,SuccessfulHandoverCount,TotalSuccessfulHandoverCount,TotalSuccessfulHandoverCountRange,TotalSuccessfulHandoverCountLoadBalancing,TotalSuccessfulHandoverCountOverload,FailedHandoverCount,TotalFailedHandoverCount,AvgQoS,MinQoS,AvgQoS_LoadBased,MinQoS_LoadBased,AvgQoS_RangeBased,MinQoS_RangeBased,GiniLoad,VehicleCount
0,0,0,0,0,0,0,0,1.0,1,1.0,1,1.0,1,0.0,0
1,16,16,0,16,0,0,0,1.0,1,1.0,1,1.0,1,0.2981687554246577,30
2,13,29,0,29,0,0,0,1.0,1,1.0,1,1.0,1,0.31202009050008755,32
3,12,41,0,41,0,0,0,1.0,1,1.0,1,1.0,1,0.29758167576404887,33
4,14,55,0,55,0,0,0,1.0,1,1.0,1,1.0,1,0.24429859528530384,34
5,14,69,0,69,0,0,0,1.0,1,1.0,1,1.0,1,0.23627451426125218,36
6,14,83,0,83,0,0,0,1.0,1,1.0,1,1.0,1,0.18702334984215796,38
7,14,97,0,97,0,0,0,1.0,1,1.0,1,1.0,1,0.2206237628079196,40
8,18,115,0,115,0,0,0,1.0,1,1.0,1,1.0,1,0.21212141986447103,40
9,10,125,0,125,0,0,0,1.0,1,1.0,1,1.0,1,0.22193539453176214,40
10,13,138,0,138,0,0,0,1.0,1,1.0,1,1.0,1,0.19367833711591895,41
11,15,153,0,153,0,0,0,1.0,1,1.0,1,1.0,1,0.18344442531478367,40
12,14,167,0,167,0,0,0,1.0,1,1.0,1,1.0,1,0.18576308354601956,39
13,12,179,1,178,0,0,0,1.0,1,1.0,1,1.0,1,0.23053542032477742,37
14,12,191,1,190,0,0,0,1.0,1,1.0,1,1.0,1,0.26158274733917625,35
15,12,203,1,202,0,0,0,1.0,1,1.0,1,1.0,1,0.17948940775518424,36
16,0,203,1,202,0,0,0,1.0,1,1.0,1,1.0,1,0.23335308478225375,34
17,0,203,1,202,0,0,0,1.0,1,1.0,1,1.0,1,0.25507260474705057,33
18,0,203,1,202,0,0,0,1.0,1,1.0,1,1.0,1,0.2709438861601905,34
19,1,204,2,202,0,0,0,1.0,1,1.0,1,1.0,1,0.2846333747974478,34
20,0,204,2,202,0,0,0,1.0,1,1.0,1,1.0,1,0.26828954494829327,34
21,0,204,2,202,0,0,0,1.0,1,1.0,1,1.0,1,0.2755138073651641,36
22,0,204,2,202,0,0,0,1.0,1,1.0,1,1.0,1,0.28108215992970675,35
23,3,207,3,204,0,0,0,1.0,1,1.0,1,1.0,1,0.2721849918932029,35
24,0,207,3,204,0,0,0,1.0,1,1.0,1,1.0,1,0.24104759359795563,35
25,6,213,7,206,0,0,0,1.0,1,1.0,1,1.0,1,0.27648710339927424,35
26,3,216,8,208,0,0,0,1.0,1,1.0,1,1.0,1,0.2873653827966038,36
27,2,218,8,210,0,0,0,1.0,1,1.0,1,1.0,1,0.23783121117156056,34
28,1,219,9,210,0,0,0,1.0,1,1.0,1,1.0,1,0.24751979942896538,35
29,1,220,9,211,0,0,0,1.0,1,1.0,1,1.0,1,0.22386517693929975,33
30,1,221,10,211,0,0,0,1.0,1,1.0,1,1.0,1,0.2553252933155116,33
31,4,225,12,213,0,0,0,1.0,1,1.0,1,1.0,1,0.28853966584919283,33
32,1,226,13,213,0,0,0,1.0,1,1.0,1,1.0,1,0.32499992036902076,32
33,0,226,13,213,0,0,0,1.0,1,1.0,1,1.0,1,0.33521276325232185,33
34,2,228,14,214,0,0,0,1.0,1,1.0,1,1.0,1,0.33248382828696155,33
35,0,228,14,214,0,0,0,1.0,1,1.0,1,1.0,1,0.3281761227080456,35
36,0,228,14,214,0,0,0,1.0,1,1.0,1,1.0,1,0.338742905318299,36
37,2,230,15,215,0,0,0,1.0,1,1.0,1,1.0,1,0.2981872831812927,37
38,1,231,15,216,0,0,0,1.0,1,1.0,1,1.0,1,0.28477457007340995,36
39,2,233,15,218,0,0,0,1.0,1,1.0,1,1.0,1,0.27456258494463254,38
40,1,234,16,218,0,0,0,1.0,1,1.0,1,1.0,1,0.26419711354014913,40
41,0,234,16,218,0,0,0,1.0,1,1.0,1,1.0,1,0.26419711354014913,40
42,2,236,18,218,0,0,0,1.0,1,1.0,1,1.0,1,0.3041583890972348,40
43,4,240,19,221,0,0,0,1.0,1,1.0,1,1.0,1,0.2965206080867816,43
44,1,241,19,222,0,0,0,1.0,1,1.0,1,1.0,1,0.28017792350874343,43
45,1,242,20,222,0,0,0,1.0,1,1.0,1,1.0,1,0.27206687357748416,44
46,1,243,20,223,0,0,0,1.0,1,1.0,1,1.0,1,0.257757466739275,44
47,0,243,20,223,0,0,0,1.0,1,1.0,1,1.0,1,0.257757466739275,44
48,1,244,21,223,0,0,0,1.0,1,1.0,1,1.0,1,0.2854406668353601,44
49,1,245,22,223,0,0,0,1.0,1,1.0,1,1.0,1,0.2717416391604294,41
50,1,246,23,223,0,0,0,1.0,1,1.0,1,1.0,1,0.30740341886449274,40
51,0,246,23,223,0,0,0,1.0,1,1.0,1,1.0,1,0.32131404694405474,38
52,1,247,24,223,0,0,0,1.0,1,1.0,1,1.0,1,0.34523260701921993,37
53,1,248,24,224,0,0,0,1.0,1,1.0,1,1.0,1,0.34167446949798297,38
54,4,252,26,226,0,0,0,1.0,1,1.0,1,1.0,1,0.3335212374807552,38
55,1,253,26,227,0,0,0,1.0,1,1.0,1,1.0,1,0.30444118269465703,38
56,0,253,26,227,0,0,0,1.0,1,1.0,1,1.0,1,0.3489616229570744,38
57,1,254,27,227,0,0,0,1.0,1,1.0,1,1.0,1,0.34358446170494944,38
58,3,257,30,227,0,0,0,1.0,1,1.0,1,1.0,1,0.3720039483304959,38
59,2,259,30,229,0,0,0,1.0,1,1.0,1,1.0,1,0.3417465430245539,40
60,2,261,31,230,0,0,0,1.0,1,1.0,1,1.0,1,0.3631253311404631,40
61,3,264,31,233,0,0,0,1.0,1,1.0,1,1.0,1,0.2884719919961472,40
62,2,266,32,234,0,0,0,1.0,1,1.0,1,1.0,1,0.2908510198382244,42
63,3,269,34,235,0,0,0,1.0,1,1.0,1,1.0,1,0.29294079424458624,40
64,0,269,34,235,0,0,0,1.0,1,1.0,1,1.0,1,0.2871900227295237,41
65,1,270,35,235,0,0,0,1.0,1,1.0,1,1.0,1,0.3064495160327626,41
66,3,273,36,237,0,0,0,1.0,1,1.0,1,1.0,1,0.2891641086587355,41
67,1,274,36,238,0,0,0,1.0,1,1.0,1,1.0,1,0.256415362120954,41
68,1,275,37,238,0,0,0,1.0,1,1.0,1,1.0,1,0.2639099441331236,41
69,1,276,38,238,0,0,0,1.0,1,1.0,1,1.0,1,0.2675756611876853,41
70,2,278,38,240,0,0,0,1.0,1,1.0,1,1.0,1,0.2498553280258813,42
71,3,281,40,241,0,0,0,1.0,1,1.0,1,1.0,1,0.262139156480572,44
72,2,283,40,243,0,0,0,1.0,1,1.0,1,1.0,1,0.2136636163134477,44
73,2,285,40,245,0,0,0,1.0,1,1.0,1,1.0,1,0.19740547288850216,46
74,0,285,40,245,0,0,0,1.0,1,1.0,1,1.0,1,0.2179765967435122,44
75,1,286,40,246,0,0,0,1.0,1,1.0,1,1.0,1,0.19440261508802434,44
76,3,289,42,247,0,0,0,1.0,1,1.0,1,1.0,1,0.27377083894380677,45
77,3,292,43,249,0,0,0,1.0,1,1.0,1,1.0,1,0.21694597175425184,44
78,1,293,43,250,0,0,0,1.0,1,1.0,1,1.0,1,0.22488992970063895,44
79,0,293,43,250,0,0,0,1.0,1,1.0,1,1.0,1,0.24579797176055188,43
80,1,294,44,250,0,0,0,1.0,1,1.0,1,1.0,1,0.23854386599575642,43
81,3,297,47,250,0,0,0,1.0,1,1.0,1,1.0,1,0.318402641385588,44
82,3,300,48,252,0,0,0,1.0,1,1.0,1,1.0,1,0.29490725301580384,45
83,3,303,50,253,0,0,0,1.0,1,1.0,1,1.0,1,0.35160035117926597,45
84,4,307,50,257,0,0,0,1.0,1,1.0,1,1.0,1,0.30858714077015476,45
85,1,308,51,257,0,0,0,1.0,1,1.0,1,1.0,1,0.3094656054693463,45
86,0,308,51,257,0,0,0,1.0,1,1.0,1,1.0,1,0.3094656054693463,45
87,0,308,51,257,0,0,0,1.0,1,1.0,1,1.0,1,0.3152463144056559,44
88,0,308,51,257,0,0,0,1.0,1,1.0,1,1.0,1,0.309269538234605,45
89,1,309,51,258,0,0,0,1.0,1,1.0,1,1.0,1,0.27885558492360274,46
90,0,309,51,258,0,0,0,1.0,1,1.0,1,1.0,1,0.30347286347225033,44
91,2,311,51,260,0,0,0,1.0,1,1.0,1,1.0,1,0.2706259829358692,45
92,0,311,51,260,0,0,0,1.0,1,1.0,1,1.0,1,0.28449063194495516,46
93,0,311,51,260,0,0,0,1.0,1,1.0,1,1.0,1,0.28449063194495516,46
94,2,313,52,261,0,0,0,1.0,1,1.0,1,1.0,1,0.2747580255044156,46
95,1,314,52,262,0,0,0,1.0,1,1.0,1,1.0,1,0.29032928789947754,46
96,2,316,53,263,0,0,0,1.0,1,1.0,1,1.0,1,0.289119698671616,46
97,1,317,53,264,0,0,0,1.0,1,1.0,1,1.0,1,0.2777660465493016,47
98,0,317,53,264,0,0,0,1.0,1,1.0,1,1.0,1,0.2777660465493016,47
99,0,317,53,264,0,0,0,1.0,1,1.0,1,1.0,1,0.29016005203601625,46
100,2,319,54,265,0,0,0,1.0,1,1.0,1,1.0,1,0.3124725053868626,48
101,2,321,55,266,0,0,0,1.0,1,1.0,1,1.0,1,0.30571091328689853,49
102,1,322,56,266,0,0,0,1.0,1,1.0,1,1.0,1,0.3118127693213765,49
103,2,324,57,267,0,0,0,1.0,1,1.0,1,1.0,1,0.29506435882082616,48
104,4,328,59,269,0,0,0,1.0,1,1.0,1,1.0,1,0.32256977201471354,49
105,3,331,61,270,0,0,0,1.0,1,1.0,1,1.0,1,0.31848414043457707,48
106,5,336,62,274,0,0,0,1.0,1,1.0,1,1.0,1,0.245999060047766,48
107,3,339,63,276,0,0,0,1.0,1,1.0,1,1.0,1,0.23672186888380264,47
108,0,339,63,276,0,0,0,1.0,1,1.0,1,1.0,1,0.2262620902395419,47
109,2,341,64,277,0,0,0,1.0,1,1.0,1,1.0,1,0.25604302507639554,47
110,2,343,66,277,0,0,0,1.0,1,1.0,1,1.0,1,0.25724340955913433,47
111,3,346,68,278,0,0,0,1.0,1,1.0,1,1.0,1,0.17143687250182488,46
112,3,349,70,279,0,0,0,1.0,1,1.0,1,1.0,1,0.1639553433541147,46
113,4,353,73,280,0,0,0,1.0,1,1.0,1,1.0,1,0.15100360327215798,45
114,1,354,74,280,0,0,0,1.0,1,1.0,1,1.0,1,0.1886017286311251,46
115,2,356,76,280,0,0,0,1.0,1,1.0,1,1.0,1,0.2244292081411592,47
116,0,356,76,280,0,0,0,1.0,1,1.0,1,1.0,1,0.20407519943080626,48
117,3,359,77,282,0,0,0,1.0,1,1.0,1,1.0,1,0.22803074185078098,48
118,1,360,77,283,0,0,0,1.0,1,1.0,1,1.0,1,0.20553735490060215,49
119,0,360,77,283,0,0,0,1.0,1,1.0,1,1.0,1,0.1907971255106644,50
120,1,361,77,284,0,0,0,1.0,1,1.0,1,1.0,1,0.18074374857145534,51
121,0,361,77,284,0,0,0,1.0,1,1.0,1,1.0,1,0.18074374857145534,51
122,1,362,78,284,0,0,0,1.0,1,1.0,1,1.0,1,0.16729142300446467,51
123,0,362,78,284,0,0,0,1.0,1,1.0,1,1.0,1,0.16729142300446467,51
124,0,362,78,284,0,0,0,1.0,1,1.0,1,1.0,1,0.16729142300446467,51
125,0,362,78,284,0,0,0,1.0,1,1.0,1,1.0,1,0.21527508654385072,50
126,6,368,81,287,0,0,0,1.0,1,1.0,1,1.0,1,0.17689339836689075,52
127,1,369,82,287,0,0,0,1.0,1,1.0,1,1.0,1,0.19765109783555984,50
128,1,370,82,288,0,0,0,1.0,1,1.0,1,1.0,1,0.19041031782498852,50
129,0,370,82,288,0,0,0,1.0,1,1.0,1,1.0,1,0.21686690157893115,52
130,3,373,83,290,0,0,0,1.0,1,1.0,1,1.0,1,0.21158482364849188,52
131,2,375,83,292,0,0,0,1.0,1,1.0,1,1.0,1,0.20658953959928697,54
132,3,378,84,294,0,0,0,1.0,1,1.0,1,1.0,1,0.2217267455883687,54
133,0,378,84,294,0,0,0,1.0,1,1.0,1,1.0,1,0.23306810713396045,52
134,4,382,86,296,0,0,0,1.0,1,1.0,1,1.0,1,0.24663459690441655,52
135,5,387,91,296,0,0,0,1.0,1,1.0,1,1.0,1,0.32340195183314013,51
136,9,396,94,302,0,0,0,1.0,1,1.0,1,1.0,1,0.2143893800358069,51
137,3,399,95,304,0,0,0,1.0,1,1.0,1,1.0,1,0.15859139384156726,50
138,4,403,96,307,0,0,0,1.0,1,1.0,1,1.0,1,0.12280696313021962,52
139,3,406,99,307,0,0,0,1.0,1,1.0,1,1.0,1,0.15535029841749107,51
140,1,407,100,307,0,0,0,1.0,1,1.0,1,1.0,1,0.14255840818669183,51
141,1,408,101,307,0,0,0,1.0,1,1.0,1,1.0,1,0.19388872872106686,50
142,5,413,104,309,0,0,0,1.0,1,1.0,1,1.0,1,0.14136326014042058,51
143,1,414,104,310,0,0,0,1.0,1,1.0,1,1.0,1,0.15463097830747052,48
144,1,415,105,310,0,0,0,1.0,1,1.0,1,1.0,1,0.1642574436497468,49
145,2,417,107,310,0,0,0,1.0,1,1.0,1,1.0,1,0.15754074659097345,47
146,4,421,109,312,0,0,0,1.0,1,1.0,1,1.0,1,0.1805236370652705,49
147,1,422,110,312,0,0,0,1.0,1,1.0,1,1.0,1,0.20809274065338762,46
148,2,424,112,312,0,0,0,1.0,1,1.0,1,1.0,1,0.19159501505950471,47
149,1,425,113,312,0,0,0,1.0,1,1.0,1,1.0,1,0.21818981880464952,46
150,1,426,114,312,0,0,0,1.0,1,1.0,1,1.0,1,0.21644026008289,47
151,5,431,114,317,0,0,0,1.0,1,1.0,1,1.0,1,0.12096254348765176,46
152,0,431,114,317,0,0,0,1.0,1,1.0,1,1.0,1,0.1280647907472428,45
153,0,431,114,317,0,0,0,1.0,1,1.0,1,1.0,1,0.14076910253114572,46
154,0,431,114,317,0,0,0,1.0,1,1.0,1,1.0,1,0.1448402282729486,44
155,3,434,116,318,0,0,0,1.0,1,1.0,1,1.0,1,0.19035491464519824,45
156,4,438,118,320,0,0,0,1.0,1,1.0,1,1.0,1,0.19960435601220364,43
157,1,439,119,320,0,0,0,1.0,1,1.0,1,1.0,1,0.2191180146836419,42
158,0,439,119,320,0,0,0,1.0,1,1.0,1,1.0,1,0.23838967438153605,43
159,3,442,121,321,0,0,0,1.0,1,1.0,1,1.0,1,0.23942097480626953,44
160,1,443,121,322,0,0,0,1.0,1,1.0,1,1.0,1,0.21610945354560607,44
161,2,445,123,322,0,0,0,1.0,1,1.0,1,1.0,1,0.2656511665015943,44
162,1,446,123,323,0,0,0,1.0,1,1.0,1,1.0,1,0.24372159093541942,44
163,6,452,128,324,0,0,0,1.0,1,1.0,1,1.0,1,0.3199612998130317,44
164,3,455,130,325,0,0,0,1.0,1,1.0,1,1.0,1,0.3546940076148173,44
165,2,457,132,325,0,0,0,1.0,1,1.0,1,1.0,1,0.3253636787944408,43
166,11,468,133,335,0,0,0,1.0,1,1.0,1,1.0,1,0.1791454115709992,43
167,0,468,133,335,0,0,0,1.0,1,1.0,1,1.0,1,0.16243595841575953,42
168,0,468,133,335,0,0,0,1.0,1,1.0,1,1.0,1,0.123812218950112,40
169,0,468,133,335,0,0,0,1.0,1,1.0,1,1.0,1,0.097476838549321,41
170,1,469,133,336,0,0,0,1.0,1,1.0,1,1.0,1,0.10398495527494667,39
171,1,470,134,336,0,0,0,1.0,1,1.0,1,1.0,1,0.15132322180618002,39
172,0,470,134,336,0,0,0,1.0,1,1.0,1,1.0,1,0.16295957413076995,38
173,2,472,135,337,0,0,0,1.0,1,1.0,1,1.0,1,0.18667186190154483,38
174,2,474,135,339,0,0,0,1.0,1,1.0,1,1.0,1,0.19980654887417887,37
175,2,476,137,339,0,0,0,1.0,1,1.0,1,1.0,1,0.26723066403837237,36
176,1,477,138,339,0,0,0,1.0,1,1.0,1,1.0,1,0.3105503664849529,36
177,1,478,139,339,0,0,0,1.0,1,1.0,1,1.0,1,0.31921925675980445,38
178,0,478,139,339,0,0,0,1.0,1,1.0,1,1.0,1,0.32752086695428656,39
179,0,478,139,339,0,0,0,1.0,1,1.0,1,1.0,1,0.34520146177011485,40
180,0,478,139,339,0,0,0,1.0,1,1.0,1,1.0,1,0.34520146177011485,40
181,4,482,139,343,0,0,0,1.0,1,1.0,1,1.0,1,0.2962048072437176,39
182,2,484,140,344,0,0,0,1.0,1,1.0,1,1.0,1,0.2745192578166422,40
183,2,486,142,344,0,0,0,1.0,1,1.0,1,1.0,1,0.32314666506792583,40
184,2,488,143,345,0,0,0,1.0,1,1.0,1,1.0,1,0.35934596310652733,38
185,2,490,144,346,0,0,0,1.0,1,1.0,1,1.0,1,0.3902417701257728,38
186,1,491,144,347,0,0,0,1.0,1,1.0,1,1.0,1,0.3478219436394588,37
187,4,495,145,350,0,0,0,1.0,1,1.0,1,1.0,1,0.322769918243204,36
188,2,497,146,351,0,0,0,1.0,1,1.0,1,1.0,1,0.30873996521549324,36
189,2,499,147,352,0,0,0,1.0,1,1.0,1,1.0,1,0.277174294107999,36
190,2,501,148,353,0,0,0,1.0,1,1.0,1,1.0,1,0.28638252956189086,36
191,1,502,149,353,0,0,0,1.0,1,1.0,1,1.0,1,0.2891660175819121,37
192,0,502,149,353,0,0,0,1.0,1,1.0,1,1.0,1,0.2891660175819121,37
193,1,503,149,354,0,0,0,1.0,1,1.0,1,1.0,1,0.262269458114563,38
194,0,503,149,354,0,0,0,1.0,1,1.0,1,1.0,1,0.2720648458054975,39
195,2,505,151,354,0,0,0,1.0,1,1.0,1,1.0,1,0.2943769054947,40
196,6,511,152,359,0,0,0,1.0,1,1.0,1,1.0,1,0.13704258172664913,40
197,0,511,152,359,0,0,0,1.0,1,1.0,1,1.0,1,0.18445708254370605,40
198,1,512,153,359,0,0,0,1.0,1,1.0,1,1.0,1,0.19997578456900617,40
199,1,513,154,359,0,0,0,1.0,1,1.0,1,1.0,1,0.20519585494291762,40
200,1,514,154,360,0,0,0,1.0,1,1.0,1,1.0,1,0.18868486931224984,40
201,2,516,156,360,0,0,0,1.0,1,1.0,1,1.0,1,0.12790036965979856,39
202,1,517,156,361,0,0,0,1.0,1,1.0,1,1.0,1,0.12142577086709329,40
203,1,518,157,361,0,0,0,1.0,1,1.0,1,1.0,1,0.11806658234018569,39
204,2,520,159,361,0,0,0,1.0,1,1.0,1,1.0,1,0.16250278049934466,38
205,2,522,161,361,0,0,0,1.0,1,1.0,1,1.0,1,0.1747394367968311,37
206,0,522,161,361,0,0,0,1.0,1,1.0,1,1.0,1,0.15849718021724188,36
207,0,522,161,361,0,0,0,1.0,1,1.0,1,1.0,1,0.1753142661729333,37
208,0,522,161,361,0,0,0,1.0,1,1.0,1,1.0,1,0.24020018648382388,36
209,0,522,161,361,0,0,0,1.0,1,1.0,1,1.0,1,0.24020018648382388,36
210,2,524,163,361,0,0,0,1.0,1,1.0,1,1.0,1,0.2813572766803633,36
211,6,530,164,366,0,0,0,1.0,1,1.0,1,1.0,1,0.3125831703096896,34
212,4,534,165,369,0,0,0,1.0,1,1.0,1,1.0,1,0.30557351107192443,34
213,1,535,165,370,0,0,0,1.0,1,1.0,1,1.0,1,0.32296343948357875,36
214,5,540,167,373,0,0,0,1.0,1,1.0,1,1.0,1,0.30651372618274125,35
215,2,542,167,375,0,0,0,1.0,1,1.0,1,1.0,1,0.2892150940917435,35
216,3,545,167,378,0,0,0,1.0,1,1.0,1,1.0,1,0.261455353730594,37
217,4,549,168,381,0,0,0,1.0,1,1.0,1,1.0,1,0.23503303140798754,37
218,4,553,171,382,0,0,0,1.0,1,1.0,1,1.0,1,0.2557717484763998,37
219,2,555,172,383,0,0,0,1.0,1,1.0,1,1.0,1,0.2428827776467661,37
220,5,560,173,387,0,0,0,1.0,1,1.0,1,1.0,1,0.3001725597465755,38
221,4,564,174,390,0,0,0,1.0,1,1.0,1,1.0,1,0.2368635888865344,39
222,2,566,175,391,0,0,0,1.0,1,1.0,1,1.0,1,0.2085279048954046,39
223,2,568,176,392,0,0,0,1.0,1,1.0,1,1.0,1,0.16403215875308572,40
224,4,572,179,393,0,0,0,1.0,1,1.0,1,1.0,1,0.2103362393749947,40
225,2,574,180,394,0,0,0,1.0,1,1.0,1,1.0,1,0.2570833885207538,39
226,4,578,184,394,0,0,0,1.0,1,1.0,1,1.0,1,0.1842904679787924,39
227,2,580,185,395,0,0,0,1.0,1,1.0,1,1.0,1,0.23412415773585074,39
228,2,582,186,396,0,0,0,1.0,1,1.0,1,1.0,1,0.22190186191971892,38
229,5,587,189,398,0,0,0,1.0,1,1.0,1,1.0,1,0.2832440623746398,39
230,2,589,191,398,0,0,0,1.0,1,1.0,1,1.0,1,0.297686607482052,38
231,3,592,192,400,0,0,0,1.0,1,1.0,1,1.0,1,0.2258399621264509,38
232,3,595,194,401,0,0,0,1.0,1,1.0,1,1.0,1,0.25286231973554635,37
233,0,595,194,401,0,0,0,1.0,1,1.0,1,1.0,1,0.2442084015602915,36
234,0,595,194,401,0,0,0,1.0,1,1.0,1,1.0,1,0.26410790341283097,34
235,3,598,195,403,0,0,0,1.0,1,1.0,1,1.0,1,0.2907130104764981,34
236,0,598,195,403,0,0,0,1.0,1,1.0,1,1.0,1,0.31899055442589547,33
237,0,598,195,403,0,0,0,1.0,1,1.0,1,1.0,1,0.3628940703754355,32
238,0,598,195,403,0,0,0,1.0,1,1.0,1,1.0,1,0.36572515901743574,32
239,2,600,197,403,0,0,0,1.0,1,1.0,1,1.0,1,0.43427978543585793,31
240,0,600,197,403,0,0,0,1.0,1,1.0,1,1.0,1,0.48549142638973086,28
241,6,606,199,407,0,0,0,1.0,1,1.0,1,1.0,1,0.34834447603908303,27
242,1,607,199,408,0,0,0,1.0,1,1.0,1,1.0,1,0.2893682530258909,29
243,2,609,200,409,0,0,0,1.0,1,1.0,1,1.0,1,0.2597370623179744,28
244,0,609,200,409,0,0,0,1.0,1,1.0,1,1.0,1,0.24053880609463824,28
245,1,610,200,410,0,0,0,1.0,1,1.0,1,1.0,1,0.15223212853361534,27
246,2,612,202,410,0,0,0,1.0,1,1.0,1,1.0,1,0.20208574092589066,25
247,0,612,202,410,0,0,0,1.0,1,1.0,1,1.0,1,0.21390046864264756,26
248,1,613,202,411,0,0,0,1.0,1,1.0,1,1.0,1,0.22690835480741922,27
249,1,614,203,411,0,0,0,1.0,1,1.0,1,1.0,1,0.2529211373587799,26
250,1,615,203,412,0,0,0,1.0,1,1.0,1,1.0,1,0.2640669241971132,27
251,1,616,203,413,0,0,0,1.0,1,1.0,1,1.0,1,0.27294068335829186,28
252,3,619,205,414,0,0,0,1.0,1,1.0,1,1.0,1,0.303221293577914,28
253,1,620,206,414,0,0,0,1.0,1,1.0,1,1.0,1,0.2945586406491626,28
254,1,621,206,415,0,0,0,1.0,1,1.0,1,1.0,1,0.30020957455537794,29
255,1,622,207,415,0,0,0,1.0,1,1.0,1,1.0,1,0.3272226693783266,30
256,1,623,207,416,0,0,0,1.0,1,1.0,1,1.0,1,0.3157356973133049,30
257,3,626,208,418,0,0,0,1.0,1,1.0,1,1.0,1,0.3125853125633779,32
258,1,627,209,418,0,0,0,1.0,1,1.0,1,1.0,1,0.28761533504702097,32
259,0,627,209,418,0,0,0,1.0,1,1.0,1,1.0,1,0.28761533504702097,32
260,0,627,209,418,0,0,0,1.0,1,1.0,1,1.0,1,0.25339266657293513,34
261,0,627,209,418,0,0,0,1.0,1,1.0,1,1.0,1,0.2687681774568874,35
262,3,630,211,419,0,0,0,1.0,1,1.0,1,1.0,1,0.32466817310575713,36
263,0,630,211,419,0,0,0,1.0,1,1.0,1,1.0,1,0.316868271301924,34
264,2,632,213,419,0,0,0,1.0,1,1.0,1,1.0,1,0.37816071673949775,34
265,0,632,213,419,0,0,0,1.0,1,1.0,1,1.0,1,0.4150021370549711,33
266,1,633,214,419,0,0,0,1.0,1,1.0,1,1.0,1,0.43251308108892145,34
267,0,633,214,419,0,0,0,1.0,1,1.0,1,1.0,1,0.4322126328566491,33
268,1,634,214,420,0,0,0,1.0,1,1.0,1,1.0,1,0.43230993897011044,34
269,2,636,215,421,0,0,0,1.0,1,1.0,1,1.0,1,0.41182919077946945,34
270,2,638,215,423,0,0,0,1.0,1,1.0,1,1.0,1,0.3824805556649087,36
271,2,640,215,425,0,0,0,1.0,1,1.0,1,1.0,1,0.34165202156900354,36
272,2,642,215,427,0,0,0,1.0,1,1.0,1,1.0,1,0.31617542115340264,38
273,0,642,215,427,0,0,0,1.0,1,1.0,1,1.0,1,0.31617542115340264,38
274,2,644,217,427,0,0,0,1.0,1,1.0,1,1.0,1,0.357789023971619,38
275,3,647,218,429,0,0,0,1.0,1,1.0,1,1.0,1,0.30646336277854014,38
276,0,647,218,429,0,0,0,1.0,1,1.0,1,1.0,1,0.3072863703981847,39
277,2,649,219,430,0,0,0,1.0,1,1.0,1,1.0,1,0.2950269641507192,38
278,1,650,219,431,0,0,0,1.0,1,1.0,1,1.0,1,0.2523034334076713,38
279,0,650,219,431,0,0,0,1.0,1,1.0,1,1.0,1,0.24173292467198526,38
280,0,650,219,431,0,0,0,1.0,1,1.0,1,1.0,1,0.2487264261593287,38
281,0,650,219,431,0,0,0,1.0,1,1.0,1,1.0,1,0.24362900581611374,38
282,1,651,219,432,0,0,0,1.0,1,1.0,1,1.0,1,0.2254220642358193,38
283,0,651,219,432,0,0,0,1.0,1,1.0,1,1.0,1,0.2254220642358193,38
284,0,651,219,432,0,0,0,1.0,1,1.0,1,1.0,1,0.21637328535778885,39
285,1,652,220,432,0,0,0,1.0,1,1.0,1,1.0,1,0.263356890578036,39
286,1,653,220,433,0,0,0,1.0,1,1.0,1,1.0,1,0.24954478355774448,39
287,2,655,221,434,0,0,0,1.0,1,1.0,1,1.0,1,0.31798583214321785,39
288,2,657,221,436,0,0,0,1.0,1,1.0,1,1.0,1,0.26207737373068674,39
289,1,658,222,436,0,0,0,1.0,1,1.0,1,1.0,1,0.27450768124878133,39
290,0,658,222,436,0,0,0,1.0,1,1.0,1,1.0,1,0.2747807963334587,39
291,1,659,222,437,0,0,0,1.0,1,1.0,1,1.0,1,0.25643420365664016,39
292,2,661,222,439,0,0,0,1.0,1,1.0,1,1.0,1,0.23125381056997946,40
293,2,663,223,440,0,0,0,1.0,1,1.0,1,1.0,1,0.2215298402158573,41
294,2,665,224,441,0,0,0,1.0,1,1.0,1,1.0,1,0.21637170381179963,40
295,3,668,226,442,0,0,0,1.0,1,1.0,1,1.0,1,0.2464139432037852,42
296,4,672,228,444,0,0,0,1.0,1,1.0,1,1.0,1,0.30924795416987955,42
297,7,679,230,449,0,0,0,1.0,1,1.0,1,1.0,1,0.2705738712644862,43
298,4,683,231,452,0,0,0,1.0,1,1.0,1,1.0,1,0.2661201835467879,44
299,1,684,231,453,0,0,0,1.0,1,1.0,1,1.0,1,0.27588483823474236,44
300,1,685,231,454,0,0,0,1.0,1,1.0,1,1.0,1,0.28311123838543056,45
301,6,691,232,459,0,0,0,1.0,1,1.0,1,1.0,1,0.1606930925081082,47
302,4,695,234,461,0,0,0,1.0,1,1.0,1,1.0,1,0.16790486158011556,46
303,2,697,236,461,0,0,0,1.0,1,1.0,1,1.0,1,0.19626980505297079,45
304,3,700,239,461,0,0,0,1.0,1,1.0,1,1.0,1,0.22713438996568208,45
305,0,700,239,461,0,0,0,1.0,1,1.0,1,1.0,1,0.21806504762519544,43
306,4,704,240,464,0,0,0,1.0,1,1.0,1,1.0,1,0.20102649585442275,44
307,1,705,241,464,0,0,0,1.0,1,1.0,1,1.0,1,0.219097635130499,42
308,1,706,242,464,0,0,0,1.0,1,1.0,1,1.0,1,0.1841341658929997,41
309,0,706,242,464,0,0,0,1.0,1,1.0,1,1.0,1,0.19547982385640902,42
310,0,706,242,464,0,0,0,1.0,1,1.0,1,1.0,1,0.19688747605246235,41
311,0,706,242,464,0,0,0,1.0,1,1.0,1,1.0,1,0.19688747605246235,41
312,1,707,242,465,0,0,0,1.0,1,1.0,1,1.0,1,0.21197265589387015,44
313,0,707,242,465,0,0,0,1.0,1,1.0,1,1.0,1,0.21491799599723246,43
314,1,708,243,465,0,0,0,1.0,1,1.0,1,1.0,1,0.2191377836082594,43
315,1,709,244,465,0,0,0,1.0,1,1.0,1,1.0,1,0.24688845678811314,43
316,2,711,244,467,0,0,0,1.0,1,1.0,1,1.0,1,0.1968310559462703,43
317,2,713,244,469,0,0,0,1.0,1,1.0,1,1.0,1,0.18142245475396676,44
318,3,716,246,470,0,0,0,1.0,1,1.0,1,1.0,1,0.2479323499487228,45
319,2,718,246,472,0,0,0,1.0,1,1.0,1,1.0,1,0.18486141649990828,46
320,2,720,247,473,0,0,0,1.0,1,1.0,1,1.0,1,0.21946229196144448,45
321,1,721,248,473,0,0,0,1.0,1,1.0,1,1.0,1,0.18087751783914677,44
322,0,721,248,473,0,0,0,1.0,1,1.0,1,1.0,1,0.17711568060869062,42
323,3,724,250,474,0,0,0,1.0,1,1.0,1,1.0,1,0.21025242273274153,42
324,0,724,250,474,0,0,0,1.0,1,1.0,1,1.0,1,0.21963271986090566,43
325,2,726,252,474,0,0,0,1.0,1,1.0,1,1.0,1,0.26228773968118435,43
326,1,727,252,475,0,0,0,1.0,1,1.0,1,1.0,1,0.25388703651719574,43
327,2,729,254,475,0,0,0,1.0,1,1.0,1,1.0,1,0.30169248579302815,44
328,2,731,255,476,0,0,0,1.0,1,1.0,1,1.0,1,0.31652136039419704,44
329,0,731,255,476,0,0,0,1.0,1,1.0,1,1.0,1,0.29754387749314926,45
330,0,731,255,476,0,0,0,1.0,1,1.0,1,1.0,1,0.2957337393125122,46
331,7,738,256,482,0,0,0,1.0,1,1.0,1,1.0,1,0.20192889150649077,46
332,2,740,256,484,0,0,0,1.0,1,1.0,1,1.0,1,0.16468901683460768,47
333,0,740,256,484,0,0,0,1.0,1,1.0,1,1.0,1,0.17825854600392585,48
334,0,740,256,484,0,0,0,1.0,1,1.0,1,1.0,1,0.17825854600392585,48
335,1,741,256,485,0,0,0,1.0,1,1.0,1,1.0,1,0.17100268037754346,49
336,3,744,256,488,0,0,0,1.0,1,1.0,1,1.0,1,0.17428428289630213,50
337,2,746,256,490,0,0,0,1.0,1,1.0,1,1.0,1,0.1626049835948368,51
338,1,747,256,491,0,0,0,1.0,1,1.0,1,1.0,1,0.15007928621195052,51
339,0,747,256,491,0,0,0,1.0,1,1.0,1,1.0,1,0.15007928621195052,51
340,1,748,257,491,0,0,0,1.0,1,1.0,1,1.0,1,0.15753434254318396,51
341,0,748,257,491,0,0,0,1.0,1,1.0,1,1.0,1,0.15989818484692395,51
342,1,749,258,491,0,0,0,1.0,1,1.0,1,1.0,1,0.17796607346254115,51
343,0,749,258,491,0,0,0,1.0,1,1.0,1,1.0,1,0.19354057185966936,51
344,1,750,259,491,0,0,0,1.0,1,1.0,1,1.0,1,0.2354087837296602,50
345,0,750,259,491,0,0,0,1.0,1,1.0,1,1.0,1,0.2354087837296602,50
346,5,755,261,494,0,0,0,1.0,1,1.0,1,1.0,1,0.24073087299654777,50
347,1,756,261,495,0,0,0,1.0,1,1.0,1,1.0,1,0.23086844801469117,51
348,2,758,263,495,0,0,0,1.0,1,1.0,1,1.0,1,0.21800623070773606,52
349,2,760,265,495,0,0,0,1.0,1,1.0,1,1.0,1,0.23537616632489633,54
350,4,764,265,499,0,0,0,1.0,1,1.0,1,1.0,1,0.2534099485822418,54
351,4,768,267,501,0,0,0,1.0,1,1.0,1,1.0,1,0.24211813895895762,54
352,4,772,267,505,0,0,0,1.0,1,1.0,1,1.0,1,0.2170954076401871,56
353,2,774,269,505,0,0,0,1.0,1,1.0,1,1.0,1,0.18286997392690832,54
354,1,775,269,506,0,0,0,1.0,1,1.0,1,1.0,1,0.15956962183181828,53
355,2,777,271,506,0,0,0,1.0,1,1.0,1,1.0,1,0.17081727839277955,54
356,1,778,272,506,0,0,0,1.0,1,1.0,1,1.0,1,0.1861191988533758,54
357,3,781,275,506,0,0,0,1.0,1,1.0,1,1.0,1,0.22657771745913843,53
358,0,781,275,506,0,0,0,1.0,1,1.0,1,1.0,1,0.26099427616791054,49
359,0,781,275,506,0,0,0,1.0,1,1.0,1,1.0,1,0.2516195676077853,48
360,0,781,275,506,0,0,0,1.0,1,1.0,1,1.0,1,0.26987331812411386,47
361,2,783,275,508,0,0,0,1.0,1,1.0,1,1.0,1,0.21638097194571004,46
362,0,783,275,508,0,0,0,1.0,1,1.0,1,1.0,1,0.2188013312757012,46
363,0,783,275,508,0,0,0,1.0,1,1.0,1,1.0,1,0.23491683532576232,47
364,3,786,277,509,0,0,0,1.0,1,1.0,1,1.0,1,0.2507345193911109,47
365,2,788,278,510,0,0,0,1.0,1,1.0,1,1.0,1,0.25241323257330045,47
366,3,791,280,511,0,0,0,1.0,1,1.0,1,1.0,1,0.2863048363849447,50
367,0,791,280,511,0,0,0,1.0,1,1.0,1,1.0,1,0.2863048363849447,50
368,1,792,280,512,0,0,0,1.0,1,1.0,1,1.0,1,0.25920686138691074,51
369,0,792,280,512,0,0,0,1.0,1,1.0,1,1.0,1,0.2763418910717261,51
370,1,793,280,513,0,0,0,1.0,1,1.0,1,1.0,1,0.2729035282101042,51
371,1,794,280,514,0,0,0,1.0,1,1.0,1,1.0,1,0.3029487946273964,52
372,0,794,280,514,0,0,0,1.0,1,1.0,1,1.0,1,0.2964496116763183,53
373,3,797,282,515,0,0,0,1.0,1,1.0,1,1.0,1,0.29487741857621713,53
374,6,803,283,520,0,0,0,1.0,1,1.0,1,1.0,1,0.20423034354322162,53
375,6,809,287,522,0,0,0,1.0,1,1.0,1,1.0,1,0.20976830221934611,53
376,3,812,288,524,0,0,0,1.0,1,1.0,1,1.0,1,0.17768551588348588,53
377,2,814,290,524,0,0,0,1.0,1,1.0,1,1.0,1,0.17062827209683729,53
378,1,815,291,524,0,0,0,1.0,1,1.0,1,1.0,1,0.16871818903549873,53
379,1,816,292,524,0,0,0,1.0,1,1.0,1,1.0,1,0.18434918374910725,54
380,0,816,292,524,0,0,0,1.0,1,1.0,1,1.0,1,0.18434918374910725,54
381,1,817,293,524,0,0,0,1.0,1,1.0,1,1.0,1,0.20600713207070173,54
382,0,817,293,524,0,0,0,1.0,1,1.0,1,1.0,1,0.215659019033804,55
383,3,820,294,526,0,0,0,1.0,1,1.0,1,1.0,1,0.17487964189160918,55
384,4,824,295,529,0,0,0,1.0,1,1.0,1,1.0,1,0.14122094111126363,54
385,1,825,296,529,0,0,0,1.0,1,1.0,1,1.0,1,0.15666929625954,52
386,2,827,298,529,0,0,0,1.0,1,1.0,1,1.0,1,0.17203143093756584,52
387,4,831,300,531,0,0,0,1.0,1,1.0,1,1.0,1,0.14381440745570617,50
388,3,834,302,532,0,0,0,1.0,1,1.0,1,1.0,1,0.17009693915447888,52
389,2,836,303,533,0,0,0,1.0,1,1.0,1,1.0,1,0.148504726150927,51
390,1,837,304,533,0,0,0,1.0,1,1.0,1,1.0,1,0.1747516839964262,50
391,2,839,305,534,0,0,0,1.0,1,1.0,1,1.0,1,0.14708371438311038,49
392,2,841,306,535,0,0,0,1.0,1,1.0,1,1.0,1,0.16495861064405062,47
393,4,845,307,538,0,0,0,1.0,1,1.0,1,1.0,1,0.1932788114543207,47
394,2,847,309,538,0,0,0,1.0,1,1.0,1,1.0,1,0.2474708142110963,48
395,3,850,311,539,0,0,0,1.0,1,1.0,1,1.0,1,0.3091346679172559,46
396,5,855,313,542,0,0,0,1.0,1,1.0,1,1.0,1,0.275921365871264,43
397,0,855,313,542,0,0,0,1.0,1,1.0,1,1.0,1,0.29850172863287183,42
398,1,856,314,542,0,0,0,1.0,1,1.0,1,1.0,1,0.37311300037643313,40
399,0,856,314,542,0,0,0,1.0,1,1.0,1,1.0,1,0.36335383701392077,39
400,1,857,315,542,0,0,0,1.0,1,1.0,1,1.0,1,0.33682449704018125,38
401,1,858,316,542,0,0,0,1.0,1,1.0,1,1.0,1,0.3596883797581186,37
402,1,859,317,542,0,0,0,1.0,1,1.0,1,1.0,1,0.3501625886872153,36
403,1,860,318,542,0,0,0,1.0,1,1.0,1,1.0,1,0.3129468655848544,38
404,2,862,320,542,0,0,0,1.0,1,1.0,1,1.0,1,0.39052768593369575,39
405,2,864,320,544,0,0,0,1.0,1,1.0,1,1.0,1,0.3363230392581328,40
406,4,868,321,547,0,0,0,1.0,1,1.0,1,1.0,1,0.27592522787906126,41
407,0,868,321,547,0,0,0,1.0,1,1.0,1,1.0,1,0.2594394268975016,42
408,0,868,321,547,0,0,0,1.0,1,1.0,1,1.0,1,0.24870572487924236,43
409,3,871,321,550,0,0,0,1.0,1,1.0,1,1.0,1,0.17236524598289854,44
410,0,871,321,550,0,0,0,1.0,1,1.0,1,1.0,1,0.19117494674266278,46
411,1,872,322,550,0,0,0,1.0,1,1.0,1,1.0,1,0.21381081743122643,46
412,1,873,323,550,0,0,0,1.0,1,1.0,1,1.0,1,0.2303994108004019,47
413,0,873,323,550,0,0,0,1.0,1,1.0,1,1.0,1,0.2303994108004019,47
414,0,873,323,550,0,0,0,1.0,1,1.0,1,1.0,1,0.2303994108004019,47
415,2,875,323,552,0,0,0,1.0,1,1.0,1,1.0,1,0.21406200015634255,48
416,0,875,323,552,0,0,0,1.0,1,1.0,1,1.0,1,0.22088377172570056,49
417,2,877,323,554,0,0,0,1.0,1,1.0,1,1.0,1,0.18627717298523885,49
418,2,879,324,555,0,0,0,1.0,1,1.0,1,1.0,1,0.21766144708950336,50
419,0,879,324,555,0,0,0,1.0,1,1.0,1,1.0,1,0.21766144708950336,50
420,3,882,324,558,0,0,0,1.0,1,1.0,1,1.0,1,0.21481464888687832,50
421,1,883,324,559,0,0,0,1.0,1,1.0,1,1.0,1,0.1944359937641909,50
422,1,884,324,560,0,0,0,1.0,1,1.0,1,1.0,1,0.20148977282335048,50
423,3,887,326,561,0,0,0,1.0,1,1.0,1,1.0,1,0.22832544468121663,51
424,1,888,326,562,0,0,0,1.0,1,1.0,1,1.0,1,0.2100930983991257,49
425,3,891,328,563,0,0,0,1.0,1,1.0,1,1.0,1,0.243980379376486,48
426,2,893,329,564,0,0,0,1.0,1,1.0,1,1.0,1,0.22199397462619988,50
427,1,894,330,564,0,0,0,1.0,1,1.0,1,1.0,1,0.2590114723982305,48
428,7,901,333,568,0,0,0,1.0,1,1.0,1,1.0,1,0.2681337673068385,49
429,2,903,334,569,0,0,0,1.0,1,1.0,1,1.0,1,0.25375066185914974,45
430,2,905,334,571,0,0,0,1.0,1,1.0,1,1.0,1,0.219502025521833,44
431,2,907,336,571,0,0,0,1.0,1,1.0,1,1.0,1,0.26593335757804126,42
432,1,908,337,571,0,0,0,1.0,1,1.0,1,1.0,1,0.28792916946302033,40
433,1,909,338,571,0,0,0,1.0,1,1.0,1,1.0,1,0.29685586978178663,39
434,1,910,338,572,0,0,0,1.0,1,1.0,1,1.0,1,0.2872834669203798,39
435,3,913,341,572,0,0,0,1.0,1,1.0,1,1.0,1,0.36496290057093517,38
436,7,920,342,578,0,0,0,1.0,1,1.0,1,1.0,1,0.22879095964031512,38
437,2,922,342,580,0,0,0,1.0,1,1.0,1,1.0,1,0.19779116666928842,39
438,1,923,342,581,0,0,0,1.0,1,1.0,1,1.0,1,0.17715684928037753,38
439,3,926,342,584,0,0,0,1.0,1,1.0,1,1.0,1,0.14947945481887223,39
440,1,927,342,585,0,0,0,1.0,1,1.0,1,1.0,1,0.1755218249473069,39
441,5,932,344,588,0,0,0,1.0,1,1.0,1,1.0,1,0.16539625368691782,41
442,4,936,344,592,0,0,0,1.0,1,1.0,1,1.0,1,0.15682549291824618,42
443,2,938,345,593,0,0,0,1.0,1,1.0,1,1.0,1,0.17070087097365524,42
444,3,941,345,596,0,0,0,1.0,1,1.0,1,1.0,1,0.1488167093861138,43
445,4,945,345,600,0,0,0,1.0,1,1.0,1,1.0,1,0.1443047132181331,44
446,2,947,345,602,0,0,0,1.0,1,1.0,1,1.0,1,0.12400697145171931,44
447,4,951,346,605,0,0,0,1.0,1,1.0,1,1.0,1,0.1657899953929293,47
448,5,956,347,609,0,0,0,1.0,1,1.0,1,1.0,1,0.21697475887355114,46
449,2,958,347,611,0,0,0,1.0,1,1.0,1,1.0,1,0.18655868821804764,46
450,4,962,347,615,0,0,0,1.0,1,1.0,1,1.0,1,0.24329924014623197,46
451,4,966,347,619,0,0,0,1.0,1,1.0,1,1.0,1,0.19791691253170576,47
452,0,966,347,619,0,0,0,1.0,1,1.0,1,1.0,1,0.21325257819837462,47
453,0,966,347,619,0,0,0,1.0,1,1.0,1,1.0,1,0.21325257819837462,47
454,0,966,347,619,0,0,0,1.0,1,1.0,1,1.0,1,0.23032123754786857,46
455,3,969,349,620,0,0,0,1.0,1,1.0,1,1.0,1,0.24207861993748922,47
456,2,971,349,622,0,0,0,1.0,1,1.0,1,1.0,1,0.2026482952780444,49
457,2,973,350,623,0,0,0,1.0,1,1.0,1,1.0,1,0.2052206500189404,50
458,0,973,350,623,0,0,0,1.0,1,1.0,1,1.0,1,0.2052206500189404,50
459,1,974,350,624,0,0,0,1.0,1,1.0,1,1.0,1,0.20719565764086417,52
460,0,974,350,624,0,0,0,1.0,1,1.0,1,1.0,1,0.21612241137563237,53
461,6,980,350,630,0,0,0,1.0,1,1.0,1,1.0,1,0.1765603208768128,54
462,2,982,350,632,0,0,0,1.0,1,1.0,1,1.0,1,0.1741054967043213,54
463,6,988,352,636,0,0,0,1.0,1,1.0,1,1.0,1,0.16528792184560503,55
464,6,994,354,640,0,0,0,1.0,1,1.0,1,1.0,1,0.17340090488188184,56
465,2,996,354,642,0,0,0,1.0,1,1.0,1,1.0,1,0.1549422895749656,54
466,5,1001,358,643,0,0,0,1.0,1,1.0,1,1.0,1,0.1710351963158589,54
467,4,1005,361,644,0,0,0,1.0,1,1.0,1,1.0,1,0.16486100189891878,51
468,1,1006,362,644,0,0,0,1.0,1,1.0,1,1.0,1,0.16407052724181898,51
469,1,1007,363,644,0,0,0,1.0,1,1.0,1,1.0,1,0.1910911035959819,48
470,2,1009,365,644,0,0,0,1.0,1,1.0,1,1.0,1,0.15968177421470606,47
471,4,1013,369,644,0,0,0,1.0,1,1.0,1,1.0,1,0.2700592446465418,44
472,5,1018,373,645,0,0,0,1.0,1,1.0,1,1.0,1,0.2783466822841391,43
473,3,1021,375,646,0,0,0,1.0,1,1.0,1,1.0,1,0.2908467080294673,41
474,1,1022,376,646,0,0,0,1.0,1,1.0,1,1.0,1,0.2863575293045952,39
475,2,1024,377,647,0,0,0,1.0,1,1.0,1,1.0,1,0.25517921966783824,40
476,3,1027,380,647,0,0,0,1.0,1,1.0,1,1.0,1,0.29448779833403527,38
477,0,1027,380,647,0,0,0,1.0,1,1.0,1,1.0,1,0.30445674530229,35
478,0,1027,380,647,0,0,0,1.0,1,1.0,1,1.0,1,0.2790307814365801,35
479,1,1028,381,647,0,0,0,1.0,1,1.0,1,1.0,1,0.35035958475905066,32
480,0,1028,381,647,0,0,0,1.0,1,1.0,1,1.0,1,0.3522996344777374,32
481,2,1030,381,649,0,0,0,1.0,1,1.0,1,1.0,1,0.30684203021382556,33
482,3,1033,382,651,0,0,0,1.0,1,1.0,1,1.0,1,0.2781242676266871,34
483,1,1034,383,651,0,0,0,1.0,1,1.0,1,1.0,1,0.26753303359312586,32
484,2,1036,383,653,0,0,0,1.0,1,1.0,1,1.0,1,0.2028451697112241,33
485,3,1039,384,655,0,0,0,1.0,1,1.0,1,1.0,1,0.18766288564114525,34
486,0,1039,384,655,0,0,0,1.0,1,1.0,1,1.0,1,0.23551948897689604,36
487,0,1039,384,655,0,0,0,1.0,1,1.0,1,1.0,1,0.23551948897689604,36
488,1,1040,384,656,0,0,0,1.0,1,1.0,1,1.0,1,0.23960437043519883,37
489,6,1046,386,660,0,0,0,1.0,1,1.0,1,1.0,1,0.25047079770840097,38
490,1,1047,387,660,0,0,0,1.0,1,1.0,1,1.0,1,0.25722757619263026,38
491,0,1047,387,660,0,0,0,1.0,1,1.0,1,1.0,1,0.2594141191369835,37
492,1,1048,388,660,0,0,0,1.0,1,1.0,1,1.0,1,0.27908832262589767,37
493,0,1048,388,660,0,0,0,1.0,1,1.0,1,1.0,1,0.27908832262589767,37
494,5,1053,390,663,0,0,0,1.0,1,1.0,1,1.0,1,0.24546658620613412,39
495,0,1053,390,663,0,0,0,1.0,1,1.0,1,1.0,1,0.25154298123528346,40
496,1,1054,390,664,0,0,0,1.0,1,1.0,1,1.0,1,0.223084537476227,40
497,2,1056,390,666,0,0,0,1.0,1,1.0,1,1.0,1,0.18049082299179348,43
498,0,1056,390,666,0,0,0,1.0,1,1.0,1,1.0,1,0.18049082299179348,43
499,1,1057,391,666,0,0,0,1.0,1,1.0,1,1.0,1,0.2074145969925004,44
500,2,1059,392,667,0,0,0,1.0,1,1.0,1,1.0,1,0.18136674914580903,45
501,1,1060,393,667,0,0,0,1.0,1,1.0,1,1.0,1,0.2055395636039433,45
502,2,1062,395,667,0,0,0,1.0,1,1.0,1,1.0,1,0.22356382473802022,45
503,2,1064,397,667,0,0,0,1.0,1,1.0,1,1.0,1,0.2552873571229645,46
504,4,1068,400,668,0,0,0,1.0,1,1.0,1,1.0,1,0.29994961593837444,47
505,0,1068,400,668,0,0,0,1.0,1,1.0,1,1.0,1,0.3247127789207483,42
506,1,1069,401,668,0,0,0,1.0,1,1.0,1,1.0,1,0.32703884476656875,41
507,0,1069,401,668,0,0,0,1.0,1,1.0,1,1.0,1,0.32844567854095746,38
508,2,1071,403,668,0,0,0,1.0,1,1.0,1,1.0,1,0.40458699652369995,38
509,1,1072,404,668,0,0,0,1.0,1,1.0,1,1.0,1,0.4547554069873559,37
510,2,1074,404,670,0,0,0,1.0,1,1.0,1,1.0,1,0.43123609224603426,36
511,3,1077,404,673,0,0,0,1.0,1,1.0,1,1.0,1,0.35049002124428175,34
512,0,1077,404,673,0,0,0,1.0,1,1.0,1,1.0,1,0.336591271583101,32
513,0,1077,404,673,0,0,0,1.0,1,1.0,1,1.0,1,0.336591271583101,32
514,1,1078,404,674,0,0,0,1.0,1,1.0,1,1.0,1,0.3064626720502264,35
515,2,1080,404,676,0,0,0,1.0,1,1.0,1,1.0,1,0.27628631235617757,35
516,4,1084,404,680,0,0,0,1.0,1,1.0,1,1.0,1,0.237687587270209,36
517,0,1084,404,680,0,0,0,1.0,1,1.0,1,1.0,1,0.237687587270209,36
518,0,1084,404,680,0,0,0,1.0,1,1.0,1,1.0,1,0.2711112706557916,39
519,1,1085,404,681,0,0,0,1.0,1,1.0,1,1.0,1,0.2655301607108634,39
520,3,1088,404,684,0,0,0,1.0,1,1.0,1,1.0,1,0.27999764257569343,39
521,1,1089,404,685,0,0,0,1.0,1,1.0,1,1.0,1,0.2535506840860355,40
522,2,1091,404,687,0,0,0,1.0,1,1.0,1,1.0,1,0.2349382058551897,40
523,1,1092,405,687,0,0,0,1.0,1,1.0,1,1.0,1,0.23139957042823442,41
524,0,1092,405,687,0,0,0,1.0,1,1.0,1,1.0,1,0.23139957042823442,41
525,3,1095,406,689,0,0,0,1.0,1,1.0,1,1.0,1,0.24012951763535395,40
526,3,1098,406,692,0,0,0,1.0,1,1.0,1,1.0,1,0.19877597058693078,40
527,2,1100,407,693,0,0,0,1.0,1,1.0,1,1.0,1,0.21618687461841823,40
528,2,1102,408,694,0,0,0,1.0,1,1.0,1,1.0,1,0.24496625437202463,40
529,1,1103,408,695,0,0,0,1.0,1,1.0,1,1.0,1,0.24597784695185498,39
530,1,1104,409,695,0,0,0,1.0,1,1.0,1,1.0,1,0.2366281082280133,39
531,3,1107,410,697,0,0,0,1.0,1,1.0,1,1.0,1,0.2534096091979173,39
532,0,1107,410,697,0,0,0,1.0,1,1.0,1,1.0,1,0.260849083844715,40
533,2,1109,411,698,0,0,0,1.0,1,1.0,1,1.0,1,0.2809598058296688,40
534,2,1111,411,700,0,0,0,1.0,1,1.0,1,1.0,1,0.2880915504951431,42
535,3,1114,412,702,0,0,0,1.0,1,1.0,1,1.0,1,0.32463588088929946,42
536,3,1117,412,705,0,0,0,1.0,1,1.0,1,1.0,1,0.3341182987439178,43
537,3,1120,412,708,0,0,0,1.0,1,1.0,1,1.0,1,0.3437044002504529,43
538,2,1122,412,710,0,0,0,1.0,1,1.0,1,1.0,1,0.34885349503863167,44
539,0,1122,412,710,0,0,0,1.0,1,1.0,1,1.0,1,0.34885349503863167,44
540,3,1125,412,713,0,0,0,1.0,1,1.0,1,1.0,1,0.3433676532834736,44
541,5,1130,413,717,0,0,0,1.0,1,1.0,1,1.0,1,0.24604141263863702,45
542,4,1134,414,720,0,0,0,1.0,1,1.0,1,1.0,1,0.20150321374578598,46
543,1,1135,415,720,0,0,0,1.0,1,1.0,1,1.0,1,0.2518811767019919,43
544,2,1137,417,720,0,0,0,1.0,1,1.0,1,1.0,1,0.26715168441215814,42
545,2,1139,418,721,0,0,0,1.0,1,1.0,1,1.0,1,0.25568294782456547,43
546,1,1140,419,721,0,0,0,1.0,1,1.0,1,1.0,1,0.3011999546602474,41
547,0,1140,419,721,0,0,0,1.0,1,1.0,1,1.0,1,0.2693773197451091,40
548,5,1145,423,722,0,0,0,1.0,1,1.0,1,1.0,1,0.3677049582187162,40
549,2,1147,424,723,0,0,0,1.0,1,1.0,1,1.0,1,0.39047419057341626,39
550,0,1147,424,723,0,0,0,1.0,1,1.0,1,1.0,1,0.37285622672228236,38
551,1,1148,425,723,0,0,0,1.0,1,1.0,1,1.0,1,0.3834170616900488,38
552,1,1149,426,723,0,0,0,1.0,1,1.0,1,1.0,1,0.410883443224352,39
553,0,1149,426,723,0,0,0,1.0,1,1.0,1,1.0,1,0.4043240883253217,38
554,4,1153,427,726,0,0,0,1.0,1,1.0,1,1.0,1,0.3731128628590203,39
555,0,1153,427,726,0,0,0,1.0,1,1.0,1,1.0,1,0.3819345477265439,39
556,5,1158,427,731,0,0,0,1.0,1,1.0,1,1.0,1,0.3063219090463734,40
557,1,1159,427,732,0,0,0,1.0,1,1.0,1,1.0,1,0.321714580992034,40
558,1,1160,427,733,0,0,0,1.0,1,1.0,1,1.0,1,0.2915142015948509,40
559,2,1162,429,733,0,0,0,1.0,1,1.0,1,1.0,1,0.3177560341202753,40
560,2,1164,429,735,0,0,0,1.0,1,1.0,1,1.0,1,0.2979599110920251,41
561,3,1167,431,736,0,0,0,1.0,1,1.0,1,1.0,1,0.2816399632104293,42
562,4,1171,432,739,0,0,0,1.0,1,1.0,1,1.0,1,0.28898840752487204,42
563,2,1173,433,740,0,0,0,1.0,1,1.0,1,1.0,1,0.30739252819141033,42
564,1,1174,433,741,0,0,0,1.0,1,1.0,1,1.0,1,0.3211372451963402,43
565,5,1179,434,745,0,0,0,1.0,1,1.0,1,1.0,1,0.33873196970696845,44
566,3,1182,434,748,0,0,0,1.0,1,1.0,1,1.0,1,0.33619948715829606,45
567,1,1183,434,749,0,0,0,1.0,1,1.0,1,1.0,1,0.32908808230092085,45
568,3,1186,434,752,0,0,0,1.0,1,1.0,1,1.0,1,0.25228290478127935,46
569,2,1188,435,753,0,0,0,1.0,1,1.0,1,1.0,1,0.2524349880016606,47
570,1,1189,436,753,0,0,0,1.0,1,1.0,1,1.0,1,0.2907231518697589,48
571,2,1191,436,755,0,0,0,1.0,1,1.0,1,1.0,1,0.2577785682888964,48
572,1,1192,436,756,0,0,0,1.0,1,1.0,1,1.0,1,0.25596065242915156,47
573,0,1192,436,756,0,0,0,1.0,1,1.0,1,1.0,1,0.261956976144129,49
574,0,1192,436,756,0,0,0,1.0,1,1.0,1,1.0,1,0.261956976144129,49
575,1,1193,436,757,0,0,0,1.0,1,1.0,1,1.0,1,0.23263740195897126,50
576,2,1195,436,759,0,0,0,1.0,1,1.0,1,1.0,1,0.20357244195567684,51
577,0,1195,436,759,0,0,0,1.0,1,1.0,1,1.0,1,0.20357244195567684,51
578,0,1195,436,759,0,0,0,1.0,1,1.0,1,1.0,1,0.20357244195567684,51
579,1,1196,437,759,0,0,0,1.0,1,1.0,1,1.0,1,0.19094936863485676,52
580,2,1198,437,761,0,0,0,1.0,1,1.0,1,1.0,1,0.1693143218604371,52
581,1,1199,437,762,0,0,0,1.0,1,1.0,1,1.0,1,0.14128549851467612,52
582,0,1199,437,762,0,0,0,1.0,1,1.0,1,1.0,1,0.1520552617441365,53
583,3,1202,438,764,0,0,0,1.0,1,1.0,1,1.0,1,0.12012530318265101,51
584,2,1204,439,765,0,0,0,1.0,1,1.0,1,1.0,1,0.1493030387522496,51
585,3,1207,442,765,0,0,0,1.0,1,1.0,1,1.0,1,0.21640083986846934,49
586,1,1208,443,765,0,0,0,1.0,1,1.0,1,1.0,1,0.18545531679467425,49
587,1,1209,444,765,0,0,0,1.0,1,1.0,1,1.0,1,0.22378771603374656,48
588,2,1211,446,765,0,0,0,1.0,1,1.0,1,1.0,1,0.3045586556763473,46
589,7,1218,449,769,0,0,0,1.0,1,1.0,1,1.0,1,0.2634968267439078,48
590,3,1221,450,771,0,0,0,1.0,1,1.0,1,1.0,1,0.20462129573809032,47
591,2,1223,452,771,0,0,0,1.0,1,1.0,1,1.0,1,0.243875690260945,48
592,3,1226,452,774,0,0,0,1.0,1,1.0,1,1.0,1,0.20364687692957037,47
593,2,1228,454,774,0,0,0,1.0,1,1.0,1,1.0,1,0.2480294736188043,45
594,0,1228,454,774,0,0,0,1.0,1,1.0,1,1.0,1,0.23214799399302152,44
595,2,1230,456,774,0,0,0,1.0,1,1.0,1,1.0,1,0.27259328953089457,43
596,4,1234,458,776,0,0,0,1.0,1,1.0,1,1.0,1,0.2848593559003468,44
597,0,1234,458,776,0,0,0,1.0,1,1.0,1,1.0,1,0.26930871547890517,43
598,2,1236,459,777,0,0,0,1.0,1,1.0,1,1.0,1,0.26433134261099944,45
599,3,1239,461,778,0,0,0,1.0,1,1.0,1,1.0,1,0.23946621147604,44
600,3,1242,462,780,0,0,0,1.0,1,1.0,1,1.0,1,0.2231401441240761,44
601,1,1243,462,781,0,0,0,1.0,1,1.0,1,1.0,1,0.21142008531381043,45
602,1,1244,463,781,0,0,0,1.0,1,1.0,1,1.0,1,0.2630802464112364,46
603,1,1245,463,782,0,0,0,1.0,1,1.0,1,1.0,1,0.2573063490910733,46
604,0,1245,463,782,0,0,0,1.0,1,1.0,1,1.0,1,0.2581149003110348,47
605,1,1246,464,782,0,0,0,1.0,1,1.0,1,1.0,1,0.25020653549351546,47
606,1,1247,464,783,0,0,0,1.0,1,1.0,1,1.0,1,0.2420642532533939,47
607,0,1247,464,783,0,0,0,1.0,1,1.0,1,1.0,1,0.24621178492872436,48
608,1,1248,464,784,0,0,0,1.0,1,1.0,1,1.0,1,0.23740146146768482,47
609,1,1249,464,785,0,0,0,1.0,1,1.0,1,1.0,1,0.22505537912626372,48
610,1,1250,464,786,0,0,0,1.0,1,1.0,1,1.0,1,0.21170472029938175,48
611,2,1252,466,786,0,0,0,1.0,1,1.0,1,1.0,1,0.19361326618220023,49
612,3,1255,466,789,0,0,0,1.0,1,1.0,1,1.0,1,0.19117336446222588,50
613,0,1255,466,789,0,0,0,1.0,1,1.0,1,1.0,1,0.19117336446222588,50
614,0,1255,466,789,0,0,0,1.0,1,1.0,1,1.0,1,0.19117336446222588,50
615,1,1256,467,789,0,0,0,1.0,1,1.0,1,1.0,1,0.19140309984826273,50
616,5,1261,468,793,0,0,0,1.0,1,1.0,1,1.0,1,0.14636630742246098,50
617,0,1261,468,793,0,0,0,1.0,1,1.0,1,1.0,1,0.14608581064558865,52
618,2,1263,470,793,0,0,0,1.0,1,1.0,1,1.0,1,0.13891734067164532,52
619,3,1266,471,795,0,0,0,1.0,1,1.0,1,1.0,1,0.17592883468108766,50
620,1,1267,471,796,0,0,0,1.0,1,1.0,1,1.0,1,0.1564760635827075,50
621,1,1268,472,796,0,0,0,1.0,1,1.0,1,1.0,1,0.18054941613514625,49
622,0,1268,472,796,0,0,0,1.0,1,1.0,1,1.0,1,0.19706783924584648,49
623,1,1269,473,796,0,0,0,1.0,1,1.0,1,1.0,1,0.22340963594220728,48
624,5,1274,476,798,0,0,0,1.0,1,1.0,1,1.0,1,0.2784297836001334,46
625,4,1278,478,800,0,0,0,1.0,1,1.0,1,1.0,1,0.22811151271451127,45
626,2,1280,480,800,0,0,0,1.0,1,1.0,1,1.0,1,0.2588006614916108,44
627,2,1282,482,800,0,0,0,1.0,1,1.0,1,1.0,1,0.28503417997261704,44
628,3,1285,484,801,0,0,0,1.0,1,1.0,1,1.0,1,0.2077144642870559,44
629,0,1285,484,801,0,0,0,1.0,1,1.0,1,1.0,1,0.20421673605625953,41
630,1,1286,485,801,0,0,0,1.0,1,1.0,1,1.0,1,0.2754602150351157,40
631,4,1290,487,803,0,0,0,1.0,1,1.0,1,1.0,1,0.2383482491003028,38
632,3,1293,490,803,0,0,0,1.0,1,1.0,1,1.0,1,0.28068041445495095,38
633,1,1294,491,803,0,0,0,1.0,1,1.0,1,1.0,1,0.3542791763568788,36
634,1,1295,492,803,0,0,0,1.0,1,1.0,1,1.0,1,0.37174890151191886,35
635,0,1295,492,803,0,0,0,1.0,1,1.0,1,1.0,1,0.37174890151191886,35
636,0,1295,492,803,0,0,0,1.0,1,1.0,1,1.0,1,0.3823946909946126,36
637,1,1296,492,804,0,0,0,1.0,1,1.0,1,1.0,1,0.3573117272503741,35
638,1,1297,493,804,0,0,0,1.0,1,1.0,1,1.0,1,0.37688784873707004,34
639,3,1300,494,806,0,0,0,1.0,1,1.0,1,1.0,1,0.311912858957123,36
640,4,1304,495,809,0,0,0,1.0,1,1.0,1,1.0,1,0.2744663114737678,37
641,0,1304,495,809,0,0,0,1.0,1,1.0,1,1.0,1,0.2744663114737678,37
642,0,1304,495,809,0,0,0,1.0,1,1.0,1,1.0,1,0.2415614266381681,38
643,0,1304,495,809,0,0,0,1.0,1,1.0,1,1.0,1,0.25232869663236374,39
644,1,1305,496,809,0,0,0,1.0,1,1.0,1,1.0,1,0.27599409020994914,39
645,0,1305,496,809,0,0,0,1.0,1,1.0,1,1.0,1,0.27078548270982167,39
646,5,1310,498,812,0,0,0,1.0,1,1.0,1,1.0,1,0.28144398204345955,40
647,2,1312,498,814,0,0,0,1.0,1,1.0,1,1.0,1,0.2555689241340479,40
648,1,1313,498,815,0,0,0,1.0,1,1.0,1,1.0,1,0.22574924581244224,40
649,0,1313,498,815,0,0,0,1.0,1,1.0,1,1.0,1,0.22574924581244224,40
650,2,1315,499,816,0,0,0,1.0,1,1.0,1,1.0,1,0.24150794624832647,41
651,4,1319,500,819,0,0,0,1.0,1,1.0,1,1.0,1,0.2094497075269292,42
652,2,1321,500,821,0,0,0,1.0,1,1.0,1,1.0,1,0.23294201235895615,41
653,0,1321,500,821,0,0,0,1.0,1,1.0,1,1.0,1,0.23294201235895615,41
654,1,1322,500,822,0,0,0,1.0,1,1.0,1,1.0,1,0.23761866680355348,42
655,0,1322,500,822,0,0,0,1.0,1,1.0,1,1.0,1,0.23380647881632577,45
656,4,1326,504,822,0,0,0,1.0,1,1.0,1,1.0,1,0.3343353647262121,45
657,0,1326,504,822,0,0,0,1.0,1,1.0,1,1.0,1,0.3082179213416245,43
658,4,1330,506,824,0,0,0,1.0,1,1.0,1,1.0,1,0.34537608038144973,43
659,1,1331,506,825,0,0,0,1.0,1,1.0,1,1.0,1,0.3049324288540887,43
660,9,1340,508,832,0,0,0,1.0,1,1.0,1,1.0,1,0.3536759215520946,43
661,1,1341,508,833,0,0,0,1.0,1,1.0,1,1.0,1,0.32655304421441234,41
662,3,1344,510,834,0,0,0,1.0,1,1.0,1,1.0,1,0.3631182030530786,40
663,0,1344,510,834,0,0,0,1.0,1,1.0,1,1.0,1,0.35147471854764323,39
664,3,1347,511,836,0,0,0,1.0,1,1.0,1,1.0,1,0.3296208557352961,36
665,2,1349,511,838,0,0,0,1.0,1,1.0,1,1.0,1,0.2518942891389986,36
666,1,1350,511,839,0,0,0,1.0,1,1.0,1,1.0,1,0.22246945244864397,36
667,2,1352,512,840,0,0,0,1.0,1,1.0,1,1.0,1,0.1889939918927723,35
668,4,1356,515,841,0,0,0,1.0,1,1.0,1,1.0,1,0.18630426395571845,34
669,3,1359,518,841,0,0,0,1.0,1,1.0,1,1.0,1,0.22350929256090568,34
670,1,1360,519,841,0,0,0,1.0,1,1.0,1,1.0,1,0.2589740577950556,32
671,1,1361,520,841,0,0,0,1.0,1,1.0,1,1.0,1,0.2705393641415098,33
672,0,1361,520,841,0,0,0,1.0,1,1.0,1,1.0,1,0.2959285860104186,32
673,0,1361,520,841,0,0,0,1.0,1,1.0,1,1.0,1,0.2959285860104186,32
674,1,1362,521,841,0,0,0,1.0,1,1.0,1,1.0,1,0.3372885513377942,32
675,3,1365,522,843,0,0,0,1.0,1,1.0,1,1.0,1,0.30262171530245313,34
676,4,1369,522,847,0,0,0,1.0,1,1.0,1,1.0,1,0.1868396864390186,35
677,1,1370,523,847,0,0,0,1.0,1,1.0,1,1.0,1,0.18731522874232742,35
678,1,1371,523,848,0,0,0,1.0,1,1.0,1,1.0,1,0.18264225517727947,35
679,1,1372,524,848,0,0,0,1.0,1,1.0,1,1.0,1,0.245512686233492,36
680,1,1373,525,848,0,0,0,1.0,1,1.0,1,1.0,1,0.2036894154654199,37
681,0,1373,525,848,0,0,0,1.0,1,1.0,1,1.0,1,0.2036894154654199,37
682,2,1375,526,849,0,0,0,1.0,1,1.0,1,1.0,1,0.19256720707816546,37
683,5,1380,527,853,0,0,0,1.0,1,1.0,1,1.0,1,0.2037166633214125,38
684,5,1385,528,857,0,0,0,1.0,1,1.0,1,1.0,1,0.23737025048030694,39
685,2,1387,528,859,0,0,0,1.0,1,1.0,1,1.0,1,0.23838860838577183,38
686,5,1392,528,864,0,0,0,1.0,1,1.0,1,1.0,1,0.25692503739323724,37
687,4,1396,528,868,0,0,0,1.0,1,1.0,1,1.0,1,0.28108980262421057,38
688,4,1400,528,872,0,0,0,1.0,1,1.0,1,1.0,1,0.28213269278191105,37
689,5,1405,529,876,0,0,0,1.0,1,1.0,1,1.0,1,0.27097118723678987,39
690,5,1410,529,881,0,0,0,1.0,1,1.0,1,1.0,1,0.2472771984533917,38
691,3,1413,530,883,0,0,0,1.0,1,1.0,1,1.0,1,0.18229923399447928,38
692,1,1414,531,883,0,0,0,1.0,1,1.0,1,1.0,1,0.21680732942110387,38
693,2,1416,532,884,0,0,0,1.0,1,1.0,1,1.0,1,0.20201306295585664,40
694,2,1418,534,884,0,0,0,1.0,1,1.0,1,1.0,1,0.2652847498358113,42
695,2,1420,535,885,0,0,0,1.0,1,1.0,1,1.0,1,0.2373476732888512,40
696,2,1422,536,886,0,0,0,1.0,1,1.0,1,1.0,1,0.27219011934014653,39
697,0,1422,536,886,0,0,0,1.0,1,1.0,1,1.0,1,0.2758478195843851,39
698,1,1423,537,886,0,0,0,1.0,1,1.0,1,1.0,1,0.3016722551428538,37
699,1,1424,537,887,0,0,0,1.0,1,1.0,1,1.0,1,0.2601539197273217,37
700,3,1427,538,889,0,0,0,1.0,1,1.0,1,1.0,1,0.2790385953519584,37
701,2,1429,539,890,0,0,0,1.0,1,1.0,1,1.0,1,0.27622321343618583,37
702,0,1429,539,890,0,0,0,1.0,1,1.0,1,1.0,1,0.27327465801719697,38
703,5,1434,541,893,0,0,0,1.0,1,1.0,1,1.0,1,0.22070746438481392,36
704,5,1439,545,894,0,0,0,1.0,1,1.0,1,1.0,1,0.2742375516000791,36
705,1,1440,546,894,0,0,0,1.0,1,1.0,1,1.0,1,0.2727742023336891,36
706,4,1444,549,895,0,0,0,1.0,1,1.0,1,1.0,1,0.2776012741940412,35
707,3,1447,551,896,0,0,0,1.0,1,1.0,1,1.0,1,0.2741503571495303,36
708,4,1451,554,897,0,0,0,1.0,1,1.0,1,1.0,1,0.2557129185051597,36
709,1,1452,555,897,0,0,0,1.0,1,1.0,1,1.0,1,0.2507904999403501,34
710,1,1453,556,897,0,0,0,1.0,1,1.0,1,1.0,1,0.23532985740898177,34
711,0,1453,556,897,0,0,0,1.0,1,1.0,1,1.0,1,0.23614041068467734,34
712,3,1456,557,899,0,0,0,1.0,1,1.0,1,1.0,1,0.20417597524317344,35
713,1,1457,558,899,0,0,0,1.0,1,1.0,1,1.0,1,0.21126236472982204,34
714,1,1458,559,899,0,0,0,1.0,1,1.0,1,1.0,1,0.2198507469623316,34
715,0,1458,559,899,0,0,0,1.0,1,1.0,1,1.0,1,0.23498291224351436,35
716,0,1458,559,899,0,0,0,1.0,1,1.0,1,1.0,1,0.23832921062726992,33
717,3,1461,562,899,0,0,0,1.0,1,1.0,1,1.0,1,0.3676715005886221,33
718,2,1463,563,900,0,0,0,1.0,1,1.0,1,1.0,1,0.39710590205421675,32
719,1,1464,563,901,0,0,0,1.0,1,1.0,1,1.0,1,0.3632035587395321,32
720,1,1465,564,901,0,0,0,1.0,1,1.0,1,1.0,1,0.3546450876990321,33
721,4,1469,565,904,0,0,0,1.0,1,1.0,1,1.0,1,0.27730743915921563,33
722,5,1474,567,907,0,0,0,1.0,1,1.0,1,1.0,1,0.27286815738137354,34
723,1,1475,567,908,0,0,0,1.0,1,1.0,1,1.0,1,0.25230036247125776,34
724,0,1475,567,908,0,0,0,1.0,1,1.0,1,1.0,1,0.2706079511528351,36
725,0,1475,567,908,0,0,0,1.0,1,1.0,1,1.0,1,0.2706079511528351,36
726,0,1475,567,908,0,0,0,1.0,1,1.0,1,1.0,1,0.2706079511528351,36
727,0,1475,567,908,0,0,0,1.0,1,1.0,1,1.0,1,0.2706079511528351,36
728,1,1476,568,908,0,0,0,1.0,1,1.0,1,1.0,1,0.2859033326326411,37
729,0,1476,568,908,0,0,0,1.0,1,1.0,1,1.0,1,0.2851601118272976,37
730,2,1478,568,910,0,0,0,1.0,1,1.0,1,1.0,1,0.24661959747452283,38
731,0,1478,568,910,0,0,0,1.0,1,1.0,1,1.0,1,0.26491341674511876,39
732,1,1479,568,911,0,0,0,1.0,1,1.0,1,1.0,1,0.22638172552464783,41
733,1,1480,569,911,0,0,0,1.0,1,1.0,1,1.0,1,0.20468737039332952,39
734,1,1481,570,911,0,0,0,1.0,1,1.0,1,1.0,1,0.24410608388266225,39
735,2,1483,571,912,0,0,0,1.0,1,1.0,1,1.0,1,0.23543777166663657,39
736,1,1484,571,913,0,0,0,1.0,1,1.0,1,1.0,1,0.229047159803235,38
737,1,1485,572,913,0,0,0,1.0,1,1.0,1,1.0,1,0.26753194995845725,39
738,0,1485,572,913,0,0,0,1.0,1,1.0,1,1.0,1,0.30768166735209723,37
739,1,1486,573,913,0,0,0,1.0,1,1.0,1,1.0,1,0.34066870689956535,37
740,0,1486,573,913,0,0,0,1.0,1,1.0,1,1.0,1,0.31630790459555713,35
741,0,1486,573,913,0,0,0,1.0,1,1.0,1,1.0,1,0.2955009234093545,33
742,2,1488,574,914,0,0,0,1.0,1,1.0,1,1.0,1,0.33389483341793486,35
743,3,1491,576,915,0,0,0,1.0,1,1.0,1,1.0,1,0.3500073916473224,35
744,3,1494,579,915,0,0,0,1.0,1,1.0,1,1.0,1,0.28857280555635134,34
745,1,1495,580,915,0,0,0,1.0,1,1.0,1,1.0,1,0.32536013746935505,34
746,3,1498,583,915,0,0,0,1.0,1,1.0,1,1.0,1,0.31954801347157635,33
747,2,1500,584,916,0,0,0,1.0,1,1.0,1,1.0,1,0.2645961870412992,32
748,1,1501,584,917,0,0,0,1.0,1,1.0,1,1.0,1,0.24790628365368603,33
749,0,1501,584,917,0,0,0,1.0,1,1.0,1,1.0,1,0.24790628365368603,33
750,2,1503,585,918,0,0,0,1.0,1,1.0,1,1.0,1,0.25767470904813555,34
751,1,1504,585,919,0,0,0,1.0,1,1.0,1,1.0,1,0.2367453120535365,36
752,0,1504,585,919,0,0,0,1.0,1,1.0,1,1.0,1,0.23704586192087265,35
753,3,1507,587,920,0,0,0,1.0,1,1.0,1,1.0,1,0.27733347103859424,37
754,3,1510,589,921,0,0,0,1.0,1,1.0,1,1.0,1,0.2960025441879774,37
755,2,1512,590,922,0,0,0,1.0,1,1.0,1,1.0,1,0.2788632986745481,35
756,5,1517,591,926,0,0,0,1.0,1,1.0,1,1.0,1,0.2810758041635908,36
757,0,1517,591,926,0,0,0,1.0,1,1.0,1,1.0,1,0.2739387848018347,35
758,0,1517,591,926,0,0,0,1.0,1,1.0,1,1.0,1,0.2800412996265459,36
759,1,1518,591,927,0,0,0,1.0,1,1.0,1,1.0,1,0.26552856335594704,37
760,1,1519,591,928,0,0,0,1.0,1,1.0,1,1.0,1,0.2558698175198549,36
761,0,1519,591,928,0,0,0,1.0,1,1.0,1,1.0,1,0.2558698175198549,36
762,0,1519,591,928,0,0,0,1.0,1,1.0,1,1.0,1,0.2636918044726764,37
763,0,1519,591,928,0,0,0,1.0,1,1.0,1,1.0,1,0.2751889397404675,38
764,0,1519,591,928,0,0,0,1.0,1,1.0,1,1.0,1,0.2751889397404675,38
765,0,1519,591,928,0,0,0,1.0,1,1.0,1,1.0,1,0.2751889397404675,38
766,1,1520,591,929,0,0,0,1.0,1,1.0,1,1.0,1,0.24318763186129347,40
767,0,1520,591,929,0,0,0,1.0,1,1.0,1,1.0,1,0.25195004837729096,41
768,2,1522,592,930,0,0,0,1.0,1,1.0,1,1.0,1,0.2632069529482641,41
769,2,1524,592,932,0,0,0,1.0,1,1.0,1,1.0,1,0.2420268530102231,42
770,2,1526,593,933,0,0,0,1.0,1,1.0,1,1.0,1,0.2447233259652563,41
771,0,1526,593,933,0,0,0,1.0,1,1.0,1,1.0,1,0.27755870243237357,41
772,2,1528,595,933,0,0,0,1.0,1,1.0,1,1.0,1,0.28946761334908594,41
773,0,1528,595,933,0,0,0,1.0,1,1.0,1,1.0,1,0.26059616337818486,41
774,2,1530,597,933,0,0,0,1.0,1,1.0,1,1.0,1,0.2851491659567396,42
775,2,1532,597,935,0,0,0,1.0,1,1.0,1,1.0,1,0.2604023715142762,42
776,1,1533,597,936,0,0,0,1.0,1,1.0,1,1.0,1,0.276383005778483,42
777,1,1534,597,937,0,0,0,1.0,1,1.0,1,1.0,1,0.2598778815675269,42
778,2,1536,599,937,0,0,0,1.0,1,1.0,1,1.0,1,0.28761029254534687,44
779,1,1537,599,938,0,0,0,1.0,1,1.0,1,1.0,1,0.2794473996597062,44
780,0,1537,599,938,0,0,0,1.0,1,1.0,1,1.0,1,0.2794473996597062,44
781,1,1538,599,939,0,0,0,1.0,1,1.0,1,1.0,1,0.26023886670616464,46
782,3,1541,601,940,0,0,0,1.0,1,1.0,1,1.0,1,0.29876272326061776,45
783,1,1542,602,940,0,0,0,1.0,1,1.0,1,1.0,1,0.2941081018220424,44
784,1,1543,603,940,0,0,0,1.0,1,1.0,1,1.0,1,0.3339033650861528,44
785,2,1545,604,941,0,0,0,1.0,1,1.0,1,1.0,1,0.3211077174571595,43
786,1,1546,605,941,0,0,0,1.0,1,1.0,1,1.0,1,0.3108885256071928,43
787,0,1546,605,941,0,0,0,1.0,1,1.0,1,1.0,1,0.3108885256071928,43
788,6,1552,607,945,0,0,0,1.0,1,1.0,1,1.0,1,0.31863951709771887,45
789,2,1554,608,946,0,0,0,1.0,1,1.0,1,1.0,1,0.2890562866146597,46
790,0,1554,608,946,0,0,0,1.0,1,1.0,1,1.0,1,0.3220440085667549,45
791,0,1554,608,946,0,0,0,1.0,1,1.0,1,1.0,1,0.33691342057621215,46
792,2,1556,608,948,0,0,0,1.0,1,1.0,1,1.0,1,0.29981350835049814,46
793,0,1556,608,948,0,0,0,1.0,1,1.0,1,1.0,1,0.29981350835049814,46
794,2,1558,609,949,0,0,0,1.0,1,1.0,1,1.0,1,0.3257397999744171,47
795,0,1558,609,949,0,0,0,1.0,1,1.0,1,1.0,1,0.3257397999744171,47
796,6,1564,610,954,0,0,0,1.0,1,1.0,1,1.0,1,0.2690275879441803,46
797,4,1568,612,956,0,0,0,1.0,1,1.0,1,1.0,1,0.23708278182253392,47
798,2,1570,613,957,0,0,0,1.0,1,1.0,1,1.0,1,0.23914199460323654,48
799,0,1570,613,957,0,0,0,1.0,1,1.0,1,1.0,1,0.23914199460323654,48
800,1,1571,614,957,0,0,0,1.0,1,1.0,1,1.0,1,0.2476405415134457,48
801,1,1572,614,958,0,0,0,1.0,1,1.0,1,1.0,1,0.2590073776251851,49
802,1,1573,614,959,0,0,0,1.0,1,1.0,1,1.0,1,0.22451620183413076,50
803,0,1573,614,959,0,0,0,1.0,1,1.0,1,1.0,1,0.2298561271783284,49
804,2,1575,616,959,0,0,0,1.0,1,1.0,1,1.0,1,0.2070148179672691,50
805,0,1575,616,959,0,0,0,1.0,1,1.0,1,1.0,1,0.2070148179672691,50
806,0,1575,616,959,0,0,0,1.0,1,1.0,1,1.0,1,0.2070148179672691,50
807,2,1577,617,960,0,0,0,1.0,1,1.0,1,1.0,1,0.2196736118337045,51
808,4,1581,618,963,0,0,0,1.0,1,1.0,1,1.0,1,0.19696671336849952,51
809,1,1582,619,963,0,0,0,1.0,1,1.0,1,1.0,1,0.17705492891914626,51
810,1,1583,620,963,0,0,0,1.0,1,1.0,1,1.0,1,0.18634281897872834,52
811,1,1584,620,964,0,0,0,1.0,1,1.0,1,1.0,1,0.14555165513829652,50
812,1,1585,621,964,0,0,0,1.0,1,1.0,1,1.0,1,0.19366450237971428,48
813,3,1588,622,966,0,0,0,1.0,1,1.0,1,1.0,1,0.19181096327610694,49
814,0,1588,622,966,0,0,0,1.0,1,1.0,1,1.0,1,0.1677204361200493,48
815,5,1593,625,968,0,0,0,1.0,1,1.0,1,1.0,1,0.23351826374375578,48
816,2,1595,626,969,0,0,0,1.0,1,1.0,1,1.0,1,0.2098770998808218,46
817,0,1595,626,969,0,0,0,1.0,1,1.0,1,1.0,1,0.2502192746901468,44
818,0,1595,626,969,0,0,0,1.0,1,1.0,1,1.0,1,0.24801221656537523,46
819,0,1595,626,969,0,0,0,1.0,1,1.0,1,1.0,1,0.257876774097239,44
820,0,1595,626,969,0,0,0,1.0,1,1.0,1,1.0,1,0.2843938583147869,44
821,0,1595,626,969,0,0,0,1.0,1,1.0,1,1.0,1,0.2843938583147869,44
822,2,1597,627,970,0,0,0,1.0,1,1.0,1,1.0,1,0.2949692037077405,44
823,1,1598,628,970,0,0,0,1.0,1,1.0,1,1.0,1,0.28546699755591903,42
824,4,1602,632,970,0,0,0,1.0,1,1.0,1,1.0,1,0.28333374630070673,42
825,1,1603,633,970,0,0,0,1.0,1,1.0,1,1.0,1,0.28232375180717506,40
826,7,1610,638,972,0,0,0,1.0,1,1.0,1,1.0,1,0.2754199912355314,41
827,4,1614,639,975,0,0,0,1.0,1,1.0,1,1.0,1,0.21177261731675492,40
828,3,1617,641,976,0,0,0,1.0,1,1.0,1,1.0,1,0.2086363741386775,40
829,0,1617,641,976,0,0,0,1.0,1,1.0,1,1.0,1,0.2316577368807185,42
830,3,1620,643,977,0,0,0,1.0,1,1.0,1,1.0,1,0.2576352358645722,42
831,3,1623,644,979,0,0,0,1.0,1,1.0,1,1.0,1,0.22159968943335936,43
832,1,1624,645,979,0,0,0,1.0,1,1.0,1,1.0,1,0.22350407658492846,42
833,1,1625,646,979,0,0,0,1.0,1,1.0,1,1.0,1,0.24967939967742198,41
834,2,1627,647,980,0,0,0,1.0,1,1.0,1,1.0,1,0.2657063382690048,41
835,1,1628,647,981,0,0,0,1.0,1,1.0,1,1.0,1,0.2477305086666612,41
836,1,1629,647,982,0,0,0,1.0,1,1.0,1,1.0,1,0.2414487105657142,40
837,0,1629,647,982,0,0,0,1.0,1,1.0,1,1.0,1,0.23604563779692725,41
838,0,1629,647,982,0,0,0,1.0,1,1.0,1,1.0,1,0.23604563779692725,41
839,2,1631,648,983,0,0,0,1.0,1,1.0,1,1.0,1,0.21837306477124807,41
840,4,1635,649,986,0,0,0,1.0,1,1.0,1,1.0,1,0.20075563774817234,42
841,0,1635,649,986,0,0,0,1.0,1,1.0,1,1.0,1,0.20075563774817234,42
842,2,1637,651,986,0,0,0,1.0,1,1.0,1,1.0,1,0.25599270876801034,42
843,3,1640,652,988,0,0,0,1.0,1,1.0,1,1.0,1,0.219934210913627,42
844,2,1642,652,990,0,0,0,1.0,1,1.0,1,1.0,1,0.22744826917133484,42
845,2,1644,654,990,0,0,0,1.0,1,1.0,1,1.0,1,0.3004362796944707,44
846,4,1648,655,993,0,0,0,1.0,1,1.0,1,1.0,1,0.29533801152431643,44
847,1,1649,655,994,0,0,0,1.0,1,1.0,1,1.0,1,0.2673080932929887,42
848,2,1651,655,996,0,0,0,1.0,1,1.0,1,1.0,1,0.30125226626426466,43
849,0,1651,655,996,0,0,0,1.0,1,1.0,1,1.0,1,0.3056299348396723,43
850,1,1652,655,997,0,0,0,1.0,1,1.0,1,1.0,1,0.31813884916007423,41
851,2,1654,657,997,0,0,0,1.0,1,1.0,1,1.0,1,0.2789923946725964,40
852,2,1656,658,998,0,0,0,1.0,1,1.0,1,1.0,1,0.2678647466383572,40
853,1,1657,659,998,0,0,0,1.0,1,1.0,1,1.0,1,0.2889147013817166,40
854,2,1659,660,999,0,0,0,1.0,1,1.0,1,1.0,1,0.2726033892252797,40
855,1,1660,661,999,0,0,0,1.0,1,1.0,1,1.0,1,0.2860587877652489,41
856,5,1665,662,1003,0,0,0,1.0,1,1.0,1,1.0,1,0.1736487370931956,41
857,0,1665,662,1003,0,0,0,1.0,1,1.0,1,1.0,1,0.16435487443965738,42
858,0,1665,662,1003,0,0,0,1.0,1,1.0,1,1.0,1,0.17475240228477631,43
859,0,1665,662,1003,0,0,0,1.0,1,1.0,1,1.0,1,0.17475240228477631,43
860,2,1667,664,1003,0,0,0,1.0,1,1.0,1,1.0,1,0.1897495401975237,44
861,2,1669,665,1004,0,0,0,1.0,1,1.0,1,1.0,1,0.20032283881088017,44
862,1,1670,666,1004,0,0,0,1.0,1,1.0,1,1.0,1,0.20307140597168447,44
863,5,1675,668,1007,0,0,0,1.0,1,1.0,1,1.0,1,0.22709815336297348,44
864,3,1678,669,1009,0,0,0,1.0,1,1.0,1,1.0,1,0.23022618982500495,44
865,1,1679,670,1009,0,0,0,1.0,1,1.0,1,1.0,1,0.23014262417232553,43
866,3,1682,672,1010,0,0,0,1.0,1,1.0,1,1.0,1,0.28784227225869713,45
867,1,1683,672,1011,0,0,0,1.0,1,1.0,1,1.0,1,0.25405196924404255,44
868,1,1684,672,1012,0,0,0,1.0,1,1.0,1,1.0,1,0.24832158333338072,45
869,2,1686,674,1012,0,0,0,1.0,1,1.0,1,1.0,1,0.2947838961120903,44
870,0,1686,674,1012,0,0,0,1.0,1,1.0,1,1.0,1,0.2947838961120903,44
871,5,1691,675,1016,0,0,0,1.0,1,1.0,1,1.0,1,0.13982743258992414,43
872,1,1692,675,1017,0,0,0,1.0,1,1.0,1,1.0,1,0.1404972897567774,43
873,1,1693,676,1017,0,0,0,1.0,1,1.0,1,1.0,1,0.1453078948061581,43
874,8,1701,678,1023,0,0,0,1.0,1,1.0,1,1.0,1,0.14251267751819507,46
875,1,1702,679,1023,0,0,0,1.0,1,1.0,1,1.0,1,0.14621996916027954,43
876,2,1704,680,1024,0,0,0,1.0,1,1.0,1,1.0,1,0.17470488290609826,44
877,4,1708,680,1028,0,0,0,1.0,1,1.0,1,1.0,1,0.13961486825922775,44
878,2,1710,681,1029,0,0,0,1.0,1,1.0,1,1.0,1,0.17104133116224207,44
879,2,1712,682,1030,0,0,0,1.0,1,1.0,1,1.0,1,0.13994906126042767,44
880,4,1716,685,1031,0,0,0,1.0,1,1.0,1,1.0,1,0.22586460042887108,44
881,2,1718,685,1033,0,0,0,1.0,1,1.0,1,1.0,1,0.21101092124646462,43
882,4,1722,687,1035,0,0,0,1.0,1,1.0,1,1.0,1,0.21072216382542686,45
883,1,1723,687,1036,0,0,0,1.0,1,1.0,1,1.0,1,0.24859056200265287,45
884,0,1723,687,1036,0,0,0,1.0,1,1.0,1,1.0,1,0.2537352166549218,45
885,2,1725,687,1038,0,0,0,1.0,1,1.0,1,1.0,1,0.24251451897851128,43
886,4,1729,688,1041,0,0,0,1.0,1,1.0,1,1.0,1,0.22725330879264602,43
887,1,1730,688,1042,0,0,0,1.0,1,1.0,1,1.0,1,0.19390885553486087,41
888,0,1730,688,1042,0,0,0,1.0,1,1.0,1,1.0,1,0.21796408733260145,40
889,5,1735,692,1043,0,0,0,1.0,1,1.0,1,1.0,1,0.24513886051718803,40
890,0,1735,692,1043,0,0,0,1.0,1,1.0,1,1.0,1,0.25786129980872297,38
891,1,1736,693,1043,0,0,0,1.0,1,1.0,1,1.0,1,0.26654125437860976,39
892,3,1739,695,1044,0,0,0,1.0,1,1.0,1,1.0,1,0.3076104845515487,39
893,2,1741,697,1044,0,0,0,1.0,1,1.0,1,1.0,1,0.3167556851234647,37
894,0,1741,697,1044,0,0,0,1.0,1,1.0,1,1.0,1,0.30975825831858494,36
895,0,1741,697,1044,0,0,0,1.0,1,1.0,1,1.0,1,0.3189040738326509,37
896,1,1742,698,1044,0,0,0,1.0,1,1.0,1,1.0,1,0.33940050709831066,36
897,2,1744,700,1044,0,0,0,1.0,1,1.0,1,1.0,1,0.32943469424787286,36
898,0,1744,700,1044,0,0,0,1.0,1,1.0,1,1.0,1,0.3472644311106391,35
899,1,1745,701,1044,0,0,0,1.0,1,1.0,1,1.0,1,0.34191874289445895,35
900,0,1745,701,1044,0,0,0,1.0,1,1.0,1,1.0,1,0.37355092902237624,36
901,3,1748,702,1046,0,0,0,1.0,1,1.0,1,1.0,1,0.3481135614691715,36
902,6,1754,707,1047,0,0,0,1.0,1,1.0,1,1.0,1,0.3944331098531598,36
903,2,1756,707,1049,0,0,0,1.0,1,1.0,1,1.0,1,0.30999489097547805,35
904,6,1762,710,1052,0,0,0,1.0,1,1.0,1,1.0,1,0.31820529173203344,37
905,4,1766,713,1053,0,0,0,1.0,1,1.0,1,1.0,1,0.34605378416946664,36
906,0,1766,713,1053,0,0,0,1.0,1,1.0,1,1.0,1,0.35353983146532186,37
907,3,1769,715,1054,0,0,0,1.0,1,1.0,1,1.0,1,0.3367657244747676,37
908,1,1770,716,1054,0,0,0,1.0,1,1.0,1,1.0,1,0.34587106076404545,36
909,1,1771,717,1054,0,0,0,1.0,1,1.0,1,1.0,1,0.31999400265372857,36
910,1,1772,717,1055,0,0,0,1.0,1,1.0,1,1.0,1,0.27458528671635735,37
911,2,1774,718,1056,0,0,0,1.0,1,1.0,1,1.0,1,0.32421798321898243,36
912,2,1776,720,1056,0,0,0,1.0,1,1.0,1,1.0,1,0.33267172603828543,34
913,6,1782,723,1059,0,0,0,1.0,1,1.0,1,1.0,1,0.2763299256910138,34
914,0,1782,723,1059,0,0,0,1.0,1,1.0,1,1.0,1,0.305013913826988,33
915,0,1782,723,1059,0,0,0,1.0,1,1.0,1,1.0,1,0.305013913826988,33
916,3,1785,723,1062,0,0,0,1.0,1,1.0,1,1.0,1,0.24391851083731894,34
917,1,1786,724,1062,0,0,0,1.0,1,1.0,1,1.0,1,0.2263233123188447,34
918,3,1789,724,1065,0,0,0,1.0,1,1.0,1,1.0,1,0.19309279234618393,36
919,0,1789,724,1065,0,0,0,1.0,1,1.0,1,1.0,1,0.19309279234618393,36
920,1,1790,725,1065,0,0,0,1.0,1,1.0,1,1.0,1,0.15682623021126757,37
921,0,1790,725,1065,0,0,0,1.0,1,1.0,1,1.0,1,0.15682623021126757,37
922,3,1793,727,1066,0,0,0,1.0,1,1.0,1,1.0,1,0.14774160564879046,38
923,0,1793,727,1066,0,0,0,1.0,1,1.0,1,1.0,1,0.12007908035795269,36
924,0,1793,727,1066,0,0,0,1.0,1,1.0,1,1.0,1,0.11584316384781759,35
925,2,1795,729,1066,0,0,0,1.0,1,1.0,1,1.0,1,0.18404601103702467,35
926,4,1799,731,1068,0,0,0,1.0,1,1.0,1,1.0,1,0.20197925211487766,34
927,2,1801,731,1070,0,0,0,1.0,1,1.0,1,1.0,1,0.19656411839113738,32
928,3,1804,732,1072,0,0,0,1.0,1,1.0,1,1.0,1,0.25738647044599827,32
929,2,1806,733,1073,0,0,0,1.0,1,1.0,1,1.0,1,0.30088825203708386,31
930,1,1807,733,1074,0,0,0,1.0,1,1.0,1,1.0,1,0.3295496600057989,30
931,2,1809,735,1074,0,0,0,1.0,1,1.0,1,1.0,1,0.35524664587075433,29
932,3,1812,737,1075,0,0,0,1.0,1,1.0,1,1.0,1,0.32806887099305226,29
933,1,1813,737,1076,0,0,0,1.0,1,1.0,1,1.0,1,0.30382784761273574,29
934,1,1814,738,1076,0,0,0,1.0,1,1.0,1,1.0,1,0.3000086177536708,29
935,2,1816,739,1077,0,0,0,1.0,1,1.0,1,1.0,1,0.3524392791072034,31
936,4,1820,740,1080,0,0,0,1.0,1,1.0,1,1.0,1,0.29361319881950554,31
937,2,1822,741,1081,0,0,0,1.0,1,1.0,1,1.0,1,0.29942489411109474,34
938,0,1822,741,1081,0,0,0,1.0,1,1.0,1,1.0,1,0.31399216789185674,33
939,4,1826,742,1084,0,0,0,1.0,1,1.0,1,1.0,1,0.2769436961552448,36
940,1,1827,742,1085,0,0,0,1.0,1,1.0,1,1.0,1,0.23769060007307213,36
941,1,1828,743,1085,0,0,0,1.0,1,1.0,1,1.0,1,0.21605052171627837,36
942,3,1831,745,1086,0,0,0,1.0,1,1.0,1,1.0,1,0.22934472675296927,36
943,3,1834,747,1087,0,0,0,1.0,1,1.0,1,1.0,1,0.2228263309609853,35
944,3,1837,749,1088,0,0,0,1.0,1,1.0,1,1.0,1,0.24084351891970962,35
945,1,1838,750,1088,0,0,0,1.0,1,1.0,1,1.0,1,0.23367222992692951,33
946,2,1840,750,1090,0,0,0,1.0,1,1.0,1,1.0,1,0.21615879600551524,36
947,0,1840,750,1090,0,0,0,1.0,1,1.0,1,1.0,1,0.2290078943464822,34
948,1,1841,751,1090,0,0,0,1.0,1,1.0,1,1.0,1,0.283192457187297,33
949,1,1842,752,1090,0,0,0,1.0,1,1.0,1,1.0,1,0.3482258095077427,34
950,0,1842,752,1090,0,0,0,1.0,1,1.0,1,1.0,1,0.38229260343720567,33
951,0,1842,752,1090,0,0,0,1.0,1,1.0,1,1.0,1,0.38229260343720567,33
952,0,1842,752,1090,0,0,0,1.0,1,1.0,1,1.0,1,0.4023883622497767,32
953,0,1842,752,1090,0,0,0,1.0,1,1.0,1,1.0,1,0.4023883622497767,32
954,1,1843,753,1090,0,0,0,1.0,1,1.0,1,1.0,1,0.35691424604356076,31
955,0,1843,753,1090,0,0,0,1.0,1,1.0,1,1.0,1,0.37726486569015705,32
956,2,1845,754,1091,0,0,0,1.0,1,1.0,1,1.0,1,0.30212381525781157,32
957,0,1845,754,1091,0,0,0,1.0,1,1.0,1,1.0,1,0.2852789410174953,33
958,0,1845,754,1091,0,0,0,1.0,1,1.0,1,1.0,1,0.3038662553589401,35
959,3,1848,755,1093,0,0,0,1.0,1,1.0,1,1.0,1,0.25893242945126627,36
960,0,1848,755,1093,0,0,0,1.0,1,1.0,1,1.0,1,0.266771640684707,38
961,2,1850,757,1093,0,0,0,1.0,1,1.0,1,1.0,1,0.3151036091981977,37
962,2,1852,758,1094,0,0,0,1.0,1,1.0,1,1.0,1,0.30273631063253736,35
963,0,1852,758,1094,0,0,0,1.0,1,1.0,1,1.0,1,0.31253348766522937,35
964,1,1853,758,1095,0,0,0,1.0,1,1.0,1,1.0,1,0.2925082648446108,34
965,0,1853,758,1095,0,0,0,1.0,1,1.0,1,1.0,1,0.29110461984725566,35
966,2,1855,759,1096,0,0,0,1.0,1,1.0,1,1.0,1,0.2140421969858077,34
967,0,1855,759,1096,0,0,0,1.0,1,1.0,1,1.0,1,0.22971320324878314,35
968,1,1856,760,1096,0,0,0,1.0,1,1.0,1,1.0,1,0.22717351868502927,36
969,1,1857,761,1096,0,0,0,1.0,1,1.0,1,1.0,1,0.26652649787976596,35
970,1,1858,761,1097,0,0,0,1.0,1,1.0,1,1.0,1,0.28716236257008154,34
971,0,1858,761,1097,0,0,0,1.0,1,1.0,1,1.0,1,0.29772019846332065,35
972,1,1859,762,1097,0,0,0,1.0,1,1.0,1,1.0,1,0.2910724921499752,35
973,1,1860,762,1098,0,0,0,1.0,1,1.0,1,1.0,1,0.298339326540689,36
974,1,1861,763,1098,0,0,0,1.0,1,1.0,1,1.0,1,0.35193621763302935,35
975,1,1862,763,1099,0,0,0,1.0,1,1.0,1,1.0,1,0.330983155886298,36
976,1,1863,764,1099,0,0,0,1.0,1,1.0,1,1.0,1,0.36789062480661056,38
977,0,1863,764,1099,0,0,0,1.0,1,1.0,1,1.0,1,0.36789062480661056,38
978,0,1863,764,1099,0,0,0,1.0,1,1.0,1,1.0,1,0.36789062480661056,38
979,5,1868,764,1104,0,0,0,1.0,1,1.0,1,1.0,1,0.286080140935722,39
980,2,1870,766,1104,0,0,0,1.0,1,1.0,1,1.0,1,0.3523857763259035,39
981,2,1872,766,1106,0,0,0,1.0,1,1.0,1,1.0,1,0.34308902317081186,40
982,4,1876,768,1108,0,0,0,1.0,1,1.0,1,1.0,1,0.3785760338492811,40
983,1,1877,768,1109,0,0,0,1.0,1,1.0,1,1.0,1,0.3016749504109506,38
984,2,1879,770,1109,0,0,0,1.0,1,1.0,1,1.0,1,0.3335005635757321,39
985,3,1882,773,1109,0,0,0,1.0,1,1.0,1,1.0,1,0.3898383313940377,38
986,6,1888,776,1112,0,0,0,1.0,1,1.0,1,1.0,1,0.40516938153864773,38
987,3,1891,776,1115,0,0,0,1.0,1,1.0,1,1.0,1,0.34441719153325884,38
988,1,1892,777,1115,0,0,0,1.0,1,1.0,1,1.0,1,0.3719234297188181,38
989,0,1892,777,1115,0,0,0,1.0,1,1.0,1,1.0,1,0.36541990608867614,38
990,1,1893,777,1116,0,0,0,1.0,1,1.0,1,1.0,1,0.35539660399510803,38
991,4,1897,778,1119,0,0,0,1.0,1,1.0,1,1.0,1,0.36194574067365176,40
992,0,1897,778,1119,0,0,0,1.0,1,1.0,1,1.0,1,0.3465809107974968,39
993,0,1897,778,1119,0,0,0,1.0,1,1.0,1,1.0,1,0.3371963455354286,38
994,1,1898,778,1120,0,0,0,1.0,1,1.0,1,1.0,1,0.3320034233623033,39
995,0,1898,778,1120,0,0,0,1.0,1,1.0,1,1.0,1,0.323503510203857,41
996,0,1898,778,1120,0,0,0,1.0,1,1.0,1,1.0,1,0.32949140819642797,40
997,1,1899,778,1121,0,0,0,1.0,1,1.0,1,1.0,1,0.33576777885761666,41
998,0,1899,778,1121,0,0,0,1.0,1,1.0,1,1.0,1,0.3582784259931914,40
999,0,1899,778,1121,0,0,0,1.0,1,1.0,1,1.0,1,0.3561755017129296,40
1000,1,1900,779,1121,0,0,0,1.0,1,1.0,1,1.0,1,0.37633494545349744,40
1001,0,1900,779,1121,0,0,0,1.0,1,1.0,1,1.0,1,0.3748467842055403,39
1002,0,1900,779,1121,0,0,0,1.0,1,1.0,1,1.0,1,0.3748467842055403,39
1003,1,1901,779,1122,0,0,0,1.0,1,1.0,1,1.0,1,0.3602686872181875,39
1004,0,1901,779,1122,0,0,0,1.0,1,1.0,1,1.0,1,0.3602686872181875,39
1005,1,1902,779,1123,0,0,0,1.0,1,1.0,1,1.0,1,0.3492797430257396,40
1006,4,1906,779,1127,0,0,0,1.0,1,1.0,1,1.0,1,0.28268119414124526,41
1007,0,1906,779,1127,0,0,0,1.0,1,1.0,1,1.0,1,0.29783093598676086,42
1008,2,1908,779,1129,0,0,0,1.0,1,1.0,1,1.0,1,0.2647559507514758,43
1009,2,1910,779,1131,0,0,0,1.0,1,1.0,1,1.0,1,0.23979464304756984,44
1010,1,1911,779,1132,0,0,0,1.0,1,1.0,1,1.0,1,0.22986996511209523,44
1011,0,1911,779,1132,0,0,0,1.0,1,1.0,1,1.0,1,0.22986996511209523,44
1012,5,1916,782,1134,0,0,0,1.0,1,1.0,1,1.0,1,0.21181403200339433,46
1013,2,1918,782,1136,0,0,0,1.0,1,1.0,1,1.0,1,0.2118688096391454,46
1014,1,1919,783,1136,0,0,0,1.0,1,1.0,1,1.0,1,0.23578440090876834,46
1015,0,1919,783,1136,0,0,0,1.0,1,1.0,1,1.0,1,0.23578440090876834,46
1016,3,1922,784,1138,0,0,0,1.0,1,1.0,1,1.0,1,0.2178800014651242,47
1017,4,1926,785,1141,0,0,0,1.0,1,1.0,1,1.0,1,0.20886175161987577,47
1018,5,1931,786,1145,0,0,0,1.0,1,1.0,1,1.0,1,0.18422097314170727,48
1019,1,1932,786,1146,0,0,0,1.0,1,1.0,1,1.0,1,0.18584574523581215,49
1020,1,1933,786,1147,0,0,0,1.0,1,1.0,1,1.0,1,0.17881973733144713,51
1021,2,1935,786,1149,0,0,0,1.0,1,1.0,1,1.0,1,0.14855349267223428,51
1022,1,1936,787,1149,0,0,0,1.0,1,1.0,1,1.0,1,0.148887995694044,52
1023,0,1936,787,1149,0,0,0,1.0,1,1.0,1,1.0,1,0.15893642973705085,52
1024,1,1937,788,1149,0,0,0,1.0,1,1.0,1,1.0,1,0.19426542822615905,52
1025,1,1938,788,1150,0,0,0,1.0,1,1.0,1,1.0,1,0.18228090001627426,54
1026,1,1939,788,1151,0,0,0,1.0,1,1.0,1,1.0,1,0.17727794040436093,54
1027,1,1940,788,1152,0,0,0,1.0,1,1.0,1,1.0,1,0.14796015149681246,55
1028,1,1941,789,1152,0,0,0,1.0,1,1.0,1,1.0,1,0.16908672140758707,56
1029,0,1941,789,1152,0,0,0,1.0,1,1.0,1,1.0,1,0.16908672140758707,56
1030,2,1943,789,1154,0,0,0,1.0,1,1.0,1,1.0,1,0.15686553772595885,57
1031,1,1944,789,1155,0,0,0,1.0,1,1.0,1,1.0,1,0.16694208626657783,58
1032,4,1948,791,1157,0,0,0,1.0,1,1.0,1,1.0,1,0.2072382825823343,58
1033,0,1948,791,1157,0,0,0,1.0,1,1.0,1,1.0,1,0.20335524350369935,57
1034,2,1950,793,1157,0,0,0,1.0,1,1.0,1,1.0,1,0.21505511507419453,57
1035,5,1955,795,1160,0,0,0,1.0,1,1.0,1,1.0,1,0.24394757096415742,57
1036,9,1964,797,1167,0,0,0,1.0,1,1.0,1,1.0,1,0.15696729944981824,59
1037,2,1966,799,1167,0,0,0,1.0,1,1.0,1,1.0,1,0.18983189958167143,57
1038,3,1969,800,1169,0,0,0,1.0,1,1.0,1,1.0,1,0.2119310801998218,59
1039,2,1971,802,1169,0,0,0,1.0,1,1.0,1,1.0,1,0.22125911320043515,57
1040,2,1973,803,1170,0,0,0,1.0,1,1.0,1,1.0,1,0.27003032171247116,56
1041,2,1975,804,1171,0,0,0,1.0,1,1.0,1,1.0,1,0.25334418164465927,54
1042,0,1975,804,1171,0,0,0,1.0,1,1.0,1,1.0,1,0.2614510333675969,52
1043,2,1977,806,1171,0,0,0,1.0,1,1.0,1,1.0,1,0.30306126923772503,52
1044,1,1978,806,1172,0,0,0,1.0,1,1.0,1,1.0,1,0.2657754643555063,50
1045,3,1981,807,1174,0,0,0,1.0,1,1.0,1,1.0,1,0.26949011622645536,51
1046,2,1983,808,1175,0,0,0,1.0,1,1.0,1,1.0,1,0.24428779636017153,50
1047,1,1984,808,1176,0,0,0,1.0,1,1.0,1,1.0,1,0.19736549664892206,50
1048,0,1984,808,1176,0,0,0,1.0,1,1.0,1,1.0,1,0.19736549664892206,50
1049,2,1986,810,1176,0,0,0,1.0,1,1.0,1,1.0,1,0.22702597243033257,50
1050,0,1986,810,1176,0,0,0,1.0,1,1.0,1,1.0,1,0.22702597243033257,50
1051,4,1990,811,1179,0,0,0,1.0,1,1.0,1,1.0,1,0.1742668223775382,50
1052,2,1992,811,1181,0,0,0,1.0,1,1.0,1,1.0,1,0.16233041977011936,51
1053,0,1992,811,1181,0,0,0,1.0,1,1.0,1,1.0,1,0.16233041977011936,51
1054,2,1994,811,1183,0,0,0,1.0,1,1.0,1,1.0,1,0.135662017614063,53
1055,0,1994,811,1183,0,0,0,1.0,1,1.0,1,1.0,1,0.15104786151720875,54
1056,0,1994,811,1183,0,0,0,1.0,1,1.0,1,1.0,1,0.17798387191232493,54
1057,2,1996,812,1184,0,0,0,1.0,1,1.0,1,1.0,1,0.20051509562666875,55
1058,0,1996,812,1184,0,0,0,1.0,1,1.0,1,1.0,1,0.20574107292547797,54
1059,4,2000,814,1186,0,0,0,1.0,1,1.0,1,1.0,1,0.2568875328433254,53
1060,1,2001,814,1187,0,0,0,1.0,1,1.0,1,1.0,1,0.2514500313131579,53
1061,4,2005,817,1188,0,0,0,1.0,1,1.0,1,1.0,1,0.2357057861808577,53
1062,4,2009,821,1188,0,0,0,1.0,1,1.0,1,1.0,1,0.22198142068907703,54
1063,1,2010,821,1189,0,0,0,1.0,1,1.0,1,1.0,1,0.2568633692259578,53
1064,5,2015,824,1191,0,0,0,1.0,1,1.0,1,1.0,1,0.24586010108976786,55
1065,0,2015,824,1191,0,0,0,1.0,1,1.0,1,1.0,1,0.2692594662353263,54
1066,5,2020,824,1196,0,0,0,1.0,1,1.0,1,1.0,1,0.2242850334366837,55
1067,3,2023,825,1198,0,0,0,1.0,1,1.0,1,1.0,1,0.2357499928803904,55
1068,0,2023,825,1198,0,0,0,1.0,1,1.0,1,1.0,1,0.24993842738533867,55
1069,2,2025,826,1199,0,0,0,1.0,1,1.0,1,1.0,1,0.25390886145538033,55
1070,0,2025,826,1199,0,0,0,1.0,1,1.0,1,1.0,1,0.26907533709666465,54
1071,2,2027,826,1201,0,0,0,1.0,1,1.0,1,1.0,1,0.22453721548884387,55
1072,0,2027,826,1201,0,0,0,1.0,1,1.0,1,1.0,1,0.22079038277235322,54
1073,2,2029,828,1201,0,0,0,1.0,1,1.0,1,1.0,1,0.22297894903182425,54
1074,2,2031,828,1203,0,0,0,1.0,1,1.0,1,1.0,1,0.18946048855043024,52
1075,0,2031,828,1203,0,0,0,1.0,1,1.0,1,1.0,1,0.18139710476019763,51
1076,2,2033,829,1204,0,0,0,1.0,1,1.0,1,1.0,1,0.1780987607013115,52
1077,2,2035,831,1204,0,0,0,1.0,1,1.0,1,1.0,1,0.1605131731294206,49
1078,2,2037,833,1204,0,0,0,1.0,1,1.0,1,1.0,1,0.21375262990716526,48
1079,2,2039,835,1204,0,0,0,1.0,1,1.0,1,1.0,1,0.22939213405111258,47
1080,2,2041,837,1204,0,0,0,1.0,1,1.0,1,1.0,1,0.28336703158543747,47
1081,8,2049,838,1211,0,0,0,1.0,1,1.0,1,1.0,1,0.23049232124316218,45
1082,3,2052,840,1212,0,0,0,1.0,1,1.0,1,1.0,1,0.31195658115152586,42
1083,2,2054,841,1213,0,0,0,1.0,1,1.0,1,1.0,1,0.36723560813790684,42
1084,0,2054,841,1213,0,0,0,1.0,1,1.0,1,1.0,1,0.35570632713673245,40
1085,1,2055,841,1214,0,0,0,1.0,1,1.0,1,1.0,1,0.29535555403003294,43
1086,1,2056,841,1215,0,0,0,1.0,1,1.0,1,1.0,1,0.2787696541017138,41
1087,0,2056,841,1215,0,0,0,1.0,1,1.0,1,1.0,1,0.26123767813611215,41
1088,2,2058,843,1215,0,0,0,1.0,1,1.0,1,1.0,1,0.25119690572740827,41
1089,3,2061,845,1216,0,0,0,1.0,1,1.0,1,1.0,1,0.24217095041775155,42
1090,1,2062,845,1217,0,0,0,1.0,1,1.0,1,1.0,1,0.2496939695125432,43
1091,0,2062,845,1217,0,0,0,1.0,1,1.0,1,1.0,1,0.22558304608351915,43
1092,1,2063,846,1217,0,0,0,1.0,1,1.0,1,1.0,1,0.22147480028081853,43
1093,1,2064,847,1217,0,0,0,1.0,1,1.0,1,1.0,1,0.23493280581368153,43
1094,1,2065,848,1217,0,0,0,1.0,1,1.0,1,1.0,1,0.2262740498165145,43
1095,1,2066,849,1217,0,0,0,1.0,1,1.0,1,1.0,1,0.25743634767026036,44
1096,2,2068,850,1218,0,0,0,1.0,1,1.0,1,1.0,1,0.245724839399154,44
1097,5,2073,852,1221,0,0,0,1.0,1,1.0,1,1.0,1,0.2872466483677477,45
1098,1,2074,852,1222,0,0,0,1.0,1,1.0,1,1.0,1,0.2598207576562197,46
1099,0,2074,852,1222,0,0,0,1.0,1,1.0,1,1.0,1,0.26657801016905974,48
1100,4,2078,853,1225,0,0,0,1.0,1,1.0,1,1.0,1,0.26147578686057105,49
1101,1,2079,853,1226,0,0,0,1.0,1,1.0,1,1.0,1,0.25762069580819363,49
1102,3,2082,856,1226,0,0,0,1.0,1,1.0,1,1.0,1,0.29791086734067757,50
1103,2,2084,856,1228,0,0,0,1.0,1,1.0,1,1.0,1,0.25099945671892365,48
1104,4,2088,860,1228,0,0,0,1.0,1,1.0,1,1.0,1,0.24958937541709814,50
1105,3,2091,862,1229,0,0,0,1.0,1,1.0,1,1.0,1,0.2846579069464963,48
1106,2,2093,862,1231,0,0,0,1.0,1,1.0,1,1.0,1,0.2755812188208283,48
1107,3,2096,864,1232,0,0,0,1.0,1,1.0,1,1.0,1,0.3093175210908988,47
1108,2,2098,865,1233,0,0,0,1.0,1,1.0,1,1.0,1,0.3336343701364383,47
1109,2,2100,866,1234,0,0,0,1.0,1,1.0,1,1.0,1,0.32408546896600343,46
1110,2,2102,867,1235,0,0,0,1.0,1,1.0,1,1.0,1,0.36763998069518644,43
1111,5,2107,868,1239,0,0,0,1.0,1,1.0,1,1.0,1,0.257488844584952,44
1112,3,2110,870,1240,0,0,0,1.0,1,1.0,1,1.0,1,0.2746701446641015,43
1113,2,2112,871,1241,0,0,0,1.0,1,1.0,1,1.0,1,0.3159307460952167,39
1114,0,2112,871,1241,0,0,0,1.0,1,1.0,1,1.0,1,0.3159307460952167,39
1115,0,2112,871,1241,0,0,0,1.0,1,1.0,1,1.0,1,0.32644838054886677,37
1116,2,2114,873,1241,0,0,0,1.0,1,1.0,1,1.0,1,0.28459912257543757,37
1117,6,2120,875,1245,0,0,0,1.0,1,1.0,1,1.0,1,0.3137733690424345,36
1118,0,2120,875,1245,0,0,0,1.0,1,1.0,1,1.0,1,0.31487746405178757,36
1119,0,2120,875,1245,0,0,0,1.0,1,1.0,1,1.0,1,0.31487746405178757,36
1120,1,2121,875,1246,0,0,0,1.0,1,1.0,1,1.0,1,0.31683331341003584,36
1121,0,2121,875,1246,0,0,0,1.0,1,1.0,1,1.0,1,0.31683331341003584,36
1122,0,2121,875,1246,0,0,0,1.0,1,1.0,1,1.0,1,0.3183298689811052,37
1123,0,2121,875,1246,0,0,0,1.0,1,1.0,1,1.0,1,0.3183298689811052,37
1124,1,2122,875,1247,0,0,0,1.0,1,1.0,1,1.0,1,0.3136962464373863,37
1125,4,2126,877,1249,0,0,0,1.0,1,1.0,1,1.0,1,0.3864927617754885,38
1126,2,2128,877,1251,0,0,0,1.0,1,1.0,1,1.0,1,0.34576402011047297,38
1127,2,2130,878,1252,0,0,0,1.0,1,1.0,1,1.0,1,0.34989429275930356,39
1128,0,2130,878,1252,0,0,0,1.0,1,1.0,1,1.0,1,0.34989429275930356,39
1129,1,2131,878,1253,0,0,0,1.0,1,1.0,1,1.0,1,0.3287044118289066,39
1130,0,2131,878,1253,0,0,0,1.0,1,1.0,1,1.0,1,0.3287044118289066,39
1131,0,2131,878,1253,0,0,0,1.0,1,1.0,1,1.0,1,0.3287044118289066,39
1132,0,2131,878,1253,0,0,0,1.0,1,1.0,1,1.0,1,0.3287044118289066,39
1133,1,2132,879,1253,0,0,0,1.0,1,1.0,1,1.0,1,0.279287873637856,42
1134,0,2132,879,1253,0,0,0,1.0,1,1.0,1,1.0,1,0.279287873637856,42
1135,2,2134,880,1254,0,0,0,1.0,1,1.0,1,1.0,1,0.2932301890793875,44
1136,3,2137,881,1256,0,0,0,1.0,1,1.0,1,1.0,1,0.3134193267966552,46
1137,0,2137,881,1256,0,0,0,1.0,1,1.0,1,1.0,1,0.3328354848614854,45
1138,5,2142,882,1260,0,0,0,1.0,1,1.0,1,1.0,1,0.32742280312657346,46
1139,7,2149,883,1266,0,0,0,1.0,1,1.0,1,1.0,1,0.31646029540747506,47
1140,2,2151,883,1268,0,0,0,1.0,1,1.0,1,1.0,1,0.3133049169496796,46
1141,2,2153,884,1269,0,0,0,1.0,1,1.0,1,1.0,1,0.28716354243729625,45
1142,1,2154,885,1269,0,0,0,1.0,1,1.0,1,1.0,1,0.3015882196398238,45
1143,3,2157,886,1271,0,0,0,1.0,1,1.0,1,1.0,1,0.29568081518768574,43
1144,4,2161,888,1273,0,0,0,1.0,1,1.0,1,1.0,1,0.23825526609418166,45
1145,2,2163,889,1274,0,0,0,1.0,1,1.0,1,1.0,1,0.2472858202891038,44
1146,6,2169,890,1279,0,0,0,1.0,1,1.0,1,1.0,1,0.18916538815539163,45
1147,2,2171,891,1280,0,0,0,1.0,1,1.0,1,1.0,1,0.18251299252555206,44
1148,3,2174,893,1281,0,0,0,1.0,1,1.0,1,1.0,1,0.1810436396471527,43
1149,0,2174,893,1281,0,0,0,1.0,1,1.0,1,1.0,1,0.19974698926564655,42
1150,1,2175,893,1282,0,0,0,1.0,1,1.0,1,1.0,1,0.21883501364445682,45
1151,1,2176,894,1282,0,0,0,1.0,1,1.0,1,1.0,1,0.2531186115538568,40
1152,2,2178,896,1282,0,0,0,1.0,1,1.0,1,1.0,1,0.28124665384889364,41
1153,2,2180,898,1282,0,0,0,1.0,1,1.0,1,1.0,1,0.3289624231342996,38
1154,2,2182,900,1282,0,0,0,1.0,1,1.0,1,1.0,1,0.3537165926749684,37
1155,0,2182,900,1282,0,0,0,1.0,1,1.0,1,1.0,1,0.3209657797855612,38
1156,5,2187,901,1286,0,0,0,1.0,1,1.0,1,1.0,1,0.25421861148397795,38
1157,0,2187,901,1286,0,0,0,1.0,1,1.0,1,1.0,1,0.25688388569618215,37
1158,0,2187,901,1286,0,0,0,1.0,1,1.0,1,1.0,1,0.23886249767216947,36
1159,0,2187,901,1286,0,0,0,1.0,1,1.0,1,1.0,1,0.22805498274453273,35
1160,1,2188,902,1286,0,0,0,1.0,1,1.0,1,1.0,1,0.247390459867427,35
1161,0,2188,902,1286,0,0,0,1.0,1,1.0,1,1.0,1,0.2536336733495443,36
1162,0,2188,902,1286,0,0,0,1.0,1,1.0,1,1.0,1,0.24531610555664848,37
1163,0,2188,902,1286,0,0,0,1.0,1,1.0,1,1.0,1,0.24531610555664848,37
1164,0,2188,902,1286,0,0,0,1.0,1,1.0,1,1.0,1,0.23843530707985347,38
1165,1,2189,903,1286,0,0,0,1.0,1,1.0,1,1.0,1,0.2696911693409873,38
1166,0,2189,903,1286,0,0,0,1.0,1,1.0,1,1.0,1,0.29820543945730843,40
1167,3,2192,905,1287,0,0,0,1.0,1,1.0,1,1.0,1,0.26613376508845654,40
1168,4,2196,907,1289,0,0,0,1.0,1,1.0,1,1.0,1,0.2703501035070663,40
1169,0,2196,907,1289,0,0,0,1.0,1,1.0,1,1.0,1,0.27099463027208354,41
1170,2,2198,909,1289,0,0,0,1.0,1,1.0,1,1.0,1,0.29201061690805624,41
1171,7,2205,910,1295,0,0,0,1.0,1,1.0,1,1.0,1,0.1939456278278869,43
1172,1,2206,911,1295,0,0,0,1.0,1,1.0,1,1.0,1,0.18307600941027424,43
1173,0,2206,911,1295,0,0,0,1.0,1,1.0,1,1.0,1,0.18307600941027424,43
1174,1,2207,912,1295,0,0,0,1.0,1,1.0,1,1.0,1,0.20711669288614284,43
1175,1,2208,912,1296,0,0,0,1.0,1,1.0,1,1.0,1,0.1914683997409396,44
1176,0,2208,912,1296,0,0,0,1.0,1,1.0,1,1.0,1,0.20480241408757238,45
1177,1,2209,913,1296,0,0,0,1.0,1,1.0,1,1.0,1,0.23470416983929654,45
1178,1,2210,914,1296,0,0,0,1.0,1,1.0,1,1.0,1,0.22457122974870902,45
1179,0,2210,914,1296,0,0,0,1.0,1,1.0,1,1.0,1,0.2509477043948881,46
1180,0,2210,914,1296,0,0,0,1.0,1,1.0,1,1.0,1,0.23290883239483115,47
1181,2,2212,914,1298,0,0,0,1.0,1,1.0,1,1.0,1,0.2061293683818217,48
1182,0,2212,914,1298,0,0,0,1.0,1,1.0,1,1.0,1,0.2061293683818217,48
1183,1,2213,915,1298,0,0,0,1.0,1,1.0,1,1.0,1,0.26308300295100734,46
1184,3,2216,917,1299,0,0,0,1.0,1,1.0,1,1.0,1,0.2270352211318707,47
1185,1,2217,918,1299,0,0,0,1.0,1,1.0,1,1.0,1,0.2942905534573845,44
1186,3,2220,918,1302,0,0,0,1.0,1,1.0,1,1.0,1,0.25922988489338633,47
1187,2,2222,918,1304,0,0,0,1.0,1,1.0,1,1.0,1,0.25754118399286696,49
1188,0,2222,918,1304,0,0,0,1.0,1,1.0,1,1.0,1,0.25360817263587365,50
1189,0,2222,918,1304,0,0,0,1.0,1,1.0,1,1.0,1,0.23184849998359652,48
1190,1,2223,919,1304,0,0,0,1.0,1,1.0,1,1.0,1,0.25586368000449544,48
1191,0,2223,919,1304,0,0,0,1.0,1,1.0,1,1.0,1,0.23824044508700848,46
1192,1,2224,920,1304,0,0,0,1.0,1,1.0,1,1.0,1,0.26075248828555636,46
1193,0,2224,920,1304,0,0,0,1.0,1,1.0,1,1.0,1,0.2883591448520022,45
1194,1,2225,920,1305,0,0,0,1.0,1,1.0,1,1.0,1,0.2807842465991478,45
1195,2,2227,921,1306,0,0,0,1.0,1,1.0,1,1.0,1,0.2816964427750407,47
1196,3,2230,922,1308,0,0,0,1.0,1,1.0,1,1.0,1,0.2633410359738154,48
1197,1,2231,922,1309,0,0,0,1.0,1,1.0,1,1.0,1,0.24134886939928,49
1198,1,2232,923,1309,0,0,0,1.0,1,1.0,1,1.0,1,0.2599465479733772,49
1199,1,2233,923,1310,0,0,0,1.0,1,1.0,1,1.0,1,0.2526496223393612,50
1200,1,2234,924,1310,0,0,0,1.0,1,1.0,1,1.0,1,0.2651220270141508,50
1201,2,2236,924,1312,0,0,0,1.0,1,1.0,1,1.0,1,0.22025138465288024,50
1202,1,2237,925,1312,0,0,0,1.0,1,1.0,1,1.0,1,0.22887216836029595,51
1203,0,2237,925,1312,0,0,0,1.0,1,1.0,1,1.0,1,0.21860033631318634,52
1204,0,2237,925,1312,0,0,0,1.0,1,1.0,1,1.0,1,0.21860033631318634,52
1205,2,2239,926,1313,0,0,0,1.0,1,1.0,1,1.0,1,0.2460038240966046,53
1206,0,2239,926,1313,0,0,0,1.0,1,1.0,1,1.0,1,0.2460038240966046,53
1207,3,2242,926,1316,0,0,0,1.0,1,1.0,1,1.0,1,0.21465765451995522,55
1208,2,2244,926,1318,0,0,0,1.0,1,1.0,1,1.0,1,0.1945726319678158,56
1209,0,2244,926,1318,0,0,0,1.0,1,1.0,1,1.0,1,0.20686724845010104,55
1210,1,2245,926,1319,0,0,0,1.0,1,1.0,1,1.0,1,0.20070852674443376,55
1211,2,2247,926,1321,0,0,0,1.0,1,1.0,1,1.0,1,0.17171574413795299,57
1212,0,2247,926,1321,0,0,0,1.0,1,1.0,1,1.0,1,0.17171574413795299,57
1213,0,2247,926,1321,0,0,0,1.0,1,1.0,1,1.0,1,0.17171574413795299,57
1214,2,2249,928,1321,0,0,0,1.0,1,1.0,1,1.0,1,0.21380109623461369,57
1215,4,2253,928,1325,0,0,0,1.0,1,1.0,1,1.0,1,0.21603950152057186,59
1216,3,2256,928,1328,0,0,0,1.0,1,1.0,1,1.0,1,0.1862241694907383,61
1217,1,2257,928,1329,0,0,0,1.0,1,1.0,1,1.0,1,0.18250571064403476,61
1218,2,2259,928,1331,0,0,0,1.0,1,1.0,1,1.0,1,0.1791106284423243,61
1219,1,2260,929,1331,0,0,0,1.0,1,1.0,1,1.0,1,0.17997247517922496,61
1220,1,2261,929,1332,0,0,0,1.0,1,1.0,1,1.0,1,0.17742163140635425,60
1221,2,2263,929,1334,0,0,0,1.0,1,1.0,1,1.0,1,0.189404973961947,61
1222,1,2264,930,1334,0,0,0,1.0,1,1.0,1,1.0,1,0.1980087250480087,61
1223,4,2268,933,1335,0,0,0,1.0,1,1.0,1,1.0,1,0.1765096031459158,59
1224,2,2270,935,1335,0,0,0,1.0,1,1.0,1,1.0,1,0.18958555267039343,60
1225,2,2272,936,1336,0,0,0,1.0,1,1.0,1,1.0,1,0.2292525471632026,60
1226,4,2276,939,1337,0,0,0,1.0,1,1.0,1,1.0,1,0.22563675256743665,61
1227,2,2278,941,1337,0,0,0,1.0,1,1.0,1,1.0,1,0.21077207181022828,59
1228,2,2280,943,1337,0,0,0,1.0,1,1.0,1,1.0,1,0.21827607394937457,58
1229,3,2283,945,1338,0,0,0,1.0,1,1.0,1,1.0,1,0.20224611923381852,57
1230,2,2285,946,1339,0,0,0,1.0,1,1.0,1,1.0,1,0.2203672857132613,55
1231,5,2290,948,1342,0,0,0,1.0,1,1.0,1,1.0,1,0.2112538417453847,54
1232,2,2292,950,1342,0,0,0,1.0,1,1.0,1,1.0,1,0.24837346265772248,51
1233,1,2293,951,1342,0,0,0,1.0,1,1.0,1,1.0,1,0.2620622538222585,49
1234,4,2297,954,1343,0,0,0,1.0,1,1.0,1,1.0,1,0.29377837373030785,49
1235,3,2300,955,1345,0,0,0,1.0,1,1.0,1,1.0,1,0.297236891144807,48
1236,0,2300,955,1345,0,0,0,1.0,1,1.0,1,1.0,1,0.3126050455858809,49
1237,2,2302,956,1346,0,0,0,1.0,1,1.0,1,1.0,1,0.3198340552691279,48
1238,3,2305,956,1349,0,0,0,1.0,1,1.0,1,1.0,1,0.2784478466050528,47
1239,0,2305,956,1349,0,0,0,1.0,1,1.0,1,1.0,1,0.2652869951347058,48
1240,0,2305,956,1349,0,0,0,1.0,1,1.0,1,1.0,1,0.2751463215571124,49
1241,0,2305,956,1349,0,0,0,1.0,1,1.0,1,1.0,1,0.2751463215571124,49
1242,1,2306,956,1350,0,0,0,1.0,1,1.0,1,1.0,1,0.2707792874565531,49
1243,2,2308,956,1352,0,0,0,1.0,1,1.0,1,1.0,1,0.22720078100423552,50
1244,1,2309,956,1353,0,0,0,1.0,1,1.0,1,1.0,1,0.22821859928686594,50
1245,0,2309,956,1353,0,0,0,1.0,1,1.0,1,1.0,1,0.24223371790688672,51
1246,7,2316,956,1360,0,0,0,1.0,1,1.0,1,1.0,1,0.1794847480126648,52
1247,0,2316,956,1360,0,0,0,1.0,1,1.0,1,1.0,1,0.1794847480126648,52
1248,1,2317,957,1360,0,0,0,1.0,1,1.0,1,1.0,1,0.23030132458994496,51
1249,3,2320,959,1361,0,0,0,1.0,1,1.0,1,1.0,1,0.2224826028238015,51
1250,3,2323,962,1361,0,0,0,1.0,1,1.0,1,1.0,1,0.23226471546130273,51
1251,3,2326,962,1364,0,0,0,1.0,1,1.0,1,1.0,1,0.19614898565731043,53
1252,2,2328,963,1365,0,0,0,1.0,1,1.0,1,1.0,1,0.19499326421488797,52
1253,1,2329,964,1365,0,0,0,1.0,1,1.0,1,1.0,1,0.19380302045621112,52
1254,0,2329,964,1365,0,0,0,1.0,1,1.0,1,1.0,1,0.1732007961076162,53
1255,0,2329,964,1365,0,0,0,1.0,1,1.0,1,1.0,1,0.17494576170028076,55
1256,0,2329,964,1365,0,0,0,1.0,1,1.0,1,1.0,1,0.17494576170028076,55
1257,0,2329,964,1365,0,0,0,1.0,1,1.0,1,1.0,1,0.1845884820480906,57
1258,0,2329,964,1365,0,0,0,1.0,1,1.0,1,1.0,1,0.18479039192734212,57
1259,0,2329,964,1365,0,0,0,1.0,1,1.0,1,1.0,1,0.18479039192734212,57
1260,0,2329,964,1365,0,0,0,1.0,1,1.0,1,1.0,1,0.194621756161755,56
1261,2,2331,965,1366,0,0,0,1.0,1,1.0,1,1.0,1,0.18889577216599676,57
1262,3,2334,966,1368,0,0,0,1.0,1,1.0,1,1.0,1,0.19711033016240567,58
1263,4,2338,969,1369,0,0,0,1.0,1,1.0,1,1.0,1,0.2203221273711772,58
1264,2,2340,970,1370,0,0,0,1.0,1,1.0,1,1.0,1,0.2119111749581614,57
1265,4,2344,971,1373,0,0,0,1.0,1,1.0,1,1.0,1,0.1934473126932596,56
1266,2,2346,972,1374,0,0,0,1.0,1,1.0,1,1.0,1,0.19711293372484137,55
1267,2,2348,974,1374,0,0,0,1.0,1,1.0,1,1.0,1,0.2595994020371616,53
1268,1,2349,975,1374,0,0,0,1.0,1,1.0,1,1.0,1,0.2856552694294837,52
1269,1,2350,976,1374,0,0,0,1.0,1,1.0,1,1.0,1,0.28103548094354286,51
1270,2,2352,977,1375,0,0,0,1.0,1,1.0,1,1.0,1,0.27029873928805515,47
1271,1,2353,978,1375,0,0,0,1.0,1,1.0,1,1.0,1,0.3030310030659765,46
1272,1,2354,979,1375,0,0,0,1.0,1,1.0,1,1.0,1,0.25410945658786566,43
1273,2,2356,981,1375,0,0,0,1.0,1,1.0,1,1.0,1,0.26242732702170996,44
1274,1,2357,982,1375,0,0,0,1.0,1,1.0,1,1.0,1,0.321897322167484,44
1275,2,2359,983,1376,0,0,0,1.0,1,1.0,1,1.0,1,0.31801480520399333,45
1276,9,2368,984,1384,0,0,0,1.0,1,1.0,1,1.0,1,0.14767126888372073,43
1277,3,2371,986,1385,0,0,0,1.0,1,1.0,1,1.0,1,0.19269504823618,44
1278,4,2375,989,1386,0,0,0,1.0,1,1.0,1,1.0,1,0.22858269917592017,45
1279,0,2375,989,1386,0,0,0,1.0,1,1.0,1,1.0,1,0.2219364250735494,47
1280,2,2377,989,1388,0,0,0,1.0,1,1.0,1,1.0,1,0.21429605392098505,47
1281,1,2378,989,1389,0,0,0,1.0,1,1.0,1,1.0,1,0.20859497715870534,47
1282,1,2379,990,1389,0,0,0,1.0,1,1.0,1,1.0,1,0.21859843726055667,46
1283,1,2380,991,1389,0,0,0,1.0,1,1.0,1,1.0,1,0.23425474487358636,46
1284,0,2380,991,1389,0,0,0,1.0,1,1.0,1,1.0,1,0.23425474487358636,46
1285,1,2381,991,1390,0,0,0,1.0,1,1.0,1,1.0,1,0.227277577790209,46
1286,0,2381,991,1390,0,0,0,1.0,1,1.0,1,1.0,1,0.24539777821064965,45
1287,3,2384,991,1393,0,0,0,1.0,1,1.0,1,1.0,1,0.19943345953563457,49
1288,1,2385,991,1394,0,0,0,1.0,1,1.0,1,1.0,1,0.21126882990908646,49
1289,1,2386,991,1395,0,0,0,1.0,1,1.0,1,1.0,1,0.17902315708608788,52
1290,1,2387,991,1396,0,0,0,1.0,1,1.0,1,1.0,1,0.16259522580984778,52
1291,1,2388,991,1397,0,0,0,1.0,1,1.0,1,1.0,1,0.15494547765117597,52
1292,1,2389,991,1398,0,0,0,1.0,1,1.0,1,1.0,1,0.12295211059580483,53
1293,0,2389,991,1398,0,0,0,1.0,1,1.0,1,1.0,1,0.12295211059580483,53
1294,1,2390,991,1399,0,0,0,1.0,1,1.0,1,1.0,1,0.11426980914227336,53
1295,0,2390,991,1399,0,0,0,1.0,1,1.0,1,1.0,1,0.12497424262713225,54
1296,0,2390,991,1399,0,0,0,1.0,1,1.0,1,1.0,1,0.13114820810034067,55
1297,0,2390,991,1399,0,0,0,1.0,1,1.0,1,1.0,1,0.15169032968596238,54
1298,1,2391,991,1400,0,0,0,1.0,1,1.0,1,1.0,1,0.15670436251644584,55
1299,0,2391,991,1400,0,0,0,1.0,1,1.0,1,1.0,1,0.17627467092431862,54
1300,2,2393,992,1401,0,0,0,1.0,1,1.0,1,1.0,1,0.16655756087543022,55
1301,4,2397,994,1403,0,0,0,1.0,1,1.0,1,1.0,1,0.20899239669823555,54
1302,4,2401,996,1405,0,0,0,1.0,1,1.0,1,1.0,1,0.22321532268073868,54
1303,2,2403,998,1405,0,0,0,1.0,1,1.0,1,1.0,1,0.30318723337568737,50
1304,5,2408,1002,1406,0,0,0,1.0,1,1.0,1,1.0,1,0.2841661270264624,51
1305,1,2409,1003,1406,0,0,0,1.0,1,1.0,1,1.0,1,0.30605395427844984,48
1306,10,2419,1008,1411,0,0,0,1.0,1,1.0,1,1.0,1,0.28512245291108956,48
1307,2,2421,1009,1412,0,0,0,1.0,1,1.0,1,1.0,1,0.2354113882370983,48
1308,2,2423,1010,1413,0,0,0,1.0,1,1.0,1,1.0,1,0.27433100133715066,46
1309,2,2425,1012,1413,0,0,0,1.0,1,1.0,1,1.0,1,0.29290790616790496,47
1310,1,2426,1012,1414,0,0,0,1.0,1,1.0,1,1.0,1,0.24940641341825806,46
1311,2,2428,1014,1414,0,0,0,1.0,1,1.0,1,1.0,1,0.2936685133205305,46
1312,2,2430,1016,1414,0,0,0,1.0,1,1.0,1,1.0,1,0.3199808470871978,45
1313,5,2435,1017,1418,0,0,0,1.0,1,1.0,1,1.0,1,0.2740765971546136,44
1314,0,2435,1017,1418,0,0,0,1.0,1,1.0,1,1.0,1,0.2653830998667622,42
1315,1,2436,1018,1418,0,0,0,1.0,1,1.0,1,1.0,1,0.28238294242056333,40
1316,3,2439,1018,1421,0,0,0,1.0,1,1.0,1,1.0,1,0.23262151431155204,42
1317,0,2439,1018,1421,0,0,0,1.0,1,1.0,1,1.0,1,0.23304301072301323,42
1318,0,2439,1018,1421,0,0,0,1.0,1,1.0,1,1.0,1,0.23304301072301323,42
1319,1,2440,1018,1422,0,0,0,1.0,1,1.0,1,1.0,1,0.23416705857135414,42
1320,0,2440,1018,1422,0,0,0,1.0,1,1.0,1,1.0,1,0.23416705857135414,42
1321,0,2440,1018,1422,0,0,0,1.0,1,1.0,1,1.0,1,0.20704278388142286,45
1322,0,2440,1018,1422,0,0,0,1.0,1,1.0,1,1.0,1,0.20704278388142286,45
1323,1,2441,1019,1422,0,0,0,1.0,1,1.0,1,1.0,1,0.2093701754662139,46
1324,1,2442,1019,1423,0,0,0,1.0,1,1.0,1,1.0,1,0.2172198807644254,45
1325,4,2446,1020,1426,0,0,0,1.0,1,1.0,1,1.0,1,0.2081839885766982,46
1326,0,2446,1020,1426,0,0,0,1.0,1,1.0,1,1.0,1,0.22558358050696395,45
1327,0,2446,1020,1426,0,0,0,1.0,1,1.0,1,1.0,1,0.2531306838545724,46
1328,2,2448,1020,1428,0,0,0,1.0,1,1.0,1,1.0,1,0.22476637643990033,47
1329,2,2450,1021,1429,0,0,0,1.0,1,1.0,1,1.0,1,0.22174531991195,47
1330,0,2450,1021,1429,0,0,0,1.0,1,1.0,1,1.0,1,0.23636622132881116,46
1331,2,2452,1022,1430,0,0,0,1.0,1,1.0,1,1.0,1,0.2214681826424335,46
1332,3,2455,1024,1431,0,0,0,1.0,1,1.0,1,1.0,1,0.25037363851131905,49
1333,0,2455,1024,1431,0,0,0,1.0,1,1.0,1,1.0,1,0.26615120162134737,50
1334,0,2455,1024,1431,0,0,0,1.0,1,1.0,1,1.0,1,0.26615120162134737,50
1335,4,2459,1024,1435,0,0,0,1.0,1,1.0,1,1.0,1,0.27432012938418043,52
1336,3,2462,1025,1437,0,0,0,1.0,1,1.0,1,1.0,1,0.22572305268196305,53
1337,0,2462,1025,1437,0,0,0,1.0,1,1.0,1,1.0,1,0.23944959096030424,54
1338,3,2465,1028,1437,0,0,0,1.0,1,1.0,1,1.0,1,0.29889426049280077,54
1339,6,2471,1030,1441,0,0,0,1.0,1,1.0,1,1.0,1,0.2792623921789266,54
1340,1,2472,1030,1442,0,0,0,1.0,1,1.0,1,1.0,1,0.2533144690410653,53
1341,1,2473,1030,1443,0,0,0,1.0,1,1.0,1,1.0,1,0.25178216103993706,53
1342,1,2474,1031,1443,0,0,0,1.0,1,1.0,1,1.0,1,0.27885354638589877,52
1343,1,2475,1032,1443,0,0,0,1.0,1,1.0,1,1.0,1,0.27211634720189426,50
1344,3,2478,1034,1444,0,0,0,1.0,1,1.0,1,1.0,1,0.2922979048427389,51
1345,0,2478,1034,1444,0,0,0,1.0,1,1.0,1,1.0,1,0.2809986056612273,50
1346,1,2479,1035,1444,0,0,0,1.0,1,1.0,1,1.0,1,0.30364578464693365,50
1347,0,2479,1035,1444,0,0,0,1.0,1,1.0,1,1.0,1,0.2968347247501379,48
1348,3,2482,1036,1446,0,0,0,1.0,1,1.0,1,1.0,1,0.29310640947037053,49
1349,1,2483,1037,1446,0,0,0,1.0,1,1.0,1,1.0,1,0.29122524979149633,48
1350,1,2484,1038,1446,0,0,0,1.0,1,1.0,1,1.0,1,0.34941604875946675,49
1351,8,2492,1038,1454,0,0,0,1.0,1,1.0,1,1.0,1,0.22440263061644447,48
1352,3,2495,1039,1456,0,0,0,1.0,1,1.0,1,1.0,1,0.200049131845331,49
1353,0,2495,1039,1456,0,0,0,1.0,1,1.0,1,1.0,1,0.19193097984250218,49
1354,2,2497,1039,1458,0,0,0,1.0,1,1.0,1,1.0,1,0.2161589879699918,49
1355,3,2500,1040,1460,0,0,0,1.0,1,1.0,1,1.0,1,0.18515284619293781,50
1356,2,2502,1041,1461,0,0,0,1.0,1,1.0,1,1.0,1,0.1817318929932812,50
1357,5,2507,1045,1462,0,0,0,1.0,1,1.0,1,1.0,1,0.19656632030446897,50
1358,2,2509,1046,1463,0,0,0,1.0,1,1.0,1,1.0,1,0.2306512766700498,51
1359,5,2514,1047,1467,0,0,0,1.0,1,1.0,1,1.0,1,0.21454158033409376,53
1360,3,2517,1047,1470,0,0,0,1.0,1,1.0,1,1.0,1,0.21388315762310073,54
1361,1,2518,1047,1471,0,0,0,1.0,1,1.0,1,1.0,1,0.20454902168093067,54
1362,1,2519,1047,1472,0,0,0,1.0,1,1.0,1,1.0,1,0.19526933169320418,55
1363,0,2519,1047,1472,0,0,0,1.0,1,1.0,1,1.0,1,0.19526933169320418,55
1364,0,2519,1047,1472,0,0,0,1.0,1,1.0,1,1.0,1,0.20435359054964553,55
1365,3,2522,1048,1474,0,0,0,1.0,1,1.0,1,1.0,1,0.20028838082273823,56
1366,2,2524,1048,1476,0,0,0,1.0,1,1.0,1,1.0,1,0.16903055181090293,56
1367,0,2524,1048,1476,0,0,0,1.0,1,1.0,1,1.0,1,0.16903055181090293,56
1368,1,2525,1048,1477,0,0,0,1.0,1,1.0,1,1.0,1,0.16466269377593537,58
1369,0,2525,1048,1477,0,0,0,1.0,1,1.0,1,1.0,1,0.165175914967621,59
1370,0,2525,1048,1477,0,0,0,1.0,1,1.0,1,1.0,1,0.165175914967621,59
1371,2,2527,1049,1478,0,0,0,1.0,1,1.0,1,1.0,1,0.15103579857789137,59
1372,0,2527,1049,1478,0,0,0,1.0,1,1.0,1,1.0,1,0.15103579857789137,59
1373,0,2527,1049,1478,0,0,0,1.0,1,1.0,1,1.0,1,0.15103579857789137,59
1374,5,2532,1050,1482,0,0,0,1.0,1,1.0,1,1.0,1,0.15014376146819514,60
1375,3,2535,1051,1484,0,0,0,1.0,1,1.0,1,1.0,1,0.14952017776239318,61
1376,2,2537,1051,1486,0,0,0,1.0,1,1.0,1,1.0,1,0.16615903565924892,61
1377,2,2539,1052,1487,0,0,0,1.0,1,1.0,1,1.0,1,0.15434041009927674,61
1378,4,2543,1054,1489,0,0,0,1.0,1,1.0,1,1.0,1,0.21269122077314281,61
1379,0,2543,1054,1489,0,0,0,1.0,1,1.0,1,1.0,1,0.21614867548107797,60
1380,4,2547,1055,1492,0,0,0,1.0,1,1.0,1,1.0,1,0.20181713854101163,60
1381,5,2552,1056,1496,0,0,0,1.0,1,1.0,1,1.0,1,0.1587643243152698,58
1382,2,2554,1058,1496,0,0,0,1.0,1,1.0,1,1.0,1,0.22801214933742384,58
1383,3,2557,1060,1497,0,0,0,1.0,1,1.0,1,1.0,1,0.20810442591910605,57
1384,3,2560,1062,1498,0,0,0,1.0,1,1.0,1,1.0,1,0.20742976807202476,54
1385,0,2560,1062,1498,0,0,0,1.0,1,1.0,1,1.0,1,0.1964832466839808,52
1386,3,2563,1063,1500,0,0,0,1.0,1,1.0,1,1.0,1,0.181795089436998,51
1387,1,2564,1064,1500,0,0,0,1.0,1,1.0,1,1.0,1,0.21224268370545618,51
1388,3,2567,1067,1500,0,0,0,1.0,1,1.0,1,1.0,1,0.20279872039904667,52
1389,0,2567,1067,1500,0,0,0,1.0,1,1.0,1,1.0,1,0.23629377769679963,50
1390,3,2570,1069,1501,0,0,0,1.0,1,1.0,1,1.0,1,0.22465311957853698,51
1391,0,2570,1069,1501,0,0,0,1.0,1,1.0,1,1.0,1,0.2270778073366013,50
1392,1,2571,1070,1501,0,0,0,1.0,1,1.0,1,1.0,1,0.21013564350283478,50
1393,0,2571,1070,1501,0,0,0,1.0,1,1.0,1,1.0,1,0.22914974826045567,49
1394,1,2572,1071,1501,0,0,0,1.0,1,1.0,1,1.0,1,0.24954847112534934,50
1395,0,2572,1071,1501,0,0,0,1.0,1,1.0,1,1.0,1,0.26151962958373326,51
1396,5,2577,1071,1506,0,0,0,1.0,1,1.0,1,1.0,1,0.1931743448999252,52
1397,1,2578,1072,1506,0,0,0,1.0,1,1.0,1,1.0,1,0.17721735105260622,52
1398,0,2578,1072,1506,0,0,0,1.0,1,1.0,1,1.0,1,0.15510060072471699,53
1399,3,2581,1074,1507,0,0,0,1.0,1,1.0,1,1.0,1,0.17713447862804038,54
1400,2,2583,1076,1507,0,0,0,1.0,1,1.0,1,1.0,1,0.21071803960051766,54
1401,5,2588,1078,1510,0,0,0,1.0,1,1.0,1,1.0,1,0.20508270632398393,54
1402,1,2589,1079,1510,0,0,0,1.0,1,1.0,1,1.0,1,0.20966955957567937,53
1403,0,2589,1079,1510,0,0,0,1.0,1,1.0,1,1.0,1,0.2280522011221702,52
1404,1,2590,1079,1511,0,0,0,1.0,1,1.0,1,1.0,1,0.2307065598054049,53
1405,0,2590,1079,1511,0,0,0,1.0,1,1.0,1,1.0,1,0.2495747651457489,52
1406,0,2590,1079,1511,0,0,0,1.0,1,1.0,1,1.0,1,0.2345838526084876,53
1407,0,2590,1079,1511,0,0,0,1.0,1,1.0,1,1.0,1,0.2440272372276343,54
1408,0,2590,1079,1511,0,0,0,1.0,1,1.0,1,1.0,1,0.25652191010186104,53
1409,0,2590,1079,1511,0,0,0,1.0,1,1.0,1,1.0,1,0.2581339464324468,55
1410,1,2591,1080,1511,0,0,0,1.0,1,1.0,1,1.0,1,0.24924145657214364,54
1411,5,2596,1080,1516,0,0,0,1.0,1,1.0,1,1.0,1,0.20988110907047838,54
1412,0,2596,1080,1516,0,0,0,1.0,1,1.0,1,1.0,1,0.2172421981982521,53
1413,0,2596,1080,1516,0,0,0,1.0,1,1.0,1,1.0,1,0.20783840585253843,54
1414,0,2596,1080,1516,0,0,0,1.0,1,1.0,1,1.0,1,0.22165644278792007,55
1415,1,2597,1081,1516,0,0,0,1.0,1,1.0,1,1.0,1,0.21530305224689694,57
1416,2,2599,1082,1517,0,0,0,1.0,1,1.0,1,1.0,1,0.21183364465520976,59
1417,1,2600,1083,1517,0,0,0,1.0,1,1.0,1,1.0,1,0.227260218336166,58
1418,1,2601,1084,1517,0,0,0,1.0,1,1.0,1,1.0,1,0.2226903629005998,57
1419,4,2605,1085,1520,0,0,0,1.0,1,1.0,1,1.0,1,0.22296200675820038,56
1420,1,2606,1085,1521,0,0,0,1.0,1,1.0,1,1.0,1,0.2518551252489285,54
1421,0,2606,1085,1521,0,0,0,1.0,1,1.0,1,1.0,1,0.24825675785157902,55
1422,0,2606,1085,1521,0,0,0,1.0,1,1.0,1,1.0,1,0.22692413143770598,52
1423,1,2607,1086,1521,0,0,0,1.0,1,1.0,1,1.0,1,0.2586591598243213,52
1424,4,2611,1090,1521,0,0,0,1.0,1,1.0,1,1.0,1,0.3034113472174894,51
1425,0,2611,1090,1521,0,0,0,1.0,1,1.0,1,1.0,1,0.30534795547656646,50
1426,8,2619,1091,1528,0,0,0,1.0,1,1.0,1,1.0,1,0.2124183411959491,50
1427,0,2619,1091,1528,0,0,0,1.0,1,1.0,1,1.0,1,0.2173402709329204,48
1428,4,2623,1093,1530,0,0,0,1.0,1,1.0,1,1.0,1,0.23173045590437139,48
1429,0,2623,1093,1530,0,0,0,1.0,1,1.0,1,1.0,1,0.2363378909490758,48
1430,1,2624,1094,1530,0,0,0,1.0,1,1.0,1,1.0,1,0.24775147760829383,48
1431,1,2625,1094,1531,0,0,0,1.0,1,1.0,1,1.0,1,0.2356825612542845,48
1432,1,2626,1094,1532,0,0,0,1.0,1,1.0,1,1.0,1,0.20212151321005767,50
1433,3,2629,1096,1533,0,0,0,1.0,1,1.0,1,1.0,1,0.18564168245975574,51
1434,2,2631,1098,1533,0,0,0,1.0,1,1.0,1,1.0,1,0.17442515483083024,51
1435,5,2636,1101,1535,0,0,0,1.0,1,1.0,1,1.0,1,0.19337051777013556,50
1436,2,2638,1102,1536,0,0,0,1.0,1,1.0,1,1.0,1,0.21831665684723317,51
1437,0,2638,1102,1536,0,0,0,1.0,1,1.0,1,1.0,1,0.21831665684723317,51
1438,2,2640,1104,1536,0,0,0,1.0,1,1.0,1,1.0,1,0.21342260476531885,51
1439,4,2644,1106,1538,0,0,0,1.0,1,1.0,1,1.0,1,0.19962077290166724,50
1440,1,2645,1107,1538,0,0,0,1.0,1,1.0,1,1.0,1,0.24672972784960281,51
1441,4,2649,1107,1542,0,0,0,1.0,1,1.0,1,1.0,1,0.20605275429272502,51
1442,3,2652,1109,1543,0,0,0,1.0,1,1.0,1,1.0,1,0.21862212727479252,52
1443,4,2656,1109,1547,0,0,0,1.0,1,1.0,1,1.0,1,0.1910727349536561,53
1444,4,2660,1110,1550,0,0,0,1.0,1,1.0,1,1.0,1,0.1912529249594255,54
1445,2,2662,1110,1552,0,0,0,1.0,1,1.0,1,1.0,1,0.1912529249594255,54
1446,2,2664,1110,1554,0,0,0,1.0,1,1.0,1,1.0,1,0.20134532926082302,54
1447,0,2664,1110,1554,0,0,0,1.0,1,1.0,1,1.0,1,0.19021648408397118,55
1448,1,2665,1110,1555,0,0,0,1.0,1,1.0,1,1.0,1,0.19958599269452992,55
1449,3,2668,1111,1557,0,0,0,1.0,1,1.0,1,1.0,1,0.18205818072454594,55
1450,5,2673,1111,1562,0,0,0,1.0,1,1.0,1,1.0,1,0.14722331119509496,57
1451,3,2676,1112,1564,0,0,0,1.0,1,1.0,1,1.0,1,0.1540891879187837,57
1452,3,2679,1113,1566,0,0,0,1.0,1,1.0,1,1.0,1,0.13848739537743554,57
1453,5,2684,1115,1569,0,0,0,1.0,1,1.0,1,1.0,1,0.19323118208488108,57
1454,8,2692,1116,1576,0,0,0,1.0,1,1.0,1,1.0,1,0.20001442745554404,58
1455,7,2699,1116,1583,0,0,0,1.0,1,1.0,1,1.0,1,0.17512499264722367,56
1456,3,2702,1117,1585,0,0,0,1.0,1,1.0,1,1.0,1,0.15877310787953633,55
1457,0,2702,1117,1585,0,0,0,1.0,1,1.0,1,1.0,1,0.18116539726220846,54
1458,2,2704,1119,1585,0,0,0,1.0,1,1.0,1,1.0,1,0.1787073928126778,53
1459,2,2706,1120,1586,0,0,0,1.0,1,1.0,1,1.0,1,0.1516923340518365,52
1460,0,2706,1120,1586,0,0,0,1.0,1,1.0,1,1.0,1,0.14583518361670544,51
1461,2,2708,1122,1586,0,0,0,1.0,1,1.0,1,1.0,1,0.15214980331643427,51
1462,1,2709,1123,1586,0,0,0,1.0,1,1.0,1,1.0,1,0.1595473799292655,51
1463,5,2714,1126,1588,0,0,0,1.0,1,1.0,1,1.0,1,0.20227097453493792,52
1464,1,2715,1127,1588,0,0,0,1.0,1,1.0,1,1.0,1,0.19461258126175573,52
1465,3,2718,1128,1590,0,0,0,1.0,1,1.0,1,1.0,1,0.20481316305721606,51
1466,7,2725,1133,1592,0,0,0,1.0,1,1.0,1,1.0,1,0.22206067547047492,50
1467,1,2726,1134,1592,0,0,0,1.0,1,1.0,1,1.0,1,0.22889038521981792,48
1468,3,2729,1136,1593,0,0,0,1.0,1,1.0,1,1.0,1,0.2112897727237219,48
1469,1,2730,1136,1594,0,0,0,1.0,1,1.0,1,1.0,1,0.24201333526796395,48
1470,1,2731,1137,1594,0,0,0,1.0,1,1.0,1,1.0,1,0.24249332424081219,48
1471,5,2736,1140,1596,0,0,0,1.0,1,1.0,1,1.0,1,0.22796397242296088,45
1472,0,2736,1140,1596,0,0,0,1.0,1,1.0,1,1.0,1,0.2297524884447486,45
1473,2,2738,1141,1597,0,0,0,1.0,1,1.0,1,1.0,1,0.2238918536554772,46
1474,2,2740,1141,1599,0,0,0,1.0,1,1.0,1,1.0,1,0.20250053041622282,46
1475,0,2740,1141,1599,0,0,0,1.0,1,1.0,1,1.0,1,0.20250053041622282,46
1476,0,2740,1141,1599,0,0,0,1.0,1,1.0,1,1.0,1,0.21268902542079296,47
1477,0,2740,1141,1599,0,0,0,1.0,1,1.0,1,1.0,1,0.21268902542079296,47
1478,3,2743,1141,1602,0,0,0,1.0,1,1.0,1,1.0,1,0.19568199443119072,47
1479,2,2745,1142,1603,0,0,0,1.0,1,1.0,1,1.0,1,0.1992395699784374,48
1480,2,2747,1143,1604,0,0,0,1.0,1,1.0,1,1.0,1,0.20096849929965702,47
1481,0,2747,1143,1604,0,0,0,1.0,1,1.0,1,1.0,1,0.20096849929965702,47
1482,3,2750,1146,1604,0,0,0,1.0,1,1.0,1,1.0,1,0.2365603290301837,46
1483,3,2753,1147,1606,0,0,0,1.0,1,1.0,1,1.0,1,0.22550538633789138,47
1484,1,2754,1148,1606,0,0,0,1.0,1,1.0,1,1.0,1,0.2166577327652736,47
1485,3,2757,1148,1609,0,0,0,1.0,1,1.0,1,1.0,1,0.23474980886269556,47
1486,3,2760,1148,1612,0,0,0,1.0,1,1.0,1,1.0,1,0.18431996619458121,49
1487,5,2765,1152,1613,0,0,0,1.0,1,1.0,1,1.0,1,0.15377475270299865,49
1488,2,2767,1154,1613,0,0,0,1.0,1,1.0,1,1.0,1,0.15614836347140756,51
1489,3,2770,1155,1615,0,0,0,1.0,1,1.0,1,1.0,1,0.16541356368801385,52
1490,0,2770,1155,1615,0,0,0,1.0,1,1.0,1,1.0,1,0.16541356368801385,52
1491,2,2772,1157,1615,0,0,0,1.0,1,1.0,1,1.0,1,0.1898908352388776,53
1492,6,2778,1160,1618,0,0,0,1.0,1,1.0,1,1.0,1,0.22608388958347467,53
1493,1,2779,1160,1619,0,0,0,1.0,1,1.0,1,1.0,1,0.18688492762448008,52
1494,3,2782,1162,1620,0,0,0,1.0,1,1.0,1,1.0,1,0.18906738928766284,50
1495,1,2783,1163,1620,0,0,0,1.0,1,1.0,1,1.0,1,0.21722605592454272,50
1496,2,2785,1165,1620,0,0,0,1.0,1,1.0,1,1.0,1,0.26603365144594293,52
1497,3,2788,1166,1622,0,0,0,1.0,1,1.0,1,1.0,1,0.21863606952719755,51
1498,1,2789,1166,1623,0,0,0,1.0,1,1.0,1,1.0,1,0.21116456576346054,50
1499,2,2791,1166,1625,0,0,0,1.0,1,1.0,1,1.0,1,0.19662075142890503,50
1500,1,2792,1167,1625,0,0,0,1.0,1,1.0,1,1.0,1,0.21983011498204885,49
1501,1,2793,1167,1626,0,0,0,1.0,1,1.0,1,1.0,1,0.18153819204373825,47
1502,3,2796,1170,1626,0,0,0,1.0,1,1.0,1,1.0,1,0.25449235832515993,47
1503,1,2797,1170,1627,0,0,0,1.0,1,1.0,1,1.0,1,0.2111466765841334,47
1504,2,2799,1172,1627,0,0,0,1.0,1,1.0,1,1.0,1,0.23133318621308688,48
1505,1,2800,1173,1627,0,0,0,1.0,1,1.0,1,1.0,1,0.24647972740319637,47
1506,2,2802,1175,1627,0,0,0,1.0,1,1.0,1,1.0,1,0.24968273953518647,47
1507,4,2806,1176,1630,0,0,0,1.0,1,1.0,1,1.0,1,0.20792325596251718,45
1508,3,2809,1179,1630,0,0,0,1.0,1,1.0,1,1.0,1,0.22516628343330886,45
1509,1,2810,1180,1630,0,0,0,1.0,1,1.0,1,1.0,1,0.23622065124957126,44
1510,2,2812,1182,1630,0,0,0,1.0,1,1.0,1,1.0,1,0.2748515583338161,42
1511,0,2812,1182,1630,0,0,0,1.0,1,1.0,1,1.0,1,0.27263124315261666,40
1512,4,2816,1186,1630,0,0,0,1.0,1,1.0,1,1.0,1,0.3739182126542678,39
1513,1,2817,1186,1631,0,0,0,1.0,1,1.0,1,1.0,1,0.3610787192274002,39
1514,0,2817,1186,1631,0,0,0,1.0,1,1.0,1,1.0,1,0.3678758970690884,38
1515,1,2818,1186,1632,0,0,0,1.0,1,1.0,1,1.0,1,0.37862889985295767,39
1516,7,2825,1186,1639,0,0,0,1.0,1,1.0,1,1.0,1,0.20138153103678988,39
1517,0,2825,1186,1639,0,0,0,1.0,1,1.0,1,1.0,1,0.20138153103678988,39
1518,4,2829,1187,1642,0,0,0,1.0,1,1.0,1,1.0,1,0.21457391958270963,39
1519,1,2830,1187,1643,0,0,0,1.0,1,1.0,1,1.0,1,0.20894042110586367,39
1520,1,2831,1188,1643,0,0,0,1.0,1,1.0,1,1.0,1,0.23018172163731457,39
1521,4,2835,1189,1646,0,0,0,1.0,1,1.0,1,1.0,1,0.2568883045546792,40
1522,2,2837,1190,1647,0,0,0,1.0,1,1.0,1,1.0,1,0.2855133139594664,40
1523,2,2839,1190,1649,0,0,0,1.0,1,1.0,1,1.0,1,0.3025345900882857,41
1524,0,2839,1190,1649,0,0,0,1.0,1,1.0,1,1.0,1,0.3111998374578273,42
1525,6,2845,1191,1654,0,0,0,1.0,1,1.0,1,1.0,1,0.23644552156220486,45
1526,2,2847,1191,1656,0,0,0,1.0,1,1.0,1,1.0,1,0.2558794922925672,46
1527,2,2849,1191,1658,0,0,0,1.0,1,1.0,1,1.0,1,0.21666113903466386,46
1528,2,2851,1191,1660,0,0,0,1.0,1,1.0,1,1.0,1,0.21384273918010055,47
1529,1,2852,1191,1661,0,0,0,1.0,1,1.0,1,1.0,1,0.18316887601872905,47
1530,0,2852,1191,1661,0,0,0,1.0,1,1.0,1,1.0,1,0.19693256996971828,48
1531,1,2853,1191,1662,0,0,0,1.0,1,1.0,1,1.0,1,0.16978612018251657,46
1532,3,2856,1192,1664,0,0,0,1.0,1,1.0,1,1.0,1,0.15953450551397255,47
1533,0,2856,1192,1664,0,0,0,1.0,1,1.0,1,1.0,1,0.14954163877356239,46
1534,1,2857,1193,1664,0,0,0,1.0,1,1.0,1,1.0,1,0.15275650143735875,47
1535,1,2858,1194,1664,0,0,0,1.0,1,1.0,1,1.0,1,0.16170866494734473,47
1536,1,2859,1194,1665,0,0,0,1.0,1,1.0,1,1.0,1,0.16307072866856112,48
1537,1,2860,1194,1666,0,0,0,1.0,1,1.0,1,1.0,1,0.13423684251682214,46
1538,0,2860,1194,1666,0,0,0,1.0,1,1.0,1,1.0,1,0.15147441603054346,47
1539,1,2861,1195,1666,0,0,0,1.0,1,1.0,1,1.0,1,0.1792280452418898,47
1540,1,2862,1196,1666,0,0,0,1.0,1,1.0,1,1.0,1,0.199177191663707,47
1541,0,2862,1196,1666,0,0,0,1.0,1,1.0,1,1.0,1,0.19924165686818823,47
1542,4,2866,1199,1667,0,0,0,1.0,1,1.0,1,1.0,1,0.24311894750652097,50
1543,3,2869,1202,1667,0,0,0,1.0,1,1.0,1,1.0,1,0.25629269895651285,47
1544,5,2874,1206,1668,0,0,0,1.0,1,1.0,1,1.0,1,0.3150751415848833,48
1545,6,2880,1207,1673,0,0,0,1.0,1,1.0,1,1.0,1,0.24741314740114703,47
1546,7,2887,1208,1679,0,0,0,1.0,1,1.0,1,1.0,1,0.15302015754024528,47
1547,2,2889,1209,1680,0,0,0,1.0,1,1.0,1,1.0,1,0.15862841516895093,47
1548,4,2893,1211,1682,0,0,0,1.0,1,1.0,1,1.0,1,0.16100026662929748,47
1549,3,2896,1214,1682,0,0,0,1.0,1,1.0,1,1.0,1,0.2072957063040899,46
1550,3,2899,1216,1683,0,0,0,1.0,1,1.0,1,1.0,1,0.2702092066302801,44
1551,4,2903,1218,1685,0,0,0,1.0,1,1.0,1,1.0,1,0.24896747423747945,45
1552,4,2907,1220,1687,0,0,0,1.0,1,1.0,1,1.0,1,0.23229208889598132,43
1553,3,2910,1222,1688,0,0,0,1.0,1,1.0,1,1.0,1,0.2129474912588571,43
1554,2,2912,1223,1689,0,0,0,1.0,1,1.0,1,1.0,1,0.27571298731078664,41
1555,2,2914,1224,1690,0,0,0,1.0,1,1.0,1,1.0,1,0.30152284438079735,44
1556,1,2915,1225,1690,0,0,0,1.0,1,1.0,1,1.0,1,0.26100775409258636,45
1557,2,2917,1226,1691,0,0,0,1.0,1,1.0,1,1.0,1,0.25686450647704057,45
1558,1,2918,1226,1692,0,0,0,1.0,1,1.0,1,1.0,1,0.23042967656790428,46
1559,2,2920,1227,1693,0,0,0,1.0,1,1.0,1,1.0,1,0.1805244652723442,47
1560,1,2921,1227,1694,0,0,0,1.0,1,1.0,1,1.0,1,0.2203950108732745,46
1561,4,2925,1228,1697,0,0,0,1.0,1,1.0,1,1.0,1,0.1393707238088616,47
1562,4,2929,1228,1701,0,0,0,1.0,1,1.0,1,1.0,1,0.10657141948280484,47
1563,2,2931,1228,1703,0,0,0,1.0,1,1.0,1,1.0,1,0.10657141948280484,47
1564,1,2932,1228,1704,0,0,0,1.0,1,1.0,1,1.0,1,0.08616049680984825,47
1565,2,2934,1228,1706,0,0,0,1.0,1,1.0,1,1.0,1,0.14106732230238317,48
1566,4,2938,1229,1709,0,0,0,1.0,1,1.0,1,1.0,1,0.14932215042108896,48
1567,1,2939,1229,1710,0,0,0,1.0,1,1.0,1,1.0,1,0.18748074541970336,48
1568,2,2941,1230,1711,0,0,0,1.0,1,1.0,1,1.0,1,0.2320479973784791,48
1569,2,2943,1231,1712,0,0,0,1.0,1,1.0,1,1.0,1,0.2196513571183332,45
1570,2,2945,1231,1714,0,0,0,1.0,1,1.0,1,1.0,1,0.21838977763124895,44
1571,5,2950,1233,1717,0,0,0,1.0,1,1.0,1,1.0,1,0.2147466108014069,42
1572,4,2954,1234,1720,0,0,0,1.0,1,1.0,1,1.0,1,0.22098614244515058,43
1573,3,2957,1235,1722,0,0,0,1.0,1,1.0,1,1.0,1,0.2257491512422729,43
1574,4,2961,1237,1724,0,0,0,1.0,1,1.0,1,1.0,1,0.27357576026918506,42
1575,4,2965,1238,1727,0,0,0,1.0,1,1.0,1,1.0,1,0.25122173245171825,43
1576,7,2972,1240,1732,0,0,0,1.0,1,1.0,1,1.0,1,0.15675502097217928,41
1577,2,2974,1242,1732,0,0,0,1.0,1,1.0,1,1.0,1,0.19120257581240202,40
1578,0,2974,1242,1732,0,0,0,1.0,1,1.0,1,1.0,1,0.18704524969958675,40
1579,1,2975,1243,1732,0,0,0,1.0,1,1.0,1,1.0,1,0.21457616984643266,40
1580,2,2977,1244,1733,0,0,0,1.0,1,1.0,1,1.0,1,0.21092468041380952,40
1581,0,2977,1244,1733,0,0,0,1.0,1,1.0,1,1.0,1,0.21216134682984122,40
1582,3,2980,1246,1734,0,0,0,1.0,1,1.0,1,1.0,1,0.24531863797301115,40
1583,0,2980,1246,1734,0,0,0,1.0,1,1.0,1,1.0,1,0.2357529810032516,38
1584,3,2983,1249,1734,0,0,0,1.0,1,1.0,1,1.0,1,0.2111487615087945,39
1585,3,2986,1252,1734,0,0,0,1.0,1,1.0,1,1.0,1,0.21433682060215486,38
1586,4,2990,1255,1735,0,0,0,1.0,1,1.0,1,1.0,1,0.24298104363000708,38
1587,1,2991,1256,1735,0,0,0,1.0,1,1.0,1,1.0,1,0.19014007664857632,37
1588,4,2995,1258,1737,0,0,0,1.0,1,1.0,1,1.0,1,0.20896100401918585,39
1589,0,2995,1258,1737,0,0,0,1.0,1,1.0,1,1.0,1,0.18766405817228363,37
1590,2,2997,1260,1737,0,0,0,1.0,1,1.0,1,1.0,1,0.21475897291867696,37
1591,1,2998,1260,1738,0,0,0,1.0,1,1.0,1,1.0,1,0.21795307698072777,36
1592,2,3000,1260,1740,0,0,0,1.0,1,1.0,1,1.0,1,0.22863458405604983,34
1593,3,3003,1262,1741,0,0,0,1.0,1,1.0,1,1.0,1,0.2684766223473943,33
1594,0,3003,1262,1741,0,0,0,1.0,1,1.0,1,1.0,1,0.280494173223648,31
1595,1,3004,1262,1742,0,0,0,1.0,1,1.0,1,1.0,1,0.2764951273361807,34
1596,0,3004,1262,1742,0,0,0,1.0,1,1.0,1,1.0,1,0.2908167413359551,33
1597,0,3004,1262,1742,0,0,0,1.0,1,1.0,1,1.0,1,0.2908167413359551,33
1598,0,3004,1262,1742,0,0,0,1.0,1,1.0,1,1.0,1,0.29439577543876955,33
1599,0,3004,1262,1742,0,0,0,1.0,1,1.0,1,1.0,1,0.29439577543876955,33
1600,1,3005,1262,1743,0,0,0,1.0,1,1.0,1,1.0,1,0.2832961859808668,34
1601,2,3007,1264,1743,0,0,0,1.0,1,1.0,1,1.0,1,0.3236996123307706,35
1602,0,3007,1264,1743,0,0,0,1.0,1,1.0,1,1.0,1,0.3025413335414949,36
1603,2,3009,1265,1744,0,0,0,1.0,1,1.0,1,1.0,1,0.3272903960097559,38
1604,3,3012,1266,1746,0,0,0,1.0,1,1.0,1,1.0,1,0.3056952363333303,38
1605,1,3013,1266,1747,0,0,0,1.0,1,1.0,1,1.0,1,0.26712678744394536,38
1606,5,3018,1268,1750,0,0,0,1.0,1,1.0,1,1.0,1,0.27290873048974024,39
1607,2,3020,1269,1751,0,0,0,1.0,1,1.0,1,1.0,1,0.2881725759762031,37
1608,4,3024,1270,1754,0,0,0,1.0,1,1.0,1,1.0,1,0.2786742027183717,36
1609,0,3024,1270,1754,0,0,0,1.0,1,1.0,1,1.0,1,0.25933998176097733,34
1610,1,3025,1271,1754,0,0,0,1.0,1,1.0,1,1.0,1,0.2645645700450805,34
1611,4,3029,1273,1756,0,0,0,1.0,1,1.0,1,1.0,1,0.2871808364386824,35
1612,1,3030,1273,1757,0,0,0,1.0,1,1.0,1,1.0,1,0.29468732573346257,33
1613,1,3031,1273,1758,0,0,0,1.0,1,1.0,1,1.0,1,0.3101998470592187,34
1614,3,3034,1273,1761,0,0,0,1.0,1,1.0,1,1.0,1,0.27390871750707685,35
1615,1,3035,1273,1762,0,0,0,1.0,1,1.0,1,1.0,1,0.26509590938831556,35
1616,2,3037,1273,1764,0,0,0,1.0,1,1.0,1,1.0,1,0.24662255039878692,37
1617,3,3040,1274,1766,0,0,0,1.0,1,1.0,1,1.0,1,0.2612743580527481,38
1618,2,3042,1275,1767,0,0,0,1.0,1,1.0,1,1.0,1,0.27789587386574066,38
1619,2,3044,1276,1768,0,0,0,1.0,1,1.0,1,1.0,1,0.2773275984774619,38
1620,2,3046,1277,1769,0,0,0,1.0,1,1.0,1,1.0,1,0.2787930372259461,39
1621,3,3049,1280,1769,0,0,0,1.0,1,1.0,1,1.0,1,0.29945523538139324,37
1622,2,3051,1280,1771,0,0,0,1.0,1,1.0,1,1.0,1,0.27513962357675564,37
1623,2,3053,1281,1772,0,0,0,1.0,1,1.0,1,1.0,1,0.2729561448204269,37
1624,2,3055,1282,1773,0,0,0,1.0,1,1.0,1,1.0,1,0.2475827582723286,37
1625,1,3056,1282,1774,0,0,0,1.0,1,1.0,1,1.0,1,0.25161789814230023,35
1626,1,3057,1283,1774,0,0,0,1.0,1,1.0,1,1.0,1,0.27555373107782766,35
1627,0,3057,1283,1774,0,0,0,1.0,1,1.0,1,1.0,1,0.26504858507633333,34
1628,5,3062,1286,1776,0,0,0,1.0,1,1.0,1,1.0,1,0.3103231693017538,35
1629,3,3065,1289,1776,0,0,0,1.0,1,1.0,1,1.0,1,0.39113419895176876,34
1630,0,3065,1289,1776,0,0,0,1.0,1,1.0,1,1.0,1,0.3908922062462292,32
1631,0,3065,1289,1776,0,0,0,1.0,1,1.0,1,1.0,1,0.40095005753971913,33
1632,2,3067,1290,1777,0,0,0,1.0,1,1.0,1,1.0,1,0.377348342341564,32
1633,0,3067,1290,1777,0,0,0,1.0,1,1.0,1,1.0,1,0.3650187321196748,31
1634,0,3067,1290,1777,0,0,0,1.0,1,1.0,1,1.0,1,0.3650187321196748,31
1635,0,3067,1290,1777,0,0,0,1.0,1,1.0,1,1.0,1,0.3662607772160019,31
1636,2,3069,1291,1778,0,0,0,1.0,1,1.0,1,1.0,1,0.30262265515894693,33
1637,0,3069,1291,1778,0,0,0,1.0,1,1.0,1,1.0,1,0.30262265515894693,33
1638,3,3072,1291,1781,0,0,0,1.0,1,1.0,1,1.0,1,0.254738019590918,36
1639,0,3072,1291,1781,0,0,0,1.0,1,1.0,1,1.0,1,0.254738019590918,36
1640,1,3073,1292,1781,0,0,0,1.0,1,1.0,1,1.0,1,0.298037447441771,36
1641,1,3074,1293,1781,0,0,0,1.0,1,1.0,1,1.0,1,0.2898989692510233,38
1642,5,3079,1296,1783,0,0,0,1.0,1,1.0,1,1.0,1,0.3367611418228532,37
1643,1,3080,1297,1783,0,0,0,1.0,1,1.0,1,1.0,1,0.3122715981834463,37
1644,1,3081,1298,1783,0,0,0,1.0,1,1.0,1,1.0,1,0.37561123063086965,38
1645,0,3081,1298,1783,0,0,0,1.0,1,1.0,1,1.0,1,0.3437274372205814,36
1646,1,3082,1299,1783,0,0,0,1.0,1,1.0,1,1.0,1,0.3848035680911167,37
1647,2,3084,1300,1784,0,0,0,1.0,1,1.0,1,1.0,1,0.3778386479455433,35
1648,1,3085,1300,1785,0,0,0,1.0,1,1.0,1,1.0,1,0.3792938319984362,38
1649,0,3085,1300,1785,0,0,0,1.0,1,1.0,1,1.0,1,0.40331998095373456,35
1650,0,3085,1300,1785,0,0,0,1.0,1,1.0,1,1.0,1,0.4230730579096898,34
1651,1,3086,1300,1786,0,0,0,1.0,1,1.0,1,1.0,1,0.4206799392614299,32
1652,2,3088,1300,1788,0,0,0,1.0,1,1.0,1,1.0,1,0.3956676756987508,33
1653,0,3088,1300,1788,0,0,0,1.0,1,1.0,1,1.0,1,0.3956676756987508,33
1654,2,3090,1300,1790,0,0,0,1.0,1,1.0,1,1.0,1,0.37164289461456984,34
1655,5,3095,1300,1795,0,0,0,1.0,1,1.0,1,1.0,1,0.32228221343893076,35
1656,1,3096,1300,1796,0,0,0,1.0,1,1.0,1,1.0,1,0.3006579621841342,35
1657,4,3100,1300,1800,0,0,0,1.0,1,1.0,1,1.0,1,0.25237495367074103,36
1658,1,3101,1300,1801,0,0,0,1.0,1,1.0,1,1.0,1,0.26713196772424785,36
1659,0,3101,1300,1801,0,0,0,1.0,1,1.0,1,1.0,1,0.26713196772424785,36
1660,7,3108,1304,1804,0,0,0,1.0,1,1.0,1,1.0,1,0.27766660370458696,38
1661,2,3110,1304,1806,0,0,0,1.0,1,1.0,1,1.0,1,0.27766660370458696,38
1662,4,3114,1307,1807,0,0,0,1.0,1,1.0,1,1.0,1,0.24531868164223938,39
1663,5,3119,1308,1811,0,0,0,1.0,1,1.0,1,1.0,1,0.2227370573220009,40
1664,2,3121,1309,1812,0,0,0,1.0,1,1.0,1,1.0,1,0.28589234662248986,39
1665,4,3125,1310,1815,0,0,0,1.0,1,1.0,1,1.0,1,0.24864492329157484,40
1666,4,3129,1311,1818,0,0,0,1.0,1,1.0,1,1.0,1,0.20273659603699778,40
1667,1,3130,1312,1818,0,0,0,1.0,1,1.0,1,1.0,1,0.21829023510471407,40
1668,0,3130,1312,1818,0,0,0,1.0,1,1.0,1,1.0,1,0.21649150854773389,41
1669,0,3130,1312,1818,0,0,0,1.0,1,1.0,1,1.0,1,0.19906822788865824,40
1670,1,3131,1313,1818,0,0,0,1.0,1,1.0,1,1.0,1,0.20105448903638332,40
1671,0,3131,1313,1818,0,0,0,1.0,1,1.0,1,1.0,1,0.22280208405072394,41
1672,1,3132,1314,1818,0,0,0,1.0,1,1.0,1,1.0,1,0.2545459257822653,40
1673,2,3134,1315,1819,0,0,0,1.0,1,1.0,1,1.0,1,0.25880298920694667,39
1674,1,3135,1316,1819,0,0,0,1.0,1,1.0,1,1.0,1,0.28733134426748747,40
1675,0,3135,1316,1819,0,0,0,1.0,1,1.0,1,1.0,1,0.2836976288173074,38
1676,0,3135,1316,1819,0,0,0,1.0,1,1.0,1,1.0,1,0.2947904729230555,39
1677,0,3135,1316,1819,0,0,0,1.0,1,1.0,1,1.0,1,0.29538933030318393,39
1678,1,3136,1316,1820,0,0,0,1.0,1,1.0,1,1.0,1,0.2668997078956958,39
1679,1,3137,1317,1820,0,0,0,1.0,1,1.0,1,1.0,1,0.2739772663741229,39
1680,4,3141,1319,1822,0,0,0,1.0,1,1.0,1,1.0,1,0.28894844899771427,41
1681,5,3146,1320,1826,0,0,0,1.0,1,1.0,1,1.0,1,0.21771936528717176,41
1682,3,3149,1320,1829,0,0,0,1.0,1,1.0,1,1.0,1,0.18865629684776025,43
1683,6,3155,1323,1832,0,0,0,1.0,1,1.0,1,1.0,1,0.2297661846657701,43
1684,3,3158,1324,1834,0,0,0,1.0,1,1.0,1,1.0,1,0.2501511264828521,42
1685,5,3163,1324,1839,0,0,0,1.0,1,1.0,1,1.0,1,0.24065200924975774,41
1686,4,3167,1326,1841,0,0,0,1.0,1,1.0,1,1.0,1,0.3017444050960373,41
1687,3,3170,1327,1843,0,0,0,1.0,1,1.0,1,1.0,1,0.2520155536511257,40
1688,3,3173,1329,1844,0,0,0,1.0,1,1.0,1,1.0,1,0.30603603851689104,39
1689,4,3177,1331,1846,0,0,0,1.0,1,1.0,1,1.0,1,0.3345238855546894,38
1690,3,3180,1331,1849,0,0,0,1.0,1,1.0,1,1.0,1,0.3263926636864473,38
1691,4,3184,1332,1852,0,0,0,1.0,1,1.0,1,1.0,1,0.34015664557571945,36
1692,3,3187,1333,1854,0,0,0,1.0,1,1.0,1,1.0,1,0.3403054173932448,36
1693,3,3190,1335,1855,0,0,0,1.0,1,1.0,1,1.0,1,0.3838063024717881,35
1694,2,3192,1335,1857,0,0,0,1.0,1,1.0,1,1.0,1,0.4091340332011476,33
1695,3,3195,1335,1860,0,0,0,1.0,1,1.0,1,1.0,1,0.3434687576085408,34
1696,3,3198,1335,1863,0,0,0,1.0,1,1.0,1,1.0,1,0.2677736109834927,35
1697,0,3198,1335,1863,0,0,0,1.0,1,1.0,1,1.0,1,0.25331112117847693,36
1698,1,3199,1336,1863,0,0,0,1.0,1,1.0,1,1.0,1,0.2369561045408739,38
1699,1,3200,1337,1863,0,0,0,1.0,1,1.0,1,1.0,1,0.25701118367012654,38
1700,0,3200,1337,1863,0,0,0,1.0,1,1.0,1,1.0,1,0.27256984719461996,39
1701,1,3201,1337,1864,0,0,0,1.0,1,1.0,1,1.0,1,0.2662592575754829,40
1702,2,3203,1339,1864,0,0,0,1.0,1,1.0,1,1.0,1,0.3144226075024195,41
1703,3,3206,1340,1866,0,0,0,1.0,1,1.0,1,1.0,1,0.3031896302278259,41
1704,4,3210,1344,1866,0,0,0,1.0,1,1.0,1,1.0,1,0.3328309489792386,41
1705,0,3210,1344,1866,0,0,0,1.0,1,1.0,1,1.0,1,0.3138725928402759,40
1706,2,3212,1345,1867,0,0,0,1.0,1,1.0,1,1.0,1,0.3238047879932416,40
1707,3,3215,1346,1869,0,0,0,1.0,1,1.0,1,1.0,1,0.2921345022057337,39
1708,4,3219,1349,1870,0,0,0,1.0,1,1.0,1,1.0,1,0.2939783179370797,39
1709,1,3220,1350,1870,0,0,0,1.0,1,1.0,1,1.0,1,0.2991149859302046,38
1710,6,3226,1354,1872,0,0,0,1.0,1,1.0,1,1.0,1,0.33277534606403064,39
1711,5,3231,1355,1876,0,0,0,1.0,1,1.0,1,1.0,1,0.2777364424692689,38
1712,0,3231,1355,1876,0,0,0,1.0,1,1.0,1,1.0,1,0.2777364424692689,38
1713,0,3231,1355,1876,0,0,0,1.0,1,1.0,1,1.0,1,0.3001101324961594,37
1714,0,3231,1355,1876,0,0,0,1.0,1,1.0,1,1.0,1,0.31067803917241127,38
1715,4,3235,1356,1879,0,0,0,1.0,1,1.0,1,1.0,1,0.2809457497950988,40
1716,0,3235,1356,1879,0,0,0,1.0,1,1.0,1,1.0,1,0.2914128980260441,39
1717,1,3236,1357,1879,0,0,0,1.0,1,1.0,1,1.0,1,0.3032543192047258,38
1718,0,3236,1357,1879,0,0,0,1.0,1,1.0,1,1.0,1,0.3309311041201606,38
1719,0,3236,1357,1879,0,0,0,1.0,1,1.0,1,1.0,1,0.3309311041201606,38
1720,3,3239,1359,1880,0,0,0,1.0,1,1.0,1,1.0,1,0.33888436930351196,41
1721,1,3240,1359,1881,0,0,0,1.0,1,1.0,1,1.0,1,0.2742145611079753,39
1722,0,3240,1359,1881,0,0,0,1.0,1,1.0,1,1.0,1,0.2660036998938443,40
1723,0,3240,1359,1881,0,0,0,1.0,1,1.0,1,1.0,1,0.24004509161000998,38
1724,0,3240,1359,1881,0,0,0,1.0,1,1.0,1,1.0,1,0.28948033045021004,37
1725,3,3243,1359,1884,0,0,0,1.0,1,1.0,1,1.0,1,0.2667037593407802,38
1726,1,3244,1359,1885,0,0,0,1.0,1,1.0,1,1.0,1,0.2418906967687459,37
1727,1,3245,1359,1886,0,0,0,1.0,1,1.0,1,1.0,1,0.23372763727723875,37
1728,0,3245,1359,1886,0,0,0,1.0,1,1.0,1,1.0,1,0.25323953162051044,35
1729,0,3245,1359,1886,0,0,0,1.0,1,1.0,1,1.0,1,0.2506738162296067,37
1730,2,3247,1360,1887,0,0,0,1.0,1,1.0,1,1.0,1,0.30556874383304017,37
1731,0,3247,1360,1887,0,0,0,1.0,1,1.0,1,1.0,1,0.30556874383304017,37
1732,2,3249,1360,1889,0,0,0,1.0,1,1.0,1,1.0,1,0.3231302430622075,37
1733,3,3252,1361,1891,0,0,0,1.0,1,1.0,1,1.0,1,0.28704871393236314,36
1734,1,3253,1361,1892,0,0,0,1.0,1,1.0,1,1.0,1,0.29080301287995497,35
1735,3,3256,1363,1893,0,0,0,1.0,1,1.0,1,1.0,1,0.24614081662270879,34
1736,0,3256,1363,1893,0,0,0,1.0,1,1.0,1,1.0,1,0.2619552574530866,35
1737,5,3261,1366,1895,0,0,0,1.0,1,1.0,1,1.0,1,0.23365409161265865,36
1738,3,3264,1367,1897,0,0,0,1.0,1,1.0,1,1.0,1,0.25201438134543674,37
1739,2,3266,1368,1898,0,0,0,1.0,1,1.0,1,1.0,1,0.24013290673932977,38
1740,1,3267,1368,1899,0,0,0,1.0,1,1.0,1,1.0,1,0.230790768349821,37
1741,0,3267,1368,1899,0,0,0,1.0,1,1.0,1,1.0,1,0.247483119273152,38
1742,4,3271,1371,1900,0,0,0,1.0,1,1.0,1,1.0,1,0.2759529588858123,39
1743,1,3272,1372,1900,0,0,0,1.0,1,1.0,1,1.0,1,0.276558846230969,37
1744,3,3275,1375,1900,0,0,0,1.0,1,1.0,1,1.0,1,0.29108139229265756,38
1745,3,3278,1375,1903,0,0,0,1.0,1,1.0,1,1.0,1,0.2631285129401899,37
1746,2,3280,1376,1904,0,0,0,1.0,1,1.0,1,1.0,1,0.2560802809478831,38
1747,1,3281,1376,1905,0,0,0,1.0,1,1.0,1,1.0,1,0.22001659319265104,38
1748,2,3283,1377,1906,0,0,0,1.0,1,1.0,1,1.0,1,0.23406390678212105,38
1749,0,3283,1377,1906,0,0,0,1.0,1,1.0,1,1.0,1,0.25155438924450935,37
1750,0,3283,1377,1906,0,0,0,1.0,1,1.0,1,1.0,1,0.2570548265626775,39
1751,0,3283,1377,1906,0,0,0,1.0,1,1.0,1,1.0,1,0.25660387907571136,38
1752,0,3283,1377,1906,0,0,0,1.0,1,1.0,1,1.0,1,0.26616321671187765,39
1753,0,3283,1377,1906,0,0,0,1.0,1,1.0,1,1.0,1,0.25933434550224377,40
1754,0,3283,1377,1906,0,0,0,1.0,1,1.0,1,1.0,1,0.2752450403429767,41
1755,2,3285,1377,1908,0,0,0,1.0,1,1.0,1,1.0,1,0.2711250721539919,41
1756,5,3290,1378,1912,0,0,0,1.0,1,1.0,1,1.0,1,0.17688165255336832,42
1757,2,3292,1379,1913,0,0,0,1.0,1,1.0,1,1.0,1,0.20440820359005848,42
1758,2,3294,1381,1913,0,0,0,1.0,1,1.0,1,1.0,1,0.25052978238749274,42
1759,2,3296,1381,1915,0,0,0,1.0,1,1.0,1,1.0,1,0.26655720142856903,39
1760,5,3301,1383,1918,0,0,0,1.0,1,1.0,1,1.0,1,0.3758493873633675,39
1761,5,3306,1385,1921,0,0,0,1.0,1,1.0,1,1.0,1,0.38209736922124127,38
1762,5,3311,1387,1924,0,0,0,1.0,1,1.0,1,1.0,1,0.33474957509087466,37
1763,1,3312,1387,1925,0,0,0,1.0,1,1.0,1,1.0,1,0.36042024708586207,37
1764,1,3313,1388,1925,0,0,0,1.0,1,1.0,1,1.0,1,0.36112027245720413,36
1765,2,3315,1390,1925,0,0,0,1.0,1,1.0,1,1.0,1,0.3862316051974984,37
1766,1,3316,1390,1926,0,0,0,1.0,1,1.0,1,1.0,1,0.3403967461207862,36
1767,1,3317,1391,1926,0,0,0,1.0,1,1.0,1,1.0,1,0.3788604499879646,36
1768,0,3317,1391,1926,0,0,0,1.0,1,1.0,1,1.0,1,0.3788604499879646,36
1769,2,3319,1392,1927,0,0,0,1.0,1,1.0,1,1.0,1,0.3517926849929979,38
1770,2,3321,1393,1928,0,0,0,1.0,1,1.0,1,1.0,1,0.3423749707194949,38
1771,4,3325,1393,1932,0,0,0,1.0,1,1.0,1,1.0,1,0.2562794555159477,38
1772,0,3325,1393,1932,0,0,0,1.0,1,1.0,1,1.0,1,0.24732256798674973,40
1773,2,3327,1394,1933,0,0,0,1.0,1,1.0,1,1.0,1,0.25467968827116366,40
1774,2,3329,1394,1935,0,0,0,1.0,1,1.0,1,1.0,1,0.22654733877503913,40
1775,3,3332,1395,1937,0,0,0,1.0,1,1.0,1,1.0,1,0.22677246954768815,41
1776,0,3332,1395,1937,0,0,0,1.0,1,1.0,1,1.0,1,0.20296565803995362,43
1777,0,3332,1395,1937,0,0,0,1.0,1,1.0,1,1.0,1,0.21313279183682238,44
1778,2,3334,1397,1937,0,0,0,1.0,1,1.0,1,1.0,1,0.20542367024186928,44
1779,0,3334,1397,1937,0,0,0,1.0,1,1.0,1,1.0,1,0.20542367024186928,44
1780,2,3336,1397,1939,0,0,0,1.0,1,1.0,1,1.0,1,0.16767385689809333,46
1781,2,3338,1398,1940,0,0,0,1.0,1,1.0,1,1.0,1,0.17592929133456586,46
1782,2,3340,1399,1941,0,0,0,1.0,1,1.0,1,1.0,1,0.19292866096031172,45
1783,1,3341,1400,1941,0,0,0,1.0,1,1.0,1,1.0,1,0.1978569481683584,44
1784,5,3346,1402,1944,0,0,0,1.0,1,1.0,1,1.0,1,0.21225009915568174,44
1785,2,3348,1403,1945,0,0,0,1.0,1,1.0,1,1.0,1,0.25226176162884456,42
1786,6,3354,1406,1948,0,0,0,1.0,1,1.0,1,1.0,1,0.22357682683205726,42
1787,2,3356,1407,1949,0,0,0,1.0,1,1.0,1,1.0,1,0.2593077882313418,41
1788,1,3357,1407,1950,0,0,0,1.0,1,1.0,1,1.0,1,0.2614108284926054,41
1789,0,3357,1407,1950,0,0,0,1.0,1,1.0,1,1.0,1,0.2619841184609735,41
1790,3,3360,1409,1951,0,0,0,1.0,1,1.0,1,1.0,1,0.28627367084394706,41
1791,3,3363,1410,1953,0,0,0,1.0,1,1.0,1,1.0,1,0.24980756706453308,41
1792,2,3365,1411,1954,0,0,0,1.0,1,1.0,1,1.0,1,0.23461053942230412,43
1793,6,3371,1415,1956,0,0,0,1.0,1,1.0,1,1.0,1,0.18699588438051368,43
1794,1,3372,1416,1956,0,0,0,1.0,1,1.0,1,1.0,1,0.23096847556204417,41
1795,1,3373,1417,1956,0,0,0,1.0,1,1.0,1,1.0,1,0.22831566515274174,41
1796,3,3376,1418,1958,0,0,0,1.0,1,1.0,1,1.0,1,0.2729980851319832,40
1797,1,3377,1419,1958,0,0,0,1.0,1,1.0,1,1.0,1,0.30712393669921223,38
1798,0,3377,1419,1958,0,0,0,1.0,1,1.0,1,1.0,1,0.30712393669921223,38
1799,1,3378,1420,1958,0,0,0,1.0,1,1.0,1,1.0,1,0.2992016505415242,37
1800,1,3379,1421,1958,0,0,0,1.0,1,1.0,1,1.0,1,0.3258947241364936,35
1801,3,3382,1421,1961,0,0,0,1.0,1,1.0,1,1.0,1,0.2172254609051081,34
1802,1,3383,1421,1962,0,0,0,1.0,1,1.0,1,1.0,1,0.14929612376840742,33
1803,1,3384,1422,1962,0,0,0,1.0,1,1.0,1,1.0,1,0.20221305751859805,33
1804,1,3385,1423,1962,0,0,0,1.0,1,1.0,1,1.0,1,0.22585716016253704,33
1805,0,3385,1423,1962,0,0,0,1.0,1,1.0,1,1.0,1,0.2291622222376003,35
1806,0,3385,1423,1962,0,0,0,1.0,1,1.0,1,1.0,1,0.2419595029907683,36
1807,0,3385,1423,1962,0,0,0,1.0,1,1.0,1,1.0,1,0.24502358405863692,35
1808,2,3387,1424,1963,0,0,0,1.0,1,1.0,1,1.0,1,0.2446971090101416,37
1809,1,3388,1424,1964,0,0,0,1.0,1,1.0,1,1.0,1,0.28584606476176805,35
1810,3,3391,1424,1967,0,0,0,1.0,1,1.0,1,1.0,1,0.24457212483089424,36
1811,2,3393,1424,1969,0,0,0,1.0,1,1.0,1,1.0,1,0.23882024877572272,34
1812,3,3396,1425,1971,0,0,0,1.0,1,1.0,1,1.0,1,0.26834421378088397,36
1813,3,3399,1425,1974,0,0,0,1.0,1,1.0,1,1.0,1,0.28502036892622973,35
1814,1,3400,1425,1975,0,0,0,1.0,1,1.0,1,1.0,1,0.3051251860156074,36
1815,6,3406,1426,1980,0,0,0,1.0,1,1.0,1,1.0,1,0.31742738969570183,35
1816,3,3409,1426,1983,0,0,0,1.0,1,1.0,1,1.0,1,0.24231000351218449,35
1817,1,3410,1427,1983,0,0,0,1.0,1,1.0,1,1.0,1,0.283163021743423,35
1818,4,3414,1428,1986,0,0,0,1.0,1,1.0,1,1.0,1,0.16339690960804398,36
1819,2,3416,1430,1986,0,0,0,1.0,1,1.0,1,1.0,1,0.18232763214752154,37
1820,1,3417,1430,1987,0,0,0,1.0,1,1.0,1,1.0,1,0.18624074444188185,37
1821,1,3418,1431,1987,0,0,0,1.0,1,1.0,1,1.0,1,0.19312574435446733,38
1822,2,3420,1432,1988,0,0,0,1.0,1,1.0,1,1.0,1,0.22687246007202744,37
1823,2,3422,1434,1988,0,0,0,1.0,1,1.0,1,1.0,1,0.28001278937277224,36
1824,4,3426,1437,1989,0,0,0,1.0,1,1.0,1,1.0,1,0.312423534246896,36
1825,2,3428,1439,1989,0,0,0,1.0,1,1.0,1,1.0,1,0.31911923683114973,34
1826,6,3434,1441,1993,0,0,0,1.0,1,1.0,1,1.0,1,0.27045859114189563,35
1827,1,3435,1442,1993,0,0,0,1.0,1,1.0,1,1.0,1,0.2958882092567806,34
1828,3,3438,1444,1994,0,0,0,1.0,1,1.0,1,1.0,1,0.24995719407358366,33
1829,0,3438,1444,1994,0,0,0,1.0,1,1.0,1,1.0,1,0.2731749537031303,31
1830,1,3439,1445,1994,0,0,0,1.0,1,1.0,1,1.0,1,0.2951220259336162,31
1831,4,3443,1446,1997,0,0,0,1.0,1,1.0,1,1.0,1,0.2153210554302737,30
1832,0,3443,1446,1997,0,0,0,1.0,1,1.0,1,1.0,1,0.23268075429326884,29
1833,2,3445,1448,1997,0,0,0,1.0,1,1.0,1,1.0,1,0.2919396508636859,28
1834,1,3446,1448,1998,0,0,0,1.0,1,1.0,1,1.0,1,0.2863242142194379,27
1835,2,3448,1449,1999,0,0,0,1.0,1,1.0,1,1.0,1,0.23880150047319046,26
1836,1,3449,1449,2000,0,0,0,1.0,1,1.0,1,1.0,1,0.26899021366787906,26
1837,1,3450,1450,2000,0,0,0,1.0,1,1.0,1,1.0,1,0.3511285566973523,25
1838,0,3450,1450,2000,0,0,0,1.0,1,1.0,1,1.0,1,0.3508306379176224,25
1839,0,3450,1450,2000,0,0,0,1.0,1,1.0,1,1.0,1,0.441828772438121,24
1840,1,3451,1451,2000,0,0,0,1.0,1,1.0,1,1.0,1,0.5333665856114357,23
1841,0,3451,1451,2000,0,0,0,1.0,1,1.0,1,1.0,1,0.5226635321247034,22
1842,2,3453,1452,2001,0,0,0,1.0,1,1.0,1,1.0,1,0.5319394217833491,23
1843,1,3454,1453,2001,0,0,0,1.0,1,1.0,1,1.0,1,0.5239189849491482,23
1844,0,3454,1453,2001,0,0,0,1.0,1,1.0,1,1.0,1,0.5239189849491482,23
1845,1,3455,1454,2001,0,0,0,1.0,1,1.0,1,1.0,1,0.5290076383158153,23
1846,2,3457,1454,2003,0,0,0,1.0,1,1.0,1,1.0,1,0.43517085400263356,23
1847,1,3458,1454,2004,0,0,0,1.0,1,1.0,1,1.0,1,0.4364689725758465,24
1848,0,3458,1454,2004,0,0,0,1.0,1,1.0,1,1.0,1,0.4364689725758465,24
1849,2,3460,1454,2006,0,0,0,1.0,1,1.0,1,1.0,1,0.3988328934066032,25
1850,1,3461,1455,2006,0,0,0,1.0,1,1.0,1,1.0,1,0.4039775392030362,25
1851,0,3461,1455,2006,0,0,0,1.0,1,1.0,1,1.0,1,0.4039775392030362,25
1852,0,3461,1455,2006,0,0,0,1.0,1,1.0,1,1.0,1,0.4039775392030362,25
1853,0,3461,1455,2006,0,0,0,1.0,1,1.0,1,1.0,1,0.40976764782305086,25
1854,0,3461,1455,2006,0,0,0,1.0,1,1.0,1,1.0,1,0.40976764782305086,25
1855,3,3464,1455,2009,0,0,0,1.0,1,1.0,1,1.0,1,0.37490158234210114,26
1856,0,3464,1455,2009,0,0,0,1.0,1,1.0,1,1.0,1,0.3600706535264425,27
1857,0,3464,1455,2009,0,0,0,1.0,1,1.0,1,1.0,1,0.35617508778480717,28
1858,2,3466,1456,2010,0,0,0,1.0,1,1.0,1,1.0,1,0.3549307962039237,28
1859,5,3471,1458,2013,0,0,0,1.0,1,1.0,1,1.0,1,0.3584924439333255,28
1860,1,3472,1458,2014,0,0,0,1.0,1,1.0,1,1.0,1,0.34874688890164884,28
1861,1,3473,1458,2015,0,0,0,1.0,1,1.0,1,1.0,1,0.3328527583036067,28
1862,0,3473,1458,2015,0,0,0,1.0,1,1.0,1,1.0,1,0.3328527583036067,28
1863,1,3474,1459,2015,0,0,0,1.0,1,1.0,1,1.0,1,0.34658825997008097,29
1864,1,3475,1460,2015,0,0,0,1.0,1,1.0,1,1.0,1,0.348179293027865,27
1865,2,3477,1461,2016,0,0,0,1.0,1,1.0,1,1.0,1,0.3928055187024895,26
1866,1,3478,1462,2016,0,0,0,1.0,1,1.0,1,1.0,1,0.4336755600282098,26
1867,0,3478,1462,2016,0,0,0,1.0,1,1.0,1,1.0,1,0.4336755600282098,26
1868,0,3478,1462,2016,0,0,0,1.0,1,1.0,1,1.0,1,0.4336755600282098,26
1869,0,3478,1462,2016,0,0,0,1.0,1,1.0,1,1.0,1,0.4336755600282098,26
1870,1,3479,1462,2017,0,0,0,1.0,1,1.0,1,1.0,1,0.42293872586434805,27
1871,1,3480,1463,2017,0,0,0,1.0,1,1.0,1,1.0,1,0.42293872586434805,27
1872,0,3480,1463,2017,0,0,0,1.0,1,1.0,1,1.0,1,0.4266067644497258,25
1873,1,3481,1463,2018,0,0,0,1.0,1,1.0,1,1.0,1,0.3921041737337937,25
1874,0,3481,1463,2018,0,0,0,1.0,1,1.0,1,1.0,1,0.4007643691736143,25
1875,0,3481,1463,2018,0,0,0,1.0,1,1.0,1,1.0,1,0.4007643691736143,25
1876,3,3484,1463,2021,0,0,0,1.0,1,1.0,1,1.0,1,0.29590120081889054,26
1877,0,3484,1463,2021,0,0,0,1.0,1,1.0,1,1.0,1,0.28067518472108044,27
1878,1,3485,1464,2021,0,0,0,1.0,1,1.0,1,1.0,1,0.2816230926184991,28
1879,2,3487,1464,2023,0,0,0,1.0,1,1.0,1,1.0,1,0.2109830558266698,29
1880,0,3487,1464,2023,0,0,0,1.0,1,1.0,1,1.0,1,0.2109830558266698,29
1881,0,3487,1464,2023,0,0,0,1.0,1,1.0,1,1.0,1,0.2109830558266698,29
1882,0,3487,1464,2023,0,0,0,1.0,1,1.0,1,1.0,1,0.24808762057005176,28
1883,0,3487,1464,2023,0,0,0,1.0,1,1.0,1,1.0,1,0.24808762057005176,28
1884,1,3488,1465,2023,0,0,0,1.0,1,1.0,1,1.0,1,0.2615474290111846,28
1885,1,3489,1465,2024,0,0,0,1.0,1,1.0,1,1.0,1,0.25838156962869874,28
1886,1,3490,1465,2025,0,0,0,1.0,1,1.0,1,1.0,1,0.22974786104590644,29
1887,0,3490,1465,2025,0,0,0,1.0,1,1.0,1,1.0,1,0.22974786104590644,29
1888,0,3490,1465,2025,0,0,0,1.0,1,1.0,1,1.0,1,0.2522192130184642,31
1889,0,3490,1465,2025,0,0,0,1.0,1,1.0,1,1.0,1,0.2522192130184642,31
1890,1,3491,1466,2025,0,0,0,1.0,1,1.0,1,1.0,1,0.2731706203103094,31
1891,1,3492,1466,2026,0,0,0,1.0,1,1.0,1,1.0,1,0.27775702798255264,32
1892,0,3492,1466,2026,0,0,0,1.0,1,1.0,1,1.0,1,0.27775702798255264,32
1893,0,3492,1466,2026,0,0,0,1.0,1,1.0,1,1.0,1,0.27775702798255264,32
1894,0,3492,1466,2026,0,0,0,1.0,1,1.0,1,1.0,1,0.26414198369696423,33
1895,3,3495,1467,2028,0,0,0,1.0,1,1.0,1,1.0,1,0.2265053798336019,35
1896,0,3495,1467,2028,0,0,0,1.0,1,1.0,1,1.0,1,0.24528577870161933,34
1897,0,3495,1467,2028,0,0,0,1.0,1,1.0,1,1.0,1,0.24528577870161933,34
1898,0,3495,1467,2028,0,0,0,1.0,1,1.0,1,1.0,1,0.24528577870161933,34
1899,0,3495,1467,2028,0,0,0,1.0,1,1.0,1,1.0,1,0.24528577870161933,34
1900,0,3495,1467,2028,0,0,0,1.0,1,1.0,1,1.0,1,0.25832899261573816,35
1901,0,3495,1467,2028,0,0,0,1.0,1,1.0,1,1.0,1,0.25832899261573816,35
1902,0,3495,1467,2028,0,0,0,1.0,1,1.0,1,1.0,1,0.25832899261573816,35
1903,0,3495,1467,2028,0,0,0,1.0,1,1.0,1,1.0,1,0.25832899261573816,35
1904,0,3495,1467,2028,0,0,0,1.0,1,1.0,1,1.0,1,0.25832899261573816,35
1905,0,3495,1467,2028,0,0,0,1.0,1,1.0,1,1.0,1,0.2523975805207308,37
1906,1,3496,1467,2029,0,0,0,1.0,1,1.0,1,1.0,1,0.2031981431003908,37
1907,0,3496,1467,2029,0,0,0,1.0,1,1.0,1,1.0,1,0.22452291418164372,39
1908,3,3499,1468,2031,0,0,0,1.0,1,1.0,1,1.0,1,0.20805019968127053,39
1909,2,3501,1468,2033,0,0,0,1.0,1,1.0,1,1.0,1,0.1702339835373353,41
1910,0,3501,1468,2033,0,0,0,1.0,1,1.0,1,1.0,1,0.1702339835373353,41
1911,0,3501,1468,2033,0,0,0,1.0,1,1.0,1,1.0,1,0.20727350545814785,40
1912,2,3503,1470,2033,0,0,0,1.0,1,1.0,1,1.0,1,0.23433201905694914,39
1913,2,3505,1471,2034,0,0,0,1.0,1,1.0,1,1.0,1,0.221450834559311,40
1914,1,3506,1472,2034,0,0,0,1.0,1,1.0,1,1.0,1,0.24102474298034293,41
1915,2,3508,1473,2035,0,0,0,1.0,1,1.0,1,1.0,1,0.23731861604419793,42
1916,2,3510,1474,2036,0,0,0,1.0,1,1.0,1,1.0,1,0.24603347111483054,42
1917,1,3511,1474,2037,0,0,0,1.0,1,1.0,1,1.0,1,0.24273906235720144,41
1918,1,3512,1475,2037,0,0,0,1.0,1,1.0,1,1.0,1,0.2538845954308631,38
1919,1,3513,1476,2037,0,0,0,1.0,1,1.0,1,1.0,1,0.3231326809498777,38
1920,1,3514,1477,2037,0,0,0,1.0,1,1.0,1,1.0,1,0.3561067104797636,38
1921,3,3517,1478,2039,0,0,0,1.0,1,1.0,1,1.0,1,0.2689719641404206,39
1922,0,3517,1478,2039,0,0,0,1.0,1,1.0,1,1.0,1,0.2475677220809526,40
1923,2,3519,1479,2040,0,0,0,1.0,1,1.0,1,1.0,1,0.22452290657325227,41
1924,4,3523,1482,2041,0,0,0,1.0,1,1.0,1,1.0,1,0.2902489633806248,41
1925,0,3523,1482,2041,0,0,0,1.0,1,1.0,1,1.0,1,0.28241938724053867,41
1926,0,3523,1482,2041,0,0,0,1.0,1,1.0,1,1.0,1,0.28241938724053867,41
1927,1,3524,1482,2042,0,0,0,1.0,1,1.0,1,1.0,1,0.2837201607108676,41
1928,1,3525,1483,2042,0,0,0,1.0,1,1.0,1,1.0,1,0.2631922847329507,42
1929,0,3525,1483,2042,0,0,0,1.0,1,1.0,1,1.0,1,0.2837864195300867,41
1930,0,3525,1483,2042,0,0,0,1.0,1,1.0,1,1.0,1,0.2837864195300867,41
1931,0,3525,1483,2042,0,0,0,1.0,1,1.0,1,1.0,1,0.2837864195300867,41
1932,0,3525,1483,2042,0,0,0,1.0,1,1.0,1,1.0,1,0.2837864195300867,41
1933,2,3527,1484,2043,0,0,0,1.0,1,1.0,1,1.0,1,0.3042014109552135,43
1934,1,3528,1484,2044,0,0,0,1.0,1,1.0,1,1.0,1,0.29626424674823154,44
1935,0,3528,1484,2044,0,0,0,1.0,1,1.0,1,1.0,1,0.2674882293120947,45
1936,3,3531,1484,2047,0,0,0,1.0,1,1.0,1,1.0,1,0.19912826693935634,48
1937,1,3532,1485,2047,0,0,0,1.0,1,1.0,1,1.0,1,0.236024728398132,48
1938,2,3534,1486,2048,0,0,0,1.0,1,1.0,1,1.0,1,0.19757391565563986,48
1939,0,3534,1486,2048,0,0,0,1.0,1,1.0,1,1.0,1,0.19757391565563986,48
1940,0,3534,1486,2048,0,0,0,1.0,1,1.0,1,1.0,1,0.19757391565563986,48
1941,0,3534,1486,2048,0,0,0,1.0,1,1.0,1,1.0,1,0.19757391565563986,48
1942,4,3538,1486,2052,0,0,0,1.0,1,1.0,1,1.0,1,0.22560025721890664,49
1943,1,3539,1486,2053,0,0,0,1.0,1,1.0,1,1.0,1,0.2152874737349416,48
1944,3,3542,1488,2054,0,0,0,1.0,1,1.0,1,1.0,1,0.25519333415221346,47
1945,5,3547,1491,2056,0,0,0,1.0,1,1.0,1,1.0,1,0.2586909415869257,46
1946,3,3550,1492,2058,0,0,0,1.0,1,1.0,1,1.0,1,0.26931987414577585,46
1947,3,3553,1494,2059,0,0,0,1.0,1,1.0,1,1.0,1,0.3594943129840554,45
1948,0,3553,1494,2059,0,0,0,1.0,1,1.0,1,1.0,1,0.35955019052327936,46
1949,3,3556,1496,2060,0,0,0,1.0,1,1.0,1,1.0,1,0.41753080857928015,42
1950,0,3556,1496,2060,0,0,0,1.0,1,1.0,1,1.0,1,0.4162728516634807,40
1951,6,3562,1499,2063,0,0,0,1.0,1,1.0,1,1.0,1,0.3417691299087495,39
1952,1,3563,1500,2063,0,0,0,1.0,1,1.0,1,1.0,1,0.3930862040532576,35
1953,2,3565,1502,2063,0,0,0,1.0,1,1.0,1,1.0,1,0.3766704252995345,36
1954,3,3568,1503,2065,0,0,0,1.0,1,1.0,1,1.0,1,0.36821304036857866,34
1955,0,3568,1503,2065,0,0,0,1.0,1,1.0,1,1.0,1,0.3775612070242552,35
1956,5,3573,1504,2069,0,0,0,1.0,1,1.0,1,1.0,1,0.3175496304105749,37
1957,1,3574,1505,2069,0,0,0,1.0,1,1.0,1,1.0,1,0.29513342273539894,37
1958,0,3574,1505,2069,0,0,0,1.0,1,1.0,1,1.0,1,0.27648063600217554,39
1959,0,3574,1505,2069,0,0,0,1.0,1,1.0,1,1.0,1,0.2920365875800218,41
1960,4,3578,1507,2071,0,0,0,1.0,1,1.0,1,1.0,1,0.32267632794631324,40
1961,1,3579,1508,2071,0,0,0,1.0,1,1.0,1,1.0,1,0.30614514104652574,41
1962,1,3580,1508,2072,0,0,0,1.0,1,1.0,1,1.0,1,0.32109717633888574,40
1963,1,3581,1508,2073,0,0,0,1.0,1,1.0,1,1.0,1,0.30524973555139456,41
1964,1,3582,1508,2074,0,0,0,1.0,1,1.0,1,1.0,1,0.31911243934570616,40
1965,1,3583,1508,2075,0,0,0,1.0,1,1.0,1,1.0,1,0.300675263059978,41
1966,2,3585,1508,2077,0,0,0,1.0,1,1.0,1,1.0,1,0.27849683351472215,41
1967,1,3586,1509,2077,0,0,0,1.0,1,1.0,1,1.0,1,0.2903723079418248,42
1968,0,3586,1509,2077,0,0,0,1.0,1,1.0,1,1.0,1,0.3032496940853126,42
1969,1,3587,1510,2077,0,0,0,1.0,1,1.0,1,1.0,1,0.29706195296666843,43
1970,1,3588,1510,2078,0,0,0,1.0,1,1.0,1,1.0,1,0.3095098613660136,42
1971,1,3589,1511,2078,0,0,0,1.0,1,1.0,1,1.0,1,0.32052397176520325,42
1972,2,3591,1511,2080,0,0,0,1.0,1,1.0,1,1.0,1,0.32208308817989245,42
1973,3,3594,1511,2083,0,0,0,1.0,1,1.0,1,1.0,1,0.3233498849485047,43
1974,1,3595,1511,2084,0,0,0,1.0,1,1.0,1,1.0,1,0.33389291729539566,43
1975,1,3596,1511,2085,0,0,0,1.0,1,1.0,1,1.0,1,0.34145100142636503,43
1976,3,3599,1513,2086,0,0,0,1.0,1,1.0,1,1.0,1,0.29607177014979263,43
1977,8,3607,1513,2094,0,0,0,1.0,1,1.0,1,1.0,1,0.27674102839071374,48
1978,3,3610,1515,2095,0,0,0,1.0,1,1.0,1,1.0,1,0.26981118234982154,48
1979,1,3611,1515,2096,0,0,0,1.0,1,1.0,1,1.0,1,0.2709722757819038,49
1980,0,3611,1515,2096,0,0,0,1.0,1,1.0,1,1.0,1,0.2762848906096694,50
1981,1,3612,1515,2097,0,0,0,1.0,1,1.0,1,1.0,1,0.2681401010492537,50
1982,2,3614,1517,2097,0,0,0,1.0,1,1.0,1,1.0,1,0.25711068386845065,50
1983,1,3615,1517,2098,0,0,0,1.0,1,1.0,1,1.0,1,0.25310299887287474,49
1984,2,3617,1519,2098,0,0,0,1.0,1,1.0,1,1.0,1,0.26552998946942025,48
1985,2,3619,1521,2098,0,0,0,1.0,1,1.0,1,1.0,1,0.2728320418248055,46
1986,2,3621,1523,2098,0,0,0,1.0,1,1.0,1,1.0,1,0.28527175338976624,46
1987,1,3622,1524,2098,0,0,0,1.0,1,1.0,1,1.0,1,0.2573231741012488,42
1988,0,3622,1524,2098,0,0,0,1.0,1,1.0,1,1.0,1,0.2769072571802779,40
1989,3,3625,1527,2098,0,0,0,1.0,1,1.0,1,1.0,1,0.29637867329263723,38
1990,2,3627,1527,2100,0,0,0,1.0,1,1.0,1,1.0,1,0.25477151943791354,38
1991,1,3628,1528,2100,0,0,0,1.0,1,1.0,1,1.0,1,0.2747881238812994,38
1992,2,3630,1530,2100,0,0,0,1.0,1,1.0,1,1.0,1,0.325296002378261,39
1993,3,3633,1533,2100,0,0,0,1.0,1,1.0,1,1.0,1,0.37418991483745695,38
1994,3,3636,1535,2101,0,0,0,1.0,1,1.0,1,1.0,1,0.3089129696976708,37
1995,0,3636,1535,2101,0,0,0,1.0,1,1.0,1,1.0,1,0.3773451667416426,37
1996,2,3638,1536,2102,0,0,0,1.0,1,1.0,1,1.0,1,0.3522972200394732,37
1997,3,3641,1537,2104,0,0,0,1.0,1,1.0,1,1.0,1,0.3421277176652051,35
1998,0,3641,1537,2104,0,0,0,1.0,1,1.0,1,1.0,1,0.36309995674581735,34
1999,2,3643,1539,2104,0,0,0,1.0,1,1.0,1,1.0,1,0.3843853328396935,35
2000,0,3643,1539,2104,0,0,0,1.0,1,1.0,1,1.0,1,0.4002520186363985,34
2001,0,3643,1539,2104,0,0,0,1.0,1,1.0,1,1.0,1,0.40703732793125935,35
2002,3,3646,1539,2107,0,0,0,1.0,1,1.0,1,1.0,1,0.3235989549610692,36
2003,1,3647,1539,2108,0,0,0,1.0,1,1.0,1,1.0,1,0.31777522152720983,37
2004,3,3650,1541,2109,0,0,0,1.0,1,1.0,1,1.0,1,0.29004778885574517,38
2005,1,3651,1542,2109,0,0,0,1.0,1,1.0,1,1.0,1,0.2860480540631538,38
2006,0,3651,1542,2109,0,0,0,1.0,1,1.0,1,1.0,1,0.2860480540631538,38
2007,1,3652,1543,2109,0,0,0,1.0,1,1.0,1,1.0,1,0.2691078009379948,40
2008,1,3653,1544,2109,0,0,0,1.0,1,1.0,1,1.0,1,0.2629859633936467,40
2009,2,3655,1546,2109,0,0,0,1.0,1,1.0,1,1.0,1,0.247773619749737,41
2010,0,3655,1546,2109,0,0,0,1.0,1,1.0,1,1.0,1,0.247773619749737,41
2011,0,3655,1546,2109,0,0,0,1.0,1,1.0,1,1.0,1,0.247773619749737,41
2012,0,3655,1546,2109,0,0,0,1.0,1,1.0,1,1.0,1,0.247773619749737,41
2013,2,3657,1546,2111,0,0,0,1.0,1,1.0,1,1.0,1,0.24063986623741634,43
2014,0,3657,1546,2111,0,0,0,1.0,1,1.0,1,1.0,1,0.2589480904239583,43
2015,1,3658,1547,2111,0,0,0,1.0,1,1.0,1,1.0,1,0.2569774365484308,43
2016,2,3660,1548,2112,0,0,0,1.0,1,1.0,1,1.0,1,0.2767765580578292,44
2017,1,3661,1548,2113,0,0,0,1.0,1,1.0,1,1.0,1,0.2531131062547897,45
2018,3,3664,1551,2113,0,0,0,1.0,1,1.0,1,1.0,1,0.24206817283494406,46
2019,0,3664,1551,2113,0,0,0,1.0,1,1.0,1,1.0,1,0.23042341361891683,47
2020,1,3665,1552,2113,0,0,0,1.0,1,1.0,1,1.0,1,0.2605179698689971,47
2021,3,3668,1554,2114,0,0,0,1.0,1,1.0,1,1.0,1,0.24139115414247972,47
2022,2,3670,1556,2114,0,0,0,1.0,1,1.0,1,1.0,1,0.2748158361974182,48
2023,4,3674,1558,2116,0,0,0,1.0,1,1.0,1,1.0,1,0.27029826026151393,48
2024,5,3679,1562,2117,0,0,0,1.0,1,1.0,1,1.0,1,0.27327620751800946,45
2025,3,3682,1565,2117,0,0,0,1.0,1,1.0,1,1.0,1,0.3202222902316104,42
2026,7,3689,1568,2121,0,0,0,1.0,1,1.0,1,1.0,1,0.25758746038803515,44
2027,0,3689,1568,2121,0,0,0,1.0,1,1.0,1,1.0,1,0.24692053753596402,40
2028,0,3689,1568,2121,0,0,0,1.0,1,1.0,1,1.0,1,0.2949500384130113,39
2029,1,3690,1568,2122,0,0,0,1.0,1,1.0,1,1.0,1,0.2960224235118052,37
2030,1,3691,1569,2122,0,0,0,1.0,1,1.0,1,1.0,1,0.2872125633923047,34
2031,4,3695,1572,2123,0,0,0,1.0,1,1.0,1,1.0,1,0.2522933833061406,35
2032,1,3696,1573,2123,0,0,0,1.0,1,1.0,1,1.0,1,0.3342643899402848,34
2033,6,3702,1577,2125,0,0,0,1.0,1,1.0,1,1.0,1,0.30212449703697036,36
2034,0,3702,1577,2125,0,0,0,1.0,1,1.0,1,1.0,1,0.32291248620586,34
2035,2,3704,1578,2126,0,0,0,1.0,1,1.0,1,1.0,1,0.30790939096686626,35
2036,1,3705,1579,2126,0,0,0,1.0,1,1.0,1,1.0,1,0.3431312248762799,34
2037,0,3705,1579,2126,0,0,0,1.0,1,1.0,1,1.0,1,0.34372711849276144,35
2038,0,3705,1579,2126,0,0,0,1.0,1,1.0,1,1.0,1,0.323160833422272,36
2039,1,3706,1580,2126,0,0,0,1.0,1,1.0,1,1.0,1,0.3402371018715824,38
2040,0,3706,1580,2126,0,0,0,1.0,1,1.0,1,1.0,1,0.3402371018715824,38
2041,4,3710,1580,2130,0,0,0,1.0,1,1.0,1,1.0,1,0.23606808761762535,39
2042,1,3711,1580,2131,0,0,0,1.0,1,1.0,1,1.0,1,0.1922870190996872,39
2043,0,3711,1580,2131,0,0,0,1.0,1,1.0,1,1.0,1,0.1922870190996872,39
2044,0,3711,1580,2131,0,0,0,1.0,1,1.0,1,1.0,1,0.1922870190996872,39
2045,1,3712,1580,2132,0,0,0,1.0,1,1.0,1,1.0,1,0.1873775375126464,41
2046,0,3712,1580,2132,0,0,0,1.0,1,1.0,1,1.0,1,0.2066053944473037,42
2047,0,3712,1580,2132,0,0,0,1.0,1,1.0,1,1.0,1,0.2066053944473037,42
2048,1,3713,1580,2133,0,0,0,1.0,1,1.0,1,1.0,1,0.1812980489982564,43
2049,1,3714,1581,2133,0,0,0,1.0,1,1.0,1,1.0,1,0.21875114695939157,44
2050,2,3716,1581,2135,0,0,0,1.0,1,1.0,1,1.0,1,0.22268170911310406,44
2051,2,3718,1582,2136,0,0,0,1.0,1,1.0,1,1.0,1,0.27447358178883746,45
2052,2,3720,1582,2138,0,0,0,1.0,1,1.0,1,1.0,1,0.23770938694462349,45
2053,1,3721,1583,2138,0,0,0,1.0,1,1.0,1,1.0,1,0.24219164469119964,45
2054,1,3722,1584,2138,0,0,0,1.0,1,1.0,1,1.0,1,0.2464973205065944,46
2055,0,3722,1584,2138,0,0,0,1.0,1,1.0,1,1.0,1,0.2464973205065944,46
2056,4,3726,1584,2142,0,0,0,1.0,1,1.0,1,1.0,1,0.18458224327830985,46
2057,8,3734,1589,2145,0,0,0,1.0,1,1.0,1,1.0,1,0.10876330565090575,47
2058,1,3735,1590,2145,0,0,0,1.0,1,1.0,1,1.0,1,0.14360674079423047,47
2059,3,3738,1592,2146,0,0,0,1.0,1,1.0,1,1.0,1,0.15095576865642268,48
2060,3,3741,1594,2147,0,0,0,1.0,1,1.0,1,1.0,1,0.15914749108431944,50
2061,2,3743,1595,2148,0,0,0,1.0,1,1.0,1,1.0,1,0.11060616728809351,51
2062,2,3745,1597,2148,0,0,0,1.0,1,1.0,1,1.0,1,0.15110548257700326,49
2063,2,3747,1598,2149,0,0,0,1.0,1,1.0,1,1.0,1,0.14503074970502128,48
2064,2,3749,1600,2149,0,0,0,1.0,1,1.0,1,1.0,1,0.19071181798413603,45
2065,1,3750,1601,2149,0,0,0,1.0,1,1.0,1,1.0,1,0.19407343430703394,44
2066,2,3752,1601,2151,0,0,0,1.0,1,1.0,1,1.0,1,0.22266256334259216,42
2067,2,3754,1602,2152,0,0,0,1.0,1,1.0,1,1.0,1,0.25929974513807647,41
2068,0,3754,1602,2152,0,0,0,1.0,1,1.0,1,1.0,1,0.2826853664029641,40
2069,2,3756,1602,2154,0,0,0,1.0,1,1.0,1,1.0,1,0.26224194100825965,40
2070,0,3756,1602,2154,0,0,0,1.0,1,1.0,1,1.0,1,0.30383806578716865,40
2071,5,3761,1604,2157,0,0,0,1.0,1,1.0,1,1.0,1,0.2223654569937405,40
2072,2,3763,1604,2159,0,0,0,1.0,1,1.0,1,1.0,1,0.2065703010923743,41
2073,3,3766,1606,2160,0,0,0,1.0,1,1.0,1,1.0,1,0.20661317879032765,41
2074,1,3767,1606,2161,0,0,0,1.0,1,1.0,1,1.0,1,0.1727694766500384,41
2075,0,3767,1606,2161,0,0,0,1.0,1,1.0,1,1.0,1,0.1727694766500384,41
2076,3,3770,1608,2162,0,0,0,1.0,1,1.0,1,1.0,1,0.15067237065145866,41
2077,0,3770,1608,2162,0,0,0,1.0,1,1.0,1,1.0,1,0.15707819839206885,40
2078,2,3772,1609,2163,0,0,0,1.0,1,1.0,1,1.0,1,0.1642631426635568,40
2079,1,3773,1609,2164,0,0,0,1.0,1,1.0,1,1.0,1,0.12509958906475585,39
2080,0,3773,1609,2164,0,0,0,1.0,1,1.0,1,1.0,1,0.13968844291770374,38
2081,0,3773,1609,2164,0,0,0,1.0,1,1.0,1,1.0,1,0.15273107407979067,40
2082,3,3776,1611,2165,0,0,0,1.0,1,1.0,1,1.0,1,0.23457695302232423,41
2083,3,3779,1613,2166,0,0,0,1.0,1,1.0,1,1.0,1,0.2007991643332761,40
2084,7,3786,1616,2170,0,0,0,1.0,1,1.0,1,1.0,1,0.24485825242714815,42
2085,5,3791,1616,2175,0,0,0,1.0,1,1.0,1,1.0,1,0.23609183989803043,42
2086,3,3794,1617,2177,0,0,0,1.0,1,1.0,1,1.0,1,0.16547425668598162,43
2087,1,3795,1618,2177,0,0,0,1.0,1,1.0,1,1.0,1,0.19264174488466576,45
2088,1,3796,1619,2177,0,0,0,1.0,1,1.0,1,1.0,1,0.21260649193168538,46
2089,0,3796,1619,2177,0,0,0,1.0,1,1.0,1,1.0,1,0.20808699201764683,47
2090,3,3799,1619,2180,0,0,0,1.0,1,1.0,1,1.0,1,0.20119411160919826,49
2091,0,3799,1619,2180,0,0,0,1.0,1,1.0,1,1.0,1,0.20119411160919826,49
2092,1,3800,1620,2180,0,0,0,1.0,1,1.0,1,1.0,1,0.19145954736494158,49
2093,2,3802,1621,2181,0,0,0,1.0,1,1.0,1,1.0,1,0.17975226083460794,49
2094,1,3803,1621,2182,0,0,0,1.0,1,1.0,1,1.0,1,0.17539400961383522,49
2095,0,3803,1621,2182,0,0,0,1.0,1,1.0,1,1.0,1,0.1446629528342182,49
2096,1,3804,1621,2183,0,0,0,1.0,1,1.0,1,1.0,1,0.1347630037925843,51
2097,0,3804,1621,2183,0,0,0,1.0,1,1.0,1,1.0,1,0.1347630037925843,51
2098,3,3807,1623,2184,0,0,0,1.0,1,1.0,1,1.0,1,0.15103609207764498,52
2099,1,3808,1624,2184,0,0,0,1.0,1,1.0,1,1.0,1,0.19127629281074862,51
2100,1,3809,1624,2185,0,0,0,1.0,1,1.0,1,1.0,1,0.18785558388421683,51
2101,1,3810,1624,2186,0,0,0,1.0,1,1.0,1,1.0,1,0.2093321026482967,48
2102,2,3812,1626,2186,0,0,0,1.0,1,1.0,1,1.0,1,0.27270248773881356,49
2103,1,3813,1627,2186,0,0,0,1.0,1,1.0,1,1.0,1,0.2846833059675672,48
2104,1,3814,1628,2186,0,0,0,1.0,1,1.0,1,1.0,1,0.3189428930194756,43
2105,1,3815,1629,2186,0,0,0,1.0,1,1.0,1,1.0,1,0.34433719814056096,42
2106,4,3819,1631,2188,0,0,0,1.0,1,1.0,1,1.0,1,0.3343951896673222,40
2107,1,3820,1632,2188,0,0,0,1.0,1,1.0,1,1.0,1,0.3633151269447592,39
2108,4,3824,1635,2189,0,0,0,1.0,1,1.0,1,1.0,1,0.38300423563297564,38
2109,3,3827,1636,2191,0,0,0,1.0,1,1.0,1,1.0,1,0.38543275889704304,37
2110,3,3830,1638,2192,0,0,0,1.0,1,1.0,1,1.0,1,0.4165955043443082,38
2111,0,3830,1638,2192,0,0,0,1.0,1,1.0,1,1.0,1,0.40160961356242547,37
2112,1,3831,1639,2192,0,0,0,1.0,1,1.0,1,1.0,1,0.4030080138786067,36
2113,0,3831,1639,2192,0,0,0,1.0,1,1.0,1,1.0,1,0.40441390616345946,36
2114,0,3831,1639,2192,0,0,0,1.0,1,1.0,1,1.0,1,0.39559742889220734,36
2115,0,3831,1639,2192,0,0,0,1.0,1,1.0,1,1.0,1,0.3826555655039042,35
2116,1,3832,1639,2193,0,0,0,1.0,1,1.0,1,1.0,1,0.37146487803649225,37
2117,2,3834,1639,2195,0,0,0,1.0,1,1.0,1,1.0,1,0.31233853111273024,38
2118,1,3835,1639,2196,0,0,0,1.0,1,1.0,1,1.0,1,0.29545422872393623,40
2119,0,3835,1639,2196,0,0,0,1.0,1,1.0,1,1.0,1,0.29545422872393623,40
2120,0,3835,1639,2196,0,0,0,1.0,1,1.0,1,1.0,1,0.30447444454073586,41
2121,0,3835,1639,2196,0,0,0,1.0,1,1.0,1,1.0,1,0.30447444454073586,41
2122,0,3835,1639,2196,0,0,0,1.0,1,1.0,1,1.0,1,0.31488075830971995,42
2123,0,3835,1639,2196,0,0,0,1.0,1,1.0,1,1.0,1,0.3044430229730146,43
2124,0,3835,1639,2196,0,0,0,1.0,1,1.0,1,1.0,1,0.3326787390405279,41
2125,0,3835,1639,2196,0,0,0,1.0,1,1.0,1,1.0,1,0.3326787390405279,41
2126,0,3835,1639,2196,0,0,0,1.0,1,1.0,1,1.0,1,0.3589812034511934,40
2127,0,3835,1639,2196,0,0,0,1.0,1,1.0,1,1.0,1,0.3589812034511934,40
2128,1,3836,1639,2197,0,0,0,1.0,1,1.0,1,1.0,1,0.361452896404838,41
2129,0,3836,1639,2197,0,0,0,1.0,1,1.0,1,1.0,1,0.35381008876706055,42
2130,4,3840,1639,2201,0,0,0,1.0,1,1.0,1,1.0,1,0.3328805234567538,45
2131,0,3840,1639,2201,0,0,0,1.0,1,1.0,1,1.0,1,0.3328805234567538,45
2132,2,3842,1640,2202,0,0,0,1.0,1,1.0,1,1.0,1,0.33951663271183263,46
2133,4,3846,1642,2204,0,0,0,1.0,1,1.0,1,1.0,1,0.34690902699228654,46
2134,2,3848,1642,2206,0,0,0,1.0,1,1.0,1,1.0,1,0.316314325372092,47
2135,4,3852,1642,2210,0,0,0,1.0,1,1.0,1,1.0,1,0.24515179453630398,47
2136,3,3855,1642,2213,0,0,0,1.0,1,1.0,1,1.0,1,0.1976952966214931,47
2137,3,3858,1642,2216,0,0,0,1.0,1,1.0,1,1.0,1,0.14646357878045577,49
2138,1,3859,1643,2216,0,0,0,1.0,1,1.0,1,1.0,1,0.19733232706815904,49
2139,2,3861,1644,2217,0,0,0,1.0,1,1.0,1,1.0,1,0.16994076415917142,47
2140,2,3863,1645,2218,0,0,0,1.0,1,1.0,1,1.0,1,0.11668601750019711,48
2141,1,3864,1646,2218,0,0,0,1.0,1,1.0,1,1.0,1,0.11889312038297845,47
2142,0,3864,1646,2218,0,0,0,1.0,1,1.0,1,1.0,1,0.11889312038297845,47
2143,1,3865,1646,2219,0,0,0,1.0,1,1.0,1,1.0,1,0.12264403081636568,48
2144,3,3868,1648,2220,0,0,0,1.0,1,1.0,1,1.0,1,0.17150273790068257,48
2145,3,3871,1651,2220,0,0,0,1.0,1,1.0,1,1.0,1,0.20486616948687136,46
2146,5,3876,1653,2223,0,0,0,1.0,1,1.0,1,1.0,1,0.15410894868132707,47
2147,8,3884,1658,2226,0,0,0,1.0,1,1.0,1,1.0,1,0.19040579133303964,48
2148,1,3885,1658,2227,0,0,0,1.0,1,1.0,1,1.0,1,0.1431671623232348,46
2149,3,3888,1661,2227,0,0,0,1.0,1,1.0,1,1.0,1,0.12206549430442573,46
2150,1,3889,1662,2227,0,0,0,1.0,1,1.0,1,1.0,1,0.15134526417509192,46
2151,4,3893,1663,2230,0,0,0,1.0,1,1.0,1,1.0,1,0.1420264491623215,44
2152,1,3894,1664,2230,0,0,0,1.0,1,1.0,1,1.0,1,0.19052268638904118,45
2153,3,3897,1665,2232,0,0,0,1.0,1,1.0,1,1.0,1,0.19389908763727381,48
2154,1,3898,1665,2233,0,0,0,1.0,1,1.0,1,1.0,1,0.22555293426238981,47
2155,2,3900,1667,2233,0,0,0,1.0,1,1.0,1,1.0,1,0.26229714036444224,48
2156,0,3900,1667,2233,0,0,0,1.0,1,1.0,1,1.0,1,0.2612851557413263,45
2157,0,3900,1667,2233,0,0,0,1.0,1,1.0,1,1.0,1,0.2630225549736652,43
2158,2,3902,1668,2234,0,0,0,1.0,1,1.0,1,1.0,1,0.23940926678449337,43
2159,4,3906,1670,2236,0,0,0,1.0,1,1.0,1,1.0,1,0.3120318583306074,43
2160,1,3907,1671,2236,0,0,0,1.0,1,1.0,1,1.0,1,0.2938448306047192,41
2161,6,3913,1671,2242,0,0,0,1.0,1,1.0,1,1.0,1,0.1680485424106995,41
2162,1,3914,1671,2243,0,0,0,1.0,1,1.0,1,1.0,1,0.1434292625246952,42
2163,0,3914,1671,2243,0,0,0,1.0,1,1.0,1,1.0,1,0.1615636283010301,43
2164,2,3916,1673,2243,0,0,0,1.0,1,1.0,1,1.0,1,0.23801917431784672,44
2165,2,3918,1673,2245,0,0,0,1.0,1,1.0,1,1.0,1,0.21079748760256078,44
2166,2,3920,1673,2247,0,0,0,1.0,1,1.0,1,1.0,1,0.19939210623650352,46
2167,0,3920,1673,2247,0,0,0,1.0,1,1.0,1,1.0,1,0.19939210623650352,46
2168,0,3920,1673,2247,0,0,0,1.0,1,1.0,1,1.0,1,0.19167949154787386,45
2169,0,3920,1673,2247,0,0,0,1.0,1,1.0,1,1.0,1,0.1835510233054736,49
2170,0,3920,1673,2247,0,0,0,1.0,1,1.0,1,1.0,1,0.1835510233054736,49
2171,0,3920,1673,2247,0,0,0,1.0,1,1.0,1,1.0,1,0.18352457004993913,51
2172,2,3922,1675,2247,0,0,0,1.0,1,1.0,1,1.0,1,0.16624045056644474,52
2173,0,3922,1675,2247,0,0,0,1.0,1,1.0,1,1.0,1,0.16624045056644474,52
2174,4,3926,1678,2248,0,0,0,1.0,1,1.0,1,1.0,1,0.1878514853460838,52
2175,5,3931,1679,2252,0,0,0,1.0,1,1.0,1,1.0,1,0.17887746073877528,53
2176,2,3933,1679,2254,0,0,0,1.0,1,1.0,1,1.0,1,0.13396341359047528,54
2177,3,3936,1681,2255,0,0,0,1.0,1,1.0,1,1.0,1,0.18956075269563358,55
2178,6,3942,1684,2258,0,0,0,1.0,1,1.0,1,1.0,1,0.16550911574430782,54
2179,2,3944,1685,2259,0,0,0,1.0,1,1.0,1,1.0,1,0.213820446049643,52
2180,4,3948,1687,2261,0,0,0,1.0,1,1.0,1,1.0,1,0.2621810396303263,51
2181,2,3950,1688,2262,0,0,0,1.0,1,1.0,1,1.0,1,0.2028521079397454,49
2182,1,3951,1689,2262,0,0,0,1.0,1,1.0,1,1.0,1,0.2046195457993288,49
2183,4,3955,1693,2262,0,0,0,1.0,1,1.0,1,1.0,1,0.2522321882478173,46
2184,3,3958,1694,2264,0,0,0,1.0,1,1.0,1,1.0,1,0.27617310242332715,45
2185,0,3958,1694,2264,0,0,0,1.0,1,1.0,1,1.0,1,0.28217681289060853,44
2186,2,3960,1696,2264,0,0,0,1.0,1,1.0,1,1.0,1,0.3308087178497959,42
2187,4,3964,1700,2264,0,0,0,1.0,1,1.0,1,1.0,1,0.33406096232029553,40
2188,3,3967,1703,2264,0,0,0,1.0,1,1.0,1,1.0,1,0.3501943705684713,38
2189,1,3968,1704,2264,0,0,0,1.0,1,1.0,1,1.0,1,0.39364302362878234,36
2190,4,3972,1706,2266,0,0,0,1.0,1,1.0,1,1.0,1,0.3859440171657267,34
2191,6,3978,1707,2271,0,0,0,1.0,1,1.0,1,1.0,1,0.25155110038112494,34
2192,3,3981,1709,2272,0,0,0,1.0,1,1.0,1,1.0,1,0.20564861368037607,33
2193,0,3981,1709,2272,0,0,0,1.0,1,1.0,1,1.0,1,0.20724493726131366,32
2194,2,3983,1710,2273,0,0,0,1.0,1,1.0,1,1.0,1,0.23173372247895846,32
2195,1,3984,1710,2274,0,0,0,1.0,1,1.0,1,1.0,1,0.23594046570011404,31
2196,2,3986,1712,2274,0,0,0,1.0,1,1.0,1,1.0,1,0.25925295500591455,32
2197,0,3986,1712,2274,0,0,0,1.0,1,1.0,1,1.0,1,0.2802749693326615,31
2198,0,3986,1712,2274,0,0,0,1.0,1,1.0,1,1.0,1,0.2802749693326615,31
2199,2,3988,1714,2274,0,0,0,1.0,1,1.0,1,1.0,1,0.2689589879609651,32
2200,4,3992,1714,2278,0,0,0,1.0,1,1.0,1,1.0,1,0.24650645629982523,35
2201,5,3997,1714,2283,0,0,0,1.0,1,1.0,1,1.0,1,0.23984577847665908,36
2202,1,3998,1715,2283,0,0,0,1.0,1,1.0,1,1.0,1,0.2078212734322263,36
2203,1,3999,1715,2284,0,0,0,1.0,1,1.0,1,1.0,1,0.21941042452489307,37
2204,1,4000,1716,2284,0,0,0,1.0,1,1.0,1,1.0,1,0.2511101360818246,36
2205,0,4000,1716,2284,0,0,0,1.0,1,1.0,1,1.0,1,0.2267361328442245,37
2206,3,4003,1718,2285,0,0,0,1.0,1,1.0,1,1.0,1,0.27187777093551135,35
2207,2,4005,1719,2286,0,0,0,1.0,1,1.0,1,1.0,1,0.2056723671161471,37
2208,0,4005,1719,2286,0,0,0,1.0,1,1.0,1,1.0,1,0.21848043127237884,36
2209,1,4006,1720,2286,0,0,0,1.0,1,1.0,1,1.0,1,0.25825294264647697,35
2210,3,4009,1720,2289,0,0,0,1.0,1,1.0,1,1.0,1,0.2123556263241596,38
2211,0,4009,1720,2289,0,0,0,1.0,1,1.0,1,1.0,1,0.25005967984110966,37
2212,2,4011,1721,2290,0,0,0,1.0,1,1.0,1,1.0,1,0.26856215952559614,38
2213,2,4013,1721,2292,0,0,0,1.0,1,1.0,1,1.0,1,0.23000689242296424,38
2214,1,4014,1721,2293,0,0,0,1.0,1,1.0,1,1.0,1,0.22077783067994847,39
2215,1,4015,1722,2293,0,0,0,1.0,1,1.0,1,1.0,1,0.20250292816136906,39
2216,2,4017,1724,2293,0,0,0,1.0,1,1.0,1,1.0,1,0.26418146927851205,39
2217,1,4018,1724,2294,0,0,0,1.0,1,1.0,1,1.0,1,0.22661985820201286,38
2218,1,4019,1725,2294,0,0,0,1.0,1,1.0,1,1.0,1,0.25738916000787465,37
2219,3,4022,1726,2296,0,0,0,1.0,1,1.0,1,1.0,1,0.30001212117555,36
2220,4,4026,1727,2299,0,0,0,1.0,1,1.0,1,1.0,1,0.2920179190899343,34
2221,2,4028,1727,2301,0,0,0,1.0,1,1.0,1,1.0,1,0.2277399424628886,35
2222,1,4029,1728,2301,0,0,0,1.0,1,1.0,1,1.0,1,0.25241726068143994,33
2223,2,4031,1729,2302,0,0,0,1.0,1,1.0,1,1.0,1,0.21370242486895624,34
2224,1,4032,1730,2302,0,0,0,1.0,1,1.0,1,1.0,1,0.21034411145916013,32
2225,1,4033,1731,2302,0,0,0,1.0,1,1.0,1,1.0,1,0.24162107612774236,33
2226,2,4035,1733,2302,0,0,0,1.0,1,1.0,1,1.0,1,0.2675381489250941,32
2227,1,4036,1734,2302,0,0,0,1.0,1,1.0,1,1.0,1,0.27347414192353875,31
2228,1,4037,1735,2302,0,0,0,1.0,1,1.0,1,1.0,1,0.2912865608893471,32
2229,1,4038,1736,2302,0,0,0,1.0,1,1.0,1,1.0,1,0.27303822481215456,32
2230,0,4038,1736,2302,0,0,0,1.0,1,1.0,1,1.0,1,0.27041640789756627,31
2231,0,4038,1736,2302,0,0,0,1.0,1,1.0,1,1.0,1,0.27110744002996384,32
2232,1,4039,1737,2302,0,0,0,1.0,1,1.0,1,1.0,1,0.30558521368108876,32
2233,0,4039,1737,2302,0,0,0,1.0,1,1.0,1,1.0,1,0.325165599373311,31
2234,0,4039,1737,2302,0,0,0,1.0,1,1.0,1,1.0,1,0.3378154514337103,32
2235,2,4041,1738,2303,0,0,0,1.0,1,1.0,1,1.0,1,0.3775892564345433,31
2236,4,4045,1740,2305,0,0,0,1.0,1,1.0,1,1.0,1,0.36165321319754007,31
2237,2,4047,1742,2305,0,0,0,1.0,1,1.0,1,1.0,1,0.4043129387292895,31
2238,7,4054,1744,2310,0,0,0,1.0,1,1.0,1,1.0,1,0.350447101819027,31
2239,1,4055,1744,2311,0,0,0,1.0,1,1.0,1,1.0,1,0.3319847814172436,31
2240,2,4057,1746,2311,0,0,0,1.0,1,1.0,1,1.0,1,0.30669740321943173,32
2241,1,4058,1747,2311,0,0,0,1.0,1,1.0,1,1.0,1,0.33168461924581577,32
2242,2,4060,1749,2311,0,0,0,1.0,1,1.0,1,1.0,1,0.30835209054668733,34
2243,1,4061,1750,2311,0,0,0,1.0,1,1.0,1,1.0,1,0.3210657154183168,34
2244,3,4064,1750,2314,0,0,0,1.0,1,1.0,1,1.0,1,0.25714807705190185,36
2245,1,4065,1750,2315,0,0,0,1.0,1,1.0,1,1.0,1,0.25185087943689904,36
2246,1,4066,1750,2316,0,0,0,1.0,1,1.0,1,1.0,1,0.23964040736238318,39
2247,0,4066,1750,2316,0,0,0,1.0,1,1.0,1,1.0,1,0.2255251466135357,40
2248,0,4066,1750,2316,0,0,0,1.0,1,1.0,1,1.0,1,0.2255251466135357,40
2249,0,4066,1750,2316,0,0,0,1.0,1,1.0,1,1.0,1,0.2120868233918061,41
2250,1,4067,1751,2316,0,0,0,1.0,1,1.0,1,1.0,1,0.22199849319352402,41
2251,1,4068,1751,2317,0,0,0,1.0,1,1.0,1,1.0,1,0.22964983927624855,42
2252,1,4069,1752,2317,0,0,0,1.0,1,1.0,1,1.0,1,0.2525663028106751,41
2253,1,4070,1752,2318,0,0,0,1.0,1,1.0,1,1.0,1,0.2122329506210663,40
2254,1,4071,1753,2318,0,0,0,1.0,1,1.0,1,1.0,1,0.21978881672381947,39
2255,0,4071,1753,2318,0,0,0,1.0,1,1.0,1,1.0,1,0.21909211610789114,39
2256,1,4072,1754,2318,0,0,0,1.0,1,1.0,1,1.0,1,0.2164371107209553,40
2257,2,4074,1756,2318,0,0,0,1.0,1,1.0,1,1.0,1,0.22412822209027225,40
2258,1,4075,1757,2318,0,0,0,1.0,1,1.0,1,1.0,1,0.22895587599558354,39
2259,2,4077,1759,2318,0,0,0,1.0,1,1.0,1,1.0,1,0.2332576329053606,41
2260,1,4078,1760,2318,0,0,0,1.0,1,1.0,1,1.0,1,0.2499846427599626,38
2261,4,4082,1763,2319,0,0,0,1.0,1,1.0,1,1.0,1,0.2908501121923213,38
2262,2,4084,1764,2320,0,0,0,1.0,1,1.0,1,1.0,1,0.30272778721316174,36
2263,3,4087,1766,2321,0,0,0,1.0,1,1.0,1,1.0,1,0.29065206892191536,35
2264,3,4090,1768,2322,0,0,0,1.0,1,1.0,1,1.0,1,0.3386914918036974,33
2265,1,4091,1768,2323,0,0,0,1.0,1,1.0,1,1.0,1,0.30149975313406474,33
2266,1,4092,1769,2323,0,0,0,1.0,1,1.0,1,1.0,1,0.2971741875194098,33
2267,5,4097,1773,2324,0,0,0,1.0,1,1.0,1,1.0,1,0.3247106119030809,33
2268,4,4101,1773,2328,0,0,0,1.0,1,1.0,1,1.0,1,0.22501475730354498,35
2269,3,4104,1775,2329,0,0,0,1.0,1,1.0,1,1.0,1,0.2378511241842723,36
2270,1,4105,1775,2330,0,0,0,1.0,1,1.0,1,1.0,1,0.2244512060246078,34
2271,5,4110,1779,2331,0,0,0,1.0,1,1.0,1,1.0,1,0.17034161040963314,34
2272,1,4111,1780,2331,0,0,0,1.0,1,1.0,1,1.0,1,0.15846743448087885,33
2273,1,4112,1781,2331,0,0,0,1.0,1,1.0,1,1.0,1,0.20517265722376543,32
2274,1,4113,1782,2331,0,0,0,1.0,1,1.0,1,1.0,1,0.1818774791719071,32
2275,1,4114,1782,2332,0,0,0,1.0,1,1.0,1,1.0,1,0.1970254390562293,32
2276,1,4115,1783,2332,0,0,0,1.0,1,1.0,1,1.0,1,0.20691137348458724,31
2277,1,4116,1784,2332,0,0,0,1.0,1,1.0,1,1.0,1,0.23586634753114558,30
2278,2,4118,1785,2333,0,0,0,1.0,1,1.0,1,1.0,1,0.2546266525603129,33
2279,0,4118,1785,2333,0,0,0,1.0,1,1.0,1,1.0,1,0.2546266525603129,33
2280,2,4120,1785,2335,0,0,0,1.0,1,1.0,1,1.0,1,0.19058114930053233,35
2281,1,4121,1785,2336,0,0,0,1.0,1,1.0,1,1.0,1,0.18247328996930984,36
2282,0,4121,1785,2336,0,0,0,1.0,1,1.0,1,1.0,1,0.18247328996930984,36
2283,1,4122,1786,2336,0,0,0,1.0,1,1.0,1,1.0,1,0.18413748651841505,36
2284,1,4123,1787,2336,0,0,0,1.0,1,1.0,1,1.0,1,0.22292391577762327,36
2285,1,4124,1787,2337,0,0,0,1.0,1,1.0,1,1.0,1,0.20849027095022687,37
2286,1,4125,1788,2337,0,0,0,1.0,1,1.0,1,1.0,1,0.24256671394878693,38
2287,1,4126,1788,2338,0,0,0,1.0,1,1.0,1,1.0,1,0.21188103567062092,38
2288,2,4128,1789,2339,0,0,0,1.0,1,1.0,1,1.0,1,0.24363702823467728,40
2289,1,4129,1789,2340,0,0,0,1.0,1,1.0,1,1.0,1,0.24156131129801486,40
2290,2,4131,1790,2341,0,0,0,1.0,1,1.0,1,1.0,1,0.24290239325354437,39
2291,2,4133,1791,2342,0,0,0,1.0,1,1.0,1,1.0,1,0.2497373943943668,37
2292,1,4134,1792,2342,0,0,0,1.0,1,1.0,1,1.0,1,0.28206773001137714,35
2293,1,4135,1793,2342,0,0,0,1.0,1,1.0,1,1.0,1,0.31579961949272384,35
2294,1,4136,1793,2343,0,0,0,1.0,1,1.0,1,1.0,1,0.2981590954286243,35
2295,1,4137,1793,2344,0,0,0,1.0,1,1.0,1,1.0,1,0.3038088541093595,36
2296,2,4139,1793,2346,0,0,0,1.0,1,1.0,1,1.0,1,0.307349864017318,34
2297,0,4139,1793,2346,0,0,0,1.0,1,1.0,1,1.0,1,0.32709359306268526,35
2298,0,4139,1793,2346,0,0,0,1.0,1,1.0,1,1.0,1,0.31967758310496,34
2299,1,4140,1794,2346,0,0,0,1.0,1,1.0,1,1.0,1,0.31108401432754307,35
2300,1,4141,1795,2346,0,0,0,1.0,1,1.0,1,1.0,1,0.32088542043984436,35
2301,1,4142,1795,2347,0,0,0,1.0,1,1.0,1,1.0,1,0.3048943811859858,35
2302,4,4146,1798,2348,0,0,0,1.0,1,1.0,1,1.0,1,0.3925053297880166,37
2303,2,4148,1799,2349,0,0,0,1.0,1,1.0,1,1.0,1,0.3065103554902783,35
2304,1,4149,1800,2349,0,0,0,1.0,1,1.0,1,1.0,1,0.3531582190789697,36
2305,0,4149,1800,2349,0,0,0,1.0,1,1.0,1,1.0,1,0.36801534303363953,34
2306,1,4150,1800,2350,0,0,0,1.0,1,1.0,1,1.0,1,0.3475481255627715,35
2307,2,4152,1800,2352,0,0,0,1.0,1,1.0,1,1.0,1,0.32196565297793656,35
2308,0,4152,1800,2352,0,0,0,1.0,1,1.0,1,1.0,1,0.32196565297793656,35
2309,1,4153,1800,2353,0,0,0,1.0,1,1.0,1,1.0,1,0.3180238634324598,34
2310,2,4155,1800,2355,0,0,0,1.0,1,1.0,1,1.0,1,0.3030258541050058,36
2311,3,4158,1800,2358,0,0,0,1.0,1,1.0,1,1.0,1,0.2595774880614322,38
2312,2,4160,1802,2358,0,0,0,1.0,1,1.0,1,1.0,1,0.31785367677540555,39
2313,4,4164,1804,2360,0,0,0,1.0,1,1.0,1,1.0,1,0.2059474094933454,39
2314,1,4165,1804,2361,0,0,0,1.0,1,1.0,1,1.0,1,0.1932337830368806,39
2315,4,4169,1806,2363,0,0,0,1.0,1,1.0,1,1.0,1,0.20083959442548646,40
2316,1,4170,1806,2364,0,0,0,1.0,1,1.0,1,1.0,1,0.16754944628357954,40
2317,2,4172,1807,2365,0,0,0,1.0,1,1.0,1,1.0,1,0.20949760099333398,41
2318,1,4173,1808,2365,0,0,0,1.0,1,1.0,1,1.0,1,0.21575967414030625,41
2319,2,4175,1808,2367,0,0,0,1.0,1,1.0,1,1.0,1,0.17692798301473003,41
2320,0,4175,1808,2367,0,0,0,1.0,1,1.0,1,1.0,1,0.1984843221211498,42
2321,0,4175,1808,2367,0,0,0,1.0,1,1.0,1,1.0,1,0.1780535620665649,43
2322,1,4176,1808,2368,0,0,0,1.0,1,1.0,1,1.0,1,0.1578461283938809,42
2323,2,4178,1809,2369,0,0,0,1.0,1,1.0,1,1.0,1,0.2175522855837354,43
2324,3,4181,1809,2372,0,0,0,1.0,1,1.0,1,1.0,1,0.21588111527165174,44
2325,0,4181,1809,2372,0,0,0,1.0,1,1.0,1,1.0,1,0.21588111527165174,44
2326,0,4181,1809,2372,0,0,0,1.0,1,1.0,1,1.0,1,0.19623179294550283,45
2327,0,4181,1809,2372,0,0,0,1.0,1,1.0,1,1.0,1,0.19623179294550283,45
2328,2,4183,1811,2372,0,0,0,1.0,1,1.0,1,1.0,1,0.23046201930687396,46
2329,0,4183,1811,2372,0,0,0,1.0,1,1.0,1,1.0,1,0.22502970509358758,45
2330,1,4184,1812,2372,0,0,0,1.0,1,1.0,1,1.0,1,0.2523625904167663,47
2331,0,4184,1812,2372,0,0,0,1.0,1,1.0,1,1.0,1,0.25693501102615873,48
2332,0,4184,1812,2372,0,0,0,1.0,1,1.0,1,1.0,1,0.25693501102615873,48
2333,1,4185,1812,2373,0,0,0,1.0,1,1.0,1,1.0,1,0.25967277850694975,49
2334,1,4186,1813,2373,0,0,0,1.0,1,1.0,1,1.0,1,0.2807087794200497,47
2335,1,4187,1814,2373,0,0,0,1.0,1,1.0,1,1.0,1,0.3240171911523352,46
2336,3,4190,1814,2376,0,0,0,1.0,1,1.0,1,1.0,1,0.29956991197863553,46
2337,1,4191,1814,2377,0,0,0,1.0,1,1.0,1,1.0,1,0.3160918854637568,45
2338,3,4194,1817,2377,0,0,0,1.0,1,1.0,1,1.0,1,0.2928024834012099,44
2339,1,4195,1818,2377,0,0,0,1.0,1,1.0,1,1.0,1,0.28630475133264743,45
2340,1,4196,1819,2377,0,0,0,1.0,1,1.0,1,1.0,1,0.28668504664626104,44
2341,4,4200,1819,2381,0,0,0,1.0,1,1.0,1,1.0,1,0.20572691319408123,45
2342,2,4202,1821,2381,0,0,0,1.0,1,1.0,1,1.0,1,0.2080275892541776,47
2343,1,4203,1822,2381,0,0,0,1.0,1,1.0,1,1.0,1,0.220229223695611,46
2344,3,4206,1823,2383,0,0,0,1.0,1,1.0,1,1.0,1,0.20797663820925852,46
2345,0,4206,1823,2383,0,0,0,1.0,1,1.0,1,1.0,1,0.21312082585150066,45
2346,0,4206,1823,2383,0,0,0,1.0,1,1.0,1,1.0,1,0.20852586227851594,46
2347,0,4206,1823,2383,0,0,0,1.0,1,1.0,1,1.0,1,0.22319023264914045,47
2348,3,4209,1824,2385,0,0,0,1.0,1,1.0,1,1.0,1,0.2233249232662214,49
2349,1,4210,1825,2385,0,0,0,1.0,1,1.0,1,1.0,1,0.2402496941463646,49
2350,4,4214,1826,2388,0,0,0,1.0,1,1.0,1,1.0,1,0.23184046801311645,50
2351,3,4217,1827,2390,0,0,0,1.0,1,1.0,1,1.0,1,0.20818362116449876,50
2352,1,4218,1827,2391,0,0,0,1.0,1,1.0,1,1.0,1,0.20616449163760792,51
2353,0,4218,1827,2391,0,0,0,1.0,1,1.0,1,1.0,1,0.20616449163760792,51
2354,1,4219,1827,2392,0,0,0,1.0,1,1.0,1,1.0,1,0.20778738905462432,51
2355,2,4221,1828,2393,0,0,0,1.0,1,1.0,1,1.0,1,0.21038420452796713,50
2356,1,4222,1828,2394,0,0,0,1.0,1,1.0,1,1.0,1,0.19656055308936388,50
2357,1,4223,1829,2394,0,0,0,1.0,1,1.0,1,1.0,1,0.20430685966243653,49
2358,1,4224,1829,2395,0,0,0,1.0,1,1.0,1,1.0,1,0.21698707741179318,51
2359,1,4225,1829,2396,0,0,0,1.0,1,1.0,1,1.0,1,0.2011956575273061,51
2360,1,4226,1830,2396,0,0,0,1.0,1,1.0,1,1.0,1,0.23273547092658384,51
2361,2,4228,1831,2397,0,0,0,1.0,1,1.0,1,1.0,1,0.25237236593069473,52
2362,2,4230,1831,2399,0,0,0,1.0,1,1.0,1,1.0,1,0.2120200407274083,53
2363,1,4231,1831,2400,0,0,0,1.0,1,1.0,1,1.0,1,0.20590627144950327,54
2364,1,4232,1831,2401,0,0,0,1.0,1,1.0,1,1.0,1,0.1954101007406838,55
2365,4,4236,1833,2403,0,0,0,1.0,1,1.0,1,1.0,1,0.165499229700285,53
2366,2,4238,1834,2404,0,0,0,1.0,1,1.0,1,1.0,1,0.1563287522399319,53
2367,2,4240,1836,2404,0,0,0,1.0,1,1.0,1,1.0,1,0.21264635587888545,51
2368,3,4243,1839,2404,0,0,0,1.0,1,1.0,1,1.0,1,0.26446101233231806,50
2369,1,4244,1840,2404,0,0,0,1.0,1,1.0,1,1.0,1,0.2948107904442095,47
2370,0,4244,1840,2404,0,0,0,1.0,1,1.0,1,1.0,1,0.32169997756056756,48
2371,9,4253,1841,2412,0,0,0,1.0,1,1.0,1,1.0,1,0.2217047868730369,49
2372,0,4253,1841,2412,0,0,0,1.0,1,1.0,1,1.0,1,0.21453161705581045,48
2373,1,4254,1842,2412,0,0,0,1.0,1,1.0,1,1.0,1,0.22975989877437714,49
2374,1,4255,1842,2413,0,0,0,1.0,1,1.0,1,1.0,1,0.2178452412732857,50
2375,2,4257,1844,2413,0,0,0,1.0,1,1.0,1,1.0,1,0.23237076322950856,50
2376,1,4258,1844,2414,0,0,0,1.0,1,1.0,1,1.0,1,0.21589013886477953,50
2377,0,4258,1844,2414,0,0,0,1.0,1,1.0,1,1.0,1,0.21884523361168753,49
2378,0,4258,1844,2414,0,0,0,1.0,1,1.0,1,1.0,1,0.21884523361168753,49
2379,5,4263,1845,2418,0,0,0,1.0,1,1.0,1,1.0,1,0.23563567801810817,50
2380,3,4266,1846,2420,0,0,0,1.0,1,1.0,1,1.0,1,0.22812536243537684,50
2381,5,4271,1847,2424,0,0,0,1.0,1,1.0,1,1.0,1,0.25243617373679855,51
2382,7,4278,1848,2430,0,0,0,1.0,1,1.0,1,1.0,1,0.24557544889818989,51
2383,3,4281,1849,2432,0,0,0,1.0,1,1.0,1,1.0,1,0.2066047434573503,52
2384,1,4282,1850,2432,0,0,0,1.0,1,1.0,1,1.0,1,0.16718867862039913,52
2385,0,4282,1850,2432,0,0,0,1.0,1,1.0,1,1.0,1,0.18211502197733836,51
2386,2,4284,1851,2433,0,0,0,1.0,1,1.0,1,1.0,1,0.18523387781986855,52
2387,1,4285,1852,2433,0,0,0,1.0,1,1.0,1,1.0,1,0.20869607440016194,49
2388,2,4287,1854,2433,0,0,0,1.0,1,1.0,1,1.0,1,0.2442444944672403,48
2389,3,4290,1857,2433,0,0,0,1.0,1,1.0,1,1.0,1,0.2656584742749931,48
2390,4,4294,1859,2435,0,0,0,1.0,1,1.0,1,1.0,1,0.23344390404682502,49
2391,4,4298,1861,2437,0,0,0,1.0,1,1.0,1,1.0,1,0.23332565078345,48
2392,3,4301,1862,2439,0,0,0,1.0,1,1.0,1,1.0,1,0.24069016227154016,49
2393,4,4305,1863,2442,0,0,0,1.0,1,1.0,1,1.0,1,0.21577878306909018,50
2394,2,4307,1865,2442,0,0,0,1.0,1,1.0,1,1.0,1,0.24573505174389618,50
2395,0,4307,1865,2442,0,0,0,1.0,1,1.0,1,1.0,1,0.2540675013596605,49
2396,0,4307,1865,2442,0,0,0,1.0,1,1.0,1,1.0,1,0.244864586216875,50
2397,3,4310,1868,2442,0,0,0,1.0,1,1.0,1,1.0,1,0.2924920265185963,51
2398,1,4311,1869,2442,0,0,0,1.0,1,1.0,1,1.0,1,0.28767448991390077,49
2399,0,4311,1869,2442,0,0,0,1.0,1,1.0,1,1.0,1,0.290572219990738,50
2400,3,4314,1870,2444,0,0,0,1.0,1,1.0,1,1.0,1,0.3330502447148722,51
2401,7,4321,1870,2451,0,0,0,1.0,1,1.0,1,1.0,1,0.22193813129623427,50
2402,1,4322,1870,2452,0,0,0,1.0,1,1.0,1,1.0,1,0.20751229004996327,51
2403,2,4324,1871,2453,0,0,0,1.0,1,1.0,1,1.0,1,0.21503163717564366,52
2404,3,4327,1871,2456,0,0,0,1.0,1,1.0,1,1.0,1,0.21078382460283263,53
2405,1,4328,1872,2456,0,0,0,1.0,1,1.0,1,1.0,1,0.2232604232491189,52
2406,3,4331,1874,2457,0,0,0,1.0,1,1.0,1,1.0,1,0.23156792875576893,52
2407,2,4333,1875,2458,0,0,0,1.0,1,1.0,1,1.0,1,0.2670856142574993,51
2408,1,4334,1875,2459,0,0,0,1.0,1,1.0,1,1.0,1,0.23654056104381435,50
2409,0,4334,1875,2459,0,0,0,1.0,1,1.0,1,1.0,1,0.23996559369354747,50
2410,1,4335,1876,2459,0,0,0,1.0,1,1.0,1,1.0,1,0.26859115906138936,49
2411,0,4335,1876,2459,0,0,0,1.0,1,1.0,1,1.0,1,0.28317386470204,48
2412,1,4336,1876,2460,0,0,0,1.0,1,1.0,1,1.0,1,0.27590162280061437,47
2413,0,4336,1876,2460,0,0,0,1.0,1,1.0,1,1.0,1,0.2566414784749982,47
2414,6,4342,1878,2464,0,0,0,1.0,1,1.0,1,1.0,1,0.31404043843534585,47
2415,4,4346,1878,2468,0,0,0,1.0,1,1.0,1,1.0,1,0.3193413269738331,46
2416,3,4349,1878,2471,0,0,0,1.0,1,1.0,1,1.0,1,0.25520223870852404,47
2417,2,4351,1879,2472,0,0,0,1.0,1,1.0,1,1.0,1,0.2688168441269892,46
2418,4,4355,1880,2475,0,0,0,1.0,1,1.0,1,1.0,1,0.27969817900858246,48
2419,1,4356,1880,2476,0,0,0,1.0,1,1.0,1,1.0,1,0.26904415349139116,47
2420,0,4356,1880,2476,0,0,0,1.0,1,1.0,1,1.0,1,0.25504742900752025,49
2421,3,4359,1881,2478,0,0,0,1.0,1,1.0,1,1.0,1,0.22712172718666823,50
2422,3,4362,1882,2480,0,0,0,1.0,1,1.0,1,1.0,1,0.1919179527639585,50
2423,0,4362,1882,2480,0,0,0,1.0,1,1.0,1,1.0,1,0.19717634224720454,51
2424,3,4365,1885,2480,0,0,0,1.0,1,1.0,1,1.0,1,0.1972125311938871,50
2425,0,4365,1885,2480,0,0,0,1.0,1,1.0,1,1.0,1,0.20296359090269891,48
2426,5,4370,1890,2480,0,0,0,1.0,1,1.0,1,1.0,1,0.22934517856547387,51
2427,1,4371,1891,2480,0,0,0,1.0,1,1.0,1,1.0,1,0.2312015488309946,50
2428,3,4374,1892,2482,0,0,0,1.0,1,1.0,1,1.0,1,0.18250791840042224,49
2429,2,4376,1894,2482,0,0,0,1.0,1,1.0,1,1.0,1,0.23462955695516025,49
2430,0,4376,1894,2482,0,0,0,1.0,1,1.0,1,1.0,1,0.24177353680003413,46
2431,3,4379,1895,2484,0,0,0,1.0,1,1.0,1,1.0,1,0.23031962015950275,45
2432,1,4380,1896,2484,0,0,0,1.0,1,1.0,1,1.0,1,0.3033921143347337,44
2433,0,4380,1896,2484,0,0,0,1.0,1,1.0,1,1.0,1,0.2786736672976403,45
2434,3,4383,1897,2486,0,0,0,1.0,1,1.0,1,1.0,1,0.27394230207912135,44
2435,2,4385,1897,2488,0,0,0,1.0,1,1.0,1,1.0,1,0.23103323521369054,44
2436,1,4386,1897,2489,0,0,0,1.0,1,1.0,1,1.0,1,0.20233761670792252,44
2437,1,4387,1898,2489,0,0,0,1.0,1,1.0,1,1.0,1,0.22276954824906814,45
2438,1,4388,1899,2489,0,0,0,1.0,1,1.0,1,1.0,1,0.24743585310260766,45
2439,1,4389,1899,2490,0,0,0,1.0,1,1.0,1,1.0,1,0.22714640155246654,46
2440,0,4389,1899,2490,0,0,0,1.0,1,1.0,1,1.0,1,0.24119880614471595,45
2441,5,4394,1900,2494,0,0,0,1.0,1,1.0,1,1.0,1,0.22569567107717942,45
2442,1,4395,1900,2495,0,0,0,1.0,1,1.0,1,1.0,1,0.21231189622647323,46
2443,1,4396,1900,2496,0,0,0,1.0,1,1.0,1,1.0,1,0.25405236307835055,45
2444,8,4404,1905,2499,0,0,0,1.0,1,1.0,1,1.0,1,0.32914109091890753,46
2445,2,4406,1906,2500,0,0,0,1.0,1,1.0,1,1.0,1,0.3600836119705821,44
2446,6,4412,1908,2504,0,0,0,1.0,1,1.0,1,1.0,1,0.2746423592802398,44
2447,3,4415,1910,2505,0,0,0,1.0,1,1.0,1,1.0,1,0.2703875193469875,42
2448,4,4419,1913,2506,0,0,0,1.0,1,1.0,1,1.0,1,0.2542041226663411,41
2449,3,4422,1914,2508,0,0,0,1.0,1,1.0,1,1.0,1,0.24641305846957953,40
2450,0,4422,1914,2508,0,0,0,1.0,1,1.0,1,1.0,1,0.22872920225848312,42
2451,0,4422,1914,2508,0,0,0,1.0,1,1.0,1,1.0,1,0.22324716512000684,43
2452,0,4422,1914,2508,0,0,0,1.0,1,1.0,1,1.0,1,0.22324716512000684,43
2453,0,4422,1914,2508,0,0,0,1.0,1,1.0,1,1.0,1,0.24072507633787066,45
2454,4,4426,1917,2509,0,0,0,1.0,1,1.0,1,1.0,1,0.26970183335569325,47
2455,0,4426,1917,2509,0,0,0,1.0,1,1.0,1,1.0,1,0.26580779347319117,48
2456,1,4427,1918,2509,0,0,0,1.0,1,1.0,1,1.0,1,0.2988444057238692,49
2457,3,4430,1919,2511,0,0,0,1.0,1,1.0,1,1.0,1,0.30871913317221544,48
2458,0,4430,1919,2511,0,0,0,1.0,1,1.0,1,1.0,1,0.29545494692359847,49
2459,1,4431,1919,2512,0,0,0,1.0,1,1.0,1,1.0,1,0.2904282060752943,49
2460,3,4434,1920,2514,0,0,0,1.0,1,1.0,1,1.0,1,0.28689808865686833,50
2461,1,4435,1920,2515,0,0,0,1.0,1,1.0,1,1.0,1,0.2733755578387992,50
2462,5,4440,1923,2517,0,0,0,1.0,1,1.0,1,1.0,1,0.28802609998670126,51
2463,2,4442,1923,2519,0,0,0,1.0,1,1.0,1,1.0,1,0.25251139469364753,51
2464,2,4444,1925,2519,0,0,0,1.0,1,1.0,1,1.0,1,0.23862553562152905,50
2465,1,4445,1925,2520,0,0,0,1.0,1,1.0,1,1.0,1,0.21456362440750687,49
2466,2,4447,1925,2522,0,0,0,1.0,1,1.0,1,1.0,1,0.1808520338020751,49
2467,0,4447,1925,2522,0,0,0,1.0,1,1.0,1,1.0,1,0.2147147070321657,48
2468,3,4450,1928,2522,0,0,0,1.0,1,1.0,1,1.0,1,0.2082251119898854,47
2469,1,4451,1929,2522,0,0,0,1.0,1,1.0,1,1.0,1,0.2039138085706384,46
2470,1,4452,1930,2522,0,0,0,1.0,1,1.0,1,1.0,1,0.23389912145761416,44
2471,1,4453,1931,2522,0,0,0,1.0,1,1.0,1,1.0,1,0.25890531359955504,44
2472,0,4453,1931,2522,0,0,0,1.0,1,1.0,1,1.0,1,0.2836588736962634,44
2473,1,4454,1932,2522,0,0,0,1.0,1,1.0,1,1.0,1,0.29280431819130676,43
2474,2,4456,1934,2522,0,0,0,1.0,1,1.0,1,1.0,1,0.33093714435034505,44
2475,3,4459,1935,2524,0,0,0,1.0,1,1.0,1,1.0,1,0.30537641421980055,46
2476,8,4467,1936,2531,0,0,0,1.0,1,1.0,1,1.0,1,0.17632212486164944,46
2477,3,4470,1937,2533,0,0,0,1.0,1,1.0,1,1.0,1,0.17709811428532557,46
2478,1,4471,1937,2534,0,0,0,1.0,1,1.0,1,1.0,1,0.1605263048597293,46
2479,2,4473,1937,2536,0,0,0,1.0,1,1.0,1,1.0,1,0.1610389198828568,46
2480,2,4475,1938,2537,0,0,0,1.0,1,1.0,1,1.0,1,0.19327308555418202,47
2481,2,4477,1939,2538,0,0,0,1.0,1,1.0,1,1.0,1,0.19170398038645522,47
2482,2,4479,1940,2539,0,0,0,1.0,1,1.0,1,1.0,1,0.2305128521627996,45
2483,1,4480,1940,2540,0,0,0,1.0,1,1.0,1,1.0,1,0.22490352653033258,45
2484,3,4483,1942,2541,0,0,0,1.0,1,1.0,1,1.0,1,0.3063439643762559,46
2485,4,4487,1943,2544,0,0,0,1.0,1,1.0,1,1.0,1,0.2628815653217594,44
2486,1,4488,1943,2545,0,0,0,1.0,1,1.0,1,1.0,1,0.2427857977101841,43
2487,2,4490,1944,2546,0,0,0,1.0,1,1.0,1,1.0,1,0.28387796877345234,44
2488,5,4495,1947,2548,0,0,0,1.0,1,1.0,1,1.0,1,0.30168213354482476,45
2489,1,4496,1947,2549,0,0,0,1.0,1,1.0,1,1.0,1,0.3142947657056822,44
2490,4,4500,1949,2551,0,0,0,1.0,1,1.0,1,1.0,1,0.33352580236709667,44
2491,3,4503,1951,2552,0,0,0,1.0,1,1.0,1,1.0,1,0.2778772331671578,44
2492,1,4504,1952,2552,0,0,0,1.0,1,1.0,1,1.0,1,0.27979587934252614,44
2493,0,4504,1952,2552,0,0,0,1.0,1,1.0,1,1.0,1,0.29812044231010343,42
2494,0,4504,1952,2552,0,0,0,1.0,1,1.0,1,1.0,1,0.29812044231010343,42
2495,0,4504,1952,2552,0,0,0,1.0,1,1.0,1,1.0,1,0.29787319806350393,42
2496,1,4505,1953,2552,0,0,0,1.0,1,1.0,1,1.0,1,0.32659173649385953,42
2497,0,4505,1953,2552,0,0,0,1.0,1,1.0,1,1.0,1,0.33926305976292864,44
2498,3,4508,1954,2554,0,0,0,1.0,1,1.0,1,1.0,1,0.33112932937295503,43
2499,0,4508,1954,2554,0,0,0,1.0,1,1.0,1,1.0,1,0.33112932937295503,43
2500,2,4510,1955,2555,0,0,0,1.0,1,1.0,1,1.0,1,0.2763644122254842,44
2501,2,4512,1955,2557,0,0,0,1.0,1,1.0,1,1.0,1,0.25087293733230676,46
2502,4,4516,1957,2559,0,0,0,1.0,1,1.0,1,1.0,1,0.23995047246309303,47
2503,1,4517,1957,2560,0,0,0,1.0,1,1.0,1,1.0,1,0.22774055597747833,47
2504,1,4518,1958,2560,0,0,0,1.0,1,1.0,1,1.0,1,0.2590582054500081,46
2505,5,4523,1962,2561,0,0,0,1.0,1,1.0,1,1.0,1,0.263998748812996,46
2506,7,4530,1964,2566,0,0,0,1.0,1,1.0,1,1.0,1,0.2200760694421718,45
2507,2,4532,1965,2567,0,0,0,1.0,1,1.0,1,1.0,1,0.22209859605741575,45
2508,3,4535,1966,2569,0,0,0,1.0,1,1.0,1,1.0,1,0.1924820889372291,46
2509,1,4536,1967,2569,0,0,0,1.0,1,1.0,1,1.0,1,0.2079682594734511,45
2510,1,4537,1968,2569,0,0,0,1.0,1,1.0,1,1.0,1,0.2145370272413124,46
2511,0,4537,1968,2569,0,0,0,1.0,1,1.0,1,1.0,1,0.19412794891628402,47
2512,0,4537,1968,2569,0,0,0,1.0,1,1.0,1,1.0,1,0.21013677223444874,47
2513,3,4540,1970,2570,0,0,0,1.0,1,1.0,1,1.0,1,0.18272039658930972,48
2514,2,4542,1971,2571,0,0,0,1.0,1,1.0,1,1.0,1,0.2138865348001159,48
2515,1,4543,1971,2572,0,0,0,1.0,1,1.0,1,1.0,1,0.21310776650581986,49
2516,3,4546,1972,2574,0,0,0,1.0,1,1.0,1,1.0,1,0.22403863799761045,49
2517,0,4546,1972,2574,0,0,0,1.0,1,1.0,1,1.0,1,0.24385139055710775,49
2518,2,4548,1973,2575,0,0,0,1.0,1,1.0,1,1.0,1,0.2810168679500298,48
2519,1,4549,1974,2575,0,0,0,1.0,1,1.0,1,1.0,1,0.30244014553173826,48
2520,0,4549,1974,2575,0,0,0,1.0,1,1.0,1,1.0,1,0.30107401603010203,46
2521,3,4552,1976,2576,0,0,0,1.0,1,1.0,1,1.0,1,0.27541804032681727,47
2522,2,4554,1978,2576,0,0,0,1.0,1,1.0,1,1.0,1,0.3393579118191511,45
2523,2,4556,1979,2577,0,0,0,1.0,1,1.0,1,1.0,1,0.3308748631508009,44
2524,0,4556,1979,2577,0,0,0,1.0,1,1.0,1,1.0,1,0.3499053594304798,42
2525,0,4556,1979,2577,0,0,0,1.0,1,1.0,1,1.0,1,0.38179693310267665,42
2526,1,4557,1979,2578,0,0,0,1.0,1,1.0,1,1.0,1,0.3502564972229884,41
2527,0,4557,1979,2578,0,0,0,1.0,1,1.0,1,1.0,1,0.3502564972229884,41
2528,0,4557,1979,2578,0,0,0,1.0,1,1.0,1,1.0,1,0.387500842416573,41
2529,0,4557,1979,2578,0,0,0,1.0,1,1.0,1,1.0,1,0.3884086254811744,42
2530,1,4558,1979,2579,0,0,0,1.0,1,1.0,1,1.0,1,0.35386007426814575,41
2531,0,4558,1979,2579,0,0,0,1.0,1,1.0,1,1.0,1,0.35386007426814575,41
2532,0,4558,1979,2579,0,0,0,1.0,1,1.0,1,1.0,1,0.3628741099679219,43
2533,0,4558,1979,2579,0,0,0,1.0,1,1.0,1,1.0,1,0.3628741099679219,43
2534,0,4558,1979,2579,0,0,0,1.0,1,1.0,1,1.0,1,0.3628741099679219,43
2535,2,4560,1981,2579,0,0,0,1.0,1,1.0,1,1.0,1,0.4004018800198956,44
2536,6,4566,1981,2585,0,0,0,1.0,1,1.0,1,1.0,1,0.3715314643389057,44
2537,1,4567,1981,2586,0,0,0,1.0,1,1.0,1,1.0,1,0.3556851825889907,45
2538,2,4569,1981,2588,0,0,0,1.0,1,1.0,1,1.0,1,0.3266218132676622,48
2539,2,4571,1982,2589,0,0,0,1.0,1,1.0,1,1.0,1,0.32229746983338176,48
2540,3,4574,1983,2591,0,0,0,1.0,1,1.0,1,1.0,1,0.2860045442950985,50
2541,4,4578,1984,2594,0,0,0,1.0,1,1.0,1,1.0,1,0.30322377096342973,52
2542,6,4584,1986,2598,0,0,0,1.0,1,1.0,1,1.0,1,0.2563268392780662,52
2543,4,4588,1988,2600,0,0,0,1.0,1,1.0,1,1.0,1,0.25881914042201337,51
2544,4,4592,1991,2601,0,0,0,1.0,1,1.0,1,1.0,1,0.2747211628766602,51
2545,1,4593,1991,2602,0,0,0,1.0,1,1.0,1,1.0,1,0.23789788151849262,50
2546,2,4595,1993,2602,0,0,0,1.0,1,1.0,1,1.0,1,0.2376862638992852,50
2547,3,4598,1994,2604,0,0,0,1.0,1,1.0,1,1.0,1,0.2563464968719979,47
2548,0,4598,1994,2604,0,0,0,1.0,1,1.0,1,1.0,1,0.2509378548043338,46
2549,5,4603,1998,2605,0,0,0,1.0,1,1.0,1,1.0,1,0.26815397870098195,46
2550,2,4605,2000,2605,0,0,0,1.0,1,1.0,1,1.0,1,0.2640281358948482,44
2551,3,4608,2001,2607,0,0,0,1.0,1,1.0,1,1.0,1,0.21514982762944082,43
2552,0,4608,2001,2607,0,0,0,1.0,1,1.0,1,1.0,1,0.2549559630818594,43
2553,0,4608,2001,2607,0,0,0,1.0,1,1.0,1,1.0,1,0.26075175486641206,44
2554,2,4610,2003,2607,0,0,0,1.0,1,1.0,1,1.0,1,0.3120537888135532,45
2555,1,4611,2003,2608,0,0,0,1.0,1,1.0,1,1.0,1,0.2980571092979591,44
2556,1,4612,2003,2609,0,0,0,1.0,1,1.0,1,1.0,1,0.2639103954512037,44
2557,1,4613,2004,2609,0,0,0,1.0,1,1.0,1,1.0,1,0.32079446701834985,41
2558,0,4613,2004,2609,0,0,0,1.0,1,1.0,1,1.0,1,0.3245435828038594,40
2559,1,4614,2004,2610,0,0,0,1.0,1,1.0,1,1.0,1,0.30254739814965703,41
2560,0,4614,2004,2610,0,0,0,1.0,1,1.0,1,1.0,1,0.30254739814965703,41
2561,0,4614,2004,2610,0,0,0,1.0,1,1.0,1,1.0,1,0.3140549383618086,43
2562,2,4616,2005,2611,0,0,0,1.0,1,1.0,1,1.0,1,0.3215177704122354,44
2563,0,4616,2005,2611,0,0,0,1.0,1,1.0,1,1.0,1,0.3215177704122354,44
2564,1,4617,2006,2611,0,0,0,1.0,1,1.0,1,1.0,1,0.32956941939931106,44
2565,2,4619,2008,2611,0,0,0,1.0,1,1.0,1,1.0,1,0.33826319489780643,45
2566,5,4624,2009,2615,0,0,0,1.0,1,1.0,1,1.0,1,0.2974083122937801,46
2567,2,4626,2010,2616,0,0,0,1.0,1,1.0,1,1.0,1,0.3055978791348715,48
2568,3,4629,2012,2617,0,0,0,1.0,1,1.0,1,1.0,1,0.3078058926402336,48
2569,0,4629,2012,2617,0,0,0,1.0,1,1.0,1,1.0,1,0.32239342829276685,49
2570,0,4629,2012,2617,0,0,0,1.0,1,1.0,1,1.0,1,0.3264446378008744,48
2571,2,4631,2012,2619,0,0,0,1.0,1,1.0,1,1.0,1,0.30346444927696414,48
2572,0,4631,2012,2619,0,0,0,1.0,1,1.0,1,1.0,1,0.285946329464326,49
2573,0,4631,2012,2619,0,0,0,1.0,1,1.0,1,1.0,1,0.28702823696179985,50
2574,1,4632,2012,2620,0,0,0,1.0,1,1.0,1,1.0,1,0.30676416790159516,49
2575,0,4632,2012,2620,0,0,0,1.0,1,1.0,1,1.0,1,0.3079362965207406,48
2576,0,4632,2012,2620,0,0,0,1.0,1,1.0,1,1.0,1,0.3079362965207406,48
2577,2,4634,2012,2622,0,0,0,1.0,1,1.0,1,1.0,1,0.31031717689697363,50
2578,1,4635,2013,2622,0,0,0,1.0,1,1.0,1,1.0,1,0.3144366643119844,50
2579,4,4639,2014,2625,0,0,0,1.0,1,1.0,1,1.0,1,0.2796864266346063,51
2580,0,4639,2014,2625,0,0,0,1.0,1,1.0,1,1.0,1,0.2929164178141698,52
2581,4,4643,2014,2629,0,0,0,1.0,1,1.0,1,1.0,1,0.2578627528311922,51
2582,1,4644,2015,2629,0,0,0,1.0,1,1.0,1,1.0,1,0.27566896681573605,51
2583,0,4644,2015,2629,0,0,0,1.0,1,1.0,1,1.0,1,0.2768702909266962,51
2584,7,4651,2018,2633,0,0,0,1.0,1,1.0,1,1.0,1,0.2269695043885104,51
2585,0,4651,2018,2633,0,0,0,1.0,1,1.0,1,1.0,1,0.21278184574611506,50
2586,3,4654,2021,2633,0,0,0,1.0,1,1.0,1,1.0,1,0.23744760659356348,50
2587,2,4656,2022,2634,0,0,0,1.0,1,1.0,1,1.0,1,0.2051774557231623,48
2588,3,4659,2023,2636,0,0,0,1.0,1,1.0,1,1.0,1,0.18539662534237286,50
2589,3,4662,2025,2637,0,0,0,1.0,1,1.0,1,1.0,1,0.14783652994293936,48
2590,0,4662,2025,2637,0,0,0,1.0,1,1.0,1,1.0,1,0.1519966728721077,47
2591,1,4663,2026,2637,0,0,0,1.0,1,1.0,1,1.0,1,0.1660411386418443,47
2592,1,4664,2027,2637,0,0,0,1.0,1,1.0,1,1.0,1,0.19030527163554153,47
2593,1,4665,2028,2637,0,0,0,1.0,1,1.0,1,1.0,1,0.22765135744545412,47
2594,5,4670,2032,2638,0,0,0,1.0,1,1.0,1,1.0,1,0.21747352802558664,49
2595,2,4672,2032,2640,0,0,0,1.0,1,1.0,1,1.0,1,0.17861183750279952,48
2596,2,4674,2033,2641,0,0,0,1.0,1,1.0,1,1.0,1,0.1703438959763861,47
2597,2,4676,2035,2641,0,0,0,1.0,1,1.0,1,1.0,1,0.1875041930083973,48
2598,2,4678,2037,2641,0,0,0,1.0,1,1.0,1,1.0,1,0.1942564772635361,48
2599,1,4679,2038,2641,0,0,0,1.0,1,1.0,1,1.0,1,0.19182501951787617,49
2600,2,4681,2039,2642,0,0,0,1.0,1,1.0,1,1.0,1,0.20051621863899388,52
2601,4,4685,2041,2644,0,0,0,1.0,1,1.0,1,1.0,1,0.22423980446615494,51
2602,0,4685,2041,2644,0,0,0,1.0,1,1.0,1,1.0,1,0.2202960564615951,52
2603,1,4686,2041,2645,0,0,0,1.0,1,1.0,1,1.0,1,0.2280923388699958,53
2604,1,4687,2041,2646,0,0,0,1.0,1,1.0,1,1.0,1,0.2121990766099633,53
2605,0,4687,2041,2646,0,0,0,1.0,1,1.0,1,1.0,1,0.2365852532766801,52
2606,1,4688,2041,2647,0,0,0,1.0,1,1.0,1,1.0,1,0.2127902524926117,52
2607,0,4688,2041,2647,0,0,0,1.0,1,1.0,1,1.0,1,0.22805720000260674,52
2608,1,4689,2041,2648,0,0,0,1.0,1,1.0,1,1.0,1,0.2153677478316139,52
2609,1,4690,2041,2649,0,0,0,1.0,1,1.0,1,1.0,1,0.1846252349736473,53
2610,1,4691,2042,2649,0,0,0,1.0,1,1.0,1,1.0,1,0.19921262115360425,54
2611,2,4693,2043,2650,0,0,0,1.0,1,1.0,1,1.0,1,0.19086972370211433,54
2612,4,4697,2045,2652,0,0,0,1.0,1,1.0,1,1.0,1,0.17026544065609622,56
2613,4,4701,2047,2654,0,0,0,1.0,1,1.0,1,1.0,1,0.13723428509895644,56
2614,1,4702,2048,2654,0,0,0,1.0,1,1.0,1,1.0,1,0.15362133115751242,56
2615,2,4704,2049,2655,0,0,0,1.0,1,1.0,1,1.0,1,0.15056826342657412,57
2616,2,4706,2049,2657,0,0,0,1.0,1,1.0,1,1.0,1,0.08356350023242769,57
2617,2,4708,2050,2658,0,0,0,1.0,1,1.0,1,1.0,1,0.06901253997329271,58
2618,0,4708,2050,2658,0,0,0,1.0,1,1.0,1,1.0,1,0.06901253997329271,58
2619,0,4708,2050,2658,0,0,0,1.0,1,1.0,1,1.0,1,0.08291308520560461,58
2620,1,4709,2051,2658,0,0,0,1.0,1,1.0,1,1.0,1,0.09422388863282288,60
2621,0,4709,2051,2658,0,0,0,1.0,1,1.0,1,1.0,1,0.11105297367796547,59
2622,3,4712,2053,2659,0,0,0,1.0,1,1.0,1,1.0,1,0.1286958095268936,60
2623,4,4716,2054,2662,0,0,0,1.0,1,1.0,1,1.0,1,0.11801493568548943,59
2624,5,4721,2059,2662,0,0,0,1.0,1,1.0,1,1.0,1,0.17030525296553672,58
2625,2,4723,2060,2663,0,0,0,1.0,1,1.0,1,1.0,1,0.1838488651991991,58
2626,3,4726,2062,2664,0,0,0,1.0,1,1.0,1,1.0,1,0.1852710961589617,57
2627,0,4726,2062,2664,0,0,0,1.0,1,1.0,1,1.0,1,0.17059232430401083,55
2628,2,4728,2064,2664,0,0,0,1.0,1,1.0,1,1.0,1,0.1874415244480399,55
2629,0,4728,2064,2664,0,0,0,1.0,1,1.0,1,1.0,1,0.18846665245678712,54
2630,3,4731,2066,2665,0,0,0,1.0,1,1.0,1,1.0,1,0.23100867448094242,55
2631,3,4734,2067,2667,0,0,0,1.0,1,1.0,1,1.0,1,0.20196434635213498,55
2632,1,4735,2068,2667,0,0,0,1.0,1,1.0,1,1.0,1,0.2243843432214354,55
2633,1,4736,2069,2667,0,0,0,1.0,1,1.0,1,1.0,1,0.23513394831243134,53
2634,1,4737,2070,2667,0,0,0,1.0,1,1.0,1,1.0,1,0.25140944572500395,52
2635,1,4738,2070,2668,0,0,0,1.0,1,1.0,1,1.0,1,0.24202304041943817,52
2636,5,4743,2072,2671,0,0,0,1.0,1,1.0,1,1.0,1,0.22539407870594355,51
2637,1,4744,2073,2671,0,0,0,1.0,1,1.0,1,1.0,1,0.22051019500983313,50
2638,3,4747,2075,2672,0,0,0,1.0,1,1.0,1,1.0,1,0.2513546954050395,48
2639,0,4747,2075,2672,0,0,0,1.0,1,1.0,1,1.0,1,0.25765729723699643,48
2640,3,4750,2078,2672,0,0,0,1.0,1,1.0,1,1.0,1,0.2555740349501723,46
2641,8,4758,2080,2678,0,0,0,1.0,1,1.0,1,1.0,1,0.18229765028356307,46
2642,8,4766,2084,2682,0,0,0,1.0,1,1.0,1,1.0,1,0.12442539835884152,47
2643,1,4767,2085,2682,0,0,0,1.0,1,1.0,1,1.0,1,0.12690883560460295,45
2644,3,4770,2088,2682,0,0,0,1.0,1,1.0,1,1.0,1,0.23890364334434727,44
2645,1,4771,2089,2682,0,0,0,1.0,1,1.0,1,1.0,1,0.22536514946079958,42
2646,4,4775,2091,2684,0,0,0,1.0,1,1.0,1,1.0,1,0.27365592918106074,43
2647,0,4775,2091,2684,0,0,0,1.0,1,1.0,1,1.0,1,0.2670212649159209,40
2648,1,4776,2092,2684,0,0,0,1.0,1,1.0,1,1.0,1,0.21251951710229797,41
2649,1,4777,2092,2685,0,0,0,1.0,1,1.0,1,1.0,1,0.20946261488080142,43
2650,0,4777,2092,2685,0,0,0,1.0,1,1.0,1,1.0,1,0.24814441779004687,43
2651,1,4778,2093,2685,0,0,0,1.0,1,1.0,1,1.0,1,0.23706782009089114,44
2652,1,4779,2094,2685,0,0,0,1.0,1,1.0,1,1.0,1,0.2058025666254528,44
2653,0,4779,2094,2685,0,0,0,1.0,1,1.0,1,1.0,1,0.2058025666254528,44
2654,3,4782,2095,2687,0,0,0,1.0,1,1.0,1,1.0,1,0.1809203352890318,45
2655,1,4783,2096,2687,0,0,0,1.0,1,1.0,1,1.0,1,0.17457940562196947,45
2656,1,4784,2097,2687,0,0,0,1.0,1,1.0,1,1.0,1,0.14059124840336779,45
2657,0,4784,2097,2687,0,0,0,1.0,1,1.0,1,1.0,1,0.15997769155363462,45
2658,2,4786,2098,2688,0,0,0,1.0,1,1.0,1,1.0,1,0.17083259612023255,47
2659,0,4786,2098,2688,0,0,0,1.0,1,1.0,1,1.0,1,0.19504827173035205,46
2660,1,4787,2099,2688,0,0,0,1.0,1,1.0,1,1.0,1,0.2115219322125215,46
2661,1,4788,2100,2688,0,0,0,1.0,1,1.0,1,1.0,1,0.22087185312755836,46
2662,6,4794,2102,2692,0,0,0,1.0,1,1.0,1,1.0,1,0.14993553082054337,47
2663,4,4798,2105,2693,0,0,0,1.0,1,1.0,1,1.0,1,0.1681391194163268,46
2664,2,4800,2106,2694,0,0,0,1.0,1,1.0,1,1.0,1,0.14586570633939683,45
2665,0,4800,2106,2694,0,0,0,1.0,1,1.0,1,1.0,1,0.15504112104098616,47
2666,4,4804,2110,2694,0,0,0,1.0,1,1.0,1,1.0,1,0.1899853395520941,47
2667,3,4807,2112,2695,0,0,0,1.0,1,1.0,1,1.0,1,0.226538207714736,45
2668,1,4808,2113,2695,0,0,0,1.0,1,1.0,1,1.0,1,0.22801132703816196,45
2669,1,4809,2114,2695,0,0,0,1.0,1,1.0,1,1.0,1,0.24708037454590448,45
2670,3,4812,2117,2695,0,0,0,1.0,1,1.0,1,1.0,1,0.2591409784011055,45
2671,5,4817,2119,2698,0,0,0,1.0,1,1.0,1,1.0,1,0.18727958989039503,41
2672,2,4819,2120,2699,0,0,0,1.0,1,1.0,1,1.0,1,0.21666009841472675,40
2673,1,4820,2121,2699,0,0,0,1.0,1,1.0,1,1.0,1,0.20825802854888342,39
2674,3,4823,2123,2700,0,0,0,1.0,1,1.0,1,1.0,1,0.28724063189328825,37
2675,0,4823,2123,2700,0,0,0,1.0,1,1.0,1,1.0,1,0.2490793299998818,35
2676,4,4827,2124,2703,0,0,0,1.0,1,1.0,1,1.0,1,0.296066668949327,34
2677,2,4829,2125,2704,0,0,0,1.0,1,1.0,1,1.0,1,0.29833053841818374,32
2678,2,4831,2126,2705,0,0,0,1.0,1,1.0,1,1.0,1,0.31175690866174655,33
2679,0,4831,2126,2705,0,0,0,1.0,1,1.0,1,1.0,1,0.3207528252068237,33
2680,4,4835,2129,2706,0,0,0,1.0,1,1.0,1,1.0,1,0.36027224233282673,33
2681,1,4836,2129,2707,0,0,0,1.0,1,1.0,1,1.0,1,0.2759379281667465,32
2682,1,4837,2130,2707,0,0,0,1.0,1,1.0,1,1.0,1,0.3018599359742791,32
2683,1,4838,2131,2707,0,0,0,1.0,1,1.0,1,1.0,1,0.2717458271227315,32
2684,1,4839,2132,2707,0,0,0,1.0,1,1.0,1,1.0,1,0.30265514320419656,31
2685,1,4840,2133,2707,0,0,0,1.0,1,1.0,1,1.0,1,0.3289620075257855,30
2686,2,4842,2133,2709,0,0,0,1.0,1,1.0,1,1.0,1,0.26724884014237626,29
2687,0,4842,2133,2709,0,0,0,1.0,1,1.0,1,1.0,1,0.25597606753078983,28
2688,0,4842,2133,2709,0,0,0,1.0,1,1.0,1,1.0,1,0.25597606753078983,28
2689,1,4843,2133,2710,0,0,0,1.0,1,1.0,1,1.0,1,0.2799317231969529,29
2690,2,4845,2134,2711,0,0,0,1.0,1,1.0,1,1.0,1,0.295080289713579,29
2691,3,4848,2136,2712,0,0,0,1.0,1,1.0,1,1.0,1,0.2594632285582,29
2692,3,4851,2136,2715,0,0,0,1.0,1,1.0,1,1.0,1,0.19948656383592606,31
2693,2,4853,2138,2715,0,0,0,1.0,1,1.0,1,1.0,1,0.23800791192502643,32
2694,2,4855,2139,2716,0,0,0,1.0,1,1.0,1,1.0,1,0.26423679273517614,32
2695,0,4855,2139,2716,0,0,0,1.0,1,1.0,1,1.0,1,0.24507419969800426,33
2696,0,4855,2139,2716,0,0,0,1.0,1,1.0,1,1.0,1,0.24507419969800426,33
2697,2,4857,2141,2716,0,0,0,1.0,1,1.0,1,1.0,1,0.31385922668782074,34
2698,2,4859,2143,2716,0,0,0,1.0,1,1.0,1,1.0,1,0.26881228459055895,34
2699,2,4861,2144,2717,0,0,0,1.0,1,1.0,1,1.0,1,0.2243294761010284,36
2700,2,4863,2144,2719,0,0,0,1.0,1,1.0,1,1.0,1,0.2332437669014843,36
2701,2,4865,2144,2721,0,0,0,1.0,1,1.0,1,1.0,1,0.17852208203488606,36
2702,1,4866,2145,2721,0,0,0,1.0,1,1.0,1,1.0,1,0.14637353197933756,36
2703,1,4867,2146,2721,0,0,0,1.0,1,1.0,1,1.0,1,0.170622892762333,38
2704,2,4869,2147,2722,0,0,0,1.0,1,1.0,1,1.0,1,0.19529569408583278,37
2705,3,4872,2149,2723,0,0,0,1.0,1,1.0,1,1.0,1,0.22835665106708333,36
2706,1,4873,2150,2723,0,0,0,1.0,1,1.0,1,1.0,1,0.268234729123853,34
2707,0,4873,2150,2723,0,0,0,1.0,1,1.0,1,1.0,1,0.25040846767858166,36
2708,4,4877,2153,2724,0,0,0,1.0,1,1.0,1,1.0,1,0.2952955394367645,36
2709,0,4877,2153,2724,0,0,0,1.0,1,1.0,1,1.0,1,0.26573515403020537,33
2710,2,4879,2155,2724,0,0,0,1.0,1,1.0,1,1.0,1,0.34654655187853595,32
2711,1,4880,2156,2724,0,0,0,1.0,1,1.0,1,1.0,1,0.3297876129018365,29
2712,0,4880,2156,2724,0,0,0,1.0,1,1.0,1,1.0,1,0.3855452034077184,28
2713,2,4882,2157,2725,0,0,0,1.0,1,1.0,1,1.0,1,0.4349061006123713,28
2714,2,4884,2158,2726,0,0,0,1.0,1,1.0,1,1.0,1,0.5009179788471867,25
2715,3,4887,2159,2728,0,0,0,1.0,1,1.0,1,1.0,1,0.3910707041174611,24
2716,5,4892,2161,2731,0,0,0,1.0,1,1.0,1,1.0,1,0.3397581961865232,23
2717,1,4893,2161,2732,0,0,0,1.0,1,1.0,1,1.0,1,0.28511714636884294,24
2718,0,4893,2161,2732,0,0,0,1.0,1,1.0,1,1.0,1,0.28511714636884294,24
2719,0,4893,2161,2732,0,0,0,1.0,1,1.0,1,1.0,1,0.30127731643461136,25
2720,2,4895,2163,2732,0,0,0,1.0,1,1.0,1,1.0,1,0.2629004910018069,25
2721,2,4897,2165,2732,0,0,0,1.0,1,1.0,1,1.0,1,0.33432529813976003,26
2722,1,4898,2166,2732,0,0,0,1.0,1,1.0,1,1.0,1,0.37884495124903594,26
2723,2,4900,2167,2733,0,0,0,1.0,1,1.0,1,1.0,1,0.30398212799767826,26
2724,1,4901,2168,2733,0,0,0,1.0,1,1.0,1,1.0,1,0.31936680326656636,27
2725,0,4901,2168,2733,0,0,0,1.0,1,1.0,1,1.0,1,0.31936680326656636,27
2726,1,4902,2168,2734,0,0,0,1.0,1,1.0,1,1.0,1,0.27410313040823103,28
2727,0,4902,2168,2734,0,0,0,1.0,1,1.0,1,1.0,1,0.26194572826377516,29
2728,0,4902,2168,2734,0,0,0,1.0,1,1.0,1,1.0,1,0.25110782692289707,28
2729,0,4902,2168,2734,0,0,0,1.0,1,1.0,1,1.0,1,0.25110782692289707,28
2730,0,4902,2168,2734,0,0,0,1.0,1,1.0,1,1.0,1,0.2554808901427944,29
2731,2,4904,2169,2735,0,0,0,1.0,1,1.0,1,1.0,1,0.2236130509804032,30
2732,0,4904,2169,2735,0,0,0,1.0,1,1.0,1,1.0,1,0.23944920133859343,29
2733,0,4904,2169,2735,0,0,0,1.0,1,1.0,1,1.0,1,0.23944920133859343,29
2734,0,4904,2169,2735,0,0,0,1.0,1,1.0,1,1.0,1,0.23944920133859343,29
2735,1,4905,2170,2735,0,0,0,1.0,1,1.0,1,1.0,1,0.299095035257218,29
2736,1,4906,2170,2736,0,0,0,1.0,1,1.0,1,1.0,1,0.30596080227905864,30
2737,0,4906,2170,2736,0,0,0,1.0,1,1.0,1,1.0,1,0.30596080227905864,30
2738,3,4909,2173,2736,0,0,0,1.0,1,1.0,1,1.0,1,0.3427924722088867,29
2739,1,4910,2173,2737,0,0,0,1.0,1,1.0,1,1.0,1,0.3508577917200579,30
2740,0,4910,2173,2737,0,0,0,1.0,1,1.0,1,1.0,1,0.3810185023059805,29
2741,1,4911,2174,2737,0,0,0,1.0,1,1.0,1,1.0,1,0.353346620952599,29
2742,3,4914,2176,2738,0,0,0,1.0,1,1.0,1,1.0,1,0.40023973355680104,29
2743,3,4917,2177,2740,0,0,0,1.0,1,1.0,1,1.0,1,0.41363938854492005,30
2744,6,4923,2179,2744,0,0,0,1.0,1,1.0,1,1.0,1,0.4780947367096843,28
2745,0,4923,2179,2744,0,0,0,1.0,1,1.0,1,1.0,1,0.47498564742287547,27
2746,5,4928,2180,2748,0,0,0,1.0,1,1.0,1,1.0,1,0.36454852194490944,26
2747,1,4929,2181,2748,0,0,0,1.0,1,1.0,1,1.0,1,0.3767318744537144,22
2748,0,4929,2181,2748,0,0,0,1.0,1,1.0,1,1.0,1,0.41586930248866694,22
2749,0,4929,2181,2748,0,0,0,1.0,1,1.0,1,1.0,1,0.4712460582478983,20
2750,0,4929,2181,2748,0,0,0,1.0,1,1.0,1,1.0,1,0.48616565984420307,17
2751,0,4929,2181,2748,0,0,0,1.0,1,1.0,1,1.0,1,0.48616565984420307,17
2752,0,4929,2181,2748,0,0,0,1.0,1,1.0,1,1.0,1,0.48326140306580484,16
2753,1,4930,2181,2749,0,0,0,1.0,1,1.0,1,1.0,1,0.3937524684137696,16
2754,0,4930,2181,2749,0,0,0,1.0,1,1.0,1,1.0,1,0.3937524684137696,16
2755,1,4931,2182,2749,0,0,0,1.0,1,1.0,1,1.0,1,0.44781023014595744,16
2756,0,4931,2182,2749,0,0,0,1.0,1,1.0,1,1.0,1,0.47340529410038623,17
2757,2,4933,2182,2751,0,0,0,1.0,1,1.0,1,1.0,1,0.37806924341610093,18
2758,0,4933,2182,2751,0,0,0,1.0,1,1.0,1,1.0,1,0.37806924341610093,18
2759,0,4933,2182,2751,0,0,0,1.0,1,1.0,1,1.0,1,0.4008799343686465,19
2760,0,4933,2182,2751,0,0,0,1.0,1,1.0,1,1.0,1,0.3648082902923445,18
2761,0,4933,2182,2751,0,0,0,1.0,1,1.0,1,1.0,1,0.3648082902923445,18
2762,0,4933,2182,2751,0,0,0,1.0,1,1.0,1,1.0,1,0.3648082902923445,18
2763,0,4933,2182,2751,0,0,0,1.0,1,1.0,1,1.0,1,0.3648082902923445,18
2764,0,4933,2182,2751,0,0,0,1.0,1,1.0,1,1.0,1,0.3648082902923445,18
2765,1,4934,2183,2751,0,0,0,1.0,1,1.0,1,1.0,1,0.36871050372173914,18
2766,0,4934,2183,2751,0,0,0,1.0,1,1.0,1,1.0,1,0.36871050372173914,18
2767,0,4934,2183,2751,0,0,0,1.0,1,1.0,1,1.0,1,0.42515166241732427,17
2768,0,4934,2183,2751,0,0,0,1.0,1,1.0,1,1.0,1,0.42515166241732427,17
2769,0,4934,2183,2751,0,0,0,1.0,1,1.0,1,1.0,1,0.42515166241732427,17
2770,0,4934,2183,2751,0,0,0,1.0,1,1.0,1,1.0,1,0.42515166241732427,17
2771,0,4934,2183,2751,0,0,0,1.0,1,1.0,1,1.0,1,0.42515166241732427,17
2772,0,4934,2183,2751,0,0,0,1.0,1,1.0,1,1.0,1,0.42515166241732427,17
2773,1,4935,2184,2751,0,0,0,1.0,1,1.0,1,1.0,1,0.49059008914025415,17
2774,1,4936,2184,2752,0,0,0,1.0,1,1.0,1,1.0,1,0.4071703903204881,18
2775,2,4938,2186,2752,0,0,0,1.0,1,1.0,1,1.0,1,0.40036954588252227,20
2776,0,4938,2186,2752,0,0,0,1.0,1,1.0,1,1.0,1,0.37919732590866845,21
2777,0,4938,2186,2752,0,0,0,1.0,1,1.0,1,1.0,1,0.37919732590866845,21
2778,4,4942,2188,2754,0,0,0,1.0,1,1.0,1,1.0,1,0.4307180828420951,21
2779,2,4944,2189,2755,0,0,0,1.0,1,1.0,1,1.0,1,0.4417195142244045,22
2780,2,4946,2190,2756,0,0,0,1.0,1,1.0,1,1.0,1,0.5024329873109407,22
2781,3,4949,2190,2759,0,0,0,1.0,1,1.0,1,1.0,1,0.4054242277739706,22
2782,1,4950,2191,2759,0,0,0,1.0,1,1.0,1,1.0,1,0.3969615011367309,23
2783,0,4950,2191,2759,0,0,0,1.0,1,1.0,1,1.0,1,0.3747934915531889,22
2784,1,4951,2191,2760,0,0,0,1.0,1,1.0,1,1.0,1,0.3082006282599079,21
2785,0,4951,2191,2760,0,0,0,1.0,1,1.0,1,1.0,1,0.27967921501200743,19
2786,1,4952,2192,2760,0,0,0,1.0,1,1.0,1,1.0,1,0.30734523576268497,19
2787,0,4952,2192,2760,0,0,0,1.0,1,1.0,1,1.0,1,0.2988493338724532,20
2788,1,4953,2193,2760,0,0,0,1.0,1,1.0,1,1.0,1,0.32312336949864623,20
2789,0,4953,2193,2760,0,0,0,1.0,1,1.0,1,1.0,1,0.3332918803691361,19
2790,0,4953,2193,2760,0,0,0,1.0,1,1.0,1,1.0,1,0.32306400039744354,20
2791,0,4953,2193,2760,0,0,0,1.0,1,1.0,1,1.0,1,0.32306400039744354,20
2792,0,4953,2193,2760,0,0,0,1.0,1,1.0,1,1.0,1,0.32306400039744354,20
2793,0,4953,2193,2760,0,0,0,1.0,1,1.0,1,1.0,1,0.36231446832600445,19
2794,0,4953,2193,2760,0,0,0,1.0,1,1.0,1,1.0,1,0.3821501494603127,20
2795,0,4953,2193,2760,0,0,0,1.0,1,1.0,1,1.0,1,0.3974441534368456,21
2796,0,4953,2193,2760,0,0,0,1.0,1,1.0,1,1.0,1,0.37931225217039255,22
2797,0,4953,2193,2760,0,0,0,1.0,1,1.0,1,1.0,1,0.39894605636756975,21
2798,1,4954,2194,2760,0,0,0,1.0,1,1.0,1,1.0,1,0.44571546450124516,21
2799,0,4954,2194,2760,0,0,0,1.0,1,1.0,1,1.0,1,0.4270991729860779,20
2800,0,4954,2194,2760,0,0,0,1.0,1,1.0,1,1.0,1,0.4270991729860779,20
2801,0,4954,2194,2760,0,0,0,1.0,1,1.0,1,1.0,1,0.4270991729860779,20
2802,1,4955,2194,2761,0,0,0,1.0,1,1.0,1,1.0,1,0.37431659392088773,20
2803,1,4956,2194,2762,0,0,0,1.0,1,1.0,1,1.0,1,0.3390361576609743,21
2804,1,4957,2194,2763,0,0,0,1.0,1,1.0,1,1.0,1,0.31343920604265635,22
2805,1,4958,2195,2763,0,0,0,1.0,1,1.0,1,1.0,1,0.3098852152219851,22
2806,2,4960,2196,2764,0,0,0,1.0,1,1.0,1,1.0,1,0.31037394441584215,23
2807,2,4962,2198,2764,0,0,0,1.0,1,1.0,1,1.0,1,0.3619766164672501,24
2808,2,4964,2200,2764,0,0,0,1.0,1,1.0,1,1.0,1,0.39108571958518856,24
2809,4,4968,2200,2768,0,0,0,1.0,1,1.0,1,1.0,1,0.27394216682644584,26
2810,0,4968,2200,2768,0,0,0,1.0,1,1.0,1,1.0,1,0.24654285326734376,26
2811,0,4968,2200,2768,0,0,0,1.0,1,1.0,1,1.0,1,0.22058978252318526,27
2812,0,4968,2200,2768,0,0,0,1.0,1,1.0,1,1.0,1,0.22058978252318526,27
2813,0,4968,2200,2768,0,0,0,1.0,1,1.0,1,1.0,1,0.1921312699812299,28
2814,2,4970,2202,2768,0,0,0,1.0,1,1.0,1,1.0,1,0.24826909577099462,29
2815,1,4971,2202,2769,0,0,0,1.0,1,1.0,1,1.0,1,0.22187165751010096,30
2816,1,4972,2203,2769,0,0,0,1.0,1,1.0,1,1.0,1,0.19754227322430548,31
2817,0,4972,2203,2769,0,0,0,1.0,1,1.0,1,1.0,1,0.19754227322430548,31
2818,1,4973,2204,2769,0,0,0,1.0,1,1.0,1,1.0,1,0.2205317841913849,32
2819,0,4973,2204,2769,0,0,0,1.0,1,1.0,1,1.0,1,0.2205317841913849,32
2820,0,4973,2204,2769,0,0,0,1.0,1,1.0,1,1.0,1,0.22316154537242555,33
2821,1,4974,2204,2770,0,0,0,1.0,1,1.0,1,1.0,1,0.22838501986629056,34
2822,1,4975,2205,2770,0,0,0,1.0,1,1.0,1,1.0,1,0.21092666238743957,35
2823,1,4976,2206,2770,0,0,0,1.0,1,1.0,1,1.0,1,0.21457802168132442,31
2824,3,4979,2208,2771,0,0,0,1.0,1,1.0,1,1.0,1,0.28807102364571086,33
2825,0,4979,2208,2771,0,0,0,1.0,1,1.0,1,1.0,1,0.2548743617900328,31
2826,1,4980,2209,2771,0,0,0,1.0,1,1.0,1,1.0,1,0.29333146139051375,31
2827,2,4982,2211,2771,0,0,0,1.0,1,1.0,1,1.0,1,0.2880095367018554,32
2828,4,4986,2213,2773,0,0,0,1.0,1,1.0,1,1.0,1,0.3685302468321912,33
2829,2,4988,2213,2775,0,0,0,1.0,1,1.0,1,1.0,1,0.31936736445829794,33
2830,0,4988,2213,2775,0,0,0,1.0,1,1.0,1,1.0,1,0.3324337777267523,32
2831,3,4991,2214,2777,0,0,0,1.0,1,1.0,1,1.0,1,0.3742275463790974,31
2832,3,4994,2215,2779,0,0,0,1.0,1,1.0,1,1.0,1,0.38554118746529314,30
2833,2,4996,2216,2780,0,0,0,1.0,1,1.0,1,1.0,1,0.4022991943818011,29
2834,3,4999,2219,2780,0,0,0,1.0,1,1.0,1,1.0,1,0.4432144741850241,29
2835,4,5003,2220,2783,0,0,0,1.0,1,1.0,1,1.0,1,0.5257778536897848,27
2836,10,5013,2221,2792,0,0,0,1.0,1,1.0,1,1.0,1,0.31279977855455404,27
2837,1,5014,2221,2793,0,0,0,1.0,1,1.0,1,1.0,1,0.2837610108072884,28
2838,0,5014,2221,2793,0,0,0,1.0,1,1.0,1,1.0,1,0.2839909974917616,29
2839,2,5016,2221,2795,0,0,0,1.0,1,1.0,1,1.0,1,0.27437017371425715,29
2840,1,5017,2221,2796,0,0,0,1.0,1,1.0,1,1.0,1,0.24029005331767403,29
2841,3,5020,2221,2799,0,0,0,1.0,1,1.0,1,1.0,1,0.19313085302131328,31
2842,1,5021,2221,2800,0,0,0,1.0,1,1.0,1,1.0,1,0.22150689236919066,32
2843,1,5022,2221,2801,0,0,0,1.0,1,1.0,1,1.0,1,0.21077697588340813,32
2844,4,5026,2221,2805,0,0,0,1.0,1,1.0,1,1.0,1,0.17769485498910811,33
2845,3,5029,2222,2807,0,0,0,1.0,1,1.0,1,1.0,1,0.2005023253626675,34
2846,2,5031,2222,2809,0,0,0,1.0,1,1.0,1,1.0,1,0.20282132514366516,34
2847,4,5035,2222,2813,0,0,0,1.0,1,1.0,1,1.0,1,0.1574803113092858,35
2848,4,5039,2223,2816,0,0,0,1.0,1,1.0,1,1.0,1,0.17558906561806917,37
2849,1,5040,2223,2817,0,0,0,1.0,1,1.0,1,1.0,1,0.18293291905098405,37
2850,2,5042,2223,2819,0,0,0,1.0,1,1.0,1,1.0,1,0.18293291905098405,37
2851,2,5044,2224,2820,0,0,0,1.0,1,1.0,1,1.0,1,0.16343512355861,38
2852,0,5044,2224,2820,0,0,0,1.0,1,1.0,1,1.0,1,0.20456254929501458,36
2853,0,5044,2224,2820,0,0,0,1.0,1,1.0,1,1.0,1,0.24301608303371836,36
2854,1,5045,2224,2821,0,0,0,1.0,1,1.0,1,1.0,1,0.2557381891799012,37
2855,0,5045,2224,2821,0,0,0,1.0,1,1.0,1,1.0,1,0.29922514658370886,37
2856,1,5046,2224,2822,0,0,0,1.0,1,1.0,1,1.0,1,0.2599270812214471,38
2857,0,5046,2224,2822,0,0,0,1.0,1,1.0,1,1.0,1,0.2733316872248527,39
2858,3,5049,2225,2824,0,0,0,1.0,1,1.0,1,1.0,1,0.2781263339996643,39
2859,1,5050,2225,2825,0,0,0,1.0,1,1.0,1,1.0,1,0.26979623635111666,39
2860,3,5053,2227,2826,0,0,0,1.0,1,1.0,1,1.0,1,0.2779230257172653,40
2861,1,5054,2228,2826,0,0,0,1.0,1,1.0,1,1.0,1,0.2474117379849397,38
2862,8,5062,2234,2828,0,0,0,1.0,1,1.0,1,1.0,1,0.30453304843181617,38
2863,1,5063,2235,2828,0,0,0,1.0,1,1.0,1,1.0,1,0.30378760300662233,37
2864,2,5065,2236,2829,0,0,0,1.0,1,1.0,1,1.0,1,0.34980543668559305,35
2865,2,5067,2237,2830,0,0,0,1.0,1,1.0,1,1.0,1,0.3802315000660643,33
2866,4,5071,2239,2832,0,0,0,1.0,1,1.0,1,1.0,1,0.2910970953031977,31
2867,3,5074,2241,2833,0,0,0,1.0,1,1.0,1,1.0,1,0.3499205191097569,30
2868,4,5078,2243,2835,0,0,0,1.0,1,1.0,1,1.0,1,0.3579428281932037,31
2869,4,5082,2245,2837,0,0,0,1.0,1,1.0,1,1.0,1,0.38816854101063436,30
2870,0,5082,2245,2837,0,0,0,1.0,1,1.0,1,1.0,1,0.40935248499316984,26
2871,1,5083,2245,2838,0,0,0,1.0,1,1.0,1,1.0,1,0.3807118948440326,27
2872,2,5085,2246,2839,0,0,0,1.0,1,1.0,1,1.0,1,0.32874051877178195,25
2873,0,5085,2246,2839,0,0,0,1.0,1,1.0,1,1.0,1,0.33949518188836514,24
2874,0,5085,2246,2839,0,0,0,1.0,1,1.0,1,1.0,1,0.28701587682862684,25
2875,0,5085,2246,2839,0,0,0,1.0,1,1.0,1,1.0,1,0.3081551921060603,26
2876,1,5086,2246,2840,0,0,0,1.0,1,1.0,1,1.0,1,0.24578738737802044,28
2877,0,5086,2246,2840,0,0,0,1.0,1,1.0,1,1.0,1,0.24950204672284862,29
2878,0,5086,2246,2840,0,0,0,1.0,1,1.0,1,1.0,1,0.250294717313577,31
2879,0,5086,2246,2840,0,0,0,1.0,1,1.0,1,1.0,1,0.250294717313577,31
2880,1,5087,2247,2840,0,0,0,1.0,1,1.0,1,1.0,1,0.16620747149467813,32
2881,1,5088,2247,2841,0,0,0,1.0,1,1.0,1,1.0,1,0.14581429593875314,31
2882,0,5088,2247,2841,0,0,0,1.0,1,1.0,1,1.0,1,0.14581429593875314,31
2883,1,5089,2248,2841,0,0,0,1.0,1,1.0,1,1.0,1,0.2008977473343946,32
2884,2,5091,2249,2842,0,0,0,1.0,1,1.0,1,1.0,1,0.22624131499819244,32
2885,1,5092,2249,2843,0,0,0,1.0,1,1.0,1,1.0,1,0.20688905422502862,33
2886,3,5095,2251,2844,0,0,0,1.0,1,1.0,1,1.0,1,0.18317402894066742,34
2887,1,5096,2251,2845,0,0,0,1.0,1,1.0,1,1.0,1,0.1749774551006257,34
2888,1,5097,2252,2845,0,0,0,1.0,1,1.0,1,1.0,1,0.20279578166565468,34
2889,0,5097,2252,2845,0,0,0,1.0,1,1.0,1,1.0,1,0.20893073008889518,37
2890,0,5097,2252,2845,0,0,0,1.0,1,1.0,1,1.0,1,0.20893073008889518,37
2891,2,5099,2254,2845,0,0,0,1.0,1,1.0,1,1.0,1,0.2902639977411617,37
2892,0,5099,2254,2845,0,0,0,1.0,1,1.0,1,1.0,1,0.2902639977411617,37
2893,3,5102,2256,2846,0,0,0,1.0,1,1.0,1,1.0,1,0.299564929873072,38
2894,1,5103,2256,2847,0,0,0,1.0,1,1.0,1,1.0,1,0.29718730288585815,39
2895,2,5105,2257,2848,0,0,0,1.0,1,1.0,1,1.0,1,0.2702205629580878,40
2896,4,5109,2258,2851,0,0,0,1.0,1,1.0,1,1.0,1,0.22789464433817835,41
2897,3,5112,2259,2853,0,0,0,1.0,1,1.0,1,1.0,1,0.20796911663235945,41
2898,1,5113,2260,2853,0,0,0,1.0,1,1.0,1,1.0,1,0.2645789875315482,41
2899,1,5114,2260,2854,0,0,0,1.0,1,1.0,1,1.0,1,0.27354792781342985,39
2900,5,5119,2262,2857,0,0,0,1.0,1,1.0,1,1.0,1,0.3195919872247947,40
2901,0,5119,2262,2857,0,0,0,1.0,1,1.0,1,1.0,1,0.28900160307865075,40
2902,3,5122,2263,2859,0,0,0,1.0,1,1.0,1,1.0,1,0.29815723699224,38
2903,0,5122,2263,2859,0,0,0,1.0,1,1.0,1,1.0,1,0.2690325436981219,36
2904,2,5124,2264,2860,0,0,0,1.0,1,1.0,1,1.0,1,0.3088742340782778,36
2905,2,5126,2265,2861,0,0,0,1.0,1,1.0,1,1.0,1,0.2894754327808405,35
2906,0,5126,2265,2861,0,0,0,1.0,1,1.0,1,1.0,1,0.3048459390948777,36
2907,1,5127,2266,2861,0,0,0,1.0,1,1.0,1,1.0,1,0.3251257658634294,37
2908,2,5129,2266,2863,0,0,0,1.0,1,1.0,1,1.0,1,0.309807926853556,38
2909,0,5129,2266,2863,0,0,0,1.0,1,1.0,1,1.0,1,0.3074124393344286,37
2910,0,5129,2266,2863,0,0,0,1.0,1,1.0,1,1.0,1,0.3193710513113957,37
2911,1,5130,2266,2864,0,0,0,1.0,1,1.0,1,1.0,1,0.3101349354554683,36
2912,2,5132,2268,2864,0,0,0,1.0,1,1.0,1,1.0,1,0.3542569184774404,36
2913,3,5135,2269,2866,0,0,0,1.0,1,1.0,1,1.0,1,0.3246414725654716,36
2914,1,5136,2270,2866,0,0,0,1.0,1,1.0,1,1.0,1,0.35347629538478625,38
2915,0,5136,2270,2866,0,0,0,1.0,1,1.0,1,1.0,1,0.341788536506117,37
2916,2,5138,2271,2867,0,0,0,1.0,1,1.0,1,1.0,1,0.29655381181364654,39
2917,5,5143,2272,2871,0,0,0,1.0,1,1.0,1,1.0,1,0.2198739420599444,40
2918,3,5146,2274,2872,0,0,0,1.0,1,1.0,1,1.0,1,0.23484905838502917,40
2919,1,5147,2275,2872,0,0,0,1.0,1,1.0,1,1.0,1,0.22521175060482887,42
2920,0,5147,2275,2872,0,0,0,1.0,1,1.0,1,1.0,1,0.22521175060482887,42
2921,0,5147,2275,2872,0,0,0,1.0,1,1.0,1,1.0,1,0.22521175060482887,42
2922,0,5147,2275,2872,0,0,0,1.0,1,1.0,1,1.0,1,0.19714236598247994,43
2923,4,5151,2275,2876,0,0,0,1.0,1,1.0,1,1.0,1,0.17168792258440335,45
2924,1,5152,2276,2876,0,0,0,1.0,1,1.0,1,1.0,1,0.17214224133630265,46
2925,0,5152,2276,2876,0,0,0,1.0,1,1.0,1,1.0,1,0.17214224133630265,46
2926,2,5154,2276,2878,0,0,0,1.0,1,1.0,1,1.0,1,0.13750618930264746,46
2927,1,5155,2277,2878,0,0,0,1.0,1,1.0,1,1.0,1,0.14994311209262176,48
2928,1,5156,2278,2878,0,0,0,1.0,1,1.0,1,1.0,1,0.18325391967050408,48
2929,1,5157,2278,2879,0,0,0,1.0,1,1.0,1,1.0,1,0.17250644672049892,48
2930,2,5159,2278,2881,0,0,0,1.0,1,1.0,1,1.0,1,0.1924465301162512,50
2931,3,5162,2279,2883,0,0,0,1.0,1,1.0,1,1.0,1,0.19634078353603387,51
2932,3,5165,2279,2886,0,0,0,1.0,1,1.0,1,1.0,1,0.18903031180894683,52
2933,0,5165,2279,2886,0,0,0,1.0,1,1.0,1,1.0,1,0.19467043869440911,53
2934,2,5167,2280,2887,0,0,0,1.0,1,1.0,1,1.0,1,0.22609898408777512,54
2935,2,5169,2281,2888,0,0,0,1.0,1,1.0,1,1.0,1,0.2268810484760457,53
2936,1,5170,2281,2889,0,0,0,1.0,1,1.0,1,1.0,1,0.22923467103342376,53
2937,1,5171,2281,2890,0,0,0,1.0,1,1.0,1,1.0,1,0.23765806392542016,51
2938,4,5175,2283,2892,0,0,0,1.0,1,1.0,1,1.0,1,0.2793021000484816,53
2939,7,5182,2283,2899,0,0,0,1.0,1,1.0,1,1.0,1,0.2537990825151123,52
2940,3,5185,2284,2901,0,0,0,1.0,1,1.0,1,1.0,1,0.27908330564024825,52
2941,2,5187,2284,2903,0,0,0,1.0,1,1.0,1,1.0,1,0.23392727271169833,50
2942,1,5188,2285,2903,0,0,0,1.0,1,1.0,1,1.0,1,0.25501813029062365,50
2943,2,5190,2286,2904,0,0,0,1.0,1,1.0,1,1.0,1,0.2345615058294999,49
2944,2,5192,2286,2906,0,0,0,1.0,1,1.0,1,1.0,1,0.20178187889583055,48
2945,2,5194,2287,2907,0,0,0,1.0,1,1.0,1,1.0,1,0.1969361711974237,48
2946,2,5196,2288,2908,0,0,0,1.0,1,1.0,1,1.0,1,0.17738763210759523,47
2947,0,5196,2288,2908,0,0,0,1.0,1,1.0,1,1.0,1,0.16578144682923723,47
2948,1,5197,2289,2908,0,0,0,1.0,1,1.0,1,1.0,1,0.16129876826277553,48
2949,2,5199,2289,2910,0,0,0,1.0,1,1.0,1,1.0,1,0.16222830491549559,48
2950,2,5201,2291,2910,0,0,0,1.0,1,1.0,1,1.0,1,0.16216907010084416,48
2951,1,5202,2291,2911,0,0,0,1.0,1,1.0,1,1.0,1,0.1563187555169424,50
2952,0,5202,2291,2911,0,0,0,1.0,1,1.0,1,1.0,1,0.1563187555169424,50
2953,0,5202,2291,2911,0,0,0,1.0,1,1.0,1,1.0,1,0.17580641557211216,51
2954,0,5202,2291,2911,0,0,0,1.0,1,1.0,1,1.0,1,0.17580641557211216,51
2955,1,5203,2291,2912,0,0,0,1.0,1,1.0,1,1.0,1,0.15753321997232553,51
2956,2,5205,2291,2914,0,0,0,1.0,1,1.0,1,1.0,1,0.1173652443355738,51
2957,0,5205,2291,2914,0,0,0,1.0,1,1.0,1,1.0,1,0.1262669444428976,52
2958,1,5206,2291,2915,0,0,0,1.0,1,1.0,1,1.0,1,0.11377478505422278,52
2959,1,5207,2292,2915,0,0,0,1.0,1,1.0,1,1.0,1,0.15242054427807303,53
2960,0,5207,2292,2915,0,0,0,1.0,1,1.0,1,1.0,1,0.14018527838864384,52
2961,1,5208,2293,2915,0,0,0,1.0,1,1.0,1,1.0,1,0.12898268954667594,53
2962,1,5209,2294,2915,0,0,0,1.0,1,1.0,1,1.0,1,0.13731236951918493,54
2963,3,5212,2296,2916,0,0,0,1.0,1,1.0,1,1.0,1,0.16933048417513932,55
2964,1,5213,2296,2917,0,0,0,1.0,1,1.0,1,1.0,1,0.16958196013978952,55
2965,0,5213,2296,2917,0,0,0,1.0,1,1.0,1,1.0,1,0.18365273072108765,55
2966,1,5214,2297,2917,0,0,0,1.0,1,1.0,1,1.0,1,0.17269032000927523,55
2967,3,5217,2297,2920,0,0,0,1.0,1,1.0,1,1.0,1,0.18149591679697905,56
2968,1,5218,2297,2921,0,0,0,1.0,1,1.0,1,1.0,1,0.17629162398855608,56
2969,1,5219,2298,2921,0,0,0,1.0,1,1.0,1,1.0,1,0.18703485117048357,55
2970,2,5221,2298,2923,0,0,0,1.0,1,1.0,1,1.0,1,0.1940985624670835,57
2971,4,5225,2301,2924,0,0,0,1.0,1,1.0,1,1.0,1,0.17904773429829196,56
2972,1,5226,2302,2924,0,0,0,1.0,1,1.0,1,1.0,1,0.2075228214540954,57
2973,1,5227,2303,2924,0,0,0,1.0,1,1.0,1,1.0,1,0.21491468674807584,59
2974,1,5228,2304,2924,0,0,0,1.0,1,1.0,1,1.0,1,0.22185616828071417,60
2975,2,5230,2306,2924,0,0,0,1.0,1,1.0,1,1.0,1,0.24729385566008213,58
2976,3,5233,2307,2926,0,0,0,1.0,1,1.0,1,1.0,1,0.24348746867558774,59
2977,3,5236,2308,2928,0,0,0,1.0,1,1.0,1,1.0,1,0.23732241646288774,59
2978,2,5238,2310,2928,0,0,0,1.0,1,1.0,1,1.0,1,0.26565701497223815,58
2979,3,5241,2312,2929,0,0,0,1.0,1,1.0,1,1.0,1,0.27252914805878864,57
2980,0,5241,2312,2929,0,0,0,1.0,1,1.0,1,1.0,1,0.2664734940275583,56
2981,1,5242,2313,2929,0,0,0,1.0,1,1.0,1,1.0,1,0.2865140596816938,56
2982,1,5243,2314,2929,0,0,0,1.0,1,1.0,1,1.0,1,0.26829640507680086,57
2983,9,5252,2318,2934,0,0,0,1.0,1,1.0,1,1.0,1,0.21808405251233898,57
2984,4,5256,2320,2936,0,0,0,1.0,1,1.0,1,1.0,1,0.17516450969744507,56
2985,2,5258,2321,2937,0,0,0,1.0,1,1.0,1,1.0,1,0.21309026868848202,55
2986,9,5267,2325,2942,0,0,0,1.0,1,1.0,1,1.0,1,0.18645017387426138,55
2987,0,5267,2325,2942,0,0,0,1.0,1,1.0,1,1.0,1,0.19531765339250798,51
2988,0,5267,2325,2942,0,0,0,1.0,1,1.0,1,1.0,1,0.19321568345975682,52
2989,0,5267,2325,2942,0,0,0,1.0,1,1.0,1,1.0,1,0.20821918565726522,50
2990,2,5269,2327,2942,0,0,0,1.0,1,1.0,1,1.0,1,0.22406335774881833,50
2991,0,5269,2327,2942,0,0,0,1.0,1,1.0,1,1.0,1,0.21593311814333419,50
2992,1,5270,2328,2942,0,0,0,1.0,1,1.0,1,1.0,1,0.22159797548662072,50
2993,3,5273,2329,2944,0,0,0,1.0,1,1.0,1,1.0,1,0.23060069250751153,51
2994,4,5277,2331,2946,0,0,0,1.0,1,1.0,1,1.0,1,0.22003123127266938,51
2995,1,5278,2331,2947,0,0,0,1.0,1,1.0,1,1.0,1,0.2001992720016654,51
2996,3,5281,2332,2949,0,0,0,1.0,1,1.0,1,1.0,1,0.2048796051019686,52
2997,0,5281,2332,2949,0,0,0,1.0,1,1.0,1,1.0,1,0.22594258546341597,52
2998,4,5285,2336,2949,0,0,0,1.0,1,1.0,1,1.0,1,0.2434962444800173,51
2999,0,5285,2336,2949,0,0,0,1.0,1,1.0,1,1.0,1,0.2434962444800173,51
3000,2,5287,2338,2949,0,0,0,1.0,1,1.0,1,1.0,1,0.24345218970755889,52
3001,4,5291,2338,2953,0,0,0,1.0,1,1.0,1,1.0,1,0.1831048544794868,52
3002,1,5292,2339,2953,0,0,0,1.0,1,1.0,1,1.0,1,0.2183396324048967,53
3003,0,5292,2339,2953,0,0,0,1.0,1,1.0,1,1.0,1,0.21208265961878128,54
3004,1,5293,2339,2954,0,0,0,1.0,1,1.0,1,1.0,1,0.2121565303498939,55
3005,2,5295,2339,2956,0,0,0,1.0,1,1.0,1,1.0,1,0.1965283232761477,56
3006,1,5296,2339,2957,0,0,0,1.0,1,1.0,1,1.0,1,0.19201485602233162,57
3007,0,5296,2339,2957,0,0,0,1.0,1,1.0,1,1.0,1,0.20372789997121993,58
3008,2,5298,2341,2957,0,0,0,1.0,1,1.0,1,1.0,1,0.20761655142659882,59
3009,0,5298,2341,2957,0,0,0,1.0,1,1.0,1,1.0,1,0.20761655142659882,59
3010,3,5301,2341,2960,0,0,0,1.0,1,1.0,1,1.0,1,0.19013604700081893,59
3011,1,5302,2341,2961,0,0,0,1.0,1,1.0,1,1.0,1,0.16839004350848594,59
3012,1,5303,2341,2962,0,0,0,1.0,1,1.0,1,1.0,1,0.17872183227178692,61
3013,3,5306,2342,2964,0,0,0,1.0,1,1.0,1,1.0,1,0.18485977682570828,59
3014,3,5309,2343,2966,0,0,0,1.0,1,1.0,1,1.0,1,0.19959049435972495,60
3015,5,5314,2344,2970,0,0,0,1.0,1,1.0,1,1.0,1,0.2239883493823411,58
3016,4,5318,2346,2972,0,0,0,1.0,1,1.0,1,1.0,1,0.27184028096365026,57
3017,5,5323,2349,2974,0,0,0,1.0,1,1.0,1,1.0,1,0.28396033249102565,58
3018,0,5323,2349,2974,0,0,0,1.0,1,1.0,1,1.0,1,0.3094696074267781,55
3019,2,5325,2350,2975,0,0,0,1.0,1,1.0,1,1.0,1,0.32567593751589485,56
3020,6,5331,2351,2980,0,0,0,1.0,1,1.0,1,1.0,1,0.32210036333243497,55
3021,1,5332,2351,2981,0,0,0,1.0,1,1.0,1,1.0,1,0.3220831437899179,55
3022,3,5335,2352,2983,0,0,0,1.0,1,1.0,1,1.0,1,0.31916248002425374,55
3023,1,5336,2352,2984,0,0,0,1.0,1,1.0,1,1.0,1,0.28734210537664734,54
3024,2,5338,2353,2985,0,0,0,1.0,1,1.0,1,1.0,1,0.26921571099128316,54
3025,5,5343,2356,2987,0,0,0,1.0,1,1.0,1,1.0,1,0.24956728949192702,54
3026,2,5345,2356,2989,0,0,0,1.0,1,1.0,1,1.0,1,0.22708803050539458,53
3027,2,5347,2357,2990,0,0,0,1.0,1,1.0,1,1.0,1,0.20405734160617853,53
3028,4,5351,2359,2992,0,0,0,1.0,1,1.0,1,1.0,1,0.21066509996944688,51
3029,3,5354,2360,2994,0,0,0,1.0,1,1.0,1,1.0,1,0.24700217335220565,51
3030,4,5358,2362,2996,0,0,0,1.0,1,1.0,1,1.0,1,0.26830122546025187,52
3031,4,5362,2364,2998,0,0,0,1.0,1,1.0,1,1.0,1,0.21527064515066813,51
3032,1,5363,2364,2999,0,0,0,1.0,1,1.0,1,1.0,1,0.18661956617320727,50
3033,1,5364,2365,2999,0,0,0,1.0,1,1.0,1,1.0,1,0.20507034440334393,52
3034,0,5364,2365,2999,0,0,0,1.0,1,1.0,1,1.0,1,0.20475011560850095,51
3035,1,5365,2365,3000,0,0,0,1.0,1,1.0,1,1.0,1,0.17055100055802128,51
3036,2,5367,2365,3002,0,0,0,1.0,1,1.0,1,1.0,1,0.153573563581784,53
3037,0,5367,2365,3002,0,0,0,1.0,1,1.0,1,1.0,1,0.15574002451665783,52
3038,1,5368,2365,3003,0,0,0,1.0,1,1.0,1,1.0,1,0.14820349372614297,52
3039,0,5368,2365,3003,0,0,0,1.0,1,1.0,1,1.0,1,0.14588378402390356,54
3040,0,5368,2365,3003,0,0,0,1.0,1,1.0,1,1.0,1,0.15542186737299263,55
3041,1,5369,2365,3004,0,0,0,1.0,1,1.0,1,1.0,1,0.1539831188983029,56
3042,4,5373,2367,3006,0,0,0,1.0,1,1.0,1,1.0,1,0.14343106862373733,56
3043,1,5374,2367,3007,0,0,0,1.0,1,1.0,1,1.0,1,0.13382815540168466,57
3044,2,5376,2369,3007,0,0,0,1.0,1,1.0,1,1.0,1,0.16892167880222878,57
3045,1,5377,2369,3008,0,0,0,1.0,1,1.0,1,1.0,1,0.17240776059118162,56
3046,4,5381,2371,3010,0,0,0,1.0,1,1.0,1,1.0,1,0.1716123143952203,57
3047,1,5382,2371,3011,0,0,0,1.0,1,1.0,1,1.0,1,0.16399569883472517,56
3048,2,5384,2371,3013,0,0,0,1.0,1,1.0,1,1.0,1,0.16118424284370395,58
3049,2,5386,2371,3015,0,0,0,1.0,1,1.0,1,1.0,1,0.1804312896474309,59
3050,0,5386,2371,3015,0,0,0,1.0,1,1.0,1,1.0,1,0.1959611718438456,60
3051,1,5387,2372,3015,0,0,0,1.0,1,1.0,1,1.0,1,0.2352056020912957,59
3052,2,5389,2373,3016,0,0,0,1.0,1,1.0,1,1.0,1,0.21455046512545792,58
3053,3,5392,2375,3017,0,0,0,1.0,1,1.0,1,1.0,1,0.28455772674693874,57
3054,3,5395,2377,3018,0,0,0,1.0,1,1.0,1,1.0,1,0.3199982672517202,55
3055,2,5397,2378,3019,0,0,0,1.0,1,1.0,1,1.0,1,0.3086608204174466,54
3056,4,5401,2380,3021,0,0,0,1.0,1,1.0,1,1.0,1,0.32718158608920545,55
3057,1,5402,2380,3022,0,0,0,1.0,1,1.0,1,1.0,1,0.34763464657640214,54
3058,4,5406,2380,3026,0,0,0,1.0,1,1.0,1,1.0,1,0.34152710757555554,55
3059,6,5412,2380,3032,0,0,0,1.0,1,1.0,1,1.0,1,0.355156995603786,56
3060,5,5417,2380,3037,0,0,0,1.0,1,1.0,1,1.0,1,0.3648058215368509,56
3061,7,5424,2381,3043,0,0,0,1.0,1,1.0,1,1.0,1,0.25444708492577445,56
3062,3,5427,2383,3044,0,0,0,1.0,1,1.0,1,1.0,1,0.262059829599845,57
3063,0,5427,2383,3044,0,0,0,1.0,1,1.0,1,1.0,1,0.24662561818288992,55
3064,3,5430,2385,3045,0,0,0,1.0,1,1.0,1,1.0,1,0.2637667006501892,56
3065,1,5431,2385,3046,0,0,0,1.0,1,1.0,1,1.0,1,0.24508598641303161,55
3066,4,5435,2386,3049,0,0,0,1.0,1,1.0,1,1.0,1,0.2262183697006791,55
3067,2,5437,2387,3050,0,0,0,1.0,1,1.0,1,1.0,1,0.23469169604509418,54
3068,5,5442,2390,3052,0,0,0,1.0,1,1.0,1,1.0,1,0.24766331274257072,53
3069,1,5443,2391,3052,0,0,0,1.0,1,1.0,1,1.0,1,0.2547019240185108,51
3070,1,5444,2391,3053,0,0,0,1.0,1,1.0,1,1.0,1,0.24482467201533045,50
3071,1,5445,2392,3053,0,0,0,1.0,1,1.0,1,1.0,1,0.23081501152617812,51
3072,2,5447,2394,3053,0,0,0,1.0,1,1.0,1,1.0,1,0.24319283702502573,53
3073,0,5447,2394,3053,0,0,0,1.0,1,1.0,1,1.0,1,0.24769349318113978,51
3074,3,5450,2396,3054,0,0,0,1.0,1,1.0,1,1.0,1,0.19562818138584362,50
3075,0,5450,2396,3054,0,0,0,1.0,1,1.0,1,1.0,1,0.21107340108031858,52
3076,1,5451,2396,3055,0,0,0,1.0,1,1.0,1,1.0,1,0.21054344100486166,53
3077,0,5451,2396,3055,0,0,0,1.0,1,1.0,1,1.0,1,0.19243489836323424,52
3078,0,5451,2396,3055,0,0,0,1.0,1,1.0,1,1.0,1,0.22647624853178594,53
3079,1,5452,2397,3055,0,0,0,1.0,1,1.0,1,1.0,1,0.2292017679022562,53
3080,1,5453,2397,3056,0,0,0,1.0,1,1.0,1,1.0,1,0.23705568663622328,52
3081,1,5454,2398,3056,0,0,0,1.0,1,1.0,1,1.0,1,0.2719235208016413,54
3082,5,5459,2401,3058,0,0,0,1.0,1,1.0,1,1.0,1,0.28839937234412166,54
3083,2,5461,2401,3060,0,0,0,1.0,1,1.0,1,1.0,1,0.27611061692345124,54
3084,2,5463,2402,3061,0,0,0,1.0,1,1.0,1,1.0,1,0.2856192120938357,55
3085,2,5465,2403,3062,0,0,0,1.0,1,1.0,1,1.0,1,0.29023368329533294,55
3086,3,5468,2403,3065,0,0,0,1.0,1,1.0,1,1.0,1,0.30487931324919154,56
3087,4,5472,2404,3068,0,0,0,1.0,1,1.0,1,1.0,1,0.32920002256795605,57
3088,4,5476,2404,3072,0,0,0,1.0,1,1.0,1,1.0,1,0.3254867748474293,56
3089,3,5479,2404,3075,0,0,0,1.0,1,1.0,1,1.0,1,0.32333079892921446,55
3090,3,5482,2404,3078,0,0,0,1.0,1,1.0,1,1.0,1,0.32801594935951855,54
3091,7,5489,2404,3085,0,0,0,1.0,1,1.0,1,1.0,1,0.2655065061637964,53
3092,1,5490,2404,3086,0,0,0,1.0,1,1.0,1,1.0,1,0.24176626995363867,56
3093,2,5492,2405,3087,0,0,0,1.0,1,1.0,1,1.0,1,0.22833735870843586,56
3094,0,5492,2405,3087,0,0,0,1.0,1,1.0,1,1.0,1,0.2467768953170675,58
3095,1,5493,2405,3088,0,0,0,1.0,1,1.0,1,1.0,1,0.24095092383481814,59
3096,0,5493,2405,3088,0,0,0,1.0,1,1.0,1,1.0,1,0.2485641664159706,60
3097,3,5496,2406,3090,0,0,0,1.0,1,1.0,1,1.0,1,0.24570981032819236,60
3098,1,5497,2406,3091,0,0,0,1.0,1,1.0,1,1.0,1,0.2514032636429285,58
3099,0,5497,2406,3091,0,0,0,1.0,1,1.0,1,1.0,1,0.26777623809730444,57
3100,0,5497,2406,3091,0,0,0,1.0,1,1.0,1,1.0,1,0.26777623809730444,57
3101,1,5498,2407,3091,0,0,0,1.0,1,1.0,1,1.0,1,0.2645180218623583,58
3102,4,5502,2409,3093,0,0,0,1.0,1,1.0,1,1.0,1,0.28581629363785666,59
3103,2,5504,2409,3095,0,0,0,1.0,1,1.0,1,1.0,1,0.2365238905125338,58
3104,3,5507,2412,3095,0,0,0,1.0,1,1.0,1,1.0,1,0.2637923237653685,58
3105,4,5511,2413,3098,0,0,0,1.0,1,1.0,1,1.0,1,0.21708094984302453,56
3106,6,5517,2416,3101,0,0,0,1.0,1,1.0,1,1.0,1,0.2333287688817464,57
3107,4,5521,2418,3103,0,0,0,1.0,1,1.0,1,1.0,1,0.17696911660338066,55
3108,2,5523,2420,3103,0,0,0,1.0,1,1.0,1,1.0,1,0.2042886364906332,55
3109,2,5525,2421,3104,0,0,0,1.0,1,1.0,1,1.0,1,0.1876479408955262,54
3110,3,5528,2423,3105,0,0,0,1.0,1,1.0,1,1.0,1,0.17458574227512427,54
3111,0,5528,2423,3105,0,0,0,1.0,1,1.0,1,1.0,1,0.17458574227512427,54
3112,9,5537,2430,3107,0,0,0,1.0,1,1.0,1,1.0,1,0.24848126532826492,56
3113,4,5541,2433,3108,0,0,0,1.0,1,1.0,1,1.0,1,0.23500141094929564,55
3114,3,5544,2434,3110,0,0,0,1.0,1,1.0,1,1.0,1,0.2334599816530852,54
3115,0,5544,2434,3110,0,0,0,1.0,1,1.0,1,1.0,1,0.2266790037727506,56
3116,1,5545,2435,3110,0,0,0,1.0,1,1.0,1,1.0,1,0.23156571909735638,56
3117,2,5547,2435,3112,0,0,0,1.0,1,1.0,1,1.0,1,0.2458095546290023,58
3118,2,5549,2436,3113,0,0,0,1.0,1,1.0,1,1.0,1,0.2380746551456689,57
3119,2,5551,2437,3114,0,0,0,1.0,1,1.0,1,1.0,1,0.2457816326763496,57
3120,1,5552,2437,3115,0,0,0,1.0,1,1.0,1,1.0,1,0.2349298205767498,56
3121,7,5559,2438,3121,0,0,0,1.0,1,1.0,1,1.0,1,0.12818922474197994,57
3122,1,5560,2438,3122,0,0,0,1.0,1,1.0,1,1.0,1,0.09753908028788734,57
3123,1,5561,2438,3123,0,0,0,1.0,1,1.0,1,1.0,1,0.10315268643905144,57
3124,1,5562,2438,3124,0,0,0,1.0,1,1.0,1,1.0,1,0.10247355206443277,59
3125,4,5566,2441,3125,0,0,0,1.0,1,1.0,1,1.0,1,0.14372940208390667,61
3126,0,5566,2441,3125,0,0,0,1.0,1,1.0,1,1.0,1,0.15724625130995684,60
3127,2,5568,2442,3126,0,0,0,1.0,1,1.0,1,1.0,1,0.163142333997553,58
3128,2,5570,2443,3127,0,0,0,1.0,1,1.0,1,1.0,1,0.20132627650507273,58
3129,1,5571,2444,3127,0,0,0,1.0,1,1.0,1,1.0,1,0.22627459685236062,56
3130,0,5571,2444,3127,0,0,0,1.0,1,1.0,1,1.0,1,0.23326499603067832,56
3131,2,5573,2446,3127,0,0,0,1.0,1,1.0,1,1.0,1,0.27841335914319215,55
3132,1,5574,2447,3127,0,0,0,1.0,1,1.0,1,1.0,1,0.23749691373961476,53
3133,1,5575,2448,3127,0,0,0,1.0,1,1.0,1,1.0,1,0.2265099578951756,52
3134,3,5578,2451,3127,0,0,0,1.0,1,1.0,1,1.0,1,0.221551210669533,52
3135,3,5581,2452,3129,0,0,0,1.0,1,1.0,1,1.0,1,0.1945010684128429,53
3136,6,5587,2455,3132,0,0,0,1.0,1,1.0,1,1.0,1,0.1380626805648928,54
3137,1,5588,2456,3132,0,0,0,1.0,1,1.0,1,1.0,1,0.1544648562021227,55
3138,2,5590,2457,3133,0,0,0,1.0,1,1.0,1,1.0,1,0.19242798690247023,57
3139,2,5592,2457,3135,0,0,0,1.0,1,1.0,1,1.0,1,0.20135922391722047,56
3140,1,5593,2457,3136,0,0,0,1.0,1,1.0,1,1.0,1,0.1699131976495727,56
3141,1,5594,2458,3136,0,0,0,1.0,1,1.0,1,1.0,1,0.15967024648475975,56
3142,1,5595,2459,3136,0,0,0,1.0,1,1.0,1,1.0,1,0.16992326347790432,56
3143,3,5598,2461,3137,0,0,0,1.0,1,1.0,1,1.0,1,0.20986443537285834,56
3144,2,5600,2462,3138,0,0,0,1.0,1,1.0,1,1.0,1,0.23147007507175996,54
3145,5,5605,2463,3142,0,0,0,1.0,1,1.0,1,1.0,1,0.23447768927799365,55
3146,1,5606,2463,3143,0,0,0,1.0,1,1.0,1,1.0,1,0.24842411533081765,53
3147,5,5611,2464,3147,0,0,0,1.0,1,1.0,1,1.0,1,0.2481226535684993,54
3148,1,5612,2464,3148,0,0,0,1.0,1,1.0,1,1.0,1,0.24086667272706333,54
3149,1,5613,2464,3149,0,0,0,1.0,1,1.0,1,1.0,1,0.2540767533597203,53
3150,2,5615,2464,3151,0,0,0,1.0,1,1.0,1,1.0,1,0.22519537261424508,53
3151,9,5624,2464,3160,0,0,0,1.0,1,1.0,1,1.0,1,0.1214114660746277,53
3152,1,5625,2464,3161,0,0,0,1.0,1,1.0,1,1.0,1,0.10032668176143456,54
3153,0,5625,2464,3161,0,0,0,1.0,1,1.0,1,1.0,1,0.12027694980798,53
3154,1,5626,2465,3161,0,0,0,1.0,1,1.0,1,1.0,1,0.14878501795354632,55
3155,1,5627,2465,3162,0,0,0,1.0,1,1.0,1,1.0,1,0.1525306582524727,56
3156,0,5627,2465,3162,0,0,0,1.0,1,1.0,1,1.0,1,0.17779057014985966,56
3157,2,5629,2465,3164,0,0,0,1.0,1,1.0,1,1.0,1,0.18245255870002056,56
3158,3,5632,2465,3167,0,0,0,1.0,1,1.0,1,1.0,1,0.18218947745969508,57
3159,2,5634,2466,3168,0,0,0,1.0,1,1.0,1,1.0,1,0.21417994295150572,56
3160,3,5637,2467,3170,0,0,0,1.0,1,1.0,1,1.0,1,0.2226350415882979,58
3161,3,5640,2468,3172,0,0,0,1.0,1,1.0,1,1.0,1,0.2278575089771744,59
3162,4,5644,2469,3175,0,0,0,1.0,1,1.0,1,1.0,1,0.23976162958561792,59
3163,6,5650,2471,3179,0,0,0,1.0,1,1.0,1,1.0,1,0.26950652858457824,59
3164,9,5659,2473,3186,0,0,0,1.0,1,1.0,1,1.0,1,0.24525710893899474,60
3165,9,5668,2475,3193,0,0,0,1.0,1,1.0,1,1.0,1,0.24539492308218178,58
3166,6,5674,2475,3199,0,0,0,1.0,1,1.0,1,1.0,1,0.14708567328820013,59
3167,2,5676,2476,3200,0,0,0,1.0,1,1.0,1,1.0,1,0.14830674352186446,57
3168,3,5679,2477,3202,0,0,0,1.0,1,1.0,1,1.0,1,0.13569394001524138,58
3169,1,5680,2478,3202,0,0,0,1.0,1,1.0,1,1.0,1,0.1354807038168703,57
3170,1,5681,2479,3202,0,0,0,1.0,1,1.0,1,1.0,1,0.11405805370654559,55
3171,1,5682,2480,3202,0,0,0,1.0,1,1.0,1,1.0,1,0.13836679364407076,56
3172,0,5682,2480,3202,0,0,0,1.0,1,1.0,1,1.0,1,0.14263865712062776,54
3173,3,5685,2481,3204,0,0,0,1.0,1,1.0,1,1.0,1,0.11420341050056061,53
3174,0,5685,2481,3204,0,0,0,1.0,1,1.0,1,1.0,1,0.13829675760975463,53
3175,2,5687,2482,3205,0,0,0,1.0,1,1.0,1,1.0,1,0.18009370269732417,52
3176,3,5690,2485,3205,0,0,0,1.0,1,1.0,1,1.0,1,0.20475117137385446,53
3177,5,5695,2487,3208,0,0,0,1.0,1,1.0,1,1.0,1,0.2885630970035417,52
3178,5,5700,2488,3212,0,0,0,1.0,1,1.0,1,1.0,1,0.2994060689630834,53
3179,0,5700,2488,3212,0,0,0,1.0,1,1.0,1,1.0,1,0.29912763536466475,54
3180,2,5702,2488,3214,0,0,0,1.0,1,1.0,1,1.0,1,0.2815640787982109,54
3181,6,5708,2488,3220,0,0,0,1.0,1,1.0,1,1.0,1,0.19699769624667418,55
3182,1,5709,2488,3221,0,0,0,1.0,1,1.0,1,1.0,1,0.2014652790492134,54
3183,3,5712,2489,3223,0,0,0,1.0,1,1.0,1,1.0,1,0.19796243455757848,56
3184,5,5717,2491,3226,0,0,0,1.0,1,1.0,1,1.0,1,0.20422650380942486,54
3185,1,5718,2491,3227,0,0,0,1.0,1,1.0,1,1.0,1,0.1896139595388187,53
3186,2,5720,2492,3228,0,0,0,1.0,1,1.0,1,1.0,1,0.20255860278116586,52
3187,0,5720,2492,3228,0,0,0,1.0,1,1.0,1,1.0,1,0.21320079323425717,50
3188,1,5721,2493,3228,0,0,0,1.0,1,1.0,1,1.0,1,0.21538545246819987,50
3189,2,5723,2495,3228,0,0,0,1.0,1,1.0,1,1.0,1,0.2634641422661222,49
3190,1,5724,2496,3228,0,0,0,1.0,1,1.0,1,1.0,1,0.2832364288429295,50
3191,2,5726,2497,3229,0,0,0,1.0,1,1.0,1,1.0,1,0.2924549047408648,49
3192,0,5726,2497,3229,0,0,0,1.0,1,1.0,1,1.0,1,0.2924549047408648,49
3193,0,5726,2497,3229,0,0,0,1.0,1,1.0,1,1.0,1,0.2887275417693365,49
3194,1,5727,2498,3229,0,0,0,1.0,1,1.0,1,1.0,1,0.3159885523528638,50
3195,0,5727,2498,3229,0,0,0,1.0,1,1.0,1,1.0,1,0.3277436311587069,49
3196,2,5729,2498,3231,0,0,0,1.0,1,1.0,1,1.0,1,0.27688596717268166,49
3197,1,5730,2498,3232,0,0,0,1.0,1,1.0,1,1.0,1,0.23920793144050478,50
3198,2,5732,2498,3234,0,0,0,1.0,1,1.0,1,1.0,1,0.1906688443807691,50
3199,2,5734,2498,3236,0,0,0,1.0,1,1.0,1,1.0,1,0.16225350731877636,52
3200,0,5734,2498,3236,0,0,0,1.0,1,1.0,1,1.0,1,0.14928993411129032,53
3201,3,5737,2500,3237,0,0,0,1.0,1,1.0,1,1.0,1,0.19687973371926015,55
3202,1,5738,2500,3238,0,0,0,1.0,1,1.0,1,1.0,1,0.1752271791239492,55
3203,1,5739,2500,3239,0,0,0,1.0,1,1.0,1,1.0,1,0.16375121507999685,53
3204,2,5741,2501,3240,0,0,0,1.0,1,1.0,1,1.0,1,0.19731695469383215,53
3205,3,5744,2503,3241,0,0,0,1.0,1,1.0,1,1.0,1,0.23463668216975284,53
3206,0,5744,2503,3241,0,0,0,1.0,1,1.0,1,1.0,1,0.24804862155221072,52
3207,2,5746,2504,3242,0,0,0,1.0,1,1.0,1,1.0,1,0.2643590052019635,53
3208,4,5750,2504,3246,0,0,0,1.0,1,1.0,1,1.0,1,0.2619590385884538,51
3209,2,5752,2504,3248,0,0,0,1.0,1,1.0,1,1.0,1,0.2559036207124823,52
3210,1,5753,2504,3249,0,0,0,1.0,1,1.0,1,1.0,1,0.233045212999166,49
3211,2,5755,2505,3250,0,0,0,1.0,1,1.0,1,1.0,1,0.2179112415539995,48
3212,2,5757,2506,3251,0,0,0,1.0,1,1.0,1,1.0,1,0.2330839096319793,48
3213,1,5758,2506,3252,0,0,0,1.0,1,1.0,1,1.0,1,0.22182451358953031,49
3214,4,5762,2508,3254,0,0,0,1.0,1,1.0,1,1.0,1,0.16688586050545284,51
3215,0,5762,2508,3254,0,0,0,1.0,1,1.0,1,1.0,1,0.16688586050545284,51
3216,2,5764,2510,3254,0,0,0,1.0,1,1.0,1,1.0,1,0.14729658901621032,51
3217,2,5766,2511,3255,0,0,0,1.0,1,1.0,1,1.0,1,0.1542921570466516,51
3218,0,5766,2511,3255,0,0,0,1.0,1,1.0,1,1.0,1,0.1542921570466516,51
3219,1,5767,2511,3256,0,0,0,1.0,1,1.0,1,1.0,1,0.16117994596867238,52
3220,0,5767,2511,3256,0,0,0,1.0,1,1.0,1,1.0,1,0.16117994596867238,52
3221,1,5768,2511,3257,0,0,0,1.0,1,1.0,1,1.0,1,0.1521136270012698,54
3222,0,5768,2511,3257,0,0,0,1.0,1,1.0,1,1.0,1,0.15046209609931718,54
3223,0,5768,2511,3257,0,0,0,1.0,1,1.0,1,1.0,1,0.16725913110256793,56
3224,1,5769,2512,3257,0,0,0,1.0,1,1.0,1,1.0,1,0.17276021451810805,57
3225,4,5773,2512,3261,0,0,0,1.0,1,1.0,1,1.0,1,0.16544114017628467,58
3226,1,5774,2512,3262,0,0,0,1.0,1,1.0,1,1.0,1,0.15256202158664361,58
3227,0,5774,2512,3262,0,0,0,1.0,1,1.0,1,1.0,1,0.15256202158664361,58
3228,0,5774,2512,3262,0,0,0,1.0,1,1.0,1,1.0,1,0.15256202158664361,58
3229,3,5777,2513,3264,0,0,0,1.0,1,1.0,1,1.0,1,0.17305228123825045,60
3230,0,5777,2513,3264,0,0,0,1.0,1,1.0,1,1.0,1,0.1709813946675859,61
3231,0,5777,2513,3264,0,0,0,1.0,1,1.0,1,1.0,1,0.1709813946675859,61
3232,0,5777,2513,3264,0,0,0,1.0,1,1.0,1,1.0,1,0.1709813946675859,61
3233,0,5777,2513,3264,0,0,0,1.0,1,1.0,1,1.0,1,0.18984371730202368,63
3234,1,5778,2514,3264,0,0,0,1.0,1,1.0,1,1.0,1,0.22464608124080485,64
3235,0,5778,2514,3264,0,0,0,1.0,1,1.0,1,1.0,1,0.22697228314358533,65
3236,2,5780,2514,3266,0,0,0,1.0,1,1.0,1,1.0,1,0.21888891470332664,66
3237,0,5780,2514,3266,0,0,0,1.0,1,1.0,1,1.0,1,0.22357226809675343,67
3238,1,5781,2514,3267,0,0,0,1.0,1,1.0,1,1.0,1,0.20360874561338776,67
3239,2,5783,2516,3267,0,0,0,1.0,1,1.0,1,1.0,1,0.18683219266029633,69
3240,0,5783,2516,3267,0,0,0,1.0,1,1.0,1,1.0,1,0.18683219266029633,69
3241,4,5787,2519,3268,0,0,0,1.0,1,1.0,1,1.0,1,0.18243417434775977,68
3242,1,5788,2520,3268,0,0,0,1.0,1,1.0,1,1.0,1,0.2071326170551596,67
3243,3,5791,2522,3269,0,0,0,1.0,1,1.0,1,1.0,1,0.17651899711573846,68
3244,1,5792,2522,3270,0,0,0,1.0,1,1.0,1,1.0,1,0.15034812278572193,68
3245,0,5792,2522,3270,0,0,0,1.0,1,1.0,1,1.0,1,0.16332081210676683,69
3246,1,5793,2523,3270,0,0,0,1.0,1,1.0,1,1.0,1,0.16572197433001093,68
3247,1,5794,2523,3271,0,0,0,1.0,1,1.0,1,1.0,1,0.16124756843500215,68
3248,1,5795,2524,3271,0,0,0,1.0,1,1.0,1,1.0,1,0.18200502799834345,68
3249,0,5795,2524,3271,0,0,0,1.0,1,1.0,1,1.0,1,0.18926190408846302,69
3250,1,5796,2524,3272,0,0,0,1.0,1,1.0,1,1.0,1,0.17964584175152254,69
3251,1,5797,2525,3272,0,0,0,1.0,1,1.0,1,1.0,1,0.21131079624126903,68
3252,0,5797,2525,3272,0,0,0,1.0,1,1.0,1,1.0,1,0.18830613157847906,68
3253,1,5798,2526,3272,0,0,0,1.0,1,1.0,1,1.0,1,0.1855724182231261,69
3254,0,5798,2526,3272,0,0,0,1.0,1,1.0,1,1.0,1,0.1855724182231261,69
3255,3,5801,2526,3275,0,0,0,1.0,1,1.0,1,1.0,1,0.16682024633525466,70
3256,3,5804,2526,3278,0,0,0,1.0,1,1.0,1,1.0,1,0.13411028805729236,70
3257,1,5805,2526,3279,0,0,0,1.0,1,1.0,1,1.0,1,0.13799433366819466,71
3258,4,5809,2529,3280,0,0,0,1.0,1,1.0,1,1.0,1,0.1169091889993726,72
3259,3,5812,2531,3281,0,0,0,1.0,1,1.0,1,1.0,1,0.14372163088560522,71
3260,3,5815,2532,3283,0,0,0,1.0,1,1.0,1,1.0,1,0.17739763252625287,72
3261,3,5818,2532,3286,0,0,0,1.0,1,1.0,1,1.0,1,0.18191758230202035,74
3262,3,5821,2533,3288,0,0,0,1.0,1,1.0,1,1.0,1,0.19303941919031326,73
3263,3,5824,2534,3290,0,0,0,1.0,1,1.0,1,1.0,1,0.2045488398336952,73
3264,2,5826,2535,3291,0,0,0,1.0,1,1.0,1,1.0,1,0.23061681953294855,71
3265,1,5827,2536,3291,0,0,0,1.0,1,1.0,1,1.0,1,0.2339287294396053,70
3266,5,5832,2541,3291,0,0,0,1.0,1,1.0,1,1.0,1,0.2248088243565113,69
3267,2,5834,2543,3291,0,0,0,1.0,1,1.0,1,1.0,1,0.22631099956412987,69
3268,2,5836,2545,3291,0,0,0,1.0,1,1.0,1,1.0,1,0.24639155888122596,68
3269,1,5837,2546,3291,0,0,0,1.0,1,1.0,1,1.0,1,0.26467138426919823,68
3270,0,5837,2546,3291,0,0,0,1.0,1,1.0,1,1.0,1,0.2771788894051466,67
3271,7,5844,2547,3297,0,0,0,1.0,1,1.0,1,1.0,1,0.22728963538507083,66
3272,0,5844,2547,3297,0,0,0,1.0,1,1.0,1,1.0,1,0.21555145492896766,67
3273,2,5846,2547,3299,0,0,0,1.0,1,1.0,1,1.0,1,0.21893152820549316,66
3274,2,5848,2548,3300,0,0,0,1.0,1,1.0,1,1.0,1,0.23360285026068905,68
3275,3,5851,2548,3303,0,0,0,1.0,1,1.0,1,1.0,1,0.22422499826623626,68
3276,1,5852,2548,3304,0,0,0,1.0,1,1.0,1,1.0,1,0.21610326486449588,69
3277,1,5853,2548,3305,0,0,0,1.0,1,1.0,1,1.0,1,0.1934372205604401,68
3278,0,5853,2548,3305,0,0,0,1.0,1,1.0,1,1.0,1,0.20030628043263407,69
3279,1,5854,2549,3305,0,0,0,1.0,1,1.0,1,1.0,1,0.19267243817142937,67
3280,2,5856,2550,3306,0,0,0,1.0,1,1.0,1,1.0,1,0.2046280203785697,66
3281,5,5861,2552,3309,0,0,0,1.0,1,1.0,1,1.0,1,0.2178108099007334,67
3282,3,5864,2554,3310,0,0,0,1.0,1,1.0,1,1.0,1,0.23800381145265048,66
3283,3,5867,2556,3311,0,0,0,1.0,1,1.0,1,1.0,1,0.27620312549652765,67
3284,3,5870,2556,3314,0,0,0,1.0,1,1.0,1,1.0,1,0.20747968078016318,66
3285,1,5871,2556,3315,0,0,0,1.0,1,1.0,1,1.0,1,0.19120924730035416,66
3286,1,5872,2556,3316,0,0,0,1.0,1,1.0,1,1.0,1,0.17154187516840297,63
3287,0,5872,2556,3316,0,0,0,1.0,1,1.0,1,1.0,1,0.18756360050259555,61
3288,0,5872,2556,3316,0,0,0,1.0,1,1.0,1,1.0,1,0.1964056867239478,63
3289,1,5873,2557,3316,0,0,0,1.0,1,1.0,1,1.0,1,0.226117536709138,62
3290,1,5874,2558,3316,0,0,0,1.0,1,1.0,1,1.0,1,0.2420095617089344,63
3291,1,5875,2558,3317,0,0,0,1.0,1,1.0,1,1.0,1,0.24196153119541122,62
3292,0,5875,2558,3317,0,0,0,1.0,1,1.0,1,1.0,1,0.24659429668385863,63
3293,3,5878,2560,3318,0,0,0,1.0,1,1.0,1,1.0,1,0.24868917027472934,65
3294,0,5878,2560,3318,0,0,0,1.0,1,1.0,1,1.0,1,0.24868917027472934,65
3295,2,5880,2562,3318,0,0,0,1.0,1,1.0,1,1.0,1,0.2504157282246552,65
3296,0,5880,2562,3318,0,0,0,1.0,1,1.0,1,1.0,1,0.2504157282246552,65
3297,1,5881,2563,3318,0,0,0,1.0,1,1.0,1,1.0,1,0.24405568205730702,66
3298,1,5882,2564,3318,0,0,0,1.0,1,1.0,1,1.0,1,0.24860524181818447,66
3299,0,5882,2564,3318,0,0,0,1.0,1,1.0,1,1.0,1,0.25371473403063144,67
3300,2,5884,2566,3318,0,0,0,1.0,1,1.0,1,1.0,1,0.28427467634641607,67
3301,10,5894,2567,3327,0,0,0,1.0,1,1.0,1,1.0,1,0.23384451817021804,68
3302,1,5895,2567,3328,0,0,0,1.0,1,1.0,1,1.0,1,0.2340639139957005,67
3303,2,5897,2569,3328,0,0,0,1.0,1,1.0,1,1.0,1,0.23536732589885603,67
3304,1,5898,2570,3328,0,0,0,1.0,1,1.0,1,1.0,1,0.24009999746316213,67
3305,2,5900,2570,3330,0,0,0,1.0,1,1.0,1,1.0,1,0.24027849109342794,69
3306,1,5901,2570,3331,0,0,0,1.0,1,1.0,1,1.0,1,0.22433345588931156,70
3307,1,5902,2570,3332,0,0,0,1.0,1,1.0,1,1.0,1,0.22130374107305847,70
3308,0,5902,2570,3332,0,0,0,1.0,1,1.0,1,1.0,1,0.22130374107305847,70
3309,0,5902,2570,3332,0,0,0,1.0,1,1.0,1,1.0,1,0.23594778058024476,72
3310,3,5905,2570,3335,0,0,0,1.0,1,1.0,1,1.0,1,0.23566526704372498,74
3311,2,5907,2570,3337,0,0,0,1.0,1,1.0,1,1.0,1,0.21124217484622693,74
3312,0,5907,2570,3337,0,0,0,1.0,1,1.0,1,1.0,1,0.21124217484622693,74
3313,0,5907,2570,3337,0,0,0,1.0,1,1.0,1,1.0,1,0.22817743029196666,75
3314,2,5909,2570,3339,0,0,0,1.0,1,1.0,1,1.0,1,0.22865171216635238,76
3315,2,5911,2571,3340,0,0,0,1.0,1,1.0,1,1.0,1,0.2573062809088494,75
3316,10,5921,2574,3347,0,0,0,1.0,1,1.0,1,1.0,1,0.23526285556496246,76
3317,5,5926,2576,3350,0,0,0,1.0,1,1.0,1,1.0,1,0.21712570689275532,73
3318,4,5930,2579,3351,0,0,0,1.0,1,1.0,1,1.0,1,0.24502614706761963,72
3319,2,5932,2580,3352,0,0,0,1.0,1,1.0,1,1.0,1,0.24359854962867036,71
3320,1,5933,2581,3352,0,0,0,1.0,1,1.0,1,1.0,1,0.2274186354714864,70
3321,1,5934,2582,3352,0,0,0,1.0,1,1.0,1,1.0,1,0.24658865709572692,69
3322,3,5937,2585,3352,0,0,0,1.0,1,1.0,1,1.0,1,0.2230703517982263,68
3323,1,5938,2586,3352,0,0,0,1.0,1,1.0,1,1.0,1,0.2372679138098206,69
3324,2,5940,2587,3353,0,0,0,1.0,1,1.0,1,1.0,1,0.21693797413487637,69
3325,0,5940,2587,3353,0,0,0,1.0,1,1.0,1,1.0,1,0.21775091532578697,70
3326,2,5942,2588,3354,0,0,0,1.0,1,1.0,1,1.0,1,0.2210100947360571,69
3327,1,5943,2589,3354,0,0,0,1.0,1,1.0,1,1.0,1,0.2168762336639741,70
3328,2,5945,2590,3355,0,0,0,1.0,1,1.0,1,1.0,1,0.21758514813173413,73
3329,1,5946,2591,3355,0,0,0,1.0,1,1.0,1,1.0,1,0.23347340635619637,72
3330,0,5946,2591,3355,0,0,0,1.0,1,1.0,1,1.0,1,0.23347340635619637,72
3331,4,5950,2593,3357,0,0,0,1.0,1,1.0,1,1.0,1,0.22211083401413795,72
3332,1,5951,2593,3358,0,0,0,1.0,1,1.0,1,1.0,1,0.21995706483738064,73
3333,0,5951,2593,3358,0,0,0,1.0,1,1.0,1,1.0,1,0.22698695626771562,72
3334,1,5952,2593,3359,0,0,0,1.0,1,1.0,1,1.0,1,0.2134864704608077,73
3335,1,5953,2594,3359,0,0,0,1.0,1,1.0,1,1.0,1,0.23835133290575558,74
3336,1,5954,2594,3360,0,0,0,1.0,1,1.0,1,1.0,1,0.2308725094358487,74
3337,0,5954,2594,3360,0,0,0,1.0,1,1.0,1,1.0,1,0.2308725094358487,74
3338,0,5954,2594,3360,0,0,0,1.0,1,1.0,1,1.0,1,0.2308725094358487,74
3339,3,5957,2595,3362,0,0,0,1.0,1,1.0,1,1.0,1,0.22061684257363548,75
3340,1,5958,2595,3363,0,0,0,1.0,1,1.0,1,1.0,1,0.22988145761364753,75
3341,0,5958,2595,3363,0,0,0,1.0,1,1.0,1,1.0,1,0.23998697506388988,76
3342,4,5962,2596,3366,0,0,0,1.0,1,1.0,1,1.0,1,0.23367021832685006,76
3343,4,5966,2598,3368,0,0,0,1.0,1,1.0,1,1.0,1,0.22266998196950696,75
3344,1,5967,2599,3368,0,0,0,1.0,1,1.0,1,1.0,1,0.24905291869120155,75
3345,1,5968,2600,3368,0,0,0,1.0,1,1.0,1,1.0,1,0.26700595771223806,72
3346,6,5974,2600,3374,0,0,0,1.0,1,1.0,1,1.0,1,0.2317352572687799,73
3347,4,5978,2603,3375,0,0,0,1.0,1,1.0,1,1.0,1,0.21108045496432204,73
3348,1,5979,2604,3375,0,0,0,1.0,1,1.0,1,1.0,1,0.22246526057462002,73
3349,3,5982,2606,3376,0,0,0,1.0,1,1.0,1,1.0,1,0.21314057725838725,74
3350,3,5985,2607,3378,0,0,0,1.0,1,1.0,1,1.0,1,0.20963678148597747,73
3351,1,5986,2608,3378,0,0,0,1.0,1,1.0,1,1.0,1,0.21177276929728772,72
3352,1,5987,2609,3378,0,0,0,1.0,1,1.0,1,1.0,1,0.21886436290542213,72
3353,2,5989,2611,3378,0,0,0,1.0,1,1.0,1,1.0,1,0.24873788846159675,72
3354,4,5993,2613,3380,0,0,0,1.0,1,1.0,1,1.0,1,0.23384271089143457,70
3355,4,5997,2615,3382,0,0,0,1.0,1,1.0,1,1.0,1,0.2846486735266252,69
3356,3,6000,2616,3384,0,0,0,1.0,1,1.0,1,1.0,1,0.2597651197090315,69
3357,3,6003,2617,3386,0,0,0,1.0,1,1.0,1,1.0,1,0.2680178560758892,68
3358,1,6004,2618,3386,0,0,0,1.0,1,1.0,1,1.0,1,0.2805730676065972,68
3359,1,6005,2619,3386,0,0,0,1.0,1,1.0,1,1.0,1,0.2664894875774816,66
3360,4,6009,2621,3388,0,0,0,1.0,1,1.0,1,1.0,1,0.30667894932813844,65
3361,5,6014,2621,3393,0,0,0,1.0,1,1.0,1,1.0,1,0.25825900084299613,64
3362,0,6014,2621,3393,0,0,0,1.0,1,1.0,1,1.0,1,0.25825900084299613,64
3363,0,6014,2621,3393,0,0,0,1.0,1,1.0,1,1.0,1,0.2513299038314389,65
3364,1,6015,2621,3394,0,0,0,1.0,1,1.0,1,1.0,1,0.24550623306452157,66
3365,1,6016,2621,3395,0,0,0,1.0,1,1.0,1,1.0,1,0.24260761249703755,68
3366,1,6017,2622,3395,0,0,0,1.0,1,1.0,1,1.0,1,0.26542022579455543,66
3367,1,6018,2622,3396,0,0,0,1.0,1,1.0,1,1.0,1,0.26523695506133743,68
3368,2,6020,2623,3397,0,0,0,1.0,1,1.0,1,1.0,1,0.2585854846060642,68
3369,2,6022,2623,3399,0,0,0,1.0,1,1.0,1,1.0,1,0.24325305214686982,69
3370,2,6024,2623,3401,0,0,0,1.0,1,1.0,1,1.0,1,0.21744672039992907,71
3371,0,6024,2623,3401,0,0,0,1.0,1,1.0,1,1.0,1,0.21744672039992907,71
3372,4,6028,2625,3403,0,0,0,1.0,1,1.0,1,1.0,1,0.20095822656418902,71
3373,1,6029,2625,3404,0,0,0,1.0,1,1.0,1,1.0,1,0.20436860198934478,72
3374,0,6029,2625,3404,0,0,0,1.0,1,1.0,1,1.0,1,0.19996265986019576,72
3375,2,6031,2626,3405,0,0,0,1.0,1,1.0,1,1.0,1,0.19712486236764196,73
3376,2,6033,2626,3407,0,0,0,1.0,1,1.0,1,1.0,1,0.18432879440812822,75
3377,1,6034,2627,3407,0,0,0,1.0,1,1.0,1,1.0,1,0.19173256981716524,77
3378,0,6034,2627,3407,0,0,0,1.0,1,1.0,1,1.0,1,0.19173256981716524,77
3379,5,6039,2631,3408,0,0,0,1.0,1,1.0,1,1.0,1,0.2244470187398288,77
3380,3,6042,2631,3411,0,0,0,1.0,1,1.0,1,1.0,1,0.2205638810437822,76
3381,2,6044,2633,3411,0,0,0,1.0,1,1.0,1,1.0,1,0.22936255194219152,76
3382,1,6045,2634,3411,0,0,0,1.0,1,1.0,1,1.0,1,0.23895764891190185,78
3383,0,6045,2634,3411,0,0,0,1.0,1,1.0,1,1.0,1,0.23424129951296913,77
3384,3,6048,2637,3411,0,0,0,1.0,1,1.0,1,1.0,1,0.2630746729259963,77
3385,3,6051,2638,3413,0,0,0,1.0,1,1.0,1,1.0,1,0.26449391038886066,75
3386,4,6055,2640,3415,0,0,0,1.0,1,1.0,1,1.0,1,0.27590781415189347,76
3387,4,6059,2640,3419,0,0,0,1.0,1,1.0,1,1.0,1,0.2783122867081369,75
3388,4,6063,2641,3422,0,0,0,1.0,1,1.0,1,1.0,1,0.27668776023662295,76
3389,4,6067,2641,3426,0,0,0,1.0,1,1.0,1,1.0,1,0.28612674187364295,77
3390,0,6067,2641,3426,0,0,0,1.0,1,1.0,1,1.0,1,0.289937978867376,76
3391,8,6075,2642,3433,0,0,0,1.0,1,1.0,1,1.0,1,0.1976283358125089,77
3392,2,6077,2642,3435,0,0,0,1.0,1,1.0,1,1.0,1,0.1770608502508718,78
3393,2,6079,2643,3436,0,0,0,1.0,1,1.0,1,1.0,1,0.1648752093634244,76
3394,3,6082,2644,3438,0,0,0,1.0,1,1.0,1,1.0,1,0.1997713612758975,75
3395,4,6086,2644,3442,0,0,0,1.0,1,1.0,1,1.0,1,0.17800860201518898,73
3396,0,6086,2644,3442,0,0,0,1.0,1,1.0,1,1.0,1,0.17800860201518898,73
3397,0,6086,2644,3442,0,0,0,1.0,1,1.0,1,1.0,1,0.17181773031034195,74
3398,1,6087,2645,3442,0,0,0,1.0,1,1.0,1,1.0,1,0.17287519193642245,74
3399,1,6088,2646,3442,0,0,0,1.0,1,1.0,1,1.0,1,0.18074402745012821,75
3400,3,6091,2647,3444,0,0,0,1.0,1,1.0,1,1.0,1,0.19739640876397774,75
3401,3,6094,2648,3446,0,0,0,1.0,1,1.0,1,1.0,1,0.18002327736135218,77
3402,4,6098,2649,3449,0,0,0,1.0,1,1.0,1,1.0,1,0.20547184461564147,77
3403,6,6104,2650,3454,0,0,0,1.0,1,1.0,1,1.0,1,0.194982207505492,78
3404,1,6105,2650,3455,0,0,0,1.0,1,1.0,1,1.0,1,0.18915391176427318,78
3405,1,6106,2650,3456,0,0,0,1.0,1,1.0,1,1.0,1,0.194982207505492,78
3406,6,6112,2652,3460,0,0,0,1.0,1,1.0,1,1.0,1,0.1816518765482318,78
3407,0,6112,2652,3460,0,0,0,1.0,1,1.0,1,1.0,1,0.17831697074345768,78
3408,1,6113,2652,3461,0,0,0,1.0,1,1.0,1,1.0,1,0.16381652685971465,79
3409,2,6115,2652,3463,0,0,0,1.0,1,1.0,1,1.0,1,0.1487187552537591,81
3410,0,6115,2652,3463,0,0,0,1.0,1,1.0,1,1.0,1,0.1571092947595101,82
3411,3,6118,2652,3466,0,0,0,1.0,1,1.0,1,1.0,1,0.1402445946937415,84
3412,2,6120,2652,3468,0,0,0,1.0,1,1.0,1,1.0,1,0.14133515144668474,84
3413,1,6121,2652,3469,0,0,0,1.0,1,1.0,1,1.0,1,0.1426412788279315,84
3414,1,6122,2652,3470,0,0,0,1.0,1,1.0,1,1.0,1,0.14133515144668474,84
3415,4,6126,2654,3472,0,0,0,1.0,1,1.0,1,1.0,1,0.1547738214682555,85
3416,5,6131,2655,3476,0,0,0,1.0,1,1.0,1,1.0,1,0.16193932200774286,85
3417,1,6132,2655,3477,0,0,0,1.0,1,1.0,1,1.0,1,0.17413568573649424,86
3418,3,6135,2656,3479,0,0,0,1.0,1,1.0,1,1.0,1,0.16870395252772263,86
3419,1,6136,2657,3479,0,0,0,1.0,1,1.0,1,1.0,1,0.19195039737418826,87
3420,0,6136,2657,3479,0,0,0,1.0,1,1.0,1,1.0,1,0.19700615360055507,88
3421,5,6141,2658,3483,0,0,0,1.0,1,1.0,1,1.0,1,0.17862183730664116,89
3422,2,6143,2658,3485,0,0,0,1.0,1,1.0,1,1.0,1,0.17684014950555904,90
3423,1,6144,2658,3486,0,0,0,1.0,1,1.0,1,1.0,1,0.17080173087484435,90
3424,0,6144,2658,3486,0,0,0,1.0,1,1.0,1,1.0,1,0.1631150438867152,91
3425,1,6145,2659,3486,0,0,0,1.0,1,1.0,1,1.0,1,0.16407886051193574,90
3426,2,6147,2661,3486,0,0,0,1.0,1,1.0,1,1.0,1,0.17726127793126883,92
3427,0,6147,2661,3486,0,0,0,1.0,1,1.0,1,1.0,1,0.18339458428972033,92
3428,1,6148,2661,3487,0,0,0,1.0,1,1.0,1,1.0,1,0.18401548936901793,91
3429,2,6150,2661,3489,0,0,0,1.0,1,1.0,1,1.0,1,0.18401548936901793,91
3430,5,6155,2665,3490,0,0,0,1.0,1,1.0,1,1.0,1,0.20359760154693313,91
3431,3,6158,2665,3493,0,0,0,1.0,1,1.0,1,1.0,1,0.1783996199932781,90
3432,3,6161,2667,3494,0,0,0,1.0,1,1.0,1,1.0,1,0.1903688468171091,91
3433,2,6163,2667,3496,0,0,0,1.0,1,1.0,1,1.0,1,0.18593012329799607,90
3434,2,6165,2667,3498,0,0,0,1.0,1,1.0,1,1.0,1,0.18282512615058794,89
3435,1,6166,2668,3498,0,0,0,1.0,1,1.0,1,1.0,1,0.1946645420914957,88
3436,4,6170,2668,3502,0,0,0,1.0,1,1.0,1,1.0,1,0.17675467740696582,86
3437,2,6172,2669,3503,0,0,0,1.0,1,1.0,1,1.0,1,0.16854759701163802,86
3438,1,6173,2670,3503,0,0,0,1.0,1,1.0,1,1.0,1,0.1710839817003757,87
3439,1,6174,2671,3503,0,0,0,1.0,1,1.0,1,1.0,1,0.1936904197848579,86
3440,2,6176,2671,3505,0,0,0,1.0,1,1.0,1,1.0,1,0.17321666703996985,86
3441,1,6177,2672,3505,0,0,0,1.0,1,1.0,1,1.0,1,0.16823553727704577,85
3442,0,6177,2672,3505,0,0,0,1.0,1,1.0,1,1.0,1,0.16870645627663203,85
3443,1,6178,2673,3505,0,0,0,1.0,1,1.0,1,1.0,1,0.17411430111335693,85
3444,2,6180,2674,3506,0,0,0,1.0,1,1.0,1,1.0,1,0.17155490212501243,85
3445,2,6182,2676,3506,0,0,0,1.0,1,1.0,1,1.0,1,0.19136819371076189,84
3446,4,6186,2678,3508,0,0,0,1.0,1,1.0,1,1.0,1,0.21950034943765448,85
3447,1,6187,2679,3508,0,0,0,1.0,1,1.0,1,1.0,1,0.228950103531708,85
3448,3,6190,2680,3510,0,0,0,1.0,1,1.0,1,1.0,1,0.22997991089632785,85
3449,0,6190,2680,3510,0,0,0,1.0,1,1.0,1,1.0,1,0.24168083314577116,84
3450,1,6191,2681,3510,0,0,0,1.0,1,1.0,1,1.0,1,0.23739432367867014,84
3451,10,6201,2683,3518,0,0,0,1.0,1,1.0,1,1.0,1,0.19988437310292492,85
3452,2,6203,2684,3519,0,0,0,1.0,1,1.0,1,1.0,1,0.19357448714651052,86
3453,2,6205,2684,3521,0,0,0,1.0,1,1.0,1,1.0,1,0.1799197355103082,85
3454,1,6206,2684,3522,0,0,0,1.0,1,1.0,1,1.0,1,0.16503979830981277,88
3455,0,6206,2684,3522,0,0,0,1.0,1,1.0,1,1.0,1,0.16503979830981277,88
3456,0,6206,2684,3522,0,0,0,1.0,1,1.0,1,1.0,1,0.16503979830981277,88
3457,0,6206,2684,3522,0,0,0,1.0,1,1.0,1,1.0,1,0.17165956276011898,89
3458,0,6206,2684,3522,0,0,0,1.0,1,1.0,1,1.0,1,0.17929335313015948,88
3459,0,6206,2684,3522,0,0,0,1.0,1,1.0,1,1.0,1,0.17929335313015948,88
3460,1,6207,2684,3523,0,0,0,1.0,1,1.0,1,1.0,1,0.17018636072431428,89
3461,0,6207,2684,3523,0,0,0,1.0,1,1.0,1,1.0,1,0.17018636072431428,89
3462,0,6207,2684,3523,0,0,0,1.0,1,1.0,1,1.0,1,0.17661580367727733,90
3463,3,6210,2684,3526,0,0,0,1.0,1,1.0,1,1.0,1,0.16354711231054972,89
3464,1,6211,2685,3526,0,0,0,1.0,1,1.0,1,1.0,1,0.16404653026245297,88
3465,1,6212,2685,3527,0,0,0,1.0,1,1.0,1,1.0,1,0.18507626962063498,87
3466,3,6215,2685,3530,0,0,0,1.0,1,1.0,1,1.0,1,0.15805653154249308,87
3467,0,6215,2685,3530,0,0,0,1.0,1,1.0,1,1.0,1,0.15672952202111748,87
3468,6,6221,2687,3534,0,0,0,1.0,1,1.0,1,1.0,1,0.15435623219926414,88
3469,3,6224,2688,3536,0,0,0,1.0,1,1.0,1,1.0,1,0.1581919572269933,85
3470,2,6226,2690,3536,0,0,0,1.0,1,1.0,1,1.0,1,0.1815620927818303,86
3471,3,6229,2692,3537,0,0,0,1.0,1,1.0,1,1.0,1,0.19454889955269522,84
3472,0,6229,2692,3537,0,0,0,1.0,1,1.0,1,1.0,1,0.19977758358948025,83
3473,0,6229,2692,3537,0,0,0,1.0,1,1.0,1,1.0,1,0.20414572652503227,81
3474,0,6229,2692,3537,0,0,0,1.0,1,1.0,1,1.0,1,0.17603447803675482,80
3475,2,6231,2694,3537,0,0,0,1.0,1,1.0,1,1.0,1,0.21783653525219004,82
3476,2,6233,2696,3537,0,0,0,1.0,1,1.0,1,1.0,1,0.20064169109054214,81
3477,5,6238,2700,3538,0,0,0,1.0,1,1.0,1,1.0,1,0.20925905856652083,83
3478,0,6238,2700,3538,0,0,0,1.0,1,1.0,1,1.0,1,0.20557975169264425,83
3479,3,6241,2702,3539,0,0,0,1.0,1,1.0,1,1.0,1,0.20058935761136856,83
3480,0,6241,2702,3539,0,0,0,1.0,1,1.0,1,1.0,1,0.20058935761136856,83
3481,3,6244,2703,3541,0,0,0,1.0,1,1.0,1,1.0,1,0.1783159190198227,83
3482,1,6245,2703,3542,0,0,0,1.0,1,1.0,1,1.0,1,0.1765447691722356,83
3483,3,6248,2705,3543,0,0,0,1.0,1,1.0,1,1.0,1,0.17976086127343124,82
3484,1,6249,2706,3543,0,0,0,1.0,1,1.0,1,1.0,1,0.19381567920770423,82
3485,9,6258,2709,3549,0,0,0,1.0,1,1.0,1,1.0,1,0.19951777569731335,83
3486,4,6262,2709,3553,0,0,0,1.0,1,1.0,1,1.0,1,0.18227439060762893,83
3487,2,6264,2709,3555,0,0,0,1.0,1,1.0,1,1.0,1,0.18730005382735004,84
3488,3,6267,2709,3558,0,0,0,1.0,1,1.0,1,1.0,1,0.1887006594408581,84
3489,2,6269,2709,3560,0,0,0,1.0,1,1.0,1,1.0,1,0.19441661783850395,84
3490,5,6274,2709,3565,0,0,0,1.0,1,1.0,1,1.0,1,0.18592068424735136,84
3491,4,6278,2709,3569,0,0,0,1.0,1,1.0,1,1.0,1,0.16022751908591465,86
3492,3,6281,2709,3572,0,0,0,1.0,1,1.0,1,1.0,1,0.1592167430609811,86
3493,5,6286,2709,3577,0,0,0,1.0,1,1.0,1,1.0,1,0.15730273859289823,86
3494,2,6288,2709,3579,0,0,0,1.0,1,1.0,1,1.0,1,0.14618111715619042,86
3495,2,6290,2709,3581,0,0,0,1.0,1,1.0,1,1.0,1,0.1534567540174218,87
3496,1,6291,2709,3582,0,0,0,1.0,1,1.0,1,1.0,1,0.15060819949314963,88
3497,3,6294,2710,3584,0,0,0,1.0,1,1.0,1,1.0,1,0.15534135723286469,89
3498,2,6296,2710,3586,0,0,0,1.0,1,1.0,1,1.0,1,0.15055551357578412,89
3499,2,6298,2711,3587,0,0,0,1.0,1,1.0,1,1.0,1,0.13124986346220358,91
3500,2,6300,2712,3588,0,0,0,1.0,1,1.0,1,1.0,1,0.1258221508924299,90
3501,0,6300,2712,3588,0,0,0,1.0,1,1.0,1,1.0,1,0.1258221508924299,90
3502,0,6300,2712,3588,0,0,0,1.0,1,1.0,1,1.0,1,0.13294666436682084,91
3503,4,6304,2715,3589,0,0,0,1.0,1,1.0,1,1.0,1,0.14113874163105178,91
3504,4,6308,2719,3589,0,0,0,1.0,1,1.0,1,1.0,1,0.1863911597870386,89
3505,2,6310,2720,3590,0,0,0,1.0,1,1.0,1,1.0,1,0.20003842174853392,87
3506,4,6314,2723,3591,0,0,0,1.0,1,1.0,1,1.0,1,0.21921032607272295,87
3507,2,6316,2725,3591,0,0,0,1.0,1,1.0,1,1.0,1,0.19464727724992253,84
3508,1,6317,2726,3591,0,0,0,1.0,1,1.0,1,1.0,1,0.22486240477142144,83
3509,1,6318,2727,3591,0,0,0,1.0,1,1.0,1,1.0,1,0.22480784859540384,80
3510,1,6319,2727,3592,0,0,0,1.0,1,1.0,1,1.0,1,0.22180870651824316,78
3511,9,6328,2729,3599,0,0,0,1.0,1,1.0,1,1.0,1,0.12047150724021304,77
3512,1,6329,2730,3599,0,0,0,1.0,1,1.0,1,1.0,1,0.1282888981801835,74
3513,2,6331,2731,3600,0,0,0,1.0,1,1.0,1,1.0,1,0.1537972780229261,76
3514,2,6333,2732,3601,0,0,0,1.0,1,1.0,1,1.0,1,0.136948317588399,76
3515,0,6333,2732,3601,0,0,0,1.0,1,1.0,1,1.0,1,0.1401996316309473,75
3516,1,6334,2733,3601,0,0,0,1.0,1,1.0,1,1.0,1,0.1655355475927421,73
3517,4,6338,2736,3602,0,0,0,1.0,1,1.0,1,1.0,1,0.18771591410085323,74
3518,0,6338,2736,3602,0,0,0,1.0,1,1.0,1,1.0,1,0.2059455991991625,74
3519,0,6338,2736,3602,0,0,0,1.0,1,1.0,1,1.0,1,0.2170952374146973,73
3520,1,6339,2736,3603,0,0,0,1.0,1,1.0,1,1.0,1,0.19940632809404193,74
3521,0,6339,2736,3603,0,0,0,1.0,1,1.0,1,1.0,1,0.20875769381583603,75
3522,0,6339,2736,3603,0,0,0,1.0,1,1.0,1,1.0,1,0.20875769381583603,75
3523,0,6339,2736,3603,0,0,0,1.0,1,1.0,1,1.0,1,0.20875769381583603,75
3524,2,6341,2737,3604,0,0,0,1.0,1,1.0,1,1.0,1,0.17799534619602525,75
3525,0,6341,2737,3604,0,0,0,1.0,1,1.0,1,1.0,1,0.19116446669008702,75
3526,6,6347,2739,3608,0,0,0,1.0,1,1.0,1,1.0,1,0.15417872326149867,76
3527,3,6350,2741,3609,0,0,0,1.0,1,1.0,1,1.0,1,0.20810019419645295,77
3528,5,6355,2742,3613,0,0,0,1.0,1,1.0,1,1.0,1,0.19994726177645405,77
3529,3,6358,2743,3615,0,0,0,1.0,1,1.0,1,1.0,1,0.2142792632272698,78
3530,1,6359,2743,3616,0,0,0,1.0,1,1.0,1,1.0,1,0.24524708879695548,78
3531,5,6364,2744,3620,0,0,0,1.0,1,1.0,1,1.0,1,0.25701708531314826,79
3532,6,6370,2745,3625,0,0,0,1.0,1,1.0,1,1.0,1,0.26832445630896057,79
3533,4,6374,2746,3628,0,0,0,1.0,1,1.0,1,1.0,1,0.3040898857578402,79
3534,8,6382,2748,3634,0,0,0,1.0,1,1.0,1,1.0,1,0.31063706740522584,80
3535,11,6393,2748,3645,0,0,0,1.0,1,1.0,1,1.0,1,0.30219256924875276,81
3536,13,6406,2748,3658,0,0,0,1.0,1,1.0,1,1.0,1,0.28672131129074746,82
3537,6,6412,2748,3664,0,0,0,1.0,1,1.0,1,1.0,1,0.2627923457431346,82
3538,9,6421,2748,3673,0,0,0,1.0,1,1.0,1,1.0,1,0.27256833244229683,83
3539,5,6426,2748,3678,0,0,0,1.0,1,1.0,1,1.0,1,0.2700556641872715,83
3540,9,6435,2748,3687,0,0,0,1.0,1,1.0,1,1.0,1,0.264213269081186,85
3541,7,6442,2748,3694,0,0,0,1.0,1,1.0,1,1.0,1,0.20742676992916362,85
3542,5,6447,2748,3699,0,0,0,1.0,1,1.0,1,1.0,1,0.17682898790799156,88
3543,1,6448,2749,3699,0,0,0,1.0,1,1.0,1,1.0,1,0.17552438967360082,87
3544,1,6449,2750,3699,0,0,0,1.0,1,1.0,1,1.0,1,0.17057109826743877,87
3545,1,6450,2751,3699,0,0,0,1.0,1,1.0,1,1.0,1,0.16648799160539557,85
3546,1,6451,2752,3699,0,0,0,1.0,1,1.0,1,1.0,1,0.16686422581920915,83
3547,0,6451,2752,3699,0,0,0,1.0,1,1.0,1,1.0,1,0.1838851365871146,82
3548,1,6452,2753,3699,0,0,0,1.0,1,1.0,1,1.0,1,0.1875398170810258,82
3549,2,6454,2754,3700,0,0,0,1.0,1,1.0,1,1.0,1,0.18833540280261463,81
3550,2,6456,2755,3701,0,0,0,1.0,1,1.0,1,1.0,1,0.17727176450293936,79
3551,1,6457,2756,3701,0,0,0,1.0,1,1.0,1,1.0,1,0.1773610353505048,80
3552,4,6461,2757,3704,0,0,0,1.0,1,1.0,1,1.0,1,0.15115288460213128,78
3553,2,6463,2757,3706,0,0,0,1.0,1,1.0,1,1.0,1,0.1575617741298129,79
3554,2,6465,2757,3708,0,0,0,1.0,1,1.0,1,1.0,1,0.1558387626969147,77
3555,3,6468,2758,3710,0,0,0,1.0,1,1.0,1,1.0,1,0.15199087362033956,77
3556,3,6471,2758,3713,0,0,0,1.0,1,1.0,1,1.0,1,0.14436984040562914,76
3557,0,6471,2758,3713,0,0,0,1.0,1,1.0,1,1.0,1,0.1442312133213249,76
3558,2,6473,2759,3714,0,0,0,1.0,1,1.0,1,1.0,1,0.15700038509206382,76
3559,1,6474,2759,3715,0,0,0,1.0,1,1.0,1,1.0,1,0.15134320055901287,76
3560,2,6476,2760,3716,0,0,0,1.0,1,1.0,1,1.0,1,0.15732501563427564,78
3561,2,6478,2761,3717,0,0,0,1.0,1,1.0,1,1.0,1,0.15097489123314645,79
3562,2,6480,2762,3718,0,0,0,1.0,1,1.0,1,1.0,1,0.16514524358667942,79
3563,1,6481,2763,3718,0,0,0,1.0,1,1.0,1,1.0,1,0.16466702810758949,79
3564,5,6486,2763,3723,0,0,0,1.0,1,1.0,1,1.0,1,0.16163790932657673,80
3565,5,6491,2764,3727,0,0,0,1.0,1,1.0,1,1.0,1,0.17611064613717006,83
3566,4,6495,2766,3729,0,0,0,1.0,1,1.0,1,1.0,1,0.20509203063951004,84
3567,1,6496,2766,3730,0,0,0,1.0,1,1.0,1,1.0,1,0.19822038404985354,84
3568,7,6503,2766,3737,0,0,0,1.0,1,1.0,1,1.0,1,0.18164171907618812,84
3569,6,6509,2767,3742,0,0,0,1.0,1,1.0,1,1.0,1,0.1916546974773636,84
3570,11,6520,2768,3752,0,0,0,1.0,1,1.0,1,1.0,1,0.18134395472157128,87
3571,7,6527,2770,3757,0,0,0,1.0,1,1.0,1,1.0,1,0.14925077341496532,86
3572,3,6530,2772,3758,0,0,0,1.0,1,1.0,1,1.0,1,0.15445825713334926,87
3573,4,6534,2774,3760,0,0,0,1.0,1,1.0,1,1.0,1,0.16039717697933667,87
3574,2,6536,2776,3760,0,0,0,1.0,1,1.0,1,1.0,1,0.16683456289902482,88
3575,1,6537,2776,3761,0,0,0,1.0,1,1.0,1,1.0,1,0.1518572063213677,88
3576,2,6539,2777,3762,0,0,0,1.0,1,1.0,1,1.0,1,0.14437566064876167,90
3577,0,6539,2777,3762,0,0,0,1.0,1,1.0,1,1.0,1,0.14437566064876167,90
3578,2,6541,2777,3764,0,0,0,1.0,1,1.0,1,1.0,1,0.1455445514364257,91
3579,1,6542,2778,3764,0,0,0,1.0,1,1.0,1,1.0,1,0.14811608744003948,91
3580,0,6542,2778,3764,0,0,0,1.0,1,1.0,1,1.0,1,0.16517462555864323,91
3581,2,6544,2780,3764,0,0,0,1.0,1,1.0,1,1.0,1,0.18418183200788096,91
3582,2,6546,2781,3765,0,0,0,1.0,1,1.0,1,1.0,1,0.18095595424440847,92
3583,2,6548,2782,3766,0,0,0,1.0,1,1.0,1,1.0,1,0.1854303104291439,88
3584,2,6550,2784,3766,0,0,0,1.0,1,1.0,1,1.0,1,0.19425052731544293,87
3585,1,6551,2785,3766,0,0,0,1.0,1,1.0,1,1.0,1,0.2080998046671194,84
3586,6,6557,2789,3768,0,0,0,1.0,1,1.0,1,1.0,1,0.16102196426638526,83
3587,3,6560,2790,3770,0,0,0,1.0,1,1.0,1,1.0,1,0.12961334479395004,82
3588,1,6561,2791,3770,0,0,0,1.0,1,1.0,1,1.0,1,0.12986654734793693,81
3589,6,6567,2796,3771,0,0,0,1.0,1,1.0,1,1.0,1,0.15877346613981513,80
3590,2,6569,2798,3771,0,0,0,1.0,1,1.0,1,1.0,1,0.19164036035772775,78
3591,2,6571,2800,3771,0,0,0,1.0,1,1.0,1,1.0,1,0.18919656561462608,77
3592,1,6572,2801,3771,0,0,0,1.0,1,1.0,1,1.0,1,0.22049413062889095,75
3593,1,6573,2801,3772,0,0,0,1.0,1,1.0,1,1.0,1,0.2260664852603798,76
3594,1,6574,2802,3772,0,0,0,1.0,1,1.0,1,1.0,1,0.23053766135470136,74
3595,1,6575,2803,3772,0,0,0,1.0,1,1.0,1,1.0,1,0.2203103111506493,74
3596,1,6576,2804,3772,0,0,0,1.0,1,1.0,1,1.0,1,0.20797779982564552,73
3597,3,6579,2806,3773,0,0,0,1.0,1,1.0,1,1.0,1,0.21238216764916942,73
3598,2,6581,2808,3773,0,0,0,1.0,1,1.0,1,1.0,1,0.21797905596245604,73
3599,1,6582,2809,3773,0,0,0,1.0,1,1.0,1,1.0,1,0.2292878723030031,73
3600,0,6582,2809,3773,0,0,0,1.0,1,1.0,1,1.0,1,0.23680745879573833,74
3601,10,6592,2811,3781,0,0,0,1.0,1,1.0,1,1.0,1,0.19473712160381668,75
3602,1,6593,2811,3782,0,0,0,1.0,1,1.0,1,1.0,1,0.18305846052202498,76
3603,3,6596,2812,3784,0,0,0,1.0,1,1.0,1,1.0,1,0.15606770310578905,77
3604,2,6598,2814,3784,0,0,0,1.0,1,1.0,1,1.0,1,0.19123007451275453,78
3605,2,6600,2816,3784,0,0,0,1.0,1,1.0,1,1.0,1,0.20302716932875337,77
3606,4,6604,2817,3787,0,0,0,1.0,1,1.0,1,1.0,1,0.17781252495209618,79
3607,3,6607,2818,3789,0,0,0,1.0,1,1.0,1,1.0,1,0.17370268963085012,79
3608,1,6608,2818,3790,0,0,0,1.0,1,1.0,1,1.0,1,0.16835048222680582,79
3609,0,6608,2818,3790,0,0,0,1.0,1,1.0,1,1.0,1,0.16835048222680582,79
3610,2,6610,2820,3790,0,0,0,1.0,1,1.0,1,1.0,1,0.18581277004451738,80
3611,1,6611,2821,3790,0,0,0,1.0,1,1.0,1,1.0,1,0.18085877505920392,80
3612,5,6616,2823,3793,0,0,0,1.0,1,1.0,1,1.0,1,0.18111094663965144,79
3613,2,6618,2825,3793,0,0,0,1.0,1,1.0,1,1.0,1,0.1806946926744619,79
3614,3,6621,2828,3793,0,0,0,1.0,1,1.0,1,1.0,1,0.19282395129340502,78
3615,1,6622,2828,3794,0,0,0,1.0,1,1.0,1,1.0,1,0.18970549888638602,79
3616,5,6627,2829,3798,0,0,0,1.0,1,1.0,1,1.0,1,0.14693453823528146,79
3617,3,6630,2830,3800,0,0,0,1.0,1,1.0,1,1.0,1,0.14474539980953108,80
3618,3,6633,2831,3802,0,0,0,1.0,1,1.0,1,1.0,1,0.15985250902361908,82
3619,1,6634,2831,3803,0,0,0,1.0,1,1.0,1,1.0,1,0.17484805709560253,82
3620,3,6637,2833,3804,0,0,0,1.0,1,1.0,1,1.0,1,0.18331585547369808,81
3621,2,6639,2833,3806,0,0,0,1.0,1,1.0,1,1.0,1,0.1808301706352877,83
3622,0,6639,2833,3806,0,0,0,1.0,1,1.0,1,1.0,1,0.16725436314309464,81
3623,0,6639,2833,3806,0,0,0,1.0,1,1.0,1,1.0,1,0.16725436314309464,81
3624,1,6640,2834,3806,0,0,0,1.0,1,1.0,1,1.0,1,0.17194708545729245,79
3625,4,6644,2836,3808,0,0,0,1.0,1,1.0,1,1.0,1,0.16572505609574617,80
3626,1,6645,2836,3809,0,0,0,1.0,1,1.0,1,1.0,1,0.14558794255382287,78
3627,5,6650,2837,3813,0,0,0,1.0,1,1.0,1,1.0,1,0.16685335875361237,78
3628,0,6650,2837,3813,0,0,0,1.0,1,1.0,1,1.0,1,0.15199355974403994,77
3629,0,6650,2837,3813,0,0,0,1.0,1,1.0,1,1.0,1,0.145870381757333,76
3630,1,6651,2838,3813,0,0,0,1.0,1,1.0,1,1.0,1,0.14549081690005833,77
3631,4,6655,2840,3815,0,0,0,1.0,1,1.0,1,1.0,1,0.11529734110165622,75
3632,2,6657,2842,3815,0,0,0,1.0,1,1.0,1,1.0,1,0.15704832812807773,74
3633,2,6659,2844,3815,0,0,0,1.0,1,1.0,1,1.0,1,0.16167507758424468,75
3634,4,6663,2847,3816,0,0,0,1.0,1,1.0,1,1.0,1,0.20703538660215898,74
3635,3,6666,2849,3817,0,0,0,1.0,1,1.0,1,1.0,1,0.20692370400136081,74
3636,0,6666,2849,3817,0,0,0,1.0,1,1.0,1,1.0,1,0.21920465508866727,74
3637,1,6667,2849,3818,0,0,0,1.0,1,1.0,1,1.0,1,0.22839691687266198,74
3638,0,6667,2849,3818,0,0,0,1.0,1,1.0,1,1.0,1,0.236130517840163,75
3639,6,6673,2853,3820,0,0,0,1.0,1,1.0,1,1.0,1,0.23311361767697408,76
3640,0,6673,2853,3820,0,0,0,1.0,1,1.0,1,1.0,1,0.23311361767697408,76
3641,3,6676,2855,3821,0,0,0,1.0,1,1.0,1,1.0,1,0.25952139315150163,75
3642,5,6681,2857,3824,0,0,0,1.0,1,1.0,1,1.0,1,0.2845496705036304,75
3643,0,6681,2857,3824,0,0,0,1.0,1,1.0,1,1.0,1,0.29286382313972803,74
3644,0,6681,2857,3824,0,0,0,1.0,1,1.0,1,1.0,1,0.29286382313972803,74
3645,0,6681,2857,3824,0,0,0,1.0,1,1.0,1,1.0,1,0.29286382313972803,74
3646,10,6691,2857,3834,0,0,0,1.0,1,1.0,1,1.0,1,0.19912954502007582,75
3647,0,6691,2857,3834,0,0,0,1.0,1,1.0,1,1.0,1,0.20670783179993524,77
3648,1,6692,2857,3835,0,0,0,1.0,1,1.0,1,1.0,1,0.21155377734202951,78
3649,2,6694,2857,3837,0,0,0,1.0,1,1.0,1,1.0,1,0.19049188960222446,80
3650,2,6696,2858,3838,0,0,0,1.0,1,1.0,1,1.0,1,0.21275531289914643,81
3651,1,6697,2858,3839,0,0,0,1.0,1,1.0,1,1.0,1,0.1979176175694884,81
3652,1,6698,2859,3839,0,0,0,1.0,1,1.0,1,1.0,1,0.22940849780267164,83
3653,2,6700,2859,3841,0,0,0,1.0,1,1.0,1,1.0,1,0.21630309115155308,83
3654,2,6702,2859,3843,0,0,0,1.0,1,1.0,1,1.0,1,0.21630309115155308,83
3655,2,6704,2859,3845,0,0,0,1.0,1,1.0,1,1.0,1,0.20821339372034936,84
3656,2,6706,2859,3847,0,0,0,1.0,1,1.0,1,1.0,1,0.21214485045886644,85
3657,3,6709,2859,3850,0,0,0,1.0,1,1.0,1,1.0,1,0.1975096527252782,86
3658,6,6715,2860,3855,0,0,0,1.0,1,1.0,1,1.0,1,0.20698324612315083,87
3659,2,6717,2860,3857,0,0,0,1.0,1,1.0,1,1.0,1,0.2040923139037252,87
3660,3,6720,2860,3860,0,0,0,1.0,1,1.0,1,1.0,1,0.19526429771685258,86
3661,3,6723,2861,3862,0,0,0,1.0,1,1.0,1,1.0,1,0.19109736752542583,86
3662,0,6723,2861,3862,0,0,0,1.0,1,1.0,1,1.0,1,0.20288578616846428,83
3663,5,6728,2864,3864,0,0,0,1.0,1,1.0,1,1.0,1,0.21796559303239546,85
3664,2,6730,2865,3865,0,0,0,1.0,1,1.0,1,1.0,1,0.20300757128928432,82
3665,2,6732,2866,3866,0,0,0,1.0,1,1.0,1,1.0,1,0.20028628020358644,81
3666,3,6735,2868,3867,0,0,0,1.0,1,1.0,1,1.0,1,0.2042238541247712,79
3667,1,6736,2869,3867,0,0,0,1.0,1,1.0,1,1.0,1,0.21597770904553223,79
3668,1,6737,2870,3867,0,0,0,1.0,1,1.0,1,1.0,1,0.2307164365442903,77
3669,2,6739,2872,3867,0,0,0,1.0,1,1.0,1,1.0,1,0.24313254887277325,75
3670,3,6742,2875,3867,0,0,0,1.0,1,1.0,1,1.0,1,0.2689456776587467,76
3671,1,6743,2876,3867,0,0,0,1.0,1,1.0,1,1.0,1,0.24812079270120585,74
3672,1,6744,2877,3867,0,0,0,1.0,1,1.0,1,1.0,1,0.25857662511163726,75
3673,0,6744,2877,3867,0,0,0,1.0,1,1.0,1,1.0,1,0.25857662511163726,75
3674,2,6746,2879,3867,0,0,0,1.0,1,1.0,1,1.0,1,0.2734231746636374,75
3675,2,6748,2879,3869,0,0,0,1.0,1,1.0,1,1.0,1,0.25919884817019145,75
3676,9,6757,2880,3877,0,0,0,1.0,1,1.0,1,1.0,1,0.19232323869295456,75
3677,2,6759,2880,3879,0,0,0,1.0,1,1.0,1,1.0,1,0.18244079683945955,75
3678,0,6759,2880,3879,0,0,0,1.0,1,1.0,1,1.0,1,0.19169015451789934,77
3679,1,6760,2881,3879,0,0,0,1.0,1,1.0,1,1.0,1,0.21096894652471238,78
3680,2,6762,2881,3881,0,0,0,1.0,1,1.0,1,1.0,1,0.19234678031102193,80
3681,3,6765,2881,3884,0,0,0,1.0,1,1.0,1,1.0,1,0.1984120594798269,81
3682,1,6766,2881,3885,0,0,0,1.0,1,1.0,1,1.0,1,0.18578946357462908,81
3683,1,6767,2882,3885,0,0,0,1.0,1,1.0,1,1.0,1,0.19938113417433992,81
3684,0,6767,2882,3885,0,0,0,1.0,1,1.0,1,1.0,1,0.19938113417433992,81
3685,0,6767,2882,3885,0,0,0,1.0,1,1.0,1,1.0,1,0.19938113417433992,81
3686,0,6767,2882,3885,0,0,0,1.0,1,1.0,1,1.0,1,0.19938113417433992,81
3687,0,6767,2882,3885,0,0,0,1.0,1,1.0,1,1.0,1,0.19044808178865893,82
3688,0,6767,2882,3885,0,0,0,1.0,1,1.0,1,1.0,1,0.20302418726036361,84
3689,0,6767,2882,3885,0,0,0,1.0,1,1.0,1,1.0,1,0.20302418726036361,84
3690,2,6769,2883,3886,0,0,0,1.0,1,1.0,1,1.0,1,0.21089756320007394,85
3691,1,6770,2883,3887,0,0,0,1.0,1,1.0,1,1.0,1,0.19855724564481952,86
3692,0,6770,2883,3887,0,0,0,1.0,1,1.0,1,1.0,1,0.186537090073844,86
3693,1,6771,2883,3888,0,0,0,1.0,1,1.0,1,1.0,1,0.18223818050642726,86
3694,0,6771,2883,3888,0,0,0,1.0,1,1.0,1,1.0,1,0.18223818050642726,86
3695,1,6772,2884,3888,0,0,0,1.0,1,1.0,1,1.0,1,0.200410321650533,86
3696,0,6772,2884,3888,0,0,0,1.0,1,1.0,1,1.0,1,0.18751471625851704,87
3697,1,6773,2885,3888,0,0,0,1.0,1,1.0,1,1.0,1,0.17321574932554465,85
3698,1,6774,2886,3888,0,0,0,1.0,1,1.0,1,1.0,1,0.17858975600938043,85
3699,1,6775,2887,3888,0,0,0,1.0,1,1.0,1,1.0,1,0.1723147098052347,85
3700,2,6777,2889,3888,0,0,0,1.0,1,1.0,1,1.0,1,0.20181203140026613,84
3701,1,6778,2889,3889,0,0,0,1.0,1,1.0,1,1.0,1,0.198963580930949,85
3702,2,6780,2891,3889,0,0,0,1.0,1,1.0,1,1.0,1,0.215138875862302,85
3703,0,6780,2891,3889,0,0,0,1.0,1,1.0,1,1.0,1,0.215138875862302,85
3704,4,6784,2893,3891,0,0,0,1.0,1,1.0,1,1.0,1,0.2221628255383734,85
3705,1,6785,2893,3892,0,0,0,1.0,1,1.0,1,1.0,1,0.2087559428825382,86
3706,3,6788,2894,3894,0,0,0,1.0,1,1.0,1,1.0,1,0.19828573207002514,86
3707,5,6793,2896,3897,0,0,0,1.0,1,1.0,1,1.0,1,0.18599216760553228,85
3708,2,6795,2896,3899,0,0,0,1.0,1,1.0,1,1.0,1,0.1682505396219126,84
3709,0,6795,2896,3899,0,0,0,1.0,1,1.0,1,1.0,1,0.16872079071134344,85
3710,0,6795,2896,3899,0,0,0,1.0,1,1.0,1,1.0,1,0.1678862104658294,84
3711,1,6796,2896,3900,0,0,0,1.0,1,1.0,1,1.0,1,0.16092339186079516,85
3712,1,6797,2896,3901,0,0,0,1.0,1,1.0,1,1.0,1,0.1570017174553185,85
3713,0,6797,2896,3901,0,0,0,1.0,1,1.0,1,1.0,1,0.1570017174553185,85
3714,1,6798,2897,3901,0,0,0,1.0,1,1.0,1,1.0,1,0.1762739220058801,85
3715,1,6799,2898,3901,0,0,0,1.0,1,1.0,1,1.0,1,0.17434025676589227,85
3716,0,6799,2898,3901,0,0,0,1.0,1,1.0,1,1.0,1,0.183673148447871,84
3717,0,6799,2898,3901,0,0,0,1.0,1,1.0,1,1.0,1,0.18423496245976892,86
3718,0,6799,2898,3901,0,0,0,1.0,1,1.0,1,1.0,1,0.1956914417670754,85
3719,1,6800,2899,3901,0,0,0,1.0,1,1.0,1,1.0,1,0.19989710806152872,84
3720,2,6802,2899,3903,0,0,0,1.0,1,1.0,1,1.0,1,0.20780028254575583,84
3721,10,6812,2903,3909,0,0,0,1.0,1,1.0,1,1.0,1,0.19542701118391298,85
3722,1,6813,2903,3910,0,0,0,1.0,1,1.0,1,1.0,1,0.1894346754972554,85
3723,3,6816,2904,3912,0,0,0,1.0,1,1.0,1,1.0,1,0.18665943175719504,85
3724,0,6816,2904,3912,0,0,0,1.0,1,1.0,1,1.0,1,0.17908959772549451,86
3725,2,6818,2906,3912,0,0,0,1.0,1,1.0,1,1.0,1,0.18108170312008345,86
3726,0,6818,2906,3912,0,0,0,1.0,1,1.0,1,1.0,1,0.18108170312008345,86
3727,0,6818,2906,3912,0,0,0,1.0,1,1.0,1,1.0,1,0.18108170312008345,86
3728,0,6818,2906,3912,0,0,0,1.0,1,1.0,1,1.0,1,0.18108170312008345,86
3729,0,6818,2906,3912,0,0,0,1.0,1,1.0,1,1.0,1,0.18108170312008345,86
3730,1,6819,2907,3912,0,0,0,1.0,1,1.0,1,1.0,1,0.19159059723037752,85
3731,1,6820,2907,3913,0,0,0,1.0,1,1.0,1,1.0,1,0.19646456781029345,86
3732,2,6822,2908,3914,0,0,0,1.0,1,1.0,1,1.0,1,0.20473068011431944,87
3733,1,6823,2908,3915,0,0,0,1.0,1,1.0,1,1.0,1,0.18871082137013495,87
3734,0,6823,2908,3915,0,0,0,1.0,1,1.0,1,1.0,1,0.18871082137013495,87
3735,5,6828,2910,3918,0,0,0,1.0,1,1.0,1,1.0,1,0.18559985205598598,86
3736,2,6830,2910,3920,0,0,0,1.0,1,1.0,1,1.0,1,0.1622801250056087,87
3737,3,6833,2912,3921,0,0,0,1.0,1,1.0,1,1.0,1,0.19682256825651592,87
3738,1,6834,2913,3921,0,0,0,1.0,1,1.0,1,1.0,1,0.19807003262340822,87
3739,3,6837,2913,3924,0,0,0,1.0,1,1.0,1,1.0,1,0.1784011540239012,88
3740,3,6840,2914,3926,0,0,0,1.0,1,1.0,1,1.0,1,0.1805512459029232,87
3741,2,6842,2914,3928,0,0,0,1.0,1,1.0,1,1.0,1,0.17331353301804414,87
3742,3,6845,2915,3930,0,0,0,1.0,1,1.0,1,1.0,1,0.17950707486050582,86
3743,3,6848,2915,3933,0,0,0,1.0,1,1.0,1,1.0,1,0.18939527296233652,84
3744,5,6853,2918,3935,0,0,0,1.0,1,1.0,1,1.0,1,0.2107484114151477,83
3745,3,6856,2918,3938,0,0,0,1.0,1,1.0,1,1.0,1,0.19628511809226726,83
3746,2,6858,2918,3940,0,0,0,1.0,1,1.0,1,1.0,1,0.22197560650060152,83
3747,4,6862,2919,3943,0,0,0,1.0,1,1.0,1,1.0,1,0.2028806403366711,81
3748,4,6866,2919,3947,0,0,0,1.0,1,1.0,1,1.0,1,0.21233294503850822,81
3749,5,6871,2919,3952,0,0,0,1.0,1,1.0,1,1.0,1,0.18357726959519577,80
3750,0,6871,2919,3952,0,0,0,1.0,1,1.0,1,1.0,1,0.18721287152752672,79
3751,9,6880,2922,3958,0,0,0,1.0,1,1.0,1,1.0,1,0.16966581956563026,80
3752,2,6882,2923,3959,0,0,0,1.0,1,1.0,1,1.0,1,0.1814797661916435,80
3753,3,6885,2926,3959,0,0,0,1.0,1,1.0,1,1.0,1,0.20990369356593203,81
3754,5,6890,2927,3963,0,0,0,1.0,1,1.0,1,1.0,1,0.22773679301595717,81
3755,3,6893,2928,3965,0,0,0,1.0,1,1.0,1,1.0,1,0.21213023618126134,80
3756,2,6895,2930,3965,0,0,0,1.0,1,1.0,1,1.0,1,0.21395764503673584,79
3757,0,6895,2930,3965,0,0,0,1.0,1,1.0,1,1.0,1,0.22352613614506353,80
3758,0,6895,2930,3965,0,0,0,1.0,1,1.0,1,1.0,1,0.2313159029080494,79
3759,1,6896,2931,3965,0,0,0,1.0,1,1.0,1,1.0,1,0.24621332994719888,79
3760,0,6896,2931,3965,0,0,0,1.0,1,1.0,1,1.0,1,0.24621332994719888,79
3761,0,6896,2931,3965,0,0,0,1.0,1,1.0,1,1.0,1,0.2574138477591032,78
3762,3,6899,2931,3968,0,0,0,1.0,1,1.0,1,1.0,1,0.23385385810981188,80
3763,1,6900,2931,3969,0,0,0,1.0,1,1.0,1,1.0,1,0.2366127102199673,80
3764,3,6903,2933,3970,0,0,0,1.0,1,1.0,1,1.0,1,0.2617985171123468,80
3765,2,6905,2933,3972,0,0,0,1.0,1,1.0,1,1.0,1,0.27132987316484986,81
3766,8,6913,2935,3978,0,0,0,1.0,1,1.0,1,1.0,1,0.21197104760090665,83
3767,3,6916,2935,3981,0,0,0,1.0,1,1.0,1,1.0,1,0.19714419593916072,83
3768,2,6918,2936,3982,0,0,0,1.0,1,1.0,1,1.0,1,0.19135827699309024,84
3769,0,6918,2936,3982,0,0,0,1.0,1,1.0,1,1.0,1,0.17744500966549345,86
3770,0,6918,2936,3982,0,0,0,1.0,1,1.0,1,1.0,1,0.1800999842909159,87
3771,1,6919,2937,3982,0,0,0,1.0,1,1.0,1,1.0,1,0.1833206252930927,87
3772,0,6919,2937,3982,0,0,0,1.0,1,1.0,1,1.0,1,0.20184895788849255,88
3773,0,6919,2937,3982,0,0,0,1.0,1,1.0,1,1.0,1,0.2176608964067834,85
3774,5,6924,2938,3986,0,0,0,1.0,1,1.0,1,1.0,1,0.19060583728347502,85
3775,2,6926,2939,3987,0,0,0,1.0,1,1.0,1,1.0,1,0.21137899382197642,83
3776,3,6929,2940,3989,0,0,0,1.0,1,1.0,1,1.0,1,0.2239500293931768,82
3777,4,6933,2942,3991,0,0,0,1.0,1,1.0,1,1.0,1,0.23094067869014692,81
3778,2,6935,2942,3993,0,0,0,1.0,1,1.0,1,1.0,1,0.22544003694362497,81
3779,5,6940,2944,3996,0,0,0,1.0,1,1.0,1,1.0,1,0.24300292207684893,80
3780,2,6942,2945,3997,0,0,0,1.0,1,1.0,1,1.0,1,0.23940636652307687,80
3781,4,6946,2945,4001,0,0,0,1.0,1,1.0,1,1.0,1,0.2014815296960066,80
3782,0,6946,2945,4001,0,0,0,1.0,1,1.0,1,1.0,1,0.2014815296960066,80
3783,3,6949,2947,4002,0,0,0,1.0,1,1.0,1,1.0,1,0.21382928581609323,80
3784,1,6950,2947,4003,0,0,0,1.0,1,1.0,1,1.0,1,0.20753577185364702,79
3785,1,6951,2948,4003,0,0,0,1.0,1,1.0,1,1.0,1,0.2345277183646241,77
3786,3,6954,2951,4003,0,0,0,1.0,1,1.0,1,1.0,1,0.2244729767009295,78
3787,1,6955,2951,4004,0,0,0,1.0,1,1.0,1,1.0,1,0.20524300095952452,77
3788,1,6956,2951,4005,0,0,0,1.0,1,1.0,1,1.0,1,0.1985712822108289,78
3789,2,6958,2952,4006,0,0,0,1.0,1,1.0,1,1.0,1,0.2020429636020775,77
3790,1,6959,2953,4006,0,0,0,1.0,1,1.0,1,1.0,1,0.21718478800830243,77
3791,1,6960,2954,4006,0,0,0,1.0,1,1.0,1,1.0,1,0.22350595034507273,77
3792,0,6960,2954,4006,0,0,0,1.0,1,1.0,1,1.0,1,0.2081738974478144,78
3793,2,6962,2956,4006,0,0,0,1.0,1,1.0,1,1.0,1,0.21546970767474033,80
3794,0,6962,2956,4006,0,0,0,1.0,1,1.0,1,1.0,1,0.21284122350617138,82
3795,2,6964,2956,4008,0,0,0,1.0,1,1.0,1,1.0,1,0.20874344731753486,83
3796,2,6966,2956,4010,0,0,0,1.0,1,1.0,1,1.0,1,0.18859088718788886,83
3797,0,6966,2956,4010,0,0,0,1.0,1,1.0,1,1.0,1,0.19857704393233674,82
3798,1,6967,2956,4011,0,0,0,1.0,1,1.0,1,1.0,1,0.19709737426229818,82
3799,1,6968,2956,4012,0,0,0,1.0,1,1.0,1,1.0,1,0.19733622428411735,83
3800,5,6973,2956,4017,0,0,0,1.0,1,1.0,1,1.0,1,0.18848355218037757,83
3801,2,6975,2957,4018,0,0,0,1.0,1,1.0,1,1.0,1,0.19125230146502314,83
3802,1,6976,2957,4019,0,0,0,1.0,1,1.0,1,1.0,1,0.20136013542698927,82
3803,0,6976,2957,4019,0,0,0,1.0,1,1.0,1,1.0,1,0.19701157886520806,84
3804,0,6976,2957,4019,0,0,0,1.0,1,1.0,1,1.0,1,0.19701157886520806,84
3805,3,6979,2958,4021,0,0,0,1.0,1,1.0,1,1.0,1,0.22161692001562727,86
3806,3,6982,2960,4022,0,0,0,1.0,1,1.0,1,1.0,1,0.20634704768662698,86
3807,1,6983,2961,4022,0,0,0,1.0,1,1.0,1,1.0,1,0.2201898337585734,86
3808,1,6984,2962,4022,0,0,0,1.0,1,1.0,1,1.0,1,0.21567584573892787,85
3809,1,6985,2963,4022,0,0,0,1.0,1,1.0,1,1.0,1,0.23043107423828837,85
3810,1,6986,2964,4022,0,0,0,1.0,1,1.0,1,1.0,1,0.23648717917257125,85
3811,6,6992,2966,4026,0,0,0,1.0,1,1.0,1,1.0,1,0.19869505682567631,84
3812,2,6994,2966,4028,0,0,0,1.0,1,1.0,1,1.0,1,0.17789378081478174,83
3813,0,6994,2966,4028,0,0,0,1.0,1,1.0,1,1.0,1,0.16064585948607324,82
3814,2,6996,2968,4028,0,0,0,1.0,1,1.0,1,1.0,1,0.17303623830497722,81
3815,1,6997,2968,4029,0,0,0,1.0,1,1.0,1,1.0,1,0.15227477373578396,82
3816,2,6999,2969,4030,0,0,0,1.0,1,1.0,1,1.0,1,0.14347876586395245,81
3817,0,6999,2969,4030,0,0,0,1.0,1,1.0,1,1.0,1,0.14347876586395245,81
3818,2,7001,2970,4031,0,0,0,1.0,1,1.0,1,1.0,1,0.15422625743136906,81
3819,1,7002,2971,4031,0,0,0,1.0,1,1.0,1,1.0,1,0.18049224544042866,82
3820,2,7004,2971,4033,0,0,0,1.0,1,1.0,1,1.0,1,0.17020924011164876,84
3821,4,7008,2974,4034,0,0,0,1.0,1,1.0,1,1.0,1,0.22300564612713222,84
3822,1,7009,2974,4035,0,0,0,1.0,1,1.0,1,1.0,1,0.20773676820033116,82
3823,3,7012,2977,4035,0,0,0,1.0,1,1.0,1,1.0,1,0.2122765135907376,81
3824,0,7012,2977,4035,0,0,0,1.0,1,1.0,1,1.0,1,0.21873034342975325,78
3825,1,7013,2977,4036,0,0,0,1.0,1,1.0,1,1.0,1,0.2303582542468249,76
3826,6,7019,2978,4041,0,0,0,1.0,1,1.0,1,1.0,1,0.2233686045144468,76
3827,6,7025,2980,4045,0,0,0,1.0,1,1.0,1,1.0,1,0.1963199314881407,75
3828,2,7027,2981,4046,0,0,0,1.0,1,1.0,1,1.0,1,0.20301890768887854,74
3829,3,7030,2983,4047,0,0,0,1.0,1,1.0,1,1.0,1,0.23096943023409924,74
3830,2,7032,2985,4047,0,0,0,1.0,1,1.0,1,1.0,1,0.22258560989204437,74
3831,3,7035,2987,4048,0,0,0,1.0,1,1.0,1,1.0,1,0.2554392700857262,74
3832,1,7036,2987,4049,0,0,0,1.0,1,1.0,1,1.0,1,0.26055257488046524,73
3833,2,7038,2987,4051,0,0,0,1.0,1,1.0,1,1.0,1,0.2617546880397459,73
3834,1,7039,2987,4052,0,0,0,1.0,1,1.0,1,1.0,1,0.2644044440127032,74
3835,1,7040,2988,4052,0,0,0,1.0,1,1.0,1,1.0,1,0.2899145816606901,75
3836,1,7041,2988,4053,0,0,0,1.0,1,1.0,1,1.0,1,0.29019139602087646,75
3837,5,7046,2989,4057,0,0,0,1.0,1,1.0,1,1.0,1,0.30519033017951036,78
3838,2,7048,2990,4058,0,0,0,1.0,1,1.0,1,1.0,1,0.3075446796792028,78
3839,1,7049,2990,4059,0,0,0,1.0,1,1.0,1,1.0,1,0.30854520972890426,79
3840,4,7053,2991,4062,0,0,0,1.0,1,1.0,1,1.0,1,0.3150536057163631,82
3841,10,7063,2991,4072,0,0,0,1.0,1,1.0,1,1.0,1,0.21419144955612585,82
3842,1,7064,2991,4073,0,0,0,1.0,1,1.0,1,1.0,1,0.20955779677819228,82
3843,1,7065,2991,4074,0,0,0,1.0,1,1.0,1,1.0,1,0.19137693857588176,82
3844,0,7065,2991,4074,0,0,0,1.0,1,1.0,1,1.0,1,0.18874273702323888,83
3845,0,7065,2991,4074,0,0,0,1.0,1,1.0,1,1.0,1,0.18926392919263693,84
3846,2,7067,2991,4076,0,0,0,1.0,1,1.0,1,1.0,1,0.17316233684396182,85
3847,0,7067,2991,4076,0,0,0,1.0,1,1.0,1,1.0,1,0.18504348425985023,84
3848,3,7070,2994,4076,0,0,0,1.0,1,1.0,1,1.0,1,0.2042436667595379,84
3849,0,7070,2994,4076,0,0,0,1.0,1,1.0,1,1.0,1,0.19610488746407428,83
3850,2,7072,2994,4078,0,0,0,1.0,1,1.0,1,1.0,1,0.20283091466496425,80
3851,0,7072,2994,4078,0,0,0,1.0,1,1.0,1,1.0,1,0.20283091466496425,80
3852,0,7072,2994,4078,0,0,0,1.0,1,1.0,1,1.0,1,0.2200250723265143,79
3853,1,7073,2995,4078,0,0,0,1.0,1,1.0,1,1.0,1,0.23281426913196873,79
3854,2,7075,2997,4078,0,0,0,1.0,1,1.0,1,1.0,1,0.2617372636551535,78
3855,2,7077,2998,4079,0,0,0,1.0,1,1.0,1,1.0,1,0.272949658460163,78
3856,5,7082,2999,4083,0,0,0,1.0,1,1.0,1,1.0,1,0.2531482854075435,80
3857,1,7083,2999,4084,0,0,0,1.0,1,1.0,1,1.0,1,0.23360677155110043,81
3858,1,7084,3000,4084,0,0,0,1.0,1,1.0,1,1.0,1,0.23893186935950383,81
3859,1,7085,3000,4085,0,0,0,1.0,1,1.0,1,1.0,1,0.2413268084721855,83
3860,2,7087,3001,4086,0,0,0,1.0,1,1.0,1,1.0,1,0.2594484528927893,82
3861,4,7091,3002,4089,0,0,0,1.0,1,1.0,1,1.0,1,0.2828646982951969,84
3862,3,7094,3004,4090,0,0,0,1.0,1,1.0,1,1.0,1,0.29954716330329667,85
3863,5,7099,3004,4095,0,0,0,1.0,1,1.0,1,1.0,1,0.27454466656382814,84
3864,3,7102,3005,4097,0,0,0,1.0,1,1.0,1,1.0,1,0.2664244152535831,83
3865,1,7103,3006,4097,0,0,0,1.0,1,1.0,1,1.0,1,0.26921394917196506,82
3866,2,7105,3007,4098,0,0,0,1.0,1,1.0,1,1.0,1,0.27045001715892447,81
3867,5,7110,3010,4100,0,0,0,1.0,1,1.0,1,1.0,1,0.2660937630110189,81
3868,2,7112,3012,4100,0,0,0,1.0,1,1.0,1,1.0,1,0.2755886682203875,81
3869,2,7114,3013,4101,0,0,0,1.0,1,1.0,1,1.0,1,0.28270030741601027,81
3870,0,7114,3013,4101,0,0,0,1.0,1,1.0,1,1.0,1,0.26861468026307955,80
3871,12,7126,3017,4109,0,0,0,1.0,1,1.0,1,1.0,1,0.17160357912686128,82
3872,0,7126,3017,4109,0,0,0,1.0,1,1.0,1,1.0,1,0.16827264516379847,81
3873,1,7127,3017,4110,0,0,0,1.0,1,1.0,1,1.0,1,0.16119937642244286,81
3874,4,7131,3019,4112,0,0,0,1.0,1,1.0,1,1.0,1,0.14611421959913676,78
3875,0,7131,3019,4112,0,0,0,1.0,1,1.0,1,1.0,1,0.1457052169837777,77
3876,3,7134,3021,4113,0,0,0,1.0,1,1.0,1,1.0,1,0.13345901616347003,78
3877,1,7135,3021,4114,0,0,0,1.0,1,1.0,1,1.0,1,0.12865742973945535,75
3878,2,7137,3022,4115,0,0,0,1.0,1,1.0,1,1.0,1,0.12861578631159534,75
3879,0,7137,3022,4115,0,0,0,1.0,1,1.0,1,1.0,1,0.15525783260948714,73
3880,0,7137,3022,4115,0,0,0,1.0,1,1.0,1,1.0,1,0.14361777304231177,74
3881,2,7139,3023,4116,0,0,0,1.0,1,1.0,1,1.0,1,0.14679141611310437,75
3882,1,7140,3023,4117,0,0,0,1.0,1,1.0,1,1.0,1,0.14738420715403538,76
3883,0,7140,3023,4117,0,0,0,1.0,1,1.0,1,1.0,1,0.14645491748218475,77
3884,2,7142,3023,4119,0,0,0,1.0,1,1.0,1,1.0,1,0.14493984858252648,78
3885,0,7142,3023,4119,0,0,0,1.0,1,1.0,1,1.0,1,0.14493984858252648,78
3886,7,7149,3025,4124,0,0,0,1.0,1,1.0,1,1.0,1,0.12304852469604804,79
3887,2,7151,3026,4125,0,0,0,1.0,1,1.0,1,1.0,1,0.11689246681640797,78
3888,4,7155,3028,4127,0,0,0,1.0,1,1.0,1,1.0,1,0.16273244330876488,80
3889,6,7161,3029,4132,0,0,0,1.0,1,1.0,1,1.0,1,0.15159700221914107,82
3890,4,7165,3030,4135,0,0,0,1.0,1,1.0,1,1.0,1,0.15526660512376725,82
3891,3,7168,3031,4137,0,0,0,1.0,1,1.0,1,1.0,1,0.17196487278472578,85
3892,3,7171,3033,4138,0,0,0,1.0,1,1.0,1,1.0,1,0.20199828261310018,87
3893,2,7173,3034,4139,0,0,0,1.0,1,1.0,1,1.0,1,0.19674477139029475,86
3894,1,7174,3034,4140,0,0,0,1.0,1,1.0,1,1.0,1,0.1995859508329658,87
3895,3,7177,3035,4142,0,0,0,1.0,1,1.0,1,1.0,1,0.21217933942476394,87
3896,6,7183,3035,4148,0,0,0,1.0,1,1.0,1,1.0,1,0.22382653012757986,85
3897,7,7190,3037,4153,0,0,0,1.0,1,1.0,1,1.0,1,0.1991965032713327,85
3898,7,7197,3037,4160,0,0,0,1.0,1,1.0,1,1.0,1,0.20945266819278593,86
3899,5,7202,3038,4164,0,0,0,1.0,1,1.0,1,1.0,1,0.20899101615334476,86
3900,5,7207,3038,4169,0,0,0,1.0,1,1.0,1,1.0,1,0.20559004178781706,86
3901,4,7211,3038,4173,0,0,0,1.0,1,1.0,1,1.0,1,0.18353660262520863,86
3902,1,7212,3039,4173,0,0,0,1.0,1,1.0,1,1.0,1,0.18389349364215138,87
3903,1,7213,3039,4174,0,0,0,1.0,1,1.0,1,1.0,1,0.16965974666489847,87
3904,1,7214,3040,4174,0,0,0,1.0,1,1.0,1,1.0,1,0.17662747502828702,85
3905,0,7214,3040,4174,0,0,0,1.0,1,1.0,1,1.0,1,0.18227175727103942,84
3906,3,7217,3041,4176,0,0,0,1.0,1,1.0,1,1.0,1,0.17288109545731586,86
3907,2,7219,3042,4177,0,0,0,1.0,1,1.0,1,1.0,1,0.17564583155440858,84
3908,0,7219,3042,4177,0,0,0,1.0,1,1.0,1,1.0,1,0.17321246461441875,83
3909,2,7221,3043,4178,0,0,0,1.0,1,1.0,1,1.0,1,0.18352381103778143,81
3910,3,7224,3045,4179,0,0,0,1.0,1,1.0,1,1.0,1,0.1603633986129502,82
3911,2,7226,3047,4179,0,0,0,1.0,1,1.0,1,1.0,1,0.174978442972668,81
3912,1,7227,3047,4180,0,0,0,1.0,1,1.0,1,1.0,1,0.16722649918029991,80
3913,3,7230,3050,4180,0,0,0,1.0,1,1.0,1,1.0,1,0.19195706718329036,80
3914,2,7232,3051,4181,0,0,0,1.0,1,1.0,1,1.0,1,0.19786301224723446,81
3915,3,7235,3053,4182,0,0,0,1.0,1,1.0,1,1.0,1,0.22294678304914187,81
3916,8,7243,3056,4187,0,0,0,1.0,1,1.0,1,1.0,1,0.20639787766919435,81
3917,2,7245,3057,4188,0,0,0,1.0,1,1.0,1,1.0,1,0.20410635205101477,82
3918,11,7256,3058,4198,0,0,0,1.0,1,1.0,1,1.0,1,0.17516341290957788,85
3919,3,7259,3059,4200,0,0,0,1.0,1,1.0,1,1.0,1,0.18139790094269498,85
3920,2,7261,3060,4201,0,0,0,1.0,1,1.0,1,1.0,1,0.18430426738288042,85
3921,2,7263,3060,4203,0,0,0,1.0,1,1.0,1,1.0,1,0.17403451958873142,88
3922,2,7265,3061,4204,0,0,0,1.0,1,1.0,1,1.0,1,0.16765187231664133,88
3923,7,7272,3062,4210,0,0,0,1.0,1,1.0,1,1.0,1,0.14898145794917583,89
3924,2,7274,3062,4212,0,0,0,1.0,1,1.0,1,1.0,1,0.14902641218231538,90
3925,1,7275,3063,4212,0,0,0,1.0,1,1.0,1,1.0,1,0.14531656859027678,88
3926,0,7275,3063,4212,0,0,0,1.0,1,1.0,1,1.0,1,0.14767399325268846,89
3927,4,7279,3063,4216,0,0,0,1.0,1,1.0,1,1.0,1,0.15272384620806426,89
3928,2,7281,3063,4218,0,0,0,1.0,1,1.0,1,1.0,1,0.14998523648361756,88
3929,1,7282,3063,4219,0,0,0,1.0,1,1.0,1,1.0,1,0.1605872065675381,88
3930,1,7283,3063,4220,0,0,0,1.0,1,1.0,1,1.0,1,0.16230664702384306,87
3931,4,7287,3064,4223,0,0,0,1.0,1,1.0,1,1.0,1,0.14618614354511422,86
3932,1,7288,3065,4223,0,0,0,1.0,1,1.0,1,1.0,1,0.15343481814915857,85
3933,1,7289,3066,4223,0,0,0,1.0,1,1.0,1,1.0,1,0.16507893370839924,84
3934,0,7289,3066,4223,0,0,0,1.0,1,1.0,1,1.0,1,0.17878256465279363,85
3935,2,7291,3068,4223,0,0,0,1.0,1,1.0,1,1.0,1,0.206336649403049,84
3936,0,7291,3068,4223,0,0,0,1.0,1,1.0,1,1.0,1,0.2004548996264912,84
3937,2,7293,3068,4225,0,0,0,1.0,1,1.0,1,1.0,1,0.17520244337596652,82
3938,0,7293,3068,4225,0,0,0,1.0,1,1.0,1,1.0,1,0.17520244337596652,82
3939,1,7294,3069,4225,0,0,0,1.0,1,1.0,1,1.0,1,0.16519503926855197,84
3940,2,7296,3070,4226,0,0,0,1.0,1,1.0,1,1.0,1,0.15396145875437406,84
3941,1,7297,3071,4226,0,0,0,1.0,1,1.0,1,1.0,1,0.14055620893514567,85
3942,4,7301,3075,4226,0,0,0,1.0,1,1.0,1,1.0,1,0.19193303310284765,85
3943,3,7304,3076,4228,0,0,0,1.0,1,1.0,1,1.0,1,0.16398740352766072,84
3944,6,7310,3078,4232,0,0,0,1.0,1,1.0,1,1.0,1,0.17183215872314234,83
3945,1,7311,3079,4232,0,0,0,1.0,1,1.0,1,1.0,1,0.18000567421196403,83
3946,9,7320,3080,4240,0,0,0,1.0,1,1.0,1,1.0,1,0.14113773604538107,83
3947,0,7320,3080,4240,0,0,0,1.0,1,1.0,1,1.0,1,0.14113773604538107,83
3948,2,7322,3081,4241,0,0,0,1.0,1,1.0,1,1.0,1,0.1637633192220161,84
3949,0,7322,3081,4241,0,0,0,1.0,1,1.0,1,1.0,1,0.1822391473000212,84
3950,1,7323,3082,4241,0,0,0,1.0,1,1.0,1,1.0,1,0.1876720951570137,86
3951,2,7325,3082,4243,0,0,0,1.0,1,1.0,1,1.0,1,0.18982618474482071,87
3952,2,7327,3083,4244,0,0,0,1.0,1,1.0,1,1.0,1,0.1905140603460138,86
3953,2,7329,3084,4245,0,0,0,1.0,1,1.0,1,1.0,1,0.21656712062134437,86
3954,2,7331,3084,4247,0,0,0,1.0,1,1.0,1,1.0,1,0.20107722765820715,85
3955,3,7334,3084,4250,0,0,0,1.0,1,1.0,1,1.0,1,0.19413670124229537,85
3956,1,7335,3084,4251,0,0,0,1.0,1,1.0,1,1.0,1,0.18911626356885533,84
3957,0,7335,3084,4251,0,0,0,1.0,1,1.0,1,1.0,1,0.19495292078399964,85
3958,1,7336,3085,4251,0,0,0,1.0,1,1.0,1,1.0,1,0.1992896154587376,84
3959,0,7336,3085,4251,0,0,0,1.0,1,1.0,1,1.0,1,0.2091164595627525,83
3960,1,7337,3086,4251,0,0,0,1.0,1,1.0,1,1.0,1,0.2205137447119851,84
3961,9,7346,3087,4259,0,0,0,1.0,1,1.0,1,1.0,1,0.18040434346902834,83
3962,1,7347,3087,4260,0,0,0,1.0,1,1.0,1,1.0,1,0.16686314993758697,84
3963,3,7350,3088,4262,0,0,0,1.0,1,1.0,1,1.0,1,0.15134295786030713,81
3964,1,7351,3089,4262,0,0,0,1.0,1,1.0,1,1.0,1,0.17010166799800597,81
3965,2,7353,3089,4264,0,0,0,1.0,1,1.0,1,1.0,1,0.16186742845054194,81
3966,1,7354,3090,4264,0,0,0,1.0,1,1.0,1,1.0,1,0.18615051791441947,79
3967,3,7357,3091,4266,0,0,0,1.0,1,1.0,1,1.0,1,0.1823868611551298,81
3968,0,7357,3091,4266,0,0,0,1.0,1,1.0,1,1.0,1,0.21031844552875903,79
3969,5,7362,3095,4267,0,0,0,1.0,1,1.0,1,1.0,1,0.2530936583559182,79
3970,2,7364,3096,4268,0,0,0,1.0,1,1.0,1,1.0,1,0.24224776033308487,78
3971,1,7365,3097,4268,0,0,0,1.0,1,1.0,1,1.0,1,0.25559322946156804,77
3972,1,7366,3098,4268,0,0,0,1.0,1,1.0,1,1.0,1,0.2554330240510747,78
3973,0,7366,3098,4268,0,0,0,1.0,1,1.0,1,1.0,1,0.25374619912254787,77
3974,0,7366,3098,4268,0,0,0,1.0,1,1.0,1,1.0,1,0.25374619912254787,77
3975,1,7367,3099,4268,0,0,0,1.0,1,1.0,1,1.0,1,0.2756511262385041,76
3976,5,7372,3099,4273,0,0,0,1.0,1,1.0,1,1.0,1,0.24183093082697435,77
3977,1,7373,3099,4274,0,0,0,1.0,1,1.0,1,1.0,1,0.2417785880261239,78
3978,3,7376,3100,4276,0,0,0,1.0,1,1.0,1,1.0,1,0.2510247841185855,79
3979,1,7377,3100,4277,0,0,0,1.0,1,1.0,1,1.0,1,0.24547836532885647,79
3980,0,7377,3100,4277,0,0,0,1.0,1,1.0,1,1.0,1,0.24547836532885647,79
3981,4,7381,3102,4279,0,0,0,1.0,1,1.0,1,1.0,1,0.2513744030817312,83
3982,2,7383,3103,4280,0,0,0,1.0,1,1.0,1,1.0,1,0.24593312758886113,83
3983,2,7385,3105,4280,0,0,0,1.0,1,1.0,1,1.0,1,0.2421564525070707,82
3984,11,7396,3107,4289,0,0,0,1.0,1,1.0,1,1.0,1,0.21432485343171945,83
3985,2,7398,3108,4290,0,0,0,1.0,1,1.0,1,1.0,1,0.2114995971711181,84
3986,2,7400,3109,4291,0,0,0,1.0,1,1.0,1,1.0,1,0.2205354730238092,83
3987,3,7403,3110,4293,0,0,0,1.0,1,1.0,1,1.0,1,0.23386638628941006,82
3988,2,7405,3110,4295,0,0,0,1.0,1,1.0,1,1.0,1,0.23536458425016563,83
3989,4,7409,3110,4299,0,0,0,1.0,1,1.0,1,1.0,1,0.24748470043743337,81
3990,6,7415,3111,4304,0,0,0,1.0,1,1.0,1,1.0,1,0.23932380173155898,81
3991,11,7426,3112,4314,0,0,0,1.0,1,1.0,1,1.0,1,0.17117431942836928,79
3992,2,7428,3112,4316,0,0,0,1.0,1,1.0,1,1.0,1,0.15765819413882567,81
3993,1,7429,3112,4317,0,0,0,1.0,1,1.0,1,1.0,1,0.161922867431593,80
3994,1,7430,3112,4318,0,0,0,1.0,1,1.0,1,1.0,1,0.148420787073564,80
3995,1,7431,3113,4318,0,0,0,1.0,1,1.0,1,1.0,1,0.14608670190880502,81
3996,0,7431,3113,4318,0,0,0,1.0,1,1.0,1,1.0,1,0.17456164650716605,80
3997,1,7432,3113,4319,0,0,0,1.0,1,1.0,1,1.0,1,0.1682255835294443,81
3998,1,7433,3114,4319,0,0,0,1.0,1,1.0,1,1.0,1,0.16231632551531444,82
3999,2,7435,3115,4320,0,0,0,1.0,1,1.0,1,1.0,1,0.15529257859311235,82
4000,4,7439,3118,4321,0,0,0,1.0,1,1.0,1,1.0,1,0.1676283048995467,82
4001,2,7441,3119,4322,0,0,0,1.0,1,1.0,1,1.0,1,0.1623799824348732,81
4002,2,7443,3121,4322,0,0,0,1.0,1,1.0,1,1.0,1,0.16334607928250972,81
4003,0,7443,3121,4322,0,0,0,1.0,1,1.0,1,1.0,1,0.1657962802043564,81
4004,2,7445,3123,4322,0,0,0,1.0,1,1.0,1,1.0,1,0.1608045503445458,80
4005,3,7448,3124,4324,0,0,0,1.0,1,1.0,1,1.0,1,0.13819695942269888,78
4006,3,7451,3125,4326,0,0,0,1.0,1,1.0,1,1.0,1,0.10440001587090823,76
4007,1,7452,3126,4326,0,0,0,1.0,1,1.0,1,1.0,1,0.1259111779674861,75
4008,2,7454,3127,4327,0,0,0,1.0,1,1.0,1,1.0,1,0.150769466901519,74
4009,2,7456,3129,4327,0,0,0,1.0,1,1.0,1,1.0,1,0.21705067076044723,75
4010,3,7459,3129,4330,0,0,0,1.0,1,1.0,1,1.0,1,0.217035214404542,75
4011,2,7461,3131,4330,0,0,0,1.0,1,1.0,1,1.0,1,0.2199150366813178,74
4012,3,7464,3132,4332,0,0,0,1.0,1,1.0,1,1.0,1,0.20762590755753552,74
4013,1,7465,3133,4332,0,0,0,1.0,1,1.0,1,1.0,1,0.20650550563728154,74
4014,1,7466,3134,4332,0,0,0,1.0,1,1.0,1,1.0,1,0.23949250314602014,73
4015,2,7468,3134,4334,0,0,0,1.0,1,1.0,1,1.0,1,0.24015222253457214,74
4016,2,7470,3135,4335,0,0,0,1.0,1,1.0,1,1.0,1,0.2675636836480303,74
4017,7,7477,3135,4342,0,0,0,1.0,1,1.0,1,1.0,1,0.2510712201914535,78
4018,4,7481,3135,4346,0,0,0,1.0,1,1.0,1,1.0,1,0.2588194540793775,78
4019,3,7484,3136,4348,0,0,0,1.0,1,1.0,1,1.0,1,0.262316292204008,78
4020,4,7488,3136,4352,0,0,0,1.0,1,1.0,1,1.0,1,0.26602821206521243,78
4021,5,7493,3136,4357,0,0,0,1.0,1,1.0,1,1.0,1,0.21846124129052713,78
4022,1,7494,3136,4358,0,0,0,1.0,1,1.0,1,1.0,1,0.19806996737029345,79
4023,1,7495,3136,4359,0,0,0,1.0,1,1.0,1,1.0,1,0.19703542286656003,78
4024,1,7496,3137,4359,0,0,0,1.0,1,1.0,1,1.0,1,0.23202237327835304,77
4025,1,7497,3138,4359,0,0,0,1.0,1,1.0,1,1.0,1,0.26118486135020397,76
4026,2,7499,3139,4360,0,0,0,1.0,1,1.0,1,1.0,1,0.2374587486971487,76
4027,5,7504,3143,4361,0,0,0,1.0,1,1.0,1,1.0,1,0.2417025919740177,75
4028,4,7508,3144,4364,0,0,0,1.0,1,1.0,1,1.0,1,0.2080923024901473,76
4029,1,7509,3145,4364,0,0,0,1.0,1,1.0,1,1.0,1,0.21587070189202395,75
4030,2,7511,3146,4365,0,0,0,1.0,1,1.0,1,1.0,1,0.21385503715758947,74
4031,4,7515,3149,4366,0,0,0,1.0,1,1.0,1,1.0,1,0.2453586729922793,73
4032,1,7516,3149,4367,0,0,0,1.0,1,1.0,1,1.0,1,0.25663472550783745,71
4033,0,7516,3149,4367,0,0,0,1.0,1,1.0,1,1.0,1,0.2469823559021823,73
4034,4,7520,3153,4367,0,0,0,1.0,1,1.0,1,1.0,1,0.2073967647657492,72
4035,0,7520,3153,4367,0,0,0,1.0,1,1.0,1,1.0,1,0.22623698590350266,71
4036,9,7529,3156,4373,0,0,0,1.0,1,1.0,1,1.0,1,0.1385327391047554,71
4037,0,7529,3156,4373,0,0,0,1.0,1,1.0,1,1.0,1,0.1423949624393296,70
4038,2,7531,3158,4373,0,0,0,1.0,1,1.0,1,1.0,1,0.15721317170878174,69
4039,1,7532,3159,4373,0,0,0,1.0,1,1.0,1,1.0,1,0.17954903794163266,68
4040,4,7536,3162,4374,0,0,0,1.0,1,1.0,1,1.0,1,0.20344059350717625,69
4041,3,7539,3163,4376,0,0,0,1.0,1,1.0,1,1.0,1,0.24388803385781235,67
4042,3,7542,3163,4379,0,0,0,1.0,1,1.0,1,1.0,1,0.2872354129723706,67
4043,6,7548,3164,4384,0,0,0,1.0,1,1.0,1,1.0,1,0.3255416515375607,66
4044,3,7551,3165,4386,0,0,0,1.0,1,1.0,1,1.0,1,0.34950415466313073,65
4045,4,7555,3165,4390,0,0,0,1.0,1,1.0,1,1.0,1,0.3493294758815667,66
4046,4,7559,3165,4394,0,0,0,1.0,1,1.0,1,1.0,1,0.3620523256373994,68
4047,12,7571,3165,4406,0,0,0,1.0,1,1.0,1,1.0,1,0.35028716004218274,68
4048,5,7576,3165,4411,0,0,0,1.0,1,1.0,1,1.0,1,0.36454735851759373,69
4049,6,7582,3165,4417,0,0,0,1.0,1,1.0,1,1.0,1,0.37172706601559796,69
4050,4,7586,3165,4421,0,0,0,1.0,1,1.0,1,1.0,1,0.38325666007958054,69
4051,7,7593,3165,4428,0,0,0,1.0,1,1.0,1,1.0,1,0.3059806565978285,69
4052,1,7594,3165,4429,0,0,0,1.0,1,1.0,1,1.0,1,0.2929012481799782,69
4053,0,7594,3165,4429,0,0,0,1.0,1,1.0,1,1.0,1,0.2929012481799782,69
4054,2,7596,3166,4430,0,0,0,1.0,1,1.0,1,1.0,1,0.2946132928112976,70
4055,1,7597,3166,4431,0,0,0,1.0,1,1.0,1,1.0,1,0.2692174800157611,70
4056,0,7597,3166,4431,0,0,0,1.0,1,1.0,1,1.0,1,0.2692174800157611,70
4057,1,7598,3166,4432,0,0,0,1.0,1,1.0,1,1.0,1,0.25221069311507094,71
4058,0,7598,3166,4432,0,0,0,1.0,1,1.0,1,1.0,1,0.25221069311507094,71
4059,2,7600,3167,4433,0,0,0,1.0,1,1.0,1,1.0,1,0.24417919456439535,72
4060,3,7603,3167,4436,0,0,0,1.0,1,1.0,1,1.0,1,0.22769635582719402,71
4061,1,7604,3167,4437,0,0,0,1.0,1,1.0,1,1.0,1,0.22976089356420512,72
4062,1,7605,3168,4437,0,0,0,1.0,1,1.0,1,1.0,1,0.23011783376626235,72
4063,3,7608,3169,4439,0,0,0,1.0,1,1.0,1,1.0,1,0.21207872563752803,72
4064,8,7616,3171,4445,0,0,0,1.0,1,1.0,1,1.0,1,0.1972678289350389,71
4065,3,7619,3172,4447,0,0,0,1.0,1,1.0,1,1.0,1,0.1793394393107216,70
4066,5,7624,3174,4450,0,0,0,1.0,1,1.0,1,1.0,1,0.18795010779156396,70
4067,0,7624,3174,4450,0,0,0,1.0,1,1.0,1,1.0,1,0.16364661829979107,68
4068,4,7628,3176,4452,0,0,0,1.0,1,1.0,1,1.0,1,0.1813067915718158,70
4069,2,7630,3177,4453,0,0,0,1.0,1,1.0,1,1.0,1,0.17352524834813612,68
4070,1,7631,3178,4453,0,0,0,1.0,1,1.0,1,1.0,1,0.17305459323889175,67
4071,1,7632,3178,4454,0,0,0,1.0,1,1.0,1,1.0,1,0.1907715172567768,68
4072,4,7636,3180,4456,0,0,0,1.0,1,1.0,1,1.0,1,0.15973084019899425,70
4073,5,7641,3184,4457,0,0,0,1.0,1,1.0,1,1.0,1,0.1603187548132546,70
4074,7,7648,3190,4458,0,0,0,1.0,1,1.0,1,1.0,1,0.18383229271533894,71
4075,4,7652,3194,4458,0,0,0,1.0,1,1.0,1,1.0,1,0.17828386126141643,72
4076,4,7656,3196,4460,0,0,0,1.0,1,1.0,1,1.0,1,0.2011861919967062,73
4077,4,7660,3198,4462,0,0,0,1.0,1,1.0,1,1.0,1,0.23765830269620222,72
4078,4,7664,3200,4464,0,0,0,1.0,1,1.0,1,1.0,1,0.26477526095886084,71
4079,3,7667,3200,4467,0,0,0,1.0,1,1.0,1,1.0,1,0.2554835934829401,69
4080,3,7670,3201,4469,0,0,0,1.0,1,1.0,1,1.0,1,0.26461120037142294,67
4081,4,7674,3201,4473,0,0,0,1.0,1,1.0,1,1.0,1,0.21442711841592682,66
4082,1,7675,3201,4474,0,0,0,1.0,1,1.0,1,1.0,1,0.23580716389095394,65
4083,1,7676,3202,4474,0,0,0,1.0,1,1.0,1,1.0,1,0.2485850181287203,64
4084,3,7679,3203,4476,0,0,0,1.0,1,1.0,1,1.0,1,0.2562640371530679,64
4085,2,7681,3203,4478,0,0,0,1.0,1,1.0,1,1.0,1,0.21585574518970635,65
4086,2,7683,3204,4479,0,0,0,1.0,1,1.0,1,1.0,1,0.21087872583005468,66
4087,1,7684,3205,4479,0,0,0,1.0,1,1.0,1,1.0,1,0.20691106404805382,66
4088,0,7684,3205,4479,0,0,0,1.0,1,1.0,1,1.0,1,0.2429820295629599,65
4089,0,7684,3205,4479,0,0,0,1.0,1,1.0,1,1.0,1,0.2429820295629599,65
4090,0,7684,3205,4479,0,0,0,1.0,1,1.0,1,1.0,1,0.2496867426693552,65
4091,0,7684,3205,4479,0,0,0,1.0,1,1.0,1,1.0,1,0.2496867426693552,65
4092,0,7684,3205,4479,0,0,0,1.0,1,1.0,1,1.0,1,0.26183767504785865,64
4093,1,7685,3205,4480,0,0,0,1.0,1,1.0,1,1.0,1,0.24569449539340277,66
4094,3,7688,3207,4481,0,0,0,1.0,1,1.0,1,1.0,1,0.26750753205449873,65
4095,6,7694,3211,4483,0,0,0,1.0,1,1.0,1,1.0,1,0.24296168834718307,65
4096,3,7697,3211,4486,0,0,0,1.0,1,1.0,1,1.0,1,0.19422357411990804,67
4097,2,7699,3213,4486,0,0,0,1.0,1,1.0,1,1.0,1,0.1992051171449471,67
4098,3,7702,3215,4487,0,0,0,1.0,1,1.0,1,1.0,1,0.2251847442690751,68
4099,2,7704,3216,4488,0,0,0,1.0,1,1.0,1,1.0,1,0.21425497904919627,69
4100,1,7705,3217,4488,0,0,0,1.0,1,1.0,1,1.0,1,0.22603582884830434,70
4101,2,7707,3218,4489,0,0,0,1.0,1,1.0,1,1.0,1,0.23614353395288412,71
4102,1,7708,3219,4489,0,0,0,1.0,1,1.0,1,1.0,1,0.21867383933014722,71
4103,4,7712,3222,4490,0,0,0,1.0,1,1.0,1,1.0,1,0.19690585054544632,71
4104,1,7713,3223,4490,0,0,0,1.0,1,1.0,1,1.0,1,0.2230010270026048,69
4105,1,7714,3224,4490,0,0,0,1.0,1,1.0,1,1.0,1,0.2428816386015131,67
4106,1,7715,3225,4490,0,0,0,1.0,1,1.0,1,1.0,1,0.247283684814673,68
4107,2,7717,3225,4492,0,0,0,1.0,1,1.0,1,1.0,1,0.2143381673512896,70
4108,0,7717,3225,4492,0,0,0,1.0,1,1.0,1,1.0,1,0.21225749591633578,70
4109,0,7717,3225,4492,0,0,0,1.0,1,1.0,1,1.0,1,0.22062726807246089,69
4110,1,7718,3226,4492,0,0,0,1.0,1,1.0,1,1.0,1,0.21521741412132359,71
4111,7,7725,3226,4499,0,0,0,1.0,1,1.0,1,1.0,1,0.12852866926724252,70
4112,2,7727,3226,4501,0,0,0,1.0,1,1.0,1,1.0,1,0.11843576357386928,72
4113,1,7728,3227,4501,0,0,0,1.0,1,1.0,1,1.0,1,0.12329651826776282,72
4114,2,7730,3229,4501,0,0,0,1.0,1,1.0,1,1.0,1,0.16864886420430508,72
4115,0,7730,3229,4501,0,0,0,1.0,1,1.0,1,1.0,1,0.16239555945130824,70
4116,1,7731,3230,4501,0,0,0,1.0,1,1.0,1,1.0,1,0.15941201306862046,67
4117,3,7734,3232,4502,0,0,0,1.0,1,1.0,1,1.0,1,0.17775305135122801,67
4118,2,7736,3232,4504,0,0,0,1.0,1,1.0,1,1.0,1,0.2279474908328842,66
4119,2,7738,3233,4505,0,0,0,1.0,1,1.0,1,1.0,1,0.24789835648329286,67
4120,2,7740,3235,4505,0,0,0,1.0,1,1.0,1,1.0,1,0.3108411725124908,64
4121,5,7745,3235,4510,0,0,0,1.0,1,1.0,1,1.0,1,0.2595779687573549,63
4122,6,7751,3239,4512,0,0,0,1.0,1,1.0,1,1.0,1,0.26871966271206,63
4123,3,7754,3241,4513,0,0,0,1.0,1,1.0,1,1.0,1,0.2856717825349488,61
4124,7,7761,3244,4517,0,0,0,1.0,1,1.0,1,1.0,1,0.3081148585884028,62
4125,7,7768,3244,4524,0,0,0,1.0,1,1.0,1,1.0,1,0.3090599356139824,60
4126,5,7773,3245,4528,0,0,0,1.0,1,1.0,1,1.0,1,0.2565484276204209,59
4127,2,7775,3246,4529,0,0,0,1.0,1,1.0,1,1.0,1,0.2556061077198515,60
4128,1,7776,3247,4529,0,0,0,1.0,1,1.0,1,1.0,1,0.26620539900539314,60
4129,0,7776,3247,4529,0,0,0,1.0,1,1.0,1,1.0,1,0.27352403860812946,60
4130,2,7778,3249,4529,0,0,0,1.0,1,1.0,1,1.0,1,0.26529921822850533,61
4131,1,7779,3249,4530,0,0,0,1.0,1,1.0,1,1.0,1,0.26186870959905384,60
4132,1,7780,3250,4530,0,0,0,1.0,1,1.0,1,1.0,1,0.2623505395857781,60
4133,0,7780,3250,4530,0,0,0,1.0,1,1.0,1,1.0,1,0.2702981543495403,62
4134,2,7782,3252,4530,0,0,0,1.0,1,1.0,1,1.0,1,0.2809205688418219,63
4135,5,7787,3253,4534,0,0,0,1.0,1,1.0,1,1.0,1,0.2586388787543131,65
4136,1,7788,3253,4535,0,0,0,1.0,1,1.0,1,1.0,1,0.25106163476430554,65
4137,0,7788,3253,4535,0,0,0,1.0,1,1.0,1,1.0,1,0.2557922881173301,66
4138,2,7790,3254,4536,0,0,0,1.0,1,1.0,1,1.0,1,0.2502578472036791,67
4139,1,7791,3255,4536,0,0,0,1.0,1,1.0,1,1.0,1,0.24676239600832767,67
4140,1,7792,3255,4537,0,0,0,1.0,1,1.0,1,1.0,1,0.23128746198459457,66
4141,2,7794,3255,4539,0,0,0,1.0,1,1.0,1,1.0,1,0.20993538896289216,67
4142,0,7794,3255,4539,0,0,0,1.0,1,1.0,1,1.0,1,0.20993538896289216,67
4143,1,7795,3255,4540,0,0,0,1.0,1,1.0,1,1.0,1,0.19780262514363636,66
4144,1,7796,3256,4540,0,0,0,1.0,1,1.0,1,1.0,1,0.20627319655114634,64
4145,3,7799,3259,4540,0,0,0,1.0,1,1.0,1,1.0,1,0.23207782673083285,63
4146,3,7802,3260,4542,0,0,0,1.0,1,1.0,1,1.0,1,0.2264686958223742,62
4147,2,7804,3262,4542,0,0,0,1.0,1,1.0,1,1.0,1,0.2607981935036347,60
4148,3,7807,3264,4543,0,0,0,1.0,1,1.0,1,1.0,1,0.2653830839125211,62
4149,2,7809,3266,4543,0,0,0,1.0,1,1.0,1,1.0,1,0.2696936697567488,61
4150,2,7811,3268,4543,0,0,0,1.0,1,1.0,1,1.0,1,0.27850781932165497,60
4151,1,7812,3269,4543,0,0,0,1.0,1,1.0,1,1.0,1,0.2773373517733073,60
4152,2,7814,3271,4543,0,0,0,1.0,1,1.0,1,1.0,1,0.27852412659076703,60
4153,0,7814,3271,4543,0,0,0,1.0,1,1.0,1,1.0,1,0.2840758459034141,58
4154,0,7814,3271,4543,0,0,0,1.0,1,1.0,1,1.0,1,0.3046186821857755,57
4155,4,7818,3274,4544,0,0,0,1.0,1,1.0,1,1.0,1,0.2849161859686749,57
4156,10,7828,3276,4552,0,0,0,1.0,1,1.0,1,1.0,1,0.21991256890708527,58
4157,1,7829,3276,4553,0,0,0,1.0,1,1.0,1,1.0,1,0.206922297883539,57
4158,1,7830,3276,4554,0,0,0,1.0,1,1.0,1,1.0,1,0.23131156534662614,55
4159,0,7830,3276,4554,0,0,0,1.0,1,1.0,1,1.0,1,0.2314009095282069,57
4160,0,7830,3276,4554,0,0,0,1.0,1,1.0,1,1.0,1,0.231185054666362,58
4161,1,7831,3276,4555,0,0,0,1.0,1,1.0,1,1.0,1,0.20745753965704963,58
4162,0,7831,3276,4555,0,0,0,1.0,1,1.0,1,1.0,1,0.21942389954983926,57
4163,1,7832,3277,4555,0,0,0,1.0,1,1.0,1,1.0,1,0.23130820535621868,58
4164,5,7837,3280,4557,0,0,0,1.0,1,1.0,1,1.0,1,0.2654447157121886,56
4165,2,7839,3281,4558,0,0,0,1.0,1,1.0,1,1.0,1,0.2918442479775523,58
4166,0,7839,3281,4558,0,0,0,1.0,1,1.0,1,1.0,1,0.28642399464444196,57
4167,2,7841,3283,4558,0,0,0,1.0,1,1.0,1,1.0,1,0.3048783858347573,57
4168,1,7842,3283,4559,0,0,0,1.0,1,1.0,1,1.0,1,0.29887707631395977,58
4169,1,7843,3284,4559,0,0,0,1.0,1,1.0,1,1.0,1,0.29105247830881725,58
4170,0,7843,3284,4559,0,0,0,1.0,1,1.0,1,1.0,1,0.3175066855911297,58
4171,2,7845,3284,4561,0,0,0,1.0,1,1.0,1,1.0,1,0.30615456896491955,57
4172,0,7845,3284,4561,0,0,0,1.0,1,1.0,1,1.0,1,0.30615456896491955,57
4173,1,7846,3284,4562,0,0,0,1.0,1,1.0,1,1.0,1,0.31497645363948396,56
4174,1,7847,3284,4563,0,0,0,1.0,1,1.0,1,1.0,1,0.30827565574720966,56
4175,3,7850,3284,4566,0,0,0,1.0,1,1.0,1,1.0,1,0.3032601958087916,55
4176,1,7851,3284,4567,0,0,0,1.0,1,1.0,1,1.0,1,0.3085949901836467,57
4177,2,7853,3284,4569,0,0,0,1.0,1,1.0,1,1.0,1,0.285863362377248,58
4178,6,7859,3287,4572,0,0,0,1.0,1,1.0,1,1.0,1,0.264903965168948,60
4179,2,7861,3288,4573,0,0,0,1.0,1,1.0,1,1.0,1,0.2527404245891501,61
4180,2,7863,3288,4575,0,0,0,1.0,1,1.0,1,1.0,1,0.24213947181152212,62
4181,2,7865,3288,4577,0,0,0,1.0,1,1.0,1,1.0,1,0.23810573600001783,63
4182,2,7867,3289,4578,0,0,0,1.0,1,1.0,1,1.0,1,0.2505896921389145,63
4183,4,7871,3291,4580,0,0,0,1.0,1,1.0,1,1.0,1,0.2401328159984944,63
4184,4,7875,3293,4582,0,0,0,1.0,1,1.0,1,1.0,1,0.24615254124800667,63
4185,1,7876,3293,4583,0,0,0,1.0,1,1.0,1,1.0,1,0.25065660645377447,61
4186,8,7884,3296,4588,0,0,0,1.0,1,1.0,1,1.0,1,0.17419382974938183,62
4187,1,7885,3297,4588,0,0,0,1.0,1,1.0,1,1.0,1,0.1941715003391316,60
4188,2,7887,3298,4589,0,0,0,1.0,1,1.0,1,1.0,1,0.17176135057799446,60
4189,1,7888,3299,4589,0,0,0,1.0,1,1.0,1,1.0,1,0.184465043804495,60
4190,1,7889,3299,4590,0,0,0,1.0,1,1.0,1,1.0,1,0.1670206757536781,61
4191,0,7889,3299,4590,0,0,0,1.0,1,1.0,1,1.0,1,0.16351773555231042,59
4192,1,7890,3300,4590,0,0,0,1.0,1,1.0,1,1.0,1,0.17430945068357115,58
4193,3,7893,3303,4590,0,0,0,1.0,1,1.0,1,1.0,1,0.19707858894666452,57
4194,2,7895,3305,4590,0,0,0,1.0,1,1.0,1,1.0,1,0.22611530175417707,54
4195,0,7895,3305,4590,0,0,0,1.0,1,1.0,1,1.0,1,0.22990948428834618,55
4196,2,7897,3306,4591,0,0,0,1.0,1,1.0,1,1.0,1,0.2867818511150219,56
4197,1,7898,3306,4592,0,0,0,1.0,1,1.0,1,1.0,1,0.262227746692682,55
4198,1,7899,3307,4592,0,0,0,1.0,1,1.0,1,1.0,1,0.2898976588007891,56
4199,1,7900,3308,4592,0,0,0,1.0,1,1.0,1,1.0,1,0.3155963058651573,55
4200,0,7900,3308,4592,0,0,0,1.0,1,1.0,1,1.0,1,0.3155644190587742,55
4201,2,7902,3308,4594,0,0,0,1.0,1,1.0,1,1.0,1,0.2823099480756308,56
4202,0,7902,3308,4594,0,0,0,1.0,1,1.0,1,1.0,1,0.2823099480756308,56
4203,2,7904,3308,4596,0,0,0,1.0,1,1.0,1,1.0,1,0.2800937495827531,57
4204,0,7904,3308,4596,0,0,0,1.0,1,1.0,1,1.0,1,0.2800937495827531,57
4205,2,7906,3309,4597,0,0,0,1.0,1,1.0,1,1.0,1,0.2600856935651443,58
4206,2,7908,3311,4597,0,0,0,1.0,1,1.0,1,1.0,1,0.22120646837113855,58
4207,3,7911,3313,4598,0,0,0,1.0,1,1.0,1,1.0,1,0.21212074975655387,58
4208,1,7912,3314,4598,0,0,0,1.0,1,1.0,1,1.0,1,0.21153910392524178,60
4209,3,7915,3317,4598,0,0,0,1.0,1,1.0,1,1.0,1,0.23349930976678288,61
4210,1,7916,3318,4598,0,0,0,1.0,1,1.0,1,1.0,1,0.22742302390361854,62
4211,0,7916,3318,4598,0,0,0,1.0,1,1.0,1,1.0,1,0.22732311578227787,63
4212,0,7916,3318,4598,0,0,0,1.0,1,1.0,1,1.0,1,0.20779932534958193,64
4213,0,7916,3318,4598,0,0,0,1.0,1,1.0,1,1.0,1,0.1946455593161669,65
4214,0,7916,3318,4598,0,0,0,1.0,1,1.0,1,1.0,1,0.21149099806827504,65
4215,0,7916,3318,4598,0,0,0,1.0,1,1.0,1,1.0,1,0.21149099806827504,65
4216,2,7918,3318,4600,0,0,0,1.0,1,1.0,1,1.0,1,0.20248845510616517,64
4217,1,7919,3319,4600,0,0,0,1.0,1,1.0,1,1.0,1,0.21837062306323896,65
4218,2,7921,3319,4602,0,0,0,1.0,1,1.0,1,1.0,1,0.19798074717292447,65
4219,2,7923,3320,4603,0,0,0,1.0,1,1.0,1,1.0,1,0.21004957945705202,65
4220,1,7924,3320,4604,0,0,0,1.0,1,1.0,1,1.0,1,0.20316102093642893,65
4221,3,7927,3321,4606,0,0,0,1.0,1,1.0,1,1.0,1,0.20335204601164256,67
4222,1,7928,3321,4607,0,0,0,1.0,1,1.0,1,1.0,1,0.2024405819057206,68
4223,2,7930,3323,4607,0,0,0,1.0,1,1.0,1,1.0,1,0.21954936617352502,68
4224,1,7931,3324,4607,0,0,0,1.0,1,1.0,1,1.0,1,0.23583047050797873,68
4225,0,7931,3324,4607,0,0,0,1.0,1,1.0,1,1.0,1,0.23166180991581437,66
4226,1,7932,3325,4607,0,0,0,1.0,1,1.0,1,1.0,1,0.24207739649505594,66
4227,0,7932,3325,4607,0,0,0,1.0,1,1.0,1,1.0,1,0.24207739649505594,66
4228,0,7932,3325,4607,0,0,0,1.0,1,1.0,1,1.0,1,0.26485148280234383,65
4229,1,7933,3326,4607,0,0,0,1.0,1,1.0,1,1.0,1,0.2645056034266906,65
4230,1,7934,3327,4607,0,0,0,1.0,1,1.0,1,1.0,1,0.278652892811515,64
4231,1,7935,3327,4608,0,0,0,1.0,1,1.0,1,1.0,1,0.2725458349557708,64
4232,4,7939,3328,4611,0,0,0,1.0,1,1.0,1,1.0,1,0.25004397440358966,65
4233,0,7939,3328,4611,0,0,0,1.0,1,1.0,1,1.0,1,0.24668254719768223,64
4234,3,7942,3329,4613,0,0,0,1.0,1,1.0,1,1.0,1,0.2237791603429313,63
4235,2,7944,3331,4613,0,0,0,1.0,1,1.0,1,1.0,1,0.24104170688769666,63
4236,2,7946,3331,4615,0,0,0,1.0,1,1.0,1,1.0,1,0.23898627629104469,63
4237,5,7951,3333,4618,0,0,0,1.0,1,1.0,1,1.0,1,0.25739462641604294,65
4238,2,7953,3333,4620,0,0,0,1.0,1,1.0,1,1.0,1,0.24624916517023723,65
4239,0,7953,3333,4620,0,0,0,1.0,1,1.0,1,1.0,1,0.24624916517023723,65
4240,2,7955,3334,4621,0,0,0,1.0,1,1.0,1,1.0,1,0.23387956163776732,66
4241,0,7955,3334,4621,0,0,0,1.0,1,1.0,1,1.0,1,0.23387956163776732,66
4242,4,7959,3335,4624,0,0,0,1.0,1,1.0,1,1.0,1,0.21152763205339728,69
4243,5,7964,3335,4629,0,0,0,1.0,1,1.0,1,1.0,1,0.22064989676853056,71
4244,5,7969,3335,4634,0,0,0,1.0,1,1.0,1,1.0,1,0.21617439757897788,71
4245,2,7971,3335,4636,0,0,0,1.0,1,1.0,1,1.0,1,0.21976481851322593,73
4246,5,7976,3335,4641,0,0,0,1.0,1,1.0,1,1.0,1,0.1613402537011126,74
4247,1,7977,3335,4642,0,0,0,1.0,1,1.0,1,1.0,1,0.15346237480200883,74
4248,0,7977,3335,4642,0,0,0,1.0,1,1.0,1,1.0,1,0.15346237480200883,74
4249,1,7978,3335,4643,0,0,0,1.0,1,1.0,1,1.0,1,0.1425380314170228,74
4250,1,7979,3335,4644,0,0,0,1.0,1,1.0,1,1.0,1,0.13760480204745817,74
4251,2,7981,3335,4646,0,0,0,1.0,1,1.0,1,1.0,1,0.1234025854797169,75
4252,2,7983,3336,4647,0,0,0,1.0,1,1.0,1,1.0,1,0.1432104840782987,75
4253,1,7984,3336,4648,0,0,0,1.0,1,1.0,1,1.0,1,0.13856452881003883,76
4254,1,7985,3337,4648,0,0,0,1.0,1,1.0,1,1.0,1,0.1573364043617839,75
4255,3,7988,3340,4648,0,0,0,1.0,1,1.0,1,1.0,1,0.18048070506011057,76
4256,1,7989,3341,4648,0,0,0,1.0,1,1.0,1,1.0,1,0.20906968357173483,78
4257,2,7991,3342,4649,0,0,0,1.0,1,1.0,1,1.0,1,0.1999470733593849,78
4258,4,7995,3344,4651,0,0,0,1.0,1,1.0,1,1.0,1,0.23705331705305563,77
4259,5,8000,3346,4654,0,0,0,1.0,1,1.0,1,1.0,1,0.23256087619113522,78
4260,3,8003,3346,4657,0,0,0,1.0,1,1.0,1,1.0,1,0.21318570625663985,77
4261,4,8007,3347,4660,0,0,0,1.0,1,1.0,1,1.0,1,0.19022632316262902,76
4262,4,8011,3347,4664,0,0,0,1.0,1,1.0,1,1.0,1,0.16333718512803994,75
4263,2,8013,3349,4664,0,0,0,1.0,1,1.0,1,1.0,1,0.16002450882174474,74
4264,1,8014,3349,4665,0,0,0,1.0,1,1.0,1,1.0,1,0.1899037758813056,74
4265,3,8017,3352,4665,0,0,0,1.0,1,1.0,1,1.0,1,0.21063354787314556,73
4266,0,8017,3352,4665,0,0,0,1.0,1,1.0,1,1.0,1,0.23544778964995583,71
4267,3,8020,3355,4665,0,0,0,1.0,1,1.0,1,1.0,1,0.23661736299006794,69
4268,1,8021,3356,4665,0,0,0,1.0,1,1.0,1,1.0,1,0.28208325712924864,67
4269,2,8023,3358,4665,0,0,0,1.0,1,1.0,1,1.0,1,0.32301580517628437,64
4270,1,8024,3359,4665,0,0,0,1.0,1,1.0,1,1.0,1,0.29963067702633206,63
4271,1,8025,3360,4665,0,0,0,1.0,1,1.0,1,1.0,1,0.3147018371750568,63
4272,1,8026,3361,4665,0,0,0,1.0,1,1.0,1,1.0,1,0.3128664481188158,62
4273,0,8026,3361,4665,0,0,0,1.0,1,1.0,1,1.0,1,0.3128664481188158,62
4274,1,8027,3361,4666,0,0,0,1.0,1,1.0,1,1.0,1,0.309384459836679,62
4275,2,8029,3362,4667,0,0,0,1.0,1,1.0,1,1.0,1,0.28832672308341223,61
4276,8,8037,3362,4675,0,0,0,1.0,1,1.0,1,1.0,1,0.20711537607345992,62
4277,1,8038,3362,4676,0,0,0,1.0,1,1.0,1,1.0,1,0.21048591782336745,63
4278,0,8038,3362,4676,0,0,0,1.0,1,1.0,1,1.0,1,0.2000622791422602,64
4279,1,8039,3362,4677,0,0,0,1.0,1,1.0,1,1.0,1,0.20765702633423558,65
4280,4,8043,3364,4679,0,0,0,1.0,1,1.0,1,1.0,1,0.22869050508749986,65
4281,4,8047,3365,4682,0,0,0,1.0,1,1.0,1,1.0,1,0.23625762354192095,65
4282,6,8053,3368,4685,0,0,0,1.0,1,1.0,1,1.0,1,0.24328303528400028,66
4283,6,8059,3370,4689,0,0,0,1.0,1,1.0,1,1.0,1,0.2658138464841032,66
4284,5,8064,3371,4693,0,0,0,1.0,1,1.0,1,1.0,1,0.2916082477679751,66
4285,6,8070,3371,4699,0,0,0,1.0,1,1.0,1,1.0,1,0.2680816583164787,67
4286,3,8073,3371,4702,0,0,0,1.0,1,1.0,1,1.0,1,0.29236476969821934,67
4287,2,8075,3371,4704,0,0,0,1.0,1,1.0,1,1.0,1,0.2862545717779775,67
4288,4,8079,3373,4706,0,0,0,1.0,1,1.0,1,1.0,1,0.2604625389770482,68
4289,3,8082,3373,4709,0,0,0,1.0,1,1.0,1,1.0,1,0.2763896549551067,68
4290,2,8084,3374,4710,0,0,0,1.0,1,1.0,1,1.0,1,0.2807940276691437,70
4291,7,8091,3374,4717,0,0,0,1.0,1,1.0,1,1.0,1,0.21473585304741377,71
4292,0,8091,3374,4717,0,0,0,1.0,1,1.0,1,1.0,1,0.21473585304741377,71
4293,1,8092,3374,4718,0,0,0,1.0,1,1.0,1,1.0,1,0.20995796298191993,71
4294,0,8092,3374,4718,0,0,0,1.0,1,1.0,1,1.0,1,0.20995796298191993,71
4295,1,8093,3375,4718,0,0,0,1.0,1,1.0,1,1.0,1,0.22044413023711748,72
4296,1,8094,3376,4718,0,0,0,1.0,1,1.0,1,1.0,1,0.22879959555007603,73
4297,3,8097,3376,4721,0,0,0,1.0,1,1.0,1,1.0,1,0.2085325511099903,73
4298,2,8099,3377,4722,0,0,0,1.0,1,1.0,1,1.0,1,0.20271656333853666,74
4299,0,8099,3377,4722,0,0,0,1.0,1,1.0,1,1.0,1,0.18871616516074005,75
4300,1,8100,3377,4723,0,0,0,1.0,1,1.0,1,1.0,1,0.17713729162662664,75
4301,0,8100,3377,4723,0,0,0,1.0,1,1.0,1,1.0,1,0.17544399045380918,76
4302,0,8100,3377,4723,0,0,0,1.0,1,1.0,1,1.0,1,0.17544399045380918,76
4303,1,8101,3377,4724,0,0,0,1.0,1,1.0,1,1.0,1,0.15737087814486472,75
4304,3,8104,3379,4725,0,0,0,1.0,1,1.0,1,1.0,1,0.144130204934261,75
4305,3,8107,3380,4727,0,0,0,1.0,1,1.0,1,1.0,1,0.1783856364773091,73
4306,4,8111,3382,4729,0,0,0,1.0,1,1.0,1,1.0,1,0.22103448353570893,74
4307,4,8115,3384,4731,0,0,0,1.0,1,1.0,1,1.0,1,0.2235150710029463,73
4308,1,8116,3385,4731,0,0,0,1.0,1,1.0,1,1.0,1,0.2562622948995288,71
4309,1,8117,3386,4731,0,0,0,1.0,1,1.0,1,1.0,1,0.25749971392663645,70
4310,4,8121,3388,4733,0,0,0,1.0,1,1.0,1,1.0,1,0.263583395086335,69
4311,4,8125,3389,4736,0,0,0,1.0,1,1.0,1,1.0,1,0.25015709412527665,69
4312,3,8128,3391,4737,0,0,0,1.0,1,1.0,1,1.0,1,0.261997839776153,66
4313,2,8130,3392,4738,0,0,0,1.0,1,1.0,1,1.0,1,0.2684552632920806,64
4314,1,8131,3393,4738,0,0,0,1.0,1,1.0,1,1.0,1,0.2942227338470641,61
4315,4,8135,3397,4738,0,0,0,1.0,1,1.0,1,1.0,1,0.27082355465761043,61
4316,3,8138,3400,4738,0,0,0,1.0,1,1.0,1,1.0,1,0.2703788524492805,60
4317,1,8139,3400,4739,0,0,0,1.0,1,1.0,1,1.0,1,0.2514978552483364,62
4318,3,8142,3402,4740,0,0,0,1.0,1,1.0,1,1.0,1,0.26477657401586047,59
4319,0,8142,3402,4740,0,0,0,1.0,1,1.0,1,1.0,1,0.260568090161528,60
4320,1,8143,3402,4741,0,0,0,1.0,1,1.0,1,1.0,1,0.24495953639354515,60
4321,1,8144,3403,4741,0,0,0,1.0,1,1.0,1,1.0,1,0.24236587486724537,61
4322,2,8146,3404,4742,0,0,0,1.0,1,1.0,1,1.0,1,0.2419032694268175,61
4323,1,8147,3404,4743,0,0,0,1.0,1,1.0,1,1.0,1,0.23946781177862492,61
4324,1,8148,3405,4743,0,0,0,1.0,1,1.0,1,1.0,1,0.2538490108059198,60
4325,1,8149,3405,4744,0,0,0,1.0,1,1.0,1,1.0,1,0.2384939452680668,60
4326,1,8150,3406,4744,0,0,0,1.0,1,1.0,1,1.0,1,0.24965670532406217,61
4327,1,8151,3406,4745,0,0,0,1.0,1,1.0,1,1.0,1,0.247829442651259,62
4328,0,8151,3406,4745,0,0,0,1.0,1,1.0,1,1.0,1,0.247829442651259,62
4329,1,8152,3406,4746,0,0,0,1.0,1,1.0,1,1.0,1,0.24311219947859988,65
4330,1,8153,3406,4747,0,0,0,1.0,1,1.0,1,1.0,1,0.22846687692551346,65
4331,0,8153,3406,4747,0,0,0,1.0,1,1.0,1,1.0,1,0.22846687692551346,65
4332,2,8155,3407,4748,0,0,0,1.0,1,1.0,1,1.0,1,0.23563124768834795,66
4333,0,8155,3407,4748,0,0,0,1.0,1,1.0,1,1.0,1,0.23563124768834795,66
4334,2,8157,3409,4748,0,0,0,1.0,1,1.0,1,1.0,1,0.26394911752332895,66
4335,0,8157,3409,4748,0,0,0,1.0,1,1.0,1,1.0,1,0.27824137576737573,65
4336,10,8167,3412,4755,0,0,0,1.0,1,1.0,1,1.0,1,0.22710036808581302,67
4337,3,8170,3413,4757,0,0,0,1.0,1,1.0,1,1.0,1,0.2636979299196212,69
4338,1,8171,3413,4758,0,0,0,1.0,1,1.0,1,1.0,1,0.26807078992918737,70
4339,2,8173,3413,4760,0,0,0,1.0,1,1.0,1,1.0,1,0.26450630447868334,70
4340,2,8175,3413,4762,0,0,0,1.0,1,1.0,1,1.0,1,0.2711985078826326,71
4341,3,8178,3414,4764,0,0,0,1.0,1,1.0,1,1.0,1,0.2819201390484389,70
4342,2,8180,3414,4766,0,0,0,1.0,1,1.0,1,1.0,1,0.27910251553804855,71
4343,3,8183,3417,4766,0,0,0,1.0,1,1.0,1,1.0,1,0.3242184262597112,67
4344,9,8192,3422,4770,0,0,0,1.0,1,1.0,1,1.0,1,0.37299522375331506,67
4345,10,8202,3426,4776,0,0,0,1.0,1,1.0,1,1.0,1,0.39478233282932773,64
4346,5,8207,3429,4778,0,0,0,1.0,1,1.0,1,1.0,1,0.38001979608086756,64
4347,3,8210,3431,4779,0,0,0,1.0,1,1.0,1,1.0,1,0.37298625546169806,62
4348,4,8214,3433,4781,0,0,0,1.0,1,1.0,1,1.0,1,0.3864840705365022,62
4349,6,8220,3434,4786,0,0,0,1.0,1,1.0,1,1.0,1,0.41826886706420835,61
4350,5,8225,3436,4789,0,0,0,1.0,1,1.0,1,1.0,1,0.42174848836350876,60
4351,14,8239,3439,4800,0,0,0,1.0,1,1.0,1,1.0,1,0.29085242018943674,60
4352,0,8239,3439,4800,0,0,0,1.0,1,1.0,1,1.0,1,0.3043738170632951,57
4353,2,8241,3439,4802,0,0,0,1.0,1,1.0,1,1.0,1,0.2828595271144884,55
4354,2,8243,3440,4803,0,0,0,1.0,1,1.0,1,1.0,1,0.26365111743406,55
4355,1,8244,3440,4804,0,0,0,1.0,1,1.0,1,1.0,1,0.27798288224263656,53
4356,1,8245,3440,4805,0,0,0,1.0,1,1.0,1,1.0,1,0.2577504080377084,55
4357,1,8246,3440,4806,0,0,0,1.0,1,1.0,1,1.0,1,0.28089476965954985,55
4358,1,8247,3441,4806,0,0,0,1.0,1,1.0,1,1.0,1,0.2900133236103554,55
4359,3,8250,3442,4808,0,0,0,1.0,1,1.0,1,1.0,1,0.26918172330020823,54
4360,1,8251,3442,4809,0,0,0,1.0,1,1.0,1,1.0,1,0.24429633458804811,55
4361,4,8255,3443,4812,0,0,0,1.0,1,1.0,1,1.0,1,0.24538556649376664,54
4362,0,8255,3443,4812,0,0,0,1.0,1,1.0,1,1.0,1,0.23132244027874982,55
4363,1,8256,3444,4812,0,0,0,1.0,1,1.0,1,1.0,1,0.21740345439927689,55
4364,2,8258,3445,4813,0,0,0,1.0,1,1.0,1,1.0,1,0.22089794825399264,55
4365,0,8258,3445,4813,0,0,0,1.0,1,1.0,1,1.0,1,0.238119747587517,54
4366,4,8262,3447,4815,0,0,0,1.0,1,1.0,1,1.0,1,0.23268592815811603,54
4367,3,8265,3449,4816,0,0,0,1.0,1,1.0,1,1.0,1,0.21397347203846734,57
4368,1,8266,3450,4816,0,0,0,1.0,1,1.0,1,1.0,1,0.2527039758677606,57
4369,1,8267,3450,4817,0,0,0,1.0,1,1.0,1,1.0,1,0.24011325401739367,58
4370,4,8271,3451,4820,0,0,0,1.0,1,1.0,1,1.0,1,0.24101096275335057,59
4371,3,8274,3451,4823,0,0,0,1.0,1,1.0,1,1.0,1,0.22030818160558793,60
4372,2,8276,3452,4824,0,0,0,1.0,1,1.0,1,1.0,1,0.21091088277714762,60
4373,1,8277,3452,4825,0,0,0,1.0,1,1.0,1,1.0,1,0.20198775968986574,60
4374,1,8278,3453,4825,0,0,0,1.0,1,1.0,1,1.0,1,0.22626336863623814,59
4375,0,8278,3453,4825,0,0,0,1.0,1,1.0,1,1.0,1,0.2340648944095266,60
4376,0,8278,3453,4825,0,0,0,1.0,1,1.0,1,1.0,1,0.25025431955477634,60
4377,1,8279,3453,4826,0,0,0,1.0,1,1.0,1,1.0,1,0.25381747867535936,61
4378,3,8282,3453,4829,0,0,0,1.0,1,1.0,1,1.0,1,0.23686284816759826,64
4379,4,8286,3454,4832,0,0,0,1.0,1,1.0,1,1.0,1,0.24483175592215214,64
4380,4,8290,3455,4835,0,0,0,1.0,1,1.0,1,1.0,1,0.2493483154923884,65
4381,1,8291,3455,4836,0,0,0,1.0,1,1.0,1,1.0,1,0.22899311975982845,64
4382,0,8291,3455,4836,0,0,0,1.0,1,1.0,1,1.0,1,0.2516029731598111,64
4383,1,8292,3456,4836,0,0,0,1.0,1,1.0,1,1.0,1,0.27452644513025243,64
4384,1,8293,3457,4836,0,0,0,1.0,1,1.0,1,1.0,1,0.3001038960623383,60
4385,1,8294,3457,4837,0,0,0,1.0,1,1.0,1,1.0,1,0.2695823123615553,58
4386,2,8296,3459,4837,0,0,0,1.0,1,1.0,1,1.0,1,0.2852340546939711,58
4387,2,8298,3459,4839,0,0,0,1.0,1,1.0,1,1.0,1,0.24960151605434341,55
4388,3,8301,3462,4839,0,0,0,1.0,1,1.0,1,1.0,1,0.3035567960891112,56
4389,0,8301,3462,4839,0,0,0,1.0,1,1.0,1,1.0,1,0.28761311117247934,55
4390,2,8303,3463,4840,0,0,0,1.0,1,1.0,1,1.0,1,0.2696057107114719,55
4391,2,8305,3465,4840,0,0,0,1.0,1,1.0,1,1.0,1,0.28202369874204825,56
4392,1,8306,3465,4841,0,0,0,1.0,1,1.0,1,1.0,1,0.28476239107762696,56
4393,3,8309,3466,4843,0,0,0,1.0,1,1.0,1,1.0,1,0.2765483159265209,55
4394,3,8312,3469,4843,0,0,0,1.0,1,1.0,1,1.0,1,0.2604511701087697,53
4395,1,8313,3470,4843,0,0,0,1.0,1,1.0,1,1.0,1,0.2802920028311118,53
4396,5,8318,3473,4845,0,0,0,1.0,1,1.0,1,1.0,1,0.2899732516524969,53
4397,1,8319,3473,4846,0,0,0,1.0,1,1.0,1,1.0,1,0.28720724959899757,50
4398,3,8322,3475,4847,0,0,0,1.0,1,1.0,1,1.0,1,0.3337100165445248,50
4399,1,8323,3475,4848,0,0,0,1.0,1,1.0,1,1.0,1,0.34000292674764543,52
4400,2,8325,3475,4850,0,0,0,1.0,1,1.0,1,1.0,1,0.3126048764291652,55
4401,0,8325,3475,4850,0,0,0,1.0,1,1.0,1,1.0,1,0.29859544124803805,56
4402,0,8325,3475,4850,0,0,0,1.0,1,1.0,1,1.0,1,0.29859544124803805,56
4403,6,8331,3477,4854,0,0,0,1.0,1,1.0,1,1.0,1,0.3120466361941784,57
4404,0,8331,3477,4854,0,0,0,1.0,1,1.0,1,1.0,1,0.3120466361941784,57
4405,0,8331,3477,4854,0,0,0,1.0,1,1.0,1,1.0,1,0.3106791685540554,58
4406,0,8331,3477,4854,0,0,0,1.0,1,1.0,1,1.0,1,0.3106791685540554,58
4407,0,8331,3477,4854,0,0,0,1.0,1,1.0,1,1.0,1,0.3106791685540554,58
4408,1,8332,3477,4855,0,0,0,1.0,1,1.0,1,1.0,1,0.3178954708883006,59
4409,2,8334,3477,4857,0,0,0,1.0,1,1.0,1,1.0,1,0.29655528145621884,59
4410,2,8336,3477,4859,0,0,0,1.0,1,1.0,1,1.0,1,0.2813774201666793,59
4411,1,8337,3477,4860,0,0,0,1.0,1,1.0,1,1.0,1,0.26370009666859273,62
4412,0,8337,3477,4860,0,0,0,1.0,1,1.0,1,1.0,1,0.26134378724076746,63
4413,0,8337,3477,4860,0,0,0,1.0,1,1.0,1,1.0,1,0.26134378724076746,63
4414,1,8338,3477,4861,0,0,0,1.0,1,1.0,1,1.0,1,0.2500201047112077,64
4415,1,8339,3477,4862,0,0,0,1.0,1,1.0,1,1.0,1,0.23987358264682657,64
4416,0,8339,3477,4862,0,0,0,1.0,1,1.0,1,1.0,1,0.23987358264682657,64
4417,2,8341,3478,4863,0,0,0,1.0,1,1.0,1,1.0,1,0.2544689066947811,65
4418,1,8342,3479,4863,0,0,0,1.0,1,1.0,1,1.0,1,0.2749709325217518,65
4419,0,8342,3479,4863,0,0,0,1.0,1,1.0,1,1.0,1,0.30947064883501624,62
4420,2,8344,3479,4865,0,0,0,1.0,1,1.0,1,1.0,1,0.3085827461256083,62
4421,1,8345,3480,4865,0,0,0,1.0,1,1.0,1,1.0,1,0.32395343374592445,65
4422,4,8349,3481,4868,0,0,0,1.0,1,1.0,1,1.0,1,0.29404405753864754,64
4423,1,8350,3482,4868,0,0,0,1.0,1,1.0,1,1.0,1,0.2960929573695903,63
4424,3,8353,3483,4870,0,0,0,1.0,1,1.0,1,1.0,1,0.2798053058824151,63
4425,4,8357,3485,4872,0,0,0,1.0,1,1.0,1,1.0,1,0.2995603843429025,63
4426,8,8365,3487,4878,0,0,0,1.0,1,1.0,1,1.0,1,0.2616387977772826,63
4427,3,8368,3488,4880,0,0,0,1.0,1,1.0,1,1.0,1,0.23925160268863835,62
4428,1,8369,3488,4881,0,0,0,1.0,1,1.0,1,1.0,1,0.22190461421142654,61
4429,3,8372,3489,4883,0,0,0,1.0,1,1.0,1,1.0,1,0.25253469060782857,62
4430,3,8375,3490,4885,0,0,0,1.0,1,1.0,1,1.0,1,0.2491616435540323,60
4431,3,8378,3491,4887,0,0,0,1.0,1,1.0,1,1.0,1,0.19780004507758656,59
4432,4,8382,3492,4890,0,0,0,1.0,1,1.0,1,1.0,1,0.17712873577514535,60
4433,4,8386,3494,4892,0,0,0,1.0,1,1.0,1,1.0,1,0.1559979251335769,61
4434,4,8390,3495,4895,0,0,0,1.0,1,1.0,1,1.0,1,0.17565480274993567,61
4435,5,8395,3496,4899,0,0,0,1.0,1,1.0,1,1.0,1,0.18814807594358052,61
4436,1,8396,3496,4900,0,0,0,1.0,1,1.0,1,1.0,1,0.18315703005752013,61
4437,7,8403,3499,4904,0,0,0,1.0,1,1.0,1,1.0,1,0.18284494966328224,61
4438,0,8403,3499,4904,0,0,0,1.0,1,1.0,1,1.0,1,0.18043755797468028,62
4439,1,8404,3499,4905,0,0,0,1.0,1,1.0,1,1.0,1,0.18765135487676807,63
4440,0,8404,3499,4905,0,0,0,1.0,1,1.0,1,1.0,1,0.18523124092294696,64
4441,2,8406,3499,4907,0,0,0,1.0,1,1.0,1,1.0,1,0.14925465801714316,64
4442,3,8409,3502,4907,0,0,0,1.0,1,1.0,1,1.0,1,0.15332102404351908,67
4443,2,8411,3503,4908,0,0,0,1.0,1,1.0,1,1.0,1,0.15947647751039506,68
4444,0,8411,3503,4908,0,0,0,1.0,1,1.0,1,1.0,1,0.15808602197968794,69
4445,2,8413,3505,4908,0,0,0,1.0,1,1.0,1,1.0,1,0.19712862518601526,71
4446,3,8416,3505,4911,0,0,0,1.0,1,1.0,1,1.0,1,0.18543767746414638,71
4447,3,8419,3505,4914,0,0,0,1.0,1,1.0,1,1.0,1,0.1799734266331917,72
4448,3,8422,3505,4917,0,0,0,1.0,1,1.0,1,1.0,1,0.1789620202024893,71
4449,2,8424,3506,4918,0,0,0,1.0,1,1.0,1,1.0,1,0.17269080163781228,70
4450,0,8424,3506,4918,0,0,0,1.0,1,1.0,1,1.0,1,0.1825332179065823,69
4451,0,8424,3506,4918,0,0,0,1.0,1,1.0,1,1.0,1,0.1845889875805312,69
4452,1,8425,3506,4919,0,0,0,1.0,1,1.0,1,1.0,1,0.1965568439646368,70
4453,3,8428,3506,4922,0,0,0,1.0,1,1.0,1,1.0,1,0.18550956879431404,70
4454,4,8432,3509,4923,0,0,0,1.0,1,1.0,1,1.0,1,0.22874991345530604,71
4455,3,8435,3509,4926,0,0,0,1.0,1,1.0,1,1.0,1,0.22660787706171429,71
4456,7,8442,3511,4931,0,0,0,1.0,1,1.0,1,1.0,1,0.15596198010567427,71
4457,2,8444,3512,4932,0,0,0,1.0,1,1.0,1,1.0,1,0.1564901437246278,69
4458,2,8446,3514,4932,0,0,0,1.0,1,1.0,1,1.0,1,0.17497426862707163,70
4459,1,8447,3515,4932,0,0,0,1.0,1,1.0,1,1.0,1,0.1999826543530319,68
4460,4,8451,3519,4932,0,0,0,1.0,1,1.0,1,1.0,1,0.23036562887424394,68
4461,2,8453,3520,4933,0,0,0,1.0,1,1.0,1,1.0,1,0.2254182240341252,67
4462,4,8457,3524,4933,0,0,0,1.0,1,1.0,1,1.0,1,0.23576037472352818,66
4463,3,8460,3525,4935,0,0,0,1.0,1,1.0,1,1.0,1,0.2525564685720134,65
4464,4,8464,3529,4935,0,0,0,1.0,1,1.0,1,1.0,1,0.2681172079757271,62
4465,3,8467,3531,4936,0,0,0,1.0,1,1.0,1,1.0,1,0.27211754676924993,61
4466,0,8467,3531,4936,0,0,0,1.0,1,1.0,1,1.0,1,0.2707538651243427,60
4467,3,8470,3533,4937,0,0,0,1.0,1,1.0,1,1.0,1,0.28295762410448727,58
4468,1,8471,3534,4937,0,0,0,1.0,1,1.0,1,1.0,1,0.29557926239287513,57
4469,6,8477,3539,4938,0,0,0,1.0,1,1.0,1,1.0,1,0.3304993355171744,56
4470,3,8480,3541,4939,0,0,0,1.0,1,1.0,1,1.0,1,0.29801827882997867,55
4471,7,8487,3543,4944,0,0,0,1.0,1,1.0,1,1.0,1,0.2320767796877762,55
4472,4,8491,3546,4945,0,0,0,1.0,1,1.0,1,1.0,1,0.2450677882909665,55
4473,2,8493,3546,4947,0,0,0,1.0,1,1.0,1,1.0,1,0.23430028929404847,55
4474,1,8494,3547,4947,0,0,0,1.0,1,1.0,1,1.0,1,0.26180992157754607,55
4475,1,8495,3548,4947,0,0,0,1.0,1,1.0,1,1.0,1,0.24018153143604357,56
4476,1,8496,3548,4948,0,0,0,1.0,1,1.0,1,1.0,1,0.2235533885936204,56
4477,0,8496,3548,4948,0,0,0,1.0,1,1.0,1,1.0,1,0.23410947501558396,57
4478,0,8496,3548,4948,0,0,0,1.0,1,1.0,1,1.0,1,0.2469788614279807,55
4479,1,8497,3549,4948,0,0,0,1.0,1,1.0,1,1.0,1,0.2506366868498658,55
4480,0,8497,3549,4948,0,0,0,1.0,1,1.0,1,1.0,1,0.26598838902640287,54
4481,2,8499,3549,4950,0,0,0,1.0,1,1.0,1,1.0,1,0.2809694804967783,53
4482,2,8501,3551,4950,0,0,0,1.0,1,1.0,1,1.0,1,0.2874449774488806,54
4483,2,8503,3551,4952,0,0,0,1.0,1,1.0,1,1.0,1,0.2855230973810239,55
4484,6,8509,3554,4955,0,0,0,1.0,1,1.0,1,1.0,1,0.2624078283802531,57
4485,7,8516,3556,4960,0,0,0,1.0,1,1.0,1,1.0,1,0.2985140657205682,60
4486,5,8521,3557,4964,0,0,0,1.0,1,1.0,1,1.0,1,0.23592866087221184,60
4487,0,8521,3557,4964,0,0,0,1.0,1,1.0,1,1.0,1,0.23592866087221184,60
4488,0,8521,3557,4964,0,0,0,1.0,1,1.0,1,1.0,1,0.23592866087221184,60
4489,1,8522,3558,4964,0,0,0,1.0,1,1.0,1,1.0,1,0.22837055458569644,60
4490,1,8523,3558,4965,0,0,0,1.0,1,1.0,1,1.0,1,0.2258715800800207,60
4491,1,8524,3559,4965,0,0,0,1.0,1,1.0,1,1.0,1,0.2228437338683884,61
4492,1,8525,3559,4966,0,0,0,1.0,1,1.0,1,1.0,1,0.22865479480870096,61
4493,3,8528,3560,4968,0,0,0,1.0,1,1.0,1,1.0,1,0.25070767459186916,60
4494,3,8531,3561,4970,0,0,0,1.0,1,1.0,1,1.0,1,0.2522063201868457,61
4495,1,8532,3561,4971,0,0,0,1.0,1,1.0,1,1.0,1,0.2545396366201259,59
4496,3,8535,3561,4974,0,0,0,1.0,1,1.0,1,1.0,1,0.24550028847161842,60
4497,1,8536,3561,4975,0,0,0,1.0,1,1.0,1,1.0,1,0.2262857097070083,59
4498,0,8536,3561,4975,0,0,0,1.0,1,1.0,1,1.0,1,0.2170055768080034,57
4499,4,8540,3563,4977,0,0,0,1.0,1,1.0,1,1.0,1,0.2471771877003448,58
4500,1,8541,3563,4978,0,0,0,1.0,1,1.0,1,1.0,1,0.2213619769494738,56
4501,5,8546,3563,4983,0,0,0,1.0,1,1.0,1,1.0,1,0.1656268521777174,57
4502,6,8552,3566,4986,0,0,0,1.0,1,1.0,1,1.0,1,0.20267182414456053,56
4503,0,8552,3566,4986,0,0,0,1.0,1,1.0,1,1.0,1,0.20753608981046046,54
4504,1,8553,3566,4987,0,0,0,1.0,1,1.0,1,1.0,1,0.18849342150151266,54
4505,1,8554,3567,4987,0,0,0,1.0,1,1.0,1,1.0,1,0.21739715005609445,51
4506,1,8555,3568,4987,0,0,0,1.0,1,1.0,1,1.0,1,0.21044550818667532,49
4507,3,8558,3570,4988,0,0,0,1.0,1,1.0,1,1.0,1,0.2692624736517994,48
4508,2,8560,3570,4990,0,0,0,1.0,1,1.0,1,1.0,1,0.26522599093814,48
4509,2,8562,3572,4990,0,0,0,1.0,1,1.0,1,1.0,1,0.28687647802921296,46
4510,0,8562,3572,4990,0,0,0,1.0,1,1.0,1,1.0,1,0.30722891065449015,44
4511,2,8564,3573,4991,0,0,0,1.0,1,1.0,1,1.0,1,0.32477012598673677,45
4512,2,8566,3574,4992,0,0,0,1.0,1,1.0,1,1.0,1,0.332877816678582,46
4513,3,8569,3576,4993,0,0,0,1.0,1,1.0,1,1.0,1,0.3488118598023749,45
4514,1,8570,3577,4993,0,0,0,1.0,1,1.0,1,1.0,1,0.33390773332913354,46
4515,0,8570,3577,4993,0,0,0,1.0,1,1.0,1,1.0,1,0.34770869705970636,48
4516,5,8575,3577,4998,0,0,0,1.0,1,1.0,1,1.0,1,0.24699635527642702,49
4517,3,8578,3578,5000,0,0,0,1.0,1,1.0,1,1.0,1,0.2462476424332377,50
4518,1,8579,3579,5000,0,0,0,1.0,1,1.0,1,1.0,1,0.2467445739579804,50
4519,2,8581,3580,5001,0,0,0,1.0,1,1.0,1,1.0,1,0.26916412741032325,49
4520,1,8582,3580,5002,0,0,0,1.0,1,1.0,1,1.0,1,0.27213721411111796,50
4521,3,8585,3580,5005,0,0,0,1.0,1,1.0,1,1.0,1,0.24341730057753103,50
4522,0,8585,3580,5005,0,0,0,1.0,1,1.0,1,1.0,1,0.24341730057753103,50
4523,2,8587,3581,5006,0,0,0,1.0,1,1.0,1,1.0,1,0.2497994949523998,51
4524,2,8589,3582,5007,0,0,0,1.0,1,1.0,1,1.0,1,0.251617467080414,52
4525,3,8592,3584,5008,0,0,0,1.0,1,1.0,1,1.0,1,0.26249351820094874,53
4526,1,8593,3584,5009,0,0,0,1.0,1,1.0,1,1.0,1,0.23286218566402034,54
4527,1,8594,3584,5010,0,0,0,1.0,1,1.0,1,1.0,1,0.23450903643570756,55
4528,3,8597,3584,5013,0,0,0,1.0,1,1.0,1,1.0,1,0.18308329559252803,55
4529,1,8598,3584,5014,0,0,0,1.0,1,1.0,1,1.0,1,0.17134261438431203,55
4530,2,8600,3584,5016,0,0,0,1.0,1,1.0,1,1.0,1,0.15731228769034122,56
4531,4,8604,3586,5018,0,0,0,1.0,1,1.0,1,1.0,1,0.15500756755367753,56
4532,1,8605,3587,5018,0,0,0,1.0,1,1.0,1,1.0,1,0.1754110762830823,55
4533,0,8605,3587,5018,0,0,0,1.0,1,1.0,1,1.0,1,0.18484546191830123,54
4534,1,8606,3587,5019,0,0,0,1.0,1,1.0,1,1.0,1,0.15423033784786433,55
4535,0,8606,3587,5019,0,0,0,1.0,1,1.0,1,1.0,1,0.20497242223022258,52
4536,3,8609,3590,5019,0,0,0,1.0,1,1.0,1,1.0,1,0.16431704968493124,53
4537,1,8610,3591,5019,0,0,0,1.0,1,1.0,1,1.0,1,0.20632503830932256,52
4538,1,8611,3592,5019,0,0,0,1.0,1,1.0,1,1.0,1,0.19942262270158373,52
4539,1,8612,3593,5019,0,0,0,1.0,1,1.0,1,1.0,1,0.21708771410896957,53
4540,2,8614,3594,5020,0,0,0,1.0,1,1.0,1,1.0,1,0.23202133959370602,54
4541,0,8614,3594,5020,0,0,0,1.0,1,1.0,1,1.0,1,0.2549888605412523,53
4542,4,8618,3598,5020,0,0,0,1.0,1,1.0,1,1.0,1,0.2511499847386006,53
4543,0,8618,3598,5020,0,0,0,1.0,1,1.0,1,1.0,1,0.2511499847386006,53
4544,2,8620,3600,5020,0,0,0,1.0,1,1.0,1,1.0,1,0.27463177311356807,52
4545,0,8620,3600,5020,0,0,0,1.0,1,1.0,1,1.0,1,0.2807940125674615,50
4546,4,8624,3601,5023,0,0,0,1.0,1,1.0,1,1.0,1,0.22929412598555152,49
4547,1,8625,3601,5024,0,0,0,1.0,1,1.0,1,1.0,1,0.2215705793643866,49
4548,0,8625,3601,5024,0,0,0,1.0,1,1.0,1,1.0,1,0.2215705793643866,49
4549,0,8625,3601,5024,0,0,0,1.0,1,1.0,1,1.0,1,0.2356743852339817,50
4550,1,8626,3602,5024,0,0,0,1.0,1,1.0,1,1.0,1,0.2601999821251455,49
4551,0,8626,3602,5024,0,0,0,1.0,1,1.0,1,1.0,1,0.2601999821251455,49
4552,2,8628,3604,5024,0,0,0,1.0,1,1.0,1,1.0,1,0.23980638004231822,49
4553,2,8630,3606,5024,0,0,0,1.0,1,1.0,1,1.0,1,0.2690868644564265,49
4554,3,8633,3608,5025,0,0,0,1.0,1,1.0,1,1.0,1,0.28268013048676893,49
4555,1,8634,3609,5025,0,0,0,1.0,1,1.0,1,1.0,1,0.2946640437078956,48
4556,1,8635,3609,5026,0,0,0,1.0,1,1.0,1,1.0,1,0.2773678169237105,48
4557,1,8636,3609,5027,0,0,0,1.0,1,1.0,1,1.0,1,0.27757027244996657,49
4558,2,8638,3610,5028,0,0,0,1.0,1,1.0,1,1.0,1,0.2273806939135943,49
4559,2,8640,3611,5029,0,0,0,1.0,1,1.0,1,1.0,1,0.23084702401281582,50
4560,0,8640,3611,5029,0,0,0,1.0,1,1.0,1,1.0,1,0.23860079981904955,51
4561,2,8642,3611,5031,0,0,0,1.0,1,1.0,1,1.0,1,0.22511891269363363,52
4562,1,8643,3612,5031,0,0,0,1.0,1,1.0,1,1.0,1,0.23554261004221125,53
4563,3,8646,3613,5033,0,0,0,1.0,1,1.0,1,1.0,1,0.19701698600305625,52
4564,1,8647,3613,5034,0,0,0,1.0,1,1.0,1,1.0,1,0.19064273881126945,54
4565,1,8648,3614,5034,0,0,0,1.0,1,1.0,1,1.0,1,0.1906613680218841,55
4566,2,8650,3615,5035,0,0,0,1.0,1,1.0,1,1.0,1,0.1660184899388205,55
4567,2,8652,3617,5035,0,0,0,1.0,1,1.0,1,1.0,1,0.15298814480191214,56
4568,2,8654,3618,5036,0,0,0,1.0,1,1.0,1,1.0,1,0.17924929829335615,58
4569,1,8655,3618,5037,0,0,0,1.0,1,1.0,1,1.0,1,0.1590275118696934,59
4570,3,8658,3620,5038,0,0,0,1.0,1,1.0,1,1.0,1,0.17496682961882012,59
4571,0,8658,3620,5038,0,0,0,1.0,1,1.0,1,1.0,1,0.1604225928814051,57
4572,1,8659,3621,5038,0,0,0,1.0,1,1.0,1,1.0,1,0.17158833373416138,56
4573,2,8661,3622,5039,0,0,0,1.0,1,1.0,1,1.0,1,0.16590354929715487,56
4574,0,8661,3622,5039,0,0,0,1.0,1,1.0,1,1.0,1,0.21617797360405056,55
4575,0,8661,3622,5039,0,0,0,1.0,1,1.0,1,1.0,1,0.21617797360405056,55
4576,1,8662,3622,5040,0,0,0,1.0,1,1.0,1,1.0,1,0.21838215982858875,55
4577,0,8662,3622,5040,0,0,0,1.0,1,1.0,1,1.0,1,0.23294938790859254,54
4578,2,8664,3623,5041,0,0,0,1.0,1,1.0,1,1.0,1,0.23523324499165665,54
4579,1,8665,3623,5042,0,0,0,1.0,1,1.0,1,1.0,1,0.21604210285128403,54
4580,0,8665,3623,5042,0,0,0,1.0,1,1.0,1,1.0,1,0.20805956659270253,55
4581,1,8666,3624,5042,0,0,0,1.0,1,1.0,1,1.0,1,0.2405301910699031,56
4582,0,8666,3624,5042,0,0,0,1.0,1,1.0,1,1.0,1,0.2405301910699031,56
4583,1,8667,3625,5042,0,0,0,1.0,1,1.0,1,1.0,1,0.25067906324539085,57
4584,1,8668,3626,5042,0,0,0,1.0,1,1.0,1,1.0,1,0.2755110462136578,57
4585,0,8668,3626,5042,0,0,0,1.0,1,1.0,1,1.0,1,0.2755110462136578,57
4586,0,8668,3626,5042,0,0,0,1.0,1,1.0,1,1.0,1,0.2755110462136578,57
4587,0,8668,3626,5042,0,0,0,1.0,1,1.0,1,1.0,1,0.2755110462136578,57
4588,2,8670,3626,5044,0,0,0,1.0,1,1.0,1,1.0,1,0.2655792720871333,58
4589,0,8670,3626,5044,0,0,0,1.0,1,1.0,1,1.0,1,0.2666833084332806,59
4590,1,8671,3626,5045,0,0,0,1.0,1,1.0,1,1.0,1,0.26669190624980654,60
4591,2,8673,3626,5047,0,0,0,1.0,1,1.0,1,1.0,1,0.24941489518327242,61
4592,0,8673,3626,5047,0,0,0,1.0,1,1.0,1,1.0,1,0.2488316444718623,62
4593,3,8676,3627,5049,0,0,0,1.0,1,1.0,1,1.0,1,0.25511728681111795,64
4594,1,8677,3627,5050,0,0,0,1.0,1,1.0,1,1.0,1,0.24941995585681728,64
4595,0,8677,3627,5050,0,0,0,1.0,1,1.0,1,1.0,1,0.2587502428262844,63
4596,0,8677,3627,5050,0,0,0,1.0,1,1.0,1,1.0,1,0.2587502428262844,63
4597,2,8679,3629,5050,0,0,0,1.0,1,1.0,1,1.0,1,0.2565521545217493,63
4598,3,8682,3630,5052,0,0,0,1.0,1,1.0,1,1.0,1,0.21517838856639354,65
4599,4,8686,3631,5055,0,0,0,1.0,1,1.0,1,1.0,1,0.21595324947414488,66
4600,1,8687,3632,5055,0,0,0,1.0,1,1.0,1,1.0,1,0.23409856866377807,67
4601,2,8689,3632,5057,0,0,0,1.0,1,1.0,1,1.0,1,0.23409856866377807,67
4602,1,8690,3632,5058,0,0,0,1.0,1,1.0,1,1.0,1,0.22773984926459867,69
4603,1,8691,3633,5058,0,0,0,1.0,1,1.0,1,1.0,1,0.24307070174628218,69
4604,2,8693,3634,5059,0,0,0,1.0,1,1.0,1,1.0,1,0.21848525327362578,69
4605,0,8693,3634,5059,0,0,0,1.0,1,1.0,1,1.0,1,0.20731731755543165,70
4606,2,8695,3634,5061,0,0,0,1.0,1,1.0,1,1.0,1,0.1863675763066047,70
4607,2,8697,3635,5062,0,0,0,1.0,1,1.0,1,1.0,1,0.20384989948553403,72
4608,1,8698,3635,5063,0,0,0,1.0,1,1.0,1,1.0,1,0.19852473366721757,73
4609,0,8698,3635,5063,0,0,0,1.0,1,1.0,1,1.0,1,0.1880833609707868,72
4610,2,8700,3636,5064,0,0,0,1.0,1,1.0,1,1.0,1,0.17834297853386852,72
4611,1,8701,3637,5064,0,0,0,1.0,1,1.0,1,1.0,1,0.1880566456304062,71
4612,2,8703,3638,5065,0,0,0,1.0,1,1.0,1,1.0,1,0.195416878963733,70
4613,0,8703,3638,5065,0,0,0,1.0,1,1.0,1,1.0,1,0.18587081621767698,69
4614,0,8703,3638,5065,0,0,0,1.0,1,1.0,1,1.0,1,0.20884933287972043,68
4615,2,8705,3640,5065,0,0,0,1.0,1,1.0,1,1.0,1,0.22333851496196083,68
4616,0,8705,3640,5065,0,0,0,1.0,1,1.0,1,1.0,1,0.244679770423856,65
4617,2,8707,3642,5065,0,0,0,1.0,1,1.0,1,1.0,1,0.2498839535961829,66
4618,3,8710,3643,5067,0,0,0,1.0,1,1.0,1,1.0,1,0.24700377976772014,66
4619,0,8710,3643,5067,0,0,0,1.0,1,1.0,1,1.0,1,0.252001740104239,65
4620,1,8711,3643,5068,0,0,0,1.0,1,1.0,1,1.0,1,0.2545205897541814,65
4621,9,8720,3646,5074,0,0,0,1.0,1,1.0,1,1.0,1,0.23044841304861283,67
4622,1,8721,3647,5074,0,0,0,1.0,1,1.0,1,1.0,1,0.23762459535688818,65
4623,5,8726,3651,5075,0,0,0,1.0,1,1.0,1,1.0,1,0.268511922600404,66
4624,6,8732,3655,5077,0,0,0,1.0,1,1.0,1,1.0,1,0.26703269040885197,65
4625,2,8734,3655,5079,0,0,0,1.0,1,1.0,1,1.0,1,0.25402038600998617,64
4626,1,8735,3656,5079,0,0,0,1.0,1,1.0,1,1.0,1,0.27107785058286127,63
4627,2,8737,3657,5080,0,0,0,1.0,1,1.0,1,1.0,1,0.23301610050075994,65
4628,0,8737,3657,5080,0,0,0,1.0,1,1.0,1,1.0,1,0.24897997597478333,64
4629,2,8739,3659,5080,0,0,0,1.0,1,1.0,1,1.0,1,0.22989927853963502,64
4630,2,8741,3660,5081,0,0,0,1.0,1,1.0,1,1.0,1,0.21151527481700275,64
4631,3,8744,3662,5082,0,0,0,1.0,1,1.0,1,1.0,1,0.2694840642370761,66
4632,3,8747,3662,5085,0,0,0,1.0,1,1.0,1,1.0,1,0.2598883422903066,65
4633,1,8748,3662,5086,0,0,0,1.0,1,1.0,1,1.0,1,0.23169191129254146,66
4634,0,8748,3662,5086,0,0,0,1.0,1,1.0,1,1.0,1,0.23169191129254146,66
4635,0,8748,3662,5086,0,0,0,1.0,1,1.0,1,1.0,1,0.23379160792947648,66
4636,3,8751,3662,5089,0,0,0,1.0,1,1.0,1,1.0,1,0.2075526996088537,66
4637,2,8753,3662,5091,0,0,0,1.0,1,1.0,1,1.0,1,0.1722503978750981,68
4638,0,8753,3662,5091,0,0,0,1.0,1,1.0,1,1.0,1,0.1722503978750981,68
4639,2,8755,3663,5092,0,0,0,1.0,1,1.0,1,1.0,1,0.1752427252297622,69
4640,0,8755,3663,5092,0,0,0,1.0,1,1.0,1,1.0,1,0.1752427252297622,69
4641,2,8757,3664,5093,0,0,0,1.0,1,1.0,1,1.0,1,0.19238781683778086,70
4642,0,8757,3664,5093,0,0,0,1.0,1,1.0,1,1.0,1,0.19720735313455373,69
4643,3,8760,3665,5095,0,0,0,1.0,1,1.0,1,1.0,1,0.2065579340974058,70
4644,1,8761,3666,5095,0,0,0,1.0,1,1.0,1,1.0,1,0.23686535068591477,69
4645,2,8763,3666,5097,0,0,0,1.0,1,1.0,1,1.0,1,0.22974013859336276,70
4646,2,8765,3667,5098,0,0,0,1.0,1,1.0,1,1.0,1,0.24175197540795101,68
4647,4,8769,3669,5100,0,0,0,1.0,1,1.0,1,1.0,1,0.26180872178995085,68
4648,1,8770,3669,5101,0,0,0,1.0,1,1.0,1,1.0,1,0.27745463402526355,67
4649,2,8772,3669,5103,0,0,0,1.0,1,1.0,1,1.0,1,0.27039289198632116,67
4650,1,8773,3669,5104,0,0,0,1.0,1,1.0,1,1.0,1,0.25066366539078305,67
4651,8,8781,3672,5109,0,0,0,1.0,1,1.0,1,1.0,1,0.22674687900894558,68
4652,0,8781,3672,5109,0,0,0,1.0,1,1.0,1,1.0,1,0.2502880166401003,66
4653,1,8782,3673,5109,0,0,0,1.0,1,1.0,1,1.0,1,0.2540371066337619,64
4654,2,8784,3674,5110,0,0,0,1.0,1,1.0,1,1.0,1,0.26923344371551156,65
4655,0,8784,3674,5110,0,0,0,1.0,1,1.0,1,1.0,1,0.26619495475326654,64
4656,3,8787,3675,5112,0,0,0,1.0,1,1.0,1,1.0,1,0.2735043580414707,65
4657,3,8790,3677,5113,0,0,0,1.0,1,1.0,1,1.0,1,0.26762691943522715,66
4658,2,8792,3678,5114,0,0,0,1.0,1,1.0,1,1.0,1,0.3073004005860828,65
4659,0,8792,3678,5114,0,0,0,1.0,1,1.0,1,1.0,1,0.3073004005860828,65
4660,0,8792,3678,5114,0,0,0,1.0,1,1.0,1,1.0,1,0.31261675104731607,66
4661,0,8792,3678,5114,0,0,0,1.0,1,1.0,1,1.0,1,0.3240614680427398,66
4662,2,8794,3679,5115,0,0,0,1.0,1,1.0,1,1.0,1,0.3201025109392295,68
4663,2,8796,3680,5116,0,0,0,1.0,1,1.0,1,1.0,1,0.31119168470737985,67
4664,6,8802,3681,5121,0,0,0,1.0,1,1.0,1,1.0,1,0.3106552047534979,67
4665,1,8803,3681,5122,0,0,0,1.0,1,1.0,1,1.0,1,0.3062984217460009,67
4666,9,8812,3681,5131,0,0,0,1.0,1,1.0,1,1.0,1,0.2038314025662488,67
4667,2,8814,3682,5132,0,0,0,1.0,1,1.0,1,1.0,1,0.1920578831416776,66
4668,3,8817,3684,5133,0,0,0,1.0,1,1.0,1,1.0,1,0.19924818776012804,66
4669,1,8818,3685,5133,0,0,0,1.0,1,1.0,1,1.0,1,0.20892989295218847,66
4670,0,8818,3685,5133,0,0,0,1.0,1,1.0,1,1.0,1,0.22587344682185448,64
4671,0,8818,3685,5133,0,0,0,1.0,1,1.0,1,1.0,1,0.22587344682185448,64
4672,1,8819,3685,5134,0,0,0,1.0,1,1.0,1,1.0,1,0.23411533435168927,64
4673,4,8823,3687,5136,0,0,0,1.0,1,1.0,1,1.0,1,0.2099550323954069,65
4674,3,8826,3689,5137,0,0,0,1.0,1,1.0,1,1.0,1,0.20315540867849607,66
4675,1,8827,3689,5138,0,0,0,1.0,1,1.0,1,1.0,1,0.21990793322856156,65
4676,0,8827,3689,5138,0,0,0,1.0,1,1.0,1,1.0,1,0.24092993130950205,65
4677,1,8828,3690,5138,0,0,0,1.0,1,1.0,1,1.0,1,0.2589949826130731,65
4678,0,8828,3690,5138,0,0,0,1.0,1,1.0,1,1.0,1,0.27801457059576956,64
4679,2,8830,3691,5139,0,0,0,1.0,1,1.0,1,1.0,1,0.2749894399163779,66
4680,0,8830,3691,5139,0,0,0,1.0,1,1.0,1,1.0,1,0.2830424232959573,67
4681,6,8836,3692,5144,0,0,0,1.0,1,1.0,1,1.0,1,0.2485861743187262,67
4682,2,8838,3694,5144,0,0,0,1.0,1,1.0,1,1.0,1,0.27657390439707136,67
4683,5,8843,3695,5148,0,0,0,1.0,1,1.0,1,1.0,1,0.23036803961356425,67
4684,0,8843,3695,5148,0,0,0,1.0,1,1.0,1,1.0,1,0.22160882390762388,66
4685,1,8844,3695,5149,0,0,0,1.0,1,1.0,1,1.0,1,0.20169719271581596,65
4686,1,8845,3696,5149,0,0,0,1.0,1,1.0,1,1.0,1,0.21667182553219796,65
4687,0,8845,3696,5149,0,0,0,1.0,1,1.0,1,1.0,1,0.2088518515975928,65
4688,0,8845,3696,5149,0,0,0,1.0,1,1.0,1,1.0,1,0.20070839053045464,64
4689,2,8847,3698,5149,0,0,0,1.0,1,1.0,1,1.0,1,0.2516751127604633,65
4690,1,8848,3698,5150,0,0,0,1.0,1,1.0,1,1.0,1,0.25867724731873837,63
4691,3,8851,3701,5150,0,0,0,1.0,1,1.0,1,1.0,1,0.3048921255109876,64
4692,4,8855,3701,5154,0,0,0,1.0,1,1.0,1,1.0,1,0.29364952058777943,63
4693,2,8857,3701,5156,0,0,0,1.0,1,1.0,1,1.0,1,0.29591607341314974,64
4694,2,8859,3701,5158,0,0,0,1.0,1,1.0,1,1.0,1,0.2632035393072273,63
4695,2,8861,3701,5160,0,0,0,1.0,1,1.0,1,1.0,1,0.2598703009352084,62
4696,5,8866,3703,5163,0,0,0,1.0,1,1.0,1,1.0,1,0.2278453882916016,61
4697,2,8868,3704,5164,0,0,0,1.0,1,1.0,1,1.0,1,0.20161452064609897,63
4698,0,8868,3704,5164,0,0,0,1.0,1,1.0,1,1.0,1,0.20490934411054257,63
4699,0,8868,3704,5164,0,0,0,1.0,1,1.0,1,1.0,1,0.19863593756999484,65
4700,0,8868,3704,5164,0,0,0,1.0,1,1.0,1,1.0,1,0.20873655201550392,64
4701,0,8868,3704,5164,0,0,0,1.0,1,1.0,1,1.0,1,0.20873655201550392,64
4702,1,8869,3704,5165,0,0,0,1.0,1,1.0,1,1.0,1,0.19799351180551908,66
4703,1,8870,3705,5165,0,0,0,1.0,1,1.0,1,1.0,1,0.2017642753555222,65
4704,4,8874,3708,5166,0,0,0,1.0,1,1.0,1,1.0,1,0.20982219462211377,64
4705,2,8876,3710,5166,0,0,0,1.0,1,1.0,1,1.0,1,0.2719065006928134,65
4706,6,8882,3715,5167,0,0,0,1.0,1,1.0,1,1.0,1,0.3066942625209717,65
4707,4,8886,3716,5170,0,0,0,1.0,1,1.0,1,1.0,1,0.2952177396745304,63
4708,1,8887,3717,5170,0,0,0,1.0,1,1.0,1,1.0,1,0.301859209726559,62
4709,3,8890,3720,5170,0,0,0,1.0,1,1.0,1,1.0,1,0.34873877785258856,61
4710,0,8890,3720,5170,0,0,0,1.0,1,1.0,1,1.0,1,0.3473780494563836,60
4711,10,8900,3722,5178,0,0,0,1.0,1,1.0,1,1.0,1,0.24046924151237967,59
4712,1,8901,3722,5179,0,0,0,1.0,1,1.0,1,1.0,1,0.2311697938644808,58
4713,1,8902,3723,5179,0,0,0,1.0,1,1.0,1,1.0,1,0.23692776621090186,58
4714,0,8902,3723,5179,0,0,0,1.0,1,1.0,1,1.0,1,0.23378401782772054,57
4715,0,8902,3723,5179,0,0,0,1.0,1,1.0,1,1.0,1,0.24087510586868427,57
4716,1,8903,3724,5179,0,0,0,1.0,1,1.0,1,1.0,1,0.26220093858624116,55
4717,2,8905,3725,5180,0,0,0,1.0,1,1.0,1,1.0,1,0.25167382133913896,57
4718,1,8906,3725,5181,0,0,0,1.0,1,1.0,1,1.0,1,0.22832529083244163,56
4719,2,8908,3726,5182,0,0,0,1.0,1,1.0,1,1.0,1,0.2558230090150869,56
4720,1,8909,3726,5183,0,0,0,1.0,1,1.0,1,1.0,1,0.24247324687234062,57
4721,1,8910,3726,5184,0,0,0,1.0,1,1.0,1,1.0,1,0.2110788401413701,57
4722,1,8911,3726,5185,0,0,0,1.0,1,1.0,1,1.0,1,0.20553398010274423,57
4723,2,8913,3728,5185,0,0,0,1.0,1,1.0,1,1.0,1,0.22245013861743052,57
4724,4,8917,3729,5188,0,0,0,1.0,1,1.0,1,1.0,1,0.22064929872379474,57
4725,3,8920,3730,5190,0,0,0,1.0,1,1.0,1,1.0,1,0.27048612951588136,57
4726,5,8925,3732,5193,0,0,0,1.0,1,1.0,1,1.0,1,0.23855908712010593,57
4727,0,8925,3732,5193,0,0,0,1.0,1,1.0,1,1.0,1,0.24802444293618858,56
4728,2,8927,3733,5194,0,0,0,1.0,1,1.0,1,1.0,1,0.2550240803408239,57
4729,0,8927,3733,5194,0,0,0,1.0,1,1.0,1,1.0,1,0.26867776800278076,56
4730,1,8928,3734,5194,0,0,0,1.0,1,1.0,1,1.0,1,0.28845962969488187,54
4731,3,8931,3735,5196,0,0,0,1.0,1,1.0,1,1.0,1,0.27271267569992136,54
4732,1,8932,3736,5196,0,0,0,1.0,1,1.0,1,1.0,1,0.3121639415694605,54
4733,3,8935,3737,5198,0,0,0,1.0,1,1.0,1,1.0,1,0.3031696154224301,55
4734,3,8938,3739,5199,0,0,0,1.0,1,1.0,1,1.0,1,0.3221821415954104,56
4735,5,8943,3741,5202,0,0,0,1.0,1,1.0,1,1.0,1,0.33853525153281394,56
4736,3,8946,3742,5204,0,0,0,1.0,1,1.0,1,1.0,1,0.34812858239710903,58
4737,1,8947,3742,5205,0,0,0,1.0,1,1.0,1,1.0,1,0.34019396561034043,59
4738,1,8948,3743,5205,0,0,0,1.0,1,1.0,1,1.0,1,0.3561186739129506,60
4739,1,8949,3743,5206,0,0,0,1.0,1,1.0,1,1.0,1,0.3626592472921684,60
4740,1,8950,3743,5207,0,0,0,1.0,1,1.0,1,1.0,1,0.3561186739129506,60
4741,4,8954,3743,5211,0,0,0,1.0,1,1.0,1,1.0,1,0.3203520182741187,61
4742,4,8958,3746,5212,0,0,0,1.0,1,1.0,1,1.0,1,0.3291453120836323,61
4743,0,8958,3746,5212,0,0,0,1.0,1,1.0,1,1.0,1,0.3201100980728488,60
4744,2,8960,3748,5212,0,0,0,1.0,1,1.0,1,1.0,1,0.32368790806815034,60
4745,1,8961,3748,5213,0,0,0,1.0,1,1.0,1,1.0,1,0.2924431768574238,59
4746,2,8963,3750,5213,0,0,0,1.0,1,1.0,1,1.0,1,0.31739128472483513,59
4747,3,8966,3752,5214,0,0,0,1.0,1,1.0,1,1.0,1,0.30549933520336453,58
4748,5,8971,3754,5217,0,0,0,1.0,1,1.0,1,1.0,1,0.28090143010669544,58
4749,7,8978,3756,5222,0,0,0,1.0,1,1.0,1,1.0,1,0.2551251064878453,58
4750,6,8984,3757,5227,0,0,0,1.0,1,1.0,1,1.0,1,0.23895730718035466,56
4751,7,8991,3760,5231,0,0,0,1.0,1,1.0,1,1.0,1,0.24626204346735045,58
4752,2,8993,3760,5233,0,0,0,1.0,1,1.0,1,1.0,1,0.23113382876467675,55
4753,1,8994,3760,5234,0,0,0,1.0,1,1.0,1,1.0,1,0.2251395583133535,55
4754,2,8996,3760,5236,0,0,0,1.0,1,1.0,1,1.0,1,0.20646208519626633,54
4755,3,8999,3760,5239,0,0,0,1.0,1,1.0,1,1.0,1,0.1898656998546923,54
4756,4,9003,3761,5242,0,0,0,1.0,1,1.0,1,1.0,1,0.1798295458480351,54
4757,0,9003,3761,5242,0,0,0,1.0,1,1.0,1,1.0,1,0.17426598498725376,53
4758,0,9003,3761,5242,0,0,0,1.0,1,1.0,1,1.0,1,0.17426598498725376,53
4759,1,9004,3761,5243,0,0,0,1.0,1,1.0,1,1.0,1,0.1486363339933103,53
4760,2,9006,3762,5244,0,0,0,1.0,1,1.0,1,1.0,1,0.16041925535759352,53
4761,5,9011,3764,5247,0,0,0,1.0,1,1.0,1,1.0,1,0.19149303871846957,52
4762,3,9014,3765,5249,0,0,0,1.0,1,1.0,1,1.0,1,0.23095392593234684,54
4763,5,9019,3768,5251,0,0,0,1.0,1,1.0,1,1.0,1,0.24587640550169476,54
4764,3,9022,3769,5253,0,0,0,1.0,1,1.0,1,1.0,1,0.23885467643464356,55
4765,7,9029,3772,5257,0,0,0,1.0,1,1.0,1,1.0,1,0.3047217362123829,56
4766,1,9030,3772,5258,0,0,0,1.0,1,1.0,1,1.0,1,0.29107574795040675,58
4767,2,9032,3772,5260,0,0,0,1.0,1,1.0,1,1.0,1,0.28626742837897445,59
4768,5,9037,3773,5264,0,0,0,1.0,1,1.0,1,1.0,1,0.2739906013999443,60
4769,3,9040,3773,5267,0,0,0,1.0,1,1.0,1,1.0,1,0.25374188371347545,59
4770,2,9042,3773,5269,0,0,0,1.0,1,1.0,1,1.0,1,0.2627088316923546,60
4771,4,9046,3773,5273,0,0,0,1.0,1,1.0,1,1.0,1,0.2396923275800292,59
4772,1,9047,3774,5273,0,0,0,1.0,1,1.0,1,1.0,1,0.22235624439381516,59
4773,1,9048,3774,5274,0,0,0,1.0,1,1.0,1,1.0,1,0.20494344522048863,60
4774,0,9048,3774,5274,0,0,0,1.0,1,1.0,1,1.0,1,0.20494344522048863,60
4775,0,9048,3774,5274,0,0,0,1.0,1,1.0,1,1.0,1,0.20026324437206422,62
4776,0,9048,3774,5274,0,0,0,1.0,1,1.0,1,1.0,1,0.18986926766977466,63
4777,0,9048,3774,5274,0,0,0,1.0,1,1.0,1,1.0,1,0.18986926766977466,63
4778,3,9051,3775,5276,0,0,0,1.0,1,1.0,1,1.0,1,0.17860927347861713,63
4779,2,9053,3776,5277,0,0,0,1.0,1,1.0,1,1.0,1,0.179958542657184,63
4780,5,9058,3777,5281,0,0,0,1.0,1,1.0,1,1.0,1,0.20064401630373083,65
4781,2,9060,3777,5283,0,0,0,1.0,1,1.0,1,1.0,1,0.21466629542037588,64
4782,0,9060,3777,5283,0,0,0,1.0,1,1.0,1,1.0,1,0.2254372136081198,65
4783,4,9064,3779,5285,0,0,0,1.0,1,1.0,1,1.0,1,0.21971153718265532,66
4784,1,9065,3780,5285,0,0,0,1.0,1,1.0,1,1.0,1,0.2084912830903425,64
4785,4,9069,3782,5287,0,0,0,1.0,1,1.0,1,1.0,1,0.232259795625234,65
4786,10,9079,3785,5294,0,0,0,1.0,1,1.0,1,1.0,1,0.22044325183028515,66
4787,4,9083,3785,5298,0,0,0,1.0,1,1.0,1,1.0,1,0.14598769376614562,63
4788,3,9086,3788,5298,0,0,0,1.0,1,1.0,1,1.0,1,0.1695258359861789,63
4789,4,9090,3791,5299,0,0,0,1.0,1,1.0,1,1.0,1,0.14523843840927,60
4790,5,9095,3794,5301,0,0,0,1.0,1,1.0,1,1.0,1,0.15810785614406142,61
4791,3,9098,3797,5301,0,0,0,1.0,1,1.0,1,1.0,1,0.18526970086315006,59
4792,2,9100,3799,5301,0,0,0,1.0,1,1.0,1,1.0,1,0.16926925317603855,59
4793,3,9103,3801,5302,0,0,0,1.0,1,1.0,1,1.0,1,0.1656240218948486,61
4794,2,9105,3803,5302,0,0,0,1.0,1,1.0,1,1.0,1,0.17548198686969402,60
4795,0,9105,3803,5302,0,0,0,1.0,1,1.0,1,1.0,1,0.17735268082224095,61
4796,2,9107,3805,5302,0,0,0,1.0,1,1.0,1,1.0,1,0.207956985765296,60
4797,3,9110,3807,5303,0,0,0,1.0,1,1.0,1,1.0,1,0.20321434891225404,61
4798,5,9115,3808,5307,0,0,0,1.0,1,1.0,1,1.0,1,0.19150146113522773,61
4799,3,9118,3808,5310,0,0,0,1.0,1,1.0,1,1.0,1,0.18768584150367665,59
4800,1,9119,3809,5310,0,0,0,1.0,1,1.0,1,1.0,1,0.1883153799285193,57
4801,5,9124,3810,5314,0,0,0,1.0,1,1.0,1,1.0,1,0.15348972350403978,58
4802,0,9124,3810,5314,0,0,0,1.0,1,1.0,1,1.0,1,0.15641878395207248,56
4803,2,9126,3812,5314,0,0,0,1.0,1,1.0,1,1.0,1,0.17870605334497533,57
4804,0,9126,3812,5314,0,0,0,1.0,1,1.0,1,1.0,1,0.17489775341468317,55
4805,2,9128,3813,5315,0,0,0,1.0,1,1.0,1,1.0,1,0.18515634031036424,56
4806,0,9128,3813,5315,0,0,0,1.0,1,1.0,1,1.0,1,0.18306077310916768,55
4807,0,9128,3813,5315,0,0,0,1.0,1,1.0,1,1.0,1,0.2048128807548871,53
4808,3,9131,3815,5316,0,0,0,1.0,1,1.0,1,1.0,1,0.21576217772037948,54
4809,0,9131,3815,5316,0,0,0,1.0,1,1.0,1,1.0,1,0.226344149400832,53
4810,1,9132,3816,5316,0,0,0,1.0,1,1.0,1,1.0,1,0.21770280867192324,53
4811,2,9134,3816,5318,0,0,0,1.0,1,1.0,1,1.0,1,0.1739258187860452,54
4812,2,9136,3818,5318,0,0,0,1.0,1,1.0,1,1.0,1,0.17203500070779817,54
4813,0,9136,3818,5318,0,0,0,1.0,1,1.0,1,1.0,1,0.17272323395602354,55
4814,2,9138,3820,5318,0,0,0,1.0,1,1.0,1,1.0,1,0.19657411020970417,55
4815,1,9139,3820,5319,0,0,0,1.0,1,1.0,1,1.0,1,0.17998031931237013,56
4816,2,9141,3822,5319,0,0,0,1.0,1,1.0,1,1.0,1,0.192379968016352,56
4817,5,9146,3824,5322,0,0,0,1.0,1,1.0,1,1.0,1,0.19645924719304442,58
4818,4,9150,3826,5324,0,0,0,1.0,1,1.0,1,1.0,1,0.22827887870334562,58
4819,0,9150,3826,5324,0,0,0,1.0,1,1.0,1,1.0,1,0.22232212987782188,58
4820,0,9150,3826,5324,0,0,0,1.0,1,1.0,1,1.0,1,0.22232212987782188,58
4821,1,9151,3827,5324,0,0,0,1.0,1,1.0,1,1.0,1,0.23832510491242528,58
4822,2,9153,3829,5324,0,0,0,1.0,1,1.0,1,1.0,1,0.25316637071709924,58
4823,3,9156,3832,5324,0,0,0,1.0,1,1.0,1,1.0,1,0.2568680198748757,57
4824,1,9157,3833,5324,0,0,0,1.0,1,1.0,1,1.0,1,0.2878108306796377,56
4825,3,9160,3834,5326,0,0,0,1.0,1,1.0,1,1.0,1,0.2722218283042045,57
4826,1,9161,3835,5326,0,0,0,1.0,1,1.0,1,1.0,1,0.28569119225163014,57
4827,3,9164,3836,5328,0,0,0,1.0,1,1.0,1,1.0,1,0.26809458580864465,56
4828,1,9165,3837,5328,0,0,0,1.0,1,1.0,1,1.0,1,0.26543323506877636,57
4829,0,9165,3837,5328,0,0,0,1.0,1,1.0,1,1.0,1,0.2683097240744699,56
4830,1,9166,3837,5329,0,0,0,1.0,1,1.0,1,1.0,1,0.2540382875529061,57
4831,6,9172,3839,5333,0,0,0,1.0,1,1.0,1,1.0,1,0.2577564003384446,57
4832,0,9172,3839,5333,0,0,0,1.0,1,1.0,1,1.0,1,0.2621658205943589,55
4833,1,9173,3840,5333,0,0,0,1.0,1,1.0,1,1.0,1,0.2718495101395794,55
4834,3,9176,3841,5335,0,0,0,1.0,1,1.0,1,1.0,1,0.25021823558567136,55
4835,0,9176,3841,5335,0,0,0,1.0,1,1.0,1,1.0,1,0.24924964549336412,55
4836,1,9177,3841,5336,0,0,0,1.0,1,1.0,1,1.0,1,0.22262745232394537,55
4837,2,9179,3843,5336,0,0,0,1.0,1,1.0,1,1.0,1,0.21853941646730202,53
4838,1,9180,3844,5336,0,0,0,1.0,1,1.0,1,1.0,1,0.22568691466766788,54
4839,3,9183,3846,5337,0,0,0,1.0,1,1.0,1,1.0,1,0.23454765459271465,53
4840,2,9185,3847,5338,0,0,0,1.0,1,1.0,1,1.0,1,0.2413786930209787,52
4841,3,9188,3850,5338,0,0,0,1.0,1,1.0,1,1.0,1,0.25902418051140735,51
4842,4,9192,3852,5340,0,0,0,1.0,1,1.0,1,1.0,1,0.2750974543953827,50
4843,2,9194,3854,5340,0,0,0,1.0,1,1.0,1,1.0,1,0.2872913898885751,51
4844,1,9195,3855,5340,0,0,0,1.0,1,1.0,1,1.0,1,0.2756941270847565,50
4845,4,9199,3856,5343,0,0,0,1.0,1,1.0,1,1.0,1,0.2986148310982516,49
4846,6,9205,3858,5347,0,0,0,1.0,1,1.0,1,1.0,1,0.22603017498337621,49
4847,1,9206,3858,5348,0,0,0,1.0,1,1.0,1,1.0,1,0.24333224409844714,48
4848,2,9208,3860,5348,0,0,0,1.0,1,1.0,1,1.0,1,0.27929710096183064,48
4849,1,9209,3861,5348,0,0,0,1.0,1,1.0,1,1.0,1,0.2734977344982655,48
4850,1,9210,3861,5349,0,0,0,1.0,1,1.0,1,1.0,1,0.2632659534041106,49
4851,2,9212,3862,5350,0,0,0,1.0,1,1.0,1,1.0,1,0.25002573668681566,49
4852,0,9212,3862,5350,0,0,0,1.0,1,1.0,1,1.0,1,0.2783358885117492,49
4853,0,9212,3862,5350,0,0,0,1.0,1,1.0,1,1.0,1,0.27483199512417683,50
4854,2,9214,3863,5351,0,0,0,1.0,1,1.0,1,1.0,1,0.2671174491226043,51
4855,1,9215,3863,5352,0,0,0,1.0,1,1.0,1,1.0,1,0.2762757274720027,51
4856,1,9216,3863,5353,0,0,0,1.0,1,1.0,1,1.0,1,0.2756631822759593,50
4857,2,9218,3863,5355,0,0,0,1.0,1,1.0,1,1.0,1,0.2413512450974066,51
4858,2,9220,3863,5357,0,0,0,1.0,1,1.0,1,1.0,1,0.24438903423952454,51
4859,2,9222,3863,5359,0,0,0,1.0,1,1.0,1,1.0,1,0.2577610787416614,52
4860,2,9224,3863,5361,0,0,0,1.0,1,1.0,1,1.0,1,0.2577610787416614,52
4861,5,9229,3863,5366,0,0,0,1.0,1,1.0,1,1.0,1,0.20394452358603443,53
4862,2,9231,3864,5367,0,0,0,1.0,1,1.0,1,1.0,1,0.20798101255703785,53
4863,0,9231,3864,5367,0,0,0,1.0,1,1.0,1,1.0,1,0.22524802527482987,51
4864,2,9233,3865,5368,0,0,0,1.0,1,1.0,1,1.0,1,0.2084435015225475,53
4865,0,9233,3865,5368,0,0,0,1.0,1,1.0,1,1.0,1,0.21228248501267757,52
4866,2,9235,3866,5369,0,0,0,1.0,1,1.0,1,1.0,1,0.22181110751327296,53
4867,1,9236,3867,5369,0,0,0,1.0,1,1.0,1,1.0,1,0.2398712213894698,51
4868,3,9239,3868,5371,0,0,0,1.0,1,1.0,1,1.0,1,0.20389846795205138,53
4869,1,9240,3868,5372,0,0,0,1.0,1,1.0,1,1.0,1,0.21625560609068797,53
4870,5,9245,3870,5375,0,0,0,1.0,1,1.0,1,1.0,1,0.18274898035746828,55
4871,2,9247,3871,5376,0,0,0,1.0,1,1.0,1,1.0,1,0.21004383756423264,55
4872,6,9253,3873,5380,0,0,0,1.0,1,1.0,1,1.0,1,0.20270424879983778,56
4873,3,9256,3875,5381,0,0,0,1.0,1,1.0,1,1.0,1,0.19337674599310395,56
4874,4,9260,3876,5384,0,0,0,1.0,1,1.0,1,1.0,1,0.19175397012135356,58
4875,2,9262,3877,5385,0,0,0,1.0,1,1.0,1,1.0,1,0.1765362826910175,56
4876,6,9268,3879,5389,0,0,0,1.0,1,1.0,1,1.0,1,0.1491396577591134,56
4877,1,9269,3879,5390,0,0,0,1.0,1,1.0,1,1.0,1,0.14570645495424314,54
4878,0,9269,3879,5390,0,0,0,1.0,1,1.0,1,1.0,1,0.14570645495424314,54
4879,3,9272,3881,5391,0,0,0,1.0,1,1.0,1,1.0,1,0.12678004034237556,54
4880,0,9272,3881,5391,0,0,0,1.0,1,1.0,1,1.0,1,0.09649670770059154,53
4881,2,9274,3883,5391,0,0,0,1.0,1,1.0,1,1.0,1,0.11526294077607285,54
4882,1,9275,3884,5391,0,0,0,1.0,1,1.0,1,1.0,1,0.15887861203322368,52
4883,1,9276,3885,5391,0,0,0,1.0,1,1.0,1,1.0,1,0.19303578272223118,54
4884,0,9276,3885,5391,0,0,0,1.0,1,1.0,1,1.0,1,0.1647286914416938,52
4885,1,9277,3886,5391,0,0,0,1.0,1,1.0,1,1.0,1,0.18230919749476546,51
4886,0,9277,3886,5391,0,0,0,1.0,1,1.0,1,1.0,1,0.16925364387738756,50
4887,0,9277,3886,5391,0,0,0,1.0,1,1.0,1,1.0,1,0.16799413817905628,49
4888,0,9277,3886,5391,0,0,0,1.0,1,1.0,1,1.0,1,0.18272471920195116,48
4889,0,9277,3886,5391,0,0,0,1.0,1,1.0,1,1.0,1,0.18272471920195116,48
4890,0,9277,3886,5391,0,0,0,1.0,1,1.0,1,1.0,1,0.18272471920195116,48
4891,2,9279,3888,5391,0,0,0,1.0,1,1.0,1,1.0,1,0.2397884016228705,49
4892,2,9281,3888,5393,0,0,0,1.0,1,1.0,1,1.0,1,0.24429963631803037,51
4893,0,9281,3888,5393,0,0,0,1.0,1,1.0,1,1.0,1,0.24561467246286095,51
4894,1,9282,3888,5394,0,0,0,1.0,1,1.0,1,1.0,1,0.2279609682866772,52
4895,0,9282,3888,5394,0,0,0,1.0,1,1.0,1,1.0,1,0.2279609682866772,52
4896,2,9284,3890,5394,0,0,0,1.0,1,1.0,1,1.0,1,0.2163260295991739,51
4897,0,9284,3890,5394,0,0,0,1.0,1,1.0,1,1.0,1,0.20239627106830874,52
4898,2,9286,3892,5394,0,0,0,1.0,1,1.0,1,1.0,1,0.20914840767048493,52
4899,1,9287,3892,5395,0,0,0,1.0,1,1.0,1,1.0,1,0.1790927241778327,53
4900,4,9291,3895,5396,0,0,0,1.0,1,1.0,1,1.0,1,0.1329237624181767,54
4901,5,9296,3899,5397,0,0,0,1.0,1,1.0,1,1.0,1,0.15122696009620734,54
4902,1,9297,3900,5397,0,0,0,1.0,1,1.0,1,1.0,1,0.1575308245846424,55
4903,4,9301,3902,5399,0,0,0,1.0,1,1.0,1,1.0,1,0.19922758153338516,56
4904,4,9305,3903,5402,0,0,0,1.0,1,1.0,1,1.0,1,0.2227830633335882,55
4905,0,9305,3903,5402,0,0,0,1.0,1,1.0,1,1.0,1,0.22179160296827502,54
4906,4,9309,3903,5406,0,0,0,1.0,1,1.0,1,1.0,1,0.2106135348993573,54
4907,0,9309,3903,5406,0,0,0,1.0,1,1.0,1,1.0,1,0.21038360123418579,54
4908,1,9310,3903,5407,0,0,0,1.0,1,1.0,1,1.0,1,0.19869740489065105,53
4909,4,9314,3904,5410,0,0,0,1.0,1,1.0,1,1.0,1,0.19074317601869076,54
4910,0,9314,3904,5410,0,0,0,1.0,1,1.0,1,1.0,1,0.19593131630158153,55
4911,3,9317,3906,5411,0,0,0,1.0,1,1.0,1,1.0,1,0.20445378024461056,57
4912,4,9321,3909,5412,0,0,0,1.0,1,1.0,1,1.0,1,0.1735006011059769,57
4913,0,9321,3909,5412,0,0,0,1.0,1,1.0,1,1.0,1,0.15598459759672983,56
4914,1,9322,3910,5412,0,0,0,1.0,1,1.0,1,1.0,1,0.18463916903898026,56
4915,3,9325,3911,5414,0,0,0,1.0,1,1.0,1,1.0,1,0.1315541718391484,56
4916,1,9326,3911,5415,0,0,0,1.0,1,1.0,1,1.0,1,0.15199981171622307,54
4917,3,9329,3912,5417,0,0,0,1.0,1,1.0,1,1.0,1,0.18773175768240855,53
4918,3,9332,3913,5419,0,0,0,1.0,1,1.0,1,1.0,1,0.21821343539474547,52
4919,3,9335,3914,5421,0,0,0,1.0,1,1.0,1,1.0,1,0.2945107633383968,49
4920,4,9339,3914,5425,0,0,0,1.0,1,1.0,1,1.0,1,0.2945107633383968,49
4921,6,9345,3915,5430,0,0,0,1.0,1,1.0,1,1.0,1,0.2541896140402512,50
4922,2,9347,3915,5432,0,0,0,1.0,1,1.0,1,1.0,1,0.2198905989919315,50
4923,1,9348,3915,5433,0,0,0,1.0,1,1.0,1,1.0,1,0.2249300843678136,52
4924,4,9352,3916,5436,0,0,0,1.0,1,1.0,1,1.0,1,0.2056635328935615,53
4925,2,9354,3916,5438,0,0,0,1.0,1,1.0,1,1.0,1,0.15451538693741043,54
4926,0,9354,3916,5438,0,0,0,1.0,1,1.0,1,1.0,1,0.15451538693741043,54
4927,1,9355,3917,5438,0,0,0,1.0,1,1.0,1,1.0,1,0.15613963611706666,54
4928,0,9355,3917,5438,0,0,0,1.0,1,1.0,1,1.0,1,0.15613963611706666,54
4929,0,9355,3917,5438,0,0,0,1.0,1,1.0,1,1.0,1,0.1514059606885769,55
4930,0,9355,3917,5438,0,0,0,1.0,1,1.0,1,1.0,1,0.17352893607686934,58
4931,0,9355,3917,5438,0,0,0,1.0,1,1.0,1,1.0,1,0.17352893607686934,58
4932,2,9357,3918,5439,0,0,0,1.0,1,1.0,1,1.0,1,0.19499290017708634,59
4933,2,9359,3918,5441,0,0,0,1.0,1,1.0,1,1.0,1,0.15343603350560933,59
4934,0,9359,3918,5441,0,0,0,1.0,1,1.0,1,1.0,1,0.15343603350560933,59
4935,1,9360,3918,5442,0,0,0,1.0,1,1.0,1,1.0,1,0.13783025235845323,59
4936,1,9361,3919,5442,0,0,0,1.0,1,1.0,1,1.0,1,0.17059911453062504,59
4937,0,9361,3919,5442,0,0,0,1.0,1,1.0,1,1.0,1,0.1823187615857022,61
4938,1,9362,3919,5443,0,0,0,1.0,1,1.0,1,1.0,1,0.18075424754861347,62
4939,3,9365,3920,5445,0,0,0,1.0,1,1.0,1,1.0,1,0.1541758482111929,63
4940,2,9367,3920,5447,0,0,0,1.0,1,1.0,1,1.0,1,0.16366916782631902,65
4941,1,9368,3921,5447,0,0,0,1.0,1,1.0,1,1.0,1,0.1744251911028104,65
4942,3,9371,3924,5447,0,0,0,1.0,1,1.0,1,1.0,1,0.21438606870608617,67
4943,1,9372,3924,5448,0,0,0,1.0,1,1.0,1,1.0,1,0.22311933646670987,66
4944,5,9377,3927,5450,0,0,0,1.0,1,1.0,1,1.0,1,0.259382062585885,63
4945,2,9379,3928,5451,0,0,0,1.0,1,1.0,1,1.0,1,0.22364989416164394,61
4946,2,9381,3930,5451,0,0,0,1.0,1,1.0,1,1.0,1,0.27353571382080316,60
4947,0,9381,3930,5451,0,0,0,1.0,1,1.0,1,1.0,1,0.2607794870162055,58
4948,5,9386,3932,5454,0,0,0,1.0,1,1.0,1,1.0,1,0.2538278375926872,57
4949,3,9389,3933,5456,0,0,0,1.0,1,1.0,1,1.0,1,0.24305938852370104,56
4950,2,9391,3933,5458,0,0,0,1.0,1,1.0,1,1.0,1,0.2159448459923839,57
4951,7,9398,3935,5463,0,0,0,1.0,1,1.0,1,1.0,1,0.16103583739417676,55
4952,6,9404,3939,5465,0,0,0,1.0,1,1.0,1,1.0,1,0.17867880544678266,55
4953,2,9406,3940,5466,0,0,0,1.0,1,1.0,1,1.0,1,0.18956280938437145,54
4954,2,9408,3941,5467,0,0,0,1.0,1,1.0,1,1.0,1,0.19040287517270857,54
4955,1,9409,3941,5468,0,0,0,1.0,1,1.0,1,1.0,1,0.13585580152540677,52
4956,0,9409,3941,5468,0,0,0,1.0,1,1.0,1,1.0,1,0.13585580152540677,52
4957,2,9411,3942,5469,0,0,0,1.0,1,1.0,1,1.0,1,0.09691798789572567,53
4958,1,9412,3943,5469,0,0,0,1.0,1,1.0,1,1.0,1,0.10540546055418859,52
4959,1,9413,3944,5469,0,0,0,1.0,1,1.0,1,1.0,1,0.13705262385163,51
4960,1,9414,3944,5470,0,0,0,1.0,1,1.0,1,1.0,1,0.12273152370704044,53
4961,0,9414,3944,5470,0,0,0,1.0,1,1.0,1,1.0,1,0.12273152370704044,53
4962,1,9415,3944,5471,0,0,0,1.0,1,1.0,1,1.0,1,0.13135592736629623,55
4963,1,9416,3945,5471,0,0,0,1.0,1,1.0,1,1.0,1,0.12507189178835085,54
4964,0,9416,3945,5471,0,0,0,1.0,1,1.0,1,1.0,1,0.12507189178835085,54
4965,0,9416,3945,5471,0,0,0,1.0,1,1.0,1,1.0,1,0.12507189178835085,54
4966,3,9419,3947,5472,0,0,0,1.0,1,1.0,1,1.0,1,0.13912985568118166,54
4967,2,9421,3949,5472,0,0,0,1.0,1,1.0,1,1.0,1,0.1400544347794069,55
4968,1,9422,3950,5472,0,0,0,1.0,1,1.0,1,1.0,1,0.17800305819467863,55
4969,3,9425,3951,5474,0,0,0,1.0,1,1.0,1,1.0,1,0.1950899577588974,57
4970,1,9426,3952,5474,0,0,0,1.0,1,1.0,1,1.0,1,0.2303545156358049,56
4971,4,9430,3952,5478,0,0,0,1.0,1,1.0,1,1.0,1,0.18637633514813276,57
4972,3,9433,3953,5480,0,0,0,1.0,1,1.0,1,1.0,1,0.2340452796603907,57
4973,1,9434,3953,5481,0,0,0,1.0,1,1.0,1,1.0,1,0.2298866214760249,60
4974,1,9435,3953,5482,0,0,0,1.0,1,1.0,1,1.0,1,0.26257933968174746,58
4975,2,9437,3953,5484,0,0,0,1.0,1,1.0,1,1.0,1,0.24948809700741573,59
4976,2,9439,3955,5484,0,0,0,1.0,1,1.0,1,1.0,1,0.2305843279989279,59
4977,4,9443,3959,5484,0,0,0,1.0,1,1.0,1,1.0,1,0.22138289306499323,59
4978,1,9444,3960,5484,0,0,0,1.0,1,1.0,1,1.0,1,0.2241766671020208,59
4979,0,9444,3960,5484,0,0,0,1.0,1,1.0,1,1.0,1,0.22887658087272134,61
4980,5,9449,3961,5488,0,0,0,1.0,1,1.0,1,1.0,1,0.21891704094854708,62
4981,5,9454,3962,5492,0,0,0,1.0,1,1.0,1,1.0,1,0.1787273036025088,62
4982,2,9456,3963,5493,0,0,0,1.0,1,1.0,1,1.0,1,0.1423723119498113,63
4983,1,9457,3963,5494,0,0,0,1.0,1,1.0,1,1.0,1,0.13751472665185166,63
4984,2,9459,3965,5494,0,0,0,1.0,1,1.0,1,1.0,1,0.17672619832040018,61
4985,0,9459,3965,5494,0,0,0,1.0,1,1.0,1,1.0,1,0.17645095640438502,59
4986,1,9460,3966,5494,0,0,0,1.0,1,1.0,1,1.0,1,0.19337612243086857,62
4987,1,9461,3967,5494,0,0,0,1.0,1,1.0,1,1.0,1,0.20521759921431276,60
4988,0,9461,3967,5494,0,0,0,1.0,1,1.0,1,1.0,1,0.20895249767088575,59
4989,5,9466,3969,5497,0,0,0,1.0,1,1.0,1,1.0,1,0.2050155937489135,57
4990,0,9466,3969,5497,0,0,0,1.0,1,1.0,1,1.0,1,0.21846990917581027,55
4991,2,9468,3971,5497,0,0,0,1.0,1,1.0,1,1.0,1,0.22352875726824487,54
4992,1,9469,3971,5498,0,0,0,1.0,1,1.0,1,1.0,1,0.22844166525666507,52
4993,0,9469,3971,5498,0,0,0,1.0,1,1.0,1,1.0,1,0.21281712943571746,51
4994,1,9470,3972,5498,0,0,0,1.0,1,1.0,1,1.0,1,0.19063529077668853,49
4995,6,9476,3976,5500,0,0,0,1.0,1,1.0,1,1.0,1,0.23665364866082236,48
4996,5,9481,3979,5502,0,0,0,1.0,1,1.0,1,1.0,1,0.1845976123279655,48
4997,1,9482,3980,5502,0,0,0,1.0,1,1.0,1,1.0,1,0.2118965412703727,46
4998,2,9484,3980,5504,0,0,0,1.0,1,1.0,1,1.0,1,0.19350725455928006,48
4999,2,9486,3982,5504,0,0,0,1.0,1,1.0,1,1.0,1,0.22724923337590874,48
5000,1,9487,3983,5504,0,0,0,1.0,1,1.0,1,1.0,1,0.20439846014633442,47
5001,1,9488,3984,5504,0,0,0,1.0,1,1.0,1,1.0,1,0.22632669970612077,45
5002,3,9491,3986,5505,0,0,0,1.0,1,1.0,1,1.0,1,0.2621002566003093,46
5003,1,9492,3987,5505,0,0,0,1.0,1,1.0,1,1.0,1,0.24524768386626192,46
5004,2,9494,3988,5506,0,0,0,1.0,1,1.0,1,1.0,1,0.23883163913288155,46
5005,0,9494,3988,5506,0,0,0,1.0,1,1.0,1,1.0,1,0.2655454430500592,45
5006,0,9494,3988,5506,0,0,0,1.0,1,1.0,1,1.0,1,0.29352591053929405,45
5007,0,9494,3988,5506,0,0,0,1.0,1,1.0,1,1.0,1,0.3004765498066365,46
5008,0,9494,3988,5506,0,0,0,1.0,1,1.0,1,1.0,1,0.30801415148322464,49
5009,0,9494,3988,5506,0,0,0,1.0,1,1.0,1,1.0,1,0.3092007359688733,49
5010,0,9494,3988,5506,0,0,0,1.0,1,1.0,1,1.0,1,0.3179531351548395,50
5011,2,9496,3988,5508,0,0,0,1.0,1,1.0,1,1.0,1,0.2935775948190133,51
5012,1,9497,3988,5509,0,0,0,1.0,1,1.0,1,1.0,1,0.2867420337627044,52
5013,0,9497,3988,5509,0,0,0,1.0,1,1.0,1,1.0,1,0.2867420337627044,52
5014,0,9497,3988,5509,0,0,0,1.0,1,1.0,1,1.0,1,0.2845711732591904,53
5015,4,9501,3989,5512,0,0,0,1.0,1,1.0,1,1.0,1,0.2726342460401765,54
5016,4,9505,3990,5515,0,0,0,1.0,1,1.0,1,1.0,1,0.27399379165982146,55
5017,1,9506,3990,5516,0,0,0,1.0,1,1.0,1,1.0,1,0.26421206734561614,55
5018,0,9506,3990,5516,0,0,0,1.0,1,1.0,1,1.0,1,0.2734119580454309,56
5019,0,9506,3990,5516,0,0,0,1.0,1,1.0,1,1.0,1,0.2734119580454309,56
5020,1,9507,3991,5516,0,0,0,1.0,1,1.0,1,1.0,1,0.2684214621619295,55
5021,2,9509,3991,5518,0,0,0,1.0,1,1.0,1,1.0,1,0.26028855679543766,56
5022,3,9512,3994,5518,0,0,0,1.0,1,1.0,1,1.0,1,0.29270455459056277,56
5023,1,9513,3995,5518,0,0,0,1.0,1,1.0,1,1.0,1,0.28259600019071573,55
5024,5,9518,3999,5519,0,0,0,1.0,1,1.0,1,1.0,1,0.28587524348994253,55
5025,3,9521,4000,5521,0,0,0,1.0,1,1.0,1,1.0,1,0.25797878790763773,53
5026,3,9524,4003,5521,0,0,0,1.0,1,1.0,1,1.0,1,0.2762556772614359,52
5027,3,9527,4005,5522,0,0,0,1.0,1,1.0,1,1.0,1,0.29057684668556566,51
5028,3,9530,4007,5523,0,0,0,1.0,1,1.0,1,1.0,1,0.324106909230258,51
5029,0,9530,4007,5523,0,0,0,1.0,1,1.0,1,1.0,1,0.33664884917502746,50
5030,1,9531,4008,5523,0,0,0,1.0,1,1.0,1,1.0,1,0.32899994000804755,49
5031,2,9533,4010,5523,0,0,0,1.0,1,1.0,1,1.0,1,0.3645312940612325,49
5032,0,9533,4010,5523,0,0,0,1.0,1,1.0,1,1.0,1,0.356629272424885,48
5033,7,9540,4013,5527,0,0,0,1.0,1,1.0,1,1.0,1,0.3515340272072861,50
5034,4,9544,4015,5529,0,0,0,1.0,1,1.0,1,1.0,1,0.3277536287324513,49
5035,2,9546,4016,5530,0,0,0,1.0,1,1.0,1,1.0,1,0.33000785187366694,49
5036,2,9548,4018,5530,0,0,0,1.0,1,1.0,1,1.0,1,0.33301974653643357,47
5037,1,9549,4019,5530,0,0,0,1.0,1,1.0,1,1.0,1,0.3520408936398651,47
5038,1,9550,4019,5531,0,0,0,1.0,1,1.0,1,1.0,1,0.35583591152216354,47
5039,0,9550,4019,5531,0,0,0,1.0,1,1.0,1,1.0,1,0.3576119890029182,48
5040,1,9551,4019,5532,0,0,0,1.0,1,1.0,1,1.0,1,0.3503981476534354,48
5041,7,9558,4019,5539,0,0,0,1.0,1,1.0,1,1.0,1,0.21076541120347236,48
5042,1,9559,4019,5540,0,0,0,1.0,1,1.0,1,1.0,1,0.19885565958167115,50
5043,0,9559,4019,5540,0,0,0,1.0,1,1.0,1,1.0,1,0.19347750070821232,51
5044,0,9559,4019,5540,0,0,0,1.0,1,1.0,1,1.0,1,0.19347750070821232,51
5045,1,9560,4019,5541,0,0,0,1.0,1,1.0,1,1.0,1,0.19562206715071961,52
5046,0,9560,4019,5541,0,0,0,1.0,1,1.0,1,1.0,1,0.20141784371416332,51
5047,0,9560,4019,5541,0,0,0,1.0,1,1.0,1,1.0,1,0.20141784371416332,51
5048,3,9563,4020,5543,0,0,0,1.0,1,1.0,1,1.0,1,0.1996059891141002,52
5049,1,9564,4021,5543,0,0,0,1.0,1,1.0,1,1.0,1,0.20831555838088078,54
5050,0,9564,4021,5543,0,0,0,1.0,1,1.0,1,1.0,1,0.2256094220139769,56
5051,1,9565,4021,5544,0,0,0,1.0,1,1.0,1,1.0,1,0.21624215902869778,55
5052,0,9565,4021,5544,0,0,0,1.0,1,1.0,1,1.0,1,0.21624215902869778,55
5053,1,9566,4022,5544,0,0,0,1.0,1,1.0,1,1.0,1,0.23367086875859439,55
5054,1,9567,4023,5544,0,0,0,1.0,1,1.0,1,1.0,1,0.23418896908450582,55
5055,0,9567,4023,5544,0,0,0,1.0,1,1.0,1,1.0,1,0.26046680597015315,55
5056,2,9569,4023,5546,0,0,0,1.0,1,1.0,1,1.0,1,0.2382573959055667,56
5057,1,9570,4023,5547,0,0,0,1.0,1,1.0,1,1.0,1,0.21699512670431212,58
5058,1,9571,4023,5548,0,0,0,1.0,1,1.0,1,1.0,1,0.21634063947189952,59
5059,0,9571,4023,5548,0,0,0,1.0,1,1.0,1,1.0,1,0.21634063947189952,59
5060,2,9573,4023,5550,0,0,0,1.0,1,1.0,1,1.0,1,0.18751527494235756,59
5061,2,9575,4024,5551,0,0,0,1.0,1,1.0,1,1.0,1,0.21131333989306797,59
5062,3,9578,4026,5552,0,0,0,1.0,1,1.0,1,1.0,1,0.23287580803314456,59
5063,3,9581,4028,5553,0,0,0,1.0,1,1.0,1,1.0,1,0.24471253242833083,59
5064,6,9587,4032,5555,0,0,0,1.0,1,1.0,1,1.0,1,0.2820972852329756,57
5065,2,9589,4033,5556,0,0,0,1.0,1,1.0,1,1.0,1,0.25399832279140366,55
5066,4,9593,4036,5557,0,0,0,1.0,1,1.0,1,1.0,1,0.2702945071819283,55
5067,2,9595,4037,5558,0,0,0,1.0,1,1.0,1,1.0,1,0.25508788379903,54
5068,1,9596,4038,5558,0,0,0,1.0,1,1.0,1,1.0,1,0.26027719627960594,54
5069,3,9599,4039,5560,0,0,0,1.0,1,1.0,1,1.0,1,0.2630570034053548,54
5070,0,9599,4039,5560,0,0,0,1.0,1,1.0,1,1.0,1,0.26354438777904193,52
5071,3,9602,4040,5562,0,0,0,1.0,1,1.0,1,1.0,1,0.23219570100549577,54
5072,2,9604,4040,5564,0,0,0,1.0,1,1.0,1,1.0,1,0.18361162161792538,52
5073,0,9604,4040,5564,0,0,0,1.0,1,1.0,1,1.0,1,0.16984353589110274,51
5074,1,9605,4040,5565,0,0,0,1.0,1,1.0,1,1.0,1,0.1500832809308295,52
5075,0,9605,4040,5565,0,0,0,1.0,1,1.0,1,1.0,1,0.15705035172855597,53
5076,0,9605,4040,5565,0,0,0,1.0,1,1.0,1,1.0,1,0.15705035172855597,53
5077,2,9607,4042,5565,0,0,0,1.0,1,1.0,1,1.0,1,0.20486750598229952,56
5078,2,9609,4042,5567,0,0,0,1.0,1,1.0,1,1.0,1,0.1931679310352869,55
5079,0,9609,4042,5567,0,0,0,1.0,1,1.0,1,1.0,1,0.20399496531755582,56
5080,0,9609,4042,5567,0,0,0,1.0,1,1.0,1,1.0,1,0.19414355863164534,57
5081,0,9609,4042,5567,0,0,0,1.0,1,1.0,1,1.0,1,0.20480593076759981,58
5082,0,9609,4042,5567,0,0,0,1.0,1,1.0,1,1.0,1,0.20480593076759981,58
5083,0,9609,4042,5567,0,0,0,1.0,1,1.0,1,1.0,1,0.2104595725345812,59
5084,3,9612,4045,5567,0,0,0,1.0,1,1.0,1,1.0,1,0.2054799641667494,59
5085,3,9615,4046,5569,0,0,0,1.0,1,1.0,1,1.0,1,0.22152960054472734,60
5086,1,9616,4046,5570,0,0,0,1.0,1,1.0,1,1.0,1,0.20188897457591476,61
5087,6,9622,4049,5573,0,0,0,1.0,1,1.0,1,1.0,1,0.22002989197640066,62
5088,4,9626,4050,5576,0,0,0,1.0,1,1.0,1,1.0,1,0.19527133507294456,64
5089,3,9629,4053,5576,0,0,0,1.0,1,1.0,1,1.0,1,0.20539834079107924,64
5090,3,9632,4053,5579,0,0,0,1.0,1,1.0,1,1.0,1,0.16198190193966389,64
5091,2,9634,4055,5579,0,0,0,1.0,1,1.0,1,1.0,1,0.16582947646490498,64
5092,1,9635,4056,5579,0,0,0,1.0,1,1.0,1,1.0,1,0.18282040409732825,64
5093,1,9636,4056,5580,0,0,0,1.0,1,1.0,1,1.0,1,0.17866341876901046,64
5094,3,9639,4058,5581,0,0,0,1.0,1,1.0,1,1.0,1,0.17081640489604086,65
5095,6,9645,4060,5585,0,0,0,1.0,1,1.0,1,1.0,1,0.15763895471873246,66
5096,1,9646,4060,5586,0,0,0,1.0,1,1.0,1,1.0,1,0.17682149456323137,66
5097,1,9647,4061,5586,0,0,0,1.0,1,1.0,1,1.0,1,0.183620684697353,67
5098,2,9649,4062,5587,0,0,0,1.0,1,1.0,1,1.0,1,0.1647399851414963,67
5099,2,9651,4063,5588,0,0,0,1.0,1,1.0,1,1.0,1,0.14460538181613353,70
5100,1,9652,4063,5589,0,0,0,1.0,1,1.0,1,1.0,1,0.14658767792838912,71
5101,1,9653,4063,5590,0,0,0,1.0,1,1.0,1,1.0,1,0.12327456787659127,72
5102,3,9656,4066,5590,0,0,0,1.0,1,1.0,1,1.0,1,0.1295811481381384,72
5103,0,9656,4066,5590,0,0,0,1.0,1,1.0,1,1.0,1,0.11257405120730057,70
5104,3,9659,4069,5590,0,0,0,1.0,1,1.0,1,1.0,1,0.14594285968774692,67
5105,8,9667,4073,5594,0,0,0,1.0,1,1.0,1,1.0,1,0.21175941215190805,66
5106,6,9673,4077,5596,0,0,0,1.0,1,1.0,1,1.0,1,0.25418534008420895,64
5107,5,9678,4080,5598,0,0,0,1.0,1,1.0,1,1.0,1,0.22630866109632827,61
5108,1,9679,4081,5598,0,0,0,1.0,1,1.0,1,1.0,1,0.2604069541142917,57
5109,2,9681,4083,5598,0,0,0,1.0,1,1.0,1,1.0,1,0.2889516972640343,55
5110,1,9682,4084,5598,0,0,0,1.0,1,1.0,1,1.0,1,0.28762341938482,53
5111,2,9684,4086,5598,0,0,0,1.0,1,1.0,1,1.0,1,0.3115330108603499,52
5112,2,9686,4088,5598,0,0,0,1.0,1,1.0,1,1.0,1,0.2974062324640914,52
5113,1,9687,4089,5598,0,0,0,1.0,1,1.0,1,1.0,1,0.34199550152163266,49
5114,5,9692,4094,5598,0,0,0,1.0,1,1.0,1,1.0,1,0.3230292738594055,49
5115,0,9692,4094,5598,0,0,0,1.0,1,1.0,1,1.0,1,0.31716170613578676,48
5116,8,9700,4096,5604,0,0,0,1.0,1,1.0,1,1.0,1,0.18923750615454243,47
5117,0,9700,4096,5604,0,0,0,1.0,1,1.0,1,1.0,1,0.19943595205333642,48
5118,3,9703,4097,5606,0,0,0,1.0,1,1.0,1,1.0,1,0.20289208191462954,49
5119,2,9705,4098,5607,0,0,0,1.0,1,1.0,1,1.0,1,0.22098751478473125,49
5120,0,9705,4098,5607,0,0,0,1.0,1,1.0,1,1.0,1,0.244468533124981,48
5121,3,9708,4099,5609,0,0,0,1.0,1,1.0,1,1.0,1,0.24452649165711277,48
5122,2,9710,4099,5611,0,0,0,1.0,1,1.0,1,1.0,1,0.2541416893271351,46
5123,1,9711,4099,5612,0,0,0,1.0,1,1.0,1,1.0,1,0.26165498179651586,46
5124,0,9711,4099,5612,0,0,0,1.0,1,1.0,1,1.0,1,0.24742397901714375,47
5125,6,9717,4101,5616,0,0,0,1.0,1,1.0,1,1.0,1,0.23694983994986066,49
5126,1,9718,4101,5617,0,0,0,1.0,1,1.0,1,1.0,1,0.21479716080626043,49
5127,4,9722,4102,5620,0,0,0,1.0,1,1.0,1,1.0,1,0.22088823095108753,51
5128,7,9729,4103,5626,0,0,0,1.0,1,1.0,1,1.0,1,0.24128808828765225,53
5129,6,9735,4104,5631,0,0,0,1.0,1,1.0,1,1.0,1,0.24195101199664973,55
5130,4,9739,4104,5635,0,0,0,1.0,1,1.0,1,1.0,1,0.2289987089359328,55
5131,2,9741,4104,5637,0,0,0,1.0,1,1.0,1,1.0,1,0.20742308132782894,55
5132,0,9741,4104,5637,0,0,0,1.0,1,1.0,1,1.0,1,0.20742308132782894,55
5133,0,9741,4104,5637,0,0,0,1.0,1,1.0,1,1.0,1,0.20358173546184907,56
5134,1,9742,4104,5638,0,0,0,1.0,1,1.0,1,1.0,1,0.2157410480669907,56
5135,3,9745,4106,5639,0,0,0,1.0,1,1.0,1,1.0,1,0.20472634448933946,56
5136,1,9746,4106,5640,0,0,0,1.0,1,1.0,1,1.0,1,0.21902578681928397,55
5137,3,9749,4107,5642,0,0,0,1.0,1,1.0,1,1.0,1,0.20865410291326117,55
5138,1,9750,4107,5643,0,0,0,1.0,1,1.0,1,1.0,1,0.19901604647594184,54
5139,1,9751,4108,5643,0,0,0,1.0,1,1.0,1,1.0,1,0.19973465429807657,54
5140,3,9754,4110,5644,0,0,0,1.0,1,1.0,1,1.0,1,0.21837892728379796,54
5141,2,9756,4112,5644,0,0,0,1.0,1,1.0,1,1.0,1,0.23370979447078263,53
5142,7,9763,4117,5646,0,0,0,1.0,1,1.0,1,1.0,1,0.2873792783967403,55
5143,5,9768,4120,5648,0,0,0,1.0,1,1.0,1,1.0,1,0.20758247601524227,54
5144,2,9770,4122,5648,0,0,0,1.0,1,1.0,1,1.0,1,0.19918740122963338,50
5145,2,9772,4123,5649,0,0,0,1.0,1,1.0,1,1.0,1,0.20809881895066465,51
5146,4,9776,4124,5652,0,0,0,1.0,1,1.0,1,1.0,1,0.14275688857125676,48
5147,2,9778,4125,5653,0,0,0,1.0,1,1.0,1,1.0,1,0.157624832765747,49
5148,0,9778,4125,5653,0,0,0,1.0,1,1.0,1,1.0,1,0.13303871864335834,47
5149,2,9780,4126,5654,0,0,0,1.0,1,1.0,1,1.0,1,0.1417181903003611,46
5150,5,9785,4131,5654,0,0,0,1.0,1,1.0,1,1.0,1,0.20368275933447716,46
5151,2,9787,4132,5655,0,0,0,1.0,1,1.0,1,1.0,1,0.16339082329604632,45
5152,2,9789,4134,5655,0,0,0,1.0,1,1.0,1,1.0,1,0.21266089519306944,45
5153,2,9791,4135,5656,0,0,0,1.0,1,1.0,1,1.0,1,0.23451527504252634,45
5154,0,9791,4135,5656,0,0,0,1.0,1,1.0,1,1.0,1,0.2242569680446857,45
5155,1,9792,4136,5656,0,0,0,1.0,1,1.0,1,1.0,1,0.22768022046080133,44
5156,2,9794,4137,5657,0,0,0,1.0,1,1.0,1,1.0,1,0.22913681484844112,44
5157,1,9795,4138,5657,0,0,0,1.0,1,1.0,1,1.0,1,0.2221198920680273,42
5158,2,9797,4139,5658,0,0,0,1.0,1,1.0,1,1.0,1,0.20171142138730627,43
5159,1,9798,4139,5659,0,0,0,1.0,1,1.0,1,1.0,1,0.23123306655819936,43
5160,0,9798,4139,5659,0,0,0,1.0,1,1.0,1,1.0,1,0.23123306655819936,43
5161,2,9800,4139,5661,0,0,0,1.0,1,1.0,1,1.0,1,0.20413931312603464,43
5162,0,9800,4139,5661,0,0,0,1.0,1,1.0,1,1.0,1,0.20820949113000495,44
5163,1,9801,4139,5662,0,0,0,1.0,1,1.0,1,1.0,1,0.21173227771388997,46
5164,3,9804,4141,5663,0,0,0,1.0,1,1.0,1,1.0,1,0.19661668305556076,46
5165,0,9804,4141,5663,0,0,0,1.0,1,1.0,1,1.0,1,0.19661668305556076,46
5166,6,9810,4144,5666,0,0,0,1.0,1,1.0,1,1.0,1,0.18473724107851877,47
5167,1,9811,4144,5667,0,0,0,1.0,1,1.0,1,1.0,1,0.1790878271100993,47
5168,7,9818,4146,5672,0,0,0,1.0,1,1.0,1,1.0,1,0.21007445501966676,47
5169,2,9820,4146,5674,0,0,0,1.0,1,1.0,1,1.0,1,0.21069673945319775,47
5170,4,9824,4147,5677,0,0,0,1.0,1,1.0,1,1.0,1,0.21891485812928854,48
5171,3,9827,4148,5679,0,0,0,1.0,1,1.0,1,1.0,1,0.24618017899000214,48
5172,2,9829,4148,5681,0,0,0,1.0,1,1.0,1,1.0,1,0.2162262866460287,49
5173,2,9831,4148,5683,0,0,0,1.0,1,1.0,1,1.0,1,0.21668999594848265,49
5174,2,9833,4148,5685,0,0,0,1.0,1,1.0,1,1.0,1,0.22415393624274918,52
5175,2,9835,4148,5687,0,0,0,1.0,1,1.0,1,1.0,1,0.22393601533565327,53
5176,6,9841,4148,5693,0,0,0,1.0,1,1.0,1,1.0,1,0.13900035127584612,54
5177,2,9843,4149,5694,0,0,0,1.0,1,1.0,1,1.0,1,0.1363640649728611,54
5178,1,9844,4150,5694,0,0,0,1.0,1,1.0,1,1.0,1,0.17395916631919378,55
5179,1,9845,4150,5695,0,0,0,1.0,1,1.0,1,1.0,1,0.15984140032677405,53
5180,1,9846,4151,5695,0,0,0,1.0,1,1.0,1,1.0,1,0.21804750168847642,52
5181,3,9849,4154,5695,0,0,0,1.0,1,1.0,1,1.0,1,0.21885064416128108,52
5182,0,9849,4154,5695,0,0,0,1.0,1,1.0,1,1.0,1,0.21885064416128108,52
5183,8,9857,4158,5699,0,0,0,1.0,1,1.0,1,1.0,1,0.22519351618346486,52
5184,1,9858,4159,5699,0,0,0,1.0,1,1.0,1,1.0,1,0.24961105180885887,52
5185,1,9859,4160,5699,0,0,0,1.0,1,1.0,1,1.0,1,0.25325527691502264,50
5186,1,9860,4161,5699,0,0,0,1.0,1,1.0,1,1.0,1,0.30945594674688526,48
5187,0,9860,4161,5699,0,0,0,1.0,1,1.0,1,1.0,1,0.3067141773210893,46
5188,0,9860,4161,5699,0,0,0,1.0,1,1.0,1,1.0,1,0.3302143588056793,44
5189,0,9860,4161,5699,0,0,0,1.0,1,1.0,1,1.0,1,0.3139475397135687,44
5190,1,9861,4162,5699,0,0,0,1.0,1,1.0,1,1.0,1,0.3238399895717281,45
5191,3,9864,4162,5702,0,0,0,1.0,1,1.0,1,1.0,1,0.2823078798246917,45
5192,2,9866,4162,5704,0,0,0,1.0,1,1.0,1,1.0,1,0.2099723555568798,45
5193,0,9866,4162,5704,0,0,0,1.0,1,1.0,1,1.0,1,0.2099723555568798,45
5194,0,9866,4162,5704,0,0,0,1.0,1,1.0,1,1.0,1,0.21884915113710518,45
5195,2,9868,4163,5705,0,0,0,1.0,1,1.0,1,1.0,1,0.21452587760995373,46
5196,0,9868,4163,5705,0,0,0,1.0,1,1.0,1,1.0,1,0.21452587760995373,46
5197,2,9870,4165,5705,0,0,0,1.0,1,1.0,1,1.0,1,0.2239872536731466,46
5198,2,9872,4165,5707,0,0,0,1.0,1,1.0,1,1.0,1,0.2134574743509274,47
5199,4,9876,4166,5710,0,0,0,1.0,1,1.0,1,1.0,1,0.2379267842569839,49
5200,4,9880,4167,5713,0,0,0,1.0,1,1.0,1,1.0,1,0.2252503839822333,49
5201,5,9885,4169,5716,0,0,0,1.0,1,1.0,1,1.0,1,0.2267223952266546,50
5202,0,9885,4169,5716,0,0,0,1.0,1,1.0,1,1.0,1,0.21533095076377606,52
5203,1,9886,4169,5717,0,0,0,1.0,1,1.0,1,1.0,1,0.20795629357302586,52
5204,0,9886,4169,5717,0,0,0,1.0,1,1.0,1,1.0,1,0.19613974040869658,54
5205,0,9886,4169,5717,0,0,0,1.0,1,1.0,1,1.0,1,0.19613974040869658,54
5206,2,9888,4169,5719,0,0,0,1.0,1,1.0,1,1.0,1,0.18508922651506302,55
5207,0,9888,4169,5719,0,0,0,1.0,1,1.0,1,1.0,1,0.1936677575812149,54
5208,1,9889,4169,5720,0,0,0,1.0,1,1.0,1,1.0,1,0.1761424102836018,54
5209,0,9889,4169,5720,0,0,0,1.0,1,1.0,1,1.0,1,0.1761424102836018,54
5210,1,9890,4169,5721,0,0,0,1.0,1,1.0,1,1.0,1,0.1550822102012718,54
5211,3,9893,4170,5723,0,0,0,1.0,1,1.0,1,1.0,1,0.15692134137490762,56
5212,1,9894,4170,5724,0,0,0,1.0,1,1.0,1,1.0,1,0.13293101001398566,57
5213,2,9896,4172,5724,0,0,0,1.0,1,1.0,1,1.0,1,0.1473467020560181,57
5214,1,9897,4173,5724,0,0,0,1.0,1,1.0,1,1.0,1,0.1770633415555784,58
5215,0,9897,4173,5724,0,0,0,1.0,1,1.0,1,1.0,1,0.19263096760516163,57
5216,1,9898,4174,5724,0,0,0,1.0,1,1.0,1,1.0,1,0.20848736397792142,57
5217,1,9899,4175,5724,0,0,0,1.0,1,1.0,1,1.0,1,0.1828446698651758,56
5218,2,9901,4177,5724,0,0,0,1.0,1,1.0,1,1.0,1,0.2343459566740587,56
5219,3,9904,4178,5726,0,0,0,1.0,1,1.0,1,1.0,1,0.2527640314866748,54
5220,2,9906,4179,5727,0,0,0,1.0,1,1.0,1,1.0,1,0.3151591937179918,53
5221,8,9914,4179,5735,0,0,0,1.0,1,1.0,1,1.0,1,0.18916033762294807,52
5222,1,9915,4179,5736,0,0,0,1.0,1,1.0,1,1.0,1,0.18377373531561153,52
5223,2,9917,4180,5737,0,0,0,1.0,1,1.0,1,1.0,1,0.1813506675110447,52
5224,3,9920,4182,5738,0,0,0,1.0,1,1.0,1,1.0,1,0.19870227299352874,52
5225,0,9920,4182,5738,0,0,0,1.0,1,1.0,1,1.0,1,0.21786406117310342,50
5226,2,9922,4184,5738,0,0,0,1.0,1,1.0,1,1.0,1,0.23071897050640533,51
5227,4,9926,4187,5739,0,0,0,1.0,1,1.0,1,1.0,1,0.25603614243317585,49
5228,2,9928,4187,5741,0,0,0,1.0,1,1.0,1,1.0,1,0.2770860400652083,48
5229,2,9930,4188,5742,0,0,0,1.0,1,1.0,1,1.0,1,0.21807713314737098,49
5230,0,9930,4188,5742,0,0,0,1.0,1,1.0,1,1.0,1,0.21807713314737098,49
5231,3,9933,4189,5744,0,0,0,1.0,1,1.0,1,1.0,1,0.2204567782936523,49
5232,1,9934,4190,5744,0,0,0,1.0,1,1.0,1,1.0,1,0.20287271941916057,51
5233,1,9935,4191,5744,0,0,0,1.0,1,1.0,1,1.0,1,0.24607495280411026,51
5234,6,9941,4194,5747,0,0,0,1.0,1,1.0,1,1.0,1,0.23846308387069617,52
5235,1,9942,4194,5748,0,0,0,1.0,1,1.0,1,1.0,1,0.22264349702006542,52
5236,4,9946,4194,5752,0,0,0,1.0,1,1.0,1,1.0,1,0.15175894506867624,52
5237,2,9948,4195,5753,0,0,0,1.0,1,1.0,1,1.0,1,0.18279449931004116,53
5238,0,9948,4195,5753,0,0,0,1.0,1,1.0,1,1.0,1,0.18279449931004116,53
5239,0,9948,4195,5753,0,0,0,1.0,1,1.0,1,1.0,1,0.18279449931004116,53
5240,3,9951,4196,5755,0,0,0,1.0,1,1.0,1,1.0,1,0.18729359765662926,55
5241,1,9952,4196,5756,0,0,0,1.0,1,1.0,1,1.0,1,0.1877501168137699,56
5242,3,9955,4197,5758,0,0,0,1.0,1,1.0,1,1.0,1,0.23974460110308682,54
5243,3,9958,4198,5760,0,0,0,1.0,1,1.0,1,1.0,1,0.22612471939262996,55
5244,5,9963,4198,5765,0,0,0,1.0,1,1.0,1,1.0,1,0.23418945862612237,55
5245,6,9969,4199,5770,0,0,0,1.0,1,1.0,1,1.0,1,0.239482979017276,55
5246,5,9974,4199,5775,0,0,0,1.0,1,1.0,1,1.0,1,0.26821311761348576,55
5247,6,9980,4200,5780,0,0,0,1.0,1,1.0,1,1.0,1,0.28225717014219415,54
5248,6,9986,4200,5786,0,0,0,1.0,1,1.0,1,1.0,1,0.26843038906442634,53
5249,6,9992,4202,5790,0,0,0,1.0,1,1.0,1,1.0,1,0.2684417327919061,55
5250,9,10001,4204,5797,0,0,0,1.0,1,1.0,1,1.0,1,0.27417843346152215,55
5251,5,10006,4205,5801,0,0,0,1.0,1,1.0,1,1.0,1,0.22112095735050277,57
5252,3,10009,4205,5804,0,0,0,1.0,1,1.0,1,1.0,1,0.20941103758905588,58
5253,2,10011,4205,5806,0,0,0,1.0,1,1.0,1,1.0,1,0.18048559702006636,59
5254,2,10013,4206,5807,0,0,0,1.0,1,1.0,1,1.0,1,0.1845296502424702,59
5255,2,10015,4206,5809,0,0,0,1.0,1,1.0,1,1.0,1,0.14725903612264843,58
5256,1,10016,4207,5809,0,0,0,1.0,1,1.0,1,1.0,1,0.1603021953562528,59
5257,0,10016,4207,5809,0,0,0,1.0,1,1.0,1,1.0,1,0.13519463310679397,58
5258,1,10017,4208,5809,0,0,0,1.0,1,1.0,1,1.0,1,0.18180792299683102,56
5259,1,10018,4208,5810,0,0,0,1.0,1,1.0,1,1.0,1,0.17682020270570944,56
5260,1,10019,4208,5811,0,0,0,1.0,1,1.0,1,1.0,1,0.15733226493267213,55
5261,3,10022,4209,5813,0,0,0,1.0,1,1.0,1,1.0,1,0.13966868823374437,54
5262,1,10023,4210,5813,0,0,0,1.0,1,1.0,1,1.0,1,0.1560401988290584,54
5263,3,10026,4212,5814,0,0,0,1.0,1,1.0,1,1.0,1,0.15620155335388133,53
5264,2,10028,4213,5815,0,0,0,1.0,1,1.0,1,1.0,1,0.14685895502825075,51
5265,3,10031,4216,5815,0,0,0,1.0,1,1.0,1,1.0,1,0.1924667982539861,50
5266,6,10037,4220,5817,0,0,0,1.0,1,1.0,1,1.0,1,0.1803539144383349,49
5267,2,10039,4221,5818,0,0,0,1.0,1,1.0,1,1.0,1,0.16876499299623773,48
5268,1,10040,4222,5818,0,0,0,1.0,1,1.0,1,1.0,1,0.15746404689213642,47
5269,1,10041,4223,5818,0,0,0,1.0,1,1.0,1,1.0,1,0.19670857135280004,45
5270,0,10041,4223,5818,0,0,0,1.0,1,1.0,1,1.0,1,0.20454679324232036,47
5271,2,10043,4224,5819,0,0,0,1.0,1,1.0,1,1.0,1,0.22342955113405327,45
5272,4,10047,4227,5820,0,0,0,1.0,1,1.0,1,1.0,1,0.21539697889715312,46
5273,2,10049,4228,5821,0,0,0,1.0,1,1.0,1,1.0,1,0.2894600002325459,44
5274,1,10050,4229,5821,0,0,0,1.0,1,1.0,1,1.0,1,0.31675666253193563,44
5275,3,10053,4230,5823,0,0,0,1.0,1,1.0,1,1.0,1,0.3200925974792549,46
5276,2,10055,4232,5823,0,0,0,1.0,1,1.0,1,1.0,1,0.3173829430038095,46
5277,1,10056,4233,5823,0,0,0,1.0,1,1.0,1,1.0,1,0.3009505634494399,46
5278,4,10060,4237,5823,0,0,0,1.0,1,1.0,1,1.0,1,0.3490722688605181,46
5279,2,10062,4238,5824,0,0,0,1.0,1,1.0,1,1.0,1,0.3299152657678831,47
5280,1,10063,4239,5824,0,0,0,1.0,1,1.0,1,1.0,1,0.34150969190378455,47
5281,5,10068,4239,5829,0,0,0,1.0,1,1.0,1,1.0,1,0.2691436106262313,48
5282,1,10069,4240,5829,0,0,0,1.0,1,1.0,1,1.0,1,0.27272459554875816,48
5283,3,10072,4241,5831,0,0,0,1.0,1,1.0,1,1.0,1,0.27516489298436264,49
5284,1,10073,4241,5832,0,0,0,1.0,1,1.0,1,1.0,1,0.261288094518602,49
5285,1,10074,4241,5833,0,0,0,1.0,1,1.0,1,1.0,1,0.22433538517751409,50
5286,0,10074,4241,5833,0,0,0,1.0,1,1.0,1,1.0,1,0.23744002271998083,51
5287,0,10074,4241,5833,0,0,0,1.0,1,1.0,1,1.0,1,0.23744002271998083,51
5288,1,10075,4241,5834,0,0,0,1.0,1,1.0,1,1.0,1,0.22061287343412944,51
5289,1,10076,4241,5835,0,0,0,1.0,1,1.0,1,1.0,1,0.23215666957130818,53
5290,1,10077,4241,5836,0,0,0,1.0,1,1.0,1,1.0,1,0.20505426099432988,53
5291,2,10079,4242,5837,0,0,0,1.0,1,1.0,1,1.0,1,0.23258958045227754,53
5292,3,10082,4243,5839,0,0,0,1.0,1,1.0,1,1.0,1,0.2126237506331928,53
5293,1,10083,4244,5839,0,0,0,1.0,1,1.0,1,1.0,1,0.2662104939061155,53
5294,3,10086,4245,5841,0,0,0,1.0,1,1.0,1,1.0,1,0.25333482929415085,54
5295,4,10090,4248,5842,0,0,0,1.0,1,1.0,1,1.0,1,0.3261823436785727,52
5296,5,10095,4248,5847,0,0,0,1.0,1,1.0,1,1.0,1,0.25926424813462795,49
5297,5,10100,4249,5851,0,0,0,1.0,1,1.0,1,1.0,1,0.25028858983239155,49
5298,1,10101,4249,5852,0,0,0,1.0,1,1.0,1,1.0,1,0.22564934011477059,49
5299,3,10104,4250,5854,0,0,0,1.0,1,1.0,1,1.0,1,0.22413721472074702,50
5300,0,10104,4250,5854,0,0,0,1.0,1,1.0,1,1.0,1,0.2372982310603747,48
5301,1,10105,4251,5854,0,0,0,1.0,1,1.0,1,1.0,1,0.26213272794605635,46
5302,0,10105,4251,5854,0,0,0,1.0,1,1.0,1,1.0,1,0.2576702663889964,47
5303,1,10106,4252,5854,0,0,0,1.0,1,1.0,1,1.0,1,0.2499928086034619,46
5304,2,10108,4254,5854,0,0,0,1.0,1,1.0,1,1.0,1,0.2897482393007694,45
5305,1,10109,4255,5854,0,0,0,1.0,1,1.0,1,1.0,1,0.2936158517803449,44
5306,2,10111,4257,5854,0,0,0,1.0,1,1.0,1,1.0,1,0.3460890547895957,42
5307,3,10114,4259,5855,0,0,0,1.0,1,1.0,1,1.0,1,0.3471477354382068,42
5308,4,10118,4261,5857,0,0,0,1.0,1,1.0,1,1.0,1,0.3665557357775951,43
5309,0,10118,4261,5857,0,0,0,1.0,1,1.0,1,1.0,1,0.35375306439774273,41
5310,1,10119,4262,5857,0,0,0,1.0,1,1.0,1,1.0,1,0.3782332240525356,41
5311,5,10124,4263,5861,0,0,0,1.0,1,1.0,1,1.0,1,0.3044732115165298,42
5312,2,10126,4263,5863,0,0,0,1.0,1,1.0,1,1.0,1,0.2688544389161325,43
5313,2,10128,4263,5865,0,0,0,1.0,1,1.0,1,1.0,1,0.23720795972861286,44
5314,1,10129,4263,5866,0,0,0,1.0,1,1.0,1,1.0,1,0.2180690064059595,44
5315,3,10132,4264,5868,0,0,0,1.0,1,1.0,1,1.0,1,0.1792129421284366,45
5316,1,10133,4264,5869,0,0,0,1.0,1,1.0,1,1.0,1,0.17560787434242395,46
5317,1,10134,4264,5870,0,0,0,1.0,1,1.0,1,1.0,1,0.17549193062427929,46
5318,3,10137,4265,5872,0,0,0,1.0,1,1.0,1,1.0,1,0.16631620167080854,46
5319,1,10138,4265,5873,0,0,0,1.0,1,1.0,1,1.0,1,0.17969782965288528,47
5320,4,10142,4266,5876,0,0,0,1.0,1,1.0,1,1.0,1,0.1698481483396696,48
5321,0,10142,4266,5876,0,0,0,1.0,1,1.0,1,1.0,1,0.17399228980415357,49
5322,2,10144,4266,5878,0,0,0,1.0,1,1.0,1,1.0,1,0.1704120595492399,49
5323,2,10146,4266,5880,0,0,0,1.0,1,1.0,1,1.0,1,0.1775840534535232,51
5324,0,10146,4266,5880,0,0,0,1.0,1,1.0,1,1.0,1,0.1671241235864227,53
5325,1,10147,4267,5880,0,0,0,1.0,1,1.0,1,1.0,1,0.18081047033422493,53
5326,2,10149,4268,5881,0,0,0,1.0,1,1.0,1,1.0,1,0.1837456358791112,53
5327,0,10149,4268,5881,0,0,0,1.0,1,1.0,1,1.0,1,0.20413386081884158,53
5328,2,10151,4269,5882,0,0,0,1.0,1,1.0,1,1.0,1,0.19829392601885812,54
5329,1,10152,4270,5882,0,0,0,1.0,1,1.0,1,1.0,1,0.21227584613730704,53
5330,1,10153,4271,5882,0,0,0,1.0,1,1.0,1,1.0,1,0.2187293418049276,52
5331,1,10154,4272,5882,0,0,0,1.0,1,1.0,1,1.0,1,0.2515570925084457,51
5332,2,10156,4272,5884,0,0,0,1.0,1,1.0,1,1.0,1,0.23966159868198916,52
5333,3,10159,4273,5886,0,0,0,1.0,1,1.0,1,1.0,1,0.2580618196319644,53
5334,0,10159,4273,5886,0,0,0,1.0,1,1.0,1,1.0,1,0.26579477066026375,54
5335,0,10159,4273,5886,0,0,0,1.0,1,1.0,1,1.0,1,0.27814391962137536,55
5336,1,10160,4273,5887,0,0,0,1.0,1,1.0,1,1.0,1,0.2667468852388359,54
5337,2,10162,4274,5888,0,0,0,1.0,1,1.0,1,1.0,1,0.29648220356689653,55
5338,0,10162,4274,5888,0,0,0,1.0,1,1.0,1,1.0,1,0.29648220356689653,55
5339,0,10162,4274,5888,0,0,0,1.0,1,1.0,1,1.0,1,0.29648220356689653,55
5340,2,10164,4275,5889,0,0,0,1.0,1,1.0,1,1.0,1,0.3006508702625575,55
5341,6,10170,4277,5893,0,0,0,1.0,1,1.0,1,1.0,1,0.24961812485462934,54
5342,1,10171,4278,5893,0,0,0,1.0,1,1.0,1,1.0,1,0.25516700047268936,55
5343,2,10173,4280,5893,0,0,0,1.0,1,1.0,1,1.0,1,0.26988274525463246,54
5344,2,10175,4282,5893,0,0,0,1.0,1,1.0,1,1.0,1,0.2999853318517965,55
5345,2,10177,4282,5895,0,0,0,1.0,1,1.0,1,1.0,1,0.2653459873223415,53
5346,2,10179,4284,5895,0,0,0,1.0,1,1.0,1,1.0,1,0.30233731282410203,53
5347,5,10184,4286,5898,0,0,0,1.0,1,1.0,1,1.0,1,0.28453231901484444,51
5348,4,10188,4287,5901,0,0,0,1.0,1,1.0,1,1.0,1,0.24324882217787547,53
5349,3,10191,4289,5902,0,0,0,1.0,1,1.0,1,1.0,1,0.2020981318162345,52
5350,1,10192,4290,5902,0,0,0,1.0,1,1.0,1,1.0,1,0.22937909258581415,50
5351,2,10194,4291,5903,0,0,0,1.0,1,1.0,1,1.0,1,0.22647896556234662,52
5352,2,10196,4293,5903,0,0,0,1.0,1,1.0,1,1.0,1,0.24052571743551004,49
5353,1,10197,4293,5904,0,0,0,1.0,1,1.0,1,1.0,1,0.22866236179087499,49
5354,1,10198,4293,5905,0,0,0,1.0,1,1.0,1,1.0,1,0.18651323225282335,49
5355,1,10199,4293,5906,0,0,0,1.0,1,1.0,1,1.0,1,0.1620610997468048,48
5356,4,10203,4294,5909,0,0,0,1.0,1,1.0,1,1.0,1,0.16439694731632673,49
5357,0,10203,4294,5909,0,0,0,1.0,1,1.0,1,1.0,1,0.1758288094192502,47
5358,1,10204,4295,5909,0,0,0,1.0,1,1.0,1,1.0,1,0.2036543374897644,48
5359,1,10205,4295,5910,0,0,0,1.0,1,1.0,1,1.0,1,0.19992580387689898,48
5360,0,10205,4295,5910,0,0,0,1.0,1,1.0,1,1.0,1,0.19992580387689898,48
5361,1,10206,4296,5910,0,0,0,1.0,1,1.0,1,1.0,1,0.20443500102488701,50
5362,0,10206,4296,5910,0,0,0,1.0,1,1.0,1,1.0,1,0.20443500102488701,50
5363,1,10207,4297,5910,0,0,0,1.0,1,1.0,1,1.0,1,0.2136240638186021,50
5364,2,10209,4299,5910,0,0,0,1.0,1,1.0,1,1.0,1,0.2225771806436209,51
5365,1,10210,4299,5911,0,0,0,1.0,1,1.0,1,1.0,1,0.20621405190337033,52
5366,0,10210,4299,5911,0,0,0,1.0,1,1.0,1,1.0,1,0.20621405190337033,52
5367,3,10213,4300,5913,0,0,0,1.0,1,1.0,1,1.0,1,0.20772028845364873,54
5368,1,10214,4300,5914,0,0,0,1.0,1,1.0,1,1.0,1,0.21256293329362044,55
5369,4,10218,4302,5916,0,0,0,1.0,1,1.0,1,1.0,1,0.1915437136751129,53
5370,5,10223,4305,5918,0,0,0,1.0,1,1.0,1,1.0,1,0.254195146952837,54
5371,6,10229,4307,5922,0,0,0,1.0,1,1.0,1,1.0,1,0.22546795180724202,53
5372,3,10232,4308,5924,0,0,0,1.0,1,1.0,1,1.0,1,0.2732900133289084,53
5373,0,10232,4308,5924,0,0,0,1.0,1,1.0,1,1.0,1,0.2612349510398244,52
5374,1,10233,4309,5924,0,0,0,1.0,1,1.0,1,1.0,1,0.26654605116307045,51
5375,0,10233,4309,5924,0,0,0,1.0,1,1.0,1,1.0,1,0.23121491794420368,52
5376,4,10237,4312,5925,0,0,0,1.0,1,1.0,1,1.0,1,0.24986927415420257,51
5377,1,10238,4312,5926,0,0,0,1.0,1,1.0,1,1.0,1,0.25119112621130424,52
5378,2,10240,4314,5926,0,0,0,1.0,1,1.0,1,1.0,1,0.28377078048904764,50
5379,1,10241,4314,5927,0,0,0,1.0,1,1.0,1,1.0,1,0.27424955694561826,50
5380,0,10241,4314,5927,0,0,0,1.0,1,1.0,1,1.0,1,0.28166241102486317,52
5381,0,10241,4314,5927,0,0,0,1.0,1,1.0,1,1.0,1,0.28166241102486317,52
5382,0,10241,4314,5927,0,0,0,1.0,1,1.0,1,1.0,1,0.2809083273891567,52
5383,3,10244,4314,5930,0,0,0,1.0,1,1.0,1,1.0,1,0.24331734665880406,51
5384,0,10244,4314,5930,0,0,0,1.0,1,1.0,1,1.0,1,0.25573794360090035,52
5385,2,10246,4315,5931,0,0,0,1.0,1,1.0,1,1.0,1,0.2717738854796776,51
5386,5,10251,4316,5935,0,0,0,1.0,1,1.0,1,1.0,1,0.20108875751631805,52
5387,4,10255,4317,5938,0,0,0,1.0,1,1.0,1,1.0,1,0.1595504219841758,53
5388,2,10257,4317,5940,0,0,0,1.0,1,1.0,1,1.0,1,0.11676009413134521,54
5389,4,10261,4318,5943,0,0,0,1.0,1,1.0,1,1.0,1,0.08587485808124569,55
5390,4,10265,4318,5947,0,0,0,1.0,1,1.0,1,1.0,1,0.07557982660306516,56
5391,0,10265,4318,5947,0,0,0,1.0,1,1.0,1,1.0,1,0.07557982660306516,56
5392,2,10267,4320,5947,0,0,0,1.0,1,1.0,1,1.0,1,0.10254961372550288,56
5393,0,10267,4320,5947,0,0,0,1.0,1,1.0,1,1.0,1,0.10790271206552891,54
5394,1,10268,4321,5947,0,0,0,1.0,1,1.0,1,1.0,1,0.11809091732358065,53
5395,0,10268,4321,5947,0,0,0,1.0,1,1.0,1,1.0,1,0.12209262072797122,53
5396,1,10269,4322,5947,0,0,0,1.0,1,1.0,1,1.0,1,0.16429208458054526,54
5397,1,10270,4323,5947,0,0,0,1.0,1,1.0,1,1.0,1,0.15000044300292195,53
5398,3,10273,4324,5949,0,0,0,1.0,1,1.0,1,1.0,1,0.12406611405675302,53
5399,2,10275,4325,5950,0,0,0,1.0,1,1.0,1,1.0,1,0.16743438030984015,55
5400,2,10277,4326,5951,0,0,0,1.0,1,1.0,1,1.0,1,0.17551852139645055,55
5401,4,10281,4327,5954,0,0,0,1.0,1,1.0,1,1.0,1,0.14218726111629806,56
5402,0,10281,4327,5954,0,0,0,1.0,1,1.0,1,1.0,1,0.0,0
