,SuccessfulHandoverCount,TotalSuccessfulHandoverCount,TotalSuccessfulHandoverCountRange,TotalSuccessfulHandoverCountLoadBalancing,TotalSuccessfulHandoverCountOverload,FailedHandoverCount,TotalFailedHandoverCount,AvgQoS,MinQoS,AvgQoS_LoadBased,MinQoS_LoadBased,AvgQoS_RangeBased,MinQoS_RangeBased,GiniLoad,VehicleCount
0,0,0,0,0,0,0,0,1.0,1,1.0,1,1.0,1,0.0,0
1,16,16,0,16,0,0,0,1.0,1,1.0,1,1.0,1,0.2981687554246577,30
2,13,29,0,29,0,0,0,1.0,1,1.0,1,1.0,1,0.31202009050008755,32
3,12,41,0,41,0,0,0,1.0,1,1.0,1,1.0,1,0.29758167576404887,33
4,3,44,0,44,0,0,0,1.0,1,1.0,1,1.0,1,0.201250953626327,34
5,2,46,0,46,0,0,0,1.0,1,1.0,1,1.0,1,0.1363144614039029,36
6,0,46,0,46,0,0,0,1.0,1,1.0,1,1.0,1,0.1371538815746683,38
7,0,46,0,46,0,0,0,1.0,1,1.0,1,1.0,1,0.14915324679493838,40
8,0,46,0,46,0,0,0,1.0,1,1.0,1,1.0,1,0.14915324679493838,40
9,1,47,1,46,0,0,0,1.0,1,1.0,1,1.0,1,0.19731404366809097,40
10,2,49,2,47,0,0,0,1.0,1,1.0,1,1.0,1,0.22552870652199972,41
11,1,50,3,47,0,0,0,1.0,1,1.0,1,1.0,1,0.18437239467008507,40
12,1,51,4,47,0,0,0,1.0,1,1.0,1,1.0,1,0.20778297224377856,39
13,2,53,5,48,0,0,0,1.0,1,1.0,1,1.0,1,0.20494331361098636,37
14,0,53,5,48,0,0,0,1.0,1,1.0,1,1.0,1,0.2513065377768177,35
15,1,54,6,48,0,0,0,1.0,1,1.0,1,1.0,1,0.23035969514624982,36
16,1,55,7,48,0,0,0,1.0,1,1.0,1,1.0,1,0.30124307641212794,34
17,0,55,7,48,0,0,0,1.0,1,1.0,1,1.0,1,0.33356422504422484,33
18,3,58,7,51,0,0,0,1.0,1,1.0,1,1.0,1,0.28632091630185097,34
19,2,60,8,52,0,0,0,1.0,1,1.0,1,1.0,1,0.288376523333916,34
20,1,61,8,53,0,0,0,1.0,1,1.0,1,1.0,1,0.2382841150133207,34
21,2,63,9,54,0,0,0,1.0,1,1.0,1,1.0,1,0.27816405819753376,36
22,0,63,9,54,0,0,0,1.0,1,1.0,1,1.0,1,0.2856061996340175,35
23,5,68,10,58,0,0,0,1.0,1,1.0,1,1.0,1,0.24706015545528032,35
24,2,70,12,58,0,0,0,1.0,1,1.0,1,1.0,1,0.26187554627963644,35
25,5,75,15,60,0,0,0,1.0,1,1.0,1,1.0,1,0.2772793363791813,35
26,4,79,17,62,0,0,0,1.0,1,1.0,1,1.0,1,0.2885261677003597,36
27,1,80,18,62,0,0,0,1.0,1,1.0,1,1.0,1,0.2577833727059808,34
28,1,81,19,62,0,0,0,1.0,1,1.0,1,1.0,1,0.2937109252513214,35
29,2,83,20,63,0,0,0,1.0,1,1.0,1,1.0,1,0.24099761982292897,33
30,2,85,21,64,0,0,0,1.0,1,1.0,1,1.0,1,0.26506734490135664,33
31,4,89,22,67,0,0,0,1.0,1,1.0,1,1.0,1,0.23790712938094896,33
32,2,91,23,68,0,0,0,1.0,1,1.0,1,1.0,1,0.27875051848756266,32
33,1,92,23,69,0,0,0,1.0,1,1.0,1,1.0,1,0.2658686969164223,33
34,2,94,24,70,0,0,0,1.0,1,1.0,1,1.0,1,0.3079979766396014,33
35,1,95,24,71,0,0,0,1.0,1,1.0,1,1.0,1,0.28382876612977204,35
36,0,95,24,71,0,0,0,1.0,1,1.0,1,1.0,1,0.29735837129546894,36
37,5,100,25,75,0,0,0,1.0,1,1.0,1,1.0,1,0.18694412054219073,37
38,1,101,25,76,0,0,0,1.0,1,1.0,1,1.0,1,0.17884352088106817,36
39,0,101,25,76,0,0,0,1.0,1,1.0,1,1.0,1,0.20296725443306454,38
40,0,101,25,76,0,0,0,1.0,1,1.0,1,1.0,1,0.21637367715073175,40
41,0,101,25,76,0,0,0,1.0,1,1.0,1,1.0,1,0.21637367715073175,40
42,2,103,27,76,0,0,0,1.0,1,1.0,1,1.0,1,0.2453413682678112,40
43,3,106,28,78,0,0,0,1.0,1,1.0,1,1.0,1,0.26687891419997234,43
44,1,107,28,79,0,0,0,1.0,1,1.0,1,1.0,1,0.2390408550852863,43
45,1,108,29,79,0,0,0,1.0,1,1.0,1,1.0,1,0.2535332837923563,44
46,0,108,29,79,0,0,0,1.0,1,1.0,1,1.0,1,0.2535332837923563,44
47,2,110,30,80,0,0,0,1.0,1,1.0,1,1.0,1,0.25190033365633574,44
48,1,111,31,80,0,0,0,1.0,1,1.0,1,1.0,1,0.2906568137908549,44
49,1,112,31,81,0,0,0,1.0,1,1.0,1,1.0,1,0.2584668747859713,41
50,2,114,33,81,0,0,0,1.0,1,1.0,1,1.0,1,0.26782856645208497,40
51,0,114,33,81,0,0,0,1.0,1,1.0,1,1.0,1,0.2620972825681089,38
52,1,115,34,81,0,0,0,1.0,1,1.0,1,1.0,1,0.284425316149882,37
53,0,115,34,81,0,0,0,1.0,1,1.0,1,1.0,1,0.3035568348908771,38
54,0,115,34,81,0,0,0,1.0,1,1.0,1,1.0,1,0.3234808580083599,38
55,1,116,34,82,0,0,0,1.0,1,1.0,1,1.0,1,0.29543312151683077,38
56,4,120,35,85,0,0,0,1.0,1,1.0,1,1.0,1,0.2852285364716455,38
57,0,120,35,85,0,0,0,1.0,1,1.0,1,1.0,1,0.2852285364716455,38
58,4,124,38,86,0,0,0,1.0,1,1.0,1,1.0,1,0.33855344771123047,38
59,2,126,38,88,0,0,0,1.0,1,1.0,1,1.0,1,0.3056119184289503,40
60,3,129,40,89,0,0,0,1.0,1,1.0,1,1.0,1,0.3043087930447187,40
61,2,131,40,91,0,0,0,1.0,1,1.0,1,1.0,1,0.29483288365973376,40
62,4,135,42,93,0,0,0,1.0,1,1.0,1,1.0,1,0.29695057175202433,42
63,2,137,43,94,0,0,0,1.0,1,1.0,1,1.0,1,0.2898767119661239,40
64,0,137,43,94,0,0,0,1.0,1,1.0,1,1.0,1,0.28932659933749383,41
65,0,137,43,94,0,0,0,1.0,1,1.0,1,1.0,1,0.28932659933749383,41
66,1,138,44,94,0,0,0,1.0,1,1.0,1,1.0,1,0.31038373185931867,41
67,2,140,45,95,0,0,0,1.0,1,1.0,1,1.0,1,0.28745141314098444,41
68,2,142,46,96,0,0,0,1.0,1,1.0,1,1.0,1,0.28188607498184653,41
69,1,143,46,97,0,0,0,1.0,1,1.0,1,1.0,1,0.2865124339032534,41
70,5,148,46,102,0,0,0,1.0,1,1.0,1,1.0,1,0.2223877167729406,42
71,1,149,47,102,0,0,0,1.0,1,1.0,1,1.0,1,0.23791093045685668,44
72,2,151,47,104,0,0,0,1.0,1,1.0,1,1.0,1,0.19507191164137877,44
73,0,151,47,104,0,0,0,1.0,1,1.0,1,1.0,1,0.2192369349680215,46
74,0,151,47,104,0,0,0,1.0,1,1.0,1,1.0,1,0.239435513915746,44
75,1,152,48,104,0,0,0,1.0,1,1.0,1,1.0,1,0.2540884321199665,44
76,4,156,50,106,0,0,0,1.0,1,1.0,1,1.0,1,0.3119497650858829,45
77,2,158,50,108,0,0,0,1.0,1,1.0,1,1.0,1,0.2729157979564921,44
78,0,158,50,108,0,0,0,1.0,1,1.0,1,1.0,1,0.29104864081092485,44
79,4,162,50,112,0,0,0,1.0,1,1.0,1,1.0,1,0.24041333088993286,43
80,0,162,50,112,0,0,0,1.0,1,1.0,1,1.0,1,0.24041333088993286,43
81,4,166,53,113,0,0,0,1.0,1,1.0,1,1.0,1,0.30141738351203085,44
82,2,168,54,114,0,0,0,1.0,1,1.0,1,1.0,1,0.28222661763936346,45
83,3,171,56,115,0,0,0,1.0,1,1.0,1,1.0,1,0.29470989274026765,45
84,0,171,56,115,0,0,0,1.0,1,1.0,1,1.0,1,0.29470989274026765,45
85,2,173,57,116,0,0,0,1.0,1,1.0,1,1.0,1,0.2851240235837339,45
86,1,174,57,117,0,0,0,1.0,1,1.0,1,1.0,1,0.24605855929296444,45
87,0,174,57,117,0,0,0,1.0,1,1.0,1,1.0,1,0.2544982037270874,44
88,0,174,57,117,0,0,0,1.0,1,1.0,1,1.0,1,0.2459026646783373,45
89,0,174,57,117,0,0,0,1.0,1,1.0,1,1.0,1,0.25767630832912436,46
90,0,174,57,117,0,0,0,1.0,1,1.0,1,1.0,1,0.28810533773817043,44
91,1,175,58,117,0,0,0,1.0,1,1.0,1,1.0,1,0.2861826125333267,45
92,1,176,58,118,0,0,0,1.0,1,1.0,1,1.0,1,0.2851264619703248,46
93,0,176,58,118,0,0,0,1.0,1,1.0,1,1.0,1,0.2851264619703248,46
94,2,178,59,119,0,0,0,1.0,1,1.0,1,1.0,1,0.27244222203242635,46
95,0,178,59,119,0,0,0,1.0,1,1.0,1,1.0,1,0.2868109721447434,46
96,1,179,60,119,0,0,0,1.0,1,1.0,1,1.0,1,0.3073312389570763,46
97,1,180,60,120,0,0,0,1.0,1,1.0,1,1.0,1,0.29143832564031885,47
98,0,180,60,120,0,0,0,1.0,1,1.0,1,1.0,1,0.29143832564031885,47
99,0,180,60,120,0,0,0,1.0,1,1.0,1,1.0,1,0.3081980235003232,46
100,4,184,61,123,0,0,0,1.0,1,1.0,1,1.0,1,0.31099377435797776,48
101,0,184,61,123,0,0,0,1.0,1,1.0,1,1.0,1,0.3087546892138198,49
102,1,185,62,123,0,0,0,1.0,1,1.0,1,1.0,1,0.3160422868737861,49
103,3,188,63,125,0,0,0,1.0,1,1.0,1,1.0,1,0.2650214515733328,48
104,3,191,65,126,0,0,0,1.0,1,1.0,1,1.0,1,0.29796340194624665,49
105,4,195,68,127,0,0,0,1.0,1,1.0,1,1.0,1,0.2863062663133979,48
106,4,199,69,130,0,0,0,1.0,1,1.0,1,1.0,1,0.2648848892298043,48
107,1,200,70,130,0,0,0,1.0,1,1.0,1,1.0,1,0.280875110442386,47
108,2,202,70,132,0,0,0,1.0,1,1.0,1,1.0,1,0.2461389241627375,47
109,4,206,71,135,0,0,0,1.0,1,1.0,1,1.0,1,0.22068450773843043,47
110,1,207,72,135,0,0,0,1.0,1,1.0,1,1.0,1,0.23780991676553287,47
111,2,209,73,136,0,0,0,1.0,1,1.0,1,1.0,1,0.17968868683307512,46
112,3,212,75,137,0,0,0,1.0,1,1.0,1,1.0,1,0.17339370834335788,46
113,2,214,77,137,0,0,0,1.0,1,1.0,1,1.0,1,0.1556249226590057,45
114,0,214,77,137,0,0,0,1.0,1,1.0,1,1.0,1,0.1538411198532053,46
115,1,215,78,137,0,0,0,1.0,1,1.0,1,1.0,1,0.16988509194495036,47
116,0,215,78,137,0,0,0,1.0,1,1.0,1,1.0,1,0.16287798188465194,48
117,3,218,81,137,0,0,0,1.0,1,1.0,1,1.0,1,0.1958700853121448,48
118,1,219,81,138,0,0,0,1.0,1,1.0,1,1.0,1,0.1925352055915832,49
119,1,220,82,138,0,0,0,1.0,1,1.0,1,1.0,1,0.2130314551016024,50
120,0,220,82,138,0,0,0,1.0,1,1.0,1,1.0,1,0.20886684661494034,51
121,1,221,82,139,0,0,0,1.0,1,1.0,1,1.0,1,0.20006340961568433,51
122,1,222,83,139,0,0,0,1.0,1,1.0,1,1.0,1,0.18106230304255877,51
123,0,222,83,139,0,0,0,1.0,1,1.0,1,1.0,1,0.18106230304255877,51
124,0,222,83,139,0,0,0,1.0,1,1.0,1,1.0,1,0.18106230304255877,51
125,0,222,83,139,0,0,0,1.0,1,1.0,1,1.0,1,0.23852209230677668,50
126,2,224,85,139,0,0,0,1.0,1,1.0,1,1.0,1,0.24724665105322088,52
127,8,232,85,147,0,0,0,1.0,1,1.0,1,1.0,1,0.1507692541870132,50
128,1,233,85,148,0,0,0,1.0,1,1.0,1,1.0,1,0.13767219984379248,50
129,1,234,85,149,0,0,0,1.0,1,1.0,1,1.0,1,0.16734182025627234,52
130,1,235,85,150,0,0,0,1.0,1,1.0,1,1.0,1,0.1447318850744122,52
131,1,236,85,151,0,0,0,1.0,1,1.0,1,1.0,1,0.13508493735486632,54
132,1,237,86,151,0,0,0,1.0,1,1.0,1,1.0,1,0.13421087556128247,54
133,1,238,87,151,0,0,0,1.0,1,1.0,1,1.0,1,0.1454267523130543,52
134,1,239,88,151,0,0,0,1.0,1,1.0,1,1.0,1,0.12244412667888487,52
135,4,243,92,151,0,0,0,1.0,1,1.0,1,1.0,1,0.19932439448292774,51
136,3,246,94,152,0,0,0,1.0,1,1.0,1,1.0,1,0.18692801981368634,51
137,3,249,95,154,0,0,0,1.0,1,1.0,1,1.0,1,0.11733554348425244,50
138,1,250,96,154,0,0,0,1.0,1,1.0,1,1.0,1,0.13882341166562776,52
139,6,256,99,157,0,0,0,1.0,1,1.0,1,1.0,1,0.137075032025853,51
140,1,257,100,157,0,0,0,1.0,1,1.0,1,1.0,1,0.14652809476314232,51
141,1,258,101,157,0,0,0,1.0,1,1.0,1,1.0,1,0.17568083154458355,50
142,3,261,104,157,0,0,0,1.0,1,1.0,1,1.0,1,0.17742153802104527,51
143,0,261,104,157,0,0,0,1.0,1,1.0,1,1.0,1,0.1884613723518172,48
144,2,263,105,158,0,0,0,1.0,1,1.0,1,1.0,1,0.20296648823301858,49
145,3,266,107,159,0,0,0,1.0,1,1.0,1,1.0,1,0.15283303986036556,47
146,3,269,110,159,0,0,0,1.0,1,1.0,1,1.0,1,0.23388914259213842,49
147,3,272,110,162,0,0,0,1.0,1,1.0,1,1.0,1,0.1822667098781227,46
148,3,275,111,164,0,0,0,1.0,1,1.0,1,1.0,1,0.1379472754713742,47
149,0,275,111,164,0,0,0,1.0,1,1.0,1,1.0,1,0.1436089688739863,46
150,0,275,111,164,0,0,0,1.0,1,1.0,1,1.0,1,0.1379582404310298,47
151,1,276,112,164,0,0,0,1.0,1,1.0,1,1.0,1,0.16949825451050599,46
152,1,277,113,164,0,0,0,1.0,1,1.0,1,1.0,1,0.19452576133235783,45
153,0,277,113,164,0,0,0,1.0,1,1.0,1,1.0,1,0.20778747187008764,46
154,1,278,113,165,0,0,0,1.0,1,1.0,1,1.0,1,0.1954974656686626,44
155,3,281,116,165,0,0,0,1.0,1,1.0,1,1.0,1,0.24116664990272266,45
156,1,282,117,165,0,0,0,1.0,1,1.0,1,1.0,1,0.28079626963817733,43
157,3,285,117,168,0,0,0,1.0,1,1.0,1,1.0,1,0.22439293034591226,42
158,3,288,117,171,0,0,0,1.0,1,1.0,1,1.0,1,0.1831899982611612,43
159,2,290,118,172,0,0,0,1.0,1,1.0,1,1.0,1,0.223284199701539,44
160,4,294,118,176,0,0,0,1.0,1,1.0,1,1.0,1,0.17144459796735914,44
161,3,297,120,177,0,0,0,1.0,1,1.0,1,1.0,1,0.17023655068781934,44
162,1,298,121,177,0,0,0,1.0,1,1.0,1,1.0,1,0.18489663780985574,44
163,6,304,126,178,0,0,0,1.0,1,1.0,1,1.0,1,0.28281238169036693,44
164,3,307,128,179,0,0,0,1.0,1,1.0,1,1.0,1,0.31498373854285705,44
165,3,310,129,181,0,0,0,1.0,1,1.0,1,1.0,1,0.26736899166606537,43
166,2,312,129,183,0,0,0,1.0,1,1.0,1,1.0,1,0.24323694563068707,43
167,1,313,129,184,0,0,0,1.0,1,1.0,1,1.0,1,0.20984898554144651,42
168,1,314,129,185,0,0,0,1.0,1,1.0,1,1.0,1,0.2143102496366015,40
169,1,315,129,186,0,0,0,1.0,1,1.0,1,1.0,1,0.16660057755129493,41
170,0,315,129,186,0,0,0,1.0,1,1.0,1,1.0,1,0.17203392666689038,39
171,1,316,130,186,0,0,0,1.0,1,1.0,1,1.0,1,0.18099175565766001,39
172,0,316,130,186,0,0,0,1.0,1,1.0,1,1.0,1,0.17730426762166138,38
173,2,318,132,186,0,0,0,1.0,1,1.0,1,1.0,1,0.24028346636895204,38
174,1,319,132,187,0,0,0,1.0,1,1.0,1,1.0,1,0.22970449261248413,37
175,1,320,133,187,0,0,0,1.0,1,1.0,1,1.0,1,0.2778046042629655,36
176,1,321,134,187,0,0,0,1.0,1,1.0,1,1.0,1,0.31880764374542936,36
177,1,322,135,187,0,0,0,1.0,1,1.0,1,1.0,1,0.3221217226072466,38
178,1,323,135,188,0,0,0,1.0,1,1.0,1,1.0,1,0.3101835981235683,39
179,4,327,135,192,0,0,0,1.0,1,1.0,1,1.0,1,0.2404077443272887,40
180,0,327,135,192,0,0,0,1.0,1,1.0,1,1.0,1,0.2404077443272887,40
181,0,327,135,192,0,0,0,1.0,1,1.0,1,1.0,1,0.26865239847120437,39
182,1,328,136,192,0,0,0,1.0,1,1.0,1,1.0,1,0.25948736700881175,40
183,3,331,138,193,0,0,0,1.0,1,1.0,1,1.0,1,0.27963671659312356,40
184,1,332,139,193,0,0,0,1.0,1,1.0,1,1.0,1,0.29844458800800683,38
185,3,335,141,194,0,0,0,1.0,1,1.0,1,1.0,1,0.32814275999406367,38
186,2,337,142,195,0,0,0,1.0,1,1.0,1,1.0,1,0.3205881229787262,37
187,4,341,144,197,0,0,0,1.0,1,1.0,1,1.0,1,0.29184099908654487,36
188,6,347,146,201,0,0,0,1.0,1,1.0,1,1.0,1,0.1980414588483328,36
189,0,347,146,201,0,0,0,1.0,1,1.0,1,1.0,1,0.19908887419814647,36
190,3,350,147,203,0,0,0,1.0,1,1.0,1,1.0,1,0.21031591632589755,36
191,1,351,148,203,0,0,0,1.0,1,1.0,1,1.0,1,0.22329385381032835,37
192,2,353,148,205,0,0,0,1.0,1,1.0,1,1.0,1,0.18075151672779935,37
193,0,353,148,205,0,0,0,1.0,1,1.0,1,1.0,1,0.17394899159625343,38
194,0,353,148,205,0,0,0,1.0,1,1.0,1,1.0,1,0.19126640457932534,39
195,2,355,149,206,0,0,0,1.0,1,1.0,1,1.0,1,0.19720192894130276,40
196,1,356,150,206,0,0,0,1.0,1,1.0,1,1.0,1,0.16708966793068433,40
197,0,356,150,206,0,0,0,1.0,1,1.0,1,1.0,1,0.22225138523864232,40
198,0,356,150,206,0,0,0,1.0,1,1.0,1,1.0,1,0.22225138523864232,40
199,1,357,151,206,0,0,0,1.0,1,1.0,1,1.0,1,0.2234518021663498,40
200,0,357,151,206,0,0,0,1.0,1,1.0,1,1.0,1,0.2234518021663498,40
201,2,359,153,206,0,0,0,1.0,1,1.0,1,1.0,1,0.17267377338072423,39
202,0,359,153,206,0,0,0,1.0,1,1.0,1,1.0,1,0.15018171584191148,40
203,2,361,155,206,0,0,0,1.0,1,1.0,1,1.0,1,0.15662190199413017,39
204,2,363,157,206,0,0,0,1.0,1,1.0,1,1.0,1,0.1885580649098876,38
205,1,364,158,206,0,0,0,1.0,1,1.0,1,1.0,1,0.17822283968627062,37
206,0,364,158,206,0,0,0,1.0,1,1.0,1,1.0,1,0.22378552675244212,36
207,1,365,159,206,0,0,0,1.0,1,1.0,1,1.0,1,0.2535198762156328,37
208,0,365,159,206,0,0,0,1.0,1,1.0,1,1.0,1,0.27369966204572316,36
209,1,366,160,206,0,0,0,1.0,1,1.0,1,1.0,1,0.3085156115104922,36
210,2,368,162,206,0,0,0,1.0,1,1.0,1,1.0,1,0.3306132012602864,36
211,0,368,162,206,0,0,0,1.0,1,1.0,1,1.0,1,0.3235755659135811,34
212,2,370,163,207,0,0,0,1.0,1,1.0,1,1.0,1,0.35371835175724214,34
213,2,372,163,209,0,0,0,1.0,1,1.0,1,1.0,1,0.3291492109813875,36
214,1,373,164,209,0,0,0,1.0,1,1.0,1,1.0,1,0.29671910941327445,35
215,2,375,166,209,0,0,0,1.0,1,1.0,1,1.0,1,0.28098897325968736,35
216,2,377,166,211,0,0,0,1.0,1,1.0,1,1.0,1,0.2455318416995796,37
217,4,381,167,214,0,0,0,1.0,1,1.0,1,1.0,1,0.20968199369973223,37
218,5,386,172,214,0,0,0,1.0,1,1.0,1,1.0,1,0.2201507422767682,37
219,1,387,173,214,0,0,0,1.0,1,1.0,1,1.0,1,0.24061912357959528,37
220,4,391,174,217,0,0,0,1.0,1,1.0,1,1.0,1,0.18021322797584968,38
221,1,392,175,217,0,0,0,1.0,1,1.0,1,1.0,1,0.13935452857146863,39
222,1,393,176,217,0,0,0,1.0,1,1.0,1,1.0,1,0.15524021711280014,39
223,4,397,177,220,0,0,0,1.0,1,1.0,1,1.0,1,0.13234031852753145,40
224,3,400,179,221,0,0,0,1.0,1,1.0,1,1.0,1,0.15361685876816444,40
225,1,401,179,222,0,0,0,1.0,1,1.0,1,1.0,1,0.12705737841194698,39
226,2,403,181,222,0,0,0,1.0,1,1.0,1,1.0,1,0.13186202962542753,39
227,0,403,181,222,0,0,0,1.0,1,1.0,1,1.0,1,0.13288651397018758,39
228,1,404,182,222,0,0,0,1.0,1,1.0,1,1.0,1,0.13847140281029008,38
229,4,408,185,223,0,0,0,1.0,1,1.0,1,1.0,1,0.22367309087134507,39
230,4,412,187,225,0,0,0,1.0,1,1.0,1,1.0,1,0.15612339458631902,38
231,3,415,189,226,0,0,0,1.0,1,1.0,1,1.0,1,0.20015773592588762,38
232,4,419,192,227,0,0,0,1.0,1,1.0,1,1.0,1,0.24550361466235887,37
233,0,419,192,227,0,0,0,1.0,1,1.0,1,1.0,1,0.2294895747695634,36
234,1,420,193,227,0,0,0,1.0,1,1.0,1,1.0,1,0.23856216538608316,34
235,0,420,193,227,0,0,0,1.0,1,1.0,1,1.0,1,0.262579168404852,34
236,0,420,193,227,0,0,0,1.0,1,1.0,1,1.0,1,0.28265111151045336,33
237,0,420,193,227,0,0,0,1.0,1,1.0,1,1.0,1,0.3268494864106476,32
238,1,421,193,228,0,0,0,1.0,1,1.0,1,1.0,1,0.3043507405059326,32
239,3,424,195,229,0,0,0,1.0,1,1.0,1,1.0,1,0.2423361439949856,31
240,0,424,195,229,0,0,0,1.0,1,1.0,1,1.0,1,0.28218459960205367,28
241,1,425,195,230,0,0,0,1.0,1,1.0,1,1.0,1,0.30156715688387026,27
242,0,425,195,230,0,0,0,1.0,1,1.0,1,1.0,1,0.334475297820074,29
243,2,427,196,231,0,0,0,1.0,1,1.0,1,1.0,1,0.2917224580859088,28
244,0,427,196,231,0,0,0,1.0,1,1.0,1,1.0,1,0.25684295067943436,28
245,1,428,197,231,0,0,0,1.0,1,1.0,1,1.0,1,0.24613879786734078,27
246,3,431,199,232,0,0,0,1.0,1,1.0,1,1.0,1,0.2710191595489999,25
247,2,433,200,233,0,0,0,1.0,1,1.0,1,1.0,1,0.24984235563764454,26
248,1,434,200,234,0,0,0,1.0,1,1.0,1,1.0,1,0.21602105175749192,27
249,1,435,201,234,0,0,0,1.0,1,1.0,1,1.0,1,0.23001840028884932,26
250,2,437,201,236,0,0,0,1.0,1,1.0,1,1.0,1,0.220642728760914,27
251,0,437,201,236,0,0,0,1.0,1,1.0,1,1.0,1,0.23838942398129392,28
252,0,437,201,236,0,0,0,1.0,1,1.0,1,1.0,1,0.23838942398129392,28
253,1,438,202,236,0,0,0,1.0,1,1.0,1,1.0,1,0.19803340793496474,28
254,1,439,202,237,0,0,0,1.0,1,1.0,1,1.0,1,0.22095526812451846,29
255,1,440,203,237,0,0,0,1.0,1,1.0,1,1.0,1,0.2846105083883725,30
256,0,440,203,237,0,0,0,1.0,1,1.0,1,1.0,1,0.2846105083883725,30
257,2,442,204,238,0,0,0,1.0,1,1.0,1,1.0,1,0.3311714437443884,32
258,2,444,206,238,0,0,0,1.0,1,1.0,1,1.0,1,0.33152474037912955,32
259,2,446,206,240,0,0,0,1.0,1,1.0,1,1.0,1,0.29239426137012703,32
260,1,447,207,240,0,0,0,1.0,1,1.0,1,1.0,1,0.2758356554148227,34
261,0,447,207,240,0,0,0,1.0,1,1.0,1,1.0,1,0.2906681694923592,35
262,3,450,209,241,0,0,0,1.0,1,1.0,1,1.0,1,0.3890220494637396,36
263,0,450,209,241,0,0,0,1.0,1,1.0,1,1.0,1,0.3693323516504247,34
264,2,452,210,242,0,0,0,1.0,1,1.0,1,1.0,1,0.3731203917813083,34
265,1,453,210,243,0,0,0,1.0,1,1.0,1,1.0,1,0.3596614266019126,33
266,0,453,210,243,0,0,0,1.0,1,1.0,1,1.0,1,0.357895397786701,34
267,0,453,210,243,0,0,0,1.0,1,1.0,1,1.0,1,0.35751680734494123,33
268,4,457,210,247,0,0,0,1.0,1,1.0,1,1.0,1,0.2929067197915795,34
269,0,457,210,247,0,0,0,1.0,1,1.0,1,1.0,1,0.2929067197915795,34
270,0,457,210,247,0,0,0,1.0,1,1.0,1,1.0,1,0.31292911415473235,36
271,0,457,210,247,0,0,0,1.0,1,1.0,1,1.0,1,0.31292911415473235,36
272,1,458,210,248,0,0,0,1.0,1,1.0,1,1.0,1,0.3174826953912598,38
273,0,458,210,248,0,0,0,1.0,1,1.0,1,1.0,1,0.3174826953912598,38
274,1,459,211,248,0,0,0,1.0,1,1.0,1,1.0,1,0.3216683601982207,38
275,1,460,211,249,0,0,0,1.0,1,1.0,1,1.0,1,0.299876869760637,38
276,0,460,211,249,0,0,0,1.0,1,1.0,1,1.0,1,0.32478977940604364,39
277,2,462,212,250,0,0,0,1.0,1,1.0,1,1.0,1,0.3074438331309754,38
278,1,463,212,251,0,0,0,1.0,1,1.0,1,1.0,1,0.3385692143652952,38
279,1,464,213,251,0,0,0,1.0,1,1.0,1,1.0,1,0.34184582293152593,38
280,1,465,213,252,0,0,0,1.0,1,1.0,1,1.0,1,0.32577606138744464,38
281,0,465,213,252,0,0,0,1.0,1,1.0,1,1.0,1,0.3194752171942936,38
282,0,465,213,252,0,0,0,1.0,1,1.0,1,1.0,1,0.315810548451455,38
283,2,467,215,252,0,0,0,1.0,1,1.0,1,1.0,1,0.3835577697472338,38
284,1,468,215,253,0,0,0,1.0,1,1.0,1,1.0,1,0.3698980631562756,39
285,0,468,215,253,0,0,0,1.0,1,1.0,1,1.0,1,0.3698980631562756,39
286,1,469,215,254,0,0,0,1.0,1,1.0,1,1.0,1,0.359151108123486,39
287,1,470,215,255,0,0,0,1.0,1,1.0,1,1.0,1,0.35981706536422275,39
288,2,472,215,257,0,0,0,1.0,1,1.0,1,1.0,1,0.3020181277073449,39
289,2,474,216,258,0,0,0,1.0,1,1.0,1,1.0,1,0.33069587827210295,39
290,0,474,216,258,0,0,0,1.0,1,1.0,1,1.0,1,0.3309440156328573,39
291,0,474,216,258,0,0,0,1.0,1,1.0,1,1.0,1,0.3309440156328573,39
292,2,476,216,260,0,0,0,1.0,1,1.0,1,1.0,1,0.3059274893053223,40
293,2,478,217,261,0,0,0,1.0,1,1.0,1,1.0,1,0.2367173275851322,41
294,3,481,218,263,0,0,0,1.0,1,1.0,1,1.0,1,0.1834119917999398,40
295,2,483,219,264,0,0,0,1.0,1,1.0,1,1.0,1,0.17138253181179108,42
296,3,486,222,264,0,0,0,1.0,1,1.0,1,1.0,1,0.20699634955826549,42
297,3,489,222,267,0,0,0,1.0,1,1.0,1,1.0,1,0.1518084253861306,43
298,1,490,223,267,0,0,0,1.0,1,1.0,1,1.0,1,0.1668800528887736,44
299,1,491,224,267,0,0,0,1.0,1,1.0,1,1.0,1,0.17570092043893754,44
300,0,491,224,267,0,0,0,1.0,1,1.0,1,1.0,1,0.19515889219995702,45
301,4,495,227,268,0,0,0,1.0,1,1.0,1,1.0,1,0.20434413423144915,47
302,6,501,229,272,0,0,0,1.0,1,1.0,1,1.0,1,0.1965966637498194,46
303,1,502,230,272,0,0,0,1.0,1,1.0,1,1.0,1,0.20197967344711165,45
304,3,505,232,273,0,0,0,1.0,1,1.0,1,1.0,1,0.22704578117945562,45
305,0,505,232,273,0,0,0,1.0,1,1.0,1,1.0,1,0.22584264125886253,43
306,2,507,232,275,0,0,0,1.0,1,1.0,1,1.0,1,0.23820826949806803,44
307,3,510,233,277,0,0,0,1.0,1,1.0,1,1.0,1,0.22159395746426844,42
308,1,511,234,277,0,0,0,1.0,1,1.0,1,1.0,1,0.24397428418045627,41
309,0,511,234,277,0,0,0,1.0,1,1.0,1,1.0,1,0.25445620243193395,42
310,2,513,234,279,0,0,0,1.0,1,1.0,1,1.0,1,0.214880069901983,41
311,0,513,234,279,0,0,0,1.0,1,1.0,1,1.0,1,0.214880069901983,41
312,1,514,234,280,0,0,0,1.0,1,1.0,1,1.0,1,0.1706773653321657,44
313,0,514,234,280,0,0,0,1.0,1,1.0,1,1.0,1,0.18856428096592745,43
314,2,516,235,281,0,0,0,1.0,1,1.0,1,1.0,1,0.1874434260218173,43
315,0,516,235,281,0,0,0,1.0,1,1.0,1,1.0,1,0.15136946478711966,43
316,1,517,236,281,0,0,0,1.0,1,1.0,1,1.0,1,0.1742467793045425,43
317,0,517,236,281,0,0,0,1.0,1,1.0,1,1.0,1,0.15953805017353156,44
318,2,519,238,281,0,0,0,1.0,1,1.0,1,1.0,1,0.24523042699983608,45
319,3,522,238,284,0,0,0,1.0,1,1.0,1,1.0,1,0.23286434704161843,46
320,1,523,238,285,0,0,0,1.0,1,1.0,1,1.0,1,0.23726489574027912,45
321,0,523,238,285,0,0,0,1.0,1,1.0,1,1.0,1,0.2224944140224961,44
322,1,524,238,286,0,0,0,1.0,1,1.0,1,1.0,1,0.198524977811115,42
323,3,527,240,287,0,0,0,1.0,1,1.0,1,1.0,1,0.1698844176813627,42
324,0,527,240,287,0,0,0,1.0,1,1.0,1,1.0,1,0.18162109095164447,43
325,2,529,242,287,0,0,0,1.0,1,1.0,1,1.0,1,0.23597257849812586,43
326,1,530,242,288,0,0,0,1.0,1,1.0,1,1.0,1,0.21888954381472786,43
327,1,531,243,288,0,0,0,1.0,1,1.0,1,1.0,1,0.25453893549166023,44
328,6,537,244,293,0,0,0,1.0,1,1.0,1,1.0,1,0.20471999924745493,44
329,0,537,244,293,0,0,0,1.0,1,1.0,1,1.0,1,0.19547931462335014,45
330,1,538,244,294,0,0,0,1.0,1,1.0,1,1.0,1,0.17696361727624108,46
331,0,538,244,294,0,0,0,1.0,1,1.0,1,1.0,1,0.17696361727624108,46
332,0,538,244,294,0,0,0,1.0,1,1.0,1,1.0,1,0.18183181508641016,47
333,0,538,244,294,0,0,0,1.0,1,1.0,1,1.0,1,0.19508013500135263,48
334,0,538,244,294,0,0,0,1.0,1,1.0,1,1.0,1,0.19508013500135263,48
335,2,540,246,294,0,0,0,1.0,1,1.0,1,1.0,1,0.20358875836827117,49
336,1,541,246,295,0,0,0,1.0,1,1.0,1,1.0,1,0.20458349990554067,50
337,3,544,247,297,0,0,0,1.0,1,1.0,1,1.0,1,0.16933410151180642,51
338,0,544,247,297,0,0,0,1.0,1,1.0,1,1.0,1,0.16933410151180642,51
339,1,545,248,297,0,0,0,1.0,1,1.0,1,1.0,1,0.18297475084427753,51
340,1,546,249,297,0,0,0,1.0,1,1.0,1,1.0,1,0.21818039898634578,51
341,0,546,249,297,0,0,0,1.0,1,1.0,1,1.0,1,0.21324874152270124,51
342,1,547,249,298,0,0,0,1.0,1,1.0,1,1.0,1,0.2039334545928114,51
343,1,548,249,299,0,0,0,1.0,1,1.0,1,1.0,1,0.19067168278392274,51
344,0,548,249,299,0,0,0,1.0,1,1.0,1,1.0,1,0.1896583203494877,50
345,0,548,249,299,0,0,0,1.0,1,1.0,1,1.0,1,0.1896583203494877,50
346,4,552,251,301,0,0,0,1.0,1,1.0,1,1.0,1,0.21636830470207072,50
347,0,552,251,301,0,0,0,1.0,1,1.0,1,1.0,1,0.22177936328084813,51
348,2,554,253,301,0,0,0,1.0,1,1.0,1,1.0,1,0.2485877873256998,52
349,4,558,255,303,0,0,0,1.0,1,1.0,1,1.0,1,0.21607667566082198,54
350,4,562,255,307,0,0,0,1.0,1,1.0,1,1.0,1,0.20329432608769057,54
351,2,564,257,307,0,0,0,1.0,1,1.0,1,1.0,1,0.20467876172389,54
352,2,566,257,309,0,0,0,1.0,1,1.0,1,1.0,1,0.19432075603868168,56
353,2,568,259,309,0,0,0,1.0,1,1.0,1,1.0,1,0.18979719274962376,54
354,1,569,259,310,0,0,0,1.0,1,1.0,1,1.0,1,0.18404056226446736,53
355,2,571,260,311,0,0,0,1.0,1,1.0,1,1.0,1,0.15812087858522086,54
356,1,572,261,311,0,0,0,1.0,1,1.0,1,1.0,1,0.18422008979972873,54
357,3,575,264,311,0,0,0,1.0,1,1.0,1,1.0,1,0.22224910551183594,53
358,3,578,264,314,0,0,0,1.0,1,1.0,1,1.0,1,0.23443357705307225,49
359,1,579,264,315,0,0,0,1.0,1,1.0,1,1.0,1,0.2128767007789062,48
360,0,579,264,315,0,0,0,1.0,1,1.0,1,1.0,1,0.23051037467821955,47
361,1,580,264,316,0,0,0,1.0,1,1.0,1,1.0,1,0.1944046770035411,46
362,0,580,264,316,0,0,0,1.0,1,1.0,1,1.0,1,0.19610435024765244,46
363,1,581,264,317,0,0,0,1.0,1,1.0,1,1.0,1,0.19093179048270917,47
364,0,581,264,317,0,0,0,1.0,1,1.0,1,1.0,1,0.19093179048270917,47
365,1,582,265,317,0,0,0,1.0,1,1.0,1,1.0,1,0.22707358665697683,47
366,3,585,266,319,0,0,0,1.0,1,1.0,1,1.0,1,0.2745719782548268,50
367,0,585,266,319,0,0,0,1.0,1,1.0,1,1.0,1,0.2745719782548268,50
368,0,585,266,319,0,0,0,1.0,1,1.0,1,1.0,1,0.2520142026813797,51
369,1,586,266,320,0,0,0,1.0,1,1.0,1,1.0,1,0.24123931431061466,51
370,1,587,266,321,0,0,0,1.0,1,1.0,1,1.0,1,0.237364384326941,51
371,4,591,266,325,0,0,0,1.0,1,1.0,1,1.0,1,0.21073840379523526,52
372,0,591,266,325,0,0,0,1.0,1,1.0,1,1.0,1,0.21747686293126153,53
373,5,596,269,327,0,0,0,1.0,1,1.0,1,1.0,1,0.1743641932299323,53
374,2,598,270,328,0,0,0,1.0,1,1.0,1,1.0,1,0.1984971251980344,53
375,3,601,272,329,0,0,0,1.0,1,1.0,1,1.0,1,0.20027566414523662,53
376,4,605,273,332,0,0,0,1.0,1,1.0,1,1.0,1,0.13724983654547404,53
377,1,606,274,332,0,0,0,1.0,1,1.0,1,1.0,1,0.13425462341269506,53
378,1,607,275,332,0,0,0,1.0,1,1.0,1,1.0,1,0.14087610010406423,53
379,1,608,276,332,0,0,0,1.0,1,1.0,1,1.0,1,0.14276966850861725,54
380,1,609,277,332,0,0,0,1.0,1,1.0,1,1.0,1,0.1334600575294999,54
381,1,610,278,332,0,0,0,1.0,1,1.0,1,1.0,1,0.14703317233808783,54
382,2,612,279,333,0,0,0,1.0,1,1.0,1,1.0,1,0.13179474673532324,55
383,2,614,280,334,0,0,0,1.0,1,1.0,1,1.0,1,0.12172661680000692,55
384,1,615,281,334,0,0,0,1.0,1,1.0,1,1.0,1,0.1565287893832036,54
385,0,615,281,334,0,0,0,1.0,1,1.0,1,1.0,1,0.16274888923611888,52
386,4,619,283,336,0,0,0,1.0,1,1.0,1,1.0,1,0.15890612918438293,52
387,3,622,285,337,0,0,0,1.0,1,1.0,1,1.0,1,0.17246451971534482,50
388,2,624,285,339,0,0,0,1.0,1,1.0,1,1.0,1,0.15586492691416293,52
389,3,627,287,340,0,0,0,1.0,1,1.0,1,1.0,1,0.16995569855446063,51
390,1,628,288,340,0,0,0,1.0,1,1.0,1,1.0,1,0.19206620184800763,50
391,5,633,290,343,0,0,0,1.0,1,1.0,1,1.0,1,0.1593612333402018,49
392,2,635,292,343,0,0,0,1.0,1,1.0,1,1.0,1,0.20638123090833002,47
393,1,636,293,343,0,0,0,1.0,1,1.0,1,1.0,1,0.2196370733878182,47
394,3,639,295,344,0,0,0,1.0,1,1.0,1,1.0,1,0.23539584891927362,48
395,5,644,297,347,0,0,0,1.0,1,1.0,1,1.0,1,0.27064442069345696,46
396,3,647,298,349,0,0,0,1.0,1,1.0,1,1.0,1,0.2899692036124869,43
397,2,649,298,351,0,0,0,1.0,1,1.0,1,1.0,1,0.2579381021018016,42
398,1,650,299,351,0,0,0,1.0,1,1.0,1,1.0,1,0.32777410334747664,40
399,0,650,299,351,0,0,0,1.0,1,1.0,1,1.0,1,0.31715706796605725,39
400,3,653,300,353,0,0,0,1.0,1,1.0,1,1.0,1,0.24428730791688383,38
401,0,653,300,353,0,0,0,1.0,1,1.0,1,1.0,1,0.27094612872107576,37
402,1,654,301,353,0,0,0,1.0,1,1.0,1,1.0,1,0.2573140503663428,36
403,2,656,302,354,0,0,0,1.0,1,1.0,1,1.0,1,0.20192775107855454,38
404,2,658,303,355,0,0,0,1.0,1,1.0,1,1.0,1,0.23100239271874043,39
405,0,658,303,355,0,0,0,1.0,1,1.0,1,1.0,1,0.21224759792526607,40
406,1,659,303,356,0,0,0,1.0,1,1.0,1,1.0,1,0.18621510441814973,41
407,0,659,303,356,0,0,0,1.0,1,1.0,1,1.0,1,0.17845132415804313,42
408,0,659,303,356,0,0,0,1.0,1,1.0,1,1.0,1,0.16637733244958458,43
409,1,660,304,356,0,0,0,1.0,1,1.0,1,1.0,1,0.2026169957147121,44
410,0,660,304,356,0,0,0,1.0,1,1.0,1,1.0,1,0.20912314120506692,46
411,0,660,304,356,0,0,0,1.0,1,1.0,1,1.0,1,0.20912314120506692,46
412,0,660,304,356,0,0,0,1.0,1,1.0,1,1.0,1,0.2256277076142185,47
413,1,661,305,356,0,0,0,1.0,1,1.0,1,1.0,1,0.2505448246871653,47
414,1,662,305,357,0,0,0,1.0,1,1.0,1,1.0,1,0.22865033990204617,47
415,4,666,306,360,0,0,0,1.0,1,1.0,1,1.0,1,0.21091754422797315,48
416,1,667,306,361,0,0,0,1.0,1,1.0,1,1.0,1,0.19816558505149315,49
417,0,667,306,361,0,0,0,1.0,1,1.0,1,1.0,1,0.19816558505149315,49
418,2,669,307,362,0,0,0,1.0,1,1.0,1,1.0,1,0.21969313906465326,50
419,1,670,307,363,0,0,0,1.0,1,1.0,1,1.0,1,0.20850511436299243,50
420,1,671,308,363,0,0,0,1.0,1,1.0,1,1.0,1,0.21064506236257696,50
421,1,672,308,364,0,0,0,1.0,1,1.0,1,1.0,1,0.19399005811223394,50
422,1,673,309,364,0,0,0,1.0,1,1.0,1,1.0,1,0.21739923408656206,50
423,3,676,311,365,0,0,0,1.0,1,1.0,1,1.0,1,0.24167433640512093,51
424,4,680,311,369,0,0,0,1.0,1,1.0,1,1.0,1,0.19377660224988308,49
425,1,681,312,369,0,0,0,1.0,1,1.0,1,1.0,1,0.22244600507101236,48
426,5,686,313,373,0,0,0,1.0,1,1.0,1,1.0,1,0.18538304032190606,50
427,3,689,315,374,0,0,0,1.0,1,1.0,1,1.0,1,0.22142797463416808,48
428,5,694,318,376,0,0,0,1.0,1,1.0,1,1.0,1,0.2693243996091222,49
429,0,694,318,376,0,0,0,1.0,1,1.0,1,1.0,1,0.26129028513170566,45
430,6,700,319,381,0,0,0,1.0,1,1.0,1,1.0,1,0.19983483850963565,44
431,2,702,319,383,0,0,0,1.0,1,1.0,1,1.0,1,0.18835347335671923,42
432,2,704,319,385,0,0,0,1.0,1,1.0,1,1.0,1,0.19553533073774226,40
433,1,705,320,385,0,0,0,1.0,1,1.0,1,1.0,1,0.20146418550530826,39
434,1,706,321,385,0,0,0,1.0,1,1.0,1,1.0,1,0.19134006678373078,39
435,2,708,323,385,0,0,0,1.0,1,1.0,1,1.0,1,0.28452689831300276,38
436,4,712,323,389,0,0,0,1.0,1,1.0,1,1.0,1,0.2087058775957333,38
437,1,713,323,390,0,0,0,1.0,1,1.0,1,1.0,1,0.20336665079074556,39
438,0,713,323,390,0,0,0,1.0,1,1.0,1,1.0,1,0.19985082651242994,38
439,2,715,323,392,0,0,0,1.0,1,1.0,1,1.0,1,0.17192648346506975,39
440,2,717,323,394,0,0,0,1.0,1,1.0,1,1.0,1,0.10344542947852312,39
441,2,719,325,394,0,0,0,1.0,1,1.0,1,1.0,1,0.15121769011724523,41
442,0,719,325,394,0,0,0,1.0,1,1.0,1,1.0,1,0.19320712069589602,42
443,0,719,325,394,0,0,0,1.0,1,1.0,1,1.0,1,0.19320712069589602,42
444,0,719,325,394,0,0,0,1.0,1,1.0,1,1.0,1,0.19747809210243028,43
445,3,722,327,395,0,0,0,1.0,1,1.0,1,1.0,1,0.20134548708775282,44
446,2,724,328,396,0,0,0,1.0,1,1.0,1,1.0,1,0.21676320479626632,44
447,1,725,329,396,0,0,0,1.0,1,1.0,1,1.0,1,0.2531559664119905,47
448,2,727,329,398,0,0,0,1.0,1,1.0,1,1.0,1,0.2339854994160874,46
449,0,727,329,398,0,0,0,1.0,1,1.0,1,1.0,1,0.2339854994160874,46
450,0,727,329,398,0,0,0,1.0,1,1.0,1,1.0,1,0.2677660430021108,46
451,2,729,329,400,0,0,0,1.0,1,1.0,1,1.0,1,0.23763501423288544,47
452,0,729,329,400,0,0,0,1.0,1,1.0,1,1.0,1,0.25401055121436933,47
453,0,729,329,400,0,0,0,1.0,1,1.0,1,1.0,1,0.25401055121436933,47
454,2,731,329,402,0,0,0,1.0,1,1.0,1,1.0,1,0.20126768270238324,46
455,4,735,330,405,0,0,0,1.0,1,1.0,1,1.0,1,0.17568944114122848,47
456,1,736,330,406,0,0,0,1.0,1,1.0,1,1.0,1,0.15699174371580063,49
457,1,737,331,406,0,0,0,1.0,1,1.0,1,1.0,1,0.17591897600264672,50
458,0,737,331,406,0,0,0,1.0,1,1.0,1,1.0,1,0.17591897600264672,50
459,1,738,331,407,0,0,0,1.0,1,1.0,1,1.0,1,0.1400466055981907,52
460,0,738,331,407,0,0,0,1.0,1,1.0,1,1.0,1,0.15637447255455827,53
461,1,739,331,408,0,0,0,1.0,1,1.0,1,1.0,1,0.1670151541465975,54
462,1,740,331,409,0,0,0,1.0,1,1.0,1,1.0,1,0.15413126111589093,54
463,2,742,332,410,0,0,0,1.0,1,1.0,1,1.0,1,0.14188664102900758,55
464,2,744,333,411,0,0,0,1.0,1,1.0,1,1.0,1,0.15779632324911885,56
465,1,745,334,411,0,0,0,1.0,1,1.0,1,1.0,1,0.15918214799048147,54
466,3,748,335,413,0,0,0,1.0,1,1.0,1,1.0,1,0.12584280997327055,54
467,2,750,336,414,0,0,0,1.0,1,1.0,1,1.0,1,0.12183643526656002,51
468,5,755,340,415,0,0,0,1.0,1,1.0,1,1.0,1,0.16690603723453276,51
469,0,755,340,415,0,0,0,1.0,1,1.0,1,1.0,1,0.16088091543348587,48
470,4,759,343,416,0,0,0,1.0,1,1.0,1,1.0,1,0.20294100142537813,47
471,4,763,346,417,0,0,0,1.0,1,1.0,1,1.0,1,0.1972979476810524,44
472,7,770,350,420,0,0,0,1.0,1,1.0,1,1.0,1,0.21766564072173783,43
473,1,771,350,421,0,0,0,1.0,1,1.0,1,1.0,1,0.16010335627666922,41
474,0,771,350,421,0,0,0,1.0,1,1.0,1,1.0,1,0.18986964125277436,39
475,2,773,350,423,0,0,0,1.0,1,1.0,1,1.0,1,0.15651527779572522,40
476,2,775,352,423,0,0,0,1.0,1,1.0,1,1.0,1,0.1952995344043932,38
477,2,777,353,424,0,0,0,1.0,1,1.0,1,1.0,1,0.2790757685399857,35
478,0,777,353,424,0,0,0,1.0,1,1.0,1,1.0,1,0.2786772077553501,35
479,1,778,354,424,0,0,0,1.0,1,1.0,1,1.0,1,0.3008907624037448,32
480,0,778,354,424,0,0,0,1.0,1,1.0,1,1.0,1,0.32879248628284086,32
481,0,778,354,424,0,0,0,1.0,1,1.0,1,1.0,1,0.31151888975617903,33
482,2,780,356,424,0,0,0,1.0,1,1.0,1,1.0,1,0.33824395523792217,34
483,0,780,356,424,0,0,0,1.0,1,1.0,1,1.0,1,0.34146293791556004,32
484,2,782,357,425,0,0,0,1.0,1,1.0,1,1.0,1,0.31733584825514033,33
485,2,784,358,426,0,0,0,1.0,1,1.0,1,1.0,1,0.31239343728632885,34
486,4,788,358,430,0,0,0,1.0,1,1.0,1,1.0,1,0.25885084074184,36
487,3,791,358,433,0,0,0,1.0,1,1.0,1,1.0,1,0.21592001339599573,36
488,1,792,359,433,0,0,0,1.0,1,1.0,1,1.0,1,0.21858481163094987,37
489,3,795,361,434,0,0,0,1.0,1,1.0,1,1.0,1,0.2600935287448753,38
490,4,799,361,438,0,0,0,1.0,1,1.0,1,1.0,1,0.19056865997951425,38
491,0,799,361,438,0,0,0,1.0,1,1.0,1,1.0,1,0.19706474470071808,37
492,1,800,362,438,0,0,0,1.0,1,1.0,1,1.0,1,0.21676438149858604,37
493,1,801,362,439,0,0,0,1.0,1,1.0,1,1.0,1,0.18742832339646176,37
494,2,803,364,439,0,0,0,1.0,1,1.0,1,1.0,1,0.2667384354573644,39
495,0,803,364,439,0,0,0,1.0,1,1.0,1,1.0,1,0.2659474162787321,40
496,1,804,364,440,0,0,0,1.0,1,1.0,1,1.0,1,0.2118347253528963,40
497,2,806,364,442,0,0,0,1.0,1,1.0,1,1.0,1,0.1794603432029999,43
498,2,808,365,443,0,0,0,1.0,1,1.0,1,1.0,1,0.16175640765521831,43
499,3,811,366,445,0,0,0,1.0,1,1.0,1,1.0,1,0.15978866739672756,44
500,1,812,367,445,0,0,0,1.0,1,1.0,1,1.0,1,0.15542073225491032,45
501,3,815,368,447,0,0,0,1.0,1,1.0,1,1.0,1,0.13838429823377965,45
502,1,816,369,447,0,0,0,1.0,1,1.0,1,1.0,1,0.14708334142473392,45
503,2,818,371,447,0,0,0,1.0,1,1.0,1,1.0,1,0.1875186924607737,46
504,2,820,372,448,0,0,0,1.0,1,1.0,1,1.0,1,0.21571145867531835,47
505,1,821,372,449,0,0,0,1.0,1,1.0,1,1.0,1,0.20552717919339528,42
506,2,823,374,449,0,0,0,1.0,1,1.0,1,1.0,1,0.28436269074219217,41
507,1,824,374,450,0,0,0,1.0,1,1.0,1,1.0,1,0.26269305182455044,38
508,2,826,376,450,0,0,0,1.0,1,1.0,1,1.0,1,0.31420305775573204,38
509,0,826,376,450,0,0,0,1.0,1,1.0,1,1.0,1,0.304868291309864,37
510,0,826,376,450,0,0,0,1.0,1,1.0,1,1.0,1,0.3249555239990923,36
511,1,827,377,450,0,0,0,1.0,1,1.0,1,1.0,1,0.3843455158216554,34
512,0,827,377,450,0,0,0,1.0,1,1.0,1,1.0,1,0.35731753868928035,32
513,0,827,377,450,0,0,0,1.0,1,1.0,1,1.0,1,0.35731753868928035,32
514,0,827,377,450,0,0,0,1.0,1,1.0,1,1.0,1,0.38611958896922527,35
515,2,829,377,452,0,0,0,1.0,1,1.0,1,1.0,1,0.35113128103334623,35
516,2,831,377,454,0,0,0,1.0,1,1.0,1,1.0,1,0.3239865166827775,36
517,2,833,377,456,0,0,0,1.0,1,1.0,1,1.0,1,0.28422355491035933,36
518,1,834,377,457,0,0,0,1.0,1,1.0,1,1.0,1,0.303957710321349,39
519,1,835,378,457,0,0,0,1.0,1,1.0,1,1.0,1,0.2917761525483703,39
520,3,838,379,459,0,0,0,1.0,1,1.0,1,1.0,1,0.29208341481655953,39
521,0,838,379,459,0,0,0,1.0,1,1.0,1,1.0,1,0.2796459267051582,40
522,1,839,380,459,0,0,0,1.0,1,1.0,1,1.0,1,0.2647285192442618,40
523,1,840,381,459,0,0,0,1.0,1,1.0,1,1.0,1,0.2723384142023841,41
524,1,841,382,459,0,0,0,1.0,1,1.0,1,1.0,1,0.2662903420081743,41
525,3,844,383,461,0,0,0,1.0,1,1.0,1,1.0,1,0.25122832320609384,40
526,1,845,383,462,0,0,0,1.0,1,1.0,1,1.0,1,0.24964158808433115,40
527,1,846,384,462,0,0,0,1.0,1,1.0,1,1.0,1,0.28596297269851817,40
528,0,846,384,462,0,0,0,1.0,1,1.0,1,1.0,1,0.28596297269851817,40
529,3,849,384,465,0,0,0,1.0,1,1.0,1,1.0,1,0.25203576451439963,39
530,1,850,385,465,0,0,0,1.0,1,1.0,1,1.0,1,0.2631375343983481,39
531,0,850,385,465,0,0,0,1.0,1,1.0,1,1.0,1,0.2706729862131609,39
532,1,851,386,465,0,0,0,1.0,1,1.0,1,1.0,1,0.30932300430082005,40
533,3,854,387,467,0,0,0,1.0,1,1.0,1,1.0,1,0.327989302041428,40
534,1,855,387,468,0,0,0,1.0,1,1.0,1,1.0,1,0.3324358471466252,42
535,3,858,387,471,0,0,0,1.0,1,1.0,1,1.0,1,0.30449487289845967,42
536,0,858,387,471,0,0,0,1.0,1,1.0,1,1.0,1,0.3066247744553503,43
537,0,858,387,471,0,0,0,1.0,1,1.0,1,1.0,1,0.3066247744553503,43
538,1,859,388,471,0,0,0,1.0,1,1.0,1,1.0,1,0.3351397161891571,44
539,0,859,388,471,0,0,0,1.0,1,1.0,1,1.0,1,0.3351397161891571,44
540,1,860,389,471,0,0,0,1.0,1,1.0,1,1.0,1,0.3494048862026709,44
541,3,863,389,474,0,0,0,1.0,1,1.0,1,1.0,1,0.2840968693086382,45
542,3,866,390,476,0,0,0,1.0,1,1.0,1,1.0,1,0.2482577681760214,46
543,3,869,393,476,0,0,0,1.0,1,1.0,1,1.0,1,0.28929904003117307,43
544,2,871,394,477,0,0,0,1.0,1,1.0,1,1.0,1,0.27580367616608226,42
545,1,872,395,477,0,0,0,1.0,1,1.0,1,1.0,1,0.28018710592389895,43
546,5,877,398,479,0,0,0,1.0,1,1.0,1,1.0,1,0.29148092562967465,41
547,0,877,398,479,0,0,0,1.0,1,1.0,1,1.0,1,0.2530643312564505,40
548,6,883,402,481,0,0,0,1.0,1,1.0,1,1.0,1,0.33676793491677415,40
549,2,885,403,482,0,0,0,1.0,1,1.0,1,1.0,1,0.3090037668190153,39
550,3,888,404,484,0,0,0,1.0,1,1.0,1,1.0,1,0.3144145411045136,38
551,2,890,406,484,0,0,0,1.0,1,1.0,1,1.0,1,0.3707833475083717,38
552,1,891,407,484,0,0,0,1.0,1,1.0,1,1.0,1,0.40079210230264173,39
553,1,892,407,485,0,0,0,1.0,1,1.0,1,1.0,1,0.3871889309954308,38
554,1,893,407,486,0,0,0,1.0,1,1.0,1,1.0,1,0.3924395242495333,39
555,0,893,407,486,0,0,0,1.0,1,1.0,1,1.0,1,0.3814511437609365,39
556,3,896,408,488,0,0,0,1.0,1,1.0,1,1.0,1,0.34008109347246246,40
557,1,897,408,489,0,0,0,1.0,1,1.0,1,1.0,1,0.34187693489683013,40
558,0,897,408,489,0,0,0,1.0,1,1.0,1,1.0,1,0.34187693489683013,40
559,1,898,408,490,0,0,0,1.0,1,1.0,1,1.0,1,0.3123475917351325,40
560,1,899,408,491,0,0,0,1.0,1,1.0,1,1.0,1,0.29209945085724703,41
561,2,901,409,492,0,0,0,1.0,1,1.0,1,1.0,1,0.29034488436664185,42
562,2,903,410,493,0,0,0,1.0,1,1.0,1,1.0,1,0.2838887920331437,42
563,3,906,411,495,0,0,0,1.0,1,1.0,1,1.0,1,0.2883281357009087,42
564,2,908,411,497,0,0,0,1.0,1,1.0,1,1.0,1,0.2634508739400871,43
565,2,910,413,497,0,0,0,1.0,1,1.0,1,1.0,1,0.31347818671364874,44
566,1,911,413,498,0,0,0,1.0,1,1.0,1,1.0,1,0.2989751367646678,45
567,0,911,413,498,0,0,0,1.0,1,1.0,1,1.0,1,0.2989751367646678,45
568,3,914,413,501,0,0,0,1.0,1,1.0,1,1.0,1,0.20591705907491575,46
569,2,916,413,503,0,0,0,1.0,1,1.0,1,1.0,1,0.1873855712286051,47
570,3,919,414,505,0,0,0,1.0,1,1.0,1,1.0,1,0.18098966439889505,48
571,1,920,415,505,0,0,0,1.0,1,1.0,1,1.0,1,0.2122639527193762,48
572,0,920,415,505,0,0,0,1.0,1,1.0,1,1.0,1,0.2029407905215133,47
573,1,921,415,506,0,0,0,1.0,1,1.0,1,1.0,1,0.20796911299149953,49
574,0,921,415,506,0,0,0,1.0,1,1.0,1,1.0,1,0.20796911299149953,49
575,1,922,415,507,0,0,0,1.0,1,1.0,1,1.0,1,0.1746553452659679,50
576,1,923,415,508,0,0,0,1.0,1,1.0,1,1.0,1,0.17381687719177769,51
577,1,924,415,509,0,0,0,1.0,1,1.0,1,1.0,1,0.1466726933286546,51
578,0,924,415,509,0,0,0,1.0,1,1.0,1,1.0,1,0.1466726933286546,51
579,2,926,417,509,0,0,0,1.0,1,1.0,1,1.0,1,0.1752745657160846,52
580,3,929,417,512,0,0,0,1.0,1,1.0,1,1.0,1,0.15860935684528502,52
581,2,931,418,513,0,0,0,1.0,1,1.0,1,1.0,1,0.16413883635440973,52
582,2,933,419,514,0,0,0,1.0,1,1.0,1,1.0,1,0.17506003482086974,53
583,1,934,419,515,0,0,0,1.0,1,1.0,1,1.0,1,0.1630420671458439,51
584,1,935,420,515,0,0,0,1.0,1,1.0,1,1.0,1,0.1656665223936784,51
585,3,938,423,515,0,0,0,1.0,1,1.0,1,1.0,1,0.19121408492862865,49
586,3,941,425,516,0,0,0,1.0,1,1.0,1,1.0,1,0.1979823071471432,49
587,1,942,426,516,0,0,0,1.0,1,1.0,1,1.0,1,0.20710252142575886,48
588,3,945,428,517,0,0,0,1.0,1,1.0,1,1.0,1,0.2511114601789511,46
589,8,953,430,523,0,0,0,1.0,1,1.0,1,1.0,1,0.1830689480616646,48
590,1,954,431,523,0,0,0,1.0,1,1.0,1,1.0,1,0.1999968645291814,47
591,0,954,431,523,0,0,0,1.0,1,1.0,1,1.0,1,0.2100566195839038,48
592,1,955,431,524,0,0,0,1.0,1,1.0,1,1.0,1,0.18974710195666492,47
593,2,957,432,525,0,0,0,1.0,1,1.0,1,1.0,1,0.20583271640942216,45
594,2,959,434,525,0,0,0,1.0,1,1.0,1,1.0,1,0.22820618376882162,44
595,1,960,435,525,0,0,0,1.0,1,1.0,1,1.0,1,0.23410169984016377,43
596,5,965,436,529,0,0,0,1.0,1,1.0,1,1.0,1,0.1955262970021436,44
597,0,965,436,529,0,0,0,1.0,1,1.0,1,1.0,1,0.20088051843854401,43
598,1,966,437,529,0,0,0,1.0,1,1.0,1,1.0,1,0.18690880107098687,45
599,2,968,439,529,0,0,0,1.0,1,1.0,1,1.0,1,0.22675333548448887,44
600,1,969,439,530,0,0,0,1.0,1,1.0,1,1.0,1,0.19334952994450724,44
601,0,969,439,530,0,0,0,1.0,1,1.0,1,1.0,1,0.1996386508776491,45
602,3,972,441,531,0,0,0,1.0,1,1.0,1,1.0,1,0.23008205727734785,46
603,0,972,441,531,0,0,0,1.0,1,1.0,1,1.0,1,0.22486809594823526,46
604,2,974,441,533,0,0,0,1.0,1,1.0,1,1.0,1,0.19152206625417414,47
605,1,975,442,533,0,0,0,1.0,1,1.0,1,1.0,1,0.19344556259231643,47
606,0,975,442,533,0,0,0,1.0,1,1.0,1,1.0,1,0.20885538543223067,47
607,2,977,442,535,0,0,0,1.0,1,1.0,1,1.0,1,0.1611776608065755,48
608,0,977,442,535,0,0,0,1.0,1,1.0,1,1.0,1,0.18741585865104596,47
609,1,978,442,536,0,0,0,1.0,1,1.0,1,1.0,1,0.1734837325049026,48
610,1,979,442,537,0,0,0,1.0,1,1.0,1,1.0,1,0.16894703669525396,48
611,1,980,443,537,0,0,0,1.0,1,1.0,1,1.0,1,0.16125686666091812,49
612,1,981,443,538,0,0,0,1.0,1,1.0,1,1.0,1,0.16849050679603905,50
613,2,983,444,539,0,0,0,1.0,1,1.0,1,1.0,1,0.16260641980190763,50
614,0,983,444,539,0,0,0,1.0,1,1.0,1,1.0,1,0.16260641980190763,50
615,2,985,445,540,0,0,0,1.0,1,1.0,1,1.0,1,0.1597083374453619,50
616,0,985,445,540,0,0,0,1.0,1,1.0,1,1.0,1,0.1597083374453619,50
617,0,985,445,540,0,0,0,1.0,1,1.0,1,1.0,1,0.17802721815210537,52
618,3,988,446,542,0,0,0,1.0,1,1.0,1,1.0,1,0.1526742421321006,52
619,3,991,448,543,0,0,0,1.0,1,1.0,1,1.0,1,0.13779130649509802,50
620,0,991,448,543,0,0,0,1.0,1,1.0,1,1.0,1,0.16616922249592345,50
621,1,992,449,543,0,0,0,1.0,1,1.0,1,1.0,1,0.1778717432545125,49
622,2,994,449,545,0,0,0,1.0,1,1.0,1,1.0,1,0.19546832061291755,49
623,3,997,451,546,0,0,0,1.0,1,1.0,1,1.0,1,0.22274115929597207,48
624,2,999,452,547,0,0,0,1.0,1,1.0,1,1.0,1,0.21431969563450995,46
625,1,1000,452,548,0,0,0,1.0,1,1.0,1,1.0,1,0.1942016931342068,45
626,5,1005,456,549,0,0,0,1.0,1,1.0,1,1.0,1,0.2477939848911962,44
627,3,1008,459,549,0,0,0,1.0,1,1.0,1,1.0,1,0.27928419698722823,44
628,3,1011,460,551,0,0,0,1.0,1,1.0,1,1.0,1,0.22039068593127953,44
629,3,1014,461,553,0,0,0,1.0,1,1.0,1,1.0,1,0.1842791058518703,41
630,2,1016,463,553,0,0,0,1.0,1,1.0,1,1.0,1,0.22657842548409116,40
631,2,1018,464,554,0,0,0,1.0,1,1.0,1,1.0,1,0.2840298616487497,38
632,2,1020,465,555,0,0,0,1.0,1,1.0,1,1.0,1,0.2781609429142868,38
633,0,1020,465,555,0,0,0,1.0,1,1.0,1,1.0,1,0.32447136878333366,36
634,0,1020,465,555,0,0,0,1.0,1,1.0,1,1.0,1,0.32296596069958095,35
635,0,1020,465,555,0,0,0,1.0,1,1.0,1,1.0,1,0.32296596069958095,35
636,2,1022,467,555,0,0,0,1.0,1,1.0,1,1.0,1,0.38789412689552333,36
637,3,1025,467,558,0,0,0,1.0,1,1.0,1,1.0,1,0.28603768721855366,35
638,3,1028,469,559,0,0,0,1.0,1,1.0,1,1.0,1,0.2848052542153764,34
639,3,1031,470,561,0,0,0,1.0,1,1.0,1,1.0,1,0.22580987733423996,36
640,3,1034,471,563,0,0,0,1.0,1,1.0,1,1.0,1,0.22400742759285147,37
641,0,1034,471,563,0,0,0,1.0,1,1.0,1,1.0,1,0.22400742759285147,37
642,0,1034,471,563,0,0,0,1.0,1,1.0,1,1.0,1,0.19960424603942462,38
643,1,1035,471,564,0,0,0,1.0,1,1.0,1,1.0,1,0.17225450454226682,39
644,2,1037,473,564,0,0,0,1.0,1,1.0,1,1.0,1,0.21127875584126832,39
645,0,1037,473,564,0,0,0,1.0,1,1.0,1,1.0,1,0.19476309427891667,39
646,4,1041,475,566,0,0,0,1.0,1,1.0,1,1.0,1,0.24499010201031715,40
647,0,1041,475,566,0,0,0,1.0,1,1.0,1,1.0,1,0.24499010201031715,40
648,0,1041,475,566,0,0,0,1.0,1,1.0,1,1.0,1,0.24499010201031715,40
649,0,1041,475,566,0,0,0,1.0,1,1.0,1,1.0,1,0.24499010201031715,40
650,2,1043,476,567,0,0,0,1.0,1,1.0,1,1.0,1,0.24530796850011316,41
651,2,1045,477,568,0,0,0,1.0,1,1.0,1,1.0,1,0.2361685220127257,42
652,2,1047,477,570,0,0,0,1.0,1,1.0,1,1.0,1,0.22889012960208804,41
653,1,1048,477,571,0,0,0,1.0,1,1.0,1,1.0,1,0.21568894866693827,41
654,1,1049,477,572,0,0,0,1.0,1,1.0,1,1.0,1,0.217144135359831,42
655,0,1049,477,572,0,0,0,1.0,1,1.0,1,1.0,1,0.22992172850975007,45
656,4,1053,481,572,0,0,0,1.0,1,1.0,1,1.0,1,0.3176709981590908,45
657,2,1055,481,574,0,0,0,1.0,1,1.0,1,1.0,1,0.24051784532105527,43
658,3,1058,483,575,0,0,0,1.0,1,1.0,1,1.0,1,0.30331163279837414,43
659,1,1059,483,576,0,0,0,1.0,1,1.0,1,1.0,1,0.275483443946314,43
660,3,1062,486,576,0,0,0,1.0,1,1.0,1,1.0,1,0.36163780364863896,43
661,2,1064,487,577,0,0,0,1.0,1,1.0,1,1.0,1,0.369188097373103,41
662,3,1067,488,579,0,0,0,1.0,1,1.0,1,1.0,1,0.3767859261225247,40
663,3,1070,490,580,0,0,0,1.0,1,1.0,1,1.0,1,0.3352309470512774,39
664,1,1071,490,581,0,0,0,1.0,1,1.0,1,1.0,1,0.33056485247449113,36
665,3,1074,491,583,0,0,0,1.0,1,1.0,1,1.0,1,0.31024855974647003,36
666,2,1076,492,584,0,0,0,1.0,1,1.0,1,1.0,1,0.26444261458589363,36
667,2,1078,493,585,0,0,0,1.0,1,1.0,1,1.0,1,0.26463899710021593,35
668,3,1081,496,585,0,0,0,1.0,1,1.0,1,1.0,1,0.2722298674523352,34
669,2,1083,498,585,0,0,0,1.0,1,1.0,1,1.0,1,0.28941970602712525,34
670,4,1087,499,588,0,0,0,1.0,1,1.0,1,1.0,1,0.2554855621026491,32
671,2,1089,500,589,0,0,0,1.0,1,1.0,1,1.0,1,0.24102199975871327,33
672,0,1089,500,589,0,0,0,1.0,1,1.0,1,1.0,1,0.2588685168960986,32
673,0,1089,500,589,0,0,0,1.0,1,1.0,1,1.0,1,0.2588685168960986,32
674,3,1092,501,591,0,0,0,1.0,1,1.0,1,1.0,1,0.2694506915260847,32
675,2,1094,502,592,0,0,0,1.0,1,1.0,1,1.0,1,0.26515592186017645,34
676,2,1096,502,594,0,0,0,1.0,1,1.0,1,1.0,1,0.2097774436726916,35
677,1,1097,503,594,0,0,0,1.0,1,1.0,1,1.0,1,0.20781255748412564,35
678,0,1097,503,594,0,0,0,1.0,1,1.0,1,1.0,1,0.20781255748412564,35
679,2,1099,504,595,0,0,0,1.0,1,1.0,1,1.0,1,0.1699016336210076,36
680,1,1100,505,595,0,0,0,1.0,1,1.0,1,1.0,1,0.15625980787625554,37
681,0,1100,505,595,0,0,0,1.0,1,1.0,1,1.0,1,0.15625980787625554,37
682,1,1101,506,595,0,0,0,1.0,1,1.0,1,1.0,1,0.1702681498353436,37
683,0,1101,506,595,0,0,0,1.0,1,1.0,1,1.0,1,0.18165116865433134,38
684,1,1102,507,595,0,0,0,1.0,1,1.0,1,1.0,1,0.2124199678566055,39
685,0,1102,507,595,0,0,0,1.0,1,1.0,1,1.0,1,0.2079939234013778,38
686,0,1102,507,595,0,0,0,1.0,1,1.0,1,1.0,1,0.24312438108379555,37
687,4,1106,508,598,0,0,0,1.0,1,1.0,1,1.0,1,0.2562961102851389,38
688,0,1106,508,598,0,0,0,1.0,1,1.0,1,1.0,1,0.2979156912359386,37
689,1,1107,509,598,0,0,0,1.0,1,1.0,1,1.0,1,0.29681158481868525,39
690,0,1107,509,598,0,0,0,1.0,1,1.0,1,1.0,1,0.3027765788762799,38
691,1,1108,510,598,0,0,0,1.0,1,1.0,1,1.0,1,0.2882240868269978,38
692,2,1110,512,598,0,0,0,1.0,1,1.0,1,1.0,1,0.30807642410695807,38
693,3,1113,514,599,0,0,0,1.0,1,1.0,1,1.0,1,0.3215909434455207,40
694,5,1118,516,602,0,0,0,1.0,1,1.0,1,1.0,1,0.31965460863977296,42
695,1,1119,516,603,0,0,0,1.0,1,1.0,1,1.0,1,0.2666105651569369,40
696,4,1123,518,605,0,0,0,1.0,1,1.0,1,1.0,1,0.24180584624533327,39
697,1,1124,519,605,0,0,0,1.0,1,1.0,1,1.0,1,0.24859438962631664,39
698,1,1125,519,606,0,0,0,1.0,1,1.0,1,1.0,1,0.19308484888780217,37
699,0,1125,519,606,0,0,0,1.0,1,1.0,1,1.0,1,0.17472518670835627,37
700,1,1126,520,606,0,0,0,1.0,1,1.0,1,1.0,1,0.21031968721967514,37
701,0,1126,520,606,0,0,0,1.0,1,1.0,1,1.0,1,0.21031968721967514,37
702,2,1128,521,607,0,0,0,1.0,1,1.0,1,1.0,1,0.23891270997268135,38
703,4,1132,523,609,0,0,0,1.0,1,1.0,1,1.0,1,0.22236522889890137,36
704,1,1133,524,609,0,0,0,1.0,1,1.0,1,1.0,1,0.23200038404359133,36
705,2,1135,526,609,0,0,0,1.0,1,1.0,1,1.0,1,0.25049113679496837,36
706,4,1139,530,609,0,0,0,1.0,1,1.0,1,1.0,1,0.36199545288348817,35
707,3,1142,532,610,0,0,0,1.0,1,1.0,1,1.0,1,0.3576283055578411,36
708,4,1146,533,613,0,0,0,1.0,1,1.0,1,1.0,1,0.3173273706224736,36
709,1,1147,534,613,0,0,0,1.0,1,1.0,1,1.0,1,0.2846172840925177,34
710,0,1147,534,613,0,0,0,1.0,1,1.0,1,1.0,1,0.2846172840925177,34
711,0,1147,534,613,0,0,0,1.0,1,1.0,1,1.0,1,0.28118197708632714,34
712,5,1152,536,616,0,0,0,1.0,1,1.0,1,1.0,1,0.2645949871814286,35
713,4,1156,538,618,0,0,0,1.0,1,1.0,1,1.0,1,0.2646947674305132,34
714,1,1157,539,618,0,0,0,1.0,1,1.0,1,1.0,1,0.27298241818862695,34
715,1,1158,539,619,0,0,0,1.0,1,1.0,1,1.0,1,0.2819550684903568,35
716,1,1159,540,619,0,0,0,1.0,1,1.0,1,1.0,1,0.3098115885048064,33
717,2,1161,540,621,0,0,0,1.0,1,1.0,1,1.0,1,0.30337819304029745,33
718,2,1163,541,622,0,0,0,1.0,1,1.0,1,1.0,1,0.33761762569480613,32
719,2,1165,541,624,0,0,0,1.0,1,1.0,1,1.0,1,0.27887352509071617,32
720,1,1166,541,625,0,0,0,1.0,1,1.0,1,1.0,1,0.25367356042980865,33
721,2,1168,542,626,0,0,0,1.0,1,1.0,1,1.0,1,0.2384602878675099,33
722,1,1169,542,627,0,0,0,1.0,1,1.0,1,1.0,1,0.21490648458783262,34
723,0,1169,542,627,0,0,0,1.0,1,1.0,1,1.0,1,0.21490648458783262,34
724,1,1170,542,628,0,0,0,1.0,1,1.0,1,1.0,1,0.21890374700204043,36
725,0,1170,542,628,0,0,0,1.0,1,1.0,1,1.0,1,0.21890374700204043,36
726,0,1170,542,628,0,0,0,1.0,1,1.0,1,1.0,1,0.21890374700204043,36
727,0,1170,542,628,0,0,0,1.0,1,1.0,1,1.0,1,0.21890374700204043,36
728,2,1172,543,629,0,0,0,1.0,1,1.0,1,1.0,1,0.2163430507155751,37
729,0,1172,543,629,0,0,0,1.0,1,1.0,1,1.0,1,0.23706747826863844,37
730,2,1174,543,631,0,0,0,1.0,1,1.0,1,1.0,1,0.19674903340967664,38
731,2,1176,544,632,0,0,0,1.0,1,1.0,1,1.0,1,0.24973167307232258,39
732,0,1176,544,632,0,0,0,1.0,1,1.0,1,1.0,1,0.22684753139120625,41
733,0,1176,544,632,0,0,0,1.0,1,1.0,1,1.0,1,0.1854805152156138,39
734,2,1178,546,632,0,0,0,1.0,1,1.0,1,1.0,1,0.2468174431587265,39
735,3,1181,549,632,0,0,0,1.0,1,1.0,1,1.0,1,0.31335399160769994,39
736,1,1182,549,633,0,0,0,1.0,1,1.0,1,1.0,1,0.28402538409982697,38
737,0,1182,549,633,0,0,0,1.0,1,1.0,1,1.0,1,0.2999194464903721,39
738,0,1182,549,633,0,0,0,1.0,1,1.0,1,1.0,1,0.31657743962088003,37
739,1,1183,549,634,0,0,0,1.0,1,1.0,1,1.0,1,0.29600608810402823,37
740,0,1183,549,634,0,0,0,1.0,1,1.0,1,1.0,1,0.2871289377987506,35
741,0,1183,549,634,0,0,0,1.0,1,1.0,1,1.0,1,0.2936881577146557,33
742,1,1184,550,634,0,0,0,1.0,1,1.0,1,1.0,1,0.31421294809366285,35
743,3,1187,552,635,0,0,0,1.0,1,1.0,1,1.0,1,0.32954722945064546,35
744,3,1190,554,636,0,0,0,1.0,1,1.0,1,1.0,1,0.297944788120623,34
745,2,1192,555,637,0,0,0,1.0,1,1.0,1,1.0,1,0.31287553089088405,34
746,3,1195,558,637,0,0,0,1.0,1,1.0,1,1.0,1,0.27108840678999246,33
747,1,1196,558,638,0,0,0,1.0,1,1.0,1,1.0,1,0.22112729000612238,32
748,0,1196,558,638,0,0,0,1.0,1,1.0,1,1.0,1,0.2186590828600392,33
749,0,1196,558,638,0,0,0,1.0,1,1.0,1,1.0,1,0.2186590828600392,33
750,1,1197,559,638,0,0,0,1.0,1,1.0,1,1.0,1,0.24101192541921707,34
751,1,1198,560,638,0,0,0,1.0,1,1.0,1,1.0,1,0.263700327437492,36
752,3,1201,563,638,0,0,0,1.0,1,1.0,1,1.0,1,0.24774215240309716,35
753,3,1204,564,640,0,0,0,1.0,1,1.0,1,1.0,1,0.27653706612381884,37
754,3,1207,566,641,0,0,0,1.0,1,1.0,1,1.0,1,0.3003647736664293,37
755,2,1209,567,642,0,0,0,1.0,1,1.0,1,1.0,1,0.2811748766511996,35
756,1,1210,567,643,0,0,0,1.0,1,1.0,1,1.0,1,0.29156876177841173,36
757,2,1212,567,645,0,0,0,1.0,1,1.0,1,1.0,1,0.24999219815899998,35
758,0,1212,567,645,0,0,0,1.0,1,1.0,1,1.0,1,0.26169930115269485,36
759,0,1212,567,645,0,0,0,1.0,1,1.0,1,1.0,1,0.26603374316373246,37
760,1,1213,567,646,0,0,0,1.0,1,1.0,1,1.0,1,0.27388836490876256,36
761,0,1213,567,646,0,0,0,1.0,1,1.0,1,1.0,1,0.27388836490876256,36
762,0,1213,567,646,0,0,0,1.0,1,1.0,1,1.0,1,0.2858522123806195,37
763,0,1213,567,646,0,0,0,1.0,1,1.0,1,1.0,1,0.29548590158635646,38
764,0,1213,567,646,0,0,0,1.0,1,1.0,1,1.0,1,0.29548590158635646,38
765,0,1213,567,646,0,0,0,1.0,1,1.0,1,1.0,1,0.29548590158635646,38
766,1,1214,567,647,0,0,0,1.0,1,1.0,1,1.0,1,0.27310937414932335,40
767,0,1214,567,647,0,0,0,1.0,1,1.0,1,1.0,1,0.2865823111925713,41
768,3,1217,568,649,0,0,0,1.0,1,1.0,1,1.0,1,0.28444150714308036,41
769,1,1218,568,650,0,0,0,1.0,1,1.0,1,1.0,1,0.28660108930894534,42
770,2,1220,569,651,0,0,0,1.0,1,1.0,1,1.0,1,0.3008206382988522,41
771,0,1220,569,651,0,0,0,1.0,1,1.0,1,1.0,1,0.3265368341151136,41
772,4,1224,571,653,0,0,0,1.0,1,1.0,1,1.0,1,0.283819228037061,41
773,2,1226,571,655,0,0,0,1.0,1,1.0,1,1.0,1,0.2399516426554013,41
774,2,1228,573,655,0,0,0,1.0,1,1.0,1,1.0,1,0.26639073415016107,42
775,1,1229,573,656,0,0,0,1.0,1,1.0,1,1.0,1,0.2376801722198296,42
776,0,1229,573,656,0,0,0,1.0,1,1.0,1,1.0,1,0.2376801722198296,42
777,0,1229,573,656,0,0,0,1.0,1,1.0,1,1.0,1,0.2376801722198296,42
778,1,1230,573,657,0,0,0,1.0,1,1.0,1,1.0,1,0.2529599867366981,44
779,0,1230,573,657,0,0,0,1.0,1,1.0,1,1.0,1,0.2529599867366981,44
780,0,1230,573,657,0,0,0,1.0,1,1.0,1,1.0,1,0.2529599867366981,44
781,1,1231,573,658,0,0,0,1.0,1,1.0,1,1.0,1,0.2389007851448469,46
782,2,1233,575,658,0,0,0,1.0,1,1.0,1,1.0,1,0.2760151163477849,45
783,1,1234,576,658,0,0,0,1.0,1,1.0,1,1.0,1,0.32064259377116067,44
784,4,1238,578,660,0,0,0,1.0,1,1.0,1,1.0,1,0.28844922656639693,44
785,3,1241,579,662,0,0,0,1.0,1,1.0,1,1.0,1,0.281550800351865,43
786,1,1242,580,662,0,0,0,1.0,1,1.0,1,1.0,1,0.2696710840973323,43
787,0,1242,580,662,0,0,0,1.0,1,1.0,1,1.0,1,0.2696710840973323,43
788,4,1246,581,665,0,0,0,1.0,1,1.0,1,1.0,1,0.22569061611742652,45
789,2,1248,582,666,0,0,0,1.0,1,1.0,1,1.0,1,0.206833535762399,46
790,1,1249,582,667,0,0,0,1.0,1,1.0,1,1.0,1,0.21630727171543068,45
791,0,1249,582,667,0,0,0,1.0,1,1.0,1,1.0,1,0.23395035807453438,46
792,2,1251,583,668,0,0,0,1.0,1,1.0,1,1.0,1,0.25314978981872216,46
793,4,1255,583,672,0,0,0,1.0,1,1.0,1,1.0,1,0.17143875898776753,46
794,1,1256,584,672,0,0,0,1.0,1,1.0,1,1.0,1,0.22450752540226207,47
795,2,1258,584,674,0,0,0,1.0,1,1.0,1,1.0,1,0.2004295512081267,47
796,3,1261,585,676,0,0,0,1.0,1,1.0,1,1.0,1,0.1929398262934306,46
797,3,1264,587,677,0,0,0,1.0,1,1.0,1,1.0,1,0.21475444553663348,47
798,3,1267,589,678,0,0,0,1.0,1,1.0,1,1.0,1,0.2632671895546813,48
799,7,1274,589,685,0,0,0,1.0,1,1.0,1,1.0,1,0.129913972616971,48
800,1,1275,590,685,0,0,0,1.0,1,1.0,1,1.0,1,0.15390562010037115,48
801,1,1276,590,686,0,0,0,1.0,1,1.0,1,1.0,1,0.15108952402523065,49
802,0,1276,590,686,0,0,0,1.0,1,1.0,1,1.0,1,0.13579738767182958,50
803,0,1276,590,686,0,0,0,1.0,1,1.0,1,1.0,1,0.13042209134546742,49
804,1,1277,591,686,0,0,0,1.0,1,1.0,1,1.0,1,0.10710735077370961,50
805,0,1277,591,686,0,0,0,1.0,1,1.0,1,1.0,1,0.10710735077370961,50
806,0,1277,591,686,0,0,0,1.0,1,1.0,1,1.0,1,0.10710735077370961,50
807,1,1278,591,687,0,0,0,1.0,1,1.0,1,1.0,1,0.11915077994352148,51
808,0,1278,591,687,0,0,0,1.0,1,1.0,1,1.0,1,0.11915077994352148,51
809,1,1279,592,687,0,0,0,1.0,1,1.0,1,1.0,1,0.14262697101633276,51
810,1,1280,592,688,0,0,0,1.0,1,1.0,1,1.0,1,0.14091415137851476,52
811,3,1283,594,689,0,0,0,1.0,1,1.0,1,1.0,1,0.1546433658311134,50
812,2,1285,596,689,0,0,0,1.0,1,1.0,1,1.0,1,0.16630366183667897,48
813,2,1287,597,690,0,0,0,1.0,1,1.0,1,1.0,1,0.17879194317164263,49
814,1,1288,597,691,0,0,0,1.0,1,1.0,1,1.0,1,0.15420643065035478,48
815,1,1289,598,691,0,0,0,1.0,1,1.0,1,1.0,1,0.1995037671282072,48
816,2,1291,599,692,0,0,0,1.0,1,1.0,1,1.0,1,0.17031352655713144,46
817,0,1291,599,692,0,0,0,1.0,1,1.0,1,1.0,1,0.20666009413284284,44
818,1,1292,599,693,0,0,0,1.0,1,1.0,1,1.0,1,0.18542518794387408,46
819,0,1292,599,693,0,0,0,1.0,1,1.0,1,1.0,1,0.19982626600607478,44
820,1,1293,599,694,0,0,0,1.0,1,1.0,1,1.0,1,0.21696535867843944,44
821,0,1293,599,694,0,0,0,1.0,1,1.0,1,1.0,1,0.21696535867843944,44
822,2,1295,600,695,0,0,0,1.0,1,1.0,1,1.0,1,0.22372888999978904,44
823,3,1298,602,696,0,0,0,1.0,1,1.0,1,1.0,1,0.2007583302323958,42
824,3,1301,605,696,0,0,0,1.0,1,1.0,1,1.0,1,0.21846746978465412,42
825,2,1303,607,696,0,0,0,1.0,1,1.0,1,1.0,1,0.22795278110179626,40
826,5,1308,610,698,0,0,0,1.0,1,1.0,1,1.0,1,0.22654910384925875,41
827,2,1310,611,699,0,0,0,1.0,1,1.0,1,1.0,1,0.18802105575089137,40
828,4,1314,614,700,0,0,0,1.0,1,1.0,1,1.0,1,0.19760432672622438,40
829,1,1315,615,700,0,0,0,1.0,1,1.0,1,1.0,1,0.22903891275883365,42
830,2,1317,617,700,0,0,0,1.0,1,1.0,1,1.0,1,0.2605904942602821,42
831,4,1321,619,702,0,0,0,1.0,1,1.0,1,1.0,1,0.268726433124078,43
832,5,1326,619,707,0,0,0,1.0,1,1.0,1,1.0,1,0.1784166204214481,42
833,1,1327,620,707,0,0,0,1.0,1,1.0,1,1.0,1,0.22030104217423488,41
834,0,1327,620,707,0,0,0,1.0,1,1.0,1,1.0,1,0.22030104217423488,41
835,0,1327,620,707,0,0,0,1.0,1,1.0,1,1.0,1,0.22139051109306587,41
836,0,1327,620,707,0,0,0,1.0,1,1.0,1,1.0,1,0.21621145534356856,40
837,0,1327,620,707,0,0,0,1.0,1,1.0,1,1.0,1,0.21988049375007512,41
838,0,1327,620,707,0,0,0,1.0,1,1.0,1,1.0,1,0.21988049375007512,41
839,2,1329,622,707,0,0,0,1.0,1,1.0,1,1.0,1,0.24603442164869546,41
840,3,1332,623,709,0,0,0,1.0,1,1.0,1,1.0,1,0.24843879302493937,42
841,3,1335,623,712,0,0,0,1.0,1,1.0,1,1.0,1,0.17559259903225613,42
842,2,1337,624,713,0,0,0,1.0,1,1.0,1,1.0,1,0.18288590695356924,42
843,1,1338,625,713,0,0,0,1.0,1,1.0,1,1.0,1,0.19339302965438104,42
844,0,1338,625,713,0,0,0,1.0,1,1.0,1,1.0,1,0.20433028237874598,42
845,2,1340,625,715,0,0,0,1.0,1,1.0,1,1.0,1,0.24997904962166453,44
846,3,1343,626,717,0,0,0,1.0,1,1.0,1,1.0,1,0.2361147759546172,44
847,1,1344,627,717,0,0,0,1.0,1,1.0,1,1.0,1,0.23562223059706855,42
848,0,1344,627,717,0,0,0,1.0,1,1.0,1,1.0,1,0.2714739591958096,43
849,2,1346,627,719,0,0,0,1.0,1,1.0,1,1.0,1,0.22399226093007235,43
850,5,1351,628,723,0,0,0,1.0,1,1.0,1,1.0,1,0.2138298256541384,41
851,1,1352,629,723,0,0,0,1.0,1,1.0,1,1.0,1,0.19707014081745983,40
852,0,1352,629,723,0,0,0,1.0,1,1.0,1,1.0,1,0.19707014081745983,40
853,2,1354,630,724,0,0,0,1.0,1,1.0,1,1.0,1,0.16603157516082312,40
854,1,1355,631,724,0,0,0,1.0,1,1.0,1,1.0,1,0.1890649671367393,40
855,1,1356,632,724,0,0,0,1.0,1,1.0,1,1.0,1,0.18211372641726858,41
856,1,1357,633,724,0,0,0,1.0,1,1.0,1,1.0,1,0.19677983902789842,41
857,1,1358,634,724,0,0,0,1.0,1,1.0,1,1.0,1,0.19277700653342378,42
858,1,1359,634,725,0,0,0,1.0,1,1.0,1,1.0,1,0.17548905503903073,43
859,0,1359,634,725,0,0,0,1.0,1,1.0,1,1.0,1,0.17548905503903073,43
860,0,1359,634,725,0,0,0,1.0,1,1.0,1,1.0,1,0.1860555218203265,44
861,1,1360,635,725,0,0,0,1.0,1,1.0,1,1.0,1,0.20524692580270643,44
862,2,1362,636,726,0,0,0,1.0,1,1.0,1,1.0,1,0.179660716113946,44
863,2,1364,638,726,0,0,0,1.0,1,1.0,1,1.0,1,0.2054326747114674,44
864,3,1367,639,728,0,0,0,1.0,1,1.0,1,1.0,1,0.1999894118244325,44
865,2,1369,641,728,0,0,0,1.0,1,1.0,1,1.0,1,0.1807016392078133,43
866,7,1376,645,731,0,0,0,1.0,1,1.0,1,1.0,1,0.26476864940251643,45
867,1,1377,645,732,0,0,0,1.0,1,1.0,1,1.0,1,0.2157780319314704,44
868,3,1380,646,734,0,0,0,1.0,1,1.0,1,1.0,1,0.20629293052760767,45
869,4,1384,649,735,0,0,0,1.0,1,1.0,1,1.0,1,0.20636585802334176,44
870,2,1386,649,737,0,0,0,1.0,1,1.0,1,1.0,1,0.14487498170233867,44
871,2,1388,650,738,0,0,0,1.0,1,1.0,1,1.0,1,0.14339396971569496,43
872,1,1389,650,739,0,0,0,1.0,1,1.0,1,1.0,1,0.13902561715598472,43
873,1,1390,651,739,0,0,0,1.0,1,1.0,1,1.0,1,0.18433350947500332,43
874,4,1394,654,740,0,0,0,1.0,1,1.0,1,1.0,1,0.2108263384924419,46
875,0,1394,654,740,0,0,0,1.0,1,1.0,1,1.0,1,0.20248953834453934,43
876,1,1395,655,740,0,0,0,1.0,1,1.0,1,1.0,1,0.22127417954434117,44
877,6,1401,655,746,0,0,0,1.0,1,1.0,1,1.0,1,0.14052591492153782,44
878,1,1402,656,746,0,0,0,1.0,1,1.0,1,1.0,1,0.1570989177921814,44
879,0,1402,656,746,0,0,0,1.0,1,1.0,1,1.0,1,0.1570989177921814,44
880,4,1406,658,748,0,0,0,1.0,1,1.0,1,1.0,1,0.19972569171139892,44
881,0,1406,658,748,0,0,0,1.0,1,1.0,1,1.0,1,0.18556226255591268,43
882,1,1407,659,748,0,0,0,1.0,1,1.0,1,1.0,1,0.18506310865201564,45
883,2,1409,660,749,0,0,0,1.0,1,1.0,1,1.0,1,0.18009120501313447,45
884,3,1412,662,750,0,0,0,1.0,1,1.0,1,1.0,1,0.20429028911356156,45
885,0,1412,662,750,0,0,0,1.0,1,1.0,1,1.0,1,0.17626190961780988,43
886,1,1413,663,750,0,0,0,1.0,1,1.0,1,1.0,1,0.23210573156189926,43
887,1,1414,664,750,0,0,0,1.0,1,1.0,1,1.0,1,0.2118845077757668,41
888,0,1414,664,750,0,0,0,1.0,1,1.0,1,1.0,1,0.23432562061370424,40
889,4,1418,667,751,0,0,0,1.0,1,1.0,1,1.0,1,0.2713102694957077,40
890,1,1419,668,751,0,0,0,1.0,1,1.0,1,1.0,1,0.2916499987671505,38
891,2,1421,669,752,0,0,0,1.0,1,1.0,1,1.0,1,0.2520151447817822,39
892,6,1427,671,756,0,0,0,1.0,1,1.0,1,1.0,1,0.2666463792329391,39
893,0,1427,671,756,0,0,0,1.0,1,1.0,1,1.0,1,0.23533973333756264,37
894,0,1427,671,756,0,0,0,1.0,1,1.0,1,1.0,1,0.21837403147955733,36
895,0,1427,671,756,0,0,0,1.0,1,1.0,1,1.0,1,0.23779384300545792,37
896,1,1428,672,756,0,0,0,1.0,1,1.0,1,1.0,1,0.25827257862939507,36
897,2,1430,674,756,0,0,0,1.0,1,1.0,1,1.0,1,0.23025794892486243,36
898,1,1431,674,757,0,0,0,1.0,1,1.0,1,1.0,1,0.23655392172725764,35
899,1,1432,675,757,0,0,0,1.0,1,1.0,1,1.0,1,0.25193463172153785,35
900,1,1433,676,757,0,0,0,1.0,1,1.0,1,1.0,1,0.31328152338895815,36
901,3,1436,678,758,0,0,0,1.0,1,1.0,1,1.0,1,0.3157990043483396,36
902,2,1438,680,758,0,0,0,1.0,1,1.0,1,1.0,1,0.368314806505148,36
903,3,1441,680,761,0,0,0,1.0,1,1.0,1,1.0,1,0.2941418178456457,35
904,5,1446,683,763,0,0,0,1.0,1,1.0,1,1.0,1,0.2810156758181636,37
905,2,1448,685,763,0,0,0,1.0,1,1.0,1,1.0,1,0.30649203382042917,36
906,1,1449,685,764,0,0,0,1.0,1,1.0,1,1.0,1,0.294607844514998,37
907,7,1456,688,768,0,0,0,1.0,1,1.0,1,1.0,1,0.257181904466019,37
908,3,1459,689,770,0,0,0,1.0,1,1.0,1,1.0,1,0.1999405416719557,36
909,3,1462,691,771,0,0,0,1.0,1,1.0,1,1.0,1,0.18501111943746854,36
910,2,1464,692,772,0,0,0,1.0,1,1.0,1,1.0,1,0.18649575573217522,37
911,2,1466,693,773,0,0,0,1.0,1,1.0,1,1.0,1,0.23770412173511735,36
912,0,1466,693,773,0,0,0,1.0,1,1.0,1,1.0,1,0.24273357854980088,34
913,4,1470,694,776,0,0,0,1.0,1,1.0,1,1.0,1,0.20635929199080946,34
914,0,1470,694,776,0,0,0,1.0,1,1.0,1,1.0,1,0.24857007024318978,33
915,2,1472,694,778,0,0,0,1.0,1,1.0,1,1.0,1,0.17606586401729393,33
916,0,1472,694,778,0,0,0,1.0,1,1.0,1,1.0,1,0.19783972056973292,34
917,0,1472,694,778,0,0,0,1.0,1,1.0,1,1.0,1,0.19783972056973292,34
918,0,1472,694,778,0,0,0,1.0,1,1.0,1,1.0,1,0.20412172842648835,36
919,0,1472,694,778,0,0,0,1.0,1,1.0,1,1.0,1,0.20412172842648835,36
920,1,1473,695,778,0,0,0,1.0,1,1.0,1,1.0,1,0.2030088211606448,37
921,0,1473,695,778,0,0,0,1.0,1,1.0,1,1.0,1,0.2030088211606448,37
922,2,1475,696,779,0,0,0,1.0,1,1.0,1,1.0,1,0.22196746855140778,38
923,1,1476,697,779,0,0,0,1.0,1,1.0,1,1.0,1,0.19425115558893635,36
924,2,1478,698,780,0,0,0,1.0,1,1.0,1,1.0,1,0.18717228814540038,35
925,3,1481,699,782,0,0,0,1.0,1,1.0,1,1.0,1,0.23811640899085976,35
926,1,1482,700,782,0,0,0,1.0,1,1.0,1,1.0,1,0.23956517355427032,34
927,0,1482,700,782,0,0,0,1.0,1,1.0,1,1.0,1,0.2781047046317496,32
928,1,1483,700,783,0,0,0,1.0,1,1.0,1,1.0,1,0.22544335753682304,32
929,0,1483,700,783,0,0,0,1.0,1,1.0,1,1.0,1,0.2616264094460637,31
930,0,1483,700,783,0,0,0,1.0,1,1.0,1,1.0,1,0.2909517899919279,30
931,3,1486,703,783,0,0,0,1.0,1,1.0,1,1.0,1,0.31056923291294813,29
932,0,1486,703,783,0,0,0,1.0,1,1.0,1,1.0,1,0.31056923291294813,29
933,0,1486,703,783,0,0,0,1.0,1,1.0,1,1.0,1,0.31056923291294813,29
934,1,1487,704,783,0,0,0,1.0,1,1.0,1,1.0,1,0.30789673822753005,29
935,1,1488,704,784,0,0,0,1.0,1,1.0,1,1.0,1,0.3295482182077976,31
936,2,1490,705,785,0,0,0,1.0,1,1.0,1,1.0,1,0.3279165097649924,31
937,6,1496,707,789,0,0,0,1.0,1,1.0,1,1.0,1,0.26139767571944694,34
938,0,1496,707,789,0,0,0,1.0,1,1.0,1,1.0,1,0.2781522611857065,33
939,4,1500,708,792,0,0,0,1.0,1,1.0,1,1.0,1,0.3035289529204908,36
940,3,1503,708,795,0,0,0,1.0,1,1.0,1,1.0,1,0.2697813594283287,36
941,1,1504,709,795,0,0,0,1.0,1,1.0,1,1.0,1,0.2952647082957525,36
942,1,1505,710,795,0,0,0,1.0,1,1.0,1,1.0,1,0.2987800186159907,36
943,1,1506,710,796,0,0,0,1.0,1,1.0,1,1.0,1,0.2707573372239459,35
944,3,1509,713,796,0,0,0,1.0,1,1.0,1,1.0,1,0.2855847237446918,35
945,1,1510,714,796,0,0,0,1.0,1,1.0,1,1.0,1,0.2622721678766067,33
946,2,1512,715,797,0,0,0,1.0,1,1.0,1,1.0,1,0.30350132251759054,36
947,1,1513,716,797,0,0,0,1.0,1,1.0,1,1.0,1,0.32317955046918345,34
948,1,1514,717,797,0,0,0,1.0,1,1.0,1,1.0,1,0.3427112592528079,33
949,0,1514,717,797,0,0,0,1.0,1,1.0,1,1.0,1,0.37380350112934946,34
950,0,1514,717,797,0,0,0,1.0,1,1.0,1,1.0,1,0.38207256285958063,33
951,0,1514,717,797,0,0,0,1.0,1,1.0,1,1.0,1,0.38207256285958063,33
952,1,1515,717,798,0,0,0,1.0,1,1.0,1,1.0,1,0.3916912071713097,32
953,1,1516,717,799,0,0,0,1.0,1,1.0,1,1.0,1,0.3631164655003355,32
954,0,1516,717,799,0,0,0,1.0,1,1.0,1,1.0,1,0.3542720634326853,31
955,2,1518,717,801,0,0,0,1.0,1,1.0,1,1.0,1,0.33763939298451107,32
956,2,1520,718,802,0,0,0,1.0,1,1.0,1,1.0,1,0.2835024022261569,32
957,0,1520,718,802,0,0,0,1.0,1,1.0,1,1.0,1,0.28876870002688465,33
958,0,1520,718,802,0,0,0,1.0,1,1.0,1,1.0,1,0.28629107167621387,35
959,2,1522,719,803,0,0,0,1.0,1,1.0,1,1.0,1,0.29687939916736256,36
960,0,1522,719,803,0,0,0,1.0,1,1.0,1,1.0,1,0.3199020155966147,38
961,2,1524,721,803,0,0,0,1.0,1,1.0,1,1.0,1,0.40805689849748683,37
962,2,1526,722,804,0,0,0,1.0,1,1.0,1,1.0,1,0.3819110088267206,35
963,0,1526,722,804,0,0,0,1.0,1,1.0,1,1.0,1,0.3989486142071677,35
964,2,1528,722,806,0,0,0,1.0,1,1.0,1,1.0,1,0.35884834984449787,34
965,1,1529,722,807,0,0,0,1.0,1,1.0,1,1.0,1,0.33161684459348034,35
966,0,1529,722,807,0,0,0,1.0,1,1.0,1,1.0,1,0.3268964839196479,34
967,2,1531,722,809,0,0,0,1.0,1,1.0,1,1.0,1,0.2965182801007135,35
968,1,1532,723,809,0,0,0,1.0,1,1.0,1,1.0,1,0.2863146159790979,36
969,0,1532,723,809,0,0,0,1.0,1,1.0,1,1.0,1,0.3141800409445372,35
970,1,1533,723,810,0,0,0,1.0,1,1.0,1,1.0,1,0.345654794974784,34
971,0,1533,723,810,0,0,0,1.0,1,1.0,1,1.0,1,0.35198569877665903,35
972,2,1535,724,811,0,0,0,1.0,1,1.0,1,1.0,1,0.3267585899429029,35
973,2,1537,724,813,0,0,0,1.0,1,1.0,1,1.0,1,0.31689356282921793,36
974,0,1537,724,813,0,0,0,1.0,1,1.0,1,1.0,1,0.3529861806397165,35
975,0,1537,724,813,0,0,0,1.0,1,1.0,1,1.0,1,0.33952009262483407,36
976,1,1538,725,813,0,0,0,1.0,1,1.0,1,1.0,1,0.3820151668088713,38
977,0,1538,725,813,0,0,0,1.0,1,1.0,1,1.0,1,0.3820151668088713,38
978,0,1538,725,813,0,0,0,1.0,1,1.0,1,1.0,1,0.3820151668088713,38
979,1,1539,725,814,0,0,0,1.0,1,1.0,1,1.0,1,0.38186018479381717,39
980,4,1543,728,815,0,0,0,1.0,1,1.0,1,1.0,1,0.3981216360143474,39
981,3,1546,729,817,0,0,0,1.0,1,1.0,1,1.0,1,0.39742490791432467,40
982,8,1554,731,823,0,0,0,1.0,1,1.0,1,1.0,1,0.3418257551295003,40
983,0,1554,731,823,0,0,0,1.0,1,1.0,1,1.0,1,0.3127804553051438,38
984,1,1555,732,823,0,0,0,1.0,1,1.0,1,1.0,1,0.3159271339823817,39
985,4,1559,735,824,0,0,0,1.0,1,1.0,1,1.0,1,0.3490518650573217,38
986,4,1563,738,825,0,0,0,1.0,1,1.0,1,1.0,1,0.36197149778352583,38
987,5,1568,739,829,0,0,0,1.0,1,1.0,1,1.0,1,0.3077160570034832,38
988,1,1569,739,830,0,0,0,1.0,1,1.0,1,1.0,1,0.29626770513591005,38
989,0,1569,739,830,0,0,0,1.0,1,1.0,1,1.0,1,0.29909895998591535,38
990,2,1571,740,831,0,0,0,1.0,1,1.0,1,1.0,1,0.31799277467022513,38
991,2,1573,741,832,0,0,0,1.0,1,1.0,1,1.0,1,0.3377609324085631,40
992,1,1574,742,832,0,0,0,1.0,1,1.0,1,1.0,1,0.3698244137692256,39
993,0,1574,742,832,0,0,0,1.0,1,1.0,1,1.0,1,0.36112132266387187,38
994,1,1575,742,833,0,0,0,1.0,1,1.0,1,1.0,1,0.35618602788990417,39
995,0,1575,742,833,0,0,0,1.0,1,1.0,1,1.0,1,0.3474069535284237,41
996,0,1575,742,833,0,0,0,1.0,1,1.0,1,1.0,1,0.35300833572567913,40
997,1,1576,742,834,0,0,0,1.0,1,1.0,1,1.0,1,0.35793132485803586,41
998,1,1577,742,835,0,0,0,1.0,1,1.0,1,1.0,1,0.3755798256210422,40
999,0,1577,742,835,0,0,0,1.0,1,1.0,1,1.0,1,0.37517170394268556,40
1000,2,1579,743,836,0,0,0,1.0,1,1.0,1,1.0,1,0.37194203795261216,40
1001,0,1579,743,836,0,0,0,1.0,1,1.0,1,1.0,1,0.3708624808035883,39
1002,0,1579,743,836,0,0,0,1.0,1,1.0,1,1.0,1,0.3708624808035883,39
1003,0,1579,743,836,0,0,0,1.0,1,1.0,1,1.0,1,0.3708624808035883,39
1004,0,1579,743,836,0,0,0,1.0,1,1.0,1,1.0,1,0.3708624808035883,39
1005,0,1579,743,836,0,0,0,1.0,1,1.0,1,1.0,1,0.37721153002463303,40
1006,0,1579,743,836,0,0,0,1.0,1,1.0,1,1.0,1,0.36595104308536847,41
1007,1,1580,743,837,0,0,0,1.0,1,1.0,1,1.0,1,0.36183949125940135,42
1008,4,1584,743,841,0,0,0,1.0,1,1.0,1,1.0,1,0.3124588184218992,43
1009,4,1588,743,845,0,0,0,1.0,1,1.0,1,1.0,1,0.2420562771003979,44
1010,0,1588,743,845,0,0,0,1.0,1,1.0,1,1.0,1,0.2420562771003979,44
1011,0,1588,743,845,0,0,0,1.0,1,1.0,1,1.0,1,0.2420562771003979,44
1012,3,1591,745,846,0,0,0,1.0,1,1.0,1,1.0,1,0.23319662666225735,46
1013,0,1591,745,846,0,0,0,1.0,1,1.0,1,1.0,1,0.23319662666225735,46
1014,1,1592,746,846,0,0,0,1.0,1,1.0,1,1.0,1,0.2547571198981076,46
1015,0,1592,746,846,0,0,0,1.0,1,1.0,1,1.0,1,0.2547571198981076,46
1016,2,1594,747,847,0,0,0,1.0,1,1.0,1,1.0,1,0.2623337097745214,47
1017,0,1594,747,847,0,0,0,1.0,1,1.0,1,1.0,1,0.2623337097745214,47
1018,4,1598,748,850,0,0,0,1.0,1,1.0,1,1.0,1,0.24300453812478276,48
1019,3,1601,748,853,0,0,0,1.0,1,1.0,1,1.0,1,0.22223364067817966,49
1020,0,1601,748,853,0,0,0,1.0,1,1.0,1,1.0,1,0.21254989411078015,51
1021,3,1604,749,855,0,0,0,1.0,1,1.0,1,1.0,1,0.1897903753542634,51
1022,2,1606,750,856,0,0,0,1.0,1,1.0,1,1.0,1,0.17515105336679485,52
1023,1,1607,750,857,0,0,0,1.0,1,1.0,1,1.0,1,0.16048951045087498,52
1024,1,1608,751,857,0,0,0,1.0,1,1.0,1,1.0,1,0.1848347678152452,52
1025,1,1609,751,858,0,0,0,1.0,1,1.0,1,1.0,1,0.1869736498088494,54
1026,0,1609,751,858,0,0,0,1.0,1,1.0,1,1.0,1,0.1869736498088494,54
1027,2,1611,752,859,0,0,0,1.0,1,1.0,1,1.0,1,0.1669798720124595,55
1028,2,1613,753,860,0,0,0,1.0,1,1.0,1,1.0,1,0.18927733985398568,56
1029,0,1613,753,860,0,0,0,1.0,1,1.0,1,1.0,1,0.18927733985398568,56
1030,3,1616,753,863,0,0,0,1.0,1,1.0,1,1.0,1,0.16372157804393758,57
1031,0,1616,753,863,0,0,0,1.0,1,1.0,1,1.0,1,0.17199562736610738,58
1032,2,1618,755,863,0,0,0,1.0,1,1.0,1,1.0,1,0.18820910106623692,58
1033,0,1618,755,863,0,0,0,1.0,1,1.0,1,1.0,1,0.1803768027392862,57
1034,5,1623,759,864,0,0,0,1.0,1,1.0,1,1.0,1,0.19637340757104693,57
1035,4,1627,761,866,0,0,0,1.0,1,1.0,1,1.0,1,0.19928259034619755,57
1036,3,1630,762,868,0,0,0,1.0,1,1.0,1,1.0,1,0.17582894127217943,59
1037,3,1633,765,868,0,0,0,1.0,1,1.0,1,1.0,1,0.20839082152304583,57
1038,5,1638,766,872,0,0,0,1.0,1,1.0,1,1.0,1,0.17672415356786106,59
1039,3,1641,769,872,0,0,0,1.0,1,1.0,1,1.0,1,0.19438907759805238,57
1040,2,1643,770,873,0,0,0,1.0,1,1.0,1,1.0,1,0.2400448204468707,56
1041,3,1646,771,875,0,0,0,1.0,1,1.0,1,1.0,1,0.21984210550298222,54
1042,0,1646,771,875,0,0,0,1.0,1,1.0,1,1.0,1,0.1923031982713495,52
1043,3,1649,772,877,0,0,0,1.0,1,1.0,1,1.0,1,0.16024392893378078,52
1044,0,1649,772,877,0,0,0,1.0,1,1.0,1,1.0,1,0.15912425909213052,50
1045,3,1652,773,879,0,0,0,1.0,1,1.0,1,1.0,1,0.14867311823172946,51
1046,2,1654,775,879,0,0,0,1.0,1,1.0,1,1.0,1,0.14478782909133547,50
1047,0,1654,775,879,0,0,0,1.0,1,1.0,1,1.0,1,0.12042871578371386,50
1048,1,1655,776,879,0,0,0,1.0,1,1.0,1,1.0,1,0.14161505068830677,50
1049,1,1656,777,879,0,0,0,1.0,1,1.0,1,1.0,1,0.16224903714546463,50
1050,2,1658,778,880,0,0,0,1.0,1,1.0,1,1.0,1,0.14635871023021452,50
1051,1,1659,778,881,0,0,0,1.0,1,1.0,1,1.0,1,0.12015793205668157,50
1052,1,1660,779,881,0,0,0,1.0,1,1.0,1,1.0,1,0.1497302137326376,51
1053,0,1660,779,881,0,0,0,1.0,1,1.0,1,1.0,1,0.1497302137326376,51
1054,1,1661,779,882,0,0,0,1.0,1,1.0,1,1.0,1,0.12881885428208256,53
1055,0,1661,779,882,0,0,0,1.0,1,1.0,1,1.0,1,0.1443444805626831,54
1056,0,1661,779,882,0,0,0,1.0,1,1.0,1,1.0,1,0.16052955746562672,54
1057,1,1662,779,883,0,0,0,1.0,1,1.0,1,1.0,1,0.16883323719824242,55
1058,0,1662,779,883,0,0,0,1.0,1,1.0,1,1.0,1,0.16563521419482807,54
1059,3,1665,781,884,0,0,0,1.0,1,1.0,1,1.0,1,0.20815226072472692,53
1060,0,1665,781,884,0,0,0,1.0,1,1.0,1,1.0,1,0.20815226072472692,53
1061,3,1668,784,884,0,0,0,1.0,1,1.0,1,1.0,1,0.22335774653541032,53
1062,5,1673,789,884,0,0,0,1.0,1,1.0,1,1.0,1,0.24172685374402045,54
1063,2,1675,789,886,0,0,0,1.0,1,1.0,1,1.0,1,0.24339752859364364,53
1064,5,1680,792,888,0,0,0,1.0,1,1.0,1,1.0,1,0.24673386274252904,55
1065,2,1682,793,889,0,0,0,1.0,1,1.0,1,1.0,1,0.2670772915418284,54
1066,3,1685,794,891,0,0,0,1.0,1,1.0,1,1.0,1,0.2528176617882163,55
1067,2,1687,795,892,0,0,0,1.0,1,1.0,1,1.0,1,0.2755834769265541,55
1068,3,1690,795,895,0,0,0,1.0,1,1.0,1,1.0,1,0.2505209189835075,55
1069,2,1692,795,897,0,0,0,1.0,1,1.0,1,1.0,1,0.2457783844941674,55
1070,2,1694,796,898,0,0,0,1.0,1,1.0,1,1.0,1,0.23859856973838092,54
1071,0,1694,796,898,0,0,0,1.0,1,1.0,1,1.0,1,0.2260518403401287,55
1072,1,1695,797,898,0,0,0,1.0,1,1.0,1,1.0,1,0.21836763460823755,54
1073,2,1697,798,899,0,0,0,1.0,1,1.0,1,1.0,1,0.21698157500365536,54
1074,1,1698,799,899,0,0,0,1.0,1,1.0,1,1.0,1,0.23315692258362192,52
1075,2,1700,799,901,0,0,0,1.0,1,1.0,1,1.0,1,0.21276180282633392,51
1076,1,1701,800,901,0,0,0,1.0,1,1.0,1,1.0,1,0.21438345194035024,52
1077,5,1706,804,902,0,0,0,1.0,1,1.0,1,1.0,1,0.22042698717406345,49
1078,5,1711,807,904,0,0,0,1.0,1,1.0,1,1.0,1,0.24430873887751672,48
1079,6,1717,809,908,0,0,0,1.0,1,1.0,1,1.0,1,0.21818225067254945,47
1080,2,1719,811,908,0,0,0,1.0,1,1.0,1,1.0,1,0.29712936163428233,47
1081,1,1720,812,908,0,0,0,1.0,1,1.0,1,1.0,1,0.3402848828959695,45
1082,0,1720,812,908,0,0,0,1.0,1,1.0,1,1.0,1,0.32961415018338214,42
1083,1,1721,813,908,0,0,0,1.0,1,1.0,1,1.0,1,0.3750468195705253,42
1084,1,1722,813,909,0,0,0,1.0,1,1.0,1,1.0,1,0.3658779954427565,40
1085,2,1724,813,911,0,0,0,1.0,1,1.0,1,1.0,1,0.3132371917898298,43
1086,3,1727,814,913,0,0,0,1.0,1,1.0,1,1.0,1,0.2885667054982331,41
1087,0,1727,814,913,0,0,0,1.0,1,1.0,1,1.0,1,0.3017352371486942,41
1088,1,1728,814,914,0,0,0,1.0,1,1.0,1,1.0,1,0.28285805784226425,41
1089,2,1730,815,915,0,0,0,1.0,1,1.0,1,1.0,1,0.2695721326134433,42
1090,0,1730,815,915,0,0,0,1.0,1,1.0,1,1.0,1,0.27043738165338227,43
1091,0,1730,815,915,0,0,0,1.0,1,1.0,1,1.0,1,0.28240755253504657,43
1092,1,1731,816,915,0,0,0,1.0,1,1.0,1,1.0,1,0.27100694571417805,43
1093,1,1732,817,915,0,0,0,1.0,1,1.0,1,1.0,1,0.27028256715726245,43
1094,1,1733,817,916,0,0,0,1.0,1,1.0,1,1.0,1,0.25384958394646007,43
1095,2,1735,818,917,0,0,0,1.0,1,1.0,1,1.0,1,0.28260666060171924,44
1096,1,1736,819,917,0,0,0,1.0,1,1.0,1,1.0,1,0.297748351003644,44
1097,6,1742,821,921,0,0,0,1.0,1,1.0,1,1.0,1,0.34372123938513793,45
1098,1,1743,821,922,0,0,0,1.0,1,1.0,1,1.0,1,0.3188514393692724,46
1099,2,1745,821,924,0,0,0,1.0,1,1.0,1,1.0,1,0.286771891503512,48
1100,0,1745,821,924,0,0,0,1.0,1,1.0,1,1.0,1,0.2889728529127932,49
1101,2,1747,821,926,0,0,0,1.0,1,1.0,1,1.0,1,0.24219440126849665,49
1102,3,1750,823,927,0,0,0,1.0,1,1.0,1,1.0,1,0.22785738138652656,50
1103,3,1753,824,929,0,0,0,1.0,1,1.0,1,1.0,1,0.17788396137572857,48
1104,3,1756,827,929,0,0,0,1.0,1,1.0,1,1.0,1,0.2066059590206934,50
1105,3,1759,830,929,0,0,0,1.0,1,1.0,1,1.0,1,0.21745150690816087,48
1106,2,1761,832,929,0,0,0,1.0,1,1.0,1,1.0,1,0.24375399616705157,48
1107,3,1764,834,930,0,0,0,1.0,1,1.0,1,1.0,1,0.26945978186768044,47
1108,2,1766,834,932,0,0,0,1.0,1,1.0,1,1.0,1,0.258838777265778,47
1109,4,1770,836,934,0,0,0,1.0,1,1.0,1,1.0,1,0.21375857142351196,46
1110,0,1770,836,934,0,0,0,1.0,1,1.0,1,1.0,1,0.21092116307017025,43
1111,1,1771,837,934,0,0,0,1.0,1,1.0,1,1.0,1,0.26777085935271805,44
1112,0,1771,837,934,0,0,0,1.0,1,1.0,1,1.0,1,0.2705204990488408,43
1113,4,1775,838,937,0,0,0,1.0,1,1.0,1,1.0,1,0.29011333905181924,39
1114,2,1777,838,939,0,0,0,1.0,1,1.0,1,1.0,1,0.2504406928902968,39
1115,1,1778,839,939,0,0,0,1.0,1,1.0,1,1.0,1,0.22721292323762826,37
1116,4,1782,842,940,0,0,0,1.0,1,1.0,1,1.0,1,0.28185690540406144,37
1117,5,1787,844,943,0,0,0,1.0,1,1.0,1,1.0,1,0.2379788270815657,36
1118,1,1788,844,944,0,0,0,1.0,1,1.0,1,1.0,1,0.20053012611969023,36
1119,0,1788,844,944,0,0,0,1.0,1,1.0,1,1.0,1,0.20053012611969023,36
1120,0,1788,844,944,0,0,0,1.0,1,1.0,1,1.0,1,0.20053012611969023,36
1121,0,1788,844,944,0,0,0,1.0,1,1.0,1,1.0,1,0.20053012611969023,36
1122,1,1789,844,945,0,0,0,1.0,1,1.0,1,1.0,1,0.2129487525091154,37
1123,0,1789,844,945,0,0,0,1.0,1,1.0,1,1.0,1,0.2129487525091154,37
1124,0,1789,844,945,0,0,0,1.0,1,1.0,1,1.0,1,0.2129487525091154,37
1125,2,1791,845,946,0,0,0,1.0,1,1.0,1,1.0,1,0.2831966103126006,38
1126,0,1791,845,946,0,0,0,1.0,1,1.0,1,1.0,1,0.2831966103126006,38
1127,3,1794,846,948,0,0,0,1.0,1,1.0,1,1.0,1,0.2602264893320879,39
1128,1,1795,846,949,0,0,0,1.0,1,1.0,1,1.0,1,0.24250997303981317,39
1129,1,1796,846,950,0,0,0,1.0,1,1.0,1,1.0,1,0.23787104201125633,39
1130,2,1798,847,951,0,0,0,1.0,1,1.0,1,1.0,1,0.23360378059473602,39
1131,0,1798,847,951,0,0,0,1.0,1,1.0,1,1.0,1,0.23360378059473602,39
1132,1,1799,848,951,0,0,0,1.0,1,1.0,1,1.0,1,0.24867815295437698,39
1133,1,1800,849,951,0,0,0,1.0,1,1.0,1,1.0,1,0.2118976897510035,42
1134,0,1800,849,951,0,0,0,1.0,1,1.0,1,1.0,1,0.2118976897510035,42
1135,4,1804,850,954,0,0,0,1.0,1,1.0,1,1.0,1,0.26450743779104674,44
1136,1,1805,851,954,0,0,0,1.0,1,1.0,1,1.0,1,0.3019363224107655,46
1137,0,1805,851,954,0,0,0,1.0,1,1.0,1,1.0,1,0.31658236570569553,45
1138,4,1809,852,957,0,0,0,1.0,1,1.0,1,1.0,1,0.26217822047887673,46
1139,2,1811,853,958,0,0,0,1.0,1,1.0,1,1.0,1,0.2731414322386223,47
1140,2,1813,854,959,0,0,0,1.0,1,1.0,1,1.0,1,0.2779354445931571,46
1141,2,1815,854,961,0,0,0,1.0,1,1.0,1,1.0,1,0.24675482670061238,45
1142,1,1816,855,961,0,0,0,1.0,1,1.0,1,1.0,1,0.2591381911216816,45
1143,3,1819,857,962,0,0,0,1.0,1,1.0,1,1.0,1,0.24258376710188345,43
1144,4,1823,859,964,0,0,0,1.0,1,1.0,1,1.0,1,0.22905331403995344,45
1145,3,1826,861,965,0,0,0,1.0,1,1.0,1,1.0,1,0.23548491082431874,44
1146,3,1829,862,967,0,0,0,1.0,1,1.0,1,1.0,1,0.2267363965726636,45
1147,4,1833,865,968,0,0,0,1.0,1,1.0,1,1.0,1,0.2620846957757408,44
1148,4,1837,868,969,0,0,0,1.0,1,1.0,1,1.0,1,0.2702687311682583,43
1149,2,1839,869,970,0,0,0,1.0,1,1.0,1,1.0,1,0.2813459929610534,42
1150,5,1844,870,974,0,0,0,1.0,1,1.0,1,1.0,1,0.2635502254899408,45
1151,3,1847,871,976,0,0,0,1.0,1,1.0,1,1.0,1,0.2403666894155478,40
1152,2,1849,871,978,0,0,0,1.0,1,1.0,1,1.0,1,0.20161563556880463,41
1153,1,1850,872,978,0,0,0,1.0,1,1.0,1,1.0,1,0.22147598840037747,38
1154,1,1851,873,978,0,0,0,1.0,1,1.0,1,1.0,1,0.2024355264754345,37
1155,1,1852,874,978,0,0,0,1.0,1,1.0,1,1.0,1,0.21755697080204436,38
1156,1,1853,874,979,0,0,0,1.0,1,1.0,1,1.0,1,0.23673522368003969,38
1157,0,1853,874,979,0,0,0,1.0,1,1.0,1,1.0,1,0.2539208819587781,37
1158,1,1854,875,979,0,0,0,1.0,1,1.0,1,1.0,1,0.31388309783125695,36
1159,1,1855,875,980,0,0,0,1.0,1,1.0,1,1.0,1,0.2823419082875119,35
1160,0,1855,875,980,0,0,0,1.0,1,1.0,1,1.0,1,0.2823419082875119,35
1161,0,1855,875,980,0,0,0,1.0,1,1.0,1,1.0,1,0.2960551641869162,36
1162,0,1855,875,980,0,0,0,1.0,1,1.0,1,1.0,1,0.29463731010020994,37
1163,0,1855,875,980,0,0,0,1.0,1,1.0,1,1.0,1,0.29463731010020994,37
1164,0,1855,875,980,0,0,0,1.0,1,1.0,1,1.0,1,0.28313926108949816,38
1165,1,1856,875,981,0,0,0,1.0,1,1.0,1,1.0,1,0.27005465775965387,38
1166,0,1856,875,981,0,0,0,1.0,1,1.0,1,1.0,1,0.2947649764605255,40
1167,4,1860,877,983,0,0,0,1.0,1,1.0,1,1.0,1,0.29020832807774355,40
1168,4,1864,878,986,0,0,0,1.0,1,1.0,1,1.0,1,0.21647216169635375,40
1169,0,1864,878,986,0,0,0,1.0,1,1.0,1,1.0,1,0.22545025356365433,41
1170,2,1866,880,986,0,0,0,1.0,1,1.0,1,1.0,1,0.2039458942167242,41
1171,3,1869,881,988,0,0,0,1.0,1,1.0,1,1.0,1,0.2118969937514836,43
1172,1,1870,882,988,0,0,0,1.0,1,1.0,1,1.0,1,0.20366913523205532,43
1173,0,1870,882,988,0,0,0,1.0,1,1.0,1,1.0,1,0.20366913523205532,43
1174,1,1871,882,989,0,0,0,1.0,1,1.0,1,1.0,1,0.1937297931802596,43
1175,1,1872,882,990,0,0,0,1.0,1,1.0,1,1.0,1,0.1764867987582501,44
1176,1,1873,883,990,0,0,0,1.0,1,1.0,1,1.0,1,0.18582648792625475,45
1177,2,1875,884,991,0,0,0,1.0,1,1.0,1,1.0,1,0.2016861291245005,45
1178,0,1875,884,991,0,0,0,1.0,1,1.0,1,1.0,1,0.2016861291245005,45
1179,2,1877,885,992,0,0,0,1.0,1,1.0,1,1.0,1,0.2477731686142411,46
1180,2,1879,886,993,0,0,0,1.0,1,1.0,1,1.0,1,0.20105161731625867,47
1181,0,1879,886,993,0,0,0,1.0,1,1.0,1,1.0,1,0.2162210230076808,48
1182,2,1881,888,993,0,0,0,1.0,1,1.0,1,1.0,1,0.23413750454879714,48
1183,1,1882,888,994,0,0,0,1.0,1,1.0,1,1.0,1,0.21577775647328007,46
1184,1,1883,889,994,0,0,0,1.0,1,1.0,1,1.0,1,0.21451644452149887,47
1185,1,1884,890,994,0,0,0,1.0,1,1.0,1,1.0,1,0.24477423621191507,44
1186,2,1886,890,996,0,0,0,1.0,1,1.0,1,1.0,1,0.24589548489236185,47
1187,1,1887,890,997,0,0,0,1.0,1,1.0,1,1.0,1,0.24895110577411741,49
1188,1,1888,891,997,0,0,0,1.0,1,1.0,1,1.0,1,0.249229808478419,50
1189,0,1888,891,997,0,0,0,1.0,1,1.0,1,1.0,1,0.25139292892915216,48
1190,0,1888,891,997,0,0,0,1.0,1,1.0,1,1.0,1,0.2821302440069792,48
1191,1,1889,891,998,0,0,0,1.0,1,1.0,1,1.0,1,0.28476985624776424,46
1192,0,1889,891,998,0,0,0,1.0,1,1.0,1,1.0,1,0.28476985624776424,46
1193,0,1889,891,998,0,0,0,1.0,1,1.0,1,1.0,1,0.31275643611680615,45
1194,1,1890,891,999,0,0,0,1.0,1,1.0,1,1.0,1,0.29447067367527874,45
1195,1,1891,891,1000,0,0,0,1.0,1,1.0,1,1.0,1,0.2772244765546631,47
1196,4,1895,892,1003,0,0,0,1.0,1,1.0,1,1.0,1,0.24201544171097653,48
1197,2,1897,892,1005,0,0,0,1.0,1,1.0,1,1.0,1,0.19404725754053337,49
1198,1,1898,893,1005,0,0,0,1.0,1,1.0,1,1.0,1,0.19516594064088025,49
1199,0,1898,893,1005,0,0,0,1.0,1,1.0,1,1.0,1,0.2042612759773029,50
1200,1,1899,894,1005,0,0,0,1.0,1,1.0,1,1.0,1,0.21101338384034155,50
1201,1,1900,894,1006,0,0,0,1.0,1,1.0,1,1.0,1,0.20075454569448026,50
1202,1,1901,895,1006,0,0,0,1.0,1,1.0,1,1.0,1,0.21378763412154117,51
1203,1,1902,895,1007,0,0,0,1.0,1,1.0,1,1.0,1,0.1953343500165745,52
1204,0,1902,895,1007,0,0,0,1.0,1,1.0,1,1.0,1,0.1953343500165745,52
1205,1,1903,895,1008,0,0,0,1.0,1,1.0,1,1.0,1,0.18161517516686565,53
1206,0,1903,895,1008,0,0,0,1.0,1,1.0,1,1.0,1,0.18161517516686565,53
1207,1,1904,895,1009,0,0,0,1.0,1,1.0,1,1.0,1,0.17934785439168047,55
1208,0,1904,895,1009,0,0,0,1.0,1,1.0,1,1.0,1,0.189993544227663,56
1209,0,1904,895,1009,0,0,0,1.0,1,1.0,1,1.0,1,0.19726933723331316,55
1210,0,1904,895,1009,0,0,0,1.0,1,1.0,1,1.0,1,0.19726933723331316,55
1211,0,1904,895,1009,0,0,0,1.0,1,1.0,1,1.0,1,0.18603489138758136,57
1212,0,1904,895,1009,0,0,0,1.0,1,1.0,1,1.0,1,0.18603489138758136,57
1213,1,1905,896,1009,0,0,0,1.0,1,1.0,1,1.0,1,0.1844004482637821,57
1214,6,1911,900,1011,0,0,0,1.0,1,1.0,1,1.0,1,0.22708217374712497,57
1215,5,1916,900,1016,0,0,0,1.0,1,1.0,1,1.0,1,0.1793983308832729,59
1216,2,1918,900,1018,0,0,0,1.0,1,1.0,1,1.0,1,0.1706347771928373,61
1217,1,1919,901,1018,0,0,0,1.0,1,1.0,1,1.0,1,0.19905775776166043,61
1218,4,1923,902,1021,0,0,0,1.0,1,1.0,1,1.0,1,0.1910247154503446,61
1219,1,1924,903,1021,0,0,0,1.0,1,1.0,1,1.0,1,0.19344399118924258,61
1220,2,1926,904,1022,0,0,0,1.0,1,1.0,1,1.0,1,0.194887868979537,60
1221,1,1927,904,1023,0,0,0,1.0,1,1.0,1,1.0,1,0.19706910104907732,61
1222,1,1928,904,1024,0,0,0,1.0,1,1.0,1,1.0,1,0.17738533590741573,61
1223,2,1930,906,1024,0,0,0,1.0,1,1.0,1,1.0,1,0.19553250343260947,59
1224,3,1933,909,1024,0,0,0,1.0,1,1.0,1,1.0,1,0.1964400058897373,60
1225,5,1938,910,1028,0,0,0,1.0,1,1.0,1,1.0,1,0.18612600342670738,60
1226,4,1942,912,1030,0,0,0,1.0,1,1.0,1,1.0,1,0.1839471647685733,61
1227,0,1942,912,1030,0,0,0,1.0,1,1.0,1,1.0,1,0.20019573761168777,59
1228,3,1945,913,1032,0,0,0,1.0,1,1.0,1,1.0,1,0.17461137407247518,58
1229,5,1950,915,1035,0,0,0,1.0,1,1.0,1,1.0,1,0.1412618905881763,57
1230,1,1951,916,1035,0,0,0,1.0,1,1.0,1,1.0,1,0.12896126762244378,55
1231,3,1954,918,1036,0,0,0,1.0,1,1.0,1,1.0,1,0.1387831238643027,54
1232,3,1957,921,1036,0,0,0,1.0,1,1.0,1,1.0,1,0.18140982844680376,51
1233,2,1959,923,1036,0,0,0,1.0,1,1.0,1,1.0,1,0.20798037127683375,49
1234,5,1964,925,1039,0,0,0,1.0,1,1.0,1,1.0,1,0.20979623390950686,49
1235,1,1965,926,1039,0,0,0,1.0,1,1.0,1,1.0,1,0.2337616707787323,48
1236,3,1968,926,1042,0,0,0,1.0,1,1.0,1,1.0,1,0.21384284160941208,49
1237,2,1970,927,1043,0,0,0,1.0,1,1.0,1,1.0,1,0.25302103577900686,48
1238,1,1971,927,1044,0,0,0,1.0,1,1.0,1,1.0,1,0.2318006275995734,47
1239,0,1971,927,1044,0,0,0,1.0,1,1.0,1,1.0,1,0.2150869600397315,48
1240,3,1974,927,1047,0,0,0,1.0,1,1.0,1,1.0,1,0.20265084946748763,49
1241,0,1974,927,1047,0,0,0,1.0,1,1.0,1,1.0,1,0.20265084946748763,49
1242,0,1974,927,1047,0,0,0,1.0,1,1.0,1,1.0,1,0.20007633090643814,49
1243,1,1975,927,1048,0,0,0,1.0,1,1.0,1,1.0,1,0.18736824558927312,50
1244,1,1976,928,1048,0,0,0,1.0,1,1.0,1,1.0,1,0.2408363585539006,50
1245,2,1978,928,1050,0,0,0,1.0,1,1.0,1,1.0,1,0.227597448286206,51
1246,4,1982,929,1053,0,0,0,1.0,1,1.0,1,1.0,1,0.2152146042577156,52
1247,0,1982,929,1053,0,0,0,1.0,1,1.0,1,1.0,1,0.2152146042577156,52
1248,1,1983,929,1054,0,0,0,1.0,1,1.0,1,1.0,1,0.2087241364338237,51
1249,1,1984,929,1055,0,0,0,1.0,1,1.0,1,1.0,1,0.20022111730615236,51
1250,3,1987,932,1055,0,0,0,1.0,1,1.0,1,1.0,1,0.20505079760610503,51
1251,3,1990,932,1058,0,0,0,1.0,1,1.0,1,1.0,1,0.17839101056784165,53
1252,2,1992,934,1058,0,0,0,1.0,1,1.0,1,1.0,1,0.19038350862492853,52
1253,0,1992,934,1058,0,0,0,1.0,1,1.0,1,1.0,1,0.19038350862492853,52
1254,0,1992,934,1058,0,0,0,1.0,1,1.0,1,1.0,1,0.17097156287455978,53
1255,2,1994,935,1059,0,0,0,1.0,1,1.0,1,1.0,1,0.1789244900946099,55
1256,0,1994,935,1059,0,0,0,1.0,1,1.0,1,1.0,1,0.1789244900946099,55
1257,0,1994,935,1059,0,0,0,1.0,1,1.0,1,1.0,1,0.19030128530894225,57
1258,1,1995,935,1060,0,0,0,1.0,1,1.0,1,1.0,1,0.1817729882266176,57
1259,0,1995,935,1060,0,0,0,1.0,1,1.0,1,1.0,1,0.1817729882266176,57
1260,1,1996,936,1060,0,0,0,1.0,1,1.0,1,1.0,1,0.17910228716136778,56
1261,0,1996,936,1060,0,0,0,1.0,1,1.0,1,1.0,1,0.18215891110341742,57
1262,2,1998,937,1061,0,0,0,1.0,1,1.0,1,1.0,1,0.17966316230158683,58
1263,4,2002,940,1062,0,0,0,1.0,1,1.0,1,1.0,1,0.20746213630571633,58
1264,3,2005,940,1065,0,0,0,1.0,1,1.0,1,1.0,1,0.15110353186206488,57
1265,4,2009,942,1067,0,0,0,1.0,1,1.0,1,1.0,1,0.16821578861361666,56
1266,3,2012,944,1068,0,0,0,1.0,1,1.0,1,1.0,1,0.2277638610286945,55
1267,4,2016,946,1070,0,0,0,1.0,1,1.0,1,1.0,1,0.2323639490183322,53
1268,5,2021,949,1072,0,0,0,1.0,1,1.0,1,1.0,1,0.22045507127218933,52
1269,1,2022,950,1072,0,0,0,1.0,1,1.0,1,1.0,1,0.22087935204754808,51
1270,3,2025,950,1075,0,0,0,1.0,1,1.0,1,1.0,1,0.15267634472406397,47
1271,1,2026,951,1075,0,0,0,1.0,1,1.0,1,1.0,1,0.17584675739925743,46
1272,0,2026,951,1075,0,0,0,1.0,1,1.0,1,1.0,1,0.1540757091305598,43
1273,1,2027,952,1075,0,0,0,1.0,1,1.0,1,1.0,1,0.16834035768166306,44
1274,1,2028,953,1075,0,0,0,1.0,1,1.0,1,1.0,1,0.22277549444800188,44
1275,1,2029,954,1075,0,0,0,1.0,1,1.0,1,1.0,1,0.24500668444803178,45
1276,4,2033,955,1078,0,0,0,1.0,1,1.0,1,1.0,1,0.16376220056830743,43
1277,3,2036,958,1078,0,0,0,1.0,1,1.0,1,1.0,1,0.1531102102258666,44
1278,4,2040,961,1079,0,0,0,1.0,1,1.0,1,1.0,1,0.18851148783641106,45
1279,0,2040,961,1079,0,0,0,1.0,1,1.0,1,1.0,1,0.17988613116037228,47
1280,0,2040,961,1079,0,0,0,1.0,1,1.0,1,1.0,1,0.17988613116037228,47
1281,0,2040,961,1079,0,0,0,1.0,1,1.0,1,1.0,1,0.17988613116037228,47
1282,1,2041,962,1079,0,0,0,1.0,1,1.0,1,1.0,1,0.23021356038220345,46
1283,1,2042,963,1079,0,0,0,1.0,1,1.0,1,1.0,1,0.23111812498469161,46
1284,0,2042,963,1079,0,0,0,1.0,1,1.0,1,1.0,1,0.23111812498469161,46
1285,0,2042,963,1079,0,0,0,1.0,1,1.0,1,1.0,1,0.2563246375235265,46
1286,0,2042,963,1079,0,0,0,1.0,1,1.0,1,1.0,1,0.25536877701201266,45
1287,4,2046,964,1082,0,0,0,1.0,1,1.0,1,1.0,1,0.24663144862706646,49
1288,3,2049,964,1085,0,0,0,1.0,1,1.0,1,1.0,1,0.17214135133637495,49
1289,0,2049,964,1085,0,0,0,1.0,1,1.0,1,1.0,1,0.16775248231406503,52
1290,0,2049,964,1085,0,0,0,1.0,1,1.0,1,1.0,1,0.16775248231406503,52
1291,2,2051,964,1087,0,0,0,1.0,1,1.0,1,1.0,1,0.1486091853327938,52
1292,0,2051,964,1087,0,0,0,1.0,1,1.0,1,1.0,1,0.14316734292009972,53
1293,0,2051,964,1087,0,0,0,1.0,1,1.0,1,1.0,1,0.14316734292009972,53
1294,1,2052,965,1087,0,0,0,1.0,1,1.0,1,1.0,1,0.14684237342501727,53
1295,0,2052,965,1087,0,0,0,1.0,1,1.0,1,1.0,1,0.15709668780370858,54
1296,1,2053,966,1087,0,0,0,1.0,1,1.0,1,1.0,1,0.15516180407760674,55
1297,0,2053,966,1087,0,0,0,1.0,1,1.0,1,1.0,1,0.1761875259261297,54
1298,0,2053,966,1087,0,0,0,1.0,1,1.0,1,1.0,1,0.18915557921603385,55
1299,1,2054,967,1087,0,0,0,1.0,1,1.0,1,1.0,1,0.19504711325715954,54
1300,2,2056,967,1089,0,0,0,1.0,1,1.0,1,1.0,1,0.19470259802618908,55
1301,3,2059,970,1089,0,0,0,1.0,1,1.0,1,1.0,1,0.228417864950205,54
1302,5,2064,972,1092,0,0,0,1.0,1,1.0,1,1.0,1,0.22944791605300058,54
1303,8,2072,976,1096,0,0,0,1.0,1,1.0,1,1.0,1,0.2468115744023243,50
1304,4,2076,979,1097,0,0,0,1.0,1,1.0,1,1.0,1,0.23418899868976187,51
1305,2,2078,980,1098,0,0,0,1.0,1,1.0,1,1.0,1,0.2640967682449808,48
1306,6,2084,984,1100,0,0,0,1.0,1,1.0,1,1.0,1,0.2965900535968536,48
1307,2,2086,984,1102,0,0,0,1.0,1,1.0,1,1.0,1,0.2328998411155042,48
1308,1,2087,985,1102,0,0,0,1.0,1,1.0,1,1.0,1,0.24974323618904606,46
1309,3,2090,986,1104,0,0,0,1.0,1,1.0,1,1.0,1,0.21967989718773437,47
1310,0,2090,986,1104,0,0,0,1.0,1,1.0,1,1.0,1,0.19415024357382057,46
1311,2,2092,988,1104,0,0,0,1.0,1,1.0,1,1.0,1,0.2492273382879738,46
1312,2,2094,990,1104,0,0,0,1.0,1,1.0,1,1.0,1,0.27335723223257624,45
1313,2,2096,991,1105,0,0,0,1.0,1,1.0,1,1.0,1,0.31208561955678216,44
1314,0,2096,991,1105,0,0,0,1.0,1,1.0,1,1.0,1,0.30458588728003333,42
1315,3,2099,991,1108,0,0,0,1.0,1,1.0,1,1.0,1,0.2864938888880239,40
1316,3,2102,991,1111,0,0,0,1.0,1,1.0,1,1.0,1,0.23006005817455188,42
1317,0,2102,991,1111,0,0,0,1.0,1,1.0,1,1.0,1,0.23048319971513523,42
1318,0,2102,991,1111,0,0,0,1.0,1,1.0,1,1.0,1,0.23048319971513523,42
1319,0,2102,991,1111,0,0,0,1.0,1,1.0,1,1.0,1,0.23048319971513523,42
1320,0,2102,991,1111,0,0,0,1.0,1,1.0,1,1.0,1,0.23048319971513523,42
1321,0,2102,991,1111,0,0,0,1.0,1,1.0,1,1.0,1,0.2254467388745819,45
1322,0,2102,991,1111,0,0,0,1.0,1,1.0,1,1.0,1,0.2254467388745819,45
1323,1,2103,992,1111,0,0,0,1.0,1,1.0,1,1.0,1,0.23066838770909767,46
1324,0,2103,992,1111,0,0,0,1.0,1,1.0,1,1.0,1,0.238943805082772,45
1325,4,2107,993,1114,0,0,0,1.0,1,1.0,1,1.0,1,0.21478349112084727,46
1326,1,2108,994,1114,0,0,0,1.0,1,1.0,1,1.0,1,0.25637476659829367,45
1327,0,2108,994,1114,0,0,0,1.0,1,1.0,1,1.0,1,0.28940861339681834,46
1328,1,2109,994,1115,0,0,0,1.0,1,1.0,1,1.0,1,0.25348332912535876,47
1329,1,2110,995,1115,0,0,0,1.0,1,1.0,1,1.0,1,0.2637577990498924,47
1330,4,2114,995,1119,0,0,0,1.0,1,1.0,1,1.0,1,0.22836506846937585,46
1331,1,2115,996,1119,0,0,0,1.0,1,1.0,1,1.0,1,0.21856926852648875,46
1332,3,2118,998,1120,0,0,0,1.0,1,1.0,1,1.0,1,0.24261140067409454,49
1333,2,2120,998,1122,0,0,0,1.0,1,1.0,1,1.0,1,0.24220723034765812,50
1334,1,2121,999,1122,0,0,0,1.0,1,1.0,1,1.0,1,0.23801380890435597,50
1335,1,2122,999,1123,0,0,0,1.0,1,1.0,1,1.0,1,0.2581518124844159,52
1336,1,2123,999,1124,0,0,0,1.0,1,1.0,1,1.0,1,0.2363425851058604,53
1337,2,2125,999,1126,0,0,0,1.0,1,1.0,1,1.0,1,0.22438154729529075,54
1338,2,2127,1001,1126,0,0,0,1.0,1,1.0,1,1.0,1,0.2638056319233223,54
1339,2,2129,1003,1126,0,0,0,1.0,1,1.0,1,1.0,1,0.28619981780785153,54
1340,1,2130,1003,1127,0,0,0,1.0,1,1.0,1,1.0,1,0.26069251007056976,53
1341,1,2131,1003,1128,0,0,0,1.0,1,1.0,1,1.0,1,0.2386663588788018,53
1342,1,2132,1004,1128,0,0,0,1.0,1,1.0,1,1.0,1,0.2519816312915382,52
1343,1,2133,1005,1128,0,0,0,1.0,1,1.0,1,1.0,1,0.24488485976393806,50
1344,4,2137,1008,1129,0,0,0,1.0,1,1.0,1,1.0,1,0.26563597247779175,51
1345,1,2138,1008,1130,0,0,0,1.0,1,1.0,1,1.0,1,0.25050489949564125,50
1346,1,2139,1009,1130,0,0,0,1.0,1,1.0,1,1.0,1,0.25727748222538266,50
1347,1,2140,1009,1131,0,0,0,1.0,1,1.0,1,1.0,1,0.25926089516271544,48
1348,3,2143,1009,1134,0,0,0,1.0,1,1.0,1,1.0,1,0.20995579948811816,49
1349,1,2144,1010,1134,0,0,0,1.0,1,1.0,1,1.0,1,0.21098507416285997,48
1350,1,2145,1011,1134,0,0,0,1.0,1,1.0,1,1.0,1,0.23169720180529352,49
1351,3,2148,1011,1137,0,0,0,1.0,1,1.0,1,1.0,1,0.1876082727648156,48
1352,1,2149,1012,1137,0,0,0,1.0,1,1.0,1,1.0,1,0.19637282520664667,49
1353,0,2149,1012,1137,0,0,0,1.0,1,1.0,1,1.0,1,0.18678188040267038,49
1354,0,2149,1012,1137,0,0,0,1.0,1,1.0,1,1.0,1,0.20597317611112562,49
1355,4,2153,1013,1140,0,0,0,1.0,1,1.0,1,1.0,1,0.1545019955517052,50
1356,2,2155,1014,1141,0,0,0,1.0,1,1.0,1,1.0,1,0.15814634785020096,50
1357,5,2160,1018,1142,0,0,0,1.0,1,1.0,1,1.0,1,0.1945321233445983,50
1358,3,2163,1019,1144,0,0,0,1.0,1,1.0,1,1.0,1,0.19707755657294299,51
1359,1,2164,1020,1144,0,0,0,1.0,1,1.0,1,1.0,1,0.2184886601845545,53
1360,3,2167,1020,1147,0,0,0,1.0,1,1.0,1,1.0,1,0.18177660684651914,54
1361,0,2167,1020,1147,0,0,0,1.0,1,1.0,1,1.0,1,0.18177660684651914,54
1362,1,2168,1021,1147,0,0,0,1.0,1,1.0,1,1.0,1,0.17652327589789565,55
1363,0,2168,1021,1147,0,0,0,1.0,1,1.0,1,1.0,1,0.17652327589789565,55
1364,1,2169,1021,1148,0,0,0,1.0,1,1.0,1,1.0,1,0.18509919962609142,55
1365,1,2170,1022,1148,0,0,0,1.0,1,1.0,1,1.0,1,0.20414287369783707,56
1366,1,2171,1022,1149,0,0,0,1.0,1,1.0,1,1.0,1,0.19123603672918915,56
1367,3,2174,1022,1152,0,0,0,1.0,1,1.0,1,1.0,1,0.14842226882532392,56
1368,0,2174,1022,1152,0,0,0,1.0,1,1.0,1,1.0,1,0.15131705555389777,58
1369,0,2174,1022,1152,0,0,0,1.0,1,1.0,1,1.0,1,0.1563386476770433,59
1370,1,2175,1023,1152,0,0,0,1.0,1,1.0,1,1.0,1,0.15660655901422188,59
1371,1,2176,1024,1152,0,0,0,1.0,1,1.0,1,1.0,1,0.1644860749008501,59
1372,3,2179,1025,1154,0,0,0,1.0,1,1.0,1,1.0,1,0.1388793718747565,59
1373,0,2179,1025,1154,0,0,0,1.0,1,1.0,1,1.0,1,0.1388793718747565,59
1374,4,2183,1027,1156,0,0,0,1.0,1,1.0,1,1.0,1,0.15519079505874483,60
1375,3,2186,1027,1159,0,0,0,1.0,1,1.0,1,1.0,1,0.12264510763268514,61
1376,0,2186,1027,1159,0,0,0,1.0,1,1.0,1,1.0,1,0.15137399945473945,61
1377,0,2186,1027,1159,0,0,0,1.0,1,1.0,1,1.0,1,0.15137399945473945,61
1378,2,2188,1028,1160,0,0,0,1.0,1,1.0,1,1.0,1,0.14715129312530498,61
1379,3,2191,1031,1160,0,0,0,1.0,1,1.0,1,1.0,1,0.17491677995019103,60
1380,1,2192,1032,1160,0,0,0,1.0,1,1.0,1,1.0,1,0.19955519725302182,60
1381,1,2193,1033,1160,0,0,0,1.0,1,1.0,1,1.0,1,0.22597322439369186,58
1382,5,2198,1038,1160,0,0,0,1.0,1,1.0,1,1.0,1,0.25046922593638404,58
1383,3,2201,1040,1161,0,0,0,1.0,1,1.0,1,1.0,1,0.19558243583355236,57
1384,6,2207,1043,1164,0,0,0,1.0,1,1.0,1,1.0,1,0.22757706401271946,54
1385,0,2207,1043,1164,0,0,0,1.0,1,1.0,1,1.0,1,0.2200752451241798,52
1386,3,2210,1044,1166,0,0,0,1.0,1,1.0,1,1.0,1,0.18856748734952594,51
1387,3,2213,1045,1168,0,0,0,1.0,1,1.0,1,1.0,1,0.21512010840311518,51
1388,3,2216,1047,1169,0,0,0,1.0,1,1.0,1,1.0,1,0.18818306899322376,52
1389,2,2218,1047,1171,0,0,0,1.0,1,1.0,1,1.0,1,0.2194107556381029,50
1390,3,2221,1048,1173,0,0,0,1.0,1,1.0,1,1.0,1,0.1803722972636296,51
1391,0,2221,1048,1173,0,0,0,1.0,1,1.0,1,1.0,1,0.19479013928219632,50
1392,1,2222,1049,1173,0,0,0,1.0,1,1.0,1,1.0,1,0.17036629499788236,50
1393,2,2224,1049,1175,0,0,0,1.0,1,1.0,1,1.0,1,0.14044052777768312,49
1394,0,2224,1049,1175,0,0,0,1.0,1,1.0,1,1.0,1,0.15442239803197344,50
1395,0,2224,1049,1175,0,0,0,1.0,1,1.0,1,1.0,1,0.1660839094117783,51
1396,1,2225,1049,1176,0,0,0,1.0,1,1.0,1,1.0,1,0.1759150997952779,52
1397,0,2225,1049,1176,0,0,0,1.0,1,1.0,1,1.0,1,0.1759150997952779,52
1398,1,2226,1050,1176,0,0,0,1.0,1,1.0,1,1.0,1,0.16266789858096903,53
1399,1,2227,1051,1176,0,0,0,1.0,1,1.0,1,1.0,1,0.19938311522791602,54
1400,2,2229,1052,1177,0,0,0,1.0,1,1.0,1,1.0,1,0.21100168699372948,54
1401,1,2230,1053,1177,0,0,0,1.0,1,1.0,1,1.0,1,0.2240428666279218,54
1402,2,2232,1055,1177,0,0,0,1.0,1,1.0,1,1.0,1,0.22711508116734477,53
1403,0,2232,1055,1177,0,0,0,1.0,1,1.0,1,1.0,1,0.2457896459796931,52
1404,0,2232,1055,1177,0,0,0,1.0,1,1.0,1,1.0,1,0.25367817300538414,53
1405,1,2233,1055,1178,0,0,0,1.0,1,1.0,1,1.0,1,0.24962355373944042,52
1406,0,2233,1055,1178,0,0,0,1.0,1,1.0,1,1.0,1,0.23463184295674355,53
1407,0,2233,1055,1178,0,0,0,1.0,1,1.0,1,1.0,1,0.24407453494586073,54
1408,1,2234,1055,1179,0,0,0,1.0,1,1.0,1,1.0,1,0.24270012040435093,53
1409,1,2235,1055,1180,0,0,0,1.0,1,1.0,1,1.0,1,0.24070462135010914,55
1410,0,2235,1055,1180,0,0,0,1.0,1,1.0,1,1.0,1,0.24327328426732958,54
1411,0,2235,1055,1180,0,0,0,1.0,1,1.0,1,1.0,1,0.24327328426732958,54
1412,0,2235,1055,1180,0,0,0,1.0,1,1.0,1,1.0,1,0.25777058308775036,53
1413,0,2235,1055,1180,0,0,0,1.0,1,1.0,1,1.0,1,0.24574784928304275,54
1414,5,2240,1055,1185,0,0,0,1.0,1,1.0,1,1.0,1,0.20271862289231404,55
1415,1,2241,1056,1185,0,0,0,1.0,1,1.0,1,1.0,1,0.2074426920041387,57
1416,3,2244,1057,1187,0,0,0,1.0,1,1.0,1,1.0,1,0.21330329269677478,59
1417,3,2247,1058,1189,0,0,0,1.0,1,1.0,1,1.0,1,0.2177384525102337,58
1418,4,2251,1059,1192,0,0,0,1.0,1,1.0,1,1.0,1,0.18537746937384644,57
1419,1,2252,1060,1192,0,0,0,1.0,1,1.0,1,1.0,1,0.2067671536483778,56
1420,1,2253,1060,1193,0,0,0,1.0,1,1.0,1,1.0,1,0.2290948954268733,54
1421,0,2253,1060,1193,0,0,0,1.0,1,1.0,1,1.0,1,0.2240196157057428,55
1422,2,2255,1061,1194,0,0,0,1.0,1,1.0,1,1.0,1,0.18928237132889128,52
1423,3,2258,1063,1195,0,0,0,1.0,1,1.0,1,1.0,1,0.2149822244660244,52
1424,3,2261,1066,1195,0,0,0,1.0,1,1.0,1,1.0,1,0.2506002346719041,51
1425,0,2261,1066,1195,0,0,0,1.0,1,1.0,1,1.0,1,0.2560455761716261,50
1426,6,2267,1067,1200,0,0,0,1.0,1,1.0,1,1.0,1,0.20647961883208166,50
1427,0,2267,1067,1200,0,0,0,1.0,1,1.0,1,1.0,1,0.20696233680728335,48
1428,5,2272,1070,1202,0,0,0,1.0,1,1.0,1,1.0,1,0.2163549102646368,48
1429,4,2276,1071,1205,0,0,0,1.0,1,1.0,1,1.0,1,0.18353389657263425,48
1430,1,2277,1072,1205,0,0,0,1.0,1,1.0,1,1.0,1,0.18865880569368607,48
1431,0,2277,1072,1205,0,0,0,1.0,1,1.0,1,1.0,1,0.18865880569368607,48
1432,2,2279,1073,1206,0,0,0,1.0,1,1.0,1,1.0,1,0.15480079940868852,50
1433,2,2281,1073,1208,0,0,0,1.0,1,1.0,1,1.0,1,0.1595540365249016,51
1434,2,2283,1073,1210,0,0,0,1.0,1,1.0,1,1.0,1,0.1578329042714568,51
1435,2,2285,1074,1211,0,0,0,1.0,1,1.0,1,1.0,1,0.1757733289028154,50
1436,1,2286,1075,1211,0,0,0,1.0,1,1.0,1,1.0,1,0.18833891956524298,51
1437,0,2286,1075,1211,0,0,0,1.0,1,1.0,1,1.0,1,0.18833891956524298,51
1438,1,2287,1076,1211,0,0,0,1.0,1,1.0,1,1.0,1,0.20929454125329758,51
1439,4,2291,1079,1212,0,0,0,1.0,1,1.0,1,1.0,1,0.22140087313030013,50
1440,3,2294,1080,1214,0,0,0,1.0,1,1.0,1,1.0,1,0.2286061381945921,51
1441,3,2297,1080,1217,0,0,0,1.0,1,1.0,1,1.0,1,0.1874372191085332,51
1442,3,2300,1082,1218,0,0,0,1.0,1,1.0,1,1.0,1,0.186550699107947,52
1443,3,2303,1082,1221,0,0,0,1.0,1,1.0,1,1.0,1,0.17459747804295406,53
1444,0,2303,1082,1221,0,0,0,1.0,1,1.0,1,1.0,1,0.171412618686,54
1445,0,2303,1082,1221,0,0,0,1.0,1,1.0,1,1.0,1,0.171412618686,54
1446,1,2304,1082,1222,0,0,0,1.0,1,1.0,1,1.0,1,0.18199451159088334,54
1447,1,2305,1082,1223,0,0,0,1.0,1,1.0,1,1.0,1,0.14800138781707026,55
1448,0,2305,1082,1223,0,0,0,1.0,1,1.0,1,1.0,1,0.14800138781707026,55
1449,0,2305,1082,1223,0,0,0,1.0,1,1.0,1,1.0,1,0.14800138781707026,55
1450,2,2307,1082,1225,0,0,0,1.0,1,1.0,1,1.0,1,0.13102358256662255,57
1451,1,2308,1083,1225,0,0,0,1.0,1,1.0,1,1.0,1,0.14310656291517473,57
1452,0,2308,1083,1225,0,0,0,1.0,1,1.0,1,1.0,1,0.14310656291517473,57
1453,2,2310,1085,1225,0,0,0,1.0,1,1.0,1,1.0,1,0.1739064887825701,57
1454,2,2312,1086,1226,0,0,0,1.0,1,1.0,1,1.0,1,0.19458206580013335,58
1455,1,2313,1086,1227,0,0,0,1.0,1,1.0,1,1.0,1,0.17234983406941443,56
1456,4,2317,1088,1229,0,0,0,1.0,1,1.0,1,1.0,1,0.13474426276278356,55
1457,0,2317,1088,1229,0,0,0,1.0,1,1.0,1,1.0,1,0.16127722485407947,54
1458,1,2318,1089,1229,0,0,0,1.0,1,1.0,1,1.0,1,0.17403630787418464,53
1459,4,2322,1090,1232,0,0,0,1.0,1,1.0,1,1.0,1,0.11635817975907717,52
1460,0,2322,1090,1232,0,0,0,1.0,1,1.0,1,1.0,1,0.110051415689503,51
1461,2,2324,1092,1232,0,0,0,1.0,1,1.0,1,1.0,1,0.1317761673658955,51
1462,4,2328,1096,1232,0,0,0,1.0,1,1.0,1,1.0,1,0.1480543790222276,51
1463,4,2332,1099,1233,0,0,0,1.0,1,1.0,1,1.0,1,0.19114168670513607,52
1464,4,2336,1102,1234,0,0,0,1.0,1,1.0,1,1.0,1,0.22265417567834656,52
1465,5,2341,1102,1239,0,0,0,1.0,1,1.0,1,1.0,1,0.17394800438579056,51
1466,4,2345,1105,1240,0,0,0,1.0,1,1.0,1,1.0,1,0.1486207548415735,50
1467,2,2347,1107,1240,0,0,0,1.0,1,1.0,1,1.0,1,0.15771537890654955,48
1468,2,2349,1108,1241,0,0,0,1.0,1,1.0,1,1.0,1,0.1240546923124392,48
1469,3,2352,1110,1242,0,0,0,1.0,1,1.0,1,1.0,1,0.17156073387843562,48
1470,2,2354,1111,1243,0,0,0,1.0,1,1.0,1,1.0,1,0.1565147947208928,48
1471,2,2356,1113,1243,0,0,0,1.0,1,1.0,1,1.0,1,0.18857256617852847,45
1472,1,2357,1113,1244,0,0,0,1.0,1,1.0,1,1.0,1,0.17381721836657998,45
1473,2,2359,1114,1245,0,0,0,1.0,1,1.0,1,1.0,1,0.15444698078707841,46
1474,1,2360,1114,1246,0,0,0,1.0,1,1.0,1,1.0,1,0.17062414157972833,46
1475,0,2360,1114,1246,0,0,0,1.0,1,1.0,1,1.0,1,0.17062414157972833,46
1476,1,2361,1114,1247,0,0,0,1.0,1,1.0,1,1.0,1,0.17492832384426818,47
1477,2,2363,1116,1247,0,0,0,1.0,1,1.0,1,1.0,1,0.18462577032263677,47
1478,0,2363,1116,1247,0,0,0,1.0,1,1.0,1,1.0,1,0.21388037002477336,47
1479,0,2363,1116,1247,0,0,0,1.0,1,1.0,1,1.0,1,0.2140118082394637,48
1480,1,2364,1117,1247,0,0,0,1.0,1,1.0,1,1.0,1,0.23072676926665114,47
1481,1,2365,1118,1247,0,0,0,1.0,1,1.0,1,1.0,1,0.24571655012363058,47
1482,3,2368,1120,1248,0,0,0,1.0,1,1.0,1,1.0,1,0.25952943476291973,46
1483,5,2373,1121,1252,0,0,0,1.0,1,1.0,1,1.0,1,0.22232538245131286,47
1484,2,2375,1122,1253,0,0,0,1.0,1,1.0,1,1.0,1,0.19938222062666636,47
1485,0,2375,1122,1253,0,0,0,1.0,1,1.0,1,1.0,1,0.2416796176608254,47
1486,4,2379,1123,1256,0,0,0,1.0,1,1.0,1,1.0,1,0.20059388572656117,49
1487,2,2381,1125,1256,0,0,0,1.0,1,1.0,1,1.0,1,0.18325108464749343,49
1488,1,2382,1126,1256,0,0,0,1.0,1,1.0,1,1.0,1,0.18209829067412195,51
1489,4,2386,1127,1259,0,0,0,1.0,1,1.0,1,1.0,1,0.18011676753752104,52
1490,1,2387,1127,1260,0,0,0,1.0,1,1.0,1,1.0,1,0.1630953876657183,52
1491,2,2389,1129,1260,0,0,0,1.0,1,1.0,1,1.0,1,0.16973233476233768,53
1492,5,2394,1132,1262,0,0,0,1.0,1,1.0,1,1.0,1,0.1794697773121574,53
1493,1,2395,1132,1263,0,0,0,1.0,1,1.0,1,1.0,1,0.13084872908215603,52
1494,2,2397,1134,1263,0,0,0,1.0,1,1.0,1,1.0,1,0.12365498823239862,50
1495,2,2399,1136,1263,0,0,0,1.0,1,1.0,1,1.0,1,0.15003140233230663,50
1496,6,2405,1138,1267,0,0,0,1.0,1,1.0,1,1.0,1,0.14739768007830642,52
1497,1,2406,1139,1267,0,0,0,1.0,1,1.0,1,1.0,1,0.16522264346781837,51
1498,1,2407,1140,1267,0,0,0,1.0,1,1.0,1,1.0,1,0.179506726780913,50
1499,0,2407,1140,1267,0,0,0,1.0,1,1.0,1,1.0,1,0.16591895841642085,50
1500,1,2408,1141,1267,0,0,0,1.0,1,1.0,1,1.0,1,0.19054348370180352,49
1501,1,2409,1141,1268,0,0,0,1.0,1,1.0,1,1.0,1,0.18638152936480057,47
1502,5,2414,1145,1269,0,0,0,1.0,1,1.0,1,1.0,1,0.2629100389537068,47
1503,2,2416,1146,1270,0,0,0,1.0,1,1.0,1,1.0,1,0.20615533243978396,47
1504,2,2418,1148,1270,0,0,0,1.0,1,1.0,1,1.0,1,0.25656651969706545,48
1505,2,2420,1149,1271,0,0,0,1.0,1,1.0,1,1.0,1,0.25124133808521104,47
1506,3,2423,1150,1273,0,0,0,1.0,1,1.0,1,1.0,1,0.19117179312093185,47
1507,1,2424,1151,1273,0,0,0,1.0,1,1.0,1,1.0,1,0.20684039544537045,45
1508,1,2425,1152,1273,0,0,0,1.0,1,1.0,1,1.0,1,0.21046354613946278,45
1509,3,2428,1155,1273,0,0,0,1.0,1,1.0,1,1.0,1,0.25410917258043464,44
1510,3,2431,1157,1274,0,0,0,1.0,1,1.0,1,1.0,1,0.3019883192047069,42
1511,0,2431,1157,1274,0,0,0,1.0,1,1.0,1,1.0,1,0.28770263598762214,40
1512,4,2435,1161,1274,0,0,0,1.0,1,1.0,1,1.0,1,0.3660241737032919,39
1513,3,2438,1161,1277,0,0,0,1.0,1,1.0,1,1.0,1,0.2672268606582206,39
1514,1,2439,1161,1278,0,0,0,1.0,1,1.0,1,1.0,1,0.23825625890702098,38
1515,0,2439,1161,1278,0,0,0,1.0,1,1.0,1,1.0,1,0.25746298654024524,39
1516,2,2441,1161,1280,0,0,0,1.0,1,1.0,1,1.0,1,0.2163435286079625,39
1517,3,2444,1163,1281,0,0,0,1.0,1,1.0,1,1.0,1,0.22549391412089306,39
1518,2,2446,1164,1282,0,0,0,1.0,1,1.0,1,1.0,1,0.2320279037796299,39
1519,2,2448,1164,1284,0,0,0,1.0,1,1.0,1,1.0,1,0.17428765111848435,39
1520,1,2449,1165,1284,0,0,0,1.0,1,1.0,1,1.0,1,0.23173709464813674,39
1521,1,2450,1166,1284,0,0,0,1.0,1,1.0,1,1.0,1,0.2344212835314791,40
1522,2,2452,1167,1285,0,0,0,1.0,1,1.0,1,1.0,1,0.2318638173897769,40
1523,1,2453,1167,1286,0,0,0,1.0,1,1.0,1,1.0,1,0.2295887031990599,41
1524,0,2453,1167,1286,0,0,0,1.0,1,1.0,1,1.0,1,0.23937585982958332,42
1525,3,2456,1168,1288,0,0,0,1.0,1,1.0,1,1.0,1,0.18349965437659638,45
1526,0,2456,1168,1288,0,0,0,1.0,1,1.0,1,1.0,1,0.19667233372451648,46
1527,0,2456,1168,1288,0,0,0,1.0,1,1.0,1,1.0,1,0.19667233372451648,46
1528,1,2457,1168,1289,0,0,0,1.0,1,1.0,1,1.0,1,0.19257983931224762,47
1529,0,2457,1168,1289,0,0,0,1.0,1,1.0,1,1.0,1,0.19257983931224762,47
1530,1,2458,1168,1290,0,0,0,1.0,1,1.0,1,1.0,1,0.17923814884904368,48
1531,0,2458,1168,1290,0,0,0,1.0,1,1.0,1,1.0,1,0.17737022937928046,46
1532,1,2459,1169,1290,0,0,0,1.0,1,1.0,1,1.0,1,0.19934881862642756,47
1533,0,2459,1169,1290,0,0,0,1.0,1,1.0,1,1.0,1,0.19438744434856098,46
1534,1,2460,1170,1290,0,0,0,1.0,1,1.0,1,1.0,1,0.19161431693815703,47
1535,1,2461,1171,1290,0,0,0,1.0,1,1.0,1,1.0,1,0.20115436353735278,47
1536,1,2462,1171,1291,0,0,0,1.0,1,1.0,1,1.0,1,0.20121499693356643,48
1537,2,2464,1171,1293,0,0,0,1.0,1,1.0,1,1.0,1,0.16886336501100663,46
1538,0,2464,1171,1293,0,0,0,1.0,1,1.0,1,1.0,1,0.18128559476132325,47
1539,1,2465,1172,1293,0,0,0,1.0,1,1.0,1,1.0,1,0.20697379601116822,47
1540,1,2466,1173,1293,0,0,0,1.0,1,1.0,1,1.0,1,0.2181077867608698,47
1541,0,2466,1173,1293,0,0,0,1.0,1,1.0,1,1.0,1,0.21749766116191335,47
1542,4,2470,1176,1294,0,0,0,1.0,1,1.0,1,1.0,1,0.2585308042650441,50
1543,4,2474,1179,1295,0,0,0,1.0,1,1.0,1,1.0,1,0.2768014491243742,47
1544,7,2481,1183,1298,0,0,0,1.0,1,1.0,1,1.0,1,0.29893052963151007,48
1545,3,2484,1184,1300,0,0,0,1.0,1,1.0,1,1.0,1,0.2503651275006436,47
1546,6,2490,1185,1305,0,0,0,1.0,1,1.0,1,1.0,1,0.18343063479705476,47
1547,2,2492,1185,1307,0,0,0,1.0,1,1.0,1,1.0,1,0.14702700111891348,47
1548,3,2495,1188,1307,0,0,0,1.0,1,1.0,1,1.0,1,0.15844544264761937,47
1549,6,2501,1192,1309,0,0,0,1.0,1,1.0,1,1.0,1,0.12187986965084112,46
1550,3,2504,1194,1310,0,0,0,1.0,1,1.0,1,1.0,1,0.2038424834443598,44
1551,6,2510,1198,1312,0,0,0,1.0,1,1.0,1,1.0,1,0.23563788167355998,45
1552,9,2519,1201,1318,0,0,0,1.0,1,1.0,1,1.0,1,0.1743998937123736,43
1553,3,2522,1202,1320,0,0,0,1.0,1,1.0,1,1.0,1,0.16574478805699502,43
1554,0,2522,1202,1320,0,0,0,1.0,1,1.0,1,1.0,1,0.1945044883897377,41
1555,0,2522,1202,1320,0,0,0,1.0,1,1.0,1,1.0,1,0.2054568837743326,44
1556,2,2524,1204,1320,0,0,0,1.0,1,1.0,1,1.0,1,0.20183695030962148,45
1557,1,2525,1204,1321,0,0,0,1.0,1,1.0,1,1.0,1,0.19002624182038175,45
1558,1,2526,1204,1322,0,0,0,1.0,1,1.0,1,1.0,1,0.1814107997608569,46
1559,3,2529,1205,1324,0,0,0,1.0,1,1.0,1,1.0,1,0.15971184525611076,47
1560,1,2530,1206,1324,0,0,0,1.0,1,1.0,1,1.0,1,0.16491365474180814,46
1561,0,2530,1206,1324,0,0,0,1.0,1,1.0,1,1.0,1,0.14854601718098767,47
1562,0,2530,1206,1324,0,0,0,1.0,1,1.0,1,1.0,1,0.1581468588161087,47
1563,0,2530,1206,1324,0,0,0,1.0,1,1.0,1,1.0,1,0.1581468588161087,47
1564,0,2530,1206,1324,0,0,0,1.0,1,1.0,1,1.0,1,0.1581468588161087,47
1565,0,2530,1206,1324,0,0,0,1.0,1,1.0,1,1.0,1,0.19636145747158248,48
1566,0,2530,1206,1324,0,0,0,1.0,1,1.0,1,1.0,1,0.19636145747158248,48
1567,1,2531,1206,1325,0,0,0,1.0,1,1.0,1,1.0,1,0.22801759819829942,48
1568,3,2534,1207,1327,0,0,0,1.0,1,1.0,1,1.0,1,0.2139731912847235,48
1569,1,2535,1207,1328,0,0,0,1.0,1,1.0,1,1.0,1,0.1615354170310448,45
1570,1,2536,1208,1328,0,0,0,1.0,1,1.0,1,1.0,1,0.17362521508482767,44
1571,2,2538,1210,1328,0,0,0,1.0,1,1.0,1,1.0,1,0.20103548202729257,42
1572,3,2541,1211,1330,0,0,0,1.0,1,1.0,1,1.0,1,0.16197165238784467,43
1573,0,2541,1211,1330,0,0,0,1.0,1,1.0,1,1.0,1,0.16197165238784467,43
1574,3,2544,1214,1330,0,0,0,1.0,1,1.0,1,1.0,1,0.23018442149717477,42
1575,1,2545,1215,1330,0,0,0,1.0,1,1.0,1,1.0,1,0.23822792290960643,43
1576,5,2550,1218,1332,0,0,0,1.0,1,1.0,1,1.0,1,0.2094023673234822,41
1577,2,2552,1219,1333,0,0,0,1.0,1,1.0,1,1.0,1,0.2468976993382798,40
1578,0,2552,1219,1333,0,0,0,1.0,1,1.0,1,1.0,1,0.2286069358572666,40
1579,0,2552,1219,1333,0,0,0,1.0,1,1.0,1,1.0,1,0.22763825400814533,40
1580,0,2552,1219,1333,0,0,0,1.0,1,1.0,1,1.0,1,0.22763825400814533,40
1581,2,2554,1221,1333,0,0,0,1.0,1,1.0,1,1.0,1,0.25642489051799966,40
1582,8,2562,1225,1337,0,0,0,1.0,1,1.0,1,1.0,1,0.23852268238404778,40
1583,1,2563,1226,1337,0,0,0,1.0,1,1.0,1,1.0,1,0.23431691684578732,38
1584,6,2569,1230,1339,0,0,0,1.0,1,1.0,1,1.0,1,0.2659460648066511,39
1585,4,2573,1233,1340,0,0,0,1.0,1,1.0,1,1.0,1,0.23727555559458766,38
1586,5,2578,1237,1341,0,0,0,1.0,1,1.0,1,1.0,1,0.250679656215196,38
1587,1,2579,1238,1341,0,0,0,1.0,1,1.0,1,1.0,1,0.20334944757689527,37
1588,2,2581,1240,1341,0,0,0,1.0,1,1.0,1,1.0,1,0.24196530393213245,39
1589,2,2583,1242,1341,0,0,0,1.0,1,1.0,1,1.0,1,0.26558366946035117,37
1590,1,2584,1243,1341,0,0,0,1.0,1,1.0,1,1.0,1,0.2642695115020777,37
1591,4,2588,1244,1344,0,0,0,1.0,1,1.0,1,1.0,1,0.29430201237056375,36
1592,0,2588,1244,1344,0,0,0,1.0,1,1.0,1,1.0,1,0.3099299928127896,34
1593,0,2588,1244,1344,0,0,0,1.0,1,1.0,1,1.0,1,0.35261758809236365,33
1594,1,2589,1244,1345,0,0,0,1.0,1,1.0,1,1.0,1,0.3104571122690303,31
1595,2,2591,1244,1347,0,0,0,1.0,1,1.0,1,1.0,1,0.2826387699966986,34
1596,0,2591,1244,1347,0,0,0,1.0,1,1.0,1,1.0,1,0.28642277489995344,33
1597,0,2591,1244,1347,0,0,0,1.0,1,1.0,1,1.0,1,0.28642277489995344,33
1598,2,2593,1244,1349,0,0,0,1.0,1,1.0,1,1.0,1,0.2187862332652597,33
1599,1,2594,1245,1349,0,0,0,1.0,1,1.0,1,1.0,1,0.2014541833810556,33
1600,1,2595,1245,1350,0,0,0,1.0,1,1.0,1,1.0,1,0.2048321088404796,34
1601,3,2598,1247,1351,0,0,0,1.0,1,1.0,1,1.0,1,0.24519492434231302,35
1602,1,2599,1247,1352,0,0,0,1.0,1,1.0,1,1.0,1,0.19667388760210727,36
1603,1,2600,1248,1352,0,0,0,1.0,1,1.0,1,1.0,1,0.2567899140893718,38
1604,2,2602,1249,1353,0,0,0,1.0,1,1.0,1,1.0,1,0.231721057039114,38
1605,0,2602,1249,1353,0,0,0,1.0,1,1.0,1,1.0,1,0.231721057039114,38
1606,4,2606,1251,1355,0,0,0,1.0,1,1.0,1,1.0,1,0.2538592035638837,39
1607,1,2607,1251,1356,0,0,0,1.0,1,1.0,1,1.0,1,0.23209764600917293,37
1608,1,2608,1252,1356,0,0,0,1.0,1,1.0,1,1.0,1,0.25398051738576227,36
1609,1,2609,1253,1356,0,0,0,1.0,1,1.0,1,1.0,1,0.2373306911406685,34
1610,1,2610,1254,1356,0,0,0,1.0,1,1.0,1,1.0,1,0.23569008762021587,34
1611,4,2614,1257,1357,0,0,0,1.0,1,1.0,1,1.0,1,0.22174562200047043,35
1612,1,2615,1257,1358,0,0,0,1.0,1,1.0,1,1.0,1,0.19540951918747532,33
1613,2,2617,1258,1359,0,0,0,1.0,1,1.0,1,1.0,1,0.17977235966663024,34
1614,0,2617,1258,1359,0,0,0,1.0,1,1.0,1,1.0,1,0.1869627341884149,35
1615,2,2619,1259,1360,0,0,0,1.0,1,1.0,1,1.0,1,0.22719513977119182,35
1616,2,2621,1261,1360,0,0,0,1.0,1,1.0,1,1.0,1,0.2204951049894125,37
1617,2,2623,1263,1360,0,0,0,1.0,1,1.0,1,1.0,1,0.26590925084674477,38
1618,2,2625,1264,1361,0,0,0,1.0,1,1.0,1,1.0,1,0.2483343688024808,38
1619,0,2625,1264,1361,0,0,0,1.0,1,1.0,1,1.0,1,0.24699326794298224,38
1620,3,2628,1265,1363,0,0,0,1.0,1,1.0,1,1.0,1,0.2455545463372866,39
1621,1,2629,1266,1363,0,0,0,1.0,1,1.0,1,1.0,1,0.29013562891490957,37
1622,4,2633,1267,1366,0,0,0,1.0,1,1.0,1,1.0,1,0.26733449231155404,37
1623,2,2635,1269,1366,0,0,0,1.0,1,1.0,1,1.0,1,0.29644859652783084,37
1624,1,2636,1270,1366,0,0,0,1.0,1,1.0,1,1.0,1,0.309151971816898,37
1625,3,2639,1270,1369,0,0,0,1.0,1,1.0,1,1.0,1,0.26534899372907167,35
1626,1,2640,1271,1369,0,0,0,1.0,1,1.0,1,1.0,1,0.3006140733976358,35
1627,0,2640,1271,1369,0,0,0,1.0,1,1.0,1,1.0,1,0.2856315701863125,34
1628,5,2645,1273,1372,0,0,0,1.0,1,1.0,1,1.0,1,0.276691533823864,35
1629,2,2647,1275,1372,0,0,0,1.0,1,1.0,1,1.0,1,0.3481320760616035,34
1630,1,2648,1275,1373,0,0,0,1.0,1,1.0,1,1.0,1,0.28613368009160367,32
1631,2,2650,1276,1374,0,0,0,1.0,1,1.0,1,1.0,1,0.32046911216470036,33
1632,0,2650,1276,1374,0,0,0,1.0,1,1.0,1,1.0,1,0.31772972747814476,32
1633,0,2650,1276,1374,0,0,0,1.0,1,1.0,1,1.0,1,0.3093193356113576,31
1634,0,2650,1276,1374,0,0,0,1.0,1,1.0,1,1.0,1,0.3093193356113576,31
1635,1,2651,1276,1375,0,0,0,1.0,1,1.0,1,1.0,1,0.308144863777473,31
1636,2,2653,1276,1377,0,0,0,1.0,1,1.0,1,1.0,1,0.265235192223569,33
1637,0,2653,1276,1377,0,0,0,1.0,1,1.0,1,1.0,1,0.265235192223569,33
1638,2,2655,1276,1379,0,0,0,1.0,1,1.0,1,1.0,1,0.26811011457070716,36
1639,1,2656,1276,1380,0,0,0,1.0,1,1.0,1,1.0,1,0.2498449204249568,36
1640,1,2657,1277,1380,0,0,0,1.0,1,1.0,1,1.0,1,0.28216089388603277,36
1641,2,2659,1278,1381,0,0,0,1.0,1,1.0,1,1.0,1,0.2666598847016235,38
1642,0,2659,1278,1381,0,0,0,1.0,1,1.0,1,1.0,1,0.28412244743241416,37
1643,2,2661,1280,1381,0,0,0,1.0,1,1.0,1,1.0,1,0.29833314237098735,37
1644,2,2663,1282,1381,0,0,0,1.0,1,1.0,1,1.0,1,0.36678578378762683,38
1645,0,2663,1282,1381,0,0,0,1.0,1,1.0,1,1.0,1,0.33435377106684216,36
1646,0,2663,1282,1381,0,0,0,1.0,1,1.0,1,1.0,1,0.34635519393684716,37
1647,1,2664,1283,1381,0,0,0,1.0,1,1.0,1,1.0,1,0.4151131036240426,35
1648,5,2669,1283,1386,0,0,0,1.0,1,1.0,1,1.0,1,0.34749370419733505,38
1649,1,2670,1284,1386,0,0,0,1.0,1,1.0,1,1.0,1,0.35632963475430524,35
1650,0,2670,1284,1386,0,0,0,1.0,1,1.0,1,1.0,1,0.3749878274513128,34
1651,2,2672,1284,1388,0,0,0,1.0,1,1.0,1,1.0,1,0.3451953203090137,32
1652,2,2674,1284,1390,0,0,0,1.0,1,1.0,1,1.0,1,0.3033157820008482,33
1653,0,2674,1284,1390,0,0,0,1.0,1,1.0,1,1.0,1,0.3033157820008482,33
1654,1,2675,1284,1391,0,0,0,1.0,1,1.0,1,1.0,1,0.304360674326165,34
1655,2,2677,1284,1393,0,0,0,1.0,1,1.0,1,1.0,1,0.24226216792060867,35
1656,0,2677,1284,1393,0,0,0,1.0,1,1.0,1,1.0,1,0.24226216792060867,35
1657,2,2679,1284,1395,0,0,0,1.0,1,1.0,1,1.0,1,0.21391484904291178,36
1658,1,2680,1285,1395,0,0,0,1.0,1,1.0,1,1.0,1,0.21680343109396175,36
1659,1,2681,1285,1396,0,0,0,1.0,1,1.0,1,1.0,1,0.17997017101849813,36
1660,4,2685,1288,1397,0,0,0,1.0,1,1.0,1,1.0,1,0.17931736756073285,38
1661,0,2685,1288,1397,0,0,0,1.0,1,1.0,1,1.0,1,0.17931736756073285,38
1662,3,2688,1291,1397,0,0,0,1.0,1,1.0,1,1.0,1,0.21521976205517052,39
1663,3,2691,1292,1399,0,0,0,1.0,1,1.0,1,1.0,1,0.20770133360148213,40
1664,2,2693,1293,1400,0,0,0,1.0,1,1.0,1,1.0,1,0.22715207962318495,39
1665,2,2695,1294,1401,0,0,0,1.0,1,1.0,1,1.0,1,0.24593287027131283,40
1666,4,2699,1295,1404,0,0,0,1.0,1,1.0,1,1.0,1,0.21064317080729172,40
1667,1,2700,1296,1404,0,0,0,1.0,1,1.0,1,1.0,1,0.20693776749270756,40
1668,1,2701,1297,1404,0,0,0,1.0,1,1.0,1,1.0,1,0.22025782746171932,41
1669,0,2701,1297,1404,0,0,0,1.0,1,1.0,1,1.0,1,0.20502652249639694,40
1670,2,2703,1299,1404,0,0,0,1.0,1,1.0,1,1.0,1,0.19431610034032842,40
1671,0,2703,1299,1404,0,0,0,1.0,1,1.0,1,1.0,1,0.21660017311768845,41
1672,1,2704,1300,1404,0,0,0,1.0,1,1.0,1,1.0,1,0.2438825316447268,40
1673,1,2705,1301,1404,0,0,0,1.0,1,1.0,1,1.0,1,0.2646363267584072,39
1674,2,2707,1301,1406,0,0,0,1.0,1,1.0,1,1.0,1,0.23890226182559876,40
1675,1,2708,1301,1407,0,0,0,1.0,1,1.0,1,1.0,1,0.2183184433834669,38
1676,1,2709,1302,1407,0,0,0,1.0,1,1.0,1,1.0,1,0.24603689602071746,39
1677,0,2709,1302,1407,0,0,0,1.0,1,1.0,1,1.0,1,0.2463265635056589,39
1678,0,2709,1302,1407,0,0,0,1.0,1,1.0,1,1.0,1,0.2463265635056589,39
1679,2,2711,1303,1408,0,0,0,1.0,1,1.0,1,1.0,1,0.2301021887454558,39
1680,4,2715,1304,1411,0,0,0,1.0,1,1.0,1,1.0,1,0.20512736390211225,41
1681,0,2715,1304,1411,0,0,0,1.0,1,1.0,1,1.0,1,0.20512736390211225,41
1682,1,2716,1304,1412,0,0,0,1.0,1,1.0,1,1.0,1,0.2086359219095764,43
1683,5,2721,1307,1414,0,0,0,1.0,1,1.0,1,1.0,1,0.22847207004926068,43
1684,2,2723,1308,1415,0,0,0,1.0,1,1.0,1,1.0,1,0.21766482498442882,42
1685,4,2727,1310,1417,0,0,0,1.0,1,1.0,1,1.0,1,0.21616731801838276,41
1686,6,2733,1312,1421,0,0,0,1.0,1,1.0,1,1.0,1,0.207913689950872,41
1687,1,2734,1313,1421,0,0,0,1.0,1,1.0,1,1.0,1,0.20525710867025124,40
1688,2,2736,1315,1421,0,0,0,1.0,1,1.0,1,1.0,1,0.2267034698362534,39
1689,2,2738,1316,1422,0,0,0,1.0,1,1.0,1,1.0,1,0.22073318249902324,38
1690,1,2739,1317,1422,0,0,0,1.0,1,1.0,1,1.0,1,0.21348818497776376,38
1691,0,2739,1317,1422,0,0,0,1.0,1,1.0,1,1.0,1,0.26915198326277034,36
1692,0,2739,1317,1422,0,0,0,1.0,1,1.0,1,1.0,1,0.2518678271900666,36
1693,1,2740,1318,1422,0,0,0,1.0,1,1.0,1,1.0,1,0.26754595837915096,35
1694,0,2740,1318,1422,0,0,0,1.0,1,1.0,1,1.0,1,0.2960635625187473,33
1695,0,2740,1318,1422,0,0,0,1.0,1,1.0,1,1.0,1,0.28567668977619337,34
1696,4,2744,1319,1425,0,0,0,1.0,1,1.0,1,1.0,1,0.2484628886793403,35
1697,0,2744,1319,1425,0,0,0,1.0,1,1.0,1,1.0,1,0.24555690896511462,36
1698,1,2745,1320,1425,0,0,0,1.0,1,1.0,1,1.0,1,0.26101241285873655,38
1699,2,2747,1321,1426,0,0,0,1.0,1,1.0,1,1.0,1,0.2364949656514388,38
1700,0,2747,1321,1426,0,0,0,1.0,1,1.0,1,1.0,1,0.2526782380877932,39
1701,0,2747,1321,1426,0,0,0,1.0,1,1.0,1,1.0,1,0.2621171372839612,40
1702,3,2750,1324,1426,0,0,0,1.0,1,1.0,1,1.0,1,0.31032414503978983,41
1703,3,2753,1325,1428,0,0,0,1.0,1,1.0,1,1.0,1,0.3094779676578469,41
1704,5,2758,1329,1429,0,0,0,1.0,1,1.0,1,1.0,1,0.3416624437026315,41
1705,2,2760,1329,1431,0,0,0,1.0,1,1.0,1,1.0,1,0.2776831731101953,40
1706,1,2761,1329,1432,0,0,0,1.0,1,1.0,1,1.0,1,0.25805725184259476,40
1707,2,2763,1329,1434,0,0,0,1.0,1,1.0,1,1.0,1,0.24351178141773494,39
1708,0,2763,1329,1434,0,0,0,1.0,1,1.0,1,1.0,1,0.24351178141773494,39
1709,1,2764,1330,1434,0,0,0,1.0,1,1.0,1,1.0,1,0.2643936052705386,38
1710,5,2769,1333,1436,0,0,0,1.0,1,1.0,1,1.0,1,0.2826473768651496,39
1711,1,2770,1333,1437,0,0,0,1.0,1,1.0,1,1.0,1,0.2800475284560716,38
1712,1,2771,1334,1437,0,0,0,1.0,1,1.0,1,1.0,1,0.2926526559243071,38
1713,0,2771,1334,1437,0,0,0,1.0,1,1.0,1,1.0,1,0.30763914266894066,37
1714,1,2772,1334,1438,0,0,0,1.0,1,1.0,1,1.0,1,0.2820489193173965,38
1715,3,2775,1335,1440,0,0,0,1.0,1,1.0,1,1.0,1,0.2563702140108733,40
1716,0,2775,1335,1440,0,0,0,1.0,1,1.0,1,1.0,1,0.26632612982995213,39
1717,2,2777,1336,1441,0,0,0,1.0,1,1.0,1,1.0,1,0.2720532003542601,38
1718,0,2777,1336,1441,0,0,0,1.0,1,1.0,1,1.0,1,0.29994998056045585,38
1719,4,2781,1337,1444,0,0,0,1.0,1,1.0,1,1.0,1,0.28903018797068614,38
1720,2,2783,1337,1446,0,0,0,1.0,1,1.0,1,1.0,1,0.25369718854261086,41
1721,0,2783,1337,1446,0,0,0,1.0,1,1.0,1,1.0,1,0.23479557168117543,39
1722,2,2785,1338,1447,0,0,0,1.0,1,1.0,1,1.0,1,0.2379590682804839,40
1723,1,2786,1339,1447,0,0,0,1.0,1,1.0,1,1.0,1,0.21330212227778955,38
1724,0,2786,1339,1447,0,0,0,1.0,1,1.0,1,1.0,1,0.25118285765986736,37
1725,1,2787,1339,1448,0,0,0,1.0,1,1.0,1,1.0,1,0.24784149720028573,38
1726,1,2788,1339,1449,0,0,0,1.0,1,1.0,1,1.0,1,0.23082576631139873,37
1727,2,2790,1340,1450,0,0,0,1.0,1,1.0,1,1.0,1,0.20788095640983706,37
1728,0,2790,1340,1450,0,0,0,1.0,1,1.0,1,1.0,1,0.23820842287767194,35
1729,1,2791,1341,1450,0,0,0,1.0,1,1.0,1,1.0,1,0.23993555765171734,37
1730,1,2792,1342,1450,0,0,0,1.0,1,1.0,1,1.0,1,0.30727484568853053,37
1731,0,2792,1342,1450,0,0,0,1.0,1,1.0,1,1.0,1,0.30727484568853053,37
1732,3,2795,1342,1453,0,0,0,1.0,1,1.0,1,1.0,1,0.2969199167328842,37
1733,3,2798,1344,1454,0,0,0,1.0,1,1.0,1,1.0,1,0.26335363012765034,36
1734,2,2800,1344,1456,0,0,0,1.0,1,1.0,1,1.0,1,0.24460640781135093,35
1735,1,2801,1345,1456,0,0,0,1.0,1,1.0,1,1.0,1,0.23159743408616787,34
1736,1,2802,1345,1457,0,0,0,1.0,1,1.0,1,1.0,1,0.2246578258315408,35
1737,2,2804,1347,1457,0,0,0,1.0,1,1.0,1,1.0,1,0.21559811835418716,36
1738,2,2806,1348,1458,0,0,0,1.0,1,1.0,1,1.0,1,0.2572097303238594,37
1739,1,2807,1349,1458,0,0,0,1.0,1,1.0,1,1.0,1,0.24366907669806248,38
1740,0,2807,1349,1458,0,0,0,1.0,1,1.0,1,1.0,1,0.25138938426162544,37
1741,2,2809,1350,1459,0,0,0,1.0,1,1.0,1,1.0,1,0.24206610451311247,38
1742,3,2812,1352,1460,0,0,0,1.0,1,1.0,1,1.0,1,0.2780357470449866,39
1743,1,2813,1353,1460,0,0,0,1.0,1,1.0,1,1.0,1,0.29101708666748655,37
1744,3,2816,1355,1461,0,0,0,1.0,1,1.0,1,1.0,1,0.27952324897648007,38
1745,3,2819,1356,1463,0,0,0,1.0,1,1.0,1,1.0,1,0.28062742333547364,37
1746,1,2820,1356,1464,0,0,0,1.0,1,1.0,1,1.0,1,0.2443688237695374,38
1747,1,2821,1357,1464,0,0,0,1.0,1,1.0,1,1.0,1,0.26905711075488054,38
1748,2,2823,1358,1465,0,0,0,1.0,1,1.0,1,1.0,1,0.2664864563290534,38
1749,1,2824,1358,1466,0,0,0,1.0,1,1.0,1,1.0,1,0.2571282045370319,37
1750,2,2826,1358,1468,0,0,0,1.0,1,1.0,1,1.0,1,0.21317607495297608,39
1751,0,2826,1358,1468,0,0,0,1.0,1,1.0,1,1.0,1,0.23237844088546109,38
1752,1,2827,1358,1469,0,0,0,1.0,1,1.0,1,1.0,1,0.21213129737305303,39
1753,1,2828,1358,1470,0,0,0,1.0,1,1.0,1,1.0,1,0.19752106565926741,40
1754,3,2831,1359,1472,0,0,0,1.0,1,1.0,1,1.0,1,0.22204666682732102,41
1755,1,2832,1359,1473,0,0,0,1.0,1,1.0,1,1.0,1,0.2112086273485892,41
1756,1,2833,1360,1473,0,0,0,1.0,1,1.0,1,1.0,1,0.23148548718400958,42
1757,0,2833,1360,1473,0,0,0,1.0,1,1.0,1,1.0,1,0.25739937873313656,42
1758,2,2835,1362,1473,0,0,0,1.0,1,1.0,1,1.0,1,0.30288865720763425,42
1759,2,2837,1362,1475,0,0,0,1.0,1,1.0,1,1.0,1,0.2878247149139174,39
1760,9,2846,1364,1482,0,0,0,1.0,1,1.0,1,1.0,1,0.2545963775629731,39
1761,3,2849,1366,1483,0,0,0,1.0,1,1.0,1,1.0,1,0.24060029614077502,38
1762,4,2853,1367,1486,0,0,0,1.0,1,1.0,1,1.0,1,0.1401025434326633,37
1763,2,2855,1368,1487,0,0,0,1.0,1,1.0,1,1.0,1,0.17914936190313221,37
1764,1,2856,1369,1487,0,0,0,1.0,1,1.0,1,1.0,1,0.16800728346270932,36
1765,3,2859,1372,1487,0,0,0,1.0,1,1.0,1,1.0,1,0.16959306349206518,37
1766,1,2860,1372,1488,0,0,0,1.0,1,1.0,1,1.0,1,0.1277894163491794,36
1767,0,2860,1372,1488,0,0,0,1.0,1,1.0,1,1.0,1,0.1277894163491794,36
1768,0,2860,1372,1488,0,0,0,1.0,1,1.0,1,1.0,1,0.1277894163491794,36
1769,0,2860,1372,1488,0,0,0,1.0,1,1.0,1,1.0,1,0.11794921632315986,38
1770,1,2861,1373,1488,0,0,0,1.0,1,1.0,1,1.0,1,0.13096167147519924,38
1771,0,2861,1373,1488,0,0,0,1.0,1,1.0,1,1.0,1,0.13096167147519924,38
1772,0,2861,1373,1488,0,0,0,1.0,1,1.0,1,1.0,1,0.13282134983784757,40
1773,1,2862,1374,1488,0,0,0,1.0,1,1.0,1,1.0,1,0.16202922410616047,40
1774,0,2862,1374,1488,0,0,0,1.0,1,1.0,1,1.0,1,0.16202922410616047,40
1775,0,2862,1374,1488,0,0,0,1.0,1,1.0,1,1.0,1,0.17368285995130017,41
1776,0,2862,1374,1488,0,0,0,1.0,1,1.0,1,1.0,1,0.1615311837331274,43
1777,1,2863,1375,1488,0,0,0,1.0,1,1.0,1,1.0,1,0.1778466557349511,44
1778,3,2866,1377,1489,0,0,0,1.0,1,1.0,1,1.0,1,0.2199862412974996,44
1779,1,2867,1377,1490,0,0,0,1.0,1,1.0,1,1.0,1,0.18981749379159182,44
1780,2,2869,1378,1491,0,0,0,1.0,1,1.0,1,1.0,1,0.2007865472898212,46
1781,2,2871,1380,1491,0,0,0,1.0,1,1.0,1,1.0,1,0.2156267829298955,46
1782,5,2876,1382,1494,0,0,0,1.0,1,1.0,1,1.0,1,0.2151670641502448,45
1783,2,2878,1384,1494,0,0,0,1.0,1,1.0,1,1.0,1,0.25580510769556003,44
1784,3,2881,1386,1495,0,0,0,1.0,1,1.0,1,1.0,1,0.3005603408888805,44
1785,4,2885,1388,1497,0,0,0,1.0,1,1.0,1,1.0,1,0.30518788692408644,42
1786,8,2893,1391,1502,0,0,0,1.0,1,1.0,1,1.0,1,0.2830099170021618,42
1787,0,2893,1391,1502,0,0,0,1.0,1,1.0,1,1.0,1,0.30460879914151645,41
1788,4,2897,1393,1504,0,0,0,1.0,1,1.0,1,1.0,1,0.32221709380392694,41
1789,6,2903,1394,1509,0,0,0,1.0,1,1.0,1,1.0,1,0.21404613354422244,41
1790,0,2903,1394,1509,0,0,0,1.0,1,1.0,1,1.0,1,0.21404613354422244,41
1791,0,2903,1394,1509,0,0,0,1.0,1,1.0,1,1.0,1,0.22061375203699596,41
1792,2,2905,1395,1510,0,0,0,1.0,1,1.0,1,1.0,1,0.19902770766095015,43
1793,1,2906,1396,1510,0,0,0,1.0,1,1.0,1,1.0,1,0.2004442315981237,43
1794,2,2908,1398,1510,0,0,0,1.0,1,1.0,1,1.0,1,0.25516781639449676,41
1795,5,2913,1400,1513,0,0,0,1.0,1,1.0,1,1.0,1,0.1962100576845123,41
1796,2,2915,1401,1514,0,0,0,1.0,1,1.0,1,1.0,1,0.2605307310482605,40
1797,1,2916,1402,1514,0,0,0,1.0,1,1.0,1,1.0,1,0.2821821211472286,38
1798,1,2917,1402,1515,0,0,0,1.0,1,1.0,1,1.0,1,0.2737798765614261,38
1799,4,2921,1404,1517,0,0,0,1.0,1,1.0,1,1.0,1,0.21069364367873378,37
1800,2,2923,1405,1518,0,0,0,1.0,1,1.0,1,1.0,1,0.20749291969263065,35
1801,0,2923,1405,1518,0,0,0,1.0,1,1.0,1,1.0,1,0.19918553454263205,34
1802,0,2923,1405,1518,0,0,0,1.0,1,1.0,1,1.0,1,0.18127102155531213,33
1803,0,2923,1405,1518,0,0,0,1.0,1,1.0,1,1.0,1,0.18127102155531213,33
1804,1,2924,1406,1518,0,0,0,1.0,1,1.0,1,1.0,1,0.22451569404449426,33
1805,2,2926,1406,1520,0,0,0,1.0,1,1.0,1,1.0,1,0.19062053563266762,35
1806,1,2927,1407,1520,0,0,0,1.0,1,1.0,1,1.0,1,0.25592566370683045,36
1807,1,2928,1407,1521,0,0,0,1.0,1,1.0,1,1.0,1,0.27433414823196006,35
1808,1,2929,1407,1522,0,0,0,1.0,1,1.0,1,1.0,1,0.2415239076630327,37
1809,0,2929,1407,1522,0,0,0,1.0,1,1.0,1,1.0,1,0.2904229129013895,35
1810,2,2931,1407,1524,0,0,0,1.0,1,1.0,1,1.0,1,0.2667688820968443,36
1811,0,2931,1407,1524,0,0,0,1.0,1,1.0,1,1.0,1,0.27242706188799276,34
1812,1,2932,1407,1525,0,0,0,1.0,1,1.0,1,1.0,1,0.2780350326693128,36
1813,1,2933,1407,1526,0,0,0,1.0,1,1.0,1,1.0,1,0.2521128607903376,35
1814,0,2933,1407,1526,0,0,0,1.0,1,1.0,1,1.0,1,0.26535135591932124,36
1815,1,2934,1407,1527,0,0,0,1.0,1,1.0,1,1.0,1,0.2690072122691427,35
1816,2,2936,1408,1528,0,0,0,1.0,1,1.0,1,1.0,1,0.24589280218941237,35
1817,0,2936,1408,1528,0,0,0,1.0,1,1.0,1,1.0,1,0.24589280218941237,35
1818,3,2939,1411,1528,0,0,0,1.0,1,1.0,1,1.0,1,0.2338170196091318,36
1819,4,2943,1413,1530,0,0,0,1.0,1,1.0,1,1.0,1,0.2111424313161019,37
1820,2,2945,1413,1532,0,0,0,1.0,1,1.0,1,1.0,1,0.1666973489465848,37
1821,1,2946,1414,1532,0,0,0,1.0,1,1.0,1,1.0,1,0.16932008544698313,38
1822,6,2952,1417,1535,0,0,0,1.0,1,1.0,1,1.0,1,0.1883237318414237,37
1823,3,2955,1420,1535,0,0,0,1.0,1,1.0,1,1.0,1,0.23745965977280925,36
1824,2,2957,1422,1535,0,0,0,1.0,1,1.0,1,1.0,1,0.2599444943666794,36
1825,2,2959,1423,1536,0,0,0,1.0,1,1.0,1,1.0,1,0.23111790075163807,34
1826,2,2961,1424,1537,0,0,0,1.0,1,1.0,1,1.0,1,0.19896577289026207,35
1827,1,2962,1425,1537,0,0,0,1.0,1,1.0,1,1.0,1,0.208742242076425,34
1828,1,2963,1426,1537,0,0,0,1.0,1,1.0,1,1.0,1,0.20579705998697995,33
1829,1,2964,1427,1537,0,0,0,1.0,1,1.0,1,1.0,1,0.20069361096747823,31
1830,0,2964,1427,1537,0,0,0,1.0,1,1.0,1,1.0,1,0.20973910709752094,31
1831,1,2965,1428,1537,0,0,0,1.0,1,1.0,1,1.0,1,0.21359878395064655,30
1832,0,2965,1428,1537,0,0,0,1.0,1,1.0,1,1.0,1,0.2170247535685758,29
1833,3,2968,1431,1537,0,0,0,1.0,1,1.0,1,1.0,1,0.34971349106209093,28
1834,3,2971,1432,1539,0,0,0,1.0,1,1.0,1,1.0,1,0.2691546584580703,27
1835,4,2975,1435,1540,0,0,0,1.0,1,1.0,1,1.0,1,0.29905419963818325,26
1836,3,2978,1436,1542,0,0,0,1.0,1,1.0,1,1.0,1,0.24970746745307426,26
1837,2,2980,1437,1543,0,0,0,1.0,1,1.0,1,1.0,1,0.2737005752307602,25
1838,0,2980,1437,1543,0,0,0,1.0,1,1.0,1,1.0,1,0.25850036455216197,25
1839,0,2980,1437,1543,0,0,0,1.0,1,1.0,1,1.0,1,0.3115575365912769,24
1840,2,2982,1438,1544,0,0,0,1.0,1,1.0,1,1.0,1,0.38407032261961943,23
1841,1,2983,1438,1545,0,0,0,1.0,1,1.0,1,1.0,1,0.31525123509729774,22
1842,3,2986,1440,1546,0,0,0,1.0,1,1.0,1,1.0,1,0.33416573468093047,23
1843,0,2986,1440,1546,0,0,0,1.0,1,1.0,1,1.0,1,0.33416573468093047,23
1844,2,2988,1441,1547,0,0,0,1.0,1,1.0,1,1.0,1,0.34838457262641326,23
1845,2,2990,1443,1547,0,0,0,1.0,1,1.0,1,1.0,1,0.3564304217381322,23
1846,1,2991,1443,1548,0,0,0,1.0,1,1.0,1,1.0,1,0.32054072508438053,23
1847,0,2991,1443,1548,0,0,0,1.0,1,1.0,1,1.0,1,0.34013297158099376,24
1848,0,2991,1443,1548,0,0,0,1.0,1,1.0,1,1.0,1,0.34013297158099376,24
1849,0,2991,1443,1548,0,0,0,1.0,1,1.0,1,1.0,1,0.36353560426016607,25
1850,0,2991,1443,1548,0,0,0,1.0,1,1.0,1,1.0,1,0.36353560426016607,25
1851,0,2991,1443,1548,0,0,0,1.0,1,1.0,1,1.0,1,0.36353560426016607,25
1852,0,2991,1443,1548,0,0,0,1.0,1,1.0,1,1.0,1,0.36353560426016607,25
1853,0,2991,1443,1548,0,0,0,1.0,1,1.0,1,1.0,1,0.37560558443440684,25
1854,0,2991,1443,1548,0,0,0,1.0,1,1.0,1,1.0,1,0.37560558443440684,25
1855,1,2992,1443,1549,0,0,0,1.0,1,1.0,1,1.0,1,0.36696534209153586,26
1856,0,2992,1443,1549,0,0,0,1.0,1,1.0,1,1.0,1,0.350901811278368,27
1857,0,2992,1443,1549,0,0,0,1.0,1,1.0,1,1.0,1,0.3449653659426327,28
1858,2,2994,1445,1549,0,0,0,1.0,1,1.0,1,1.0,1,0.3515005231654228,28
1859,3,2997,1447,1550,0,0,0,1.0,1,1.0,1,1.0,1,0.3699217847925509,28
1860,0,2997,1447,1550,0,0,0,1.0,1,1.0,1,1.0,1,0.3699217847925509,28
1861,1,2998,1447,1551,0,0,0,1.0,1,1.0,1,1.0,1,0.35440056647733276,28
1862,0,2998,1447,1551,0,0,0,1.0,1,1.0,1,1.0,1,0.35440056647733276,28
1863,1,2999,1448,1551,0,0,0,1.0,1,1.0,1,1.0,1,0.36803473253223995,29
1864,1,3000,1449,1551,0,0,0,1.0,1,1.0,1,1.0,1,0.3531512507381367,27
1865,2,3002,1450,1552,0,0,0,1.0,1,1.0,1,1.0,1,0.37502517459654533,26
1866,1,3003,1451,1552,0,0,0,1.0,1,1.0,1,1.0,1,0.41313886091495,26
1867,0,3003,1451,1552,0,0,0,1.0,1,1.0,1,1.0,1,0.41313886091495,26
1868,1,3004,1451,1553,0,0,0,1.0,1,1.0,1,1.0,1,0.36815733451802707,26
1869,0,3004,1451,1553,0,0,0,1.0,1,1.0,1,1.0,1,0.36815733451802707,26
1870,1,3005,1451,1554,0,0,0,1.0,1,1.0,1,1.0,1,0.3687377437403143,27
1871,1,3006,1452,1554,0,0,0,1.0,1,1.0,1,1.0,1,0.37556504226147125,27
1872,0,3006,1452,1554,0,0,0,1.0,1,1.0,1,1.0,1,0.3672861916843798,25
1873,1,3007,1452,1555,0,0,0,1.0,1,1.0,1,1.0,1,0.30800384151605875,25
1874,1,3008,1452,1556,0,0,0,1.0,1,1.0,1,1.0,1,0.3500562651497415,25
1875,1,3009,1452,1557,0,0,0,1.0,1,1.0,1,1.0,1,0.3198452043961156,25
1876,0,3009,1452,1557,0,0,0,1.0,1,1.0,1,1.0,1,0.30963748813586167,26
1877,0,3009,1452,1557,0,0,0,1.0,1,1.0,1,1.0,1,0.3218648238567474,27
1878,3,3012,1454,1558,0,0,0,1.0,1,1.0,1,1.0,1,0.2946971035979542,28
1879,1,3013,1454,1559,0,0,0,1.0,1,1.0,1,1.0,1,0.249636208312679,29
1880,0,3013,1454,1559,0,0,0,1.0,1,1.0,1,1.0,1,0.249636208312679,29
1881,0,3013,1454,1559,0,0,0,1.0,1,1.0,1,1.0,1,0.249636208312679,29
1882,0,3013,1454,1559,0,0,0,1.0,1,1.0,1,1.0,1,0.23278178627007662,28
1883,0,3013,1454,1559,0,0,0,1.0,1,1.0,1,1.0,1,0.23278178627007662,28
1884,1,3014,1455,1559,0,0,0,1.0,1,1.0,1,1.0,1,0.2495932484754333,28
1885,0,3014,1455,1559,0,0,0,1.0,1,1.0,1,1.0,1,0.2495932484754333,28
1886,0,3014,1455,1559,0,0,0,1.0,1,1.0,1,1.0,1,0.24419244877504168,29
1887,0,3014,1455,1559,0,0,0,1.0,1,1.0,1,1.0,1,0.24419244877504168,29
1888,1,3015,1455,1560,0,0,0,1.0,1,1.0,1,1.0,1,0.26499075198020194,31
1889,0,3015,1455,1560,0,0,0,1.0,1,1.0,1,1.0,1,0.26499075198020194,31
1890,1,3016,1456,1560,0,0,0,1.0,1,1.0,1,1.0,1,0.2858181117321814,31
1891,0,3016,1456,1560,0,0,0,1.0,1,1.0,1,1.0,1,0.30279643964671016,32
1892,0,3016,1456,1560,0,0,0,1.0,1,1.0,1,1.0,1,0.30279643964671016,32
1893,0,3016,1456,1560,0,0,0,1.0,1,1.0,1,1.0,1,0.30279643964671016,32
1894,0,3016,1456,1560,0,0,0,1.0,1,1.0,1,1.0,1,0.2877101214262135,33
1895,3,3019,1457,1562,0,0,0,1.0,1,1.0,1,1.0,1,0.2571878129325313,35
1896,0,3019,1457,1562,0,0,0,1.0,1,1.0,1,1.0,1,0.2840295974889091,34
1897,0,3019,1457,1562,0,0,0,1.0,1,1.0,1,1.0,1,0.2840295974889091,34
1898,0,3019,1457,1562,0,0,0,1.0,1,1.0,1,1.0,1,0.2840295974889091,34
1899,0,3019,1457,1562,0,0,0,1.0,1,1.0,1,1.0,1,0.2840295974889091,34
1900,2,3021,1457,1564,0,0,0,1.0,1,1.0,1,1.0,1,0.23164947543415831,35
1901,1,3022,1457,1565,0,0,0,1.0,1,1.0,1,1.0,1,0.2012980956229387,35
1902,0,3022,1457,1565,0,0,0,1.0,1,1.0,1,1.0,1,0.2012980956229387,35
1903,0,3022,1457,1565,0,0,0,1.0,1,1.0,1,1.0,1,0.2012980956229387,35
1904,0,3022,1457,1565,0,0,0,1.0,1,1.0,1,1.0,1,0.2012980956229387,35
1905,0,3022,1457,1565,0,0,0,1.0,1,1.0,1,1.0,1,0.19050384277875032,37
1906,0,3022,1457,1565,0,0,0,1.0,1,1.0,1,1.0,1,0.19050384277875032,37
1907,1,3023,1457,1566,0,0,0,1.0,1,1.0,1,1.0,1,0.1729542703858144,39
1908,0,3023,1457,1566,0,0,0,1.0,1,1.0,1,1.0,1,0.1729542703858144,39
1909,0,3023,1457,1566,0,0,0,1.0,1,1.0,1,1.0,1,0.18988328493080348,41
1910,0,3023,1457,1566,0,0,0,1.0,1,1.0,1,1.0,1,0.18988328493080348,41
1911,0,3023,1457,1566,0,0,0,1.0,1,1.0,1,1.0,1,0.22491270180122244,40
1912,3,3026,1460,1566,0,0,0,1.0,1,1.0,1,1.0,1,0.25969065801239355,39
1913,4,3030,1462,1568,0,0,0,1.0,1,1.0,1,1.0,1,0.25320249766353364,40
1914,2,3032,1463,1569,0,0,0,1.0,1,1.0,1,1.0,1,0.24418030387273637,41
1915,4,3036,1464,1572,0,0,0,1.0,1,1.0,1,1.0,1,0.22537143096906156,42
1916,2,3038,1465,1573,0,0,0,1.0,1,1.0,1,1.0,1,0.21766961519382433,42
1917,1,3039,1466,1573,0,0,0,1.0,1,1.0,1,1.0,1,0.21982688769183278,41
1918,2,3041,1468,1573,0,0,0,1.0,1,1.0,1,1.0,1,0.23802565194177064,38
1919,1,3042,1469,1573,0,0,0,1.0,1,1.0,1,1.0,1,0.30721497918062546,38
1920,1,3043,1469,1574,0,0,0,1.0,1,1.0,1,1.0,1,0.31713677419720654,38
1921,3,3046,1469,1577,0,0,0,1.0,1,1.0,1,1.0,1,0.21918412996980222,39
1922,0,3046,1469,1577,0,0,0,1.0,1,1.0,1,1.0,1,0.20702828127164943,40
1923,0,3046,1469,1577,0,0,0,1.0,1,1.0,1,1.0,1,0.20341833298383094,41
1924,4,3050,1472,1578,0,0,0,1.0,1,1.0,1,1.0,1,0.24326469223502642,41
1925,1,3051,1472,1579,0,0,0,1.0,1,1.0,1,1.0,1,0.22420787813428567,41
1926,0,3051,1472,1579,0,0,0,1.0,1,1.0,1,1.0,1,0.22420787813428567,41
1927,2,3053,1472,1581,0,0,0,1.0,1,1.0,1,1.0,1,0.18341112044912422,41
1928,2,3055,1474,1581,0,0,0,1.0,1,1.0,1,1.0,1,0.18713597219040554,42
1929,0,3055,1474,1581,0,0,0,1.0,1,1.0,1,1.0,1,0.19315150792008012,41
1930,0,3055,1474,1581,0,0,0,1.0,1,1.0,1,1.0,1,0.19315150792008012,41
1931,0,3055,1474,1581,0,0,0,1.0,1,1.0,1,1.0,1,0.19315150792008012,41
1932,0,3055,1474,1581,0,0,0,1.0,1,1.0,1,1.0,1,0.19315150792008012,41
1933,2,3057,1475,1582,0,0,0,1.0,1,1.0,1,1.0,1,0.23844905242003542,43
1934,0,3057,1475,1582,0,0,0,1.0,1,1.0,1,1.0,1,0.25092297379054407,44
1935,0,3057,1475,1582,0,0,0,1.0,1,1.0,1,1.0,1,0.23355816947183133,45
1936,2,3059,1475,1584,0,0,0,1.0,1,1.0,1,1.0,1,0.1916412283578035,48
1937,3,3062,1477,1585,0,0,0,1.0,1,1.0,1,1.0,1,0.2061705009944403,48
1938,0,3062,1477,1585,0,0,0,1.0,1,1.0,1,1.0,1,0.2061705009944403,48
1939,0,3062,1477,1585,0,0,0,1.0,1,1.0,1,1.0,1,0.2061705009944403,48
1940,0,3062,1477,1585,0,0,0,1.0,1,1.0,1,1.0,1,0.2061705009944403,48
1941,0,3062,1477,1585,0,0,0,1.0,1,1.0,1,1.0,1,0.2061705009944403,48
1942,2,3064,1478,1586,0,0,0,1.0,1,1.0,1,1.0,1,0.26020231006842964,49
1943,0,3064,1478,1586,0,0,0,1.0,1,1.0,1,1.0,1,0.2562759518063928,48
1944,5,3069,1481,1588,0,0,0,1.0,1,1.0,1,1.0,1,0.284769973876307,47
1945,5,3074,1482,1592,0,0,0,1.0,1,1.0,1,1.0,1,0.24722579366419212,46
1946,4,3078,1483,1595,0,0,0,1.0,1,1.0,1,1.0,1,0.2686686509695905,46
1947,3,3081,1486,1595,0,0,0,1.0,1,1.0,1,1.0,1,0.3709128970703642,45
1948,4,3085,1486,1599,0,0,0,1.0,1,1.0,1,1.0,1,0.262757448499314,46
1949,1,3086,1487,1599,0,0,0,1.0,1,1.0,1,1.0,1,0.3061200159163297,42
1950,1,3087,1487,1600,0,0,0,1.0,1,1.0,1,1.0,1,0.2763995432143096,40
1951,1,3088,1488,1600,0,0,0,1.0,1,1.0,1,1.0,1,0.33148992524390625,39
1952,1,3089,1489,1600,0,0,0,1.0,1,1.0,1,1.0,1,0.36839601985122067,35
1953,4,3093,1492,1601,0,0,0,1.0,1,1.0,1,1.0,1,0.3160507618194037,36
1954,4,3097,1493,1604,0,0,0,1.0,1,1.0,1,1.0,1,0.31477588879652874,34
1955,0,3097,1493,1604,0,0,0,1.0,1,1.0,1,1.0,1,0.32579781430277205,35
1956,3,3100,1495,1605,0,0,0,1.0,1,1.0,1,1.0,1,0.34193716015907943,37
1957,3,3103,1495,1608,0,0,0,1.0,1,1.0,1,1.0,1,0.297772926601799,37
1958,0,3103,1495,1608,0,0,0,1.0,1,1.0,1,1.0,1,0.2944390246786667,39
1959,1,3104,1495,1609,0,0,0,1.0,1,1.0,1,1.0,1,0.27850154995065884,41
1960,4,3108,1496,1612,0,0,0,1.0,1,1.0,1,1.0,1,0.2628000323244384,40
1961,1,3109,1497,1612,0,0,0,1.0,1,1.0,1,1.0,1,0.25262431103488825,41
1962,1,3110,1497,1613,0,0,0,1.0,1,1.0,1,1.0,1,0.2688811616963811,40
1963,1,3111,1497,1614,0,0,0,1.0,1,1.0,1,1.0,1,0.27264759453781284,41
1964,1,3112,1498,1614,0,0,0,1.0,1,1.0,1,1.0,1,0.28240161207671655,40
1965,1,3113,1498,1615,0,0,0,1.0,1,1.0,1,1.0,1,0.24856991208330373,41
1966,0,3113,1498,1615,0,0,0,1.0,1,1.0,1,1.0,1,0.24856991208330373,41
1967,3,3116,1500,1616,0,0,0,1.0,1,1.0,1,1.0,1,0.2666599001058137,42
1968,0,3116,1500,1616,0,0,0,1.0,1,1.0,1,1.0,1,0.2800904659602849,42
1969,2,3118,1501,1617,0,0,0,1.0,1,1.0,1,1.0,1,0.25429601050118705,43
1970,0,3118,1501,1617,0,0,0,1.0,1,1.0,1,1.0,1,0.2780778960393064,42
1971,0,3118,1501,1617,0,0,0,1.0,1,1.0,1,1.0,1,0.2780778960393064,42
1972,0,3118,1501,1617,0,0,0,1.0,1,1.0,1,1.0,1,0.2780778960393064,42
1973,1,3119,1501,1618,0,0,0,1.0,1,1.0,1,1.0,1,0.2710375311368669,43
1974,0,3119,1501,1618,0,0,0,1.0,1,1.0,1,1.0,1,0.27770103917603134,43
1975,2,3121,1501,1620,0,0,0,1.0,1,1.0,1,1.0,1,0.25864532873843116,43
1976,1,3122,1502,1620,0,0,0,1.0,1,1.0,1,1.0,1,0.254185065966199,43
1977,3,3125,1502,1623,0,0,0,1.0,1,1.0,1,1.0,1,0.26087037504386656,48
1978,2,3127,1504,1623,0,0,0,1.0,1,1.0,1,1.0,1,0.28263057556778237,48
1979,2,3129,1504,1625,0,0,0,1.0,1,1.0,1,1.0,1,0.273896406802117,49
1980,2,3131,1504,1627,0,0,0,1.0,1,1.0,1,1.0,1,0.25306684154374387,50
1981,2,3133,1505,1628,0,0,0,1.0,1,1.0,1,1.0,1,0.23660125302444043,50
1982,3,3136,1507,1629,0,0,0,1.0,1,1.0,1,1.0,1,0.22281702445979326,50
1983,3,3139,1508,1631,0,0,0,1.0,1,1.0,1,1.0,1,0.1941098865369063,49
1984,2,3141,1510,1631,0,0,0,1.0,1,1.0,1,1.0,1,0.1970719940973866,48
1985,0,3141,1510,1631,0,0,0,1.0,1,1.0,1,1.0,1,0.18384892902324654,46
1986,1,3142,1510,1632,0,0,0,1.0,1,1.0,1,1.0,1,0.17547812847443586,46
1987,2,3144,1511,1633,0,0,0,1.0,1,1.0,1,1.0,1,0.17163161810424016,42
1988,1,3145,1511,1634,0,0,0,1.0,1,1.0,1,1.0,1,0.18319132590243095,40
1989,5,3150,1516,1634,0,0,0,1.0,1,1.0,1,1.0,1,0.20689018181425792,38
1990,1,3151,1516,1635,0,0,0,1.0,1,1.0,1,1.0,1,0.18593083227104482,38
1991,2,3153,1517,1636,0,0,0,1.0,1,1.0,1,1.0,1,0.22076997587224395,38
1992,0,3153,1517,1636,0,0,0,1.0,1,1.0,1,1.0,1,0.23906807781969222,39
1993,1,3154,1518,1636,0,0,0,1.0,1,1.0,1,1.0,1,0.30081850890645295,38
1994,1,3155,1519,1636,0,0,0,1.0,1,1.0,1,1.0,1,0.2812567217525767,37
1995,2,3157,1520,1637,0,0,0,1.0,1,1.0,1,1.0,1,0.29922906423191536,37
1996,2,3159,1520,1639,0,0,0,1.0,1,1.0,1,1.0,1,0.24030372048206358,37
1997,1,3160,1521,1639,0,0,0,1.0,1,1.0,1,1.0,1,0.29933672751591633,35
1998,1,3161,1522,1639,0,0,0,1.0,1,1.0,1,1.0,1,0.3321737822621724,34
1999,3,3164,1524,1640,0,0,0,1.0,1,1.0,1,1.0,1,0.301806102657842,35
2000,0,3164,1524,1640,0,0,0,1.0,1,1.0,1,1.0,1,0.32532003776847557,34
2001,1,3165,1524,1641,0,0,0,1.0,1,1.0,1,1.0,1,0.3408724299006486,35
2002,4,3169,1524,1645,0,0,0,1.0,1,1.0,1,1.0,1,0.2524268372118076,36
2003,0,3169,1524,1645,0,0,0,1.0,1,1.0,1,1.0,1,0.2660530570054683,37
2004,5,3174,1526,1648,0,0,0,1.0,1,1.0,1,1.0,1,0.21737528193449776,38
2005,1,3175,1527,1648,0,0,0,1.0,1,1.0,1,1.0,1,0.2065111920743098,38
2006,0,3175,1527,1648,0,0,0,1.0,1,1.0,1,1.0,1,0.2065111920743098,38
2007,1,3176,1528,1648,0,0,0,1.0,1,1.0,1,1.0,1,0.21238299776847064,40
2008,2,3178,1529,1649,0,0,0,1.0,1,1.0,1,1.0,1,0.19406549347222632,40
2009,2,3180,1531,1649,0,0,0,1.0,1,1.0,1,1.0,1,0.20757730583677778,41
2010,0,3180,1531,1649,0,0,0,1.0,1,1.0,1,1.0,1,0.20757730583677778,41
2011,0,3180,1531,1649,0,0,0,1.0,1,1.0,1,1.0,1,0.20757730583677778,41
2012,0,3180,1531,1649,0,0,0,1.0,1,1.0,1,1.0,1,0.20757730583677778,41
2013,1,3181,1531,1650,0,0,0,1.0,1,1.0,1,1.0,1,0.2231964237715657,43
2014,1,3182,1531,1651,0,0,0,1.0,1,1.0,1,1.0,1,0.236467106138303,43
2015,1,3183,1531,1652,0,0,0,1.0,1,1.0,1,1.0,1,0.21850935911956174,43
2016,1,3184,1532,1652,0,0,0,1.0,1,1.0,1,1.0,1,0.23810595461145662,44
2017,1,3185,1532,1653,0,0,0,1.0,1,1.0,1,1.0,1,0.21949850039297517,45
2018,3,3188,1534,1654,0,0,0,1.0,1,1.0,1,1.0,1,0.21319184681516712,46
2019,0,3188,1534,1654,0,0,0,1.0,1,1.0,1,1.0,1,0.19449814114846845,47
2020,1,3189,1534,1655,0,0,0,1.0,1,1.0,1,1.0,1,0.18852674527609536,47
2021,1,3190,1535,1655,0,0,0,1.0,1,1.0,1,1.0,1,0.19061416653793833,47
2022,1,3191,1535,1656,0,0,0,1.0,1,1.0,1,1.0,1,0.19120697221701108,48
2023,2,3193,1537,1656,0,0,0,1.0,1,1.0,1,1.0,1,0.19636456539137714,48
2024,3,3196,1540,1656,0,0,0,1.0,1,1.0,1,1.0,1,0.21827932427117835,45
2025,3,3199,1542,1657,0,0,0,1.0,1,1.0,1,1.0,1,0.2681636938799325,42
2026,3,3202,1543,1659,0,0,0,1.0,1,1.0,1,1.0,1,0.2389085305906521,44
2027,2,3204,1545,1659,0,0,0,1.0,1,1.0,1,1.0,1,0.2750647254530026,40
2028,2,3206,1546,1660,0,0,0,1.0,1,1.0,1,1.0,1,0.3249107071093199,39
2029,2,3208,1546,1662,0,0,0,1.0,1,1.0,1,1.0,1,0.3075483646303369,37
2030,1,3209,1547,1662,0,0,0,1.0,1,1.0,1,1.0,1,0.37535073430210053,34
2031,4,3213,1549,1664,0,0,0,1.0,1,1.0,1,1.0,1,0.33426602466425165,35
2032,3,3216,1550,1666,0,0,0,1.0,1,1.0,1,1.0,1,0.3248962473725576,34
2033,6,3222,1553,1669,0,0,0,1.0,1,1.0,1,1.0,1,0.2623213618295888,36
2034,0,3222,1553,1669,0,0,0,1.0,1,1.0,1,1.0,1,0.26959576089828413,34
2035,1,3223,1554,1669,0,0,0,1.0,1,1.0,1,1.0,1,0.2803512912302859,35
2036,2,3225,1555,1670,0,0,0,1.0,1,1.0,1,1.0,1,0.25693362048098733,34
2037,1,3226,1555,1671,0,0,0,1.0,1,1.0,1,1.0,1,0.23692306188764362,35
2038,1,3227,1555,1672,0,0,0,1.0,1,1.0,1,1.0,1,0.22515138242727564,36
2039,2,3229,1556,1673,0,0,0,1.0,1,1.0,1,1.0,1,0.20623469833109676,38
2040,0,3229,1556,1673,0,0,0,1.0,1,1.0,1,1.0,1,0.20623469833109676,38
2041,0,3229,1556,1673,0,0,0,1.0,1,1.0,1,1.0,1,0.21287624067307814,39
2042,0,3229,1556,1673,0,0,0,1.0,1,1.0,1,1.0,1,0.21287624067307814,39
2043,0,3229,1556,1673,0,0,0,1.0,1,1.0,1,1.0,1,0.21287624067307814,39
2044,0,3229,1556,1673,0,0,0,1.0,1,1.0,1,1.0,1,0.21287624067307814,39
2045,1,3230,1556,1674,0,0,0,1.0,1,1.0,1,1.0,1,0.1968915938157621,41
2046,0,3230,1556,1674,0,0,0,1.0,1,1.0,1,1.0,1,0.21774046858760687,42
2047,1,3231,1556,1675,0,0,0,1.0,1,1.0,1,1.0,1,0.20121405842568718,42
2048,3,3234,1557,1677,0,0,0,1.0,1,1.0,1,1.0,1,0.18494657360180924,43
2049,1,3235,1558,1677,0,0,0,1.0,1,1.0,1,1.0,1,0.23274354474996573,44
2050,5,3240,1558,1682,0,0,0,1.0,1,1.0,1,1.0,1,0.1376111687498679,44
2051,2,3242,1559,1683,0,0,0,1.0,1,1.0,1,1.0,1,0.1688821246430645,45
2052,0,3242,1559,1683,0,0,0,1.0,1,1.0,1,1.0,1,0.1688821246430645,45
2053,2,3244,1559,1685,0,0,0,1.0,1,1.0,1,1.0,1,0.13708166116641746,45
2054,1,3245,1560,1685,0,0,0,1.0,1,1.0,1,1.0,1,0.15473077465887752,46
2055,0,3245,1560,1685,0,0,0,1.0,1,1.0,1,1.0,1,0.15473077465887752,46
2056,1,3246,1560,1686,0,0,0,1.0,1,1.0,1,1.0,1,0.15051319629314944,46
2057,3,3249,1563,1686,0,0,0,1.0,1,1.0,1,1.0,1,0.14565192172637345,47
2058,2,3251,1565,1686,0,0,0,1.0,1,1.0,1,1.0,1,0.20190293913558918,47
2059,3,3254,1566,1688,0,0,0,1.0,1,1.0,1,1.0,1,0.1512169704032172,48
2060,1,3255,1567,1688,0,0,0,1.0,1,1.0,1,1.0,1,0.1833895316492638,50
2061,1,3256,1567,1689,0,0,0,1.0,1,1.0,1,1.0,1,0.1542770221448496,51
2062,3,3259,1569,1690,0,0,0,1.0,1,1.0,1,1.0,1,0.172783897921802,49
2063,3,3262,1572,1690,0,0,0,1.0,1,1.0,1,1.0,1,0.182771423325479,48
2064,1,3263,1573,1690,0,0,0,1.0,1,1.0,1,1.0,1,0.21258092009226562,45
2065,2,3265,1575,1690,0,0,0,1.0,1,1.0,1,1.0,1,0.22200438495638164,44
2066,2,3267,1576,1691,0,0,0,1.0,1,1.0,1,1.0,1,0.2552437134965108,42
2067,2,3269,1577,1692,0,0,0,1.0,1,1.0,1,1.0,1,0.24652704794690772,41
2068,2,3271,1577,1694,0,0,0,1.0,1,1.0,1,1.0,1,0.18130132736163793,40
2069,0,3271,1577,1694,0,0,0,1.0,1,1.0,1,1.0,1,0.18142686265900992,40
2070,1,3272,1577,1695,0,0,0,1.0,1,1.0,1,1.0,1,0.16769115974393609,40
2071,1,3273,1578,1695,0,0,0,1.0,1,1.0,1,1.0,1,0.17833768257587754,40
2072,2,3275,1578,1697,0,0,0,1.0,1,1.0,1,1.0,1,0.17495991135442368,41
2073,2,3277,1580,1697,0,0,0,1.0,1,1.0,1,1.0,1,0.21239926926289587,41
2074,1,3278,1580,1698,0,0,0,1.0,1,1.0,1,1.0,1,0.18591750578081698,41
2075,2,3280,1581,1699,0,0,0,1.0,1,1.0,1,1.0,1,0.17432894774127763,41
2076,5,3285,1584,1701,0,0,0,1.0,1,1.0,1,1.0,1,0.18603535824711623,41
2077,0,3285,1584,1701,0,0,0,1.0,1,1.0,1,1.0,1,0.17973071824915288,40
2078,0,3285,1584,1701,0,0,0,1.0,1,1.0,1,1.0,1,0.17973071824915288,40
2079,1,3286,1584,1702,0,0,0,1.0,1,1.0,1,1.0,1,0.1377805157530073,39
2080,0,3286,1584,1702,0,0,0,1.0,1,1.0,1,1.0,1,0.1643088122061168,38
2081,0,3286,1584,1702,0,0,0,1.0,1,1.0,1,1.0,1,0.17162159700207327,40
2082,1,3287,1585,1702,0,0,0,1.0,1,1.0,1,1.0,1,0.23639474437494198,41
2083,4,3291,1587,1704,0,0,0,1.0,1,1.0,1,1.0,1,0.18338187253296284,40
2084,4,3295,1590,1705,0,0,0,1.0,1,1.0,1,1.0,1,0.19381655973500092,42
2085,0,3295,1590,1705,0,0,0,1.0,1,1.0,1,1.0,1,0.19381655973500092,42
2086,1,3296,1591,1705,0,0,0,1.0,1,1.0,1,1.0,1,0.17081226594772903,43
2087,2,3298,1592,1706,0,0,0,1.0,1,1.0,1,1.0,1,0.17860992414065283,45
2088,3,3301,1594,1707,0,0,0,1.0,1,1.0,1,1.0,1,0.2240391689189975,46
2089,1,3302,1594,1708,0,0,0,1.0,1,1.0,1,1.0,1,0.1987218541377185,47
2090,1,3303,1594,1709,0,0,0,1.0,1,1.0,1,1.0,1,0.2048921762633407,49
2091,0,3303,1594,1709,0,0,0,1.0,1,1.0,1,1.0,1,0.2048921762633407,49
2092,2,3305,1594,1711,0,0,0,1.0,1,1.0,1,1.0,1,0.18889648072390042,49
2093,2,3307,1595,1712,0,0,0,1.0,1,1.0,1,1.0,1,0.1861937029911789,49
2094,0,3307,1595,1712,0,0,0,1.0,1,1.0,1,1.0,1,0.1861937029911789,49
2095,1,3308,1595,1713,0,0,0,1.0,1,1.0,1,1.0,1,0.1479376160162309,49
2096,1,3309,1595,1714,0,0,0,1.0,1,1.0,1,1.0,1,0.1411240860742997,51
2097,0,3309,1595,1714,0,0,0,1.0,1,1.0,1,1.0,1,0.1411240860742997,51
2098,2,3311,1596,1715,0,0,0,1.0,1,1.0,1,1.0,1,0.145561734193417,52
2099,0,3311,1596,1715,0,0,0,1.0,1,1.0,1,1.0,1,0.17244272538245978,51
2100,2,3313,1598,1715,0,0,0,1.0,1,1.0,1,1.0,1,0.19710577166749468,51
2101,5,3318,1598,1720,0,0,0,1.0,1,1.0,1,1.0,1,0.17149570161054484,48
2102,2,3320,1600,1720,0,0,0,1.0,1,1.0,1,1.0,1,0.22490575895297246,49
2103,4,3324,1603,1721,0,0,0,1.0,1,1.0,1,1.0,1,0.28742068670032844,48
2104,5,3329,1603,1726,0,0,0,1.0,1,1.0,1,1.0,1,0.2353915589102768,43
2105,0,3329,1603,1726,0,0,0,1.0,1,1.0,1,1.0,1,0.25995131526997184,42
2106,2,3331,1604,1727,0,0,0,1.0,1,1.0,1,1.0,1,0.25453727521876013,40
2107,0,3331,1604,1727,0,0,0,1.0,1,1.0,1,1.0,1,0.25794899916094016,39
2108,2,3333,1606,1727,0,0,0,1.0,1,1.0,1,1.0,1,0.24974853907079075,38
2109,1,3334,1607,1727,0,0,0,1.0,1,1.0,1,1.0,1,0.24844894542976417,37
2110,2,3336,1609,1727,0,0,0,1.0,1,1.0,1,1.0,1,0.294331696695981,38
2111,1,3337,1610,1727,0,0,0,1.0,1,1.0,1,1.0,1,0.31616751468479415,37
2112,3,3340,1612,1728,0,0,0,1.0,1,1.0,1,1.0,1,0.33886842048474364,36
2113,2,3342,1613,1729,0,0,0,1.0,1,1.0,1,1.0,1,0.39913645080227195,36
2114,1,3343,1613,1730,0,0,0,1.0,1,1.0,1,1.0,1,0.36536523178374447,36
2115,0,3343,1613,1730,0,0,0,1.0,1,1.0,1,1.0,1,0.3516302045224876,35
2116,1,3344,1613,1731,0,0,0,1.0,1,1.0,1,1.0,1,0.324385908969304,37
2117,1,3345,1613,1732,0,0,0,1.0,1,1.0,1,1.0,1,0.27087353409246373,38
2118,0,3345,1613,1732,0,0,0,1.0,1,1.0,1,1.0,1,0.2731588355338991,40
2119,1,3346,1614,1732,0,0,0,1.0,1,1.0,1,1.0,1,0.26273763422486135,40
2120,1,3347,1615,1732,0,0,0,1.0,1,1.0,1,1.0,1,0.3054675126826729,41
2121,1,3348,1615,1733,0,0,0,1.0,1,1.0,1,1.0,1,0.28889562973728966,41
2122,1,3349,1616,1733,0,0,0,1.0,1,1.0,1,1.0,1,0.2928889608122357,42
2123,1,3350,1616,1734,0,0,0,1.0,1,1.0,1,1.0,1,0.27798773327922993,43
2124,0,3350,1616,1734,0,0,0,1.0,1,1.0,1,1.0,1,0.30398306622261956,41
2125,3,3353,1616,1737,0,0,0,1.0,1,1.0,1,1.0,1,0.261592312327906,41
2126,0,3353,1616,1737,0,0,0,1.0,1,1.0,1,1.0,1,0.2880294329527458,40
2127,0,3353,1616,1737,0,0,0,1.0,1,1.0,1,1.0,1,0.2880294329527458,40
2128,0,3353,1616,1737,0,0,0,1.0,1,1.0,1,1.0,1,0.30045341329381553,41
2129,0,3353,1616,1737,0,0,0,1.0,1,1.0,1,1.0,1,0.2987992394012242,42
2130,1,3354,1616,1738,0,0,0,1.0,1,1.0,1,1.0,1,0.3063816142562433,45
2131,1,3355,1616,1739,0,0,0,1.0,1,1.0,1,1.0,1,0.2847343822713066,45
2132,1,3356,1616,1740,0,0,0,1.0,1,1.0,1,1.0,1,0.27154201667177263,46
2133,3,3359,1617,1742,0,0,0,1.0,1,1.0,1,1.0,1,0.26375496230460516,46
2134,3,3362,1617,1745,0,0,0,1.0,1,1.0,1,1.0,1,0.2406219899115845,47
2135,4,3366,1618,1748,0,0,0,1.0,1,1.0,1,1.0,1,0.17835716617619674,47
2136,1,3367,1618,1749,0,0,0,1.0,1,1.0,1,1.0,1,0.16877411838266806,47
2137,1,3368,1619,1749,0,0,0,1.0,1,1.0,1,1.0,1,0.19169038386268078,49
2138,1,3369,1620,1749,0,0,0,1.0,1,1.0,1,1.0,1,0.18551826691435075,49
2139,2,3371,1621,1750,0,0,0,1.0,1,1.0,1,1.0,1,0.1501892109437605,47
2140,3,3374,1623,1751,0,0,0,1.0,1,1.0,1,1.0,1,0.16410004132140582,48
2141,1,3375,1624,1751,0,0,0,1.0,1,1.0,1,1.0,1,0.17849270570447728,47
2142,0,3375,1624,1751,0,0,0,1.0,1,1.0,1,1.0,1,0.17849270570447728,47
2143,2,3377,1625,1752,0,0,0,1.0,1,1.0,1,1.0,1,0.16350563888176098,48
2144,1,3378,1626,1752,0,0,0,1.0,1,1.0,1,1.0,1,0.20665801656958596,48
2145,4,3382,1629,1753,0,0,0,1.0,1,1.0,1,1.0,1,0.1736080719209788,46
2146,3,3385,1631,1754,0,0,0,1.0,1,1.0,1,1.0,1,0.171878180222726,47
2147,2,3387,1633,1754,0,0,0,1.0,1,1.0,1,1.0,1,0.1440328468527903,48
2148,2,3389,1634,1755,0,0,0,1.0,1,1.0,1,1.0,1,0.13186035648116584,46
2149,2,3391,1636,1755,0,0,0,1.0,1,1.0,1,1.0,1,0.16268347685146947,46
2150,4,3395,1639,1756,0,0,0,1.0,1,1.0,1,1.0,1,0.2295225658896578,46
2151,3,3398,1640,1758,0,0,0,1.0,1,1.0,1,1.0,1,0.2488617085951882,44
2152,4,3402,1641,1761,0,0,0,1.0,1,1.0,1,1.0,1,0.25277244009179256,45
2153,2,3404,1642,1762,0,0,0,1.0,1,1.0,1,1.0,1,0.25990043762392423,48
2154,1,3405,1642,1763,0,0,0,1.0,1,1.0,1,1.0,1,0.27951672376391357,47
2155,4,3409,1644,1765,0,0,0,1.0,1,1.0,1,1.0,1,0.2850828846257423,48
2156,0,3409,1644,1765,0,0,0,1.0,1,1.0,1,1.0,1,0.30381139829945647,45
2157,0,3409,1644,1765,0,0,0,1.0,1,1.0,1,1.0,1,0.3171715461156303,43
2158,3,3412,1645,1767,0,0,0,1.0,1,1.0,1,1.0,1,0.27879489498046117,43
2159,3,3415,1647,1768,0,0,0,1.0,1,1.0,1,1.0,1,0.31040483914960243,43
2160,3,3418,1647,1771,0,0,0,1.0,1,1.0,1,1.0,1,0.2448625083655458,41
2161,5,3423,1647,1776,0,0,0,1.0,1,1.0,1,1.0,1,0.14466951264013464,41
2162,1,3424,1648,1776,0,0,0,1.0,1,1.0,1,1.0,1,0.14238011622346408,42
2163,2,3426,1649,1777,0,0,0,1.0,1,1.0,1,1.0,1,0.1526755377467426,43
2164,2,3428,1651,1777,0,0,0,1.0,1,1.0,1,1.0,1,0.2292176769406299,44
2165,0,3428,1651,1777,0,0,0,1.0,1,1.0,1,1.0,1,0.2292176769406299,44
2166,0,3428,1651,1777,0,0,0,1.0,1,1.0,1,1.0,1,0.22386328464137678,46
2167,6,3434,1652,1782,0,0,0,1.0,1,1.0,1,1.0,1,0.15941946163374687,46
2168,0,3434,1652,1782,0,0,0,1.0,1,1.0,1,1.0,1,0.1487483283930517,45
2169,3,3437,1653,1784,0,0,0,1.0,1,1.0,1,1.0,1,0.123517414442808,49
2170,0,3437,1653,1784,0,0,0,1.0,1,1.0,1,1.0,1,0.123517414442808,49
2171,2,3439,1654,1785,0,0,0,1.0,1,1.0,1,1.0,1,0.14205532471039273,51
2172,2,3441,1655,1786,0,0,0,1.0,1,1.0,1,1.0,1,0.09508204011355623,52
2173,1,3442,1656,1786,0,0,0,1.0,1,1.0,1,1.0,1,0.12574296765669213,52
2174,1,3443,1656,1787,0,0,0,1.0,1,1.0,1,1.0,1,0.09924145744859462,52
2175,0,3443,1656,1787,0,0,0,1.0,1,1.0,1,1.0,1,0.11026398593767926,53
2176,2,3445,1657,1788,0,0,0,1.0,1,1.0,1,1.0,1,0.11220218817437855,54
2177,3,3448,1659,1789,0,0,0,1.0,1,1.0,1,1.0,1,0.15975538941920428,55
2178,2,3450,1660,1790,0,0,0,1.0,1,1.0,1,1.0,1,0.1474843271243812,54
2179,1,3451,1661,1790,0,0,0,1.0,1,1.0,1,1.0,1,0.16532778059456385,52
2180,3,3454,1663,1791,0,0,0,1.0,1,1.0,1,1.0,1,0.1633597641784269,51
2181,0,3454,1663,1791,0,0,0,1.0,1,1.0,1,1.0,1,0.14365181338771243,49
2182,4,3458,1666,1792,0,0,0,1.0,1,1.0,1,1.0,1,0.22020849623048314,49
2183,4,3462,1669,1793,0,0,0,1.0,1,1.0,1,1.0,1,0.24904794917838502,46
2184,4,3466,1671,1795,0,0,0,1.0,1,1.0,1,1.0,1,0.26592132067545166,45
2185,4,3470,1671,1799,0,0,0,1.0,1,1.0,1,1.0,1,0.20541875957321706,44
2186,2,3472,1673,1799,0,0,0,1.0,1,1.0,1,1.0,1,0.18409174199904985,42
2187,3,3475,1676,1799,0,0,0,1.0,1,1.0,1,1.0,1,0.25442791597487624,40
2188,4,3479,1679,1800,0,0,0,1.0,1,1.0,1,1.0,1,0.24851622376100882,38
2189,2,3481,1680,1801,0,0,0,1.0,1,1.0,1,1.0,1,0.23455281890991342,36
2190,2,3483,1682,1801,0,0,0,1.0,1,1.0,1,1.0,1,0.28477533649060494,34
2191,5,3488,1684,1804,0,0,0,1.0,1,1.0,1,1.0,1,0.1759302388429604,34
2192,3,3491,1686,1805,0,0,0,1.0,1,1.0,1,1.0,1,0.1883975274876114,33
2193,0,3491,1686,1805,0,0,0,1.0,1,1.0,1,1.0,1,0.20654450672900082,32
2194,2,3493,1687,1806,0,0,0,1.0,1,1.0,1,1.0,1,0.16782762593980716,32
2195,0,3493,1687,1806,0,0,0,1.0,1,1.0,1,1.0,1,0.1898725465375154,31
2196,2,3495,1688,1807,0,0,0,1.0,1,1.0,1,1.0,1,0.1905351864014593,32
2197,1,3496,1688,1808,0,0,0,1.0,1,1.0,1,1.0,1,0.16915226858826526,31
2198,0,3496,1688,1808,0,0,0,1.0,1,1.0,1,1.0,1,0.16915226858826526,31
2199,1,3497,1689,1808,0,0,0,1.0,1,1.0,1,1.0,1,0.1538362997137828,32
2200,1,3498,1689,1809,0,0,0,1.0,1,1.0,1,1.0,1,0.18685991683588848,35
2201,0,3498,1689,1809,0,0,0,1.0,1,1.0,1,1.0,1,0.1807558306475105,36
2202,2,3500,1691,1809,0,0,0,1.0,1,1.0,1,1.0,1,0.16289573721436995,36
2203,0,3500,1691,1809,0,0,0,1.0,1,1.0,1,1.0,1,0.17226394367358275,37
2204,1,3501,1692,1809,0,0,0,1.0,1,1.0,1,1.0,1,0.2249950257794917,36
2205,0,3501,1692,1809,0,0,0,1.0,1,1.0,1,1.0,1,0.23120199767989913,37
2206,3,3504,1694,1810,0,0,0,1.0,1,1.0,1,1.0,1,0.2743801231491949,35
2207,4,3508,1695,1813,0,0,0,1.0,1,1.0,1,1.0,1,0.2630217270720183,37
2208,0,3508,1695,1813,0,0,0,1.0,1,1.0,1,1.0,1,0.25095071534933155,36
2209,2,3510,1696,1814,0,0,0,1.0,1,1.0,1,1.0,1,0.251189248949282,35
2210,1,3511,1696,1815,0,0,0,1.0,1,1.0,1,1.0,1,0.24271443088419137,38
2211,0,3511,1696,1815,0,0,0,1.0,1,1.0,1,1.0,1,0.26480056513550415,37
2212,1,3512,1696,1816,0,0,0,1.0,1,1.0,1,1.0,1,0.24987696279501903,38
2213,1,3513,1697,1816,0,0,0,1.0,1,1.0,1,1.0,1,0.24464373438826156,38
2214,1,3514,1697,1817,0,0,0,1.0,1,1.0,1,1.0,1,0.22626501283436498,39
2215,1,3515,1698,1817,0,0,0,1.0,1,1.0,1,1.0,1,0.2226556772318223,39
2216,1,3516,1699,1817,0,0,0,1.0,1,1.0,1,1.0,1,0.2518459320874018,39
2217,2,3518,1700,1818,0,0,0,1.0,1,1.0,1,1.0,1,0.18161827967581587,38
2218,2,3520,1702,1818,0,0,0,1.0,1,1.0,1,1.0,1,0.18555434439761334,37
2219,1,3521,1703,1818,0,0,0,1.0,1,1.0,1,1.0,1,0.20996969589148837,36
2220,1,3522,1703,1819,0,0,0,1.0,1,1.0,1,1.0,1,0.21729274227883777,34
2221,2,3524,1705,1819,0,0,0,1.0,1,1.0,1,1.0,1,0.24076111206568862,35
2222,1,3525,1705,1820,0,0,0,1.0,1,1.0,1,1.0,1,0.21789324396816584,33
2223,3,3528,1707,1821,0,0,0,1.0,1,1.0,1,1.0,1,0.20566261499523747,34
2224,1,3529,1708,1821,0,0,0,1.0,1,1.0,1,1.0,1,0.16084264983058505,32
2225,4,3533,1711,1822,0,0,0,1.0,1,1.0,1,1.0,1,0.2178941137915794,33
2226,2,3535,1713,1822,0,0,0,1.0,1,1.0,1,1.0,1,0.296179878543721,32
2227,1,3536,1713,1823,0,0,0,1.0,1,1.0,1,1.0,1,0.2002343585014205,31
2228,2,3538,1714,1824,0,0,0,1.0,1,1.0,1,1.0,1,0.1668221036937104,32
2229,0,3538,1714,1824,0,0,0,1.0,1,1.0,1,1.0,1,0.1668221036937104,32
2230,0,3538,1714,1824,0,0,0,1.0,1,1.0,1,1.0,1,0.1940870318884616,31
2231,1,3539,1714,1825,0,0,0,1.0,1,1.0,1,1.0,1,0.1557891313765909,32
2232,0,3539,1714,1825,0,0,0,1.0,1,1.0,1,1.0,1,0.16778150202182834,32
2233,1,3540,1714,1826,0,0,0,1.0,1,1.0,1,1.0,1,0.17337754790651955,31
2234,1,3541,1715,1826,0,0,0,1.0,1,1.0,1,1.0,1,0.24152032458090572,32
2235,0,3541,1715,1826,0,0,0,1.0,1,1.0,1,1.0,1,0.28337433018694763,31
2236,2,3543,1716,1827,0,0,0,1.0,1,1.0,1,1.0,1,0.28727141405708134,31
2237,1,3544,1717,1827,0,0,0,1.0,1,1.0,1,1.0,1,0.33549986908594637,31
2238,4,3548,1718,1830,0,0,0,1.0,1,1.0,1,1.0,1,0.31222750407031946,31
2239,1,3549,1718,1831,0,0,0,1.0,1,1.0,1,1.0,1,0.2717273089553538,31
2240,3,3552,1720,1832,0,0,0,1.0,1,1.0,1,1.0,1,0.2517529865141313,32
2241,1,3553,1721,1832,0,0,0,1.0,1,1.0,1,1.0,1,0.27386610009759393,32
2242,3,3556,1723,1833,0,0,0,1.0,1,1.0,1,1.0,1,0.22789918345340632,34
2243,0,3556,1723,1833,0,0,0,1.0,1,1.0,1,1.0,1,0.22789918345340632,34
2244,2,3558,1723,1835,0,0,0,1.0,1,1.0,1,1.0,1,0.18245641710408836,36
2245,0,3558,1723,1835,0,0,0,1.0,1,1.0,1,1.0,1,0.18245641710408836,36
2246,1,3559,1723,1836,0,0,0,1.0,1,1.0,1,1.0,1,0.19072473594522837,39
2247,0,3559,1723,1836,0,0,0,1.0,1,1.0,1,1.0,1,0.19421345381917604,40
2248,0,3559,1723,1836,0,0,0,1.0,1,1.0,1,1.0,1,0.19421345381917604,40
2249,0,3559,1723,1836,0,0,0,1.0,1,1.0,1,1.0,1,0.19070076889597928,41
2250,0,3559,1723,1836,0,0,0,1.0,1,1.0,1,1.0,1,0.19070076889597928,41
2251,0,3559,1723,1836,0,0,0,1.0,1,1.0,1,1.0,1,0.21006707060565694,42
2252,3,3562,1724,1838,0,0,0,1.0,1,1.0,1,1.0,1,0.22070204145346212,41
2253,0,3562,1724,1838,0,0,0,1.0,1,1.0,1,1.0,1,0.20728336894762145,40
2254,1,3563,1725,1838,0,0,0,1.0,1,1.0,1,1.0,1,0.2536547220385559,39
2255,0,3563,1725,1838,0,0,0,1.0,1,1.0,1,1.0,1,0.2529932843049277,39
2256,4,3567,1729,1838,0,0,0,1.0,1,1.0,1,1.0,1,0.29743536966260165,40
2257,5,3572,1731,1841,0,0,0,1.0,1,1.0,1,1.0,1,0.2732986547842667,40
2258,1,3573,1732,1841,0,0,0,1.0,1,1.0,1,1.0,1,0.2518088881632927,39
2259,3,3576,1734,1842,0,0,0,1.0,1,1.0,1,1.0,1,0.22296036116393617,41
2260,1,3577,1735,1842,0,0,0,1.0,1,1.0,1,1.0,1,0.2108483547046409,38
2261,1,3578,1736,1842,0,0,0,1.0,1,1.0,1,1.0,1,0.21658663173175355,38
2262,2,3580,1738,1842,0,0,0,1.0,1,1.0,1,1.0,1,0.28952996759185423,36
2263,6,3586,1742,1844,0,0,0,1.0,1,1.0,1,1.0,1,0.2958522144594248,35
2264,2,3588,1744,1844,0,0,0,1.0,1,1.0,1,1.0,1,0.32251352763949614,33
2265,1,3589,1744,1845,0,0,0,1.0,1,1.0,1,1.0,1,0.272331760751273,33
2266,2,3591,1745,1846,0,0,0,1.0,1,1.0,1,1.0,1,0.22522228543811615,33
2267,4,3595,1748,1847,0,0,0,1.0,1,1.0,1,1.0,1,0.23545157689381824,33
2268,6,3601,1750,1851,0,0,0,1.0,1,1.0,1,1.0,1,0.1181330084928989,35
2269,2,3603,1752,1851,0,0,0,1.0,1,1.0,1,1.0,1,0.2050698475885388,36
2270,1,3604,1752,1852,0,0,0,1.0,1,1.0,1,1.0,1,0.16338631633190326,34
2271,6,3610,1757,1853,0,0,0,1.0,1,1.0,1,1.0,1,0.27186507284557354,34
2272,4,3614,1759,1855,0,0,0,1.0,1,1.0,1,1.0,1,0.17480968317004092,33
2273,0,3614,1759,1855,0,0,0,1.0,1,1.0,1,1.0,1,0.16730103178955472,32
2274,0,3614,1759,1855,0,0,0,1.0,1,1.0,1,1.0,1,0.16730103178955472,32
2275,2,3616,1760,1856,0,0,0,1.0,1,1.0,1,1.0,1,0.17042063152777365,32
2276,0,3616,1760,1856,0,0,0,1.0,1,1.0,1,1.0,1,0.20647794826154586,31
2277,1,3617,1761,1856,0,0,0,1.0,1,1.0,1,1.0,1,0.20400926664069233,30
2278,3,3620,1763,1857,0,0,0,1.0,1,1.0,1,1.0,1,0.18867146341927077,33
2279,0,3620,1763,1857,0,0,0,1.0,1,1.0,1,1.0,1,0.18867146341927077,33
2280,2,3622,1763,1859,0,0,0,1.0,1,1.0,1,1.0,1,0.20048041541656214,35
2281,0,3622,1763,1859,0,0,0,1.0,1,1.0,1,1.0,1,0.2156813238715035,36
2282,0,3622,1763,1859,0,0,0,1.0,1,1.0,1,1.0,1,0.2156813238715035,36
2283,1,3623,1764,1859,0,0,0,1.0,1,1.0,1,1.0,1,0.2050296244076628,36
2284,1,3624,1765,1859,0,0,0,1.0,1,1.0,1,1.0,1,0.24332569302788104,36
2285,0,3624,1765,1859,0,0,0,1.0,1,1.0,1,1.0,1,0.2304042365963194,37
2286,2,3626,1766,1860,0,0,0,1.0,1,1.0,1,1.0,1,0.24964678655788064,38
2287,3,3629,1766,1863,0,0,0,1.0,1,1.0,1,1.0,1,0.1694108222381993,38
2288,2,3631,1768,1863,0,0,0,1.0,1,1.0,1,1.0,1,0.2569233633849778,40
2289,1,3632,1768,1864,0,0,0,1.0,1,1.0,1,1.0,1,0.25529355522637104,40
2290,3,3635,1769,1866,0,0,0,1.0,1,1.0,1,1.0,1,0.2618836200295066,39
2291,1,3636,1770,1866,0,0,0,1.0,1,1.0,1,1.0,1,0.24262567777356184,37
2292,1,3637,1771,1866,0,0,0,1.0,1,1.0,1,1.0,1,0.2821507187589766,35
2293,1,3638,1772,1866,0,0,0,1.0,1,1.0,1,1.0,1,0.3244790986830161,35
2294,2,3640,1773,1867,0,0,0,1.0,1,1.0,1,1.0,1,0.30121368624931116,35
2295,0,3640,1773,1867,0,0,0,1.0,1,1.0,1,1.0,1,0.30879257016248307,36
2296,0,3640,1773,1867,0,0,0,1.0,1,1.0,1,1.0,1,0.27249103175534084,34
2297,0,3640,1773,1867,0,0,0,1.0,1,1.0,1,1.0,1,0.29403568804381774,35
2298,1,3641,1774,1867,0,0,0,1.0,1,1.0,1,1.0,1,0.34707324281092083,34
2299,4,3645,1776,1869,0,0,0,1.0,1,1.0,1,1.0,1,0.31348396022483827,35
2300,0,3645,1776,1869,0,0,0,1.0,1,1.0,1,1.0,1,0.31348396022483827,35
2301,0,3645,1776,1869,0,0,0,1.0,1,1.0,1,1.0,1,0.31348396022483827,35
2302,4,3649,1779,1870,0,0,0,1.0,1,1.0,1,1.0,1,0.36971469608351754,37
2303,0,3649,1779,1870,0,0,0,1.0,1,1.0,1,1.0,1,0.33234055672285984,35
2304,4,3653,1781,1872,0,0,0,1.0,1,1.0,1,1.0,1,0.39924883648175,36
2305,1,3654,1781,1873,0,0,0,1.0,1,1.0,1,1.0,1,0.3393260458737437,34
2306,0,3654,1781,1873,0,0,0,1.0,1,1.0,1,1.0,1,0.3556441662377269,35
2307,3,3657,1781,1876,0,0,0,1.0,1,1.0,1,1.0,1,0.30685350261011807,35
2308,0,3657,1781,1876,0,0,0,1.0,1,1.0,1,1.0,1,0.30685350261011807,35
2309,0,3657,1781,1876,0,0,0,1.0,1,1.0,1,1.0,1,0.3185018422244488,34
2310,0,3657,1781,1876,0,0,0,1.0,1,1.0,1,1.0,1,0.32536248393287914,36
2311,1,3658,1781,1877,0,0,0,1.0,1,1.0,1,1.0,1,0.31799374741620606,38
2312,4,3662,1783,1879,0,0,0,1.0,1,1.0,1,1.0,1,0.32705555796382146,39
2313,2,3664,1785,1879,0,0,0,1.0,1,1.0,1,1.0,1,0.2926102471031296,39
2314,1,3665,1785,1880,0,0,0,1.0,1,1.0,1,1.0,1,0.283776805161408,39
2315,7,3672,1787,1885,0,0,0,1.0,1,1.0,1,1.0,1,0.21147568275280837,40
2316,2,3674,1787,1887,0,0,0,1.0,1,1.0,1,1.0,1,0.17004621541050893,40
2317,1,3675,1788,1887,0,0,0,1.0,1,1.0,1,1.0,1,0.2183536087814881,41
2318,1,3676,1789,1887,0,0,0,1.0,1,1.0,1,1.0,1,0.22292147866314932,41
2319,1,3677,1789,1888,0,0,0,1.0,1,1.0,1,1.0,1,0.20470446529739417,41
2320,0,3677,1789,1888,0,0,0,1.0,1,1.0,1,1.0,1,0.22541980419393107,42
2321,0,3677,1789,1888,0,0,0,1.0,1,1.0,1,1.0,1,0.21059878299727827,43
2322,1,3678,1790,1888,0,0,0,1.0,1,1.0,1,1.0,1,0.24525180076257763,42
2323,2,3680,1790,1890,0,0,0,1.0,1,1.0,1,1.0,1,0.22812472473361098,43
2324,3,3683,1791,1892,0,0,0,1.0,1,1.0,1,1.0,1,0.22819276787061965,44
2325,1,3684,1791,1893,0,0,0,1.0,1,1.0,1,1.0,1,0.20894577682916632,44
2326,0,3684,1791,1893,0,0,0,1.0,1,1.0,1,1.0,1,0.20525631002971317,45
2327,0,3684,1791,1893,0,0,0,1.0,1,1.0,1,1.0,1,0.20525631002971317,45
2328,1,3685,1791,1894,0,0,0,1.0,1,1.0,1,1.0,1,0.19662463200487462,46
2329,2,3687,1792,1895,0,0,0,1.0,1,1.0,1,1.0,1,0.2019943984957915,45
2330,0,3687,1792,1895,0,0,0,1.0,1,1.0,1,1.0,1,0.19159135023989252,47
2331,1,3688,1792,1896,0,0,0,1.0,1,1.0,1,1.0,1,0.19088390142753822,48
2332,1,3689,1792,1897,0,0,0,1.0,1,1.0,1,1.0,1,0.16713216683372392,48
2333,1,3690,1793,1897,0,0,0,1.0,1,1.0,1,1.0,1,0.20528193451391394,49
2334,1,3691,1794,1897,0,0,0,1.0,1,1.0,1,1.0,1,0.2408730295324865,47
2335,2,3693,1795,1898,0,0,0,1.0,1,1.0,1,1.0,1,0.2724190168739317,46
2336,4,3697,1795,1902,0,0,0,1.0,1,1.0,1,1.0,1,0.23853694549796586,46
2337,0,3697,1795,1902,0,0,0,1.0,1,1.0,1,1.0,1,0.2259355514413017,45
2338,2,3699,1796,1903,0,0,0,1.0,1,1.0,1,1.0,1,0.19622472282759038,44
2339,1,3700,1797,1903,0,0,0,1.0,1,1.0,1,1.0,1,0.18225609312397578,45
2340,1,3701,1798,1903,0,0,0,1.0,1,1.0,1,1.0,1,0.20024837944348678,44
2341,1,3702,1798,1904,0,0,0,1.0,1,1.0,1,1.0,1,0.1948794182075682,45
2342,2,3704,1800,1904,0,0,0,1.0,1,1.0,1,1.0,1,0.18417529431737048,47
2343,2,3706,1801,1905,0,0,0,1.0,1,1.0,1,1.0,1,0.1693053678049586,46
2344,0,3706,1801,1905,0,0,0,1.0,1,1.0,1,1.0,1,0.19892430915297332,46
2345,0,3706,1801,1905,0,0,0,1.0,1,1.0,1,1.0,1,0.21411379393714086,45
2346,0,3706,1801,1905,0,0,0,1.0,1,1.0,1,1.0,1,0.20062331538716532,46
2347,0,3706,1801,1905,0,0,0,1.0,1,1.0,1,1.0,1,0.2104823623720554,47
2348,3,3709,1802,1907,0,0,0,1.0,1,1.0,1,1.0,1,0.1937184316518113,49
2349,1,3710,1803,1907,0,0,0,1.0,1,1.0,1,1.0,1,0.22011070225099433,49
2350,1,3711,1804,1907,0,0,0,1.0,1,1.0,1,1.0,1,0.23643006932878627,50
2351,2,3713,1805,1908,0,0,0,1.0,1,1.0,1,1.0,1,0.24045155564267007,50
2352,1,3714,1805,1909,0,0,0,1.0,1,1.0,1,1.0,1,0.23363863153149447,51
2353,2,3716,1805,1911,0,0,0,1.0,1,1.0,1,1.0,1,0.19203364776785212,51
2354,0,3716,1805,1911,0,0,0,1.0,1,1.0,1,1.0,1,0.20950695307361053,51
2355,2,3718,1806,1912,0,0,0,1.0,1,1.0,1,1.0,1,0.23599566022760735,50
2356,1,3719,1807,1912,0,0,0,1.0,1,1.0,1,1.0,1,0.21551064873344955,50
2357,0,3719,1807,1912,0,0,0,1.0,1,1.0,1,1.0,1,0.2263395506089304,49
2358,2,3721,1807,1914,0,0,0,1.0,1,1.0,1,1.0,1,0.19890679327026553,51
2359,2,3723,1807,1916,0,0,0,1.0,1,1.0,1,1.0,1,0.16069699775341048,51
2360,0,3723,1807,1916,0,0,0,1.0,1,1.0,1,1.0,1,0.16069699775341048,51
2361,2,3725,1808,1917,0,0,0,1.0,1,1.0,1,1.0,1,0.18924991912465614,52
2362,2,3727,1809,1918,0,0,0,1.0,1,1.0,1,1.0,1,0.18658038769781096,53
2363,2,3729,1810,1919,0,0,0,1.0,1,1.0,1,1.0,1,0.19185738792661444,54
2364,1,3730,1811,1919,0,0,0,1.0,1,1.0,1,1.0,1,0.18832035919551077,55
2365,3,3733,1814,1919,0,0,0,1.0,1,1.0,1,1.0,1,0.23153359875090637,53
2366,4,3737,1816,1921,0,0,0,1.0,1,1.0,1,1.0,1,0.19858129348156645,53
2367,2,3739,1818,1921,0,0,0,1.0,1,1.0,1,1.0,1,0.22563257302652862,51
2368,6,3745,1821,1924,0,0,0,1.0,1,1.0,1,1.0,1,0.18391936154918556,50
2369,2,3747,1822,1925,0,0,0,1.0,1,1.0,1,1.0,1,0.19287169561442835,47
2370,0,3747,1822,1925,0,0,0,1.0,1,1.0,1,1.0,1,0.2233510160292744,48
2371,1,3748,1822,1926,0,0,0,1.0,1,1.0,1,1.0,1,0.21695140439719607,49
2372,1,3749,1822,1927,0,0,0,1.0,1,1.0,1,1.0,1,0.19668311409231368,48
2373,1,3750,1823,1927,0,0,0,1.0,1,1.0,1,1.0,1,0.20611787722005148,49
2374,1,3751,1823,1928,0,0,0,1.0,1,1.0,1,1.0,1,0.1928615244133715,50
2375,3,3754,1826,1928,0,0,0,1.0,1,1.0,1,1.0,1,0.23035038361545784,50
2376,0,3754,1826,1928,0,0,0,1.0,1,1.0,1,1.0,1,0.22991730963111762,50
2377,0,3754,1826,1928,0,0,0,1.0,1,1.0,1,1.0,1,0.23094821202622962,49
2378,0,3754,1826,1928,0,0,0,1.0,1,1.0,1,1.0,1,0.23094821202622962,49
2379,1,3755,1827,1928,0,0,0,1.0,1,1.0,1,1.0,1,0.2681963789370922,50
2380,1,3756,1828,1928,0,0,0,1.0,1,1.0,1,1.0,1,0.28688790203896875,50
2381,1,3757,1829,1928,0,0,0,1.0,1,1.0,1,1.0,1,0.31405292370838495,51
2382,2,3759,1830,1929,0,0,0,1.0,1,1.0,1,1.0,1,0.31829308372965837,51
2383,7,3766,1831,1935,0,0,0,1.0,1,1.0,1,1.0,1,0.2453668604977301,52
2384,0,3766,1831,1935,0,0,0,1.0,1,1.0,1,1.0,1,0.22988580161804945,52
2385,2,3768,1833,1935,0,0,0,1.0,1,1.0,1,1.0,1,0.24642128951496392,51
2386,3,3771,1834,1937,0,0,0,1.0,1,1.0,1,1.0,1,0.24680961432951332,52
2387,1,3772,1835,1937,0,0,0,1.0,1,1.0,1,1.0,1,0.2634237478998748,49
2388,1,3773,1836,1937,0,0,0,1.0,1,1.0,1,1.0,1,0.2666659426849011,48
2389,3,3776,1838,1938,0,0,0,1.0,1,1.0,1,1.0,1,0.2735840300032194,48
2390,3,3779,1839,1940,0,0,0,1.0,1,1.0,1,1.0,1,0.24966830156218095,49
2391,2,3781,1840,1941,0,0,0,1.0,1,1.0,1,1.0,1,0.23384503661119457,48
2392,3,3784,1843,1941,0,0,0,1.0,1,1.0,1,1.0,1,0.22557470422799067,49
2393,2,3786,1844,1942,0,0,0,1.0,1,1.0,1,1.0,1,0.22964894611077852,50
2394,4,3790,1848,1942,0,0,0,1.0,1,1.0,1,1.0,1,0.27152845599861936,50
2395,4,3794,1850,1944,0,0,0,1.0,1,1.0,1,1.0,1,0.24033452816643427,49
2396,2,3796,1850,1946,0,0,0,1.0,1,1.0,1,1.0,1,0.23091812002106937,50
2397,1,3797,1851,1946,0,0,0,1.0,1,1.0,1,1.0,1,0.2368705015779316,51
2398,5,3802,1854,1948,0,0,0,1.0,1,1.0,1,1.0,1,0.2161889595216887,49
2399,1,3803,1854,1949,0,0,0,1.0,1,1.0,1,1.0,1,0.19870127361179107,50
2400,0,3803,1854,1949,0,0,0,1.0,1,1.0,1,1.0,1,0.2109893257716243,51
2401,0,3803,1854,1949,0,0,0,1.0,1,1.0,1,1.0,1,0.2166307706479353,50
2402,0,3803,1854,1949,0,0,0,1.0,1,1.0,1,1.0,1,0.21275601344791548,51
2403,0,3803,1854,1949,0,0,0,1.0,1,1.0,1,1.0,1,0.21240494003567506,52
2404,1,3804,1854,1950,0,0,0,1.0,1,1.0,1,1.0,1,0.20541345917473042,53
2405,0,3804,1854,1950,0,0,0,1.0,1,1.0,1,1.0,1,0.20749268504821494,52
2406,1,3805,1855,1950,0,0,0,1.0,1,1.0,1,1.0,1,0.2206109128538398,52
2407,0,3805,1855,1950,0,0,0,1.0,1,1.0,1,1.0,1,0.2509445770521319,51
2408,1,3806,1856,1950,0,0,0,1.0,1,1.0,1,1.0,1,0.26526189746142087,50
2409,0,3806,1856,1950,0,0,0,1.0,1,1.0,1,1.0,1,0.2764101204183844,50
2410,2,3808,1858,1950,0,0,0,1.0,1,1.0,1,1.0,1,0.31960547107927323,49
2411,3,3811,1858,1953,0,0,0,1.0,1,1.0,1,1.0,1,0.2926641500724776,48
2412,0,3811,1858,1953,0,0,0,1.0,1,1.0,1,1.0,1,0.31043242935376314,47
2413,3,3814,1858,1956,0,0,0,1.0,1,1.0,1,1.0,1,0.269225575772679,47
2414,2,3816,1859,1957,0,0,0,1.0,1,1.0,1,1.0,1,0.3073716520779158,47
2415,0,3816,1859,1957,0,0,0,1.0,1,1.0,1,1.0,1,0.31658530440790317,46
2416,2,3818,1859,1959,0,0,0,1.0,1,1.0,1,1.0,1,0.2808393929365598,47
2417,1,3819,1859,1960,0,0,0,1.0,1,1.0,1,1.0,1,0.2775218794181546,46
2418,3,3822,1860,1962,0,0,0,1.0,1,1.0,1,1.0,1,0.2713241993624558,48
2419,2,3824,1861,1963,0,0,0,1.0,1,1.0,1,1.0,1,0.2527728129286975,47
2420,2,3826,1862,1964,0,0,0,1.0,1,1.0,1,1.0,1,0.22777495220030028,49
2421,1,3827,1863,1964,0,0,0,1.0,1,1.0,1,1.0,1,0.22819391698906724,50
2422,3,3830,1865,1965,0,0,0,1.0,1,1.0,1,1.0,1,0.20090178613613216,50
2423,1,3831,1865,1966,0,0,0,1.0,1,1.0,1,1.0,1,0.1928291135473493,51
2424,2,3833,1867,1966,0,0,0,1.0,1,1.0,1,1.0,1,0.17523328843556524,50
2425,2,3835,1867,1968,0,0,0,1.0,1,1.0,1,1.0,1,0.15846220537924735,48
2426,4,3839,1870,1969,0,0,0,1.0,1,1.0,1,1.0,1,0.20411216442299226,51
2427,2,3841,1872,1969,0,0,0,1.0,1,1.0,1,1.0,1,0.22467923174876026,50
2428,2,3843,1873,1970,0,0,0,1.0,1,1.0,1,1.0,1,0.1804359716604168,49
2429,2,3845,1875,1970,0,0,0,1.0,1,1.0,1,1.0,1,0.24188316378509403,49
2430,0,3845,1875,1970,0,0,0,1.0,1,1.0,1,1.0,1,0.23813513375395776,46
2431,2,3847,1875,1972,0,0,0,1.0,1,1.0,1,1.0,1,0.21861513900342344,45
2432,2,3849,1876,1973,0,0,0,1.0,1,1.0,1,1.0,1,0.2671696984002177,44
2433,0,3849,1876,1973,0,0,0,1.0,1,1.0,1,1.0,1,0.24325926372420256,45
2434,2,3851,1877,1974,0,0,0,1.0,1,1.0,1,1.0,1,0.2455587598353996,44
2435,0,3851,1877,1974,0,0,0,1.0,1,1.0,1,1.0,1,0.2455587598353996,44
2436,1,3852,1877,1975,0,0,0,1.0,1,1.0,1,1.0,1,0.2021742193224357,44
2437,2,3854,1878,1976,0,0,0,1.0,1,1.0,1,1.0,1,0.18918100736249743,45
2438,1,3855,1879,1976,0,0,0,1.0,1,1.0,1,1.0,1,0.22741541965793952,45
2439,2,3857,1879,1978,0,0,0,1.0,1,1.0,1,1.0,1,0.2116029041649678,46
2440,1,3858,1879,1979,0,0,0,1.0,1,1.0,1,1.0,1,0.2070866607698037,45
2441,3,3861,1881,1980,0,0,0,1.0,1,1.0,1,1.0,1,0.2102357560891314,45
2442,0,3861,1881,1980,0,0,0,1.0,1,1.0,1,1.0,1,0.21046280854330968,46
2443,4,3865,1881,1984,0,0,0,1.0,1,1.0,1,1.0,1,0.20906380139724026,45
2444,5,3870,1885,1985,0,0,0,1.0,1,1.0,1,1.0,1,0.30778512594591556,46
2445,1,3871,1885,1986,0,0,0,1.0,1,1.0,1,1.0,1,0.3478012726429527,44
2446,3,3874,1887,1987,0,0,0,1.0,1,1.0,1,1.0,1,0.33523472803644766,44
2447,2,3876,1888,1988,0,0,0,1.0,1,1.0,1,1.0,1,0.2919133157877936,42
2448,4,3880,1891,1989,0,0,0,1.0,1,1.0,1,1.0,1,0.2705864864743841,41
2449,1,3881,1892,1989,0,0,0,1.0,1,1.0,1,1.0,1,0.2660308142665871,40
2450,5,3886,1896,1990,0,0,0,1.0,1,1.0,1,1.0,1,0.27399043631430553,42
2451,0,3886,1896,1990,0,0,0,1.0,1,1.0,1,1.0,1,0.2687925396571689,43
2452,2,3888,1896,1992,0,0,0,1.0,1,1.0,1,1.0,1,0.21207012581313747,43
2453,0,3888,1896,1992,0,0,0,1.0,1,1.0,1,1.0,1,0.22646401509645772,45
2454,2,3890,1898,1992,0,0,0,1.0,1,1.0,1,1.0,1,0.26105426516285773,47
2455,1,3891,1898,1993,0,0,0,1.0,1,1.0,1,1.0,1,0.2472682083586804,48
2456,1,3892,1899,1993,0,0,0,1.0,1,1.0,1,1.0,1,0.2732967402505317,49
2457,2,3894,1900,1994,0,0,0,1.0,1,1.0,1,1.0,1,0.3282408823125652,48
2458,2,3896,1900,1996,0,0,0,1.0,1,1.0,1,1.0,1,0.2679250582053589,49
2459,2,3898,1900,1998,0,0,0,1.0,1,1.0,1,1.0,1,0.25321438307151645,49
2460,2,3900,1902,1998,0,0,0,1.0,1,1.0,1,1.0,1,0.28170461234576166,50
2461,1,3901,1902,1999,0,0,0,1.0,1,1.0,1,1.0,1,0.2721202652401427,50
2462,3,3904,1904,2000,0,0,0,1.0,1,1.0,1,1.0,1,0.31398619624239854,51
2463,2,3906,1904,2002,0,0,0,1.0,1,1.0,1,1.0,1,0.2780210102595776,51
2464,2,3908,1905,2003,0,0,0,1.0,1,1.0,1,1.0,1,0.2534156903677702,50
2465,0,3908,1905,2003,0,0,0,1.0,1,1.0,1,1.0,1,0.2574663480518247,49
2466,1,3909,1906,2003,0,0,0,1.0,1,1.0,1,1.0,1,0.2527641735630563,49
2467,0,3909,1906,2003,0,0,0,1.0,1,1.0,1,1.0,1,0.2687318613798908,48
2468,3,3912,1909,2003,0,0,0,1.0,1,1.0,1,1.0,1,0.2899941376350477,47
2469,1,3913,1910,2003,0,0,0,1.0,1,1.0,1,1.0,1,0.2716275735040121,46
2470,5,3918,1911,2007,0,0,0,1.0,1,1.0,1,1.0,1,0.21735774476416392,44
2471,1,3919,1912,2007,0,0,0,1.0,1,1.0,1,1.0,1,0.23061412872752834,44
2472,2,3921,1912,2009,0,0,0,1.0,1,1.0,1,1.0,1,0.23835481239376596,44
2473,5,3926,1914,2012,0,0,0,1.0,1,1.0,1,1.0,1,0.20583355261146483,43
2474,2,3928,1916,2012,0,0,0,1.0,1,1.0,1,1.0,1,0.249677013607408,44
2475,3,3931,1918,2013,0,0,0,1.0,1,1.0,1,1.0,1,0.2100254766942079,46
2476,1,3932,1918,2014,0,0,0,1.0,1,1.0,1,1.0,1,0.17328012468435403,46
2477,0,3932,1918,2014,0,0,0,1.0,1,1.0,1,1.0,1,0.17328012468435403,46
2478,0,3932,1918,2014,0,0,0,1.0,1,1.0,1,1.0,1,0.17328012468435403,46
2479,0,3932,1918,2014,0,0,0,1.0,1,1.0,1,1.0,1,0.17328012468435403,46
2480,2,3934,1919,2015,0,0,0,1.0,1,1.0,1,1.0,1,0.17344136164646917,47
2481,2,3936,1921,2015,0,0,0,1.0,1,1.0,1,1.0,1,0.18986877294675314,47
2482,2,3938,1922,2016,0,0,0,1.0,1,1.0,1,1.0,1,0.20882881412581838,45
2483,0,3938,1922,2016,0,0,0,1.0,1,1.0,1,1.0,1,0.21237829457682653,45
2484,2,3940,1923,2017,0,0,0,1.0,1,1.0,1,1.0,1,0.2318662434443192,46
2485,1,3941,1924,2017,0,0,0,1.0,1,1.0,1,1.0,1,0.22958423405757408,44
2486,1,3942,1924,2018,0,0,0,1.0,1,1.0,1,1.0,1,0.19006093496284585,43
2487,2,3944,1925,2019,0,0,0,1.0,1,1.0,1,1.0,1,0.20120556345742077,44
2488,2,3946,1926,2020,0,0,0,1.0,1,1.0,1,1.0,1,0.17510386346363008,45
2489,0,3946,1926,2020,0,0,0,1.0,1,1.0,1,1.0,1,0.19066591775709357,44
2490,1,3947,1927,2020,0,0,0,1.0,1,1.0,1,1.0,1,0.21775400520761423,44
2491,2,3949,1928,2021,0,0,0,1.0,1,1.0,1,1.0,1,0.19968533874732605,44
2492,2,3951,1930,2021,0,0,0,1.0,1,1.0,1,1.0,1,0.23402979122278056,44
2493,1,3952,1931,2021,0,0,0,1.0,1,1.0,1,1.0,1,0.2793984996732411,42
2494,1,3953,1931,2022,0,0,0,1.0,1,1.0,1,1.0,1,0.24782608544610452,42
2495,2,3955,1931,2024,0,0,0,1.0,1,1.0,1,1.0,1,0.20163850063340666,42
2496,1,3956,1932,2024,0,0,0,1.0,1,1.0,1,1.0,1,0.22078049838095332,42
2497,2,3958,1933,2025,0,0,0,1.0,1,1.0,1,1.0,1,0.23071053308093487,44
2498,0,3958,1933,2025,0,0,0,1.0,1,1.0,1,1.0,1,0.24939070702636837,43
2499,1,3959,1934,2025,0,0,0,1.0,1,1.0,1,1.0,1,0.21844110476025733,43
2500,2,3961,1936,2025,0,0,0,1.0,1,1.0,1,1.0,1,0.22971829268637967,44
2501,2,3963,1936,2027,0,0,0,1.0,1,1.0,1,1.0,1,0.2076266129535362,46
2502,1,3964,1937,2027,0,0,0,1.0,1,1.0,1,1.0,1,0.20449236759562137,47
2503,2,3966,1938,2028,0,0,0,1.0,1,1.0,1,1.0,1,0.2187997244167382,47
2504,3,3969,1939,2030,0,0,0,1.0,1,1.0,1,1.0,1,0.2227478741065657,46
2505,3,3972,1942,2030,0,0,0,1.0,1,1.0,1,1.0,1,0.22876392834878773,46
2506,3,3975,1944,2031,0,0,0,1.0,1,1.0,1,1.0,1,0.22097492733487897,45
2507,1,3976,1945,2031,0,0,0,1.0,1,1.0,1,1.0,1,0.25084336938440366,45
2508,3,3979,1946,2033,0,0,0,1.0,1,1.0,1,1.0,1,0.23333867793184251,46
2509,2,3981,1946,2035,0,0,0,1.0,1,1.0,1,1.0,1,0.2019733682393449,45
2510,3,3984,1948,2036,0,0,0,1.0,1,1.0,1,1.0,1,0.2229355724722826,46
2511,0,3984,1948,2036,0,0,0,1.0,1,1.0,1,1.0,1,0.2111631894548335,47
2512,2,3986,1949,2037,0,0,0,1.0,1,1.0,1,1.0,1,0.2092602913421143,47
2513,2,3988,1950,2038,0,0,0,1.0,1,1.0,1,1.0,1,0.1854290366641193,48
2514,1,3989,1950,2039,0,0,0,1.0,1,1.0,1,1.0,1,0.16137785677464855,48
2515,0,3989,1950,2039,0,0,0,1.0,1,1.0,1,1.0,1,0.16896130444257462,49
2516,1,3990,1951,2039,0,0,0,1.0,1,1.0,1,1.0,1,0.19029746985791626,49
2517,2,3992,1952,2040,0,0,0,1.0,1,1.0,1,1.0,1,0.1751135360835444,49
2518,3,3995,1955,2040,0,0,0,1.0,1,1.0,1,1.0,1,0.22238759046689022,48
2519,1,3996,1956,2040,0,0,0,1.0,1,1.0,1,1.0,1,0.24937103474208472,48
2520,3,3999,1957,2042,0,0,0,1.0,1,1.0,1,1.0,1,0.27168571009114395,46
2521,3,4002,1959,2043,0,0,0,1.0,1,1.0,1,1.0,1,0.2822322081422513,47
2522,1,4003,1960,2043,0,0,0,1.0,1,1.0,1,1.0,1,0.31764978874365296,45
2523,1,4004,1960,2044,0,0,0,1.0,1,1.0,1,1.0,1,0.3088624651798282,44
2524,1,4005,1960,2045,0,0,0,1.0,1,1.0,1,1.0,1,0.29861940987754737,42
2525,2,4007,1961,2046,0,0,0,1.0,1,1.0,1,1.0,1,0.3265583445180668,42
2526,0,4007,1961,2046,0,0,0,1.0,1,1.0,1,1.0,1,0.32139316904023363,41
2527,2,4009,1961,2048,0,0,0,1.0,1,1.0,1,1.0,1,0.2932267343383037,41
2528,1,4010,1961,2049,0,0,0,1.0,1,1.0,1,1.0,1,0.312011711782792,41
2529,2,4012,1962,2050,0,0,0,1.0,1,1.0,1,1.0,1,0.31993070635851073,42
2530,1,4013,1962,2051,0,0,0,1.0,1,1.0,1,1.0,1,0.3077607365724047,41
2531,0,4013,1962,2051,0,0,0,1.0,1,1.0,1,1.0,1,0.3077607365724047,41
2532,2,4015,1962,2053,0,0,0,1.0,1,1.0,1,1.0,1,0.2750344009181443,43
2533,0,4015,1962,2053,0,0,0,1.0,1,1.0,1,1.0,1,0.2750344009181443,43
2534,0,4015,1962,2053,0,0,0,1.0,1,1.0,1,1.0,1,0.2750344009181443,43
2535,1,4016,1963,2053,0,0,0,1.0,1,1.0,1,1.0,1,0.3027233945223035,44
2536,1,4017,1963,2054,0,0,0,1.0,1,1.0,1,1.0,1,0.277479527419161,44
2537,0,4017,1963,2054,0,0,0,1.0,1,1.0,1,1.0,1,0.29038327318810836,45
2538,1,4018,1963,2055,0,0,0,1.0,1,1.0,1,1.0,1,0.27352625294646327,48
2539,2,4020,1965,2055,0,0,0,1.0,1,1.0,1,1.0,1,0.2487014710512546,48
2540,3,4023,1966,2057,0,0,0,1.0,1,1.0,1,1.0,1,0.23076699569358766,50
2541,1,4024,1967,2057,0,0,0,1.0,1,1.0,1,1.0,1,0.24442894388630265,52
2542,4,4028,1969,2059,0,0,0,1.0,1,1.0,1,1.0,1,0.2463740075646635,52
2543,4,4032,1972,2060,0,0,0,1.0,1,1.0,1,1.0,1,0.2588070818625979,51
2544,6,4038,1977,2061,0,0,0,1.0,1,1.0,1,1.0,1,0.2941966532069169,51
2545,3,4041,1977,2064,0,0,0,1.0,1,1.0,1,1.0,1,0.23953386504977514,50
2546,3,4044,1979,2065,0,0,0,1.0,1,1.0,1,1.0,1,0.24839860319146337,50
2547,0,4044,1979,2065,0,0,0,1.0,1,1.0,1,1.0,1,0.2707750706485662,47
2548,1,4045,1980,2065,0,0,0,1.0,1,1.0,1,1.0,1,0.2707936122015581,46
2549,4,4049,1982,2067,0,0,0,1.0,1,1.0,1,1.0,1,0.27211257712708337,46
2550,3,4052,1984,2068,0,0,0,1.0,1,1.0,1,1.0,1,0.25946658609292583,44
2551,2,4054,1985,2069,0,0,0,1.0,1,1.0,1,1.0,1,0.24108570673280733,43
2552,1,4055,1985,2070,0,0,0,1.0,1,1.0,1,1.0,1,0.2617427433552005,43
2553,0,4055,1985,2070,0,0,0,1.0,1,1.0,1,1.0,1,0.26459720301175405,44
2554,2,4057,1987,2070,0,0,0,1.0,1,1.0,1,1.0,1,0.2870725319486432,45
2555,1,4058,1987,2071,0,0,0,1.0,1,1.0,1,1.0,1,0.29062254532560106,44
2556,2,4060,1987,2073,0,0,0,1.0,1,1.0,1,1.0,1,0.24518595238701496,44
2557,2,4062,1988,2074,0,0,0,1.0,1,1.0,1,1.0,1,0.2838806142954394,41
2558,1,4063,1989,2074,0,0,0,1.0,1,1.0,1,1.0,1,0.281084318351055,40
2559,3,4066,1989,2077,0,0,0,1.0,1,1.0,1,1.0,1,0.23447087909002717,41
2560,0,4066,1989,2077,0,0,0,1.0,1,1.0,1,1.0,1,0.23447087909002717,41
2561,0,4066,1989,2077,0,0,0,1.0,1,1.0,1,1.0,1,0.2450856558775071,43
2562,0,4066,1989,2077,0,0,0,1.0,1,1.0,1,1.0,1,0.26141933703822506,44
2563,1,4067,1989,2078,0,0,0,1.0,1,1.0,1,1.0,1,0.24321669511500554,44
2564,1,4068,1990,2078,0,0,0,1.0,1,1.0,1,1.0,1,0.2476629311670022,44
2565,4,4072,1992,2080,0,0,0,1.0,1,1.0,1,1.0,1,0.2279667377294895,45
2566,1,4073,1992,2081,0,0,0,1.0,1,1.0,1,1.0,1,0.23026358369992808,46
2567,2,4075,1993,2082,0,0,0,1.0,1,1.0,1,1.0,1,0.236504801815659,48
2568,3,4078,1995,2083,0,0,0,1.0,1,1.0,1,1.0,1,0.2700832855596546,48
2569,1,4079,1995,2084,0,0,0,1.0,1,1.0,1,1.0,1,0.26898570709737896,49
2570,0,4079,1995,2084,0,0,0,1.0,1,1.0,1,1.0,1,0.28747331706552837,48
2571,0,4079,1995,2084,0,0,0,1.0,1,1.0,1,1.0,1,0.28747331706552837,48
2572,1,4080,1995,2085,0,0,0,1.0,1,1.0,1,1.0,1,0.2648769724417204,49
2573,0,4080,1995,2085,0,0,0,1.0,1,1.0,1,1.0,1,0.25714802213388627,50
2574,2,4082,1996,2086,0,0,0,1.0,1,1.0,1,1.0,1,0.2578893987371562,49
2575,3,4085,1996,2089,0,0,0,1.0,1,1.0,1,1.0,1,0.23412640559856895,48
2576,1,4086,1996,2090,0,0,0,1.0,1,1.0,1,1.0,1,0.21334556149477032,48
2577,0,4086,1996,2090,0,0,0,1.0,1,1.0,1,1.0,1,0.23630749542823107,50
2578,0,4086,1996,2090,0,0,0,1.0,1,1.0,1,1.0,1,0.23630749542823107,50
2579,2,4088,1997,2091,0,0,0,1.0,1,1.0,1,1.0,1,0.22962734773715368,51
2580,1,4089,1998,2091,0,0,0,1.0,1,1.0,1,1.0,1,0.24985048573720467,52
2581,1,4090,1999,2091,0,0,0,1.0,1,1.0,1,1.0,1,0.27339359862123336,51
2582,3,4093,2000,2093,0,0,0,1.0,1,1.0,1,1.0,1,0.2546073174511534,51
2583,3,4096,2002,2094,0,0,0,1.0,1,1.0,1,1.0,1,0.2536023115975817,51
2584,5,4101,2005,2096,0,0,0,1.0,1,1.0,1,1.0,1,0.28313439843356686,51
2585,3,4104,2005,2099,0,0,0,1.0,1,1.0,1,1.0,1,0.22849645448388703,50
2586,2,4106,2007,2099,0,0,0,1.0,1,1.0,1,1.0,1,0.2787543803372701,50
2587,3,4109,2007,2102,0,0,0,1.0,1,1.0,1,1.0,1,0.19478406955715388,48
2588,3,4112,2009,2103,0,0,0,1.0,1,1.0,1,1.0,1,0.23963504691390689,50
2589,1,4113,2009,2104,0,0,0,1.0,1,1.0,1,1.0,1,0.19668870172403066,48
2590,3,4116,2010,2106,0,0,0,1.0,1,1.0,1,1.0,1,0.2094284262679001,47
2591,0,4116,2010,2106,0,0,0,1.0,1,1.0,1,1.0,1,0.2094284262679001,47
2592,2,4118,2011,2107,0,0,0,1.0,1,1.0,1,1.0,1,0.1997847909187112,47
2593,3,4121,2012,2109,0,0,0,1.0,1,1.0,1,1.0,1,0.20641593869330235,47
2594,4,4125,2013,2112,0,0,0,1.0,1,1.0,1,1.0,1,0.20923157588423194,49
2595,2,4127,2015,2112,0,0,0,1.0,1,1.0,1,1.0,1,0.23995058031873756,48
2596,1,4128,2016,2112,0,0,0,1.0,1,1.0,1,1.0,1,0.20579152200144923,47
2597,3,4131,2018,2113,0,0,0,1.0,1,1.0,1,1.0,1,0.19227204467550432,48
2598,3,4134,2019,2115,0,0,0,1.0,1,1.0,1,1.0,1,0.16356435432023494,48
2599,1,4135,2020,2115,0,0,0,1.0,1,1.0,1,1.0,1,0.14917855404614655,49
2600,1,4136,2020,2116,0,0,0,1.0,1,1.0,1,1.0,1,0.15662074320152672,52
2601,2,4138,2022,2116,0,0,0,1.0,1,1.0,1,1.0,1,0.21826518598963468,51
2602,4,4142,2022,2120,0,0,0,1.0,1,1.0,1,1.0,1,0.12105892181358563,52
2603,1,4143,2023,2120,0,0,0,1.0,1,1.0,1,1.0,1,0.17574760320043875,53
2604,0,4143,2023,2120,0,0,0,1.0,1,1.0,1,1.0,1,0.17574760320043875,53
2605,2,4145,2024,2121,0,0,0,1.0,1,1.0,1,1.0,1,0.19405672166242655,52
2606,2,4147,2024,2123,0,0,0,1.0,1,1.0,1,1.0,1,0.17112966701242385,52
2607,1,4148,2025,2123,0,0,0,1.0,1,1.0,1,1.0,1,0.1931653464712551,52
2608,3,4151,2025,2126,0,0,0,1.0,1,1.0,1,1.0,1,0.13891380598568637,52
2609,0,4151,2025,2126,0,0,0,1.0,1,1.0,1,1.0,1,0.13597893564606728,53
2610,1,4152,2026,2126,0,0,0,1.0,1,1.0,1,1.0,1,0.16720656083777294,54
2611,2,4154,2027,2127,0,0,0,1.0,1,1.0,1,1.0,1,0.1378121592228852,54
2612,2,4156,2029,2127,0,0,0,1.0,1,1.0,1,1.0,1,0.12108999249572144,56
2613,1,4157,2030,2127,0,0,0,1.0,1,1.0,1,1.0,1,0.11944336149574737,56
2614,1,4158,2031,2127,0,0,0,1.0,1,1.0,1,1.0,1,0.1400624718260994,56
2615,3,4161,2032,2129,0,0,0,1.0,1,1.0,1,1.0,1,0.11206013917501506,57
2616,0,4161,2032,2129,0,0,0,1.0,1,1.0,1,1.0,1,0.11206013917501506,57
2617,1,4162,2033,2129,0,0,0,1.0,1,1.0,1,1.0,1,0.1298959942654198,58
2618,1,4163,2033,2130,0,0,0,1.0,1,1.0,1,1.0,1,0.11656829155699684,58
2619,1,4164,2033,2131,0,0,0,1.0,1,1.0,1,1.0,1,0.1172000189476532,58
2620,2,4166,2034,2132,0,0,0,1.0,1,1.0,1,1.0,1,0.09968827697895614,60
2621,1,4167,2035,2132,0,0,0,1.0,1,1.0,1,1.0,1,0.0957696840797144,59
2622,1,4168,2036,2132,0,0,0,1.0,1,1.0,1,1.0,1,0.10451023645298779,60
2623,4,4172,2037,2135,0,0,0,1.0,1,1.0,1,1.0,1,0.09362308701243695,59
2624,3,4175,2040,2135,0,0,0,1.0,1,1.0,1,1.0,1,0.1689391561702508,58
2625,2,4177,2041,2136,0,0,0,1.0,1,1.0,1,1.0,1,0.1558947047000548,58
2626,2,4179,2043,2136,0,0,0,1.0,1,1.0,1,1.0,1,0.1906003582211397,57
2627,1,4180,2044,2136,0,0,0,1.0,1,1.0,1,1.0,1,0.15613977099745466,55
2628,4,4184,2047,2137,0,0,0,1.0,1,1.0,1,1.0,1,0.20668169360012276,55
2629,0,4184,2047,2137,0,0,0,1.0,1,1.0,1,1.0,1,0.19126005444424488,54
2630,1,4185,2047,2138,0,0,0,1.0,1,1.0,1,1.0,1,0.20906603757407777,55
2631,1,4186,2047,2139,0,0,0,1.0,1,1.0,1,1.0,1,0.19771143800035926,55
2632,2,4188,2049,2139,0,0,0,1.0,1,1.0,1,1.0,1,0.23687036189365893,55
2633,2,4190,2050,2140,0,0,0,1.0,1,1.0,1,1.0,1,0.22669753165015127,53
2634,4,4194,2052,2142,0,0,0,1.0,1,1.0,1,1.0,1,0.2304408629056081,52
2635,2,4196,2052,2144,0,0,0,1.0,1,1.0,1,1.0,1,0.21229268875332774,52
2636,6,4202,2055,2147,0,0,0,1.0,1,1.0,1,1.0,1,0.21805608855808908,51
2637,1,4203,2056,2147,0,0,0,1.0,1,1.0,1,1.0,1,0.2088393112587477,50
2638,4,4207,2058,2149,0,0,0,1.0,1,1.0,1,1.0,1,0.2061626064899157,48
2639,3,4210,2061,2149,0,0,0,1.0,1,1.0,1,1.0,1,0.23410612387876498,48
2640,5,4215,2065,2150,0,0,0,1.0,1,1.0,1,1.0,1,0.2399649758164739,46
2641,1,4216,2066,2150,0,0,0,1.0,1,1.0,1,1.0,1,0.23039532435374993,46
2642,5,4221,2069,2152,0,0,0,1.0,1,1.0,1,1.0,1,0.19657256662907066,47
2643,1,4222,2070,2152,0,0,0,1.0,1,1.0,1,1.0,1,0.19157804503121872,45
2644,5,4227,2074,2153,0,0,0,1.0,1,1.0,1,1.0,1,0.278274357005757,44
2645,1,4228,2075,2153,0,0,0,1.0,1,1.0,1,1.0,1,0.2809219103802993,42
2646,6,4234,2076,2158,0,0,0,1.0,1,1.0,1,1.0,1,0.21205838121029455,43
2647,2,4236,2076,2160,0,0,0,1.0,1,1.0,1,1.0,1,0.15567386978964523,40
2648,0,4236,2076,2160,0,0,0,1.0,1,1.0,1,1.0,1,0.12685191405884086,41
2649,0,4236,2076,2160,0,0,0,1.0,1,1.0,1,1.0,1,0.16171574572421768,43
2650,2,4238,2076,2162,0,0,0,1.0,1,1.0,1,1.0,1,0.09506162133529279,43
2651,1,4239,2077,2162,0,0,0,1.0,1,1.0,1,1.0,1,0.10950276043511831,44
2652,1,4240,2078,2162,0,0,0,1.0,1,1.0,1,1.0,1,0.1008202131306901,44
2653,0,4240,2078,2162,0,0,0,1.0,1,1.0,1,1.0,1,0.1008202131306901,44
2654,1,4241,2079,2162,0,0,0,1.0,1,1.0,1,1.0,1,0.13374239691402542,45
2655,1,4242,2080,2162,0,0,0,1.0,1,1.0,1,1.0,1,0.1225991320727464,45
2656,0,4242,2080,2162,0,0,0,1.0,1,1.0,1,1.0,1,0.1225991320727464,45
2657,0,4242,2080,2162,0,0,0,1.0,1,1.0,1,1.0,1,0.1573491246593183,45
2658,3,4245,2082,2163,0,0,0,1.0,1,1.0,1,1.0,1,0.19209736657967785,47
2659,2,4247,2082,2165,0,0,0,1.0,1,1.0,1,1.0,1,0.14289937603022027,46
2660,1,4248,2083,2165,0,0,0,1.0,1,1.0,1,1.0,1,0.1625946381550449,46
2661,1,4249,2084,2165,0,0,0,1.0,1,1.0,1,1.0,1,0.16430388730186382,46
2662,4,4253,2086,2167,0,0,0,1.0,1,1.0,1,1.0,1,0.15991927626535737,47
2663,3,4256,2089,2167,0,0,0,1.0,1,1.0,1,1.0,1,0.19277683650797575,46
2664,1,4257,2090,2167,0,0,0,1.0,1,1.0,1,1.0,1,0.1860295025386622,45
2665,3,4260,2092,2168,0,0,0,1.0,1,1.0,1,1.0,1,0.1662393674609217,47
2666,4,4264,2094,2170,0,0,0,1.0,1,1.0,1,1.0,1,0.13251395060125093,47
2667,2,4266,2096,2170,0,0,0,1.0,1,1.0,1,1.0,1,0.19389178520245232,45
2668,2,4268,2096,2172,0,0,0,1.0,1,1.0,1,1.0,1,0.12722294971967,45
2669,2,4270,2097,2173,0,0,0,1.0,1,1.0,1,1.0,1,0.14059159850036979,45
2670,3,4273,2100,2173,0,0,0,1.0,1,1.0,1,1.0,1,0.09835949069502416,45
2671,2,4275,2102,2173,0,0,0,1.0,1,1.0,1,1.0,1,0.12569099354693208,41
2672,2,4277,2104,2173,0,0,0,1.0,1,1.0,1,1.0,1,0.15930057438290776,40
2673,2,4279,2106,2173,0,0,0,1.0,1,1.0,1,1.0,1,0.19057296898999518,39
2674,3,4282,2108,2174,0,0,0,1.0,1,1.0,1,1.0,1,0.2694367089004438,37
2675,2,4284,2109,2175,0,0,0,1.0,1,1.0,1,1.0,1,0.2582938655636742,35
2676,1,4285,2109,2176,0,0,0,1.0,1,1.0,1,1.0,1,0.23687186226778134,34
2677,1,4286,2110,2176,0,0,0,1.0,1,1.0,1,1.0,1,0.259292386457544,32
2678,1,4287,2111,2176,0,0,0,1.0,1,1.0,1,1.0,1,0.30744142741890573,33
2679,1,4288,2112,2176,0,0,0,1.0,1,1.0,1,1.0,1,0.3484141340399934,33
2680,7,4295,2115,2180,0,0,0,1.0,1,1.0,1,1.0,1,0.3141426869092319,33
2681,2,4297,2116,2181,0,0,0,1.0,1,1.0,1,1.0,1,0.24008657909390704,32
2682,4,4301,2117,2184,0,0,0,1.0,1,1.0,1,1.0,1,0.13712202158226172,32
2683,1,4302,2118,2184,0,0,0,1.0,1,1.0,1,1.0,1,0.2572677992647047,32
2684,0,4302,2118,2184,0,0,0,1.0,1,1.0,1,1.0,1,0.2658753658535221,31
2685,1,4303,2119,2184,0,0,0,1.0,1,1.0,1,1.0,1,0.32372641127469703,30
2686,2,4305,2119,2186,0,0,0,1.0,1,1.0,1,1.0,1,0.24265159058110986,29
2687,0,4305,2119,2186,0,0,0,1.0,1,1.0,1,1.0,1,0.24003686021752207,28
2688,1,4306,2119,2187,0,0,0,1.0,1,1.0,1,1.0,1,0.2311286205641779,28
2689,0,4306,2119,2187,0,0,0,1.0,1,1.0,1,1.0,1,0.2677208038544559,29
2690,1,4307,2119,2188,0,0,0,1.0,1,1.0,1,1.0,1,0.24417003791881936,29
2691,2,4309,2121,2188,0,0,0,1.0,1,1.0,1,1.0,1,0.26601201697667587,29
2692,3,4312,2121,2191,0,0,0,1.0,1,1.0,1,1.0,1,0.21471445715240728,31
2693,2,4314,2123,2191,0,0,0,1.0,1,1.0,1,1.0,1,0.2969087394153854,32
2694,2,4316,2124,2192,0,0,0,1.0,1,1.0,1,1.0,1,0.2668430279817931,32
2695,0,4316,2124,2192,0,0,0,1.0,1,1.0,1,1.0,1,0.24762678574514124,33
2696,1,4317,2124,2193,0,0,0,1.0,1,1.0,1,1.0,1,0.21192601667707986,33
2697,3,4320,2125,2195,0,0,0,1.0,1,1.0,1,1.0,1,0.14942492485104153,34
2698,1,4321,2126,2195,0,0,0,1.0,1,1.0,1,1.0,1,0.17006737156677462,34
2699,1,4322,2127,2195,0,0,0,1.0,1,1.0,1,1.0,1,0.16520746856866061,36
2700,1,4323,2127,2196,0,0,0,1.0,1,1.0,1,1.0,1,0.1562301735121677,36
2701,0,4323,2127,2196,0,0,0,1.0,1,1.0,1,1.0,1,0.1562301735121677,36
2702,2,4325,2129,2196,0,0,0,1.0,1,1.0,1,1.0,1,0.20814762452285987,36
2703,4,4329,2130,2199,0,0,0,1.0,1,1.0,1,1.0,1,0.17754276213660602,38
2704,2,4331,2131,2200,0,0,0,1.0,1,1.0,1,1.0,1,0.22449207010063993,37
2705,4,4335,2134,2201,0,0,0,1.0,1,1.0,1,1.0,1,0.237824193312233,36
2706,1,4336,2135,2201,0,0,0,1.0,1,1.0,1,1.0,1,0.25583388052086137,34
2707,2,4338,2136,2202,0,0,0,1.0,1,1.0,1,1.0,1,0.26414843396911314,36
2708,3,4341,2139,2202,0,0,0,1.0,1,1.0,1,1.0,1,0.28404950468296297,36
2709,2,4343,2140,2203,0,0,0,1.0,1,1.0,1,1.0,1,0.28297048098025784,33
2710,2,4345,2142,2203,0,0,0,1.0,1,1.0,1,1.0,1,0.281015597438601,32
2711,1,4346,2143,2203,0,0,0,1.0,1,1.0,1,1.0,1,0.251424483806727,29
2712,0,4346,2143,2203,0,0,0,1.0,1,1.0,1,1.0,1,0.29265403441555654,28
2713,1,4347,2143,2204,0,0,0,1.0,1,1.0,1,1.0,1,0.27332838510496527,28
2714,2,4349,2145,2204,0,0,0,1.0,1,1.0,1,1.0,1,0.347555442428381,25
2715,2,4351,2146,2205,0,0,0,1.0,1,1.0,1,1.0,1,0.33975179104548275,24
2716,3,4354,2148,2206,0,0,0,1.0,1,1.0,1,1.0,1,0.43163075584431093,23
2717,3,4357,2149,2208,0,0,0,1.0,1,1.0,1,1.0,1,0.3075842881375436,24
2718,1,4358,2149,2209,0,0,0,1.0,1,1.0,1,1.0,1,0.26333393678646455,24
2719,1,4359,2149,2210,0,0,0,1.0,1,1.0,1,1.0,1,0.22761957356709855,25
2720,2,4361,2151,2210,0,0,0,1.0,1,1.0,1,1.0,1,0.2677608259956103,25
2721,3,4364,2153,2211,0,0,0,1.0,1,1.0,1,1.0,1,0.19202490507972866,26
2722,1,4365,2154,2211,0,0,0,1.0,1,1.0,1,1.0,1,0.22709699464816283,26
2723,1,4366,2155,2211,0,0,0,1.0,1,1.0,1,1.0,1,0.23299716535623818,26
2724,2,4368,2156,2212,0,0,0,1.0,1,1.0,1,1.0,1,0.27016644184042354,27
2725,1,4369,2157,2212,0,0,0,1.0,1,1.0,1,1.0,1,0.2693377015906831,27
2726,1,4370,2157,2213,0,0,0,1.0,1,1.0,1,1.0,1,0.22146804128961853,28
2727,0,4370,2157,2213,0,0,0,1.0,1,1.0,1,1.0,1,0.20761772374058673,29
2728,0,4370,2157,2213,0,0,0,1.0,1,1.0,1,1.0,1,0.19532498896461972,28
2729,0,4370,2157,2213,0,0,0,1.0,1,1.0,1,1.0,1,0.19532498896461972,28
2730,0,4370,2157,2213,0,0,0,1.0,1,1.0,1,1.0,1,0.18991835577975114,29
2731,0,4370,2157,2213,0,0,0,1.0,1,1.0,1,1.0,1,0.2190464237922944,30
2732,0,4370,2157,2213,0,0,0,1.0,1,1.0,1,1.0,1,0.22457665612652672,29
2733,0,4370,2157,2213,0,0,0,1.0,1,1.0,1,1.0,1,0.22457665612652672,29
2734,0,4370,2157,2213,0,0,0,1.0,1,1.0,1,1.0,1,0.22457665612652672,29
2735,2,4372,2159,2213,0,0,0,1.0,1,1.0,1,1.0,1,0.3174793873477343,29
2736,2,4374,2159,2215,0,0,0,1.0,1,1.0,1,1.0,1,0.301210755312905,30
2737,0,4374,2159,2215,0,0,0,1.0,1,1.0,1,1.0,1,0.301210755312905,30
2738,3,4377,2162,2215,0,0,0,1.0,1,1.0,1,1.0,1,0.3650341387798558,29
2739,0,4377,2162,2215,0,0,0,1.0,1,1.0,1,1.0,1,0.3716486962378488,30
2740,2,4379,2163,2216,0,0,0,1.0,1,1.0,1,1.0,1,0.38128500828176537,29
2741,1,4380,2164,2216,0,0,0,1.0,1,1.0,1,1.0,1,0.35974312233490524,29
2742,1,4381,2165,2216,0,0,0,1.0,1,1.0,1,1.0,1,0.3772937826229485,29
2743,4,4385,2165,2220,0,0,0,1.0,1,1.0,1,1.0,1,0.3524477376436982,30
2744,2,4387,2167,2220,0,0,0,1.0,1,1.0,1,1.0,1,0.4032749041504666,28
2745,1,4388,2167,2221,0,0,0,1.0,1,1.0,1,1.0,1,0.3459775705500962,27
2746,1,4389,2168,2221,0,0,0,1.0,1,1.0,1,1.0,1,0.434401750868259,26
2747,3,4392,2170,2222,0,0,0,1.0,1,1.0,1,1.0,1,0.4707814179310617,22
2748,0,4392,2170,2222,0,0,0,1.0,1,1.0,1,1.0,1,0.4654322622063522,22
2749,2,4394,2170,2224,0,0,0,1.0,1,1.0,1,1.0,1,0.4384024906688798,20
2750,0,4394,2170,2224,0,0,0,1.0,1,1.0,1,1.0,1,0.4475632864782953,17
2751,0,4394,2170,2224,0,0,0,1.0,1,1.0,1,1.0,1,0.4475632864782953,17
2752,1,4395,2170,2225,0,0,0,1.0,1,1.0,1,1.0,1,0.3657920982826643,16
2753,0,4395,2170,2225,0,0,0,1.0,1,1.0,1,1.0,1,0.3657920982826643,16
2754,1,4396,2171,2225,0,0,0,1.0,1,1.0,1,1.0,1,0.4001945412551975,16
2755,1,4397,2172,2225,0,0,0,1.0,1,1.0,1,1.0,1,0.4314055303391705,16
2756,1,4398,2172,2226,0,0,0,1.0,1,1.0,1,1.0,1,0.44868504056653585,17
2757,1,4399,2173,2226,0,0,0,1.0,1,1.0,1,1.0,1,0.44141612174646633,18
2758,0,4399,2173,2226,0,0,0,1.0,1,1.0,1,1.0,1,0.44141612174646633,18
2759,0,4399,2173,2226,0,0,0,1.0,1,1.0,1,1.0,1,0.4613980529259513,19
2760,0,4399,2173,2226,0,0,0,1.0,1,1.0,1,1.0,1,0.4297996629007203,18
2761,0,4399,2173,2226,0,0,0,1.0,1,1.0,1,1.0,1,0.4297996629007203,18
2762,0,4399,2173,2226,0,0,0,1.0,1,1.0,1,1.0,1,0.4297996629007203,18
2763,0,4399,2173,2226,0,0,0,1.0,1,1.0,1,1.0,1,0.4297996629007203,18
2764,1,4400,2174,2226,0,0,0,1.0,1,1.0,1,1.0,1,0.4134585747053861,18
2765,1,4401,2175,2226,0,0,0,1.0,1,1.0,1,1.0,1,0.37613446007191603,18
2766,0,4401,2175,2226,0,0,0,1.0,1,1.0,1,1.0,1,0.37613446007191603,18
2767,0,4401,2175,2226,0,0,0,1.0,1,1.0,1,1.0,1,0.40357021835879,17
2768,0,4401,2175,2226,0,0,0,1.0,1,1.0,1,1.0,1,0.40357021835879,17
2769,1,4402,2176,2226,0,0,0,1.0,1,1.0,1,1.0,1,0.40357021835879,17
2770,0,4402,2176,2226,0,0,0,1.0,1,1.0,1,1.0,1,0.40357021835879,17
2771,0,4402,2176,2226,0,0,0,1.0,1,1.0,1,1.0,1,0.40357021835879,17
2772,0,4402,2176,2226,0,0,0,1.0,1,1.0,1,1.0,1,0.40357021835879,17
2773,0,4402,2176,2226,0,0,0,1.0,1,1.0,1,1.0,1,0.40357021835879,17
2774,0,4402,2176,2226,0,0,0,1.0,1,1.0,1,1.0,1,0.36903895435406214,18
2775,3,4405,2179,2226,0,0,0,1.0,1,1.0,1,1.0,1,0.36695595394943814,20
2776,0,4405,2179,2226,0,0,0,1.0,1,1.0,1,1.0,1,0.3618496118080963,21
2777,0,4405,2179,2226,0,0,0,1.0,1,1.0,1,1.0,1,0.3618496118080963,21
2778,4,4409,2181,2228,0,0,0,1.0,1,1.0,1,1.0,1,0.3889408057874436,21
2779,1,4410,2182,2228,0,0,0,1.0,1,1.0,1,1.0,1,0.39765838711569484,22
2780,2,4412,2183,2229,0,0,0,1.0,1,1.0,1,1.0,1,0.4570924782655991,22
2781,2,4414,2183,2231,0,0,0,1.0,1,1.0,1,1.0,1,0.3745304388331719,22
2782,2,4416,2184,2232,0,0,0,1.0,1,1.0,1,1.0,1,0.30980854724213297,23
2783,0,4416,2184,2232,0,0,0,1.0,1,1.0,1,1.0,1,0.28551681111821264,22
2784,2,4418,2185,2233,0,0,0,1.0,1,1.0,1,1.0,1,0.26427465228894964,21
2785,0,4418,2185,2233,0,0,0,1.0,1,1.0,1,1.0,1,0.2946051364203618,19
2786,1,4419,2186,2233,0,0,0,1.0,1,1.0,1,1.0,1,0.3188611948591599,19
2787,0,4419,2186,2233,0,0,0,1.0,1,1.0,1,1.0,1,0.3427486204418038,20
2788,1,4420,2187,2233,0,0,0,1.0,1,1.0,1,1.0,1,0.3629608622417868,20
2789,0,4420,2187,2233,0,0,0,1.0,1,1.0,1,1.0,1,0.3787571722848423,19
2790,0,4420,2187,2233,0,0,0,1.0,1,1.0,1,1.0,1,0.3853870257293627,20
2791,0,4420,2187,2233,0,0,0,1.0,1,1.0,1,1.0,1,0.3853870257293627,20
2792,0,4420,2187,2233,0,0,0,1.0,1,1.0,1,1.0,1,0.3853870257293627,20
2793,1,4421,2187,2234,0,0,0,1.0,1,1.0,1,1.0,1,0.3775049915887845,19
2794,1,4422,2187,2235,0,0,0,1.0,1,1.0,1,1.0,1,0.35491546564423193,20
2795,0,4422,2187,2235,0,0,0,1.0,1,1.0,1,1.0,1,0.34862312714627336,21
2796,0,4422,2187,2235,0,0,0,1.0,1,1.0,1,1.0,1,0.3352430463536139,22
2797,0,4422,2187,2235,0,0,0,1.0,1,1.0,1,1.0,1,0.3740299466462327,21
2798,1,4423,2188,2235,0,0,0,1.0,1,1.0,1,1.0,1,0.4249931590408382,21
2799,0,4423,2188,2235,0,0,0,1.0,1,1.0,1,1.0,1,0.42119728298478554,20
2800,1,4424,2188,2236,0,0,0,1.0,1,1.0,1,1.0,1,0.3570968770117333,20
2801,0,4424,2188,2236,0,0,0,1.0,1,1.0,1,1.0,1,0.3570968770117333,20
2802,1,4425,2188,2237,0,0,0,1.0,1,1.0,1,1.0,1,0.3128336630075199,20
2803,0,4425,2188,2237,0,0,0,1.0,1,1.0,1,1.0,1,0.32617860074305055,21
2804,0,4425,2188,2237,0,0,0,1.0,1,1.0,1,1.0,1,0.3454434607338328,22
2805,2,4427,2190,2237,0,0,0,1.0,1,1.0,1,1.0,1,0.2969786680764026,22
2806,1,4428,2190,2238,0,0,0,1.0,1,1.0,1,1.0,1,0.2815672499140493,23
2807,5,4433,2193,2240,0,0,0,1.0,1,1.0,1,1.0,1,0.30315380278682014,24
2808,3,4436,2195,2241,0,0,0,1.0,1,1.0,1,1.0,1,0.3446315508855919,24
2809,2,4438,2195,2243,0,0,0,1.0,1,1.0,1,1.0,1,0.258428086286589,26
2810,0,4438,2195,2243,0,0,0,1.0,1,1.0,1,1.0,1,0.20708057359292664,26
2811,0,4438,2195,2243,0,0,0,1.0,1,1.0,1,1.0,1,0.17663611529003792,27
2812,0,4438,2195,2243,0,0,0,1.0,1,1.0,1,1.0,1,0.17663611529003792,27
2813,0,4438,2195,2243,0,0,0,1.0,1,1.0,1,1.0,1,0.16759608784062738,28
2814,2,4440,2197,2243,0,0,0,1.0,1,1.0,1,1.0,1,0.2581995863993886,29
2815,1,4441,2197,2244,0,0,0,1.0,1,1.0,1,1.0,1,0.2341056812237734,30
2816,0,4441,2197,2244,0,0,0,1.0,1,1.0,1,1.0,1,0.21365362324553716,31
2817,0,4441,2197,2244,0,0,0,1.0,1,1.0,1,1.0,1,0.21365362324553716,31
2818,1,4442,2198,2244,0,0,0,1.0,1,1.0,1,1.0,1,0.21875250418361183,32
2819,0,4442,2198,2244,0,0,0,1.0,1,1.0,1,1.0,1,0.21875250418361183,32
2820,0,4442,2198,2244,0,0,0,1.0,1,1.0,1,1.0,1,0.23296561439773114,33
2821,2,4444,2198,2246,0,0,0,1.0,1,1.0,1,1.0,1,0.18951211534229787,34
2822,1,4445,2199,2246,0,0,0,1.0,1,1.0,1,1.0,1,0.20488059934936534,35
2823,1,4446,2200,2246,0,0,0,1.0,1,1.0,1,1.0,1,0.25397814258437135,31
2824,3,4449,2202,2247,0,0,0,1.0,1,1.0,1,1.0,1,0.3443598300500085,33
2825,0,4449,2202,2247,0,0,0,1.0,1,1.0,1,1.0,1,0.3082806158264137,31
2826,1,4450,2203,2247,0,0,0,1.0,1,1.0,1,1.0,1,0.3390202295721502,31
2827,4,4454,2205,2249,0,0,0,1.0,1,1.0,1,1.0,1,0.22107403756844218,32
2828,1,4455,2206,2249,0,0,0,1.0,1,1.0,1,1.0,1,0.2966034378783545,33
2829,5,4460,2208,2252,0,0,0,1.0,1,1.0,1,1.0,1,0.21253892645571257,33
2830,1,4461,2208,2253,0,0,0,1.0,1,1.0,1,1.0,1,0.2008985049338221,32
2831,1,4462,2209,2253,0,0,0,1.0,1,1.0,1,1.0,1,0.22910127339943262,31
2832,2,4464,2211,2253,0,0,0,1.0,1,1.0,1,1.0,1,0.2549710484025425,30
2833,3,4467,2213,2254,0,0,0,1.0,1,1.0,1,1.0,1,0.24852251782871523,29
2834,3,4470,2215,2255,0,0,0,1.0,1,1.0,1,1.0,1,0.2072323340305476,29
2835,3,4473,2217,2256,0,0,0,1.0,1,1.0,1,1.0,1,0.32299791547894685,27
2836,1,4474,2218,2256,0,0,0,1.0,1,1.0,1,1.0,1,0.27814931042343166,27
2837,0,4474,2218,2256,0,0,0,1.0,1,1.0,1,1.0,1,0.289741421397062,28
2838,0,4474,2218,2256,0,0,0,1.0,1,1.0,1,1.0,1,0.2971845480227274,29
2839,0,4474,2218,2256,0,0,0,1.0,1,1.0,1,1.0,1,0.246726376338734,29
2840,0,4474,2218,2256,0,0,0,1.0,1,1.0,1,1.0,1,0.246726376338734,29
2841,2,4476,2219,2257,0,0,0,1.0,1,1.0,1,1.0,1,0.2514629072052149,31
2842,1,4477,2220,2257,0,0,0,1.0,1,1.0,1,1.0,1,0.28156813913131024,32
2843,0,4477,2220,2257,0,0,0,1.0,1,1.0,1,1.0,1,0.28156813913131024,32
2844,3,4480,2221,2259,0,0,0,1.0,1,1.0,1,1.0,1,0.29167757498401814,33
2845,5,4485,2223,2262,0,0,0,1.0,1,1.0,1,1.0,1,0.20923711860637656,34
2846,0,4485,2223,2262,0,0,0,1.0,1,1.0,1,1.0,1,0.20923711860637656,34
2847,2,4487,2224,2263,0,0,0,1.0,1,1.0,1,1.0,1,0.18671727890022458,35
2848,2,4489,2225,2264,0,0,0,1.0,1,1.0,1,1.0,1,0.17826198035544288,37
2849,0,4489,2225,2264,0,0,0,1.0,1,1.0,1,1.0,1,0.17826198035544288,37
2850,0,4489,2225,2264,0,0,0,1.0,1,1.0,1,1.0,1,0.17826198035544288,37
2851,2,4491,2226,2265,0,0,0,1.0,1,1.0,1,1.0,1,0.18807171316233978,38
2852,0,4491,2226,2265,0,0,0,1.0,1,1.0,1,1.0,1,0.2003531283985673,36
2853,0,4491,2226,2265,0,0,0,1.0,1,1.0,1,1.0,1,0.23550015787080245,36
2854,0,4491,2226,2265,0,0,0,1.0,1,1.0,1,1.0,1,0.25227824386783443,37
2855,0,4491,2226,2265,0,0,0,1.0,1,1.0,1,1.0,1,0.29677499847438227,37
2856,2,4493,2226,2267,0,0,0,1.0,1,1.0,1,1.0,1,0.24495885625923572,38
2857,1,4494,2227,2267,0,0,0,1.0,1,1.0,1,1.0,1,0.30666091068113566,39
2858,4,4498,2228,2270,0,0,0,1.0,1,1.0,1,1.0,1,0.28076925809558645,39
2859,1,4499,2229,2270,0,0,0,1.0,1,1.0,1,1.0,1,0.27489581801890584,39
2860,3,4502,2230,2272,0,0,0,1.0,1,1.0,1,1.0,1,0.24654408469518385,40
2861,2,4504,2231,2273,0,0,0,1.0,1,1.0,1,1.0,1,0.17376278570718637,38
2862,4,4508,2235,2273,0,0,0,1.0,1,1.0,1,1.0,1,0.21235411703955273,38
2863,4,4512,2237,2275,0,0,0,1.0,1,1.0,1,1.0,1,0.1713714205069452,37
2864,3,4515,2240,2275,0,0,0,1.0,1,1.0,1,1.0,1,0.21028253725695437,35
2865,1,4516,2241,2275,0,0,0,1.0,1,1.0,1,1.0,1,0.22707695302789133,33
2866,6,4522,2244,2278,0,0,0,1.0,1,1.0,1,1.0,1,0.2148934242295967,31
2867,1,4523,2245,2278,0,0,0,1.0,1,1.0,1,1.0,1,0.23810273409869454,30
2868,1,4524,2246,2278,0,0,0,1.0,1,1.0,1,1.0,1,0.2743125641968739,31
2869,5,4529,2249,2280,0,0,0,1.0,1,1.0,1,1.0,1,0.3346599202216225,30
2870,0,4529,2249,2280,0,0,0,1.0,1,1.0,1,1.0,1,0.3229811812523368,26
2871,1,4530,2250,2280,0,0,0,1.0,1,1.0,1,1.0,1,0.3880250561512901,27
2872,1,4531,2251,2280,0,0,0,1.0,1,1.0,1,1.0,1,0.3424555111368945,25
2873,0,4531,2251,2280,0,0,0,1.0,1,1.0,1,1.0,1,0.33033072007756603,24
2874,1,4532,2251,2281,0,0,0,1.0,1,1.0,1,1.0,1,0.2729079668067317,25
2875,1,4533,2252,2281,0,0,0,1.0,1,1.0,1,1.0,1,0.30897075489091225,26
2876,2,4535,2253,2282,0,0,0,1.0,1,1.0,1,1.0,1,0.327787321961515,28
2877,1,4536,2253,2283,0,0,0,1.0,1,1.0,1,1.0,1,0.30976286191592733,29
2878,2,4538,2253,2285,0,0,0,1.0,1,1.0,1,1.0,1,0.21707718612137175,31
2879,0,4538,2253,2285,0,0,0,1.0,1,1.0,1,1.0,1,0.21707718612137175,31
2880,0,4538,2253,2285,0,0,0,1.0,1,1.0,1,1.0,1,0.2230209631612032,32
2881,1,4539,2253,2286,0,0,0,1.0,1,1.0,1,1.0,1,0.23182544472701047,31
2882,0,4539,2253,2286,0,0,0,1.0,1,1.0,1,1.0,1,0.23182544472701047,31
2883,0,4539,2253,2286,0,0,0,1.0,1,1.0,1,1.0,1,0.2414875726758401,32
2884,1,4540,2254,2286,0,0,0,1.0,1,1.0,1,1.0,1,0.24995196478539464,32
2885,2,4542,2255,2287,0,0,0,1.0,1,1.0,1,1.0,1,0.25702123680230776,33
2886,3,4545,2257,2288,0,0,0,1.0,1,1.0,1,1.0,1,0.2322788725821465,34
2887,0,4545,2257,2288,0,0,0,1.0,1,1.0,1,1.0,1,0.2419258703499439,34
2888,2,4547,2259,2288,0,0,0,1.0,1,1.0,1,1.0,1,0.25581707538239346,34
2889,2,4549,2260,2289,0,0,0,1.0,1,1.0,1,1.0,1,0.2565723963118432,37
2890,1,4550,2260,2290,0,0,0,1.0,1,1.0,1,1.0,1,0.23633779913345365,37
2891,1,4551,2261,2290,0,0,0,1.0,1,1.0,1,1.0,1,0.276056749306692,37
2892,0,4551,2261,2290,0,0,0,1.0,1,1.0,1,1.0,1,0.276056749306692,37
2893,2,4553,2262,2291,0,0,0,1.0,1,1.0,1,1.0,1,0.2943802389326642,38
2894,3,4556,2262,2294,0,0,0,1.0,1,1.0,1,1.0,1,0.23956851959708125,39
2895,0,4556,2262,2294,0,0,0,1.0,1,1.0,1,1.0,1,0.2250967115263314,40
2896,1,4557,2263,2294,0,0,0,1.0,1,1.0,1,1.0,1,0.2581409990643072,41
2897,1,4558,2264,2294,0,0,0,1.0,1,1.0,1,1.0,1,0.2659088690823642,41
2898,4,4562,2266,2296,0,0,0,1.0,1,1.0,1,1.0,1,0.25305976524400675,41
2899,2,4564,2267,2297,0,0,0,1.0,1,1.0,1,1.0,1,0.23093181167585025,39
2900,4,4568,2270,2298,0,0,0,1.0,1,1.0,1,1.0,1,0.34644057858490973,40
2901,0,4568,2270,2298,0,0,0,1.0,1,1.0,1,1.0,1,0.31434609774559985,40
2902,2,4570,2271,2299,0,0,0,1.0,1,1.0,1,1.0,1,0.343539488287855,38
2903,0,4570,2271,2299,0,0,0,1.0,1,1.0,1,1.0,1,0.31036472413992244,36
2904,3,4573,2272,2301,0,0,0,1.0,1,1.0,1,1.0,1,0.29217583309312994,36
2905,1,4574,2272,2302,0,0,0,1.0,1,1.0,1,1.0,1,0.2435114497951289,35
2906,0,4574,2272,2302,0,0,0,1.0,1,1.0,1,1.0,1,0.26006059112895263,36
2907,2,4576,2273,2303,0,0,0,1.0,1,1.0,1,1.0,1,0.2932388502947642,37
2908,1,4577,2274,2303,0,0,0,1.0,1,1.0,1,1.0,1,0.32621916788793587,38
2909,1,4578,2275,2303,0,0,0,1.0,1,1.0,1,1.0,1,0.3506601318990004,37
2910,1,4579,2276,2303,0,0,0,1.0,1,1.0,1,1.0,1,0.3577006464491251,37
2911,4,4583,2276,2307,0,0,0,1.0,1,1.0,1,1.0,1,0.30705006624305564,36
2912,4,4587,2278,2309,0,0,0,1.0,1,1.0,1,1.0,1,0.25189430614292063,36
2913,0,4587,2278,2309,0,0,0,1.0,1,1.0,1,1.0,1,0.24210438924410538,36
2914,0,4587,2278,2309,0,0,0,1.0,1,1.0,1,1.0,1,0.2640150158980771,38
2915,0,4587,2278,2309,0,0,0,1.0,1,1.0,1,1.0,1,0.25454886235789054,37
2916,0,4587,2278,2309,0,0,0,1.0,1,1.0,1,1.0,1,0.26750288858134724,39
2917,3,4590,2280,2310,0,0,0,1.0,1,1.0,1,1.0,1,0.2658753298720524,40
2918,2,4592,2282,2310,0,0,0,1.0,1,1.0,1,1.0,1,0.2479008520518861,40
2919,1,4593,2283,2310,0,0,0,1.0,1,1.0,1,1.0,1,0.25596681787002107,42
2920,3,4596,2283,2313,0,0,0,1.0,1,1.0,1,1.0,1,0.21012443736964134,42
2921,0,4596,2283,2313,0,0,0,1.0,1,1.0,1,1.0,1,0.21012443736964134,42
2922,1,4597,2283,2314,0,0,0,1.0,1,1.0,1,1.0,1,0.1862623482724467,43
2923,0,4597,2283,2314,0,0,0,1.0,1,1.0,1,1.0,1,0.20791909611121287,45
2924,2,4599,2284,2315,0,0,0,1.0,1,1.0,1,1.0,1,0.19714701920228184,46
2925,0,4599,2284,2315,0,0,0,1.0,1,1.0,1,1.0,1,0.19714701920228184,46
2926,3,4602,2284,2318,0,0,0,1.0,1,1.0,1,1.0,1,0.14009634926621561,46
2927,1,4603,2285,2318,0,0,0,1.0,1,1.0,1,1.0,1,0.15269112233666973,48
2928,0,4603,2285,2318,0,0,0,1.0,1,1.0,1,1.0,1,0.15269112233666973,48
2929,0,4603,2285,2318,0,0,0,1.0,1,1.0,1,1.0,1,0.15269112233666973,48
2930,0,4603,2285,2318,0,0,0,1.0,1,1.0,1,1.0,1,0.16658093460171508,50
2931,1,4604,2286,2318,0,0,0,1.0,1,1.0,1,1.0,1,0.1956644588293003,51
2932,0,4604,2286,2318,0,0,0,1.0,1,1.0,1,1.0,1,0.20664949405823493,52
2933,0,4604,2286,2318,0,0,0,1.0,1,1.0,1,1.0,1,0.21400699819202823,53
2934,1,4605,2287,2318,0,0,0,1.0,1,1.0,1,1.0,1,0.23067254968219664,54
2935,3,4608,2289,2319,0,0,0,1.0,1,1.0,1,1.0,1,0.2549393409809653,53
2936,1,4609,2289,2320,0,0,0,1.0,1,1.0,1,1.0,1,0.2420605840989646,53
2937,1,4610,2290,2320,0,0,0,1.0,1,1.0,1,1.0,1,0.27229451091778056,51
2938,6,4616,2292,2324,0,0,0,1.0,1,1.0,1,1.0,1,0.28175724698335713,53
2939,3,4619,2293,2326,0,0,0,1.0,1,1.0,1,1.0,1,0.2875451081118118,52
2940,3,4622,2295,2327,0,0,0,1.0,1,1.0,1,1.0,1,0.3276737475021747,52
2941,1,4623,2296,2327,0,0,0,1.0,1,1.0,1,1.0,1,0.3288688956614697,50
2942,3,4626,2296,2330,0,0,0,1.0,1,1.0,1,1.0,1,0.2624917520558154,50
2943,4,4630,2297,2333,0,0,0,1.0,1,1.0,1,1.0,1,0.21654680655308226,49
2944,3,4633,2297,2336,0,0,0,1.0,1,1.0,1,1.0,1,0.15184266543920086,48
2945,1,4634,2297,2337,0,0,0,1.0,1,1.0,1,1.0,1,0.13611042879185992,48
2946,1,4635,2298,2337,0,0,0,1.0,1,1.0,1,1.0,1,0.13468484511034146,47
2947,1,4636,2299,2337,0,0,0,1.0,1,1.0,1,1.0,1,0.1119915937779656,47
2948,2,4638,2300,2338,0,0,0,1.0,1,1.0,1,1.0,1,0.10947577799571967,48
2949,0,4638,2300,2338,0,0,0,1.0,1,1.0,1,1.0,1,0.10947577799571967,48
2950,0,4638,2300,2338,0,0,0,1.0,1,1.0,1,1.0,1,0.10947577799571967,48
2951,0,4638,2300,2338,0,0,0,1.0,1,1.0,1,1.0,1,0.13299505770471776,50
2952,0,4638,2300,2338,0,0,0,1.0,1,1.0,1,1.0,1,0.13299505770471776,50
2953,0,4638,2300,2338,0,0,0,1.0,1,1.0,1,1.0,1,0.14741575872066753,51
2954,0,4638,2300,2338,0,0,0,1.0,1,1.0,1,1.0,1,0.14741575872066753,51
2955,0,4638,2300,2338,0,0,0,1.0,1,1.0,1,1.0,1,0.14741575872066753,51
2956,1,4639,2301,2338,0,0,0,1.0,1,1.0,1,1.0,1,0.17650693180980478,51
2957,0,4639,2301,2338,0,0,0,1.0,1,1.0,1,1.0,1,0.18805143230804694,52
2958,0,4639,2301,2338,0,0,0,1.0,1,1.0,1,1.0,1,0.18805143230804694,52
2959,1,4640,2302,2338,0,0,0,1.0,1,1.0,1,1.0,1,0.20938855389524896,53
2960,2,4642,2303,2339,0,0,0,1.0,1,1.0,1,1.0,1,0.2062832581365526,52
2961,2,4644,2304,2340,0,0,0,1.0,1,1.0,1,1.0,1,0.18321456221628193,53
2962,1,4645,2304,2341,0,0,0,1.0,1,1.0,1,1.0,1,0.18663165267946588,54
2963,1,4646,2305,2341,0,0,0,1.0,1,1.0,1,1.0,1,0.19989177313081932,55
2964,1,4647,2305,2342,0,0,0,1.0,1,1.0,1,1.0,1,0.2115435872534249,55
2965,3,4650,2305,2345,0,0,0,1.0,1,1.0,1,1.0,1,0.1751893897256027,55
2966,0,4650,2305,2345,0,0,0,1.0,1,1.0,1,1.0,1,0.1751893897256027,55
2967,1,4651,2305,2346,0,0,0,1.0,1,1.0,1,1.0,1,0.20577623595518418,56
2968,1,4652,2305,2347,0,0,0,1.0,1,1.0,1,1.0,1,0.19109265625173108,56
2969,0,4652,2305,2347,0,0,0,1.0,1,1.0,1,1.0,1,0.20353273726328674,55
2970,5,4657,2306,2351,0,0,0,1.0,1,1.0,1,1.0,1,0.1922765185566365,57
2971,1,4658,2307,2351,0,0,0,1.0,1,1.0,1,1.0,1,0.19490909081893099,56
2972,2,4660,2308,2352,0,0,0,1.0,1,1.0,1,1.0,1,0.20286172225263566,57
2973,2,4662,2310,2352,0,0,0,1.0,1,1.0,1,1.0,1,0.2040050986420718,59
2974,3,4665,2311,2354,0,0,0,1.0,1,1.0,1,1.0,1,0.19436580287434949,60
2975,2,4667,2313,2354,0,0,0,1.0,1,1.0,1,1.0,1,0.2554502523408223,58
2976,1,4668,2314,2354,0,0,0,1.0,1,1.0,1,1.0,1,0.2747750407341031,59
2977,8,4676,2315,2361,0,0,0,1.0,1,1.0,1,1.0,1,0.20304492579607689,59
2978,2,4678,2316,2362,0,0,0,1.0,1,1.0,1,1.0,1,0.18109321800594244,58
2979,1,4679,2317,2362,0,0,0,1.0,1,1.0,1,1.0,1,0.19187358867301021,57
2980,3,4682,2319,2363,0,0,0,1.0,1,1.0,1,1.0,1,0.1872747498220184,56
2981,0,4682,2319,2363,0,0,0,1.0,1,1.0,1,1.0,1,0.1872747498220184,56
2982,0,4682,2319,2363,0,0,0,1.0,1,1.0,1,1.0,1,0.18698314016047388,57
2983,2,4684,2321,2363,0,0,0,1.0,1,1.0,1,1.0,1,0.21061430722208405,57
2984,0,4684,2321,2363,0,0,0,1.0,1,1.0,1,1.0,1,0.20156837053277565,56
2985,2,4686,2321,2365,0,0,0,1.0,1,1.0,1,1.0,1,0.21531913317850754,55
2986,5,4691,2323,2368,0,0,0,1.0,1,1.0,1,1.0,1,0.20178372851450627,55
2987,1,4692,2324,2368,0,0,0,1.0,1,1.0,1,1.0,1,0.21089011791079612,51
2988,3,4695,2325,2370,0,0,0,1.0,1,1.0,1,1.0,1,0.19651614317951374,52
2989,3,4698,2325,2373,0,0,0,1.0,1,1.0,1,1.0,1,0.15531452114002264,50
2990,1,4699,2326,2373,0,0,0,1.0,1,1.0,1,1.0,1,0.1725960112466846,50
2991,0,4699,2326,2373,0,0,0,1.0,1,1.0,1,1.0,1,0.1530883683829429,50
2992,0,4699,2326,2373,0,0,0,1.0,1,1.0,1,1.0,1,0.1530883683829429,50
2993,1,4700,2326,2374,0,0,0,1.0,1,1.0,1,1.0,1,0.1805962628180999,51
2994,2,4702,2328,2374,0,0,0,1.0,1,1.0,1,1.0,1,0.21742302212102343,51
2995,2,4704,2328,2376,0,0,0,1.0,1,1.0,1,1.0,1,0.14959568577837656,51
2996,0,4704,2328,2376,0,0,0,1.0,1,1.0,1,1.0,1,0.16179970064407098,52
2997,2,4706,2329,2377,0,0,0,1.0,1,1.0,1,1.0,1,0.18476774841551438,52
2998,5,4711,2333,2378,0,0,0,1.0,1,1.0,1,1.0,1,0.19871199781142304,51
2999,0,4711,2333,2378,0,0,0,1.0,1,1.0,1,1.0,1,0.19871199781142304,51
3000,2,4713,2335,2378,0,0,0,1.0,1,1.0,1,1.0,1,0.19605679864907175,52
3001,0,4713,2335,2378,0,0,0,1.0,1,1.0,1,1.0,1,0.19605679864907175,52
3002,1,4714,2336,2378,0,0,0,1.0,1,1.0,1,1.0,1,0.22068042011831046,53
3003,1,4715,2336,2379,0,0,0,1.0,1,1.0,1,1.0,1,0.20636461957785765,54
3004,0,4715,2336,2379,0,0,0,1.0,1,1.0,1,1.0,1,0.21456250228598123,55
3005,2,4717,2336,2381,0,0,0,1.0,1,1.0,1,1.0,1,0.2097959681160323,56
3006,1,4718,2337,2381,0,0,0,1.0,1,1.0,1,1.0,1,0.2153631841102225,57
3007,1,4719,2337,2382,0,0,0,1.0,1,1.0,1,1.0,1,0.2181667103927052,58
3008,2,4721,2338,2383,0,0,0,1.0,1,1.0,1,1.0,1,0.21346140509587103,59
3009,0,4721,2338,2383,0,0,0,1.0,1,1.0,1,1.0,1,0.21346140509587103,59
3010,1,4722,2338,2384,0,0,0,1.0,1,1.0,1,1.0,1,0.19248498425763652,59
3011,3,4725,2339,2386,0,0,0,1.0,1,1.0,1,1.0,1,0.1691599507911625,59
3012,1,4726,2340,2386,0,0,0,1.0,1,1.0,1,1.0,1,0.20702568319237,61
3013,0,4726,2340,2386,0,0,0,1.0,1,1.0,1,1.0,1,0.23280895205114074,59
3014,0,4726,2340,2386,0,0,0,1.0,1,1.0,1,1.0,1,0.2394542622427698,60
3015,1,4727,2341,2386,0,0,0,1.0,1,1.0,1,1.0,1,0.2707652112844112,58
3016,2,4729,2341,2388,0,0,0,1.0,1,1.0,1,1.0,1,0.239517937819096,57
3017,2,4731,2343,2388,0,0,0,1.0,1,1.0,1,1.0,1,0.2443142981682978,58
3018,0,4731,2343,2388,0,0,0,1.0,1,1.0,1,1.0,1,0.2961685382602242,55
3019,2,4733,2343,2390,0,0,0,1.0,1,1.0,1,1.0,1,0.2883381867651113,56
3020,1,4734,2344,2390,0,0,0,1.0,1,1.0,1,1.0,1,0.29770260128985954,55
3021,2,4736,2345,2391,0,0,0,1.0,1,1.0,1,1.0,1,0.2860734890715274,55
3022,6,4742,2348,2394,0,0,0,1.0,1,1.0,1,1.0,1,0.2680936400058768,55
3023,2,4744,2349,2395,0,0,0,1.0,1,1.0,1,1.0,1,0.2523534133167165,54
3024,3,4747,2351,2396,0,0,0,1.0,1,1.0,1,1.0,1,0.2568917037565853,54
3025,4,4751,2353,2398,0,0,0,1.0,1,1.0,1,1.0,1,0.24840180638372805,54
3026,1,4752,2353,2399,0,0,0,1.0,1,1.0,1,1.0,1,0.22132226177973013,53
3027,4,4756,2356,2400,0,0,0,1.0,1,1.0,1,1.0,1,0.13954909950074312,53
3028,1,4757,2357,2400,0,0,0,1.0,1,1.0,1,1.0,1,0.15933807319726526,51
3029,1,4758,2358,2400,0,0,0,1.0,1,1.0,1,1.0,1,0.2002838891344341,51
3030,2,4760,2360,2400,0,0,0,1.0,1,1.0,1,1.0,1,0.2373929059657378,52
3031,7,4767,2363,2404,0,0,0,1.0,1,1.0,1,1.0,1,0.18970487897150967,51
3032,0,4767,2363,2404,0,0,0,1.0,1,1.0,1,1.0,1,0.18326792613367032,50
3033,2,4769,2364,2405,0,0,0,1.0,1,1.0,1,1.0,1,0.18172493154466549,52
3034,1,4770,2364,2406,0,0,0,1.0,1,1.0,1,1.0,1,0.17339612292327064,51
3035,1,4771,2364,2407,0,0,0,1.0,1,1.0,1,1.0,1,0.15387656954509624,51
3036,1,4772,2364,2408,0,0,0,1.0,1,1.0,1,1.0,1,0.1339149901229062,53
3037,0,4772,2364,2408,0,0,0,1.0,1,1.0,1,1.0,1,0.14150504766912356,52
3038,0,4772,2364,2408,0,0,0,1.0,1,1.0,1,1.0,1,0.14150504766912356,52
3039,1,4773,2364,2409,0,0,0,1.0,1,1.0,1,1.0,1,0.11260242592373848,54
3040,0,4773,2364,2409,0,0,0,1.0,1,1.0,1,1.0,1,0.11956807347090888,55
3041,1,4774,2364,2410,0,0,0,1.0,1,1.0,1,1.0,1,0.12104594370179074,56
3042,3,4777,2367,2410,0,0,0,1.0,1,1.0,1,1.0,1,0.1722076821091291,56
3043,2,4779,2367,2412,0,0,0,1.0,1,1.0,1,1.0,1,0.13176455363509698,57
3044,2,4781,2369,2412,0,0,0,1.0,1,1.0,1,1.0,1,0.17771616738713028,57
3045,1,4782,2369,2413,0,0,0,1.0,1,1.0,1,1.0,1,0.1715862372908996,56
3046,3,4785,2370,2415,0,0,0,1.0,1,1.0,1,1.0,1,0.17872772514937887,57
3047,2,4787,2372,2415,0,0,0,1.0,1,1.0,1,1.0,1,0.19679975049657866,56
3048,4,4791,2372,2419,0,0,0,1.0,1,1.0,1,1.0,1,0.1600793264799733,58
3049,4,4795,2373,2422,0,0,0,1.0,1,1.0,1,1.0,1,0.15523391490769214,59
3050,0,4795,2373,2422,0,0,0,1.0,1,1.0,1,1.0,1,0.15131421499312328,60
3051,1,4796,2374,2422,0,0,0,1.0,1,1.0,1,1.0,1,0.1907088789830481,59
3052,3,4799,2374,2425,0,0,0,1.0,1,1.0,1,1.0,1,0.1506097819494212,58
3053,2,4801,2376,2425,0,0,0,1.0,1,1.0,1,1.0,1,0.1891806461093523,57
3054,2,4803,2378,2425,0,0,0,1.0,1,1.0,1,1.0,1,0.2321915347366771,55
3055,2,4805,2379,2426,0,0,0,1.0,1,1.0,1,1.0,1,0.22912245825022148,54
3056,2,4807,2380,2427,0,0,0,1.0,1,1.0,1,1.0,1,0.26891689575200217,55
3057,0,4807,2380,2427,0,0,0,1.0,1,1.0,1,1.0,1,0.28324289588575985,54
3058,2,4809,2381,2428,0,0,0,1.0,1,1.0,1,1.0,1,0.30139928638037194,55
3059,1,4810,2381,2429,0,0,0,1.0,1,1.0,1,1.0,1,0.2804922412242944,56
3060,0,4810,2381,2429,0,0,0,1.0,1,1.0,1,1.0,1,0.2804922412242944,56
3061,2,4812,2382,2430,0,0,0,1.0,1,1.0,1,1.0,1,0.26506051613016296,56
3062,5,4817,2384,2433,0,0,0,1.0,1,1.0,1,1.0,1,0.2598964325912197,57
3063,1,4818,2385,2433,0,0,0,1.0,1,1.0,1,1.0,1,0.23661547715114947,55
3064,3,4821,2388,2433,0,0,0,1.0,1,1.0,1,1.0,1,0.2760970432316003,56
3065,2,4823,2390,2433,0,0,0,1.0,1,1.0,1,1.0,1,0.281813325287131,55
3066,2,4825,2391,2434,0,0,0,1.0,1,1.0,1,1.0,1,0.28805116457001484,55
3067,3,4828,2392,2436,0,0,0,1.0,1,1.0,1,1.0,1,0.27054838566339434,54
3068,6,4834,2395,2439,0,0,0,1.0,1,1.0,1,1.0,1,0.29125448909633483,53
3069,3,4837,2396,2441,0,0,0,1.0,1,1.0,1,1.0,1,0.2265080251852116,51
3070,0,4837,2396,2441,0,0,0,1.0,1,1.0,1,1.0,1,0.23100672458357813,50
3071,0,4837,2396,2441,0,0,0,1.0,1,1.0,1,1.0,1,0.21414971888633638,51
3072,2,4839,2398,2441,0,0,0,1.0,1,1.0,1,1.0,1,0.2074022382843786,53
3073,0,4839,2398,2441,0,0,0,1.0,1,1.0,1,1.0,1,0.21639306461555793,51
3074,1,4840,2399,2441,0,0,0,1.0,1,1.0,1,1.0,1,0.22677955177824838,50
3075,3,4843,2400,2443,0,0,0,1.0,1,1.0,1,1.0,1,0.2305332115739627,52
3076,1,4844,2400,2444,0,0,0,1.0,1,1.0,1,1.0,1,0.2440616476014852,53
3077,0,4844,2400,2444,0,0,0,1.0,1,1.0,1,1.0,1,0.2368506357058957,52
3078,0,4844,2400,2444,0,0,0,1.0,1,1.0,1,1.0,1,0.2737568541369359,53
3079,1,4845,2400,2445,0,0,0,1.0,1,1.0,1,1.0,1,0.25812930932780936,53
3080,1,4846,2400,2446,0,0,0,1.0,1,1.0,1,1.0,1,0.2570281670264054,52
3081,1,4847,2401,2446,0,0,0,1.0,1,1.0,1,1.0,1,0.2923467996256083,54
3082,5,4852,2403,2449,0,0,0,1.0,1,1.0,1,1.0,1,0.28735822067240685,54
3083,0,4852,2403,2449,0,0,0,1.0,1,1.0,1,1.0,1,0.28735822067240685,54
3084,1,4853,2404,2449,0,0,0,1.0,1,1.0,1,1.0,1,0.31024750773683113,55
3085,5,4858,2404,2454,0,0,0,1.0,1,1.0,1,1.0,1,0.24628723879426262,55
3086,0,4858,2404,2454,0,0,0,1.0,1,1.0,1,1.0,1,0.251323429307277,56
3087,0,4858,2404,2454,0,0,0,1.0,1,1.0,1,1.0,1,0.264547300983491,57
3088,1,4859,2404,2455,0,0,0,1.0,1,1.0,1,1.0,1,0.25856618169630796,56
3089,2,4861,2406,2455,0,0,0,1.0,1,1.0,1,1.0,1,0.2936166661165836,55
3090,1,4862,2406,2456,0,0,0,1.0,1,1.0,1,1.0,1,0.2914146693250735,54
3091,1,4863,2406,2457,0,0,0,1.0,1,1.0,1,1.0,1,0.3020379794638975,53
3092,2,4865,2406,2459,0,0,0,1.0,1,1.0,1,1.0,1,0.26502858489162334,56
3093,1,4866,2407,2459,0,0,0,1.0,1,1.0,1,1.0,1,0.2806190924227404,56
3094,0,4866,2407,2459,0,0,0,1.0,1,1.0,1,1.0,1,0.2936739476776059,58
3095,1,4867,2407,2460,0,0,0,1.0,1,1.0,1,1.0,1,0.28850818479860435,59
3096,0,4867,2407,2460,0,0,0,1.0,1,1.0,1,1.0,1,0.29556263165587565,60
3097,2,4869,2408,2461,0,0,0,1.0,1,1.0,1,1.0,1,0.2749544707418977,60
3098,0,4869,2408,2461,0,0,0,1.0,1,1.0,1,1.0,1,0.3019460541485988,58
3099,0,4869,2408,2461,0,0,0,1.0,1,1.0,1,1.0,1,0.3097520729594929,57
3100,0,4869,2408,2461,0,0,0,1.0,1,1.0,1,1.0,1,0.3097520729594929,57
3101,3,4872,2410,2462,0,0,0,1.0,1,1.0,1,1.0,1,0.29616592744790565,58
3102,3,4875,2412,2463,0,0,0,1.0,1,1.0,1,1.0,1,0.3357822568016127,59
3103,3,4878,2412,2466,0,0,0,1.0,1,1.0,1,1.0,1,0.2775702172315797,58
3104,5,4883,2414,2469,0,0,0,1.0,1,1.0,1,1.0,1,0.23865312670371674,58
3105,1,4884,2415,2469,0,0,0,1.0,1,1.0,1,1.0,1,0.21789578999628473,56
3106,5,4889,2419,2470,0,0,0,1.0,1,1.0,1,1.0,1,0.2369102636217956,57
3107,3,4892,2420,2472,0,0,0,1.0,1,1.0,1,1.0,1,0.19869856586180615,55
3108,3,4895,2422,2473,0,0,0,1.0,1,1.0,1,1.0,1,0.2045442308848081,55
3109,4,4899,2424,2475,0,0,0,1.0,1,1.0,1,1.0,1,0.20811522050247264,54
3110,3,4902,2427,2475,0,0,0,1.0,1,1.0,1,1.0,1,0.17974629402327652,54
3111,1,4903,2427,2476,0,0,0,1.0,1,1.0,1,1.0,1,0.1597596864590108,54
3112,4,4907,2430,2477,0,0,0,1.0,1,1.0,1,1.0,1,0.18549611906759317,56
3113,3,4910,2432,2478,0,0,0,1.0,1,1.0,1,1.0,1,0.16059162341726216,55
3114,2,4912,2434,2478,0,0,0,1.0,1,1.0,1,1.0,1,0.1773637119056303,54
3115,1,4913,2434,2479,0,0,0,1.0,1,1.0,1,1.0,1,0.15402998190765077,56
3116,2,4915,2436,2479,0,0,0,1.0,1,1.0,1,1.0,1,0.17547799827170238,56
3117,2,4917,2436,2481,0,0,0,1.0,1,1.0,1,1.0,1,0.1948098316824155,58
3118,2,4919,2437,2482,0,0,0,1.0,1,1.0,1,1.0,1,0.19395220908648778,57
3119,0,4919,2437,2482,0,0,0,1.0,1,1.0,1,1.0,1,0.19395220908648778,57
3120,0,4919,2437,2482,0,0,0,1.0,1,1.0,1,1.0,1,0.18666948693543808,56
3121,2,4921,2439,2482,0,0,0,1.0,1,1.0,1,1.0,1,0.1677786225522091,57
3122,0,4921,2439,2482,0,0,0,1.0,1,1.0,1,1.0,1,0.1677786225522091,57
3123,0,4921,2439,2482,0,0,0,1.0,1,1.0,1,1.0,1,0.1677786225522091,57
3124,2,4923,2439,2484,0,0,0,1.0,1,1.0,1,1.0,1,0.15387762702651347,59
3125,4,4927,2441,2486,0,0,0,1.0,1,1.0,1,1.0,1,0.17074715937246113,61
3126,2,4929,2442,2487,0,0,0,1.0,1,1.0,1,1.0,1,0.18085157791853448,60
3127,2,4931,2443,2488,0,0,0,1.0,1,1.0,1,1.0,1,0.17660355921601126,58
3128,2,4933,2444,2489,0,0,0,1.0,1,1.0,1,1.0,1,0.22611391687360982,58
3129,1,4934,2444,2490,0,0,0,1.0,1,1.0,1,1.0,1,0.24806038624290466,56
3130,3,4937,2444,2493,0,0,0,1.0,1,1.0,1,1.0,1,0.21230649244573085,56
3131,3,4940,2445,2495,0,0,0,1.0,1,1.0,1,1.0,1,0.22307421839664382,55
3132,0,4940,2445,2495,0,0,0,1.0,1,1.0,1,1.0,1,0.21002294872383842,53
3133,3,4943,2445,2498,0,0,0,1.0,1,1.0,1,1.0,1,0.14708979703683628,52
3134,1,4944,2445,2499,0,0,0,1.0,1,1.0,1,1.0,1,0.16260536003129714,52
3135,2,4946,2446,2500,0,0,0,1.0,1,1.0,1,1.0,1,0.15396808752365385,53
3136,5,4951,2449,2502,0,0,0,1.0,1,1.0,1,1.0,1,0.14802662314964038,54
3137,2,4953,2450,2503,0,0,0,1.0,1,1.0,1,1.0,1,0.14201318428170742,55
3138,5,4958,2453,2505,0,0,0,1.0,1,1.0,1,1.0,1,0.17582429017004683,57
3139,3,4961,2454,2507,0,0,0,1.0,1,1.0,1,1.0,1,0.17136887918943583,56
3140,2,4963,2454,2509,0,0,0,1.0,1,1.0,1,1.0,1,0.09598694373593054,56
3141,1,4964,2455,2509,0,0,0,1.0,1,1.0,1,1.0,1,0.1252131192728815,56
3142,0,4964,2455,2509,0,0,0,1.0,1,1.0,1,1.0,1,0.1252131192728815,56
3143,1,4965,2456,2509,0,0,0,1.0,1,1.0,1,1.0,1,0.12647179054670651,56
3144,1,4966,2457,2509,0,0,0,1.0,1,1.0,1,1.0,1,0.14753613453461464,54
3145,2,4968,2458,2510,0,0,0,1.0,1,1.0,1,1.0,1,0.1591386759954674,55
3146,2,4970,2459,2511,0,0,0,1.0,1,1.0,1,1.0,1,0.1660171040861766,53
3147,2,4972,2459,2513,0,0,0,1.0,1,1.0,1,1.0,1,0.1487114262936758,54
3148,4,4976,2461,2515,0,0,0,1.0,1,1.0,1,1.0,1,0.12267036703168599,54
3149,0,4976,2461,2515,0,0,0,1.0,1,1.0,1,1.0,1,0.11968292874462204,53
3150,0,4976,2461,2515,0,0,0,1.0,1,1.0,1,1.0,1,0.11968292874462204,53
3151,0,4976,2461,2515,0,0,0,1.0,1,1.0,1,1.0,1,0.13446820159953535,53
3152,1,4977,2461,2516,0,0,0,1.0,1,1.0,1,1.0,1,0.10054470655818425,54
3153,0,4977,2461,2516,0,0,0,1.0,1,1.0,1,1.0,1,0.12545997198489847,53
3154,2,4979,2462,2517,0,0,0,1.0,1,1.0,1,1.0,1,0.14781143831352353,55
3155,0,4979,2462,2517,0,0,0,1.0,1,1.0,1,1.0,1,0.14205006358131406,56
3156,1,4980,2463,2517,0,0,0,1.0,1,1.0,1,1.0,1,0.18905533653022172,56
3157,2,4982,2463,2519,0,0,0,1.0,1,1.0,1,1.0,1,0.16201106909556187,56
3158,0,4982,2463,2519,0,0,0,1.0,1,1.0,1,1.0,1,0.16113655890132772,57
3159,2,4984,2464,2520,0,0,0,1.0,1,1.0,1,1.0,1,0.1544080570084194,56
3160,1,4985,2464,2521,0,0,0,1.0,1,1.0,1,1.0,1,0.13814255287272162,58
3161,1,4986,2465,2521,0,0,0,1.0,1,1.0,1,1.0,1,0.14897781740099214,59
3162,2,4988,2466,2522,0,0,0,1.0,1,1.0,1,1.0,1,0.15826472363757188,59
3163,2,4990,2468,2522,0,0,0,1.0,1,1.0,1,1.0,1,0.21694771822214184,59
3164,4,4994,2469,2525,0,0,0,1.0,1,1.0,1,1.0,1,0.2278126495281574,60
3165,1,4995,2470,2525,0,0,0,1.0,1,1.0,1,1.0,1,0.26611954196690457,58
3166,9,5004,2472,2532,0,0,0,1.0,1,1.0,1,1.0,1,0.17726733750560145,59
3167,4,5008,2474,2534,0,0,0,1.0,1,1.0,1,1.0,1,0.13033845958488527,57
3168,3,5011,2475,2536,0,0,0,1.0,1,1.0,1,1.0,1,0.13622768073727934,58
3169,1,5012,2475,2537,0,0,0,1.0,1,1.0,1,1.0,1,0.1107612358652528,57
3170,0,5012,2475,2537,0,0,0,1.0,1,1.0,1,1.0,1,0.13368498141228727,55
3171,3,5015,2476,2539,0,0,0,1.0,1,1.0,1,1.0,1,0.13175760918100576,56
3172,0,5015,2476,2539,0,0,0,1.0,1,1.0,1,1.0,1,0.1178128627242199,54
3173,1,5016,2477,2539,0,0,0,1.0,1,1.0,1,1.0,1,0.1522534542968185,53
3174,1,5017,2478,2539,0,0,0,1.0,1,1.0,1,1.0,1,0.2083232061629224,53
3175,1,5018,2478,2540,0,0,0,1.0,1,1.0,1,1.0,1,0.1940196130001064,52
3176,4,5022,2482,2540,0,0,0,1.0,1,1.0,1,1.0,1,0.23736618204403231,53
3177,5,5027,2484,2543,0,0,0,1.0,1,1.0,1,1.0,1,0.2694331905057508,52
3178,3,5030,2484,2546,0,0,0,1.0,1,1.0,1,1.0,1,0.24399818455003955,53
3179,2,5032,2484,2548,0,0,0,1.0,1,1.0,1,1.0,1,0.19302196610297814,54
3180,0,5032,2484,2548,0,0,0,1.0,1,1.0,1,1.0,1,0.22543136083901047,54
3181,3,5035,2484,2551,0,0,0,1.0,1,1.0,1,1.0,1,0.17522899837237838,55
3182,1,5036,2484,2552,0,0,0,1.0,1,1.0,1,1.0,1,0.176392340701861,54
3183,2,5038,2485,2553,0,0,0,1.0,1,1.0,1,1.0,1,0.19833150015797024,56
3184,6,5044,2487,2557,0,0,0,1.0,1,1.0,1,1.0,1,0.16319483703520063,54
3185,2,5046,2489,2557,0,0,0,1.0,1,1.0,1,1.0,1,0.17162928482547302,53
3186,3,5049,2490,2559,0,0,0,1.0,1,1.0,1,1.0,1,0.1679059684364343,52
3187,0,5049,2490,2559,0,0,0,1.0,1,1.0,1,1.0,1,0.17871218344861722,50
3188,2,5051,2492,2559,0,0,0,1.0,1,1.0,1,1.0,1,0.20654669392547034,50
3189,3,5054,2494,2560,0,0,0,1.0,1,1.0,1,1.0,1,0.21825339195460325,49
3190,2,5056,2495,2561,0,0,0,1.0,1,1.0,1,1.0,1,0.22429048174392183,50
3191,2,5058,2497,2561,0,0,0,1.0,1,1.0,1,1.0,1,0.2572839315523309,49
3192,1,5059,2497,2562,0,0,0,1.0,1,1.0,1,1.0,1,0.24935231089725451,49
3193,0,5059,2497,2562,0,0,0,1.0,1,1.0,1,1.0,1,0.2477997299530001,49
3194,1,5060,2498,2562,0,0,0,1.0,1,1.0,1,1.0,1,0.2816983462512337,50
3195,1,5061,2498,2563,0,0,0,1.0,1,1.0,1,1.0,1,0.27625128796962617,49
3196,2,5063,2499,2564,0,0,0,1.0,1,1.0,1,1.0,1,0.26782668547974114,49
3197,1,5064,2499,2565,0,0,0,1.0,1,1.0,1,1.0,1,0.21796194894112061,50
3198,2,5066,2499,2567,0,0,0,1.0,1,1.0,1,1.0,1,0.18058025904874653,50
3199,3,5069,2499,2570,0,0,0,1.0,1,1.0,1,1.0,1,0.1204347826198856,52
3200,1,5070,2499,2571,0,0,0,1.0,1,1.0,1,1.0,1,0.1138183008655519,53
3201,1,5071,2499,2572,0,0,0,1.0,1,1.0,1,1.0,1,0.12303113316861836,55
3202,0,5071,2499,2572,0,0,0,1.0,1,1.0,1,1.0,1,0.12303113316861836,55
3203,0,5071,2499,2572,0,0,0,1.0,1,1.0,1,1.0,1,0.12413404323601608,53
3204,0,5071,2499,2572,0,0,0,1.0,1,1.0,1,1.0,1,0.14605155453166688,53
3205,1,5072,2500,2572,0,0,0,1.0,1,1.0,1,1.0,1,0.1268024539020976,53
3206,0,5072,2500,2572,0,0,0,1.0,1,1.0,1,1.0,1,0.15051602054515573,52
3207,3,5075,2503,2572,0,0,0,1.0,1,1.0,1,1.0,1,0.19497603330193164,53
3208,1,5076,2503,2573,0,0,0,1.0,1,1.0,1,1.0,1,0.2081500825810308,51
3209,2,5078,2504,2574,0,0,0,1.0,1,1.0,1,1.0,1,0.24632290279290525,52
3210,0,5078,2504,2574,0,0,0,1.0,1,1.0,1,1.0,1,0.2666782512953856,49
3211,3,5081,2507,2574,0,0,0,1.0,1,1.0,1,1.0,1,0.2788359897689762,48
3212,1,5082,2507,2575,0,0,0,1.0,1,1.0,1,1.0,1,0.2543383115704145,48
3213,2,5084,2509,2575,0,0,0,1.0,1,1.0,1,1.0,1,0.19772450019841709,49
3214,2,5086,2511,2575,0,0,0,1.0,1,1.0,1,1.0,1,0.17332979403093565,51
3215,0,5086,2511,2575,0,0,0,1.0,1,1.0,1,1.0,1,0.17332979403093565,51
3216,2,5088,2513,2575,0,0,0,1.0,1,1.0,1,1.0,1,0.1779621936350373,51
3217,1,5089,2514,2575,0,0,0,1.0,1,1.0,1,1.0,1,0.19853814179482768,51
3218,0,5089,2514,2575,0,0,0,1.0,1,1.0,1,1.0,1,0.19853814179482768,51
3219,0,5089,2514,2575,0,0,0,1.0,1,1.0,1,1.0,1,0.21421045532589889,52
3220,0,5089,2514,2575,0,0,0,1.0,1,1.0,1,1.0,1,0.21421045532589889,52
3221,1,5090,2514,2576,0,0,0,1.0,1,1.0,1,1.0,1,0.20198720763264721,54
3222,0,5090,2514,2576,0,0,0,1.0,1,1.0,1,1.0,1,0.19393107329593534,54
3223,1,5091,2514,2577,0,0,0,1.0,1,1.0,1,1.0,1,0.20378312929752687,56
3224,1,5092,2515,2577,0,0,0,1.0,1,1.0,1,1.0,1,0.21684087261520488,57
3225,1,5093,2515,2578,0,0,0,1.0,1,1.0,1,1.0,1,0.2259155501104899,58
3226,2,5095,2515,2580,0,0,0,1.0,1,1.0,1,1.0,1,0.19190633315152036,58
3227,0,5095,2515,2580,0,0,0,1.0,1,1.0,1,1.0,1,0.19190633315152036,58
3228,0,5095,2515,2580,0,0,0,1.0,1,1.0,1,1.0,1,0.19190633315152036,58
3229,0,5095,2515,2580,0,0,0,1.0,1,1.0,1,1.0,1,0.19661010394227033,60
3230,0,5095,2515,2580,0,0,0,1.0,1,1.0,1,1.0,1,0.19166637705844775,61
3231,1,5096,2516,2580,0,0,0,1.0,1,1.0,1,1.0,1,0.21194353234429608,61
3232,0,5096,2516,2580,0,0,0,1.0,1,1.0,1,1.0,1,0.21194353234429608,61
3233,5,5101,2516,2585,0,0,0,1.0,1,1.0,1,1.0,1,0.16319729073984887,63
3234,1,5102,2517,2585,0,0,0,1.0,1,1.0,1,1.0,1,0.20214781165220347,64
3235,3,5105,2517,2588,0,0,0,1.0,1,1.0,1,1.0,1,0.17089269159750145,65
3236,0,5105,2517,2588,0,0,0,1.0,1,1.0,1,1.0,1,0.17867385222306767,66
3237,1,5106,2517,2589,0,0,0,1.0,1,1.0,1,1.0,1,0.1631097495093865,67
3238,0,5106,2517,2589,0,0,0,1.0,1,1.0,1,1.0,1,0.1631097495093865,67
3239,2,5108,2518,2590,0,0,0,1.0,1,1.0,1,1.0,1,0.1709019860576087,69
3240,1,5109,2519,2590,0,0,0,1.0,1,1.0,1,1.0,1,0.1779766618785785,69
3241,5,5114,2522,2592,0,0,0,1.0,1,1.0,1,1.0,1,0.19202841322625627,68
3242,0,5114,2522,2592,0,0,0,1.0,1,1.0,1,1.0,1,0.18054956846068035,67
3243,3,5117,2524,2593,0,0,0,1.0,1,1.0,1,1.0,1,0.19727036276086685,68
3244,2,5119,2524,2595,0,0,0,1.0,1,1.0,1,1.0,1,0.16521124698874531,68
3245,1,5120,2524,2596,0,0,0,1.0,1,1.0,1,1.0,1,0.1524990384008502,69
3246,2,5122,2525,2597,0,0,0,1.0,1,1.0,1,1.0,1,0.15408305885850204,68
3247,0,5122,2525,2597,0,0,0,1.0,1,1.0,1,1.0,1,0.15408305885850204,68
3248,1,5123,2526,2597,0,0,0,1.0,1,1.0,1,1.0,1,0.16055379927521474,68
3249,0,5123,2526,2597,0,0,0,1.0,1,1.0,1,1.0,1,0.1657799893921675,69
3250,0,5123,2526,2597,0,0,0,1.0,1,1.0,1,1.0,1,0.1657799893921675,69
3251,1,5124,2527,2597,0,0,0,1.0,1,1.0,1,1.0,1,0.18923192447200385,68
3252,0,5124,2527,2597,0,0,0,1.0,1,1.0,1,1.0,1,0.170623027374306,68
3253,2,5126,2528,2598,0,0,0,1.0,1,1.0,1,1.0,1,0.17202246117080222,69
3254,0,5126,2528,2598,0,0,0,1.0,1,1.0,1,1.0,1,0.17202246117080222,69
3255,4,5130,2528,2602,0,0,0,1.0,1,1.0,1,1.0,1,0.14662598569753116,70
3256,1,5131,2528,2603,0,0,0,1.0,1,1.0,1,1.0,1,0.12541994061249553,70
3257,0,5131,2528,2603,0,0,0,1.0,1,1.0,1,1.0,1,0.13392959247159195,71
3258,2,5133,2530,2603,0,0,0,1.0,1,1.0,1,1.0,1,0.13928304103344263,72
3259,1,5134,2531,2603,0,0,0,1.0,1,1.0,1,1.0,1,0.14798464880931886,71
3260,0,5134,2531,2603,0,0,0,1.0,1,1.0,1,1.0,1,0.17100464640308619,72
3261,1,5135,2532,2603,0,0,0,1.0,1,1.0,1,1.0,1,0.1986780213704293,74
3262,5,5140,2533,2607,0,0,0,1.0,1,1.0,1,1.0,1,0.17776291406446915,73
3263,2,5142,2534,2608,0,0,0,1.0,1,1.0,1,1.0,1,0.17869567811313808,73
3264,2,5144,2536,2608,0,0,0,1.0,1,1.0,1,1.0,1,0.22731840873833217,71
3265,5,5149,2538,2611,0,0,0,1.0,1,1.0,1,1.0,1,0.19573039211376972,70
3266,3,5152,2541,2611,0,0,0,1.0,1,1.0,1,1.0,1,0.1884282191632038,69
3267,4,5156,2542,2614,0,0,0,1.0,1,1.0,1,1.0,1,0.17623513731134455,69
3268,4,5160,2545,2615,0,0,0,1.0,1,1.0,1,1.0,1,0.19326506962980428,68
3269,4,5164,2547,2617,0,0,0,1.0,1,1.0,1,1.0,1,0.20397524886688226,68
3270,0,5164,2547,2617,0,0,0,1.0,1,1.0,1,1.0,1,0.21371092376193535,67
3271,1,5165,2547,2618,0,0,0,1.0,1,1.0,1,1.0,1,0.2145289711254526,66
3272,1,5166,2548,2618,0,0,0,1.0,1,1.0,1,1.0,1,0.2059191223954716,67
3273,1,5167,2548,2619,0,0,0,1.0,1,1.0,1,1.0,1,0.2189901855393634,66
3274,4,5171,2549,2622,0,0,0,1.0,1,1.0,1,1.0,1,0.22068346775747502,68
3275,1,5172,2549,2623,0,0,0,1.0,1,1.0,1,1.0,1,0.2103045486617583,68
3276,0,5172,2549,2623,0,0,0,1.0,1,1.0,1,1.0,1,0.2162989283219061,69
3277,4,5176,2549,2627,0,0,0,1.0,1,1.0,1,1.0,1,0.17712199447501117,68
3278,1,5177,2549,2628,0,0,0,1.0,1,1.0,1,1.0,1,0.17037512140179764,69
3279,1,5178,2550,2628,0,0,0,1.0,1,1.0,1,1.0,1,0.1711372870474309,67
3280,3,5181,2551,2630,0,0,0,1.0,1,1.0,1,1.0,1,0.1738285581246328,66
3281,2,5183,2552,2631,0,0,0,1.0,1,1.0,1,1.0,1,0.17432573682840313,67
3282,3,5186,2553,2633,0,0,0,1.0,1,1.0,1,1.0,1,0.20218412614097916,66
3283,3,5189,2555,2634,0,0,0,1.0,1,1.0,1,1.0,1,0.22186146972470155,67
3284,4,5193,2555,2638,0,0,0,1.0,1,1.0,1,1.0,1,0.1551516962946155,66
3285,1,5194,2556,2638,0,0,0,1.0,1,1.0,1,1.0,1,0.1689896299749055,66
3286,1,5195,2556,2639,0,0,0,1.0,1,1.0,1,1.0,1,0.16343583220700553,63
3287,1,5196,2557,2639,0,0,0,1.0,1,1.0,1,1.0,1,0.20781178609205564,61
3288,1,5197,2557,2640,0,0,0,1.0,1,1.0,1,1.0,1,0.2066035436604278,63
3289,3,5200,2558,2642,0,0,0,1.0,1,1.0,1,1.0,1,0.212443195765848,62
3290,2,5202,2559,2643,0,0,0,1.0,1,1.0,1,1.0,1,0.21589912752402032,63
3291,2,5204,2560,2644,0,0,0,1.0,1,1.0,1,1.0,1,0.24874312698090092,62
3292,1,5205,2560,2645,0,0,0,1.0,1,1.0,1,1.0,1,0.24633665968292703,63
3293,3,5208,2561,2647,0,0,0,1.0,1,1.0,1,1.0,1,0.25093415198089786,65
3294,0,5208,2561,2647,0,0,0,1.0,1,1.0,1,1.0,1,0.25093415198089786,65
3295,4,5212,2563,2649,0,0,0,1.0,1,1.0,1,1.0,1,0.22534012884413168,65
3296,0,5212,2563,2649,0,0,0,1.0,1,1.0,1,1.0,1,0.22534012884413168,65
3297,1,5213,2564,2649,0,0,0,1.0,1,1.0,1,1.0,1,0.2185185329420155,66
3298,2,5215,2565,2650,0,0,0,1.0,1,1.0,1,1.0,1,0.21459448318223606,66
3299,0,5215,2565,2650,0,0,0,1.0,1,1.0,1,1.0,1,0.21740367943258646,67
3300,2,5217,2567,2650,0,0,0,1.0,1,1.0,1,1.0,1,0.2346267367234211,67
3301,3,5220,2568,2652,0,0,0,1.0,1,1.0,1,1.0,1,0.23947810042883924,68
3302,1,5221,2568,2653,0,0,0,1.0,1,1.0,1,1.0,1,0.2345275846953687,67
3303,1,5222,2569,2653,0,0,0,1.0,1,1.0,1,1.0,1,0.22935981024699617,67
3304,0,5222,2569,2653,0,0,0,1.0,1,1.0,1,1.0,1,0.23003476918823307,67
3305,4,5226,2569,2657,0,0,0,1.0,1,1.0,1,1.0,1,0.2289864657221878,69
3306,1,5227,2569,2658,0,0,0,1.0,1,1.0,1,1.0,1,0.21097094622005208,70
3307,1,5228,2569,2659,0,0,0,1.0,1,1.0,1,1.0,1,0.2060706118462444,70
3308,0,5228,2569,2659,0,0,0,1.0,1,1.0,1,1.0,1,0.2060706118462444,70
3309,0,5228,2569,2659,0,0,0,1.0,1,1.0,1,1.0,1,0.221125242064632,72
3310,3,5231,2569,2662,0,0,0,1.0,1,1.0,1,1.0,1,0.2183681509108536,74
3311,2,5233,2569,2664,0,0,0,1.0,1,1.0,1,1.0,1,0.19399919460847362,74
3312,0,5233,2569,2664,0,0,0,1.0,1,1.0,1,1.0,1,0.19399919460847362,74
3313,1,5234,2569,2665,0,0,0,1.0,1,1.0,1,1.0,1,0.19490489394277682,75
3314,2,5236,2569,2667,0,0,0,1.0,1,1.0,1,1.0,1,0.19103026977476714,76
3315,1,5237,2570,2667,0,0,0,1.0,1,1.0,1,1.0,1,0.22233162965351824,75
3316,5,5242,2572,2670,0,0,0,1.0,1,1.0,1,1.0,1,0.21786704500937998,76
3317,2,5244,2574,2670,0,0,0,1.0,1,1.0,1,1.0,1,0.22899643731945607,73
3318,3,5247,2577,2670,0,0,0,1.0,1,1.0,1,1.0,1,0.2788553431768587,72
3319,8,5255,2578,2677,0,0,0,1.0,1,1.0,1,1.0,1,0.20499933671567958,71
3320,0,5255,2578,2677,0,0,0,1.0,1,1.0,1,1.0,1,0.20600322562087806,70
3321,2,5257,2580,2677,0,0,0,1.0,1,1.0,1,1.0,1,0.23343457890452549,69
3322,2,5259,2582,2677,0,0,0,1.0,1,1.0,1,1.0,1,0.20405567111759276,68
3323,1,5260,2582,2678,0,0,0,1.0,1,1.0,1,1.0,1,0.19767389247291983,69
3324,2,5262,2583,2679,0,0,0,1.0,1,1.0,1,1.0,1,0.18790070089522165,69
3325,0,5262,2583,2679,0,0,0,1.0,1,1.0,1,1.0,1,0.18925288285627898,70
3326,3,5265,2585,2680,0,0,0,1.0,1,1.0,1,1.0,1,0.20509094961702834,69
3327,1,5266,2586,2680,0,0,0,1.0,1,1.0,1,1.0,1,0.21318911229110696,70
3328,1,5267,2586,2681,0,0,0,1.0,1,1.0,1,1.0,1,0.2058260145620654,73
3329,1,5268,2587,2681,0,0,0,1.0,1,1.0,1,1.0,1,0.24558853062463987,72
3330,1,5269,2588,2681,0,0,0,1.0,1,1.0,1,1.0,1,0.25472638853648594,72
3331,1,5270,2589,2681,0,0,0,1.0,1,1.0,1,1.0,1,0.24258597374056245,72
3332,1,5271,2589,2682,0,0,0,1.0,1,1.0,1,1.0,1,0.24023271990652675,73
3333,0,5271,2589,2682,0,0,0,1.0,1,1.0,1,1.0,1,0.24056452229958158,72
3334,1,5272,2589,2683,0,0,0,1.0,1,1.0,1,1.0,1,0.2265907001868449,73
3335,0,5272,2589,2683,0,0,0,1.0,1,1.0,1,1.0,1,0.23321702461742513,74
3336,0,5272,2589,2683,0,0,0,1.0,1,1.0,1,1.0,1,0.23321702461742513,74
3337,0,5272,2589,2683,0,0,0,1.0,1,1.0,1,1.0,1,0.23321702461742513,74
3338,0,5272,2589,2683,0,0,0,1.0,1,1.0,1,1.0,1,0.23321702461742513,74
3339,2,5274,2590,2684,0,0,0,1.0,1,1.0,1,1.0,1,0.24065662107098426,75
3340,2,5276,2590,2686,0,0,0,1.0,1,1.0,1,1.0,1,0.22932153115626058,75
3341,2,5278,2590,2688,0,0,0,1.0,1,1.0,1,1.0,1,0.2296184282814359,76
3342,1,5279,2590,2689,0,0,0,1.0,1,1.0,1,1.0,1,0.24019087360713307,76
3343,3,5282,2591,2691,0,0,0,1.0,1,1.0,1,1.0,1,0.22385865134413954,75
3344,3,5285,2592,2693,0,0,0,1.0,1,1.0,1,1.0,1,0.21799982773652388,75
3345,2,5287,2594,2693,0,0,0,1.0,1,1.0,1,1.0,1,0.24231649619491455,72
3346,5,5292,2595,2697,0,0,0,1.0,1,1.0,1,1.0,1,0.2258687878983466,73
3347,4,5296,2597,2699,0,0,0,1.0,1,1.0,1,1.0,1,0.2164386983752601,73
3348,1,5297,2598,2699,0,0,0,1.0,1,1.0,1,1.0,1,0.2300136806254899,73
3349,6,5303,2599,2704,0,0,0,1.0,1,1.0,1,1.0,1,0.18673740976988548,74
3350,4,5307,2601,2706,0,0,0,1.0,1,1.0,1,1.0,1,0.18933227464562893,73
3351,1,5308,2602,2706,0,0,0,1.0,1,1.0,1,1.0,1,0.1944421200217094,72
3352,0,5308,2602,2706,0,0,0,1.0,1,1.0,1,1.0,1,0.20729055753319048,72
3353,1,5309,2603,2706,0,0,0,1.0,1,1.0,1,1.0,1,0.23475197436033676,72
3354,5,5314,2605,2709,0,0,0,1.0,1,1.0,1,1.0,1,0.22114158518010285,70
3355,2,5316,2606,2710,0,0,0,1.0,1,1.0,1,1.0,1,0.24344056358392768,69
3356,3,5319,2609,2710,0,0,0,1.0,1,1.0,1,1.0,1,0.26198295169656344,69
3357,2,5321,2610,2711,0,0,0,1.0,1,1.0,1,1.0,1,0.24118252736201165,68
3358,1,5322,2611,2711,0,0,0,1.0,1,1.0,1,1.0,1,0.2566872372017803,68
3359,1,5323,2612,2711,0,0,0,1.0,1,1.0,1,1.0,1,0.26133975559173894,66
3360,2,5325,2614,2711,0,0,0,1.0,1,1.0,1,1.0,1,0.3127164480439138,65
3361,2,5327,2614,2713,0,0,0,1.0,1,1.0,1,1.0,1,0.2586325060504187,64
3362,0,5327,2614,2713,0,0,0,1.0,1,1.0,1,1.0,1,0.2586325060504187,64
3363,0,5327,2614,2713,0,0,0,1.0,1,1.0,1,1.0,1,0.257829011791007,65
3364,1,5328,2614,2714,0,0,0,1.0,1,1.0,1,1.0,1,0.2425178515109472,66
3365,0,5328,2614,2714,0,0,0,1.0,1,1.0,1,1.0,1,0.24926505861900852,68
3366,1,5329,2615,2714,0,0,0,1.0,1,1.0,1,1.0,1,0.2679153853470341,66
3367,1,5330,2615,2715,0,0,0,1.0,1,1.0,1,1.0,1,0.27692264358061514,68
3368,2,5332,2616,2716,0,0,0,1.0,1,1.0,1,1.0,1,0.27579827357263054,68
3369,1,5333,2616,2717,0,0,0,1.0,1,1.0,1,1.0,1,0.2689236119029238,69
3370,2,5335,2616,2719,0,0,0,1.0,1,1.0,1,1.0,1,0.24116264253089956,71
3371,1,5336,2616,2720,0,0,0,1.0,1,1.0,1,1.0,1,0.23432078092374428,71
3372,2,5338,2617,2721,0,0,0,1.0,1,1.0,1,1.0,1,0.2398267405357464,71
3373,3,5341,2617,2724,0,0,0,1.0,1,1.0,1,1.0,1,0.21601913721215768,72
3374,1,5342,2617,2725,0,0,0,1.0,1,1.0,1,1.0,1,0.20846292530897434,72
3375,1,5343,2618,2725,0,0,0,1.0,1,1.0,1,1.0,1,0.2139957185988416,73
3376,2,5345,2618,2727,0,0,0,1.0,1,1.0,1,1.0,1,0.19839385484969696,75
3377,1,5346,2619,2727,0,0,0,1.0,1,1.0,1,1.0,1,0.20276578173415374,77
3378,0,5346,2619,2727,0,0,0,1.0,1,1.0,1,1.0,1,0.20276578173415374,77
3379,3,5349,2621,2728,0,0,0,1.0,1,1.0,1,1.0,1,0.20344812239335844,77
3380,0,5349,2621,2728,0,0,0,1.0,1,1.0,1,1.0,1,0.21314174593017124,76
3381,1,5350,2622,2728,0,0,0,1.0,1,1.0,1,1.0,1,0.21305776984825292,76
3382,2,5352,2623,2729,0,0,0,1.0,1,1.0,1,1.0,1,0.21754058655626957,78
3383,0,5352,2623,2729,0,0,0,1.0,1,1.0,1,1.0,1,0.21594777308307495,77
3384,5,5357,2628,2729,0,0,0,1.0,1,1.0,1,1.0,1,0.2721652570231755,77
3385,8,5365,2629,2736,0,0,0,1.0,1,1.0,1,1.0,1,0.2481645548276694,75
3386,1,5366,2630,2736,0,0,0,1.0,1,1.0,1,1.0,1,0.24635276592984767,76
3387,1,5367,2630,2737,0,0,0,1.0,1,1.0,1,1.0,1,0.23611942693829244,75
3388,2,5369,2631,2738,0,0,0,1.0,1,1.0,1,1.0,1,0.2421343514559781,76
3389,0,5369,2631,2738,0,0,0,1.0,1,1.0,1,1.0,1,0.24040323227466018,77
3390,0,5369,2631,2738,0,0,0,1.0,1,1.0,1,1.0,1,0.24250859029941332,76
3391,1,5370,2632,2738,0,0,0,1.0,1,1.0,1,1.0,1,0.22169026667493003,77
3392,2,5372,2632,2740,0,0,0,1.0,1,1.0,1,1.0,1,0.20607444561104493,78
3393,2,5374,2633,2741,0,0,0,1.0,1,1.0,1,1.0,1,0.19354464322176354,76
3394,3,5377,2634,2743,0,0,0,1.0,1,1.0,1,1.0,1,0.20768061110359418,75
3395,0,5377,2634,2743,0,0,0,1.0,1,1.0,1,1.0,1,0.21042637510227521,73
3396,1,5378,2634,2744,0,0,0,1.0,1,1.0,1,1.0,1,0.19269203692195988,73
3397,1,5379,2635,2744,0,0,0,1.0,1,1.0,1,1.0,1,0.18416662570411252,74
3398,1,5380,2636,2744,0,0,0,1.0,1,1.0,1,1.0,1,0.18641360904002424,74
3399,3,5383,2638,2745,0,0,0,1.0,1,1.0,1,1.0,1,0.19743922171083275,75
3400,5,5388,2639,2749,0,0,0,1.0,1,1.0,1,1.0,1,0.1583504494744529,75
3401,3,5391,2640,2751,0,0,0,1.0,1,1.0,1,1.0,1,0.14330762946413372,77
3402,1,5392,2641,2751,0,0,0,1.0,1,1.0,1,1.0,1,0.14723999801970042,77
3403,4,5396,2642,2754,0,0,0,1.0,1,1.0,1,1.0,1,0.14078544710582316,78
3404,1,5397,2643,2754,0,0,0,1.0,1,1.0,1,1.0,1,0.1489388220565618,78
3405,0,5397,2643,2754,0,0,0,1.0,1,1.0,1,1.0,1,0.1489388220565618,78
3406,1,5398,2644,2754,0,0,0,1.0,1,1.0,1,1.0,1,0.15584902170678916,78
3407,0,5398,2644,2754,0,0,0,1.0,1,1.0,1,1.0,1,0.1557538369564564,78
3408,1,5399,2644,2755,0,0,0,1.0,1,1.0,1,1.0,1,0.1397286420990719,79
3409,0,5399,2644,2755,0,0,0,1.0,1,1.0,1,1.0,1,0.14415561519944858,81
3410,0,5399,2644,2755,0,0,0,1.0,1,1.0,1,1.0,1,0.1500787799156412,82
3411,1,5400,2644,2756,0,0,0,1.0,1,1.0,1,1.0,1,0.14498152412863102,84
3412,0,5400,2644,2756,0,0,0,1.0,1,1.0,1,1.0,1,0.14498152412863102,84
3413,1,5401,2645,2756,0,0,0,1.0,1,1.0,1,1.0,1,0.1469636787614811,84
3414,0,5401,2645,2756,0,0,0,1.0,1,1.0,1,1.0,1,0.1469636787614811,84
3415,3,5404,2647,2757,0,0,0,1.0,1,1.0,1,1.0,1,0.1675611448061927,85
3416,1,5405,2648,2757,0,0,0,1.0,1,1.0,1,1.0,1,0.1581202204255903,85
3417,3,5408,2649,2759,0,0,0,1.0,1,1.0,1,1.0,1,0.15840784683621448,86
3418,1,5409,2650,2759,0,0,0,1.0,1,1.0,1,1.0,1,0.17928277933922152,86
3419,2,5411,2651,2760,0,0,0,1.0,1,1.0,1,1.0,1,0.1955422124096798,87
3420,1,5412,2651,2761,0,0,0,1.0,1,1.0,1,1.0,1,0.1935647461076112,88
3421,5,5417,2653,2764,0,0,0,1.0,1,1.0,1,1.0,1,0.18129578569569443,89
3422,3,5420,2653,2767,0,0,0,1.0,1,1.0,1,1.0,1,0.1733624147942773,90
3423,0,5420,2653,2767,0,0,0,1.0,1,1.0,1,1.0,1,0.1734062691956154,90
3424,1,5421,2653,2768,0,0,0,1.0,1,1.0,1,1.0,1,0.16045579068057683,91
3425,1,5422,2654,2768,0,0,0,1.0,1,1.0,1,1.0,1,0.15969574534841618,90
3426,2,5424,2656,2768,0,0,0,1.0,1,1.0,1,1.0,1,0.16638150309345054,92
3427,2,5426,2656,2770,0,0,0,1.0,1,1.0,1,1.0,1,0.16379315614551732,92
3428,1,5427,2656,2771,0,0,0,1.0,1,1.0,1,1.0,1,0.16336806470902487,91
3429,1,5428,2656,2772,0,0,0,1.0,1,1.0,1,1.0,1,0.16170196296761877,91
3430,3,5431,2658,2773,0,0,0,1.0,1,1.0,1,1.0,1,0.17539078498139693,91
3431,0,5431,2658,2773,0,0,0,1.0,1,1.0,1,1.0,1,0.1623693952259849,90
3432,2,5433,2659,2774,0,0,0,1.0,1,1.0,1,1.0,1,0.17070636143680856,91
3433,3,5436,2659,2777,0,0,0,1.0,1,1.0,1,1.0,1,0.16530388876263682,90
3434,0,5436,2659,2777,0,0,0,1.0,1,1.0,1,1.0,1,0.15817979903070228,89
3435,2,5438,2660,2778,0,0,0,1.0,1,1.0,1,1.0,1,0.16914941226310334,88
3436,0,5438,2660,2778,0,0,0,1.0,1,1.0,1,1.0,1,0.17267393248781968,86
3437,2,5440,2661,2779,0,0,0,1.0,1,1.0,1,1.0,1,0.18546319060587702,86
3438,1,5441,2661,2780,0,0,0,1.0,1,1.0,1,1.0,1,0.19853011941899235,87
3439,3,5444,2662,2782,0,0,0,1.0,1,1.0,1,1.0,1,0.18975941925587045,86
3440,1,5445,2662,2783,0,0,0,1.0,1,1.0,1,1.0,1,0.1758587047705163,86
3441,1,5446,2663,2783,0,0,0,1.0,1,1.0,1,1.0,1,0.17947301813766403,85
3442,2,5448,2663,2785,0,0,0,1.0,1,1.0,1,1.0,1,0.1592845470976463,85
3443,1,5449,2663,2786,0,0,0,1.0,1,1.0,1,1.0,1,0.1612857791333349,85
3444,2,5451,2664,2787,0,0,0,1.0,1,1.0,1,1.0,1,0.1495102832275763,85
3445,3,5454,2666,2788,0,0,0,1.0,1,1.0,1,1.0,1,0.17121916014323268,84
3446,4,5458,2669,2789,0,0,0,1.0,1,1.0,1,1.0,1,0.21496020159020815,85
3447,1,5459,2669,2790,0,0,0,1.0,1,1.0,1,1.0,1,0.2141755173430018,85
3448,5,5464,2671,2793,0,0,0,1.0,1,1.0,1,1.0,1,0.2102522716423726,85
3449,0,5464,2671,2793,0,0,0,1.0,1,1.0,1,1.0,1,0.21942292714567035,84
3450,0,5464,2671,2793,0,0,0,1.0,1,1.0,1,1.0,1,0.21942292714567035,84
3451,1,5465,2672,2793,0,0,0,1.0,1,1.0,1,1.0,1,0.22164382710160277,85
3452,1,5466,2673,2793,0,0,0,1.0,1,1.0,1,1.0,1,0.21423049153336612,86
3453,0,5466,2673,2793,0,0,0,1.0,1,1.0,1,1.0,1,0.2164073622209652,85
3454,4,5470,2673,2797,0,0,0,1.0,1,1.0,1,1.0,1,0.18101016295869254,88
3455,0,5470,2673,2797,0,0,0,1.0,1,1.0,1,1.0,1,0.18101016295869254,88
3456,1,5471,2674,2797,0,0,0,1.0,1,1.0,1,1.0,1,0.1883921614136681,88
3457,2,5473,2674,2799,0,0,0,1.0,1,1.0,1,1.0,1,0.17652003330714075,89
3458,0,5473,2674,2799,0,0,0,1.0,1,1.0,1,1.0,1,0.18312615947751118,88
3459,0,5473,2674,2799,0,0,0,1.0,1,1.0,1,1.0,1,0.18312615947751118,88
3460,1,5474,2674,2800,0,0,0,1.0,1,1.0,1,1.0,1,0.17331776120443235,89
3461,0,5474,2674,2800,0,0,0,1.0,1,1.0,1,1.0,1,0.17331776120443235,89
3462,0,5474,2674,2800,0,0,0,1.0,1,1.0,1,1.0,1,0.179719190953099,90
3463,2,5476,2674,2802,0,0,0,1.0,1,1.0,1,1.0,1,0.15953476846825534,89
3464,0,5476,2674,2802,0,0,0,1.0,1,1.0,1,1.0,1,0.16311714605075642,88
3465,0,5476,2674,2802,0,0,0,1.0,1,1.0,1,1.0,1,0.1933264401382336,87
3466,3,5479,2674,2805,0,0,0,1.0,1,1.0,1,1.0,1,0.16403591801545386,87
3467,3,5482,2675,2807,0,0,0,1.0,1,1.0,1,1.0,1,0.1653303573146715,87
3468,5,5487,2677,2810,0,0,0,1.0,1,1.0,1,1.0,1,0.1775343670030863,88
3469,4,5491,2678,2813,0,0,0,1.0,1,1.0,1,1.0,1,0.16569172793092726,85
3470,2,5493,2680,2813,0,0,0,1.0,1,1.0,1,1.0,1,0.19487010399419205,86
3471,5,5498,2682,2816,0,0,0,1.0,1,1.0,1,1.0,1,0.20087448085877146,84
3472,2,5500,2683,2817,0,0,0,1.0,1,1.0,1,1.0,1,0.20345998171642302,83
3473,0,5500,2683,2817,0,0,0,1.0,1,1.0,1,1.0,1,0.20604759959098332,81
3474,3,5503,2684,2819,0,0,0,1.0,1,1.0,1,1.0,1,0.1612277914277146,80
3475,3,5506,2685,2821,0,0,0,1.0,1,1.0,1,1.0,1,0.1904889075958759,82
3476,3,5509,2686,2823,0,0,0,1.0,1,1.0,1,1.0,1,0.1548617819293113,81
3477,1,5510,2687,2823,0,0,0,1.0,1,1.0,1,1.0,1,0.1864078967019899,83
3478,2,5512,2688,2824,0,0,0,1.0,1,1.0,1,1.0,1,0.19294783080472006,83
3479,3,5515,2690,2825,0,0,0,1.0,1,1.0,1,1.0,1,0.1824556333909278,83
3480,0,5515,2690,2825,0,0,0,1.0,1,1.0,1,1.0,1,0.1824556333909278,83
3481,3,5518,2692,2826,0,0,0,1.0,1,1.0,1,1.0,1,0.18882568883720027,83
3482,3,5521,2692,2829,0,0,0,1.0,1,1.0,1,1.0,1,0.18224641357719584,83
3483,5,5526,2694,2832,0,0,0,1.0,1,1.0,1,1.0,1,0.16463937078043392,82
3484,0,5526,2694,2832,0,0,0,1.0,1,1.0,1,1.0,1,0.16463937078043392,82
3485,3,5529,2696,2833,0,0,0,1.0,1,1.0,1,1.0,1,0.1857001177364124,83
3486,1,5530,2696,2834,0,0,0,1.0,1,1.0,1,1.0,1,0.17467782191999398,83
3487,0,5530,2696,2834,0,0,0,1.0,1,1.0,1,1.0,1,0.1801999547965598,84
3488,0,5530,2696,2834,0,0,0,1.0,1,1.0,1,1.0,1,0.18257868967245738,84
3489,1,5531,2696,2835,0,0,0,1.0,1,1.0,1,1.0,1,0.1639216949757575,84
3490,0,5531,2696,2835,0,0,0,1.0,1,1.0,1,1.0,1,0.1639216949757575,84
3491,1,5532,2696,2836,0,0,0,1.0,1,1.0,1,1.0,1,0.16330271405142963,86
3492,2,5534,2697,2837,0,0,0,1.0,1,1.0,1,1.0,1,0.14725387086289451,86
3493,1,5535,2697,2838,0,0,0,1.0,1,1.0,1,1.0,1,0.13370131171671476,86
3494,0,5535,2697,2838,0,0,0,1.0,1,1.0,1,1.0,1,0.13370131171671476,86
3495,1,5536,2697,2839,0,0,0,1.0,1,1.0,1,1.0,1,0.12570448761872793,87
3496,1,5537,2698,2839,0,0,0,1.0,1,1.0,1,1.0,1,0.1269566304638485,88
3497,2,5539,2699,2840,0,0,0,1.0,1,1.0,1,1.0,1,0.13202538857624468,89
3498,0,5539,2699,2840,0,0,0,1.0,1,1.0,1,1.0,1,0.14837945897823787,89
3499,3,5542,2700,2842,0,0,0,1.0,1,1.0,1,1.0,1,0.1385166991942056,91
3500,2,5544,2701,2843,0,0,0,1.0,1,1.0,1,1.0,1,0.14053080126450268,90
3501,0,5544,2701,2843,0,0,0,1.0,1,1.0,1,1.0,1,0.14053080126450268,90
3502,0,5544,2701,2843,0,0,0,1.0,1,1.0,1,1.0,1,0.14580714541297338,91
3503,2,5546,2703,2843,0,0,0,1.0,1,1.0,1,1.0,1,0.15505920489452546,91
3504,2,5548,2705,2843,0,0,0,1.0,1,1.0,1,1.0,1,0.18031720502938667,89
3505,3,5551,2706,2845,0,0,0,1.0,1,1.0,1,1.0,1,0.1711781894894263,87
3506,2,5553,2708,2845,0,0,0,1.0,1,1.0,1,1.0,1,0.1817729163957205,87
3507,5,5558,2711,2847,0,0,0,1.0,1,1.0,1,1.0,1,0.1526709464201941,84
3508,3,5561,2713,2848,0,0,0,1.0,1,1.0,1,1.0,1,0.18319932966466346,83
3509,1,5562,2714,2848,0,0,0,1.0,1,1.0,1,1.0,1,0.178827498529136,80
3510,0,5562,2714,2848,0,0,0,1.0,1,1.0,1,1.0,1,0.17104244932005755,78
3511,0,5562,2714,2848,0,0,0,1.0,1,1.0,1,1.0,1,0.17134264261244295,77
3512,0,5562,2714,2848,0,0,0,1.0,1,1.0,1,1.0,1,0.18144350898441297,74
3513,1,5563,2715,2848,0,0,0,1.0,1,1.0,1,1.0,1,0.20159898693595038,76
3514,2,5565,2716,2849,0,0,0,1.0,1,1.0,1,1.0,1,0.19433714555916062,76
3515,1,5566,2717,2849,0,0,0,1.0,1,1.0,1,1.0,1,0.1974976512195271,75
3516,1,5567,2718,2849,0,0,0,1.0,1,1.0,1,1.0,1,0.2048847793452921,73
3517,5,5572,2721,2851,0,0,0,1.0,1,1.0,1,1.0,1,0.2193242170535362,74
3518,0,5572,2721,2851,0,0,0,1.0,1,1.0,1,1.0,1,0.23007173853733717,74
3519,0,5572,2721,2851,0,0,0,1.0,1,1.0,1,1.0,1,0.24049514395121926,73
3520,3,5575,2721,2854,0,0,0,1.0,1,1.0,1,1.0,1,0.21225621490880978,74
3521,1,5576,2721,2855,0,0,0,1.0,1,1.0,1,1.0,1,0.2009925969772738,75
3522,0,5576,2721,2855,0,0,0,1.0,1,1.0,1,1.0,1,0.2009925969772738,75
3523,3,5579,2721,2858,0,0,0,1.0,1,1.0,1,1.0,1,0.16776233240481636,75
3524,1,5580,2722,2858,0,0,0,1.0,1,1.0,1,1.0,1,0.16199044250423641,75
3525,0,5580,2722,2858,0,0,0,1.0,1,1.0,1,1.0,1,0.17358682949029292,75
3526,3,5583,2724,2859,0,0,0,1.0,1,1.0,1,1.0,1,0.18857796664463863,76
3527,2,5585,2726,2859,0,0,0,1.0,1,1.0,1,1.0,1,0.23538505110468394,77
3528,8,5593,2727,2866,0,0,0,1.0,1,1.0,1,1.0,1,0.1945261985997775,77
3529,4,5597,2729,2868,0,0,0,1.0,1,1.0,1,1.0,1,0.20492727307941555,78
3530,1,5598,2729,2869,0,0,0,1.0,1,1.0,1,1.0,1,0.21516529991530908,78
3531,1,5599,2730,2869,0,0,0,1.0,1,1.0,1,1.0,1,0.2423505305132784,79
3532,4,5603,2731,2872,0,0,0,1.0,1,1.0,1,1.0,1,0.23972571163815679,79
3533,1,5604,2732,2872,0,0,0,1.0,1,1.0,1,1.0,1,0.25916265788114046,79
3534,2,5606,2734,2872,0,0,0,1.0,1,1.0,1,1.0,1,0.2893575295850669,80
3535,2,5608,2734,2874,0,0,0,1.0,1,1.0,1,1.0,1,0.26893118523098153,81
3536,2,5610,2734,2876,0,0,0,1.0,1,1.0,1,1.0,1,0.25756660537055026,82
3537,0,5610,2734,2876,0,0,0,1.0,1,1.0,1,1.0,1,0.25756660537055026,82
3538,3,5613,2735,2878,0,0,0,1.0,1,1.0,1,1.0,1,0.23761686647579564,83
3539,0,5613,2735,2878,0,0,0,1.0,1,1.0,1,1.0,1,0.23761686647579564,83
3540,1,5614,2736,2878,0,0,0,1.0,1,1.0,1,1.0,1,0.23652894653598544,85
3541,3,5617,2737,2880,0,0,0,1.0,1,1.0,1,1.0,1,0.2289405052587008,85
3542,2,5619,2737,2882,0,0,0,1.0,1,1.0,1,1.0,1,0.19933800846601352,88
3543,1,5620,2738,2882,0,0,0,1.0,1,1.0,1,1.0,1,0.19665335685680602,87
3544,1,5621,2739,2882,0,0,0,1.0,1,1.0,1,1.0,1,0.20312505419695465,87
3545,0,5621,2739,2882,0,0,0,1.0,1,1.0,1,1.0,1,0.19768252063347327,85
3546,0,5621,2739,2882,0,0,0,1.0,1,1.0,1,1.0,1,0.19246254768526805,83
3547,1,5622,2739,2883,0,0,0,1.0,1,1.0,1,1.0,1,0.17768921178374056,82
3548,1,5623,2740,2883,0,0,0,1.0,1,1.0,1,1.0,1,0.18027435670066963,82
3549,1,5624,2741,2883,0,0,0,1.0,1,1.0,1,1.0,1,0.18010229189088472,81
3550,3,5627,2743,2884,0,0,0,1.0,1,1.0,1,1.0,1,0.18314896342090572,79
3551,2,5629,2745,2884,0,0,0,1.0,1,1.0,1,1.0,1,0.18778857229913604,80
3552,2,5631,2746,2885,0,0,0,1.0,1,1.0,1,1.0,1,0.19308503581874467,78
3553,2,5633,2747,2886,0,0,0,1.0,1,1.0,1,1.0,1,0.19214921295397208,79
3554,1,5634,2747,2887,0,0,0,1.0,1,1.0,1,1.0,1,0.18661211326782257,77
3555,1,5635,2748,2887,0,0,0,1.0,1,1.0,1,1.0,1,0.1992950486261564,77
3556,1,5636,2748,2888,0,0,0,1.0,1,1.0,1,1.0,1,0.20387792057230608,76
3557,1,5637,2748,2889,0,0,0,1.0,1,1.0,1,1.0,1,0.19333573733680764,76
3558,2,5639,2749,2890,0,0,0,1.0,1,1.0,1,1.0,1,0.20180030851868946,76
3559,5,5644,2749,2895,0,0,0,1.0,1,1.0,1,1.0,1,0.16936537170659005,76
3560,3,5647,2750,2897,0,0,0,1.0,1,1.0,1,1.0,1,0.18380563175681638,78
3561,2,5649,2750,2899,0,0,0,1.0,1,1.0,1,1.0,1,0.17037633201413144,79
3562,2,5651,2751,2900,0,0,0,1.0,1,1.0,1,1.0,1,0.1542890816917312,79
3563,3,5654,2753,2901,0,0,0,1.0,1,1.0,1,1.0,1,0.15139496566391175,79
3564,2,5656,2755,2901,0,0,0,1.0,1,1.0,1,1.0,1,0.1735040582993485,80
3565,2,5658,2756,2902,0,0,0,1.0,1,1.0,1,1.0,1,0.17400998730517941,83
3566,2,5660,2757,2903,0,0,0,1.0,1,1.0,1,1.0,1,0.2034191121208839,84
3567,1,5661,2757,2904,0,0,0,1.0,1,1.0,1,1.0,1,0.1941118199251478,84
3568,6,5667,2758,2909,0,0,0,1.0,1,1.0,1,1.0,1,0.16045884166191846,84
3569,1,5668,2759,2909,0,0,0,1.0,1,1.0,1,1.0,1,0.1665756739863431,84
3570,5,5673,2761,2912,0,0,0,1.0,1,1.0,1,1.0,1,0.16651418010547836,87
3571,3,5676,2762,2914,0,0,0,1.0,1,1.0,1,1.0,1,0.1742001786073342,86
3572,3,5679,2763,2916,0,0,0,1.0,1,1.0,1,1.0,1,0.1552781819427301,87
3573,1,5680,2764,2916,0,0,0,1.0,1,1.0,1,1.0,1,0.1644367296835559,87
3574,2,5682,2766,2916,0,0,0,1.0,1,1.0,1,1.0,1,0.1797975563095236,88
3575,1,5683,2766,2917,0,0,0,1.0,1,1.0,1,1.0,1,0.17561702450769417,88
3576,1,5684,2767,2917,0,0,0,1.0,1,1.0,1,1.0,1,0.1740817450222215,90
3577,2,5686,2767,2919,0,0,0,1.0,1,1.0,1,1.0,1,0.1535355150854285,90
3578,1,5687,2768,2919,0,0,0,1.0,1,1.0,1,1.0,1,0.15931819830924512,91
3579,1,5688,2769,2919,0,0,0,1.0,1,1.0,1,1.0,1,0.15995719879569825,91
3580,2,5690,2769,2921,0,0,0,1.0,1,1.0,1,1.0,1,0.16206073784541788,91
3581,1,5691,2770,2921,0,0,0,1.0,1,1.0,1,1.0,1,0.16380476049445294,91
3582,3,5694,2771,2923,0,0,0,1.0,1,1.0,1,1.0,1,0.15785905267606884,92
3583,1,5695,2771,2924,0,0,0,1.0,1,1.0,1,1.0,1,0.14891930512882393,88
3584,4,5699,2774,2925,0,0,0,1.0,1,1.0,1,1.0,1,0.16749402516411008,87
3585,5,5704,2778,2926,0,0,0,1.0,1,1.0,1,1.0,1,0.19077127299893645,84
3586,6,5710,2781,2929,0,0,0,1.0,1,1.0,1,1.0,1,0.15878778972608387,83
3587,1,5711,2781,2930,0,0,0,1.0,1,1.0,1,1.0,1,0.15660198430908637,82
3588,2,5713,2783,2930,0,0,0,1.0,1,1.0,1,1.0,1,0.17702347660322987,81
3589,6,5719,2787,2932,0,0,0,1.0,1,1.0,1,1.0,1,0.20221789592172815,80
3590,3,5722,2789,2933,0,0,0,1.0,1,1.0,1,1.0,1,0.2099462385487134,78
3591,3,5725,2791,2934,0,0,0,1.0,1,1.0,1,1.0,1,0.19258371443840497,77
3592,6,5731,2792,2939,0,0,0,1.0,1,1.0,1,1.0,1,0.171067712532154,75
3593,4,5735,2794,2941,0,0,0,1.0,1,1.0,1,1.0,1,0.17007330406786625,76
3594,0,5735,2794,2941,0,0,0,1.0,1,1.0,1,1.0,1,0.1784866440654335,74
3595,4,5739,2796,2943,0,0,0,1.0,1,1.0,1,1.0,1,0.18490108115871737,74
3596,1,5740,2797,2943,0,0,0,1.0,1,1.0,1,1.0,1,0.1831020369859239,73
3597,3,5743,2799,2944,0,0,0,1.0,1,1.0,1,1.0,1,0.16980735653422774,73
3598,2,5745,2801,2944,0,0,0,1.0,1,1.0,1,1.0,1,0.1823501517550028,73
3599,3,5748,2802,2946,0,0,0,1.0,1,1.0,1,1.0,1,0.16353626568978497,73
3600,0,5748,2802,2946,0,0,0,1.0,1,1.0,1,1.0,1,0.1601803860790544,74
3601,4,5752,2803,2949,0,0,0,1.0,1,1.0,1,1.0,1,0.14204970318617205,75
3602,2,5754,2803,2951,0,0,0,1.0,1,1.0,1,1.0,1,0.10961424550537051,76
3603,2,5756,2805,2951,0,0,0,1.0,1,1.0,1,1.0,1,0.14357578300742907,77
3604,3,5759,2806,2953,0,0,0,1.0,1,1.0,1,1.0,1,0.135957093076846,78
3605,1,5760,2806,2954,0,0,0,1.0,1,1.0,1,1.0,1,0.11253858035508264,77
3606,1,5761,2807,2954,0,0,0,1.0,1,1.0,1,1.0,1,0.12306376135443081,79
3607,0,5761,2807,2954,0,0,0,1.0,1,1.0,1,1.0,1,0.12306376135443081,79
3608,0,5761,2807,2954,0,0,0,1.0,1,1.0,1,1.0,1,0.12306376135443081,79
3609,0,5761,2807,2954,0,0,0,1.0,1,1.0,1,1.0,1,0.12306376135443081,79
3610,1,5762,2808,2954,0,0,0,1.0,1,1.0,1,1.0,1,0.1454215806003328,80
3611,2,5764,2809,2955,0,0,0,1.0,1,1.0,1,1.0,1,0.13360674018266636,80
3612,1,5765,2809,2956,0,0,0,1.0,1,1.0,1,1.0,1,0.1348338585335538,79
3613,1,5766,2810,2956,0,0,0,1.0,1,1.0,1,1.0,1,0.13100104109635982,79
3614,3,5769,2813,2956,0,0,0,1.0,1,1.0,1,1.0,1,0.14991135467780042,78
3615,1,5770,2813,2957,0,0,0,1.0,1,1.0,1,1.0,1,0.13488908565934382,79
3616,2,5772,2814,2958,0,0,0,1.0,1,1.0,1,1.0,1,0.14709610256967343,79
3617,2,5774,2816,2958,0,0,0,1.0,1,1.0,1,1.0,1,0.15275582347552932,80
3618,4,5778,2816,2962,0,0,0,1.0,1,1.0,1,1.0,1,0.14074562817459185,82
3619,3,5781,2816,2965,0,0,0,1.0,1,1.0,1,1.0,1,0.12148803776761762,82
3620,2,5783,2817,2966,0,0,0,1.0,1,1.0,1,1.0,1,0.1368570621122792,81
3621,0,5783,2817,2966,0,0,0,1.0,1,1.0,1,1.0,1,0.15168223314045357,83
3622,4,5787,2818,2969,0,0,0,1.0,1,1.0,1,1.0,1,0.14677569155796058,81
3623,3,5790,2821,2969,0,0,0,1.0,1,1.0,1,1.0,1,0.1855269881868134,81
3624,3,5793,2823,2970,0,0,0,1.0,1,1.0,1,1.0,1,0.1899001460669052,79
3625,7,5800,2826,2974,0,0,0,1.0,1,1.0,1,1.0,1,0.21544233633311866,80
3626,0,5800,2826,2974,0,0,0,1.0,1,1.0,1,1.0,1,0.18508916588251623,78
3627,1,5801,2826,2975,0,0,0,1.0,1,1.0,1,1.0,1,0.19279056843961365,78
3628,2,5803,2826,2977,0,0,0,1.0,1,1.0,1,1.0,1,0.16209036330496163,77
3629,0,5803,2826,2977,0,0,0,1.0,1,1.0,1,1.0,1,0.15834901848373686,76
3630,1,5804,2826,2978,0,0,0,1.0,1,1.0,1,1.0,1,0.14234354209214414,77
3631,2,5806,2828,2978,0,0,0,1.0,1,1.0,1,1.0,1,0.14433079930929066,75
3632,3,5809,2831,2978,0,0,0,1.0,1,1.0,1,1.0,1,0.19637823636847593,74
3633,3,5812,2833,2979,0,0,0,1.0,1,1.0,1,1.0,1,0.17791487555330857,75
3634,3,5815,2834,2981,0,0,0,1.0,1,1.0,1,1.0,1,0.18034542918441035,74
3635,2,5817,2835,2982,0,0,0,1.0,1,1.0,1,1.0,1,0.17656856778204577,74
3636,0,5817,2835,2982,0,0,0,1.0,1,1.0,1,1.0,1,0.18721704336682704,74
3637,4,5821,2835,2986,0,0,0,1.0,1,1.0,1,1.0,1,0.172575084575881,74
3638,3,5824,2835,2989,0,0,0,1.0,1,1.0,1,1.0,1,0.1552090176924979,75
3639,3,5827,2838,2989,0,0,0,1.0,1,1.0,1,1.0,1,0.15388095887787243,76
3640,3,5830,2838,2992,0,0,0,1.0,1,1.0,1,1.0,1,0.12476577613603743,76
3641,2,5832,2840,2992,0,0,0,1.0,1,1.0,1,1.0,1,0.1646711593881749,75
3642,4,5836,2842,2994,0,0,0,1.0,1,1.0,1,1.0,1,0.1789492641815046,75
3643,2,5838,2842,2996,0,0,0,1.0,1,1.0,1,1.0,1,0.1596021676393293,74
3644,1,5839,2843,2996,0,0,0,1.0,1,1.0,1,1.0,1,0.15284558903869722,74
3645,0,5839,2843,2996,0,0,0,1.0,1,1.0,1,1.0,1,0.15284558903869722,74
3646,0,5839,2843,2996,0,0,0,1.0,1,1.0,1,1.0,1,0.1443991347504958,75
3647,1,5840,2843,2997,0,0,0,1.0,1,1.0,1,1.0,1,0.14480316588530812,77
3648,1,5841,2843,2998,0,0,0,1.0,1,1.0,1,1.0,1,0.15646210703588972,78
3649,1,5842,2843,2999,0,0,0,1.0,1,1.0,1,1.0,1,0.15057034354736473,80
3650,3,5845,2844,3001,0,0,0,1.0,1,1.0,1,1.0,1,0.15382485737264862,81
3651,1,5846,2844,3002,0,0,0,1.0,1,1.0,1,1.0,1,0.14310765434913286,81
3652,1,5847,2845,3002,0,0,0,1.0,1,1.0,1,1.0,1,0.17424928020991828,83
3653,1,5848,2845,3003,0,0,0,1.0,1,1.0,1,1.0,1,0.1594372930206566,83
3654,0,5848,2845,3003,0,0,0,1.0,1,1.0,1,1.0,1,0.1594372930206566,83
3655,0,5848,2845,3003,0,0,0,1.0,1,1.0,1,1.0,1,0.1526555867143712,84
3656,0,5848,2845,3003,0,0,0,1.0,1,1.0,1,1.0,1,0.15941080707849484,85
3657,1,5849,2846,3003,0,0,0,1.0,1,1.0,1,1.0,1,0.1703849406749735,86
3658,2,5851,2846,3005,0,0,0,1.0,1,1.0,1,1.0,1,0.1661118177953026,87
3659,0,5851,2846,3005,0,0,0,1.0,1,1.0,1,1.0,1,0.1638138352441359,87
3660,0,5851,2846,3005,0,0,0,1.0,1,1.0,1,1.0,1,0.17108518785755694,86
3661,4,5855,2847,3008,0,0,0,1.0,1,1.0,1,1.0,1,0.16567436548130457,86
3662,0,5855,2847,3008,0,0,0,1.0,1,1.0,1,1.0,1,0.1731407572044455,83
3663,5,5860,2851,3009,0,0,0,1.0,1,1.0,1,1.0,1,0.22409355956971497,85
3664,6,5866,2852,3014,0,0,0,1.0,1,1.0,1,1.0,1,0.1644402410024605,82
3665,3,5869,2853,3016,0,0,0,1.0,1,1.0,1,1.0,1,0.15497425522141847,81
3666,2,5871,2855,3016,0,0,0,1.0,1,1.0,1,1.0,1,0.19040813321420935,79
3667,3,5874,2855,3019,0,0,0,1.0,1,1.0,1,1.0,1,0.16714490626402767,79
3668,1,5875,2856,3019,0,0,0,1.0,1,1.0,1,1.0,1,0.1581629920774922,77
3669,0,5875,2856,3019,0,0,0,1.0,1,1.0,1,1.0,1,0.17788916929259038,75
3670,2,5877,2858,3019,0,0,0,1.0,1,1.0,1,1.0,1,0.17598411006831813,76
3671,1,5878,2859,3019,0,0,0,1.0,1,1.0,1,1.0,1,0.16459027801183354,74
3672,2,5880,2860,3020,0,0,0,1.0,1,1.0,1,1.0,1,0.1609868782747342,75
3673,0,5880,2860,3020,0,0,0,1.0,1,1.0,1,1.0,1,0.1609868782747342,75
3674,3,5883,2863,3020,0,0,0,1.0,1,1.0,1,1.0,1,0.1636727069297743,75
3675,1,5884,2863,3021,0,0,0,1.0,1,1.0,1,1.0,1,0.15804695470535346,75
3676,1,5885,2864,3021,0,0,0,1.0,1,1.0,1,1.0,1,0.17003480026425996,75
3677,0,5885,2864,3021,0,0,0,1.0,1,1.0,1,1.0,1,0.17867422531406832,75
3678,0,5885,2864,3021,0,0,0,1.0,1,1.0,1,1.0,1,0.19146395313127368,77
3679,2,5887,2865,3022,0,0,0,1.0,1,1.0,1,1.0,1,0.20749484236074905,78
3680,2,5889,2865,3024,0,0,0,1.0,1,1.0,1,1.0,1,0.19966640639655944,80
3681,1,5890,2865,3025,0,0,0,1.0,1,1.0,1,1.0,1,0.2035054356688482,81
3682,0,5890,2865,3025,0,0,0,1.0,1,1.0,1,1.0,1,0.2035054356688482,81
3683,1,5891,2866,3025,0,0,0,1.0,1,1.0,1,1.0,1,0.21670482259159476,81
3684,0,5891,2866,3025,0,0,0,1.0,1,1.0,1,1.0,1,0.21670482259159476,81
3685,0,5891,2866,3025,0,0,0,1.0,1,1.0,1,1.0,1,0.21670482259159476,81
3686,0,5891,2866,3025,0,0,0,1.0,1,1.0,1,1.0,1,0.21670482259159476,81
3687,1,5892,2866,3026,0,0,0,1.0,1,1.0,1,1.0,1,0.2046545284828996,82
3688,4,5896,2866,3030,0,0,0,1.0,1,1.0,1,1.0,1,0.19392127342433182,84
3689,0,5896,2866,3030,0,0,0,1.0,1,1.0,1,1.0,1,0.19392127342433182,84
3690,0,5896,2866,3030,0,0,0,1.0,1,1.0,1,1.0,1,0.20334901063641955,85
3691,0,5896,2866,3030,0,0,0,1.0,1,1.0,1,1.0,1,0.20014099503636704,86
3692,0,5896,2866,3030,0,0,0,1.0,1,1.0,1,1.0,1,0.19828019959412682,86
3693,1,5897,2866,3031,0,0,0,1.0,1,1.0,1,1.0,1,0.1952982042085057,86
3694,1,5898,2866,3032,0,0,0,1.0,1,1.0,1,1.0,1,0.18699119640310286,86
3695,2,5900,2868,3032,0,0,0,1.0,1,1.0,1,1.0,1,0.22516044095204799,86
3696,4,5904,2868,3036,0,0,0,1.0,1,1.0,1,1.0,1,0.17580888958814114,87
3697,2,5906,2870,3036,0,0,0,1.0,1,1.0,1,1.0,1,0.1786296154804597,85
3698,1,5907,2871,3036,0,0,0,1.0,1,1.0,1,1.0,1,0.17960245510003064,85
3699,1,5908,2872,3036,0,0,0,1.0,1,1.0,1,1.0,1,0.172457821612781,85
3700,3,5911,2874,3037,0,0,0,1.0,1,1.0,1,1.0,1,0.17811985766111277,84
3701,1,5912,2874,3038,0,0,0,1.0,1,1.0,1,1.0,1,0.17080025661621367,85
3702,2,5914,2876,3038,0,0,0,1.0,1,1.0,1,1.0,1,0.1742024749067046,85
3703,0,5914,2876,3038,0,0,0,1.0,1,1.0,1,1.0,1,0.1742024749067046,85
3704,3,5917,2878,3039,0,0,0,1.0,1,1.0,1,1.0,1,0.19802617243140222,85
3705,0,5917,2878,3039,0,0,0,1.0,1,1.0,1,1.0,1,0.18854647570612512,86
3706,2,5919,2879,3040,0,0,0,1.0,1,1.0,1,1.0,1,0.19155657880518753,86
3707,1,5920,2880,3040,0,0,0,1.0,1,1.0,1,1.0,1,0.2005515944190065,85
3708,2,5922,2880,3042,0,0,0,1.0,1,1.0,1,1.0,1,0.17561938075571454,84
3709,0,5922,2880,3042,0,0,0,1.0,1,1.0,1,1.0,1,0.17989783771752116,85
3710,0,5922,2880,3042,0,0,0,1.0,1,1.0,1,1.0,1,0.17230462689492151,84
3711,1,5923,2880,3043,0,0,0,1.0,1,1.0,1,1.0,1,0.17006371811907584,85
3712,1,5924,2880,3044,0,0,0,1.0,1,1.0,1,1.0,1,0.16541355529575533,85
3713,0,5924,2880,3044,0,0,0,1.0,1,1.0,1,1.0,1,0.16541355529575533,85
3714,3,5927,2881,3046,0,0,0,1.0,1,1.0,1,1.0,1,0.17823160398090157,85
3715,2,5929,2882,3047,0,0,0,1.0,1,1.0,1,1.0,1,0.17110007985758616,85
3716,1,5930,2883,3047,0,0,0,1.0,1,1.0,1,1.0,1,0.1718643159319746,84
3717,0,5930,2883,3047,0,0,0,1.0,1,1.0,1,1.0,1,0.1781661174084011,86
3718,2,5932,2883,3049,0,0,0,1.0,1,1.0,1,1.0,1,0.17952545868276598,85
3719,1,5933,2884,3049,0,0,0,1.0,1,1.0,1,1.0,1,0.18748215012678374,84
3720,0,5933,2884,3049,0,0,0,1.0,1,1.0,1,1.0,1,0.20697395221784465,84
3721,5,5938,2888,3050,0,0,0,1.0,1,1.0,1,1.0,1,0.21368645821413002,85
3722,1,5939,2888,3051,0,0,0,1.0,1,1.0,1,1.0,1,0.20789968114765742,85
3723,2,5941,2889,3052,0,0,0,1.0,1,1.0,1,1.0,1,0.2097187902787292,85
3724,3,5944,2889,3055,0,0,0,1.0,1,1.0,1,1.0,1,0.18803036860894673,86
3725,1,5945,2889,3056,0,0,0,1.0,1,1.0,1,1.0,1,0.1756672405116893,86
3726,0,5945,2889,3056,0,0,0,1.0,1,1.0,1,1.0,1,0.1756672405116893,86
3727,0,5945,2889,3056,0,0,0,1.0,1,1.0,1,1.0,1,0.1756672405116893,86
3728,1,5946,2890,3056,0,0,0,1.0,1,1.0,1,1.0,1,0.19212285698086964,86
3729,3,5949,2891,3058,0,0,0,1.0,1,1.0,1,1.0,1,0.18569579383746043,86
3730,0,5949,2891,3058,0,0,0,1.0,1,1.0,1,1.0,1,0.195664010768739,85
3731,1,5950,2891,3059,0,0,0,1.0,1,1.0,1,1.0,1,0.20119561389002855,86
3732,0,5950,2891,3059,0,0,0,1.0,1,1.0,1,1.0,1,0.1964960941489883,87
3733,1,5951,2892,3059,0,0,0,1.0,1,1.0,1,1.0,1,0.20673686921078563,87
3734,0,5951,2892,3059,0,0,0,1.0,1,1.0,1,1.0,1,0.20673686921078563,87
3735,2,5953,2893,3060,0,0,0,1.0,1,1.0,1,1.0,1,0.2239291604040116,86
3736,3,5956,2893,3063,0,0,0,1.0,1,1.0,1,1.0,1,0.18997021360703376,87
3737,1,5957,2894,3063,0,0,0,1.0,1,1.0,1,1.0,1,0.2076553328700337,87
3738,2,5959,2896,3063,0,0,0,1.0,1,1.0,1,1.0,1,0.22244893190949616,87
3739,7,5966,2896,3070,0,0,0,1.0,1,1.0,1,1.0,1,0.1760311499413926,88
3740,4,5970,2898,3072,0,0,0,1.0,1,1.0,1,1.0,1,0.208482619400136,87
3741,3,5973,2898,3075,0,0,0,1.0,1,1.0,1,1.0,1,0.20053093676031167,87
3742,6,5979,2899,3080,0,0,0,1.0,1,1.0,1,1.0,1,0.1738925619582149,86
3743,0,5979,2899,3080,0,0,0,1.0,1,1.0,1,1.0,1,0.18987413858640964,84
3744,4,5983,2902,3081,0,0,0,1.0,1,1.0,1,1.0,1,0.1908047470451002,83
3745,4,5987,2902,3085,0,0,0,1.0,1,1.0,1,1.0,1,0.16232685693342602,83
3746,1,5988,2903,3085,0,0,0,1.0,1,1.0,1,1.0,1,0.19154722097635918,83
3747,2,5990,2904,3086,0,0,0,1.0,1,1.0,1,1.0,1,0.17785956038590417,81
3748,4,5994,2904,3090,0,0,0,1.0,1,1.0,1,1.0,1,0.16187252123939083,81
3749,2,5996,2904,3092,0,0,0,1.0,1,1.0,1,1.0,1,0.1510420334702226,80
3750,0,5996,2904,3092,0,0,0,1.0,1,1.0,1,1.0,1,0.15624809289866537,79
3751,3,5999,2906,3093,0,0,0,1.0,1,1.0,1,1.0,1,0.16555942657850942,80
3752,2,6001,2907,3094,0,0,0,1.0,1,1.0,1,1.0,1,0.1755175698160139,80
3753,4,6005,2911,3094,0,0,0,1.0,1,1.0,1,1.0,1,0.21114543160431673,81
3754,2,6007,2912,3095,0,0,0,1.0,1,1.0,1,1.0,1,0.21287218169262376,81
3755,1,6008,2912,3096,0,0,0,1.0,1,1.0,1,1.0,1,0.20951945267644342,80
3756,1,6009,2913,3096,0,0,0,1.0,1,1.0,1,1.0,1,0.22232138117088085,79
3757,4,6013,2913,3100,0,0,0,1.0,1,1.0,1,1.0,1,0.19527469820908053,80
3758,2,6015,2914,3101,0,0,0,1.0,1,1.0,1,1.0,1,0.20432909572021646,79
3759,1,6016,2915,3101,0,0,0,1.0,1,1.0,1,1.0,1,0.2200478193285724,79
3760,0,6016,2915,3101,0,0,0,1.0,1,1.0,1,1.0,1,0.2200478193285724,79
3761,0,6016,2915,3101,0,0,0,1.0,1,1.0,1,1.0,1,0.23442782309123394,78
3762,1,6017,2915,3102,0,0,0,1.0,1,1.0,1,1.0,1,0.22362397333750977,80
3763,1,6018,2915,3103,0,0,0,1.0,1,1.0,1,1.0,1,0.21783026746552492,80
3764,4,6022,2917,3105,0,0,0,1.0,1,1.0,1,1.0,1,0.23767298014423788,80
3765,1,6023,2917,3106,0,0,0,1.0,1,1.0,1,1.0,1,0.23648132371997585,81
3766,6,6029,2919,3110,0,0,0,1.0,1,1.0,1,1.0,1,0.21191732547032047,83
3767,2,6031,2919,3112,0,0,0,1.0,1,1.0,1,1.0,1,0.192217479203366,83
3768,3,6034,2920,3114,0,0,0,1.0,1,1.0,1,1.0,1,0.19072348238304798,84
3769,2,6036,2920,3116,0,0,0,1.0,1,1.0,1,1.0,1,0.15899714722353062,86
3770,0,6036,2920,3116,0,0,0,1.0,1,1.0,1,1.0,1,0.163495219784605,87
3771,1,6037,2921,3116,0,0,0,1.0,1,1.0,1,1.0,1,0.16519336548570457,87
3772,1,6038,2921,3117,0,0,0,1.0,1,1.0,1,1.0,1,0.17160547187159428,88
3773,0,6038,2921,3117,0,0,0,1.0,1,1.0,1,1.0,1,0.1888745512741293,85
3774,1,6039,2921,3118,0,0,0,1.0,1,1.0,1,1.0,1,0.18508774490278113,85
3775,2,6041,2922,3119,0,0,0,1.0,1,1.0,1,1.0,1,0.21025591128911497,83
3776,2,6043,2923,3120,0,0,0,1.0,1,1.0,1,1.0,1,0.2213854337346635,82
3777,4,6047,2925,3122,0,0,0,1.0,1,1.0,1,1.0,1,0.20068931537281698,81
3778,3,6050,2925,3125,0,0,0,1.0,1,1.0,1,1.0,1,0.18970408488587556,81
3779,2,6052,2927,3125,0,0,0,1.0,1,1.0,1,1.0,1,0.22120290181450344,80
3780,2,6054,2927,3127,0,0,0,1.0,1,1.0,1,1.0,1,0.20442113413185362,80
3781,0,6054,2927,3127,0,0,0,1.0,1,1.0,1,1.0,1,0.20442113413185362,80
3782,1,6055,2927,3128,0,0,0,1.0,1,1.0,1,1.0,1,0.2013001194371366,80
3783,1,6056,2928,3128,0,0,0,1.0,1,1.0,1,1.0,1,0.211676597456286,80
3784,1,6057,2928,3129,0,0,0,1.0,1,1.0,1,1.0,1,0.20324020714176577,79
3785,1,6058,2929,3129,0,0,0,1.0,1,1.0,1,1.0,1,0.2341852145822055,77
3786,2,6060,2931,3129,0,0,0,1.0,1,1.0,1,1.0,1,0.21670601569214076,78
3787,2,6062,2931,3131,0,0,0,1.0,1,1.0,1,1.0,1,0.19582367028448144,77
3788,1,6063,2931,3132,0,0,0,1.0,1,1.0,1,1.0,1,0.1957006487489763,78
3789,4,6067,2933,3134,0,0,0,1.0,1,1.0,1,1.0,1,0.2167630577507669,77
3790,5,6072,2934,3138,0,0,0,1.0,1,1.0,1,1.0,1,0.20412024788950106,77
3791,1,6073,2935,3138,0,0,0,1.0,1,1.0,1,1.0,1,0.2156972505934607,77
3792,1,6074,2935,3139,0,0,0,1.0,1,1.0,1,1.0,1,0.19604662040556217,78
3793,3,6077,2935,3142,0,0,0,1.0,1,1.0,1,1.0,1,0.17370834173403582,80
3794,0,6077,2935,3142,0,0,0,1.0,1,1.0,1,1.0,1,0.17195406518778106,82
3795,1,6078,2935,3143,0,0,0,1.0,1,1.0,1,1.0,1,0.1766812878133067,83
3796,2,6080,2935,3145,0,0,0,1.0,1,1.0,1,1.0,1,0.15489796801439862,83
3797,0,6080,2935,3145,0,0,0,1.0,1,1.0,1,1.0,1,0.16251228560975328,82
3798,2,6082,2936,3146,0,0,0,1.0,1,1.0,1,1.0,1,0.16111996798964268,82
3799,0,6082,2936,3146,0,0,0,1.0,1,1.0,1,1.0,1,0.16996559202750983,83
3800,2,6084,2937,3147,0,0,0,1.0,1,1.0,1,1.0,1,0.1939003568598535,83
3801,2,6086,2938,3148,0,0,0,1.0,1,1.0,1,1.0,1,0.18412222510932108,83
3802,2,6088,2938,3150,0,0,0,1.0,1,1.0,1,1.0,1,0.17906851820738923,82
3803,0,6088,2938,3150,0,0,0,1.0,1,1.0,1,1.0,1,0.17980287006658993,84
3804,1,6089,2938,3151,0,0,0,1.0,1,1.0,1,1.0,1,0.1740906971589866,84
3805,5,6094,2939,3155,0,0,0,1.0,1,1.0,1,1.0,1,0.1808301830331961,86
3806,0,6094,2939,3155,0,0,0,1.0,1,1.0,1,1.0,1,0.1808301830331961,86
3807,2,6096,2940,3156,0,0,0,1.0,1,1.0,1,1.0,1,0.1867204799683057,86
3808,3,6099,2940,3159,0,0,0,1.0,1,1.0,1,1.0,1,0.15923380379563465,85
3809,2,6101,2941,3160,0,0,0,1.0,1,1.0,1,1.0,1,0.16915555765681625,85
3810,0,6101,2941,3160,0,0,0,1.0,1,1.0,1,1.0,1,0.16915555765681625,85
3811,1,6102,2942,3160,0,0,0,1.0,1,1.0,1,1.0,1,0.16393990172114667,84
3812,0,6102,2942,3160,0,0,0,1.0,1,1.0,1,1.0,1,0.16006116796007502,83
3813,0,6102,2942,3160,0,0,0,1.0,1,1.0,1,1.0,1,0.1487675166738456,82
3814,1,6103,2943,3160,0,0,0,1.0,1,1.0,1,1.0,1,0.16787749335244828,81
3815,0,6103,2943,3160,0,0,0,1.0,1,1.0,1,1.0,1,0.1657560851650368,82
3816,2,6105,2944,3161,0,0,0,1.0,1,1.0,1,1.0,1,0.16264967265105637,81
3817,2,6107,2945,3162,0,0,0,1.0,1,1.0,1,1.0,1,0.17433135687627288,81
3818,2,6109,2947,3162,0,0,0,1.0,1,1.0,1,1.0,1,0.2153802297476102,81
3819,3,6112,2948,3164,0,0,0,1.0,1,1.0,1,1.0,1,0.21506398529396462,82
3820,6,6118,2948,3170,0,0,0,1.0,1,1.0,1,1.0,1,0.18550429055348655,84
3821,2,6120,2949,3171,0,0,0,1.0,1,1.0,1,1.0,1,0.20971315326936218,84
3822,1,6121,2949,3172,0,0,0,1.0,1,1.0,1,1.0,1,0.18195362433004106,82
3823,4,6125,2951,3174,0,0,0,1.0,1,1.0,1,1.0,1,0.16391827471297604,81
3824,0,6125,2951,3174,0,0,0,1.0,1,1.0,1,1.0,1,0.17714188733527475,78
3825,1,6126,2951,3175,0,0,0,1.0,1,1.0,1,1.0,1,0.17563952961521623,76
3826,2,6128,2953,3175,0,0,0,1.0,1,1.0,1,1.0,1,0.20350915289934096,76
3827,2,6130,2954,3176,0,0,0,1.0,1,1.0,1,1.0,1,0.21792513406157119,75
3828,2,6132,2955,3177,0,0,0,1.0,1,1.0,1,1.0,1,0.21287722333636272,74
3829,7,6139,2956,3183,0,0,0,1.0,1,1.0,1,1.0,1,0.1926208827908419,74
3830,2,6141,2957,3184,0,0,0,1.0,1,1.0,1,1.0,1,0.17804711361248157,74
3831,4,6145,2959,3186,0,0,0,1.0,1,1.0,1,1.0,1,0.2235806053114189,74
3832,1,6146,2959,3187,0,0,0,1.0,1,1.0,1,1.0,1,0.21395586023403687,73
3833,4,6150,2962,3188,0,0,0,1.0,1,1.0,1,1.0,1,0.21924109347119183,73
3834,0,6150,2962,3188,0,0,0,1.0,1,1.0,1,1.0,1,0.2170333196534785,74
3835,1,6151,2963,3188,0,0,0,1.0,1,1.0,1,1.0,1,0.23952248119183117,75
3836,1,6152,2963,3189,0,0,0,1.0,1,1.0,1,1.0,1,0.2305255226831603,75
3837,5,6157,2964,3193,0,0,0,1.0,1,1.0,1,1.0,1,0.2377578155209124,78
3838,5,6162,2965,3197,0,0,0,1.0,1,1.0,1,1.0,1,0.21980403692101202,78
3839,3,6165,2965,3200,0,0,0,1.0,1,1.0,1,1.0,1,0.17952782590955738,79
3840,2,6167,2966,3201,0,0,0,1.0,1,1.0,1,1.0,1,0.18794243730134783,82
3841,0,6167,2966,3201,0,0,0,1.0,1,1.0,1,1.0,1,0.18794243730134783,82
3842,0,6167,2966,3201,0,0,0,1.0,1,1.0,1,1.0,1,0.18584370250274576,82
3843,1,6168,2966,3202,0,0,0,1.0,1,1.0,1,1.0,1,0.17310259015768087,82
3844,0,6168,2966,3202,0,0,0,1.0,1,1.0,1,1.0,1,0.1748657744096177,83
3845,0,6168,2966,3202,0,0,0,1.0,1,1.0,1,1.0,1,0.181010648452469,84
3846,1,6169,2966,3203,0,0,0,1.0,1,1.0,1,1.0,1,0.17469397878124324,85
3847,2,6171,2966,3205,0,0,0,1.0,1,1.0,1,1.0,1,0.17862803093679286,84
3848,3,6174,2969,3205,0,0,0,1.0,1,1.0,1,1.0,1,0.20451341440101653,84
3849,2,6176,2969,3207,0,0,0,1.0,1,1.0,1,1.0,1,0.17875346409936685,83
3850,2,6178,2969,3209,0,0,0,1.0,1,1.0,1,1.0,1,0.17931350811372104,80
3851,1,6179,2969,3210,0,0,0,1.0,1,1.0,1,1.0,1,0.16627167833531684,80
3852,0,6179,2969,3210,0,0,0,1.0,1,1.0,1,1.0,1,0.1839665891024109,79
3853,1,6180,2970,3210,0,0,0,1.0,1,1.0,1,1.0,1,0.19186697526071897,79
3854,2,6182,2972,3210,0,0,0,1.0,1,1.0,1,1.0,1,0.23087785923287724,78
3855,2,6184,2973,3211,0,0,0,1.0,1,1.0,1,1.0,1,0.2454802408260689,78
3856,3,6187,2974,3213,0,0,0,1.0,1,1.0,1,1.0,1,0.24514145772484452,80
3857,2,6189,2974,3215,0,0,0,1.0,1,1.0,1,1.0,1,0.2242733478291896,81
3858,1,6190,2975,3215,0,0,0,1.0,1,1.0,1,1.0,1,0.229373393545014,81
3859,2,6192,2975,3217,0,0,0,1.0,1,1.0,1,1.0,1,0.22991438269231104,83
3860,2,6194,2976,3218,0,0,0,1.0,1,1.0,1,1.0,1,0.24722823836801922,82
3861,2,6196,2977,3219,0,0,0,1.0,1,1.0,1,1.0,1,0.2662431313570454,84
3862,4,6200,2979,3221,0,0,0,1.0,1,1.0,1,1.0,1,0.2577494132417227,85
3863,0,6200,2979,3221,0,0,0,1.0,1,1.0,1,1.0,1,0.25153848448975386,84
3864,1,6201,2980,3221,0,0,0,1.0,1,1.0,1,1.0,1,0.2479519666568974,83
3865,1,6202,2981,3221,0,0,0,1.0,1,1.0,1,1.0,1,0.2484984968712913,82
3866,3,6205,2982,3223,0,0,0,1.0,1,1.0,1,1.0,1,0.23600872401481168,81
3867,4,6209,2986,3223,0,0,0,1.0,1,1.0,1,1.0,1,0.25117771481773693,81
3868,3,6212,2987,3225,0,0,0,1.0,1,1.0,1,1.0,1,0.2432283444173287,81
3869,5,6217,2990,3227,0,0,0,1.0,1,1.0,1,1.0,1,0.24054992303378475,81
3870,0,6217,2990,3227,0,0,0,1.0,1,1.0,1,1.0,1,0.211783715772448,80
3871,1,6218,2991,3227,0,0,0,1.0,1,1.0,1,1.0,1,0.2254791410721546,82
3872,2,6220,2992,3228,0,0,0,1.0,1,1.0,1,1.0,1,0.21559554305024223,81
3873,0,6220,2992,3228,0,0,0,1.0,1,1.0,1,1.0,1,0.21559554305024223,81
3874,4,6224,2994,3230,0,0,0,1.0,1,1.0,1,1.0,1,0.20217960740292523,78
3875,0,6224,2994,3230,0,0,0,1.0,1,1.0,1,1.0,1,0.19968346487531027,77
3876,3,6227,2996,3231,0,0,0,1.0,1,1.0,1,1.0,1,0.1984155537015662,78
3877,4,6231,2996,3235,0,0,0,1.0,1,1.0,1,1.0,1,0.16267284818790956,75
3878,2,6233,2998,3235,0,0,0,1.0,1,1.0,1,1.0,1,0.16657618774534058,75
3879,0,6233,2998,3235,0,0,0,1.0,1,1.0,1,1.0,1,0.17538976938059658,73
3880,3,6236,2998,3238,0,0,0,1.0,1,1.0,1,1.0,1,0.1718885457827278,74
3881,4,6240,2999,3241,0,0,0,1.0,1,1.0,1,1.0,1,0.1790669880978922,75
3882,3,6243,2999,3244,0,0,0,1.0,1,1.0,1,1.0,1,0.1549693045280963,76
3883,1,6244,2999,3245,0,0,0,1.0,1,1.0,1,1.0,1,0.15636747902135378,77
3884,1,6245,3000,3245,0,0,0,1.0,1,1.0,1,1.0,1,0.17425490791388507,78
3885,1,6246,3000,3246,0,0,0,1.0,1,1.0,1,1.0,1,0.1645602374402381,78
3886,2,6248,3001,3247,0,0,0,1.0,1,1.0,1,1.0,1,0.1666113669091142,79
3887,3,6251,3002,3249,0,0,0,1.0,1,1.0,1,1.0,1,0.1684134469886549,78
3888,4,6255,3003,3252,0,0,0,1.0,1,1.0,1,1.0,1,0.16809044158167952,80
3889,4,6259,3003,3256,0,0,0,1.0,1,1.0,1,1.0,1,0.12311154293666628,82
3890,3,6262,3005,3257,0,0,0,1.0,1,1.0,1,1.0,1,0.12491996449372973,82
3891,3,6265,3008,3257,0,0,0,1.0,1,1.0,1,1.0,1,0.1499143211812877,85
3892,4,6269,3010,3259,0,0,0,1.0,1,1.0,1,1.0,1,0.16859018609805648,87
3893,1,6270,3010,3260,0,0,0,1.0,1,1.0,1,1.0,1,0.1548309305401439,86
3894,0,6270,3010,3260,0,0,0,1.0,1,1.0,1,1.0,1,0.1604968233540174,87
3895,4,6274,3011,3263,0,0,0,1.0,1,1.0,1,1.0,1,0.148861079242714,87
3896,0,6274,3011,3263,0,0,0,1.0,1,1.0,1,1.0,1,0.1545539409155978,85
3897,1,6275,3012,3263,0,0,0,1.0,1,1.0,1,1.0,1,0.16291198761345527,85
3898,3,6278,3013,3265,0,0,0,1.0,1,1.0,1,1.0,1,0.17114840423582453,86
3899,2,6280,3015,3265,0,0,0,1.0,1,1.0,1,1.0,1,0.17247056756953627,86
3900,1,6281,3015,3266,0,0,0,1.0,1,1.0,1,1.0,1,0.1681521074759356,86
3901,1,6282,3016,3266,0,0,0,1.0,1,1.0,1,1.0,1,0.17672654890495731,86
3902,1,6283,3017,3266,0,0,0,1.0,1,1.0,1,1.0,1,0.1698317794230169,87
3903,4,6287,3020,3267,0,0,0,1.0,1,1.0,1,1.0,1,0.17941231885193143,87
3904,5,6292,3021,3271,0,0,0,1.0,1,1.0,1,1.0,1,0.1662810296236537,85
3905,2,6294,3022,3272,0,0,0,1.0,1,1.0,1,1.0,1,0.15736306013413554,84
3906,3,6297,3024,3273,0,0,0,1.0,1,1.0,1,1.0,1,0.16345208129419708,86
3907,4,6301,3025,3276,0,0,0,1.0,1,1.0,1,1.0,1,0.13926734830309823,84
3908,0,6301,3025,3276,0,0,0,1.0,1,1.0,1,1.0,1,0.13248121107287406,83
3909,1,6302,3025,3277,0,0,0,1.0,1,1.0,1,1.0,1,0.11917781349537743,81
3910,4,6306,3029,3277,0,0,0,1.0,1,1.0,1,1.0,1,0.15544483738344192,82
3911,1,6307,3030,3277,0,0,0,1.0,1,1.0,1,1.0,1,0.15391686784679698,81
3912,2,6309,3030,3279,0,0,0,1.0,1,1.0,1,1.0,1,0.12328682317725899,80
3913,2,6311,3032,3279,0,0,0,1.0,1,1.0,1,1.0,1,0.14253517222205864,80
3914,3,6314,3035,3279,0,0,0,1.0,1,1.0,1,1.0,1,0.13699380971109243,81
3915,2,6316,3036,3280,0,0,0,1.0,1,1.0,1,1.0,1,0.13446195232809904,81
3916,2,6318,3037,3281,0,0,0,1.0,1,1.0,1,1.0,1,0.16703784978557637,81
3917,3,6321,3039,3282,0,0,0,1.0,1,1.0,1,1.0,1,0.1562402161622885,82
3918,6,6327,3042,3285,0,0,0,1.0,1,1.0,1,1.0,1,0.17424830870862953,85
3919,3,6330,3043,3287,0,0,0,1.0,1,1.0,1,1.0,1,0.175732083454717,85
3920,1,6331,3044,3287,0,0,0,1.0,1,1.0,1,1.0,1,0.18079645719633103,85
3921,2,6333,3044,3289,0,0,0,1.0,1,1.0,1,1.0,1,0.17349055199385852,88
3922,1,6334,3044,3290,0,0,0,1.0,1,1.0,1,1.0,1,0.16693614337116186,88
3923,1,6335,3044,3291,0,0,0,1.0,1,1.0,1,1.0,1,0.15577370161254664,89
3924,1,6336,3044,3292,0,0,0,1.0,1,1.0,1,1.0,1,0.15448280572463652,90
3925,2,6338,3046,3292,0,0,0,1.0,1,1.0,1,1.0,1,0.15330859532718522,88
3926,1,6339,3047,3292,0,0,0,1.0,1,1.0,1,1.0,1,0.16821125797484507,89
3927,0,6339,3047,3292,0,0,0,1.0,1,1.0,1,1.0,1,0.1708272996820681,89
3928,4,6343,3047,3296,0,0,0,1.0,1,1.0,1,1.0,1,0.1659114316551745,88
3929,1,6344,3048,3296,0,0,0,1.0,1,1.0,1,1.0,1,0.18136906043879794,88
3930,0,6344,3048,3296,0,0,0,1.0,1,1.0,1,1.0,1,0.17469586186370395,87
3931,4,6348,3050,3298,0,0,0,1.0,1,1.0,1,1.0,1,0.17607538510310322,86
3932,1,6349,3051,3298,0,0,0,1.0,1,1.0,1,1.0,1,0.19115285176146574,85
3933,1,6350,3052,3298,0,0,0,1.0,1,1.0,1,1.0,1,0.20046535179328523,84
3934,3,6353,3052,3301,0,0,0,1.0,1,1.0,1,1.0,1,0.18084122454175525,85
3935,0,6353,3052,3301,0,0,0,1.0,1,1.0,1,1.0,1,0.18700548387590152,84
3936,0,6353,3052,3301,0,0,0,1.0,1,1.0,1,1.0,1,0.18255030176063683,84
3937,3,6356,3052,3304,0,0,0,1.0,1,1.0,1,1.0,1,0.13350917295962175,82
3938,1,6357,3052,3305,0,0,0,1.0,1,1.0,1,1.0,1,0.12529369625152117,82
3939,0,6357,3052,3305,0,0,0,1.0,1,1.0,1,1.0,1,0.12739233977982553,84
3940,2,6359,3053,3306,0,0,0,1.0,1,1.0,1,1.0,1,0.1211327040494629,84
3941,0,6359,3053,3306,0,0,0,1.0,1,1.0,1,1.0,1,0.11392150262072163,85
3942,2,6361,3054,3307,0,0,0,1.0,1,1.0,1,1.0,1,0.11220058845848055,85
3943,2,6363,3055,3308,0,0,0,1.0,1,1.0,1,1.0,1,0.10394475854821357,84
3944,4,6367,3057,3310,0,0,0,1.0,1,1.0,1,1.0,1,0.13056573261584178,83
3945,1,6368,3058,3310,0,0,0,1.0,1,1.0,1,1.0,1,0.12235303672003424,83
3946,3,6371,3059,3312,0,0,0,1.0,1,1.0,1,1.0,1,0.13080308856732023,83
3947,0,6371,3059,3312,0,0,0,1.0,1,1.0,1,1.0,1,0.13080308856732023,83
3948,2,6373,3061,3312,0,0,0,1.0,1,1.0,1,1.0,1,0.15227418312949,84
3949,1,6374,3061,3313,0,0,0,1.0,1,1.0,1,1.0,1,0.1616596949939038,84
3950,5,6379,3063,3316,0,0,0,1.0,1,1.0,1,1.0,1,0.16059910263768515,86
3951,3,6382,3064,3318,0,0,0,1.0,1,1.0,1,1.0,1,0.14234798608483742,87
3952,1,6383,3065,3318,0,0,0,1.0,1,1.0,1,1.0,1,0.1242274873540288,86
3953,1,6384,3066,3318,0,0,0,1.0,1,1.0,1,1.0,1,0.14760944514227015,86
3954,1,6385,3066,3319,0,0,0,1.0,1,1.0,1,1.0,1,0.1343674871827233,85
3955,4,6389,3068,3321,0,0,0,1.0,1,1.0,1,1.0,1,0.14885594394264334,85
3956,2,6391,3068,3323,0,0,0,1.0,1,1.0,1,1.0,1,0.13327427237205394,84
3957,2,6393,3069,3324,0,0,0,1.0,1,1.0,1,1.0,1,0.1318230682121791,85
3958,1,6394,3070,3324,0,0,0,1.0,1,1.0,1,1.0,1,0.14201245684706187,84
3959,0,6394,3070,3324,0,0,0,1.0,1,1.0,1,1.0,1,0.15229515011341074,83
3960,3,6397,3071,3326,0,0,0,1.0,1,1.0,1,1.0,1,0.140673069936295,84
3961,2,6399,3071,3328,0,0,0,1.0,1,1.0,1,1.0,1,0.13286092364408156,83
3962,2,6401,3073,3328,0,0,0,1.0,1,1.0,1,1.0,1,0.1509501705711158,84
3963,1,6402,3074,3328,0,0,0,1.0,1,1.0,1,1.0,1,0.18443680684195166,81
3964,2,6404,3076,3328,0,0,0,1.0,1,1.0,1,1.0,1,0.1968436270009449,81
3965,2,6406,3076,3330,0,0,0,1.0,1,1.0,1,1.0,1,0.1829766239606267,81
3966,3,6409,3079,3330,0,0,0,1.0,1,1.0,1,1.0,1,0.2270072507579985,79
3967,9,6418,3080,3338,0,0,0,1.0,1,1.0,1,1.0,1,0.18057801749459873,81
3968,2,6420,3082,3338,0,0,0,1.0,1,1.0,1,1.0,1,0.15151863720581937,79
3969,1,6421,3083,3338,0,0,0,1.0,1,1.0,1,1.0,1,0.16319961439754663,79
3970,3,6424,3085,3339,0,0,0,1.0,1,1.0,1,1.0,1,0.16470543328433518,78
3971,0,6424,3085,3339,0,0,0,1.0,1,1.0,1,1.0,1,0.16442275264557996,77
3972,1,6425,3086,3339,0,0,0,1.0,1,1.0,1,1.0,1,0.16512874335335379,78
3973,1,6426,3087,3339,0,0,0,1.0,1,1.0,1,1.0,1,0.16778708150540778,77
3974,1,6427,3088,3339,0,0,0,1.0,1,1.0,1,1.0,1,0.17017260138781695,77
3975,2,6429,3090,3339,0,0,0,1.0,1,1.0,1,1.0,1,0.20855571410163892,76
3976,1,6430,3090,3340,0,0,0,1.0,1,1.0,1,1.0,1,0.21098355626552992,77
3977,0,6430,3090,3340,0,0,0,1.0,1,1.0,1,1.0,1,0.21592029299650112,78
3978,3,6433,3090,3343,0,0,0,1.0,1,1.0,1,1.0,1,0.20395284041132664,79
3979,0,6433,3090,3343,0,0,0,1.0,1,1.0,1,1.0,1,0.20395284041132664,79
3980,1,6434,3090,3344,0,0,0,1.0,1,1.0,1,1.0,1,0.19942568031056698,79
3981,3,6437,3092,3345,0,0,0,1.0,1,1.0,1,1.0,1,0.22383094401467638,83
3982,2,6439,3093,3346,0,0,0,1.0,1,1.0,1,1.0,1,0.21759555579747755,83
3983,2,6441,3094,3347,0,0,0,1.0,1,1.0,1,1.0,1,0.21113635905521155,82
3984,6,6447,3096,3351,0,0,0,1.0,1,1.0,1,1.0,1,0.20476190461402655,83
3985,3,6450,3097,3353,0,0,0,1.0,1,1.0,1,1.0,1,0.2031132635140982,84
3986,4,6454,3100,3354,0,0,0,1.0,1,1.0,1,1.0,1,0.2281859092573789,83
3987,1,6455,3101,3354,0,0,0,1.0,1,1.0,1,1.0,1,0.2354090353378368,82
3988,3,6458,3101,3357,0,0,0,1.0,1,1.0,1,1.0,1,0.20834972628081536,83
3989,0,6458,3101,3357,0,0,0,1.0,1,1.0,1,1.0,1,0.2196083192953715,81
3990,4,6462,3102,3360,0,0,0,1.0,1,1.0,1,1.0,1,0.19307123056077344,81
3991,3,6465,3103,3362,0,0,0,1.0,1,1.0,1,1.0,1,0.19533021098089812,79
3992,2,6467,3104,3363,0,0,0,1.0,1,1.0,1,1.0,1,0.1896064560282322,81
3993,1,6468,3104,3364,0,0,0,1.0,1,1.0,1,1.0,1,0.1733790418904301,80
3994,1,6469,3104,3365,0,0,0,1.0,1,1.0,1,1.0,1,0.16662632987939222,80
3995,2,6471,3106,3365,0,0,0,1.0,1,1.0,1,1.0,1,0.16146454710009203,81
3996,3,6474,3106,3368,0,0,0,1.0,1,1.0,1,1.0,1,0.1753926579529074,80
3997,4,6478,3107,3371,0,0,0,1.0,1,1.0,1,1.0,1,0.15466956321219638,81
3998,1,6479,3107,3372,0,0,0,1.0,1,1.0,1,1.0,1,0.1419257054077203,82
3999,2,6481,3108,3373,0,0,0,1.0,1,1.0,1,1.0,1,0.14579541505850718,82
4000,6,6487,3111,3376,0,0,0,1.0,1,1.0,1,1.0,1,0.15970149096811556,82
4001,1,6488,3112,3376,0,0,0,1.0,1,1.0,1,1.0,1,0.16352879325346897,81
4002,2,6490,3114,3376,0,0,0,1.0,1,1.0,1,1.0,1,0.1749955567436097,81
4003,3,6493,3115,3378,0,0,0,1.0,1,1.0,1,1.0,1,0.16627551473801014,81
4004,2,6495,3116,3379,0,0,0,1.0,1,1.0,1,1.0,1,0.1909167353290375,80
4005,1,6496,3117,3379,0,0,0,1.0,1,1.0,1,1.0,1,0.20700976397518153,78
4006,1,6497,3118,3379,0,0,0,1.0,1,1.0,1,1.0,1,0.19339830866385035,76
4007,3,6500,3119,3381,0,0,0,1.0,1,1.0,1,1.0,1,0.19246822271524483,75
4008,3,6503,3121,3382,0,0,0,1.0,1,1.0,1,1.0,1,0.19569380100315903,74
4009,6,6509,3123,3386,0,0,0,1.0,1,1.0,1,1.0,1,0.2064074723508902,75
4010,1,6510,3123,3387,0,0,0,1.0,1,1.0,1,1.0,1,0.22757974327874245,75
4011,2,6512,3125,3387,0,0,0,1.0,1,1.0,1,1.0,1,0.21866278511563889,74
4012,3,6515,3126,3389,0,0,0,1.0,1,1.0,1,1.0,1,0.20539824575870616,74
4013,2,6517,3127,3390,0,0,0,1.0,1,1.0,1,1.0,1,0.18682617139979157,74
4014,1,6518,3127,3391,0,0,0,1.0,1,1.0,1,1.0,1,0.19496355069543483,73
4015,1,6519,3127,3392,0,0,0,1.0,1,1.0,1,1.0,1,0.19959576009390717,74
4016,1,6520,3128,3392,0,0,0,1.0,1,1.0,1,1.0,1,0.22071260423956224,74
4017,3,6523,3129,3394,0,0,0,1.0,1,1.0,1,1.0,1,0.2088462075597002,78
4018,1,6524,3130,3394,0,0,0,1.0,1,1.0,1,1.0,1,0.2226062525448326,78
4019,0,6524,3130,3394,0,0,0,1.0,1,1.0,1,1.0,1,0.2226062525448326,78
4020,1,6525,3130,3395,0,0,0,1.0,1,1.0,1,1.0,1,0.214135738541101,78
4021,0,6525,3130,3395,0,0,0,1.0,1,1.0,1,1.0,1,0.214135738541101,78
4022,2,6527,3132,3395,0,0,0,1.0,1,1.0,1,1.0,1,0.21973461583636564,79
4023,0,6527,3132,3395,0,0,0,1.0,1,1.0,1,1.0,1,0.21486901325840072,78
4024,1,6528,3133,3395,0,0,0,1.0,1,1.0,1,1.0,1,0.21523985203092516,77
4025,0,6528,3133,3395,0,0,0,1.0,1,1.0,1,1.0,1,0.2121166099216781,76
4026,1,6529,3134,3395,0,0,0,1.0,1,1.0,1,1.0,1,0.207043542388872,76
4027,5,6534,3137,3397,0,0,0,1.0,1,1.0,1,1.0,1,0.1946620764627977,75
4028,1,6535,3137,3398,0,0,0,1.0,1,1.0,1,1.0,1,0.19250576821474472,76
4029,2,6537,3138,3399,0,0,0,1.0,1,1.0,1,1.0,1,0.18894809808496218,75
4030,2,6539,3139,3400,0,0,0,1.0,1,1.0,1,1.0,1,0.19003627856798705,74
4031,3,6542,3141,3401,0,0,0,1.0,1,1.0,1,1.0,1,0.21815054953777088,73
4032,0,6542,3141,3401,0,0,0,1.0,1,1.0,1,1.0,1,0.2212006488510757,71
4033,5,6547,3141,3406,0,0,0,1.0,1,1.0,1,1.0,1,0.1659441578119909,73
4034,3,6550,3143,3407,0,0,0,1.0,1,1.0,1,1.0,1,0.15132285836456716,72
4035,1,6551,3144,3407,0,0,0,1.0,1,1.0,1,1.0,1,0.1624413969720645,71
4036,2,6553,3145,3408,0,0,0,1.0,1,1.0,1,1.0,1,0.1544872211139534,71
4037,1,6554,3146,3408,0,0,0,1.0,1,1.0,1,1.0,1,0.17171881920927792,70
4038,0,6554,3146,3408,0,0,0,1.0,1,1.0,1,1.0,1,0.1901481844426673,69
4039,3,6557,3147,3410,0,0,0,1.0,1,1.0,1,1.0,1,0.22478058030988274,68
4040,4,6561,3149,3412,0,0,0,1.0,1,1.0,1,1.0,1,0.2662997265321977,69
4041,0,6561,3149,3412,0,0,0,1.0,1,1.0,1,1.0,1,0.2801077984548892,67
4042,4,6565,3150,3415,0,0,0,1.0,1,1.0,1,1.0,1,0.2890114401661474,67
4043,3,6568,3151,3417,0,0,0,1.0,1,1.0,1,1.0,1,0.3124535059176609,66
4044,0,6568,3151,3417,0,0,0,1.0,1,1.0,1,1.0,1,0.3186985919934716,65
4045,1,6569,3151,3418,0,0,0,1.0,1,1.0,1,1.0,1,0.31376438761023345,66
4046,2,6571,3152,3419,0,0,0,1.0,1,1.0,1,1.0,1,0.3300742126703512,68
4047,0,6571,3152,3419,0,0,0,1.0,1,1.0,1,1.0,1,0.3300742126703512,68
4048,1,6572,3152,3420,0,0,0,1.0,1,1.0,1,1.0,1,0.3151634886608367,69
4049,0,6572,3152,3420,0,0,0,1.0,1,1.0,1,1.0,1,0.3151634886608367,69
4050,0,6572,3152,3420,0,0,0,1.0,1,1.0,1,1.0,1,0.317019292120749,69
4051,1,6573,3152,3421,0,0,0,1.0,1,1.0,1,1.0,1,0.3141430051954273,69
4052,1,6574,3152,3422,0,0,0,1.0,1,1.0,1,1.0,1,0.30127332127737183,69
4053,0,6574,3152,3422,0,0,0,1.0,1,1.0,1,1.0,1,0.30127332127737183,69
4054,0,6574,3152,3422,0,0,0,1.0,1,1.0,1,1.0,1,0.2979760161316464,70
4055,2,6576,3152,3424,0,0,0,1.0,1,1.0,1,1.0,1,0.2755496084019826,70
4056,0,6576,3152,3424,0,0,0,1.0,1,1.0,1,1.0,1,0.2755496084019826,70
4057,2,6578,3152,3426,0,0,0,1.0,1,1.0,1,1.0,1,0.25742863082529494,71
4058,0,6578,3152,3426,0,0,0,1.0,1,1.0,1,1.0,1,0.25742863082529494,71
4059,2,6580,3153,3427,0,0,0,1.0,1,1.0,1,1.0,1,0.25471977155213177,72
4060,0,6580,3153,3427,0,0,0,1.0,1,1.0,1,1.0,1,0.2643838558721015,71
4061,1,6581,3154,3427,0,0,0,1.0,1,1.0,1,1.0,1,0.2759172615602846,72
4062,3,6584,3156,3428,0,0,0,1.0,1,1.0,1,1.0,1,0.2765473466714662,72
4063,5,6589,3157,3432,0,0,0,1.0,1,1.0,1,1.0,1,0.2367298701488427,72
4064,4,6593,3160,3433,0,0,0,1.0,1,1.0,1,1.0,1,0.23049935765671117,71
4065,4,6597,3163,3434,0,0,0,1.0,1,1.0,1,1.0,1,0.23276430575532614,70
4066,3,6600,3165,3435,0,0,0,1.0,1,1.0,1,1.0,1,0.24057863423517553,70
4067,3,6603,3166,3437,0,0,0,1.0,1,1.0,1,1.0,1,0.2181952288945953,68
4068,7,6610,3169,3441,0,0,0,1.0,1,1.0,1,1.0,1,0.22801316597613397,70
4069,5,6615,3170,3445,0,0,0,1.0,1,1.0,1,1.0,1,0.18388649102036503,68
4070,1,6616,3170,3446,0,0,0,1.0,1,1.0,1,1.0,1,0.1666364508991309,67
4071,2,6618,3171,3447,0,0,0,1.0,1,1.0,1,1.0,1,0.16000933791447902,68
4072,4,6622,3174,3448,0,0,0,1.0,1,1.0,1,1.0,1,0.17934883935897752,70
4073,1,6623,3175,3448,0,0,0,1.0,1,1.0,1,1.0,1,0.18329012604715253,70
4074,6,6629,3180,3449,0,0,0,1.0,1,1.0,1,1.0,1,0.1942665592121428,71
4075,4,6633,3183,3450,0,0,0,1.0,1,1.0,1,1.0,1,0.19398624239802112,72
4076,3,6636,3185,3451,0,0,0,1.0,1,1.0,1,1.0,1,0.21264799115392927,73
4077,2,6638,3186,3452,0,0,0,1.0,1,1.0,1,1.0,1,0.23998295477178372,72
4078,8,6646,3190,3456,0,0,0,1.0,1,1.0,1,1.0,1,0.23328620966288624,71
4079,1,6647,3191,3456,0,0,0,1.0,1,1.0,1,1.0,1,0.24402153386070505,69
4080,1,6648,3192,3456,0,0,0,1.0,1,1.0,1,1.0,1,0.2568022323699391,67
4081,2,6650,3192,3458,0,0,0,1.0,1,1.0,1,1.0,1,0.24408967608049778,66
4082,1,6651,3192,3459,0,0,0,1.0,1,1.0,1,1.0,1,0.2584457411607138,65
4083,2,6653,3193,3460,0,0,0,1.0,1,1.0,1,1.0,1,0.24454923191123468,64
4084,2,6655,3194,3461,0,0,0,1.0,1,1.0,1,1.0,1,0.24132818614897006,64
4085,1,6656,3194,3462,0,0,0,1.0,1,1.0,1,1.0,1,0.22406182773436542,65
4086,1,6657,3195,3462,0,0,0,1.0,1,1.0,1,1.0,1,0.21283820375353638,66
4087,1,6658,3196,3462,0,0,0,1.0,1,1.0,1,1.0,1,0.20464070572757678,66
4088,0,6658,3196,3462,0,0,0,1.0,1,1.0,1,1.0,1,0.2281169786917971,65
4089,0,6658,3196,3462,0,0,0,1.0,1,1.0,1,1.0,1,0.2281169786917971,65
4090,1,6659,3196,3463,0,0,0,1.0,1,1.0,1,1.0,1,0.22574700359898367,65
4091,1,6660,3196,3464,0,0,0,1.0,1,1.0,1,1.0,1,0.21440243494737718,65
4092,1,6661,3196,3465,0,0,0,1.0,1,1.0,1,1.0,1,0.2053349658965923,64
4093,2,6663,3196,3467,0,0,0,1.0,1,1.0,1,1.0,1,0.19199735280197164,66
4094,1,6664,3197,3467,0,0,0,1.0,1,1.0,1,1.0,1,0.21873629445220144,65
4095,4,6668,3198,3470,0,0,0,1.0,1,1.0,1,1.0,1,0.2063008681337235,65
4096,5,6673,3200,3473,0,0,0,1.0,1,1.0,1,1.0,1,0.18357701085242048,67
4097,0,6673,3200,3473,0,0,0,1.0,1,1.0,1,1.0,1,0.18357701085242048,67
4098,2,6675,3202,3473,0,0,0,1.0,1,1.0,1,1.0,1,0.2170015892189026,68
4099,6,6681,3204,3477,0,0,0,1.0,1,1.0,1,1.0,1,0.16538168624557684,69
4100,1,6682,3205,3477,0,0,0,1.0,1,1.0,1,1.0,1,0.19870136565558227,70
4101,4,6686,3207,3479,0,0,0,1.0,1,1.0,1,1.0,1,0.1856259742503371,71
4102,4,6690,3209,3481,0,0,0,1.0,1,1.0,1,1.0,1,0.18038875936376256,71
4103,0,6690,3209,3481,0,0,0,1.0,1,1.0,1,1.0,1,0.18045554802238364,71
4104,2,6692,3210,3482,0,0,0,1.0,1,1.0,1,1.0,1,0.1967289846046381,69
4105,0,6692,3210,3482,0,0,0,1.0,1,1.0,1,1.0,1,0.19992316985653452,67
4106,2,6694,3211,3483,0,0,0,1.0,1,1.0,1,1.0,1,0.19614136110490027,68
4107,2,6696,3211,3485,0,0,0,1.0,1,1.0,1,1.0,1,0.174296370540052,70
4108,3,6699,3211,3488,0,0,0,1.0,1,1.0,1,1.0,1,0.1573599990520385,70
4109,0,6699,3211,3488,0,0,0,1.0,1,1.0,1,1.0,1,0.15665339308022252,69
4110,0,6699,3211,3488,0,0,0,1.0,1,1.0,1,1.0,1,0.14975165409631105,71
4111,1,6700,3211,3489,0,0,0,1.0,1,1.0,1,1.0,1,0.1284259828138848,70
4112,0,6700,3211,3489,0,0,0,1.0,1,1.0,1,1.0,1,0.14157313960281404,72
4113,0,6700,3211,3489,0,0,0,1.0,1,1.0,1,1.0,1,0.14157313960281404,72
4114,4,6704,3213,3491,0,0,0,1.0,1,1.0,1,1.0,1,0.16314478268005084,72
4115,0,6704,3213,3491,0,0,0,1.0,1,1.0,1,1.0,1,0.16104380370812243,70
4116,1,6705,3214,3491,0,0,0,1.0,1,1.0,1,1.0,1,0.17816743106940996,67
4117,2,6707,3215,3492,0,0,0,1.0,1,1.0,1,1.0,1,0.1832030319695075,67
4118,0,6707,3215,3492,0,0,0,1.0,1,1.0,1,1.0,1,0.18819854935331984,66
4119,2,6709,3217,3492,0,0,0,1.0,1,1.0,1,1.0,1,0.23070530198033937,67
4120,6,6715,3219,3496,0,0,0,1.0,1,1.0,1,1.0,1,0.2876914991705933,64
4121,4,6719,3219,3500,0,0,0,1.0,1,1.0,1,1.0,1,0.2853302943757982,63
4122,3,6722,3222,3500,0,0,0,1.0,1,1.0,1,1.0,1,0.28260867577111015,63
4123,5,6727,3224,3503,0,0,0,1.0,1,1.0,1,1.0,1,0.23424868531523552,61
4124,3,6730,3226,3504,0,0,0,1.0,1,1.0,1,1.0,1,0.23840084748882628,62
4125,2,6732,3227,3505,0,0,0,1.0,1,1.0,1,1.0,1,0.2391162599500534,60
4126,2,6734,3229,3505,0,0,0,1.0,1,1.0,1,1.0,1,0.24885791796441592,59
4127,1,6735,3230,3505,0,0,0,1.0,1,1.0,1,1.0,1,0.26393534565358096,60
4128,0,6735,3230,3505,0,0,0,1.0,1,1.0,1,1.0,1,0.26393534565358096,60
4129,5,6740,3230,3510,0,0,0,1.0,1,1.0,1,1.0,1,0.2292875065002269,60
4130,2,6742,3232,3510,0,0,0,1.0,1,1.0,1,1.0,1,0.2381356799744156,61
4131,1,6743,3232,3511,0,0,0,1.0,1,1.0,1,1.0,1,0.21999859328974133,60
4132,1,6744,3233,3511,0,0,0,1.0,1,1.0,1,1.0,1,0.2365059551025587,60
4133,2,6746,3234,3512,0,0,0,1.0,1,1.0,1,1.0,1,0.23675163757008522,62
4134,1,6747,3235,3512,0,0,0,1.0,1,1.0,1,1.0,1,0.22530146428511078,63
4135,4,6751,3236,3515,0,0,0,1.0,1,1.0,1,1.0,1,0.20060338871815278,65
4136,0,6751,3236,3515,0,0,0,1.0,1,1.0,1,1.0,1,0.20060338871815278,65
4137,1,6752,3237,3515,0,0,0,1.0,1,1.0,1,1.0,1,0.19837862481440136,66
4138,1,6753,3238,3515,0,0,0,1.0,1,1.0,1,1.0,1,0.209940157713962,67
4139,1,6754,3239,3515,0,0,0,1.0,1,1.0,1,1.0,1,0.24139015310780493,67
4140,0,6754,3239,3515,0,0,0,1.0,1,1.0,1,1.0,1,0.22924169152085486,66
4141,0,6754,3239,3515,0,0,0,1.0,1,1.0,1,1.0,1,0.22606952211703474,67
4142,0,6754,3239,3515,0,0,0,1.0,1,1.0,1,1.0,1,0.22606952211703474,67
4143,1,6755,3239,3516,0,0,0,1.0,1,1.0,1,1.0,1,0.20349318593031526,66
4144,0,6755,3239,3516,0,0,0,1.0,1,1.0,1,1.0,1,0.21492875038663883,64
4145,1,6756,3240,3516,0,0,0,1.0,1,1.0,1,1.0,1,0.21896592872042206,63
4146,2,6758,3241,3517,0,0,0,1.0,1,1.0,1,1.0,1,0.21146966643146647,62
4147,2,6760,3241,3519,0,0,0,1.0,1,1.0,1,1.0,1,0.1744901063034042,60
4148,2,6762,3242,3520,0,0,0,1.0,1,1.0,1,1.0,1,0.15717131576943413,62
4149,4,6766,3246,3520,0,0,0,1.0,1,1.0,1,1.0,1,0.158566841082712,61
4150,4,6770,3248,3522,0,0,0,1.0,1,1.0,1,1.0,1,0.15656595456426917,60
4151,1,6771,3249,3522,0,0,0,1.0,1,1.0,1,1.0,1,0.17437557495669737,60
4152,4,6775,3251,3524,0,0,0,1.0,1,1.0,1,1.0,1,0.16607142935793,60
4153,1,6776,3252,3524,0,0,0,1.0,1,1.0,1,1.0,1,0.17377664533671738,58
4154,1,6777,3253,3524,0,0,0,1.0,1,1.0,1,1.0,1,0.20666428722250388,57
4155,2,6779,3255,3524,0,0,0,1.0,1,1.0,1,1.0,1,0.21493503498852112,57
4156,6,6785,3258,3527,0,0,0,1.0,1,1.0,1,1.0,1,0.21957266022977218,58
4157,0,6785,3258,3527,0,0,0,1.0,1,1.0,1,1.0,1,0.22143958553327095,57
4158,1,6786,3259,3527,0,0,0,1.0,1,1.0,1,1.0,1,0.24745574606930107,55
4159,1,6787,3259,3528,0,0,0,1.0,1,1.0,1,1.0,1,0.2379085840222528,57
4160,1,6788,3260,3528,0,0,0,1.0,1,1.0,1,1.0,1,0.23964799858749267,58
4161,1,6789,3260,3529,0,0,0,1.0,1,1.0,1,1.0,1,0.21968876138355203,58
4162,0,6789,3260,3529,0,0,0,1.0,1,1.0,1,1.0,1,0.22708055356486423,57
4163,1,6790,3261,3529,0,0,0,1.0,1,1.0,1,1.0,1,0.2384913955178095,58
4164,3,6793,3264,3529,0,0,0,1.0,1,1.0,1,1.0,1,0.2781962487044552,56
4165,6,6799,3265,3534,0,0,0,1.0,1,1.0,1,1.0,1,0.2673281394726079,58
4166,0,6799,3265,3534,0,0,0,1.0,1,1.0,1,1.0,1,0.26155336220439374,57
4167,1,6800,3266,3534,0,0,0,1.0,1,1.0,1,1.0,1,0.28138001286367487,57
4168,2,6802,3266,3536,0,0,0,1.0,1,1.0,1,1.0,1,0.25817598616677007,58
4169,0,6802,3266,3536,0,0,0,1.0,1,1.0,1,1.0,1,0.25817598616677007,58
4170,1,6803,3267,3536,0,0,0,1.0,1,1.0,1,1.0,1,0.28137690132311904,58
4171,0,6803,3267,3536,0,0,0,1.0,1,1.0,1,1.0,1,0.29617393613740944,57
4172,0,6803,3267,3536,0,0,0,1.0,1,1.0,1,1.0,1,0.29617393613740944,57
4173,1,6804,3267,3537,0,0,0,1.0,1,1.0,1,1.0,1,0.3077824947542554,56
4174,0,6804,3267,3537,0,0,0,1.0,1,1.0,1,1.0,1,0.3077824947542554,56
4175,2,6806,3267,3539,0,0,0,1.0,1,1.0,1,1.0,1,0.2847621332274884,55
4176,3,6809,3268,3541,0,0,0,1.0,1,1.0,1,1.0,1,0.2869183390795757,57
4177,5,6814,3269,3545,0,0,0,1.0,1,1.0,1,1.0,1,0.26889612284126574,58
4178,6,6820,3272,3548,0,0,0,1.0,1,1.0,1,1.0,1,0.2509613435054106,60
4179,2,6822,3273,3549,0,0,0,1.0,1,1.0,1,1.0,1,0.23474014864478876,61
4180,1,6823,3273,3550,0,0,0,1.0,1,1.0,1,1.0,1,0.21088971281113955,62
4181,1,6824,3273,3551,0,0,0,1.0,1,1.0,1,1.0,1,0.20381423140004523,63
4182,1,6825,3274,3551,0,0,0,1.0,1,1.0,1,1.0,1,0.20139715690687798,63
4183,0,6825,3274,3551,0,0,0,1.0,1,1.0,1,1.0,1,0.19858507974742587,63
4184,3,6828,3276,3552,0,0,0,1.0,1,1.0,1,1.0,1,0.21693307199963843,63
4185,0,6828,3276,3552,0,0,0,1.0,1,1.0,1,1.0,1,0.21844934804583843,61
4186,8,6836,3280,3556,0,0,0,1.0,1,1.0,1,1.0,1,0.17681414813166763,62
4187,2,6838,3281,3557,0,0,0,1.0,1,1.0,1,1.0,1,0.17537315484227564,60
4188,1,6839,3281,3558,0,0,0,1.0,1,1.0,1,1.0,1,0.15536070536419366,60
4189,2,6841,3282,3559,0,0,0,1.0,1,1.0,1,1.0,1,0.17094172454104375,60
4190,0,6841,3282,3559,0,0,0,1.0,1,1.0,1,1.0,1,0.17543147302311576,61
4191,1,6842,3283,3559,0,0,0,1.0,1,1.0,1,1.0,1,0.1823677423153453,59
4192,2,6844,3284,3560,0,0,0,1.0,1,1.0,1,1.0,1,0.17146274433825245,58
4193,1,6845,3285,3560,0,0,0,1.0,1,1.0,1,1.0,1,0.18571639433421386,57
4194,0,6845,3285,3560,0,0,0,1.0,1,1.0,1,1.0,1,0.20926856325938425,54
4195,2,6847,3286,3561,0,0,0,1.0,1,1.0,1,1.0,1,0.19926779450862817,55
4196,0,6847,3286,3561,0,0,0,1.0,1,1.0,1,1.0,1,0.20978376530541043,56
4197,1,6848,3287,3561,0,0,0,1.0,1,1.0,1,1.0,1,0.22600905051393114,55
4198,1,6849,3288,3561,0,0,0,1.0,1,1.0,1,1.0,1,0.26121242434322384,56
4199,2,6851,3290,3561,0,0,0,1.0,1,1.0,1,1.0,1,0.2946543176326138,55
4200,0,6851,3290,3561,0,0,0,1.0,1,1.0,1,1.0,1,0.2946722428291106,55
4201,0,6851,3290,3561,0,0,0,1.0,1,1.0,1,1.0,1,0.2783849031998988,56
4202,0,6851,3290,3561,0,0,0,1.0,1,1.0,1,1.0,1,0.2783849031998988,56
4203,2,6853,3290,3563,0,0,0,1.0,1,1.0,1,1.0,1,0.28057992082049427,57
4204,1,6854,3290,3564,0,0,0,1.0,1,1.0,1,1.0,1,0.268300951366825,57
4205,0,6854,3290,3564,0,0,0,1.0,1,1.0,1,1.0,1,0.2647539274808756,58
4206,3,6857,3292,3565,0,0,0,1.0,1,1.0,1,1.0,1,0.2268641984231037,58
4207,2,6859,3294,3565,0,0,0,1.0,1,1.0,1,1.0,1,0.22095973448223422,58
4208,1,6860,3295,3565,0,0,0,1.0,1,1.0,1,1.0,1,0.22977769431552247,60
4209,3,6863,3298,3565,0,0,0,1.0,1,1.0,1,1.0,1,0.23786239585731692,61
4210,5,6868,3299,3569,0,0,0,1.0,1,1.0,1,1.0,1,0.19610105751460366,62
4211,0,6868,3299,3569,0,0,0,1.0,1,1.0,1,1.0,1,0.18938540731791256,63
4212,1,6869,3299,3570,0,0,0,1.0,1,1.0,1,1.0,1,0.18897573894571829,64
4213,2,6871,3299,3572,0,0,0,1.0,1,1.0,1,1.0,1,0.182515330573972,65
4214,0,6871,3299,3572,0,0,0,1.0,1,1.0,1,1.0,1,0.1882075453085986,65
4215,0,6871,3299,3572,0,0,0,1.0,1,1.0,1,1.0,1,0.1882075453085986,65
4216,0,6871,3299,3572,0,0,0,1.0,1,1.0,1,1.0,1,0.1986504017484546,64
4217,1,6872,3300,3572,0,0,0,1.0,1,1.0,1,1.0,1,0.20235485667022782,65
4218,1,6873,3300,3573,0,0,0,1.0,1,1.0,1,1.0,1,0.1904997897768745,65
4219,1,6874,3301,3573,0,0,0,1.0,1,1.0,1,1.0,1,0.21671719899617126,65
4220,0,6874,3301,3573,0,0,0,1.0,1,1.0,1,1.0,1,0.21671719899617126,65
4221,1,6875,3301,3574,0,0,0,1.0,1,1.0,1,1.0,1,0.2187728081971789,67
4222,1,6876,3301,3575,0,0,0,1.0,1,1.0,1,1.0,1,0.2090088917435365,68
4223,3,6879,3303,3576,0,0,0,1.0,1,1.0,1,1.0,1,0.22192769026806689,68
4224,1,6880,3304,3576,0,0,0,1.0,1,1.0,1,1.0,1,0.24282688721595028,68
4225,0,6880,3304,3576,0,0,0,1.0,1,1.0,1,1.0,1,0.23519515114064854,66
4226,1,6881,3305,3576,0,0,0,1.0,1,1.0,1,1.0,1,0.24849523470416776,66
4227,1,6882,3306,3576,0,0,0,1.0,1,1.0,1,1.0,1,0.2740184129735444,66
4228,1,6883,3306,3577,0,0,0,1.0,1,1.0,1,1.0,1,0.2793999690227261,65
4229,1,6884,3307,3577,0,0,0,1.0,1,1.0,1,1.0,1,0.2793245917657093,65
4230,2,6886,3308,3578,0,0,0,1.0,1,1.0,1,1.0,1,0.28072252976023276,64
4231,2,6888,3308,3580,0,0,0,1.0,1,1.0,1,1.0,1,0.2600447983023177,64
4232,2,6890,3308,3582,0,0,0,1.0,1,1.0,1,1.0,1,0.2265415864558582,65
4233,0,6890,3308,3582,0,0,0,1.0,1,1.0,1,1.0,1,0.22277377357488168,64
4234,0,6890,3308,3582,0,0,0,1.0,1,1.0,1,1.0,1,0.22985018920316685,63
4235,2,6892,3310,3582,0,0,0,1.0,1,1.0,1,1.0,1,0.23801861777746947,63
4236,1,6893,3310,3583,0,0,0,1.0,1,1.0,1,1.0,1,0.2240736234175792,63
4237,5,6898,3312,3586,0,0,0,1.0,1,1.0,1,1.0,1,0.21218972621728616,65
4238,1,6899,3312,3587,0,0,0,1.0,1,1.0,1,1.0,1,0.20142132772771493,65
4239,0,6899,3312,3587,0,0,0,1.0,1,1.0,1,1.0,1,0.20142132772771493,65
4240,2,6901,3313,3588,0,0,0,1.0,1,1.0,1,1.0,1,0.19128824944893055,66
4241,0,6901,3313,3588,0,0,0,1.0,1,1.0,1,1.0,1,0.19128824944893055,66
4242,0,6901,3313,3588,0,0,0,1.0,1,1.0,1,1.0,1,0.1890849519675536,69
4243,2,6903,3313,3590,0,0,0,1.0,1,1.0,1,1.0,1,0.1914770463932774,71
4244,0,6903,3313,3590,0,0,0,1.0,1,1.0,1,1.0,1,0.1914770463932774,71
4245,1,6904,3313,3591,0,0,0,1.0,1,1.0,1,1.0,1,0.18506275451612497,73
4246,1,6905,3313,3592,0,0,0,1.0,1,1.0,1,1.0,1,0.16939652501009025,74
4247,0,6905,3313,3592,0,0,0,1.0,1,1.0,1,1.0,1,0.16939652501009025,74
4248,0,6905,3313,3592,0,0,0,1.0,1,1.0,1,1.0,1,0.16939652501009025,74
4249,1,6906,3313,3593,0,0,0,1.0,1,1.0,1,1.0,1,0.16451886975755847,74
4250,0,6906,3313,3593,0,0,0,1.0,1,1.0,1,1.0,1,0.16451886975755847,74
4251,1,6907,3313,3594,0,0,0,1.0,1,1.0,1,1.0,1,0.15616785132110106,75
4252,2,6909,3315,3594,0,0,0,1.0,1,1.0,1,1.0,1,0.19789170240656112,75
4253,1,6910,3315,3595,0,0,0,1.0,1,1.0,1,1.0,1,0.18962233637634082,76
4254,2,6912,3317,3595,0,0,0,1.0,1,1.0,1,1.0,1,0.2044921113085488,75
4255,4,6916,3320,3596,0,0,0,1.0,1,1.0,1,1.0,1,0.2167360559703076,76
4256,3,6919,3321,3598,0,0,0,1.0,1,1.0,1,1.0,1,0.20530876331529158,78
4257,1,6920,3322,3598,0,0,0,1.0,1,1.0,1,1.0,1,0.20447747252444948,78
4258,2,6922,3323,3599,0,0,0,1.0,1,1.0,1,1.0,1,0.2157856093999404,77
4259,5,6927,3325,3602,0,0,0,1.0,1,1.0,1,1.0,1,0.21901310311001412,78
4260,2,6929,3325,3604,0,0,0,1.0,1,1.0,1,1.0,1,0.19616428718370735,77
4261,2,6931,3326,3605,0,0,0,1.0,1,1.0,1,1.0,1,0.178609107159597,76
4262,0,6931,3326,3605,0,0,0,1.0,1,1.0,1,1.0,1,0.19314701282988767,75
4263,4,6935,3330,3605,0,0,0,1.0,1,1.0,1,1.0,1,0.18197489294504782,74
4264,3,6938,3330,3608,0,0,0,1.0,1,1.0,1,1.0,1,0.1933945548341438,74
4265,3,6941,3332,3609,0,0,0,1.0,1,1.0,1,1.0,1,0.18849644264077645,73
4266,2,6943,3333,3610,0,0,0,1.0,1,1.0,1,1.0,1,0.18822920995734488,71
4267,4,6947,3336,3611,0,0,0,1.0,1,1.0,1,1.0,1,0.1924928572645548,69
4268,2,6949,3337,3612,0,0,0,1.0,1,1.0,1,1.0,1,0.2419026238131674,67
4269,1,6950,3338,3612,0,0,0,1.0,1,1.0,1,1.0,1,0.25102143953489825,64
4270,6,6956,3339,3617,0,0,0,1.0,1,1.0,1,1.0,1,0.19706620775001302,63
4271,2,6958,3340,3618,0,0,0,1.0,1,1.0,1,1.0,1,0.21843029968509212,63
4272,1,6959,3341,3618,0,0,0,1.0,1,1.0,1,1.0,1,0.22439328938564856,62
4273,2,6961,3341,3620,0,0,0,1.0,1,1.0,1,1.0,1,0.21064143970511282,62
4274,1,6962,3341,3621,0,0,0,1.0,1,1.0,1,1.0,1,0.21749711879117842,62
4275,0,6962,3341,3621,0,0,0,1.0,1,1.0,1,1.0,1,0.21218052248121552,61
4276,0,6962,3341,3621,0,0,0,1.0,1,1.0,1,1.0,1,0.21589096950637124,62
4277,0,6962,3341,3621,0,0,0,1.0,1,1.0,1,1.0,1,0.22759773435673133,63
4278,1,6963,3341,3622,0,0,0,1.0,1,1.0,1,1.0,1,0.21312995454863107,64
4279,4,6967,3343,3624,0,0,0,1.0,1,1.0,1,1.0,1,0.20049136030415285,65
4280,2,6969,3345,3624,0,0,0,1.0,1,1.0,1,1.0,1,0.20745793199269053,65
4281,1,6970,3345,3625,0,0,0,1.0,1,1.0,1,1.0,1,0.20684243992949497,65
4282,6,6976,3348,3628,0,0,0,1.0,1,1.0,1,1.0,1,0.22078844534406997,66
4283,2,6978,3349,3629,0,0,0,1.0,1,1.0,1,1.0,1,0.2404004843938575,66
4284,2,6980,3350,3630,0,0,0,1.0,1,1.0,1,1.0,1,0.2605806574138391,66
4285,5,6985,3351,3634,0,0,0,1.0,1,1.0,1,1.0,1,0.2334474201219025,67
4286,1,6986,3351,3635,0,0,0,1.0,1,1.0,1,1.0,1,0.24062093970947543,67
4287,2,6988,3351,3637,0,0,0,1.0,1,1.0,1,1.0,1,0.22121863318289547,67
4288,1,6989,3351,3638,0,0,0,1.0,1,1.0,1,1.0,1,0.20722536440072548,68
4289,0,6989,3351,3638,0,0,0,1.0,1,1.0,1,1.0,1,0.21951152779362906,68
4290,0,6989,3351,3638,0,0,0,1.0,1,1.0,1,1.0,1,0.21871479741909886,70
4291,0,6989,3351,3638,0,0,0,1.0,1,1.0,1,1.0,1,0.21639191075278827,71
4292,1,6990,3351,3639,0,0,0,1.0,1,1.0,1,1.0,1,0.2100867310640643,71
4293,1,6991,3351,3640,0,0,0,1.0,1,1.0,1,1.0,1,0.20509446356899289,71
4294,0,6991,3351,3640,0,0,0,1.0,1,1.0,1,1.0,1,0.20509446356899289,71
4295,0,6991,3351,3640,0,0,0,1.0,1,1.0,1,1.0,1,0.21252339968353684,72
4296,1,6992,3352,3640,0,0,0,1.0,1,1.0,1,1.0,1,0.21730900266141137,73
4297,0,6992,3352,3640,0,0,0,1.0,1,1.0,1,1.0,1,0.21730900266141137,73
4298,1,6993,3352,3641,0,0,0,1.0,1,1.0,1,1.0,1,0.21525629251889508,74
4299,0,6993,3352,3641,0,0,0,1.0,1,1.0,1,1.0,1,0.20315429212317673,75
4300,1,6994,3352,3642,0,0,0,1.0,1,1.0,1,1.0,1,0.18631442299498494,75
4301,0,6994,3352,3642,0,0,0,1.0,1,1.0,1,1.0,1,0.18453339525049842,76
4302,0,6994,3352,3642,0,0,0,1.0,1,1.0,1,1.0,1,0.18453339525049842,76
4303,2,6996,3352,3644,0,0,0,1.0,1,1.0,1,1.0,1,0.16178103793288282,75
4304,1,6997,3353,3644,0,0,0,1.0,1,1.0,1,1.0,1,0.18902959489134394,75
4305,1,6998,3354,3644,0,0,0,1.0,1,1.0,1,1.0,1,0.22522290590286317,73
4306,7,7005,3357,3648,0,0,0,1.0,1,1.0,1,1.0,1,0.23151979301400058,74
4307,4,7009,3359,3650,0,0,0,1.0,1,1.0,1,1.0,1,0.22194015402221356,73
4308,1,7010,3360,3650,0,0,0,1.0,1,1.0,1,1.0,1,0.2468540128394328,71
4309,1,7011,3361,3650,0,0,0,1.0,1,1.0,1,1.0,1,0.2462511318888872,70
4310,2,7013,3362,3651,0,0,0,1.0,1,1.0,1,1.0,1,0.24699705074885703,69
4311,5,7018,3365,3653,0,0,0,1.0,1,1.0,1,1.0,1,0.24061734025908807,69
4312,5,7023,3367,3656,0,0,0,1.0,1,1.0,1,1.0,1,0.23075611685450007,66
4313,1,7024,3368,3656,0,0,0,1.0,1,1.0,1,1.0,1,0.2279620856345665,64
4314,2,7026,3370,3656,0,0,0,1.0,1,1.0,1,1.0,1,0.2667320627879505,61
4315,2,7028,3372,3656,0,0,0,1.0,1,1.0,1,1.0,1,0.27628927874282233,61
4316,3,7031,3374,3657,0,0,0,1.0,1,1.0,1,1.0,1,0.26236105917249863,60
4317,2,7033,3375,3658,0,0,0,1.0,1,1.0,1,1.0,1,0.23741239957005128,62
4318,7,7040,3375,3665,0,0,0,1.0,1,1.0,1,1.0,1,0.21725957879462574,59
4319,0,7040,3375,3665,0,0,0,1.0,1,1.0,1,1.0,1,0.212107205873673,60
4320,0,7040,3375,3665,0,0,0,1.0,1,1.0,1,1.0,1,0.212107205873673,60
4321,3,7043,3378,3665,0,0,0,1.0,1,1.0,1,1.0,1,0.23332483576442184,61
4322,2,7045,3379,3666,0,0,0,1.0,1,1.0,1,1.0,1,0.23675354625615416,61
4323,0,7045,3379,3666,0,0,0,1.0,1,1.0,1,1.0,1,0.23675354625615416,61
4324,0,7045,3379,3666,0,0,0,1.0,1,1.0,1,1.0,1,0.2486746642497095,60
4325,1,7046,3379,3667,0,0,0,1.0,1,1.0,1,1.0,1,0.2288483624540466,60
4326,0,7046,3379,3667,0,0,0,1.0,1,1.0,1,1.0,1,0.2246726332587701,61
4327,0,7046,3379,3667,0,0,0,1.0,1,1.0,1,1.0,1,0.22611871063307928,62
4328,1,7047,3379,3668,0,0,0,1.0,1,1.0,1,1.0,1,0.21331676710584913,62
4329,0,7047,3379,3668,0,0,0,1.0,1,1.0,1,1.0,1,0.20749148193131955,65
4330,1,7048,3379,3669,0,0,0,1.0,1,1.0,1,1.0,1,0.1934364960223774,65
4331,0,7048,3379,3669,0,0,0,1.0,1,1.0,1,1.0,1,0.1934364960223774,65
4332,2,7050,3380,3670,0,0,0,1.0,1,1.0,1,1.0,1,0.2027121335186966,66
4333,2,7052,3381,3671,0,0,0,1.0,1,1.0,1,1.0,1,0.18926648843125435,66
4334,1,7053,3382,3671,0,0,0,1.0,1,1.0,1,1.0,1,0.20801826497777212,66
4335,0,7053,3382,3671,0,0,0,1.0,1,1.0,1,1.0,1,0.22356890927507944,65
4336,5,7058,3384,3674,0,0,0,1.0,1,1.0,1,1.0,1,0.20334462203679501,67
4337,1,7059,3384,3675,0,0,0,1.0,1,1.0,1,1.0,1,0.2117929189470876,69
4338,0,7059,3384,3675,0,0,0,1.0,1,1.0,1,1.0,1,0.2173385552353373,70
4339,2,7061,3384,3677,0,0,0,1.0,1,1.0,1,1.0,1,0.21421061113238465,70
4340,0,7061,3384,3677,0,0,0,1.0,1,1.0,1,1.0,1,0.2229647176125532,71
4341,3,7064,3386,3678,0,0,0,1.0,1,1.0,1,1.0,1,0.2183079067413971,70
4342,4,7068,3388,3680,0,0,0,1.0,1,1.0,1,1.0,1,0.22281272071600358,71
4343,4,7072,3392,3680,0,0,0,1.0,1,1.0,1,1.0,1,0.27803185086095394,67
4344,6,7078,3396,3682,0,0,0,1.0,1,1.0,1,1.0,1,0.30444949865825743,67
4345,7,7085,3399,3686,0,0,0,1.0,1,1.0,1,1.0,1,0.2874337774919647,64
4346,4,7089,3402,3687,0,0,0,1.0,1,1.0,1,1.0,1,0.2801997199804566,64
4347,4,7093,3404,3689,0,0,0,1.0,1,1.0,1,1.0,1,0.25894146887750585,62
4348,3,7096,3406,3690,0,0,0,1.0,1,1.0,1,1.0,1,0.24427200314360922,62
4349,2,7098,3407,3691,0,0,0,1.0,1,1.0,1,1.0,1,0.2721602614066926,61
4350,1,7099,3408,3691,0,0,0,1.0,1,1.0,1,1.0,1,0.2703325368086243,60
4351,1,7100,3408,3692,0,0,0,1.0,1,1.0,1,1.0,1,0.2669553805427877,60
4352,0,7100,3408,3692,0,0,0,1.0,1,1.0,1,1.0,1,0.28670558653795514,57
4353,2,7102,3409,3693,0,0,0,1.0,1,1.0,1,1.0,1,0.27338026186980613,55
4354,3,7105,3410,3695,0,0,0,1.0,1,1.0,1,1.0,1,0.26460229864599616,55
4355,1,7106,3410,3696,0,0,0,1.0,1,1.0,1,1.0,1,0.27618755392567595,53
4356,1,7107,3410,3697,0,0,0,1.0,1,1.0,1,1.0,1,0.2515251006982658,55
4357,2,7109,3410,3699,0,0,0,1.0,1,1.0,1,1.0,1,0.24699389083172488,55
4358,2,7111,3411,3700,0,0,0,1.0,1,1.0,1,1.0,1,0.2207685083538439,55
4359,0,7111,3411,3700,0,0,0,1.0,1,1.0,1,1.0,1,0.23403484412367764,54
4360,2,7113,3412,3701,0,0,0,1.0,1,1.0,1,1.0,1,0.213738851289616,55
4361,1,7114,3413,3701,0,0,0,1.0,1,1.0,1,1.0,1,0.24632411143123903,54
4362,2,7116,3413,3703,0,0,0,1.0,1,1.0,1,1.0,1,0.20837018571301036,55
4363,2,7118,3414,3704,0,0,0,1.0,1,1.0,1,1.0,1,0.18492615034073012,55
4364,2,7120,3415,3705,0,0,0,1.0,1,1.0,1,1.0,1,0.1711873824520338,55
4365,1,7121,3415,3706,0,0,0,1.0,1,1.0,1,1.0,1,0.1749811196591948,54
4366,3,7124,3417,3707,0,0,0,1.0,1,1.0,1,1.0,1,0.18911797065506053,54
4367,0,7124,3417,3707,0,0,0,1.0,1,1.0,1,1.0,1,0.18962917277682464,57
4368,2,7126,3418,3708,0,0,0,1.0,1,1.0,1,1.0,1,0.23005809843233713,57
4369,1,7127,3418,3709,0,0,0,1.0,1,1.0,1,1.0,1,0.21575914558295775,58
4370,1,7128,3419,3709,0,0,0,1.0,1,1.0,1,1.0,1,0.2435354162515862,59
4371,0,7128,3419,3709,0,0,0,1.0,1,1.0,1,1.0,1,0.2351183356225316,60
4372,3,7131,3421,3710,0,0,0,1.0,1,1.0,1,1.0,1,0.23008301693353386,60
4373,0,7131,3421,3710,0,0,0,1.0,1,1.0,1,1.0,1,0.23008301693353386,60
4374,1,7132,3422,3710,0,0,0,1.0,1,1.0,1,1.0,1,0.26459637714843554,59
4375,3,7135,3422,3713,0,0,0,1.0,1,1.0,1,1.0,1,0.2280777228146486,60
4376,0,7135,3422,3713,0,0,0,1.0,1,1.0,1,1.0,1,0.24941901513540923,60
4377,2,7137,3423,3714,0,0,0,1.0,1,1.0,1,1.0,1,0.25595339878718953,61
4378,1,7138,3423,3715,0,0,0,1.0,1,1.0,1,1.0,1,0.23683246361004762,64
4379,0,7138,3423,3715,0,0,0,1.0,1,1.0,1,1.0,1,0.23683246361004762,64
4380,2,7140,3425,3715,0,0,0,1.0,1,1.0,1,1.0,1,0.23065683020033517,65
4381,0,7140,3425,3715,0,0,0,1.0,1,1.0,1,1.0,1,0.2347736468594341,64
4382,2,7142,3426,3716,0,0,0,1.0,1,1.0,1,1.0,1,0.2562334176633746,64
4383,3,7145,3427,3718,0,0,0,1.0,1,1.0,1,1.0,1,0.2643738052550654,64
4384,1,7146,3428,3718,0,0,0,1.0,1,1.0,1,1.0,1,0.2931805225464624,60
4385,1,7147,3428,3719,0,0,0,1.0,1,1.0,1,1.0,1,0.2704582172700946,58
4386,2,7149,3430,3719,0,0,0,1.0,1,1.0,1,1.0,1,0.2892179208274227,58
4387,4,7153,3431,3722,0,0,0,1.0,1,1.0,1,1.0,1,0.26275021950674027,55
4388,3,7156,3433,3723,0,0,0,1.0,1,1.0,1,1.0,1,0.27136652832978625,56
4389,0,7156,3433,3723,0,0,0,1.0,1,1.0,1,1.0,1,0.258851043203013,55
4390,4,7160,3435,3725,0,0,0,1.0,1,1.0,1,1.0,1,0.2257081920480968,55
4391,4,7164,3437,3727,0,0,0,1.0,1,1.0,1,1.0,1,0.20356010077553074,56
4392,0,7164,3437,3727,0,0,0,1.0,1,1.0,1,1.0,1,0.22071709484246252,56
4393,2,7166,3438,3728,0,0,0,1.0,1,1.0,1,1.0,1,0.25420409985157283,55
4394,2,7168,3440,3728,0,0,0,1.0,1,1.0,1,1.0,1,0.25324949061119995,53
4395,1,7169,3441,3728,0,0,0,1.0,1,1.0,1,1.0,1,0.2707001523483085,53
4396,3,7172,3444,3728,0,0,0,1.0,1,1.0,1,1.0,1,0.3166238457818168,53
4397,1,7173,3445,3728,0,0,0,1.0,1,1.0,1,1.0,1,0.33170013014579824,50
4398,2,7175,3447,3728,0,0,0,1.0,1,1.0,1,1.0,1,0.3958966459910492,50
4399,2,7177,3447,3730,0,0,0,1.0,1,1.0,1,1.0,1,0.35781544703722173,52
4400,3,7180,3447,3733,0,0,0,1.0,1,1.0,1,1.0,1,0.3093332565098167,55
4401,0,7180,3447,3733,0,0,0,1.0,1,1.0,1,1.0,1,0.2912805670214786,56
4402,0,7180,3447,3733,0,0,0,1.0,1,1.0,1,1.0,1,0.2912805670214786,56
4403,3,7183,3449,3734,0,0,0,1.0,1,1.0,1,1.0,1,0.28124790714516845,57
4404,0,7183,3449,3734,0,0,0,1.0,1,1.0,1,1.0,1,0.28124790714516845,57
4405,0,7183,3449,3734,0,0,0,1.0,1,1.0,1,1.0,1,0.2774278420879651,58
4406,0,7183,3449,3734,0,0,0,1.0,1,1.0,1,1.0,1,0.2774278420879651,58
4407,0,7183,3449,3734,0,0,0,1.0,1,1.0,1,1.0,1,0.2774278420879651,58
4408,0,7183,3449,3734,0,0,0,1.0,1,1.0,1,1.0,1,0.28522215974789333,59
4409,0,7183,3449,3734,0,0,0,1.0,1,1.0,1,1.0,1,0.28522215974789333,59
4410,0,7183,3449,3734,0,0,0,1.0,1,1.0,1,1.0,1,0.28522215974789333,59
4411,0,7183,3449,3734,0,0,0,1.0,1,1.0,1,1.0,1,0.2759596206820289,62
4412,0,7183,3449,3734,0,0,0,1.0,1,1.0,1,1.0,1,0.2704534819150854,63
4413,0,7183,3449,3734,0,0,0,1.0,1,1.0,1,1.0,1,0.2704534819150854,63
4414,2,7185,3449,3736,0,0,0,1.0,1,1.0,1,1.0,1,0.25514720487795134,64
4415,1,7186,3449,3737,0,0,0,1.0,1,1.0,1,1.0,1,0.24500748844779563,64
4416,0,7186,3449,3737,0,0,0,1.0,1,1.0,1,1.0,1,0.24500748844779563,64
4417,2,7188,3449,3739,0,0,0,1.0,1,1.0,1,1.0,1,0.22985043553345758,65
4418,2,7190,3451,3739,0,0,0,1.0,1,1.0,1,1.0,1,0.25000198980132193,65
4419,2,7192,3451,3741,0,0,0,1.0,1,1.0,1,1.0,1,0.2888453812253079,62
4420,2,7194,3451,3743,0,0,0,1.0,1,1.0,1,1.0,1,0.2836517305794367,62
4421,1,7195,3452,3743,0,0,0,1.0,1,1.0,1,1.0,1,0.2969026206492527,65
4422,4,7199,3454,3745,0,0,0,1.0,1,1.0,1,1.0,1,0.30498016976004777,64
4423,1,7200,3454,3746,0,0,0,1.0,1,1.0,1,1.0,1,0.2894922901972207,63
4424,4,7204,3455,3749,0,0,0,1.0,1,1.0,1,1.0,1,0.26495192542955004,63
4425,1,7205,3456,3749,0,0,0,1.0,1,1.0,1,1.0,1,0.2946648149223048,63
4426,5,7210,3458,3752,0,0,0,1.0,1,1.0,1,1.0,1,0.276861128465899,63
4427,2,7212,3458,3754,0,0,0,1.0,1,1.0,1,1.0,1,0.2408448842073764,62
4428,1,7213,3458,3755,0,0,0,1.0,1,1.0,1,1.0,1,0.22293616213910364,61
4429,5,7218,3460,3758,0,0,0,1.0,1,1.0,1,1.0,1,0.2322304584434139,62
4430,2,7220,3461,3759,0,0,0,1.0,1,1.0,1,1.0,1,0.21225845867162718,60
4431,2,7222,3462,3760,0,0,0,1.0,1,1.0,1,1.0,1,0.18992947416126044,59
4432,2,7224,3462,3762,0,0,0,1.0,1,1.0,1,1.0,1,0.15066163050441256,60
4433,3,7227,3464,3763,0,0,0,1.0,1,1.0,1,1.0,1,0.1380515310413525,61
4434,2,7229,3466,3763,0,0,0,1.0,1,1.0,1,1.0,1,0.15522785641396813,61
4435,3,7232,3467,3765,0,0,0,1.0,1,1.0,1,1.0,1,0.13161783016495437,61
4436,1,7233,3468,3765,0,0,0,1.0,1,1.0,1,1.0,1,0.1585798625966306,61
4437,5,7238,3472,3766,0,0,0,1.0,1,1.0,1,1.0,1,0.17645000139576453,61
4438,1,7239,3472,3767,0,0,0,1.0,1,1.0,1,1.0,1,0.17210201368608896,62
4439,0,7239,3472,3767,0,0,0,1.0,1,1.0,1,1.0,1,0.18483205320401835,63
4440,1,7240,3472,3768,0,0,0,1.0,1,1.0,1,1.0,1,0.1811538701500179,64
4441,1,7241,3472,3769,0,0,0,1.0,1,1.0,1,1.0,1,0.16809425888812932,64
4442,4,7245,3475,3770,0,0,0,1.0,1,1.0,1,1.0,1,0.1629342849715579,67
4443,2,7247,3475,3772,0,0,0,1.0,1,1.0,1,1.0,1,0.1449670893354198,68
4444,0,7247,3475,3772,0,0,0,1.0,1,1.0,1,1.0,1,0.14261788608730389,69
4445,1,7248,3476,3772,0,0,0,1.0,1,1.0,1,1.0,1,0.17465154259431073,71
4446,0,7248,3476,3772,0,0,0,1.0,1,1.0,1,1.0,1,0.17465154259431073,71
4447,2,7250,3476,3774,0,0,0,1.0,1,1.0,1,1.0,1,0.16157386034376967,72
4448,0,7250,3476,3774,0,0,0,1.0,1,1.0,1,1.0,1,0.1708390651557845,71
4449,1,7251,3477,3774,0,0,0,1.0,1,1.0,1,1.0,1,0.17729055899635582,70
4450,2,7253,3477,3776,0,0,0,1.0,1,1.0,1,1.0,1,0.1661276025180922,69
4451,0,7253,3477,3776,0,0,0,1.0,1,1.0,1,1.0,1,0.16819794070736152,69
4452,2,7255,3477,3778,0,0,0,1.0,1,1.0,1,1.0,1,0.16124253721708823,70
4453,2,7257,3477,3780,0,0,0,1.0,1,1.0,1,1.0,1,0.1538836934034024,70
4454,3,7260,3479,3781,0,0,0,1.0,1,1.0,1,1.0,1,0.1775740164794243,71
4455,3,7263,3481,3782,0,0,0,1.0,1,1.0,1,1.0,1,0.18178187868021828,71
4456,7,7270,3485,3785,0,0,0,1.0,1,1.0,1,1.0,1,0.18733206671697683,71
4457,2,7272,3486,3786,0,0,0,1.0,1,1.0,1,1.0,1,0.15774157127127578,69
4458,2,7274,3488,3786,0,0,0,1.0,1,1.0,1,1.0,1,0.18320763876861068,70
4459,3,7277,3489,3788,0,0,0,1.0,1,1.0,1,1.0,1,0.16780638924172384,68
4460,3,7280,3492,3788,0,0,0,1.0,1,1.0,1,1.0,1,0.18083256504645517,68
4461,2,7282,3493,3789,0,0,0,1.0,1,1.0,1,1.0,1,0.1656973195386193,67
4462,5,7287,3498,3789,0,0,0,1.0,1,1.0,1,1.0,1,0.16634479515796258,66
4463,4,7291,3501,3790,0,0,0,1.0,1,1.0,1,1.0,1,0.19361137417350072,65
4464,3,7294,3504,3790,0,0,0,1.0,1,1.0,1,1.0,1,0.25186323631298063,62
4465,7,7301,3506,3795,0,0,0,1.0,1,1.0,1,1.0,1,0.20634843318301538,61
4466,2,7303,3506,3797,0,0,0,1.0,1,1.0,1,1.0,1,0.17617123197847598,60
4467,4,7307,3508,3799,0,0,0,1.0,1,1.0,1,1.0,1,0.15338579879896486,58
4468,2,7309,3509,3800,0,0,0,1.0,1,1.0,1,1.0,1,0.1578740519076712,57
4469,3,7312,3512,3800,0,0,0,1.0,1,1.0,1,1.0,1,0.19445707825792496,56
4470,1,7313,3513,3800,0,0,0,1.0,1,1.0,1,1.0,1,0.1924089612674641,55
4471,2,7315,3514,3801,0,0,0,1.0,1,1.0,1,1.0,1,0.18505384568440986,55
4472,3,7318,3517,3801,0,0,0,1.0,1,1.0,1,1.0,1,0.18635869659770543,55
4473,0,7318,3517,3801,0,0,0,1.0,1,1.0,1,1.0,1,0.18652325160486755,55
4474,4,7322,3519,3803,0,0,0,1.0,1,1.0,1,1.0,1,0.21316960499460388,55
4475,1,7323,3520,3803,0,0,0,1.0,1,1.0,1,1.0,1,0.19336563576362428,56
4476,1,7324,3520,3804,0,0,0,1.0,1,1.0,1,1.0,1,0.17800373619770835,56
4477,2,7326,3520,3806,0,0,0,1.0,1,1.0,1,1.0,1,0.1694903945264809,57
4478,0,7326,3520,3806,0,0,0,1.0,1,1.0,1,1.0,1,0.18230583303717973,55
4479,1,7327,3521,3806,0,0,0,1.0,1,1.0,1,1.0,1,0.1869140974694296,55
4480,0,7327,3521,3806,0,0,0,1.0,1,1.0,1,1.0,1,0.20023301304916372,54
4481,0,7327,3521,3806,0,0,0,1.0,1,1.0,1,1.0,1,0.24685397775614465,53
4482,2,7329,3522,3807,0,0,0,1.0,1,1.0,1,1.0,1,0.24060947368246796,54
4483,2,7331,3522,3809,0,0,0,1.0,1,1.0,1,1.0,1,0.19999934358956362,55
4484,1,7332,3523,3809,0,0,0,1.0,1,1.0,1,1.0,1,0.20318395120947097,57
4485,4,7336,3525,3811,0,0,0,1.0,1,1.0,1,1.0,1,0.2273191759416237,60
4486,4,7340,3526,3814,0,0,0,1.0,1,1.0,1,1.0,1,0.19611942042490188,60
4487,1,7341,3526,3815,0,0,0,1.0,1,1.0,1,1.0,1,0.18180353026642468,60
4488,0,7341,3526,3815,0,0,0,1.0,1,1.0,1,1.0,1,0.18180353026642468,60
4489,1,7342,3527,3815,0,0,0,1.0,1,1.0,1,1.0,1,0.17324522334675507,60
4490,0,7342,3527,3815,0,0,0,1.0,1,1.0,1,1.0,1,0.17324522334675507,60
4491,1,7343,3528,3815,0,0,0,1.0,1,1.0,1,1.0,1,0.17327731889080958,61
4492,1,7344,3529,3815,0,0,0,1.0,1,1.0,1,1.0,1,0.15524411641837776,61
4493,1,7345,3530,3815,0,0,0,1.0,1,1.0,1,1.0,1,0.17494806955224484,60
4494,1,7346,3531,3815,0,0,0,1.0,1,1.0,1,1.0,1,0.19052630297857479,61
4495,1,7347,3531,3816,0,0,0,1.0,1,1.0,1,1.0,1,0.1597246234446026,59
4496,0,7347,3531,3816,0,0,0,1.0,1,1.0,1,1.0,1,0.18935119910860282,60
4497,0,7347,3531,3816,0,0,0,1.0,1,1.0,1,1.0,1,0.20954646220301232,59
4498,2,7349,3532,3817,0,0,0,1.0,1,1.0,1,1.0,1,0.18069319042372062,57
4499,3,7352,3534,3818,0,0,0,1.0,1,1.0,1,1.0,1,0.201716920427436,58
4500,0,7352,3534,3818,0,0,0,1.0,1,1.0,1,1.0,1,0.20879967851869569,56
4501,2,7354,3536,3818,0,0,0,1.0,1,1.0,1,1.0,1,0.2677268829461717,57
4502,9,7363,3540,3823,0,0,0,1.0,1,1.0,1,1.0,1,0.26720472338301793,56
4503,4,7367,3542,3825,0,0,0,1.0,1,1.0,1,1.0,1,0.2895933123715827,54
4504,5,7372,3542,3830,0,0,0,1.0,1,1.0,1,1.0,1,0.19188976038351904,54
4505,2,7374,3544,3830,0,0,0,1.0,1,1.0,1,1.0,1,0.18591516502620412,51
4506,0,7374,3544,3830,0,0,0,1.0,1,1.0,1,1.0,1,0.18598120413741442,49
4507,2,7376,3545,3831,0,0,0,1.0,1,1.0,1,1.0,1,0.2019861578748704,48
4508,1,7377,3545,3832,0,0,0,1.0,1,1.0,1,1.0,1,0.21989463661846126,48
4509,3,7380,3548,3832,0,0,0,1.0,1,1.0,1,1.0,1,0.23057839452414705,46
4510,1,7381,3548,3833,0,0,0,1.0,1,1.0,1,1.0,1,0.24319459436644103,44
4511,4,7385,3549,3836,0,0,0,1.0,1,1.0,1,1.0,1,0.209951770194436,45
4512,1,7386,3550,3836,0,0,0,1.0,1,1.0,1,1.0,1,0.23019786488760866,46
4513,3,7389,3550,3839,0,0,0,1.0,1,1.0,1,1.0,1,0.1976798722369296,45
4514,0,7389,3550,3839,0,0,0,1.0,1,1.0,1,1.0,1,0.18442790211508922,46
4515,2,7391,3550,3841,0,0,0,1.0,1,1.0,1,1.0,1,0.17062718815235917,48
4516,1,7392,3551,3841,0,0,0,1.0,1,1.0,1,1.0,1,0.18248238765608832,49
4517,1,7393,3552,3841,0,0,0,1.0,1,1.0,1,1.0,1,0.1760572693172243,50
4518,1,7394,3553,3841,0,0,0,1.0,1,1.0,1,1.0,1,0.1616600303148722,50
4519,2,7396,3555,3841,0,0,0,1.0,1,1.0,1,1.0,1,0.17984455651342693,49
4520,0,7396,3555,3841,0,0,0,1.0,1,1.0,1,1.0,1,0.18909945088163774,50
4521,0,7396,3555,3841,0,0,0,1.0,1,1.0,1,1.0,1,0.18909945088163774,50
4522,1,7397,3555,3842,0,0,0,1.0,1,1.0,1,1.0,1,0.16542342882695665,50
4523,0,7397,3555,3842,0,0,0,1.0,1,1.0,1,1.0,1,0.16882320562405612,51
4524,3,7400,3556,3844,0,0,0,1.0,1,1.0,1,1.0,1,0.16471452509147722,52
4525,2,7402,3557,3845,0,0,0,1.0,1,1.0,1,1.0,1,0.15126589778471064,53
4526,0,7402,3557,3845,0,0,0,1.0,1,1.0,1,1.0,1,0.13952226401991757,54
4527,0,7402,3557,3845,0,0,0,1.0,1,1.0,1,1.0,1,0.15325174955902326,55
4528,1,7403,3557,3846,0,0,0,1.0,1,1.0,1,1.0,1,0.14464877882643606,55
4529,0,7403,3557,3846,0,0,0,1.0,1,1.0,1,1.0,1,0.15698371638666797,55
4530,0,7403,3557,3846,0,0,0,1.0,1,1.0,1,1.0,1,0.15912448314310706,56
4531,5,7408,3561,3847,0,0,0,1.0,1,1.0,1,1.0,1,0.20651107924257803,56
4532,2,7410,3562,3848,0,0,0,1.0,1,1.0,1,1.0,1,0.23286190226821074,55
4533,2,7412,3563,3849,0,0,0,1.0,1,1.0,1,1.0,1,0.27430756198373635,54
4534,4,7416,3563,3853,0,0,0,1.0,1,1.0,1,1.0,1,0.21447738478814604,55
4535,1,7417,3563,3854,0,0,0,1.0,1,1.0,1,1.0,1,0.2206540834883911,52
4536,2,7419,3564,3855,0,0,0,1.0,1,1.0,1,1.0,1,0.20458536335456912,53
4537,2,7421,3565,3856,0,0,0,1.0,1,1.0,1,1.0,1,0.2054325930506845,52
4538,0,7421,3565,3856,0,0,0,1.0,1,1.0,1,1.0,1,0.21990479827500783,52
4539,2,7423,3566,3857,0,0,0,1.0,1,1.0,1,1.0,1,0.24397483273442014,53
4540,4,7427,3567,3860,0,0,0,1.0,1,1.0,1,1.0,1,0.2132042352701459,54
4541,0,7427,3567,3860,0,0,0,1.0,1,1.0,1,1.0,1,0.2278111530713336,53
4542,2,7429,3569,3860,0,0,0,1.0,1,1.0,1,1.0,1,0.24992384256733974,53
4543,4,7433,3570,3863,0,0,0,1.0,1,1.0,1,1.0,1,0.2217254558717192,53
4544,4,7437,3572,3865,0,0,0,1.0,1,1.0,1,1.0,1,0.1825504351738104,52
4545,0,7437,3572,3865,0,0,0,1.0,1,1.0,1,1.0,1,0.19955909105990507,50
4546,1,7438,3572,3866,0,0,0,1.0,1,1.0,1,1.0,1,0.20544225115477704,49
4547,2,7440,3573,3867,0,0,0,1.0,1,1.0,1,1.0,1,0.20236206932387774,49
4548,0,7440,3573,3867,0,0,0,1.0,1,1.0,1,1.0,1,0.20236206932387774,49
4549,1,7441,3574,3867,0,0,0,1.0,1,1.0,1,1.0,1,0.2065963316329573,50
4550,1,7442,3575,3867,0,0,0,1.0,1,1.0,1,1.0,1,0.22943803796329962,49
4551,0,7442,3575,3867,0,0,0,1.0,1,1.0,1,1.0,1,0.22943803796329962,49
4552,1,7443,3576,3867,0,0,0,1.0,1,1.0,1,1.0,1,0.2260285907980325,49
4553,2,7445,3578,3867,0,0,0,1.0,1,1.0,1,1.0,1,0.2717684280627781,49
4554,2,7447,3579,3868,0,0,0,1.0,1,1.0,1,1.0,1,0.2658200671147769,49
4555,5,7452,3580,3872,0,0,0,1.0,1,1.0,1,1.0,1,0.2305822761138543,48
4556,0,7452,3580,3872,0,0,0,1.0,1,1.0,1,1.0,1,0.2305822761138543,48
4557,1,7453,3580,3873,0,0,0,1.0,1,1.0,1,1.0,1,0.23534007648971686,49
4558,2,7455,3581,3874,0,0,0,1.0,1,1.0,1,1.0,1,0.19445771148021862,49
4559,0,7455,3581,3874,0,0,0,1.0,1,1.0,1,1.0,1,0.219715390935891,50
4560,1,7456,3582,3874,0,0,0,1.0,1,1.0,1,1.0,1,0.23281902737633892,51
4561,1,7457,3582,3875,0,0,0,1.0,1,1.0,1,1.0,1,0.21673802952304427,52
4562,1,7458,3583,3875,0,0,0,1.0,1,1.0,1,1.0,1,0.2575964568248993,53
4563,0,7458,3583,3875,0,0,0,1.0,1,1.0,1,1.0,1,0.2453225418481039,52
4564,4,7462,3583,3879,0,0,0,1.0,1,1.0,1,1.0,1,0.18501070298726574,54
4565,1,7463,3583,3880,0,0,0,1.0,1,1.0,1,1.0,1,0.1913091565979834,55
4566,1,7464,3583,3881,0,0,0,1.0,1,1.0,1,1.0,1,0.1800308112259048,55
4567,2,7466,3585,3881,0,0,0,1.0,1,1.0,1,1.0,1,0.15806582513450876,56
4568,2,7468,3586,3882,0,0,0,1.0,1,1.0,1,1.0,1,0.17864609155848843,58
4569,0,7468,3586,3882,0,0,0,1.0,1,1.0,1,1.0,1,0.17170545596912012,59
4570,1,7469,3587,3882,0,0,0,1.0,1,1.0,1,1.0,1,0.17534756665693937,59
4571,0,7469,3587,3882,0,0,0,1.0,1,1.0,1,1.0,1,0.16327023863639295,57
4572,3,7472,3589,3883,0,0,0,1.0,1,1.0,1,1.0,1,0.18612372098384675,56
4573,3,7475,3591,3884,0,0,0,1.0,1,1.0,1,1.0,1,0.20127324071536096,56
4574,0,7475,3591,3884,0,0,0,1.0,1,1.0,1,1.0,1,0.26727013771777186,55
4575,0,7475,3591,3884,0,0,0,1.0,1,1.0,1,1.0,1,0.26727013771777186,55
4576,2,7477,3591,3886,0,0,0,1.0,1,1.0,1,1.0,1,0.24724796092835205,55
4577,0,7477,3591,3886,0,0,0,1.0,1,1.0,1,1.0,1,0.24173009973746581,54
4578,1,7478,3592,3886,0,0,0,1.0,1,1.0,1,1.0,1,0.24488788246027562,54
4579,1,7479,3592,3887,0,0,0,1.0,1,1.0,1,1.0,1,0.2230657404770301,54
4580,1,7480,3592,3888,0,0,0,1.0,1,1.0,1,1.0,1,0.2047066655815983,55
4581,1,7481,3593,3888,0,0,0,1.0,1,1.0,1,1.0,1,0.24154343256137364,56
4582,0,7481,3593,3888,0,0,0,1.0,1,1.0,1,1.0,1,0.24154343256137364,56
4583,1,7482,3594,3888,0,0,0,1.0,1,1.0,1,1.0,1,0.25141204579501536,57
4584,1,7483,3595,3888,0,0,0,1.0,1,1.0,1,1.0,1,0.28138040128506014,57
4585,2,7485,3595,3890,0,0,0,1.0,1,1.0,1,1.0,1,0.24871896014379835,57
4586,0,7485,3595,3890,0,0,0,1.0,1,1.0,1,1.0,1,0.24871896014379835,57
4587,0,7485,3595,3890,0,0,0,1.0,1,1.0,1,1.0,1,0.24871896014379835,57
4588,0,7485,3595,3890,0,0,0,1.0,1,1.0,1,1.0,1,0.258714952746855,58
4589,0,7485,3595,3890,0,0,0,1.0,1,1.0,1,1.0,1,0.2573829098452747,59
4590,1,7486,3595,3891,0,0,0,1.0,1,1.0,1,1.0,1,0.25854888536917453,60
4591,0,7486,3595,3891,0,0,0,1.0,1,1.0,1,1.0,1,0.26949673824896236,61
4592,1,7487,3595,3892,0,0,0,1.0,1,1.0,1,1.0,1,0.2564881277757069,62
4593,3,7490,3595,3895,0,0,0,1.0,1,1.0,1,1.0,1,0.22950936023092888,64
4594,0,7490,3595,3895,0,0,0,1.0,1,1.0,1,1.0,1,0.22950936023092888,64
4595,0,7490,3595,3895,0,0,0,1.0,1,1.0,1,1.0,1,0.24180065420937014,63
4596,0,7490,3595,3895,0,0,0,1.0,1,1.0,1,1.0,1,0.24180065420937014,63
4597,2,7492,3597,3895,0,0,0,1.0,1,1.0,1,1.0,1,0.24238796622688089,63
4598,3,7495,3598,3897,0,0,0,1.0,1,1.0,1,1.0,1,0.2038042428335827,65
4599,3,7498,3599,3899,0,0,0,1.0,1,1.0,1,1.0,1,0.19846539830407808,66
4600,4,7502,3600,3902,0,0,0,1.0,1,1.0,1,1.0,1,0.1720113128177919,67
4601,0,7502,3600,3902,0,0,0,1.0,1,1.0,1,1.0,1,0.1720113128177919,67
4602,0,7502,3600,3902,0,0,0,1.0,1,1.0,1,1.0,1,0.17304225278520122,69
4603,5,7507,3601,3906,0,0,0,1.0,1,1.0,1,1.0,1,0.15390894941916186,69
4604,1,7508,3602,3906,0,0,0,1.0,1,1.0,1,1.0,1,0.15658626882719748,69
4605,0,7508,3602,3906,0,0,0,1.0,1,1.0,1,1.0,1,0.1544444029378751,70
4606,0,7508,3602,3906,0,0,0,1.0,1,1.0,1,1.0,1,0.1544444029378751,70
4607,1,7509,3603,3906,0,0,0,1.0,1,1.0,1,1.0,1,0.1809803542934106,72
4608,1,7510,3603,3907,0,0,0,1.0,1,1.0,1,1.0,1,0.17629796759706698,73
4609,1,7511,3603,3908,0,0,0,1.0,1,1.0,1,1.0,1,0.16058320176483226,72
4610,2,7513,3604,3909,0,0,0,1.0,1,1.0,1,1.0,1,0.1501167704243288,72
4611,0,7513,3604,3909,0,0,0,1.0,1,1.0,1,1.0,1,0.17036323004970672,71
4612,1,7514,3605,3909,0,0,0,1.0,1,1.0,1,1.0,1,0.18351177646793354,70
4613,0,7514,3605,3909,0,0,0,1.0,1,1.0,1,1.0,1,0.17398992962549423,69
4614,0,7514,3605,3909,0,0,0,1.0,1,1.0,1,1.0,1,0.20722952819359455,68
4615,4,7518,3607,3911,0,0,0,1.0,1,1.0,1,1.0,1,0.1995450841779744,68
4616,0,7518,3607,3911,0,0,0,1.0,1,1.0,1,1.0,1,0.22744342776802992,65
4617,1,7519,3608,3911,0,0,0,1.0,1,1.0,1,1.0,1,0.22685760388660017,66
4618,3,7522,3609,3913,0,0,0,1.0,1,1.0,1,1.0,1,0.22606007720581142,66
4619,0,7522,3609,3913,0,0,0,1.0,1,1.0,1,1.0,1,0.23320195551275225,65
4620,1,7523,3609,3914,0,0,0,1.0,1,1.0,1,1.0,1,0.2209853748002612,65
4621,7,7530,3613,3917,0,0,0,1.0,1,1.0,1,1.0,1,0.23413698098871127,67
4622,0,7530,3613,3917,0,0,0,1.0,1,1.0,1,1.0,1,0.24462299557203168,65
4623,2,7532,3615,3917,0,0,0,1.0,1,1.0,1,1.0,1,0.2735703614543918,66
4624,3,7535,3617,3918,0,0,0,1.0,1,1.0,1,1.0,1,0.2630978192146319,65
4625,2,7537,3617,3920,0,0,0,1.0,1,1.0,1,1.0,1,0.24865777996133995,64
4626,2,7539,3619,3920,0,0,0,1.0,1,1.0,1,1.0,1,0.24905100904697489,63
4627,7,7546,3620,3926,0,0,0,1.0,1,1.0,1,1.0,1,0.18217690710388393,65
4628,1,7547,3620,3927,0,0,0,1.0,1,1.0,1,1.0,1,0.17962408130891688,64
4629,3,7550,3622,3928,0,0,0,1.0,1,1.0,1,1.0,1,0.1957651900074711,64
4630,4,7554,3622,3932,0,0,0,1.0,1,1.0,1,1.0,1,0.14590725519909822,64
4631,3,7557,3623,3934,0,0,0,1.0,1,1.0,1,1.0,1,0.17409706121003177,66
4632,1,7558,3623,3935,0,0,0,1.0,1,1.0,1,1.0,1,0.17627742982211528,65
4633,0,7558,3623,3935,0,0,0,1.0,1,1.0,1,1.0,1,0.17312946377554825,66
4634,1,7559,3624,3935,0,0,0,1.0,1,1.0,1,1.0,1,0.17676944799647995,66
4635,0,7559,3624,3935,0,0,0,1.0,1,1.0,1,1.0,1,0.17662829741883188,66
4636,0,7559,3624,3935,0,0,0,1.0,1,1.0,1,1.0,1,0.17662829741883188,66
4637,1,7560,3624,3936,0,0,0,1.0,1,1.0,1,1.0,1,0.15194436680837872,68
4638,0,7560,3624,3936,0,0,0,1.0,1,1.0,1,1.0,1,0.15194436680837872,68
4639,1,7561,3625,3936,0,0,0,1.0,1,1.0,1,1.0,1,0.17189691429127876,69
4640,0,7561,3625,3936,0,0,0,1.0,1,1.0,1,1.0,1,0.17189691429127876,69
4641,2,7563,3626,3937,0,0,0,1.0,1,1.0,1,1.0,1,0.1936278230323791,70
4642,6,7569,3626,3943,0,0,0,1.0,1,1.0,1,1.0,1,0.12167413269866502,69
4643,1,7570,3627,3943,0,0,0,1.0,1,1.0,1,1.0,1,0.14042144915461002,70
4644,1,7571,3628,3943,0,0,0,1.0,1,1.0,1,1.0,1,0.1710867656791998,69
4645,1,7572,3629,3943,0,0,0,1.0,1,1.0,1,1.0,1,0.17912876882094517,70
4646,2,7574,3630,3944,0,0,0,1.0,1,1.0,1,1.0,1,0.20297455960457045,68
4647,2,7576,3632,3944,0,0,0,1.0,1,1.0,1,1.0,1,0.22069173343823778,68
4648,2,7578,3632,3946,0,0,0,1.0,1,1.0,1,1.0,1,0.23097790794514883,67
4649,2,7580,3633,3947,0,0,0,1.0,1,1.0,1,1.0,1,0.2582607280910131,67
4650,0,7580,3633,3947,0,0,0,1.0,1,1.0,1,1.0,1,0.23705458111696376,67
4651,4,7584,3636,3948,0,0,0,1.0,1,1.0,1,1.0,1,0.23571789496392917,68
4652,1,7585,3637,3948,0,0,0,1.0,1,1.0,1,1.0,1,0.25798199980270037,66
4653,1,7586,3638,3948,0,0,0,1.0,1,1.0,1,1.0,1,0.23635434439058317,64
4654,2,7588,3639,3949,0,0,0,1.0,1,1.0,1,1.0,1,0.26545430820539984,65
4655,1,7589,3639,3950,0,0,0,1.0,1,1.0,1,1.0,1,0.24883397559488088,64
4656,1,7590,3640,3950,0,0,0,1.0,1,1.0,1,1.0,1,0.25478536009840774,65
4657,3,7593,3641,3952,0,0,0,1.0,1,1.0,1,1.0,1,0.22824060310742966,66
4658,1,7594,3642,3952,0,0,0,1.0,1,1.0,1,1.0,1,0.2669868844694721,65
4659,1,7595,3642,3953,0,0,0,1.0,1,1.0,1,1.0,1,0.2638779225613338,65
4660,3,7598,3642,3956,0,0,0,1.0,1,1.0,1,1.0,1,0.25308785979739473,66
4661,1,7599,3642,3957,0,0,0,1.0,1,1.0,1,1.0,1,0.2611181373796678,66
4662,1,7600,3642,3958,0,0,0,1.0,1,1.0,1,1.0,1,0.25233996618075494,68
4663,0,7600,3642,3958,0,0,0,1.0,1,1.0,1,1.0,1,0.2562826774939901,67
4664,3,7603,3644,3959,0,0,0,1.0,1,1.0,1,1.0,1,0.26317357955337733,67
4665,2,7605,3645,3960,0,0,0,1.0,1,1.0,1,1.0,1,0.25326848854502065,67
4666,5,7610,3645,3965,0,0,0,1.0,1,1.0,1,1.0,1,0.20251481589513118,67
4667,1,7611,3646,3965,0,0,0,1.0,1,1.0,1,1.0,1,0.20412850197939877,66
4668,2,7613,3648,3965,0,0,0,1.0,1,1.0,1,1.0,1,0.2186575284852564,66
4669,2,7615,3649,3966,0,0,0,1.0,1,1.0,1,1.0,1,0.2192353300649176,66
4670,0,7615,3649,3966,0,0,0,1.0,1,1.0,1,1.0,1,0.23666982073364584,64
4671,0,7615,3649,3966,0,0,0,1.0,1,1.0,1,1.0,1,0.23666982073364584,64
4672,5,7620,3651,3969,0,0,0,1.0,1,1.0,1,1.0,1,0.24856146707673338,64
4673,1,7621,3651,3970,0,0,0,1.0,1,1.0,1,1.0,1,0.23710197692871376,65
4674,2,7623,3653,3970,0,0,0,1.0,1,1.0,1,1.0,1,0.25760586761551246,66
4675,4,7627,3654,3973,0,0,0,1.0,1,1.0,1,1.0,1,0.23822567734507322,65
4676,1,7628,3654,3974,0,0,0,1.0,1,1.0,1,1.0,1,0.23782471276701117,65
4677,2,7630,3656,3974,0,0,0,1.0,1,1.0,1,1.0,1,0.24963432754011183,65
4678,2,7632,3656,3976,0,0,0,1.0,1,1.0,1,1.0,1,0.2279298311918101,64
4679,1,7633,3657,3976,0,0,0,1.0,1,1.0,1,1.0,1,0.2245708356834494,66
4680,2,7635,3657,3978,0,0,0,1.0,1,1.0,1,1.0,1,0.22288821842770523,67
4681,2,7637,3658,3979,0,0,0,1.0,1,1.0,1,1.0,1,0.21328832972482528,67
4682,3,7640,3661,3979,0,0,0,1.0,1,1.0,1,1.0,1,0.23787313785521197,67
4683,4,7644,3662,3982,0,0,0,1.0,1,1.0,1,1.0,1,0.20759938214044543,67
4684,1,7645,3663,3982,0,0,0,1.0,1,1.0,1,1.0,1,0.21999246917030832,66
4685,0,7645,3663,3982,0,0,0,1.0,1,1.0,1,1.0,1,0.21237939652628435,65
4686,1,7646,3664,3982,0,0,0,1.0,1,1.0,1,1.0,1,0.24388620595179453,65
4687,1,7647,3664,3983,0,0,0,1.0,1,1.0,1,1.0,1,0.2261614952694955,65
4688,3,7650,3666,3984,0,0,0,1.0,1,1.0,1,1.0,1,0.2507504237244851,64
4689,6,7656,3668,3988,0,0,0,1.0,1,1.0,1,1.0,1,0.26589421202469476,65
4690,1,7657,3668,3989,0,0,0,1.0,1,1.0,1,1.0,1,0.2754152636689279,63
4691,4,7661,3670,3991,0,0,0,1.0,1,1.0,1,1.0,1,0.2772949560910244,64
4692,0,7661,3670,3991,0,0,0,1.0,1,1.0,1,1.0,1,0.2472956202969451,63
4693,0,7661,3670,3991,0,0,0,1.0,1,1.0,1,1.0,1,0.25773666855593347,64
4694,0,7661,3670,3991,0,0,0,1.0,1,1.0,1,1.0,1,0.2469323939249361,63
4695,1,7662,3670,3992,0,0,0,1.0,1,1.0,1,1.0,1,0.2388310805545961,62
4696,2,7664,3671,3993,0,0,0,1.0,1,1.0,1,1.0,1,0.22997284567397447,61
4697,2,7666,3672,3994,0,0,0,1.0,1,1.0,1,1.0,1,0.2184560401244895,63
4698,0,7666,3672,3994,0,0,0,1.0,1,1.0,1,1.0,1,0.22990185694323553,63
4699,2,7668,3672,3996,0,0,0,1.0,1,1.0,1,1.0,1,0.2106716826151267,65
4700,0,7668,3672,3996,0,0,0,1.0,1,1.0,1,1.0,1,0.2193097421880297,64
4701,1,7669,3673,3996,0,0,0,1.0,1,1.0,1,1.0,1,0.22994933843158796,64
4702,1,7670,3673,3997,0,0,0,1.0,1,1.0,1,1.0,1,0.2197705109285692,66
4703,2,7672,3674,3998,0,0,0,1.0,1,1.0,1,1.0,1,0.21522131989503077,65
4704,3,7675,3676,3999,0,0,0,1.0,1,1.0,1,1.0,1,0.20783959202667748,64
4705,5,7680,3678,4002,0,0,0,1.0,1,1.0,1,1.0,1,0.24239913743621552,65
4706,4,7684,3681,4003,0,0,0,1.0,1,1.0,1,1.0,1,0.2477294041076405,65
4707,0,7684,3681,4003,0,0,0,1.0,1,1.0,1,1.0,1,0.25597631540456844,63
4708,4,7688,3682,4006,0,0,0,1.0,1,1.0,1,1.0,1,0.21163322259693307,62
4709,7,7695,3687,4008,0,0,0,1.0,1,1.0,1,1.0,1,0.24359778633371135,61
4710,0,7695,3687,4008,0,0,0,1.0,1,1.0,1,1.0,1,0.2399778461395659,60
4711,3,7698,3689,4009,0,0,0,1.0,1,1.0,1,1.0,1,0.23407325813135585,59
4712,0,7698,3689,4009,0,0,0,1.0,1,1.0,1,1.0,1,0.2288431477978221,58
4713,2,7700,3691,4009,0,0,0,1.0,1,1.0,1,1.0,1,0.23349804742597124,58
4714,1,7701,3691,4010,0,0,0,1.0,1,1.0,1,1.0,1,0.21433889939063352,57
4715,0,7701,3691,4010,0,0,0,1.0,1,1.0,1,1.0,1,0.21772724622070017,57
4716,1,7702,3692,4010,0,0,0,1.0,1,1.0,1,1.0,1,0.24098593083811592,55
4717,3,7705,3693,4012,0,0,0,1.0,1,1.0,1,1.0,1,0.22654022276642716,57
4718,1,7706,3693,4013,0,0,0,1.0,1,1.0,1,1.0,1,0.1972721902347443,56
4719,2,7708,3694,4014,0,0,0,1.0,1,1.0,1,1.0,1,0.2292918052000016,56
4720,3,7711,3694,4017,0,0,0,1.0,1,1.0,1,1.0,1,0.20911350372893828,57
4721,1,7712,3694,4018,0,0,0,1.0,1,1.0,1,1.0,1,0.19650926402310093,57
4722,0,7712,3694,4018,0,0,0,1.0,1,1.0,1,1.0,1,0.19650926402310093,57
4723,4,7716,3696,4020,0,0,0,1.0,1,1.0,1,1.0,1,0.2149752884516121,57
4724,0,7716,3696,4020,0,0,0,1.0,1,1.0,1,1.0,1,0.21657169485623445,57
4725,0,7716,3696,4020,0,0,0,1.0,1,1.0,1,1.0,1,0.25782225699122524,57
4726,4,7720,3698,4022,0,0,0,1.0,1,1.0,1,1.0,1,0.25993540662541165,57
4727,0,7720,3698,4022,0,0,0,1.0,1,1.0,1,1.0,1,0.27203948924665744,56
4728,1,7721,3698,4023,0,0,0,1.0,1,1.0,1,1.0,1,0.27177437358315637,57
4729,0,7721,3698,4023,0,0,0,1.0,1,1.0,1,1.0,1,0.28441079404664615,56
4730,2,7723,3700,4023,0,0,0,1.0,1,1.0,1,1.0,1,0.2923102857050751,54
4731,0,7723,3700,4023,0,0,0,1.0,1,1.0,1,1.0,1,0.29284330576310275,54
4732,1,7724,3701,4023,0,0,0,1.0,1,1.0,1,1.0,1,0.3215397549374445,54
4733,2,7726,3702,4024,0,0,0,1.0,1,1.0,1,1.0,1,0.31814513644163195,55
4734,2,7728,3704,4024,0,0,0,1.0,1,1.0,1,1.0,1,0.3399705851422755,56
4735,7,7735,3707,4028,0,0,0,1.0,1,1.0,1,1.0,1,0.31919092926508813,56
4736,1,7736,3707,4029,0,0,0,1.0,1,1.0,1,1.0,1,0.31232873422850765,58
4737,0,7736,3707,4029,0,0,0,1.0,1,1.0,1,1.0,1,0.30627997192314915,59
4738,4,7740,3711,4029,0,0,0,1.0,1,1.0,1,1.0,1,0.36122375271384943,60
4739,2,7742,3711,4031,0,0,0,1.0,1,1.0,1,1.0,1,0.33982007122697333,60
4740,0,7742,3711,4031,0,0,0,1.0,1,1.0,1,1.0,1,0.33982007122697333,60
4741,7,7749,3712,4037,0,0,0,1.0,1,1.0,1,1.0,1,0.3079183653627126,61
4742,3,7752,3713,4039,0,0,0,1.0,1,1.0,1,1.0,1,0.30645851512803257,61
4743,0,7752,3713,4039,0,0,0,1.0,1,1.0,1,1.0,1,0.30227966452674837,60
4744,3,7755,3715,4040,0,0,0,1.0,1,1.0,1,1.0,1,0.28123799553927736,60
4745,0,7755,3715,4040,0,0,0,1.0,1,1.0,1,1.0,1,0.27356114837107,59
4746,1,7756,3716,4040,0,0,0,1.0,1,1.0,1,1.0,1,0.2809250680080389,59
4747,4,7760,3718,4042,0,0,0,1.0,1,1.0,1,1.0,1,0.25199519812719856,58
4748,4,7764,3720,4044,0,0,0,1.0,1,1.0,1,1.0,1,0.23176779459587743,58
4749,4,7768,3722,4046,0,0,0,1.0,1,1.0,1,1.0,1,0.23621732207564458,58
4750,6,7774,3723,4051,0,0,0,1.0,1,1.0,1,1.0,1,0.18988040341070164,56
4751,2,7776,3724,4052,0,0,0,1.0,1,1.0,1,1.0,1,0.18196086958949723,58
4752,0,7776,3724,4052,0,0,0,1.0,1,1.0,1,1.0,1,0.1688538360850907,55
4753,1,7777,3725,4052,0,0,0,1.0,1,1.0,1,1.0,1,0.17021352039449453,55
4754,0,7777,3725,4052,0,0,0,1.0,1,1.0,1,1.0,1,0.16769923102548254,54
4755,1,7778,3726,4052,0,0,0,1.0,1,1.0,1,1.0,1,0.19407086155014128,54
4756,1,7779,3727,4052,0,0,0,1.0,1,1.0,1,1.0,1,0.21563354810108742,54
4757,0,7779,3727,4052,0,0,0,1.0,1,1.0,1,1.0,1,0.21082277080106177,53
4758,1,7780,3728,4052,0,0,0,1.0,1,1.0,1,1.0,1,0.23736407623536845,53
4759,1,7781,3728,4053,0,0,0,1.0,1,1.0,1,1.0,1,0.2259011147174446,53
4760,1,7782,3729,4053,0,0,0,1.0,1,1.0,1,1.0,1,0.26813900955511044,53
4761,5,7787,3732,4055,0,0,0,1.0,1,1.0,1,1.0,1,0.2660310787344386,52
4762,6,7793,3733,4060,0,0,0,1.0,1,1.0,1,1.0,1,0.23650006499303977,54
4763,3,7796,3734,4062,0,0,0,1.0,1,1.0,1,1.0,1,0.23041373461652667,54
4764,1,7797,3735,4062,0,0,0,1.0,1,1.0,1,1.0,1,0.2501361343728451,55
4765,1,7798,3735,4063,0,0,0,1.0,1,1.0,1,1.0,1,0.2490780990063731,56
4766,2,7800,3736,4064,0,0,0,1.0,1,1.0,1,1.0,1,0.2368182774266142,58
4767,0,7800,3736,4064,0,0,0,1.0,1,1.0,1,1.0,1,0.24094130676934222,59
4768,3,7803,3738,4065,0,0,0,1.0,1,1.0,1,1.0,1,0.23983191759052955,60
4769,3,7806,3738,4068,0,0,0,1.0,1,1.0,1,1.0,1,0.22105936627841424,59
4770,0,7806,3738,4068,0,0,0,1.0,1,1.0,1,1.0,1,0.23319336689441533,60
4771,3,7809,3738,4071,0,0,0,1.0,1,1.0,1,1.0,1,0.2083586505500548,59
4772,0,7809,3738,4071,0,0,0,1.0,1,1.0,1,1.0,1,0.2083586505500548,59
4773,1,7810,3738,4072,0,0,0,1.0,1,1.0,1,1.0,1,0.1911651884817568,60
4774,1,7811,3738,4073,0,0,0,1.0,1,1.0,1,1.0,1,0.18252055336228715,60
4775,0,7811,3738,4073,0,0,0,1.0,1,1.0,1,1.0,1,0.190250050214513,62
4776,0,7811,3738,4073,0,0,0,1.0,1,1.0,1,1.0,1,0.178713511376576,63
4777,3,7814,3739,4075,0,0,0,1.0,1,1.0,1,1.0,1,0.16799792294174487,63
4778,1,7815,3739,4076,0,0,0,1.0,1,1.0,1,1.0,1,0.15219855176272787,63
4779,0,7815,3739,4076,0,0,0,1.0,1,1.0,1,1.0,1,0.15219855176272787,63
4780,2,7817,3740,4077,0,0,0,1.0,1,1.0,1,1.0,1,0.16117571804159161,65
4781,0,7817,3740,4077,0,0,0,1.0,1,1.0,1,1.0,1,0.18021852563210392,64
4782,1,7818,3740,4078,0,0,0,1.0,1,1.0,1,1.0,1,0.1815125945041807,65
4783,3,7821,3742,4079,0,0,0,1.0,1,1.0,1,1.0,1,0.2037199554816257,66
4784,3,7824,3744,4080,0,0,0,1.0,1,1.0,1,1.0,1,0.19360871605517185,64
4785,4,7828,3746,4082,0,0,0,1.0,1,1.0,1,1.0,1,0.21786957136315807,65
4786,7,7835,3748,4087,0,0,0,1.0,1,1.0,1,1.0,1,0.20905838935606563,66
4787,2,7837,3749,4088,0,0,0,1.0,1,1.0,1,1.0,1,0.1620503376876874,63
4788,6,7843,3752,4091,0,0,0,1.0,1,1.0,1,1.0,1,0.1569721050382104,63
4789,4,7847,3756,4091,0,0,0,1.0,1,1.0,1,1.0,1,0.19283040409051042,60
4790,6,7853,3759,4094,0,0,0,1.0,1,1.0,1,1.0,1,0.17052765087268068,61
4791,3,7856,3761,4095,0,0,0,1.0,1,1.0,1,1.0,1,0.18598043232397868,59
4792,3,7859,3764,4095,0,0,0,1.0,1,1.0,1,1.0,1,0.16895396764696602,59
4793,2,7861,3765,4096,0,0,0,1.0,1,1.0,1,1.0,1,0.15787414531836577,61
4794,2,7863,3767,4096,0,0,0,1.0,1,1.0,1,1.0,1,0.17179287151102027,60
4795,3,7866,3768,4098,0,0,0,1.0,1,1.0,1,1.0,1,0.14418379597821504,61
4796,2,7868,3769,4099,0,0,0,1.0,1,1.0,1,1.0,1,0.14606820375809348,60
4797,1,7869,3770,4099,0,0,0,1.0,1,1.0,1,1.0,1,0.1548805693620384,61
4798,2,7871,3771,4100,0,0,0,1.0,1,1.0,1,1.0,1,0.15000901193208743,61
4799,1,7872,3771,4101,0,0,0,1.0,1,1.0,1,1.0,1,0.1718517070257679,59
4800,1,7873,3771,4102,0,0,0,1.0,1,1.0,1,1.0,1,0.17249066965658266,57
4801,3,7876,3772,4104,0,0,0,1.0,1,1.0,1,1.0,1,0.14887625631925044,58
4802,0,7876,3772,4104,0,0,0,1.0,1,1.0,1,1.0,1,0.14943529974670267,56
4803,0,7876,3772,4104,0,0,0,1.0,1,1.0,1,1.0,1,0.15797033407845915,57
4804,3,7879,3773,4106,0,0,0,1.0,1,1.0,1,1.0,1,0.12181974570630368,55
4805,0,7879,3773,4106,0,0,0,1.0,1,1.0,1,1.0,1,0.12922052026417538,56
4806,1,7880,3773,4107,0,0,0,1.0,1,1.0,1,1.0,1,0.10780058567672679,55
4807,1,7881,3773,4108,0,0,0,1.0,1,1.0,1,1.0,1,0.12467108481443649,53
4808,1,7882,3774,4108,0,0,0,1.0,1,1.0,1,1.0,1,0.13487227227062276,54
4809,0,7882,3774,4108,0,0,0,1.0,1,1.0,1,1.0,1,0.15774088759963437,53
4810,1,7883,3775,4108,0,0,0,1.0,1,1.0,1,1.0,1,0.14417166868312503,53
4811,1,7884,3775,4109,0,0,0,1.0,1,1.0,1,1.0,1,0.12087888784672189,54
4812,2,7886,3777,4109,0,0,0,1.0,1,1.0,1,1.0,1,0.1244459878868823,54
4813,0,7886,3777,4109,0,0,0,1.0,1,1.0,1,1.0,1,0.12527443889123327,55
4814,2,7888,3779,4109,0,0,0,1.0,1,1.0,1,1.0,1,0.16117451011561162,55
4815,2,7890,3779,4111,0,0,0,1.0,1,1.0,1,1.0,1,0.14956565719626463,56
4816,4,7894,3782,4112,0,0,0,1.0,1,1.0,1,1.0,1,0.16570678055272503,56
4817,2,7896,3784,4112,0,0,0,1.0,1,1.0,1,1.0,1,0.21922844950174925,58
4818,3,7899,3786,4113,0,0,0,1.0,1,1.0,1,1.0,1,0.26205610031173066,58
4819,4,7903,3786,4117,0,0,0,1.0,1,1.0,1,1.0,1,0.225051740417785,58
4820,2,7905,3786,4119,0,0,0,1.0,1,1.0,1,1.0,1,0.21194821982286188,58
4821,0,7905,3786,4119,0,0,0,1.0,1,1.0,1,1.0,1,0.22840323355426279,58
4822,5,7910,3787,4123,0,0,0,1.0,1,1.0,1,1.0,1,0.2069559507288292,58
4823,3,7913,3788,4125,0,0,0,1.0,1,1.0,1,1.0,1,0.19720757287683094,57
4824,0,7913,3788,4125,0,0,0,1.0,1,1.0,1,1.0,1,0.20169874061244222,56
4825,3,7916,3788,4128,0,0,0,1.0,1,1.0,1,1.0,1,0.16368317597258406,57
4826,1,7917,3789,4128,0,0,0,1.0,1,1.0,1,1.0,1,0.1699141828983227,57
4827,0,7917,3789,4128,0,0,0,1.0,1,1.0,1,1.0,1,0.20159522343919256,56
4828,2,7919,3789,4130,0,0,0,1.0,1,1.0,1,1.0,1,0.16525067587504602,57
4829,1,7920,3790,4130,0,0,0,1.0,1,1.0,1,1.0,1,0.18370414979844768,56
4830,1,7921,3791,4130,0,0,0,1.0,1,1.0,1,1.0,1,0.1758809144745097,57
4831,2,7923,3793,4130,0,0,0,1.0,1,1.0,1,1.0,1,0.22768504013433216,57
4832,0,7923,3793,4130,0,0,0,1.0,1,1.0,1,1.0,1,0.23673802900827157,55
4833,2,7925,3795,4130,0,0,0,1.0,1,1.0,1,1.0,1,0.2690654242806283,55
4834,2,7927,3795,4132,0,0,0,1.0,1,1.0,1,1.0,1,0.24075213820152044,55
4835,1,7928,3795,4133,0,0,0,1.0,1,1.0,1,1.0,1,0.242561424611703,55
4836,1,7929,3795,4134,0,0,0,1.0,1,1.0,1,1.0,1,0.22269524117312678,55
4837,0,7929,3795,4134,0,0,0,1.0,1,1.0,1,1.0,1,0.20289055877718193,53
4838,3,7932,3796,4136,0,0,0,1.0,1,1.0,1,1.0,1,0.1862728108464049,54
4839,5,7937,3800,4137,0,0,0,1.0,1,1.0,1,1.0,1,0.2022901202310669,53
4840,3,7940,3801,4139,0,0,0,1.0,1,1.0,1,1.0,1,0.19964081240720177,52
4841,2,7942,3803,4139,0,0,0,1.0,1,1.0,1,1.0,1,0.21430578371962167,51
4842,2,7944,3805,4139,0,0,0,1.0,1,1.0,1,1.0,1,0.23575061621251603,50
4843,6,7950,3808,4142,0,0,0,1.0,1,1.0,1,1.0,1,0.24490692513434603,51
4844,1,7951,3808,4143,0,0,0,1.0,1,1.0,1,1.0,1,0.2149376829789257,50
4845,1,7952,3809,4143,0,0,0,1.0,1,1.0,1,1.0,1,0.23427102706799705,49
4846,3,7955,3810,4145,0,0,0,1.0,1,1.0,1,1.0,1,0.1750066615390368,49
4847,1,7956,3810,4146,0,0,0,1.0,1,1.0,1,1.0,1,0.1662267978746488,48
4848,1,7957,3811,4146,0,0,0,1.0,1,1.0,1,1.0,1,0.17996452991704578,48
4849,1,7958,3812,4146,0,0,0,1.0,1,1.0,1,1.0,1,0.16255903133405158,48
4850,1,7959,3813,4146,0,0,0,1.0,1,1.0,1,1.0,1,0.17838643970189363,49
4851,1,7960,3814,4146,0,0,0,1.0,1,1.0,1,1.0,1,0.1761963753495641,49
4852,2,7962,3814,4148,0,0,0,1.0,1,1.0,1,1.0,1,0.15891002265977722,49
4853,0,7962,3814,4148,0,0,0,1.0,1,1.0,1,1.0,1,0.16081525995800766,50
4854,0,7962,3814,4148,0,0,0,1.0,1,1.0,1,1.0,1,0.16823550429827488,51
4855,1,7963,3814,4149,0,0,0,1.0,1,1.0,1,1.0,1,0.16451678986287732,51
4856,0,7963,3814,4149,0,0,0,1.0,1,1.0,1,1.0,1,0.1555231322177939,50
4857,0,7963,3814,4149,0,0,0,1.0,1,1.0,1,1.0,1,0.15919499020321076,51
4858,0,7963,3814,4149,0,0,0,1.0,1,1.0,1,1.0,1,0.16197288177477884,51
4859,1,7964,3814,4150,0,0,0,1.0,1,1.0,1,1.0,1,0.16782128360931872,52
4860,0,7964,3814,4150,0,0,0,1.0,1,1.0,1,1.0,1,0.16782128360931872,52
4861,0,7964,3814,4150,0,0,0,1.0,1,1.0,1,1.0,1,0.18328379924672802,53
4862,2,7966,3816,4150,0,0,0,1.0,1,1.0,1,1.0,1,0.23261850886163452,53
4863,0,7966,3816,4150,0,0,0,1.0,1,1.0,1,1.0,1,0.21663425442302542,51
4864,6,7972,3817,4155,0,0,0,1.0,1,1.0,1,1.0,1,0.1659319664753788,53
4865,1,7973,3817,4156,0,0,0,1.0,1,1.0,1,1.0,1,0.1500396011893282,52
4866,1,7974,3818,4156,0,0,0,1.0,1,1.0,1,1.0,1,0.1813360285477289,53
4867,1,7975,3819,4156,0,0,0,1.0,1,1.0,1,1.0,1,0.16799679223577807,51
4868,2,7977,3821,4156,0,0,0,1.0,1,1.0,1,1.0,1,0.17604824634326888,53
4869,1,7978,3821,4157,0,0,0,1.0,1,1.0,1,1.0,1,0.15863736566709621,53
4870,3,7981,3824,4157,0,0,0,1.0,1,1.0,1,1.0,1,0.1802979437523075,55
4871,4,7985,3825,4160,0,0,0,1.0,1,1.0,1,1.0,1,0.1609166788483269,55
4872,3,7988,3827,4161,0,0,0,1.0,1,1.0,1,1.0,1,0.18935717584735207,56
4873,4,7992,3828,4164,0,0,0,1.0,1,1.0,1,1.0,1,0.13261938131996837,56
4874,2,7994,3828,4166,0,0,0,1.0,1,1.0,1,1.0,1,0.11497026318228445,58
4875,1,7995,3829,4166,0,0,0,1.0,1,1.0,1,1.0,1,0.15123099631438347,56
4876,2,7997,3829,4168,0,0,0,1.0,1,1.0,1,1.0,1,0.15507522639214363,56
4877,3,8000,3831,4169,0,0,0,1.0,1,1.0,1,1.0,1,0.1765780314882443,54
4878,4,8004,3832,4172,0,0,0,1.0,1,1.0,1,1.0,1,0.16011233500728136,54
4879,3,8007,3835,4172,0,0,0,1.0,1,1.0,1,1.0,1,0.19620407710046361,54
4880,0,8007,3835,4172,0,0,0,1.0,1,1.0,1,1.0,1,0.18535360219974872,53
4881,0,8007,3835,4172,0,0,0,1.0,1,1.0,1,1.0,1,0.18955777622939846,54
4882,1,8008,3835,4173,0,0,0,1.0,1,1.0,1,1.0,1,0.17650564597671628,52
4883,2,8010,3836,4174,0,0,0,1.0,1,1.0,1,1.0,1,0.16578832678099292,54
4884,0,8010,3836,4174,0,0,0,1.0,1,1.0,1,1.0,1,0.15445268124219108,52
4885,1,8011,3837,4174,0,0,0,1.0,1,1.0,1,1.0,1,0.19929515714771354,51
4886,0,8011,3837,4174,0,0,0,1.0,1,1.0,1,1.0,1,0.19427686811668451,50
4887,0,8011,3837,4174,0,0,0,1.0,1,1.0,1,1.0,1,0.21769529604859533,49
4888,0,8011,3837,4174,0,0,0,1.0,1,1.0,1,1.0,1,0.23311859983661967,48
4889,0,8011,3837,4174,0,0,0,1.0,1,1.0,1,1.0,1,0.23311859983661967,48
4890,0,8011,3837,4174,0,0,0,1.0,1,1.0,1,1.0,1,0.23311859983661967,48
4891,2,8013,3839,4174,0,0,0,1.0,1,1.0,1,1.0,1,0.2797337037664868,49
4892,1,8014,3839,4175,0,0,0,1.0,1,1.0,1,1.0,1,0.2968031993474616,51
4893,0,8014,3839,4175,0,0,0,1.0,1,1.0,1,1.0,1,0.2980111221905411,51
4894,1,8015,3839,4176,0,0,0,1.0,1,1.0,1,1.0,1,0.2794793383234929,52
4895,0,8015,3839,4176,0,0,0,1.0,1,1.0,1,1.0,1,0.2794793383234929,52
4896,2,8017,3840,4177,0,0,0,1.0,1,1.0,1,1.0,1,0.2618807376939639,51
4897,0,8017,3840,4177,0,0,0,1.0,1,1.0,1,1.0,1,0.25038363466759966,52
4898,3,8020,3842,4178,0,0,0,1.0,1,1.0,1,1.0,1,0.2308776231630634,52
4899,1,8021,3842,4179,0,0,0,1.0,1,1.0,1,1.0,1,0.2101098369292149,53
4900,4,8025,3844,4181,0,0,0,1.0,1,1.0,1,1.0,1,0.1669088570050757,54
4901,2,8027,3846,4181,0,0,0,1.0,1,1.0,1,1.0,1,0.18270253898886413,54
4902,1,8028,3847,4181,0,0,0,1.0,1,1.0,1,1.0,1,0.18563693630762126,55
4903,4,8032,3848,4184,0,0,0,1.0,1,1.0,1,1.0,1,0.19739802315631516,56
4904,3,8035,3849,4186,0,0,0,1.0,1,1.0,1,1.0,1,0.2072038816680901,55
4905,0,8035,3849,4186,0,0,0,1.0,1,1.0,1,1.0,1,0.2052329210580429,54
4906,3,8038,3850,4188,0,0,0,1.0,1,1.0,1,1.0,1,0.2228719673857688,54
4907,0,8038,3850,4188,0,0,0,1.0,1,1.0,1,1.0,1,0.2228135530180064,54
4908,0,8038,3850,4188,0,0,0,1.0,1,1.0,1,1.0,1,0.23881247283672644,53
4909,6,8044,3852,4192,0,0,0,1.0,1,1.0,1,1.0,1,0.19235946392247524,54
4910,0,8044,3852,4192,0,0,0,1.0,1,1.0,1,1.0,1,0.2020589515138923,55
4911,7,8051,3854,4197,0,0,0,1.0,1,1.0,1,1.0,1,0.16390625806077055,57
4912,4,8055,3857,4198,0,0,0,1.0,1,1.0,1,1.0,1,0.1606001306745522,57
4913,0,8055,3857,4198,0,0,0,1.0,1,1.0,1,1.0,1,0.14276826417284816,56
4914,1,8056,3858,4198,0,0,0,1.0,1,1.0,1,1.0,1,0.17619859752214034,56
4915,2,8058,3859,4199,0,0,0,1.0,1,1.0,1,1.0,1,0.1571782424687692,56
4916,0,8058,3859,4199,0,0,0,1.0,1,1.0,1,1.0,1,0.17363164580049395,54
4917,0,8058,3859,4199,0,0,0,1.0,1,1.0,1,1.0,1,0.1885484816601056,53
4918,1,8059,3860,4199,0,0,0,1.0,1,1.0,1,1.0,1,0.1999003498016258,52
4919,0,8059,3860,4199,0,0,0,1.0,1,1.0,1,1.0,1,0.23864578133635458,49
4920,0,8059,3860,4199,0,0,0,1.0,1,1.0,1,1.0,1,0.23864578133635458,49
4921,3,8062,3862,4200,0,0,0,1.0,1,1.0,1,1.0,1,0.2885683682862827,50
4922,0,8062,3862,4200,0,0,0,1.0,1,1.0,1,1.0,1,0.2885683682862827,50
4923,2,8064,3864,4200,0,0,0,1.0,1,1.0,1,1.0,1,0.2767832259778537,52
4924,2,8066,3865,4201,0,0,0,1.0,1,1.0,1,1.0,1,0.2835774831033299,53
4925,2,8068,3866,4202,0,0,0,1.0,1,1.0,1,1.0,1,0.23334331616610615,54
4926,0,8068,3866,4202,0,0,0,1.0,1,1.0,1,1.0,1,0.23334331616610615,54
4927,3,8071,3868,4203,0,0,0,1.0,1,1.0,1,1.0,1,0.22144743648428866,54
4928,0,8071,3868,4203,0,0,0,1.0,1,1.0,1,1.0,1,0.22144743648428866,54
4929,0,8071,3868,4203,0,0,0,1.0,1,1.0,1,1.0,1,0.20914144537885374,55
4930,3,8074,3869,4205,0,0,0,1.0,1,1.0,1,1.0,1,0.21159440436620375,58
4931,0,8074,3869,4205,0,0,0,1.0,1,1.0,1,1.0,1,0.21159440436620375,58
4932,0,8074,3869,4205,0,0,0,1.0,1,1.0,1,1.0,1,0.22476461863073485,59
4933,1,8075,3869,4206,0,0,0,1.0,1,1.0,1,1.0,1,0.20683441083110451,59
4934,0,8075,3869,4206,0,0,0,1.0,1,1.0,1,1.0,1,0.20683441083110451,59
4935,2,8077,3869,4208,0,0,0,1.0,1,1.0,1,1.0,1,0.1780582447462875,59
4936,1,8078,3870,4208,0,0,0,1.0,1,1.0,1,1.0,1,0.20390592735780927,59
4937,1,8079,3870,4209,0,0,0,1.0,1,1.0,1,1.0,1,0.19805289799386783,61
4938,1,8080,3870,4210,0,0,0,1.0,1,1.0,1,1.0,1,0.20517797565775658,62
4939,4,8084,3870,4214,0,0,0,1.0,1,1.0,1,1.0,1,0.15457786908595603,63
4940,1,8085,3870,4215,0,0,0,1.0,1,1.0,1,1.0,1,0.16300754589571226,65
4941,1,8086,3871,4215,0,0,0,1.0,1,1.0,1,1.0,1,0.1735849407977886,65
4942,3,8089,3873,4216,0,0,0,1.0,1,1.0,1,1.0,1,0.18658497892844733,67
4943,4,8093,3874,4219,0,0,0,1.0,1,1.0,1,1.0,1,0.16594001982842452,66
4944,3,8096,3877,4219,0,0,0,1.0,1,1.0,1,1.0,1,0.21397294606452688,63
4945,2,8098,3877,4221,0,0,0,1.0,1,1.0,1,1.0,1,0.15414970940090078,61
4946,2,8100,3879,4221,0,0,0,1.0,1,1.0,1,1.0,1,0.20979927829883505,60
4947,1,8101,3880,4221,0,0,0,1.0,1,1.0,1,1.0,1,0.19585920966385093,58
4948,5,8106,3881,4225,0,0,0,1.0,1,1.0,1,1.0,1,0.16599068467641442,57
4949,1,8107,3882,4225,0,0,0,1.0,1,1.0,1,1.0,1,0.16612222091200438,56
4950,2,8109,3884,4225,0,0,0,1.0,1,1.0,1,1.0,1,0.1837668276511596,57
4951,5,8114,3885,4229,0,0,0,1.0,1,1.0,1,1.0,1,0.157003007360838,55
4952,4,8118,3889,4229,0,0,0,1.0,1,1.0,1,1.0,1,0.19629552377597884,55
4953,3,8121,3891,4230,0,0,0,1.0,1,1.0,1,1.0,1,0.20970217231935065,54
4954,5,8126,3892,4234,0,0,0,1.0,1,1.0,1,1.0,1,0.17578969552147206,54
4955,1,8127,3892,4235,0,0,0,1.0,1,1.0,1,1.0,1,0.12122314057172466,52
4956,0,8127,3892,4235,0,0,0,1.0,1,1.0,1,1.0,1,0.12122314057172466,52
4957,1,8128,3893,4235,0,0,0,1.0,1,1.0,1,1.0,1,0.116005823150325,53
4958,0,8128,3893,4235,0,0,0,1.0,1,1.0,1,1.0,1,0.12143673461908658,52
4959,1,8129,3894,4235,0,0,0,1.0,1,1.0,1,1.0,1,0.14816110400226865,51
4960,2,8131,3894,4237,0,0,0,1.0,1,1.0,1,1.0,1,0.12057083228148734,53
4961,0,8131,3894,4237,0,0,0,1.0,1,1.0,1,1.0,1,0.12057083228148734,53
4962,0,8131,3894,4237,0,0,0,1.0,1,1.0,1,1.0,1,0.13634685165374144,55
4963,0,8131,3894,4237,0,0,0,1.0,1,1.0,1,1.0,1,0.11808807744652604,54
4964,1,8132,3895,4237,0,0,0,1.0,1,1.0,1,1.0,1,0.12130465625350229,54
4965,0,8132,3895,4237,0,0,0,1.0,1,1.0,1,1.0,1,0.12130465625350229,54
4966,1,8133,3896,4237,0,0,0,1.0,1,1.0,1,1.0,1,0.11855903165999994,54
4967,2,8135,3897,4238,0,0,0,1.0,1,1.0,1,1.0,1,0.15225486726914053,55
4968,3,8138,3899,4239,0,0,0,1.0,1,1.0,1,1.0,1,0.1500856036036624,55
4969,2,8140,3900,4240,0,0,0,1.0,1,1.0,1,1.0,1,0.15711614038063043,57
4970,1,8141,3901,4240,0,0,0,1.0,1,1.0,1,1.0,1,0.17146951764336535,56
4971,4,8145,3902,4243,0,0,0,1.0,1,1.0,1,1.0,1,0.15250372668842022,57
4972,2,8147,3903,4244,0,0,0,1.0,1,1.0,1,1.0,1,0.196690227365013,57
4973,0,8147,3903,4244,0,0,0,1.0,1,1.0,1,1.0,1,0.1942645555137337,60
4974,0,8147,3903,4244,0,0,0,1.0,1,1.0,1,1.0,1,0.20501543971306513,58
4975,1,8148,3903,4245,0,0,0,1.0,1,1.0,1,1.0,1,0.19873493767469544,59
4976,3,8151,3905,4246,0,0,0,1.0,1,1.0,1,1.0,1,0.1773981148259678,59
4977,4,8155,3909,4246,0,0,0,1.0,1,1.0,1,1.0,1,0.19617374875525698,59
4978,4,8159,3911,4248,0,0,0,1.0,1,1.0,1,1.0,1,0.1565321026180037,59
4979,1,8160,3911,4249,0,0,0,1.0,1,1.0,1,1.0,1,0.15469103544948265,61
4980,2,8162,3912,4250,0,0,0,1.0,1,1.0,1,1.0,1,0.16607555032061647,62
4981,3,8165,3913,4252,0,0,0,1.0,1,1.0,1,1.0,1,0.1644963666652971,62
4982,2,8167,3914,4253,0,0,0,1.0,1,1.0,1,1.0,1,0.14452599804759733,63
4983,1,8168,3915,4253,0,0,0,1.0,1,1.0,1,1.0,1,0.15166163105976743,63
4984,1,8169,3915,4254,0,0,0,1.0,1,1.0,1,1.0,1,0.14158686532791523,61
4985,0,8169,3915,4254,0,0,0,1.0,1,1.0,1,1.0,1,0.14124603808010236,59
4986,3,8172,3917,4255,0,0,0,1.0,1,1.0,1,1.0,1,0.17673221555062896,62
4987,0,8172,3917,4255,0,0,0,1.0,1,1.0,1,1.0,1,0.17644532088915033,60
4988,2,8174,3918,4256,0,0,0,1.0,1,1.0,1,1.0,1,0.1664137600911736,59
4989,4,8178,3921,4257,0,0,0,1.0,1,1.0,1,1.0,1,0.22240595585099612,57
4990,3,8181,3921,4260,0,0,0,1.0,1,1.0,1,1.0,1,0.17183518948420395,55
4991,5,8186,3924,4262,0,0,0,1.0,1,1.0,1,1.0,1,0.1810155500547705,54
4992,1,8187,3924,4263,0,0,0,1.0,1,1.0,1,1.0,1,0.18575245228821474,52
4993,0,8187,3924,4263,0,0,0,1.0,1,1.0,1,1.0,1,0.16911799604769845,51
4994,1,8188,3925,4263,0,0,0,1.0,1,1.0,1,1.0,1,0.2351965018376757,49
4995,4,8192,3927,4265,0,0,0,1.0,1,1.0,1,1.0,1,0.23367105652541945,48
4996,5,8197,3930,4267,0,0,0,1.0,1,1.0,1,1.0,1,0.20800779722146212,48
4997,0,8197,3930,4267,0,0,0,1.0,1,1.0,1,1.0,1,0.19994356198606128,46
4998,1,8198,3931,4267,0,0,0,1.0,1,1.0,1,1.0,1,0.2405573485967763,48
4999,7,8205,3934,4271,0,0,0,1.0,1,1.0,1,1.0,1,0.27283537217821935,48
5000,1,8206,3935,4271,0,0,0,1.0,1,1.0,1,1.0,1,0.26526545474925295,47
5001,1,8207,3936,4271,0,0,0,1.0,1,1.0,1,1.0,1,0.31602600912486045,45
5002,6,8213,3939,4274,0,0,0,1.0,1,1.0,1,1.0,1,0.2873629070240728,46
5003,0,8213,3939,4274,0,0,0,1.0,1,1.0,1,1.0,1,0.29605359770268613,46
5004,2,8215,3939,4276,0,0,0,1.0,1,1.0,1,1.0,1,0.2659829346848226,46
5005,1,8216,3939,4277,0,0,0,1.0,1,1.0,1,1.0,1,0.26401898678110713,45
5006,0,8216,3939,4277,0,0,0,1.0,1,1.0,1,1.0,1,0.28480537858021865,45
5007,1,8217,3939,4278,0,0,0,1.0,1,1.0,1,1.0,1,0.26294251495740684,46
5008,0,8217,3939,4278,0,0,0,1.0,1,1.0,1,1.0,1,0.2663824639368417,49
5009,0,8217,3939,4278,0,0,0,1.0,1,1.0,1,1.0,1,0.26762848864451655,49
5010,0,8217,3939,4278,0,0,0,1.0,1,1.0,1,1.0,1,0.2748106540414666,50
5011,1,8218,3939,4279,0,0,0,1.0,1,1.0,1,1.0,1,0.27385626519197537,51
5012,0,8218,3939,4279,0,0,0,1.0,1,1.0,1,1.0,1,0.28451104763689045,52
5013,0,8218,3939,4279,0,0,0,1.0,1,1.0,1,1.0,1,0.28451104763689045,52
5014,0,8218,3939,4279,0,0,0,1.0,1,1.0,1,1.0,1,0.2799348807407667,53
5015,2,8220,3940,4280,0,0,0,1.0,1,1.0,1,1.0,1,0.3032023396188812,54
5016,1,8221,3940,4281,0,0,0,1.0,1,1.0,1,1.0,1,0.30214014680973916,55
5017,1,8222,3940,4282,0,0,0,1.0,1,1.0,1,1.0,1,0.29561899726693563,55
5018,0,8222,3940,4282,0,0,0,1.0,1,1.0,1,1.0,1,0.3010835797280956,56
5019,0,8222,3940,4282,0,0,0,1.0,1,1.0,1,1.0,1,0.3010835797280956,56
5020,1,8223,3941,4282,0,0,0,1.0,1,1.0,1,1.0,1,0.29989467077756177,55
5021,3,8226,3941,4285,0,0,0,1.0,1,1.0,1,1.0,1,0.28305516507479517,56
5022,3,8229,3944,4285,0,0,0,1.0,1,1.0,1,1.0,1,0.3237246578952679,56
5023,4,8233,3945,4288,0,0,0,1.0,1,1.0,1,1.0,1,0.2827944124734182,55
5024,5,8238,3949,4289,0,0,0,1.0,1,1.0,1,1.0,1,0.3050406417200975,55
5025,2,8240,3950,4290,0,0,0,1.0,1,1.0,1,1.0,1,0.28266256931020234,53
5026,3,8243,3952,4291,0,0,0,1.0,1,1.0,1,1.0,1,0.28760518700189813,52
5027,2,8245,3953,4292,0,0,0,1.0,1,1.0,1,1.0,1,0.2997761373157525,51
5028,3,8248,3955,4293,0,0,0,1.0,1,1.0,1,1.0,1,0.3317223433089619,51
5029,2,8250,3956,4294,0,0,0,1.0,1,1.0,1,1.0,1,0.34987712295215456,50
5030,2,8252,3958,4294,0,0,0,1.0,1,1.0,1,1.0,1,0.33390747047391034,49
5031,1,8253,3958,4295,0,0,0,1.0,1,1.0,1,1.0,1,0.3223107508015615,49
5032,2,8255,3958,4297,0,0,0,1.0,1,1.0,1,1.0,1,0.28943735967683426,48
5033,4,8259,3961,4298,0,0,0,1.0,1,1.0,1,1.0,1,0.32986767625969954,50
5034,1,8260,3962,4298,0,0,0,1.0,1,1.0,1,1.0,1,0.3224052320098098,49
5035,4,8264,3964,4300,0,0,0,1.0,1,1.0,1,1.0,1,0.33505996206794914,49
5036,1,8265,3965,4300,0,0,0,1.0,1,1.0,1,1.0,1,0.3308190227725227,47
5037,1,8266,3966,4300,0,0,0,1.0,1,1.0,1,1.0,1,0.35826038395709187,47
5038,4,8270,3966,4304,0,0,0,1.0,1,1.0,1,1.0,1,0.30121052831007133,47
5039,0,8270,3966,4304,0,0,0,1.0,1,1.0,1,1.0,1,0.3085357643356807,48
5040,0,8270,3966,4304,0,0,0,1.0,1,1.0,1,1.0,1,0.3085357643356807,48
5041,2,8272,3966,4306,0,0,0,1.0,1,1.0,1,1.0,1,0.2919755212299742,48
5042,0,8272,3966,4306,0,0,0,1.0,1,1.0,1,1.0,1,0.289537168946764,50
5043,0,8272,3966,4306,0,0,0,1.0,1,1.0,1,1.0,1,0.2853957562770963,51
5044,0,8272,3966,4306,0,0,0,1.0,1,1.0,1,1.0,1,0.2853957562770963,51
5045,2,8274,3966,4308,0,0,0,1.0,1,1.0,1,1.0,1,0.2756953396318627,52
5046,2,8276,3967,4309,0,0,0,1.0,1,1.0,1,1.0,1,0.2949289690903335,51
5047,2,8278,3967,4311,0,0,0,1.0,1,1.0,1,1.0,1,0.2669461394099956,51
5048,2,8280,3968,4312,0,0,0,1.0,1,1.0,1,1.0,1,0.24927235071832285,52
5049,1,8281,3969,4312,0,0,0,1.0,1,1.0,1,1.0,1,0.28080397348885444,54
5050,6,8287,3969,4318,0,0,0,1.0,1,1.0,1,1.0,1,0.2219228713710093,56
5051,1,8288,3969,4319,0,0,0,1.0,1,1.0,1,1.0,1,0.23164202956522842,55
5052,0,8288,3969,4319,0,0,0,1.0,1,1.0,1,1.0,1,0.23164202956522842,55
5053,0,8288,3969,4319,0,0,0,1.0,1,1.0,1,1.0,1,0.23164202956522842,55
5054,1,8289,3970,4319,0,0,0,1.0,1,1.0,1,1.0,1,0.24334961961990598,55
5055,0,8289,3970,4319,0,0,0,1.0,1,1.0,1,1.0,1,0.27092995389646357,55
5056,1,8290,3971,4319,0,0,0,1.0,1,1.0,1,1.0,1,0.30001389698182285,56
5057,3,8293,3971,4322,0,0,0,1.0,1,1.0,1,1.0,1,0.21912024272598687,58
5058,2,8295,3971,4324,0,0,0,1.0,1,1.0,1,1.0,1,0.18549634343348348,59
5059,2,8297,3971,4326,0,0,0,1.0,1,1.0,1,1.0,1,0.16670775835594454,59
5060,0,8297,3971,4326,0,0,0,1.0,1,1.0,1,1.0,1,0.16670775835594454,59
5061,1,8298,3971,4327,0,0,0,1.0,1,1.0,1,1.0,1,0.17314105199636343,59
5062,3,8301,3973,4328,0,0,0,1.0,1,1.0,1,1.0,1,0.22155845867734525,59
5063,2,8303,3974,4329,0,0,0,1.0,1,1.0,1,1.0,1,0.24379234998416768,59
5064,5,8308,3978,4330,0,0,0,1.0,1,1.0,1,1.0,1,0.29342850299899537,57
5065,3,8311,3979,4332,0,0,0,1.0,1,1.0,1,1.0,1,0.26161150456783727,55
5066,3,8314,3981,4333,0,0,0,1.0,1,1.0,1,1.0,1,0.3074709912572218,55
5067,2,8316,3981,4335,0,0,0,1.0,1,1.0,1,1.0,1,0.2626766298803232,54
5068,1,8317,3981,4336,0,0,0,1.0,1,1.0,1,1.0,1,0.24922792198025293,54
5069,1,8318,3982,4336,0,0,0,1.0,1,1.0,1,1.0,1,0.2418488797146749,54
5070,2,8320,3984,4336,0,0,0,1.0,1,1.0,1,1.0,1,0.26043870649141965,52
5071,4,8324,3986,4338,0,0,0,1.0,1,1.0,1,1.0,1,0.2666214806549545,54
5072,1,8325,3986,4339,0,0,0,1.0,1,1.0,1,1.0,1,0.23132655815146524,52
5073,1,8326,3986,4340,0,0,0,1.0,1,1.0,1,1.0,1,0.20362159114121245,51
5074,1,8327,3986,4341,0,0,0,1.0,1,1.0,1,1.0,1,0.17837069436881448,52
5075,0,8327,3986,4341,0,0,0,1.0,1,1.0,1,1.0,1,0.18795333039812245,53
5076,0,8327,3986,4341,0,0,0,1.0,1,1.0,1,1.0,1,0.18795333039812245,53
5077,2,8329,3987,4342,0,0,0,1.0,1,1.0,1,1.0,1,0.18712585396401485,56
5078,0,8329,3987,4342,0,0,0,1.0,1,1.0,1,1.0,1,0.2061829988209435,55
5079,1,8330,3987,4343,0,0,0,1.0,1,1.0,1,1.0,1,0.21195258999201363,56
5080,2,8332,3987,4345,0,0,0,1.0,1,1.0,1,1.0,1,0.18063372707226413,57
5081,0,8332,3987,4345,0,0,0,1.0,1,1.0,1,1.0,1,0.18876110665107176,58
5082,0,8332,3987,4345,0,0,0,1.0,1,1.0,1,1.0,1,0.18876110665107176,58
5083,0,8332,3987,4345,0,0,0,1.0,1,1.0,1,1.0,1,0.1968357401681724,59
5084,1,8333,3987,4346,0,0,0,1.0,1,1.0,1,1.0,1,0.16808414846504627,59
5085,0,8333,3987,4346,0,0,0,1.0,1,1.0,1,1.0,1,0.17504877902496438,60
5086,3,8336,3988,4348,0,0,0,1.0,1,1.0,1,1.0,1,0.16643526247711926,61
5087,6,8342,3992,4350,0,0,0,1.0,1,1.0,1,1.0,1,0.19077295965086696,62
5088,6,8348,3993,4355,0,0,0,1.0,1,1.0,1,1.0,1,0.14498819580903247,64
5089,3,8351,3995,4356,0,0,0,1.0,1,1.0,1,1.0,1,0.1394825856766483,64
5090,2,8353,3996,4357,0,0,0,1.0,1,1.0,1,1.0,1,0.1362852540640181,64
5091,1,8354,3997,4357,0,0,0,1.0,1,1.0,1,1.0,1,0.14869723911692004,64
5092,1,8355,3998,4357,0,0,0,1.0,1,1.0,1,1.0,1,0.16163501972271624,64
5093,0,8355,3998,4357,0,0,0,1.0,1,1.0,1,1.0,1,0.16163501972271624,64
5094,1,8356,3999,4357,0,0,0,1.0,1,1.0,1,1.0,1,0.17332571932072527,65
5095,3,8359,4001,4358,0,0,0,1.0,1,1.0,1,1.0,1,0.17523579069716183,66
5096,0,8359,4001,4358,0,0,0,1.0,1,1.0,1,1.0,1,0.17242397048636046,66
5097,1,8360,4002,4358,0,0,0,1.0,1,1.0,1,1.0,1,0.1894728974739733,67
5098,2,8362,4003,4359,0,0,0,1.0,1,1.0,1,1.0,1,0.16745940504021908,67
5099,4,8366,4004,4362,0,0,0,1.0,1,1.0,1,1.0,1,0.156960567963671,70
5100,2,8368,4005,4363,0,0,0,1.0,1,1.0,1,1.0,1,0.16523322043214586,71
5101,4,8372,4006,4366,0,0,0,1.0,1,1.0,1,1.0,1,0.1404120486002164,72
5102,6,8378,4009,4369,0,0,0,1.0,1,1.0,1,1.0,1,0.1556443381505135,72
5103,3,8381,4011,4370,0,0,0,1.0,1,1.0,1,1.0,1,0.16880815306143135,70
5104,8,8389,4014,4375,0,0,0,1.0,1,1.0,1,1.0,1,0.17015891472684586,67
5105,1,8390,4014,4376,0,0,0,1.0,1,1.0,1,1.0,1,0.16866513294945637,66
5106,4,8394,4018,4376,0,0,0,1.0,1,1.0,1,1.0,1,0.22824202202117777,64
5107,5,8399,4021,4378,0,0,0,1.0,1,1.0,1,1.0,1,0.2164260436627588,61
5108,2,8401,4022,4379,0,0,0,1.0,1,1.0,1,1.0,1,0.22084522849713842,57
5109,3,8404,4025,4379,0,0,0,1.0,1,1.0,1,1.0,1,0.2558185174242668,55
5110,8,8412,4027,4385,0,0,0,1.0,1,1.0,1,1.0,1,0.20462603547607988,53
5111,4,8416,4030,4386,0,0,0,1.0,1,1.0,1,1.0,1,0.23065003408491452,52
5112,1,8417,4031,4386,0,0,0,1.0,1,1.0,1,1.0,1,0.2356657275452408,52
5113,4,8421,4031,4390,0,0,0,1.0,1,1.0,1,1.0,1,0.15569838854304693,49
5114,5,8426,4036,4390,0,0,0,1.0,1,1.0,1,1.0,1,0.15538435331712455,49
5115,1,8427,4036,4391,0,0,0,1.0,1,1.0,1,1.0,1,0.14663405688423514,48
5116,1,8428,4037,4391,0,0,0,1.0,1,1.0,1,1.0,1,0.15780520150397312,47
5117,0,8428,4037,4391,0,0,0,1.0,1,1.0,1,1.0,1,0.16123918354118547,48
5118,1,8429,4038,4391,0,0,0,1.0,1,1.0,1,1.0,1,0.18904382550757223,49
5119,2,8431,4039,4392,0,0,0,1.0,1,1.0,1,1.0,1,0.17247858081021808,49
5120,1,8432,4039,4393,0,0,0,1.0,1,1.0,1,1.0,1,0.1676962709294811,48
5121,0,8432,4039,4393,0,0,0,1.0,1,1.0,1,1.0,1,0.1676962709294811,48
5122,0,8432,4039,4393,0,0,0,1.0,1,1.0,1,1.0,1,0.17997327463136845,46
5123,0,8432,4039,4393,0,0,0,1.0,1,1.0,1,1.0,1,0.17997327463136845,46
5124,0,8432,4039,4393,0,0,0,1.0,1,1.0,1,1.0,1,0.17676972573221128,47
5125,5,8437,4041,4396,0,0,0,1.0,1,1.0,1,1.0,1,0.1730429734526256,49
5126,1,8438,4041,4397,0,0,0,1.0,1,1.0,1,1.0,1,0.1591188200940978,49
5127,2,8440,4041,4399,0,0,0,1.0,1,1.0,1,1.0,1,0.15781683255666468,51
5128,3,8443,4042,4401,0,0,0,1.0,1,1.0,1,1.0,1,0.19108136646844162,53
5129,3,8446,4043,4403,0,0,0,1.0,1,1.0,1,1.0,1,0.17048572248218896,55
5130,0,8446,4043,4403,0,0,0,1.0,1,1.0,1,1.0,1,0.17048572248218896,55
5131,0,8446,4043,4403,0,0,0,1.0,1,1.0,1,1.0,1,0.17048572248218896,55
5132,0,8446,4043,4403,0,0,0,1.0,1,1.0,1,1.0,1,0.17048572248218896,55
5133,0,8446,4043,4403,0,0,0,1.0,1,1.0,1,1.0,1,0.17144385013184302,56
5134,2,8448,4043,4405,0,0,0,1.0,1,1.0,1,1.0,1,0.17608161397554956,56
5135,1,8449,4044,4405,0,0,0,1.0,1,1.0,1,1.0,1,0.18445787634886548,56
5136,0,8449,4044,4405,0,0,0,1.0,1,1.0,1,1.0,1,0.19418730329848435,55
5137,3,8452,4045,4407,0,0,0,1.0,1,1.0,1,1.0,1,0.18417785427269728,55
5138,0,8452,4045,4407,0,0,0,1.0,1,1.0,1,1.0,1,0.1960991461634068,54
5139,3,8455,4048,4407,0,0,0,1.0,1,1.0,1,1.0,1,0.20814138709375046,54
5140,2,8457,4049,4408,0,0,0,1.0,1,1.0,1,1.0,1,0.22263505996926405,54
5141,3,8460,4052,4408,0,0,0,1.0,1,1.0,1,1.0,1,0.2681128269154609,53
5142,9,8469,4056,4413,0,0,0,1.0,1,1.0,1,1.0,1,0.2574341344008071,55
5143,6,8475,4059,4416,0,0,0,1.0,1,1.0,1,1.0,1,0.1897890731858239,54
5144,2,8477,4060,4417,0,0,0,1.0,1,1.0,1,1.0,1,0.18916204487739147,50
5145,4,8481,4061,4420,0,0,0,1.0,1,1.0,1,1.0,1,0.18249996486962797,51
5146,2,8483,4062,4421,0,0,0,1.0,1,1.0,1,1.0,1,0.15836259612100595,48
5147,2,8485,4063,4422,0,0,0,1.0,1,1.0,1,1.0,1,0.17069811843566418,49
5148,3,8488,4065,4423,0,0,0,1.0,1,1.0,1,1.0,1,0.1471136133251031,47
5149,2,8490,4066,4424,0,0,0,1.0,1,1.0,1,1.0,1,0.16671545780260713,46
5150,4,8494,4070,4424,0,0,0,1.0,1,1.0,1,1.0,1,0.1818626468779368,46
5151,0,8494,4070,4424,0,0,0,1.0,1,1.0,1,1.0,1,0.17612598265679374,45
5152,4,8498,4074,4424,0,0,0,1.0,1,1.0,1,1.0,1,0.2168200135109419,45
5153,1,8499,4075,4424,0,0,0,1.0,1,1.0,1,1.0,1,0.23838699134639915,45
5154,3,8502,4077,4425,0,0,0,1.0,1,1.0,1,1.0,1,0.2602100178544511,45
5155,1,8503,4077,4426,0,0,0,1.0,1,1.0,1,1.0,1,0.21943047176394082,44
5156,0,8503,4077,4426,0,0,0,1.0,1,1.0,1,1.0,1,0.2182277646561828,44
5157,0,8503,4077,4426,0,0,0,1.0,1,1.0,1,1.0,1,0.2065519039209727,42
5158,1,8504,4078,4426,0,0,0,1.0,1,1.0,1,1.0,1,0.22452735741520372,43
5159,0,8504,4078,4426,0,0,0,1.0,1,1.0,1,1.0,1,0.23442238256907882,43
5160,0,8504,4078,4426,0,0,0,1.0,1,1.0,1,1.0,1,0.23442238256907882,43
5161,0,8504,4078,4426,0,0,0,1.0,1,1.0,1,1.0,1,0.23442238256907882,43
5162,0,8504,4078,4426,0,0,0,1.0,1,1.0,1,1.0,1,0.23745007201011314,44
5163,2,8506,4078,4428,0,0,0,1.0,1,1.0,1,1.0,1,0.23208941758061818,46
5164,2,8508,4079,4429,0,0,0,1.0,1,1.0,1,1.0,1,0.21023075501235808,46
5165,1,8509,4079,4430,0,0,0,1.0,1,1.0,1,1.0,1,0.2007843247277509,46
5166,4,8513,4081,4432,0,0,0,1.0,1,1.0,1,1.0,1,0.17666858994083864,47
5167,2,8515,4081,4434,0,0,0,1.0,1,1.0,1,1.0,1,0.15596582628144437,47
5168,2,8517,4083,4434,0,0,0,1.0,1,1.0,1,1.0,1,0.2016389223615594,47
5169,0,8517,4083,4434,0,0,0,1.0,1,1.0,1,1.0,1,0.2016389223615594,47
5170,3,8520,4084,4436,0,0,0,1.0,1,1.0,1,1.0,1,0.1801163312706385,48
5171,1,8521,4085,4436,0,0,0,1.0,1,1.0,1,1.0,1,0.2056237115158978,48
5172,0,8521,4085,4436,0,0,0,1.0,1,1.0,1,1.0,1,0.17606974419143998,49
5173,0,8521,4085,4436,0,0,0,1.0,1,1.0,1,1.0,1,0.20435756453185008,49
5174,3,8524,4085,4439,0,0,0,1.0,1,1.0,1,1.0,1,0.172931310663004,52
5175,1,8525,4086,4439,0,0,0,1.0,1,1.0,1,1.0,1,0.16601263784390427,53
5176,0,8525,4086,4439,0,0,0,1.0,1,1.0,1,1.0,1,0.1794056661330157,54
5177,4,8529,4089,4440,0,0,0,1.0,1,1.0,1,1.0,1,0.1994511837137993,54
5178,4,8533,4091,4442,0,0,0,1.0,1,1.0,1,1.0,1,0.2030394730837159,55
5179,1,8534,4091,4443,0,0,0,1.0,1,1.0,1,1.0,1,0.19472916577523555,53
5180,1,8535,4091,4444,0,0,0,1.0,1,1.0,1,1.0,1,0.1963682920230139,52
5181,2,8537,4093,4444,0,0,0,1.0,1,1.0,1,1.0,1,0.2023968919511662,52
5182,1,8538,4094,4444,0,0,0,1.0,1,1.0,1,1.0,1,0.20070168800656055,52
5183,2,8540,4096,4444,0,0,0,1.0,1,1.0,1,1.0,1,0.2501500746405899,52
5184,1,8541,4097,4444,0,0,0,1.0,1,1.0,1,1.0,1,0.25822522902654155,52
5185,2,8543,4098,4445,0,0,0,1.0,1,1.0,1,1.0,1,0.2412604654455408,50
5186,1,8544,4099,4445,0,0,0,1.0,1,1.0,1,1.0,1,0.2873756945007886,48
5187,1,8545,4100,4445,0,0,0,1.0,1,1.0,1,1.0,1,0.30367801375986864,46
5188,3,8548,4100,4448,0,0,0,1.0,1,1.0,1,1.0,1,0.2679031344738768,44
5189,0,8548,4100,4448,0,0,0,1.0,1,1.0,1,1.0,1,0.3089613351115295,44
5190,1,8549,4101,4448,0,0,0,1.0,1,1.0,1,1.0,1,0.314285053235206,45
5191,1,8550,4101,4449,0,0,0,1.0,1,1.0,1,1.0,1,0.30091201921563693,45
5192,2,8552,4102,4450,0,0,0,1.0,1,1.0,1,1.0,1,0.299129439860957,45
5193,1,8553,4102,4451,0,0,0,1.0,1,1.0,1,1.0,1,0.28073564788711725,45
5194,1,8554,4102,4452,0,0,0,1.0,1,1.0,1,1.0,1,0.2713028836674689,45
5195,3,8557,4103,4454,0,0,0,1.0,1,1.0,1,1.0,1,0.26126734027219445,46
5196,0,8557,4103,4454,0,0,0,1.0,1,1.0,1,1.0,1,0.26126734027219445,46
5197,2,8559,4105,4454,0,0,0,1.0,1,1.0,1,1.0,1,0.2839966493686182,46
5198,1,8560,4105,4455,0,0,0,1.0,1,1.0,1,1.0,1,0.2569368437375994,47
5199,2,8562,4106,4456,0,0,0,1.0,1,1.0,1,1.0,1,0.27859915901731536,49
5200,6,8568,4107,4461,0,0,0,1.0,1,1.0,1,1.0,1,0.1940112507864588,49
5201,2,8570,4109,4461,0,0,0,1.0,1,1.0,1,1.0,1,0.20980317945514756,50
5202,1,8571,4109,4462,0,0,0,1.0,1,1.0,1,1.0,1,0.20337372966201744,52
5203,1,8572,4109,4463,0,0,0,1.0,1,1.0,1,1.0,1,0.1852363425230405,52
5204,1,8573,4109,4464,0,0,0,1.0,1,1.0,1,1.0,1,0.18782706070679578,54
5205,0,8573,4109,4464,0,0,0,1.0,1,1.0,1,1.0,1,0.18782706070679578,54
5206,1,8574,4109,4465,0,0,0,1.0,1,1.0,1,1.0,1,0.1732146481789592,55
5207,0,8574,4109,4465,0,0,0,1.0,1,1.0,1,1.0,1,0.18558303598392265,54
5208,0,8574,4109,4465,0,0,0,1.0,1,1.0,1,1.0,1,0.18558303598392265,54
5209,1,8575,4109,4466,0,0,0,1.0,1,1.0,1,1.0,1,0.16618445276543972,54
5210,0,8575,4109,4466,0,0,0,1.0,1,1.0,1,1.0,1,0.16618445276543972,54
5211,1,8576,4109,4467,0,0,0,1.0,1,1.0,1,1.0,1,0.1717238306164264,56
5212,0,8576,4109,4467,0,0,0,1.0,1,1.0,1,1.0,1,0.17247572011492793,57
5213,1,8577,4110,4467,0,0,0,1.0,1,1.0,1,1.0,1,0.21328338596422336,57
5214,5,8582,4111,4471,0,0,0,1.0,1,1.0,1,1.0,1,0.18174229442129677,58
5215,0,8582,4111,4471,0,0,0,1.0,1,1.0,1,1.0,1,0.19345364353867944,57
5216,1,8583,4111,4472,0,0,0,1.0,1,1.0,1,1.0,1,0.1709977751173204,57
5217,4,8587,4113,4474,0,0,0,1.0,1,1.0,1,1.0,1,0.14426162336227374,56
5218,4,8591,4116,4475,0,0,0,1.0,1,1.0,1,1.0,1,0.17540422549298074,56
5219,1,8592,4116,4476,0,0,0,1.0,1,1.0,1,1.0,1,0.17409653681249757,54
5220,0,8592,4116,4476,0,0,0,1.0,1,1.0,1,1.0,1,0.19718205913164144,53
5221,1,8593,4116,4477,0,0,0,1.0,1,1.0,1,1.0,1,0.1887960371642973,52
5222,0,8593,4116,4477,0,0,0,1.0,1,1.0,1,1.0,1,0.21056527237587036,52
5223,2,8595,4118,4477,0,0,0,1.0,1,1.0,1,1.0,1,0.22822056199925764,52
5224,7,8602,4121,4481,0,0,0,1.0,1,1.0,1,1.0,1,0.2086181660293786,52
5225,0,8602,4121,4481,0,0,0,1.0,1,1.0,1,1.0,1,0.2129681126720888,50
5226,2,8604,4123,4481,0,0,0,1.0,1,1.0,1,1.0,1,0.22297684965904413,51
5227,4,8608,4125,4483,0,0,0,1.0,1,1.0,1,1.0,1,0.23973112738768543,49
5228,0,8608,4125,4483,0,0,0,1.0,1,1.0,1,1.0,1,0.2605254611022176,48
5229,0,8608,4125,4483,0,0,0,1.0,1,1.0,1,1.0,1,0.24427930857573646,49
5230,0,8608,4125,4483,0,0,0,1.0,1,1.0,1,1.0,1,0.24427930857573646,49
5231,1,8609,4126,4483,0,0,0,1.0,1,1.0,1,1.0,1,0.24477393775051287,49
5232,4,8613,4128,4485,0,0,0,1.0,1,1.0,1,1.0,1,0.21938048510445796,51
5233,5,8618,4129,4489,0,0,0,1.0,1,1.0,1,1.0,1,0.1782530928161327,51
5234,4,8622,4132,4490,0,0,0,1.0,1,1.0,1,1.0,1,0.20017825737461883,52
5235,1,8623,4132,4491,0,0,0,1.0,1,1.0,1,1.0,1,0.1825356241404099,52
5236,2,8625,4133,4492,0,0,0,1.0,1,1.0,1,1.0,1,0.19276280471944007,52
5237,2,8627,4133,4494,0,0,0,1.0,1,1.0,1,1.0,1,0.19654337623467522,53
5238,1,8628,4134,4494,0,0,0,1.0,1,1.0,1,1.0,1,0.18211483474025894,53
5239,1,8629,4134,4495,0,0,0,1.0,1,1.0,1,1.0,1,0.16413705044429044,53
5240,2,8631,4134,4497,0,0,0,1.0,1,1.0,1,1.0,1,0.13927611243328294,55
5241,0,8631,4134,4497,0,0,0,1.0,1,1.0,1,1.0,1,0.14500551929010888,56
5242,2,8633,4135,4498,0,0,0,1.0,1,1.0,1,1.0,1,0.1556954911033312,54
5243,2,8635,4136,4499,0,0,0,1.0,1,1.0,1,1.0,1,0.16631378054759777,55
5244,1,8636,4136,4500,0,0,0,1.0,1,1.0,1,1.0,1,0.17396745842920452,55
5245,1,8637,4136,4501,0,0,0,1.0,1,1.0,1,1.0,1,0.15272572700509635,55
5246,2,8639,4138,4501,0,0,0,1.0,1,1.0,1,1.0,1,0.22872978913784597,55
5247,2,8641,4140,4501,0,0,0,1.0,1,1.0,1,1.0,1,0.2362540989857628,54
5248,3,8644,4141,4503,0,0,0,1.0,1,1.0,1,1.0,1,0.2388470852971231,53
5249,1,8645,4142,4503,0,0,0,1.0,1,1.0,1,1.0,1,0.2171706883949041,55
5250,3,8648,4144,4504,0,0,0,1.0,1,1.0,1,1.0,1,0.22386394671144605,55
5251,5,8653,4145,4508,0,0,0,1.0,1,1.0,1,1.0,1,0.18754246290357202,57
5252,1,8654,4145,4509,0,0,0,1.0,1,1.0,1,1.0,1,0.1787440545509628,58
5253,3,8657,4146,4511,0,0,0,1.0,1,1.0,1,1.0,1,0.1789672569850675,59
5254,2,8659,4147,4512,0,0,0,1.0,1,1.0,1,1.0,1,0.16929389193949967,59
5255,0,8659,4147,4512,0,0,0,1.0,1,1.0,1,1.0,1,0.16398076808049636,58
5256,3,8662,4149,4513,0,0,0,1.0,1,1.0,1,1.0,1,0.1936133700358471,59
5257,1,8663,4150,4513,0,0,0,1.0,1,1.0,1,1.0,1,0.2085319140935043,58
5258,0,8663,4150,4513,0,0,0,1.0,1,1.0,1,1.0,1,0.20531497582439764,56
5259,0,8663,4150,4513,0,0,0,1.0,1,1.0,1,1.0,1,0.2171043809846509,56
5260,0,8663,4150,4513,0,0,0,1.0,1,1.0,1,1.0,1,0.20797831134580164,55
5261,1,8664,4150,4514,0,0,0,1.0,1,1.0,1,1.0,1,0.1901215998061355,54
5262,1,8665,4151,4514,0,0,0,1.0,1,1.0,1,1.0,1,0.1986820186291354,54
5263,4,8669,4153,4516,0,0,0,1.0,1,1.0,1,1.0,1,0.2307545294675458,53
5264,1,8670,4154,4516,0,0,0,1.0,1,1.0,1,1.0,1,0.23944150806831008,51
5265,1,8671,4155,4516,0,0,0,1.0,1,1.0,1,1.0,1,0.23852545126383898,50
5266,6,8677,4158,4519,0,0,0,1.0,1,1.0,1,1.0,1,0.2214881360447777,49
5267,2,8679,4160,4519,0,0,0,1.0,1,1.0,1,1.0,1,0.2515024958072821,48
5268,2,8681,4161,4520,0,0,0,1.0,1,1.0,1,1.0,1,0.23281318788712999,47
5269,4,8685,4162,4523,0,0,0,1.0,1,1.0,1,1.0,1,0.18244453379586795,45
5270,0,8685,4162,4523,0,0,0,1.0,1,1.0,1,1.0,1,0.20073151692170277,47
5271,1,8686,4162,4524,0,0,0,1.0,1,1.0,1,1.0,1,0.20011271244999287,45
5272,4,8690,4165,4525,0,0,0,1.0,1,1.0,1,1.0,1,0.2264418472682147,46
5273,0,8690,4165,4525,0,0,0,1.0,1,1.0,1,1.0,1,0.24331323787585551,44
5274,0,8690,4165,4525,0,0,0,1.0,1,1.0,1,1.0,1,0.2565251560479593,44
5275,7,8697,4168,4529,0,0,0,1.0,1,1.0,1,1.0,1,0.2245995103362085,46
5276,1,8698,4169,4529,0,0,0,1.0,1,1.0,1,1.0,1,0.2213342392199404,46
5277,1,8699,4170,4529,0,0,0,1.0,1,1.0,1,1.0,1,0.21106520957984012,46
5278,4,8703,4174,4529,0,0,0,1.0,1,1.0,1,1.0,1,0.23199613798062677,46
5279,3,8706,4176,4530,0,0,0,1.0,1,1.0,1,1.0,1,0.24729037103044058,47
5280,2,8708,4177,4531,0,0,0,1.0,1,1.0,1,1.0,1,0.2220816298012919,47
5281,0,8708,4177,4531,0,0,0,1.0,1,1.0,1,1.0,1,0.23479014229505238,48
5282,1,8709,4178,4531,0,0,0,1.0,1,1.0,1,1.0,1,0.24407465497650507,48
5283,0,8709,4178,4531,0,0,0,1.0,1,1.0,1,1.0,1,0.2566236099198076,49
5284,0,8709,4178,4531,0,0,0,1.0,1,1.0,1,1.0,1,0.2566236099198076,49
5285,1,8710,4178,4532,0,0,0,1.0,1,1.0,1,1.0,1,0.2164929821552865,50
5286,2,8712,4178,4534,0,0,0,1.0,1,1.0,1,1.0,1,0.19942177488545626,51
5287,0,8712,4178,4534,0,0,0,1.0,1,1.0,1,1.0,1,0.19942177488545626,51
5288,1,8713,4178,4535,0,0,0,1.0,1,1.0,1,1.0,1,0.19120883057808954,51
5289,2,8715,4178,4537,0,0,0,1.0,1,1.0,1,1.0,1,0.18286629939389656,53
5290,1,8716,4178,4538,0,0,0,1.0,1,1.0,1,1.0,1,0.15550753110606985,53
5291,2,8718,4179,4539,0,0,0,1.0,1,1.0,1,1.0,1,0.1543541936119528,53
5292,1,8719,4180,4539,0,0,0,1.0,1,1.0,1,1.0,1,0.14187024889650904,53
5293,2,8721,4182,4539,0,0,0,1.0,1,1.0,1,1.0,1,0.22601380018877096,53
5294,3,8724,4183,4541,0,0,0,1.0,1,1.0,1,1.0,1,0.24017424605222154,54
5295,2,8726,4185,4541,0,0,0,1.0,1,1.0,1,1.0,1,0.2807636968064699,52
5296,1,8727,4186,4541,0,0,0,1.0,1,1.0,1,1.0,1,0.27636377887299285,49
5297,2,8729,4188,4541,0,0,0,1.0,1,1.0,1,1.0,1,0.33076562887605343,49
5298,3,8732,4189,4543,0,0,0,1.0,1,1.0,1,1.0,1,0.2842804877411353,49
5299,4,8736,4190,4546,0,0,0,1.0,1,1.0,1,1.0,1,0.24772060814618968,50
5300,1,8737,4191,4546,0,0,0,1.0,1,1.0,1,1.0,1,0.25653146867433907,48
5301,2,8739,4192,4547,0,0,0,1.0,1,1.0,1,1.0,1,0.2874103610849916,46
5302,2,8741,4193,4548,0,0,0,1.0,1,1.0,1,1.0,1,0.27573378338205917,47
5303,1,8742,4194,4548,0,0,0,1.0,1,1.0,1,1.0,1,0.28397274757519725,46
5304,1,8743,4195,4548,0,0,0,1.0,1,1.0,1,1.0,1,0.3257603861780978,45
5305,2,8745,4196,4549,0,0,0,1.0,1,1.0,1,1.0,1,0.292092123478644,44
5306,2,8747,4198,4549,0,0,0,1.0,1,1.0,1,1.0,1,0.3338241899460937,42
5307,3,8750,4200,4550,0,0,0,1.0,1,1.0,1,1.0,1,0.3313387351628589,42
5308,3,8753,4202,4551,0,0,0,1.0,1,1.0,1,1.0,1,0.35271021609889686,43
5309,1,8754,4203,4551,0,0,0,1.0,1,1.0,1,1.0,1,0.37000916385939203,41
5310,0,8754,4203,4551,0,0,0,1.0,1,1.0,1,1.0,1,0.3766903169453925,41
5311,0,8754,4203,4551,0,0,0,1.0,1,1.0,1,1.0,1,0.3587727402685507,42
5312,3,8757,4203,4554,0,0,0,1.0,1,1.0,1,1.0,1,0.3137089299881455,43
5313,0,8757,4203,4554,0,0,0,1.0,1,1.0,1,1.0,1,0.31187973573400196,44
5314,2,8759,4203,4556,0,0,0,1.0,1,1.0,1,1.0,1,0.27423039448495506,44
5315,4,8763,4204,4559,0,0,0,1.0,1,1.0,1,1.0,1,0.2675288991521163,45
5316,0,8763,4204,4559,0,0,0,1.0,1,1.0,1,1.0,1,0.2748693870196025,46
5317,3,8766,4205,4561,0,0,0,1.0,1,1.0,1,1.0,1,0.26175687133718173,46
5318,1,8767,4206,4561,0,0,0,1.0,1,1.0,1,1.0,1,0.25870891662618967,46
5319,1,8768,4206,4562,0,0,0,1.0,1,1.0,1,1.0,1,0.25847627350857827,47
5320,5,8773,4207,4566,0,0,0,1.0,1,1.0,1,1.0,1,0.18079387535268393,48
5321,0,8773,4207,4566,0,0,0,1.0,1,1.0,1,1.0,1,0.19148027552637764,49
5322,0,8773,4207,4566,0,0,0,1.0,1,1.0,1,1.0,1,0.19148027552637764,49
5323,1,8774,4207,4567,0,0,0,1.0,1,1.0,1,1.0,1,0.20728842191597352,51
5324,0,8774,4207,4567,0,0,0,1.0,1,1.0,1,1.0,1,0.20486456558387417,53
5325,1,8775,4208,4567,0,0,0,1.0,1,1.0,1,1.0,1,0.21563238439968527,53
5326,1,8776,4209,4567,0,0,0,1.0,1,1.0,1,1.0,1,0.23521439050870727,53
5327,1,8777,4209,4568,0,0,0,1.0,1,1.0,1,1.0,1,0.2453738726815599,53
5328,1,8778,4209,4569,0,0,0,1.0,1,1.0,1,1.0,1,0.22825035198247592,54
5329,2,8780,4211,4569,0,0,0,1.0,1,1.0,1,1.0,1,0.2524824154307446,53
5330,2,8782,4213,4569,0,0,0,1.0,1,1.0,1,1.0,1,0.2812060392739597,52
5331,3,8785,4214,4571,0,0,0,1.0,1,1.0,1,1.0,1,0.3008080686330447,51
5332,2,8787,4214,4573,0,0,0,1.0,1,1.0,1,1.0,1,0.277141828678214,52
5333,2,8789,4215,4574,0,0,0,1.0,1,1.0,1,1.0,1,0.30273264352039403,53
5334,2,8791,4216,4575,0,0,0,1.0,1,1.0,1,1.0,1,0.32102511426659014,54
5335,1,8792,4216,4576,0,0,0,1.0,1,1.0,1,1.0,1,0.31216988371919696,55
5336,0,8792,4216,4576,0,0,0,1.0,1,1.0,1,1.0,1,0.3187834191068474,54
5337,0,8792,4216,4576,0,0,0,1.0,1,1.0,1,1.0,1,0.32504596109242656,55
5338,2,8794,4217,4577,0,0,0,1.0,1,1.0,1,1.0,1,0.33458522694192205,55
5339,0,8794,4217,4577,0,0,0,1.0,1,1.0,1,1.0,1,0.33458522694192205,55
5340,0,8794,4217,4577,0,0,0,1.0,1,1.0,1,1.0,1,0.33458522694192205,55
5341,3,8797,4218,4579,0,0,0,1.0,1,1.0,1,1.0,1,0.3499256369753981,54
5342,0,8797,4218,4579,0,0,0,1.0,1,1.0,1,1.0,1,0.3430087570375311,55
5343,4,8801,4220,4581,0,0,0,1.0,1,1.0,1,1.0,1,0.3149472508742156,54
5344,4,8805,4223,4582,0,0,0,1.0,1,1.0,1,1.0,1,0.33536237350146775,55
5345,1,8806,4223,4583,0,0,0,1.0,1,1.0,1,1.0,1,0.31733177449469546,53
5346,4,8810,4226,4584,0,0,0,1.0,1,1.0,1,1.0,1,0.35506839685667646,53
5347,8,8818,4228,4590,0,0,0,1.0,1,1.0,1,1.0,1,0.2828538903309073,51
5348,2,8820,4229,4591,0,0,0,1.0,1,1.0,1,1.0,1,0.26196527147436693,53
5349,4,8824,4231,4593,0,0,0,1.0,1,1.0,1,1.0,1,0.22459954058950649,52
5350,2,8826,4231,4595,0,0,0,1.0,1,1.0,1,1.0,1,0.19089155019121967,50
5351,1,8827,4232,4595,0,0,0,1.0,1,1.0,1,1.0,1,0.22503224077173567,52
5352,3,8830,4234,4596,0,0,0,1.0,1,1.0,1,1.0,1,0.22511685656888705,49
5353,0,8830,4234,4596,0,0,0,1.0,1,1.0,1,1.0,1,0.22511685656888705,49
5354,2,8832,4235,4597,0,0,0,1.0,1,1.0,1,1.0,1,0.21422362604987097,49
5355,0,8832,4235,4597,0,0,0,1.0,1,1.0,1,1.0,1,0.20415547922223304,48
5356,3,8835,4236,4599,0,0,0,1.0,1,1.0,1,1.0,1,0.22671713657479964,49
5357,0,8835,4236,4599,0,0,0,1.0,1,1.0,1,1.0,1,0.22934070174317656,47
5358,0,8835,4236,4599,0,0,0,1.0,1,1.0,1,1.0,1,0.2333947163933664,48
5359,2,8837,4236,4601,0,0,0,1.0,1,1.0,1,1.0,1,0.19359139589240593,48
5360,0,8837,4236,4601,0,0,0,1.0,1,1.0,1,1.0,1,0.19359139589240593,48
5361,1,8838,4236,4602,0,0,0,1.0,1,1.0,1,1.0,1,0.20458972906274803,50
5362,1,8839,4236,4603,0,0,0,1.0,1,1.0,1,1.0,1,0.19758997342139323,50
5363,0,8839,4236,4603,0,0,0,1.0,1,1.0,1,1.0,1,0.19758997342139323,50
5364,1,8840,4237,4603,0,0,0,1.0,1,1.0,1,1.0,1,0.19141004832215056,51
5365,2,8842,4237,4605,0,0,0,1.0,1,1.0,1,1.0,1,0.18290857400144386,52
5366,0,8842,4237,4605,0,0,0,1.0,1,1.0,1,1.0,1,0.18290857400144386,52
5367,0,8842,4237,4605,0,0,0,1.0,1,1.0,1,1.0,1,0.1809498246570419,54
5368,2,8844,4238,4606,0,0,0,1.0,1,1.0,1,1.0,1,0.19270878583932463,55
5369,1,8845,4239,4606,0,0,0,1.0,1,1.0,1,1.0,1,0.2308230896109286,53
5370,5,8850,4241,4609,0,0,0,1.0,1,1.0,1,1.0,1,0.24063659678223528,54
5371,4,8854,4242,4612,0,0,0,1.0,1,1.0,1,1.0,1,0.22921588919386776,53
5372,5,8859,4245,4614,0,0,0,1.0,1,1.0,1,1.0,1,0.23533939948514498,53
5373,1,8860,4245,4615,0,0,0,1.0,1,1.0,1,1.0,1,0.20981183450433025,52
5374,3,8863,4247,4616,0,0,0,1.0,1,1.0,1,1.0,1,0.22407617780952785,51
5375,1,8864,4247,4617,0,0,0,1.0,1,1.0,1,1.0,1,0.17451106540012537,52
5376,1,8865,4248,4617,0,0,0,1.0,1,1.0,1,1.0,1,0.21556417795002172,51
5377,0,8865,4248,4617,0,0,0,1.0,1,1.0,1,1.0,1,0.22815387485835661,52
5378,2,8867,4250,4617,0,0,0,1.0,1,1.0,1,1.0,1,0.27694291836274976,50
5379,1,8868,4250,4618,0,0,0,1.0,1,1.0,1,1.0,1,0.2705954360004635,50
5380,3,8871,4250,4621,0,0,0,1.0,1,1.0,1,1.0,1,0.27518181375629314,52
5381,0,8871,4250,4621,0,0,0,1.0,1,1.0,1,1.0,1,0.27518181375629314,52
5382,1,8872,4250,4622,0,0,0,1.0,1,1.0,1,1.0,1,0.263036953046795,52
5383,0,8872,4250,4622,0,0,0,1.0,1,1.0,1,1.0,1,0.24823613197931169,51
5384,3,8875,4251,4624,0,0,0,1.0,1,1.0,1,1.0,1,0.2432882920733036,52
5385,2,8877,4252,4625,0,0,0,1.0,1,1.0,1,1.0,1,0.24599857761564092,51
5386,5,8882,4253,4629,0,0,0,1.0,1,1.0,1,1.0,1,0.21684473045290256,52
5387,2,8884,4254,4630,0,0,0,1.0,1,1.0,1,1.0,1,0.17594023056011066,53
5388,2,8886,4254,4632,0,0,0,1.0,1,1.0,1,1.0,1,0.16201607143171132,54
5389,3,8889,4255,4634,0,0,0,1.0,1,1.0,1,1.0,1,0.1267692952401871,55
5390,2,8891,4256,4635,0,0,0,1.0,1,1.0,1,1.0,1,0.12410860688279583,56
5391,1,8892,4257,4635,0,0,0,1.0,1,1.0,1,1.0,1,0.12953562041782554,56
5392,3,8895,4259,4636,0,0,0,1.0,1,1.0,1,1.0,1,0.16574711226648692,56
5393,1,8896,4259,4637,0,0,0,1.0,1,1.0,1,1.0,1,0.14696905212415848,54
5394,1,8897,4260,4637,0,0,0,1.0,1,1.0,1,1.0,1,0.15925469677804915,53
5395,1,8898,4260,4638,0,0,0,1.0,1,1.0,1,1.0,1,0.1505476835327197,53
5396,1,8899,4261,4638,0,0,0,1.0,1,1.0,1,1.0,1,0.18444012185191352,54
5397,2,8901,4263,4638,0,0,0,1.0,1,1.0,1,1.0,1,0.189632562092279,53
5398,5,8906,4264,4642,0,0,0,1.0,1,1.0,1,1.0,1,0.13522127280266846,53
5399,5,8911,4267,4644,0,0,0,1.0,1,1.0,1,1.0,1,0.19713585832978534,55
5400,2,8913,4267,4646,0,0,0,1.0,1,1.0,1,1.0,1,0.15535641828445443,55
5401,4,8917,4268,4649,0,0,0,1.0,1,1.0,1,1.0,1,0.14250181239433599,56
5402,0,8917,4268,4649,0,0,0,1.0,1,1.0,1,1.0,1,0.0,0
