,SuccessfulHandoverCount,TotalSuccessfulHandoverCount,TotalSuccessfulHandoverCountRange,TotalSuccessfulHandoverCountLoadBalancing,TotalSuccessfulHandoverCountOverload,FailedHandoverCount,TotalFailedHandoverCount,AvgQoS,MinQoS,AvgQoS_LoadBased,MinQoS_LoadBased,AvgQoS_RangeBased,MinQoS_RangeBased,GiniLoad,VehicleCount
0,0,0,0,0,0,0,0,1.0,1,1.0,1,1.0,1,0.0,0
1,16,16,0,16,0,0,0,1.0,1,1.0,1,1.0,1,0.29816839317586874,30
2,13,29,0,29,0,0,0,1.0,1,1.0,1,1.0,1,0.31201973957963103,32
3,12,41,0,41,0,0,0,1.0,1,1.0,1,1.0,1,0.2975813495389383,33
4,14,55,0,55,0,0,0,1.0,1,1.0,1,1.0,1,0.24429833430659884,34
5,14,69,0,69,0,0,0,1.0,1,1.0,1,1.0,1,0.23627427373530635,36
6,2,71,0,71,0,0,0,1.0,1,1.0,1,1.0,1,0.1762960527440186,38
7,1,72,0,72,0,0,0,1.0,1,1.0,1,1.0,1,0.16728474274880004,40
8,0,72,0,72,0,0,0,1.0,1,1.0,1,1.0,1,0.16728474274880004,40
9,0,72,0,72,0,0,0,1.0,1,1.0,1,1.0,1,0.16728474274880004,40
10,0,72,0,72,0,0,0,1.0,1,1.0,1,1.0,1,0.1799401912879583,41
11,0,72,0,72,0,0,0,1.0,1,1.0,1,1.0,1,0.17993206006454604,40
12,0,72,0,72,0,0,0,1.0,1,1.0,1,1.0,1,0.1688022264385453,39
13,2,74,2,72,0,0,0,1.0,1,1.0,1,1.0,1,0.20479605791812236,37
14,2,76,2,74,0,0,0,1.0,1,1.0,1,1.0,1,0.22679927589694235,35
15,0,76,2,74,0,0,0,1.0,1,1.0,1,1.0,1,0.2008396029165671,36
16,0,76,2,74,0,0,0,1.0,1,1.0,1,1.0,1,0.2570237034017152,34
17,0,76,2,74,0,0,0,1.0,1,1.0,1,1.0,1,0.2836705168742749,33
18,1,77,2,75,0,0,0,1.0,1,1.0,1,1.0,1,0.25549593301521867,34
19,2,79,3,76,0,0,0,1.0,1,1.0,1,1.0,1,0.26913856078699383,34
20,0,79,3,76,0,0,0,1.0,1,1.0,1,1.0,1,0.2388660455489829,34
21,1,80,4,76,0,0,0,1.0,1,1.0,1,1.0,1,0.28932112615513855,36
22,0,80,4,76,0,0,0,1.0,1,1.0,1,1.0,1,0.2918178157664947,35
23,6,86,6,80,0,0,0,1.0,1,1.0,1,1.0,1,0.286229017804901,35
24,2,88,8,80,0,0,0,1.0,1,1.0,1,1.0,1,0.2813873925775342,35
25,5,93,12,81,0,0,0,1.0,1,1.0,1,1.0,1,0.32830687243811885,35
26,4,97,14,83,0,0,0,1.0,1,1.0,1,1.0,1,0.32189146220727466,36
27,2,99,16,83,0,0,0,1.0,1,1.0,1,1.0,1,0.2798099761426967,34
28,5,104,17,87,0,0,0,1.0,1,1.0,1,1.0,1,0.22635623624955892,35
29,0,104,17,87,0,0,0,1.0,1,1.0,1,1.0,1,0.2088665462817676,33
30,1,105,18,87,0,0,0,1.0,1,1.0,1,1.0,1,0.2549036321964803,33
31,1,106,19,87,0,0,0,1.0,1,1.0,1,1.0,1,0.30534010404054357,33
32,2,108,20,88,0,0,0,1.0,1,1.0,1,1.0,1,0.3261012076652528,32
33,0,108,20,88,0,0,0,1.0,1,1.0,1,1.0,1,0.332200572975542,33
34,2,110,21,89,0,0,0,1.0,1,1.0,1,1.0,1,0.35008650496339816,33
35,1,111,21,90,0,0,0,1.0,1,1.0,1,1.0,1,0.3183280747826713,35
36,2,113,22,91,0,0,0,1.0,1,1.0,1,1.0,1,0.3331932082367875,36
37,3,116,23,93,0,0,0,1.0,1,1.0,1,1.0,1,0.2430777052333328,37
38,1,117,23,94,0,0,0,1.0,1,1.0,1,1.0,1,0.22755181003625946,36
39,0,117,23,94,0,0,0,1.0,1,1.0,1,1.0,1,0.25834622233307275,38
40,0,117,23,94,0,0,0,1.0,1,1.0,1,1.0,1,0.27511330952467167,40
41,0,117,23,94,0,0,0,1.0,1,1.0,1,1.0,1,0.27511330952467167,40
42,2,119,25,94,0,0,0,1.0,1,1.0,1,1.0,1,0.2893436670635309,40
43,2,121,26,95,0,0,0,1.0,1,1.0,1,1.0,1,0.3102759140963954,43
44,1,122,26,96,0,0,0,1.0,1,1.0,1,1.0,1,0.2928409848773594,43
45,2,124,27,97,0,0,0,1.0,1,1.0,1,1.0,1,0.2832770857866052,44
46,1,125,28,97,0,0,0,1.0,1,1.0,1,1.0,1,0.2889994650556321,44
47,1,126,29,97,0,0,0,1.0,1,1.0,1,1.0,1,0.2972865212396123,44
48,1,127,30,97,0,0,0,1.0,1,1.0,1,1.0,1,0.3305063326169816,44
49,1,128,31,97,0,0,0,1.0,1,1.0,1,1.0,1,0.3093638742522605,41
50,2,130,33,97,0,0,0,1.0,1,1.0,1,1.0,1,0.354676180663097,40
51,2,132,33,99,0,0,0,1.0,1,1.0,1,1.0,1,0.3053902729621675,38
52,0,132,33,99,0,0,0,1.0,1,1.0,1,1.0,1,0.2963454858984385,37
53,1,133,33,100,0,0,0,1.0,1,1.0,1,1.0,1,0.3099221839301354,38
54,4,137,34,103,0,0,0,1.0,1,1.0,1,1.0,1,0.2748474215606265,38
55,2,139,35,104,0,0,0,1.0,1,1.0,1,1.0,1,0.27789037849380754,38
56,2,141,35,106,0,0,0,1.0,1,1.0,1,1.0,1,0.2347506869218247,38
57,0,141,35,106,0,0,0,1.0,1,1.0,1,1.0,1,0.2347506869218247,38
58,4,145,37,108,0,0,0,1.0,1,1.0,1,1.0,1,0.28508562199596843,38
59,1,146,37,109,0,0,0,1.0,1,1.0,1,1.0,1,0.2578252771501197,40
60,3,149,39,110,0,0,0,1.0,1,1.0,1,1.0,1,0.2724922054140314,40
61,1,150,39,111,0,0,0,1.0,1,1.0,1,1.0,1,0.2555617418504229,40
62,2,152,41,111,0,0,0,1.0,1,1.0,1,1.0,1,0.2892555402923237,42
63,2,154,42,112,0,0,0,1.0,1,1.0,1,1.0,1,0.2818610918296144,40
64,0,154,42,112,0,0,0,1.0,1,1.0,1,1.0,1,0.2808191367609902,41
65,1,155,43,112,0,0,0,1.0,1,1.0,1,1.0,1,0.314732703896731,41
66,2,157,44,113,0,0,0,1.0,1,1.0,1,1.0,1,0.32007542864596616,41
67,4,161,46,115,0,0,0,1.0,1,1.0,1,1.0,1,0.30628008320288375,41
68,2,163,47,116,0,0,0,1.0,1,1.0,1,1.0,1,0.29845426003716774,41
69,1,164,47,117,0,0,0,1.0,1,1.0,1,1.0,1,0.2983201597921365,41
70,0,164,47,117,0,0,0,1.0,1,1.0,1,1.0,1,0.31249439343445007,42
71,4,168,49,119,0,0,0,1.0,1,1.0,1,1.0,1,0.26605904007414616,44
72,2,170,49,121,0,0,0,1.0,1,1.0,1,1.0,1,0.2406143707089519,44
73,1,171,49,122,0,0,0,1.0,1,1.0,1,1.0,1,0.22718853134452588,46
74,0,171,49,122,0,0,0,1.0,1,1.0,1,1.0,1,0.25380546109642577,44
75,0,171,49,122,0,0,0,1.0,1,1.0,1,1.0,1,0.25380546109642577,44
76,6,177,51,126,0,0,0,1.0,1,1.0,1,1.0,1,0.266841179903142,45
77,0,177,51,126,0,0,0,1.0,1,1.0,1,1.0,1,0.25305072937491185,44
78,3,180,52,128,0,0,0,1.0,1,1.0,1,1.0,1,0.262592608513288,44
79,0,180,52,128,0,0,0,1.0,1,1.0,1,1.0,1,0.279173437032492,43
80,1,181,53,128,0,0,0,1.0,1,1.0,1,1.0,1,0.2631762321014731,43
81,4,185,56,129,0,0,0,1.0,1,1.0,1,1.0,1,0.2965528613054115,44
82,3,188,57,131,0,0,0,1.0,1,1.0,1,1.0,1,0.25943093282021784,45
83,2,190,59,131,0,0,0,1.0,1,1.0,1,1.0,1,0.29066717811947,45
84,0,190,59,131,0,0,0,1.0,1,1.0,1,1.0,1,0.29066717811947,45
85,2,192,60,132,0,0,0,1.0,1,1.0,1,1.0,1,0.2717967521190542,45
86,1,193,60,133,0,0,0,1.0,1,1.0,1,1.0,1,0.23726014064970735,45
87,0,193,60,133,0,0,0,1.0,1,1.0,1,1.0,1,0.24553542641542794,44
88,0,193,60,133,0,0,0,1.0,1,1.0,1,1.0,1,0.23710982055390833,45
89,0,193,60,133,0,0,0,1.0,1,1.0,1,1.0,1,0.25303242158644,46
90,0,193,60,133,0,0,0,1.0,1,1.0,1,1.0,1,0.2835469099350523,44
91,0,193,60,133,0,0,0,1.0,1,1.0,1,1.0,1,0.27098013294657664,45
92,0,193,60,133,0,0,0,1.0,1,1.0,1,1.0,1,0.283317680272957,46
93,0,193,60,133,0,0,0,1.0,1,1.0,1,1.0,1,0.283317680272957,46
94,2,195,61,134,0,0,0,1.0,1,1.0,1,1.0,1,0.27403389219093677,46
95,1,196,61,135,0,0,0,1.0,1,1.0,1,1.0,1,0.29281202903382225,46
96,2,198,62,136,0,0,0,1.0,1,1.0,1,1.0,1,0.2883996053159847,46
97,0,198,62,136,0,0,0,1.0,1,1.0,1,1.0,1,0.2832630591185771,47
98,0,198,62,136,0,0,0,1.0,1,1.0,1,1.0,1,0.2832630591185771,47
99,0,198,62,136,0,0,0,1.0,1,1.0,1,1.0,1,0.29935642300144116,46
100,1,199,63,136,0,0,0,1.0,1,1.0,1,1.0,1,0.3313134492788789,48
101,2,201,64,137,0,0,0,1.0,1,1.0,1,1.0,1,0.32554821205908,49
102,2,203,66,137,0,0,0,1.0,1,1.0,1,1.0,1,0.3472280434023137,49
103,4,207,67,140,0,0,0,1.0,1,1.0,1,1.0,1,0.2872341639425952,48
104,5,212,69,143,0,0,0,1.0,1,1.0,1,1.0,1,0.30559416909203474,49
105,2,214,71,143,0,0,0,1.0,1,1.0,1,1.0,1,0.32352293660664055,48
106,5,219,72,147,0,0,0,1.0,1,1.0,1,1.0,1,0.2861746574517482,48
107,1,220,72,148,0,0,0,1.0,1,1.0,1,1.0,1,0.26542996439544786,47
108,2,222,72,150,0,0,0,1.0,1,1.0,1,1.0,1,0.2698239520560079,47
109,4,226,73,153,0,0,0,1.0,1,1.0,1,1.0,1,0.2350889337866029,47
110,2,228,74,154,0,0,0,1.0,1,1.0,1,1.0,1,0.23608062848934344,47
111,2,230,75,155,0,0,0,1.0,1,1.0,1,1.0,1,0.16861200147950392,46
112,1,231,76,155,0,0,0,1.0,1,1.0,1,1.0,1,0.18967750237010858,46
113,2,233,78,155,0,0,0,1.0,1,1.0,1,1.0,1,0.1691868112701444,45
114,0,233,78,155,0,0,0,1.0,1,1.0,1,1.0,1,0.17043648282806786,46
115,3,236,79,157,0,0,0,1.0,1,1.0,1,1.0,1,0.16557732320047397,47
116,0,236,79,157,0,0,0,1.0,1,1.0,1,1.0,1,0.1488289009137923,48
117,4,240,83,157,0,0,0,1.0,1,1.0,1,1.0,1,0.1907366346130006,48
118,0,240,83,157,0,0,0,1.0,1,1.0,1,1.0,1,0.19832508080140343,49
119,1,241,84,157,0,0,0,1.0,1,1.0,1,1.0,1,0.22120239482588064,50
120,3,244,84,160,0,0,0,1.0,1,1.0,1,1.0,1,0.19589143603449677,51
121,2,246,84,162,0,0,0,1.0,1,1.0,1,1.0,1,0.16718870818649123,51
122,0,246,84,162,0,0,0,1.0,1,1.0,1,1.0,1,0.16718870818649123,51
123,0,246,84,162,0,0,0,1.0,1,1.0,1,1.0,1,0.16718870818649123,51
124,0,246,84,162,0,0,0,1.0,1,1.0,1,1.0,1,0.16718870818649123,51
125,0,246,84,162,0,0,0,1.0,1,1.0,1,1.0,1,0.222059128410063,50
126,2,248,86,162,0,0,0,1.0,1,1.0,1,1.0,1,0.2103425124129295,52
127,4,252,86,166,0,0,0,1.0,1,1.0,1,1.0,1,0.17422079843629232,50
128,1,253,86,167,0,0,0,1.0,1,1.0,1,1.0,1,0.15319414861696107,50
129,0,253,86,167,0,0,0,1.0,1,1.0,1,1.0,1,0.18773787259810973,52
130,1,254,87,167,0,0,0,1.0,1,1.0,1,1.0,1,0.21389558545448897,52
131,5,259,88,171,0,0,0,1.0,1,1.0,1,1.0,1,0.17816600849405345,54
132,1,260,89,171,0,0,0,1.0,1,1.0,1,1.0,1,0.19027576463719534,54
133,2,262,90,172,0,0,0,1.0,1,1.0,1,1.0,1,0.18841102748914748,52
134,1,263,91,172,0,0,0,1.0,1,1.0,1,1.0,1,0.15629212817863603,52
135,4,267,95,172,0,0,0,1.0,1,1.0,1,1.0,1,0.20067773114999687,51
136,4,271,97,174,0,0,0,1.0,1,1.0,1,1.0,1,0.16734564266833063,51
137,3,274,98,176,0,0,0,1.0,1,1.0,1,1.0,1,0.08639001508907827,50
138,1,275,99,176,0,0,0,1.0,1,1.0,1,1.0,1,0.132379077772337,52
139,5,280,102,178,0,0,0,1.0,1,1.0,1,1.0,1,0.1472980000368946,51
140,1,281,103,178,0,0,0,1.0,1,1.0,1,1.0,1,0.15089078151205726,51
141,1,282,104,178,0,0,0,1.0,1,1.0,1,1.0,1,0.20031232196252638,50
142,2,284,106,178,0,0,0,1.0,1,1.0,1,1.0,1,0.20324052387590333,51
143,0,284,106,178,0,0,0,1.0,1,1.0,1,1.0,1,0.19961555753322385,48
144,1,285,107,178,0,0,0,1.0,1,1.0,1,1.0,1,0.21709910876996943,49
145,5,290,111,179,0,0,0,1.0,1,1.0,1,1.0,1,0.14512275601990884,47
146,2,292,113,179,0,0,0,1.0,1,1.0,1,1.0,1,0.19283816884301144,49
147,1,293,113,180,0,0,0,1.0,1,1.0,1,1.0,1,0.13749743259196565,46
148,0,293,113,180,0,0,0,1.0,1,1.0,1,1.0,1,0.1420716115117047,47
149,1,294,114,180,0,0,0,1.0,1,1.0,1,1.0,1,0.12353307789229441,46
150,0,294,114,180,0,0,0,1.0,1,1.0,1,1.0,1,0.11907043285164362,47
151,1,295,115,180,0,0,0,1.0,1,1.0,1,1.0,1,0.16151388103338138,46
152,1,296,116,180,0,0,0,1.0,1,1.0,1,1.0,1,0.16063485248715348,45
153,0,296,116,180,0,0,0,1.0,1,1.0,1,1.0,1,0.1711346232305624,46
154,0,296,116,180,0,0,0,1.0,1,1.0,1,1.0,1,0.19799242799271516,44
155,3,299,119,180,0,0,0,1.0,1,1.0,1,1.0,1,0.27123555798825033,45
156,3,302,120,182,0,0,0,1.0,1,1.0,1,1.0,1,0.267191643768101,43
157,0,302,120,182,0,0,0,1.0,1,1.0,1,1.0,1,0.2520692609360138,42
158,2,304,120,184,0,0,0,1.0,1,1.0,1,1.0,1,0.2254180996529315,43
159,2,306,121,185,0,0,0,1.0,1,1.0,1,1.0,1,0.28084007479230444,44
160,3,309,122,187,0,0,0,1.0,1,1.0,1,1.0,1,0.2835226507789884,44
161,7,316,124,192,0,0,0,1.0,1,1.0,1,1.0,1,0.20911721895581087,44
162,2,318,124,194,0,0,0,1.0,1,1.0,1,1.0,1,0.18815274790929368,44
163,6,324,129,195,0,0,0,1.0,1,1.0,1,1.0,1,0.2623515127171926,44
164,4,328,132,196,0,0,0,1.0,1,1.0,1,1.0,1,0.26545751364489417,44
165,7,335,133,202,0,0,0,1.0,1,1.0,1,1.0,1,0.21484891376583648,43
166,3,338,134,204,0,0,0,1.0,1,1.0,1,1.0,1,0.22375700769108864,43
167,1,339,135,204,0,0,0,1.0,1,1.0,1,1.0,1,0.21825677519709552,42
168,0,339,135,204,0,0,0,1.0,1,1.0,1,1.0,1,0.1839192024398552,40
169,0,339,135,204,0,0,0,1.0,1,1.0,1,1.0,1,0.16321000612888642,41
170,0,339,135,204,0,0,0,1.0,1,1.0,1,1.0,1,0.20255314528537657,39
171,0,339,135,204,0,0,0,1.0,1,1.0,1,1.0,1,0.20255314528537657,39
172,0,339,135,204,0,0,0,1.0,1,1.0,1,1.0,1,0.21193184360313705,38
173,3,342,138,204,0,0,0,1.0,1,1.0,1,1.0,1,0.3084899435414109,38
174,1,343,139,204,0,0,0,1.0,1,1.0,1,1.0,1,0.2475145627121047,37
175,2,345,141,204,0,0,0,1.0,1,1.0,1,1.0,1,0.2952496829236647,36
176,5,350,144,206,0,0,0,1.0,1,1.0,1,1.0,1,0.25327804671137594,36
177,1,351,144,207,0,0,0,1.0,1,1.0,1,1.0,1,0.22196193814747553,38
178,1,352,145,207,0,0,0,1.0,1,1.0,1,1.0,1,0.2512260530247384,39
179,2,354,145,209,0,0,0,1.0,1,1.0,1,1.0,1,0.21316647523040502,40
180,1,355,146,209,0,0,0,1.0,1,1.0,1,1.0,1,0.20233738829955059,40
181,0,355,146,209,0,0,0,1.0,1,1.0,1,1.0,1,0.2285678869297317,39
182,1,356,147,209,0,0,0,1.0,1,1.0,1,1.0,1,0.2383250275407645,40
183,1,357,148,209,0,0,0,1.0,1,1.0,1,1.0,1,0.2874176624277765,40
184,1,358,149,209,0,0,0,1.0,1,1.0,1,1.0,1,0.30348725767659585,38
185,1,359,149,210,0,0,0,1.0,1,1.0,1,1.0,1,0.30173256035802726,38
186,4,363,150,213,0,0,0,1.0,1,1.0,1,1.0,1,0.205434356481969,37
187,2,365,151,214,0,0,0,1.0,1,1.0,1,1.0,1,0.19676268498003763,36
188,4,369,154,215,0,0,0,1.0,1,1.0,1,1.0,1,0.18074280779658092,36
189,2,371,155,216,0,0,0,1.0,1,1.0,1,1.0,1,0.18169450403688361,36
190,0,371,155,216,0,0,0,1.0,1,1.0,1,1.0,1,0.21571095440758536,36
191,1,372,156,216,0,0,0,1.0,1,1.0,1,1.0,1,0.22059803705863854,37
192,1,373,157,216,0,0,0,1.0,1,1.0,1,1.0,1,0.20545175007901637,37
193,1,374,158,216,0,0,0,1.0,1,1.0,1,1.0,1,0.2132847848030653,38
194,1,375,159,216,0,0,0,1.0,1,1.0,1,1.0,1,0.24207314246911327,39
195,2,377,160,217,0,0,0,1.0,1,1.0,1,1.0,1,0.24657835753619617,40
196,1,378,160,218,0,0,0,1.0,1,1.0,1,1.0,1,0.2183761942850884,40
197,1,379,160,219,0,0,0,1.0,1,1.0,1,1.0,1,0.2226684215902014,40
198,4,383,162,221,0,0,0,1.0,1,1.0,1,1.0,1,0.20612309183353955,40
199,4,387,163,224,0,0,0,1.0,1,1.0,1,1.0,1,0.12899818690859247,40
200,0,387,163,224,0,0,0,1.0,1,1.0,1,1.0,1,0.12899818690859247,40
201,1,388,164,224,0,0,0,1.0,1,1.0,1,1.0,1,0.1351266291225541,39
202,0,388,164,224,0,0,0,1.0,1,1.0,1,1.0,1,0.11892730145343253,40
203,3,391,167,224,0,0,0,1.0,1,1.0,1,1.0,1,0.1349305740792962,39
204,1,392,168,224,0,0,0,1.0,1,1.0,1,1.0,1,0.11712723631465916,38
205,0,392,168,224,0,0,0,1.0,1,1.0,1,1.0,1,0.10450916053788217,37
206,1,393,169,224,0,0,0,1.0,1,1.0,1,1.0,1,0.15374954742549407,36
207,2,395,170,225,0,0,0,1.0,1,1.0,1,1.0,1,0.11676494730051887,37
208,0,395,170,225,0,0,0,1.0,1,1.0,1,1.0,1,0.13438609518245584,36
209,2,397,172,225,0,0,0,1.0,1,1.0,1,1.0,1,0.1927160280136494,36
210,1,398,173,225,0,0,0,1.0,1,1.0,1,1.0,1,0.23571201642701578,36
211,0,398,173,225,0,0,0,1.0,1,1.0,1,1.0,1,0.2480188599575476,34
212,1,399,174,225,0,0,0,1.0,1,1.0,1,1.0,1,0.28657106417007455,34
213,1,400,174,226,0,0,0,1.0,1,1.0,1,1.0,1,0.2951747634262385,36
214,1,401,175,226,0,0,0,1.0,1,1.0,1,1.0,1,0.2530577190098659,35
215,2,403,177,226,0,0,0,1.0,1,1.0,1,1.0,1,0.24224455611378848,35
216,1,404,177,227,0,0,0,1.0,1,1.0,1,1.0,1,0.2341252195959372,37
217,3,407,178,229,0,0,0,1.0,1,1.0,1,1.0,1,0.19838748597691522,37
218,6,413,182,231,0,0,0,1.0,1,1.0,1,1.0,1,0.2143687407622496,37
219,2,415,183,232,0,0,0,1.0,1,1.0,1,1.0,1,0.25949810597227213,37
220,2,417,184,233,0,0,0,1.0,1,1.0,1,1.0,1,0.2304155273092711,38
221,4,421,186,235,0,0,0,1.0,1,1.0,1,1.0,1,0.15656605857814015,39
222,0,421,186,235,0,0,0,1.0,1,1.0,1,1.0,1,0.15656605857814015,39
223,2,423,187,236,0,0,0,1.0,1,1.0,1,1.0,1,0.17066331978990457,40
224,5,428,189,239,0,0,0,1.0,1,1.0,1,1.0,1,0.10250148289311727,40
225,0,428,189,239,0,0,0,1.0,1,1.0,1,1.0,1,0.16230881161015212,39
226,4,432,193,239,0,0,0,1.0,1,1.0,1,1.0,1,0.1464579726732718,39
227,1,433,194,239,0,0,0,1.0,1,1.0,1,1.0,1,0.1755701165517983,39
228,3,436,196,240,0,0,0,1.0,1,1.0,1,1.0,1,0.20608242708851107,38
229,3,439,198,241,0,0,0,1.0,1,1.0,1,1.0,1,0.26530459231087755,39
230,2,441,199,242,0,0,0,1.0,1,1.0,1,1.0,1,0.2111205234093052,38
231,2,443,200,243,0,0,0,1.0,1,1.0,1,1.0,1,0.1651801287694603,38
232,4,447,203,244,0,0,0,1.0,1,1.0,1,1.0,1,0.2423244060599688,37
233,0,447,203,244,0,0,0,1.0,1,1.0,1,1.0,1,0.24186248976070843,36
234,0,447,203,244,0,0,0,1.0,1,1.0,1,1.0,1,0.26289810284941423,34
235,1,448,204,244,0,0,0,1.0,1,1.0,1,1.0,1,0.3248362999890782,34
236,0,448,204,244,0,0,0,1.0,1,1.0,1,1.0,1,0.3621049184863049,33
237,0,448,204,244,0,0,0,1.0,1,1.0,1,1.0,1,0.340349612817066,32
238,1,449,205,244,0,0,0,1.0,1,1.0,1,1.0,1,0.37094664856006593,32
239,5,454,208,246,0,0,0,1.0,1,1.0,1,1.0,1,0.311773216144246,31
240,2,456,208,248,0,0,0,1.0,1,1.0,1,1.0,1,0.2639038080877826,28
241,1,457,209,248,0,0,0,1.0,1,1.0,1,1.0,1,0.2984994316205356,27
242,1,458,209,249,0,0,0,1.0,1,1.0,1,1.0,1,0.3141993508482537,29
243,2,460,210,250,0,0,0,1.0,1,1.0,1,1.0,1,0.29514755621404604,28
244,0,460,210,250,0,0,0,1.0,1,1.0,1,1.0,1,0.2602649469107622,28
245,1,461,211,250,0,0,0,1.0,1,1.0,1,1.0,1,0.2584248394242098,27
246,2,463,213,250,0,0,0,1.0,1,1.0,1,1.0,1,0.30921392961797345,25
247,1,464,213,251,0,0,0,1.0,1,1.0,1,1.0,1,0.28872177845467834,26
248,1,465,213,252,0,0,0,1.0,1,1.0,1,1.0,1,0.2575526960148055,27
249,2,467,215,252,0,0,0,1.0,1,1.0,1,1.0,1,0.28719923818872567,26
250,1,468,215,253,0,0,0,1.0,1,1.0,1,1.0,1,0.29834562034871914,27
251,1,469,215,254,0,0,0,1.0,1,1.0,1,1.0,1,0.2961035279610645,28
252,1,470,216,254,0,0,0,1.0,1,1.0,1,1.0,1,0.2983572816044124,28
253,1,471,217,254,0,0,0,1.0,1,1.0,1,1.0,1,0.2570892524765096,28
254,1,472,217,255,0,0,0,1.0,1,1.0,1,1.0,1,0.2721724271238427,29
255,1,473,218,255,0,0,0,1.0,1,1.0,1,1.0,1,0.3351250277132667,30
256,1,474,219,255,0,0,0,1.0,1,1.0,1,1.0,1,0.2997392816125655,30
257,2,476,220,256,0,0,0,1.0,1,1.0,1,1.0,1,0.3348393202866979,32
258,2,478,222,256,0,0,0,1.0,1,1.0,1,1.0,1,0.3346712988499686,32
259,0,478,222,256,0,0,0,1.0,1,1.0,1,1.0,1,0.3346712988499686,32
260,1,479,223,256,0,0,0,1.0,1,1.0,1,1.0,1,0.331609424631172,34
261,2,481,223,258,0,0,0,1.0,1,1.0,1,1.0,1,0.2993070852620493,35
262,3,484,225,259,0,0,0,1.0,1,1.0,1,1.0,1,0.3936525838953432,36
263,0,484,225,259,0,0,0,1.0,1,1.0,1,1.0,1,0.3758737647577435,34
264,2,486,226,260,0,0,0,1.0,1,1.0,1,1.0,1,0.39267848786691284,34
265,0,486,226,260,0,0,0,1.0,1,1.0,1,1.0,1,0.40186292379972594,33
266,2,488,226,262,0,0,0,1.0,1,1.0,1,1.0,1,0.3731558510651887,34
267,0,488,226,262,0,0,0,1.0,1,1.0,1,1.0,1,0.37136070774845603,33
268,1,489,226,263,0,0,0,1.0,1,1.0,1,1.0,1,0.35285548711720094,34
269,1,490,227,263,0,0,0,1.0,1,1.0,1,1.0,1,0.3374886887070604,34
270,2,492,227,265,0,0,0,1.0,1,1.0,1,1.0,1,0.32201965938962884,36
271,0,492,227,265,0,0,0,1.0,1,1.0,1,1.0,1,0.32201965938962884,36
272,2,494,227,267,0,0,0,1.0,1,1.0,1,1.0,1,0.30975993198776797,38
273,0,494,227,267,0,0,0,1.0,1,1.0,1,1.0,1,0.30975993198776797,38
274,1,495,228,267,0,0,0,1.0,1,1.0,1,1.0,1,0.32356446905776237,38
275,0,495,228,267,0,0,0,1.0,1,1.0,1,1.0,1,0.32356446905776237,38
276,1,496,228,268,0,0,0,1.0,1,1.0,1,1.0,1,0.2914022077139345,39
277,2,498,229,269,0,0,0,1.0,1,1.0,1,1.0,1,0.30315350658017043,38
278,1,499,229,270,0,0,0,1.0,1,1.0,1,1.0,1,0.3328692709732899,38
279,0,499,229,270,0,0,0,1.0,1,1.0,1,1.0,1,0.31571047451025175,38
280,1,500,230,270,0,0,0,1.0,1,1.0,1,1.0,1,0.3538901927835753,38
281,2,502,230,272,0,0,0,1.0,1,1.0,1,1.0,1,0.3000088947846418,38
282,0,502,230,272,0,0,0,1.0,1,1.0,1,1.0,1,0.3005955150496666,38
283,0,502,230,272,0,0,0,1.0,1,1.0,1,1.0,1,0.3005955150496666,38
284,0,502,230,272,0,0,0,1.0,1,1.0,1,1.0,1,0.30442789025592176,39
285,1,503,231,272,0,0,0,1.0,1,1.0,1,1.0,1,0.33682926765947147,39
286,1,504,231,273,0,0,0,1.0,1,1.0,1,1.0,1,0.33071329564399754,39
287,3,507,232,275,0,0,0,1.0,1,1.0,1,1.0,1,0.3728338200615796,39
288,2,509,232,277,0,0,0,1.0,1,1.0,1,1.0,1,0.3100490147153767,39
289,1,510,232,278,0,0,0,1.0,1,1.0,1,1.0,1,0.30249672303914893,39
290,0,510,232,278,0,0,0,1.0,1,1.0,1,1.0,1,0.3027573957159452,39
291,0,510,232,278,0,0,0,1.0,1,1.0,1,1.0,1,0.3027573957159452,39
292,2,512,232,280,0,0,0,1.0,1,1.0,1,1.0,1,0.2746020561465925,40
293,2,514,233,281,0,0,0,1.0,1,1.0,1,1.0,1,0.20372202531062183,41
294,2,516,234,282,0,0,0,1.0,1,1.0,1,1.0,1,0.18250992919606732,40
295,3,519,236,283,0,0,0,1.0,1,1.0,1,1.0,1,0.17359372229214473,42
296,4,523,239,284,0,0,0,1.0,1,1.0,1,1.0,1,0.19571848773562567,42
297,1,524,239,285,0,0,0,1.0,1,1.0,1,1.0,1,0.18355159443810146,43
298,1,525,240,285,0,0,0,1.0,1,1.0,1,1.0,1,0.20001599260643088,44
299,0,525,240,285,0,0,0,1.0,1,1.0,1,1.0,1,0.20001599260643088,44
300,2,527,240,287,0,0,0,1.0,1,1.0,1,1.0,1,0.15487090899981262,45
301,4,531,243,288,0,0,0,1.0,1,1.0,1,1.0,1,0.1642538289592263,47
302,5,536,245,291,0,0,0,1.0,1,1.0,1,1.0,1,0.16558771281199858,46
303,2,538,247,291,0,0,0,1.0,1,1.0,1,1.0,1,0.17928496932641988,45
304,2,540,249,291,0,0,0,1.0,1,1.0,1,1.0,1,0.22326406191614986,45
305,0,540,249,291,0,0,0,1.0,1,1.0,1,1.0,1,0.21163518381085708,43
306,4,544,249,295,0,0,0,1.0,1,1.0,1,1.0,1,0.1750025714466466,44
307,1,545,250,295,0,0,0,1.0,1,1.0,1,1.0,1,0.18441864539900715,42
308,1,546,251,295,0,0,0,1.0,1,1.0,1,1.0,1,0.19857762418728925,41
309,0,546,251,295,0,0,0,1.0,1,1.0,1,1.0,1,0.20618555654624912,42
310,1,547,251,296,0,0,0,1.0,1,1.0,1,1.0,1,0.1773767213232113,41
311,0,547,251,296,0,0,0,1.0,1,1.0,1,1.0,1,0.1773767213232113,41
312,2,549,252,297,0,0,0,1.0,1,1.0,1,1.0,1,0.1585814088058673,44
313,0,549,252,297,0,0,0,1.0,1,1.0,1,1.0,1,0.16482136225215643,43
314,1,550,253,297,0,0,0,1.0,1,1.0,1,1.0,1,0.17172544758214484,43
315,0,550,253,297,0,0,0,1.0,1,1.0,1,1.0,1,0.14446989567609744,43
316,1,551,254,297,0,0,0,1.0,1,1.0,1,1.0,1,0.1760006058532586,43
317,0,551,254,297,0,0,0,1.0,1,1.0,1,1.0,1,0.17910876895548553,44
318,2,553,256,297,0,0,0,1.0,1,1.0,1,1.0,1,0.2595261327682514,45
319,2,555,256,299,0,0,0,1.0,1,1.0,1,1.0,1,0.24071773552757017,46
320,0,555,256,299,0,0,0,1.0,1,1.0,1,1.0,1,0.26166500736228226,45
321,2,557,257,300,0,0,0,1.0,1,1.0,1,1.0,1,0.21957711317492784,44
322,0,557,257,300,0,0,0,1.0,1,1.0,1,1.0,1,0.2228901201019866,42
323,3,560,259,301,0,0,0,1.0,1,1.0,1,1.0,1,0.2167781732292457,42
324,0,560,259,301,0,0,0,1.0,1,1.0,1,1.0,1,0.22412192374703793,43
325,3,563,261,302,0,0,0,1.0,1,1.0,1,1.0,1,0.25313854467560615,43
326,0,563,261,302,0,0,0,1.0,1,1.0,1,1.0,1,0.25313854467560615,43
327,3,566,263,303,0,0,0,1.0,1,1.0,1,1.0,1,0.28432281035093865,44
328,4,570,264,306,0,0,0,1.0,1,1.0,1,1.0,1,0.2544764902169692,44
329,0,570,264,306,0,0,0,1.0,1,1.0,1,1.0,1,0.236475832027022,45
330,0,570,264,306,0,0,0,1.0,1,1.0,1,1.0,1,0.2378354624200014,46
331,3,573,265,308,0,0,0,1.0,1,1.0,1,1.0,1,0.211661407748815,46
332,2,575,265,310,0,0,0,1.0,1,1.0,1,1.0,1,0.16753216909583837,47
333,1,576,265,311,0,0,0,1.0,1,1.0,1,1.0,1,0.1777441280891721,48
334,0,576,265,311,0,0,0,1.0,1,1.0,1,1.0,1,0.1777441280891721,48
335,1,577,266,311,0,0,0,1.0,1,1.0,1,1.0,1,0.18200966678284336,49
336,0,577,266,311,0,0,0,1.0,1,1.0,1,1.0,1,0.18884159541727627,50
337,1,578,267,311,0,0,0,1.0,1,1.0,1,1.0,1,0.20848736511467372,51
338,1,579,267,312,0,0,0,1.0,1,1.0,1,1.0,1,0.19738245470789859,51
339,3,582,268,314,0,0,0,1.0,1,1.0,1,1.0,1,0.17703713442737484,51
340,1,583,269,314,0,0,0,1.0,1,1.0,1,1.0,1,0.19647314771516497,51
341,0,583,269,314,0,0,0,1.0,1,1.0,1,1.0,1,0.19482858261442593,51
342,1,584,270,314,0,0,0,1.0,1,1.0,1,1.0,1,0.2187350055223759,51
343,2,586,270,316,0,0,0,1.0,1,1.0,1,1.0,1,0.1920979351488044,51
344,0,586,270,316,0,0,0,1.0,1,1.0,1,1.0,1,0.19051183295986326,50
345,0,586,270,316,0,0,0,1.0,1,1.0,1,1.0,1,0.19051183295986326,50
346,4,590,273,317,0,0,0,1.0,1,1.0,1,1.0,1,0.21930516960717647,50
347,0,590,273,317,0,0,0,1.0,1,1.0,1,1.0,1,0.2267740263220189,51
348,3,593,275,318,0,0,0,1.0,1,1.0,1,1.0,1,0.25590542427307333,52
349,2,595,277,318,0,0,0,1.0,1,1.0,1,1.0,1,0.27715541653990033,54
350,2,597,277,320,0,0,0,1.0,1,1.0,1,1.0,1,0.296975438292574,54
351,6,603,279,324,0,0,0,1.0,1,1.0,1,1.0,1,0.2150626396000016,54
352,2,605,279,326,0,0,0,1.0,1,1.0,1,1.0,1,0.1867818018466384,56
353,3,608,281,327,0,0,0,1.0,1,1.0,1,1.0,1,0.15106746054036277,54
354,3,611,281,330,0,0,0,1.0,1,1.0,1,1.0,1,0.11984401233028784,53
355,3,614,282,332,0,0,0,1.0,1,1.0,1,1.0,1,0.11208346266508987,54
356,1,615,283,332,0,0,0,1.0,1,1.0,1,1.0,1,0.1372417285814732,54
357,3,618,286,332,0,0,0,1.0,1,1.0,1,1.0,1,0.18492400606032186,53
358,1,619,286,333,0,0,0,1.0,1,1.0,1,1.0,1,0.2188129836801751,49
359,0,619,286,333,0,0,0,1.0,1,1.0,1,1.0,1,0.20880850049867242,48
360,0,619,286,333,0,0,0,1.0,1,1.0,1,1.0,1,0.22637704829784155,47
361,0,619,286,333,0,0,0,1.0,1,1.0,1,1.0,1,0.21178129185289118,46
362,0,619,286,333,0,0,0,1.0,1,1.0,1,1.0,1,0.21367200445943663,46
363,2,621,287,334,0,0,0,1.0,1,1.0,1,1.0,1,0.18575440829512047,47
364,1,622,288,334,0,0,0,1.0,1,1.0,1,1.0,1,0.2235798558805672,47
365,1,623,289,334,0,0,0,1.0,1,1.0,1,1.0,1,0.25151056734174326,47
366,3,626,290,336,0,0,0,1.0,1,1.0,1,1.0,1,0.29950208585057814,50
367,1,627,290,337,0,0,0,1.0,1,1.0,1,1.0,1,0.255895746865811,50
368,1,628,290,338,0,0,0,1.0,1,1.0,1,1.0,1,0.23126260032879556,51
369,0,628,290,338,0,0,0,1.0,1,1.0,1,1.0,1,0.25901994248260846,51
370,0,628,290,338,0,0,0,1.0,1,1.0,1,1.0,1,0.25901994248260846,51
371,4,632,290,342,0,0,0,1.0,1,1.0,1,1.0,1,0.21173537826983083,52
372,0,632,290,342,0,0,0,1.0,1,1.0,1,1.0,1,0.21198989831763673,53
373,3,635,292,343,0,0,0,1.0,1,1.0,1,1.0,1,0.2084871160930501,53
374,2,637,293,344,0,0,0,1.0,1,1.0,1,1.0,1,0.23845012549808087,53
375,3,640,295,345,0,0,0,1.0,1,1.0,1,1.0,1,0.22738833034808664,53
376,3,643,296,347,0,0,0,1.0,1,1.0,1,1.0,1,0.15507254229610437,53
377,3,646,298,348,0,0,0,1.0,1,1.0,1,1.0,1,0.15907187656659066,53
378,1,647,299,348,0,0,0,1.0,1,1.0,1,1.0,1,0.15827764820984194,53
379,1,648,300,348,0,0,0,1.0,1,1.0,1,1.0,1,0.1707767132609077,54
380,0,648,300,348,0,0,0,1.0,1,1.0,1,1.0,1,0.1707767132609077,54
381,4,652,301,351,0,0,0,1.0,1,1.0,1,1.0,1,0.1312191423958575,54
382,3,655,302,353,0,0,0,1.0,1,1.0,1,1.0,1,0.13612332361542698,55
383,1,656,303,353,0,0,0,1.0,1,1.0,1,1.0,1,0.15279455945749698,55
384,1,657,304,353,0,0,0,1.0,1,1.0,1,1.0,1,0.18897835568033985,54
385,2,659,304,355,0,0,0,1.0,1,1.0,1,1.0,1,0.152223769958107,52
386,4,663,305,358,0,0,0,1.0,1,1.0,1,1.0,1,0.11112646554400071,52
387,2,665,307,358,0,0,0,1.0,1,1.0,1,1.0,1,0.1252299195825425,50
388,2,667,307,360,0,0,0,1.0,1,1.0,1,1.0,1,0.10718370620833524,52
389,1,668,308,360,0,0,0,1.0,1,1.0,1,1.0,1,0.1282249323256923,51
390,3,671,310,361,0,0,0,1.0,1,1.0,1,1.0,1,0.12983510973927326,50
391,2,673,311,362,0,0,0,1.0,1,1.0,1,1.0,1,0.10430291970965519,49
392,2,675,313,362,0,0,0,1.0,1,1.0,1,1.0,1,0.14390053939751074,47
393,6,681,316,365,0,0,0,1.0,1,1.0,1,1.0,1,0.160274958491294,47
394,1,682,317,365,0,0,0,1.0,1,1.0,1,1.0,1,0.1743203857459211,48
395,1,683,318,365,0,0,0,1.0,1,1.0,1,1.0,1,0.2767933357475528,46
396,3,686,320,366,0,0,0,1.0,1,1.0,1,1.0,1,0.2891930306311366,43
397,1,687,320,367,0,0,0,1.0,1,1.0,1,1.0,1,0.29072324703585195,42
398,2,689,322,367,0,0,0,1.0,1,1.0,1,1.0,1,0.36340805546755595,40
399,0,689,322,367,0,0,0,1.0,1,1.0,1,1.0,1,0.35346527135649225,39
400,1,690,323,367,0,0,0,1.0,1,1.0,1,1.0,1,0.33173152419736246,38
401,3,693,323,370,0,0,0,1.0,1,1.0,1,1.0,1,0.27669599791107313,37
402,2,695,325,370,0,0,0,1.0,1,1.0,1,1.0,1,0.2519983881594111,36
403,1,696,326,370,0,0,0,1.0,1,1.0,1,1.0,1,0.22704637883602843,38
404,2,698,327,371,0,0,0,1.0,1,1.0,1,1.0,1,0.23034110283842985,39
405,0,698,327,371,0,0,0,1.0,1,1.0,1,1.0,1,0.20219901310443045,40
406,0,698,327,371,0,0,0,1.0,1,1.0,1,1.0,1,0.21238030600615446,41
407,0,698,327,371,0,0,0,1.0,1,1.0,1,1.0,1,0.2052386739853992,42
408,0,698,327,371,0,0,0,1.0,1,1.0,1,1.0,1,0.1886854066395651,43
409,1,699,328,371,0,0,0,1.0,1,1.0,1,1.0,1,0.22455563580662333,44
410,1,700,328,372,0,0,0,1.0,1,1.0,1,1.0,1,0.2238002763473367,46
411,0,700,328,372,0,0,0,1.0,1,1.0,1,1.0,1,0.2238002763473367,46
412,2,702,328,374,0,0,0,1.0,1,1.0,1,1.0,1,0.20279183447180452,47
413,1,703,329,374,0,0,0,1.0,1,1.0,1,1.0,1,0.22965929673157803,47
414,0,703,329,374,0,0,0,1.0,1,1.0,1,1.0,1,0.22965929673157803,47
415,2,705,329,376,0,0,0,1.0,1,1.0,1,1.0,1,0.22233404773649276,48
416,1,706,329,377,0,0,0,1.0,1,1.0,1,1.0,1,0.2151546873877425,49
417,1,707,329,378,0,0,0,1.0,1,1.0,1,1.0,1,0.20697804211976323,49
418,3,710,331,379,0,0,0,1.0,1,1.0,1,1.0,1,0.22014385036962994,50
419,0,710,331,379,0,0,0,1.0,1,1.0,1,1.0,1,0.22014385036962994,50
420,1,711,332,379,0,0,0,1.0,1,1.0,1,1.0,1,0.22982570215387246,50
421,1,712,332,380,0,0,0,1.0,1,1.0,1,1.0,1,0.2082461861059591,50
422,1,713,332,381,0,0,0,1.0,1,1.0,1,1.0,1,0.20931195688748155,50
423,2,715,333,382,0,0,0,1.0,1,1.0,1,1.0,1,0.22678872192950356,51
424,1,716,333,383,0,0,0,1.0,1,1.0,1,1.0,1,0.23718892004904346,49
425,0,716,333,383,0,0,0,1.0,1,1.0,1,1.0,1,0.25611161191758863,48
426,5,721,335,386,0,0,0,1.0,1,1.0,1,1.0,1,0.21968178154120085,50
427,3,724,337,387,0,0,0,1.0,1,1.0,1,1.0,1,0.23624214748733807,48
428,6,730,340,390,0,0,0,1.0,1,1.0,1,1.0,1,0.27420732938261444,49
429,3,733,341,392,0,0,0,1.0,1,1.0,1,1.0,1,0.23205952650163647,45
430,4,737,343,394,0,0,0,1.0,1,1.0,1,1.0,1,0.2611224023707894,44
431,3,740,343,397,0,0,0,1.0,1,1.0,1,1.0,1,0.20295227830507645,42
432,1,741,343,398,0,0,0,1.0,1,1.0,1,1.0,1,0.17899203564010677,40
433,1,742,344,398,0,0,0,1.0,1,1.0,1,1.0,1,0.19738959291604088,39
434,2,744,345,399,0,0,0,1.0,1,1.0,1,1.0,1,0.16976200045864984,39
435,2,746,347,399,0,0,0,1.0,1,1.0,1,1.0,1,0.22746186911352267,38
436,2,748,347,401,0,0,0,1.0,1,1.0,1,1.0,1,0.15557085983129196,38
437,1,749,348,401,0,0,0,1.0,1,1.0,1,1.0,1,0.18881326841261267,39
438,0,749,348,401,0,0,0,1.0,1,1.0,1,1.0,1,0.1995398280168936,38
439,1,750,348,402,0,0,0,1.0,1,1.0,1,1.0,1,0.22104854692194512,39
440,1,751,348,403,0,0,0,1.0,1,1.0,1,1.0,1,0.20579515256547223,39
441,4,755,351,404,0,0,0,1.0,1,1.0,1,1.0,1,0.29435931764307327,41
442,4,759,352,407,0,0,0,1.0,1,1.0,1,1.0,1,0.22829050029413367,42
443,3,762,352,410,0,0,0,1.0,1,1.0,1,1.0,1,0.14953131117156213,42
444,0,762,352,410,0,0,0,1.0,1,1.0,1,1.0,1,0.15655350087361286,43
445,0,762,352,410,0,0,0,1.0,1,1.0,1,1.0,1,0.1731909712869996,44
446,1,763,353,410,0,0,0,1.0,1,1.0,1,1.0,1,0.14145267866083594,44
447,1,764,354,410,0,0,0,1.0,1,1.0,1,1.0,1,0.20037422502234856,47
448,0,764,354,410,0,0,0,1.0,1,1.0,1,1.0,1,0.21498552207589303,46
449,0,764,354,410,0,0,0,1.0,1,1.0,1,1.0,1,0.21498552207589303,46
450,0,764,354,410,0,0,0,1.0,1,1.0,1,1.0,1,0.21518294664003237,46
451,0,764,354,410,0,0,0,1.0,1,1.0,1,1.0,1,0.22423239160418418,47
452,0,764,354,410,0,0,0,1.0,1,1.0,1,1.0,1,0.23670666942921176,47
453,0,764,354,410,0,0,0,1.0,1,1.0,1,1.0,1,0.23670666942921176,47
454,1,765,354,411,0,0,0,1.0,1,1.0,1,1.0,1,0.20636850393761533,46
455,2,767,356,411,0,0,0,1.0,1,1.0,1,1.0,1,0.2241465587048234,47
456,3,770,357,413,0,0,0,1.0,1,1.0,1,1.0,1,0.20139616258143506,49
457,2,772,358,414,0,0,0,1.0,1,1.0,1,1.0,1,0.19334448618693015,50
458,0,772,358,414,0,0,0,1.0,1,1.0,1,1.0,1,0.19334448618693015,50
459,1,773,358,415,0,0,0,1.0,1,1.0,1,1.0,1,0.16435216115455376,52
460,1,774,358,416,0,0,0,1.0,1,1.0,1,1.0,1,0.171273915041357,53
461,0,774,358,416,0,0,0,1.0,1,1.0,1,1.0,1,0.1856630580596089,54
462,1,775,358,417,0,0,0,1.0,1,1.0,1,1.0,1,0.16235563990082127,54
463,2,777,359,418,0,0,0,1.0,1,1.0,1,1.0,1,0.16764953422405837,55
464,2,779,360,419,0,0,0,1.0,1,1.0,1,1.0,1,0.16581770513170188,56
465,1,780,361,419,0,0,0,1.0,1,1.0,1,1.0,1,0.16829781041720493,54
466,4,784,363,421,0,0,0,1.0,1,1.0,1,1.0,1,0.18150427194175978,54
467,2,786,364,422,0,0,0,1.0,1,1.0,1,1.0,1,0.186038762772559,51
468,2,788,366,422,0,0,0,1.0,1,1.0,1,1.0,1,0.2160770877472091,51
469,3,791,368,423,0,0,0,1.0,1,1.0,1,1.0,1,0.22393112465306123,48
470,4,795,371,424,0,0,0,1.0,1,1.0,1,1.0,1,0.203499444676784,47
471,4,799,373,426,0,0,0,1.0,1,1.0,1,1.0,1,0.23614970416516448,44
472,7,806,377,429,0,0,0,1.0,1,1.0,1,1.0,1,0.24222546578467055,43
473,2,808,378,430,0,0,0,1.0,1,1.0,1,1.0,1,0.23693757072930868,41
474,0,808,378,430,0,0,0,1.0,1,1.0,1,1.0,1,0.24590400488016947,39
475,2,810,379,431,0,0,0,1.0,1,1.0,1,1.0,1,0.25213457949946555,40
476,4,814,381,433,0,0,0,1.0,1,1.0,1,1.0,1,0.16958812549176022,38
477,1,815,382,433,0,0,0,1.0,1,1.0,1,1.0,1,0.2458103153366065,35
478,0,815,382,433,0,0,0,1.0,1,1.0,1,1.0,1,0.2517150285471506,35
479,1,816,383,433,0,0,0,1.0,1,1.0,1,1.0,1,0.2597257521005141,32
480,0,816,383,433,0,0,0,1.0,1,1.0,1,1.0,1,0.28461955215449664,32
481,0,816,383,433,0,0,0,1.0,1,1.0,1,1.0,1,0.26439578655368223,33
482,2,818,385,433,0,0,0,1.0,1,1.0,1,1.0,1,0.3011626698590164,34
483,2,820,386,434,0,0,0,1.0,1,1.0,1,1.0,1,0.3049723356128687,32
484,0,820,386,434,0,0,0,1.0,1,1.0,1,1.0,1,0.2807441540272009,33
485,2,822,388,434,0,0,0,1.0,1,1.0,1,1.0,1,0.31683323155422205,34
486,3,825,388,437,0,0,0,1.0,1,1.0,1,1.0,1,0.2782085869229556,36
487,2,827,388,439,0,0,0,1.0,1,1.0,1,1.0,1,0.21491934263156298,36
488,2,829,389,440,0,0,0,1.0,1,1.0,1,1.0,1,0.21685546378296158,37
489,3,832,391,441,0,0,0,1.0,1,1.0,1,1.0,1,0.2602361664532869,38
490,0,832,391,441,0,0,0,1.0,1,1.0,1,1.0,1,0.2602361664532869,38
491,3,835,391,444,0,0,0,1.0,1,1.0,1,1.0,1,0.18529058131179307,37
492,1,836,392,444,0,0,0,1.0,1,1.0,1,1.0,1,0.2062285128542377,37
493,0,836,392,444,0,0,0,1.0,1,1.0,1,1.0,1,0.2062285128542377,37
494,5,841,394,447,0,0,0,1.0,1,1.0,1,1.0,1,0.22617350577316203,39
495,0,841,394,447,0,0,0,1.0,1,1.0,1,1.0,1,0.2287969066273844,40
496,1,842,394,448,0,0,0,1.0,1,1.0,1,1.0,1,0.207947219736527,40
497,1,843,394,449,0,0,0,1.0,1,1.0,1,1.0,1,0.16200088075581517,43
498,2,845,394,451,0,0,0,1.0,1,1.0,1,1.0,1,0.1277604899361493,43
499,0,845,394,451,0,0,0,1.0,1,1.0,1,1.0,1,0.13937274136028827,44
500,1,846,395,451,0,0,0,1.0,1,1.0,1,1.0,1,0.1454393529362514,45
501,1,847,395,452,0,0,0,1.0,1,1.0,1,1.0,1,0.1367387037178891,45
502,2,849,397,452,0,0,0,1.0,1,1.0,1,1.0,1,0.1769828625547044,45
503,2,851,399,452,0,0,0,1.0,1,1.0,1,1.0,1,0.2251554022680072,46
504,3,854,400,454,0,0,0,1.0,1,1.0,1,1.0,1,0.24392807490522853,47
505,0,854,400,454,0,0,0,1.0,1,1.0,1,1.0,1,0.25851385328155574,42
506,1,855,400,455,0,0,0,1.0,1,1.0,1,1.0,1,0.25731844130147336,41
507,0,855,400,455,0,0,0,1.0,1,1.0,1,1.0,1,0.2713084695200874,38
508,3,858,403,455,0,0,0,1.0,1,1.0,1,1.0,1,0.38613824597646984,38
509,0,858,403,455,0,0,0,1.0,1,1.0,1,1.0,1,0.38252616870210593,37
510,0,858,403,455,0,0,0,1.0,1,1.0,1,1.0,1,0.3720567407859599,36
511,4,862,404,458,0,0,0,1.0,1,1.0,1,1.0,1,0.3236017559692043,34
512,0,862,404,458,0,0,0,1.0,1,1.0,1,1.0,1,0.3215789498588266,32
513,0,862,404,458,0,0,0,1.0,1,1.0,1,1.0,1,0.3215789498588266,32
514,1,863,404,459,0,0,0,1.0,1,1.0,1,1.0,1,0.28326638031649787,35
515,1,864,404,460,0,0,0,1.0,1,1.0,1,1.0,1,0.25245596387863317,35
516,1,865,404,461,0,0,0,1.0,1,1.0,1,1.0,1,0.2381359988328982,36
517,0,865,404,461,0,0,0,1.0,1,1.0,1,1.0,1,0.2381359988328982,36
518,1,866,404,462,0,0,0,1.0,1,1.0,1,1.0,1,0.26138992897198665,39
519,1,867,405,462,0,0,0,1.0,1,1.0,1,1.0,1,0.2626693760690998,39
520,1,868,406,462,0,0,0,1.0,1,1.0,1,1.0,1,0.28739116761198824,39
521,2,870,407,463,0,0,0,1.0,1,1.0,1,1.0,1,0.25640792284863495,40
522,1,871,408,463,0,0,0,1.0,1,1.0,1,1.0,1,0.22845411739479038,40
523,1,872,409,463,0,0,0,1.0,1,1.0,1,1.0,1,0.2351853256197397,41
524,0,872,409,463,0,0,0,1.0,1,1.0,1,1.0,1,0.2351853256197397,41
525,4,876,411,465,0,0,0,1.0,1,1.0,1,1.0,1,0.22813940843228173,40
526,2,878,411,467,0,0,0,1.0,1,1.0,1,1.0,1,0.20309423850311337,40
527,1,879,412,467,0,0,0,1.0,1,1.0,1,1.0,1,0.19860932335721304,40
528,1,880,413,467,0,0,0,1.0,1,1.0,1,1.0,1,0.23456090091802348,40
529,0,880,413,467,0,0,0,1.0,1,1.0,1,1.0,1,0.2548499720839189,39
530,0,880,413,467,0,0,0,1.0,1,1.0,1,1.0,1,0.2548499720839189,39
531,2,882,414,468,0,0,0,1.0,1,1.0,1,1.0,1,0.2377653492323665,39
532,0,882,414,468,0,0,0,1.0,1,1.0,1,1.0,1,0.24490067222021197,40
533,2,884,416,468,0,0,0,1.0,1,1.0,1,1.0,1,0.3165215973138076,40
534,2,886,416,470,0,0,0,1.0,1,1.0,1,1.0,1,0.31488047080197284,42
535,2,888,417,471,0,0,0,1.0,1,1.0,1,1.0,1,0.32722230633892474,42
536,1,889,417,472,0,0,0,1.0,1,1.0,1,1.0,1,0.29184824410391436,43
537,0,889,417,472,0,0,0,1.0,1,1.0,1,1.0,1,0.29184824410391436,43
538,1,890,418,472,0,0,0,1.0,1,1.0,1,1.0,1,0.32023743133636196,44
539,1,891,418,473,0,0,0,1.0,1,1.0,1,1.0,1,0.28658093745688307,44
540,0,891,418,473,0,0,0,1.0,1,1.0,1,1.0,1,0.28658093745688307,44
541,2,893,419,474,0,0,0,1.0,1,1.0,1,1.0,1,0.276552645264301,45
542,4,897,420,477,0,0,0,1.0,1,1.0,1,1.0,1,0.2393601707555443,46
543,5,902,423,479,0,0,0,1.0,1,1.0,1,1.0,1,0.2840601638262423,43
544,2,904,425,479,0,0,0,1.0,1,1.0,1,1.0,1,0.3168846099664873,42
545,2,906,426,480,0,0,0,1.0,1,1.0,1,1.0,1,0.30003377569080464,43
546,4,910,428,482,0,0,0,1.0,1,1.0,1,1.0,1,0.3306876433524524,41
547,0,910,428,482,0,0,0,1.0,1,1.0,1,1.0,1,0.2943187726581491,40
548,2,912,430,482,0,0,0,1.0,1,1.0,1,1.0,1,0.3115755081814233,40
549,4,916,432,484,0,0,0,1.0,1,1.0,1,1.0,1,0.32756857726936867,39
550,0,916,432,484,0,0,0,1.0,1,1.0,1,1.0,1,0.31035413264898465,38
551,2,918,433,485,0,0,0,1.0,1,1.0,1,1.0,1,0.31211474416195917,38
552,3,921,434,487,0,0,0,1.0,1,1.0,1,1.0,1,0.3380314060017605,39
553,0,921,434,487,0,0,0,1.0,1,1.0,1,1.0,1,0.3307956247824363,38
554,1,922,435,487,0,0,0,1.0,1,1.0,1,1.0,1,0.3499004810253175,39
555,0,922,435,487,0,0,0,1.0,1,1.0,1,1.0,1,0.353435984600753,39
556,5,927,435,492,0,0,0,1.0,1,1.0,1,1.0,1,0.24874956775680743,40
557,0,927,435,492,0,0,0,1.0,1,1.0,1,1.0,1,0.2647065445082585,40
558,0,927,435,492,0,0,0,1.0,1,1.0,1,1.0,1,0.2647065445082585,40
559,2,929,436,493,0,0,0,1.0,1,1.0,1,1.0,1,0.23575109858606957,40
560,1,930,436,494,0,0,0,1.0,1,1.0,1,1.0,1,0.22340874393471907,41
561,3,933,437,496,0,0,0,1.0,1,1.0,1,1.0,1,0.2074879847756613,42
562,1,934,438,496,0,0,0,1.0,1,1.0,1,1.0,1,0.2260590232611137,42
563,1,935,439,496,0,0,0,1.0,1,1.0,1,1.0,1,0.25865289880068865,42
564,0,935,439,496,0,0,0,1.0,1,1.0,1,1.0,1,0.2764045912360414,43
565,4,939,441,498,0,0,0,1.0,1,1.0,1,1.0,1,0.27888475684598585,44
566,2,941,441,500,0,0,0,1.0,1,1.0,1,1.0,1,0.24697474643249806,45
567,0,941,441,500,0,0,0,1.0,1,1.0,1,1.0,1,0.24697474643249806,45
568,2,943,442,501,0,0,0,1.0,1,1.0,1,1.0,1,0.21170497045492642,46
569,1,944,443,501,0,0,0,1.0,1,1.0,1,1.0,1,0.2045358919419457,47
570,2,946,444,502,0,0,0,1.0,1,1.0,1,1.0,1,0.22086207454829404,48
571,2,948,445,503,0,0,0,1.0,1,1.0,1,1.0,1,0.23444018734211466,48
572,0,948,445,503,0,0,0,1.0,1,1.0,1,1.0,1,0.22334789866186924,47
573,0,948,445,503,0,0,0,1.0,1,1.0,1,1.0,1,0.22686393547625405,49
574,0,948,445,503,0,0,0,1.0,1,1.0,1,1.0,1,0.22686393547625405,49
575,2,950,445,505,0,0,0,1.0,1,1.0,1,1.0,1,0.1867726126458058,50
576,1,951,445,506,0,0,0,1.0,1,1.0,1,1.0,1,0.18016927423008564,51
577,0,951,445,506,0,0,0,1.0,1,1.0,1,1.0,1,0.18016927423008564,51
578,0,951,445,506,0,0,0,1.0,1,1.0,1,1.0,1,0.18016927423008564,51
579,3,954,447,507,0,0,0,1.0,1,1.0,1,1.0,1,0.18350277595561945,52
580,1,955,447,508,0,0,0,1.0,1,1.0,1,1.0,1,0.21096369570278947,52
581,3,958,448,510,0,0,0,1.0,1,1.0,1,1.0,1,0.21681746969130175,52
582,5,963,449,514,0,0,0,1.0,1,1.0,1,1.0,1,0.17096246143460472,53
583,3,966,451,515,0,0,0,1.0,1,1.0,1,1.0,1,0.19611406031915513,51
584,2,968,453,515,0,0,0,1.0,1,1.0,1,1.0,1,0.19509066407878703,51
585,3,971,456,515,0,0,0,1.0,1,1.0,1,1.0,1,0.210504815027229,49
586,5,976,460,516,0,0,0,1.0,1,1.0,1,1.0,1,0.18203012557854764,49
587,2,978,461,517,0,0,0,1.0,1,1.0,1,1.0,1,0.16208782412633135,48
588,2,980,463,517,0,0,0,1.0,1,1.0,1,1.0,1,0.15833377929575518,46
589,2,982,464,518,0,0,0,1.0,1,1.0,1,1.0,1,0.16934683753857688,48
590,0,982,464,518,0,0,0,1.0,1,1.0,1,1.0,1,0.17556690370269998,47
591,2,984,466,518,0,0,0,1.0,1,1.0,1,1.0,1,0.2186077770569128,48
592,1,985,466,519,0,0,0,1.0,1,1.0,1,1.0,1,0.17392529057718428,47
593,1,986,467,519,0,0,0,1.0,1,1.0,1,1.0,1,0.18397242442958725,45
594,0,986,467,519,0,0,0,1.0,1,1.0,1,1.0,1,0.1729477379375045,44
595,2,988,469,519,0,0,0,1.0,1,1.0,1,1.0,1,0.21550769542039105,43
596,4,992,471,521,0,0,0,1.0,1,1.0,1,1.0,1,0.2496171674005637,44
597,0,992,471,521,0,0,0,1.0,1,1.0,1,1.0,1,0.24116866489500582,43
598,2,994,473,521,0,0,0,1.0,1,1.0,1,1.0,1,0.28103500625066696,45
599,4,998,476,522,0,0,0,1.0,1,1.0,1,1.0,1,0.27520128614088685,44
600,1,999,476,523,0,0,0,1.0,1,1.0,1,1.0,1,0.24863813713023528,44
601,1,1000,476,524,0,0,0,1.0,1,1.0,1,1.0,1,0.24654956776937534,45
602,1,1001,476,525,0,0,0,1.0,1,1.0,1,1.0,1,0.25555425907974133,46
603,0,1001,476,525,0,0,0,1.0,1,1.0,1,1.0,1,0.256182223319946,46
604,3,1004,476,528,0,0,0,1.0,1,1.0,1,1.0,1,0.17046319553294279,47
605,1,1005,477,528,0,0,0,1.0,1,1.0,1,1.0,1,0.17124153346439064,47
606,0,1005,477,528,0,0,0,1.0,1,1.0,1,1.0,1,0.185523027217589,47
607,0,1005,477,528,0,0,0,1.0,1,1.0,1,1.0,1,0.19774892286067342,48
608,0,1005,477,528,0,0,0,1.0,1,1.0,1,1.0,1,0.21339489987670943,47
609,0,1005,477,528,0,0,0,1.0,1,1.0,1,1.0,1,0.2172669486254949,48
610,3,1008,477,531,0,0,0,1.0,1,1.0,1,1.0,1,0.1426550970901875,48
611,1,1009,478,531,0,0,0,1.0,1,1.0,1,1.0,1,0.1330371322966318,49
612,0,1009,478,531,0,0,0,1.0,1,1.0,1,1.0,1,0.16478885284488434,50
613,2,1011,479,532,0,0,0,1.0,1,1.0,1,1.0,1,0.149024200830541,50
614,0,1011,479,532,0,0,0,1.0,1,1.0,1,1.0,1,0.149024200830541,50
615,1,1012,480,532,0,0,0,1.0,1,1.0,1,1.0,1,0.14874965397785714,50
616,2,1014,481,533,0,0,0,1.0,1,1.0,1,1.0,1,0.15278554692044014,50
617,0,1014,481,533,0,0,0,1.0,1,1.0,1,1.0,1,0.16564598050242044,52
618,1,1015,481,534,0,0,0,1.0,1,1.0,1,1.0,1,0.15919768700287398,52
619,0,1015,481,534,0,0,0,1.0,1,1.0,1,1.0,1,0.17843720585155737,50
620,0,1015,481,534,0,0,0,1.0,1,1.0,1,1.0,1,0.1738189521136333,50
621,1,1016,482,534,0,0,0,1.0,1,1.0,1,1.0,1,0.18098395351948526,49
622,3,1019,483,536,0,0,0,1.0,1,1.0,1,1.0,1,0.1673990245659366,49
623,3,1022,486,536,0,0,0,1.0,1,1.0,1,1.0,1,0.22509594768679317,48
624,2,1024,487,537,0,0,0,1.0,1,1.0,1,1.0,1,0.24386871052239975,46
625,1,1025,488,537,0,0,0,1.0,1,1.0,1,1.0,1,0.20954181830690363,45
626,5,1030,491,539,0,0,0,1.0,1,1.0,1,1.0,1,0.22726397246252325,44
627,4,1034,494,540,0,0,0,1.0,1,1.0,1,1.0,1,0.20164902644790805,44
628,2,1036,496,540,0,0,0,1.0,1,1.0,1,1.0,1,0.23228399096066363,44
629,2,1038,497,541,0,0,0,1.0,1,1.0,1,1.0,1,0.21601316448495683,41
630,3,1041,500,541,0,0,0,1.0,1,1.0,1,1.0,1,0.34480354414485065,40
631,7,1048,503,545,0,0,0,1.0,1,1.0,1,1.0,1,0.2872898878462333,38
632,1,1049,504,545,0,0,0,1.0,1,1.0,1,1.0,1,0.30516102181318355,38
633,0,1049,504,545,0,0,0,1.0,1,1.0,1,1.0,1,0.30355910894336546,36
634,0,1049,504,545,0,0,0,1.0,1,1.0,1,1.0,1,0.29937658624529,35
635,0,1049,504,545,0,0,0,1.0,1,1.0,1,1.0,1,0.29937658624529,35
636,5,1054,506,548,0,0,0,1.0,1,1.0,1,1.0,1,0.2988323761323354,36
637,2,1056,506,550,0,0,0,1.0,1,1.0,1,1.0,1,0.2400489947609179,35
638,1,1057,507,550,0,0,0,1.0,1,1.0,1,1.0,1,0.2804610562048996,34
639,2,1059,508,551,0,0,0,1.0,1,1.0,1,1.0,1,0.2703448740323838,36
640,3,1062,509,553,0,0,0,1.0,1,1.0,1,1.0,1,0.2719992885911475,37
641,0,1062,509,553,0,0,0,1.0,1,1.0,1,1.0,1,0.2719992885911475,37
642,0,1062,509,553,0,0,0,1.0,1,1.0,1,1.0,1,0.2410541263058547,38
643,3,1065,509,556,0,0,0,1.0,1,1.0,1,1.0,1,0.1915099771834414,39
644,1,1066,510,556,0,0,0,1.0,1,1.0,1,1.0,1,0.20019227995968214,39
645,2,1068,510,558,0,0,0,1.0,1,1.0,1,1.0,1,0.16525557721223086,39
646,2,1070,511,559,0,0,0,1.0,1,1.0,1,1.0,1,0.20905541446952627,40
647,0,1070,511,559,0,0,0,1.0,1,1.0,1,1.0,1,0.20905541446952627,40
648,1,1071,512,559,0,0,0,1.0,1,1.0,1,1.0,1,0.23607822422196847,40
649,0,1071,512,559,0,0,0,1.0,1,1.0,1,1.0,1,0.23607822422196847,40
650,4,1075,513,562,0,0,0,1.0,1,1.0,1,1.0,1,0.2361102455842703,41
651,3,1078,514,564,0,0,0,1.0,1,1.0,1,1.0,1,0.18215950488408747,42
652,0,1078,514,564,0,0,0,1.0,1,1.0,1,1.0,1,0.2070717788480278,41
653,0,1078,514,564,0,0,0,1.0,1,1.0,1,1.0,1,0.2070717788480278,41
654,1,1079,514,565,0,0,0,1.0,1,1.0,1,1.0,1,0.21191382174995868,42
655,0,1079,514,565,0,0,0,1.0,1,1.0,1,1.0,1,0.21194870521022044,45
656,3,1082,517,565,0,0,0,1.0,1,1.0,1,1.0,1,0.2643176698437733,45
657,2,1084,517,567,0,0,0,1.0,1,1.0,1,1.0,1,0.24796432280449987,43
658,2,1086,519,567,0,0,0,1.0,1,1.0,1,1.0,1,0.3266117068156059,43
659,0,1086,519,567,0,0,0,1.0,1,1.0,1,1.0,1,0.2920197366949204,43
660,5,1091,521,570,0,0,0,1.0,1,1.0,1,1.0,1,0.34163920600265313,43
661,3,1094,522,572,0,0,0,1.0,1,1.0,1,1.0,1,0.3218963321854714,41
662,3,1097,524,573,0,0,0,1.0,1,1.0,1,1.0,1,0.3791192343832763,40
663,3,1100,526,574,0,0,0,1.0,1,1.0,1,1.0,1,0.35594162710519694,39
664,3,1103,528,575,0,0,0,1.0,1,1.0,1,1.0,1,0.3858383424472235,36
665,3,1106,529,577,0,0,0,1.0,1,1.0,1,1.0,1,0.30689750189558135,36
666,4,1110,529,581,0,0,0,1.0,1,1.0,1,1.0,1,0.2358188475069167,36
667,1,1111,530,581,0,0,0,1.0,1,1.0,1,1.0,1,0.24043601362244416,35
668,2,1113,531,582,0,0,0,1.0,1,1.0,1,1.0,1,0.17293541631896944,34
669,0,1113,531,582,0,0,0,1.0,1,1.0,1,1.0,1,0.19080663715243737,34
670,3,1116,532,584,0,0,0,1.0,1,1.0,1,1.0,1,0.2212721822207403,32
671,1,1117,533,584,0,0,0,1.0,1,1.0,1,1.0,1,0.20055494090197304,33
672,0,1117,533,584,0,0,0,1.0,1,1.0,1,1.0,1,0.2370740668015703,32
673,1,1118,534,584,0,0,0,1.0,1,1.0,1,1.0,1,0.22551954872923016,32
674,1,1119,535,584,0,0,0,1.0,1,1.0,1,1.0,1,0.2658898073384425,32
675,5,1124,536,588,0,0,0,1.0,1,1.0,1,1.0,1,0.23369854102249102,34
676,3,1127,536,591,0,0,0,1.0,1,1.0,1,1.0,1,0.1531025290464435,35
677,1,1128,537,591,0,0,0,1.0,1,1.0,1,1.0,1,0.145319582930539,35
678,1,1129,538,591,0,0,0,1.0,1,1.0,1,1.0,1,0.18250521101464087,35
679,3,1132,539,593,0,0,0,1.0,1,1.0,1,1.0,1,0.1791869338522749,36
680,1,1133,540,593,0,0,0,1.0,1,1.0,1,1.0,1,0.14942864910808148,37
681,0,1133,540,593,0,0,0,1.0,1,1.0,1,1.0,1,0.14942864910808148,37
682,1,1134,541,593,0,0,0,1.0,1,1.0,1,1.0,1,0.14784514990151287,37
683,1,1135,542,593,0,0,0,1.0,1,1.0,1,1.0,1,0.19199642156718383,38
684,1,1136,543,593,0,0,0,1.0,1,1.0,1,1.0,1,0.2267199679585285,39
685,1,1137,543,594,0,0,0,1.0,1,1.0,1,1.0,1,0.1668907120884762,38
686,0,1137,543,594,0,0,0,1.0,1,1.0,1,1.0,1,0.1645854665520404,37
687,1,1138,544,594,0,0,0,1.0,1,1.0,1,1.0,1,0.23571848345007185,38
688,0,1138,544,594,0,0,0,1.0,1,1.0,1,1.0,1,0.2743913372416397,37
689,3,1141,546,595,0,0,0,1.0,1,1.0,1,1.0,1,0.27516327404184066,39
690,1,1142,546,596,0,0,0,1.0,1,1.0,1,1.0,1,0.25689526471350327,38
691,2,1144,547,597,0,0,0,1.0,1,1.0,1,1.0,1,0.20072950301648063,38
692,1,1145,548,597,0,0,0,1.0,1,1.0,1,1.0,1,0.2370078953914759,38
693,2,1147,549,598,0,0,0,1.0,1,1.0,1,1.0,1,0.22520907120802566,40
694,2,1149,551,598,0,0,0,1.0,1,1.0,1,1.0,1,0.27637849336981646,42
695,2,1151,552,599,0,0,0,1.0,1,1.0,1,1.0,1,0.2549761960895246,40
696,2,1153,552,601,0,0,0,1.0,1,1.0,1,1.0,1,0.18929883305293072,39
697,0,1153,552,601,0,0,0,1.0,1,1.0,1,1.0,1,0.19213014524534208,39
698,2,1155,553,602,0,0,0,1.0,1,1.0,1,1.0,1,0.18613280364797125,37
699,0,1155,553,602,0,0,0,1.0,1,1.0,1,1.0,1,0.1752616021540992,37
700,2,1157,553,604,0,0,0,1.0,1,1.0,1,1.0,1,0.19694394361698392,37
701,4,1161,555,606,0,0,0,1.0,1,1.0,1,1.0,1,0.1848429684639261,37
702,2,1163,556,607,0,0,0,1.0,1,1.0,1,1.0,1,0.18742116416088303,38
703,2,1165,557,608,0,0,0,1.0,1,1.0,1,1.0,1,0.17248464726856982,36
704,2,1167,559,608,0,0,0,1.0,1,1.0,1,1.0,1,0.2275672490811039,36
705,1,1168,560,608,0,0,0,1.0,1,1.0,1,1.0,1,0.24202795001087948,36
706,5,1173,563,610,0,0,0,1.0,1,1.0,1,1.0,1,0.24964196277299025,35
707,2,1175,565,610,0,0,0,1.0,1,1.0,1,1.0,1,0.28208339911558217,36
708,2,1177,566,611,0,0,0,1.0,1,1.0,1,1.0,1,0.28064759189795857,36
709,0,1177,566,611,0,0,0,1.0,1,1.0,1,1.0,1,0.2924572591994874,34
710,1,1178,567,611,0,0,0,1.0,1,1.0,1,1.0,1,0.2759972850722482,34
711,2,1180,567,613,0,0,0,1.0,1,1.0,1,1.0,1,0.24361660296738955,34
712,4,1184,570,614,0,0,0,1.0,1,1.0,1,1.0,1,0.2760202992066814,35
713,2,1186,571,615,0,0,0,1.0,1,1.0,1,1.0,1,0.27116842741140224,34
714,1,1187,572,615,0,0,0,1.0,1,1.0,1,1.0,1,0.2734208129182632,34
715,1,1188,572,616,0,0,0,1.0,1,1.0,1,1.0,1,0.27708700049559865,35
716,1,1189,573,616,0,0,0,1.0,1,1.0,1,1.0,1,0.3138253548757907,33
717,4,1193,575,618,0,0,0,1.0,1,1.0,1,1.0,1,0.37650368485552344,33
718,3,1196,576,620,0,0,0,1.0,1,1.0,1,1.0,1,0.410607840572479,32
719,2,1198,576,622,0,0,0,1.0,1,1.0,1,1.0,1,0.35290337423605517,32
720,2,1200,577,623,0,0,0,1.0,1,1.0,1,1.0,1,0.3173162302317628,33
721,5,1205,578,627,0,0,0,1.0,1,1.0,1,1.0,1,0.1939852898623605,33
722,0,1205,578,627,0,0,0,1.0,1,1.0,1,1.0,1,0.21032410029030074,34
723,0,1205,578,627,0,0,0,1.0,1,1.0,1,1.0,1,0.21032410029030074,34
724,0,1205,578,627,0,0,0,1.0,1,1.0,1,1.0,1,0.23478020577892478,36
725,0,1205,578,627,0,0,0,1.0,1,1.0,1,1.0,1,0.23478020577892478,36
726,0,1205,578,627,0,0,0,1.0,1,1.0,1,1.0,1,0.23478020577892478,36
727,0,1205,578,627,0,0,0,1.0,1,1.0,1,1.0,1,0.23478020577892478,36
728,2,1207,579,628,0,0,0,1.0,1,1.0,1,1.0,1,0.23861045771927747,37
729,0,1207,579,628,0,0,0,1.0,1,1.0,1,1.0,1,0.2592046681785796,37
730,2,1209,579,630,0,0,0,1.0,1,1.0,1,1.0,1,0.2214232438196263,38
731,1,1210,579,631,0,0,0,1.0,1,1.0,1,1.0,1,0.23571213200857433,39
732,0,1210,579,631,0,0,0,1.0,1,1.0,1,1.0,1,0.21457211905217988,41
733,2,1212,581,631,0,0,0,1.0,1,1.0,1,1.0,1,0.20178002787065843,39
734,2,1214,583,631,0,0,0,1.0,1,1.0,1,1.0,1,0.2841307948876098,39
735,2,1216,584,632,0,0,0,1.0,1,1.0,1,1.0,1,0.29927927367751184,39
736,1,1217,584,633,0,0,0,1.0,1,1.0,1,1.0,1,0.26701455115755834,38
737,1,1218,585,633,0,0,0,1.0,1,1.0,1,1.0,1,0.30416387109405973,39
738,0,1218,585,633,0,0,0,1.0,1,1.0,1,1.0,1,0.3267659764262122,37
739,1,1219,586,633,0,0,0,1.0,1,1.0,1,1.0,1,0.36442347465404085,37
740,0,1219,586,633,0,0,0,1.0,1,1.0,1,1.0,1,0.34658723672781955,35
741,0,1219,586,633,0,0,0,1.0,1,1.0,1,1.0,1,0.32242838816184866,33
742,1,1220,587,633,0,0,0,1.0,1,1.0,1,1.0,1,0.35787203582445437,35
743,5,1225,589,636,0,0,0,1.0,1,1.0,1,1.0,1,0.31249207162243214,35
744,2,1227,591,636,0,0,0,1.0,1,1.0,1,1.0,1,0.2855404624607238,34
745,1,1228,592,636,0,0,0,1.0,1,1.0,1,1.0,1,0.3159293898249903,34
746,3,1231,594,637,0,0,0,1.0,1,1.0,1,1.0,1,0.2557382771334096,33
747,1,1232,594,638,0,0,0,1.0,1,1.0,1,1.0,1,0.2055834424272121,32
748,0,1232,594,638,0,0,0,1.0,1,1.0,1,1.0,1,0.20353835698829692,33
749,0,1232,594,638,0,0,0,1.0,1,1.0,1,1.0,1,0.20353835698829692,33
750,1,1233,595,638,0,0,0,1.0,1,1.0,1,1.0,1,0.23012462767162895,34
751,4,1237,597,640,0,0,0,1.0,1,1.0,1,1.0,1,0.23894314605156772,36
752,1,1238,598,640,0,0,0,1.0,1,1.0,1,1.0,1,0.21723894969114038,35
753,1,1239,599,640,0,0,0,1.0,1,1.0,1,1.0,1,0.27040993377700695,37
754,4,1243,601,642,0,0,0,1.0,1,1.0,1,1.0,1,0.28954563301135955,37
755,2,1245,601,644,0,0,0,1.0,1,1.0,1,1.0,1,0.2315220224607303,35
756,2,1247,602,645,0,0,0,1.0,1,1.0,1,1.0,1,0.2868166017595757,36
757,1,1248,602,646,0,0,0,1.0,1,1.0,1,1.0,1,0.2499919346280442,35
758,0,1248,602,646,0,0,0,1.0,1,1.0,1,1.0,1,0.261699034530669,36
759,0,1248,602,646,0,0,0,1.0,1,1.0,1,1.0,1,0.26603347841772446,37
760,0,1248,602,646,0,0,0,1.0,1,1.0,1,1.0,1,0.2888655661855591,36
761,1,1249,602,647,0,0,0,1.0,1,1.0,1,1.0,1,0.2738880859381641,36
762,0,1249,602,647,0,0,0,1.0,1,1.0,1,1.0,1,0.28585192899320055,37
763,0,1249,602,647,0,0,0,1.0,1,1.0,1,1.0,1,0.2954856140353292,38
764,0,1249,602,647,0,0,0,1.0,1,1.0,1,1.0,1,0.2954856140353292,38
765,0,1249,602,647,0,0,0,1.0,1,1.0,1,1.0,1,0.2954856140353292,38
766,1,1250,602,648,0,0,0,1.0,1,1.0,1,1.0,1,0.2731091227100085,40
767,0,1250,602,648,0,0,0,1.0,1,1.0,1,1.0,1,0.2865820541609153,41
768,3,1253,603,650,0,0,0,1.0,1,1.0,1,1.0,1,0.28444125203148146,41
769,0,1253,603,650,0,0,0,1.0,1,1.0,1,1.0,1,0.29394766348721096,42
770,2,1255,604,651,0,0,0,1.0,1,1.0,1,1.0,1,0.30835741983780784,41
771,2,1257,604,653,0,0,0,1.0,1,1.0,1,1.0,1,0.31717343443285023,41
772,3,1260,606,654,0,0,0,1.0,1,1.0,1,1.0,1,0.2972707932292614,41
773,1,1261,606,655,0,0,0,1.0,1,1.0,1,1.0,1,0.260158759736718,41
774,2,1263,608,655,0,0,0,1.0,1,1.0,1,1.0,1,0.2723072009219878,42
775,1,1264,608,656,0,0,0,1.0,1,1.0,1,1.0,1,0.2654885993258276,42
776,1,1265,608,657,0,0,0,1.0,1,1.0,1,1.0,1,0.2367780632860639,42
777,0,1265,608,657,0,0,0,1.0,1,1.0,1,1.0,1,0.2367780632860639,42
778,3,1268,609,659,0,0,0,1.0,1,1.0,1,1.0,1,0.24736157389769,44
779,0,1268,609,659,0,0,0,1.0,1,1.0,1,1.0,1,0.24736157389769,44
780,0,1268,609,659,0,0,0,1.0,1,1.0,1,1.0,1,0.24736157389769,44
781,0,1268,609,659,0,0,0,1.0,1,1.0,1,1.0,1,0.24918363340427385,46
782,2,1270,610,660,0,0,0,1.0,1,1.0,1,1.0,1,0.26414825210573833,45
783,1,1271,611,660,0,0,0,1.0,1,1.0,1,1.0,1,0.30604947215695943,44
784,2,1273,611,662,0,0,0,1.0,1,1.0,1,1.0,1,0.2640162547533911,44
785,2,1275,612,663,0,0,0,1.0,1,1.0,1,1.0,1,0.24600443920732873,43
786,2,1277,613,664,0,0,0,1.0,1,1.0,1,1.0,1,0.22097350447470931,43
787,0,1277,613,664,0,0,0,1.0,1,1.0,1,1.0,1,0.22097350447470931,43
788,4,1281,615,666,0,0,0,1.0,1,1.0,1,1.0,1,0.25314064470303566,45
789,2,1283,616,667,0,0,0,1.0,1,1.0,1,1.0,1,0.2114438075706122,46
790,1,1284,616,668,0,0,0,1.0,1,1.0,1,1.0,1,0.23125663389296564,45
791,1,1285,616,669,0,0,0,1.0,1,1.0,1,1.0,1,0.22882811192501679,46
792,1,1286,616,670,0,0,0,1.0,1,1.0,1,1.0,1,0.23254985996756852,46
793,2,1288,616,672,0,0,0,1.0,1,1.0,1,1.0,1,0.18084394466693013,46
794,2,1290,617,673,0,0,0,1.0,1,1.0,1,1.0,1,0.1989557756659795,47
795,1,1291,617,674,0,0,0,1.0,1,1.0,1,1.0,1,0.18647243101180272,47
796,3,1294,618,676,0,0,0,1.0,1,1.0,1,1.0,1,0.19377409568266551,46
797,4,1298,621,677,0,0,0,1.0,1,1.0,1,1.0,1,0.22549631037577086,47
798,3,1301,623,678,0,0,0,1.0,1,1.0,1,1.0,1,0.2326679566368355,48
799,0,1301,623,678,0,0,0,1.0,1,1.0,1,1.0,1,0.2326679566368355,48
800,1,1302,624,678,0,0,0,1.0,1,1.0,1,1.0,1,0.2563587755362938,48
801,4,1306,624,682,0,0,0,1.0,1,1.0,1,1.0,1,0.18078117809677513,49
802,1,1307,624,683,0,0,0,1.0,1,1.0,1,1.0,1,0.15053317914351308,50
803,0,1307,624,683,0,0,0,1.0,1,1.0,1,1.0,1,0.15126277606715083,49
804,4,1311,626,685,0,0,0,1.0,1,1.0,1,1.0,1,0.1471081012050546,50
805,3,1314,626,688,0,0,0,1.0,1,1.0,1,1.0,1,0.13716560330640667,50
806,1,1315,626,689,0,0,0,1.0,1,1.0,1,1.0,1,0.11205891548155457,50
807,1,1316,626,690,0,0,0,1.0,1,1.0,1,1.0,1,0.1154129924093906,51
808,1,1317,627,690,0,0,0,1.0,1,1.0,1,1.0,1,0.14540690806170492,51
809,2,1319,628,691,0,0,0,1.0,1,1.0,1,1.0,1,0.15696139678362628,51
810,3,1322,629,693,0,0,0,1.0,1,1.0,1,1.0,1,0.19125100721970234,52
811,2,1324,630,694,0,0,0,1.0,1,1.0,1,1.0,1,0.18265912945587048,50
812,3,1327,632,695,0,0,0,1.0,1,1.0,1,1.0,1,0.1885414619774717,48
813,1,1328,633,695,0,0,0,1.0,1,1.0,1,1.0,1,0.1967718986943872,49
814,0,1328,633,695,0,0,0,1.0,1,1.0,1,1.0,1,0.17649303637467784,48
815,3,1331,635,696,0,0,0,1.0,1,1.0,1,1.0,1,0.21677619297367365,48
816,0,1331,635,696,0,0,0,1.0,1,1.0,1,1.0,1,0.19975703165391487,46
817,0,1331,635,696,0,0,0,1.0,1,1.0,1,1.0,1,0.23831264101820737,44
818,1,1332,635,697,0,0,0,1.0,1,1.0,1,1.0,1,0.21844900673038883,46
819,0,1332,635,697,0,0,0,1.0,1,1.0,1,1.0,1,0.24398472068944652,44
820,1,1333,636,697,0,0,0,1.0,1,1.0,1,1.0,1,0.287589604585965,44
821,2,1335,636,699,0,0,0,1.0,1,1.0,1,1.0,1,0.24258850880485722,44
822,4,1339,638,701,0,0,0,1.0,1,1.0,1,1.0,1,0.26179877865353113,44
823,2,1341,639,702,0,0,0,1.0,1,1.0,1,1.0,1,0.22573912960620135,42
824,4,1345,641,704,0,0,0,1.0,1,1.0,1,1.0,1,0.21578950482391954,42
825,2,1347,643,704,0,0,0,1.0,1,1.0,1,1.0,1,0.2218645413318807,40
826,6,1353,646,707,0,0,0,1.0,1,1.0,1,1.0,1,0.18250958999839095,41
827,1,1354,647,707,0,0,0,1.0,1,1.0,1,1.0,1,0.18285414538305245,40
828,3,1357,650,707,0,0,0,1.0,1,1.0,1,1.0,1,0.16517584629160467,40
829,1,1358,651,707,0,0,0,1.0,1,1.0,1,1.0,1,0.19800264151991182,42
830,3,1361,653,708,0,0,0,1.0,1,1.0,1,1.0,1,0.21673819163313196,42
831,4,1365,655,710,0,0,0,1.0,1,1.0,1,1.0,1,0.222080990679109,43
832,0,1365,655,710,0,0,0,1.0,1,1.0,1,1.0,1,0.2166269366910561,42
833,2,1367,655,712,0,0,0,1.0,1,1.0,1,1.0,1,0.20136985392541326,41
834,2,1369,657,712,0,0,0,1.0,1,1.0,1,1.0,1,0.23179362441284795,41
835,1,1370,657,713,0,0,0,1.0,1,1.0,1,1.0,1,0.23039776650508587,41
836,2,1372,657,715,0,0,0,1.0,1,1.0,1,1.0,1,0.1739176512878327,40
837,0,1372,657,715,0,0,0,1.0,1,1.0,1,1.0,1,0.1746941874360474,41
838,1,1373,658,715,0,0,0,1.0,1,1.0,1,1.0,1,0.21322456381177582,41
839,3,1376,660,716,0,0,0,1.0,1,1.0,1,1.0,1,0.19276162145026474,41
840,1,1377,661,716,0,0,0,1.0,1,1.0,1,1.0,1,0.24846016290344722,42
841,4,1381,662,719,0,0,0,1.0,1,1.0,1,1.0,1,0.1465570596214155,42
842,0,1381,662,719,0,0,0,1.0,1,1.0,1,1.0,1,0.1465570596214155,42
843,2,1383,664,719,0,0,0,1.0,1,1.0,1,1.0,1,0.18259046366389187,42
844,1,1384,664,720,0,0,0,1.0,1,1.0,1,1.0,1,0.1928123442580534,42
845,2,1386,664,722,0,0,0,1.0,1,1.0,1,1.0,1,0.2540858653594893,44
846,2,1388,664,724,0,0,0,1.0,1,1.0,1,1.0,1,0.2264288314747381,44
847,1,1389,665,724,0,0,0,1.0,1,1.0,1,1.0,1,0.221823928610297,42
848,1,1390,665,725,0,0,0,1.0,1,1.0,1,1.0,1,0.2375714082307088,43
849,1,1391,665,726,0,0,0,1.0,1,1.0,1,1.0,1,0.2240355769600628,43
850,4,1395,666,729,0,0,0,1.0,1,1.0,1,1.0,1,0.28237379528819795,41
851,3,1398,667,731,0,0,0,1.0,1,1.0,1,1.0,1,0.21553318947125358,40
852,0,1398,667,731,0,0,0,1.0,1,1.0,1,1.0,1,0.21553318947125358,40
853,1,1399,668,731,0,0,0,1.0,1,1.0,1,1.0,1,0.23108663387972114,40
854,3,1402,669,733,0,0,0,1.0,1,1.0,1,1.0,1,0.19079793039547543,40
855,1,1403,670,733,0,0,0,1.0,1,1.0,1,1.0,1,0.19748147802426527,41
856,4,1407,671,736,0,0,0,1.0,1,1.0,1,1.0,1,0.17514726702023328,41
857,1,1408,672,736,0,0,0,1.0,1,1.0,1,1.0,1,0.15917783723299564,42
858,0,1408,672,736,0,0,0,1.0,1,1.0,1,1.0,1,0.17390868149220362,43
859,0,1408,672,736,0,0,0,1.0,1,1.0,1,1.0,1,0.17390868149220362,43
860,2,1410,674,736,0,0,0,1.0,1,1.0,1,1.0,1,0.22835114362054507,44
861,4,1414,675,739,0,0,0,1.0,1,1.0,1,1.0,1,0.22009183126018247,44
862,2,1416,675,741,0,0,0,1.0,1,1.0,1,1.0,1,0.1864914209606626,44
863,3,1419,677,742,0,0,0,1.0,1,1.0,1,1.0,1,0.23758804169317763,44
864,2,1421,678,743,0,0,0,1.0,1,1.0,1,1.0,1,0.2496666580461934,44
865,2,1423,679,744,0,0,0,1.0,1,1.0,1,1.0,1,0.20276813238394886,43
866,4,1427,682,745,0,0,0,1.0,1,1.0,1,1.0,1,0.23940619064020097,45
867,0,1427,682,745,0,0,0,1.0,1,1.0,1,1.0,1,0.21043043816782028,44
868,0,1427,682,745,0,0,0,1.0,1,1.0,1,1.0,1,0.22266657205546983,45
869,3,1430,684,746,0,0,0,1.0,1,1.0,1,1.0,1,0.19794288204462882,44
870,0,1430,684,746,0,0,0,1.0,1,1.0,1,1.0,1,0.19794288204462882,44
871,4,1434,686,748,0,0,0,1.0,1,1.0,1,1.0,1,0.14129968811715563,43
872,2,1436,686,750,0,0,0,1.0,1,1.0,1,1.0,1,0.0963367104537039,43
873,1,1437,687,750,0,0,0,1.0,1,1.0,1,1.0,1,0.13977157886250963,43
874,5,1442,689,753,0,0,0,1.0,1,1.0,1,1.0,1,0.14475921503763942,46
875,1,1443,690,753,0,0,0,1.0,1,1.0,1,1.0,1,0.129390072081713,43
876,1,1444,690,754,0,0,0,1.0,1,1.0,1,1.0,1,0.11853380905909656,44
877,0,1444,690,754,0,0,0,1.0,1,1.0,1,1.0,1,0.14105599680876196,44
878,3,1447,692,755,0,0,0,1.0,1,1.0,1,1.0,1,0.18434490655895652,44
879,0,1447,692,755,0,0,0,1.0,1,1.0,1,1.0,1,0.18434490655895652,44
880,2,1449,694,755,0,0,0,1.0,1,1.0,1,1.0,1,0.2561260072783976,44
881,1,1450,694,756,0,0,0,1.0,1,1.0,1,1.0,1,0.2287148418618788,43
882,3,1453,695,758,0,0,0,1.0,1,1.0,1,1.0,1,0.19693472292853587,45
883,2,1455,696,759,0,0,0,1.0,1,1.0,1,1.0,1,0.19751625199048253,45
884,0,1455,696,759,0,0,0,1.0,1,1.0,1,1.0,1,0.20240705631143266,45
885,3,1458,697,761,0,0,0,1.0,1,1.0,1,1.0,1,0.1842845432672746,43
886,1,1459,698,761,0,0,0,1.0,1,1.0,1,1.0,1,0.21848284352872882,43
887,1,1460,699,761,0,0,0,1.0,1,1.0,1,1.0,1,0.23029753771969125,41
888,2,1462,700,762,0,0,0,1.0,1,1.0,1,1.0,1,0.30912320648921615,40
889,7,1469,704,765,0,0,0,1.0,1,1.0,1,1.0,1,0.2930248042920477,40
890,1,1470,704,766,0,0,0,1.0,1,1.0,1,1.0,1,0.2840345925214907,38
891,1,1471,705,766,0,0,0,1.0,1,1.0,1,1.0,1,0.2614677549526749,39
892,4,1475,707,768,0,0,0,1.0,1,1.0,1,1.0,1,0.2800934716871316,39
893,0,1475,707,768,0,0,0,1.0,1,1.0,1,1.0,1,0.27151397947052247,37
894,0,1475,707,768,0,0,0,1.0,1,1.0,1,1.0,1,0.2641808416930648,36
895,0,1475,707,768,0,0,0,1.0,1,1.0,1,1.0,1,0.272997795986433,37
896,4,1479,709,770,0,0,0,1.0,1,1.0,1,1.0,1,0.23217170696007977,36
897,2,1481,711,770,0,0,0,1.0,1,1.0,1,1.0,1,0.2370942368731896,36
898,0,1481,711,770,0,0,0,1.0,1,1.0,1,1.0,1,0.24767661640566144,35
899,1,1482,712,770,0,0,0,1.0,1,1.0,1,1.0,1,0.26126739706245433,35
900,1,1483,712,771,0,0,0,1.0,1,1.0,1,1.0,1,0.29765018479732314,36
901,0,1483,712,771,0,0,0,1.0,1,1.0,1,1.0,1,0.29765018479732314,36
902,3,1486,715,771,0,0,0,1.0,1,1.0,1,1.0,1,0.35460743794845223,36
903,4,1490,716,774,0,0,0,1.0,1,1.0,1,1.0,1,0.3144100968548213,35
904,5,1495,719,776,0,0,0,1.0,1,1.0,1,1.0,1,0.2673580412788942,37
905,3,1498,721,777,0,0,0,1.0,1,1.0,1,1.0,1,0.2766776669478595,36
906,3,1501,723,778,0,0,0,1.0,1,1.0,1,1.0,1,0.30789963326596037,37
907,2,1503,725,778,0,0,0,1.0,1,1.0,1,1.0,1,0.29137680499817564,37
908,1,1504,726,778,0,0,0,1.0,1,1.0,1,1.0,1,0.32470965640104116,36
909,1,1505,727,778,0,0,0,1.0,1,1.0,1,1.0,1,0.3072460765468103,36
910,3,1508,728,780,0,0,0,1.0,1,1.0,1,1.0,1,0.2698892651073305,37
911,5,1513,729,784,0,0,0,1.0,1,1.0,1,1.0,1,0.23266106703843345,36
912,1,1514,730,784,0,0,0,1.0,1,1.0,1,1.0,1,0.2228997258862594,34
913,1,1515,730,785,0,0,0,1.0,1,1.0,1,1.0,1,0.2366560766952355,34
914,0,1515,730,785,0,0,0,1.0,1,1.0,1,1.0,1,0.26288215552103467,33
915,1,1516,730,786,0,0,0,1.0,1,1.0,1,1.0,1,0.24983976710803638,33
916,3,1519,731,788,0,0,0,1.0,1,1.0,1,1.0,1,0.20434370120716283,34
917,0,1519,731,788,0,0,0,1.0,1,1.0,1,1.0,1,0.20434370120716283,34
918,0,1519,731,788,0,0,0,1.0,1,1.0,1,1.0,1,0.20376738749146567,36
919,0,1519,731,788,0,0,0,1.0,1,1.0,1,1.0,1,0.20376738749146567,36
920,1,1520,732,788,0,0,0,1.0,1,1.0,1,1.0,1,0.2002850928733695,37
921,1,1521,732,789,0,0,0,1.0,1,1.0,1,1.0,1,0.16652448204728076,37
922,2,1523,734,789,0,0,0,1.0,1,1.0,1,1.0,1,0.20902224552673312,38
923,0,1523,734,789,0,0,0,1.0,1,1.0,1,1.0,1,0.17528307495828807,36
924,1,1524,735,789,0,0,0,1.0,1,1.0,1,1.0,1,0.20277576330680247,35
925,3,1527,736,791,0,0,0,1.0,1,1.0,1,1.0,1,0.25497000481802223,35
926,3,1530,738,792,0,0,0,1.0,1,1.0,1,1.0,1,0.2745711980493579,34
927,0,1530,738,792,0,0,0,1.0,1,1.0,1,1.0,1,0.28759425223708274,32
928,1,1531,739,792,0,0,0,1.0,1,1.0,1,1.0,1,0.2968321740040967,32
929,1,1532,739,793,0,0,0,1.0,1,1.0,1,1.0,1,0.23947529755196628,31
930,0,1532,739,793,0,0,0,1.0,1,1.0,1,1.0,1,0.27494222326152684,30
931,1,1533,740,793,0,0,0,1.0,1,1.0,1,1.0,1,0.32770284166509966,29
932,3,1536,742,794,0,0,0,1.0,1,1.0,1,1.0,1,0.27390642864042264,29
933,0,1536,742,794,0,0,0,1.0,1,1.0,1,1.0,1,0.27390642864042264,29
934,1,1537,743,794,0,0,0,1.0,1,1.0,1,1.0,1,0.28791589650665467,29
935,2,1539,743,796,0,0,0,1.0,1,1.0,1,1.0,1,0.26420522003620794,31
936,1,1540,744,796,0,0,0,1.0,1,1.0,1,1.0,1,0.3027154538928493,31
937,2,1542,745,797,0,0,0,1.0,1,1.0,1,1.0,1,0.308719172130617,34
938,1,1543,746,797,0,0,0,1.0,1,1.0,1,1.0,1,0.3014044712731371,33
939,3,1546,746,800,0,0,0,1.0,1,1.0,1,1.0,1,0.29143102588797437,36
940,1,1547,746,801,0,0,0,1.0,1,1.0,1,1.0,1,0.2820259682276528,36
941,4,1551,749,802,0,0,0,1.0,1,1.0,1,1.0,1,0.30223729221478385,36
942,2,1553,750,803,0,0,0,1.0,1,1.0,1,1.0,1,0.29997135076343356,36
943,3,1556,752,804,0,0,0,1.0,1,1.0,1,1.0,1,0.28520613296236813,35
944,1,1557,753,804,0,0,0,1.0,1,1.0,1,1.0,1,0.2658435355882378,35
945,0,1557,753,804,0,0,0,1.0,1,1.0,1,1.0,1,0.2464881620183121,33
946,4,1561,755,806,0,0,0,1.0,1,1.0,1,1.0,1,0.28399071012677396,36
947,0,1561,755,806,0,0,0,1.0,1,1.0,1,1.0,1,0.26283017139552606,34
948,1,1562,756,806,0,0,0,1.0,1,1.0,1,1.0,1,0.2771976491243807,33
949,3,1565,757,808,0,0,0,1.0,1,1.0,1,1.0,1,0.31221188297817826,34
950,0,1565,757,808,0,0,0,1.0,1,1.0,1,1.0,1,0.31891914070544447,33
951,0,1565,757,808,0,0,0,1.0,1,1.0,1,1.0,1,0.31891914070544447,33
952,0,1565,757,808,0,0,0,1.0,1,1.0,1,1.0,1,0.33588986116209035,32
953,0,1565,757,808,0,0,0,1.0,1,1.0,1,1.0,1,0.33588986116209035,32
954,1,1566,758,808,0,0,0,1.0,1,1.0,1,1.0,1,0.3372384846980535,31
955,2,1568,758,810,0,0,0,1.0,1,1.0,1,1.0,1,0.31376203024514293,32
956,2,1570,759,811,0,0,0,1.0,1,1.0,1,1.0,1,0.2702195579903966,32
957,1,1571,759,812,0,0,0,1.0,1,1.0,1,1.0,1,0.25265060520922106,33
958,0,1571,759,812,0,0,0,1.0,1,1.0,1,1.0,1,0.2542466925196569,35
959,2,1573,760,813,0,0,0,1.0,1,1.0,1,1.0,1,0.25778347067824847,36
960,0,1573,760,813,0,0,0,1.0,1,1.0,1,1.0,1,0.2872062510304677,38
961,2,1575,762,813,0,0,0,1.0,1,1.0,1,1.0,1,0.3831855631418759,37
962,2,1577,763,814,0,0,0,1.0,1,1.0,1,1.0,1,0.3692781250082007,35
963,0,1577,763,814,0,0,0,1.0,1,1.0,1,1.0,1,0.3627363759349111,35
964,1,1578,763,815,0,0,0,1.0,1,1.0,1,1.0,1,0.379344116175316,34
965,0,1578,763,815,0,0,0,1.0,1,1.0,1,1.0,1,0.37620632211744,35
966,3,1581,764,817,0,0,0,1.0,1,1.0,1,1.0,1,0.28527272464586373,34
967,0,1581,764,817,0,0,0,1.0,1,1.0,1,1.0,1,0.29928963042723833,35
968,2,1583,765,818,0,0,0,1.0,1,1.0,1,1.0,1,0.28512862195591737,36
969,0,1583,765,818,0,0,0,1.0,1,1.0,1,1.0,1,0.3132882857821495,35
970,0,1583,765,818,0,0,0,1.0,1,1.0,1,1.0,1,0.3519052530814118,34
971,1,1584,765,819,0,0,0,1.0,1,1.0,1,1.0,1,0.3507604579981879,35
972,3,1587,767,820,0,0,0,1.0,1,1.0,1,1.0,1,0.3197217954780871,35
973,0,1587,767,820,0,0,0,1.0,1,1.0,1,1.0,1,0.33580101564222226,36
974,1,1588,768,820,0,0,0,1.0,1,1.0,1,1.0,1,0.3722629849082958,35
975,0,1588,768,820,0,0,0,1.0,1,1.0,1,1.0,1,0.35228264996899294,36
976,1,1589,768,821,0,0,0,1.0,1,1.0,1,1.0,1,0.36214411213359965,38
977,0,1589,768,821,0,0,0,1.0,1,1.0,1,1.0,1,0.36214411213359965,38
978,0,1589,768,821,0,0,0,1.0,1,1.0,1,1.0,1,0.36214411213359965,38
979,0,1589,768,821,0,0,0,1.0,1,1.0,1,1.0,1,0.3695508365961492,39
980,2,1591,770,821,0,0,0,1.0,1,1.0,1,1.0,1,0.4244345342770286,39
981,4,1595,771,824,0,0,0,1.0,1,1.0,1,1.0,1,0.3874430813716445,40
982,3,1598,773,825,0,0,0,1.0,1,1.0,1,1.0,1,0.4344393759746102,40
983,1,1599,773,826,0,0,0,1.0,1,1.0,1,1.0,1,0.4040163760941523,38
984,3,1602,774,828,0,0,0,1.0,1,1.0,1,1.0,1,0.4074439486323839,39
985,3,1605,776,829,0,0,0,1.0,1,1.0,1,1.0,1,0.4359478321949266,38
986,7,1612,779,833,0,0,0,1.0,1,1.0,1,1.0,1,0.3724902965789079,38
987,5,1617,780,837,0,0,0,1.0,1,1.0,1,1.0,1,0.2857115559898773,38
988,0,1617,780,837,0,0,0,1.0,1,1.0,1,1.0,1,0.2857115559898773,38
989,1,1618,780,838,0,0,0,1.0,1,1.0,1,1.0,1,0.2809492401171446,38
990,1,1619,781,838,0,0,0,1.0,1,1.0,1,1.0,1,0.31044053679661104,38
991,4,1623,782,841,0,0,0,1.0,1,1.0,1,1.0,1,0.3170386445901197,40
992,1,1624,783,841,0,0,0,1.0,1,1.0,1,1.0,1,0.3479099164564775,39
993,0,1624,783,841,0,0,0,1.0,1,1.0,1,1.0,1,0.3344734287570409,38
994,2,1626,783,843,0,0,0,1.0,1,1.0,1,1.0,1,0.3274842139720265,39
995,0,1626,783,843,0,0,0,1.0,1,1.0,1,1.0,1,0.32139523319513275,41
996,2,1628,783,845,0,0,0,1.0,1,1.0,1,1.0,1,0.2653423035862749,40
997,0,1628,783,845,0,0,0,1.0,1,1.0,1,1.0,1,0.27561309813971124,41
998,0,1628,783,845,0,0,0,1.0,1,1.0,1,1.0,1,0.305367800836049,40
999,1,1629,783,846,0,0,0,1.0,1,1.0,1,1.0,1,0.32999632975828286,40
1000,1,1630,784,846,0,0,0,1.0,1,1.0,1,1.0,1,0.34889434774120265,40
1001,1,1631,784,847,0,0,0,1.0,1,1.0,1,1.0,1,0.33189067308942777,39
1002,0,1631,784,847,0,0,0,1.0,1,1.0,1,1.0,1,0.33189067308942777,39
1003,0,1631,784,847,0,0,0,1.0,1,1.0,1,1.0,1,0.33189067308942777,39
1004,1,1632,784,848,0,0,0,1.0,1,1.0,1,1.0,1,0.30237096394616386,39
1005,0,1632,784,848,0,0,0,1.0,1,1.0,1,1.0,1,0.305420381982016,40
1006,2,1634,784,850,0,0,0,1.0,1,1.0,1,1.0,1,0.26546904043005565,41
1007,0,1634,784,850,0,0,0,1.0,1,1.0,1,1.0,1,0.2743307581335662,42
1008,0,1634,784,850,0,0,0,1.0,1,1.0,1,1.0,1,0.2841975759839735,43
1009,5,1639,785,854,0,0,0,1.0,1,1.0,1,1.0,1,0.17817163691896792,44
1010,1,1640,785,855,0,0,0,1.0,1,1.0,1,1.0,1,0.18503304527082232,44
1011,1,1641,785,856,0,0,0,1.0,1,1.0,1,1.0,1,0.15653240032170537,44
1012,4,1645,788,857,0,0,0,1.0,1,1.0,1,1.0,1,0.21855379645963313,46
1013,0,1645,788,857,0,0,0,1.0,1,1.0,1,1.0,1,0.21855379645963313,46
1014,2,1647,789,858,0,0,0,1.0,1,1.0,1,1.0,1,0.23635079013508864,46
1015,1,1648,789,859,0,0,0,1.0,1,1.0,1,1.0,1,0.2523203425297453,46
1016,3,1651,790,861,0,0,0,1.0,1,1.0,1,1.0,1,0.2335798041914125,47
1017,1,1652,790,862,0,0,0,1.0,1,1.0,1,1.0,1,0.21642590627753094,47
1018,1,1653,790,863,0,0,0,1.0,1,1.0,1,1.0,1,0.23577171084450577,48
1019,3,1656,790,866,0,0,0,1.0,1,1.0,1,1.0,1,0.21140699529560528,49
1020,1,1657,790,867,0,0,0,1.0,1,1.0,1,1.0,1,0.19320806855278921,51
1021,1,1658,790,868,0,0,0,1.0,1,1.0,1,1.0,1,0.16995895517115533,51
1022,1,1659,791,868,0,0,0,1.0,1,1.0,1,1.0,1,0.1787734887077328,52
1023,0,1659,791,868,0,0,0,1.0,1,1.0,1,1.0,1,0.17766988648092918,52
1024,0,1659,791,868,0,0,0,1.0,1,1.0,1,1.0,1,0.17766988648092918,52
1025,1,1660,791,869,0,0,0,1.0,1,1.0,1,1.0,1,0.18797664207914044,54
1026,1,1661,791,870,0,0,0,1.0,1,1.0,1,1.0,1,0.17007554992098864,54
1027,0,1661,791,870,0,0,0,1.0,1,1.0,1,1.0,1,0.1671528256183999,55
1028,2,1663,793,870,0,0,0,1.0,1,1.0,1,1.0,1,0.1815897519462574,56
1029,0,1663,793,870,0,0,0,1.0,1,1.0,1,1.0,1,0.1815897519462574,56
1030,1,1664,793,871,0,0,0,1.0,1,1.0,1,1.0,1,0.19050145410625782,57
1031,1,1665,793,872,0,0,0,1.0,1,1.0,1,1.0,1,0.18698519692298585,58
1032,2,1667,795,872,0,0,0,1.0,1,1.0,1,1.0,1,0.21529586002436318,58
1033,0,1667,795,872,0,0,0,1.0,1,1.0,1,1.0,1,0.20790697425835522,57
1034,3,1670,798,872,0,0,0,1.0,1,1.0,1,1.0,1,0.2176257818279534,57
1035,3,1673,800,873,0,0,0,1.0,1,1.0,1,1.0,1,0.24078433537259078,57
1036,4,1677,801,876,0,0,0,1.0,1,1.0,1,1.0,1,0.2370786879551667,59
1037,7,1684,804,880,0,0,0,1.0,1,1.0,1,1.0,1,0.24181774955813537,57
1038,6,1690,807,883,0,0,0,1.0,1,1.0,1,1.0,1,0.260607329410178,59
1039,4,1694,811,883,0,0,0,1.0,1,1.0,1,1.0,1,0.26641380725599517,57
1040,3,1697,811,886,0,0,0,1.0,1,1.0,1,1.0,1,0.27530167667078875,56
1041,4,1701,812,889,0,0,0,1.0,1,1.0,1,1.0,1,0.23908684506288055,54
1042,0,1701,812,889,0,0,0,1.0,1,1.0,1,1.0,1,0.2054595508472961,52
1043,0,1701,812,889,0,0,0,1.0,1,1.0,1,1.0,1,0.2054595508472961,52
1044,0,1701,812,889,0,0,0,1.0,1,1.0,1,1.0,1,0.18442894511219796,50
1045,2,1703,814,889,0,0,0,1.0,1,1.0,1,1.0,1,0.20122223525822605,51
1046,3,1706,816,890,0,0,0,1.0,1,1.0,1,1.0,1,0.19846269428117547,50
1047,1,1707,816,891,0,0,0,1.0,1,1.0,1,1.0,1,0.1456364768885926,50
1048,1,1708,817,891,0,0,0,1.0,1,1.0,1,1.0,1,0.1780726082028279,50
1049,2,1710,818,892,0,0,0,1.0,1,1.0,1,1.0,1,0.19219212181760906,50
1050,0,1710,818,892,0,0,0,1.0,1,1.0,1,1.0,1,0.19219212181760906,50
1051,1,1711,818,893,0,0,0,1.0,1,1.0,1,1.0,1,0.1679197172740429,50
1052,0,1711,818,893,0,0,0,1.0,1,1.0,1,1.0,1,0.1858069029565052,51
1053,0,1711,818,893,0,0,0,1.0,1,1.0,1,1.0,1,0.1858069029565052,51
1054,1,1712,818,894,0,0,0,1.0,1,1.0,1,1.0,1,0.16446880718361923,53
1055,2,1714,818,896,0,0,0,1.0,1,1.0,1,1.0,1,0.16903667275394169,54
1056,0,1714,818,896,0,0,0,1.0,1,1.0,1,1.0,1,0.19074108161455572,54
1057,1,1715,819,896,0,0,0,1.0,1,1.0,1,1.0,1,0.21592346968407516,55
1058,0,1715,819,896,0,0,0,1.0,1,1.0,1,1.0,1,0.22178461839219005,54
1059,2,1717,820,897,0,0,0,1.0,1,1.0,1,1.0,1,0.26025762487456844,53
1060,1,1718,820,898,0,0,0,1.0,1,1.0,1,1.0,1,0.25013458269391653,53
1061,6,1724,823,901,0,0,0,1.0,1,1.0,1,1.0,1,0.1971169684201097,53
1062,4,1728,827,901,0,0,0,1.0,1,1.0,1,1.0,1,0.206642167777665,54
1063,2,1730,827,903,0,0,0,1.0,1,1.0,1,1.0,1,0.21319018820328756,53
1064,3,1733,830,903,0,0,0,1.0,1,1.0,1,1.0,1,0.22677917706271955,55
1065,1,1734,831,903,0,0,0,1.0,1,1.0,1,1.0,1,0.2522585864744604,54
1066,5,1739,833,906,0,0,0,1.0,1,1.0,1,1.0,1,0.22155108637724222,55
1067,2,1741,834,907,0,0,0,1.0,1,1.0,1,1.0,1,0.24764637360100134,55
1068,2,1743,834,909,0,0,0,1.0,1,1.0,1,1.0,1,0.23254702093365878,55
1069,1,1744,834,910,0,0,0,1.0,1,1.0,1,1.0,1,0.23735642711088198,55
1070,2,1746,835,911,0,0,0,1.0,1,1.0,1,1.0,1,0.24039208453664854,54
1071,1,1747,835,912,0,0,0,1.0,1,1.0,1,1.0,1,0.21380519931839503,55
1072,0,1747,835,912,0,0,0,1.0,1,1.0,1,1.0,1,0.20673894672213594,54
1073,2,1749,837,912,0,0,0,1.0,1,1.0,1,1.0,1,0.19856279729682172,54
1074,3,1752,839,913,0,0,0,1.0,1,1.0,1,1.0,1,0.22021310900081564,52
1075,2,1754,840,914,0,0,0,1.0,1,1.0,1,1.0,1,0.193638343377835,51
1076,3,1757,841,916,0,0,0,1.0,1,1.0,1,1.0,1,0.1639861319371055,52
1077,2,1759,842,917,0,0,0,1.0,1,1.0,1,1.0,1,0.20311090942204413,49
1078,1,1760,843,917,0,0,0,1.0,1,1.0,1,1.0,1,0.2261701947702542,48
1079,5,1765,845,920,0,0,0,1.0,1,1.0,1,1.0,1,0.18779178868172897,47
1080,1,1766,846,920,0,0,0,1.0,1,1.0,1,1.0,1,0.23115673529041078,47
1081,2,1768,847,921,0,0,0,1.0,1,1.0,1,1.0,1,0.2451666689634468,45
1082,1,1769,848,921,0,0,0,1.0,1,1.0,1,1.0,1,0.3300898545133422,42
1083,1,1770,849,921,0,0,0,1.0,1,1.0,1,1.0,1,0.3755224807369004,42
1084,0,1770,849,921,0,0,0,1.0,1,1.0,1,1.0,1,0.3675429514416402,40
1085,2,1772,849,923,0,0,0,1.0,1,1.0,1,1.0,1,0.32336145554058654,43
1086,2,1774,849,925,0,0,0,1.0,1,1.0,1,1.0,1,0.2911039648256642,41
1087,2,1776,850,926,0,0,0,1.0,1,1.0,1,1.0,1,0.2553017079804834,41
1088,2,1778,851,927,0,0,0,1.0,1,1.0,1,1.0,1,0.23684377261187145,41
1089,3,1781,853,928,0,0,0,1.0,1,1.0,1,1.0,1,0.21226699222510437,42
1090,1,1782,853,929,0,0,0,1.0,1,1.0,1,1.0,1,0.19992690135621827,43
1091,0,1782,853,929,0,0,0,1.0,1,1.0,1,1.0,1,0.19823465824068207,43
1092,1,1783,854,929,0,0,0,1.0,1,1.0,1,1.0,1,0.1942920420976173,43
1093,1,1784,855,929,0,0,0,1.0,1,1.0,1,1.0,1,0.20763439560658942,43
1094,0,1784,855,929,0,0,0,1.0,1,1.0,1,1.0,1,0.20763439560658942,43
1095,0,1784,855,929,0,0,0,1.0,1,1.0,1,1.0,1,0.2183036609589126,44
1096,2,1786,857,929,0,0,0,1.0,1,1.0,1,1.0,1,0.23547473534764288,44
1097,3,1789,859,930,0,0,0,1.0,1,1.0,1,1.0,1,0.2942578167813354,45
1098,1,1790,859,931,0,0,0,1.0,1,1.0,1,1.0,1,0.2677126606046436,46
1099,0,1790,859,931,0,0,0,1.0,1,1.0,1,1.0,1,0.27487363155955863,48
1100,2,1792,859,933,0,0,0,1.0,1,1.0,1,1.0,1,0.2475878605964941,49
1101,2,1794,860,934,0,0,0,1.0,1,1.0,1,1.0,1,0.24651913665444822,49
1102,5,1799,863,936,0,0,0,1.0,1,1.0,1,1.0,1,0.24574748570340893,50
1103,4,1803,865,938,0,0,0,1.0,1,1.0,1,1.0,1,0.22835072869973386,48
1104,3,1806,867,939,0,0,0,1.0,1,1.0,1,1.0,1,0.17906325645717214,50
1105,1,1807,868,939,0,0,0,1.0,1,1.0,1,1.0,1,0.1598276840241434,48
1106,2,1809,869,940,0,0,0,1.0,1,1.0,1,1.0,1,0.17027969167972426,48
1107,1,1810,870,940,0,0,0,1.0,1,1.0,1,1.0,1,0.20558055142438034,47
1108,0,1810,870,940,0,0,0,1.0,1,1.0,1,1.0,1,0.20678665181191844,47
1109,2,1812,872,940,0,0,0,1.0,1,1.0,1,1.0,1,0.21076215701793818,46
1110,2,1814,874,940,0,0,0,1.0,1,1.0,1,1.0,1,0.22339660347304002,43
1111,5,1819,876,943,0,0,0,1.0,1,1.0,1,1.0,1,0.20132374262142813,44
1112,3,1822,879,943,0,0,0,1.0,1,1.0,1,1.0,1,0.2873883596574587,43
1113,2,1824,880,944,0,0,0,1.0,1,1.0,1,1.0,1,0.32936912548504,39
1114,0,1824,880,944,0,0,0,1.0,1,1.0,1,1.0,1,0.32936912548504,39
1115,3,1827,882,945,0,0,0,1.0,1,1.0,1,1.0,1,0.2682710237663781,37
1116,4,1831,883,948,0,0,0,1.0,1,1.0,1,1.0,1,0.1720457128041696,37
1117,2,1833,885,948,0,0,0,1.0,1,1.0,1,1.0,1,0.22747883912456512,36
1118,3,1836,885,951,0,0,0,1.0,1,1.0,1,1.0,1,0.14684340208449934,36
1119,0,1836,885,951,0,0,0,1.0,1,1.0,1,1.0,1,0.14684340208449934,36
1120,0,1836,885,951,0,0,0,1.0,1,1.0,1,1.0,1,0.14684340208449934,36
1121,2,1838,886,952,0,0,0,1.0,1,1.0,1,1.0,1,0.15983011286841892,36
1122,0,1838,886,952,0,0,0,1.0,1,1.0,1,1.0,1,0.16215373152770174,37
1123,0,1838,886,952,0,0,0,1.0,1,1.0,1,1.0,1,0.16215373152770174,37
1124,0,1838,886,952,0,0,0,1.0,1,1.0,1,1.0,1,0.16215373152770174,37
1125,1,1839,887,952,0,0,0,1.0,1,1.0,1,1.0,1,0.20895613711792668,38
1126,0,1839,887,952,0,0,0,1.0,1,1.0,1,1.0,1,0.20895613711792668,38
1127,2,1841,888,953,0,0,0,1.0,1,1.0,1,1.0,1,0.22898751729190092,39
1128,0,1841,888,953,0,0,0,1.0,1,1.0,1,1.0,1,0.22898751729190092,39
1129,0,1841,888,953,0,0,0,1.0,1,1.0,1,1.0,1,0.22898751729190092,39
1130,1,1842,889,953,0,0,0,1.0,1,1.0,1,1.0,1,0.26461700164116225,39
1131,0,1842,889,953,0,0,0,1.0,1,1.0,1,1.0,1,0.26461700164116225,39
1132,2,1844,891,953,0,0,0,1.0,1,1.0,1,1.0,1,0.2599582584185348,39
1133,2,1846,892,954,0,0,0,1.0,1,1.0,1,1.0,1,0.22373261670057323,42
1134,0,1846,892,954,0,0,0,1.0,1,1.0,1,1.0,1,0.22373261670057323,42
1135,2,1848,892,956,0,0,0,1.0,1,1.0,1,1.0,1,0.23782922791293584,44
1136,3,1851,893,958,0,0,0,1.0,1,1.0,1,1.0,1,0.25126858106483885,46
1137,0,1851,893,958,0,0,0,1.0,1,1.0,1,1.0,1,0.26013542100541115,45
1138,0,1851,893,958,0,0,0,1.0,1,1.0,1,1.0,1,0.27073333297286073,46
1139,2,1853,893,960,0,0,0,1.0,1,1.0,1,1.0,1,0.265159338432382,47
1140,1,1854,894,960,0,0,0,1.0,1,1.0,1,1.0,1,0.2885315275765238,46
1141,5,1859,895,964,0,0,0,1.0,1,1.0,1,1.0,1,0.2324713231591948,45
1142,3,1862,898,964,0,0,0,1.0,1,1.0,1,1.0,1,0.25366157116319316,45
1143,2,1864,900,964,0,0,0,1.0,1,1.0,1,1.0,1,0.2522142995542681,43
1144,5,1869,902,967,0,0,0,1.0,1,1.0,1,1.0,1,0.2416221774637507,45
1145,5,1874,903,971,0,0,0,1.0,1,1.0,1,1.0,1,0.23966969643013075,44
1146,3,1877,904,973,0,0,0,1.0,1,1.0,1,1.0,1,0.19647503139409137,45
1147,4,1881,907,974,0,0,0,1.0,1,1.0,1,1.0,1,0.1984604786436733,44
1148,3,1884,909,975,0,0,0,1.0,1,1.0,1,1.0,1,0.2240411995876727,43
1149,1,1885,910,975,0,0,0,1.0,1,1.0,1,1.0,1,0.2587961722507406,42
1150,2,1887,911,976,0,0,0,1.0,1,1.0,1,1.0,1,0.2654368499013112,45
1151,3,1890,912,978,0,0,0,1.0,1,1.0,1,1.0,1,0.2799160436747225,40
1152,3,1893,914,979,0,0,0,1.0,1,1.0,1,1.0,1,0.28279701691828957,41
1153,4,1897,916,981,0,0,0,1.0,1,1.0,1,1.0,1,0.3204130031860772,38
1154,1,1898,917,981,0,0,0,1.0,1,1.0,1,1.0,1,0.2953716483894416,37
1155,2,1900,917,983,0,0,0,1.0,1,1.0,1,1.0,1,0.2442474233033353,38
1156,3,1903,919,984,0,0,0,1.0,1,1.0,1,1.0,1,0.2815244811918078,38
1157,0,1903,919,984,0,0,0,1.0,1,1.0,1,1.0,1,0.2700086117563721,37
1158,1,1904,920,984,0,0,0,1.0,1,1.0,1,1.0,1,0.3199811533934897,36
1159,0,1904,920,984,0,0,0,1.0,1,1.0,1,1.0,1,0.3118122219380956,35
1160,0,1904,920,984,0,0,0,1.0,1,1.0,1,1.0,1,0.3118122219380956,35
1161,0,1904,920,984,0,0,0,1.0,1,1.0,1,1.0,1,0.32049706950113244,36
1162,0,1904,920,984,0,0,0,1.0,1,1.0,1,1.0,1,0.3186098461587712,37
1163,0,1904,920,984,0,0,0,1.0,1,1.0,1,1.0,1,0.3186098461587712,37
1164,0,1904,920,984,0,0,0,1.0,1,1.0,1,1.0,1,0.30743450604911915,38
1165,2,1906,921,985,0,0,0,1.0,1,1.0,1,1.0,1,0.3197168941120222,38
1166,1,1907,921,986,0,0,0,1.0,1,1.0,1,1.0,1,0.3370593414139192,40
1167,4,1911,923,988,0,0,0,1.0,1,1.0,1,1.0,1,0.3206485522527473,40
1168,4,1915,924,991,0,0,0,1.0,1,1.0,1,1.0,1,0.23840652269535845,40
1169,3,1918,924,994,0,0,0,1.0,1,1.0,1,1.0,1,0.19959437558256402,41
1170,3,1921,926,995,0,0,0,1.0,1,1.0,1,1.0,1,0.16680005872532316,41
1171,2,1923,927,996,0,0,0,1.0,1,1.0,1,1.0,1,0.1926305234244712,43
1172,1,1924,928,996,0,0,0,1.0,1,1.0,1,1.0,1,0.18031102515132677,43
1173,0,1924,928,996,0,0,0,1.0,1,1.0,1,1.0,1,0.18031102515132677,43
1174,0,1924,928,996,0,0,0,1.0,1,1.0,1,1.0,1,0.18031102515132677,43
1175,0,1924,928,996,0,0,0,1.0,1,1.0,1,1.0,1,0.19497770626602187,44
1176,1,1925,929,996,0,0,0,1.0,1,1.0,1,1.0,1,0.2157351387225312,45
1177,1,1926,930,996,0,0,0,1.0,1,1.0,1,1.0,1,0.23744544895743033,45
1178,0,1926,930,996,0,0,0,1.0,1,1.0,1,1.0,1,0.23744544895743033,45
1179,0,1926,930,996,0,0,0,1.0,1,1.0,1,1.0,1,0.2585330705312683,46
1180,0,1926,930,996,0,0,0,1.0,1,1.0,1,1.0,1,0.23597655661939712,47
1181,2,1928,930,998,0,0,0,1.0,1,1.0,1,1.0,1,0.23236384156405376,48
1182,2,1930,932,998,0,0,0,1.0,1,1.0,1,1.0,1,0.2413993228993678,48
1183,0,1930,932,998,0,0,0,1.0,1,1.0,1,1.0,1,0.25431214512582034,46
1184,2,1932,934,998,0,0,0,1.0,1,1.0,1,1.0,1,0.2549059210628933,47
1185,0,1932,934,998,0,0,0,1.0,1,1.0,1,1.0,1,0.2753389112300788,44
1186,3,1935,934,1001,0,0,0,1.0,1,1.0,1,1.0,1,0.22955923708152276,47
1187,2,1937,934,1003,0,0,0,1.0,1,1.0,1,1.0,1,0.21588920938557352,49
1188,0,1937,934,1003,0,0,0,1.0,1,1.0,1,1.0,1,0.21573464282585733,50
1189,0,1937,934,1003,0,0,0,1.0,1,1.0,1,1.0,1,0.20881140062014042,48
1190,3,1940,935,1005,0,0,0,1.0,1,1.0,1,1.0,1,0.23811606841537072,48
1191,0,1940,935,1005,0,0,0,1.0,1,1.0,1,1.0,1,0.2484118321478012,46
1192,1,1941,936,1005,0,0,0,1.0,1,1.0,1,1.0,1,0.289970294480156,46
1193,0,1941,936,1005,0,0,0,1.0,1,1.0,1,1.0,1,0.3181315306354358,45
1194,1,1942,936,1006,0,0,0,1.0,1,1.0,1,1.0,1,0.2966177196084936,45
1195,3,1945,936,1009,0,0,0,1.0,1,1.0,1,1.0,1,0.26422445952641854,47
1196,4,1949,937,1012,0,0,0,1.0,1,1.0,1,1.0,1,0.22033334039163152,48
1197,1,1950,937,1013,0,0,0,1.0,1,1.0,1,1.0,1,0.20174020411845917,49
1198,1,1951,938,1013,0,0,0,1.0,1,1.0,1,1.0,1,0.1810818037769885,49
1199,1,1952,938,1014,0,0,0,1.0,1,1.0,1,1.0,1,0.19775248710039972,50
1200,1,1953,939,1014,0,0,0,1.0,1,1.0,1,1.0,1,0.19050456803400456,50
1201,0,1953,939,1014,0,0,0,1.0,1,1.0,1,1.0,1,0.19050456803400456,50
1202,1,1954,940,1014,0,0,0,1.0,1,1.0,1,1.0,1,0.20484388943547047,51
1203,0,1954,940,1014,0,0,0,1.0,1,1.0,1,1.0,1,0.19901954657459328,52
1204,0,1954,940,1014,0,0,0,1.0,1,1.0,1,1.0,1,0.19901954657459328,52
1205,3,1957,940,1017,0,0,0,1.0,1,1.0,1,1.0,1,0.16547545020522733,53
1206,0,1957,940,1017,0,0,0,1.0,1,1.0,1,1.0,1,0.16547545020522733,53
1207,1,1958,940,1018,0,0,0,1.0,1,1.0,1,1.0,1,0.16836658572081037,55
1208,0,1958,940,1018,0,0,0,1.0,1,1.0,1,1.0,1,0.17917702698881574,56
1209,0,1958,940,1018,0,0,0,1.0,1,1.0,1,1.0,1,0.19257948551699586,55
1210,0,1958,940,1018,0,0,0,1.0,1,1.0,1,1.0,1,0.19257948551699586,55
1211,1,1959,940,1019,0,0,0,1.0,1,1.0,1,1.0,1,0.15616176286689934,57
1212,0,1959,940,1019,0,0,0,1.0,1,1.0,1,1.0,1,0.15616176286689934,57
1213,0,1959,940,1019,0,0,0,1.0,1,1.0,1,1.0,1,0.15616176286689934,57
1214,5,1964,943,1021,0,0,0,1.0,1,1.0,1,1.0,1,0.17868091696746613,57
1215,2,1966,943,1023,0,0,0,1.0,1,1.0,1,1.0,1,0.16795149360979836,59
1216,1,1967,944,1023,0,0,0,1.0,1,1.0,1,1.0,1,0.19145664861569203,61
1217,1,1968,945,1023,0,0,0,1.0,1,1.0,1,1.0,1,0.22330683312405236,61
1218,3,1971,946,1025,0,0,0,1.0,1,1.0,1,1.0,1,0.23688600351334935,61
1219,2,1973,947,1026,0,0,0,1.0,1,1.0,1,1.0,1,0.22904385474118627,61
1220,2,1975,948,1027,0,0,0,1.0,1,1.0,1,1.0,1,0.2358475950510057,60
1221,4,1979,949,1030,0,0,0,1.0,1,1.0,1,1.0,1,0.19434079005233593,61
1222,3,1982,949,1033,0,0,0,1.0,1,1.0,1,1.0,1,0.16520096737466175,61
1223,1,1983,950,1033,0,0,0,1.0,1,1.0,1,1.0,1,0.15293995451839393,59
1224,2,1985,952,1033,0,0,0,1.0,1,1.0,1,1.0,1,0.15075243964555393,60
1225,1,1986,953,1033,0,0,0,1.0,1,1.0,1,1.0,1,0.17956770494399457,60
1226,3,1989,954,1035,0,0,0,1.0,1,1.0,1,1.0,1,0.16649290975595427,61
1227,2,1991,955,1036,0,0,0,1.0,1,1.0,1,1.0,1,0.15755673631540792,59
1228,1,1992,956,1036,0,0,0,1.0,1,1.0,1,1.0,1,0.19844712024118155,58
1229,3,1995,959,1036,0,0,0,1.0,1,1.0,1,1.0,1,0.21371254352263058,57
1230,2,1997,961,1036,0,0,0,1.0,1,1.0,1,1.0,1,0.19679585181626355,55
1231,6,2003,964,1039,0,0,0,1.0,1,1.0,1,1.0,1,0.19669459005604956,54
1232,3,2006,966,1040,0,0,0,1.0,1,1.0,1,1.0,1,0.2280008070879464,51
1233,4,2010,968,1042,0,0,0,1.0,1,1.0,1,1.0,1,0.21541216022079204,49
1234,2,2012,970,1042,0,0,0,1.0,1,1.0,1,1.0,1,0.2624574309659154,49
1235,3,2015,970,1045,0,0,0,1.0,1,1.0,1,1.0,1,0.22386204154230815,48
1236,3,2018,970,1048,0,0,0,1.0,1,1.0,1,1.0,1,0.21568836879727527,49
1237,1,2019,971,1048,0,0,0,1.0,1,1.0,1,1.0,1,0.2532820740609347,48
1238,0,2019,971,1048,0,0,0,1.0,1,1.0,1,1.0,1,0.25836965618770213,47
1239,0,2019,971,1048,0,0,0,1.0,1,1.0,1,1.0,1,0.2525301968292452,48
1240,2,2021,972,1049,0,0,0,1.0,1,1.0,1,1.0,1,0.24700696066152253,49
1241,4,2025,974,1051,0,0,0,1.0,1,1.0,1,1.0,1,0.20417609949553497,49
1242,0,2025,974,1051,0,0,0,1.0,1,1.0,1,1.0,1,0.2062673236439965,49
1243,1,2026,974,1052,0,0,0,1.0,1,1.0,1,1.0,1,0.20278259213541872,50
1244,1,2027,975,1052,0,0,0,1.0,1,1.0,1,1.0,1,0.2593359168706148,50
1245,2,2029,975,1054,0,0,0,1.0,1,1.0,1,1.0,1,0.2507733867890133,51
1246,5,2034,976,1058,0,0,0,1.0,1,1.0,1,1.0,1,0.22423508331963982,52
1247,0,2034,976,1058,0,0,0,1.0,1,1.0,1,1.0,1,0.22423508331963982,52
1248,1,2035,977,1058,0,0,0,1.0,1,1.0,1,1.0,1,0.26062837312448683,51
1249,3,2038,978,1060,0,0,0,1.0,1,1.0,1,1.0,1,0.2205025746967448,51
1250,2,2040,980,1060,0,0,0,1.0,1,1.0,1,1.0,1,0.24241310093994345,51
1251,2,2042,980,1062,0,0,0,1.0,1,1.0,1,1.0,1,0.21700157774267909,53
1252,2,2044,982,1062,0,0,0,1.0,1,1.0,1,1.0,1,0.23355574146654734,52
1253,0,2044,982,1062,0,0,0,1.0,1,1.0,1,1.0,1,0.23355574146654734,52
1254,0,2044,982,1062,0,0,0,1.0,1,1.0,1,1.0,1,0.21323413975748864,53
1255,4,2048,983,1065,0,0,0,1.0,1,1.0,1,1.0,1,0.20312106119808504,55
1256,1,2049,983,1066,0,0,0,1.0,1,1.0,1,1.0,1,0.18721467149545967,55
1257,1,2050,984,1066,0,0,0,1.0,1,1.0,1,1.0,1,0.21656904319551276,57
1258,1,2051,984,1067,0,0,0,1.0,1,1.0,1,1.0,1,0.19816205582262447,57
1259,0,2051,984,1067,0,0,0,1.0,1,1.0,1,1.0,1,0.19816205582262447,57
1260,2,2053,984,1069,0,0,0,1.0,1,1.0,1,1.0,1,0.17305739120019956,56
1261,0,2053,984,1069,0,0,0,1.0,1,1.0,1,1.0,1,0.17365152380190632,57
1262,4,2057,985,1072,0,0,0,1.0,1,1.0,1,1.0,1,0.16148763907447117,58
1263,4,2061,988,1073,0,0,0,1.0,1,1.0,1,1.0,1,0.2197213169562451,58
1264,1,2062,989,1073,0,0,0,1.0,1,1.0,1,1.0,1,0.23067889635988736,57
1265,5,2067,991,1076,0,0,0,1.0,1,1.0,1,1.0,1,0.222674918352016,56
1266,9,2076,993,1083,0,0,0,1.0,1,1.0,1,1.0,1,0.1666393581067304,55
1267,3,2079,995,1084,0,0,0,1.0,1,1.0,1,1.0,1,0.1386394237914179,53
1268,1,2080,996,1084,0,0,0,1.0,1,1.0,1,1.0,1,0.170315050436757,52
1269,1,2081,997,1084,0,0,0,1.0,1,1.0,1,1.0,1,0.1525097143006237,51
1270,1,2082,998,1084,0,0,0,1.0,1,1.0,1,1.0,1,0.14857582386257112,47
1271,0,2082,998,1084,0,0,0,1.0,1,1.0,1,1.0,1,0.15777425849927665,46
1272,0,2082,998,1084,0,0,0,1.0,1,1.0,1,1.0,1,0.16033636330626108,43
1273,2,2084,1000,1084,0,0,0,1.0,1,1.0,1,1.0,1,0.1493312001875168,44
1274,1,2085,1001,1084,0,0,0,1.0,1,1.0,1,1.0,1,0.19064060261063723,44
1275,3,2088,1002,1086,0,0,0,1.0,1,1.0,1,1.0,1,0.1873866296196314,45
1276,5,2093,1002,1091,0,0,0,1.0,1,1.0,1,1.0,1,0.10496199773172042,43
1277,0,2093,1002,1091,0,0,0,1.0,1,1.0,1,1.0,1,0.12080880361228842,44
1278,3,2096,1005,1091,0,0,0,1.0,1,1.0,1,1.0,1,0.16373710091655722,45
1279,1,2097,1006,1091,0,0,0,1.0,1,1.0,1,1.0,1,0.15551779500555213,47
1280,1,2098,1007,1091,0,0,0,1.0,1,1.0,1,1.0,1,0.1700432088453248,47
1281,2,2100,1008,1092,0,0,0,1.0,1,1.0,1,1.0,1,0.1723357588839629,47
1282,1,2101,1009,1092,0,0,0,1.0,1,1.0,1,1.0,1,0.1968519564598469,46
1283,0,2101,1009,1092,0,0,0,1.0,1,1.0,1,1.0,1,0.1968519564598469,46
1284,0,2101,1009,1092,0,0,0,1.0,1,1.0,1,1.0,1,0.1968519564598469,46
1285,1,2102,1009,1093,0,0,0,1.0,1,1.0,1,1.0,1,0.20863870240563756,46
1286,1,2103,1009,1094,0,0,0,1.0,1,1.0,1,1.0,1,0.16023531126781929,45
1287,4,2107,1010,1097,0,0,0,1.0,1,1.0,1,1.0,1,0.17682040546212402,49
1288,0,2107,1010,1097,0,0,0,1.0,1,1.0,1,1.0,1,0.17682040546212402,49
1289,3,2110,1010,1100,0,0,0,1.0,1,1.0,1,1.0,1,0.1269111616108019,52
1290,0,2110,1010,1100,0,0,0,1.0,1,1.0,1,1.0,1,0.1269111616108019,52
1291,0,2110,1010,1100,0,0,0,1.0,1,1.0,1,1.0,1,0.1269111616108019,52
1292,1,2111,1010,1101,0,0,0,1.0,1,1.0,1,1.0,1,0.11231227430599044,53
1293,0,2111,1010,1101,0,0,0,1.0,1,1.0,1,1.0,1,0.11231227430599044,53
1294,0,2111,1010,1101,0,0,0,1.0,1,1.0,1,1.0,1,0.11231227430599044,53
1295,0,2111,1010,1101,0,0,0,1.0,1,1.0,1,1.0,1,0.12050771892075365,54
1296,1,2112,1010,1102,0,0,0,1.0,1,1.0,1,1.0,1,0.1082548192898729,55
1297,0,2112,1010,1102,0,0,0,1.0,1,1.0,1,1.0,1,0.12833588569835525,54
1298,1,2113,1010,1103,0,0,0,1.0,1,1.0,1,1.0,1,0.12221829996494493,55
1299,1,2114,1010,1104,0,0,0,1.0,1,1.0,1,1.0,1,0.1363984141738857,54
1300,1,2115,1011,1104,0,0,0,1.0,1,1.0,1,1.0,1,0.15575973429371015,55
1301,5,2120,1013,1107,0,0,0,1.0,1,1.0,1,1.0,1,0.1616410121851569,54
1302,2,2122,1015,1107,0,0,0,1.0,1,1.0,1,1.0,1,0.2032824194834465,54
1303,5,2127,1018,1109,0,0,0,1.0,1,1.0,1,1.0,1,0.2922880490244202,50
1304,4,2131,1021,1110,0,0,0,1.0,1,1.0,1,1.0,1,0.2612208504007893,51
1305,3,2134,1024,1110,0,0,0,1.0,1,1.0,1,1.0,1,0.28467306790155233,48
1306,9,2143,1027,1116,0,0,0,1.0,1,1.0,1,1.0,1,0.2558191388584904,48
1307,1,2144,1028,1116,0,0,0,1.0,1,1.0,1,1.0,1,0.20497104213273748,48
1308,2,2146,1030,1116,0,0,0,1.0,1,1.0,1,1.0,1,0.23668423517923623,46
1309,2,2148,1031,1117,0,0,0,1.0,1,1.0,1,1.0,1,0.24320556470654678,47
1310,0,2148,1031,1117,0,0,0,1.0,1,1.0,1,1.0,1,0.19952057335534648,46
1311,4,2152,1033,1119,0,0,0,1.0,1,1.0,1,1.0,1,0.22522015646480542,46
1312,3,2155,1035,1120,0,0,0,1.0,1,1.0,1,1.0,1,0.24132614027815405,45
1313,0,2155,1035,1120,0,0,0,1.0,1,1.0,1,1.0,1,0.2640421140399327,44
1314,1,2156,1036,1120,0,0,0,1.0,1,1.0,1,1.0,1,0.26799106448986926,42
1315,1,2157,1037,1120,0,0,0,1.0,1,1.0,1,1.0,1,0.30351445233516583,40
1316,2,2159,1037,1122,0,0,0,1.0,1,1.0,1,1.0,1,0.2738869848497018,42
1317,2,2161,1038,1123,0,0,0,1.0,1,1.0,1,1.0,1,0.2842522671596552,42
1318,0,2161,1038,1123,0,0,0,1.0,1,1.0,1,1.0,1,0.2842522671596552,42
1319,1,2162,1038,1124,0,0,0,1.0,1,1.0,1,1.0,1,0.26474019122428,42
1320,0,2162,1038,1124,0,0,0,1.0,1,1.0,1,1.0,1,0.26474019122428,42
1321,2,2164,1038,1126,0,0,0,1.0,1,1.0,1,1.0,1,0.2189533813937763,45
1322,0,2164,1038,1126,0,0,0,1.0,1,1.0,1,1.0,1,0.2189533813937763,45
1323,1,2165,1039,1126,0,0,0,1.0,1,1.0,1,1.0,1,0.22369163435398506,46
1324,0,2165,1039,1126,0,0,0,1.0,1,1.0,1,1.0,1,0.23785754559270336,45
1325,1,2166,1040,1126,0,0,0,1.0,1,1.0,1,1.0,1,0.261848769372139,46
1326,2,2168,1041,1127,0,0,0,1.0,1,1.0,1,1.0,1,0.28462974811284003,45
1327,2,2170,1041,1129,0,0,0,1.0,1,1.0,1,1.0,1,0.2781086405053466,46
1328,2,2172,1041,1131,0,0,0,1.0,1,1.0,1,1.0,1,0.22965301978717834,47
1329,1,2173,1042,1131,0,0,0,1.0,1,1.0,1,1.0,1,0.24067908929050452,47
1330,1,2174,1042,1132,0,0,0,1.0,1,1.0,1,1.0,1,0.2435896737349023,46
1331,1,2175,1043,1132,0,0,0,1.0,1,1.0,1,1.0,1,0.23692041545287623,46
1332,2,2177,1045,1132,0,0,0,1.0,1,1.0,1,1.0,1,0.27687132028904565,49
1333,1,2178,1045,1133,0,0,0,1.0,1,1.0,1,1.0,1,0.2799773026568038,50
1334,0,2178,1045,1133,0,0,0,1.0,1,1.0,1,1.0,1,0.2799773026568038,50
1335,1,2179,1045,1134,0,0,0,1.0,1,1.0,1,1.0,1,0.2978296779031904,52
1336,1,2180,1045,1135,0,0,0,1.0,1,1.0,1,1.0,1,0.2632731017057846,53
1337,4,2184,1047,1137,0,0,0,1.0,1,1.0,1,1.0,1,0.27577597386546404,54
1338,1,2185,1048,1137,0,0,0,1.0,1,1.0,1,1.0,1,0.29245394701079547,54
1339,4,2189,1050,1139,0,0,0,1.0,1,1.0,1,1.0,1,0.3007764688625954,54
1340,1,2190,1051,1139,0,0,0,1.0,1,1.0,1,1.0,1,0.28107871576912136,53
1341,1,2191,1051,1140,0,0,0,1.0,1,1.0,1,1.0,1,0.2553846382166423,53
1342,1,2192,1052,1140,0,0,0,1.0,1,1.0,1,1.0,1,0.24483167502266776,52
1343,0,2192,1052,1140,0,0,0,1.0,1,1.0,1,1.0,1,0.23231850329821477,50
1344,3,2195,1054,1141,0,0,0,1.0,1,1.0,1,1.0,1,0.24090481513864617,51
1345,0,2195,1054,1141,0,0,0,1.0,1,1.0,1,1.0,1,0.2303717687408144,50
1346,2,2197,1056,1141,0,0,0,1.0,1,1.0,1,1.0,1,0.2635697213751763,50
1347,0,2197,1056,1141,0,0,0,1.0,1,1.0,1,1.0,1,0.26290520205520135,48
1348,1,2198,1056,1142,0,0,0,1.0,1,1.0,1,1.0,1,0.2548830921456195,49
1349,1,2199,1057,1142,0,0,0,1.0,1,1.0,1,1.0,1,0.2497236924545882,48
1350,2,2201,1058,1143,0,0,0,1.0,1,1.0,1,1.0,1,0.2640556353425346,49
1351,1,2202,1058,1144,0,0,0,1.0,1,1.0,1,1.0,1,0.24525043593511983,48
1352,1,2203,1059,1144,0,0,0,1.0,1,1.0,1,1.0,1,0.25050326052654137,49
1353,0,2203,1059,1144,0,0,0,1.0,1,1.0,1,1.0,1,0.24617245433040183,49
1354,1,2204,1059,1145,0,0,0,1.0,1,1.0,1,1.0,1,0.2594671903691497,49
1355,4,2208,1060,1148,0,0,0,1.0,1,1.0,1,1.0,1,0.21216941877581086,50
1356,3,2211,1061,1150,0,0,0,1.0,1,1.0,1,1.0,1,0.19960074154482219,50
1357,5,2216,1065,1151,0,0,0,1.0,1,1.0,1,1.0,1,0.22519361795591336,50
1358,3,2219,1066,1153,0,0,0,1.0,1,1.0,1,1.0,1,0.23217607093624115,51
1359,3,2222,1067,1155,0,0,0,1.0,1,1.0,1,1.0,1,0.23292494956365536,53
1360,1,2223,1067,1156,0,0,0,1.0,1,1.0,1,1.0,1,0.2083914771179334,54
1361,2,2225,1067,1158,0,0,0,1.0,1,1.0,1,1.0,1,0.18541349559993678,54
1362,1,2226,1068,1158,0,0,0,1.0,1,1.0,1,1.0,1,0.1884347765435748,55
1363,0,2226,1068,1158,0,0,0,1.0,1,1.0,1,1.0,1,0.1884347765435748,55
1364,0,2226,1068,1158,0,0,0,1.0,1,1.0,1,1.0,1,0.2135826824696065,55
1365,3,2229,1069,1160,0,0,0,1.0,1,1.0,1,1.0,1,0.203322034362739,56
1366,0,2229,1069,1160,0,0,0,1.0,1,1.0,1,1.0,1,0.203322034362739,56
1367,2,2231,1070,1161,0,0,0,1.0,1,1.0,1,1.0,1,0.18903444884788534,56
1368,1,2232,1070,1162,0,0,0,1.0,1,1.0,1,1.0,1,0.16391418496932464,58
1369,0,2232,1070,1162,0,0,0,1.0,1,1.0,1,1.0,1,0.1546688084467204,59
1370,1,2233,1071,1162,0,0,0,1.0,1,1.0,1,1.0,1,0.15029331709137106,59
1371,1,2234,1071,1163,0,0,0,1.0,1,1.0,1,1.0,1,0.14751379856374247,59
1372,1,2235,1072,1163,0,0,0,1.0,1,1.0,1,1.0,1,0.16909781234896168,59
1373,3,2238,1072,1166,0,0,0,1.0,1,1.0,1,1.0,1,0.14053352715107,59
1374,3,2241,1074,1167,0,0,0,1.0,1,1.0,1,1.0,1,0.15163729097860346,60
1375,1,2242,1074,1168,0,0,0,1.0,1,1.0,1,1.0,1,0.1598642385265788,61
1376,1,2243,1074,1169,0,0,0,1.0,1,1.0,1,1.0,1,0.16425031162151144,61
1377,0,2243,1074,1169,0,0,0,1.0,1,1.0,1,1.0,1,0.16425031162151144,61
1378,0,2243,1074,1169,0,0,0,1.0,1,1.0,1,1.0,1,0.17450168061439458,61
1379,2,2245,1076,1169,0,0,0,1.0,1,1.0,1,1.0,1,0.19506972582519946,60
1380,3,2248,1077,1171,0,0,0,1.0,1,1.0,1,1.0,1,0.20216953241786603,60
1381,2,2250,1078,1172,0,0,0,1.0,1,1.0,1,1.0,1,0.20471789376094476,58
1382,5,2255,1082,1173,0,0,0,1.0,1,1.0,1,1.0,1,0.2386670965567605,58
1383,2,2257,1084,1173,0,0,0,1.0,1,1.0,1,1.0,1,0.19066820759781314,57
1384,3,2260,1087,1173,0,0,0,1.0,1,1.0,1,1.0,1,0.26159086739628684,54
1385,3,2263,1088,1175,0,0,0,1.0,1,1.0,1,1.0,1,0.2665728222004426,52
1386,5,2268,1089,1179,0,0,0,1.0,1,1.0,1,1.0,1,0.1983052129389522,51
1387,4,2272,1090,1182,0,0,0,1.0,1,1.0,1,1.0,1,0.2030356659009851,51
1388,3,2275,1093,1182,0,0,0,1.0,1,1.0,1,1.0,1,0.20679293786850966,52
1389,2,2277,1093,1184,0,0,0,1.0,1,1.0,1,1.0,1,0.22752970716995993,50
1390,3,2280,1094,1186,0,0,0,1.0,1,1.0,1,1.0,1,0.21519166599769615,51
1391,3,2283,1094,1189,0,0,0,1.0,1,1.0,1,1.0,1,0.17598311467487232,50
1392,1,2284,1095,1189,0,0,0,1.0,1,1.0,1,1.0,1,0.17546180778077813,50
1393,1,2285,1095,1190,0,0,0,1.0,1,1.0,1,1.0,1,0.17239081092565434,49
1394,4,2289,1097,1192,0,0,0,1.0,1,1.0,1,1.0,1,0.1869379638065519,50
1395,0,2289,1097,1192,0,0,0,1.0,1,1.0,1,1.0,1,0.18485783694286992,51
1396,1,2290,1097,1193,0,0,0,1.0,1,1.0,1,1.0,1,0.1946031523718259,52
1397,0,2290,1097,1193,0,0,0,1.0,1,1.0,1,1.0,1,0.1946031523718259,52
1398,1,2291,1098,1193,0,0,0,1.0,1,1.0,1,1.0,1,0.1831251745276206,53
1399,3,2294,1101,1193,0,0,0,1.0,1,1.0,1,1.0,1,0.2185670261700552,54
1400,2,2296,1102,1194,0,0,0,1.0,1,1.0,1,1.0,1,0.20383399415068748,54
1401,1,2297,1103,1194,0,0,0,1.0,1,1.0,1,1.0,1,0.19521876947306738,54
1402,2,2299,1105,1194,0,0,0,1.0,1,1.0,1,1.0,1,0.18936980451377894,53
1403,0,2299,1105,1194,0,0,0,1.0,1,1.0,1,1.0,1,0.20741274874672633,52
1404,0,2299,1105,1194,0,0,0,1.0,1,1.0,1,1.0,1,0.21577201707941093,53
1405,1,2300,1106,1194,0,0,0,1.0,1,1.0,1,1.0,1,0.2664009627777786,52
1406,2,2302,1106,1196,0,0,0,1.0,1,1.0,1,1.0,1,0.24581438971761527,53
1407,0,2302,1106,1196,0,0,0,1.0,1,1.0,1,1.0,1,0.25509568093774543,54
1408,0,2302,1106,1196,0,0,0,1.0,1,1.0,1,1.0,1,0.2722852102005074,53
1409,2,2304,1106,1198,0,0,0,1.0,1,1.0,1,1.0,1,0.25951674399480656,55
1410,0,2304,1106,1198,0,0,0,1.0,1,1.0,1,1.0,1,0.26892440968194975,54
1411,0,2304,1106,1198,0,0,0,1.0,1,1.0,1,1.0,1,0.26892440968194975,54
1412,0,2304,1106,1198,0,0,0,1.0,1,1.0,1,1.0,1,0.2816159997592525,53
1413,1,2305,1106,1199,0,0,0,1.0,1,1.0,1,1.0,1,0.2650228659338349,54
1414,0,2305,1106,1199,0,0,0,1.0,1,1.0,1,1.0,1,0.27768066154487325,55
1415,1,2306,1107,1199,0,0,0,1.0,1,1.0,1,1.0,1,0.25585111537216965,57
1416,6,2312,1108,1204,0,0,0,1.0,1,1.0,1,1.0,1,0.2355345061551812,59
1417,0,2312,1108,1204,0,0,0,1.0,1,1.0,1,1.0,1,0.2249711086969354,58
1418,3,2315,1110,1205,0,0,0,1.0,1,1.0,1,1.0,1,0.22564502812309667,57
1419,3,2318,1111,1207,0,0,0,1.0,1,1.0,1,1.0,1,0.24018235574621502,56
1420,0,2318,1111,1207,0,0,0,1.0,1,1.0,1,1.0,1,0.23063352231743517,54
1421,2,2320,1112,1208,0,0,0,1.0,1,1.0,1,1.0,1,0.22604228351002523,55
1422,0,2320,1112,1208,0,0,0,1.0,1,1.0,1,1.0,1,0.1975734361433417,52
1423,1,2321,1113,1208,0,0,0,1.0,1,1.0,1,1.0,1,0.1995771231661969,52
1424,5,2326,1118,1208,0,0,0,1.0,1,1.0,1,1.0,1,0.26420685724684156,51
1425,0,2326,1118,1208,0,0,0,1.0,1,1.0,1,1.0,1,0.2659236065443132,50
1426,6,2332,1121,1211,0,0,0,1.0,1,1.0,1,1.0,1,0.2637054950945107,50
1427,2,2334,1121,1213,0,0,0,1.0,1,1.0,1,1.0,1,0.2235680493975853,48
1428,4,2338,1124,1214,0,0,0,1.0,1,1.0,1,1.0,1,0.24092971450789255,48
1429,0,2338,1124,1214,0,0,0,1.0,1,1.0,1,1.0,1,0.24887598938256106,48
1430,1,2339,1124,1215,0,0,0,1.0,1,1.0,1,1.0,1,0.2440247879126525,48
1431,4,2343,1124,1219,0,0,0,1.0,1,1.0,1,1.0,1,0.18316817969819327,48
1432,1,2344,1125,1219,0,0,0,1.0,1,1.0,1,1.0,1,0.1562055383644631,50
1433,0,2344,1125,1219,0,0,0,1.0,1,1.0,1,1.0,1,0.16366035337319138,51
1434,2,2346,1127,1219,0,0,0,1.0,1,1.0,1,1.0,1,0.16834556302571818,51
1435,5,2351,1130,1221,0,0,0,1.0,1,1.0,1,1.0,1,0.17527779752528888,50
1436,2,2353,1131,1222,0,0,0,1.0,1,1.0,1,1.0,1,0.18767483425731474,51
1437,1,2354,1131,1223,0,0,0,1.0,1,1.0,1,1.0,1,0.1760929779540567,51
1438,2,2356,1133,1223,0,0,0,1.0,1,1.0,1,1.0,1,0.18846967364681128,51
1439,2,2358,1135,1223,0,0,0,1.0,1,1.0,1,1.0,1,0.21227845492770595,50
1440,5,2363,1136,1227,0,0,0,1.0,1,1.0,1,1.0,1,0.20260354225816432,51
1441,1,2364,1136,1228,0,0,0,1.0,1,1.0,1,1.0,1,0.1845848070718303,51
1442,4,2368,1138,1230,0,0,0,1.0,1,1.0,1,1.0,1,0.1875698243238175,52
1443,2,2370,1138,1232,0,0,0,1.0,1,1.0,1,1.0,1,0.18648873612615957,53
1444,5,2375,1139,1236,0,0,0,1.0,1,1.0,1,1.0,1,0.14947956434019788,54
1445,0,2375,1139,1236,0,0,0,1.0,1,1.0,1,1.0,1,0.14947956434019788,54
1446,2,2377,1139,1238,0,0,0,1.0,1,1.0,1,1.0,1,0.13638697944039196,54
1447,0,2377,1139,1238,0,0,0,1.0,1,1.0,1,1.0,1,0.12827039448463726,55
1448,1,2378,1139,1239,0,0,0,1.0,1,1.0,1,1.0,1,0.11105014936753448,55
1449,0,2378,1139,1239,0,0,0,1.0,1,1.0,1,1.0,1,0.11105014936753448,55
1450,0,2378,1139,1239,0,0,0,1.0,1,1.0,1,1.0,1,0.11217246417479781,57
1451,0,2378,1139,1239,0,0,0,1.0,1,1.0,1,1.0,1,0.11217246417479781,57
1452,0,2378,1139,1239,0,0,0,1.0,1,1.0,1,1.0,1,0.11217246417479781,57
1453,1,2379,1140,1239,0,0,0,1.0,1,1.0,1,1.0,1,0.1475424325401005,57
1454,3,2382,1142,1240,0,0,0,1.0,1,1.0,1,1.0,1,0.19359933905521656,58
1455,2,2384,1142,1242,0,0,0,1.0,1,1.0,1,1.0,1,0.1539744122048536,56
1456,2,2386,1143,1243,0,0,0,1.0,1,1.0,1,1.0,1,0.14659107608845667,55
1457,0,2386,1143,1243,0,0,0,1.0,1,1.0,1,1.0,1,0.16659290331764096,54
1458,2,2388,1144,1244,0,0,0,1.0,1,1.0,1,1.0,1,0.1765171022555652,53
1459,2,2390,1144,1246,0,0,0,1.0,1,1.0,1,1.0,1,0.1557692740539509,52
1460,0,2390,1144,1246,0,0,0,1.0,1,1.0,1,1.0,1,0.1488014178060206,51
1461,4,2394,1147,1247,0,0,0,1.0,1,1.0,1,1.0,1,0.14229790716102475,51
1462,2,2396,1149,1247,0,0,0,1.0,1,1.0,1,1.0,1,0.11146753740262079,51
1463,4,2400,1152,1248,0,0,0,1.0,1,1.0,1,1.0,1,0.1942962300034977,52
1464,3,2403,1155,1248,0,0,0,1.0,1,1.0,1,1.0,1,0.20525835131819894,52
1465,1,2404,1156,1248,0,0,0,1.0,1,1.0,1,1.0,1,0.21749547578415265,51
1466,7,2411,1160,1251,0,0,0,1.0,1,1.0,1,1.0,1,0.1871841427950899,50
1467,2,2413,1162,1251,0,0,0,1.0,1,1.0,1,1.0,1,0.22127710929446176,48
1468,3,2416,1164,1252,0,0,0,1.0,1,1.0,1,1.0,1,0.1971772695305529,48
1469,3,2419,1165,1254,0,0,0,1.0,1,1.0,1,1.0,1,0.22516262370651435,48
1470,2,2421,1166,1255,0,0,0,1.0,1,1.0,1,1.0,1,0.20818830704277838,48
1471,4,2425,1167,1258,0,0,0,1.0,1,1.0,1,1.0,1,0.19432924806994983,45
1472,0,2425,1167,1258,0,0,0,1.0,1,1.0,1,1.0,1,0.19660921456809283,45
1473,1,2426,1168,1258,0,0,0,1.0,1,1.0,1,1.0,1,0.1991583947195759,46
1474,0,2426,1168,1258,0,0,0,1.0,1,1.0,1,1.0,1,0.22242191683070786,46
1475,1,2427,1169,1258,0,0,0,1.0,1,1.0,1,1.0,1,0.23818096398328653,46
1476,6,2433,1170,1263,0,0,0,1.0,1,1.0,1,1.0,1,0.19584244026262812,47
1477,1,2434,1171,1263,0,0,0,1.0,1,1.0,1,1.0,1,0.1959992107679696,47
1478,1,2435,1171,1264,0,0,0,1.0,1,1.0,1,1.0,1,0.21650454395050148,47
1479,1,2436,1171,1265,0,0,0,1.0,1,1.0,1,1.0,1,0.2011904456232793,48
1480,1,2437,1172,1265,0,0,0,1.0,1,1.0,1,1.0,1,0.19446656223495576,47
1481,1,2438,1173,1265,0,0,0,1.0,1,1.0,1,1.0,1,0.21550069686684645,47
1482,2,2440,1175,1265,0,0,0,1.0,1,1.0,1,1.0,1,0.24101534834722602,46
1483,3,2443,1175,1268,0,0,0,1.0,1,1.0,1,1.0,1,0.22390651577392442,47
1484,1,2444,1176,1268,0,0,0,1.0,1,1.0,1,1.0,1,0.23107763149218555,47
1485,0,2444,1176,1268,0,0,0,1.0,1,1.0,1,1.0,1,0.2783310722042031,47
1486,4,2448,1176,1272,0,0,0,1.0,1,1.0,1,1.0,1,0.21553192334064267,49
1487,3,2451,1179,1272,0,0,0,1.0,1,1.0,1,1.0,1,0.19608101775468847,49
1488,1,2452,1180,1272,0,0,0,1.0,1,1.0,1,1.0,1,0.20563920840194072,51
1489,2,2454,1181,1273,0,0,0,1.0,1,1.0,1,1.0,1,0.1772795787600383,52
1490,6,2460,1183,1277,0,0,0,1.0,1,1.0,1,1.0,1,0.12112091066297652,52
1491,3,2463,1186,1277,0,0,0,1.0,1,1.0,1,1.0,1,0.1652492955731277,53
1492,5,2468,1189,1279,0,0,0,1.0,1,1.0,1,1.0,1,0.19048502513620585,53
1493,0,2468,1189,1279,0,0,0,1.0,1,1.0,1,1.0,1,0.14291315844383715,52
1494,2,2470,1191,1279,0,0,0,1.0,1,1.0,1,1.0,1,0.1325000604188307,50
1495,1,2471,1192,1279,0,0,0,1.0,1,1.0,1,1.0,1,0.13791547586403172,50
1496,3,2474,1193,1281,0,0,0,1.0,1,1.0,1,1.0,1,0.14934788178502542,52
1497,1,2475,1194,1281,0,0,0,1.0,1,1.0,1,1.0,1,0.1687389398047015,51
1498,1,2476,1195,1281,0,0,0,1.0,1,1.0,1,1.0,1,0.18229635805959601,50
1499,0,2476,1195,1281,0,0,0,1.0,1,1.0,1,1.0,1,0.17905836649812823,50
1500,1,2477,1196,1281,0,0,0,1.0,1,1.0,1,1.0,1,0.20377034003861322,49
1501,0,2477,1196,1281,0,0,0,1.0,1,1.0,1,1.0,1,0.22120915369946667,47
1502,4,2481,1199,1282,0,0,0,1.0,1,1.0,1,1.0,1,0.25837325454939936,47
1503,0,2481,1199,1282,0,0,0,1.0,1,1.0,1,1.0,1,0.22850599129241822,47
1504,1,2482,1200,1282,0,0,0,1.0,1,1.0,1,1.0,1,0.23690294101061474,48
1505,5,2487,1203,1284,0,0,0,1.0,1,1.0,1,1.0,1,0.2310832129749962,47
1506,2,2489,1205,1284,0,0,0,1.0,1,1.0,1,1.0,1,0.2370680118062399,47
1507,2,2491,1207,1284,0,0,0,1.0,1,1.0,1,1.0,1,0.25765128166213436,45
1508,1,2492,1208,1284,0,0,0,1.0,1,1.0,1,1.0,1,0.24764483962272052,45
1509,3,2495,1211,1284,0,0,0,1.0,1,1.0,1,1.0,1,0.26638446256997206,44
1510,2,2497,1213,1284,0,0,0,1.0,1,1.0,1,1.0,1,0.34014836577378016,42
1511,2,2499,1213,1286,0,0,0,1.0,1,1.0,1,1.0,1,0.3058581815490844,40
1512,3,2502,1216,1286,0,0,0,1.0,1,1.0,1,1.0,1,0.3678848694869656,39
1513,2,2504,1216,1288,0,0,0,1.0,1,1.0,1,1.0,1,0.3198529106119606,39
1514,1,2505,1216,1289,0,0,0,1.0,1,1.0,1,1.0,1,0.2842514343720646,38
1515,1,2506,1216,1290,0,0,0,1.0,1,1.0,1,1.0,1,0.2710297595670577,39
1516,1,2507,1216,1291,0,0,0,1.0,1,1.0,1,1.0,1,0.24799381910312723,39
1517,2,2509,1217,1292,0,0,0,1.0,1,1.0,1,1.0,1,0.236546852097087,39
1518,3,2512,1218,1294,0,0,0,1.0,1,1.0,1,1.0,1,0.21735706020941234,39
1519,0,2512,1218,1294,0,0,0,1.0,1,1.0,1,1.0,1,0.21735706020941234,39
1520,2,2514,1219,1295,0,0,0,1.0,1,1.0,1,1.0,1,0.24655536272629863,39
1521,1,2515,1220,1295,0,0,0,1.0,1,1.0,1,1.0,1,0.26846885646531987,40
1522,1,2516,1221,1295,0,0,0,1.0,1,1.0,1,1.0,1,0.2788272897259178,40
1523,2,2518,1221,1297,0,0,0,1.0,1,1.0,1,1.0,1,0.2308344546093402,41
1524,1,2519,1222,1297,0,0,0,1.0,1,1.0,1,1.0,1,0.2694089036654412,42
1525,1,2520,1223,1297,0,0,0,1.0,1,1.0,1,1.0,1,0.2847210752743932,45
1526,2,2522,1223,1299,0,0,0,1.0,1,1.0,1,1.0,1,0.23696672499483276,46
1527,0,2522,1223,1299,0,0,0,1.0,1,1.0,1,1.0,1,0.23696672499483276,46
1528,0,2522,1223,1299,0,0,0,1.0,1,1.0,1,1.0,1,0.24458096122221915,47
1529,1,2523,1223,1300,0,0,0,1.0,1,1.0,1,1.0,1,0.21053331211390702,47
1530,2,2525,1223,1302,0,0,0,1.0,1,1.0,1,1.0,1,0.1944184913614717,48
1531,0,2525,1223,1302,0,0,0,1.0,1,1.0,1,1.0,1,0.2107802044754481,46
1532,1,2526,1223,1303,0,0,0,1.0,1,1.0,1,1.0,1,0.1976197228292628,47
1533,0,2526,1223,1303,0,0,0,1.0,1,1.0,1,1.0,1,0.19591789590154732,46
1534,0,2526,1223,1303,0,0,0,1.0,1,1.0,1,1.0,1,0.198659340115827,47
1535,2,2528,1224,1304,0,0,0,1.0,1,1.0,1,1.0,1,0.1810256744445914,47
1536,1,2529,1224,1305,0,0,0,1.0,1,1.0,1,1.0,1,0.18173407337458644,48
1537,0,2529,1224,1305,0,0,0,1.0,1,1.0,1,1.0,1,0.18156955208915163,46
1538,0,2529,1224,1305,0,0,0,1.0,1,1.0,1,1.0,1,0.19286365203252395,47
1539,1,2530,1224,1306,0,0,0,1.0,1,1.0,1,1.0,1,0.2133399459744854,47
1540,4,2534,1226,1308,0,0,0,1.0,1,1.0,1,1.0,1,0.19300686457981656,47
1541,1,2535,1226,1309,0,0,0,1.0,1,1.0,1,1.0,1,0.18308168095064606,47
1542,4,2539,1229,1310,0,0,0,1.0,1,1.0,1,1.0,1,0.24351738742437617,50
1543,5,2544,1232,1312,0,0,0,1.0,1,1.0,1,1.0,1,0.2530479542530217,47
1544,5,2549,1235,1314,0,0,0,1.0,1,1.0,1,1.0,1,0.25239523736386643,48
1545,1,2550,1236,1314,0,0,0,1.0,1,1.0,1,1.0,1,0.24498654117321983,47
1546,5,2555,1237,1318,0,0,0,1.0,1,1.0,1,1.0,1,0.1975159643044298,47
1547,2,2557,1238,1319,0,0,0,1.0,1,1.0,1,1.0,1,0.18767736070107258,47
1548,3,2560,1241,1319,0,0,0,1.0,1,1.0,1,1.0,1,0.20810999487307036,47
1549,4,2564,1245,1319,0,0,0,1.0,1,1.0,1,1.0,1,0.21343051002936625,46
1550,5,2569,1248,1321,0,0,0,1.0,1,1.0,1,1.0,1,0.20783066245505846,44
1551,4,2573,1249,1324,0,0,0,1.0,1,1.0,1,1.0,1,0.18625024343770236,45
1552,4,2577,1252,1325,0,0,0,1.0,1,1.0,1,1.0,1,0.24106230684749694,43
1553,3,2580,1253,1327,0,0,0,1.0,1,1.0,1,1.0,1,0.235972446800653,43
1554,0,2580,1253,1327,0,0,0,1.0,1,1.0,1,1.0,1,0.26903337011808715,41
1555,2,2582,1253,1329,0,0,0,1.0,1,1.0,1,1.0,1,0.2471517287576104,44
1556,2,2584,1254,1330,0,0,0,1.0,1,1.0,1,1.0,1,0.2289338836421259,45
1557,0,2584,1254,1330,0,0,0,1.0,1,1.0,1,1.0,1,0.2289338836421259,45
1558,1,2585,1254,1331,0,0,0,1.0,1,1.0,1,1.0,1,0.23645465645979966,46
1559,1,2586,1254,1332,0,0,0,1.0,1,1.0,1,1.0,1,0.2162967033209266,47
1560,2,2588,1256,1332,0,0,0,1.0,1,1.0,1,1.0,1,0.17943468067921034,46
1561,1,2589,1256,1333,0,0,0,1.0,1,1.0,1,1.0,1,0.15996508659937508,47
1562,0,2589,1256,1333,0,0,0,1.0,1,1.0,1,1.0,1,0.1695826563661077,47
1563,0,2589,1256,1333,0,0,0,1.0,1,1.0,1,1.0,1,0.1695826563661077,47
1564,0,2589,1256,1333,0,0,0,1.0,1,1.0,1,1.0,1,0.1695826563661077,47
1565,0,2589,1256,1333,0,0,0,1.0,1,1.0,1,1.0,1,0.21333111566254287,48
1566,1,2590,1257,1333,0,0,0,1.0,1,1.0,1,1.0,1,0.21815828928831135,48
1567,2,2592,1257,1335,0,0,0,1.0,1,1.0,1,1.0,1,0.22548624602631834,48
1568,3,2595,1260,1335,0,0,0,1.0,1,1.0,1,1.0,1,0.2705837161671641,48
1569,0,2595,1260,1335,0,0,0,1.0,1,1.0,1,1.0,1,0.24557334505733155,45
1570,1,2596,1261,1335,0,0,0,1.0,1,1.0,1,1.0,1,0.262385274079689,44
1571,3,2599,1263,1336,0,0,0,1.0,1,1.0,1,1.0,1,0.24659514755272954,42
1572,6,2605,1264,1341,0,0,0,1.0,1,1.0,1,1.0,1,0.18322135666072045,43
1573,1,2606,1264,1342,0,0,0,1.0,1,1.0,1,1.0,1,0.16377877771686788,43
1574,3,2609,1266,1343,0,0,0,1.0,1,1.0,1,1.0,1,0.17180166575606398,42
1575,2,2611,1268,1343,0,0,0,1.0,1,1.0,1,1.0,1,0.20682235025930026,43
1576,5,2616,1271,1345,0,0,0,1.0,1,1.0,1,1.0,1,0.20620445996692965,41
1577,1,2617,1272,1345,0,0,0,1.0,1,1.0,1,1.0,1,0.22849846202915575,40
1578,0,2617,1272,1345,0,0,0,1.0,1,1.0,1,1.0,1,0.2197569778363144,40
1579,0,2617,1272,1345,0,0,0,1.0,1,1.0,1,1.0,1,0.21877531337040731,40
1580,0,2617,1272,1345,0,0,0,1.0,1,1.0,1,1.0,1,0.21877531337040731,40
1581,2,2619,1273,1346,0,0,0,1.0,1,1.0,1,1.0,1,0.21694758086866836,40
1582,6,2625,1276,1349,0,0,0,1.0,1,1.0,1,1.0,1,0.21973163338671392,40
1583,2,2627,1278,1349,0,0,0,1.0,1,1.0,1,1.0,1,0.24594054530218365,38
1584,5,2632,1282,1350,0,0,0,1.0,1,1.0,1,1.0,1,0.2919939075194217,39
1585,6,2638,1285,1353,0,0,0,1.0,1,1.0,1,1.0,1,0.20902943052128584,38
1586,3,2641,1287,1354,0,0,0,1.0,1,1.0,1,1.0,1,0.18896511573659544,38
1587,2,2643,1289,1354,0,0,0,1.0,1,1.0,1,1.0,1,0.206345527039733,37
1588,2,2645,1290,1355,0,0,0,1.0,1,1.0,1,1.0,1,0.20196139989012535,39
1589,2,2647,1292,1355,0,0,0,1.0,1,1.0,1,1.0,1,0.21568233023316608,37
1590,2,2649,1294,1355,0,0,0,1.0,1,1.0,1,1.0,1,0.25803957820046153,37
1591,4,2653,1295,1358,0,0,0,1.0,1,1.0,1,1.0,1,0.22469865119815077,36
1592,0,2653,1295,1358,0,0,0,1.0,1,1.0,1,1.0,1,0.2678118085965259,34
1593,0,2653,1295,1358,0,0,0,1.0,1,1.0,1,1.0,1,0.3010867185155263,33
1594,0,2653,1295,1358,0,0,0,1.0,1,1.0,1,1.0,1,0.3436091518799392,31
1595,3,2656,1296,1360,0,0,0,1.0,1,1.0,1,1.0,1,0.2827021835925566,34
1596,1,2657,1296,1361,0,0,0,1.0,1,1.0,1,1.0,1,0.2646924757124378,33
1597,0,2657,1296,1361,0,0,0,1.0,1,1.0,1,1.0,1,0.2646924757124378,33
1598,0,2657,1296,1361,0,0,0,1.0,1,1.0,1,1.0,1,0.2289055303701743,33
1599,0,2657,1296,1361,0,0,0,1.0,1,1.0,1,1.0,1,0.2289055303701743,33
1600,2,2659,1297,1362,0,0,0,1.0,1,1.0,1,1.0,1,0.21840764893708386,34
1601,2,2661,1298,1363,0,0,0,1.0,1,1.0,1,1.0,1,0.2222217320719521,35
1602,1,2662,1298,1364,0,0,0,1.0,1,1.0,1,1.0,1,0.16770867403540746,36
1603,1,2663,1299,1364,0,0,0,1.0,1,1.0,1,1.0,1,0.2260958708439381,38
1604,0,2663,1299,1364,0,0,0,1.0,1,1.0,1,1.0,1,0.2260958708439381,38
1605,0,2663,1299,1364,0,0,0,1.0,1,1.0,1,1.0,1,0.2260958708439381,38
1606,5,2668,1301,1367,0,0,0,1.0,1,1.0,1,1.0,1,0.25515942889501764,39
1607,2,2670,1302,1368,0,0,0,1.0,1,1.0,1,1.0,1,0.28849619849266944,37
1608,4,2674,1305,1369,0,0,0,1.0,1,1.0,1,1.0,1,0.33720825925612846,36
1609,0,2674,1305,1369,0,0,0,1.0,1,1.0,1,1.0,1,0.3100493696693524,34
1610,1,2675,1306,1369,0,0,0,1.0,1,1.0,1,1.0,1,0.3121952566118898,34
1611,6,2681,1308,1373,0,0,0,1.0,1,1.0,1,1.0,1,0.24443047144536983,35
1612,1,2682,1308,1374,0,0,0,1.0,1,1.0,1,1.0,1,0.24745664819691948,33
1613,0,2682,1308,1374,0,0,0,1.0,1,1.0,1,1.0,1,0.2549596655965352,34
1614,2,2684,1309,1375,0,0,0,1.0,1,1.0,1,1.0,1,0.19255432419309604,35
1615,0,2684,1309,1375,0,0,0,1.0,1,1.0,1,1.0,1,0.19255432419309604,35
1616,2,2686,1309,1377,0,0,0,1.0,1,1.0,1,1.0,1,0.16321279180831283,37
1617,1,2687,1310,1377,0,0,0,1.0,1,1.0,1,1.0,1,0.1979038897239509,38
1618,2,2689,1311,1378,0,0,0,1.0,1,1.0,1,1.0,1,0.19770027655781985,38
1619,0,2689,1311,1378,0,0,0,1.0,1,1.0,1,1.0,1,0.20320674505424116,38
1620,4,2693,1313,1380,0,0,0,1.0,1,1.0,1,1.0,1,0.2031027144125422,39
1621,1,2694,1314,1380,0,0,0,1.0,1,1.0,1,1.0,1,0.20601671468003793,37
1622,0,2694,1314,1380,0,0,0,1.0,1,1.0,1,1.0,1,0.23702040234712227,37
1623,1,2695,1315,1380,0,0,0,1.0,1,1.0,1,1.0,1,0.24880238499418797,37
1624,2,2697,1316,1381,0,0,0,1.0,1,1.0,1,1.0,1,0.21530827312009626,37
1625,1,2698,1317,1381,0,0,0,1.0,1,1.0,1,1.0,1,0.26875262235465736,35
1626,1,2699,1318,1381,0,0,0,1.0,1,1.0,1,1.0,1,0.3044413492762992,35
1627,1,2700,1319,1381,0,0,0,1.0,1,1.0,1,1.0,1,0.29504614700744636,34
1628,3,2703,1321,1382,0,0,0,1.0,1,1.0,1,1.0,1,0.35430545582105605,35
1629,4,2707,1324,1383,0,0,0,1.0,1,1.0,1,1.0,1,0.38879598803876164,34
1630,1,2708,1324,1384,0,0,0,1.0,1,1.0,1,1.0,1,0.32289138057819244,32
1631,1,2709,1324,1385,0,0,0,1.0,1,1.0,1,1.0,1,0.29844190199502774,33
1632,0,2709,1324,1385,0,0,0,1.0,1,1.0,1,1.0,1,0.29316458316921074,32
1633,0,2709,1324,1385,0,0,0,1.0,1,1.0,1,1.0,1,0.28140318055419694,31
1634,0,2709,1324,1385,0,0,0,1.0,1,1.0,1,1.0,1,0.28140318055419694,31
1635,1,2710,1324,1386,0,0,0,1.0,1,1.0,1,1.0,1,0.2758068116716821,31
1636,2,2712,1325,1387,0,0,0,1.0,1,1.0,1,1.0,1,0.28737641908103345,33
1637,0,2712,1325,1387,0,0,0,1.0,1,1.0,1,1.0,1,0.28737641908103345,33
1638,0,2712,1325,1387,0,0,0,1.0,1,1.0,1,1.0,1,0.3040291719747752,36
1639,0,2712,1325,1387,0,0,0,1.0,1,1.0,1,1.0,1,0.3040291719747752,36
1640,1,2713,1326,1387,0,0,0,1.0,1,1.0,1,1.0,1,0.3269030191158756,36
1641,2,2715,1327,1388,0,0,0,1.0,1,1.0,1,1.0,1,0.3008048479903871,38
1642,3,2718,1329,1389,0,0,0,1.0,1,1.0,1,1.0,1,0.2932618811160249,37
1643,2,2720,1331,1389,0,0,0,1.0,1,1.0,1,1.0,1,0.3093096064439025,37
1644,3,2723,1333,1390,0,0,0,1.0,1,1.0,1,1.0,1,0.3723627459442819,38
1645,0,2723,1333,1390,0,0,0,1.0,1,1.0,1,1.0,1,0.38082735231021275,36
1646,2,2725,1333,1392,0,0,0,1.0,1,1.0,1,1.0,1,0.33566525439698247,37
1647,1,2726,1334,1392,0,0,0,1.0,1,1.0,1,1.0,1,0.4079455662476461,35
1648,2,2728,1334,1394,0,0,0,1.0,1,1.0,1,1.0,1,0.3799557940121382,38
1649,1,2729,1335,1394,0,0,0,1.0,1,1.0,1,1.0,1,0.3721483476311503,35
1650,0,2729,1335,1394,0,0,0,1.0,1,1.0,1,1.0,1,0.3900281173656433,34
1651,0,2729,1335,1394,0,0,0,1.0,1,1.0,1,1.0,1,0.4225022997683415,32
1652,0,2729,1335,1394,0,0,0,1.0,1,1.0,1,1.0,1,0.42975881336346194,33
1653,0,2729,1335,1394,0,0,0,1.0,1,1.0,1,1.0,1,0.42975881336346194,33
1654,1,2730,1335,1395,0,0,0,1.0,1,1.0,1,1.0,1,0.40994048031701774,34
1655,4,2734,1335,1399,0,0,0,1.0,1,1.0,1,1.0,1,0.3514898696413423,35
1656,2,2736,1335,1401,0,0,0,1.0,1,1.0,1,1.0,1,0.31475078428681225,35
1657,3,2739,1335,1404,0,0,0,1.0,1,1.0,1,1.0,1,0.2729855998309379,36
1658,2,2741,1337,1404,0,0,0,1.0,1,1.0,1,1.0,1,0.2576124198721886,36
1659,1,2742,1337,1405,0,0,0,1.0,1,1.0,1,1.0,1,0.23376230343962734,36
1660,4,2746,1340,1406,0,0,0,1.0,1,1.0,1,1.0,1,0.24715256941739608,38
1661,1,2747,1340,1407,0,0,0,1.0,1,1.0,1,1.0,1,0.21305723393448925,38
1662,3,2750,1343,1407,0,0,0,1.0,1,1.0,1,1.0,1,0.23268403708979066,39
1663,1,2751,1344,1407,0,0,0,1.0,1,1.0,1,1.0,1,0.24589904112276204,40
1664,3,2754,1346,1408,0,0,0,1.0,1,1.0,1,1.0,1,0.2715089325130154,39
1665,5,2759,1347,1412,0,0,0,1.0,1,1.0,1,1.0,1,0.23281726519897153,40
1666,3,2762,1347,1415,0,0,0,1.0,1,1.0,1,1.0,1,0.1963450236122032,40
1667,2,2764,1349,1415,0,0,0,1.0,1,1.0,1,1.0,1,0.2103695981888141,40
1668,0,2764,1349,1415,0,0,0,1.0,1,1.0,1,1.0,1,0.21176910837782453,41
1669,0,2764,1349,1415,0,0,0,1.0,1,1.0,1,1.0,1,0.1987913529910188,40
1670,2,2766,1351,1415,0,0,0,1.0,1,1.0,1,1.0,1,0.16381015290584455,40
1671,1,2767,1351,1416,0,0,0,1.0,1,1.0,1,1.0,1,0.17426198578884708,41
1672,2,2769,1353,1416,0,0,0,1.0,1,1.0,1,1.0,1,0.22445492862005612,40
1673,1,2770,1354,1416,0,0,0,1.0,1,1.0,1,1.0,1,0.24734910785985426,39
1674,2,2772,1355,1417,0,0,0,1.0,1,1.0,1,1.0,1,0.26793042911103654,40
1675,0,2772,1355,1417,0,0,0,1.0,1,1.0,1,1.0,1,0.2688511655413505,38
1676,2,2774,1355,1419,0,0,0,1.0,1,1.0,1,1.0,1,0.20963395731460718,39
1677,0,2774,1355,1419,0,0,0,1.0,1,1.0,1,1.0,1,0.20987092716112998,39
1678,0,2774,1355,1419,0,0,0,1.0,1,1.0,1,1.0,1,0.20987092716112998,39
1679,1,2775,1356,1419,0,0,0,1.0,1,1.0,1,1.0,1,0.21694847840884363,39
1680,2,2777,1356,1421,0,0,0,1.0,1,1.0,1,1.0,1,0.16953059212053637,41
1681,1,2778,1357,1421,0,0,0,1.0,1,1.0,1,1.0,1,0.192158595085132,41
1682,4,2782,1358,1424,0,0,0,1.0,1,1.0,1,1.0,1,0.16872159983048873,43
1683,5,2787,1363,1424,0,0,0,1.0,1,1.0,1,1.0,1,0.24737340329960403,43
1684,2,2789,1364,1425,0,0,0,1.0,1,1.0,1,1.0,1,0.2041432087703324,42
1685,3,2792,1364,1428,0,0,0,1.0,1,1.0,1,1.0,1,0.17772901644175707,41
1686,4,2796,1366,1430,0,0,0,1.0,1,1.0,1,1.0,1,0.21368693841811143,41
1687,0,2796,1366,1430,0,0,0,1.0,1,1.0,1,1.0,1,0.19846864127291042,40
1688,3,2799,1369,1430,0,0,0,1.0,1,1.0,1,1.0,1,0.26528415879606276,39
1689,1,2800,1370,1430,0,0,0,1.0,1,1.0,1,1.0,1,0.3152015153973009,38
1690,0,2800,1370,1430,0,0,0,1.0,1,1.0,1,1.0,1,0.30904901610211977,38
1691,3,2803,1371,1432,0,0,0,1.0,1,1.0,1,1.0,1,0.29393803718489575,36
1692,1,2804,1372,1432,0,0,0,1.0,1,1.0,1,1.0,1,0.30032004125130046,36
1693,1,2805,1373,1432,0,0,0,1.0,1,1.0,1,1.0,1,0.30154710824280045,35
1694,0,2805,1373,1432,0,0,0,1.0,1,1.0,1,1.0,1,0.31100362729097186,33
1695,1,2806,1373,1433,0,0,0,1.0,1,1.0,1,1.0,1,0.3166749687665752,34
1696,2,2808,1373,1435,0,0,0,1.0,1,1.0,1,1.0,1,0.2886284954756695,35
1697,0,2808,1373,1435,0,0,0,1.0,1,1.0,1,1.0,1,0.2735504791668946,36
1698,2,2810,1375,1435,0,0,0,1.0,1,1.0,1,1.0,1,0.33027886618323365,38
1699,1,2811,1376,1435,0,0,0,1.0,1,1.0,1,1.0,1,0.35428777159021174,38
1700,4,2815,1376,1439,0,0,0,1.0,1,1.0,1,1.0,1,0.26499059732607166,39
1701,2,2817,1376,1441,0,0,0,1.0,1,1.0,1,1.0,1,0.2279497619928329,40
1702,3,2820,1379,1441,0,0,0,1.0,1,1.0,1,1.0,1,0.2558595833578402,41
1703,3,2823,1380,1443,0,0,0,1.0,1,1.0,1,1.0,1,0.2540420739702076,41
1704,6,2829,1384,1445,0,0,0,1.0,1,1.0,1,1.0,1,0.2651451633478,41
1705,1,2830,1384,1446,0,0,0,1.0,1,1.0,1,1.0,1,0.2074413211480227,40
1706,0,2830,1384,1446,0,0,0,1.0,1,1.0,1,1.0,1,0.2074413211480227,40
1707,1,2831,1385,1446,0,0,0,1.0,1,1.0,1,1.0,1,0.19092785554496888,39
1708,0,2831,1385,1446,0,0,0,1.0,1,1.0,1,1.0,1,0.19092785554496888,39
1709,1,2832,1386,1446,0,0,0,1.0,1,1.0,1,1.0,1,0.18913532162547914,38
1710,4,2836,1389,1447,0,0,0,1.0,1,1.0,1,1.0,1,0.2475469213575168,39
1711,1,2837,1389,1448,0,0,0,1.0,1,1.0,1,1.0,1,0.23887494415043928,38
1712,0,2837,1389,1448,0,0,0,1.0,1,1.0,1,1.0,1,0.23887494415043928,38
1713,0,2837,1389,1448,0,0,0,1.0,1,1.0,1,1.0,1,0.2670559462349228,37
1714,0,2837,1389,1448,0,0,0,1.0,1,1.0,1,1.0,1,0.2815048158273622,38
1715,2,2839,1390,1449,0,0,0,1.0,1,1.0,1,1.0,1,0.263733451157089,40
1716,0,2839,1390,1449,0,0,0,1.0,1,1.0,1,1.0,1,0.2734016007399762,39
1717,2,2841,1392,1449,0,0,0,1.0,1,1.0,1,1.0,1,0.2613030069841353,38
1718,1,2842,1392,1450,0,0,0,1.0,1,1.0,1,1.0,1,0.2853699820089771,38
1719,1,2843,1393,1450,0,0,0,1.0,1,1.0,1,1.0,1,0.30210171697248006,38
1720,2,2845,1393,1452,0,0,0,1.0,1,1.0,1,1.0,1,0.26942291086479037,41
1721,1,2846,1393,1453,0,0,0,1.0,1,1.0,1,1.0,1,0.22522249261799127,39
1722,1,2847,1394,1453,0,0,0,1.0,1,1.0,1,1.0,1,0.24650243749105102,40
1723,3,2850,1397,1453,0,0,0,1.0,1,1.0,1,1.0,1,0.24722118114380906,38
1724,0,2850,1397,1453,0,0,0,1.0,1,1.0,1,1.0,1,0.25816640887153525,37
1725,1,2851,1397,1454,0,0,0,1.0,1,1.0,1,1.0,1,0.26251145178672647,38
1726,1,2852,1397,1455,0,0,0,1.0,1,1.0,1,1.0,1,0.20168656380533603,37
1727,0,2852,1397,1455,0,0,0,1.0,1,1.0,1,1.0,1,0.20168656380533603,37
1728,0,2852,1397,1455,0,0,0,1.0,1,1.0,1,1.0,1,0.19504258881823322,35
1729,1,2853,1398,1455,0,0,0,1.0,1,1.0,1,1.0,1,0.20407845367842978,37
1730,1,2854,1399,1455,0,0,0,1.0,1,1.0,1,1.0,1,0.2803571441955414,37
1731,1,2855,1399,1456,0,0,0,1.0,1,1.0,1,1.0,1,0.2627561955205854,37
1732,2,2857,1399,1458,0,0,0,1.0,1,1.0,1,1.0,1,0.28001763902215554,37
1733,2,2859,1401,1458,0,0,0,1.0,1,1.0,1,1.0,1,0.2701207061927554,36
1734,0,2859,1401,1458,0,0,0,1.0,1,1.0,1,1.0,1,0.2910702825843796,35
1735,2,2861,1403,1458,0,0,0,1.0,1,1.0,1,1.0,1,0.3117757020786865,34
1736,2,2863,1403,1460,0,0,0,1.0,1,1.0,1,1.0,1,0.26501969134519815,35
1737,2,2865,1405,1460,0,0,0,1.0,1,1.0,1,1.0,1,0.26562626940569867,36
1738,2,2867,1405,1462,0,0,0,1.0,1,1.0,1,1.0,1,0.23949938830695858,37
1739,1,2868,1406,1462,0,0,0,1.0,1,1.0,1,1.0,1,0.21980341743871093,38
1740,0,2868,1406,1462,0,0,0,1.0,1,1.0,1,1.0,1,0.23259129728075653,37
1741,2,2870,1407,1463,0,0,0,1.0,1,1.0,1,1.0,1,0.22099002374376145,38
1742,5,2875,1410,1465,0,0,0,1.0,1,1.0,1,1.0,1,0.28490675155984835,39
1743,2,2877,1412,1465,0,0,0,1.0,1,1.0,1,1.0,1,0.2787186757843486,37
1744,2,2879,1414,1465,0,0,0,1.0,1,1.0,1,1.0,1,0.3142574934075533,38
1745,2,2881,1415,1466,0,0,0,1.0,1,1.0,1,1.0,1,0.284564514724807,37
1746,2,2883,1415,1468,0,0,0,1.0,1,1.0,1,1.0,1,0.22208560076318734,38
1747,1,2884,1415,1469,0,0,0,1.0,1,1.0,1,1.0,1,0.19575277253227286,38
1748,1,2885,1416,1469,0,0,0,1.0,1,1.0,1,1.0,1,0.20992645102488697,38
1749,0,2885,1416,1469,0,0,0,1.0,1,1.0,1,1.0,1,0.22351400972213137,37
1750,3,2888,1417,1471,0,0,0,1.0,1,1.0,1,1.0,1,0.17192820194449768,39
1751,1,2889,1417,1472,0,0,0,1.0,1,1.0,1,1.0,1,0.1728094471096271,38
1752,0,2889,1417,1472,0,0,0,1.0,1,1.0,1,1.0,1,0.1791417655608862,39
1753,0,2889,1417,1472,0,0,0,1.0,1,1.0,1,1.0,1,0.17666149370568698,40
1754,1,2890,1418,1472,0,0,0,1.0,1,1.0,1,1.0,1,0.2277742817455968,41
1755,1,2891,1418,1473,0,0,0,1.0,1,1.0,1,1.0,1,0.2348978582210068,41
1756,4,2895,1419,1476,0,0,0,1.0,1,1.0,1,1.0,1,0.20593751840359117,42
1757,1,2896,1420,1476,0,0,0,1.0,1,1.0,1,1.0,1,0.24932652504788141,42
1758,1,2897,1420,1477,0,0,0,1.0,1,1.0,1,1.0,1,0.22973214849871576,42
1759,0,2897,1420,1477,0,0,0,1.0,1,1.0,1,1.0,1,0.2524163283438314,39
1760,3,2900,1422,1478,0,0,0,1.0,1,1.0,1,1.0,1,0.34716724222643924,39
1761,8,2908,1425,1483,0,0,0,1.0,1,1.0,1,1.0,1,0.2954604259287904,38
1762,0,2908,1425,1483,0,0,0,1.0,1,1.0,1,1.0,1,0.3074568388557624,37
1763,1,2909,1425,1484,0,0,0,1.0,1,1.0,1,1.0,1,0.29050387298308533,37
1764,3,2912,1427,1485,0,0,0,1.0,1,1.0,1,1.0,1,0.21020870653351,36
1765,2,2914,1429,1485,0,0,0,1.0,1,1.0,1,1.0,1,0.21137866595984048,37
1766,4,2918,1429,1489,0,0,0,1.0,1,1.0,1,1.0,1,0.10577814653816496,36
1767,0,2918,1429,1489,0,0,0,1.0,1,1.0,1,1.0,1,0.10577814653816496,36
1768,0,2918,1429,1489,0,0,0,1.0,1,1.0,1,1.0,1,0.10577814653816496,36
1769,1,2919,1429,1490,0,0,0,1.0,1,1.0,1,1.0,1,0.11171851330648778,38
1770,1,2920,1430,1490,0,0,0,1.0,1,1.0,1,1.0,1,0.14832574593252276,38
1771,0,2920,1430,1490,0,0,0,1.0,1,1.0,1,1.0,1,0.14832574593252276,38
1772,0,2920,1430,1490,0,0,0,1.0,1,1.0,1,1.0,1,0.14311425498438407,40
1773,1,2921,1431,1490,0,0,0,1.0,1,1.0,1,1.0,1,0.19363937521210373,40
1774,0,2921,1431,1490,0,0,0,1.0,1,1.0,1,1.0,1,0.19363937521210373,40
1775,1,2922,1431,1491,0,0,0,1.0,1,1.0,1,1.0,1,0.1959986841673068,41
1776,0,2922,1431,1491,0,0,0,1.0,1,1.0,1,1.0,1,0.17158567362155483,43
1777,1,2923,1431,1492,0,0,0,1.0,1,1.0,1,1.0,1,0.1701706962243172,44
1778,2,2925,1433,1492,0,0,0,1.0,1,1.0,1,1.0,1,0.16752031930699726,44
1779,0,2925,1433,1492,0,0,0,1.0,1,1.0,1,1.0,1,0.16752031930699726,44
1780,0,2925,1433,1492,0,0,0,1.0,1,1.0,1,1.0,1,0.1870801698128874,46
1781,2,2927,1434,1493,0,0,0,1.0,1,1.0,1,1.0,1,0.1664606161092342,46
1782,4,2931,1437,1494,0,0,0,1.0,1,1.0,1,1.0,1,0.22237117136117232,45
1783,1,2932,1438,1494,0,0,0,1.0,1,1.0,1,1.0,1,0.254943710320281,44
1784,4,2936,1440,1496,0,0,0,1.0,1,1.0,1,1.0,1,0.31637134140151285,44
1785,3,2939,1442,1497,0,0,0,1.0,1,1.0,1,1.0,1,0.2943619802390712,42
1786,5,2944,1444,1500,0,0,0,1.0,1,1.0,1,1.0,1,0.21674891252525952,42
1787,0,2944,1444,1500,0,0,0,1.0,1,1.0,1,1.0,1,0.21790529111382317,41
1788,4,2948,1445,1503,0,0,0,1.0,1,1.0,1,1.0,1,0.23425469185959372,41
1789,2,2950,1446,1504,0,0,0,1.0,1,1.0,1,1.0,1,0.23493956528651772,41
1790,3,2953,1448,1505,0,0,0,1.0,1,1.0,1,1.0,1,0.21733588783237828,41
1791,5,2958,1449,1509,0,0,0,1.0,1,1.0,1,1.0,1,0.12765314597687147,41
1792,1,2959,1449,1510,0,0,0,1.0,1,1.0,1,1.0,1,0.12431039566166056,43
1793,1,2960,1450,1510,0,0,0,1.0,1,1.0,1,1.0,1,0.12170913313139457,43
1794,3,2963,1453,1510,0,0,0,1.0,1,1.0,1,1.0,1,0.16526618375230762,41
1795,4,2967,1456,1511,0,0,0,1.0,1,1.0,1,1.0,1,0.18371799883135267,41
1796,2,2969,1457,1512,0,0,0,1.0,1,1.0,1,1.0,1,0.17877297977057108,40
1797,1,2970,1458,1512,0,0,0,1.0,1,1.0,1,1.0,1,0.2031422018081802,38
1798,0,2970,1458,1512,0,0,0,1.0,1,1.0,1,1.0,1,0.2031422018081802,38
1799,1,2971,1459,1512,0,0,0,1.0,1,1.0,1,1.0,1,0.27170306414889395,37
1800,2,2973,1460,1513,0,0,0,1.0,1,1.0,1,1.0,1,0.3181216082603423,35
1801,1,2974,1460,1514,0,0,0,1.0,1,1.0,1,1.0,1,0.2778025536044199,34
1802,0,2974,1460,1514,0,0,0,1.0,1,1.0,1,1.0,1,0.2619300751442423,33
1803,0,2974,1460,1514,0,0,0,1.0,1,1.0,1,1.0,1,0.2619300751442423,33
1804,2,2976,1462,1514,0,0,0,1.0,1,1.0,1,1.0,1,0.31278895035946014,33
1805,2,2978,1462,1516,0,0,0,1.0,1,1.0,1,1.0,1,0.26236590448240993,35
1806,3,2981,1464,1517,0,0,0,1.0,1,1.0,1,1.0,1,0.3179760241364037,36
1807,1,2982,1464,1518,0,0,0,1.0,1,1.0,1,1.0,1,0.299772353959234,35
1808,2,2984,1464,1520,0,0,0,1.0,1,1.0,1,1.0,1,0.25974028200946475,37
1809,0,2984,1464,1520,0,0,0,1.0,1,1.0,1,1.0,1,0.2526420838058953,35
1810,0,2984,1464,1520,0,0,0,1.0,1,1.0,1,1.0,1,0.26567442025572224,36
1811,0,2984,1464,1520,0,0,0,1.0,1,1.0,1,1.0,1,0.27334396344158396,34
1812,1,2985,1464,1521,0,0,0,1.0,1,1.0,1,1.0,1,0.2622490089252233,36
1813,0,2985,1464,1521,0,0,0,1.0,1,1.0,1,1.0,1,0.27879739738383896,35
1814,1,2986,1465,1521,0,0,0,1.0,1,1.0,1,1.0,1,0.2936763193552108,36
1815,0,2986,1465,1521,0,0,0,1.0,1,1.0,1,1.0,1,0.305874000611193,35
1816,3,2989,1468,1521,0,0,0,1.0,1,1.0,1,1.0,1,0.2468833508394473,35
1817,1,2990,1468,1522,0,0,0,1.0,1,1.0,1,1.0,1,0.22765773839686523,35
1818,4,2994,1472,1522,0,0,0,1.0,1,1.0,1,1.0,1,0.19354187640432824,36
1819,4,2998,1474,1524,0,0,0,1.0,1,1.0,1,1.0,1,0.21934644111471988,37
1820,2,3000,1474,1526,0,0,0,1.0,1,1.0,1,1.0,1,0.21753054697967014,37
1821,2,3002,1475,1527,0,0,0,1.0,1,1.0,1,1.0,1,0.1716521518713123,38
1822,5,3007,1478,1529,0,0,0,1.0,1,1.0,1,1.0,1,0.19966627531067266,37
1823,4,3011,1481,1530,0,0,0,1.0,1,1.0,1,1.0,1,0.22341071211687877,36
1824,3,3014,1484,1530,0,0,0,1.0,1,1.0,1,1.0,1,0.2533084928934065,36
1825,2,3016,1486,1530,0,0,0,1.0,1,1.0,1,1.0,1,0.252565797159837,34
1826,4,3020,1487,1533,0,0,0,1.0,1,1.0,1,1.0,1,0.18729685040629254,35
1827,1,3021,1488,1533,0,0,0,1.0,1,1.0,1,1.0,1,0.18192623302411248,34
1828,1,3022,1489,1533,0,0,0,1.0,1,1.0,1,1.0,1,0.17613319655998838,33
1829,1,3023,1489,1534,0,0,0,1.0,1,1.0,1,1.0,1,0.14930025578352218,31
1830,0,3023,1489,1534,0,0,0,1.0,1,1.0,1,1.0,1,0.17668370834809427,31
1831,1,3024,1490,1534,0,0,0,1.0,1,1.0,1,1.0,1,0.1794902872271914,30
1832,1,3025,1491,1534,0,0,0,1.0,1,1.0,1,1.0,1,0.16811451179831752,29
1833,2,3027,1493,1534,0,0,0,1.0,1,1.0,1,1.0,1,0.2501602231207318,28
1834,1,3028,1493,1535,0,0,0,1.0,1,1.0,1,1.0,1,0.24543220855105116,27
1835,3,3031,1496,1535,0,0,0,1.0,1,1.0,1,1.0,1,0.3151154268979579,26
1836,4,3035,1498,1537,0,0,0,1.0,1,1.0,1,1.0,1,0.3261165346247648,26
1837,3,3038,1499,1539,0,0,0,1.0,1,1.0,1,1.0,1,0.380804981190559,25
1838,0,3038,1499,1539,0,0,0,1.0,1,1.0,1,1.0,1,0.35844186753335133,25
1839,0,3038,1499,1539,0,0,0,1.0,1,1.0,1,1.0,1,0.4061487567059145,24
1840,1,3039,1500,1539,0,0,0,1.0,1,1.0,1,1.0,1,0.4136042256320847,23
1841,1,3040,1500,1540,0,0,0,1.0,1,1.0,1,1.0,1,0.34157121154536063,22
1842,3,3043,1501,1542,0,0,0,1.0,1,1.0,1,1.0,1,0.32127400022235186,23
1843,0,3043,1501,1542,0,0,0,1.0,1,1.0,1,1.0,1,0.32127400022235186,23
1844,0,3043,1501,1542,0,0,0,1.0,1,1.0,1,1.0,1,0.32127400022235186,23
1845,2,3045,1503,1542,0,0,0,1.0,1,1.0,1,1.0,1,0.35958119338921746,23
1846,2,3047,1504,1543,0,0,0,1.0,1,1.0,1,1.0,1,0.3363965827406067,23
1847,0,3047,1504,1543,0,0,0,1.0,1,1.0,1,1.0,1,0.3570867036681959,24
1848,0,3047,1504,1543,0,0,0,1.0,1,1.0,1,1.0,1,0.3570867036681959,24
1849,1,3048,1504,1544,0,0,0,1.0,1,1.0,1,1.0,1,0.36391645598217387,25
1850,0,3048,1504,1544,0,0,0,1.0,1,1.0,1,1.0,1,0.36391645598217387,25
1851,0,3048,1504,1544,0,0,0,1.0,1,1.0,1,1.0,1,0.36391645598217387,25
1852,0,3048,1504,1544,0,0,0,1.0,1,1.0,1,1.0,1,0.36391645598217387,25
1853,0,3048,1504,1544,0,0,0,1.0,1,1.0,1,1.0,1,0.3760243047606471,25
1854,0,3048,1504,1544,0,0,0,1.0,1,1.0,1,1.0,1,0.3760243047606471,25
1855,1,3049,1504,1545,0,0,0,1.0,1,1.0,1,1.0,1,0.36185566074014286,26
1856,0,3049,1504,1545,0,0,0,1.0,1,1.0,1,1.0,1,0.3510113850180978,27
1857,0,3049,1504,1545,0,0,0,1.0,1,1.0,1,1.0,1,0.34763122979596056,28
1858,2,3051,1506,1545,0,0,0,1.0,1,1.0,1,1.0,1,0.35390698548947047,28
1859,5,3056,1508,1548,0,0,0,1.0,1,1.0,1,1.0,1,0.367514349478336,28
1860,3,3059,1508,1551,0,0,0,1.0,1,1.0,1,1.0,1,0.3290552405851823,28
1861,0,3059,1508,1551,0,0,0,1.0,1,1.0,1,1.0,1,0.3290552405851823,28
1862,0,3059,1508,1551,0,0,0,1.0,1,1.0,1,1.0,1,0.3290552405851823,28
1863,1,3060,1509,1551,0,0,0,1.0,1,1.0,1,1.0,1,0.3546271604356966,29
1864,1,3061,1510,1551,0,0,0,1.0,1,1.0,1,1.0,1,0.34503329083592466,27
1865,2,3063,1511,1552,0,0,0,1.0,1,1.0,1,1.0,1,0.39090173772551523,26
1866,1,3064,1512,1552,0,0,0,1.0,1,1.0,1,1.0,1,0.43177171724545244,26
1867,0,3064,1512,1552,0,0,0,1.0,1,1.0,1,1.0,1,0.43177171724545244,26
1868,0,3064,1512,1552,0,0,0,1.0,1,1.0,1,1.0,1,0.43177171724545244,26
1869,1,3065,1512,1553,0,0,0,1.0,1,1.0,1,1.0,1,0.38343559586102594,26
1870,1,3066,1512,1554,0,0,0,1.0,1,1.0,1,1.0,1,0.3777295238124077,27
1871,1,3067,1512,1555,0,0,0,1.0,1,1.0,1,1.0,1,0.36625456201974516,27
1872,1,3068,1512,1556,0,0,0,1.0,1,1.0,1,1.0,1,0.31301160000187034,25
1873,0,3068,1512,1556,0,0,0,1.0,1,1.0,1,1.0,1,0.31301160000187034,25
1874,0,3068,1512,1556,0,0,0,1.0,1,1.0,1,1.0,1,0.32582462383831295,25
1875,0,3068,1512,1556,0,0,0,1.0,1,1.0,1,1.0,1,0.32582462383831295,25
1876,1,3069,1512,1557,0,0,0,1.0,1,1.0,1,1.0,1,0.31264319678460667,26
1877,1,3070,1512,1558,0,0,0,1.0,1,1.0,1,1.0,1,0.2613257626979174,27
1878,2,3072,1514,1558,0,0,0,1.0,1,1.0,1,1.0,1,0.2946967057473283,28
1879,1,3073,1514,1559,0,0,0,1.0,1,1.0,1,1.0,1,0.2496358794823406,29
1880,0,3073,1514,1559,0,0,0,1.0,1,1.0,1,1.0,1,0.2496358794823406,29
1881,0,3073,1514,1559,0,0,0,1.0,1,1.0,1,1.0,1,0.2496358794823406,29
1882,0,3073,1514,1559,0,0,0,1.0,1,1.0,1,1.0,1,0.23278146724852986,28
1883,0,3073,1514,1559,0,0,0,1.0,1,1.0,1,1.0,1,0.23278146724852986,28
1884,1,3074,1515,1559,0,0,0,1.0,1,1.0,1,1.0,1,0.2495929064142031,28
1885,0,3074,1515,1559,0,0,0,1.0,1,1.0,1,1.0,1,0.2495929064142031,28
1886,0,3074,1515,1559,0,0,0,1.0,1,1.0,1,1.0,1,0.24419212698263507,29
1887,0,3074,1515,1559,0,0,0,1.0,1,1.0,1,1.0,1,0.24419212698263507,29
1888,1,3075,1515,1560,0,0,0,1.0,1,1.0,1,1.0,1,0.26499042921761756,31
1889,0,3075,1515,1560,0,0,0,1.0,1,1.0,1,1.0,1,0.26499042921761756,31
1890,1,3076,1516,1560,0,0,0,1.0,1,1.0,1,1.0,1,0.28581776360157035,31
1891,0,3076,1516,1560,0,0,0,1.0,1,1.0,1,1.0,1,0.30279608173066547,32
1892,0,3076,1516,1560,0,0,0,1.0,1,1.0,1,1.0,1,0.30279608173066547,32
1893,0,3076,1516,1560,0,0,0,1.0,1,1.0,1,1.0,1,0.30279608173066547,32
1894,0,3076,1516,1560,0,0,0,1.0,1,1.0,1,1.0,1,0.2877097911149552,33
1895,3,3079,1517,1562,0,0,0,1.0,1,1.0,1,1.0,1,0.25718753203739075,35
1896,0,3079,1517,1562,0,0,0,1.0,1,1.0,1,1.0,1,0.2840292800124154,34
1897,0,3079,1517,1562,0,0,0,1.0,1,1.0,1,1.0,1,0.2840292800124154,34
1898,0,3079,1517,1562,0,0,0,1.0,1,1.0,1,1.0,1,0.2840292800124154,34
1899,0,3079,1517,1562,0,0,0,1.0,1,1.0,1,1.0,1,0.2840292800124154,34
1900,2,3081,1517,1564,0,0,0,1.0,1,1.0,1,1.0,1,0.23164922641637137,35
1901,1,3082,1517,1565,0,0,0,1.0,1,1.0,1,1.0,1,0.20129787923217762,35
1902,0,3082,1517,1565,0,0,0,1.0,1,1.0,1,1.0,1,0.20129787923217762,35
1903,0,3082,1517,1565,0,0,0,1.0,1,1.0,1,1.0,1,0.20129787923217762,35
1904,0,3082,1517,1565,0,0,0,1.0,1,1.0,1,1.0,1,0.20129787923217762,35
1905,0,3082,1517,1565,0,0,0,1.0,1,1.0,1,1.0,1,0.1905036489577589,37
1906,0,3082,1517,1565,0,0,0,1.0,1,1.0,1,1.0,1,0.1905036489577589,37
1907,1,3083,1517,1566,0,0,0,1.0,1,1.0,1,1.0,1,0.1729541033895153,39
1908,0,3083,1517,1566,0,0,0,1.0,1,1.0,1,1.0,1,0.1729541033895153,39
1909,0,3083,1517,1566,0,0,0,1.0,1,1.0,1,1.0,1,0.18988311030156005,41
1910,0,3083,1517,1566,0,0,0,1.0,1,1.0,1,1.0,1,0.18988311030156005,41
1911,0,3083,1517,1566,0,0,0,1.0,1,1.0,1,1.0,1,0.22491249290799262,40
1912,3,3086,1520,1566,0,0,0,1.0,1,1.0,1,1.0,1,0.25969040865556087,39
1913,3,3089,1522,1567,0,0,0,1.0,1,1.0,1,1.0,1,0.2643362911875548,40
1914,2,3091,1523,1568,0,0,0,1.0,1,1.0,1,1.0,1,0.2556685797154088,41
1915,2,3093,1525,1568,0,0,0,1.0,1,1.0,1,1.0,1,0.30220637191617367,42
1916,4,3097,1526,1571,0,0,0,1.0,1,1.0,1,1.0,1,0.24067277147641816,42
1917,2,3099,1527,1572,0,0,0,1.0,1,1.0,1,1.0,1,0.23644184301054239,41
1918,2,3101,1529,1572,0,0,0,1.0,1,1.0,1,1.0,1,0.2528859435025822,38
1919,2,3103,1530,1573,0,0,0,1.0,1,1.0,1,1.0,1,0.28096699493387767,38
1920,0,3103,1530,1573,0,0,0,1.0,1,1.0,1,1.0,1,0.31669917349885696,38
1921,3,3106,1531,1575,0,0,0,1.0,1,1.0,1,1.0,1,0.2191839185336143,39
1922,0,3106,1531,1575,0,0,0,1.0,1,1.0,1,1.0,1,0.20702808615279347,40
1923,0,3106,1531,1575,0,0,0,1.0,1,1.0,1,1.0,1,0.20341814573063102,41
1924,7,3113,1534,1579,0,0,0,1.0,1,1.0,1,1.0,1,0.24955903534877988,41
1925,1,3114,1534,1580,0,0,0,1.0,1,1.0,1,1.0,1,0.22745456959058166,41
1926,2,3116,1534,1582,0,0,0,1.0,1,1.0,1,1.0,1,0.19075043220774554,41
1927,1,3117,1534,1583,0,0,0,1.0,1,1.0,1,1.0,1,0.17576307324989698,41
1928,1,3118,1535,1583,0,0,0,1.0,1,1.0,1,1.0,1,0.17447057407542446,42
1929,0,3118,1535,1583,0,0,0,1.0,1,1.0,1,1.0,1,0.17589950653859152,41
1930,0,3118,1535,1583,0,0,0,1.0,1,1.0,1,1.0,1,0.17589950653859152,41
1931,0,3118,1535,1583,0,0,0,1.0,1,1.0,1,1.0,1,0.17589950653859152,41
1932,0,3118,1535,1583,0,0,0,1.0,1,1.0,1,1.0,1,0.17589950653859152,41
1933,2,3120,1536,1584,0,0,0,1.0,1,1.0,1,1.0,1,0.2227932412202417,43
1934,0,3120,1536,1584,0,0,0,1.0,1,1.0,1,1.0,1,0.23149164805803074,44
1935,0,3120,1536,1584,0,0,0,1.0,1,1.0,1,1.0,1,0.2119985033005273,45
1936,2,3122,1536,1586,0,0,0,1.0,1,1.0,1,1.0,1,0.17649651341192024,48
1937,3,3125,1538,1587,0,0,0,1.0,1,1.0,1,1.0,1,0.1920215003144855,48
1938,0,3125,1538,1587,0,0,0,1.0,1,1.0,1,1.0,1,0.1920215003144855,48
1939,1,3126,1538,1588,0,0,0,1.0,1,1.0,1,1.0,1,0.16539525437404307,48
1940,0,3126,1538,1588,0,0,0,1.0,1,1.0,1,1.0,1,0.16539525437404307,48
1941,0,3126,1538,1588,0,0,0,1.0,1,1.0,1,1.0,1,0.16539525437404307,48
1942,1,3127,1539,1588,0,0,0,1.0,1,1.0,1,1.0,1,0.22988974660781442,49
1943,0,3127,1539,1588,0,0,0,1.0,1,1.0,1,1.0,1,0.2205505605141453,48
1944,5,3132,1542,1590,0,0,0,1.0,1,1.0,1,1.0,1,0.2517038344579588,47
1945,2,3134,1543,1591,0,0,0,1.0,1,1.0,1,1.0,1,0.24596131438136973,46
1946,4,3138,1544,1594,0,0,0,1.0,1,1.0,1,1.0,1,0.2585806780625983,46
1947,3,3141,1547,1594,0,0,0,1.0,1,1.0,1,1.0,1,0.35359138584917665,45
1948,4,3145,1547,1598,0,0,0,1.0,1,1.0,1,1.0,1,0.28248014782562253,46
1949,3,3148,1549,1599,0,0,0,1.0,1,1.0,1,1.0,1,0.3374661519811019,42
1950,0,3148,1549,1599,0,0,0,1.0,1,1.0,1,1.0,1,0.3322266329074043,40
1951,3,3151,1551,1600,0,0,0,1.0,1,1.0,1,1.0,1,0.3164687540988934,39
1952,1,3152,1552,1600,0,0,0,1.0,1,1.0,1,1.0,1,0.342351324878063,35
1953,2,3154,1554,1600,0,0,0,1.0,1,1.0,1,1.0,1,0.3068507032724281,36
1954,1,3155,1555,1600,0,0,0,1.0,1,1.0,1,1.0,1,0.3462341806342112,34
1955,0,3155,1555,1600,0,0,0,1.0,1,1.0,1,1.0,1,0.35143659522378917,35
1956,5,3160,1556,1604,0,0,0,1.0,1,1.0,1,1.0,1,0.2991527717179836,37
1957,1,3161,1556,1605,0,0,0,1.0,1,1.0,1,1.0,1,0.28833274384368285,37
1958,1,3162,1556,1606,0,0,0,1.0,1,1.0,1,1.0,1,0.2500392748943492,39
1959,0,3162,1556,1606,0,0,0,1.0,1,1.0,1,1.0,1,0.26360175656887985,41
1960,1,3163,1557,1606,0,0,0,1.0,1,1.0,1,1.0,1,0.3153578674483082,40
1961,2,3165,1558,1607,0,0,0,1.0,1,1.0,1,1.0,1,0.2818701535464375,41
1962,3,3168,1559,1609,0,0,0,1.0,1,1.0,1,1.0,1,0.30637749407581505,40
1963,1,3169,1559,1610,0,0,0,1.0,1,1.0,1,1.0,1,0.30771780994886005,41
1964,0,3169,1559,1610,0,0,0,1.0,1,1.0,1,1.0,1,0.3325051234265528,40
1965,0,3169,1559,1610,0,0,0,1.0,1,1.0,1,1.0,1,0.30938606808224633,41
1966,2,3171,1559,1612,0,0,0,1.0,1,1.0,1,1.0,1,0.2863691712312726,41
1967,3,3174,1560,1614,0,0,0,1.0,1,1.0,1,1.0,1,0.2877411602187843,42
1968,0,3174,1560,1614,0,0,0,1.0,1,1.0,1,1.0,1,0.3044390039580407,42
1969,1,3175,1561,1614,0,0,0,1.0,1,1.0,1,1.0,1,0.30364677028018683,43
1970,2,3177,1561,1616,0,0,0,1.0,1,1.0,1,1.0,1,0.30794270133878915,42
1971,2,3179,1561,1618,0,0,0,1.0,1,1.0,1,1.0,1,0.27923684988679776,42
1972,0,3179,1561,1618,0,0,0,1.0,1,1.0,1,1.0,1,0.27923684988679776,42
1973,0,3179,1561,1618,0,0,0,1.0,1,1.0,1,1.0,1,0.2899263857923857,43
1974,0,3179,1561,1618,0,0,0,1.0,1,1.0,1,1.0,1,0.3050149183876444,43
1975,1,3180,1561,1619,0,0,0,1.0,1,1.0,1,1.0,1,0.2852102244912449,43
1976,1,3181,1562,1619,0,0,0,1.0,1,1.0,1,1.0,1,0.26520981764614726,43
1977,3,3184,1562,1622,0,0,0,1.0,1,1.0,1,1.0,1,0.2790254542522072,48
1978,4,3188,1566,1622,0,0,0,1.0,1,1.0,1,1.0,1,0.2725480850704893,48
1979,2,3190,1566,1624,0,0,0,1.0,1,1.0,1,1.0,1,0.26592781715312186,49
1980,1,3191,1566,1625,0,0,0,1.0,1,1.0,1,1.0,1,0.2705360952635194,50
1981,2,3193,1566,1627,0,0,0,1.0,1,1.0,1,1.0,1,0.2368279142516823,50
1982,1,3194,1566,1628,0,0,0,1.0,1,1.0,1,1.0,1,0.22473211395589973,50
1983,0,3194,1566,1628,0,0,0,1.0,1,1.0,1,1.0,1,0.2348007558311881,49
1984,2,3196,1568,1628,0,0,0,1.0,1,1.0,1,1.0,1,0.24129117196335914,48
1985,0,3196,1568,1628,0,0,0,1.0,1,1.0,1,1.0,1,0.2560456189610867,46
1986,2,3198,1569,1629,0,0,0,1.0,1,1.0,1,1.0,1,0.29254630221576877,46
1987,3,3201,1572,1629,0,0,0,1.0,1,1.0,1,1.0,1,0.256823999993058,42
1988,1,3202,1572,1630,0,0,0,1.0,1,1.0,1,1.0,1,0.23208608550548493,40
1989,4,3206,1576,1630,0,0,0,1.0,1,1.0,1,1.0,1,0.24485670930614423,38
1990,2,3208,1576,1632,0,0,0,1.0,1,1.0,1,1.0,1,0.1943700874993549,38
1991,2,3210,1578,1632,0,0,0,1.0,1,1.0,1,1.0,1,0.24161925130351258,38
1992,1,3211,1578,1633,0,0,0,1.0,1,1.0,1,1.0,1,0.24931184637146558,39
1993,4,3215,1581,1634,0,0,0,1.0,1,1.0,1,1.0,1,0.3400701742671422,38
1994,1,3216,1581,1635,0,0,0,1.0,1,1.0,1,1.0,1,0.2973290233737026,37
1995,3,3219,1583,1636,0,0,0,1.0,1,1.0,1,1.0,1,0.3325612076330115,37
1996,3,3222,1585,1637,0,0,0,1.0,1,1.0,1,1.0,1,0.3076984844762317,37
1997,1,3223,1586,1637,0,0,0,1.0,1,1.0,1,1.0,1,0.32723916615386783,35
1998,1,3224,1586,1638,0,0,0,1.0,1,1.0,1,1.0,1,0.328950266943114,34
1999,3,3227,1588,1639,0,0,0,1.0,1,1.0,1,1.0,1,0.2981494982725522,35
2000,0,3227,1588,1639,0,0,0,1.0,1,1.0,1,1.0,1,0.32503583387019896,34
2001,1,3228,1588,1640,0,0,0,1.0,1,1.0,1,1.0,1,0.32283640835155475,35
2002,2,3230,1588,1642,0,0,0,1.0,1,1.0,1,1.0,1,0.27740391228179123,36
2003,1,3231,1588,1643,0,0,0,1.0,1,1.0,1,1.0,1,0.27131892614258807,37
2004,3,3234,1589,1645,0,0,0,1.0,1,1.0,1,1.0,1,0.22497474271018492,38
2005,3,3237,1590,1647,0,0,0,1.0,1,1.0,1,1.0,1,0.18751531162489626,38
2006,0,3237,1590,1647,0,0,0,1.0,1,1.0,1,1.0,1,0.18751531162489626,38
2007,1,3238,1591,1647,0,0,0,1.0,1,1.0,1,1.0,1,0.18102497069464196,40
2008,0,3238,1591,1647,0,0,0,1.0,1,1.0,1,1.0,1,0.18102497069464196,40
2009,2,3240,1593,1647,0,0,0,1.0,1,1.0,1,1.0,1,0.18522744416146217,41
2010,0,3240,1593,1647,0,0,0,1.0,1,1.0,1,1.0,1,0.18522744416146217,41
2011,0,3240,1593,1647,0,0,0,1.0,1,1.0,1,1.0,1,0.18522744416146217,41
2012,0,3240,1593,1647,0,0,0,1.0,1,1.0,1,1.0,1,0.18522744416146217,41
2013,1,3241,1593,1648,0,0,0,1.0,1,1.0,1,1.0,1,0.19006549968215414,43
2014,0,3241,1593,1648,0,0,0,1.0,1,1.0,1,1.0,1,0.2043442485466499,43
2015,2,3243,1594,1649,0,0,0,1.0,1,1.0,1,1.0,1,0.18843663685701084,43
2016,1,3244,1595,1649,0,0,0,1.0,1,1.0,1,1.0,1,0.2087081638697076,44
2017,0,3244,1595,1649,0,0,0,1.0,1,1.0,1,1.0,1,0.20253997454446565,45
2018,2,3246,1597,1649,0,0,0,1.0,1,1.0,1,1.0,1,0.21188067381855222,46
2019,0,3246,1597,1649,0,0,0,1.0,1,1.0,1,1.0,1,0.19790219943702683,47
2020,1,3247,1598,1649,0,0,0,1.0,1,1.0,1,1.0,1,0.18704399549016443,47
2021,2,3249,1599,1650,0,0,0,1.0,1,1.0,1,1.0,1,0.18074623242763382,47
2022,0,3249,1599,1650,0,0,0,1.0,1,1.0,1,1.0,1,0.17829063858863528,48
2023,1,3250,1600,1650,0,0,0,1.0,1,1.0,1,1.0,1,0.2122242424022227,48
2024,6,3256,1605,1651,0,0,0,1.0,1,1.0,1,1.0,1,0.18346722498574264,45
2025,3,3259,1608,1651,0,0,0,1.0,1,1.0,1,1.0,1,0.2764999194039933,42
2026,6,3265,1611,1654,0,0,0,1.0,1,1.0,1,1.0,1,0.30796862619899695,44
2027,4,3269,1613,1656,0,0,0,1.0,1,1.0,1,1.0,1,0.28569786327427155,40
2028,3,3272,1616,1656,0,0,0,1.0,1,1.0,1,1.0,1,0.3980924070826432,39
2029,2,3274,1616,1658,0,0,0,1.0,1,1.0,1,1.0,1,0.35399220000258896,37
2030,1,3275,1617,1658,0,0,0,1.0,1,1.0,1,1.0,1,0.37420368149000127,34
2031,5,3280,1619,1661,0,0,0,1.0,1,1.0,1,1.0,1,0.2734447924567726,35
2032,1,3281,1620,1661,0,0,0,1.0,1,1.0,1,1.0,1,0.2990420882322103,34
2033,3,3284,1622,1662,0,0,0,1.0,1,1.0,1,1.0,1,0.28178171031265936,36
2034,0,3284,1622,1662,0,0,0,1.0,1,1.0,1,1.0,1,0.3111094958484954,34
2035,1,3285,1623,1662,0,0,0,1.0,1,1.0,1,1.0,1,0.2921354805388976,35
2036,4,3289,1624,1665,0,0,0,1.0,1,1.0,1,1.0,1,0.2672450405071222,34
2037,1,3290,1624,1666,0,0,0,1.0,1,1.0,1,1.0,1,0.24956029427075366,35
2038,0,3290,1624,1666,0,0,0,1.0,1,1.0,1,1.0,1,0.22454716124841193,36
2039,2,3292,1625,1667,0,0,0,1.0,1,1.0,1,1.0,1,0.20854314016036907,38
2040,0,3292,1625,1667,0,0,0,1.0,1,1.0,1,1.0,1,0.20854314016036907,38
2041,0,3292,1625,1667,0,0,0,1.0,1,1.0,1,1.0,1,0.1965005400518126,39
2042,1,3293,1625,1668,0,0,0,1.0,1,1.0,1,1.0,1,0.15163241520166537,39
2043,0,3293,1625,1668,0,0,0,1.0,1,1.0,1,1.0,1,0.15163241520166537,39
2044,0,3293,1625,1668,0,0,0,1.0,1,1.0,1,1.0,1,0.15163241520166537,39
2045,1,3294,1625,1669,0,0,0,1.0,1,1.0,1,1.0,1,0.1572294751470027,41
2046,1,3295,1625,1670,0,0,0,1.0,1,1.0,1,1.0,1,0.1701900514047822,42
2047,0,3295,1625,1670,0,0,0,1.0,1,1.0,1,1.0,1,0.1701900514047822,42
2048,1,3296,1625,1671,0,0,0,1.0,1,1.0,1,1.0,1,0.14630272568587696,43
2049,1,3297,1626,1671,0,0,0,1.0,1,1.0,1,1.0,1,0.18064154402334634,44
2050,1,3298,1626,1672,0,0,0,1.0,1,1.0,1,1.0,1,0.17067182507149178,44
2051,1,3299,1627,1672,0,0,0,1.0,1,1.0,1,1.0,1,0.2673939435583873,45
2052,2,3301,1627,1674,0,0,0,1.0,1,1.0,1,1.0,1,0.2301945522300177,45
2053,3,3304,1629,1675,0,0,0,1.0,1,1.0,1,1.0,1,0.23644246427889512,45
2054,1,3305,1630,1675,0,0,0,1.0,1,1.0,1,1.0,1,0.2484766532890953,46
2055,1,3306,1630,1676,0,0,0,1.0,1,1.0,1,1.0,1,0.23395814349332297,46
2056,3,3309,1630,1679,0,0,0,1.0,1,1.0,1,1.0,1,0.19170960998525718,46
2057,8,3317,1635,1682,0,0,0,1.0,1,1.0,1,1.0,1,0.1329398614902986,47
2058,1,3318,1636,1682,0,0,0,1.0,1,1.0,1,1.0,1,0.16448285566852736,47
2059,2,3320,1637,1683,0,0,0,1.0,1,1.0,1,1.0,1,0.16672054662417324,48
2060,1,3321,1638,1683,0,0,0,1.0,1,1.0,1,1.0,1,0.17177280435736142,50
2061,2,3323,1638,1685,0,0,0,1.0,1,1.0,1,1.0,1,0.13316606163786857,51
2062,2,3325,1640,1685,0,0,0,1.0,1,1.0,1,1.0,1,0.1734512741079848,49
2063,2,3327,1642,1685,0,0,0,1.0,1,1.0,1,1.0,1,0.19477893200568908,48
2064,2,3329,1644,1685,0,0,0,1.0,1,1.0,1,1.0,1,0.23948278106548673,45
2065,0,3329,1644,1685,0,0,0,1.0,1,1.0,1,1.0,1,0.2353947172432674,44
2066,2,3331,1644,1687,0,0,0,1.0,1,1.0,1,1.0,1,0.20490758751068702,42
2067,2,3333,1645,1688,0,0,0,1.0,1,1.0,1,1.0,1,0.2140810994430828,41
2068,0,3333,1645,1688,0,0,0,1.0,1,1.0,1,1.0,1,0.208040934507978,40
2069,1,3334,1646,1688,0,0,0,1.0,1,1.0,1,1.0,1,0.24897817210586498,40
2070,2,3336,1646,1690,0,0,0,1.0,1,1.0,1,1.0,1,0.22158603387080225,40
2071,1,3337,1647,1690,0,0,0,1.0,1,1.0,1,1.0,1,0.23487104133085593,40
2072,1,3338,1647,1691,0,0,0,1.0,1,1.0,1,1.0,1,0.22566488598209608,41
2073,1,3339,1648,1691,0,0,0,1.0,1,1.0,1,1.0,1,0.25050673367065995,41
2074,1,3340,1648,1692,0,0,0,1.0,1,1.0,1,1.0,1,0.2257991219617491,41
2075,2,3342,1649,1693,0,0,0,1.0,1,1.0,1,1.0,1,0.20691800949983077,41
2076,3,3345,1651,1694,0,0,0,1.0,1,1.0,1,1.0,1,0.19863147957090174,41
2077,0,3345,1651,1694,0,0,0,1.0,1,1.0,1,1.0,1,0.1927385158861846,40
2078,0,3345,1651,1694,0,0,0,1.0,1,1.0,1,1.0,1,0.1927385158861846,40
2079,1,3346,1651,1695,0,0,0,1.0,1,1.0,1,1.0,1,0.15245325736758603,39
2080,0,3346,1651,1695,0,0,0,1.0,1,1.0,1,1.0,1,0.17937253444139217,38
2081,1,3347,1652,1695,0,0,0,1.0,1,1.0,1,1.0,1,0.19517511584968392,40
2082,1,3348,1653,1695,0,0,0,1.0,1,1.0,1,1.0,1,0.24948938236645296,41
2083,2,3350,1655,1695,0,0,0,1.0,1,1.0,1,1.0,1,0.23513157827312658,40
2084,6,3356,1658,1698,0,0,0,1.0,1,1.0,1,1.0,1,0.18100400370824543,42
2085,0,3356,1658,1698,0,0,0,1.0,1,1.0,1,1.0,1,0.18100400370824543,42
2086,1,3357,1659,1698,0,0,0,1.0,1,1.0,1,1.0,1,0.18082067187799858,43
2087,1,3358,1660,1698,0,0,0,1.0,1,1.0,1,1.0,1,0.2023596082315605,45
2088,3,3361,1662,1699,0,0,0,1.0,1,1.0,1,1.0,1,0.19680308205402772,46
2089,0,3361,1662,1699,0,0,0,1.0,1,1.0,1,1.0,1,0.19543905337167847,47
2090,0,3361,1662,1699,0,0,0,1.0,1,1.0,1,1.0,1,0.2222361536494012,49
2091,0,3361,1662,1699,0,0,0,1.0,1,1.0,1,1.0,1,0.2222361536494012,49
2092,2,3363,1663,1700,0,0,0,1.0,1,1.0,1,1.0,1,0.18246161575989184,49
2093,2,3365,1664,1701,0,0,0,1.0,1,1.0,1,1.0,1,0.18260469350012745,49
2094,0,3365,1664,1701,0,0,0,1.0,1,1.0,1,1.0,1,0.18260469350012745,49
2095,1,3366,1664,1702,0,0,0,1.0,1,1.0,1,1.0,1,0.16504023546895685,49
2096,1,3367,1664,1703,0,0,0,1.0,1,1.0,1,1.0,1,0.15875761748886533,51
2097,1,3368,1665,1703,0,0,0,1.0,1,1.0,1,1.0,1,0.14156280747413763,51
2098,1,3369,1666,1703,0,0,0,1.0,1,1.0,1,1.0,1,0.15957509096275765,52
2099,2,3371,1668,1703,0,0,0,1.0,1,1.0,1,1.0,1,0.19175598562897522,51
2100,2,3373,1670,1703,0,0,0,1.0,1,1.0,1,1.0,1,0.2233522661803461,51
2101,6,3379,1670,1709,0,0,0,1.0,1,1.0,1,1.0,1,0.176093208812548,48
2102,2,3381,1672,1709,0,0,0,1.0,1,1.0,1,1.0,1,0.24657119225984925,49
2103,4,3385,1675,1710,0,0,0,1.0,1,1.0,1,1.0,1,0.30783402932410675,48
2104,0,3385,1675,1710,0,0,0,1.0,1,1.0,1,1.0,1,0.29262261482924035,43
2105,0,3385,1675,1710,0,0,0,1.0,1,1.0,1,1.0,1,0.3132358511438515,42
2106,5,3390,1677,1713,0,0,0,1.0,1,1.0,1,1.0,1,0.2717519244017629,40
2107,1,3391,1678,1713,0,0,0,1.0,1,1.0,1,1.0,1,0.29744605850301487,39
2108,3,3394,1681,1713,0,0,0,1.0,1,1.0,1,1.0,1,0.29108922908182167,38
2109,1,3395,1682,1713,0,0,0,1.0,1,1.0,1,1.0,1,0.30479310893826783,37
2110,2,3397,1684,1713,0,0,0,1.0,1,1.0,1,1.0,1,0.3613179743255635,38
2111,3,3400,1685,1715,0,0,0,1.0,1,1.0,1,1.0,1,0.35493708603219903,37
2112,1,3401,1686,1715,0,0,0,1.0,1,1.0,1,1.0,1,0.3109632147905853,36
2113,2,3403,1687,1716,0,0,0,1.0,1,1.0,1,1.0,1,0.3519951473531973,36
2114,0,3403,1687,1716,0,0,0,1.0,1,1.0,1,1.0,1,0.33565513201262126,36
2115,0,3403,1687,1716,0,0,0,1.0,1,1.0,1,1.0,1,0.3306409853361906,35
2116,2,3405,1688,1717,0,0,0,1.0,1,1.0,1,1.0,1,0.38252415584226923,37
2117,0,3405,1688,1717,0,0,0,1.0,1,1.0,1,1.0,1,0.34517853849988256,38
2118,1,3406,1688,1718,0,0,0,1.0,1,1.0,1,1.0,1,0.343370485753758,40
2119,0,3406,1688,1718,0,0,0,1.0,1,1.0,1,1.0,1,0.343370485753758,40
2120,1,3407,1689,1718,0,0,0,1.0,1,1.0,1,1.0,1,0.3758600844019756,41
2121,2,3409,1689,1720,0,0,0,1.0,1,1.0,1,1.0,1,0.31671948983688525,41
2122,1,3410,1690,1720,0,0,0,1.0,1,1.0,1,1.0,1,0.31828243626243274,42
2123,1,3411,1690,1721,0,0,0,1.0,1,1.0,1,1.0,1,0.29914154686789063,43
2124,0,3411,1690,1721,0,0,0,1.0,1,1.0,1,1.0,1,0.3225187793149382,41
2125,0,3411,1690,1721,0,0,0,1.0,1,1.0,1,1.0,1,0.3225187793149382,41
2126,3,3414,1690,1724,0,0,0,1.0,1,1.0,1,1.0,1,0.3223554512626136,40
2127,0,3414,1690,1724,0,0,0,1.0,1,1.0,1,1.0,1,0.3223554512626136,40
2128,0,3414,1690,1724,0,0,0,1.0,1,1.0,1,1.0,1,0.33900860054103593,41
2129,1,3415,1690,1725,0,0,0,1.0,1,1.0,1,1.0,1,0.31875324179561926,42
2130,1,3416,1690,1726,0,0,0,1.0,1,1.0,1,1.0,1,0.32449490287399746,45
2131,1,3417,1690,1727,0,0,0,1.0,1,1.0,1,1.0,1,0.30464290551298995,45
2132,2,3419,1690,1729,0,0,0,1.0,1,1.0,1,1.0,1,0.28829138238057206,46
2133,0,3419,1690,1729,0,0,0,1.0,1,1.0,1,1.0,1,0.28829138238057206,46
2134,2,3421,1690,1731,0,0,0,1.0,1,1.0,1,1.0,1,0.2598966926507614,47
2135,4,3425,1690,1735,0,0,0,1.0,1,1.0,1,1.0,1,0.1972813137438223,47
2136,3,3428,1691,1737,0,0,0,1.0,1,1.0,1,1.0,1,0.19845626461008745,47
2137,3,3431,1693,1738,0,0,0,1.0,1,1.0,1,1.0,1,0.18565446786123374,49
2138,1,3432,1694,1738,0,0,0,1.0,1,1.0,1,1.0,1,0.18926254100026751,49
2139,3,3435,1694,1741,0,0,0,1.0,1,1.0,1,1.0,1,0.12518148177058114,47
2140,4,3439,1698,1741,0,0,0,1.0,1,1.0,1,1.0,1,0.1991015049897851,48
2141,1,3440,1699,1741,0,0,0,1.0,1,1.0,1,1.0,1,0.2141948051795517,47
2142,1,3441,1699,1742,0,0,0,1.0,1,1.0,1,1.0,1,0.19735354559651352,47
2143,2,3443,1699,1744,0,0,0,1.0,1,1.0,1,1.0,1,0.18108131875077682,48
2144,2,3445,1701,1744,0,0,0,1.0,1,1.0,1,1.0,1,0.24887499697208065,48
2145,3,3448,1703,1745,0,0,0,1.0,1,1.0,1,1.0,1,0.20074557553736047,46
2146,4,3452,1705,1747,0,0,0,1.0,1,1.0,1,1.0,1,0.1483040002226681,47
2147,3,3455,1708,1747,0,0,0,1.0,1,1.0,1,1.0,1,0.1798124761700321,48
2148,0,3455,1708,1747,0,0,0,1.0,1,1.0,1,1.0,1,0.1919113601645483,46
2149,5,3460,1711,1749,0,0,0,1.0,1,1.0,1,1.0,1,0.21901413168675624,46
2150,1,3461,1711,1750,0,0,0,1.0,1,1.0,1,1.0,1,0.2109170039393992,46
2151,2,3463,1713,1750,0,0,0,1.0,1,1.0,1,1.0,1,0.24720093339395555,44
2152,2,3465,1714,1751,0,0,0,1.0,1,1.0,1,1.0,1,0.29556370291395845,45
2153,5,3470,1716,1754,0,0,0,1.0,1,1.0,1,1.0,1,0.28323552793395834,48
2154,0,3470,1716,1754,0,0,0,1.0,1,1.0,1,1.0,1,0.297099798412566,47
2155,5,3475,1718,1757,0,0,0,1.0,1,1.0,1,1.0,1,0.2899865544894603,48
2156,4,3479,1719,1760,0,0,0,1.0,1,1.0,1,1.0,1,0.2531180916787909,45
2157,0,3479,1719,1760,0,0,0,1.0,1,1.0,1,1.0,1,0.2565972104802525,43
2158,2,3481,1719,1762,0,0,0,1.0,1,1.0,1,1.0,1,0.22599433061132854,43
2159,4,3485,1721,1764,0,0,0,1.0,1,1.0,1,1.0,1,0.2763923223615748,43
2160,2,3487,1721,1766,0,0,0,1.0,1,1.0,1,1.0,1,0.23007409832354117,41
2161,4,3491,1721,1770,0,0,0,1.0,1,1.0,1,1.0,1,0.11346011533117693,41
2162,1,3492,1722,1770,0,0,0,1.0,1,1.0,1,1.0,1,0.11979832407826868,42
2163,2,3494,1723,1771,0,0,0,1.0,1,1.0,1,1.0,1,0.11771437035468783,43
2164,3,3497,1725,1772,0,0,0,1.0,1,1.0,1,1.0,1,0.19208429334609725,44
2165,1,3498,1725,1773,0,0,0,1.0,1,1.0,1,1.0,1,0.15985683022776248,44
2166,2,3500,1725,1775,0,0,0,1.0,1,1.0,1,1.0,1,0.13565178226385594,46
2167,0,3500,1725,1775,0,0,0,1.0,1,1.0,1,1.0,1,0.13565178226385594,46
2168,0,3500,1725,1775,0,0,0,1.0,1,1.0,1,1.0,1,0.11980568833403661,45
2169,2,3502,1726,1776,0,0,0,1.0,1,1.0,1,1.0,1,0.10309533185234278,49
2170,0,3502,1726,1776,0,0,0,1.0,1,1.0,1,1.0,1,0.10309533185234278,49
2171,2,3504,1727,1777,0,0,0,1.0,1,1.0,1,1.0,1,0.13396422279116987,51
2172,2,3506,1729,1777,0,0,0,1.0,1,1.0,1,1.0,1,0.09810730824451067,52
2173,0,3506,1729,1777,0,0,0,1.0,1,1.0,1,1.0,1,0.09810730824451067,52
2174,3,3509,1731,1778,0,0,0,1.0,1,1.0,1,1.0,1,0.09183833169088157,52
2175,0,3509,1731,1778,0,0,0,1.0,1,1.0,1,1.0,1,0.10753571249231349,53
2176,0,3509,1731,1778,0,0,0,1.0,1,1.0,1,1.0,1,0.11178220965621546,54
2177,1,3510,1732,1778,0,0,0,1.0,1,1.0,1,1.0,1,0.14070392509119353,55
2178,1,3511,1733,1778,0,0,0,1.0,1,1.0,1,1.0,1,0.15697601985511211,54
2179,3,3514,1735,1779,0,0,0,1.0,1,1.0,1,1.0,1,0.14937633872664347,52
2180,1,3515,1736,1779,0,0,0,1.0,1,1.0,1,1.0,1,0.1779179122771787,51
2181,2,3517,1736,1781,0,0,0,1.0,1,1.0,1,1.0,1,0.12389518374846022,49
2182,2,3519,1738,1781,0,0,0,1.0,1,1.0,1,1.0,1,0.16281109332934257,49
2183,4,3523,1742,1781,0,0,0,1.0,1,1.0,1,1.0,1,0.20755165584560611,46
2184,5,3528,1745,1783,0,0,0,1.0,1,1.0,1,1.0,1,0.23854740048692263,45
2185,3,3531,1746,1785,0,0,0,1.0,1,1.0,1,1.0,1,0.19092622085861935,44
2186,3,3534,1747,1787,0,0,0,1.0,1,1.0,1,1.0,1,0.20746337887982605,42
2187,4,3538,1751,1787,0,0,0,1.0,1,1.0,1,1.0,1,0.2818569661967434,40
2188,4,3542,1753,1789,0,0,0,1.0,1,1.0,1,1.0,1,0.13905177070646846,38
2189,1,3543,1754,1789,0,0,0,1.0,1,1.0,1,1.0,1,0.1880094303068234,36
2190,3,3546,1756,1790,0,0,0,1.0,1,1.0,1,1.0,1,0.2450304520693725,34
2191,3,3549,1757,1792,0,0,0,1.0,1,1.0,1,1.0,1,0.18771324906338613,34
2192,2,3551,1759,1792,0,0,0,1.0,1,1.0,1,1.0,1,0.2046718125756318,33
2193,0,3551,1759,1792,0,0,0,1.0,1,1.0,1,1.0,1,0.2261452477267665,32
2194,2,3553,1760,1793,0,0,0,1.0,1,1.0,1,1.0,1,0.21139263748840573,32
2195,0,3553,1760,1793,0,0,0,1.0,1,1.0,1,1.0,1,0.2252091932734916,31
2196,2,3555,1761,1794,0,0,0,1.0,1,1.0,1,1.0,1,0.24954711646975958,32
2197,1,3556,1762,1794,0,0,0,1.0,1,1.0,1,1.0,1,0.2681350793328637,31
2198,0,3556,1762,1794,0,0,0,1.0,1,1.0,1,1.0,1,0.2681350793328637,31
2199,2,3558,1764,1794,0,0,0,1.0,1,1.0,1,1.0,1,0.21325310683409104,32
2200,3,3561,1764,1797,0,0,0,1.0,1,1.0,1,1.0,1,0.1919110531537457,35
2201,0,3561,1764,1797,0,0,0,1.0,1,1.0,1,1.0,1,0.17469771151174304,36
2202,3,3564,1767,1797,0,0,0,1.0,1,1.0,1,1.0,1,0.16927882942230976,36
2203,1,3565,1767,1798,0,0,0,1.0,1,1.0,1,1.0,1,0.1440828866680251,37
2204,0,3565,1767,1798,0,0,0,1.0,1,1.0,1,1.0,1,0.1425563055090777,36
2205,0,3565,1767,1798,0,0,0,1.0,1,1.0,1,1.0,1,0.14370915229224362,37
2206,1,3566,1768,1798,0,0,0,1.0,1,1.0,1,1.0,1,0.21356483817618682,35
2207,3,3569,1769,1800,0,0,0,1.0,1,1.0,1,1.0,1,0.20350571926336766,37
2208,0,3569,1769,1800,0,0,0,1.0,1,1.0,1,1.0,1,0.199396119885496,36
2209,0,3569,1769,1800,0,0,0,1.0,1,1.0,1,1.0,1,0.20148764907668662,35
2210,0,3569,1769,1800,0,0,0,1.0,1,1.0,1,1.0,1,0.2351039865884273,38
2211,1,3570,1769,1801,0,0,0,1.0,1,1.0,1,1.0,1,0.2487973961964438,37
2212,2,3572,1769,1803,0,0,0,1.0,1,1.0,1,1.0,1,0.21168501208612012,38
2213,1,3573,1769,1804,0,0,0,1.0,1,1.0,1,1.0,1,0.2004431023297048,38
2214,0,3573,1769,1804,0,0,0,1.0,1,1.0,1,1.0,1,0.20053435585180193,39
2215,1,3574,1770,1804,0,0,0,1.0,1,1.0,1,1.0,1,0.21219420517365098,39
2216,2,3576,1772,1804,0,0,0,1.0,1,1.0,1,1.0,1,0.2743040046898437,39
2217,3,3579,1773,1806,0,0,0,1.0,1,1.0,1,1.0,1,0.18655116605808006,38
2218,2,3581,1775,1806,0,0,0,1.0,1,1.0,1,1.0,1,0.2725785071943512,37
2219,1,3582,1776,1806,0,0,0,1.0,1,1.0,1,1.0,1,0.24952124153722297,36
2220,1,3583,1777,1806,0,0,0,1.0,1,1.0,1,1.0,1,0.3091854509525374,34
2221,3,3586,1777,1809,0,0,0,1.0,1,1.0,1,1.0,1,0.20136546511619624,35
2222,0,3586,1777,1809,0,0,0,1.0,1,1.0,1,1.0,1,0.2186964445587065,33
2223,3,3589,1778,1811,0,0,0,1.0,1,1.0,1,1.0,1,0.21406266246378358,34
2224,1,3590,1778,1812,0,0,0,1.0,1,1.0,1,1.0,1,0.1727445021459714,32
2225,3,3593,1780,1813,0,0,0,1.0,1,1.0,1,1.0,1,0.230685759939618,33
2226,2,3595,1782,1813,0,0,0,1.0,1,1.0,1,1.0,1,0.2894234116179859,32
2227,0,3595,1782,1813,0,0,0,1.0,1,1.0,1,1.0,1,0.255282871650941,31
2228,1,3596,1783,1813,0,0,0,1.0,1,1.0,1,1.0,1,0.2696552612476421,32
2229,1,3597,1784,1813,0,0,0,1.0,1,1.0,1,1.0,1,0.24801001864521213,32
2230,2,3599,1785,1814,0,0,0,1.0,1,1.0,1,1.0,1,0.20765372352294298,31
2231,1,3600,1785,1815,0,0,0,1.0,1,1.0,1,1.0,1,0.15018266467834837,32
2232,1,3601,1786,1815,0,0,0,1.0,1,1.0,1,1.0,1,0.21419679146290593,32
2233,1,3602,1786,1816,0,0,0,1.0,1,1.0,1,1.0,1,0.21075737466326586,31
2234,0,3602,1786,1816,0,0,0,1.0,1,1.0,1,1.0,1,0.22764510577573643,32
2235,1,3603,1787,1816,0,0,0,1.0,1,1.0,1,1.0,1,0.3274275803830217,31
2236,4,3607,1789,1818,0,0,0,1.0,1,1.0,1,1.0,1,0.3366362236217209,31
2237,2,3609,1790,1819,0,0,0,1.0,1,1.0,1,1.0,1,0.3679205095653492,31
2238,1,3610,1790,1820,0,0,0,1.0,1,1.0,1,1.0,1,0.3320587780405924,31
2239,0,3610,1790,1820,0,0,0,1.0,1,1.0,1,1.0,1,0.3320587780405924,31
2240,1,3611,1791,1820,0,0,0,1.0,1,1.0,1,1.0,1,0.325870522117616,32
2241,2,3613,1792,1821,0,0,0,1.0,1,1.0,1,1.0,1,0.2998551842845058,32
2242,2,3615,1794,1821,0,0,0,1.0,1,1.0,1,1.0,1,0.2906983031029126,34
2243,1,3616,1795,1821,0,0,0,1.0,1,1.0,1,1.0,1,0.30367629009701985,34
2244,2,3618,1795,1823,0,0,0,1.0,1,1.0,1,1.0,1,0.2603507925072205,36
2245,0,3618,1795,1823,0,0,0,1.0,1,1.0,1,1.0,1,0.2603507925072205,36
2246,1,3619,1795,1824,0,0,0,1.0,1,1.0,1,1.0,1,0.2529507352114757,39
2247,1,3620,1795,1825,0,0,0,1.0,1,1.0,1,1.0,1,0.23560397248716494,40
2248,0,3620,1795,1825,0,0,0,1.0,1,1.0,1,1.0,1,0.23560397248716494,40
2249,1,3621,1795,1826,0,0,0,1.0,1,1.0,1,1.0,1,0.22012281083624513,41
2250,0,3621,1795,1826,0,0,0,1.0,1,1.0,1,1.0,1,0.22012281083624513,41
2251,1,3622,1795,1827,0,0,0,1.0,1,1.0,1,1.0,1,0.23310901555895794,42
2252,2,3624,1796,1828,0,0,0,1.0,1,1.0,1,1.0,1,0.21621115553458312,41
2253,1,3625,1796,1829,0,0,0,1.0,1,1.0,1,1.0,1,0.17911107923383063,40
2254,1,3626,1797,1829,0,0,0,1.0,1,1.0,1,1.0,1,0.18137123934627525,39
2255,0,3626,1797,1829,0,0,0,1.0,1,1.0,1,1.0,1,0.22653067546394073,39
2256,3,3629,1800,1829,0,0,0,1.0,1,1.0,1,1.0,1,0.29117295229767043,40
2257,5,3634,1802,1832,0,0,0,1.0,1,1.0,1,1.0,1,0.253368205005663,40
2258,1,3635,1803,1832,0,0,0,1.0,1,1.0,1,1.0,1,0.23880626990062626,39
2259,3,3638,1805,1833,0,0,0,1.0,1,1.0,1,1.0,1,0.210544174527791,41
2260,0,3638,1805,1833,0,0,0,1.0,1,1.0,1,1.0,1,0.22060326197669844,38
2261,1,3639,1806,1833,0,0,0,1.0,1,1.0,1,1.0,1,0.22634153330203605,38
2262,1,3640,1807,1833,0,0,0,1.0,1,1.0,1,1.0,1,0.30805669596200447,36
2263,4,3644,1809,1835,0,0,0,1.0,1,1.0,1,1.0,1,0.3016699680858243,35
2264,2,3646,1811,1835,0,0,0,1.0,1,1.0,1,1.0,1,0.39100145946316833,33
2265,1,3647,1812,1835,0,0,0,1.0,1,1.0,1,1.0,1,0.36678873621144475,33
2266,4,3651,1813,1838,0,0,0,1.0,1,1.0,1,1.0,1,0.2268707571543771,33
2267,5,3656,1817,1839,0,0,0,1.0,1,1.0,1,1.0,1,0.20089719797279515,33
2268,3,3659,1818,1841,0,0,0,1.0,1,1.0,1,1.0,1,0.15291188281714246,35
2269,2,3661,1819,1842,0,0,0,1.0,1,1.0,1,1.0,1,0.16029274366001156,36
2270,1,3662,1820,1842,0,0,0,1.0,1,1.0,1,1.0,1,0.1867954805612631,34
2271,7,3669,1825,1844,0,0,0,1.0,1,1.0,1,1.0,1,0.22231400121448988,34
2272,4,3673,1828,1845,0,0,0,1.0,1,1.0,1,1.0,1,0.20957577043448644,33
2273,1,3674,1829,1845,0,0,0,1.0,1,1.0,1,1.0,1,0.2408715886664568,32
2274,2,3676,1830,1846,0,0,0,1.0,1,1.0,1,1.0,1,0.24028264530445342,32
2275,1,3677,1830,1847,0,0,0,1.0,1,1.0,1,1.0,1,0.2070201271247338,32
2276,0,3677,1830,1847,0,0,0,1.0,1,1.0,1,1.0,1,0.24207456920964998,31
2277,0,3677,1830,1847,0,0,0,1.0,1,1.0,1,1.0,1,0.2582760928033941,30
2278,2,3679,1831,1848,0,0,0,1.0,1,1.0,1,1.0,1,0.24762661385980883,33
2279,0,3679,1831,1848,0,0,0,1.0,1,1.0,1,1.0,1,0.24762661385980883,33
2280,4,3683,1832,1851,0,0,0,1.0,1,1.0,1,1.0,1,0.1568136856562049,35
2281,0,3683,1832,1851,0,0,0,1.0,1,1.0,1,1.0,1,0.17151172418127136,36
2282,1,3684,1833,1851,0,0,0,1.0,1,1.0,1,1.0,1,0.19961606242708396,36
2283,0,3684,1833,1851,0,0,0,1.0,1,1.0,1,1.0,1,0.19961606242708396,36
2284,1,3685,1834,1851,0,0,0,1.0,1,1.0,1,1.0,1,0.21500121841272446,36
2285,0,3685,1834,1851,0,0,0,1.0,1,1.0,1,1.0,1,0.2025416352233392,37
2286,4,3689,1835,1854,0,0,0,1.0,1,1.0,1,1.0,1,0.15592844216855825,38
2287,0,3689,1835,1854,0,0,0,1.0,1,1.0,1,1.0,1,0.13722063252921535,38
2288,3,3692,1837,1855,0,0,0,1.0,1,1.0,1,1.0,1,0.22799079509871917,40
2289,0,3692,1837,1855,0,0,0,1.0,1,1.0,1,1.0,1,0.22847014746271285,40
2290,0,3692,1837,1855,0,0,0,1.0,1,1.0,1,1.0,1,0.22245510859400588,39
2291,4,3696,1839,1857,0,0,0,1.0,1,1.0,1,1.0,1,0.26757969815852695,37
2292,1,3697,1840,1857,0,0,0,1.0,1,1.0,1,1.0,1,0.37146586062158043,35
2293,0,3697,1840,1857,0,0,0,1.0,1,1.0,1,1.0,1,0.37210078281611936,35
2294,0,3697,1840,1857,0,0,0,1.0,1,1.0,1,1.0,1,0.34132541188595383,35
2295,1,3698,1841,1857,0,0,0,1.0,1,1.0,1,1.0,1,0.3480586013106693,36
2296,1,3699,1841,1858,0,0,0,1.0,1,1.0,1,1.0,1,0.2942980345079195,34
2297,0,3699,1841,1858,0,0,0,1.0,1,1.0,1,1.0,1,0.30996918312449695,35
2298,1,3700,1842,1858,0,0,0,1.0,1,1.0,1,1.0,1,0.32096734002586325,34
2299,3,3703,1844,1859,0,0,0,1.0,1,1.0,1,1.0,1,0.30062751957354117,35
2300,0,3703,1844,1859,0,0,0,1.0,1,1.0,1,1.0,1,0.30062751957354117,35
2301,0,3703,1844,1859,0,0,0,1.0,1,1.0,1,1.0,1,0.30062751957354117,35
2302,3,3706,1846,1860,0,0,0,1.0,1,1.0,1,1.0,1,0.3398672138613606,37
2303,0,3706,1846,1860,0,0,0,1.0,1,1.0,1,1.0,1,0.3003444674263229,35
2304,5,3711,1849,1862,0,0,0,1.0,1,1.0,1,1.0,1,0.35368859523355384,36
2305,0,3711,1849,1862,0,0,0,1.0,1,1.0,1,1.0,1,0.33586376170554805,34
2306,2,3713,1850,1863,0,0,0,1.0,1,1.0,1,1.0,1,0.3342709958674506,35
2307,1,3714,1850,1864,0,0,0,1.0,1,1.0,1,1.0,1,0.333783741802443,35
2308,0,3714,1850,1864,0,0,0,1.0,1,1.0,1,1.0,1,0.333783741802443,35
2309,0,3714,1850,1864,0,0,0,1.0,1,1.0,1,1.0,1,0.341132448245555,34
2310,2,3716,1850,1866,0,0,0,1.0,1,1.0,1,1.0,1,0.32775481870133427,36
2311,1,3717,1850,1867,0,0,0,1.0,1,1.0,1,1.0,1,0.3266739119192767,38
2312,3,3720,1851,1869,0,0,0,1.0,1,1.0,1,1.0,1,0.3543244838679469,39
2313,1,3721,1852,1869,0,0,0,1.0,1,1.0,1,1.0,1,0.34102166624366614,39
2314,2,3723,1852,1871,0,0,0,1.0,1,1.0,1,1.0,1,0.2966961340293865,39
2315,5,3728,1853,1875,0,0,0,1.0,1,1.0,1,1.0,1,0.23638617118486294,40
2316,1,3729,1853,1876,0,0,0,1.0,1,1.0,1,1.0,1,0.2168308374612324,40
2317,3,3732,1854,1878,0,0,0,1.0,1,1.0,1,1.0,1,0.20030060452023624,41
2318,1,3733,1855,1878,0,0,0,1.0,1,1.0,1,1.0,1,0.20802448869045442,41
2319,1,3734,1855,1879,0,0,0,1.0,1,1.0,1,1.0,1,0.18109813417016793,41
2320,2,3736,1855,1881,0,0,0,1.0,1,1.0,1,1.0,1,0.16668338303709265,42
2321,0,3736,1855,1881,0,0,0,1.0,1,1.0,1,1.0,1,0.15191620396843594,43
2322,1,3737,1856,1881,0,0,0,1.0,1,1.0,1,1.0,1,0.2187360862460198,42
2323,0,3737,1856,1881,0,0,0,1.0,1,1.0,1,1.0,1,0.22225319004728897,43
2324,2,3739,1857,1882,0,0,0,1.0,1,1.0,1,1.0,1,0.22941796698212677,44
2325,1,3740,1858,1882,0,0,0,1.0,1,1.0,1,1.0,1,0.2139842894880979,44
2326,1,3741,1858,1883,0,0,0,1.0,1,1.0,1,1.0,1,0.16433194324236966,45
2327,1,3742,1858,1884,0,0,0,1.0,1,1.0,1,1.0,1,0.14818983299808253,45
2328,1,3743,1859,1884,0,0,0,1.0,1,1.0,1,1.0,1,0.17763056714281705,46
2329,0,3743,1859,1884,0,0,0,1.0,1,1.0,1,1.0,1,0.18312720350884665,45
2330,0,3743,1859,1884,0,0,0,1.0,1,1.0,1,1.0,1,0.17817310269384568,47
2331,1,3744,1859,1885,0,0,0,1.0,1,1.0,1,1.0,1,0.17752124583347592,48
2332,0,3744,1859,1885,0,0,0,1.0,1,1.0,1,1.0,1,0.17752124583347592,48
2333,2,3746,1861,1885,0,0,0,1.0,1,1.0,1,1.0,1,0.23915551982830172,49
2334,3,3749,1862,1887,0,0,0,1.0,1,1.0,1,1.0,1,0.2399175877255311,47
2335,2,3751,1863,1888,0,0,0,1.0,1,1.0,1,1.0,1,0.275901592254421,46
2336,3,3754,1863,1891,0,0,0,1.0,1,1.0,1,1.0,1,0.2632118349991847,46
2337,0,3754,1863,1891,0,0,0,1.0,1,1.0,1,1.0,1,0.25108855784926626,45
2338,2,3756,1864,1892,0,0,0,1.0,1,1.0,1,1.0,1,0.21953195364680733,44
2339,1,3757,1865,1892,0,0,0,1.0,1,1.0,1,1.0,1,0.209942894743076,45
2340,1,3758,1866,1892,0,0,0,1.0,1,1.0,1,1.0,1,0.23094231731160267,44
2341,2,3760,1866,1894,0,0,0,1.0,1,1.0,1,1.0,1,0.2164902765667739,45
2342,2,3762,1868,1894,0,0,0,1.0,1,1.0,1,1.0,1,0.20640735866452642,47
2343,3,3765,1869,1896,0,0,0,1.0,1,1.0,1,1.0,1,0.17789148744455044,46
2344,1,3766,1870,1896,0,0,0,1.0,1,1.0,1,1.0,1,0.20574073206264504,46
2345,0,3766,1870,1896,0,0,0,1.0,1,1.0,1,1.0,1,0.21358974164176153,45
2346,0,3766,1870,1896,0,0,0,1.0,1,1.0,1,1.0,1,0.2062840511333548,46
2347,0,3766,1870,1896,0,0,0,1.0,1,1.0,1,1.0,1,0.21742194684329944,47
2348,2,3768,1870,1898,0,0,0,1.0,1,1.0,1,1.0,1,0.2235791731758886,49
2349,5,3773,1871,1902,0,0,0,1.0,1,1.0,1,1.0,1,0.19118261165231462,49
2350,2,3775,1872,1903,0,0,0,1.0,1,1.0,1,1.0,1,0.17198345927975917,50
2351,2,3777,1873,1904,0,0,0,1.0,1,1.0,1,1.0,1,0.18248845817472117,50
2352,0,3777,1873,1904,0,0,0,1.0,1,1.0,1,1.0,1,0.1936518426998885,51
2353,1,3778,1873,1905,0,0,0,1.0,1,1.0,1,1.0,1,0.17251143437767963,51
2354,0,3778,1873,1905,0,0,0,1.0,1,1.0,1,1.0,1,0.19894562476167538,51
2355,1,3779,1874,1905,0,0,0,1.0,1,1.0,1,1.0,1,0.23852087594540905,50
2356,1,3780,1874,1906,0,0,0,1.0,1,1.0,1,1.0,1,0.226029641030188,50
2357,1,3781,1875,1906,0,0,0,1.0,1,1.0,1,1.0,1,0.2403340838146597,49
2358,0,3781,1875,1906,0,0,0,1.0,1,1.0,1,1.0,1,0.26016775241968304,51
2359,0,3781,1875,1906,0,0,0,1.0,1,1.0,1,1.0,1,0.24947731976184873,51
2360,0,3781,1875,1906,0,0,0,1.0,1,1.0,1,1.0,1,0.24947731976184873,51
2361,2,3783,1876,1907,0,0,0,1.0,1,1.0,1,1.0,1,0.2774655260954673,52
2362,6,3789,1877,1912,0,0,0,1.0,1,1.0,1,1.0,1,0.2158738650666334,53
2363,2,3791,1878,1913,0,0,0,1.0,1,1.0,1,1.0,1,0.20356862261664768,54
2364,2,3793,1878,1915,0,0,0,1.0,1,1.0,1,1.0,1,0.19347498056041093,55
2365,1,3794,1879,1915,0,0,0,1.0,1,1.0,1,1.0,1,0.22497559857140817,53
2366,4,3798,1880,1918,0,0,0,1.0,1,1.0,1,1.0,1,0.1832055319429356,53
2367,2,3800,1882,1918,0,0,0,1.0,1,1.0,1,1.0,1,0.20431358567679767,51
2368,3,3803,1885,1918,0,0,0,1.0,1,1.0,1,1.0,1,0.24764131033682404,50
2369,1,3804,1886,1918,0,0,0,1.0,1,1.0,1,1.0,1,0.28837048625542017,47
2370,1,3805,1886,1919,0,0,0,1.0,1,1.0,1,1.0,1,0.3017905952204825,48
2371,8,3813,1887,1926,0,0,0,1.0,1,1.0,1,1.0,1,0.2364109656617712,49
2372,0,3813,1887,1926,0,0,0,1.0,1,1.0,1,1.0,1,0.23305728881197577,48
2373,4,3817,1888,1929,0,0,0,1.0,1,1.0,1,1.0,1,0.2556400977783611,49
2374,3,3820,1888,1932,0,0,0,1.0,1,1.0,1,1.0,1,0.2430159033833423,50
2375,4,3824,1890,1934,0,0,0,1.0,1,1.0,1,1.0,1,0.2554772979988089,50
2376,2,3826,1890,1936,0,0,0,1.0,1,1.0,1,1.0,1,0.23463347889470615,50
2377,1,3827,1890,1937,0,0,0,1.0,1,1.0,1,1.0,1,0.22648146725814836,49
2378,1,3828,1890,1938,0,0,0,1.0,1,1.0,1,1.0,1,0.21442907159961053,49
2379,1,3829,1891,1938,0,0,0,1.0,1,1.0,1,1.0,1,0.24958834513973882,50
2380,1,3830,1892,1938,0,0,0,1.0,1,1.0,1,1.0,1,0.27095001577947925,50
2381,2,3832,1893,1939,0,0,0,1.0,1,1.0,1,1.0,1,0.2854285434420574,51
2382,1,3833,1893,1940,0,0,0,1.0,1,1.0,1,1.0,1,0.2742204034053619,51
2383,5,3838,1894,1944,0,0,0,1.0,1,1.0,1,1.0,1,0.25000949332894185,52
2384,2,3840,1896,1944,0,0,0,1.0,1,1.0,1,1.0,1,0.21633873185455146,52
2385,2,3842,1898,1944,0,0,0,1.0,1,1.0,1,1.0,1,0.23419688311515616,51
2386,3,3845,1900,1945,0,0,0,1.0,1,1.0,1,1.0,1,0.25497101715569925,52
2387,1,3846,1901,1945,0,0,0,1.0,1,1.0,1,1.0,1,0.24855429452186606,49
2388,0,3846,1901,1945,0,0,0,1.0,1,1.0,1,1.0,1,0.2464209376375202,48
2389,3,3849,1903,1946,0,0,0,1.0,1,1.0,1,1.0,1,0.22879458691090823,48
2390,2,3851,1904,1947,0,0,0,1.0,1,1.0,1,1.0,1,0.20212739458148932,49
2391,1,3852,1904,1948,0,0,0,1.0,1,1.0,1,1.0,1,0.18553352381360352,48
2392,1,3853,1905,1948,0,0,0,1.0,1,1.0,1,1.0,1,0.1888355376780473,49
2393,5,3858,1907,1951,0,0,0,1.0,1,1.0,1,1.0,1,0.1530122556634919,50
2394,1,3859,1908,1951,0,0,0,1.0,1,1.0,1,1.0,1,0.1850601047981214,50
2395,2,3861,1910,1951,0,0,0,1.0,1,1.0,1,1.0,1,0.2045625915844503,49
2396,2,3863,1911,1952,0,0,0,1.0,1,1.0,1,1.0,1,0.17833392654372124,50
2397,2,3865,1912,1953,0,0,0,1.0,1,1.0,1,1.0,1,0.19944511381031016,51
2398,0,3865,1912,1953,0,0,0,1.0,1,1.0,1,1.0,1,0.18522683304481144,49
2399,0,3865,1912,1953,0,0,0,1.0,1,1.0,1,1.0,1,0.1941257428754958,50
2400,0,3865,1912,1953,0,0,0,1.0,1,1.0,1,1.0,1,0.20649524878683204,51
2401,1,3866,1913,1953,0,0,0,1.0,1,1.0,1,1.0,1,0.2119775404073004,50
2402,1,3867,1913,1954,0,0,0,1.0,1,1.0,1,1.0,1,0.18978366823838683,51
2403,0,3867,1913,1954,0,0,0,1.0,1,1.0,1,1.0,1,0.18909896386039157,52
2404,1,3868,1913,1955,0,0,0,1.0,1,1.0,1,1.0,1,0.19959110048880457,53
2405,0,3868,1913,1955,0,0,0,1.0,1,1.0,1,1.0,1,0.19977423005175304,52
2406,3,3871,1915,1956,0,0,0,1.0,1,1.0,1,1.0,1,0.2057774326713547,52
2407,2,3873,1916,1957,0,0,0,1.0,1,1.0,1,1.0,1,0.23365703250907863,51
2408,0,3873,1916,1957,0,0,0,1.0,1,1.0,1,1.0,1,0.2596860576487586,50
2409,1,3874,1917,1957,0,0,0,1.0,1,1.0,1,1.0,1,0.2597660602928747,50
2410,2,3876,1918,1958,0,0,0,1.0,1,1.0,1,1.0,1,0.28901654065096477,49
2411,1,3877,1918,1959,0,0,0,1.0,1,1.0,1,1.0,1,0.28913538265932576,48
2412,2,3879,1918,1961,0,0,0,1.0,1,1.0,1,1.0,1,0.26319328544705206,47
2413,0,3879,1918,1961,0,0,0,1.0,1,1.0,1,1.0,1,0.2597392659760801,47
2414,5,3884,1920,1964,0,0,0,1.0,1,1.0,1,1.0,1,0.2711801095505797,47
2415,0,3884,1920,1964,0,0,0,1.0,1,1.0,1,1.0,1,0.2809723098743956,46
2416,1,3885,1920,1965,0,0,0,1.0,1,1.0,1,1.0,1,0.26155293888765113,47
2417,2,3887,1921,1966,0,0,0,1.0,1,1.0,1,1.0,1,0.26829423582054235,46
2418,3,3890,1922,1968,0,0,0,1.0,1,1.0,1,1.0,1,0.2576063631756701,48
2419,2,3892,1923,1969,0,0,0,1.0,1,1.0,1,1.0,1,0.24387574723700614,47
2420,1,3893,1923,1970,0,0,0,1.0,1,1.0,1,1.0,1,0.22003091882329168,49
2421,4,3897,1924,1973,0,0,0,1.0,1,1.0,1,1.0,1,0.20067359112802252,50
2422,3,3900,1926,1974,0,0,0,1.0,1,1.0,1,1.0,1,0.1877494582904741,50
2423,3,3903,1927,1976,0,0,0,1.0,1,1.0,1,1.0,1,0.16966761187139268,51
2424,5,3908,1931,1977,0,0,0,1.0,1,1.0,1,1.0,1,0.2052125666459884,50
2425,0,3908,1931,1977,0,0,0,1.0,1,1.0,1,1.0,1,0.19829567946887117,48
2426,5,3913,1935,1978,0,0,0,1.0,1,1.0,1,1.0,1,0.20649643704869758,51
2427,0,3913,1935,1978,0,0,0,1.0,1,1.0,1,1.0,1,0.2120845603044286,50
2428,2,3915,1936,1979,0,0,0,1.0,1,1.0,1,1.0,1,0.17877349657408156,49
2429,2,3917,1938,1979,0,0,0,1.0,1,1.0,1,1.0,1,0.23652317721459154,49
2430,0,3917,1938,1979,0,0,0,1.0,1,1.0,1,1.0,1,0.2512069378087955,46
2431,3,3920,1939,1981,0,0,0,1.0,1,1.0,1,1.0,1,0.2367978394588657,45
2432,2,3922,1940,1982,0,0,0,1.0,1,1.0,1,1.0,1,0.2997181711485905,44
2433,1,3923,1940,1983,0,0,0,1.0,1,1.0,1,1.0,1,0.25753636285568615,45
2434,1,3924,1941,1983,0,0,0,1.0,1,1.0,1,1.0,1,0.27574592219732424,44
2435,1,3925,1941,1984,0,0,0,1.0,1,1.0,1,1.0,1,0.23590935570592123,44
2436,1,3926,1941,1985,0,0,0,1.0,1,1.0,1,1.0,1,0.19300993504694458,44
2437,3,3929,1942,1987,0,0,0,1.0,1,1.0,1,1.0,1,0.18784112043890497,45
2438,1,3930,1943,1987,0,0,0,1.0,1,1.0,1,1.0,1,0.22607550113328723,45
2439,1,3931,1943,1988,0,0,0,1.0,1,1.0,1,1.0,1,0.20699029379555436,46
2440,0,3931,1943,1988,0,0,0,1.0,1,1.0,1,1.0,1,0.22268836829495445,45
2441,4,3935,1944,1991,0,0,0,1.0,1,1.0,1,1.0,1,0.18075361639673668,45
2442,0,3935,1944,1991,0,0,0,1.0,1,1.0,1,1.0,1,0.17732971158866254,46
2443,0,3935,1944,1991,0,0,0,1.0,1,1.0,1,1.0,1,0.19646761386744696,45
2444,3,3938,1947,1991,0,0,0,1.0,1,1.0,1,1.0,1,0.25681010830411216,46
2445,2,3940,1948,1992,0,0,0,1.0,1,1.0,1,1.0,1,0.2893193932288098,44
2446,1,3941,1949,1992,0,0,0,1.0,1,1.0,1,1.0,1,0.28014209994602063,44
2447,2,3943,1951,1992,0,0,0,1.0,1,1.0,1,1.0,1,0.27721968958573096,42
2448,4,3947,1954,1993,0,0,0,1.0,1,1.0,1,1.0,1,0.2960426244269109,41
2449,1,3948,1955,1993,0,0,0,1.0,1,1.0,1,1.0,1,0.28513220531474315,40
2450,4,3952,1958,1994,0,0,0,1.0,1,1.0,1,1.0,1,0.2710415234355465,42
2451,1,3953,1958,1995,0,0,0,1.0,1,1.0,1,1.0,1,0.2463203216602515,43
2452,0,3953,1958,1995,0,0,0,1.0,1,1.0,1,1.0,1,0.2463203216602515,43
2453,3,3956,1958,1998,0,0,0,1.0,1,1.0,1,1.0,1,0.2319030833311081,45
2454,3,3959,1960,1999,0,0,0,1.0,1,1.0,1,1.0,1,0.2725035880982223,47
2455,0,3959,1960,1999,0,0,0,1.0,1,1.0,1,1.0,1,0.2749861223023753,48
2456,4,3963,1962,2001,0,0,0,1.0,1,1.0,1,1.0,1,0.30125096886545444,49
2457,2,3965,1963,2002,0,0,0,1.0,1,1.0,1,1.0,1,0.34963776264241125,48
2458,2,3967,1963,2004,0,0,0,1.0,1,1.0,1,1.0,1,0.3250868356561594,49
2459,1,3968,1963,2005,0,0,0,1.0,1,1.0,1,1.0,1,0.32032852339267376,49
2460,5,3973,1965,2008,0,0,0,1.0,1,1.0,1,1.0,1,0.3229274559632629,50
2461,0,3973,1965,2008,0,0,0,1.0,1,1.0,1,1.0,1,0.3229274559632629,50
2462,5,3978,1967,2011,0,0,0,1.0,1,1.0,1,1.0,1,0.2712481471031914,51
2463,2,3980,1967,2013,0,0,0,1.0,1,1.0,1,1.0,1,0.2559648136230077,51
2464,0,3980,1967,2013,0,0,0,1.0,1,1.0,1,1.0,1,0.2625735082885344,50
2465,0,3980,1967,2013,0,0,0,1.0,1,1.0,1,1.0,1,0.26677054351861057,49
2466,1,3981,1968,2013,0,0,0,1.0,1,1.0,1,1.0,1,0.2623609705916139,49
2467,2,3983,1968,2015,0,0,0,1.0,1,1.0,1,1.0,1,0.23943417751168727,48
2468,2,3985,1970,2015,0,0,0,1.0,1,1.0,1,1.0,1,0.24557508265255942,47
2469,1,3986,1971,2015,0,0,0,1.0,1,1.0,1,1.0,1,0.23165706404789796,46
2470,1,3987,1972,2015,0,0,0,1.0,1,1.0,1,1.0,1,0.2561730424320471,44
2471,5,3992,1973,2019,0,0,0,1.0,1,1.0,1,1.0,1,0.21594828655991832,44
2472,1,3993,1973,2020,0,0,0,1.0,1,1.0,1,1.0,1,0.2505759604713803,44
2473,1,3994,1974,2020,0,0,0,1.0,1,1.0,1,1.0,1,0.2625957212683447,43
2474,3,3997,1976,2021,0,0,0,1.0,1,1.0,1,1.0,1,0.289136935049673,44
2475,4,4001,1977,2024,0,0,0,1.0,1,1.0,1,1.0,1,0.24092629313860442,46
2476,3,4004,1977,2027,0,0,0,1.0,1,1.0,1,1.0,1,0.17577564724699754,46
2477,1,4005,1978,2027,0,0,0,1.0,1,1.0,1,1.0,1,0.15783159799747085,46
2478,1,4006,1978,2028,0,0,0,1.0,1,1.0,1,1.0,1,0.14406917425883806,46
2479,1,4007,1979,2028,0,0,0,1.0,1,1.0,1,1.0,1,0.1681585021962445,46
2480,1,4008,1980,2028,0,0,0,1.0,1,1.0,1,1.0,1,0.19022336036500004,47
2481,3,4011,1981,2030,0,0,0,1.0,1,1.0,1,1.0,1,0.14289319427718736,47
2482,1,4012,1982,2030,0,0,0,1.0,1,1.0,1,1.0,1,0.17308667499435168,45
2483,1,4013,1982,2031,0,0,0,1.0,1,1.0,1,1.0,1,0.18831659658566455,45
2484,1,4014,1983,2031,0,0,0,1.0,1,1.0,1,1.0,1,0.20781179346421141,46
2485,2,4016,1984,2032,0,0,0,1.0,1,1.0,1,1.0,1,0.16748184906950056,44
2486,0,4016,1984,2032,0,0,0,1.0,1,1.0,1,1.0,1,0.1798395782157497,43
2487,1,4017,1985,2032,0,0,0,1.0,1,1.0,1,1.0,1,0.17827599018109885,44
2488,3,4020,1987,2033,0,0,0,1.0,1,1.0,1,1.0,1,0.2137504311136954,45
2489,0,4020,1987,2033,0,0,0,1.0,1,1.0,1,1.0,1,0.23472059931446118,44
2490,1,4021,1988,2033,0,0,0,1.0,1,1.0,1,1.0,1,0.2572409508934528,44
2491,1,4022,1989,2033,0,0,0,1.0,1,1.0,1,1.0,1,0.25796636524240946,44
2492,1,4023,1990,2033,0,0,0,1.0,1,1.0,1,1.0,1,0.2530551818553115,44
2493,0,4023,1990,2033,0,0,0,1.0,1,1.0,1,1.0,1,0.27678322481244766,42
2494,0,4023,1990,2033,0,0,0,1.0,1,1.0,1,1.0,1,0.27678322481244766,42
2495,0,4023,1990,2033,0,0,0,1.0,1,1.0,1,1.0,1,0.2767379750415569,42
2496,3,4026,1991,2035,0,0,0,1.0,1,1.0,1,1.0,1,0.2806987397848351,42
2497,3,4029,1992,2037,0,0,0,1.0,1,1.0,1,1.0,1,0.26518869731187206,44
2498,1,4030,1992,2038,0,0,0,1.0,1,1.0,1,1.0,1,0.25982124256537015,43
2499,1,4031,1993,2038,0,0,0,1.0,1,1.0,1,1.0,1,0.2392574935518935,43
2500,3,4034,1995,2039,0,0,0,1.0,1,1.0,1,1.0,1,0.21071023031561342,44
2501,4,4038,1996,2042,0,0,0,1.0,1,1.0,1,1.0,1,0.14806026384645318,46
2502,2,4040,1998,2042,0,0,0,1.0,1,1.0,1,1.0,1,0.1494093126431777,47
2503,2,4042,1999,2043,0,0,0,1.0,1,1.0,1,1.0,1,0.16783760133491138,47
2504,1,4043,2000,2043,0,0,0,1.0,1,1.0,1,1.0,1,0.20495503728590703,46
2505,4,4047,2004,2043,0,0,0,1.0,1,1.0,1,1.0,1,0.22994885407036814,46
2506,5,4052,2005,2047,0,0,0,1.0,1,1.0,1,1.0,1,0.22703537622135003,45
2507,4,4056,2006,2050,0,0,0,1.0,1,1.0,1,1.0,1,0.2265371995673375,45
2508,3,4059,2007,2052,0,0,0,1.0,1,1.0,1,1.0,1,0.24252315136676586,46
2509,2,4061,2008,2053,0,0,0,1.0,1,1.0,1,1.0,1,0.23768700888440444,45
2510,1,4062,2009,2053,0,0,0,1.0,1,1.0,1,1.0,1,0.24632501511979804,46
2511,0,4062,2009,2053,0,0,0,1.0,1,1.0,1,1.0,1,0.2252817135388142,47
2512,1,4063,2009,2054,0,0,0,1.0,1,1.0,1,1.0,1,0.20087477593823122,47
2513,2,4065,2011,2054,0,0,0,1.0,1,1.0,1,1.0,1,0.19665142381717712,48
2514,2,4067,2012,2055,0,0,0,1.0,1,1.0,1,1.0,1,0.20400646283557075,48
2515,1,4068,2012,2056,0,0,0,1.0,1,1.0,1,1.0,1,0.1937290849760028,49
2516,2,4070,2014,2056,0,0,0,1.0,1,1.0,1,1.0,1,0.2443088914382051,49
2517,1,4071,2014,2057,0,0,0,1.0,1,1.0,1,1.0,1,0.21694624593671308,49
2518,0,4071,2014,2057,0,0,0,1.0,1,1.0,1,1.0,1,0.2128770232045903,48
2519,1,4072,2015,2057,0,0,0,1.0,1,1.0,1,1.0,1,0.24277378234563773,48
2520,0,4072,2015,2057,0,0,0,1.0,1,1.0,1,1.0,1,0.253092872657422,46
2521,6,4078,2018,2060,0,0,0,1.0,1,1.0,1,1.0,1,0.23398806842453765,47
2522,1,4079,2019,2060,0,0,0,1.0,1,1.0,1,1.0,1,0.30329753058229525,45
2523,3,4082,2020,2062,0,0,0,1.0,1,1.0,1,1.0,1,0.3278170256984785,44
2524,1,4083,2020,2063,0,0,0,1.0,1,1.0,1,1.0,1,0.28924663858432337,42
2525,1,4084,2021,2063,0,0,0,1.0,1,1.0,1,1.0,1,0.3310047487002671,42
2526,1,4085,2021,2064,0,0,0,1.0,1,1.0,1,1.0,1,0.31284954276017624,41
2527,0,4085,2021,2064,0,0,0,1.0,1,1.0,1,1.0,1,0.31284954276017624,41
2528,0,4085,2021,2064,0,0,0,1.0,1,1.0,1,1.0,1,0.3347993132485821,41
2529,1,4086,2022,2064,0,0,0,1.0,1,1.0,1,1.0,1,0.34203214682832134,42
2530,1,4087,2022,2065,0,0,0,1.0,1,1.0,1,1.0,1,0.3168754792977988,41
2531,0,4087,2022,2065,0,0,0,1.0,1,1.0,1,1.0,1,0.3168754792977988,41
2532,1,4088,2022,2066,0,0,0,1.0,1,1.0,1,1.0,1,0.3195360249546101,43
2533,0,4088,2022,2066,0,0,0,1.0,1,1.0,1,1.0,1,0.3195360249546101,43
2534,0,4088,2022,2066,0,0,0,1.0,1,1.0,1,1.0,1,0.3195360249546101,43
2535,2,4090,2023,2067,0,0,0,1.0,1,1.0,1,1.0,1,0.3426941026437995,44
2536,0,4090,2023,2067,0,0,0,1.0,1,1.0,1,1.0,1,0.3426941026437995,44
2537,1,4091,2023,2068,0,0,0,1.0,1,1.0,1,1.0,1,0.3408387480530831,45
2538,1,4092,2023,2069,0,0,0,1.0,1,1.0,1,1.0,1,0.3359575026099478,48
2539,0,4092,2023,2069,0,0,0,1.0,1,1.0,1,1.0,1,0.3359575026099478,48
2540,2,4094,2024,2070,0,0,0,1.0,1,1.0,1,1.0,1,0.3225804736483221,50
2541,4,4098,2025,2073,0,0,0,1.0,1,1.0,1,1.0,1,0.29296867752858685,52
2542,3,4101,2027,2074,0,0,0,1.0,1,1.0,1,1.0,1,0.32134774407905625,52
2543,4,4105,2030,2075,0,0,0,1.0,1,1.0,1,1.0,1,0.31804109000967407,51
2544,8,4113,2034,2079,0,0,0,1.0,1,1.0,1,1.0,1,0.3224262976293966,51
2545,3,4116,2034,2082,0,0,0,1.0,1,1.0,1,1.0,1,0.2577482957656467,50
2546,3,4119,2036,2083,0,0,0,1.0,1,1.0,1,1.0,1,0.26458870393086764,50
2547,1,4120,2036,2084,0,0,0,1.0,1,1.0,1,1.0,1,0.2795328669870604,47
2548,0,4120,2036,2084,0,0,0,1.0,1,1.0,1,1.0,1,0.26896019051200354,46
2549,3,4123,2038,2085,0,0,0,1.0,1,1.0,1,1.0,1,0.2795173506225063,46
2550,2,4125,2040,2085,0,0,0,1.0,1,1.0,1,1.0,1,0.291615255212841,44
2551,3,4128,2041,2087,0,0,0,1.0,1,1.0,1,1.0,1,0.24402849258292852,43
2552,0,4128,2041,2087,0,0,0,1.0,1,1.0,1,1.0,1,0.2681788822957328,43
2553,0,4128,2041,2087,0,0,0,1.0,1,1.0,1,1.0,1,0.273570226466328,44
2554,2,4130,2043,2087,0,0,0,1.0,1,1.0,1,1.0,1,0.31103070427162033,45
2555,3,4133,2044,2089,0,0,0,1.0,1,1.0,1,1.0,1,0.3025411880226734,44
2556,5,4138,2044,2094,0,0,0,1.0,1,1.0,1,1.0,1,0.24627247974021668,44
2557,2,4140,2045,2095,0,0,0,1.0,1,1.0,1,1.0,1,0.28487930416387663,41
2558,0,4140,2045,2095,0,0,0,1.0,1,1.0,1,1.0,1,0.2720135734379364,40
2559,0,4140,2045,2095,0,0,0,1.0,1,1.0,1,1.0,1,0.2849375149812037,41
2560,0,4140,2045,2095,0,0,0,1.0,1,1.0,1,1.0,1,0.2849375149812037,41
2561,3,4143,2045,2098,0,0,0,1.0,1,1.0,1,1.0,1,0.22424500005032844,43
2562,1,4144,2046,2098,0,0,0,1.0,1,1.0,1,1.0,1,0.2482441633258741,44
2563,0,4144,2046,2098,0,0,0,1.0,1,1.0,1,1.0,1,0.2482441633258741,44
2564,2,4146,2048,2098,0,0,0,1.0,1,1.0,1,1.0,1,0.2504278753232686,44
2565,0,4146,2048,2098,0,0,0,1.0,1,1.0,1,1.0,1,0.24485585508475394,45
2566,0,4146,2048,2098,0,0,0,1.0,1,1.0,1,1.0,1,0.25337117733852943,46
2567,2,4148,2049,2099,0,0,0,1.0,1,1.0,1,1.0,1,0.25835887710779243,48
2568,3,4151,2052,2099,0,0,0,1.0,1,1.0,1,1.0,1,0.30848628851370286,48
2569,2,4153,2052,2101,0,0,0,1.0,1,1.0,1,1.0,1,0.29887509296402864,49
2570,1,4154,2052,2102,0,0,0,1.0,1,1.0,1,1.0,1,0.29938810393734194,48
2571,0,4154,2052,2102,0,0,0,1.0,1,1.0,1,1.0,1,0.29938810393734194,48
2572,0,4154,2052,2102,0,0,0,1.0,1,1.0,1,1.0,1,0.28196547632094,49
2573,3,4157,2052,2105,0,0,0,1.0,1,1.0,1,1.0,1,0.24235997161472275,50
2574,0,4157,2052,2105,0,0,0,1.0,1,1.0,1,1.0,1,0.2615929105545109,49
2575,1,4158,2052,2106,0,0,0,1.0,1,1.0,1,1.0,1,0.26075584780952693,48
2576,0,4158,2052,2106,0,0,0,1.0,1,1.0,1,1.0,1,0.26075584780952693,48
2577,2,4160,2052,2108,0,0,0,1.0,1,1.0,1,1.0,1,0.2539939574844249,50
2578,1,4161,2052,2109,0,0,0,1.0,1,1.0,1,1.0,1,0.23766062918514405,50
2579,2,4163,2053,2110,0,0,0,1.0,1,1.0,1,1.0,1,0.21812609316194503,51
2580,0,4163,2053,2110,0,0,0,1.0,1,1.0,1,1.0,1,0.23984450935051238,52
2581,1,4164,2053,2111,0,0,0,1.0,1,1.0,1,1.0,1,0.2464631238873026,51
2582,1,4165,2054,2111,0,0,0,1.0,1,1.0,1,1.0,1,0.2628993322890913,51
2583,2,4167,2055,2112,0,0,0,1.0,1,1.0,1,1.0,1,0.2657596760071386,51
2584,5,4172,2058,2114,0,0,0,1.0,1,1.0,1,1.0,1,0.28135633412929084,51
2585,0,4172,2058,2114,0,0,0,1.0,1,1.0,1,1.0,1,0.26833441865366453,50
2586,5,4177,2061,2116,0,0,0,1.0,1,1.0,1,1.0,1,0.27037644889201456,50
2587,1,4178,2062,2116,0,0,0,1.0,1,1.0,1,1.0,1,0.22805959074335722,48
2588,6,4184,2063,2121,0,0,0,1.0,1,1.0,1,1.0,1,0.19591236332803744,50
2589,1,4185,2063,2122,0,0,0,1.0,1,1.0,1,1.0,1,0.16114928437639758,48
2590,0,4185,2063,2122,0,0,0,1.0,1,1.0,1,1.0,1,0.16840168279866963,47
2591,1,4186,2063,2123,0,0,0,1.0,1,1.0,1,1.0,1,0.1545807145885533,47
2592,1,4187,2064,2123,0,0,0,1.0,1,1.0,1,1.0,1,0.164792658842577,47
2593,1,4188,2065,2123,0,0,0,1.0,1,1.0,1,1.0,1,0.18675700866624348,47
2594,3,4191,2068,2123,0,0,0,1.0,1,1.0,1,1.0,1,0.23397112090017105,49
2595,3,4194,2069,2125,0,0,0,1.0,1,1.0,1,1.0,1,0.22220674930144924,48
2596,4,4198,2071,2127,0,0,0,1.0,1,1.0,1,1.0,1,0.16630293499616267,47
2597,2,4200,2073,2127,0,0,0,1.0,1,1.0,1,1.0,1,0.20181261347817828,48
2598,5,4205,2076,2129,0,0,0,1.0,1,1.0,1,1.0,1,0.19002766811654662,48
2599,3,4208,2078,2130,0,0,0,1.0,1,1.0,1,1.0,1,0.17693198251702585,49
2600,1,4209,2078,2131,0,0,0,1.0,1,1.0,1,1.0,1,0.1726956698307013,52
2601,1,4210,2079,2131,0,0,0,1.0,1,1.0,1,1.0,1,0.1667896110968153,51
2602,2,4212,2080,2132,0,0,0,1.0,1,1.0,1,1.0,1,0.15256395287213326,52
2603,2,4214,2081,2133,0,0,0,1.0,1,1.0,1,1.0,1,0.19409616384871686,53
2604,1,4215,2081,2134,0,0,0,1.0,1,1.0,1,1.0,1,0.17219934474357845,53
2605,1,4216,2082,2134,0,0,0,1.0,1,1.0,1,1.0,1,0.20512122197702626,52
2606,1,4217,2082,2135,0,0,0,1.0,1,1.0,1,1.0,1,0.19378133527166663,52
2607,0,4217,2082,2135,0,0,0,1.0,1,1.0,1,1.0,1,0.2112477119098579,52
2608,2,4219,2082,2137,0,0,0,1.0,1,1.0,1,1.0,1,0.17728258168567398,52
2609,0,4219,2082,2137,0,0,0,1.0,1,1.0,1,1.0,1,0.18353429489376138,53
2610,2,4221,2083,2138,0,0,0,1.0,1,1.0,1,1.0,1,0.18927029861097996,54
2611,4,4225,2084,2141,0,0,0,1.0,1,1.0,1,1.0,1,0.12999283471470943,54
2612,2,4227,2086,2141,0,0,0,1.0,1,1.0,1,1.0,1,0.12264130715807613,56
2613,0,4227,2086,2141,0,0,0,1.0,1,1.0,1,1.0,1,0.12264130715807613,56
2614,2,4229,2087,2142,0,0,0,1.0,1,1.0,1,1.0,1,0.12312725163568983,56
2615,1,4230,2087,2143,0,0,0,1.0,1,1.0,1,1.0,1,0.10017591991748594,57
2616,0,4230,2087,2143,0,0,0,1.0,1,1.0,1,1.0,1,0.10017591991748594,57
2617,2,4232,2088,2144,0,0,0,1.0,1,1.0,1,1.0,1,0.09903263980937946,58
2618,0,4232,2088,2144,0,0,0,1.0,1,1.0,1,1.0,1,0.09903263980937946,58
2619,0,4232,2088,2144,0,0,0,1.0,1,1.0,1,1.0,1,0.12229479502202348,58
2620,1,4233,2088,2145,0,0,0,1.0,1,1.0,1,1.0,1,0.13281116598149528,60
2621,1,4234,2089,2145,0,0,0,1.0,1,1.0,1,1.0,1,0.09549052708566921,59
2622,2,4236,2091,2145,0,0,0,1.0,1,1.0,1,1.0,1,0.10810717812571546,60
2623,3,4239,2093,2146,0,0,0,1.0,1,1.0,1,1.0,1,0.13657609390748673,59
2624,5,4244,2097,2147,0,0,0,1.0,1,1.0,1,1.0,1,0.19666492746068118,58
2625,4,4248,2100,2148,0,0,0,1.0,1,1.0,1,1.0,1,0.19451266428546293,58
2626,5,4253,2102,2151,0,0,0,1.0,1,1.0,1,1.0,1,0.17372653949018305,57
2627,2,4255,2103,2152,0,0,0,1.0,1,1.0,1,1.0,1,0.1389602381782098,55
2628,1,4256,2104,2152,0,0,0,1.0,1,1.0,1,1.0,1,0.1370330303437033,55
2629,0,4256,2104,2152,0,0,0,1.0,1,1.0,1,1.0,1,0.14191193194804125,54
2630,1,4257,2105,2152,0,0,0,1.0,1,1.0,1,1.0,1,0.17676187564370316,55
2631,1,4258,2105,2153,0,0,0,1.0,1,1.0,1,1.0,1,0.18112859769855214,55
2632,2,4260,2107,2153,0,0,0,1.0,1,1.0,1,1.0,1,0.2168397309073174,55
2633,2,4262,2108,2154,0,0,0,1.0,1,1.0,1,1.0,1,0.1924625248880434,53
2634,4,4266,2110,2156,0,0,0,1.0,1,1.0,1,1.0,1,0.20672984535298622,52
2635,0,4266,2110,2156,0,0,0,1.0,1,1.0,1,1.0,1,0.20262873298825773,52
2636,7,4273,2112,2161,0,0,0,1.0,1,1.0,1,1.0,1,0.16414838701012927,51
2637,2,4275,2113,2162,0,0,0,1.0,1,1.0,1,1.0,1,0.14342619513320773,50
2638,4,4279,2115,2164,0,0,0,1.0,1,1.0,1,1.0,1,0.11728343328230885,48
2639,2,4281,2117,2164,0,0,0,1.0,1,1.0,1,1.0,1,0.19225782198652336,48
2640,5,4286,2122,2164,0,0,0,1.0,1,1.0,1,1.0,1,0.24618134426829685,46
2641,3,4289,2123,2166,0,0,0,1.0,1,1.0,1,1.0,1,0.18494461860756237,46
2642,4,4293,2127,2166,0,0,0,1.0,1,1.0,1,1.0,1,0.1951660549675157,47
2643,1,4294,2128,2166,0,0,0,1.0,1,1.0,1,1.0,1,0.21403417660669935,45
2644,4,4298,2129,2169,0,0,0,1.0,1,1.0,1,1.0,1,0.22479756320968436,44
2645,2,4300,2130,2170,0,0,0,1.0,1,1.0,1,1.0,1,0.25698503163450326,42
2646,6,4306,2131,2175,0,0,0,1.0,1,1.0,1,1.0,1,0.16231157303586652,43
2647,0,4306,2131,2175,0,0,0,1.0,1,1.0,1,1.0,1,0.15461218703095606,40
2648,0,4306,2131,2175,0,0,0,1.0,1,1.0,1,1.0,1,0.12581955300140218,41
2649,1,4307,2132,2175,0,0,0,1.0,1,1.0,1,1.0,1,0.14750814869000564,43
2650,1,4308,2132,2176,0,0,0,1.0,1,1.0,1,1.0,1,0.11499256297999395,43
2651,0,4308,2132,2176,0,0,0,1.0,1,1.0,1,1.0,1,0.09171973025887901,44
2652,0,4308,2132,2176,0,0,0,1.0,1,1.0,1,1.0,1,0.09171973025887901,44
2653,0,4308,2132,2176,0,0,0,1.0,1,1.0,1,1.0,1,0.09171973025887901,44
2654,1,4309,2133,2176,0,0,0,1.0,1,1.0,1,1.0,1,0.09877965864438026,45
2655,1,4310,2134,2176,0,0,0,1.0,1,1.0,1,1.0,1,0.08269437196082362,45
2656,0,4310,2134,2176,0,0,0,1.0,1,1.0,1,1.0,1,0.08269437196082362,45
2657,0,4310,2134,2176,0,0,0,1.0,1,1.0,1,1.0,1,0.10881390138135502,45
2658,1,4311,2135,2176,0,0,0,1.0,1,1.0,1,1.0,1,0.14108344469813466,47
2659,0,4311,2135,2176,0,0,0,1.0,1,1.0,1,1.0,1,0.16352745884136383,46
2660,3,4314,2137,2177,0,0,0,1.0,1,1.0,1,1.0,1,0.18329630875753808,46
2661,4,4318,2140,2178,0,0,0,1.0,1,1.0,1,1.0,1,0.1784225969838875,46
2662,4,4322,2142,2180,0,0,0,1.0,1,1.0,1,1.0,1,0.18902825637345694,47
2663,4,4326,2144,2182,0,0,0,1.0,1,1.0,1,1.0,1,0.17080821862549928,46
2664,2,4328,2146,2182,0,0,0,1.0,1,1.0,1,1.0,1,0.16042301315585034,45
2665,3,4331,2149,2182,0,0,0,1.0,1,1.0,1,1.0,1,0.1919271737046959,47
2666,5,4336,2152,2184,0,0,0,1.0,1,1.0,1,1.0,1,0.18457607864963144,47
2667,2,4338,2153,2185,0,0,0,1.0,1,1.0,1,1.0,1,0.21473915764074894,45
2668,2,4340,2155,2185,0,0,0,1.0,1,1.0,1,1.0,1,0.19773946991497782,45
2669,2,4342,2157,2185,0,0,0,1.0,1,1.0,1,1.0,1,0.19819733242489038,45
2670,4,4346,2160,2186,0,0,0,1.0,1,1.0,1,1.0,1,0.19761272145878334,45
2671,2,4348,2161,2187,0,0,0,1.0,1,1.0,1,1.0,1,0.1793184946705265,41
2672,1,4349,2162,2187,0,0,0,1.0,1,1.0,1,1.0,1,0.22369555491306525,40
2673,2,4351,2163,2188,0,0,0,1.0,1,1.0,1,1.0,1,0.17795546597836437,39
2674,2,4353,2165,2188,0,0,0,1.0,1,1.0,1,1.0,1,0.23476228496715043,37
2675,3,4356,2168,2188,0,0,0,1.0,1,1.0,1,1.0,1,0.2864983387846761,35
2676,3,4359,2168,2191,0,0,0,1.0,1,1.0,1,1.0,1,0.2066171856129294,34
2677,1,4360,2169,2191,0,0,0,1.0,1,1.0,1,1.0,1,0.21693543518410022,32
2678,1,4361,2170,2191,0,0,0,1.0,1,1.0,1,1.0,1,0.2520579365281862,33
2679,3,4364,2171,2193,0,0,0,1.0,1,1.0,1,1.0,1,0.24094744496332218,33
2680,4,4368,2175,2193,0,0,0,1.0,1,1.0,1,1.0,1,0.33752198563759217,33
2681,2,4370,2176,2194,0,0,0,1.0,1,1.0,1,1.0,1,0.23347051136261956,32
2682,0,4370,2176,2194,0,0,0,1.0,1,1.0,1,1.0,1,0.23347051136261956,32
2683,1,4371,2177,2194,0,0,0,1.0,1,1.0,1,1.0,1,0.25923234840923115,32
2684,1,4372,2177,2195,0,0,0,1.0,1,1.0,1,1.0,1,0.23945699697131134,31
2685,1,4373,2178,2195,0,0,0,1.0,1,1.0,1,1.0,1,0.29622944175905586,30
2686,2,4375,2178,2197,0,0,0,1.0,1,1.0,1,1.0,1,0.24623602607360984,29
2687,0,4375,2178,2197,0,0,0,1.0,1,1.0,1,1.0,1,0.2842696445307666,28
2688,0,4375,2178,2197,0,0,0,1.0,1,1.0,1,1.0,1,0.2842696445307666,28
2689,0,4375,2178,2197,0,0,0,1.0,1,1.0,1,1.0,1,0.3074402833693418,29
2690,0,4375,2178,2197,0,0,0,1.0,1,1.0,1,1.0,1,0.3074402833693418,29
2691,4,4379,2181,2198,0,0,0,1.0,1,1.0,1,1.0,1,0.23318151800554893,29
2692,0,4379,2181,2198,0,0,0,1.0,1,1.0,1,1.0,1,0.25867791765230175,31
2693,2,4381,2183,2198,0,0,0,1.0,1,1.0,1,1.0,1,0.3499003893535916,32
2694,2,4383,2184,2199,0,0,0,1.0,1,1.0,1,1.0,1,0.323595845973766,32
2695,1,4384,2185,2199,0,0,0,1.0,1,1.0,1,1.0,1,0.27806634630836047,33
2696,2,4386,2185,2201,0,0,0,1.0,1,1.0,1,1.0,1,0.21063875421214662,33
2697,1,4387,2185,2202,0,0,0,1.0,1,1.0,1,1.0,1,0.17677132136733478,34
2698,1,4388,2186,2202,0,0,0,1.0,1,1.0,1,1.0,1,0.206973286047644,34
2699,0,4388,2186,2202,0,0,0,1.0,1,1.0,1,1.0,1,0.1791888787672147,36
2700,0,4388,2186,2202,0,0,0,1.0,1,1.0,1,1.0,1,0.1953151872920025,36
2701,0,4388,2186,2202,0,0,0,1.0,1,1.0,1,1.0,1,0.1953151872920025,36
2702,3,4391,2188,2203,0,0,0,1.0,1,1.0,1,1.0,1,0.19594852819713654,36
2703,2,4393,2190,2203,0,0,0,1.0,1,1.0,1,1.0,1,0.22441833727666113,38
2704,2,4395,2191,2204,0,0,0,1.0,1,1.0,1,1.0,1,0.23367810967357783,37
2705,4,4399,2194,2205,0,0,0,1.0,1,1.0,1,1.0,1,0.28520345188389284,36
2706,2,4401,2195,2206,0,0,0,1.0,1,1.0,1,1.0,1,0.26903283860682503,34
2707,2,4403,2196,2207,0,0,0,1.0,1,1.0,1,1.0,1,0.2783958362895355,36
2708,3,4406,2199,2207,0,0,0,1.0,1,1.0,1,1.0,1,0.2957606749037397,36
2709,2,4408,2200,2208,0,0,0,1.0,1,1.0,1,1.0,1,0.29795090775663396,33
2710,3,4411,2202,2209,0,0,0,1.0,1,1.0,1,1.0,1,0.26298929240883184,32
2711,1,4412,2203,2209,0,0,0,1.0,1,1.0,1,1.0,1,0.2469259058347867,29
2712,0,4412,2203,2209,0,0,0,1.0,1,1.0,1,1.0,1,0.2941673432005662,28
2713,0,4412,2203,2209,0,0,0,1.0,1,1.0,1,1.0,1,0.30918631417273124,28
2714,1,4413,2204,2209,0,0,0,1.0,1,1.0,1,1.0,1,0.31969254608186837,25
2715,1,4414,2205,2209,0,0,0,1.0,1,1.0,1,1.0,1,0.39962587037805314,24
2716,3,4417,2207,2210,0,0,0,1.0,1,1.0,1,1.0,1,0.4642898870133013,23
2717,1,4418,2208,2210,0,0,0,1.0,1,1.0,1,1.0,1,0.4131362473319015,24
2718,1,4419,2209,2210,0,0,0,1.0,1,1.0,1,1.0,1,0.4047685065920829,24
2719,0,4419,2209,2210,0,0,0,1.0,1,1.0,1,1.0,1,0.3820000698467267,25
2720,2,4421,2211,2210,0,0,0,1.0,1,1.0,1,1.0,1,0.33208280760194886,25
2721,2,4423,2213,2210,0,0,0,1.0,1,1.0,1,1.0,1,0.3108930984716967,26
2722,1,4424,2214,2210,0,0,0,1.0,1,1.0,1,1.0,1,0.33296411183497016,26
2723,1,4425,2215,2210,0,0,0,1.0,1,1.0,1,1.0,1,0.3093627122360342,26
2724,3,4428,2216,2212,0,0,0,1.0,1,1.0,1,1.0,1,0.2770364498056985,27
2725,1,4429,2217,2212,0,0,0,1.0,1,1.0,1,1.0,1,0.29393249010108624,27
2726,1,4430,2217,2213,0,0,0,1.0,1,1.0,1,1.0,1,0.2519242403340685,28
2727,0,4430,2217,2213,0,0,0,1.0,1,1.0,1,1.0,1,0.24686940558745302,29
2728,0,4430,2217,2213,0,0,0,1.0,1,1.0,1,1.0,1,0.2507335879005018,28
2729,0,4430,2217,2213,0,0,0,1.0,1,1.0,1,1.0,1,0.2507335879005018,28
2730,1,4431,2218,2213,0,0,0,1.0,1,1.0,1,1.0,1,0.29760962187051165,29
2731,2,4433,2218,2215,0,0,0,1.0,1,1.0,1,1.0,1,0.26414814239417295,30
2732,1,4434,2219,2215,0,0,0,1.0,1,1.0,1,1.0,1,0.27874394720408874,29
2733,0,4434,2219,2215,0,0,0,1.0,1,1.0,1,1.0,1,0.27874394720408874,29
2734,0,4434,2219,2215,0,0,0,1.0,1,1.0,1,1.0,1,0.27874394720408874,29
2735,2,4436,2220,2216,0,0,0,1.0,1,1.0,1,1.0,1,0.3123693302516787,29
2736,1,4437,2220,2217,0,0,0,1.0,1,1.0,1,1.0,1,0.290667578869163,30
2737,1,4438,2221,2217,0,0,0,1.0,1,1.0,1,1.0,1,0.2775130509506739,30
2738,0,4438,2221,2217,0,0,0,1.0,1,1.0,1,1.0,1,0.29205493759874884,29
2739,0,4438,2221,2217,0,0,0,1.0,1,1.0,1,1.0,1,0.29582262879273624,30
2740,1,4439,2222,2217,0,0,0,1.0,1,1.0,1,1.0,1,0.32211435066976735,29
2741,4,4443,2224,2219,0,0,0,1.0,1,1.0,1,1.0,1,0.3062533582216431,29
2742,1,4444,2225,2219,0,0,0,1.0,1,1.0,1,1.0,1,0.32351835023930353,29
2743,3,4447,2226,2221,0,0,0,1.0,1,1.0,1,1.0,1,0.36639196474036145,30
2744,3,4450,2228,2222,0,0,0,1.0,1,1.0,1,1.0,1,0.447965245593033,28
2745,3,4453,2229,2224,0,0,0,1.0,1,1.0,1,1.0,1,0.41120534404263287,27
2746,3,4456,2229,2227,0,0,0,1.0,1,1.0,1,1.0,1,0.298456618730606,26
2747,1,4457,2230,2227,0,0,0,1.0,1,1.0,1,1.0,1,0.35671695035794243,22
2748,2,4459,2230,2229,0,0,0,1.0,1,1.0,1,1.0,1,0.2730634452419195,22
2749,0,4459,2230,2229,0,0,0,1.0,1,1.0,1,1.0,1,0.3348522816162031,20
2750,0,4459,2230,2229,0,0,0,1.0,1,1.0,1,1.0,1,0.3985082313654156,17
2751,0,4459,2230,2229,0,0,0,1.0,1,1.0,1,1.0,1,0.3985082313654156,17
2752,0,4459,2230,2229,0,0,0,1.0,1,1.0,1,1.0,1,0.37545208670214,16
2753,2,4461,2231,2230,0,0,0,1.0,1,1.0,1,1.0,1,0.33516038031283435,16
2754,1,4462,2232,2230,0,0,0,1.0,1,1.0,1,1.0,1,0.40717612900820993,16
2755,0,4462,2232,2230,0,0,0,1.0,1,1.0,1,1.0,1,0.40717612900820993,16
2756,1,4463,2232,2231,0,0,0,1.0,1,1.0,1,1.0,1,0.3932128522304272,17
2757,1,4464,2233,2231,0,0,0,1.0,1,1.0,1,1.0,1,0.4085770522222697,18
2758,0,4464,2233,2231,0,0,0,1.0,1,1.0,1,1.0,1,0.4085770522222697,18
2759,2,4466,2234,2232,0,0,0,1.0,1,1.0,1,1.0,1,0.3477205540237896,19
2760,0,4466,2234,2232,0,0,0,1.0,1,1.0,1,1.0,1,0.31465754461959766,18
2761,0,4466,2234,2232,0,0,0,1.0,1,1.0,1,1.0,1,0.31465754461959766,18
2762,0,4466,2234,2232,0,0,0,1.0,1,1.0,1,1.0,1,0.31465754461959766,18
2763,0,4466,2234,2232,0,0,0,1.0,1,1.0,1,1.0,1,0.31465754461959766,18
2764,0,4466,2234,2232,0,0,0,1.0,1,1.0,1,1.0,1,0.31465754461959766,18
2765,1,4467,2235,2232,0,0,0,1.0,1,1.0,1,1.0,1,0.2952065491412928,18
2766,0,4467,2235,2232,0,0,0,1.0,1,1.0,1,1.0,1,0.2952065491412928,18
2767,0,4467,2235,2232,0,0,0,1.0,1,1.0,1,1.0,1,0.33455298152272434,17
2768,0,4467,2235,2232,0,0,0,1.0,1,1.0,1,1.0,1,0.33455298152272434,17
2769,1,4468,2236,2232,0,0,0,1.0,1,1.0,1,1.0,1,0.2806234375148585,17
2770,0,4468,2236,2232,0,0,0,1.0,1,1.0,1,1.0,1,0.2806234375148585,17
2771,0,4468,2236,2232,0,0,0,1.0,1,1.0,1,1.0,1,0.2806234375148585,17
2772,0,4468,2236,2232,0,0,0,1.0,1,1.0,1,1.0,1,0.2806234375148585,17
2773,0,4468,2236,2232,0,0,0,1.0,1,1.0,1,1.0,1,0.2806234375148585,17
2774,0,4468,2236,2232,0,0,0,1.0,1,1.0,1,1.0,1,0.24373430521123435,18
2775,3,4471,2239,2232,0,0,0,1.0,1,1.0,1,1.0,1,0.27259037530702557,20
2776,0,4471,2239,2232,0,0,0,1.0,1,1.0,1,1.0,1,0.27537257245387936,21
2777,0,4471,2239,2232,0,0,0,1.0,1,1.0,1,1.0,1,0.27537257245387936,21
2778,3,4474,2241,2233,0,0,0,1.0,1,1.0,1,1.0,1,0.3704078113642793,21
2779,0,4474,2241,2233,0,0,0,1.0,1,1.0,1,1.0,1,0.37594663421939284,22
2780,1,4475,2242,2233,0,0,0,1.0,1,1.0,1,1.0,1,0.4648480777189681,22
2781,2,4477,2243,2234,0,0,0,1.0,1,1.0,1,1.0,1,0.4536401542952584,22
2782,3,4480,2244,2236,0,0,0,1.0,1,1.0,1,1.0,1,0.3216292558892925,23
2783,0,4480,2244,2236,0,0,0,1.0,1,1.0,1,1.0,1,0.29606654903943785,22
2784,1,4481,2245,2236,0,0,0,1.0,1,1.0,1,1.0,1,0.3026558448278733,21
2785,0,4481,2245,2236,0,0,0,1.0,1,1.0,1,1.0,1,0.2924243322127308,19
2786,0,4481,2245,2236,0,0,0,1.0,1,1.0,1,1.0,1,0.2924243322127308,19
2787,0,4481,2245,2236,0,0,0,1.0,1,1.0,1,1.0,1,0.2637501619591161,20
2788,1,4482,2246,2236,0,0,0,1.0,1,1.0,1,1.0,1,0.3006540556296854,20
2789,1,4483,2247,2236,0,0,0,1.0,1,1.0,1,1.0,1,0.3853386393007976,19
2790,0,4483,2247,2236,0,0,0,1.0,1,1.0,1,1.0,1,0.37177049484007146,20
2791,1,4484,2248,2236,0,0,0,1.0,1,1.0,1,1.0,1,0.40729604884797027,20
2792,0,4484,2248,2236,0,0,0,1.0,1,1.0,1,1.0,1,0.40729604884797027,20
2793,0,4484,2248,2236,0,0,0,1.0,1,1.0,1,1.0,1,0.437893574687348,19
2794,0,4484,2248,2236,0,0,0,1.0,1,1.0,1,1.0,1,0.4465112767473677,20
2795,3,4487,2248,2239,0,0,0,1.0,1,1.0,1,1.0,1,0.32631083549338064,21
2796,0,4487,2248,2239,0,0,0,1.0,1,1.0,1,1.0,1,0.31355924062603474,22
2797,0,4487,2248,2239,0,0,0,1.0,1,1.0,1,1.0,1,0.2933708347359229,21
2798,0,4487,2248,2239,0,0,0,1.0,1,1.0,1,1.0,1,0.2933708347359229,21
2799,0,4487,2248,2239,0,0,0,1.0,1,1.0,1,1.0,1,0.31434517743210744,20
2800,0,4487,2248,2239,0,0,0,1.0,1,1.0,1,1.0,1,0.31434517743210744,20
2801,0,4487,2248,2239,0,0,0,1.0,1,1.0,1,1.0,1,0.31434517743210744,20
2802,1,4488,2248,2240,0,0,0,1.0,1,1.0,1,1.0,1,0.2459279931027466,20
2803,1,4489,2248,2241,0,0,0,1.0,1,1.0,1,1.0,1,0.20048107704842544,21
2804,1,4490,2248,2242,0,0,0,1.0,1,1.0,1,1.0,1,0.17971782840637018,22
2805,1,4491,2249,2242,0,0,0,1.0,1,1.0,1,1.0,1,0.17616384397543797,22
2806,1,4492,2250,2242,0,0,0,1.0,1,1.0,1,1.0,1,0.20669018313802612,23
2807,2,4494,2252,2242,0,0,0,1.0,1,1.0,1,1.0,1,0.2914127282611502,24
2808,2,4496,2254,2242,0,0,0,1.0,1,1.0,1,1.0,1,0.3420915030566753,24
2809,2,4498,2254,2244,0,0,0,1.0,1,1.0,1,1.0,1,0.26664990727888604,26
2810,0,4498,2254,2244,0,0,0,1.0,1,1.0,1,1.0,1,0.23627853750871566,26
2811,0,4498,2254,2244,0,0,0,1.0,1,1.0,1,1.0,1,0.21259948626047362,27
2812,0,4498,2254,2244,0,0,0,1.0,1,1.0,1,1.0,1,0.21259948626047362,27
2813,0,4498,2254,2244,0,0,0,1.0,1,1.0,1,1.0,1,0.18489886760190227,28
2814,0,4498,2254,2244,0,0,0,1.0,1,1.0,1,1.0,1,0.1881915143967188,29
2815,0,4498,2254,2244,0,0,0,1.0,1,1.0,1,1.0,1,0.18175806149449128,30
2816,1,4499,2255,2244,0,0,0,1.0,1,1.0,1,1.0,1,0.1664307441721082,31
2817,0,4499,2255,2244,0,0,0,1.0,1,1.0,1,1.0,1,0.1664307441721082,31
2818,1,4500,2256,2244,0,0,0,1.0,1,1.0,1,1.0,1,0.16713552504448215,32
2819,0,4500,2256,2244,0,0,0,1.0,1,1.0,1,1.0,1,0.16713552504448215,32
2820,0,4500,2256,2244,0,0,0,1.0,1,1.0,1,1.0,1,0.1669170573007554,33
2821,0,4500,2256,2244,0,0,0,1.0,1,1.0,1,1.0,1,0.18812928737891677,34
2822,2,4502,2258,2244,0,0,0,1.0,1,1.0,1,1.0,1,0.24252798667572542,35
2823,1,4503,2259,2244,0,0,0,1.0,1,1.0,1,1.0,1,0.2936097886623269,31
2824,3,4506,2261,2245,0,0,0,1.0,1,1.0,1,1.0,1,0.37982454559026096,33
2825,0,4506,2261,2245,0,0,0,1.0,1,1.0,1,1.0,1,0.36620384849735976,31
2826,1,4507,2262,2245,0,0,0,1.0,1,1.0,1,1.0,1,0.3945103316192594,31
2827,6,4513,2266,2247,0,0,0,1.0,1,1.0,1,1.0,1,0.36476459212404533,32
2828,6,4519,2269,2250,0,0,0,1.0,1,1.0,1,1.0,1,0.38741869051082867,33
2829,2,4521,2270,2251,0,0,0,1.0,1,1.0,1,1.0,1,0.3615350511105,33
2830,2,4523,2270,2253,0,0,0,1.0,1,1.0,1,1.0,1,0.3048806773059098,32
2831,3,4526,2272,2254,0,0,0,1.0,1,1.0,1,1.0,1,0.3022251024757666,31
2832,2,4528,2274,2254,0,0,0,1.0,1,1.0,1,1.0,1,0.25584863285036685,30
2833,0,4528,2274,2254,0,0,0,1.0,1,1.0,1,1.0,1,0.24022030969039476,29
2834,4,4532,2277,2255,0,0,0,1.0,1,1.0,1,1.0,1,0.2694448283793021,29
2835,3,4535,2279,2256,0,0,0,1.0,1,1.0,1,1.0,1,0.3819431977619454,27
2836,2,4537,2279,2258,0,0,0,1.0,1,1.0,1,1.0,1,0.30324032239784815,27
2837,0,4537,2279,2258,0,0,0,1.0,1,1.0,1,1.0,1,0.3156103723137406,28
2838,0,4537,2279,2258,0,0,0,1.0,1,1.0,1,1.0,1,0.3220562126023774,29
2839,1,4538,2279,2259,0,0,0,1.0,1,1.0,1,1.0,1,0.2634775643109989,29
2840,0,4538,2279,2259,0,0,0,1.0,1,1.0,1,1.0,1,0.2634775643109989,29
2841,2,4540,2280,2260,0,0,0,1.0,1,1.0,1,1.0,1,0.26193418923429324,31
2842,1,4541,2280,2261,0,0,0,1.0,1,1.0,1,1.0,1,0.22483582704787203,32
2843,1,4542,2280,2262,0,0,0,1.0,1,1.0,1,1.0,1,0.17003345290153557,32
2844,0,4542,2280,2262,0,0,0,1.0,1,1.0,1,1.0,1,0.1992125364315439,33
2845,1,4543,2281,2262,0,0,0,1.0,1,1.0,1,1.0,1,0.2434934123366058,34
2846,1,4544,2282,2262,0,0,0,1.0,1,1.0,1,1.0,1,0.26407446434862614,34
2847,1,4545,2283,2262,0,0,0,1.0,1,1.0,1,1.0,1,0.23419862606523714,35
2848,4,4549,2284,2265,0,0,0,1.0,1,1.0,1,1.0,1,0.21318976839223644,37
2849,1,4550,2285,2265,0,0,0,1.0,1,1.0,1,1.0,1,0.2628342043308386,37
2850,1,4551,2286,2265,0,0,0,1.0,1,1.0,1,1.0,1,0.2492689195416745,37
2851,3,4554,2287,2267,0,0,0,1.0,1,1.0,1,1.0,1,0.2065139149868556,38
2852,0,4554,2287,2267,0,0,0,1.0,1,1.0,1,1.0,1,0.22079093789872253,36
2853,0,4554,2287,2267,0,0,0,1.0,1,1.0,1,1.0,1,0.2735672258473259,36
2854,0,4554,2287,2267,0,0,0,1.0,1,1.0,1,1.0,1,0.28860020191824703,37
2855,0,4554,2287,2267,0,0,0,1.0,1,1.0,1,1.0,1,0.3179420239656385,37
2856,2,4556,2287,2269,0,0,0,1.0,1,1.0,1,1.0,1,0.25316312493703874,38
2857,4,4560,2288,2272,0,0,0,1.0,1,1.0,1,1.0,1,0.241531146506104,39
2858,2,4562,2288,2274,0,0,0,1.0,1,1.0,1,1.0,1,0.20947627795744922,39
2859,1,4563,2288,2275,0,0,0,1.0,1,1.0,1,1.0,1,0.19952773768537865,39
2860,2,4565,2290,2275,0,0,0,1.0,1,1.0,1,1.0,1,0.23683533282396405,40
2861,2,4567,2291,2276,0,0,0,1.0,1,1.0,1,1.0,1,0.21807835537954537,38
2862,5,4572,2296,2276,0,0,0,1.0,1,1.0,1,1.0,1,0.2557620125715587,38
2863,3,4575,2297,2278,0,0,0,1.0,1,1.0,1,1.0,1,0.19856779536095362,37
2864,4,4579,2301,2278,0,0,0,1.0,1,1.0,1,1.0,1,0.24186595389725946,35
2865,1,4580,2302,2278,0,0,0,1.0,1,1.0,1,1.0,1,0.25474600927621716,33
2866,2,4582,2303,2279,0,0,0,1.0,1,1.0,1,1.0,1,0.24663432040939517,31
2867,1,4583,2304,2279,0,0,0,1.0,1,1.0,1,1.0,1,0.2720843310516958,30
2868,2,4585,2305,2280,0,0,0,1.0,1,1.0,1,1.0,1,0.2914195332450501,31
2869,4,4589,2307,2282,0,0,0,1.0,1,1.0,1,1.0,1,0.3197459614675373,30
2870,1,4590,2307,2283,0,0,0,1.0,1,1.0,1,1.0,1,0.3374715809325109,26
2871,1,4591,2308,2283,0,0,0,1.0,1,1.0,1,1.0,1,0.3722862154124019,27
2872,0,4591,2308,2283,0,0,0,1.0,1,1.0,1,1.0,1,0.36364678712827025,25
2873,0,4591,2308,2283,0,0,0,1.0,1,1.0,1,1.0,1,0.35247526486655684,24
2874,1,4592,2308,2284,0,0,0,1.0,1,1.0,1,1.0,1,0.2935430969757282,25
2875,0,4592,2308,2284,0,0,0,1.0,1,1.0,1,1.0,1,0.31642374985044475,26
2876,3,4595,2309,2286,0,0,0,1.0,1,1.0,1,1.0,1,0.3252063771838384,28
2877,0,4595,2309,2286,0,0,0,1.0,1,1.0,1,1.0,1,0.32132810499961495,29
2878,0,4595,2309,2286,0,0,0,1.0,1,1.0,1,1.0,1,0.3137945418500422,31
2879,0,4595,2309,2286,0,0,0,1.0,1,1.0,1,1.0,1,0.3137945418500422,31
2880,0,4595,2309,2286,0,0,0,1.0,1,1.0,1,1.0,1,0.3123176029387354,32
2881,3,4598,2309,2289,0,0,0,1.0,1,1.0,1,1.0,1,0.26501980344156845,31
2882,0,4598,2309,2289,0,0,0,1.0,1,1.0,1,1.0,1,0.26501980344156845,31
2883,1,4599,2309,2290,0,0,0,1.0,1,1.0,1,1.0,1,0.2538059852665077,32
2884,2,4601,2310,2291,0,0,0,1.0,1,1.0,1,1.0,1,0.23350878107899775,32
2885,1,4602,2311,2291,0,0,0,1.0,1,1.0,1,1.0,1,0.24319336433708372,33
2886,4,4606,2313,2293,0,0,0,1.0,1,1.0,1,1.0,1,0.20292309465483252,34
2887,0,4606,2313,2293,0,0,0,1.0,1,1.0,1,1.0,1,0.21491896102458014,34
2888,2,4608,2315,2293,0,0,0,1.0,1,1.0,1,1.0,1,0.21862897049056718,34
2889,2,4610,2316,2294,0,0,0,1.0,1,1.0,1,1.0,1,0.2568043893362291,37
2890,1,4611,2316,2295,0,0,0,1.0,1,1.0,1,1.0,1,0.23470148778062686,37
2891,1,4612,2317,2295,0,0,0,1.0,1,1.0,1,1.0,1,0.27404964096810824,37
2892,1,4613,2317,2296,0,0,0,1.0,1,1.0,1,1.0,1,0.2585434220697767,37
2893,1,4614,2318,2296,0,0,0,1.0,1,1.0,1,1.0,1,0.2868374144491697,38
2894,2,4616,2318,2298,0,0,0,1.0,1,1.0,1,1.0,1,0.24637429154987067,39
2895,1,4617,2319,2298,0,0,0,1.0,1,1.0,1,1.0,1,0.2370772807211187,40
2896,2,4619,2320,2299,0,0,0,1.0,1,1.0,1,1.0,1,0.26315086540097604,41
2897,3,4622,2321,2301,0,0,0,1.0,1,1.0,1,1.0,1,0.2404286182864296,41
2898,1,4623,2322,2301,0,0,0,1.0,1,1.0,1,1.0,1,0.2840705168182498,41
2899,2,4625,2324,2301,0,0,0,1.0,1,1.0,1,1.0,1,0.2988712971674469,39
2900,8,4633,2327,2306,0,0,0,1.0,1,1.0,1,1.0,1,0.36450890876567626,40
2901,0,4633,2327,2306,0,0,0,1.0,1,1.0,1,1.0,1,0.32863665342854786,40
2902,1,4634,2328,2306,0,0,0,1.0,1,1.0,1,1.0,1,0.3377811741930792,38
2903,0,4634,2328,2306,0,0,0,1.0,1,1.0,1,1.0,1,0.3042561557628922,36
2904,3,4637,2329,2308,0,0,0,1.0,1,1.0,1,1.0,1,0.25768004980888615,36
2905,1,4638,2330,2308,0,0,0,1.0,1,1.0,1,1.0,1,0.23774583362271368,35
2906,0,4638,2330,2308,0,0,0,1.0,1,1.0,1,1.0,1,0.24982102499984887,36
2907,0,4638,2330,2308,0,0,0,1.0,1,1.0,1,1.0,1,0.2542034855284144,37
2908,1,4639,2331,2308,0,0,0,1.0,1,1.0,1,1.0,1,0.28368217116120037,38
2909,1,4640,2332,2308,0,0,0,1.0,1,1.0,1,1.0,1,0.29807020799049455,37
2910,0,4640,2332,2308,0,0,0,1.0,1,1.0,1,1.0,1,0.2887472055700964,37
2911,0,4640,2332,2308,0,0,0,1.0,1,1.0,1,1.0,1,0.31572087088791334,36
2912,6,4646,2335,2311,0,0,0,1.0,1,1.0,1,1.0,1,0.33321067676142985,36
2913,1,4647,2336,2311,0,0,0,1.0,1,1.0,1,1.0,1,0.33390280522023125,36
2914,2,4649,2337,2312,0,0,0,1.0,1,1.0,1,1.0,1,0.33586600122177224,38
2915,0,4649,2337,2312,0,0,0,1.0,1,1.0,1,1.0,1,0.32845676508071747,37
2916,4,4653,2337,2316,0,0,0,1.0,1,1.0,1,1.0,1,0.27396375273490486,39
2917,4,4657,2337,2320,0,0,0,1.0,1,1.0,1,1.0,1,0.20965530633633023,40
2918,3,4660,2339,2321,0,0,0,1.0,1,1.0,1,1.0,1,0.2510421027122878,40
2919,1,4661,2340,2321,0,0,0,1.0,1,1.0,1,1.0,1,0.2391130393197327,42
2920,0,4661,2340,2321,0,0,0,1.0,1,1.0,1,1.0,1,0.2391130393197327,42
2921,2,4663,2340,2323,0,0,0,1.0,1,1.0,1,1.0,1,0.20713750325318236,42
2922,0,4663,2340,2323,0,0,0,1.0,1,1.0,1,1.0,1,0.18326369356195735,43
2923,1,4664,2340,2324,0,0,0,1.0,1,1.0,1,1.0,1,0.19146489939942096,45
2924,1,4665,2341,2324,0,0,0,1.0,1,1.0,1,1.0,1,0.19872427278752428,46
2925,0,4665,2341,2324,0,0,0,1.0,1,1.0,1,1.0,1,0.19872427278752428,46
2926,2,4667,2341,2326,0,0,0,1.0,1,1.0,1,1.0,1,0.1712373086845018,46
2927,1,4668,2342,2326,0,0,0,1.0,1,1.0,1,1.0,1,0.16467758394510312,48
2928,1,4669,2343,2326,0,0,0,1.0,1,1.0,1,1.0,1,0.1939508766165272,48
2929,1,4670,2343,2327,0,0,0,1.0,1,1.0,1,1.0,1,0.18503052353880697,48
2930,0,4670,2343,2327,0,0,0,1.0,1,1.0,1,1.0,1,0.19778749324595984,50
2931,1,4671,2344,2327,0,0,0,1.0,1,1.0,1,1.0,1,0.2223655837427077,51
2932,0,4671,2344,2327,0,0,0,1.0,1,1.0,1,1.0,1,0.23163995549667138,52
2933,1,4672,2344,2328,0,0,0,1.0,1,1.0,1,1.0,1,0.2292130897289732,53
2934,1,4673,2344,2329,0,0,0,1.0,1,1.0,1,1.0,1,0.22845189786910072,54
2935,0,4673,2344,2329,0,0,0,1.0,1,1.0,1,1.0,1,0.24737746118342718,53
2936,1,4674,2344,2330,0,0,0,1.0,1,1.0,1,1.0,1,0.23612634677910138,53
2937,0,4674,2344,2330,0,0,0,1.0,1,1.0,1,1.0,1,0.24834710417594236,51
2938,3,4677,2345,2332,0,0,0,1.0,1,1.0,1,1.0,1,0.26727088659661047,53
2939,2,4679,2346,2333,0,0,0,1.0,1,1.0,1,1.0,1,0.2834392876610394,52
2940,3,4682,2348,2334,0,0,0,1.0,1,1.0,1,1.0,1,0.3175297447893235,52
2941,2,4684,2349,2335,0,0,0,1.0,1,1.0,1,1.0,1,0.31580406943150624,50
2942,4,4688,2351,2337,0,0,0,1.0,1,1.0,1,1.0,1,0.29697590089588105,50
2943,2,4690,2352,2338,0,0,0,1.0,1,1.0,1,1.0,1,0.28634863800155513,49
2944,2,4692,2352,2340,0,0,0,1.0,1,1.0,1,1.0,1,0.253368558507917,48
2945,4,4696,2353,2343,0,0,0,1.0,1,1.0,1,1.0,1,0.2137480432912642,48
2946,1,4697,2353,2344,0,0,0,1.0,1,1.0,1,1.0,1,0.18937629273200215,47
2947,1,4698,2354,2344,0,0,0,1.0,1,1.0,1,1.0,1,0.18440853083174705,47
2948,2,4700,2355,2345,0,0,0,1.0,1,1.0,1,1.0,1,0.18523326010747265,48
2949,0,4700,2355,2345,0,0,0,1.0,1,1.0,1,1.0,1,0.18523326010747265,48
2950,0,4700,2355,2345,0,0,0,1.0,1,1.0,1,1.0,1,0.18523326010747265,48
2951,2,4702,2355,2347,0,0,0,1.0,1,1.0,1,1.0,1,0.18243793473871275,50
2952,1,4703,2355,2348,0,0,0,1.0,1,1.0,1,1.0,1,0.17172736191403035,50
2953,0,4703,2355,2348,0,0,0,1.0,1,1.0,1,1.0,1,0.17692604610645316,51
2954,1,4704,2355,2349,0,0,0,1.0,1,1.0,1,1.0,1,0.14557773074204364,51
2955,0,4704,2355,2349,0,0,0,1.0,1,1.0,1,1.0,1,0.14557773074204364,51
2956,1,4705,2356,2349,0,0,0,1.0,1,1.0,1,1.0,1,0.16326840038449472,51
2957,0,4705,2356,2349,0,0,0,1.0,1,1.0,1,1.0,1,0.17502742860973222,52
2958,0,4705,2356,2349,0,0,0,1.0,1,1.0,1,1.0,1,0.17502742860973222,52
2959,1,4706,2357,2349,0,0,0,1.0,1,1.0,1,1.0,1,0.19864482011277826,53
2960,1,4707,2358,2349,0,0,0,1.0,1,1.0,1,1.0,1,0.21709622482341334,52
2961,3,4710,2359,2351,0,0,0,1.0,1,1.0,1,1.0,1,0.1629593191965891,53
2962,1,4711,2360,2351,0,0,0,1.0,1,1.0,1,1.0,1,0.17914515513282647,54
2963,3,4714,2362,2352,0,0,0,1.0,1,1.0,1,1.0,1,0.19982925234134755,55
2964,1,4715,2362,2353,0,0,0,1.0,1,1.0,1,1.0,1,0.2100302522837124,55
2965,0,4715,2362,2353,0,0,0,1.0,1,1.0,1,1.0,1,0.21960070977446278,55
2966,3,4718,2362,2356,0,0,0,1.0,1,1.0,1,1.0,1,0.1736732438709093,55
2967,1,4719,2362,2357,0,0,0,1.0,1,1.0,1,1.0,1,0.207913846826944,56
2968,0,4719,2362,2357,0,0,0,1.0,1,1.0,1,1.0,1,0.207913846826944,56
2969,1,4720,2362,2358,0,0,0,1.0,1,1.0,1,1.0,1,0.203619118981006,55
2970,2,4722,2362,2360,0,0,0,1.0,1,1.0,1,1.0,1,0.2018107749915724,57
2971,2,4724,2364,2360,0,0,0,1.0,1,1.0,1,1.0,1,0.1827641656307715,56
2972,2,4726,2365,2361,0,0,0,1.0,1,1.0,1,1.0,1,0.18630351778774604,57
2973,4,4730,2367,2363,0,0,0,1.0,1,1.0,1,1.0,1,0.18967802995674043,59
2974,1,4731,2368,2363,0,0,0,1.0,1,1.0,1,1.0,1,0.1943514802306585,60
2975,2,4733,2370,2363,0,0,0,1.0,1,1.0,1,1.0,1,0.2588073146998723,58
2976,8,4741,2371,2370,0,0,0,1.0,1,1.0,1,1.0,1,0.2279274222417772,59
2977,3,4744,2372,2372,0,0,0,1.0,1,1.0,1,1.0,1,0.21644759002371858,59
2978,1,4745,2373,2372,0,0,0,1.0,1,1.0,1,1.0,1,0.1898609729863769,58
2979,0,4745,2373,2372,0,0,0,1.0,1,1.0,1,1.0,1,0.1795613772170493,57
2980,1,4746,2374,2372,0,0,0,1.0,1,1.0,1,1.0,1,0.1951980974721734,56
2981,1,4747,2375,2372,0,0,0,1.0,1,1.0,1,1.0,1,0.2188762808256244,56
2982,1,4748,2375,2373,0,0,0,1.0,1,1.0,1,1.0,1,0.21273840140252678,57
2983,4,4752,2377,2375,0,0,0,1.0,1,1.0,1,1.0,1,0.23531721987082757,57
2984,1,4753,2377,2376,0,0,0,1.0,1,1.0,1,1.0,1,0.20247578322555082,56
2985,1,4754,2377,2377,0,0,0,1.0,1,1.0,1,1.0,1,0.22086911328941944,55
2986,7,4761,2381,2380,0,0,0,1.0,1,1.0,1,1.0,1,0.20816732847101327,55
2987,0,4761,2381,2380,0,0,0,1.0,1,1.0,1,1.0,1,0.21706007495398547,51
2988,0,4761,2381,2380,0,0,0,1.0,1,1.0,1,1.0,1,0.21621020729982315,52
2989,1,4762,2381,2381,0,0,0,1.0,1,1.0,1,1.0,1,0.21899032799343032,50
2990,1,4763,2382,2381,0,0,0,1.0,1,1.0,1,1.0,1,0.23013117151149615,50
2991,2,4765,2382,2383,0,0,0,1.0,1,1.0,1,1.0,1,0.18867581199639297,50
2992,0,4765,2382,2383,0,0,0,1.0,1,1.0,1,1.0,1,0.18867581199639297,50
2993,3,4768,2382,2386,0,0,0,1.0,1,1.0,1,1.0,1,0.18022053740968405,51
2994,3,4771,2384,2387,0,0,0,1.0,1,1.0,1,1.0,1,0.1904697516582105,51
2995,0,4771,2384,2387,0,0,0,1.0,1,1.0,1,1.0,1,0.21253420470801054,51
2996,3,4774,2385,2389,0,0,0,1.0,1,1.0,1,1.0,1,0.20208772996422375,52
2997,2,4776,2387,2389,0,0,0,1.0,1,1.0,1,1.0,1,0.23295713314592026,52
2998,5,4781,2391,2390,0,0,0,1.0,1,1.0,1,1.0,1,0.22147339472125324,51
2999,1,4782,2391,2391,0,0,0,1.0,1,1.0,1,1.0,1,0.20645100283977885,51
3000,2,4784,2393,2391,0,0,0,1.0,1,1.0,1,1.0,1,0.20361889188077628,52
3001,2,4786,2393,2393,0,0,0,1.0,1,1.0,1,1.0,1,0.18445007001293307,52
3002,1,4787,2394,2393,0,0,0,1.0,1,1.0,1,1.0,1,0.21144863496232583,53
3003,0,4787,2394,2393,0,0,0,1.0,1,1.0,1,1.0,1,0.2007850320659886,54
3004,0,4787,2394,2393,0,0,0,1.0,1,1.0,1,1.0,1,0.20908228012810545,55
3005,1,4788,2394,2394,0,0,0,1.0,1,1.0,1,1.0,1,0.21457651172735315,56
3006,1,4789,2394,2395,0,0,0,1.0,1,1.0,1,1.0,1,0.19066725115455188,57
3007,1,4790,2394,2396,0,0,0,1.0,1,1.0,1,1.0,1,0.18504073395621992,58
3008,2,4792,2396,2396,0,0,0,1.0,1,1.0,1,1.0,1,0.1921455524275601,59
3009,0,4792,2396,2396,0,0,0,1.0,1,1.0,1,1.0,1,0.1921455524275601,59
3010,0,4792,2396,2396,0,0,0,1.0,1,1.0,1,1.0,1,0.1921455524275601,59
3011,3,4795,2397,2398,0,0,0,1.0,1,1.0,1,1.0,1,0.1656105068442139,59
3012,1,4796,2398,2398,0,0,0,1.0,1,1.0,1,1.0,1,0.20952157743605368,61
3013,0,4796,2398,2398,0,0,0,1.0,1,1.0,1,1.0,1,0.2009594399475736,59
3014,0,4796,2398,2398,0,0,0,1.0,1,1.0,1,1.0,1,0.20819821763560226,60
3015,1,4797,2398,2399,0,0,0,1.0,1,1.0,1,1.0,1,0.19860362829037592,58
3016,0,4797,2398,2399,0,0,0,1.0,1,1.0,1,1.0,1,0.19117620730544346,57
3017,3,4800,2401,2399,0,0,0,1.0,1,1.0,1,1.0,1,0.21160636015136117,58
3018,0,4800,2401,2399,0,0,0,1.0,1,1.0,1,1.0,1,0.2614186864224434,55
3019,2,4802,2402,2400,0,0,0,1.0,1,1.0,1,1.0,1,0.2668425717895392,56
3020,3,4805,2403,2402,0,0,0,1.0,1,1.0,1,1.0,1,0.31628937550149233,55
3021,3,4808,2404,2404,0,0,0,1.0,1,1.0,1,1.0,1,0.28875754879696874,55
3022,5,4813,2407,2406,0,0,0,1.0,1,1.0,1,1.0,1,0.316662889167703,55
3023,3,4816,2408,2408,0,0,0,1.0,1,1.0,1,1.0,1,0.28028117722245843,54
3024,3,4819,2409,2410,0,0,0,1.0,1,1.0,1,1.0,1,0.27319145788936716,54
3025,4,4823,2410,2413,0,0,0,1.0,1,1.0,1,1.0,1,0.23678063220219925,54
3026,3,4826,2410,2416,0,0,0,1.0,1,1.0,1,1.0,1,0.19026696729050196,53
3027,1,4827,2411,2416,0,0,0,1.0,1,1.0,1,1.0,1,0.18163459459483697,53
3028,2,4829,2413,2416,0,0,0,1.0,1,1.0,1,1.0,1,0.1730418041320708,51
3029,2,4831,2414,2417,0,0,0,1.0,1,1.0,1,1.0,1,0.19506343200042975,51
3030,2,4833,2416,2417,0,0,0,1.0,1,1.0,1,1.0,1,0.21145328842763078,52
3031,5,4838,2419,2419,0,0,0,1.0,1,1.0,1,1.0,1,0.18922970203247963,51
3032,0,4838,2419,2419,0,0,0,1.0,1,1.0,1,1.0,1,0.18023355278198153,50
3033,1,4839,2420,2419,0,0,0,1.0,1,1.0,1,1.0,1,0.1791568165740457,52
3034,0,4839,2420,2419,0,0,0,1.0,1,1.0,1,1.0,1,0.1860200543617743,51
3035,0,4839,2420,2419,0,0,0,1.0,1,1.0,1,1.0,1,0.18494208100921386,51
3036,2,4841,2420,2421,0,0,0,1.0,1,1.0,1,1.0,1,0.15628620340682547,53
3037,0,4841,2420,2421,0,0,0,1.0,1,1.0,1,1.0,1,0.1640611644276486,52
3038,0,4841,2420,2421,0,0,0,1.0,1,1.0,1,1.0,1,0.1640611644276486,52
3039,2,4843,2420,2423,0,0,0,1.0,1,1.0,1,1.0,1,0.14216273525786485,54
3040,1,4844,2421,2423,0,0,0,1.0,1,1.0,1,1.0,1,0.1209997235361,55
3041,0,4844,2421,2423,0,0,0,1.0,1,1.0,1,1.0,1,0.13236641307433064,56
3042,2,4846,2423,2423,0,0,0,1.0,1,1.0,1,1.0,1,0.16207582443945046,56
3043,0,4846,2423,2423,0,0,0,1.0,1,1.0,1,1.0,1,0.15699377490170335,57
3044,2,4848,2425,2423,0,0,0,1.0,1,1.0,1,1.0,1,0.1908692159998388,57
3045,3,4851,2425,2426,0,0,0,1.0,1,1.0,1,1.0,1,0.15591429059268586,56
3046,3,4854,2427,2427,0,0,0,1.0,1,1.0,1,1.0,1,0.13273501804660484,57
3047,1,4855,2428,2427,0,0,0,1.0,1,1.0,1,1.0,1,0.1615277410181293,56
3048,0,4855,2428,2427,0,0,0,1.0,1,1.0,1,1.0,1,0.18542287731627421,58
3049,1,4856,2428,2428,0,0,0,1.0,1,1.0,1,1.0,1,0.2054935425412454,59
3050,1,4857,2428,2429,0,0,0,1.0,1,1.0,1,1.0,1,0.21814337298467065,60
3051,6,4863,2430,2433,0,0,0,1.0,1,1.0,1,1.0,1,0.20834838370598815,59
3052,2,4865,2431,2434,0,0,0,1.0,1,1.0,1,1.0,1,0.229668170160621,58
3053,2,4867,2433,2434,0,0,0,1.0,1,1.0,1,1.0,1,0.2998651897900793,57
3054,6,4873,2435,2438,0,0,0,1.0,1,1.0,1,1.0,1,0.2887988083734561,55
3055,1,4874,2436,2438,0,0,0,1.0,1,1.0,1,1.0,1,0.29821223281829684,54
3056,4,4878,2437,2441,0,0,0,1.0,1,1.0,1,1.0,1,0.25893303158669223,55
3057,0,4878,2437,2441,0,0,0,1.0,1,1.0,1,1.0,1,0.2707921995393095,54
3058,1,4879,2437,2442,0,0,0,1.0,1,1.0,1,1.0,1,0.2771685049406085,55
3059,1,4880,2437,2443,0,0,0,1.0,1,1.0,1,1.0,1,0.2614653831130876,56
3060,0,4880,2437,2443,0,0,0,1.0,1,1.0,1,1.0,1,0.2614653831130876,56
3061,0,4880,2437,2443,0,0,0,1.0,1,1.0,1,1.0,1,0.2614653831130876,56
3062,4,4884,2439,2445,0,0,0,1.0,1,1.0,1,1.0,1,0.27051129105140054,57
3063,1,4885,2440,2445,0,0,0,1.0,1,1.0,1,1.0,1,0.26801105232902334,55
3064,3,4888,2443,2445,0,0,0,1.0,1,1.0,1,1.0,1,0.3091070468241963,56
3065,3,4891,2445,2446,0,0,0,1.0,1,1.0,1,1.0,1,0.31242697568663796,55
3066,5,4896,2447,2449,0,0,0,1.0,1,1.0,1,1.0,1,0.3247303864640878,55
3067,4,4900,2449,2451,0,0,0,1.0,1,1.0,1,1.0,1,0.3174118493186605,54
3068,3,4903,2450,2453,0,0,0,1.0,1,1.0,1,1.0,1,0.3201960641401337,53
3069,1,4904,2451,2453,0,0,0,1.0,1,1.0,1,1.0,1,0.295666897678862,51
3070,1,4905,2451,2454,0,0,0,1.0,1,1.0,1,1.0,1,0.28821874976166956,50
3071,1,4906,2451,2455,0,0,0,1.0,1,1.0,1,1.0,1,0.25752328905627425,51
3072,4,4910,2454,2456,0,0,0,1.0,1,1.0,1,1.0,1,0.2593829054029252,53
3073,1,4911,2454,2457,0,0,0,1.0,1,1.0,1,1.0,1,0.2449816934816855,51
3074,2,4913,2455,2458,0,0,0,1.0,1,1.0,1,1.0,1,0.2505883707979825,50
3075,1,4914,2456,2458,0,0,0,1.0,1,1.0,1,1.0,1,0.2813268834948155,52
3076,4,4918,2456,2462,0,0,0,1.0,1,1.0,1,1.0,1,0.2548364664457149,53
3077,0,4918,2456,2462,0,0,0,1.0,1,1.0,1,1.0,1,0.24345568039191534,52
3078,0,4918,2456,2462,0,0,0,1.0,1,1.0,1,1.0,1,0.28276830688934057,53
3079,1,4919,2457,2462,0,0,0,1.0,1,1.0,1,1.0,1,0.28838923110028114,53
3080,0,4919,2457,2462,0,0,0,1.0,1,1.0,1,1.0,1,0.30024769097163445,52
3081,3,4922,2458,2464,0,0,0,1.0,1,1.0,1,1.0,1,0.31355033333048987,54
3082,6,4928,2460,2468,0,0,0,1.0,1,1.0,1,1.0,1,0.2875593175585624,54
3083,0,4928,2460,2468,0,0,0,1.0,1,1.0,1,1.0,1,0.2875593175585624,54
3084,1,4929,2461,2468,0,0,0,1.0,1,1.0,1,1.0,1,0.30354972943374364,55
3085,0,4929,2461,2468,0,0,0,1.0,1,1.0,1,1.0,1,0.30354972943374364,55
3086,0,4929,2461,2468,0,0,0,1.0,1,1.0,1,1.0,1,0.3174921354379463,56
3087,0,4929,2461,2468,0,0,0,1.0,1,1.0,1,1.0,1,0.3247499587918487,57
3088,1,4930,2461,2469,0,0,0,1.0,1,1.0,1,1.0,1,0.32059593398337954,56
3089,2,4932,2463,2469,0,0,0,1.0,1,1.0,1,1.0,1,0.3330820779991258,55
3090,0,4932,2463,2469,0,0,0,1.0,1,1.0,1,1.0,1,0.33929590264999154,54
3091,1,4933,2463,2470,0,0,0,1.0,1,1.0,1,1.0,1,0.3475084937289777,53
3092,1,4934,2463,2471,0,0,0,1.0,1,1.0,1,1.0,1,0.32041578344026095,56
3093,1,4935,2464,2471,0,0,0,1.0,1,1.0,1,1.0,1,0.3344579813001117,56
3094,0,4935,2464,2471,0,0,0,1.0,1,1.0,1,1.0,1,0.34498696622512787,58
3095,1,4936,2464,2472,0,0,0,1.0,1,1.0,1,1.0,1,0.33780839026315623,59
3096,1,4937,2464,2473,0,0,0,1.0,1,1.0,1,1.0,1,0.33143364166459405,60
3097,2,4939,2465,2474,0,0,0,1.0,1,1.0,1,1.0,1,0.31860967817854874,60
3098,1,4940,2465,2475,0,0,0,1.0,1,1.0,1,1.0,1,0.33589253814603337,58
3099,0,4940,2465,2475,0,0,0,1.0,1,1.0,1,1.0,1,0.34917697734721603,57
3100,0,4940,2465,2475,0,0,0,1.0,1,1.0,1,1.0,1,0.34917697734721603,57
3101,2,4942,2466,2476,0,0,0,1.0,1,1.0,1,1.0,1,0.34304343879064203,58
3102,2,4944,2468,2476,0,0,0,1.0,1,1.0,1,1.0,1,0.38819314160239826,59
3103,6,4950,2470,2480,0,0,0,1.0,1,1.0,1,1.0,1,0.31745595039199226,58
3104,6,4956,2472,2484,0,0,0,1.0,1,1.0,1,1.0,1,0.2922742313980228,58
3105,2,4958,2473,2485,0,0,0,1.0,1,1.0,1,1.0,1,0.2858298426534645,56
3106,7,4965,2476,2489,0,0,0,1.0,1,1.0,1,1.0,1,0.2764674438971874,57
3107,6,4971,2478,2493,0,0,0,1.0,1,1.0,1,1.0,1,0.19587442930992524,55
3108,3,4974,2480,2494,0,0,0,1.0,1,1.0,1,1.0,1,0.17253575652375883,55
3109,2,4976,2481,2495,0,0,0,1.0,1,1.0,1,1.0,1,0.15873483976265507,54
3110,2,4978,2483,2495,0,0,0,1.0,1,1.0,1,1.0,1,0.1433250469818315,54
3111,0,4978,2483,2495,0,0,0,1.0,1,1.0,1,1.0,1,0.1433250469818315,54
3112,5,4983,2486,2497,0,0,0,1.0,1,1.0,1,1.0,1,0.13761825469590686,56
3113,2,4985,2488,2497,0,0,0,1.0,1,1.0,1,1.0,1,0.13634750766133982,55
3114,1,4986,2489,2497,0,0,0,1.0,1,1.0,1,1.0,1,0.1534698752475295,54
3115,0,4986,2489,2497,0,0,0,1.0,1,1.0,1,1.0,1,0.15268171555911964,56
3116,3,4989,2491,2498,0,0,0,1.0,1,1.0,1,1.0,1,0.1615675314915363,56
3117,1,4990,2491,2499,0,0,0,1.0,1,1.0,1,1.0,1,0.19784201554797953,58
3118,1,4991,2492,2499,0,0,0,1.0,1,1.0,1,1.0,1,0.20584407533441623,57
3119,1,4992,2493,2499,0,0,0,1.0,1,1.0,1,1.0,1,0.21766348499799293,57
3120,0,4992,2493,2499,0,0,0,1.0,1,1.0,1,1.0,1,0.21145404661706124,56
3121,2,4994,2495,2499,0,0,0,1.0,1,1.0,1,1.0,1,0.19568174042511655,57
3122,0,4994,2495,2499,0,0,0,1.0,1,1.0,1,1.0,1,0.19568174042511655,57
3123,0,4994,2495,2499,0,0,0,1.0,1,1.0,1,1.0,1,0.19568174042511655,57
3124,0,4994,2495,2499,0,0,0,1.0,1,1.0,1,1.0,1,0.20535385693240527,59
3125,5,4999,2496,2503,0,0,0,1.0,1,1.0,1,1.0,1,0.16947766508711268,61
3126,2,5001,2497,2504,0,0,0,1.0,1,1.0,1,1.0,1,0.16137090927708267,60
3127,1,5002,2498,2504,0,0,0,1.0,1,1.0,1,1.0,1,0.1872567439073841,58
3128,2,5004,2500,2504,0,0,0,1.0,1,1.0,1,1.0,1,0.2364858119522809,58
3129,2,5006,2501,2505,0,0,0,1.0,1,1.0,1,1.0,1,0.2784427033876818,56
3130,2,5008,2501,2507,0,0,0,1.0,1,1.0,1,1.0,1,0.2764839948052182,56
3131,6,5014,2501,2513,0,0,0,1.0,1,1.0,1,1.0,1,0.1899825080327975,55
3132,0,5014,2501,2513,0,0,0,1.0,1,1.0,1,1.0,1,0.17953340102854137,53
3133,2,5016,2501,2515,0,0,0,1.0,1,1.0,1,1.0,1,0.17403797801396026,52
3134,1,5017,2501,2516,0,0,0,1.0,1,1.0,1,1.0,1,0.1787379654435166,52
3135,3,5020,2502,2518,0,0,0,1.0,1,1.0,1,1.0,1,0.16362821708238762,53
3136,3,5023,2503,2520,0,0,0,1.0,1,1.0,1,1.0,1,0.11766471097866776,54
3137,3,5026,2505,2521,0,0,0,1.0,1,1.0,1,1.0,1,0.12468292744967971,55
3138,6,5032,2509,2523,0,0,0,1.0,1,1.0,1,1.0,1,0.14973001973481243,57
3139,2,5034,2510,2524,0,0,0,1.0,1,1.0,1,1.0,1,0.16053149057388727,56
3140,2,5036,2511,2525,0,0,0,1.0,1,1.0,1,1.0,1,0.14441710411335604,56
3141,2,5038,2513,2525,0,0,0,1.0,1,1.0,1,1.0,1,0.17170781495623658,56
3142,0,5038,2513,2525,0,0,0,1.0,1,1.0,1,1.0,1,0.17170781495623658,56
3143,2,5040,2514,2526,0,0,0,1.0,1,1.0,1,1.0,1,0.15379431116748468,56
3144,1,5041,2515,2526,0,0,0,1.0,1,1.0,1,1.0,1,0.15213047468211605,54
3145,1,5042,2516,2526,0,0,0,1.0,1,1.0,1,1.0,1,0.18739375134312053,55
3146,3,5045,2516,2529,0,0,0,1.0,1,1.0,1,1.0,1,0.13269987844163167,53
3147,0,5045,2516,2529,0,0,0,1.0,1,1.0,1,1.0,1,0.14294073339922592,54
3148,3,5048,2518,2530,0,0,0,1.0,1,1.0,1,1.0,1,0.12023802634377698,54
3149,0,5048,2518,2530,0,0,0,1.0,1,1.0,1,1.0,1,0.11804689882506376,53
3150,0,5048,2518,2530,0,0,0,1.0,1,1.0,1,1.0,1,0.11804689882506376,53
3151,2,5050,2519,2531,0,0,0,1.0,1,1.0,1,1.0,1,0.08675495771021217,53
3152,0,5050,2519,2531,0,0,0,1.0,1,1.0,1,1.0,1,0.08425415147625649,54
3153,0,5050,2519,2531,0,0,0,1.0,1,1.0,1,1.0,1,0.10553195422796903,53
3154,1,5051,2520,2531,0,0,0,1.0,1,1.0,1,1.0,1,0.1433392398613057,55
3155,0,5051,2520,2531,0,0,0,1.0,1,1.0,1,1.0,1,0.14580366822273672,56
3156,2,5053,2521,2532,0,0,0,1.0,1,1.0,1,1.0,1,0.1709943093015214,56
3157,0,5053,2521,2532,0,0,0,1.0,1,1.0,1,1.0,1,0.1709943093015214,56
3158,2,5055,2521,2534,0,0,0,1.0,1,1.0,1,1.0,1,0.15246525274830539,57
3159,1,5056,2522,2534,0,0,0,1.0,1,1.0,1,1.0,1,0.1648553111819502,56
3160,2,5058,2523,2535,0,0,0,1.0,1,1.0,1,1.0,1,0.17604638012003504,58
3161,1,5059,2523,2536,0,0,0,1.0,1,1.0,1,1.0,1,0.1569994740452727,59
3162,1,5060,2524,2536,0,0,0,1.0,1,1.0,1,1.0,1,0.17348411906539907,59
3163,3,5063,2526,2537,0,0,0,1.0,1,1.0,1,1.0,1,0.21389010897537544,59
3164,5,5068,2527,2541,0,0,0,1.0,1,1.0,1,1.0,1,0.20929153080457172,60
3165,1,5069,2527,2542,0,0,0,1.0,1,1.0,1,1.0,1,0.19196872369259516,58
3166,5,5074,2529,2545,0,0,0,1.0,1,1.0,1,1.0,1,0.14968926798892668,59
3167,3,5077,2532,2545,0,0,0,1.0,1,1.0,1,1.0,1,0.20453370026800832,57
3168,1,5078,2532,2546,0,0,0,1.0,1,1.0,1,1.0,1,0.19401367624851948,58
3169,0,5078,2532,2546,0,0,0,1.0,1,1.0,1,1.0,1,0.1833167413462313,57
3170,1,5079,2532,2547,0,0,0,1.0,1,1.0,1,1.0,1,0.16463746379738314,55
3171,7,5086,2536,2550,0,0,0,1.0,1,1.0,1,1.0,1,0.15272077570986828,56
3172,1,5087,2536,2551,0,0,0,1.0,1,1.0,1,1.0,1,0.12980955731150626,54
3173,2,5089,2538,2551,0,0,0,1.0,1,1.0,1,1.0,1,0.1707604806066933,53
3174,1,5090,2538,2552,0,0,0,1.0,1,1.0,1,1.0,1,0.16557381136785398,53
3175,1,5091,2538,2553,0,0,0,1.0,1,1.0,1,1.0,1,0.1613687499764813,52
3176,6,5097,2543,2554,0,0,0,1.0,1,1.0,1,1.0,1,0.21071701487884534,53
3177,2,5099,2545,2554,0,0,0,1.0,1,1.0,1,1.0,1,0.2580978007163674,52
3178,4,5103,2547,2556,0,0,0,1.0,1,1.0,1,1.0,1,0.2652024864638566,53
3179,2,5105,2547,2558,0,0,0,1.0,1,1.0,1,1.0,1,0.24755005394021806,54
3180,2,5107,2547,2560,0,0,0,1.0,1,1.0,1,1.0,1,0.23797477130202854,54
3181,4,5111,2547,2564,0,0,0,1.0,1,1.0,1,1.0,1,0.16836289571160326,55
3182,0,5111,2547,2564,0,0,0,1.0,1,1.0,1,1.0,1,0.1799416872370429,54
3183,0,5111,2547,2564,0,0,0,1.0,1,1.0,1,1.0,1,0.18844906469854691,56
3184,5,5116,2549,2567,0,0,0,1.0,1,1.0,1,1.0,1,0.19198513195669598,54
3185,2,5118,2551,2567,0,0,0,1.0,1,1.0,1,1.0,1,0.1890429342572682,53
3186,4,5122,2553,2569,0,0,0,1.0,1,1.0,1,1.0,1,0.20625191599349812,52
3187,1,5123,2554,2569,0,0,0,1.0,1,1.0,1,1.0,1,0.21216366618676086,50
3188,3,5126,2556,2570,0,0,0,1.0,1,1.0,1,1.0,1,0.22322009746702356,50
3189,3,5129,2558,2571,0,0,0,1.0,1,1.0,1,1.0,1,0.21915012493073296,49
3190,1,5130,2559,2571,0,0,0,1.0,1,1.0,1,1.0,1,0.2441403435948717,50
3191,3,5133,2560,2573,0,0,0,1.0,1,1.0,1,1.0,1,0.24098852814946478,49
3192,0,5133,2560,2573,0,0,0,1.0,1,1.0,1,1.0,1,0.24098852814946478,49
3193,0,5133,2560,2573,0,0,0,1.0,1,1.0,1,1.0,1,0.24032862517747505,49
3194,2,5135,2562,2573,0,0,0,1.0,1,1.0,1,1.0,1,0.2778830366711695,50
3195,0,5135,2562,2573,0,0,0,1.0,1,1.0,1,1.0,1,0.2833018705548542,49
3196,1,5136,2562,2574,0,0,0,1.0,1,1.0,1,1.0,1,0.25650927114022826,49
3197,1,5137,2562,2575,0,0,0,1.0,1,1.0,1,1.0,1,0.22226873830231764,50
3198,2,5139,2562,2577,0,0,0,1.0,1,1.0,1,1.0,1,0.18647588772920942,50
3199,1,5140,2562,2578,0,0,0,1.0,1,1.0,1,1.0,1,0.160637019683709,52
3200,0,5140,2562,2578,0,0,0,1.0,1,1.0,1,1.0,1,0.16576353391590642,53
3201,2,5142,2562,2580,0,0,0,1.0,1,1.0,1,1.0,1,0.1399606302055368,55
3202,1,5143,2563,2580,0,0,0,1.0,1,1.0,1,1.0,1,0.1737083281889348,55
3203,0,5143,2563,2580,0,0,0,1.0,1,1.0,1,1.0,1,0.1413342157238908,53
3204,2,5145,2564,2581,0,0,0,1.0,1,1.0,1,1.0,1,0.15114967482667901,53
3205,3,5148,2567,2581,0,0,0,1.0,1,1.0,1,1.0,1,0.1803606530113166,53
3206,0,5148,2567,2581,0,0,0,1.0,1,1.0,1,1.0,1,0.2208011131784758,52
3207,2,5150,2568,2582,0,0,0,1.0,1,1.0,1,1.0,1,0.23617175845383284,53
3208,0,5150,2568,2582,0,0,0,1.0,1,1.0,1,1.0,1,0.24856924492075824,51
3209,0,5150,2568,2582,0,0,0,1.0,1,1.0,1,1.0,1,0.2621363068323826,52
3210,0,5150,2568,2582,0,0,0,1.0,1,1.0,1,1.0,1,0.26132872494166787,49
3211,4,5154,2571,2583,0,0,0,1.0,1,1.0,1,1.0,1,0.2629433372531088,48
3212,1,5155,2571,2584,0,0,0,1.0,1,1.0,1,1.0,1,0.2714042737601633,48
3213,2,5157,2573,2584,0,0,0,1.0,1,1.0,1,1.0,1,0.2166248112727469,49
3214,3,5160,2575,2585,0,0,0,1.0,1,1.0,1,1.0,1,0.1909239927674886,51
3215,0,5160,2575,2585,0,0,0,1.0,1,1.0,1,1.0,1,0.1909239927674886,51
3216,3,5163,2577,2586,0,0,0,1.0,1,1.0,1,1.0,1,0.1821075685807079,51
3217,1,5164,2578,2586,0,0,0,1.0,1,1.0,1,1.0,1,0.20719729330876813,51
3218,0,5164,2578,2586,0,0,0,1.0,1,1.0,1,1.0,1,0.20719729330876813,51
3219,1,5165,2578,2587,0,0,0,1.0,1,1.0,1,1.0,1,0.21817797178089568,52
3220,1,5166,2578,2588,0,0,0,1.0,1,1.0,1,1.0,1,0.20830366234112171,52
3221,0,5166,2578,2588,0,0,0,1.0,1,1.0,1,1.0,1,0.20097705597430093,54
3222,0,5166,2578,2588,0,0,0,1.0,1,1.0,1,1.0,1,0.19328364190274203,54
3223,1,5167,2578,2589,0,0,0,1.0,1,1.0,1,1.0,1,0.2034338932138474,56
3224,1,5168,2579,2589,0,0,0,1.0,1,1.0,1,1.0,1,0.21615280456941433,57
3225,1,5169,2579,2590,0,0,0,1.0,1,1.0,1,1.0,1,0.22525362040620822,58
3226,3,5172,2579,2593,0,0,0,1.0,1,1.0,1,1.0,1,0.19196758049380522,58
3227,1,5173,2579,2594,0,0,0,1.0,1,1.0,1,1.0,1,0.18210147451427106,58
3228,0,5173,2579,2594,0,0,0,1.0,1,1.0,1,1.0,1,0.18210147451427106,58
3229,1,5174,2580,2594,0,0,0,1.0,1,1.0,1,1.0,1,0.22679361473188622,60
3230,0,5174,2580,2594,0,0,0,1.0,1,1.0,1,1.0,1,0.2267396559040814,61
3231,7,5181,2581,2600,0,0,0,1.0,1,1.0,1,1.0,1,0.1551989071320478,61
3232,0,5181,2581,2600,0,0,0,1.0,1,1.0,1,1.0,1,0.1551989071320478,61
3233,0,5181,2581,2600,0,0,0,1.0,1,1.0,1,1.0,1,0.1636312866288779,63
3234,0,5181,2581,2600,0,0,0,1.0,1,1.0,1,1.0,1,0.16759806617856216,64
3235,0,5181,2581,2600,0,0,0,1.0,1,1.0,1,1.0,1,0.16784923528139895,65
3236,0,5181,2581,2600,0,0,0,1.0,1,1.0,1,1.0,1,0.17566337413319807,66
3237,1,5182,2581,2601,0,0,0,1.0,1,1.0,1,1.0,1,0.16187486213687935,67
3238,1,5183,2581,2602,0,0,0,1.0,1,1.0,1,1.0,1,0.15307382683717963,67
3239,0,5183,2581,2602,0,0,0,1.0,1,1.0,1,1.0,1,0.1701272621257597,69
3240,1,5184,2582,2602,0,0,0,1.0,1,1.0,1,1.0,1,0.17720193388260563,69
3241,4,5188,2585,2603,0,0,0,1.0,1,1.0,1,1.0,1,0.15936162882307348,68
3242,0,5188,2585,2603,0,0,0,1.0,1,1.0,1,1.0,1,0.14734469647446907,67
3243,3,5191,2587,2604,0,0,0,1.0,1,1.0,1,1.0,1,0.17383953968378504,68
3244,0,5191,2587,2604,0,0,0,1.0,1,1.0,1,1.0,1,0.20176255852245978,68
3245,0,5191,2587,2604,0,0,0,1.0,1,1.0,1,1.0,1,0.21340785337118812,69
3246,3,5194,2588,2606,0,0,0,1.0,1,1.0,1,1.0,1,0.1707298322109097,68
3247,0,5194,2588,2606,0,0,0,1.0,1,1.0,1,1.0,1,0.1707298322109097,68
3248,4,5198,2590,2608,0,0,0,1.0,1,1.0,1,1.0,1,0.15982857341648152,68
3249,0,5198,2590,2608,0,0,0,1.0,1,1.0,1,1.0,1,0.16506220570640065,69
3250,1,5199,2590,2609,0,0,0,1.0,1,1.0,1,1.0,1,0.15858794263155537,69
3251,1,5200,2591,2609,0,0,0,1.0,1,1.0,1,1.0,1,0.189959854897165,68
3252,0,5200,2591,2609,0,0,0,1.0,1,1.0,1,1.0,1,0.17102480578402254,68
3253,2,5202,2592,2610,0,0,0,1.0,1,1.0,1,1.0,1,0.16561915688582596,69
3254,1,5203,2592,2611,0,0,0,1.0,1,1.0,1,1.0,1,0.16227157927489255,69
3255,2,5205,2592,2613,0,0,0,1.0,1,1.0,1,1.0,1,0.14706154051541562,70
3256,1,5206,2592,2614,0,0,0,1.0,1,1.0,1,1.0,1,0.1447874477786162,70
3257,0,5206,2592,2614,0,0,0,1.0,1,1.0,1,1.0,1,0.15083172142538775,71
3258,4,5210,2594,2616,0,0,0,1.0,1,1.0,1,1.0,1,0.13946847208097518,72
3259,2,5212,2596,2616,0,0,0,1.0,1,1.0,1,1.0,1,0.17761481711613528,71
3260,5,5217,2597,2620,0,0,0,1.0,1,1.0,1,1.0,1,0.15107969652469372,72
3261,2,5219,2597,2622,0,0,0,1.0,1,1.0,1,1.0,1,0.1408631015287847,74
3262,1,5220,2598,2622,0,0,0,1.0,1,1.0,1,1.0,1,0.15597859123434113,73
3263,1,5221,2599,2622,0,0,0,1.0,1,1.0,1,1.0,1,0.1640562286106507,73
3264,2,5223,2601,2622,0,0,0,1.0,1,1.0,1,1.0,1,0.20807131799100786,71
3265,3,5226,2604,2622,0,0,0,1.0,1,1.0,1,1.0,1,0.22479696440931346,70
3266,5,5231,2607,2624,0,0,0,1.0,1,1.0,1,1.0,1,0.18897486282014547,69
3267,1,5232,2608,2624,0,0,0,1.0,1,1.0,1,1.0,1,0.20578689544612516,69
3268,3,5235,2611,2624,0,0,0,1.0,1,1.0,1,1.0,1,0.218164660027997,68
3269,0,5235,2611,2624,0,0,0,1.0,1,1.0,1,1.0,1,0.24177627493368534,68
3270,0,5235,2611,2624,0,0,0,1.0,1,1.0,1,1.0,1,0.25397630050602055,67
3271,5,5240,2612,2628,0,0,0,1.0,1,1.0,1,1.0,1,0.21287017618416268,66
3272,1,5241,2613,2628,0,0,0,1.0,1,1.0,1,1.0,1,0.20117279473893065,67
3273,1,5242,2613,2629,0,0,0,1.0,1,1.0,1,1.0,1,0.21596743998000412,66
3274,3,5245,2614,2631,0,0,0,1.0,1,1.0,1,1.0,1,0.2179204702531609,68
3275,2,5247,2614,2633,0,0,0,1.0,1,1.0,1,1.0,1,0.19669187786723197,68
3276,2,5249,2614,2635,0,0,0,1.0,1,1.0,1,1.0,1,0.18025050306316745,69
3277,0,5249,2614,2635,0,0,0,1.0,1,1.0,1,1.0,1,0.184248814182951,68
3278,1,5250,2614,2636,0,0,0,1.0,1,1.0,1,1.0,1,0.18382542572597538,69
3279,1,5251,2615,2636,0,0,0,1.0,1,1.0,1,1.0,1,0.1713037527289589,67
3280,3,5254,2616,2638,0,0,0,1.0,1,1.0,1,1.0,1,0.17598346312348223,66
3281,3,5257,2617,2640,0,0,0,1.0,1,1.0,1,1.0,1,0.1643038462330623,67
3282,2,5259,2618,2641,0,0,0,1.0,1,1.0,1,1.0,1,0.1919162315104956,66
3283,2,5261,2620,2641,0,0,0,1.0,1,1.0,1,1.0,1,0.23256636007407672,67
3284,3,5264,2620,2644,0,0,0,1.0,1,1.0,1,1.0,1,0.17549227973257264,66
3285,0,5264,2620,2644,0,0,0,1.0,1,1.0,1,1.0,1,0.17549227973257264,66
3286,2,5266,2620,2646,0,0,0,1.0,1,1.0,1,1.0,1,0.17245108187827313,63
3287,1,5267,2621,2646,0,0,0,1.0,1,1.0,1,1.0,1,0.20040326802798716,61
3288,0,5267,2621,2646,0,0,0,1.0,1,1.0,1,1.0,1,0.20913760627254138,63
3289,1,5268,2622,2646,0,0,0,1.0,1,1.0,1,1.0,1,0.2422525680520171,62
3290,1,5269,2623,2646,0,0,0,1.0,1,1.0,1,1.0,1,0.24836545359886164,63
3291,4,5273,2625,2648,0,0,0,1.0,1,1.0,1,1.0,1,0.25956159928745615,62
3292,1,5274,2626,2648,0,0,0,1.0,1,1.0,1,1.0,1,0.2783685595220472,63
3293,2,5276,2628,2648,0,0,0,1.0,1,1.0,1,1.0,1,0.2864050270406453,65
3294,2,5278,2628,2650,0,0,0,1.0,1,1.0,1,1.0,1,0.2574305670763176,65
3295,1,5279,2629,2650,0,0,0,1.0,1,1.0,1,1.0,1,0.26057818372956826,65
3296,2,5281,2629,2652,0,0,0,1.0,1,1.0,1,1.0,1,0.23180290326952357,65
3297,1,5282,2630,2652,0,0,0,1.0,1,1.0,1,1.0,1,0.22489634683779425,66
3298,2,5284,2631,2653,0,0,0,1.0,1,1.0,1,1.0,1,0.22655213018179965,66
3299,0,5284,2631,2653,0,0,0,1.0,1,1.0,1,1.0,1,0.23193114943950263,67
3300,2,5286,2633,2653,0,0,0,1.0,1,1.0,1,1.0,1,0.24936685076419035,67
3301,6,5292,2634,2658,0,0,0,1.0,1,1.0,1,1.0,1,0.24109455309052633,68
3302,1,5293,2634,2659,0,0,0,1.0,1,1.0,1,1.0,1,0.2440175066705385,67
3303,2,5295,2636,2659,0,0,0,1.0,1,1.0,1,1.0,1,0.2536768355267875,67
3304,0,5295,2636,2659,0,0,0,1.0,1,1.0,1,1.0,1,0.2540559944253248,67
3305,4,5299,2636,2663,0,0,0,1.0,1,1.0,1,1.0,1,0.24414360087612683,69
3306,2,5301,2636,2665,0,0,0,1.0,1,1.0,1,1.0,1,0.22240396352187844,70
3307,0,5301,2636,2665,0,0,0,1.0,1,1.0,1,1.0,1,0.22240396352187844,70
3308,0,5301,2636,2665,0,0,0,1.0,1,1.0,1,1.0,1,0.22240396352187844,70
3309,1,5302,2636,2666,0,0,0,1.0,1,1.0,1,1.0,1,0.23441848752518515,72
3310,4,5306,2636,2670,0,0,0,1.0,1,1.0,1,1.0,1,0.18897822458164867,74
3311,1,5307,2636,2671,0,0,0,1.0,1,1.0,1,1.0,1,0.18468534942408207,74
3312,0,5307,2636,2671,0,0,0,1.0,1,1.0,1,1.0,1,0.18468534942408207,74
3313,2,5309,2636,2673,0,0,0,1.0,1,1.0,1,1.0,1,0.186846210686635,75
3314,3,5312,2636,2676,0,0,0,1.0,1,1.0,1,1.0,1,0.1778679913799409,76
3315,1,5313,2637,2676,0,0,0,1.0,1,1.0,1,1.0,1,0.20902657587449108,75
3316,3,5316,2639,2677,0,0,0,1.0,1,1.0,1,1.0,1,0.22140321862077844,76
3317,3,5319,2641,2678,0,0,0,1.0,1,1.0,1,1.0,1,0.2294518408312991,73
3318,3,5322,2643,2679,0,0,0,1.0,1,1.0,1,1.0,1,0.24905185468702015,72
3319,3,5325,2644,2681,0,0,0,1.0,1,1.0,1,1.0,1,0.23378602948409302,71
3320,0,5325,2644,2681,0,0,0,1.0,1,1.0,1,1.0,1,0.22768670536556015,70
3321,3,5328,2645,2683,0,0,0,1.0,1,1.0,1,1.0,1,0.22186096159532206,69
3322,1,5329,2646,2683,0,0,0,1.0,1,1.0,1,1.0,1,0.2111883121958538,68
3323,1,5330,2647,2683,0,0,0,1.0,1,1.0,1,1.0,1,0.2386824518530693,69
3324,1,5331,2648,2683,0,0,0,1.0,1,1.0,1,1.0,1,0.22140636631170857,69
3325,0,5331,2648,2683,0,0,0,1.0,1,1.0,1,1.0,1,0.22588391777480987,70
3326,4,5335,2649,2686,0,0,0,1.0,1,1.0,1,1.0,1,0.21921342767126314,69
3327,0,5335,2649,2686,0,0,0,1.0,1,1.0,1,1.0,1,0.21163102167209832,70
3328,1,5336,2650,2686,0,0,0,1.0,1,1.0,1,1.0,1,0.22754940080786043,73
3329,1,5337,2651,2686,0,0,0,1.0,1,1.0,1,1.0,1,0.2630173176284293,72
3330,5,5342,2652,2690,0,0,0,1.0,1,1.0,1,1.0,1,0.24054004150139965,72
3331,3,5345,2654,2691,0,0,0,1.0,1,1.0,1,1.0,1,0.23720458892937982,72
3332,1,5346,2654,2692,0,0,0,1.0,1,1.0,1,1.0,1,0.23318644668718674,73
3333,0,5346,2654,2692,0,0,0,1.0,1,1.0,1,1.0,1,0.23649907211268661,72
3334,1,5347,2654,2693,0,0,0,1.0,1,1.0,1,1.0,1,0.2188505924723166,73
3335,0,5347,2654,2693,0,0,0,1.0,1,1.0,1,1.0,1,0.22559345794885116,74
3336,0,5347,2654,2693,0,0,0,1.0,1,1.0,1,1.0,1,0.22559345794885116,74
3337,0,5347,2654,2693,0,0,0,1.0,1,1.0,1,1.0,1,0.22559345794885116,74
3338,0,5347,2654,2693,0,0,0,1.0,1,1.0,1,1.0,1,0.22559345794885116,74
3339,1,5348,2655,2693,0,0,0,1.0,1,1.0,1,1.0,1,0.23508030786360282,75
3340,1,5349,2655,2694,0,0,0,1.0,1,1.0,1,1.0,1,0.2310457491527183,75
3341,1,5350,2655,2695,0,0,0,1.0,1,1.0,1,1.0,1,0.23671103050596756,76
3342,3,5353,2657,2696,0,0,0,1.0,1,1.0,1,1.0,1,0.2491254415772825,76
3343,4,5357,2659,2698,0,0,0,1.0,1,1.0,1,1.0,1,0.22344045109900726,75
3344,1,5358,2660,2698,0,0,0,1.0,1,1.0,1,1.0,1,0.24804181307503512,75
3345,2,5360,2662,2698,0,0,0,1.0,1,1.0,1,1.0,1,0.27379256095330834,72
3346,7,5367,2662,2705,0,0,0,1.0,1,1.0,1,1.0,1,0.21337755103183373,73
3347,3,5370,2664,2706,0,0,0,1.0,1,1.0,1,1.0,1,0.2069588802565715,73
3348,1,5371,2664,2707,0,0,0,1.0,1,1.0,1,1.0,1,0.21221906681873953,73
3349,4,5375,2665,2710,0,0,0,1.0,1,1.0,1,1.0,1,0.19310594548801624,74
3350,3,5378,2667,2711,0,0,0,1.0,1,1.0,1,1.0,1,0.1963805887704517,73
3351,2,5380,2668,2712,0,0,0,1.0,1,1.0,1,1.0,1,0.19018125901473915,72
3352,1,5381,2669,2712,0,0,0,1.0,1,1.0,1,1.0,1,0.2030886093701655,72
3353,2,5383,2671,2712,0,0,0,1.0,1,1.0,1,1.0,1,0.23212019371121856,72
3354,3,5386,2673,2713,0,0,0,1.0,1,1.0,1,1.0,1,0.22757143915868558,70
3355,2,5388,2674,2714,0,0,0,1.0,1,1.0,1,1.0,1,0.23699220198877233,69
3356,4,5392,2676,2716,0,0,0,1.0,1,1.0,1,1.0,1,0.2257242409544435,69
3357,3,5395,2677,2718,0,0,0,1.0,1,1.0,1,1.0,1,0.21358972337659213,68
3358,1,5396,2678,2718,0,0,0,1.0,1,1.0,1,1.0,1,0.22967519317123672,68
3359,1,5397,2678,2719,0,0,0,1.0,1,1.0,1,1.0,1,0.23116431660662476,66
3360,3,5400,2680,2720,0,0,0,1.0,1,1.0,1,1.0,1,0.28010047164504664,65
3361,4,5404,2680,2724,0,0,0,1.0,1,1.0,1,1.0,1,0.250265475539164,64
3362,0,5404,2680,2724,0,0,0,1.0,1,1.0,1,1.0,1,0.250265475539164,64
3363,0,5404,2680,2724,0,0,0,1.0,1,1.0,1,1.0,1,0.24665635897911445,65
3364,1,5405,2680,2725,0,0,0,1.0,1,1.0,1,1.0,1,0.24082017306058034,66
3365,0,5405,2680,2725,0,0,0,1.0,1,1.0,1,1.0,1,0.24700617563426253,68
3366,2,5407,2681,2726,0,0,0,1.0,1,1.0,1,1.0,1,0.2587466708777937,66
3367,0,5407,2681,2726,0,0,0,1.0,1,1.0,1,1.0,1,0.264713714884781,68
3368,2,5409,2682,2727,0,0,0,1.0,1,1.0,1,1.0,1,0.26505375706998907,68
3369,2,5411,2682,2729,0,0,0,1.0,1,1.0,1,1.0,1,0.24866533246593908,69
3370,1,5412,2682,2730,0,0,0,1.0,1,1.0,1,1.0,1,0.2226269446237762,71
3371,1,5413,2682,2731,0,0,0,1.0,1,1.0,1,1.0,1,0.21492293955448807,71
3372,2,5415,2683,2732,0,0,0,1.0,1,1.0,1,1.0,1,0.21874530811120693,71
3373,1,5416,2683,2733,0,0,0,1.0,1,1.0,1,1.0,1,0.20163006089585736,72
3374,0,5416,2683,2733,0,0,0,1.0,1,1.0,1,1.0,1,0.19767077525787866,72
3375,0,5416,2683,2733,0,0,0,1.0,1,1.0,1,1.0,1,0.20300225274620332,73
3376,1,5417,2683,2734,0,0,0,1.0,1,1.0,1,1.0,1,0.19587609264092948,75
3377,2,5419,2684,2735,0,0,0,1.0,1,1.0,1,1.0,1,0.20438599733501395,77
3378,0,5419,2684,2735,0,0,0,1.0,1,1.0,1,1.0,1,0.20438599733501395,77
3379,3,5422,2687,2735,0,0,0,1.0,1,1.0,1,1.0,1,0.24540018808817904,77
3380,3,5425,2687,2738,0,0,0,1.0,1,1.0,1,1.0,1,0.23719356732678695,76
3381,3,5428,2688,2740,0,0,0,1.0,1,1.0,1,1.0,1,0.21995669764492065,76
3382,1,5429,2688,2741,0,0,0,1.0,1,1.0,1,1.0,1,0.21667630941430416,78
3383,1,5430,2688,2742,0,0,0,1.0,1,1.0,1,1.0,1,0.20906232367071298,77
3384,4,5434,2692,2742,0,0,0,1.0,1,1.0,1,1.0,1,0.24419431621989993,77
3385,1,5435,2693,2742,0,0,0,1.0,1,1.0,1,1.0,1,0.2541263226784733,75
3386,4,5439,2695,2744,0,0,0,1.0,1,1.0,1,1.0,1,0.23857147585513266,76
3387,2,5441,2696,2745,0,0,0,1.0,1,1.0,1,1.0,1,0.2301858829102788,75
3388,1,5442,2697,2745,0,0,0,1.0,1,1.0,1,1.0,1,0.2502729530622773,76
3389,0,5442,2697,2745,0,0,0,1.0,1,1.0,1,1.0,1,0.24992524645849948,77
3390,0,5442,2697,2745,0,0,0,1.0,1,1.0,1,1.0,1,0.24443053883552956,76
3391,1,5443,2698,2745,0,0,0,1.0,1,1.0,1,1.0,1,0.23930205234653376,77
3392,3,5446,2698,2748,0,0,0,1.0,1,1.0,1,1.0,1,0.21394577757561137,78
3393,1,5447,2698,2749,0,0,0,1.0,1,1.0,1,1.0,1,0.2010675080977051,76
3394,5,5452,2699,2753,0,0,0,1.0,1,1.0,1,1.0,1,0.204232789599709,75
3395,1,5453,2699,2754,0,0,0,1.0,1,1.0,1,1.0,1,0.20175959347312578,73
3396,2,5455,2699,2756,0,0,0,1.0,1,1.0,1,1.0,1,0.1891745097545344,73
3397,1,5456,2700,2756,0,0,0,1.0,1,1.0,1,1.0,1,0.17867039065832033,74
3398,1,5457,2701,2756,0,0,0,1.0,1,1.0,1,1.0,1,0.16865193675921183,74
3399,2,5459,2703,2756,0,0,0,1.0,1,1.0,1,1.0,1,0.19639387202712066,75
3400,2,5461,2704,2757,0,0,0,1.0,1,1.0,1,1.0,1,0.20245005633709698,75
3401,4,5465,2705,2760,0,0,0,1.0,1,1.0,1,1.0,1,0.14945261973286494,77
3402,1,5466,2706,2760,0,0,0,1.0,1,1.0,1,1.0,1,0.1642778433713261,77
3403,2,5468,2707,2761,0,0,0,1.0,1,1.0,1,1.0,1,0.1610554511775151,78
3404,1,5469,2708,2761,0,0,0,1.0,1,1.0,1,1.0,1,0.16811500624370898,78
3405,1,5470,2708,2762,0,0,0,1.0,1,1.0,1,1.0,1,0.16348232904545915,78
3406,3,5473,2708,2765,0,0,0,1.0,1,1.0,1,1.0,1,0.13845509106953596,78
3407,0,5473,2708,2765,0,0,0,1.0,1,1.0,1,1.0,1,0.14002487617318957,78
3408,3,5476,2708,2768,0,0,0,1.0,1,1.0,1,1.0,1,0.11664093032072033,79
3409,0,5476,2708,2768,0,0,0,1.0,1,1.0,1,1.0,1,0.11367914172042111,81
3410,0,5476,2708,2768,0,0,0,1.0,1,1.0,1,1.0,1,0.1224668847780575,82
3411,1,5477,2708,2769,0,0,0,1.0,1,1.0,1,1.0,1,0.11489495133640532,84
3412,0,5477,2708,2769,0,0,0,1.0,1,1.0,1,1.0,1,0.11489495133640532,84
3413,1,5478,2709,2769,0,0,0,1.0,1,1.0,1,1.0,1,0.12866865627432136,84
3414,1,5479,2709,2770,0,0,0,1.0,1,1.0,1,1.0,1,0.1232573125330827,84
3415,1,5480,2710,2770,0,0,0,1.0,1,1.0,1,1.0,1,0.13843111914419118,85
3416,1,5481,2710,2771,0,0,0,1.0,1,1.0,1,1.0,1,0.13150081743213551,85
3417,2,5483,2711,2772,0,0,0,1.0,1,1.0,1,1.0,1,0.14342245094130868,86
3418,1,5484,2712,2772,0,0,0,1.0,1,1.0,1,1.0,1,0.1490264501405429,86
3419,3,5487,2713,2774,0,0,0,1.0,1,1.0,1,1.0,1,0.15388255191599615,87
3420,2,5489,2714,2775,0,0,0,1.0,1,1.0,1,1.0,1,0.155440188626333,88
3421,3,5492,2716,2776,0,0,0,1.0,1,1.0,1,1.0,1,0.1548603726170502,89
3422,0,5492,2716,2776,0,0,0,1.0,1,1.0,1,1.0,1,0.16235764419082266,90
3423,1,5493,2717,2776,0,0,0,1.0,1,1.0,1,1.0,1,0.15912305882512767,90
3424,0,5493,2717,2776,0,0,0,1.0,1,1.0,1,1.0,1,0.15157424888319612,91
3425,1,5494,2718,2776,0,0,0,1.0,1,1.0,1,1.0,1,0.15471215435096822,90
3426,4,5498,2720,2778,0,0,0,1.0,1,1.0,1,1.0,1,0.15235336185236031,92
3427,2,5500,2720,2780,0,0,0,1.0,1,1.0,1,1.0,1,0.14397378277237075,92
3428,1,5501,2720,2781,0,0,0,1.0,1,1.0,1,1.0,1,0.14914859076111464,91
3429,0,5501,2720,2781,0,0,0,1.0,1,1.0,1,1.0,1,0.14914859076111464,91
3430,2,5503,2722,2781,0,0,0,1.0,1,1.0,1,1.0,1,0.15901786202771956,91
3431,1,5504,2722,2782,0,0,0,1.0,1,1.0,1,1.0,1,0.15480719742386678,90
3432,3,5507,2725,2782,0,0,0,1.0,1,1.0,1,1.0,1,0.17141134862568044,91
3433,1,5508,2725,2783,0,0,0,1.0,1,1.0,1,1.0,1,0.1681141760649021,90
3434,1,5509,2725,2784,0,0,0,1.0,1,1.0,1,1.0,1,0.17310620805368687,89
3435,1,5510,2726,2784,0,0,0,1.0,1,1.0,1,1.0,1,0.17649058715828114,88
3436,6,5516,2726,2790,0,0,0,1.0,1,1.0,1,1.0,1,0.1436719173746544,86
3437,1,5517,2727,2790,0,0,0,1.0,1,1.0,1,1.0,1,0.14175091267946685,86
3438,1,5518,2727,2791,0,0,0,1.0,1,1.0,1,1.0,1,0.14267032027297072,87
3439,1,5519,2728,2791,0,0,0,1.0,1,1.0,1,1.0,1,0.15545120561450168,86
3440,0,5519,2728,2791,0,0,0,1.0,1,1.0,1,1.0,1,0.15689694039947402,86
3441,1,5520,2729,2791,0,0,0,1.0,1,1.0,1,1.0,1,0.1572324588140636,85
3442,1,5521,2729,2792,0,0,0,1.0,1,1.0,1,1.0,1,0.1508030424123211,85
3443,1,5522,2729,2793,0,0,0,1.0,1,1.0,1,1.0,1,0.15157489756862477,85
3444,1,5523,2730,2793,0,0,0,1.0,1,1.0,1,1.0,1,0.15513513099347812,85
3445,2,5525,2732,2793,0,0,0,1.0,1,1.0,1,1.0,1,0.18577036779797892,84
3446,4,5529,2734,2795,0,0,0,1.0,1,1.0,1,1.0,1,0.2098237090188605,85
3447,1,5530,2735,2795,0,0,0,1.0,1,1.0,1,1.0,1,0.21741596695577237,85
3448,3,5533,2737,2796,0,0,0,1.0,1,1.0,1,1.0,1,0.21807616584440406,85
3449,1,5534,2737,2797,0,0,0,1.0,1,1.0,1,1.0,1,0.2182542720937947,84
3450,0,5534,2737,2797,0,0,0,1.0,1,1.0,1,1.0,1,0.2182542720937947,84
3451,2,5536,2739,2797,0,0,0,1.0,1,1.0,1,1.0,1,0.23001011889960746,85
3452,2,5538,2740,2798,0,0,0,1.0,1,1.0,1,1.0,1,0.21530487185756977,86
3453,0,5538,2740,2798,0,0,0,1.0,1,1.0,1,1.0,1,0.21521985290731174,85
3454,2,5540,2740,2800,0,0,0,1.0,1,1.0,1,1.0,1,0.18893502786634675,88
3455,1,5541,2741,2800,0,0,0,1.0,1,1.0,1,1.0,1,0.18934694604913976,88
3456,4,5545,2742,2803,0,0,0,1.0,1,1.0,1,1.0,1,0.1777122305494246,88
3457,1,5546,2743,2803,0,0,0,1.0,1,1.0,1,1.0,1,0.19001683491589477,89
3458,1,5547,2743,2804,0,0,0,1.0,1,1.0,1,1.0,1,0.1819304566249126,88
3459,0,5547,2743,2804,0,0,0,1.0,1,1.0,1,1.0,1,0.1819304566249126,88
3460,0,5547,2743,2804,0,0,0,1.0,1,1.0,1,1.0,1,0.17719132457406414,89
3461,0,5547,2743,2804,0,0,0,1.0,1,1.0,1,1.0,1,0.17719132457406414,89
3462,2,5549,2743,2806,0,0,0,1.0,1,1.0,1,1.0,1,0.16754933650359732,90
3463,2,5551,2743,2808,0,0,0,1.0,1,1.0,1,1.0,1,0.15481386939082134,89
3464,1,5552,2744,2808,0,0,0,1.0,1,1.0,1,1.0,1,0.15409404259994144,88
3465,0,5552,2744,2808,0,0,0,1.0,1,1.0,1,1.0,1,0.1783040081045964,87
3466,2,5554,2744,2810,0,0,0,1.0,1,1.0,1,1.0,1,0.15930228186659479,87
3467,1,5555,2745,2810,0,0,0,1.0,1,1.0,1,1.0,1,0.17018805074058663,87
3468,6,5561,2747,2814,0,0,0,1.0,1,1.0,1,1.0,1,0.16588214678013252,88
3469,2,5563,2748,2815,0,0,0,1.0,1,1.0,1,1.0,1,0.16465903658590708,85
3470,2,5565,2750,2815,0,0,0,1.0,1,1.0,1,1.0,1,0.1930440547873633,86
3471,5,5570,2752,2818,0,0,0,1.0,1,1.0,1,1.0,1,0.2084084832187499,84
3472,0,5570,2752,2818,0,0,0,1.0,1,1.0,1,1.0,1,0.20284032598558357,83
3473,0,5570,2752,2818,0,0,0,1.0,1,1.0,1,1.0,1,0.20541689674406644,81
3474,2,5572,2753,2819,0,0,0,1.0,1,1.0,1,1.0,1,0.17208969126650406,80
3475,2,5574,2754,2820,0,0,0,1.0,1,1.0,1,1.0,1,0.19149640008128416,82
3476,4,5578,2755,2823,0,0,0,1.0,1,1.0,1,1.0,1,0.1619904172426717,81
3477,3,5581,2757,2824,0,0,0,1.0,1,1.0,1,1.0,1,0.16774323213569356,83
3478,2,5583,2758,2825,0,0,0,1.0,1,1.0,1,1.0,1,0.16932236462919162,83
3479,2,5585,2759,2826,0,0,0,1.0,1,1.0,1,1.0,1,0.15584821600184012,83
3480,1,5586,2759,2827,0,0,0,1.0,1,1.0,1,1.0,1,0.1538304978475919,83
3481,5,5591,2761,2830,0,0,0,1.0,1,1.0,1,1.0,1,0.14464437977509542,83
3482,2,5593,2762,2831,0,0,0,1.0,1,1.0,1,1.0,1,0.15470864616232408,83
3483,5,5598,2765,2833,0,0,0,1.0,1,1.0,1,1.0,1,0.17494115217439493,82
3484,1,5599,2766,2833,0,0,0,1.0,1,1.0,1,1.0,1,0.1958041446924986,82
3485,1,5600,2766,2834,0,0,0,1.0,1,1.0,1,1.0,1,0.19010892062798154,83
3486,2,5602,2766,2836,0,0,0,1.0,1,1.0,1,1.0,1,0.1654071926878743,83
3487,0,5602,2766,2836,0,0,0,1.0,1,1.0,1,1.0,1,0.1690868511879258,84
3488,0,5602,2766,2836,0,0,0,1.0,1,1.0,1,1.0,1,0.17393005323553828,84
3489,1,5603,2766,2837,0,0,0,1.0,1,1.0,1,1.0,1,0.1646015600789594,84
3490,0,5603,2766,2837,0,0,0,1.0,1,1.0,1,1.0,1,0.1646015600789594,84
3491,0,5603,2766,2837,0,0,0,1.0,1,1.0,1,1.0,1,0.16680463568217221,86
3492,2,5605,2767,2838,0,0,0,1.0,1,1.0,1,1.0,1,0.15169817149994427,86
3493,0,5605,2767,2838,0,0,0,1.0,1,1.0,1,1.0,1,0.15169817149994427,86
3494,1,5606,2767,2839,0,0,0,1.0,1,1.0,1,1.0,1,0.14803595507442252,86
3495,0,5606,2767,2839,0,0,0,1.0,1,1.0,1,1.0,1,0.14428387875057028,87
3496,0,5606,2767,2839,0,0,0,1.0,1,1.0,1,1.0,1,0.15286369111744055,88
3497,2,5608,2768,2840,0,0,0,1.0,1,1.0,1,1.0,1,0.16078089310357785,89
3498,5,5613,2768,2845,0,0,0,1.0,1,1.0,1,1.0,1,0.13425895242056335,89
3499,2,5615,2769,2846,0,0,0,1.0,1,1.0,1,1.0,1,0.12482597688873334,91
3500,1,5616,2770,2846,0,0,0,1.0,1,1.0,1,1.0,1,0.1404402494731623,90
3501,1,5617,2770,2847,0,0,0,1.0,1,1.0,1,1.0,1,0.1298447840234094,90
3502,0,5617,2770,2847,0,0,0,1.0,1,1.0,1,1.0,1,0.1328750915814404,91
3503,2,5619,2772,2847,0,0,0,1.0,1,1.0,1,1.0,1,0.14262047346022447,91
3504,4,5623,2774,2849,0,0,0,1.0,1,1.0,1,1.0,1,0.1441588414514865,89
3505,2,5625,2776,2849,0,0,0,1.0,1,1.0,1,1.0,1,0.16054791594235976,87
3506,5,5630,2778,2852,0,0,0,1.0,1,1.0,1,1.0,1,0.16052872667653106,87
3507,3,5633,2780,2853,0,0,0,1.0,1,1.0,1,1.0,1,0.1637008834077092,84
3508,3,5636,2782,2854,0,0,0,1.0,1,1.0,1,1.0,1,0.21146870323123962,83
3509,1,5637,2783,2854,0,0,0,1.0,1,1.0,1,1.0,1,0.2208374040656776,80
3510,2,5639,2783,2856,0,0,0,1.0,1,1.0,1,1.0,1,0.21530628823411688,78
3511,4,5643,2785,2858,0,0,0,1.0,1,1.0,1,1.0,1,0.1826944499174652,77
3512,0,5643,2785,2858,0,0,0,1.0,1,1.0,1,1.0,1,0.19239602420074514,74
3513,0,5643,2785,2858,0,0,0,1.0,1,1.0,1,1.0,1,0.19601587454542194,76
3514,2,5645,2786,2859,0,0,0,1.0,1,1.0,1,1.0,1,0.18022766771067433,76
3515,1,5646,2787,2859,0,0,0,1.0,1,1.0,1,1.0,1,0.17300913255785663,75
3516,2,5648,2788,2860,0,0,0,1.0,1,1.0,1,1.0,1,0.18539625557916847,73
3517,5,5653,2791,2862,0,0,0,1.0,1,1.0,1,1.0,1,0.18504966547790166,74
3518,0,5653,2791,2862,0,0,0,1.0,1,1.0,1,1.0,1,0.19799433000678932,74
3519,0,5653,2791,2862,0,0,0,1.0,1,1.0,1,1.0,1,0.21095930180467148,73
3520,1,5654,2791,2863,0,0,0,1.0,1,1.0,1,1.0,1,0.1951173980287045,74
3521,4,5658,2791,2867,0,0,0,1.0,1,1.0,1,1.0,1,0.15870445421216534,75
3522,2,5660,2791,2869,0,0,0,1.0,1,1.0,1,1.0,1,0.14635259020335542,75
3523,0,5660,2791,2869,0,0,0,1.0,1,1.0,1,1.0,1,0.14635259020335542,75
3524,1,5661,2792,2869,0,0,0,1.0,1,1.0,1,1.0,1,0.1389582230044982,75
3525,0,5661,2792,2869,0,0,0,1.0,1,1.0,1,1.0,1,0.15320046501804283,75
3526,2,5663,2793,2870,0,0,0,1.0,1,1.0,1,1.0,1,0.15453950595264382,76
3527,3,5666,2795,2871,0,0,0,1.0,1,1.0,1,1.0,1,0.20293055250833233,77
3528,5,5671,2796,2875,0,0,0,1.0,1,1.0,1,1.0,1,0.20910902667753511,77
3529,4,5675,2797,2878,0,0,0,1.0,1,1.0,1,1.0,1,0.20136821258164478,78
3530,0,5675,2797,2878,0,0,0,1.0,1,1.0,1,1.0,1,0.2211903875422,78
3531,3,5678,2798,2880,0,0,0,1.0,1,1.0,1,1.0,1,0.22439473723384554,79
3532,1,5679,2799,2880,0,0,0,1.0,1,1.0,1,1.0,1,0.25278091695485716,79
3533,1,5680,2800,2880,0,0,0,1.0,1,1.0,1,1.0,1,0.27484112335274385,79
3534,3,5683,2802,2881,0,0,0,1.0,1,1.0,1,1.0,1,0.2918461429487629,80
3535,2,5685,2802,2883,0,0,0,1.0,1,1.0,1,1.0,1,0.28722815086235326,81
3536,5,5690,2802,2888,0,0,0,1.0,1,1.0,1,1.0,1,0.2437225150637205,82
3537,0,5690,2802,2888,0,0,0,1.0,1,1.0,1,1.0,1,0.2437225150637205,82
3538,1,5691,2802,2889,0,0,0,1.0,1,1.0,1,1.0,1,0.23746634496080934,83
3539,0,5691,2802,2889,0,0,0,1.0,1,1.0,1,1.0,1,0.23746634496080934,83
3540,1,5692,2803,2889,0,0,0,1.0,1,1.0,1,1.0,1,0.23393033372919125,85
3541,0,5692,2803,2889,0,0,0,1.0,1,1.0,1,1.0,1,0.23393033372919125,85
3542,4,5696,2804,2892,0,0,0,1.0,1,1.0,1,1.0,1,0.20203152210628106,88
3543,1,5697,2805,2892,0,0,0,1.0,1,1.0,1,1.0,1,0.20131835735310535,87
3544,1,5698,2806,2892,0,0,0,1.0,1,1.0,1,1.0,1,0.20683260876594942,87
3545,1,5699,2807,2892,0,0,0,1.0,1,1.0,1,1.0,1,0.20436706143963143,85
3546,2,5701,2808,2893,0,0,0,1.0,1,1.0,1,1.0,1,0.19824227026626223,83
3547,1,5702,2808,2894,0,0,0,1.0,1,1.0,1,1.0,1,0.1803034954046633,82
3548,2,5704,2810,2894,0,0,0,1.0,1,1.0,1,1.0,1,0.19090596266963356,82
3549,0,5704,2810,2894,0,0,0,1.0,1,1.0,1,1.0,1,0.18353213184996714,81
3550,3,5707,2812,2895,0,0,0,1.0,1,1.0,1,1.0,1,0.18231533127949218,79
3551,4,5711,2814,2897,0,0,0,1.0,1,1.0,1,1.0,1,0.1765601509730967,80
3552,2,5713,2815,2898,0,0,0,1.0,1,1.0,1,1.0,1,0.18106186715942876,78
3553,0,5713,2815,2898,0,0,0,1.0,1,1.0,1,1.0,1,0.18157357421481343,79
3554,1,5714,2815,2899,0,0,0,1.0,1,1.0,1,1.0,1,0.17560287900771987,77
3555,1,5715,2816,2899,0,0,0,1.0,1,1.0,1,1.0,1,0.18643207518133736,77
3556,0,5715,2816,2899,0,0,0,1.0,1,1.0,1,1.0,1,0.19797636074072086,76
3557,0,5715,2816,2899,0,0,0,1.0,1,1.0,1,1.0,1,0.19842640721492177,76
3558,3,5718,2817,2901,0,0,0,1.0,1,1.0,1,1.0,1,0.19560431581352922,76
3559,0,5718,2817,2901,0,0,0,1.0,1,1.0,1,1.0,1,0.19560431581352922,76
3560,4,5722,2818,2904,0,0,0,1.0,1,1.0,1,1.0,1,0.19296444262691342,78
3561,4,5726,2819,2907,0,0,0,1.0,1,1.0,1,1.0,1,0.17782729078595372,79
3562,4,5730,2821,2909,0,0,0,1.0,1,1.0,1,1.0,1,0.17653979333212053,79
3563,5,5735,2823,2912,0,0,0,1.0,1,1.0,1,1.0,1,0.17128025029376803,79
3564,2,5737,2823,2914,0,0,0,1.0,1,1.0,1,1.0,1,0.16765136409563627,80
3565,2,5739,2824,2915,0,0,0,1.0,1,1.0,1,1.0,1,0.18290003640454688,83
3566,4,5743,2825,2918,0,0,0,1.0,1,1.0,1,1.0,1,0.18317930334914528,84
3567,0,5743,2825,2918,0,0,0,1.0,1,1.0,1,1.0,1,0.18317930334914528,84
3568,2,5745,2826,2919,0,0,0,1.0,1,1.0,1,1.0,1,0.1792965583530788,84
3569,1,5746,2826,2920,0,0,0,1.0,1,1.0,1,1.0,1,0.1744360853555714,84
3570,3,5749,2827,2922,0,0,0,1.0,1,1.0,1,1.0,1,0.1665292759503065,87
3571,5,5754,2829,2925,0,0,0,1.0,1,1.0,1,1.0,1,0.16885099019051358,86
3572,2,5756,2830,2926,0,0,0,1.0,1,1.0,1,1.0,1,0.1571682335471482,87
3573,1,5757,2831,2926,0,0,0,1.0,1,1.0,1,1.0,1,0.16430993076678635,87
3574,3,5760,2833,2927,0,0,0,1.0,1,1.0,1,1.0,1,0.16450445466225028,88
3575,1,5761,2833,2928,0,0,0,1.0,1,1.0,1,1.0,1,0.15835869749302392,88
3576,2,5763,2834,2929,0,0,0,1.0,1,1.0,1,1.0,1,0.14833961675732843,90
3577,1,5764,2834,2930,0,0,0,1.0,1,1.0,1,1.0,1,0.12793610863760776,90
3578,1,5765,2834,2931,0,0,0,1.0,1,1.0,1,1.0,1,0.12973112029734718,91
3579,2,5767,2836,2931,0,0,0,1.0,1,1.0,1,1.0,1,0.13275018140821165,91
3580,0,5767,2836,2931,0,0,0,1.0,1,1.0,1,1.0,1,0.15574354718231392,91
3581,3,5770,2838,2932,0,0,0,1.0,1,1.0,1,1.0,1,0.16215891498044369,91
3582,5,5775,2840,2935,0,0,0,1.0,1,1.0,1,1.0,1,0.1703135937992699,92
3583,3,5778,2842,2936,0,0,0,1.0,1,1.0,1,1.0,1,0.17694177575253806,88
3584,2,5780,2843,2937,0,0,0,1.0,1,1.0,1,1.0,1,0.17332537016730848,87
3585,4,5784,2846,2938,0,0,0,1.0,1,1.0,1,1.0,1,0.18372551487100672,84
3586,4,5788,2848,2940,0,0,0,1.0,1,1.0,1,1.0,1,0.17239307183007643,83
3587,2,5790,2848,2942,0,0,0,1.0,1,1.0,1,1.0,1,0.15168659701624493,82
3588,1,5791,2849,2942,0,0,0,1.0,1,1.0,1,1.0,1,0.14669652272411243,81
3589,5,5796,2854,2942,0,0,0,1.0,1,1.0,1,1.0,1,0.16603241352603107,80
3590,2,5798,2856,2942,0,0,0,1.0,1,1.0,1,1.0,1,0.20899396466105624,78
3591,8,5806,2858,2948,0,0,0,1.0,1,1.0,1,1.0,1,0.1342850115388026,77
3592,1,5807,2859,2948,0,0,0,1.0,1,1.0,1,1.0,1,0.14818935548235018,75
3593,2,5809,2860,2949,0,0,0,1.0,1,1.0,1,1.0,1,0.16379679128333471,76
3594,1,5810,2861,2949,0,0,0,1.0,1,1.0,1,1.0,1,0.17148596243524322,74
3595,2,5812,2863,2949,0,0,0,1.0,1,1.0,1,1.0,1,0.19312260419626556,74
3596,1,5813,2863,2950,0,0,0,1.0,1,1.0,1,1.0,1,0.18543073355019749,73
3597,4,5817,2865,2952,0,0,0,1.0,1,1.0,1,1.0,1,0.16991855872693107,73
3598,1,5818,2866,2952,0,0,0,1.0,1,1.0,1,1.0,1,0.17648931374368892,73
3599,2,5820,2867,2953,0,0,0,1.0,1,1.0,1,1.0,1,0.17428990567984895,73
3600,1,5821,2867,2954,0,0,0,1.0,1,1.0,1,1.0,1,0.15872729975160182,74
3601,2,5823,2868,2955,0,0,0,1.0,1,1.0,1,1.0,1,0.1646541353816487,75
3602,1,5824,2868,2956,0,0,0,1.0,1,1.0,1,1.0,1,0.1472378294959412,76
3603,1,5825,2869,2956,0,0,0,1.0,1,1.0,1,1.0,1,0.16614546923279563,77
3604,3,5828,2871,2957,0,0,0,1.0,1,1.0,1,1.0,1,0.19128581433374112,78
3605,1,5829,2872,2957,0,0,0,1.0,1,1.0,1,1.0,1,0.20670212185448203,77
3606,5,5834,2873,2961,0,0,0,1.0,1,1.0,1,1.0,1,0.1692344819574989,79
3607,1,5835,2873,2962,0,0,0,1.0,1,1.0,1,1.0,1,0.16557498485085914,79
3608,1,5836,2873,2963,0,0,0,1.0,1,1.0,1,1.0,1,0.15974603902673212,79
3609,0,5836,2873,2963,0,0,0,1.0,1,1.0,1,1.0,1,0.15974603902673212,79
3610,2,5838,2874,2964,0,0,0,1.0,1,1.0,1,1.0,1,0.172926529866549,80
3611,2,5840,2874,2966,0,0,0,1.0,1,1.0,1,1.0,1,0.16287095254277723,80
3612,2,5842,2875,2967,0,0,0,1.0,1,1.0,1,1.0,1,0.16109598447577278,79
3613,2,5844,2877,2967,0,0,0,1.0,1,1.0,1,1.0,1,0.18789169493743757,79
3614,4,5848,2880,2968,0,0,0,1.0,1,1.0,1,1.0,1,0.17718744300554434,78
3615,0,5848,2880,2968,0,0,0,1.0,1,1.0,1,1.0,1,0.1673419225959603,79
3616,4,5852,2881,2971,0,0,0,1.0,1,1.0,1,1.0,1,0.15830627542622208,79
3617,3,5855,2883,2972,0,0,0,1.0,1,1.0,1,1.0,1,0.15772353150649976,80
3618,2,5857,2883,2974,0,0,0,1.0,1,1.0,1,1.0,1,0.1636852919700781,82
3619,1,5858,2883,2975,0,0,0,1.0,1,1.0,1,1.0,1,0.17557700494884848,82
3620,3,5861,2885,2976,0,0,0,1.0,1,1.0,1,1.0,1,0.17694462589706805,81
3621,3,5864,2886,2978,0,0,0,1.0,1,1.0,1,1.0,1,0.17257224243843136,83
3622,2,5866,2887,2979,0,0,0,1.0,1,1.0,1,1.0,1,0.1800391166953577,81
3623,3,5869,2889,2980,0,0,0,1.0,1,1.0,1,1.0,1,0.19409526325088253,81
3624,1,5870,2890,2980,0,0,0,1.0,1,1.0,1,1.0,1,0.20126759805285166,79
3625,4,5874,2892,2982,0,0,0,1.0,1,1.0,1,1.0,1,0.2232221432451191,80
3626,3,5877,2892,2985,0,0,0,1.0,1,1.0,1,1.0,1,0.17712783984574368,78
3627,3,5880,2894,2986,0,0,0,1.0,1,1.0,1,1.0,1,0.18510674008209016,78
3628,1,5881,2894,2987,0,0,0,1.0,1,1.0,1,1.0,1,0.17192426771116903,77
3629,0,5881,2894,2987,0,0,0,1.0,1,1.0,1,1.0,1,0.16603821251168846,76
3630,2,5883,2895,2988,0,0,0,1.0,1,1.0,1,1.0,1,0.16538044486166867,77
3631,4,5887,2895,2992,0,0,0,1.0,1,1.0,1,1.0,1,0.14051566764564571,75
3632,2,5889,2897,2992,0,0,0,1.0,1,1.0,1,1.0,1,0.18815101265526535,74
3633,3,5892,2899,2993,0,0,0,1.0,1,1.0,1,1.0,1,0.16525194780475658,75
3634,1,5893,2900,2993,0,0,0,1.0,1,1.0,1,1.0,1,0.19295845612276818,74
3635,1,5894,2900,2994,0,0,0,1.0,1,1.0,1,1.0,1,0.1843713510215721,74
3636,1,5895,2900,2995,0,0,0,1.0,1,1.0,1,1.0,1,0.18531464334193642,74
3637,1,5896,2900,2996,0,0,0,1.0,1,1.0,1,1.0,1,0.2008648710830546,74
3638,1,5897,2900,2997,0,0,0,1.0,1,1.0,1,1.0,1,0.19287099423628865,75
3639,2,5899,2902,2997,0,0,0,1.0,1,1.0,1,1.0,1,0.19999755316127493,76
3640,0,5899,2902,2997,0,0,0,1.0,1,1.0,1,1.0,1,0.19999755316127493,76
3641,7,5906,2904,3002,0,0,0,1.0,1,1.0,1,1.0,1,0.19473665430127157,75
3642,4,5910,2906,3004,0,0,0,1.0,1,1.0,1,1.0,1,0.20830228723599753,75
3643,0,5910,2906,3004,0,0,0,1.0,1,1.0,1,1.0,1,0.2111129796413564,74
3644,1,5911,2907,3004,0,0,0,1.0,1,1.0,1,1.0,1,0.198826319221149,74
3645,1,5912,2908,3004,0,0,0,1.0,1,1.0,1,1.0,1,0.18912255071596282,74
3646,1,5913,2908,3005,0,0,0,1.0,1,1.0,1,1.0,1,0.1729238662286238,75
3647,2,5915,2908,3007,0,0,0,1.0,1,1.0,1,1.0,1,0.16078225554909376,77
3648,1,5916,2908,3008,0,0,0,1.0,1,1.0,1,1.0,1,0.17184189363764857,78
3649,2,5918,2908,3010,0,0,0,1.0,1,1.0,1,1.0,1,0.16119200700872216,80
3650,4,5922,2909,3013,0,0,0,1.0,1,1.0,1,1.0,1,0.16087564336217497,81
3651,1,5923,2909,3014,0,0,0,1.0,1,1.0,1,1.0,1,0.15486189888062282,81
3652,2,5925,2910,3015,0,0,0,1.0,1,1.0,1,1.0,1,0.17030756896703853,83
3653,0,5925,2910,3015,0,0,0,1.0,1,1.0,1,1.0,1,0.17030756896703853,83
3654,1,5926,2910,3016,0,0,0,1.0,1,1.0,1,1.0,1,0.16516034164395096,83
3655,0,5926,2910,3016,0,0,0,1.0,1,1.0,1,1.0,1,0.15831436740790322,84
3656,0,5926,2910,3016,0,0,0,1.0,1,1.0,1,1.0,1,0.16572632991943187,85
3657,2,5928,2911,3017,0,0,0,1.0,1,1.0,1,1.0,1,0.1737186800764337,86
3658,1,5929,2912,3017,0,0,0,1.0,1,1.0,1,1.0,1,0.18515571091005778,87
3659,0,5929,2912,3017,0,0,0,1.0,1,1.0,1,1.0,1,0.17961355854728006,87
3660,1,5930,2913,3017,0,0,0,1.0,1,1.0,1,1.0,1,0.191149720336902,86
3661,4,5934,2915,3019,0,0,0,1.0,1,1.0,1,1.0,1,0.20767474698269248,86
3662,1,5935,2915,3020,0,0,0,1.0,1,1.0,1,1.0,1,0.2042367248679724,83
3663,6,5941,2919,3022,0,0,0,1.0,1,1.0,1,1.0,1,0.235245967283709,85
3664,2,5943,2920,3023,0,0,0,1.0,1,1.0,1,1.0,1,0.21895384627488512,82
3665,3,5946,2921,3025,0,0,0,1.0,1,1.0,1,1.0,1,0.19010872570430706,81
3666,2,5948,2922,3026,0,0,0,1.0,1,1.0,1,1.0,1,0.1975449489234755,79
3667,0,5948,2922,3026,0,0,0,1.0,1,1.0,1,1.0,1,0.21602773966604008,79
3668,0,5948,2922,3026,0,0,0,1.0,1,1.0,1,1.0,1,0.2121498284010384,77
3669,2,5950,2924,3026,0,0,0,1.0,1,1.0,1,1.0,1,0.21629337971654108,75
3670,3,5953,2927,3026,0,0,0,1.0,1,1.0,1,1.0,1,0.241367660587819,76
3671,6,5959,2928,3031,0,0,0,1.0,1,1.0,1,1.0,1,0.18687534603041006,74
3672,1,5960,2929,3031,0,0,0,1.0,1,1.0,1,1.0,1,0.18466616754289422,75
3673,1,5961,2929,3032,0,0,0,1.0,1,1.0,1,1.0,1,0.17953116707494907,75
3674,3,5964,2932,3032,0,0,0,1.0,1,1.0,1,1.0,1,0.19894344632284694,75
3675,3,5967,2932,3035,0,0,0,1.0,1,1.0,1,1.0,1,0.17789649458271642,75
3676,2,5969,2932,3037,0,0,0,1.0,1,1.0,1,1.0,1,0.16750293171594186,75
3677,0,5969,2932,3037,0,0,0,1.0,1,1.0,1,1.0,1,0.17447360333580542,75
3678,2,5971,2932,3039,0,0,0,1.0,1,1.0,1,1.0,1,0.17279685546897888,77
3679,1,5972,2933,3039,0,0,0,1.0,1,1.0,1,1.0,1,0.19799942349383282,78
3680,3,5975,2933,3042,0,0,0,1.0,1,1.0,1,1.0,1,0.1791093079482951,80
3681,0,5975,2933,3042,0,0,0,1.0,1,1.0,1,1.0,1,0.18221323324021754,81
3682,0,5975,2933,3042,0,0,0,1.0,1,1.0,1,1.0,1,0.18221323324021754,81
3683,1,5976,2934,3042,0,0,0,1.0,1,1.0,1,1.0,1,0.1967217453795579,81
3684,0,5976,2934,3042,0,0,0,1.0,1,1.0,1,1.0,1,0.1967217453795579,81
3685,0,5976,2934,3042,0,0,0,1.0,1,1.0,1,1.0,1,0.1967217453795579,81
3686,1,5977,2934,3043,0,0,0,1.0,1,1.0,1,1.0,1,0.19080582587066264,81
3687,0,5977,2934,3043,0,0,0,1.0,1,1.0,1,1.0,1,0.18077156680373907,82
3688,0,5977,2934,3043,0,0,0,1.0,1,1.0,1,1.0,1,0.19413577756537084,84
3689,0,5977,2934,3043,0,0,0,1.0,1,1.0,1,1.0,1,0.19413577756537084,84
3690,1,5978,2934,3044,0,0,0,1.0,1,1.0,1,1.0,1,0.19975312407093945,85
3691,0,5978,2934,3044,0,0,0,1.0,1,1.0,1,1.0,1,0.19657221613582765,86
3692,0,5978,2934,3044,0,0,0,1.0,1,1.0,1,1.0,1,0.1952106904520152,86
3693,1,5979,2934,3045,0,0,0,1.0,1,1.0,1,1.0,1,0.19023812816753022,86
3694,0,5979,2934,3045,0,0,0,1.0,1,1.0,1,1.0,1,0.19023812816753022,86
3695,2,5981,2936,3045,0,0,0,1.0,1,1.0,1,1.0,1,0.2323640191587546,86
3696,2,5983,2936,3047,0,0,0,1.0,1,1.0,1,1.0,1,0.19947423594395447,87
3697,0,5983,2936,3047,0,0,0,1.0,1,1.0,1,1.0,1,0.18704165525675542,85
3698,1,5984,2937,3047,0,0,0,1.0,1,1.0,1,1.0,1,0.1887137702057696,85
3699,1,5985,2938,3047,0,0,0,1.0,1,1.0,1,1.0,1,0.1925955942658587,85
3700,2,5987,2940,3047,0,0,0,1.0,1,1.0,1,1.0,1,0.2037487734438877,84
3701,4,5991,2940,3051,0,0,0,1.0,1,1.0,1,1.0,1,0.17322712392592132,85
3702,3,5994,2942,3052,0,0,0,1.0,1,1.0,1,1.0,1,0.18649830194771866,85
3703,0,5994,2942,3052,0,0,0,1.0,1,1.0,1,1.0,1,0.18649830194771866,85
3704,3,5997,2944,3053,0,0,0,1.0,1,1.0,1,1.0,1,0.21958112014293918,85
3705,0,5997,2944,3053,0,0,0,1.0,1,1.0,1,1.0,1,0.20835767957591947,86
3706,3,6000,2945,3055,0,0,0,1.0,1,1.0,1,1.0,1,0.20996265373598652,86
3707,1,6001,2945,3056,0,0,0,1.0,1,1.0,1,1.0,1,0.19442587939945338,85
3708,1,6002,2945,3057,0,0,0,1.0,1,1.0,1,1.0,1,0.1697275028711952,84
3709,0,6002,2945,3057,0,0,0,1.0,1,1.0,1,1.0,1,0.1751743970114006,85
3710,0,6002,2945,3057,0,0,0,1.0,1,1.0,1,1.0,1,0.16637297809358592,84
3711,2,6004,2945,3059,0,0,0,1.0,1,1.0,1,1.0,1,0.15944444120034626,85
3712,0,6004,2945,3059,0,0,0,1.0,1,1.0,1,1.0,1,0.15944444120034626,85
3713,0,6004,2945,3059,0,0,0,1.0,1,1.0,1,1.0,1,0.15944444120034626,85
3714,1,6005,2946,3059,0,0,0,1.0,1,1.0,1,1.0,1,0.18514070277935032,85
3715,1,6006,2947,3059,0,0,0,1.0,1,1.0,1,1.0,1,0.18320703837879113,85
3716,1,6007,2947,3060,0,0,0,1.0,1,1.0,1,1.0,1,0.18622656521833852,84
3717,1,6008,2947,3061,0,0,0,1.0,1,1.0,1,1.0,1,0.18847292286566772,86
3718,0,6008,2947,3061,0,0,0,1.0,1,1.0,1,1.0,1,0.19998645678594248,85
3719,4,6012,2949,3063,0,0,0,1.0,1,1.0,1,1.0,1,0.1970746262451253,84
3720,0,6012,2949,3063,0,0,0,1.0,1,1.0,1,1.0,1,0.21807855251339053,84
3721,6,6018,2952,3066,0,0,0,1.0,1,1.0,1,1.0,1,0.2003545315963885,85
3722,2,6020,2952,3068,0,0,0,1.0,1,1.0,1,1.0,1,0.1910090294041729,85
3723,0,6020,2952,3068,0,0,0,1.0,1,1.0,1,1.0,1,0.2088991800668862,85
3724,0,6020,2952,3068,0,0,0,1.0,1,1.0,1,1.0,1,0.20206502568301327,86
3725,2,6022,2954,3068,0,0,0,1.0,1,1.0,1,1.0,1,0.20017431328599516,86
3726,2,6024,2954,3070,0,0,0,1.0,1,1.0,1,1.0,1,0.17867433061114124,86
3727,0,6024,2954,3070,0,0,0,1.0,1,1.0,1,1.0,1,0.17867433061114124,86
3728,0,6024,2954,3070,0,0,0,1.0,1,1.0,1,1.0,1,0.17867433061114124,86
3729,1,6025,2954,3071,0,0,0,1.0,1,1.0,1,1.0,1,0.1751151916124978,86
3730,0,6025,2954,3071,0,0,0,1.0,1,1.0,1,1.0,1,0.1823608206251524,85
3731,2,6027,2954,3073,0,0,0,1.0,1,1.0,1,1.0,1,0.17663744630995654,86
3732,4,6031,2955,3076,0,0,0,1.0,1,1.0,1,1.0,1,0.16535524878540395,87
3733,1,6032,2956,3076,0,0,0,1.0,1,1.0,1,1.0,1,0.1747214038602732,87
3734,0,6032,2956,3076,0,0,0,1.0,1,1.0,1,1.0,1,0.1747214038602732,87
3735,4,6036,2958,3078,0,0,0,1.0,1,1.0,1,1.0,1,0.2039809408269396,86
3736,0,6036,2958,3078,0,0,0,1.0,1,1.0,1,1.0,1,0.19153632278130786,87
3737,3,6039,2959,3080,0,0,0,1.0,1,1.0,1,1.0,1,0.2043090635431879,87
3738,2,6041,2960,3081,0,0,0,1.0,1,1.0,1,1.0,1,0.20708317392524198,87
3739,4,6045,2960,3085,0,0,0,1.0,1,1.0,1,1.0,1,0.17669965527910914,88
3740,1,6046,2961,3085,0,0,0,1.0,1,1.0,1,1.0,1,0.19907920369685525,87
3741,4,6050,2961,3089,0,0,0,1.0,1,1.0,1,1.0,1,0.1706074899080629,87
3742,2,6052,2962,3090,0,0,0,1.0,1,1.0,1,1.0,1,0.1715611754869289,86
3743,1,6053,2963,3090,0,0,0,1.0,1,1.0,1,1.0,1,0.17989019076613139,84
3744,2,6055,2964,3091,0,0,0,1.0,1,1.0,1,1.0,1,0.20945944844651046,83
3745,1,6056,2964,3092,0,0,0,1.0,1,1.0,1,1.0,1,0.19669905902259602,83
3746,4,6060,2965,3095,0,0,0,1.0,1,1.0,1,1.0,1,0.2060285611637557,83
3747,1,6061,2965,3096,0,0,0,1.0,1,1.0,1,1.0,1,0.1957655110547405,81
3748,2,6063,2965,3098,0,0,0,1.0,1,1.0,1,1.0,1,0.19035912426307502,81
3749,0,6063,2965,3098,0,0,0,1.0,1,1.0,1,1.0,1,0.19670035286160353,80
3750,0,6063,2965,3098,0,0,0,1.0,1,1.0,1,1.0,1,0.20588997469721065,79
3751,3,6066,2967,3099,0,0,0,1.0,1,1.0,1,1.0,1,0.21358141264259478,80
3752,2,6068,2969,3099,0,0,0,1.0,1,1.0,1,1.0,1,0.23644292921936683,80
3753,7,6075,2972,3103,0,0,0,1.0,1,1.0,1,1.0,1,0.21230970828953,81
3754,3,6078,2973,3105,0,0,0,1.0,1,1.0,1,1.0,1,0.21858811032567363,81
3755,2,6080,2973,3107,0,0,0,1.0,1,1.0,1,1.0,1,0.21676488841712382,80
3756,5,6085,2975,3110,0,0,0,1.0,1,1.0,1,1.0,1,0.2269233228240414,79
3757,2,6087,2975,3112,0,0,0,1.0,1,1.0,1,1.0,1,0.2245821682612139,80
3758,2,6089,2976,3113,0,0,0,1.0,1,1.0,1,1.0,1,0.2340789803799985,79
3759,0,6089,2976,3113,0,0,0,1.0,1,1.0,1,1.0,1,0.2340789803799985,79
3760,0,6089,2976,3113,0,0,0,1.0,1,1.0,1,1.0,1,0.2340789803799985,79
3761,1,6090,2976,3114,0,0,0,1.0,1,1.0,1,1.0,1,0.2438607983185146,78
3762,1,6091,2976,3115,0,0,0,1.0,1,1.0,1,1.0,1,0.237737211451579,80
3763,0,6091,2976,3115,0,0,0,1.0,1,1.0,1,1.0,1,0.237737211451579,80
3764,5,6096,2978,3118,0,0,0,1.0,1,1.0,1,1.0,1,0.23815723745903633,80
3765,4,6100,2979,3121,0,0,0,1.0,1,1.0,1,1.0,1,0.2262645989846621,81
3766,5,6105,2980,3125,0,0,0,1.0,1,1.0,1,1.0,1,0.21229945169587164,83
3767,2,6107,2980,3127,0,0,0,1.0,1,1.0,1,1.0,1,0.2051607159553553,83
3768,3,6110,2981,3129,0,0,0,1.0,1,1.0,1,1.0,1,0.19497215566167203,84
3769,4,6114,2981,3133,0,0,0,1.0,1,1.0,1,1.0,1,0.1629048920803748,86
3770,0,6114,2981,3133,0,0,0,1.0,1,1.0,1,1.0,1,0.16933727999169182,87
3771,1,6115,2982,3133,0,0,0,1.0,1,1.0,1,1.0,1,0.17103542495643378,87
3772,1,6116,2982,3134,0,0,0,1.0,1,1.0,1,1.0,1,0.17763795844626445,88
3773,0,6116,2982,3134,0,0,0,1.0,1,1.0,1,1.0,1,0.19788444032628866,85
3774,1,6117,2982,3135,0,0,0,1.0,1,1.0,1,1.0,1,0.1903557078585796,85
3775,2,6119,2983,3136,0,0,0,1.0,1,1.0,1,1.0,1,0.22154885099581031,83
3776,3,6122,2984,3138,0,0,0,1.0,1,1.0,1,1.0,1,0.2166009248556285,82
3777,3,6125,2985,3140,0,0,0,1.0,1,1.0,1,1.0,1,0.2024818804841651,81
3778,1,6126,2985,3141,0,0,0,1.0,1,1.0,1,1.0,1,0.19522240297094773,81
3779,2,6128,2987,3141,0,0,0,1.0,1,1.0,1,1.0,1,0.2271468304723797,80
3780,2,6130,2988,3142,0,0,0,1.0,1,1.0,1,1.0,1,0.21628694988282723,80
3781,1,6131,2988,3143,0,0,0,1.0,1,1.0,1,1.0,1,0.20327296747065957,80
3782,2,6133,2989,3144,0,0,0,1.0,1,1.0,1,1.0,1,0.21172065487939334,80
3783,2,6135,2990,3145,0,0,0,1.0,1,1.0,1,1.0,1,0.21023391172026515,80
3784,0,6135,2990,3145,0,0,0,1.0,1,1.0,1,1.0,1,0.21793550266876066,79
3785,0,6135,2990,3145,0,0,0,1.0,1,1.0,1,1.0,1,0.23759246801287282,77
3786,3,6138,2991,3147,0,0,0,1.0,1,1.0,1,1.0,1,0.20098324731268533,78
3787,1,6139,2992,3147,0,0,0,1.0,1,1.0,1,1.0,1,0.19542287417623885,77
3788,0,6139,2992,3147,0,0,0,1.0,1,1.0,1,1.0,1,0.20205033545822143,78
3789,3,6142,2993,3149,0,0,0,1.0,1,1.0,1,1.0,1,0.20119485770365983,77
3790,1,6143,2994,3149,0,0,0,1.0,1,1.0,1,1.0,1,0.21633667486222077,77
3791,3,6146,2995,3151,0,0,0,1.0,1,1.0,1,1.0,1,0.2099625961725277,77
3792,2,6148,2995,3153,0,0,0,1.0,1,1.0,1,1.0,1,0.17205059966681302,78
3793,2,6150,2996,3154,0,0,0,1.0,1,1.0,1,1.0,1,0.1858694913542435,80
3794,2,6152,2997,3155,0,0,0,1.0,1,1.0,1,1.0,1,0.17803441850283255,82
3795,1,6153,2997,3156,0,0,0,1.0,1,1.0,1,1.0,1,0.1831707417858348,83
3796,3,6156,2998,3158,0,0,0,1.0,1,1.0,1,1.0,1,0.17127810725765416,83
3797,0,6156,2998,3158,0,0,0,1.0,1,1.0,1,1.0,1,0.17904423362335292,82
3798,1,6157,2999,3158,0,0,0,1.0,1,1.0,1,1.0,1,0.19818732670742972,82
3799,2,6159,2999,3160,0,0,0,1.0,1,1.0,1,1.0,1,0.18937432548490432,83
3800,3,6162,3000,3162,0,0,0,1.0,1,1.0,1,1.0,1,0.20922136104491973,83
3801,5,6167,3001,3166,0,0,0,1.0,1,1.0,1,1.0,1,0.16460657319541672,83
3802,0,6167,3001,3166,0,0,0,1.0,1,1.0,1,1.0,1,0.18089025175009413,82
3803,0,6167,3001,3166,0,0,0,1.0,1,1.0,1,1.0,1,0.18152373930909263,84
3804,0,6167,3001,3166,0,0,0,1.0,1,1.0,1,1.0,1,0.18152373930909263,84
3805,4,6171,3002,3169,0,0,0,1.0,1,1.0,1,1.0,1,0.19053023651394524,86
3806,4,6175,3003,3172,0,0,0,1.0,1,1.0,1,1.0,1,0.16712648129982258,86
3807,2,6177,3004,3173,0,0,0,1.0,1,1.0,1,1.0,1,0.17877484386499795,86
3808,0,6177,3004,3173,0,0,0,1.0,1,1.0,1,1.0,1,0.1803301711384971,85
3809,1,6178,3005,3173,0,0,0,1.0,1,1.0,1,1.0,1,0.19297750440873498,85
3810,2,6180,3006,3174,0,0,0,1.0,1,1.0,1,1.0,1,0.19417274619692362,85
3811,3,6183,3007,3176,0,0,0,1.0,1,1.0,1,1.0,1,0.19196804492521352,84
3812,0,6183,3007,3176,0,0,0,1.0,1,1.0,1,1.0,1,0.18708018555127684,83
3813,0,6183,3007,3176,0,0,0,1.0,1,1.0,1,1.0,1,0.17621782382881243,82
3814,1,6184,3008,3176,0,0,0,1.0,1,1.0,1,1.0,1,0.17644934612855573,81
3815,2,6186,3008,3178,0,0,0,1.0,1,1.0,1,1.0,1,0.17650346608706455,82
3816,3,6189,3009,3180,0,0,0,1.0,1,1.0,1,1.0,1,0.1701281246898718,81
3817,4,6193,3011,3182,0,0,0,1.0,1,1.0,1,1.0,1,0.1696552492504407,81
3818,2,6195,3013,3182,0,0,0,1.0,1,1.0,1,1.0,1,0.2200158362723897,81
3819,4,6199,3014,3185,0,0,0,1.0,1,1.0,1,1.0,1,0.20862468734896913,82
3820,5,6204,3014,3190,0,0,0,1.0,1,1.0,1,1.0,1,0.18958227183514723,84
3821,1,6205,3014,3191,0,0,0,1.0,1,1.0,1,1.0,1,0.18672752943323742,84
3822,0,6205,3014,3191,0,0,0,1.0,1,1.0,1,1.0,1,0.18249135127280808,82
3823,3,6208,3017,3191,0,0,0,1.0,1,1.0,1,1.0,1,0.18537718513220086,81
3824,2,6210,3018,3192,0,0,0,1.0,1,1.0,1,1.0,1,0.20536107588771293,78
3825,2,6212,3018,3194,0,0,0,1.0,1,1.0,1,1.0,1,0.19860873528437023,76
3826,3,6215,3018,3197,0,0,0,1.0,1,1.0,1,1.0,1,0.1886012387587208,76
3827,2,6217,3018,3199,0,0,0,1.0,1,1.0,1,1.0,1,0.16168992169305774,75
3828,1,6218,3019,3199,0,0,0,1.0,1,1.0,1,1.0,1,0.18566267274580364,74
3829,0,6218,3019,3199,0,0,0,1.0,1,1.0,1,1.0,1,0.2044012763157063,74
3830,1,6219,3020,3199,0,0,0,1.0,1,1.0,1,1.0,1,0.19114163270814194,74
3831,6,6225,3022,3203,0,0,0,1.0,1,1.0,1,1.0,1,0.18443080859197764,74
3832,1,6226,3022,3204,0,0,0,1.0,1,1.0,1,1.0,1,0.1793350911822285,73
3833,4,6230,3025,3205,0,0,0,1.0,1,1.0,1,1.0,1,0.19583764650874688,73
3834,0,6230,3025,3205,0,0,0,1.0,1,1.0,1,1.0,1,0.2021082357790461,74
3835,3,6233,3026,3207,0,0,0,1.0,1,1.0,1,1.0,1,0.2179008599509606,75
3836,2,6235,3026,3209,0,0,0,1.0,1,1.0,1,1.0,1,0.1877516360373929,75
3837,2,6237,3027,3210,0,0,0,1.0,1,1.0,1,1.0,1,0.2133855994166056,78
3838,1,6238,3028,3210,0,0,0,1.0,1,1.0,1,1.0,1,0.21748612727530992,78
3839,3,6241,3028,3213,0,0,0,1.0,1,1.0,1,1.0,1,0.1991747012556394,79
3840,4,6245,3029,3216,0,0,0,1.0,1,1.0,1,1.0,1,0.20348870956882872,82
3841,3,6248,3029,3219,0,0,0,1.0,1,1.0,1,1.0,1,0.1855816285395612,82
3842,0,6248,3029,3219,0,0,0,1.0,1,1.0,1,1.0,1,0.1834805007531113,82
3843,1,6249,3029,3220,0,0,0,1.0,1,1.0,1,1.0,1,0.17423907771214767,82
3844,2,6251,3030,3221,0,0,0,1.0,1,1.0,1,1.0,1,0.17619459628655892,83
3845,0,6251,3030,3221,0,0,0,1.0,1,1.0,1,1.0,1,0.1865414021105595,84
3846,3,6254,3030,3224,0,0,0,1.0,1,1.0,1,1.0,1,0.1614919532172451,85
3847,0,6254,3030,3224,0,0,0,1.0,1,1.0,1,1.0,1,0.17324253914357188,84
3848,1,6255,3031,3224,0,0,0,1.0,1,1.0,1,1.0,1,0.17971159628835648,84
3849,1,6256,3031,3225,0,0,0,1.0,1,1.0,1,1.0,1,0.18409485480507115,83
3850,0,6256,3031,3225,0,0,0,1.0,1,1.0,1,1.0,1,0.20573591967232516,80
3851,5,6261,3031,3230,0,0,0,1.0,1,1.0,1,1.0,1,0.16598241630552193,80
3852,0,6261,3031,3230,0,0,0,1.0,1,1.0,1,1.0,1,0.18490093936846053,79
3853,1,6262,3032,3230,0,0,0,1.0,1,1.0,1,1.0,1,0.1949708232201207,79
3854,1,6263,3033,3230,0,0,0,1.0,1,1.0,1,1.0,1,0.22715292090953237,78
3855,1,6264,3034,3230,0,0,0,1.0,1,1.0,1,1.0,1,0.24753205155998662,78
3856,2,6266,3035,3231,0,0,0,1.0,1,1.0,1,1.0,1,0.25584067138490824,80
3857,3,6269,3036,3233,0,0,0,1.0,1,1.0,1,1.0,1,0.2430398837857468,81
3858,1,6270,3037,3233,0,0,0,1.0,1,1.0,1,1.0,1,0.2516846104785347,81
3859,3,6273,3037,3236,0,0,0,1.0,1,1.0,1,1.0,1,0.23828640479213797,83
3860,1,6274,3038,3236,0,0,0,1.0,1,1.0,1,1.0,1,0.2681476954623601,82
3861,4,6278,3039,3239,0,0,0,1.0,1,1.0,1,1.0,1,0.26972212903862985,84
3862,5,6283,3042,3241,0,0,0,1.0,1,1.0,1,1.0,1,0.2691925095268326,85
3863,1,6284,3042,3242,0,0,0,1.0,1,1.0,1,1.0,1,0.25849301479135794,84
3864,2,6286,3043,3243,0,0,0,1.0,1,1.0,1,1.0,1,0.23325629622483204,83
3865,1,6287,3044,3243,0,0,0,1.0,1,1.0,1,1.0,1,0.23137388633001338,82
3866,1,6288,3044,3244,0,0,0,1.0,1,1.0,1,1.0,1,0.2246852212260088,81
3867,3,6291,3047,3244,0,0,0,1.0,1,1.0,1,1.0,1,0.22710749837118618,81
3868,1,6292,3048,3244,0,0,0,1.0,1,1.0,1,1.0,1,0.2336437799090108,81
3869,3,6295,3050,3245,0,0,0,1.0,1,1.0,1,1.0,1,0.23865161880557192,81
3870,0,6295,3050,3245,0,0,0,1.0,1,1.0,1,1.0,1,0.214081207878931,80
3871,3,6298,3052,3246,0,0,0,1.0,1,1.0,1,1.0,1,0.22650228013248982,82
3872,0,6298,3052,3246,0,0,0,1.0,1,1.0,1,1.0,1,0.21836602530636354,81
3873,0,6298,3052,3246,0,0,0,1.0,1,1.0,1,1.0,1,0.21836602530636354,81
3874,2,6300,3054,3246,0,0,0,1.0,1,1.0,1,1.0,1,0.22794134652900047,78
3875,0,6300,3054,3246,0,0,0,1.0,1,1.0,1,1.0,1,0.22677786454434914,77
3876,5,6305,3055,3250,0,0,0,1.0,1,1.0,1,1.0,1,0.18646095341543822,78
3877,0,6305,3055,3250,0,0,0,1.0,1,1.0,1,1.0,1,0.18901849788415412,75
3878,2,6307,3057,3250,0,0,0,1.0,1,1.0,1,1.0,1,0.20149853401604723,75
3879,0,6307,3057,3250,0,0,0,1.0,1,1.0,1,1.0,1,0.20958807703419055,73
3880,0,6307,3057,3250,0,0,0,1.0,1,1.0,1,1.0,1,0.21380079428038803,74
3881,1,6308,3057,3251,0,0,0,1.0,1,1.0,1,1.0,1,0.2134157431946468,75
3882,4,6312,3057,3255,0,0,0,1.0,1,1.0,1,1.0,1,0.18684076290796992,76
3883,2,6314,3057,3257,0,0,0,1.0,1,1.0,1,1.0,1,0.17376759560921676,77
3884,4,6318,3059,3259,0,0,0,1.0,1,1.0,1,1.0,1,0.1838726379922889,78
3885,0,6318,3059,3259,0,0,0,1.0,1,1.0,1,1.0,1,0.1838726379922889,78
3886,4,6322,3060,3262,0,0,0,1.0,1,1.0,1,1.0,1,0.17748804702012713,79
3887,4,6326,3061,3265,0,0,0,1.0,1,1.0,1,1.0,1,0.16877849156398683,78
3888,7,6333,3062,3271,0,0,0,1.0,1,1.0,1,1.0,1,0.16705953428221373,80
3889,4,6337,3062,3275,0,0,0,1.0,1,1.0,1,1.0,1,0.15193835211999324,82
3890,3,6340,3064,3276,0,0,0,1.0,1,1.0,1,1.0,1,0.1566156151086807,82
3891,4,6344,3067,3277,0,0,0,1.0,1,1.0,1,1.0,1,0.1550721849010772,85
3892,2,6346,3068,3278,0,0,0,1.0,1,1.0,1,1.0,1,0.16287757665992955,87
3893,0,6346,3068,3278,0,0,0,1.0,1,1.0,1,1.0,1,0.15706456613821404,86
3894,0,6346,3068,3278,0,0,0,1.0,1,1.0,1,1.0,1,0.1627029018741833,87
3895,1,6347,3069,3278,0,0,0,1.0,1,1.0,1,1.0,1,0.17362929097842417,87
3896,4,6351,3069,3282,0,0,0,1.0,1,1.0,1,1.0,1,0.1460438257088485,85
3897,2,6353,3071,3282,0,0,0,1.0,1,1.0,1,1.0,1,0.15411077728579575,85
3898,1,6354,3072,3282,0,0,0,1.0,1,1.0,1,1.0,1,0.17694953480941866,86
3899,1,6355,3073,3282,0,0,0,1.0,1,1.0,1,1.0,1,0.1812019456785422,86
3900,0,6355,3073,3282,0,0,0,1.0,1,1.0,1,1.0,1,0.1812019456785422,86
3901,2,6357,3074,3283,0,0,0,1.0,1,1.0,1,1.0,1,0.18545792513561354,86
3902,1,6358,3075,3283,0,0,0,1.0,1,1.0,1,1.0,1,0.18025256427669484,87
3903,3,6361,3077,3284,0,0,0,1.0,1,1.0,1,1.0,1,0.1776274623533062,87
3904,2,6363,3079,3284,0,0,0,1.0,1,1.0,1,1.0,1,0.1974043461404359,85
3905,2,6365,3080,3285,0,0,0,1.0,1,1.0,1,1.0,1,0.1895212912418557,84
3906,7,6372,3082,3290,0,0,0,1.0,1,1.0,1,1.0,1,0.16156012729419417,86
3907,1,6373,3082,3291,0,0,0,1.0,1,1.0,1,1.0,1,0.1530499543953477,84
3908,0,6373,3082,3291,0,0,0,1.0,1,1.0,1,1.0,1,0.1482480124023503,83
3909,2,6375,3082,3293,0,0,0,1.0,1,1.0,1,1.0,1,0.12828374229744804,81
3910,5,6380,3086,3294,0,0,0,1.0,1,1.0,1,1.0,1,0.1664433820097333,82
3911,6,6386,3087,3299,0,0,0,1.0,1,1.0,1,1.0,1,0.10596916494770184,81
3912,1,6387,3087,3300,0,0,0,1.0,1,1.0,1,1.0,1,0.10084406040879584,80
3913,5,6392,3090,3302,0,0,0,1.0,1,1.0,1,1.0,1,0.1276792970277779,80
3914,4,6396,3092,3304,0,0,0,1.0,1,1.0,1,1.0,1,0.11981734788456302,81
3915,2,6398,3094,3304,0,0,0,1.0,1,1.0,1,1.0,1,0.12073294364697136,81
3916,4,6402,3096,3306,0,0,0,1.0,1,1.0,1,1.0,1,0.1377315510442605,81
3917,2,6404,3097,3307,0,0,0,1.0,1,1.0,1,1.0,1,0.14082549286370194,82
3918,4,6408,3099,3309,0,0,0,1.0,1,1.0,1,1.0,1,0.1836340032574165,85
3919,2,6410,3100,3310,0,0,0,1.0,1,1.0,1,1.0,1,0.19271263374331124,85
3920,2,6412,3101,3311,0,0,0,1.0,1,1.0,1,1.0,1,0.1779276840108974,85
3921,5,6417,3102,3315,0,0,0,1.0,1,1.0,1,1.0,1,0.1554189043800262,88
3922,0,6417,3102,3315,0,0,0,1.0,1,1.0,1,1.0,1,0.1554189043800262,88
3923,0,6417,3102,3315,0,0,0,1.0,1,1.0,1,1.0,1,0.14664372874209627,89
3924,1,6418,3102,3316,0,0,0,1.0,1,1.0,1,1.0,1,0.1539112921166802,90
3925,1,6419,3103,3316,0,0,0,1.0,1,1.0,1,1.0,1,0.15178242092848382,88
3926,4,6423,3104,3319,0,0,0,1.0,1,1.0,1,1.0,1,0.12663744529560686,89
3927,1,6424,3104,3320,0,0,0,1.0,1,1.0,1,1.0,1,0.13149582783135416,89
3928,0,6424,3104,3320,0,0,0,1.0,1,1.0,1,1.0,1,0.14671090012859916,88
3929,1,6425,3105,3320,0,0,0,1.0,1,1.0,1,1.0,1,0.15403119599323337,88
3930,0,6425,3105,3320,0,0,0,1.0,1,1.0,1,1.0,1,0.15137398905180424,87
3931,3,6428,3105,3323,0,0,0,1.0,1,1.0,1,1.0,1,0.13902373774202886,86
3932,1,6429,3106,3323,0,0,0,1.0,1,1.0,1,1.0,1,0.15239903088517048,85
3933,2,6431,3107,3324,0,0,0,1.0,1,1.0,1,1.0,1,0.1626305663497326,84
3934,1,6432,3108,3324,0,0,0,1.0,1,1.0,1,1.0,1,0.17036524664946762,85
3935,0,6432,3108,3324,0,0,0,1.0,1,1.0,1,1.0,1,0.1646254608099169,84
3936,1,6433,3108,3325,0,0,0,1.0,1,1.0,1,1.0,1,0.15184901880844826,84
3937,2,6435,3108,3327,0,0,0,1.0,1,1.0,1,1.0,1,0.11794496814200305,82
3938,0,6435,3108,3327,0,0,0,1.0,1,1.0,1,1.0,1,0.11794496814200305,82
3939,0,6435,3108,3327,0,0,0,1.0,1,1.0,1,1.0,1,0.11759135558279378,84
3940,2,6437,3109,3328,0,0,0,1.0,1,1.0,1,1.0,1,0.11182701308984748,84
3941,1,6438,3109,3329,0,0,0,1.0,1,1.0,1,1.0,1,0.0988247686559276,85
3942,4,6442,3112,3330,0,0,0,1.0,1,1.0,1,1.0,1,0.11399977367834449,85
3943,1,6443,3113,3330,0,0,0,1.0,1,1.0,1,1.0,1,0.10971341259959733,84
3944,5,6448,3115,3333,0,0,0,1.0,1,1.0,1,1.0,1,0.13262404275082906,83
3945,1,6449,3116,3333,0,0,0,1.0,1,1.0,1,1.0,1,0.13954838556803517,83
3946,4,6453,3117,3336,0,0,0,1.0,1,1.0,1,1.0,1,0.1327588724422828,83
3947,1,6454,3117,3337,0,0,0,1.0,1,1.0,1,1.0,1,0.1253032931838447,83
3948,1,6455,3118,3337,0,0,0,1.0,1,1.0,1,1.0,1,0.14746312814804566,84
3949,0,6455,3118,3337,0,0,0,1.0,1,1.0,1,1.0,1,0.16324978555307906,84
3950,2,6457,3119,3338,0,0,0,1.0,1,1.0,1,1.0,1,0.1663384210408424,86
3951,3,6460,3119,3341,0,0,0,1.0,1,1.0,1,1.0,1,0.15257463932007787,87
3952,3,6463,3121,3342,0,0,0,1.0,1,1.0,1,1.0,1,0.16335536882115378,86
3953,0,6463,3121,3342,0,0,0,1.0,1,1.0,1,1.0,1,0.17321161796704662,86
3954,1,6464,3121,3343,0,0,0,1.0,1,1.0,1,1.0,1,0.1599744556761891,85
3955,4,6468,3123,3345,0,0,0,1.0,1,1.0,1,1.0,1,0.16446125102004636,85
3956,4,6472,3123,3349,0,0,0,1.0,1,1.0,1,1.0,1,0.1232056498213114,84
3957,0,6472,3123,3349,0,0,0,1.0,1,1.0,1,1.0,1,0.12893631409088907,85
3958,1,6473,3124,3349,0,0,0,1.0,1,1.0,1,1.0,1,0.13550165345819357,84
3959,1,6474,3124,3350,0,0,0,1.0,1,1.0,1,1.0,1,0.13536719119686744,83
3960,2,6476,3125,3351,0,0,0,1.0,1,1.0,1,1.0,1,0.13495642289767304,84
3961,1,6477,3125,3352,0,0,0,1.0,1,1.0,1,1.0,1,0.1348847602799609,83
3962,1,6478,3126,3352,0,0,0,1.0,1,1.0,1,1.0,1,0.13623465949457653,84
3963,0,6478,3126,3352,0,0,0,1.0,1,1.0,1,1.0,1,0.1498198965287292,81
3964,2,6480,3128,3352,0,0,0,1.0,1,1.0,1,1.0,1,0.16327903856330775,81
3965,3,6483,3129,3354,0,0,0,1.0,1,1.0,1,1.0,1,0.15876449047253033,81
3966,4,6487,3131,3356,0,0,0,1.0,1,1.0,1,1.0,1,0.1841396317085917,79
3967,3,6490,3132,3358,0,0,0,1.0,1,1.0,1,1.0,1,0.17497817244014088,81
3968,3,6493,3134,3359,0,0,0,1.0,1,1.0,1,1.0,1,0.15062595989745492,79
3969,3,6496,3137,3359,0,0,0,1.0,1,1.0,1,1.0,1,0.17819369469399995,79
3970,3,6499,3139,3360,0,0,0,1.0,1,1.0,1,1.0,1,0.17936958367728414,78
3971,1,6500,3139,3361,0,0,0,1.0,1,1.0,1,1.0,1,0.17248053471532912,77
3972,1,6501,3140,3361,0,0,0,1.0,1,1.0,1,1.0,1,0.17540778004688987,78
3973,0,6501,3140,3361,0,0,0,1.0,1,1.0,1,1.0,1,0.17546666188218854,77
3974,1,6502,3141,3361,0,0,0,1.0,1,1.0,1,1.0,1,0.17529850648939638,77
3975,1,6503,3142,3361,0,0,0,1.0,1,1.0,1,1.0,1,0.19986373805888422,76
3976,1,6504,3142,3362,0,0,0,1.0,1,1.0,1,1.0,1,0.19232415035463968,77
3977,0,6504,3142,3362,0,0,0,1.0,1,1.0,1,1.0,1,0.19684814396739891,78
3978,2,6506,3142,3364,0,0,0,1.0,1,1.0,1,1.0,1,0.18430714293142633,79
3979,0,6506,3142,3364,0,0,0,1.0,1,1.0,1,1.0,1,0.18430714293142633,79
3980,0,6506,3142,3364,0,0,0,1.0,1,1.0,1,1.0,1,0.18430714293142633,79
3981,3,6509,3144,3365,0,0,0,1.0,1,1.0,1,1.0,1,0.2108927503827486,83
3982,2,6511,3145,3366,0,0,0,1.0,1,1.0,1,1.0,1,0.20112998521532943,83
3983,2,6513,3146,3367,0,0,0,1.0,1,1.0,1,1.0,1,0.18733259138305572,82
3984,2,6515,3147,3368,0,0,0,1.0,1,1.0,1,1.0,1,0.19139745810515058,83
3985,1,6516,3148,3368,0,0,0,1.0,1,1.0,1,1.0,1,0.20327420987460357,84
3986,8,6524,3152,3372,0,0,0,1.0,1,1.0,1,1.0,1,0.19546549732296575,83
3987,1,6525,3153,3372,0,0,0,1.0,1,1.0,1,1.0,1,0.20196300544148835,82
3988,2,6527,3153,3374,0,0,0,1.0,1,1.0,1,1.0,1,0.19526312733011386,83
3989,0,6527,3153,3374,0,0,0,1.0,1,1.0,1,1.0,1,0.20658384319037001,81
3990,1,6528,3153,3375,0,0,0,1.0,1,1.0,1,1.0,1,0.20234261244145907,81
3991,4,6532,3155,3377,0,0,0,1.0,1,1.0,1,1.0,1,0.19949955934238126,79
3992,3,6535,3156,3379,0,0,0,1.0,1,1.0,1,1.0,1,0.1774836284163111,81
3993,1,6536,3156,3380,0,0,0,1.0,1,1.0,1,1.0,1,0.17592860301307384,80
3994,0,6536,3156,3380,0,0,0,1.0,1,1.0,1,1.0,1,0.17592860301307384,80
3995,2,6538,3158,3380,0,0,0,1.0,1,1.0,1,1.0,1,0.18599683823998048,81
3996,4,6542,3158,3384,0,0,0,1.0,1,1.0,1,1.0,1,0.17174998454224988,80
3997,1,6543,3159,3384,0,0,0,1.0,1,1.0,1,1.0,1,0.1756329908254234,81
3998,2,6545,3160,3385,0,0,0,1.0,1,1.0,1,1.0,1,0.16720357567500105,82
3999,4,6549,3161,3388,0,0,0,1.0,1,1.0,1,1.0,1,0.14612397887734974,82
4000,2,6551,3163,3388,0,0,0,1.0,1,1.0,1,1.0,1,0.16499678276497223,82
4001,4,6555,3163,3392,0,0,0,1.0,1,1.0,1,1.0,1,0.14199024385841458,81
4002,3,6558,3165,3393,0,0,0,1.0,1,1.0,1,1.0,1,0.16718207558485104,81
4003,2,6560,3166,3394,0,0,0,1.0,1,1.0,1,1.0,1,0.16165375760789405,81
4004,2,6562,3168,3394,0,0,0,1.0,1,1.0,1,1.0,1,0.18094404760585722,80
4005,2,6564,3170,3394,0,0,0,1.0,1,1.0,1,1.0,1,0.20468844980660755,78
4006,3,6567,3171,3396,0,0,0,1.0,1,1.0,1,1.0,1,0.17683214132055514,76
4007,2,6569,3172,3397,0,0,0,1.0,1,1.0,1,1.0,1,0.1818375939890334,75
4008,3,6572,3174,3398,0,0,0,1.0,1,1.0,1,1.0,1,0.19045517283654012,74
4009,3,6575,3176,3399,0,0,0,1.0,1,1.0,1,1.0,1,0.20616597163262784,75
4010,0,6575,3176,3399,0,0,0,1.0,1,1.0,1,1.0,1,0.22684548180734063,75
4011,2,6577,3178,3399,0,0,0,1.0,1,1.0,1,1.0,1,0.21527381364407416,74
4012,3,6580,3179,3401,0,0,0,1.0,1,1.0,1,1.0,1,0.2058741842000368,74
4013,1,6581,3180,3401,0,0,0,1.0,1,1.0,1,1.0,1,0.20117776977594387,74
4014,1,6582,3180,3402,0,0,0,1.0,1,1.0,1,1.0,1,0.20947066345901869,73
4015,1,6583,3180,3403,0,0,0,1.0,1,1.0,1,1.0,1,0.21434238225301105,74
4016,1,6584,3181,3403,0,0,0,1.0,1,1.0,1,1.0,1,0.22785994290077122,74
4017,4,6588,3182,3406,0,0,0,1.0,1,1.0,1,1.0,1,0.20779611776655793,78
4018,0,6588,3182,3406,0,0,0,1.0,1,1.0,1,1.0,1,0.2168449421831491,78
4019,0,6588,3182,3406,0,0,0,1.0,1,1.0,1,1.0,1,0.2168449421831491,78
4020,0,6588,3182,3406,0,0,0,1.0,1,1.0,1,1.0,1,0.2168449421831491,78
4021,1,6589,3183,3406,0,0,0,1.0,1,1.0,1,1.0,1,0.21823142783784866,78
4022,4,6593,3185,3408,0,0,0,1.0,1,1.0,1,1.0,1,0.21451504361935367,79
4023,0,6593,3185,3408,0,0,0,1.0,1,1.0,1,1.0,1,0.21106133434685265,78
4024,1,6594,3186,3408,0,0,0,1.0,1,1.0,1,1.0,1,0.21022193719435178,77
4025,0,6594,3186,3408,0,0,0,1.0,1,1.0,1,1.0,1,0.2169460017237565,76
4026,2,6596,3187,3409,0,0,0,1.0,1,1.0,1,1.0,1,0.20331652764801725,76
4027,3,6599,3189,3410,0,0,0,1.0,1,1.0,1,1.0,1,0.19727428371073472,75
4028,2,6601,3190,3411,0,0,0,1.0,1,1.0,1,1.0,1,0.1995861081454067,76
4029,2,6603,3192,3411,0,0,0,1.0,1,1.0,1,1.0,1,0.2181493199515,75
4030,1,6604,3193,3411,0,0,0,1.0,1,1.0,1,1.0,1,0.2258047186714301,74
4031,8,6612,3194,3418,0,0,0,1.0,1,1.0,1,1.0,1,0.1849314051628457,73
4032,2,6614,3194,3420,0,0,0,1.0,1,1.0,1,1.0,1,0.14570911159479305,71
4033,0,6614,3194,3420,0,0,0,1.0,1,1.0,1,1.0,1,0.1478959105566823,73
4034,2,6616,3196,3420,0,0,0,1.0,1,1.0,1,1.0,1,0.14305480619184807,72
4035,1,6617,3197,3420,0,0,0,1.0,1,1.0,1,1.0,1,0.15876349584441307,71
4036,3,6620,3199,3421,0,0,0,1.0,1,1.0,1,1.0,1,0.15474968784991275,71
4037,1,6621,3200,3421,0,0,0,1.0,1,1.0,1,1.0,1,0.17643695427796274,70
4038,1,6622,3201,3421,0,0,0,1.0,1,1.0,1,1.0,1,0.18972704843895066,69
4039,1,6623,3202,3421,0,0,0,1.0,1,1.0,1,1.0,1,0.23817985801184893,68
4040,5,6628,3204,3424,0,0,0,1.0,1,1.0,1,1.0,1,0.2728149120605493,69
4041,2,6630,3204,3426,0,0,0,1.0,1,1.0,1,1.0,1,0.26013093223401285,67
4042,0,6630,3204,3426,0,0,0,1.0,1,1.0,1,1.0,1,0.2911413209651805,67
4043,1,6631,3205,3426,0,0,0,1.0,1,1.0,1,1.0,1,0.33017408967933093,66
4044,2,6633,3207,3426,0,0,0,1.0,1,1.0,1,1.0,1,0.33756600505788914,65
4045,0,6633,3207,3426,0,0,0,1.0,1,1.0,1,1.0,1,0.34138129144806656,66
4046,6,6639,3207,3432,0,0,0,1.0,1,1.0,1,1.0,1,0.3054230083269789,68
4047,0,6639,3207,3432,0,0,0,1.0,1,1.0,1,1.0,1,0.3054230083269789,68
4048,0,6639,3207,3432,0,0,0,1.0,1,1.0,1,1.0,1,0.30451033623164947,69
4049,0,6639,3207,3432,0,0,0,1.0,1,1.0,1,1.0,1,0.30451033623164947,69
4050,2,6641,3207,3434,0,0,0,1.0,1,1.0,1,1.0,1,0.30319312043063623,69
4051,0,6641,3207,3434,0,0,0,1.0,1,1.0,1,1.0,1,0.30319312043063623,69
4052,1,6642,3207,3435,0,0,0,1.0,1,1.0,1,1.0,1,0.28477501582743137,69
4053,1,6643,3207,3436,0,0,0,1.0,1,1.0,1,1.0,1,0.2705722638137641,69
4054,0,6643,3207,3436,0,0,0,1.0,1,1.0,1,1.0,1,0.2668800997593044,70
4055,1,6644,3207,3437,0,0,0,1.0,1,1.0,1,1.0,1,0.24937717290368386,70
4056,1,6645,3207,3438,0,0,0,1.0,1,1.0,1,1.0,1,0.2414761096262019,70
4057,1,6646,3207,3439,0,0,0,1.0,1,1.0,1,1.0,1,0.2374920034092239,71
4058,2,6648,3209,3439,0,0,0,1.0,1,1.0,1,1.0,1,0.25184850186654895,71
4059,4,6652,3210,3442,0,0,0,1.0,1,1.0,1,1.0,1,0.2321344928465377,72
4060,0,6652,3210,3442,0,0,0,1.0,1,1.0,1,1.0,1,0.24168504295430301,71
4061,3,6655,3211,3444,0,0,0,1.0,1,1.0,1,1.0,1,0.23554292118962028,72
4062,2,6657,3212,3445,0,0,0,1.0,1,1.0,1,1.0,1,0.23134050497431433,72
4063,2,6659,3213,3446,0,0,0,1.0,1,1.0,1,1.0,1,0.23341776474258707,72
4064,5,6664,3216,3448,0,0,0,1.0,1,1.0,1,1.0,1,0.21804420705350117,71
4065,4,6668,3219,3449,0,0,0,1.0,1,1.0,1,1.0,1,0.21719347922078114,70
4066,5,6673,3221,3452,0,0,0,1.0,1,1.0,1,1.0,1,0.20935268931087012,70
4067,2,6675,3222,3453,0,0,0,1.0,1,1.0,1,1.0,1,0.19655301955600787,68
4068,4,6679,3224,3455,0,0,0,1.0,1,1.0,1,1.0,1,0.21026981032453435,70
4069,3,6682,3225,3457,0,0,0,1.0,1,1.0,1,1.0,1,0.1886396024337159,68
4070,2,6684,3226,3458,0,0,0,1.0,1,1.0,1,1.0,1,0.17050410243006484,67
4071,3,6687,3227,3460,0,0,0,1.0,1,1.0,1,1.0,1,0.17519856314258625,68
4072,4,6691,3230,3461,0,0,0,1.0,1,1.0,1,1.0,1,0.16249494628327463,70
4073,3,6694,3231,3463,0,0,0,1.0,1,1.0,1,1.0,1,0.13581333746891347,70
4074,4,6698,3235,3463,0,0,0,1.0,1,1.0,1,1.0,1,0.20388483131325008,71
4075,7,6705,3239,3466,0,0,0,1.0,1,1.0,1,1.0,1,0.22069406241266212,72
4076,9,6714,3242,3472,0,0,0,1.0,1,1.0,1,1.0,1,0.19416477606858698,73
4077,3,6717,3243,3474,0,0,0,1.0,1,1.0,1,1.0,1,0.1984944806248724,72
4078,4,6721,3246,3475,0,0,0,1.0,1,1.0,1,1.0,1,0.24822910553235827,71
4079,2,6723,3246,3477,0,0,0,1.0,1,1.0,1,1.0,1,0.24802718568300258,69
4080,1,6724,3247,3477,0,0,0,1.0,1,1.0,1,1.0,1,0.24812597192312438,67
4081,3,6727,3247,3480,0,0,0,1.0,1,1.0,1,1.0,1,0.21313232762272585,66
4082,0,6727,3247,3480,0,0,0,1.0,1,1.0,1,1.0,1,0.22150798098460336,65
4083,3,6730,3249,3481,0,0,0,1.0,1,1.0,1,1.0,1,0.23546545041899952,64
4084,3,6733,3251,3482,0,0,0,1.0,1,1.0,1,1.0,1,0.2554577958853639,64
4085,1,6734,3251,3483,0,0,0,1.0,1,1.0,1,1.0,1,0.2317352965830635,65
4086,5,6739,3252,3487,0,0,0,1.0,1,1.0,1,1.0,1,0.19190757129925912,66
4087,1,6740,3253,3487,0,0,0,1.0,1,1.0,1,1.0,1,0.19252321832277408,66
4088,2,6742,3253,3489,0,0,0,1.0,1,1.0,1,1.0,1,0.20062709655283786,65
4089,0,6742,3253,3489,0,0,0,1.0,1,1.0,1,1.0,1,0.20062709655283786,65
4090,0,6742,3253,3489,0,0,0,1.0,1,1.0,1,1.0,1,0.214699340482184,65
4091,3,6745,3253,3492,0,0,0,1.0,1,1.0,1,1.0,1,0.18295872444320915,65
4092,2,6747,3253,3494,0,0,0,1.0,1,1.0,1,1.0,1,0.1632154192388347,64
4093,0,6747,3253,3494,0,0,0,1.0,1,1.0,1,1.0,1,0.1621823877878639,66
4094,1,6748,3254,3494,0,0,0,1.0,1,1.0,1,1.0,1,0.18446969235759728,65
4095,2,6750,3255,3495,0,0,0,1.0,1,1.0,1,1.0,1,0.18146872395007954,65
4096,1,6751,3256,3495,0,0,0,1.0,1,1.0,1,1.0,1,0.17909881747467152,67
4097,5,6756,3258,3498,0,0,0,1.0,1,1.0,1,1.0,1,0.16114437176558896,67
4098,2,6758,3259,3499,0,0,0,1.0,1,1.0,1,1.0,1,0.1755568175092735,68
4099,1,6759,3259,3500,0,0,0,1.0,1,1.0,1,1.0,1,0.17862977707943947,69
4100,1,6760,3260,3500,0,0,0,1.0,1,1.0,1,1.0,1,0.17974638563745837,70
4101,5,6765,3261,3504,0,0,0,1.0,1,1.0,1,1.0,1,0.14989982063744892,71
4102,3,6768,3263,3505,0,0,0,1.0,1,1.0,1,1.0,1,0.15040083193811962,71
4103,2,6770,3264,3506,0,0,0,1.0,1,1.0,1,1.0,1,0.14992776125915708,71
4104,2,6772,3266,3506,0,0,0,1.0,1,1.0,1,1.0,1,0.1678259594110396,69
4105,0,6772,3266,3506,0,0,0,1.0,1,1.0,1,1.0,1,0.18592275664953645,67
4106,1,6773,3266,3507,0,0,0,1.0,1,1.0,1,1.0,1,0.18766995205409023,68
4107,4,6777,3266,3511,0,0,0,1.0,1,1.0,1,1.0,1,0.15252232098371735,70
4108,1,6778,3266,3512,0,0,0,1.0,1,1.0,1,1.0,1,0.13863152740335202,70
4109,0,6778,3266,3512,0,0,0,1.0,1,1.0,1,1.0,1,0.14858516205468655,69
4110,1,6779,3267,3512,0,0,0,1.0,1,1.0,1,1.0,1,0.13081787827119118,71
4111,1,6780,3267,3513,0,0,0,1.0,1,1.0,1,1.0,1,0.11834958959574592,70
4112,2,6782,3267,3515,0,0,0,1.0,1,1.0,1,1.0,1,0.09950459142817533,72
4113,0,6782,3267,3515,0,0,0,1.0,1,1.0,1,1.0,1,0.09950459142817533,72
4114,4,6786,3270,3516,0,0,0,1.0,1,1.0,1,1.0,1,0.1607992387797394,72
4115,1,6787,3271,3516,0,0,0,1.0,1,1.0,1,1.0,1,0.16337709818173526,70
4116,4,6791,3272,3519,0,0,0,1.0,1,1.0,1,1.0,1,0.1680717836676866,67
4117,1,6792,3273,3519,0,0,0,1.0,1,1.0,1,1.0,1,0.20393876642452619,67
4118,1,6793,3273,3520,0,0,0,1.0,1,1.0,1,1.0,1,0.21009248688806698,66
4119,3,6796,3274,3522,0,0,0,1.0,1,1.0,1,1.0,1,0.2238421392310596,67
4120,0,6796,3274,3522,0,0,0,1.0,1,1.0,1,1.0,1,0.23532067013438585,64
4121,5,6801,3275,3526,0,0,0,1.0,1,1.0,1,1.0,1,0.2145014001626192,63
4122,3,6804,3278,3526,0,0,0,1.0,1,1.0,1,1.0,1,0.2358793630932122,63
4123,3,6807,3280,3527,0,0,0,1.0,1,1.0,1,1.0,1,0.23859768425214775,61
4124,3,6810,3282,3528,0,0,0,1.0,1,1.0,1,1.0,1,0.24790041037265026,62
4125,1,6811,3283,3528,0,0,0,1.0,1,1.0,1,1.0,1,0.25612108732820454,60
4126,3,6814,3284,3530,0,0,0,1.0,1,1.0,1,1.0,1,0.22546050907620302,59
4127,3,6817,3286,3531,0,0,0,1.0,1,1.0,1,1.0,1,0.23199765022034025,60
4128,0,6817,3286,3531,0,0,0,1.0,1,1.0,1,1.0,1,0.23199765022034025,60
4129,1,6818,3286,3532,0,0,0,1.0,1,1.0,1,1.0,1,0.22585111666249708,60
4130,2,6820,3288,3532,0,0,0,1.0,1,1.0,1,1.0,1,0.22477613531741414,61
4131,1,6821,3288,3533,0,0,0,1.0,1,1.0,1,1.0,1,0.21459082246646535,60
4132,4,6825,3291,3534,0,0,0,1.0,1,1.0,1,1.0,1,0.20206035379821316,60
4133,2,6827,3292,3535,0,0,0,1.0,1,1.0,1,1.0,1,0.2369084704438006,62
4134,4,6831,3293,3538,0,0,0,1.0,1,1.0,1,1.0,1,0.21758034962853584,63
4135,6,6837,3295,3542,0,0,0,1.0,1,1.0,1,1.0,1,0.2068959925975065,65
4136,1,6838,3295,3543,0,0,0,1.0,1,1.0,1,1.0,1,0.193329746314521,65
4137,1,6839,3296,3543,0,0,0,1.0,1,1.0,1,1.0,1,0.19546493506355234,66
4138,1,6840,3297,3543,0,0,0,1.0,1,1.0,1,1.0,1,0.20245398592231628,67
4139,0,6840,3297,3543,0,0,0,1.0,1,1.0,1,1.0,1,0.20245398592231628,67
4140,0,6840,3297,3543,0,0,0,1.0,1,1.0,1,1.0,1,0.18957500596773008,66
4141,1,6841,3298,3543,0,0,0,1.0,1,1.0,1,1.0,1,0.2058855594572015,67
4142,0,6841,3298,3543,0,0,0,1.0,1,1.0,1,1.0,1,0.2058855594572015,67
4143,2,6843,3299,3544,0,0,0,1.0,1,1.0,1,1.0,1,0.1914253554810294,66
4144,1,6844,3300,3544,0,0,0,1.0,1,1.0,1,1.0,1,0.20644153479758737,64
4145,4,6848,3303,3545,0,0,0,1.0,1,1.0,1,1.0,1,0.2319544760736069,63
4146,5,6853,3304,3549,0,0,0,1.0,1,1.0,1,1.0,1,0.2003011924535486,62
4147,0,6853,3304,3549,0,0,0,1.0,1,1.0,1,1.0,1,0.20725655889131994,60
4148,2,6855,3305,3550,0,0,0,1.0,1,1.0,1,1.0,1,0.20767174521285986,62
4149,1,6856,3306,3550,0,0,0,1.0,1,1.0,1,1.0,1,0.21396532459351766,61
4150,3,6859,3308,3551,0,0,0,1.0,1,1.0,1,1.0,1,0.1964420347374869,60
4151,3,6862,3308,3554,0,0,0,1.0,1,1.0,1,1.0,1,0.1761558186763664,60
4152,2,6864,3309,3555,0,0,0,1.0,1,1.0,1,1.0,1,0.19218134775944945,60
4153,0,6864,3309,3555,0,0,0,1.0,1,1.0,1,1.0,1,0.2158526613188805,58
4154,1,6865,3309,3556,0,0,0,1.0,1,1.0,1,1.0,1,0.2350231656254417,57
4155,2,6867,3311,3556,0,0,0,1.0,1,1.0,1,1.0,1,0.23377106966749212,57
4156,7,6874,3313,3561,0,0,0,1.0,1,1.0,1,1.0,1,0.2037487837342704,58
4157,0,6874,3313,3561,0,0,0,1.0,1,1.0,1,1.0,1,0.2034026214749012,57
4158,0,6874,3313,3561,0,0,0,1.0,1,1.0,1,1.0,1,0.23448839755319878,55
4159,0,6874,3313,3561,0,0,0,1.0,1,1.0,1,1.0,1,0.2411046888939444,57
4160,1,6875,3314,3561,0,0,0,1.0,1,1.0,1,1.0,1,0.24449509602328412,58
4161,4,6879,3314,3565,0,0,0,1.0,1,1.0,1,1.0,1,0.19257780335024552,58
4162,0,6879,3314,3565,0,0,0,1.0,1,1.0,1,1.0,1,0.2013493470199233,57
4163,1,6880,3315,3565,0,0,0,1.0,1,1.0,1,1.0,1,0.23302769198875814,58
4164,4,6884,3318,3566,0,0,0,1.0,1,1.0,1,1.0,1,0.28672706219375893,56
4165,4,6888,3319,3569,0,0,0,1.0,1,1.0,1,1.0,1,0.2936804706297196,58
4166,3,6891,3319,3572,0,0,0,1.0,1,1.0,1,1.0,1,0.251290309848281,57
4167,2,6893,3319,3574,0,0,0,1.0,1,1.0,1,1.0,1,0.2569431686182396,57
4168,0,6893,3319,3574,0,0,0,1.0,1,1.0,1,1.0,1,0.2530044174344478,58
4169,1,6894,3320,3574,0,0,0,1.0,1,1.0,1,1.0,1,0.24976541394816412,58
4170,1,6895,3321,3574,0,0,0,1.0,1,1.0,1,1.0,1,0.2732539644637714,58
4171,1,6896,3321,3575,0,0,0,1.0,1,1.0,1,1.0,1,0.2834653280361783,57
4172,1,6897,3321,3576,0,0,0,1.0,1,1.0,1,1.0,1,0.27431196385530665,57
4173,0,6897,3321,3576,0,0,0,1.0,1,1.0,1,1.0,1,0.2915707594893382,56
4174,1,6898,3321,3577,0,0,0,1.0,1,1.0,1,1.0,1,0.28486996620124366,56
4175,2,6900,3321,3579,0,0,0,1.0,1,1.0,1,1.0,1,0.2654748812871336,55
4176,1,6901,3321,3580,0,0,0,1.0,1,1.0,1,1.0,1,0.2763371599103893,57
4177,2,6903,3322,3581,0,0,0,1.0,1,1.0,1,1.0,1,0.2835329170813257,58
4178,3,6906,3324,3582,0,0,0,1.0,1,1.0,1,1.0,1,0.2918623511116075,60
4179,4,6910,3325,3585,0,0,0,1.0,1,1.0,1,1.0,1,0.24627699083022922,61
4180,0,6910,3325,3585,0,0,0,1.0,1,1.0,1,1.0,1,0.24112146066545023,62
4181,1,6911,3325,3586,0,0,0,1.0,1,1.0,1,1.0,1,0.2298339510900735,63
4182,1,6912,3326,3586,0,0,0,1.0,1,1.0,1,1.0,1,0.24843385078252006,63
4183,2,6914,3328,3586,0,0,0,1.0,1,1.0,1,1.0,1,0.2331945865827352,63
4184,3,6917,3330,3587,0,0,0,1.0,1,1.0,1,1.0,1,0.22851756422291675,63
4185,0,6917,3330,3587,0,0,0,1.0,1,1.0,1,1.0,1,0.2381510554864369,61
4186,5,6922,3333,3589,0,0,0,1.0,1,1.0,1,1.0,1,0.1954382579694755,62
4187,2,6924,3334,3590,0,0,0,1.0,1,1.0,1,1.0,1,0.2035318613223787,60
4188,2,6926,3335,3591,0,0,0,1.0,1,1.0,1,1.0,1,0.19133547419966085,60
4189,1,6927,3335,3592,0,0,0,1.0,1,1.0,1,1.0,1,0.17847282678041276,60
4190,1,6928,3335,3593,0,0,0,1.0,1,1.0,1,1.0,1,0.16112585621232559,61
4191,1,6929,3336,3593,0,0,0,1.0,1,1.0,1,1.0,1,0.16983174994406922,59
4192,1,6930,3337,3593,0,0,0,1.0,1,1.0,1,1.0,1,0.19352204087672345,58
4193,2,6932,3339,3593,0,0,0,1.0,1,1.0,1,1.0,1,0.20303145721980473,57
4194,1,6933,3340,3593,0,0,0,1.0,1,1.0,1,1.0,1,0.23686987415634161,54
4195,1,6934,3340,3594,0,0,0,1.0,1,1.0,1,1.0,1,0.2237368625921736,55
4196,1,6935,3341,3594,0,0,0,1.0,1,1.0,1,1.0,1,0.25733650767361055,56
4197,2,6937,3342,3595,0,0,0,1.0,1,1.0,1,1.0,1,0.26442873860134275,55
4198,4,6941,3343,3598,0,0,0,1.0,1,1.0,1,1.0,1,0.26332224582251085,56
4199,1,6942,3344,3598,0,0,0,1.0,1,1.0,1,1.0,1,0.29571961180952266,55
4200,0,6942,3344,3598,0,0,0,1.0,1,1.0,1,1.0,1,0.29573780062824717,55
4201,1,6943,3344,3599,0,0,0,1.0,1,1.0,1,1.0,1,0.27249411768878806,56
4202,0,6943,3344,3599,0,0,0,1.0,1,1.0,1,1.0,1,0.27249411768878806,56
4203,0,6943,3344,3599,0,0,0,1.0,1,1.0,1,1.0,1,0.2824906225775001,57
4204,1,6944,3345,3599,0,0,0,1.0,1,1.0,1,1.0,1,0.27942088223562195,57
4205,3,6947,3345,3602,0,0,0,1.0,1,1.0,1,1.0,1,0.24420574997151992,58
4206,2,6949,3347,3602,0,0,0,1.0,1,1.0,1,1.0,1,0.2371123973634427,58
4207,2,6951,3349,3602,0,0,0,1.0,1,1.0,1,1.0,1,0.2391409189280236,58
4208,2,6953,3350,3603,0,0,0,1.0,1,1.0,1,1.0,1,0.2408294473805827,60
4209,2,6955,3352,3603,0,0,0,1.0,1,1.0,1,1.0,1,0.27076121052867547,61
4210,1,6956,3352,3604,0,0,0,1.0,1,1.0,1,1.0,1,0.2372669454899173,62
4211,5,6961,3353,3608,0,0,0,1.0,1,1.0,1,1.0,1,0.1850870684344891,63
4212,0,6961,3353,3608,0,0,0,1.0,1,1.0,1,1.0,1,0.1927326992076064,64
4213,0,6961,3353,3608,0,0,0,1.0,1,1.0,1,1.0,1,0.20177647814040955,65
4214,0,6961,3353,3608,0,0,0,1.0,1,1.0,1,1.0,1,0.20312242200374575,65
4215,0,6961,3353,3608,0,0,0,1.0,1,1.0,1,1.0,1,0.20312242200374575,65
4216,2,6963,3353,3610,0,0,0,1.0,1,1.0,1,1.0,1,0.19442057369675722,64
4217,1,6964,3354,3610,0,0,0,1.0,1,1.0,1,1.0,1,0.19742669958657025,65
4218,1,6965,3354,3611,0,0,0,1.0,1,1.0,1,1.0,1,0.18389373051601507,65
4219,1,6966,3355,3611,0,0,0,1.0,1,1.0,1,1.0,1,0.20355677609933057,65
4220,0,6966,3355,3611,0,0,0,1.0,1,1.0,1,1.0,1,0.20355677609933057,65
4221,2,6968,3357,3611,0,0,0,1.0,1,1.0,1,1.0,1,0.23520651778179508,67
4222,0,6968,3357,3611,0,0,0,1.0,1,1.0,1,1.0,1,0.2337175823334601,68
4223,3,6971,3359,3612,0,0,0,1.0,1,1.0,1,1.0,1,0.2517026075592991,68
4224,0,6971,3359,3612,0,0,0,1.0,1,1.0,1,1.0,1,0.2518997010783988,68
4225,0,6971,3359,3612,0,0,0,1.0,1,1.0,1,1.0,1,0.24087707045971712,66
4226,2,6973,3359,3614,0,0,0,1.0,1,1.0,1,1.0,1,0.2198211127815993,66
4227,1,6974,3360,3614,0,0,0,1.0,1,1.0,1,1.0,1,0.23683803759368824,66
4228,0,6974,3360,3614,0,0,0,1.0,1,1.0,1,1.0,1,0.23108207991336951,65
4229,1,6975,3361,3614,0,0,0,1.0,1,1.0,1,1.0,1,0.2612434197130067,65
4230,1,6976,3362,3614,0,0,0,1.0,1,1.0,1,1.0,1,0.275343972913273,64
4231,3,6979,3363,3616,0,0,0,1.0,1,1.0,1,1.0,1,0.26809105618853846,64
4232,2,6981,3363,3618,0,0,0,1.0,1,1.0,1,1.0,1,0.2356137958528146,65
4233,0,6981,3363,3618,0,0,0,1.0,1,1.0,1,1.0,1,0.2320028549688981,64
4234,2,6983,3364,3619,0,0,0,1.0,1,1.0,1,1.0,1,0.20798786267223637,63
4235,2,6985,3366,3619,0,0,0,1.0,1,1.0,1,1.0,1,0.2142828021264229,63
4236,3,6988,3366,3622,0,0,0,1.0,1,1.0,1,1.0,1,0.18429531217582454,63
4237,3,6991,3368,3623,0,0,0,1.0,1,1.0,1,1.0,1,0.20465537486443242,65
4238,1,6992,3368,3624,0,0,0,1.0,1,1.0,1,1.0,1,0.19621557283002386,65
4239,0,6992,3368,3624,0,0,0,1.0,1,1.0,1,1.0,1,0.19621557283002386,65
4240,1,6993,3369,3624,0,0,0,1.0,1,1.0,1,1.0,1,0.18661477572597593,66
4241,2,6995,3369,3626,0,0,0,1.0,1,1.0,1,1.0,1,0.1692994615396606,66
4242,1,6996,3369,3627,0,0,0,1.0,1,1.0,1,1.0,1,0.1600846813531865,69
4243,1,6997,3369,3628,0,0,0,1.0,1,1.0,1,1.0,1,0.1621853674979712,71
4244,0,6997,3369,3628,0,0,0,1.0,1,1.0,1,1.0,1,0.1621853674979712,71
4245,1,6998,3369,3629,0,0,0,1.0,1,1.0,1,1.0,1,0.15641693958020075,73
4246,2,7000,3369,3631,0,0,0,1.0,1,1.0,1,1.0,1,0.12950375349355958,74
4247,0,7000,3369,3631,0,0,0,1.0,1,1.0,1,1.0,1,0.12950375349355958,74
4248,0,7000,3369,3631,0,0,0,1.0,1,1.0,1,1.0,1,0.12950375349355958,74
4249,0,7000,3369,3631,0,0,0,1.0,1,1.0,1,1.0,1,0.12950375349355958,74
4250,0,7000,3369,3631,0,0,0,1.0,1,1.0,1,1.0,1,0.12950375349355958,74
4251,0,7000,3369,3631,0,0,0,1.0,1,1.0,1,1.0,1,0.13475909730096472,75
4252,2,7002,3371,3631,0,0,0,1.0,1,1.0,1,1.0,1,0.18215776970043088,75
4253,2,7004,3371,3633,0,0,0,1.0,1,1.0,1,1.0,1,0.16524507092946467,76
4254,2,7006,3373,3633,0,0,0,1.0,1,1.0,1,1.0,1,0.18106249188235343,75
4255,4,7010,3376,3634,0,0,0,1.0,1,1.0,1,1.0,1,0.19656248133615734,76
4256,3,7013,3377,3636,0,0,0,1.0,1,1.0,1,1.0,1,0.18094348541756342,78
4257,1,7014,3378,3636,0,0,0,1.0,1,1.0,1,1.0,1,0.17951054964768925,78
4258,2,7016,3380,3636,0,0,0,1.0,1,1.0,1,1.0,1,0.21521125150081763,77
4259,4,7020,3382,3638,0,0,0,1.0,1,1.0,1,1.0,1,0.21518718386906177,78
4260,4,7024,3382,3642,0,0,0,1.0,1,1.0,1,1.0,1,0.16860909063501375,77
4261,2,7026,3383,3643,0,0,0,1.0,1,1.0,1,1.0,1,0.1659634728444984,76
4262,1,7027,3383,3644,0,0,0,1.0,1,1.0,1,1.0,1,0.1655024417643203,75
4263,2,7029,3385,3644,0,0,0,1.0,1,1.0,1,1.0,1,0.1701788387144758,74
4264,1,7030,3385,3645,0,0,0,1.0,1,1.0,1,1.0,1,0.19098553283746353,74
4265,2,7032,3387,3645,0,0,0,1.0,1,1.0,1,1.0,1,0.20371748874538756,73
4266,5,7037,3387,3650,0,0,0,1.0,1,1.0,1,1.0,1,0.15836426103384474,71
4267,3,7040,3390,3650,0,0,0,1.0,1,1.0,1,1.0,1,0.1738585599786449,69
4268,1,7041,3391,3650,0,0,0,1.0,1,1.0,1,1.0,1,0.2233902649628033,67
4269,2,7043,3392,3651,0,0,0,1.0,1,1.0,1,1.0,1,0.20185554610146292,64
4270,1,7044,3393,3651,0,0,0,1.0,1,1.0,1,1.0,1,0.21381109936652917,63
4271,1,7045,3394,3651,0,0,0,1.0,1,1.0,1,1.0,1,0.23589582372691104,63
4272,2,7047,3395,3652,0,0,0,1.0,1,1.0,1,1.0,1,0.23194580699980838,62
4273,1,7048,3395,3653,0,0,0,1.0,1,1.0,1,1.0,1,0.22354917147882564,62
4274,2,7050,3395,3655,0,0,0,1.0,1,1.0,1,1.0,1,0.21853913340567124,62
4275,1,7051,3395,3656,0,0,0,1.0,1,1.0,1,1.0,1,0.2085904841807478,61
4276,1,7052,3395,3657,0,0,0,1.0,1,1.0,1,1.0,1,0.20952202237820058,62
4277,1,7053,3395,3658,0,0,0,1.0,1,1.0,1,1.0,1,0.21549911724395643,63
4278,1,7054,3395,3659,0,0,0,1.0,1,1.0,1,1.0,1,0.20228558884976125,64
4279,3,7057,3397,3660,0,0,0,1.0,1,1.0,1,1.0,1,0.20385452307184057,65
4280,2,7059,3399,3660,0,0,0,1.0,1,1.0,1,1.0,1,0.20600098581448875,65
4281,1,7060,3399,3661,0,0,0,1.0,1,1.0,1,1.0,1,0.19618212847902827,65
4282,6,7066,3403,3663,0,0,0,1.0,1,1.0,1,1.0,1,0.22903842221947884,66
4283,2,7068,3404,3664,0,0,0,1.0,1,1.0,1,1.0,1,0.24423770284219604,66
4284,2,7070,3405,3665,0,0,0,1.0,1,1.0,1,1.0,1,0.2640622698785629,66
4285,3,7073,3407,3666,0,0,0,1.0,1,1.0,1,1.0,1,0.25309700902251325,67
4286,4,7077,3407,3670,0,0,0,1.0,1,1.0,1,1.0,1,0.22636515697284365,67
4287,0,7077,3407,3670,0,0,0,1.0,1,1.0,1,1.0,1,0.22636515697284365,67
4288,0,7077,3407,3670,0,0,0,1.0,1,1.0,1,1.0,1,0.22121642586670964,68
4289,0,7077,3407,3670,0,0,0,1.0,1,1.0,1,1.0,1,0.23787958057334418,68
4290,1,7078,3408,3670,0,0,0,1.0,1,1.0,1,1.0,1,0.23039693165822542,70
4291,1,7079,3408,3671,0,0,0,1.0,1,1.0,1,1.0,1,0.22072750941482913,71
4292,0,7079,3408,3671,0,0,0,1.0,1,1.0,1,1.0,1,0.22072750941482913,71
4293,1,7080,3408,3672,0,0,0,1.0,1,1.0,1,1.0,1,0.20943006843300127,71
4294,0,7080,3408,3672,0,0,0,1.0,1,1.0,1,1.0,1,0.20943006843300127,71
4295,1,7081,3409,3672,0,0,0,1.0,1,1.0,1,1.0,1,0.22802075527097862,72
4296,2,7083,3410,3673,0,0,0,1.0,1,1.0,1,1.0,1,0.23160952038194646,73
4297,0,7083,3410,3673,0,0,0,1.0,1,1.0,1,1.0,1,0.23160952038194646,73
4298,0,7083,3410,3673,0,0,0,1.0,1,1.0,1,1.0,1,0.24018997082213656,74
4299,1,7084,3410,3674,0,0,0,1.0,1,1.0,1,1.0,1,0.22480721341089951,75
4300,1,7085,3410,3675,0,0,0,1.0,1,1.0,1,1.0,1,0.21322834583007136,75
4301,1,7086,3410,3676,0,0,0,1.0,1,1.0,1,1.0,1,0.20161722429632253,76
4302,0,7086,3410,3676,0,0,0,1.0,1,1.0,1,1.0,1,0.20161722429632253,76
4303,2,7088,3410,3678,0,0,0,1.0,1,1.0,1,1.0,1,0.17729490496749453,75
4304,3,7091,3412,3679,0,0,0,1.0,1,1.0,1,1.0,1,0.2186337628188908,75
4305,3,7094,3414,3680,0,0,0,1.0,1,1.0,1,1.0,1,0.2385487343994583,73
4306,5,7099,3416,3683,0,0,0,1.0,1,1.0,1,1.0,1,0.2520827501391726,74
4307,3,7102,3418,3684,0,0,0,1.0,1,1.0,1,1.0,1,0.2714344311604421,73
4308,3,7105,3419,3686,0,0,0,1.0,1,1.0,1,1.0,1,0.27562390195169845,71
4309,1,7106,3420,3686,0,0,0,1.0,1,1.0,1,1.0,1,0.27388876202237655,70
4310,2,7108,3421,3687,0,0,0,1.0,1,1.0,1,1.0,1,0.24553034963551848,69
4311,4,7112,3423,3689,0,0,0,1.0,1,1.0,1,1.0,1,0.23895580642293793,69
4312,3,7115,3425,3690,0,0,0,1.0,1,1.0,1,1.0,1,0.24249782344694104,66
4313,1,7116,3426,3690,0,0,0,1.0,1,1.0,1,1.0,1,0.2488680684475588,64
4314,1,7117,3427,3690,0,0,0,1.0,1,1.0,1,1.0,1,0.28373827954598274,61
4315,4,7121,3430,3691,0,0,0,1.0,1,1.0,1,1.0,1,0.2756645394969928,61
4316,4,7125,3433,3692,0,0,0,1.0,1,1.0,1,1.0,1,0.2599122177415606,60
4317,3,7128,3433,3695,0,0,0,1.0,1,1.0,1,1.0,1,0.22020629473713083,62
4318,1,7129,3433,3696,0,0,0,1.0,1,1.0,1,1.0,1,0.24377993449923044,59
4319,1,7130,3433,3697,0,0,0,1.0,1,1.0,1,1.0,1,0.23051503945493726,60
4320,0,7130,3433,3697,0,0,0,1.0,1,1.0,1,1.0,1,0.23051503945493726,60
4321,3,7133,3435,3698,0,0,0,1.0,1,1.0,1,1.0,1,0.24071006703854217,61
4322,2,7135,3436,3699,0,0,0,1.0,1,1.0,1,1.0,1,0.24640009648023076,61
4323,0,7135,3436,3699,0,0,0,1.0,1,1.0,1,1.0,1,0.24640009648023076,61
4324,0,7135,3436,3699,0,0,0,1.0,1,1.0,1,1.0,1,0.25551615773510705,60
4325,1,7136,3436,3700,0,0,0,1.0,1,1.0,1,1.0,1,0.23520835899870238,60
4326,1,7137,3437,3700,0,0,0,1.0,1,1.0,1,1.0,1,0.24361593576331456,61
4327,0,7137,3437,3700,0,0,0,1.0,1,1.0,1,1.0,1,0.2451680342391203,62
4328,1,7138,3437,3701,0,0,0,1.0,1,1.0,1,1.0,1,0.23351963617157598,62
4329,0,7138,3437,3701,0,0,0,1.0,1,1.0,1,1.0,1,0.22621516743908368,65
4330,1,7139,3437,3702,0,0,0,1.0,1,1.0,1,1.0,1,0.21875784682187338,65
4331,2,7141,3437,3704,0,0,0,1.0,1,1.0,1,1.0,1,0.19919075809831416,65
4332,2,7143,3438,3705,0,0,0,1.0,1,1.0,1,1.0,1,0.20007590536036843,66
4333,0,7143,3438,3705,0,0,0,1.0,1,1.0,1,1.0,1,0.20007590536036843,66
4334,1,7144,3439,3705,0,0,0,1.0,1,1.0,1,1.0,1,0.2188276709913559,66
4335,0,7144,3439,3705,0,0,0,1.0,1,1.0,1,1.0,1,0.23220956947170004,65
4336,4,7148,3441,3707,0,0,0,1.0,1,1.0,1,1.0,1,0.20959281973692745,67
4337,0,7148,3441,3707,0,0,0,1.0,1,1.0,1,1.0,1,0.23368012093454132,69
4338,2,7150,3441,3709,0,0,0,1.0,1,1.0,1,1.0,1,0.2137228487411742,70
4339,1,7151,3441,3710,0,0,0,1.0,1,1.0,1,1.0,1,0.21303970061478902,70
4340,0,7151,3441,3710,0,0,0,1.0,1,1.0,1,1.0,1,0.22571432413138298,71
4341,4,7155,3443,3712,0,0,0,1.0,1,1.0,1,1.0,1,0.21909643844285867,70
4342,3,7158,3445,3713,0,0,0,1.0,1,1.0,1,1.0,1,0.24362820992002637,71
4343,5,7163,3449,3714,0,0,0,1.0,1,1.0,1,1.0,1,0.26913826058110835,67
4344,7,7170,3452,3718,0,0,0,1.0,1,1.0,1,1.0,1,0.2763437202274799,67
4345,4,7174,3455,3719,0,0,0,1.0,1,1.0,1,1.0,1,0.2882077874713441,64
4346,9,7183,3458,3725,0,0,0,1.0,1,1.0,1,1.0,1,0.2228809684161522,64
4347,6,7189,3463,3726,0,0,0,1.0,1,1.0,1,1.0,1,0.24075738174314576,62
4348,2,7191,3464,3727,0,0,0,1.0,1,1.0,1,1.0,1,0.23910863279332445,62
4349,1,7192,3465,3727,0,0,0,1.0,1,1.0,1,1.0,1,0.28046561364148775,61
4350,3,7195,3467,3728,0,0,0,1.0,1,1.0,1,1.0,1,0.2821900810043737,60
4351,0,7195,3467,3728,0,0,0,1.0,1,1.0,1,1.0,1,0.2881302215172795,60
4352,0,7195,3467,3728,0,0,0,1.0,1,1.0,1,1.0,1,0.3009293047753126,57
4353,2,7197,3468,3729,0,0,0,1.0,1,1.0,1,1.0,1,0.2790554853844632,55
4354,2,7199,3469,3730,0,0,0,1.0,1,1.0,1,1.0,1,0.25213925069915,55
4355,0,7199,3469,3730,0,0,0,1.0,1,1.0,1,1.0,1,0.2679836767083674,53
4356,2,7201,3469,3732,0,0,0,1.0,1,1.0,1,1.0,1,0.2214069031803563,55
4357,0,7201,3469,3732,0,0,0,1.0,1,1.0,1,1.0,1,0.23765917747201634,55
4358,1,7202,3470,3732,0,0,0,1.0,1,1.0,1,1.0,1,0.24632170178108773,55
4359,0,7202,3470,3732,0,0,0,1.0,1,1.0,1,1.0,1,0.2645797005712193,54
4360,1,7203,3471,3732,0,0,0,1.0,1,1.0,1,1.0,1,0.26153777030813397,55
4361,4,7207,3472,3735,0,0,0,1.0,1,1.0,1,1.0,1,0.2410430906998066,54
4362,2,7209,3472,3737,0,0,0,1.0,1,1.0,1,1.0,1,0.2071169753199969,55
4363,2,7211,3474,3737,0,0,0,1.0,1,1.0,1,1.0,1,0.23250766277919116,55
4364,5,7216,3476,3740,0,0,0,1.0,1,1.0,1,1.0,1,0.2529758343012225,55
4365,1,7217,3476,3741,0,0,0,1.0,1,1.0,1,1.0,1,0.2810451285165506,54
4366,5,7222,3477,3745,0,0,0,1.0,1,1.0,1,1.0,1,0.2072057077512569,54
4367,1,7223,3477,3746,0,0,0,1.0,1,1.0,1,1.0,1,0.21149734068638745,57
4368,2,7225,3478,3747,0,0,0,1.0,1,1.0,1,1.0,1,0.2251876990087821,57
4369,1,7226,3478,3748,0,0,0,1.0,1,1.0,1,1.0,1,0.2160963630412925,58
4370,1,7227,3479,3748,0,0,0,1.0,1,1.0,1,1.0,1,0.22425588864129334,59
4371,1,7228,3479,3749,0,0,0,1.0,1,1.0,1,1.0,1,0.2078361965388088,60
4372,1,7229,3480,3749,0,0,0,1.0,1,1.0,1,1.0,1,0.2228112358611445,60
4373,1,7230,3480,3750,0,0,0,1.0,1,1.0,1,1.0,1,0.2161803683223136,60
4374,0,7230,3480,3750,0,0,0,1.0,1,1.0,1,1.0,1,0.23374928621271077,59
4375,0,7230,3480,3750,0,0,0,1.0,1,1.0,1,1.0,1,0.2414626703150572,60
4376,1,7231,3480,3751,0,0,0,1.0,1,1.0,1,1.0,1,0.24578968631978051,60
4377,2,7233,3481,3752,0,0,0,1.0,1,1.0,1,1.0,1,0.2482838372694869,61
4378,2,7235,3482,3753,0,0,0,1.0,1,1.0,1,1.0,1,0.25223594516489944,64
4379,0,7235,3482,3753,0,0,0,1.0,1,1.0,1,1.0,1,0.25223594516489944,64
4380,3,7238,3484,3754,0,0,0,1.0,1,1.0,1,1.0,1,0.2570946029426718,65
4381,0,7238,3484,3754,0,0,0,1.0,1,1.0,1,1.0,1,0.2616832842689645,64
4382,2,7240,3485,3755,0,0,0,1.0,1,1.0,1,1.0,1,0.2670306260613151,64
4383,1,7241,3486,3755,0,0,0,1.0,1,1.0,1,1.0,1,0.28052217134982227,64
4384,1,7242,3487,3755,0,0,0,1.0,1,1.0,1,1.0,1,0.2987275425550909,60
4385,1,7243,3487,3756,0,0,0,1.0,1,1.0,1,1.0,1,0.2723396178352647,58
4386,2,7245,3489,3756,0,0,0,1.0,1,1.0,1,1.0,1,0.2753557994583107,58
4387,2,7247,3489,3758,0,0,0,1.0,1,1.0,1,1.0,1,0.25819827658704253,55
4388,2,7249,3491,3758,0,0,0,1.0,1,1.0,1,1.0,1,0.27465573485209716,56
4389,0,7249,3491,3758,0,0,0,1.0,1,1.0,1,1.0,1,0.2585129906766178,55
4390,3,7252,3494,3758,0,0,0,1.0,1,1.0,1,1.0,1,0.28197397131844304,55
4391,7,7259,3496,3763,0,0,0,1.0,1,1.0,1,1.0,1,0.2273933979409731,56
4392,0,7259,3496,3763,0,0,0,1.0,1,1.0,1,1.0,1,0.24450252138331813,56
4393,1,7260,3497,3763,0,0,0,1.0,1,1.0,1,1.0,1,0.2836539421262278,55
4394,1,7261,3498,3763,0,0,0,1.0,1,1.0,1,1.0,1,0.2736727924190235,53
4395,1,7262,3499,3763,0,0,0,1.0,1,1.0,1,1.0,1,0.29051486814640315,53
4396,3,7265,3502,3763,0,0,0,1.0,1,1.0,1,1.0,1,0.3029963316352313,53
4397,1,7266,3503,3763,0,0,0,1.0,1,1.0,1,1.0,1,0.31712934212396193,50
4398,0,7266,3503,3763,0,0,0,1.0,1,1.0,1,1.0,1,0.3303764502863572,50
4399,1,7267,3503,3764,0,0,0,1.0,1,1.0,1,1.0,1,0.3303605386100063,52
4400,5,7272,3504,3768,0,0,0,1.0,1,1.0,1,1.0,1,0.3344236796363116,55
4401,2,7274,3504,3770,0,0,0,1.0,1,1.0,1,1.0,1,0.30308061495703703,56
4402,0,7274,3504,3770,0,0,0,1.0,1,1.0,1,1.0,1,0.30308061495703703,56
4403,4,7278,3507,3771,0,0,0,1.0,1,1.0,1,1.0,1,0.2864870327762901,57
4404,0,7278,3507,3771,0,0,0,1.0,1,1.0,1,1.0,1,0.2864870327762901,57
4405,1,7279,3507,3772,0,0,0,1.0,1,1.0,1,1.0,1,0.2802240364145781,58
4406,0,7279,3507,3772,0,0,0,1.0,1,1.0,1,1.0,1,0.2802240364145781,58
4407,1,7280,3507,3773,0,0,0,1.0,1,1.0,1,1.0,1,0.26484806002734496,58
4408,1,7281,3508,3773,0,0,0,1.0,1,1.0,1,1.0,1,0.27674166097086017,59
4409,0,7281,3508,3773,0,0,0,1.0,1,1.0,1,1.0,1,0.27674166097086017,59
4410,0,7281,3508,3773,0,0,0,1.0,1,1.0,1,1.0,1,0.27674166097086017,59
4411,0,7281,3508,3773,0,0,0,1.0,1,1.0,1,1.0,1,0.2581963585544651,62
4412,0,7281,3508,3773,0,0,0,1.0,1,1.0,1,1.0,1,0.2530446480124955,63
4413,0,7281,3508,3773,0,0,0,1.0,1,1.0,1,1.0,1,0.2530446480124955,63
4414,1,7282,3508,3774,0,0,0,1.0,1,1.0,1,1.0,1,0.24580809302201168,64
4415,1,7283,3508,3775,0,0,0,1.0,1,1.0,1,1.0,1,0.23285318026460677,64
4416,0,7283,3508,3775,0,0,0,1.0,1,1.0,1,1.0,1,0.23285318026460677,64
4417,1,7284,3508,3776,0,0,0,1.0,1,1.0,1,1.0,1,0.23193794507370807,65
4418,1,7285,3509,3776,0,0,0,1.0,1,1.0,1,1.0,1,0.2484282285441826,65
4419,0,7285,3509,3776,0,0,0,1.0,1,1.0,1,1.0,1,0.2854629889052652,62
4420,1,7286,3509,3777,0,0,0,1.0,1,1.0,1,1.0,1,0.27245117491015297,62
4421,3,7289,3510,3779,0,0,0,1.0,1,1.0,1,1.0,1,0.26629694329009335,65
4422,2,7291,3511,3780,0,0,0,1.0,1,1.0,1,1.0,1,0.28803690031743756,64
4423,1,7292,3512,3780,0,0,0,1.0,1,1.0,1,1.0,1,0.28874169629929525,63
4424,4,7296,3514,3782,0,0,0,1.0,1,1.0,1,1.0,1,0.29696082029990517,63
4425,7,7303,3516,3787,0,0,0,1.0,1,1.0,1,1.0,1,0.2759665954543921,63
4426,4,7307,3518,3789,0,0,0,1.0,1,1.0,1,1.0,1,0.2616288451078021,63
4427,2,7309,3519,3790,0,0,0,1.0,1,1.0,1,1.0,1,0.25534042383647554,62
4428,1,7310,3519,3791,0,0,0,1.0,1,1.0,1,1.0,1,0.246016671712948,61
4429,1,7311,3519,3792,0,0,0,1.0,1,1.0,1,1.0,1,0.24019351204536837,62
4430,1,7312,3520,3792,0,0,0,1.0,1,1.0,1,1.0,1,0.2550584104137739,60
4431,6,7318,3523,3795,0,0,0,1.0,1,1.0,1,1.0,1,0.22348873406415815,59
4432,3,7321,3524,3797,0,0,0,1.0,1,1.0,1,1.0,1,0.1932921913101426,60
4433,2,7323,3525,3798,0,0,0,1.0,1,1.0,1,1.0,1,0.15855981603478372,61
4434,1,7324,3526,3798,0,0,0,1.0,1,1.0,1,1.0,1,0.1786823334443493,61
4435,2,7326,3527,3799,0,0,0,1.0,1,1.0,1,1.0,1,0.17409070532070298,61
4436,2,7328,3528,3800,0,0,0,1.0,1,1.0,1,1.0,1,0.1969370741017872,61
4437,5,7333,3532,3801,0,0,0,1.0,1,1.0,1,1.0,1,0.19993997871768815,61
4438,0,7333,3532,3801,0,0,0,1.0,1,1.0,1,1.0,1,0.2002333532604799,62
4439,3,7336,3533,3803,0,0,0,1.0,1,1.0,1,1.0,1,0.1980037278676632,63
4440,1,7337,3533,3804,0,0,0,1.0,1,1.0,1,1.0,1,0.18791055079677801,64
4441,1,7338,3533,3805,0,0,0,1.0,1,1.0,1,1.0,1,0.1707708675383926,64
4442,4,7342,3535,3807,0,0,0,1.0,1,1.0,1,1.0,1,0.1603443238530286,67
4443,3,7345,3536,3809,0,0,0,1.0,1,1.0,1,1.0,1,0.14905869994863272,68
4444,2,7347,3537,3810,0,0,0,1.0,1,1.0,1,1.0,1,0.16996896348666174,69
4445,2,7349,3539,3810,0,0,0,1.0,1,1.0,1,1.0,1,0.1899124058440302,71
4446,2,7351,3539,3812,0,0,0,1.0,1,1.0,1,1.0,1,0.17042000317071726,71
4447,0,7351,3539,3812,0,0,0,1.0,1,1.0,1,1.0,1,0.17718969846597935,72
4448,0,7351,3539,3812,0,0,0,1.0,1,1.0,1,1.0,1,0.18520805574625923,71
4449,1,7352,3540,3812,0,0,0,1.0,1,1.0,1,1.0,1,0.195798518185428,70
4450,0,7352,3540,3812,0,0,0,1.0,1,1.0,1,1.0,1,0.2033060872165811,69
4451,4,7356,3540,3816,0,0,0,1.0,1,1.0,1,1.0,1,0.16889932041281594,69
4452,1,7357,3540,3817,0,0,0,1.0,1,1.0,1,1.0,1,0.1703875798684681,70
4453,2,7359,3540,3819,0,0,0,1.0,1,1.0,1,1.0,1,0.16877449369474382,70
4454,4,7363,3541,3822,0,0,0,1.0,1,1.0,1,1.0,1,0.14535245878216033,71
4455,1,7364,3541,3823,0,0,0,1.0,1,1.0,1,1.0,1,0.15078209658663747,71
4456,3,7367,3543,3824,0,0,0,1.0,1,1.0,1,1.0,1,0.1630726090551246,71
4457,3,7370,3545,3825,0,0,0,1.0,1,1.0,1,1.0,1,0.12961558842719853,69
4458,3,7373,3548,3825,0,0,0,1.0,1,1.0,1,1.0,1,0.15520936725021123,70
4459,0,7373,3548,3825,0,0,0,1.0,1,1.0,1,1.0,1,0.1632718706175556,68
4460,5,7378,3553,3825,0,0,0,1.0,1,1.0,1,1.0,1,0.20337944055702342,68
4461,3,7381,3553,3828,0,0,0,1.0,1,1.0,1,1.0,1,0.17100882629741088,67
4462,3,7384,3556,3828,0,0,0,1.0,1,1.0,1,1.0,1,0.18570511344523458,66
4463,4,7388,3560,3828,0,0,0,1.0,1,1.0,1,1.0,1,0.21015166942313435,65
4464,3,7391,3562,3829,0,0,0,1.0,1,1.0,1,1.0,1,0.23881780749181658,62
4465,3,7394,3564,3830,0,0,0,1.0,1,1.0,1,1.0,1,0.25521641290918035,61
4466,3,7397,3564,3833,0,0,0,1.0,1,1.0,1,1.0,1,0.22540039417082017,60
4467,4,7401,3568,3833,0,0,0,1.0,1,1.0,1,1.0,1,0.2185201578842898,58
4468,2,7403,3569,3834,0,0,0,1.0,1,1.0,1,1.0,1,0.20211531955561088,57
4469,3,7406,3572,3834,0,0,0,1.0,1,1.0,1,1.0,1,0.22986482035950476,56
4470,1,7407,3573,3834,0,0,0,1.0,1,1.0,1,1.0,1,0.23547503852243754,55
4471,2,7409,3574,3835,0,0,0,1.0,1,1.0,1,1.0,1,0.22942477454252042,55
4472,3,7412,3576,3836,0,0,0,1.0,1,1.0,1,1.0,1,0.21868118004319448,55
4473,1,7413,3577,3836,0,0,0,1.0,1,1.0,1,1.0,1,0.21599997293497986,55
4474,3,7416,3579,3837,0,0,0,1.0,1,1.0,1,1.0,1,0.25455325711442023,55
4475,1,7417,3580,3837,0,0,0,1.0,1,1.0,1,1.0,1,0.23336166978407324,56
4476,3,7420,3580,3840,0,0,0,1.0,1,1.0,1,1.0,1,0.19127517432296726,56
4477,0,7420,3580,3840,0,0,0,1.0,1,1.0,1,1.0,1,0.2023433730231959,57
4478,0,7420,3580,3840,0,0,0,1.0,1,1.0,1,1.0,1,0.2068579670821396,55
4479,1,7421,3581,3840,0,0,0,1.0,1,1.0,1,1.0,1,0.20556266707531637,55
4480,0,7421,3581,3840,0,0,0,1.0,1,1.0,1,1.0,1,0.22147699155522307,54
4481,4,7425,3581,3844,0,0,0,1.0,1,1.0,1,1.0,1,0.22037135846228548,53
4482,3,7428,3583,3845,0,0,0,1.0,1,1.0,1,1.0,1,0.22061316005288586,54
4483,0,7428,3583,3845,0,0,0,1.0,1,1.0,1,1.0,1,0.2206347006527976,55
4484,2,7430,3585,3845,0,0,0,1.0,1,1.0,1,1.0,1,0.23907618910723002,57
4485,5,7435,3587,3848,0,0,0,1.0,1,1.0,1,1.0,1,0.24958780190332266,60
4486,6,7441,3590,3851,0,0,0,1.0,1,1.0,1,1.0,1,0.19683922762992365,60
4487,1,7442,3590,3852,0,0,0,1.0,1,1.0,1,1.0,1,0.18837388632850524,60
4488,0,7442,3590,3852,0,0,0,1.0,1,1.0,1,1.0,1,0.18837388632850524,60
4489,1,7443,3591,3852,0,0,0,1.0,1,1.0,1,1.0,1,0.1926218098831491,60
4490,2,7445,3591,3854,0,0,0,1.0,1,1.0,1,1.0,1,0.19100249866642063,60
4491,2,7447,3592,3855,0,0,0,1.0,1,1.0,1,1.0,1,0.19130254801913169,61
4492,0,7447,3592,3855,0,0,0,1.0,1,1.0,1,1.0,1,0.19130254801913169,61
4493,1,7448,3593,3855,0,0,0,1.0,1,1.0,1,1.0,1,0.18185912400178808,60
4494,2,7450,3593,3857,0,0,0,1.0,1,1.0,1,1.0,1,0.1204519589498998,61
4495,0,7450,3593,3857,0,0,0,1.0,1,1.0,1,1.0,1,0.12978944477103557,59
4496,0,7450,3593,3857,0,0,0,1.0,1,1.0,1,1.0,1,0.14808157996531643,60
4497,1,7451,3594,3857,0,0,0,1.0,1,1.0,1,1.0,1,0.17789115356537577,59
4498,0,7451,3594,3857,0,0,0,1.0,1,1.0,1,1.0,1,0.17393152686994928,57
4499,4,7455,3597,3858,0,0,0,1.0,1,1.0,1,1.0,1,0.20562785879711235,58
4500,2,7457,3599,3858,0,0,0,1.0,1,1.0,1,1.0,1,0.2301217011591897,56
4501,3,7460,3599,3861,0,0,0,1.0,1,1.0,1,1.0,1,0.21307471021762264,57
4502,7,7467,3603,3864,0,0,0,1.0,1,1.0,1,1.0,1,0.22251704666937785,56
4503,1,7468,3604,3864,0,0,0,1.0,1,1.0,1,1.0,1,0.24795251320649314,54
4504,1,7469,3605,3864,0,0,0,1.0,1,1.0,1,1.0,1,0.25035047345876216,54
4505,1,7470,3606,3864,0,0,0,1.0,1,1.0,1,1.0,1,0.24861307587064688,51
4506,1,7471,3606,3865,0,0,0,1.0,1,1.0,1,1.0,1,0.22734636535868338,49
4507,1,7472,3607,3865,0,0,0,1.0,1,1.0,1,1.0,1,0.25003551175788186,48
4508,2,7474,3607,3867,0,0,0,1.0,1,1.0,1,1.0,1,0.23420708984256772,48
4509,3,7477,3609,3868,0,0,0,1.0,1,1.0,1,1.0,1,0.23822084815682373,46
4510,0,7477,3609,3868,0,0,0,1.0,1,1.0,1,1.0,1,0.25581517995750536,44
4511,4,7481,3610,3871,0,0,0,1.0,1,1.0,1,1.0,1,0.2536060353638936,45
4512,2,7483,3611,3872,0,0,0,1.0,1,1.0,1,1.0,1,0.24022297917345428,46
4513,0,7483,3611,3872,0,0,0,1.0,1,1.0,1,1.0,1,0.2587978579123753,45
4514,0,7483,3611,3872,0,0,0,1.0,1,1.0,1,1.0,1,0.241814403335157,46
4515,1,7484,3611,3873,0,0,0,1.0,1,1.0,1,1.0,1,0.24805758523597843,48
4516,2,7486,3612,3874,0,0,0,1.0,1,1.0,1,1.0,1,0.23379631354489164,49
4517,3,7489,3613,3876,0,0,0,1.0,1,1.0,1,1.0,1,0.227578180719767,50
4518,1,7490,3614,3876,0,0,0,1.0,1,1.0,1,1.0,1,0.20738220487227169,50
4519,2,7492,3616,3876,0,0,0,1.0,1,1.0,1,1.0,1,0.21828633629308256,49
4520,0,7492,3616,3876,0,0,0,1.0,1,1.0,1,1.0,1,0.22681041384006592,50
4521,0,7492,3616,3876,0,0,0,1.0,1,1.0,1,1.0,1,0.22681041384006592,50
4522,0,7492,3616,3876,0,0,0,1.0,1,1.0,1,1.0,1,0.22681041384006592,50
4523,0,7492,3616,3876,0,0,0,1.0,1,1.0,1,1.0,1,0.22674595426006702,51
4524,2,7494,3617,3877,0,0,0,1.0,1,1.0,1,1.0,1,0.24010415053177747,52
4525,3,7497,3618,3879,0,0,0,1.0,1,1.0,1,1.0,1,0.21397335942801285,53
4526,2,7499,3618,3881,0,0,0,1.0,1,1.0,1,1.0,1,0.18746657701018002,54
4527,0,7499,3618,3881,0,0,0,1.0,1,1.0,1,1.0,1,0.2003176440648847,55
4528,1,7500,3618,3882,0,0,0,1.0,1,1.0,1,1.0,1,0.1816380298467524,55
4529,0,7500,3618,3882,0,0,0,1.0,1,1.0,1,1.0,1,0.2014853701099148,55
4530,3,7503,3618,3885,0,0,0,1.0,1,1.0,1,1.0,1,0.15214121591618399,56
4531,5,7508,3620,3888,0,0,0,1.0,1,1.0,1,1.0,1,0.16687600335614147,56
4532,1,7509,3621,3888,0,0,0,1.0,1,1.0,1,1.0,1,0.21266155098365067,55
4533,1,7510,3621,3889,0,0,0,1.0,1,1.0,1,1.0,1,0.22633068146626367,54
4534,0,7510,3621,3889,0,0,0,1.0,1,1.0,1,1.0,1,0.23863359210089813,55
4535,2,7512,3621,3891,0,0,0,1.0,1,1.0,1,1.0,1,0.19852585255158078,52
4536,3,7515,3623,3892,0,0,0,1.0,1,1.0,1,1.0,1,0.2218218057026228,53
4537,2,7517,3625,3892,0,0,0,1.0,1,1.0,1,1.0,1,0.2237802622083105,52
4538,2,7519,3626,3893,0,0,0,1.0,1,1.0,1,1.0,1,0.25379042487689174,52
4539,6,7525,3628,3897,0,0,0,1.0,1,1.0,1,1.0,1,0.25080791929984547,53
4540,4,7529,3629,3900,0,0,0,1.0,1,1.0,1,1.0,1,0.24118847426165804,54
4541,5,7534,3630,3904,0,0,0,1.0,1,1.0,1,1.0,1,0.16878073413038064,53
4542,3,7537,3632,3905,0,0,0,1.0,1,1.0,1,1.0,1,0.21484287518870201,53
4543,3,7540,3633,3907,0,0,0,1.0,1,1.0,1,1.0,1,0.1921841173650712,53
4544,2,7542,3635,3907,0,0,0,1.0,1,1.0,1,1.0,1,0.19820224657317223,52
4545,0,7542,3635,3907,0,0,0,1.0,1,1.0,1,1.0,1,0.20361049827258748,50
4546,0,7542,3635,3907,0,0,0,1.0,1,1.0,1,1.0,1,0.22014701650807314,49
4547,1,7543,3636,3907,0,0,0,1.0,1,1.0,1,1.0,1,0.21577868765080324,49
4548,0,7543,3636,3907,0,0,0,1.0,1,1.0,1,1.0,1,0.21577868765080324,49
4549,3,7546,3638,3908,0,0,0,1.0,1,1.0,1,1.0,1,0.20282103487470163,50
4550,1,7547,3639,3908,0,0,0,1.0,1,1.0,1,1.0,1,0.2228530631244759,49
4551,2,7549,3639,3910,0,0,0,1.0,1,1.0,1,1.0,1,0.2028287355272285,49
4552,0,7549,3639,3910,0,0,0,1.0,1,1.0,1,1.0,1,0.2028287355272285,49
4553,2,7551,3641,3910,0,0,0,1.0,1,1.0,1,1.0,1,0.23870902444897676,49
4554,1,7552,3641,3911,0,0,0,1.0,1,1.0,1,1.0,1,0.22878101278701152,49
4555,3,7555,3642,3913,0,0,0,1.0,1,1.0,1,1.0,1,0.2086655116356845,48
4556,1,7556,3643,3913,0,0,0,1.0,1,1.0,1,1.0,1,0.195999975049098,48
4557,1,7557,3644,3913,0,0,0,1.0,1,1.0,1,1.0,1,0.22619503673954855,49
4558,2,7559,3646,3913,0,0,0,1.0,1,1.0,1,1.0,1,0.19902830902832563,49
4559,1,7560,3646,3914,0,0,0,1.0,1,1.0,1,1.0,1,0.18362568547000882,50
4560,0,7560,3646,3914,0,0,0,1.0,1,1.0,1,1.0,1,0.19389537420189382,51
4561,0,7560,3646,3914,0,0,0,1.0,1,1.0,1,1.0,1,0.19430147246412177,52
4562,1,7561,3647,3914,0,0,0,1.0,1,1.0,1,1.0,1,0.23405831275295855,53
4563,1,7562,3647,3915,0,0,0,1.0,1,1.0,1,1.0,1,0.20922078977344896,52
4564,1,7563,3647,3916,0,0,0,1.0,1,1.0,1,1.0,1,0.20619671723022198,54
4565,2,7565,3648,3917,0,0,0,1.0,1,1.0,1,1.0,1,0.2040617128270548,55
4566,1,7566,3649,3917,0,0,0,1.0,1,1.0,1,1.0,1,0.1856312727175866,55
4567,3,7569,3651,3918,0,0,0,1.0,1,1.0,1,1.0,1,0.16240790747432388,56
4568,2,7571,3652,3919,0,0,0,1.0,1,1.0,1,1.0,1,0.1815338428737678,58
4569,0,7571,3652,3919,0,0,0,1.0,1,1.0,1,1.0,1,0.17350691064609633,59
4570,1,7572,3653,3919,0,0,0,1.0,1,1.0,1,1.0,1,0.1672284636147799,59
4571,0,7572,3653,3919,0,0,0,1.0,1,1.0,1,1.0,1,0.16014448159295008,57
4572,2,7574,3655,3919,0,0,0,1.0,1,1.0,1,1.0,1,0.19694569499070036,56
4573,2,7576,3657,3919,0,0,0,1.0,1,1.0,1,1.0,1,0.21118965511893067,56
4574,2,7578,3657,3921,0,0,0,1.0,1,1.0,1,1.0,1,0.24246086907764863,55
4575,0,7578,3657,3921,0,0,0,1.0,1,1.0,1,1.0,1,0.24246086907764863,55
4576,3,7581,3657,3924,0,0,0,1.0,1,1.0,1,1.0,1,0.22105120924748364,55
4577,0,7581,3657,3924,0,0,0,1.0,1,1.0,1,1.0,1,0.2239593508844872,54
4578,2,7583,3658,3925,0,0,0,1.0,1,1.0,1,1.0,1,0.22636789039821495,54
4579,1,7584,3658,3926,0,0,0,1.0,1,1.0,1,1.0,1,0.2164235066405014,54
4580,1,7585,3658,3927,0,0,0,1.0,1,1.0,1,1.0,1,0.19814835668295439,55
4581,2,7587,3659,3928,0,0,0,1.0,1,1.0,1,1.0,1,0.21342987870309357,56
4582,0,7587,3659,3928,0,0,0,1.0,1,1.0,1,1.0,1,0.21342987870309357,56
4583,1,7588,3660,3928,0,0,0,1.0,1,1.0,1,1.0,1,0.2178639626221701,57
4584,2,7590,3662,3928,0,0,0,1.0,1,1.0,1,1.0,1,0.2519151219423429,57
4585,0,7590,3662,3928,0,0,0,1.0,1,1.0,1,1.0,1,0.2519151219423429,57
4586,1,7591,3662,3929,0,0,0,1.0,1,1.0,1,1.0,1,0.22402371624451792,57
4587,0,7591,3662,3929,0,0,0,1.0,1,1.0,1,1.0,1,0.22402371624451792,57
4588,0,7591,3662,3929,0,0,0,1.0,1,1.0,1,1.0,1,0.2321705184588745,58
4589,0,7591,3662,3929,0,0,0,1.0,1,1.0,1,1.0,1,0.23627671790833396,59
4590,1,7592,3662,3930,0,0,0,1.0,1,1.0,1,1.0,1,0.23448306673308636,60
4591,0,7592,3662,3930,0,0,0,1.0,1,1.0,1,1.0,1,0.24198930045882536,61
4592,0,7592,3662,3930,0,0,0,1.0,1,1.0,1,1.0,1,0.24501269266797202,62
4593,1,7593,3662,3931,0,0,0,1.0,1,1.0,1,1.0,1,0.22829699785619056,64
4594,1,7594,3662,3932,0,0,0,1.0,1,1.0,1,1.0,1,0.21915518201553896,64
4595,2,7596,3663,3933,0,0,0,1.0,1,1.0,1,1.0,1,0.21800406807054803,63
4596,0,7596,3663,3933,0,0,0,1.0,1,1.0,1,1.0,1,0.21800406807054803,63
4597,2,7598,3664,3934,0,0,0,1.0,1,1.0,1,1.0,1,0.2015364396711363,63
4598,2,7600,3665,3935,0,0,0,1.0,1,1.0,1,1.0,1,0.18080735285822114,65
4599,2,7602,3666,3936,0,0,0,1.0,1,1.0,1,1.0,1,0.18010849743293128,66
4600,1,7603,3667,3936,0,0,0,1.0,1,1.0,1,1.0,1,0.20023659875168104,67
4601,3,7606,3667,3939,0,0,0,1.0,1,1.0,1,1.0,1,0.16003641840421046,67
4602,0,7606,3667,3939,0,0,0,1.0,1,1.0,1,1.0,1,0.16721526373938697,69
4603,1,7607,3668,3939,0,0,0,1.0,1,1.0,1,1.0,1,0.1844481448127759,69
4604,0,7607,3668,3939,0,0,0,1.0,1,1.0,1,1.0,1,0.1844481448127759,69
4605,0,7607,3668,3939,0,0,0,1.0,1,1.0,1,1.0,1,0.18800450321080314,70
4606,3,7610,3668,3942,0,0,0,1.0,1,1.0,1,1.0,1,0.16022297235409694,70
4607,1,7611,3668,3943,0,0,0,1.0,1,1.0,1,1.0,1,0.15377870886414022,72
4608,1,7612,3668,3944,0,0,0,1.0,1,1.0,1,1.0,1,0.1495570325211623,73
4609,1,7613,3669,3944,0,0,0,1.0,1,1.0,1,1.0,1,0.16340087003863804,72
4610,2,7615,3670,3945,0,0,0,1.0,1,1.0,1,1.0,1,0.15518394147202272,72
4611,1,7616,3670,3946,0,0,0,1.0,1,1.0,1,1.0,1,0.16213260041357194,71
4612,4,7620,3672,3948,0,0,0,1.0,1,1.0,1,1.0,1,0.19819768710019692,70
4613,0,7620,3672,3948,0,0,0,1.0,1,1.0,1,1.0,1,0.18541486043319158,69
4614,0,7620,3672,3948,0,0,0,1.0,1,1.0,1,1.0,1,0.1961779124873671,68
4615,2,7622,3674,3948,0,0,0,1.0,1,1.0,1,1.0,1,0.20395486543429295,68
4616,0,7622,3674,3948,0,0,0,1.0,1,1.0,1,1.0,1,0.23662100800754032,65
4617,3,7625,3675,3950,0,0,0,1.0,1,1.0,1,1.0,1,0.21894531712628418,66
4618,1,7626,3676,3950,0,0,0,1.0,1,1.0,1,1.0,1,0.24211961209717078,66
4619,2,7628,3676,3952,0,0,0,1.0,1,1.0,1,1.0,1,0.20997725496320624,65
4620,0,7628,3676,3952,0,0,0,1.0,1,1.0,1,1.0,1,0.20997725496320624,65
4621,8,7636,3680,3956,0,0,0,1.0,1,1.0,1,1.0,1,0.22401926171627878,67
4622,0,7636,3680,3956,0,0,0,1.0,1,1.0,1,1.0,1,0.23681862709920345,65
4623,3,7639,3683,3956,0,0,0,1.0,1,1.0,1,1.0,1,0.2557954236395435,66
4624,2,7641,3685,3956,0,0,0,1.0,1,1.0,1,1.0,1,0.25207168303368327,65
4625,2,7643,3685,3958,0,0,0,1.0,1,1.0,1,1.0,1,0.2411045804000817,64
4626,4,7647,3687,3960,0,0,0,1.0,1,1.0,1,1.0,1,0.21658456566879364,63
4627,4,7651,3687,3964,0,0,0,1.0,1,1.0,1,1.0,1,0.16971327312708676,65
4628,1,7652,3687,3965,0,0,0,1.0,1,1.0,1,1.0,1,0.16636382119817958,64
4629,3,7655,3689,3966,0,0,0,1.0,1,1.0,1,1.0,1,0.17431944357767454,64
4630,1,7656,3689,3967,0,0,0,1.0,1,1.0,1,1.0,1,0.15862466825750246,64
4631,3,7659,3690,3969,0,0,0,1.0,1,1.0,1,1.0,1,0.19050543059472502,66
4632,3,7662,3690,3972,0,0,0,1.0,1,1.0,1,1.0,1,0.17135051119896993,65
4633,0,7662,3690,3972,0,0,0,1.0,1,1.0,1,1.0,1,0.16333310000606424,66
4634,1,7663,3691,3972,0,0,0,1.0,1,1.0,1,1.0,1,0.16336060828421883,66
4635,0,7663,3691,3972,0,0,0,1.0,1,1.0,1,1.0,1,0.16386791351782046,66
4636,0,7663,3691,3972,0,0,0,1.0,1,1.0,1,1.0,1,0.16386791351782046,66
4637,1,7664,3691,3973,0,0,0,1.0,1,1.0,1,1.0,1,0.1440150372063431,68
4638,0,7664,3691,3973,0,0,0,1.0,1,1.0,1,1.0,1,0.1440150372063431,68
4639,1,7665,3692,3973,0,0,0,1.0,1,1.0,1,1.0,1,0.14926356565199436,69
4640,0,7665,3692,3973,0,0,0,1.0,1,1.0,1,1.0,1,0.14926356565199436,69
4641,3,7668,3693,3975,0,0,0,1.0,1,1.0,1,1.0,1,0.14404118408122724,70
4642,0,7668,3693,3975,0,0,0,1.0,1,1.0,1,1.0,1,0.14900169705866445,69
4643,1,7669,3694,3975,0,0,0,1.0,1,1.0,1,1.0,1,0.16533242060540035,70
4644,1,7670,3695,3975,0,0,0,1.0,1,1.0,1,1.0,1,0.20040227815277917,69
4645,3,7673,3696,3977,0,0,0,1.0,1,1.0,1,1.0,1,0.19429360559371203,70
4646,3,7676,3698,3978,0,0,0,1.0,1,1.0,1,1.0,1,0.23091760020199867,68
4647,3,7679,3700,3979,0,0,0,1.0,1,1.0,1,1.0,1,0.2411955153130175,68
4648,2,7681,3700,3981,0,0,0,1.0,1,1.0,1,1.0,1,0.24776722412836946,67
4649,3,7684,3701,3983,0,0,0,1.0,1,1.0,1,1.0,1,0.2667928010273146,67
4650,0,7684,3701,3983,0,0,0,1.0,1,1.0,1,1.0,1,0.24067410761802777,67
4651,6,7690,3703,3987,0,0,0,1.0,1,1.0,1,1.0,1,0.2098495032753671,68
4652,0,7690,3703,3987,0,0,0,1.0,1,1.0,1,1.0,1,0.2334539206371812,66
4653,1,7691,3704,3987,0,0,0,1.0,1,1.0,1,1.0,1,0.22042933690004535,64
4654,3,7694,3706,3988,0,0,0,1.0,1,1.0,1,1.0,1,0.2402265710377438,65
4655,1,7695,3706,3989,0,0,0,1.0,1,1.0,1,1.0,1,0.23762694793720657,64
4656,3,7698,3706,3992,0,0,0,1.0,1,1.0,1,1.0,1,0.2118869637655061,65
4657,1,7699,3707,3992,0,0,0,1.0,1,1.0,1,1.0,1,0.22121069904081586,66
4658,0,7699,3707,3992,0,0,0,1.0,1,1.0,1,1.0,1,0.23275327331149664,65
4659,0,7699,3707,3992,0,0,0,1.0,1,1.0,1,1.0,1,0.23275327331149664,65
4660,2,7701,3708,3993,0,0,0,1.0,1,1.0,1,1.0,1,0.24403755398544452,66
4661,0,7701,3708,3993,0,0,0,1.0,1,1.0,1,1.0,1,0.2590903529175826,66
4662,3,7704,3709,3995,0,0,0,1.0,1,1.0,1,1.0,1,0.23363893977889857,68
4663,1,7705,3710,3995,0,0,0,1.0,1,1.0,1,1.0,1,0.23964204691397595,67
4664,4,7709,3712,3997,0,0,0,1.0,1,1.0,1,1.0,1,0.21915318817303403,67
4665,1,7710,3713,3997,0,0,0,1.0,1,1.0,1,1.0,1,0.22768185447088052,67
4666,3,7713,3713,4000,0,0,0,1.0,1,1.0,1,1.0,1,0.20127526480644437,67
4667,1,7714,3714,4000,0,0,0,1.0,1,1.0,1,1.0,1,0.20676354049547294,66
4668,3,7717,3716,4001,0,0,0,1.0,1,1.0,1,1.0,1,0.2172756114312314,66
4669,2,7719,3718,4001,0,0,0,1.0,1,1.0,1,1.0,1,0.23933310739580013,66
4670,0,7719,3718,4001,0,0,0,1.0,1,1.0,1,1.0,1,0.25665703361750686,64
4671,2,7721,3718,4003,0,0,0,1.0,1,1.0,1,1.0,1,0.24308668265230168,64
4672,4,7725,3719,4006,0,0,0,1.0,1,1.0,1,1.0,1,0.25651266297174835,64
4673,1,7726,3719,4007,0,0,0,1.0,1,1.0,1,1.0,1,0.2482244070949024,65
4674,3,7729,3721,4008,0,0,0,1.0,1,1.0,1,1.0,1,0.2503481899455424,66
4675,3,7732,3722,4010,0,0,0,1.0,1,1.0,1,1.0,1,0.26140211603487723,65
4676,2,7734,3722,4012,0,0,0,1.0,1,1.0,1,1.0,1,0.24513924784859173,65
4677,2,7736,3723,4013,0,0,0,1.0,1,1.0,1,1.0,1,0.2501810824522749,65
4678,1,7737,3723,4014,0,0,0,1.0,1,1.0,1,1.0,1,0.24190861437570454,64
4679,1,7738,3724,4014,0,0,0,1.0,1,1.0,1,1.0,1,0.23885798945638873,66
4680,1,7739,3724,4015,0,0,0,1.0,1,1.0,1,1.0,1,0.24298709156225684,67
4681,3,7742,3725,4017,0,0,0,1.0,1,1.0,1,1.0,1,0.23434709714987323,67
4682,5,7747,3727,4020,0,0,0,1.0,1,1.0,1,1.0,1,0.21956338067860834,67
4683,2,7749,3728,4021,0,0,0,1.0,1,1.0,1,1.0,1,0.21722044976896024,67
4684,0,7749,3728,4021,0,0,0,1.0,1,1.0,1,1.0,1,0.23201809832928014,66
4685,1,7750,3728,4022,0,0,0,1.0,1,1.0,1,1.0,1,0.2150312622869194,65
4686,2,7752,3729,4023,0,0,0,1.0,1,1.0,1,1.0,1,0.24080264111253227,65
4687,0,7752,3729,4023,0,0,0,1.0,1,1.0,1,1.0,1,0.22738255041937927,65
4688,3,7755,3731,4024,0,0,0,1.0,1,1.0,1,1.0,1,0.2656933853691959,64
4689,5,7760,3733,4027,0,0,0,1.0,1,1.0,1,1.0,1,0.28625935355231813,65
4690,2,7762,3733,4029,0,0,0,1.0,1,1.0,1,1.0,1,0.30671583474518005,63
4691,5,7767,3736,4031,0,0,0,1.0,1,1.0,1,1.0,1,0.32485408504214214,64
4692,0,7767,3736,4031,0,0,0,1.0,1,1.0,1,1.0,1,0.2946478521436212,63
4693,1,7768,3736,4032,0,0,0,1.0,1,1.0,1,1.0,1,0.29728326114242243,64
4694,2,7770,3737,4033,0,0,0,1.0,1,1.0,1,1.0,1,0.28368822979413855,63
4695,0,7770,3737,4033,0,0,0,1.0,1,1.0,1,1.0,1,0.28393171090686686,62
4696,3,7773,3737,4036,0,0,0,1.0,1,1.0,1,1.0,1,0.2458332160389158,61
4697,3,7776,3737,4039,0,0,0,1.0,1,1.0,1,1.0,1,0.22250140522301587,63
4698,0,7776,3737,4039,0,0,0,1.0,1,1.0,1,1.0,1,0.23260752760247366,63
4699,2,7778,3737,4041,0,0,0,1.0,1,1.0,1,1.0,1,0.21052135498874813,65
4700,2,7780,3737,4043,0,0,0,1.0,1,1.0,1,1.0,1,0.22258693553176892,64
4701,2,7782,3737,4045,0,0,0,1.0,1,1.0,1,1.0,1,0.19905747840514068,64
4702,1,7783,3737,4046,0,0,0,1.0,1,1.0,1,1.0,1,0.20828442469600797,66
4703,0,7783,3737,4046,0,0,0,1.0,1,1.0,1,1.0,1,0.20608647003202962,65
4704,2,7785,3739,4046,0,0,0,1.0,1,1.0,1,1.0,1,0.21108008994307625,64
4705,4,7789,3741,4048,0,0,0,1.0,1,1.0,1,1.0,1,0.25749786053036877,65
4706,2,7791,3743,4048,0,0,0,1.0,1,1.0,1,1.0,1,0.27131122323444923,65
4707,3,7794,3744,4050,0,0,0,1.0,1,1.0,1,1.0,1,0.262809884508389,63
4708,2,7796,3745,4051,0,0,0,1.0,1,1.0,1,1.0,1,0.24984408160763294,62
4709,2,7798,3746,4052,0,0,0,1.0,1,1.0,1,1.0,1,0.25966722117795826,61
4710,0,7798,3746,4052,0,0,0,1.0,1,1.0,1,1.0,1,0.25823316140158925,60
4711,2,7800,3748,4052,0,0,0,1.0,1,1.0,1,1.0,1,0.26946173318405986,59
4712,0,7800,3748,4052,0,0,0,1.0,1,1.0,1,1.0,1,0.26758203745077797,58
4713,3,7803,3750,4053,0,0,0,1.0,1,1.0,1,1.0,1,0.27791040421962054,58
4714,0,7803,3750,4053,0,0,0,1.0,1,1.0,1,1.0,1,0.2757061169752117,57
4715,0,7803,3750,4053,0,0,0,1.0,1,1.0,1,1.0,1,0.28016593561872205,57
4716,3,7806,3751,4055,0,0,0,1.0,1,1.0,1,1.0,1,0.2474596030858161,55
4717,1,7807,3752,4055,0,0,0,1.0,1,1.0,1,1.0,1,0.27289961630458914,57
4718,1,7808,3752,4056,0,0,0,1.0,1,1.0,1,1.0,1,0.2529215587080479,56
4719,2,7810,3753,4057,0,0,0,1.0,1,1.0,1,1.0,1,0.277549496471215,56
4720,0,7810,3753,4057,0,0,0,1.0,1,1.0,1,1.0,1,0.2799323585159445,57
4721,4,7814,3753,4061,0,0,0,1.0,1,1.0,1,1.0,1,0.23665900820341151,57
4722,2,7816,3754,4062,0,0,0,1.0,1,1.0,1,1.0,1,0.21999947423709093,57
4723,2,7818,3755,4063,0,0,0,1.0,1,1.0,1,1.0,1,0.2385236424142848,57
4724,1,7819,3755,4064,0,0,0,1.0,1,1.0,1,1.0,1,0.2351635691276492,57
4725,1,7820,3756,4064,0,0,0,1.0,1,1.0,1,1.0,1,0.2847410818793862,57
4726,2,7822,3758,4064,0,0,0,1.0,1,1.0,1,1.0,1,0.3139099350588922,57
4727,2,7824,3758,4066,0,0,0,1.0,1,1.0,1,1.0,1,0.299195304849276,56
4728,0,7824,3758,4066,0,0,0,1.0,1,1.0,1,1.0,1,0.31034579696337317,57
4729,0,7824,3758,4066,0,0,0,1.0,1,1.0,1,1.0,1,0.3252930031762264,56
4730,0,7824,3758,4066,0,0,0,1.0,1,1.0,1,1.0,1,0.34149466914266596,54
4731,2,7826,3758,4068,0,0,0,1.0,1,1.0,1,1.0,1,0.31700692079855786,54
4732,2,7828,3760,4068,0,0,0,1.0,1,1.0,1,1.0,1,0.33873483680337974,54
4733,2,7830,3761,4069,0,0,0,1.0,1,1.0,1,1.0,1,0.3389052800583887,55
4734,2,7832,3761,4071,0,0,0,1.0,1,1.0,1,1.0,1,0.3272358406419495,56
4735,3,7835,3763,4072,0,0,0,1.0,1,1.0,1,1.0,1,0.33230517112375835,56
4736,2,7837,3764,4073,0,0,0,1.0,1,1.0,1,1.0,1,0.3390314247860827,58
4737,0,7837,3764,4073,0,0,0,1.0,1,1.0,1,1.0,1,0.3350715733350736,59
4738,3,7840,3767,4073,0,0,0,1.0,1,1.0,1,1.0,1,0.38469404347555103,60
4739,5,7845,3767,4078,0,0,0,1.0,1,1.0,1,1.0,1,0.3228043005373928,60
4740,0,7845,3767,4078,0,0,0,1.0,1,1.0,1,1.0,1,0.3228043005373928,60
4741,2,7847,3769,4078,0,0,0,1.0,1,1.0,1,1.0,1,0.347995997262192,61
4742,3,7850,3770,4080,0,0,0,1.0,1,1.0,1,1.0,1,0.33704921744613453,61
4743,0,7850,3770,4080,0,0,0,1.0,1,1.0,1,1.0,1,0.3281415916223792,60
4744,4,7854,3772,4082,0,0,0,1.0,1,1.0,1,1.0,1,0.318995235603786,60
4745,3,7857,3773,4084,0,0,0,1.0,1,1.0,1,1.0,1,0.29116795419479047,59
4746,1,7858,3774,4084,0,0,0,1.0,1,1.0,1,1.0,1,0.302868920001212,59
4747,3,7861,3776,4085,0,0,0,1.0,1,1.0,1,1.0,1,0.28063357643174197,58
4748,4,7865,3778,4087,0,0,0,1.0,1,1.0,1,1.0,1,0.26089444474136003,58
4749,0,7865,3778,4087,0,0,0,1.0,1,1.0,1,1.0,1,0.25105847065399983,58
4750,2,7867,3779,4088,0,0,0,1.0,1,1.0,1,1.0,1,0.23868268160164458,56
4751,4,7871,3781,4090,0,0,0,1.0,1,1.0,1,1.0,1,0.2532346259306031,58
4752,2,7873,3783,4090,0,0,0,1.0,1,1.0,1,1.0,1,0.25432647855276075,55
4753,0,7873,3783,4090,0,0,0,1.0,1,1.0,1,1.0,1,0.25432647855276075,55
4754,0,7873,3783,4090,0,0,0,1.0,1,1.0,1,1.0,1,0.2560882628544542,54
4755,1,7874,3784,4090,0,0,0,1.0,1,1.0,1,1.0,1,0.2696026613019134,54
4756,4,7878,3785,4093,0,0,0,1.0,1,1.0,1,1.0,1,0.23616654057203088,54
4757,0,7878,3785,4093,0,0,0,1.0,1,1.0,1,1.0,1,0.22711522873957685,53
4758,0,7878,3785,4093,0,0,0,1.0,1,1.0,1,1.0,1,0.22711522873957685,53
4759,1,7879,3785,4094,0,0,0,1.0,1,1.0,1,1.0,1,0.2099711077686738,53
4760,0,7879,3785,4094,0,0,0,1.0,1,1.0,1,1.0,1,0.2099711077686738,53
4761,4,7883,3788,4095,0,0,0,1.0,1,1.0,1,1.0,1,0.24049514151181467,52
4762,7,7890,3789,4101,0,0,0,1.0,1,1.0,1,1.0,1,0.22844415104912633,54
4763,2,7892,3791,4101,0,0,0,1.0,1,1.0,1,1.0,1,0.2630175082038333,54
4764,4,7896,3792,4104,0,0,0,1.0,1,1.0,1,1.0,1,0.23504405611064025,55
4765,3,7899,3793,4106,0,0,0,1.0,1,1.0,1,1.0,1,0.26951304047166214,56
4766,5,7904,3793,4111,0,0,0,1.0,1,1.0,1,1.0,1,0.1961514771704954,58
4767,1,7905,3793,4112,0,0,0,1.0,1,1.0,1,1.0,1,0.18207834289991756,59
4768,3,7908,3796,4112,0,0,0,1.0,1,1.0,1,1.0,1,0.2270892447446901,60
4769,1,7909,3796,4113,0,0,0,1.0,1,1.0,1,1.0,1,0.22517614153052365,59
4770,1,7910,3796,4114,0,0,0,1.0,1,1.0,1,1.0,1,0.22449580834115854,60
4771,0,7910,3796,4114,0,0,0,1.0,1,1.0,1,1.0,1,0.24135398613279166,59
4772,0,7910,3796,4114,0,0,0,1.0,1,1.0,1,1.0,1,0.24135398613279166,59
4773,0,7910,3796,4114,0,0,0,1.0,1,1.0,1,1.0,1,0.22813661411994177,60
4774,0,7910,3796,4114,0,0,0,1.0,1,1.0,1,1.0,1,0.22813661411994177,60
4775,2,7912,3796,4116,0,0,0,1.0,1,1.0,1,1.0,1,0.21931962565908272,62
4776,4,7916,3796,4120,0,0,0,1.0,1,1.0,1,1.0,1,0.17046910435321252,63
4777,0,7916,3796,4120,0,0,0,1.0,1,1.0,1,1.0,1,0.17046910435321252,63
4778,0,7916,3796,4120,0,0,0,1.0,1,1.0,1,1.0,1,0.17046910435321252,63
4779,0,7916,3796,4120,0,0,0,1.0,1,1.0,1,1.0,1,0.17046910435321252,63
4780,2,7918,3797,4121,0,0,0,1.0,1,1.0,1,1.0,1,0.18383732013964366,65
4781,2,7920,3797,4123,0,0,0,1.0,1,1.0,1,1.0,1,0.18514805836039055,64
4782,1,7921,3797,4124,0,0,0,1.0,1,1.0,1,1.0,1,0.18878993392233012,65
4783,7,7928,3800,4128,0,0,0,1.0,1,1.0,1,1.0,1,0.1768828213293961,66
4784,2,7930,3802,4128,0,0,0,1.0,1,1.0,1,1.0,1,0.1695743240903308,64
4785,4,7934,3804,4130,0,0,0,1.0,1,1.0,1,1.0,1,0.18767016804742956,65
4786,6,7940,3806,4134,0,0,0,1.0,1,1.0,1,1.0,1,0.18718539332664494,66
4787,1,7941,3806,4135,0,0,0,1.0,1,1.0,1,1.0,1,0.17129565918319625,63
4788,2,7943,3808,4135,0,0,0,1.0,1,1.0,1,1.0,1,0.17806295346759934,63
4789,2,7945,3810,4135,0,0,0,1.0,1,1.0,1,1.0,1,0.19232899987650298,60
4790,5,7950,3813,4137,0,0,0,1.0,1,1.0,1,1.0,1,0.20115297951930708,61
4791,6,7956,3816,4140,0,0,0,1.0,1,1.0,1,1.0,1,0.19387626039633515,59
4792,2,7958,3818,4140,0,0,0,1.0,1,1.0,1,1.0,1,0.18621607686824027,59
4793,2,7960,3820,4140,0,0,0,1.0,1,1.0,1,1.0,1,0.20594313875808665,61
4794,3,7963,3822,4141,0,0,0,1.0,1,1.0,1,1.0,1,0.17864814188118,60
4795,1,7964,3823,4141,0,0,0,1.0,1,1.0,1,1.0,1,0.17904159585941337,61
4796,2,7966,3824,4142,0,0,0,1.0,1,1.0,1,1.0,1,0.15893375122086723,60
4797,2,7968,3826,4142,0,0,0,1.0,1,1.0,1,1.0,1,0.19934927623973112,61
4798,4,7972,3826,4146,0,0,0,1.0,1,1.0,1,1.0,1,0.12805565086596668,61
4799,0,7972,3826,4146,0,0,0,1.0,1,1.0,1,1.0,1,0.14218841262138882,59
4800,1,7973,3827,4146,0,0,0,1.0,1,1.0,1,1.0,1,0.1403074006360736,57
4801,1,7974,3828,4146,0,0,0,1.0,1,1.0,1,1.0,1,0.13978939266897633,58
4802,0,7974,3828,4146,0,0,0,1.0,1,1.0,1,1.0,1,0.1507922043273908,56
4803,1,7975,3829,4146,0,0,0,1.0,1,1.0,1,1.0,1,0.1751660833135966,57
4804,1,7976,3830,4146,0,0,0,1.0,1,1.0,1,1.0,1,0.16703692520587624,55
4805,0,7976,3830,4146,0,0,0,1.0,1,1.0,1,1.0,1,0.15885671748065627,56
4806,2,7978,3830,4148,0,0,0,1.0,1,1.0,1,1.0,1,0.14346862894296747,55
4807,0,7978,3830,4148,0,0,0,1.0,1,1.0,1,1.0,1,0.16944716511689545,53
4808,2,7980,3831,4149,0,0,0,1.0,1,1.0,1,1.0,1,0.16739835372980696,54
4809,0,7980,3831,4149,0,0,0,1.0,1,1.0,1,1.0,1,0.20047521676150207,53
4810,0,7980,3831,4149,0,0,0,1.0,1,1.0,1,1.0,1,0.20047521676150207,53
4811,1,7981,3831,4150,0,0,0,1.0,1,1.0,1,1.0,1,0.17259673428903433,54
4812,2,7983,3833,4150,0,0,0,1.0,1,1.0,1,1.0,1,0.1616040879252814,54
4813,1,7984,3833,4151,0,0,0,1.0,1,1.0,1,1.0,1,0.14416071392288224,55
4814,2,7986,3835,4151,0,0,0,1.0,1,1.0,1,1.0,1,0.1402711539059955,55
4815,0,7986,3835,4151,0,0,0,1.0,1,1.0,1,1.0,1,0.14075117571573542,56
4816,5,7991,3839,4152,0,0,0,1.0,1,1.0,1,1.0,1,0.16630889445403482,56
4817,3,7994,3841,4153,0,0,0,1.0,1,1.0,1,1.0,1,0.19797690771155296,58
4818,3,7997,3843,4154,0,0,0,1.0,1,1.0,1,1.0,1,0.22546486161797405,58
4819,0,7997,3843,4154,0,0,0,1.0,1,1.0,1,1.0,1,0.21905651511110372,58
4820,0,7997,3843,4154,0,0,0,1.0,1,1.0,1,1.0,1,0.21905651511110372,58
4821,4,8001,3844,4157,0,0,0,1.0,1,1.0,1,1.0,1,0.18752183816736318,58
4822,3,8004,3846,4158,0,0,0,1.0,1,1.0,1,1.0,1,0.1927883152134022,58
4823,1,8005,3847,4158,0,0,0,1.0,1,1.0,1,1.0,1,0.2096911595313846,57
4824,3,8008,3849,4159,0,0,0,1.0,1,1.0,1,1.0,1,0.21191932186825074,56
4825,2,8010,3849,4161,0,0,0,1.0,1,1.0,1,1.0,1,0.19989793585649757,57
4826,2,8012,3849,4163,0,0,0,1.0,1,1.0,1,1.0,1,0.16413405916662152,57
4827,1,8013,3849,4164,0,0,0,1.0,1,1.0,1,1.0,1,0.18461876977127156,56
4828,0,8013,3849,4164,0,0,0,1.0,1,1.0,1,1.0,1,0.17246908475451878,57
4829,2,8015,3850,4165,0,0,0,1.0,1,1.0,1,1.0,1,0.19997376091233696,56
4830,0,8015,3850,4165,0,0,0,1.0,1,1.0,1,1.0,1,0.1858822003059727,57
4831,2,8017,3852,4165,0,0,0,1.0,1,1.0,1,1.0,1,0.23379983909525703,57
4832,0,8017,3852,4165,0,0,0,1.0,1,1.0,1,1.0,1,0.24618419820556028,55
4833,2,8019,3854,4165,0,0,0,1.0,1,1.0,1,1.0,1,0.27510688622984897,55
4834,3,8022,3856,4166,0,0,0,1.0,1,1.0,1,1.0,1,0.286496866042563,55
4835,4,8026,3856,4170,0,0,0,1.0,1,1.0,1,1.0,1,0.24726256226372428,55
4836,2,8028,3856,4172,0,0,0,1.0,1,1.0,1,1.0,1,0.21799867887010152,55
4837,0,8028,3856,4172,0,0,0,1.0,1,1.0,1,1.0,1,0.18868981775415677,53
4838,2,8030,3857,4173,0,0,0,1.0,1,1.0,1,1.0,1,0.17703411136506622,54
4839,4,8034,3861,4173,0,0,0,1.0,1,1.0,1,1.0,1,0.20335482709487926,53
4840,1,8035,3862,4173,0,0,0,1.0,1,1.0,1,1.0,1,0.199905940737825,52
4841,3,8038,3864,4174,0,0,0,1.0,1,1.0,1,1.0,1,0.2140783521734396,51
4842,2,8040,3865,4175,0,0,0,1.0,1,1.0,1,1.0,1,0.23578383619585414,50
4843,3,8043,3867,4176,0,0,0,1.0,1,1.0,1,1.0,1,0.2588966616981824,51
4844,2,8045,3867,4178,0,0,0,1.0,1,1.0,1,1.0,1,0.21050498207337592,50
4845,2,8047,3868,4179,0,0,0,1.0,1,1.0,1,1.0,1,0.23099028197046367,49
4846,3,8050,3869,4181,0,0,0,1.0,1,1.0,1,1.0,1,0.17923858581323168,49
4847,1,8051,3870,4181,0,0,0,1.0,1,1.0,1,1.0,1,0.24810687674188184,48
4848,3,8054,3872,4182,0,0,0,1.0,1,1.0,1,1.0,1,0.2582590984244768,48
4849,2,8056,3873,4183,0,0,0,1.0,1,1.0,1,1.0,1,0.24416079278633832,48
4850,1,8057,3874,4183,0,0,0,1.0,1,1.0,1,1.0,1,0.26763140891493065,49
4851,5,8062,3875,4187,0,0,0,1.0,1,1.0,1,1.0,1,0.18035902057752287,49
4852,1,8063,3875,4188,0,0,0,1.0,1,1.0,1,1.0,1,0.21502399668633781,49
4853,0,8063,3875,4188,0,0,0,1.0,1,1.0,1,1.0,1,0.2123171210745873,50
4854,1,8064,3875,4189,0,0,0,1.0,1,1.0,1,1.0,1,0.21750468158093605,51
4855,0,8064,3875,4189,0,0,0,1.0,1,1.0,1,1.0,1,0.21750468158093605,51
4856,1,8065,3875,4190,0,0,0,1.0,1,1.0,1,1.0,1,0.20433606986023461,50
4857,0,8065,3875,4190,0,0,0,1.0,1,1.0,1,1.0,1,0.20101923172778977,51
4858,0,8065,3875,4190,0,0,0,1.0,1,1.0,1,1.0,1,0.21082336805873333,51
4859,1,8066,3875,4191,0,0,0,1.0,1,1.0,1,1.0,1,0.2202750204622804,52
4860,0,8066,3875,4191,0,0,0,1.0,1,1.0,1,1.0,1,0.2202750204622804,52
4861,2,8068,3875,4193,0,0,0,1.0,1,1.0,1,1.0,1,0.2101389195725905,53
4862,2,8070,3877,4193,0,0,0,1.0,1,1.0,1,1.0,1,0.24033154736744072,53
4863,0,8070,3877,4193,0,0,0,1.0,1,1.0,1,1.0,1,0.24753292029125382,51
4864,3,8073,3878,4195,0,0,0,1.0,1,1.0,1,1.0,1,0.23357566879079023,53
4865,0,8073,3878,4195,0,0,0,1.0,1,1.0,1,1.0,1,0.23751438443935444,52
4866,5,8078,3879,4199,0,0,0,1.0,1,1.0,1,1.0,1,0.18716678553784294,53
4867,3,8081,3880,4201,0,0,0,1.0,1,1.0,1,1.0,1,0.16045039083486418,51
4868,2,8083,3881,4202,0,0,0,1.0,1,1.0,1,1.0,1,0.14662916160758147,53
4869,0,8083,3881,4202,0,0,0,1.0,1,1.0,1,1.0,1,0.14662916160758147,53
4870,2,8085,3883,4202,0,0,0,1.0,1,1.0,1,1.0,1,0.15422342064280828,55
4871,2,8087,3884,4203,0,0,0,1.0,1,1.0,1,1.0,1,0.15997196450640597,55
4872,4,8091,3886,4205,0,0,0,1.0,1,1.0,1,1.0,1,0.1511527235140765,56
4873,2,8093,3886,4207,0,0,0,1.0,1,1.0,1,1.0,1,0.13956513925983102,56
4874,1,8094,3887,4207,0,0,0,1.0,1,1.0,1,1.0,1,0.13674120697749906,58
4875,1,8095,3888,4207,0,0,0,1.0,1,1.0,1,1.0,1,0.16524598155123885,56
4876,3,8098,3888,4210,0,0,0,1.0,1,1.0,1,1.0,1,0.12962964464098162,56
4877,1,8099,3889,4210,0,0,0,1.0,1,1.0,1,1.0,1,0.14561096852796668,54
4878,2,8101,3890,4211,0,0,0,1.0,1,1.0,1,1.0,1,0.1576034979370522,54
4879,6,8107,3894,4213,0,0,0,1.0,1,1.0,1,1.0,1,0.1720766184187336,54
4880,1,8108,3894,4214,0,0,0,1.0,1,1.0,1,1.0,1,0.14032105200864797,53
4881,1,8109,3894,4215,0,0,0,1.0,1,1.0,1,1.0,1,0.13433231987912714,54
4882,0,8109,3894,4215,0,0,0,1.0,1,1.0,1,1.0,1,0.14196408047928324,52
4883,1,8110,3895,4215,0,0,0,1.0,1,1.0,1,1.0,1,0.17268017351189432,54
4884,0,8110,3895,4215,0,0,0,1.0,1,1.0,1,1.0,1,0.1592246487112563,52
4885,1,8111,3896,4215,0,0,0,1.0,1,1.0,1,1.0,1,0.20056450411600776,51
4886,0,8111,3896,4215,0,0,0,1.0,1,1.0,1,1.0,1,0.20019320894912457,50
4887,0,8111,3896,4215,0,0,0,1.0,1,1.0,1,1.0,1,0.2237395321249006,49
4888,0,8111,3896,4215,0,0,0,1.0,1,1.0,1,1.0,1,0.22853556236952532,48
4889,0,8111,3896,4215,0,0,0,1.0,1,1.0,1,1.0,1,0.22853556236952532,48
4890,0,8111,3896,4215,0,0,0,1.0,1,1.0,1,1.0,1,0.22853556236952532,48
4891,2,8113,3898,4215,0,0,0,1.0,1,1.0,1,1.0,1,0.2650734773494639,49
4892,1,8114,3898,4216,0,0,0,1.0,1,1.0,1,1.0,1,0.2787980191134857,51
4893,0,8114,3898,4216,0,0,0,1.0,1,1.0,1,1.0,1,0.28004267368820723,51
4894,1,8115,3898,4217,0,0,0,1.0,1,1.0,1,1.0,1,0.2616199956664241,52
4895,1,8116,3898,4218,0,0,0,1.0,1,1.0,1,1.0,1,0.24465792493441366,52
4896,2,8118,3899,4219,0,0,0,1.0,1,1.0,1,1.0,1,0.2259663580464013,51
4897,0,8118,3899,4219,0,0,0,1.0,1,1.0,1,1.0,1,0.22003853569011272,52
4898,2,8120,3901,4219,0,0,0,1.0,1,1.0,1,1.0,1,0.20527709046299536,52
4899,1,8121,3901,4220,0,0,0,1.0,1,1.0,1,1.0,1,0.1881529947300829,53
4900,1,8122,3902,4220,0,0,0,1.0,1,1.0,1,1.0,1,0.16547721440641652,54
4901,3,8125,3905,4220,0,0,0,1.0,1,1.0,1,1.0,1,0.1697617935104553,54
4902,1,8126,3906,4220,0,0,0,1.0,1,1.0,1,1.0,1,0.17357541313981703,55
4903,2,8128,3907,4221,0,0,0,1.0,1,1.0,1,1.0,1,0.2039965876711783,56
4904,4,8132,3909,4223,0,0,0,1.0,1,1.0,1,1.0,1,0.22130280685829623,55
4905,0,8132,3909,4223,0,0,0,1.0,1,1.0,1,1.0,1,0.2214155916686525,54
4906,7,8139,3911,4228,0,0,0,1.0,1,1.0,1,1.0,1,0.2122332321865699,54
4907,0,8139,3911,4228,0,0,0,1.0,1,1.0,1,1.0,1,0.2121193622189056,54
4908,0,8139,3911,4228,0,0,0,1.0,1,1.0,1,1.0,1,0.20557780876850784,53
4909,3,8142,3913,4229,0,0,0,1.0,1,1.0,1,1.0,1,0.22229452193805954,54
4910,0,8142,3913,4229,0,0,0,1.0,1,1.0,1,1.0,1,0.22566106709431474,55
4911,4,8146,3914,4232,0,0,0,1.0,1,1.0,1,1.0,1,0.19815663688927937,57
4912,2,8148,3916,4232,0,0,0,1.0,1,1.0,1,1.0,1,0.1853918862357041,57
4913,0,8148,3916,4232,0,0,0,1.0,1,1.0,1,1.0,1,0.16816704744692393,56
4914,0,8148,3916,4232,0,0,0,1.0,1,1.0,1,1.0,1,0.16816704744692393,56
4915,1,8149,3917,4232,0,0,0,1.0,1,1.0,1,1.0,1,0.17932028842708347,56
4916,2,8151,3917,4234,0,0,0,1.0,1,1.0,1,1.0,1,0.14995774311335128,54
4917,0,8151,3917,4234,0,0,0,1.0,1,1.0,1,1.0,1,0.16888514473520458,53
4918,0,8151,3917,4234,0,0,0,1.0,1,1.0,1,1.0,1,0.18887996710928487,52
4919,0,8151,3917,4234,0,0,0,1.0,1,1.0,1,1.0,1,0.2238496935170716,49
4920,0,8151,3917,4234,0,0,0,1.0,1,1.0,1,1.0,1,0.2238496935170716,49
4921,2,8153,3919,4234,0,0,0,1.0,1,1.0,1,1.0,1,0.3130469010865564,50
4922,1,8154,3919,4235,0,0,0,1.0,1,1.0,1,1.0,1,0.3068742311147843,50
4923,4,8158,3922,4236,0,0,0,1.0,1,1.0,1,1.0,1,0.2767798737064011,52
4924,4,8162,3923,4239,0,0,0,1.0,1,1.0,1,1.0,1,0.24118926903336946,53
4925,4,8166,3924,4242,0,0,0,1.0,1,1.0,1,1.0,1,0.19212927748684083,54
4926,3,8169,3924,4245,0,0,0,1.0,1,1.0,1,1.0,1,0.14864861413378577,54
4927,2,8171,3926,4245,0,0,0,1.0,1,1.0,1,1.0,1,0.1517325406539616,54
4928,0,8171,3926,4245,0,0,0,1.0,1,1.0,1,1.0,1,0.1517325406539616,54
4929,0,8171,3926,4245,0,0,0,1.0,1,1.0,1,1.0,1,0.1453558866664471,55
4930,1,8172,3927,4245,0,0,0,1.0,1,1.0,1,1.0,1,0.2035747608070006,58
4931,1,8173,3927,4246,0,0,0,1.0,1,1.0,1,1.0,1,0.19298057511434433,58
4932,0,8173,3927,4246,0,0,0,1.0,1,1.0,1,1.0,1,0.2065127330846408,59
4933,0,8173,3927,4246,0,0,0,1.0,1,1.0,1,1.0,1,0.2065127330846408,59
4934,0,8173,3927,4246,0,0,0,1.0,1,1.0,1,1.0,1,0.2065127330846408,59
4935,4,8177,3928,4249,0,0,0,1.0,1,1.0,1,1.0,1,0.1849264540163377,59
4936,2,8179,3929,4250,0,0,0,1.0,1,1.0,1,1.0,1,0.20891608149894042,59
4937,1,8180,3929,4251,0,0,0,1.0,1,1.0,1,1.0,1,0.21279311977317703,61
4938,1,8181,3929,4252,0,0,0,1.0,1,1.0,1,1.0,1,0.21325917639153819,62
4939,2,8183,3929,4254,0,0,0,1.0,1,1.0,1,1.0,1,0.19324600525429103,63
4940,0,8183,3929,4254,0,0,0,1.0,1,1.0,1,1.0,1,0.21532935353434654,65
4941,3,8186,3930,4256,0,0,0,1.0,1,1.0,1,1.0,1,0.20439761391441283,65
4942,3,8189,3933,4256,0,0,0,1.0,1,1.0,1,1.0,1,0.23753756899331632,67
4943,2,8191,3933,4258,0,0,0,1.0,1,1.0,1,1.0,1,0.22918886857156825,66
4944,3,8194,3936,4258,0,0,0,1.0,1,1.0,1,1.0,1,0.26505438331126413,63
4945,2,8196,3937,4259,0,0,0,1.0,1,1.0,1,1.0,1,0.2545678614407336,61
4946,10,8206,3939,4267,0,0,0,1.0,1,1.0,1,1.0,1,0.16448004228938962,60
4947,0,8206,3939,4267,0,0,0,1.0,1,1.0,1,1.0,1,0.15704585404836352,58
4948,3,8209,3941,4268,0,0,0,1.0,1,1.0,1,1.0,1,0.18698686036934417,57
4949,2,8211,3942,4269,0,0,0,1.0,1,1.0,1,1.0,1,0.1662060579913102,56
4950,1,8212,3943,4269,0,0,0,1.0,1,1.0,1,1.0,1,0.16783080210034423,57
4951,5,8217,3945,4272,0,0,0,1.0,1,1.0,1,1.0,1,0.13114842941145735,55
4952,3,8220,3948,4272,0,0,0,1.0,1,1.0,1,1.0,1,0.18259231141638285,55
4953,3,8223,3950,4273,0,0,0,1.0,1,1.0,1,1.0,1,0.1612704777974122,54
4954,1,8224,3951,4273,0,0,0,1.0,1,1.0,1,1.0,1,0.178978035532477,54
4955,1,8225,3951,4274,0,0,0,1.0,1,1.0,1,1.0,1,0.13825285195554454,52
4956,1,8226,3951,4275,0,0,0,1.0,1,1.0,1,1.0,1,0.11668298948721523,52
4957,1,8227,3951,4276,0,0,0,1.0,1,1.0,1,1.0,1,0.1132915571409617,53
4958,1,8228,3952,4276,0,0,0,1.0,1,1.0,1,1.0,1,0.12269935168805647,52
4959,1,8229,3953,4276,0,0,0,1.0,1,1.0,1,1.0,1,0.13408003897336904,51
4960,0,8229,3953,4276,0,0,0,1.0,1,1.0,1,1.0,1,0.12900422793130437,53
4961,0,8229,3953,4276,0,0,0,1.0,1,1.0,1,1.0,1,0.12900422793130437,53
4962,1,8230,3953,4277,0,0,0,1.0,1,1.0,1,1.0,1,0.13883643259939887,55
4963,0,8230,3953,4277,0,0,0,1.0,1,1.0,1,1.0,1,0.12204246794047938,54
4964,0,8230,3953,4277,0,0,0,1.0,1,1.0,1,1.0,1,0.12204246794047938,54
4965,0,8230,3953,4277,0,0,0,1.0,1,1.0,1,1.0,1,0.12204246794047938,54
4966,1,8231,3954,4277,0,0,0,1.0,1,1.0,1,1.0,1,0.13699820640165916,54
4967,3,8234,3957,4277,0,0,0,1.0,1,1.0,1,1.0,1,0.13767033510918703,55
4968,2,8236,3959,4277,0,0,0,1.0,1,1.0,1,1.0,1,0.16259315111028227,55
4969,4,8240,3960,4280,0,0,0,1.0,1,1.0,1,1.0,1,0.1766495332814693,57
4970,0,8240,3960,4280,0,0,0,1.0,1,1.0,1,1.0,1,0.19508728587218468,56
4971,2,8242,3961,4281,0,0,0,1.0,1,1.0,1,1.0,1,0.16765025480477405,57
4972,3,8245,3962,4283,0,0,0,1.0,1,1.0,1,1.0,1,0.2013351641672503,57
4973,3,8248,3963,4285,0,0,0,1.0,1,1.0,1,1.0,1,0.1776262208808922,60
4974,1,8249,3964,4285,0,0,0,1.0,1,1.0,1,1.0,1,0.20309406446771475,58
4975,3,8252,3965,4287,0,0,0,1.0,1,1.0,1,1.0,1,0.18145105456722344,59
4976,3,8255,3966,4289,0,0,0,1.0,1,1.0,1,1.0,1,0.17662826670491805,59
4977,3,8258,3969,4289,0,0,0,1.0,1,1.0,1,1.0,1,0.18755099214720897,59
4978,2,8260,3971,4289,0,0,0,1.0,1,1.0,1,1.0,1,0.17024718939752725,59
4979,2,8262,3971,4291,0,0,0,1.0,1,1.0,1,1.0,1,0.1576619198877635,61
4980,2,8264,3973,4291,0,0,0,1.0,1,1.0,1,1.0,1,0.16531199153554718,62
4981,1,8265,3974,4291,0,0,0,1.0,1,1.0,1,1.0,1,0.1813893583923857,62
4982,3,8268,3975,4293,0,0,0,1.0,1,1.0,1,1.0,1,0.13159308798689953,63
4983,0,8268,3975,4293,0,0,0,1.0,1,1.0,1,1.0,1,0.13145493217206428,63
4984,1,8269,3976,4293,0,0,0,1.0,1,1.0,1,1.0,1,0.15473616734277348,61
4985,0,8269,3976,4293,0,0,0,1.0,1,1.0,1,1.0,1,0.1659221154594758,59
4986,6,8275,3978,4297,0,0,0,1.0,1,1.0,1,1.0,1,0.14983212292712175,62
4987,1,8276,3979,4297,0,0,0,1.0,1,1.0,1,1.0,1,0.16731613642031334,60
4988,1,8277,3980,4297,0,0,0,1.0,1,1.0,1,1.0,1,0.18217984464005613,59
4989,2,8279,3982,4297,0,0,0,1.0,1,1.0,1,1.0,1,0.1898872686500863,57
4990,1,8280,3982,4298,0,0,0,1.0,1,1.0,1,1.0,1,0.18153500521048682,55
4991,5,8285,3986,4299,0,0,0,1.0,1,1.0,1,1.0,1,0.13672188310365507,54
4992,2,8287,3986,4301,0,0,0,1.0,1,1.0,1,1.0,1,0.11216861942201836,52
4993,0,8287,3986,4301,0,0,0,1.0,1,1.0,1,1.0,1,0.09379336657998731,51
4994,1,8288,3987,4301,0,0,0,1.0,1,1.0,1,1.0,1,0.16716712623107102,49
4995,5,8293,3991,4302,0,0,0,1.0,1,1.0,1,1.0,1,0.2099930218728789,48
4996,5,8298,3995,4303,0,0,0,1.0,1,1.0,1,1.0,1,0.18928820232162225,48
4997,0,8298,3995,4303,0,0,0,1.0,1,1.0,1,1.0,1,0.18482944189448178,46
4998,2,8300,3996,4304,0,0,0,1.0,1,1.0,1,1.0,1,0.21169618783496036,48
4999,3,8303,3998,4305,0,0,0,1.0,1,1.0,1,1.0,1,0.2598142110528699,48
5000,0,8303,3998,4305,0,0,0,1.0,1,1.0,1,1.0,1,0.23921955834538364,47
5001,4,8307,3999,4308,0,0,0,1.0,1,1.0,1,1.0,1,0.24745949424153726,45
5002,3,8310,4002,4308,0,0,0,1.0,1,1.0,1,1.0,1,0.27394841724975577,46
5003,1,8311,4002,4309,0,0,0,1.0,1,1.0,1,1.0,1,0.27680163012478126,46
5004,3,8314,4004,4310,0,0,0,1.0,1,1.0,1,1.0,1,0.2904709174504813,46
5005,0,8314,4004,4310,0,0,0,1.0,1,1.0,1,1.0,1,0.3121522038390395,45
5006,0,8314,4004,4310,0,0,0,1.0,1,1.0,1,1.0,1,0.34114940936100496,45
5007,1,8315,4004,4311,0,0,0,1.0,1,1.0,1,1.0,1,0.3231892985145321,46
5008,1,8316,4004,4312,0,0,0,1.0,1,1.0,1,1.0,1,0.3118558294091951,49
5009,0,8316,4004,4312,0,0,0,1.0,1,1.0,1,1.0,1,0.31309554697774844,49
5010,2,8318,4004,4314,0,0,0,1.0,1,1.0,1,1.0,1,0.2938028119451602,50
5011,2,8320,4004,4316,0,0,0,1.0,1,1.0,1,1.0,1,0.2560622944645636,51
5012,0,8320,4004,4316,0,0,0,1.0,1,1.0,1,1.0,1,0.25952376538825983,52
5013,0,8320,4004,4316,0,0,0,1.0,1,1.0,1,1.0,1,0.25952376538825983,52
5014,0,8320,4004,4316,0,0,0,1.0,1,1.0,1,1.0,1,0.25892379585760245,53
5015,3,8323,4005,4318,0,0,0,1.0,1,1.0,1,1.0,1,0.2678254556053955,54
5016,0,8323,4005,4318,0,0,0,1.0,1,1.0,1,1.0,1,0.27435353926630507,55
5017,1,8324,4005,4319,0,0,0,1.0,1,1.0,1,1.0,1,0.26747037343006175,55
5018,0,8324,4005,4319,0,0,0,1.0,1,1.0,1,1.0,1,0.27662227116440624,56
5019,1,8325,4006,4319,0,0,0,1.0,1,1.0,1,1.0,1,0.29565460708320684,56
5020,1,8326,4007,4319,0,0,0,1.0,1,1.0,1,1.0,1,0.2936540432314627,55
5021,2,8328,4007,4321,0,0,0,1.0,1,1.0,1,1.0,1,0.2863346044995482,56
5022,3,8331,4010,4321,0,0,0,1.0,1,1.0,1,1.0,1,0.31342073445356106,56
5023,1,8332,4011,4321,0,0,0,1.0,1,1.0,1,1.0,1,0.30369994262650174,55
5024,3,8335,4014,4321,0,0,0,1.0,1,1.0,1,1.0,1,0.3341126768071504,55
5025,1,8336,4015,4321,0,0,0,1.0,1,1.0,1,1.0,1,0.33320140463806974,53
5026,3,8339,4017,4322,0,0,0,1.0,1,1.0,1,1.0,1,0.3203073666778731,52
5027,5,8344,4018,4326,0,0,0,1.0,1,1.0,1,1.0,1,0.3106602117481756,51
5028,2,8346,4020,4326,0,0,0,1.0,1,1.0,1,1.0,1,0.35618232729634847,51
5029,1,8347,4021,4326,0,0,0,1.0,1,1.0,1,1.0,1,0.35234247489055404,50
5030,2,8349,4023,4326,0,0,0,1.0,1,1.0,1,1.0,1,0.34946506282293455,49
5031,4,8353,4024,4329,0,0,0,1.0,1,1.0,1,1.0,1,0.3240185727093561,49
5032,2,8355,4026,4329,0,0,0,1.0,1,1.0,1,1.0,1,0.32032698804468157,48
5033,5,8360,4029,4331,0,0,0,1.0,1,1.0,1,1.0,1,0.3580548213580109,50
5034,1,8361,4029,4332,0,0,0,1.0,1,1.0,1,1.0,1,0.32440437344707895,49
5035,2,8363,4031,4332,0,0,0,1.0,1,1.0,1,1.0,1,0.3786660858865944,49
5036,5,8368,4032,4336,0,0,0,1.0,1,1.0,1,1.0,1,0.31591874609230874,47
5037,0,8368,4032,4336,0,0,0,1.0,1,1.0,1,1.0,1,0.3198702623450051,47
5038,0,8368,4032,4336,0,0,0,1.0,1,1.0,1,1.0,1,0.3229919450338163,47
5039,0,8368,4032,4336,0,0,0,1.0,1,1.0,1,1.0,1,0.3298805868007656,48
5040,0,8368,4032,4336,0,0,0,1.0,1,1.0,1,1.0,1,0.3298805868007656,48
5041,4,8372,4032,4340,0,0,0,1.0,1,1.0,1,1.0,1,0.2956075420002765,48
5042,0,8372,4032,4340,0,0,0,1.0,1,1.0,1,1.0,1,0.2941713156999173,50
5043,1,8373,4032,4341,0,0,0,1.0,1,1.0,1,1.0,1,0.28684588680762896,51
5044,0,8373,4032,4341,0,0,0,1.0,1,1.0,1,1.0,1,0.28684588680762896,51
5045,2,8375,4032,4343,0,0,0,1.0,1,1.0,1,1.0,1,0.27511338392860635,52
5046,2,8377,4033,4344,0,0,0,1.0,1,1.0,1,1.0,1,0.2869272970467772,51
5047,0,8377,4033,4344,0,0,0,1.0,1,1.0,1,1.0,1,0.2869272970467772,51
5048,2,8379,4034,4345,0,0,0,1.0,1,1.0,1,1.0,1,0.2689691821608184,52
5049,1,8380,4035,4345,0,0,0,1.0,1,1.0,1,1.0,1,0.2878461297787664,54
5050,3,8383,4035,4348,0,0,0,1.0,1,1.0,1,1.0,1,0.26444678242771297,56
5051,4,8387,4035,4352,0,0,0,1.0,1,1.0,1,1.0,1,0.22024339513377902,55
5052,0,8387,4035,4352,0,0,0,1.0,1,1.0,1,1.0,1,0.22024339513377902,55
5053,2,8389,4036,4353,0,0,0,1.0,1,1.0,1,1.0,1,0.21172697932691653,55
5054,1,8390,4037,4353,0,0,0,1.0,1,1.0,1,1.0,1,0.23069625336816185,55
5055,1,8391,4037,4354,0,0,0,1.0,1,1.0,1,1.0,1,0.2309690375853131,55
5056,1,8392,4037,4355,0,0,0,1.0,1,1.0,1,1.0,1,0.22664623207017834,56
5057,2,8394,4037,4357,0,0,0,1.0,1,1.0,1,1.0,1,0.20317959510139266,58
5058,3,8397,4037,4360,0,0,0,1.0,1,1.0,1,1.0,1,0.14977581240094145,59
5059,1,8398,4037,4361,0,0,0,1.0,1,1.0,1,1.0,1,0.13958746130232216,59
5060,0,8398,4037,4361,0,0,0,1.0,1,1.0,1,1.0,1,0.13958746130232216,59
5061,1,8399,4037,4362,0,0,0,1.0,1,1.0,1,1.0,1,0.13198810256264082,59
5062,3,8402,4040,4362,0,0,0,1.0,1,1.0,1,1.0,1,0.21850357035627377,59
5063,7,8409,4041,4368,0,0,0,1.0,1,1.0,1,1.0,1,0.20771327765290268,59
5064,4,8413,4045,4368,0,0,0,1.0,1,1.0,1,1.0,1,0.26960318808281564,57
5065,3,8416,4046,4370,0,0,0,1.0,1,1.0,1,1.0,1,0.27957616216360703,55
5066,2,8418,4047,4371,0,0,0,1.0,1,1.0,1,1.0,1,0.2856905778384459,55
5067,4,8422,4048,4374,0,0,0,1.0,1,1.0,1,1.0,1,0.24068237020542801,54
5068,1,8423,4048,4375,0,0,0,1.0,1,1.0,1,1.0,1,0.2177865691863884,54
5069,2,8425,4049,4376,0,0,0,1.0,1,1.0,1,1.0,1,0.19205954665627714,54
5070,3,8428,4051,4377,0,0,0,1.0,1,1.0,1,1.0,1,0.2254158230671519,52
5071,3,8431,4053,4378,0,0,0,1.0,1,1.0,1,1.0,1,0.23086918749221647,54
5072,0,8431,4053,4378,0,0,0,1.0,1,1.0,1,1.0,1,0.20346356257267978,52
5073,0,8431,4053,4378,0,0,0,1.0,1,1.0,1,1.0,1,0.1921891438818116,51
5074,0,8431,4053,4378,0,0,0,1.0,1,1.0,1,1.0,1,0.18031068894897076,52
5075,2,8433,4053,4380,0,0,0,1.0,1,1.0,1,1.0,1,0.1582844113572102,53
5076,1,8434,4053,4381,0,0,0,1.0,1,1.0,1,1.0,1,0.12926176701831396,53
5077,1,8435,4054,4381,0,0,0,1.0,1,1.0,1,1.0,1,0.17409259543456063,56
5078,0,8435,4054,4381,0,0,0,1.0,1,1.0,1,1.0,1,0.19291889624038835,55
5079,0,8435,4054,4381,0,0,0,1.0,1,1.0,1,1.0,1,0.20350555675714457,56
5080,1,8436,4054,4382,0,0,0,1.0,1,1.0,1,1.0,1,0.17950125759783206,57
5081,2,8438,4054,4384,0,0,0,1.0,1,1.0,1,1.0,1,0.17499701451493963,58
5082,0,8438,4054,4384,0,0,0,1.0,1,1.0,1,1.0,1,0.17499701451493963,58
5083,1,8439,4054,4385,0,0,0,1.0,1,1.0,1,1.0,1,0.17782489668907872,59
5084,1,8440,4054,4386,0,0,0,1.0,1,1.0,1,1.0,1,0.15304346587549164,59
5085,0,8440,4054,4386,0,0,0,1.0,1,1.0,1,1.0,1,0.1573832904046515,60
5086,0,8440,4054,4386,0,0,0,1.0,1,1.0,1,1.0,1,0.15280734498033824,61
5087,4,8444,4057,4387,0,0,0,1.0,1,1.0,1,1.0,1,0.1439305394883002,62
5088,5,8449,4058,4391,0,0,0,1.0,1,1.0,1,1.0,1,0.13365220272376738,64
5089,5,8454,4061,4393,0,0,0,1.0,1,1.0,1,1.0,1,0.14308712366954157,64
5090,0,8454,4061,4393,0,0,0,1.0,1,1.0,1,1.0,1,0.14308712366954157,64
5091,7,8461,4065,4396,0,0,0,1.0,1,1.0,1,1.0,1,0.16594120091207495,64
5092,3,8464,4067,4397,0,0,0,1.0,1,1.0,1,1.0,1,0.1684379122401403,64
5093,0,8464,4067,4397,0,0,0,1.0,1,1.0,1,1.0,1,0.1684379122401403,64
5094,1,8465,4068,4397,0,0,0,1.0,1,1.0,1,1.0,1,0.19001626274901226,65
5095,2,8467,4069,4398,0,0,0,1.0,1,1.0,1,1.0,1,0.19611874319491612,66
5096,1,8468,4069,4399,0,0,0,1.0,1,1.0,1,1.0,1,0.17104465105031183,66
5097,2,8470,4070,4400,0,0,0,1.0,1,1.0,1,1.0,1,0.16781036879693867,67
5098,2,8472,4071,4401,0,0,0,1.0,1,1.0,1,1.0,1,0.15596969986036446,67
5099,3,8475,4072,4403,0,0,0,1.0,1,1.0,1,1.0,1,0.13531525730427965,70
5100,0,8475,4072,4403,0,0,0,1.0,1,1.0,1,1.0,1,0.14530746678076478,71
5101,0,8475,4072,4403,0,0,0,1.0,1,1.0,1,1.0,1,0.14618623559214972,72
5102,3,8478,4074,4404,0,0,0,1.0,1,1.0,1,1.0,1,0.15131659312869178,72
5103,2,8480,4076,4404,0,0,0,1.0,1,1.0,1,1.0,1,0.15985657322864322,70
5104,3,8483,4079,4404,0,0,0,1.0,1,1.0,1,1.0,1,0.18842128456466242,67
5105,4,8487,4082,4405,0,0,0,1.0,1,1.0,1,1.0,1,0.2319274370060563,66
5106,9,8496,4086,4410,0,0,0,1.0,1,1.0,1,1.0,1,0.2179818719851998,64
5107,4,8500,4090,4410,0,0,0,1.0,1,1.0,1,1.0,1,0.2231982348231584,61
5108,4,8504,4092,4412,0,0,0,1.0,1,1.0,1,1.0,1,0.23704556677161653,57
5109,3,8507,4095,4412,0,0,0,1.0,1,1.0,1,1.0,1,0.2694113680287492,55
5110,1,8508,4096,4412,0,0,0,1.0,1,1.0,1,1.0,1,0.2878890349380444,53
5111,8,8516,4099,4417,0,0,0,1.0,1,1.0,1,1.0,1,0.257685098426482,52
5112,2,8518,4101,4417,0,0,0,1.0,1,1.0,1,1.0,1,0.23720858394961675,52
5113,0,8518,4101,4417,0,0,0,1.0,1,1.0,1,1.0,1,0.2309597231000085,49
5114,5,8523,4106,4417,0,0,0,1.0,1,1.0,1,1.0,1,0.2170638339549172,49
5115,3,8526,4106,4420,0,0,0,1.0,1,1.0,1,1.0,1,0.2005729343659289,48
5116,1,8527,4107,4420,0,0,0,1.0,1,1.0,1,1.0,1,0.2091256397965816,47
5117,0,8527,4107,4420,0,0,0,1.0,1,1.0,1,1.0,1,0.22324552293283562,48
5118,0,8527,4107,4420,0,0,0,1.0,1,1.0,1,1.0,1,0.20032641451164812,49
5119,4,8531,4110,4421,0,0,0,1.0,1,1.0,1,1.0,1,0.18410747650017584,49
5120,0,8531,4110,4421,0,0,0,1.0,1,1.0,1,1.0,1,0.19379651108459475,48
5121,1,8532,4111,4421,0,0,0,1.0,1,1.0,1,1.0,1,0.18933787591616796,48
5122,0,8532,4111,4421,0,0,0,1.0,1,1.0,1,1.0,1,0.20051824412999839,46
5123,0,8532,4111,4421,0,0,0,1.0,1,1.0,1,1.0,1,0.20051824412999839,46
5124,1,8533,4111,4422,0,0,0,1.0,1,1.0,1,1.0,1,0.18186895740478914,47
5125,5,8538,4112,4426,0,0,0,1.0,1,1.0,1,1.0,1,0.19016980399742708,49
5126,0,8538,4112,4426,0,0,0,1.0,1,1.0,1,1.0,1,0.19016980399742708,49
5127,2,8540,4113,4427,0,0,0,1.0,1,1.0,1,1.0,1,0.19733408787379214,51
5128,4,8544,4115,4429,0,0,0,1.0,1,1.0,1,1.0,1,0.21292495151484506,53
5129,7,8551,4116,4435,0,0,0,1.0,1,1.0,1,1.0,1,0.16255053610148282,55
5130,2,8553,4117,4436,0,0,0,1.0,1,1.0,1,1.0,1,0.16005670948548023,55
5131,1,8554,4117,4437,0,0,0,1.0,1,1.0,1,1.0,1,0.14933056633723266,55
5132,2,8556,4118,4438,0,0,0,1.0,1,1.0,1,1.0,1,0.16729887456338233,55
5133,0,8556,4118,4438,0,0,0,1.0,1,1.0,1,1.0,1,0.17160051460144354,56
5134,1,8557,4118,4439,0,0,0,1.0,1,1.0,1,1.0,1,0.18404344484712123,56
5135,0,8557,4118,4439,0,0,0,1.0,1,1.0,1,1.0,1,0.18404344484712123,56
5136,0,8557,4118,4439,0,0,0,1.0,1,1.0,1,1.0,1,0.19095041073403562,55
5137,1,8558,4118,4440,0,0,0,1.0,1,1.0,1,1.0,1,0.18338178198575192,55
5138,1,8559,4118,4441,0,0,0,1.0,1,1.0,1,1.0,1,0.16952558063090084,54
5139,2,8561,4120,4441,0,0,0,1.0,1,1.0,1,1.0,1,0.17605805327980595,54
5140,1,8562,4121,4441,0,0,0,1.0,1,1.0,1,1.0,1,0.19369939222819768,54
5141,6,8568,4124,4444,0,0,0,1.0,1,1.0,1,1.0,1,0.17891206489393566,53
5142,9,8577,4128,4449,0,0,0,1.0,1,1.0,1,1.0,1,0.18220321867641182,55
5143,3,8580,4131,4449,0,0,0,1.0,1,1.0,1,1.0,1,0.17801536191734166,54
5144,4,8584,4133,4451,0,0,0,1.0,1,1.0,1,1.0,1,0.1721371581977302,50
5145,2,8586,4134,4452,0,0,0,1.0,1,1.0,1,1.0,1,0.18126757911617652,51
5146,1,8587,4135,4452,0,0,0,1.0,1,1.0,1,1.0,1,0.17382127950653695,48
5147,3,8590,4137,4453,0,0,0,1.0,1,1.0,1,1.0,1,0.21883388248596697,49
5148,0,8590,4137,4453,0,0,0,1.0,1,1.0,1,1.0,1,0.20686411540365202,47
5149,1,8591,4138,4453,0,0,0,1.0,1,1.0,1,1.0,1,0.22071666929239508,46
5150,5,8596,4142,4454,0,0,0,1.0,1,1.0,1,1.0,1,0.234634658767541,46
5151,1,8597,4142,4455,0,0,0,1.0,1,1.0,1,1.0,1,0.21813908882105834,45
5152,4,8601,4146,4455,0,0,0,1.0,1,1.0,1,1.0,1,0.24681590343196974,45
5153,3,8604,4148,4456,0,0,0,1.0,1,1.0,1,1.0,1,0.24677008456851954,45
5154,1,8605,4149,4456,0,0,0,1.0,1,1.0,1,1.0,1,0.2598191049644212,45
5155,1,8606,4150,4456,0,0,0,1.0,1,1.0,1,1.0,1,0.2774449724552176,44
5156,2,8608,4150,4458,0,0,0,1.0,1,1.0,1,1.0,1,0.22087185134447251,44
5157,0,8608,4150,4458,0,0,0,1.0,1,1.0,1,1.0,1,0.21805146125548933,42
5158,1,8609,4151,4458,0,0,0,1.0,1,1.0,1,1.0,1,0.23414790857096315,43
5159,1,8610,4151,4459,0,0,0,1.0,1,1.0,1,1.0,1,0.2374120970286856,43
5160,0,8610,4151,4459,0,0,0,1.0,1,1.0,1,1.0,1,0.2374120970286856,43
5161,0,8610,4151,4459,0,0,0,1.0,1,1.0,1,1.0,1,0.2374120970286856,43
5162,0,8610,4151,4459,0,0,0,1.0,1,1.0,1,1.0,1,0.2371112780664258,44
5163,1,8611,4151,4460,0,0,0,1.0,1,1.0,1,1.0,1,0.2404843596840975,46
5164,2,8613,4153,4460,0,0,0,1.0,1,1.0,1,1.0,1,0.2394734712540727,46
5165,2,8615,4153,4462,0,0,0,1.0,1,1.0,1,1.0,1,0.2118280005572818,46
5166,6,8621,4156,4465,0,0,0,1.0,1,1.0,1,1.0,1,0.21784619544942366,47
5167,1,8622,4156,4466,0,0,0,1.0,1,1.0,1,1.0,1,0.19562353931198004,47
5168,3,8625,4157,4468,0,0,0,1.0,1,1.0,1,1.0,1,0.21046751907391104,47
5169,0,8625,4157,4468,0,0,0,1.0,1,1.0,1,1.0,1,0.21046751907391104,47
5170,2,8627,4158,4469,0,0,0,1.0,1,1.0,1,1.0,1,0.20763409424646534,48
5171,4,8631,4159,4472,0,0,0,1.0,1,1.0,1,1.0,1,0.19700622735105608,48
5172,0,8631,4159,4472,0,0,0,1.0,1,1.0,1,1.0,1,0.1723151125665479,49
5173,1,8632,4159,4473,0,0,0,1.0,1,1.0,1,1.0,1,0.1665108279643353,49
5174,0,8632,4159,4473,0,0,0,1.0,1,1.0,1,1.0,1,0.1795213206568916,52
5175,0,8632,4159,4473,0,0,0,1.0,1,1.0,1,1.0,1,0.1653319048393224,53
5176,2,8634,4159,4475,0,0,0,1.0,1,1.0,1,1.0,1,0.1616759118733472,54
5177,2,8636,4161,4475,0,0,0,1.0,1,1.0,1,1.0,1,0.16751474266752422,54
5178,2,8638,4163,4475,0,0,0,1.0,1,1.0,1,1.0,1,0.20013680641607262,55
5179,0,8638,4163,4475,0,0,0,1.0,1,1.0,1,1.0,1,0.19530741098931656,53
5180,0,8638,4163,4475,0,0,0,1.0,1,1.0,1,1.0,1,0.2112797545849623,52
5181,4,8642,4165,4477,0,0,0,1.0,1,1.0,1,1.0,1,0.18085559539726487,52
5182,0,8642,4165,4477,0,0,0,1.0,1,1.0,1,1.0,1,0.18085559539726487,52
5183,3,8645,4168,4477,0,0,0,1.0,1,1.0,1,1.0,1,0.22500261784283826,52
5184,2,8647,4169,4478,0,0,0,1.0,1,1.0,1,1.0,1,0.23263172013075747,52
5185,2,8649,4171,4478,0,0,0,1.0,1,1.0,1,1.0,1,0.2692380430374851,50
5186,3,8652,4172,4480,0,0,0,1.0,1,1.0,1,1.0,1,0.27040472558389006,48
5187,2,8654,4172,4482,0,0,0,1.0,1,1.0,1,1.0,1,0.24183694979752732,46
5188,1,8655,4172,4483,0,0,0,1.0,1,1.0,1,1.0,1,0.22187189573607682,44
5189,1,8656,4172,4484,0,0,0,1.0,1,1.0,1,1.0,1,0.18335897779633195,44
5190,2,8658,4173,4485,0,0,0,1.0,1,1.0,1,1.0,1,0.18482813963152395,45
5191,0,8658,4173,4485,0,0,0,1.0,1,1.0,1,1.0,1,0.1840402591020386,45
5192,1,8659,4174,4485,0,0,0,1.0,1,1.0,1,1.0,1,0.19373521194958782,45
5193,0,8659,4174,4485,0,0,0,1.0,1,1.0,1,1.0,1,0.19373521194958782,45
5194,2,8661,4175,4486,0,0,0,1.0,1,1.0,1,1.0,1,0.16693877621975745,45
5195,1,8662,4175,4487,0,0,0,1.0,1,1.0,1,1.0,1,0.1793625941410292,46
5196,0,8662,4175,4487,0,0,0,1.0,1,1.0,1,1.0,1,0.1793625941410292,46
5197,2,8664,4177,4487,0,0,0,1.0,1,1.0,1,1.0,1,0.20918771217688795,46
5198,1,8665,4177,4488,0,0,0,1.0,1,1.0,1,1.0,1,0.18242883647007185,47
5199,2,8667,4178,4489,0,0,0,1.0,1,1.0,1,1.0,1,0.1897136928983081,49
5200,1,8668,4179,4489,0,0,0,1.0,1,1.0,1,1.0,1,0.19822739226876787,49
5201,3,8671,4181,4490,0,0,0,1.0,1,1.0,1,1.0,1,0.20074917114765223,50
5202,1,8672,4181,4491,0,0,0,1.0,1,1.0,1,1.0,1,0.17195035576408,52
5203,0,8672,4181,4491,0,0,0,1.0,1,1.0,1,1.0,1,0.17195035576408,52
5204,0,8672,4181,4491,0,0,0,1.0,1,1.0,1,1.0,1,0.16498170623699107,54
5205,0,8672,4181,4491,0,0,0,1.0,1,1.0,1,1.0,1,0.16498170623699107,54
5206,2,8674,4181,4493,0,0,0,1.0,1,1.0,1,1.0,1,0.15010075566616618,55
5207,0,8674,4181,4493,0,0,0,1.0,1,1.0,1,1.0,1,0.15562667126294882,54
5208,0,8674,4181,4493,0,0,0,1.0,1,1.0,1,1.0,1,0.15562667126294882,54
5209,1,8675,4181,4494,0,0,0,1.0,1,1.0,1,1.0,1,0.13760793322985895,54
5210,1,8676,4181,4495,0,0,0,1.0,1,1.0,1,1.0,1,0.12884578325369406,54
5211,2,8678,4182,4496,0,0,0,1.0,1,1.0,1,1.0,1,0.13528885431975013,56
5212,2,8680,4182,4498,0,0,0,1.0,1,1.0,1,1.0,1,0.10315100349841523,57
5213,1,8681,4183,4498,0,0,0,1.0,1,1.0,1,1.0,1,0.1247815937284669,57
5214,3,8684,4185,4499,0,0,0,1.0,1,1.0,1,1.0,1,0.17272312151669023,58
5215,2,8686,4185,4501,0,0,0,1.0,1,1.0,1,1.0,1,0.17023794336728132,57
5216,4,8690,4187,4503,0,0,0,1.0,1,1.0,1,1.0,1,0.18015708531611557,57
5217,2,8692,4189,4503,0,0,0,1.0,1,1.0,1,1.0,1,0.16329575542480815,56
5218,0,8692,4189,4503,0,0,0,1.0,1,1.0,1,1.0,1,0.16329575542480815,56
5219,0,8692,4189,4503,0,0,0,1.0,1,1.0,1,1.0,1,0.18138130399209743,54
5220,0,8692,4189,4503,0,0,0,1.0,1,1.0,1,1.0,1,0.20241912429111003,53
5221,2,8694,4189,4505,0,0,0,1.0,1,1.0,1,1.0,1,0.1905377115021972,52
5222,2,8696,4191,4505,0,0,0,1.0,1,1.0,1,1.0,1,0.1995685055973011,52
5223,2,8698,4193,4505,0,0,0,1.0,1,1.0,1,1.0,1,0.21273023363124707,52
5224,4,8702,4195,4507,0,0,0,1.0,1,1.0,1,1.0,1,0.19481747573656807,52
5225,0,8702,4195,4507,0,0,0,1.0,1,1.0,1,1.0,1,0.21264062268914036,50
5226,7,8709,4197,4512,0,0,0,1.0,1,1.0,1,1.0,1,0.14101279473081,51
5227,2,8711,4199,4512,0,0,0,1.0,1,1.0,1,1.0,1,0.17614330862890457,49
5228,0,8711,4199,4512,0,0,0,1.0,1,1.0,1,1.0,1,0.1938313925652084,48
5229,0,8711,4199,4512,0,0,0,1.0,1,1.0,1,1.0,1,0.17925733142158443,49
5230,0,8711,4199,4512,0,0,0,1.0,1,1.0,1,1.0,1,0.17925733142158443,49
5231,1,8712,4200,4512,0,0,0,1.0,1,1.0,1,1.0,1,0.1774713371276094,49
5232,2,8714,4202,4512,0,0,0,1.0,1,1.0,1,1.0,1,0.18787727643780766,51
5233,3,8717,4203,4514,0,0,0,1.0,1,1.0,1,1.0,1,0.18380247832734808,51
5234,5,8722,4207,4515,0,0,0,1.0,1,1.0,1,1.0,1,0.21719439577840588,52
5235,1,8723,4207,4516,0,0,0,1.0,1,1.0,1,1.0,1,0.1891745643325601,52
5236,3,8726,4207,4519,0,0,0,1.0,1,1.0,1,1.0,1,0.14607578315222644,52
5237,1,8727,4208,4519,0,0,0,1.0,1,1.0,1,1.0,1,0.17030119168997307,53
5238,0,8727,4208,4519,0,0,0,1.0,1,1.0,1,1.0,1,0.17030119168997307,53
5239,2,8729,4208,4521,0,0,0,1.0,1,1.0,1,1.0,1,0.15239424338895746,53
5240,2,8731,4208,4523,0,0,0,1.0,1,1.0,1,1.0,1,0.16591903747980752,55
5241,1,8732,4208,4524,0,0,0,1.0,1,1.0,1,1.0,1,0.15376399102443547,56
5242,1,8733,4209,4524,0,0,0,1.0,1,1.0,1,1.0,1,0.1963244103755323,54
5243,1,8734,4210,4524,0,0,0,1.0,1,1.0,1,1.0,1,0.21930097341843147,55
5244,3,8737,4212,4525,0,0,0,1.0,1,1.0,1,1.0,1,0.2578420421789273,55
5245,3,8740,4213,4527,0,0,0,1.0,1,1.0,1,1.0,1,0.2322404746029947,55
5246,3,8743,4214,4529,0,0,0,1.0,1,1.0,1,1.0,1,0.2572172266046523,55
5247,4,8747,4215,4532,0,0,0,1.0,1,1.0,1,1.0,1,0.19316386336086172,54
5248,2,8749,4215,4534,0,0,0,1.0,1,1.0,1,1.0,1,0.16335876381326703,53
5249,3,8752,4216,4536,0,0,0,1.0,1,1.0,1,1.0,1,0.12976363738589874,55
5250,0,8752,4216,4536,0,0,0,1.0,1,1.0,1,1.0,1,0.12976363738589874,55
5251,1,8753,4217,4536,0,0,0,1.0,1,1.0,1,1.0,1,0.15008181017993255,57
5252,1,8754,4217,4537,0,0,0,1.0,1,1.0,1,1.0,1,0.13361025416672886,58
5253,2,8756,4219,4537,0,0,0,1.0,1,1.0,1,1.0,1,0.19126105143197217,59
5254,2,8758,4220,4538,0,0,0,1.0,1,1.0,1,1.0,1,0.179636692459382,59
5255,1,8759,4221,4538,0,0,0,1.0,1,1.0,1,1.0,1,0.18202784046241793,58
5256,6,8765,4223,4542,0,0,0,1.0,1,1.0,1,1.0,1,0.16584616445607858,59
5257,1,8766,4224,4542,0,0,0,1.0,1,1.0,1,1.0,1,0.14426178861286568,58
5258,0,8766,4224,4542,0,0,0,1.0,1,1.0,1,1.0,1,0.16978314415003937,56
5259,1,8767,4225,4542,0,0,0,1.0,1,1.0,1,1.0,1,0.19744757651967723,56
5260,0,8767,4225,4542,0,0,0,1.0,1,1.0,1,1.0,1,0.18869822946473136,55
5261,2,8769,4226,4543,0,0,0,1.0,1,1.0,1,1.0,1,0.1681003853436845,54
5262,2,8771,4228,4543,0,0,0,1.0,1,1.0,1,1.0,1,0.20701921868565815,54
5263,2,8773,4229,4544,0,0,0,1.0,1,1.0,1,1.0,1,0.1988407016220216,53
5264,2,8775,4230,4545,0,0,0,1.0,1,1.0,1,1.0,1,0.18851675826705247,51
5265,1,8776,4231,4545,0,0,0,1.0,1,1.0,1,1.0,1,0.2097887812428012,50
5266,4,8780,4233,4547,0,0,0,1.0,1,1.0,1,1.0,1,0.20307482325850942,49
5267,1,8781,4234,4547,0,0,0,1.0,1,1.0,1,1.0,1,0.1954059120564111,48
5268,1,8782,4235,4547,0,0,0,1.0,1,1.0,1,1.0,1,0.1883908156699111,47
5269,2,8784,4236,4548,0,0,0,1.0,1,1.0,1,1.0,1,0.2455585488010349,45
5270,1,8785,4237,4548,0,0,0,1.0,1,1.0,1,1.0,1,0.24241771235200468,47
5271,4,8789,4237,4552,0,0,0,1.0,1,1.0,1,1.0,1,0.21338449123441394,45
5272,5,8794,4242,4552,0,0,0,1.0,1,1.0,1,1.0,1,0.25348595821447634,46
5273,1,8795,4242,4553,0,0,0,1.0,1,1.0,1,1.0,1,0.25291720650484817,44
5274,3,8798,4244,4554,0,0,0,1.0,1,1.0,1,1.0,1,0.31638547406305506,44
5275,4,8802,4245,4557,0,0,0,1.0,1,1.0,1,1.0,1,0.2836297883929594,46
5276,2,8804,4246,4558,0,0,0,1.0,1,1.0,1,1.0,1,0.26590050743221955,46
5277,1,8805,4246,4559,0,0,0,1.0,1,1.0,1,1.0,1,0.23795865451441844,46
5278,3,8808,4249,4559,0,0,0,1.0,1,1.0,1,1.0,1,0.2230349618597671,46
5279,2,8810,4249,4561,0,0,0,1.0,1,1.0,1,1.0,1,0.21639970115182958,47
5280,1,8811,4250,4561,0,0,0,1.0,1,1.0,1,1.0,1,0.21461507619520057,47
5281,1,8812,4250,4562,0,0,0,1.0,1,1.0,1,1.0,1,0.20087204486697433,48
5282,2,8814,4252,4562,0,0,0,1.0,1,1.0,1,1.0,1,0.24026543900620492,48
5283,3,8817,4253,4564,0,0,0,1.0,1,1.0,1,1.0,1,0.24595049179713535,49
5284,1,8818,4253,4565,0,0,0,1.0,1,1.0,1,1.0,1,0.23847030163119443,49
5285,0,8818,4253,4565,0,0,0,1.0,1,1.0,1,1.0,1,0.21981852704137952,50
5286,2,8820,4253,4567,0,0,0,1.0,1,1.0,1,1.0,1,0.2060641839695185,51
5287,0,8820,4253,4567,0,0,0,1.0,1,1.0,1,1.0,1,0.2060641839695185,51
5288,1,8821,4253,4568,0,0,0,1.0,1,1.0,1,1.0,1,0.19236725222197928,51
5289,0,8821,4253,4568,0,0,0,1.0,1,1.0,1,1.0,1,0.21209500923153587,53
5290,2,8823,4253,4570,0,0,0,1.0,1,1.0,1,1.0,1,0.16082456041852644,53
5291,2,8825,4254,4571,0,0,0,1.0,1,1.0,1,1.0,1,0.17424833600439732,53
5292,2,8827,4255,4572,0,0,0,1.0,1,1.0,1,1.0,1,0.1900664823921795,53
5293,2,8829,4257,4572,0,0,0,1.0,1,1.0,1,1.0,1,0.269134462694421,53
5294,4,8833,4259,4574,0,0,0,1.0,1,1.0,1,1.0,1,0.28492658743808225,54
5295,2,8835,4260,4575,0,0,0,1.0,1,1.0,1,1.0,1,0.29253497308364707,52
5296,0,8835,4260,4575,0,0,0,1.0,1,1.0,1,1.0,1,0.2846805778473594,49
5297,3,8838,4262,4576,0,0,0,1.0,1,1.0,1,1.0,1,0.3175128280054953,49
5298,1,8839,4262,4577,0,0,0,1.0,1,1.0,1,1.0,1,0.28926346974471895,49
5299,4,8843,4264,4579,0,0,0,1.0,1,1.0,1,1.0,1,0.2848253306645378,50
5300,0,8843,4264,4579,0,0,0,1.0,1,1.0,1,1.0,1,0.2946800638614914,48
5301,3,8846,4265,4581,0,0,0,1.0,1,1.0,1,1.0,1,0.28334302621359186,46
5302,3,8849,4266,4583,0,0,0,1.0,1,1.0,1,1.0,1,0.276472990184212,47
5303,1,8850,4267,4583,0,0,0,1.0,1,1.0,1,1.0,1,0.27826290410738247,46
5304,2,8852,4269,4583,0,0,0,1.0,1,1.0,1,1.0,1,0.3248694529665332,45
5305,1,8853,4270,4583,0,0,0,1.0,1,1.0,1,1.0,1,0.3218096882819629,44
5306,4,8857,4272,4585,0,0,0,1.0,1,1.0,1,1.0,1,0.32298360940244886,42
5307,2,8859,4273,4586,0,0,0,1.0,1,1.0,1,1.0,1,0.2929995648629875,42
5308,2,8861,4274,4587,0,0,0,1.0,1,1.0,1,1.0,1,0.29885019692460196,43
5309,0,8861,4274,4587,0,0,0,1.0,1,1.0,1,1.0,1,0.2750055938924395,41
5310,1,8862,4275,4587,0,0,0,1.0,1,1.0,1,1.0,1,0.3102034996848918,41
5311,1,8863,4276,4587,0,0,0,1.0,1,1.0,1,1.0,1,0.3198854642521332,42
5312,0,8863,4276,4587,0,0,0,1.0,1,1.0,1,1.0,1,0.33588584290735873,43
5313,0,8863,4276,4587,0,0,0,1.0,1,1.0,1,1.0,1,0.3336132432441023,44
5314,1,8864,4276,4588,0,0,0,1.0,1,1.0,1,1.0,1,0.3110261394950614,44
5315,3,8867,4277,4590,0,0,0,1.0,1,1.0,1,1.0,1,0.32063999497990425,45
5316,3,8870,4277,4593,0,0,0,1.0,1,1.0,1,1.0,1,0.2937529582411259,46
5317,0,8870,4277,4593,0,0,0,1.0,1,1.0,1,1.0,1,0.30812802984079485,46
5318,2,8872,4279,4593,0,0,0,1.0,1,1.0,1,1.0,1,0.30359824729238066,46
5319,2,8874,4279,4595,0,0,0,1.0,1,1.0,1,1.0,1,0.28897293178366207,47
5320,3,8877,4280,4597,0,0,0,1.0,1,1.0,1,1.0,1,0.22721746599922585,48
5321,1,8878,4280,4598,0,0,0,1.0,1,1.0,1,1.0,1,0.2306952551710487,49
5322,0,8878,4280,4598,0,0,0,1.0,1,1.0,1,1.0,1,0.2306952551710487,49
5323,4,8882,4280,4602,0,0,0,1.0,1,1.0,1,1.0,1,0.21941593732815162,51
5324,2,8884,4280,4604,0,0,0,1.0,1,1.0,1,1.0,1,0.1946079861394943,53
5325,1,8885,4281,4604,0,0,0,1.0,1,1.0,1,1.0,1,0.2114045317888483,53
5326,1,8886,4282,4604,0,0,0,1.0,1,1.0,1,1.0,1,0.2212182441646276,53
5327,1,8887,4282,4605,0,0,0,1.0,1,1.0,1,1.0,1,0.23809107961152803,53
5328,3,8890,4283,4607,0,0,0,1.0,1,1.0,1,1.0,1,0.22924808651185966,54
5329,2,8892,4285,4607,0,0,0,1.0,1,1.0,1,1.0,1,0.25655458835136324,53
5330,1,8893,4286,4607,0,0,0,1.0,1,1.0,1,1.0,1,0.26304240600100504,52
5331,0,8893,4286,4607,0,0,0,1.0,1,1.0,1,1.0,1,0.281903466327578,51
5332,1,8894,4286,4608,0,0,0,1.0,1,1.0,1,1.0,1,0.2708736176936227,52
5333,2,8896,4288,4608,0,0,0,1.0,1,1.0,1,1.0,1,0.31375593480487,53
5334,1,8897,4288,4609,0,0,0,1.0,1,1.0,1,1.0,1,0.307779287479493,54
5335,1,8898,4288,4610,0,0,0,1.0,1,1.0,1,1.0,1,0.3115533462217109,55
5336,1,8899,4288,4611,0,0,0,1.0,1,1.0,1,1.0,1,0.29700409152096224,54
5337,0,8899,4288,4611,0,0,0,1.0,1,1.0,1,1.0,1,0.30651757474520525,55
5338,0,8899,4288,4611,0,0,0,1.0,1,1.0,1,1.0,1,0.30651757474520525,55
5339,0,8899,4288,4611,0,0,0,1.0,1,1.0,1,1.0,1,0.30651757474520525,55
5340,0,8899,4288,4611,0,0,0,1.0,1,1.0,1,1.0,1,0.30651757474520525,55
5341,5,8904,4289,4615,0,0,0,1.0,1,1.0,1,1.0,1,0.290362125222343,54
5342,2,8906,4291,4615,0,0,0,1.0,1,1.0,1,1.0,1,0.3172165107146036,55
5343,3,8909,4292,4617,0,0,0,1.0,1,1.0,1,1.0,1,0.2904358368974214,54
5344,4,8913,4295,4618,0,0,0,1.0,1,1.0,1,1.0,1,0.31044948563677344,55
5345,2,8915,4295,4620,0,0,0,1.0,1,1.0,1,1.0,1,0.2616423705802309,53
5346,2,8917,4297,4620,0,0,0,1.0,1,1.0,1,1.0,1,0.3010290786041842,53
5347,5,8922,4299,4623,0,0,0,1.0,1,1.0,1,1.0,1,0.3007681450039936,51
5348,3,8925,4301,4624,0,0,0,1.0,1,1.0,1,1.0,1,0.2690310141415014,53
5349,2,8927,4303,4624,0,0,0,1.0,1,1.0,1,1.0,1,0.28128549439720985,52
5350,1,8928,4304,4624,0,0,0,1.0,1,1.0,1,1.0,1,0.30480812632035226,50
5351,5,8933,4305,4628,0,0,0,1.0,1,1.0,1,1.0,1,0.26813863098342744,52
5352,2,8935,4307,4628,0,0,0,1.0,1,1.0,1,1.0,1,0.2843213021383913,49
5353,1,8936,4307,4629,0,0,0,1.0,1,1.0,1,1.0,1,0.2571251503117198,49
5354,0,8936,4307,4629,0,0,0,1.0,1,1.0,1,1.0,1,0.2387818070094917,49
5355,0,8936,4307,4629,0,0,0,1.0,1,1.0,1,1.0,1,0.22926015709619846,48
5356,5,8941,4308,4633,0,0,0,1.0,1,1.0,1,1.0,1,0.2233100477052493,49
5357,0,8941,4308,4633,0,0,0,1.0,1,1.0,1,1.0,1,0.22617826140049918,47
5358,2,8943,4309,4634,0,0,0,1.0,1,1.0,1,1.0,1,0.22136557796534187,48
5359,0,8943,4309,4634,0,0,0,1.0,1,1.0,1,1.0,1,0.22136557796534187,48
5360,0,8943,4309,4634,0,0,0,1.0,1,1.0,1,1.0,1,0.22136557796534187,48
5361,4,8947,4309,4638,0,0,0,1.0,1,1.0,1,1.0,1,0.1889539209899702,50
5362,0,8947,4309,4638,0,0,0,1.0,1,1.0,1,1.0,1,0.1889539209899702,50
5363,0,8947,4309,4638,0,0,0,1.0,1,1.0,1,1.0,1,0.1889539209899702,50
5364,3,8950,4311,4639,0,0,0,1.0,1,1.0,1,1.0,1,0.17735793076666148,51
5365,0,8950,4311,4639,0,0,0,1.0,1,1.0,1,1.0,1,0.19885984149417527,52
5366,3,8953,4311,4642,0,0,0,1.0,1,1.0,1,1.0,1,0.15350769933558228,52
5367,1,8954,4312,4642,0,0,0,1.0,1,1.0,1,1.0,1,0.1756314132910546,54
5368,2,8956,4312,4644,0,0,0,1.0,1,1.0,1,1.0,1,0.17421566940577168,55
5369,1,8957,4313,4644,0,0,0,1.0,1,1.0,1,1.0,1,0.19130999011163508,53
5370,3,8960,4315,4645,0,0,0,1.0,1,1.0,1,1.0,1,0.227825355208236,54
5371,4,8964,4317,4647,0,0,0,1.0,1,1.0,1,1.0,1,0.2200981647671049,53
5372,2,8966,4319,4647,0,0,0,1.0,1,1.0,1,1.0,1,0.28762629970977865,53
5373,1,8967,4319,4648,0,0,0,1.0,1,1.0,1,1.0,1,0.26832027356385957,52
5374,0,8967,4319,4648,0,0,0,1.0,1,1.0,1,1.0,1,0.28854333152431266,51
5375,0,8967,4319,4648,0,0,0,1.0,1,1.0,1,1.0,1,0.2531428209539104,52
5376,5,8972,4321,4651,0,0,0,1.0,1,1.0,1,1.0,1,0.21518238142822396,51
5377,0,8972,4321,4651,0,0,0,1.0,1,1.0,1,1.0,1,0.2277792079820509,52
5378,2,8974,4323,4651,0,0,0,1.0,1,1.0,1,1.0,1,0.28024951346659405,50
5379,0,8974,4323,4651,0,0,0,1.0,1,1.0,1,1.0,1,0.28024951346659405,50
5380,1,8975,4323,4652,0,0,0,1.0,1,1.0,1,1.0,1,0.28496048083292114,52
5381,2,8977,4323,4654,0,0,0,1.0,1,1.0,1,1.0,1,0.25340483691168847,52
5382,0,8977,4323,4654,0,0,0,1.0,1,1.0,1,1.0,1,0.2529864460487878,52
5383,1,8978,4323,4655,0,0,0,1.0,1,1.0,1,1.0,1,0.20812704714938524,51
5384,5,8983,4325,4658,0,0,0,1.0,1,1.0,1,1.0,1,0.18078033025205875,52
5385,2,8985,4326,4659,0,0,0,1.0,1,1.0,1,1.0,1,0.20727996184560957,51
5386,2,8987,4328,4659,0,0,0,1.0,1,1.0,1,1.0,1,0.2295547896894381,52
5387,4,8991,4329,4662,0,0,0,1.0,1,1.0,1,1.0,1,0.17116189978455135,53
5388,1,8992,4329,4663,0,0,0,1.0,1,1.0,1,1.0,1,0.1674257090164603,54
5389,2,8994,4329,4665,0,0,0,1.0,1,1.0,1,1.0,1,0.15416249900136672,55
5390,3,8997,4331,4666,0,0,0,1.0,1,1.0,1,1.0,1,0.15050103537703968,56
5391,3,9000,4332,4668,0,0,0,1.0,1,1.0,1,1.0,1,0.11049183482326962,56
5392,4,9004,4334,4670,0,0,0,1.0,1,1.0,1,1.0,1,0.13484302217477917,56
5393,2,9006,4335,4671,0,0,0,1.0,1,1.0,1,1.0,1,0.15055102127803388,54
5394,1,9007,4336,4671,0,0,0,1.0,1,1.0,1,1.0,1,0.16563727305384568,53
5395,1,9008,4337,4671,0,0,0,1.0,1,1.0,1,1.0,1,0.15545205718119684,53
5396,1,9009,4337,4672,0,0,0,1.0,1,1.0,1,1.0,1,0.14355798875463333,54
5397,0,9009,4337,4672,0,0,0,1.0,1,1.0,1,1.0,1,0.1328432947349958,53
5398,1,9010,4337,4673,0,0,0,1.0,1,1.0,1,1.0,1,0.11509139047498491,53
5399,8,9018,4342,4676,0,0,0,1.0,1,1.0,1,1.0,1,0.1832234006592522,55
5400,2,9020,4342,4678,0,0,0,1.0,1,1.0,1,1.0,1,0.17247290537942353,55
5401,3,9023,4343,4680,0,0,0,1.0,1,1.0,1,1.0,1,0.14589266319267272,56
5402,0,9023,4343,4680,0,0,0,1.0,1,1.0,1,1.0,1,0.0,0
