,SuccessfulHandoverCount,TotalSuccessfulHandoverCount,TotalSuccessfulHandoverCountRange,TotalSuccessfulHandoverCountLoadBalancing,TotalSuccessfulHandoverCountOverload,FailedHandoverCount,TotalFailedHandoverCount,AvgQoS,MinQoS,AvgQoS_LoadBased,MinQoS_LoadBased,AvgQoS_RangeBased,MinQoS_RangeBased,GiniLoad,VehicleCount
0,0,0,0,0,0,0,0,1.0,1,1.0,1,1.0,1,0.0,0
1,22,22,0,22,0,0,0,1.0,1,1.0,1,1.0,1,0.2666439998729147,30
2,23,45,0,45,0,0,0,1.0,1,1.0,1,1.0,1,0.2713985427960271,32
3,23,68,0,68,0,0,0,1.0,1,1.0,1,1.0,1,0.2399327401436092,33
4,28,96,0,96,0,0,0,1.0,1,1.0,1,1.0,1,0.27141421236761243,34
5,16,112,0,112,0,0,0,1.0,1,1.0,1,1.0,1,0.14082477159239884,36
6,0,112,0,112,0,0,0,1.0,1,1.0,1,1.0,1,0.1298473069818915,38
7,1,113,0,113,0,0,0,1.0,1,1.0,1,1.0,1,0.11753982492189657,40
8,0,113,0,113,0,0,0,1.0,1,1.0,1,1.0,1,0.11753982492189657,40
9,0,113,0,113,0,0,0,1.0,1,1.0,1,1.0,1,0.11753982492189657,40
10,1,114,0,114,0,0,0,1.0,1,1.0,1,1.0,1,0.12207599984015412,41
11,3,117,0,117,0,0,0,1.0,1,1.0,1,1.0,1,0.13887839781292427,40
12,3,120,1,119,0,0,0,1.0,1,1.0,1,1.0,1,0.1592692897603059,39
13,2,122,3,119,0,0,0,1.0,1,1.0,1,1.0,1,0.18409628336052125,37
14,1,123,3,120,0,0,0,1.0,1,1.0,1,1.0,1,0.20774317099747738,35
15,0,123,3,120,0,0,0,1.0,1,1.0,1,1.0,1,0.21582734380940882,36
16,6,129,5,124,0,0,0,1.0,1,1.0,1,1.0,1,0.17845537008708998,34
17,1,130,5,125,0,0,0,1.0,1,1.0,1,1.0,1,0.22819411131738845,33
18,3,133,5,128,0,0,0,1.0,1,1.0,1,1.0,1,0.24605793950721647,34
19,3,136,6,130,0,0,0,1.0,1,1.0,1,1.0,1,0.2741055731406515,34
20,1,137,6,131,0,0,0,1.0,1,1.0,1,1.0,1,0.2202994998138465,34
21,4,141,7,134,0,0,0,1.0,1,1.0,1,1.0,1,0.1959745355558801,36
22,0,141,7,134,0,0,0,1.0,1,1.0,1,1.0,1,0.21338048047361513,35
23,5,146,9,137,0,0,0,1.0,1,1.0,1,1.0,1,0.2348630941433268,35
24,4,150,10,140,0,0,0,1.0,1,1.0,1,1.0,1,0.1383408062205093,35
25,6,156,13,143,0,0,0,1.0,1,1.0,1,1.0,1,0.19709925630908223,35
26,7,163,15,148,0,0,0,1.0,1,1.0,1,1.0,1,0.09665818153524212,36
27,1,164,16,148,0,0,0,1.0,1,1.0,1,1.0,1,0.0748820610370205,34
28,2,166,17,149,0,0,0,1.0,1,1.0,1,1.0,1,0.10244195196280817,35
29,0,166,17,149,0,0,0,1.0,1,1.0,1,1.0,1,0.0995514863260866,33
30,2,168,19,149,0,0,0,1.0,1,1.0,1,1.0,1,0.1803242679157069,33
31,2,170,19,151,0,0,0,1.0,1,1.0,1,1.0,1,0.12286063476209733,33
32,0,170,19,151,0,0,0,1.0,1,1.0,1,1.0,1,0.14083905578878286,32
33,1,171,19,152,0,0,0,1.0,1,1.0,1,1.0,1,0.15154925062953753,33
34,2,173,21,152,0,0,0,1.0,1,1.0,1,1.0,1,0.18867402975956285,33
35,0,173,21,152,0,0,0,1.0,1,1.0,1,1.0,1,0.18580410880081094,35
36,2,175,22,153,0,0,0,1.0,1,1.0,1,1.0,1,0.17926207792727958,36
37,1,176,23,153,0,0,0,1.0,1,1.0,1,1.0,1,0.17584348583248055,37
38,1,177,23,154,0,0,0,1.0,1,1.0,1,1.0,1,0.16633498615146905,36
39,2,179,24,155,0,0,0,1.0,1,1.0,1,1.0,1,0.1903345459161773,38
40,1,180,24,156,0,0,0,1.0,1,1.0,1,1.0,1,0.19666383861751646,40
41,4,184,24,160,0,0,0,1.0,1,1.0,1,1.0,1,0.1012635443827206,40
42,2,186,26,160,0,0,0,1.0,1,1.0,1,1.0,1,0.13854031008774928,40
43,3,189,27,162,0,0,0,1.0,1,1.0,1,1.0,1,0.13563259094670482,43
44,0,189,27,162,0,0,0,1.0,1,1.0,1,1.0,1,0.13563259094670482,43
45,0,189,27,162,0,0,0,1.0,1,1.0,1,1.0,1,0.11705756975383871,44
46,0,189,27,162,0,0,0,1.0,1,1.0,1,1.0,1,0.11705756975383871,44
47,0,189,27,162,0,0,0,1.0,1,1.0,1,1.0,1,0.11705756975383871,44
48,1,190,28,162,0,0,0,1.0,1,1.0,1,1.0,1,0.1585838024209224,44
49,0,190,28,162,0,0,0,1.0,1,1.0,1,1.0,1,0.12080391316740842,41
50,1,191,29,162,0,0,0,1.0,1,1.0,1,1.0,1,0.11655497343293521,40
51,0,191,29,162,0,0,0,1.0,1,1.0,1,1.0,1,0.0981688565577762,38
52,0,191,29,162,0,0,0,1.0,1,1.0,1,1.0,1,0.16387191386041727,37
53,0,191,29,162,0,0,0,1.0,1,1.0,1,1.0,1,0.1737767831025708,38
54,4,195,31,164,0,0,0,1.0,1,1.0,1,1.0,1,0.20708352752593054,38
55,2,197,32,165,0,0,0,1.0,1,1.0,1,1.0,1,0.19339626093208254,38
56,4,201,33,168,0,0,0,1.0,1,1.0,1,1.0,1,0.22858790302197746,38
57,4,205,35,170,0,0,0,1.0,1,1.0,1,1.0,1,0.17658555119492972,38
58,3,208,36,172,0,0,0,1.0,1,1.0,1,1.0,1,0.17646742864561973,38
59,0,208,36,172,0,0,0,1.0,1,1.0,1,1.0,1,0.17471255545491007,40
60,1,209,37,172,0,0,0,1.0,1,1.0,1,1.0,1,0.18983625764929163,40
61,2,211,37,174,0,0,0,1.0,1,1.0,1,1.0,1,0.14385440364989002,40
62,3,214,39,175,0,0,0,1.0,1,1.0,1,1.0,1,0.1476208034776888,42
63,0,214,39,175,0,0,0,1.0,1,1.0,1,1.0,1,0.1451900656028893,40
64,0,214,39,175,0,0,0,1.0,1,1.0,1,1.0,1,0.13808272589043344,41
65,1,215,40,175,0,0,0,1.0,1,1.0,1,1.0,1,0.15763930476984886,41
66,2,217,40,177,0,0,0,1.0,1,1.0,1,1.0,1,0.1269447444154655,41
67,0,217,40,177,0,0,0,1.0,1,1.0,1,1.0,1,0.1269447444154655,41
68,0,217,40,177,0,0,0,1.0,1,1.0,1,1.0,1,0.12010942304428611,41
69,2,219,41,178,0,0,0,1.0,1,1.0,1,1.0,1,0.14025832789339013,41
70,1,220,42,178,0,0,0,1.0,1,1.0,1,1.0,1,0.16138031277843404,42
71,5,225,44,181,0,0,0,1.0,1,1.0,1,1.0,1,0.11260433888432125,44
72,0,225,44,181,0,0,0,1.0,1,1.0,1,1.0,1,0.11260433888432125,44
73,4,229,44,185,0,0,0,1.0,1,1.0,1,1.0,1,0.10603822364099112,46
74,3,232,45,187,0,0,0,1.0,1,1.0,1,1.0,1,0.14073978022934389,44
75,1,233,45,188,0,0,0,1.0,1,1.0,1,1.0,1,0.13841456287003914,44
76,1,234,46,188,0,0,0,1.0,1,1.0,1,1.0,1,0.20376847055775993,45
77,1,235,46,189,0,0,0,1.0,1,1.0,1,1.0,1,0.1705789777313863,44
78,2,237,47,190,0,0,0,1.0,1,1.0,1,1.0,1,0.19011660280229986,44
79,1,238,48,190,0,0,0,1.0,1,1.0,1,1.0,1,0.2159700815808983,43
80,1,239,48,191,0,0,0,1.0,1,1.0,1,1.0,1,0.19879445148350183,43
81,5,244,51,193,0,0,0,1.0,1,1.0,1,1.0,1,0.25271802317017383,44
82,5,249,53,196,0,0,0,1.0,1,1.0,1,1.0,1,0.2556895243855442,45
83,7,256,55,201,0,0,0,1.0,1,1.0,1,1.0,1,0.2825213009181729,45
84,3,259,55,204,0,0,0,1.0,1,1.0,1,1.0,1,0.2973949925462066,45
85,3,262,56,206,0,0,0,1.0,1,1.0,1,1.0,1,0.27406306390706514,45
86,3,265,56,209,0,0,0,1.0,1,1.0,1,1.0,1,0.21733385236023656,45
87,0,265,56,209,0,0,0,1.0,1,1.0,1,1.0,1,0.22907725381554606,44
88,1,266,56,210,0,0,0,1.0,1,1.0,1,1.0,1,0.20797553882257552,45
89,2,268,57,211,0,0,0,1.0,1,1.0,1,1.0,1,0.23066353950272556,46
90,0,268,57,211,0,0,0,1.0,1,1.0,1,1.0,1,0.2512093925133314,44
91,2,270,58,212,0,0,0,1.0,1,1.0,1,1.0,1,0.2298210044079952,45
92,0,270,58,212,0,0,0,1.0,1,1.0,1,1.0,1,0.2409586819202045,46
93,0,270,58,212,0,0,0,1.0,1,1.0,1,1.0,1,0.2409586819202045,46
94,0,270,58,212,0,0,0,1.0,1,1.0,1,1.0,1,0.2409586819202045,46
95,2,272,58,214,0,0,0,1.0,1,1.0,1,1.0,1,0.23583187484493118,46
96,2,274,59,215,0,0,0,1.0,1,1.0,1,1.0,1,0.22965470417356715,46
97,1,275,59,216,0,0,0,1.0,1,1.0,1,1.0,1,0.2130710833573501,47
98,0,275,59,216,0,0,0,1.0,1,1.0,1,1.0,1,0.2130710833573501,47
99,0,275,59,216,0,0,0,1.0,1,1.0,1,1.0,1,0.22997793181642928,46
100,2,277,60,217,0,0,0,1.0,1,1.0,1,1.0,1,0.23412950188547,48
101,3,280,61,219,0,0,0,1.0,1,1.0,1,1.0,1,0.20761987395208492,49
102,1,281,62,219,0,0,0,1.0,1,1.0,1,1.0,1,0.21380099118050352,49
103,5,286,63,223,0,0,0,1.0,1,1.0,1,1.0,1,0.14254375775758826,48
104,3,289,65,224,0,0,0,1.0,1,1.0,1,1.0,1,0.15997665451158358,49
105,8,297,68,229,0,0,0,1.0,1,1.0,1,1.0,1,0.12915601555816472,48
106,2,299,69,230,0,0,0,1.0,1,1.0,1,1.0,1,0.08832429975268873,48
107,2,301,71,230,0,0,0,1.0,1,1.0,1,1.0,1,0.12969822201528242,47
108,3,304,72,232,0,0,0,1.0,1,1.0,1,1.0,1,0.11489329482198628,47
109,4,308,74,234,0,0,0,1.0,1,1.0,1,1.0,1,0.16821655386001153,47
110,3,311,75,236,0,0,0,1.0,1,1.0,1,1.0,1,0.1682515978125615,47
111,5,316,77,239,0,0,0,1.0,1,1.0,1,1.0,1,0.12766675377267922,46
112,6,322,79,243,0,0,0,1.0,1,1.0,1,1.0,1,0.15042576952071546,46
113,3,325,80,245,0,0,0,1.0,1,1.0,1,1.0,1,0.15830412312847034,45
114,7,332,80,252,0,0,0,1.0,1,1.0,1,1.0,1,0.1351591052358561,46
115,9,341,81,260,0,0,0,1.0,1,1.0,1,1.0,1,0.17088098153700093,47
116,2,343,81,262,0,0,0,1.0,1,1.0,1,1.0,1,0.13997158151951486,48
117,3,346,83,263,0,0,0,1.0,1,1.0,1,1.0,1,0.15935771479808358,48
118,0,346,83,263,0,0,0,1.0,1,1.0,1,1.0,1,0.1618956755955996,49
119,1,347,84,263,0,0,0,1.0,1,1.0,1,1.0,1,0.17964042339612427,50
120,1,348,84,264,0,0,0,1.0,1,1.0,1,1.0,1,0.17452413868512054,51
121,2,350,84,266,0,0,0,1.0,1,1.0,1,1.0,1,0.1590000970598463,51
122,1,351,84,267,0,0,0,1.0,1,1.0,1,1.0,1,0.13894717732158768,51
123,0,351,84,267,0,0,0,1.0,1,1.0,1,1.0,1,0.13894717732158768,51
124,1,352,85,267,0,0,0,1.0,1,1.0,1,1.0,1,0.17177075761265864,51
125,1,353,85,268,0,0,0,1.0,1,1.0,1,1.0,1,0.1981563674893964,50
126,6,359,85,274,0,0,0,1.0,1,1.0,1,1.0,1,0.13961984002590366,52
127,1,360,85,275,0,0,0,1.0,1,1.0,1,1.0,1,0.15745308625419274,50
128,1,361,85,276,0,0,0,1.0,1,1.0,1,1.0,1,0.17372363799084917,50
129,3,364,85,279,0,0,0,1.0,1,1.0,1,1.0,1,0.17469078517591996,52
130,4,368,86,282,0,0,0,1.0,1,1.0,1,1.0,1,0.19825615179426795,52
131,11,379,87,292,0,0,0,1.0,1,1.0,1,1.0,1,0.11128733334433101,54
132,6,385,88,297,0,0,0,1.0,1,1.0,1,1.0,1,0.10569454190213576,54
133,2,387,88,299,0,0,0,1.0,1,1.0,1,1.0,1,0.06708456014515653,52
134,0,387,88,299,0,0,0,1.0,1,1.0,1,1.0,1,0.06708419302200944,52
135,5,392,90,302,0,0,0,1.0,1,1.0,1,1.0,1,0.07253501368724358,51
136,3,395,91,304,0,0,0,1.0,1,1.0,1,1.0,1,0.077932597479719,51
137,0,395,91,304,0,0,0,1.0,1,1.0,1,1.0,1,0.07706443008187766,50
138,2,397,93,304,0,0,0,1.0,1,1.0,1,1.0,1,0.08161777826553732,52
139,2,399,94,305,0,0,0,1.0,1,1.0,1,1.0,1,0.0951235044832924,51
140,1,400,95,305,0,0,0,1.0,1,1.0,1,1.0,1,0.1085675066468711,51
141,4,404,96,308,0,0,0,1.0,1,1.0,1,1.0,1,0.05392885308276802,50
142,2,406,97,309,0,0,0,1.0,1,1.0,1,1.0,1,0.05436832405236707,51
143,0,406,97,309,0,0,0,1.0,1,1.0,1,1.0,1,0.09443737435297132,48
144,2,408,98,310,0,0,0,1.0,1,1.0,1,1.0,1,0.0798696514093271,49
145,2,410,100,310,0,0,0,1.0,1,1.0,1,1.0,1,0.12352331809486898,47
146,2,412,101,311,0,0,0,1.0,1,1.0,1,1.0,1,0.07122236155835528,49
147,0,412,101,311,0,0,0,1.0,1,1.0,1,1.0,1,0.09028300972665201,46
148,1,413,102,311,0,0,0,1.0,1,1.0,1,1.0,1,0.0766136813553945,47
149,2,415,104,311,0,0,0,1.0,1,1.0,1,1.0,1,0.09938585797084555,46
150,1,416,105,311,0,0,0,1.0,1,1.0,1,1.0,1,0.08517200729140996,47
151,2,418,107,311,0,0,0,1.0,1,1.0,1,1.0,1,0.11481194804250934,46
152,0,418,107,311,0,0,0,1.0,1,1.0,1,1.0,1,0.13350494839024296,45
153,0,418,107,311,0,0,0,1.0,1,1.0,1,1.0,1,0.13930780261964626,46
154,0,418,107,311,0,0,0,1.0,1,1.0,1,1.0,1,0.13091202122309278,44
155,2,420,109,311,0,0,0,1.0,1,1.0,1,1.0,1,0.17187488928983405,45
156,6,426,111,315,0,0,0,1.0,1,1.0,1,1.0,1,0.15499567113201582,43
157,1,427,111,316,0,0,0,1.0,1,1.0,1,1.0,1,0.11444693934775076,42
158,3,430,111,319,0,0,0,1.0,1,1.0,1,1.0,1,0.0839754684703056,43
159,5,435,112,323,0,0,0,1.0,1,1.0,1,1.0,1,0.14043639639835281,44
160,0,435,112,323,0,0,0,1.0,1,1.0,1,1.0,1,0.13812309497520406,44
161,6,441,115,326,0,0,0,1.0,1,1.0,1,1.0,1,0.16693104183856045,44
162,1,442,116,326,0,0,0,1.0,1,1.0,1,1.0,1,0.1773825093154749,44
163,8,450,120,330,0,0,0,1.0,1,1.0,1,1.0,1,0.15217935078305544,44
164,5,455,122,333,0,0,0,1.0,1,1.0,1,1.0,1,0.15137322445792598,44
165,2,457,124,333,0,0,0,1.0,1,1.0,1,1.0,1,0.13212270575421878,43
166,3,460,125,335,0,0,0,1.0,1,1.0,1,1.0,1,0.12839512256871208,43
167,1,461,125,336,0,0,0,1.0,1,1.0,1,1.0,1,0.10126656037219886,42
168,0,461,125,336,0,0,0,1.0,1,1.0,1,1.0,1,0.1054725411586428,40
169,1,462,125,337,0,0,0,1.0,1,1.0,1,1.0,1,0.1445825011518238,41
170,2,464,125,339,0,0,0,1.0,1,1.0,1,1.0,1,0.17551329446558608,39
171,4,468,127,341,0,0,0,1.0,1,1.0,1,1.0,1,0.1327037605156971,39
172,0,468,127,341,0,0,0,1.0,1,1.0,1,1.0,1,0.1731266294413435,38
173,2,470,129,341,0,0,0,1.0,1,1.0,1,1.0,1,0.24282749306436574,38
174,0,470,129,341,0,0,0,1.0,1,1.0,1,1.0,1,0.20377988446104917,37
175,1,471,130,341,0,0,0,1.0,1,1.0,1,1.0,1,0.22521311803447003,36
176,5,476,133,343,0,0,0,1.0,1,1.0,1,1.0,1,0.21077599012094972,36
177,7,483,134,349,0,0,0,1.0,1,1.0,1,1.0,1,0.1532495379142872,38
178,3,486,135,351,0,0,0,1.0,1,1.0,1,1.0,1,0.20162717116658144,39
179,4,490,135,355,0,0,0,1.0,1,1.0,1,1.0,1,0.19033685341127257,40
180,1,491,135,356,0,0,0,1.0,1,1.0,1,1.0,1,0.18982564748771286,40
181,3,494,135,359,0,0,0,1.0,1,1.0,1,1.0,1,0.1795169428079231,39
182,4,498,137,361,0,0,0,1.0,1,1.0,1,1.0,1,0.1355976485484104,40
183,3,501,138,363,0,0,0,1.0,1,1.0,1,1.0,1,0.14021074115710033,40
184,0,501,138,363,0,0,0,1.0,1,1.0,1,1.0,1,0.19038940914300645,38
185,4,505,139,366,0,0,0,1.0,1,1.0,1,1.0,1,0.1525561656073195,38
186,1,506,140,366,0,0,0,1.0,1,1.0,1,1.0,1,0.16513615555576996,37
187,1,507,140,367,0,0,0,1.0,1,1.0,1,1.0,1,0.16309244178023372,36
188,1,508,141,367,0,0,0,1.0,1,1.0,1,1.0,1,0.16716394261593473,36
189,1,509,142,367,0,0,0,1.0,1,1.0,1,1.0,1,0.1840355632016784,36
190,2,511,142,369,0,0,0,1.0,1,1.0,1,1.0,1,0.19095686195030173,36
191,5,516,144,372,0,0,0,1.0,1,1.0,1,1.0,1,0.1524808001216009,37
192,1,517,145,372,0,0,0,1.0,1,1.0,1,1.0,1,0.17673747989785693,37
193,1,518,146,372,0,0,0,1.0,1,1.0,1,1.0,1,0.1861223521052428,38
194,1,519,146,373,0,0,0,1.0,1,1.0,1,1.0,1,0.1858810241103238,39
195,2,521,147,374,0,0,0,1.0,1,1.0,1,1.0,1,0.16427008424871847,40
196,3,524,147,377,0,0,0,1.0,1,1.0,1,1.0,1,0.11562116186123064,40
197,0,524,147,377,0,0,0,1.0,1,1.0,1,1.0,1,0.16610382512862717,40
198,1,525,148,377,0,0,0,1.0,1,1.0,1,1.0,1,0.14517919625765727,40
199,1,526,149,377,0,0,0,1.0,1,1.0,1,1.0,1,0.1510366890727141,40
200,2,528,149,379,0,0,0,1.0,1,1.0,1,1.0,1,0.10535914732549329,40
201,1,529,150,379,0,0,0,1.0,1,1.0,1,1.0,1,0.08237151990711546,39
202,0,529,150,379,0,0,0,1.0,1,1.0,1,1.0,1,0.08789922362934363,40
203,0,529,150,379,0,0,0,1.0,1,1.0,1,1.0,1,0.08358544373722444,39
204,2,531,152,379,0,0,0,1.0,1,1.0,1,1.0,1,0.1440593603643228,38
205,1,532,153,379,0,0,0,1.0,1,1.0,1,1.0,1,0.1261552931206383,37
206,4,536,154,382,0,0,0,1.0,1,1.0,1,1.0,1,0.08913845098406073,36
207,2,538,154,384,0,0,0,1.0,1,1.0,1,1.0,1,0.06546202157682832,37
208,1,539,154,385,0,0,0,1.0,1,1.0,1,1.0,1,0.12904864181368475,36
209,1,540,155,385,0,0,0,1.0,1,1.0,1,1.0,1,0.14204431841476414,36
210,1,541,156,385,0,0,0,1.0,1,1.0,1,1.0,1,0.20238580145048662,36
211,1,542,156,386,0,0,0,1.0,1,1.0,1,1.0,1,0.19752812700465883,34
212,2,544,158,386,0,0,0,1.0,1,1.0,1,1.0,1,0.23386448674254162,34
213,3,547,158,389,0,0,0,1.0,1,1.0,1,1.0,1,0.2108950994382987,36
214,1,548,158,390,0,0,0,1.0,1,1.0,1,1.0,1,0.20692575651953624,35
215,4,552,160,392,0,0,0,1.0,1,1.0,1,1.0,1,0.20236492074667478,35
216,4,556,160,396,0,0,0,1.0,1,1.0,1,1.0,1,0.10872305782711505,37
217,2,558,161,397,0,0,0,1.0,1,1.0,1,1.0,1,0.10853456225852966,37
218,4,562,164,398,0,0,0,1.0,1,1.0,1,1.0,1,0.18640527845477295,37
219,7,569,165,404,0,0,0,1.0,1,1.0,1,1.0,1,0.1718200139524163,37
220,4,573,165,408,0,0,0,1.0,1,1.0,1,1.0,1,0.14364962828349925,38
221,3,576,166,410,0,0,0,1.0,1,1.0,1,1.0,1,0.10011898369990942,39
222,1,577,167,410,0,0,0,1.0,1,1.0,1,1.0,1,0.11385079479838592,39
223,4,581,168,413,0,0,0,1.0,1,1.0,1,1.0,1,0.12473872131048223,40
224,4,585,170,415,0,0,0,1.0,1,1.0,1,1.0,1,0.24695678544673783,40
225,3,588,170,418,0,0,0,1.0,1,1.0,1,1.0,1,0.1444477475167028,39
226,3,591,171,420,0,0,0,1.0,1,1.0,1,1.0,1,0.12890993082752014,39
227,1,592,171,421,0,0,0,1.0,1,1.0,1,1.0,1,0.10557645460506379,39
228,2,594,173,421,0,0,0,1.0,1,1.0,1,1.0,1,0.1058208264307315,38
229,4,598,174,424,0,0,0,1.0,1,1.0,1,1.0,1,0.13240756917004787,39
230,1,599,175,424,0,0,0,1.0,1,1.0,1,1.0,1,0.13928055468413683,38
231,3,602,177,425,0,0,0,1.0,1,1.0,1,1.0,1,0.1298993887153676,38
232,2,604,178,426,0,0,0,1.0,1,1.0,1,1.0,1,0.16445511132888543,37
233,2,606,179,427,0,0,0,1.0,1,1.0,1,1.0,1,0.15252786473498503,36
234,2,608,180,428,0,0,0,1.0,1,1.0,1,1.0,1,0.161860739342997,34
235,2,610,182,428,0,0,0,1.0,1,1.0,1,1.0,1,0.2216262662452297,34
236,1,611,182,429,0,0,0,1.0,1,1.0,1,1.0,1,0.18978561138199299,33
237,2,613,183,430,0,0,0,1.0,1,1.0,1,1.0,1,0.26190736179854485,32
238,0,613,183,430,0,0,0,1.0,1,1.0,1,1.0,1,0.26302271824464774,32
239,3,616,185,431,0,0,0,1.0,1,1.0,1,1.0,1,0.2339541632361036,31
240,1,617,185,432,0,0,0,1.0,1,1.0,1,1.0,1,0.23561968752380905,28
241,4,621,186,435,0,0,0,1.0,1,1.0,1,1.0,1,0.20871873026086557,27
242,1,622,187,435,0,0,0,1.0,1,1.0,1,1.0,1,0.2248262892385213,29
243,1,623,188,435,0,0,0,1.0,1,1.0,1,1.0,1,0.2768611216522456,28
244,0,623,188,435,0,0,0,1.0,1,1.0,1,1.0,1,0.278867090816314,28
245,1,624,188,436,0,0,0,1.0,1,1.0,1,1.0,1,0.2358384815053698,27
246,5,629,190,439,0,0,0,1.0,1,1.0,1,1.0,1,0.14240597747609046,25
247,3,632,191,441,0,0,0,1.0,1,1.0,1,1.0,1,0.19212205084943365,26
248,0,632,191,441,0,0,0,1.0,1,1.0,1,1.0,1,0.22181609016971793,27
249,0,632,191,441,0,0,0,1.0,1,1.0,1,1.0,1,0.20495322057931661,26
250,1,633,191,442,0,0,0,1.0,1,1.0,1,1.0,1,0.2192425498842065,27
251,1,634,191,443,0,0,0,1.0,1,1.0,1,1.0,1,0.20458827828201318,28
252,1,635,192,443,0,0,0,1.0,1,1.0,1,1.0,1,0.2103458635624261,28
253,1,636,193,443,0,0,0,1.0,1,1.0,1,1.0,1,0.18381462619205277,28
254,0,636,193,443,0,0,0,1.0,1,1.0,1,1.0,1,0.2155951544664058,29
255,1,637,193,444,0,0,0,1.0,1,1.0,1,1.0,1,0.20022260233295305,30
256,3,640,194,446,0,0,0,1.0,1,1.0,1,1.0,1,0.24156140604882667,30
257,2,642,194,448,0,0,0,1.0,1,1.0,1,1.0,1,0.19211062245529567,32
258,2,644,195,449,0,0,0,1.0,1,1.0,1,1.0,1,0.2170462035595898,32
259,0,644,195,449,0,0,0,1.0,1,1.0,1,1.0,1,0.2170462035595898,32
260,1,645,195,450,0,0,0,1.0,1,1.0,1,1.0,1,0.16247448620277122,34
261,1,646,195,451,0,0,0,1.0,1,1.0,1,1.0,1,0.14760192712718562,35
262,2,648,197,451,0,0,0,1.0,1,1.0,1,1.0,1,0.2435105239854022,36
263,0,648,197,451,0,0,0,1.0,1,1.0,1,1.0,1,0.20691054261367509,34
264,6,654,199,455,0,0,0,1.0,1,1.0,1,1.0,1,0.166959570052631,34
265,0,654,199,455,0,0,0,1.0,1,1.0,1,1.0,1,0.18592620263622692,33
266,1,655,199,456,0,0,0,1.0,1,1.0,1,1.0,1,0.18504519356695953,34
267,0,655,199,456,0,0,0,1.0,1,1.0,1,1.0,1,0.19056038774532463,33
268,0,655,199,456,0,0,0,1.0,1,1.0,1,1.0,1,0.21301899325591417,34
269,1,656,200,456,0,0,0,1.0,1,1.0,1,1.0,1,0.21784043273235254,34
270,5,661,200,461,0,0,0,1.0,1,1.0,1,1.0,1,0.18910185303257174,36
271,0,661,200,461,0,0,0,1.0,1,1.0,1,1.0,1,0.18910185303257174,36
272,0,661,200,461,0,0,0,1.0,1,1.0,1,1.0,1,0.21168385798520417,38
273,1,662,200,462,0,0,0,1.0,1,1.0,1,1.0,1,0.18718499416768827,38
274,1,663,201,462,0,0,0,1.0,1,1.0,1,1.0,1,0.20405646202313446,38
275,2,665,201,464,0,0,0,1.0,1,1.0,1,1.0,1,0.15914235124796738,38
276,1,666,201,465,0,0,0,1.0,1,1.0,1,1.0,1,0.17637420761976294,39
277,2,668,202,466,0,0,0,1.0,1,1.0,1,1.0,1,0.20451711960607222,38
278,2,670,203,467,0,0,0,1.0,1,1.0,1,1.0,1,0.20754186720079545,38
279,2,672,203,469,0,0,0,1.0,1,1.0,1,1.0,1,0.15895382950663317,38
280,1,673,204,469,0,0,0,1.0,1,1.0,1,1.0,1,0.15546814187386468,38
281,2,675,204,471,0,0,0,1.0,1,1.0,1,1.0,1,0.124204664685948,38
282,1,676,204,472,0,0,0,1.0,1,1.0,1,1.0,1,0.11404675735678992,38
283,1,677,205,472,0,0,0,1.0,1,1.0,1,1.0,1,0.13236470191283783,38
284,1,678,205,473,0,0,0,1.0,1,1.0,1,1.0,1,0.12906060478037346,39
285,2,680,206,474,0,0,0,1.0,1,1.0,1,1.0,1,0.14436774979904213,39
286,0,680,206,474,0,0,0,1.0,1,1.0,1,1.0,1,0.14436774979904213,39
287,1,681,206,475,0,0,0,1.0,1,1.0,1,1.0,1,0.19917122717816388,39
288,2,683,206,477,0,0,0,1.0,1,1.0,1,1.0,1,0.1653878147555548,39
289,2,685,206,479,0,0,0,1.0,1,1.0,1,1.0,1,0.16415612939113017,39
290,2,687,206,481,0,0,0,1.0,1,1.0,1,1.0,1,0.13634110669087454,39
291,1,688,207,481,0,0,0,1.0,1,1.0,1,1.0,1,0.1587354055780724,39
292,2,690,208,482,0,0,0,1.0,1,1.0,1,1.0,1,0.135193363191354,40
293,2,692,208,484,0,0,0,1.0,1,1.0,1,1.0,1,0.10057631997859838,41
294,2,694,209,485,0,0,0,1.0,1,1.0,1,1.0,1,0.06902545537903364,40
295,2,696,210,486,0,0,0,1.0,1,1.0,1,1.0,1,0.07241003360447908,42
296,2,698,212,486,0,0,0,1.0,1,1.0,1,1.0,1,0.15522313833340814,42
297,4,702,213,489,0,0,0,1.0,1,1.0,1,1.0,1,0.11629141436114183,43
298,2,704,214,490,0,0,0,1.0,1,1.0,1,1.0,1,0.11077087576351141,44
299,2,706,215,491,0,0,0,1.0,1,1.0,1,1.0,1,0.1054078949182765,44
300,0,706,215,491,0,0,0,1.0,1,1.0,1,1.0,1,0.1199410145877374,45
301,5,711,218,493,0,0,0,1.0,1,1.0,1,1.0,1,0.12874224552356975,47
302,7,718,220,498,0,0,0,1.0,1,1.0,1,1.0,1,0.10099058495658798,46
303,2,720,221,499,0,0,0,1.0,1,1.0,1,1.0,1,0.117332010522637,45
304,4,724,224,500,0,0,0,1.0,1,1.0,1,1.0,1,0.14623900037600965,45
305,3,727,224,503,0,0,0,1.0,1,1.0,1,1.0,1,0.13866644171303696,43
306,4,731,224,507,0,0,0,1.0,1,1.0,1,1.0,1,0.14135188547743935,44
307,2,733,226,507,0,0,0,1.0,1,1.0,1,1.0,1,0.18152706429165438,42
308,1,734,227,507,0,0,0,1.0,1,1.0,1,1.0,1,0.16255707258270308,41
309,0,734,227,507,0,0,0,1.0,1,1.0,1,1.0,1,0.1707504605388692,42
310,3,737,227,510,0,0,0,1.0,1,1.0,1,1.0,1,0.14728971380237835,41
311,2,739,227,512,0,0,0,1.0,1,1.0,1,1.0,1,0.10450196793754647,41
312,1,740,227,513,0,0,0,1.0,1,1.0,1,1.0,1,0.06978609380787164,44
313,0,740,227,513,0,0,0,1.0,1,1.0,1,1.0,1,0.08506812610908729,43
314,0,740,227,513,0,0,0,1.0,1,1.0,1,1.0,1,0.08506812610908729,43
315,1,741,228,513,0,0,0,1.0,1,1.0,1,1.0,1,0.09347024999927352,43
316,0,741,228,513,0,0,0,1.0,1,1.0,1,1.0,1,0.09347024999927352,43
317,1,742,228,514,0,0,0,1.0,1,1.0,1,1.0,1,0.08504359919925572,44
318,4,746,231,515,0,0,0,1.0,1,1.0,1,1.0,1,0.175553889930566,45
319,2,748,231,517,0,0,0,1.0,1,1.0,1,1.0,1,0.12170134087344266,46
320,1,749,232,517,0,0,0,1.0,1,1.0,1,1.0,1,0.17641485532454543,45
321,3,752,232,520,0,0,0,1.0,1,1.0,1,1.0,1,0.09760612949204199,44
322,2,754,232,522,0,0,0,1.0,1,1.0,1,1.0,1,0.059517160615639615,42
323,1,755,233,522,0,0,0,1.0,1,1.0,1,1.0,1,0.08379500381925442,42
324,0,755,233,522,0,0,0,1.0,1,1.0,1,1.0,1,0.0789892474623134,43
325,4,759,235,524,0,0,0,1.0,1,1.0,1,1.0,1,0.13761296359593342,43
326,5,764,235,529,0,0,0,1.0,1,1.0,1,1.0,1,0.0931804673219241,43
327,0,764,235,529,0,0,0,1.0,1,1.0,1,1.0,1,0.09817727088378735,44
328,1,765,236,529,0,0,0,1.0,1,1.0,1,1.0,1,0.10460846420575018,44
329,0,765,236,529,0,0,0,1.0,1,1.0,1,1.0,1,0.10173227484815688,45
330,0,765,236,529,0,0,0,1.0,1,1.0,1,1.0,1,0.11087328823315533,46
331,1,766,236,530,0,0,0,1.0,1,1.0,1,1.0,1,0.08040133133717765,46
332,1,767,236,531,0,0,0,1.0,1,1.0,1,1.0,1,0.06293116285242896,47
333,0,767,236,531,0,0,0,1.0,1,1.0,1,1.0,1,0.07542473766239825,48
334,0,767,236,531,0,0,0,1.0,1,1.0,1,1.0,1,0.07542473766239825,48
335,1,768,237,531,0,0,0,1.0,1,1.0,1,1.0,1,0.09901014321452563,49
336,0,768,237,531,0,0,0,1.0,1,1.0,1,1.0,1,0.11443398713302393,50
337,3,771,238,533,0,0,0,1.0,1,1.0,1,1.0,1,0.10073173760814147,51
338,1,772,238,534,0,0,0,1.0,1,1.0,1,1.0,1,0.09547740793434743,51
339,2,774,240,534,0,0,0,1.0,1,1.0,1,1.0,1,0.1074933315585623,51
340,1,775,241,534,0,0,0,1.0,1,1.0,1,1.0,1,0.1370430498207621,51
341,2,777,242,535,0,0,0,1.0,1,1.0,1,1.0,1,0.12387295979255035,51
342,1,778,243,535,0,0,0,1.0,1,1.0,1,1.0,1,0.14445458105419565,51
343,2,780,244,536,0,0,0,1.0,1,1.0,1,1.0,1,0.1547086165870194,51
344,1,781,244,537,0,0,0,1.0,1,1.0,1,1.0,1,0.15268213545426004,50
345,0,781,244,537,0,0,0,1.0,1,1.0,1,1.0,1,0.15268213545426004,50
346,6,787,247,540,0,0,0,1.0,1,1.0,1,1.0,1,0.18941335984072252,50
347,1,788,247,541,0,0,0,1.0,1,1.0,1,1.0,1,0.17715593670706622,51
348,1,789,248,541,0,0,0,1.0,1,1.0,1,1.0,1,0.17503814206513854,52
349,2,791,250,541,0,0,0,1.0,1,1.0,1,1.0,1,0.19054739221118336,54
350,4,795,250,545,0,0,0,1.0,1,1.0,1,1.0,1,0.1860679692364695,54
351,4,799,251,548,0,0,0,1.0,1,1.0,1,1.0,1,0.15234610789824032,54
352,0,799,251,548,0,0,0,1.0,1,1.0,1,1.0,1,0.1599386078308933,56
353,3,802,252,550,0,0,0,1.0,1,1.0,1,1.0,1,0.14660170993430988,54
354,2,804,252,552,0,0,0,1.0,1,1.0,1,1.0,1,0.11306017485124675,53
355,2,806,253,553,0,0,0,1.0,1,1.0,1,1.0,1,0.09721001518112919,54
356,1,807,254,553,0,0,0,1.0,1,1.0,1,1.0,1,0.11420014897241479,54
357,5,812,257,555,0,0,0,1.0,1,1.0,1,1.0,1,0.1598645391643017,53
358,1,813,257,556,0,0,0,1.0,1,1.0,1,1.0,1,0.18110698014170343,49
359,1,814,257,557,0,0,0,1.0,1,1.0,1,1.0,1,0.20585303205332472,48
360,2,816,257,559,0,0,0,1.0,1,1.0,1,1.0,1,0.19653954523076816,47
361,3,819,257,562,0,0,0,1.0,1,1.0,1,1.0,1,0.15665384623021994,46
362,0,819,257,562,0,0,0,1.0,1,1.0,1,1.0,1,0.1576896060211792,46
363,2,821,257,564,0,0,0,1.0,1,1.0,1,1.0,1,0.1648797855624951,47
364,0,821,257,564,0,0,0,1.0,1,1.0,1,1.0,1,0.1648797855624951,47
365,0,821,257,564,0,0,0,1.0,1,1.0,1,1.0,1,0.1648797855624951,47
366,4,825,259,566,0,0,0,1.0,1,1.0,1,1.0,1,0.16551403341248666,50
367,4,829,260,569,0,0,0,1.0,1,1.0,1,1.0,1,0.14045004350933496,50
368,2,831,260,571,0,0,0,1.0,1,1.0,1,1.0,1,0.09229914760036667,51
369,0,831,260,571,0,0,0,1.0,1,1.0,1,1.0,1,0.10998647906349121,51
370,0,831,260,571,0,0,0,1.0,1,1.0,1,1.0,1,0.10998647906349121,51
371,4,835,260,575,0,0,0,1.0,1,1.0,1,1.0,1,0.09944723908207642,52
372,0,835,260,575,0,0,0,1.0,1,1.0,1,1.0,1,0.09719232740368018,53
373,1,836,261,575,0,0,0,1.0,1,1.0,1,1.0,1,0.10557036975328415,53
374,3,839,262,577,0,0,0,1.0,1,1.0,1,1.0,1,0.10478032541592124,53
375,3,842,265,577,0,0,0,1.0,1,1.0,1,1.0,1,0.1561551524887159,53
376,4,846,266,580,0,0,0,1.0,1,1.0,1,1.0,1,0.09458694205113634,53
377,2,848,268,580,0,0,0,1.0,1,1.0,1,1.0,1,0.10127152097959147,53
378,2,850,269,581,0,0,0,1.0,1,1.0,1,1.0,1,0.08004285863013623,53
379,1,851,270,581,0,0,0,1.0,1,1.0,1,1.0,1,0.09159879441443428,54
380,0,851,270,581,0,0,0,1.0,1,1.0,1,1.0,1,0.09159879441443428,54
381,4,855,272,583,0,0,0,1.0,1,1.0,1,1.0,1,0.07053112117011,54
382,3,858,273,585,0,0,0,1.0,1,1.0,1,1.0,1,0.07832444117707418,55
383,1,859,274,585,0,0,0,1.0,1,1.0,1,1.0,1,0.09343549586568292,55
384,1,860,275,585,0,0,0,1.0,1,1.0,1,1.0,1,0.1307999853582037,54
385,1,861,276,585,0,0,0,1.0,1,1.0,1,1.0,1,0.12025796781469233,52
386,3,864,276,588,0,0,0,1.0,1,1.0,1,1.0,1,0.07879204893968328,52
387,1,865,277,588,0,0,0,1.0,1,1.0,1,1.0,1,0.10233136146868883,50
388,7,872,280,592,0,0,0,1.0,1,1.0,1,1.0,1,0.10385885549530295,52
389,2,874,282,592,0,0,0,1.0,1,1.0,1,1.0,1,0.11574155785823546,51
390,1,875,282,593,0,0,0,1.0,1,1.0,1,1.0,1,0.1360108385036693,50
391,6,881,284,597,0,0,0,1.0,1,1.0,1,1.0,1,0.15402838783629375,49
392,4,885,285,600,0,0,0,1.0,1,1.0,1,1.0,1,0.1576286224203391,47
393,8,893,288,605,0,0,0,1.0,1,1.0,1,1.0,1,0.20919244644037865,47
394,7,900,291,609,0,0,0,1.0,1,1.0,1,1.0,1,0.21865654623629227,48
395,4,904,293,611,0,0,0,1.0,1,1.0,1,1.0,1,0.23581584749749487,46
396,2,906,293,613,0,0,0,1.0,1,1.0,1,1.0,1,0.19393475102370117,43
397,2,908,293,615,0,0,0,1.0,1,1.0,1,1.0,1,0.15694722134909234,42
398,3,911,295,616,0,0,0,1.0,1,1.0,1,1.0,1,0.19086589031113813,40
399,1,912,296,616,0,0,0,1.0,1,1.0,1,1.0,1,0.22981237031815469,39
400,1,913,297,616,0,0,0,1.0,1,1.0,1,1.0,1,0.2186630132368343,38
401,3,916,297,619,0,0,0,1.0,1,1.0,1,1.0,1,0.16990079379405423,37
402,0,916,297,619,0,0,0,1.0,1,1.0,1,1.0,1,0.16792683504120895,36
403,2,918,298,620,0,0,0,1.0,1,1.0,1,1.0,1,0.13391164702700592,38
404,1,919,299,620,0,0,0,1.0,1,1.0,1,1.0,1,0.15623629828539498,39
405,0,919,299,620,0,0,0,1.0,1,1.0,1,1.0,1,0.13379726592836264,40
406,2,921,299,622,0,0,0,1.0,1,1.0,1,1.0,1,0.10283727979521212,41
407,1,922,299,623,0,0,0,1.0,1,1.0,1,1.0,1,0.07881128732908996,42
408,0,922,299,623,0,0,0,1.0,1,1.0,1,1.0,1,0.062242007239513016,43
409,1,923,300,623,0,0,0,1.0,1,1.0,1,1.0,1,0.10940488846429695,44
410,0,923,300,623,0,0,0,1.0,1,1.0,1,1.0,1,0.12716728375530395,46
411,0,923,300,623,0,0,0,1.0,1,1.0,1,1.0,1,0.12716728375530395,46
412,1,924,300,624,0,0,0,1.0,1,1.0,1,1.0,1,0.126056865851071,47
413,1,925,301,624,0,0,0,1.0,1,1.0,1,1.0,1,0.15707720270982614,47
414,1,926,301,625,0,0,0,1.0,1,1.0,1,1.0,1,0.13978548790543752,47
415,1,927,301,626,0,0,0,1.0,1,1.0,1,1.0,1,0.1354844385686629,48
416,1,928,301,627,0,0,0,1.0,1,1.0,1,1.0,1,0.12559205351406616,49
417,2,930,301,629,0,0,0,1.0,1,1.0,1,1.0,1,0.11135558404067257,49
418,5,935,303,632,0,0,0,1.0,1,1.0,1,1.0,1,0.12830085659728954,50
419,0,935,303,632,0,0,0,1.0,1,1.0,1,1.0,1,0.12830085659728954,50
420,2,937,304,633,0,0,0,1.0,1,1.0,1,1.0,1,0.08786760928031516,50
421,1,938,305,633,0,0,0,1.0,1,1.0,1,1.0,1,0.11203463529882306,50
422,0,938,305,633,0,0,0,1.0,1,1.0,1,1.0,1,0.13142146058157675,50
423,2,940,307,633,0,0,0,1.0,1,1.0,1,1.0,1,0.16678447300793814,51
424,1,941,307,634,0,0,0,1.0,1,1.0,1,1.0,1,0.1573603761121379,49
425,2,943,308,635,0,0,0,1.0,1,1.0,1,1.0,1,0.1805934931759128,48
426,6,949,311,638,0,0,0,1.0,1,1.0,1,1.0,1,0.155176511248279,50
427,4,953,313,640,0,0,0,1.0,1,1.0,1,1.0,1,0.15499272178738974,48
428,7,960,316,644,0,0,0,1.0,1,1.0,1,1.0,1,0.18882777814302448,49
429,0,960,316,644,0,0,0,1.0,1,1.0,1,1.0,1,0.1762860697918874,45
430,0,960,316,644,0,0,0,1.0,1,1.0,1,1.0,1,0.19504600787558746,44
431,6,966,317,649,0,0,0,1.0,1,1.0,1,1.0,1,0.16861175111729654,42
432,3,969,317,652,0,0,0,1.0,1,1.0,1,1.0,1,0.18459823036431552,40
433,2,971,318,653,0,0,0,1.0,1,1.0,1,1.0,1,0.20702541748471498,39
434,6,977,320,657,0,0,0,1.0,1,1.0,1,1.0,1,0.23194851300092362,39
435,3,980,321,659,0,0,0,1.0,1,1.0,1,1.0,1,0.2971776222236172,38
436,9,989,321,668,0,0,0,1.0,1,1.0,1,1.0,1,0.21225666666499593,38
437,5,994,321,673,0,0,0,1.0,1,1.0,1,1.0,1,0.15951662438620826,39
438,3,997,321,676,0,0,0,1.0,1,1.0,1,1.0,1,0.20279294156868705,38
439,8,1005,322,683,0,0,0,1.0,1,1.0,1,1.0,1,0.16579350670339324,39
440,3,1008,322,686,0,0,0,1.0,1,1.0,1,1.0,1,0.18147480205828292,39
441,7,1015,323,692,0,0,0,1.0,1,1.0,1,1.0,1,0.14242490752953554,41
442,1,1016,323,693,0,0,0,1.0,1,1.0,1,1.0,1,0.13670632889408213,42
443,6,1022,324,698,0,0,0,1.0,1,1.0,1,1.0,1,0.17882907067676712,42
444,6,1028,324,704,0,0,0,1.0,1,1.0,1,1.0,1,0.1850088439059213,43
445,7,1035,324,711,0,0,0,1.0,1,1.0,1,1.0,1,0.14062216095332183,44
446,0,1035,324,711,0,0,0,1.0,1,1.0,1,1.0,1,0.13787653022497376,44
447,3,1038,324,714,0,0,0,1.0,1,1.0,1,1.0,1,0.11604010537854156,47
448,0,1038,324,714,0,0,0,1.0,1,1.0,1,1.0,1,0.1292302216444382,46
449,0,1038,324,714,0,0,0,1.0,1,1.0,1,1.0,1,0.1292302216444382,46
450,1,1039,324,715,0,0,0,1.0,1,1.0,1,1.0,1,0.15699797252157222,46
451,2,1041,324,717,0,0,0,1.0,1,1.0,1,1.0,1,0.13093705748521559,47
452,0,1041,324,717,0,0,0,1.0,1,1.0,1,1.0,1,0.1439626032190014,47
453,0,1041,324,717,0,0,0,1.0,1,1.0,1,1.0,1,0.1439626032190014,47
454,2,1043,324,719,0,0,0,1.0,1,1.0,1,1.0,1,0.12371739719555248,46
455,3,1046,325,721,0,0,0,1.0,1,1.0,1,1.0,1,0.09477824395171694,47
456,2,1048,325,723,0,0,0,1.0,1,1.0,1,1.0,1,0.04717883110116665,49
457,1,1049,326,723,0,0,0,1.0,1,1.0,1,1.0,1,0.0738736420724581,50
458,1,1050,326,724,0,0,0,1.0,1,1.0,1,1.0,1,0.057679144976842935,50
459,2,1052,326,726,0,0,0,1.0,1,1.0,1,1.0,1,0.08538040549600373,52
460,2,1054,326,728,0,0,0,1.0,1,1.0,1,1.0,1,0.06763372498196991,53
461,0,1054,326,728,0,0,0,1.0,1,1.0,1,1.0,1,0.08409585820949027,54
462,0,1054,326,728,0,0,0,1.0,1,1.0,1,1.0,1,0.08409585820949027,54
463,2,1056,327,729,0,0,0,1.0,1,1.0,1,1.0,1,0.0924801926947893,55
464,1,1057,327,730,0,0,0,1.0,1,1.0,1,1.0,1,0.08030105225639976,56
465,0,1057,327,730,0,0,0,1.0,1,1.0,1,1.0,1,0.10877278099160309,54
466,5,1062,329,733,0,0,0,1.0,1,1.0,1,1.0,1,0.06444963608422288,54
467,0,1062,329,733,0,0,0,1.0,1,1.0,1,1.0,1,0.09617769304647654,51
468,5,1067,334,733,0,0,0,1.0,1,1.0,1,1.0,1,0.1440090928248045,51
469,5,1072,336,736,0,0,0,1.0,1,1.0,1,1.0,1,0.16377541110270782,48
470,4,1076,340,736,0,0,0,1.0,1,1.0,1,1.0,1,0.17258901103163088,47
471,7,1083,344,739,0,0,0,1.0,1,1.0,1,1.0,1,0.16300111684247137,44
472,1,1084,345,739,0,0,0,1.0,1,1.0,1,1.0,1,0.12768191446051444,43
473,2,1086,345,741,0,0,0,1.0,1,1.0,1,1.0,1,0.09994870820296688,41
474,2,1088,345,743,0,0,0,1.0,1,1.0,1,1.0,1,0.0606412967295153,39
475,2,1090,347,743,0,0,0,1.0,1,1.0,1,1.0,1,0.0996305201906635,40
476,5,1095,351,744,0,0,0,1.0,1,1.0,1,1.0,1,0.20074210414129368,38
477,2,1097,352,745,0,0,0,1.0,1,1.0,1,1.0,1,0.1720748258916511,35
478,2,1099,352,747,0,0,0,1.0,1,1.0,1,1.0,1,0.12550060905899177,35
479,0,1099,352,747,0,0,0,1.0,1,1.0,1,1.0,1,0.19692399886700965,32
480,0,1099,352,747,0,0,0,1.0,1,1.0,1,1.0,1,0.21410305947515665,32
481,0,1099,352,747,0,0,0,1.0,1,1.0,1,1.0,1,0.20569110340390312,33
482,4,1103,354,749,0,0,0,1.0,1,1.0,1,1.0,1,0.21340365000392506,34
483,2,1105,356,749,0,0,0,1.0,1,1.0,1,1.0,1,0.2088021068913064,32
484,1,1106,356,750,0,0,0,1.0,1,1.0,1,1.0,1,0.1703626946933724,33
485,2,1108,357,751,0,0,0,1.0,1,1.0,1,1.0,1,0.1874398579780874,34
486,3,1111,357,754,0,0,0,1.0,1,1.0,1,1.0,1,0.18299788754641305,36
487,1,1112,357,755,0,0,0,1.0,1,1.0,1,1.0,1,0.15307622312309166,36
488,2,1114,358,756,0,0,0,1.0,1,1.0,1,1.0,1,0.13628285898077283,37
489,6,1120,360,760,0,0,0,1.0,1,1.0,1,1.0,1,0.13950976255689634,38
490,1,1121,360,761,0,0,0,1.0,1,1.0,1,1.0,1,0.13310858474510912,38
491,1,1122,360,762,0,0,0,1.0,1,1.0,1,1.0,1,0.11718442493021178,37
492,2,1124,361,763,0,0,0,1.0,1,1.0,1,1.0,1,0.10757991050399833,37
493,0,1124,361,763,0,0,0,1.0,1,1.0,1,1.0,1,0.10757991050399833,37
494,5,1129,363,766,0,0,0,1.0,1,1.0,1,1.0,1,0.1619063250809782,39
495,3,1132,363,769,0,0,0,1.0,1,1.0,1,1.0,1,0.1648433795830494,40
496,2,1134,363,771,0,0,0,1.0,1,1.0,1,1.0,1,0.10961419912522184,40
497,7,1141,363,778,0,0,0,1.0,1,1.0,1,1.0,1,0.10765633723906194,43
498,1,1142,363,779,0,0,0,1.0,1,1.0,1,1.0,1,0.09732173084120822,43
499,4,1146,365,781,0,0,0,1.0,1,1.0,1,1.0,1,0.1484547135415116,44
500,5,1151,366,785,0,0,0,1.0,1,1.0,1,1.0,1,0.16247032767704087,45
501,4,1155,366,789,0,0,0,1.0,1,1.0,1,1.0,1,0.12952462432476985,45
502,3,1158,367,791,0,0,0,1.0,1,1.0,1,1.0,1,0.06326619870440514,45
503,1,1159,368,791,0,0,0,1.0,1,1.0,1,1.0,1,0.09903974548217508,46
504,2,1161,370,791,0,0,0,1.0,1,1.0,1,1.0,1,0.16692618391988517,47
505,0,1161,370,791,0,0,0,1.0,1,1.0,1,1.0,1,0.13418878904659617,42
506,2,1163,371,792,0,0,0,1.0,1,1.0,1,1.0,1,0.14380552669207103,41
507,1,1164,372,792,0,0,0,1.0,1,1.0,1,1.0,1,0.1607320838847167,38
508,3,1167,374,793,0,0,0,1.0,1,1.0,1,1.0,1,0.18753135788022626,38
509,0,1167,374,793,0,0,0,1.0,1,1.0,1,1.0,1,0.22855974465181841,37
510,0,1167,374,793,0,0,0,1.0,1,1.0,1,1.0,1,0.24706923943227452,36
511,3,1170,374,796,0,0,0,1.0,1,1.0,1,1.0,1,0.20428364363558388,34
512,0,1170,374,796,0,0,0,1.0,1,1.0,1,1.0,1,0.20310738494225977,32
513,2,1172,374,798,0,0,0,1.0,1,1.0,1,1.0,1,0.11597589752995677,32
514,0,1172,374,798,0,0,0,1.0,1,1.0,1,1.0,1,0.11884818449784952,35
515,6,1178,374,804,0,0,0,1.0,1,1.0,1,1.0,1,0.1371620531587581,35
516,3,1181,375,806,0,0,0,1.0,1,1.0,1,1.0,1,0.1326912714404688,36
517,2,1183,375,808,0,0,0,1.0,1,1.0,1,1.0,1,0.12444281660519879,36
518,1,1184,375,809,0,0,0,1.0,1,1.0,1,1.0,1,0.1536345892658592,39
519,2,1186,376,810,0,0,0,1.0,1,1.0,1,1.0,1,0.16861273794233622,39
520,1,1187,376,811,0,0,0,1.0,1,1.0,1,1.0,1,0.17376082514290386,39
521,6,1193,376,817,0,0,0,1.0,1,1.0,1,1.0,1,0.16192633789895153,40
522,4,1197,377,820,0,0,0,1.0,1,1.0,1,1.0,1,0.17103970331476948,40
523,5,1202,377,825,0,0,0,1.0,1,1.0,1,1.0,1,0.15509735847039333,41
524,3,1205,377,828,0,0,0,1.0,1,1.0,1,1.0,1,0.12556426782364855,41
525,2,1207,378,829,0,0,0,1.0,1,1.0,1,1.0,1,0.10295052774451856,40
526,0,1207,378,829,0,0,0,1.0,1,1.0,1,1.0,1,0.08808098696215323,40
527,1,1208,379,829,0,0,0,1.0,1,1.0,1,1.0,1,0.12972976859736948,40
528,0,1208,379,829,0,0,0,1.0,1,1.0,1,1.0,1,0.12972976859736948,40
529,0,1208,379,829,0,0,0,1.0,1,1.0,1,1.0,1,0.14421193087886683,39
530,1,1209,380,829,0,0,0,1.0,1,1.0,1,1.0,1,0.17932780622140457,39
531,5,1214,381,833,0,0,0,1.0,1,1.0,1,1.0,1,0.12909695457009618,39
532,1,1215,382,833,0,0,0,1.0,1,1.0,1,1.0,1,0.15870681473482062,40
533,4,1219,383,836,0,0,0,1.0,1,1.0,1,1.0,1,0.21788020530554864,40
534,4,1223,383,840,0,0,0,1.0,1,1.0,1,1.0,1,0.2134137283874251,42
535,3,1226,384,842,0,0,0,1.0,1,1.0,1,1.0,1,0.193851811448181,42
536,0,1226,384,842,0,0,0,1.0,1,1.0,1,1.0,1,0.2003596475212822,43
537,0,1226,384,842,0,0,0,1.0,1,1.0,1,1.0,1,0.2003596475212822,43
538,4,1230,386,844,0,0,0,1.0,1,1.0,1,1.0,1,0.22996559495985094,44
539,2,1232,386,846,0,0,0,1.0,1,1.0,1,1.0,1,0.19704945156609224,44
540,0,1232,386,846,0,0,0,1.0,1,1.0,1,1.0,1,0.19704945156609224,44
541,1,1233,386,847,0,0,0,1.0,1,1.0,1,1.0,1,0.16428978995629298,45
542,2,1235,386,849,0,0,0,1.0,1,1.0,1,1.0,1,0.15216799203075082,46
543,3,1238,388,850,0,0,0,1.0,1,1.0,1,1.0,1,0.17708176620195087,43
544,5,1243,390,853,0,0,0,1.0,1,1.0,1,1.0,1,0.20724578694403234,42
545,5,1248,391,857,0,0,0,1.0,1,1.0,1,1.0,1,0.11103770786787175,43
546,2,1250,392,858,0,0,0,1.0,1,1.0,1,1.0,1,0.10860443190598827,41
547,1,1251,392,859,0,0,0,1.0,1,1.0,1,1.0,1,0.10191173195055123,40
548,2,1253,394,859,0,0,0,1.0,1,1.0,1,1.0,1,0.121435123746655,40
549,2,1255,396,859,0,0,0,1.0,1,1.0,1,1.0,1,0.17237327818603912,39
550,2,1257,397,860,0,0,0,1.0,1,1.0,1,1.0,1,0.1816430123092066,38
551,7,1264,399,865,0,0,0,1.0,1,1.0,1,1.0,1,0.15088559672831636,38
552,1,1265,400,865,0,0,0,1.0,1,1.0,1,1.0,1,0.1518180136066752,39
553,1,1266,400,866,0,0,0,1.0,1,1.0,1,1.0,1,0.16409037874112598,38
554,1,1267,401,866,0,0,0,1.0,1,1.0,1,1.0,1,0.2097975071224396,39
555,3,1270,401,869,0,0,0,1.0,1,1.0,1,1.0,1,0.16549555006294625,39
556,3,1273,402,871,0,0,0,1.0,1,1.0,1,1.0,1,0.14003169351440112,40
557,1,1274,402,872,0,0,0,1.0,1,1.0,1,1.0,1,0.10294931828446546,40
558,3,1277,402,875,0,0,0,1.0,1,1.0,1,1.0,1,0.09652501289939774,40
559,3,1280,404,876,0,0,0,1.0,1,1.0,1,1.0,1,0.15636169844519704,40
560,2,1282,405,877,0,0,0,1.0,1,1.0,1,1.0,1,0.18016960992670245,41
561,5,1287,406,881,0,0,0,1.0,1,1.0,1,1.0,1,0.16133878140038085,42
562,2,1289,407,882,0,0,0,1.0,1,1.0,1,1.0,1,0.20357439738005212,42
563,3,1292,408,884,0,0,0,1.0,1,1.0,1,1.0,1,0.21522706658810423,42
564,4,1296,408,888,0,0,0,1.0,1,1.0,1,1.0,1,0.2492763085972543,43
565,3,1299,408,891,0,0,0,1.0,1,1.0,1,1.0,1,0.23737530500619827,44
566,5,1304,408,896,0,0,0,1.0,1,1.0,1,1.0,1,0.17444463272320918,45
567,1,1305,408,897,0,0,0,1.0,1,1.0,1,1.0,1,0.17981120195644223,45
568,1,1306,408,898,0,0,0,1.0,1,1.0,1,1.0,1,0.14216406924822503,46
569,7,1313,409,904,0,0,0,1.0,1,1.0,1,1.0,1,0.17462134502302895,47
570,7,1320,410,910,0,0,0,1.0,1,1.0,1,1.0,1,0.20207646911439178,48
571,8,1328,411,917,0,0,0,1.0,1,1.0,1,1.0,1,0.19830227240680676,48
572,2,1330,411,919,0,0,0,1.0,1,1.0,1,1.0,1,0.2264247393280672,47
573,2,1332,411,921,0,0,0,1.0,1,1.0,1,1.0,1,0.1759877235244842,49
574,1,1333,411,922,0,0,0,1.0,1,1.0,1,1.0,1,0.1847288530971231,49
575,7,1340,411,929,0,0,0,1.0,1,1.0,1,1.0,1,0.12886392719725623,50
576,4,1344,411,933,0,0,0,1.0,1,1.0,1,1.0,1,0.08971024473692432,51
577,0,1344,411,933,0,0,0,1.0,1,1.0,1,1.0,1,0.08971024473692432,51
578,0,1344,411,933,0,0,0,1.0,1,1.0,1,1.0,1,0.08971024473692432,51
579,2,1346,412,934,0,0,0,1.0,1,1.0,1,1.0,1,0.11484158527510356,52
580,2,1348,412,936,0,0,0,1.0,1,1.0,1,1.0,1,0.12887244798283426,52
581,2,1350,412,938,0,0,0,1.0,1,1.0,1,1.0,1,0.11505109492361125,52
582,2,1352,412,940,0,0,0,1.0,1,1.0,1,1.0,1,0.08542206003277249,53
583,0,1352,412,940,0,0,0,1.0,1,1.0,1,1.0,1,0.10907397557836057,51
584,2,1354,414,940,0,0,0,1.0,1,1.0,1,1.0,1,0.16448047325251874,51
585,5,1359,417,942,0,0,0,1.0,1,1.0,1,1.0,1,0.18419989479059679,49
586,5,1364,417,947,0,0,0,1.0,1,1.0,1,1.0,1,0.08147357692043322,49
587,3,1367,417,950,0,0,0,1.0,1,1.0,1,1.0,1,0.08961917221420482,48
588,3,1370,418,952,0,0,0,1.0,1,1.0,1,1.0,1,0.11686753807291968,46
589,4,1374,418,956,0,0,0,1.0,1,1.0,1,1.0,1,0.1609770653699709,48
590,3,1377,418,959,0,0,0,1.0,1,1.0,1,1.0,1,0.1625208600762137,47
591,5,1382,421,961,0,0,0,1.0,1,1.0,1,1.0,1,0.15102665328923628,48
592,0,1382,421,961,0,0,0,1.0,1,1.0,1,1.0,1,0.14670325732541029,47
593,2,1384,423,961,0,0,0,1.0,1,1.0,1,1.0,1,0.1822896372094831,45
594,2,1386,424,962,0,0,0,1.0,1,1.0,1,1.0,1,0.1639562611101452,44
595,2,1388,426,962,0,0,0,1.0,1,1.0,1,1.0,1,0.18966041068480305,43
596,3,1391,427,964,0,0,0,1.0,1,1.0,1,1.0,1,0.16418999268406892,44
597,1,1392,428,964,0,0,0,1.0,1,1.0,1,1.0,1,0.1624142843909148,43
598,3,1395,430,965,0,0,0,1.0,1,1.0,1,1.0,1,0.16869982833485717,45
599,4,1399,432,967,0,0,0,1.0,1,1.0,1,1.0,1,0.15961678253362344,44
600,0,1399,432,967,0,0,0,1.0,1,1.0,1,1.0,1,0.15961678253362344,44
601,2,1401,432,969,0,0,0,1.0,1,1.0,1,1.0,1,0.15688606728776078,45
602,2,1403,433,970,0,0,0,1.0,1,1.0,1,1.0,1,0.1784137122335363,46
603,0,1403,433,970,0,0,0,1.0,1,1.0,1,1.0,1,0.17527114023353027,46
604,1,1404,433,971,0,0,0,1.0,1,1.0,1,1.0,1,0.14191638809606635,47
605,1,1405,434,971,0,0,0,1.0,1,1.0,1,1.0,1,0.13150622750699925,47
606,0,1405,434,971,0,0,0,1.0,1,1.0,1,1.0,1,0.1590786517267574,47
607,1,1406,434,972,0,0,0,1.0,1,1.0,1,1.0,1,0.14857308050977194,48
608,0,1406,434,972,0,0,0,1.0,1,1.0,1,1.0,1,0.1522855022433358,47
609,1,1407,434,973,0,0,0,1.0,1,1.0,1,1.0,1,0.14746432323756184,48
610,3,1410,434,976,0,0,0,1.0,1,1.0,1,1.0,1,0.12875744201163083,48
611,0,1410,434,976,0,0,0,1.0,1,1.0,1,1.0,1,0.12595988403369113,49
612,2,1412,434,978,0,0,0,1.0,1,1.0,1,1.0,1,0.12273299808452141,50
613,1,1413,435,978,0,0,0,1.0,1,1.0,1,1.0,1,0.1071979616622574,50
614,0,1413,435,978,0,0,0,1.0,1,1.0,1,1.0,1,0.1071979616622574,50
615,2,1415,436,979,0,0,0,1.0,1,1.0,1,1.0,1,0.09652435044278168,50
616,1,1416,436,980,0,0,0,1.0,1,1.0,1,1.0,1,0.07693831125814751,50
617,1,1417,436,981,0,0,0,1.0,1,1.0,1,1.0,1,0.07204130437281675,52
618,1,1418,436,982,0,0,0,1.0,1,1.0,1,1.0,1,0.04600228511132102,52
619,1,1419,437,982,0,0,0,1.0,1,1.0,1,1.0,1,0.06397497277801904,50
620,3,1422,439,983,0,0,0,1.0,1,1.0,1,1.0,1,0.11897878736581972,50
621,6,1428,442,986,0,0,0,1.0,1,1.0,1,1.0,1,0.1282652096342091,49
622,1,1429,442,987,0,0,0,1.0,1,1.0,1,1.0,1,0.1148792519149704,49
623,3,1432,444,988,0,0,0,1.0,1,1.0,1,1.0,1,0.13167426278089336,48
624,2,1434,445,989,0,0,0,1.0,1,1.0,1,1.0,1,0.15887910268625713,46
625,3,1437,447,990,0,0,0,1.0,1,1.0,1,1.0,1,0.16580289505065046,45
626,4,1441,448,993,0,0,0,1.0,1,1.0,1,1.0,1,0.11688082277603827,44
627,3,1444,449,995,0,0,0,1.0,1,1.0,1,1.0,1,0.1135876124394459,44
628,4,1448,452,996,0,0,0,1.0,1,1.0,1,1.0,1,0.1376604798623055,44
629,1,1449,453,996,0,0,0,1.0,1,1.0,1,1.0,1,0.14420402115665365,41
630,2,1451,453,998,0,0,0,1.0,1,1.0,1,1.0,1,0.12342159126824029,40
631,3,1454,456,998,0,0,0,1.0,1,1.0,1,1.0,1,0.2171953816335611,38
632,6,1460,459,1001,0,0,0,1.0,1,1.0,1,1.0,1,0.20594204163915703,38
633,2,1462,460,1002,0,0,0,1.0,1,1.0,1,1.0,1,0.24454293293963378,36
634,3,1465,461,1004,0,0,0,1.0,1,1.0,1,1.0,1,0.21258061603966288,35
635,1,1466,462,1004,0,0,0,1.0,1,1.0,1,1.0,1,0.19240148096464949,35
636,5,1471,463,1008,0,0,0,1.0,1,1.0,1,1.0,1,0.12879343349469316,36
637,1,1472,463,1009,0,0,0,1.0,1,1.0,1,1.0,1,0.1469452172188514,35
638,0,1472,463,1009,0,0,0,1.0,1,1.0,1,1.0,1,0.18991026650418696,34
639,3,1475,464,1011,0,0,0,1.0,1,1.0,1,1.0,1,0.17515452422998995,36
640,3,1478,464,1014,0,0,0,1.0,1,1.0,1,1.0,1,0.16994631432854118,37
641,2,1480,464,1016,0,0,0,1.0,1,1.0,1,1.0,1,0.10588976675413125,37
642,0,1480,464,1016,0,0,0,1.0,1,1.0,1,1.0,1,0.08406596897504255,38
643,1,1481,464,1017,0,0,0,1.0,1,1.0,1,1.0,1,0.059836948214345695,39
644,2,1483,464,1019,0,0,0,1.0,1,1.0,1,1.0,1,0.10902684948900525,39
645,2,1485,464,1021,0,0,0,1.0,1,1.0,1,1.0,1,0.08883704148825115,39
646,3,1488,467,1021,0,0,0,1.0,1,1.0,1,1.0,1,0.19164144743754813,40
647,3,1491,467,1024,0,0,0,1.0,1,1.0,1,1.0,1,0.17943575768857467,40
648,2,1493,467,1026,0,0,0,1.0,1,1.0,1,1.0,1,0.12949316526165103,40
649,0,1493,467,1026,0,0,0,1.0,1,1.0,1,1.0,1,0.12949316526165103,40
650,2,1495,469,1026,0,0,0,1.0,1,1.0,1,1.0,1,0.19868089575875664,41
651,2,1497,469,1028,0,0,0,1.0,1,1.0,1,1.0,1,0.15334308751508544,42
652,3,1500,470,1030,0,0,0,1.0,1,1.0,1,1.0,1,0.14761176400705273,41
653,2,1502,470,1032,0,0,0,1.0,1,1.0,1,1.0,1,0.1271092178299007,41
654,1,1503,470,1033,0,0,0,1.0,1,1.0,1,1.0,1,0.13860577965429713,42
655,3,1506,470,1036,0,0,0,1.0,1,1.0,1,1.0,1,0.12346656845578097,45
656,1,1507,471,1036,0,0,0,1.0,1,1.0,1,1.0,1,0.14133347239489868,45
657,1,1508,471,1037,0,0,0,1.0,1,1.0,1,1.0,1,0.14320808637223398,43
658,2,1510,473,1037,0,0,0,1.0,1,1.0,1,1.0,1,0.20704548245246215,43
659,2,1512,474,1038,0,0,0,1.0,1,1.0,1,1.0,1,0.20089127449731273,43
660,3,1515,476,1039,0,0,0,1.0,1,1.0,1,1.0,1,0.23024497624349793,43
661,1,1516,477,1039,0,0,0,1.0,1,1.0,1,1.0,1,0.25992720972473676,41
662,5,1521,478,1043,0,0,0,1.0,1,1.0,1,1.0,1,0.1961818133457601,40
663,0,1521,478,1043,0,0,0,1.0,1,1.0,1,1.0,1,0.18576266437594713,39
664,1,1522,478,1044,0,0,0,1.0,1,1.0,1,1.0,1,0.20522275676454105,36
665,2,1524,479,1045,0,0,0,1.0,1,1.0,1,1.0,1,0.19728946387984433,36
666,6,1530,480,1050,0,0,0,1.0,1,1.0,1,1.0,1,0.09558684672106182,36
667,3,1533,481,1052,0,0,0,1.0,1,1.0,1,1.0,1,0.11195147581123241,35
668,4,1537,484,1053,0,0,0,1.0,1,1.0,1,1.0,1,0.26501972546671954,34
669,4,1541,486,1055,0,0,0,1.0,1,1.0,1,1.0,1,0.2751410943772331,34
670,7,1548,488,1060,0,0,0,1.0,1,1.0,1,1.0,1,0.295401624954932,32
671,13,1561,489,1072,0,0,0,1.0,1,1.0,1,1.0,1,0.1048558574044752,33
672,3,1564,489,1075,0,0,0,1.0,1,1.0,1,1.0,1,0.15132274883754815,32
673,2,1566,489,1077,0,0,0,1.0,1,1.0,1,1.0,1,0.1311907217309969,32
674,2,1568,490,1078,0,0,0,1.0,1,1.0,1,1.0,1,0.16429188021860966,32
675,4,1572,491,1081,0,0,0,1.0,1,1.0,1,1.0,1,0.19759475028364124,34
676,2,1574,491,1083,0,0,0,1.0,1,1.0,1,1.0,1,0.13016820297365433,35
677,2,1576,492,1084,0,0,0,1.0,1,1.0,1,1.0,1,0.13368738225761492,35
678,0,1576,492,1084,0,0,0,1.0,1,1.0,1,1.0,1,0.13368738225761492,35
679,3,1579,493,1086,0,0,0,1.0,1,1.0,1,1.0,1,0.12538932552435383,36
680,1,1580,493,1087,0,0,0,1.0,1,1.0,1,1.0,1,0.1480797767408766,37
681,3,1583,493,1090,0,0,0,1.0,1,1.0,1,1.0,1,0.1039663744273342,37
682,0,1583,493,1090,0,0,0,1.0,1,1.0,1,1.0,1,0.1039663744273342,37
683,2,1585,493,1092,0,0,0,1.0,1,1.0,1,1.0,1,0.09238664605697894,38
684,3,1588,494,1094,0,0,0,1.0,1,1.0,1,1.0,1,0.12355676917695124,39
685,4,1592,495,1097,0,0,0,1.0,1,1.0,1,1.0,1,0.15162713886490978,38
686,3,1595,495,1100,0,0,0,1.0,1,1.0,1,1.0,1,0.1274314280944341,37
687,0,1595,495,1100,0,0,0,1.0,1,1.0,1,1.0,1,0.09448198492057186,38
688,0,1595,495,1100,0,0,0,1.0,1,1.0,1,1.0,1,0.12679591052336367,37
689,3,1598,496,1102,0,0,0,1.0,1,1.0,1,1.0,1,0.18594722648715897,39
690,2,1600,496,1104,0,0,0,1.0,1,1.0,1,1.0,1,0.19247809217040227,38
691,2,1602,497,1105,0,0,0,1.0,1,1.0,1,1.0,1,0.15967617218561395,38
692,1,1603,498,1105,0,0,0,1.0,1,1.0,1,1.0,1,0.1850287724754875,38
693,2,1605,500,1105,0,0,0,1.0,1,1.0,1,1.0,1,0.21334153638376643,40
694,3,1608,502,1106,0,0,0,1.0,1,1.0,1,1.0,1,0.23303511787821102,42
695,4,1612,504,1108,0,0,0,1.0,1,1.0,1,1.0,1,0.29320268606458705,40
696,8,1620,505,1115,0,0,0,1.0,1,1.0,1,1.0,1,0.23650895275397107,39
697,2,1622,505,1117,0,0,0,1.0,1,1.0,1,1.0,1,0.1764601012505993,39
698,1,1623,505,1118,0,0,0,1.0,1,1.0,1,1.0,1,0.11558623905750613,37
699,0,1623,505,1118,0,0,0,1.0,1,1.0,1,1.0,1,0.14065417760330134,37
700,2,1625,505,1120,0,0,0,1.0,1,1.0,1,1.0,1,0.1997354128046502,37
701,2,1627,505,1122,0,0,0,1.0,1,1.0,1,1.0,1,0.11307367002055928,37
702,2,1629,506,1123,0,0,0,1.0,1,1.0,1,1.0,1,0.17219325855639706,38
703,1,1630,507,1123,0,0,0,1.0,1,1.0,1,1.0,1,0.20621743708584866,36
704,4,1634,509,1125,0,0,0,1.0,1,1.0,1,1.0,1,0.17432058564870997,36
705,3,1637,511,1126,0,0,0,1.0,1,1.0,1,1.0,1,0.18596055547019072,36
706,7,1644,516,1128,0,0,0,1.0,1,1.0,1,1.0,1,0.2578978162387357,35
707,8,1652,517,1135,0,0,0,1.0,1,1.0,1,1.0,1,0.21707486557863978,36
708,4,1656,519,1137,0,0,0,1.0,1,1.0,1,1.0,1,0.1760745712687644,36
709,0,1656,519,1137,0,0,0,1.0,1,1.0,1,1.0,1,0.13277635443094443,34
710,0,1656,519,1137,0,0,0,1.0,1,1.0,1,1.0,1,0.13277635443094443,34
711,1,1657,519,1138,0,0,0,1.0,1,1.0,1,1.0,1,0.07243541960472732,34
712,2,1659,521,1138,0,0,0,1.0,1,1.0,1,1.0,1,0.14929988140871128,35
713,4,1663,523,1140,0,0,0,1.0,1,1.0,1,1.0,1,0.1418129484826751,34
714,1,1664,524,1140,0,0,0,1.0,1,1.0,1,1.0,1,0.1576682168793872,34
715,0,1664,524,1140,0,0,0,1.0,1,1.0,1,1.0,1,0.16931930401262682,35
716,0,1664,524,1140,0,0,0,1.0,1,1.0,1,1.0,1,0.1461610630946364,33
717,4,1668,526,1142,0,0,0,1.0,1,1.0,1,1.0,1,0.21818092564390387,33
718,2,1670,527,1143,0,0,0,1.0,1,1.0,1,1.0,1,0.22971941146187833,32
719,2,1672,528,1144,0,0,0,1.0,1,1.0,1,1.0,1,0.2156457996230904,32
720,2,1674,529,1145,0,0,0,1.0,1,1.0,1,1.0,1,0.15656249988121562,33
721,1,1675,529,1146,0,0,0,1.0,1,1.0,1,1.0,1,0.11990751341020395,33
722,2,1677,530,1147,0,0,0,1.0,1,1.0,1,1.0,1,0.16437879283979487,34
723,1,1678,531,1147,0,0,0,1.0,1,1.0,1,1.0,1,0.18174616579716896,34
724,2,1680,531,1149,0,0,0,1.0,1,1.0,1,1.0,1,0.1829098742584477,36
725,3,1683,532,1151,0,0,0,1.0,1,1.0,1,1.0,1,0.16293127927693035,36
726,2,1685,532,1153,0,0,0,1.0,1,1.0,1,1.0,1,0.09707334331099612,36
727,0,1685,532,1153,0,0,0,1.0,1,1.0,1,1.0,1,0.09707334331099612,36
728,0,1685,532,1153,0,0,0,1.0,1,1.0,1,1.0,1,0.11506489653353456,37
729,0,1685,532,1153,0,0,0,1.0,1,1.0,1,1.0,1,0.09774034482363377,37
730,1,1686,532,1154,0,0,0,1.0,1,1.0,1,1.0,1,0.07857230947250929,38
731,2,1688,533,1155,0,0,0,1.0,1,1.0,1,1.0,1,0.14864377506953397,39
732,2,1690,533,1157,0,0,0,1.0,1,1.0,1,1.0,1,0.10901487044316496,41
733,1,1691,534,1157,0,0,0,1.0,1,1.0,1,1.0,1,0.11505537258890594,39
734,2,1693,535,1158,0,0,0,1.0,1,1.0,1,1.0,1,0.11795490817585419,39
735,1,1694,536,1158,0,0,0,1.0,1,1.0,1,1.0,1,0.10602542181373911,39
736,1,1695,536,1159,0,0,0,1.0,1,1.0,1,1.0,1,0.12605089447249004,38
737,1,1696,537,1159,0,0,0,1.0,1,1.0,1,1.0,1,0.1622839333268856,39
738,0,1696,537,1159,0,0,0,1.0,1,1.0,1,1.0,1,0.17994416026294777,37
739,0,1696,537,1159,0,0,0,1.0,1,1.0,1,1.0,1,0.17994416026294777,37
740,0,1696,537,1159,0,0,0,1.0,1,1.0,1,1.0,1,0.19559820074102982,35
741,2,1698,538,1160,0,0,0,1.0,1,1.0,1,1.0,1,0.19919437357748485,33
742,2,1700,540,1160,0,0,0,1.0,1,1.0,1,1.0,1,0.2928932930422869,35
743,7,1707,543,1164,0,0,0,1.0,1,1.0,1,1.0,1,0.24546674453546857,35
744,4,1711,544,1167,0,0,0,1.0,1,1.0,1,1.0,1,0.20519592750761434,34
745,2,1713,545,1168,0,0,0,1.0,1,1.0,1,1.0,1,0.22839758276785505,34
746,6,1719,547,1172,0,0,0,1.0,1,1.0,1,1.0,1,0.11296710239852963,33
747,0,1719,547,1172,0,0,0,1.0,1,1.0,1,1.0,1,0.10813085009053235,32
748,0,1719,547,1172,0,0,0,1.0,1,1.0,1,1.0,1,0.09651316795883565,33
749,1,1720,547,1173,0,0,0,1.0,1,1.0,1,1.0,1,0.10724639852191137,33
750,2,1722,547,1175,0,0,0,1.0,1,1.0,1,1.0,1,0.09366845604184287,34
751,1,1723,548,1175,0,0,0,1.0,1,1.0,1,1.0,1,0.09505674878878384,36
752,2,1725,550,1175,0,0,0,1.0,1,1.0,1,1.0,1,0.0899562173212863,35
753,1,1726,551,1175,0,0,0,1.0,1,1.0,1,1.0,1,0.06395667386762333,37
754,3,1729,554,1175,0,0,0,1.0,1,1.0,1,1.0,1,0.1494526672737845,37
755,2,1731,555,1176,0,0,0,1.0,1,1.0,1,1.0,1,0.1404155891629975,35
756,2,1733,556,1177,0,0,0,1.0,1,1.0,1,1.0,1,0.2041021917722968,36
757,0,1733,556,1177,0,0,0,1.0,1,1.0,1,1.0,1,0.18398554683252238,35
758,0,1733,556,1177,0,0,0,1.0,1,1.0,1,1.0,1,0.20226497254859313,36
759,0,1733,556,1177,0,0,0,1.0,1,1.0,1,1.0,1,0.1968277795738815,37
760,3,1736,556,1180,0,0,0,1.0,1,1.0,1,1.0,1,0.15866766548724587,36
761,1,1737,556,1181,0,0,0,1.0,1,1.0,1,1.0,1,0.14758733050181144,36
762,0,1737,556,1181,0,0,0,1.0,1,1.0,1,1.0,1,0.15297343524796925,37
763,0,1737,556,1181,0,0,0,1.0,1,1.0,1,1.0,1,0.16475827715558575,38
764,0,1737,556,1181,0,0,0,1.0,1,1.0,1,1.0,1,0.16475827715558575,38
765,0,1737,556,1181,0,0,0,1.0,1,1.0,1,1.0,1,0.16475827715558575,38
766,2,1739,556,1183,0,0,0,1.0,1,1.0,1,1.0,1,0.14705469485771908,40
767,2,1741,556,1185,0,0,0,1.0,1,1.0,1,1.0,1,0.14055903725064284,41
768,4,1745,557,1188,0,0,0,1.0,1,1.0,1,1.0,1,0.12116490168212632,41
769,2,1747,557,1190,0,0,0,1.0,1,1.0,1,1.0,1,0.12857180521664877,42
770,1,1748,557,1191,0,0,0,1.0,1,1.0,1,1.0,1,0.16738466632669724,41
771,5,1753,557,1196,0,0,0,1.0,1,1.0,1,1.0,1,0.11531998726763334,41
772,3,1756,559,1197,0,0,0,1.0,1,1.0,1,1.0,1,0.11828922220205965,41
773,2,1758,560,1198,0,0,0,1.0,1,1.0,1,1.0,1,0.15316918071997426,41
774,3,1761,561,1200,0,0,0,1.0,1,1.0,1,1.0,1,0.16759149207240107,42
775,1,1762,561,1201,0,0,0,1.0,1,1.0,1,1.0,1,0.17090463066558553,42
776,4,1766,561,1205,0,0,0,1.0,1,1.0,1,1.0,1,0.12533312472286412,42
777,0,1766,561,1205,0,0,0,1.0,1,1.0,1,1.0,1,0.12533312472286412,42
778,7,1773,562,1211,0,0,0,1.0,1,1.0,1,1.0,1,0.13530904389190174,44
779,5,1778,562,1216,0,0,0,1.0,1,1.0,1,1.0,1,0.14159406197111854,44
780,4,1782,563,1219,0,0,0,1.0,1,1.0,1,1.0,1,0.17515372583354444,44
781,5,1787,563,1224,0,0,0,1.0,1,1.0,1,1.0,1,0.0902169148939203,46
782,1,1788,564,1224,0,0,0,1.0,1,1.0,1,1.0,1,0.12250293518178025,45
783,2,1790,565,1225,0,0,0,1.0,1,1.0,1,1.0,1,0.1524472568101356,44
784,0,1790,565,1225,0,0,0,1.0,1,1.0,1,1.0,1,0.1524472568101356,44
785,2,1792,566,1226,0,0,0,1.0,1,1.0,1,1.0,1,0.09439569160199428,43
786,1,1793,566,1227,0,0,0,1.0,1,1.0,1,1.0,1,0.07452804418209223,43
787,0,1793,566,1227,0,0,0,1.0,1,1.0,1,1.0,1,0.07452804418209223,43
788,4,1797,568,1229,0,0,0,1.0,1,1.0,1,1.0,1,0.16188479273272266,45
789,3,1800,569,1231,0,0,0,1.0,1,1.0,1,1.0,1,0.16410146390719701,46
790,3,1803,570,1233,0,0,0,1.0,1,1.0,1,1.0,1,0.15798531088475953,45
791,4,1807,570,1237,0,0,0,1.0,1,1.0,1,1.0,1,0.12127558311365495,46
792,1,1808,570,1238,0,0,0,1.0,1,1.0,1,1.0,1,0.09811190250939165,46
793,2,1810,570,1240,0,0,0,1.0,1,1.0,1,1.0,1,0.09329692719460508,46
794,3,1813,571,1242,0,0,0,1.0,1,1.0,1,1.0,1,0.13071826027769817,47
795,1,1814,571,1243,0,0,0,1.0,1,1.0,1,1.0,1,0.13974803840759784,47
796,5,1819,572,1247,0,0,0,1.0,1,1.0,1,1.0,1,0.1194863718103432,46
797,4,1823,574,1249,0,0,0,1.0,1,1.0,1,1.0,1,0.14132006449562526,47
798,0,1823,574,1249,0,0,0,1.0,1,1.0,1,1.0,1,0.14928935454326023,48
799,0,1823,574,1249,0,0,0,1.0,1,1.0,1,1.0,1,0.14928935454326023,48
800,3,1826,575,1251,0,0,0,1.0,1,1.0,1,1.0,1,0.18496069109249524,48
801,7,1833,576,1257,0,0,0,1.0,1,1.0,1,1.0,1,0.14010422349408835,49
802,1,1834,576,1258,0,0,0,1.0,1,1.0,1,1.0,1,0.1266236224703564,50
803,7,1841,576,1265,0,0,0,1.0,1,1.0,1,1.0,1,0.10324289709880839,49
804,8,1849,577,1272,0,0,0,1.0,1,1.0,1,1.0,1,0.15880145771660048,50
805,6,1855,577,1278,0,0,0,1.0,1,1.0,1,1.0,1,0.07553522145433215,50
806,1,1856,577,1279,0,0,0,1.0,1,1.0,1,1.0,1,0.05285215641219516,50
807,0,1856,577,1279,0,0,0,1.0,1,1.0,1,1.0,1,0.05553887045566812,51
808,1,1857,578,1279,0,0,0,1.0,1,1.0,1,1.0,1,0.08320530040622881,51
809,1,1858,579,1279,0,0,0,1.0,1,1.0,1,1.0,1,0.10355767104330996,51
810,6,1864,581,1283,0,0,0,1.0,1,1.0,1,1.0,1,0.09962807821875314,52
811,5,1869,584,1285,0,0,0,1.0,1,1.0,1,1.0,1,0.2039668580599596,50
812,6,1875,586,1289,0,0,0,1.0,1,1.0,1,1.0,1,0.22393941181908436,48
813,4,1879,587,1292,0,0,0,1.0,1,1.0,1,1.0,1,0.2383482932352858,49
814,1,1880,588,1292,0,0,0,1.0,1,1.0,1,1.0,1,0.19497168228472067,48
815,0,1880,588,1292,0,0,0,1.0,1,1.0,1,1.0,1,0.19497168228472067,48
816,2,1882,588,1294,0,0,0,1.0,1,1.0,1,1.0,1,0.14405256635435837,46
817,1,1883,588,1295,0,0,0,1.0,1,1.0,1,1.0,1,0.1573285930907429,44
818,0,1883,588,1295,0,0,0,1.0,1,1.0,1,1.0,1,0.13850302571036235,46
819,1,1884,589,1295,0,0,0,1.0,1,1.0,1,1.0,1,0.18113700459164836,44
820,2,1886,590,1296,0,0,0,1.0,1,1.0,1,1.0,1,0.18222078624221266,44
821,2,1888,590,1298,0,0,0,1.0,1,1.0,1,1.0,1,0.15259209455943137,44
822,5,1893,592,1301,0,0,0,1.0,1,1.0,1,1.0,1,0.14717196081833023,44
823,2,1895,593,1302,0,0,0,1.0,1,1.0,1,1.0,1,0.13216906199457415,42
824,4,1899,597,1302,0,0,0,1.0,1,1.0,1,1.0,1,0.18306272251988256,42
825,2,1901,599,1302,0,0,0,1.0,1,1.0,1,1.0,1,0.17503466999563896,40
826,8,1909,603,1306,0,0,0,1.0,1,1.0,1,1.0,1,0.17031666173748167,41
827,5,1914,604,1310,0,0,0,1.0,1,1.0,1,1.0,1,0.1305025691658623,40
828,3,1917,605,1312,0,0,0,1.0,1,1.0,1,1.0,1,0.13948734511719474,40
829,2,1919,607,1312,0,0,0,1.0,1,1.0,1,1.0,1,0.14431594523402203,42
830,3,1922,608,1314,0,0,0,1.0,1,1.0,1,1.0,1,0.20164591786977565,42
831,7,1929,610,1319,0,0,0,1.0,1,1.0,1,1.0,1,0.17519091779260504,43
832,3,1932,611,1321,0,0,0,1.0,1,1.0,1,1.0,1,0.14664559928804682,42
833,5,1937,611,1326,0,0,0,1.0,1,1.0,1,1.0,1,0.12392878040140341,41
834,3,1940,613,1327,0,0,0,1.0,1,1.0,1,1.0,1,0.13570391842674917,41
835,1,1941,613,1328,0,0,0,1.0,1,1.0,1,1.0,1,0.10773118583291302,41
836,0,1941,613,1328,0,0,0,1.0,1,1.0,1,1.0,1,0.09774196679967802,40
837,0,1941,613,1328,0,0,0,1.0,1,1.0,1,1.0,1,0.10394733742911785,41
838,2,1943,614,1329,0,0,0,1.0,1,1.0,1,1.0,1,0.12311287339376685,41
839,1,1944,614,1330,0,0,0,1.0,1,1.0,1,1.0,1,0.0940691496446361,41
840,1,1945,615,1330,0,0,0,1.0,1,1.0,1,1.0,1,0.13858215622927533,42
841,1,1946,615,1331,0,0,0,1.0,1,1.0,1,1.0,1,0.13257327548133946,42
842,0,1946,615,1331,0,0,0,1.0,1,1.0,1,1.0,1,0.13257327548133946,42
843,4,1950,618,1332,0,0,0,1.0,1,1.0,1,1.0,1,0.13775184586662156,42
844,1,1951,618,1333,0,0,0,1.0,1,1.0,1,1.0,1,0.15759954550270625,42
845,7,1958,620,1338,0,0,0,1.0,1,1.0,1,1.0,1,0.1791994804416001,44
846,2,1960,620,1340,0,0,0,1.0,1,1.0,1,1.0,1,0.1452548233053781,44
847,0,1960,620,1340,0,0,0,1.0,1,1.0,1,1.0,1,0.16538034269756377,42
848,1,1961,620,1341,0,0,0,1.0,1,1.0,1,1.0,1,0.14954583698702287,43
849,2,1963,620,1343,0,0,0,1.0,1,1.0,1,1.0,1,0.12643234727278077,43
850,3,1966,620,1346,0,0,0,1.0,1,1.0,1,1.0,1,0.10148253996207039,41
851,1,1967,620,1347,0,0,0,1.0,1,1.0,1,1.0,1,0.10722796042999745,40
852,2,1969,621,1348,0,0,0,1.0,1,1.0,1,1.0,1,0.10519440768134826,40
853,1,1970,622,1348,0,0,0,1.0,1,1.0,1,1.0,1,0.08771772732642893,40
854,2,1972,623,1349,0,0,0,1.0,1,1.0,1,1.0,1,0.09323274457737807,40
855,1,1973,624,1349,0,0,0,1.0,1,1.0,1,1.0,1,0.10914882672400746,41
856,2,1975,625,1350,0,0,0,1.0,1,1.0,1,1.0,1,0.11339379524924138,41
857,2,1977,626,1351,0,0,0,1.0,1,1.0,1,1.0,1,0.10491689858041997,42
858,0,1977,626,1351,0,0,0,1.0,1,1.0,1,1.0,1,0.10447973821756831,43
859,0,1977,626,1351,0,0,0,1.0,1,1.0,1,1.0,1,0.10447973821756831,43
860,2,1979,627,1352,0,0,0,1.0,1,1.0,1,1.0,1,0.11830963749775311,44
861,0,1979,627,1352,0,0,0,1.0,1,1.0,1,1.0,1,0.11830963749775311,44
862,0,1979,627,1352,0,0,0,1.0,1,1.0,1,1.0,1,0.11830963749775311,44
863,4,1983,628,1355,0,0,0,1.0,1,1.0,1,1.0,1,0.09553592537683776,44
864,2,1985,630,1355,0,0,0,1.0,1,1.0,1,1.0,1,0.14372404795837196,44
865,1,1986,631,1355,0,0,0,1.0,1,1.0,1,1.0,1,0.1426541747125292,43
866,6,1992,634,1358,0,0,0,1.0,1,1.0,1,1.0,1,0.12711352642790538,45
867,1,1993,634,1359,0,0,0,1.0,1,1.0,1,1.0,1,0.08336531762546004,44
868,6,1999,636,1363,0,0,0,1.0,1,1.0,1,1.0,1,0.0902992781598129,45
869,4,2003,639,1364,0,0,0,1.0,1,1.0,1,1.0,1,0.0996705959238757,44
870,5,2008,640,1368,0,0,0,1.0,1,1.0,1,1.0,1,0.09197114436375106,44
871,1,2009,640,1369,0,0,0,1.0,1,1.0,1,1.0,1,0.08786886668521966,43
872,0,2009,640,1369,0,0,0,1.0,1,1.0,1,1.0,1,0.08786886668521966,43
873,2,2011,641,1370,0,0,0,1.0,1,1.0,1,1.0,1,0.11274702370343145,43
874,5,2016,644,1372,0,0,0,1.0,1,1.0,1,1.0,1,0.2028599189177736,46
875,3,2019,645,1374,0,0,0,1.0,1,1.0,1,1.0,1,0.17008991167802967,43
876,5,2024,646,1378,0,0,0,1.0,1,1.0,1,1.0,1,0.0991008653173558,44
877,1,2025,646,1379,0,0,0,1.0,1,1.0,1,1.0,1,0.09587685074766089,44
878,2,2027,648,1379,0,0,0,1.0,1,1.0,1,1.0,1,0.1607108903961692,44
879,1,2028,648,1380,0,0,0,1.0,1,1.0,1,1.0,1,0.14679547159951523,44
880,2,2030,650,1380,0,0,0,1.0,1,1.0,1,1.0,1,0.2159434277804095,44
881,6,2036,651,1385,0,0,0,1.0,1,1.0,1,1.0,1,0.15026598853812828,43
882,3,2039,653,1386,0,0,0,1.0,1,1.0,1,1.0,1,0.17224038926494833,45
883,3,2042,654,1388,0,0,0,1.0,1,1.0,1,1.0,1,0.1591096661896952,45
884,4,2046,657,1389,0,0,0,1.0,1,1.0,1,1.0,1,0.16821921655971467,45
885,3,2049,658,1391,0,0,0,1.0,1,1.0,1,1.0,1,0.20225503399645292,43
886,9,2058,659,1399,0,0,0,1.0,1,1.0,1,1.0,1,0.1582224394455792,43
887,3,2061,660,1401,0,0,0,1.0,1,1.0,1,1.0,1,0.15409711386394362,41
888,3,2064,660,1404,0,0,0,1.0,1,1.0,1,1.0,1,0.14333871073678214,40
889,0,2064,660,1404,0,0,0,1.0,1,1.0,1,1.0,1,0.14333871073678214,40
890,0,2064,660,1404,0,0,0,1.0,1,1.0,1,1.0,1,0.16740546451546898,38
891,2,2066,661,1405,0,0,0,1.0,1,1.0,1,1.0,1,0.13779910351215877,39
892,2,2068,662,1406,0,0,0,1.0,1,1.0,1,1.0,1,0.13863731886572975,39
893,0,2068,662,1406,0,0,0,1.0,1,1.0,1,1.0,1,0.14917961193479257,37
894,0,2068,662,1406,0,0,0,1.0,1,1.0,1,1.0,1,0.17198065095457887,36
895,1,2069,663,1406,0,0,0,1.0,1,1.0,1,1.0,1,0.21228132600872068,37
896,6,2075,665,1410,0,0,0,1.0,1,1.0,1,1.0,1,0.20913619372661174,36
897,2,2077,666,1411,0,0,0,1.0,1,1.0,1,1.0,1,0.19196672190854183,36
898,0,2077,666,1411,0,0,0,1.0,1,1.0,1,1.0,1,0.2114526230836264,35
899,0,2077,666,1411,0,0,0,1.0,1,1.0,1,1.0,1,0.2114526230836264,35
900,2,2079,666,1413,0,0,0,1.0,1,1.0,1,1.0,1,0.26164611315563147,36
901,3,2082,667,1415,0,0,0,1.0,1,1.0,1,1.0,1,0.2097598269821308,36
902,3,2085,670,1415,0,0,0,1.0,1,1.0,1,1.0,1,0.2807126492004741,36
903,2,2087,670,1417,0,0,0,1.0,1,1.0,1,1.0,1,0.2344037838283424,35
904,4,2091,673,1418,0,0,0,1.0,1,1.0,1,1.0,1,0.22955936097435795,37
905,3,2094,673,1421,0,0,0,1.0,1,1.0,1,1.0,1,0.19424651308928764,36
906,6,2100,675,1425,0,0,0,1.0,1,1.0,1,1.0,1,0.11321358411849865,37
907,3,2103,677,1426,0,0,0,1.0,1,1.0,1,1.0,1,0.11004985558236474,37
908,1,2104,678,1426,0,0,0,1.0,1,1.0,1,1.0,1,0.13708886415645152,36
909,1,2105,678,1427,0,0,0,1.0,1,1.0,1,1.0,1,0.10719524526435976,36
910,4,2109,679,1430,0,0,0,1.0,1,1.0,1,1.0,1,0.07619338904885505,37
911,3,2112,680,1432,0,0,0,1.0,1,1.0,1,1.0,1,0.1252186779935637,36
912,3,2115,682,1433,0,0,0,1.0,1,1.0,1,1.0,1,0.16788197431634383,34
913,2,2117,683,1434,0,0,0,1.0,1,1.0,1,1.0,1,0.20773727083373245,34
914,3,2120,684,1436,0,0,0,1.0,1,1.0,1,1.0,1,0.2338150449434967,33
915,1,2121,684,1437,0,0,0,1.0,1,1.0,1,1.0,1,0.22265563532648255,33
916,4,2125,684,1441,0,0,0,1.0,1,1.0,1,1.0,1,0.1494118721225938,34
917,1,2126,685,1441,0,0,0,1.0,1,1.0,1,1.0,1,0.16657908747671304,34
918,1,2127,685,1442,0,0,0,1.0,1,1.0,1,1.0,1,0.12851362907529248,36
919,3,2130,685,1445,0,0,0,1.0,1,1.0,1,1.0,1,0.11226645339943575,36
920,1,2131,685,1446,0,0,0,1.0,1,1.0,1,1.0,1,0.10305305778341312,37
921,2,2133,686,1447,0,0,0,1.0,1,1.0,1,1.0,1,0.0726027452045328,37
922,2,2135,686,1449,0,0,0,1.0,1,1.0,1,1.0,1,0.062367390733750985,38
923,0,2135,686,1449,0,0,0,1.0,1,1.0,1,1.0,1,0.09610602498605672,36
924,0,2135,686,1449,0,0,0,1.0,1,1.0,1,1.0,1,0.12892674957970784,35
925,1,2136,687,1449,0,0,0,1.0,1,1.0,1,1.0,1,0.12272697860911219,35
926,2,2138,688,1450,0,0,0,1.0,1,1.0,1,1.0,1,0.12854377933597194,34
927,0,2138,688,1450,0,0,0,1.0,1,1.0,1,1.0,1,0.17089261334687927,32
928,0,2138,688,1450,0,0,0,1.0,1,1.0,1,1.0,1,0.1964835838858368,32
929,1,2139,689,1450,0,0,0,1.0,1,1.0,1,1.0,1,0.27765462869647184,31
930,0,2139,689,1450,0,0,0,1.0,1,1.0,1,1.0,1,0.29248565980364427,30
931,6,2145,693,1452,0,0,0,1.0,1,1.0,1,1.0,1,0.23734689276728374,29
932,3,2148,693,1455,0,0,0,1.0,1,1.0,1,1.0,1,0.24824508611905838,29
933,2,2150,693,1457,0,0,0,1.0,1,1.0,1,1.0,1,0.21426019658782408,29
934,2,2152,693,1459,0,0,0,1.0,1,1.0,1,1.0,1,0.21733583996208358,29
935,2,2154,693,1461,0,0,0,1.0,1,1.0,1,1.0,1,0.14157460907937944,31
936,2,2156,694,1462,0,0,0,1.0,1,1.0,1,1.0,1,0.14876063524539246,31
937,1,2157,695,1462,0,0,0,1.0,1,1.0,1,1.0,1,0.19729604256965644,34
938,2,2159,695,1464,0,0,0,1.0,1,1.0,1,1.0,1,0.16222060832301888,33
939,0,2159,695,1464,0,0,0,1.0,1,1.0,1,1.0,1,0.20701355360536422,36
940,0,2159,695,1464,0,0,0,1.0,1,1.0,1,1.0,1,0.21320128631768817,36
941,3,2162,696,1466,0,0,0,1.0,1,1.0,1,1.0,1,0.21587363318079977,36
942,2,2164,697,1467,0,0,0,1.0,1,1.0,1,1.0,1,0.22312208646229012,36
943,2,2166,698,1468,0,0,0,1.0,1,1.0,1,1.0,1,0.18682591530056733,35
944,2,2168,700,1468,0,0,0,1.0,1,1.0,1,1.0,1,0.17813564417036454,35
945,0,2168,700,1468,0,0,0,1.0,1,1.0,1,1.0,1,0.2032705135533459,33
946,5,2173,702,1471,0,0,0,1.0,1,1.0,1,1.0,1,0.17921998781182572,36
947,0,2173,702,1471,0,0,0,1.0,1,1.0,1,1.0,1,0.17056394002323053,34
948,2,2175,704,1471,0,0,0,1.0,1,1.0,1,1.0,1,0.22504401530203902,33
949,4,2179,705,1474,0,0,0,1.0,1,1.0,1,1.0,1,0.2835260872054059,34
950,3,2182,705,1477,0,0,0,1.0,1,1.0,1,1.0,1,0.31157844069987095,33
951,3,2185,705,1480,0,0,0,1.0,1,1.0,1,1.0,1,0.251272275686453,33
952,0,2185,705,1480,0,0,0,1.0,1,1.0,1,1.0,1,0.27022585055090204,32
953,0,2185,705,1480,0,0,0,1.0,1,1.0,1,1.0,1,0.27022585055090204,32
954,0,2185,705,1480,0,0,0,1.0,1,1.0,1,1.0,1,0.2975236552784451,31
955,2,2187,705,1482,0,0,0,1.0,1,1.0,1,1.0,1,0.27807548332969856,32
956,3,2190,705,1485,0,0,0,1.0,1,1.0,1,1.0,1,0.19228196601622893,32
957,2,2192,705,1487,0,0,0,1.0,1,1.0,1,1.0,1,0.13584635439422618,33
958,1,2193,705,1488,0,0,0,1.0,1,1.0,1,1.0,1,0.14987398642518684,35
959,1,2194,706,1488,0,0,0,1.0,1,1.0,1,1.0,1,0.17418351880635213,36
960,3,2197,706,1491,0,0,0,1.0,1,1.0,1,1.0,1,0.18679120361487406,38
961,5,2202,707,1495,0,0,0,1.0,1,1.0,1,1.0,1,0.20213359711466447,37
962,1,2203,708,1495,0,0,0,1.0,1,1.0,1,1.0,1,0.20822254673621407,35
963,0,2203,708,1495,0,0,0,1.0,1,1.0,1,1.0,1,0.211916996572956,35
964,3,2206,708,1498,0,0,0,1.0,1,1.0,1,1.0,1,0.2337659798415835,34
965,0,2206,708,1498,0,0,0,1.0,1,1.0,1,1.0,1,0.23038979970405057,35
966,6,2212,709,1503,0,0,0,1.0,1,1.0,1,1.0,1,0.12832034479264723,34
967,2,2214,709,1505,0,0,0,1.0,1,1.0,1,1.0,1,0.13960837008713867,35
968,2,2216,709,1507,0,0,0,1.0,1,1.0,1,1.0,1,0.14585026820062796,36
969,0,2216,709,1507,0,0,0,1.0,1,1.0,1,1.0,1,0.14750412726292528,35
970,0,2216,709,1507,0,0,0,1.0,1,1.0,1,1.0,1,0.1810885008685117,34
971,3,2219,709,1510,0,0,0,1.0,1,1.0,1,1.0,1,0.13849093909790064,35
972,2,2221,711,1510,0,0,0,1.0,1,1.0,1,1.0,1,0.12366433778670856,35
973,1,2222,711,1511,0,0,0,1.0,1,1.0,1,1.0,1,0.1459065946297334,36
974,0,2222,711,1511,0,0,0,1.0,1,1.0,1,1.0,1,0.1766644097921752,35
975,0,2222,711,1511,0,0,0,1.0,1,1.0,1,1.0,1,0.15511599204232168,36
976,3,2225,712,1513,0,0,0,1.0,1,1.0,1,1.0,1,0.1742834305281475,38
977,1,2226,713,1513,0,0,0,1.0,1,1.0,1,1.0,1,0.19730172915854316,38
978,0,2226,713,1513,0,0,0,1.0,1,1.0,1,1.0,1,0.19730172915854316,38
979,1,2227,713,1514,0,0,0,1.0,1,1.0,1,1.0,1,0.1949621754616779,39
980,3,2230,715,1515,0,0,0,1.0,1,1.0,1,1.0,1,0.23129251232906142,39
981,2,2232,715,1517,0,0,0,1.0,1,1.0,1,1.0,1,0.203166588112539,40
982,7,2239,718,1521,0,0,0,1.0,1,1.0,1,1.0,1,0.2225588508382294,40
983,2,2241,719,1522,0,0,0,1.0,1,1.0,1,1.0,1,0.17420189318279342,38
984,1,2242,720,1522,0,0,0,1.0,1,1.0,1,1.0,1,0.1670038569482541,39
985,3,2245,722,1523,0,0,0,1.0,1,1.0,1,1.0,1,0.2022037007860283,38
986,4,2249,725,1524,0,0,0,1.0,1,1.0,1,1.0,1,0.21953688516058875,38
987,5,2254,726,1528,0,0,0,1.0,1,1.0,1,1.0,1,0.15956538471070797,38
988,0,2254,726,1528,0,0,0,1.0,1,1.0,1,1.0,1,0.15956538471070797,38
989,0,2254,726,1528,0,0,0,1.0,1,1.0,1,1.0,1,0.15148215603237775,38
990,1,2255,727,1528,0,0,0,1.0,1,1.0,1,1.0,1,0.18032557457867032,38
991,5,2260,728,1532,0,0,0,1.0,1,1.0,1,1.0,1,0.16633429455585932,40
992,3,2263,729,1534,0,0,0,1.0,1,1.0,1,1.0,1,0.11499526957599332,39
993,0,2263,729,1534,0,0,0,1.0,1,1.0,1,1.0,1,0.11141419166098843,38
994,0,2263,729,1534,0,0,0,1.0,1,1.0,1,1.0,1,0.1320956394131093,39
995,0,2263,729,1534,0,0,0,1.0,1,1.0,1,1.0,1,0.12345736875784094,41
996,2,2265,729,1536,0,0,0,1.0,1,1.0,1,1.0,1,0.08304584397099836,40
997,1,2266,729,1537,0,0,0,1.0,1,1.0,1,1.0,1,0.10320285744233801,41
998,0,2266,729,1537,0,0,0,1.0,1,1.0,1,1.0,1,0.11742434056945272,40
999,1,2267,729,1538,0,0,0,1.0,1,1.0,1,1.0,1,0.14427540639993516,40
1000,1,2268,730,1538,0,0,0,1.0,1,1.0,1,1.0,1,0.1564033540530818,40
1001,0,2268,730,1538,0,0,0,1.0,1,1.0,1,1.0,1,0.14786288536963643,39
1002,0,2268,730,1538,0,0,0,1.0,1,1.0,1,1.0,1,0.14786288536963643,39
1003,0,2268,730,1538,0,0,0,1.0,1,1.0,1,1.0,1,0.14786288536963643,39
1004,0,2268,730,1538,0,0,0,1.0,1,1.0,1,1.0,1,0.14786288536963643,39
1005,1,2269,730,1539,0,0,0,1.0,1,1.0,1,1.0,1,0.12636338729442056,40
1006,1,2270,730,1540,0,0,0,1.0,1,1.0,1,1.0,1,0.108432170441832,41
1007,0,2270,730,1540,0,0,0,1.0,1,1.0,1,1.0,1,0.13042231169931862,42
1008,3,2273,730,1543,0,0,0,1.0,1,1.0,1,1.0,1,0.09633753698081532,43
1009,1,2274,730,1544,0,0,0,1.0,1,1.0,1,1.0,1,0.10498164964337311,44
1010,1,2275,730,1545,0,0,0,1.0,1,1.0,1,1.0,1,0.10253124345718323,44
1011,2,2277,731,1546,0,0,0,1.0,1,1.0,1,1.0,1,0.12633394692758862,44
1012,4,2281,733,1548,0,0,0,1.0,1,1.0,1,1.0,1,0.1838306962096955,46
1013,2,2283,733,1550,0,0,0,1.0,1,1.0,1,1.0,1,0.17094480003407264,46
1014,1,2284,734,1550,0,0,0,1.0,1,1.0,1,1.0,1,0.2046226202490551,46
1015,1,2285,734,1551,0,0,0,1.0,1,1.0,1,1.0,1,0.1975727803627053,46
1016,4,2289,735,1554,0,0,0,1.0,1,1.0,1,1.0,1,0.17980950362545797,47
1017,1,2290,735,1555,0,0,0,1.0,1,1.0,1,1.0,1,0.16142504275653896,47
1018,5,2295,736,1559,0,0,0,1.0,1,1.0,1,1.0,1,0.15568359424170597,48
1019,7,2302,738,1564,0,0,0,1.0,1,1.0,1,1.0,1,0.15514484213837065,49
1020,6,2308,738,1570,0,0,0,1.0,1,1.0,1,1.0,1,0.15160355073850987,51
1021,6,2314,738,1576,0,0,0,1.0,1,1.0,1,1.0,1,0.08090238875274657,51
1022,1,2315,738,1577,0,0,0,1.0,1,1.0,1,1.0,1,0.08265912886915078,52
1023,1,2316,738,1578,0,0,0,1.0,1,1.0,1,1.0,1,0.07735203535900016,52
1024,1,2317,739,1578,0,0,0,1.0,1,1.0,1,1.0,1,0.10619334076664191,52
1025,1,2318,739,1579,0,0,0,1.0,1,1.0,1,1.0,1,0.11283536823218614,54
1026,2,2320,739,1581,0,0,0,1.0,1,1.0,1,1.0,1,0.0660184218527092,54
1027,1,2321,740,1581,0,0,0,1.0,1,1.0,1,1.0,1,0.08047635034024542,55
1028,3,2324,742,1582,0,0,0,1.0,1,1.0,1,1.0,1,0.1301330306112491,56
1029,4,2328,742,1586,0,0,0,1.0,1,1.0,1,1.0,1,0.1194438947356531,56
1030,10,2338,743,1595,0,0,0,1.0,1,1.0,1,1.0,1,0.18050792377140606,57
1031,6,2344,743,1601,0,0,0,1.0,1,1.0,1,1.0,1,0.10756769369714587,58
1032,1,2345,743,1602,0,0,0,1.0,1,1.0,1,1.0,1,0.08906604525822613,58
1033,1,2346,743,1603,0,0,0,1.0,1,1.0,1,1.0,1,0.10109884946971615,57
1034,2,2348,745,1603,0,0,0,1.0,1,1.0,1,1.0,1,0.12034269479573835,57
1035,1,2349,746,1603,0,0,0,1.0,1,1.0,1,1.0,1,0.13346044898878323,57
1036,4,2353,747,1606,0,0,0,1.0,1,1.0,1,1.0,1,0.1267096362713777,59
1037,1,2354,747,1607,0,0,0,1.0,1,1.0,1,1.0,1,0.12757494830101035,57
1038,6,2360,748,1612,0,0,0,1.0,1,1.0,1,1.0,1,0.09920386118364062,59
1039,4,2364,750,1614,0,0,0,1.0,1,1.0,1,1.0,1,0.10229950669419315,57
1040,1,2365,751,1614,0,0,0,1.0,1,1.0,1,1.0,1,0.13027520521779942,56
1041,2,2367,752,1615,0,0,0,1.0,1,1.0,1,1.0,1,0.11364201863977651,54
1042,0,2367,752,1615,0,0,0,1.0,1,1.0,1,1.0,1,0.1264726381141156,52
1043,3,2370,755,1615,0,0,0,1.0,1,1.0,1,1.0,1,0.18538679674009678,52
1044,5,2375,757,1618,0,0,0,1.0,1,1.0,1,1.0,1,0.1324097119427927,50
1045,2,2377,757,1620,0,0,0,1.0,1,1.0,1,1.0,1,0.1314007620034326,51
1046,2,2379,759,1620,0,0,0,1.0,1,1.0,1,1.0,1,0.13776840722050834,50
1047,2,2381,760,1621,0,0,0,1.0,1,1.0,1,1.0,1,0.13570123988217786,50
1048,1,2382,760,1622,0,0,0,1.0,1,1.0,1,1.0,1,0.11602112615634333,50
1049,3,2385,762,1623,0,0,0,1.0,1,1.0,1,1.0,1,0.1007775931719709,50
1050,1,2386,763,1623,0,0,0,1.0,1,1.0,1,1.0,1,0.1037668511958195,50
1051,2,2388,763,1625,0,0,0,1.0,1,1.0,1,1.0,1,0.07991840374991686,50
1052,0,2388,763,1625,0,0,0,1.0,1,1.0,1,1.0,1,0.06941936971732476,51
1053,0,2388,763,1625,0,0,0,1.0,1,1.0,1,1.0,1,0.06941936971732476,51
1054,2,2390,763,1627,0,0,0,1.0,1,1.0,1,1.0,1,0.05797777378137961,53
1055,1,2391,763,1628,0,0,0,1.0,1,1.0,1,1.0,1,0.07111321953382517,54
1056,1,2392,763,1629,0,0,0,1.0,1,1.0,1,1.0,1,0.0780595958791678,54
1057,2,2394,764,1630,0,0,0,1.0,1,1.0,1,1.0,1,0.07168451482896875,55
1058,1,2395,764,1631,0,0,0,1.0,1,1.0,1,1.0,1,0.07366476507945822,54
1059,3,2398,766,1632,0,0,0,1.0,1,1.0,1,1.0,1,0.1553430964167094,53
1060,0,2398,766,1632,0,0,0,1.0,1,1.0,1,1.0,1,0.1553430964167094,53
1061,6,2404,769,1635,0,0,0,1.0,1,1.0,1,1.0,1,0.16581419642301035,53
1062,5,2409,774,1635,0,0,0,1.0,1,1.0,1,1.0,1,0.12780860710489952,54
1063,1,2410,775,1635,0,0,0,1.0,1,1.0,1,1.0,1,0.1404230342488497,53
1064,3,2413,777,1636,0,0,0,1.0,1,1.0,1,1.0,1,0.12400902052477229,55
1065,1,2414,778,1636,0,0,0,1.0,1,1.0,1,1.0,1,0.15224706159927082,54
1066,4,2418,779,1639,0,0,0,1.0,1,1.0,1,1.0,1,0.12569198117705938,55
1067,1,2419,779,1640,0,0,0,1.0,1,1.0,1,1.0,1,0.14762759560015246,55
1068,1,2420,780,1640,0,0,0,1.0,1,1.0,1,1.0,1,0.15731548489361682,55
1069,1,2421,780,1641,0,0,0,1.0,1,1.0,1,1.0,1,0.17092662705321893,55
1070,0,2421,780,1641,0,0,0,1.0,1,1.0,1,1.0,1,0.1870623640143241,54
1071,5,2426,781,1645,0,0,0,1.0,1,1.0,1,1.0,1,0.16627219925310366,55
1072,1,2427,782,1645,0,0,0,1.0,1,1.0,1,1.0,1,0.14242030610478124,54
1073,4,2431,784,1647,0,0,0,1.0,1,1.0,1,1.0,1,0.14079780584206386,54
1074,2,2433,785,1648,0,0,0,1.0,1,1.0,1,1.0,1,0.14461398280535273,52
1075,1,2434,785,1649,0,0,0,1.0,1,1.0,1,1.0,1,0.1322912956426085,51
1076,5,2439,785,1654,0,0,0,1.0,1,1.0,1,1.0,1,0.08156838255677624,52
1077,1,2440,786,1654,0,0,0,1.0,1,1.0,1,1.0,1,0.0935961261810674,49
1078,4,2444,789,1655,0,0,0,1.0,1,1.0,1,1.0,1,0.15355645400620582,48
1079,2,2446,791,1655,0,0,0,1.0,1,1.0,1,1.0,1,0.19537955443431412,47
1080,2,2448,793,1655,0,0,0,1.0,1,1.0,1,1.0,1,0.2119442421954835,47
1081,6,2454,794,1660,0,0,0,1.0,1,1.0,1,1.0,1,0.2017181972665747,45
1082,0,2454,794,1660,0,0,0,1.0,1,1.0,1,1.0,1,0.19277092319193664,42
1083,0,2454,794,1660,0,0,0,1.0,1,1.0,1,1.0,1,0.19277092319193664,42
1084,1,2455,794,1661,0,0,0,1.0,1,1.0,1,1.0,1,0.2227583865312469,40
1085,2,2457,794,1663,0,0,0,1.0,1,1.0,1,1.0,1,0.1902105322823492,43
1086,3,2460,794,1666,0,0,0,1.0,1,1.0,1,1.0,1,0.18994610203855444,41
1087,1,2461,794,1667,0,0,0,1.0,1,1.0,1,1.0,1,0.2243649161446177,41
1088,2,2463,794,1669,0,0,0,1.0,1,1.0,1,1.0,1,0.19286671649550505,41
1089,2,2465,796,1669,0,0,0,1.0,1,1.0,1,1.0,1,0.18603242790551228,42
1090,1,2466,796,1670,0,0,0,1.0,1,1.0,1,1.0,1,0.1590172885322672,43
1091,4,2470,797,1673,0,0,0,1.0,1,1.0,1,1.0,1,0.13118240693547276,43
1092,1,2471,797,1674,0,0,0,1.0,1,1.0,1,1.0,1,0.1253045167583363,43
1093,2,2473,798,1675,0,0,0,1.0,1,1.0,1,1.0,1,0.136140456081063,43
1094,0,2473,798,1675,0,0,0,1.0,1,1.0,1,1.0,1,0.136140456081063,43
1095,2,2475,799,1676,0,0,0,1.0,1,1.0,1,1.0,1,0.17260431332915382,44
1096,2,2477,800,1677,0,0,0,1.0,1,1.0,1,1.0,1,0.16088548471898073,44
1097,2,2479,801,1678,0,0,0,1.0,1,1.0,1,1.0,1,0.1950105257507838,45
1098,1,2480,801,1679,0,0,0,1.0,1,1.0,1,1.0,1,0.1918123253335272,46
1099,1,2481,802,1679,0,0,0,1.0,1,1.0,1,1.0,1,0.22458192927958082,48
1100,2,2483,802,1681,0,0,0,1.0,1,1.0,1,1.0,1,0.2058399683302091,49
1101,3,2486,803,1683,0,0,0,1.0,1,1.0,1,1.0,1,0.1646013887668292,49
1102,6,2492,804,1688,0,0,0,1.0,1,1.0,1,1.0,1,0.1323445679474654,50
1103,4,2496,805,1691,0,0,0,1.0,1,1.0,1,1.0,1,0.08087616542523554,48
1104,3,2499,807,1692,0,0,0,1.0,1,1.0,1,1.0,1,0.10559816326898862,50
1105,3,2502,809,1693,0,0,0,1.0,1,1.0,1,1.0,1,0.12437202713670754,48
1106,4,2506,810,1696,0,0,0,1.0,1,1.0,1,1.0,1,0.07397158054816105,48
1107,2,2508,812,1696,0,0,0,1.0,1,1.0,1,1.0,1,0.07929257566140645,47
1108,2,2510,813,1697,0,0,0,1.0,1,1.0,1,1.0,1,0.09680874044524464,47
1109,5,2515,816,1699,0,0,0,1.0,1,1.0,1,1.0,1,0.08365254245380323,46
1110,1,2516,817,1699,0,0,0,1.0,1,1.0,1,1.0,1,0.16554734089374915,43
1111,4,2520,818,1702,0,0,0,1.0,1,1.0,1,1.0,1,0.13489407289814162,44
1112,2,2522,819,1703,0,0,0,1.0,1,1.0,1,1.0,1,0.154282580739261,43
1113,3,2525,820,1705,0,0,0,1.0,1,1.0,1,1.0,1,0.19643576337127017,39
1114,2,2527,820,1707,0,0,0,1.0,1,1.0,1,1.0,1,0.17840187555296763,39
1115,1,2528,821,1707,0,0,0,1.0,1,1.0,1,1.0,1,0.16109273426137277,37
1116,4,2532,823,1709,0,0,0,1.0,1,1.0,1,1.0,1,0.12393330564176133,37
1117,1,2533,824,1709,0,0,0,1.0,1,1.0,1,1.0,1,0.20428834673733706,36
1118,0,2533,824,1709,0,0,0,1.0,1,1.0,1,1.0,1,0.20409794814920912,36
1119,0,2533,824,1709,0,0,0,1.0,1,1.0,1,1.0,1,0.20409794814920912,36
1120,0,2533,824,1709,0,0,0,1.0,1,1.0,1,1.0,1,0.20409794814920912,36
1121,5,2538,827,1711,0,0,0,1.0,1,1.0,1,1.0,1,0.15592422628341088,36
1122,1,2539,827,1712,0,0,0,1.0,1,1.0,1,1.0,1,0.13632837747760884,37
1123,3,2542,829,1713,0,0,0,1.0,1,1.0,1,1.0,1,0.20110063901967723,37
1124,1,2543,829,1714,0,0,0,1.0,1,1.0,1,1.0,1,0.21585987104650187,37
1125,2,2545,829,1716,0,0,0,1.0,1,1.0,1,1.0,1,0.2149973089790393,38
1126,3,2548,830,1718,0,0,0,1.0,1,1.0,1,1.0,1,0.1589180734167272,38
1127,0,2548,830,1718,0,0,0,1.0,1,1.0,1,1.0,1,0.1817634736151916,39
1128,1,2549,830,1719,0,0,0,1.0,1,1.0,1,1.0,1,0.14947752514878396,39
1129,2,2551,831,1720,0,0,0,1.0,1,1.0,1,1.0,1,0.1846869291674508,39
1130,3,2554,831,1723,0,0,0,1.0,1,1.0,1,1.0,1,0.17674145517981646,39
1131,4,2558,831,1727,0,0,0,1.0,1,1.0,1,1.0,1,0.10556578345824648,39
1132,1,2559,832,1727,0,0,0,1.0,1,1.0,1,1.0,1,0.1425422864382472,39
1133,2,2561,832,1729,0,0,0,1.0,1,1.0,1,1.0,1,0.13739124279629206,42
1134,1,2562,832,1730,0,0,0,1.0,1,1.0,1,1.0,1,0.14057130842780274,42
1135,3,2565,832,1733,0,0,0,1.0,1,1.0,1,1.0,1,0.1674803275839348,44
1136,2,2567,833,1734,0,0,0,1.0,1,1.0,1,1.0,1,0.1649693187873476,46
1137,0,2567,833,1734,0,0,0,1.0,1,1.0,1,1.0,1,0.18058224871328177,45
1138,1,2568,833,1735,0,0,0,1.0,1,1.0,1,1.0,1,0.17926781989046947,46
1139,1,2569,834,1735,0,0,0,1.0,1,1.0,1,1.0,1,0.1997265221544658,47
1140,1,2570,834,1736,0,0,0,1.0,1,1.0,1,1.0,1,0.2059622714761473,46
1141,3,2573,834,1739,0,0,0,1.0,1,1.0,1,1.0,1,0.1765865937602926,45
1142,5,2578,837,1741,0,0,0,1.0,1,1.0,1,1.0,1,0.1786196859546064,45
1143,1,2579,838,1741,0,0,0,1.0,1,1.0,1,1.0,1,0.22180196867350058,43
1144,6,2585,841,1744,0,0,0,1.0,1,1.0,1,1.0,1,0.15562290135041784,45
1145,4,2589,843,1746,0,0,0,1.0,1,1.0,1,1.0,1,0.12394203987877304,44
1146,6,2595,845,1750,0,0,0,1.0,1,1.0,1,1.0,1,0.084934626960537,45
1147,3,2598,847,1751,0,0,0,1.0,1,1.0,1,1.0,1,0.12155133022138256,44
1148,4,2602,851,1751,0,0,0,1.0,1,1.0,1,1.0,1,0.17224529603072194,43
1149,5,2607,853,1754,0,0,0,1.0,1,1.0,1,1.0,1,0.1597723009956088,42
1150,0,2607,853,1754,0,0,0,1.0,1,1.0,1,1.0,1,0.17066731336966884,45
1151,1,2608,853,1755,0,0,0,1.0,1,1.0,1,1.0,1,0.16589025651146008,40
1152,2,2610,854,1756,0,0,0,1.0,1,1.0,1,1.0,1,0.13490929175487798,41
1153,2,2612,856,1756,0,0,0,1.0,1,1.0,1,1.0,1,0.18850164296574046,38
1154,2,2614,858,1756,0,0,0,1.0,1,1.0,1,1.0,1,0.16625388905285735,37
1155,2,2616,860,1756,0,0,0,1.0,1,1.0,1,1.0,1,0.19572341287830886,38
1156,4,2620,860,1760,0,0,0,1.0,1,1.0,1,1.0,1,0.19079687666534825,38
1157,0,2620,860,1760,0,0,0,1.0,1,1.0,1,1.0,1,0.1805271806555437,37
1158,0,2620,860,1760,0,0,0,1.0,1,1.0,1,1.0,1,0.20468459867758812,36
1159,0,2620,860,1760,0,0,0,1.0,1,1.0,1,1.0,1,0.18639102060056814,35
1160,1,2621,861,1760,0,0,0,1.0,1,1.0,1,1.0,1,0.20604437596337533,35
1161,1,2622,861,1761,0,0,0,1.0,1,1.0,1,1.0,1,0.2092776967026892,36
1162,0,2622,861,1761,0,0,0,1.0,1,1.0,1,1.0,1,0.20665321875558054,37
1163,0,2622,861,1761,0,0,0,1.0,1,1.0,1,1.0,1,0.20665321875558054,37
1164,0,2622,861,1761,0,0,0,1.0,1,1.0,1,1.0,1,0.19377404069510726,38
1165,1,2623,861,1762,0,0,0,1.0,1,1.0,1,1.0,1,0.1885137646870804,38
1166,1,2624,861,1763,0,0,0,1.0,1,1.0,1,1.0,1,0.20865180241252243,40
1167,3,2627,862,1765,0,0,0,1.0,1,1.0,1,1.0,1,0.1386452947220907,40
1168,0,2627,862,1765,0,0,0,1.0,1,1.0,1,1.0,1,0.1386452947220907,40
1169,1,2628,862,1766,0,0,0,1.0,1,1.0,1,1.0,1,0.16043389361095833,41
1170,2,2630,863,1767,0,0,0,1.0,1,1.0,1,1.0,1,0.14473443635086522,41
1171,5,2635,864,1771,0,0,0,1.0,1,1.0,1,1.0,1,0.09422052381818206,43
1172,1,2636,865,1771,0,0,0,1.0,1,1.0,1,1.0,1,0.08183170255798923,43
1173,0,2636,865,1771,0,0,0,1.0,1,1.0,1,1.0,1,0.08183170255798923,43
1174,0,2636,865,1771,0,0,0,1.0,1,1.0,1,1.0,1,0.08183170255798923,43
1175,1,2637,865,1772,0,0,0,1.0,1,1.0,1,1.0,1,0.08372065053658179,44
1176,1,2638,866,1772,0,0,0,1.0,1,1.0,1,1.0,1,0.1285654921081521,45
1177,1,2639,867,1772,0,0,0,1.0,1,1.0,1,1.0,1,0.16425523522272073,45
1178,1,2640,868,1772,0,0,0,1.0,1,1.0,1,1.0,1,0.15688880629272495,45
1179,4,2644,871,1773,0,0,0,1.0,1,1.0,1,1.0,1,0.2444815768708565,46
1180,1,2645,871,1774,0,0,0,1.0,1,1.0,1,1.0,1,0.20052148025808225,47
1181,2,2647,871,1776,0,0,0,1.0,1,1.0,1,1.0,1,0.18580217973409185,48
1182,1,2648,872,1776,0,0,0,1.0,1,1.0,1,1.0,1,0.19224747290869723,48
1183,0,2648,872,1776,0,0,0,1.0,1,1.0,1,1.0,1,0.19161235500213328,46
1184,2,2650,873,1777,0,0,0,1.0,1,1.0,1,1.0,1,0.1694570586401675,47
1185,2,2652,874,1778,0,0,0,1.0,1,1.0,1,1.0,1,0.1855849663309451,44
1186,3,2655,874,1781,0,0,0,1.0,1,1.0,1,1.0,1,0.14784832058708,47
1187,4,2659,874,1785,0,0,0,1.0,1,1.0,1,1.0,1,0.14776629434969768,49
1188,2,2661,874,1787,0,0,0,1.0,1,1.0,1,1.0,1,0.14650255243292581,50
1189,1,2662,874,1788,0,0,0,1.0,1,1.0,1,1.0,1,0.12665267330564503,48
1190,5,2667,875,1792,0,0,0,1.0,1,1.0,1,1.0,1,0.17861510136410827,48
1191,0,2667,875,1792,0,0,0,1.0,1,1.0,1,1.0,1,0.1476340341841306,46
1192,1,2668,876,1792,0,0,0,1.0,1,1.0,1,1.0,1,0.16375625858927814,46
1193,0,2668,876,1792,0,0,0,1.0,1,1.0,1,1.0,1,0.183822408482966,45
1194,1,2669,876,1793,0,0,0,1.0,1,1.0,1,1.0,1,0.1718565179889865,45
1195,4,2673,877,1796,0,0,0,1.0,1,1.0,1,1.0,1,0.19211988128910376,47
1196,5,2678,877,1801,0,0,0,1.0,1,1.0,1,1.0,1,0.13022633555450813,48
1197,0,2678,877,1801,0,0,0,1.0,1,1.0,1,1.0,1,0.12866880330327093,49
1198,2,2680,878,1802,0,0,0,1.0,1,1.0,1,1.0,1,0.11549163888328418,49
1199,3,2683,878,1805,0,0,0,1.0,1,1.0,1,1.0,1,0.0971264241971253,50
1200,0,2683,878,1805,0,0,0,1.0,1,1.0,1,1.0,1,0.0971264241971253,50
1201,0,2683,878,1805,0,0,0,1.0,1,1.0,1,1.0,1,0.0971264241971253,50
1202,1,2684,879,1805,0,0,0,1.0,1,1.0,1,1.0,1,0.11310353858052351,51
1203,0,2684,879,1805,0,0,0,1.0,1,1.0,1,1.0,1,0.11120393633306995,52
1204,0,2684,879,1805,0,0,0,1.0,1,1.0,1,1.0,1,0.11120393633306995,52
1205,4,2688,880,1808,0,0,0,1.0,1,1.0,1,1.0,1,0.13659383285891002,53
1206,0,2688,880,1808,0,0,0,1.0,1,1.0,1,1.0,1,0.13659383285891002,53
1207,1,2689,880,1809,0,0,0,1.0,1,1.0,1,1.0,1,0.1296231926906562,55
1208,4,2693,881,1812,0,0,0,1.0,1,1.0,1,1.0,1,0.1221766302627373,56
1209,1,2694,881,1813,0,0,0,1.0,1,1.0,1,1.0,1,0.12755848360938457,55
1210,0,2694,881,1813,0,0,0,1.0,1,1.0,1,1.0,1,0.12755848360938457,55
1211,0,2694,881,1813,0,0,0,1.0,1,1.0,1,1.0,1,0.11595635724808638,57
1212,0,2694,881,1813,0,0,0,1.0,1,1.0,1,1.0,1,0.11595635724808638,57
1213,0,2694,881,1813,0,0,0,1.0,1,1.0,1,1.0,1,0.11595635724808638,57
1214,5,2699,885,1814,0,0,0,1.0,1,1.0,1,1.0,1,0.17664662413659407,57
1215,4,2703,885,1818,0,0,0,1.0,1,1.0,1,1.0,1,0.13159964608318753,59
1216,5,2708,886,1822,0,0,0,1.0,1,1.0,1,1.0,1,0.11105700761411151,61
1217,3,2711,886,1825,0,0,0,1.0,1,1.0,1,1.0,1,0.11820377094512363,61
1218,5,2716,887,1829,0,0,0,1.0,1,1.0,1,1.0,1,0.15268935185814858,61
1219,3,2719,888,1831,0,0,0,1.0,1,1.0,1,1.0,1,0.15839602450438217,61
1220,6,2725,888,1837,0,0,0,1.0,1,1.0,1,1.0,1,0.14553823371185567,60
1221,6,2731,889,1842,0,0,0,1.0,1,1.0,1,1.0,1,0.10042282700206774,61
1222,2,2733,890,1843,0,0,0,1.0,1,1.0,1,1.0,1,0.11051096982157854,61
1223,1,2734,891,1843,0,0,0,1.0,1,1.0,1,1.0,1,0.10003296367913378,59
1224,3,2737,894,1843,0,0,0,1.0,1,1.0,1,1.0,1,0.13183604696184886,60
1225,6,2743,896,1847,0,0,0,1.0,1,1.0,1,1.0,1,0.17568652224839879,60
1226,8,2751,898,1853,0,0,0,1.0,1,1.0,1,1.0,1,0.09450591517294232,61
1227,5,2756,901,1855,0,0,0,1.0,1,1.0,1,1.0,1,0.08637518711490516,59
1228,2,2758,902,1856,0,0,0,1.0,1,1.0,1,1.0,1,0.08843907028074406,58
1229,3,2761,904,1857,0,0,0,1.0,1,1.0,1,1.0,1,0.07975006614249182,57
1230,0,2761,904,1857,0,0,0,1.0,1,1.0,1,1.0,1,0.09097710589048631,55
1231,2,2763,906,1857,0,0,0,1.0,1,1.0,1,1.0,1,0.10355193543317492,54
1232,5,2768,909,1859,0,0,0,1.0,1,1.0,1,1.0,1,0.12339395333873501,51
1233,2,2770,911,1859,0,0,0,1.0,1,1.0,1,1.0,1,0.1422824792735302,49
1234,2,2772,913,1859,0,0,0,1.0,1,1.0,1,1.0,1,0.2038388152868906,49
1235,2,2774,915,1859,0,0,0,1.0,1,1.0,1,1.0,1,0.20773215785020624,48
1236,7,2781,915,1866,0,0,0,1.0,1,1.0,1,1.0,1,0.16848687418220265,49
1237,5,2786,916,1870,0,0,0,1.0,1,1.0,1,1.0,1,0.16621162001341155,48
1238,3,2789,916,1873,0,0,0,1.0,1,1.0,1,1.0,1,0.13727278477188137,47
1239,3,2792,916,1876,0,0,0,1.0,1,1.0,1,1.0,1,0.12061467326774486,48
1240,3,2795,916,1879,0,0,0,1.0,1,1.0,1,1.0,1,0.1502150226138151,49
1241,4,2799,918,1881,0,0,0,1.0,1,1.0,1,1.0,1,0.09163542112479386,49
1242,0,2799,918,1881,0,0,0,1.0,1,1.0,1,1.0,1,0.09479674211289392,49
1243,1,2800,918,1882,0,0,0,1.0,1,1.0,1,1.0,1,0.09932085152850907,50
1244,3,2803,919,1884,0,0,0,1.0,1,1.0,1,1.0,1,0.18432716048704095,50
1245,5,2808,919,1889,0,0,0,1.0,1,1.0,1,1.0,1,0.12258791199688468,51
1246,5,2813,920,1893,0,0,0,1.0,1,1.0,1,1.0,1,0.11131408862662269,52
1247,1,2814,920,1894,0,0,0,1.0,1,1.0,1,1.0,1,0.09765911872982128,52
1248,2,2816,921,1895,0,0,0,1.0,1,1.0,1,1.0,1,0.14020963823198293,51
1249,3,2819,921,1898,0,0,0,1.0,1,1.0,1,1.0,1,0.10797843392570476,51
1250,1,2820,922,1898,0,0,0,1.0,1,1.0,1,1.0,1,0.13817147865188267,51
1251,4,2824,922,1902,0,0,0,1.0,1,1.0,1,1.0,1,0.08757016916004155,53
1252,1,2825,923,1902,0,0,0,1.0,1,1.0,1,1.0,1,0.09036955893222302,52
1253,0,2825,923,1902,0,0,0,1.0,1,1.0,1,1.0,1,0.09036955893222302,52
1254,1,2826,923,1903,0,0,0,1.0,1,1.0,1,1.0,1,0.09093110578970137,53
1255,3,2829,924,1905,0,0,0,1.0,1,1.0,1,1.0,1,0.09041402245197226,55
1256,1,2830,924,1906,0,0,0,1.0,1,1.0,1,1.0,1,0.07235746424097968,55
1257,0,2830,924,1906,0,0,0,1.0,1,1.0,1,1.0,1,0.09894736347801447,57
1258,0,2830,924,1906,0,0,0,1.0,1,1.0,1,1.0,1,0.09905559585519441,57
1259,0,2830,924,1906,0,0,0,1.0,1,1.0,1,1.0,1,0.09905559585519441,57
1260,0,2830,924,1906,0,0,0,1.0,1,1.0,1,1.0,1,0.10761334276451681,56
1261,1,2831,924,1907,0,0,0,1.0,1,1.0,1,1.0,1,0.08938561263354519,57
1262,1,2832,924,1908,0,0,0,1.0,1,1.0,1,1.0,1,0.06220058436986601,58
1263,1,2833,925,1908,0,0,0,1.0,1,1.0,1,1.0,1,0.07710028437960097,58
1264,1,2834,925,1909,0,0,0,1.0,1,1.0,1,1.0,1,0.08134649948901668,57
1265,6,2840,931,1909,0,0,0,1.0,1,1.0,1,1.0,1,0.15521054379832028,56
1266,8,2848,933,1915,0,0,0,1.0,1,1.0,1,1.0,1,0.09164778030512534,55
1267,2,2850,935,1915,0,0,0,1.0,1,1.0,1,1.0,1,0.10042912468802416,53
1268,5,2855,939,1916,0,0,0,1.0,1,1.0,1,1.0,1,0.10595809306149986,52
1269,1,2856,940,1916,0,0,0,1.0,1,1.0,1,1.0,1,0.11649942694400404,51
1270,0,2856,940,1916,0,0,0,1.0,1,1.0,1,1.0,1,0.11465883517751058,47
1271,3,2859,941,1918,0,0,0,1.0,1,1.0,1,1.0,1,0.10865162856705816,46
1272,1,2860,942,1918,0,0,0,1.0,1,1.0,1,1.0,1,0.1258099915858552,43
1273,1,2861,943,1918,0,0,0,1.0,1,1.0,1,1.0,1,0.15014017895679707,44
1274,3,2864,945,1919,0,0,0,1.0,1,1.0,1,1.0,1,0.17605114923921703,44
1275,3,2867,946,1921,0,0,0,1.0,1,1.0,1,1.0,1,0.17294912413756314,45
1276,5,2872,947,1925,0,0,0,1.0,1,1.0,1,1.0,1,0.11853865999363514,43
1277,1,2873,947,1926,0,0,0,1.0,1,1.0,1,1.0,1,0.13288646678522933,44
1278,2,2875,949,1926,0,0,0,1.0,1,1.0,1,1.0,1,0.15842480056280742,45
1279,3,2878,949,1929,0,0,0,1.0,1,1.0,1,1.0,1,0.13399422254353588,47
1280,1,2879,950,1929,0,0,0,1.0,1,1.0,1,1.0,1,0.14447324675926518,47
1281,2,2881,950,1931,0,0,0,1.0,1,1.0,1,1.0,1,0.10694919327030143,47
1282,1,2882,951,1931,0,0,0,1.0,1,1.0,1,1.0,1,0.10597901210949258,46
1283,0,2882,951,1931,0,0,0,1.0,1,1.0,1,1.0,1,0.10597901210949258,46
1284,0,2882,951,1931,0,0,0,1.0,1,1.0,1,1.0,1,0.10597901210949258,46
1285,1,2883,951,1932,0,0,0,1.0,1,1.0,1,1.0,1,0.11773643750480892,46
1286,0,2883,951,1932,0,0,0,1.0,1,1.0,1,1.0,1,0.11885997029369334,45
1287,4,2887,952,1935,0,0,0,1.0,1,1.0,1,1.0,1,0.14284680342877593,49
1288,1,2888,952,1936,0,0,0,1.0,1,1.0,1,1.0,1,0.13888209576716276,49
1289,2,2890,952,1938,0,0,0,1.0,1,1.0,1,1.0,1,0.13177686570938116,52
1290,3,2893,953,1940,0,0,0,1.0,1,1.0,1,1.0,1,0.11159858434805442,52
1291,1,2894,953,1941,0,0,0,1.0,1,1.0,1,1.0,1,0.09873207300753611,52
1292,1,2895,954,1941,0,0,0,1.0,1,1.0,1,1.0,1,0.097956410098224,53
1293,0,2895,954,1941,0,0,0,1.0,1,1.0,1,1.0,1,0.097956410098224,53
1294,0,2895,954,1941,0,0,0,1.0,1,1.0,1,1.0,1,0.097956410098224,53
1295,3,2898,954,1944,0,0,0,1.0,1,1.0,1,1.0,1,0.07936533297518292,54
1296,1,2899,954,1945,0,0,0,1.0,1,1.0,1,1.0,1,0.0656011072765079,55
1297,0,2899,954,1945,0,0,0,1.0,1,1.0,1,1.0,1,0.08482320185656045,54
1298,0,2899,954,1945,0,0,0,1.0,1,1.0,1,1.0,1,0.09945368696559964,55
1299,0,2899,954,1945,0,0,0,1.0,1,1.0,1,1.0,1,0.11795243779065212,54
1300,3,2902,955,1947,0,0,0,1.0,1,1.0,1,1.0,1,0.12167278288802202,55
1301,3,2905,956,1949,0,0,0,1.0,1,1.0,1,1.0,1,0.10417498364371613,54
1302,2,2907,958,1949,0,0,0,1.0,1,1.0,1,1.0,1,0.1305462054189779,54
1303,3,2910,960,1950,0,0,0,1.0,1,1.0,1,1.0,1,0.17324649903794448,50
1304,4,2914,964,1950,0,0,0,1.0,1,1.0,1,1.0,1,0.15821763176359663,51
1305,4,2918,967,1951,0,0,0,1.0,1,1.0,1,1.0,1,0.19502002284256692,48
1306,10,2928,972,1956,0,0,0,1.0,1,1.0,1,1.0,1,0.16374357768657052,48
1307,2,2930,973,1957,0,0,0,1.0,1,1.0,1,1.0,1,0.14126896591653695,48
1308,3,2933,975,1958,0,0,0,1.0,1,1.0,1,1.0,1,0.16350512803425452,46
1309,1,2934,975,1959,0,0,0,1.0,1,1.0,1,1.0,1,0.16544591332941508,47
1310,5,2939,975,1964,0,0,0,1.0,1,1.0,1,1.0,1,0.12649336993673543,46
1311,2,2941,977,1964,0,0,0,1.0,1,1.0,1,1.0,1,0.1823220089299999,46
1312,5,2946,978,1968,0,0,0,1.0,1,1.0,1,1.0,1,0.1462234147324482,45
1313,2,2948,979,1969,0,0,0,1.0,1,1.0,1,1.0,1,0.16423803665970224,44
1314,0,2948,979,1969,0,0,0,1.0,1,1.0,1,1.0,1,0.1694193447665477,42
1315,1,2949,980,1969,0,0,0,1.0,1,1.0,1,1.0,1,0.2086432755119518,40
1316,4,2953,980,1973,0,0,0,1.0,1,1.0,1,1.0,1,0.1476232888304606,42
1317,1,2954,981,1973,0,0,0,1.0,1,1.0,1,1.0,1,0.19010260371906273,42
1318,2,2956,981,1975,0,0,0,1.0,1,1.0,1,1.0,1,0.15608319391623493,42
1319,0,2956,981,1975,0,0,0,1.0,1,1.0,1,1.0,1,0.15608319391623493,42
1320,0,2956,981,1975,0,0,0,1.0,1,1.0,1,1.0,1,0.15608319391623493,42
1321,2,2958,981,1977,0,0,0,1.0,1,1.0,1,1.0,1,0.1198173373659086,45
1322,1,2959,981,1978,0,0,0,1.0,1,1.0,1,1.0,1,0.1095120080948006,45
1323,2,2961,981,1980,0,0,0,1.0,1,1.0,1,1.0,1,0.12030168030761439,46
1324,2,2963,981,1982,0,0,0,1.0,1,1.0,1,1.0,1,0.1387425314448049,45
1325,3,2966,982,1984,0,0,0,1.0,1,1.0,1,1.0,1,0.14922328210958083,46
1326,3,2969,983,1986,0,0,0,1.0,1,1.0,1,1.0,1,0.16946722007260576,45
1327,2,2971,983,1988,0,0,0,1.0,1,1.0,1,1.0,1,0.1642860461502927,46
1328,0,2971,983,1988,0,0,0,1.0,1,1.0,1,1.0,1,0.17014149196444026,47
1329,2,2973,984,1989,0,0,0,1.0,1,1.0,1,1.0,1,0.16018746174097262,47
1330,1,2974,984,1990,0,0,0,1.0,1,1.0,1,1.0,1,0.17566233872230985,46
1331,4,2978,984,1994,0,0,0,1.0,1,1.0,1,1.0,1,0.12289731356565013,46
1332,1,2979,984,1995,0,0,0,1.0,1,1.0,1,1.0,1,0.14563024459923482,49
1333,0,2979,984,1995,0,0,0,1.0,1,1.0,1,1.0,1,0.160708658176713,50
1334,1,2980,985,1995,0,0,0,1.0,1,1.0,1,1.0,1,0.18483184284407228,50
1335,3,2983,985,1998,0,0,0,1.0,1,1.0,1,1.0,1,0.17164668396573385,52
1336,2,2985,985,2000,0,0,0,1.0,1,1.0,1,1.0,1,0.14909770895240473,53
1337,2,2987,986,2001,0,0,0,1.0,1,1.0,1,1.0,1,0.17965433218104013,54
1338,2,2989,987,2002,0,0,0,1.0,1,1.0,1,1.0,1,0.18443699948184866,54
1339,1,2990,988,2002,0,0,0,1.0,1,1.0,1,1.0,1,0.20643531174480628,54
1340,1,2991,988,2003,0,0,0,1.0,1,1.0,1,1.0,1,0.20801096513306683,53
1341,2,2993,988,2005,0,0,0,1.0,1,1.0,1,1.0,1,0.14580482151371513,53
1342,1,2994,988,2006,0,0,0,1.0,1,1.0,1,1.0,1,0.1470987610279857,52
1343,0,2994,988,2006,0,0,0,1.0,1,1.0,1,1.0,1,0.16490859173258904,50
1344,4,2998,992,2006,0,0,0,1.0,1,1.0,1,1.0,1,0.1699625269952026,51
1345,1,2999,992,2007,0,0,0,1.0,1,1.0,1,1.0,1,0.15797573770116324,50
1346,6,3005,995,2010,0,0,0,1.0,1,1.0,1,1.0,1,0.13429092436796525,50
1347,0,3005,995,2010,0,0,0,1.0,1,1.0,1,1.0,1,0.10989609071790087,48
1348,1,3006,995,2011,0,0,0,1.0,1,1.0,1,1.0,1,0.09812695390810698,49
1349,1,3007,996,2011,0,0,0,1.0,1,1.0,1,1.0,1,0.09806240326922183,48
1350,1,3008,996,2012,0,0,0,1.0,1,1.0,1,1.0,1,0.10350705435409424,49
1351,1,3009,996,2013,0,0,0,1.0,1,1.0,1,1.0,1,0.07641544081305138,48
1352,2,3011,998,2013,0,0,0,1.0,1,1.0,1,1.0,1,0.08593271111382837,49
1353,0,3011,998,2013,0,0,0,1.0,1,1.0,1,1.0,1,0.09897808102220804,49
1354,0,3011,998,2013,0,0,0,1.0,1,1.0,1,1.0,1,0.10008305507648667,49
1355,3,3014,999,2015,0,0,0,1.0,1,1.0,1,1.0,1,0.09260126840134651,50
1356,4,3018,1000,2018,0,0,0,1.0,1,1.0,1,1.0,1,0.09509877030280854,50
1357,4,3022,1002,2020,0,0,0,1.0,1,1.0,1,1.0,1,0.10600154576219001,50
1358,3,3025,1003,2022,0,0,0,1.0,1,1.0,1,1.0,1,0.12686105259604302,51
1359,5,3030,1004,2026,0,0,0,1.0,1,1.0,1,1.0,1,0.13417207423916488,53
1360,3,3033,1004,2029,0,0,0,1.0,1,1.0,1,1.0,1,0.11190775797750369,54
1361,2,3035,1004,2031,0,0,0,1.0,1,1.0,1,1.0,1,0.0877608401801131,54
1362,0,3035,1004,2031,0,0,0,1.0,1,1.0,1,1.0,1,0.07939503600750619,55
1363,0,3035,1004,2031,0,0,0,1.0,1,1.0,1,1.0,1,0.07939503600750619,55
1364,0,3035,1004,2031,0,0,0,1.0,1,1.0,1,1.0,1,0.11459564166586388,55
1365,2,3037,1005,2032,0,0,0,1.0,1,1.0,1,1.0,1,0.1427749998693766,56
1366,4,3041,1005,2036,0,0,0,1.0,1,1.0,1,1.0,1,0.1145850424475194,56
1367,3,3044,1006,2038,0,0,0,1.0,1,1.0,1,1.0,1,0.09194668809437022,56
1368,2,3046,1007,2039,0,0,0,1.0,1,1.0,1,1.0,1,0.11136403309808592,58
1369,0,3046,1007,2039,0,0,0,1.0,1,1.0,1,1.0,1,0.11886296695373266,59
1370,3,3049,1009,2040,0,0,0,1.0,1,1.0,1,1.0,1,0.11092962000727018,59
1371,3,3052,1009,2043,0,0,0,1.0,1,1.0,1,1.0,1,0.09413099567793114,59
1372,3,3055,1010,2045,0,0,0,1.0,1,1.0,1,1.0,1,0.11078992023201814,59
1373,3,3058,1010,2048,0,0,0,1.0,1,1.0,1,1.0,1,0.062267538562015744,59
1374,4,3062,1013,2049,0,0,0,1.0,1,1.0,1,1.0,1,0.12361259937511747,60
1375,4,3066,1013,2053,0,0,0,1.0,1,1.0,1,1.0,1,0.10089930768051057,61
1376,3,3069,1013,2056,0,0,0,1.0,1,1.0,1,1.0,1,0.09754384408114285,61
1377,1,3070,1014,2056,0,0,0,1.0,1,1.0,1,1.0,1,0.10461611995843462,61
1378,2,3072,1015,2057,0,0,0,1.0,1,1.0,1,1.0,1,0.14119973719844384,61
1379,1,3073,1015,2058,0,0,0,1.0,1,1.0,1,1.0,1,0.1385492960697479,60
1380,2,3075,1016,2059,0,0,0,1.0,1,1.0,1,1.0,1,0.1490001777802097,60
1381,2,3077,1016,2061,0,0,0,1.0,1,1.0,1,1.0,1,0.12621052354853157,58
1382,2,3079,1018,2061,0,0,0,1.0,1,1.0,1,1.0,1,0.1555146940330938,58
1383,4,3083,1021,2062,0,0,0,1.0,1,1.0,1,1.0,1,0.14292570311131428,57
1384,4,3087,1023,2064,0,0,0,1.0,1,1.0,1,1.0,1,0.1480840802973125,54
1385,1,3088,1024,2064,0,0,0,1.0,1,1.0,1,1.0,1,0.15240808881668808,52
1386,8,3096,1025,2071,0,0,0,1.0,1,1.0,1,1.0,1,0.13069380435396144,51
1387,1,3097,1025,2072,0,0,0,1.0,1,1.0,1,1.0,1,0.1412999680062651,51
1388,1,3098,1026,2072,0,0,0,1.0,1,1.0,1,1.0,1,0.12690315227954846,52
1389,0,3098,1026,2072,0,0,0,1.0,1,1.0,1,1.0,1,0.1644735664953375,50
1390,4,3102,1028,2074,0,0,0,1.0,1,1.0,1,1.0,1,0.14022658884982817,51
1391,1,3103,1028,2075,0,0,0,1.0,1,1.0,1,1.0,1,0.15393800520762632,50
1392,1,3104,1029,2075,0,0,0,1.0,1,1.0,1,1.0,1,0.17191883228974353,50
1393,1,3105,1029,2076,0,0,0,1.0,1,1.0,1,1.0,1,0.16513013863074202,49
1394,3,3108,1031,2077,0,0,0,1.0,1,1.0,1,1.0,1,0.15961041789374636,50
1395,1,3109,1031,2078,0,0,0,1.0,1,1.0,1,1.0,1,0.1585789273021484,51
1396,3,3112,1031,2081,0,0,0,1.0,1,1.0,1,1.0,1,0.13958252306994068,52
1397,3,3115,1032,2083,0,0,0,1.0,1,1.0,1,1.0,1,0.09511088454763454,52
1398,1,3116,1033,2083,0,0,0,1.0,1,1.0,1,1.0,1,0.10591307475045465,53
1399,4,3120,1035,2085,0,0,0,1.0,1,1.0,1,1.0,1,0.12010527323626483,54
1400,3,3123,1037,2086,0,0,0,1.0,1,1.0,1,1.0,1,0.1339550921227878,54
1401,3,3126,1039,2087,0,0,0,1.0,1,1.0,1,1.0,1,0.16767214246724257,54
1402,4,3130,1040,2090,0,0,0,1.0,1,1.0,1,1.0,1,0.17872946804259637,53
1403,0,3130,1040,2090,0,0,0,1.0,1,1.0,1,1.0,1,0.19659437599661142,52
1404,0,3130,1040,2090,0,0,0,1.0,1,1.0,1,1.0,1,0.20236048132151344,53
1405,1,3131,1041,2090,0,0,0,1.0,1,1.0,1,1.0,1,0.24374624088544922,52
1406,3,3134,1041,2093,0,0,0,1.0,1,1.0,1,1.0,1,0.20406270182040268,53
1407,1,3135,1041,2094,0,0,0,1.0,1,1.0,1,1.0,1,0.2055171590507808,54
1408,0,3135,1041,2094,0,0,0,1.0,1,1.0,1,1.0,1,0.22891409959975595,53
1409,0,3135,1041,2094,0,0,0,1.0,1,1.0,1,1.0,1,0.2196779015715263,55
1410,1,3136,1041,2095,0,0,0,1.0,1,1.0,1,1.0,1,0.2295444459608746,54
1411,3,3139,1041,2098,0,0,0,1.0,1,1.0,1,1.0,1,0.2175187901450631,54
1412,0,3139,1041,2098,0,0,0,1.0,1,1.0,1,1.0,1,0.2137504778077816,53
1413,2,3141,1041,2100,0,0,0,1.0,1,1.0,1,1.0,1,0.19686168996187073,54
1414,4,3145,1041,2104,0,0,0,1.0,1,1.0,1,1.0,1,0.18719282457136752,55
1415,2,3147,1041,2106,0,0,0,1.0,1,1.0,1,1.0,1,0.16015337401735474,57
1416,2,3149,1041,2108,0,0,0,1.0,1,1.0,1,1.0,1,0.15244559874502833,59
1417,1,3150,1042,2108,0,0,0,1.0,1,1.0,1,1.0,1,0.17967054314438619,58
1418,1,3151,1043,2108,0,0,0,1.0,1,1.0,1,1.0,1,0.1753366557611376,57
1419,2,3153,1044,2109,0,0,0,1.0,1,1.0,1,1.0,1,0.17279567107990723,56
1420,2,3155,1045,2110,0,0,0,1.0,1,1.0,1,1.0,1,0.2031742786691192,54
1421,6,3161,1046,2115,0,0,0,1.0,1,1.0,1,1.0,1,0.15627075329905263,55
1422,1,3162,1046,2116,0,0,0,1.0,1,1.0,1,1.0,1,0.15010273748889064,52
1423,3,3165,1047,2118,0,0,0,1.0,1,1.0,1,1.0,1,0.1400720333436946,52
1424,3,3168,1050,2118,0,0,0,1.0,1,1.0,1,1.0,1,0.12589908616076048,51
1425,0,3168,1050,2118,0,0,0,1.0,1,1.0,1,1.0,1,0.13209606648899763,50
1426,3,3171,1051,2120,0,0,0,1.0,1,1.0,1,1.0,1,0.12176087206797735,50
1427,4,3175,1051,2124,0,0,0,1.0,1,1.0,1,1.0,1,0.1288459600691247,48
1428,3,3178,1053,2125,0,0,0,1.0,1,1.0,1,1.0,1,0.15027502955131275,48
1429,1,3179,1053,2126,0,0,0,1.0,1,1.0,1,1.0,1,0.15945353918023467,48
1430,2,3181,1053,2128,0,0,0,1.0,1,1.0,1,1.0,1,0.15870819873582157,48
1431,2,3183,1053,2130,0,0,0,1.0,1,1.0,1,1.0,1,0.1473596882853993,48
1432,0,3183,1053,2130,0,0,0,1.0,1,1.0,1,1.0,1,0.12008224095689048,50
1433,2,3185,1054,2131,0,0,0,1.0,1,1.0,1,1.0,1,0.11341941087201933,51
1434,5,3190,1056,2134,0,0,0,1.0,1,1.0,1,1.0,1,0.1168825194956546,51
1435,5,3195,1058,2137,0,0,0,1.0,1,1.0,1,1.0,1,0.14714951308877894,50
1436,5,3200,1059,2141,0,0,0,1.0,1,1.0,1,1.0,1,0.09952780942195522,51
1437,2,3202,1059,2143,0,0,0,1.0,1,1.0,1,1.0,1,0.10032047478547958,51
1438,3,3205,1060,2145,0,0,0,1.0,1,1.0,1,1.0,1,0.11087860855785771,51
1439,6,3211,1063,2148,0,0,0,1.0,1,1.0,1,1.0,1,0.18469682853242397,50
1440,7,3218,1065,2153,0,0,0,1.0,1,1.0,1,1.0,1,0.1885021428190208,51
1441,6,3224,1065,2159,0,0,0,1.0,1,1.0,1,1.0,1,0.10987167108449092,51
1442,4,3228,1068,2160,0,0,0,1.0,1,1.0,1,1.0,1,0.13214352907074334,52
1443,1,3229,1068,2161,0,0,0,1.0,1,1.0,1,1.0,1,0.13929681934589824,53
1444,1,3230,1068,2162,0,0,0,1.0,1,1.0,1,1.0,1,0.1522771419152636,54
1445,5,3235,1068,2167,0,0,0,1.0,1,1.0,1,1.0,1,0.14312622582973603,54
1446,4,3239,1068,2171,0,0,0,1.0,1,1.0,1,1.0,1,0.092288739115786,54
1447,0,3239,1068,2171,0,0,0,1.0,1,1.0,1,1.0,1,0.08050900704567632,55
1448,2,3241,1068,2173,0,0,0,1.0,1,1.0,1,1.0,1,0.07039111648205776,55
1449,0,3241,1068,2173,0,0,0,1.0,1,1.0,1,1.0,1,0.07039111648205776,55
1450,0,3241,1068,2173,0,0,0,1.0,1,1.0,1,1.0,1,0.07442221485406003,57
1451,0,3241,1068,2173,0,0,0,1.0,1,1.0,1,1.0,1,0.07442221485406003,57
1452,0,3241,1068,2173,0,0,0,1.0,1,1.0,1,1.0,1,0.07442221485406003,57
1453,2,3243,1069,2174,0,0,0,1.0,1,1.0,1,1.0,1,0.09565631702622052,57
1454,2,3245,1070,2175,0,0,0,1.0,1,1.0,1,1.0,1,0.12042034277963778,58
1455,0,3245,1070,2175,0,0,0,1.0,1,1.0,1,1.0,1,0.11607527812907702,56
1456,4,3249,1071,2178,0,0,0,1.0,1,1.0,1,1.0,1,0.07682726938241309,55
1457,0,3249,1071,2178,0,0,0,1.0,1,1.0,1,1.0,1,0.09064531788410032,54
1458,1,3250,1072,2178,0,0,0,1.0,1,1.0,1,1.0,1,0.11291016479285648,53
1459,1,3251,1072,2179,0,0,0,1.0,1,1.0,1,1.0,1,0.09881497705208289,52
1460,0,3251,1072,2179,0,0,0,1.0,1,1.0,1,1.0,1,0.09755008348612285,51
1461,2,3253,1074,2179,0,0,0,1.0,1,1.0,1,1.0,1,0.108200131113865,51
1462,5,3258,1078,2180,0,0,0,1.0,1,1.0,1,1.0,1,0.12013344158692275,51
1463,4,3262,1080,2182,0,0,0,1.0,1,1.0,1,1.0,1,0.15740784127510873,52
1464,4,3266,1083,2183,0,0,0,1.0,1,1.0,1,1.0,1,0.21011618018449754,52
1465,7,3273,1084,2189,0,0,0,1.0,1,1.0,1,1.0,1,0.18545794372041666,51
1466,5,3278,1085,2193,0,0,0,1.0,1,1.0,1,1.0,1,0.11673534278929082,50
1467,1,3279,1085,2194,0,0,0,1.0,1,1.0,1,1.0,1,0.1607741785401532,48
1468,2,3281,1086,2195,0,0,0,1.0,1,1.0,1,1.0,1,0.09812103736897296,48
1469,2,3283,1088,2195,0,0,0,1.0,1,1.0,1,1.0,1,0.15549807616512412,48
1470,3,3286,1089,2197,0,0,0,1.0,1,1.0,1,1.0,1,0.15457263071959013,48
1471,6,3292,1091,2201,0,0,0,1.0,1,1.0,1,1.0,1,0.1279961735495724,45
1472,2,3294,1091,2203,0,0,0,1.0,1,1.0,1,1.0,1,0.12537250900737246,45
1473,2,3296,1091,2205,0,0,0,1.0,1,1.0,1,1.0,1,0.10830730264172186,46
1474,3,3299,1091,2208,0,0,0,1.0,1,1.0,1,1.0,1,0.09847437034596505,46
1475,0,3299,1091,2208,0,0,0,1.0,1,1.0,1,1.0,1,0.09847437034596505,46
1476,2,3301,1091,2210,0,0,0,1.0,1,1.0,1,1.0,1,0.08600691357595369,47
1477,1,3302,1092,2210,0,0,0,1.0,1,1.0,1,1.0,1,0.09985510072663441,47
1478,0,3302,1092,2210,0,0,0,1.0,1,1.0,1,1.0,1,0.12476515037899677,47
1479,0,3302,1092,2210,0,0,0,1.0,1,1.0,1,1.0,1,0.1177601832255996,48
1480,1,3303,1093,2210,0,0,0,1.0,1,1.0,1,1.0,1,0.13350380298918785,47
1481,3,3306,1094,2212,0,0,0,1.0,1,1.0,1,1.0,1,0.10644399504748885,47
1482,2,3308,1096,2212,0,0,0,1.0,1,1.0,1,1.0,1,0.186943996065014,46
1483,5,3313,1097,2216,0,0,0,1.0,1,1.0,1,1.0,1,0.16390101958108186,47
1484,7,3320,1098,2222,0,0,0,1.0,1,1.0,1,1.0,1,0.1606968084399615,47
1485,3,3323,1098,2225,0,0,0,1.0,1,1.0,1,1.0,1,0.1882830897612382,47
1486,3,3326,1098,2228,0,0,0,1.0,1,1.0,1,1.0,1,0.16069022584141623,49
1487,1,3327,1099,2228,0,0,0,1.0,1,1.0,1,1.0,1,0.1607068607914408,49
1488,2,3329,1100,2229,0,0,0,1.0,1,1.0,1,1.0,1,0.14590861389671805,51
1489,4,3333,1101,2232,0,0,0,1.0,1,1.0,1,1.0,1,0.15212421565782341,52
1490,1,3334,1102,2232,0,0,0,1.0,1,1.0,1,1.0,1,0.14277330988202125,52
1491,7,3341,1105,2236,0,0,0,1.0,1,1.0,1,1.0,1,0.15251710709149235,53
1492,7,3348,1108,2240,0,0,0,1.0,1,1.0,1,1.0,1,0.17708331989313475,53
1493,3,3351,1108,2243,0,0,0,1.0,1,1.0,1,1.0,1,0.16515950567793702,52
1494,3,3354,1110,2244,0,0,0,1.0,1,1.0,1,1.0,1,0.20285127683294643,50
1495,3,3357,1111,2246,0,0,0,1.0,1,1.0,1,1.0,1,0.22499976348760206,50
1496,12,3369,1112,2257,0,0,0,1.0,1,1.0,1,1.0,1,0.18283720890725438,52
1497,4,3373,1113,2260,0,0,0,1.0,1,1.0,1,1.0,1,0.19211829392570964,51
1498,3,3376,1113,2263,0,0,0,1.0,1,1.0,1,1.0,1,0.16873557700047898,50
1499,3,3379,1113,2266,0,0,0,1.0,1,1.0,1,1.0,1,0.15166893016947308,50
1500,2,3381,1113,2268,0,0,0,1.0,1,1.0,1,1.0,1,0.17168133542264896,49
1501,6,3387,1113,2274,0,0,0,1.0,1,1.0,1,1.0,1,0.13052714626223028,47
1502,4,3391,1116,2275,0,0,0,1.0,1,1.0,1,1.0,1,0.14201362286688496,47
1503,1,3392,1116,2276,0,0,0,1.0,1,1.0,1,1.0,1,0.10645134722588735,47
1504,4,3396,1120,2276,0,0,0,1.0,1,1.0,1,1.0,1,0.16945589745639456,48
1505,4,3400,1122,2278,0,0,0,1.0,1,1.0,1,1.0,1,0.17673268390387184,47
1506,5,3405,1122,2283,0,0,0,1.0,1,1.0,1,1.0,1,0.0906586959406075,47
1507,2,3407,1123,2284,0,0,0,1.0,1,1.0,1,1.0,1,0.11915090994335893,45
1508,4,3411,1124,2287,0,0,0,1.0,1,1.0,1,1.0,1,0.1544776631995445,45
1509,2,3413,1125,2288,0,0,0,1.0,1,1.0,1,1.0,1,0.16159021226998224,44
1510,5,3418,1128,2290,0,0,0,1.0,1,1.0,1,1.0,1,0.14980461588355326,42
1511,4,3422,1129,2293,0,0,0,1.0,1,1.0,1,1.0,1,0.12110069693754107,40
1512,6,3428,1133,2295,0,0,0,1.0,1,1.0,1,1.0,1,0.19661726561762577,39
1513,2,3430,1134,2296,0,0,0,1.0,1,1.0,1,1.0,1,0.17340556573577728,39
1514,1,3431,1134,2297,0,0,0,1.0,1,1.0,1,1.0,1,0.18532904503826095,38
1515,1,3432,1134,2298,0,0,0,1.0,1,1.0,1,1.0,1,0.19984457006762335,39
1516,3,3435,1134,2301,0,0,0,1.0,1,1.0,1,1.0,1,0.13525803043870077,39
1517,4,3439,1135,2304,0,0,0,1.0,1,1.0,1,1.0,1,0.12203616799709463,39
1518,4,3443,1135,2308,0,0,0,1.0,1,1.0,1,1.0,1,0.09813913305910743,39
1519,5,3448,1136,2312,0,0,0,1.0,1,1.0,1,1.0,1,0.13246255843679913,39
1520,11,3459,1138,2321,0,0,0,1.0,1,1.0,1,1.0,1,0.20042527972098692,39
1521,3,3462,1139,2323,0,0,0,1.0,1,1.0,1,1.0,1,0.18310211518553066,40
1522,1,3463,1140,2323,0,0,0,1.0,1,1.0,1,1.0,1,0.19684122940543064,40
1523,4,3467,1140,2327,0,0,0,1.0,1,1.0,1,1.0,1,0.13688442729403458,41
1524,1,3468,1140,2328,0,0,0,1.0,1,1.0,1,1.0,1,0.1668385516581469,42
1525,3,3471,1140,2331,0,0,0,1.0,1,1.0,1,1.0,1,0.18225816777544948,45
1526,2,3473,1140,2333,0,0,0,1.0,1,1.0,1,1.0,1,0.16833707790565092,46
1527,1,3474,1140,2334,0,0,0,1.0,1,1.0,1,1.0,1,0.1427388058712611,46
1528,0,3474,1140,2334,0,0,0,1.0,1,1.0,1,1.0,1,0.14938673361436097,47
1529,1,3475,1140,2335,0,0,0,1.0,1,1.0,1,1.0,1,0.11877489422150209,47
1530,2,3477,1140,2337,0,0,0,1.0,1,1.0,1,1.0,1,0.10746936721154808,48
1531,0,3477,1140,2337,0,0,0,1.0,1,1.0,1,1.0,1,0.1260882572678542,46
1532,2,3479,1141,2338,0,0,0,1.0,1,1.0,1,1.0,1,0.11278723405885974,47
1533,0,3479,1141,2338,0,0,0,1.0,1,1.0,1,1.0,1,0.11931644470538709,46
1534,0,3479,1141,2338,0,0,0,1.0,1,1.0,1,1.0,1,0.11270990172186478,47
1535,1,3480,1141,2339,0,0,0,1.0,1,1.0,1,1.0,1,0.09261788564696194,47
1536,1,3481,1141,2340,0,0,0,1.0,1,1.0,1,1.0,1,0.08361647387793533,48
1537,0,3481,1141,2340,0,0,0,1.0,1,1.0,1,1.0,1,0.10494355023993394,46
1538,1,3482,1141,2341,0,0,0,1.0,1,1.0,1,1.0,1,0.1112861864026413,47
1539,1,3483,1141,2342,0,0,0,1.0,1,1.0,1,1.0,1,0.13045560395760014,47
1540,1,3484,1142,2342,0,0,0,1.0,1,1.0,1,1.0,1,0.14444428062687165,47
1541,3,3487,1142,2345,0,0,0,1.0,1,1.0,1,1.0,1,0.07760690958195196,47
1542,5,3492,1145,2347,0,0,0,1.0,1,1.0,1,1.0,1,0.11475243043663874,50
1543,2,3494,1147,2347,0,0,0,1.0,1,1.0,1,1.0,1,0.11043252936684915,47
1544,5,3499,1150,2349,0,0,0,1.0,1,1.0,1,1.0,1,0.15999171830207193,48
1545,3,3502,1151,2351,0,0,0,1.0,1,1.0,1,1.0,1,0.11030660286813852,47
1546,2,3504,1152,2352,0,0,0,1.0,1,1.0,1,1.0,1,0.1364031068539016,47
1547,5,3509,1155,2354,0,0,0,1.0,1,1.0,1,1.0,1,0.12594399328109496,47
1548,2,3511,1157,2354,0,0,0,1.0,1,1.0,1,1.0,1,0.14948262371235269,47
1549,5,3516,1160,2356,0,0,0,1.0,1,1.0,1,1.0,1,0.14858689566567748,46
1550,3,3519,1162,2357,0,0,0,1.0,1,1.0,1,1.0,1,0.18690485379896277,44
1551,8,3527,1162,2365,0,0,0,1.0,1,1.0,1,1.0,1,0.10450107704089827,45
1552,4,3531,1164,2367,0,0,0,1.0,1,1.0,1,1.0,1,0.10343929203282316,43
1553,3,3534,1165,2369,0,0,0,1.0,1,1.0,1,1.0,1,0.12919558802566322,43
1554,1,3535,1165,2370,0,0,0,1.0,1,1.0,1,1.0,1,0.11064939879467277,41
1555,2,3537,1166,2371,0,0,0,1.0,1,1.0,1,1.0,1,0.16374007943321456,44
1556,6,3543,1167,2376,0,0,0,1.0,1,1.0,1,1.0,1,0.09927112767995051,45
1557,0,3543,1167,2376,0,0,0,1.0,1,1.0,1,1.0,1,0.09927112767995051,45
1558,3,3546,1167,2379,0,0,0,1.0,1,1.0,1,1.0,1,0.09172542343645584,46
1559,5,3551,1169,2382,0,0,0,1.0,1,1.0,1,1.0,1,0.08658628811097319,47
1560,2,3553,1171,2382,0,0,0,1.0,1,1.0,1,1.0,1,0.1287304566454325,46
1561,3,3556,1171,2385,0,0,0,1.0,1,1.0,1,1.0,1,0.0777632842498635,47
1562,1,3557,1171,2386,0,0,0,1.0,1,1.0,1,1.0,1,0.08245651795190669,47
1563,0,3557,1171,2386,0,0,0,1.0,1,1.0,1,1.0,1,0.08245651795190669,47
1564,0,3557,1171,2386,0,0,0,1.0,1,1.0,1,1.0,1,0.08245651795190669,47
1565,2,3559,1171,2388,0,0,0,1.0,1,1.0,1,1.0,1,0.1081735460771993,48
1566,2,3561,1171,2390,0,0,0,1.0,1,1.0,1,1.0,1,0.07755898795703109,48
1567,2,3563,1171,2392,0,0,0,1.0,1,1.0,1,1.0,1,0.10786773359778505,48
1568,2,3565,1172,2393,0,0,0,1.0,1,1.0,1,1.0,1,0.10725277252031236,48
1569,0,3565,1172,2393,0,0,0,1.0,1,1.0,1,1.0,1,0.07261876188509822,45
1570,0,3565,1172,2393,0,0,0,1.0,1,1.0,1,1.0,1,0.05926747618942431,44
1571,3,3568,1175,2393,0,0,0,1.0,1,1.0,1,1.0,1,0.11127557038428064,42
1572,5,3573,1177,2396,0,0,0,1.0,1,1.0,1,1.0,1,0.16606430877923176,43
1573,4,3577,1179,2398,0,0,0,1.0,1,1.0,1,1.0,1,0.18969423535911148,43
1574,5,3582,1182,2400,0,0,0,1.0,1,1.0,1,1.0,1,0.20513429996267188,42
1575,1,3583,1182,2401,0,0,0,1.0,1,1.0,1,1.0,1,0.18323286210969605,43
1576,7,3590,1184,2406,0,0,0,1.0,1,1.0,1,1.0,1,0.12894031457973845,41
1577,2,3592,1185,2407,0,0,0,1.0,1,1.0,1,1.0,1,0.14036554202137425,40
1578,0,3592,1185,2407,0,0,0,1.0,1,1.0,1,1.0,1,0.13883673185428066,40
1579,2,3594,1185,2409,0,0,0,1.0,1,1.0,1,1.0,1,0.14779021971155126,40
1580,1,3595,1185,2410,0,0,0,1.0,1,1.0,1,1.0,1,0.13328766727846103,40
1581,3,3598,1187,2411,0,0,0,1.0,1,1.0,1,1.0,1,0.15218525341483732,40
1582,2,3600,1188,2412,0,0,0,1.0,1,1.0,1,1.0,1,0.17768534303498248,40
1583,1,3601,1189,2412,0,0,0,1.0,1,1.0,1,1.0,1,0.20799424970435162,38
1584,4,3605,1191,2414,0,0,0,1.0,1,1.0,1,1.0,1,0.1598208411579653,39
1585,4,3609,1194,2415,0,0,0,1.0,1,1.0,1,1.0,1,0.12992882507064785,38
1586,5,3614,1195,2419,0,0,0,1.0,1,1.0,1,1.0,1,0.0916130735919702,38
1587,2,3616,1197,2419,0,0,0,1.0,1,1.0,1,1.0,1,0.1367619169308596,37
1588,3,3619,1199,2420,0,0,0,1.0,1,1.0,1,1.0,1,0.13975868030443378,39
1589,2,3621,1201,2420,0,0,0,1.0,1,1.0,1,1.0,1,0.1712592777077154,37
1590,2,3623,1202,2421,0,0,0,1.0,1,1.0,1,1.0,1,0.16212086246075044,37
1591,6,3629,1204,2425,0,0,0,1.0,1,1.0,1,1.0,1,0.14116969830740855,36
1592,0,3629,1204,2425,0,0,0,1.0,1,1.0,1,1.0,1,0.18240535362434537,34
1593,1,3630,1205,2425,0,0,0,1.0,1,1.0,1,1.0,1,0.19231734607246978,33
1594,0,3630,1205,2425,0,0,0,1.0,1,1.0,1,1.0,1,0.2579152151286065,31
1595,3,3633,1206,2427,0,0,0,1.0,1,1.0,1,1.0,1,0.20826493326666043,34
1596,3,3636,1206,2430,0,0,0,1.0,1,1.0,1,1.0,1,0.17358336592220197,33
1597,1,3637,1206,2431,0,0,0,1.0,1,1.0,1,1.0,1,0.14734190145605885,33
1598,2,3639,1207,2432,0,0,0,1.0,1,1.0,1,1.0,1,0.12848216945816876,33
1599,0,3639,1207,2432,0,0,0,1.0,1,1.0,1,1.0,1,0.12848216945816876,33
1600,2,3641,1208,2433,0,0,0,1.0,1,1.0,1,1.0,1,0.15454676297743303,34
1601,3,3644,1209,2435,0,0,0,1.0,1,1.0,1,1.0,1,0.151529890033202,35
1602,0,3644,1209,2435,0,0,0,1.0,1,1.0,1,1.0,1,0.1247298567067148,36
1603,4,3648,1211,2437,0,0,0,1.0,1,1.0,1,1.0,1,0.14907849148439611,38
1604,2,3650,1211,2439,0,0,0,1.0,1,1.0,1,1.0,1,0.13301418490130307,38
1605,2,3652,1211,2441,0,0,0,1.0,1,1.0,1,1.0,1,0.13336691051187366,38
1606,5,3657,1214,2443,0,0,0,1.0,1,1.0,1,1.0,1,0.18825555566283764,39
1607,1,3658,1214,2444,0,0,0,1.0,1,1.0,1,1.0,1,0.19600648810187363,37
1608,2,3660,1215,2445,0,0,0,1.0,1,1.0,1,1.0,1,0.21939272828372358,36
1609,1,3661,1215,2446,0,0,0,1.0,1,1.0,1,1.0,1,0.2055525963042055,34
1610,2,3663,1215,2448,0,0,0,1.0,1,1.0,1,1.0,1,0.2099186492246283,34
1611,8,3671,1216,2455,0,0,0,1.0,1,1.0,1,1.0,1,0.141228294571288,35
1612,0,3671,1216,2455,0,0,0,1.0,1,1.0,1,1.0,1,0.1360454275934104,33
1613,1,3672,1216,2456,0,0,0,1.0,1,1.0,1,1.0,1,0.1556365515347483,34
1614,1,3673,1216,2457,0,0,0,1.0,1,1.0,1,1.0,1,0.13915872670815943,35
1615,0,3673,1216,2457,0,0,0,1.0,1,1.0,1,1.0,1,0.13915872670815943,35
1616,2,3675,1217,2458,0,0,0,1.0,1,1.0,1,1.0,1,0.10675165928838766,37
1617,1,3676,1218,2458,0,0,0,1.0,1,1.0,1,1.0,1,0.1260516854660758,38
1618,1,3677,1218,2459,0,0,0,1.0,1,1.0,1,1.0,1,0.12508062362089553,38
1619,3,3680,1219,2461,0,0,0,1.0,1,1.0,1,1.0,1,0.12888409874472156,38
1620,2,3682,1220,2462,0,0,0,1.0,1,1.0,1,1.0,1,0.1487808912583407,39
1621,1,3683,1220,2463,0,0,0,1.0,1,1.0,1,1.0,1,0.14480497044469928,37
1622,3,3686,1221,2465,0,0,0,1.0,1,1.0,1,1.0,1,0.1428020544794084,37
1623,1,3687,1222,2465,0,0,0,1.0,1,1.0,1,1.0,1,0.155552109110096,37
1624,4,3691,1223,2468,0,0,0,1.0,1,1.0,1,1.0,1,0.1033017447953828,37
1625,2,3693,1224,2469,0,0,0,1.0,1,1.0,1,1.0,1,0.14141671357254873,35
1626,1,3694,1224,2470,0,0,0,1.0,1,1.0,1,1.0,1,0.09151022153225691,35
1627,1,3695,1225,2470,0,0,0,1.0,1,1.0,1,1.0,1,0.10790882218982693,34
1628,4,3699,1227,2472,0,0,0,1.0,1,1.0,1,1.0,1,0.13607858700861145,35
1629,2,3701,1229,2472,0,0,0,1.0,1,1.0,1,1.0,1,0.17080724727944216,34
1630,0,3701,1229,2472,0,0,0,1.0,1,1.0,1,1.0,1,0.16143285269625357,32
1631,2,3703,1229,2474,0,0,0,1.0,1,1.0,1,1.0,1,0.1077162711998933,33
1632,0,3703,1229,2474,0,0,0,1.0,1,1.0,1,1.0,1,0.1437389952345353,32
1633,0,3703,1229,2474,0,0,0,1.0,1,1.0,1,1.0,1,0.163272121201373,31
1634,0,3703,1229,2474,0,0,0,1.0,1,1.0,1,1.0,1,0.163272121201373,31
1635,0,3703,1229,2474,0,0,0,1.0,1,1.0,1,1.0,1,0.21531828702744873,31
1636,3,3706,1230,2476,0,0,0,1.0,1,1.0,1,1.0,1,0.1877761473783726,33
1637,0,3706,1230,2476,0,0,0,1.0,1,1.0,1,1.0,1,0.1877761473783726,33
1638,1,3707,1230,2477,0,0,0,1.0,1,1.0,1,1.0,1,0.1699508478276479,36
1639,0,3707,1230,2477,0,0,0,1.0,1,1.0,1,1.0,1,0.1699508478276479,36
1640,5,3712,1231,2481,0,0,0,1.0,1,1.0,1,1.0,1,0.12768940843273063,36
1641,2,3714,1231,2483,0,0,0,1.0,1,1.0,1,1.0,1,0.09023436929373538,38
1642,2,3716,1232,2484,0,0,0,1.0,1,1.0,1,1.0,1,0.12178336652053033,37
1643,2,3718,1234,2484,0,0,0,1.0,1,1.0,1,1.0,1,0.12907950982573715,37
1644,5,3723,1236,2487,0,0,0,1.0,1,1.0,1,1.0,1,0.2022949977856241,38
1645,0,3723,1236,2487,0,0,0,1.0,1,1.0,1,1.0,1,0.19688037764787134,36
1646,1,3724,1236,2488,0,0,0,1.0,1,1.0,1,1.0,1,0.18990159942501889,37
1647,1,3725,1237,2488,0,0,0,1.0,1,1.0,1,1.0,1,0.25019862933444825,35
1648,2,3727,1237,2490,0,0,0,1.0,1,1.0,1,1.0,1,0.2355150906033255,38
1649,1,3728,1238,2490,0,0,0,1.0,1,1.0,1,1.0,1,0.2538818554461506,35
1650,0,3728,1238,2490,0,0,0,1.0,1,1.0,1,1.0,1,0.26933275388576605,34
1651,4,3732,1238,2494,0,0,0,1.0,1,1.0,1,1.0,1,0.21425601649295128,32
1652,1,3733,1238,2495,0,0,0,1.0,1,1.0,1,1.0,1,0.22091667727687236,33
1653,1,3734,1238,2496,0,0,0,1.0,1,1.0,1,1.0,1,0.23461385892706113,33
1654,0,3734,1238,2496,0,0,0,1.0,1,1.0,1,1.0,1,0.2507463776442816,34
1655,5,3739,1238,2501,0,0,0,1.0,1,1.0,1,1.0,1,0.1440501537554328,35
1656,1,3740,1238,2502,0,0,0,1.0,1,1.0,1,1.0,1,0.08851627231317792,35
1657,1,3741,1239,2502,0,0,0,1.0,1,1.0,1,1.0,1,0.1374283274779084,36
1658,2,3743,1240,2503,0,0,0,1.0,1,1.0,1,1.0,1,0.14236132261177742,36
1659,0,3743,1240,2503,0,0,0,1.0,1,1.0,1,1.0,1,0.14236132261177742,36
1660,3,3746,1243,2503,0,0,0,1.0,1,1.0,1,1.0,1,0.17639915464114375,38
1661,3,3749,1243,2506,0,0,0,1.0,1,1.0,1,1.0,1,0.11380452932286621,38
1662,3,3752,1245,2507,0,0,0,1.0,1,1.0,1,1.0,1,0.11738284824514524,39
1663,2,3754,1246,2508,0,0,0,1.0,1,1.0,1,1.0,1,0.15019613396362216,40
1664,3,3757,1248,2509,0,0,0,1.0,1,1.0,1,1.0,1,0.17231803879244337,39
1665,2,3759,1248,2511,0,0,0,1.0,1,1.0,1,1.0,1,0.14794181917637658,40
1666,2,3761,1248,2513,0,0,0,1.0,1,1.0,1,1.0,1,0.15683132283998535,40
1667,5,3766,1250,2516,0,0,0,1.0,1,1.0,1,1.0,1,0.15048917185754437,40
1668,1,3767,1251,2516,0,0,0,1.0,1,1.0,1,1.0,1,0.16479248827334084,41
1669,3,3770,1251,2519,0,0,0,1.0,1,1.0,1,1.0,1,0.15223451055072235,40
1670,3,3773,1251,2522,0,0,0,1.0,1,1.0,1,1.0,1,0.15126357091673176,40
1671,4,3777,1251,2526,0,0,0,1.0,1,1.0,1,1.0,1,0.0908527885293858,41
1672,3,3780,1253,2527,0,0,0,1.0,1,1.0,1,1.0,1,0.1256483860370646,40
1673,1,3781,1254,2527,0,0,0,1.0,1,1.0,1,1.0,1,0.15720917019960162,39
1674,0,3781,1254,2527,0,0,0,1.0,1,1.0,1,1.0,1,0.1686891204141636,40
1675,0,3781,1254,2527,0,0,0,1.0,1,1.0,1,1.0,1,0.21333536181487225,38
1676,4,3785,1255,2530,0,0,0,1.0,1,1.0,1,1.0,1,0.12264756628066889,39
1677,0,3785,1255,2530,0,0,0,1.0,1,1.0,1,1.0,1,0.12383848205645087,39
1678,0,3785,1255,2530,0,0,0,1.0,1,1.0,1,1.0,1,0.12383848205645087,39
1679,2,3787,1256,2531,0,0,0,1.0,1,1.0,1,1.0,1,0.13537178817108686,39
1680,2,3789,1257,2532,0,0,0,1.0,1,1.0,1,1.0,1,0.1594657194619982,41
1681,5,3794,1257,2537,0,0,0,1.0,1,1.0,1,1.0,1,0.05884735469101608,41
1682,4,3798,1259,2539,0,0,0,1.0,1,1.0,1,1.0,1,0.11420768797623504,43
1683,3,3801,1261,2540,0,0,0,1.0,1,1.0,1,1.0,1,0.1401205725738071,43
1684,3,3804,1262,2542,0,0,0,1.0,1,1.0,1,1.0,1,0.11817266865568796,42
1685,1,3805,1263,2542,0,0,0,1.0,1,1.0,1,1.0,1,0.1456223687939982,41
1686,4,3809,1264,2545,0,0,0,1.0,1,1.0,1,1.0,1,0.17361024365477914,41
1687,0,3809,1264,2545,0,0,0,1.0,1,1.0,1,1.0,1,0.1551640099200741,40
1688,1,3810,1265,2545,0,0,0,1.0,1,1.0,1,1.0,1,0.14888084843517263,39
1689,1,3811,1266,2545,0,0,0,1.0,1,1.0,1,1.0,1,0.18090219151932355,38
1690,3,3814,1267,2547,0,0,0,1.0,1,1.0,1,1.0,1,0.18064128387865994,38
1691,3,3817,1268,2549,0,0,0,1.0,1,1.0,1,1.0,1,0.18252846827211575,36
1692,2,3819,1269,2550,0,0,0,1.0,1,1.0,1,1.0,1,0.18104763051795728,36
1693,1,3820,1270,2550,0,0,0,1.0,1,1.0,1,1.0,1,0.19930831246303995,35
1694,1,3821,1270,2551,0,0,0,1.0,1,1.0,1,1.0,1,0.17055814619635773,33
1695,0,3821,1270,2551,0,0,0,1.0,1,1.0,1,1.0,1,0.1731853754741244,34
1696,2,3823,1271,2552,0,0,0,1.0,1,1.0,1,1.0,1,0.20414627137147195,35
1697,0,3823,1271,2552,0,0,0,1.0,1,1.0,1,1.0,1,0.21968775958895864,36
1698,3,3826,1273,2553,0,0,0,1.0,1,1.0,1,1.0,1,0.21192782093615437,38
1699,1,3827,1274,2553,0,0,0,1.0,1,1.0,1,1.0,1,0.23031702662115522,38
1700,3,3830,1274,2556,0,0,0,1.0,1,1.0,1,1.0,1,0.20775865594636422,39
1701,2,3832,1274,2558,0,0,0,1.0,1,1.0,1,1.0,1,0.17666741524826246,40
1702,2,3834,1275,2559,0,0,0,1.0,1,1.0,1,1.0,1,0.21893531254862075,41
1703,4,3838,1276,2562,0,0,0,1.0,1,1.0,1,1.0,1,0.2037748931397649,41
1704,5,3843,1279,2564,0,0,0,1.0,1,1.0,1,1.0,1,0.16693768995899974,41
1705,2,3845,1280,2565,0,0,0,1.0,1,1.0,1,1.0,1,0.13921466819655132,40
1706,2,3847,1281,2566,0,0,0,1.0,1,1.0,1,1.0,1,0.11555440226462999,40
1707,3,3850,1282,2568,0,0,0,1.0,1,1.0,1,1.0,1,0.1255893427188976,39
1708,1,3851,1283,2568,0,0,0,1.0,1,1.0,1,1.0,1,0.14187856576099198,39
1709,0,3851,1283,2568,0,0,0,1.0,1,1.0,1,1.0,1,0.1445270788111666,38
1710,6,3857,1287,2570,0,0,0,1.0,1,1.0,1,1.0,1,0.19383115088433747,39
1711,1,3858,1287,2571,0,0,0,1.0,1,1.0,1,1.0,1,0.1676776450392639,38
1712,2,3860,1289,2571,0,0,0,1.0,1,1.0,1,1.0,1,0.191143723274989,38
1713,2,3862,1289,2573,0,0,0,1.0,1,1.0,1,1.0,1,0.13732350502982968,37
1714,0,3862,1289,2573,0,0,0,1.0,1,1.0,1,1.0,1,0.15419303432799522,38
1715,2,3864,1290,2574,0,0,0,1.0,1,1.0,1,1.0,1,0.14579724599963656,40
1716,1,3865,1291,2574,0,0,0,1.0,1,1.0,1,1.0,1,0.1843634363928066,39
1717,0,3865,1291,2574,0,0,0,1.0,1,1.0,1,1.0,1,0.17065959267441005,38
1718,0,3865,1291,2574,0,0,0,1.0,1,1.0,1,1.0,1,0.1998277109660724,38
1719,0,3865,1291,2574,0,0,0,1.0,1,1.0,1,1.0,1,0.1998277109660724,38
1720,2,3867,1292,2575,0,0,0,1.0,1,1.0,1,1.0,1,0.20867680167939265,41
1721,0,3867,1292,2575,0,0,0,1.0,1,1.0,1,1.0,1,0.17779557922727413,39
1722,7,3874,1294,2580,0,0,0,1.0,1,1.0,1,1.0,1,0.11690117303943023,40
1723,2,3876,1295,2581,0,0,0,1.0,1,1.0,1,1.0,1,0.0950850829726635,38
1724,0,3876,1295,2581,0,0,0,1.0,1,1.0,1,1.0,1,0.11445039728713634,37
1725,1,3877,1295,2582,0,0,0,1.0,1,1.0,1,1.0,1,0.11509443299245282,38
1726,1,3878,1295,2583,0,0,0,1.0,1,1.0,1,1.0,1,0.11213116356243806,37
1727,0,3878,1295,2583,0,0,0,1.0,1,1.0,1,1.0,1,0.11213116356243806,37
1728,0,3878,1295,2583,0,0,0,1.0,1,1.0,1,1.0,1,0.13641662389196865,35
1729,1,3879,1296,2583,0,0,0,1.0,1,1.0,1,1.0,1,0.12914365947778808,37
1730,1,3880,1297,2583,0,0,0,1.0,1,1.0,1,1.0,1,0.13388238873894504,37
1731,1,3881,1298,2583,0,0,0,1.0,1,1.0,1,1.0,1,0.1464493213383463,37
1732,3,3884,1298,2586,0,0,0,1.0,1,1.0,1,1.0,1,0.13458167007719202,37
1733,3,3887,1300,2587,0,0,0,1.0,1,1.0,1,1.0,1,0.12946873196557546,36
1734,0,3887,1300,2587,0,0,0,1.0,1,1.0,1,1.0,1,0.14727289716087122,35
1735,3,3890,1302,2588,0,0,0,1.0,1,1.0,1,1.0,1,0.1735161820587817,34
1736,4,3894,1302,2592,0,0,0,1.0,1,1.0,1,1.0,1,0.11325336099702571,35
1737,3,3897,1304,2593,0,0,0,1.0,1,1.0,1,1.0,1,0.13967606522132517,36
1738,1,3898,1304,2594,0,0,0,1.0,1,1.0,1,1.0,1,0.14248896572950157,37
1739,3,3901,1305,2596,0,0,0,1.0,1,1.0,1,1.0,1,0.13065887316681438,38
1740,2,3903,1305,2598,0,0,0,1.0,1,1.0,1,1.0,1,0.14855063063755883,37
1741,2,3905,1305,2600,0,0,0,1.0,1,1.0,1,1.0,1,0.12162400092689286,38
1742,1,3906,1306,2600,0,0,0,1.0,1,1.0,1,1.0,1,0.15999352982454054,39
1743,2,3908,1308,2600,0,0,0,1.0,1,1.0,1,1.0,1,0.15991715105023654,37
1744,6,3914,1312,2602,0,0,0,1.0,1,1.0,1,1.0,1,0.23357453632013353,38
1745,4,3918,1312,2606,0,0,0,1.0,1,1.0,1,1.0,1,0.21610014617628978,37
1746,5,3923,1312,2611,0,0,0,1.0,1,1.0,1,1.0,1,0.12569845745327218,38
1747,1,3924,1312,2612,0,0,0,1.0,1,1.0,1,1.0,1,0.09795917867599042,38
1748,4,3928,1313,2615,0,0,0,1.0,1,1.0,1,1.0,1,0.11003001752797913,38
1749,0,3928,1313,2615,0,0,0,1.0,1,1.0,1,1.0,1,0.12954547348326106,37
1750,0,3928,1313,2615,0,0,0,1.0,1,1.0,1,1.0,1,0.13169848256886224,39
1751,1,3929,1313,2616,0,0,0,1.0,1,1.0,1,1.0,1,0.08690287351115665,38
1752,0,3929,1313,2616,0,0,0,1.0,1,1.0,1,1.0,1,0.08735887173224115,39
1753,0,3929,1313,2616,0,0,0,1.0,1,1.0,1,1.0,1,0.07978040052455046,40
1754,4,3933,1314,2619,0,0,0,1.0,1,1.0,1,1.0,1,0.12394252473929815,41
1755,1,3934,1314,2620,0,0,0,1.0,1,1.0,1,1.0,1,0.1431726897145292,41
1756,4,3938,1315,2623,0,0,0,1.0,1,1.0,1,1.0,1,0.10532801544033261,42
1757,1,3939,1316,2623,0,0,0,1.0,1,1.0,1,1.0,1,0.14868383390266493,42
1758,2,3941,1317,2624,0,0,0,1.0,1,1.0,1,1.0,1,0.13265497419629957,42
1759,1,3942,1318,2624,0,0,0,1.0,1,1.0,1,1.0,1,0.18609360947411335,39
1760,4,3946,1320,2626,0,0,0,1.0,1,1.0,1,1.0,1,0.2484339168399821,39
1761,7,3953,1321,2632,0,0,0,1.0,1,1.0,1,1.0,1,0.12188011026324394,38
1762,3,3956,1321,2635,0,0,0,1.0,1,1.0,1,1.0,1,0.11548286933938427,37
1763,2,3958,1322,2636,0,0,0,1.0,1,1.0,1,1.0,1,0.14363070667367264,37
1764,4,3962,1322,2640,0,0,0,1.0,1,1.0,1,1.0,1,0.10922409124132897,36
1765,2,3964,1322,2642,0,0,0,1.0,1,1.0,1,1.0,1,0.11168667843055975,37
1766,2,3966,1322,2644,0,0,0,1.0,1,1.0,1,1.0,1,0.09449687639618083,36
1767,1,3967,1323,2644,0,0,0,1.0,1,1.0,1,1.0,1,0.12659852777995984,36
1768,0,3967,1323,2644,0,0,0,1.0,1,1.0,1,1.0,1,0.12659852777995984,36
1769,3,3970,1324,2646,0,0,0,1.0,1,1.0,1,1.0,1,0.11731895173616591,38
1770,0,3970,1324,2646,0,0,0,1.0,1,1.0,1,1.0,1,0.11731895173616591,38
1771,0,3970,1324,2646,0,0,0,1.0,1,1.0,1,1.0,1,0.11731895173616591,38
1772,0,3970,1324,2646,0,0,0,1.0,1,1.0,1,1.0,1,0.09209750898027945,40
1773,0,3970,1324,2646,0,0,0,1.0,1,1.0,1,1.0,1,0.10470691055239036,40
1774,0,3970,1324,2646,0,0,0,1.0,1,1.0,1,1.0,1,0.10470691055239036,40
1775,1,3971,1324,2647,0,0,0,1.0,1,1.0,1,1.0,1,0.09772583726972499,41
1776,0,3971,1324,2647,0,0,0,1.0,1,1.0,1,1.0,1,0.09894533462499339,43
1777,2,3973,1325,2648,0,0,0,1.0,1,1.0,1,1.0,1,0.07265147528394,44
1778,2,3975,1327,2648,0,0,0,1.0,1,1.0,1,1.0,1,0.11667148687946467,44
1779,1,3976,1327,2649,0,0,0,1.0,1,1.0,1,1.0,1,0.08628480627582637,44
1780,2,3978,1327,2651,0,0,0,1.0,1,1.0,1,1.0,1,0.07399569457480995,46
1781,1,3979,1327,2652,0,0,0,1.0,1,1.0,1,1.0,1,0.053238603641606354,46
1782,1,3980,1328,2652,0,0,0,1.0,1,1.0,1,1.0,1,0.0814242654041487,45
1783,2,3982,1330,2652,0,0,0,1.0,1,1.0,1,1.0,1,0.11764126206611071,44
1784,2,3984,1332,2652,0,0,0,1.0,1,1.0,1,1.0,1,0.16514363708450808,44
1785,6,3990,1335,2655,0,0,0,1.0,1,1.0,1,1.0,1,0.14403388031183514,42
1786,8,3998,1338,2660,0,0,0,1.0,1,1.0,1,1.0,1,0.14402916579038622,42
1787,1,3999,1338,2661,0,0,0,1.0,1,1.0,1,1.0,1,0.18742186492958615,41
1788,4,4003,1340,2663,0,0,0,1.0,1,1.0,1,1.0,1,0.1951891234332532,41
1789,1,4004,1340,2664,0,0,0,1.0,1,1.0,1,1.0,1,0.1787596124864066,41
1790,3,4007,1342,2665,0,0,0,1.0,1,1.0,1,1.0,1,0.1759025318831631,41
1791,5,4012,1342,2670,0,0,0,1.0,1,1.0,1,1.0,1,0.09419708557308466,41
1792,0,4012,1342,2670,0,0,0,1.0,1,1.0,1,1.0,1,0.09049360659107007,43
1793,2,4014,1343,2671,0,0,0,1.0,1,1.0,1,1.0,1,0.1271883506854764,43
1794,2,4016,1345,2671,0,0,0,1.0,1,1.0,1,1.0,1,0.10386359054464397,41
1795,2,4018,1347,2671,0,0,0,1.0,1,1.0,1,1.0,1,0.15424644331213921,41
1796,4,4022,1348,2674,0,0,0,1.0,1,1.0,1,1.0,1,0.1072792417541903,40
1797,2,4024,1349,2675,0,0,0,1.0,1,1.0,1,1.0,1,0.1842655049872068,38
1798,5,4029,1350,2679,0,0,0,1.0,1,1.0,1,1.0,1,0.140809904386938,38
1799,1,4030,1351,2679,0,0,0,1.0,1,1.0,1,1.0,1,0.15860195113293166,37
1800,1,4031,1352,2679,0,0,0,1.0,1,1.0,1,1.0,1,0.20737201018426807,35
1801,3,4034,1353,2681,0,0,0,1.0,1,1.0,1,1.0,1,0.1675436611418191,34
1802,1,4035,1353,2682,0,0,0,1.0,1,1.0,1,1.0,1,0.12623842448810177,33
1803,0,4035,1353,2682,0,0,0,1.0,1,1.0,1,1.0,1,0.12623842448810177,33
1804,1,4036,1354,2682,0,0,0,1.0,1,1.0,1,1.0,1,0.12434674722654983,33
1805,0,4036,1354,2682,0,0,0,1.0,1,1.0,1,1.0,1,0.13586697827661304,35
1806,5,4041,1356,2685,0,0,0,1.0,1,1.0,1,1.0,1,0.11424250935723913,36
1807,0,4041,1356,2685,0,0,0,1.0,1,1.0,1,1.0,1,0.12475625405211035,35
1808,1,4042,1357,2685,0,0,0,1.0,1,1.0,1,1.0,1,0.13356450746476722,37
1809,0,4042,1357,2685,0,0,0,1.0,1,1.0,1,1.0,1,0.15874650407382226,35
1810,2,4044,1358,2686,0,0,0,1.0,1,1.0,1,1.0,1,0.2157396509836165,36
1811,3,4047,1359,2688,0,0,0,1.0,1,1.0,1,1.0,1,0.24844738930243052,34
1812,3,4050,1359,2691,0,0,0,1.0,1,1.0,1,1.0,1,0.20043650397418497,36
1813,0,4050,1359,2691,0,0,0,1.0,1,1.0,1,1.0,1,0.22348105219517198,35
1814,1,4051,1359,2692,0,0,0,1.0,1,1.0,1,1.0,1,0.23395541868743622,36
1815,0,4051,1359,2692,0,0,0,1.0,1,1.0,1,1.0,1,0.2466756954083396,35
1816,1,4052,1359,2693,0,0,0,1.0,1,1.0,1,1.0,1,0.2297423388483103,35
1817,1,4053,1359,2694,0,0,0,1.0,1,1.0,1,1.0,1,0.21692525046934608,35
1818,3,4056,1361,2695,0,0,0,1.0,1,1.0,1,1.0,1,0.17838722466994242,36
1819,4,4060,1363,2697,0,0,0,1.0,1,1.0,1,1.0,1,0.18111932454679994,37
1820,1,4061,1363,2698,0,0,0,1.0,1,1.0,1,1.0,1,0.21782677961253952,37
1821,4,4065,1364,2701,0,0,0,1.0,1,1.0,1,1.0,1,0.1333795960147654,38
1822,5,4070,1366,2704,0,0,0,1.0,1,1.0,1,1.0,1,0.12479726366848246,37
1823,4,4074,1369,2705,0,0,0,1.0,1,1.0,1,1.0,1,0.1700504280939524,36
1824,5,4079,1373,2706,0,0,0,1.0,1,1.0,1,1.0,1,0.22541167785569033,36
1825,3,4082,1374,2708,0,0,0,1.0,1,1.0,1,1.0,1,0.1527954644594372,34
1826,1,4083,1374,2709,0,0,0,1.0,1,1.0,1,1.0,1,0.14942028627289486,35
1827,2,4085,1375,2710,0,0,0,1.0,1,1.0,1,1.0,1,0.14499121927493536,34
1828,2,4087,1377,2710,0,0,0,1.0,1,1.0,1,1.0,1,0.15298990819174024,33
1829,0,4087,1377,2710,0,0,0,1.0,1,1.0,1,1.0,1,0.13913515896755857,31
1830,2,4089,1379,2710,0,0,0,1.0,1,1.0,1,1.0,1,0.190475423709843,31
1831,4,4093,1381,2712,0,0,0,1.0,1,1.0,1,1.0,1,0.1361447224833238,30
1832,0,4093,1381,2712,0,0,0,1.0,1,1.0,1,1.0,1,0.12480789323024813,29
1833,4,4097,1384,2713,0,0,0,1.0,1,1.0,1,1.0,1,0.22894985459563708,28
1834,1,4098,1385,2713,0,0,0,1.0,1,1.0,1,1.0,1,0.25087734148047725,27
1835,3,4101,1387,2714,0,0,0,1.0,1,1.0,1,1.0,1,0.29432415175835624,26
1836,7,4108,1387,2721,0,0,0,1.0,1,1.0,1,1.0,1,0.13077835233501056,26
1837,1,4109,1387,2722,0,0,0,1.0,1,1.0,1,1.0,1,0.17653533556652704,25
1838,3,4112,1387,2725,0,0,0,1.0,1,1.0,1,1.0,1,0.18323199971227527,25
1839,2,4114,1387,2727,0,0,0,1.0,1,1.0,1,1.0,1,0.1946844507142708,24
1840,2,4116,1388,2728,0,0,0,1.0,1,1.0,1,1.0,1,0.3261899931995077,23
1841,2,4118,1388,2730,0,0,0,1.0,1,1.0,1,1.0,1,0.258441363363122,22
1842,2,4120,1389,2731,0,0,0,1.0,1,1.0,1,1.0,1,0.27211037796725196,23
1843,1,4121,1389,2732,0,0,0,1.0,1,1.0,1,1.0,1,0.2453426275233208,23
1844,1,4122,1389,2733,0,0,0,1.0,1,1.0,1,1.0,1,0.22755277349579692,23
1845,1,4123,1390,2733,0,0,0,1.0,1,1.0,1,1.0,1,0.23379424166182552,23
1846,1,4124,1390,2734,0,0,0,1.0,1,1.0,1,1.0,1,0.20160208845957855,23
1847,0,4124,1390,2734,0,0,0,1.0,1,1.0,1,1.0,1,0.2138786453994524,24
1848,0,4124,1390,2734,0,0,0,1.0,1,1.0,1,1.0,1,0.2138786453994524,24
1849,2,4126,1390,2736,0,0,0,1.0,1,1.0,1,1.0,1,0.1776154408226503,25
1850,0,4126,1390,2736,0,0,0,1.0,1,1.0,1,1.0,1,0.1776154408226503,25
1851,0,4126,1390,2736,0,0,0,1.0,1,1.0,1,1.0,1,0.1776154408226503,25
1852,0,4126,1390,2736,0,0,0,1.0,1,1.0,1,1.0,1,0.1776154408226503,25
1853,0,4126,1390,2736,0,0,0,1.0,1,1.0,1,1.0,1,0.21922959278340495,25
1854,0,4126,1390,2736,0,0,0,1.0,1,1.0,1,1.0,1,0.21922959278340495,25
1855,1,4127,1390,2737,0,0,0,1.0,1,1.0,1,1.0,1,0.2357319612755818,26
1856,1,4128,1391,2737,0,0,0,1.0,1,1.0,1,1.0,1,0.24292342320788807,27
1857,3,4131,1391,2740,0,0,0,1.0,1,1.0,1,1.0,1,0.23213788900565727,28
1858,1,4132,1391,2741,0,0,0,1.0,1,1.0,1,1.0,1,0.18138121471680654,28
1859,3,4135,1393,2742,0,0,0,1.0,1,1.0,1,1.0,1,0.23602099070315868,28
1860,0,4135,1393,2742,0,0,0,1.0,1,1.0,1,1.0,1,0.23602099070315868,28
1861,0,4135,1393,2742,0,0,0,1.0,1,1.0,1,1.0,1,0.23602099070315868,28
1862,0,4135,1393,2742,0,0,0,1.0,1,1.0,1,1.0,1,0.23602099070315868,28
1863,1,4136,1393,2743,0,0,0,1.0,1,1.0,1,1.0,1,0.23730602681166574,29
1864,2,4138,1395,2743,0,0,0,1.0,1,1.0,1,1.0,1,0.2113099212590614,27
1865,0,4138,1395,2743,0,0,0,1.0,1,1.0,1,1.0,1,0.2563191626765433,26
1866,4,4142,1396,2746,0,0,0,1.0,1,1.0,1,1.0,1,0.1996802356170083,26
1867,0,4142,1396,2746,0,0,0,1.0,1,1.0,1,1.0,1,0.1996802356170083,26
1868,0,4142,1396,2746,0,0,0,1.0,1,1.0,1,1.0,1,0.1996802356170083,26
1869,0,4142,1396,2746,0,0,0,1.0,1,1.0,1,1.0,1,0.1996802356170083,26
1870,0,4142,1396,2746,0,0,0,1.0,1,1.0,1,1.0,1,0.22322980684528548,27
1871,1,4143,1396,2747,0,0,0,1.0,1,1.0,1,1.0,1,0.18298242466975745,27
1872,0,4143,1396,2747,0,0,0,1.0,1,1.0,1,1.0,1,0.21601452524187098,25
1873,0,4143,1396,2747,0,0,0,1.0,1,1.0,1,1.0,1,0.21601452524187098,25
1874,1,4144,1396,2748,0,0,0,1.0,1,1.0,1,1.0,1,0.2741859398051366,25
1875,0,4144,1396,2748,0,0,0,1.0,1,1.0,1,1.0,1,0.2741859398051366,25
1876,1,4145,1396,2749,0,0,0,1.0,1,1.0,1,1.0,1,0.2092729016668429,26
1877,0,4145,1396,2749,0,0,0,1.0,1,1.0,1,1.0,1,0.21002412585888713,27
1878,4,4149,1398,2751,0,0,0,1.0,1,1.0,1,1.0,1,0.23802212589768013,28
1879,3,4152,1398,2754,0,0,0,1.0,1,1.0,1,1.0,1,0.212380311978914,29
1880,2,4154,1398,2756,0,0,0,1.0,1,1.0,1,1.0,1,0.20505463744559552,29
1881,1,4155,1398,2757,0,0,0,1.0,1,1.0,1,1.0,1,0.1778062933728551,29
1882,0,4155,1398,2757,0,0,0,1.0,1,1.0,1,1.0,1,0.17925337389418572,28
1883,0,4155,1398,2757,0,0,0,1.0,1,1.0,1,1.0,1,0.17925337389418572,28
1884,0,4155,1398,2757,0,0,0,1.0,1,1.0,1,1.0,1,0.17925337389418572,28
1885,0,4155,1398,2757,0,0,0,1.0,1,1.0,1,1.0,1,0.17925337389418572,28
1886,1,4156,1399,2757,0,0,0,1.0,1,1.0,1,1.0,1,0.2149867139981189,29
1887,0,4156,1399,2757,0,0,0,1.0,1,1.0,1,1.0,1,0.2149867139981189,29
1888,2,4158,1399,2759,0,0,0,1.0,1,1.0,1,1.0,1,0.2062223315831786,31
1889,0,4158,1399,2759,0,0,0,1.0,1,1.0,1,1.0,1,0.2062223315831786,31
1890,0,4158,1399,2759,0,0,0,1.0,1,1.0,1,1.0,1,0.2062223315831786,31
1891,0,4158,1399,2759,0,0,0,1.0,1,1.0,1,1.0,1,0.2263878727097121,32
1892,0,4158,1399,2759,0,0,0,1.0,1,1.0,1,1.0,1,0.2263878727097121,32
1893,0,4158,1399,2759,0,0,0,1.0,1,1.0,1,1.0,1,0.2263878727097121,32
1894,0,4158,1399,2759,0,0,0,1.0,1,1.0,1,1.0,1,0.21007466376270323,33
1895,3,4161,1400,2761,0,0,0,1.0,1,1.0,1,1.0,1,0.18238128264658426,35
1896,1,4162,1400,2762,0,0,0,1.0,1,1.0,1,1.0,1,0.18673816416807426,34
1897,0,4162,1400,2762,0,0,0,1.0,1,1.0,1,1.0,1,0.18673816416807426,34
1898,0,4162,1400,2762,0,0,0,1.0,1,1.0,1,1.0,1,0.18673816416807426,34
1899,0,4162,1400,2762,0,0,0,1.0,1,1.0,1,1.0,1,0.18673816416807426,34
1900,2,4164,1400,2764,0,0,0,1.0,1,1.0,1,1.0,1,0.14900345796612083,35
1901,0,4164,1400,2764,0,0,0,1.0,1,1.0,1,1.0,1,0.14900345796612083,35
1902,1,4165,1401,2764,0,0,0,1.0,1,1.0,1,1.0,1,0.1931346383114129,35
1903,0,4165,1401,2764,0,0,0,1.0,1,1.0,1,1.0,1,0.1931346383114129,35
1904,0,4165,1401,2764,0,0,0,1.0,1,1.0,1,1.0,1,0.1931346383114129,35
1905,0,4165,1401,2764,0,0,0,1.0,1,1.0,1,1.0,1,0.18271772255247373,37
1906,1,4166,1401,2765,0,0,0,1.0,1,1.0,1,1.0,1,0.15682713369910936,37
1907,0,4166,1401,2765,0,0,0,1.0,1,1.0,1,1.0,1,0.17842825294219308,39
1908,2,4168,1401,2767,0,0,0,1.0,1,1.0,1,1.0,1,0.13037146344970474,39
1909,1,4169,1401,2768,0,0,0,1.0,1,1.0,1,1.0,1,0.137776944085623,41
1910,0,4169,1401,2768,0,0,0,1.0,1,1.0,1,1.0,1,0.137776944085623,41
1911,2,4171,1401,2770,0,0,0,1.0,1,1.0,1,1.0,1,0.17969965413890243,40
1912,2,4173,1402,2771,0,0,0,1.0,1,1.0,1,1.0,1,0.1267680896870155,39
1913,2,4175,1403,2772,0,0,0,1.0,1,1.0,1,1.0,1,0.13241525931971476,40
1914,1,4176,1404,2772,0,0,0,1.0,1,1.0,1,1.0,1,0.16096939711339592,41
1915,3,4179,1405,2774,0,0,0,1.0,1,1.0,1,1.0,1,0.20398060696045942,42
1916,5,4184,1406,2778,0,0,0,1.0,1,1.0,1,1.0,1,0.1567364070037874,42
1917,1,4185,1407,2778,0,0,0,1.0,1,1.0,1,1.0,1,0.18990157344922748,41
1918,1,4186,1408,2778,0,0,0,1.0,1,1.0,1,1.0,1,0.21694344835478813,38
1919,2,4188,1409,2779,0,0,0,1.0,1,1.0,1,1.0,1,0.2648722967577861,38
1920,1,4189,1409,2780,0,0,0,1.0,1,1.0,1,1.0,1,0.25506225984191355,38
1921,2,4191,1410,2781,0,0,0,1.0,1,1.0,1,1.0,1,0.20899334651619483,39
1922,1,4192,1411,2781,0,0,0,1.0,1,1.0,1,1.0,1,0.22739195453538616,40
1923,2,4194,1411,2783,0,0,0,1.0,1,1.0,1,1.0,1,0.22568046268911718,41
1924,6,4200,1414,2786,0,0,0,1.0,1,1.0,1,1.0,1,0.2615194395151164,41
1925,2,4202,1414,2788,0,0,0,1.0,1,1.0,1,1.0,1,0.22943784449776505,41
1926,4,4206,1414,2792,0,0,0,1.0,1,1.0,1,1.0,1,0.17691615226333338,41
1927,0,4206,1414,2792,0,0,0,1.0,1,1.0,1,1.0,1,0.17691615226333338,41
1928,1,4207,1415,2792,0,0,0,1.0,1,1.0,1,1.0,1,0.17890720391833728,42
1929,0,4207,1415,2792,0,0,0,1.0,1,1.0,1,1.0,1,0.17750456348208496,41
1930,0,4207,1415,2792,0,0,0,1.0,1,1.0,1,1.0,1,0.17750456348208496,41
1931,1,4208,1415,2793,0,0,0,1.0,1,1.0,1,1.0,1,0.16910578205177396,41
1932,0,4208,1415,2793,0,0,0,1.0,1,1.0,1,1.0,1,0.16910578205177396,41
1933,3,4211,1416,2795,0,0,0,1.0,1,1.0,1,1.0,1,0.17165509647780736,43
1934,0,4211,1416,2795,0,0,0,1.0,1,1.0,1,1.0,1,0.17286786437176532,44
1935,2,4213,1416,2797,0,0,0,1.0,1,1.0,1,1.0,1,0.13827422002045345,45
1936,2,4215,1416,2799,0,0,0,1.0,1,1.0,1,1.0,1,0.12247423521495719,48
1937,1,4216,1417,2799,0,0,0,1.0,1,1.0,1,1.0,1,0.1590824110467275,48
1938,4,4220,1417,2803,0,0,0,1.0,1,1.0,1,1.0,1,0.1351331977036282,48
1939,0,4220,1417,2803,0,0,0,1.0,1,1.0,1,1.0,1,0.1351331977036282,48
1940,0,4220,1417,2803,0,0,0,1.0,1,1.0,1,1.0,1,0.1351331977036282,48
1941,0,4220,1417,2803,0,0,0,1.0,1,1.0,1,1.0,1,0.1351331977036282,48
1942,4,4224,1418,2806,0,0,0,1.0,1,1.0,1,1.0,1,0.14870932669096693,49
1943,0,4224,1418,2806,0,0,0,1.0,1,1.0,1,1.0,1,0.13752487160322127,48
1944,2,4226,1419,2807,0,0,0,1.0,1,1.0,1,1.0,1,0.15492822437291776,47
1945,3,4229,1421,2808,0,0,0,1.0,1,1.0,1,1.0,1,0.17250011549716351,46
1946,1,4230,1422,2808,0,0,0,1.0,1,1.0,1,1.0,1,0.19704848427947042,46
1947,4,4234,1424,2810,0,0,0,1.0,1,1.0,1,1.0,1,0.24136664883449754,45
1948,3,4237,1424,2813,0,0,0,1.0,1,1.0,1,1.0,1,0.20844700887277767,46
1949,5,4242,1426,2816,0,0,0,1.0,1,1.0,1,1.0,1,0.2569967723761229,42
1950,1,4243,1426,2817,0,0,0,1.0,1,1.0,1,1.0,1,0.25715583262040487,40
1951,5,4248,1429,2819,0,0,0,1.0,1,1.0,1,1.0,1,0.22817243553146008,39
1952,1,4249,1430,2819,0,0,0,1.0,1,1.0,1,1.0,1,0.2651271361343425,35
1953,6,4255,1433,2822,0,0,0,1.0,1,1.0,1,1.0,1,0.2301033187817754,36
1954,3,4258,1433,2825,0,0,0,1.0,1,1.0,1,1.0,1,0.20007881508418784,34
1955,1,4259,1433,2826,0,0,0,1.0,1,1.0,1,1.0,1,0.21126597789925325,35
1956,4,4263,1434,2829,0,0,0,1.0,1,1.0,1,1.0,1,0.162455326169506,37
1957,0,4263,1434,2829,0,0,0,1.0,1,1.0,1,1.0,1,0.162455326169506,37
1958,3,4266,1434,2832,0,0,0,1.0,1,1.0,1,1.0,1,0.10271507244720941,39
1959,0,4266,1434,2832,0,0,0,1.0,1,1.0,1,1.0,1,0.1276007074037721,41
1960,1,4267,1435,2832,0,0,0,1.0,1,1.0,1,1.0,1,0.15918309038522413,40
1961,4,4271,1436,2835,0,0,0,1.0,1,1.0,1,1.0,1,0.12754248258755693,41
1962,2,4273,1437,2836,0,0,0,1.0,1,1.0,1,1.0,1,0.1690364324318912,40
1963,1,4274,1437,2837,0,0,0,1.0,1,1.0,1,1.0,1,0.16817161284694282,41
1964,1,4275,1437,2838,0,0,0,1.0,1,1.0,1,1.0,1,0.18222601676400035,40
1965,0,4275,1437,2838,0,0,0,1.0,1,1.0,1,1.0,1,0.1589951460914894,41
1966,0,4275,1437,2838,0,0,0,1.0,1,1.0,1,1.0,1,0.1589951460914894,41
1967,4,4279,1438,2841,0,0,0,1.0,1,1.0,1,1.0,1,0.1443230630289014,42
1968,0,4279,1438,2841,0,0,0,1.0,1,1.0,1,1.0,1,0.17358018361851496,42
1969,2,4281,1440,2841,0,0,0,1.0,1,1.0,1,1.0,1,0.23075739382770788,43
1970,3,4284,1440,2844,0,0,0,1.0,1,1.0,1,1.0,1,0.2586013041147621,42
1971,4,4288,1440,2848,0,0,0,1.0,1,1.0,1,1.0,1,0.17133369583103947,42
1972,0,4288,1440,2848,0,0,0,1.0,1,1.0,1,1.0,1,0.17133369583103947,42
1973,0,4288,1440,2848,0,0,0,1.0,1,1.0,1,1.0,1,0.1800187881575562,43
1974,3,4291,1441,2850,0,0,0,1.0,1,1.0,1,1.0,1,0.1740874579979891,43
1975,1,4292,1441,2851,0,0,0,1.0,1,1.0,1,1.0,1,0.16961603784331886,43
1976,3,4295,1441,2854,0,0,0,1.0,1,1.0,1,1.0,1,0.13562414666677916,43
1977,4,4299,1441,2858,0,0,0,1.0,1,1.0,1,1.0,1,0.16071155190544734,48
1978,2,4301,1442,2859,0,0,0,1.0,1,1.0,1,1.0,1,0.16590817456754373,48
1979,3,4304,1442,2862,0,0,0,1.0,1,1.0,1,1.0,1,0.13792080360769332,49
1980,5,4309,1443,2866,0,0,0,1.0,1,1.0,1,1.0,1,0.1706902830562674,50
1981,5,4314,1445,2869,0,0,0,1.0,1,1.0,1,1.0,1,0.18166077561964597,50
1982,2,4316,1446,2870,0,0,0,1.0,1,1.0,1,1.0,1,0.16987295867913138,50
1983,0,4316,1446,2870,0,0,0,1.0,1,1.0,1,1.0,1,0.16871161709480878,49
1984,2,4318,1448,2870,0,0,0,1.0,1,1.0,1,1.0,1,0.1758079773329098,48
1985,1,4319,1449,2870,0,0,0,1.0,1,1.0,1,1.0,1,0.1614615535671767,46
1986,1,4320,1449,2871,0,0,0,1.0,1,1.0,1,1.0,1,0.14810264890436015,46
1987,2,4322,1451,2871,0,0,0,1.0,1,1.0,1,1.0,1,0.18338802130554724,42
1988,0,4322,1451,2871,0,0,0,1.0,1,1.0,1,1.0,1,0.19547590700347614,40
1989,2,4324,1453,2871,0,0,0,1.0,1,1.0,1,1.0,1,0.24455970631112595,38
1990,1,4325,1453,2872,0,0,0,1.0,1,1.0,1,1.0,1,0.19432465038191418,38
1991,4,4329,1456,2873,0,0,0,1.0,1,1.0,1,1.0,1,0.16545357241347192,38
1992,2,4331,1457,2874,0,0,0,1.0,1,1.0,1,1.0,1,0.1959429945609508,39
1993,4,4335,1459,2876,0,0,0,1.0,1,1.0,1,1.0,1,0.23804740119778883,38
1994,2,4337,1459,2878,0,0,0,1.0,1,1.0,1,1.0,1,0.23764640535873233,37
1995,4,4341,1461,2880,0,0,0,1.0,1,1.0,1,1.0,1,0.2534040312394163,37
1996,3,4344,1461,2883,0,0,0,1.0,1,1.0,1,1.0,1,0.20313040838398297,37
1997,2,4346,1461,2885,0,0,0,1.0,1,1.0,1,1.0,1,0.1765672596908154,35
1998,0,4346,1461,2885,0,0,0,1.0,1,1.0,1,1.0,1,0.17918213044182404,34
1999,2,4348,1461,2887,0,0,0,1.0,1,1.0,1,1.0,1,0.12047720111480109,35
2000,2,4350,1461,2889,0,0,0,1.0,1,1.0,1,1.0,1,0.14505882067368311,34
2001,1,4351,1462,2889,0,0,0,1.0,1,1.0,1,1.0,1,0.18644070985463668,35
2002,1,4352,1463,2889,0,0,0,1.0,1,1.0,1,1.0,1,0.2154792188153112,36
2003,2,4354,1463,2891,0,0,0,1.0,1,1.0,1,1.0,1,0.23092019683340362,37
2004,5,4359,1465,2894,0,0,0,1.0,1,1.0,1,1.0,1,0.21589805185857794,38
2005,2,4361,1465,2896,0,0,0,1.0,1,1.0,1,1.0,1,0.17743642207783855,38
2006,3,4364,1465,2899,0,0,0,1.0,1,1.0,1,1.0,1,0.1274520525858599,38
2007,0,4364,1465,2899,0,0,0,1.0,1,1.0,1,1.0,1,0.12422567984564538,40
2008,0,4364,1465,2899,0,0,0,1.0,1,1.0,1,1.0,1,0.12422567984564538,40
2009,2,4366,1466,2900,0,0,0,1.0,1,1.0,1,1.0,1,0.10962167892136039,41
2010,0,4366,1466,2900,0,0,0,1.0,1,1.0,1,1.0,1,0.10962167892136039,41
2011,0,4366,1466,2900,0,0,0,1.0,1,1.0,1,1.0,1,0.10962167892136039,41
2012,0,4366,1466,2900,0,0,0,1.0,1,1.0,1,1.0,1,0.10962167892136039,41
2013,0,4366,1466,2900,0,0,0,1.0,1,1.0,1,1.0,1,0.12139191429662019,43
2014,0,4366,1466,2900,0,0,0,1.0,1,1.0,1,1.0,1,0.13526540654183267,43
2015,1,4367,1467,2900,0,0,0,1.0,1,1.0,1,1.0,1,0.13433198195195153,43
2016,2,4369,1467,2902,0,0,0,1.0,1,1.0,1,1.0,1,0.12074278455416315,44
2017,2,4371,1467,2904,0,0,0,1.0,1,1.0,1,1.0,1,0.10344762812905914,45
2018,0,4371,1467,2904,0,0,0,1.0,1,1.0,1,1.0,1,0.11040599943869017,46
2019,0,4371,1467,2904,0,0,0,1.0,1,1.0,1,1.0,1,0.10150401485223066,47
2020,1,4372,1468,2904,0,0,0,1.0,1,1.0,1,1.0,1,0.11669903164636357,47
2021,2,4374,1469,2905,0,0,0,1.0,1,1.0,1,1.0,1,0.10447324246467458,47
2022,1,4375,1469,2906,0,0,0,1.0,1,1.0,1,1.0,1,0.1065159619652244,48
2023,6,4381,1472,2909,0,0,0,1.0,1,1.0,1,1.0,1,0.125036037235174,48
2024,4,4385,1476,2909,0,0,0,1.0,1,1.0,1,1.0,1,0.13727770599217337,45
2025,1,4386,1477,2909,0,0,0,1.0,1,1.0,1,1.0,1,0.21231369210281306,42
2026,9,4395,1481,2914,0,0,0,1.0,1,1.0,1,1.0,1,0.22906898134684028,44
2027,1,4396,1482,2914,0,0,0,1.0,1,1.0,1,1.0,1,0.25111979694806263,40
2028,2,4398,1483,2915,0,0,0,1.0,1,1.0,1,1.0,1,0.21292701737173525,39
2029,2,4400,1484,2916,0,0,0,1.0,1,1.0,1,1.0,1,0.22186432716375412,37
2030,1,4401,1485,2916,0,0,0,1.0,1,1.0,1,1.0,1,0.26471698730042753,34
2031,4,4405,1487,2918,0,0,0,1.0,1,1.0,1,1.0,1,0.20332082457506503,35
2032,5,4410,1489,2921,0,0,0,1.0,1,1.0,1,1.0,1,0.30308562291750857,34
2033,5,4415,1492,2923,0,0,0,1.0,1,1.0,1,1.0,1,0.2605957007754362,36
2034,2,4417,1492,2925,0,0,0,1.0,1,1.0,1,1.0,1,0.2811961056894487,34
2035,3,4420,1493,2927,0,0,0,1.0,1,1.0,1,1.0,1,0.25090133412523485,35
2036,4,4424,1494,2930,0,0,0,1.0,1,1.0,1,1.0,1,0.21918601962660464,34
2037,0,4424,1494,2930,0,0,0,1.0,1,1.0,1,1.0,1,0.20726311572541098,35
2038,0,4424,1494,2930,0,0,0,1.0,1,1.0,1,1.0,1,0.20131268453982243,36
2039,1,4425,1494,2931,0,0,0,1.0,1,1.0,1,1.0,1,0.1815060300251849,38
2040,0,4425,1494,2931,0,0,0,1.0,1,1.0,1,1.0,1,0.1815060300251849,38
2041,2,4427,1494,2933,0,0,0,1.0,1,1.0,1,1.0,1,0.1615919087631888,39
2042,2,4429,1494,2935,0,0,0,1.0,1,1.0,1,1.0,1,0.13374183303679452,39
2043,0,4429,1494,2935,0,0,0,1.0,1,1.0,1,1.0,1,0.13374183303679452,39
2044,0,4429,1494,2935,0,0,0,1.0,1,1.0,1,1.0,1,0.13374183303679452,39
2045,3,4432,1495,2937,0,0,0,1.0,1,1.0,1,1.0,1,0.10593710379586575,41
2046,1,4433,1495,2938,0,0,0,1.0,1,1.0,1,1.0,1,0.10685897851243273,42
2047,0,4433,1495,2938,0,0,0,1.0,1,1.0,1,1.0,1,0.10685897851243273,42
2048,1,4434,1495,2939,0,0,0,1.0,1,1.0,1,1.0,1,0.11426553227013692,43
2049,2,4436,1496,2940,0,0,0,1.0,1,1.0,1,1.0,1,0.12053710531744848,44
2050,0,4436,1496,2940,0,0,0,1.0,1,1.0,1,1.0,1,0.09657008900054417,44
2051,4,4440,1497,2943,0,0,0,1.0,1,1.0,1,1.0,1,0.09867861699570664,45
2052,0,4440,1497,2943,0,0,0,1.0,1,1.0,1,1.0,1,0.09867861699570664,45
2053,0,4440,1497,2943,0,0,0,1.0,1,1.0,1,1.0,1,0.09867861699570664,45
2054,0,4440,1497,2943,0,0,0,1.0,1,1.0,1,1.0,1,0.1081305762070175,46
2055,0,4440,1497,2943,0,0,0,1.0,1,1.0,1,1.0,1,0.1081305762070175,46
2056,4,4444,1498,2946,0,0,0,1.0,1,1.0,1,1.0,1,0.09416097633946106,46
2057,3,4447,1501,2946,0,0,0,1.0,1,1.0,1,1.0,1,0.1105181495100778,47
2058,6,4453,1504,2949,0,0,0,1.0,1,1.0,1,1.0,1,0.13893227946613063,47
2059,2,4455,1506,2949,0,0,0,1.0,1,1.0,1,1.0,1,0.15246839275077242,48
2060,5,4460,1508,2952,0,0,0,1.0,1,1.0,1,1.0,1,0.19196602891111442,50
2061,7,4467,1508,2959,0,0,0,1.0,1,1.0,1,1.0,1,0.05203925364960287,51
2062,3,4470,1511,2959,0,0,0,1.0,1,1.0,1,1.0,1,0.08962983843799123,49
2063,1,4471,1512,2959,0,0,0,1.0,1,1.0,1,1.0,1,0.10474875150552217,48
2064,2,4473,1513,2960,0,0,0,1.0,1,1.0,1,1.0,1,0.1343894158679921,45
2065,1,4474,1513,2961,0,0,0,1.0,1,1.0,1,1.0,1,0.12952904993244083,44
2066,5,4479,1513,2966,0,0,0,1.0,1,1.0,1,1.0,1,0.0566958423795827,42
2067,2,4481,1514,2967,0,0,0,1.0,1,1.0,1,1.0,1,0.11994174614502011,41
2068,2,4483,1515,2968,0,0,0,1.0,1,1.0,1,1.0,1,0.10711913191592677,40
2069,2,4485,1516,2969,0,0,0,1.0,1,1.0,1,1.0,1,0.11745301656183524,40
2070,2,4487,1516,2971,0,0,0,1.0,1,1.0,1,1.0,1,0.09911050712987939,40
2071,2,4489,1518,2971,0,0,0,1.0,1,1.0,1,1.0,1,0.09812254825382466,40
2072,1,4490,1518,2972,0,0,0,1.0,1,1.0,1,1.0,1,0.12315149582058584,41
2073,1,4491,1519,2972,0,0,0,1.0,1,1.0,1,1.0,1,0.123125358714879,41
2074,4,4495,1519,2976,0,0,0,1.0,1,1.0,1,1.0,1,0.15673592873437758,41
2075,4,4499,1519,2980,0,0,0,1.0,1,1.0,1,1.0,1,0.15673592873437758,41
2076,1,4500,1520,2980,0,0,0,1.0,1,1.0,1,1.0,1,0.13547354381405582,41
2077,1,4501,1521,2980,0,0,0,1.0,1,1.0,1,1.0,1,0.1385418085051105,40
2078,2,4503,1522,2981,0,0,0,1.0,1,1.0,1,1.0,1,0.13680385303627218,40
2079,1,4504,1522,2982,0,0,0,1.0,1,1.0,1,1.0,1,0.10691332254475674,39
2080,1,4505,1523,2982,0,0,0,1.0,1,1.0,1,1.0,1,0.13471915366836099,38
2081,4,4509,1524,2985,0,0,0,1.0,1,1.0,1,1.0,1,0.11693453475089714,40
2082,6,4515,1525,2990,0,0,0,1.0,1,1.0,1,1.0,1,0.11863077437181553,41
2083,6,4521,1527,2994,0,0,0,1.0,1,1.0,1,1.0,1,0.09934436536434965,40
2084,4,4525,1529,2996,0,0,0,1.0,1,1.0,1,1.0,1,0.09698006306459352,42
2085,1,4526,1530,2996,0,0,0,1.0,1,1.0,1,1.0,1,0.11356043397242263,42
2086,1,4527,1530,2997,0,0,0,1.0,1,1.0,1,1.0,1,0.06431451320724065,43
2087,1,4528,1531,2997,0,0,0,1.0,1,1.0,1,1.0,1,0.09499083202170186,45
2088,0,4528,1531,2997,0,0,0,1.0,1,1.0,1,1.0,1,0.10370978614055332,46
2089,0,4528,1531,2997,0,0,0,1.0,1,1.0,1,1.0,1,0.10318920197177163,47
2090,3,4531,1531,3000,0,0,0,1.0,1,1.0,1,1.0,1,0.13213038531061272,49
2091,2,4533,1531,3002,0,0,0,1.0,1,1.0,1,1.0,1,0.07626528574914808,49
2092,0,4533,1531,3002,0,0,0,1.0,1,1.0,1,1.0,1,0.07626528574914808,49
2093,1,4534,1532,3002,0,0,0,1.0,1,1.0,1,1.0,1,0.10081367993784104,49
2094,0,4534,1532,3002,0,0,0,1.0,1,1.0,1,1.0,1,0.10081367993784104,49
2095,1,4535,1533,3002,0,0,0,1.0,1,1.0,1,1.0,1,0.0724356437634976,49
2096,1,4536,1533,3003,0,0,0,1.0,1,1.0,1,1.0,1,0.05410652639069115,51
2097,0,4536,1533,3003,0,0,0,1.0,1,1.0,1,1.0,1,0.05410652639069115,51
2098,1,4537,1534,3003,0,0,0,1.0,1,1.0,1,1.0,1,0.09208739163333175,52
2099,0,4537,1534,3003,0,0,0,1.0,1,1.0,1,1.0,1,0.1175788111027361,51
2100,3,4540,1535,3005,0,0,0,1.0,1,1.0,1,1.0,1,0.10907837874057444,51
2101,3,4543,1535,3008,0,0,0,1.0,1,1.0,1,1.0,1,0.09814297600997961,48
2102,2,4545,1537,3008,0,0,0,1.0,1,1.0,1,1.0,1,0.1527608794546317,49
2103,6,4551,1539,3012,0,0,0,1.0,1,1.0,1,1.0,1,0.16385445184608807,48
2104,3,4554,1541,3013,0,0,0,1.0,1,1.0,1,1.0,1,0.17008349011267426,43
2105,3,4557,1544,3013,0,0,0,1.0,1,1.0,1,1.0,1,0.22695688878181314,42
2106,6,4563,1546,3017,0,0,0,1.0,1,1.0,1,1.0,1,0.18994811261474642,40
2107,1,4564,1547,3017,0,0,0,1.0,1,1.0,1,1.0,1,0.22458569749304744,39
2108,5,4569,1550,3019,0,0,0,1.0,1,1.0,1,1.0,1,0.19533096628623067,38
2109,0,4569,1550,3019,0,0,0,1.0,1,1.0,1,1.0,1,0.17461549047970948,37
2110,1,4570,1551,3019,0,0,0,1.0,1,1.0,1,1.0,1,0.2038058195037769,38
2111,2,4572,1552,3020,0,0,0,1.0,1,1.0,1,1.0,1,0.16420685596957288,37
2112,2,4574,1553,3021,0,0,0,1.0,1,1.0,1,1.0,1,0.13003602520394056,36
2113,2,4576,1554,3022,0,0,0,1.0,1,1.0,1,1.0,1,0.15247256936411013,36
2114,1,4577,1554,3023,0,0,0,1.0,1,1.0,1,1.0,1,0.1398294799389054,36
2115,1,4578,1554,3024,0,0,0,1.0,1,1.0,1,1.0,1,0.09953812632658306,35
2116,0,4578,1554,3024,0,0,0,1.0,1,1.0,1,1.0,1,0.12504062354151652,37
2117,0,4578,1554,3024,0,0,0,1.0,1,1.0,1,1.0,1,0.10000722851388735,38
2118,2,4580,1554,3026,0,0,0,1.0,1,1.0,1,1.0,1,0.12657179900293503,40
2119,1,4581,1555,3026,0,0,0,1.0,1,1.0,1,1.0,1,0.10929981099301253,40
2120,1,4582,1556,3026,0,0,0,1.0,1,1.0,1,1.0,1,0.14168677111626135,41
2121,2,4584,1556,3028,0,0,0,1.0,1,1.0,1,1.0,1,0.10550894115965197,41
2122,0,4584,1556,3028,0,0,0,1.0,1,1.0,1,1.0,1,0.11906034021916158,42
2123,0,4584,1556,3028,0,0,0,1.0,1,1.0,1,1.0,1,0.12224063031966764,43
2124,0,4584,1556,3028,0,0,0,1.0,1,1.0,1,1.0,1,0.14978954197999034,41
2125,0,4584,1556,3028,0,0,0,1.0,1,1.0,1,1.0,1,0.14978954197999034,41
2126,0,4584,1556,3028,0,0,0,1.0,1,1.0,1,1.0,1,0.17656083002780829,40
2127,0,4584,1556,3028,0,0,0,1.0,1,1.0,1,1.0,1,0.17656083002780829,40
2128,0,4584,1556,3028,0,0,0,1.0,1,1.0,1,1.0,1,0.18550206990568893,41
2129,1,4585,1556,3029,0,0,0,1.0,1,1.0,1,1.0,1,0.18186196014079525,42
2130,5,4590,1556,3034,0,0,0,1.0,1,1.0,1,1.0,1,0.15152957609273285,45
2131,3,4593,1556,3037,0,0,0,1.0,1,1.0,1,1.0,1,0.09937132719826007,45
2132,1,4594,1556,3038,0,0,0,1.0,1,1.0,1,1.0,1,0.08069433371254349,46
2133,2,4596,1557,3039,0,0,0,1.0,1,1.0,1,1.0,1,0.09268214787228526,46
2134,1,4597,1557,3040,0,0,0,1.0,1,1.0,1,1.0,1,0.09544066264368903,47
2135,2,4599,1559,3040,0,0,0,1.0,1,1.0,1,1.0,1,0.09526774737138391,47
2136,0,4599,1559,3040,0,0,0,1.0,1,1.0,1,1.0,1,0.09526774737138391,47
2137,5,4604,1562,3042,0,0,0,1.0,1,1.0,1,1.0,1,0.07512659764962448,49
2138,2,4606,1563,3043,0,0,0,1.0,1,1.0,1,1.0,1,0.06939610960170302,49
2139,0,4606,1563,3043,0,0,0,1.0,1,1.0,1,1.0,1,0.09240803394995456,47
2140,5,4611,1566,3045,0,0,0,1.0,1,1.0,1,1.0,1,0.12967969203641155,48
2141,3,4614,1567,3047,0,0,0,1.0,1,1.0,1,1.0,1,0.09469548637140912,47
2142,3,4617,1568,3049,0,0,0,1.0,1,1.0,1,1.0,1,0.09945095782417278,47
2143,1,4618,1569,3049,0,0,0,1.0,1,1.0,1,1.0,1,0.08742167902962207,48
2144,5,4623,1570,3053,0,0,0,1.0,1,1.0,1,1.0,1,0.08015655966929856,48
2145,3,4626,1573,3053,0,0,0,1.0,1,1.0,1,1.0,1,0.13655573909211194,46
2146,1,4627,1573,3054,0,0,0,1.0,1,1.0,1,1.0,1,0.12250983509632823,47
2147,4,4631,1576,3055,0,0,0,1.0,1,1.0,1,1.0,1,0.11883797866730361,48
2148,2,4633,1577,3056,0,0,0,1.0,1,1.0,1,1.0,1,0.12805786082985154,46
2149,4,4637,1580,3057,0,0,0,1.0,1,1.0,1,1.0,1,0.10011995658432536,46
2150,6,4643,1583,3060,0,0,0,1.0,1,1.0,1,1.0,1,0.08443820530193567,46
2151,4,4647,1584,3063,0,0,0,1.0,1,1.0,1,1.0,1,0.119889807298756,44
2152,3,4650,1585,3065,0,0,0,1.0,1,1.0,1,1.0,1,0.1502633409351966,45
2153,2,4652,1585,3067,0,0,0,1.0,1,1.0,1,1.0,1,0.12909718744299017,48
2154,1,4653,1585,3068,0,0,0,1.0,1,1.0,1,1.0,1,0.14031054354435166,47
2155,2,4655,1586,3069,0,0,0,1.0,1,1.0,1,1.0,1,0.17019466296355354,48
2156,1,4656,1587,3069,0,0,0,1.0,1,1.0,1,1.0,1,0.21638912639044688,45
2157,2,4658,1587,3071,0,0,0,1.0,1,1.0,1,1.0,1,0.19775967409686757,43
2158,1,4659,1588,3071,0,0,0,1.0,1,1.0,1,1.0,1,0.20152348119857272,43
2159,4,4663,1590,3073,0,0,0,1.0,1,1.0,1,1.0,1,0.24938078466937,43
2160,0,4663,1590,3073,0,0,0,1.0,1,1.0,1,1.0,1,0.2373891092272144,41
2161,8,4671,1590,3081,0,0,0,1.0,1,1.0,1,1.0,1,0.14657472343469982,41
2162,4,4675,1590,3085,0,0,0,1.0,1,1.0,1,1.0,1,0.10238709572392422,42
2163,5,4680,1590,3090,0,0,0,1.0,1,1.0,1,1.0,1,0.13532864904567,43
2164,8,4688,1592,3096,0,0,0,1.0,1,1.0,1,1.0,1,0.19995169830832635,44
2165,5,4693,1592,3101,0,0,0,1.0,1,1.0,1,1.0,1,0.21936126132304543,44
2166,9,4702,1592,3110,0,0,0,1.0,1,1.0,1,1.0,1,0.06964561007007534,46
2167,2,4704,1593,3111,0,0,0,1.0,1,1.0,1,1.0,1,0.06924588415993076,46
2168,0,4704,1593,3111,0,0,0,1.0,1,1.0,1,1.0,1,0.06253321793466605,45
2169,5,4709,1594,3115,0,0,0,1.0,1,1.0,1,1.0,1,0.11183722123301304,49
2170,2,4711,1594,3117,0,0,0,1.0,1,1.0,1,1.0,1,0.08542285949801472,49
2171,1,4712,1594,3118,0,0,0,1.0,1,1.0,1,1.0,1,0.0622411734717,51
2172,0,4712,1594,3118,0,0,0,1.0,1,1.0,1,1.0,1,0.05661586131133673,52
2173,1,4713,1595,3118,0,0,0,1.0,1,1.0,1,1.0,1,0.06510963790452999,52
2174,1,4714,1596,3118,0,0,0,1.0,1,1.0,1,1.0,1,0.10454439265723263,52
2175,2,4716,1597,3119,0,0,0,1.0,1,1.0,1,1.0,1,0.1407971882630725,53
2176,4,4720,1597,3123,0,0,0,1.0,1,1.0,1,1.0,1,0.0935061648527616,54
2177,1,4721,1598,3123,0,0,0,1.0,1,1.0,1,1.0,1,0.10484160923709594,55
2178,1,4722,1598,3124,0,0,0,1.0,1,1.0,1,1.0,1,0.07893320938491952,54
2179,2,4724,1599,3125,0,0,0,1.0,1,1.0,1,1.0,1,0.07613745395568272,52
2180,4,4728,1600,3128,0,0,0,1.0,1,1.0,1,1.0,1,0.08408501352145471,51
2181,1,4729,1600,3129,0,0,0,1.0,1,1.0,1,1.0,1,0.05234480703422503,49
2182,3,4732,1603,3129,0,0,0,1.0,1,1.0,1,1.0,1,0.1470554811740564,49
2183,6,4738,1609,3129,0,0,0,1.0,1,1.0,1,1.0,1,0.25674153743370604,46
2184,4,4742,1610,3132,0,0,0,1.0,1,1.0,1,1.0,1,0.17662209635228512,45
2185,3,4745,1613,3132,0,0,0,1.0,1,1.0,1,1.0,1,0.24052884037347064,44
2186,9,4754,1617,3137,0,0,0,1.0,1,1.0,1,1.0,1,0.20814389089263804,42
2187,5,4759,1619,3140,0,0,0,1.0,1,1.0,1,1.0,1,0.1681374896936186,40
2188,5,4764,1622,3142,0,0,0,1.0,1,1.0,1,1.0,1,0.22786772346369855,38
2189,4,4768,1622,3146,0,0,0,1.0,1,1.0,1,1.0,1,0.22404124945389642,36
2190,6,4774,1624,3150,0,0,0,1.0,1,1.0,1,1.0,1,0.28120418631847977,34
2191,9,4783,1626,3157,0,0,0,1.0,1,1.0,1,1.0,1,0.16054281090969014,34
2192,3,4786,1627,3159,0,0,0,1.0,1,1.0,1,1.0,1,0.17816502918689078,33
2193,3,4789,1627,3162,0,0,0,1.0,1,1.0,1,1.0,1,0.21514557043436314,32
2194,2,4791,1628,3163,0,0,0,1.0,1,1.0,1,1.0,1,0.21815857916669454,32
2195,0,4791,1628,3163,0,0,0,1.0,1,1.0,1,1.0,1,0.23249737920528257,31
2196,6,4797,1629,3168,0,0,0,1.0,1,1.0,1,1.0,1,0.12203359424487975,32
2197,2,4799,1630,3169,0,0,0,1.0,1,1.0,1,1.0,1,0.15560786450639946,31
2198,1,4800,1630,3170,0,0,0,1.0,1,1.0,1,1.0,1,0.15517998764436597,31
2199,0,4800,1630,3170,0,0,0,1.0,1,1.0,1,1.0,1,0.13352763243242846,32
2200,3,4803,1630,3173,0,0,0,1.0,1,1.0,1,1.0,1,0.2216650243661472,35
2201,3,4806,1630,3176,0,0,0,1.0,1,1.0,1,1.0,1,0.08339694305245354,36
2202,0,4806,1630,3176,0,0,0,1.0,1,1.0,1,1.0,1,0.08339694305245354,36
2203,1,4807,1630,3177,0,0,0,1.0,1,1.0,1,1.0,1,0.0885020240197606,37
2204,1,4808,1630,3178,0,0,0,1.0,1,1.0,1,1.0,1,0.08367331115700313,36
2205,0,4808,1630,3178,0,0,0,1.0,1,1.0,1,1.0,1,0.08814500921174595,37
2206,2,4810,1632,3178,0,0,0,1.0,1,1.0,1,1.0,1,0.17658247828027984,35
2207,2,4812,1632,3180,0,0,0,1.0,1,1.0,1,1.0,1,0.12573376203508227,37
2208,0,4812,1632,3180,0,0,0,1.0,1,1.0,1,1.0,1,0.13877106205024492,36
2209,2,4814,1634,3180,0,0,0,1.0,1,1.0,1,1.0,1,0.21030712747469285,35
2210,4,4818,1634,3184,0,0,0,1.0,1,1.0,1,1.0,1,0.21090334885474202,38
2211,5,4823,1634,3189,0,0,0,1.0,1,1.0,1,1.0,1,0.09998692495331057,37
2212,2,4825,1634,3191,0,0,0,1.0,1,1.0,1,1.0,1,0.11701112384739289,38
2213,0,4825,1634,3191,0,0,0,1.0,1,1.0,1,1.0,1,0.11701112384739289,38
2214,0,4825,1634,3191,0,0,0,1.0,1,1.0,1,1.0,1,0.11606923125134512,39
2215,1,4826,1635,3191,0,0,0,1.0,1,1.0,1,1.0,1,0.1283181339121357,39
2216,2,4828,1636,3192,0,0,0,1.0,1,1.0,1,1.0,1,0.16588395511468684,39
2217,1,4829,1637,3192,0,0,0,1.0,1,1.0,1,1.0,1,0.11295927788275328,38
2218,2,4831,1638,3193,0,0,0,1.0,1,1.0,1,1.0,1,0.13436997224352326,37
2219,2,4833,1640,3193,0,0,0,1.0,1,1.0,1,1.0,1,0.24618141947411237,36
2220,2,4835,1640,3195,0,0,0,1.0,1,1.0,1,1.0,1,0.2501405228665248,34
2221,6,4841,1642,3199,0,0,0,1.0,1,1.0,1,1.0,1,0.15915158446270897,35
2222,1,4842,1643,3199,0,0,0,1.0,1,1.0,1,1.0,1,0.19612705230141309,33
2223,6,4848,1646,3202,0,0,0,1.0,1,1.0,1,1.0,1,0.17273160419641923,34
2224,2,4850,1647,3203,0,0,0,1.0,1,1.0,1,1.0,1,0.18473053921442462,32
2225,1,4851,1647,3204,0,0,0,1.0,1,1.0,1,1.0,1,0.18477169651537348,33
2226,3,4854,1648,3206,0,0,0,1.0,1,1.0,1,1.0,1,0.1726678219162957,32
2227,0,4854,1648,3206,0,0,0,1.0,1,1.0,1,1.0,1,0.18631027033336073,31
2228,1,4855,1648,3207,0,0,0,1.0,1,1.0,1,1.0,1,0.2203806553986161,32
2229,2,4857,1650,3207,0,0,0,1.0,1,1.0,1,1.0,1,0.15695100904180823,32
2230,0,4857,1650,3207,0,0,0,1.0,1,1.0,1,1.0,1,0.1784981413363062,31
2231,3,4860,1650,3210,0,0,0,1.0,1,1.0,1,1.0,1,0.09272522864945659,32
2232,0,4860,1650,3210,0,0,0,1.0,1,1.0,1,1.0,1,0.08545689666155809,32
2233,0,4860,1650,3210,0,0,0,1.0,1,1.0,1,1.0,1,0.08659054181030974,31
2234,0,4860,1650,3210,0,0,0,1.0,1,1.0,1,1.0,1,0.1035299287077995,32
2235,0,4860,1650,3210,0,0,0,1.0,1,1.0,1,1.0,1,0.15126533111886567,31
2236,1,4861,1650,3211,0,0,0,1.0,1,1.0,1,1.0,1,0.1306665148048221,31
2237,4,4865,1653,3212,0,0,0,1.0,1,1.0,1,1.0,1,0.18926112735861625,31
2238,2,4867,1654,3213,0,0,0,1.0,1,1.0,1,1.0,1,0.22939559931639206,31
2239,1,4868,1654,3214,0,0,0,1.0,1,1.0,1,1.0,1,0.16933968148616993,31
2240,2,4870,1655,3215,0,0,0,1.0,1,1.0,1,1.0,1,0.22660836236278684,32
2241,2,4872,1655,3217,0,0,0,1.0,1,1.0,1,1.0,1,0.1523759485343431,32
2242,2,4874,1657,3217,0,0,0,1.0,1,1.0,1,1.0,1,0.13839260415103197,34
2243,3,4877,1659,3218,0,0,0,1.0,1,1.0,1,1.0,1,0.18609697826049743,34
2244,2,4879,1659,3220,0,0,0,1.0,1,1.0,1,1.0,1,0.17594596648308078,36
2245,0,4879,1659,3220,0,0,0,1.0,1,1.0,1,1.0,1,0.17594596648308078,36
2246,1,4880,1659,3221,0,0,0,1.0,1,1.0,1,1.0,1,0.17845964696618036,39
2247,0,4880,1659,3221,0,0,0,1.0,1,1.0,1,1.0,1,0.1684678333490153,40
2248,0,4880,1659,3221,0,0,0,1.0,1,1.0,1,1.0,1,0.1684678333490153,40
2249,0,4880,1659,3221,0,0,0,1.0,1,1.0,1,1.0,1,0.16164935612664147,41
2250,0,4880,1659,3221,0,0,0,1.0,1,1.0,1,1.0,1,0.16164935612664147,41
2251,1,4881,1659,3222,0,0,0,1.0,1,1.0,1,1.0,1,0.17625750590958372,42
2252,0,4881,1659,3222,0,0,0,1.0,1,1.0,1,1.0,1,0.19182550239087284,41
2253,2,4883,1660,3223,0,0,0,1.0,1,1.0,1,1.0,1,0.15119258986728992,40
2254,1,4884,1661,3223,0,0,0,1.0,1,1.0,1,1.0,1,0.1950872397387364,39
2255,1,4885,1661,3224,0,0,0,1.0,1,1.0,1,1.0,1,0.1717620416620108,39
2256,3,4888,1662,3226,0,0,0,1.0,1,1.0,1,1.0,1,0.17337776729514168,40
2257,3,4891,1663,3228,0,0,0,1.0,1,1.0,1,1.0,1,0.14375160995074399,40
2258,2,4893,1664,3229,0,0,0,1.0,1,1.0,1,1.0,1,0.1646393509125544,39
2259,2,4895,1666,3229,0,0,0,1.0,1,1.0,1,1.0,1,0.16504457470368933,41
2260,2,4897,1667,3230,0,0,0,1.0,1,1.0,1,1.0,1,0.19247330022043974,38
2261,4,4901,1668,3233,0,0,0,1.0,1,1.0,1,1.0,1,0.14835073892642975,38
2262,3,4904,1669,3235,0,0,0,1.0,1,1.0,1,1.0,1,0.1635388360101187,36
2263,3,4907,1670,3237,0,0,0,1.0,1,1.0,1,1.0,1,0.18146363644320423,35
2264,2,4909,1672,3237,0,0,0,1.0,1,1.0,1,1.0,1,0.26946566824438456,33
2265,5,4914,1674,3240,0,0,0,1.0,1,1.0,1,1.0,1,0.28837013491202945,33
2266,10,4924,1676,3248,0,0,0,1.0,1,1.0,1,1.0,1,0.16953431657523524,33
2267,4,4928,1677,3251,0,0,0,1.0,1,1.0,1,1.0,1,0.21249052047340866,33
2268,3,4931,1678,3253,0,0,0,1.0,1,1.0,1,1.0,1,0.15556979370479843,35
2269,6,4937,1680,3257,0,0,0,1.0,1,1.0,1,1.0,1,0.20670042506364283,36
2270,3,4940,1681,3259,0,0,0,1.0,1,1.0,1,1.0,1,0.2675408553828447,34
2271,7,4947,1683,3264,0,0,0,1.0,1,1.0,1,1.0,1,0.1554803667139602,34
2272,3,4950,1685,3265,0,0,0,1.0,1,1.0,1,1.0,1,0.1463293807219568,33
2273,2,4952,1686,3266,0,0,0,1.0,1,1.0,1,1.0,1,0.1221462361037461,32
2274,3,4955,1688,3267,0,0,0,1.0,1,1.0,1,1.0,1,0.2311464738156237,32
2275,3,4958,1688,3270,0,0,0,1.0,1,1.0,1,1.0,1,0.192033912155637,32
2276,1,4959,1688,3271,0,0,0,1.0,1,1.0,1,1.0,1,0.1837704890268473,31
2277,1,4960,1689,3271,0,0,0,1.0,1,1.0,1,1.0,1,0.16873403808692275,30
2278,1,4961,1689,3272,0,0,0,1.0,1,1.0,1,1.0,1,0.1348213459071798,33
2279,2,4963,1689,3274,0,0,0,1.0,1,1.0,1,1.0,1,0.1546089061406609,33
2280,0,4963,1689,3274,0,0,0,1.0,1,1.0,1,1.0,1,0.1604614622299093,35
2281,2,4965,1689,3276,0,0,0,1.0,1,1.0,1,1.0,1,0.13123692912617174,36
2282,0,4965,1689,3276,0,0,0,1.0,1,1.0,1,1.0,1,0.13123692912617174,36
2283,0,4965,1689,3276,0,0,0,1.0,1,1.0,1,1.0,1,0.13123692912617174,36
2284,0,4965,1689,3276,0,0,0,1.0,1,1.0,1,1.0,1,0.13123692912617174,36
2285,1,4966,1689,3277,0,0,0,1.0,1,1.0,1,1.0,1,0.105580008982672,37
2286,1,4967,1690,3277,0,0,0,1.0,1,1.0,1,1.0,1,0.09819930758026245,38
2287,0,4967,1690,3277,0,0,0,1.0,1,1.0,1,1.0,1,0.1125539772004337,38
2288,3,4970,1692,3278,0,0,0,1.0,1,1.0,1,1.0,1,0.14526059402735766,40
2289,0,4970,1692,3278,0,0,0,1.0,1,1.0,1,1.0,1,0.15971833302390628,40
2290,1,4971,1693,3278,0,0,0,1.0,1,1.0,1,1.0,1,0.21499705937400534,39
2291,7,4978,1694,3284,0,0,0,1.0,1,1.0,1,1.0,1,0.1410197180650229,37
2292,0,4978,1694,3284,0,0,0,1.0,1,1.0,1,1.0,1,0.11871176681075378,35
2293,1,4979,1694,3285,0,0,0,1.0,1,1.0,1,1.0,1,0.07833370422775943,35
2294,2,4981,1695,3286,0,0,0,1.0,1,1.0,1,1.0,1,0.18535617960769618,35
2295,1,4982,1696,3286,0,0,0,1.0,1,1.0,1,1.0,1,0.21431574858309008,36
2296,2,4984,1696,3288,0,0,0,1.0,1,1.0,1,1.0,1,0.1142275831318149,34
2297,2,4986,1696,3290,0,0,0,1.0,1,1.0,1,1.0,1,0.10962482314797563,35
2298,1,4987,1696,3291,0,0,0,1.0,1,1.0,1,1.0,1,0.14212416450816703,34
2299,2,4989,1698,3291,0,0,0,1.0,1,1.0,1,1.0,1,0.14949636315323522,35
2300,1,4990,1698,3292,0,0,0,1.0,1,1.0,1,1.0,1,0.15931125350863304,35
2301,2,4992,1698,3294,0,0,0,1.0,1,1.0,1,1.0,1,0.13266718325461743,35
2302,3,4995,1701,3294,0,0,0,1.0,1,1.0,1,1.0,1,0.23825827489602244,37
2303,1,4996,1702,3294,0,0,0,1.0,1,1.0,1,1.0,1,0.23262297430658727,35
2304,3,4999,1704,3295,0,0,0,1.0,1,1.0,1,1.0,1,0.26238248996254104,36
2305,0,4999,1704,3295,0,0,0,1.0,1,1.0,1,1.0,1,0.2738850361819454,34
2306,6,5005,1704,3301,0,0,0,1.0,1,1.0,1,1.0,1,0.16727211909416717,35
2307,2,5007,1704,3303,0,0,0,1.0,1,1.0,1,1.0,1,0.14032944173314307,35
2308,0,5007,1704,3303,0,0,0,1.0,1,1.0,1,1.0,1,0.14032944173314307,35
2309,0,5007,1704,3303,0,0,0,1.0,1,1.0,1,1.0,1,0.14498333876553693,34
2310,2,5009,1704,3305,0,0,0,1.0,1,1.0,1,1.0,1,0.1354606336357479,36
2311,1,5010,1704,3306,0,0,0,1.0,1,1.0,1,1.0,1,0.13678857713660167,38
2312,3,5013,1707,3306,0,0,0,1.0,1,1.0,1,1.0,1,0.19484561806511,39
2313,4,5017,1709,3308,0,0,0,1.0,1,1.0,1,1.0,1,0.12160160505383454,39
2314,2,5019,1709,3310,0,0,0,1.0,1,1.0,1,1.0,1,0.09242534270795486,39
2315,3,5022,1710,3312,0,0,0,1.0,1,1.0,1,1.0,1,0.12050712747572026,40
2316,2,5024,1710,3314,0,0,0,1.0,1,1.0,1,1.0,1,0.04156374558303669,40
2317,2,5026,1711,3315,0,0,0,1.0,1,1.0,1,1.0,1,0.09010137532674643,41
2318,0,5026,1711,3315,0,0,0,1.0,1,1.0,1,1.0,1,0.09010137532674643,41
2319,0,5026,1711,3315,0,0,0,1.0,1,1.0,1,1.0,1,0.09010137532674643,41
2320,1,5027,1712,3315,0,0,0,1.0,1,1.0,1,1.0,1,0.1161153638959386,42
2321,1,5028,1712,3316,0,0,0,1.0,1,1.0,1,1.0,1,0.08513773534899859,43
2322,1,5029,1712,3317,0,0,0,1.0,1,1.0,1,1.0,1,0.086066925948393,42
2323,1,5030,1713,3317,0,0,0,1.0,1,1.0,1,1.0,1,0.1345185310857642,43
2324,4,5034,1713,3321,0,0,0,1.0,1,1.0,1,1.0,1,0.1482608449744296,44
2325,2,5036,1713,3323,0,0,0,1.0,1,1.0,1,1.0,1,0.12767122646067744,44
2326,1,5037,1713,3324,0,0,0,1.0,1,1.0,1,1.0,1,0.11025735053205364,45
2327,0,5037,1713,3324,0,0,0,1.0,1,1.0,1,1.0,1,0.11025735053205364,45
2328,1,5038,1713,3325,0,0,0,1.0,1,1.0,1,1.0,1,0.10841853302137111,46
2329,4,5042,1715,3327,0,0,0,1.0,1,1.0,1,1.0,1,0.10103538520583993,45
2330,2,5044,1715,3329,0,0,0,1.0,1,1.0,1,1.0,1,0.09043940237420747,47
2331,0,5044,1715,3329,0,0,0,1.0,1,1.0,1,1.0,1,0.10909937033910595,48
2332,1,5045,1716,3329,0,0,0,1.0,1,1.0,1,1.0,1,0.1427627269823035,48
2333,4,5049,1717,3332,0,0,0,1.0,1,1.0,1,1.0,1,0.12384450759838939,49
2334,2,5051,1718,3333,0,0,0,1.0,1,1.0,1,1.0,1,0.14952916561553123,47
2335,1,5052,1719,3333,0,0,0,1.0,1,1.0,1,1.0,1,0.1995472964130137,46
2336,4,5056,1719,3337,0,0,0,1.0,1,1.0,1,1.0,1,0.14089986763180154,46
2337,2,5058,1719,3339,0,0,0,1.0,1,1.0,1,1.0,1,0.1267827098700336,45
2338,1,5059,1719,3340,0,0,0,1.0,1,1.0,1,1.0,1,0.10416356231525979,44
2339,3,5062,1720,3342,0,0,0,1.0,1,1.0,1,1.0,1,0.10555945639802379,45
2340,4,5066,1721,3345,0,0,0,1.0,1,1.0,1,1.0,1,0.08947085086976746,44
2341,1,5067,1721,3346,0,0,0,1.0,1,1.0,1,1.0,1,0.08959707859063072,45
2342,3,5070,1723,3347,0,0,0,1.0,1,1.0,1,1.0,1,0.11260666606685772,47
2343,2,5072,1724,3348,0,0,0,1.0,1,1.0,1,1.0,1,0.1144883797223386,46
2344,2,5074,1725,3349,0,0,0,1.0,1,1.0,1,1.0,1,0.14297513839934095,46
2345,1,5075,1725,3350,0,0,0,1.0,1,1.0,1,1.0,1,0.14017427593317888,45
2346,4,5079,1725,3354,0,0,0,1.0,1,1.0,1,1.0,1,0.09162878842762058,46
2347,0,5079,1725,3354,0,0,0,1.0,1,1.0,1,1.0,1,0.09263794421115235,47
2348,1,5080,1726,3354,0,0,0,1.0,1,1.0,1,1.0,1,0.08961538462313969,49
2349,1,5081,1727,3354,0,0,0,1.0,1,1.0,1,1.0,1,0.12001679599960217,49
2350,4,5085,1728,3357,0,0,0,1.0,1,1.0,1,1.0,1,0.09644028315222203,50
2351,3,5088,1729,3359,0,0,0,1.0,1,1.0,1,1.0,1,0.0921775217130368,50
2352,1,5089,1729,3360,0,0,0,1.0,1,1.0,1,1.0,1,0.09795406950824787,51
2353,1,5090,1729,3361,0,0,0,1.0,1,1.0,1,1.0,1,0.07522301806907486,51
2354,3,5093,1729,3364,0,0,0,1.0,1,1.0,1,1.0,1,0.09342072712792326,51
2355,2,5095,1730,3365,0,0,0,1.0,1,1.0,1,1.0,1,0.12026835444384194,50
2356,3,5098,1730,3368,0,0,0,1.0,1,1.0,1,1.0,1,0.07524448520345974,50
2357,0,5098,1730,3368,0,0,0,1.0,1,1.0,1,1.0,1,0.09349898470687143,49
2358,0,5098,1730,3368,0,0,0,1.0,1,1.0,1,1.0,1,0.11414647078420764,51
2359,0,5098,1730,3368,0,0,0,1.0,1,1.0,1,1.0,1,0.11676905430167475,51
2360,2,5100,1731,3369,0,0,0,1.0,1,1.0,1,1.0,1,0.11494805138928502,51
2361,3,5103,1732,3371,0,0,0,1.0,1,1.0,1,1.0,1,0.09678391643929535,52
2362,3,5106,1734,3372,0,0,0,1.0,1,1.0,1,1.0,1,0.11519644294198433,53
2363,2,5108,1735,3373,0,0,0,1.0,1,1.0,1,1.0,1,0.1344388679151065,54
2364,5,5113,1735,3378,0,0,0,1.0,1,1.0,1,1.0,1,0.10539583623509514,55
2365,5,5118,1738,3380,0,0,0,1.0,1,1.0,1,1.0,1,0.17353218169273746,53
2366,7,5125,1739,3386,0,0,0,1.0,1,1.0,1,1.0,1,0.09077049184602946,53
2367,1,5126,1740,3386,0,0,0,1.0,1,1.0,1,1.0,1,0.14214380979083782,51
2368,3,5129,1742,3387,0,0,0,1.0,1,1.0,1,1.0,1,0.1421837312138338,50
2369,1,5130,1743,3387,0,0,0,1.0,1,1.0,1,1.0,1,0.18272647950188617,47
2370,0,5130,1743,3387,0,0,0,1.0,1,1.0,1,1.0,1,0.20165033884090816,48
2371,6,5136,1744,3392,0,0,0,1.0,1,1.0,1,1.0,1,0.17858169080653932,49
2372,3,5139,1744,3395,0,0,0,1.0,1,1.0,1,1.0,1,0.17262374549489326,48
2373,6,5145,1745,3400,0,0,0,1.0,1,1.0,1,1.0,1,0.17746928725456776,49
2374,3,5148,1745,3403,0,0,0,1.0,1,1.0,1,1.0,1,0.1602732432338656,50
2375,5,5153,1747,3406,0,0,0,1.0,1,1.0,1,1.0,1,0.17613894725363427,50
2376,4,5157,1747,3410,0,0,0,1.0,1,1.0,1,1.0,1,0.16183892090578034,50
2377,1,5158,1747,3411,0,0,0,1.0,1,1.0,1,1.0,1,0.16637372726527885,49
2378,0,5158,1747,3411,0,0,0,1.0,1,1.0,1,1.0,1,0.16637372726527885,49
2379,2,5160,1748,3412,0,0,0,1.0,1,1.0,1,1.0,1,0.1943442627694467,50
2380,1,5161,1749,3412,0,0,0,1.0,1,1.0,1,1.0,1,0.21332327132964168,50
2381,1,5162,1749,3413,0,0,0,1.0,1,1.0,1,1.0,1,0.20080595052496514,51
2382,0,5162,1749,3413,0,0,0,1.0,1,1.0,1,1.0,1,0.20080595052496514,51
2383,4,5166,1750,3416,0,0,0,1.0,1,1.0,1,1.0,1,0.16069425984050237,52
2384,3,5169,1752,3417,0,0,0,1.0,1,1.0,1,1.0,1,0.11994276828889155,52
2385,1,5170,1753,3417,0,0,0,1.0,1,1.0,1,1.0,1,0.16213549564406834,51
2386,9,5179,1755,3424,0,0,0,1.0,1,1.0,1,1.0,1,0.16464015311935146,52
2387,2,5181,1755,3426,0,0,0,1.0,1,1.0,1,1.0,1,0.1849499258063285,49
2388,6,5187,1758,3429,0,0,0,1.0,1,1.0,1,1.0,1,0.22314459112420856,48
2389,4,5191,1759,3432,0,0,0,1.0,1,1.0,1,1.0,1,0.22212970442565821,48
2390,5,5196,1760,3436,0,0,0,1.0,1,1.0,1,1.0,1,0.20652473721085338,49
2391,7,5203,1763,3440,0,0,0,1.0,1,1.0,1,1.0,1,0.24342169172150604,48
2392,8,5211,1766,3445,0,0,0,1.0,1,1.0,1,1.0,1,0.2191021084689895,49
2393,3,5214,1767,3447,0,0,0,1.0,1,1.0,1,1.0,1,0.19366659764575733,50
2394,5,5219,1769,3450,0,0,0,1.0,1,1.0,1,1.0,1,0.1794455777966541,50
2395,4,5223,1771,3452,0,0,0,1.0,1,1.0,1,1.0,1,0.18289334539162067,49
2396,5,5228,1771,3457,0,0,0,1.0,1,1.0,1,1.0,1,0.14636099465063215,50
2397,5,5233,1772,3461,0,0,0,1.0,1,1.0,1,1.0,1,0.15343965292978431,51
2398,1,5234,1772,3462,0,0,0,1.0,1,1.0,1,1.0,1,0.1163473659065623,49
2399,1,5235,1772,3463,0,0,0,1.0,1,1.0,1,1.0,1,0.10045070154653743,50
2400,1,5236,1773,3463,0,0,0,1.0,1,1.0,1,1.0,1,0.12816884611490942,51
2401,1,5237,1773,3464,0,0,0,1.0,1,1.0,1,1.0,1,0.11811447317789028,50
2402,1,5238,1773,3465,0,0,0,1.0,1,1.0,1,1.0,1,0.11113635638835935,51
2403,0,5238,1773,3465,0,0,0,1.0,1,1.0,1,1.0,1,0.12037469877601041,52
2404,0,5238,1773,3465,0,0,0,1.0,1,1.0,1,1.0,1,0.12370554280593943,53
2405,0,5238,1773,3465,0,0,0,1.0,1,1.0,1,1.0,1,0.13995369817370884,52
2406,2,5240,1774,3466,0,0,0,1.0,1,1.0,1,1.0,1,0.13589365432049583,52
2407,3,5243,1775,3468,0,0,0,1.0,1,1.0,1,1.0,1,0.12692196490272764,51
2408,0,5243,1775,3468,0,0,0,1.0,1,1.0,1,1.0,1,0.14703465767327462,50
2409,0,5243,1775,3468,0,0,0,1.0,1,1.0,1,1.0,1,0.17240981524236695,50
2410,2,5245,1776,3469,0,0,0,1.0,1,1.0,1,1.0,1,0.1977216953518483,49
2411,3,5248,1776,3472,0,0,0,1.0,1,1.0,1,1.0,1,0.1734908208523558,48
2412,0,5248,1776,3472,0,0,0,1.0,1,1.0,1,1.0,1,0.18805792763515328,47
2413,0,5248,1776,3472,0,0,0,1.0,1,1.0,1,1.0,1,0.18017235035314516,47
2414,2,5250,1777,3473,0,0,0,1.0,1,1.0,1,1.0,1,0.24593925808794467,47
2415,3,5253,1777,3476,0,0,0,1.0,1,1.0,1,1.0,1,0.21179059250820498,46
2416,5,5258,1777,3481,0,0,0,1.0,1,1.0,1,1.0,1,0.1631652549519007,47
2417,2,5260,1778,3482,0,0,0,1.0,1,1.0,1,1.0,1,0.1796536066853731,46
2418,2,5262,1779,3483,0,0,0,1.0,1,1.0,1,1.0,1,0.16553262124048154,48
2419,0,5262,1779,3483,0,0,0,1.0,1,1.0,1,1.0,1,0.1894732810692609,47
2420,0,5262,1779,3483,0,0,0,1.0,1,1.0,1,1.0,1,0.17084614633361772,49
2421,4,5266,1780,3486,0,0,0,1.0,1,1.0,1,1.0,1,0.1375298637891586,50
2422,4,5270,1783,3487,0,0,0,1.0,1,1.0,1,1.0,1,0.11331652707641093,50
2423,4,5274,1785,3489,0,0,0,1.0,1,1.0,1,1.0,1,0.12955882872179342,51
2424,3,5277,1788,3489,0,0,0,1.0,1,1.0,1,1.0,1,0.15913226027074587,50
2425,0,5277,1788,3489,0,0,0,1.0,1,1.0,1,1.0,1,0.15167951044162226,48
2426,7,5284,1792,3492,0,0,0,1.0,1,1.0,1,1.0,1,0.09882201637790329,51
2427,2,5286,1794,3492,0,0,0,1.0,1,1.0,1,1.0,1,0.14980266079469215,50
2428,3,5289,1795,3494,0,0,0,1.0,1,1.0,1,1.0,1,0.15160956301370776,49
2429,2,5291,1796,3495,0,0,0,1.0,1,1.0,1,1.0,1,0.1784432266711852,49
2430,2,5293,1796,3497,0,0,0,1.0,1,1.0,1,1.0,1,0.22692647329017504,46
2431,3,5296,1798,3498,0,0,0,1.0,1,1.0,1,1.0,1,0.1865773629750967,45
2432,3,5299,1799,3500,0,0,0,1.0,1,1.0,1,1.0,1,0.2573762596956756,44
2433,3,5302,1800,3502,0,0,0,1.0,1,1.0,1,1.0,1,0.18599535715459797,45
2434,1,5303,1801,3502,0,0,0,1.0,1,1.0,1,1.0,1,0.21090794166657564,44
2435,1,5304,1801,3503,0,0,0,1.0,1,1.0,1,1.0,1,0.194927150305608,44
2436,3,5307,1801,3506,0,0,0,1.0,1,1.0,1,1.0,1,0.12643669778215708,44
2437,8,5315,1803,3512,0,0,0,1.0,1,1.0,1,1.0,1,0.16382602807723673,45
2438,3,5318,1804,3514,0,0,0,1.0,1,1.0,1,1.0,1,0.16567149461000966,45
2439,9,5327,1804,3523,0,0,0,1.0,1,1.0,1,1.0,1,0.1716569963355235,46
2440,8,5335,1805,3530,0,0,0,1.0,1,1.0,1,1.0,1,0.22816886462661937,45
2441,4,5339,1805,3534,0,0,0,1.0,1,1.0,1,1.0,1,0.13537993593242642,45
2442,0,5339,1805,3534,0,0,0,1.0,1,1.0,1,1.0,1,0.1346540683927384,46
2443,1,5340,1805,3535,0,0,0,1.0,1,1.0,1,1.0,1,0.1737769827475326,45
2444,3,5343,1807,3536,0,0,0,1.0,1,1.0,1,1.0,1,0.2235739788286836,46
2445,1,5344,1807,3537,0,0,0,1.0,1,1.0,1,1.0,1,0.22953505160423446,44
2446,6,5350,1808,3542,0,0,0,1.0,1,1.0,1,1.0,1,0.12865074454014014,44
2447,3,5353,1809,3544,0,0,0,1.0,1,1.0,1,1.0,1,0.16172034775757474,42
2448,2,5355,1810,3545,0,0,0,1.0,1,1.0,1,1.0,1,0.18012843512846435,41
2449,1,5356,1811,3545,0,0,0,1.0,1,1.0,1,1.0,1,0.22786394676264762,40
2450,2,5358,1812,3546,0,0,0,1.0,1,1.0,1,1.0,1,0.20589434544575907,42
2451,6,5364,1812,3552,0,0,0,1.0,1,1.0,1,1.0,1,0.14786799725220376,43
2452,1,5365,1812,3553,0,0,0,1.0,1,1.0,1,1.0,1,0.13422886677417553,43
2453,5,5370,1813,3557,0,0,0,1.0,1,1.0,1,1.0,1,0.18611819074273517,45
2454,5,5375,1814,3561,0,0,0,1.0,1,1.0,1,1.0,1,0.2101309517639389,47
2455,5,5380,1814,3566,0,0,0,1.0,1,1.0,1,1.0,1,0.18112955691926164,48
2456,4,5384,1815,3569,0,0,0,1.0,1,1.0,1,1.0,1,0.1932261942692834,49
2457,1,5385,1816,3569,0,0,0,1.0,1,1.0,1,1.0,1,0.22413647040841753,48
2458,4,5389,1816,3573,0,0,0,1.0,1,1.0,1,1.0,1,0.21676521923080733,49
2459,4,5393,1816,3577,0,0,0,1.0,1,1.0,1,1.0,1,0.19512047260739682,49
2460,4,5397,1817,3580,0,0,0,1.0,1,1.0,1,1.0,1,0.23118914629862,50
2461,5,5402,1817,3585,0,0,0,1.0,1,1.0,1,1.0,1,0.18872536817872843,50
2462,6,5408,1819,3589,0,0,0,1.0,1,1.0,1,1.0,1,0.19262915854613386,51
2463,4,5412,1820,3592,0,0,0,1.0,1,1.0,1,1.0,1,0.18932011838121826,51
2464,4,5416,1821,3595,0,0,0,1.0,1,1.0,1,1.0,1,0.18021538952317373,50
2465,3,5419,1822,3597,0,0,0,1.0,1,1.0,1,1.0,1,0.16666984421989545,49
2466,2,5421,1824,3597,0,0,0,1.0,1,1.0,1,1.0,1,0.14731342130645278,49
2467,2,5423,1824,3599,0,0,0,1.0,1,1.0,1,1.0,1,0.13051113516914403,48
2468,5,5428,1827,3601,0,0,0,1.0,1,1.0,1,1.0,1,0.1358045894725061,47
2469,2,5430,1828,3602,0,0,0,1.0,1,1.0,1,1.0,1,0.12596632013958153,46
2470,1,5431,1829,3602,0,0,0,1.0,1,1.0,1,1.0,1,0.13753725442717196,44
2471,3,5434,1829,3605,0,0,0,1.0,1,1.0,1,1.0,1,0.12162207695723751,44
2472,3,5437,1829,3608,0,0,0,1.0,1,1.0,1,1.0,1,0.1018517015945285,44
2473,0,5437,1829,3608,0,0,0,1.0,1,1.0,1,1.0,1,0.10344625811034497,43
2474,4,5441,1833,3608,0,0,0,1.0,1,1.0,1,1.0,1,0.1556713406150817,44
2475,4,5445,1833,3612,0,0,0,1.0,1,1.0,1,1.0,1,0.15648901400662743,46
2476,2,5447,1833,3614,0,0,0,1.0,1,1.0,1,1.0,1,0.11624223103287892,46
2477,0,5447,1833,3614,0,0,0,1.0,1,1.0,1,1.0,1,0.11624223103287892,46
2478,0,5447,1833,3614,0,0,0,1.0,1,1.0,1,1.0,1,0.11624223103287892,46
2479,1,5448,1833,3615,0,0,0,1.0,1,1.0,1,1.0,1,0.0871170319034764,46
2480,0,5448,1833,3615,0,0,0,1.0,1,1.0,1,1.0,1,0.0882822451595777,47
2481,1,5449,1834,3615,0,0,0,1.0,1,1.0,1,1.0,1,0.12362870832540881,47
2482,1,5450,1835,3615,0,0,0,1.0,1,1.0,1,1.0,1,0.15100401767654834,45
2483,0,5450,1835,3615,0,0,0,1.0,1,1.0,1,1.0,1,0.16432147224686633,45
2484,1,5451,1836,3615,0,0,0,1.0,1,1.0,1,1.0,1,0.19482424882140828,46
2485,3,5454,1837,3617,0,0,0,1.0,1,1.0,1,1.0,1,0.18075916813865425,44
2486,4,5458,1838,3620,0,0,0,1.0,1,1.0,1,1.0,1,0.15200909550072,43
2487,1,5459,1839,3620,0,0,0,1.0,1,1.0,1,1.0,1,0.18266692649495359,44
2488,3,5462,1840,3622,0,0,0,1.0,1,1.0,1,1.0,1,0.17394780621696226,45
2489,1,5463,1840,3623,0,0,0,1.0,1,1.0,1,1.0,1,0.18294753016268223,44
2490,1,5464,1841,3623,0,0,0,1.0,1,1.0,1,1.0,1,0.1978145186957974,44
2491,3,5467,1842,3625,0,0,0,1.0,1,1.0,1,1.0,1,0.14399259512913162,44
2492,2,5469,1844,3625,0,0,0,1.0,1,1.0,1,1.0,1,0.1876792488736282,44
2493,1,5470,1845,3625,0,0,0,1.0,1,1.0,1,1.0,1,0.2690277818870099,42
2494,1,5471,1845,3626,0,0,0,1.0,1,1.0,1,1.0,1,0.2520120954871491,42
2495,1,5472,1845,3627,0,0,0,1.0,1,1.0,1,1.0,1,0.22567786681855562,42
2496,3,5475,1846,3629,0,0,0,1.0,1,1.0,1,1.0,1,0.2133743588228808,42
2497,0,5475,1846,3629,0,0,0,1.0,1,1.0,1,1.0,1,0.20212022320657125,44
2498,4,5479,1847,3632,0,0,0,1.0,1,1.0,1,1.0,1,0.17577787265727718,43
2499,2,5481,1847,3634,0,0,0,1.0,1,1.0,1,1.0,1,0.19686420670689572,43
2500,2,5483,1848,3635,0,0,0,1.0,1,1.0,1,1.0,1,0.15687873442575279,44
2501,3,5486,1848,3638,0,0,0,1.0,1,1.0,1,1.0,1,0.1485414297759335,46
2502,2,5488,1849,3639,0,0,0,1.0,1,1.0,1,1.0,1,0.10222659245237621,47
2503,1,5489,1850,3639,0,0,0,1.0,1,1.0,1,1.0,1,0.11617749655169958,47
2504,1,5490,1851,3639,0,0,0,1.0,1,1.0,1,1.0,1,0.14889544486839698,46
2505,7,5497,1856,3641,0,0,0,1.0,1,1.0,1,1.0,1,0.18305867345946988,46
2506,4,5501,1856,3645,0,0,0,1.0,1,1.0,1,1.0,1,0.14686025858127805,45
2507,3,5504,1857,3647,0,0,0,1.0,1,1.0,1,1.0,1,0.14965401261675476,45
2508,4,5508,1858,3650,0,0,0,1.0,1,1.0,1,1.0,1,0.15349182685326737,46
2509,2,5510,1858,3652,0,0,0,1.0,1,1.0,1,1.0,1,0.15318486547541524,45
2510,6,5516,1859,3657,0,0,0,1.0,1,1.0,1,1.0,1,0.14419397365986011,46
2511,3,5519,1860,3659,0,0,0,1.0,1,1.0,1,1.0,1,0.09262013000799693,47
2512,2,5521,1860,3661,0,0,0,1.0,1,1.0,1,1.0,1,0.09665407329600036,47
2513,1,5522,1861,3661,0,0,0,1.0,1,1.0,1,1.0,1,0.10363458692645042,48
2514,4,5526,1863,3663,0,0,0,1.0,1,1.0,1,1.0,1,0.15022101687332506,48
2515,3,5529,1863,3666,0,0,0,1.0,1,1.0,1,1.0,1,0.16871738852916868,49
2516,6,5535,1865,3670,0,0,0,1.0,1,1.0,1,1.0,1,0.16442967943270462,49
2517,2,5537,1866,3671,0,0,0,1.0,1,1.0,1,1.0,1,0.17189457730607421,49
2518,2,5539,1866,3673,0,0,0,1.0,1,1.0,1,1.0,1,0.09948821664808628,48
2519,2,5541,1867,3674,0,0,0,1.0,1,1.0,1,1.0,1,0.10648286801841873,48
2520,0,5541,1867,3674,0,0,0,1.0,1,1.0,1,1.0,1,0.1271751252130907,46
2521,5,5546,1869,3677,0,0,0,1.0,1,1.0,1,1.0,1,0.13598055168490256,47
2522,1,5547,1870,3677,0,0,0,1.0,1,1.0,1,1.0,1,0.16752821439347343,45
2523,0,5547,1870,3677,0,0,0,1.0,1,1.0,1,1.0,1,0.1816908013689882,44
2524,0,5547,1870,3677,0,0,0,1.0,1,1.0,1,1.0,1,0.21428448632004685,42
2525,3,5550,1872,3678,0,0,0,1.0,1,1.0,1,1.0,1,0.23366730539304117,42
2526,2,5552,1872,3680,0,0,0,1.0,1,1.0,1,1.0,1,0.20436590786485045,41
2527,0,5552,1872,3680,0,0,0,1.0,1,1.0,1,1.0,1,0.20436590786485045,41
2528,2,5554,1872,3682,0,0,0,1.0,1,1.0,1,1.0,1,0.16868051550353466,41
2529,1,5555,1873,3682,0,0,0,1.0,1,1.0,1,1.0,1,0.17093142493875585,42
2530,0,5555,1873,3682,0,0,0,1.0,1,1.0,1,1.0,1,0.18670608103338548,41
2531,2,5557,1873,3684,0,0,0,1.0,1,1.0,1,1.0,1,0.16411098532328602,41
2532,2,5559,1873,3686,0,0,0,1.0,1,1.0,1,1.0,1,0.1604885080309808,43
2533,0,5559,1873,3686,0,0,0,1.0,1,1.0,1,1.0,1,0.1604885080309808,43
2534,0,5559,1873,3686,0,0,0,1.0,1,1.0,1,1.0,1,0.1604885080309808,43
2535,2,5561,1874,3687,0,0,0,1.0,1,1.0,1,1.0,1,0.19815532916158776,44
2536,3,5564,1874,3690,0,0,0,1.0,1,1.0,1,1.0,1,0.15698097171322806,44
2537,2,5566,1876,3690,0,0,0,1.0,1,1.0,1,1.0,1,0.2334677764955265,45
2538,2,5568,1876,3692,0,0,0,1.0,1,1.0,1,1.0,1,0.22371716793471277,48
2539,2,5570,1876,3694,0,0,0,1.0,1,1.0,1,1.0,1,0.24742518316366524,48
2540,6,5576,1876,3700,0,0,0,1.0,1,1.0,1,1.0,1,0.22449145172299284,50
2541,10,5586,1877,3709,0,0,0,1.0,1,1.0,1,1.0,1,0.20256539446088545,52
2542,9,5595,1880,3715,0,0,0,1.0,1,1.0,1,1.0,1,0.17919100284549253,52
2543,9,5604,1882,3722,0,0,0,1.0,1,1.0,1,1.0,1,0.18329940026813715,51
2544,4,5608,1885,3723,0,0,0,1.0,1,1.0,1,1.0,1,0.23207574583900498,51
2545,5,5613,1886,3727,0,0,0,1.0,1,1.0,1,1.0,1,0.19206830515660325,50
2546,4,5617,1887,3730,0,0,0,1.0,1,1.0,1,1.0,1,0.16121297529859124,50
2547,1,5618,1888,3730,0,0,0,1.0,1,1.0,1,1.0,1,0.1693259580213083,47
2548,0,5618,1888,3730,0,0,0,1.0,1,1.0,1,1.0,1,0.15870333672548553,46
2549,2,5620,1889,3731,0,0,0,1.0,1,1.0,1,1.0,1,0.15365893307788503,46
2550,3,5623,1890,3733,0,0,0,1.0,1,1.0,1,1.0,1,0.12123831018014108,44
2551,1,5624,1890,3734,0,0,0,1.0,1,1.0,1,1.0,1,0.12129622099199187,43
2552,1,5625,1891,3734,0,0,0,1.0,1,1.0,1,1.0,1,0.16206115122484663,43
2553,1,5626,1891,3735,0,0,0,1.0,1,1.0,1,1.0,1,0.1554918069116856,44
2554,2,5628,1893,3735,0,0,0,1.0,1,1.0,1,1.0,1,0.1318692196571021,45
2555,2,5630,1894,3736,0,0,0,1.0,1,1.0,1,1.0,1,0.1430546116678299,44
2556,2,5632,1894,3738,0,0,0,1.0,1,1.0,1,1.0,1,0.11565110788575744,44
2557,0,5632,1894,3738,0,0,0,1.0,1,1.0,1,1.0,1,0.14891049035256831,41
2558,2,5634,1895,3739,0,0,0,1.0,1,1.0,1,1.0,1,0.15841516468660574,40
2559,0,5634,1895,3739,0,0,0,1.0,1,1.0,1,1.0,1,0.178768758503508,41
2560,0,5634,1895,3739,0,0,0,1.0,1,1.0,1,1.0,1,0.178768758503508,41
2561,3,5637,1895,3742,0,0,0,1.0,1,1.0,1,1.0,1,0.13883985531064882,43
2562,0,5637,1895,3742,0,0,0,1.0,1,1.0,1,1.0,1,0.1526041426299286,44
2563,0,5637,1895,3742,0,0,0,1.0,1,1.0,1,1.0,1,0.1526041426299286,44
2564,2,5639,1897,3742,0,0,0,1.0,1,1.0,1,1.0,1,0.19942146622488768,44
2565,2,5641,1899,3742,0,0,0,1.0,1,1.0,1,1.0,1,0.20783429236976314,45
2566,2,5643,1900,3743,0,0,0,1.0,1,1.0,1,1.0,1,0.2268231300904552,46
2567,1,5644,1900,3744,0,0,0,1.0,1,1.0,1,1.0,1,0.20822639328883602,48
2568,3,5647,1901,3746,0,0,0,1.0,1,1.0,1,1.0,1,0.20866298646101472,48
2569,3,5650,1901,3749,0,0,0,1.0,1,1.0,1,1.0,1,0.18878566054954238,49
2570,2,5652,1901,3751,0,0,0,1.0,1,1.0,1,1.0,1,0.20447894045260492,48
2571,0,5652,1901,3751,0,0,0,1.0,1,1.0,1,1.0,1,0.20447894045260492,48
2572,2,5654,1901,3753,0,0,0,1.0,1,1.0,1,1.0,1,0.18352303000212924,49
2573,1,5655,1901,3754,0,0,0,1.0,1,1.0,1,1.0,1,0.14299845778450937,50
2574,1,5656,1902,3754,0,0,0,1.0,1,1.0,1,1.0,1,0.17627321292527315,49
2575,1,5657,1902,3755,0,0,0,1.0,1,1.0,1,1.0,1,0.16222765499207764,48
2576,3,5660,1903,3757,0,0,0,1.0,1,1.0,1,1.0,1,0.14918750390779517,48
2577,1,5661,1903,3758,0,0,0,1.0,1,1.0,1,1.0,1,0.17523228779037278,50
2578,0,5661,1903,3758,0,0,0,1.0,1,1.0,1,1.0,1,0.17523228779037278,50
2579,2,5663,1904,3759,0,0,0,1.0,1,1.0,1,1.0,1,0.1566563723483613,51
2580,3,5666,1905,3761,0,0,0,1.0,1,1.0,1,1.0,1,0.1503692892980237,52
2581,2,5668,1905,3763,0,0,0,1.0,1,1.0,1,1.0,1,0.12582811870760532,51
2582,1,5669,1906,3763,0,0,0,1.0,1,1.0,1,1.0,1,0.1390076249143119,51
2583,6,5675,1907,3768,0,0,0,1.0,1,1.0,1,1.0,1,0.09791831835882286,51
2584,2,5677,1909,3768,0,0,0,1.0,1,1.0,1,1.0,1,0.12291243664102068,51
2585,3,5680,1909,3771,0,0,0,1.0,1,1.0,1,1.0,1,0.09206040938730127,50
2586,2,5682,1911,3771,0,0,0,1.0,1,1.0,1,1.0,1,0.12805336770887113,50
2587,1,5683,1912,3771,0,0,0,1.0,1,1.0,1,1.0,1,0.08490691275741813,48
2588,2,5685,1913,3772,0,0,0,1.0,1,1.0,1,1.0,1,0.07933723663651386,50
2589,3,5688,1915,3773,0,0,0,1.0,1,1.0,1,1.0,1,0.06829309595993444,48
2590,0,5688,1915,3773,0,0,0,1.0,1,1.0,1,1.0,1,0.060953570854100254,47
2591,0,5688,1915,3773,0,0,0,1.0,1,1.0,1,1.0,1,0.060953570854100254,47
2592,3,5691,1917,3774,0,0,0,1.0,1,1.0,1,1.0,1,0.057957610812187754,47
2593,2,5693,1918,3775,0,0,0,1.0,1,1.0,1,1.0,1,0.07605001991111429,47
2594,8,5701,1922,3779,0,0,0,1.0,1,1.0,1,1.0,1,0.1721697619108569,49
2595,8,5709,1926,3783,0,0,0,1.0,1,1.0,1,1.0,1,0.1759606002966422,48
2596,10,5719,1928,3791,0,0,0,1.0,1,1.0,1,1.0,1,0.1514340894046008,47
2597,2,5721,1930,3791,0,0,0,1.0,1,1.0,1,1.0,1,0.12406414322736171,48
2598,5,5726,1931,3795,0,0,0,1.0,1,1.0,1,1.0,1,0.09816510556717227,48
2599,4,5730,1932,3798,0,0,0,1.0,1,1.0,1,1.0,1,0.1108301925020353,49
2600,7,5737,1932,3805,0,0,0,1.0,1,1.0,1,1.0,1,0.12679245348271284,52
2601,6,5743,1933,3810,0,0,0,1.0,1,1.0,1,1.0,1,0.11918884980530407,51
2602,4,5747,1934,3813,0,0,0,1.0,1,1.0,1,1.0,1,0.12438397283004511,52
2603,3,5750,1935,3815,0,0,0,1.0,1,1.0,1,1.0,1,0.17978347665382025,53
2604,4,5754,1935,3819,0,0,0,1.0,1,1.0,1,1.0,1,0.1713159086037997,53
2605,1,5755,1935,3820,0,0,0,1.0,1,1.0,1,1.0,1,0.2002111774006024,52
2606,3,5758,1935,3823,0,0,0,1.0,1,1.0,1,1.0,1,0.17197446639749922,52
2607,2,5760,1935,3825,0,0,0,1.0,1,1.0,1,1.0,1,0.15912178553962444,52
2608,1,5761,1935,3826,0,0,0,1.0,1,1.0,1,1.0,1,0.1405722168049536,52
2609,3,5764,1935,3829,0,0,0,1.0,1,1.0,1,1.0,1,0.09079684530547925,53
2610,2,5766,1935,3831,0,0,0,1.0,1,1.0,1,1.0,1,0.08527716098811838,54
2611,1,5767,1936,3831,0,0,0,1.0,1,1.0,1,1.0,1,0.10647279706692134,54
2612,2,5769,1937,3832,0,0,0,1.0,1,1.0,1,1.0,1,0.10675360885242263,56
2613,3,5772,1938,3834,0,0,0,1.0,1,1.0,1,1.0,1,0.0911526599735602,56
2614,4,5776,1939,3837,0,0,0,1.0,1,1.0,1,1.0,1,0.09732109579500797,56
2615,5,5781,1941,3840,0,0,0,1.0,1,1.0,1,1.0,1,0.13707207465305946,57
2616,4,5785,1941,3844,0,0,0,1.0,1,1.0,1,1.0,1,0.0504469928992138,57
2617,1,5786,1942,3844,0,0,0,1.0,1,1.0,1,1.0,1,0.06737067334781495,58
2618,1,5787,1942,3845,0,0,0,1.0,1,1.0,1,1.0,1,0.06593733594222101,58
2619,0,5787,1942,3845,0,0,0,1.0,1,1.0,1,1.0,1,0.07106782090414432,58
2620,2,5789,1943,3846,0,0,0,1.0,1,1.0,1,1.0,1,0.0765339617847159,60
2621,1,5790,1943,3847,0,0,0,1.0,1,1.0,1,1.0,1,0.05967255883675936,59
2622,1,5791,1944,3847,0,0,0,1.0,1,1.0,1,1.0,1,0.07340997851531361,60
2623,5,5796,1946,3850,0,0,0,1.0,1,1.0,1,1.0,1,0.06670165616954409,59
2624,2,5798,1948,3850,0,0,0,1.0,1,1.0,1,1.0,1,0.11120817383852867,58
2625,3,5801,1950,3851,0,0,0,1.0,1,1.0,1,1.0,1,0.12045862022393863,58
2626,4,5805,1952,3853,0,0,0,1.0,1,1.0,1,1.0,1,0.09657410141516498,57
2627,1,5806,1953,3853,0,0,0,1.0,1,1.0,1,1.0,1,0.1117476822476192,55
2628,2,5808,1955,3853,0,0,0,1.0,1,1.0,1,1.0,1,0.1017719055028836,55
2629,0,5808,1955,3853,0,0,0,1.0,1,1.0,1,1.0,1,0.12441257145975848,54
2630,5,5813,1957,3856,0,0,0,1.0,1,1.0,1,1.0,1,0.13445747648298356,55
2631,2,5815,1957,3858,0,0,0,1.0,1,1.0,1,1.0,1,0.12761826837897905,55
2632,5,5820,1959,3861,0,0,0,1.0,1,1.0,1,1.0,1,0.13056967166372943,55
2633,1,5821,1960,3861,0,0,0,1.0,1,1.0,1,1.0,1,0.13536080691340874,53
2634,2,5823,1960,3863,0,0,0,1.0,1,1.0,1,1.0,1,0.12065462995876125,52
2635,3,5826,1960,3866,0,0,0,1.0,1,1.0,1,1.0,1,0.07187736720840861,52
2636,4,5830,1962,3868,0,0,0,1.0,1,1.0,1,1.0,1,0.09780162145672631,51
2637,0,5830,1962,3868,0,0,0,1.0,1,1.0,1,1.0,1,0.07447419132746741,50
2638,2,5832,1964,3868,0,0,0,1.0,1,1.0,1,1.0,1,0.12120583434338585,48
2639,2,5834,1966,3868,0,0,0,1.0,1,1.0,1,1.0,1,0.1416085907377921,48
2640,6,5840,1971,3869,0,0,0,1.0,1,1.0,1,1.0,1,0.15312310437722837,46
2641,12,5852,1974,3878,0,0,0,1.0,1,1.0,1,1.0,1,0.10552320650440333,46
2642,5,5857,1979,3878,0,0,0,1.0,1,1.0,1,1.0,1,0.1027658589327241,47
2643,4,5861,1981,3880,0,0,0,1.0,1,1.0,1,1.0,1,0.15739381497062266,45
2644,4,5865,1981,3884,0,0,0,1.0,1,1.0,1,1.0,1,0.13588014312359226,44
2645,4,5869,1982,3887,0,0,0,1.0,1,1.0,1,1.0,1,0.20403775234451602,42
2646,6,5875,1983,3892,0,0,0,1.0,1,1.0,1,1.0,1,0.17873239873869773,43
2647,2,5877,1983,3894,0,0,0,1.0,1,1.0,1,1.0,1,0.15070909979954905,40
2648,3,5880,1984,3896,0,0,0,1.0,1,1.0,1,1.0,1,0.18228949627613403,41
2649,4,5884,1984,3900,0,0,0,1.0,1,1.0,1,1.0,1,0.15687169849992466,43
2650,3,5887,1984,3903,0,0,0,1.0,1,1.0,1,1.0,1,0.14714031026534938,43
2651,4,5891,1984,3907,0,0,0,1.0,1,1.0,1,1.0,1,0.08540082774304093,44
2652,1,5892,1985,3907,0,0,0,1.0,1,1.0,1,1.0,1,0.0843540252280859,44
2653,0,5892,1985,3907,0,0,0,1.0,1,1.0,1,1.0,1,0.0843540252280859,44
2654,3,5895,1986,3909,0,0,0,1.0,1,1.0,1,1.0,1,0.12631901940177462,45
2655,3,5898,1987,3911,0,0,0,1.0,1,1.0,1,1.0,1,0.12866438717425585,45
2656,2,5900,1987,3913,0,0,0,1.0,1,1.0,1,1.0,1,0.09041778705756892,45
2657,1,5901,1987,3914,0,0,0,1.0,1,1.0,1,1.0,1,0.1251413802922531,45
2658,0,5901,1987,3914,0,0,0,1.0,1,1.0,1,1.0,1,0.12843734205187998,47
2659,0,5901,1987,3914,0,0,0,1.0,1,1.0,1,1.0,1,0.15168424451315754,46
2660,2,5903,1987,3916,0,0,0,1.0,1,1.0,1,1.0,1,0.14676221473591122,46
2661,2,5905,1988,3917,0,0,0,1.0,1,1.0,1,1.0,1,0.13233197462632434,46
2662,5,5910,1990,3920,0,0,0,1.0,1,1.0,1,1.0,1,0.09215870798948073,47
2663,6,5916,1992,3924,0,0,0,1.0,1,1.0,1,1.0,1,0.10497547388897606,46
2664,5,5921,1996,3925,0,0,0,1.0,1,1.0,1,1.0,1,0.1974547917413643,45
2665,5,5926,1997,3929,0,0,0,1.0,1,1.0,1,1.0,1,0.15577802434500038,47
2666,8,5934,2001,3933,0,0,0,1.0,1,1.0,1,1.0,1,0.10276255040614178,47
2667,2,5936,2003,3933,0,0,0,1.0,1,1.0,1,1.0,1,0.15527311775966984,45
2668,3,5939,2004,3935,0,0,0,1.0,1,1.0,1,1.0,1,0.1067714435115331,45
2669,0,5939,2004,3935,0,0,0,1.0,1,1.0,1,1.0,1,0.14221830297463645,45
2670,3,5942,2006,3936,0,0,0,1.0,1,1.0,1,1.0,1,0.13787454847013825,45
2671,5,5947,2009,3938,0,0,0,1.0,1,1.0,1,1.0,1,0.15569461521616462,41
2672,2,5949,2010,3939,0,0,0,1.0,1,1.0,1,1.0,1,0.1629334480739679,40
2673,2,5951,2010,3941,0,0,0,1.0,1,1.0,1,1.0,1,0.16201931604516553,39
2674,4,5955,2011,3944,0,0,0,1.0,1,1.0,1,1.0,1,0.1690638032855263,37
2675,0,5955,2011,3944,0,0,0,1.0,1,1.0,1,1.0,1,0.16885279566099673,35
2676,1,5956,2011,3945,0,0,0,1.0,1,1.0,1,1.0,1,0.22849912575944334,34
2677,3,5959,2013,3946,0,0,0,1.0,1,1.0,1,1.0,1,0.28067368436081735,32
2678,8,5967,2015,3952,0,0,0,1.0,1,1.0,1,1.0,1,0.26505621649870315,33
2679,5,5972,2016,3956,0,0,0,1.0,1,1.0,1,1.0,1,0.3182663934120375,33
2680,7,5979,2018,3961,0,0,0,1.0,1,1.0,1,1.0,1,0.2970388819821386,33
2681,4,5983,2019,3964,0,0,0,1.0,1,1.0,1,1.0,1,0.18672730723553826,32
2682,0,5983,2019,3964,0,0,0,1.0,1,1.0,1,1.0,1,0.18672730723553826,32
2683,3,5986,2020,3966,0,0,0,1.0,1,1.0,1,1.0,1,0.2496176925772977,32
2684,3,5989,2020,3969,0,0,0,1.0,1,1.0,1,1.0,1,0.23132735265318055,31
2685,1,5990,2020,3970,0,0,0,1.0,1,1.0,1,1.0,1,0.2305536286478172,30
2686,4,5994,2021,3973,0,0,0,1.0,1,1.0,1,1.0,1,0.15809674297382018,29
2687,0,5994,2021,3973,0,0,0,1.0,1,1.0,1,1.0,1,0.14091913058797428,28
2688,0,5994,2021,3973,0,0,0,1.0,1,1.0,1,1.0,1,0.14091913058797428,28
2689,0,5994,2021,3973,0,0,0,1.0,1,1.0,1,1.0,1,0.1729270582850821,29
2690,1,5995,2021,3974,0,0,0,1.0,1,1.0,1,1.0,1,0.1341789900454089,29
2691,1,5996,2022,3974,0,0,0,1.0,1,1.0,1,1.0,1,0.10270600484072397,29
2692,1,5997,2022,3975,0,0,0,1.0,1,1.0,1,1.0,1,0.11776909381186933,31
2693,2,5999,2024,3975,0,0,0,1.0,1,1.0,1,1.0,1,0.17951142695937788,32
2694,2,6001,2025,3976,0,0,0,1.0,1,1.0,1,1.0,1,0.1677785067558473,32
2695,0,6001,2025,3976,0,0,0,1.0,1,1.0,1,1.0,1,0.16390235262329908,33
2696,2,6003,2025,3978,0,0,0,1.0,1,1.0,1,1.0,1,0.13543705207321938,33
2697,3,6006,2027,3979,0,0,0,1.0,1,1.0,1,1.0,1,0.12554568437376398,34
2698,2,6008,2029,3979,0,0,0,1.0,1,1.0,1,1.0,1,0.1391107890695929,34
2699,3,6011,2029,3982,0,0,0,1.0,1,1.0,1,1.0,1,0.09704597674974359,36
2700,2,6013,2029,3984,0,0,0,1.0,1,1.0,1,1.0,1,0.09906500847652194,36
2701,0,6013,2029,3984,0,0,0,1.0,1,1.0,1,1.0,1,0.09906500847652194,36
2702,0,6013,2029,3984,0,0,0,1.0,1,1.0,1,1.0,1,0.09906500847652194,36
2703,0,6013,2029,3984,0,0,0,1.0,1,1.0,1,1.0,1,0.09236841814666535,38
2704,1,6014,2030,3984,0,0,0,1.0,1,1.0,1,1.0,1,0.15707065247440372,37
2705,4,6018,2034,3984,0,0,0,1.0,1,1.0,1,1.0,1,0.2016509158422859,36
2706,7,6025,2037,3988,0,0,0,1.0,1,1.0,1,1.0,1,0.19395274421246242,34
2707,2,6027,2038,3989,0,0,0,1.0,1,1.0,1,1.0,1,0.15420090339039694,36
2708,4,6031,2041,3990,0,0,0,1.0,1,1.0,1,1.0,1,0.1579300974171655,36
2709,1,6032,2042,3990,0,0,0,1.0,1,1.0,1,1.0,1,0.1391518621195539,33
2710,2,6034,2043,3991,0,0,0,1.0,1,1.0,1,1.0,1,0.1912611701179202,32
2711,2,6036,2044,3992,0,0,0,1.0,1,1.0,1,1.0,1,0.14405693998186128,29
2712,0,6036,2044,3992,0,0,0,1.0,1,1.0,1,1.0,1,0.1063799985243195,28
2713,1,6037,2044,3993,0,0,0,1.0,1,1.0,1,1.0,1,0.15682781792033193,28
2714,1,6038,2045,3993,0,0,0,1.0,1,1.0,1,1.0,1,0.16809494508785708,25
2715,2,6040,2047,3993,0,0,0,1.0,1,1.0,1,1.0,1,0.2759740546292983,24
2716,6,6046,2049,3997,0,0,0,1.0,1,1.0,1,1.0,1,0.28281516410444635,23
2717,3,6049,2050,3999,0,0,0,1.0,1,1.0,1,1.0,1,0.24166612006475746,24
2718,1,6050,2050,4000,0,0,0,1.0,1,1.0,1,1.0,1,0.18250644363862326,24
2719,2,6052,2050,4002,0,0,0,1.0,1,1.0,1,1.0,1,0.20374494172069105,25
2720,1,6053,2051,4002,0,0,0,1.0,1,1.0,1,1.0,1,0.22531782563324143,25
2721,4,6057,2053,4004,0,0,0,1.0,1,1.0,1,1.0,1,0.18397761502522356,26
2722,3,6060,2054,4006,0,0,0,1.0,1,1.0,1,1.0,1,0.2225531788383885,26
2723,2,6062,2055,4007,0,0,0,1.0,1,1.0,1,1.0,1,0.12610875743828232,26
2724,1,6063,2056,4007,0,0,0,1.0,1,1.0,1,1.0,1,0.12483793141590023,27
2725,2,6065,2057,4008,0,0,0,1.0,1,1.0,1,1.0,1,0.16396543414926792,27
2726,1,6066,2057,4009,0,0,0,1.0,1,1.0,1,1.0,1,0.13385049258579113,28
2727,0,6066,2057,4009,0,0,0,1.0,1,1.0,1,1.0,1,0.14011001106487184,29
2728,1,6067,2057,4010,0,0,0,1.0,1,1.0,1,1.0,1,0.12598090759227626,28
2729,0,6067,2057,4010,0,0,0,1.0,1,1.0,1,1.0,1,0.12598090759227626,28
2730,0,6067,2057,4010,0,0,0,1.0,1,1.0,1,1.0,1,0.15027094046417985,29
2731,2,6069,2057,4012,0,0,0,1.0,1,1.0,1,1.0,1,0.1392196342550436,30
2732,0,6069,2057,4012,0,0,0,1.0,1,1.0,1,1.0,1,0.16003136342139831,29
2733,0,6069,2057,4012,0,0,0,1.0,1,1.0,1,1.0,1,0.16003136342139831,29
2734,0,6069,2057,4012,0,0,0,1.0,1,1.0,1,1.0,1,0.16003136342139831,29
2735,2,6071,2059,4012,0,0,0,1.0,1,1.0,1,1.0,1,0.25326392523144153,29
2736,2,6073,2059,4014,0,0,0,1.0,1,1.0,1,1.0,1,0.19537515856257665,30
2737,1,6074,2059,4015,0,0,0,1.0,1,1.0,1,1.0,1,0.18773207878664622,30
2738,1,6075,2060,4015,0,0,0,1.0,1,1.0,1,1.0,1,0.22622281090617594,29
2739,1,6076,2060,4016,0,0,0,1.0,1,1.0,1,1.0,1,0.22072570794581164,30
2740,0,6076,2060,4016,0,0,0,1.0,1,1.0,1,1.0,1,0.23262382981214627,29
2741,1,6077,2060,4017,0,0,0,1.0,1,1.0,1,1.0,1,0.20832130800741566,29
2742,1,6078,2061,4017,0,0,0,1.0,1,1.0,1,1.0,1,0.22068036701896498,29
2743,3,6081,2062,4019,0,0,0,1.0,1,1.0,1,1.0,1,0.21662194457016115,30
2744,2,6083,2064,4019,0,0,0,1.0,1,1.0,1,1.0,1,0.28195445472378866,28
2745,1,6084,2064,4020,0,0,0,1.0,1,1.0,1,1.0,1,0.19892121889626155,27
2746,1,6085,2065,4020,0,0,0,1.0,1,1.0,1,1.0,1,0.26326981783708553,26
2747,4,6089,2067,4022,0,0,0,1.0,1,1.0,1,1.0,1,0.3046449401121424,22
2748,1,6090,2067,4023,0,0,0,1.0,1,1.0,1,1.0,1,0.27770476001023997,22
2749,0,6090,2067,4023,0,0,0,1.0,1,1.0,1,1.0,1,0.353240720195298,20
2750,0,6090,2067,4023,0,0,0,1.0,1,1.0,1,1.0,1,0.4069968654593935,17
2751,4,6094,2068,4026,0,0,0,1.0,1,1.0,1,1.0,1,0.2449213296275246,17
2752,1,6095,2069,4026,0,0,0,1.0,1,1.0,1,1.0,1,0.25748863057254157,16
2753,1,6096,2069,4027,0,0,0,1.0,1,1.0,1,1.0,1,0.27255393651802995,16
2754,3,6099,2070,4029,0,0,0,1.0,1,1.0,1,1.0,1,0.3276991921300838,16
2755,1,6100,2070,4030,0,0,0,1.0,1,1.0,1,1.0,1,0.33037800312264587,16
2756,1,6101,2070,4031,0,0,0,1.0,1,1.0,1,1.0,1,0.3147993325574642,17
2757,1,6102,2071,4031,0,0,0,1.0,1,1.0,1,1.0,1,0.27957960066805576,18
2758,0,6102,2071,4031,0,0,0,1.0,1,1.0,1,1.0,1,0.27957960066805576,18
2759,4,6106,2072,4034,0,0,0,1.0,1,1.0,1,1.0,1,0.2005590761938134,19
2760,1,6107,2072,4035,0,0,0,1.0,1,1.0,1,1.0,1,0.20479800854854235,18
2761,0,6107,2072,4035,0,0,0,1.0,1,1.0,1,1.0,1,0.20479800854854235,18
2762,0,6107,2072,4035,0,0,0,1.0,1,1.0,1,1.0,1,0.20479800854854235,18
2763,0,6107,2072,4035,0,0,0,1.0,1,1.0,1,1.0,1,0.20479800854854235,18
2764,0,6107,2072,4035,0,0,0,1.0,1,1.0,1,1.0,1,0.20479800854854235,18
2765,1,6108,2073,4035,0,0,0,1.0,1,1.0,1,1.0,1,0.2196165253785906,18
2766,0,6108,2073,4035,0,0,0,1.0,1,1.0,1,1.0,1,0.2196165253785906,18
2767,0,6108,2073,4035,0,0,0,1.0,1,1.0,1,1.0,1,0.25933424776708625,17
2768,1,6109,2073,4036,0,0,0,1.0,1,1.0,1,1.0,1,0.17474522425338015,17
2769,0,6109,2073,4036,0,0,0,1.0,1,1.0,1,1.0,1,0.17474522425338015,17
2770,0,6109,2073,4036,0,0,0,1.0,1,1.0,1,1.0,1,0.17474522425338015,17
2771,0,6109,2073,4036,0,0,0,1.0,1,1.0,1,1.0,1,0.17474522425338015,17
2772,0,6109,2073,4036,0,0,0,1.0,1,1.0,1,1.0,1,0.17474522425338015,17
2773,1,6110,2074,4036,0,0,0,1.0,1,1.0,1,1.0,1,0.18127034933875888,17
2774,0,6110,2074,4036,0,0,0,1.0,1,1.0,1,1.0,1,0.13125425872415955,18
2775,1,6111,2075,4036,0,0,0,1.0,1,1.0,1,1.0,1,0.18460844707903534,20
2776,1,6112,2076,4036,0,0,0,1.0,1,1.0,1,1.0,1,0.20187282152307717,21
2777,0,6112,2076,4036,0,0,0,1.0,1,1.0,1,1.0,1,0.20187282152307717,21
2778,2,6114,2077,4037,0,0,0,1.0,1,1.0,1,1.0,1,0.24327129169297365,21
2779,1,6115,2077,4038,0,0,0,1.0,1,1.0,1,1.0,1,0.2682391328319707,22
2780,2,6117,2079,4038,0,0,0,1.0,1,1.0,1,1.0,1,0.3565621481879125,22
2781,4,6121,2080,4041,0,0,0,1.0,1,1.0,1,1.0,1,0.23712034360142337,22
2782,3,6124,2082,4042,0,0,0,1.0,1,1.0,1,1.0,1,0.2716587167961139,23
2783,2,6126,2083,4043,0,0,0,1.0,1,1.0,1,1.0,1,0.20600345125875943,22
2784,0,6126,2083,4043,0,0,0,1.0,1,1.0,1,1.0,1,0.17847711694051882,21
2785,2,6128,2083,4045,0,0,0,1.0,1,1.0,1,1.0,1,0.17816285426374592,19
2786,0,6128,2083,4045,0,0,0,1.0,1,1.0,1,1.0,1,0.17816285426374592,19
2787,0,6128,2083,4045,0,0,0,1.0,1,1.0,1,1.0,1,0.269446071766794,20
2788,3,6131,2085,4046,0,0,0,1.0,1,1.0,1,1.0,1,0.2615499432356282,20
2789,0,6131,2085,4046,0,0,0,1.0,1,1.0,1,1.0,1,0.28673465743041154,19
2790,1,6132,2085,4047,0,0,0,1.0,1,1.0,1,1.0,1,0.2516690038952336,20
2791,0,6132,2085,4047,0,0,0,1.0,1,1.0,1,1.0,1,0.2516690038952336,20
2792,0,6132,2085,4047,0,0,0,1.0,1,1.0,1,1.0,1,0.2516690038952336,20
2793,1,6133,2085,4048,0,0,0,1.0,1,1.0,1,1.0,1,0.22510820807204268,19
2794,1,6134,2085,4049,0,0,0,1.0,1,1.0,1,1.0,1,0.2278413854750927,20
2795,1,6135,2085,4050,0,0,0,1.0,1,1.0,1,1.0,1,0.20413860390294433,21
2796,3,6138,2086,4052,0,0,0,1.0,1,1.0,1,1.0,1,0.19336673673228932,22
2797,0,6138,2086,4052,0,0,0,1.0,1,1.0,1,1.0,1,0.22126663341809616,21
2798,1,6139,2087,4052,0,0,0,1.0,1,1.0,1,1.0,1,0.1997678078367874,21
2799,0,6139,2087,4052,0,0,0,1.0,1,1.0,1,1.0,1,0.22208813030101163,20
2800,0,6139,2087,4052,0,0,0,1.0,1,1.0,1,1.0,1,0.22208813030101163,20
2801,1,6140,2087,4053,0,0,0,1.0,1,1.0,1,1.0,1,0.1832253980976501,20
2802,0,6140,2087,4053,0,0,0,1.0,1,1.0,1,1.0,1,0.1832253980976501,20
2803,2,6142,2088,4054,0,0,0,1.0,1,1.0,1,1.0,1,0.12727389939536782,21
2804,0,6142,2088,4054,0,0,0,1.0,1,1.0,1,1.0,1,0.15404612867309508,22
2805,1,6143,2089,4054,0,0,0,1.0,1,1.0,1,1.0,1,0.15536362638141532,22
2806,2,6145,2091,4054,0,0,0,1.0,1,1.0,1,1.0,1,0.2498490115784272,23
2807,5,6150,2093,4057,0,0,0,1.0,1,1.0,1,1.0,1,0.22108409699575007,24
2808,1,6151,2094,4057,0,0,0,1.0,1,1.0,1,1.0,1,0.26301821170892403,24
2809,3,6154,2094,4060,0,0,0,1.0,1,1.0,1,1.0,1,0.2127448996837557,26
2810,2,6156,2094,4062,0,0,0,1.0,1,1.0,1,1.0,1,0.1686735016998577,26
2811,1,6157,2094,4063,0,0,0,1.0,1,1.0,1,1.0,1,0.12693639966827988,27
2812,0,6157,2094,4063,0,0,0,1.0,1,1.0,1,1.0,1,0.12693639966827988,27
2813,0,6157,2094,4063,0,0,0,1.0,1,1.0,1,1.0,1,0.09433649312048804,28
2814,0,6157,2094,4063,0,0,0,1.0,1,1.0,1,1.0,1,0.12650025605385434,29
2815,0,6157,2094,4063,0,0,0,1.0,1,1.0,1,1.0,1,0.12227044302036674,30
2816,0,6157,2094,4063,0,0,0,1.0,1,1.0,1,1.0,1,0.1299641521116435,31
2817,0,6157,2094,4063,0,0,0,1.0,1,1.0,1,1.0,1,0.1299641521116435,31
2818,3,6160,2095,4065,0,0,0,1.0,1,1.0,1,1.0,1,0.13735068421313368,32
2819,2,6162,2096,4066,0,0,0,1.0,1,1.0,1,1.0,1,0.1210976005629716,32
2820,1,6163,2096,4067,0,0,0,1.0,1,1.0,1,1.0,1,0.12908392244562802,33
2821,2,6165,2097,4068,0,0,0,1.0,1,1.0,1,1.0,1,0.150056628103043,34
2822,4,6169,2099,4070,0,0,0,1.0,1,1.0,1,1.0,1,0.16967197050116467,35
2823,1,6170,2100,4070,0,0,0,1.0,1,1.0,1,1.0,1,0.228990100639597,31
2824,1,6171,2101,4070,0,0,0,1.0,1,1.0,1,1.0,1,0.27091452535251925,33
2825,0,6171,2101,4070,0,0,0,1.0,1,1.0,1,1.0,1,0.23162898247386016,31
2826,2,6173,2101,4072,0,0,0,1.0,1,1.0,1,1.0,1,0.16395992531096756,31
2827,5,6178,2103,4075,0,0,0,1.0,1,1.0,1,1.0,1,0.1681542017077801,32
2828,6,6184,2105,4079,0,0,0,1.0,1,1.0,1,1.0,1,0.219355377914465,33
2829,4,6188,2105,4083,0,0,0,1.0,1,1.0,1,1.0,1,0.17832845799210797,33
2830,6,6194,2107,4087,0,0,0,1.0,1,1.0,1,1.0,1,0.2799947383513768,32
2831,5,6199,2108,4091,0,0,0,1.0,1,1.0,1,1.0,1,0.16878810799117222,31
2832,0,6199,2108,4091,0,0,0,1.0,1,1.0,1,1.0,1,0.18887759534114784,30
2833,0,6199,2108,4091,0,0,0,1.0,1,1.0,1,1.0,1,0.18037888319832965,29
2834,6,6205,2111,4094,0,0,0,1.0,1,1.0,1,1.0,1,0.2513523111112706,29
2835,3,6208,2112,4096,0,0,0,1.0,1,1.0,1,1.0,1,0.3370553092534391,27
2836,6,6214,2112,4102,0,0,0,1.0,1,1.0,1,1.0,1,0.14827669812132074,27
2837,0,6214,2112,4102,0,0,0,1.0,1,1.0,1,1.0,1,0.14468661645614778,28
2838,2,6216,2113,4103,0,0,0,1.0,1,1.0,1,1.0,1,0.20242859568445432,29
2839,1,6217,2113,4104,0,0,0,1.0,1,1.0,1,1.0,1,0.20474603586801524,29
2840,1,6218,2113,4105,0,0,0,1.0,1,1.0,1,1.0,1,0.22612236314113135,29
2841,4,6222,2113,4109,0,0,0,1.0,1,1.0,1,1.0,1,0.16820179828934936,31
2842,4,6226,2114,4112,0,0,0,1.0,1,1.0,1,1.0,1,0.15277499821029414,32
2843,0,6226,2114,4112,0,0,0,1.0,1,1.0,1,1.0,1,0.15277499821029414,32
2844,1,6227,2115,4112,0,0,0,1.0,1,1.0,1,1.0,1,0.16107979001486136,33
2845,2,6229,2115,4114,0,0,0,1.0,1,1.0,1,1.0,1,0.14911835387726985,34
2846,4,6233,2116,4117,0,0,0,1.0,1,1.0,1,1.0,1,0.1101235002952945,34
2847,0,6233,2116,4117,0,0,0,1.0,1,1.0,1,1.0,1,0.11235979570124131,35
2848,2,6235,2117,4118,0,0,0,1.0,1,1.0,1,1.0,1,0.14180438778347215,37
2849,1,6236,2118,4118,0,0,0,1.0,1,1.0,1,1.0,1,0.17484448944358907,37
2850,0,6236,2118,4118,0,0,0,1.0,1,1.0,1,1.0,1,0.17484448944358907,37
2851,3,6239,2118,4121,0,0,0,1.0,1,1.0,1,1.0,1,0.150843772048022,38
2852,1,6240,2118,4122,0,0,0,1.0,1,1.0,1,1.0,1,0.13278648424257494,36
2853,0,6240,2118,4122,0,0,0,1.0,1,1.0,1,1.0,1,0.16292940083631458,36
2854,0,6240,2118,4122,0,0,0,1.0,1,1.0,1,1.0,1,0.19012933931604126,37
2855,1,6241,2118,4123,0,0,0,1.0,1,1.0,1,1.0,1,0.21846556937843417,37
2856,2,6243,2118,4125,0,0,0,1.0,1,1.0,1,1.0,1,0.14727770340542198,38
2857,1,6244,2119,4125,0,0,0,1.0,1,1.0,1,1.0,1,0.2135470501313623,39
2858,2,6246,2119,4127,0,0,0,1.0,1,1.0,1,1.0,1,0.2189478052759252,39
2859,0,6246,2119,4127,0,0,0,1.0,1,1.0,1,1.0,1,0.2189478052759252,39
2860,3,6249,2120,4129,0,0,0,1.0,1,1.0,1,1.0,1,0.14445428729775872,40
2861,1,6250,2120,4130,0,0,0,1.0,1,1.0,1,1.0,1,0.08399018823563711,38
2862,5,6255,2125,4130,0,0,0,1.0,1,1.0,1,1.0,1,0.17817024508543966,38
2863,2,6257,2126,4131,0,0,0,1.0,1,1.0,1,1.0,1,0.1403789243311727,37
2864,9,6266,2131,4135,0,0,0,1.0,1,1.0,1,1.0,1,0.24337221166626988,35
2865,1,6267,2132,4135,0,0,0,1.0,1,1.0,1,1.0,1,0.24412433180547738,33
2866,5,6272,2133,4139,0,0,0,1.0,1,1.0,1,1.0,1,0.13009215296872295,31
2867,0,6272,2133,4139,0,0,0,1.0,1,1.0,1,1.0,1,0.15628226659460512,30
2868,3,6275,2135,4140,0,0,0,1.0,1,1.0,1,1.0,1,0.17365491968246918,31
2869,1,6276,2136,4140,0,0,0,1.0,1,1.0,1,1.0,1,0.23366107299643965,30
2870,1,6277,2136,4141,0,0,0,1.0,1,1.0,1,1.0,1,0.27598660375155304,26
2871,2,6279,2137,4142,0,0,0,1.0,1,1.0,1,1.0,1,0.2965216660229593,27
2872,0,6279,2137,4142,0,0,0,1.0,1,1.0,1,1.0,1,0.28647971135189926,25
2873,1,6280,2137,4143,0,0,0,1.0,1,1.0,1,1.0,1,0.28211713075072214,24
2874,0,6280,2137,4143,0,0,0,1.0,1,1.0,1,1.0,1,0.2636083333415567,25
2875,0,6280,2137,4143,0,0,0,1.0,1,1.0,1,1.0,1,0.28763949033685354,26
2876,5,6285,2138,4147,0,0,0,1.0,1,1.0,1,1.0,1,0.2383022791485059,28
2877,2,6287,2138,4149,0,0,0,1.0,1,1.0,1,1.0,1,0.22203727944938842,29
2878,1,6288,2138,4150,0,0,0,1.0,1,1.0,1,1.0,1,0.15941260976041183,31
2879,0,6288,2138,4150,0,0,0,1.0,1,1.0,1,1.0,1,0.15941260976041183,31
2880,1,6289,2138,4151,0,0,0,1.0,1,1.0,1,1.0,1,0.15557151931306207,32
2881,0,6289,2138,4151,0,0,0,1.0,1,1.0,1,1.0,1,0.15187013379388814,31
2882,0,6289,2138,4151,0,0,0,1.0,1,1.0,1,1.0,1,0.15187013379388814,31
2883,1,6290,2138,4152,0,0,0,1.0,1,1.0,1,1.0,1,0.16949544617622567,32
2884,1,6291,2139,4152,0,0,0,1.0,1,1.0,1,1.0,1,0.17982791277051277,32
2885,2,6293,2140,4153,0,0,0,1.0,1,1.0,1,1.0,1,0.18338655338745571,33
2886,3,6296,2142,4154,0,0,0,1.0,1,1.0,1,1.0,1,0.16594790062929116,34
2887,2,6298,2142,4156,0,0,0,1.0,1,1.0,1,1.0,1,0.1305587102916798,34
2888,0,6298,2142,4156,0,0,0,1.0,1,1.0,1,1.0,1,0.1305587102916798,34
2889,5,6303,2143,4160,0,0,0,1.0,1,1.0,1,1.0,1,0.06890252206914903,37
2890,1,6304,2143,4161,0,0,0,1.0,1,1.0,1,1.0,1,0.10317410829738201,37
2891,3,6307,2146,4161,0,0,0,1.0,1,1.0,1,1.0,1,0.1837533449236267,37
2892,1,6308,2146,4162,0,0,0,1.0,1,1.0,1,1.0,1,0.16661756712439224,37
2893,5,6313,2148,4165,0,0,0,1.0,1,1.0,1,1.0,1,0.18242659551752607,38
2894,6,6319,2148,4171,0,0,0,1.0,1,1.0,1,1.0,1,0.11943975233207438,39
2895,0,6319,2148,4171,0,0,0,1.0,1,1.0,1,1.0,1,0.10279262570163751,40
2896,3,6322,2150,4172,0,0,0,1.0,1,1.0,1,1.0,1,0.15895335618694137,41
2897,3,6325,2150,4175,0,0,0,1.0,1,1.0,1,1.0,1,0.13607764908810693,41
2898,2,6327,2151,4176,0,0,0,1.0,1,1.0,1,1.0,1,0.15769397040887614,41
2899,0,6327,2151,4176,0,0,0,1.0,1,1.0,1,1.0,1,0.14017857732811734,39
2900,4,6331,2153,4178,0,0,0,1.0,1,1.0,1,1.0,1,0.20573805552390123,40
2901,2,6333,2153,4180,0,0,0,1.0,1,1.0,1,1.0,1,0.17037454923557596,40
2902,3,6336,2154,4182,0,0,0,1.0,1,1.0,1,1.0,1,0.17515408680763034,38
2903,1,6337,2155,4182,0,0,0,1.0,1,1.0,1,1.0,1,0.16164826745555597,36
2904,1,6338,2155,4183,0,0,0,1.0,1,1.0,1,1.0,1,0.14076703427248405,36
2905,0,6338,2155,4183,0,0,0,1.0,1,1.0,1,1.0,1,0.1536075598034308,35
2906,0,6338,2155,4183,0,0,0,1.0,1,1.0,1,1.0,1,0.14169511455672415,36
2907,2,6340,2157,4183,0,0,0,1.0,1,1.0,1,1.0,1,0.2126956905989232,37
2908,2,6342,2158,4184,0,0,0,1.0,1,1.0,1,1.0,1,0.2340127687584086,38
2909,2,6344,2159,4185,0,0,0,1.0,1,1.0,1,1.0,1,0.2389044625774854,37
2910,2,6346,2159,4187,0,0,0,1.0,1,1.0,1,1.0,1,0.20666214755420134,37
2911,3,6349,2159,4190,0,0,0,1.0,1,1.0,1,1.0,1,0.16526071341713788,36
2912,1,6350,2160,4190,0,0,0,1.0,1,1.0,1,1.0,1,0.16582317590652074,36
2913,1,6351,2161,4190,0,0,0,1.0,1,1.0,1,1.0,1,0.168895044092686,36
2914,1,6352,2162,4190,0,0,0,1.0,1,1.0,1,1.0,1,0.20701506653169108,38
2915,0,6352,2162,4190,0,0,0,1.0,1,1.0,1,1.0,1,0.19930046974878574,37
2916,2,6354,2162,4192,0,0,0,1.0,1,1.0,1,1.0,1,0.17110270807653324,39
2917,5,6359,2164,4195,0,0,0,1.0,1,1.0,1,1.0,1,0.15950937301880164,40
2918,3,6362,2166,4196,0,0,0,1.0,1,1.0,1,1.0,1,0.17558271599051356,40
2919,3,6365,2167,4198,0,0,0,1.0,1,1.0,1,1.0,1,0.11503292809946411,42
2920,1,6366,2167,4199,0,0,0,1.0,1,1.0,1,1.0,1,0.12952433966465646,42
2921,2,6368,2167,4201,0,0,0,1.0,1,1.0,1,1.0,1,0.09642955621687686,42
2922,0,6368,2167,4201,0,0,0,1.0,1,1.0,1,1.0,1,0.07943875109643594,43
2923,1,6369,2167,4202,0,0,0,1.0,1,1.0,1,1.0,1,0.09409439598023717,45
2924,2,6371,2168,4203,0,0,0,1.0,1,1.0,1,1.0,1,0.1179694070391896,46
2925,0,6371,2168,4203,0,0,0,1.0,1,1.0,1,1.0,1,0.1179694070391896,46
2926,1,6372,2168,4204,0,0,0,1.0,1,1.0,1,1.0,1,0.10229927429319235,46
2927,1,6373,2168,4205,0,0,0,1.0,1,1.0,1,1.0,1,0.09837104703106941,48
2928,5,6378,2170,4208,0,0,0,1.0,1,1.0,1,1.0,1,0.10459620944481977,48
2929,0,6378,2170,4208,0,0,0,1.0,1,1.0,1,1.0,1,0.10459620944481977,48
2930,2,6380,2170,4210,0,0,0,1.0,1,1.0,1,1.0,1,0.13334084619235576,50
2931,5,6385,2171,4214,0,0,0,1.0,1,1.0,1,1.0,1,0.11369533553239168,51
2932,3,6388,2172,4216,0,0,0,1.0,1,1.0,1,1.0,1,0.1376974630043225,52
2933,3,6391,2172,4219,0,0,0,1.0,1,1.0,1,1.0,1,0.1214649927999564,53
2934,5,6396,2173,4223,0,0,0,1.0,1,1.0,1,1.0,1,0.16043338064100549,54
2935,6,6402,2174,4228,0,0,0,1.0,1,1.0,1,1.0,1,0.21213649525816233,53
2936,4,6406,2174,4232,0,0,0,1.0,1,1.0,1,1.0,1,0.1565257255021879,53
2937,0,6406,2174,4232,0,0,0,1.0,1,1.0,1,1.0,1,0.18308846990770866,51
2938,2,6408,2175,4233,0,0,0,1.0,1,1.0,1,1.0,1,0.18942931340684713,53
2939,1,6409,2175,4234,0,0,0,1.0,1,1.0,1,1.0,1,0.20287671580271915,52
2940,1,6410,2176,4234,0,0,0,1.0,1,1.0,1,1.0,1,0.19671762432047515,52
2941,4,6414,2177,4237,0,0,0,1.0,1,1.0,1,1.0,1,0.19935919772529606,50
2942,3,6417,2178,4239,0,0,0,1.0,1,1.0,1,1.0,1,0.21574880748508765,50
2943,4,6421,2178,4243,0,0,0,1.0,1,1.0,1,1.0,1,0.23632762614828395,49
2944,4,6425,2179,4246,0,0,0,1.0,1,1.0,1,1.0,1,0.15579923555775352,48
2945,5,6430,2180,4250,0,0,0,1.0,1,1.0,1,1.0,1,0.133194962341878,48
2946,4,6434,2181,4253,0,0,0,1.0,1,1.0,1,1.0,1,0.11735661914664344,47
2947,1,6435,2182,4253,0,0,0,1.0,1,1.0,1,1.0,1,0.11540803838626505,47
2948,2,6437,2182,4255,0,0,0,1.0,1,1.0,1,1.0,1,0.10495551552810223,48
2949,0,6437,2182,4255,0,0,0,1.0,1,1.0,1,1.0,1,0.10495551552810223,48
2950,3,6440,2182,4258,0,0,0,1.0,1,1.0,1,1.0,1,0.11104312150526735,48
2951,2,6442,2182,4260,0,0,0,1.0,1,1.0,1,1.0,1,0.10055457671764709,50
2952,0,6442,2182,4260,0,0,0,1.0,1,1.0,1,1.0,1,0.10055457671764709,50
2953,0,6442,2182,4260,0,0,0,1.0,1,1.0,1,1.0,1,0.1345755339667891,51
2954,0,6442,2182,4260,0,0,0,1.0,1,1.0,1,1.0,1,0.1345755339667891,51
2955,2,6444,2183,4261,0,0,0,1.0,1,1.0,1,1.0,1,0.14036896895621748,51
2956,3,6447,2184,4263,0,0,0,1.0,1,1.0,1,1.0,1,0.1396826369065785,51
2957,0,6447,2184,4263,0,0,0,1.0,1,1.0,1,1.0,1,0.15107136624146603,52
2958,1,6448,2184,4264,0,0,0,1.0,1,1.0,1,1.0,1,0.13741901097481624,52
2959,2,6450,2185,4265,0,0,0,1.0,1,1.0,1,1.0,1,0.12615235066348066,53
2960,1,6451,2186,4265,0,0,0,1.0,1,1.0,1,1.0,1,0.1262942589554678,52
2961,3,6454,2187,4267,0,0,0,1.0,1,1.0,1,1.0,1,0.06142579391191794,53
2962,2,6456,2187,4269,0,0,0,1.0,1,1.0,1,1.0,1,0.0786352918445847,54
2963,2,6458,2188,4270,0,0,0,1.0,1,1.0,1,1.0,1,0.0772215945274355,55
2964,0,6458,2188,4270,0,0,0,1.0,1,1.0,1,1.0,1,0.09384724196234201,55
2965,1,6459,2189,4270,0,0,0,1.0,1,1.0,1,1.0,1,0.12183342796964908,55
2966,2,6461,2190,4271,0,0,0,1.0,1,1.0,1,1.0,1,0.10122507400508104,55
2967,0,6461,2190,4271,0,0,0,1.0,1,1.0,1,1.0,1,0.14147339425222738,56
2968,0,6461,2190,4271,0,0,0,1.0,1,1.0,1,1.0,1,0.14147339425222738,56
2969,2,6463,2191,4272,0,0,0,1.0,1,1.0,1,1.0,1,0.18472208423890657,55
2970,6,6469,2192,4277,0,0,0,1.0,1,1.0,1,1.0,1,0.17536753125977442,57
2971,3,6472,2193,4279,0,0,0,1.0,1,1.0,1,1.0,1,0.16964012508977497,56
2972,3,6475,2194,4281,0,0,0,1.0,1,1.0,1,1.0,1,0.15768920391465516,57
2973,2,6477,2194,4283,0,0,0,1.0,1,1.0,1,1.0,1,0.1443979651972333,59
2974,1,6478,2194,4284,0,0,0,1.0,1,1.0,1,1.0,1,0.11889300899565908,60
2975,2,6480,2196,4284,0,0,0,1.0,1,1.0,1,1.0,1,0.15386663374347373,58
2976,5,6485,2196,4289,0,0,0,1.0,1,1.0,1,1.0,1,0.07450842866538954,59
2977,3,6488,2197,4291,0,0,0,1.0,1,1.0,1,1.0,1,0.069227675120382,59
2978,0,6488,2197,4291,0,0,0,1.0,1,1.0,1,1.0,1,0.06482550632686065,58
2979,2,6490,2198,4292,0,0,0,1.0,1,1.0,1,1.0,1,0.07294481293002153,57
2980,0,6490,2198,4292,0,0,0,1.0,1,1.0,1,1.0,1,0.0784449593442112,56
2981,1,6491,2199,4292,0,0,0,1.0,1,1.0,1,1.0,1,0.11754251575568067,56
2982,4,6495,2201,4294,0,0,0,1.0,1,1.0,1,1.0,1,0.10950489024738728,57
2983,4,6499,2203,4296,0,0,0,1.0,1,1.0,1,1.0,1,0.1393184776286323,57
2984,1,6500,2203,4297,0,0,0,1.0,1,1.0,1,1.0,1,0.11992186624648593,56
2985,3,6503,2205,4298,0,0,0,1.0,1,1.0,1,1.0,1,0.1524492754388976,55
2986,10,6513,2208,4305,0,0,0,1.0,1,1.0,1,1.0,1,0.09265936916602745,55
2987,0,6513,2208,4305,0,0,0,1.0,1,1.0,1,1.0,1,0.0956686861096459,51
2988,4,6517,2210,4307,0,0,0,1.0,1,1.0,1,1.0,1,0.12299461454864757,52
2989,2,6519,2210,4309,0,0,0,1.0,1,1.0,1,1.0,1,0.1081094760829653,50
2990,1,6520,2211,4309,0,0,0,1.0,1,1.0,1,1.0,1,0.12107549362855484,50
2991,1,6521,2211,4310,0,0,0,1.0,1,1.0,1,1.0,1,0.08300294638498733,50
2992,2,6523,2212,4311,0,0,0,1.0,1,1.0,1,1.0,1,0.0723599231959899,50
2993,1,6524,2212,4312,0,0,0,1.0,1,1.0,1,1.0,1,0.10382341619354754,51
2994,4,6528,2214,4314,0,0,0,1.0,1,1.0,1,1.0,1,0.13710737346374824,51
2995,2,6530,2214,4316,0,0,0,1.0,1,1.0,1,1.0,1,0.13514699557420923,51
2996,4,6534,2215,4319,0,0,0,1.0,1,1.0,1,1.0,1,0.09967710614759266,52
2997,4,6538,2216,4322,0,0,0,1.0,1,1.0,1,1.0,1,0.07608605624050467,52
2998,1,6539,2217,4322,0,0,0,1.0,1,1.0,1,1.0,1,0.09609002527768433,51
2999,0,6539,2217,4322,0,0,0,1.0,1,1.0,1,1.0,1,0.09609002527768433,51
3000,3,6542,2219,4323,0,0,0,1.0,1,1.0,1,1.0,1,0.07788581824671749,52
3001,1,6543,2219,4324,0,0,0,1.0,1,1.0,1,1.0,1,0.06801503829263002,52
3002,2,6545,2220,4325,0,0,0,1.0,1,1.0,1,1.0,1,0.11793401557559466,53
3003,1,6546,2220,4326,0,0,0,1.0,1,1.0,1,1.0,1,0.11308646120404466,54
3004,1,6547,2220,4327,0,0,0,1.0,1,1.0,1,1.0,1,0.12224479306408574,55
3005,0,6547,2220,4327,0,0,0,1.0,1,1.0,1,1.0,1,0.1340120727309159,56
3006,3,6550,2221,4329,0,0,0,1.0,1,1.0,1,1.0,1,0.12945221161122294,57
3007,1,6551,2221,4330,0,0,0,1.0,1,1.0,1,1.0,1,0.12133559899638026,58
3008,4,6555,2225,4330,0,0,0,1.0,1,1.0,1,1.0,1,0.1840094124939343,59
3009,1,6556,2225,4331,0,0,0,1.0,1,1.0,1,1.0,1,0.18204668577318522,59
3010,0,6556,2225,4331,0,0,0,1.0,1,1.0,1,1.0,1,0.18204668577318522,59
3011,4,6560,2225,4335,0,0,0,1.0,1,1.0,1,1.0,1,0.13114760196403644,59
3012,3,6563,2226,4337,0,0,0,1.0,1,1.0,1,1.0,1,0.11463065495207475,61
3013,1,6564,2227,4337,0,0,0,1.0,1,1.0,1,1.0,1,0.13200124827893758,59
3014,1,6565,2228,4337,0,0,0,1.0,1,1.0,1,1.0,1,0.155034235324256,60
3015,2,6567,2229,4338,0,0,0,1.0,1,1.0,1,1.0,1,0.17847260951849153,58
3016,3,6570,2229,4341,0,0,0,1.0,1,1.0,1,1.0,1,0.1705955304966382,57
3017,2,6572,2231,4341,0,0,0,1.0,1,1.0,1,1.0,1,0.18654600313340602,58
3018,1,6573,2231,4342,0,0,0,1.0,1,1.0,1,1.0,1,0.2078317366183242,55
3019,1,6574,2232,4342,0,0,0,1.0,1,1.0,1,1.0,1,0.20113500638886056,56
3020,1,6575,2232,4343,0,0,0,1.0,1,1.0,1,1.0,1,0.2481885649461275,55
3021,7,6582,2233,4349,0,0,0,1.0,1,1.0,1,1.0,1,0.16974801221432984,55
3022,4,6586,2234,4352,0,0,0,1.0,1,1.0,1,1.0,1,0.15167773868297255,55
3023,2,6588,2235,4353,0,0,0,1.0,1,1.0,1,1.0,1,0.14350157211827452,54
3024,4,6592,2236,4356,0,0,0,1.0,1,1.0,1,1.0,1,0.14088535183803746,54
3025,5,6597,2239,4358,0,0,0,1.0,1,1.0,1,1.0,1,0.14307199777920546,54
3026,4,6601,2239,4362,0,0,0,1.0,1,1.0,1,1.0,1,0.07872841023004683,53
3027,4,6605,2242,4363,0,0,0,1.0,1,1.0,1,1.0,1,0.0889378243236023,53
3028,3,6608,2244,4364,0,0,0,1.0,1,1.0,1,1.0,1,0.10881000253192073,51
3029,0,6608,2244,4364,0,0,0,1.0,1,1.0,1,1.0,1,0.12153613752665633,51
3030,3,6611,2246,4365,0,0,0,1.0,1,1.0,1,1.0,1,0.11955703261852284,52
3031,4,6615,2246,4369,0,0,0,1.0,1,1.0,1,1.0,1,0.09126944049713019,51
3032,0,6615,2246,4369,0,0,0,1.0,1,1.0,1,1.0,1,0.07920549668505597,50
3033,3,6618,2247,4371,0,0,0,1.0,1,1.0,1,1.0,1,0.062393660443484045,52
3034,0,6618,2247,4371,0,0,0,1.0,1,1.0,1,1.0,1,0.049137171402356516,51
3035,0,6618,2247,4371,0,0,0,1.0,1,1.0,1,1.0,1,0.04961109619741437,51
3036,0,6618,2247,4371,0,0,0,1.0,1,1.0,1,1.0,1,0.03871480828584734,53
3037,0,6618,2247,4371,0,0,0,1.0,1,1.0,1,1.0,1,0.04555294643509538,52
3038,2,6620,2248,4372,0,0,0,1.0,1,1.0,1,1.0,1,0.045571621270955265,52
3039,2,6622,2249,4373,0,0,0,1.0,1,1.0,1,1.0,1,0.07286365849937046,54
3040,1,6623,2249,4374,0,0,0,1.0,1,1.0,1,1.0,1,0.05376360056675721,55
3041,0,6623,2249,4374,0,0,0,1.0,1,1.0,1,1.0,1,0.06612556210534914,56
3042,3,6626,2252,4374,0,0,0,1.0,1,1.0,1,1.0,1,0.10873808834691567,56
3043,3,6629,2253,4376,0,0,0,1.0,1,1.0,1,1.0,1,0.11640927773283165,57
3044,5,6634,2256,4378,0,0,0,1.0,1,1.0,1,1.0,1,0.14002176188852156,57
3045,3,6637,2257,4380,0,0,0,1.0,1,1.0,1,1.0,1,0.1393171563320393,56
3046,7,6644,2259,4385,0,0,0,1.0,1,1.0,1,1.0,1,0.09470946761912916,57
3047,0,6644,2259,4385,0,0,0,1.0,1,1.0,1,1.0,1,0.09519980750521956,56
3048,3,6647,2260,4387,0,0,0,1.0,1,1.0,1,1.0,1,0.13650166396054964,58
3049,3,6650,2260,4390,0,0,0,1.0,1,1.0,1,1.0,1,0.1399865115688457,59
3050,2,6652,2261,4391,0,0,0,1.0,1,1.0,1,1.0,1,0.1070093884342174,60
3051,4,6656,2262,4394,0,0,0,1.0,1,1.0,1,1.0,1,0.0960916508607896,59
3052,0,6656,2262,4394,0,0,0,1.0,1,1.0,1,1.0,1,0.087298447585412,58
3053,0,6656,2262,4394,0,0,0,1.0,1,1.0,1,1.0,1,0.09167460125457927,57
3054,2,6658,2264,4394,0,0,0,1.0,1,1.0,1,1.0,1,0.13857928547877466,55
3055,3,6661,2267,4394,0,0,0,1.0,1,1.0,1,1.0,1,0.16670818854239428,54
3056,8,6669,2270,4399,0,0,0,1.0,1,1.0,1,1.0,1,0.17787539673404282,55
3057,1,6670,2270,4400,0,0,0,1.0,1,1.0,1,1.0,1,0.19042913582652024,54
3058,2,6672,2271,4401,0,0,0,1.0,1,1.0,1,1.0,1,0.2103676653153026,55
3059,1,6673,2271,4402,0,0,0,1.0,1,1.0,1,1.0,1,0.20251319504238566,56
3060,1,6674,2271,4403,0,0,0,1.0,1,1.0,1,1.0,1,0.2006248335721292,56
3061,1,6675,2271,4404,0,0,0,1.0,1,1.0,1,1.0,1,0.19137261861465296,56
3062,2,6677,2273,4404,0,0,0,1.0,1,1.0,1,1.0,1,0.22446859524953458,57
3063,2,6679,2274,4405,0,0,0,1.0,1,1.0,1,1.0,1,0.17612674644175033,55
3064,4,6683,2276,4407,0,0,0,1.0,1,1.0,1,1.0,1,0.16325799319959813,56
3065,1,6684,2276,4408,0,0,0,1.0,1,1.0,1,1.0,1,0.1474480668598956,55
3066,3,6687,2277,4410,0,0,0,1.0,1,1.0,1,1.0,1,0.13763625237364513,55
3067,3,6690,2278,4412,0,0,0,1.0,1,1.0,1,1.0,1,0.1144213888794322,54
3068,6,6696,2281,4415,0,0,0,1.0,1,1.0,1,1.0,1,0.10317693860201443,53
3069,2,6698,2283,4415,0,0,0,1.0,1,1.0,1,1.0,1,0.13332614750935035,51
3070,0,6698,2283,4415,0,0,0,1.0,1,1.0,1,1.0,1,0.1509461731187047,50
3071,5,6703,2284,4419,0,0,0,1.0,1,1.0,1,1.0,1,0.08473626994212778,51
3072,1,6704,2285,4419,0,0,0,1.0,1,1.0,1,1.0,1,0.11120465925318367,53
3073,0,6704,2285,4419,0,0,0,1.0,1,1.0,1,1.0,1,0.10518582511872286,51
3074,0,6704,2285,4419,0,0,0,1.0,1,1.0,1,1.0,1,0.10904938795360318,50
3075,1,6705,2285,4420,0,0,0,1.0,1,1.0,1,1.0,1,0.10883318632782853,52
3076,3,6708,2286,4422,0,0,0,1.0,1,1.0,1,1.0,1,0.11495349468979577,53
3077,1,6709,2286,4423,0,0,0,1.0,1,1.0,1,1.0,1,0.08311169008878522,52
3078,0,6709,2286,4423,0,0,0,1.0,1,1.0,1,1.0,1,0.11446399844684527,53
3079,1,6710,2287,4423,0,0,0,1.0,1,1.0,1,1.0,1,0.1297699304164187,53
3080,0,6710,2287,4423,0,0,0,1.0,1,1.0,1,1.0,1,0.1474172612717509,52
3081,2,6712,2288,4424,0,0,0,1.0,1,1.0,1,1.0,1,0.166158993254995,54
3082,5,6717,2292,4425,0,0,0,1.0,1,1.0,1,1.0,1,0.2047224662445324,54
3083,1,6718,2292,4426,0,0,0,1.0,1,1.0,1,1.0,1,0.19726479761314658,54
3084,1,6719,2293,4426,0,0,0,1.0,1,1.0,1,1.0,1,0.21303747426839612,55
3085,4,6723,2295,4428,0,0,0,1.0,1,1.0,1,1.0,1,0.25354679067408253,55
3086,5,6728,2295,4433,0,0,0,1.0,1,1.0,1,1.0,1,0.20219491095090206,56
3087,0,6728,2295,4433,0,0,0,1.0,1,1.0,1,1.0,1,0.20929089024405706,57
3088,0,6728,2295,4433,0,0,0,1.0,1,1.0,1,1.0,1,0.2067740900507927,56
3089,1,6729,2296,4433,0,0,0,1.0,1,1.0,1,1.0,1,0.2445310513905819,55
3090,2,6731,2296,4435,0,0,0,1.0,1,1.0,1,1.0,1,0.2436959891919347,54
3091,1,6732,2296,4436,0,0,0,1.0,1,1.0,1,1.0,1,0.2521102761616355,53
3092,2,6734,2296,4438,0,0,0,1.0,1,1.0,1,1.0,1,0.20040937115402693,56
3093,0,6734,2296,4438,0,0,0,1.0,1,1.0,1,1.0,1,0.20040937115402693,56
3094,0,6734,2296,4438,0,0,0,1.0,1,1.0,1,1.0,1,0.20516305607774896,58
3095,2,6736,2296,4440,0,0,0,1.0,1,1.0,1,1.0,1,0.18507356581871748,59
3096,0,6736,2296,4440,0,0,0,1.0,1,1.0,1,1.0,1,0.18928071690736933,60
3097,1,6737,2296,4441,0,0,0,1.0,1,1.0,1,1.0,1,0.1883311666633236,60
3098,1,6738,2297,4441,0,0,0,1.0,1,1.0,1,1.0,1,0.2251487996163635,58
3099,2,6740,2297,4443,0,0,0,1.0,1,1.0,1,1.0,1,0.22298516644396352,57
3100,0,6740,2297,4443,0,0,0,1.0,1,1.0,1,1.0,1,0.22298516644396352,57
3101,3,6743,2298,4445,0,0,0,1.0,1,1.0,1,1.0,1,0.19762048870758456,58
3102,4,6747,2299,4448,0,0,0,1.0,1,1.0,1,1.0,1,0.1928464912596074,59
3103,6,6753,2300,4453,0,0,0,1.0,1,1.0,1,1.0,1,0.15444220256079078,58
3104,4,6757,2302,4455,0,0,0,1.0,1,1.0,1,1.0,1,0.13465357825577118,58
3105,2,6759,2303,4456,0,0,0,1.0,1,1.0,1,1.0,1,0.12376980079060745,56
3106,7,6766,2306,4460,0,0,0,1.0,1,1.0,1,1.0,1,0.14881037320108345,57
3107,3,6769,2307,4462,0,0,0,1.0,1,1.0,1,1.0,1,0.11527390051042176,55
3108,3,6772,2309,4463,0,0,0,1.0,1,1.0,1,1.0,1,0.12056232868792764,55
3109,4,6776,2311,4465,0,0,0,1.0,1,1.0,1,1.0,1,0.09835772434636704,54
3110,3,6779,2312,4467,0,0,0,1.0,1,1.0,1,1.0,1,0.07105050914280328,54
3111,1,6780,2313,4467,0,0,0,1.0,1,1.0,1,1.0,1,0.08258271960505612,54
3112,6,6786,2318,4468,0,0,0,1.0,1,1.0,1,1.0,1,0.1293857805018928,56
3113,2,6788,2320,4468,0,0,0,1.0,1,1.0,1,1.0,1,0.1683297471643926,55
3114,5,6793,2322,4471,0,0,0,1.0,1,1.0,1,1.0,1,0.15267318773040173,54
3115,3,6796,2322,4474,0,0,0,1.0,1,1.0,1,1.0,1,0.12581484780530003,56
3116,3,6799,2323,4476,0,0,0,1.0,1,1.0,1,1.0,1,0.10029196932690844,56
3117,3,6802,2323,4479,0,0,0,1.0,1,1.0,1,1.0,1,0.12233958583097548,58
3118,2,6804,2324,4480,0,0,0,1.0,1,1.0,1,1.0,1,0.10685393451816447,57
3119,2,6806,2325,4481,0,0,0,1.0,1,1.0,1,1.0,1,0.09811394283836511,57
3120,0,6806,2325,4481,0,0,0,1.0,1,1.0,1,1.0,1,0.0928777194392201,56
3121,2,6808,2326,4482,0,0,0,1.0,1,1.0,1,1.0,1,0.07159350627127677,57
3122,0,6808,2326,4482,0,0,0,1.0,1,1.0,1,1.0,1,0.07159350627127677,57
3123,0,6808,2326,4482,0,0,0,1.0,1,1.0,1,1.0,1,0.07159350627127677,57
3124,0,6808,2326,4482,0,0,0,1.0,1,1.0,1,1.0,1,0.0826120192688526,59
3125,2,6810,2327,4483,0,0,0,1.0,1,1.0,1,1.0,1,0.08803199228159475,61
3126,3,6813,2328,4485,0,0,0,1.0,1,1.0,1,1.0,1,0.08980651232730849,60
3127,1,6814,2329,4485,0,0,0,1.0,1,1.0,1,1.0,1,0.11485491401642367,58
3128,5,6819,2330,4489,0,0,0,1.0,1,1.0,1,1.0,1,0.11734999996599953,58
3129,1,6820,2330,4490,0,0,0,1.0,1,1.0,1,1.0,1,0.1182629983031177,56
3130,0,6820,2330,4490,0,0,0,1.0,1,1.0,1,1.0,1,0.14399965554700556,56
3131,4,6824,2330,4494,0,0,0,1.0,1,1.0,1,1.0,1,0.1181706749238373,55
3132,3,6827,2331,4496,0,0,0,1.0,1,1.0,1,1.0,1,0.15186030646401116,53
3133,1,6828,2331,4497,0,0,0,1.0,1,1.0,1,1.0,1,0.13052360940273494,52
3134,3,6831,2333,4498,0,0,0,1.0,1,1.0,1,1.0,1,0.1691639428597857,52
3135,3,6834,2334,4500,0,0,0,1.0,1,1.0,1,1.0,1,0.11499641952441679,53
3136,5,6839,2336,4503,0,0,0,1.0,1,1.0,1,1.0,1,0.11423946153782062,54
3137,2,6841,2337,4504,0,0,0,1.0,1,1.0,1,1.0,1,0.1321918109981,55
3138,10,6851,2340,4511,0,0,0,1.0,1,1.0,1,1.0,1,0.09793672035577716,57
3139,3,6854,2341,4513,0,0,0,1.0,1,1.0,1,1.0,1,0.10355923029074117,56
3140,0,6854,2341,4513,0,0,0,1.0,1,1.0,1,1.0,1,0.09958183556370241,56
3141,1,6855,2342,4513,0,0,0,1.0,1,1.0,1,1.0,1,0.12288164471992014,56
3142,1,6856,2343,4513,0,0,0,1.0,1,1.0,1,1.0,1,0.13237868064717076,56
3143,2,6858,2344,4514,0,0,0,1.0,1,1.0,1,1.0,1,0.13598659653616826,56
3144,0,6858,2344,4514,0,0,0,1.0,1,1.0,1,1.0,1,0.14004470264662292,54
3145,6,6864,2346,4518,0,0,0,1.0,1,1.0,1,1.0,1,0.09645064472143705,55
3146,4,6868,2347,4521,0,0,0,1.0,1,1.0,1,1.0,1,0.06936139516737425,53
3147,0,6868,2347,4521,0,0,0,1.0,1,1.0,1,1.0,1,0.08705514722045171,54
3148,1,6869,2348,4521,0,0,0,1.0,1,1.0,1,1.0,1,0.10114025335011519,54
3149,1,6870,2349,4521,0,0,0,1.0,1,1.0,1,1.0,1,0.11732704958353202,53
3150,1,6871,2349,4522,0,0,0,1.0,1,1.0,1,1.0,1,0.0923247315280344,53
3151,3,6874,2349,4525,0,0,0,1.0,1,1.0,1,1.0,1,0.0607848976890206,53
3152,0,6874,2349,4525,0,0,0,1.0,1,1.0,1,1.0,1,0.06646328662579294,54
3153,1,6875,2350,4525,0,0,0,1.0,1,1.0,1,1.0,1,0.09664217311019004,53
3154,2,6877,2351,4526,0,0,0,1.0,1,1.0,1,1.0,1,0.12225462637291316,55
3155,0,6877,2351,4526,0,0,0,1.0,1,1.0,1,1.0,1,0.11404098459976529,56
3156,6,6883,2352,4531,0,0,0,1.0,1,1.0,1,1.0,1,0.08667267123004527,56
3157,0,6883,2352,4531,0,0,0,1.0,1,1.0,1,1.0,1,0.08667267123004527,56
3158,3,6886,2352,4534,0,0,0,1.0,1,1.0,1,1.0,1,0.06776519066799047,57
3159,0,6886,2352,4534,0,0,0,1.0,1,1.0,1,1.0,1,0.07156422565272948,56
3160,2,6888,2353,4535,0,0,0,1.0,1,1.0,1,1.0,1,0.0963834824622429,58
3161,2,6890,2354,4536,0,0,0,1.0,1,1.0,1,1.0,1,0.1067970988166556,59
3162,1,6891,2354,4537,0,0,0,1.0,1,1.0,1,1.0,1,0.10293675718627329,59
3163,3,6894,2356,4538,0,0,0,1.0,1,1.0,1,1.0,1,0.12239011222907187,59
3164,3,6897,2356,4541,0,0,0,1.0,1,1.0,1,1.0,1,0.11845942799035278,60
3165,3,6900,2357,4543,0,0,0,1.0,1,1.0,1,1.0,1,0.10924709763604033,58
3166,4,6904,2358,4546,0,0,0,1.0,1,1.0,1,1.0,1,0.08751453583866461,59
3167,2,6906,2359,4547,0,0,0,1.0,1,1.0,1,1.0,1,0.1040176955948939,57
3168,1,6907,2360,4547,0,0,0,1.0,1,1.0,1,1.0,1,0.12613295343156997,58
3169,1,6908,2361,4547,0,0,0,1.0,1,1.0,1,1.0,1,0.12380564332915947,57
3170,2,6910,2363,4547,0,0,0,1.0,1,1.0,1,1.0,1,0.1297440374990103,55
3171,9,6919,2368,4551,0,0,0,1.0,1,1.0,1,1.0,1,0.15268179949417882,56
3172,3,6922,2369,4553,0,0,0,1.0,1,1.0,1,1.0,1,0.15731173804566848,54
3173,3,6925,2371,4554,0,0,0,1.0,1,1.0,1,1.0,1,0.18555520647076362,53
3174,1,6926,2371,4555,0,0,0,1.0,1,1.0,1,1.0,1,0.16015259945854096,53
3175,1,6927,2372,4555,0,0,0,1.0,1,1.0,1,1.0,1,0.15823505766661644,52
3176,7,6934,2375,4559,0,0,0,1.0,1,1.0,1,1.0,1,0.11920082292795803,53
3177,5,6939,2377,4562,0,0,0,1.0,1,1.0,1,1.0,1,0.11788620123289174,52
3178,5,6944,2379,4565,0,0,0,1.0,1,1.0,1,1.0,1,0.15020282487612854,53
3179,2,6946,2379,4567,0,0,0,1.0,1,1.0,1,1.0,1,0.13621445371933813,54
3180,1,6947,2379,4568,0,0,0,1.0,1,1.0,1,1.0,1,0.18939905700253223,54
3181,5,6952,2379,4573,0,0,0,1.0,1,1.0,1,1.0,1,0.12820163872253468,55
3182,1,6953,2379,4574,0,0,0,1.0,1,1.0,1,1.0,1,0.11385848289905265,54
3183,4,6957,2380,4577,0,0,0,1.0,1,1.0,1,1.0,1,0.1566163756447049,56
3184,10,6967,2383,4584,0,0,0,1.0,1,1.0,1,1.0,1,0.10260251837208312,54
3185,5,6972,2383,4589,0,0,0,1.0,1,1.0,1,1.0,1,0.09862183501230251,53
3186,5,6977,2384,4593,0,0,0,1.0,1,1.0,1,1.0,1,0.08238929925841869,52
3187,0,6977,2384,4593,0,0,0,1.0,1,1.0,1,1.0,1,0.09866188655385179,50
3188,1,6978,2385,4593,0,0,0,1.0,1,1.0,1,1.0,1,0.10564198775000222,50
3189,1,6979,2385,4594,0,0,0,1.0,1,1.0,1,1.0,1,0.1266931414919098,49
3190,1,6980,2386,4594,0,0,0,1.0,1,1.0,1,1.0,1,0.14646601659713337,50
3191,4,6984,2387,4597,0,0,0,1.0,1,1.0,1,1.0,1,0.1556303655266852,49
3192,1,6985,2387,4598,0,0,0,1.0,1,1.0,1,1.0,1,0.13106715402362495,49
3193,0,6985,2387,4598,0,0,0,1.0,1,1.0,1,1.0,1,0.1339550955531828,49
3194,2,6987,2389,4598,0,0,0,1.0,1,1.0,1,1.0,1,0.20835387798189983,50
3195,1,6988,2389,4599,0,0,0,1.0,1,1.0,1,1.0,1,0.1751644979173435,49
3196,4,6992,2389,4603,0,0,0,1.0,1,1.0,1,1.0,1,0.13681509388534976,49
3197,1,6993,2389,4604,0,0,0,1.0,1,1.0,1,1.0,1,0.1003536749973384,50
3198,2,6995,2390,4605,0,0,0,1.0,1,1.0,1,1.0,1,0.08365764519212233,50
3199,2,6997,2390,4607,0,0,0,1.0,1,1.0,1,1.0,1,0.10743466185788599,52
3200,2,6999,2391,4608,0,0,0,1.0,1,1.0,1,1.0,1,0.11784066609621943,53
3201,2,7001,2391,4610,0,0,0,1.0,1,1.0,1,1.0,1,0.09609182674575183,55
3202,3,7004,2392,4612,0,0,0,1.0,1,1.0,1,1.0,1,0.07251701940046175,55
3203,0,7004,2392,4612,0,0,0,1.0,1,1.0,1,1.0,1,0.07374115774888877,53
3204,2,7006,2392,4614,0,0,0,1.0,1,1.0,1,1.0,1,0.10977951531840972,53
3205,4,7010,2394,4616,0,0,0,1.0,1,1.0,1,1.0,1,0.15945868182346776,53
3206,4,7014,2394,4620,0,0,0,1.0,1,1.0,1,1.0,1,0.13444628170587222,52
3207,0,7014,2394,4620,0,0,0,1.0,1,1.0,1,1.0,1,0.1320696127847986,53
3208,0,7014,2394,4620,0,0,0,1.0,1,1.0,1,1.0,1,0.20359089155110693,51
3209,4,7018,2396,4622,0,0,0,1.0,1,1.0,1,1.0,1,0.23762022089713725,52
3210,5,7023,2396,4627,0,0,0,1.0,1,1.0,1,1.0,1,0.19976209835712921,49
3211,6,7029,2398,4631,0,0,0,1.0,1,1.0,1,1.0,1,0.17454139719159562,48
3212,2,7031,2398,4633,0,0,0,1.0,1,1.0,1,1.0,1,0.16103311735874914,48
3213,2,7033,2398,4635,0,0,0,1.0,1,1.0,1,1.0,1,0.15881301605142967,49
3214,2,7035,2400,4635,0,0,0,1.0,1,1.0,1,1.0,1,0.09944876199939626,51
3215,2,7037,2400,4637,0,0,0,1.0,1,1.0,1,1.0,1,0.09271781480689033,51
3216,2,7039,2401,4638,0,0,0,1.0,1,1.0,1,1.0,1,0.0658912410386484,51
3217,0,7039,2401,4638,0,0,0,1.0,1,1.0,1,1.0,1,0.0658912410386484,51
3218,0,7039,2401,4638,0,0,0,1.0,1,1.0,1,1.0,1,0.0658912410386484,51
3219,0,7039,2401,4638,0,0,0,1.0,1,1.0,1,1.0,1,0.06054738000951604,52
3220,0,7039,2401,4638,0,0,0,1.0,1,1.0,1,1.0,1,0.06054738000951604,52
3221,3,7042,2402,4640,0,0,0,1.0,1,1.0,1,1.0,1,0.05261287136797337,54
3222,0,7042,2402,4640,0,0,0,1.0,1,1.0,1,1.0,1,0.05217867790171401,54
3223,0,7042,2402,4640,0,0,0,1.0,1,1.0,1,1.0,1,0.06828327222513139,56
3224,1,7043,2403,4640,0,0,0,1.0,1,1.0,1,1.0,1,0.080558534960691,57
3225,2,7045,2403,4642,0,0,0,1.0,1,1.0,1,1.0,1,0.09410600681718342,58
3226,1,7046,2403,4643,0,0,0,1.0,1,1.0,1,1.0,1,0.0673843012497755,58
3227,0,7046,2403,4643,0,0,0,1.0,1,1.0,1,1.0,1,0.0673843012497755,58
3228,0,7046,2403,4643,0,0,0,1.0,1,1.0,1,1.0,1,0.0673843012497755,58
3229,2,7048,2405,4643,0,0,0,1.0,1,1.0,1,1.0,1,0.15865404819890908,60
3230,3,7051,2405,4646,0,0,0,1.0,1,1.0,1,1.0,1,0.12260820211487092,61
3231,2,7053,2406,4647,0,0,0,1.0,1,1.0,1,1.0,1,0.11542277764695723,61
3232,1,7054,2406,4648,0,0,0,1.0,1,1.0,1,1.0,1,0.10886798832417878,61
3233,0,7054,2406,4648,0,0,0,1.0,1,1.0,1,1.0,1,0.12617996006237053,63
3234,2,7056,2407,4649,0,0,0,1.0,1,1.0,1,1.0,1,0.1599601425857572,64
3235,3,7059,2407,4652,0,0,0,1.0,1,1.0,1,1.0,1,0.1395337208353671,65
3236,3,7062,2407,4655,0,0,0,1.0,1,1.0,1,1.0,1,0.1265568581447415,66
3237,2,7064,2407,4657,0,0,0,1.0,1,1.0,1,1.0,1,0.10235693976345532,67
3238,0,7064,2407,4657,0,0,0,1.0,1,1.0,1,1.0,1,0.10235693976345532,67
3239,1,7065,2407,4658,0,0,0,1.0,1,1.0,1,1.0,1,0.11165192665365635,69
3240,0,7065,2407,4658,0,0,0,1.0,1,1.0,1,1.0,1,0.11165192665365635,69
3241,3,7068,2408,4660,0,0,0,1.0,1,1.0,1,1.0,1,0.09087124497121159,68
3242,1,7069,2409,4660,0,0,0,1.0,1,1.0,1,1.0,1,0.10884137671891415,67
3243,2,7071,2410,4661,0,0,0,1.0,1,1.0,1,1.0,1,0.0860298496060053,68
3244,0,7071,2410,4661,0,0,0,1.0,1,1.0,1,1.0,1,0.08202955686674235,68
3245,1,7072,2411,4661,0,0,0,1.0,1,1.0,1,1.0,1,0.08993326365295366,69
3246,2,7074,2412,4662,0,0,0,1.0,1,1.0,1,1.0,1,0.09486843446033358,68
3247,2,7076,2412,4664,0,0,0,1.0,1,1.0,1,1.0,1,0.0747457032117245,68
3248,5,7081,2415,4666,0,0,0,1.0,1,1.0,1,1.0,1,0.09068170814979491,68
3249,1,7082,2415,4667,0,0,0,1.0,1,1.0,1,1.0,1,0.07243511838457686,69
3250,1,7083,2416,4667,0,0,0,1.0,1,1.0,1,1.0,1,0.08003720294184377,69
3251,3,7086,2417,4669,0,0,0,1.0,1,1.0,1,1.0,1,0.0924310624000345,68
3252,0,7086,2417,4669,0,0,0,1.0,1,1.0,1,1.0,1,0.07674119359546883,68
3253,1,7087,2417,4670,0,0,0,1.0,1,1.0,1,1.0,1,0.08457526475860094,69
3254,1,7088,2417,4671,0,0,0,1.0,1,1.0,1,1.0,1,0.06752913201179161,69
3255,0,7088,2417,4671,0,0,0,1.0,1,1.0,1,1.0,1,0.08110418611760042,70
3256,1,7089,2417,4672,0,0,0,1.0,1,1.0,1,1.0,1,0.07523244648869924,70
3257,0,7089,2417,4672,0,0,0,1.0,1,1.0,1,1.0,1,0.08487933448187171,71
3258,2,7091,2418,4673,0,0,0,1.0,1,1.0,1,1.0,1,0.07324457962334903,72
3259,2,7093,2420,4673,0,0,0,1.0,1,1.0,1,1.0,1,0.10992803333282997,71
3260,1,7094,2420,4674,0,0,0,1.0,1,1.0,1,1.0,1,0.1177489061271046,72
3261,4,7098,2420,4678,0,0,0,1.0,1,1.0,1,1.0,1,0.0837185705915781,74
3262,4,7102,2422,4680,0,0,0,1.0,1,1.0,1,1.0,1,0.08912778368655433,73
3263,5,7107,2424,4683,0,0,0,1.0,1,1.0,1,1.0,1,0.11680119427546012,73
3264,2,7109,2425,4684,0,0,0,1.0,1,1.0,1,1.0,1,0.15244282428802422,71
3265,3,7112,2427,4685,0,0,0,1.0,1,1.0,1,1.0,1,0.18595317509278184,70
3266,11,7123,2430,4693,0,0,0,1.0,1,1.0,1,1.0,1,0.11025996533270525,69
3267,5,7128,2431,4697,0,0,0,1.0,1,1.0,1,1.0,1,0.1304895474053342,69
3268,5,7133,2433,4700,0,0,0,1.0,1,1.0,1,1.0,1,0.14700432043266284,68
3269,5,7138,2434,4704,0,0,0,1.0,1,1.0,1,1.0,1,0.1674933944164743,68
3270,3,7141,2434,4707,0,0,0,1.0,1,1.0,1,1.0,1,0.18944237985277512,67
3271,3,7144,2434,4710,0,0,0,1.0,1,1.0,1,1.0,1,0.1573178750481654,66
3272,0,7144,2434,4710,0,0,0,1.0,1,1.0,1,1.0,1,0.1401812744509046,67
3273,2,7146,2434,4712,0,0,0,1.0,1,1.0,1,1.0,1,0.12489006453575624,66
3274,1,7147,2435,4712,0,0,0,1.0,1,1.0,1,1.0,1,0.13395813267361567,68
3275,3,7150,2436,4714,0,0,0,1.0,1,1.0,1,1.0,1,0.13521908344033276,68
3276,4,7154,2437,4717,0,0,0,1.0,1,1.0,1,1.0,1,0.11083463751238783,69
3277,3,7157,2438,4719,0,0,0,1.0,1,1.0,1,1.0,1,0.11729593787840413,68
3278,3,7160,2439,4721,0,0,0,1.0,1,1.0,1,1.0,1,0.12110113464594592,69
3279,2,7162,2440,4722,0,0,0,1.0,1,1.0,1,1.0,1,0.10848883768330399,67
3280,3,7165,2442,4723,0,0,0,1.0,1,1.0,1,1.0,1,0.14149602137944572,66
3281,5,7170,2445,4725,0,0,0,1.0,1,1.0,1,1.0,1,0.15763600143690687,67
3282,1,7171,2445,4726,0,0,0,1.0,1,1.0,1,1.0,1,0.14607901401924153,66
3283,2,7173,2446,4727,0,0,0,1.0,1,1.0,1,1.0,1,0.184073943739964,67
3284,0,7173,2446,4727,0,0,0,1.0,1,1.0,1,1.0,1,0.1392922782641015,66
3285,2,7175,2447,4728,0,0,0,1.0,1,1.0,1,1.0,1,0.14511491809519553,66
3286,4,7179,2447,4732,0,0,0,1.0,1,1.0,1,1.0,1,0.10025407902295985,63
3287,2,7181,2449,4732,0,0,0,1.0,1,1.0,1,1.0,1,0.15254853821294923,61
3288,2,7183,2449,4734,0,0,0,1.0,1,1.0,1,1.0,1,0.1447177479217572,63
3289,1,7184,2449,4735,0,0,0,1.0,1,1.0,1,1.0,1,0.1611910207656683,62
3290,0,7184,2449,4735,0,0,0,1.0,1,1.0,1,1.0,1,0.16086955204261952,63
3291,8,7192,2452,4740,0,0,0,1.0,1,1.0,1,1.0,1,0.16137669386998987,62
3292,2,7194,2453,4741,0,0,0,1.0,1,1.0,1,1.0,1,0.18568315788365086,63
3293,6,7200,2453,4747,0,0,0,1.0,1,1.0,1,1.0,1,0.17736296943937793,65
3294,1,7201,2453,4748,0,0,0,1.0,1,1.0,1,1.0,1,0.17163320619344358,65
3295,2,7203,2454,4749,0,0,0,1.0,1,1.0,1,1.0,1,0.172518076644729,65
3296,7,7210,2456,4754,0,0,0,1.0,1,1.0,1,1.0,1,0.14540547149453062,65
3297,0,7210,2456,4754,0,0,0,1.0,1,1.0,1,1.0,1,0.1376508419133585,66
3298,0,7210,2456,4754,0,0,0,1.0,1,1.0,1,1.0,1,0.1376508419133585,66
3299,0,7210,2456,4754,0,0,0,1.0,1,1.0,1,1.0,1,0.14637781610920192,67
3300,3,7213,2457,4756,0,0,0,1.0,1,1.0,1,1.0,1,0.14865357308353588,67
3301,3,7216,2458,4758,0,0,0,1.0,1,1.0,1,1.0,1,0.14849370241976606,68
3302,0,7216,2458,4758,0,0,0,1.0,1,1.0,1,1.0,1,0.16071577054075079,67
3303,0,7216,2458,4758,0,0,0,1.0,1,1.0,1,1.0,1,0.16048808845956802,67
3304,0,7216,2458,4758,0,0,0,1.0,1,1.0,1,1.0,1,0.16139225335668775,67
3305,1,7217,2458,4759,0,0,0,1.0,1,1.0,1,1.0,1,0.1745284147081536,69
3306,4,7221,2458,4763,0,0,0,1.0,1,1.0,1,1.0,1,0.13428280386071545,70
3307,1,7222,2458,4764,0,0,0,1.0,1,1.0,1,1.0,1,0.12802949566772448,70
3308,0,7222,2458,4764,0,0,0,1.0,1,1.0,1,1.0,1,0.12802949566772448,70
3309,2,7224,2458,4766,0,0,0,1.0,1,1.0,1,1.0,1,0.13405277006043131,72
3310,1,7225,2458,4767,0,0,0,1.0,1,1.0,1,1.0,1,0.14282677230624244,74
3311,4,7229,2458,4771,0,0,0,1.0,1,1.0,1,1.0,1,0.1132146346219555,74
3312,1,7230,2458,4772,0,0,0,1.0,1,1.0,1,1.0,1,0.10341898177125108,74
3313,1,7231,2458,4773,0,0,0,1.0,1,1.0,1,1.0,1,0.12416306903675702,75
3314,2,7233,2458,4775,0,0,0,1.0,1,1.0,1,1.0,1,0.1275111004623016,76
3315,3,7236,2459,4777,0,0,0,1.0,1,1.0,1,1.0,1,0.15551613702006775,75
3316,4,7240,2460,4780,0,0,0,1.0,1,1.0,1,1.0,1,0.1299183420432452,76
3317,1,7241,2460,4781,0,0,0,1.0,1,1.0,1,1.0,1,0.12292541501058044,73
3318,3,7244,2461,4783,0,0,0,1.0,1,1.0,1,1.0,1,0.13117983003722947,72
3319,1,7245,2462,4783,0,0,0,1.0,1,1.0,1,1.0,1,0.15458650362076268,71
3320,1,7246,2462,4784,0,0,0,1.0,1,1.0,1,1.0,1,0.1513070723063549,70
3321,4,7250,2464,4786,0,0,0,1.0,1,1.0,1,1.0,1,0.17888435029906438,69
3322,2,7252,2465,4787,0,0,0,1.0,1,1.0,1,1.0,1,0.1748868125364225,68
3323,5,7257,2466,4791,0,0,0,1.0,1,1.0,1,1.0,1,0.1840338041601572,69
3324,4,7261,2467,4794,0,0,0,1.0,1,1.0,1,1.0,1,0.18372730254758363,69
3325,5,7266,2467,4799,0,0,0,1.0,1,1.0,1,1.0,1,0.17907319713435677,70
3326,7,7273,2469,4804,0,0,0,1.0,1,1.0,1,1.0,1,0.1610095078031544,69
3327,2,7275,2469,4806,0,0,0,1.0,1,1.0,1,1.0,1,0.1320925313290733,70
3328,4,7279,2469,4810,0,0,0,1.0,1,1.0,1,1.0,1,0.13017066650792197,73
3329,3,7282,2470,4812,0,0,0,1.0,1,1.0,1,1.0,1,0.18313002605070763,72
3330,5,7287,2472,4815,0,0,0,1.0,1,1.0,1,1.0,1,0.1909890899674976,72
3331,5,7292,2474,4818,0,0,0,1.0,1,1.0,1,1.0,1,0.17244717131577586,72
3332,3,7295,2474,4821,0,0,0,1.0,1,1.0,1,1.0,1,0.16770042243025085,73
3333,1,7296,2474,4822,0,0,0,1.0,1,1.0,1,1.0,1,0.15834695599264312,72
3334,1,7297,2474,4823,0,0,0,1.0,1,1.0,1,1.0,1,0.14805813494340708,73
3335,2,7299,2475,4824,0,0,0,1.0,1,1.0,1,1.0,1,0.16039327254627458,74
3336,3,7302,2475,4827,0,0,0,1.0,1,1.0,1,1.0,1,0.15193528794486996,74
3337,0,7302,2475,4827,0,0,0,1.0,1,1.0,1,1.0,1,0.15193528794486996,74
3338,0,7302,2475,4827,0,0,0,1.0,1,1.0,1,1.0,1,0.15193528794486996,74
3339,6,7308,2477,4831,0,0,0,1.0,1,1.0,1,1.0,1,0.16099362402868558,75
3340,2,7310,2477,4833,0,0,0,1.0,1,1.0,1,1.0,1,0.13595546880287368,75
3341,1,7311,2477,4834,0,0,0,1.0,1,1.0,1,1.0,1,0.14325804125247907,76
3342,0,7311,2477,4834,0,0,0,1.0,1,1.0,1,1.0,1,0.16200511010605287,76
3343,1,7312,2478,4834,0,0,0,1.0,1,1.0,1,1.0,1,0.16919376677859693,75
3344,2,7314,2480,4834,0,0,0,1.0,1,1.0,1,1.0,1,0.1809080912297042,75
3345,1,7315,2481,4834,0,0,0,1.0,1,1.0,1,1.0,1,0.19622355425705915,72
3346,8,7323,2482,4841,0,0,0,1.0,1,1.0,1,1.0,1,0.15278590873773468,73
3347,2,7325,2483,4842,0,0,0,1.0,1,1.0,1,1.0,1,0.14543866017864998,73
3348,0,7325,2483,4842,0,0,0,1.0,1,1.0,1,1.0,1,0.16325225821378478,73
3349,4,7329,2484,4845,0,0,0,1.0,1,1.0,1,1.0,1,0.14087758699486394,74
3350,4,7333,2486,4847,0,0,0,1.0,1,1.0,1,1.0,1,0.15244116868102517,73
3351,4,7337,2487,4850,0,0,0,1.0,1,1.0,1,1.0,1,0.14570381424823117,72
3352,1,7338,2488,4850,0,0,0,1.0,1,1.0,1,1.0,1,0.15796440582918012,72
3353,3,7341,2490,4851,0,0,0,1.0,1,1.0,1,1.0,1,0.1761941548291997,72
3354,3,7344,2492,4852,0,0,0,1.0,1,1.0,1,1.0,1,0.19754426999165084,70
3355,1,7345,2493,4852,0,0,0,1.0,1,1.0,1,1.0,1,0.22706102519348986,69
3356,11,7356,2494,4862,0,0,0,1.0,1,1.0,1,1.0,1,0.1917182768855103,69
3357,6,7362,2494,4868,0,0,0,1.0,1,1.0,1,1.0,1,0.16985936103707602,68
3358,3,7365,2494,4871,0,0,0,1.0,1,1.0,1,1.0,1,0.17180901778604618,68
3359,2,7367,2494,4873,0,0,0,1.0,1,1.0,1,1.0,1,0.1628616952173233,66
3360,11,7378,2497,4881,0,0,0,1.0,1,1.0,1,1.0,1,0.21070905250718647,65
3361,6,7384,2497,4887,0,0,0,1.0,1,1.0,1,1.0,1,0.18468132249877173,64
3362,1,7385,2497,4888,0,0,0,1.0,1,1.0,1,1.0,1,0.17827678131099617,64
3363,0,7385,2497,4888,0,0,0,1.0,1,1.0,1,1.0,1,0.17250112075383642,65
3364,0,7385,2497,4888,0,0,0,1.0,1,1.0,1,1.0,1,0.17684890713975548,66
3365,3,7388,2497,4891,0,0,0,1.0,1,1.0,1,1.0,1,0.17052719155782223,68
3366,2,7390,2497,4893,0,0,0,1.0,1,1.0,1,1.0,1,0.16183664583218701,66
3367,0,7390,2497,4893,0,0,0,1.0,1,1.0,1,1.0,1,0.16830207211976972,68
3368,2,7392,2498,4894,0,0,0,1.0,1,1.0,1,1.0,1,0.16550368372546384,68
3369,2,7394,2498,4896,0,0,0,1.0,1,1.0,1,1.0,1,0.1614838751552647,69
3370,1,7395,2498,4897,0,0,0,1.0,1,1.0,1,1.0,1,0.13592343478236704,71
3371,3,7398,2498,4900,0,0,0,1.0,1,1.0,1,1.0,1,0.10288116004301778,71
3372,3,7401,2499,4902,0,0,0,1.0,1,1.0,1,1.0,1,0.09195854792446408,71
3373,1,7402,2499,4903,0,0,0,1.0,1,1.0,1,1.0,1,0.08340568355732873,72
3374,0,7402,2499,4903,0,0,0,1.0,1,1.0,1,1.0,1,0.07391435263623697,72
3375,0,7402,2499,4903,0,0,0,1.0,1,1.0,1,1.0,1,0.07712082700451071,73
3376,3,7405,2499,4906,0,0,0,1.0,1,1.0,1,1.0,1,0.06013167083245476,75
3377,1,7406,2500,4906,0,0,0,1.0,1,1.0,1,1.0,1,0.0723821927557099,77
3378,0,7406,2500,4906,0,0,0,1.0,1,1.0,1,1.0,1,0.0723821927557099,77
3379,3,7409,2503,4906,0,0,0,1.0,1,1.0,1,1.0,1,0.11705512699405501,77
3380,2,7411,2503,4908,0,0,0,1.0,1,1.0,1,1.0,1,0.13178114438256489,76
3381,6,7417,2505,4912,0,0,0,1.0,1,1.0,1,1.0,1,0.1181770365848276,76
3382,3,7420,2505,4915,0,0,0,1.0,1,1.0,1,1.0,1,0.11879139784043573,78
3383,2,7422,2505,4917,0,0,0,1.0,1,1.0,1,1.0,1,0.11131155797071202,77
3384,5,7427,2509,4918,0,0,0,1.0,1,1.0,1,1.0,1,0.12604655374468482,77
3385,1,7428,2510,4918,0,0,0,1.0,1,1.0,1,1.0,1,0.1402395206168527,75
3386,5,7433,2512,4921,0,0,0,1.0,1,1.0,1,1.0,1,0.1454301895983797,76
3387,2,7435,2513,4922,0,0,0,1.0,1,1.0,1,1.0,1,0.13190964409295505,75
3388,1,7436,2513,4923,0,0,0,1.0,1,1.0,1,1.0,1,0.13640107419938835,76
3389,0,7436,2513,4923,0,0,0,1.0,1,1.0,1,1.0,1,0.13920501334916813,77
3390,2,7438,2513,4925,0,0,0,1.0,1,1.0,1,1.0,1,0.1384608025967424,76
3391,2,7440,2513,4927,0,0,0,1.0,1,1.0,1,1.0,1,0.11491946005635043,77
3392,0,7440,2513,4927,0,0,0,1.0,1,1.0,1,1.0,1,0.12160336333774358,78
3393,0,7440,2513,4927,0,0,0,1.0,1,1.0,1,1.0,1,0.11405135812525162,76
3394,2,7442,2514,4928,0,0,0,1.0,1,1.0,1,1.0,1,0.12146524752805982,75
3395,1,7443,2514,4929,0,0,0,1.0,1,1.0,1,1.0,1,0.12641517651214368,73
3396,3,7446,2514,4932,0,0,0,1.0,1,1.0,1,1.0,1,0.09556173464979188,73
3397,1,7447,2514,4933,0,0,0,1.0,1,1.0,1,1.0,1,0.08037384416692867,74
3398,0,7447,2514,4933,0,0,0,1.0,1,1.0,1,1.0,1,0.08037384416692867,74
3399,2,7449,2516,4933,0,0,0,1.0,1,1.0,1,1.0,1,0.1168798675076706,75
3400,3,7452,2517,4935,0,0,0,1.0,1,1.0,1,1.0,1,0.10808575382446148,75
3401,6,7458,2517,4941,0,0,0,1.0,1,1.0,1,1.0,1,0.09068118482484491,77
3402,1,7459,2518,4941,0,0,0,1.0,1,1.0,1,1.0,1,0.0840602337672608,77
3403,2,7461,2518,4943,0,0,0,1.0,1,1.0,1,1.0,1,0.05190546990333739,78
3404,1,7462,2519,4943,0,0,0,1.0,1,1.0,1,1.0,1,0.06475159462682527,78
3405,0,7462,2519,4943,0,0,0,1.0,1,1.0,1,1.0,1,0.06475159462682527,78
3406,3,7465,2520,4945,0,0,0,1.0,1,1.0,1,1.0,1,0.051568027699667195,78
3407,3,7468,2521,4947,0,0,0,1.0,1,1.0,1,1.0,1,0.08406226362556385,78
3408,0,7468,2521,4947,0,0,0,1.0,1,1.0,1,1.0,1,0.08884074724945733,79
3409,2,7470,2521,4949,0,0,0,1.0,1,1.0,1,1.0,1,0.10368986887983331,81
3410,3,7473,2521,4952,0,0,0,1.0,1,1.0,1,1.0,1,0.09909472868016209,82
3411,6,7479,2523,4956,0,0,0,1.0,1,1.0,1,1.0,1,0.0717103939483157,84
3412,1,7480,2523,4957,0,0,0,1.0,1,1.0,1,1.0,1,0.07242899574724716,84
3413,2,7482,2523,4959,0,0,0,1.0,1,1.0,1,1.0,1,0.07242899574724716,84
3414,3,7485,2523,4962,0,0,0,1.0,1,1.0,1,1.0,1,0.08542649448313375,84
3415,3,7488,2524,4964,0,0,0,1.0,1,1.0,1,1.0,1,0.09799418144481145,85
3416,2,7490,2524,4966,0,0,0,1.0,1,1.0,1,1.0,1,0.08849875117558123,85
3417,1,7491,2525,4966,0,0,0,1.0,1,1.0,1,1.0,1,0.10440947861921006,86
3418,5,7496,2528,4968,0,0,0,1.0,1,1.0,1,1.0,1,0.13930164207840567,86
3419,4,7500,2530,4970,0,0,0,1.0,1,1.0,1,1.0,1,0.1565958987291789,87
3420,5,7505,2530,4975,0,0,0,1.0,1,1.0,1,1.0,1,0.16250268287008668,88
3421,4,7509,2531,4978,0,0,0,1.0,1,1.0,1,1.0,1,0.1575993216682537,89
3422,1,7510,2531,4979,0,0,0,1.0,1,1.0,1,1.0,1,0.16412606291969492,90
3423,0,7510,2531,4979,0,0,0,1.0,1,1.0,1,1.0,1,0.16416926168784282,90
3424,1,7511,2531,4980,0,0,0,1.0,1,1.0,1,1.0,1,0.15283106288910364,91
3425,4,7515,2532,4983,0,0,0,1.0,1,1.0,1,1.0,1,0.149574870788149,90
3426,4,7519,2533,4986,0,0,0,1.0,1,1.0,1,1.0,1,0.12285516343385262,92
3427,3,7522,2533,4989,0,0,0,1.0,1,1.0,1,1.0,1,0.133233649288049,92
3428,1,7523,2533,4990,0,0,0,1.0,1,1.0,1,1.0,1,0.13400289572360366,91
3429,0,7523,2533,4990,0,0,0,1.0,1,1.0,1,1.0,1,0.13400289572360366,91
3430,3,7526,2535,4991,0,0,0,1.0,1,1.0,1,1.0,1,0.1317976634567412,91
3431,4,7530,2536,4994,0,0,0,1.0,1,1.0,1,1.0,1,0.10608159664923786,90
3432,5,7535,2538,4997,0,0,0,1.0,1,1.0,1,1.0,1,0.11851688017355654,91
3433,5,7540,2539,5001,0,0,0,1.0,1,1.0,1,1.0,1,0.1372098693085343,90
3434,1,7541,2539,5002,0,0,0,1.0,1,1.0,1,1.0,1,0.1240889233396799,89
3435,0,7541,2539,5002,0,0,0,1.0,1,1.0,1,1.0,1,0.12927416837596328,88
3436,4,7545,2539,5006,0,0,0,1.0,1,1.0,1,1.0,1,0.11124872395669456,86
3437,2,7547,2541,5006,0,0,0,1.0,1,1.0,1,1.0,1,0.11972858634325005,86
3438,3,7550,2541,5009,0,0,0,1.0,1,1.0,1,1.0,1,0.1137947800746635,87
3439,4,7554,2542,5012,0,0,0,1.0,1,1.0,1,1.0,1,0.12222817091867438,86
3440,1,7555,2542,5013,0,0,0,1.0,1,1.0,1,1.0,1,0.12138986645176643,86
3441,6,7561,2544,5017,0,0,0,1.0,1,1.0,1,1.0,1,0.11020724500099802,85
3442,1,7562,2544,5018,0,0,0,1.0,1,1.0,1,1.0,1,0.10110165861339192,85
3443,0,7562,2544,5018,0,0,0,1.0,1,1.0,1,1.0,1,0.11078496563001855,85
3444,5,7567,2547,5020,0,0,0,1.0,1,1.0,1,1.0,1,0.1279901315116846,85
3445,2,7569,2548,5021,0,0,0,1.0,1,1.0,1,1.0,1,0.1486420336748765,84
3446,6,7575,2550,5025,0,0,0,1.0,1,1.0,1,1.0,1,0.15902215070631637,85
3447,3,7578,2550,5028,0,0,0,1.0,1,1.0,1,1.0,1,0.14708982657797423,85
3448,2,7580,2552,5028,0,0,0,1.0,1,1.0,1,1.0,1,0.1622799007362607,85
3449,1,7581,2552,5029,0,0,0,1.0,1,1.0,1,1.0,1,0.17358860331813783,84
3450,1,7582,2552,5030,0,0,0,1.0,1,1.0,1,1.0,1,0.17333365279434362,84
3451,2,7584,2553,5031,0,0,0,1.0,1,1.0,1,1.0,1,0.16627334452299122,85
3452,2,7586,2554,5032,0,0,0,1.0,1,1.0,1,1.0,1,0.16049273426983776,86
3453,3,7589,2554,5035,0,0,0,1.0,1,1.0,1,1.0,1,0.14196845831851965,85
3454,3,7592,2554,5038,0,0,0,1.0,1,1.0,1,1.0,1,0.12729366033684678,88
3455,2,7594,2554,5040,0,0,0,1.0,1,1.0,1,1.0,1,0.12653478497049428,88
3456,6,7600,2555,5045,0,0,0,1.0,1,1.0,1,1.0,1,0.1146496950119158,88
3457,3,7603,2555,5048,0,0,0,1.0,1,1.0,1,1.0,1,0.11565217559052997,89
3458,0,7603,2555,5048,0,0,0,1.0,1,1.0,1,1.0,1,0.12479951660785271,88
3459,0,7603,2555,5048,0,0,0,1.0,1,1.0,1,1.0,1,0.12479951660785271,88
3460,4,7607,2555,5052,0,0,0,1.0,1,1.0,1,1.0,1,0.10853359530172976,89
3461,2,7609,2556,5053,0,0,0,1.0,1,1.0,1,1.0,1,0.12535640567189799,89
3462,3,7612,2556,5056,0,0,0,1.0,1,1.0,1,1.0,1,0.11746163370942717,90
3463,0,7612,2556,5056,0,0,0,1.0,1,1.0,1,1.0,1,0.11891292643160449,89
3464,1,7613,2556,5057,0,0,0,1.0,1,1.0,1,1.0,1,0.12749474466755922,88
3465,3,7616,2556,5060,0,0,0,1.0,1,1.0,1,1.0,1,0.1430439545921407,87
3466,4,7620,2556,5064,0,0,0,1.0,1,1.0,1,1.0,1,0.09940672667821412,87
3467,2,7622,2557,5065,0,0,0,1.0,1,1.0,1,1.0,1,0.1031086656274204,87
3468,3,7625,2558,5067,0,0,0,1.0,1,1.0,1,1.0,1,0.13447893012844284,88
3469,1,7626,2559,5067,0,0,0,1.0,1,1.0,1,1.0,1,0.14570040059962935,85
3470,0,7626,2559,5067,0,0,0,1.0,1,1.0,1,1.0,1,0.15026973165920007,86
3471,5,7631,2559,5072,0,0,0,1.0,1,1.0,1,1.0,1,0.13719569048866256,84
3472,1,7632,2560,5072,0,0,0,1.0,1,1.0,1,1.0,1,0.13752950552387944,83
3473,2,7634,2562,5072,0,0,0,1.0,1,1.0,1,1.0,1,0.1747601696314221,81
3474,2,7636,2562,5074,0,0,0,1.0,1,1.0,1,1.0,1,0.1330732330682123,80
3475,3,7639,2562,5077,0,0,0,1.0,1,1.0,1,1.0,1,0.14252746606444727,82
3476,6,7645,2563,5082,0,0,0,1.0,1,1.0,1,1.0,1,0.09850618194066173,81
3477,1,7646,2564,5082,0,0,0,1.0,1,1.0,1,1.0,1,0.139641644798113,83
3478,3,7649,2566,5083,0,0,0,1.0,1,1.0,1,1.0,1,0.161019702077928,83
3479,6,7655,2566,5089,0,0,0,1.0,1,1.0,1,1.0,1,0.1379127300621325,83
3480,1,7656,2566,5090,0,0,0,1.0,1,1.0,1,1.0,1,0.13447210990195185,83
3481,9,7665,2569,5096,0,0,0,1.0,1,1.0,1,1.0,1,0.11982846428475472,83
3482,5,7670,2570,5100,0,0,0,1.0,1,1.0,1,1.0,1,0.12227418559023213,83
3483,10,7680,2572,5108,0,0,0,1.0,1,1.0,1,1.0,1,0.1307362059789457,82
3484,8,7688,2572,5116,0,0,0,1.0,1,1.0,1,1.0,1,0.1313238622637839,82
3485,7,7695,2573,5122,0,0,0,1.0,1,1.0,1,1.0,1,0.18195265812361447,83
3486,6,7701,2573,5128,0,0,0,1.0,1,1.0,1,1.0,1,0.12254199210831046,83
3487,3,7704,2573,5131,0,0,0,1.0,1,1.0,1,1.0,1,0.1095551585701858,84
3488,0,7704,2573,5131,0,0,0,1.0,1,1.0,1,1.0,1,0.1238781084890072,84
3489,2,7706,2573,5133,0,0,0,1.0,1,1.0,1,1.0,1,0.09696941651558487,84
3490,2,7708,2573,5135,0,0,0,1.0,1,1.0,1,1.0,1,0.09696941651558487,84
3491,0,7708,2573,5135,0,0,0,1.0,1,1.0,1,1.0,1,0.09800832081599076,86
3492,1,7709,2573,5136,0,0,0,1.0,1,1.0,1,1.0,1,0.09036612723364973,86
3493,1,7710,2573,5137,0,0,0,1.0,1,1.0,1,1.0,1,0.0833705639585957,86
3494,2,7712,2573,5139,0,0,0,1.0,1,1.0,1,1.0,1,0.07595031422149474,86
3495,0,7712,2573,5139,0,0,0,1.0,1,1.0,1,1.0,1,0.07247186274872527,87
3496,1,7713,2573,5140,0,0,0,1.0,1,1.0,1,1.0,1,0.07415648538797039,88
3497,3,7716,2574,5142,0,0,0,1.0,1,1.0,1,1.0,1,0.09111291556054757,89
3498,3,7719,2574,5145,0,0,0,1.0,1,1.0,1,1.0,1,0.0793368870782951,89
3499,0,7719,2574,5145,0,0,0,1.0,1,1.0,1,1.0,1,0.09027476120068152,91
3500,1,7720,2574,5146,0,0,0,1.0,1,1.0,1,1.0,1,0.08664926426902447,90
3501,1,7721,2574,5147,0,0,0,1.0,1,1.0,1,1.0,1,0.08402953352552534,90
3502,1,7722,2574,5148,0,0,0,1.0,1,1.0,1,1.0,1,0.08533820470448442,91
3503,1,7723,2574,5149,0,0,0,1.0,1,1.0,1,1.0,1,0.08303240739939056,91
3504,7,7730,2579,5151,0,0,0,1.0,1,1.0,1,1.0,1,0.11981354117887758,89
3505,2,7732,2579,5153,0,0,0,1.0,1,1.0,1,1.0,1,0.1284433134409149,87
3506,4,7736,2580,5156,0,0,0,1.0,1,1.0,1,1.0,1,0.12322923128460342,87
3507,3,7739,2581,5158,0,0,0,1.0,1,1.0,1,1.0,1,0.12528106847552772,84
3508,4,7743,2584,5159,0,0,0,1.0,1,1.0,1,1.0,1,0.15043510374066296,83
3509,2,7745,2586,5159,0,0,0,1.0,1,1.0,1,1.0,1,0.14703675616692485,80
3510,2,7747,2587,5160,0,0,0,1.0,1,1.0,1,1.0,1,0.15061876474627356,78
3511,4,7751,2588,5163,0,0,0,1.0,1,1.0,1,1.0,1,0.11575730763288765,77
3512,0,7751,2588,5163,0,0,0,1.0,1,1.0,1,1.0,1,0.1317192309850232,74
3513,3,7754,2589,5165,0,0,0,1.0,1,1.0,1,1.0,1,0.12614025685157335,76
3514,0,7754,2589,5165,0,0,0,1.0,1,1.0,1,1.0,1,0.12587540318729878,76
3515,3,7757,2592,5165,0,0,0,1.0,1,1.0,1,1.0,1,0.1353676426556871,75
3516,2,7759,2592,5167,0,0,0,1.0,1,1.0,1,1.0,1,0.12391886682133661,73
3517,7,7766,2595,5171,0,0,0,1.0,1,1.0,1,1.0,1,0.13277972731647764,74
3518,2,7768,2595,5173,0,0,0,1.0,1,1.0,1,1.0,1,0.1341775855727562,74
3519,5,7773,2595,5178,0,0,0,1.0,1,1.0,1,1.0,1,0.13585824593847068,73
3520,1,7774,2595,5179,0,0,0,1.0,1,1.0,1,1.0,1,0.1221604439611908,74
3521,5,7779,2595,5184,0,0,0,1.0,1,1.0,1,1.0,1,0.08424063324153733,75
3522,0,7779,2595,5184,0,0,0,1.0,1,1.0,1,1.0,1,0.08424063324153733,75
3523,0,7779,2595,5184,0,0,0,1.0,1,1.0,1,1.0,1,0.08424063324153733,75
3524,0,7779,2595,5184,0,0,0,1.0,1,1.0,1,1.0,1,0.06741190552336902,75
3525,0,7779,2595,5184,0,0,0,1.0,1,1.0,1,1.0,1,0.0744047877959956,75
3526,1,7780,2595,5185,0,0,0,1.0,1,1.0,1,1.0,1,0.06582032627294512,76
3527,2,7782,2597,5185,0,0,0,1.0,1,1.0,1,1.0,1,0.11375736813066946,77
3528,2,7784,2598,5186,0,0,0,1.0,1,1.0,1,1.0,1,0.13668899738136575,77
3529,6,7790,2601,5189,0,0,0,1.0,1,1.0,1,1.0,1,0.15718602204417698,78
3530,3,7793,2601,5192,0,0,0,1.0,1,1.0,1,1.0,1,0.1727271756173742,78
3531,7,7800,2602,5198,0,0,0,1.0,1,1.0,1,1.0,1,0.14696290448935945,79
3532,2,7802,2602,5200,0,0,0,1.0,1,1.0,1,1.0,1,0.15542961129983848,79
3533,3,7805,2604,5201,0,0,0,1.0,1,1.0,1,1.0,1,0.19884564847094213,79
3534,8,7813,2606,5207,0,0,0,1.0,1,1.0,1,1.0,1,0.19788326529881642,80
3535,7,7820,2606,5214,0,0,0,1.0,1,1.0,1,1.0,1,0.20051299569612524,81
3536,7,7827,2606,5221,0,0,0,1.0,1,1.0,1,1.0,1,0.14906864121611413,82
3537,2,7829,2606,5223,0,0,0,1.0,1,1.0,1,1.0,1,0.14083804347785248,82
3538,0,7829,2606,5223,0,0,0,1.0,1,1.0,1,1.0,1,0.14552243210210916,83
3539,0,7829,2606,5223,0,0,0,1.0,1,1.0,1,1.0,1,0.14552243210210916,83
3540,1,7830,2607,5223,0,0,0,1.0,1,1.0,1,1.0,1,0.14072896411526573,85
3541,4,7834,2608,5226,0,0,0,1.0,1,1.0,1,1.0,1,0.1174984897322105,85
3542,2,7836,2608,5228,0,0,0,1.0,1,1.0,1,1.0,1,0.11166244930032265,88
3543,0,7836,2608,5228,0,0,0,1.0,1,1.0,1,1.0,1,0.11293054958590569,87
3544,2,7838,2609,5229,0,0,0,1.0,1,1.0,1,1.0,1,0.10143888270559183,87
3545,0,7838,2609,5229,0,0,0,1.0,1,1.0,1,1.0,1,0.09894747995162151,85
3546,6,7844,2609,5235,0,0,0,1.0,1,1.0,1,1.0,1,0.07192706409722943,83
3547,0,7844,2609,5235,0,0,0,1.0,1,1.0,1,1.0,1,0.07633349675258634,82
3548,1,7845,2610,5235,0,0,0,1.0,1,1.0,1,1.0,1,0.07483997971644056,82
3549,0,7845,2610,5235,0,0,0,1.0,1,1.0,1,1.0,1,0.07771059205233571,81
3550,1,7846,2611,5235,0,0,0,1.0,1,1.0,1,1.0,1,0.07349233379465231,79
3551,1,7847,2612,5235,0,0,0,1.0,1,1.0,1,1.0,1,0.09075720020710056,80
3552,2,7849,2613,5236,0,0,0,1.0,1,1.0,1,1.0,1,0.09589344441166109,78
3553,1,7850,2614,5236,0,0,0,1.0,1,1.0,1,1.0,1,0.1147238689967692,79
3554,1,7851,2614,5237,0,0,0,1.0,1,1.0,1,1.0,1,0.11988801867882377,77
3555,1,7852,2614,5238,0,0,0,1.0,1,1.0,1,1.0,1,0.12573104884269554,77
3556,7,7859,2614,5245,0,0,0,1.0,1,1.0,1,1.0,1,0.08934865428032114,76
3557,3,7862,2614,5248,0,0,0,1.0,1,1.0,1,1.0,1,0.08812237076233628,76
3558,6,7868,2615,5253,0,0,0,1.0,1,1.0,1,1.0,1,0.07717811817046027,76
3559,3,7871,2615,5256,0,0,0,1.0,1,1.0,1,1.0,1,0.07134228282010818,76
3560,1,7872,2616,5256,0,0,0,1.0,1,1.0,1,1.0,1,0.08508987682179188,78
3561,3,7875,2617,5258,0,0,0,1.0,1,1.0,1,1.0,1,0.07780535697246466,79
3562,1,7876,2618,5258,0,0,0,1.0,1,1.0,1,1.0,1,0.09607273534612094,79
3563,7,7883,2621,5262,0,0,0,1.0,1,1.0,1,1.0,1,0.08151319976854077,79
3564,2,7885,2621,5264,0,0,0,1.0,1,1.0,1,1.0,1,0.08865921050987333,80
3565,1,7886,2621,5265,0,0,0,1.0,1,1.0,1,1.0,1,0.09701428022265536,83
3566,6,7892,2623,5269,0,0,0,1.0,1,1.0,1,1.0,1,0.09481396672826048,84
3567,0,7892,2623,5269,0,0,0,1.0,1,1.0,1,1.0,1,0.09481396672826048,84
3568,3,7895,2624,5271,0,0,0,1.0,1,1.0,1,1.0,1,0.10792271277507481,84
3569,1,7896,2625,5271,0,0,0,1.0,1,1.0,1,1.0,1,0.11521763547604187,84
3570,7,7903,2628,5275,0,0,0,1.0,1,1.0,1,1.0,1,0.10904169914710223,87
3571,6,7909,2630,5279,0,0,0,1.0,1,1.0,1,1.0,1,0.11917220305758189,86
3572,6,7915,2632,5283,0,0,0,1.0,1,1.0,1,1.0,1,0.11569502705792024,87
3573,5,7920,2634,5286,0,0,0,1.0,1,1.0,1,1.0,1,0.14738780633549434,87
3574,6,7926,2636,5290,0,0,0,1.0,1,1.0,1,1.0,1,0.17641633165570178,88
3575,6,7932,2636,5296,0,0,0,1.0,1,1.0,1,1.0,1,0.17694056517942705,88
3576,7,7939,2637,5302,0,0,0,1.0,1,1.0,1,1.0,1,0.1358618693425219,90
3577,2,7941,2637,5304,0,0,0,1.0,1,1.0,1,1.0,1,0.1188102338891026,90
3578,4,7945,2637,5308,0,0,0,1.0,1,1.0,1,1.0,1,0.11931945905198535,91
3579,1,7946,2638,5308,0,0,0,1.0,1,1.0,1,1.0,1,0.11674792304837155,91
3580,1,7947,2638,5309,0,0,0,1.0,1,1.0,1,1.0,1,0.12708258976444056,91
3581,1,7948,2638,5310,0,0,0,1.0,1,1.0,1,1.0,1,0.12208451405825664,91
3582,7,7955,2639,5316,0,0,0,1.0,1,1.0,1,1.0,1,0.11073560631412324,92
3583,0,7955,2639,5316,0,0,0,1.0,1,1.0,1,1.0,1,0.12339062984975285,88
3584,2,7957,2641,5316,0,0,0,1.0,1,1.0,1,1.0,1,0.12546698211155996,87
3585,1,7958,2642,5316,0,0,0,1.0,1,1.0,1,1.0,1,0.1344252192477137,84
3586,10,7968,2647,5321,0,0,0,1.0,1,1.0,1,1.0,1,0.1278655656797159,83
3587,4,7972,2648,5324,0,0,0,1.0,1,1.0,1,1.0,1,0.10762668182279304,82
3588,5,7977,2651,5326,0,0,0,1.0,1,1.0,1,1.0,1,0.11408500929269842,81
3589,4,7981,2654,5327,0,0,0,1.0,1,1.0,1,1.0,1,0.14155711461845166,80
3590,6,7987,2655,5332,0,0,0,1.0,1,1.0,1,1.0,1,0.18209099855337565,78
3591,12,7999,2657,5342,0,0,0,1.0,1,1.0,1,1.0,1,0.10625504744977451,77
3592,3,8002,2658,5344,0,0,0,1.0,1,1.0,1,1.0,1,0.11111444421819726,75
3593,3,8005,2658,5347,0,0,0,1.0,1,1.0,1,1.0,1,0.12425757257950404,76
3594,5,8010,2659,5351,0,0,0,1.0,1,1.0,1,1.0,1,0.14018935109257982,74
3595,3,8013,2659,5354,0,0,0,1.0,1,1.0,1,1.0,1,0.13915168607731893,74
3596,3,8016,2659,5357,0,0,0,1.0,1,1.0,1,1.0,1,0.09428126226139065,73
3597,3,8019,2660,5359,0,0,0,1.0,1,1.0,1,1.0,1,0.09181816783180426,73
3598,3,8022,2661,5361,0,0,0,1.0,1,1.0,1,1.0,1,0.10351716929457921,73
3599,1,8023,2661,5362,0,0,0,1.0,1,1.0,1,1.0,1,0.11557800663729834,73
3600,2,8025,2661,5364,0,0,0,1.0,1,1.0,1,1.0,1,0.11965268569563578,74
3601,5,8030,2662,5368,0,0,0,1.0,1,1.0,1,1.0,1,0.09294768037476372,75
3602,0,8030,2662,5368,0,0,0,1.0,1,1.0,1,1.0,1,0.08376014227880145,76
3603,3,8033,2664,5369,0,0,0,1.0,1,1.0,1,1.0,1,0.11746611644412867,77
3604,6,8039,2666,5373,0,0,0,1.0,1,1.0,1,1.0,1,0.14334867868574236,78
3605,5,8044,2668,5376,0,0,0,1.0,1,1.0,1,1.0,1,0.1560367164292594,77
3606,9,8053,2668,5385,0,0,0,1.0,1,1.0,1,1.0,1,0.10725619945008727,79
3607,2,8055,2669,5386,0,0,0,1.0,1,1.0,1,1.0,1,0.08939241245360785,79
3608,4,8059,2669,5390,0,0,0,1.0,1,1.0,1,1.0,1,0.08950625835424035,79
3609,6,8065,2669,5396,0,0,0,1.0,1,1.0,1,1.0,1,0.09076006232838868,79
3610,3,8068,2671,5397,0,0,0,1.0,1,1.0,1,1.0,1,0.10493816611178715,80
3611,11,8079,2671,5408,0,0,0,1.0,1,1.0,1,1.0,1,0.051115430614352274,80
3612,7,8086,2672,5414,0,0,0,1.0,1,1.0,1,1.0,1,0.08292236681490434,79
3613,6,8092,2673,5419,0,0,0,1.0,1,1.0,1,1.0,1,0.12246916752856643,79
3614,7,8099,2674,5425,0,0,0,1.0,1,1.0,1,1.0,1,0.12433025859997959,78
3615,4,8103,2674,5429,0,0,0,1.0,1,1.0,1,1.0,1,0.126385671498859,79
3616,7,8110,2675,5435,0,0,0,1.0,1,1.0,1,1.0,1,0.0986893530082703,79
3617,2,8112,2676,5436,0,0,0,1.0,1,1.0,1,1.0,1,0.09372538323062353,80
3618,4,8116,2676,5440,0,0,0,1.0,1,1.0,1,1.0,1,0.1156247317319761,82
3619,1,8117,2676,5441,0,0,0,1.0,1,1.0,1,1.0,1,0.1264255097794883,82
3620,4,8121,2677,5444,0,0,0,1.0,1,1.0,1,1.0,1,0.11535633213772116,81
3621,6,8127,2677,5450,0,0,0,1.0,1,1.0,1,1.0,1,0.08352046263823534,83
3622,3,8130,2678,5452,0,0,0,1.0,1,1.0,1,1.0,1,0.09210683217881943,81
3623,3,8133,2680,5453,0,0,0,1.0,1,1.0,1,1.0,1,0.09915585349483713,81
3624,2,8135,2681,5454,0,0,0,1.0,1,1.0,1,1.0,1,0.11829915749853627,79
3625,3,8138,2682,5456,0,0,0,1.0,1,1.0,1,1.0,1,0.11265577105097017,80
3626,3,8141,2682,5459,0,0,0,1.0,1,1.0,1,1.0,1,0.08738139436310009,78
3627,4,8145,2682,5463,0,0,0,1.0,1,1.0,1,1.0,1,0.0850269599185413,78
3628,1,8146,2682,5464,0,0,0,1.0,1,1.0,1,1.0,1,0.08962592768343589,77
3629,0,8146,2682,5464,0,0,0,1.0,1,1.0,1,1.0,1,0.0968534691480285,76
3630,2,8148,2684,5464,0,0,0,1.0,1,1.0,1,1.0,1,0.08597081735945346,77
3631,2,8150,2684,5466,0,0,0,1.0,1,1.0,1,1.0,1,0.07870543702794239,75
3632,4,8154,2686,5468,0,0,0,1.0,1,1.0,1,1.0,1,0.1036745915830063,74
3633,2,8156,2687,5469,0,0,0,1.0,1,1.0,1,1.0,1,0.10586415280672602,75
3634,2,8158,2687,5471,0,0,0,1.0,1,1.0,1,1.0,1,0.11018800728764769,74
3635,0,8158,2687,5471,0,0,0,1.0,1,1.0,1,1.0,1,0.11018800728764769,74
3636,4,8162,2687,5475,0,0,0,1.0,1,1.0,1,1.0,1,0.0974313468546318,74
3637,1,8163,2687,5476,0,0,0,1.0,1,1.0,1,1.0,1,0.11188750778399419,74
3638,0,8163,2687,5476,0,0,0,1.0,1,1.0,1,1.0,1,0.12098529986512914,75
3639,3,8166,2688,5478,0,0,0,1.0,1,1.0,1,1.0,1,0.12596110717421732,76
3640,2,8168,2688,5480,0,0,0,1.0,1,1.0,1,1.0,1,0.11061669798888078,76
3641,7,8175,2690,5485,0,0,0,1.0,1,1.0,1,1.0,1,0.1124218434337357,75
3642,4,8179,2692,5487,0,0,0,1.0,1,1.0,1,1.0,1,0.11375465605990648,75
3643,1,8180,2692,5488,0,0,0,1.0,1,1.0,1,1.0,1,0.10262836199121955,74
3644,0,8180,2692,5488,0,0,0,1.0,1,1.0,1,1.0,1,0.10262836199121955,74
3645,0,8180,2692,5488,0,0,0,1.0,1,1.0,1,1.0,1,0.10262836199121955,74
3646,3,8183,2692,5491,0,0,0,1.0,1,1.0,1,1.0,1,0.07252254846372819,75
3647,1,8184,2692,5492,0,0,0,1.0,1,1.0,1,1.0,1,0.06546275939325379,77
3648,2,8186,2692,5494,0,0,0,1.0,1,1.0,1,1.0,1,0.055478092923041025,78
3649,0,8186,2692,5494,0,0,0,1.0,1,1.0,1,1.0,1,0.06540749073682856,80
3650,3,8189,2693,5496,0,0,0,1.0,1,1.0,1,1.0,1,0.06854033105474729,81
3651,0,8189,2693,5496,0,0,0,1.0,1,1.0,1,1.0,1,0.06854033105474729,81
3652,2,8191,2694,5497,0,0,0,1.0,1,1.0,1,1.0,1,0.09113368187427631,83
3653,2,8193,2694,5499,0,0,0,1.0,1,1.0,1,1.0,1,0.08612004457858237,83
3654,0,8193,2694,5499,0,0,0,1.0,1,1.0,1,1.0,1,0.08612004457858237,83
3655,0,8193,2694,5499,0,0,0,1.0,1,1.0,1,1.0,1,0.08045342102746683,84
3656,1,8194,2694,5500,0,0,0,1.0,1,1.0,1,1.0,1,0.08336503556116107,85
3657,2,8196,2695,5501,0,0,0,1.0,1,1.0,1,1.0,1,0.09177427149743962,86
3658,4,8200,2696,5504,0,0,0,1.0,1,1.0,1,1.0,1,0.11388638672741148,87
3659,3,8203,2696,5507,0,0,0,1.0,1,1.0,1,1.0,1,0.104795015529799,87
3660,2,8205,2697,5508,0,0,0,1.0,1,1.0,1,1.0,1,0.12823092483912868,86
3661,8,8213,2699,5514,0,0,0,1.0,1,1.0,1,1.0,1,0.1259058216820653,86
3662,2,8215,2700,5515,0,0,0,1.0,1,1.0,1,1.0,1,0.14970764917429108,83
3663,10,8225,2706,5519,0,0,0,1.0,1,1.0,1,1.0,1,0.19427801674887285,85
3664,6,8231,2707,5524,0,0,0,1.0,1,1.0,1,1.0,1,0.1596715089371581,82
3665,4,8235,2708,5527,0,0,0,1.0,1,1.0,1,1.0,1,0.15823527342313648,81
3666,5,8240,2709,5531,0,0,0,1.0,1,1.0,1,1.0,1,0.1120670533304137,79
3667,3,8243,2709,5534,0,0,0,1.0,1,1.0,1,1.0,1,0.09575929456557136,79
3668,2,8245,2710,5535,0,0,0,1.0,1,1.0,1,1.0,1,0.0727960467919774,77
3669,2,8247,2710,5537,0,0,0,1.0,1,1.0,1,1.0,1,0.0716931636029689,75
3670,5,8252,2712,5540,0,0,0,1.0,1,1.0,1,1.0,1,0.09938085181328352,76
3671,0,8252,2712,5540,0,0,0,1.0,1,1.0,1,1.0,1,0.07388819532029164,74
3672,0,8252,2712,5540,0,0,0,1.0,1,1.0,1,1.0,1,0.06484881667922401,75
3673,1,8253,2713,5540,0,0,0,1.0,1,1.0,1,1.0,1,0.08956019355233588,75
3674,4,8257,2715,5542,0,0,0,1.0,1,1.0,1,1.0,1,0.10720389105876826,75
3675,0,8257,2715,5542,0,0,0,1.0,1,1.0,1,1.0,1,0.10851999725562941,75
3676,2,8259,2716,5543,0,0,0,1.0,1,1.0,1,1.0,1,0.11676782876908481,75
3677,2,8261,2716,5545,0,0,0,1.0,1,1.0,1,1.0,1,0.1141230997343635,75
3678,1,8262,2716,5546,0,0,0,1.0,1,1.0,1,1.0,1,0.1220666404929228,77
3679,2,8264,2717,5547,0,0,0,1.0,1,1.0,1,1.0,1,0.13829682803398885,78
3680,4,8268,2717,5551,0,0,0,1.0,1,1.0,1,1.0,1,0.12490783748105568,80
3681,1,8269,2717,5552,0,0,0,1.0,1,1.0,1,1.0,1,0.12381131219376997,81
3682,1,8270,2717,5553,0,0,0,1.0,1,1.0,1,1.0,1,0.11426640462734722,81
3683,1,8271,2718,5553,0,0,0,1.0,1,1.0,1,1.0,1,0.12785807522705805,81
3684,0,8271,2718,5553,0,0,0,1.0,1,1.0,1,1.0,1,0.12785807522705805,81
3685,0,8271,2718,5553,0,0,0,1.0,1,1.0,1,1.0,1,0.12785807522705805,81
3686,1,8272,2718,5554,0,0,0,1.0,1,1.0,1,1.0,1,0.12500795108008128,81
3687,0,8272,2718,5554,0,0,0,1.0,1,1.0,1,1.0,1,0.11591453823545349,82
3688,1,8273,2718,5555,0,0,0,1.0,1,1.0,1,1.0,1,0.12195670119463094,84
3689,0,8273,2718,5555,0,0,0,1.0,1,1.0,1,1.0,1,0.12195670119463094,84
3690,1,8274,2719,5555,0,0,0,1.0,1,1.0,1,1.0,1,0.1374033833669107,85
3691,1,8275,2719,5556,0,0,0,1.0,1,1.0,1,1.0,1,0.12718860700789592,86
3692,1,8276,2719,5557,0,0,0,1.0,1,1.0,1,1.0,1,0.11974991857612244,86
3693,0,8276,2719,5557,0,0,0,1.0,1,1.0,1,1.0,1,0.11974991857612244,86
3694,0,8276,2719,5557,0,0,0,1.0,1,1.0,1,1.0,1,0.11974991857612244,86
3695,3,8279,2722,5557,0,0,0,1.0,1,1.0,1,1.0,1,0.1621655105910441,86
3696,2,8281,2722,5559,0,0,0,1.0,1,1.0,1,1.0,1,0.13393072047273763,87
3697,1,8282,2723,5559,0,0,0,1.0,1,1.0,1,1.0,1,0.12490981509038643,85
3698,0,8282,2723,5559,0,0,0,1.0,1,1.0,1,1.0,1,0.12668165582817864,85
3699,0,8282,2723,5559,0,0,0,1.0,1,1.0,1,1.0,1,0.11187893617331297,85
3700,2,8284,2725,5559,0,0,0,1.0,1,1.0,1,1.0,1,0.122120501452684,84
3701,3,8287,2725,5562,0,0,0,1.0,1,1.0,1,1.0,1,0.12998193442097694,85
3702,8,8295,2728,5567,0,0,0,1.0,1,1.0,1,1.0,1,0.1737922375597461,85
3703,7,8302,2728,5574,0,0,0,1.0,1,1.0,1,1.0,1,0.16894496261925,85
3704,8,8310,2730,5580,0,0,0,1.0,1,1.0,1,1.0,1,0.19722680416831656,85
3705,8,8318,2730,5588,0,0,0,1.0,1,1.0,1,1.0,1,0.18775587098121532,86
3706,9,8327,2730,5597,0,0,0,1.0,1,1.0,1,1.0,1,0.11873004217528683,86
3707,3,8330,2732,5598,0,0,0,1.0,1,1.0,1,1.0,1,0.1420188306461926,85
3708,3,8333,2732,5601,0,0,0,1.0,1,1.0,1,1.0,1,0.15172346321481592,84
3709,1,8334,2732,5602,0,0,0,1.0,1,1.0,1,1.0,1,0.14343460578429948,85
3710,4,8338,2732,5606,0,0,0,1.0,1,1.0,1,1.0,1,0.13647630824714993,84
3711,3,8341,2732,5609,0,0,0,1.0,1,1.0,1,1.0,1,0.12039931303328137,85
3712,3,8344,2733,5611,0,0,0,1.0,1,1.0,1,1.0,1,0.10079287227422518,85
3713,0,8344,2733,5611,0,0,0,1.0,1,1.0,1,1.0,1,0.10079287227422518,85
3714,1,8345,2734,5611,0,0,0,1.0,1,1.0,1,1.0,1,0.12495626713473662,85
3715,0,8345,2734,5611,0,0,0,1.0,1,1.0,1,1.0,1,0.12495626713473662,85
3716,3,8348,2734,5614,0,0,0,1.0,1,1.0,1,1.0,1,0.12068943674414143,84
3717,2,8350,2734,5616,0,0,0,1.0,1,1.0,1,1.0,1,0.12038039112996037,86
3718,0,8350,2734,5616,0,0,0,1.0,1,1.0,1,1.0,1,0.13243857380671836,85
3719,4,8354,2736,5618,0,0,0,1.0,1,1.0,1,1.0,1,0.1351415652865579,84
3720,1,8355,2736,5619,0,0,0,1.0,1,1.0,1,1.0,1,0.14409578841884998,84
3721,7,8362,2740,5622,0,0,0,1.0,1,1.0,1,1.0,1,0.14599045179072553,85
3722,1,8363,2740,5623,0,0,0,1.0,1,1.0,1,1.0,1,0.14153819393055067,85
3723,3,8366,2740,5626,0,0,0,1.0,1,1.0,1,1.0,1,0.1454104267188555,85
3724,0,8366,2740,5626,0,0,0,1.0,1,1.0,1,1.0,1,0.13873261409196833,86
3725,1,8367,2741,5626,0,0,0,1.0,1,1.0,1,1.0,1,0.1407588107611862,86
3726,4,8371,2742,5629,0,0,0,1.0,1,1.0,1,1.0,1,0.13267571522406924,86
3727,0,8371,2742,5629,0,0,0,1.0,1,1.0,1,1.0,1,0.13267571522406924,86
3728,0,8371,2742,5629,0,0,0,1.0,1,1.0,1,1.0,1,0.13267571522406924,86
3729,1,8372,2743,5629,0,0,0,1.0,1,1.0,1,1.0,1,0.14138053761403935,86
3730,0,8372,2743,5629,0,0,0,1.0,1,1.0,1,1.0,1,0.15342934269042788,85
3731,3,8375,2743,5632,0,0,0,1.0,1,1.0,1,1.0,1,0.14413877991017485,86
3732,1,8376,2744,5632,0,0,0,1.0,1,1.0,1,1.0,1,0.1597339631875563,87
3733,4,8380,2745,5635,0,0,0,1.0,1,1.0,1,1.0,1,0.15674582942126372,87
3734,1,8381,2745,5636,0,0,0,1.0,1,1.0,1,1.0,1,0.1518932600674111,87
3735,2,8383,2745,5638,0,0,0,1.0,1,1.0,1,1.0,1,0.134145371371612,86
3736,2,8385,2745,5640,0,0,0,1.0,1,1.0,1,1.0,1,0.10880190965825755,87
3737,5,8390,2747,5643,0,0,0,1.0,1,1.0,1,1.0,1,0.1313795804640293,87
3738,2,8392,2747,5645,0,0,0,1.0,1,1.0,1,1.0,1,0.14015392311295746,87
3739,2,8394,2747,5647,0,0,0,1.0,1,1.0,1,1.0,1,0.13305498664927767,88
3740,3,8397,2748,5649,0,0,0,1.0,1,1.0,1,1.0,1,0.14365935795165902,87
3741,6,8403,2748,5655,0,0,0,1.0,1,1.0,1,1.0,1,0.11528100816636401,87
3742,2,8405,2749,5656,0,0,0,1.0,1,1.0,1,1.0,1,0.10328991762775963,86
3743,0,8405,2749,5656,0,0,0,1.0,1,1.0,1,1.0,1,0.11939975533201005,84
3744,1,8406,2750,5656,0,0,0,1.0,1,1.0,1,1.0,1,0.14329613871918315,83
3745,0,8406,2750,5656,0,0,0,1.0,1,1.0,1,1.0,1,0.14400082488825386,83
3746,5,8411,2751,5660,0,0,0,1.0,1,1.0,1,1.0,1,0.14485133102426181,83
3747,2,8413,2752,5661,0,0,0,1.0,1,1.0,1,1.0,1,0.14555538441711321,81
3748,0,8413,2752,5661,0,0,0,1.0,1,1.0,1,1.0,1,0.140968708059927,81
3749,0,8413,2752,5661,0,0,0,1.0,1,1.0,1,1.0,1,0.1499663042416835,80
3750,0,8413,2752,5661,0,0,0,1.0,1,1.0,1,1.0,1,0.15917747378751268,79
3751,8,8421,2755,5666,0,0,0,1.0,1,1.0,1,1.0,1,0.16050297347535833,80
3752,4,8425,2756,5669,0,0,0,1.0,1,1.0,1,1.0,1,0.17343911181815244,80
3753,8,8433,2760,5673,0,0,0,1.0,1,1.0,1,1.0,1,0.17074461438480731,81
3754,3,8436,2761,5675,0,0,0,1.0,1,1.0,1,1.0,1,0.19584359693369874,81
3755,10,8446,2763,5683,0,0,0,1.0,1,1.0,1,1.0,1,0.2044902713707656,80
3756,9,8455,2763,5692,0,0,0,1.0,1,1.0,1,1.0,1,0.17100958827976973,79
3757,1,8456,2763,5693,0,0,0,1.0,1,1.0,1,1.0,1,0.17536284010098627,80
3758,1,8457,2763,5694,0,0,0,1.0,1,1.0,1,1.0,1,0.18094771313940008,79
3759,3,8460,2764,5696,0,0,0,1.0,1,1.0,1,1.0,1,0.17935709269061206,79
3760,1,8461,2764,5697,0,0,0,1.0,1,1.0,1,1.0,1,0.1794986473165439,79
3761,1,8462,2764,5698,0,0,0,1.0,1,1.0,1,1.0,1,0.18463947311379483,78
3762,2,8464,2764,5700,0,0,0,1.0,1,1.0,1,1.0,1,0.1718460591993928,80
3763,0,8464,2764,5700,0,0,0,1.0,1,1.0,1,1.0,1,0.1718460591993928,80
3764,2,8466,2766,5700,0,0,0,1.0,1,1.0,1,1.0,1,0.2053060121139234,80
3765,4,8470,2766,5704,0,0,0,1.0,1,1.0,1,1.0,1,0.20021883342697167,81
3766,8,8478,2767,5711,0,0,0,1.0,1,1.0,1,1.0,1,0.177506018424503,83
3767,1,8479,2767,5712,0,0,0,1.0,1,1.0,1,1.0,1,0.17125968519658008,83
3768,2,8481,2768,5713,0,0,0,1.0,1,1.0,1,1.0,1,0.1662238344948712,84
3769,5,8486,2768,5718,0,0,0,1.0,1,1.0,1,1.0,1,0.14255206354661956,86
3770,1,8487,2768,5719,0,0,0,1.0,1,1.0,1,1.0,1,0.14374760884137536,87
3771,5,8492,2768,5724,0,0,0,1.0,1,1.0,1,1.0,1,0.12221634656631437,87
3772,2,8494,2768,5726,0,0,0,1.0,1,1.0,1,1.0,1,0.13316756154220044,88
3773,2,8496,2768,5728,0,0,0,1.0,1,1.0,1,1.0,1,0.13784184872824373,85
3774,0,8496,2768,5728,0,0,0,1.0,1,1.0,1,1.0,1,0.13784184872824373,85
3775,5,8501,2769,5732,0,0,0,1.0,1,1.0,1,1.0,1,0.16608550883406095,83
3776,6,8507,2770,5737,0,0,0,1.0,1,1.0,1,1.0,1,0.15751534757908323,82
3777,1,8508,2770,5738,0,0,0,1.0,1,1.0,1,1.0,1,0.14994468753098264,81
3778,0,8508,2770,5738,0,0,0,1.0,1,1.0,1,1.0,1,0.14904796174015889,81
3779,2,8510,2772,5738,0,0,0,1.0,1,1.0,1,1.0,1,0.1857031175413623,80
3780,1,8511,2772,5739,0,0,0,1.0,1,1.0,1,1.0,1,0.17542221813955486,80
3781,3,8514,2772,5742,0,0,0,1.0,1,1.0,1,1.0,1,0.16910015187431576,80
3782,0,8514,2772,5742,0,0,0,1.0,1,1.0,1,1.0,1,0.16910015187431576,80
3783,3,8517,2773,5744,0,0,0,1.0,1,1.0,1,1.0,1,0.1557156695829302,80
3784,0,8517,2773,5744,0,0,0,1.0,1,1.0,1,1.0,1,0.16016170692303158,79
3785,2,8519,2774,5745,0,0,0,1.0,1,1.0,1,1.0,1,0.17959345062318036,77
3786,4,8523,2775,5748,0,0,0,1.0,1,1.0,1,1.0,1,0.1533757639427178,78
3787,3,8526,2777,5749,0,0,0,1.0,1,1.0,1,1.0,1,0.18352382898032601,77
3788,4,8530,2778,5752,0,0,0,1.0,1,1.0,1,1.0,1,0.16542976867407796,78
3789,3,8533,2779,5754,0,0,0,1.0,1,1.0,1,1.0,1,0.17190853597077585,77
3790,1,8534,2780,5754,0,0,0,1.0,1,1.0,1,1.0,1,0.18921347814931866,77
3791,6,8540,2781,5759,0,0,0,1.0,1,1.0,1,1.0,1,0.1673088170084188,77
3792,1,8541,2781,5760,0,0,0,1.0,1,1.0,1,1.0,1,0.1526659875734275,78
3793,2,8543,2782,5761,0,0,0,1.0,1,1.0,1,1.0,1,0.16370671722392585,80
3794,6,8549,2782,5767,0,0,0,1.0,1,1.0,1,1.0,1,0.1250849899391342,82
3795,4,8553,2782,5771,0,0,0,1.0,1,1.0,1,1.0,1,0.14411370577187732,83
3796,5,8558,2782,5776,0,0,0,1.0,1,1.0,1,1.0,1,0.10271109677292743,83
3797,1,8559,2782,5777,0,0,0,1.0,1,1.0,1,1.0,1,0.10922693695242726,82
3798,0,8559,2782,5777,0,0,0,1.0,1,1.0,1,1.0,1,0.11149909776662303,82
3799,0,8559,2782,5777,0,0,0,1.0,1,1.0,1,1.0,1,0.1212425956769204,83
3800,1,8560,2782,5778,0,0,0,1.0,1,1.0,1,1.0,1,0.13651913674471136,83
3801,4,8564,2783,5781,0,0,0,1.0,1,1.0,1,1.0,1,0.1320335709328096,83
3802,0,8564,2783,5781,0,0,0,1.0,1,1.0,1,1.0,1,0.14437893382287106,82
3803,1,8565,2783,5782,0,0,0,1.0,1,1.0,1,1.0,1,0.13138695809038264,84
3804,1,8566,2783,5783,0,0,0,1.0,1,1.0,1,1.0,1,0.12846530918505794,84
3805,4,8570,2784,5786,0,0,0,1.0,1,1.0,1,1.0,1,0.14989986025893298,86
3806,3,8573,2784,5789,0,0,0,1.0,1,1.0,1,1.0,1,0.13086180223613234,86
3807,2,8575,2785,5790,0,0,0,1.0,1,1.0,1,1.0,1,0.1438236251679863,86
3808,0,8575,2785,5790,0,0,0,1.0,1,1.0,1,1.0,1,0.13734161238076603,85
3809,1,8576,2785,5791,0,0,0,1.0,1,1.0,1,1.0,1,0.130678869474298,85
3810,0,8576,2785,5791,0,0,0,1.0,1,1.0,1,1.0,1,0.130678869474298,85
3811,3,8579,2786,5793,0,0,0,1.0,1,1.0,1,1.0,1,0.1241771929090018,84
3812,0,8579,2786,5793,0,0,0,1.0,1,1.0,1,1.0,1,0.12450123589679374,83
3813,3,8582,2787,5795,0,0,0,1.0,1,1.0,1,1.0,1,0.11188803883495264,82
3814,2,8584,2789,5795,0,0,0,1.0,1,1.0,1,1.0,1,0.11933504161593611,81
3815,2,8586,2789,5797,0,0,0,1.0,1,1.0,1,1.0,1,0.10017689676509624,82
3816,3,8589,2790,5799,0,0,0,1.0,1,1.0,1,1.0,1,0.08121688826328845,81
3817,0,8589,2790,5799,0,0,0,1.0,1,1.0,1,1.0,1,0.08121688826328845,81
3818,3,8592,2792,5800,0,0,0,1.0,1,1.0,1,1.0,1,0.11314070240170647,81
3819,3,8595,2793,5802,0,0,0,1.0,1,1.0,1,1.0,1,0.12967824271633213,82
3820,7,8602,2793,5809,0,0,0,1.0,1,1.0,1,1.0,1,0.13943477691248485,84
3821,2,8604,2794,5810,0,0,0,1.0,1,1.0,1,1.0,1,0.15893591707031415,84
3822,2,8606,2794,5812,0,0,0,1.0,1,1.0,1,1.0,1,0.13158685177796456,82
3823,2,8608,2796,5812,0,0,0,1.0,1,1.0,1,1.0,1,0.12210984981064867,81
3824,0,8608,2796,5812,0,0,0,1.0,1,1.0,1,1.0,1,0.13930286676200632,78
3825,0,8608,2796,5812,0,0,0,1.0,1,1.0,1,1.0,1,0.15531858625459533,76
3826,5,8613,2797,5816,0,0,0,1.0,1,1.0,1,1.0,1,0.14422995490877188,76
3827,1,8614,2798,5816,0,0,0,1.0,1,1.0,1,1.0,1,0.17498499829376377,75
3828,1,8615,2799,5816,0,0,0,1.0,1,1.0,1,1.0,1,0.1840720852915251,74
3829,4,8619,2800,5819,0,0,0,1.0,1,1.0,1,1.0,1,0.18806586714679105,74
3830,1,8620,2801,5819,0,0,0,1.0,1,1.0,1,1.0,1,0.1814360420146738,74
3831,8,8628,2803,5825,0,0,0,1.0,1,1.0,1,1.0,1,0.18493643820406291,74
3832,4,8632,2804,5828,0,0,0,1.0,1,1.0,1,1.0,1,0.17359139681791402,73
3833,5,8637,2806,5831,0,0,0,1.0,1,1.0,1,1.0,1,0.1958236173904697,73
3834,5,8642,2806,5836,0,0,0,1.0,1,1.0,1,1.0,1,0.17936723745942568,74
3835,9,8651,2807,5844,0,0,0,1.0,1,1.0,1,1.0,1,0.20685989854576792,75
3836,10,8661,2807,5854,0,0,0,1.0,1,1.0,1,1.0,1,0.14116898479188467,75
3837,6,8667,2808,5859,0,0,0,1.0,1,1.0,1,1.0,1,0.15945644503065165,78
3838,6,8673,2809,5864,0,0,0,1.0,1,1.0,1,1.0,1,0.15479699423133814,78
3839,4,8677,2809,5868,0,0,0,1.0,1,1.0,1,1.0,1,0.14531425469545,79
3840,10,8687,2810,5877,0,0,0,1.0,1,1.0,1,1.0,1,0.15538810290567687,82
3841,4,8691,2810,5881,0,0,0,1.0,1,1.0,1,1.0,1,0.12388962231701205,82
3842,0,8691,2810,5881,0,0,0,1.0,1,1.0,1,1.0,1,0.12429802914438404,82
3843,0,8691,2810,5881,0,0,0,1.0,1,1.0,1,1.0,1,0.12429802914438404,82
3844,3,8694,2810,5884,0,0,0,1.0,1,1.0,1,1.0,1,0.11393825129322166,83
3845,1,8695,2810,5885,0,0,0,1.0,1,1.0,1,1.0,1,0.11548207739571903,84
3846,6,8701,2810,5891,0,0,0,1.0,1,1.0,1,1.0,1,0.08308011484678739,85
3847,0,8701,2810,5891,0,0,0,1.0,1,1.0,1,1.0,1,0.09395351411158191,84
3848,2,8703,2812,5891,0,0,0,1.0,1,1.0,1,1.0,1,0.12026810021149965,84
3849,2,8705,2812,5893,0,0,0,1.0,1,1.0,1,1.0,1,0.10737207749868113,83
3850,0,8705,2812,5893,0,0,0,1.0,1,1.0,1,1.0,1,0.11350094616030675,80
3851,7,8712,2812,5900,0,0,0,1.0,1,1.0,1,1.0,1,0.08411311336664076,80
3852,1,8713,2812,5901,0,0,0,1.0,1,1.0,1,1.0,1,0.08965814799897995,79
3853,2,8715,2812,5903,0,0,0,1.0,1,1.0,1,1.0,1,0.07648914402851788,79
3854,1,8716,2813,5903,0,0,0,1.0,1,1.0,1,1.0,1,0.09811585194125373,78
3855,1,8717,2814,5903,0,0,0,1.0,1,1.0,1,1.0,1,0.11561945742651897,78
3856,3,8720,2815,5905,0,0,0,1.0,1,1.0,1,1.0,1,0.12297823050766352,80
3857,2,8722,2816,5906,0,0,0,1.0,1,1.0,1,1.0,1,0.12342044901210539,81
3858,2,8724,2817,5907,0,0,0,1.0,1,1.0,1,1.0,1,0.12619673215191451,81
3859,1,8725,2817,5908,0,0,0,1.0,1,1.0,1,1.0,1,0.12503395434949183,83
3860,2,8727,2818,5909,0,0,0,1.0,1,1.0,1,1.0,1,0.1411248567634163,82
3861,3,8730,2819,5911,0,0,0,1.0,1,1.0,1,1.0,1,0.13397219810881636,84
3862,6,8736,2820,5916,0,0,0,1.0,1,1.0,1,1.0,1,0.11038256927919227,85
3863,1,8737,2820,5917,0,0,0,1.0,1,1.0,1,1.0,1,0.10456283026766093,84
3864,1,8738,2821,5917,0,0,0,1.0,1,1.0,1,1.0,1,0.10201350224043726,83
3865,1,8739,2822,5917,0,0,0,1.0,1,1.0,1,1.0,1,0.0975711597252136,82
3866,4,8743,2822,5921,0,0,0,1.0,1,1.0,1,1.0,1,0.08985608588694292,81
3867,4,8747,2826,5921,0,0,0,1.0,1,1.0,1,1.0,1,0.11845879718021143,81
3868,4,8751,2827,5924,0,0,0,1.0,1,1.0,1,1.0,1,0.0961249813459234,81
3869,2,8753,2828,5925,0,0,0,1.0,1,1.0,1,1.0,1,0.0838741806183624,81
3870,0,8753,2828,5925,0,0,0,1.0,1,1.0,1,1.0,1,0.08960195609028834,80
3871,3,8756,2830,5926,0,0,0,1.0,1,1.0,1,1.0,1,0.08447035359748437,82
3872,1,8757,2830,5927,0,0,0,1.0,1,1.0,1,1.0,1,0.07600393367680773,81
3873,2,8759,2831,5928,0,0,0,1.0,1,1.0,1,1.0,1,0.07553191473049332,81
3874,1,8760,2832,5928,0,0,0,1.0,1,1.0,1,1.0,1,0.09444398148194871,78
3875,2,8762,2832,5930,0,0,0,1.0,1,1.0,1,1.0,1,0.06843090128687994,77
3876,4,8766,2833,5933,0,0,0,1.0,1,1.0,1,1.0,1,0.05769780103314311,78
3877,0,8766,2833,5933,0,0,0,1.0,1,1.0,1,1.0,1,0.07798140143095116,75
3878,0,8766,2833,5933,0,0,0,1.0,1,1.0,1,1.0,1,0.07798140143095116,75
3879,0,8766,2833,5933,0,0,0,1.0,1,1.0,1,1.0,1,0.10394449474378516,73
3880,0,8766,2833,5933,0,0,0,1.0,1,1.0,1,1.0,1,0.09036798213834484,74
3881,3,8769,2833,5936,0,0,0,1.0,1,1.0,1,1.0,1,0.0431191591673944,75
3882,2,8771,2833,5938,0,0,0,1.0,1,1.0,1,1.0,1,0.05758658428198333,76
3883,0,8771,2833,5938,0,0,0,1.0,1,1.0,1,1.0,1,0.06340150957782562,77
3884,6,8777,2836,5941,0,0,0,1.0,1,1.0,1,1.0,1,0.08260540381280225,78
3885,3,8780,2837,5943,0,0,0,1.0,1,1.0,1,1.0,1,0.09598977506186168,78
3886,8,8788,2838,5950,0,0,0,1.0,1,1.0,1,1.0,1,0.1004229884175967,79
3887,5,8793,2839,5954,0,0,0,1.0,1,1.0,1,1.0,1,0.08940106139925301,78
3888,6,8799,2839,5960,0,0,0,1.0,1,1.0,1,1.0,1,0.11155505556373915,80
3889,8,8807,2840,5967,0,0,0,1.0,1,1.0,1,1.0,1,0.11892607181156996,82
3890,4,8811,2841,5970,0,0,0,1.0,1,1.0,1,1.0,1,0.11157992919986574,82
3891,8,8819,2843,5976,0,0,0,1.0,1,1.0,1,1.0,1,0.08746259060252815,85
3892,7,8826,2845,5981,0,0,0,1.0,1,1.0,1,1.0,1,0.1025180154058219,87
3893,6,8832,2845,5987,0,0,0,1.0,1,1.0,1,1.0,1,0.1032383464893083,86
3894,7,8839,2845,5994,0,0,0,1.0,1,1.0,1,1.0,1,0.09440626501629235,87
3895,5,8844,2846,5998,0,0,0,1.0,1,1.0,1,1.0,1,0.10675248100238625,87
3896,3,8847,2846,6001,0,0,0,1.0,1,1.0,1,1.0,1,0.08980222559468698,85
3897,1,8848,2847,6001,0,0,0,1.0,1,1.0,1,1.0,1,0.09868712034725573,85
3898,2,8850,2848,6002,0,0,0,1.0,1,1.0,1,1.0,1,0.1206425932738321,86
3899,0,8850,2848,6002,0,0,0,1.0,1,1.0,1,1.0,1,0.1206425932738321,86
3900,0,8850,2848,6002,0,0,0,1.0,1,1.0,1,1.0,1,0.1206425932738321,86
3901,5,8855,2849,6006,0,0,0,1.0,1,1.0,1,1.0,1,0.09769320245662264,86
3902,4,8859,2850,6009,0,0,0,1.0,1,1.0,1,1.0,1,0.08160072264038758,87
3903,1,8860,2851,6009,0,0,0,1.0,1,1.0,1,1.0,1,0.09265143812169284,87
3904,3,8863,2854,6009,0,0,0,1.0,1,1.0,1,1.0,1,0.13399790284423685,85
3905,3,8866,2855,6011,0,0,0,1.0,1,1.0,1,1.0,1,0.10473172225100315,84
3906,9,8875,2856,6019,0,0,0,1.0,1,1.0,1,1.0,1,0.09265332843688484,86
3907,4,8879,2857,6022,0,0,0,1.0,1,1.0,1,1.0,1,0.05635064467496761,84
3908,1,8880,2857,6023,0,0,0,1.0,1,1.0,1,1.0,1,0.06976353176848213,83
3909,1,8881,2857,6024,0,0,0,1.0,1,1.0,1,1.0,1,0.0775222506241448,81
3910,3,8884,2860,6024,0,0,0,1.0,1,1.0,1,1.0,1,0.10005359733936979,82
3911,5,8889,2861,6028,0,0,0,1.0,1,1.0,1,1.0,1,0.045614994964182205,81
3912,3,8892,2862,6030,0,0,0,1.0,1,1.0,1,1.0,1,0.05220809103570224,80
3913,2,8894,2863,6031,0,0,0,1.0,1,1.0,1,1.0,1,0.05207593732041032,80
3914,5,8899,2864,6035,0,0,0,1.0,1,1.0,1,1.0,1,0.045487817916156636,81
3915,6,8905,2867,6038,0,0,0,1.0,1,1.0,1,1.0,1,0.080197937407495,81
3916,2,8907,2868,6039,0,0,0,1.0,1,1.0,1,1.0,1,0.08635851504643698,81
3917,4,8911,2871,6040,0,0,0,1.0,1,1.0,1,1.0,1,0.11443756293626002,82
3918,6,8917,2873,6044,0,0,0,1.0,1,1.0,1,1.0,1,0.11344665536985314,85
3919,1,8918,2873,6045,0,0,0,1.0,1,1.0,1,1.0,1,0.10870348980018656,85
3920,2,8920,2873,6047,0,0,0,1.0,1,1.0,1,1.0,1,0.10985113286499404,85
3921,6,8926,2873,6053,0,0,0,1.0,1,1.0,1,1.0,1,0.07537021566282864,88
3922,0,8926,2873,6053,0,0,0,1.0,1,1.0,1,1.0,1,0.07537021566282864,88
3923,1,8927,2873,6054,0,0,0,1.0,1,1.0,1,1.0,1,0.06508480835992689,89
3924,0,8927,2873,6054,0,0,0,1.0,1,1.0,1,1.0,1,0.06697578133018196,90
3925,1,8928,2874,6054,0,0,0,1.0,1,1.0,1,1.0,1,0.06634826663902742,88
3926,3,8931,2875,6056,0,0,0,1.0,1,1.0,1,1.0,1,0.06793824291344171,89
3927,4,8935,2877,6058,0,0,0,1.0,1,1.0,1,1.0,1,0.09481557297377645,89
3928,2,8937,2877,6060,0,0,0,1.0,1,1.0,1,1.0,1,0.09675188375610605,88
3929,3,8940,2878,6062,0,0,0,1.0,1,1.0,1,1.0,1,0.11651214044137173,88
3930,3,8943,2878,6065,0,0,0,1.0,1,1.0,1,1.0,1,0.1205823027725775,87
3931,4,8947,2878,6069,0,0,0,1.0,1,1.0,1,1.0,1,0.08566718884319462,86
3932,1,8948,2879,6069,0,0,0,1.0,1,1.0,1,1.0,1,0.09825658867605995,85
3933,1,8949,2880,6069,0,0,0,1.0,1,1.0,1,1.0,1,0.11076711191068123,84
3934,4,8953,2880,6073,0,0,0,1.0,1,1.0,1,1.0,1,0.09668257404474248,85
3935,2,8955,2881,6074,0,0,0,1.0,1,1.0,1,1.0,1,0.10635551407684689,84
3936,5,8960,2881,6079,0,0,0,1.0,1,1.0,1,1.0,1,0.07590611293900262,84
3937,2,8962,2882,6080,0,0,0,1.0,1,1.0,1,1.0,1,0.09834609765418655,82
3938,2,8964,2882,6082,0,0,0,1.0,1,1.0,1,1.0,1,0.0781642470990988,82
3939,0,8964,2882,6082,0,0,0,1.0,1,1.0,1,1.0,1,0.07440119701759944,84
3940,1,8965,2883,6082,0,0,0,1.0,1,1.0,1,1.0,1,0.08389149381020242,84
3941,4,8969,2883,6086,0,0,0,1.0,1,1.0,1,1.0,1,0.0636814316202166,85
3942,2,8971,2884,6087,0,0,0,1.0,1,1.0,1,1.0,1,0.06589908145181395,85
3943,2,8973,2884,6089,0,0,0,1.0,1,1.0,1,1.0,1,0.06343943061429685,84
3944,5,8978,2886,6092,0,0,0,1.0,1,1.0,1,1.0,1,0.11045339995580643,83
3945,4,8982,2887,6095,0,0,0,1.0,1,1.0,1,1.0,1,0.10236186120036786,83
3946,4,8986,2888,6098,0,0,0,1.0,1,1.0,1,1.0,1,0.10588848896868515,83
3947,1,8987,2888,6099,0,0,0,1.0,1,1.0,1,1.0,1,0.0928023366233787,83
3948,1,8988,2889,6099,0,0,0,1.0,1,1.0,1,1.0,1,0.11475318913708729,84
3949,3,8991,2889,6102,0,0,0,1.0,1,1.0,1,1.0,1,0.11785611500305936,84
3950,5,8996,2891,6105,0,0,0,1.0,1,1.0,1,1.0,1,0.1263430523554034,86
3951,9,9005,2891,6114,0,0,0,1.0,1,1.0,1,1.0,1,0.08559735240742368,87
3952,3,9008,2892,6116,0,0,0,1.0,1,1.0,1,1.0,1,0.07418701133086888,86
3953,2,9010,2893,6117,0,0,0,1.0,1,1.0,1,1.0,1,0.0833231679708246,86
3954,1,9011,2893,6118,0,0,0,1.0,1,1.0,1,1.0,1,0.07613602443580288,85
3955,1,9012,2893,6119,0,0,0,1.0,1,1.0,1,1.0,1,0.09673212671469388,85
3956,3,9015,2893,6122,0,0,0,1.0,1,1.0,1,1.0,1,0.07982493860347913,84
3957,4,9019,2894,6125,0,0,0,1.0,1,1.0,1,1.0,1,0.07403836187431609,85
3958,0,9019,2894,6125,0,0,0,1.0,1,1.0,1,1.0,1,0.07511105199720955,84
3959,0,9019,2894,6125,0,0,0,1.0,1,1.0,1,1.0,1,0.08351128826833135,83
3960,0,9019,2894,6125,0,0,0,1.0,1,1.0,1,1.0,1,0.08920959693169575,84
3961,2,9021,2895,6126,0,0,0,1.0,1,1.0,1,1.0,1,0.0965072653887642,83
3962,2,9023,2897,6126,0,0,0,1.0,1,1.0,1,1.0,1,0.11623982019550766,84
3963,5,9028,2899,6129,0,0,0,1.0,1,1.0,1,1.0,1,0.14117411773907998,81
3964,5,9033,2901,6132,0,0,0,1.0,1,1.0,1,1.0,1,0.1640237983376599,81
3965,3,9036,2902,6134,0,0,0,1.0,1,1.0,1,1.0,1,0.18698398551043882,81
3966,12,9048,2904,6144,0,0,0,1.0,1,1.0,1,1.0,1,0.1659316551021832,79
3967,9,9057,2905,6152,0,0,0,1.0,1,1.0,1,1.0,1,0.16511568767614435,81
3968,7,9064,2906,6158,0,0,0,1.0,1,1.0,1,1.0,1,0.1358179970487661,79
3969,7,9071,2908,6163,0,0,0,1.0,1,1.0,1,1.0,1,0.18086554146926187,79
3970,5,9076,2910,6166,0,0,0,1.0,1,1.0,1,1.0,1,0.1640293947714029,78
3971,6,9082,2910,6172,0,0,0,1.0,1,1.0,1,1.0,1,0.09372607280614008,77
3972,4,9086,2911,6175,0,0,0,1.0,1,1.0,1,1.0,1,0.083068936409796,78
3973,2,9088,2911,6177,0,0,0,1.0,1,1.0,1,1.0,1,0.08755758896556744,77
3974,3,9091,2912,6179,0,0,0,1.0,1,1.0,1,1.0,1,0.08704725665939739,77
3975,3,9094,2913,6181,0,0,0,1.0,1,1.0,1,1.0,1,0.10077006179886612,76
3976,1,9095,2913,6182,0,0,0,1.0,1,1.0,1,1.0,1,0.09888452489638283,77
3977,0,9095,2913,6182,0,0,0,1.0,1,1.0,1,1.0,1,0.1067306855914363,78
3978,3,9098,2914,6184,0,0,0,1.0,1,1.0,1,1.0,1,0.12191503577839184,79
3979,1,9099,2914,6185,0,0,0,1.0,1,1.0,1,1.0,1,0.1192822911309851,79
3980,1,9100,2914,6186,0,0,0,1.0,1,1.0,1,1.0,1,0.11655013262610836,79
3981,7,9107,2916,6191,0,0,0,1.0,1,1.0,1,1.0,1,0.14166328813940407,83
3982,2,9109,2916,6193,0,0,0,1.0,1,1.0,1,1.0,1,0.1264922972555527,83
3983,1,9110,2916,6194,0,0,0,1.0,1,1.0,1,1.0,1,0.1223827472944033,82
3984,2,9112,2916,6196,0,0,0,1.0,1,1.0,1,1.0,1,0.10994347081045575,83
3985,4,9116,2917,6199,0,0,0,1.0,1,1.0,1,1.0,1,0.11166045690343783,84
3986,5,9121,2918,6203,0,0,0,1.0,1,1.0,1,1.0,1,0.09579792331026328,83
3987,0,9121,2918,6203,0,0,0,1.0,1,1.0,1,1.0,1,0.11018239220699573,82
3988,3,9124,2919,6205,0,0,0,1.0,1,1.0,1,1.0,1,0.10881523548526904,83
3989,0,9124,2919,6205,0,0,0,1.0,1,1.0,1,1.0,1,0.12146298425500272,81
3990,1,9125,2919,6206,0,0,0,1.0,1,1.0,1,1.0,1,0.11520029102981348,81
3991,6,9131,2921,6210,0,0,0,1.0,1,1.0,1,1.0,1,0.11996129950252366,79
3992,3,9134,2921,6213,0,0,0,1.0,1,1.0,1,1.0,1,0.11549843522948722,81
3993,4,9138,2921,6217,0,0,0,1.0,1,1.0,1,1.0,1,0.11097723630316156,80
3994,3,9141,2922,6219,0,0,0,1.0,1,1.0,1,1.0,1,0.10814070811058334,80
3995,1,9142,2923,6219,0,0,0,1.0,1,1.0,1,1.0,1,0.11339959429920685,81
3996,3,9145,2923,6222,0,0,0,1.0,1,1.0,1,1.0,1,0.11619129689505917,80
3997,2,9147,2924,6223,0,0,0,1.0,1,1.0,1,1.0,1,0.10504833070299394,81
3998,2,9149,2925,6224,0,0,0,1.0,1,1.0,1,1.0,1,0.0884495222677293,82
3999,1,9150,2925,6225,0,0,0,1.0,1,1.0,1,1.0,1,0.08507611386631507,82
4000,5,9155,2927,6228,0,0,0,1.0,1,1.0,1,1.0,1,0.07892172655704995,82
4001,2,9157,2928,6229,0,0,0,1.0,1,1.0,1,1.0,1,0.0800198528039116,81
4002,2,9159,2930,6229,0,0,0,1.0,1,1.0,1,1.0,1,0.1079853174003885,81
4003,6,9165,2933,6232,0,0,0,1.0,1,1.0,1,1.0,1,0.13017336045572028,81
4004,5,9170,2936,6234,0,0,0,1.0,1,1.0,1,1.0,1,0.13601149476064667,80
4005,7,9177,2938,6239,0,0,0,1.0,1,1.0,1,1.0,1,0.12392168456885033,78
4006,3,9180,2939,6241,0,0,0,1.0,1,1.0,1,1.0,1,0.10236235589606892,76
4007,1,9181,2940,6241,0,0,0,1.0,1,1.0,1,1.0,1,0.1195496373971732,75
4008,0,9181,2940,6241,0,0,0,1.0,1,1.0,1,1.0,1,0.12101478058859003,74
4009,3,9184,2941,6243,0,0,0,1.0,1,1.0,1,1.0,1,0.11866144551961373,75
4010,0,9184,2941,6243,0,0,0,1.0,1,1.0,1,1.0,1,0.13211238720751478,75
4011,5,9189,2942,6247,0,0,0,1.0,1,1.0,1,1.0,1,0.1068528252217711,74
4012,2,9191,2943,6248,0,0,0,1.0,1,1.0,1,1.0,1,0.10852687359212773,74
4013,2,9193,2944,6249,0,0,0,1.0,1,1.0,1,1.0,1,0.12422952773082349,74
4014,1,9194,2945,6249,0,0,0,1.0,1,1.0,1,1.0,1,0.14942951223257098,73
4015,2,9196,2945,6251,0,0,0,1.0,1,1.0,1,1.0,1,0.14591133601885434,74
4016,5,9201,2945,6256,0,0,0,1.0,1,1.0,1,1.0,1,0.11853344151969374,74
4017,5,9206,2946,6260,0,0,0,1.0,1,1.0,1,1.0,1,0.11116573775487058,78
4018,3,9209,2947,6262,0,0,0,1.0,1,1.0,1,1.0,1,0.13708917878829302,78
4019,1,9210,2947,6263,0,0,0,1.0,1,1.0,1,1.0,1,0.14303368366508257,78
4020,3,9213,2947,6266,0,0,0,1.0,1,1.0,1,1.0,1,0.13237247409666472,78
4021,3,9216,2947,6269,0,0,0,1.0,1,1.0,1,1.0,1,0.11688009258116053,78
4022,1,9217,2948,6269,0,0,0,1.0,1,1.0,1,1.0,1,0.11827653198931033,79
4023,0,9217,2948,6269,0,0,0,1.0,1,1.0,1,1.0,1,0.12121429946272781,78
4024,0,9217,2948,6269,0,0,0,1.0,1,1.0,1,1.0,1,0.12744391997501026,77
4025,1,9218,2949,6269,0,0,0,1.0,1,1.0,1,1.0,1,0.12900211920461016,76
4026,3,9221,2951,6270,0,0,0,1.0,1,1.0,1,1.0,1,0.09782331127585533,76
4027,5,9226,2955,6271,0,0,0,1.0,1,1.0,1,1.0,1,0.15062900080886585,75
4028,5,9231,2956,6275,0,0,0,1.0,1,1.0,1,1.0,1,0.1268644481624968,76
4029,3,9234,2956,6278,0,0,0,1.0,1,1.0,1,1.0,1,0.1099614397972845,75
4030,1,9235,2956,6279,0,0,0,1.0,1,1.0,1,1.0,1,0.11491685821704627,74
4031,6,9241,2958,6283,0,0,0,1.0,1,1.0,1,1.0,1,0.11568972144837569,73
4032,1,9242,2958,6284,0,0,0,1.0,1,1.0,1,1.0,1,0.12122361659582685,71
4033,2,9244,2959,6285,0,0,0,1.0,1,1.0,1,1.0,1,0.1012065603907765,73
4034,2,9246,2961,6285,0,0,0,1.0,1,1.0,1,1.0,1,0.0932200861251762,72
4035,1,9247,2962,6285,0,0,0,1.0,1,1.0,1,1.0,1,0.11425456365013541,71
4036,4,9251,2963,6288,0,0,0,1.0,1,1.0,1,1.0,1,0.07509636253083186,71
4037,3,9254,2965,6289,0,0,0,1.0,1,1.0,1,1.0,1,0.1018330040142379,70
4038,2,9256,2966,6290,0,0,0,1.0,1,1.0,1,1.0,1,0.102655159211836,69
4039,2,9258,2967,6291,0,0,0,1.0,1,1.0,1,1.0,1,0.11676954767444543,68
4040,2,9260,2968,6292,0,0,0,1.0,1,1.0,1,1.0,1,0.1480902239678726,69
4041,5,9265,2969,6296,0,0,0,1.0,1,1.0,1,1.0,1,0.16289798670261066,67
4042,3,9268,2971,6297,0,0,0,1.0,1,1.0,1,1.0,1,0.20648924425570866,67
4043,4,9272,2972,6300,0,0,0,1.0,1,1.0,1,1.0,1,0.20690091018955015,66
4044,2,9274,2973,6301,0,0,0,1.0,1,1.0,1,1.0,1,0.2266592419623566,65
4045,2,9276,2973,6303,0,0,0,1.0,1,1.0,1,1.0,1,0.2283722283426661,66
4046,6,9282,2973,6309,0,0,0,1.0,1,1.0,1,1.0,1,0.17970410267136258,68
4047,0,9282,2973,6309,0,0,0,1.0,1,1.0,1,1.0,1,0.17970410267136258,68
4048,1,9283,2973,6310,0,0,0,1.0,1,1.0,1,1.0,1,0.17947325255850155,69
4049,2,9285,2974,6311,0,0,0,1.0,1,1.0,1,1.0,1,0.18643911982902447,69
4050,0,9285,2974,6311,0,0,0,1.0,1,1.0,1,1.0,1,0.182013630391968,69
4051,2,9287,2974,6313,0,0,0,1.0,1,1.0,1,1.0,1,0.1696498459956608,69
4052,2,9289,2974,6315,0,0,0,1.0,1,1.0,1,1.0,1,0.157600238179423,69
4053,0,9289,2974,6315,0,0,0,1.0,1,1.0,1,1.0,1,0.157600238179423,69
4054,3,9292,2975,6317,0,0,0,1.0,1,1.0,1,1.0,1,0.1345223891826822,70
4055,2,9294,2975,6319,0,0,0,1.0,1,1.0,1,1.0,1,0.11275114070691762,70
4056,2,9296,2975,6321,0,0,0,1.0,1,1.0,1,1.0,1,0.10199751759547392,70
4057,1,9297,2975,6322,0,0,0,1.0,1,1.0,1,1.0,1,0.09919055021411644,71
4058,0,9297,2975,6322,0,0,0,1.0,1,1.0,1,1.0,1,0.09919055021411644,71
4059,2,9299,2976,6323,0,0,0,1.0,1,1.0,1,1.0,1,0.10596115850836801,72
4060,0,9299,2976,6323,0,0,0,1.0,1,1.0,1,1.0,1,0.11406496831143059,71
4061,2,9301,2976,6325,0,0,0,1.0,1,1.0,1,1.0,1,0.10923192218309234,72
4062,1,9302,2976,6326,0,0,0,1.0,1,1.0,1,1.0,1,0.11001842275585842,72
4063,3,9305,2976,6329,0,0,0,1.0,1,1.0,1,1.0,1,0.10152068893740347,72
4064,3,9308,2978,6330,0,0,0,1.0,1,1.0,1,1.0,1,0.11229306582167771,71
4065,4,9312,2980,6332,0,0,0,1.0,1,1.0,1,1.0,1,0.09909992590998218,70
4066,2,9314,2981,6333,0,0,0,1.0,1,1.0,1,1.0,1,0.0984730593831904,70
4067,2,9316,2982,6334,0,0,0,1.0,1,1.0,1,1.0,1,0.08351843135648616,68
4068,3,9319,2983,6336,0,0,0,1.0,1,1.0,1,1.0,1,0.10836462118064033,70
4069,3,9322,2984,6338,0,0,0,1.0,1,1.0,1,1.0,1,0.10210727466660119,68
4070,2,9324,2986,6338,0,0,0,1.0,1,1.0,1,1.0,1,0.11779900118066675,67
4071,9,9333,2986,6347,0,0,0,1.0,1,1.0,1,1.0,1,0.08784012201609881,68
4072,3,9336,2986,6350,0,0,0,1.0,1,1.0,1,1.0,1,0.08307073687020829,70
4073,9,9345,2991,6354,0,0,0,1.0,1,1.0,1,1.0,1,0.10978252186772329,70
4074,10,9355,2995,6360,0,0,0,1.0,1,1.0,1,1.0,1,0.20195632180149095,71
4075,18,9373,2997,6376,0,0,0,1.0,1,1.0,1,1.0,1,0.18889937916771316,72
4076,9,9382,2997,6385,0,0,0,1.0,1,1.0,1,1.0,1,0.12605303116607583,73
4077,3,9385,2997,6388,0,0,0,1.0,1,1.0,1,1.0,1,0.1354076565322649,72
4078,5,9390,3000,6390,0,0,0,1.0,1,1.0,1,1.0,1,0.18383923333373084,71
4079,10,9400,3002,6398,0,0,0,1.0,1,1.0,1,1.0,1,0.1781079923817926,69
4080,3,9403,3003,6400,0,0,0,1.0,1,1.0,1,1.0,1,0.16387454497757217,67
4081,4,9407,3003,6404,0,0,0,1.0,1,1.0,1,1.0,1,0.127514881563044,66
4082,2,9409,3003,6406,0,0,0,1.0,1,1.0,1,1.0,1,0.12199357784641837,65
4083,3,9412,3006,6406,0,0,0,1.0,1,1.0,1,1.0,1,0.15854842967515761,64
4084,1,9413,3007,6406,0,0,0,1.0,1,1.0,1,1.0,1,0.16801896234381197,64
4085,2,9415,3008,6407,0,0,0,1.0,1,1.0,1,1.0,1,0.1683423738081121,65
4086,4,9419,3009,6410,0,0,0,1.0,1,1.0,1,1.0,1,0.15684085296864617,66
4087,1,9420,3009,6411,0,0,0,1.0,1,1.0,1,1.0,1,0.14578004003384967,66
4088,1,9421,3009,6412,0,0,0,1.0,1,1.0,1,1.0,1,0.16639152260096615,65
4089,1,9422,3009,6413,0,0,0,1.0,1,1.0,1,1.0,1,0.16138528183256218,65
4090,0,9422,3009,6413,0,0,0,1.0,1,1.0,1,1.0,1,0.17625709446524607,65
4091,3,9425,3009,6416,0,0,0,1.0,1,1.0,1,1.0,1,0.14702448289987843,65
4092,1,9426,3009,6417,0,0,0,1.0,1,1.0,1,1.0,1,0.14715209086378417,64
4093,2,9428,3009,6419,0,0,0,1.0,1,1.0,1,1.0,1,0.13338698117102413,66
4094,2,9430,3010,6420,0,0,0,1.0,1,1.0,1,1.0,1,0.13782015237382333,65
4095,0,9430,3010,6420,0,0,0,1.0,1,1.0,1,1.0,1,0.13782015237382333,65
4096,4,9434,3011,6423,0,0,0,1.0,1,1.0,1,1.0,1,0.12503490432587183,67
4097,1,9435,3012,6423,0,0,0,1.0,1,1.0,1,1.0,1,0.1327575232057142,67
4098,6,9441,3015,6426,0,0,0,1.0,1,1.0,1,1.0,1,0.14128679937830338,68
4099,3,9444,3015,6429,0,0,0,1.0,1,1.0,1,1.0,1,0.14474732866546877,69
4100,5,9449,3017,6432,0,0,0,1.0,1,1.0,1,1.0,1,0.1589285403081146,70
4101,7,9456,3018,6438,0,0,0,1.0,1,1.0,1,1.0,1,0.12670367466025834,71
4102,2,9458,3019,6439,0,0,0,1.0,1,1.0,1,1.0,1,0.125772742357396,71
4103,2,9460,3020,6440,0,0,0,1.0,1,1.0,1,1.0,1,0.12573822302022938,71
4104,2,9462,3022,6440,0,0,0,1.0,1,1.0,1,1.0,1,0.14179786710405792,69
4105,1,9463,3023,6440,0,0,0,1.0,1,1.0,1,1.0,1,0.1596481226466331,67
4106,4,9467,3023,6444,0,0,0,1.0,1,1.0,1,1.0,1,0.1398732640207288,68
4107,2,9469,3023,6446,0,0,0,1.0,1,1.0,1,1.0,1,0.12941921890281724,70
4108,0,9469,3023,6446,0,0,0,1.0,1,1.0,1,1.0,1,0.12742150765635601,70
4109,0,9469,3023,6446,0,0,0,1.0,1,1.0,1,1.0,1,0.1363880953617016,69
4110,1,9470,3024,6446,0,0,0,1.0,1,1.0,1,1.0,1,0.1125468982809312,71
4111,2,9472,3024,6448,0,0,0,1.0,1,1.0,1,1.0,1,0.08991213642056166,70
4112,0,9472,3024,6448,0,0,0,1.0,1,1.0,1,1.0,1,0.09235050546307931,72
4113,0,9472,3024,6448,0,0,0,1.0,1,1.0,1,1.0,1,0.09235050546307931,72
4114,4,9476,3025,6451,0,0,0,1.0,1,1.0,1,1.0,1,0.0907988169532283,72
4115,1,9477,3026,6451,0,0,0,1.0,1,1.0,1,1.0,1,0.09500526332876325,70
4116,3,9480,3027,6453,0,0,0,1.0,1,1.0,1,1.0,1,0.08529476411720803,67
4117,1,9481,3028,6453,0,0,0,1.0,1,1.0,1,1.0,1,0.09370731606741496,67
4118,3,9484,3028,6456,0,0,0,1.0,1,1.0,1,1.0,1,0.10240179689649942,66
4119,8,9492,3030,6462,0,0,0,1.0,1,1.0,1,1.0,1,0.13345871605327178,67
4120,5,9497,3033,6464,0,0,0,1.0,1,1.0,1,1.0,1,0.22470211709496077,64
4121,6,9503,3033,6470,0,0,0,1.0,1,1.0,1,1.0,1,0.1904295660030822,63
4122,4,9507,3035,6472,0,0,0,1.0,1,1.0,1,1.0,1,0.1827370405360002,63
4123,2,9509,3037,6472,0,0,0,1.0,1,1.0,1,1.0,1,0.19920695821929557,61
4124,4,9513,3038,6475,0,0,0,1.0,1,1.0,1,1.0,1,0.194939492336681,62
4125,2,9515,3038,6477,0,0,0,1.0,1,1.0,1,1.0,1,0.2196078941380594,60
4126,9,9524,3040,6484,0,0,0,1.0,1,1.0,1,1.0,1,0.13356212997797645,59
4127,2,9526,3042,6484,0,0,0,1.0,1,1.0,1,1.0,1,0.1327759793684371,60
4128,2,9528,3044,6484,0,0,0,1.0,1,1.0,1,1.0,1,0.1497499800425858,60
4129,0,9528,3044,6484,0,0,0,1.0,1,1.0,1,1.0,1,0.1740155484202355,60
4130,2,9530,3046,6484,0,0,0,1.0,1,1.0,1,1.0,1,0.17781998209505234,61
4131,4,9534,3046,6488,0,0,0,1.0,1,1.0,1,1.0,1,0.15069558112575465,60
4132,1,9535,3047,6488,0,0,0,1.0,1,1.0,1,1.0,1,0.1531771772029908,60
4133,1,9536,3047,6489,0,0,0,1.0,1,1.0,1,1.0,1,0.15684441148401876,62
4134,2,9538,3049,6489,0,0,0,1.0,1,1.0,1,1.0,1,0.1929048450413465,63
4135,5,9543,3050,6493,0,0,0,1.0,1,1.0,1,1.0,1,0.15356741852246658,65
4136,2,9545,3050,6495,0,0,0,1.0,1,1.0,1,1.0,1,0.12965258017428413,65
4137,1,9546,3051,6495,0,0,0,1.0,1,1.0,1,1.0,1,0.13435563379777735,66
4138,1,9547,3052,6495,0,0,0,1.0,1,1.0,1,1.0,1,0.1312415651649047,67
4139,1,9548,3053,6495,0,0,0,1.0,1,1.0,1,1.0,1,0.1401895995696556,67
4140,0,9548,3053,6495,0,0,0,1.0,1,1.0,1,1.0,1,0.13864535450067023,66
4141,1,9549,3053,6496,0,0,0,1.0,1,1.0,1,1.0,1,0.10828605367261684,67
4142,0,9549,3053,6496,0,0,0,1.0,1,1.0,1,1.0,1,0.10828605367261684,67
4143,1,9550,3053,6497,0,0,0,1.0,1,1.0,1,1.0,1,0.08525960419539294,66
4144,1,9551,3054,6497,0,0,0,1.0,1,1.0,1,1.0,1,0.08942213806537463,64
4145,5,9556,3059,6497,0,0,0,1.0,1,1.0,1,1.0,1,0.14537921598357653,63
4146,8,9564,3062,6502,0,0,0,1.0,1,1.0,1,1.0,1,0.11147077265525965,62
4147,1,9565,3063,6502,0,0,0,1.0,1,1.0,1,1.0,1,0.12423164409642556,60
4148,7,9572,3066,6506,0,0,0,1.0,1,1.0,1,1.0,1,0.12197707841234823,62
4149,2,9574,3067,6507,0,0,0,1.0,1,1.0,1,1.0,1,0.1127839264240891,61
4150,0,9574,3067,6507,0,0,0,1.0,1,1.0,1,1.0,1,0.12377166728362486,60
4151,7,9581,3068,6513,0,0,0,1.0,1,1.0,1,1.0,1,0.09912929022238318,60
4152,2,9583,3069,6514,0,0,0,1.0,1,1.0,1,1.0,1,0.12729250732539008,60
4153,1,9584,3070,6514,0,0,0,1.0,1,1.0,1,1.0,1,0.12951249381548863,58
4154,1,9585,3070,6515,0,0,0,1.0,1,1.0,1,1.0,1,0.1352486224986427,57
4155,2,9587,3071,6516,0,0,0,1.0,1,1.0,1,1.0,1,0.12288203744678858,57
4156,3,9590,3072,6518,0,0,0,1.0,1,1.0,1,1.0,1,0.10024289513668941,58
4157,0,9590,3072,6518,0,0,0,1.0,1,1.0,1,1.0,1,0.10267385617285574,57
4158,1,9591,3073,6518,0,0,0,1.0,1,1.0,1,1.0,1,0.14759627663855726,55
4159,2,9593,3074,6519,0,0,0,1.0,1,1.0,1,1.0,1,0.15182417133098222,57
4160,0,9593,3074,6519,0,0,0,1.0,1,1.0,1,1.0,1,0.1503875415719142,58
4161,3,9596,3074,6522,0,0,0,1.0,1,1.0,1,1.0,1,0.108858809533152,58
4162,1,9597,3075,6522,0,0,0,1.0,1,1.0,1,1.0,1,0.11949548508962973,57
4163,0,9597,3075,6522,0,0,0,1.0,1,1.0,1,1.0,1,0.12221433103161694,58
4164,4,9601,3078,6523,0,0,0,1.0,1,1.0,1,1.0,1,0.18941201307679587,56
4165,4,9605,3079,6526,0,0,0,1.0,1,1.0,1,1.0,1,0.19662645197813985,58
4166,2,9607,3079,6528,0,0,0,1.0,1,1.0,1,1.0,1,0.16574310057868263,57
4167,1,9608,3079,6529,0,0,0,1.0,1,1.0,1,1.0,1,0.14853534249987477,57
4168,1,9609,3079,6530,0,0,0,1.0,1,1.0,1,1.0,1,0.13423075710785307,58
4169,1,9610,3080,6530,0,0,0,1.0,1,1.0,1,1.0,1,0.12911609933046814,58
4170,1,9611,3081,6530,0,0,0,1.0,1,1.0,1,1.0,1,0.14557832698103168,58
4171,0,9611,3081,6530,0,0,0,1.0,1,1.0,1,1.0,1,0.16666760397285368,57
4172,3,9614,3081,6533,0,0,0,1.0,1,1.0,1,1.0,1,0.1396728033031881,57
4173,2,9616,3083,6533,0,0,0,1.0,1,1.0,1,1.0,1,0.18514662181434907,56
4174,2,9618,3084,6534,0,0,0,1.0,1,1.0,1,1.0,1,0.20590606065423958,56
4175,3,9621,3084,6537,0,0,0,1.0,1,1.0,1,1.0,1,0.19002584150333895,55
4176,4,9625,3084,6541,0,0,0,1.0,1,1.0,1,1.0,1,0.17694433519344124,57
4177,4,9629,3085,6544,0,0,0,1.0,1,1.0,1,1.0,1,0.16404521129147712,58
4178,5,9634,3087,6547,0,0,0,1.0,1,1.0,1,1.0,1,0.13364845929199343,60
4179,3,9637,3088,6549,0,0,0,1.0,1,1.0,1,1.0,1,0.13600219090520466,61
4180,6,9643,3089,6554,0,0,0,1.0,1,1.0,1,1.0,1,0.15484587124844365,62
4181,6,9649,3089,6560,0,0,0,1.0,1,1.0,1,1.0,1,0.10622506982200719,63
4182,1,9650,3090,6560,0,0,0,1.0,1,1.0,1,1.0,1,0.12934664757833692,63
4183,1,9651,3090,6561,0,0,0,1.0,1,1.0,1,1.0,1,0.10041195491205368,63
4184,1,9652,3091,6561,0,0,0,1.0,1,1.0,1,1.0,1,0.13156861638471584,63
4185,2,9654,3091,6563,0,0,0,1.0,1,1.0,1,1.0,1,0.15782897406081878,61
4186,9,9663,3094,6569,0,0,0,1.0,1,1.0,1,1.0,1,0.06551384054703216,62
4187,4,9667,3095,6572,0,0,0,1.0,1,1.0,1,1.0,1,0.082881609839719,60
4188,5,9672,3095,6577,0,0,0,1.0,1,1.0,1,1.0,1,0.0647263675183283,60
4189,2,9674,3095,6579,0,0,0,1.0,1,1.0,1,1.0,1,0.0647263675183283,60
4190,2,9676,3095,6581,0,0,0,1.0,1,1.0,1,1.0,1,0.0702397557731168,61
4191,1,9677,3096,6581,0,0,0,1.0,1,1.0,1,1.0,1,0.0757130564907145,59
4192,1,9678,3097,6581,0,0,0,1.0,1,1.0,1,1.0,1,0.08933521829996649,58
4193,2,9680,3099,6581,0,0,0,1.0,1,1.0,1,1.0,1,0.1301718756705518,57
4194,3,9683,3102,6581,0,0,0,1.0,1,1.0,1,1.0,1,0.16351867582068097,54
4195,0,9683,3102,6581,0,0,0,1.0,1,1.0,1,1.0,1,0.17180364587039815,55
4196,5,9688,3103,6585,0,0,0,1.0,1,1.0,1,1.0,1,0.13681722588784653,56
4197,0,9688,3103,6585,0,0,0,1.0,1,1.0,1,1.0,1,0.12478626869415935,55
4198,1,9689,3103,6586,0,0,0,1.0,1,1.0,1,1.0,1,0.15098718593047003,56
4199,2,9691,3105,6586,0,0,0,1.0,1,1.0,1,1.0,1,0.17412834516381012,55
4200,0,9691,3105,6586,0,0,0,1.0,1,1.0,1,1.0,1,0.17395145916980687,55
4201,3,9694,3105,6589,0,0,0,1.0,1,1.0,1,1.0,1,0.1288216818316046,56
4202,2,9696,3105,6591,0,0,0,1.0,1,1.0,1,1.0,1,0.1288216818316046,56
4203,1,9697,3105,6592,0,0,0,1.0,1,1.0,1,1.0,1,0.1329350222145325,57
4204,2,9699,3106,6593,0,0,0,1.0,1,1.0,1,1.0,1,0.12890147731276164,57
4205,0,9699,3106,6593,0,0,0,1.0,1,1.0,1,1.0,1,0.12132166192625557,58
4206,1,9700,3106,6594,0,0,0,1.0,1,1.0,1,1.0,1,0.11532286439432819,58
4207,2,9702,3108,6594,0,0,0,1.0,1,1.0,1,1.0,1,0.12118918288680333,58
4208,2,9704,3109,6595,0,0,0,1.0,1,1.0,1,1.0,1,0.12952327900258628,60
4209,4,9708,3111,6597,0,0,0,1.0,1,1.0,1,1.0,1,0.1422175724949713,61
4210,3,9711,3112,6599,0,0,0,1.0,1,1.0,1,1.0,1,0.13587815639745046,62
4211,4,9715,3112,6603,0,0,0,1.0,1,1.0,1,1.0,1,0.07764376921593527,63
4212,2,9717,3112,6605,0,0,0,1.0,1,1.0,1,1.0,1,0.08452910239759688,64
4213,3,9720,3112,6608,0,0,0,1.0,1,1.0,1,1.0,1,0.11343159888378622,65
4214,4,9724,3112,6612,0,0,0,1.0,1,1.0,1,1.0,1,0.12214579175290954,65
4215,2,9726,3112,6614,0,0,0,1.0,1,1.0,1,1.0,1,0.10172041683118917,65
4216,3,9729,3112,6617,0,0,0,1.0,1,1.0,1,1.0,1,0.09887716142757524,64
4217,4,9733,3113,6620,0,0,0,1.0,1,1.0,1,1.0,1,0.12552306128346818,65
4218,3,9736,3113,6623,0,0,0,1.0,1,1.0,1,1.0,1,0.1055783785652371,65
4219,4,9740,3115,6625,0,0,0,1.0,1,1.0,1,1.0,1,0.1525700651675273,65
4220,3,9743,3116,6627,0,0,0,1.0,1,1.0,1,1.0,1,0.1830253859996518,65
4221,6,9749,3117,6632,0,0,0,1.0,1,1.0,1,1.0,1,0.15930357079119406,67
4222,3,9752,3118,6634,0,0,0,1.0,1,1.0,1,1.0,1,0.15634544880572684,68
4223,4,9756,3120,6636,0,0,0,1.0,1,1.0,1,1.0,1,0.1647035898093258,68
4224,1,9757,3121,6636,0,0,0,1.0,1,1.0,1,1.0,1,0.1632368215478441,68
4225,0,9757,3121,6636,0,0,0,1.0,1,1.0,1,1.0,1,0.16402464531932698,66
4226,4,9761,3122,6639,0,0,0,1.0,1,1.0,1,1.0,1,0.16710955284605547,66
4227,2,9763,3122,6641,0,0,0,1.0,1,1.0,1,1.0,1,0.15443598879453435,66
4228,2,9765,3122,6643,0,0,0,1.0,1,1.0,1,1.0,1,0.12775521699805398,65
4229,2,9767,3122,6645,0,0,0,1.0,1,1.0,1,1.0,1,0.13358195246996346,65
4230,3,9770,3123,6647,0,0,0,1.0,1,1.0,1,1.0,1,0.10594607019417376,64
4231,1,9771,3123,6648,0,0,0,1.0,1,1.0,1,1.0,1,0.10409820334844495,64
4232,2,9773,3124,6649,0,0,0,1.0,1,1.0,1,1.0,1,0.10166714672002018,65
4233,1,9774,3124,6650,0,0,0,1.0,1,1.0,1,1.0,1,0.09272650264010142,64
4234,2,9776,3124,6652,0,0,0,1.0,1,1.0,1,1.0,1,0.07758773223664887,63
4235,0,9776,3124,6652,0,0,0,1.0,1,1.0,1,1.0,1,0.07758773223664887,63
4236,0,9776,3124,6652,0,0,0,1.0,1,1.0,1,1.0,1,0.07758773223664887,63
4237,2,9778,3125,6653,0,0,0,1.0,1,1.0,1,1.0,1,0.10714526454571248,65
4238,0,9778,3125,6653,0,0,0,1.0,1,1.0,1,1.0,1,0.10714526454571248,65
4239,0,9778,3125,6653,0,0,0,1.0,1,1.0,1,1.0,1,0.10714526454571248,65
4240,1,9779,3126,6653,0,0,0,1.0,1,1.0,1,1.0,1,0.0842841183823154,66
4241,0,9779,3126,6653,0,0,0,1.0,1,1.0,1,1.0,1,0.0842841183823154,66
4242,1,9780,3127,6653,0,0,0,1.0,1,1.0,1,1.0,1,0.09092966896477452,69
4243,2,9782,3127,6655,0,0,0,1.0,1,1.0,1,1.0,1,0.09094555373866951,71
4244,0,9782,3127,6655,0,0,0,1.0,1,1.0,1,1.0,1,0.09094555373866951,71
4245,3,9785,3127,6658,0,0,0,1.0,1,1.0,1,1.0,1,0.08358444629855076,73
4246,2,9787,3127,6660,0,0,0,1.0,1,1.0,1,1.0,1,0.06282151542039446,74
4247,0,9787,3127,6660,0,0,0,1.0,1,1.0,1,1.0,1,0.06282151542039446,74
4248,1,9788,3128,6660,0,0,0,1.0,1,1.0,1,1.0,1,0.06327078785837938,74
4249,0,9788,3128,6660,0,0,0,1.0,1,1.0,1,1.0,1,0.06327078785837938,74
4250,0,9788,3128,6660,0,0,0,1.0,1,1.0,1,1.0,1,0.06327078785837938,74
4251,1,9789,3128,6661,0,0,0,1.0,1,1.0,1,1.0,1,0.05851870401112335,75
4252,4,9793,3131,6662,0,0,0,1.0,1,1.0,1,1.0,1,0.11786193586172407,75
4253,3,9796,3131,6665,0,0,0,1.0,1,1.0,1,1.0,1,0.13284558547358435,76
4254,4,9800,3132,6668,0,0,0,1.0,1,1.0,1,1.0,1,0.12323302066544534,75
4255,3,9803,3134,6669,0,0,0,1.0,1,1.0,1,1.0,1,0.13507339363745205,76
4256,4,9807,3134,6673,0,0,0,1.0,1,1.0,1,1.0,1,0.10499115010811753,78
4257,5,9812,3136,6676,0,0,0,1.0,1,1.0,1,1.0,1,0.0991711277487151,78
4258,4,9816,3136,6680,0,0,0,1.0,1,1.0,1,1.0,1,0.10445904454314703,77
4259,1,9817,3137,6680,0,0,0,1.0,1,1.0,1,1.0,1,0.10004474794060124,78
4260,2,9819,3137,6682,0,0,0,1.0,1,1.0,1,1.0,1,0.10434684406992498,77
4261,1,9820,3137,6683,0,0,0,1.0,1,1.0,1,1.0,1,0.11097136116666943,76
4262,1,9821,3138,6683,0,0,0,1.0,1,1.0,1,1.0,1,0.13077942269260026,75
4263,2,9823,3139,6684,0,0,0,1.0,1,1.0,1,1.0,1,0.11405770063221063,74
4264,1,9824,3139,6685,0,0,0,1.0,1,1.0,1,1.0,1,0.14981411806654732,74
4265,4,9828,3142,6686,0,0,0,1.0,1,1.0,1,1.0,1,0.14329252913077162,73
4266,6,9834,3143,6691,0,0,0,1.0,1,1.0,1,1.0,1,0.11466752345738097,71
4267,4,9838,3145,6693,0,0,0,1.0,1,1.0,1,1.0,1,0.12482457492306945,69
4268,3,9841,3147,6694,0,0,0,1.0,1,1.0,1,1.0,1,0.12551665876504453,67
4269,2,9843,3149,6694,0,0,0,1.0,1,1.0,1,1.0,1,0.14555038809529847,64
4270,2,9845,3151,6694,0,0,0,1.0,1,1.0,1,1.0,1,0.12306483365448363,63
4271,1,9846,3151,6695,0,0,0,1.0,1,1.0,1,1.0,1,0.11787056407724052,63
4272,2,9848,3153,6695,0,0,0,1.0,1,1.0,1,1.0,1,0.15210600278597936,62
4273,2,9850,3153,6697,0,0,0,1.0,1,1.0,1,1.0,1,0.14007090118954024,62
4274,1,9851,3153,6698,0,0,0,1.0,1,1.0,1,1.0,1,0.14674969296495194,62
4275,0,9851,3153,6698,0,0,0,1.0,1,1.0,1,1.0,1,0.16693463813463863,61
4276,5,9856,3153,6703,0,0,0,1.0,1,1.0,1,1.0,1,0.1222879353467359,62
4277,1,9857,3153,6704,0,0,0,1.0,1,1.0,1,1.0,1,0.1311176803735828,63
4278,1,9858,3154,6704,0,0,0,1.0,1,1.0,1,1.0,1,0.1371071888955745,64
4279,2,9860,3156,6704,0,0,0,1.0,1,1.0,1,1.0,1,0.15628034350116324,65
4280,2,9862,3156,6706,0,0,0,1.0,1,1.0,1,1.0,1,0.15202290481274214,65
4281,2,9864,3156,6708,0,0,0,1.0,1,1.0,1,1.0,1,0.12700958298626588,65
4282,5,9869,3159,6710,0,0,0,1.0,1,1.0,1,1.0,1,0.15190675043808669,66
4283,3,9872,3160,6712,0,0,0,1.0,1,1.0,1,1.0,1,0.17244317455854674,66
4284,5,9877,3161,6716,0,0,0,1.0,1,1.0,1,1.0,1,0.19180462550744348,66
4285,6,9883,3161,6722,0,0,0,1.0,1,1.0,1,1.0,1,0.19586037057505165,67
4286,6,9889,3161,6728,0,0,0,1.0,1,1.0,1,1.0,1,0.16227282823482167,67
4287,2,9891,3161,6730,0,0,0,1.0,1,1.0,1,1.0,1,0.16227282823482167,67
4288,1,9892,3161,6731,0,0,0,1.0,1,1.0,1,1.0,1,0.14947309146353194,68
4289,4,9896,3162,6734,0,0,0,1.0,1,1.0,1,1.0,1,0.1492056191072502,68
4290,3,9899,3162,6737,0,0,0,1.0,1,1.0,1,1.0,1,0.1438103546565382,70
4291,1,9900,3162,6738,0,0,0,1.0,1,1.0,1,1.0,1,0.1333804074309077,71
4292,0,9900,3162,6738,0,0,0,1.0,1,1.0,1,1.0,1,0.1333804074309077,71
4293,1,9901,3162,6739,0,0,0,1.0,1,1.0,1,1.0,1,0.11522867342664579,71
4294,1,9902,3163,6739,0,0,0,1.0,1,1.0,1,1.0,1,0.12578746444701022,71
4295,1,9903,3164,6739,0,0,0,1.0,1,1.0,1,1.0,1,0.14591337573536592,72
4296,4,9907,3165,6742,0,0,0,1.0,1,1.0,1,1.0,1,0.13154000887525186,73
4297,0,9907,3165,6742,0,0,0,1.0,1,1.0,1,1.0,1,0.13154000887525186,73
4298,2,9909,3167,6742,0,0,0,1.0,1,1.0,1,1.0,1,0.1516829890782208,74
4299,0,9909,3167,6742,0,0,0,1.0,1,1.0,1,1.0,1,0.13743329846621444,75
4300,1,9910,3167,6743,0,0,0,1.0,1,1.0,1,1.0,1,0.1206938418698263,75
4301,3,9913,3167,6746,0,0,0,1.0,1,1.0,1,1.0,1,0.10322163404152691,76
4302,1,9914,3167,6747,0,0,0,1.0,1,1.0,1,1.0,1,0.09596656009306265,76
4303,0,9914,3167,6747,0,0,0,1.0,1,1.0,1,1.0,1,0.09539419919244135,75
4304,3,9917,3169,6748,0,0,0,1.0,1,1.0,1,1.0,1,0.12984243653708313,75
4305,3,9920,3170,6750,0,0,0,1.0,1,1.0,1,1.0,1,0.1181916790863485,73
4306,2,9922,3171,6751,0,0,0,1.0,1,1.0,1,1.0,1,0.11516864486010042,74
4307,2,9924,3172,6752,0,0,0,1.0,1,1.0,1,1.0,1,0.10095784640082914,73
4308,2,9926,3174,6752,0,0,0,1.0,1,1.0,1,1.0,1,0.12268228851443153,71
4309,1,9927,3174,6753,0,0,0,1.0,1,1.0,1,1.0,1,0.12078131930344867,70
4310,1,9928,3175,6753,0,0,0,1.0,1,1.0,1,1.0,1,0.12020598421076246,69
4311,5,9933,3178,6755,0,0,0,1.0,1,1.0,1,1.0,1,0.1332470711156809,69
4312,3,9936,3180,6756,0,0,0,1.0,1,1.0,1,1.0,1,0.1480668665363818,66
4313,3,9939,3181,6758,0,0,0,1.0,1,1.0,1,1.0,1,0.1507965572058601,64
4314,1,9940,3182,6758,0,0,0,1.0,1,1.0,1,1.0,1,0.18344201504234547,61
4315,5,9945,3184,6761,0,0,0,1.0,1,1.0,1,1.0,1,0.16852677993445525,61
4316,3,9948,3184,6764,0,0,0,1.0,1,1.0,1,1.0,1,0.12481682859609894,60
4317,4,9952,3185,6767,0,0,0,1.0,1,1.0,1,1.0,1,0.12871155860419814,62
4318,4,9956,3187,6769,0,0,0,1.0,1,1.0,1,1.0,1,0.16032659542853997,59
4319,2,9958,3188,6770,0,0,0,1.0,1,1.0,1,1.0,1,0.16636376882137704,60
4320,2,9960,3188,6772,0,0,0,1.0,1,1.0,1,1.0,1,0.16745867662406044,60
4321,3,9963,3189,6774,0,0,0,1.0,1,1.0,1,1.0,1,0.16212656424411792,61
4322,1,9964,3190,6774,0,0,0,1.0,1,1.0,1,1.0,1,0.17999170554574043,61
4323,1,9965,3191,6774,0,0,0,1.0,1,1.0,1,1.0,1,0.20675653812309747,61
4324,2,9967,3192,6775,0,0,0,1.0,1,1.0,1,1.0,1,0.21301429817957448,60
4325,2,9969,3193,6776,0,0,0,1.0,1,1.0,1,1.0,1,0.2272409423572893,60
4326,5,9974,3193,6781,0,0,0,1.0,1,1.0,1,1.0,1,0.17648967395594242,61
4327,2,9976,3193,6783,0,0,0,1.0,1,1.0,1,1.0,1,0.14590846785563957,62
4328,0,9976,3193,6783,0,0,0,1.0,1,1.0,1,1.0,1,0.14590846785563957,62
4329,1,9977,3193,6784,0,0,0,1.0,1,1.0,1,1.0,1,0.1364397832006214,65
4330,4,9981,3193,6788,0,0,0,1.0,1,1.0,1,1.0,1,0.12004342796229679,65
4331,0,9981,3193,6788,0,0,0,1.0,1,1.0,1,1.0,1,0.12004342796229679,65
4332,2,9983,3194,6789,0,0,0,1.0,1,1.0,1,1.0,1,0.13003501411459234,66
4333,0,9983,3194,6789,0,0,0,1.0,1,1.0,1,1.0,1,0.13003501411459234,66
4334,1,9984,3195,6789,0,0,0,1.0,1,1.0,1,1.0,1,0.14644281859279543,66
4335,0,9984,3195,6789,0,0,0,1.0,1,1.0,1,1.0,1,0.16284778239812833,65
4336,9,9993,3199,6794,0,0,0,1.0,1,1.0,1,1.0,1,0.15843434684393834,67
4337,8,10001,3200,6801,0,0,0,1.0,1,1.0,1,1.0,1,0.15766967045747005,69
4338,3,10004,3200,6804,0,0,0,1.0,1,1.0,1,1.0,1,0.16445644650322766,70
4339,7,10011,3200,6811,0,0,0,1.0,1,1.0,1,1.0,1,0.15603271113944983,70
4340,3,10014,3200,6814,0,0,0,1.0,1,1.0,1,1.0,1,0.1797693979976438,71
4341,4,10018,3201,6817,0,0,0,1.0,1,1.0,1,1.0,1,0.13067038050456192,70
4342,2,10020,3201,6819,0,0,0,1.0,1,1.0,1,1.0,1,0.14219869397077906,71
4343,4,10024,3202,6822,0,0,0,1.0,1,1.0,1,1.0,1,0.1441602705828182,67
4344,5,10029,3207,6822,0,0,0,1.0,1,1.0,1,1.0,1,0.17597986779167957,67
4345,3,10032,3209,6823,0,0,0,1.0,1,1.0,1,1.0,1,0.1669891250841699,64
4346,7,10039,3212,6827,0,0,0,1.0,1,1.0,1,1.0,1,0.147605290000537,64
4347,4,10043,3215,6828,0,0,0,1.0,1,1.0,1,1.0,1,0.18319077641212358,62
4348,1,10044,3216,6828,0,0,0,1.0,1,1.0,1,1.0,1,0.19501503579270008,62
4349,1,10045,3217,6828,0,0,0,1.0,1,1.0,1,1.0,1,0.21897249519819964,61
4350,3,10048,3219,6829,0,0,0,1.0,1,1.0,1,1.0,1,0.206788947638678,60
4351,5,10053,3219,6834,0,0,0,1.0,1,1.0,1,1.0,1,0.17267705637368705,60
4352,1,10054,3219,6835,0,0,0,1.0,1,1.0,1,1.0,1,0.1801957278055083,57
4353,1,10055,3220,6835,0,0,0,1.0,1,1.0,1,1.0,1,0.18730891918671022,55
4354,4,10059,3221,6838,0,0,0,1.0,1,1.0,1,1.0,1,0.14133436647391318,55
4355,2,10061,3222,6839,0,0,0,1.0,1,1.0,1,1.0,1,0.16585783794576206,53
4356,2,10063,3222,6841,0,0,0,1.0,1,1.0,1,1.0,1,0.11605190033907808,55
4357,0,10063,3222,6841,0,0,0,1.0,1,1.0,1,1.0,1,0.11942504691159261,55
4358,2,10065,3222,6843,0,0,0,1.0,1,1.0,1,1.0,1,0.09964340130062846,55
4359,0,10065,3222,6843,0,0,0,1.0,1,1.0,1,1.0,1,0.1205738126004943,54
4360,0,10065,3222,6843,0,0,0,1.0,1,1.0,1,1.0,1,0.10793143993864704,55
4361,2,10067,3223,6844,0,0,0,1.0,1,1.0,1,1.0,1,0.10656321039406294,54
4362,0,10067,3223,6844,0,0,0,1.0,1,1.0,1,1.0,1,0.10178694684237166,55
4363,3,10070,3225,6845,0,0,0,1.0,1,1.0,1,1.0,1,0.1320575661938131,55
4364,1,10071,3226,6845,0,0,0,1.0,1,1.0,1,1.0,1,0.15749477051033212,55
4365,4,10075,3226,6849,0,0,0,1.0,1,1.0,1,1.0,1,0.17021168478263998,54
4366,5,10080,3228,6852,0,0,0,1.0,1,1.0,1,1.0,1,0.12318085765290725,54
4367,1,10081,3229,6852,0,0,0,1.0,1,1.0,1,1.0,1,0.12128882577180587,57
4368,1,10082,3229,6853,0,0,0,1.0,1,1.0,1,1.0,1,0.14989165126750018,57
4369,2,10084,3229,6855,0,0,0,1.0,1,1.0,1,1.0,1,0.1423258183706473,58
4370,3,10087,3231,6856,0,0,0,1.0,1,1.0,1,1.0,1,0.17039957897096789,59
4371,5,10092,3231,6861,0,0,0,1.0,1,1.0,1,1.0,1,0.12746188484767823,60
4372,3,10095,3232,6863,0,0,0,1.0,1,1.0,1,1.0,1,0.1128555532885785,60
4373,1,10096,3232,6864,0,0,0,1.0,1,1.0,1,1.0,1,0.10047898079278872,60
4374,0,10096,3232,6864,0,0,0,1.0,1,1.0,1,1.0,1,0.11620843327038292,59
4375,0,10096,3232,6864,0,0,0,1.0,1,1.0,1,1.0,1,0.12461787793762791,60
4376,0,10096,3232,6864,0,0,0,1.0,1,1.0,1,1.0,1,0.13741150092390375,60
4377,3,10099,3234,6865,0,0,0,1.0,1,1.0,1,1.0,1,0.1815276999897899,61
4378,5,10104,3235,6869,0,0,0,1.0,1,1.0,1,1.0,1,0.1784371732887163,64
4379,1,10105,3236,6869,0,0,0,1.0,1,1.0,1,1.0,1,0.1969397251785412,64
4380,3,10108,3237,6871,0,0,0,1.0,1,1.0,1,1.0,1,0.20988932767437482,65
4381,3,10111,3237,6874,0,0,0,1.0,1,1.0,1,1.0,1,0.2010753535749266,64
4382,2,10113,3238,6875,0,0,0,1.0,1,1.0,1,1.0,1,0.2096682489777964,64
4383,6,10119,3240,6879,0,0,0,1.0,1,1.0,1,1.0,1,0.21034278429394787,64
4384,2,10121,3241,6880,0,0,0,1.0,1,1.0,1,1.0,1,0.28245657989715156,60
4385,4,10125,3242,6883,0,0,0,1.0,1,1.0,1,1.0,1,0.2960707898195039,58
4386,10,10135,3244,6891,0,0,0,1.0,1,1.0,1,1.0,1,0.2113609185643574,58
4387,3,10138,3245,6893,0,0,0,1.0,1,1.0,1,1.0,1,0.1815731686897002,55
4388,2,10140,3246,6894,0,0,0,1.0,1,1.0,1,1.0,1,0.1786599150428908,56
4389,5,10145,3246,6899,0,0,0,1.0,1,1.0,1,1.0,1,0.15597669156952573,55
4390,3,10148,3248,6900,0,0,0,1.0,1,1.0,1,1.0,1,0.15363176921455815,55
4391,1,10149,3249,6900,0,0,0,1.0,1,1.0,1,1.0,1,0.13717726397038366,56
4392,0,10149,3249,6900,0,0,0,1.0,1,1.0,1,1.0,1,0.14499230031286317,56
4393,3,10152,3251,6901,0,0,0,1.0,1,1.0,1,1.0,1,0.17526055743480481,55
4394,1,10153,3251,6902,0,0,0,1.0,1,1.0,1,1.0,1,0.15298027758573282,53
4395,0,10153,3251,6902,0,0,0,1.0,1,1.0,1,1.0,1,0.15298027758573282,53
4396,1,10154,3252,6902,0,0,0,1.0,1,1.0,1,1.0,1,0.15354703883105786,53
4397,1,10155,3253,6902,0,0,0,1.0,1,1.0,1,1.0,1,0.18586941992581485,50
4398,0,10155,3253,6902,0,0,0,1.0,1,1.0,1,1.0,1,0.1984291245049843,50
4399,0,10155,3253,6902,0,0,0,1.0,1,1.0,1,1.0,1,0.19962440744713458,52
4400,3,10158,3254,6904,0,0,0,1.0,1,1.0,1,1.0,1,0.19719426177034982,55
4401,3,10161,3254,6907,0,0,0,1.0,1,1.0,1,1.0,1,0.1584302563904131,56
4402,0,10161,3254,6907,0,0,0,1.0,1,1.0,1,1.0,1,0.1584302563904131,56
4403,3,10164,3256,6908,0,0,0,1.0,1,1.0,1,1.0,1,0.17253059501596327,57
4404,0,10164,3256,6908,0,0,0,1.0,1,1.0,1,1.0,1,0.17253059501596327,57
4405,0,10164,3256,6908,0,0,0,1.0,1,1.0,1,1.0,1,0.1676705750427597,58
4406,3,10167,3256,6911,0,0,0,1.0,1,1.0,1,1.0,1,0.13775682484445645,58
4407,0,10167,3256,6911,0,0,0,1.0,1,1.0,1,1.0,1,0.13775682484445645,58
4408,1,10168,3257,6911,0,0,0,1.0,1,1.0,1,1.0,1,0.1419378565669797,59
4409,1,10169,3257,6912,0,0,0,1.0,1,1.0,1,1.0,1,0.13709764205994876,59
4410,0,10169,3257,6912,0,0,0,1.0,1,1.0,1,1.0,1,0.13709764205994876,59
4411,1,10170,3257,6913,0,0,0,1.0,1,1.0,1,1.0,1,0.11383655498691866,62
4412,0,10170,3257,6913,0,0,0,1.0,1,1.0,1,1.0,1,0.11900544047295779,63
4413,1,10171,3257,6914,0,0,0,1.0,1,1.0,1,1.0,1,0.09607036801136314,63
4414,0,10171,3257,6914,0,0,0,1.0,1,1.0,1,1.0,1,0.10255677436986568,64
4415,2,10173,3258,6915,0,0,0,1.0,1,1.0,1,1.0,1,0.11329376350106139,64
4416,1,10174,3258,6916,0,0,0,1.0,1,1.0,1,1.0,1,0.09949241549705355,64
4417,0,10174,3258,6916,0,0,0,1.0,1,1.0,1,1.0,1,0.10629332177706866,65
4418,1,10175,3259,6916,0,0,0,1.0,1,1.0,1,1.0,1,0.12679534760403935,65
4419,3,10178,3259,6919,0,0,0,1.0,1,1.0,1,1.0,1,0.14741025134292704,62
4420,1,10179,3259,6920,0,0,0,1.0,1,1.0,1,1.0,1,0.13745000772088858,62
4421,5,10184,3261,6923,0,0,0,1.0,1,1.0,1,1.0,1,0.11733008371090359,65
4422,4,10188,3263,6925,0,0,0,1.0,1,1.0,1,1.0,1,0.13600352360894363,64
4423,1,10189,3264,6925,0,0,0,1.0,1,1.0,1,1.0,1,0.1275388619342544,63
4424,3,10192,3265,6927,0,0,0,1.0,1,1.0,1,1.0,1,0.11787438641559282,63
4425,2,10194,3266,6928,0,0,0,1.0,1,1.0,1,1.0,1,0.13264952335240898,63
4426,4,10198,3268,6930,0,0,0,1.0,1,1.0,1,1.0,1,0.08872288217530166,63
4427,0,10198,3268,6930,0,0,0,1.0,1,1.0,1,1.0,1,0.07943105512554505,62
4428,0,10198,3268,6930,0,0,0,1.0,1,1.0,1,1.0,1,0.07174657774887146,61
4429,4,10202,3271,6931,0,0,0,1.0,1,1.0,1,1.0,1,0.11102996377131871,62
4430,1,10203,3272,6931,0,0,0,1.0,1,1.0,1,1.0,1,0.12272885630079071,60
4431,3,10206,3273,6933,0,0,0,1.0,1,1.0,1,1.0,1,0.0897024983641859,59
4432,2,10208,3274,6934,0,0,0,1.0,1,1.0,1,1.0,1,0.09162477651879425,60
4433,9,10217,3278,6939,0,0,0,1.0,1,1.0,1,1.0,1,0.11601539449327378,61
4434,4,10221,3278,6943,0,0,0,1.0,1,1.0,1,1.0,1,0.09602387503262316,61
4435,7,10228,3280,6948,0,0,0,1.0,1,1.0,1,1.0,1,0.10197887376430312,61
4436,2,10230,3280,6950,0,0,0,1.0,1,1.0,1,1.0,1,0.08811671173899294,61
4437,4,10234,3282,6952,0,0,0,1.0,1,1.0,1,1.0,1,0.11313664081222821,61
4438,2,10236,3283,6953,0,0,0,1.0,1,1.0,1,1.0,1,0.08370575150569814,62
4439,0,10236,3283,6953,0,0,0,1.0,1,1.0,1,1.0,1,0.09695342929427045,63
4440,1,10237,3283,6954,0,0,0,1.0,1,1.0,1,1.0,1,0.07541214416778771,64
4441,3,10240,3285,6955,0,0,0,1.0,1,1.0,1,1.0,1,0.0893061866723115,64
4442,6,10246,3288,6958,0,0,0,1.0,1,1.0,1,1.0,1,0.15412158425525316,67
4443,3,10249,3290,6959,0,0,0,1.0,1,1.0,1,1.0,1,0.15599650481747251,68
4444,4,10253,3290,6963,0,0,0,1.0,1,1.0,1,1.0,1,0.15601720511494407,69
4445,8,10261,3292,6969,0,0,0,1.0,1,1.0,1,1.0,1,0.18726247681652544,71
4446,7,10268,3293,6975,0,0,0,1.0,1,1.0,1,1.0,1,0.13114544897961591,71
4447,3,10271,3293,6978,0,0,0,1.0,1,1.0,1,1.0,1,0.11631542619676212,72
4448,2,10273,3293,6980,0,0,0,1.0,1,1.0,1,1.0,1,0.12338707531001097,71
4449,2,10275,3294,6981,0,0,0,1.0,1,1.0,1,1.0,1,0.11080360205668353,70
4450,0,10275,3294,6981,0,0,0,1.0,1,1.0,1,1.0,1,0.1225261279270088,69
4451,2,10277,3294,6983,0,0,0,1.0,1,1.0,1,1.0,1,0.11155004790950468,69
4452,3,10280,3294,6986,0,0,0,1.0,1,1.0,1,1.0,1,0.10692069146900396,70
4453,0,10280,3294,6986,0,0,0,1.0,1,1.0,1,1.0,1,0.09808572158894292,70
4454,6,10286,3297,6989,0,0,0,1.0,1,1.0,1,1.0,1,0.13877148148853496,71
4455,5,10291,3297,6994,0,0,0,1.0,1,1.0,1,1.0,1,0.1111436208192361,71
4456,4,10295,3298,6997,0,0,0,1.0,1,1.0,1,1.0,1,0.09684597799838436,71
4457,2,10297,3298,6999,0,0,0,1.0,1,1.0,1,1.0,1,0.0874074024120489,69
4458,2,10299,3298,7001,0,0,0,1.0,1,1.0,1,1.0,1,0.08334486497861927,70
4459,2,10301,3299,7002,0,0,0,1.0,1,1.0,1,1.0,1,0.11476544260088344,68
4460,1,10302,3299,7003,0,0,0,1.0,1,1.0,1,1.0,1,0.11869956380662701,68
4461,3,10305,3299,7006,0,0,0,1.0,1,1.0,1,1.0,1,0.11119648785812765,67
4462,3,10308,3301,7007,0,0,0,1.0,1,1.0,1,1.0,1,0.14558424425044408,66
4463,2,10310,3303,7007,0,0,0,1.0,1,1.0,1,1.0,1,0.16367240201750372,65
4464,6,10316,3306,7010,0,0,0,1.0,1,1.0,1,1.0,1,0.17127250899892218,62
4465,5,10321,3309,7012,0,0,0,1.0,1,1.0,1,1.0,1,0.1964098441926261,61
4466,10,10331,3310,7021,0,0,0,1.0,1,1.0,1,1.0,1,0.16060940780658825,60
4467,2,10333,3311,7022,0,0,0,1.0,1,1.0,1,1.0,1,0.15152621374198566,58
4468,3,10336,3312,7024,0,0,0,1.0,1,1.0,1,1.0,1,0.16791255674188166,57
4469,1,10337,3313,7024,0,0,0,1.0,1,1.0,1,1.0,1,0.18228960508930842,56
4470,1,10338,3313,7025,0,0,0,1.0,1,1.0,1,1.0,1,0.17865429648609146,55
4471,6,10344,3315,7029,0,0,0,1.0,1,1.0,1,1.0,1,0.1316106730543491,55
4472,3,10347,3318,7029,0,0,0,1.0,1,1.0,1,1.0,1,0.16890828777271633,55
4473,8,10355,3322,7033,0,0,0,1.0,1,1.0,1,1.0,1,0.21489584317709234,55
4474,4,10359,3323,7036,0,0,0,1.0,1,1.0,1,1.0,1,0.18337897773848646,55
4475,7,10366,3325,7041,0,0,0,1.0,1,1.0,1,1.0,1,0.16664295501160517,56
4476,7,10373,3325,7048,0,0,0,1.0,1,1.0,1,1.0,1,0.09276024222812033,56
4477,2,10375,3325,7050,0,0,0,1.0,1,1.0,1,1.0,1,0.11203168197748466,57
4478,1,10376,3325,7051,0,0,0,1.0,1,1.0,1,1.0,1,0.12565744802679876,55
4479,1,10377,3325,7052,0,0,0,1.0,1,1.0,1,1.0,1,0.11823115652662544,55
4480,5,10382,3326,7056,0,0,0,1.0,1,1.0,1,1.0,1,0.1649014425430889,54
4481,4,10386,3326,7060,0,0,0,1.0,1,1.0,1,1.0,1,0.14288026645521626,53
4482,1,10387,3327,7060,0,0,0,1.0,1,1.0,1,1.0,1,0.17535740567378888,54
4483,1,10388,3327,7061,0,0,0,1.0,1,1.0,1,1.0,1,0.16990405085874,55
4484,3,10391,3328,7063,0,0,0,1.0,1,1.0,1,1.0,1,0.15848844854019606,57
4485,3,10394,3330,7064,0,0,0,1.0,1,1.0,1,1.0,1,0.15729708848582813,60
4486,6,10400,3330,7070,0,0,0,1.0,1,1.0,1,1.0,1,0.08464119167956871,60
4487,2,10402,3330,7072,0,0,0,1.0,1,1.0,1,1.0,1,0.08464119167956871,60
4488,1,10403,3330,7073,0,0,0,1.0,1,1.0,1,1.0,1,0.09018622800232133,60
4489,3,10406,3331,7075,0,0,0,1.0,1,1.0,1,1.0,1,0.10860994850858702,60
4490,1,10407,3331,7076,0,0,0,1.0,1,1.0,1,1.0,1,0.11310936772441306,60
4491,0,10407,3331,7076,0,0,0,1.0,1,1.0,1,1.0,1,0.11628471582112847,61
4492,1,10408,3332,7076,0,0,0,1.0,1,1.0,1,1.0,1,0.11543073230913435,61
4493,2,10410,3334,7076,0,0,0,1.0,1,1.0,1,1.0,1,0.15618731917280576,60
4494,2,10412,3334,7078,0,0,0,1.0,1,1.0,1,1.0,1,0.1505948065852267,61
4495,1,10413,3334,7079,0,0,0,1.0,1,1.0,1,1.0,1,0.15644958910604959,59
4496,5,10418,3336,7082,0,0,0,1.0,1,1.0,1,1.0,1,0.18108465354088954,60
4497,1,10419,3336,7083,0,0,0,1.0,1,1.0,1,1.0,1,0.18382356074574746,59
4498,1,10420,3336,7084,0,0,0,1.0,1,1.0,1,1.0,1,0.19864233576539184,57
4499,6,10426,3338,7088,0,0,0,1.0,1,1.0,1,1.0,1,0.17798619372882257,58
4500,0,10426,3338,7088,0,0,0,1.0,1,1.0,1,1.0,1,0.16411561280154377,56
4501,7,10433,3341,7092,0,0,0,1.0,1,1.0,1,1.0,1,0.12648472470602232,57
4502,5,10438,3344,7094,0,0,0,1.0,1,1.0,1,1.0,1,0.15216615771382433,56
4503,2,10440,3345,7095,0,0,0,1.0,1,1.0,1,1.0,1,0.1685462596489896,54
4504,2,10442,3346,7096,0,0,0,1.0,1,1.0,1,1.0,1,0.16487657197074773,54
4505,2,10444,3347,7097,0,0,0,1.0,1,1.0,1,1.0,1,0.18286324475390175,51
4506,4,10448,3348,7100,0,0,0,1.0,1,1.0,1,1.0,1,0.14502807275759513,49
4507,8,10456,3349,7107,0,0,0,1.0,1,1.0,1,1.0,1,0.11760497264490911,48
4508,2,10458,3349,7109,0,0,0,1.0,1,1.0,1,1.0,1,0.11534938492241494,48
4509,2,10460,3350,7110,0,0,0,1.0,1,1.0,1,1.0,1,0.1206295368918452,46
4510,0,10460,3350,7110,0,0,0,1.0,1,1.0,1,1.0,1,0.13209651246830384,44
4511,3,10463,3351,7112,0,0,0,1.0,1,1.0,1,1.0,1,0.11938856057925276,45
4512,2,10465,3353,7112,0,0,0,1.0,1,1.0,1,1.0,1,0.09437697743395553,46
4513,0,10465,3353,7112,0,0,0,1.0,1,1.0,1,1.0,1,0.11451620800540041,45
4514,1,10466,3354,7112,0,0,0,1.0,1,1.0,1,1.0,1,0.12720804618715387,46
4515,3,10469,3355,7114,0,0,0,1.0,1,1.0,1,1.0,1,0.1440927685589884,48
4516,3,10472,3355,7117,0,0,0,1.0,1,1.0,1,1.0,1,0.11615364583757776,49
4517,2,10474,3356,7118,0,0,0,1.0,1,1.0,1,1.0,1,0.11852352708760376,50
4518,1,10475,3357,7118,0,0,0,1.0,1,1.0,1,1.0,1,0.13338487523589723,50
4519,2,10477,3358,7119,0,0,0,1.0,1,1.0,1,1.0,1,0.13699571018215612,49
4520,2,10479,3358,7121,0,0,0,1.0,1,1.0,1,1.0,1,0.14757732235548018,50
4521,3,10482,3359,7123,0,0,0,1.0,1,1.0,1,1.0,1,0.11491025180246642,50
4522,0,10482,3359,7123,0,0,0,1.0,1,1.0,1,1.0,1,0.11491025180246642,50
4523,2,10484,3359,7125,0,0,0,1.0,1,1.0,1,1.0,1,0.10095842854846193,51
4524,5,10489,3360,7129,0,0,0,1.0,1,1.0,1,1.0,1,0.11384263099294682,52
4525,4,10493,3362,7131,0,0,0,1.0,1,1.0,1,1.0,1,0.1365018669207119,53
4526,4,10497,3362,7135,0,0,0,1.0,1,1.0,1,1.0,1,0.05237591915267857,54
4527,1,10498,3363,7135,0,0,0,1.0,1,1.0,1,1.0,1,0.07284010619400567,55
4528,2,10500,3363,7137,0,0,0,1.0,1,1.0,1,1.0,1,0.07863851907299416,55
4529,1,10501,3364,7137,0,0,0,1.0,1,1.0,1,1.0,1,0.11044513816904496,55
4530,0,10501,3364,7137,0,0,0,1.0,1,1.0,1,1.0,1,0.10681596824676888,56
4531,5,10506,3367,7139,0,0,0,1.0,1,1.0,1,1.0,1,0.12474999764344126,56
4532,1,10507,3368,7139,0,0,0,1.0,1,1.0,1,1.0,1,0.15015011224070784,55
4533,1,10508,3369,7139,0,0,0,1.0,1,1.0,1,1.0,1,0.18424304306153386,54
4534,0,10508,3369,7139,0,0,0,1.0,1,1.0,1,1.0,1,0.18550906640219525,55
4535,0,10508,3369,7139,0,0,0,1.0,1,1.0,1,1.0,1,0.20254068093083663,52
4536,5,10513,3371,7142,0,0,0,1.0,1,1.0,1,1.0,1,0.1649874954047794,53
4537,6,10519,3372,7147,0,0,0,1.0,1,1.0,1,1.0,1,0.1420315541616123,52
4538,1,10520,3372,7148,0,0,0,1.0,1,1.0,1,1.0,1,0.148326563639474,52
4539,2,10522,3373,7149,0,0,0,1.0,1,1.0,1,1.0,1,0.17804030231840376,53
4540,3,10525,3374,7151,0,0,0,1.0,1,1.0,1,1.0,1,0.2049419737470533,54
4541,6,10531,3374,7157,0,0,0,1.0,1,1.0,1,1.0,1,0.13149743498336955,53
4542,3,10534,3376,7158,0,0,0,1.0,1,1.0,1,1.0,1,0.17356689918731538,53
4543,2,10536,3377,7159,0,0,0,1.0,1,1.0,1,1.0,1,0.14257074704690637,53
4544,1,10537,3378,7159,0,0,0,1.0,1,1.0,1,1.0,1,0.13195034706938932,52
4545,0,10537,3378,7159,0,0,0,1.0,1,1.0,1,1.0,1,0.13594450181018705,50
4546,3,10540,3378,7162,0,0,0,1.0,1,1.0,1,1.0,1,0.10192060661956992,49
4547,0,10540,3378,7162,0,0,0,1.0,1,1.0,1,1.0,1,0.10183672410817861,49
4548,1,10541,3379,7162,0,0,0,1.0,1,1.0,1,1.0,1,0.12643789857660354,49
4549,2,10543,3380,7163,0,0,0,1.0,1,1.0,1,1.0,1,0.12245354810195028,50
4550,1,10544,3381,7163,0,0,0,1.0,1,1.0,1,1.0,1,0.1396318434513979,49
4551,2,10546,3383,7163,0,0,0,1.0,1,1.0,1,1.0,1,0.10500061407996399,49
4552,1,10547,3384,7163,0,0,0,1.0,1,1.0,1,1.0,1,0.10593541051200131,49
4553,2,10549,3384,7165,0,0,0,1.0,1,1.0,1,1.0,1,0.08023929750723136,49
4554,5,10554,3386,7168,0,0,0,1.0,1,1.0,1,1.0,1,0.13872492840880044,49
4555,1,10555,3386,7169,0,0,0,1.0,1,1.0,1,1.0,1,0.12009494722786339,48
4556,3,10558,3388,7170,0,0,0,1.0,1,1.0,1,1.0,1,0.15123867295367863,48
4557,4,10562,3389,7173,0,0,0,1.0,1,1.0,1,1.0,1,0.10624354966237393,49
4558,1,10563,3389,7174,0,0,0,1.0,1,1.0,1,1.0,1,0.07844945771114699,49
4559,2,10565,3390,7175,0,0,0,1.0,1,1.0,1,1.0,1,0.12785028596025144,50
4560,0,10565,3390,7175,0,0,0,1.0,1,1.0,1,1.0,1,0.1288310022214588,51
4561,1,10566,3390,7176,0,0,0,1.0,1,1.0,1,1.0,1,0.10306926566644406,52
4562,0,10566,3390,7176,0,0,0,1.0,1,1.0,1,1.0,1,0.10243660538682046,53
4563,0,10566,3390,7176,0,0,0,1.0,1,1.0,1,1.0,1,0.0907589863014057,52
4564,1,10567,3390,7177,0,0,0,1.0,1,1.0,1,1.0,1,0.08949859909705024,54
4565,0,10567,3390,7177,0,0,0,1.0,1,1.0,1,1.0,1,0.10006959793834064,55
4566,3,10570,3391,7179,0,0,0,1.0,1,1.0,1,1.0,1,0.0792578294936139,55
4567,2,10572,3393,7179,0,0,0,1.0,1,1.0,1,1.0,1,0.07826662169076416,56
4568,2,10574,3394,7180,0,0,0,1.0,1,1.0,1,1.0,1,0.08184084658255696,58
4569,0,10574,3394,7180,0,0,0,1.0,1,1.0,1,1.0,1,0.07106822034180095,59
4570,2,10576,3396,7180,0,0,0,1.0,1,1.0,1,1.0,1,0.08714829758920493,59
4571,1,10577,3396,7181,0,0,0,1.0,1,1.0,1,1.0,1,0.08499174984795876,57
4572,2,10579,3398,7181,0,0,0,1.0,1,1.0,1,1.0,1,0.12622219182197233,56
4573,1,10580,3399,7181,0,0,0,1.0,1,1.0,1,1.0,1,0.14829588498055013,56
4574,1,10581,3399,7182,0,0,0,1.0,1,1.0,1,1.0,1,0.18698971685142898,55
4575,2,10583,3399,7184,0,0,0,1.0,1,1.0,1,1.0,1,0.16853982031728143,55
4576,5,10588,3399,7189,0,0,0,1.0,1,1.0,1,1.0,1,0.12502174980900238,55
4577,0,10588,3399,7189,0,0,0,1.0,1,1.0,1,1.0,1,0.12632152625750817,54
4578,0,10588,3399,7189,0,0,0,1.0,1,1.0,1,1.0,1,0.13203346486873777,54
4579,3,10591,3400,7191,0,0,0,1.0,1,1.0,1,1.0,1,0.1485918256470754,54
4580,0,10591,3400,7191,0,0,0,1.0,1,1.0,1,1.0,1,0.1360101584696688,55
4581,3,10594,3402,7192,0,0,0,1.0,1,1.0,1,1.0,1,0.1508581821477027,56
4582,2,10596,3402,7194,0,0,0,1.0,1,1.0,1,1.0,1,0.14118906885132462,56
4583,2,10598,3403,7195,0,0,0,1.0,1,1.0,1,1.0,1,0.14150664056608878,57
4584,2,10600,3405,7195,0,0,0,1.0,1,1.0,1,1.0,1,0.1824733923077086,57
4585,1,10601,3405,7196,0,0,0,1.0,1,1.0,1,1.0,1,0.1862519941946239,57
4586,2,10603,3405,7198,0,0,0,1.0,1,1.0,1,1.0,1,0.16449464970892252,57
4587,1,10604,3405,7199,0,0,0,1.0,1,1.0,1,1.0,1,0.1571079466428996,57
4588,1,10605,3405,7200,0,0,0,1.0,1,1.0,1,1.0,1,0.15314202965453316,58
4589,1,10606,3405,7201,0,0,0,1.0,1,1.0,1,1.0,1,0.14117840252701971,59
4590,1,10607,3405,7202,0,0,0,1.0,1,1.0,1,1.0,1,0.14688881079148422,60
4591,1,10608,3405,7203,0,0,0,1.0,1,1.0,1,1.0,1,0.13401739986674618,61
4592,1,10609,3405,7204,0,0,0,1.0,1,1.0,1,1.0,1,0.11717148956535316,62
4593,0,10609,3405,7204,0,0,0,1.0,1,1.0,1,1.0,1,0.11824421063563745,64
4594,1,10610,3405,7205,0,0,0,1.0,1,1.0,1,1.0,1,0.09374312809528772,64
4595,4,10614,3406,7208,0,0,0,1.0,1,1.0,1,1.0,1,0.09846012717158387,63
4596,2,10616,3406,7210,0,0,0,1.0,1,1.0,1,1.0,1,0.06685258472139029,63
4597,0,10616,3406,7210,0,0,0,1.0,1,1.0,1,1.0,1,0.06685258472139029,63
4598,1,10617,3406,7211,0,0,0,1.0,1,1.0,1,1.0,1,0.06248263102573163,65
4599,2,10619,3407,7212,0,0,0,1.0,1,1.0,1,1.0,1,0.05329820028258976,66
4600,1,10620,3408,7212,0,0,0,1.0,1,1.0,1,1.0,1,0.08911117291448742,67
4601,3,10623,3410,7213,0,0,0,1.0,1,1.0,1,1.0,1,0.1267302820796458,67
4602,3,10626,3410,7216,0,0,0,1.0,1,1.0,1,1.0,1,0.09440331212023038,69
4603,5,10631,3411,7220,0,0,0,1.0,1,1.0,1,1.0,1,0.10396598531042647,69
4604,1,10632,3411,7221,0,0,0,1.0,1,1.0,1,1.0,1,0.1042785937795755,69
4605,3,10635,3412,7223,0,0,0,1.0,1,1.0,1,1.0,1,0.1117281276937432,70
4606,1,10636,3412,7224,0,0,0,1.0,1,1.0,1,1.0,1,0.09216802647136348,70
4607,4,10640,3413,7227,0,0,0,1.0,1,1.0,1,1.0,1,0.0852100304565788,72
4608,0,10640,3413,7227,0,0,0,1.0,1,1.0,1,1.0,1,0.08958929505653415,73
4609,0,10640,3413,7227,0,0,0,1.0,1,1.0,1,1.0,1,0.08642763284871381,72
4610,1,10641,3414,7227,0,0,0,1.0,1,1.0,1,1.0,1,0.09263112409340787,72
4611,4,10645,3415,7230,0,0,0,1.0,1,1.0,1,1.0,1,0.07761714049149641,71
4612,2,10647,3416,7231,0,0,0,1.0,1,1.0,1,1.0,1,0.07654625709096095,70
4613,0,10647,3416,7231,0,0,0,1.0,1,1.0,1,1.0,1,0.07687666899487891,69
4614,1,10648,3417,7231,0,0,0,1.0,1,1.0,1,1.0,1,0.10071495835195961,68
4615,3,10651,3419,7232,0,0,0,1.0,1,1.0,1,1.0,1,0.10478013085479038,68
4616,3,10654,3419,7235,0,0,0,1.0,1,1.0,1,1.0,1,0.11273687944039107,65
4617,2,10656,3421,7235,0,0,0,1.0,1,1.0,1,1.0,1,0.12233763281212237,66
4618,1,10657,3421,7236,0,0,0,1.0,1,1.0,1,1.0,1,0.11501383087939777,66
4619,0,10657,3421,7236,0,0,0,1.0,1,1.0,1,1.0,1,0.12182702354761801,65
4620,1,10658,3421,7237,0,0,0,1.0,1,1.0,1,1.0,1,0.11482840546105466,65
4621,5,10663,3424,7239,0,0,0,1.0,1,1.0,1,1.0,1,0.14042786375681554,67
4622,1,10664,3425,7239,0,0,0,1.0,1,1.0,1,1.0,1,0.156530225329382,65
4623,2,10666,3426,7240,0,0,0,1.0,1,1.0,1,1.0,1,0.18736850737512495,66
4624,2,10668,3427,7241,0,0,0,1.0,1,1.0,1,1.0,1,0.19767999836436806,65
4625,1,10669,3427,7242,0,0,0,1.0,1,1.0,1,1.0,1,0.1992619272070948,64
4626,8,10677,3429,7248,0,0,0,1.0,1,1.0,1,1.0,1,0.11301039156539958,63
4627,5,10682,3432,7250,0,0,0,1.0,1,1.0,1,1.0,1,0.13390370739353916,65
4628,1,10683,3432,7251,0,0,0,1.0,1,1.0,1,1.0,1,0.12964601700784834,64
4629,2,10685,3432,7253,0,0,0,1.0,1,1.0,1,1.0,1,0.1290696435224329,64
4630,1,10686,3432,7254,0,0,0,1.0,1,1.0,1,1.0,1,0.12511006488407053,64
4631,13,10699,3435,7264,0,0,0,1.0,1,1.0,1,1.0,1,0.12365558127296963,66
4632,3,10702,3435,7267,0,0,0,1.0,1,1.0,1,1.0,1,0.14259987368138471,65
4633,1,10703,3435,7268,0,0,0,1.0,1,1.0,1,1.0,1,0.1278022172007374,66
4634,1,10704,3436,7268,0,0,0,1.0,1,1.0,1,1.0,1,0.1166332826982088,66
4635,0,10704,3436,7268,0,0,0,1.0,1,1.0,1,1.0,1,0.11696199650059817,66
4636,1,10705,3436,7269,0,0,0,1.0,1,1.0,1,1.0,1,0.10314924964078796,66
4637,1,10706,3436,7270,0,0,0,1.0,1,1.0,1,1.0,1,0.08567615459662141,68
4638,0,10706,3436,7270,0,0,0,1.0,1,1.0,1,1.0,1,0.08567615459662141,68
4639,3,10709,3437,7272,0,0,0,1.0,1,1.0,1,1.0,1,0.07479243753717174,69
4640,1,10710,3437,7273,0,0,0,1.0,1,1.0,1,1.0,1,0.07399669273023127,69
4641,1,10711,3437,7274,0,0,0,1.0,1,1.0,1,1.0,1,0.06921431313254889,70
4642,1,10712,3437,7275,0,0,0,1.0,1,1.0,1,1.0,1,0.060076025417954065,69
4643,1,10713,3438,7275,0,0,0,1.0,1,1.0,1,1.0,1,0.07450386913832877,70
4644,1,10714,3439,7275,0,0,0,1.0,1,1.0,1,1.0,1,0.11084331785824837,69
4645,0,10714,3439,7275,0,0,0,1.0,1,1.0,1,1.0,1,0.11750685191538927,70
4646,5,10719,3441,7278,0,0,0,1.0,1,1.0,1,1.0,1,0.13263864806583478,68
4647,2,10721,3443,7278,0,0,0,1.0,1,1.0,1,1.0,1,0.14811250681449425,68
4648,1,10722,3443,7279,0,0,0,1.0,1,1.0,1,1.0,1,0.1724464568477682,67
4649,4,10726,3446,7280,0,0,0,1.0,1,1.0,1,1.0,1,0.19034838639572949,67
4650,1,10727,3446,7281,0,0,0,1.0,1,1.0,1,1.0,1,0.16352943154960997,67
4651,7,10734,3449,7285,0,0,0,1.0,1,1.0,1,1.0,1,0.13875875555750963,68
4652,1,10735,3449,7286,0,0,0,1.0,1,1.0,1,1.0,1,0.14528500260923305,66
4653,1,10736,3449,7287,0,0,0,1.0,1,1.0,1,1.0,1,0.12761839841291733,64
4654,0,10736,3449,7287,0,0,0,1.0,1,1.0,1,1.0,1,0.1512733241738447,65
4655,1,10737,3450,7287,0,0,0,1.0,1,1.0,1,1.0,1,0.18513015911806446,64
4656,5,10742,3451,7291,0,0,0,1.0,1,1.0,1,1.0,1,0.15238893066492687,65
4657,1,10743,3452,7291,0,0,0,1.0,1,1.0,1,1.0,1,0.1638469305372219,66
4658,5,10748,3455,7293,0,0,0,1.0,1,1.0,1,1.0,1,0.20938727607695407,65
4659,0,10748,3455,7293,0,0,0,1.0,1,1.0,1,1.0,1,0.20938727607695407,65
4660,3,10751,3457,7294,0,0,0,1.0,1,1.0,1,1.0,1,0.20742870338665345,66
4661,3,10754,3457,7297,0,0,0,1.0,1,1.0,1,1.0,1,0.19640782661830725,66
4662,3,10757,3457,7300,0,0,0,1.0,1,1.0,1,1.0,1,0.1732955150021757,68
4663,1,10758,3457,7301,0,0,0,1.0,1,1.0,1,1.0,1,0.1743262267615044,67
4664,1,10759,3458,7301,0,0,0,1.0,1,1.0,1,1.0,1,0.1782908882159057,67
4665,3,10762,3459,7303,0,0,0,1.0,1,1.0,1,1.0,1,0.16391835826479867,67
4666,5,10767,3459,7308,0,0,0,1.0,1,1.0,1,1.0,1,0.13141643972393663,67
4667,1,10768,3459,7309,0,0,0,1.0,1,1.0,1,1.0,1,0.12656047609418752,66
4668,2,10770,3461,7309,0,0,0,1.0,1,1.0,1,1.0,1,0.15040571743244596,66
4669,3,10773,3462,7311,0,0,0,1.0,1,1.0,1,1.0,1,0.14100136544723957,66
4670,0,10773,3462,7311,0,0,0,1.0,1,1.0,1,1.0,1,0.16174037644521452,64
4671,1,10774,3463,7311,0,0,0,1.0,1,1.0,1,1.0,1,0.15356739241450873,64
4672,2,10776,3464,7312,0,0,0,1.0,1,1.0,1,1.0,1,0.1869826726374274,64
4673,3,10779,3464,7315,0,0,0,1.0,1,1.0,1,1.0,1,0.15158578400095396,65
4674,2,10781,3466,7315,0,0,0,1.0,1,1.0,1,1.0,1,0.16270854039637608,66
4675,2,10783,3466,7317,0,0,0,1.0,1,1.0,1,1.0,1,0.17255751374058215,65
4676,3,10786,3467,7319,0,0,0,1.0,1,1.0,1,1.0,1,0.15847295476752873,65
4677,1,10787,3468,7319,0,0,0,1.0,1,1.0,1,1.0,1,0.1686096494514564,65
4678,0,10787,3468,7319,0,0,0,1.0,1,1.0,1,1.0,1,0.18091339634645337,64
4679,1,10788,3469,7319,0,0,0,1.0,1,1.0,1,1.0,1,0.1794472110246215,66
4680,0,10788,3469,7319,0,0,0,1.0,1,1.0,1,1.0,1,0.18859253935590645,67
4681,6,10794,3470,7324,0,0,0,1.0,1,1.0,1,1.0,1,0.13922665788886,67
4682,2,10796,3471,7325,0,0,0,1.0,1,1.0,1,1.0,1,0.1481615252013061,67
4683,3,10799,3472,7327,0,0,0,1.0,1,1.0,1,1.0,1,0.1381123490772975,67
4684,0,10799,3472,7327,0,0,0,1.0,1,1.0,1,1.0,1,0.1382372202316395,66
4685,1,10800,3472,7328,0,0,0,1.0,1,1.0,1,1.0,1,0.12573802260840214,65
4686,4,10804,3475,7329,0,0,0,1.0,1,1.0,1,1.0,1,0.1454282366135594,65
4687,2,10806,3475,7331,0,0,0,1.0,1,1.0,1,1.0,1,0.13303739729787845,65
4688,3,10809,3478,7331,0,0,0,1.0,1,1.0,1,1.0,1,0.2007902597689477,64
4689,4,10813,3479,7334,0,0,0,1.0,1,1.0,1,1.0,1,0.20610554264591838,65
4690,2,10815,3479,7336,0,0,0,1.0,1,1.0,1,1.0,1,0.2229711557017972,63
4691,9,10824,3481,7343,0,0,0,1.0,1,1.0,1,1.0,1,0.17041950161635505,64
4692,3,10827,3481,7346,0,0,0,1.0,1,1.0,1,1.0,1,0.1338605401973349,63
4693,4,10831,3481,7350,0,0,0,1.0,1,1.0,1,1.0,1,0.133635034437922,64
4694,1,10832,3481,7351,0,0,0,1.0,1,1.0,1,1.0,1,0.13677272605757151,63
4695,2,10834,3481,7353,0,0,0,1.0,1,1.0,1,1.0,1,0.130682950346068,62
4696,4,10838,3482,7356,0,0,0,1.0,1,1.0,1,1.0,1,0.125826006155614,61
4697,3,10841,3483,7358,0,0,0,1.0,1,1.0,1,1.0,1,0.11417164422883797,63
4698,3,10844,3483,7361,0,0,0,1.0,1,1.0,1,1.0,1,0.11026551252958162,63
4699,4,10848,3483,7365,0,0,0,1.0,1,1.0,1,1.0,1,0.1153955076290757,65
4700,2,10850,3483,7367,0,0,0,1.0,1,1.0,1,1.0,1,0.11876998480790472,64
4701,4,10854,3484,7370,0,0,0,1.0,1,1.0,1,1.0,1,0.0906580612692536,64
4702,0,10854,3484,7370,0,0,0,1.0,1,1.0,1,1.0,1,0.09635769129418267,66
4703,0,10854,3484,7370,0,0,0,1.0,1,1.0,1,1.0,1,0.0896442612453744,65
4704,2,10856,3486,7370,0,0,0,1.0,1,1.0,1,1.0,1,0.10339195702709716,64
4705,5,10861,3488,7373,0,0,0,1.0,1,1.0,1,1.0,1,0.15699999292137215,65
4706,9,10870,3493,7377,0,0,0,1.0,1,1.0,1,1.0,1,0.17739204015712684,65
4707,4,10874,3495,7379,0,0,0,1.0,1,1.0,1,1.0,1,0.20052443789163168,63
4708,2,10876,3496,7380,0,0,0,1.0,1,1.0,1,1.0,1,0.21757340530640204,62
4709,4,10880,3499,7381,0,0,0,1.0,1,1.0,1,1.0,1,0.2549098549676596,61
4710,3,10883,3499,7384,0,0,0,1.0,1,1.0,1,1.0,1,0.23205595429331605,60
4711,7,10890,3499,7391,0,0,0,1.0,1,1.0,1,1.0,1,0.1560729215858541,59
4712,1,10891,3499,7392,0,0,0,1.0,1,1.0,1,1.0,1,0.16794658883328725,58
4713,1,10892,3499,7393,0,0,0,1.0,1,1.0,1,1.0,1,0.1554875776796239,58
4714,0,10892,3499,7393,0,0,0,1.0,1,1.0,1,1.0,1,0.1575456524768706,57
4715,0,10892,3499,7393,0,0,0,1.0,1,1.0,1,1.0,1,0.1651008260469345,57
4716,8,10900,3499,7401,0,0,0,1.0,1,1.0,1,1.0,1,0.11106282293272964,55
4717,3,10903,3500,7403,0,0,0,1.0,1,1.0,1,1.0,1,0.08999160804491507,57
4718,0,10903,3500,7403,0,0,0,1.0,1,1.0,1,1.0,1,0.08926235331268688,56
4719,4,10907,3501,7406,0,0,0,1.0,1,1.0,1,1.0,1,0.1431398097280858,56
4720,3,10910,3501,7409,0,0,0,1.0,1,1.0,1,1.0,1,0.13329950399280588,57
4721,2,10912,3501,7411,0,0,0,1.0,1,1.0,1,1.0,1,0.1123995804175476,57
4722,1,10913,3502,7411,0,0,0,1.0,1,1.0,1,1.0,1,0.12278958108571553,57
4723,0,10913,3502,7411,0,0,0,1.0,1,1.0,1,1.0,1,0.13928660310938842,57
4724,0,10913,3502,7411,0,0,0,1.0,1,1.0,1,1.0,1,0.1406997728045069,57
4725,0,10913,3502,7411,0,0,0,1.0,1,1.0,1,1.0,1,0.15648247241383995,57
4726,5,10918,3504,7414,0,0,0,1.0,1,1.0,1,1.0,1,0.12241935362372601,57
4727,0,10918,3504,7414,0,0,0,1.0,1,1.0,1,1.0,1,0.1378304668363887,56
4728,0,10918,3504,7414,0,0,0,1.0,1,1.0,1,1.0,1,0.14173517168379865,57
4729,1,10919,3504,7415,0,0,0,1.0,1,1.0,1,1.0,1,0.149311639238198,56
4730,1,10920,3505,7415,0,0,0,1.0,1,1.0,1,1.0,1,0.18693589081175072,54
4731,2,10922,3505,7417,0,0,0,1.0,1,1.0,1,1.0,1,0.16341598262543758,54
4732,4,10926,3508,7418,0,0,0,1.0,1,1.0,1,1.0,1,0.19797043572123899,54
4733,5,10931,3509,7422,0,0,0,1.0,1,1.0,1,1.0,1,0.21022581212322589,55
4734,9,10940,3511,7429,0,0,0,1.0,1,1.0,1,1.0,1,0.25307032430573495,56
4735,11,10951,3514,7437,0,0,0,1.0,1,1.0,1,1.0,1,0.3030536091368901,56
4736,11,10962,3515,7447,0,0,0,1.0,1,1.0,1,1.0,1,0.24058551151127344,58
4737,3,10965,3515,7450,0,0,0,1.0,1,1.0,1,1.0,1,0.23187490964816956,59
4738,7,10972,3515,7457,0,0,0,1.0,1,1.0,1,1.0,1,0.2283207550581313,60
4739,2,10974,3515,7459,0,0,0,1.0,1,1.0,1,1.0,1,0.2256730595562443,60
4740,1,10975,3515,7460,0,0,0,1.0,1,1.0,1,1.0,1,0.22346946021933017,60
4741,2,10977,3515,7462,0,0,0,1.0,1,1.0,1,1.0,1,0.2028903155076034,61
4742,1,10978,3516,7462,0,0,0,1.0,1,1.0,1,1.0,1,0.20890610392814227,61
4743,1,10979,3516,7463,0,0,0,1.0,1,1.0,1,1.0,1,0.182780928887225,60
4744,2,10981,3517,7464,0,0,0,1.0,1,1.0,1,1.0,1,0.1585591411594702,60
4745,0,10981,3517,7464,0,0,0,1.0,1,1.0,1,1.0,1,0.15103750117091833,59
4746,4,10985,3520,7465,0,0,0,1.0,1,1.0,1,1.0,1,0.16337179198719232,59
4747,5,10990,3521,7469,0,0,0,1.0,1,1.0,1,1.0,1,0.09524104073550484,58
4748,3,10993,3523,7470,0,0,0,1.0,1,1.0,1,1.0,1,0.08402871565701521,58
4749,2,10995,3523,7472,0,0,0,1.0,1,1.0,1,1.0,1,0.06386231122604398,58
4750,4,10999,3524,7475,0,0,0,1.0,1,1.0,1,1.0,1,0.08718017931345892,56
4751,5,11004,3526,7478,0,0,0,1.0,1,1.0,1,1.0,1,0.06554310557929373,58
4752,1,11005,3527,7478,0,0,0,1.0,1,1.0,1,1.0,1,0.06444658353447219,55
4753,0,11005,3527,7478,0,0,0,1.0,1,1.0,1,1.0,1,0.06444658353447219,55
4754,1,11006,3528,7478,0,0,0,1.0,1,1.0,1,1.0,1,0.09151850189065838,54
4755,1,11007,3528,7479,0,0,0,1.0,1,1.0,1,1.0,1,0.10760960020991588,54
4756,6,11013,3529,7484,0,0,0,1.0,1,1.0,1,1.0,1,0.07379583957929348,54
4757,1,11014,3529,7485,0,0,0,1.0,1,1.0,1,1.0,1,0.06350567368429204,53
4758,1,11015,3529,7486,0,0,0,1.0,1,1.0,1,1.0,1,0.07352373934512764,53
4759,2,11017,3529,7488,0,0,0,1.0,1,1.0,1,1.0,1,0.07352373934512764,53
4760,2,11019,3530,7489,0,0,0,1.0,1,1.0,1,1.0,1,0.07791303733233873,53
4761,4,11023,3532,7491,0,0,0,1.0,1,1.0,1,1.0,1,0.11448679023727722,52
4762,4,11027,3534,7493,0,0,0,1.0,1,1.0,1,1.0,1,0.1709545574297206,54
4763,7,11034,3536,7498,0,0,0,1.0,1,1.0,1,1.0,1,0.19427844936892447,54
4764,6,11040,3537,7503,0,0,0,1.0,1,1.0,1,1.0,1,0.19075477389290701,55
4765,5,11045,3538,7507,0,0,0,1.0,1,1.0,1,1.0,1,0.232119229575187,56
4766,11,11056,3538,7518,0,0,0,1.0,1,1.0,1,1.0,1,0.14120801129962596,58
4767,2,11058,3538,7520,0,0,0,1.0,1,1.0,1,1.0,1,0.15747607205575842,59
4768,3,11061,3539,7522,0,0,0,1.0,1,1.0,1,1.0,1,0.1381680622804531,60
4769,1,11062,3539,7523,0,0,0,1.0,1,1.0,1,1.0,1,0.15365514759419321,59
4770,4,11066,3539,7527,0,0,0,1.0,1,1.0,1,1.0,1,0.181116286983715,60
4771,3,11069,3539,7530,0,0,0,1.0,1,1.0,1,1.0,1,0.1504718888237342,59
4772,1,11070,3540,7530,0,0,0,1.0,1,1.0,1,1.0,1,0.14424979615363642,59
4773,2,11072,3541,7531,0,0,0,1.0,1,1.0,1,1.0,1,0.13755787286901414,60
4774,0,11072,3541,7531,0,0,0,1.0,1,1.0,1,1.0,1,0.13755787286901414,60
4775,1,11073,3541,7532,0,0,0,1.0,1,1.0,1,1.0,1,0.130679943892342,62
4776,3,11076,3541,7535,0,0,0,1.0,1,1.0,1,1.0,1,0.10879244192072089,63
4777,3,11079,3541,7538,0,0,0,1.0,1,1.0,1,1.0,1,0.09745837014121898,63
4778,2,11081,3541,7540,0,0,0,1.0,1,1.0,1,1.0,1,0.09745837014121898,63
4779,1,11082,3541,7541,0,0,0,1.0,1,1.0,1,1.0,1,0.09880637142580033,63
4780,2,11084,3541,7543,0,0,0,1.0,1,1.0,1,1.0,1,0.10169958489792641,65
4781,2,11086,3541,7545,0,0,0,1.0,1,1.0,1,1.0,1,0.10129015270682264,64
4782,3,11089,3541,7548,0,0,0,1.0,1,1.0,1,1.0,1,0.07538520136666908,65
4783,5,11094,3543,7551,0,0,0,1.0,1,1.0,1,1.0,1,0.05416975776811877,66
4784,3,11097,3545,7552,0,0,0,1.0,1,1.0,1,1.0,1,0.07053113358008413,64
4785,5,11102,3547,7555,0,0,0,1.0,1,1.0,1,1.0,1,0.07162455056363527,65
4786,3,11105,3549,7556,0,0,0,1.0,1,1.0,1,1.0,1,0.0974731414046987,66
4787,3,11108,3550,7558,0,0,0,1.0,1,1.0,1,1.0,1,0.09001466214830485,63
4788,9,11117,3555,7562,0,0,0,1.0,1,1.0,1,1.0,1,0.11950348741133052,63
4789,2,11119,3557,7562,0,0,0,1.0,1,1.0,1,1.0,1,0.12781514315604187,60
4790,2,11121,3559,7562,0,0,0,1.0,1,1.0,1,1.0,1,0.1634386542527732,61
4791,12,11133,3564,7569,0,0,0,1.0,1,1.0,1,1.0,1,0.09598039122447703,59
4792,3,11136,3565,7571,0,0,0,1.0,1,1.0,1,1.0,1,0.09594515726030926,59
4793,4,11140,3566,7574,0,0,0,1.0,1,1.0,1,1.0,1,0.10452614394655958,61
4794,3,11143,3567,7576,0,0,0,1.0,1,1.0,1,1.0,1,0.08297121675869844,60
4795,1,11144,3567,7577,0,0,0,1.0,1,1.0,1,1.0,1,0.06745870551672122,61
4796,2,11146,3568,7578,0,0,0,1.0,1,1.0,1,1.0,1,0.07145583598052178,60
4797,2,11148,3569,7579,0,0,0,1.0,1,1.0,1,1.0,1,0.07821034531560639,61
4798,1,11149,3570,7579,0,0,0,1.0,1,1.0,1,1.0,1,0.08155931128656212,61
4799,0,11149,3570,7579,0,0,0,1.0,1,1.0,1,1.0,1,0.07553680376020114,59
4800,0,11149,3570,7579,0,0,0,1.0,1,1.0,1,1.0,1,0.09976008803181673,57
4801,2,11151,3570,7581,0,0,0,1.0,1,1.0,1,1.0,1,0.08034821177728815,58
4802,2,11153,3572,7581,0,0,0,1.0,1,1.0,1,1.0,1,0.11148187123266107,56
4803,3,11156,3575,7581,0,0,0,1.0,1,1.0,1,1.0,1,0.16231855724936692,57
4804,0,11156,3575,7581,0,0,0,1.0,1,1.0,1,1.0,1,0.15248914901356606,55
4805,3,11159,3576,7583,0,0,0,1.0,1,1.0,1,1.0,1,0.13699883825966316,56
4806,4,11163,3576,7587,0,0,0,1.0,1,1.0,1,1.0,1,0.1085905081143434,55
4807,0,11163,3576,7587,0,0,0,1.0,1,1.0,1,1.0,1,0.13940778328043657,53
4808,5,11168,3578,7590,0,0,0,1.0,1,1.0,1,1.0,1,0.14805132674056024,54
4809,2,11170,3578,7592,0,0,0,1.0,1,1.0,1,1.0,1,0.17176788222576903,53
4810,3,11173,3579,7594,0,0,0,1.0,1,1.0,1,1.0,1,0.1429947795319253,53
4811,4,11177,3579,7598,0,0,0,1.0,1,1.0,1,1.0,1,0.07942016972821458,54
4812,2,11179,3580,7599,0,0,0,1.0,1,1.0,1,1.0,1,0.06954824250374005,54
4813,1,11180,3580,7600,0,0,0,1.0,1,1.0,1,1.0,1,0.08015421803381939,55
4814,4,11184,3582,7602,0,0,0,1.0,1,1.0,1,1.0,1,0.13993710285507022,55
4815,9,11193,3582,7611,0,0,0,1.0,1,1.0,1,1.0,1,0.1428489252131096,56
4816,5,11198,3585,7613,0,0,0,1.0,1,1.0,1,1.0,1,0.13963110060873082,56
4817,4,11202,3587,7615,0,0,0,1.0,1,1.0,1,1.0,1,0.139908182503615,58
4818,3,11205,3589,7616,0,0,0,1.0,1,1.0,1,1.0,1,0.15146943595064247,58
4819,1,11206,3589,7617,0,0,0,1.0,1,1.0,1,1.0,1,0.14372565407968207,58
4820,0,11206,3589,7617,0,0,0,1.0,1,1.0,1,1.0,1,0.14372565407968207,58
4821,5,11211,3590,7621,0,0,0,1.0,1,1.0,1,1.0,1,0.12369738960010762,58
4822,1,11212,3591,7621,0,0,0,1.0,1,1.0,1,1.0,1,0.1434687432806442,58
4823,3,11215,3592,7623,0,0,0,1.0,1,1.0,1,1.0,1,0.13267562214060932,57
4824,4,11219,3594,7625,0,0,0,1.0,1,1.0,1,1.0,1,0.15758036839567693,56
4825,2,11221,3594,7627,0,0,0,1.0,1,1.0,1,1.0,1,0.15420075579624992,57
4826,4,11225,3594,7631,0,0,0,1.0,1,1.0,1,1.0,1,0.13368078644063444,57
4827,1,11226,3594,7632,0,0,0,1.0,1,1.0,1,1.0,1,0.14481826853826427,56
4828,1,11227,3595,7632,0,0,0,1.0,1,1.0,1,1.0,1,0.12718054500262974,57
4829,2,11229,3596,7633,0,0,0,1.0,1,1.0,1,1.0,1,0.16330362664898482,56
4830,3,11232,3597,7635,0,0,0,1.0,1,1.0,1,1.0,1,0.1486322828391862,57
4831,6,11238,3599,7639,0,0,0,1.0,1,1.0,1,1.0,1,0.1366874726291414,57
4832,0,11238,3599,7639,0,0,0,1.0,1,1.0,1,1.0,1,0.15872086547699768,55
4833,3,11241,3601,7640,0,0,0,1.0,1,1.0,1,1.0,1,0.14370391358228496,55
4834,0,11241,3601,7640,0,0,0,1.0,1,1.0,1,1.0,1,0.1599790414675879,55
4835,1,11242,3601,7641,0,0,0,1.0,1,1.0,1,1.0,1,0.17758103277830284,55
4836,4,11246,3601,7645,0,0,0,1.0,1,1.0,1,1.0,1,0.12716431979703027,55
4837,0,11246,3601,7645,0,0,0,1.0,1,1.0,1,1.0,1,0.11357305737876193,53
4838,1,11247,3601,7646,0,0,0,1.0,1,1.0,1,1.0,1,0.09857063427725127,54
4839,2,11249,3603,7646,0,0,0,1.0,1,1.0,1,1.0,1,0.11156698587017172,53
4840,2,11251,3604,7647,0,0,0,1.0,1,1.0,1,1.0,1,0.10431381111338095,52
4841,8,11259,3608,7651,0,0,0,1.0,1,1.0,1,1.0,1,0.12162102268457958,51
4842,7,11266,3609,7657,0,0,0,1.0,1,1.0,1,1.0,1,0.12027685837412078,50
4843,6,11272,3612,7660,0,0,0,1.0,1,1.0,1,1.0,1,0.18532348936290255,51
4844,4,11276,3612,7664,0,0,0,1.0,1,1.0,1,1.0,1,0.1272231284570811,50
4845,1,11277,3613,7664,0,0,0,1.0,1,1.0,1,1.0,1,0.1735375877236218,49
4846,5,11282,3614,7668,0,0,0,1.0,1,1.0,1,1.0,1,0.09615269415396904,49
4847,0,11282,3614,7668,0,0,0,1.0,1,1.0,1,1.0,1,0.09858121716427733,48
4848,1,11283,3615,7668,0,0,0,1.0,1,1.0,1,1.0,1,0.10569904862174309,48
4849,1,11284,3616,7668,0,0,0,1.0,1,1.0,1,1.0,1,0.11387278752001978,48
4850,0,11284,3616,7668,0,0,0,1.0,1,1.0,1,1.0,1,0.1168496231729282,49
4851,2,11286,3616,7670,0,0,0,1.0,1,1.0,1,1.0,1,0.1086883411060067,49
4852,0,11286,3616,7670,0,0,0,1.0,1,1.0,1,1.0,1,0.1366205919591523,49
4853,1,11287,3616,7671,0,0,0,1.0,1,1.0,1,1.0,1,0.12502821984064835,50
4854,3,11290,3617,7673,0,0,0,1.0,1,1.0,1,1.0,1,0.12421175261023157,51
4855,1,11291,3617,7674,0,0,0,1.0,1,1.0,1,1.0,1,0.10677210285388178,51
4856,0,11291,3617,7674,0,0,0,1.0,1,1.0,1,1.0,1,0.10831018281457346,50
4857,1,11292,3617,7675,0,0,0,1.0,1,1.0,1,1.0,1,0.09036213075791438,51
4858,0,11292,3617,7675,0,0,0,1.0,1,1.0,1,1.0,1,0.10007784045181482,51
4859,0,11292,3617,7675,0,0,0,1.0,1,1.0,1,1.0,1,0.11644404498605217,52
4860,0,11292,3617,7675,0,0,0,1.0,1,1.0,1,1.0,1,0.11644404498605217,52
4861,1,11293,3617,7676,0,0,0,1.0,1,1.0,1,1.0,1,0.11241714565007481,53
4862,2,11295,3619,7676,0,0,0,1.0,1,1.0,1,1.0,1,0.15545775488828487,53
4863,0,11295,3619,7676,0,0,0,1.0,1,1.0,1,1.0,1,0.13717080392837613,51
4864,4,11299,3621,7678,0,0,0,1.0,1,1.0,1,1.0,1,0.1810450533418185,53
4865,2,11301,3621,7680,0,0,0,1.0,1,1.0,1,1.0,1,0.15375048993100185,52
4866,6,11307,3622,7685,0,0,0,1.0,1,1.0,1,1.0,1,0.08798490617116464,53
4867,1,11308,3623,7685,0,0,0,1.0,1,1.0,1,1.0,1,0.10040305259798442,51
4868,2,11310,3624,7686,0,0,0,1.0,1,1.0,1,1.0,1,0.09871664637500718,53
4869,0,11310,3624,7686,0,0,0,1.0,1,1.0,1,1.0,1,0.09871664637500718,53
4870,5,11315,3626,7689,0,0,0,1.0,1,1.0,1,1.0,1,0.13261746330700733,55
4871,5,11320,3628,7692,0,0,0,1.0,1,1.0,1,1.0,1,0.088629412738431,55
4872,0,11320,3628,7692,0,0,0,1.0,1,1.0,1,1.0,1,0.092601842351706,56
4873,1,11321,3628,7693,0,0,0,1.0,1,1.0,1,1.0,1,0.08237995364326582,56
4874,3,11324,3629,7695,0,0,0,1.0,1,1.0,1,1.0,1,0.06688822928480433,58
4875,2,11326,3630,7696,0,0,0,1.0,1,1.0,1,1.0,1,0.07511718986351043,56
4876,1,11327,3631,7696,0,0,0,1.0,1,1.0,1,1.0,1,0.07518471322887804,56
4877,5,11332,3633,7699,0,0,0,1.0,1,1.0,1,1.0,1,0.10651766863068624,54
4878,2,11334,3634,7700,0,0,0,1.0,1,1.0,1,1.0,1,0.11677273800006184,54
4879,3,11337,3637,7700,0,0,0,1.0,1,1.0,1,1.0,1,0.1366952897738808,54
4880,0,11337,3637,7700,0,0,0,1.0,1,1.0,1,1.0,1,0.11827172502151281,53
4881,1,11338,3638,7700,0,0,0,1.0,1,1.0,1,1.0,1,0.15157143475277826,54
4882,0,11338,3638,7700,0,0,0,1.0,1,1.0,1,1.0,1,0.14127140729969948,52
4883,1,11339,3639,7700,0,0,0,1.0,1,1.0,1,1.0,1,0.16344022263447608,54
4884,1,11340,3639,7701,0,0,0,1.0,1,1.0,1,1.0,1,0.15069491812899583,52
4885,1,11341,3640,7701,0,0,0,1.0,1,1.0,1,1.0,1,0.16861607728245898,51
4886,3,11344,3640,7704,0,0,0,1.0,1,1.0,1,1.0,1,0.1407316303243722,50
4887,0,11344,3640,7704,0,0,0,1.0,1,1.0,1,1.0,1,0.14157540329408536,49
4888,0,11344,3640,7704,0,0,0,1.0,1,1.0,1,1.0,1,0.15593776635455814,48
4889,0,11344,3640,7704,0,0,0,1.0,1,1.0,1,1.0,1,0.15593776635455814,48
4890,0,11344,3640,7704,0,0,0,1.0,1,1.0,1,1.0,1,0.15593776635455814,48
4891,1,11345,3641,7704,0,0,0,1.0,1,1.0,1,1.0,1,0.19697175286494906,49
4892,3,11348,3641,7707,0,0,0,1.0,1,1.0,1,1.0,1,0.17989168263610344,51
4893,2,11350,3641,7709,0,0,0,1.0,1,1.0,1,1.0,1,0.16909504736440206,51
4894,2,11352,3642,7710,0,0,0,1.0,1,1.0,1,1.0,1,0.1637785437735512,52
4895,2,11354,3642,7712,0,0,0,1.0,1,1.0,1,1.0,1,0.1571877246445784,52
4896,1,11355,3642,7713,0,0,0,1.0,1,1.0,1,1.0,1,0.14026710884401455,51
4897,1,11356,3642,7714,0,0,0,1.0,1,1.0,1,1.0,1,0.12946278962451016,52
4898,2,11358,3644,7714,0,0,0,1.0,1,1.0,1,1.0,1,0.1176548869347915,52
4899,1,11359,3644,7715,0,0,0,1.0,1,1.0,1,1.0,1,0.11011548280647014,53
4900,3,11362,3646,7716,0,0,0,1.0,1,1.0,1,1.0,1,0.0786970574924466,54
4901,2,11364,3648,7716,0,0,0,1.0,1,1.0,1,1.0,1,0.08808733822290495,54
4902,1,11365,3648,7717,0,0,0,1.0,1,1.0,1,1.0,1,0.08784448171122711,55
4903,5,11370,3649,7721,0,0,0,1.0,1,1.0,1,1.0,1,0.13371799291969844,56
4904,4,11374,3650,7724,0,0,0,1.0,1,1.0,1,1.0,1,0.18024764901500462,55
4905,4,11378,3651,7727,0,0,0,1.0,1,1.0,1,1.0,1,0.1782842043792734,54
4906,5,11383,3652,7731,0,0,0,1.0,1,1.0,1,1.0,1,0.13251068508434954,54
4907,0,11383,3652,7731,0,0,0,1.0,1,1.0,1,1.0,1,0.13241771018603501,54
4908,3,11386,3652,7734,0,0,0,1.0,1,1.0,1,1.0,1,0.13864614819873766,53
4909,2,11388,3653,7735,0,0,0,1.0,1,1.0,1,1.0,1,0.16211628425069324,54
4910,0,11388,3653,7735,0,0,0,1.0,1,1.0,1,1.0,1,0.15425663853401544,55
4911,7,11395,3655,7740,0,0,0,1.0,1,1.0,1,1.0,1,0.1357122703369167,57
4912,4,11399,3657,7742,0,0,0,1.0,1,1.0,1,1.0,1,0.1659051343910592,57
4913,1,11400,3657,7743,0,0,0,1.0,1,1.0,1,1.0,1,0.13874696806811965,56
4914,2,11402,3658,7744,0,0,0,1.0,1,1.0,1,1.0,1,0.14221274874178919,56
4915,1,11403,3659,7744,0,0,0,1.0,1,1.0,1,1.0,1,0.11864488898826585,56
4916,4,11407,3659,7748,0,0,0,1.0,1,1.0,1,1.0,1,0.09682776783205867,54
4917,3,11410,3661,7749,0,0,0,1.0,1,1.0,1,1.0,1,0.08838279333576109,53
4918,1,11411,3662,7749,0,0,0,1.0,1,1.0,1,1.0,1,0.08414208242753843,52
4919,1,11412,3663,7749,0,0,0,1.0,1,1.0,1,1.0,1,0.15164590797873537,49
4920,0,11412,3663,7749,0,0,0,1.0,1,1.0,1,1.0,1,0.15164590797873537,49
4921,4,11416,3665,7751,0,0,0,1.0,1,1.0,1,1.0,1,0.1619212185291936,50
4922,1,11417,3665,7752,0,0,0,1.0,1,1.0,1,1.0,1,0.15409923644868678,50
4923,2,11419,3666,7753,0,0,0,1.0,1,1.0,1,1.0,1,0.14152300076566848,52
4924,5,11424,3667,7757,0,0,0,1.0,1,1.0,1,1.0,1,0.13428119057753565,53
4925,3,11427,3667,7760,0,0,0,1.0,1,1.0,1,1.0,1,0.10443411627891425,54
4926,0,11427,3667,7760,0,0,0,1.0,1,1.0,1,1.0,1,0.10443411627891425,54
4927,2,11429,3669,7760,0,0,0,1.0,1,1.0,1,1.0,1,0.11710851845879675,54
4928,0,11429,3669,7760,0,0,0,1.0,1,1.0,1,1.0,1,0.11710851845879675,54
4929,0,11429,3669,7760,0,0,0,1.0,1,1.0,1,1.0,1,0.10614687096276486,55
4930,0,11429,3669,7760,0,0,0,1.0,1,1.0,1,1.0,1,0.10769687844782697,58
4931,1,11430,3669,7761,0,0,0,1.0,1,1.0,1,1.0,1,0.10349786108653984,58
4932,1,11431,3670,7761,0,0,0,1.0,1,1.0,1,1.0,1,0.13354994557600375,59
4933,1,11432,3670,7762,0,0,0,1.0,1,1.0,1,1.0,1,0.12376723394084602,59
4934,1,11433,3671,7762,0,0,0,1.0,1,1.0,1,1.0,1,0.12687240545029024,59
4935,2,11435,3671,7764,0,0,0,1.0,1,1.0,1,1.0,1,0.10292111486941892,59
4936,1,11436,3672,7764,0,0,0,1.0,1,1.0,1,1.0,1,0.13114414451266954,59
4937,1,11437,3672,7765,0,0,0,1.0,1,1.0,1,1.0,1,0.1295502072175879,61
4938,1,11438,3672,7766,0,0,0,1.0,1,1.0,1,1.0,1,0.1348367038339818,62
4939,1,11439,3672,7767,0,0,0,1.0,1,1.0,1,1.0,1,0.11437951176721217,63
4940,4,11443,3672,7771,0,0,0,1.0,1,1.0,1,1.0,1,0.1046902342828491,65
4941,1,11444,3673,7771,0,0,0,1.0,1,1.0,1,1.0,1,0.11242240824547264,65
4942,8,11452,3676,7776,0,0,0,1.0,1,1.0,1,1.0,1,0.12544025529003205,67
4943,4,11456,3677,7779,0,0,0,1.0,1,1.0,1,1.0,1,0.1206122517525223,66
4944,2,11458,3679,7779,0,0,0,1.0,1,1.0,1,1.0,1,0.14740476610551487,63
4945,2,11460,3679,7781,0,0,0,1.0,1,1.0,1,1.0,1,0.1146124222486718,61
4946,3,11463,3680,7783,0,0,0,1.0,1,1.0,1,1.0,1,0.10703486048736983,60
4947,1,11464,3680,7784,0,0,0,1.0,1,1.0,1,1.0,1,0.09410442692192125,58
4948,2,11466,3681,7785,0,0,0,1.0,1,1.0,1,1.0,1,0.11801976286460963,57
4949,2,11468,3683,7785,0,0,0,1.0,1,1.0,1,1.0,1,0.15191117105415683,56
4950,2,11470,3684,7786,0,0,0,1.0,1,1.0,1,1.0,1,0.12988602292046003,57
4951,6,11476,3686,7790,0,0,0,1.0,1,1.0,1,1.0,1,0.11134409953454374,55
4952,5,11481,3689,7792,0,0,0,1.0,1,1.0,1,1.0,1,0.14844625990335517,55
4953,3,11484,3690,7794,0,0,0,1.0,1,1.0,1,1.0,1,0.12184587343934539,54
4954,1,11485,3691,7794,0,0,0,1.0,1,1.0,1,1.0,1,0.12855026876103143,54
4955,1,11486,3691,7795,0,0,0,1.0,1,1.0,1,1.0,1,0.08282055732238242,52
4956,3,11489,3691,7798,0,0,0,1.0,1,1.0,1,1.0,1,0.06860307143364366,52
4957,0,11489,3691,7798,0,0,0,1.0,1,1.0,1,1.0,1,0.05322808286684511,53
4958,1,11490,3692,7798,0,0,0,1.0,1,1.0,1,1.0,1,0.05587154972028945,52
4959,1,11491,3693,7798,0,0,0,1.0,1,1.0,1,1.0,1,0.05996618166794191,51
4960,1,11492,3693,7799,0,0,0,1.0,1,1.0,1,1.0,1,0.051488452316182536,53
4961,0,11492,3693,7799,0,0,0,1.0,1,1.0,1,1.0,1,0.051488452316182536,53
4962,0,11492,3693,7799,0,0,0,1.0,1,1.0,1,1.0,1,0.06872740400255788,55
4963,0,11492,3693,7799,0,0,0,1.0,1,1.0,1,1.0,1,0.050401092410938875,54
4964,2,11494,3695,7799,0,0,0,1.0,1,1.0,1,1.0,1,0.06558625791803828,54
4965,6,11500,3698,7802,0,0,0,1.0,1,1.0,1,1.0,1,0.11798380992022534,54
4966,4,11504,3699,7805,0,0,0,1.0,1,1.0,1,1.0,1,0.08889434372245336,54
4967,3,11507,3701,7806,0,0,0,1.0,1,1.0,1,1.0,1,0.10442851667808277,55
4968,3,11510,3703,7807,0,0,0,1.0,1,1.0,1,1.0,1,0.11595811482847605,55
4969,3,11513,3703,7810,0,0,0,1.0,1,1.0,1,1.0,1,0.06820299829554019,57
4970,1,11514,3704,7810,0,0,0,1.0,1,1.0,1,1.0,1,0.09322735262118578,56
4971,2,11516,3705,7811,0,0,0,1.0,1,1.0,1,1.0,1,0.10877221846629864,57
4972,1,11517,3706,7811,0,0,0,1.0,1,1.0,1,1.0,1,0.1687326611679827,57
4973,6,11523,3707,7816,0,0,0,1.0,1,1.0,1,1.0,1,0.14130258492525719,60
4974,1,11524,3707,7817,0,0,0,1.0,1,1.0,1,1.0,1,0.16306963053705342,58
4975,5,11529,3708,7821,0,0,0,1.0,1,1.0,1,1.0,1,0.14977820876970008,59
4976,8,11537,3710,7827,0,0,0,1.0,1,1.0,1,1.0,1,0.08731195308051541,59
4977,5,11542,3712,7830,0,0,0,1.0,1,1.0,1,1.0,1,0.1310363636036866,59
4978,2,11544,3712,7832,0,0,0,1.0,1,1.0,1,1.0,1,0.13055119350613695,59
4979,0,11544,3712,7832,0,0,0,1.0,1,1.0,1,1.0,1,0.12125840831173217,61
4980,2,11546,3713,7833,0,0,0,1.0,1,1.0,1,1.0,1,0.14074194225866096,62
4981,6,11552,3714,7838,0,0,0,1.0,1,1.0,1,1.0,1,0.07832171826117672,62
4982,4,11556,3716,7840,0,0,0,1.0,1,1.0,1,1.0,1,0.08727685908408231,63
4983,2,11558,3716,7842,0,0,0,1.0,1,1.0,1,1.0,1,0.08605487422915993,63
4984,2,11560,3717,7843,0,0,0,1.0,1,1.0,1,1.0,1,0.09143773640512474,61
4985,0,11560,3717,7843,0,0,0,1.0,1,1.0,1,1.0,1,0.06641987018651754,59
4986,4,11564,3719,7845,0,0,0,1.0,1,1.0,1,1.0,1,0.09215668673526052,62
4987,1,11565,3720,7845,0,0,0,1.0,1,1.0,1,1.0,1,0.08660911824643164,60
4988,1,11566,3721,7845,0,0,0,1.0,1,1.0,1,1.0,1,0.09362521167697804,59
4989,2,11568,3723,7845,0,0,0,1.0,1,1.0,1,1.0,1,0.14611093597273977,57
4990,2,11570,3724,7846,0,0,0,1.0,1,1.0,1,1.0,1,0.11609874109214004,55
4991,4,11574,3726,7848,0,0,0,1.0,1,1.0,1,1.0,1,0.08085919175821792,54
4992,2,11576,3727,7849,0,0,0,1.0,1,1.0,1,1.0,1,0.10912980571549837,52
4993,1,11577,3728,7849,0,0,0,1.0,1,1.0,1,1.0,1,0.09887577549624225,51
4994,2,11579,3729,7850,0,0,0,1.0,1,1.0,1,1.0,1,0.14529579736845133,49
4995,2,11581,3731,7850,0,0,0,1.0,1,1.0,1,1.0,1,0.19823605738837968,48
4996,8,11589,3736,7853,0,0,0,1.0,1,1.0,1,1.0,1,0.13804597578856054,48
4997,3,11592,3737,7855,0,0,0,1.0,1,1.0,1,1.0,1,0.10663204858564217,46
4998,1,11593,3738,7855,0,0,0,1.0,1,1.0,1,1.0,1,0.12952304721314184,48
4999,2,11595,3739,7856,0,0,0,1.0,1,1.0,1,1.0,1,0.157295691583439,48
5000,1,11596,3740,7856,0,0,0,1.0,1,1.0,1,1.0,1,0.16418382568332712,47
5001,3,11599,3741,7858,0,0,0,1.0,1,1.0,1,1.0,1,0.1250792052558326,45
5002,4,11603,3744,7859,0,0,0,1.0,1,1.0,1,1.0,1,0.1233581068063167,46
5003,0,11603,3744,7859,0,0,0,1.0,1,1.0,1,1.0,1,0.1631370217133234,46
5004,2,11605,3745,7860,0,0,0,1.0,1,1.0,1,1.0,1,0.14789611529220836,46
5005,1,11606,3745,7861,0,0,0,1.0,1,1.0,1,1.0,1,0.18882567127409713,45
5006,1,11607,3745,7862,0,0,0,1.0,1,1.0,1,1.0,1,0.19185824837015258,45
5007,1,11608,3745,7863,0,0,0,1.0,1,1.0,1,1.0,1,0.1743480268798018,46
5008,1,11609,3745,7864,0,0,0,1.0,1,1.0,1,1.0,1,0.15448591092858252,49
5009,0,11609,3745,7864,0,0,0,1.0,1,1.0,1,1.0,1,0.1474019609132178,49
5010,2,11611,3745,7866,0,0,0,1.0,1,1.0,1,1.0,1,0.14538676188955144,50
5011,0,11611,3745,7866,0,0,0,1.0,1,1.0,1,1.0,1,0.1588800362663222,51
5012,0,11611,3745,7866,0,0,0,1.0,1,1.0,1,1.0,1,0.16821048497886865,52
5013,0,11611,3745,7866,0,0,0,1.0,1,1.0,1,1.0,1,0.16821048497886865,52
5014,0,11611,3745,7866,0,0,0,1.0,1,1.0,1,1.0,1,0.17265352053545216,53
5015,7,11618,3747,7871,0,0,0,1.0,1,1.0,1,1.0,1,0.19457184992582735,54
5016,3,11621,3748,7873,0,0,0,1.0,1,1.0,1,1.0,1,0.2052103004241419,55
5017,1,11622,3748,7874,0,0,0,1.0,1,1.0,1,1.0,1,0.19216800133853487,55
5018,4,11626,3748,7878,0,0,0,1.0,1,1.0,1,1.0,1,0.16510349985262804,56
5019,1,11627,3748,7879,0,0,0,1.0,1,1.0,1,1.0,1,0.14260753608608845,56
5020,0,11627,3748,7879,0,0,0,1.0,1,1.0,1,1.0,1,0.159234434561463,55
5021,1,11628,3748,7880,0,0,0,1.0,1,1.0,1,1.0,1,0.13913598652197348,56
5022,2,11630,3750,7880,0,0,0,1.0,1,1.0,1,1.0,1,0.16767475669484846,56
5023,1,11631,3751,7880,0,0,0,1.0,1,1.0,1,1.0,1,0.15092607628766302,55
5024,2,11633,3753,7880,0,0,0,1.0,1,1.0,1,1.0,1,0.1874798923867877,55
5025,4,11637,3755,7882,0,0,0,1.0,1,1.0,1,1.0,1,0.195703161640279,53
5026,10,11647,3760,7887,0,0,0,1.0,1,1.0,1,1.0,1,0.1361394035116536,52
5027,5,11652,3761,7891,0,0,0,1.0,1,1.0,1,1.0,1,0.1404239987283612,51
5028,6,11658,3763,7895,0,0,0,1.0,1,1.0,1,1.0,1,0.183213717789595,51
5029,3,11661,3763,7898,0,0,0,1.0,1,1.0,1,1.0,1,0.21455986746298408,50
5030,5,11666,3763,7903,0,0,0,1.0,1,1.0,1,1.0,1,0.16100483136209878,49
5031,2,11668,3764,7904,0,0,0,1.0,1,1.0,1,1.0,1,0.14088831828160303,49
5032,1,11669,3764,7905,0,0,0,1.0,1,1.0,1,1.0,1,0.1341163785855027,48
5033,3,11672,3767,7905,0,0,0,1.0,1,1.0,1,1.0,1,0.1635652059953213,50
5034,3,11675,3768,7907,0,0,0,1.0,1,1.0,1,1.0,1,0.15436599383130825,49
5035,5,11680,3770,7910,0,0,0,1.0,1,1.0,1,1.0,1,0.16475709765436983,49
5036,2,11682,3771,7911,0,0,0,1.0,1,1.0,1,1.0,1,0.13218887433304294,47
5037,3,11685,3772,7913,0,0,0,1.0,1,1.0,1,1.0,1,0.12358299339255828,47
5038,1,11686,3772,7914,0,0,0,1.0,1,1.0,1,1.0,1,0.10529185491633535,47
5039,0,11686,3772,7914,0,0,0,1.0,1,1.0,1,1.0,1,0.11055139059139826,48
5040,1,11687,3772,7915,0,0,0,1.0,1,1.0,1,1.0,1,0.10560975972110466,48
5041,2,11689,3772,7917,0,0,0,1.0,1,1.0,1,1.0,1,0.07255361384578743,48
5042,0,11689,3772,7917,0,0,0,1.0,1,1.0,1,1.0,1,0.06553478076419583,50
5043,0,11689,3772,7917,0,0,0,1.0,1,1.0,1,1.0,1,0.07474412314248609,51
5044,0,11689,3772,7917,0,0,0,1.0,1,1.0,1,1.0,1,0.07474412314248609,51
5045,0,11689,3772,7917,0,0,0,1.0,1,1.0,1,1.0,1,0.0896894672621159,52
5046,1,11690,3773,7917,0,0,0,1.0,1,1.0,1,1.0,1,0.11279888723551429,51
5047,0,11690,3773,7917,0,0,0,1.0,1,1.0,1,1.0,1,0.11279888723551429,51
5048,1,11691,3774,7917,0,0,0,1.0,1,1.0,1,1.0,1,0.11496588756041659,52
5049,3,11694,3774,7920,0,0,0,1.0,1,1.0,1,1.0,1,0.11161434245278058,54
5050,4,11698,3774,7924,0,0,0,1.0,1,1.0,1,1.0,1,0.079565220234924,56
5051,2,11700,3774,7926,0,0,0,1.0,1,1.0,1,1.0,1,0.07003207271683912,55
5052,0,11700,3774,7926,0,0,0,1.0,1,1.0,1,1.0,1,0.07003207271683912,55
5053,1,11701,3775,7926,0,0,0,1.0,1,1.0,1,1.0,1,0.1100307268743305,55
5054,2,11703,3776,7927,0,0,0,1.0,1,1.0,1,1.0,1,0.11184944281613311,55
5055,1,11704,3776,7928,0,0,0,1.0,1,1.0,1,1.0,1,0.098635777159125,55
5056,1,11705,3776,7929,0,0,0,1.0,1,1.0,1,1.0,1,0.11050867154290113,56
5057,1,11706,3776,7930,0,0,0,1.0,1,1.0,1,1.0,1,0.10389030566307966,58
5058,3,11709,3777,7932,0,0,0,1.0,1,1.0,1,1.0,1,0.10472443298343716,59
5059,1,11710,3777,7933,0,0,0,1.0,1,1.0,1,1.0,1,0.08779913872017449,59
5060,0,11710,3777,7933,0,0,0,1.0,1,1.0,1,1.0,1,0.08779913872017449,59
5061,2,11712,3777,7935,0,0,0,1.0,1,1.0,1,1.0,1,0.09038773223005252,59
5062,4,11716,3778,7938,0,0,0,1.0,1,1.0,1,1.0,1,0.09434248072514123,59
5063,1,11717,3779,7938,0,0,0,1.0,1,1.0,1,1.0,1,0.12485393492206268,59
5064,5,11722,3784,7938,0,0,0,1.0,1,1.0,1,1.0,1,0.17773400263036415,57
5065,2,11724,3785,7939,0,0,0,1.0,1,1.0,1,1.0,1,0.1654761236093255,55
5066,6,11730,3787,7943,0,0,0,1.0,1,1.0,1,1.0,1,0.1612837640994887,55
5067,2,11732,3788,7944,0,0,0,1.0,1,1.0,1,1.0,1,0.148681994107135,54
5068,1,11733,3788,7945,0,0,0,1.0,1,1.0,1,1.0,1,0.1296473584133768,54
5069,2,11735,3788,7947,0,0,0,1.0,1,1.0,1,1.0,1,0.1070970604055149,54
5070,1,11736,3789,7947,0,0,0,1.0,1,1.0,1,1.0,1,0.1223735762924304,52
5071,3,11739,3791,7948,0,0,0,1.0,1,1.0,1,1.0,1,0.11651665881177348,54
5072,0,11739,3791,7948,0,0,0,1.0,1,1.0,1,1.0,1,0.11335359621849553,52
5073,0,11739,3791,7948,0,0,0,1.0,1,1.0,1,1.0,1,0.12474844872153389,51
5074,1,11740,3792,7948,0,0,0,1.0,1,1.0,1,1.0,1,0.1492425375156921,52
5075,1,11741,3792,7949,0,0,0,1.0,1,1.0,1,1.0,1,0.1386629214619511,53
5076,2,11743,3792,7951,0,0,0,1.0,1,1.0,1,1.0,1,0.1146496260972839,53
5077,4,11747,3793,7954,0,0,0,1.0,1,1.0,1,1.0,1,0.10084539941001289,56
5078,1,11748,3793,7955,0,0,0,1.0,1,1.0,1,1.0,1,0.08880961233932728,55
5079,1,11749,3793,7956,0,0,0,1.0,1,1.0,1,1.0,1,0.08636954052534966,56
5080,0,11749,3793,7956,0,0,0,1.0,1,1.0,1,1.0,1,0.08779575834650391,57
5081,1,11750,3793,7957,0,0,0,1.0,1,1.0,1,1.0,1,0.08559148976367482,58
5082,0,11750,3793,7957,0,0,0,1.0,1,1.0,1,1.0,1,0.08559148976367482,58
5083,1,11751,3793,7958,0,0,0,1.0,1,1.0,1,1.0,1,0.08823375444836208,59
5084,2,11753,3795,7958,0,0,0,1.0,1,1.0,1,1.0,1,0.084394627869118,59
5085,2,11755,3796,7959,0,0,0,1.0,1,1.0,1,1.0,1,0.08697017619452908,60
5086,3,11758,3796,7962,0,0,0,1.0,1,1.0,1,1.0,1,0.052481176267046535,61
5087,3,11761,3797,7964,0,0,0,1.0,1,1.0,1,1.0,1,0.04305881058129649,62
5088,2,11763,3798,7965,0,0,0,1.0,1,1.0,1,1.0,1,0.05081664895319926,64
5089,3,11766,3800,7966,0,0,0,1.0,1,1.0,1,1.0,1,0.06500062274819977,64
5090,1,11767,3801,7966,0,0,0,1.0,1,1.0,1,1.0,1,0.07692110226547862,64
5091,6,11773,3805,7968,0,0,0,1.0,1,1.0,1,1.0,1,0.12558588376329147,64
5092,3,11776,3806,7970,0,0,0,1.0,1,1.0,1,1.0,1,0.10538744914182638,64
5093,3,11779,3806,7973,0,0,0,1.0,1,1.0,1,1.0,1,0.0996065773227168,64
5094,5,11784,3808,7976,0,0,0,1.0,1,1.0,1,1.0,1,0.11096681945325253,65
5095,2,11786,3808,7978,0,0,0,1.0,1,1.0,1,1.0,1,0.11304920628026519,66
5096,1,11787,3808,7979,0,0,0,1.0,1,1.0,1,1.0,1,0.1230927088770011,66
5097,2,11789,3808,7981,0,0,0,1.0,1,1.0,1,1.0,1,0.11463293594735333,67
5098,2,11791,3808,7983,0,0,0,1.0,1,1.0,1,1.0,1,0.09677880625958929,67
5099,4,11795,3809,7986,0,0,0,1.0,1,1.0,1,1.0,1,0.09505280585222163,70
5100,2,11797,3810,7987,0,0,0,1.0,1,1.0,1,1.0,1,0.09661669663682877,71
5101,1,11798,3810,7988,0,0,0,1.0,1,1.0,1,1.0,1,0.0885333972063652,72
5102,5,11803,3813,7990,0,0,0,1.0,1,1.0,1,1.0,1,0.10306547312486573,72
5103,3,11806,3815,7991,0,0,0,1.0,1,1.0,1,1.0,1,0.10469953549742517,70
5104,5,11811,3818,7993,0,0,0,1.0,1,1.0,1,1.0,1,0.08488991669052023,67
5105,4,11815,3821,7994,0,0,0,1.0,1,1.0,1,1.0,1,0.11436418084692587,66
5106,4,11819,3824,7995,0,0,0,1.0,1,1.0,1,1.0,1,0.1374209517946028,64
5107,3,11822,3826,7996,0,0,0,1.0,1,1.0,1,1.0,1,0.10181811399224183,61
5108,3,11825,3828,7997,0,0,0,1.0,1,1.0,1,1.0,1,0.09498610413289278,57
5109,4,11829,3832,7997,0,0,0,1.0,1,1.0,1,1.0,1,0.14374231807589916,55
5110,4,11833,3834,7999,0,0,0,1.0,1,1.0,1,1.0,1,0.15194379552498047,53
5111,7,11840,3836,8004,0,0,0,1.0,1,1.0,1,1.0,1,0.11722067506751342,52
5112,4,11844,3839,8005,0,0,0,1.0,1,1.0,1,1.0,1,0.11387155424939333,52
5113,1,11845,3840,8005,0,0,0,1.0,1,1.0,1,1.0,1,0.13079395531392007,49
5114,4,11849,3844,8005,0,0,0,1.0,1,1.0,1,1.0,1,0.18010095253974095,49
5115,4,11853,3844,8009,0,0,0,1.0,1,1.0,1,1.0,1,0.18827737455931434,48
5116,9,11862,3845,8017,0,0,0,1.0,1,1.0,1,1.0,1,0.1632861356392863,47
5117,4,11866,3845,8021,0,0,0,1.0,1,1.0,1,1.0,1,0.17612408417562386,48
5118,1,11867,3845,8022,0,0,0,1.0,1,1.0,1,1.0,1,0.16987119457172276,49
5119,3,11870,3846,8024,0,0,0,1.0,1,1.0,1,1.0,1,0.16106619824773782,49
5120,3,11873,3846,8027,0,0,0,1.0,1,1.0,1,1.0,1,0.153826711452751,48
5121,3,11876,3847,8029,0,0,0,1.0,1,1.0,1,1.0,1,0.11832661949549064,48
5122,4,11880,3850,8030,0,0,0,1.0,1,1.0,1,1.0,1,0.204526981179919,46
5123,0,11880,3850,8030,0,0,0,1.0,1,1.0,1,1.0,1,0.204526981179919,46
5124,1,11881,3850,8031,0,0,0,1.0,1,1.0,1,1.0,1,0.18736637551092528,47
5125,8,11889,3851,8038,0,0,0,1.0,1,1.0,1,1.0,1,0.17938173921194153,49
5126,3,11892,3851,8041,0,0,0,1.0,1,1.0,1,1.0,1,0.11433194526743173,49
5127,0,11892,3851,8041,0,0,0,1.0,1,1.0,1,1.0,1,0.13876000588764972,51
5128,4,11896,3852,8044,0,0,0,1.0,1,1.0,1,1.0,1,0.13509306624847128,53
5129,4,11900,3853,8047,0,0,0,1.0,1,1.0,1,1.0,1,0.11789175630998436,55
5130,0,11900,3853,8047,0,0,0,1.0,1,1.0,1,1.0,1,0.11789175630998436,55
5131,1,11901,3853,8048,0,0,0,1.0,1,1.0,1,1.0,1,0.1044759176605814,55
5132,0,11901,3853,8048,0,0,0,1.0,1,1.0,1,1.0,1,0.1044759176605814,55
5133,0,11901,3853,8048,0,0,0,1.0,1,1.0,1,1.0,1,0.10263860175093367,56
5134,0,11901,3853,8048,0,0,0,1.0,1,1.0,1,1.0,1,0.12681124691155488,56
5135,1,11902,3854,8048,0,0,0,1.0,1,1.0,1,1.0,1,0.1321012639888768,56
5136,0,11902,3854,8048,0,0,0,1.0,1,1.0,1,1.0,1,0.14407928490378308,55
5137,1,11903,3855,8048,0,0,0,1.0,1,1.0,1,1.0,1,0.1647342359031718,55
5138,2,11905,3855,8050,0,0,0,1.0,1,1.0,1,1.0,1,0.15265114049980955,54
5139,1,11906,3856,8050,0,0,0,1.0,1,1.0,1,1.0,1,0.14340522343921736,54
5140,2,11908,3857,8051,0,0,0,1.0,1,1.0,1,1.0,1,0.14689344618379857,54
5141,9,11917,3860,8057,0,0,0,1.0,1,1.0,1,1.0,1,0.1345918647821908,53
5142,10,11927,3863,8064,0,0,0,1.0,1,1.0,1,1.0,1,0.09147663059821515,55
5143,5,11932,3867,8065,0,0,0,1.0,1,1.0,1,1.0,1,0.11481218143322813,54
5144,3,11935,3869,8066,0,0,0,1.0,1,1.0,1,1.0,1,0.1162930328918428,50
5145,2,11937,3870,8067,0,0,0,1.0,1,1.0,1,1.0,1,0.12056331840862378,51
5146,4,11941,3870,8071,0,0,0,1.0,1,1.0,1,1.0,1,0.045406052681452445,48
5147,3,11944,3872,8072,0,0,0,1.0,1,1.0,1,1.0,1,0.1316595399968849,49
5148,1,11945,3872,8073,0,0,0,1.0,1,1.0,1,1.0,1,0.07215340953429342,47
5149,4,11949,3874,8075,0,0,0,1.0,1,1.0,1,1.0,1,0.1819970702624181,46
5150,4,11953,3876,8077,0,0,0,1.0,1,1.0,1,1.0,1,0.1726326465068536,46
5151,8,11961,3877,8084,0,0,0,1.0,1,1.0,1,1.0,1,0.13998711440728726,45
5152,2,11963,3878,8085,0,0,0,1.0,1,1.0,1,1.0,1,0.13619620097975596,45
5153,2,11965,3879,8086,0,0,0,1.0,1,1.0,1,1.0,1,0.16685078196174807,45
5154,4,11969,3881,8088,0,0,0,1.0,1,1.0,1,1.0,1,0.19132022453865843,45
5155,3,11972,3882,8090,0,0,0,1.0,1,1.0,1,1.0,1,0.2221275126848853,44
5156,6,11978,3883,8095,0,0,0,1.0,1,1.0,1,1.0,1,0.1430586307692635,44
5157,0,11978,3883,8095,0,0,0,1.0,1,1.0,1,1.0,1,0.1630832451480632,42
5158,1,11979,3884,8095,0,0,0,1.0,1,1.0,1,1.0,1,0.16034367099920188,43
5159,2,11981,3884,8097,0,0,0,1.0,1,1.0,1,1.0,1,0.1672175165277824,43
5160,0,11981,3884,8097,0,0,0,1.0,1,1.0,1,1.0,1,0.1672175165277824,43
5161,1,11982,3884,8098,0,0,0,1.0,1,1.0,1,1.0,1,0.15102103143827894,43
5162,1,11983,3884,8099,0,0,0,1.0,1,1.0,1,1.0,1,0.12324653372516026,44
5163,1,11984,3884,8100,0,0,0,1.0,1,1.0,1,1.0,1,0.12167688897569816,46
5164,1,11985,3885,8100,0,0,0,1.0,1,1.0,1,1.0,1,0.1248971379062604,46
5165,3,11988,3888,8100,0,0,0,1.0,1,1.0,1,1.0,1,0.1802465408859267,46
5166,6,11994,3888,8106,0,0,0,1.0,1,1.0,1,1.0,1,0.12366689909752007,47
5167,1,11995,3889,8106,0,0,0,1.0,1,1.0,1,1.0,1,0.12033198470655353,47
5168,5,12000,3890,8110,0,0,0,1.0,1,1.0,1,1.0,1,0.1323470026218958,47
5169,1,12001,3891,8110,0,0,0,1.0,1,1.0,1,1.0,1,0.14705173579403824,47
5170,1,12002,3892,8110,0,0,0,1.0,1,1.0,1,1.0,1,0.14708489315837983,48
5171,2,12004,3892,8112,0,0,0,1.0,1,1.0,1,1.0,1,0.12745277620925785,48
5172,1,12005,3892,8113,0,0,0,1.0,1,1.0,1,1.0,1,0.11368788988409796,49
5173,3,12008,3892,8116,0,0,0,1.0,1,1.0,1,1.0,1,0.09757220203811211,49
5174,2,12010,3892,8118,0,0,0,1.0,1,1.0,1,1.0,1,0.09570123797108199,52
5175,1,12011,3892,8119,0,0,0,1.0,1,1.0,1,1.0,1,0.09373640908487445,53
5176,0,12011,3892,8119,0,0,0,1.0,1,1.0,1,1.0,1,0.1021158855677309,54
5177,1,12012,3893,8119,0,0,0,1.0,1,1.0,1,1.0,1,0.1318155445877291,54
5178,3,12015,3895,8120,0,0,0,1.0,1,1.0,1,1.0,1,0.16163331733744346,55
5179,2,12017,3897,8120,0,0,0,1.0,1,1.0,1,1.0,1,0.18906588285550308,53
5180,4,12021,3898,8123,0,0,0,1.0,1,1.0,1,1.0,1,0.19465546618360172,52
5181,6,12027,3899,8128,0,0,0,1.0,1,1.0,1,1.0,1,0.09255305471053084,52
5182,2,12029,3901,8128,0,0,0,1.0,1,1.0,1,1.0,1,0.07708877703444997,52
5183,3,12032,3902,8130,0,0,0,1.0,1,1.0,1,1.0,1,0.10261946307396265,52
5184,0,12032,3902,8130,0,0,0,1.0,1,1.0,1,1.0,1,0.1028240753207892,52
5185,2,12034,3904,8130,0,0,0,1.0,1,1.0,1,1.0,1,0.13825052317547648,50
5186,1,12035,3904,8131,0,0,0,1.0,1,1.0,1,1.0,1,0.13643841492612221,48
5187,2,12037,3906,8131,0,0,0,1.0,1,1.0,1,1.0,1,0.14197182147335866,46
5188,0,12037,3906,8131,0,0,0,1.0,1,1.0,1,1.0,1,0.14180244562193456,44
5189,1,12038,3906,8132,0,0,0,1.0,1,1.0,1,1.0,1,0.11599972653664155,44
5190,1,12039,3907,8132,0,0,0,1.0,1,1.0,1,1.0,1,0.13937676680762695,45
5191,0,12039,3907,8132,0,0,0,1.0,1,1.0,1,1.0,1,0.13730918622730123,45
5192,0,12039,3907,8132,0,0,0,1.0,1,1.0,1,1.0,1,0.13730918622730123,45
5193,2,12041,3907,8134,0,0,0,1.0,1,1.0,1,1.0,1,0.10221038773292421,45
5194,0,12041,3907,8134,0,0,0,1.0,1,1.0,1,1.0,1,0.11148735016259308,45
5195,1,12042,3907,8135,0,0,0,1.0,1,1.0,1,1.0,1,0.12346867358276058,46
5196,1,12043,3907,8136,0,0,0,1.0,1,1.0,1,1.0,1,0.09911459822788325,46
5197,1,12044,3908,8136,0,0,0,1.0,1,1.0,1,1.0,1,0.11146343929914754,46
5198,0,12044,3908,8136,0,0,0,1.0,1,1.0,1,1.0,1,0.09991574286305781,47
5199,2,12046,3909,8137,0,0,0,1.0,1,1.0,1,1.0,1,0.13389165739050563,49
5200,3,12049,3910,8139,0,0,0,1.0,1,1.0,1,1.0,1,0.1591620276377206,49
5201,5,12054,3912,8142,0,0,0,1.0,1,1.0,1,1.0,1,0.11871826619688873,50
5202,1,12055,3912,8143,0,0,0,1.0,1,1.0,1,1.0,1,0.12550770104477268,52
5203,0,12055,3912,8143,0,0,0,1.0,1,1.0,1,1.0,1,0.12550770104477268,52
5204,3,12058,3912,8146,0,0,0,1.0,1,1.0,1,1.0,1,0.10050221460724171,54
5205,1,12059,3912,8147,0,0,0,1.0,1,1.0,1,1.0,1,0.11298173992216433,54
5206,3,12062,3912,8150,0,0,0,1.0,1,1.0,1,1.0,1,0.08389309331588163,55
5207,0,12062,3912,8150,0,0,0,1.0,1,1.0,1,1.0,1,0.07793126568648956,54
5208,0,12062,3912,8150,0,0,0,1.0,1,1.0,1,1.0,1,0.07793126568648956,54
5209,1,12063,3913,8150,0,0,0,1.0,1,1.0,1,1.0,1,0.0980581571574116,54
5210,0,12063,3913,8150,0,0,0,1.0,1,1.0,1,1.0,1,0.0980581571574116,54
5211,1,12064,3913,8151,0,0,0,1.0,1,1.0,1,1.0,1,0.10086284516415343,56
5212,2,12066,3913,8153,0,0,0,1.0,1,1.0,1,1.0,1,0.08154700641955175,57
5213,2,12068,3915,8153,0,0,0,1.0,1,1.0,1,1.0,1,0.1150096206604936,57
5214,5,12073,3917,8156,0,0,0,1.0,1,1.0,1,1.0,1,0.1512032427152444,58
5215,4,12077,3917,8160,0,0,0,1.0,1,1.0,1,1.0,1,0.16366772534612042,57
5216,6,12083,3918,8165,0,0,0,1.0,1,1.0,1,1.0,1,0.13816666158474142,57
5217,3,12086,3919,8167,0,0,0,1.0,1,1.0,1,1.0,1,0.12951992202467746,56
5218,4,12090,3921,8169,0,0,0,1.0,1,1.0,1,1.0,1,0.14043450113753717,56
5219,3,12093,3921,8172,0,0,0,1.0,1,1.0,1,1.0,1,0.14935539292659752,54
5220,6,12099,3923,8176,0,0,0,1.0,1,1.0,1,1.0,1,0.16307535336555576,53
5221,4,12103,3923,8180,0,0,0,1.0,1,1.0,1,1.0,1,0.11954822479707164,52
5222,0,12103,3923,8180,0,0,0,1.0,1,1.0,1,1.0,1,0.14896765292773545,52
5223,2,12105,3924,8181,0,0,0,1.0,1,1.0,1,1.0,1,0.12972594555166117,52
5224,1,12106,3925,8181,0,0,0,1.0,1,1.0,1,1.0,1,0.14657161989071857,52
5225,1,12107,3925,8182,0,0,0,1.0,1,1.0,1,1.0,1,0.16549211015882123,50
5226,5,12112,3926,8186,0,0,0,1.0,1,1.0,1,1.0,1,0.10845655918163534,51
5227,2,12114,3928,8186,0,0,0,1.0,1,1.0,1,1.0,1,0.11930962190473951,49
5228,0,12114,3928,8186,0,0,0,1.0,1,1.0,1,1.0,1,0.13014887785422907,48
5229,0,12114,3928,8186,0,0,0,1.0,1,1.0,1,1.0,1,0.120051781463834,49
5230,2,12116,3929,8187,0,0,0,1.0,1,1.0,1,1.0,1,0.14305895472412158,49
5231,4,12120,3930,8190,0,0,0,1.0,1,1.0,1,1.0,1,0.1076468811354713,49
5232,2,12122,3931,8191,0,0,0,1.0,1,1.0,1,1.0,1,0.08317217536493571,51
5233,2,12124,3932,8192,0,0,0,1.0,1,1.0,1,1.0,1,0.09332667885281908,51
5234,3,12127,3934,8193,0,0,0,1.0,1,1.0,1,1.0,1,0.1038075925531573,52
5235,1,12128,3934,8194,0,0,0,1.0,1,1.0,1,1.0,1,0.10346574259441116,52
5236,2,12130,3934,8196,0,0,0,1.0,1,1.0,1,1.0,1,0.07172414651111668,52
5237,1,12131,3935,8196,0,0,0,1.0,1,1.0,1,1.0,1,0.11149128416271482,53
5238,0,12131,3935,8196,0,0,0,1.0,1,1.0,1,1.0,1,0.11149128416271482,53
5239,0,12131,3935,8196,0,0,0,1.0,1,1.0,1,1.0,1,0.11149128416271482,53
5240,3,12134,3937,8197,0,0,0,1.0,1,1.0,1,1.0,1,0.16833019834456775,55
5241,5,12139,3937,8202,0,0,0,1.0,1,1.0,1,1.0,1,0.09925006123971639,56
5242,2,12141,3938,8203,0,0,0,1.0,1,1.0,1,1.0,1,0.08686173134138711,54
5243,2,12143,3939,8204,0,0,0,1.0,1,1.0,1,1.0,1,0.07445920075280704,55
5244,2,12145,3941,8204,0,0,0,1.0,1,1.0,1,1.0,1,0.12792291214534546,55
5245,1,12146,3942,8204,0,0,0,1.0,1,1.0,1,1.0,1,0.12816328835911858,55
5246,5,12151,3944,8207,0,0,0,1.0,1,1.0,1,1.0,1,0.15017970454390064,55
5247,2,12153,3945,8208,0,0,0,1.0,1,1.0,1,1.0,1,0.13856152426651122,54
5248,1,12154,3945,8209,0,0,0,1.0,1,1.0,1,1.0,1,0.14825070883702024,53
5249,2,12156,3946,8210,0,0,0,1.0,1,1.0,1,1.0,1,0.13048719285822571,55
5250,0,12156,3946,8210,0,0,0,1.0,1,1.0,1,1.0,1,0.13048719285822571,55
5251,4,12160,3947,8213,0,0,0,1.0,1,1.0,1,1.0,1,0.10512443578650581,57
5252,1,12161,3947,8214,0,0,0,1.0,1,1.0,1,1.0,1,0.098902843251217,58
5253,4,12165,3949,8216,0,0,0,1.0,1,1.0,1,1.0,1,0.13367642746610464,59
5254,1,12166,3949,8217,0,0,0,1.0,1,1.0,1,1.0,1,0.14179413143616587,59
5255,2,12168,3949,8219,0,0,0,1.0,1,1.0,1,1.0,1,0.12888269417783502,58
5256,7,12175,3951,8224,0,0,0,1.0,1,1.0,1,1.0,1,0.11820748851256994,59
5257,1,12176,3951,8225,0,0,0,1.0,1,1.0,1,1.0,1,0.09729766542466117,58
5258,2,12178,3951,8227,0,0,0,1.0,1,1.0,1,1.0,1,0.11968896631975007,56
5259,3,12181,3951,8230,0,0,0,1.0,1,1.0,1,1.0,1,0.13329545936777687,56
5260,4,12185,3951,8234,0,0,0,1.0,1,1.0,1,1.0,1,0.1304152359286541,55
5261,2,12187,3952,8235,0,0,0,1.0,1,1.0,1,1.0,1,0.08260366473472135,54
5262,2,12189,3953,8236,0,0,0,1.0,1,1.0,1,1.0,1,0.10495369402631943,54
5263,2,12191,3954,8237,0,0,0,1.0,1,1.0,1,1.0,1,0.12519591924444176,53
5264,1,12192,3955,8237,0,0,0,1.0,1,1.0,1,1.0,1,0.12588352582635623,51
5265,0,12192,3955,8237,0,0,0,1.0,1,1.0,1,1.0,1,0.12274514222949323,50
5266,5,12197,3958,8239,0,0,0,1.0,1,1.0,1,1.0,1,0.1279968059170262,49
5267,4,12201,3959,8242,0,0,0,1.0,1,1.0,1,1.0,1,0.10293145074173413,48
5268,2,12203,3961,8242,0,0,0,1.0,1,1.0,1,1.0,1,0.14671674206522423,47
5269,1,12204,3962,8242,0,0,0,1.0,1,1.0,1,1.0,1,0.14521046742147284,45
5270,4,12208,3964,8244,0,0,0,1.0,1,1.0,1,1.0,1,0.16847262362335838,47
5271,4,12212,3965,8247,0,0,0,1.0,1,1.0,1,1.0,1,0.1069674177326683,45
5272,8,12220,3968,8252,0,0,0,1.0,1,1.0,1,1.0,1,0.13526354488259681,46
5273,1,12221,3968,8253,0,0,0,1.0,1,1.0,1,1.0,1,0.14406384040077355,44
5274,2,12223,3969,8254,0,0,0,1.0,1,1.0,1,1.0,1,0.1798640930551055,44
5275,6,12229,3971,8258,0,0,0,1.0,1,1.0,1,1.0,1,0.20140934608311845,46
5276,3,12232,3972,8260,0,0,0,1.0,1,1.0,1,1.0,1,0.15940574069231045,46
5277,1,12233,3973,8260,0,0,0,1.0,1,1.0,1,1.0,1,0.13626943439137004,46
5278,3,12236,3976,8260,0,0,0,1.0,1,1.0,1,1.0,1,0.15476939900410397,46
5279,3,12239,3978,8261,0,0,0,1.0,1,1.0,1,1.0,1,0.17005678137562433,47
5280,1,12240,3979,8261,0,0,0,1.0,1,1.0,1,1.0,1,0.15589262944477753,47
5281,3,12243,3979,8264,0,0,0,1.0,1,1.0,1,1.0,1,0.14296244536539945,48
5282,0,12243,3979,8264,0,0,0,1.0,1,1.0,1,1.0,1,0.14296244536539945,48
5283,2,12245,3979,8266,0,0,0,1.0,1,1.0,1,1.0,1,0.14591683802116634,49
5284,0,12245,3979,8266,0,0,0,1.0,1,1.0,1,1.0,1,0.14591683802116634,49
5285,0,12245,3979,8266,0,0,0,1.0,1,1.0,1,1.0,1,0.13084487768096545,50
5286,4,12249,3979,8270,0,0,0,1.0,1,1.0,1,1.0,1,0.09707566748325819,51
5287,0,12249,3979,8270,0,0,0,1.0,1,1.0,1,1.0,1,0.09707566748325819,51
5288,0,12249,3979,8270,0,0,0,1.0,1,1.0,1,1.0,1,0.09707566748325819,51
5289,0,12249,3979,8270,0,0,0,1.0,1,1.0,1,1.0,1,0.09818127146200696,53
5290,1,12250,3979,8271,0,0,0,1.0,1,1.0,1,1.0,1,0.07764354237765732,53
5291,1,12251,3980,8271,0,0,0,1.0,1,1.0,1,1.0,1,0.09754034664498423,53
5292,2,12253,3982,8271,0,0,0,1.0,1,1.0,1,1.0,1,0.11789103639364666,53
5293,4,12257,3984,8273,0,0,0,1.0,1,1.0,1,1.0,1,0.15881403371741445,53
5294,3,12260,3985,8275,0,0,0,1.0,1,1.0,1,1.0,1,0.16315564069698324,54
5295,2,12262,3987,8275,0,0,0,1.0,1,1.0,1,1.0,1,0.16605066611287753,52
5296,3,12265,3988,8277,0,0,0,1.0,1,1.0,1,1.0,1,0.11877611835397767,49
5297,1,12266,3989,8277,0,0,0,1.0,1,1.0,1,1.0,1,0.16192426020974227,49
5298,4,12270,3991,8279,0,0,0,1.0,1,1.0,1,1.0,1,0.15416712100498245,49
5299,3,12273,3992,8281,0,0,0,1.0,1,1.0,1,1.0,1,0.13382660729407356,50
5300,0,12273,3992,8281,0,0,0,1.0,1,1.0,1,1.0,1,0.15147756136018847,48
5301,4,12277,3993,8284,0,0,0,1.0,1,1.0,1,1.0,1,0.16922217512586224,46
5302,2,12279,3994,8285,0,0,0,1.0,1,1.0,1,1.0,1,0.16036167015295777,47
5303,1,12280,3995,8285,0,0,0,1.0,1,1.0,1,1.0,1,0.15703905525705017,46
5304,6,12286,3997,8289,0,0,0,1.0,1,1.0,1,1.0,1,0.22317399433398385,45
5305,3,12289,3998,8291,0,0,0,1.0,1,1.0,1,1.0,1,0.20827816923135595,44
5306,1,12290,3999,8291,0,0,0,1.0,1,1.0,1,1.0,1,0.23317358472630453,42
5307,5,12295,4001,8294,0,0,0,1.0,1,1.0,1,1.0,1,0.20881654232745647,42
5308,4,12299,4003,8296,0,0,0,1.0,1,1.0,1,1.0,1,0.22964162499338642,43
5309,1,12300,4004,8296,0,0,0,1.0,1,1.0,1,1.0,1,0.2409987695966568,41
5310,2,12302,4005,8297,0,0,0,1.0,1,1.0,1,1.0,1,0.26711605892583257,41
5311,6,12308,4005,8303,0,0,0,1.0,1,1.0,1,1.0,1,0.14784098473664456,42
5312,2,12310,4005,8305,0,0,0,1.0,1,1.0,1,1.0,1,0.13226730453814003,43
5313,2,12312,4005,8307,0,0,0,1.0,1,1.0,1,1.0,1,0.11241268618704653,44
5314,0,12312,4005,8307,0,0,0,1.0,1,1.0,1,1.0,1,0.11241268618704653,44
5315,5,12317,4007,8310,0,0,0,1.0,1,1.0,1,1.0,1,0.1383998643384056,45
5316,3,12320,4007,8313,0,0,0,1.0,1,1.0,1,1.0,1,0.09033591280389501,46
5317,3,12323,4008,8315,0,0,0,1.0,1,1.0,1,1.0,1,0.12137834645538127,46
5318,2,12325,4010,8315,0,0,0,1.0,1,1.0,1,1.0,1,0.08501885211398262,46
5319,1,12326,4011,8315,0,0,0,1.0,1,1.0,1,1.0,1,0.11764648364821209,47
5320,3,12329,4011,8318,0,0,0,1.0,1,1.0,1,1.0,1,0.13282507660972706,48
5321,2,12331,4011,8320,0,0,0,1.0,1,1.0,1,1.0,1,0.08747665331295533,49
5322,0,12331,4011,8320,0,0,0,1.0,1,1.0,1,1.0,1,0.08747665331295533,49
5323,0,12331,4011,8320,0,0,0,1.0,1,1.0,1,1.0,1,0.10687794248616148,51
5324,2,12333,4011,8322,0,0,0,1.0,1,1.0,1,1.0,1,0.0904902655049414,53
5325,0,12333,4011,8322,0,0,0,1.0,1,1.0,1,1.0,1,0.0904902655049414,53
5326,1,12334,4011,8323,0,0,0,1.0,1,1.0,1,1.0,1,0.06596461871937849,53
5327,1,12335,4012,8323,0,0,0,1.0,1,1.0,1,1.0,1,0.1198721168878997,53
5328,2,12337,4012,8325,0,0,0,1.0,1,1.0,1,1.0,1,0.1329345524710215,54
5329,6,12343,4015,8328,0,0,0,1.0,1,1.0,1,1.0,1,0.18892655751898743,53
5330,7,12350,4017,8333,0,0,0,1.0,1,1.0,1,1.0,1,0.2497214065678285,52
5331,5,12355,4017,8338,0,0,0,1.0,1,1.0,1,1.0,1,0.1765876755879728,51
5332,6,12361,4017,8344,0,0,0,1.0,1,1.0,1,1.0,1,0.11725589377521475,52
5333,4,12365,4019,8346,0,0,0,1.0,1,1.0,1,1.0,1,0.1145751016895537,53
5334,1,12366,4019,8347,0,0,0,1.0,1,1.0,1,1.0,1,0.11708598439318091,54
5335,2,12368,4019,8349,0,0,0,1.0,1,1.0,1,1.0,1,0.11539842179105148,55
5336,0,12368,4019,8349,0,0,0,1.0,1,1.0,1,1.0,1,0.109505724742979,54
5337,1,12369,4020,8349,0,0,0,1.0,1,1.0,1,1.0,1,0.1459448261356886,55
5338,0,12369,4020,8349,0,0,0,1.0,1,1.0,1,1.0,1,0.1459448261356886,55
5339,0,12369,4020,8349,0,0,0,1.0,1,1.0,1,1.0,1,0.1459448261356886,55
5340,1,12370,4021,8349,0,0,0,1.0,1,1.0,1,1.0,1,0.15722878881758315,55
5341,1,12371,4022,8349,0,0,0,1.0,1,1.0,1,1.0,1,0.18876064276337484,54
5342,1,12372,4023,8349,0,0,0,1.0,1,1.0,1,1.0,1,0.19851215217820253,55
5343,2,12374,4024,8350,0,0,0,1.0,1,1.0,1,1.0,1,0.19447364244131604,54
5344,1,12375,4025,8350,0,0,0,1.0,1,1.0,1,1.0,1,0.21050334141125088,55
5345,5,12380,4028,8352,0,0,0,1.0,1,1.0,1,1.0,1,0.1925583146848239,53
5346,6,12386,4030,8356,0,0,0,1.0,1,1.0,1,1.0,1,0.18930934754536888,53
5347,6,12392,4033,8359,0,0,0,1.0,1,1.0,1,1.0,1,0.1771173329390707,51
5348,1,12393,4034,8359,0,0,0,1.0,1,1.0,1,1.0,1,0.17972106743423868,53
5349,2,12395,4036,8359,0,0,0,1.0,1,1.0,1,1.0,1,0.19360338773163782,52
5350,0,12395,4036,8359,0,0,0,1.0,1,1.0,1,1.0,1,0.19225575919886123,50
5351,10,12405,4037,8368,0,0,0,1.0,1,1.0,1,1.0,1,0.16537982890005862,52
5352,4,12409,4039,8370,0,0,0,1.0,1,1.0,1,1.0,1,0.15073382132080385,49
5353,4,12413,4039,8374,0,0,0,1.0,1,1.0,1,1.0,1,0.11413581100223026,49
5354,2,12415,4039,8376,0,0,0,1.0,1,1.0,1,1.0,1,0.07546515430548043,49
5355,3,12418,4039,8379,0,0,0,1.0,1,1.0,1,1.0,1,0.08708233851155399,48
5356,1,12419,4039,8380,0,0,0,1.0,1,1.0,1,1.0,1,0.09271264581899802,49
5357,0,12419,4039,8380,0,0,0,1.0,1,1.0,1,1.0,1,0.11537291742775493,47
5358,3,12422,4040,8382,0,0,0,1.0,1,1.0,1,1.0,1,0.11492662761229369,48
5359,1,12423,4040,8383,0,0,0,1.0,1,1.0,1,1.0,1,0.11669998825843861,48
5360,0,12423,4040,8383,0,0,0,1.0,1,1.0,1,1.0,1,0.11669998825843861,48
5361,2,12425,4041,8384,0,0,0,1.0,1,1.0,1,1.0,1,0.11400430456637384,50
5362,0,12425,4041,8384,0,0,0,1.0,1,1.0,1,1.0,1,0.11400430456637384,50
5363,0,12425,4041,8384,0,0,0,1.0,1,1.0,1,1.0,1,0.11400430456637384,50
5364,1,12426,4042,8384,0,0,0,1.0,1,1.0,1,1.0,1,0.12446722972648025,51
5365,2,12428,4042,8386,0,0,0,1.0,1,1.0,1,1.0,1,0.14226257026774444,52
5366,2,12430,4042,8388,0,0,0,1.0,1,1.0,1,1.0,1,0.12270013258937955,52
5367,2,12432,4042,8390,0,0,0,1.0,1,1.0,1,1.0,1,0.12128495692794426,54
5368,1,12433,4042,8391,0,0,0,1.0,1,1.0,1,1.0,1,0.10461628465573673,55
5369,6,12439,4044,8395,0,0,0,1.0,1,1.0,1,1.0,1,0.09663030016052006,53
5370,7,12446,4047,8399,0,0,0,1.0,1,1.0,1,1.0,1,0.14225912820004835,54
5371,3,12449,4049,8400,0,0,0,1.0,1,1.0,1,1.0,1,0.17199688516474837,53
5372,4,12453,4051,8402,0,0,0,1.0,1,1.0,1,1.0,1,0.21017795064699238,53
5373,0,12453,4051,8402,0,0,0,1.0,1,1.0,1,1.0,1,0.19688698641424265,52
5374,1,12454,4052,8402,0,0,0,1.0,1,1.0,1,1.0,1,0.19088856890307512,51
5375,2,12456,4052,8404,0,0,0,1.0,1,1.0,1,1.0,1,0.14550691666242543,52
5376,4,12460,4054,8406,0,0,0,1.0,1,1.0,1,1.0,1,0.1859677158714516,51
5377,1,12461,4054,8407,0,0,0,1.0,1,1.0,1,1.0,1,0.16482708956790035,52
5378,3,12464,4055,8409,0,0,0,1.0,1,1.0,1,1.0,1,0.19499084443897022,50
5379,1,12465,4055,8410,0,0,0,1.0,1,1.0,1,1.0,1,0.1760112221037582,50
5380,5,12470,4055,8415,0,0,0,1.0,1,1.0,1,1.0,1,0.179733632212395,52
5381,4,12474,4055,8419,0,0,0,1.0,1,1.0,1,1.0,1,0.12361831725960357,52
5382,2,12476,4056,8420,0,0,0,1.0,1,1.0,1,1.0,1,0.11749525818146987,52
5383,1,12477,4056,8421,0,0,0,1.0,1,1.0,1,1.0,1,0.0906921428388241,51
5384,0,12477,4056,8421,0,0,0,1.0,1,1.0,1,1.0,1,0.09071790442240735,52
5385,2,12479,4057,8422,0,0,0,1.0,1,1.0,1,1.0,1,0.14287594321526226,51
5386,5,12484,4058,8426,0,0,0,1.0,1,1.0,1,1.0,1,0.10100994232943208,52
5387,1,12485,4059,8426,0,0,0,1.0,1,1.0,1,1.0,1,0.09058322746783792,53
5388,2,12487,4059,8428,0,0,0,1.0,1,1.0,1,1.0,1,0.06288820170028568,54
5389,1,12488,4059,8429,0,0,0,1.0,1,1.0,1,1.0,1,0.05830686961883246,55
5390,1,12489,4059,8430,0,0,0,1.0,1,1.0,1,1.0,1,0.04641232543480429,56
5391,1,12490,4060,8430,0,0,0,1.0,1,1.0,1,1.0,1,0.051584981656084106,56
5392,3,12493,4062,8431,0,0,0,1.0,1,1.0,1,1.0,1,0.06243190375791922,56
5393,1,12494,4063,8431,0,0,0,1.0,1,1.0,1,1.0,1,0.08001893724178459,54
5394,1,12495,4064,8431,0,0,0,1.0,1,1.0,1,1.0,1,0.09360917051431789,53
5395,3,12498,4067,8431,0,0,0,1.0,1,1.0,1,1.0,1,0.13095545495442484,53
5396,4,12502,4069,8433,0,0,0,1.0,1,1.0,1,1.0,1,0.12241816448796362,54
5397,5,12507,4072,8435,0,0,0,1.0,1,1.0,1,1.0,1,0.12053410483720749,53
5398,4,12511,4073,8438,0,0,0,1.0,1,1.0,1,1.0,1,0.1134561706786293,53
5399,5,12516,4075,8441,0,0,0,1.0,1,1.0,1,1.0,1,0.11041320576875815,55
5400,5,12521,4075,8446,0,0,0,1.0,1,1.0,1,1.0,1,0.11172433073765267,55
5401,7,12528,4078,8450,0,0,0,1.0,1,1.0,1,1.0,1,0.12650229843054703,56
5402,0,12528,4078,8450,0,0,0,1.0,1,1.0,1,1.0,1,0.0,0
