,SuccessfulHandoverCount,TotalSuccessfulHandoverCount,TotalSuccessfulHandoverCountRange,TotalSuccessfulHandoverCountLoadBalancing,TotalSuccessfulHandoverCountOverload,FailedHandoverCount,TotalFailedHandoverCount,AvgQoS,MinQoS,AvgQoS_LoadBased,MinQoS_LoadBased,AvgQoS_RangeBased,MinQoS_RangeBased,GiniLoad,VehicleCount
0,0,0,0,0,0,0,0,1.0,1,1.0,1,1.0,1,0.0,0
1,0,0,0,0,0,0,0,1.0,1,1.0,1,1.0,1,0.5196669869965538,26
2,0,0,0,0,0,0,0,1.0,1,1.0,1,1.0,1,0.5056809412044001,27
3,0,0,0,0,0,0,0,1.0,1,1.0,1,1.0,1,0.5093744382558829,28
4,0,0,0,0,0,0,0,1.0,1,1.0,1,1.0,1,0.513304918433636,29
5,0,0,0,0,0,0,0,1.0,1,1.0,1,1.0,1,0.513304918433636,29
6,0,0,0,0,0,0,0,1.0,1,1.0,1,1.0,1,0.4721163789075401,32
7,2,2,2,0,0,0,0,1.0,1,1.0,1,1.0,1,0.4843256653907884,33
8,0,2,2,0,0,0,0,1.0,1,1.0,1,1.0,1,0.4632249183087079,35
9,2,4,4,0,0,0,0,1.0,1,1.0,1,1.0,1,0.4634167059427742,35
10,3,7,7,0,0,0,0,1.0,1,1.0,1,1.0,1,0.4704792732386065,35
11,0,7,7,0,0,0,0,1.0,1,1.0,1,1.0,1,0.45620664217509044,35
12,2,9,9,0,0,0,0,1.0,1,1.0,1,1.0,1,0.4473190094935782,34
13,1,10,10,0,0,0,0,1.0,1,1.0,1,1.0,1,0.426571576990106,32
14,3,13,13,0,0,0,0,1.0,1,1.0,1,1.0,1,0.44450479236004703,31
15,0,13,13,0,0,0,0,1.0,1,1.0,1,1.0,1,0.4327607861639252,30
16,2,15,15,0,0,0,0,1.0,1,1.0,1,1.0,1,0.4370330077135597,30
17,1,16,16,0,0,0,0,1.0,1,1.0,1,1.0,1,0.4487245475842983,29
18,0,16,16,0,0,0,0,1.0,1,1.0,1,1.0,1,0.4487245475842983,29
19,1,17,17,0,0,0,0,1.0,1,1.0,1,1.0,1,0.45634753712711396,28
20,1,18,18,0,0,0,0,1.0,1,1.0,1,1.0,1,0.4554552770253597,28
21,1,19,19,0,0,0,0,1.0,1,1.0,1,1.0,1,0.4296199213179029,28
22,4,23,23,0,0,0,0,1.0,1,1.0,1,1.0,1,0.5089036060233402,28
23,3,26,26,0,0,0,0,1.0,1,1.0,1,1.0,1,0.5242883884144357,27
24,7,33,33,0,0,0,0,1.0,1,1.0,1,1.0,1,0.5508618926964797,28
25,2,35,35,0,0,0,0,1.0,1,1.0,1,1.0,1,0.5474417746282831,28
26,1,36,36,0,0,0,0,1.0,1,1.0,1,1.0,1,0.566483568272449,30
27,1,37,37,0,0,0,0,1.0,1,1.0,1,1.0,1,0.526576783378747,30
28,2,39,39,0,0,0,0,1.0,1,1.0,1,1.0,1,0.5474886042844878,31
29,2,41,41,0,0,0,0,1.0,1,1.0,1,1.0,1,0.48835312833767686,30
30,1,42,42,0,0,0,0,1.0,1,1.0,1,1.0,1,0.49537337310126284,30
31,2,44,44,0,0,0,0,1.0,1,1.0,1,1.0,1,0.4942537799353034,31
32,0,44,44,0,0,0,0,1.0,1,1.0,1,1.0,1,0.5039003639450893,31
33,1,45,45,0,0,0,0,1.0,1,1.0,1,1.0,1,0.5108924686920191,31
34,1,46,46,0,0,0,0,1.0,1,1.0,1,1.0,1,0.5437595978259252,29
35,1,47,47,0,0,0,0,1.0,1,1.0,1,1.0,1,0.5113412121387394,30
36,0,47,47,0,0,0,0,1.0,1,1.0,1,1.0,1,0.516693082582914,30
37,1,48,48,0,0,0,0,1.0,1,1.0,1,1.0,1,0.52511139194162,31
38,1,49,49,0,0,0,0,1.0,1,1.0,1,1.0,1,0.5322619977400569,32
39,0,49,49,0,0,0,0,1.0,1,1.0,1,1.0,1,0.5130067213304028,36
40,0,49,49,0,0,0,0,1.0,1,1.0,1,1.0,1,0.511170417177768,37
41,2,51,51,0,0,0,0,1.0,1,1.0,1,1.0,1,0.5153797909539468,37
42,0,51,51,0,0,0,0,1.0,1,1.0,1,1.0,1,0.5146541561354742,38
43,2,53,53,0,0,0,0,1.0,1,1.0,1,1.0,1,0.5274963528228364,40
44,0,53,53,0,0,0,0,1.0,1,1.0,1,1.0,1,0.5172238099956997,39
45,0,53,53,0,0,0,0,1.0,1,1.0,1,1.0,1,0.5037423583860263,40
46,0,53,53,0,0,0,0,1.0,1,1.0,1,1.0,1,0.49094711515813605,39
47,1,54,54,0,0,0,0,1.0,1,1.0,1,1.0,1,0.49701761586662846,39
48,2,56,56,0,0,0,0,1.0,1,1.0,1,1.0,1,0.5133504615579553,39
49,2,58,58,0,0,0,0,1.0,1,1.0,1,1.0,1,0.5343060567943326,37
50,0,58,58,0,0,0,0,1.0,1,1.0,1,1.0,1,0.52314080406901,35
51,1,59,59,0,0,0,0,1.0,1,1.0,1,1.0,1,0.5359748836032298,34
52,0,59,59,0,0,0,0,1.0,1,1.0,1,1.0,1,0.5480590335804209,34
53,1,60,60,0,0,0,0,1.0,1,1.0,1,1.0,1,0.5659470425198094,35
54,0,60,60,0,0,0,0,1.0,1,1.0,1,1.0,1,0.5637345789989472,36
55,2,62,62,0,0,0,0,1.0,1,1.0,1,1.0,1,0.5620829673651483,36
56,4,66,66,0,0,0,0,1.0,1,1.0,1,1.0,1,0.5969846034628266,36
57,0,66,66,0,0,0,0,1.0,1,1.0,1,1.0,1,0.5925661151200277,37
58,4,70,70,0,0,0,0,1.0,1,1.0,1,1.0,1,0.5656420741365795,38
59,3,73,73,0,0,0,0,1.0,1,1.0,1,1.0,1,0.5669742953899077,37
60,2,75,75,0,0,0,0,1.0,1,1.0,1,1.0,1,0.5405235304966911,38
61,3,78,78,0,0,0,0,1.0,1,1.0,1,1.0,1,0.530192631289487,37
62,3,81,81,0,0,0,0,1.0,1,1.0,1,1.0,1,0.5412693924699141,39
63,1,82,82,0,0,0,0,1.0,1,1.0,1,1.0,1,0.5677897294692953,39
64,2,84,84,0,0,0,0,1.0,1,1.0,1,1.0,1,0.5637497702951428,38
65,2,86,86,0,0,0,0,1.0,1,1.0,1,1.0,1,0.5419322438933065,39
66,1,87,87,0,0,0,0,1.0,1,1.0,1,1.0,1,0.5752308238642739,39
67,1,88,88,0,0,0,0,1.0,1,1.0,1,1.0,1,0.563274067544829,36
68,2,90,90,0,0,0,0,1.0,1,1.0,1,1.0,1,0.573557486183359,36
69,0,90,90,0,0,0,0,1.0,1,1.0,1,1.0,1,0.5755121058344992,37
70,0,90,90,0,0,0,0,1.0,1,1.0,1,1.0,1,0.5868080107773157,36
71,2,92,92,0,0,0,0,1.0,1,1.0,1,1.0,1,0.5676982599494965,38
72,1,93,93,0,0,0,0,1.0,1,1.0,1,1.0,1,0.5588789152413356,38
73,1,94,94,0,0,0,0,1.0,1,1.0,1,1.0,1,0.558807170011722,37
74,0,94,94,0,0,0,0,1.0,1,1.0,1,1.0,1,0.5560471566191116,38
75,0,94,94,0,0,0,0,1.0,1,1.0,1,1.0,1,0.5560471566191116,38
76,1,95,95,0,0,0,0,1.0,1,1.0,1,1.0,1,0.5464099186811686,39
77,0,95,95,0,0,0,0,1.0,1,1.0,1,1.0,1,0.5530681202663178,40
78,1,96,96,0,0,0,0,1.0,1,1.0,1,1.0,1,0.5312395046773666,41
79,0,96,96,0,0,0,0,1.0,1,1.0,1,1.0,1,0.5312395046773666,41
80,0,96,96,0,0,0,0,1.0,1,1.0,1,1.0,1,0.5312395046773666,41
81,1,97,97,0,0,0,0,1.0,1,1.0,1,1.0,1,0.5201708379233422,41
82,0,97,97,0,0,0,0,1.0,1,1.0,1,1.0,1,0.5199012238101663,44
83,0,97,97,0,0,0,0,1.0,1,1.0,1,1.0,1,0.5199012238101663,44
84,2,99,99,0,0,0,0,1.0,1,1.0,1,1.0,1,0.5383615936156168,45
85,1,100,100,0,0,0,0,1.0,1,1.0,1,1.0,1,0.5541408048941235,45
86,1,101,101,0,0,0,0,1.0,1,1.0,1,1.0,1,0.5617321324800951,45
87,1,102,102,0,0,0,0,1.0,1,1.0,1,1.0,1,0.5773108663327396,44
88,1,103,103,0,0,0,0,1.0,1,1.0,1,1.0,1,0.5930723956240098,44
89,2,105,105,0,0,0,0,1.0,1,1.0,1,1.0,1,0.5758631338270724,43
90,0,105,105,0,0,0,0,1.0,1,1.0,1,1.0,1,0.5857655313568361,44
91,1,106,106,0,0,0,0,1.0,1,1.0,1,1.0,1,0.6008834210765476,44
92,0,106,106,0,0,0,0,1.0,1,1.0,1,1.0,1,0.598962915745482,43
93,0,106,106,0,0,0,0,1.0,1,1.0,1,1.0,1,0.6067869534126096,44
94,0,106,106,0,0,0,0,1.0,1,1.0,1,1.0,1,0.6067869534126096,44
95,1,107,107,0,0,0,0,1.0,1,1.0,1,1.0,1,0.6002680347812972,43
96,1,108,108,0,0,0,0,1.0,1,1.0,1,1.0,1,0.5970897472080217,44
97,0,108,108,0,0,0,0,1.0,1,1.0,1,1.0,1,0.5970897472080217,44
98,2,110,110,0,0,0,0,1.0,1,1.0,1,1.0,1,0.6056834661125802,43
99,1,111,111,0,0,0,0,1.0,1,1.0,1,1.0,1,0.5951672509624067,43
100,1,112,112,0,0,0,0,1.0,1,1.0,1,1.0,1,0.6032550855496073,47
101,0,112,112,0,0,0,0,1.0,1,1.0,1,1.0,1,0.6032550855496073,47
102,2,114,114,0,0,0,0,1.0,1,1.0,1,1.0,1,0.6179043622029567,47
103,4,118,118,0,0,0,0,1.0,1,1.0,1,1.0,1,0.6131596911866168,46
104,3,121,121,0,0,0,0,1.0,1,1.0,1,1.0,1,0.6103357235314116,45
105,1,122,122,0,0,0,0,1.0,1,1.0,1,1.0,1,0.5982200984875012,44
106,5,127,127,0,0,0,0,1.0,1,1.0,1,1.0,1,0.5302313889655423,45
107,1,128,128,0,0,0,0,1.0,1,1.0,1,1.0,1,0.5340068559369265,44
108,5,133,133,0,0,0,0,1.0,1,1.0,1,1.0,1,0.5069258329346166,46
109,5,138,138,0,0,0,0,1.0,1,1.0,1,1.0,1,0.5368409004049834,46
110,2,140,140,0,0,0,0,1.0,1,1.0,1,1.0,1,0.5402011790685324,46
111,3,143,143,0,0,0,0,1.0,1,1.0,1,1.0,1,0.4915499555937295,46
112,3,146,146,0,0,0,0,1.0,1,1.0,1,1.0,1,0.528240293295278,46
113,1,147,147,0,0,0,0,1.0,1,1.0,1,1.0,1,0.5255839259865287,46
114,3,150,150,0,0,0,0,1.0,1,1.0,1,1.0,1,0.5433067821303824,46
115,1,151,151,0,0,0,0,1.0,1,1.0,1,1.0,1,0.5558785238428221,47
116,2,153,153,0,0,0,0,1.0,1,1.0,1,1.0,1,0.5914226849117759,47
117,3,156,156,0,0,0,0,1.0,1,1.0,1,1.0,1,0.6240282543764416,45
118,0,156,156,0,0,0,0,1.0,1,1.0,1,1.0,1,0.6109572980613818,46
119,0,156,156,0,0,0,0,1.0,1,1.0,1,1.0,1,0.6149000370559083,46
120,2,158,158,0,0,0,0,1.0,1,1.0,1,1.0,1,0.5988946779057431,47
121,2,160,160,0,0,0,0,1.0,1,1.0,1,1.0,1,0.6025780001091156,46
122,2,162,162,0,0,0,0,1.0,1,1.0,1,1.0,1,0.5942905988718732,46
123,0,162,162,0,0,0,0,1.0,1,1.0,1,1.0,1,0.5976310655230599,45
124,1,163,163,0,0,0,0,1.0,1,1.0,1,1.0,1,0.6022366584318309,46
125,0,163,163,0,0,0,0,1.0,1,1.0,1,1.0,1,0.5997467605821412,44
126,0,163,163,0,0,0,0,1.0,1,1.0,1,1.0,1,0.6007926886106538,45
127,0,163,163,0,0,0,0,1.0,1,1.0,1,1.0,1,0.6002088182847518,45
128,0,163,163,0,0,0,0,1.0,1,1.0,1,1.0,1,0.59542584766443,46
129,1,164,164,0,0,0,0,1.0,1,1.0,1,1.0,1,0.5777244909266077,48
130,2,166,166,0,0,0,0,1.0,1,1.0,1,1.0,1,0.5665619840650453,48
131,0,166,166,0,0,0,0,1.0,1,1.0,1,1.0,1,0.5646593952080367,49
132,2,168,168,0,0,0,0,1.0,1,1.0,1,1.0,1,0.5643710189297929,51
133,4,172,172,0,0,0,0,1.0,1,1.0,1,1.0,1,0.5683696262844297,49
134,4,176,176,0,0,0,0,1.0,1,1.0,1,1.0,1,0.580321337555157,49
135,0,176,176,0,0,0,0,1.0,1,1.0,1,1.0,1,0.5722268337278212,49
136,4,180,180,0,0,0,0,1.0,1,1.0,1,1.0,1,0.5968829314761963,48
137,0,180,180,0,0,0,0,1.0,1,1.0,1,1.0,1,0.6003640705677508,47
138,5,185,185,0,0,0,0,1.0,1,1.0,1,1.0,1,0.5851563453364552,48
139,4,189,189,0,0,0,0,1.0,1,1.0,1,1.0,1,0.5755906674820981,48
140,2,191,191,0,0,0,0,1.0,1,1.0,1,1.0,1,0.5661667134805228,49
141,2,193,193,0,0,0,0,1.0,1,1.0,1,1.0,1,0.5390729839124192,49
142,2,195,195,0,0,0,0,1.0,1,1.0,1,1.0,1,0.5283777957655339,49
143,3,198,198,0,0,0,0,1.0,1,1.0,1,1.0,1,0.5237557357317201,47
144,5,203,203,0,0,0,0,1.0,1,1.0,1,1.0,1,0.5232340013416278,46
145,1,204,204,0,0,0,0,1.0,1,1.0,1,1.0,1,0.5331972692174363,44
146,1,205,205,0,0,0,0,1.0,1,1.0,1,1.0,1,0.5386373568664178,44
147,0,205,205,0,0,0,0,1.0,1,1.0,1,1.0,1,0.5447827598148854,43
148,1,206,206,0,0,0,0,1.0,1,1.0,1,1.0,1,0.5668308285499525,43
149,2,208,208,0,0,0,0,1.0,1,1.0,1,1.0,1,0.5918216314169317,43
150,2,210,210,0,0,0,0,1.0,1,1.0,1,1.0,1,0.5691100521621272,42
151,1,211,211,0,0,0,0,1.0,1,1.0,1,1.0,1,0.5900250813809024,42
152,2,213,213,0,0,0,0,1.0,1,1.0,1,1.0,1,0.5622201606103959,42
153,0,213,213,0,0,0,0,1.0,1,1.0,1,1.0,1,0.5667118408166449,42
154,2,215,215,0,0,0,0,1.0,1,1.0,1,1.0,1,0.5684196450492772,43
155,0,215,215,0,0,0,0,1.0,1,1.0,1,1.0,1,0.5789186656143442,43
156,0,215,215,0,0,0,0,1.0,1,1.0,1,1.0,1,0.5767374302045889,42
157,0,215,215,0,0,0,0,1.0,1,1.0,1,1.0,1,0.5943994669770395,41
158,2,217,217,0,0,0,0,1.0,1,1.0,1,1.0,1,0.5705307519953648,42
159,0,217,217,0,0,0,0,1.0,1,1.0,1,1.0,1,0.5583517538482317,43
160,6,223,223,0,0,0,0,1.0,1,1.0,1,1.0,1,0.5927903267625299,44
161,1,224,224,0,0,0,0,1.0,1,1.0,1,1.0,1,0.6180933421553695,44
162,3,227,227,0,0,0,0,1.0,1,1.0,1,1.0,1,0.6249213561172402,45
163,3,230,230,0,0,0,0,1.0,1,1.0,1,1.0,1,0.6555667847949983,43
164,4,234,234,0,0,0,0,1.0,1,1.0,1,1.0,1,0.6509051991655995,42
165,5,239,239,0,0,0,0,1.0,1,1.0,1,1.0,1,0.6688295306598628,42
166,1,240,240,0,0,0,0,1.0,1,1.0,1,1.0,1,0.6648844280079633,42
167,1,241,241,0,0,0,0,1.0,1,1.0,1,1.0,1,0.6580458582559662,41
168,1,242,242,0,0,0,0,1.0,1,1.0,1,1.0,1,0.6641109629697997,40
169,4,246,246,0,0,0,0,1.0,1,1.0,1,1.0,1,0.6113829324786526,40
170,0,246,246,0,0,0,0,1.0,1,1.0,1,1.0,1,0.6206490654385639,38
171,4,250,250,0,0,0,0,1.0,1,1.0,1,1.0,1,0.6030921820765599,37
172,4,254,254,0,0,0,0,1.0,1,1.0,1,1.0,1,0.6077017281085129,35
173,0,254,254,0,0,0,0,1.0,1,1.0,1,1.0,1,0.609611190409905,36
174,2,256,256,0,0,0,0,1.0,1,1.0,1,1.0,1,0.607166388115984,34
175,0,256,256,0,0,0,0,1.0,1,1.0,1,1.0,1,0.6104225966478037,33
176,1,257,257,0,0,0,0,1.0,1,1.0,1,1.0,1,0.6134646569029563,34
177,1,258,258,0,0,0,0,1.0,1,1.0,1,1.0,1,0.5747718532034903,36
178,4,262,262,0,0,0,0,1.0,1,1.0,1,1.0,1,0.5544308064970056,37
179,1,263,263,0,0,0,0,1.0,1,1.0,1,1.0,1,0.5652896444571918,37
180,2,265,265,0,0,0,0,1.0,1,1.0,1,1.0,1,0.5494117285015632,36
181,3,268,268,0,0,0,0,1.0,1,1.0,1,1.0,1,0.4898203239021908,36
182,2,270,270,0,0,0,0,1.0,1,1.0,1,1.0,1,0.4660587200451148,38
183,1,271,271,0,0,0,0,1.0,1,1.0,1,1.0,1,0.44513790996772523,37
184,2,273,273,0,0,0,0,1.0,1,1.0,1,1.0,1,0.440608965981265,36
185,0,273,273,0,0,0,0,1.0,1,1.0,1,1.0,1,0.46130203153697297,35
186,2,275,275,0,0,0,0,1.0,1,1.0,1,1.0,1,0.4926764801272125,34
187,3,278,278,0,0,0,0,1.0,1,1.0,1,1.0,1,0.548973710731669,33
188,1,279,279,0,0,0,0,1.0,1,1.0,1,1.0,1,0.564485793367303,33
189,3,282,282,0,0,0,0,1.0,1,1.0,1,1.0,1,0.5801638745091962,33
190,0,282,282,0,0,0,0,1.0,1,1.0,1,1.0,1,0.5907175080994167,32
191,1,283,283,0,0,0,0,1.0,1,1.0,1,1.0,1,0.5985840056477807,34
192,0,283,283,0,0,0,0,1.0,1,1.0,1,1.0,1,0.5985840056477807,34
193,0,283,283,0,0,0,0,1.0,1,1.0,1,1.0,1,0.5948711302519663,35
194,1,284,284,0,0,0,0,1.0,1,1.0,1,1.0,1,0.6035749115739917,37
195,0,284,284,0,0,0,0,1.0,1,1.0,1,1.0,1,0.6124370286352134,36
196,0,284,284,0,0,0,0,1.0,1,1.0,1,1.0,1,0.6124370286352134,36
197,1,285,285,0,0,0,0,1.0,1,1.0,1,1.0,1,0.5900989381727234,37
198,3,288,288,0,0,0,0,1.0,1,1.0,1,1.0,1,0.6083732401970301,37
199,0,288,288,0,0,0,0,1.0,1,1.0,1,1.0,1,0.6083732401970301,37
200,2,290,290,0,0,0,0,1.0,1,1.0,1,1.0,1,0.6184761961858535,37
201,1,291,291,0,0,0,0,1.0,1,1.0,1,1.0,1,0.612548128802338,36
202,2,293,293,0,0,0,0,1.0,1,1.0,1,1.0,1,0.6169152744916795,36
203,3,296,296,0,0,0,0,1.0,1,1.0,1,1.0,1,0.5907300297188982,35
204,3,299,299,0,0,0,0,1.0,1,1.0,1,1.0,1,0.5765136640766548,35
205,5,304,304,0,0,0,0,1.0,1,1.0,1,1.0,1,0.552331252228322,35
206,2,306,306,0,0,0,0,1.0,1,1.0,1,1.0,1,0.5348399939012198,34
207,1,307,307,0,0,0,0,1.0,1,1.0,1,1.0,1,0.5474229763738182,34
208,3,310,310,0,0,0,0,1.0,1,1.0,1,1.0,1,0.513355125172426,33
209,0,310,310,0,0,0,0,1.0,1,1.0,1,1.0,1,0.5315715790042517,33
210,2,312,312,0,0,0,0,1.0,1,1.0,1,1.0,1,0.542012206245163,34
211,1,313,313,0,0,0,0,1.0,1,1.0,1,1.0,1,0.581540005023736,33
212,0,313,313,0,0,0,0,1.0,1,1.0,1,1.0,1,0.581540005023736,33
213,1,314,314,0,0,0,0,1.0,1,1.0,1,1.0,1,0.5804144904584958,35
214,3,317,317,0,0,0,0,1.0,1,1.0,1,1.0,1,0.6120169549549032,34
215,1,318,318,0,0,0,0,1.0,1,1.0,1,1.0,1,0.6166687556245163,35
216,1,319,319,0,0,0,0,1.0,1,1.0,1,1.0,1,0.6208320622329149,36
217,1,320,320,0,0,0,0,1.0,1,1.0,1,1.0,1,0.6435421506744038,36
218,3,323,323,0,0,0,0,1.0,1,1.0,1,1.0,1,0.6311915289055255,36
219,0,323,323,0,0,0,0,1.0,1,1.0,1,1.0,1,0.6123932064484858,37
220,3,326,326,0,0,0,0,1.0,1,1.0,1,1.0,1,0.5638148162901249,38
221,1,327,327,0,0,0,0,1.0,1,1.0,1,1.0,1,0.554452446911495,37
222,2,329,329,0,0,0,0,1.0,1,1.0,1,1.0,1,0.5343953506941377,38
223,3,332,332,0,0,0,0,1.0,1,1.0,1,1.0,1,0.503135836256396,38
224,2,334,334,0,0,0,0,1.0,1,1.0,1,1.0,1,0.5306857446925229,38
225,1,335,335,0,0,0,0,1.0,1,1.0,1,1.0,1,0.5408344885811288,36
226,2,337,337,0,0,0,0,1.0,1,1.0,1,1.0,1,0.5712786846997949,37
227,4,341,341,0,0,0,0,1.0,1,1.0,1,1.0,1,0.5897726419903143,35
228,3,344,344,0,0,0,0,1.0,1,1.0,1,1.0,1,0.580656928234412,35
229,3,347,347,0,0,0,0,1.0,1,1.0,1,1.0,1,0.606779593764941,35
230,1,348,348,0,0,0,0,1.0,1,1.0,1,1.0,1,0.5864441904143806,35
231,4,352,352,0,0,0,0,1.0,1,1.0,1,1.0,1,0.5754567550494557,35
232,3,355,355,0,0,0,0,1.0,1,1.0,1,1.0,1,0.5689779194121034,36
233,2,357,357,0,0,0,0,1.0,1,1.0,1,1.0,1,0.5439366269223977,36
234,1,358,358,0,0,0,0,1.0,1,1.0,1,1.0,1,0.563120591422353,34
235,2,360,360,0,0,0,0,1.0,1,1.0,1,1.0,1,0.5848821294263891,33
236,2,362,362,0,0,0,0,1.0,1,1.0,1,1.0,1,0.5623225958828824,31
237,2,364,364,0,0,0,0,1.0,1,1.0,1,1.0,1,0.5091139277267516,32
238,0,364,364,0,0,0,0,1.0,1,1.0,1,1.0,1,0.5219401538129973,31
239,2,366,366,0,0,0,0,1.0,1,1.0,1,1.0,1,0.5288599687164779,30
240,1,367,367,0,0,0,0,1.0,1,1.0,1,1.0,1,0.5559955387153852,27
241,5,372,372,0,0,0,0,1.0,1,1.0,1,1.0,1,0.6053246938222581,27
242,0,372,372,0,0,0,0,1.0,1,1.0,1,1.0,1,0.578713850234753,28
243,2,374,374,0,0,0,0,1.0,1,1.0,1,1.0,1,0.5970413570833102,28
244,1,375,375,0,0,0,0,1.0,1,1.0,1,1.0,1,0.5942757308340082,27
245,1,376,376,0,0,0,0,1.0,1,1.0,1,1.0,1,0.612200719990354,27
246,1,377,377,0,0,0,0,1.0,1,1.0,1,1.0,1,0.632772394932689,25
247,0,377,377,0,0,0,0,1.0,1,1.0,1,1.0,1,0.6194457652313698,24
248,0,377,377,0,0,0,0,1.0,1,1.0,1,1.0,1,0.6204563295952017,24
249,0,377,377,0,0,0,0,1.0,1,1.0,1,1.0,1,0.6315438557543652,25
250,0,377,377,0,0,0,0,1.0,1,1.0,1,1.0,1,0.6193646128294632,27
251,0,377,377,0,0,0,0,1.0,1,1.0,1,1.0,1,0.6193646128294632,27
252,1,378,378,0,0,0,0,1.0,1,1.0,1,1.0,1,0.6099726316913238,27
253,0,378,378,0,0,0,0,1.0,1,1.0,1,1.0,1,0.599107947284829,29
254,1,379,379,0,0,0,0,1.0,1,1.0,1,1.0,1,0.58978222457522,30
255,0,379,379,0,0,0,0,1.0,1,1.0,1,1.0,1,0.5842658107697541,31
256,2,381,381,0,0,0,0,1.0,1,1.0,1,1.0,1,0.6130572402083039,31
257,0,381,381,0,0,0,0,1.0,1,1.0,1,1.0,1,0.6053622796491782,33
258,3,384,384,0,0,0,0,1.0,1,1.0,1,1.0,1,0.5381930398575592,33
259,2,386,386,0,0,0,0,1.0,1,1.0,1,1.0,1,0.49969686740960784,33
260,4,390,390,0,0,0,0,1.0,1,1.0,1,1.0,1,0.4146727533301531,35
261,2,392,392,0,0,0,0,1.0,1,1.0,1,1.0,1,0.3971461176531801,35
262,1,393,393,0,0,0,0,1.0,1,1.0,1,1.0,1,0.42798266772508176,35
263,1,394,394,0,0,0,0,1.0,1,1.0,1,1.0,1,0.47244525175957985,34
264,1,395,395,0,0,0,0,1.0,1,1.0,1,1.0,1,0.521316943932214,32
265,2,397,397,0,0,0,0,1.0,1,1.0,1,1.0,1,0.5026382561186729,30
266,2,399,399,0,0,0,0,1.0,1,1.0,1,1.0,1,0.5019271181682394,31
267,2,401,401,0,0,0,0,1.0,1,1.0,1,1.0,1,0.49931264856670765,30
268,2,403,403,0,0,0,0,1.0,1,1.0,1,1.0,1,0.5124481654504606,31
269,1,404,404,0,0,0,0,1.0,1,1.0,1,1.0,1,0.5354718731537381,31
270,2,406,406,0,0,0,0,1.0,1,1.0,1,1.0,1,0.5726678429933131,32
271,1,407,407,0,0,0,0,1.0,1,1.0,1,1.0,1,0.5966076484146068,31
272,1,408,408,0,0,0,0,1.0,1,1.0,1,1.0,1,0.6475464806329964,32
273,0,408,408,0,0,0,0,1.0,1,1.0,1,1.0,1,0.6475464806329964,32
274,2,410,410,0,0,0,0,1.0,1,1.0,1,1.0,1,0.6472404678559344,32
275,0,410,410,0,0,0,0,1.0,1,1.0,1,1.0,1,0.6249858718102367,33
276,2,412,412,0,0,0,0,1.0,1,1.0,1,1.0,1,0.6431861998961809,34
277,2,414,414,0,0,0,0,1.0,1,1.0,1,1.0,1,0.6367438748568152,32
278,1,415,415,0,0,0,0,1.0,1,1.0,1,1.0,1,0.6337649535993792,31
279,1,416,416,0,0,0,0,1.0,1,1.0,1,1.0,1,0.6260928707314218,31
280,0,416,416,0,0,0,0,1.0,1,1.0,1,1.0,1,0.6244302510963577,30
281,1,417,417,0,0,0,0,1.0,1,1.0,1,1.0,1,0.5948465978716512,31
282,2,419,419,0,0,0,0,1.0,1,1.0,1,1.0,1,0.5386091699923804,30
283,1,420,420,0,0,0,0,1.0,1,1.0,1,1.0,1,0.5470536324686828,31
284,2,422,422,0,0,0,0,1.0,1,1.0,1,1.0,1,0.5336861788304413,31
285,4,426,426,0,0,0,0,1.0,1,1.0,1,1.0,1,0.5799962134264696,31
286,0,426,426,0,0,0,0,1.0,1,1.0,1,1.0,1,0.5799962134264696,31
287,1,427,427,0,0,0,0,1.0,1,1.0,1,1.0,1,0.6165401359674281,33
288,0,427,427,0,0,0,0,1.0,1,1.0,1,1.0,1,0.6038686699651531,32
289,0,427,427,0,0,0,0,1.0,1,1.0,1,1.0,1,0.6027023257807034,32
290,0,427,427,0,0,0,0,1.0,1,1.0,1,1.0,1,0.6011686321470195,31
291,1,428,428,0,0,0,0,1.0,1,1.0,1,1.0,1,0.6053516425382381,30
292,1,429,429,0,0,0,0,1.0,1,1.0,1,1.0,1,0.5826815783442055,32
293,0,429,429,0,0,0,0,1.0,1,1.0,1,1.0,1,0.5826815783442055,32
294,0,429,429,0,0,0,0,1.0,1,1.0,1,1.0,1,0.5826815783442055,32
295,1,430,430,0,0,0,0,1.0,1,1.0,1,1.0,1,0.5756426441342464,34
296,1,431,431,0,0,0,0,1.0,1,1.0,1,1.0,1,0.5796361648074592,34
297,1,432,432,0,0,0,0,1.0,1,1.0,1,1.0,1,0.5953547925843948,34
298,2,434,434,0,0,0,0,1.0,1,1.0,1,1.0,1,0.5542946957180447,35
299,0,434,434,0,0,0,0,1.0,1,1.0,1,1.0,1,0.5468983545752869,35
300,2,436,436,0,0,0,0,1.0,1,1.0,1,1.0,1,0.5432708661815364,35
301,1,437,437,0,0,0,0,1.0,1,1.0,1,1.0,1,0.5410027314562954,38
302,2,439,439,0,0,0,0,1.0,1,1.0,1,1.0,1,0.5606408235406615,38
303,3,442,442,0,0,0,0,1.0,1,1.0,1,1.0,1,0.5913817788383142,37
304,0,442,442,0,0,0,0,1.0,1,1.0,1,1.0,1,0.6014665959532907,37
305,2,444,444,0,0,0,0,1.0,1,1.0,1,1.0,1,0.6477875395700151,36
306,1,445,445,0,0,0,0,1.0,1,1.0,1,1.0,1,0.6560260385942568,36
307,1,446,446,0,0,0,0,1.0,1,1.0,1,1.0,1,0.6533078876297016,35
308,1,447,447,0,0,0,0,1.0,1,1.0,1,1.0,1,0.6362558853636335,37
309,0,447,447,0,0,0,0,1.0,1,1.0,1,1.0,1,0.6362558853636335,37
310,0,447,447,0,0,0,0,1.0,1,1.0,1,1.0,1,0.6362558853636335,37
311,1,448,448,0,0,0,0,1.0,1,1.0,1,1.0,1,0.6041711188854357,39
312,1,449,449,0,0,0,0,1.0,1,1.0,1,1.0,1,0.6154623063018506,40
313,0,449,449,0,0,0,0,1.0,1,1.0,1,1.0,1,0.6194632750641204,39
314,1,450,450,0,0,0,0,1.0,1,1.0,1,1.0,1,0.6124600087730319,40
315,1,451,451,0,0,0,0,1.0,1,1.0,1,1.0,1,0.6024786536126766,39
316,1,452,452,0,0,0,0,1.0,1,1.0,1,1.0,1,0.6108078364962173,39
317,1,453,453,0,0,0,0,1.0,1,1.0,1,1.0,1,0.6255092005399409,40
318,1,454,454,0,0,0,0,1.0,1,1.0,1,1.0,1,0.6368929178499302,41
319,1,455,455,0,0,0,0,1.0,1,1.0,1,1.0,1,0.6446139620592101,41
320,3,458,458,0,0,0,0,1.0,1,1.0,1,1.0,1,0.6236527599317666,41
321,1,459,459,0,0,0,0,1.0,1,1.0,1,1.0,1,0.6125798712905742,41
322,2,461,461,0,0,0,0,1.0,1,1.0,1,1.0,1,0.6246911098580216,41
323,0,461,461,0,0,0,0,1.0,1,1.0,1,1.0,1,0.6246911098580216,41
324,2,463,463,0,0,0,0,1.0,1,1.0,1,1.0,1,0.6373763072947681,42
325,1,464,464,0,0,0,0,1.0,1,1.0,1,1.0,1,0.6477792088733777,42
326,1,465,465,0,0,0,0,1.0,1,1.0,1,1.0,1,0.6673284864064123,42
327,0,465,465,0,0,0,0,1.0,1,1.0,1,1.0,1,0.6673284864064123,42
328,1,466,466,0,0,0,0,1.0,1,1.0,1,1.0,1,0.6527317474721542,43
329,0,466,466,0,0,0,0,1.0,1,1.0,1,1.0,1,0.6527317474721542,43
330,0,466,466,0,0,0,0,1.0,1,1.0,1,1.0,1,0.6347445100036626,45
331,2,468,468,0,0,0,0,1.0,1,1.0,1,1.0,1,0.6233717329250343,45
332,1,469,469,0,0,0,0,1.0,1,1.0,1,1.0,1,0.6370657335950766,45
333,1,470,470,0,0,0,0,1.0,1,1.0,1,1.0,1,0.6391250817708357,46
334,1,471,471,0,0,0,0,1.0,1,1.0,1,1.0,1,0.6260574746822863,48
335,1,472,472,0,0,0,0,1.0,1,1.0,1,1.0,1,0.636275835192866,48
336,0,472,472,0,0,0,0,1.0,1,1.0,1,1.0,1,0.636275835192866,48
337,0,472,472,0,0,0,0,1.0,1,1.0,1,1.0,1,0.6369633761610135,49
338,1,473,473,0,0,0,0,1.0,1,1.0,1,1.0,1,0.6427460697077227,50
339,0,473,473,0,0,0,0,1.0,1,1.0,1,1.0,1,0.6427460697077227,50
340,1,474,474,0,0,0,0,1.0,1,1.0,1,1.0,1,0.6288548621575167,50
341,1,475,475,0,0,0,0,1.0,1,1.0,1,1.0,1,0.6068527244218683,51
342,0,475,475,0,0,0,0,1.0,1,1.0,1,1.0,1,0.6068527244218683,51
343,2,477,477,0,0,0,0,1.0,1,1.0,1,1.0,1,0.5948848568207786,51
344,0,477,477,0,0,0,0,1.0,1,1.0,1,1.0,1,0.6031086886481974,50
345,2,479,479,0,0,0,0,1.0,1,1.0,1,1.0,1,0.5844947299229601,51
346,1,480,480,0,0,0,0,1.0,1,1.0,1,1.0,1,0.5911583009069685,51
347,5,485,485,0,0,0,0,1.0,1,1.0,1,1.0,1,0.6295842094510058,51
348,3,488,488,0,0,0,0,1.0,1,1.0,1,1.0,1,0.6093965761630785,53
349,0,488,488,0,0,0,0,1.0,1,1.0,1,1.0,1,0.6080249247940176,55
350,1,489,489,0,0,0,0,1.0,1,1.0,1,1.0,1,0.6221220824225528,54
351,4,493,493,0,0,0,0,1.0,1,1.0,1,1.0,1,0.592575221213677,54
352,2,495,495,0,0,0,0,1.0,1,1.0,1,1.0,1,0.6116040026942233,53
353,5,500,500,0,0,0,0,1.0,1,1.0,1,1.0,1,0.6066477375015633,53
354,1,501,501,0,0,0,0,1.0,1,1.0,1,1.0,1,0.6170461194415646,50
355,1,502,502,0,0,0,0,1.0,1,1.0,1,1.0,1,0.616213913386278,51
356,1,503,503,0,0,0,0,1.0,1,1.0,1,1.0,1,0.6093084169708476,51
357,4,507,507,0,0,0,0,1.0,1,1.0,1,1.0,1,0.6365448464482759,50
358,3,510,510,0,0,0,0,1.0,1,1.0,1,1.0,1,0.6414616070024451,48
359,1,511,511,0,0,0,0,1.0,1,1.0,1,1.0,1,0.645336733142513,47
360,2,513,513,0,0,0,0,1.0,1,1.0,1,1.0,1,0.6367424261986201,45
361,1,514,514,0,0,0,0,1.0,1,1.0,1,1.0,1,0.6403775972780714,44
362,1,515,515,0,0,0,0,1.0,1,1.0,1,1.0,1,0.6401814229084941,44
363,2,517,517,0,0,0,0,1.0,1,1.0,1,1.0,1,0.6333735819496127,44
364,2,519,519,0,0,0,0,1.0,1,1.0,1,1.0,1,0.6145329334622688,43
365,2,521,521,0,0,0,0,1.0,1,1.0,1,1.0,1,0.620155187910865,43
366,2,523,523,0,0,0,0,1.0,1,1.0,1,1.0,1,0.6220234527285098,45
367,0,523,523,0,0,0,0,1.0,1,1.0,1,1.0,1,0.6336964729200993,44
368,2,525,525,0,0,0,0,1.0,1,1.0,1,1.0,1,0.6059949619981208,46
369,1,526,526,0,0,0,0,1.0,1,1.0,1,1.0,1,0.6280542253656735,45
370,0,526,526,0,0,0,0,1.0,1,1.0,1,1.0,1,0.6158098352812084,46
371,0,526,526,0,0,0,0,1.0,1,1.0,1,1.0,1,0.6331020891244539,47
372,0,526,526,0,0,0,0,1.0,1,1.0,1,1.0,1,0.6235423389537915,48
373,0,526,526,0,0,0,0,1.0,1,1.0,1,1.0,1,0.6235423389537915,48
374,3,529,529,0,0,0,0,1.0,1,1.0,1,1.0,1,0.6354312431538265,49
375,0,529,529,0,0,0,0,1.0,1,1.0,1,1.0,1,0.6354312431538265,49
376,4,533,533,0,0,0,0,1.0,1,1.0,1,1.0,1,0.6455375939114854,49
377,2,535,535,0,0,0,0,1.0,1,1.0,1,1.0,1,0.662766302614399,49
378,2,537,537,0,0,0,0,1.0,1,1.0,1,1.0,1,0.6638620735031381,49
379,1,538,538,0,0,0,0,1.0,1,1.0,1,1.0,1,0.6426364632137495,50
380,3,541,541,0,0,0,0,1.0,1,1.0,1,1.0,1,0.646655892471919,50
381,1,542,542,0,0,0,0,1.0,1,1.0,1,1.0,1,0.6224365848427432,51
382,4,546,546,0,0,0,0,1.0,1,1.0,1,1.0,1,0.5874618837809246,50
383,2,548,548,0,0,0,0,1.0,1,1.0,1,1.0,1,0.5902455837193684,51
384,4,552,552,0,0,0,0,1.0,1,1.0,1,1.0,1,0.5970675847907864,50
385,2,554,554,0,0,0,0,1.0,1,1.0,1,1.0,1,0.579124020133579,50
386,2,556,556,0,0,0,0,1.0,1,1.0,1,1.0,1,0.6005534598434668,48
387,1,557,557,0,0,0,0,1.0,1,1.0,1,1.0,1,0.5938635594486342,47
388,2,559,559,0,0,0,0,1.0,1,1.0,1,1.0,1,0.5965490960218385,48
389,1,560,560,0,0,0,0,1.0,1,1.0,1,1.0,1,0.5923410763980113,47
390,5,565,565,0,0,0,0,1.0,1,1.0,1,1.0,1,0.5474065633931178,49
391,4,569,569,0,0,0,0,1.0,1,1.0,1,1.0,1,0.5533685262059439,46
392,2,571,571,0,0,0,0,1.0,1,1.0,1,1.0,1,0.5552882166764245,46
393,4,575,575,0,0,0,0,1.0,1,1.0,1,1.0,1,0.5579501231335772,44
394,0,575,575,0,0,0,0,1.0,1,1.0,1,1.0,1,0.5674576796360127,43
395,3,578,578,0,0,0,0,1.0,1,1.0,1,1.0,1,0.5950362901751629,42
396,1,579,579,0,0,0,0,1.0,1,1.0,1,1.0,1,0.6145225548913893,39
397,2,581,581,0,0,0,0,1.0,1,1.0,1,1.0,1,0.6456320590993692,39
398,1,582,582,0,0,0,0,1.0,1,1.0,1,1.0,1,0.6595887313170328,36
399,0,582,582,0,0,0,0,1.0,1,1.0,1,1.0,1,0.6595887313170328,36
400,2,584,584,0,0,0,0,1.0,1,1.0,1,1.0,1,0.6860509949780319,34
401,1,585,585,0,0,0,0,1.0,1,1.0,1,1.0,1,0.699704357295725,33
402,0,585,585,0,0,0,0,1.0,1,1.0,1,1.0,1,0.683114957450355,34
403,0,585,585,0,0,0,0,1.0,1,1.0,1,1.0,1,0.6684331217077945,36
404,0,585,585,0,0,0,0,1.0,1,1.0,1,1.0,1,0.6684331217077945,36
405,0,585,585,0,0,0,0,1.0,1,1.0,1,1.0,1,0.645096959209499,37
406,0,585,585,0,0,0,0,1.0,1,1.0,1,1.0,1,0.645096959209499,37
407,3,588,588,0,0,0,0,1.0,1,1.0,1,1.0,1,0.6085990862882558,39
408,2,590,590,0,0,0,0,1.0,1,1.0,1,1.0,1,0.6305811509519927,40
409,1,591,591,0,0,0,0,1.0,1,1.0,1,1.0,1,0.6317730996664193,41
410,1,592,592,0,0,0,0,1.0,1,1.0,1,1.0,1,0.6377784946131676,42
411,0,592,592,0,0,0,0,1.0,1,1.0,1,1.0,1,0.6449651178238912,43
412,2,594,594,0,0,0,0,1.0,1,1.0,1,1.0,1,0.6457092786273575,44
413,1,595,595,0,0,0,0,1.0,1,1.0,1,1.0,1,0.6532866827124809,44
414,1,596,596,0,0,0,0,1.0,1,1.0,1,1.0,1,0.6444556733899556,45
415,0,596,596,0,0,0,0,1.0,1,1.0,1,1.0,1,0.6444556733899556,45
416,1,597,597,0,0,0,0,1.0,1,1.0,1,1.0,1,0.6445718186727833,46
417,1,598,598,0,0,0,0,1.0,1,1.0,1,1.0,1,0.6534065792934189,46
418,3,601,601,0,0,0,0,1.0,1,1.0,1,1.0,1,0.6015239857265807,47
419,0,601,601,0,0,0,0,1.0,1,1.0,1,1.0,1,0.6015239857265807,47
420,3,604,604,0,0,0,0,1.0,1,1.0,1,1.0,1,0.5662983524426142,47
421,1,605,605,0,0,0,0,1.0,1,1.0,1,1.0,1,0.5478805591087996,47
422,3,608,608,0,0,0,0,1.0,1,1.0,1,1.0,1,0.5263836128563217,49
423,4,612,612,0,0,0,0,1.0,1,1.0,1,1.0,1,0.49875083842216844,47
424,1,613,613,0,0,0,0,1.0,1,1.0,1,1.0,1,0.5213870408457102,45
425,2,615,615,0,0,0,0,1.0,1,1.0,1,1.0,1,0.5337985206624715,46
426,4,619,619,0,0,0,0,1.0,1,1.0,1,1.0,1,0.5437017422114779,46
427,4,623,623,0,0,0,0,1.0,1,1.0,1,1.0,1,0.5389644847145312,45
428,4,627,627,0,0,0,0,1.0,1,1.0,1,1.0,1,0.5710782232551472,45
429,2,629,629,0,0,0,0,1.0,1,1.0,1,1.0,1,0.5533400120151183,42
430,2,631,631,0,0,0,0,1.0,1,1.0,1,1.0,1,0.5694564538524746,40
431,3,634,634,0,0,0,0,1.0,1,1.0,1,1.0,1,0.5887415347807455,39
432,1,635,635,0,0,0,0,1.0,1,1.0,1,1.0,1,0.6107212436133033,37
433,3,638,638,0,0,0,0,1.0,1,1.0,1,1.0,1,0.6151099925537646,35
434,2,640,640,0,0,0,0,1.0,1,1.0,1,1.0,1,0.6265788234900784,33
435,0,640,640,0,0,0,0,1.0,1,1.0,1,1.0,1,0.6265788234900784,33
436,0,640,640,0,0,0,0,1.0,1,1.0,1,1.0,1,0.6265788234900784,33
437,1,641,641,0,0,0,0,1.0,1,1.0,1,1.0,1,0.6371711295062589,33
438,0,641,641,0,0,0,0,1.0,1,1.0,1,1.0,1,0.6571922260377357,32
439,4,645,645,0,0,0,0,1.0,1,1.0,1,1.0,1,0.6282300729457431,34
440,0,645,645,0,0,0,0,1.0,1,1.0,1,1.0,1,0.6282300729457431,34
441,1,646,646,0,0,0,0,1.0,1,1.0,1,1.0,1,0.6301616996580816,35
442,1,647,647,0,0,0,0,1.0,1,1.0,1,1.0,1,0.6387808723596524,37
443,5,652,652,0,0,0,0,1.0,1,1.0,1,1.0,1,0.6743095470239948,37
444,1,653,653,0,0,0,0,1.0,1,1.0,1,1.0,1,0.6428298206231667,38
445,0,653,653,0,0,0,0,1.0,1,1.0,1,1.0,1,0.6259362345835929,39
446,1,654,654,0,0,0,0,1.0,1,1.0,1,1.0,1,0.6203103813595011,39
447,1,655,655,0,0,0,0,1.0,1,1.0,1,1.0,1,0.5985686028225626,41
448,2,657,657,0,0,0,0,1.0,1,1.0,1,1.0,1,0.5858293484067564,41
449,0,657,657,0,0,0,0,1.0,1,1.0,1,1.0,1,0.5993306235759145,40
450,1,658,658,0,0,0,0,1.0,1,1.0,1,1.0,1,0.5653624053810197,40
451,0,658,658,0,0,0,0,1.0,1,1.0,1,1.0,1,0.5800686603141898,41
452,1,659,659,0,0,0,0,1.0,1,1.0,1,1.0,1,0.5679420461806424,41
453,1,660,660,0,0,0,0,1.0,1,1.0,1,1.0,1,0.5906879197106576,40
454,0,660,660,0,0,0,0,1.0,1,1.0,1,1.0,1,0.5789712479456894,41
455,3,663,663,0,0,0,0,1.0,1,1.0,1,1.0,1,0.6257811253452217,41
456,0,663,663,0,0,0,0,1.0,1,1.0,1,1.0,1,0.6267213697717084,43
457,1,664,664,0,0,0,0,1.0,1,1.0,1,1.0,1,0.6449936197634856,43
458,3,667,667,0,0,0,0,1.0,1,1.0,1,1.0,1,0.6027442577066366,43
459,1,668,668,0,0,0,0,1.0,1,1.0,1,1.0,1,0.5705217580021716,44
460,1,669,669,0,0,0,0,1.0,1,1.0,1,1.0,1,0.5562019862101175,47
461,2,671,671,0,0,0,0,1.0,1,1.0,1,1.0,1,0.5110093062516886,48
462,2,673,673,0,0,0,0,1.0,1,1.0,1,1.0,1,0.4898534285830858,49
463,1,674,674,0,0,0,0,1.0,1,1.0,1,1.0,1,0.4880316757951072,47
464,4,678,678,0,0,0,0,1.0,1,1.0,1,1.0,1,0.5001454658287245,48
465,4,682,682,0,0,0,0,1.0,1,1.0,1,1.0,1,0.49563407349955185,47
466,6,688,688,0,0,0,0,1.0,1,1.0,1,1.0,1,0.5059452727805361,46
467,7,695,695,0,0,0,0,1.0,1,1.0,1,1.0,1,0.5242593512136133,44
468,3,698,698,0,0,0,0,1.0,1,1.0,1,1.0,1,0.5572801314285689,41
469,3,701,701,0,0,0,0,1.0,1,1.0,1,1.0,1,0.5424822491019627,40
470,2,703,703,0,0,0,0,1.0,1,1.0,1,1.0,1,0.5632948104578114,39
471,3,706,706,0,0,0,0,1.0,1,1.0,1,1.0,1,0.558922547801271,38
472,0,706,706,0,0,0,0,1.0,1,1.0,1,1.0,1,0.5756206837043493,36
473,4,710,710,0,0,0,0,1.0,1,1.0,1,1.0,1,0.558253406695064,36
474,2,712,712,0,0,0,0,1.0,1,1.0,1,1.0,1,0.5524980743508077,34
475,2,714,714,0,0,0,0,1.0,1,1.0,1,1.0,1,0.5515204939048258,34
476,1,715,715,0,0,0,0,1.0,1,1.0,1,1.0,1,0.5520629882714145,32
477,3,718,718,0,0,0,0,1.0,1,1.0,1,1.0,1,0.5901609044919625,32
478,0,718,718,0,0,0,0,1.0,1,1.0,1,1.0,1,0.570411025479686,30
479,1,719,719,0,0,0,0,1.0,1,1.0,1,1.0,1,0.5862482829656391,31
480,0,719,719,0,0,0,0,1.0,1,1.0,1,1.0,1,0.5893410549055342,27
481,1,720,720,0,0,0,0,1.0,1,1.0,1,1.0,1,0.5706701805958049,28
482,2,722,722,0,0,0,0,1.0,1,1.0,1,1.0,1,0.5820610286518755,28
483,2,724,724,0,0,0,0,1.0,1,1.0,1,1.0,1,0.564516262640665,29
484,1,725,725,0,0,0,0,1.0,1,1.0,1,1.0,1,0.5796613248782599,29
485,0,725,725,0,0,0,0,1.0,1,1.0,1,1.0,1,0.5796613248782599,29
486,1,726,726,0,0,0,0,1.0,1,1.0,1,1.0,1,0.5977271881961115,31
487,0,726,726,0,0,0,0,1.0,1,1.0,1,1.0,1,0.6093732943428883,33
488,0,726,726,0,0,0,0,1.0,1,1.0,1,1.0,1,0.6189828528756456,34
489,2,728,728,0,0,0,0,1.0,1,1.0,1,1.0,1,0.6566638649470715,34
490,0,728,728,0,0,0,0,1.0,1,1.0,1,1.0,1,0.6566638649470715,34
491,1,729,729,0,0,0,0,1.0,1,1.0,1,1.0,1,0.6490981093839729,34
492,0,729,729,0,0,0,0,1.0,1,1.0,1,1.0,1,0.6490981093839729,34
493,3,732,732,0,0,0,0,1.0,1,1.0,1,1.0,1,0.6497519010498716,34
494,1,733,733,0,0,0,0,1.0,1,1.0,1,1.0,1,0.6469442877367209,36
495,1,734,734,0,0,0,0,1.0,1,1.0,1,1.0,1,0.6385152156809741,36
496,0,734,734,0,0,0,0,1.0,1,1.0,1,1.0,1,0.6259536287728934,37
497,0,734,734,0,0,0,0,1.0,1,1.0,1,1.0,1,0.6014344298836064,39
498,3,737,737,0,0,0,0,1.0,1,1.0,1,1.0,1,0.5793531900711564,40
499,1,738,738,0,0,0,0,1.0,1,1.0,1,1.0,1,0.5582194019887489,40
500,3,741,741,0,0,0,0,1.0,1,1.0,1,1.0,1,0.53451263349213,42
501,2,743,743,0,0,0,0,1.0,1,1.0,1,1.0,1,0.5133432992017708,42
502,2,745,745,0,0,0,0,1.0,1,1.0,1,1.0,1,0.539317916068443,42
503,1,746,746,0,0,0,0,1.0,1,1.0,1,1.0,1,0.53602897075463,41
504,2,748,748,0,0,0,0,1.0,1,1.0,1,1.0,1,0.5535572692079194,42
505,1,749,749,0,0,0,0,1.0,1,1.0,1,1.0,1,0.5390474649431057,38
506,5,754,754,0,0,0,0,1.0,1,1.0,1,1.0,1,0.5499385441387351,37
507,1,755,755,0,0,0,0,1.0,1,1.0,1,1.0,1,0.5522718946392429,35
508,3,758,758,0,0,0,0,1.0,1,1.0,1,1.0,1,0.5574957478714515,35
509,2,760,760,0,0,0,0,1.0,1,1.0,1,1.0,1,0.5835814363303135,34
510,1,761,761,0,0,0,0,1.0,1,1.0,1,1.0,1,0.6138512868120682,34
511,2,763,763,0,0,0,0,1.0,1,1.0,1,1.0,1,0.5770253065232228,32
512,1,764,764,0,0,0,0,1.0,1,1.0,1,1.0,1,0.6156815491131356,30
513,1,765,765,0,0,0,0,1.0,1,1.0,1,1.0,1,0.6085126364048298,31
514,0,765,765,0,0,0,0,1.0,1,1.0,1,1.0,1,0.6085126364048298,31
515,2,767,767,0,0,0,0,1.0,1,1.0,1,1.0,1,0.6356303027602977,32
516,0,767,767,0,0,0,0,1.0,1,1.0,1,1.0,1,0.6286547139335802,31
517,3,770,770,0,0,0,0,1.0,1,1.0,1,1.0,1,0.5892848526260858,32
518,0,770,770,0,0,0,0,1.0,1,1.0,1,1.0,1,0.5822201790836136,31
519,2,772,772,0,0,0,0,1.0,1,1.0,1,1.0,1,0.5608360659298752,31
520,3,775,775,0,0,0,0,1.0,1,1.0,1,1.0,1,0.5758396260442755,33
521,1,776,776,0,0,0,0,1.0,1,1.0,1,1.0,1,0.5605115399994596,34
522,2,778,778,0,0,0,0,1.0,1,1.0,1,1.0,1,0.5558689341436726,34
523,1,779,779,0,0,0,0,1.0,1,1.0,1,1.0,1,0.5666956916308634,33
524,3,782,782,0,0,0,0,1.0,1,1.0,1,1.0,1,0.5515520130177702,34
525,1,783,783,0,0,0,0,1.0,1,1.0,1,1.0,1,0.5727323879033237,32
526,2,785,785,0,0,0,0,1.0,1,1.0,1,1.0,1,0.5754085251885426,32
527,0,785,785,0,0,0,0,1.0,1,1.0,1,1.0,1,0.5903504424701816,31
528,0,785,785,0,0,0,0,1.0,1,1.0,1,1.0,1,0.5903504424701816,31
529,0,785,785,0,0,0,0,1.0,1,1.0,1,1.0,1,0.6081478536952242,30
530,0,785,785,0,0,0,0,1.0,1,1.0,1,1.0,1,0.6081478536952242,30
531,1,786,786,0,0,0,0,1.0,1,1.0,1,1.0,1,0.6232053301247937,32
532,3,789,789,0,0,0,0,1.0,1,1.0,1,1.0,1,0.6295397290692158,32
533,2,791,791,0,0,0,0,1.0,1,1.0,1,1.0,1,0.6430780304063238,34
534,1,792,792,0,0,0,0,1.0,1,1.0,1,1.0,1,0.6536710218205487,34
535,1,793,793,0,0,0,0,1.0,1,1.0,1,1.0,1,0.6688561404580414,37
536,0,793,793,0,0,0,0,1.0,1,1.0,1,1.0,1,0.6688561404580414,37
537,1,794,794,0,0,0,0,1.0,1,1.0,1,1.0,1,0.6912625219394919,37
538,2,796,796,0,0,0,0,1.0,1,1.0,1,1.0,1,0.6247425913827986,38
539,0,796,796,0,0,0,0,1.0,1,1.0,1,1.0,1,0.6247425913827986,38
540,4,800,800,0,0,0,0,1.0,1,1.0,1,1.0,1,0.598688330700529,38
541,2,802,802,0,0,0,0,1.0,1,1.0,1,1.0,1,0.5864331814620813,39
542,3,805,805,0,0,0,0,1.0,1,1.0,1,1.0,1,0.598557082858108,40
543,3,808,808,0,0,0,0,1.0,1,1.0,1,1.0,1,0.6202484476375282,37
544,0,808,808,0,0,0,0,1.0,1,1.0,1,1.0,1,0.6187614942123834,35
545,2,810,810,0,0,0,0,1.0,1,1.0,1,1.0,1,0.5985135210675819,35
546,3,813,813,0,0,0,0,1.0,1,1.0,1,1.0,1,0.59890281512405,35
547,4,817,817,0,0,0,0,1.0,1,1.0,1,1.0,1,0.6463171655471164,34
548,2,819,819,0,0,0,0,1.0,1,1.0,1,1.0,1,0.635425974779014,34
549,1,820,820,0,0,0,0,1.0,1,1.0,1,1.0,1,0.6244636666552809,31
550,0,820,820,0,0,0,0,1.0,1,1.0,1,1.0,1,0.6170649181767874,30
551,2,822,822,0,0,0,0,1.0,1,1.0,1,1.0,1,0.6652817117203168,31
552,0,822,822,0,0,0,0,1.0,1,1.0,1,1.0,1,0.6498650313007706,29
553,1,823,823,0,0,0,0,1.0,1,1.0,1,1.0,1,0.6648453529801757,30
554,1,824,824,0,0,0,0,1.0,1,1.0,1,1.0,1,0.6596602473229733,30
555,0,824,824,0,0,0,0,1.0,1,1.0,1,1.0,1,0.6604209480230331,30
556,0,824,824,0,0,0,0,1.0,1,1.0,1,1.0,1,0.6606524493500474,31
557,3,827,827,0,0,0,0,1.0,1,1.0,1,1.0,1,0.6027741811378371,31
558,0,827,827,0,0,0,0,1.0,1,1.0,1,1.0,1,0.6027741811378371,31
559,3,830,830,0,0,0,0,1.0,1,1.0,1,1.0,1,0.5585289936978016,31
560,1,831,831,0,0,0,0,1.0,1,1.0,1,1.0,1,0.5418552103604206,32
561,2,833,833,0,0,0,0,1.0,1,1.0,1,1.0,1,0.5678896495993103,33
562,1,834,834,0,0,0,0,1.0,1,1.0,1,1.0,1,0.5826512675547904,33
563,2,836,836,0,0,0,0,1.0,1,1.0,1,1.0,1,0.6205823945201995,33
564,0,836,836,0,0,0,0,1.0,1,1.0,1,1.0,1,0.6216198849754587,34
565,1,837,837,0,0,0,0,1.0,1,1.0,1,1.0,1,0.5999152780157936,35
566,3,840,840,0,0,0,0,1.0,1,1.0,1,1.0,1,0.6102698653520741,36
567,0,840,840,0,0,0,0,1.0,1,1.0,1,1.0,1,0.5923580702182911,37
568,3,843,843,0,0,0,0,1.0,1,1.0,1,1.0,1,0.6237042880989455,36
569,1,844,844,0,0,0,0,1.0,1,1.0,1,1.0,1,0.6299385947232077,37
570,0,844,844,0,0,0,0,1.0,1,1.0,1,1.0,1,0.6169435965815485,38
571,2,846,846,0,0,0,0,1.0,1,1.0,1,1.0,1,0.6523791637123458,38
572,0,846,846,0,0,0,0,1.0,1,1.0,1,1.0,1,0.6484608019618556,39
573,0,846,846,0,0,0,0,1.0,1,1.0,1,1.0,1,0.6484608019618556,39
574,0,846,846,0,0,0,0,1.0,1,1.0,1,1.0,1,0.6327988770577024,41
575,1,847,847,0,0,0,0,1.0,1,1.0,1,1.0,1,0.6187369617439569,41
576,0,847,847,0,0,0,0,1.0,1,1.0,1,1.0,1,0.6109863651490601,42
577,1,848,848,0,0,0,0,1.0,1,1.0,1,1.0,1,0.5898713016984916,42
578,2,850,850,0,0,0,0,1.0,1,1.0,1,1.0,1,0.5750141911475519,41
579,3,853,853,0,0,0,0,1.0,1,1.0,1,1.0,1,0.5160352239775022,42
580,1,854,854,0,0,0,0,1.0,1,1.0,1,1.0,1,0.5176239211315771,43
581,3,857,857,0,0,0,0,1.0,1,1.0,1,1.0,1,0.5154588932141718,42
582,0,857,857,0,0,0,0,1.0,1,1.0,1,1.0,1,0.5097937623355354,41
583,4,861,861,0,0,0,0,1.0,1,1.0,1,1.0,1,0.5095099860316263,40
584,1,862,862,0,0,0,0,1.0,1,1.0,1,1.0,1,0.5212990100619754,38
585,4,866,866,0,0,0,0,1.0,1,1.0,1,1.0,1,0.5662234374586779,38
586,4,870,870,0,0,0,0,1.0,1,1.0,1,1.0,1,0.5897220531993819,37
587,3,873,873,0,0,0,0,1.0,1,1.0,1,1.0,1,0.6036488135708591,35
588,3,876,876,0,0,0,0,1.0,1,1.0,1,1.0,1,0.5780653920847766,35
589,0,876,876,0,0,0,0,1.0,1,1.0,1,1.0,1,0.5828637340167527,34
590,2,878,878,0,0,0,0,1.0,1,1.0,1,1.0,1,0.5332793943402461,36
591,2,880,880,0,0,0,0,1.0,1,1.0,1,1.0,1,0.5052946957398919,35
592,0,880,880,0,0,0,0,1.0,1,1.0,1,1.0,1,0.49143260019587776,37
593,2,882,882,0,0,0,0,1.0,1,1.0,1,1.0,1,0.4707415441980482,36
594,1,883,883,0,0,0,0,1.0,1,1.0,1,1.0,1,0.49037999049685793,35
595,1,884,884,0,0,0,0,1.0,1,1.0,1,1.0,1,0.5112617051817993,34
596,1,885,885,0,0,0,0,1.0,1,1.0,1,1.0,1,0.5237197364912405,34
597,3,888,888,0,0,0,0,1.0,1,1.0,1,1.0,1,0.5835243946332023,33
598,0,888,888,0,0,0,0,1.0,1,1.0,1,1.0,1,0.5877076761097969,33
599,1,889,889,0,0,0,0,1.0,1,1.0,1,1.0,1,0.6012812880221029,33
600,1,890,890,0,0,0,0,1.0,1,1.0,1,1.0,1,0.6111863142264133,33
601,1,891,891,0,0,0,0,1.0,1,1.0,1,1.0,1,0.5837805218831977,34
602,1,892,892,0,0,0,0,1.0,1,1.0,1,1.0,1,0.5769723030335422,35
603,2,894,894,0,0,0,0,1.0,1,1.0,1,1.0,1,0.5795511180100876,35
604,1,895,895,0,0,0,0,1.0,1,1.0,1,1.0,1,0.5522293764374527,35
605,0,895,895,0,0,0,0,1.0,1,1.0,1,1.0,1,0.5485677908106659,35
606,0,895,895,0,0,0,0,1.0,1,1.0,1,1.0,1,0.5340484250855392,35
607,0,895,895,0,0,0,0,1.0,1,1.0,1,1.0,1,0.5340484250855392,35
608,0,895,895,0,0,0,0,1.0,1,1.0,1,1.0,1,0.552073151623897,36
609,0,895,895,0,0,0,0,1.0,1,1.0,1,1.0,1,0.5491682967680956,37
610,0,895,895,0,0,0,0,1.0,1,1.0,1,1.0,1,0.5491682967680956,37
611,3,898,898,0,0,0,0,1.0,1,1.0,1,1.0,1,0.5560824471687977,39
612,2,900,900,0,0,0,0,1.0,1,1.0,1,1.0,1,0.5722313599307468,39
613,3,903,903,0,0,0,0,1.0,1,1.0,1,1.0,1,0.5855414774681615,39
614,2,905,905,0,0,0,0,1.0,1,1.0,1,1.0,1,0.6144609256409344,39
615,2,907,907,0,0,0,0,1.0,1,1.0,1,1.0,1,0.6226743395244214,39
616,3,910,910,0,0,0,0,1.0,1,1.0,1,1.0,1,0.6299350664476056,38
617,2,912,912,0,0,0,0,1.0,1,1.0,1,1.0,1,0.6298813354412459,39
618,4,916,916,0,0,0,0,1.0,1,1.0,1,1.0,1,0.6173811102483047,40
619,2,918,918,0,0,0,0,1.0,1,1.0,1,1.0,1,0.62108194560697,39
620,3,921,921,0,0,0,0,1.0,1,1.0,1,1.0,1,0.5567863517207091,38
621,4,925,925,0,0,0,0,1.0,1,1.0,1,1.0,1,0.562158222172568,38
622,5,930,930,0,0,0,0,1.0,1,1.0,1,1.0,1,0.5498142295681498,38
623,4,934,934,0,0,0,0,1.0,1,1.0,1,1.0,1,0.5722147882853504,37
624,2,936,936,0,0,0,0,1.0,1,1.0,1,1.0,1,0.6437630458873936,33
625,1,937,937,0,0,0,0,1.0,1,1.0,1,1.0,1,0.6256443537097399,32
626,3,940,940,0,0,0,0,1.0,1,1.0,1,1.0,1,0.6219439733632005,31
627,1,941,941,0,0,0,0,1.0,1,1.0,1,1.0,1,0.6436126814108524,30
628,4,945,945,0,0,0,0,1.0,1,1.0,1,1.0,1,0.6065809122439486,32
629,2,947,947,0,0,0,0,1.0,1,1.0,1,1.0,1,0.5821710118781163,29
630,1,948,948,0,0,0,0,1.0,1,1.0,1,1.0,1,0.5883221583315247,29
631,1,949,949,0,0,0,0,1.0,1,1.0,1,1.0,1,0.5907492042777006,25
632,1,950,950,0,0,0,0,1.0,1,1.0,1,1.0,1,0.5808319062545418,24
633,1,951,951,0,0,0,0,1.0,1,1.0,1,1.0,1,0.5529169115096025,23
634,0,951,951,0,0,0,0,1.0,1,1.0,1,1.0,1,0.5529169115096025,23
635,3,954,954,0,0,0,0,1.0,1,1.0,1,1.0,1,0.5807125096490033,22
636,1,955,955,0,0,0,0,1.0,1,1.0,1,1.0,1,0.6021310164970449,22
637,0,955,955,0,0,0,0,1.0,1,1.0,1,1.0,1,0.6017891456961021,23
638,2,957,957,0,0,0,0,1.0,1,1.0,1,1.0,1,0.6314586418959699,23
639,0,957,957,0,0,0,0,1.0,1,1.0,1,1.0,1,0.6168475463979923,24
640,2,959,959,0,0,0,0,1.0,1,1.0,1,1.0,1,0.6420480527350836,24
641,0,959,959,0,0,0,0,1.0,1,1.0,1,1.0,1,0.633230656861152,25
642,0,959,959,0,0,0,0,1.0,1,1.0,1,1.0,1,0.606299430813272,26
643,1,960,960,0,0,0,0,1.0,1,1.0,1,1.0,1,0.6056025247398181,28
644,1,961,961,0,0,0,0,1.0,1,1.0,1,1.0,1,0.6143952776528392,28
645,1,962,962,0,0,0,0,1.0,1,1.0,1,1.0,1,0.6298953524453972,28
646,0,962,962,0,0,0,0,1.0,1,1.0,1,1.0,1,0.62254475504841,29
647,1,963,963,0,0,0,0,1.0,1,1.0,1,1.0,1,0.6225247210904152,30
648,1,964,964,0,0,0,0,1.0,1,1.0,1,1.0,1,0.6376484097032976,30
649,2,966,966,0,0,0,0,1.0,1,1.0,1,1.0,1,0.641512920478874,31
650,2,968,968,0,0,0,0,1.0,1,1.0,1,1.0,1,0.6482723063296426,31
651,1,969,969,0,0,0,0,1.0,1,1.0,1,1.0,1,0.648168093498319,32
652,0,969,969,0,0,0,0,1.0,1,1.0,1,1.0,1,0.648168093498319,32
653,1,970,970,0,0,0,0,1.0,1,1.0,1,1.0,1,0.6546694792429397,33
654,2,972,972,0,0,0,0,1.0,1,1.0,1,1.0,1,0.6243392325420731,33
655,3,975,975,0,0,0,0,1.0,1,1.0,1,1.0,1,0.5962340930715283,36
656,0,975,975,0,0,0,0,1.0,1,1.0,1,1.0,1,0.5962340930715283,36
657,0,975,975,0,0,0,0,1.0,1,1.0,1,1.0,1,0.5935206238409586,35
658,4,979,979,0,0,0,0,1.0,1,1.0,1,1.0,1,0.5482562065701647,33
659,2,981,981,0,0,0,0,1.0,1,1.0,1,1.0,1,0.5556057649059613,35
660,3,984,984,0,0,0,0,1.0,1,1.0,1,1.0,1,0.54144195905327,34
661,3,987,987,0,0,0,0,1.0,1,1.0,1,1.0,1,0.5806596229071075,33
662,2,989,989,0,0,0,0,1.0,1,1.0,1,1.0,1,0.5890636929103914,31
663,2,991,991,0,0,0,0,1.0,1,1.0,1,1.0,1,0.5705054063724336,29
664,2,993,993,0,0,0,0,1.0,1,1.0,1,1.0,1,0.5303220003631626,27
665,1,994,994,0,0,0,0,1.0,1,1.0,1,1.0,1,0.502737009295925,27
666,1,995,995,0,0,0,0,1.0,1,1.0,1,1.0,1,0.5302062434853553,28
667,2,997,997,0,0,0,0,1.0,1,1.0,1,1.0,1,0.5357558720284062,26
668,2,999,999,0,0,0,0,1.0,1,1.0,1,1.0,1,0.5586010926054967,26
669,6,1005,1005,0,0,0,0,1.0,1,1.0,1,1.0,1,0.5162220907780105,25
670,0,1005,1005,0,0,0,0,1.0,1,1.0,1,1.0,1,0.5328406613324316,24
671,0,1005,1005,0,0,0,0,1.0,1,1.0,1,1.0,1,0.5328406613324316,24
672,1,1006,1006,0,0,0,0,1.0,1,1.0,1,1.0,1,0.5634948335003961,25
673,2,1008,1008,0,0,0,0,1.0,1,1.0,1,1.0,1,0.5908517113338266,25
674,1,1009,1009,0,0,0,0,1.0,1,1.0,1,1.0,1,0.6007822207727563,25
675,1,1010,1010,0,0,0,0,1.0,1,1.0,1,1.0,1,0.6512814129369814,26
676,3,1013,1013,0,0,0,0,1.0,1,1.0,1,1.0,1,0.6363339722849317,27
677,1,1014,1014,0,0,0,0,1.0,1,1.0,1,1.0,1,0.6350629250701688,28
678,2,1016,1016,0,0,0,0,1.0,1,1.0,1,1.0,1,0.6322946255857002,28
679,1,1017,1017,0,0,0,0,1.0,1,1.0,1,1.0,1,0.6214644289245094,30
680,0,1017,1017,0,0,0,0,1.0,1,1.0,1,1.0,1,0.6187369841714331,29
681,0,1017,1017,0,0,0,0,1.0,1,1.0,1,1.0,1,0.6187369841714331,29
682,1,1018,1018,0,0,0,0,1.0,1,1.0,1,1.0,1,0.5803387465146841,30
683,1,1019,1019,0,0,0,0,1.0,1,1.0,1,1.0,1,0.5570880638571893,30
684,0,1019,1019,0,0,0,0,1.0,1,1.0,1,1.0,1,0.5599668813737111,31
685,0,1019,1019,0,0,0,0,1.0,1,1.0,1,1.0,1,0.5784599533949338,30
686,3,1022,1022,0,0,0,0,1.0,1,1.0,1,1.0,1,0.6056537885681957,30
687,0,1022,1022,0,0,0,0,1.0,1,1.0,1,1.0,1,0.5995281801443502,30
688,0,1022,1022,0,0,0,0,1.0,1,1.0,1,1.0,1,0.594972053481576,31
689,0,1022,1022,0,0,0,0,1.0,1,1.0,1,1.0,1,0.6026415910221803,32
690,0,1022,1022,0,0,0,0,1.0,1,1.0,1,1.0,1,0.6026415910221803,32
691,0,1022,1022,0,0,0,0,1.0,1,1.0,1,1.0,1,0.6026415910221803,32
692,3,1025,1025,0,0,0,0,1.0,1,1.0,1,1.0,1,0.6290578455843894,32
693,2,1027,1027,0,0,0,0,1.0,1,1.0,1,1.0,1,0.624967088256231,34
694,2,1029,1029,0,0,0,0,1.0,1,1.0,1,1.0,1,0.6239828655325312,36
695,1,1030,1030,0,0,0,0,1.0,1,1.0,1,1.0,1,0.6287878718840183,34
696,1,1031,1031,0,0,0,0,1.0,1,1.0,1,1.0,1,0.6346100597730745,33
697,1,1032,1032,0,0,0,0,1.0,1,1.0,1,1.0,1,0.6425309082950105,33
698,2,1034,1034,0,0,0,0,1.0,1,1.0,1,1.0,1,0.6219107601315158,34
699,1,1035,1035,0,0,0,0,1.0,1,1.0,1,1.0,1,0.5924539650158114,33
700,4,1039,1039,0,0,0,0,1.0,1,1.0,1,1.0,1,0.5771972592639649,32
701,0,1039,1039,0,0,0,0,1.0,1,1.0,1,1.0,1,0.5734606429152352,33
702,3,1042,1042,0,0,0,0,1.0,1,1.0,1,1.0,1,0.5665732937446144,34
703,3,1045,1045,0,0,0,0,1.0,1,1.0,1,1.0,1,0.5146335919032291,32
704,0,1045,1045,0,0,0,0,1.0,1,1.0,1,1.0,1,0.5140421277006657,31
705,3,1048,1048,0,0,0,0,1.0,1,1.0,1,1.0,1,0.5215289350994394,33
706,2,1050,1050,0,0,0,0,1.0,1,1.0,1,1.0,1,0.5722702748229633,33
707,1,1051,1051,0,0,0,0,1.0,1,1.0,1,1.0,1,0.5762298088481626,31
708,2,1053,1053,0,0,0,0,1.0,1,1.0,1,1.0,1,0.6380644735377938,31
709,2,1055,1055,0,0,0,0,1.0,1,1.0,1,1.0,1,0.6388666618173852,30
710,1,1056,1056,0,0,0,0,1.0,1,1.0,1,1.0,1,0.6558663591274149,30
711,1,1057,1057,0,0,0,0,1.0,1,1.0,1,1.0,1,0.6507120229706473,30
712,1,1058,1058,0,0,0,0,1.0,1,1.0,1,1.0,1,0.6420592782159869,30
713,0,1058,1058,0,0,0,0,1.0,1,1.0,1,1.0,1,0.6504952519134803,31
714,1,1059,1059,0,0,0,0,1.0,1,1.0,1,1.0,1,0.6249309774948556,31
715,0,1059,1059,0,0,0,0,1.0,1,1.0,1,1.0,1,0.6349584047728809,30
716,0,1059,1059,0,0,0,0,1.0,1,1.0,1,1.0,1,0.6363143583083091,31
717,0,1059,1059,0,0,0,0,1.0,1,1.0,1,1.0,1,0.6421288368180923,32
718,0,1059,1059,0,0,0,0,1.0,1,1.0,1,1.0,1,0.6421288368180923,32
719,3,1062,1062,0,0,0,0,1.0,1,1.0,1,1.0,1,0.6457799805396515,32
720,0,1062,1062,0,0,0,0,1.0,1,1.0,1,1.0,1,0.6226802518885378,34
721,0,1062,1062,0,0,0,0,1.0,1,1.0,1,1.0,1,0.6226802518885378,34
722,0,1062,1062,0,0,0,0,1.0,1,1.0,1,1.0,1,0.6226802518885378,34
723,0,1062,1062,0,0,0,0,1.0,1,1.0,1,1.0,1,0.6280192226943371,35
724,1,1063,1063,0,0,0,0,1.0,1,1.0,1,1.0,1,0.6310490854268611,36
725,0,1063,1063,0,0,0,0,1.0,1,1.0,1,1.0,1,0.6376809691264789,37
726,0,1063,1063,0,0,0,0,1.0,1,1.0,1,1.0,1,0.6376809691264789,37
727,0,1063,1063,0,0,0,0,1.0,1,1.0,1,1.0,1,0.6441438203200024,38
728,0,1063,1063,0,0,0,0,1.0,1,1.0,1,1.0,1,0.6359762390815038,39
729,0,1063,1063,0,0,0,0,1.0,1,1.0,1,1.0,1,0.6359762390815038,39
730,0,1063,1063,0,0,0,0,1.0,1,1.0,1,1.0,1,0.6322362780928668,40
731,1,1064,1064,0,0,0,0,1.0,1,1.0,1,1.0,1,0.6257915821012534,40
732,2,1066,1066,0,0,0,0,1.0,1,1.0,1,1.0,1,0.648233804609826,41
733,2,1068,1068,0,0,0,0,1.0,1,1.0,1,1.0,1,0.6519555869626629,41
734,0,1068,1068,0,0,0,0,1.0,1,1.0,1,1.0,1,0.6522613281611999,42
735,2,1070,1070,0,0,0,0,1.0,1,1.0,1,1.0,1,0.6633105086041758,42
736,0,1070,1070,0,0,0,0,1.0,1,1.0,1,1.0,1,0.6558940799315689,41
737,2,1072,1072,0,0,0,0,1.0,1,1.0,1,1.0,1,0.6968229943149858,41
738,0,1072,1072,0,0,0,0,1.0,1,1.0,1,1.0,1,0.6877907447215724,39
739,4,1076,1076,0,0,0,0,1.0,1,1.0,1,1.0,1,0.6448156398100745,39
740,1,1077,1077,0,0,0,0,1.0,1,1.0,1,1.0,1,0.6300782456087559,39
741,1,1078,1078,0,0,0,0,1.0,1,1.0,1,1.0,1,0.6132461108696378,38
742,2,1080,1080,0,0,0,0,1.0,1,1.0,1,1.0,1,0.617002185835007,39
743,4,1084,1084,0,0,0,0,1.0,1,1.0,1,1.0,1,0.6029003530144602,39
744,4,1088,1088,0,0,0,0,1.0,1,1.0,1,1.0,1,0.5808290454485645,39
745,3,1091,1091,0,0,0,0,1.0,1,1.0,1,1.0,1,0.6046911742588968,39
746,3,1094,1094,0,0,0,0,1.0,1,1.0,1,1.0,1,0.5924377851282894,40
747,2,1096,1096,0,0,0,0,1.0,1,1.0,1,1.0,1,0.5793880759047959,41
748,2,1098,1098,0,0,0,0,1.0,1,1.0,1,1.0,1,0.5595790078569547,41
749,1,1099,1099,0,0,0,0,1.0,1,1.0,1,1.0,1,0.5676529898923288,41
750,2,1101,1101,0,0,0,0,1.0,1,1.0,1,1.0,1,0.5952467320664557,39
751,2,1103,1103,0,0,0,0,1.0,1,1.0,1,1.0,1,0.5595680205121414,41
752,1,1104,1104,0,0,0,0,1.0,1,1.0,1,1.0,1,0.5459975695932816,41
753,0,1104,1104,0,0,0,0,1.0,1,1.0,1,1.0,1,0.5643431212731678,41
754,1,1105,1105,0,0,0,0,1.0,1,1.0,1,1.0,1,0.5680953129993797,41
755,1,1106,1106,0,0,0,0,1.0,1,1.0,1,1.0,1,0.5968486911255032,41
756,1,1107,1107,0,0,0,0,1.0,1,1.0,1,1.0,1,0.604342724001136,41
757,1,1108,1108,0,0,0,0,1.0,1,1.0,1,1.0,1,0.634067827122405,39
758,0,1108,1108,0,0,0,0,1.0,1,1.0,1,1.0,1,0.618812024921401,39
759,0,1108,1108,0,0,0,0,1.0,1,1.0,1,1.0,1,0.6189276919419361,39
760,0,1108,1108,0,0,0,0,1.0,1,1.0,1,1.0,1,0.6275900773696056,40
761,0,1108,1108,0,0,0,0,1.0,1,1.0,1,1.0,1,0.6174222756082516,41
762,0,1108,1108,0,0,0,0,1.0,1,1.0,1,1.0,1,0.6189635631180402,42
763,0,1108,1108,0,0,0,0,1.0,1,1.0,1,1.0,1,0.6257324449982816,43
764,0,1108,1108,0,0,0,0,1.0,1,1.0,1,1.0,1,0.6257324449982816,43
765,0,1108,1108,0,0,0,0,1.0,1,1.0,1,1.0,1,0.600115086420158,45
766,1,1109,1109,0,0,0,0,1.0,1,1.0,1,1.0,1,0.6068548611284968,45
767,0,1109,1109,0,0,0,0,1.0,1,1.0,1,1.0,1,0.6081684542675082,46
768,2,1111,1111,0,0,0,0,1.0,1,1.0,1,1.0,1,0.6304322295702873,45
769,1,1112,1112,0,0,0,0,1.0,1,1.0,1,1.0,1,0.6585305521483904,46
770,1,1113,1113,0,0,0,0,1.0,1,1.0,1,1.0,1,0.6665439041648669,47
771,6,1119,1119,0,0,0,0,1.0,1,1.0,1,1.0,1,0.6910123237007683,47
772,0,1119,1119,0,0,0,0,1.0,1,1.0,1,1.0,1,0.6876692697753048,46
773,2,1121,1121,0,0,0,0,1.0,1,1.0,1,1.0,1,0.6916812926238399,45
774,0,1121,1121,0,0,0,0,1.0,1,1.0,1,1.0,1,0.6777596410756501,45
775,2,1123,1123,0,0,0,0,1.0,1,1.0,1,1.0,1,0.6926501913264005,45
776,0,1123,1123,0,0,0,0,1.0,1,1.0,1,1.0,1,0.6848384503407986,43
777,0,1123,1123,0,0,0,0,1.0,1,1.0,1,1.0,1,0.6844724914169327,44
778,0,1123,1123,0,0,0,0,1.0,1,1.0,1,1.0,1,0.6880366376243097,45
779,2,1125,1125,0,0,0,0,1.0,1,1.0,1,1.0,1,0.6718624118141888,45
780,2,1127,1127,0,0,0,0,1.0,1,1.0,1,1.0,1,0.6932282618268327,45
781,0,1127,1127,0,0,0,0,1.0,1,1.0,1,1.0,1,0.6864765557219106,46
782,5,1132,1132,0,0,0,0,1.0,1,1.0,1,1.0,1,0.7081062138342359,47
783,1,1133,1133,0,0,0,0,1.0,1,1.0,1,1.0,1,0.6844243965922814,46
784,1,1134,1134,0,0,0,0,1.0,1,1.0,1,1.0,1,0.6879444153344578,45
785,0,1134,1134,0,0,0,0,1.0,1,1.0,1,1.0,1,0.6791338365805453,43
786,1,1135,1135,0,0,0,0,1.0,1,1.0,1,1.0,1,0.6751482889604294,43
787,0,1135,1135,0,0,0,0,1.0,1,1.0,1,1.0,1,0.6751482889604294,43
788,2,1137,1137,0,0,0,0,1.0,1,1.0,1,1.0,1,0.6703538188007547,44
789,0,1137,1137,0,0,0,0,1.0,1,1.0,1,1.0,1,0.6524368227310111,46
790,1,1138,1138,0,0,0,0,1.0,1,1.0,1,1.0,1,0.6451363049065496,46
791,2,1140,1140,0,0,0,0,1.0,1,1.0,1,1.0,1,0.6296890274826187,46
792,0,1140,1140,0,0,0,0,1.0,1,1.0,1,1.0,1,0.6199566244137088,47
793,2,1142,1142,0,0,0,0,1.0,1,1.0,1,1.0,1,0.6290405607994677,48
794,0,1142,1142,0,0,0,0,1.0,1,1.0,1,1.0,1,0.6346203607131351,48
795,2,1144,1144,0,0,0,0,1.0,1,1.0,1,1.0,1,0.6511080591135097,47
796,0,1144,1144,0,0,0,0,1.0,1,1.0,1,1.0,1,0.6689722298784944,45
797,0,1144,1144,0,0,0,0,1.0,1,1.0,1,1.0,1,0.6688665519202313,47
798,4,1148,1148,0,0,0,0,1.0,1,1.0,1,1.0,1,0.6699667754306854,48
799,2,1150,1150,0,0,0,0,1.0,1,1.0,1,1.0,1,0.6732578522875369,48
800,3,1153,1153,0,0,0,0,1.0,1,1.0,1,1.0,1,0.6839996084146824,48
801,2,1155,1155,0,0,0,0,1.0,1,1.0,1,1.0,1,0.6663581362182635,49
802,3,1158,1158,0,0,0,0,1.0,1,1.0,1,1.0,1,0.6756451430158105,50
803,0,1158,1158,0,0,0,0,1.0,1,1.0,1,1.0,1,0.6756451430158105,50
804,0,1158,1158,0,0,0,0,1.0,1,1.0,1,1.0,1,0.6756451430158105,50
805,1,1159,1159,0,0,0,0,1.0,1,1.0,1,1.0,1,0.6876156247071026,50
806,2,1161,1161,0,0,0,0,1.0,1,1.0,1,1.0,1,0.6913880657550537,51
807,1,1162,1162,0,0,0,0,1.0,1,1.0,1,1.0,1,0.6966965558911642,51
808,1,1163,1163,0,0,0,0,1.0,1,1.0,1,1.0,1,0.6957902853366523,53
809,0,1163,1163,0,0,0,0,1.0,1,1.0,1,1.0,1,0.6747834726153404,51
810,2,1165,1165,0,0,0,0,1.0,1,1.0,1,1.0,1,0.6708102867199754,52
811,2,1167,1167,0,0,0,0,1.0,1,1.0,1,1.0,1,0.6747007514022489,50
812,0,1167,1167,0,0,0,0,1.0,1,1.0,1,1.0,1,0.665821025050503,51
813,1,1168,1168,0,0,0,0,1.0,1,1.0,1,1.0,1,0.668742609945709,51
814,3,1171,1171,0,0,0,0,1.0,1,1.0,1,1.0,1,0.6788381487287642,52
815,2,1173,1173,0,0,0,0,1.0,1,1.0,1,1.0,1,0.6604358042252423,50
816,1,1174,1174,0,0,0,0,1.0,1,1.0,1,1.0,1,0.6551937617029637,50
817,3,1177,1177,0,0,0,0,1.0,1,1.0,1,1.0,1,0.6468757379432566,49
818,3,1180,1180,0,0,0,0,1.0,1,1.0,1,1.0,1,0.6397134794373391,49
819,1,1181,1181,0,0,0,0,1.0,1,1.0,1,1.0,1,0.6286659905050433,50
820,3,1184,1184,0,0,0,0,1.0,1,1.0,1,1.0,1,0.6298513105351168,49
821,1,1185,1185,0,0,0,0,1.0,1,1.0,1,1.0,1,0.6124620305306304,49
822,1,1186,1186,0,0,0,0,1.0,1,1.0,1,1.0,1,0.6082535441779285,49
823,2,1188,1188,0,0,0,0,1.0,1,1.0,1,1.0,1,0.6272410841755384,47
824,4,1192,1192,0,0,0,0,1.0,1,1.0,1,1.0,1,0.626402962135114,45
825,3,1195,1195,0,0,0,0,1.0,1,1.0,1,1.0,1,0.6079999836725838,43
826,3,1198,1198,0,0,0,0,1.0,1,1.0,1,1.0,1,0.6012489388484582,44
827,1,1199,1199,0,0,0,0,1.0,1,1.0,1,1.0,1,0.6107945433434929,43
828,4,1203,1203,0,0,0,0,1.0,1,1.0,1,1.0,1,0.6145873672240473,43
829,1,1204,1204,0,0,0,0,1.0,1,1.0,1,1.0,1,0.6211537944220974,45
830,1,1205,1205,0,0,0,0,1.0,1,1.0,1,1.0,1,0.6111453377213789,46
831,2,1207,1207,0,0,0,0,1.0,1,1.0,1,1.0,1,0.6066326540685902,48
832,1,1208,1208,0,0,0,0,1.0,1,1.0,1,1.0,1,0.6054542660570513,47
833,2,1210,1210,0,0,0,0,1.0,1,1.0,1,1.0,1,0.5952510510734978,47
834,0,1210,1210,0,0,0,0,1.0,1,1.0,1,1.0,1,0.6096228505867369,46
835,1,1211,1211,0,0,0,0,1.0,1,1.0,1,1.0,1,0.6122552249291017,45
836,1,1212,1212,0,0,0,0,1.0,1,1.0,1,1.0,1,0.6111209072418836,46
837,1,1213,1213,0,0,0,0,1.0,1,1.0,1,1.0,1,0.6109627044277554,46
838,2,1215,1215,0,0,0,0,1.0,1,1.0,1,1.0,1,0.6170742680217424,45
839,0,1215,1215,0,0,0,0,1.0,1,1.0,1,1.0,1,0.6199645070588402,46
840,1,1216,1216,0,0,0,0,1.0,1,1.0,1,1.0,1,0.6214941199235513,46
841,1,1217,1217,0,0,0,0,1.0,1,1.0,1,1.0,1,0.6167156625955614,46
842,1,1218,1218,0,0,0,0,1.0,1,1.0,1,1.0,1,0.6083315749212701,46
843,0,1218,1218,0,0,0,0,1.0,1,1.0,1,1.0,1,0.6083315749212701,46
844,2,1220,1220,0,0,0,0,1.0,1,1.0,1,1.0,1,0.6097598043864132,47
845,1,1221,1221,0,0,0,0,1.0,1,1.0,1,1.0,1,0.6281280069805613,48
846,1,1222,1222,0,0,0,0,1.0,1,1.0,1,1.0,1,0.632283924356921,47
847,2,1224,1224,0,0,0,0,1.0,1,1.0,1,1.0,1,0.6318858873207437,48
848,1,1225,1225,0,0,0,0,1.0,1,1.0,1,1.0,1,0.6392733070874219,48
849,1,1226,1226,0,0,0,0,1.0,1,1.0,1,1.0,1,0.656298713286412,48
850,0,1226,1226,0,0,0,0,1.0,1,1.0,1,1.0,1,0.6602816408572642,46
851,0,1226,1226,0,0,0,0,1.0,1,1.0,1,1.0,1,0.6543044850068142,45
852,3,1229,1229,0,0,0,0,1.0,1,1.0,1,1.0,1,0.6529911212380116,44
853,1,1230,1230,0,0,0,0,1.0,1,1.0,1,1.0,1,0.6593578289688664,44
854,3,1233,1233,0,0,0,0,1.0,1,1.0,1,1.0,1,0.6626803970205397,45
855,0,1233,1233,0,0,0,0,1.0,1,1.0,1,1.0,1,0.6464781745878706,46
856,2,1235,1235,0,0,0,0,1.0,1,1.0,1,1.0,1,0.658383949677933,46
857,1,1236,1236,0,0,0,0,1.0,1,1.0,1,1.0,1,0.6554540540326962,47
858,3,1239,1239,0,0,0,0,1.0,1,1.0,1,1.0,1,0.6297833399733304,48
859,1,1240,1240,0,0,0,0,1.0,1,1.0,1,1.0,1,0.6355620713785584,48
860,3,1243,1243,0,0,0,0,1.0,1,1.0,1,1.0,1,0.6264052263782516,49
861,1,1244,1244,0,0,0,0,1.0,1,1.0,1,1.0,1,0.6416874123237795,49
862,4,1248,1248,0,0,0,0,1.0,1,1.0,1,1.0,1,0.629411981582885,49
863,3,1251,1251,0,0,0,0,1.0,1,1.0,1,1.0,1,0.6126098152140812,48
864,3,1254,1254,0,0,0,0,1.0,1,1.0,1,1.0,1,0.5963847948667947,49
865,3,1257,1257,0,0,0,0,1.0,1,1.0,1,1.0,1,0.591868159698485,48
866,1,1258,1258,0,0,0,0,1.0,1,1.0,1,1.0,1,0.5788321239257954,50
867,1,1259,1259,0,0,0,0,1.0,1,1.0,1,1.0,1,0.5750471384730454,50
868,4,1263,1263,0,0,0,0,1.0,1,1.0,1,1.0,1,0.5547372727593693,51
869,1,1264,1264,0,0,0,0,1.0,1,1.0,1,1.0,1,0.5577894747980245,49
870,2,1266,1266,0,0,0,0,1.0,1,1.0,1,1.0,1,0.563439585119531,49
871,1,1267,1267,0,0,0,0,1.0,1,1.0,1,1.0,1,0.54531335858683,49
872,0,1267,1267,0,0,0,0,1.0,1,1.0,1,1.0,1,0.5540583756853794,48
873,2,1269,1269,0,0,0,0,1.0,1,1.0,1,1.0,1,0.5655860346168985,49
874,1,1270,1270,0,0,0,0,1.0,1,1.0,1,1.0,1,0.5657392990152794,49
875,0,1270,1270,0,0,0,0,1.0,1,1.0,1,1.0,1,0.5735524211286821,50
876,1,1271,1271,0,0,0,0,1.0,1,1.0,1,1.0,1,0.5844062128905545,50
877,1,1272,1272,0,0,0,0,1.0,1,1.0,1,1.0,1,0.5767497783022575,50
878,1,1273,1273,0,0,0,0,1.0,1,1.0,1,1.0,1,0.5864557017207693,49
879,2,1275,1275,0,0,0,0,1.0,1,1.0,1,1.0,1,0.5900110331373187,49
880,1,1276,1276,0,0,0,0,1.0,1,1.0,1,1.0,1,0.6131489364265664,48
881,2,1278,1278,0,0,0,0,1.0,1,1.0,1,1.0,1,0.6293373975381362,49
882,1,1279,1279,0,0,0,0,1.0,1,1.0,1,1.0,1,0.6340448099794121,48
883,1,1280,1280,0,0,0,0,1.0,1,1.0,1,1.0,1,0.6196799540271563,50
884,1,1281,1281,0,0,0,0,1.0,1,1.0,1,1.0,1,0.62998601136475,50
885,2,1283,1283,0,0,0,0,1.0,1,1.0,1,1.0,1,0.621047138000592,49
886,1,1284,1284,0,0,0,0,1.0,1,1.0,1,1.0,1,0.6278765135601573,49
887,1,1285,1285,0,0,0,0,1.0,1,1.0,1,1.0,1,0.6381580797046329,49
888,1,1286,1286,0,0,0,0,1.0,1,1.0,1,1.0,1,0.6378624308968569,47
889,1,1287,1287,0,0,0,0,1.0,1,1.0,1,1.0,1,0.653017356602238,46
890,2,1289,1289,0,0,0,0,1.0,1,1.0,1,1.0,1,0.6443529211609739,44
891,1,1290,1290,0,0,0,0,1.0,1,1.0,1,1.0,1,0.6572359929481388,45
892,2,1292,1292,0,0,0,0,1.0,1,1.0,1,1.0,1,0.6487390142642159,45
893,0,1292,1292,0,0,0,0,1.0,1,1.0,1,1.0,1,0.6487390142642159,45
894,1,1293,1293,0,0,0,0,1.0,1,1.0,1,1.0,1,0.6353491261741291,44
895,2,1295,1295,0,0,0,0,1.0,1,1.0,1,1.0,1,0.6292124892723299,45
896,3,1298,1298,0,0,0,0,1.0,1,1.0,1,1.0,1,0.6178413635167851,44
897,1,1299,1299,0,0,0,0,1.0,1,1.0,1,1.0,1,0.6149556745988485,44
898,3,1302,1302,0,0,0,0,1.0,1,1.0,1,1.0,1,0.5688100003192922,45
899,0,1302,1302,0,0,0,0,1.0,1,1.0,1,1.0,1,0.5853797112438622,44
900,2,1304,1304,0,0,0,0,1.0,1,1.0,1,1.0,1,0.5570989731779291,46
901,1,1305,1305,0,0,0,0,1.0,1,1.0,1,1.0,1,0.5614912555663848,45
902,3,1308,1308,0,0,0,0,1.0,1,1.0,1,1.0,1,0.5659472868513193,45
903,3,1311,1311,0,0,0,0,1.0,1,1.0,1,1.0,1,0.5813556369625708,44
904,0,1311,1311,0,0,0,0,1.0,1,1.0,1,1.0,1,0.5750364708515654,45
905,2,1313,1313,0,0,0,0,1.0,1,1.0,1,1.0,1,0.5861641561831636,45
906,2,1315,1315,0,0,0,0,1.0,1,1.0,1,1.0,1,0.5873228838930852,45
907,3,1318,1318,0,0,0,0,1.0,1,1.0,1,1.0,1,0.5925580632323585,46
908,3,1321,1321,0,0,0,0,1.0,1,1.0,1,1.0,1,0.599225454099712,46
909,1,1322,1322,0,0,0,0,1.0,1,1.0,1,1.0,1,0.6079648695031035,46
910,0,1322,1322,0,0,0,0,1.0,1,1.0,1,1.0,1,0.6269773911598603,44
911,0,1322,1322,0,0,0,0,1.0,1,1.0,1,1.0,1,0.6307790205150972,45
912,0,1322,1322,0,0,0,0,1.0,1,1.0,1,1.0,1,0.6404061627071448,44
913,2,1324,1324,0,0,0,0,1.0,1,1.0,1,1.0,1,0.628958648946706,45
914,0,1324,1324,0,0,0,0,1.0,1,1.0,1,1.0,1,0.628958648946706,45
915,0,1324,1324,0,0,0,0,1.0,1,1.0,1,1.0,1,0.628958648946706,45
916,0,1324,1324,0,0,0,0,1.0,1,1.0,1,1.0,1,0.628958648946706,45
917,2,1326,1326,0,0,0,0,1.0,1,1.0,1,1.0,1,0.6428644546732635,46
918,2,1328,1328,0,0,0,0,1.0,1,1.0,1,1.0,1,0.6399773249716194,47
919,1,1329,1329,0,0,0,0,1.0,1,1.0,1,1.0,1,0.6451231421981141,47
920,2,1331,1331,0,0,0,0,1.0,1,1.0,1,1.0,1,0.6447575392518594,47
921,2,1333,1333,0,0,0,0,1.0,1,1.0,1,1.0,1,0.6494042007833722,49
922,5,1338,1338,0,0,0,0,1.0,1,1.0,1,1.0,1,0.6468322460259065,49
923,1,1339,1339,0,0,0,0,1.0,1,1.0,1,1.0,1,0.6212826586026469,47
924,5,1344,1344,0,0,0,0,1.0,1,1.0,1,1.0,1,0.6132384760369612,47
925,2,1346,1346,0,0,0,0,1.0,1,1.0,1,1.0,1,0.6215112356101061,47
926,4,1350,1350,0,0,0,0,1.0,1,1.0,1,1.0,1,0.6259157094925188,46
927,3,1353,1353,0,0,0,0,1.0,1,1.0,1,1.0,1,0.6186220055514782,45
928,1,1354,1354,0,0,0,0,1.0,1,1.0,1,1.0,1,0.5982425354324058,43
929,0,1354,1354,0,0,0,0,1.0,1,1.0,1,1.0,1,0.6125971838088884,42
930,1,1355,1355,0,0,0,0,1.0,1,1.0,1,1.0,1,0.6035580143783333,41
931,0,1355,1355,0,0,0,0,1.0,1,1.0,1,1.0,1,0.6151412514856666,40
932,2,1357,1357,0,0,0,0,1.0,1,1.0,1,1.0,1,0.6277356845101464,40
933,3,1360,1360,0,0,0,0,1.0,1,1.0,1,1.0,1,0.6660236997342068,39
934,0,1360,1360,0,0,0,0,1.0,1,1.0,1,1.0,1,0.6660236997342068,39
935,2,1362,1362,0,0,0,0,1.0,1,1.0,1,1.0,1,0.671732252007419,41
936,0,1362,1362,0,0,0,0,1.0,1,1.0,1,1.0,1,0.6547455661191736,42
937,1,1363,1363,0,0,0,0,1.0,1,1.0,1,1.0,1,0.6442137139959941,43
938,2,1365,1365,0,0,0,0,1.0,1,1.0,1,1.0,1,0.6045956109514015,44
939,1,1366,1366,0,0,0,0,1.0,1,1.0,1,1.0,1,0.598706885109968,46
940,1,1367,1367,0,0,0,0,1.0,1,1.0,1,1.0,1,0.6107636210851697,46
941,0,1367,1367,0,0,0,0,1.0,1,1.0,1,1.0,1,0.6107636210851697,46
942,3,1370,1370,0,0,0,0,1.0,1,1.0,1,1.0,1,0.5858395060072664,46
943,3,1373,1373,0,0,0,0,1.0,1,1.0,1,1.0,1,0.5735418867768842,45
944,2,1375,1375,0,0,0,0,1.0,1,1.0,1,1.0,1,0.5736456811021535,45
945,2,1377,1377,0,0,0,0,1.0,1,1.0,1,1.0,1,0.5779024436482179,44
946,0,1377,1377,0,0,0,0,1.0,1,1.0,1,1.0,1,0.5530607183599653,46
947,0,1377,1377,0,0,0,0,1.0,1,1.0,1,1.0,1,0.5647090621136017,44
948,3,1380,1380,0,0,0,0,1.0,1,1.0,1,1.0,1,0.5859173855847114,44
949,1,1381,1381,0,0,0,0,1.0,1,1.0,1,1.0,1,0.6059847322878249,44
950,2,1383,1383,0,0,0,0,1.0,1,1.0,1,1.0,1,0.607826379152507,43
951,1,1384,1384,0,0,0,0,1.0,1,1.0,1,1.0,1,0.6164172351421867,42
952,1,1385,1385,0,0,0,0,1.0,1,1.0,1,1.0,1,0.6119168438203999,42
953,0,1385,1385,0,0,0,0,1.0,1,1.0,1,1.0,1,0.6169469332519193,41
954,1,1386,1386,0,0,0,0,1.0,1,1.0,1,1.0,1,0.6394404928153034,40
955,1,1387,1387,0,0,0,0,1.0,1,1.0,1,1.0,1,0.6185061465676196,42
956,1,1388,1388,0,0,0,0,1.0,1,1.0,1,1.0,1,0.6282943504494523,43
957,0,1388,1388,0,0,0,0,1.0,1,1.0,1,1.0,1,0.6320130545316076,42
958,2,1390,1390,0,0,0,0,1.0,1,1.0,1,1.0,1,0.6451609243255076,43
959,2,1392,1392,0,0,0,0,1.0,1,1.0,1,1.0,1,0.6528576825489895,45
960,1,1393,1393,0,0,0,0,1.0,1,1.0,1,1.0,1,0.6457916046117134,47
961,2,1395,1395,0,0,0,0,1.0,1,1.0,1,1.0,1,0.6629943859089327,45
962,2,1397,1397,0,0,0,0,1.0,1,1.0,1,1.0,1,0.6932756525856666,45
963,2,1399,1399,0,0,0,0,1.0,1,1.0,1,1.0,1,0.7318299424497045,44
964,0,1399,1399,0,0,0,0,1.0,1,1.0,1,1.0,1,0.720965807833265,44
965,0,1399,1399,0,0,0,0,1.0,1,1.0,1,1.0,1,0.7186615237560575,45
966,1,1400,1400,0,0,0,0,1.0,1,1.0,1,1.0,1,0.7053468560513941,43
967,1,1401,1401,0,0,0,0,1.0,1,1.0,1,1.0,1,0.7166686437958126,43
968,4,1405,1405,0,0,0,0,1.0,1,1.0,1,1.0,1,0.6812986690103447,43
969,0,1405,1405,0,0,0,0,1.0,1,1.0,1,1.0,1,0.6839796118615061,42
970,1,1406,1406,0,0,0,0,1.0,1,1.0,1,1.0,1,0.6802707006387848,42
971,1,1407,1407,0,0,0,0,1.0,1,1.0,1,1.0,1,0.675342924509264,42
972,1,1408,1408,0,0,0,0,1.0,1,1.0,1,1.0,1,0.6689437492304942,42
973,0,1408,1408,0,0,0,0,1.0,1,1.0,1,1.0,1,0.6689060276256846,43
974,4,1412,1412,0,0,0,0,1.0,1,1.0,1,1.0,1,0.6304911413529214,43
975,0,1412,1412,0,0,0,0,1.0,1,1.0,1,1.0,1,0.6344658329493791,43
976,2,1414,1414,0,0,0,0,1.0,1,1.0,1,1.0,1,0.623785392928602,45
977,2,1416,1416,0,0,0,0,1.0,1,1.0,1,1.0,1,0.6116324494350321,44
978,2,1418,1418,0,0,0,0,1.0,1,1.0,1,1.0,1,0.6030595988120745,44
979,2,1420,1420,0,0,0,0,1.0,1,1.0,1,1.0,1,0.5984279604633642,45
980,2,1422,1422,0,0,0,0,1.0,1,1.0,1,1.0,1,0.5881151216235467,45
981,2,1424,1424,0,0,0,0,1.0,1,1.0,1,1.0,1,0.5663252756354883,45
982,2,1426,1426,0,0,0,0,1.0,1,1.0,1,1.0,1,0.5897248749384413,46
983,2,1428,1428,0,0,0,0,1.0,1,1.0,1,1.0,1,0.5980655445920511,45
984,1,1429,1429,0,0,0,0,1.0,1,1.0,1,1.0,1,0.5897087747636118,45
985,5,1434,1434,0,0,0,0,1.0,1,1.0,1,1.0,1,0.6535719791579371,45
986,2,1436,1436,0,0,0,0,1.0,1,1.0,1,1.0,1,0.6579300224268103,44
987,0,1436,1436,0,0,0,0,1.0,1,1.0,1,1.0,1,0.6639577792592642,45
988,2,1438,1438,0,0,0,0,1.0,1,1.0,1,1.0,1,0.6738407997737166,44
989,0,1438,1438,0,0,0,0,1.0,1,1.0,1,1.0,1,0.6784115288805775,43
990,3,1441,1441,0,0,0,0,1.0,1,1.0,1,1.0,1,0.6990769851390694,42
991,1,1442,1442,0,0,0,0,1.0,1,1.0,1,1.0,1,0.6954328497367236,42
992,0,1442,1442,0,0,0,0,1.0,1,1.0,1,1.0,1,0.6776126946263938,43
993,2,1444,1444,0,0,0,0,1.0,1,1.0,1,1.0,1,0.70950182894635,43
994,1,1445,1445,0,0,0,0,1.0,1,1.0,1,1.0,1,0.7316357448060528,43
995,0,1445,1445,0,0,0,0,1.0,1,1.0,1,1.0,1,0.7125305082142388,43
996,1,1446,1446,0,0,0,0,1.0,1,1.0,1,1.0,1,0.7241888033921782,44
997,0,1446,1446,0,0,0,0,1.0,1,1.0,1,1.0,1,0.7241888033921782,44
998,1,1447,1447,0,0,0,0,1.0,1,1.0,1,1.0,1,0.7539120286454427,45
999,0,1447,1447,0,0,0,0,1.0,1,1.0,1,1.0,1,0.7565205931516199,42
1000,0,1447,1447,0,0,0,0,1.0,1,1.0,1,1.0,1,0.7543336554010819,43
1001,0,1447,1447,0,0,0,0,1.0,1,1.0,1,1.0,1,0.7501672952460785,42
1002,0,1447,1447,0,0,0,0,1.0,1,1.0,1,1.0,1,0.7386671347026716,43
1003,0,1447,1447,0,0,0,0,1.0,1,1.0,1,1.0,1,0.7386671347026716,43
1004,0,1447,1447,0,0,0,0,1.0,1,1.0,1,1.0,1,0.7386671347026716,43
1005,0,1447,1447,0,0,0,0,1.0,1,1.0,1,1.0,1,0.7421188974390655,44
1006,0,1447,1447,0,0,0,0,1.0,1,1.0,1,1.0,1,0.7381309006197039,46
1007,3,1450,1450,0,0,0,0,1.0,1,1.0,1,1.0,1,0.6932712511748605,46
1008,0,1450,1450,0,0,0,0,1.0,1,1.0,1,1.0,1,0.6969017341001764,47
1009,3,1453,1453,0,0,0,0,1.0,1,1.0,1,1.0,1,0.6786706141113426,48
1010,1,1454,1454,0,0,0,0,1.0,1,1.0,1,1.0,1,0.6723866472950342,48
1011,1,1455,1455,0,0,0,0,1.0,1,1.0,1,1.0,1,0.6742178526282373,48
1012,2,1457,1457,0,0,0,0,1.0,1,1.0,1,1.0,1,0.6713438852150598,49
1013,1,1458,1458,0,0,0,0,1.0,1,1.0,1,1.0,1,0.6699827080756509,50
1014,1,1459,1459,0,0,0,0,1.0,1,1.0,1,1.0,1,0.673171707649723,50
1015,0,1459,1459,0,0,0,0,1.0,1,1.0,1,1.0,1,0.6782054014377131,51
1016,2,1461,1461,0,0,0,0,1.0,1,1.0,1,1.0,1,0.6791688083557933,51
1017,0,1461,1461,0,0,0,0,1.0,1,1.0,1,1.0,1,0.6825991264300901,52
1018,3,1464,1464,0,0,0,0,1.0,1,1.0,1,1.0,1,0.693488450349015,52
1019,2,1466,1466,0,0,0,0,1.0,1,1.0,1,1.0,1,0.6957439158632891,52
1020,1,1467,1467,0,0,0,0,1.0,1,1.0,1,1.0,1,0.6723537427073337,53
1021,0,1467,1467,0,0,0,0,1.0,1,1.0,1,1.0,1,0.6849290282212939,53
1022,0,1467,1467,0,0,0,0,1.0,1,1.0,1,1.0,1,0.6718120705871867,54
1023,0,1467,1467,0,0,0,0,1.0,1,1.0,1,1.0,1,0.6667696666890108,55
1024,0,1467,1467,0,0,0,0,1.0,1,1.0,1,1.0,1,0.6612538931956903,55
1025,0,1467,1467,0,0,0,0,1.0,1,1.0,1,1.0,1,0.6555803273680951,56
1026,0,1467,1467,0,0,0,0,1.0,1,1.0,1,1.0,1,0.6588382849532202,57
1027,0,1467,1467,0,0,0,0,1.0,1,1.0,1,1.0,1,0.653718665320748,58
1028,1,1468,1468,0,0,0,0,1.0,1,1.0,1,1.0,1,0.6465233698732342,58
1029,1,1469,1469,0,0,0,0,1.0,1,1.0,1,1.0,1,0.6581323535882924,59
1030,0,1469,1469,0,0,0,0,1.0,1,1.0,1,1.0,1,0.6551570652976321,60
1031,0,1469,1469,0,0,0,0,1.0,1,1.0,1,1.0,1,0.6551570652976321,60
1032,2,1471,1471,0,0,0,0,1.0,1,1.0,1,1.0,1,0.6572051400414658,61
1033,0,1471,1471,0,0,0,0,1.0,1,1.0,1,1.0,1,0.6605745938488503,60
1034,6,1477,1477,0,0,0,0,1.0,1,1.0,1,1.0,1,0.6380732566283873,60
1035,1,1478,1478,0,0,0,0,1.0,1,1.0,1,1.0,1,0.6582692344609116,59
1036,5,1483,1483,0,0,0,0,1.0,1,1.0,1,1.0,1,0.6668505771381866,60
1037,2,1485,1485,0,0,0,0,1.0,1,1.0,1,1.0,1,0.6679125027861514,59
1038,6,1491,1491,0,0,0,0,1.0,1,1.0,1,1.0,1,0.6682167266199797,60
1039,5,1496,1496,0,0,0,0,1.0,1,1.0,1,1.0,1,0.6754476488894388,60
1040,0,1496,1496,0,0,0,0,1.0,1,1.0,1,1.0,1,0.6802675126945484,58
1041,3,1499,1499,0,0,0,0,1.0,1,1.0,1,1.0,1,0.6792553347769753,56
1042,2,1501,1501,0,0,0,0,1.0,1,1.0,1,1.0,1,0.6830620303409192,55
1043,1,1502,1502,0,0,0,0,1.0,1,1.0,1,1.0,1,0.6889836733570642,55
1044,2,1504,1504,0,0,0,0,1.0,1,1.0,1,1.0,1,0.675298802271102,52
1045,1,1505,1505,0,0,0,0,1.0,1,1.0,1,1.0,1,0.659565664285887,52
1046,4,1509,1509,0,0,0,0,1.0,1,1.0,1,1.0,1,0.6598547837669062,53
1047,1,1510,1510,0,0,0,0,1.0,1,1.0,1,1.0,1,0.6463055474335018,54
1048,1,1511,1511,0,0,0,0,1.0,1,1.0,1,1.0,1,0.6519104925915585,56
1049,2,1513,1513,0,0,0,0,1.0,1,1.0,1,1.0,1,0.6529652721508704,55
1050,1,1514,1514,0,0,0,0,1.0,1,1.0,1,1.0,1,0.6493660103890373,56
1051,1,1515,1515,0,0,0,0,1.0,1,1.0,1,1.0,1,0.6412325205370523,55
1052,0,1515,1515,0,0,0,0,1.0,1,1.0,1,1.0,1,0.6472087914862272,56
1053,0,1515,1515,0,0,0,0,1.0,1,1.0,1,1.0,1,0.6472087914862272,56
1054,1,1516,1516,0,0,0,0,1.0,1,1.0,1,1.0,1,0.6323452174176287,57
1055,0,1516,1516,0,0,0,0,1.0,1,1.0,1,1.0,1,0.6225399350630783,58
1056,0,1516,1516,0,0,0,0,1.0,1,1.0,1,1.0,1,0.6267353106602146,59
1057,0,1516,1516,0,0,0,0,1.0,1,1.0,1,1.0,1,0.6322254324091058,60
1058,2,1518,1518,0,0,0,0,1.0,1,1.0,1,1.0,1,0.6047215149638137,60
1059,3,1521,1521,0,0,0,0,1.0,1,1.0,1,1.0,1,0.6012209650369501,60
1060,2,1523,1523,0,0,0,0,1.0,1,1.0,1,1.0,1,0.5825437790522685,60
1061,4,1527,1527,0,0,0,0,1.0,1,1.0,1,1.0,1,0.5956019477107948,59
1062,3,1530,1530,0,0,0,0,1.0,1,1.0,1,1.0,1,0.5908090662874466,59
1063,5,1535,1535,0,0,0,0,1.0,1,1.0,1,1.0,1,0.5915520751715637,58
1064,2,1537,1537,0,0,0,0,1.0,1,1.0,1,1.0,1,0.6227448852986057,58
1065,3,1540,1540,0,0,0,0,1.0,1,1.0,1,1.0,1,0.5914064373068157,60
1066,1,1541,1541,0,0,0,0,1.0,1,1.0,1,1.0,1,0.5951331068024013,58
1067,3,1544,1544,0,0,0,0,1.0,1,1.0,1,1.0,1,0.5971383017803439,59
1068,2,1546,1546,0,0,0,0,1.0,1,1.0,1,1.0,1,0.5985887485029495,59
1069,3,1549,1549,0,0,0,0,1.0,1,1.0,1,1.0,1,0.5884844629192493,58
1070,2,1551,1551,0,0,0,0,1.0,1,1.0,1,1.0,1,0.5677803579955756,58
1071,1,1552,1552,0,0,0,0,1.0,1,1.0,1,1.0,1,0.5798310816068858,57
1072,1,1553,1553,0,0,0,0,1.0,1,1.0,1,1.0,1,0.5963222419954453,56
1073,2,1555,1555,0,0,0,0,1.0,1,1.0,1,1.0,1,0.6252175057643191,54
1074,2,1557,1557,0,0,0,0,1.0,1,1.0,1,1.0,1,0.6325476559466602,54
1075,2,1559,1559,0,0,0,0,1.0,1,1.0,1,1.0,1,0.6428089263855598,51
1076,1,1560,1560,0,0,0,0,1.0,1,1.0,1,1.0,1,0.6481812204564433,51
1077,2,1562,1562,0,0,0,0,1.0,1,1.0,1,1.0,1,0.6485485920756666,51
1078,3,1565,1565,0,0,0,0,1.0,1,1.0,1,1.0,1,0.6520819141857981,52
1079,3,1568,1568,0,0,0,0,1.0,1,1.0,1,1.0,1,0.6736972860652108,51
1080,2,1570,1570,0,0,0,0,1.0,1,1.0,1,1.0,1,0.6590951679915182,51
1081,2,1572,1572,0,0,0,0,1.0,1,1.0,1,1.0,1,0.676098574615176,48
1082,3,1575,1575,0,0,0,0,1.0,1,1.0,1,1.0,1,0.6887585776805498,47
1083,2,1577,1577,0,0,0,0,1.0,1,1.0,1,1.0,1,0.7149804438170178,46
1084,1,1578,1578,0,0,0,0,1.0,1,1.0,1,1.0,1,0.7055146873143032,45
1085,0,1578,1578,0,0,0,0,1.0,1,1.0,1,1.0,1,0.7001221920787213,46
1086,0,1578,1578,0,0,0,0,1.0,1,1.0,1,1.0,1,0.696963083618434,45
1087,0,1578,1578,0,0,0,0,1.0,1,1.0,1,1.0,1,0.7174103686381137,44
1088,2,1580,1580,0,0,0,0,1.0,1,1.0,1,1.0,1,0.6978385418130714,45
1089,2,1582,1582,0,0,0,0,1.0,1,1.0,1,1.0,1,0.7063100495005724,46
1090,0,1582,1582,0,0,0,0,1.0,1,1.0,1,1.0,1,0.7057390756508796,47
1091,1,1583,1583,0,0,0,0,1.0,1,1.0,1,1.0,1,0.7120765857706791,47
1092,0,1583,1583,0,0,0,0,1.0,1,1.0,1,1.0,1,0.7050261732857082,48
1093,2,1585,1585,0,0,0,0,1.0,1,1.0,1,1.0,1,0.7069288692191799,48
1094,2,1587,1587,0,0,0,0,1.0,1,1.0,1,1.0,1,0.7207889884044147,48
1095,0,1587,1587,0,0,0,0,1.0,1,1.0,1,1.0,1,0.725641792355953,49
1096,2,1589,1589,0,0,0,0,1.0,1,1.0,1,1.0,1,0.7187371200263926,49
1097,0,1589,1589,0,0,0,0,1.0,1,1.0,1,1.0,1,0.7077448951731132,50
1098,3,1592,1592,0,0,0,0,1.0,1,1.0,1,1.0,1,0.6854411801985545,51
1099,4,1596,1596,0,0,0,0,1.0,1,1.0,1,1.0,1,0.6327048839512205,54
1100,2,1598,1598,0,0,0,0,1.0,1,1.0,1,1.0,1,0.6313109312409578,54
1101,2,1600,1600,0,0,0,0,1.0,1,1.0,1,1.0,1,0.6232214040457914,54
1102,3,1603,1603,0,0,0,0,1.0,1,1.0,1,1.0,1,0.5899018151326137,54
1103,4,1607,1607,0,0,0,0,1.0,1,1.0,1,1.0,1,0.5977196419300602,53
1104,1,1608,1608,0,0,0,0,1.0,1,1.0,1,1.0,1,0.5844629142497081,53
1105,3,1611,1611,0,0,0,0,1.0,1,1.0,1,1.0,1,0.5854512496119031,52
1106,0,1611,1611,0,0,0,0,1.0,1,1.0,1,1.0,1,0.5951792678614536,52
1107,3,1614,1614,0,0,0,0,1.0,1,1.0,1,1.0,1,0.6037137014620438,52
1108,2,1616,1616,0,0,0,0,1.0,1,1.0,1,1.0,1,0.6310436314426379,51
1109,5,1621,1621,0,0,0,0,1.0,1,1.0,1,1.0,1,0.6154587605629152,49
1110,1,1622,1622,0,0,0,0,1.0,1,1.0,1,1.0,1,0.6363217502693251,48
1111,4,1626,1626,0,0,0,0,1.0,1,1.0,1,1.0,1,0.6842995906074318,47
1112,2,1628,1628,0,0,0,0,1.0,1,1.0,1,1.0,1,0.7071651894704004,46
1113,2,1630,1630,0,0,0,0,1.0,1,1.0,1,1.0,1,0.7185588537589257,43
1114,2,1632,1632,0,0,0,0,1.0,1,1.0,1,1.0,1,0.7738581736658612,41
1115,3,1635,1635,0,0,0,0,1.0,1,1.0,1,1.0,1,0.7583949786821661,40
1116,0,1635,1635,0,0,0,0,1.0,1,1.0,1,1.0,1,0.7547258117439095,39
1117,2,1637,1637,0,0,0,0,1.0,1,1.0,1,1.0,1,0.7379219478605418,40
1118,1,1638,1638,0,0,0,0,1.0,1,1.0,1,1.0,1,0.7100137203613266,40
1119,2,1640,1640,0,0,0,0,1.0,1,1.0,1,1.0,1,0.6987553619288325,40
1120,0,1640,1640,0,0,0,0,1.0,1,1.0,1,1.0,1,0.6987553619288325,40
1121,0,1640,1640,0,0,0,0,1.0,1,1.0,1,1.0,1,0.6987553619288325,40
1122,1,1641,1641,0,0,0,0,1.0,1,1.0,1,1.0,1,0.7097454963266168,41
1123,3,1644,1644,0,0,0,0,1.0,1,1.0,1,1.0,1,0.7450285293544143,41
1124,1,1645,1645,0,0,0,0,1.0,1,1.0,1,1.0,1,0.7391182956703267,41
1125,0,1645,1645,0,0,0,0,1.0,1,1.0,1,1.0,1,0.7399307382235862,41
1126,3,1648,1648,0,0,0,0,1.0,1,1.0,1,1.0,1,0.7078463207453742,41
1127,0,1648,1648,0,0,0,0,1.0,1,1.0,1,1.0,1,0.7078463207453742,41
1128,2,1650,1650,0,0,0,0,1.0,1,1.0,1,1.0,1,0.6996924046711527,42
1129,2,1652,1652,0,0,0,0,1.0,1,1.0,1,1.0,1,0.6913686612525121,42
1130,1,1653,1653,0,0,0,0,1.0,1,1.0,1,1.0,1,0.684496511867179,42
1131,2,1655,1655,0,0,0,0,1.0,1,1.0,1,1.0,1,0.6713652658487872,42
1132,2,1657,1657,0,0,0,0,1.0,1,1.0,1,1.0,1,0.6374926788792701,43
1133,0,1657,1657,0,0,0,0,1.0,1,1.0,1,1.0,1,0.6295062649442452,45
1134,1,1658,1658,0,0,0,0,1.0,1,1.0,1,1.0,1,0.626619033130552,46
1135,0,1658,1658,0,0,0,0,1.0,1,1.0,1,1.0,1,0.6358216875952034,45
1136,1,1659,1659,0,0,0,0,1.0,1,1.0,1,1.0,1,0.6224034916736909,48
1137,1,1660,1660,0,0,0,0,1.0,1,1.0,1,1.0,1,0.6323152242105682,49
1138,2,1662,1662,0,0,0,0,1.0,1,1.0,1,1.0,1,0.609066836881164,49
1139,0,1662,1662,0,0,0,0,1.0,1,1.0,1,1.0,1,0.6277752731714454,49
1140,2,1664,1664,0,0,0,0,1.0,1,1.0,1,1.0,1,0.6032614110812442,49
1141,1,1665,1665,0,0,0,0,1.0,1,1.0,1,1.0,1,0.6471481936597993,48
1142,6,1671,1671,0,0,0,0,1.0,1,1.0,1,1.0,1,0.6516266447103063,48
1143,3,1674,1674,0,0,0,0,1.0,1,1.0,1,1.0,1,0.6838259466738181,48
1144,6,1680,1680,0,0,0,0,1.0,1,1.0,1,1.0,1,0.6660799059312813,48
1145,2,1682,1682,0,0,0,0,1.0,1,1.0,1,1.0,1,0.6522181058536622,48
1146,1,1683,1683,0,0,0,0,1.0,1,1.0,1,1.0,1,0.6708293374777542,48
1147,0,1683,1683,0,0,0,0,1.0,1,1.0,1,1.0,1,0.6932162635049224,46
1148,3,1686,1686,0,0,0,0,1.0,1,1.0,1,1.0,1,0.6872895119294509,46
1149,0,1686,1686,0,0,0,0,1.0,1,1.0,1,1.0,1,0.7036141983440033,45
1150,3,1689,1689,0,0,0,0,1.0,1,1.0,1,1.0,1,0.7111114212092959,46
1151,0,1689,1689,0,0,0,0,1.0,1,1.0,1,1.0,1,0.7033575416143948,44
1152,0,1689,1689,0,0,0,0,1.0,1,1.0,1,1.0,1,0.6886163669818983,44
1153,4,1693,1693,0,0,0,0,1.0,1,1.0,1,1.0,1,0.6880697671664155,43
1154,2,1695,1695,0,0,0,0,1.0,1,1.0,1,1.0,1,0.6876708379682922,43
1155,2,1697,1697,0,0,0,0,1.0,1,1.0,1,1.0,1,0.6978964244096741,43
1156,1,1698,1698,0,0,0,0,1.0,1,1.0,1,1.0,1,0.6892288089465841,42
1157,1,1699,1699,0,0,0,0,1.0,1,1.0,1,1.0,1,0.7098615948269151,42
1158,2,1701,1701,0,0,0,0,1.0,1,1.0,1,1.0,1,0.6952457832789903,41
1159,0,1701,1701,0,0,0,0,1.0,1,1.0,1,1.0,1,0.6959395204109523,41
1160,2,1703,1703,0,0,0,0,1.0,1,1.0,1,1.0,1,0.6816525103547723,41
1161,0,1703,1703,0,0,0,0,1.0,1,1.0,1,1.0,1,0.6812360075925247,42
1162,0,1703,1703,0,0,0,0,1.0,1,1.0,1,1.0,1,0.6756241032407622,43
1163,0,1703,1703,0,0,0,0,1.0,1,1.0,1,1.0,1,0.6756241032407622,43
1164,0,1703,1703,0,0,0,0,1.0,1,1.0,1,1.0,1,0.6683972176046585,44
1165,0,1703,1703,0,0,0,0,1.0,1,1.0,1,1.0,1,0.6683972176046585,44
1166,1,1704,1704,0,0,0,0,1.0,1,1.0,1,1.0,1,0.6560223986559398,46
1167,1,1705,1705,0,0,0,0,1.0,1,1.0,1,1.0,1,0.6692904968622911,46
1168,0,1705,1705,0,0,0,0,1.0,1,1.0,1,1.0,1,0.663699922433516,47
1169,3,1708,1708,0,0,0,0,1.0,1,1.0,1,1.0,1,0.6525377495109463,46
1170,0,1708,1708,0,0,0,0,1.0,1,1.0,1,1.0,1,0.6485302243448411,48
1171,2,1710,1710,0,0,0,0,1.0,1,1.0,1,1.0,1,0.6760653497656842,49
1172,0,1710,1710,0,0,0,0,1.0,1,1.0,1,1.0,1,0.6760653497656842,49
1173,0,1710,1710,0,0,0,0,1.0,1,1.0,1,1.0,1,0.6760653497656842,49
1174,1,1711,1711,0,0,0,0,1.0,1,1.0,1,1.0,1,0.6886339834922868,49
1175,0,1711,1711,0,0,0,0,1.0,1,1.0,1,1.0,1,0.691202517010395,50
1176,0,1711,1711,0,0,0,0,1.0,1,1.0,1,1.0,1,0.6957302313085899,52
1177,2,1713,1713,0,0,0,0,1.0,1,1.0,1,1.0,1,0.7085173061221487,52
1178,2,1715,1715,0,0,0,0,1.0,1,1.0,1,1.0,1,0.6919497315928503,52
1179,1,1716,1716,0,0,0,0,1.0,1,1.0,1,1.0,1,0.6584281185716357,53
1180,0,1716,1716,0,0,0,0,1.0,1,1.0,1,1.0,1,0.6484995096891347,54
1181,0,1716,1716,0,0,0,0,1.0,1,1.0,1,1.0,1,0.6523979746784739,55
1182,1,1717,1717,0,0,0,0,1.0,1,1.0,1,1.0,1,0.6552541096731178,55
1183,1,1718,1718,0,0,0,0,1.0,1,1.0,1,1.0,1,0.6628343423925449,53
1184,2,1720,1720,0,0,0,0,1.0,1,1.0,1,1.0,1,0.6666074504663796,54
1185,0,1720,1720,0,0,0,0,1.0,1,1.0,1,1.0,1,0.6743096907189763,53
1186,0,1720,1720,0,0,0,0,1.0,1,1.0,1,1.0,1,0.6711387482913412,54
1187,1,1721,1721,0,0,0,0,1.0,1,1.0,1,1.0,1,0.6868904918459037,55
1188,1,1722,1722,0,0,0,0,1.0,1,1.0,1,1.0,1,0.6982614479059015,55
1189,2,1724,1724,0,0,0,0,1.0,1,1.0,1,1.0,1,0.7223731521864293,54
1190,0,1724,1724,0,0,0,0,1.0,1,1.0,1,1.0,1,0.7138055347362614,55
1191,0,1724,1724,0,0,0,0,1.0,1,1.0,1,1.0,1,0.7107579755113749,54
1192,0,1724,1724,0,0,0,0,1.0,1,1.0,1,1.0,1,0.7031680619019653,52
1193,0,1724,1724,0,0,0,0,1.0,1,1.0,1,1.0,1,0.7062583957795209,53
1194,2,1726,1726,0,0,0,0,1.0,1,1.0,1,1.0,1,0.6979952950498953,53
1195,3,1729,1729,0,0,0,0,1.0,1,1.0,1,1.0,1,0.6803230054582178,54
1196,2,1731,1731,0,0,0,0,1.0,1,1.0,1,1.0,1,0.6751645257508494,56
1197,2,1733,1733,0,0,0,0,1.0,1,1.0,1,1.0,1,0.6819252684596695,56
1198,1,1734,1734,0,0,0,0,1.0,1,1.0,1,1.0,1,0.6812782258616907,58
1199,3,1737,1737,0,0,0,0,1.0,1,1.0,1,1.0,1,0.6802664197549275,58
1200,0,1737,1737,0,0,0,0,1.0,1,1.0,1,1.0,1,0.6802664197549275,58
1201,1,1738,1738,0,0,0,0,1.0,1,1.0,1,1.0,1,0.6932778369411928,58
1202,0,1738,1738,0,0,0,0,1.0,1,1.0,1,1.0,1,0.673891504622877,60
1203,1,1739,1739,0,0,0,0,1.0,1,1.0,1,1.0,1,0.6768414460438936,58
1204,1,1740,1740,0,0,0,0,1.0,1,1.0,1,1.0,1,0.6825983864212378,59
1205,1,1741,1741,0,0,0,0,1.0,1,1.0,1,1.0,1,0.6928870607433927,59
1206,1,1742,1742,0,0,0,0,1.0,1,1.0,1,1.0,1,0.6994812446304767,58
1207,0,1742,1742,0,0,0,0,1.0,1,1.0,1,1.0,1,0.6926955047738558,60
1208,1,1743,1743,0,0,0,0,1.0,1,1.0,1,1.0,1,0.6899246610662696,60
1209,0,1743,1743,0,0,0,0,1.0,1,1.0,1,1.0,1,0.6926304351457109,61
1210,1,1744,1744,0,0,0,0,1.0,1,1.0,1,1.0,1,0.689001782575133,61
1211,2,1746,1746,0,0,0,0,1.0,1,1.0,1,1.0,1,0.6649893235294692,63
1212,0,1746,1746,0,0,0,0,1.0,1,1.0,1,1.0,1,0.6649893235294692,63
1213,1,1747,1747,0,0,0,0,1.0,1,1.0,1,1.0,1,0.6623234871248568,63
1214,1,1748,1748,0,0,0,0,1.0,1,1.0,1,1.0,1,0.667382130591865,62
1215,1,1749,1749,0,0,0,0,1.0,1,1.0,1,1.0,1,0.6531238647773582,63
1216,1,1750,1750,0,0,0,0,1.0,1,1.0,1,1.0,1,0.6634691667090862,64
1217,1,1751,1751,0,0,0,0,1.0,1,1.0,1,1.0,1,0.6582562951593077,65
1218,3,1754,1754,0,0,0,0,1.0,1,1.0,1,1.0,1,0.6469923015903031,64
1219,0,1754,1754,0,0,0,0,1.0,1,1.0,1,1.0,1,0.6506700305072685,65
1220,3,1757,1757,0,0,0,0,1.0,1,1.0,1,1.0,1,0.6379402624675723,64
1221,3,1760,1760,0,0,0,0,1.0,1,1.0,1,1.0,1,0.6201580941934307,65
1222,4,1764,1764,0,0,0,0,1.0,1,1.0,1,1.0,1,0.6215192431790968,66
1223,2,1766,1766,0,0,0,0,1.0,1,1.0,1,1.0,1,0.6144950444600674,64
1224,4,1770,1770,0,0,0,0,1.0,1,1.0,1,1.0,1,0.6112627585837244,66
1225,5,1775,1775,0,0,0,0,1.0,1,1.0,1,1.0,1,0.6329323584524585,66
1226,4,1779,1779,0,0,0,0,1.0,1,1.0,1,1.0,1,0.6075843158487508,68
1227,1,1780,1780,0,0,0,0,1.0,1,1.0,1,1.0,1,0.6029564385506909,64
1228,2,1782,1782,0,0,0,0,1.0,1,1.0,1,1.0,1,0.6182503436581425,62
1229,3,1785,1785,0,0,0,0,1.0,1,1.0,1,1.0,1,0.6083759990317431,61
1230,2,1787,1787,0,0,0,0,1.0,1,1.0,1,1.0,1,0.6377878653475889,58
1231,1,1788,1788,0,0,0,0,1.0,1,1.0,1,1.0,1,0.6414155962978216,57
1232,1,1789,1789,0,0,0,0,1.0,1,1.0,1,1.0,1,0.659881200392419,53
1233,3,1792,1792,0,0,0,0,1.0,1,1.0,1,1.0,1,0.6587333952053913,53
1234,0,1792,1792,0,0,0,0,1.0,1,1.0,1,1.0,1,0.6479078056426093,54
1235,1,1793,1793,0,0,0,0,1.0,1,1.0,1,1.0,1,0.6587258581685611,55
1236,1,1794,1794,0,0,0,0,1.0,1,1.0,1,1.0,1,0.6793815458676126,55
1237,2,1796,1796,0,0,0,0,1.0,1,1.0,1,1.0,1,0.681954722758056,55
1238,0,1796,1796,0,0,0,0,1.0,1,1.0,1,1.0,1,0.6909968833741393,54
1239,2,1798,1798,0,0,0,0,1.0,1,1.0,1,1.0,1,0.6750336693318848,55
1240,0,1798,1798,0,0,0,0,1.0,1,1.0,1,1.0,1,0.6750336693318848,55
1241,1,1799,1799,0,0,0,0,1.0,1,1.0,1,1.0,1,0.6605455595787247,54
1242,1,1800,1800,0,0,0,0,1.0,1,1.0,1,1.0,1,0.6616604061687724,54
1243,0,1800,1800,0,0,0,0,1.0,1,1.0,1,1.0,1,0.6617754111341871,55
1244,0,1800,1800,0,0,0,0,1.0,1,1.0,1,1.0,1,0.6667445962404444,55
1245,1,1801,1801,0,0,0,0,1.0,1,1.0,1,1.0,1,0.6608924505421891,55
1246,2,1803,1803,0,0,0,0,1.0,1,1.0,1,1.0,1,0.6639061340127262,55
1247,0,1803,1803,0,0,0,0,1.0,1,1.0,1,1.0,1,0.6669926776689891,57
1248,2,1805,1805,0,0,0,0,1.0,1,1.0,1,1.0,1,0.6692779029720994,56
1249,3,1808,1808,0,0,0,0,1.0,1,1.0,1,1.0,1,0.6838660881451615,56
1250,4,1812,1812,0,0,0,0,1.0,1,1.0,1,1.0,1,0.6823071883995696,56
1251,0,1812,1812,0,0,0,0,1.0,1,1.0,1,1.0,1,0.6731514973185408,58
1252,1,1813,1813,0,0,0,0,1.0,1,1.0,1,1.0,1,0.6785529416807892,58
1253,2,1815,1815,0,0,0,0,1.0,1,1.0,1,1.0,1,0.6779810583984911,58
1254,1,1816,1816,0,0,0,0,1.0,1,1.0,1,1.0,1,0.652039535024521,60
1255,1,1817,1817,0,0,0,0,1.0,1,1.0,1,1.0,1,0.6503579186122377,61
1256,0,1817,1817,0,0,0,0,1.0,1,1.0,1,1.0,1,0.6503579186122377,61
1257,0,1817,1817,0,0,0,0,1.0,1,1.0,1,1.0,1,0.6437646537923859,62
1258,3,1820,1820,0,0,0,0,1.0,1,1.0,1,1.0,1,0.619300171244143,63
1259,1,1821,1821,0,0,0,0,1.0,1,1.0,1,1.0,1,0.6057478313827647,63
1260,2,1823,1823,0,0,0,0,1.0,1,1.0,1,1.0,1,0.5862961938789976,63
1261,1,1824,1824,0,0,0,0,1.0,1,1.0,1,1.0,1,0.5780233974426789,63
1262,4,1828,1828,0,0,0,0,1.0,1,1.0,1,1.0,1,0.5821397059858089,64
1263,3,1831,1831,0,0,0,0,1.0,1,1.0,1,1.0,1,0.5803954473177073,63
1264,5,1836,1836,0,0,0,0,1.0,1,1.0,1,1.0,1,0.5997807612868779,63
1265,3,1839,1839,0,0,0,0,1.0,1,1.0,1,1.0,1,0.6041978849012298,60
1266,5,1844,1844,0,0,0,0,1.0,1,1.0,1,1.0,1,0.6089069601834973,61
1267,3,1847,1847,0,0,0,0,1.0,1,1.0,1,1.0,1,0.6256759265295353,58
1268,3,1850,1850,0,0,0,0,1.0,1,1.0,1,1.0,1,0.6488917185157548,54
1269,3,1853,1853,0,0,0,0,1.0,1,1.0,1,1.0,1,0.6248996669801872,54
1270,0,1853,1853,0,0,0,0,1.0,1,1.0,1,1.0,1,0.6182122455381307,51
1271,2,1855,1855,0,0,0,0,1.0,1,1.0,1,1.0,1,0.6483756026174441,50
1272,0,1855,1855,0,0,0,0,1.0,1,1.0,1,1.0,1,0.6551140009640322,47
1273,0,1855,1855,0,0,0,0,1.0,1,1.0,1,1.0,1,0.6551140009640322,47
1274,3,1858,1858,0,0,0,0,1.0,1,1.0,1,1.0,1,0.6673001023901708,49
1275,1,1859,1859,0,0,0,0,1.0,1,1.0,1,1.0,1,0.6628383869817953,48
1276,3,1862,1862,0,0,0,0,1.0,1,1.0,1,1.0,1,0.656433810220402,49
1277,4,1866,1866,0,0,0,0,1.0,1,1.0,1,1.0,1,0.6850484090241418,50
1278,1,1867,1867,0,0,0,0,1.0,1,1.0,1,1.0,1,0.6858047249080804,51
1279,1,1868,1868,0,0,0,0,1.0,1,1.0,1,1.0,1,0.6792528296228175,51
1280,0,1868,1868,0,0,0,0,1.0,1,1.0,1,1.0,1,0.6624458454355796,52
1281,1,1869,1869,0,0,0,0,1.0,1,1.0,1,1.0,1,0.65140876685748,52
1282,3,1872,1872,0,0,0,0,1.0,1,1.0,1,1.0,1,0.6460946010525127,52
1283,2,1874,1874,0,0,0,0,1.0,1,1.0,1,1.0,1,0.6669785722718693,52
1284,0,1874,1874,0,0,0,0,1.0,1,1.0,1,1.0,1,0.6669785722718693,52
1285,0,1874,1874,0,0,0,0,1.0,1,1.0,1,1.0,1,0.6813360468120354,51
1286,0,1874,1874,0,0,0,0,1.0,1,1.0,1,1.0,1,0.685502969426575,52
1287,1,1875,1875,0,0,0,0,1.0,1,1.0,1,1.0,1,0.673082834492482,54
1288,1,1876,1876,0,0,0,0,1.0,1,1.0,1,1.0,1,0.6688359526446284,55
1289,0,1876,1876,0,0,0,0,1.0,1,1.0,1,1.0,1,0.6542664582731904,56
1290,0,1876,1876,0,0,0,0,1.0,1,1.0,1,1.0,1,0.6429043966618704,57
1291,2,1878,1878,0,0,0,0,1.0,1,1.0,1,1.0,1,0.6408691297544208,58
1292,1,1879,1879,0,0,0,0,1.0,1,1.0,1,1.0,1,0.6269743501010479,59
1293,3,1882,1882,0,0,0,0,1.0,1,1.0,1,1.0,1,0.6153891701005649,59
1294,0,1882,1882,0,0,0,0,1.0,1,1.0,1,1.0,1,0.6153891701005649,59
1295,1,1883,1883,0,0,0,0,1.0,1,1.0,1,1.0,1,0.6124431247808522,59
1296,2,1885,1885,0,0,0,0,1.0,1,1.0,1,1.0,1,0.6195975162515959,59
1297,0,1885,1885,0,0,0,0,1.0,1,1.0,1,1.0,1,0.6135828036269618,61
1298,3,1888,1888,0,0,0,0,1.0,1,1.0,1,1.0,1,0.5951640718781473,61
1299,3,1891,1891,0,0,0,0,1.0,1,1.0,1,1.0,1,0.5813427313103166,60
1300,2,1893,1893,0,0,0,0,1.0,1,1.0,1,1.0,1,0.5769752597503485,59
1301,1,1894,1894,0,0,0,0,1.0,1,1.0,1,1.0,1,0.5842961443398502,59
1302,4,1898,1898,0,0,0,0,1.0,1,1.0,1,1.0,1,0.6073984539996005,59
1303,5,1903,1903,0,0,0,0,1.0,1,1.0,1,1.0,1,0.6226813297786397,55
1304,7,1910,1910,0,0,0,0,1.0,1,1.0,1,1.0,1,0.6247078677758555,56
1305,1,1911,1911,0,0,0,0,1.0,1,1.0,1,1.0,1,0.6500475440861065,54
1306,2,1913,1913,0,0,0,0,1.0,1,1.0,1,1.0,1,0.6496837634754281,53
1307,2,1915,1915,0,0,0,0,1.0,1,1.0,1,1.0,1,0.6491995788433168,52
1308,3,1918,1918,0,0,0,0,1.0,1,1.0,1,1.0,1,0.6414041726467581,52
1309,4,1922,1922,0,0,0,0,1.0,1,1.0,1,1.0,1,0.6255900777082801,54
1310,2,1924,1924,0,0,0,0,1.0,1,1.0,1,1.0,1,0.6377006195681031,52
1311,2,1926,1926,0,0,0,0,1.0,1,1.0,1,1.0,1,0.6289961314667326,51
1312,2,1928,1928,0,0,0,0,1.0,1,1.0,1,1.0,1,0.6402243921477723,49
1313,0,1928,1928,0,0,0,0,1.0,1,1.0,1,1.0,1,0.6506333384422366,47
1314,3,1931,1931,0,0,0,0,1.0,1,1.0,1,1.0,1,0.6587806210038778,46
1315,0,1931,1931,0,0,0,0,1.0,1,1.0,1,1.0,1,0.6755844754894962,45
1316,2,1933,1933,0,0,0,0,1.0,1,1.0,1,1.0,1,0.6623738540090768,46
1317,0,1933,1933,0,0,0,0,1.0,1,1.0,1,1.0,1,0.6566385025022154,45
1318,1,1934,1934,0,0,0,0,1.0,1,1.0,1,1.0,1,0.6581424805279542,46
1319,0,1934,1934,0,0,0,0,1.0,1,1.0,1,1.0,1,0.6581424805279542,46
1320,2,1936,1936,0,0,0,0,1.0,1,1.0,1,1.0,1,0.6446297366522347,46
1321,0,1936,1936,0,0,0,0,1.0,1,1.0,1,1.0,1,0.6226052998296302,48
1322,1,1937,1937,0,0,0,0,1.0,1,1.0,1,1.0,1,0.6260690897262197,49
1323,0,1937,1937,0,0,0,0,1.0,1,1.0,1,1.0,1,0.6291748813585143,49
1324,1,1938,1938,0,0,0,0,1.0,1,1.0,1,1.0,1,0.6396040141665045,50
1325,1,1939,1939,0,0,0,0,1.0,1,1.0,1,1.0,1,0.6526789244689959,49
1326,1,1940,1940,0,0,0,0,1.0,1,1.0,1,1.0,1,0.6767399454152988,50
1327,1,1941,1941,0,0,0,0,1.0,1,1.0,1,1.0,1,0.6777392313647981,50
1328,0,1941,1941,0,0,0,0,1.0,1,1.0,1,1.0,1,0.6954184430444277,49
1329,0,1941,1941,0,0,0,0,1.0,1,1.0,1,1.0,1,0.6948424202887211,50
1330,2,1943,1943,0,0,0,0,1.0,1,1.0,1,1.0,1,0.6873664841252802,50
1331,1,1944,1944,0,0,0,0,1.0,1,1.0,1,1.0,1,0.7042860583083009,50
1332,2,1946,1946,0,0,0,0,1.0,1,1.0,1,1.0,1,0.7062723883160685,51
1333,0,1946,1946,0,0,0,0,1.0,1,1.0,1,1.0,1,0.705259542171773,52
1334,1,1947,1947,0,0,0,0,1.0,1,1.0,1,1.0,1,0.7037733383386257,54
1335,0,1947,1947,0,0,0,0,1.0,1,1.0,1,1.0,1,0.7037733383386257,54
1336,0,1947,1947,0,0,0,0,1.0,1,1.0,1,1.0,1,0.6964268843604131,56
1337,1,1948,1948,0,0,0,0,1.0,1,1.0,1,1.0,1,0.6919566418443132,57
1338,4,1952,1952,0,0,0,0,1.0,1,1.0,1,1.0,1,0.6709827648505347,57
1339,1,1953,1953,0,0,0,0,1.0,1,1.0,1,1.0,1,0.6557077680104723,58
1340,4,1957,1957,0,0,0,0,1.0,1,1.0,1,1.0,1,0.6511542220010668,59
1341,5,1962,1962,0,0,0,0,1.0,1,1.0,1,1.0,1,0.6429618384161193,57
1342,2,1964,1964,0,0,0,0,1.0,1,1.0,1,1.0,1,0.636333606459093,57
1343,1,1965,1965,0,0,0,0,1.0,1,1.0,1,1.0,1,0.6269384202637567,55
1344,3,1968,1968,0,0,0,0,1.0,1,1.0,1,1.0,1,0.6299724597383418,54
1345,2,1970,1970,0,0,0,0,1.0,1,1.0,1,1.0,1,0.6365501655868362,53
1346,1,1971,1971,0,0,0,0,1.0,1,1.0,1,1.0,1,0.6495795711312367,53
1347,1,1972,1972,0,0,0,0,1.0,1,1.0,1,1.0,1,0.6622474078276159,51
1348,3,1975,1975,0,0,0,0,1.0,1,1.0,1,1.0,1,0.6683147389025691,52
1349,0,1975,1975,0,0,0,0,1.0,1,1.0,1,1.0,1,0.67445465253848,50
1350,1,1976,1976,0,0,0,0,1.0,1,1.0,1,1.0,1,0.6673873347704443,51
1351,0,1976,1976,0,0,0,0,1.0,1,1.0,1,1.0,1,0.6733647750034089,50
1352,1,1977,1977,0,0,0,0,1.0,1,1.0,1,1.0,1,0.6685827994303287,50
1353,1,1978,1978,0,0,0,0,1.0,1,1.0,1,1.0,1,0.6789957459709158,50
1354,1,1979,1979,0,0,0,0,1.0,1,1.0,1,1.0,1,0.7021248496753854,51
1355,1,1980,1980,0,0,0,0,1.0,1,1.0,1,1.0,1,0.6779923369492531,53
1356,2,1982,1982,0,0,0,0,1.0,1,1.0,1,1.0,1,0.6848001086184734,52
1357,1,1983,1983,0,0,0,0,1.0,1,1.0,1,1.0,1,0.6844812596124455,52
1358,1,1984,1984,0,0,0,0,1.0,1,1.0,1,1.0,1,0.6798992424303824,53
1359,2,1986,1986,0,0,0,0,1.0,1,1.0,1,1.0,1,0.6980594543178367,54
1360,1,1987,1987,0,0,0,0,1.0,1,1.0,1,1.0,1,0.6945665551362615,55
1361,2,1989,1989,0,0,0,0,1.0,1,1.0,1,1.0,1,0.6990033726642885,55
1362,0,1989,1989,0,0,0,0,1.0,1,1.0,1,1.0,1,0.6849786929479967,56
1363,0,1989,1989,0,0,0,0,1.0,1,1.0,1,1.0,1,0.6849786929479967,56
1364,2,1991,1991,0,0,0,0,1.0,1,1.0,1,1.0,1,0.6848121959732293,55
1365,0,1991,1991,0,0,0,0,1.0,1,1.0,1,1.0,1,0.6887417877884372,56
1366,0,1991,1991,0,0,0,0,1.0,1,1.0,1,1.0,1,0.6922084721851851,57
1367,2,1993,1993,0,0,0,0,1.0,1,1.0,1,1.0,1,0.6807439578687777,57
1368,2,1995,1995,0,0,0,0,1.0,1,1.0,1,1.0,1,0.6765830543542769,58
1369,2,1997,1997,0,0,0,0,1.0,1,1.0,1,1.0,1,0.662053180881122,59
1370,1,1998,1998,0,0,0,0,1.0,1,1.0,1,1.0,1,0.6499089499455547,60
1371,2,2000,2000,0,0,0,0,1.0,1,1.0,1,1.0,1,0.6420490770896475,59
1372,0,2000,2000,0,0,0,0,1.0,1,1.0,1,1.0,1,0.6420490770896475,59
1373,3,2003,2003,0,0,0,0,1.0,1,1.0,1,1.0,1,0.6300844372826635,59
1374,1,2004,2004,0,0,0,0,1.0,1,1.0,1,1.0,1,0.6245613911626545,59
1375,1,2005,2005,0,0,0,0,1.0,1,1.0,1,1.0,1,0.6282017511715543,62
1376,3,2008,2008,0,0,0,0,1.0,1,1.0,1,1.0,1,0.6228692683698169,61
1377,2,2010,2010,0,0,0,0,1.0,1,1.0,1,1.0,1,0.6165755817606239,63
1378,5,2015,2015,0,0,0,0,1.0,1,1.0,1,1.0,1,0.6106342788446496,62
1379,2,2017,2017,0,0,0,0,1.0,1,1.0,1,1.0,1,0.6226701483536214,61
1380,3,2020,2020,0,0,0,0,1.0,1,1.0,1,1.0,1,0.6039136796211472,60
1381,4,2024,2024,0,0,0,0,1.0,1,1.0,1,1.0,1,0.6132503821606103,58
1382,3,2027,2027,0,0,0,0,1.0,1,1.0,1,1.0,1,0.6145841385337264,56
1383,4,2031,2031,0,0,0,0,1.0,1,1.0,1,1.0,1,0.6056255456155948,57
1384,4,2035,2035,0,0,0,0,1.0,1,1.0,1,1.0,1,0.6055236479993835,55
1385,1,2036,2036,0,0,0,0,1.0,1,1.0,1,1.0,1,0.596991249312845,55
1386,1,2037,2037,0,0,0,0,1.0,1,1.0,1,1.0,1,0.6019401576217397,54
1387,1,2038,2038,0,0,0,0,1.0,1,1.0,1,1.0,1,0.6136777413084404,53
1388,3,2041,2041,0,0,0,0,1.0,1,1.0,1,1.0,1,0.6496574010898322,52
1389,1,2042,2042,0,0,0,0,1.0,1,1.0,1,1.0,1,0.6682980248351122,52
1390,0,2042,2042,0,0,0,0,1.0,1,1.0,1,1.0,1,0.6752403188610614,51
1391,0,2042,2042,0,0,0,0,1.0,1,1.0,1,1.0,1,0.6792770982767121,52
1392,1,2043,2043,0,0,0,0,1.0,1,1.0,1,1.0,1,0.6661594485399132,51
1393,1,2044,2044,0,0,0,0,1.0,1,1.0,1,1.0,1,0.6791736327513321,51
1394,1,2045,2045,0,0,0,0,1.0,1,1.0,1,1.0,1,0.6872579113785756,52
1395,0,2045,2045,0,0,0,0,1.0,1,1.0,1,1.0,1,0.6872579113785756,52
1396,0,2045,2045,0,0,0,0,1.0,1,1.0,1,1.0,1,0.6753982157500578,53
1397,1,2046,2046,0,0,0,0,1.0,1,1.0,1,1.0,1,0.6715712571444067,56
1398,1,2047,2047,0,0,0,0,1.0,1,1.0,1,1.0,1,0.6752952725776576,56
1399,0,2047,2047,0,0,0,0,1.0,1,1.0,1,1.0,1,0.6643892725298343,57
1400,1,2048,2048,0,0,0,0,1.0,1,1.0,1,1.0,1,0.6586345943345429,57
1401,1,2049,2049,0,0,0,0,1.0,1,1.0,1,1.0,1,0.6528621966601159,57
1402,3,2052,2052,0,0,0,0,1.0,1,1.0,1,1.0,1,0.6632292140907055,57
1403,0,2052,2052,0,0,0,0,1.0,1,1.0,1,1.0,1,0.6719293730423058,56
1404,1,2053,2053,0,0,0,0,1.0,1,1.0,1,1.0,1,0.6583702607500337,58
1405,0,2053,2053,0,0,0,0,1.0,1,1.0,1,1.0,1,0.6714546217806068,58
1406,1,2054,2054,0,0,0,0,1.0,1,1.0,1,1.0,1,0.6622263123464758,58
1407,1,2055,2055,0,0,0,0,1.0,1,1.0,1,1.0,1,0.6698276383551688,57
1408,1,2056,2056,0,0,0,0,1.0,1,1.0,1,1.0,1,0.6659046269400971,58
1409,1,2057,2057,0,0,0,0,1.0,1,1.0,1,1.0,1,0.6667116062360031,57
1410,0,2057,2057,0,0,0,0,1.0,1,1.0,1,1.0,1,0.6667116062360031,57
1411,0,2057,2057,0,0,0,0,1.0,1,1.0,1,1.0,1,0.6776465338026236,56
1412,0,2057,2057,0,0,0,0,1.0,1,1.0,1,1.0,1,0.6778572660834047,55
1413,1,2058,2058,0,0,0,0,1.0,1,1.0,1,1.0,1,0.6691305596979479,57
1414,1,2059,2059,0,0,0,0,1.0,1,1.0,1,1.0,1,0.6769033667715009,57
1415,0,2059,2059,0,0,0,0,1.0,1,1.0,1,1.0,1,0.66769577029288,60
1416,3,2062,2062,0,0,0,0,1.0,1,1.0,1,1.0,1,0.6865971486645835,61
1417,2,2064,2064,0,0,0,0,1.0,1,1.0,1,1.0,1,0.6903335381398207,59
1418,3,2067,2067,0,0,0,0,1.0,1,1.0,1,1.0,1,0.7014644813315553,60
1419,4,2071,2071,0,0,0,0,1.0,1,1.0,1,1.0,1,0.6814796161085142,59
1420,2,2073,2073,0,0,0,0,1.0,1,1.0,1,1.0,1,0.6648415597812101,58
1421,1,2074,2074,0,0,0,0,1.0,1,1.0,1,1.0,1,0.6542225556979985,57
1422,3,2077,2077,0,0,0,0,1.0,1,1.0,1,1.0,1,0.6387401497155262,57
1423,2,2079,2079,0,0,0,0,1.0,1,1.0,1,1.0,1,0.6347528681191387,56
1424,3,2082,2082,0,0,0,0,1.0,1,1.0,1,1.0,1,0.6446575270500166,57
1425,2,2084,2084,0,0,0,0,1.0,1,1.0,1,1.0,1,0.6703273448071101,54
1426,3,2087,2087,0,0,0,0,1.0,1,1.0,1,1.0,1,0.6523313648824988,54
1427,2,2089,2089,0,0,0,0,1.0,1,1.0,1,1.0,1,0.6658988750425413,53
1428,4,2093,2093,0,0,0,0,1.0,1,1.0,1,1.0,1,0.625994601778039,52
1429,1,2094,2094,0,0,0,0,1.0,1,1.0,1,1.0,1,0.6147442613356434,52
1430,2,2096,2096,0,0,0,0,1.0,1,1.0,1,1.0,1,0.5886258795656699,51
1431,0,2096,2096,0,0,0,0,1.0,1,1.0,1,1.0,1,0.5885135313820714,51
1432,3,2099,2099,0,0,0,0,1.0,1,1.0,1,1.0,1,0.6240076869142843,52
1433,6,2105,2105,0,0,0,0,1.0,1,1.0,1,1.0,1,0.6030477026581375,52
1434,5,2110,2110,0,0,0,0,1.0,1,1.0,1,1.0,1,0.6017648633934624,52
1435,2,2112,2112,0,0,0,0,1.0,1,1.0,1,1.0,1,0.634949936295012,50
1436,1,2113,2113,0,0,0,0,1.0,1,1.0,1,1.0,1,0.6446569446891505,50
1437,1,2114,2114,0,0,0,0,1.0,1,1.0,1,1.0,1,0.6618246026119139,49
1438,1,2115,2115,0,0,0,0,1.0,1,1.0,1,1.0,1,0.6730238715258826,49
1439,2,2117,2117,0,0,0,0,1.0,1,1.0,1,1.0,1,0.6703644705121105,50
1440,2,2119,2119,0,0,0,0,1.0,1,1.0,1,1.0,1,0.6944097863656492,50
1441,0,2119,2119,0,0,0,0,1.0,1,1.0,1,1.0,1,0.6880443433940645,51
1442,0,2119,2119,0,0,0,0,1.0,1,1.0,1,1.0,1,0.698516061801375,50
1443,4,2123,2123,0,0,0,0,1.0,1,1.0,1,1.0,1,0.6625708930481414,51
1444,1,2124,2124,0,0,0,0,1.0,1,1.0,1,1.0,1,0.6647263993680724,51
1445,0,2124,2124,0,0,0,0,1.0,1,1.0,1,1.0,1,0.6647263993680724,51
1446,1,2125,2125,0,0,0,0,1.0,1,1.0,1,1.0,1,0.6651274934052813,51
1447,0,2125,2125,0,0,0,0,1.0,1,1.0,1,1.0,1,0.6651274934052813,51
1448,1,2126,2126,0,0,0,0,1.0,1,1.0,1,1.0,1,0.6706218368063988,51
1449,0,2126,2126,0,0,0,0,1.0,1,1.0,1,1.0,1,0.6706218368063988,51
1450,2,2128,2128,0,0,0,0,1.0,1,1.0,1,1.0,1,0.6582082885197922,52
1451,0,2128,2128,0,0,0,0,1.0,1,1.0,1,1.0,1,0.6524699381766889,54
1452,4,2132,2132,0,0,0,0,1.0,1,1.0,1,1.0,1,0.6606986499731448,56
1453,2,2134,2134,0,0,0,0,1.0,1,1.0,1,1.0,1,0.6547379112123156,56
1454,2,2136,2136,0,0,0,0,1.0,1,1.0,1,1.0,1,0.6523439698593855,58
1455,1,2137,2137,0,0,0,0,1.0,1,1.0,1,1.0,1,0.666350754126407,55
1456,4,2141,2141,0,0,0,0,1.0,1,1.0,1,1.0,1,0.6681605247997358,56
1457,1,2142,2142,0,0,0,0,1.0,1,1.0,1,1.0,1,0.6981957213838078,54
1458,4,2146,2146,0,0,0,0,1.0,1,1.0,1,1.0,1,0.6863334204632769,52
1459,3,2149,2149,0,0,0,0,1.0,1,1.0,1,1.0,1,0.6814701186786808,52
1460,1,2150,2150,0,0,0,0,1.0,1,1.0,1,1.0,1,0.6717069377849245,50
1461,2,2152,2152,0,0,0,0,1.0,1,1.0,1,1.0,1,0.6579486074819715,53
1462,3,2155,2155,0,0,0,0,1.0,1,1.0,1,1.0,1,0.6475327383271553,51
1463,4,2159,2159,0,0,0,0,1.0,1,1.0,1,1.0,1,0.6671420804136009,51
1464,2,2161,2161,0,0,0,0,1.0,1,1.0,1,1.0,1,0.6681064885399337,51
1465,0,2161,2161,0,0,0,0,1.0,1,1.0,1,1.0,1,0.6734351997291709,49
1466,1,2162,2162,0,0,0,0,1.0,1,1.0,1,1.0,1,0.6767251069898124,49
1467,2,2164,2164,0,0,0,0,1.0,1,1.0,1,1.0,1,0.6941965541513597,47
1468,3,2167,2167,0,0,0,0,1.0,1,1.0,1,1.0,1,0.6725148889700397,48
1469,1,2168,2168,0,0,0,0,1.0,1,1.0,1,1.0,1,0.6864987840050574,47
1470,1,2169,2169,0,0,0,0,1.0,1,1.0,1,1.0,1,0.6648575588239448,49
1471,1,2170,2170,0,0,0,0,1.0,1,1.0,1,1.0,1,0.6727303704187424,48
1472,0,2170,2170,0,0,0,0,1.0,1,1.0,1,1.0,1,0.6642081898613564,48
1473,1,2171,2171,0,0,0,0,1.0,1,1.0,1,1.0,1,0.6637544849084389,49
1474,0,2171,2171,0,0,0,0,1.0,1,1.0,1,1.0,1,0.6637544849084389,49
1475,0,2171,2171,0,0,0,0,1.0,1,1.0,1,1.0,1,0.6637544849084389,49
1476,1,2172,2172,0,0,0,0,1.0,1,1.0,1,1.0,1,0.6564686297164287,51
1477,1,2173,2173,0,0,0,0,1.0,1,1.0,1,1.0,1,0.6570147950578027,51
1478,0,2173,2173,0,0,0,0,1.0,1,1.0,1,1.0,1,0.6469806825080259,52
1479,1,2174,2174,0,0,0,0,1.0,1,1.0,1,1.0,1,0.6404217732537565,53
1480,1,2175,2175,0,0,0,0,1.0,1,1.0,1,1.0,1,0.6510656538373356,53
1481,1,2176,2176,0,0,0,0,1.0,1,1.0,1,1.0,1,0.637767874593956,53
1482,1,2177,2177,0,0,0,0,1.0,1,1.0,1,1.0,1,0.6642051170018555,52
1483,1,2178,2178,0,0,0,0,1.0,1,1.0,1,1.0,1,0.6479759556362402,52
1484,2,2180,2180,0,0,0,0,1.0,1,1.0,1,1.0,1,0.653353538291789,53
1485,0,2180,2180,0,0,0,0,1.0,1,1.0,1,1.0,1,0.653353538291789,53
1486,2,2182,2182,0,0,0,0,1.0,1,1.0,1,1.0,1,0.6509840769003188,54
1487,4,2186,2186,0,0,0,0,1.0,1,1.0,1,1.0,1,0.6710298810456603,55
1488,1,2187,2187,0,0,0,0,1.0,1,1.0,1,1.0,1,0.6632720989016794,57
1489,2,2189,2189,0,0,0,0,1.0,1,1.0,1,1.0,1,0.6694996352851947,58
1490,2,2191,2191,0,0,0,0,1.0,1,1.0,1,1.0,1,0.6762228274393076,58
1491,2,2193,2193,0,0,0,0,1.0,1,1.0,1,1.0,1,0.6864570307694073,59
1492,3,2196,2196,0,0,0,0,1.0,1,1.0,1,1.0,1,0.6967692751067499,59
1493,0,2196,2196,0,0,0,0,1.0,1,1.0,1,1.0,1,0.6866644225551138,58
1494,2,2198,2198,0,0,0,0,1.0,1,1.0,1,1.0,1,0.688336362149703,58
1495,0,2198,2198,0,0,0,0,1.0,1,1.0,1,1.0,1,0.6848941240498067,57
1496,1,2199,2199,0,0,0,0,1.0,1,1.0,1,1.0,1,0.6810076125722268,59
1497,1,2200,2200,0,0,0,0,1.0,1,1.0,1,1.0,1,0.686257468355328,58
1498,5,2205,2205,0,0,0,0,1.0,1,1.0,1,1.0,1,0.6683554448896798,58
1499,0,2205,2205,0,0,0,0,1.0,1,1.0,1,1.0,1,0.6596275697465495,56
1500,4,2209,2209,0,0,0,0,1.0,1,1.0,1,1.0,1,0.6488931424943529,57
1501,0,2209,2209,0,0,0,0,1.0,1,1.0,1,1.0,1,0.6444305907560254,55
1502,4,2213,2213,0,0,0,0,1.0,1,1.0,1,1.0,1,0.6288622447162966,55
1503,2,2215,2215,0,0,0,0,1.0,1,1.0,1,1.0,1,0.6076387854159209,54
1504,2,2217,2217,0,0,0,0,1.0,1,1.0,1,1.0,1,0.591961725902161,55
1505,4,2221,2221,0,0,0,0,1.0,1,1.0,1,1.0,1,0.5776793437583236,53
1506,2,2223,2223,0,0,0,0,1.0,1,1.0,1,1.0,1,0.596478660610229,55
1507,1,2224,2224,0,0,0,0,1.0,1,1.0,1,1.0,1,0.6069889817489789,53
1508,4,2228,2228,0,0,0,0,1.0,1,1.0,1,1.0,1,0.6316691498721073,53
1509,1,2229,2229,0,0,0,0,1.0,1,1.0,1,1.0,1,0.6337597063109683,52
1510,3,2232,2232,0,0,0,0,1.0,1,1.0,1,1.0,1,0.6574391296821737,50
1511,2,2234,2234,0,0,0,0,1.0,1,1.0,1,1.0,1,0.6784035626443308,49
1512,2,2236,2236,0,0,0,0,1.0,1,1.0,1,1.0,1,0.6945170648554713,48
1513,1,2237,2237,0,0,0,0,1.0,1,1.0,1,1.0,1,0.7296224087940933,47
1514,2,2239,2239,0,0,0,0,1.0,1,1.0,1,1.0,1,0.6835077882859989,48
1515,1,2240,2240,0,0,0,0,1.0,1,1.0,1,1.0,1,0.697709934171845,48
1516,3,2243,2243,0,0,0,0,1.0,1,1.0,1,1.0,1,0.6822342967648434,47
1517,1,2244,2244,0,0,0,0,1.0,1,1.0,1,1.0,1,0.6681073086596058,48
1518,1,2245,2245,0,0,0,0,1.0,1,1.0,1,1.0,1,0.6564494843474974,48
1519,1,2246,2246,0,0,0,0,1.0,1,1.0,1,1.0,1,0.6571908287097896,47
1520,2,2248,2248,0,0,0,0,1.0,1,1.0,1,1.0,1,0.6677411287209489,48
1521,1,2249,2249,0,0,0,0,1.0,1,1.0,1,1.0,1,0.6580400913952196,49
1522,1,2250,2250,0,0,0,0,1.0,1,1.0,1,1.0,1,0.653589337343896,48
1523,1,2251,2251,0,0,0,0,1.0,1,1.0,1,1.0,1,0.6548197510500028,49
1524,1,2252,2252,0,0,0,0,1.0,1,1.0,1,1.0,1,0.6493893656455099,49
1525,1,2253,2253,0,0,0,0,1.0,1,1.0,1,1.0,1,0.646736976305079,51
1526,2,2255,2255,0,0,0,0,1.0,1,1.0,1,1.0,1,0.6134398742857575,52
1527,1,2256,2256,0,0,0,0,1.0,1,1.0,1,1.0,1,0.6072609139010465,54
1528,2,2258,2258,0,0,0,0,1.0,1,1.0,1,1.0,1,0.5936649768574032,54
1529,0,2258,2258,0,0,0,0,1.0,1,1.0,1,1.0,1,0.5936649768574032,54
1530,2,2260,2260,0,0,0,0,1.0,1,1.0,1,1.0,1,0.5874225778151404,54
1531,0,2260,2260,0,0,0,0,1.0,1,1.0,1,1.0,1,0.586277089787446,54
1532,2,2262,2262,0,0,0,0,1.0,1,1.0,1,1.0,1,0.5653733266253761,54
1533,0,2262,2262,0,0,0,0,1.0,1,1.0,1,1.0,1,0.569211744457844,54
1534,1,2263,2263,0,0,0,0,1.0,1,1.0,1,1.0,1,0.5646463159536926,54
1535,1,2264,2264,0,0,0,0,1.0,1,1.0,1,1.0,1,0.57356353025404,54
1536,2,2266,2266,0,0,0,0,1.0,1,1.0,1,1.0,1,0.5640284755659943,55
1537,0,2266,2266,0,0,0,0,1.0,1,1.0,1,1.0,1,0.5709958450049948,53
1538,3,2269,2269,0,0,0,0,1.0,1,1.0,1,1.0,1,0.5673427037420703,54
1539,1,2270,2270,0,0,0,0,1.0,1,1.0,1,1.0,1,0.5797735595535641,54
1540,2,2272,2272,0,0,0,0,1.0,1,1.0,1,1.0,1,0.5718969344450483,54
1541,1,2273,2273,0,0,0,0,1.0,1,1.0,1,1.0,1,0.5780590406142897,54
1542,2,2275,2275,0,0,0,0,1.0,1,1.0,1,1.0,1,0.5895837320870514,57
1543,2,2277,2277,0,0,0,0,1.0,1,1.0,1,1.0,1,0.6008864855830472,55
1544,4,2281,2281,0,0,0,0,1.0,1,1.0,1,1.0,1,0.6105083314730946,54
1545,4,2285,2285,0,0,0,0,1.0,1,1.0,1,1.0,1,0.5980991453291997,54
1546,3,2288,2288,0,0,0,0,1.0,1,1.0,1,1.0,1,0.577122262881075,53
1547,4,2292,2292,0,0,0,0,1.0,1,1.0,1,1.0,1,0.5725899546453507,53
1548,4,2296,2296,0,0,0,0,1.0,1,1.0,1,1.0,1,0.5468336356129012,54
1549,4,2300,2300,0,0,0,0,1.0,1,1.0,1,1.0,1,0.5343527931095776,52
1550,3,2303,2303,0,0,0,0,1.0,1,1.0,1,1.0,1,0.5380321392920459,52
1551,5,2308,2308,0,0,0,0,1.0,1,1.0,1,1.0,1,0.5385979258662339,52
1552,5,2313,2313,0,0,0,0,1.0,1,1.0,1,1.0,1,0.5614252738347888,51
1553,1,2314,2314,0,0,0,0,1.0,1,1.0,1,1.0,1,0.5779867973624461,51
1554,4,2318,2318,0,0,0,0,1.0,1,1.0,1,1.0,1,0.5396122715814617,51
1555,2,2320,2320,0,0,0,0,1.0,1,1.0,1,1.0,1,0.5603767131566644,50
1556,1,2321,2321,0,0,0,0,1.0,1,1.0,1,1.0,1,0.5651970722889862,51
1557,1,2322,2322,0,0,0,0,1.0,1,1.0,1,1.0,1,0.5683342532485257,51
1558,2,2324,2324,0,0,0,0,1.0,1,1.0,1,1.0,1,0.5729868944053028,52
1559,1,2325,2325,0,0,0,0,1.0,1,1.0,1,1.0,1,0.5697049432146607,53
1560,4,2329,2329,0,0,0,0,1.0,1,1.0,1,1.0,1,0.6177637954482491,51
1561,2,2331,2331,0,0,0,0,1.0,1,1.0,1,1.0,1,0.606509441510207,51
1562,0,2331,2331,0,0,0,0,1.0,1,1.0,1,1.0,1,0.6072751781228176,52
1563,1,2332,2332,0,0,0,0,1.0,1,1.0,1,1.0,1,0.5921994015917442,52
1564,1,2333,2333,0,0,0,0,1.0,1,1.0,1,1.0,1,0.592666723693809,51
1565,1,2334,2334,0,0,0,0,1.0,1,1.0,1,1.0,1,0.587417039282217,53
1566,1,2335,2335,0,0,0,0,1.0,1,1.0,1,1.0,1,0.590728600363917,53
1567,1,2336,2336,0,0,0,0,1.0,1,1.0,1,1.0,1,0.5915480754346536,52
1568,1,2337,2337,0,0,0,0,1.0,1,1.0,1,1.0,1,0.583534604616351,52
1569,2,2339,2339,0,0,0,0,1.0,1,1.0,1,1.0,1,0.598969128912112,49
1570,0,2339,2339,0,0,0,0,1.0,1,1.0,1,1.0,1,0.59347933140351,48
1571,3,2342,2342,0,0,0,0,1.0,1,1.0,1,1.0,1,0.6280733750381843,46
1572,2,2344,2344,0,0,0,0,1.0,1,1.0,1,1.0,1,0.6242154212548592,47
1573,2,2346,2346,0,0,0,0,1.0,1,1.0,1,1.0,1,0.6299353890643794,48
1574,2,2348,2348,0,0,0,0,1.0,1,1.0,1,1.0,1,0.6243185959353131,46
1575,3,2351,2351,0,0,0,0,1.0,1,1.0,1,1.0,1,0.6585874175695704,47
1576,5,2356,2356,0,0,0,0,1.0,1,1.0,1,1.0,1,0.6554316276005417,46
1577,0,2356,2356,0,0,0,0,1.0,1,1.0,1,1.0,1,0.6551511291722529,45
1578,4,2360,2360,0,0,0,0,1.0,1,1.0,1,1.0,1,0.6107022035676493,44
1579,1,2361,2361,0,0,0,0,1.0,1,1.0,1,1.0,1,0.6052391275658169,43
1580,1,2362,2362,0,0,0,0,1.0,1,1.0,1,1.0,1,0.5778420801686324,43
1581,1,2363,2363,0,0,0,0,1.0,1,1.0,1,1.0,1,0.5782139650033361,42
1582,1,2364,2364,0,0,0,0,1.0,1,1.0,1,1.0,1,0.55467695303345,42
1583,6,2370,2370,0,0,0,0,1.0,1,1.0,1,1.0,1,0.5456697914952034,43
1584,3,2373,2373,0,0,0,0,1.0,1,1.0,1,1.0,1,0.5459565846935951,41
1585,4,2377,2377,0,0,0,0,1.0,1,1.0,1,1.0,1,0.5195768734653056,43
1586,1,2378,2378,0,0,0,0,1.0,1,1.0,1,1.0,1,0.519828208193235,42
1587,1,2379,2379,0,0,0,0,1.0,1,1.0,1,1.0,1,0.539817612710548,42
1588,2,2381,2381,0,0,0,0,1.0,1,1.0,1,1.0,1,0.5541663311448553,42
1589,3,2384,2384,0,0,0,0,1.0,1,1.0,1,1.0,1,0.5636463976260537,42
1590,1,2385,2385,0,0,0,0,1.0,1,1.0,1,1.0,1,0.5737559343930101,41
1591,2,2387,2387,0,0,0,0,1.0,1,1.0,1,1.0,1,0.5606682457460681,40
1592,1,2388,2388,0,0,0,0,1.0,1,1.0,1,1.0,1,0.5725614812913475,39
1593,1,2389,2389,0,0,0,0,1.0,1,1.0,1,1.0,1,0.566145265572244,39
1594,0,2389,2389,0,0,0,0,1.0,1,1.0,1,1.0,1,0.5676356830547928,39
1595,1,2390,2390,0,0,0,0,1.0,1,1.0,1,1.0,1,0.546999624458978,42
1596,0,2390,2390,0,0,0,0,1.0,1,1.0,1,1.0,1,0.5573943642707769,41
1597,1,2391,2391,0,0,0,0,1.0,1,1.0,1,1.0,1,0.5870582987060672,41
1598,0,2391,2391,0,0,0,0,1.0,1,1.0,1,1.0,1,0.6023481917242633,39
1599,4,2395,2395,0,0,0,0,1.0,1,1.0,1,1.0,1,0.6165694379855221,39
1600,2,2397,2397,0,0,0,0,1.0,1,1.0,1,1.0,1,0.60043478559259,40
1601,2,2399,2399,0,0,0,0,1.0,1,1.0,1,1.0,1,0.6362682969818402,41
1602,0,2399,2399,0,0,0,0,1.0,1,1.0,1,1.0,1,0.6211331701712824,41
1603,2,2401,2401,0,0,0,0,1.0,1,1.0,1,1.0,1,0.6190762221749653,43
1604,2,2403,2403,0,0,0,0,1.0,1,1.0,1,1.0,1,0.6295109993980135,43
1605,2,2405,2405,0,0,0,0,1.0,1,1.0,1,1.0,1,0.6327314943714484,44
1606,5,2410,2410,0,0,0,0,1.0,1,1.0,1,1.0,1,0.6465022847503878,44
1607,2,2412,2412,0,0,0,0,1.0,1,1.0,1,1.0,1,0.662773014875979,42
1608,1,2413,2413,0,0,0,0,1.0,1,1.0,1,1.0,1,0.6721950938559109,41
1609,1,2414,2414,0,0,0,0,1.0,1,1.0,1,1.0,1,0.6553152373049476,39
1610,0,2414,2414,0,0,0,0,1.0,1,1.0,1,1.0,1,0.6308717965405146,39
1611,2,2416,2416,0,0,0,0,1.0,1,1.0,1,1.0,1,0.6200783777719338,40
1612,1,2417,2417,0,0,0,0,1.0,1,1.0,1,1.0,1,0.6060335637971298,39
1613,1,2418,2418,0,0,0,0,1.0,1,1.0,1,1.0,1,0.5995748801602356,41
1614,1,2419,2419,0,0,0,0,1.0,1,1.0,1,1.0,1,0.601464193152721,41
1615,1,2420,2420,0,0,0,0,1.0,1,1.0,1,1.0,1,0.5919613152360098,41
1616,1,2421,2421,0,0,0,0,1.0,1,1.0,1,1.0,1,0.574573680719176,43
1617,1,2422,2422,0,0,0,0,1.0,1,1.0,1,1.0,1,0.5708495922161452,44
1618,4,2426,2426,0,0,0,0,1.0,1,1.0,1,1.0,1,0.5345472377359909,44
1619,0,2426,2426,0,0,0,0,1.0,1,1.0,1,1.0,1,0.5354076888725913,44
1620,3,2429,2429,0,0,0,0,1.0,1,1.0,1,1.0,1,0.5092343186197307,45
1621,0,2429,2429,0,0,0,0,1.0,1,1.0,1,1.0,1,0.4878921681071274,44
1622,3,2432,2432,0,0,0,0,1.0,1,1.0,1,1.0,1,0.48349008375077357,44
1623,2,2434,2434,0,0,0,0,1.0,1,1.0,1,1.0,1,0.5247441333586904,43
1624,1,2435,2435,0,0,0,0,1.0,1,1.0,1,1.0,1,0.511181510691918,43
1625,3,2438,2438,0,0,0,0,1.0,1,1.0,1,1.0,1,0.5315979194088205,43
1626,1,2439,2439,0,0,0,0,1.0,1,1.0,1,1.0,1,0.5508907613250738,42
1627,1,2440,2440,0,0,0,0,1.0,1,1.0,1,1.0,1,0.5622688374838781,42
1628,0,2440,2440,0,0,0,0,1.0,1,1.0,1,1.0,1,0.5658183897052227,42
1629,0,2440,2440,0,0,0,0,1.0,1,1.0,1,1.0,1,0.5636291689492898,41
1630,2,2442,2442,0,0,0,0,1.0,1,1.0,1,1.0,1,0.5923017516475845,41
1631,0,2442,2442,0,0,0,0,1.0,1,1.0,1,1.0,1,0.5976770434735518,40
1632,1,2443,2443,0,0,0,0,1.0,1,1.0,1,1.0,1,0.5851184365897611,39
1633,1,2444,2444,0,0,0,0,1.0,1,1.0,1,1.0,1,0.5687907910565871,39
1634,2,2446,2446,0,0,0,0,1.0,1,1.0,1,1.0,1,0.5305289187088159,39
1635,1,2447,2447,0,0,0,0,1.0,1,1.0,1,1.0,1,0.5138523219670615,40
1636,2,2449,2449,0,0,0,0,1.0,1,1.0,1,1.0,1,0.5211271907412496,41
1637,0,2449,2449,0,0,0,0,1.0,1,1.0,1,1.0,1,0.5325036571178614,41
1638,3,2452,2452,0,0,0,0,1.0,1,1.0,1,1.0,1,0.5398367384939508,42
1639,1,2453,2453,0,0,0,0,1.0,1,1.0,1,1.0,1,0.5326218462031236,43
1640,2,2455,2455,0,0,0,0,1.0,1,1.0,1,1.0,1,0.5209270333543946,43
1641,1,2456,2456,0,0,0,0,1.0,1,1.0,1,1.0,1,0.5146835595670117,44
1642,5,2461,2461,0,0,0,0,1.0,1,1.0,1,1.0,1,0.5753612008190565,45
1643,3,2464,2464,0,0,0,0,1.0,1,1.0,1,1.0,1,0.5680881164159695,44
1644,4,2468,2468,0,0,0,0,1.0,1,1.0,1,1.0,1,0.5917806896404514,45
1645,2,2470,2470,0,0,0,0,1.0,1,1.0,1,1.0,1,0.5667697067114555,44
1646,0,2470,2470,0,0,0,0,1.0,1,1.0,1,1.0,1,0.5579056475519708,43
1647,2,2472,2472,0,0,0,0,1.0,1,1.0,1,1.0,1,0.5408711920103919,43
1648,1,2473,2473,0,0,0,0,1.0,1,1.0,1,1.0,1,0.5478158594466238,42
1649,2,2475,2475,0,0,0,0,1.0,1,1.0,1,1.0,1,0.5772998548557577,41
1650,1,2476,2476,0,0,0,0,1.0,1,1.0,1,1.0,1,0.5901478212451321,41
1651,1,2477,2477,0,0,0,0,1.0,1,1.0,1,1.0,1,0.5858646230099752,40
1652,1,2478,2478,0,0,0,0,1.0,1,1.0,1,1.0,1,0.5799720502012095,39
1653,0,2478,2478,0,0,0,0,1.0,1,1.0,1,1.0,1,0.6047635001132508,39
1654,0,2478,2478,0,0,0,0,1.0,1,1.0,1,1.0,1,0.6047635001132508,39
1655,2,2480,2480,0,0,0,0,1.0,1,1.0,1,1.0,1,0.6158264847773353,40
1656,4,2484,2484,0,0,0,0,1.0,1,1.0,1,1.0,1,0.5945234002631563,40
1657,2,2486,2486,0,0,0,0,1.0,1,1.0,1,1.0,1,0.5743148177758344,40
1658,3,2489,2489,0,0,0,0,1.0,1,1.0,1,1.0,1,0.5498466696316617,40
1659,3,2492,2492,0,0,0,0,1.0,1,1.0,1,1.0,1,0.5848399181153818,40
1660,3,2495,2495,0,0,0,0,1.0,1,1.0,1,1.0,1,0.5480949023676012,41
1661,2,2497,2497,0,0,0,0,1.0,1,1.0,1,1.0,1,0.5436384579331301,42
1662,1,2498,2498,0,0,0,0,1.0,1,1.0,1,1.0,1,0.5147231821430118,44
1663,4,2502,2502,0,0,0,0,1.0,1,1.0,1,1.0,1,0.4660243813389146,43
1664,3,2505,2505,0,0,0,0,1.0,1,1.0,1,1.0,1,0.46622880369078273,42
1665,0,2505,2505,0,0,0,0,1.0,1,1.0,1,1.0,1,0.47492595086609846,42
1666,5,2510,2510,0,0,0,0,1.0,1,1.0,1,1.0,1,0.48207603053785714,43
1667,4,2514,2514,0,0,0,0,1.0,1,1.0,1,1.0,1,0.5180698885975422,40
1668,0,2514,2514,0,0,0,0,1.0,1,1.0,1,1.0,1,0.525491050369686,40
1669,4,2518,2518,0,0,0,0,1.0,1,1.0,1,1.0,1,0.5327085347711646,40
1670,1,2519,2519,0,0,0,0,1.0,1,1.0,1,1.0,1,0.5242433239230573,39
1671,1,2520,2520,0,0,0,0,1.0,1,1.0,1,1.0,1,0.5318844338412017,39
1672,2,2522,2522,0,0,0,0,1.0,1,1.0,1,1.0,1,0.5453135084419334,38
1673,2,2524,2524,0,0,0,0,1.0,1,1.0,1,1.0,1,0.5553605405349059,38
1674,1,2525,2525,0,0,0,0,1.0,1,1.0,1,1.0,1,0.5702015500897261,38
1675,1,2526,2526,0,0,0,0,1.0,1,1.0,1,1.0,1,0.5766878801941941,39
1676,0,2526,2526,0,0,0,0,1.0,1,1.0,1,1.0,1,0.5813688672709559,39
1677,0,2526,2526,0,0,0,0,1.0,1,1.0,1,1.0,1,0.5787691905859219,40
1678,0,2526,2526,0,0,0,0,1.0,1,1.0,1,1.0,1,0.5838884504051828,39
1679,1,2527,2527,0,0,0,0,1.0,1,1.0,1,1.0,1,0.6055646200548545,39
1680,0,2527,2527,0,0,0,0,1.0,1,1.0,1,1.0,1,0.6075289225597136,40
1681,0,2527,2527,0,0,0,0,1.0,1,1.0,1,1.0,1,0.6027299329546851,41
1682,1,2528,2528,0,0,0,0,1.0,1,1.0,1,1.0,1,0.5944518353713607,40
1683,3,2531,2531,0,0,0,0,1.0,1,1.0,1,1.0,1,0.5893862672511196,43
1684,2,2533,2533,0,0,0,0,1.0,1,1.0,1,1.0,1,0.6049247756326229,42
1685,2,2535,2535,0,0,0,0,1.0,1,1.0,1,1.0,1,0.5976419497689924,41
1686,2,2537,2537,0,0,0,0,1.0,1,1.0,1,1.0,1,0.5667365232466398,39
1687,4,2541,2541,0,0,0,0,1.0,1,1.0,1,1.0,1,0.5949068521509566,41
1688,3,2544,2544,0,0,0,0,1.0,1,1.0,1,1.0,1,0.5586410433321172,39
1689,4,2548,2548,0,0,0,0,1.0,1,1.0,1,1.0,1,0.5768307036886646,37
1690,0,2548,2548,0,0,0,0,1.0,1,1.0,1,1.0,1,0.5871192916660956,36
1691,3,2551,2551,0,0,0,0,1.0,1,1.0,1,1.0,1,0.6078960542411423,36
1692,0,2551,2551,0,0,0,0,1.0,1,1.0,1,1.0,1,0.6042678970233185,34
1693,2,2553,2553,0,0,0,0,1.0,1,1.0,1,1.0,1,0.6101594244428492,33
1694,1,2554,2554,0,0,0,0,1.0,1,1.0,1,1.0,1,0.6281427590106766,32
1695,0,2554,2554,0,0,0,0,1.0,1,1.0,1,1.0,1,0.6273535808469339,32
1696,1,2555,2555,0,0,0,0,1.0,1,1.0,1,1.0,1,0.6427018351151289,34
1697,1,2556,2556,0,0,0,0,1.0,1,1.0,1,1.0,1,0.6487053475773816,34
1698,4,2560,2560,0,0,0,0,1.0,1,1.0,1,1.0,1,0.59993445949177,36
1699,2,2562,2562,0,0,0,0,1.0,1,1.0,1,1.0,1,0.619526819030542,36
1700,2,2564,2564,0,0,0,0,1.0,1,1.0,1,1.0,1,0.6046996588375031,37
1701,1,2565,2565,0,0,0,0,1.0,1,1.0,1,1.0,1,0.5857520434508086,39
1702,2,2567,2567,0,0,0,0,1.0,1,1.0,1,1.0,1,0.5819350004259961,39
1703,3,2570,2570,0,0,0,0,1.0,1,1.0,1,1.0,1,0.5701933305743927,38
1704,1,2571,2571,0,0,0,0,1.0,1,1.0,1,1.0,1,0.5541385098252056,38
1705,2,2573,2573,0,0,0,0,1.0,1,1.0,1,1.0,1,0.5602132723108465,37
1706,3,2576,2576,0,0,0,0,1.0,1,1.0,1,1.0,1,0.581183255706091,37
1707,1,2577,2577,0,0,0,0,1.0,1,1.0,1,1.0,1,0.6096471379582,36
1708,1,2578,2578,0,0,0,0,1.0,1,1.0,1,1.0,1,0.5962804868276889,34
1709,2,2580,2580,0,0,0,0,1.0,1,1.0,1,1.0,1,0.5991693163259957,34
1710,2,2582,2582,0,0,0,0,1.0,1,1.0,1,1.0,1,0.6374539829346144,33
1711,1,2583,2583,0,0,0,0,1.0,1,1.0,1,1.0,1,0.6363659884237447,32
1712,1,2584,2584,0,0,0,0,1.0,1,1.0,1,1.0,1,0.6596000028795154,31
1713,0,2584,2584,0,0,0,0,1.0,1,1.0,1,1.0,1,0.642750667271975,32
1714,0,2584,2584,0,0,0,0,1.0,1,1.0,1,1.0,1,0.642750667271975,32
1715,1,2585,2585,0,0,0,0,1.0,1,1.0,1,1.0,1,0.6385570082307142,32
1716,1,2586,2586,0,0,0,0,1.0,1,1.0,1,1.0,1,0.6505685321770819,34
1717,0,2586,2586,0,0,0,0,1.0,1,1.0,1,1.0,1,0.6505685321770819,34
1718,0,2586,2586,0,0,0,0,1.0,1,1.0,1,1.0,1,0.6675427269745731,34
1719,1,2587,2587,0,0,0,0,1.0,1,1.0,1,1.0,1,0.6789540072316906,34
1720,2,2589,2589,0,0,0,0,1.0,1,1.0,1,1.0,1,0.6700667137243134,34
1721,1,2590,2590,0,0,0,0,1.0,1,1.0,1,1.0,1,0.67216258124004,35
1722,1,2591,2591,0,0,0,0,1.0,1,1.0,1,1.0,1,0.64237713952462,35
1723,2,2593,2593,0,0,0,0,1.0,1,1.0,1,1.0,1,0.6798976629987022,34
1724,1,2594,2594,0,0,0,0,1.0,1,1.0,1,1.0,1,0.6438701843888149,33
1725,0,2594,2594,0,0,0,0,1.0,1,1.0,1,1.0,1,0.6444127570740275,35
1726,2,2596,2596,0,0,0,0,1.0,1,1.0,1,1.0,1,0.619305061464917,34
1727,0,2596,2596,0,0,0,0,1.0,1,1.0,1,1.0,1,0.619305061464917,34
1728,1,2597,2597,0,0,0,0,1.0,1,1.0,1,1.0,1,0.6287545582989588,35
1729,1,2598,2598,0,0,0,0,1.0,1,1.0,1,1.0,1,0.6337548095515056,35
1730,1,2599,2599,0,0,0,0,1.0,1,1.0,1,1.0,1,0.6548952007979029,35
1731,1,2600,2600,0,0,0,0,1.0,1,1.0,1,1.0,1,0.6746594565545095,35
1732,1,2601,2601,0,0,0,0,1.0,1,1.0,1,1.0,1,0.6929821030859529,35
1733,0,2601,2601,0,0,0,0,1.0,1,1.0,1,1.0,1,0.6938528726621094,33
1734,4,2605,2605,0,0,0,0,1.0,1,1.0,1,1.0,1,0.6536761710618137,34
1735,0,2605,2605,0,0,0,0,1.0,1,1.0,1,1.0,1,0.6676317502545144,33
1736,6,2611,2611,0,0,0,0,1.0,1,1.0,1,1.0,1,0.6369904216626241,33
1737,0,2611,2611,0,0,0,0,1.0,1,1.0,1,1.0,1,0.6276533958702587,35
1738,3,2614,2614,0,0,0,0,1.0,1,1.0,1,1.0,1,0.5986105547338909,36
1739,2,2616,2616,0,0,0,0,1.0,1,1.0,1,1.0,1,0.6018436126865062,36
1740,1,2617,2617,0,0,0,0,1.0,1,1.0,1,1.0,1,0.6075313000835545,37
1741,1,2618,2618,0,0,0,0,1.0,1,1.0,1,1.0,1,0.5830698723157746,36
1742,1,2619,2619,0,0,0,0,1.0,1,1.0,1,1.0,1,0.5670802615071295,36
1743,1,2620,2620,0,0,0,0,1.0,1,1.0,1,1.0,1,0.5828642199593429,37
1744,1,2621,2621,0,0,0,0,1.0,1,1.0,1,1.0,1,0.5691134105546666,37
1745,2,2623,2623,0,0,0,0,1.0,1,1.0,1,1.0,1,0.5997864725714297,38
1746,0,2623,2623,0,0,0,0,1.0,1,1.0,1,1.0,1,0.6018207065100625,38
1747,2,2625,2625,0,0,0,0,1.0,1,1.0,1,1.0,1,0.6217266891827143,37
1748,1,2626,2626,0,0,0,0,1.0,1,1.0,1,1.0,1,0.6031458954259556,38
1749,0,2626,2626,0,0,0,0,1.0,1,1.0,1,1.0,1,0.6031458954259556,38
1750,1,2627,2627,0,0,0,0,1.0,1,1.0,1,1.0,1,0.6150554798243602,39
1751,1,2628,2628,0,0,0,0,1.0,1,1.0,1,1.0,1,0.5977884321407817,41
1752,0,2628,2628,0,0,0,0,1.0,1,1.0,1,1.0,1,0.5977884321407817,41
1753,4,2632,2632,0,0,0,0,1.0,1,1.0,1,1.0,1,0.5993276671068241,41
1754,3,2635,2635,0,0,0,0,1.0,1,1.0,1,1.0,1,0.5659170338074946,40
1755,0,2635,2635,0,0,0,0,1.0,1,1.0,1,1.0,1,0.5677739382529177,41
1756,4,2639,2639,0,0,0,0,1.0,1,1.0,1,1.0,1,0.5916741490867595,41
1757,0,2639,2639,0,0,0,0,1.0,1,1.0,1,1.0,1,0.602226572600622,40
1758,5,2644,2644,0,0,0,0,1.0,1,1.0,1,1.0,1,0.6293513135397419,41
1759,1,2645,2645,0,0,0,0,1.0,1,1.0,1,1.0,1,0.6491546438838041,38
1760,2,2647,2647,0,0,0,0,1.0,1,1.0,1,1.0,1,0.6277875598142262,38
1761,2,2649,2649,0,0,0,0,1.0,1,1.0,1,1.0,1,0.647544072676059,37
1762,1,2650,2650,0,0,0,0,1.0,1,1.0,1,1.0,1,0.6552138536544543,37
1763,5,2655,2655,0,0,0,0,1.0,1,1.0,1,1.0,1,0.6595488865074725,37
1764,1,2656,2656,0,0,0,0,1.0,1,1.0,1,1.0,1,0.6674033402886193,36
1765,3,2659,2659,0,0,0,0,1.0,1,1.0,1,1.0,1,0.6999409672787369,36
1766,1,2660,2660,0,0,0,0,1.0,1,1.0,1,1.0,1,0.6994527004045712,37
1767,2,2662,2662,0,0,0,0,1.0,1,1.0,1,1.0,1,0.7228879870204267,37
1768,0,2662,2662,0,0,0,0,1.0,1,1.0,1,1.0,1,0.7090091242483929,37
1769,1,2663,2663,0,0,0,0,1.0,1,1.0,1,1.0,1,0.7103296332103084,38
1770,0,2663,2663,0,0,0,0,1.0,1,1.0,1,1.0,1,0.7150782138115531,39
1771,0,2663,2663,0,0,0,0,1.0,1,1.0,1,1.0,1,0.7150782138115531,39
1772,0,2663,2663,0,0,0,0,1.0,1,1.0,1,1.0,1,0.7150782138115531,39
1773,1,2664,2664,0,0,0,0,1.0,1,1.0,1,1.0,1,0.68267802533904,41
1774,1,2665,2665,0,0,0,0,1.0,1,1.0,1,1.0,1,0.6780545797432855,41
1775,0,2665,2665,0,0,0,0,1.0,1,1.0,1,1.0,1,0.6709487545416503,42
1776,1,2666,2666,0,0,0,0,1.0,1,1.0,1,1.0,1,0.644078065095117,43
1777,0,2666,2666,0,0,0,0,1.0,1,1.0,1,1.0,1,0.644078065095117,43
1778,3,2669,2669,0,0,0,0,1.0,1,1.0,1,1.0,1,0.5975998207262246,44
1779,1,2670,2670,0,0,0,0,1.0,1,1.0,1,1.0,1,0.5732993341864189,46
1780,3,2673,2673,0,0,0,0,1.0,1,1.0,1,1.0,1,0.5492461941199764,46
1781,2,2675,2675,0,0,0,0,1.0,1,1.0,1,1.0,1,0.5102721260110602,46
1782,2,2677,2677,0,0,0,0,1.0,1,1.0,1,1.0,1,0.49755521549069215,46
1783,3,2680,2680,0,0,0,0,1.0,1,1.0,1,1.0,1,0.5038093836385499,44
1784,2,2682,2682,0,0,0,0,1.0,1,1.0,1,1.0,1,0.4397624862886694,45
1785,1,2683,2683,0,0,0,0,1.0,1,1.0,1,1.0,1,0.47285399446695636,42
1786,4,2687,2687,0,0,0,0,1.0,1,1.0,1,1.0,1,0.4419123180025555,43
1787,2,2689,2689,0,0,0,0,1.0,1,1.0,1,1.0,1,0.46265504762214044,41
1788,1,2690,2690,0,0,0,0,1.0,1,1.0,1,1.0,1,0.4870411249063227,41
1789,2,2692,2692,0,0,0,0,1.0,1,1.0,1,1.0,1,0.5105252061502127,41
1790,6,2698,2698,0,0,0,0,1.0,1,1.0,1,1.0,1,0.48967640961598574,41
1791,2,2700,2700,0,0,0,0,1.0,1,1.0,1,1.0,1,0.47988101681152034,40
1792,4,2704,2704,0,0,0,0,1.0,1,1.0,1,1.0,1,0.5221793294398216,40
1793,1,2705,2705,0,0,0,0,1.0,1,1.0,1,1.0,1,0.5360525922886819,41
1794,4,2709,2709,0,0,0,0,1.0,1,1.0,1,1.0,1,0.5300355601947567,41
1795,3,2712,2712,0,0,0,0,1.0,1,1.0,1,1.0,1,0.5938345504471159,40
1796,4,2716,2716,0,0,0,0,1.0,1,1.0,1,1.0,1,0.6036240207808435,40
1797,1,2717,2717,0,0,0,0,1.0,1,1.0,1,1.0,1,0.6356695483391123,37
1798,3,2720,2720,0,0,0,0,1.0,1,1.0,1,1.0,1,0.642761509305837,37
1799,0,2720,2720,0,0,0,0,1.0,1,1.0,1,1.0,1,0.6422472430535793,36
1800,1,2721,2721,0,0,0,0,1.0,1,1.0,1,1.0,1,0.6560456908038267,36
1801,0,2721,2721,0,0,0,0,1.0,1,1.0,1,1.0,1,0.6558970559825774,34
1802,1,2722,2722,0,0,0,0,1.0,1,1.0,1,1.0,1,0.6374104269286782,33
1803,1,2723,2723,0,0,0,0,1.0,1,1.0,1,1.0,1,0.631238122062308,33
1804,2,2725,2725,0,0,0,0,1.0,1,1.0,1,1.0,1,0.6225652651965975,33
1805,1,2726,2726,0,0,0,0,1.0,1,1.0,1,1.0,1,0.5968683086238868,35
1806,2,2728,2728,0,0,0,0,1.0,1,1.0,1,1.0,1,0.6268874351911187,35
1807,1,2729,2729,0,0,0,0,1.0,1,1.0,1,1.0,1,0.5906118048861888,35
1808,1,2730,2730,0,0,0,0,1.0,1,1.0,1,1.0,1,0.5622755465343902,36
1809,2,2732,2732,0,0,0,0,1.0,1,1.0,1,1.0,1,0.5615407992613258,36
1810,2,2734,2734,0,0,0,0,1.0,1,1.0,1,1.0,1,0.583483829206611,35
1811,2,2736,2736,0,0,0,0,1.0,1,1.0,1,1.0,1,0.5805459458682396,36
1812,0,2736,2736,0,0,0,0,1.0,1,1.0,1,1.0,1,0.5945062909556903,36
1813,2,2738,2738,0,0,0,0,1.0,1,1.0,1,1.0,1,0.6066542672553401,36
1814,0,2738,2738,0,0,0,0,1.0,1,1.0,1,1.0,1,0.6100074460827213,34
1815,0,2738,2738,0,0,0,0,1.0,1,1.0,1,1.0,1,0.6155847422763377,35
1816,0,2738,2738,0,0,0,0,1.0,1,1.0,1,1.0,1,0.6314739227086696,34
1817,3,2741,2741,0,0,0,0,1.0,1,1.0,1,1.0,1,0.6551947426089433,34
1818,1,2742,2742,0,0,0,0,1.0,1,1.0,1,1.0,1,0.6283389859723418,34
1819,3,2745,2745,0,0,0,0,1.0,1,1.0,1,1.0,1,0.627964419637607,35
1820,1,2746,2746,0,0,0,0,1.0,1,1.0,1,1.0,1,0.5950292271614837,36
1821,1,2747,2747,0,0,0,0,1.0,1,1.0,1,1.0,1,0.5726739983771323,36
1822,5,2752,2752,0,0,0,0,1.0,1,1.0,1,1.0,1,0.5348980727427534,37
1823,4,2756,2756,0,0,0,0,1.0,1,1.0,1,1.0,1,0.5500289722216823,38
1824,0,2756,2756,0,0,0,0,1.0,1,1.0,1,1.0,1,0.5531581930075736,37
1825,1,2757,2757,0,0,0,0,1.0,1,1.0,1,1.0,1,0.5645792813351757,36
1826,2,2759,2759,0,0,0,0,1.0,1,1.0,1,1.0,1,0.5715279801418702,35
1827,2,2761,2761,0,0,0,0,1.0,1,1.0,1,1.0,1,0.5712539998489353,35
1828,3,2764,2764,0,0,0,0,1.0,1,1.0,1,1.0,1,0.5916048430220066,33
1829,1,2765,2765,0,0,0,0,1.0,1,1.0,1,1.0,1,0.6011311235002961,32
1830,2,2767,2767,0,0,0,0,1.0,1,1.0,1,1.0,1,0.6196293775563777,32
1831,2,2769,2769,0,0,0,0,1.0,1,1.0,1,1.0,1,0.6632880865453176,30
1832,0,2769,2769,0,0,0,0,1.0,1,1.0,1,1.0,1,0.6632880865453176,30
1833,0,2769,2769,0,0,0,0,1.0,1,1.0,1,1.0,1,0.6707258089082686,29
1834,2,2771,2771,0,0,0,0,1.0,1,1.0,1,1.0,1,0.6287433802319452,28
1835,4,2775,2775,0,0,0,0,1.0,1,1.0,1,1.0,1,0.6355812957728421,28
1836,0,2775,2775,0,0,0,0,1.0,1,1.0,1,1.0,1,0.6368784997543495,29
1837,3,2778,2778,0,0,0,0,1.0,1,1.0,1,1.0,1,0.6891216135413942,28
1838,0,2778,2778,0,0,0,0,1.0,1,1.0,1,1.0,1,0.6729421307429437,28
1839,1,2779,2779,0,0,0,0,1.0,1,1.0,1,1.0,1,0.7078128383351351,27
1840,0,2779,2779,0,0,0,0,1.0,1,1.0,1,1.0,1,0.723875081690337,26
1841,0,2779,2779,0,0,0,0,1.0,1,1.0,1,1.0,1,0.7189061175199251,25
1842,2,2781,2781,0,0,0,0,1.0,1,1.0,1,1.0,1,0.6676005558421095,26
1843,0,2781,2781,0,0,0,0,1.0,1,1.0,1,1.0,1,0.6676005558421095,26
1844,5,2786,2786,0,0,0,0,1.0,1,1.0,1,1.0,1,0.6799558775521802,26
1845,0,2786,2786,0,0,0,0,1.0,1,1.0,1,1.0,1,0.6799558775521802,26
1846,2,2788,2788,0,0,0,0,1.0,1,1.0,1,1.0,1,0.6815489913426689,26
1847,0,2788,2788,0,0,0,0,1.0,1,1.0,1,1.0,1,0.6815489913426689,26
1848,0,2788,2788,0,0,0,0,1.0,1,1.0,1,1.0,1,0.6809889573578942,27
1849,0,2788,2788,0,0,0,0,1.0,1,1.0,1,1.0,1,0.6809889573578942,27
1850,0,2788,2788,0,0,0,0,1.0,1,1.0,1,1.0,1,0.6804895830801541,28
1851,0,2788,2788,0,0,0,0,1.0,1,1.0,1,1.0,1,0.6804895830801541,28
1852,0,2788,2788,0,0,0,0,1.0,1,1.0,1,1.0,1,0.6804895830801541,28
1853,0,2788,2788,0,0,0,0,1.0,1,1.0,1,1.0,1,0.7043179205832153,27
1854,0,2788,2788,0,0,0,0,1.0,1,1.0,1,1.0,1,0.7118061300530564,28
1855,0,2788,2788,0,0,0,0,1.0,1,1.0,1,1.0,1,0.7118061300530564,28
1856,3,2791,2791,0,0,0,0,1.0,1,1.0,1,1.0,1,0.7144756199072086,30
1857,0,2791,2791,0,0,0,0,1.0,1,1.0,1,1.0,1,0.6998945517495769,31
1858,5,2796,2796,0,0,0,0,1.0,1,1.0,1,1.0,1,0.6768218172051911,31
1859,0,2796,2796,0,0,0,0,1.0,1,1.0,1,1.0,1,0.6768218172051911,31
1860,2,2798,2798,0,0,0,0,1.0,1,1.0,1,1.0,1,0.6393203147720871,31
1861,0,2798,2798,0,0,0,0,1.0,1,1.0,1,1.0,1,0.6393203147720871,31
1862,3,2801,2801,0,0,0,0,1.0,1,1.0,1,1.0,1,0.629055264063519,31
1863,2,2803,2803,0,0,0,0,1.0,1,1.0,1,1.0,1,0.6399958573888153,31
1864,1,2804,2804,0,0,0,0,1.0,1,1.0,1,1.0,1,0.6592998366414765,30
1865,0,2804,2804,0,0,0,0,1.0,1,1.0,1,1.0,1,0.658525416788091,27
1866,0,2804,2804,0,0,0,0,1.0,1,1.0,1,1.0,1,0.6481654148848107,28
1867,0,2804,2804,0,0,0,0,1.0,1,1.0,1,1.0,1,0.685057074042566,26
1868,2,2806,2806,0,0,0,0,1.0,1,1.0,1,1.0,1,0.6597352999634033,26
1869,1,2807,2807,0,0,0,0,1.0,1,1.0,1,1.0,1,0.6804675744896377,25
1870,2,2809,2809,0,0,0,0,1.0,1,1.0,1,1.0,1,0.6757274687000665,25
1871,3,2812,2812,0,0,0,0,1.0,1,1.0,1,1.0,1,0.6803794848294111,26
1872,1,2813,2813,0,0,0,0,1.0,1,1.0,1,1.0,1,0.6984915622646504,25
1873,0,2813,2813,0,0,0,0,1.0,1,1.0,1,1.0,1,0.7135467536741926,23
1874,1,2814,2814,0,0,0,0,1.0,1,1.0,1,1.0,1,0.6921499214129002,23
1875,0,2814,2814,0,0,0,0,1.0,1,1.0,1,1.0,1,0.722982060552388,21
1876,1,2815,2815,0,0,0,0,1.0,1,1.0,1,1.0,1,0.7013949738871732,24
1877,1,2816,2816,0,0,0,0,1.0,1,1.0,1,1.0,1,0.7202923142695793,24
1878,1,2817,2817,0,0,0,0,1.0,1,1.0,1,1.0,1,0.6922679851055226,26
1879,0,2817,2817,0,0,0,0,1.0,1,1.0,1,1.0,1,0.6922679851055226,26
1880,0,2817,2817,0,0,0,0,1.0,1,1.0,1,1.0,1,0.6922679851055226,26
1881,0,2817,2817,0,0,0,0,1.0,1,1.0,1,1.0,1,0.6922679851055226,26
1882,0,2817,2817,0,0,0,0,1.0,1,1.0,1,1.0,1,0.6943571182410495,25
1883,0,2817,2817,0,0,0,0,1.0,1,1.0,1,1.0,1,0.6943571182410495,25
1884,0,2817,2817,0,0,0,0,1.0,1,1.0,1,1.0,1,0.6943571182410495,25
1885,0,2817,2817,0,0,0,0,1.0,1,1.0,1,1.0,1,0.6943571182410495,25
1886,0,2817,2817,0,0,0,0,1.0,1,1.0,1,1.0,1,0.6916054616634579,26
1887,0,2817,2817,0,0,0,0,1.0,1,1.0,1,1.0,1,0.6916054616634579,26
1888,1,2818,2818,0,0,0,0,1.0,1,1.0,1,1.0,1,0.705676139098624,27
1889,0,2818,2818,0,0,0,0,1.0,1,1.0,1,1.0,1,0.7137679302684472,28
1890,0,2818,2818,0,0,0,0,1.0,1,1.0,1,1.0,1,0.7137679302684472,28
1891,0,2818,2818,0,0,0,0,1.0,1,1.0,1,1.0,1,0.7218591621714758,29
1892,0,2818,2818,0,0,0,0,1.0,1,1.0,1,1.0,1,0.7218591621714758,29
1893,1,2819,2819,0,0,0,0,1.0,1,1.0,1,1.0,1,0.7288527203601196,29
1894,0,2819,2819,0,0,0,0,1.0,1,1.0,1,1.0,1,0.7288527203601196,29
1895,1,2820,2820,0,0,0,0,1.0,1,1.0,1,1.0,1,0.6979089581419341,31
1896,0,2820,2820,0,0,0,0,1.0,1,1.0,1,1.0,1,0.6979089581419341,31
1897,0,2820,2820,0,0,0,0,1.0,1,1.0,1,1.0,1,0.6979089581419341,31
1898,0,2820,2820,0,0,0,0,1.0,1,1.0,1,1.0,1,0.6979089581419341,31
1899,0,2820,2820,0,0,0,0,1.0,1,1.0,1,1.0,1,0.6968468460157109,32
1900,0,2820,2820,0,0,0,0,1.0,1,1.0,1,1.0,1,0.6968468460157109,32
1901,0,2820,2820,0,0,0,0,1.0,1,1.0,1,1.0,1,0.6968468460157109,32
1902,0,2820,2820,0,0,0,0,1.0,1,1.0,1,1.0,1,0.6968468460157109,32
1903,0,2820,2820,0,0,0,0,1.0,1,1.0,1,1.0,1,0.6968468460157109,32
1904,0,2820,2820,0,0,0,0,1.0,1,1.0,1,1.0,1,0.6682751564068975,34
1905,0,2820,2820,0,0,0,0,1.0,1,1.0,1,1.0,1,0.6682751564068975,34
1906,1,2821,2821,0,0,0,0,1.0,1,1.0,1,1.0,1,0.6542577146244735,35
1907,0,2821,2821,0,0,0,0,1.0,1,1.0,1,1.0,1,0.6355458033048031,36
1908,2,2823,2823,0,0,0,0,1.0,1,1.0,1,1.0,1,0.6275289393526713,36
1909,1,2824,2824,0,0,0,0,1.0,1,1.0,1,1.0,1,0.6130411321565267,37
1910,1,2825,2825,0,0,0,0,1.0,1,1.0,1,1.0,1,0.5985274123918435,38
1911,1,2826,2826,0,0,0,0,1.0,1,1.0,1,1.0,1,0.586855506375133,37
1912,2,2828,2828,0,0,0,0,1.0,1,1.0,1,1.0,1,0.5837539647751921,37
1913,1,2829,2829,0,0,0,0,1.0,1,1.0,1,1.0,1,0.567434757711578,36
1914,3,2832,2832,0,0,0,0,1.0,1,1.0,1,1.0,1,0.5741910574229674,37
1915,2,2834,2834,0,0,0,0,1.0,1,1.0,1,1.0,1,0.5934013016844583,37
1916,1,2835,2835,0,0,0,0,1.0,1,1.0,1,1.0,1,0.5961697083769631,39
1917,3,2838,2838,0,0,0,0,1.0,1,1.0,1,1.0,1,0.6258515349158497,38
1918,2,2840,2840,0,0,0,0,1.0,1,1.0,1,1.0,1,0.6105531406380901,38
1919,0,2840,2840,0,0,0,0,1.0,1,1.0,1,1.0,1,0.6281005902415636,38
1920,1,2841,2841,0,0,0,0,1.0,1,1.0,1,1.0,1,0.6451782996634875,39
1921,0,2841,2841,0,0,0,0,1.0,1,1.0,1,1.0,1,0.6367092630627654,38
1922,3,2844,2844,0,0,0,0,1.0,1,1.0,1,1.0,1,0.6466989040305187,39
1923,3,2847,2847,0,0,0,0,1.0,1,1.0,1,1.0,1,0.6918647509604324,40
1924,0,2847,2847,0,0,0,0,1.0,1,1.0,1,1.0,1,0.6918647509604324,40
1925,0,2847,2847,0,0,0,0,1.0,1,1.0,1,1.0,1,0.6819286504651362,40
1926,0,2847,2847,0,0,0,0,1.0,1,1.0,1,1.0,1,0.6819286504651362,40
1927,0,2847,2847,0,0,0,0,1.0,1,1.0,1,1.0,1,0.6606393907904602,41
1928,1,2848,2848,0,0,0,0,1.0,1,1.0,1,1.0,1,0.6723024324911291,41
1929,0,2848,2848,0,0,0,0,1.0,1,1.0,1,1.0,1,0.6828276075362387,40
1930,0,2848,2848,0,0,0,0,1.0,1,1.0,1,1.0,1,0.6828276075362387,40
1931,0,2848,2848,0,0,0,0,1.0,1,1.0,1,1.0,1,0.6828276075362387,40
1932,0,2848,2848,0,0,0,0,1.0,1,1.0,1,1.0,1,0.6828276075362387,40
1933,1,2849,2849,0,0,0,0,1.0,1,1.0,1,1.0,1,0.6757233463234512,42
1934,1,2850,2850,0,0,0,0,1.0,1,1.0,1,1.0,1,0.657259683784168,44
1935,0,2850,2850,0,0,0,0,1.0,1,1.0,1,1.0,1,0.657259683784168,44
1936,1,2851,2851,0,0,0,0,1.0,1,1.0,1,1.0,1,0.6328275077860693,46
1937,1,2852,2852,0,0,0,0,1.0,1,1.0,1,1.0,1,0.636377837648597,47
1938,3,2855,2855,0,0,0,0,1.0,1,1.0,1,1.0,1,0.5962879111946445,47
1939,0,2855,2855,0,0,0,0,1.0,1,1.0,1,1.0,1,0.5962879111946445,47
1940,5,2860,2860,0,0,0,0,1.0,1,1.0,1,1.0,1,0.5486780996367167,47
1941,1,2861,2861,0,0,0,0,1.0,1,1.0,1,1.0,1,0.559479479808295,47
1942,3,2864,2864,0,0,0,0,1.0,1,1.0,1,1.0,1,0.5319007524530919,49
1943,3,2867,2867,0,0,0,0,1.0,1,1.0,1,1.0,1,0.570383488698697,47
1944,2,2869,2869,0,0,0,0,1.0,1,1.0,1,1.0,1,0.545906563753182,47
1945,3,2872,2872,0,0,0,0,1.0,1,1.0,1,1.0,1,0.5388027935657318,45
1946,3,2875,2875,0,0,0,0,1.0,1,1.0,1,1.0,1,0.5151165308451492,45
1947,4,2879,2879,0,0,0,0,1.0,1,1.0,1,1.0,1,0.5191560782334136,45
1948,5,2884,2884,0,0,0,0,1.0,1,1.0,1,1.0,1,0.5452812827856856,45
1949,5,2889,2889,0,0,0,0,1.0,1,1.0,1,1.0,1,0.6026717335473457,42
1950,6,2895,2895,0,0,0,0,1.0,1,1.0,1,1.0,1,0.6012203675334011,42
1951,1,2896,2896,0,0,0,0,1.0,1,1.0,1,1.0,1,0.6112590099891161,38
1952,3,2899,2899,0,0,0,0,1.0,1,1.0,1,1.0,1,0.5926970988812149,36
1953,2,2901,2901,0,0,0,0,1.0,1,1.0,1,1.0,1,0.6240111786396896,35
1954,0,2901,2901,0,0,0,0,1.0,1,1.0,1,1.0,1,0.6330027016038995,32
1955,2,2903,2903,0,0,0,0,1.0,1,1.0,1,1.0,1,0.648444923220563,33
1956,1,2904,2904,0,0,0,0,1.0,1,1.0,1,1.0,1,0.6877226576900526,31
1957,0,2904,2904,0,0,0,0,1.0,1,1.0,1,1.0,1,0.6653941283274969,33
1958,1,2905,2905,0,0,0,0,1.0,1,1.0,1,1.0,1,0.6717025914259062,34
1959,1,2906,2906,0,0,0,0,1.0,1,1.0,1,1.0,1,0.6588885991669249,35
1960,3,2909,2909,0,0,0,0,1.0,1,1.0,1,1.0,1,0.6198753159538357,36
1961,1,2910,2910,0,0,0,0,1.0,1,1.0,1,1.0,1,0.5929733646978524,36
1962,1,2911,2911,0,0,0,0,1.0,1,1.0,1,1.0,1,0.582127666311464,35
1963,0,2911,2911,0,0,0,0,1.0,1,1.0,1,1.0,1,0.5841966960397516,36
1964,2,2913,2913,0,0,0,0,1.0,1,1.0,1,1.0,1,0.6019448279582094,35
1965,1,2914,2914,0,0,0,0,1.0,1,1.0,1,1.0,1,0.5916609985899631,36
1966,4,2918,2918,0,0,0,0,1.0,1,1.0,1,1.0,1,0.5973830298288125,36
1967,0,2918,2918,0,0,0,0,1.0,1,1.0,1,1.0,1,0.5973830298288125,36
1968,1,2919,2919,0,0,0,0,1.0,1,1.0,1,1.0,1,0.5858217806232916,37
1969,0,2919,2919,0,0,0,0,1.0,1,1.0,1,1.0,1,0.5858217806232916,37
1970,1,2920,2920,0,0,0,0,1.0,1,1.0,1,1.0,1,0.5729680541390212,38
1971,1,2921,2921,0,0,0,0,1.0,1,1.0,1,1.0,1,0.5898844147919472,37
1972,1,2922,2922,0,0,0,0,1.0,1,1.0,1,1.0,1,0.5796235892448056,37
1973,1,2923,2923,0,0,0,0,1.0,1,1.0,1,1.0,1,0.614296976684421,37
1974,0,2923,2923,0,0,0,0,1.0,1,1.0,1,1.0,1,0.6046582250471894,38
1975,0,2923,2923,0,0,0,0,1.0,1,1.0,1,1.0,1,0.615278595810522,37
1976,2,2925,2925,0,0,0,0,1.0,1,1.0,1,1.0,1,0.6477300662792188,39
1977,1,2926,2926,0,0,0,0,1.0,1,1.0,1,1.0,1,0.6402264530007054,42
1978,2,2928,2928,0,0,0,0,1.0,1,1.0,1,1.0,1,0.6337822881155708,42
1979,1,2929,2929,0,0,0,0,1.0,1,1.0,1,1.0,1,0.6182064402505772,42
1980,2,2931,2931,0,0,0,0,1.0,1,1.0,1,1.0,1,0.5574244476042926,43
1981,1,2932,2932,0,0,0,0,1.0,1,1.0,1,1.0,1,0.545273746256719,44
1982,3,2935,2935,0,0,0,0,1.0,1,1.0,1,1.0,1,0.5517385927010429,44
1983,3,2938,2938,0,0,0,0,1.0,1,1.0,1,1.0,1,0.5561996704958712,44
1984,4,2942,2942,0,0,0,0,1.0,1,1.0,1,1.0,1,0.5422235314702297,42
1985,2,2944,2944,0,0,0,0,1.0,1,1.0,1,1.0,1,0.5399976255297423,41
1986,4,2948,2948,0,0,0,0,1.0,1,1.0,1,1.0,1,0.5831234225292463,40
1987,2,2950,2950,0,0,0,0,1.0,1,1.0,1,1.0,1,0.5830941846929333,37
1988,2,2952,2952,0,0,0,0,1.0,1,1.0,1,1.0,1,0.5913579574010972,35
1989,1,2953,2953,0,0,0,0,1.0,1,1.0,1,1.0,1,0.5901578470856876,32
1990,1,2954,2954,0,0,0,0,1.0,1,1.0,1,1.0,1,0.5791083717738027,31
1991,0,2954,2954,0,0,0,0,1.0,1,1.0,1,1.0,1,0.5825783910017402,32
1992,2,2956,2956,0,0,0,0,1.0,1,1.0,1,1.0,1,0.605108295401794,32
1993,4,2960,2960,0,0,0,0,1.0,1,1.0,1,1.0,1,0.605157155829317,32
1994,1,2961,2961,0,0,0,0,1.0,1,1.0,1,1.0,1,0.6124472948699251,31
1995,1,2962,2962,0,0,0,0,1.0,1,1.0,1,1.0,1,0.5833685255839113,32
1996,1,2963,2963,0,0,0,0,1.0,1,1.0,1,1.0,1,0.5797804056422629,32
1997,0,2963,2963,0,0,0,0,1.0,1,1.0,1,1.0,1,0.5938953743956579,31
1998,0,2963,2963,0,0,0,0,1.0,1,1.0,1,1.0,1,0.5821243507648184,32
1999,2,2965,2965,0,0,0,0,1.0,1,1.0,1,1.0,1,0.639263696707893,31
2000,0,2965,2965,0,0,0,0,1.0,1,1.0,1,1.0,1,0.6297042354144365,30
2001,0,2965,2965,0,0,0,0,1.0,1,1.0,1,1.0,1,0.6473788256868288,29
2002,1,2966,2966,0,0,0,0,1.0,1,1.0,1,1.0,1,0.6155073247153959,31
2003,2,2968,2968,0,0,0,0,1.0,1,1.0,1,1.0,1,0.615138418835911,33
2004,1,2969,2969,0,0,0,0,1.0,1,1.0,1,1.0,1,0.6294880937646279,34
2005,0,2969,2969,0,0,0,0,1.0,1,1.0,1,1.0,1,0.6355567817579201,35
2006,2,2971,2971,0,0,0,0,1.0,1,1.0,1,1.0,1,0.6310064202562967,36
2007,1,2972,2972,0,0,0,0,1.0,1,1.0,1,1.0,1,0.6353299278475927,36
2008,2,2974,2974,0,0,0,0,1.0,1,1.0,1,1.0,1,0.6571253341448553,36
2009,1,2975,2975,0,0,0,0,1.0,1,1.0,1,1.0,1,0.6500941125324312,37
2010,1,2976,2976,0,0,0,0,1.0,1,1.0,1,1.0,1,0.6595285701207627,37
2011,1,2977,2977,0,0,0,0,1.0,1,1.0,1,1.0,1,0.6548361447046163,37
2012,1,2978,2978,0,0,0,0,1.0,1,1.0,1,1.0,1,0.6500426829703491,37
2013,0,2978,2978,0,0,0,0,1.0,1,1.0,1,1.0,1,0.6554022278059063,39
2014,1,2979,2979,0,0,0,0,1.0,1,1.0,1,1.0,1,0.656105989207829,39
2015,1,2980,2980,0,0,0,0,1.0,1,1.0,1,1.0,1,0.6421455418283825,39
2016,1,2981,2981,0,0,0,0,1.0,1,1.0,1,1.0,1,0.6245469556293815,41
2017,0,2981,2981,0,0,0,0,1.0,1,1.0,1,1.0,1,0.6245469556293815,41
2018,4,2985,2985,0,0,0,0,1.0,1,1.0,1,1.0,1,0.6438444515584315,42
2019,1,2986,2986,0,0,0,0,1.0,1,1.0,1,1.0,1,0.6238521702949446,43
2020,3,2989,2989,0,0,0,0,1.0,1,1.0,1,1.0,1,0.6141885541030696,43
2021,0,2989,2989,0,0,0,0,1.0,1,1.0,1,1.0,1,0.6141885541030696,43
2022,2,2991,2991,0,0,0,0,1.0,1,1.0,1,1.0,1,0.5847408598487364,44
2023,1,2992,2992,0,0,0,0,1.0,1,1.0,1,1.0,1,0.6034616308443796,42
2024,6,2998,2998,0,0,0,0,1.0,1,1.0,1,1.0,1,0.5764911176668197,41
2025,2,3000,3000,0,0,0,0,1.0,1,1.0,1,1.0,1,0.5841025409251825,39
2026,2,3002,3002,0,0,0,0,1.0,1,1.0,1,1.0,1,0.5693182941712583,39
2027,2,3004,3004,0,0,0,0,1.0,1,1.0,1,1.0,1,0.6071301119545918,38
2028,0,3004,3004,0,0,0,0,1.0,1,1.0,1,1.0,1,0.59720087075224,37
2029,3,3007,3007,0,0,0,0,1.0,1,1.0,1,1.0,1,0.5893676929832089,35
2030,2,3009,3009,0,0,0,0,1.0,1,1.0,1,1.0,1,0.5910421094027192,32
2031,4,3013,3013,0,0,0,0,1.0,1,1.0,1,1.0,1,0.5993865721275431,34
2032,0,3013,3013,0,0,0,0,1.0,1,1.0,1,1.0,1,0.5896396482689448,35
2033,5,3018,3018,0,0,0,0,1.0,1,1.0,1,1.0,1,0.5931485928768325,35
2034,1,3019,3019,0,0,0,0,1.0,1,1.0,1,1.0,1,0.6138531359848595,35
2035,2,3021,3021,0,0,0,0,1.0,1,1.0,1,1.0,1,0.6143566891779956,36
2036,1,3022,3022,0,0,0,0,1.0,1,1.0,1,1.0,1,0.6405940622668405,35
2037,1,3023,3023,0,0,0,0,1.0,1,1.0,1,1.0,1,0.6497720780303949,36
2038,2,3025,3025,0,0,0,0,1.0,1,1.0,1,1.0,1,0.6571540532897033,38
2039,1,3026,3026,0,0,0,0,1.0,1,1.0,1,1.0,1,0.6645756546413396,38
2040,0,3026,3026,0,0,0,0,1.0,1,1.0,1,1.0,1,0.6574608899519679,37
2041,1,3027,3027,0,0,0,0,1.0,1,1.0,1,1.0,1,0.6416801887190552,38
2042,0,3027,3027,0,0,0,0,1.0,1,1.0,1,1.0,1,0.6416801887190552,38
2043,2,3029,3029,0,0,0,0,1.0,1,1.0,1,1.0,1,0.6562200075339033,38
2044,1,3030,3030,0,0,0,0,1.0,1,1.0,1,1.0,1,0.640454246092171,39
2045,0,3030,3030,0,0,0,0,1.0,1,1.0,1,1.0,1,0.6472081404869827,40
2046,1,3031,3031,0,0,0,0,1.0,1,1.0,1,1.0,1,0.639363945503436,41
2047,1,3032,3032,0,0,0,0,1.0,1,1.0,1,1.0,1,0.6258466468414434,41
2048,2,3034,3034,0,0,0,0,1.0,1,1.0,1,1.0,1,0.594405133195823,43
2049,0,3034,3034,0,0,0,0,1.0,1,1.0,1,1.0,1,0.594405133195823,43
2050,1,3035,3035,0,0,0,0,1.0,1,1.0,1,1.0,1,0.591083757323663,43
2051,0,3035,3035,0,0,0,0,1.0,1,1.0,1,1.0,1,0.6056355781429152,43
2052,1,3036,3036,0,0,0,0,1.0,1,1.0,1,1.0,1,0.6070598784671574,44
2053,0,3036,3036,0,0,0,0,1.0,1,1.0,1,1.0,1,0.6164867235101749,43
2054,3,3039,3039,0,0,0,0,1.0,1,1.0,1,1.0,1,0.6095508044086207,44
2055,0,3039,3039,0,0,0,0,1.0,1,1.0,1,1.0,1,0.6190898953033331,43
2056,0,3039,3039,0,0,0,0,1.0,1,1.0,1,1.0,1,0.6094398632554611,44
2057,4,3043,3043,0,0,0,0,1.0,1,1.0,1,1.0,1,0.6193094511325978,44
2058,3,3046,3046,0,0,0,0,1.0,1,1.0,1,1.0,1,0.6230771179795881,44
2059,1,3047,3047,0,0,0,0,1.0,1,1.0,1,1.0,1,0.6018454175812282,45
2060,2,3049,3049,0,0,0,0,1.0,1,1.0,1,1.0,1,0.5903057610458537,46
2061,5,3054,3054,0,0,0,0,1.0,1,1.0,1,1.0,1,0.5312558061407411,48
2062,2,3056,3056,0,0,0,0,1.0,1,1.0,1,1.0,1,0.543216841466889,48
2063,2,3058,3058,0,0,0,0,1.0,1,1.0,1,1.0,1,0.5205894872973896,45
2064,3,3061,3061,0,0,0,0,1.0,1,1.0,1,1.0,1,0.5361167920814166,44
2065,1,3062,3062,0,0,0,0,1.0,1,1.0,1,1.0,1,0.5335078080479024,42
2066,6,3068,3068,0,0,0,0,1.0,1,1.0,1,1.0,1,0.5155046003495126,42
2067,1,3069,3069,0,0,0,0,1.0,1,1.0,1,1.0,1,0.5200962428938921,38
2068,2,3071,3071,0,0,0,0,1.0,1,1.0,1,1.0,1,0.516451219382661,37
2069,0,3071,3071,0,0,0,0,1.0,1,1.0,1,1.0,1,0.5166108458660683,35
2070,3,3074,3074,0,0,0,0,1.0,1,1.0,1,1.0,1,0.5544551832321767,35
2071,1,3075,3075,0,0,0,0,1.0,1,1.0,1,1.0,1,0.5818763208944369,34
2072,2,3077,3077,0,0,0,0,1.0,1,1.0,1,1.0,1,0.6305983088264312,35
2073,0,3077,3077,0,0,0,0,1.0,1,1.0,1,1.0,1,0.627273021656308,37
2074,0,3077,3077,0,0,0,0,1.0,1,1.0,1,1.0,1,0.6203105552916628,36
2075,0,3077,3077,0,0,0,0,1.0,1,1.0,1,1.0,1,0.6147723124151514,38
2076,0,3077,3077,0,0,0,0,1.0,1,1.0,1,1.0,1,0.6079756246846172,37
2077,1,3078,3078,0,0,0,0,1.0,1,1.0,1,1.0,1,0.593962721354285,37
2078,1,3079,3079,0,0,0,0,1.0,1,1.0,1,1.0,1,0.5732083807840406,37
2079,0,3079,3079,0,0,0,0,1.0,1,1.0,1,1.0,1,0.5732083807840406,37
2080,0,3079,3079,0,0,0,0,1.0,1,1.0,1,1.0,1,0.5855155397698437,36
2081,1,3080,3080,0,0,0,0,1.0,1,1.0,1,1.0,1,0.5743456895169227,37
2082,1,3081,3081,0,0,0,0,1.0,1,1.0,1,1.0,1,0.5628409934708128,38
2083,2,3083,3083,0,0,0,0,1.0,1,1.0,1,1.0,1,0.5662789259418594,39
2084,0,3083,3083,0,0,0,0,1.0,1,1.0,1,1.0,1,0.574098364351707,41
2085,2,3085,3085,0,0,0,0,1.0,1,1.0,1,1.0,1,0.5858076741643186,41
2086,0,3085,3085,0,0,0,0,1.0,1,1.0,1,1.0,1,0.5677726223114078,44
2087,2,3087,3087,0,0,0,0,1.0,1,1.0,1,1.0,1,0.5808553682817424,44
2088,0,3087,3087,0,0,0,0,1.0,1,1.0,1,1.0,1,0.586437622407588,45
2089,1,3088,3088,0,0,0,0,1.0,1,1.0,1,1.0,1,0.5878193564432136,46
2090,1,3089,3089,0,0,0,0,1.0,1,1.0,1,1.0,1,0.5759796462522473,47
2091,2,3091,3091,0,0,0,0,1.0,1,1.0,1,1.0,1,0.5789385268955902,48
2092,3,3094,3094,0,0,0,0,1.0,1,1.0,1,1.0,1,0.5803497303703811,48
2093,0,3094,3094,0,0,0,0,1.0,1,1.0,1,1.0,1,0.5803497303703811,48
2094,1,3095,3095,0,0,0,0,1.0,1,1.0,1,1.0,1,0.5804251069970082,47
2095,1,3096,3096,0,0,0,0,1.0,1,1.0,1,1.0,1,0.5650458013195871,49
2096,1,3097,3097,0,0,0,0,1.0,1,1.0,1,1.0,1,0.5491685228888803,50
2097,0,3097,3097,0,0,0,0,1.0,1,1.0,1,1.0,1,0.5491685228888803,50
2098,6,3103,3103,0,0,0,0,1.0,1,1.0,1,1.0,1,0.4955688555116493,51
2099,2,3105,3105,0,0,0,0,1.0,1,1.0,1,1.0,1,0.5055035870599778,50
2100,4,3109,3109,0,0,0,0,1.0,1,1.0,1,1.0,1,0.5352790287995678,49
2101,2,3111,3111,0,0,0,0,1.0,1,1.0,1,1.0,1,0.5487139688251133,48
2102,6,3117,3117,0,0,0,0,1.0,1,1.0,1,1.0,1,0.638559477645386,49
2103,3,3120,3120,0,0,0,0,1.0,1,1.0,1,1.0,1,0.6399979298594977,44
2104,0,3120,3120,0,0,0,0,1.0,1,1.0,1,1.0,1,0.6468975245926477,42
2105,2,3122,3122,0,0,0,0,1.0,1,1.0,1,1.0,1,0.6381619231899825,40
2106,2,3124,3124,0,0,0,0,1.0,1,1.0,1,1.0,1,0.6141135458521642,39
2107,2,3126,3126,0,0,0,0,1.0,1,1.0,1,1.0,1,0.6117644530879629,37
2108,1,3127,3127,0,0,0,0,1.0,1,1.0,1,1.0,1,0.6171605094601592,37
2109,1,3128,3128,0,0,0,0,1.0,1,1.0,1,1.0,1,0.6421963258966205,36
2110,0,3128,3128,0,0,0,0,1.0,1,1.0,1,1.0,1,0.6231964974367089,35
2111,2,3130,3130,0,0,0,0,1.0,1,1.0,1,1.0,1,0.5906798621068969,35
2112,0,3130,3130,0,0,0,0,1.0,1,1.0,1,1.0,1,0.5906798621068969,35
2113,1,3131,3131,0,0,0,0,1.0,1,1.0,1,1.0,1,0.5839838129162048,35
2114,1,3132,3132,0,0,0,0,1.0,1,1.0,1,1.0,1,0.5759967341328774,36
2115,2,3134,3134,0,0,0,0,1.0,1,1.0,1,1.0,1,0.5568060423802712,37
2116,2,3136,3136,0,0,0,0,1.0,1,1.0,1,1.0,1,0.5860612079554208,39
2117,1,3137,3137,0,0,0,0,1.0,1,1.0,1,1.0,1,0.5644760696399432,39
2118,0,3137,3137,0,0,0,0,1.0,1,1.0,1,1.0,1,0.5638377113539522,41
2119,2,3139,3139,0,0,0,0,1.0,1,1.0,1,1.0,1,0.5685477447061149,42
2120,1,3140,3140,0,0,0,0,1.0,1,1.0,1,1.0,1,0.5616590342606934,42
2121,3,3143,3143,0,0,0,0,1.0,1,1.0,1,1.0,1,0.5613728928838426,42
2122,1,3144,3144,0,0,0,0,1.0,1,1.0,1,1.0,1,0.57227177980581,43
2123,1,3145,3145,0,0,0,0,1.0,1,1.0,1,1.0,1,0.5635116926210729,42
2124,0,3145,3145,0,0,0,0,1.0,1,1.0,1,1.0,1,0.5635116926210729,42
2125,0,3145,3145,0,0,0,0,1.0,1,1.0,1,1.0,1,0.5736981753707028,41
2126,1,3146,3146,0,0,0,0,1.0,1,1.0,1,1.0,1,0.5713496107968568,41
2127,0,3146,3146,0,0,0,0,1.0,1,1.0,1,1.0,1,0.5713496107968568,41
2128,1,3147,3147,0,0,0,0,1.0,1,1.0,1,1.0,1,0.5753571966727575,42
2129,0,3147,3147,0,0,0,0,1.0,1,1.0,1,1.0,1,0.5843475122575964,43
2130,0,3147,3147,0,0,0,0,1.0,1,1.0,1,1.0,1,0.5835029808762496,45
2131,1,3148,3148,0,0,0,0,1.0,1,1.0,1,1.0,1,0.6010295767687277,44
2132,3,3151,3151,0,0,0,0,1.0,1,1.0,1,1.0,1,0.5475228878695059,44
2133,1,3152,3152,0,0,0,0,1.0,1,1.0,1,1.0,1,0.5344730695154614,45
2134,3,3155,3155,0,0,0,0,1.0,1,1.0,1,1.0,1,0.530088861736969,45
2135,3,3158,3158,0,0,0,0,1.0,1,1.0,1,1.0,1,0.5299600787548567,46
2136,2,3160,3160,0,0,0,0,1.0,1,1.0,1,1.0,1,0.540004843487756,47
2137,4,3164,3164,0,0,0,0,1.0,1,1.0,1,1.0,1,0.5814698471807562,47
2138,3,3167,3167,0,0,0,0,1.0,1,1.0,1,1.0,1,0.5532940704140544,45
2139,1,3168,3168,0,0,0,0,1.0,1,1.0,1,1.0,1,0.5672170462784945,45
2140,2,3170,3170,0,0,0,0,1.0,1,1.0,1,1.0,1,0.5611179629168686,44
2141,2,3172,3172,0,0,0,0,1.0,1,1.0,1,1.0,1,0.5480428198273679,45
2142,2,3174,3174,0,0,0,0,1.0,1,1.0,1,1.0,1,0.5557331506828947,46
2143,2,3176,3176,0,0,0,0,1.0,1,1.0,1,1.0,1,0.5299365109126835,46
2144,1,3177,3177,0,0,0,0,1.0,1,1.0,1,1.0,1,0.5353543478170506,48
2145,5,3182,3182,0,0,0,0,1.0,1,1.0,1,1.0,1,0.5354993438070587,46
2146,3,3185,3185,0,0,0,0,1.0,1,1.0,1,1.0,1,0.5901128785858972,45
2147,3,3188,3188,0,0,0,0,1.0,1,1.0,1,1.0,1,0.57998228340629,44
2148,3,3191,3191,0,0,0,0,1.0,1,1.0,1,1.0,1,0.565916298443395,44
2149,3,3194,3194,0,0,0,0,1.0,1,1.0,1,1.0,1,0.5456151247392025,42
2150,1,3195,3195,0,0,0,0,1.0,1,1.0,1,1.0,1,0.5556798693828774,40
2151,2,3197,3197,0,0,0,0,1.0,1,1.0,1,1.0,1,0.5794804027419237,39
2152,0,3197,3197,0,0,0,0,1.0,1,1.0,1,1.0,1,0.5697691998794882,40
2153,2,3199,3199,0,0,0,0,1.0,1,1.0,1,1.0,1,0.5167887525947434,42
2154,0,3199,3199,0,0,0,0,1.0,1,1.0,1,1.0,1,0.5362206932227258,42
2155,1,3200,3200,0,0,0,0,1.0,1,1.0,1,1.0,1,0.5126550345979122,41
2156,1,3201,3201,0,0,0,0,1.0,1,1.0,1,1.0,1,0.502292685278974,40
2157,1,3202,3202,0,0,0,0,1.0,1,1.0,1,1.0,1,0.5357399532023547,40
2158,1,3203,3203,0,0,0,0,1.0,1,1.0,1,1.0,1,0.5505136022557388,38
2159,2,3205,3205,0,0,0,0,1.0,1,1.0,1,1.0,1,0.5594125373397612,38
2160,1,3206,3206,0,0,0,0,1.0,1,1.0,1,1.0,1,0.5726214304086275,38
2161,2,3208,3208,0,0,0,0,1.0,1,1.0,1,1.0,1,0.6052619733425822,38
2162,1,3209,3209,0,0,0,0,1.0,1,1.0,1,1.0,1,0.6262297166663566,38
2163,2,3211,3211,0,0,0,0,1.0,1,1.0,1,1.0,1,0.6512263491622529,40
2164,2,3213,3213,0,0,0,0,1.0,1,1.0,1,1.0,1,0.6687768558116673,41
2165,3,3216,3216,0,0,0,0,1.0,1,1.0,1,1.0,1,0.6613939918286372,42
2166,0,3216,3216,0,0,0,0,1.0,1,1.0,1,1.0,1,0.6613939918286372,42
2167,0,3216,3216,0,0,0,0,1.0,1,1.0,1,1.0,1,0.6452751421180208,43
2168,0,3216,3216,0,0,0,0,1.0,1,1.0,1,1.0,1,0.6525439699921853,43
2169,0,3216,3216,0,0,0,0,1.0,1,1.0,1,1.0,1,0.6435430099666533,45
2170,2,3218,3218,0,0,0,0,1.0,1,1.0,1,1.0,1,0.645023193296671,46
2171,2,3220,3220,0,0,0,0,1.0,1,1.0,1,1.0,1,0.6590926704841342,48
2172,1,3221,3221,0,0,0,0,1.0,1,1.0,1,1.0,1,0.6633044347196645,49
2173,1,3222,3222,0,0,0,0,1.0,1,1.0,1,1.0,1,0.6552271507477351,49
2174,3,3225,3225,0,0,0,0,1.0,1,1.0,1,1.0,1,0.6563367707027414,49
2175,0,3225,3225,0,0,0,0,1.0,1,1.0,1,1.0,1,0.6563367707027414,49
2176,4,3229,3229,0,0,0,0,1.0,1,1.0,1,1.0,1,0.635379351818682,51
2177,3,3232,3232,0,0,0,0,1.0,1,1.0,1,1.0,1,0.6200145061437865,51
2178,4,3236,3236,0,0,0,0,1.0,1,1.0,1,1.0,1,0.6030316889506072,50
2179,2,3238,3238,0,0,0,0,1.0,1,1.0,1,1.0,1,0.6001975655799299,49
2180,3,3241,3241,0,0,0,0,1.0,1,1.0,1,1.0,1,0.5599046729183281,47
2181,2,3243,3243,0,0,0,0,1.0,1,1.0,1,1.0,1,0.5395407289196334,47
2182,6,3249,3249,0,0,0,0,1.0,1,1.0,1,1.0,1,0.4821441181880632,45
2183,3,3252,3252,0,0,0,0,1.0,1,1.0,1,1.0,1,0.460247133895627,44
2184,3,3255,3255,0,0,0,0,1.0,1,1.0,1,1.0,1,0.47364618693025046,43
2185,6,3261,3261,0,0,0,0,1.0,1,1.0,1,1.0,1,0.4677114566691194,40
2186,5,3266,3266,0,0,0,0,1.0,1,1.0,1,1.0,1,0.47266696907778827,38
2187,4,3270,3270,0,0,0,0,1.0,1,1.0,1,1.0,1,0.431748235304313,35
2188,2,3272,3272,0,0,0,0,1.0,1,1.0,1,1.0,1,0.45802129167658073,34
2189,1,3273,3273,0,0,0,0,1.0,1,1.0,1,1.0,1,0.46850841567305224,31
2190,3,3276,3276,0,0,0,0,1.0,1,1.0,1,1.0,1,0.5093608975634558,29
2191,2,3278,3278,0,0,0,0,1.0,1,1.0,1,1.0,1,0.5190368916800457,28
2192,1,3279,3279,0,0,0,0,1.0,1,1.0,1,1.0,1,0.5472061673585297,29
2193,1,3280,3280,0,0,0,0,1.0,1,1.0,1,1.0,1,0.5941228321316789,28
2194,0,3280,3280,0,0,0,0,1.0,1,1.0,1,1.0,1,0.6037268078466463,27
2195,2,3282,3282,0,0,0,0,1.0,1,1.0,1,1.0,1,0.6441147215367257,27
2196,1,3283,3283,0,0,0,0,1.0,1,1.0,1,1.0,1,0.6997493581182811,27
2197,1,3284,3284,0,0,0,0,1.0,1,1.0,1,1.0,1,0.7076116220597521,27
2198,0,3284,3284,0,0,0,0,1.0,1,1.0,1,1.0,1,0.6917096085865927,28
2199,1,3285,3285,0,0,0,0,1.0,1,1.0,1,1.0,1,0.7077237965181606,29
2200,0,3285,3285,0,0,0,0,1.0,1,1.0,1,1.0,1,0.7077011916628967,31
2201,3,3288,3288,0,0,0,0,1.0,1,1.0,1,1.0,1,0.7016860248094882,32
2202,0,3288,3288,0,0,0,0,1.0,1,1.0,1,1.0,1,0.7116843033350717,31
2203,1,3289,3289,0,0,0,0,1.0,1,1.0,1,1.0,1,0.6778765518207854,32
2204,0,3289,3289,0,0,0,0,1.0,1,1.0,1,1.0,1,0.6778765518207854,32
2205,1,3290,3290,0,0,0,0,1.0,1,1.0,1,1.0,1,0.6400252137015355,33
2206,0,3290,3290,0,0,0,0,1.0,1,1.0,1,1.0,1,0.6593494977197132,32
2207,1,3291,3291,0,0,0,0,1.0,1,1.0,1,1.0,1,0.6294507312072667,33
2208,0,3291,3291,0,0,0,0,1.0,1,1.0,1,1.0,1,0.6101676357270662,35
2209,1,3292,3292,0,0,0,0,1.0,1,1.0,1,1.0,1,0.6049689282340028,36
2210,2,3294,3294,0,0,0,0,1.0,1,1.0,1,1.0,1,0.6055522595441363,35
2211,1,3295,3295,0,0,0,0,1.0,1,1.0,1,1.0,1,0.5964902460814083,36
2212,3,3298,3298,0,0,0,0,1.0,1,1.0,1,1.0,1,0.5940606699207329,37
2213,4,3302,3302,0,0,0,0,1.0,1,1.0,1,1.0,1,0.606718221464736,37
2214,1,3303,3303,0,0,0,0,1.0,1,1.0,1,1.0,1,0.5775571719400477,39
2215,2,3305,3305,0,0,0,0,1.0,1,1.0,1,1.0,1,0.6028135023723906,36
2216,4,3309,3309,0,0,0,0,1.0,1,1.0,1,1.0,1,0.6227250183694241,37
2217,1,3310,3310,0,0,0,0,1.0,1,1.0,1,1.0,1,0.6195603299779405,35
2218,3,3313,3313,0,0,0,0,1.0,1,1.0,1,1.0,1,0.5612738683613755,35
2219,2,3315,3315,0,0,0,0,1.0,1,1.0,1,1.0,1,0.521627571144128,33
2220,3,3318,3318,0,0,0,0,1.0,1,1.0,1,1.0,1,0.47258381258948234,31
2221,1,3319,3319,0,0,0,0,1.0,1,1.0,1,1.0,1,0.45364698837047757,31
2222,1,3320,3320,0,0,0,0,1.0,1,1.0,1,1.0,1,0.41037379499551674,30
2223,2,3322,3322,0,0,0,0,1.0,1,1.0,1,1.0,1,0.4610602978659481,28
2224,4,3326,3326,0,0,0,0,1.0,1,1.0,1,1.0,1,0.5588521767788619,29
2225,2,3328,3328,0,0,0,0,1.0,1,1.0,1,1.0,1,0.580178627222258,28
2226,1,3329,3329,0,0,0,0,1.0,1,1.0,1,1.0,1,0.5885458175202489,30
2227,0,3329,3329,0,0,0,0,1.0,1,1.0,1,1.0,1,0.6041078044003527,28
2228,2,3331,3331,0,0,0,0,1.0,1,1.0,1,1.0,1,0.5990118154353793,29
2229,2,3333,3333,0,0,0,0,1.0,1,1.0,1,1.0,1,0.5819316053857934,28
2230,1,3334,3334,0,0,0,0,1.0,1,1.0,1,1.0,1,0.5706971487262146,28
2231,2,3336,3336,0,0,0,0,1.0,1,1.0,1,1.0,1,0.5681673663401207,27
2232,0,3336,3336,0,0,0,0,1.0,1,1.0,1,1.0,1,0.5913210822743216,27
2233,2,3338,3338,0,0,0,0,1.0,1,1.0,1,1.0,1,0.5756377526821601,28
2234,3,3341,3341,0,0,0,0,1.0,1,1.0,1,1.0,1,0.5193435491131507,26
2235,1,3342,3342,0,0,0,0,1.0,1,1.0,1,1.0,1,0.5048848553098148,26
2236,1,3343,3343,0,0,0,0,1.0,1,1.0,1,1.0,1,0.5335017033128114,26
2237,2,3345,3345,0,0,0,0,1.0,1,1.0,1,1.0,1,0.5628370603877261,26
2238,3,3348,3348,0,0,0,0,1.0,1,1.0,1,1.0,1,0.5778497012997202,27
2239,0,3348,3348,0,0,0,0,1.0,1,1.0,1,1.0,1,0.5630372364318306,28
2240,3,3351,3351,0,0,0,0,1.0,1,1.0,1,1.0,1,0.5988665375765123,30
2241,1,3352,3352,0,0,0,0,1.0,1,1.0,1,1.0,1,0.6462831469510647,29
2242,1,3353,3353,0,0,0,0,1.0,1,1.0,1,1.0,1,0.6447187136964546,29
2243,1,3354,3354,0,0,0,0,1.0,1,1.0,1,1.0,1,0.6634631650598803,29
2244,0,3354,3354,0,0,0,0,1.0,1,1.0,1,1.0,1,0.6634631650598803,29
2245,0,3354,3354,0,0,0,0,1.0,1,1.0,1,1.0,1,0.6575742958554327,30
2246,0,3354,3354,0,0,0,0,1.0,1,1.0,1,1.0,1,0.6400530360845964,33
2247,0,3354,3354,0,0,0,0,1.0,1,1.0,1,1.0,1,0.6240648474487324,34
2248,0,3354,3354,0,0,0,0,1.0,1,1.0,1,1.0,1,0.6240648474487324,34
2249,1,3355,3355,0,0,0,0,1.0,1,1.0,1,1.0,1,0.5993650066142034,35
2250,1,3356,3356,0,0,0,0,1.0,1,1.0,1,1.0,1,0.5932805531358619,35
2251,2,3358,3358,0,0,0,0,1.0,1,1.0,1,1.0,1,0.5668500720079259,36
2252,1,3359,3359,0,0,0,0,1.0,1,1.0,1,1.0,1,0.5773979006153199,37
2253,2,3361,3361,0,0,0,0,1.0,1,1.0,1,1.0,1,0.5627621617956646,35
2254,1,3362,3362,0,0,0,0,1.0,1,1.0,1,1.0,1,0.5620464248333825,33
2255,1,3363,3363,0,0,0,0,1.0,1,1.0,1,1.0,1,0.5693131103022291,35
2256,5,3368,3368,0,0,0,0,1.0,1,1.0,1,1.0,1,0.5803442940682394,34
2257,2,3370,3370,0,0,0,0,1.0,1,1.0,1,1.0,1,0.5865515566846433,36
2258,2,3372,3372,0,0,0,0,1.0,1,1.0,1,1.0,1,0.5529044410090752,35
2259,1,3373,3373,0,0,0,0,1.0,1,1.0,1,1.0,1,0.5703575177853373,35
2260,2,3375,3375,0,0,0,0,1.0,1,1.0,1,1.0,1,0.531531186831383,33
2261,3,3378,3378,0,0,0,0,1.0,1,1.0,1,1.0,1,0.517385135857146,33
2262,1,3379,3379,0,0,0,0,1.0,1,1.0,1,1.0,1,0.5489412890142696,32
2263,2,3381,3381,0,0,0,0,1.0,1,1.0,1,1.0,1,0.5551140267789091,31
2264,1,3382,3382,0,0,0,0,1.0,1,1.0,1,1.0,1,0.5736020003118382,30
2265,0,3382,3382,0,0,0,0,1.0,1,1.0,1,1.0,1,0.5686936209777935,29
2266,6,3388,3388,0,0,0,0,1.0,1,1.0,1,1.0,1,0.5388324393948409,30
2267,3,3391,3391,0,0,0,0,1.0,1,1.0,1,1.0,1,0.5143164737683799,29
2268,3,3394,3394,0,0,0,0,1.0,1,1.0,1,1.0,1,0.5074343523386584,30
2269,1,3395,3395,0,0,0,0,1.0,1,1.0,1,1.0,1,0.520517741862216,31
2270,3,3398,3398,0,0,0,0,1.0,1,1.0,1,1.0,1,0.5652973372592273,31
2271,4,3402,3402,0,0,0,0,1.0,1,1.0,1,1.0,1,0.5643604309427112,31
2272,1,3403,3403,0,0,0,0,1.0,1,1.0,1,1.0,1,0.5875295220085043,31
2273,1,3404,3404,0,0,0,0,1.0,1,1.0,1,1.0,1,0.5664276631544459,30
2274,0,3404,3404,0,0,0,0,1.0,1,1.0,1,1.0,1,0.5509735980607404,31
2275,0,3404,3404,0,0,0,0,1.0,1,1.0,1,1.0,1,0.5481065265379923,32
2276,2,3406,3406,0,0,0,0,1.0,1,1.0,1,1.0,1,0.5458452507897213,31
2277,0,3406,3406,0,0,0,0,1.0,1,1.0,1,1.0,1,0.5611739778365582,31
2278,1,3407,3407,0,0,0,0,1.0,1,1.0,1,1.0,1,0.5552477770820432,32
2279,0,3407,3407,0,0,0,0,1.0,1,1.0,1,1.0,1,0.570417942754181,32
2280,0,3407,3407,0,0,0,0,1.0,1,1.0,1,1.0,1,0.5540361497567374,33
2281,1,3408,3408,0,0,0,0,1.0,1,1.0,1,1.0,1,0.5736446759033782,34
2282,0,3408,3408,0,0,0,0,1.0,1,1.0,1,1.0,1,0.5736446759033782,34
2283,1,3409,3409,0,0,0,0,1.0,1,1.0,1,1.0,1,0.548113135659921,34
2284,1,3410,3410,0,0,0,0,1.0,1,1.0,1,1.0,1,0.5536650018831902,34
2285,1,3411,3411,0,0,0,0,1.0,1,1.0,1,1.0,1,0.5280166213665174,35
2286,0,3411,3411,0,0,0,0,1.0,1,1.0,1,1.0,1,0.5339981409633567,34
2287,2,3413,3413,0,0,0,0,1.0,1,1.0,1,1.0,1,0.5236288629382139,35
2288,2,3415,3415,0,0,0,0,1.0,1,1.0,1,1.0,1,0.5108063248736896,35
2289,2,3417,3417,0,0,0,0,1.0,1,1.0,1,1.0,1,0.5331096789963725,37
2290,1,3418,3418,0,0,0,0,1.0,1,1.0,1,1.0,1,0.5457463640181118,37
2291,1,3419,3419,0,0,0,0,1.0,1,1.0,1,1.0,1,0.5427239638207464,35
2292,1,3420,3420,0,0,0,0,1.0,1,1.0,1,1.0,1,0.5588969218336458,35
2293,3,3423,3423,0,0,0,0,1.0,1,1.0,1,1.0,1,0.6057839807201045,34
2294,1,3424,3424,0,0,0,0,1.0,1,1.0,1,1.0,1,0.6101579475721813,33
2295,0,3424,3424,0,0,0,0,1.0,1,1.0,1,1.0,1,0.6027101704811776,34
2296,0,3424,3424,0,0,0,0,1.0,1,1.0,1,1.0,1,0.5870959565219833,33
2297,0,3424,3424,0,0,0,0,1.0,1,1.0,1,1.0,1,0.5986202611250616,32
2298,1,3425,3425,0,0,0,0,1.0,1,1.0,1,1.0,1,0.5767886550137883,32
2299,3,3428,3428,0,0,0,0,1.0,1,1.0,1,1.0,1,0.5565680414726564,33
2300,4,3432,3432,0,0,0,0,1.0,1,1.0,1,1.0,1,0.5578437641250883,33
2301,2,3434,3434,0,0,0,0,1.0,1,1.0,1,1.0,1,0.5204636963210691,33
2302,2,3436,3436,0,0,0,0,1.0,1,1.0,1,1.0,1,0.5371408241053388,34
2303,4,3440,3440,0,0,0,0,1.0,1,1.0,1,1.0,1,0.6023410605087303,34
2304,1,3441,3441,0,0,0,0,1.0,1,1.0,1,1.0,1,0.6020809463502234,33
2305,3,3444,3444,0,0,0,0,1.0,1,1.0,1,1.0,1,0.622359846192132,33
2306,3,3447,3447,0,0,0,0,1.0,1,1.0,1,1.0,1,0.6143137578474454,33
2307,1,3448,3448,0,0,0,0,1.0,1,1.0,1,1.0,1,0.593055091724358,35
2308,2,3450,3450,0,0,0,0,1.0,1,1.0,1,1.0,1,0.5995699855415394,34
2309,2,3452,3452,0,0,0,0,1.0,1,1.0,1,1.0,1,0.5528509494835033,34
2310,1,3453,3453,0,0,0,0,1.0,1,1.0,1,1.0,1,0.5460717183624614,34
2311,2,3455,3455,0,0,0,0,1.0,1,1.0,1,1.0,1,0.5729061157695113,35
2312,4,3459,3459,0,0,0,0,1.0,1,1.0,1,1.0,1,0.5951627097039113,34
2313,0,3459,3459,0,0,0,0,1.0,1,1.0,1,1.0,1,0.5660841910078018,35
2314,1,3460,3460,0,0,0,0,1.0,1,1.0,1,1.0,1,0.5904689123615463,35
2315,1,3461,3461,0,0,0,0,1.0,1,1.0,1,1.0,1,0.6112655264623267,34
2316,0,3461,3461,0,0,0,0,1.0,1,1.0,1,1.0,1,0.6064205007976651,35
2317,0,3461,3461,0,0,0,0,1.0,1,1.0,1,1.0,1,0.6113109980230245,32
2318,2,3463,3463,0,0,0,0,1.0,1,1.0,1,1.0,1,0.6427452059075285,32
2319,1,3464,3464,0,0,0,0,1.0,1,1.0,1,1.0,1,0.6512426933129066,32
2320,0,3464,3464,0,0,0,0,1.0,1,1.0,1,1.0,1,0.6656961270330073,32
2321,0,3464,3464,0,0,0,0,1.0,1,1.0,1,1.0,1,0.6657247551475787,33
2322,0,3464,3464,0,0,0,0,1.0,1,1.0,1,1.0,1,0.6657247551475787,33
2323,1,3465,3465,0,0,0,0,1.0,1,1.0,1,1.0,1,0.6407002242225718,33
2324,0,3465,3465,0,0,0,0,1.0,1,1.0,1,1.0,1,0.6414839377347081,34
2325,0,3465,3465,0,0,0,0,1.0,1,1.0,1,1.0,1,0.6364226191732885,35
2326,0,3465,3465,0,0,0,0,1.0,1,1.0,1,1.0,1,0.6364226191732885,35
2327,0,3465,3465,0,0,0,0,1.0,1,1.0,1,1.0,1,0.64459604882703,36
2328,0,3465,3465,0,0,0,0,1.0,1,1.0,1,1.0,1,0.6453382259860871,37
2329,0,3465,3465,0,0,0,0,1.0,1,1.0,1,1.0,1,0.6423254347207181,37
2330,0,3465,3465,0,0,0,0,1.0,1,1.0,1,1.0,1,0.6366761966060919,38
2331,0,3465,3465,0,0,0,0,1.0,1,1.0,1,1.0,1,0.6350676038604247,40
2332,0,3465,3465,0,0,0,0,1.0,1,1.0,1,1.0,1,0.6350676038604247,40
2333,0,3465,3465,0,0,0,0,1.0,1,1.0,1,1.0,1,0.6359318075745074,41
2334,0,3465,3465,0,0,0,0,1.0,1,1.0,1,1.0,1,0.6359318075745074,41
2335,0,3465,3465,0,0,0,0,1.0,1,1.0,1,1.0,1,0.6359318075745074,41
2336,0,3465,3465,0,0,0,0,1.0,1,1.0,1,1.0,1,0.6359318075745074,41
2337,0,3465,3465,0,0,0,0,1.0,1,1.0,1,1.0,1,0.6368710076074003,42
2338,3,3468,3468,0,0,0,0,1.0,1,1.0,1,1.0,1,0.6541329353402655,43
2339,3,3471,3471,0,0,0,0,1.0,1,1.0,1,1.0,1,0.5914067499303196,43
2340,2,3473,3473,0,0,0,0,1.0,1,1.0,1,1.0,1,0.5900638191268831,45
2341,3,3476,3476,0,0,0,0,1.0,1,1.0,1,1.0,1,0.5413263592637404,45
2342,0,3476,3476,0,0,0,0,1.0,1,1.0,1,1.0,1,0.5492279386982201,46
2343,4,3480,3480,0,0,0,0,1.0,1,1.0,1,1.0,1,0.5284998346561974,45
2344,3,3483,3483,0,0,0,0,1.0,1,1.0,1,1.0,1,0.5375824500700424,44
2345,1,3484,3484,0,0,0,0,1.0,1,1.0,1,1.0,1,0.5435338524843023,44
2346,1,3485,3485,0,0,0,0,1.0,1,1.0,1,1.0,1,0.5514161583884256,44
2347,2,3487,3487,0,0,0,0,1.0,1,1.0,1,1.0,1,0.5306929447152711,44
2348,0,3487,3487,0,0,0,0,1.0,1,1.0,1,1.0,1,0.5290006794701266,45
2349,1,3488,3488,0,0,0,0,1.0,1,1.0,1,1.0,1,0.5523988886161161,46
2350,1,3489,3489,0,0,0,0,1.0,1,1.0,1,1.0,1,0.5628021899480753,47
2351,1,3490,3490,0,0,0,0,1.0,1,1.0,1,1.0,1,0.5687398612787558,47
2352,5,3495,3495,0,0,0,0,1.0,1,1.0,1,1.0,1,0.5548225405555306,47
2353,1,3496,3496,0,0,0,0,1.0,1,1.0,1,1.0,1,0.5693921234411301,46
2354,4,3500,3500,0,0,0,0,1.0,1,1.0,1,1.0,1,0.5614245802399396,47
2355,0,3500,3500,0,0,0,0,1.0,1,1.0,1,1.0,1,0.5614245802399396,47
2356,3,3503,3503,0,0,0,0,1.0,1,1.0,1,1.0,1,0.5748743195625352,47
2357,1,3504,3504,0,0,0,0,1.0,1,1.0,1,1.0,1,0.583555851716773,47
2358,0,3504,3504,0,0,0,0,1.0,1,1.0,1,1.0,1,0.5767116099787392,48
2359,0,3504,3504,0,0,0,0,1.0,1,1.0,1,1.0,1,0.5558006787512704,49
2360,1,3505,3505,0,0,0,0,1.0,1,1.0,1,1.0,1,0.5648373487048488,49
2361,0,3505,3505,0,0,0,0,1.0,1,1.0,1,1.0,1,0.5621415562913913,50
2362,0,3505,3505,0,0,0,0,1.0,1,1.0,1,1.0,1,0.5565969383147275,51
2363,3,3508,3508,0,0,0,0,1.0,1,1.0,1,1.0,1,0.6019802963519246,51
2364,1,3509,3509,0,0,0,0,1.0,1,1.0,1,1.0,1,0.586940072126029,52
2365,1,3510,3510,0,0,0,0,1.0,1,1.0,1,1.0,1,0.6026221385299808,53
2366,3,3513,3513,0,0,0,0,1.0,1,1.0,1,1.0,1,0.5949146285589655,54
2367,2,3515,3515,0,0,0,0,1.0,1,1.0,1,1.0,1,0.624358774732569,52
2368,5,3520,3520,0,0,0,0,1.0,1,1.0,1,1.0,1,0.6212501016384133,51
2369,0,3520,3520,0,0,0,0,1.0,1,1.0,1,1.0,1,0.6258458642943057,51
2370,7,3527,3527,0,0,0,0,1.0,1,1.0,1,1.0,1,0.6190554920377972,52
2371,5,3532,3532,0,0,0,0,1.0,1,1.0,1,1.0,1,0.5925258003001076,52
2372,1,3533,3533,0,0,0,0,1.0,1,1.0,1,1.0,1,0.6170515888946314,49
2373,2,3535,3535,0,0,0,0,1.0,1,1.0,1,1.0,1,0.6047012283454721,47
2374,2,3537,3537,0,0,0,0,1.0,1,1.0,1,1.0,1,0.6102829319699193,45
2375,1,3538,3538,0,0,0,0,1.0,1,1.0,1,1.0,1,0.5923766240283207,45
2376,0,3538,3538,0,0,0,0,1.0,1,1.0,1,1.0,1,0.5869635836069576,43
2377,2,3540,3540,0,0,0,0,1.0,1,1.0,1,1.0,1,0.5849584356590801,44
2378,3,3543,3543,0,0,0,0,1.0,1,1.0,1,1.0,1,0.6053227820935736,43
2379,2,3545,3545,0,0,0,0,1.0,1,1.0,1,1.0,1,0.5907924284225216,43
2380,3,3548,3548,0,0,0,0,1.0,1,1.0,1,1.0,1,0.5694271009665746,43
2381,4,3552,3552,0,0,0,0,1.0,1,1.0,1,1.0,1,0.5803482947840184,44
2382,1,3553,3553,0,0,0,0,1.0,1,1.0,1,1.0,1,0.5763746999980928,44
2383,2,3555,3555,0,0,0,0,1.0,1,1.0,1,1.0,1,0.5801633616848345,45
2384,3,3558,3558,0,0,0,0,1.0,1,1.0,1,1.0,1,0.5553031847332549,45
2385,1,3559,3559,0,0,0,0,1.0,1,1.0,1,1.0,1,0.5433085608522789,45
2386,3,3562,3562,0,0,0,0,1.0,1,1.0,1,1.0,1,0.5333703574920108,46
2387,2,3564,3564,0,0,0,0,1.0,1,1.0,1,1.0,1,0.5765495407141799,44
2388,2,3566,3566,0,0,0,0,1.0,1,1.0,1,1.0,1,0.5616262940691297,44
2389,1,3567,3567,0,0,0,0,1.0,1,1.0,1,1.0,1,0.5673891644781052,43
2390,4,3571,3571,0,0,0,0,1.0,1,1.0,1,1.0,1,0.5941561460323423,44
2391,0,3571,3571,0,0,0,0,1.0,1,1.0,1,1.0,1,0.5924869570046708,43
2392,1,3572,3572,0,0,0,0,1.0,1,1.0,1,1.0,1,0.5898803617949003,44
2393,2,3574,3574,0,0,0,0,1.0,1,1.0,1,1.0,1,0.5986913660926124,45
2394,0,3574,3574,0,0,0,0,1.0,1,1.0,1,1.0,1,0.6033071470786041,44
2395,1,3575,3575,0,0,0,0,1.0,1,1.0,1,1.0,1,0.6185611408852614,44
2396,1,3576,3576,0,0,0,0,1.0,1,1.0,1,1.0,1,0.6317900905550381,45
2397,0,3576,3576,0,0,0,0,1.0,1,1.0,1,1.0,1,0.643942995611921,44
2398,1,3577,3577,0,0,0,0,1.0,1,1.0,1,1.0,1,0.6623797343543824,44
2399,1,3578,3578,0,0,0,0,1.0,1,1.0,1,1.0,1,0.6429310457645017,45
2400,0,3578,3578,0,0,0,0,1.0,1,1.0,1,1.0,1,0.6429310457645017,45
2401,1,3579,3579,0,0,0,0,1.0,1,1.0,1,1.0,1,0.6218171370745204,46
2402,1,3580,3580,0,0,0,0,1.0,1,1.0,1,1.0,1,0.6040257070578092,47
2403,3,3583,3583,0,0,0,0,1.0,1,1.0,1,1.0,1,0.6044370338401016,48
2404,6,3589,3589,0,0,0,0,1.0,1,1.0,1,1.0,1,0.596387430857587,47
2405,0,3589,3589,0,0,0,0,1.0,1,1.0,1,1.0,1,0.6105567063355316,45
2406,3,3592,3592,0,0,0,0,1.0,1,1.0,1,1.0,1,0.5911858026771392,45
2407,0,3592,3592,0,0,0,0,1.0,1,1.0,1,1.0,1,0.5965280281494721,42
2408,3,3595,3595,0,0,0,0,1.0,1,1.0,1,1.0,1,0.5889872953793075,41
2409,2,3597,3597,0,0,0,0,1.0,1,1.0,1,1.0,1,0.5692138155121872,41
2410,1,3598,3598,0,0,0,0,1.0,1,1.0,1,1.0,1,0.5432620925663396,40
2411,4,3602,3602,0,0,0,0,1.0,1,1.0,1,1.0,1,0.5491879683206271,40
2412,1,3603,3603,0,0,0,0,1.0,1,1.0,1,1.0,1,0.5268182493821723,38
2413,4,3607,3607,0,0,0,0,1.0,1,1.0,1,1.0,1,0.5778181088127188,38
2414,4,3611,3611,0,0,0,0,1.0,1,1.0,1,1.0,1,0.5463272775563756,36
2415,1,3612,3612,0,0,0,0,1.0,1,1.0,1,1.0,1,0.558560520930325,36
2416,1,3613,3613,0,0,0,0,1.0,1,1.0,1,1.0,1,0.5453987603856767,35
2417,1,3614,3614,0,0,0,0,1.0,1,1.0,1,1.0,1,0.5739284518151739,33
2418,3,3617,3617,0,0,0,0,1.0,1,1.0,1,1.0,1,0.5490353245227315,33
2419,1,3618,3618,0,0,0,0,1.0,1,1.0,1,1.0,1,0.5991838418375561,33
2420,5,3623,3623,0,0,0,0,1.0,1,1.0,1,1.0,1,0.5069780747685092,34
2421,0,3623,3623,0,0,0,0,1.0,1,1.0,1,1.0,1,0.5069780747685092,34
2422,4,3627,3627,0,0,0,0,1.0,1,1.0,1,1.0,1,0.49275570916476513,35
2423,2,3629,3629,0,0,0,0,1.0,1,1.0,1,1.0,1,0.49054039204945865,36
2424,3,3632,3632,0,0,0,0,1.0,1,1.0,1,1.0,1,0.5016275277439712,35
2425,3,3635,3635,0,0,0,0,1.0,1,1.0,1,1.0,1,0.5456039776579823,33
2426,0,3635,3635,0,0,0,0,1.0,1,1.0,1,1.0,1,0.5387892003231813,34
2427,1,3636,3636,0,0,0,0,1.0,1,1.0,1,1.0,1,0.5494578866219751,34
2428,1,3637,3637,0,0,0,0,1.0,1,1.0,1,1.0,1,0.5647133059610413,34
2429,0,3637,3637,0,0,0,0,1.0,1,1.0,1,1.0,1,0.5787770913810628,34
2430,1,3638,3638,0,0,0,0,1.0,1,1.0,1,1.0,1,0.5729893946645114,33
2431,2,3640,3640,0,0,0,0,1.0,1,1.0,1,1.0,1,0.5634570828741808,33
2432,0,3640,3640,0,0,0,0,1.0,1,1.0,1,1.0,1,0.5866756081413453,33
2433,2,3642,3642,0,0,0,0,1.0,1,1.0,1,1.0,1,0.5495585971882393,34
2434,0,3642,3642,0,0,0,0,1.0,1,1.0,1,1.0,1,0.5495585971882393,34
2435,1,3643,3643,0,0,0,0,1.0,1,1.0,1,1.0,1,0.5549631247893451,34
2436,2,3645,3645,0,0,0,0,1.0,1,1.0,1,1.0,1,0.5534996095582532,33
2437,1,3646,3646,0,0,0,0,1.0,1,1.0,1,1.0,1,0.5707931810387222,33
2438,1,3647,3647,0,0,0,0,1.0,1,1.0,1,1.0,1,0.5715675168517144,34
2439,1,3648,3648,0,0,0,0,1.0,1,1.0,1,1.0,1,0.5515585797045786,35
2440,2,3650,3650,0,0,0,0,1.0,1,1.0,1,1.0,1,0.5482791908967191,35
2441,2,3652,3652,0,0,0,0,1.0,1,1.0,1,1.0,1,0.5484343438412933,35
2442,2,3654,3654,0,0,0,0,1.0,1,1.0,1,1.0,1,0.5561386349166891,35
2443,3,3657,3657,0,0,0,0,1.0,1,1.0,1,1.0,1,0.5755481156382017,35
2444,4,3661,3661,0,0,0,0,1.0,1,1.0,1,1.0,1,0.6238313276900787,34
2445,2,3663,3663,0,0,0,0,1.0,1,1.0,1,1.0,1,0.6604677343253885,33
2446,0,3663,3663,0,0,0,0,1.0,1,1.0,1,1.0,1,0.6817534994957725,30
2447,3,3666,3666,0,0,0,0,1.0,1,1.0,1,1.0,1,0.6676570259683884,29
2448,2,3668,3668,0,0,0,0,1.0,1,1.0,1,1.0,1,0.6693305047109588,27
2449,0,3668,3668,0,0,0,0,1.0,1,1.0,1,1.0,1,0.6693999350882893,26
2450,1,3669,3669,0,0,0,0,1.0,1,1.0,1,1.0,1,0.6480914523076265,28
2451,0,3669,3669,0,0,0,0,1.0,1,1.0,1,1.0,1,0.6480914523076265,28
2452,2,3671,3671,0,0,0,0,1.0,1,1.0,1,1.0,1,0.6384112275042552,29
2453,1,3672,3672,0,0,0,0,1.0,1,1.0,1,1.0,1,0.6451466301438337,30
2454,2,3674,3674,0,0,0,0,1.0,1,1.0,1,1.0,1,0.6547465842749736,32
2455,1,3675,3675,0,0,0,0,1.0,1,1.0,1,1.0,1,0.6399556666871171,33
2456,1,3676,3676,0,0,0,0,1.0,1,1.0,1,1.0,1,0.6433642407091934,34
2457,0,3676,3676,0,0,0,0,1.0,1,1.0,1,1.0,1,0.6433642407091934,34
2458,4,3680,3680,0,0,0,0,1.0,1,1.0,1,1.0,1,0.5897048055438106,36
2459,0,3680,3680,0,0,0,0,1.0,1,1.0,1,1.0,1,0.5897048055438106,36
2460,3,3683,3683,0,0,0,0,1.0,1,1.0,1,1.0,1,0.5482551520677112,37
2461,0,3683,3683,0,0,0,0,1.0,1,1.0,1,1.0,1,0.5482551520677112,37
2462,3,3686,3686,0,0,0,0,1.0,1,1.0,1,1.0,1,0.5458350886408538,38
2463,1,3687,3687,0,0,0,0,1.0,1,1.0,1,1.0,1,0.5499749855420957,38
2464,4,3691,3691,0,0,0,0,1.0,1,1.0,1,1.0,1,0.5527922378462765,37
2465,2,3693,3693,0,0,0,0,1.0,1,1.0,1,1.0,1,0.5081697156748164,36
2466,2,3695,3695,0,0,0,0,1.0,1,1.0,1,1.0,1,0.5026715333263584,36
2467,0,3695,3695,0,0,0,0,1.0,1,1.0,1,1.0,1,0.5286377757039361,34
2468,2,3697,3697,0,0,0,0,1.0,1,1.0,1,1.0,1,0.5310883406107331,33
2469,2,3699,3699,0,0,0,0,1.0,1,1.0,1,1.0,1,0.5114813268610806,32
2470,2,3701,3701,0,0,0,0,1.0,1,1.0,1,1.0,1,0.5547412892913327,33
2471,0,3701,3701,0,0,0,0,1.0,1,1.0,1,1.0,1,0.5693074961398223,31
2472,0,3701,3701,0,0,0,0,1.0,1,1.0,1,1.0,1,0.5705461308291669,32
2473,1,3702,3702,0,0,0,0,1.0,1,1.0,1,1.0,1,0.5768995977383564,31
2474,2,3704,3704,0,0,0,0,1.0,1,1.0,1,1.0,1,0.6041536194626499,33
2475,1,3705,3705,0,0,0,0,1.0,1,1.0,1,1.0,1,0.5952557608568874,33
2476,1,3706,3706,0,0,0,0,1.0,1,1.0,1,1.0,1,0.6168280770286194,33
2477,3,3709,3709,0,0,0,0,1.0,1,1.0,1,1.0,1,0.620520162142733,33
2478,3,3712,3712,0,0,0,0,1.0,1,1.0,1,1.0,1,0.6142181222466925,33
2479,2,3714,3714,0,0,0,0,1.0,1,1.0,1,1.0,1,0.6346591118856006,33
2480,3,3717,3717,0,0,0,0,1.0,1,1.0,1,1.0,1,0.6162603006149884,34
2481,3,3720,3720,0,0,0,0,1.0,1,1.0,1,1.0,1,0.6314176227917118,33
2482,4,3724,3724,0,0,0,0,1.0,1,1.0,1,1.0,1,0.6065994267006379,34
2483,1,3725,3725,0,0,0,0,1.0,1,1.0,1,1.0,1,0.5891904105463754,33
2484,0,3725,3725,0,0,0,0,1.0,1,1.0,1,1.0,1,0.5947417964067854,32
2485,1,3726,3726,0,0,0,0,1.0,1,1.0,1,1.0,1,0.5971018057891385,31
2486,3,3729,3729,0,0,0,0,1.0,1,1.0,1,1.0,1,0.5831764839866894,29
2487,1,3730,3730,0,0,0,0,1.0,1,1.0,1,1.0,1,0.587098223985294,29
2488,3,3733,3733,0,0,0,0,1.0,1,1.0,1,1.0,1,0.5538017295389122,30
2489,2,3735,3735,0,0,0,0,1.0,1,1.0,1,1.0,1,0.5551859767955457,29
2490,0,3735,3735,0,0,0,0,1.0,1,1.0,1,1.0,1,0.5467879663764893,30
2491,2,3737,3737,0,0,0,0,1.0,1,1.0,1,1.0,1,0.5240528837758633,30
2492,0,3737,3737,0,0,0,0,1.0,1,1.0,1,1.0,1,0.5269769445622713,29
2493,1,3738,3738,0,0,0,0,1.0,1,1.0,1,1.0,1,0.5068438739840765,29
2494,1,3739,3739,0,0,0,0,1.0,1,1.0,1,1.0,1,0.4987265250884106,28
2495,0,3739,3739,0,0,0,0,1.0,1,1.0,1,1.0,1,0.4918733066218271,29
2496,0,3739,3739,0,0,0,0,1.0,1,1.0,1,1.0,1,0.4956257787943119,28
2497,1,3740,3740,0,0,0,0,1.0,1,1.0,1,1.0,1,0.5003648256736316,28
2498,2,3742,3742,0,0,0,0,1.0,1,1.0,1,1.0,1,0.48634358773876674,29
2499,0,3742,3742,0,0,0,0,1.0,1,1.0,1,1.0,1,0.4820357289503829,30
2500,3,3745,3745,0,0,0,0,1.0,1,1.0,1,1.0,1,0.48282878198106083,29
2501,3,3748,3748,0,0,0,0,1.0,1,1.0,1,1.0,1,0.466576646615442,33
2502,2,3750,3750,0,0,0,0,1.0,1,1.0,1,1.0,1,0.4765265206287893,33
2503,2,3752,3752,0,0,0,0,1.0,1,1.0,1,1.0,1,0.4746744424526863,31
2504,4,3756,3756,0,0,0,0,1.0,1,1.0,1,1.0,1,0.4943572244511295,31
2505,2,3758,3758,0,0,0,0,1.0,1,1.0,1,1.0,1,0.4832168002266159,32
2506,4,3762,3762,0,0,0,0,1.0,1,1.0,1,1.0,1,0.5555198427667197,31
2507,3,3765,3765,0,0,0,0,1.0,1,1.0,1,1.0,1,0.5816278637005649,29
2508,2,3767,3767,0,0,0,0,1.0,1,1.0,1,1.0,1,0.5774041653140829,31
2509,1,3768,3768,0,0,0,0,1.0,1,1.0,1,1.0,1,0.5659205772152522,30
2510,0,3768,3768,0,0,0,0,1.0,1,1.0,1,1.0,1,0.5731823657793477,31
2511,2,3770,3770,0,0,0,0,1.0,1,1.0,1,1.0,1,0.511471282274069,32
2512,3,3773,3773,0,0,0,0,1.0,1,1.0,1,1.0,1,0.49814795539035023,32
2513,2,3775,3775,0,0,0,0,1.0,1,1.0,1,1.0,1,0.48501030151429814,34
2514,0,3775,3775,0,0,0,0,1.0,1,1.0,1,1.0,1,0.47757133681336217,35
2515,2,3777,3777,0,0,0,0,1.0,1,1.0,1,1.0,1,0.48147772635413144,35
2516,1,3778,3778,0,0,0,0,1.0,1,1.0,1,1.0,1,0.48866821705511554,34
2517,2,3780,3780,0,0,0,0,1.0,1,1.0,1,1.0,1,0.514198520602264,34
2518,3,3783,3783,0,0,0,0,1.0,1,1.0,1,1.0,1,0.49915540477507686,33
2519,2,3785,3785,0,0,0,0,1.0,1,1.0,1,1.0,1,0.47033285972910127,32
2520,1,3786,3786,0,0,0,0,1.0,1,1.0,1,1.0,1,0.4729074064624552,31
2521,3,3789,3789,0,0,0,0,1.0,1,1.0,1,1.0,1,0.517763484125662,31
2522,0,3789,3789,0,0,0,0,1.0,1,1.0,1,1.0,1,0.518156964877924,30
2523,2,3791,3791,0,0,0,0,1.0,1,1.0,1,1.0,1,0.5438553125951829,30
2524,0,3791,3791,0,0,0,0,1.0,1,1.0,1,1.0,1,0.557438616169402,29
2525,0,3791,3791,0,0,0,0,1.0,1,1.0,1,1.0,1,0.557438616169402,29
2526,0,3791,3791,0,0,0,0,1.0,1,1.0,1,1.0,1,0.5709186306317594,27
2527,0,3791,3791,0,0,0,0,1.0,1,1.0,1,1.0,1,0.5656205838546026,28
2528,0,3791,3791,0,0,0,0,1.0,1,1.0,1,1.0,1,0.5656205838546026,28
2529,0,3791,3791,0,0,0,0,1.0,1,1.0,1,1.0,1,0.5656205838546026,28
2530,0,3791,3791,0,0,0,0,1.0,1,1.0,1,1.0,1,0.5679584677539442,29
2531,0,3791,3791,0,0,0,0,1.0,1,1.0,1,1.0,1,0.577005906140012,30
2532,0,3791,3791,0,0,0,0,1.0,1,1.0,1,1.0,1,0.5737415278726739,31
2533,0,3791,3791,0,0,0,0,1.0,1,1.0,1,1.0,1,0.5737415278726739,31
2534,0,3791,3791,0,0,0,0,1.0,1,1.0,1,1.0,1,0.5737415278726739,31
2535,1,3792,3792,0,0,0,0,1.0,1,1.0,1,1.0,1,0.5877128947877738,31
2536,1,3793,3793,0,0,0,0,1.0,1,1.0,1,1.0,1,0.6331829997409943,32
2537,2,3795,3795,0,0,0,0,1.0,1,1.0,1,1.0,1,0.6332163090940254,33
2538,0,3795,3795,0,0,0,0,1.0,1,1.0,1,1.0,1,0.6294944772999888,35
2539,5,3800,3800,0,0,0,0,1.0,1,1.0,1,1.0,1,0.5925388751520296,37
2540,4,3804,3804,0,0,0,0,1.0,1,1.0,1,1.0,1,0.5573782469108834,38
2541,1,3805,3805,0,0,0,0,1.0,1,1.0,1,1.0,1,0.5372286498883494,39
2542,5,3810,3810,0,0,0,0,1.0,1,1.0,1,1.0,1,0.524712179437318,38
2543,2,3812,3812,0,0,0,0,1.0,1,1.0,1,1.0,1,0.517332208950934,41
2544,2,3814,3814,0,0,0,0,1.0,1,1.0,1,1.0,1,0.5526284664943933,39
2545,3,3817,3817,0,0,0,0,1.0,1,1.0,1,1.0,1,0.5689391707601573,40
2546,1,3818,3818,0,0,0,0,1.0,1,1.0,1,1.0,1,0.5612703308932065,38
2547,6,3824,3824,0,0,0,0,1.0,1,1.0,1,1.0,1,0.6268693478815919,38
2548,1,3825,3825,0,0,0,0,1.0,1,1.0,1,1.0,1,0.615352283453216,35
2549,0,3825,3825,0,0,0,0,1.0,1,1.0,1,1.0,1,0.6317526314261215,35
2550,1,3826,3826,0,0,0,0,1.0,1,1.0,1,1.0,1,0.6393884313841567,33
2551,1,3827,3827,0,0,0,0,1.0,1,1.0,1,1.0,1,0.6678511620959153,31
2552,1,3828,3828,0,0,0,0,1.0,1,1.0,1,1.0,1,0.6723494559548664,30
2553,1,3829,3829,0,0,0,0,1.0,1,1.0,1,1.0,1,0.666871952420881,30
2554,1,3830,3830,0,0,0,0,1.0,1,1.0,1,1.0,1,0.6847762627550935,32
2555,0,3830,3830,0,0,0,0,1.0,1,1.0,1,1.0,1,0.7041020354635855,32
2556,2,3832,3832,0,0,0,0,1.0,1,1.0,1,1.0,1,0.6882597972623269,32
2557,2,3834,3834,0,0,0,0,1.0,1,1.0,1,1.0,1,0.6520961012257173,30
2558,1,3835,3835,0,0,0,0,1.0,1,1.0,1,1.0,1,0.6599007307578394,31
2559,0,3835,3835,0,0,0,0,1.0,1,1.0,1,1.0,1,0.6545468888167884,30
2560,0,3835,3835,0,0,0,0,1.0,1,1.0,1,1.0,1,0.6545468888167884,30
2561,0,3835,3835,0,0,0,0,1.0,1,1.0,1,1.0,1,0.6545468888167884,30
2562,0,3835,3835,0,0,0,0,1.0,1,1.0,1,1.0,1,0.6562689228913788,33
2563,0,3835,3835,0,0,0,0,1.0,1,1.0,1,1.0,1,0.6562689228913788,33
2564,0,3835,3835,0,0,0,0,1.0,1,1.0,1,1.0,1,0.6562689228913788,33
2565,1,3836,3836,0,0,0,0,1.0,1,1.0,1,1.0,1,0.6349529022341655,33
2566,1,3837,3837,0,0,0,0,1.0,1,1.0,1,1.0,1,0.6381305076982673,35
2567,1,3838,3838,0,0,0,0,1.0,1,1.0,1,1.0,1,0.632748335010197,36
2568,1,3839,3839,0,0,0,0,1.0,1,1.0,1,1.0,1,0.657284282832796,37
2569,0,3839,3839,0,0,0,0,1.0,1,1.0,1,1.0,1,0.657284282832796,37
2570,0,3839,3839,0,0,0,0,1.0,1,1.0,1,1.0,1,0.6622611549127188,37
2571,0,3839,3839,0,0,0,0,1.0,1,1.0,1,1.0,1,0.6622611549127188,37
2572,1,3840,3840,0,0,0,0,1.0,1,1.0,1,1.0,1,0.6559057483629949,39
2573,1,3841,3841,0,0,0,0,1.0,1,1.0,1,1.0,1,0.6623528297608986,39
2574,0,3841,3841,0,0,0,0,1.0,1,1.0,1,1.0,1,0.6622390558468684,38
2575,0,3841,3841,0,0,0,0,1.0,1,1.0,1,1.0,1,0.6622390558468684,38
2576,0,3841,3841,0,0,0,0,1.0,1,1.0,1,1.0,1,0.6757435749983159,37
2577,0,3841,3841,0,0,0,0,1.0,1,1.0,1,1.0,1,0.6682157495094732,39
2578,2,3843,3843,0,0,0,0,1.0,1,1.0,1,1.0,1,0.6631967988263261,40
2579,0,3843,3843,0,0,0,0,1.0,1,1.0,1,1.0,1,0.6546941388700911,41
2580,1,3844,3844,0,0,0,0,1.0,1,1.0,1,1.0,1,0.6637411986505792,42
2581,1,3845,3845,0,0,0,0,1.0,1,1.0,1,1.0,1,0.6384742985955322,43
2582,2,3847,3847,0,0,0,0,1.0,1,1.0,1,1.0,1,0.5956323027923945,43
2583,3,3850,3850,0,0,0,0,1.0,1,1.0,1,1.0,1,0.6022935860979627,43
2584,1,3851,3851,0,0,0,0,1.0,1,1.0,1,1.0,1,0.588797507186668,43
2585,2,3853,3853,0,0,0,0,1.0,1,1.0,1,1.0,1,0.5828200459938329,44
2586,3,3856,3856,0,0,0,0,1.0,1,1.0,1,1.0,1,0.5515579036090887,43
2587,5,3861,3861,0,0,0,0,1.0,1,1.0,1,1.0,1,0.5257230310688447,44
2588,0,3861,3861,0,0,0,0,1.0,1,1.0,1,1.0,1,0.5257230310688447,44
2589,1,3862,3862,0,0,0,0,1.0,1,1.0,1,1.0,1,0.5336641095724666,44
2590,1,3863,3863,0,0,0,0,1.0,1,1.0,1,1.0,1,0.5326711481625369,44
2591,0,3863,3863,0,0,0,0,1.0,1,1.0,1,1.0,1,0.5326711481625369,44
2592,2,3865,3865,0,0,0,0,1.0,1,1.0,1,1.0,1,0.5533311296285665,44
2593,2,3867,3867,0,0,0,0,1.0,1,1.0,1,1.0,1,0.5842612548178943,43
2594,5,3872,3872,0,0,0,0,1.0,1,1.0,1,1.0,1,0.5793802933123774,48
2595,1,3873,3873,0,0,0,0,1.0,1,1.0,1,1.0,1,0.5859060178915335,45
2596,4,3877,3877,0,0,0,0,1.0,1,1.0,1,1.0,1,0.5603356891504276,46
2597,2,3879,3879,0,0,0,0,1.0,1,1.0,1,1.0,1,0.585374182589907,45
2598,1,3880,3880,0,0,0,0,1.0,1,1.0,1,1.0,1,0.5764863628009395,45
2599,3,3883,3883,0,0,0,0,1.0,1,1.0,1,1.0,1,0.5783607131955951,45
2600,1,3884,3884,0,0,0,0,1.0,1,1.0,1,1.0,1,0.5832012505324999,48
2601,1,3885,3885,0,0,0,0,1.0,1,1.0,1,1.0,1,0.5663331302251157,47
2602,0,3885,3885,0,0,0,0,1.0,1,1.0,1,1.0,1,0.5696453230546957,48
2603,0,3885,3885,0,0,0,0,1.0,1,1.0,1,1.0,1,0.5696453230546957,48
2604,2,3887,3887,0,0,0,0,1.0,1,1.0,1,1.0,1,0.5546709497689677,47
2605,1,3888,3888,0,0,0,0,1.0,1,1.0,1,1.0,1,0.5434670020265003,47
2606,1,3889,3889,0,0,0,0,1.0,1,1.0,1,1.0,1,0.5282305996162427,46
2607,0,3889,3889,0,0,0,0,1.0,1,1.0,1,1.0,1,0.5430731179308967,45
2608,1,3890,3890,0,0,0,0,1.0,1,1.0,1,1.0,1,0.5471428535179856,45
2609,1,3891,3891,0,0,0,0,1.0,1,1.0,1,1.0,1,0.5659518366425058,44
2610,2,3893,3893,0,0,0,0,1.0,1,1.0,1,1.0,1,0.5892462951978393,45
2611,4,3897,3897,0,0,0,0,1.0,1,1.0,1,1.0,1,0.6079078893020714,46
2612,1,3898,3898,0,0,0,0,1.0,1,1.0,1,1.0,1,0.6152908531961654,47
2613,2,3900,3900,0,0,0,0,1.0,1,1.0,1,1.0,1,0.6116699542079499,48
2614,2,3902,3902,0,0,0,0,1.0,1,1.0,1,1.0,1,0.6496936734089671,48
2615,2,3904,3904,0,0,0,0,1.0,1,1.0,1,1.0,1,0.649050660075487,49
2616,0,3904,3904,0,0,0,0,1.0,1,1.0,1,1.0,1,0.649050660075487,49
2617,0,3904,3904,0,0,0,0,1.0,1,1.0,1,1.0,1,0.6596641711358925,48
2618,3,3907,3907,0,0,0,0,1.0,1,1.0,1,1.0,1,0.6028986183908698,47
2619,0,3907,3907,0,0,0,0,1.0,1,1.0,1,1.0,1,0.5887216799502625,50
2620,4,3911,3911,0,0,0,0,1.0,1,1.0,1,1.0,1,0.5666061196897821,51
2621,2,3913,3913,0,0,0,0,1.0,1,1.0,1,1.0,1,0.5522338955017908,52
2622,2,3915,3915,0,0,0,0,1.0,1,1.0,1,1.0,1,0.566636477081816,52
2623,3,3918,3918,0,0,0,0,1.0,1,1.0,1,1.0,1,0.5652412055335528,53
2624,3,3921,3921,0,0,0,0,1.0,1,1.0,1,1.0,1,0.5810976910091562,51
2625,2,3923,3923,0,0,0,0,1.0,1,1.0,1,1.0,1,0.577015577367567,50
2626,2,3925,3925,0,0,0,0,1.0,1,1.0,1,1.0,1,0.5712514836085323,49
2627,4,3929,3929,0,0,0,0,1.0,1,1.0,1,1.0,1,0.5760210517495314,48
2628,1,3930,3930,0,0,0,0,1.0,1,1.0,1,1.0,1,0.5900304808954506,48
2629,1,3931,3931,0,0,0,0,1.0,1,1.0,1,1.0,1,0.6224532403048953,47
2630,2,3933,3933,0,0,0,0,1.0,1,1.0,1,1.0,1,0.6095321241038549,47
2631,3,3936,3936,0,0,0,0,1.0,1,1.0,1,1.0,1,0.5986567254368316,47
2632,3,3939,3939,0,0,0,0,1.0,1,1.0,1,1.0,1,0.5558264889013624,47
2633,3,3942,3942,0,0,0,0,1.0,1,1.0,1,1.0,1,0.5427144021917659,44
2634,1,3943,3943,0,0,0,0,1.0,1,1.0,1,1.0,1,0.5361472484962727,44
2635,1,3944,3944,0,0,0,0,1.0,1,1.0,1,1.0,1,0.5335999762921311,45
2636,4,3948,3948,0,0,0,0,1.0,1,1.0,1,1.0,1,0.55989541091049,40
2637,4,3952,3952,0,0,0,0,1.0,1,1.0,1,1.0,1,0.577347093312448,41
2638,2,3954,3954,0,0,0,0,1.0,1,1.0,1,1.0,1,0.5826065406420121,38
2639,1,3955,3955,0,0,0,0,1.0,1,1.0,1,1.0,1,0.5627865577338637,39
2640,3,3958,3958,0,0,0,0,1.0,1,1.0,1,1.0,1,0.5705315410913052,38
2641,4,3962,3962,0,0,0,0,1.0,1,1.0,1,1.0,1,0.5666003770917565,37
2642,2,3964,3964,0,0,0,0,1.0,1,1.0,1,1.0,1,0.5824152182320831,38
2643,0,3964,3964,0,0,0,0,1.0,1,1.0,1,1.0,1,0.556051760666047,37
2644,1,3965,3965,0,0,0,0,1.0,1,1.0,1,1.0,1,0.552864345791774,36
2645,0,3965,3965,0,0,0,0,1.0,1,1.0,1,1.0,1,0.5420028907750385,35
2646,0,3965,3965,0,0,0,0,1.0,1,1.0,1,1.0,1,0.5419346980519237,35
2647,3,3968,3968,0,0,0,0,1.0,1,1.0,1,1.0,1,0.570428176774969,35
2648,0,3968,3968,0,0,0,0,1.0,1,1.0,1,1.0,1,0.5662993830502268,36
2649,1,3969,3969,0,0,0,0,1.0,1,1.0,1,1.0,1,0.577504570947482,37
2650,0,3969,3969,0,0,0,0,1.0,1,1.0,1,1.0,1,0.5637848621532029,39
2651,1,3970,3970,0,0,0,0,1.0,1,1.0,1,1.0,1,0.5738554923832487,39
2652,0,3970,3970,0,0,0,0,1.0,1,1.0,1,1.0,1,0.5738554923832487,39
2653,1,3971,3971,0,0,0,0,1.0,1,1.0,1,1.0,1,0.5533689184030107,39
2654,1,3972,3972,0,0,0,0,1.0,1,1.0,1,1.0,1,0.5503648421846955,40
2655,1,3973,3973,0,0,0,0,1.0,1,1.0,1,1.0,1,0.5331456469303762,40
2656,3,3976,3976,0,0,0,0,1.0,1,1.0,1,1.0,1,0.541689145850138,39
2657,0,3976,3976,0,0,0,0,1.0,1,1.0,1,1.0,1,0.5387213146648999,40
2658,3,3979,3979,0,0,0,0,1.0,1,1.0,1,1.0,1,0.5301820985918915,41
2659,1,3980,3980,0,0,0,0,1.0,1,1.0,1,1.0,1,0.5092317707971659,41
2660,2,3982,3982,0,0,0,0,1.0,1,1.0,1,1.0,1,0.504247328347387,40
2661,2,3984,3984,0,0,0,0,1.0,1,1.0,1,1.0,1,0.5134922830362619,40
2662,2,3986,3986,0,0,0,0,1.0,1,1.0,1,1.0,1,0.4918104012199749,42
2663,5,3991,3991,0,0,0,0,1.0,1,1.0,1,1.0,1,0.486099790683938,41
2664,2,3993,3993,0,0,0,0,1.0,1,1.0,1,1.0,1,0.5087403265427693,42
2665,3,3996,3996,0,0,0,0,1.0,1,1.0,1,1.0,1,0.4918164469859368,43
2666,3,3999,3999,0,0,0,0,1.0,1,1.0,1,1.0,1,0.5088834614800637,44
2667,2,4001,4001,0,0,0,0,1.0,1,1.0,1,1.0,1,0.5327945067568204,42
2668,2,4003,4003,0,0,0,0,1.0,1,1.0,1,1.0,1,0.547003539290677,41
2669,1,4004,4004,0,0,0,0,1.0,1,1.0,1,1.0,1,0.5499744639470595,42
2670,1,4005,4005,0,0,0,0,1.0,1,1.0,1,1.0,1,0.5601034004581888,40
2671,2,4007,4007,0,0,0,0,1.0,1,1.0,1,1.0,1,0.5577749974905809,39
2672,3,4010,4010,0,0,0,0,1.0,1,1.0,1,1.0,1,0.6037955707907631,36
2673,3,4013,4013,0,0,0,0,1.0,1,1.0,1,1.0,1,0.6307862424394401,35
2674,1,4014,4014,0,0,0,0,1.0,1,1.0,1,1.0,1,0.6201400398348546,33
2675,1,4015,4015,0,0,0,0,1.0,1,1.0,1,1.0,1,0.6122253056618857,34
2676,2,4017,4017,0,0,0,0,1.0,1,1.0,1,1.0,1,0.6165930902292067,32
2677,3,4020,4020,0,0,0,0,1.0,1,1.0,1,1.0,1,0.6454927300735759,33
2678,2,4022,4022,0,0,0,0,1.0,1,1.0,1,1.0,1,0.6243364097127897,33
2679,1,4023,4023,0,0,0,0,1.0,1,1.0,1,1.0,1,0.6103359330756738,32
2680,3,4026,4026,0,0,0,0,1.0,1,1.0,1,1.0,1,0.612520272971833,32
2681,1,4027,4027,0,0,0,0,1.0,1,1.0,1,1.0,1,0.566915313600003,32
2682,1,4028,4028,0,0,0,0,1.0,1,1.0,1,1.0,1,0.5684429737072768,33
2683,1,4029,4029,0,0,0,0,1.0,1,1.0,1,1.0,1,0.5678329082865771,32
2684,0,4029,4029,0,0,0,0,1.0,1,1.0,1,1.0,1,0.5685426216261446,31
2685,2,4031,4031,0,0,0,0,1.0,1,1.0,1,1.0,1,0.5692231635461741,31
2686,1,4032,4032,0,0,0,0,1.0,1,1.0,1,1.0,1,0.5696088837243567,30
2687,1,4033,4033,0,0,0,0,1.0,1,1.0,1,1.0,1,0.5495692179481443,30
2688,2,4035,4035,0,0,0,0,1.0,1,1.0,1,1.0,1,0.5308608956137302,30
2689,2,4037,4037,0,0,0,0,1.0,1,1.0,1,1.0,1,0.5401765015310069,31
2690,5,4042,4042,0,0,0,0,1.0,1,1.0,1,1.0,1,0.5786328411502986,31
2691,1,4043,4043,0,0,0,0,1.0,1,1.0,1,1.0,1,0.6011929584767427,32
2692,2,4045,4045,0,0,0,0,1.0,1,1.0,1,1.0,1,0.6285286094683415,32
2693,2,4047,4047,0,0,0,0,1.0,1,1.0,1,1.0,1,0.6443990399015028,33
2694,0,4047,4047,0,0,0,0,1.0,1,1.0,1,1.0,1,0.6309516529056513,34
2695,0,4047,4047,0,0,0,0,1.0,1,1.0,1,1.0,1,0.6130990703580407,35
2696,1,4048,4048,0,0,0,0,1.0,1,1.0,1,1.0,1,0.6069040210087288,35
2697,2,4050,4050,0,0,0,0,1.0,1,1.0,1,1.0,1,0.6304435916737812,35
2698,1,4051,4051,0,0,0,0,1.0,1,1.0,1,1.0,1,0.5998950761585293,36
2699,2,4053,4053,0,0,0,0,1.0,1,1.0,1,1.0,1,0.5739484220059233,36
2700,1,4054,4054,0,0,0,0,1.0,1,1.0,1,1.0,1,0.5574919470170745,37
2701,1,4055,4055,0,0,0,0,1.0,1,1.0,1,1.0,1,0.5629420903167187,37
2702,3,4058,4058,0,0,0,0,1.0,1,1.0,1,1.0,1,0.5322302998985055,37
2703,2,4060,4060,0,0,0,0,1.0,1,1.0,1,1.0,1,0.5201641758878458,38
2704,2,4062,4062,0,0,0,0,1.0,1,1.0,1,1.0,1,0.5301536735471496,37
2705,2,4064,4064,0,0,0,0,1.0,1,1.0,1,1.0,1,0.5351306334003626,36
2706,2,4066,4066,0,0,0,0,1.0,1,1.0,1,1.0,1,0.5478114898395944,36
2707,3,4069,4069,0,0,0,0,1.0,1,1.0,1,1.0,1,0.5708981329573803,35
2708,3,4072,4072,0,0,0,0,1.0,1,1.0,1,1.0,1,0.5927440888938758,36
2709,3,4075,4075,0,0,0,0,1.0,1,1.0,1,1.0,1,0.5971857582016934,32
2710,2,4077,4077,0,0,0,0,1.0,1,1.0,1,1.0,1,0.6183281669244115,29
2711,3,4080,4080,0,0,0,0,1.0,1,1.0,1,1.0,1,0.5799879153935874,29
2712,2,4082,4082,0,0,0,0,1.0,1,1.0,1,1.0,1,0.6099000968757119,28
2713,0,4082,4082,0,0,0,0,1.0,1,1.0,1,1.0,1,0.60237599390983,28
2714,3,4085,4085,0,0,0,0,1.0,1,1.0,1,1.0,1,0.5352149169675241,26
2715,2,4087,4087,0,0,0,0,1.0,1,1.0,1,1.0,1,0.6058820116218234,24
2716,2,4089,4089,0,0,0,0,1.0,1,1.0,1,1.0,1,0.5453676751098921,24
2717,4,4093,4093,0,0,0,0,1.0,1,1.0,1,1.0,1,0.5525835031933944,25
2718,1,4094,4094,0,0,0,0,1.0,1,1.0,1,1.0,1,0.5762225321729598,25
2719,2,4096,4096,0,0,0,0,1.0,1,1.0,1,1.0,1,0.6243119980868024,25
2720,2,4098,4098,0,0,0,0,1.0,1,1.0,1,1.0,1,0.6651756913206839,25
2721,3,4101,4101,0,0,0,0,1.0,1,1.0,1,1.0,1,0.7016887073828298,25
2722,1,4102,4102,0,0,0,0,1.0,1,1.0,1,1.0,1,0.7107968820260968,26
2723,0,4102,4102,0,0,0,0,1.0,1,1.0,1,1.0,1,0.7107968820260968,26
2724,1,4103,4103,0,0,0,0,1.0,1,1.0,1,1.0,1,0.7115355519857564,27
2725,0,4103,4103,0,0,0,0,1.0,1,1.0,1,1.0,1,0.7030934829304578,28
2726,0,4103,4103,0,0,0,0,1.0,1,1.0,1,1.0,1,0.7030934829304578,28
2727,1,4104,4104,0,0,0,0,1.0,1,1.0,1,1.0,1,0.6905540773247333,29
2728,1,4105,4105,0,0,0,0,1.0,1,1.0,1,1.0,1,0.6847532960993086,29
2729,1,4106,4106,0,0,0,0,1.0,1,1.0,1,1.0,1,0.6474888326442627,29
2730,1,4107,4107,0,0,0,0,1.0,1,1.0,1,1.0,1,0.6515678353305959,29
2731,0,4107,4107,0,0,0,0,1.0,1,1.0,1,1.0,1,0.6443271602258018,30
2732,0,4107,4107,0,0,0,0,1.0,1,1.0,1,1.0,1,0.661371880717712,29
2733,0,4107,4107,0,0,0,0,1.0,1,1.0,1,1.0,1,0.661371880717712,29
2734,1,4108,4108,0,0,0,0,1.0,1,1.0,1,1.0,1,0.638240548681381,29
2735,0,4108,4108,0,0,0,0,1.0,1,1.0,1,1.0,1,0.638240548681381,29
2736,1,4109,4109,0,0,0,0,1.0,1,1.0,1,1.0,1,0.5966626285578576,30
2737,0,4109,4109,0,0,0,0,1.0,1,1.0,1,1.0,1,0.6017201413263603,30
2738,3,4112,4112,0,0,0,0,1.0,1,1.0,1,1.0,1,0.5171257145254858,30
2739,1,4113,4113,0,0,0,0,1.0,1,1.0,1,1.0,1,0.5521466073669831,29
2740,2,4115,4115,0,0,0,0,1.0,1,1.0,1,1.0,1,0.49774147024525417,29
2741,0,4115,4115,0,0,0,0,1.0,1,1.0,1,1.0,1,0.5217931726817857,28
2742,3,4118,4118,0,0,0,0,1.0,1,1.0,1,1.0,1,0.5442119850578512,28
2743,4,4122,4122,0,0,0,0,1.0,1,1.0,1,1.0,1,0.602119389020742,29
2744,3,4125,4125,0,0,0,0,1.0,1,1.0,1,1.0,1,0.5906456033326561,27
2745,1,4126,4126,0,0,0,0,1.0,1,1.0,1,1.0,1,0.597147472243321,25
2746,2,4128,4128,0,0,0,0,1.0,1,1.0,1,1.0,1,0.6382681334561984,25
2747,2,4130,4130,0,0,0,0,1.0,1,1.0,1,1.0,1,0.6750375919927001,23
2748,1,4131,4131,0,0,0,0,1.0,1,1.0,1,1.0,1,0.6777372925048939,22
2749,1,4132,4132,0,0,0,0,1.0,1,1.0,1,1.0,1,0.6847682432577815,19
2750,0,4132,4132,0,0,0,0,1.0,1,1.0,1,1.0,1,0.676359699132158,18
2751,0,4132,4132,0,0,0,0,1.0,1,1.0,1,1.0,1,0.6705714230065378,16
2752,0,4132,4132,0,0,0,0,1.0,1,1.0,1,1.0,1,0.6603145696729861,15
2753,0,4132,4132,0,0,0,0,1.0,1,1.0,1,1.0,1,0.6603145696729861,15
2754,0,4132,4132,0,0,0,0,1.0,1,1.0,1,1.0,1,0.6603145696729861,15
2755,0,4132,4132,0,0,0,0,1.0,1,1.0,1,1.0,1,0.6603145696729861,15
2756,1,4133,4133,0,0,0,0,1.0,1,1.0,1,1.0,1,0.6689558431549099,16
2757,0,4133,4133,0,0,0,0,1.0,1,1.0,1,1.0,1,0.6688116299592424,17
2758,0,4133,4133,0,0,0,0,1.0,1,1.0,1,1.0,1,0.6688116299592424,17
2759,0,4133,4133,0,0,0,0,1.0,1,1.0,1,1.0,1,0.6687102418650136,18
2760,0,4133,4133,0,0,0,0,1.0,1,1.0,1,1.0,1,0.6687102418650136,18
2761,0,4133,4133,0,0,0,0,1.0,1,1.0,1,1.0,1,0.6687102418650136,18
2762,0,4133,4133,0,0,0,0,1.0,1,1.0,1,1.0,1,0.6687102418650136,18
2763,0,4133,4133,0,0,0,0,1.0,1,1.0,1,1.0,1,0.6688149368281571,17
2764,0,4133,4133,0,0,0,0,1.0,1,1.0,1,1.0,1,0.6688149368281571,17
2765,3,4136,4136,0,0,0,0,1.0,1,1.0,1,1.0,1,0.6359017214473877,18
2766,0,4136,4136,0,0,0,0,1.0,1,1.0,1,1.0,1,0.6359017214473877,18
2767,0,4136,4136,0,0,0,0,1.0,1,1.0,1,1.0,1,0.6359017214473877,18
2768,2,4138,4138,0,0,0,0,1.0,1,1.0,1,1.0,1,0.6227000683489224,18
2769,1,4139,4139,0,0,0,0,1.0,1,1.0,1,1.0,1,0.6333284540040022,18
2770,1,4140,4140,0,0,0,0,1.0,1,1.0,1,1.0,1,0.651304210534614,18
2771,0,4140,4140,0,0,0,0,1.0,1,1.0,1,1.0,1,0.651304210534614,18
2772,0,4140,4140,0,0,0,0,1.0,1,1.0,1,1.0,1,0.651304210534614,18
2773,0,4140,4140,0,0,0,0,1.0,1,1.0,1,1.0,1,0.651304210534614,18
2774,1,4141,4141,0,0,0,0,1.0,1,1.0,1,1.0,1,0.6355593118524228,20
2775,0,4141,4141,0,0,0,0,1.0,1,1.0,1,1.0,1,0.6193039901591029,21
2776,1,4142,4142,0,0,0,0,1.0,1,1.0,1,1.0,1,0.6462444918303245,21
2777,0,4142,4142,0,0,0,0,1.0,1,1.0,1,1.0,1,0.6208017247967674,22
2778,0,4142,4142,0,0,0,0,1.0,1,1.0,1,1.0,1,0.6107194465494215,24
2779,2,4144,4144,0,0,0,0,1.0,1,1.0,1,1.0,1,0.6084456844581421,24
2780,1,4145,4145,0,0,0,0,1.0,1,1.0,1,1.0,1,0.5631578688868352,24
2781,0,4145,4145,0,0,0,0,1.0,1,1.0,1,1.0,1,0.5631578688868352,24
2782,2,4147,4147,0,0,0,0,1.0,1,1.0,1,1.0,1,0.5557998179625495,24
2783,0,4147,4147,0,0,0,0,1.0,1,1.0,1,1.0,1,0.5557998179625495,24
2784,2,4149,4149,0,0,0,0,1.0,1,1.0,1,1.0,1,0.6064866710060858,24
2785,1,4150,4150,0,0,0,0,1.0,1,1.0,1,1.0,1,0.6148891954837901,22
2786,0,4150,4150,0,0,0,0,1.0,1,1.0,1,1.0,1,0.6596989216227318,22
2787,1,4151,4151,0,0,0,0,1.0,1,1.0,1,1.0,1,0.6002581690394434,21
2788,0,4151,4151,0,0,0,0,1.0,1,1.0,1,1.0,1,0.5966952155138843,20
2789,1,4152,4152,0,0,0,0,1.0,1,1.0,1,1.0,1,0.611285105527953,20
2790,0,4152,4152,0,0,0,0,1.0,1,1.0,1,1.0,1,0.6250653993582094,21
2791,2,4154,4154,0,0,0,0,1.0,1,1.0,1,1.0,1,0.6699031009378841,21
2792,0,4154,4154,0,0,0,0,1.0,1,1.0,1,1.0,1,0.6699031009378841,21
2793,0,4154,4154,0,0,0,0,1.0,1,1.0,1,1.0,1,0.6987002449097833,18
2794,0,4154,4154,0,0,0,0,1.0,1,1.0,1,1.0,1,0.6987002449097833,18
2795,0,4154,4154,0,0,0,0,1.0,1,1.0,1,1.0,1,0.6877821144951117,20
2796,1,4155,4155,0,0,0,0,1.0,1,1.0,1,1.0,1,0.664927089979122,21
2797,0,4155,4155,0,0,0,0,1.0,1,1.0,1,1.0,1,0.664927089979122,21
2798,0,4155,4155,0,0,0,0,1.0,1,1.0,1,1.0,1,0.664927089979122,21
2799,0,4155,4155,0,0,0,0,1.0,1,1.0,1,1.0,1,0.6723741588624009,22
2800,0,4155,4155,0,0,0,0,1.0,1,1.0,1,1.0,1,0.6723741588624009,22
2801,2,4157,4157,0,0,0,0,1.0,1,1.0,1,1.0,1,0.6850177017837277,22
2802,0,4157,4157,0,0,0,0,1.0,1,1.0,1,1.0,1,0.6850177017837277,22
2803,0,4157,4157,0,0,0,0,1.0,1,1.0,1,1.0,1,0.6850177017837277,22
2804,0,4157,4157,0,0,0,0,1.0,1,1.0,1,1.0,1,0.6844210773711469,23
2805,0,4157,4157,0,0,0,0,1.0,1,1.0,1,1.0,1,0.6844210773711469,23
2806,0,4157,4157,0,0,0,0,1.0,1,1.0,1,1.0,1,0.6844210773711469,23
2807,1,4158,4158,0,0,0,0,1.0,1,1.0,1,1.0,1,0.6387088178483341,24
2808,1,4159,4159,0,0,0,0,1.0,1,1.0,1,1.0,1,0.6548692462192897,24
2809,0,4159,4159,0,0,0,0,1.0,1,1.0,1,1.0,1,0.6551893659784455,25
2810,1,4160,4160,0,0,0,0,1.0,1,1.0,1,1.0,1,0.6397690003859949,24
2811,0,4160,4160,0,0,0,0,1.0,1,1.0,1,1.0,1,0.6359100425504216,26
2812,1,4161,4161,0,0,0,0,1.0,1,1.0,1,1.0,1,0.6315428735918711,26
2813,1,4162,4162,0,0,0,0,1.0,1,1.0,1,1.0,1,0.58996729398211,27
2814,2,4164,4164,0,0,0,0,1.0,1,1.0,1,1.0,1,0.6090728522583284,29
2815,2,4166,4166,0,0,0,0,1.0,1,1.0,1,1.0,1,0.5751622990798078,29
2816,2,4168,4168,0,0,0,0,1.0,1,1.0,1,1.0,1,0.5593364635157629,29
2817,2,4170,4170,0,0,0,0,1.0,1,1.0,1,1.0,1,0.5002803438086746,29
2818,3,4173,4173,0,0,0,0,1.0,1,1.0,1,1.0,1,0.5022390567363173,29
2819,1,4174,4174,0,0,0,0,1.0,1,1.0,1,1.0,1,0.5264254777308153,30
2820,2,4176,4176,0,0,0,0,1.0,1,1.0,1,1.0,1,0.5846337692907484,30
2821,2,4178,4178,0,0,0,0,1.0,1,1.0,1,1.0,1,0.6122003621358272,31
2822,2,4180,4180,0,0,0,0,1.0,1,1.0,1,1.0,1,0.606585153329313,30
2823,3,4183,4183,0,0,0,0,1.0,1,1.0,1,1.0,1,0.5951171850354692,27
2824,0,4183,4183,0,0,0,0,1.0,1,1.0,1,1.0,1,0.5815932153578529,28
2825,2,4185,4185,0,0,0,0,1.0,1,1.0,1,1.0,1,0.5932302206630015,28
2826,1,4186,4186,0,0,0,0,1.0,1,1.0,1,1.0,1,0.6170307550882833,27
2827,2,4188,4188,0,0,0,0,1.0,1,1.0,1,1.0,1,0.6142931054422139,28
2828,0,4188,4188,0,0,0,0,1.0,1,1.0,1,1.0,1,0.6374175926852013,28
2829,1,4189,4189,0,0,0,0,1.0,1,1.0,1,1.0,1,0.621531655214355,27
2830,1,4190,4190,0,0,0,0,1.0,1,1.0,1,1.0,1,0.6403458768982344,27
2831,1,4191,4191,0,0,0,0,1.0,1,1.0,1,1.0,1,0.6661458111333408,27
2832,1,4192,4192,0,0,0,0,1.0,1,1.0,1,1.0,1,0.705736629882913,27
2833,0,4192,4192,0,0,0,0,1.0,1,1.0,1,1.0,1,0.6982098934163004,26
2834,4,4196,4196,0,0,0,0,1.0,1,1.0,1,1.0,1,0.6219857333506666,26
2835,1,4197,4197,0,0,0,0,1.0,1,1.0,1,1.0,1,0.6067558869514873,25
2836,2,4199,4199,0,0,0,0,1.0,1,1.0,1,1.0,1,0.6186102431667171,27
2837,1,4200,4200,0,0,0,0,1.0,1,1.0,1,1.0,1,0.6043904245870446,27
2838,1,4201,4201,0,0,0,0,1.0,1,1.0,1,1.0,1,0.588482294534326,27
2839,0,4201,4201,0,0,0,0,1.0,1,1.0,1,1.0,1,0.6020125789094392,29
2840,2,4203,4203,0,0,0,0,1.0,1,1.0,1,1.0,1,0.5868325672828036,29
2841,0,4203,4203,0,0,0,0,1.0,1,1.0,1,1.0,1,0.5822422838774626,31
2842,1,4204,4204,0,0,0,0,1.0,1,1.0,1,1.0,1,0.577795756577464,31
2843,1,4205,4205,0,0,0,0,1.0,1,1.0,1,1.0,1,0.5616807767478855,32
2844,4,4209,4209,0,0,0,0,1.0,1,1.0,1,1.0,1,0.5919782652081519,33
2845,0,4209,4209,0,0,0,0,1.0,1,1.0,1,1.0,1,0.5973658376584365,32
2846,2,4211,4211,0,0,0,0,1.0,1,1.0,1,1.0,1,0.605233134343838,33
2847,1,4212,4212,0,0,0,0,1.0,1,1.0,1,1.0,1,0.6392335322939925,32
2848,2,4214,4214,0,0,0,0,1.0,1,1.0,1,1.0,1,0.6608993200149812,33
2849,0,4214,4214,0,0,0,0,1.0,1,1.0,1,1.0,1,0.6551913659522272,34
2850,2,4216,4216,0,0,0,0,1.0,1,1.0,1,1.0,1,0.6517201956324449,34
2851,0,4216,4216,0,0,0,0,1.0,1,1.0,1,1.0,1,0.6517201956324449,34
2852,5,4221,4221,0,0,0,0,1.0,1,1.0,1,1.0,1,0.699503802907418,35
2853,0,4221,4221,0,0,0,0,1.0,1,1.0,1,1.0,1,0.6913865933705129,36
2854,0,4221,4221,0,0,0,0,1.0,1,1.0,1,1.0,1,0.682348832163474,37
2855,1,4222,4222,0,0,0,0,1.0,1,1.0,1,1.0,1,0.6785265422915036,38
2856,0,4222,4222,0,0,0,0,1.0,1,1.0,1,1.0,1,0.6785265422915036,38
2857,2,4224,4224,0,0,0,0,1.0,1,1.0,1,1.0,1,0.6860648481735561,39
2858,2,4226,4226,0,0,0,0,1.0,1,1.0,1,1.0,1,0.6541496348889622,40
2859,2,4228,4228,0,0,0,0,1.0,1,1.0,1,1.0,1,0.5903270771355064,40
2860,4,4232,4232,0,0,0,0,1.0,1,1.0,1,1.0,1,0.5392057531476616,40
2861,1,4233,4233,0,0,0,0,1.0,1,1.0,1,1.0,1,0.5289830904386391,38
2862,5,4238,4238,0,0,0,0,1.0,1,1.0,1,1.0,1,0.5579851792473158,38
2863,3,4241,4241,0,0,0,0,1.0,1,1.0,1,1.0,1,0.5335122680545441,38
2864,4,4245,4245,0,0,0,0,1.0,1,1.0,1,1.0,1,0.5596755826771564,36
2865,6,4251,4251,0,0,0,0,1.0,1,1.0,1,1.0,1,0.5634502514903458,34
2866,0,4251,4251,0,0,0,0,1.0,1,1.0,1,1.0,1,0.5481158373872349,31
2867,2,4253,4253,0,0,0,0,1.0,1,1.0,1,1.0,1,0.5335968728268957,30
2868,2,4255,4255,0,0,0,0,1.0,1,1.0,1,1.0,1,0.5544279838950706,27
2869,2,4257,4257,0,0,0,0,1.0,1,1.0,1,1.0,1,0.5835395625644486,27
2870,2,4259,4259,0,0,0,0,1.0,1,1.0,1,1.0,1,0.5991952025766203,25
2871,1,4260,4260,0,0,0,0,1.0,1,1.0,1,1.0,1,0.6038247504908654,25
2872,2,4262,4262,0,0,0,0,1.0,1,1.0,1,1.0,1,0.607654329917262,23
2873,0,4262,4262,0,0,0,0,1.0,1,1.0,1,1.0,1,0.6192843003591093,24
2874,1,4263,4263,0,0,0,0,1.0,1,1.0,1,1.0,1,0.658780191810706,24
2875,0,4263,4263,0,0,0,0,1.0,1,1.0,1,1.0,1,0.6745104347162288,23
2876,1,4264,4264,0,0,0,0,1.0,1,1.0,1,1.0,1,0.6901077500721059,24
2877,3,4267,4267,0,0,0,0,1.0,1,1.0,1,1.0,1,0.6842776028478061,24
2878,1,4268,4268,0,0,0,0,1.0,1,1.0,1,1.0,1,0.6803170031536031,24
2879,2,4270,4270,0,0,0,0,1.0,1,1.0,1,1.0,1,0.7118113147483924,25
2880,0,4270,4270,0,0,0,0,1.0,1,1.0,1,1.0,1,0.698838598329925,26
2881,0,4270,4270,0,0,0,0,1.0,1,1.0,1,1.0,1,0.698838598329925,26
2882,0,4270,4270,0,0,0,0,1.0,1,1.0,1,1.0,1,0.6807492099378507,27
2883,0,4270,4270,0,0,0,0,1.0,1,1.0,1,1.0,1,0.6665949385735808,28
2884,0,4270,4270,0,0,0,0,1.0,1,1.0,1,1.0,1,0.676650914849066,29
2885,0,4270,4270,0,0,0,0,1.0,1,1.0,1,1.0,1,0.6626509925541086,31
2886,0,4270,4270,0,0,0,0,1.0,1,1.0,1,1.0,1,0.6626509925541086,31
2887,0,4270,4270,0,0,0,0,1.0,1,1.0,1,1.0,1,0.6450052928867452,33
2888,2,4272,4272,0,0,0,0,1.0,1,1.0,1,1.0,1,0.6852084080669774,34
2889,0,4272,4272,0,0,0,0,1.0,1,1.0,1,1.0,1,0.6669576702533979,35
2890,1,4273,4273,0,0,0,0,1.0,1,1.0,1,1.0,1,0.6623201845498264,35
2891,1,4274,4274,0,0,0,0,1.0,1,1.0,1,1.0,1,0.6797329310352277,35
2892,0,4274,4274,0,0,0,0,1.0,1,1.0,1,1.0,1,0.6797329310352277,35
2893,0,4274,4274,0,0,0,0,1.0,1,1.0,1,1.0,1,0.6814458902306442,37
2894,1,4275,4275,0,0,0,0,1.0,1,1.0,1,1.0,1,0.6669215895687342,37
2895,0,4275,4275,0,0,0,0,1.0,1,1.0,1,1.0,1,0.6669215895687342,37
2896,1,4276,4276,0,0,0,0,1.0,1,1.0,1,1.0,1,0.6773325689252848,38
2897,1,4277,4277,0,0,0,0,1.0,1,1.0,1,1.0,1,0.7003775219600813,37
2898,2,4279,4279,0,0,0,0,1.0,1,1.0,1,1.0,1,0.6979278672166301,38
2899,1,4280,4280,0,0,0,0,1.0,1,1.0,1,1.0,1,0.7018443250709193,37
2900,1,4281,4281,0,0,0,0,1.0,1,1.0,1,1.0,1,0.7071889920005353,36
2901,1,4282,4282,0,0,0,0,1.0,1,1.0,1,1.0,1,0.7110495044181728,37
2902,2,4284,4284,0,0,0,0,1.0,1,1.0,1,1.0,1,0.7408037502908325,35
2903,0,4284,4284,0,0,0,0,1.0,1,1.0,1,1.0,1,0.7449954891898561,35
2904,0,4284,4284,0,0,0,0,1.0,1,1.0,1,1.0,1,0.7376892130451977,33
2905,0,4284,4284,0,0,0,0,1.0,1,1.0,1,1.0,1,0.7238092557144419,34
2906,2,4286,4286,0,0,0,0,1.0,1,1.0,1,1.0,1,0.7328733656699778,34
2907,0,4286,4286,0,0,0,0,1.0,1,1.0,1,1.0,1,0.7313891414017772,35
2908,0,4286,4286,0,0,0,0,1.0,1,1.0,1,1.0,1,0.7363018042334403,36
2909,0,4286,4286,0,0,0,0,1.0,1,1.0,1,1.0,1,0.7373397207329697,38
2910,0,4286,4286,0,0,0,0,1.0,1,1.0,1,1.0,1,0.7373397207329697,38
2911,1,4287,4287,0,0,0,0,1.0,1,1.0,1,1.0,1,0.753813641905911,37
2912,1,4288,4288,0,0,0,0,1.0,1,1.0,1,1.0,1,0.7626405658474703,37
2913,0,4288,4288,0,0,0,0,1.0,1,1.0,1,1.0,1,0.7654082870327586,38
2914,0,4288,4288,0,0,0,0,1.0,1,1.0,1,1.0,1,0.7654082870327586,38
2915,0,4288,4288,0,0,0,0,1.0,1,1.0,1,1.0,1,0.7631268592296536,39
2916,1,4289,4289,0,0,0,0,1.0,1,1.0,1,1.0,1,0.7616512687016541,40
2917,1,4290,4290,0,0,0,0,1.0,1,1.0,1,1.0,1,0.7507405281978219,41
2918,2,4292,4292,0,0,0,0,1.0,1,1.0,1,1.0,1,0.7384523789417325,41
2919,0,4292,4292,0,0,0,0,1.0,1,1.0,1,1.0,1,0.7384523789417325,41
2920,0,4292,4292,0,0,0,0,1.0,1,1.0,1,1.0,1,0.7395083799845245,43
2921,0,4292,4292,0,0,0,0,1.0,1,1.0,1,1.0,1,0.75434078729726,42
2922,2,4294,4294,0,0,0,0,1.0,1,1.0,1,1.0,1,0.7209409221485287,43
2923,0,4294,4294,0,0,0,0,1.0,1,1.0,1,1.0,1,0.7239856119972363,44
2924,1,4295,4295,0,0,0,0,1.0,1,1.0,1,1.0,1,0.6879952931669628,45
2925,1,4296,4296,0,0,0,0,1.0,1,1.0,1,1.0,1,0.679355426832573,45
2926,1,4297,4297,0,0,0,0,1.0,1,1.0,1,1.0,1,0.6570665431461131,47
2927,1,4298,4298,0,0,0,0,1.0,1,1.0,1,1.0,1,0.6479361304981928,47
2928,2,4300,4300,0,0,0,0,1.0,1,1.0,1,1.0,1,0.6378512349375864,48
2929,0,4300,4300,0,0,0,0,1.0,1,1.0,1,1.0,1,0.6378512349375864,48
2930,1,4301,4301,0,0,0,0,1.0,1,1.0,1,1.0,1,0.630926898613941,50
2931,0,4301,4301,0,0,0,0,1.0,1,1.0,1,1.0,1,0.6314508599806514,51
2932,3,4304,4304,0,0,0,0,1.0,1,1.0,1,1.0,1,0.6171002654031896,51
2933,1,4305,4305,0,0,0,0,1.0,1,1.0,1,1.0,1,0.6133576187162108,52
2934,2,4307,4307,0,0,0,0,1.0,1,1.0,1,1.0,1,0.6351764381337389,52
2935,0,4307,4307,0,0,0,0,1.0,1,1.0,1,1.0,1,0.644154397523625,51
2936,0,4307,4307,0,0,0,0,1.0,1,1.0,1,1.0,1,0.6426330118922039,49
2937,0,4307,4307,0,0,0,0,1.0,1,1.0,1,1.0,1,0.6382116104190129,50
2938,3,4310,4310,0,0,0,0,1.0,1,1.0,1,1.0,1,0.6440894724855875,50
2939,1,4311,4311,0,0,0,0,1.0,1,1.0,1,1.0,1,0.6398047246471085,51
2940,2,4313,4313,0,0,0,0,1.0,1,1.0,1,1.0,1,0.6493068741824579,52
2941,3,4316,4316,0,0,0,0,1.0,1,1.0,1,1.0,1,0.6298514462595044,53
2942,1,4317,4317,0,0,0,0,1.0,1,1.0,1,1.0,1,0.6321484614993879,52
2943,3,4320,4320,0,0,0,0,1.0,1,1.0,1,1.0,1,0.6276474687345746,51
2944,2,4322,4322,0,0,0,0,1.0,1,1.0,1,1.0,1,0.6294543319429309,52
2945,1,4323,4323,0,0,0,0,1.0,1,1.0,1,1.0,1,0.6298953016845268,50
2946,3,4326,4326,0,0,0,0,1.0,1,1.0,1,1.0,1,0.6422194904467432,51
2947,3,4329,4329,0,0,0,0,1.0,1,1.0,1,1.0,1,0.68155970448098,50
2948,1,4330,4330,0,0,0,0,1.0,1,1.0,1,1.0,1,0.6878883877130211,50
2949,1,4331,4331,0,0,0,0,1.0,1,1.0,1,1.0,1,0.6912461070036517,49
2950,1,4332,4332,0,0,0,0,1.0,1,1.0,1,1.0,1,0.7198286418112183,48
2951,0,4332,4332,0,0,0,0,1.0,1,1.0,1,1.0,1,0.7236236731803984,48
2952,0,4332,4332,0,0,0,0,1.0,1,1.0,1,1.0,1,0.7292912729989804,46
2953,1,4333,4333,0,0,0,0,1.0,1,1.0,1,1.0,1,0.7354041193171709,46
2954,2,4335,4335,0,0,0,0,1.0,1,1.0,1,1.0,1,0.7069124631781956,48
2955,1,4336,4336,0,0,0,0,1.0,1,1.0,1,1.0,1,0.6884925343374645,48
2956,2,4338,4338,0,0,0,0,1.0,1,1.0,1,1.0,1,0.6784236547015081,47
2957,1,4339,4339,0,0,0,0,1.0,1,1.0,1,1.0,1,0.6640717998446909,48
2958,5,4344,4344,0,0,0,0,1.0,1,1.0,1,1.0,1,0.6056307074654438,49
2959,1,4345,4345,0,0,0,0,1.0,1,1.0,1,1.0,1,0.600854605938542,49
2960,4,4349,4349,0,0,0,0,1.0,1,1.0,1,1.0,1,0.560717692995809,49
2961,4,4353,4353,0,0,0,0,1.0,1,1.0,1,1.0,1,0.5292539783184186,51
2962,2,4355,4355,0,0,0,0,1.0,1,1.0,1,1.0,1,0.5183721407031384,51
2963,2,4357,4357,0,0,0,0,1.0,1,1.0,1,1.0,1,0.5391617276959146,51
2964,1,4358,4358,0,0,0,0,1.0,1,1.0,1,1.0,1,0.5526629646652435,52
2965,2,4360,4360,0,0,0,0,1.0,1,1.0,1,1.0,1,0.54293899576526,53
2966,2,4362,4362,0,0,0,0,1.0,1,1.0,1,1.0,1,0.5828268931026346,53
2967,0,4362,4362,0,0,0,0,1.0,1,1.0,1,1.0,1,0.5905362232257244,53
2968,0,4362,4362,0,0,0,0,1.0,1,1.0,1,1.0,1,0.5840311676462256,54
2969,1,4363,4363,0,0,0,0,1.0,1,1.0,1,1.0,1,0.594478636777116,55
2970,0,4363,4363,0,0,0,0,1.0,1,1.0,1,1.0,1,0.594478636777116,55
2971,3,4366,4366,0,0,0,0,1.0,1,1.0,1,1.0,1,0.5910302073418989,55
2972,1,4367,4367,0,0,0,0,1.0,1,1.0,1,1.0,1,0.6005192961054048,55
2973,0,4367,4367,0,0,0,0,1.0,1,1.0,1,1.0,1,0.6045671524293905,55
2974,0,4367,4367,0,0,0,0,1.0,1,1.0,1,1.0,1,0.5930373385511921,56
2975,0,4367,4367,0,0,0,0,1.0,1,1.0,1,1.0,1,0.5920953596859316,55
2976,0,4367,4367,0,0,0,0,1.0,1,1.0,1,1.0,1,0.5915807464255121,57
2977,0,4367,4367,0,0,0,0,1.0,1,1.0,1,1.0,1,0.5792953634029573,59
2978,2,4369,4369,0,0,0,0,1.0,1,1.0,1,1.0,1,0.577703702699605,59
2979,1,4370,4370,0,0,0,0,1.0,1,1.0,1,1.0,1,0.5585093574064478,59
2980,2,4372,4372,0,0,0,0,1.0,1,1.0,1,1.0,1,0.5439550635149257,59
2981,2,4374,4374,0,0,0,0,1.0,1,1.0,1,1.0,1,0.5373840941780618,59
2982,1,4375,4375,0,0,0,0,1.0,1,1.0,1,1.0,1,0.5382266712539742,61
2983,5,4380,4380,0,0,0,0,1.0,1,1.0,1,1.0,1,0.5430775519483153,61
2984,5,4385,4385,0,0,0,0,1.0,1,1.0,1,1.0,1,0.580385779145976,61
2985,6,4391,4391,0,0,0,0,1.0,1,1.0,1,1.0,1,0.5760767485168695,57
2986,4,4395,4395,0,0,0,0,1.0,1,1.0,1,1.0,1,0.5704066300514763,58
2987,3,4398,4398,0,0,0,0,1.0,1,1.0,1,1.0,1,0.5761942621899905,56
2988,5,4403,4403,0,0,0,0,1.0,1,1.0,1,1.0,1,0.5297900870374005,55
2989,3,4406,4406,0,0,0,0,1.0,1,1.0,1,1.0,1,0.5525520757957715,53
2990,4,4410,4410,0,0,0,0,1.0,1,1.0,1,1.0,1,0.5175652627121246,52
2991,2,4412,4412,0,0,0,0,1.0,1,1.0,1,1.0,1,0.514899969166629,54
2992,3,4415,4415,0,0,0,0,1.0,1,1.0,1,1.0,1,0.5051559642343951,55
2993,3,4418,4418,0,0,0,0,1.0,1,1.0,1,1.0,1,0.5098319186248175,53
2994,2,4420,4420,0,0,0,0,1.0,1,1.0,1,1.0,1,0.5090016172543387,53
2995,1,4421,4421,0,0,0,0,1.0,1,1.0,1,1.0,1,0.5023875870283914,51
2996,1,4422,4422,0,0,0,0,1.0,1,1.0,1,1.0,1,0.5158130696438283,52
2997,2,4424,4424,0,0,0,0,1.0,1,1.0,1,1.0,1,0.5429348982433267,50
2998,1,4425,4425,0,0,0,0,1.0,1,1.0,1,1.0,1,0.546410422872458,51
2999,0,4425,4425,0,0,0,0,1.0,1,1.0,1,1.0,1,0.5668015956777126,48
3000,1,4426,4426,0,0,0,0,1.0,1,1.0,1,1.0,1,0.5823922398383466,48
3001,0,4426,4426,0,0,0,0,1.0,1,1.0,1,1.0,1,0.5804018214372886,49
3002,2,4428,4428,0,0,0,0,1.0,1,1.0,1,1.0,1,0.5750394245193201,50
3003,0,4428,4428,0,0,0,0,1.0,1,1.0,1,1.0,1,0.5750394245193201,50
3004,1,4429,4429,0,0,0,0,1.0,1,1.0,1,1.0,1,0.5591419091919082,51
3005,1,4430,4430,0,0,0,0,1.0,1,1.0,1,1.0,1,0.5619743842041365,50
3006,2,4432,4432,0,0,0,0,1.0,1,1.0,1,1.0,1,0.5385063782290267,51
3007,0,4432,4432,0,0,0,0,1.0,1,1.0,1,1.0,1,0.5447752807886445,51
3008,1,4433,4433,0,0,0,0,1.0,1,1.0,1,1.0,1,0.5338787082564038,53
3009,0,4433,4433,0,0,0,0,1.0,1,1.0,1,1.0,1,0.5475964177651641,52
3010,2,4435,4435,0,0,0,0,1.0,1,1.0,1,1.0,1,0.5570057760198962,52
3011,1,4436,4436,0,0,0,0,1.0,1,1.0,1,1.0,1,0.5729078462095248,51
3012,3,4439,4439,0,0,0,0,1.0,1,1.0,1,1.0,1,0.570547073544577,54
3013,4,4443,4443,0,0,0,0,1.0,1,1.0,1,1.0,1,0.5767320348668539,52
3014,4,4447,4447,0,0,0,0,1.0,1,1.0,1,1.0,1,0.5955718979294167,51
3015,6,4453,4453,0,0,0,0,1.0,1,1.0,1,1.0,1,0.6029648858756834,50
3016,4,4457,4457,0,0,0,0,1.0,1,1.0,1,1.0,1,0.6422759290797231,50
3017,2,4459,4459,0,0,0,0,1.0,1,1.0,1,1.0,1,0.6470007422608485,48
3018,5,4464,4464,0,0,0,0,1.0,1,1.0,1,1.0,1,0.6187350752183012,48
3019,2,4466,4466,0,0,0,0,1.0,1,1.0,1,1.0,1,0.607226210681408,47
3020,4,4470,4470,0,0,0,0,1.0,1,1.0,1,1.0,1,0.6062678813987628,47
3021,2,4472,4472,0,0,0,0,1.0,1,1.0,1,1.0,1,0.5860456933045621,46
3022,4,4476,4476,0,0,0,0,1.0,1,1.0,1,1.0,1,0.5676146694775857,45
3023,4,4480,4480,0,0,0,0,1.0,1,1.0,1,1.0,1,0.5584901731414718,41
3024,3,4483,4483,0,0,0,0,1.0,1,1.0,1,1.0,1,0.5508158647418353,43
3025,2,4485,4485,0,0,0,0,1.0,1,1.0,1,1.0,1,0.6091126432491742,39
3026,1,4486,4486,0,0,0,0,1.0,1,1.0,1,1.0,1,0.6358354616737413,38
3027,2,4488,4488,0,0,0,0,1.0,1,1.0,1,1.0,1,0.6527230281476074,38
3028,1,4489,4489,0,0,0,0,1.0,1,1.0,1,1.0,1,0.6596656725905091,38
3029,0,4489,4489,0,0,0,0,1.0,1,1.0,1,1.0,1,0.6636647809548764,37
3030,1,4490,4490,0,0,0,0,1.0,1,1.0,1,1.0,1,0.6250185422754087,38
3031,3,4493,4493,0,0,0,0,1.0,1,1.0,1,1.0,1,0.6126775636115492,39
3032,1,4494,4494,0,0,0,0,1.0,1,1.0,1,1.0,1,0.6020046962566715,39
3033,0,4494,4494,0,0,0,0,1.0,1,1.0,1,1.0,1,0.595963382876493,39
3034,0,4494,4494,0,0,0,0,1.0,1,1.0,1,1.0,1,0.6090995085329226,38
3035,1,4495,4495,0,0,0,0,1.0,1,1.0,1,1.0,1,0.5885505966109308,39
3036,0,4495,4495,0,0,0,0,1.0,1,1.0,1,1.0,1,0.5933983126744543,39
3037,0,4495,4495,0,0,0,0,1.0,1,1.0,1,1.0,1,0.6140644120980556,39
3038,1,4496,4496,0,0,0,0,1.0,1,1.0,1,1.0,1,0.6112591693092901,40
3039,1,4497,4497,0,0,0,0,1.0,1,1.0,1,1.0,1,0.6260997131643251,41
3040,2,4499,4499,0,0,0,0,1.0,1,1.0,1,1.0,1,0.6330078442401004,42
3041,1,4500,4500,0,0,0,0,1.0,1,1.0,1,1.0,1,0.6212239526473555,43
3042,2,4502,4502,0,0,0,0,1.0,1,1.0,1,1.0,1,0.6217121946948727,45
3043,2,4504,4504,0,0,0,0,1.0,1,1.0,1,1.0,1,0.6209524676569007,45
3044,1,4505,4505,0,0,0,0,1.0,1,1.0,1,1.0,1,0.6267794594209591,45
3045,1,4506,4506,0,0,0,0,1.0,1,1.0,1,1.0,1,0.6233103748681964,45
3046,2,4508,4508,0,0,0,0,1.0,1,1.0,1,1.0,1,0.6227028347517645,46
3047,0,4508,4508,0,0,0,0,1.0,1,1.0,1,1.0,1,0.6227028347517645,46
3048,3,4511,4511,0,0,0,0,1.0,1,1.0,1,1.0,1,0.6050772969790296,49
3049,0,4511,4511,0,0,0,0,1.0,1,1.0,1,1.0,1,0.5923277313611032,50
3050,1,4512,4512,0,0,0,0,1.0,1,1.0,1,1.0,1,0.5900041483573473,50
3051,1,4513,4513,0,0,0,0,1.0,1,1.0,1,1.0,1,0.5852493137685567,50
3052,1,4514,4514,0,0,0,0,1.0,1,1.0,1,1.0,1,0.5886910128691278,50
3053,3,4517,4517,0,0,0,0,1.0,1,1.0,1,1.0,1,0.5842085650194213,49
3054,0,4517,4517,0,0,0,0,1.0,1,1.0,1,1.0,1,0.5746748416092928,47
3055,2,4519,4519,0,0,0,0,1.0,1,1.0,1,1.0,1,0.5827837326013968,48
3056,4,4523,4523,0,0,0,0,1.0,1,1.0,1,1.0,1,0.5638489523671916,47
3057,1,4524,4524,0,0,0,0,1.0,1,1.0,1,1.0,1,0.5720921331999947,48
3058,5,4529,4529,0,0,0,0,1.0,1,1.0,1,1.0,1,0.5718397065355071,46
3059,1,4530,4530,0,0,0,0,1.0,1,1.0,1,1.0,1,0.5824684011557236,44
3060,2,4532,4532,0,0,0,0,1.0,1,1.0,1,1.0,1,0.543055670467078,44
3061,2,4534,4534,0,0,0,0,1.0,1,1.0,1,1.0,1,0.5025978273749605,42
3062,1,4535,4535,0,0,0,0,1.0,1,1.0,1,1.0,1,0.5170815921332643,42
3063,3,4538,4538,0,0,0,0,1.0,1,1.0,1,1.0,1,0.5477032096629193,41
3064,4,4542,4542,0,0,0,0,1.0,1,1.0,1,1.0,1,0.5333022953126109,42
3065,1,4543,4543,0,0,0,0,1.0,1,1.0,1,1.0,1,0.5303749621771643,40
3066,4,4547,4547,0,0,0,0,1.0,1,1.0,1,1.0,1,0.554405583775674,42
3067,3,4550,4550,0,0,0,0,1.0,1,1.0,1,1.0,1,0.6232710737953173,40
3068,2,4552,4552,0,0,0,0,1.0,1,1.0,1,1.0,1,0.6350006729869772,39
3069,0,4552,4552,0,0,0,0,1.0,1,1.0,1,1.0,1,0.6500449579342877,38
3070,2,4554,4554,0,0,0,0,1.0,1,1.0,1,1.0,1,0.6393305866333852,39
3071,0,4554,4554,0,0,0,0,1.0,1,1.0,1,1.0,1,0.6376594053325194,39
3072,1,4555,4555,0,0,0,0,1.0,1,1.0,1,1.0,1,0.6410870887558774,40
3073,1,4556,4556,0,0,0,0,1.0,1,1.0,1,1.0,1,0.6642339341819786,38
3074,1,4557,4557,0,0,0,0,1.0,1,1.0,1,1.0,1,0.6539549820729138,38
3075,0,4557,4557,0,0,0,0,1.0,1,1.0,1,1.0,1,0.6461675983252662,41
3076,1,4558,4558,0,0,0,0,1.0,1,1.0,1,1.0,1,0.6250315161152897,42
3077,0,4558,4558,0,0,0,0,1.0,1,1.0,1,1.0,1,0.6250315161152897,42
3078,1,4559,4559,0,0,0,0,1.0,1,1.0,1,1.0,1,0.6194705293331082,42
3079,1,4560,4560,0,0,0,0,1.0,1,1.0,1,1.0,1,0.6144268610688208,42
3080,0,4560,4560,0,0,0,0,1.0,1,1.0,1,1.0,1,0.6073961399327716,43
3081,0,4560,4560,0,0,0,0,1.0,1,1.0,1,1.0,1,0.6009422588936958,44
3082,2,4562,4562,0,0,0,0,1.0,1,1.0,1,1.0,1,0.5994567539072304,45
3083,0,4562,4562,0,0,0,0,1.0,1,1.0,1,1.0,1,0.5994567539072304,45
3084,1,4563,4563,0,0,0,0,1.0,1,1.0,1,1.0,1,0.593741341269681,45
3085,1,4564,4564,0,0,0,0,1.0,1,1.0,1,1.0,1,0.5996872522125399,46
3086,1,4565,4565,0,0,0,0,1.0,1,1.0,1,1.0,1,0.5999630460986424,46
3087,2,4567,4567,0,0,0,0,1.0,1,1.0,1,1.0,1,0.6170264731712354,47
3088,1,4568,4568,0,0,0,0,1.0,1,1.0,1,1.0,1,0.609776615570696,48
3089,1,4569,4569,0,0,0,0,1.0,1,1.0,1,1.0,1,0.6144734086391662,46
3090,1,4570,4570,0,0,0,0,1.0,1,1.0,1,1.0,1,0.6240924869624939,46
3091,1,4571,4571,0,0,0,0,1.0,1,1.0,1,1.0,1,0.6362172673443853,46
3092,2,4573,4573,0,0,0,0,1.0,1,1.0,1,1.0,1,0.6398892886126908,47
3093,0,4573,4573,0,0,0,0,1.0,1,1.0,1,1.0,1,0.635888871506604,47
3094,3,4576,4576,0,0,0,0,1.0,1,1.0,1,1.0,1,0.6178142952658568,45
3095,2,4578,4578,0,0,0,0,1.0,1,1.0,1,1.0,1,0.6185654788140438,46
3096,0,4578,4578,0,0,0,0,1.0,1,1.0,1,1.0,1,0.618815688241855,46
3097,2,4580,4580,0,0,0,0,1.0,1,1.0,1,1.0,1,0.645725916378068,47
3098,2,4582,4582,0,0,0,0,1.0,1,1.0,1,1.0,1,0.6096103557697785,47
3099,0,4582,4582,0,0,0,0,1.0,1,1.0,1,1.0,1,0.6096103557697785,47
3100,2,4584,4584,0,0,0,0,1.0,1,1.0,1,1.0,1,0.5728869329295617,47
3101,0,4584,4584,0,0,0,0,1.0,1,1.0,1,1.0,1,0.5744224770315607,48
3102,3,4587,4587,0,0,0,0,1.0,1,1.0,1,1.0,1,0.5306004305598484,48
3103,2,4589,4589,0,0,0,0,1.0,1,1.0,1,1.0,1,0.5357379598449493,49
3104,1,4590,4590,0,0,0,0,1.0,1,1.0,1,1.0,1,0.5511107079823232,48
3105,2,4592,4592,0,0,0,0,1.0,1,1.0,1,1.0,1,0.5633310839079511,45
3106,3,4595,4595,0,0,0,0,1.0,1,1.0,1,1.0,1,0.5739420432170298,46
3107,2,4597,4597,0,0,0,0,1.0,1,1.0,1,1.0,1,0.6079361896496397,44
3108,2,4599,4599,0,0,0,0,1.0,1,1.0,1,1.0,1,0.6167701525220174,45
3109,0,4599,4599,0,0,0,0,1.0,1,1.0,1,1.0,1,0.6246082815491918,44
3110,3,4602,4602,0,0,0,0,1.0,1,1.0,1,1.0,1,0.602515342398803,46
3111,1,4603,4603,0,0,0,0,1.0,1,1.0,1,1.0,1,0.5909989788203224,46
3112,0,4603,4603,0,0,0,0,1.0,1,1.0,1,1.0,1,0.5966911522667893,47
3113,1,4604,4604,0,0,0,0,1.0,1,1.0,1,1.0,1,0.5714356490883161,48
3114,0,4604,4604,0,0,0,0,1.0,1,1.0,1,1.0,1,0.572670200334288,48
3115,1,4605,4605,0,0,0,0,1.0,1,1.0,1,1.0,1,0.5719825055395031,49
3116,1,4606,4606,0,0,0,0,1.0,1,1.0,1,1.0,1,0.575117474090029,48
3117,4,4610,4610,0,0,0,0,1.0,1,1.0,1,1.0,1,0.5882587682564124,49
3118,0,4610,4610,0,0,0,0,1.0,1,1.0,1,1.0,1,0.5942424781813073,50
3119,0,4610,4610,0,0,0,0,1.0,1,1.0,1,1.0,1,0.5942424781813073,50
3120,1,4611,4611,0,0,0,0,1.0,1,1.0,1,1.0,1,0.6105902340851275,50
3121,2,4613,4613,0,0,0,0,1.0,1,1.0,1,1.0,1,0.6192962491713101,50
3122,0,4613,4613,0,0,0,0,1.0,1,1.0,1,1.0,1,0.6192962491713101,50
3123,3,4616,4616,0,0,0,0,1.0,1,1.0,1,1.0,1,0.6230538774355762,51
3124,2,4618,4618,0,0,0,0,1.0,1,1.0,1,1.0,1,0.6245854013013453,51
3125,2,4620,4620,0,0,0,0,1.0,1,1.0,1,1.0,1,0.6448711483329667,51
3126,0,4620,4620,0,0,0,0,1.0,1,1.0,1,1.0,1,0.6301276435036459,54
3127,2,4622,4622,0,0,0,0,1.0,1,1.0,1,1.0,1,0.6429619042325019,53
3128,1,4623,4623,0,0,0,0,1.0,1,1.0,1,1.0,1,0.6478963387317115,52
3129,2,4625,4625,0,0,0,0,1.0,1,1.0,1,1.0,1,0.6575987614858742,51
3130,0,4625,4625,0,0,0,0,1.0,1,1.0,1,1.0,1,0.652298282527115,50
3131,5,4630,4630,0,0,0,0,1.0,1,1.0,1,1.0,1,0.6886488812699039,50
3132,1,4631,4631,0,0,0,0,1.0,1,1.0,1,1.0,1,0.6680551219205055,49
3133,0,4631,4631,0,0,0,0,1.0,1,1.0,1,1.0,1,0.6680551219205055,49
3134,1,4632,4632,0,0,0,0,1.0,1,1.0,1,1.0,1,0.670550056498925,46
3135,0,4632,4632,0,0,0,0,1.0,1,1.0,1,1.0,1,0.6609629087639975,47
3136,1,4633,4633,0,0,0,0,1.0,1,1.0,1,1.0,1,0.6502889310590007,46
3137,2,4635,4635,0,0,0,0,1.0,1,1.0,1,1.0,1,0.6609700172440517,49
3138,1,4636,4636,0,0,0,0,1.0,1,1.0,1,1.0,1,0.6544228749429533,49
3139,2,4638,4638,0,0,0,0,1.0,1,1.0,1,1.0,1,0.644918491555386,50
3140,2,4640,4640,0,0,0,0,1.0,1,1.0,1,1.0,1,0.6137085496118809,51
3141,1,4641,4641,0,0,0,0,1.0,1,1.0,1,1.0,1,0.6180867605140837,50
3142,3,4644,4644,0,0,0,0,1.0,1,1.0,1,1.0,1,0.6007736554413622,50
3143,3,4647,4647,0,0,0,0,1.0,1,1.0,1,1.0,1,0.5810331515508644,49
3144,0,4647,4647,0,0,0,0,1.0,1,1.0,1,1.0,1,0.5810331515508644,49
3145,1,4648,4648,0,0,0,0,1.0,1,1.0,1,1.0,1,0.5811892477185667,48
3146,1,4649,4649,0,0,0,0,1.0,1,1.0,1,1.0,1,0.5733014003393996,49
3147,3,4652,4652,0,0,0,0,1.0,1,1.0,1,1.0,1,0.5709904052197154,48
3148,4,4656,4656,0,0,0,0,1.0,1,1.0,1,1.0,1,0.5720631153845238,48
3149,3,4659,4659,0,0,0,0,1.0,1,1.0,1,1.0,1,0.5996273047908928,47
3150,2,4661,4661,0,0,0,0,1.0,1,1.0,1,1.0,1,0.5854799393883685,47
3151,1,4662,4662,0,0,0,0,1.0,1,1.0,1,1.0,1,0.5924282389902604,48
3152,1,4663,4663,0,0,0,0,1.0,1,1.0,1,1.0,1,0.5985800357192861,47
3153,1,4664,4664,0,0,0,0,1.0,1,1.0,1,1.0,1,0.5929726756144891,47
3154,2,4666,4666,0,0,0,0,1.0,1,1.0,1,1.0,1,0.6097655166513989,48
3155,1,4667,4667,0,0,0,0,1.0,1,1.0,1,1.0,1,0.6158370456896144,48
3156,1,4668,4668,0,0,0,0,1.0,1,1.0,1,1.0,1,0.6228348427664324,48
3157,2,4670,4670,0,0,0,0,1.0,1,1.0,1,1.0,1,0.6273481976451587,48
3158,1,4671,4671,0,0,0,0,1.0,1,1.0,1,1.0,1,0.6249429357789251,48
3159,1,4672,4672,0,0,0,0,1.0,1,1.0,1,1.0,1,0.6140471409221968,49
3160,0,4672,4672,0,0,0,0,1.0,1,1.0,1,1.0,1,0.6214284067937791,51
3161,1,4673,4673,0,0,0,0,1.0,1,1.0,1,1.0,1,0.6033405098230764,52
3162,3,4676,4676,0,0,0,0,1.0,1,1.0,1,1.0,1,0.6299199759119797,51
3163,2,4678,4678,0,0,0,0,1.0,1,1.0,1,1.0,1,0.6217219895038507,51
3164,2,4680,4680,0,0,0,0,1.0,1,1.0,1,1.0,1,0.6458081820202701,52
3165,2,4682,4682,0,0,0,0,1.0,1,1.0,1,1.0,1,0.6264506283564694,50
3166,2,4684,4684,0,0,0,0,1.0,1,1.0,1,1.0,1,0.6186392359897681,50
3167,2,4686,4686,0,0,0,0,1.0,1,1.0,1,1.0,1,0.5972521395552998,49
3168,2,4688,4688,0,0,0,0,1.0,1,1.0,1,1.0,1,0.6176634277712962,47
3169,2,4690,4690,0,0,0,0,1.0,1,1.0,1,1.0,1,0.6017395990996162,48
3170,3,4693,4693,0,0,0,0,1.0,1,1.0,1,1.0,1,0.6283616084160336,47
3171,1,4694,4694,0,0,0,0,1.0,1,1.0,1,1.0,1,0.6156833262660195,47
3172,5,4699,4699,0,0,0,0,1.0,1,1.0,1,1.0,1,0.6482330089189927,46
3173,1,4700,4700,0,0,0,0,1.0,1,1.0,1,1.0,1,0.6398041111652787,45
3174,0,4700,4700,0,0,0,0,1.0,1,1.0,1,1.0,1,0.6476320142827641,43
3175,3,4703,4703,0,0,0,0,1.0,1,1.0,1,1.0,1,0.6357194562111868,43
3176,0,4703,4703,0,0,0,0,1.0,1,1.0,1,1.0,1,0.6284916833685724,44
3177,2,4705,4705,0,0,0,0,1.0,1,1.0,1,1.0,1,0.6522630969629082,44
3178,2,4707,4707,0,0,0,0,1.0,1,1.0,1,1.0,1,0.5775855713127944,47
3179,1,4708,4708,0,0,0,0,1.0,1,1.0,1,1.0,1,0.5974308434263966,48
3180,3,4711,4711,0,0,0,0,1.0,1,1.0,1,1.0,1,0.557535772261495,48
3181,1,4712,4712,0,0,0,0,1.0,1,1.0,1,1.0,1,0.5534512662232883,48
3182,1,4713,4713,0,0,0,0,1.0,1,1.0,1,1.0,1,0.5373782387410622,51
3183,3,4716,4716,0,0,0,0,1.0,1,1.0,1,1.0,1,0.5453313473972372,50
3184,2,4718,4718,0,0,0,0,1.0,1,1.0,1,1.0,1,0.5696625606236226,50
3185,0,4718,4718,0,0,0,0,1.0,1,1.0,1,1.0,1,0.5954397015253752,48
3186,2,4720,4720,0,0,0,0,1.0,1,1.0,1,1.0,1,0.6007903166562846,48
3187,0,4720,4720,0,0,0,0,1.0,1,1.0,1,1.0,1,0.6117734553826427,48
3188,2,4722,4722,0,0,0,0,1.0,1,1.0,1,1.0,1,0.6207620049813671,48
3189,0,4722,4722,0,0,0,0,1.0,1,1.0,1,1.0,1,0.6249324385283312,49
3190,1,4723,4723,0,0,0,0,1.0,1,1.0,1,1.0,1,0.6271354324181496,51
3191,0,4723,4723,0,0,0,0,1.0,1,1.0,1,1.0,1,0.6144991847188984,52
3192,2,4725,4725,0,0,0,0,1.0,1,1.0,1,1.0,1,0.6061938714271126,52
3193,0,4725,4725,0,0,0,0,1.0,1,1.0,1,1.0,1,0.6061938714271126,52
3194,2,4727,4727,0,0,0,0,1.0,1,1.0,1,1.0,1,0.5856684056516538,54
3195,0,4727,4727,0,0,0,0,1.0,1,1.0,1,1.0,1,0.5856684056516538,54
3196,3,4730,4730,0,0,0,0,1.0,1,1.0,1,1.0,1,0.5755658387568702,54
3197,1,4731,4731,0,0,0,0,1.0,1,1.0,1,1.0,1,0.5731803098858222,54
3198,1,4732,4732,0,0,0,0,1.0,1,1.0,1,1.0,1,0.5772593255793818,54
3199,1,4733,4733,0,0,0,0,1.0,1,1.0,1,1.0,1,0.5724404188985953,56
3200,0,4733,4733,0,0,0,0,1.0,1,1.0,1,1.0,1,0.5799646969687852,56
3201,0,4733,4733,0,0,0,0,1.0,1,1.0,1,1.0,1,0.5799646969687852,56
3202,4,4737,4737,0,0,0,0,1.0,1,1.0,1,1.0,1,0.5902627104323231,57
3203,0,4737,4737,0,0,0,0,1.0,1,1.0,1,1.0,1,0.5939564908673978,56
3204,2,4739,4739,0,0,0,0,1.0,1,1.0,1,1.0,1,0.5889254203473911,55
3205,1,4740,4740,0,0,0,0,1.0,1,1.0,1,1.0,1,0.6011452774884559,54
3206,3,4743,4743,0,0,0,0,1.0,1,1.0,1,1.0,1,0.5932649363174124,56
3207,0,4743,4743,0,0,0,0,1.0,1,1.0,1,1.0,1,0.606194051928557,54
3208,3,4746,4746,0,0,0,0,1.0,1,1.0,1,1.0,1,0.6237716504876801,53
3209,0,4746,4746,0,0,0,0,1.0,1,1.0,1,1.0,1,0.6245483089671829,54
3210,2,4748,4748,0,0,0,0,1.0,1,1.0,1,1.0,1,0.6354605552462435,53
3211,2,4750,4750,0,0,0,0,1.0,1,1.0,1,1.0,1,0.63418426272785,53
3212,0,4750,4750,0,0,0,0,1.0,1,1.0,1,1.0,1,0.6347542380936685,54
3213,0,4750,4750,0,0,0,0,1.0,1,1.0,1,1.0,1,0.6272778628367228,54
3214,1,4751,4751,0,0,0,0,1.0,1,1.0,1,1.0,1,0.613485504485724,55
3215,0,4751,4751,0,0,0,0,1.0,1,1.0,1,1.0,1,0.613485504485724,55
3216,1,4752,4752,0,0,0,0,1.0,1,1.0,1,1.0,1,0.617609400386392,55
3217,3,4755,4755,0,0,0,0,1.0,1,1.0,1,1.0,1,0.6348496679493084,54
3218,2,4757,4757,0,0,0,0,1.0,1,1.0,1,1.0,1,0.6105833242167371,54
3219,2,4759,4759,0,0,0,0,1.0,1,1.0,1,1.0,1,0.608545146471616,55
3220,2,4761,4761,0,0,0,0,1.0,1,1.0,1,1.0,1,0.5780600346009913,56
3221,2,4763,4763,0,0,0,0,1.0,1,1.0,1,1.0,1,0.5479509502769717,57
3222,1,4764,4764,0,0,0,0,1.0,1,1.0,1,1.0,1,0.541176039065007,57
3223,3,4767,4767,0,0,0,0,1.0,1,1.0,1,1.0,1,0.5490082033681847,56
3224,3,4770,4770,0,0,0,0,1.0,1,1.0,1,1.0,1,0.5678436703344666,58
3225,2,4772,4772,0,0,0,0,1.0,1,1.0,1,1.0,1,0.555588751214493,55
3226,4,4776,4776,0,0,0,0,1.0,1,1.0,1,1.0,1,0.5658078530423964,54
3227,1,4777,4777,0,0,0,0,1.0,1,1.0,1,1.0,1,0.562312315119458,53
3228,1,4778,4778,0,0,0,0,1.0,1,1.0,1,1.0,1,0.5621619427641023,52
3229,1,4779,4779,0,0,0,0,1.0,1,1.0,1,1.0,1,0.5775847722302059,52
3230,3,4782,4782,0,0,0,0,1.0,1,1.0,1,1.0,1,0.5421145790338501,50
3231,2,4784,4784,0,0,0,0,1.0,1,1.0,1,1.0,1,0.5660164309358975,50
3232,4,4788,4788,0,0,0,0,1.0,1,1.0,1,1.0,1,0.5529336634044778,50
3233,0,4788,4788,0,0,0,0,1.0,1,1.0,1,1.0,1,0.5619378072864308,50
3234,2,4790,4790,0,0,0,0,1.0,1,1.0,1,1.0,1,0.5927278837558241,49
3235,2,4792,4792,0,0,0,0,1.0,1,1.0,1,1.0,1,0.6088217681896713,49
3236,0,4792,4792,0,0,0,0,1.0,1,1.0,1,1.0,1,0.6065938277786513,51
3237,1,4793,4793,0,0,0,0,1.0,1,1.0,1,1.0,1,0.6287827718288231,53
3238,2,4795,4795,0,0,0,0,1.0,1,1.0,1,1.0,1,0.6441377639200861,53
3239,0,4795,4795,0,0,0,0,1.0,1,1.0,1,1.0,1,0.6441377639200861,53
3240,1,4796,4796,0,0,0,0,1.0,1,1.0,1,1.0,1,0.6322271149865205,53
3241,0,4796,4796,0,0,0,0,1.0,1,1.0,1,1.0,1,0.6260942666632034,53
3242,1,4797,4797,0,0,0,0,1.0,1,1.0,1,1.0,1,0.6161441184453587,53
3243,0,4797,4797,0,0,0,0,1.0,1,1.0,1,1.0,1,0.610710551549027,56
3244,1,4798,4798,0,0,0,0,1.0,1,1.0,1,1.0,1,0.6012241903939715,57
3245,0,4798,4798,0,0,0,0,1.0,1,1.0,1,1.0,1,0.6015691145014044,59
3246,1,4799,4799,0,0,0,0,1.0,1,1.0,1,1.0,1,0.5975728116916988,59
3247,3,4802,4802,0,0,0,0,1.0,1,1.0,1,1.0,1,0.6013748673767577,59
3248,1,4803,4803,0,0,0,0,1.0,1,1.0,1,1.0,1,0.598400608350683,59
3249,0,4803,4803,0,0,0,0,1.0,1,1.0,1,1.0,1,0.6094483145258074,58
3250,1,4804,4804,0,0,0,0,1.0,1,1.0,1,1.0,1,0.6060376852999323,58
3251,1,4805,4805,0,0,0,0,1.0,1,1.0,1,1.0,1,0.6206173381431904,57
3252,1,4806,4806,0,0,0,0,1.0,1,1.0,1,1.0,1,0.623613578958916,57
3253,0,4806,4806,0,0,0,0,1.0,1,1.0,1,1.0,1,0.6332328555105027,56
3254,0,4806,4806,0,0,0,0,1.0,1,1.0,1,1.0,1,0.6290093786854766,57
3255,1,4807,4807,0,0,0,0,1.0,1,1.0,1,1.0,1,0.6418703772348663,57
3256,1,4808,4808,0,0,0,0,1.0,1,1.0,1,1.0,1,0.6349100892520501,57
3257,2,4810,4810,0,0,0,0,1.0,1,1.0,1,1.0,1,0.6165357967634653,57
3258,3,4813,4813,0,0,0,0,1.0,1,1.0,1,1.0,1,0.5940375310107152,58
3259,2,4815,4815,0,0,0,0,1.0,1,1.0,1,1.0,1,0.5803102458770589,59
3260,4,4819,4819,0,0,0,0,1.0,1,1.0,1,1.0,1,0.562114267522222,60
3261,5,4824,4824,0,0,0,0,1.0,1,1.0,1,1.0,1,0.5456979813256856,60
3262,4,4828,4828,0,0,0,0,1.0,1,1.0,1,1.0,1,0.5303165268223569,61
3263,4,4832,4832,0,0,0,0,1.0,1,1.0,1,1.0,1,0.5406345498184179,62
3264,3,4835,4835,0,0,0,0,1.0,1,1.0,1,1.0,1,0.5512638428179694,60
3265,4,4839,4839,0,0,0,0,1.0,1,1.0,1,1.0,1,0.5235236692080706,58
3266,4,4843,4843,0,0,0,0,1.0,1,1.0,1,1.0,1,0.5695907718177423,59
3267,2,4845,4845,0,0,0,0,1.0,1,1.0,1,1.0,1,0.5857486959676663,60
3268,4,4849,4849,0,0,0,0,1.0,1,1.0,1,1.0,1,0.5828694621035797,58
3269,2,4851,4851,0,0,0,0,1.0,1,1.0,1,1.0,1,0.5576177668445587,57
3270,3,4854,4854,0,0,0,0,1.0,1,1.0,1,1.0,1,0.5610638360306521,56
3271,2,4856,4856,0,0,0,0,1.0,1,1.0,1,1.0,1,0.5848117220131731,55
3272,1,4857,4857,0,0,0,0,1.0,1,1.0,1,1.0,1,0.6031414442736013,55
3273,1,4858,4858,0,0,0,0,1.0,1,1.0,1,1.0,1,0.6163718436903369,55
3274,0,4858,4858,0,0,0,0,1.0,1,1.0,1,1.0,1,0.605524969171131,55
3275,3,4861,4861,0,0,0,0,1.0,1,1.0,1,1.0,1,0.6092446318315032,55
3276,1,4862,4862,0,0,0,0,1.0,1,1.0,1,1.0,1,0.5800316604788507,55
3277,1,4863,4863,0,0,0,0,1.0,1,1.0,1,1.0,1,0.5515356296171346,57
3278,3,4866,4866,0,0,0,0,1.0,1,1.0,1,1.0,1,0.5338821901628089,56
3279,1,4867,4867,0,0,0,0,1.0,1,1.0,1,1.0,1,0.5251220239590142,54
3280,2,4869,4869,0,0,0,0,1.0,1,1.0,1,1.0,1,0.5243413024780209,53
3281,3,4872,4872,0,0,0,0,1.0,1,1.0,1,1.0,1,0.5394304798005692,52
3282,0,4872,4872,0,0,0,0,1.0,1,1.0,1,1.0,1,0.5513944047244835,50
3283,2,4874,4874,0,0,0,0,1.0,1,1.0,1,1.0,1,0.5717749688934347,50
3284,5,4879,4879,0,0,0,0,1.0,1,1.0,1,1.0,1,0.5782547248656116,47
3285,1,4880,4880,0,0,0,0,1.0,1,1.0,1,1.0,1,0.5794780300495946,48
3286,5,4885,4885,0,0,0,0,1.0,1,1.0,1,1.0,1,0.564281431027559,46
3287,2,4887,4887,0,0,0,0,1.0,1,1.0,1,1.0,1,0.5921347315403608,46
3288,3,4890,4890,0,0,0,0,1.0,1,1.0,1,1.0,1,0.6190870411728394,46
3289,2,4892,4892,0,0,0,0,1.0,1,1.0,1,1.0,1,0.6300781349108224,48
3290,2,4894,4894,0,0,0,0,1.0,1,1.0,1,1.0,1,0.6470359378993561,48
3291,2,4896,4896,0,0,0,0,1.0,1,1.0,1,1.0,1,0.6470001206278103,50
3292,1,4897,4897,0,0,0,0,1.0,1,1.0,1,1.0,1,0.6574310998751236,50
3293,0,4897,4897,0,0,0,0,1.0,1,1.0,1,1.0,1,0.6526721454353469,51
3294,1,4898,4898,0,0,0,0,1.0,1,1.0,1,1.0,1,0.6697848131685454,50
3295,3,4901,4901,0,0,0,0,1.0,1,1.0,1,1.0,1,0.6703873615805545,50
3296,1,4902,4902,0,0,0,0,1.0,1,1.0,1,1.0,1,0.6652153640106349,50
3297,1,4903,4903,0,0,0,0,1.0,1,1.0,1,1.0,1,0.652130257397847,51
3298,3,4906,4906,0,0,0,0,1.0,1,1.0,1,1.0,1,0.6288574216102567,52
3299,2,4908,4908,0,0,0,0,1.0,1,1.0,1,1.0,1,0.6124849159511089,53
3300,1,4909,4909,0,0,0,0,1.0,1,1.0,1,1.0,1,0.6080248133098836,53
3301,2,4911,4911,0,0,0,0,1.0,1,1.0,1,1.0,1,0.5734581143403998,53
3302,3,4914,4914,0,0,0,0,1.0,1,1.0,1,1.0,1,0.5901793553837762,53
3303,4,4918,4918,0,0,0,0,1.0,1,1.0,1,1.0,1,0.5494411969197244,52
3304,2,4920,4920,0,0,0,0,1.0,1,1.0,1,1.0,1,0.5474876344838376,52
3305,1,4921,4921,0,0,0,0,1.0,1,1.0,1,1.0,1,0.5355884897477292,51
3306,1,4922,4922,0,0,0,0,1.0,1,1.0,1,1.0,1,0.5600634478603697,51
3307,2,4924,4924,0,0,0,0,1.0,1,1.0,1,1.0,1,0.5466049099589498,48
3308,2,4926,4926,0,0,0,0,1.0,1,1.0,1,1.0,1,0.5638775293203255,48
3309,1,4927,4927,0,0,0,0,1.0,1,1.0,1,1.0,1,0.5566229654968095,48
3310,0,4927,4927,0,0,0,0,1.0,1,1.0,1,1.0,1,0.5620012790776142,47
3311,3,4930,4930,0,0,0,0,1.0,1,1.0,1,1.0,1,0.5602113610466114,49
3312,1,4931,4931,0,0,0,0,1.0,1,1.0,1,1.0,1,0.5801917823265687,48
3313,3,4934,4934,0,0,0,0,1.0,1,1.0,1,1.0,1,0.5974180569695149,49
3314,3,4937,4937,0,0,0,0,1.0,1,1.0,1,1.0,1,0.6271049843787678,47
3315,2,4939,4939,0,0,0,0,1.0,1,1.0,1,1.0,1,0.637255769343116,47
3316,1,4940,4940,0,0,0,0,1.0,1,1.0,1,1.0,1,0.6317922036288346,47
3317,1,4941,4941,0,0,0,0,1.0,1,1.0,1,1.0,1,0.6077274041813155,46
3318,1,4942,4942,0,0,0,0,1.0,1,1.0,1,1.0,1,0.6139211382601528,45
3319,3,4945,4945,0,0,0,0,1.0,1,1.0,1,1.0,1,0.6140313576305227,44
3320,3,4948,4948,0,0,0,0,1.0,1,1.0,1,1.0,1,0.6020020145488795,43
3321,2,4950,4950,0,0,0,0,1.0,1,1.0,1,1.0,1,0.5910893251186408,43
3322,3,4953,4953,0,0,0,0,1.0,1,1.0,1,1.0,1,0.6433961674485279,40
3323,4,4957,4957,0,0,0,0,1.0,1,1.0,1,1.0,1,0.6485371787576794,40
3324,3,4960,4960,0,0,0,0,1.0,1,1.0,1,1.0,1,0.6482392885681787,40
3325,3,4963,4963,0,0,0,0,1.0,1,1.0,1,1.0,1,0.6766732350832669,40
3326,0,4963,4963,0,0,0,0,1.0,1,1.0,1,1.0,1,0.6450201893613906,41
3327,1,4964,4964,0,0,0,0,1.0,1,1.0,1,1.0,1,0.6585264242135027,39
3328,2,4966,4966,0,0,0,0,1.0,1,1.0,1,1.0,1,0.6291673682597908,41
3329,2,4968,4968,0,0,0,0,1.0,1,1.0,1,1.0,1,0.5942770264605629,39
3330,0,4968,4968,0,0,0,0,1.0,1,1.0,1,1.0,1,0.5882531353154581,40
3331,0,4968,4968,0,0,0,0,1.0,1,1.0,1,1.0,1,0.5853847160189473,38
3332,0,4968,4968,0,0,0,0,1.0,1,1.0,1,1.0,1,0.6044587448729121,38
3333,1,4969,4969,0,0,0,0,1.0,1,1.0,1,1.0,1,0.5817767157976433,38
3334,0,4969,4969,0,0,0,0,1.0,1,1.0,1,1.0,1,0.5869204176778517,40
3335,0,4969,4969,0,0,0,0,1.0,1,1.0,1,1.0,1,0.5869204176778517,40
3336,0,4969,4969,0,0,0,0,1.0,1,1.0,1,1.0,1,0.6062597572102962,39
3337,0,4969,4969,0,0,0,0,1.0,1,1.0,1,1.0,1,0.5983768501759437,40
3338,5,4974,4974,0,0,0,0,1.0,1,1.0,1,1.0,1,0.6010965660221805,41
3339,1,4975,4975,0,0,0,0,1.0,1,1.0,1,1.0,1,0.595133719181294,42
3340,4,4979,4979,0,0,0,0,1.0,1,1.0,1,1.0,1,0.5749330997236304,43
3341,0,4979,4979,0,0,0,0,1.0,1,1.0,1,1.0,1,0.5749330997236304,43
3342,1,4980,4980,0,0,0,0,1.0,1,1.0,1,1.0,1,0.5942373409549804,44
3343,1,4981,4981,0,0,0,0,1.0,1,1.0,1,1.0,1,0.6075717063563009,44
3344,1,4982,4982,0,0,0,0,1.0,1,1.0,1,1.0,1,0.6305943898936277,44
3345,0,4982,4982,0,0,0,0,1.0,1,1.0,1,1.0,1,0.63711636016799,43
3346,0,4982,4982,0,0,0,0,1.0,1,1.0,1,1.0,1,0.6534445499614275,42
3347,0,4982,4982,0,0,0,0,1.0,1,1.0,1,1.0,1,0.6218548205471385,44
3348,0,4982,4982,0,0,0,0,1.0,1,1.0,1,1.0,1,0.6268852502084765,45
3349,2,4984,4984,0,0,0,0,1.0,1,1.0,1,1.0,1,0.6631801731055431,45
3350,0,4984,4984,0,0,0,0,1.0,1,1.0,1,1.0,1,0.6528849452449025,46
3351,0,4984,4984,0,0,0,0,1.0,1,1.0,1,1.0,1,0.6489577797584577,47
3352,2,4986,4986,0,0,0,0,1.0,1,1.0,1,1.0,1,0.6532763756950603,47
3353,1,4987,4987,0,0,0,0,1.0,1,1.0,1,1.0,1,0.6626247667232158,48
3354,1,4988,4988,0,0,0,0,1.0,1,1.0,1,1.0,1,0.6684407340660109,48
3355,1,4989,4989,0,0,0,0,1.0,1,1.0,1,1.0,1,0.656864041393594,48
3356,3,4992,4992,0,0,0,0,1.0,1,1.0,1,1.0,1,0.6316392492385755,48
3357,2,4994,4994,0,0,0,0,1.0,1,1.0,1,1.0,1,0.6429817878440103,47
3358,1,4995,4995,0,0,0,0,1.0,1,1.0,1,1.0,1,0.6614206653086124,46
3359,1,4996,4996,0,0,0,0,1.0,1,1.0,1,1.0,1,0.6678046732245299,45
3360,0,4996,4996,0,0,0,0,1.0,1,1.0,1,1.0,1,0.6640380053419918,44
3361,2,4998,4998,0,0,0,0,1.0,1,1.0,1,1.0,1,0.6897284758726631,43
3362,1,4999,4999,0,0,0,0,1.0,1,1.0,1,1.0,1,0.6985897568833095,42
3363,1,5000,5000,0,0,0,0,1.0,1,1.0,1,1.0,1,0.7064326141904936,41
3364,3,5003,5003,0,0,0,0,1.0,1,1.0,1,1.0,1,0.6887533499307034,41
3365,2,5005,5005,0,0,0,0,1.0,1,1.0,1,1.0,1,0.6968169858093656,41
3366,0,5005,5005,0,0,0,0,1.0,1,1.0,1,1.0,1,0.6932478942569945,40
3367,0,5005,5005,0,0,0,0,1.0,1,1.0,1,1.0,1,0.6896215794126577,39
3368,3,5008,5008,0,0,0,0,1.0,1,1.0,1,1.0,1,0.6696740474119092,39
3369,1,5009,5009,0,0,0,0,1.0,1,1.0,1,1.0,1,0.6538228277292795,40
3370,2,5011,5011,0,0,0,0,1.0,1,1.0,1,1.0,1,0.64764136208272,41
3371,1,5012,5012,0,0,0,0,1.0,1,1.0,1,1.0,1,0.6753907665140854,41
3372,2,5014,5014,0,0,0,0,1.0,1,1.0,1,1.0,1,0.6851908652813338,40
3373,0,5014,5014,0,0,0,0,1.0,1,1.0,1,1.0,1,0.688824613869109,41
3374,2,5016,5016,0,0,0,0,1.0,1,1.0,1,1.0,1,0.6706725921020081,42
3375,0,5016,5016,0,0,0,0,1.0,1,1.0,1,1.0,1,0.6656816535580723,44
3376,2,5018,5018,0,0,0,0,1.0,1,1.0,1,1.0,1,0.6497139167829244,46
3377,0,5018,5018,0,0,0,0,1.0,1,1.0,1,1.0,1,0.6538589738478616,47
3378,4,5022,5022,0,0,0,0,1.0,1,1.0,1,1.0,1,0.6229778512613718,48
3379,0,5022,5022,0,0,0,0,1.0,1,1.0,1,1.0,1,0.6229778512613718,48
3380,3,5025,5025,0,0,0,0,1.0,1,1.0,1,1.0,1,0.5899387316755221,48
3381,0,5025,5025,0,0,0,0,1.0,1,1.0,1,1.0,1,0.5899387316755221,48
3382,4,5029,5029,0,0,0,0,1.0,1,1.0,1,1.0,1,0.5892838168107545,49
3383,0,5029,5029,0,0,0,0,1.0,1,1.0,1,1.0,1,0.6050007763696045,47
3384,2,5031,5031,0,0,0,0,1.0,1,1.0,1,1.0,1,0.597665392816847,48
3385,0,5031,5031,0,0,0,0,1.0,1,1.0,1,1.0,1,0.6158447374715844,47
3386,0,5031,5031,0,0,0,0,1.0,1,1.0,1,1.0,1,0.6122040368600551,49
3387,0,5031,5031,0,0,0,0,1.0,1,1.0,1,1.0,1,0.62005836402299,48
3388,0,5031,5031,0,0,0,0,1.0,1,1.0,1,1.0,1,0.62005836402299,48
3389,0,5031,5031,0,0,0,0,1.0,1,1.0,1,1.0,1,0.6273158721786204,50
3390,2,5033,5033,0,0,0,0,1.0,1,1.0,1,1.0,1,0.6371266811618906,51
3391,0,5033,5033,0,0,0,0,1.0,1,1.0,1,1.0,1,0.6371266811618906,51
3392,2,5035,5035,0,0,0,0,1.0,1,1.0,1,1.0,1,0.6629369812520557,52
3393,0,5035,5035,0,0,0,0,1.0,1,1.0,1,1.0,1,0.6466611222716558,52
3394,3,5038,5038,0,0,0,0,1.0,1,1.0,1,1.0,1,0.6726009486911134,52
3395,2,5040,5040,0,0,0,0,1.0,1,1.0,1,1.0,1,0.663652500095061,50
3396,1,5041,5041,0,0,0,0,1.0,1,1.0,1,1.0,1,0.650642035042295,49
3397,1,5042,5042,0,0,0,0,1.0,1,1.0,1,1.0,1,0.6531045220920828,49
3398,0,5042,5042,0,0,0,0,1.0,1,1.0,1,1.0,1,0.6495877288768992,48
3399,1,5043,5043,0,0,0,0,1.0,1,1.0,1,1.0,1,0.6590266317720228,49
3400,1,5044,5044,0,0,0,0,1.0,1,1.0,1,1.0,1,0.6539699746574238,50
3401,0,5044,5044,0,0,0,0,1.0,1,1.0,1,1.0,1,0.658511320572608,51
3402,1,5045,5045,0,0,0,0,1.0,1,1.0,1,1.0,1,0.6703143219764548,51
3403,2,5047,5047,0,0,0,0,1.0,1,1.0,1,1.0,1,0.6824398875067132,51
3404,1,5048,5048,0,0,0,0,1.0,1,1.0,1,1.0,1,0.6873903264442527,51
3405,1,5049,5049,0,0,0,0,1.0,1,1.0,1,1.0,1,0.701268328775998,51
3406,2,5051,5051,0,0,0,0,1.0,1,1.0,1,1.0,1,0.6967435204340371,51
3407,2,5053,5053,0,0,0,0,1.0,1,1.0,1,1.0,1,0.6994152274085926,52
3408,0,5053,5053,0,0,0,0,1.0,1,1.0,1,1.0,1,0.7027796021446001,53
3409,2,5055,5055,0,0,0,0,1.0,1,1.0,1,1.0,1,0.6923049363381661,54
3410,1,5056,5056,0,0,0,0,1.0,1,1.0,1,1.0,1,0.6958558178934683,54
3411,2,5058,5058,0,0,0,0,1.0,1,1.0,1,1.0,1,0.676741056613744,54
3412,0,5058,5058,0,0,0,0,1.0,1,1.0,1,1.0,1,0.6810661792624753,55
3413,1,5059,5059,0,0,0,0,1.0,1,1.0,1,1.0,1,0.6721299286334842,55
3414,0,5059,5059,0,0,0,0,1.0,1,1.0,1,1.0,1,0.6830422228682983,55
3415,2,5061,5061,0,0,0,0,1.0,1,1.0,1,1.0,1,0.6568217183563074,56
3416,4,5065,5065,0,0,0,0,1.0,1,1.0,1,1.0,1,0.6304108002567572,55
3417,2,5067,5067,0,0,0,0,1.0,1,1.0,1,1.0,1,0.6150370296920536,56
3418,0,5067,5067,0,0,0,0,1.0,1,1.0,1,1.0,1,0.625132519756412,55
3419,2,5069,5069,0,0,0,0,1.0,1,1.0,1,1.0,1,0.6172916706899576,56
3420,1,5070,5070,0,0,0,0,1.0,1,1.0,1,1.0,1,0.6242678573599019,55
3421,2,5072,5072,0,0,0,0,1.0,1,1.0,1,1.0,1,0.6219652735287414,57
3422,4,5076,5076,0,0,0,0,1.0,1,1.0,1,1.0,1,0.6360418695152749,56
3423,3,5079,5079,0,0,0,0,1.0,1,1.0,1,1.0,1,0.6261624736599429,56
3424,1,5080,5080,0,0,0,0,1.0,1,1.0,1,1.0,1,0.6299435331345143,56
3425,1,5081,5081,0,0,0,0,1.0,1,1.0,1,1.0,1,0.6330298335826906,56
3426,1,5082,5082,0,0,0,0,1.0,1,1.0,1,1.0,1,0.6400391355139886,55
3427,0,5082,5082,0,0,0,0,1.0,1,1.0,1,1.0,1,0.6537003441572976,55
3428,2,5084,5084,0,0,0,0,1.0,1,1.0,1,1.0,1,0.659336761269843,55
3429,1,5085,5085,0,0,0,0,1.0,1,1.0,1,1.0,1,0.6722203119595798,54
3430,1,5086,5086,0,0,0,0,1.0,1,1.0,1,1.0,1,0.6757471231627908,56
3431,0,5086,5086,0,0,0,0,1.0,1,1.0,1,1.0,1,0.668888310123283,54
3432,2,5088,5088,0,0,0,0,1.0,1,1.0,1,1.0,1,0.6676378773111004,56
3433,3,5091,5091,0,0,0,0,1.0,1,1.0,1,1.0,1,0.6810577370877032,53
3434,4,5095,5095,0,0,0,0,1.0,1,1.0,1,1.0,1,0.667828446741261,51
3435,2,5097,5097,0,0,0,0,1.0,1,1.0,1,1.0,1,0.676646979865617,51
3436,5,5102,5102,0,0,0,0,1.0,1,1.0,1,1.0,1,0.6689533763129344,51
3437,3,5105,5105,0,0,0,0,1.0,1,1.0,1,1.0,1,0.6703893694413524,53
3438,1,5106,5106,0,0,0,0,1.0,1,1.0,1,1.0,1,0.6411558543021701,52
3439,2,5108,5108,0,0,0,0,1.0,1,1.0,1,1.0,1,0.6388378477713185,54
3440,2,5110,5110,0,0,0,0,1.0,1,1.0,1,1.0,1,0.6113496814108512,52
3441,1,5111,5111,0,0,0,0,1.0,1,1.0,1,1.0,1,0.6084694866473036,53
3442,3,5114,5114,0,0,0,0,1.0,1,1.0,1,1.0,1,0.5886724079403816,53
3443,1,5115,5115,0,0,0,0,1.0,1,1.0,1,1.0,1,0.5795812715019799,53
3444,1,5116,5116,0,0,0,0,1.0,1,1.0,1,1.0,1,0.5835980309571115,52
3445,2,5118,5118,0,0,0,0,1.0,1,1.0,1,1.0,1,0.5632147542624399,53
3446,0,5118,5118,0,0,0,0,1.0,1,1.0,1,1.0,1,0.5824039514720267,53
3447,1,5119,5119,0,0,0,0,1.0,1,1.0,1,1.0,1,0.5776453738209143,53
3448,1,5120,5120,0,0,0,0,1.0,1,1.0,1,1.0,1,0.5923355980230111,52
3449,3,5123,5123,0,0,0,0,1.0,1,1.0,1,1.0,1,0.594061064789876,52
3450,2,5125,5125,0,0,0,0,1.0,1,1.0,1,1.0,1,0.6078682270278996,52
3451,3,5128,5128,0,0,0,0,1.0,1,1.0,1,1.0,1,0.6152635192561112,54
3452,1,5129,5129,0,0,0,0,1.0,1,1.0,1,1.0,1,0.62519903233614,54
3453,1,5130,5130,0,0,0,0,1.0,1,1.0,1,1.0,1,0.6376470640583217,54
3454,1,5131,5131,0,0,0,0,1.0,1,1.0,1,1.0,1,0.608773679993427,57
3455,0,5131,5131,0,0,0,0,1.0,1,1.0,1,1.0,1,0.608773679993427,57
3456,1,5132,5132,0,0,0,0,1.0,1,1.0,1,1.0,1,0.6161515664964876,58
3457,0,5132,5132,0,0,0,0,1.0,1,1.0,1,1.0,1,0.6241588046636872,57
3458,2,5134,5134,0,0,0,0,1.0,1,1.0,1,1.0,1,0.6064115705583528,57
3459,0,5134,5134,0,0,0,0,1.0,1,1.0,1,1.0,1,0.6064115705583528,57
3460,3,5137,5137,0,0,0,0,1.0,1,1.0,1,1.0,1,0.582893139098214,58
3461,1,5138,5138,0,0,0,0,1.0,1,1.0,1,1.0,1,0.573981393950831,59
3462,2,5140,5140,0,0,0,0,1.0,1,1.0,1,1.0,1,0.5727167023646969,59
3463,5,5145,5145,0,0,0,0,1.0,1,1.0,1,1.0,1,0.5556637507002337,59
3464,2,5147,5147,0,0,0,0,1.0,1,1.0,1,1.0,1,0.5607311437574364,59
3465,3,5150,5150,0,0,0,0,1.0,1,1.0,1,1.0,1,0.5626886728396364,57
3466,6,5156,5156,0,0,0,0,1.0,1,1.0,1,1.0,1,0.5468928644952746,57
3467,2,5158,5158,0,0,0,0,1.0,1,1.0,1,1.0,1,0.5579700673949183,57
3468,3,5161,5161,0,0,0,0,1.0,1,1.0,1,1.0,1,0.5611145100885027,57
3469,5,5166,5166,0,0,0,0,1.0,1,1.0,1,1.0,1,0.5556930988712026,53
3470,4,5170,5170,0,0,0,0,1.0,1,1.0,1,1.0,1,0.5684600164486439,50
3471,4,5174,5174,0,0,0,0,1.0,1,1.0,1,1.0,1,0.5721986374026289,49
3472,2,5176,5176,0,0,0,0,1.0,1,1.0,1,1.0,1,0.563208435094228,47
3473,2,5178,5178,0,0,0,0,1.0,1,1.0,1,1.0,1,0.5516257437215027,45
3474,3,5181,5181,0,0,0,0,1.0,1,1.0,1,1.0,1,0.5441735719337568,42
3475,4,5185,5185,0,0,0,0,1.0,1,1.0,1,1.0,1,0.6308927463815908,43
3476,2,5187,5187,0,0,0,0,1.0,1,1.0,1,1.0,1,0.606864484461461,41
3477,3,5190,5190,0,0,0,0,1.0,1,1.0,1,1.0,1,0.5812210916570586,42
3478,3,5193,5193,0,0,0,0,1.0,1,1.0,1,1.0,1,0.6231015186548466,40
3479,1,5194,5194,0,0,0,0,1.0,1,1.0,1,1.0,1,0.6014612024946797,40
3480,1,5195,5195,0,0,0,0,1.0,1,1.0,1,1.0,1,0.618256866820084,40
3481,1,5196,5196,0,0,0,0,1.0,1,1.0,1,1.0,1,0.6171277436609242,40
3482,0,5196,5196,0,0,0,0,1.0,1,1.0,1,1.0,1,0.6171277436609242,40
3483,1,5197,5197,0,0,0,0,1.0,1,1.0,1,1.0,1,0.6435636204610039,39
3484,1,5198,5198,0,0,0,0,1.0,1,1.0,1,1.0,1,0.6297517467071184,39
3485,0,5198,5198,0,0,0,0,1.0,1,1.0,1,1.0,1,0.6376797520890198,40
3486,0,5198,5198,0,0,0,0,1.0,1,1.0,1,1.0,1,0.6364038938951351,41
3487,1,5199,5199,0,0,0,0,1.0,1,1.0,1,1.0,1,0.6571966127721363,41
3488,2,5201,5201,0,0,0,0,1.0,1,1.0,1,1.0,1,0.6457906479648897,42
3489,1,5202,5202,0,0,0,0,1.0,1,1.0,1,1.0,1,0.6319620658333047,44
3490,0,5202,5202,0,0,0,0,1.0,1,1.0,1,1.0,1,0.6319620658333047,44
3491,1,5203,5203,0,0,0,0,1.0,1,1.0,1,1.0,1,0.6424640557512529,45
3492,1,5204,5204,0,0,0,0,1.0,1,1.0,1,1.0,1,0.6374949684080904,45
3493,2,5206,5206,0,0,0,0,1.0,1,1.0,1,1.0,1,0.6358283355883645,45
3494,0,5206,5206,0,0,0,0,1.0,1,1.0,1,1.0,1,0.6358283355883645,45
3495,1,5207,5207,0,0,0,0,1.0,1,1.0,1,1.0,1,0.6312710788936414,45
3496,1,5208,5208,0,0,0,0,1.0,1,1.0,1,1.0,1,0.6298547031395433,46
3497,0,5208,5208,0,0,0,0,1.0,1,1.0,1,1.0,1,0.6259319561741824,47
3498,2,5210,5210,0,0,0,0,1.0,1,1.0,1,1.0,1,0.6325248521000714,48
3499,1,5211,5211,0,0,0,0,1.0,1,1.0,1,1.0,1,0.6508504490185174,47
3500,2,5213,5213,0,0,0,0,1.0,1,1.0,1,1.0,1,0.6257248899638496,50
3501,2,5215,5215,0,0,0,0,1.0,1,1.0,1,1.0,1,0.6270371896591288,50
3502,2,5217,5217,0,0,0,0,1.0,1,1.0,1,1.0,1,0.6385523799233812,50
3503,1,5218,5218,0,0,0,0,1.0,1,1.0,1,1.0,1,0.6502389994344551,50
3504,2,5220,5220,0,0,0,0,1.0,1,1.0,1,1.0,1,0.6905550323301947,47
3505,0,5220,5220,0,0,0,0,1.0,1,1.0,1,1.0,1,0.6948876401237726,48
3506,2,5222,5222,0,0,0,0,1.0,1,1.0,1,1.0,1,0.719762013459115,49
3507,2,5224,5224,0,0,0,0,1.0,1,1.0,1,1.0,1,0.7155090264920305,46
3508,0,5224,5224,0,0,0,0,1.0,1,1.0,1,1.0,1,0.718940161248294,47
3509,1,5225,5225,0,0,0,0,1.0,1,1.0,1,1.0,1,0.7354891297488235,44
3510,1,5226,5226,0,0,0,0,1.0,1,1.0,1,1.0,1,0.741874962775068,45
3511,3,5229,5229,0,0,0,0,1.0,1,1.0,1,1.0,1,0.7830034618486679,44
3512,0,5229,5229,0,0,0,0,1.0,1,1.0,1,1.0,1,0.778531891680558,42
3513,0,5229,5229,0,0,0,0,1.0,1,1.0,1,1.0,1,0.778531891680558,42
3514,0,5229,5229,0,0,0,0,1.0,1,1.0,1,1.0,1,0.7731250973878739,42
3515,0,5229,5229,0,0,0,0,1.0,1,1.0,1,1.0,1,0.7731250973878739,42
3516,1,5230,5230,0,0,0,0,1.0,1,1.0,1,1.0,1,0.7666687729046203,41
3517,0,5230,5230,0,0,0,0,1.0,1,1.0,1,1.0,1,0.7559360380216857,44
3518,4,5234,5234,0,0,0,0,1.0,1,1.0,1,1.0,1,0.7169245011472453,43
3519,0,5234,5234,0,0,0,0,1.0,1,1.0,1,1.0,1,0.7156510754263954,44
3520,0,5234,5234,0,0,0,0,1.0,1,1.0,1,1.0,1,0.7199017007557891,45
3521,0,5234,5234,0,0,0,0,1.0,1,1.0,1,1.0,1,0.7199017007557891,45
3522,1,5235,5235,0,0,0,0,1.0,1,1.0,1,1.0,1,0.7170608353124388,46
3523,0,5235,5235,0,0,0,0,1.0,1,1.0,1,1.0,1,0.7170608353124388,46
3524,1,5236,5236,0,0,0,0,1.0,1,1.0,1,1.0,1,0.6952731773385327,47
3525,0,5236,5236,0,0,0,0,1.0,1,1.0,1,1.0,1,0.7104951230837551,48
3526,2,5238,5238,0,0,0,0,1.0,1,1.0,1,1.0,1,0.6870123305134269,49
3527,2,5240,5240,0,0,0,0,1.0,1,1.0,1,1.0,1,0.7148215385956959,49
3528,2,5242,5242,0,0,0,0,1.0,1,1.0,1,1.0,1,0.7030870259495159,51
3529,0,5242,5242,0,0,0,0,1.0,1,1.0,1,1.0,1,0.7030870259495159,51
3530,2,5244,5244,0,0,0,0,1.0,1,1.0,1,1.0,1,0.684736957770636,52
3531,0,5244,5244,0,0,0,0,1.0,1,1.0,1,1.0,1,0.684736957770636,52
3532,1,5245,5245,0,0,0,0,1.0,1,1.0,1,1.0,1,0.677969536903488,52
3533,0,5245,5245,0,0,0,0,1.0,1,1.0,1,1.0,1,0.677969536903488,52
3534,2,5247,5247,0,0,0,0,1.0,1,1.0,1,1.0,1,0.6623702760407588,52
3535,0,5247,5247,0,0,0,0,1.0,1,1.0,1,1.0,1,0.6623702760407588,52
3536,0,5247,5247,0,0,0,0,1.0,1,1.0,1,1.0,1,0.6667242947091249,54
3537,0,5247,5247,0,0,0,0,1.0,1,1.0,1,1.0,1,0.662810731308153,55
3538,1,5248,5248,0,0,0,0,1.0,1,1.0,1,1.0,1,0.6529628111475608,55
3539,2,5250,5250,0,0,0,0,1.0,1,1.0,1,1.0,1,0.627256875456138,58
3540,2,5252,5252,0,0,0,0,1.0,1,1.0,1,1.0,1,0.6200068420283131,59
3541,1,5253,5253,0,0,0,0,1.0,1,1.0,1,1.0,1,0.6156755086626942,59
3542,2,5255,5255,0,0,0,0,1.0,1,1.0,1,1.0,1,0.618190333376545,61
3543,4,5259,5259,0,0,0,0,1.0,1,1.0,1,1.0,1,0.6506050959498647,62
3544,3,5262,5262,0,0,0,0,1.0,1,1.0,1,1.0,1,0.6561785031237515,59
3545,4,5266,5266,0,0,0,0,1.0,1,1.0,1,1.0,1,0.6700958815380053,59
3546,1,5267,5267,0,0,0,0,1.0,1,1.0,1,1.0,1,0.6760611018014187,57
3547,3,5270,5270,0,0,0,0,1.0,1,1.0,1,1.0,1,0.693043475391652,53
3548,1,5271,5271,0,0,0,0,1.0,1,1.0,1,1.0,1,0.6960661695565151,53
3549,0,5271,5271,0,0,0,0,1.0,1,1.0,1,1.0,1,0.6967921593661432,52
3550,2,5273,5273,0,0,0,0,1.0,1,1.0,1,1.0,1,0.7216576201110944,51
3551,0,5273,5273,0,0,0,0,1.0,1,1.0,1,1.0,1,0.7261283225966567,51
3552,0,5273,5273,0,0,0,0,1.0,1,1.0,1,1.0,1,0.7342413102814435,51
3553,0,5273,5273,0,0,0,0,1.0,1,1.0,1,1.0,1,0.7397413853962046,49
3554,0,5273,5273,0,0,0,0,1.0,1,1.0,1,1.0,1,0.7397413853962046,49
3555,0,5273,5273,0,0,0,0,1.0,1,1.0,1,1.0,1,0.7405746444138877,51
3556,3,5276,5276,0,0,0,0,1.0,1,1.0,1,1.0,1,0.7147644356661687,51
3557,1,5277,5277,0,0,0,0,1.0,1,1.0,1,1.0,1,0.7189741967777192,52
3558,3,5280,5280,0,0,0,0,1.0,1,1.0,1,1.0,1,0.7262998538442585,52
3559,2,5282,5282,0,0,0,0,1.0,1,1.0,1,1.0,1,0.7320772716211583,52
3560,2,5284,5284,0,0,0,0,1.0,1,1.0,1,1.0,1,0.7134685219733375,53
3561,1,5285,5285,0,0,0,0,1.0,1,1.0,1,1.0,1,0.7198009277428026,54
3562,2,5287,5287,0,0,0,0,1.0,1,1.0,1,1.0,1,0.7280210930975224,54
3563,2,5289,5289,0,0,0,0,1.0,1,1.0,1,1.0,1,0.7258060814727593,55
3564,0,5289,5289,0,0,0,0,1.0,1,1.0,1,1.0,1,0.7106908064675287,57
3565,0,5289,5289,0,0,0,0,1.0,1,1.0,1,1.0,1,0.7199401219421994,56
3566,0,5289,5289,0,0,0,0,1.0,1,1.0,1,1.0,1,0.7234132976600557,57
3567,2,5291,5291,0,0,0,0,1.0,1,1.0,1,1.0,1,0.7370588921679275,57
3568,0,5291,5291,0,0,0,0,1.0,1,1.0,1,1.0,1,0.7370588921679275,57
3569,0,5291,5291,0,0,0,0,1.0,1,1.0,1,1.0,1,0.7370588921679275,57
3570,1,5292,5292,0,0,0,0,1.0,1,1.0,1,1.0,1,0.7275406536493414,59
3571,1,5293,5293,0,0,0,0,1.0,1,1.0,1,1.0,1,0.7087735048091417,60
3572,0,5293,5293,0,0,0,0,1.0,1,1.0,1,1.0,1,0.7058554092528346,61
3573,0,5293,5293,0,0,0,0,1.0,1,1.0,1,1.0,1,0.7079771583564559,62
3574,0,5293,5293,0,0,0,0,1.0,1,1.0,1,1.0,1,0.6954407312774288,63
3575,1,5294,5294,0,0,0,0,1.0,1,1.0,1,1.0,1,0.6844434150221338,63
3576,0,5294,5294,0,0,0,0,1.0,1,1.0,1,1.0,1,0.6844434150221338,63
3577,0,5294,5294,0,0,0,0,1.0,1,1.0,1,1.0,1,0.6699815410089028,64
3578,2,5296,5296,0,0,0,0,1.0,1,1.0,1,1.0,1,0.6547767591778416,64
3579,1,5297,5297,0,0,0,0,1.0,1,1.0,1,1.0,1,0.6477199726047836,64
3580,2,5299,5299,0,0,0,0,1.0,1,1.0,1,1.0,1,0.6494005262608741,65
3581,0,5299,5299,0,0,0,0,1.0,1,1.0,1,1.0,1,0.6419305717818378,68
3582,3,5302,5302,0,0,0,0,1.0,1,1.0,1,1.0,1,0.6729106362632826,68
3583,3,5305,5305,0,0,0,0,1.0,1,1.0,1,1.0,1,0.6727262273262773,65
3584,6,5311,5311,0,0,0,0,1.0,1,1.0,1,1.0,1,0.6779344513202739,64
3585,2,5313,5313,0,0,0,0,1.0,1,1.0,1,1.0,1,0.651434583721351,64
3586,6,5319,5319,0,0,0,0,1.0,1,1.0,1,1.0,1,0.6653641601597553,65
3587,2,5321,5321,0,0,0,0,1.0,1,1.0,1,1.0,1,0.6494397053289553,64
3588,4,5325,5325,0,0,0,0,1.0,1,1.0,1,1.0,1,0.6416898557709829,62
3589,5,5330,5330,0,0,0,0,1.0,1,1.0,1,1.0,1,0.6439058095702872,63
3590,1,5331,5331,0,0,0,0,1.0,1,1.0,1,1.0,1,0.648673007964831,63
3591,3,5334,5334,0,0,0,0,1.0,1,1.0,1,1.0,1,0.6609391351847603,62
3592,2,5336,5336,0,0,0,0,1.0,1,1.0,1,1.0,1,0.669655804981142,59
3593,0,5336,5336,0,0,0,0,1.0,1,1.0,1,1.0,1,0.6668203380096546,58
3594,1,5337,5337,0,0,0,0,1.0,1,1.0,1,1.0,1,0.6802543195835777,57
3595,4,5341,5341,0,0,0,0,1.0,1,1.0,1,1.0,1,0.6588315027909034,59
3596,2,5343,5343,0,0,0,0,1.0,1,1.0,1,1.0,1,0.6506028975948609,57
3597,1,5344,5344,0,0,0,0,1.0,1,1.0,1,1.0,1,0.6513939482703931,57
3598,1,5345,5345,0,0,0,0,1.0,1,1.0,1,1.0,1,0.6550955393875609,57
3599,1,5346,5346,0,0,0,0,1.0,1,1.0,1,1.0,1,0.6509094850010875,58
3600,0,5346,5346,0,0,0,0,1.0,1,1.0,1,1.0,1,0.650310076020646,58
3601,1,5347,5347,0,0,0,0,1.0,1,1.0,1,1.0,1,0.6553384666444095,58
3602,0,5347,5347,0,0,0,0,1.0,1,1.0,1,1.0,1,0.6380532916056338,60
3603,0,5347,5347,0,0,0,0,1.0,1,1.0,1,1.0,1,0.6380532916056338,60
3604,0,5347,5347,0,0,0,0,1.0,1,1.0,1,1.0,1,0.6380532916056338,60
3605,0,5347,5347,0,0,0,0,1.0,1,1.0,1,1.0,1,0.6429804102784612,61
3606,2,5349,5349,0,0,0,0,1.0,1,1.0,1,1.0,1,0.6439590026086831,63
3607,0,5349,5349,0,0,0,0,1.0,1,1.0,1,1.0,1,0.6439590026086831,63
3608,0,5349,5349,0,0,0,0,1.0,1,1.0,1,1.0,1,0.6467696947113208,64
3609,2,5351,5351,0,0,0,0,1.0,1,1.0,1,1.0,1,0.6312408179825357,66
3610,2,5353,5353,0,0,0,0,1.0,1,1.0,1,1.0,1,0.6326733924192064,67
3611,3,5356,5356,0,0,0,0,1.0,1,1.0,1,1.0,1,0.6425879571172269,67
3612,2,5358,5358,0,0,0,0,1.0,1,1.0,1,1.0,1,0.6549760124251034,66
3613,1,5359,5359,0,0,0,0,1.0,1,1.0,1,1.0,1,0.6491789550573226,66
3614,3,5362,5362,0,0,0,0,1.0,1,1.0,1,1.0,1,0.6541773747039052,65
3615,0,5362,5362,0,0,0,0,1.0,1,1.0,1,1.0,1,0.6534267677953367,65
3616,3,5365,5365,0,0,0,0,1.0,1,1.0,1,1.0,1,0.6471458054981291,65
3617,1,5366,5366,0,0,0,0,1.0,1,1.0,1,1.0,1,0.6368186971855876,66
3618,3,5369,5369,0,0,0,0,1.0,1,1.0,1,1.0,1,0.6263369118363854,66
3619,2,5371,5371,0,0,0,0,1.0,1,1.0,1,1.0,1,0.6289172365298659,65
3620,5,5376,5376,0,0,0,0,1.0,1,1.0,1,1.0,1,0.604854029862147,66
3621,4,5380,5380,0,0,0,0,1.0,1,1.0,1,1.0,1,0.5780334060644496,65
3622,2,5382,5382,0,0,0,0,1.0,1,1.0,1,1.0,1,0.570472653225342,65
3623,4,5386,5386,0,0,0,0,1.0,1,1.0,1,1.0,1,0.5578971990740557,62
3624,3,5389,5389,0,0,0,0,1.0,1,1.0,1,1.0,1,0.553024358058827,62
3625,4,5393,5393,0,0,0,0,1.0,1,1.0,1,1.0,1,0.5665751187463792,61
3626,4,5397,5397,0,0,0,0,1.0,1,1.0,1,1.0,1,0.560176945124171,58
3627,6,5403,5403,0,0,0,0,1.0,1,1.0,1,1.0,1,0.5707836266684224,58
3628,3,5406,5406,0,0,0,0,1.0,1,1.0,1,1.0,1,0.5569519551134152,57
3629,3,5409,5409,0,0,0,0,1.0,1,1.0,1,1.0,1,0.5552090043961749,57
3630,2,5411,5411,0,0,0,0,1.0,1,1.0,1,1.0,1,0.5267060682870207,56
3631,3,5414,5414,0,0,0,0,1.0,1,1.0,1,1.0,1,0.5226077415410688,54
3632,2,5416,5416,0,0,0,0,1.0,1,1.0,1,1.0,1,0.5318105300688886,52
3633,1,5417,5417,0,0,0,0,1.0,1,1.0,1,1.0,1,0.5539644065698378,52
3634,2,5419,5419,0,0,0,0,1.0,1,1.0,1,1.0,1,0.5706360297210257,49
3635,0,5419,5419,0,0,0,0,1.0,1,1.0,1,1.0,1,0.5777674069654013,47
3636,0,5419,5419,0,0,0,0,1.0,1,1.0,1,1.0,1,0.5827492970647549,48
3637,3,5422,5422,0,0,0,0,1.0,1,1.0,1,1.0,1,0.6113389159200534,49
3638,0,5422,5422,0,0,0,0,1.0,1,1.0,1,1.0,1,0.6110426331975297,50
3639,2,5424,5424,0,0,0,0,1.0,1,1.0,1,1.0,1,0.6282014545060068,52
3640,0,5424,5424,0,0,0,0,1.0,1,1.0,1,1.0,1,0.6282014545060068,52
3641,0,5424,5424,0,0,0,0,1.0,1,1.0,1,1.0,1,0.6282014545060068,52
3642,0,5424,5424,0,0,0,0,1.0,1,1.0,1,1.0,1,0.6282014545060068,52
3643,0,5424,5424,0,0,0,0,1.0,1,1.0,1,1.0,1,0.6282014545060068,52
3644,1,5425,5425,0,0,0,0,1.0,1,1.0,1,1.0,1,0.6195382249877636,52
3645,1,5426,5426,0,0,0,0,1.0,1,1.0,1,1.0,1,0.5984201066108132,53
3646,0,5426,5426,0,0,0,0,1.0,1,1.0,1,1.0,1,0.5984201066108132,53
3647,0,5426,5426,0,0,0,0,1.0,1,1.0,1,1.0,1,0.5993725509344875,55
3648,0,5426,5426,0,0,0,0,1.0,1,1.0,1,1.0,1,0.5958311140808317,57
3649,3,5429,5429,0,0,0,0,1.0,1,1.0,1,1.0,1,0.5848123832190871,57
3650,0,5429,5429,0,0,0,0,1.0,1,1.0,1,1.0,1,0.5912262069186052,59
3651,2,5431,5431,0,0,0,0,1.0,1,1.0,1,1.0,1,0.5841055453813628,59
3652,0,5431,5431,0,0,0,0,1.0,1,1.0,1,1.0,1,0.5841055453813628,59
3653,0,5431,5431,0,0,0,0,1.0,1,1.0,1,1.0,1,0.5841055453813628,59
3654,0,5431,5431,0,0,0,0,1.0,1,1.0,1,1.0,1,0.5841055453813628,59
3655,0,5431,5431,0,0,0,0,1.0,1,1.0,1,1.0,1,0.5765221612733892,62
3656,1,5432,5432,0,0,0,0,1.0,1,1.0,1,1.0,1,0.5833144911905034,62
3657,1,5433,5433,0,0,0,0,1.0,1,1.0,1,1.0,1,0.5933423389726709,63
3658,5,5438,5438,0,0,0,0,1.0,1,1.0,1,1.0,1,0.5886870988716657,63
3659,2,5440,5440,0,0,0,0,1.0,1,1.0,1,1.0,1,0.5959767963857774,62
3660,3,5443,5443,0,0,0,0,1.0,1,1.0,1,1.0,1,0.6096196481649804,62
3661,1,5444,5444,0,0,0,0,1.0,1,1.0,1,1.0,1,0.6109536013334542,61
3662,2,5446,5446,0,0,0,0,1.0,1,1.0,1,1.0,1,0.6257576969767924,60
3663,4,5450,5450,0,0,0,0,1.0,1,1.0,1,1.0,1,0.631453308620266,61
3664,0,5450,5450,0,0,0,0,1.0,1,1.0,1,1.0,1,0.6289911479609173,58
3665,5,5455,5455,0,0,0,0,1.0,1,1.0,1,1.0,1,0.6571146467240303,58
3666,0,5455,5455,0,0,0,0,1.0,1,1.0,1,1.0,1,0.6445404148424687,58
3667,4,5459,5459,0,0,0,0,1.0,1,1.0,1,1.0,1,0.6468910086567372,58
3668,1,5460,5460,0,0,0,0,1.0,1,1.0,1,1.0,1,0.6516824817945264,58
3669,1,5461,5461,0,0,0,0,1.0,1,1.0,1,1.0,1,0.6531112113396113,57
3670,0,5461,5461,0,0,0,0,1.0,1,1.0,1,1.0,1,0.6546900560671434,56
3671,0,5461,5461,0,0,0,0,1.0,1,1.0,1,1.0,1,0.654949035319826,57
3672,0,5461,5461,0,0,0,0,1.0,1,1.0,1,1.0,1,0.654949035319826,57
3673,0,5461,5461,0,0,0,0,1.0,1,1.0,1,1.0,1,0.6455185141686584,58
3674,0,5461,5461,0,0,0,0,1.0,1,1.0,1,1.0,1,0.6545497250368874,57
3675,0,5461,5461,0,0,0,0,1.0,1,1.0,1,1.0,1,0.654808699331184,58
3676,1,5462,5462,0,0,0,0,1.0,1,1.0,1,1.0,1,0.6490838539660493,59
3677,0,5462,5462,0,0,0,0,1.0,1,1.0,1,1.0,1,0.6407189022336036,60
3678,0,5462,5462,0,0,0,0,1.0,1,1.0,1,1.0,1,0.6498488155000007,62
3679,0,5462,5462,0,0,0,0,1.0,1,1.0,1,1.0,1,0.6498488155000007,62
3680,0,5462,5462,0,0,0,0,1.0,1,1.0,1,1.0,1,0.6364608876169273,63
3681,0,5462,5462,0,0,0,0,1.0,1,1.0,1,1.0,1,0.640036066833243,64
3682,0,5462,5462,0,0,0,0,1.0,1,1.0,1,1.0,1,0.640036066833243,64
3683,0,5462,5462,0,0,0,0,1.0,1,1.0,1,1.0,1,0.640036066833243,64
3684,1,5463,5463,0,0,0,0,1.0,1,1.0,1,1.0,1,0.6513942895195659,64
3685,0,5463,5463,0,0,0,0,1.0,1,1.0,1,1.0,1,0.6513942895195659,64
3686,0,5463,5463,0,0,0,0,1.0,1,1.0,1,1.0,1,0.6436453793051526,65
3687,0,5463,5463,0,0,0,0,1.0,1,1.0,1,1.0,1,0.6436453793051526,65
3688,0,5463,5463,0,0,0,0,1.0,1,1.0,1,1.0,1,0.6478218789597676,66
3689,0,5463,5463,0,0,0,0,1.0,1,1.0,1,1.0,1,0.6478218789597676,66
3690,0,5463,5463,0,0,0,0,1.0,1,1.0,1,1.0,1,0.6511523982506835,67
3691,1,5464,5464,0,0,0,0,1.0,1,1.0,1,1.0,1,0.6476736890912057,68
3692,0,5464,5464,0,0,0,0,1.0,1,1.0,1,1.0,1,0.6422234222525638,69
3693,1,5465,5465,0,0,0,0,1.0,1,1.0,1,1.0,1,0.6431757821630841,69
3694,4,5469,5469,0,0,0,0,1.0,1,1.0,1,1.0,1,0.6661343162895516,70
3695,1,5470,5470,0,0,0,0,1.0,1,1.0,1,1.0,1,0.6739460208131081,70
3696,3,5473,5473,0,0,0,0,1.0,1,1.0,1,1.0,1,0.6806933555951723,71
3697,3,5476,5476,0,0,0,0,1.0,1,1.0,1,1.0,1,0.6942897631774343,70
3698,0,5476,5476,0,0,0,0,1.0,1,1.0,1,1.0,1,0.693319087950744,70
3699,1,5477,5477,0,0,0,0,1.0,1,1.0,1,1.0,1,0.6897320027186177,70
3700,1,5478,5478,0,0,0,0,1.0,1,1.0,1,1.0,1,0.6908782271524055,68
3701,1,5479,5479,0,0,0,0,1.0,1,1.0,1,1.0,1,0.6992063339740068,69
3702,1,5480,5480,0,0,0,0,1.0,1,1.0,1,1.0,1,0.6945236475187508,69
3703,1,5481,5481,0,0,0,0,1.0,1,1.0,1,1.0,1,0.7052988497422527,70
3704,1,5482,5482,0,0,0,0,1.0,1,1.0,1,1.0,1,0.7100135458647491,69
3705,3,5485,5485,0,0,0,0,1.0,1,1.0,1,1.0,1,0.6973594159860723,69
3706,1,5486,5486,0,0,0,0,1.0,1,1.0,1,1.0,1,0.6949071665900819,69
3707,2,5488,5488,0,0,0,0,1.0,1,1.0,1,1.0,1,0.6949373196068687,67
3708,1,5489,5489,0,0,0,0,1.0,1,1.0,1,1.0,1,0.6786177129425924,67
3709,2,5491,5491,0,0,0,0,1.0,1,1.0,1,1.0,1,0.6708643967240008,67
3710,0,5491,5491,0,0,0,0,1.0,1,1.0,1,1.0,1,0.6698205620011431,67
3711,2,5493,5493,0,0,0,0,1.0,1,1.0,1,1.0,1,0.6656516171193309,68
3712,0,5493,5493,0,0,0,0,1.0,1,1.0,1,1.0,1,0.6656516171193309,68
3713,3,5496,5496,0,0,0,0,1.0,1,1.0,1,1.0,1,0.6619037266057558,68
3714,0,5496,5496,0,0,0,0,1.0,1,1.0,1,1.0,1,0.6719608242760049,67
3715,2,5498,5498,0,0,0,0,1.0,1,1.0,1,1.0,1,0.6636378407098786,68
3716,1,5499,5499,0,0,0,0,1.0,1,1.0,1,1.0,1,0.6643991945774219,67
3717,1,5500,5500,0,0,0,0,1.0,1,1.0,1,1.0,1,0.6660858473106807,68
3718,1,5501,5501,0,0,0,0,1.0,1,1.0,1,1.0,1,0.6695030615871805,68
3719,1,5502,5502,0,0,0,0,1.0,1,1.0,1,1.0,1,0.6918370749695129,68
3720,0,5502,5502,0,0,0,0,1.0,1,1.0,1,1.0,1,0.6918370749695129,68
3721,3,5505,5505,0,0,0,0,1.0,1,1.0,1,1.0,1,0.6849410424724178,70
3722,1,5506,5506,0,0,0,0,1.0,1,1.0,1,1.0,1,0.6825118142129851,71
3723,2,5508,5508,0,0,0,0,1.0,1,1.0,1,1.0,1,0.6906551826098845,71
3724,1,5509,5509,0,0,0,0,1.0,1,1.0,1,1.0,1,0.6864145211696145,72
3725,2,5511,5511,0,0,0,0,1.0,1,1.0,1,1.0,1,0.6892460237983431,72
3726,0,5511,5511,0,0,0,0,1.0,1,1.0,1,1.0,1,0.6896692695015108,71
3727,0,5511,5511,0,0,0,0,1.0,1,1.0,1,1.0,1,0.6896692695015108,71
3728,0,5511,5511,0,0,0,0,1.0,1,1.0,1,1.0,1,0.6957366807535829,70
3729,0,5511,5511,0,0,0,0,1.0,1,1.0,1,1.0,1,0.6957366807535829,70
3730,0,5511,5511,0,0,0,0,1.0,1,1.0,1,1.0,1,0.6990753907120397,71
3731,0,5511,5511,0,0,0,0,1.0,1,1.0,1,1.0,1,0.6990753907120397,71
3732,2,5513,5513,0,0,0,0,1.0,1,1.0,1,1.0,1,0.6965130237649094,72
3733,1,5514,5514,0,0,0,0,1.0,1,1.0,1,1.0,1,0.7016197930725574,73
3734,2,5516,5516,0,0,0,0,1.0,1,1.0,1,1.0,1,0.7083813010453525,74
3735,1,5517,5517,0,0,0,0,1.0,1,1.0,1,1.0,1,0.7078472260991987,72
3736,2,5519,5519,0,0,0,0,1.0,1,1.0,1,1.0,1,0.7005973597938923,72
3737,1,5520,5520,0,0,0,0,1.0,1,1.0,1,1.0,1,0.6985094802567493,73
3738,5,5525,5525,0,0,0,0,1.0,1,1.0,1,1.0,1,0.675596264230239,72
3739,2,5527,5527,0,0,0,0,1.0,1,1.0,1,1.0,1,0.6491937732793233,73
3740,2,5529,5529,0,0,0,0,1.0,1,1.0,1,1.0,1,0.6452194817722775,70
3741,4,5533,5533,0,0,0,0,1.0,1,1.0,1,1.0,1,0.6188709113187144,70
3742,1,5534,5534,0,0,0,0,1.0,1,1.0,1,1.0,1,0.6223639329181309,70
3743,3,5537,5537,0,0,0,0,1.0,1,1.0,1,1.0,1,0.6432012262035471,69
3744,6,5543,5543,0,0,0,0,1.0,1,1.0,1,1.0,1,0.6539679984929934,69
3745,1,5544,5544,0,0,0,0,1.0,1,1.0,1,1.0,1,0.6589977030436973,68
3746,2,5546,5546,0,0,0,0,1.0,1,1.0,1,1.0,1,0.6770403466586298,66
3747,2,5548,5548,0,0,0,0,1.0,1,1.0,1,1.0,1,0.66738636010156,66
3748,3,5551,5551,0,0,0,0,1.0,1,1.0,1,1.0,1,0.6483423841017638,65
3749,3,5554,5554,0,0,0,0,1.0,1,1.0,1,1.0,1,0.6464037551319572,64
3750,2,5556,5556,0,0,0,0,1.0,1,1.0,1,1.0,1,0.665093089588717,63
3751,2,5558,5558,0,0,0,0,1.0,1,1.0,1,1.0,1,0.6456698501691597,64
3752,3,5561,5561,0,0,0,0,1.0,1,1.0,1,1.0,1,0.6458633474869515,64
3753,0,5561,5561,0,0,0,0,1.0,1,1.0,1,1.0,1,0.6529360731907299,65
3754,2,5563,5563,0,0,0,0,1.0,1,1.0,1,1.0,1,0.6394567870580614,65
3755,0,5563,5563,0,0,0,0,1.0,1,1.0,1,1.0,1,0.6515277417970697,65
3756,0,5563,5563,0,0,0,0,1.0,1,1.0,1,1.0,1,0.6581493026027789,65
3757,2,5565,5565,0,0,0,0,1.0,1,1.0,1,1.0,1,0.6567908851354559,65
3758,0,5565,5565,0,0,0,0,1.0,1,1.0,1,1.0,1,0.6651661306052356,64
3759,3,5568,5568,0,0,0,0,1.0,1,1.0,1,1.0,1,0.6636382918025612,64
3760,0,5568,5568,0,0,0,0,1.0,1,1.0,1,1.0,1,0.6852131895463636,63
3761,1,5569,5569,0,0,0,0,1.0,1,1.0,1,1.0,1,0.6809301749746023,63
3762,1,5570,5570,0,0,0,0,1.0,1,1.0,1,1.0,1,0.6678224037485051,65
3763,0,5570,5570,0,0,0,0,1.0,1,1.0,1,1.0,1,0.6678224037485051,65
3764,2,5572,5572,0,0,0,0,1.0,1,1.0,1,1.0,1,0.664886930180615,66
3765,2,5574,5574,0,0,0,0,1.0,1,1.0,1,1.0,1,0.6640074566055952,67
3766,2,5576,5576,0,0,0,0,1.0,1,1.0,1,1.0,1,0.6569607168163475,67
3767,0,5576,5576,0,0,0,0,1.0,1,1.0,1,1.0,1,0.6494685725917237,68
3768,4,5580,5580,0,0,0,0,1.0,1,1.0,1,1.0,1,0.6603740890815397,67
3769,0,5580,5580,0,0,0,0,1.0,1,1.0,1,1.0,1,0.6466152902754072,69
3770,3,5583,5583,0,0,0,0,1.0,1,1.0,1,1.0,1,0.6538965833457313,69
3771,2,5585,5585,0,0,0,0,1.0,1,1.0,1,1.0,1,0.6505944262519305,69
3772,2,5587,5587,0,0,0,0,1.0,1,1.0,1,1.0,1,0.6658422354303096,70
3773,2,5589,5589,0,0,0,0,1.0,1,1.0,1,1.0,1,0.672532317750979,68
3774,3,5592,5592,0,0,0,0,1.0,1,1.0,1,1.0,1,0.6829178456571595,68
3775,2,5594,5594,0,0,0,0,1.0,1,1.0,1,1.0,1,0.7017932932716993,68
3776,2,5596,5596,0,0,0,0,1.0,1,1.0,1,1.0,1,0.7120524881803773,66
3777,2,5598,5598,0,0,0,0,1.0,1,1.0,1,1.0,1,0.7158600186362786,65
3778,3,5601,5601,0,0,0,0,1.0,1,1.0,1,1.0,1,0.6901473249052575,65
3779,1,5602,5602,0,0,0,0,1.0,1,1.0,1,1.0,1,0.7017053143634677,65
3780,3,5605,5605,0,0,0,0,1.0,1,1.0,1,1.0,1,0.683592393711898,64
3781,2,5607,5607,0,0,0,0,1.0,1,1.0,1,1.0,1,0.6722673067419533,64
3782,0,5607,5607,0,0,0,0,1.0,1,1.0,1,1.0,1,0.6662969274522312,67
3783,2,5609,5609,0,0,0,0,1.0,1,1.0,1,1.0,1,0.665835875653857,65
3784,1,5610,5610,0,0,0,0,1.0,1,1.0,1,1.0,1,0.670502959265514,65
3785,1,5611,5611,0,0,0,0,1.0,1,1.0,1,1.0,1,0.6835185592704379,63
3786,2,5613,5613,0,0,0,0,1.0,1,1.0,1,1.0,1,0.6783397374108533,66
3787,1,5614,5614,0,0,0,0,1.0,1,1.0,1,1.0,1,0.6805459153575275,65
3788,1,5615,5615,0,0,0,0,1.0,1,1.0,1,1.0,1,0.677965538550889,65
3789,0,5615,5615,0,0,0,0,1.0,1,1.0,1,1.0,1,0.6802292095502992,65
3790,0,5615,5615,0,0,0,0,1.0,1,1.0,1,1.0,1,0.6856957821518864,64
3791,2,5617,5617,0,0,0,0,1.0,1,1.0,1,1.0,1,0.6794442345674017,64
3792,4,5621,5621,0,0,0,0,1.0,1,1.0,1,1.0,1,0.6599536182287039,65
3793,1,5622,5622,0,0,0,0,1.0,1,1.0,1,1.0,1,0.6614218741436043,68
3794,2,5624,5624,0,0,0,0,1.0,1,1.0,1,1.0,1,0.6485730800458471,68
3795,0,5624,5624,0,0,0,0,1.0,1,1.0,1,1.0,1,0.6440804293107218,69
3796,2,5626,5626,0,0,0,0,1.0,1,1.0,1,1.0,1,0.6353637983049988,69
3797,2,5628,5628,0,0,0,0,1.0,1,1.0,1,1.0,1,0.6309912430984894,70
3798,1,5629,5629,0,0,0,0,1.0,1,1.0,1,1.0,1,0.6244965304525493,70
3799,2,5631,5631,0,0,0,0,1.0,1,1.0,1,1.0,1,0.6328862024126861,69
3800,0,5631,5631,0,0,0,0,1.0,1,1.0,1,1.0,1,0.6328862024126861,69
3801,1,5632,5632,0,0,0,0,1.0,1,1.0,1,1.0,1,0.6392604131611593,67
3802,2,5634,5634,0,0,0,0,1.0,1,1.0,1,1.0,1,0.6400229033425139,67
3803,1,5635,5635,0,0,0,0,1.0,1,1.0,1,1.0,1,0.6427198023431234,69
3804,1,5636,5636,0,0,0,0,1.0,1,1.0,1,1.0,1,0.6498600470185224,70
3805,2,5638,5638,0,0,0,0,1.0,1,1.0,1,1.0,1,0.6558115849789597,71
3806,3,5641,5641,0,0,0,0,1.0,1,1.0,1,1.0,1,0.6538689445277845,71
3807,1,5642,5642,0,0,0,0,1.0,1,1.0,1,1.0,1,0.6567079477760863,72
3808,2,5644,5644,0,0,0,0,1.0,1,1.0,1,1.0,1,0.6666604692598855,72
3809,0,5644,5644,0,0,0,0,1.0,1,1.0,1,1.0,1,0.6666604692598855,72
3810,3,5647,5647,0,0,0,0,1.0,1,1.0,1,1.0,1,0.6789714050069507,72
3811,0,5647,5647,0,0,0,0,1.0,1,1.0,1,1.0,1,0.6625432092061171,71
3812,2,5649,5649,0,0,0,0,1.0,1,1.0,1,1.0,1,0.6750586856902933,72
3813,3,5652,5652,0,0,0,0,1.0,1,1.0,1,1.0,1,0.6793386300707845,71
3814,1,5653,5653,0,0,0,0,1.0,1,1.0,1,1.0,1,0.6894101114579733,72
3815,0,5653,5653,0,0,0,0,1.0,1,1.0,1,1.0,1,0.6803386081006533,71
3816,0,5653,5653,0,0,0,0,1.0,1,1.0,1,1.0,1,0.6740507666243823,69
3817,0,5653,5653,0,0,0,0,1.0,1,1.0,1,1.0,1,0.6800688634099603,72
3818,3,5656,5656,0,0,0,0,1.0,1,1.0,1,1.0,1,0.6569951695957472,72
3819,2,5658,5658,0,0,0,0,1.0,1,1.0,1,1.0,1,0.6576086074401218,72
3820,2,5660,5660,0,0,0,0,1.0,1,1.0,1,1.0,1,0.6342191443195121,72
3821,4,5664,5664,0,0,0,0,1.0,1,1.0,1,1.0,1,0.6283463872299246,72
3822,2,5666,5666,0,0,0,0,1.0,1,1.0,1,1.0,1,0.6264448956537492,69
3823,3,5669,5669,0,0,0,0,1.0,1,1.0,1,1.0,1,0.6219588986865444,69
3824,1,5670,5670,0,0,0,0,1.0,1,1.0,1,1.0,1,0.6446667316713524,65
3825,2,5672,5672,0,0,0,0,1.0,1,1.0,1,1.0,1,0.635726291883488,64
3826,3,5675,5675,0,0,0,0,1.0,1,1.0,1,1.0,1,0.6416993814555796,65
3827,3,5678,5678,0,0,0,0,1.0,1,1.0,1,1.0,1,0.6421729899895695,64
3828,4,5682,5682,0,0,0,0,1.0,1,1.0,1,1.0,1,0.6313710787899782,65
3829,2,5684,5684,0,0,0,0,1.0,1,1.0,1,1.0,1,0.641510569131953,65
3830,1,5685,5685,0,0,0,0,1.0,1,1.0,1,1.0,1,0.6360934722516115,64
3831,3,5688,5688,0,0,0,0,1.0,1,1.0,1,1.0,1,0.6397781848508809,63
3832,4,5692,5692,0,0,0,0,1.0,1,1.0,1,1.0,1,0.634735853238176,64
3833,5,5697,5697,0,0,0,0,1.0,1,1.0,1,1.0,1,0.6392825602251461,64
3834,1,5698,5698,0,0,0,0,1.0,1,1.0,1,1.0,1,0.6550224199187972,63
3835,0,5698,5698,0,0,0,0,1.0,1,1.0,1,1.0,1,0.6544730334240182,63
3836,2,5700,5700,0,0,0,0,1.0,1,1.0,1,1.0,1,0.6634100226654197,63
3837,1,5701,5701,0,0,0,0,1.0,1,1.0,1,1.0,1,0.6728249282966593,62
3838,3,5704,5704,0,0,0,0,1.0,1,1.0,1,1.0,1,0.6759616248822102,62
3839,1,5705,5705,0,0,0,0,1.0,1,1.0,1,1.0,1,0.6875578289232835,60
3840,0,5705,5705,0,0,0,0,1.0,1,1.0,1,1.0,1,0.6829050559734386,62
3841,0,5705,5705,0,0,0,0,1.0,1,1.0,1,1.0,1,0.6829050559734386,62
3842,0,5705,5705,0,0,0,0,1.0,1,1.0,1,1.0,1,0.6701564254295146,63
3843,0,5705,5705,0,0,0,0,1.0,1,1.0,1,1.0,1,0.6676570224763801,64
3844,0,5705,5705,0,0,0,0,1.0,1,1.0,1,1.0,1,0.6646934306312077,65
3845,3,5708,5708,0,0,0,0,1.0,1,1.0,1,1.0,1,0.6546217163485744,66
3846,2,5710,5710,0,0,0,0,1.0,1,1.0,1,1.0,1,0.66530473498167,67
3847,2,5712,5712,0,0,0,0,1.0,1,1.0,1,1.0,1,0.663366323390919,67
3848,2,5714,5714,0,0,0,0,1.0,1,1.0,1,1.0,1,0.6632234200881895,67
3849,1,5715,5715,0,0,0,0,1.0,1,1.0,1,1.0,1,0.6639688640108921,67
3850,2,5717,5717,0,0,0,0,1.0,1,1.0,1,1.0,1,0.673874621610852,68
3851,0,5717,5717,0,0,0,0,1.0,1,1.0,1,1.0,1,0.673874621610852,68
3852,1,5718,5718,0,0,0,0,1.0,1,1.0,1,1.0,1,0.678808042828169,70
3853,1,5719,5719,0,0,0,0,1.0,1,1.0,1,1.0,1,0.6820137798555007,70
3854,3,5722,5722,0,0,0,0,1.0,1,1.0,1,1.0,1,0.6769284187253974,70
3855,1,5723,5723,0,0,0,0,1.0,1,1.0,1,1.0,1,0.6792848255424988,69
3856,1,5724,5724,0,0,0,0,1.0,1,1.0,1,1.0,1,0.6693085130955001,70
3857,2,5726,5726,0,0,0,0,1.0,1,1.0,1,1.0,1,0.6772142662742899,68
3858,5,5731,5731,0,0,0,0,1.0,1,1.0,1,1.0,1,0.6565281678145708,67
3859,0,5731,5731,0,0,0,0,1.0,1,1.0,1,1.0,1,0.651863735825919,66
3860,2,5733,5733,0,0,0,0,1.0,1,1.0,1,1.0,1,0.6253458820660044,66
3861,3,5736,5736,0,0,0,0,1.0,1,1.0,1,1.0,1,0.6042155499715434,66
3862,1,5737,5737,0,0,0,0,1.0,1,1.0,1,1.0,1,0.6172486464673198,66
3863,3,5740,5740,0,0,0,0,1.0,1,1.0,1,1.0,1,0.595138520829295,63
3864,2,5742,5742,0,0,0,0,1.0,1,1.0,1,1.0,1,0.5897645566782066,63
3865,1,5743,5743,0,0,0,0,1.0,1,1.0,1,1.0,1,0.6083455672192144,61
3866,1,5744,5744,0,0,0,0,1.0,1,1.0,1,1.0,1,0.6054400053287197,61
3867,1,5745,5745,0,0,0,0,1.0,1,1.0,1,1.0,1,0.6222638444304494,60
3868,2,5747,5747,0,0,0,0,1.0,1,1.0,1,1.0,1,0.6376258093610623,59
3869,1,5748,5748,0,0,0,0,1.0,1,1.0,1,1.0,1,0.64362123188975,61
3870,1,5749,5749,0,0,0,0,1.0,1,1.0,1,1.0,1,0.64112801351604,61
3871,1,5750,5750,0,0,0,0,1.0,1,1.0,1,1.0,1,0.6489169152940812,64
3872,0,5750,5750,0,0,0,0,1.0,1,1.0,1,1.0,1,0.6522620916008217,63
3873,1,5751,5751,0,0,0,0,1.0,1,1.0,1,1.0,1,0.6687124460280024,62
3874,1,5752,5752,0,0,0,0,1.0,1,1.0,1,1.0,1,0.6596177446597791,63
3875,2,5754,5754,0,0,0,0,1.0,1,1.0,1,1.0,1,0.6537762798588385,61
3876,0,5754,5754,0,0,0,0,1.0,1,1.0,1,1.0,1,0.6481328515488464,62
3877,2,5756,5756,0,0,0,0,1.0,1,1.0,1,1.0,1,0.6689696527817169,63
3878,0,5756,5756,0,0,0,0,1.0,1,1.0,1,1.0,1,0.6689696527817169,63
3879,1,5757,5757,0,0,0,0,1.0,1,1.0,1,1.0,1,0.6753601838187739,63
3880,1,5758,5758,0,0,0,0,1.0,1,1.0,1,1.0,1,0.6650766338116061,65
3881,0,5758,5758,0,0,0,0,1.0,1,1.0,1,1.0,1,0.6650766338116061,65
3882,1,5759,5759,0,0,0,0,1.0,1,1.0,1,1.0,1,0.6579136032020163,66
3883,1,5760,5760,0,0,0,0,1.0,1,1.0,1,1.0,1,0.6619138377097565,66
3884,0,5760,5760,0,0,0,0,1.0,1,1.0,1,1.0,1,0.6619138377097565,66
3885,2,5762,5762,0,0,0,0,1.0,1,1.0,1,1.0,1,0.6671487790436922,66
3886,3,5765,5765,0,0,0,0,1.0,1,1.0,1,1.0,1,0.6651506494786423,65
3887,1,5766,5766,0,0,0,0,1.0,1,1.0,1,1.0,1,0.6550735551121109,65
3888,1,5767,5767,0,0,0,0,1.0,1,1.0,1,1.0,1,0.666253582461758,66
3889,1,5768,5768,0,0,0,0,1.0,1,1.0,1,1.0,1,0.6549687622230816,64
3890,3,5771,5771,0,0,0,0,1.0,1,1.0,1,1.0,1,0.6577242114324796,63
3891,1,5772,5772,0,0,0,0,1.0,1,1.0,1,1.0,1,0.6395767629950526,66
3892,2,5774,5774,0,0,0,0,1.0,1,1.0,1,1.0,1,0.6398965870883739,67
3893,1,5775,5775,0,0,0,0,1.0,1,1.0,1,1.0,1,0.6245860547805746,66
3894,3,5778,5778,0,0,0,0,1.0,1,1.0,1,1.0,1,0.6406586801361133,67
3895,2,5780,5780,0,0,0,0,1.0,1,1.0,1,1.0,1,0.653849301418795,66
3896,1,5781,5781,0,0,0,0,1.0,1,1.0,1,1.0,1,0.6579760054423324,66
3897,1,5782,5782,0,0,0,0,1.0,1,1.0,1,1.0,1,0.6685113971604549,65
3898,4,5786,5786,0,0,0,0,1.0,1,1.0,1,1.0,1,0.6689062337266577,65
3899,3,5789,5789,0,0,0,0,1.0,1,1.0,1,1.0,1,0.6728889572878493,64
3900,3,5792,5792,0,0,0,0,1.0,1,1.0,1,1.0,1,0.6634024834072089,63
3901,3,5795,5795,0,0,0,0,1.0,1,1.0,1,1.0,1,0.6627323749070548,63
3902,2,5797,5797,0,0,0,0,1.0,1,1.0,1,1.0,1,0.6633873124350379,64
3903,5,5802,5802,0,0,0,0,1.0,1,1.0,1,1.0,1,0.6671235650872004,64
3904,2,5804,5804,0,0,0,0,1.0,1,1.0,1,1.0,1,0.6805732541471001,63
3905,1,5805,5805,0,0,0,0,1.0,1,1.0,1,1.0,1,0.6724882744201915,63
3906,2,5807,5807,0,0,0,0,1.0,1,1.0,1,1.0,1,0.6579628810335875,64
3907,0,5807,5807,0,0,0,0,1.0,1,1.0,1,1.0,1,0.6676813861737516,64
3908,1,5808,5808,0,0,0,0,1.0,1,1.0,1,1.0,1,0.6602689121475501,63
3909,0,5808,5808,0,0,0,0,1.0,1,1.0,1,1.0,1,0.6742873867019455,62
3910,0,5808,5808,0,0,0,0,1.0,1,1.0,1,1.0,1,0.6798514867525424,62
3911,0,5808,5808,0,0,0,0,1.0,1,1.0,1,1.0,1,0.6768023946366878,64
3912,0,5808,5808,0,0,0,0,1.0,1,1.0,1,1.0,1,0.6768023946366878,64
3913,1,5809,5809,0,0,0,0,1.0,1,1.0,1,1.0,1,0.6715319057255973,65
3914,1,5810,5810,0,0,0,0,1.0,1,1.0,1,1.0,1,0.6854455856511414,65
3915,2,5812,5812,0,0,0,0,1.0,1,1.0,1,1.0,1,0.6667803899511197,66
3916,0,5812,5812,0,0,0,0,1.0,1,1.0,1,1.0,1,0.6667803899511197,66
3917,1,5813,5813,0,0,0,0,1.0,1,1.0,1,1.0,1,0.659529645697533,66
3918,1,5814,5814,0,0,0,0,1.0,1,1.0,1,1.0,1,0.65714081138991,67
3919,1,5815,5815,0,0,0,0,1.0,1,1.0,1,1.0,1,0.6439054169991577,68
3920,0,5815,5815,0,0,0,0,1.0,1,1.0,1,1.0,1,0.636428384491643,69
3921,1,5816,5816,0,0,0,0,1.0,1,1.0,1,1.0,1,0.6370963602772519,68
3922,0,5816,5816,0,0,0,0,1.0,1,1.0,1,1.0,1,0.6370963602772519,68
3923,1,5817,5817,0,0,0,0,1.0,1,1.0,1,1.0,1,0.6348920571370436,69
3924,5,5822,5822,0,0,0,0,1.0,1,1.0,1,1.0,1,0.6340263960786507,69
3925,1,5823,5823,0,0,0,0,1.0,1,1.0,1,1.0,1,0.637603956249773,67
3926,2,5825,5825,0,0,0,0,1.0,1,1.0,1,1.0,1,0.6502090391452753,67
3927,2,5827,5827,0,0,0,0,1.0,1,1.0,1,1.0,1,0.6688932167503832,65
3928,1,5828,5828,0,0,0,0,1.0,1,1.0,1,1.0,1,0.6752082849089734,65
3929,5,5833,5833,0,0,0,0,1.0,1,1.0,1,1.0,1,0.6936410530479792,64
3930,0,5833,5833,0,0,0,0,1.0,1,1.0,1,1.0,1,0.6981910556556973,64
3931,2,5835,5835,0,0,0,0,1.0,1,1.0,1,1.0,1,0.7019661082382738,62
3932,0,5835,5835,0,0,0,0,1.0,1,1.0,1,1.0,1,0.7019661082382738,62
3933,1,5836,5836,0,0,0,0,1.0,1,1.0,1,1.0,1,0.7114257027833557,62
3934,1,5837,5837,0,0,0,0,1.0,1,1.0,1,1.0,1,0.7181460612888051,61
3935,0,5837,5837,0,0,0,0,1.0,1,1.0,1,1.0,1,0.709848183814244,64
3936,0,5837,5837,0,0,0,0,1.0,1,1.0,1,1.0,1,0.7120580074405045,65
3937,0,5837,5837,0,0,0,0,1.0,1,1.0,1,1.0,1,0.6988687394334101,66
3938,2,5839,5839,0,0,0,0,1.0,1,1.0,1,1.0,1,0.6686229595236697,66
3939,1,5840,5840,0,0,0,0,1.0,1,1.0,1,1.0,1,0.6612540536992162,67
3940,2,5842,5842,0,0,0,0,1.0,1,1.0,1,1.0,1,0.640639965628128,69
3941,1,5843,5843,0,0,0,0,1.0,1,1.0,1,1.0,1,0.6308013187733965,69
3942,2,5845,5845,0,0,0,0,1.0,1,1.0,1,1.0,1,0.6320076007618203,69
3943,1,5846,5846,0,0,0,0,1.0,1,1.0,1,1.0,1,0.630690464200248,68
3944,3,5849,5849,0,0,0,0,1.0,1,1.0,1,1.0,1,0.6362318758114133,68
3945,2,5851,5851,0,0,0,0,1.0,1,1.0,1,1.0,1,0.6325136737567459,67
3946,3,5854,5854,0,0,0,0,1.0,1,1.0,1,1.0,1,0.6420903599018208,67
3947,3,5857,5857,0,0,0,0,1.0,1,1.0,1,1.0,1,0.6290437987312913,66
3948,3,5860,5860,0,0,0,0,1.0,1,1.0,1,1.0,1,0.6364464181768652,67
3949,4,5864,5864,0,0,0,0,1.0,1,1.0,1,1.0,1,0.6536038882217365,66
3950,3,5867,5867,0,0,0,0,1.0,1,1.0,1,1.0,1,0.644418384992957,65
3951,1,5868,5868,0,0,0,0,1.0,1,1.0,1,1.0,1,0.6469971014677867,65
3952,3,5871,5871,0,0,0,0,1.0,1,1.0,1,1.0,1,0.6352920955178457,65
3953,0,5871,5871,0,0,0,0,1.0,1,1.0,1,1.0,1,0.640728079092432,65
3954,1,5872,5872,0,0,0,0,1.0,1,1.0,1,1.0,1,0.6537445928189044,64
3955,1,5873,5873,0,0,0,0,1.0,1,1.0,1,1.0,1,0.6727368536288074,64
3956,2,5875,5875,0,0,0,0,1.0,1,1.0,1,1.0,1,0.6743446780373754,63
3957,1,5876,5876,0,0,0,0,1.0,1,1.0,1,1.0,1,0.6805374813813319,63
3958,1,5877,5877,0,0,0,0,1.0,1,1.0,1,1.0,1,0.6936010857547943,63
3959,1,5878,5878,0,0,0,0,1.0,1,1.0,1,1.0,1,0.6938324685324516,62
3960,2,5880,5880,0,0,0,0,1.0,1,1.0,1,1.0,1,0.6997745505976788,62
3961,1,5881,5881,0,0,0,0,1.0,1,1.0,1,1.0,1,0.6978136123205633,64
3962,2,5883,5883,0,0,0,0,1.0,1,1.0,1,1.0,1,0.7049856613476461,64
3963,4,5887,5887,0,0,0,0,1.0,1,1.0,1,1.0,1,0.7237029038810636,62
3964,1,5888,5888,0,0,0,0,1.0,1,1.0,1,1.0,1,0.7201298304739993,63
3965,0,5888,5888,0,0,0,0,1.0,1,1.0,1,1.0,1,0.7117163858436373,63
3966,1,5889,5889,0,0,0,0,1.0,1,1.0,1,1.0,1,0.7168388157054923,62
3967,2,5891,5891,0,0,0,0,1.0,1,1.0,1,1.0,1,0.6959906644114143,64
3968,0,5891,5891,0,0,0,0,1.0,1,1.0,1,1.0,1,0.6963610633509513,63
3969,1,5892,5892,0,0,0,0,1.0,1,1.0,1,1.0,1,0.6912203053438962,63
3970,0,5892,5892,0,0,0,0,1.0,1,1.0,1,1.0,1,0.6820549738749748,65
3971,1,5893,5893,0,0,0,0,1.0,1,1.0,1,1.0,1,0.6764110626117971,65
3972,0,5893,5893,0,0,0,0,1.0,1,1.0,1,1.0,1,0.6704196637265055,66
3973,2,5895,5895,0,0,0,0,1.0,1,1.0,1,1.0,1,0.6586877152499799,66
3974,2,5897,5897,0,0,0,0,1.0,1,1.0,1,1.0,1,0.6658821810548141,66
3975,4,5901,5901,0,0,0,0,1.0,1,1.0,1,1.0,1,0.6630536286115183,66
3976,2,5903,5903,0,0,0,0,1.0,1,1.0,1,1.0,1,0.6705768289868117,66
3977,1,5904,5904,0,0,0,0,1.0,1,1.0,1,1.0,1,0.6680744615637404,64
3978,4,5908,5908,0,0,0,0,1.0,1,1.0,1,1.0,1,0.6592759427320991,63
3979,1,5909,5909,0,0,0,0,1.0,1,1.0,1,1.0,1,0.6606179977846471,63
3980,2,5911,5911,0,0,0,0,1.0,1,1.0,1,1.0,1,0.6403170693717234,63
3981,1,5912,5912,0,0,0,0,1.0,1,1.0,1,1.0,1,0.6303981510562054,64
3982,3,5915,5915,0,0,0,0,1.0,1,1.0,1,1.0,1,0.6282315517351238,65
3983,3,5918,5918,0,0,0,0,1.0,1,1.0,1,1.0,1,0.6249575464023849,64
3984,2,5920,5920,0,0,0,0,1.0,1,1.0,1,1.0,1,0.621688176272844,65
3985,4,5924,5924,0,0,0,0,1.0,1,1.0,1,1.0,1,0.6257417267255269,64
3986,1,5925,5925,0,0,0,0,1.0,1,1.0,1,1.0,1,0.6346222555167319,63
3987,1,5926,5926,0,0,0,0,1.0,1,1.0,1,1.0,1,0.6464835238233615,63
3988,0,5926,5926,0,0,0,0,1.0,1,1.0,1,1.0,1,0.6436869766975886,63
3989,1,5927,5927,0,0,0,0,1.0,1,1.0,1,1.0,1,0.6616770297970552,63
3990,1,5928,5928,0,0,0,0,1.0,1,1.0,1,1.0,1,0.6846307947744321,62
3991,1,5929,5929,0,0,0,0,1.0,1,1.0,1,1.0,1,0.6814989306246821,62
3992,0,5929,5929,0,0,0,0,1.0,1,1.0,1,1.0,1,0.6668862309353003,65
3993,0,5929,5929,0,0,0,0,1.0,1,1.0,1,1.0,1,0.6668862309353003,65
3994,1,5930,5930,0,0,0,0,1.0,1,1.0,1,1.0,1,0.6653099126088766,64
3995,1,5931,5931,0,0,0,0,1.0,1,1.0,1,1.0,1,0.6594698109670808,64
3996,1,5932,5932,0,0,0,0,1.0,1,1.0,1,1.0,1,0.6488662785318455,67
3997,1,5933,5933,0,0,0,0,1.0,1,1.0,1,1.0,1,0.6429731268087613,69
3998,4,5937,5937,0,0,0,0,1.0,1,1.0,1,1.0,1,0.6359916311448497,69
3999,1,5938,5938,0,0,0,0,1.0,1,1.0,1,1.0,1,0.6387077984019904,69
4000,3,5941,5941,0,0,0,0,1.0,1,1.0,1,1.0,1,0.6219333125695472,69
4001,0,5941,5941,0,0,0,0,1.0,1,1.0,1,1.0,1,0.6213299718498165,68
4002,1,5942,5942,0,0,0,0,1.0,1,1.0,1,1.0,1,0.6202964692177524,68
4003,0,5942,5942,0,0,0,0,1.0,1,1.0,1,1.0,1,0.6272124038404719,68
4004,2,5944,5944,0,0,0,0,1.0,1,1.0,1,1.0,1,0.634114998498484,67
4005,3,5947,5947,0,0,0,0,1.0,1,1.0,1,1.0,1,0.6513776488580302,67
4006,2,5949,5949,0,0,0,0,1.0,1,1.0,1,1.0,1,0.6576535921394067,67
4007,2,5951,5951,0,0,0,0,1.0,1,1.0,1,1.0,1,0.6525212931335072,67
4008,3,5954,5954,0,0,0,0,1.0,1,1.0,1,1.0,1,0.6541545823121737,67
4009,2,5956,5956,0,0,0,0,1.0,1,1.0,1,1.0,1,0.6602330602856232,67
4010,0,5956,5956,0,0,0,0,1.0,1,1.0,1,1.0,1,0.6556772089658879,66
4011,2,5958,5958,0,0,0,0,1.0,1,1.0,1,1.0,1,0.6621555073445939,66
4012,3,5961,5961,0,0,0,0,1.0,1,1.0,1,1.0,1,0.6571765883425754,66
4013,1,5962,5962,0,0,0,0,1.0,1,1.0,1,1.0,1,0.6484232897072707,66
4014,1,5963,5963,0,0,0,0,1.0,1,1.0,1,1.0,1,0.650775077989835,66
4015,1,5964,5964,0,0,0,0,1.0,1,1.0,1,1.0,1,0.6626704618029151,64
4016,1,5965,5965,0,0,0,0,1.0,1,1.0,1,1.0,1,0.6680491584819271,64
4017,2,5967,5967,0,0,0,0,1.0,1,1.0,1,1.0,1,0.6667905435187654,66
4018,2,5969,5969,0,0,0,0,1.0,1,1.0,1,1.0,1,0.6585568006903634,67
4019,2,5971,5971,0,0,0,0,1.0,1,1.0,1,1.0,1,0.6591764931780649,67
4020,1,5972,5972,0,0,0,0,1.0,1,1.0,1,1.0,1,0.6575021765423463,66
4021,3,5975,5975,0,0,0,0,1.0,1,1.0,1,1.0,1,0.6596171572283173,66
4022,1,5976,5976,0,0,0,0,1.0,1,1.0,1,1.0,1,0.6429458030087345,66
4023,3,5979,5979,0,0,0,0,1.0,1,1.0,1,1.0,1,0.6363267820231834,66
4024,5,5984,5984,0,0,0,0,1.0,1,1.0,1,1.0,1,0.6263780040820652,66
4025,1,5985,5985,0,0,0,0,1.0,1,1.0,1,1.0,1,0.6226980160066067,66
4026,4,5989,5989,0,0,0,0,1.0,1,1.0,1,1.0,1,0.6198701202927025,66
4027,3,5992,5992,0,0,0,0,1.0,1,1.0,1,1.0,1,0.6016836759466485,64
4028,5,5997,5997,0,0,0,0,1.0,1,1.0,1,1.0,1,0.6329141431811913,63
4029,2,5999,5999,0,0,0,0,1.0,1,1.0,1,1.0,1,0.6074011723651717,62
4030,2,6001,6001,0,0,0,0,1.0,1,1.0,1,1.0,1,0.5950877638469289,63
4031,1,6002,6002,0,0,0,0,1.0,1,1.0,1,1.0,1,0.5891889718622488,62
4032,4,6006,6006,0,0,0,0,1.0,1,1.0,1,1.0,1,0.5731026518041157,62
4033,1,6007,6007,0,0,0,0,1.0,1,1.0,1,1.0,1,0.587909194826198,61
4034,2,6009,6009,0,0,0,0,1.0,1,1.0,1,1.0,1,0.6035759892084099,60
4035,1,6010,6010,0,0,0,0,1.0,1,1.0,1,1.0,1,0.6246191982787244,59
4036,4,6014,6014,0,0,0,0,1.0,1,1.0,1,1.0,1,0.6206414905939203,58
4037,2,6016,6016,0,0,0,0,1.0,1,1.0,1,1.0,1,0.6380618895548863,59
4038,1,6017,6017,0,0,0,0,1.0,1,1.0,1,1.0,1,0.6401612694455452,58
4039,0,6017,6017,0,0,0,0,1.0,1,1.0,1,1.0,1,0.650762489942586,56
4040,0,6017,6017,0,0,0,0,1.0,1,1.0,1,1.0,1,0.6548009346348747,55
4041,2,6019,6019,0,0,0,0,1.0,1,1.0,1,1.0,1,0.6469856155936401,54
4042,2,6021,6021,0,0,0,0,1.0,1,1.0,1,1.0,1,0.6629330699999723,56
4043,1,6022,6022,0,0,0,0,1.0,1,1.0,1,1.0,1,0.6739343757236221,56
4044,2,6024,6024,0,0,0,0,1.0,1,1.0,1,1.0,1,0.6901633883857708,56
4045,2,6026,6026,0,0,0,0,1.0,1,1.0,1,1.0,1,0.6981090938519394,57
4046,0,6026,6026,0,0,0,0,1.0,1,1.0,1,1.0,1,0.7023856400836044,59
4047,2,6028,6028,0,0,0,0,1.0,1,1.0,1,1.0,1,0.7178616565362028,59
4048,0,6028,6028,0,0,0,0,1.0,1,1.0,1,1.0,1,0.7178616565362028,59
4049,0,6028,6028,0,0,0,0,1.0,1,1.0,1,1.0,1,0.7101667531286976,60
4050,1,6029,6029,0,0,0,0,1.0,1,1.0,1,1.0,1,0.6998486529631799,60
4051,0,6029,6029,0,0,0,0,1.0,1,1.0,1,1.0,1,0.6998486529631799,60
4052,1,6030,6030,0,0,0,0,1.0,1,1.0,1,1.0,1,0.6938387264776504,60
4053,0,6030,6030,0,0,0,0,1.0,1,1.0,1,1.0,1,0.6938387264776504,60
4054,1,6031,6031,0,0,0,0,1.0,1,1.0,1,1.0,1,0.6932241268766618,61
4055,0,6031,6031,0,0,0,0,1.0,1,1.0,1,1.0,1,0.6932241268766618,61
4056,2,6033,6033,0,0,0,0,1.0,1,1.0,1,1.0,1,0.6922270625873268,62
4057,0,6033,6033,0,0,0,0,1.0,1,1.0,1,1.0,1,0.6946066484055541,63
4058,3,6036,6036,0,0,0,0,1.0,1,1.0,1,1.0,1,0.6819528195228084,64
4059,0,6036,6036,0,0,0,0,1.0,1,1.0,1,1.0,1,0.6922228487350163,63
4060,2,6038,6038,0,0,0,0,1.0,1,1.0,1,1.0,1,0.6962419764130617,63
4061,0,6038,6038,0,0,0,0,1.0,1,1.0,1,1.0,1,0.7012243516798744,63
4062,3,6041,6041,0,0,0,0,1.0,1,1.0,1,1.0,1,0.686239544930064,65
4063,2,6043,6043,0,0,0,0,1.0,1,1.0,1,1.0,1,0.6805520707500486,64
4064,0,6043,6043,0,0,0,0,1.0,1,1.0,1,1.0,1,0.6804075847862198,65
4065,3,6046,6046,0,0,0,0,1.0,1,1.0,1,1.0,1,0.6671084199071884,64
4066,1,6047,6047,0,0,0,0,1.0,1,1.0,1,1.0,1,0.6717399169259581,64
4067,5,6052,6052,0,0,0,0,1.0,1,1.0,1,1.0,1,0.6463249128606872,63
4068,5,6057,6057,0,0,0,0,1.0,1,1.0,1,1.0,1,0.641483290877607,64
4069,5,6062,6062,0,0,0,0,1.0,1,1.0,1,1.0,1,0.6441909530390459,62
4070,4,6066,6066,0,0,0,0,1.0,1,1.0,1,1.0,1,0.6228042744660598,61
4071,4,6070,6070,0,0,0,0,1.0,1,1.0,1,1.0,1,0.6406353179640787,61
4072,4,6074,6074,0,0,0,0,1.0,1,1.0,1,1.0,1,0.6673716221705616,60
4073,2,6076,6076,0,0,0,0,1.0,1,1.0,1,1.0,1,0.6808366179509232,60
4074,4,6080,6080,0,0,0,0,1.0,1,1.0,1,1.0,1,0.6995576538314462,60
4075,1,6081,6081,0,0,0,0,1.0,1,1.0,1,1.0,1,0.6890691232308874,59
4076,2,6083,6083,0,0,0,0,1.0,1,1.0,1,1.0,1,0.662514513890472,60
4077,1,6084,6084,0,0,0,0,1.0,1,1.0,1,1.0,1,0.6501178782447397,61
4078,2,6086,6086,0,0,0,0,1.0,1,1.0,1,1.0,1,0.646300215101491,60
4079,1,6087,6087,0,0,0,0,1.0,1,1.0,1,1.0,1,0.6598706035686461,58
4080,3,6090,6090,0,0,0,0,1.0,1,1.0,1,1.0,1,0.6692483958235046,56
4081,0,6090,6090,0,0,0,0,1.0,1,1.0,1,1.0,1,0.668814708235097,56
4082,1,6091,6091,0,0,0,0,1.0,1,1.0,1,1.0,1,0.6717039980069702,55
4083,0,6091,6091,0,0,0,0,1.0,1,1.0,1,1.0,1,0.6717039980069702,55
4084,2,6093,6093,0,0,0,0,1.0,1,1.0,1,1.0,1,0.671285574308948,55
4085,1,6094,6094,0,0,0,0,1.0,1,1.0,1,1.0,1,0.6681718785936908,56
4086,2,6096,6096,0,0,0,0,1.0,1,1.0,1,1.0,1,0.649950406294872,57
4087,1,6097,6097,0,0,0,0,1.0,1,1.0,1,1.0,1,0.6640503790229098,57
4088,1,6098,6098,0,0,0,0,1.0,1,1.0,1,1.0,1,0.6543795591738812,57
4089,0,6098,6098,0,0,0,0,1.0,1,1.0,1,1.0,1,0.6685415719786248,56
4090,0,6098,6098,0,0,0,0,1.0,1,1.0,1,1.0,1,0.6685415719786248,56
4091,0,6098,6098,0,0,0,0,1.0,1,1.0,1,1.0,1,0.683255866413864,56
4092,1,6099,6099,0,0,0,0,1.0,1,1.0,1,1.0,1,0.6900043081241036,57
4093,1,6100,6100,0,0,0,0,1.0,1,1.0,1,1.0,1,0.679132563910245,58
4094,1,6101,6101,0,0,0,0,1.0,1,1.0,1,1.0,1,0.6700650844712484,57
4095,1,6102,6102,0,0,0,0,1.0,1,1.0,1,1.0,1,0.6726994194470244,57
4096,2,6104,6104,0,0,0,0,1.0,1,1.0,1,1.0,1,0.6741171220849489,59
4097,1,6105,6105,0,0,0,0,1.0,1,1.0,1,1.0,1,0.6794707885444775,59
4098,4,6109,6109,0,0,0,0,1.0,1,1.0,1,1.0,1,0.667825843139554,59
4099,2,6111,6111,0,0,0,0,1.0,1,1.0,1,1.0,1,0.6769671167478765,60
4100,3,6114,6114,0,0,0,0,1.0,1,1.0,1,1.0,1,0.6542386784073126,60
4101,1,6115,6115,0,0,0,0,1.0,1,1.0,1,1.0,1,0.6598062942467728,60
4102,6,6121,6121,0,0,0,0,1.0,1,1.0,1,1.0,1,0.6882613808693004,60
4103,2,6123,6123,0,0,0,0,1.0,1,1.0,1,1.0,1,0.6998071060435465,58
4104,2,6125,6125,0,0,0,0,1.0,1,1.0,1,1.0,1,0.6846122769995394,60
4105,3,6128,6128,0,0,0,0,1.0,1,1.0,1,1.0,1,0.6788734953380542,59
4106,2,6130,6130,0,0,0,0,1.0,1,1.0,1,1.0,1,0.68828539442098,61
4107,2,6132,6132,0,0,0,0,1.0,1,1.0,1,1.0,1,0.6970225191153914,59
4108,1,6133,6133,0,0,0,0,1.0,1,1.0,1,1.0,1,0.6949007120686023,60
4109,2,6135,6135,0,0,0,0,1.0,1,1.0,1,1.0,1,0.6874940201630959,59
4110,2,6137,6137,0,0,0,0,1.0,1,1.0,1,1.0,1,0.6751832896009472,60
4111,1,6138,6138,0,0,0,0,1.0,1,1.0,1,1.0,1,0.6711124352275272,61
4112,5,6143,6143,0,0,0,0,1.0,1,1.0,1,1.0,1,0.6281340062594414,60
4113,0,6143,6143,0,0,0,0,1.0,1,1.0,1,1.0,1,0.6245630337104318,61
4114,2,6145,6145,0,0,0,0,1.0,1,1.0,1,1.0,1,0.6032599279156745,62
4115,3,6148,6148,0,0,0,0,1.0,1,1.0,1,1.0,1,0.616792071892738,60
4116,0,6148,6148,0,0,0,0,1.0,1,1.0,1,1.0,1,0.6238902075587024,59
4117,3,6151,6151,0,0,0,0,1.0,1,1.0,1,1.0,1,0.6224795835516063,56
4118,1,6152,6152,0,0,0,0,1.0,1,1.0,1,1.0,1,0.6314971951840993,55
4119,1,6153,6153,0,0,0,0,1.0,1,1.0,1,1.0,1,0.6504405108931638,53
4120,2,6155,6155,0,0,0,0,1.0,1,1.0,1,1.0,1,0.660368565212232,52
4121,5,6160,6160,0,0,0,0,1.0,1,1.0,1,1.0,1,0.6799030219035166,53
4122,3,6163,6163,0,0,0,0,1.0,1,1.0,1,1.0,1,0.6812601928383062,52
4123,4,6167,6167,0,0,0,0,1.0,1,1.0,1,1.0,1,0.7032992840249778,51
4124,0,6167,6167,0,0,0,0,1.0,1,1.0,1,1.0,1,0.7031322386616106,51
4125,1,6168,6168,0,0,0,0,1.0,1,1.0,1,1.0,1,0.7113979913114924,50
4126,1,6169,6169,0,0,0,0,1.0,1,1.0,1,1.0,1,0.7296193670110014,50
4127,0,6169,6169,0,0,0,0,1.0,1,1.0,1,1.0,1,0.735916090219605,49
4128,0,6169,6169,0,0,0,0,1.0,1,1.0,1,1.0,1,0.735916090219605,49
4129,0,6169,6169,0,0,0,0,1.0,1,1.0,1,1.0,1,0.735916090219605,49
4130,0,6169,6169,0,0,0,0,1.0,1,1.0,1,1.0,1,0.7213504093384275,50
4131,0,6169,6169,0,0,0,0,1.0,1,1.0,1,1.0,1,0.7213504093384275,50
4132,2,6171,6171,0,0,0,0,1.0,1,1.0,1,1.0,1,0.713063994702578,50
4133,1,6172,6172,0,0,0,0,1.0,1,1.0,1,1.0,1,0.7101844031898863,51
4134,1,6173,6173,0,0,0,0,1.0,1,1.0,1,1.0,1,0.6833724368828159,53
4135,1,6174,6174,0,0,0,0,1.0,1,1.0,1,1.0,1,0.6695660841394505,54
4136,2,6176,6176,0,0,0,0,1.0,1,1.0,1,1.0,1,0.6717400593653085,54
4137,1,6177,6177,0,0,0,0,1.0,1,1.0,1,1.0,1,0.6462181735229773,55
4138,4,6181,6181,0,0,0,0,1.0,1,1.0,1,1.0,1,0.5991893600758597,54
4139,0,6181,6181,0,0,0,0,1.0,1,1.0,1,1.0,1,0.5991893600758597,54
4140,2,6183,6183,0,0,0,0,1.0,1,1.0,1,1.0,1,0.5639333097904284,55
4141,1,6184,6184,0,0,0,0,1.0,1,1.0,1,1.0,1,0.5566552795320093,55
4142,2,6186,6186,0,0,0,0,1.0,1,1.0,1,1.0,1,0.5529886355453498,55
4143,1,6187,6187,0,0,0,0,1.0,1,1.0,1,1.0,1,0.5831827947849375,53
4144,1,6188,6188,0,0,0,0,1.0,1,1.0,1,1.0,1,0.5804586503238862,52
4145,0,6188,6188,0,0,0,0,1.0,1,1.0,1,1.0,1,0.600299260240182,51
4146,3,6191,6191,0,0,0,0,1.0,1,1.0,1,1.0,1,0.6325861243121713,51
4147,1,6192,6192,0,0,0,0,1.0,1,1.0,1,1.0,1,0.6540801999093077,50
4148,3,6195,6195,0,0,0,0,1.0,1,1.0,1,1.0,1,0.6677587660119183,52
4149,0,6195,6195,0,0,0,0,1.0,1,1.0,1,1.0,1,0.6548591804602146,53
4150,4,6199,6199,0,0,0,0,1.0,1,1.0,1,1.0,1,0.6686758047270753,53
4151,0,6199,6199,0,0,0,0,1.0,1,1.0,1,1.0,1,0.6686758047270753,53
4152,2,6201,6201,0,0,0,0,1.0,1,1.0,1,1.0,1,0.6507175999250572,54
4153,2,6203,6203,0,0,0,0,1.0,1,1.0,1,1.0,1,0.6669766110288577,51
4154,1,6204,6204,0,0,0,0,1.0,1,1.0,1,1.0,1,0.6695259769836173,51
4155,2,6206,6206,0,0,0,0,1.0,1,1.0,1,1.0,1,0.6761676856198336,51
4156,5,6211,6211,0,0,0,0,1.0,1,1.0,1,1.0,1,0.6934996806353866,52
4157,0,6211,6211,0,0,0,0,1.0,1,1.0,1,1.0,1,0.6894575322562262,52
4158,1,6212,6212,0,0,0,0,1.0,1,1.0,1,1.0,1,0.6929222308417422,52
4159,2,6214,6214,0,0,0,0,1.0,1,1.0,1,1.0,1,0.6793299699612706,52
4160,3,6217,6217,0,0,0,0,1.0,1,1.0,1,1.0,1,0.6883189818499543,50
4161,2,6219,6219,0,0,0,0,1.0,1,1.0,1,1.0,1,0.6885205791488512,50
4162,2,6221,6221,0,0,0,0,1.0,1,1.0,1,1.0,1,0.6920938418451662,51
4163,1,6222,6222,0,0,0,0,1.0,1,1.0,1,1.0,1,0.6760632194486493,48
4164,1,6223,6223,0,0,0,0,1.0,1,1.0,1,1.0,1,0.6786113900334209,50
4165,3,6226,6226,0,0,0,0,1.0,1,1.0,1,1.0,1,0.6463727549485181,49
4166,0,6226,6226,0,0,0,0,1.0,1,1.0,1,1.0,1,0.6445879501961074,50
4167,1,6227,6227,0,0,0,0,1.0,1,1.0,1,1.0,1,0.6354743566668818,50
4168,0,6227,6227,0,0,0,0,1.0,1,1.0,1,1.0,1,0.6372629847450997,50
4169,1,6228,6228,0,0,0,0,1.0,1,1.0,1,1.0,1,0.6268569247076247,51
4170,1,6229,6229,0,0,0,0,1.0,1,1.0,1,1.0,1,0.6338138613087462,50
4171,2,6231,6231,0,0,0,0,1.0,1,1.0,1,1.0,1,0.6446885587790709,50
4172,0,6231,6231,0,0,0,0,1.0,1,1.0,1,1.0,1,0.6627856100203956,49
4173,0,6231,6231,0,0,0,0,1.0,1,1.0,1,1.0,1,0.6817319018447842,48
4174,1,6232,6232,0,0,0,0,1.0,1,1.0,1,1.0,1,0.6714369072051687,48
4175,3,6235,6235,0,0,0,0,1.0,1,1.0,1,1.0,1,0.6936574764407406,48
4176,0,6235,6235,0,0,0,0,1.0,1,1.0,1,1.0,1,0.6925517419535736,50
4177,2,6237,6237,0,0,0,0,1.0,1,1.0,1,1.0,1,0.7050785985242098,52
4178,3,6240,6240,0,0,0,0,1.0,1,1.0,1,1.0,1,0.6649109380748963,53
4179,2,6242,6242,0,0,0,0,1.0,1,1.0,1,1.0,1,0.6753992648689411,54
4180,2,6244,6244,0,0,0,0,1.0,1,1.0,1,1.0,1,0.6488665352346515,55
4181,1,6245,6245,0,0,0,0,1.0,1,1.0,1,1.0,1,0.6260129231819086,56
4182,3,6248,6248,0,0,0,0,1.0,1,1.0,1,1.0,1,0.6193435124242251,56
4183,3,6251,6251,0,0,0,0,1.0,1,1.0,1,1.0,1,0.6003481645420822,57
4184,1,6252,6252,0,0,0,0,1.0,1,1.0,1,1.0,1,0.6214515513084995,57
4185,1,6253,6253,0,0,0,0,1.0,1,1.0,1,1.0,1,0.6338086160821915,54
4186,3,6256,6256,0,0,0,0,1.0,1,1.0,1,1.0,1,0.628644184522216,55
4187,1,6257,6257,0,0,0,0,1.0,1,1.0,1,1.0,1,0.6345121489214486,53
4188,4,6261,6261,0,0,0,0,1.0,1,1.0,1,1.0,1,0.6328641915008999,53
4189,0,6261,6261,0,0,0,0,1.0,1,1.0,1,1.0,1,0.6380338245586475,53
4190,1,6262,6262,0,0,0,0,1.0,1,1.0,1,1.0,1,0.6465004991614367,53
4191,1,6263,6263,0,0,0,0,1.0,1,1.0,1,1.0,1,0.6492911837264422,51
4192,4,6267,6267,0,0,0,0,1.0,1,1.0,1,1.0,1,0.624124391248051,51
4193,1,6268,6268,0,0,0,0,1.0,1,1.0,1,1.0,1,0.6232499365923703,50
4194,2,6270,6270,0,0,0,0,1.0,1,1.0,1,1.0,1,0.6090077155964363,50
4195,1,6271,6271,0,0,0,0,1.0,1,1.0,1,1.0,1,0.611981983428699,50
4196,2,6273,6273,0,0,0,0,1.0,1,1.0,1,1.0,1,0.5769188301626997,51
4197,5,6278,6278,0,0,0,0,1.0,1,1.0,1,1.0,1,0.6266544741468386,50
4198,2,6280,6280,0,0,0,0,1.0,1,1.0,1,1.0,1,0.6233521327598662,48
4199,0,6280,6280,0,0,0,0,1.0,1,1.0,1,1.0,1,0.6319497547095303,48
4200,0,6280,6280,0,0,0,0,1.0,1,1.0,1,1.0,1,0.6266838659239452,48
4201,0,6280,6280,0,0,0,0,1.0,1,1.0,1,1.0,1,0.6410811471021236,47
4202,0,6280,6280,0,0,0,0,1.0,1,1.0,1,1.0,1,0.6410811471021236,47
4203,0,6280,6280,0,0,0,0,1.0,1,1.0,1,1.0,1,0.6410811471021236,47
4204,3,6283,6283,0,0,0,0,1.0,1,1.0,1,1.0,1,0.6677059890826316,48
4205,0,6283,6283,0,0,0,0,1.0,1,1.0,1,1.0,1,0.6598916331455676,49
4206,1,6284,6284,0,0,0,0,1.0,1,1.0,1,1.0,1,0.6705378313814994,49
4207,1,6285,6285,0,0,0,0,1.0,1,1.0,1,1.0,1,0.6455698726343648,48
4208,2,6287,6287,0,0,0,0,1.0,1,1.0,1,1.0,1,0.6425436099061408,49
4209,2,6289,6289,0,0,0,0,1.0,1,1.0,1,1.0,1,0.6486043973751333,51
4210,2,6291,6291,0,0,0,0,1.0,1,1.0,1,1.0,1,0.6459278520824221,52
4211,1,6292,6292,0,0,0,0,1.0,1,1.0,1,1.0,1,0.6301467529342544,53
4212,0,6292,6292,0,0,0,0,1.0,1,1.0,1,1.0,1,0.6301467529342544,53
4213,3,6295,6295,0,0,0,0,1.0,1,1.0,1,1.0,1,0.6227799398655435,54
4214,0,6295,6295,0,0,0,0,1.0,1,1.0,1,1.0,1,0.616618553564408,54
4215,1,6296,6296,0,0,0,0,1.0,1,1.0,1,1.0,1,0.6134632170839567,54
4216,0,6296,6296,0,0,0,0,1.0,1,1.0,1,1.0,1,0.6263257114538416,53
4217,2,6298,6298,0,0,0,0,1.0,1,1.0,1,1.0,1,0.6337972479316163,54
4218,3,6301,6301,0,0,0,0,1.0,1,1.0,1,1.0,1,0.6202958267227644,53
4219,0,6301,6301,0,0,0,0,1.0,1,1.0,1,1.0,1,0.6202958267227644,53
4220,2,6303,6303,0,0,0,0,1.0,1,1.0,1,1.0,1,0.6217187336752086,53
4221,2,6305,6305,0,0,0,0,1.0,1,1.0,1,1.0,1,0.6017790529590971,54
4222,4,6309,6309,0,0,0,0,1.0,1,1.0,1,1.0,1,0.6244312965574835,55
4223,3,6312,6312,0,0,0,0,1.0,1,1.0,1,1.0,1,0.6167460628326454,56
4224,1,6313,6313,0,0,0,0,1.0,1,1.0,1,1.0,1,0.6104192301278276,55
4225,2,6315,6315,0,0,0,0,1.0,1,1.0,1,1.0,1,0.602407819616289,53
4226,3,6318,6318,0,0,0,0,1.0,1,1.0,1,1.0,1,0.6036832926942903,54
4227,1,6319,6319,0,0,0,0,1.0,1,1.0,1,1.0,1,0.611853178530789,52
4228,2,6321,6321,0,0,0,0,1.0,1,1.0,1,1.0,1,0.6322624619431655,51
4229,2,6323,6323,0,0,0,0,1.0,1,1.0,1,1.0,1,0.6537006385483085,48
4230,4,6327,6327,0,0,0,0,1.0,1,1.0,1,1.0,1,0.6476854801536849,48
4231,0,6327,6327,0,0,0,0,1.0,1,1.0,1,1.0,1,0.6425470879207433,48
4232,1,6328,6328,0,0,0,0,1.0,1,1.0,1,1.0,1,0.6313661136071025,48
4233,1,6329,6329,0,0,0,0,1.0,1,1.0,1,1.0,1,0.6097303251425116,48
4234,2,6331,6331,0,0,0,0,1.0,1,1.0,1,1.0,1,0.6405226481174288,49
4235,1,6332,6332,0,0,0,0,1.0,1,1.0,1,1.0,1,0.6226722742573882,47
4236,1,6333,6333,0,0,0,0,1.0,1,1.0,1,1.0,1,0.6286981316628864,47
4237,2,6335,6335,0,0,0,0,1.0,1,1.0,1,1.0,1,0.5997317407206199,48
4238,0,6335,6335,0,0,0,0,1.0,1,1.0,1,1.0,1,0.6039956957316649,47
4239,2,6337,6337,0,0,0,0,1.0,1,1.0,1,1.0,1,0.5943345911015385,48
4240,1,6338,6338,0,0,0,0,1.0,1,1.0,1,1.0,1,0.6094738177258229,47
4241,1,6339,6339,0,0,0,0,1.0,1,1.0,1,1.0,1,0.6104104554833346,49
4242,1,6340,6340,0,0,0,0,1.0,1,1.0,1,1.0,1,0.6140173982126901,49
4243,1,6341,6341,0,0,0,0,1.0,1,1.0,1,1.0,1,0.618221563580835,50
4244,0,6341,6341,0,0,0,0,1.0,1,1.0,1,1.0,1,0.6270092374451397,51
4245,0,6341,6341,0,0,0,0,1.0,1,1.0,1,1.0,1,0.6408933415193386,51
4246,0,6341,6341,0,0,0,0,1.0,1,1.0,1,1.0,1,0.6408933415193386,51
4247,2,6343,6343,0,0,0,0,1.0,1,1.0,1,1.0,1,0.622402634474421,52
4248,1,6344,6344,0,0,0,0,1.0,1,1.0,1,1.0,1,0.612708809578568,52
4249,2,6346,6346,0,0,0,0,1.0,1,1.0,1,1.0,1,0.5932884557660373,52
4250,3,6349,6349,0,0,0,0,1.0,1,1.0,1,1.0,1,0.5911488929211444,52
4251,3,6352,6352,0,0,0,0,1.0,1,1.0,1,1.0,1,0.5651890249083898,53
4252,3,6355,6355,0,0,0,0,1.0,1,1.0,1,1.0,1,0.6021352197107036,53
4253,2,6357,6357,0,0,0,0,1.0,1,1.0,1,1.0,1,0.6054432760095617,54
4254,2,6359,6359,0,0,0,0,1.0,1,1.0,1,1.0,1,0.6181668634731006,54
4255,1,6360,6360,0,0,0,0,1.0,1,1.0,1,1.0,1,0.6284323518686428,55
4256,0,6360,6360,0,0,0,0,1.0,1,1.0,1,1.0,1,0.6078560202684725,57
4257,0,6360,6360,0,0,0,0,1.0,1,1.0,1,1.0,1,0.6078560202684725,57
4258,3,6363,6363,0,0,0,0,1.0,1,1.0,1,1.0,1,0.585354913831309,57
4259,2,6365,6365,0,0,0,0,1.0,1,1.0,1,1.0,1,0.5581534814732276,57
4260,2,6367,6367,0,0,0,0,1.0,1,1.0,1,1.0,1,0.5376843125809556,58
4261,2,6369,6369,0,0,0,0,1.0,1,1.0,1,1.0,1,0.5465194173562514,59
4262,1,6370,6370,0,0,0,0,1.0,1,1.0,1,1.0,1,0.5444664238262007,60
4263,2,6372,6372,0,0,0,0,1.0,1,1.0,1,1.0,1,0.5488749885083088,59
4264,3,6375,6375,0,0,0,0,1.0,1,1.0,1,1.0,1,0.5657742142702841,58
4265,2,6377,6377,0,0,0,0,1.0,1,1.0,1,1.0,1,0.5534196442618234,58
4266,3,6380,6380,0,0,0,0,1.0,1,1.0,1,1.0,1,0.5495861789968108,58
4267,2,6382,6382,0,0,0,0,1.0,1,1.0,1,1.0,1,0.5595617698195212,55
4268,2,6384,6384,0,0,0,0,1.0,1,1.0,1,1.0,1,0.5598653914407168,55
4269,2,6386,6386,0,0,0,0,1.0,1,1.0,1,1.0,1,0.5722739715201473,50
4270,1,6387,6387,0,0,0,0,1.0,1,1.0,1,1.0,1,0.5779179234747203,47
4271,2,6389,6389,0,0,0,0,1.0,1,1.0,1,1.0,1,0.5864992634190054,47
4272,0,6389,6389,0,0,0,0,1.0,1,1.0,1,1.0,1,0.5926100986845583,46
4273,2,6391,6391,0,0,0,0,1.0,1,1.0,1,1.0,1,0.6017193279961324,47
4274,6,6397,6397,0,0,0,0,1.0,1,1.0,1,1.0,1,0.5842345919034666,45
4275,5,6402,6402,0,0,0,0,1.0,1,1.0,1,1.0,1,0.6094149401089904,44
4276,3,6405,6405,0,0,0,0,1.0,1,1.0,1,1.0,1,0.6228462187409846,43
4277,3,6408,6408,0,0,0,0,1.0,1,1.0,1,1.0,1,0.655012196981767,42
4278,1,6409,6409,0,0,0,0,1.0,1,1.0,1,1.0,1,0.6486383407022653,43
4279,2,6411,6411,0,0,0,0,1.0,1,1.0,1,1.0,1,0.6920202451156239,42
4280,2,6413,6413,0,0,0,0,1.0,1,1.0,1,1.0,1,0.7080578589947353,44
4281,1,6414,6414,0,0,0,0,1.0,1,1.0,1,1.0,1,0.721656534897669,44
4282,0,6414,6414,0,0,0,0,1.0,1,1.0,1,1.0,1,0.721656534897669,44
4283,0,6414,6414,0,0,0,0,1.0,1,1.0,1,1.0,1,0.7071821520398804,45
4284,0,6414,6414,0,0,0,0,1.0,1,1.0,1,1.0,1,0.7071821520398804,45
4285,3,6417,6417,0,0,0,0,1.0,1,1.0,1,1.0,1,0.6810868800267131,47
4286,1,6418,6418,0,0,0,0,1.0,1,1.0,1,1.0,1,0.6936968344799251,47
4287,1,6419,6419,0,0,0,0,1.0,1,1.0,1,1.0,1,0.6858669320400299,49
4288,1,6420,6420,0,0,0,0,1.0,1,1.0,1,1.0,1,0.6638959670455274,49
4289,1,6421,6421,0,0,0,0,1.0,1,1.0,1,1.0,1,0.6586832571592985,50
4290,1,6422,6422,0,0,0,0,1.0,1,1.0,1,1.0,1,0.6573041258838203,51
4291,3,6425,6425,0,0,0,0,1.0,1,1.0,1,1.0,1,0.6545723547098663,50
4292,0,6425,6425,0,0,0,0,1.0,1,1.0,1,1.0,1,0.6457176798342255,51
4293,2,6427,6427,0,0,0,0,1.0,1,1.0,1,1.0,1,0.618360714099541,51
4294,1,6428,6428,0,0,0,0,1.0,1,1.0,1,1.0,1,0.6216349742801786,50
4295,0,6428,6428,0,0,0,0,1.0,1,1.0,1,1.0,1,0.6129217894849781,50
4296,1,6429,6429,0,0,0,0,1.0,1,1.0,1,1.0,1,0.6171558945304738,49
4297,0,6429,6429,0,0,0,0,1.0,1,1.0,1,1.0,1,0.6299289676830868,49
4298,1,6430,6430,0,0,0,0,1.0,1,1.0,1,1.0,1,0.6192800160081537,49
4299,1,6431,6431,0,0,0,0,1.0,1,1.0,1,1.0,1,0.6147435802219499,48
4300,3,6434,6434,0,0,0,0,1.0,1,1.0,1,1.0,1,0.5757059985523169,49
4301,3,6437,6437,0,0,0,0,1.0,1,1.0,1,1.0,1,0.5700062861351277,50
4302,3,6440,6440,0,0,0,0,1.0,1,1.0,1,1.0,1,0.5474889591766816,51
4303,3,6443,6443,0,0,0,0,1.0,1,1.0,1,1.0,1,0.551498940250871,51
4304,2,6445,6445,0,0,0,0,1.0,1,1.0,1,1.0,1,0.5595832496720177,51
4305,4,6449,6449,0,0,0,0,1.0,1,1.0,1,1.0,1,0.5595867657960965,49
4306,3,6452,6452,0,0,0,0,1.0,1,1.0,1,1.0,1,0.5711939160353995,49
4307,4,6456,6456,0,0,0,0,1.0,1,1.0,1,1.0,1,0.591832439706807,46
4308,2,6458,6458,0,0,0,0,1.0,1,1.0,1,1.0,1,0.5839818881333846,44
4309,3,6461,6461,0,0,0,0,1.0,1,1.0,1,1.0,1,0.5997998892223902,44
4310,0,6461,6461,0,0,0,0,1.0,1,1.0,1,1.0,1,0.6206933705656636,42
4311,6,6467,6467,0,0,0,0,1.0,1,1.0,1,1.0,1,0.6067504268066746,42
4312,3,6470,6470,0,0,0,0,1.0,1,1.0,1,1.0,1,0.5656523319170984,40
4313,3,6473,6473,0,0,0,0,1.0,1,1.0,1,1.0,1,0.5345377165523229,40
4314,1,6474,6474,0,0,0,0,1.0,1,1.0,1,1.0,1,0.5532295318166882,36
4315,2,6476,6476,0,0,0,0,1.0,1,1.0,1,1.0,1,0.5383491182655642,37
4316,1,6477,6477,0,0,0,0,1.0,1,1.0,1,1.0,1,0.5313135864138053,37
4317,2,6479,6479,0,0,0,0,1.0,1,1.0,1,1.0,1,0.5648747856968278,36
4318,2,6481,6481,0,0,0,0,1.0,1,1.0,1,1.0,1,0.5456378131673258,34
4319,0,6481,6481,0,0,0,0,1.0,1,1.0,1,1.0,1,0.5469948819219931,34
4320,0,6481,6481,0,0,0,0,1.0,1,1.0,1,1.0,1,0.5469948819219931,34
4321,1,6482,6482,0,0,0,0,1.0,1,1.0,1,1.0,1,0.5496857431109278,35
4322,0,6482,6482,0,0,0,0,1.0,1,1.0,1,1.0,1,0.5496857431109278,35
4323,0,6482,6482,0,0,0,0,1.0,1,1.0,1,1.0,1,0.5496857431109278,35
4324,1,6483,6483,0,0,0,0,1.0,1,1.0,1,1.0,1,0.5518728428920096,34
4325,2,6485,6485,0,0,0,0,1.0,1,1.0,1,1.0,1,0.5801075832366324,34
4326,1,6486,6486,0,0,0,0,1.0,1,1.0,1,1.0,1,0.5899296149771885,36
4327,0,6486,6486,0,0,0,0,1.0,1,1.0,1,1.0,1,0.6013016806891504,35
4328,2,6488,6488,0,0,0,0,1.0,1,1.0,1,1.0,1,0.627038283002385,35
4329,1,6489,6489,0,0,0,0,1.0,1,1.0,1,1.0,1,0.6155642431698932,38
4330,2,6491,6491,0,0,0,0,1.0,1,1.0,1,1.0,1,0.6473377703460836,38
4331,0,6491,6491,0,0,0,0,1.0,1,1.0,1,1.0,1,0.6539622508296303,39
4332,0,6491,6491,0,0,0,0,1.0,1,1.0,1,1.0,1,0.648245832282213,40
4333,0,6491,6491,0,0,0,0,1.0,1,1.0,1,1.0,1,0.634714351571591,41
4334,0,6491,6491,0,0,0,0,1.0,1,1.0,1,1.0,1,0.634714351571591,41
4335,2,6493,6493,0,0,0,0,1.0,1,1.0,1,1.0,1,0.6405577545042322,42
4336,0,6493,6493,0,0,0,0,1.0,1,1.0,1,1.0,1,0.637099712196864,43
4337,1,6494,6494,0,0,0,0,1.0,1,1.0,1,1.0,1,0.6084527970308277,44
4338,1,6495,6495,0,0,0,0,1.0,1,1.0,1,1.0,1,0.5856007981872177,44
4339,4,6499,6499,0,0,0,0,1.0,1,1.0,1,1.0,1,0.5771895781561367,46
4340,3,6502,6502,0,0,0,0,1.0,1,1.0,1,1.0,1,0.5528712428162152,47
4341,5,6507,6507,0,0,0,0,1.0,1,1.0,1,1.0,1,0.5545185424387251,47
4342,4,6511,6511,0,0,0,0,1.0,1,1.0,1,1.0,1,0.5686388850097271,47
4343,2,6513,6513,0,0,0,0,1.0,1,1.0,1,1.0,1,0.582069164570905,42
4344,1,6514,6514,0,0,0,0,1.0,1,1.0,1,1.0,1,0.568649900982397,42
4345,1,6515,6515,0,0,0,0,1.0,1,1.0,1,1.0,1,0.5856357979812887,39
4346,2,6517,6517,0,0,0,0,1.0,1,1.0,1,1.0,1,0.5776756863758506,37
4347,0,6517,6517,0,0,0,0,1.0,1,1.0,1,1.0,1,0.5939827213491621,37
4348,3,6520,6520,0,0,0,0,1.0,1,1.0,1,1.0,1,0.6208678643903417,38
4349,1,6521,6521,0,0,0,0,1.0,1,1.0,1,1.0,1,0.6091487297674418,36
4350,4,6525,6525,0,0,0,0,1.0,1,1.0,1,1.0,1,0.6387385554447969,37
4351,1,6526,6526,0,0,0,0,1.0,1,1.0,1,1.0,1,0.6211349079328741,35
4352,3,6529,6529,0,0,0,0,1.0,1,1.0,1,1.0,1,0.6824409546478116,34
4353,0,6529,6529,0,0,0,0,1.0,1,1.0,1,1.0,1,0.6691080944509542,34
4354,1,6530,6530,0,0,0,0,1.0,1,1.0,1,1.0,1,0.6428235079425032,32
4355,2,6532,6532,0,0,0,0,1.0,1,1.0,1,1.0,1,0.6078565737045737,32
4356,2,6534,6534,0,0,0,0,1.0,1,1.0,1,1.0,1,0.5964855034854922,34
4357,0,6534,6534,0,0,0,0,1.0,1,1.0,1,1.0,1,0.6005721295046332,35
4358,2,6536,6536,0,0,0,0,1.0,1,1.0,1,1.0,1,0.6215407069832064,35
4359,1,6537,6537,0,0,0,0,1.0,1,1.0,1,1.0,1,0.6397124132423275,37
4360,0,6537,6537,0,0,0,0,1.0,1,1.0,1,1.0,1,0.6272800209111153,38
4361,0,6537,6537,0,0,0,0,1.0,1,1.0,1,1.0,1,0.6063260015908019,39
4362,2,6539,6539,0,0,0,0,1.0,1,1.0,1,1.0,1,0.6172232815072649,38
4363,1,6540,6540,0,0,0,0,1.0,1,1.0,1,1.0,1,0.6259485333156537,38
4364,3,6543,6543,0,0,0,0,1.0,1,1.0,1,1.0,1,0.6299400132648104,39
4365,1,6544,6544,0,0,0,0,1.0,1,1.0,1,1.0,1,0.6372204617566445,39
4366,1,6545,6545,0,0,0,0,1.0,1,1.0,1,1.0,1,0.6475252286960085,39
4367,1,6546,6546,0,0,0,0,1.0,1,1.0,1,1.0,1,0.6385387857867025,41
4368,1,6547,6547,0,0,0,0,1.0,1,1.0,1,1.0,1,0.6467050059715057,41
4369,0,6547,6547,0,0,0,0,1.0,1,1.0,1,1.0,1,0.6434819267023567,42
4370,0,6547,6547,0,0,0,0,1.0,1,1.0,1,1.0,1,0.6434819267023567,42
4371,0,6547,6547,0,0,0,0,1.0,1,1.0,1,1.0,1,0.6381737573408931,43
4372,1,6548,6548,0,0,0,0,1.0,1,1.0,1,1.0,1,0.632419831770568,43
4373,0,6548,6548,0,0,0,0,1.0,1,1.0,1,1.0,1,0.632419831770568,43
4374,0,6548,6548,0,0,0,0,1.0,1,1.0,1,1.0,1,0.6215107016494774,44
4375,3,6551,6551,0,0,0,0,1.0,1,1.0,1,1.0,1,0.6468335111127915,45
4376,0,6551,6551,0,0,0,0,1.0,1,1.0,1,1.0,1,0.6405981271735124,46
4377,3,6554,6554,0,0,0,0,1.0,1,1.0,1,1.0,1,0.6623048220649618,47
4378,2,6556,6556,0,0,0,0,1.0,1,1.0,1,1.0,1,0.622281423964291,49
4379,1,6557,6557,0,0,0,0,1.0,1,1.0,1,1.0,1,0.6355899260250859,51
4380,4,6561,6561,0,0,0,0,1.0,1,1.0,1,1.0,1,0.5884897689222796,50
4381,0,6561,6561,0,0,0,0,1.0,1,1.0,1,1.0,1,0.5941058274018136,49
4382,6,6567,6567,0,0,0,0,1.0,1,1.0,1,1.0,1,0.5869000447444865,47
4383,2,6569,6569,0,0,0,0,1.0,1,1.0,1,1.0,1,0.5788862717046753,47
4384,2,6571,6571,0,0,0,0,1.0,1,1.0,1,1.0,1,0.6090909324867356,44
4385,3,6574,6574,0,0,0,0,1.0,1,1.0,1,1.0,1,0.5942377806049364,42
4386,1,6575,6575,0,0,0,0,1.0,1,1.0,1,1.0,1,0.6461376123883074,41
4387,3,6578,6578,0,0,0,0,1.0,1,1.0,1,1.0,1,0.6615993223850777,39
4388,1,6579,6579,0,0,0,0,1.0,1,1.0,1,1.0,1,0.6747117472061309,39
4389,2,6581,6581,0,0,0,0,1.0,1,1.0,1,1.0,1,0.6973016372519608,38
4390,0,6581,6581,0,0,0,0,1.0,1,1.0,1,1.0,1,0.7002960178105179,38
4391,0,6581,6581,0,0,0,0,1.0,1,1.0,1,1.0,1,0.6923094217006467,39
4392,1,6582,6582,0,0,0,0,1.0,1,1.0,1,1.0,1,0.6971665719923337,39
4393,0,6582,6582,0,0,0,0,1.0,1,1.0,1,1.0,1,0.6882013738322609,40
4394,2,6584,6584,0,0,0,0,1.0,1,1.0,1,1.0,1,0.6731266338783258,39
4395,1,6585,6585,0,0,0,0,1.0,1,1.0,1,1.0,1,0.6789857848753739,39
4396,1,6586,6586,0,0,0,0,1.0,1,1.0,1,1.0,1,0.6848897814407593,39
4397,0,6586,6586,0,0,0,0,1.0,1,1.0,1,1.0,1,0.7042983767166496,38
4398,0,6586,6586,0,0,0,0,1.0,1,1.0,1,1.0,1,0.6911839699394334,39
4399,0,6586,6586,0,0,0,0,1.0,1,1.0,1,1.0,1,0.6813503986476186,42
4400,0,6586,6586,0,0,0,0,1.0,1,1.0,1,1.0,1,0.6784946877685571,43
4401,0,6586,6586,0,0,0,0,1.0,1,1.0,1,1.0,1,0.6676407435402608,44
4402,0,6586,6586,0,0,0,0,1.0,1,1.0,1,1.0,1,0.6676407435402608,44
4403,0,6586,6586,0,0,0,0,1.0,1,1.0,1,1.0,1,0.6572706726110122,45
4404,0,6586,6586,0,0,0,0,1.0,1,1.0,1,1.0,1,0.6572706726110122,45
4405,0,6586,6586,0,0,0,0,1.0,1,1.0,1,1.0,1,0.6575397110954105,46
4406,0,6586,6586,0,0,0,0,1.0,1,1.0,1,1.0,1,0.6575397110954105,46
4407,0,6586,6586,0,0,0,0,1.0,1,1.0,1,1.0,1,0.6575397110954105,46
4408,0,6586,6586,0,0,0,0,1.0,1,1.0,1,1.0,1,0.6493762653786204,47
4409,0,6586,6586,0,0,0,0,1.0,1,1.0,1,1.0,1,0.6372892508064996,48
4410,0,6586,6586,0,0,0,0,1.0,1,1.0,1,1.0,1,0.6372892508064996,48
4411,1,6587,6587,0,0,0,0,1.0,1,1.0,1,1.0,1,0.6315705019769577,50
4412,0,6587,6587,0,0,0,0,1.0,1,1.0,1,1.0,1,0.6315705019769577,50
4413,0,6587,6587,0,0,0,0,1.0,1,1.0,1,1.0,1,0.6319000690164563,50
4414,3,6590,6590,0,0,0,0,1.0,1,1.0,1,1.0,1,0.6352148454089088,51
4415,2,6592,6592,0,0,0,0,1.0,1,1.0,1,1.0,1,0.6455911204991157,51
4416,0,6592,6592,0,0,0,0,1.0,1,1.0,1,1.0,1,0.6455911204991157,51
4417,2,6594,6594,0,0,0,0,1.0,1,1.0,1,1.0,1,0.6646896390481657,51
4418,2,6596,6596,0,0,0,0,1.0,1,1.0,1,1.0,1,0.6789958193134542,51
4419,1,6597,6597,0,0,0,0,1.0,1,1.0,1,1.0,1,0.6829648742662865,50
4420,1,6598,6598,0,0,0,0,1.0,1,1.0,1,1.0,1,0.6894843775438618,50
4421,0,6598,6598,0,0,0,0,1.0,1,1.0,1,1.0,1,0.6781950749458646,52
4422,0,6598,6598,0,0,0,0,1.0,1,1.0,1,1.0,1,0.6782457940969591,51
4423,0,6598,6598,0,0,0,0,1.0,1,1.0,1,1.0,1,0.6782457940969591,51
4424,0,6598,6598,0,0,0,0,1.0,1,1.0,1,1.0,1,0.6635657990201652,53
4425,1,6599,6599,0,0,0,0,1.0,1,1.0,1,1.0,1,0.6430919657120855,54
4426,2,6601,6601,0,0,0,0,1.0,1,1.0,1,1.0,1,0.6281968500944395,55
4427,1,6602,6602,0,0,0,0,1.0,1,1.0,1,1.0,1,0.6208691674234759,55
4428,0,6602,6602,0,0,0,0,1.0,1,1.0,1,1.0,1,0.6208691674234759,55
4429,1,6603,6603,0,0,0,0,1.0,1,1.0,1,1.0,1,0.605945532185955,56
4430,1,6604,6604,0,0,0,0,1.0,1,1.0,1,1.0,1,0.5964497573164294,55
4431,1,6605,6605,0,0,0,0,1.0,1,1.0,1,1.0,1,0.5887740376541695,56
4432,1,6606,6606,0,0,0,0,1.0,1,1.0,1,1.0,1,0.591393065501044,56
4433,1,6607,6607,0,0,0,0,1.0,1,1.0,1,1.0,1,0.5873964487420429,57
4434,2,6609,6609,0,0,0,0,1.0,1,1.0,1,1.0,1,0.5935090793429985,56
4435,2,6611,6611,0,0,0,0,1.0,1,1.0,1,1.0,1,0.6049272466485829,56
4436,3,6614,6614,0,0,0,0,1.0,1,1.0,1,1.0,1,0.6165201027883704,55
4437,1,6615,6615,0,0,0,0,1.0,1,1.0,1,1.0,1,0.6342713508506227,54
4438,0,6615,6615,0,0,0,0,1.0,1,1.0,1,1.0,1,0.6342713508506227,54
4439,1,6616,6616,0,0,0,0,1.0,1,1.0,1,1.0,1,0.6516076631965725,55
4440,0,6616,6616,0,0,0,0,1.0,1,1.0,1,1.0,1,0.6516076631965725,55
4441,4,6620,6620,0,0,0,0,1.0,1,1.0,1,1.0,1,0.6538826141678903,59
4442,1,6621,6621,0,0,0,0,1.0,1,1.0,1,1.0,1,0.648874735182868,61
4443,1,6622,6622,0,0,0,0,1.0,1,1.0,1,1.0,1,0.6491097053184498,60
4444,0,6622,6622,0,0,0,0,1.0,1,1.0,1,1.0,1,0.645763167597449,61
4445,0,6622,6622,0,0,0,0,1.0,1,1.0,1,1.0,1,0.645763167597449,61
4446,1,6623,6623,0,0,0,0,1.0,1,1.0,1,1.0,1,0.6570749360880196,62
4447,0,6623,6623,0,0,0,0,1.0,1,1.0,1,1.0,1,0.6492879241748181,63
4448,0,6623,6623,0,0,0,0,1.0,1,1.0,1,1.0,1,0.6492879241748181,63
4449,0,6623,6623,0,0,0,0,1.0,1,1.0,1,1.0,1,0.6492879241748181,63
4450,0,6623,6623,0,0,0,0,1.0,1,1.0,1,1.0,1,0.6567114950557518,62
4451,0,6623,6623,0,0,0,0,1.0,1,1.0,1,1.0,1,0.6508254992515871,63
4452,2,6625,6625,0,0,0,0,1.0,1,1.0,1,1.0,1,0.6411907363311515,64
4453,0,6625,6625,0,0,0,0,1.0,1,1.0,1,1.0,1,0.6391587068315104,65
4454,3,6628,6628,0,0,0,0,1.0,1,1.0,1,1.0,1,0.6219844303580783,66
4455,1,6629,6629,0,0,0,0,1.0,1,1.0,1,1.0,1,0.615746599217064,67
4456,2,6631,6631,0,0,0,0,1.0,1,1.0,1,1.0,1,0.6121655742234735,67
4457,1,6632,6632,0,0,0,0,1.0,1,1.0,1,1.0,1,0.6150578761609025,65
4458,5,6637,6637,0,0,0,0,1.0,1,1.0,1,1.0,1,0.5839730671058401,65
4459,3,6640,6640,0,0,0,0,1.0,1,1.0,1,1.0,1,0.599227881162807,64
4460,4,6644,6644,0,0,0,0,1.0,1,1.0,1,1.0,1,0.5737864059775841,63
4461,4,6648,6648,0,0,0,0,1.0,1,1.0,1,1.0,1,0.5674328544969286,62
4462,6,6654,6654,0,0,0,0,1.0,1,1.0,1,1.0,1,0.6018884649074921,61
4463,6,6660,6660,0,0,0,0,1.0,1,1.0,1,1.0,1,0.6133145121917157,61
4464,0,6660,6660,0,0,0,0,1.0,1,1.0,1,1.0,1,0.6146942448723859,58
4465,3,6663,6663,0,0,0,0,1.0,1,1.0,1,1.0,1,0.6189139209254041,57
4466,3,6666,6666,0,0,0,0,1.0,1,1.0,1,1.0,1,0.646801735449286,54
4467,2,6668,6668,0,0,0,0,1.0,1,1.0,1,1.0,1,0.6311085933748248,52
4468,5,6673,6673,0,0,0,0,1.0,1,1.0,1,1.0,1,0.5919721269468755,52
4469,1,6674,6674,0,0,0,0,1.0,1,1.0,1,1.0,1,0.5908354069741725,51
4470,3,6677,6677,0,0,0,0,1.0,1,1.0,1,1.0,1,0.5664996116828932,51
4471,3,6680,6680,0,0,0,0,1.0,1,1.0,1,1.0,1,0.5525943620400913,50
4472,2,6682,6682,0,0,0,0,1.0,1,1.0,1,1.0,1,0.5605448488661995,48
4473,0,6682,6682,0,0,0,0,1.0,1,1.0,1,1.0,1,0.568969764996781,47
4474,1,6683,6683,0,0,0,0,1.0,1,1.0,1,1.0,1,0.5675018230010828,49
4475,0,6683,6683,0,0,0,0,1.0,1,1.0,1,1.0,1,0.5851883572279916,47
4476,1,6684,6684,0,0,0,0,1.0,1,1.0,1,1.0,1,0.5827396756455012,49
4477,0,6684,6684,0,0,0,0,1.0,1,1.0,1,1.0,1,0.6141304566567316,48
4478,0,6684,6684,0,0,0,0,1.0,1,1.0,1,1.0,1,0.6141304566567316,48
4479,1,6685,6685,0,0,0,0,1.0,1,1.0,1,1.0,1,0.6041800942019251,48
4480,0,6685,6685,0,0,0,0,1.0,1,1.0,1,1.0,1,0.608513723626855,49
4481,1,6686,6686,0,0,0,0,1.0,1,1.0,1,1.0,1,0.6140088398290137,49
4482,0,6686,6686,0,0,0,0,1.0,1,1.0,1,1.0,1,0.6140088398290137,49
4483,2,6688,6688,0,0,0,0,1.0,1,1.0,1,1.0,1,0.5977273062053274,50
4484,1,6689,6689,0,0,0,0,1.0,1,1.0,1,1.0,1,0.5854866727259564,52
4485,3,6692,6692,0,0,0,0,1.0,1,1.0,1,1.0,1,0.5788235703008168,53
4486,3,6695,6695,0,0,0,0,1.0,1,1.0,1,1.0,1,0.5491770888927026,55
4487,2,6697,6697,0,0,0,0,1.0,1,1.0,1,1.0,1,0.5589994410222396,55
4488,2,6699,6699,0,0,0,0,1.0,1,1.0,1,1.0,1,0.5662282255203951,54
4489,0,6699,6699,0,0,0,0,1.0,1,1.0,1,1.0,1,0.5815201126328571,53
4490,0,6699,6699,0,0,0,0,1.0,1,1.0,1,1.0,1,0.5815201126328571,53
4491,3,6702,6702,0,0,0,0,1.0,1,1.0,1,1.0,1,0.6109301016234805,52
4492,2,6704,6704,0,0,0,0,1.0,1,1.0,1,1.0,1,0.6116705944645094,52
4493,2,6706,6706,0,0,0,0,1.0,1,1.0,1,1.0,1,0.6240009378119565,52
4494,2,6708,6708,0,0,0,0,1.0,1,1.0,1,1.0,1,0.6331374408977164,53
4495,3,6711,6711,0,0,0,0,1.0,1,1.0,1,1.0,1,0.6425467253521623,50
4496,2,6713,6713,0,0,0,0,1.0,1,1.0,1,1.0,1,0.6529556503220304,51
4497,4,6717,6717,0,0,0,0,1.0,1,1.0,1,1.0,1,0.681519009797823,50
4498,1,6718,6718,0,0,0,0,1.0,1,1.0,1,1.0,1,0.6631052414122948,49
4499,2,6720,6720,0,0,0,0,1.0,1,1.0,1,1.0,1,0.6289079092309366,48
4500,3,6723,6723,0,0,0,0,1.0,1,1.0,1,1.0,1,0.5958669099587691,48
4501,4,6727,6727,0,0,0,0,1.0,1,1.0,1,1.0,1,0.5961398311457436,48
4502,1,6728,6728,0,0,0,0,1.0,1,1.0,1,1.0,1,0.5763089282768851,49
4503,4,6732,6732,0,0,0,0,1.0,1,1.0,1,1.0,1,0.5767113053115411,49
4504,2,6734,6734,0,0,0,0,1.0,1,1.0,1,1.0,1,0.5745309897900074,45
4505,4,6738,6738,0,0,0,0,1.0,1,1.0,1,1.0,1,0.5870579672967715,46
4506,4,6742,6742,0,0,0,0,1.0,1,1.0,1,1.0,1,0.5750101541427208,45
4507,0,6742,6742,0,0,0,0,1.0,1,1.0,1,1.0,1,0.5848623929493161,45
4508,1,6743,6743,0,0,0,0,1.0,1,1.0,1,1.0,1,0.5816151973145778,43
4509,2,6745,6745,0,0,0,0,1.0,1,1.0,1,1.0,1,0.5811142429936329,41
4510,3,6748,6748,0,0,0,0,1.0,1,1.0,1,1.0,1,0.5778073418300388,42
4511,2,6750,6750,0,0,0,0,1.0,1,1.0,1,1.0,1,0.5946851675668846,41
4512,1,6751,6751,0,0,0,0,1.0,1,1.0,1,1.0,1,0.5785537083459811,41
4513,2,6753,6753,0,0,0,0,1.0,1,1.0,1,1.0,1,0.5613776724187127,41
4514,2,6755,6755,0,0,0,0,1.0,1,1.0,1,1.0,1,0.5438437896490472,42
4515,1,6756,6756,0,0,0,0,1.0,1,1.0,1,1.0,1,0.5704150903932063,41
4516,3,6759,6759,0,0,0,0,1.0,1,1.0,1,1.0,1,0.5714627577139446,42
4517,1,6760,6760,0,0,0,0,1.0,1,1.0,1,1.0,1,0.5670602329300953,43
4518,0,6760,6760,0,0,0,0,1.0,1,1.0,1,1.0,1,0.5781733803518002,42
4519,1,6761,6761,0,0,0,0,1.0,1,1.0,1,1.0,1,0.5980963031883213,42
4520,0,6761,6761,0,0,0,0,1.0,1,1.0,1,1.0,1,0.6148444995893921,42
4521,0,6761,6761,0,0,0,0,1.0,1,1.0,1,1.0,1,0.6148444995893921,42
4522,3,6764,6764,0,0,0,0,1.0,1,1.0,1,1.0,1,0.6298917798217983,42
4523,0,6764,6764,0,0,0,0,1.0,1,1.0,1,1.0,1,0.6298917798217983,42
4524,2,6766,6766,0,0,0,0,1.0,1,1.0,1,1.0,1,0.6358692542366863,43
4525,3,6769,6769,0,0,0,0,1.0,1,1.0,1,1.0,1,0.6306623575945465,46
4526,3,6772,6772,0,0,0,0,1.0,1,1.0,1,1.0,1,0.6647505682912186,46
4527,1,6773,6773,0,0,0,0,1.0,1,1.0,1,1.0,1,0.6614193668573557,47
4528,0,6773,6773,0,0,0,0,1.0,1,1.0,1,1.0,1,0.6532170336573384,49
4529,2,6775,6775,0,0,0,0,1.0,1,1.0,1,1.0,1,0.6508607229946795,50
4530,2,6777,6777,0,0,0,0,1.0,1,1.0,1,1.0,1,0.6396774461875163,51
4531,1,6778,6778,0,0,0,0,1.0,1,1.0,1,1.0,1,0.6367075127743237,51
4532,0,6778,6778,0,0,0,0,1.0,1,1.0,1,1.0,1,0.6367075127743237,51
4533,2,6780,6780,0,0,0,0,1.0,1,1.0,1,1.0,1,0.6201021122460603,50
4534,2,6782,6782,0,0,0,0,1.0,1,1.0,1,1.0,1,0.6102013959566555,51
4535,2,6784,6784,0,0,0,0,1.0,1,1.0,1,1.0,1,0.6085527700453814,50
4536,0,6784,6784,0,0,0,0,1.0,1,1.0,1,1.0,1,0.6176408543738621,48
4537,3,6787,6787,0,0,0,0,1.0,1,1.0,1,1.0,1,0.6207051374149576,49
4538,2,6789,6789,0,0,0,0,1.0,1,1.0,1,1.0,1,0.5843822211822269,48
4539,3,6792,6792,0,0,0,0,1.0,1,1.0,1,1.0,1,0.5810699464962564,50
4540,3,6795,6795,0,0,0,0,1.0,1,1.0,1,1.0,1,0.5185684171928276,49
4541,0,6795,6795,0,0,0,0,1.0,1,1.0,1,1.0,1,0.5185684171928276,49
4542,5,6800,6800,0,0,0,0,1.0,1,1.0,1,1.0,1,0.49999413540571225,47
4543,3,6803,6803,0,0,0,0,1.0,1,1.0,1,1.0,1,0.5021851894480243,45
4544,2,6805,6805,0,0,0,0,1.0,1,1.0,1,1.0,1,0.5184586988707415,45
4545,2,6807,6807,0,0,0,0,1.0,1,1.0,1,1.0,1,0.5453995142991689,43
4546,2,6809,6809,0,0,0,0,1.0,1,1.0,1,1.0,1,0.5348482823810056,43
4547,1,6810,6810,0,0,0,0,1.0,1,1.0,1,1.0,1,0.5619416368065212,41
4548,2,6812,6812,0,0,0,0,1.0,1,1.0,1,1.0,1,0.5864052371017975,42
4549,1,6813,6813,0,0,0,0,1.0,1,1.0,1,1.0,1,0.5750136667202734,41
4550,5,6818,6818,0,0,0,0,1.0,1,1.0,1,1.0,1,0.5555960272450988,41
4551,0,6818,6818,0,0,0,0,1.0,1,1.0,1,1.0,1,0.5617394040712688,39
4552,1,6819,6819,0,0,0,0,1.0,1,1.0,1,1.0,1,0.5884972514844947,38
4553,0,6819,6819,0,0,0,0,1.0,1,1.0,1,1.0,1,0.5938246441387428,39
4554,1,6820,6820,0,0,0,0,1.0,1,1.0,1,1.0,1,0.610376083450133,38
4555,1,6821,6821,0,0,0,0,1.0,1,1.0,1,1.0,1,0.6310530705803993,37
4556,3,6824,6824,0,0,0,0,1.0,1,1.0,1,1.0,1,0.6299219431379497,36
4557,0,6824,6824,0,0,0,0,1.0,1,1.0,1,1.0,1,0.6202264526804144,38
4558,1,6825,6825,0,0,0,0,1.0,1,1.0,1,1.0,1,0.6232510012185077,39
4559,2,6827,6827,0,0,0,0,1.0,1,1.0,1,1.0,1,0.6453107391975961,38
4560,1,6828,6828,0,0,0,0,1.0,1,1.0,1,1.0,1,0.6567355291629912,41
4561,0,6828,6828,0,0,0,0,1.0,1,1.0,1,1.0,1,0.6567355291629912,41
4562,1,6829,6829,0,0,0,0,1.0,1,1.0,1,1.0,1,0.6426457803001651,43
4563,0,6829,6829,0,0,0,0,1.0,1,1.0,1,1.0,1,0.636187407274781,42
4564,0,6829,6829,0,0,0,0,1.0,1,1.0,1,1.0,1,0.6369881696105683,43
4565,3,6832,6832,0,0,0,0,1.0,1,1.0,1,1.0,1,0.6034983285031594,44
4566,2,6834,6834,0,0,0,0,1.0,1,1.0,1,1.0,1,0.5800969508241293,45
4567,3,6837,6837,0,0,0,0,1.0,1,1.0,1,1.0,1,0.593490411373521,47
4568,1,6838,6838,0,0,0,0,1.0,1,1.0,1,1.0,1,0.6004218999881498,47
4569,2,6840,6840,0,0,0,0,1.0,1,1.0,1,1.0,1,0.6232829202720703,49
4570,1,6841,6841,0,0,0,0,1.0,1,1.0,1,1.0,1,0.6302676868112163,49
4571,1,6842,6842,0,0,0,0,1.0,1,1.0,1,1.0,1,0.6421952642337424,48
4572,0,6842,6842,0,0,0,0,1.0,1,1.0,1,1.0,1,0.6421952642337424,48
4573,2,6844,6844,0,0,0,0,1.0,1,1.0,1,1.0,1,0.6224616248889855,48
4574,2,6846,6846,0,0,0,0,1.0,1,1.0,1,1.0,1,0.6295796328296741,50
4575,1,6847,6847,0,0,0,0,1.0,1,1.0,1,1.0,1,0.6242393295026724,51
4576,2,6849,6849,0,0,0,0,1.0,1,1.0,1,1.0,1,0.6445988711689857,48
4577,0,6849,6849,0,0,0,0,1.0,1,1.0,1,1.0,1,0.6364304361614327,47
4578,1,6850,6850,0,0,0,0,1.0,1,1.0,1,1.0,1,0.6355837439129014,46
4579,0,6850,6850,0,0,0,0,1.0,1,1.0,1,1.0,1,0.6351838853198165,46
4580,0,6850,6850,0,0,0,0,1.0,1,1.0,1,1.0,1,0.624032440044752,47
4581,1,6851,6851,0,0,0,0,1.0,1,1.0,1,1.0,1,0.6411597378374821,47
4582,0,6851,6851,0,0,0,0,1.0,1,1.0,1,1.0,1,0.6417762067208519,48
4583,0,6851,6851,0,0,0,0,1.0,1,1.0,1,1.0,1,0.6417762067208519,48
4584,0,6851,6851,0,0,0,0,1.0,1,1.0,1,1.0,1,0.6370430631004076,50
4585,1,6852,6852,0,0,0,0,1.0,1,1.0,1,1.0,1,0.6464003322682284,50
4586,0,6852,6852,0,0,0,0,1.0,1,1.0,1,1.0,1,0.6464003322682284,50
4587,0,6852,6852,0,0,0,0,1.0,1,1.0,1,1.0,1,0.6464003322682284,50
4588,0,6852,6852,0,0,0,0,1.0,1,1.0,1,1.0,1,0.6464003322682284,50
4589,0,6852,6852,0,0,0,0,1.0,1,1.0,1,1.0,1,0.6400753673837851,52
4590,0,6852,6852,0,0,0,0,1.0,1,1.0,1,1.0,1,0.6400753673837851,52
4591,0,6852,6852,0,0,0,0,1.0,1,1.0,1,1.0,1,0.6405506291865236,53
4592,0,6852,6852,0,0,0,0,1.0,1,1.0,1,1.0,1,0.6461622238872149,54
4593,1,6853,6853,0,0,0,0,1.0,1,1.0,1,1.0,1,0.6374874562492797,56
4594,0,6853,6853,0,0,0,0,1.0,1,1.0,1,1.0,1,0.6380201790727987,57
4595,3,6856,6856,0,0,0,0,1.0,1,1.0,1,1.0,1,0.641188516758821,56
4596,0,6856,6856,0,0,0,0,1.0,1,1.0,1,1.0,1,0.641188516758821,56
4597,2,6858,6858,0,0,0,0,1.0,1,1.0,1,1.0,1,0.6487982921185927,56
4598,2,6860,6860,0,0,0,0,1.0,1,1.0,1,1.0,1,0.6637197041231605,57
4599,0,6860,6860,0,0,0,0,1.0,1,1.0,1,1.0,1,0.6428982240751342,59
4600,0,6860,6860,0,0,0,0,1.0,1,1.0,1,1.0,1,0.6470852508324177,60
4601,1,6861,6861,0,0,0,0,1.0,1,1.0,1,1.0,1,0.6551975920626117,60
4602,0,6861,6861,0,0,0,0,1.0,1,1.0,1,1.0,1,0.640918446038006,62
4603,0,6861,6861,0,0,0,0,1.0,1,1.0,1,1.0,1,0.640918446038006,62
4604,0,6861,6861,0,0,0,0,1.0,1,1.0,1,1.0,1,0.631727602212383,63
4605,0,6861,6861,0,0,0,0,1.0,1,1.0,1,1.0,1,0.631727602212383,63
4606,0,6861,6861,0,0,0,0,1.0,1,1.0,1,1.0,1,0.6321962732545028,64
4607,2,6863,6863,0,0,0,0,1.0,1,1.0,1,1.0,1,0.6276377334612763,65
4608,1,6864,6864,0,0,0,0,1.0,1,1.0,1,1.0,1,0.6248021809106422,66
4609,2,6866,6866,0,0,0,0,1.0,1,1.0,1,1.0,1,0.6355310032972108,65
4610,1,6867,6867,0,0,0,0,1.0,1,1.0,1,1.0,1,0.6255318112293334,63
4611,3,6870,6870,0,0,0,0,1.0,1,1.0,1,1.0,1,0.6403313624536596,64
4612,3,6873,6873,0,0,0,0,1.0,1,1.0,1,1.0,1,0.6307656157569237,62
4613,3,6876,6876,0,0,0,0,1.0,1,1.0,1,1.0,1,0.6415161548042987,63
4614,1,6877,6877,0,0,0,0,1.0,1,1.0,1,1.0,1,0.6337853640734838,61
4615,2,6879,6879,0,0,0,0,1.0,1,1.0,1,1.0,1,0.6323932285670716,59
4616,1,6880,6880,0,0,0,0,1.0,1,1.0,1,1.0,1,0.6347505478658794,58
4617,2,6882,6882,0,0,0,0,1.0,1,1.0,1,1.0,1,0.6319016711524732,58
4618,1,6883,6883,0,0,0,0,1.0,1,1.0,1,1.0,1,0.6405739464076383,57
4619,3,6886,6886,0,0,0,0,1.0,1,1.0,1,1.0,1,0.6347088827940438,57
4620,1,6887,6887,0,0,0,0,1.0,1,1.0,1,1.0,1,0.6222121620976425,57
4621,3,6890,6890,0,0,0,0,1.0,1,1.0,1,1.0,1,0.6207167243144814,59
4622,5,6895,6895,0,0,0,0,1.0,1,1.0,1,1.0,1,0.6071335194998996,60
4623,2,6897,6897,0,0,0,0,1.0,1,1.0,1,1.0,1,0.6123957634134893,59
4624,3,6900,6900,0,0,0,0,1.0,1,1.0,1,1.0,1,0.6230678639626639,59
4625,1,6901,6901,0,0,0,0,1.0,1,1.0,1,1.0,1,0.6226848704427661,57
4626,2,6903,6903,0,0,0,0,1.0,1,1.0,1,1.0,1,0.6333350509820344,56
4627,1,6904,6904,0,0,0,0,1.0,1,1.0,1,1.0,1,0.6384442412585848,56
4628,2,6906,6906,0,0,0,0,1.0,1,1.0,1,1.0,1,0.6346720032703711,56
4629,0,6906,6906,0,0,0,0,1.0,1,1.0,1,1.0,1,0.649008913909406,56
4630,0,6906,6906,0,0,0,0,1.0,1,1.0,1,1.0,1,0.6386790834800173,57
4631,0,6906,6906,0,0,0,0,1.0,1,1.0,1,1.0,1,0.6626488252386571,56
4632,0,6906,6906,0,0,0,0,1.0,1,1.0,1,1.0,1,0.6643040434790151,57
4633,1,6907,6907,0,0,0,0,1.0,1,1.0,1,1.0,1,0.64992328861638,58
4634,0,6907,6907,0,0,0,0,1.0,1,1.0,1,1.0,1,0.64992328861638,58
4635,0,6907,6907,0,0,0,0,1.0,1,1.0,1,1.0,1,0.6406936820869485,59
4636,1,6908,6908,0,0,0,0,1.0,1,1.0,1,1.0,1,0.6258910345915396,60
4637,1,6909,6909,0,0,0,0,1.0,1,1.0,1,1.0,1,0.6244450101670193,60
4638,1,6910,6910,0,0,0,0,1.0,1,1.0,1,1.0,1,0.624589810435195,61
4639,2,6912,6912,0,0,0,0,1.0,1,1.0,1,1.0,1,0.6176087623288489,62
4640,1,6913,6913,0,0,0,0,1.0,1,1.0,1,1.0,1,0.6201157589238884,63
4641,2,6915,6915,0,0,0,0,1.0,1,1.0,1,1.0,1,0.6106169221533011,63
4642,0,6915,6915,0,0,0,0,1.0,1,1.0,1,1.0,1,0.6197530654384102,62
4643,3,6918,6918,0,0,0,0,1.0,1,1.0,1,1.0,1,0.6256365250397647,63
4644,3,6921,6921,0,0,0,0,1.0,1,1.0,1,1.0,1,0.6447101444555862,62
4645,1,6922,6922,0,0,0,0,1.0,1,1.0,1,1.0,1,0.6330441179864645,63
4646,4,6926,6926,0,0,0,0,1.0,1,1.0,1,1.0,1,0.6548137602379962,63
4647,0,6926,6926,0,0,0,0,1.0,1,1.0,1,1.0,1,0.6546778429693101,62
4648,3,6929,6929,0,0,0,0,1.0,1,1.0,1,1.0,1,0.6874215419600139,63
4649,4,6933,6933,0,0,0,0,1.0,1,1.0,1,1.0,1,0.6923183772073791,61
4650,2,6935,6935,0,0,0,0,1.0,1,1.0,1,1.0,1,0.6872147242579335,63
4651,1,6936,6936,0,0,0,0,1.0,1,1.0,1,1.0,1,0.6920446998875086,62
4652,1,6937,6937,0,0,0,0,1.0,1,1.0,1,1.0,1,0.6928513092013062,59
4653,0,6937,6937,0,0,0,0,1.0,1,1.0,1,1.0,1,0.6962786937320444,60
4654,1,6938,6938,0,0,0,0,1.0,1,1.0,1,1.0,1,0.6991059365707375,60
4655,0,6938,6938,0,0,0,0,1.0,1,1.0,1,1.0,1,0.6991059365707375,60
4656,1,6939,6939,0,0,0,0,1.0,1,1.0,1,1.0,1,0.7022157240610665,61
4657,1,6940,6940,0,0,0,0,1.0,1,1.0,1,1.0,1,0.6967615571390648,62
4658,7,6947,6947,0,0,0,0,1.0,1,1.0,1,1.0,1,0.6739238623195801,62
4659,0,6947,6947,0,0,0,0,1.0,1,1.0,1,1.0,1,0.6740404748720978,61
4660,2,6949,6949,0,0,0,0,1.0,1,1.0,1,1.0,1,0.6440522463918845,61
4661,2,6951,6951,0,0,0,0,1.0,1,1.0,1,1.0,1,0.6268840168187445,61
4662,2,6953,6953,0,0,0,0,1.0,1,1.0,1,1.0,1,0.605529530534982,62
4663,2,6955,6955,0,0,0,0,1.0,1,1.0,1,1.0,1,0.6032470162020249,61
4664,4,6959,6959,0,0,0,0,1.0,1,1.0,1,1.0,1,0.6030046691235528,62
4665,3,6962,6962,0,0,0,0,1.0,1,1.0,1,1.0,1,0.6083254688098684,61
4666,3,6965,6965,0,0,0,0,1.0,1,1.0,1,1.0,1,0.6094535482120123,61
4667,2,6967,6967,0,0,0,0,1.0,1,1.0,1,1.0,1,0.6165320233858015,59
4668,2,6969,6969,0,0,0,0,1.0,1,1.0,1,1.0,1,0.6258649468154444,59
4669,1,6970,6970,0,0,0,0,1.0,1,1.0,1,1.0,1,0.642846683707915,58
4670,5,6975,6975,0,0,0,0,1.0,1,1.0,1,1.0,1,0.6450300776193901,57
4671,1,6976,6976,0,0,0,0,1.0,1,1.0,1,1.0,1,0.6261589969615382,55
4672,3,6979,6979,0,0,0,0,1.0,1,1.0,1,1.0,1,0.6273521385982425,56
4673,1,6980,6980,0,0,0,0,1.0,1,1.0,1,1.0,1,0.6118798957706062,58
4674,2,6982,6982,0,0,0,0,1.0,1,1.0,1,1.0,1,0.6313165613738854,58
4675,0,6982,6982,0,0,0,0,1.0,1,1.0,1,1.0,1,0.652993232690883,57
4676,3,6985,6985,0,0,0,0,1.0,1,1.0,1,1.0,1,0.6689603473661538,58
4677,1,6986,6986,0,0,0,0,1.0,1,1.0,1,1.0,1,0.6832856520826786,57
4678,2,6988,6988,0,0,0,0,1.0,1,1.0,1,1.0,1,0.6918281171492116,57
4679,0,6988,6988,0,0,0,0,1.0,1,1.0,1,1.0,1,0.6918281171492116,57
4680,0,6988,6988,0,0,0,0,1.0,1,1.0,1,1.0,1,0.6840492290857808,59
4681,1,6989,6989,0,0,0,0,1.0,1,1.0,1,1.0,1,0.6910057411044908,60
4682,3,6992,6992,0,0,0,0,1.0,1,1.0,1,1.0,1,0.7022753384099875,60
4683,2,6994,6994,0,0,0,0,1.0,1,1.0,1,1.0,1,0.7104546634207859,60
4684,1,6995,6995,0,0,0,0,1.0,1,1.0,1,1.0,1,0.7150682895253824,60
4685,0,6995,6995,0,0,0,0,1.0,1,1.0,1,1.0,1,0.7160723659946902,59
4686,2,6997,6997,0,0,0,0,1.0,1,1.0,1,1.0,1,0.7077453551661412,60
4687,2,6999,6999,0,0,0,0,1.0,1,1.0,1,1.0,1,0.7029851547271687,59
4688,2,7001,7001,0,0,0,0,1.0,1,1.0,1,1.0,1,0.698671120799603,59
4689,1,7002,7002,0,0,0,0,1.0,1,1.0,1,1.0,1,0.7021360920114534,59
4690,2,7004,7004,0,0,0,0,1.0,1,1.0,1,1.0,1,0.6908548070570705,58
4691,2,7006,7006,0,0,0,0,1.0,1,1.0,1,1.0,1,0.6926128720036416,57
4692,3,7009,7009,0,0,0,0,1.0,1,1.0,1,1.0,1,0.6735331832235287,58
4693,0,7009,7009,0,0,0,0,1.0,1,1.0,1,1.0,1,0.6736596823933045,57
4694,3,7012,7012,0,0,0,0,1.0,1,1.0,1,1.0,1,0.6557543829696204,57
4695,0,7012,7012,0,0,0,0,1.0,1,1.0,1,1.0,1,0.670583017792467,56
4696,3,7015,7015,0,0,0,0,1.0,1,1.0,1,1.0,1,0.6736368206683222,57
4697,1,7016,7016,0,0,0,0,1.0,1,1.0,1,1.0,1,0.6590047258426676,58
4698,3,7019,7019,0,0,0,0,1.0,1,1.0,1,1.0,1,0.6211755151131442,59
4699,1,7020,7020,0,0,0,0,1.0,1,1.0,1,1.0,1,0.6187487692333851,58
4700,3,7023,7023,0,0,0,0,1.0,1,1.0,1,1.0,1,0.5784821708523644,59
4701,1,7024,7024,0,0,0,0,1.0,1,1.0,1,1.0,1,0.581161973884457,60
4702,2,7026,7026,0,0,0,0,1.0,1,1.0,1,1.0,1,0.5805596672440677,61
4703,4,7030,7030,0,0,0,0,1.0,1,1.0,1,1.0,1,0.593850064337708,59
4704,2,7032,7032,0,0,0,0,1.0,1,1.0,1,1.0,1,0.6165975044976643,58
4705,4,7036,7036,0,0,0,0,1.0,1,1.0,1,1.0,1,0.6140058894796662,58
4706,4,7040,7040,0,0,0,0,1.0,1,1.0,1,1.0,1,0.6109541549086492,60
4707,1,7041,7041,0,0,0,0,1.0,1,1.0,1,1.0,1,0.6141817413651727,57
4708,6,7047,7047,0,0,0,0,1.0,1,1.0,1,1.0,1,0.6151400834132219,57
4709,2,7049,7049,0,0,0,0,1.0,1,1.0,1,1.0,1,0.643917975308185,55
4710,1,7050,7050,0,0,0,0,1.0,1,1.0,1,1.0,1,0.6539807405643225,53
4711,2,7052,7052,0,0,0,0,1.0,1,1.0,1,1.0,1,0.6439511034358634,52
4712,1,7053,7053,0,0,0,0,1.0,1,1.0,1,1.0,1,0.6547655294572133,52
4713,3,7056,7056,0,0,0,0,1.0,1,1.0,1,1.0,1,0.649168839455778,51
4714,0,7056,7056,0,0,0,0,1.0,1,1.0,1,1.0,1,0.6487757293198014,50
4715,2,7058,7058,0,0,0,0,1.0,1,1.0,1,1.0,1,0.6452699417515467,50
4716,1,7059,7059,0,0,0,0,1.0,1,1.0,1,1.0,1,0.649371867328657,49
4717,2,7061,7061,0,0,0,0,1.0,1,1.0,1,1.0,1,0.6365846713100711,49
4718,0,7061,7061,0,0,0,0,1.0,1,1.0,1,1.0,1,0.6380728362533866,50
4719,1,7062,7062,0,0,0,0,1.0,1,1.0,1,1.0,1,0.6270154895415992,49
4720,0,7062,7062,0,0,0,0,1.0,1,1.0,1,1.0,1,0.6270154895415992,49
4721,3,7065,7065,0,0,0,0,1.0,1,1.0,1,1.0,1,0.5965350066445947,50
4722,1,7066,7066,0,0,0,0,1.0,1,1.0,1,1.0,1,0.6109909377569427,51
4723,2,7068,7068,0,0,0,0,1.0,1,1.0,1,1.0,1,0.5818122613828741,50
4724,2,7070,7070,0,0,0,0,1.0,1,1.0,1,1.0,1,0.5974696007786108,50
4725,0,7070,7070,0,0,0,0,1.0,1,1.0,1,1.0,1,0.5992179865761734,52
4726,0,7070,7070,0,0,0,0,1.0,1,1.0,1,1.0,1,0.6147021168942524,51
4727,2,7072,7072,0,0,0,0,1.0,1,1.0,1,1.0,1,0.6162287097630621,52
4728,1,7073,7073,0,0,0,0,1.0,1,1.0,1,1.0,1,0.6237899886424232,52
4729,0,7073,7073,0,0,0,0,1.0,1,1.0,1,1.0,1,0.6237899886424232,52
4730,1,7074,7074,0,0,0,0,1.0,1,1.0,1,1.0,1,0.6456250832037401,50
4731,3,7077,7077,0,0,0,0,1.0,1,1.0,1,1.0,1,0.6246038606354533,51
4732,1,7078,7078,0,0,0,0,1.0,1,1.0,1,1.0,1,0.6132303981190728,52
4733,3,7081,7081,0,0,0,0,1.0,1,1.0,1,1.0,1,0.6316006446251654,53
4734,0,7081,7081,0,0,0,0,1.0,1,1.0,1,1.0,1,0.6316006446251654,53
4735,1,7082,7082,0,0,0,0,1.0,1,1.0,1,1.0,1,0.6397977639453221,53
4736,1,7083,7083,0,0,0,0,1.0,1,1.0,1,1.0,1,0.6486561681242047,55
4737,0,7083,7083,0,0,0,0,1.0,1,1.0,1,1.0,1,0.6448329363782108,57
4738,2,7085,7085,0,0,0,0,1.0,1,1.0,1,1.0,1,0.6254950306533329,57
4739,0,7085,7085,0,0,0,0,1.0,1,1.0,1,1.0,1,0.6254950306533329,57
4740,2,7087,7087,0,0,0,0,1.0,1,1.0,1,1.0,1,0.6005660434401714,57
4741,1,7088,7088,0,0,0,0,1.0,1,1.0,1,1.0,1,0.5875006882359024,58
4742,3,7091,7091,0,0,0,0,1.0,1,1.0,1,1.0,1,0.5888519640980415,58
4743,2,7093,7093,0,0,0,0,1.0,1,1.0,1,1.0,1,0.5855115977516586,56
4744,2,7095,7095,0,0,0,0,1.0,1,1.0,1,1.0,1,0.5914465623801451,57
4745,2,7097,7097,0,0,0,0,1.0,1,1.0,1,1.0,1,0.5864801871700489,56
4746,5,7102,7102,0,0,0,0,1.0,1,1.0,1,1.0,1,0.5873670549070884,56
4747,2,7104,7104,0,0,0,0,1.0,1,1.0,1,1.0,1,0.5916613624367659,55
4748,1,7105,7105,0,0,0,0,1.0,1,1.0,1,1.0,1,0.5978011253966078,55
4749,1,7106,7106,0,0,0,0,1.0,1,1.0,1,1.0,1,0.6120006558710048,54
4750,2,7108,7108,0,0,0,0,1.0,1,1.0,1,1.0,1,0.610655605000835,53
4751,1,7109,7109,0,0,0,0,1.0,1,1.0,1,1.0,1,0.6487312160911054,53
4752,2,7111,7111,0,0,0,0,1.0,1,1.0,1,1.0,1,0.6464374432784175,53
4753,0,7111,7111,0,0,0,0,1.0,1,1.0,1,1.0,1,0.6569926698824081,52
4754,0,7111,7111,0,0,0,0,1.0,1,1.0,1,1.0,1,0.6542397776121428,52
4755,0,7111,7111,0,0,0,0,1.0,1,1.0,1,1.0,1,0.6536841733092017,51
4756,1,7112,7112,0,0,0,0,1.0,1,1.0,1,1.0,1,0.6413531632995648,52
4757,1,7113,7113,0,0,0,0,1.0,1,1.0,1,1.0,1,0.6192536298962297,51
4758,3,7116,7116,0,0,0,0,1.0,1,1.0,1,1.0,1,0.6087336745828353,51
4759,1,7117,7117,0,0,0,0,1.0,1,1.0,1,1.0,1,0.6028539644832824,51
4760,3,7120,7120,0,0,0,0,1.0,1,1.0,1,1.0,1,0.585727085799031,52
4761,3,7123,7123,0,0,0,0,1.0,1,1.0,1,1.0,1,0.573268949165283,50
4762,5,7128,7128,0,0,0,0,1.0,1,1.0,1,1.0,1,0.5895357699667358,51
4763,0,7128,7128,0,0,0,0,1.0,1,1.0,1,1.0,1,0.5895357699667358,51
4764,5,7133,7133,0,0,0,0,1.0,1,1.0,1,1.0,1,0.6075798288934188,53
4765,0,7133,7133,0,0,0,0,1.0,1,1.0,1,1.0,1,0.6075798288934188,53
4766,2,7135,7135,0,0,0,0,1.0,1,1.0,1,1.0,1,0.6144873097813867,55
4767,0,7135,7135,0,0,0,0,1.0,1,1.0,1,1.0,1,0.6056055798357108,56
4768,1,7136,7136,0,0,0,0,1.0,1,1.0,1,1.0,1,0.603856572052371,56
4769,1,7137,7137,0,0,0,0,1.0,1,1.0,1,1.0,1,0.6103041085841218,56
4770,1,7138,7138,0,0,0,0,1.0,1,1.0,1,1.0,1,0.6063297602897046,56
4771,0,7138,7138,0,0,0,0,1.0,1,1.0,1,1.0,1,0.6113204757203983,55
4772,3,7141,7141,0,0,0,0,1.0,1,1.0,1,1.0,1,0.6385748725233523,56
4773,0,7141,7141,0,0,0,0,1.0,1,1.0,1,1.0,1,0.6385748725233523,56
4774,0,7141,7141,0,0,0,0,1.0,1,1.0,1,1.0,1,0.62098944932404,58
4775,0,7141,7141,0,0,0,0,1.0,1,1.0,1,1.0,1,0.6180654971504712,59
4776,0,7141,7141,0,0,0,0,1.0,1,1.0,1,1.0,1,0.6180654971504712,59
4777,0,7141,7141,0,0,0,0,1.0,1,1.0,1,1.0,1,0.6129453045535797,60
4778,2,7143,7143,0,0,0,0,1.0,1,1.0,1,1.0,1,0.5835556347727234,60
4779,1,7144,7144,0,0,0,0,1.0,1,1.0,1,1.0,1,0.58565292310678,61
4780,2,7146,7146,0,0,0,0,1.0,1,1.0,1,1.0,1,0.5484787967426126,63
4781,0,7146,7146,0,0,0,0,1.0,1,1.0,1,1.0,1,0.5429251170499925,62
4782,2,7148,7148,0,0,0,0,1.0,1,1.0,1,1.0,1,0.5575767458589185,63
4783,0,7148,7148,0,0,0,0,1.0,1,1.0,1,1.0,1,0.5504871673815914,62
4784,4,7152,7152,0,0,0,0,1.0,1,1.0,1,1.0,1,0.5510614689381746,62
4785,3,7155,7155,0,0,0,0,1.0,1,1.0,1,1.0,1,0.5481515586178629,62
4786,5,7160,7160,0,0,0,0,1.0,1,1.0,1,1.0,1,0.5668589808154613,63
4787,2,7162,7162,0,0,0,0,1.0,1,1.0,1,1.0,1,0.5705077559704913,62
4788,5,7167,7167,0,0,0,0,1.0,1,1.0,1,1.0,1,0.5844668593625835,62
4789,4,7171,7171,0,0,0,0,1.0,1,1.0,1,1.0,1,0.6053174344545516,60
4790,7,7178,7178,0,0,0,0,1.0,1,1.0,1,1.0,1,0.5987624371284427,61
4791,1,7179,7179,0,0,0,0,1.0,1,1.0,1,1.0,1,0.6209546677893644,60
4792,4,7183,7183,0,0,0,0,1.0,1,1.0,1,1.0,1,0.623492885252526,60
4793,1,7184,7184,0,0,0,0,1.0,1,1.0,1,1.0,1,0.6370742528716818,61
4794,2,7186,7186,0,0,0,0,1.0,1,1.0,1,1.0,1,0.666716297319657,59
4795,2,7188,7188,0,0,0,0,1.0,1,1.0,1,1.0,1,0.6649030941685456,61
4796,3,7191,7191,0,0,0,0,1.0,1,1.0,1,1.0,1,0.6669754073287392,59
4797,2,7193,7193,0,0,0,0,1.0,1,1.0,1,1.0,1,0.6928351548119279,58
4798,2,7195,7195,0,0,0,0,1.0,1,1.0,1,1.0,1,0.6758759672822854,59
4799,0,7195,7195,0,0,0,0,1.0,1,1.0,1,1.0,1,0.6834059421734545,57
4800,3,7198,7198,0,0,0,0,1.0,1,1.0,1,1.0,1,0.6629152147250738,58
4801,0,7198,7198,0,0,0,0,1.0,1,1.0,1,1.0,1,0.6547460807974846,57
4802,4,7202,7202,0,0,0,0,1.0,1,1.0,1,1.0,1,0.6405956192095003,57
4803,1,7203,7203,0,0,0,0,1.0,1,1.0,1,1.0,1,0.6376187334957144,56
4804,1,7204,7204,0,0,0,0,1.0,1,1.0,1,1.0,1,0.6314429853796434,54
4805,1,7205,7205,0,0,0,0,1.0,1,1.0,1,1.0,1,0.6029725484175049,56
4806,2,7207,7207,0,0,0,0,1.0,1,1.0,1,1.0,1,0.589938276265988,55
4807,2,7209,7209,0,0,0,0,1.0,1,1.0,1,1.0,1,0.5950360753430645,54
4808,0,7209,7209,0,0,0,0,1.0,1,1.0,1,1.0,1,0.5909865480705742,53
4809,0,7209,7209,0,0,0,0,1.0,1,1.0,1,1.0,1,0.5909865480705742,53
4810,0,7209,7209,0,0,0,0,1.0,1,1.0,1,1.0,1,0.5981371825430534,51
4811,2,7211,7211,0,0,0,0,1.0,1,1.0,1,1.0,1,0.6152759267775593,52
4812,0,7211,7211,0,0,0,0,1.0,1,1.0,1,1.0,1,0.6104467877324162,52
4813,0,7211,7211,0,0,0,0,1.0,1,1.0,1,1.0,1,0.6104467877324162,52
4814,2,7213,7213,0,0,0,0,1.0,1,1.0,1,1.0,1,0.6404937152332916,53
4815,5,7218,7218,0,0,0,0,1.0,1,1.0,1,1.0,1,0.6622567095664436,54
4816,2,7220,7220,0,0,0,0,1.0,1,1.0,1,1.0,1,0.6540293327317536,54
4817,2,7222,7222,0,0,0,0,1.0,1,1.0,1,1.0,1,0.6849193501060575,55
4818,6,7228,7228,0,0,0,0,1.0,1,1.0,1,1.0,1,0.6629979160070454,55
4819,1,7229,7229,0,0,0,0,1.0,1,1.0,1,1.0,1,0.6684644714586575,55
4820,3,7232,7232,0,0,0,0,1.0,1,1.0,1,1.0,1,0.6280577212677066,55
4821,2,7234,7234,0,0,0,0,1.0,1,1.0,1,1.0,1,0.6257492112952142,55
4822,2,7236,7236,0,0,0,0,1.0,1,1.0,1,1.0,1,0.6407067867234364,54
4823,0,7236,7236,0,0,0,0,1.0,1,1.0,1,1.0,1,0.6429526102697996,54
4824,3,7239,7239,0,0,0,0,1.0,1,1.0,1,1.0,1,0.6394847600305583,55
4825,3,7242,7242,0,0,0,0,1.0,1,1.0,1,1.0,1,0.6477101608076231,53
4826,0,7242,7242,0,0,0,0,1.0,1,1.0,1,1.0,1,0.6398142454433341,54
4827,3,7245,7245,0,0,0,0,1.0,1,1.0,1,1.0,1,0.6172133671922333,53
4828,0,7245,7245,0,0,0,0,1.0,1,1.0,1,1.0,1,0.6081589108284,54
4829,1,7246,7246,0,0,0,0,1.0,1,1.0,1,1.0,1,0.596361284957289,54
4830,3,7249,7249,0,0,0,0,1.0,1,1.0,1,1.0,1,0.5983476798605117,53
4831,3,7252,7252,0,0,0,0,1.0,1,1.0,1,1.0,1,0.5890791300638599,52
4832,1,7253,7253,0,0,0,0,1.0,1,1.0,1,1.0,1,0.5949885302250634,50
4833,1,7254,7254,0,0,0,0,1.0,1,1.0,1,1.0,1,0.5650821865321589,51
4834,2,7256,7256,0,0,0,0,1.0,1,1.0,1,1.0,1,0.5375753019113036,51
4835,0,7256,7256,0,0,0,0,1.0,1,1.0,1,1.0,1,0.53806343865714,50
4836,3,7259,7259,0,0,0,0,1.0,1,1.0,1,1.0,1,0.5335084839818246,50
4837,1,7260,7260,0,0,0,0,1.0,1,1.0,1,1.0,1,0.5661109253979857,46
4838,5,7265,7265,0,0,0,0,1.0,1,1.0,1,1.0,1,0.5832207177328859,47
4839,1,7266,7266,0,0,0,0,1.0,1,1.0,1,1.0,1,0.612622613561203,45
4840,2,7268,7268,0,0,0,0,1.0,1,1.0,1,1.0,1,0.5940278434750076,45
4841,3,7271,7271,0,0,0,0,1.0,1,1.0,1,1.0,1,0.6054816149489846,43
4842,0,7271,7271,0,0,0,0,1.0,1,1.0,1,1.0,1,0.5945174775810643,43
4843,2,7273,7273,0,0,0,0,1.0,1,1.0,1,1.0,1,0.5791872086522961,44
4844,0,7273,7273,0,0,0,0,1.0,1,1.0,1,1.0,1,0.5824343584667061,43
4845,4,7277,7277,0,0,0,0,1.0,1,1.0,1,1.0,1,0.6006105985562659,44
4846,0,7277,7277,0,0,0,0,1.0,1,1.0,1,1.0,1,0.5918614963868417,43
4847,2,7279,7279,0,0,0,0,1.0,1,1.0,1,1.0,1,0.5903490530392621,42
4848,1,7280,7280,0,0,0,0,1.0,1,1.0,1,1.0,1,0.6110725347207057,41
4849,0,7280,7280,0,0,0,0,1.0,1,1.0,1,1.0,1,0.588275013103037,41
4850,0,7280,7280,0,0,0,0,1.0,1,1.0,1,1.0,1,0.6130699397766873,41
4851,0,7280,7280,0,0,0,0,1.0,1,1.0,1,1.0,1,0.6130699397766873,41
4852,0,7280,7280,0,0,0,0,1.0,1,1.0,1,1.0,1,0.6000047226880203,43
4853,1,7281,7281,0,0,0,0,1.0,1,1.0,1,1.0,1,0.6023748724763242,44
4854,0,7281,7281,0,0,0,0,1.0,1,1.0,1,1.0,1,0.5936943932205594,45
4855,2,7283,7283,0,0,0,0,1.0,1,1.0,1,1.0,1,0.589674683770632,44
4856,0,7283,7283,0,0,0,0,1.0,1,1.0,1,1.0,1,0.589674683770632,44
4857,0,7283,7283,0,0,0,0,1.0,1,1.0,1,1.0,1,0.5726281498161238,44
4858,0,7283,7283,0,0,0,0,1.0,1,1.0,1,1.0,1,0.5680386819628336,45
4859,1,7284,7284,0,0,0,0,1.0,1,1.0,1,1.0,1,0.5619767903288657,46
4860,0,7284,7284,0,0,0,0,1.0,1,1.0,1,1.0,1,0.5619767903288657,46
4861,0,7284,7284,0,0,0,0,1.0,1,1.0,1,1.0,1,0.5503182168139845,46
4862,0,7284,7284,0,0,0,0,1.0,1,1.0,1,1.0,1,0.5522481564101615,47
4863,1,7285,7285,0,0,0,0,1.0,1,1.0,1,1.0,1,0.5561987946309158,47
4864,0,7285,7285,0,0,0,0,1.0,1,1.0,1,1.0,1,0.5559383833046091,47
4865,1,7286,7286,0,0,0,0,1.0,1,1.0,1,1.0,1,0.5599749216969533,48
4866,2,7288,7288,0,0,0,0,1.0,1,1.0,1,1.0,1,0.5658499414912312,49
4867,0,7288,7288,0,0,0,0,1.0,1,1.0,1,1.0,1,0.5738237238645488,50
4868,2,7290,7290,0,0,0,0,1.0,1,1.0,1,1.0,1,0.5899779613469173,50
4869,0,7290,7290,0,0,0,0,1.0,1,1.0,1,1.0,1,0.5899779613469173,50
4870,2,7292,7292,0,0,0,0,1.0,1,1.0,1,1.0,1,0.6009508866367154,52
4871,0,7292,7292,0,0,0,0,1.0,1,1.0,1,1.0,1,0.6009508866367154,52
4872,2,7294,7294,0,0,0,0,1.0,1,1.0,1,1.0,1,0.5761131196996122,53
4873,1,7295,7295,0,0,0,0,1.0,1,1.0,1,1.0,1,0.5828126123445334,55
4874,2,7297,7297,0,0,0,0,1.0,1,1.0,1,1.0,1,0.5983896026208381,56
4875,3,7300,7300,0,0,0,0,1.0,1,1.0,1,1.0,1,0.6101429002953185,55
4876,1,7301,7301,0,0,0,0,1.0,1,1.0,1,1.0,1,0.6184049304561796,55
4877,4,7305,7305,0,0,0,0,1.0,1,1.0,1,1.0,1,0.6170501926575738,54
4878,2,7307,7307,0,0,0,0,1.0,1,1.0,1,1.0,1,0.6301233357024757,53
4879,2,7309,7309,0,0,0,0,1.0,1,1.0,1,1.0,1,0.6280382438235402,54
4880,2,7311,7311,0,0,0,0,1.0,1,1.0,1,1.0,1,0.6187254726737839,54
4881,2,7313,7313,0,0,0,0,1.0,1,1.0,1,1.0,1,0.6241082333784915,53
4882,2,7315,7315,0,0,0,0,1.0,1,1.0,1,1.0,1,0.6290393683157256,53
4883,1,7316,7316,0,0,0,0,1.0,1,1.0,1,1.0,1,0.6334672411035498,53
4884,2,7318,7318,0,0,0,0,1.0,1,1.0,1,1.0,1,0.6341652272691883,51
4885,0,7318,7318,0,0,0,0,1.0,1,1.0,1,1.0,1,0.6335376831674052,50
4886,0,7318,7318,0,0,0,0,1.0,1,1.0,1,1.0,1,0.6321154307886265,48
4887,0,7318,7318,0,0,0,0,1.0,1,1.0,1,1.0,1,0.6321154307886265,48
4888,1,7319,7319,0,0,0,0,1.0,1,1.0,1,1.0,1,0.6371823743425596,48
4889,0,7319,7319,0,0,0,0,1.0,1,1.0,1,1.0,1,0.6371823743425596,48
4890,1,7320,7320,0,0,0,0,1.0,1,1.0,1,1.0,1,0.6450226970185975,49
4891,1,7321,7321,0,0,0,0,1.0,1,1.0,1,1.0,1,0.6659498247923669,50
4892,0,7321,7321,0,0,0,0,1.0,1,1.0,1,1.0,1,0.6659330424891855,49
4893,0,7321,7321,0,0,0,0,1.0,1,1.0,1,1.0,1,0.6659454743753983,50
4894,0,7321,7321,0,0,0,0,1.0,1,1.0,1,1.0,1,0.6601764560239173,51
4895,0,7321,7321,0,0,0,0,1.0,1,1.0,1,1.0,1,0.6603193802420309,52
4896,3,7324,7324,0,0,0,0,1.0,1,1.0,1,1.0,1,0.652336980993857,53
4897,0,7324,7324,0,0,0,0,1.0,1,1.0,1,1.0,1,0.652336980993857,53
4898,4,7328,7328,0,0,0,0,1.0,1,1.0,1,1.0,1,0.6330257843652949,53
4899,2,7330,7330,0,0,0,0,1.0,1,1.0,1,1.0,1,0.6220475449113841,55
4900,3,7333,7333,0,0,0,0,1.0,1,1.0,1,1.0,1,0.6102482659517161,55
4901,2,7335,7335,0,0,0,0,1.0,1,1.0,1,1.0,1,0.6067063442196879,56
4902,2,7337,7337,0,0,0,0,1.0,1,1.0,1,1.0,1,0.5949090503854327,58
4903,2,7339,7339,0,0,0,0,1.0,1,1.0,1,1.0,1,0.5913807822782438,58
4904,1,7340,7340,0,0,0,0,1.0,1,1.0,1,1.0,1,0.5954395113032153,57
4905,1,7341,7341,0,0,0,0,1.0,1,1.0,1,1.0,1,0.6265863576775071,54
4906,1,7342,7342,0,0,0,0,1.0,1,1.0,1,1.0,1,0.6372990659946728,55
4907,1,7343,7343,0,0,0,0,1.0,1,1.0,1,1.0,1,0.6431383710998567,52
4908,1,7344,7344,0,0,0,0,1.0,1,1.0,1,1.0,1,0.6423004120315324,53
4909,3,7347,7347,0,0,0,0,1.0,1,1.0,1,1.0,1,0.6503625781598509,52
4910,0,7347,7347,0,0,0,0,1.0,1,1.0,1,1.0,1,0.6507362790185632,53
4911,3,7350,7350,0,0,0,0,1.0,1,1.0,1,1.0,1,0.6544391235188883,55
4912,0,7350,7350,0,0,0,0,1.0,1,1.0,1,1.0,1,0.6497891412783433,54
4913,4,7354,7354,0,0,0,0,1.0,1,1.0,1,1.0,1,0.6479207032027301,53
4914,2,7356,7356,0,0,0,0,1.0,1,1.0,1,1.0,1,0.6270323301825458,53
4915,1,7357,7357,0,0,0,0,1.0,1,1.0,1,1.0,1,0.639254135940444,54
4916,2,7359,7359,0,0,0,0,1.0,1,1.0,1,1.0,1,0.6355692298087356,52
4917,1,7360,7360,0,0,0,0,1.0,1,1.0,1,1.0,1,0.6375320165372169,52
4918,0,7360,7360,0,0,0,0,1.0,1,1.0,1,1.0,1,0.6368016363001503,51
4919,2,7362,7362,0,0,0,0,1.0,1,1.0,1,1.0,1,0.654256927946435,50
4920,0,7362,7362,0,0,0,0,1.0,1,1.0,1,1.0,1,0.6544892437974769,51
4921,0,7362,7362,0,0,0,0,1.0,1,1.0,1,1.0,1,0.6544892437974769,51
4922,1,7363,7363,0,0,0,0,1.0,1,1.0,1,1.0,1,0.6734019542574297,53
4923,2,7365,7365,0,0,0,0,1.0,1,1.0,1,1.0,1,0.6685184898890613,53
4924,1,7366,7366,0,0,0,0,1.0,1,1.0,1,1.0,1,0.6647789178537765,55
4925,2,7368,7368,0,0,0,0,1.0,1,1.0,1,1.0,1,0.6643884957855798,56
4926,0,7368,7368,0,0,0,0,1.0,1,1.0,1,1.0,1,0.6643358823093856,55
4927,2,7370,7370,0,0,0,0,1.0,1,1.0,1,1.0,1,0.6755684252616421,55
4928,0,7370,7370,0,0,0,0,1.0,1,1.0,1,1.0,1,0.6755684252616421,55
4929,0,7370,7370,0,0,0,0,1.0,1,1.0,1,1.0,1,0.6691655457252838,56
4930,0,7370,7370,0,0,0,0,1.0,1,1.0,1,1.0,1,0.6719308783868634,58
4931,0,7370,7370,0,0,0,0,1.0,1,1.0,1,1.0,1,0.6654593645778755,59
4932,0,7370,7370,0,0,0,0,1.0,1,1.0,1,1.0,1,0.665484645029868,60
4933,0,7370,7370,0,0,0,0,1.0,1,1.0,1,1.0,1,0.665484645029868,60
4934,1,7371,7371,0,0,0,0,1.0,1,1.0,1,1.0,1,0.6567322891789454,60
4935,1,7372,7372,0,0,0,0,1.0,1,1.0,1,1.0,1,0.6500512064990467,60
4936,1,7373,7373,0,0,0,0,1.0,1,1.0,1,1.0,1,0.639899637007506,61
4937,0,7373,7373,0,0,0,0,1.0,1,1.0,1,1.0,1,0.6449152641656513,62
4938,4,7377,7377,0,0,0,0,1.0,1,1.0,1,1.0,1,0.6234200640147465,62
4939,2,7379,7379,0,0,0,0,1.0,1,1.0,1,1.0,1,0.6082698360844472,64
4940,3,7382,7382,0,0,0,0,1.0,1,1.0,1,1.0,1,0.5886068912040466,67
4941,3,7385,7385,0,0,0,0,1.0,1,1.0,1,1.0,1,0.5630113701358203,66
4942,2,7387,7387,0,0,0,0,1.0,1,1.0,1,1.0,1,0.5652240815393627,67
4943,3,7390,7390,0,0,0,0,1.0,1,1.0,1,1.0,1,0.5601079316404248,65
4944,1,7391,7391,0,0,0,0,1.0,1,1.0,1,1.0,1,0.55261948673906,65
4945,4,7395,7395,0,0,0,0,1.0,1,1.0,1,1.0,1,0.5680044868254589,62
4946,2,7397,7397,0,0,0,0,1.0,1,1.0,1,1.0,1,0.5639011770633344,61
4947,5,7402,7402,0,0,0,0,1.0,1,1.0,1,1.0,1,0.562905595508018,59
4948,3,7405,7405,0,0,0,0,1.0,1,1.0,1,1.0,1,0.5819949291184155,59
4949,3,7408,7408,0,0,0,0,1.0,1,1.0,1,1.0,1,0.5768846535104797,57
4950,7,7415,7415,0,0,0,0,1.0,1,1.0,1,1.0,1,0.5870098961970992,58
4951,6,7421,7421,0,0,0,0,1.0,1,1.0,1,1.0,1,0.608162421250434,55
4952,3,7424,7424,0,0,0,0,1.0,1,1.0,1,1.0,1,0.6036541378529192,53
4953,5,7429,7429,0,0,0,0,1.0,1,1.0,1,1.0,1,0.6499984436047848,54
4954,0,7429,7429,0,0,0,0,1.0,1,1.0,1,1.0,1,0.6410761354894714,52
4955,1,7430,7430,0,0,0,0,1.0,1,1.0,1,1.0,1,0.6518768750988729,51
4956,0,7430,7430,0,0,0,0,1.0,1,1.0,1,1.0,1,0.6611880447473554,47
4957,1,7431,7431,0,0,0,0,1.0,1,1.0,1,1.0,1,0.671250094686638,48
4958,0,7431,7431,0,0,0,0,1.0,1,1.0,1,1.0,1,0.6663481046287104,47
4959,0,7431,7431,0,0,0,0,1.0,1,1.0,1,1.0,1,0.6663481046287104,47
4960,0,7431,7431,0,0,0,0,1.0,1,1.0,1,1.0,1,0.6712600981749315,48
4961,2,7433,7433,0,0,0,0,1.0,1,1.0,1,1.0,1,0.6556324291379132,49
4962,0,7433,7433,0,0,0,0,1.0,1,1.0,1,1.0,1,0.6556324291379132,49
4963,1,7434,7434,0,0,0,0,1.0,1,1.0,1,1.0,1,0.6607683936342461,51
4964,2,7436,7436,0,0,0,0,1.0,1,1.0,1,1.0,1,0.642906644770744,51
4965,1,7437,7437,0,0,0,0,1.0,1,1.0,1,1.0,1,0.6473389242904338,51
4966,0,7437,7437,0,0,0,0,1.0,1,1.0,1,1.0,1,0.6473389242904338,51
4967,2,7439,7439,0,0,0,0,1.0,1,1.0,1,1.0,1,0.641167949369302,51
4968,0,7439,7439,0,0,0,0,1.0,1,1.0,1,1.0,1,0.6311175960481468,52
4969,2,7441,7441,0,0,0,0,1.0,1,1.0,1,1.0,1,0.611631431356589,53
4970,2,7443,7443,0,0,0,0,1.0,1,1.0,1,1.0,1,0.5901267341681439,54
4971,2,7445,7445,0,0,0,0,1.0,1,1.0,1,1.0,1,0.59059123311057,55
4972,2,7447,7447,0,0,0,0,1.0,1,1.0,1,1.0,1,0.6077916292877114,56
4973,1,7448,7448,0,0,0,0,1.0,1,1.0,1,1.0,1,0.5881623934204435,57
4974,1,7449,7449,0,0,0,0,1.0,1,1.0,1,1.0,1,0.5998940481297136,56
4975,0,7449,7449,0,0,0,0,1.0,1,1.0,1,1.0,1,0.6012345333332634,57
4976,2,7451,7451,0,0,0,0,1.0,1,1.0,1,1.0,1,0.6119436241907706,57
4977,2,7453,7453,0,0,0,0,1.0,1,1.0,1,1.0,1,0.6193276354267779,57
4978,4,7457,7457,0,0,0,0,1.0,1,1.0,1,1.0,1,0.6000970260821193,58
4979,1,7458,7458,0,0,0,0,1.0,1,1.0,1,1.0,1,0.6143706490803259,58
4980,3,7461,7461,0,0,0,0,1.0,1,1.0,1,1.0,1,0.6020890953311324,59
4981,2,7463,7463,0,0,0,0,1.0,1,1.0,1,1.0,1,0.6119460326961442,60
4982,2,7465,7465,0,0,0,0,1.0,1,1.0,1,1.0,1,0.5761874919508518,61
4983,4,7469,7469,0,0,0,0,1.0,1,1.0,1,1.0,1,0.5658443823805738,61
4984,1,7470,7470,0,0,0,0,1.0,1,1.0,1,1.0,1,0.5791313285823566,59
4985,3,7473,7473,0,0,0,0,1.0,1,1.0,1,1.0,1,0.5541284172382175,58
4986,3,7476,7476,0,0,0,0,1.0,1,1.0,1,1.0,1,0.5520076827391028,59
4987,3,7479,7479,0,0,0,0,1.0,1,1.0,1,1.0,1,0.5507897959519311,58
4988,4,7483,7483,0,0,0,0,1.0,1,1.0,1,1.0,1,0.5812658357525065,57
4989,2,7485,7485,0,0,0,0,1.0,1,1.0,1,1.0,1,0.5882628966524953,54
4990,3,7488,7488,0,0,0,0,1.0,1,1.0,1,1.0,1,0.605959154393028,53
4991,5,7493,7493,0,0,0,0,1.0,1,1.0,1,1.0,1,0.6428357774413748,52
4992,3,7496,7496,0,0,0,0,1.0,1,1.0,1,1.0,1,0.665922121645237,48
4993,1,7497,7497,0,0,0,0,1.0,1,1.0,1,1.0,1,0.6703556254171726,48
4994,2,7499,7499,0,0,0,0,1.0,1,1.0,1,1.0,1,0.6604679360969125,45
4995,1,7500,7500,0,0,0,0,1.0,1,1.0,1,1.0,1,0.6651938548165063,45
4996,2,7502,7502,0,0,0,0,1.0,1,1.0,1,1.0,1,0.6282916558352353,45
4997,3,7505,7505,0,0,0,0,1.0,1,1.0,1,1.0,1,0.6409819477236138,42
4998,0,7505,7505,0,0,0,0,1.0,1,1.0,1,1.0,1,0.6435999034680578,44
4999,2,7507,7507,0,0,0,0,1.0,1,1.0,1,1.0,1,0.6525264612393877,44
5000,1,7508,7508,0,0,0,0,1.0,1,1.0,1,1.0,1,0.6421560252002444,42
5001,1,7509,7509,0,0,0,0,1.0,1,1.0,1,1.0,1,0.6290555668674184,42
5002,1,7510,7510,0,0,0,0,1.0,1,1.0,1,1.0,1,0.6341362846512013,41
5003,0,7510,7510,0,0,0,0,1.0,1,1.0,1,1.0,1,0.6406423385355234,41
5004,0,7510,7510,0,0,0,0,1.0,1,1.0,1,1.0,1,0.6501627926438838,41
5005,0,7510,7510,0,0,0,0,1.0,1,1.0,1,1.0,1,0.6501627926438838,41
5006,0,7510,7510,0,0,0,0,1.0,1,1.0,1,1.0,1,0.6506268843703534,42
5007,0,7510,7510,0,0,0,0,1.0,1,1.0,1,1.0,1,0.6508836056496516,43
5008,1,7511,7511,0,0,0,0,1.0,1,1.0,1,1.0,1,0.6289450273022704,46
5009,0,7511,7511,0,0,0,0,1.0,1,1.0,1,1.0,1,0.6289450273022704,46
5010,0,7511,7511,0,0,0,0,1.0,1,1.0,1,1.0,1,0.6387259212296371,46
5011,0,7511,7511,0,0,0,0,1.0,1,1.0,1,1.0,1,0.6394771009906304,47
5012,1,7512,7512,0,0,0,0,1.0,1,1.0,1,1.0,1,0.6505177261017991,48
5013,0,7512,7512,0,0,0,0,1.0,1,1.0,1,1.0,1,0.6505177261017991,48
5014,0,7512,7512,0,0,0,0,1.0,1,1.0,1,1.0,1,0.6470915859071378,49
5015,0,7512,7512,0,0,0,0,1.0,1,1.0,1,1.0,1,0.6473700200578205,50
5016,2,7514,7514,0,0,0,0,1.0,1,1.0,1,1.0,1,0.6670227899039174,51
5017,0,7514,7514,0,0,0,0,1.0,1,1.0,1,1.0,1,0.6670227899039174,51
5018,6,7520,7520,0,0,0,0,1.0,1,1.0,1,1.0,1,0.6218133602757113,51
5019,1,7521,7521,0,0,0,0,1.0,1,1.0,1,1.0,1,0.6279453100636937,51
5020,2,7523,7523,0,0,0,0,1.0,1,1.0,1,1.0,1,0.6299621771670887,51
5021,0,7523,7523,0,0,0,0,1.0,1,1.0,1,1.0,1,0.6362898795653698,52
5022,1,7524,7524,0,0,0,0,1.0,1,1.0,1,1.0,1,0.6420515817004019,52
5023,5,7529,7529,0,0,0,0,1.0,1,1.0,1,1.0,1,0.6561161843401034,52
5024,3,7532,7532,0,0,0,0,1.0,1,1.0,1,1.0,1,0.6841383589803978,51
5025,0,7532,7532,0,0,0,0,1.0,1,1.0,1,1.0,1,0.68456846123126,50
5026,3,7535,7535,0,0,0,0,1.0,1,1.0,1,1.0,1,0.6865170867431828,49
5027,0,7535,7535,0,0,0,0,1.0,1,1.0,1,1.0,1,0.676776554486478,47
5028,4,7539,7539,0,0,0,0,1.0,1,1.0,1,1.0,1,0.6803383334232193,47
5029,2,7541,7541,0,0,0,0,1.0,1,1.0,1,1.0,1,0.69617227543364,46
5030,3,7544,7544,0,0,0,0,1.0,1,1.0,1,1.0,1,0.6687165058810747,48
5031,2,7546,7546,0,0,0,0,1.0,1,1.0,1,1.0,1,0.629120672277612,46
5032,0,7546,7546,0,0,0,0,1.0,1,1.0,1,1.0,1,0.629120672277612,46
5033,1,7547,7547,0,0,0,0,1.0,1,1.0,1,1.0,1,0.6266176406596463,47
5034,0,7547,7547,0,0,0,0,1.0,1,1.0,1,1.0,1,0.61713937531446,48
5035,0,7547,7547,0,0,0,0,1.0,1,1.0,1,1.0,1,0.6162104855939387,47
5036,1,7548,7548,0,0,0,0,1.0,1,1.0,1,1.0,1,0.6322980595868283,47
5037,0,7548,7548,0,0,0,0,1.0,1,1.0,1,1.0,1,0.6376715040818193,47
5038,1,7549,7549,0,0,0,0,1.0,1,1.0,1,1.0,1,0.6672972789761749,48
5039,0,7549,7549,0,0,0,0,1.0,1,1.0,1,1.0,1,0.6673154738246293,47
5040,1,7550,7550,0,0,0,0,1.0,1,1.0,1,1.0,1,0.6613667734423229,48
5041,0,7550,7550,0,0,0,0,1.0,1,1.0,1,1.0,1,0.6574759634967118,49
5042,1,7551,7551,0,0,0,0,1.0,1,1.0,1,1.0,1,0.6548079955604192,50
5043,0,7551,7551,0,0,0,0,1.0,1,1.0,1,1.0,1,0.6408586614688536,51
5044,1,7552,7552,0,0,0,0,1.0,1,1.0,1,1.0,1,0.6374852130406214,51
5045,1,7553,7553,0,0,0,0,1.0,1,1.0,1,1.0,1,0.6534059821419815,51
5046,3,7556,7556,0,0,0,0,1.0,1,1.0,1,1.0,1,0.6548784935033005,52
5047,0,7556,7556,0,0,0,0,1.0,1,1.0,1,1.0,1,0.6537285859532218,52
5048,1,7557,7557,0,0,0,0,1.0,1,1.0,1,1.0,1,0.6509100530617399,52
5049,0,7557,7557,0,0,0,0,1.0,1,1.0,1,1.0,1,0.6727282989568162,52
5050,1,7558,7558,0,0,0,0,1.0,1,1.0,1,1.0,1,0.6632188378738813,55
5051,0,7558,7558,0,0,0,0,1.0,1,1.0,1,1.0,1,0.6729901077134699,55
5052,1,7559,7559,0,0,0,0,1.0,1,1.0,1,1.0,1,0.677050197933747,55
5053,0,7559,7559,0,0,0,0,1.0,1,1.0,1,1.0,1,0.6834897762584636,54
5054,1,7560,7560,0,0,0,0,1.0,1,1.0,1,1.0,1,0.6799284184838829,54
5055,0,7560,7560,0,0,0,0,1.0,1,1.0,1,1.0,1,0.6916690418969011,54
5056,0,7560,7560,0,0,0,0,1.0,1,1.0,1,1.0,1,0.6944312835913683,55
5057,3,7563,7563,0,0,0,0,1.0,1,1.0,1,1.0,1,0.6662437093827672,56
5058,3,7566,7566,0,0,0,0,1.0,1,1.0,1,1.0,1,0.6455232817151573,58
5059,2,7568,7568,0,0,0,0,1.0,1,1.0,1,1.0,1,0.6376462932990573,58
5060,5,7573,7573,0,0,0,0,1.0,1,1.0,1,1.0,1,0.6250584867824214,59
5061,1,7574,7574,0,0,0,0,1.0,1,1.0,1,1.0,1,0.6284036869903087,58
5062,2,7576,7576,0,0,0,0,1.0,1,1.0,1,1.0,1,0.6203618986579067,58
5063,3,7579,7579,0,0,0,0,1.0,1,1.0,1,1.0,1,0.6548916749626751,57
5064,1,7580,7580,0,0,0,0,1.0,1,1.0,1,1.0,1,0.6666612449432293,57
5065,3,7583,7583,0,0,0,0,1.0,1,1.0,1,1.0,1,0.6699924877873248,56
5066,1,7584,7584,0,0,0,0,1.0,1,1.0,1,1.0,1,0.6793282530133425,55
5067,0,7584,7584,0,0,0,0,1.0,1,1.0,1,1.0,1,0.6747675921693945,54
5068,3,7587,7587,0,0,0,0,1.0,1,1.0,1,1.0,1,0.6994235605311596,54
5069,2,7589,7589,0,0,0,0,1.0,1,1.0,1,1.0,1,0.6926590114890216,53
5070,3,7592,7592,0,0,0,0,1.0,1,1.0,1,1.0,1,0.6707301478851152,53
5071,2,7594,7594,0,0,0,0,1.0,1,1.0,1,1.0,1,0.6843800859331943,53
5072,1,7595,7595,0,0,0,0,1.0,1,1.0,1,1.0,1,0.67610150302386,53
5073,0,7595,7595,0,0,0,0,1.0,1,1.0,1,1.0,1,0.67610150302386,53
5074,1,7596,7596,0,0,0,0,1.0,1,1.0,1,1.0,1,0.6523193745529388,52
5075,0,7596,7596,0,0,0,0,1.0,1,1.0,1,1.0,1,0.6523193745529388,52
5076,2,7598,7598,0,0,0,0,1.0,1,1.0,1,1.0,1,0.6428734711581651,55
5077,1,7599,7599,0,0,0,0,1.0,1,1.0,1,1.0,1,0.6789564774181571,55
5078,1,7600,7600,0,0,0,0,1.0,1,1.0,1,1.0,1,0.6717843268668469,55
5079,0,7600,7600,0,0,0,0,1.0,1,1.0,1,1.0,1,0.6827870469976137,54
5080,1,7601,7601,0,0,0,0,1.0,1,1.0,1,1.0,1,0.6914471029439602,55
5081,0,7601,7601,0,0,0,0,1.0,1,1.0,1,1.0,1,0.6866075011362776,57
5082,0,7601,7601,0,0,0,0,1.0,1,1.0,1,1.0,1,0.6866075011362776,57
5083,1,7602,7602,0,0,0,0,1.0,1,1.0,1,1.0,1,0.672462368636563,58
5084,3,7605,7605,0,0,0,0,1.0,1,1.0,1,1.0,1,0.6629953611366338,58
5085,2,7607,7607,0,0,0,0,1.0,1,1.0,1,1.0,1,0.649906247491734,59
5086,3,7610,7610,0,0,0,0,1.0,1,1.0,1,1.0,1,0.6455028111365795,60
5087,2,7612,7612,0,0,0,0,1.0,1,1.0,1,1.0,1,0.6502640924987729,61
5088,2,7614,7614,0,0,0,0,1.0,1,1.0,1,1.0,1,0.654344004877843,62
5089,3,7617,7617,0,0,0,0,1.0,1,1.0,1,1.0,1,0.6565854301161334,63
5090,0,7617,7617,0,0,0,0,1.0,1,1.0,1,1.0,1,0.6565854301161334,63
5091,2,7619,7619,0,0,0,0,1.0,1,1.0,1,1.0,1,0.6719799556296665,63
5092,0,7619,7619,0,0,0,0,1.0,1,1.0,1,1.0,1,0.6719799556296665,63
5093,0,7619,7619,0,0,0,0,1.0,1,1.0,1,1.0,1,0.6719799556296665,63
5094,2,7621,7621,0,0,0,0,1.0,1,1.0,1,1.0,1,0.6491028603625422,64
5095,2,7623,7623,0,0,0,0,1.0,1,1.0,1,1.0,1,0.6436457350437461,64
5096,1,7624,7624,0,0,0,0,1.0,1,1.0,1,1.0,1,0.6292292229112029,67
5097,1,7625,7625,0,0,0,0,1.0,1,1.0,1,1.0,1,0.6370384224637757,67
5098,4,7629,7629,0,0,0,0,1.0,1,1.0,1,1.0,1,0.6130642537920266,68
5099,1,7630,7630,0,0,0,0,1.0,1,1.0,1,1.0,1,0.5999359161189887,70
5100,3,7633,7633,0,0,0,0,1.0,1,1.0,1,1.0,1,0.5849333981312461,71
5101,3,7636,7636,0,0,0,0,1.0,1,1.0,1,1.0,1,0.5576803994137474,71
5102,3,7639,7639,0,0,0,0,1.0,1,1.0,1,1.0,1,0.57744324789593,70
5103,3,7642,7642,0,0,0,0,1.0,1,1.0,1,1.0,1,0.55802574382432,67
5104,4,7646,7646,0,0,0,0,1.0,1,1.0,1,1.0,1,0.5654405674657389,67
5105,3,7649,7649,0,0,0,0,1.0,1,1.0,1,1.0,1,0.5802997655257961,63
5106,3,7652,7652,0,0,0,0,1.0,1,1.0,1,1.0,1,0.5933262984185806,63
5107,3,7655,7655,0,0,0,0,1.0,1,1.0,1,1.0,1,0.6122356966218101,60
5108,2,7657,7657,0,0,0,0,1.0,1,1.0,1,1.0,1,0.6164450639477126,56
5109,3,7660,7660,0,0,0,0,1.0,1,1.0,1,1.0,1,0.6443790737611024,56
5110,4,7664,7664,0,0,0,0,1.0,1,1.0,1,1.0,1,0.6418556325280081,52
5111,7,7671,7671,0,0,0,0,1.0,1,1.0,1,1.0,1,0.7011467521666055,51
5112,2,7673,7673,0,0,0,0,1.0,1,1.0,1,1.0,1,0.7041325075718049,50
5113,4,7677,7677,0,0,0,0,1.0,1,1.0,1,1.0,1,0.7166664249712786,48
5114,2,7679,7679,0,0,0,0,1.0,1,1.0,1,1.0,1,0.7111987741251756,46
5115,0,7679,7679,0,0,0,0,1.0,1,1.0,1,1.0,1,0.7089778498522737,44
5116,1,7680,7680,0,0,0,0,1.0,1,1.0,1,1.0,1,0.6992174202686929,44
5117,0,7680,7680,0,0,0,0,1.0,1,1.0,1,1.0,1,0.6899973791548402,46
5118,2,7682,7682,0,0,0,0,1.0,1,1.0,1,1.0,1,0.6760277092142526,46
5119,1,7683,7683,0,0,0,0,1.0,1,1.0,1,1.0,1,0.6703768807665136,46
5120,1,7684,7684,0,0,0,0,1.0,1,1.0,1,1.0,1,0.6633121845217274,46
5121,0,7684,7684,0,0,0,0,1.0,1,1.0,1,1.0,1,0.6633121845217274,46
5122,4,7688,7688,0,0,0,0,1.0,1,1.0,1,1.0,1,0.644164830141973,46
5123,0,7688,7688,0,0,0,0,1.0,1,1.0,1,1.0,1,0.6545695845350592,45
5124,2,7690,7690,0,0,0,0,1.0,1,1.0,1,1.0,1,0.6309809433296797,47
5125,1,7691,7691,0,0,0,0,1.0,1,1.0,1,1.0,1,0.6238509325588382,50
5126,2,7693,7693,0,0,0,0,1.0,1,1.0,1,1.0,1,0.6191022307520244,50
5127,0,7693,7693,0,0,0,0,1.0,1,1.0,1,1.0,1,0.6154668714807242,52
5128,3,7696,7696,0,0,0,0,1.0,1,1.0,1,1.0,1,0.5967478788737869,53
5129,0,7696,7696,0,0,0,0,1.0,1,1.0,1,1.0,1,0.5964850132828592,55
5130,1,7697,7697,0,0,0,0,1.0,1,1.0,1,1.0,1,0.5897989976763556,55
5131,1,7698,7698,0,0,0,0,1.0,1,1.0,1,1.0,1,0.5948165924011712,54
5132,0,7698,7698,0,0,0,0,1.0,1,1.0,1,1.0,1,0.5988435470561709,54
5133,1,7699,7699,0,0,0,0,1.0,1,1.0,1,1.0,1,0.5891814818191152,54
5134,0,7699,7699,0,0,0,0,1.0,1,1.0,1,1.0,1,0.5990588407410209,53
5135,0,7699,7699,0,0,0,0,1.0,1,1.0,1,1.0,1,0.6040558300503062,54
5136,0,7699,7699,0,0,0,0,1.0,1,1.0,1,1.0,1,0.6243877361341217,54
5137,1,7700,7700,0,0,0,0,1.0,1,1.0,1,1.0,1,0.6279907235017075,54
5138,6,7706,7706,0,0,0,0,1.0,1,1.0,1,1.0,1,0.61838437640093,54
5139,2,7708,7708,0,0,0,0,1.0,1,1.0,1,1.0,1,0.6207151752451319,55
5140,5,7713,7713,0,0,0,0,1.0,1,1.0,1,1.0,1,0.6267452658639285,55
5141,2,7715,7715,0,0,0,0,1.0,1,1.0,1,1.0,1,0.6161498291665426,53
5142,4,7719,7719,0,0,0,0,1.0,1,1.0,1,1.0,1,0.6056725401596451,54
5143,4,7723,7723,0,0,0,0,1.0,1,1.0,1,1.0,1,0.6232386415531505,52
5144,2,7725,7725,0,0,0,0,1.0,1,1.0,1,1.0,1,0.6109215153020799,50
5145,4,7729,7729,0,0,0,0,1.0,1,1.0,1,1.0,1,0.6154954212523738,49
5146,0,7729,7729,0,0,0,0,1.0,1,1.0,1,1.0,1,0.6164373923950736,49
5147,2,7731,7731,0,0,0,0,1.0,1,1.0,1,1.0,1,0.6257942383804176,46
5148,1,7732,7732,0,0,0,0,1.0,1,1.0,1,1.0,1,0.6014628133053365,46
5149,1,7733,7733,0,0,0,0,1.0,1,1.0,1,1.0,1,0.6076135631552414,45
5150,2,7735,7735,0,0,0,0,1.0,1,1.0,1,1.0,1,0.6055782988665392,47
5151,2,7737,7737,0,0,0,0,1.0,1,1.0,1,1.0,1,0.585717785372872,46
5152,2,7739,7739,0,0,0,0,1.0,1,1.0,1,1.0,1,0.6031655345849595,46
5153,2,7741,7741,0,0,0,0,1.0,1,1.0,1,1.0,1,0.5998412574167679,45
5154,1,7742,7742,0,0,0,0,1.0,1,1.0,1,1.0,1,0.5927584077248046,47
5155,0,7742,7742,0,0,0,0,1.0,1,1.0,1,1.0,1,0.5978459969610045,47
5156,1,7743,7743,0,0,0,0,1.0,1,1.0,1,1.0,1,0.6150540888717303,47
5157,0,7743,7743,0,0,0,0,1.0,1,1.0,1,1.0,1,0.6195745718652211,46
5158,0,7743,7743,0,0,0,0,1.0,1,1.0,1,1.0,1,0.6171620652754686,47
5159,0,7743,7743,0,0,0,0,1.0,1,1.0,1,1.0,1,0.6226451971198783,49
5160,0,7743,7743,0,0,0,0,1.0,1,1.0,1,1.0,1,0.6253698242237726,48
5161,0,7743,7743,0,0,0,0,1.0,1,1.0,1,1.0,1,0.6253698242237726,48
5162,0,7743,7743,0,0,0,0,1.0,1,1.0,1,1.0,1,0.6209257999703196,49
5163,0,7743,7743,0,0,0,0,1.0,1,1.0,1,1.0,1,0.6239393190163471,51
5164,3,7746,7746,0,0,0,0,1.0,1,1.0,1,1.0,1,0.628105865283222,51
5165,0,7746,7746,0,0,0,0,1.0,1,1.0,1,1.0,1,0.6348192699554069,52
5166,2,7748,7748,0,0,0,0,1.0,1,1.0,1,1.0,1,0.6362471846431867,52
5167,2,7750,7750,0,0,0,0,1.0,1,1.0,1,1.0,1,0.6352741593805222,52
5168,3,7753,7753,0,0,0,0,1.0,1,1.0,1,1.0,1,0.6212989506435019,52
5169,1,7754,7754,0,0,0,0,1.0,1,1.0,1,1.0,1,0.6165702620333204,53
5170,0,7754,7754,0,0,0,0,1.0,1,1.0,1,1.0,1,0.6165702620333204,53
5171,0,7754,7754,0,0,0,0,1.0,1,1.0,1,1.0,1,0.6253737332874613,52
5172,1,7755,7755,0,0,0,0,1.0,1,1.0,1,1.0,1,0.6264947968915608,53
5173,1,7756,7756,0,0,0,0,1.0,1,1.0,1,1.0,1,0.6279617035069043,54
5174,0,7756,7756,0,0,0,0,1.0,1,1.0,1,1.0,1,0.6196455913315193,56
5175,3,7759,7759,0,0,0,0,1.0,1,1.0,1,1.0,1,0.6291169116699674,58
5176,0,7759,7759,0,0,0,0,1.0,1,1.0,1,1.0,1,0.6291169116699674,58
5177,2,7761,7761,0,0,0,0,1.0,1,1.0,1,1.0,1,0.6512998247612097,59
5178,5,7766,7766,0,0,0,0,1.0,1,1.0,1,1.0,1,0.6383804750001117,57
5179,2,7768,7768,0,0,0,0,1.0,1,1.0,1,1.0,1,0.6417661021474284,58
5180,3,7771,7771,0,0,0,0,1.0,1,1.0,1,1.0,1,0.611516404246555,56
5181,1,7772,7772,0,0,0,0,1.0,1,1.0,1,1.0,1,0.5889118980898898,57
5182,3,7775,7775,0,0,0,0,1.0,1,1.0,1,1.0,1,0.5826155752731188,56
5183,4,7779,7779,0,0,0,0,1.0,1,1.0,1,1.0,1,0.6037757178985771,57
5184,3,7782,7782,0,0,0,0,1.0,1,1.0,1,1.0,1,0.606802488843535,56
5185,2,7784,7784,0,0,0,0,1.0,1,1.0,1,1.0,1,0.6338301377341811,56
5186,1,7785,7785,0,0,0,0,1.0,1,1.0,1,1.0,1,0.6358091864402295,54
5187,1,7786,7786,0,0,0,0,1.0,1,1.0,1,1.0,1,0.6413803205398432,51
5188,1,7787,7787,0,0,0,0,1.0,1,1.0,1,1.0,1,0.6479535350349008,50
5189,1,7788,7788,0,0,0,0,1.0,1,1.0,1,1.0,1,0.6452304306874959,49
5190,4,7792,7792,0,0,0,0,1.0,1,1.0,1,1.0,1,0.6478441994520003,50
5191,0,7792,7792,0,0,0,0,1.0,1,1.0,1,1.0,1,0.6478441994520003,50
5192,2,7794,7794,0,0,0,0,1.0,1,1.0,1,1.0,1,0.6525176105734362,49
5193,0,7794,7794,0,0,0,0,1.0,1,1.0,1,1.0,1,0.6584306326489933,50
5194,1,7795,7795,0,0,0,0,1.0,1,1.0,1,1.0,1,0.6689881811335253,51
5195,1,7796,7796,0,0,0,0,1.0,1,1.0,1,1.0,1,0.679397097920962,51
5196,0,7796,7796,0,0,0,0,1.0,1,1.0,1,1.0,1,0.679397097920962,51
5197,0,7796,7796,0,0,0,0,1.0,1,1.0,1,1.0,1,0.679397097920962,51
5198,0,7796,7796,0,0,0,0,1.0,1,1.0,1,1.0,1,0.679397097920962,51
5199,1,7797,7797,0,0,0,0,1.0,1,1.0,1,1.0,1,0.6532892883532022,54
5200,0,7797,7797,0,0,0,0,1.0,1,1.0,1,1.0,1,0.6532892883532022,54
5201,4,7801,7801,0,0,0,0,1.0,1,1.0,1,1.0,1,0.653490827872929,55
5202,1,7802,7802,0,0,0,0,1.0,1,1.0,1,1.0,1,0.6635972622171339,56
5203,1,7803,7803,0,0,0,0,1.0,1,1.0,1,1.0,1,0.6675829075137597,56
5204,0,7803,7803,0,0,0,0,1.0,1,1.0,1,1.0,1,0.6649775935967972,58
5205,2,7805,7805,0,0,0,0,1.0,1,1.0,1,1.0,1,0.6623630950359283,58
5206,1,7806,7806,0,0,0,0,1.0,1,1.0,1,1.0,1,0.6582690616616363,58
5207,2,7808,7808,0,0,0,0,1.0,1,1.0,1,1.0,1,0.6531740858298652,59
5208,0,7808,7808,0,0,0,0,1.0,1,1.0,1,1.0,1,0.6570403618335672,58
5209,1,7809,7809,0,0,0,0,1.0,1,1.0,1,1.0,1,0.647151156564718,58
5210,0,7809,7809,0,0,0,0,1.0,1,1.0,1,1.0,1,0.656296001547508,57
5211,1,7810,7810,0,0,0,0,1.0,1,1.0,1,1.0,1,0.6463549750765278,57
5212,1,7811,7811,0,0,0,0,1.0,1,1.0,1,1.0,1,0.6417167970417088,59
5213,0,7811,7811,0,0,0,0,1.0,1,1.0,1,1.0,1,0.6417167970417088,59
5214,1,7812,7812,0,0,0,0,1.0,1,1.0,1,1.0,1,0.6627966869004799,59
5215,3,7815,7815,0,0,0,0,1.0,1,1.0,1,1.0,1,0.6599896063184858,58
5216,2,7817,7817,0,0,0,0,1.0,1,1.0,1,1.0,1,0.6641130869657355,59
5217,5,7822,7822,0,0,0,0,1.0,1,1.0,1,1.0,1,0.6689987332311029,58
5218,5,7827,7827,0,0,0,0,1.0,1,1.0,1,1.0,1,0.659037731620821,58
5219,1,7828,7828,0,0,0,0,1.0,1,1.0,1,1.0,1,0.6435095733419336,57
5220,2,7830,7830,0,0,0,0,1.0,1,1.0,1,1.0,1,0.6422003404802641,56
5221,2,7832,7832,0,0,0,0,1.0,1,1.0,1,1.0,1,0.6571446885033557,58
5222,2,7834,7834,0,0,0,0,1.0,1,1.0,1,1.0,1,0.6492514390983952,56
5223,1,7835,7835,0,0,0,0,1.0,1,1.0,1,1.0,1,0.6487373397698725,55
5224,0,7835,7835,0,0,0,0,1.0,1,1.0,1,1.0,1,0.6473468098734749,56
5225,3,7838,7838,0,0,0,0,1.0,1,1.0,1,1.0,1,0.6750011440704174,55
5226,1,7839,7839,0,0,0,0,1.0,1,1.0,1,1.0,1,0.6541575205754449,55
5227,1,7840,7840,0,0,0,0,1.0,1,1.0,1,1.0,1,0.6706123206327247,53
5228,2,7842,7842,0,0,0,0,1.0,1,1.0,1,1.0,1,0.6437883740058324,51
5229,0,7842,7842,0,0,0,0,1.0,1,1.0,1,1.0,1,0.6303017656542316,51
5230,2,7844,7844,0,0,0,0,1.0,1,1.0,1,1.0,1,0.617556999788188,51
5231,2,7846,7846,0,0,0,0,1.0,1,1.0,1,1.0,1,0.6337530645137778,52
5232,3,7849,7849,0,0,0,0,1.0,1,1.0,1,1.0,1,0.644006134359866,52
5233,1,7850,7850,0,0,0,0,1.0,1,1.0,1,1.0,1,0.6628118921778102,53
5234,5,7855,7855,0,0,0,0,1.0,1,1.0,1,1.0,1,0.6646128828686034,53
5235,1,7856,7856,0,0,0,0,1.0,1,1.0,1,1.0,1,0.6762907870942543,53
5236,3,7859,7859,0,0,0,0,1.0,1,1.0,1,1.0,1,0.6617646261155394,52
5237,1,7860,7860,0,0,0,0,1.0,1,1.0,1,1.0,1,0.6757089926029817,52
5238,2,7862,7862,0,0,0,0,1.0,1,1.0,1,1.0,1,0.6555823554034751,52
5239,1,7863,7863,0,0,0,0,1.0,1,1.0,1,1.0,1,0.6616458565003274,51
5240,2,7865,7865,0,0,0,0,1.0,1,1.0,1,1.0,1,0.6690836758062244,53
5241,1,7866,7866,0,0,0,0,1.0,1,1.0,1,1.0,1,0.674297021557531,53
5242,2,7868,7868,0,0,0,0,1.0,1,1.0,1,1.0,1,0.6763273349765232,51
5243,0,7868,7868,0,0,0,0,1.0,1,1.0,1,1.0,1,0.6763273349765232,51
5244,5,7873,7873,0,0,0,0,1.0,1,1.0,1,1.0,1,0.6795848736385522,52
5245,1,7874,7874,0,0,0,0,1.0,1,1.0,1,1.0,1,0.6764135020514911,53
5246,3,7877,7877,0,0,0,0,1.0,1,1.0,1,1.0,1,0.6872417653695326,53
5247,2,7879,7879,0,0,0,0,1.0,1,1.0,1,1.0,1,0.6978710945412556,54
5248,1,7880,7880,0,0,0,0,1.0,1,1.0,1,1.0,1,0.6881430526775288,54
5249,1,7881,7881,0,0,0,0,1.0,1,1.0,1,1.0,1,0.6778623184453598,55
5250,0,7881,7881,0,0,0,0,1.0,1,1.0,1,1.0,1,0.6824178426695378,57
5251,0,7881,7881,0,0,0,0,1.0,1,1.0,1,1.0,1,0.673683021086079,58
5252,2,7883,7883,0,0,0,0,1.0,1,1.0,1,1.0,1,0.6736624295741509,58
5253,2,7885,7885,0,0,0,0,1.0,1,1.0,1,1.0,1,0.6736007109532183,58
5254,1,7886,7886,0,0,0,0,1.0,1,1.0,1,1.0,1,0.6763076459509345,59
5255,3,7889,7889,0,0,0,0,1.0,1,1.0,1,1.0,1,0.6690597914926107,58
5256,0,7889,7889,0,0,0,0,1.0,1,1.0,1,1.0,1,0.6625271024001333,58
5257,3,7892,7892,0,0,0,0,1.0,1,1.0,1,1.0,1,0.6646760469573096,57
5258,1,7893,7893,0,0,0,0,1.0,1,1.0,1,1.0,1,0.6520112429661261,55
5259,2,7895,7895,0,0,0,0,1.0,1,1.0,1,1.0,1,0.6335300838587464,56
5260,1,7896,7896,0,0,0,0,1.0,1,1.0,1,1.0,1,0.6226011451423519,55
5261,2,7898,7898,0,0,0,0,1.0,1,1.0,1,1.0,1,0.6037124814892613,54
5262,3,7901,7901,0,0,0,0,1.0,1,1.0,1,1.0,1,0.5965440857613582,54
5263,3,7904,7904,0,0,0,0,1.0,1,1.0,1,1.0,1,0.5882926687343799,55
5264,3,7907,7907,0,0,0,0,1.0,1,1.0,1,1.0,1,0.5694630986744377,53
5265,4,7911,7911,0,0,0,0,1.0,1,1.0,1,1.0,1,0.5333941120952739,52
5266,1,7912,7912,0,0,0,0,1.0,1,1.0,1,1.0,1,0.5591766177779396,49
5267,3,7915,7915,0,0,0,0,1.0,1,1.0,1,1.0,1,0.5603926910082304,49
5268,4,7919,7919,0,0,0,0,1.0,1,1.0,1,1.0,1,0.5742759592312673,46
5269,3,7922,7922,0,0,0,0,1.0,1,1.0,1,1.0,1,0.5472853676358442,45
5270,4,7926,7926,0,0,0,0,1.0,1,1.0,1,1.0,1,0.5653155941580759,46
5271,6,7932,7932,0,0,0,0,1.0,1,1.0,1,1.0,1,0.5640181605359339,46
5272,0,7932,7932,0,0,0,0,1.0,1,1.0,1,1.0,1,0.5735282580826729,45
5273,4,7936,7936,0,0,0,0,1.0,1,1.0,1,1.0,1,0.5931839654434795,45
5274,0,7936,7936,0,0,0,0,1.0,1,1.0,1,1.0,1,0.5967028484215969,45
5275,4,7940,7940,0,0,0,0,1.0,1,1.0,1,1.0,1,0.6344780956342065,46
5276,2,7942,7942,0,0,0,0,1.0,1,1.0,1,1.0,1,0.6507895383145323,45
5277,0,7942,7942,0,0,0,0,1.0,1,1.0,1,1.0,1,0.6545665610263642,45
5278,1,7943,7943,0,0,0,0,1.0,1,1.0,1,1.0,1,0.6652160761107954,44
5279,0,7943,7943,0,0,0,0,1.0,1,1.0,1,1.0,1,0.6569188847865465,45
5280,1,7944,7944,0,0,0,0,1.0,1,1.0,1,1.0,1,0.6590512231593018,46
5281,0,7944,7944,0,0,0,0,1.0,1,1.0,1,1.0,1,0.6590512231593018,46
5282,0,7944,7944,0,0,0,0,1.0,1,1.0,1,1.0,1,0.6626454787053796,47
5283,2,7946,7946,0,0,0,0,1.0,1,1.0,1,1.0,1,0.6581243581183954,48
5284,1,7947,7947,0,0,0,0,1.0,1,1.0,1,1.0,1,0.6545368294017737,48
5285,0,7947,7947,0,0,0,0,1.0,1,1.0,1,1.0,1,0.6339639530277994,48
5286,1,7948,7948,0,0,0,0,1.0,1,1.0,1,1.0,1,0.6159119630249762,50
5287,0,7948,7948,0,0,0,0,1.0,1,1.0,1,1.0,1,0.6159119630249762,50
5288,2,7950,7950,0,0,0,0,1.0,1,1.0,1,1.0,1,0.5880284091250555,51
5289,0,7950,7950,0,0,0,0,1.0,1,1.0,1,1.0,1,0.5880284091250555,51
5290,3,7953,7953,0,0,0,0,1.0,1,1.0,1,1.0,1,0.5846477633231313,52
5291,1,7954,7954,0,0,0,0,1.0,1,1.0,1,1.0,1,0.5858134063223892,52
5292,3,7957,7957,0,0,0,0,1.0,1,1.0,1,1.0,1,0.5986003233959863,53
5293,3,7960,7960,0,0,0,0,1.0,1,1.0,1,1.0,1,0.6081666368251616,51
5294,1,7961,7961,0,0,0,0,1.0,1,1.0,1,1.0,1,0.6106534923005065,50
5295,1,7962,7962,0,0,0,0,1.0,1,1.0,1,1.0,1,0.6244934933274939,49
5296,0,7962,7962,0,0,0,0,1.0,1,1.0,1,1.0,1,0.6238866551160034,48
5297,0,7962,7962,0,0,0,0,1.0,1,1.0,1,1.0,1,0.641040162091706,46
5298,2,7964,7964,0,0,0,0,1.0,1,1.0,1,1.0,1,0.6026339424028628,46
5299,1,7965,7965,0,0,0,0,1.0,1,1.0,1,1.0,1,0.594261084668742,47
5300,1,7966,7966,0,0,0,0,1.0,1,1.0,1,1.0,1,0.569361628852178,48
5301,1,7967,7967,0,0,0,0,1.0,1,1.0,1,1.0,1,0.5640512811820765,48
5302,3,7970,7970,0,0,0,0,1.0,1,1.0,1,1.0,1,0.5684728741983502,49
5303,3,7973,7973,0,0,0,0,1.0,1,1.0,1,1.0,1,0.5897496356501256,48
5304,1,7974,7974,0,0,0,0,1.0,1,1.0,1,1.0,1,0.6010496530776892,48
5305,2,7976,7976,0,0,0,0,1.0,1,1.0,1,1.0,1,0.6047306835640306,47
5306,4,7980,7980,0,0,0,0,1.0,1,1.0,1,1.0,1,0.6350595337150877,48
5307,1,7981,7981,0,0,0,0,1.0,1,1.0,1,1.0,1,0.6302670149321068,48
5308,1,7982,7982,0,0,0,0,1.0,1,1.0,1,1.0,1,0.640238477131448,47
5309,0,7982,7982,0,0,0,0,1.0,1,1.0,1,1.0,1,0.6426380028756513,46
5310,1,7983,7983,0,0,0,0,1.0,1,1.0,1,1.0,1,0.6533010822455686,46
5311,0,7983,7983,0,0,0,0,1.0,1,1.0,1,1.0,1,0.6400346094563635,46
5312,1,7984,7984,0,0,0,0,1.0,1,1.0,1,1.0,1,0.660826930520213,46
5313,0,7984,7984,0,0,0,0,1.0,1,1.0,1,1.0,1,0.6650082297706629,46
5314,3,7987,7987,0,0,0,0,1.0,1,1.0,1,1.0,1,0.6370428214260971,46
5315,1,7988,7988,0,0,0,0,1.0,1,1.0,1,1.0,1,0.6482332452398819,47
5316,3,7991,7991,0,0,0,0,1.0,1,1.0,1,1.0,1,0.6485499147038761,48
5317,1,7992,7992,0,0,0,0,1.0,1,1.0,1,1.0,1,0.6385319699200073,49
5318,5,7997,7997,0,0,0,0,1.0,1,1.0,1,1.0,1,0.6333355195145411,49
5319,1,7998,7998,0,0,0,0,1.0,1,1.0,1,1.0,1,0.6386758479504658,50
5320,2,8000,8000,0,0,0,0,1.0,1,1.0,1,1.0,1,0.6277471928379637,51
5321,0,8000,8000,0,0,0,0,1.0,1,1.0,1,1.0,1,0.6183852200610157,52
5322,0,8000,8000,0,0,0,0,1.0,1,1.0,1,1.0,1,0.6210627134906459,53
5323,1,8001,8001,0,0,0,0,1.0,1,1.0,1,1.0,1,0.6180418369974808,53
5324,1,8002,8002,0,0,0,0,1.0,1,1.0,1,1.0,1,0.6200123025170391,55
5325,1,8003,8003,0,0,0,0,1.0,1,1.0,1,1.0,1,0.6335425560946589,55
5326,2,8005,8005,0,0,0,0,1.0,1,1.0,1,1.0,1,0.6435960102631677,55
5327,1,8006,8006,0,0,0,0,1.0,1,1.0,1,1.0,1,0.6488386132156815,56
5328,1,8007,8007,0,0,0,0,1.0,1,1.0,1,1.0,1,0.6486695203931884,57
5329,1,8008,8008,0,0,0,0,1.0,1,1.0,1,1.0,1,0.6526240866857412,57
5330,2,8010,8010,0,0,0,0,1.0,1,1.0,1,1.0,1,0.665529699230628,56
5331,1,8011,8011,0,0,0,0,1.0,1,1.0,1,1.0,1,0.6664556905374011,57
5332,0,8011,8011,0,0,0,0,1.0,1,1.0,1,1.0,1,0.6592802515384064,58
5333,2,8013,8013,0,0,0,0,1.0,1,1.0,1,1.0,1,0.6623409812472507,59
5334,1,8014,8014,0,0,0,0,1.0,1,1.0,1,1.0,1,0.6682878935839964,59
5335,0,8014,8014,0,0,0,0,1.0,1,1.0,1,1.0,1,0.664791786741817,58
5336,0,8014,8014,0,0,0,0,1.0,1,1.0,1,1.0,1,0.6584144667754965,59
5337,0,8014,8014,0,0,0,0,1.0,1,1.0,1,1.0,1,0.6549992423757455,60
5338,3,8017,8017,0,0,0,0,1.0,1,1.0,1,1.0,1,0.6281995601929693,60
5339,0,8017,8017,0,0,0,0,1.0,1,1.0,1,1.0,1,0.6281995601929693,60
5340,4,8021,8021,0,0,0,0,1.0,1,1.0,1,1.0,1,0.5994412526730176,60
5341,2,8023,8023,0,0,0,0,1.0,1,1.0,1,1.0,1,0.6014117905386877,61
5342,2,8025,8025,0,0,0,0,1.0,1,1.0,1,1.0,1,0.6141611317660245,59
5343,2,8027,8027,0,0,0,0,1.0,1,1.0,1,1.0,1,0.6079405013712289,58
5344,1,8028,8028,0,0,0,0,1.0,1,1.0,1,1.0,1,0.6212837728334166,58
5345,4,8032,8032,0,0,0,0,1.0,1,1.0,1,1.0,1,0.6206856376864589,54
5346,1,8033,8033,0,0,0,0,1.0,1,1.0,1,1.0,1,0.6250172571129626,54
5347,4,8037,8037,0,0,0,0,1.0,1,1.0,1,1.0,1,0.6285701427921744,54
5348,1,8038,8038,0,0,0,0,1.0,1,1.0,1,1.0,1,0.6376995107011635,55
5349,1,8039,8039,0,0,0,0,1.0,1,1.0,1,1.0,1,0.6385198175592445,56
5350,1,8040,8040,0,0,0,0,1.0,1,1.0,1,1.0,1,0.6367769211322831,56
5351,1,8041,8041,0,0,0,0,1.0,1,1.0,1,1.0,1,0.6204482352438018,57
5352,2,8043,8043,0,0,0,0,1.0,1,1.0,1,1.0,1,0.6337510621643917,57
5353,0,8043,8043,0,0,0,0,1.0,1,1.0,1,1.0,1,0.6337510621643917,57
5354,0,8043,8043,0,0,0,0,1.0,1,1.0,1,1.0,1,0.6455391961986471,56
5355,2,8045,8045,0,0,0,0,1.0,1,1.0,1,1.0,1,0.6240385259314984,57
5356,3,8048,8048,0,0,0,0,1.0,1,1.0,1,1.0,1,0.6084570993546601,56
5357,0,8048,8048,0,0,0,0,1.0,1,1.0,1,1.0,1,0.6169723727535665,56
5358,1,8049,8049,0,0,0,0,1.0,1,1.0,1,1.0,1,0.6072618257667859,57
5359,2,8051,8051,0,0,0,0,1.0,1,1.0,1,1.0,1,0.6083435918420378,57
5360,1,8052,8052,0,0,0,0,1.0,1,1.0,1,1.0,1,0.6238599245004238,55
5361,1,8053,8053,0,0,0,0,1.0,1,1.0,1,1.0,1,0.6448365406080226,56
5362,2,8055,8055,0,0,0,0,1.0,1,1.0,1,1.0,1,0.629123006187606,57
5363,0,8055,8055,0,0,0,0,1.0,1,1.0,1,1.0,1,0.629123006187606,57
5364,2,8057,8057,0,0,0,0,1.0,1,1.0,1,1.0,1,0.6252734413745712,58
5365,2,8059,8059,0,0,0,0,1.0,1,1.0,1,1.0,1,0.6222326358829839,59
5366,1,8060,8060,0,0,0,0,1.0,1,1.0,1,1.0,1,0.6293117544753927,60
5367,3,8063,8063,0,0,0,0,1.0,1,1.0,1,1.0,1,0.6495842720787798,60
5368,2,8065,8065,0,0,0,0,1.0,1,1.0,1,1.0,1,0.6399409462507583,58
5369,2,8067,8067,0,0,0,0,1.0,1,1.0,1,1.0,1,0.6212748177947341,58
5370,1,8068,8068,0,0,0,0,1.0,1,1.0,1,1.0,1,0.6109282937240423,57
5371,3,8071,8071,0,0,0,0,1.0,1,1.0,1,1.0,1,0.6450993633817927,56
5372,1,8072,8072,0,0,0,0,1.0,1,1.0,1,1.0,1,0.6350338572096441,55
5373,5,8077,8077,0,0,0,0,1.0,1,1.0,1,1.0,1,0.6682800588854986,54
5374,2,8079,8079,0,0,0,0,1.0,1,1.0,1,1.0,1,0.6677637331465754,53
5375,1,8080,8080,0,0,0,0,1.0,1,1.0,1,1.0,1,0.6679374890608084,52
5376,2,8082,8082,0,0,0,0,1.0,1,1.0,1,1.0,1,0.6689096615629609,52
5377,1,8083,8083,0,0,0,0,1.0,1,1.0,1,1.0,1,0.6722170869212057,51
5378,3,8086,8086,0,0,0,0,1.0,1,1.0,1,1.0,1,0.6769674965824887,52
5379,2,8088,8088,0,0,0,0,1.0,1,1.0,1,1.0,1,0.6780220502907055,50
5380,1,8089,8089,0,0,0,0,1.0,1,1.0,1,1.0,1,0.6702845602752047,51
5381,2,8091,8091,0,0,0,0,1.0,1,1.0,1,1.0,1,0.6437965493460408,50
5382,1,8092,8092,0,0,0,0,1.0,1,1.0,1,1.0,1,0.655422739037983,48
5383,1,8093,8093,0,0,0,0,1.0,1,1.0,1,1.0,1,0.6420493666859917,48
5384,2,8095,8095,0,0,0,0,1.0,1,1.0,1,1.0,1,0.6299204513052789,48
5385,1,8096,8096,0,0,0,0,1.0,1,1.0,1,1.0,1,0.631273218855105,47
5386,6,8102,8102,0,0,0,0,1.0,1,1.0,1,1.0,1,0.6488919165088946,48
5387,0,8102,8102,0,0,0,0,1.0,1,1.0,1,1.0,1,0.6514491905260089,48
5388,2,8104,8104,0,0,0,0,1.0,1,1.0,1,1.0,1,0.634542131754391,48
5389,4,8108,8108,0,0,0,0,1.0,1,1.0,1,1.0,1,0.5765856051962612,50
5390,2,8110,8110,0,0,0,0,1.0,1,1.0,1,1.0,1,0.5643224417819797,52
5391,1,8111,8111,0,0,0,0,1.0,1,1.0,1,1.0,1,0.557624683432443,52
5392,1,8112,8112,0,0,0,0,1.0,1,1.0,1,1.0,1,0.5631277891757611,51
5393,7,8119,8119,0,0,0,0,1.0,1,1.0,1,1.0,1,0.5706256166215429,50
5394,0,8119,8119,0,0,0,0,1.0,1,1.0,1,1.0,1,0.5699035094152805,50
5395,2,8121,8121,0,0,0,0,1.0,1,1.0,1,1.0,1,0.5780229644465029,49
5396,1,8122,8122,0,0,0,0,1.0,1,1.0,1,1.0,1,0.5748149251961657,48
5397,1,8123,8123,0,0,0,0,1.0,1,1.0,1,1.0,1,0.5791386617339158,48
5398,1,8124,8124,0,0,0,0,1.0,1,1.0,1,1.0,1,0.6072936669534404,46
5399,4,8128,8128,0,0,0,0,1.0,1,1.0,1,1.0,1,0.6187156604914199,46
5400,2,8130,8130,0,0,0,0,1.0,1,1.0,1,1.0,1,0.6300017490257798,48
5401,0,8130,8130,0,0,0,0,1.0,1,1.0,1,1.0,1,0.6147662826454795,49
5402,0,8130,8130,0,0,0,0,1.0,1,1.0,1,1.0,1,0.0,0
