,SuccessfulHandoverCount,TotalSuccessfulHandoverCount,TotalSuccessfulHandoverCountRange,TotalSuccessfulHandoverCountLoadBalancing,TotalSuccessfulHandoverCountOverload,FailedHandoverCount,TotalFailedHandoverCount,AvgQoS,MinQoS,AvgQoS_LoadBased,MinQoS_LoadBased,AvgQoS_RangeBased,MinQoS_RangeBased,GiniLoad,VehicleCount
0,0,0,0,0,0,0,0,1.0,1,1.0,1,1.0,1,0.0,0
1,0,0,0,0,0,0,0,1.0,1,1.0,1,1.0,1,0.5196669869965538,26
2,3,3,3,0,0,0,0,1.0,1,1.0,1,1.0,1,0.5360693555634803,27
3,5,8,8,0,0,0,0,1.0,1,1.0,1,1.0,1,0.5471771634830486,28
4,2,10,10,0,0,0,0,1.0,1,1.0,1,1.0,1,0.5338269366976927,29
5,5,15,15,0,0,0,0,1.0,1,1.0,1,1.0,1,0.5920745643048752,29
6,0,15,15,0,0,0,0,1.0,1,1.0,1,1.0,1,0.5480219628549006,32
7,2,17,17,0,0,0,0,1.0,1,1.0,1,1.0,1,0.5540890121799011,33
8,2,19,19,0,0,0,0,1.0,1,1.0,1,1.0,1,0.49463733789763165,35
9,5,24,24,0,0,0,0,1.0,1,1.0,1,1.0,1,0.4821712174864495,35
10,1,25,25,0,0,0,0,1.0,1,1.0,1,1.0,1,0.48813812042309773,35
11,1,26,26,0,0,0,0,1.0,1,1.0,1,1.0,1,0.4506419586284552,35
12,2,28,28,0,0,0,0,1.0,1,1.0,1,1.0,1,0.45915283830125797,34
13,2,30,30,0,0,0,0,1.0,1,1.0,1,1.0,1,0.4849649072493821,32
14,1,31,31,0,0,0,0,1.0,1,1.0,1,1.0,1,0.5133844593017142,31
15,1,32,32,0,0,0,0,1.0,1,1.0,1,1.0,1,0.5221226853424873,30
16,1,33,33,0,0,0,0,1.0,1,1.0,1,1.0,1,0.5314766289982541,30
17,0,33,33,0,0,0,0,1.0,1,1.0,1,1.0,1,0.5170632125950991,29
18,1,34,34,0,0,0,0,1.0,1,1.0,1,1.0,1,0.5165427908516437,29
19,6,40,40,0,0,0,0,1.0,1,1.0,1,1.0,1,0.4590119478940402,28
20,7,47,47,0,0,0,0,1.0,1,1.0,1,1.0,1,0.5003408220662602,28
21,4,51,51,0,0,0,0,1.0,1,1.0,1,1.0,1,0.6154889106045868,28
22,6,57,57,0,0,0,0,1.0,1,1.0,1,1.0,1,0.5896991830229397,28
23,3,60,60,0,0,0,0,1.0,1,1.0,1,1.0,1,0.642034618531931,27
24,7,67,67,0,0,0,0,1.0,1,1.0,1,1.0,1,0.6453230196328581,28
25,2,69,69,0,0,0,0,1.0,1,1.0,1,1.0,1,0.6189015477552419,28
26,5,74,74,0,0,0,0,1.0,1,1.0,1,1.0,1,0.46846049748121404,30
27,0,74,74,0,0,0,0,1.0,1,1.0,1,1.0,1,0.4595139568432471,30
28,3,77,77,0,0,0,0,1.0,1,1.0,1,1.0,1,0.41295481172411475,31
29,1,78,78,0,0,0,0,1.0,1,1.0,1,1.0,1,0.4347605164305943,30
30,1,79,79,0,0,0,0,1.0,1,1.0,1,1.0,1,0.45352909671557345,30
31,4,83,83,0,0,0,0,1.0,1,1.0,1,1.0,1,0.553896992936837,31
32,1,84,84,0,0,0,0,1.0,1,1.0,1,1.0,1,0.5729868367221129,31
33,3,87,87,0,0,0,0,1.0,1,1.0,1,1.0,1,0.6003731108508805,31
34,1,88,88,0,0,0,0,1.0,1,1.0,1,1.0,1,0.632754233661817,29
35,2,90,90,0,0,0,0,1.0,1,1.0,1,1.0,1,0.6418767770839514,30
36,1,91,91,0,0,0,0,1.0,1,1.0,1,1.0,1,0.6543365499210259,30
37,2,93,93,0,0,0,0,1.0,1,1.0,1,1.0,1,0.6463684660797477,31
38,2,95,95,0,0,0,0,1.0,1,1.0,1,1.0,1,0.6217761039975519,32
39,1,96,96,0,0,0,0,1.0,1,1.0,1,1.0,1,0.5670029120858905,36
40,0,96,96,0,0,0,0,1.0,1,1.0,1,1.0,1,0.5637204274122136,37
41,1,97,97,0,0,0,0,1.0,1,1.0,1,1.0,1,0.5559989680658256,37
42,1,98,98,0,0,0,0,1.0,1,1.0,1,1.0,1,0.5388756288558746,38
43,2,100,100,0,0,0,0,1.0,1,1.0,1,1.0,1,0.5420041588302732,40
44,1,101,101,0,0,0,0,1.0,1,1.0,1,1.0,1,0.5640457144253765,39
45,2,103,103,0,0,0,0,1.0,1,1.0,1,1.0,1,0.5380700673850184,40
46,0,103,103,0,0,0,0,1.0,1,1.0,1,1.0,1,0.5411804747832709,39
47,0,103,103,0,0,0,0,1.0,1,1.0,1,1.0,1,0.5411804747832709,39
48,1,104,104,0,0,0,0,1.0,1,1.0,1,1.0,1,0.545820169416107,39
49,0,104,104,0,0,0,0,1.0,1,1.0,1,1.0,1,0.5273075892680206,37
50,4,108,108,0,0,0,0,1.0,1,1.0,1,1.0,1,0.5001228202095376,35
51,0,108,108,0,0,0,0,1.0,1,1.0,1,1.0,1,0.49245753313585044,34
52,3,111,111,0,0,0,0,1.0,1,1.0,1,1.0,1,0.5301757560431152,34
53,4,115,115,0,0,0,0,1.0,1,1.0,1,1.0,1,0.5354860492835228,35
54,1,116,116,0,0,0,0,1.0,1,1.0,1,1.0,1,0.5578956945803827,36
55,6,122,122,0,0,0,0,1.0,1,1.0,1,1.0,1,0.5907771767602747,36
56,3,125,125,0,0,0,0,1.0,1,1.0,1,1.0,1,0.6050131681741537,36
57,4,129,129,0,0,0,0,1.0,1,1.0,1,1.0,1,0.5809118881698105,37
58,2,131,131,0,0,0,0,1.0,1,1.0,1,1.0,1,0.5084202975761954,38
59,1,132,132,0,0,0,0,1.0,1,1.0,1,1.0,1,0.5326527302525822,37
60,2,134,134,0,0,0,0,1.0,1,1.0,1,1.0,1,0.4792284164026172,38
61,2,136,136,0,0,0,0,1.0,1,1.0,1,1.0,1,0.4932068963570241,37
62,5,141,141,0,0,0,0,1.0,1,1.0,1,1.0,1,0.5502558072659683,39
63,3,144,144,0,0,0,0,1.0,1,1.0,1,1.0,1,0.5440425929916431,39
64,5,149,149,0,0,0,0,1.0,1,1.0,1,1.0,1,0.5420725948122578,38
65,3,152,152,0,0,0,0,1.0,1,1.0,1,1.0,1,0.48191056370161606,39
66,2,154,154,0,0,0,0,1.0,1,1.0,1,1.0,1,0.4791255473798201,39
67,2,156,156,0,0,0,0,1.0,1,1.0,1,1.0,1,0.45026732261060753,36
68,1,157,157,0,0,0,0,1.0,1,1.0,1,1.0,1,0.5093087360154127,36
69,0,157,157,0,0,0,0,1.0,1,1.0,1,1.0,1,0.5126121149294696,37
70,1,158,158,0,0,0,0,1.0,1,1.0,1,1.0,1,0.5380115785764193,36
71,1,159,159,0,0,0,0,1.0,1,1.0,1,1.0,1,0.5226475344533553,38
72,0,159,159,0,0,0,0,1.0,1,1.0,1,1.0,1,0.5226475344533553,38
73,2,161,161,0,0,0,0,1.0,1,1.0,1,1.0,1,0.521295515345845,37
74,2,163,163,0,0,0,0,1.0,1,1.0,1,1.0,1,0.516058965518507,38
75,3,166,166,0,0,0,0,1.0,1,1.0,1,1.0,1,0.5222128563097034,38
76,3,169,169,0,0,0,0,1.0,1,1.0,1,1.0,1,0.4784538757785154,39
77,3,172,172,0,0,0,0,1.0,1,1.0,1,1.0,1,0.4807540587378123,40
78,1,173,173,0,0,0,0,1.0,1,1.0,1,1.0,1,0.4700213241666366,41
79,0,173,173,0,0,0,0,1.0,1,1.0,1,1.0,1,0.4700213241666366,41
80,0,173,173,0,0,0,0,1.0,1,1.0,1,1.0,1,0.4700213241666366,41
81,4,177,177,0,0,0,0,1.0,1,1.0,1,1.0,1,0.46639977496725255,41
82,0,177,177,0,0,0,0,1.0,1,1.0,1,1.0,1,0.4846554951303833,44
83,1,178,178,0,0,0,0,1.0,1,1.0,1,1.0,1,0.49822027842200795,44
84,2,180,180,0,0,0,0,1.0,1,1.0,1,1.0,1,0.5074416399380468,45
85,1,181,181,0,0,0,0,1.0,1,1.0,1,1.0,1,0.5202428474270048,45
86,2,183,183,0,0,0,0,1.0,1,1.0,1,1.0,1,0.5478796916900083,45
87,1,184,184,0,0,0,0,1.0,1,1.0,1,1.0,1,0.5518261137599432,44
88,0,184,184,0,0,0,0,1.0,1,1.0,1,1.0,1,0.5518261137599432,44
89,1,185,185,0,0,0,0,1.0,1,1.0,1,1.0,1,0.542009814249073,43
90,0,185,185,0,0,0,0,1.0,1,1.0,1,1.0,1,0.5483167846195827,44
91,0,185,185,0,0,0,0,1.0,1,1.0,1,1.0,1,0.5483167846195827,44
92,2,187,187,0,0,0,0,1.0,1,1.0,1,1.0,1,0.5352700441623486,43
93,1,188,188,0,0,0,0,1.0,1,1.0,1,1.0,1,0.5537619771352673,44
94,2,190,190,0,0,0,0,1.0,1,1.0,1,1.0,1,0.5771586560025351,44
95,1,191,191,0,0,0,0,1.0,1,1.0,1,1.0,1,0.5832643792982691,43
96,3,194,194,0,0,0,0,1.0,1,1.0,1,1.0,1,0.6034088075170888,44
97,1,195,195,0,0,0,0,1.0,1,1.0,1,1.0,1,0.6125884722700095,44
98,2,197,197,0,0,0,0,1.0,1,1.0,1,1.0,1,0.6315737380295993,43
99,3,200,200,0,0,0,0,1.0,1,1.0,1,1.0,1,0.6391622226899911,43
100,3,203,203,0,0,0,0,1.0,1,1.0,1,1.0,1,0.6106113652545172,47
101,2,205,205,0,0,0,0,1.0,1,1.0,1,1.0,1,0.6270492265153856,47
102,9,214,214,0,0,0,0,1.0,1,1.0,1,1.0,1,0.6051922794788572,47
103,5,219,219,0,0,0,0,1.0,1,1.0,1,1.0,1,0.6134908891124922,46
104,7,226,226,0,0,0,0,1.0,1,1.0,1,1.0,1,0.6102305882445302,45
105,3,229,229,0,0,0,0,1.0,1,1.0,1,1.0,1,0.6010184090132736,44
106,6,235,235,0,0,0,0,1.0,1,1.0,1,1.0,1,0.6076429768163937,45
107,5,240,240,0,0,0,0,1.0,1,1.0,1,1.0,1,0.5506645978963425,44
108,4,244,244,0,0,0,0,1.0,1,1.0,1,1.0,1,0.5434196569589832,46
109,5,249,249,0,0,0,0,1.0,1,1.0,1,1.0,1,0.5279645706085169,46
110,5,254,254,0,0,0,0,1.0,1,1.0,1,1.0,1,0.5127250993468516,46
111,4,258,258,0,0,0,0,1.0,1,1.0,1,1.0,1,0.49792076890671133,46
112,3,261,261,0,0,0,0,1.0,1,1.0,1,1.0,1,0.5505122459919756,46
113,2,263,263,0,0,0,0,1.0,1,1.0,1,1.0,1,0.5361743375232517,46
114,0,263,263,0,0,0,0,1.0,1,1.0,1,1.0,1,0.5361743375232517,46
115,2,265,265,0,0,0,0,1.0,1,1.0,1,1.0,1,0.5016050553132559,47
116,2,267,267,0,0,0,0,1.0,1,1.0,1,1.0,1,0.4959917967674504,47
117,1,268,268,0,0,0,0,1.0,1,1.0,1,1.0,1,0.4927262992333549,45
118,1,269,269,0,0,0,0,1.0,1,1.0,1,1.0,1,0.468107344622986,46
119,0,269,269,0,0,0,0,1.0,1,1.0,1,1.0,1,0.4815206186847233,46
120,0,269,269,0,0,0,0,1.0,1,1.0,1,1.0,1,0.47436243151086716,47
121,0,269,269,0,0,0,0,1.0,1,1.0,1,1.0,1,0.48146229064320206,46
122,0,269,269,0,0,0,0,1.0,1,1.0,1,1.0,1,0.48146229064320206,46
123,2,271,271,0,0,0,0,1.0,1,1.0,1,1.0,1,0.5236684069644216,45
124,2,273,273,0,0,0,0,1.0,1,1.0,1,1.0,1,0.5313860407258508,46
125,4,277,277,0,0,0,0,1.0,1,1.0,1,1.0,1,0.5736793893534166,44
126,5,282,282,0,0,0,0,1.0,1,1.0,1,1.0,1,0.6101204735879537,45
127,6,288,288,0,0,0,0,1.0,1,1.0,1,1.0,1,0.5356202562342208,45
128,5,293,293,0,0,0,0,1.0,1,1.0,1,1.0,1,0.593165734618226,46
129,6,299,299,0,0,0,0,1.0,1,1.0,1,1.0,1,0.5744473846340671,48
130,3,302,302,0,0,0,0,1.0,1,1.0,1,1.0,1,0.5398984797418981,48
131,7,309,309,0,0,0,0,1.0,1,1.0,1,1.0,1,0.5636277233610353,49
132,1,310,310,0,0,0,0,1.0,1,1.0,1,1.0,1,0.5717180205639316,51
133,3,313,313,0,0,0,0,1.0,1,1.0,1,1.0,1,0.59084798062042,49
134,6,319,319,0,0,0,0,1.0,1,1.0,1,1.0,1,0.5648794433686353,49
135,3,322,322,0,0,0,0,1.0,1,1.0,1,1.0,1,0.5718808009808324,49
136,7,329,329,0,0,0,0,1.0,1,1.0,1,1.0,1,0.5644437074431996,48
137,6,335,335,0,0,0,0,1.0,1,1.0,1,1.0,1,0.5681090759503005,47
138,3,338,338,0,0,0,0,1.0,1,1.0,1,1.0,1,0.5772327440421964,48
139,7,345,345,0,0,0,0,1.0,1,1.0,1,1.0,1,0.5281765984482713,48
140,2,347,347,0,0,0,0,1.0,1,1.0,1,1.0,1,0.525847530301882,49
141,6,353,353,0,0,0,0,1.0,1,1.0,1,1.0,1,0.5084605163348986,49
142,1,354,354,0,0,0,0,1.0,1,1.0,1,1.0,1,0.5032123796866941,49
143,3,357,357,0,0,0,0,1.0,1,1.0,1,1.0,1,0.5496869834560096,47
144,1,358,358,0,0,0,0,1.0,1,1.0,1,1.0,1,0.5718625486299571,46
145,2,360,360,0,0,0,0,1.0,1,1.0,1,1.0,1,0.6213082676963453,44
146,2,362,362,0,0,0,0,1.0,1,1.0,1,1.0,1,0.6306830212405838,44
147,2,364,364,0,0,0,0,1.0,1,1.0,1,1.0,1,0.5914979760594151,43
148,1,365,365,0,0,0,0,1.0,1,1.0,1,1.0,1,0.5907374963871722,43
149,2,367,367,0,0,0,0,1.0,1,1.0,1,1.0,1,0.5738670849590873,43
150,0,367,367,0,0,0,0,1.0,1,1.0,1,1.0,1,0.5837345030812203,42
151,2,369,369,0,0,0,0,1.0,1,1.0,1,1.0,1,0.58968972969972,42
152,2,371,371,0,0,0,0,1.0,1,1.0,1,1.0,1,0.6190991162556851,42
153,1,372,372,0,0,0,0,1.0,1,1.0,1,1.0,1,0.6342159509156172,42
154,3,375,375,0,0,0,0,1.0,1,1.0,1,1.0,1,0.6248510811101801,43
155,5,380,380,0,0,0,0,1.0,1,1.0,1,1.0,1,0.6464321906592457,43
156,3,383,383,0,0,0,0,1.0,1,1.0,1,1.0,1,0.654137982800273,42
157,7,390,390,0,0,0,0,1.0,1,1.0,1,1.0,1,0.6587039284357453,41
158,6,396,396,0,0,0,0,1.0,1,1.0,1,1.0,1,0.7063494708755169,42
159,3,399,399,0,0,0,0,1.0,1,1.0,1,1.0,1,0.6542209857421291,43
160,3,402,402,0,0,0,0,1.0,1,1.0,1,1.0,1,0.6733982115658517,44
161,2,404,404,0,0,0,0,1.0,1,1.0,1,1.0,1,0.6453841834182458,44
162,2,406,406,0,0,0,0,1.0,1,1.0,1,1.0,1,0.686273678278218,45
163,5,411,411,0,0,0,0,1.0,1,1.0,1,1.0,1,0.6588121798614309,43
164,2,413,413,0,0,0,0,1.0,1,1.0,1,1.0,1,0.6842017601851537,42
165,3,416,416,0,0,0,0,1.0,1,1.0,1,1.0,1,0.6709078396467117,42
166,4,420,420,0,0,0,0,1.0,1,1.0,1,1.0,1,0.6095744862418929,42
167,4,424,424,0,0,0,0,1.0,1,1.0,1,1.0,1,0.6172474972446444,41
168,1,425,425,0,0,0,0,1.0,1,1.0,1,1.0,1,0.6052987588885725,40
169,4,429,429,0,0,0,0,1.0,1,1.0,1,1.0,1,0.564995323854,40
170,1,430,430,0,0,0,0,1.0,1,1.0,1,1.0,1,0.5459382244593245,38
171,2,432,432,0,0,0,0,1.0,1,1.0,1,1.0,1,0.5713497490208522,37
172,2,434,434,0,0,0,0,1.0,1,1.0,1,1.0,1,0.5826919107455906,35
173,2,436,436,0,0,0,0,1.0,1,1.0,1,1.0,1,0.6132381214348451,36
174,5,441,441,0,0,0,0,1.0,1,1.0,1,1.0,1,0.570071717910055,34
175,1,442,442,0,0,0,0,1.0,1,1.0,1,1.0,1,0.5329368066770558,33
176,2,444,444,0,0,0,0,1.0,1,1.0,1,1.0,1,0.5471323770085377,34
177,3,447,447,0,0,0,0,1.0,1,1.0,1,1.0,1,0.5000561266823175,36
178,2,449,449,0,0,0,0,1.0,1,1.0,1,1.0,1,0.47928373569554655,37
179,2,451,451,0,0,0,0,1.0,1,1.0,1,1.0,1,0.46197866375759206,37
180,1,452,452,0,0,0,0,1.0,1,1.0,1,1.0,1,0.46538004423727447,36
181,2,454,454,0,0,0,0,1.0,1,1.0,1,1.0,1,0.4675878422819175,36
182,2,456,456,0,0,0,0,1.0,1,1.0,1,1.0,1,0.5040524923062918,38
183,3,459,459,0,0,0,0,1.0,1,1.0,1,1.0,1,0.4935697745195945,37
184,1,460,460,0,0,0,0,1.0,1,1.0,1,1.0,1,0.5252984813665887,36
185,4,464,464,0,0,0,0,1.0,1,1.0,1,1.0,1,0.5866707264382772,35
186,1,465,465,0,0,0,0,1.0,1,1.0,1,1.0,1,0.621671292154061,34
187,2,467,467,0,0,0,0,1.0,1,1.0,1,1.0,1,0.6152033479656326,33
188,1,468,468,0,0,0,0,1.0,1,1.0,1,1.0,1,0.6227060861924633,33
189,4,472,472,0,0,0,0,1.0,1,1.0,1,1.0,1,0.6186215797730626,33
190,2,474,474,0,0,0,0,1.0,1,1.0,1,1.0,1,0.6487695243456288,32
191,3,477,477,0,0,0,0,1.0,1,1.0,1,1.0,1,0.6532308002108121,34
192,2,479,479,0,0,0,0,1.0,1,1.0,1,1.0,1,0.6719769640670831,34
193,3,482,482,0,0,0,0,1.0,1,1.0,1,1.0,1,0.6931984821048753,35
194,2,484,484,0,0,0,0,1.0,1,1.0,1,1.0,1,0.7060040282084448,37
195,1,485,485,0,0,0,0,1.0,1,1.0,1,1.0,1,0.7223109564696825,36
196,1,486,486,0,0,0,0,1.0,1,1.0,1,1.0,1,0.6901723689463061,36
197,0,486,486,0,0,0,0,1.0,1,1.0,1,1.0,1,0.6775759777161892,37
198,2,488,488,0,0,0,0,1.0,1,1.0,1,1.0,1,0.668398963178507,37
199,1,489,489,0,0,0,0,1.0,1,1.0,1,1.0,1,0.6617650351541415,37
200,4,493,493,0,0,0,0,1.0,1,1.0,1,1.0,1,0.6413086038338287,37
201,2,495,495,0,0,0,0,1.0,1,1.0,1,1.0,1,0.6275432995851891,36
202,5,500,500,0,0,0,0,1.0,1,1.0,1,1.0,1,0.5519786930659006,36
203,4,504,504,0,0,0,0,1.0,1,1.0,1,1.0,1,0.5294064958415562,35
204,5,509,509,0,0,0,0,1.0,1,1.0,1,1.0,1,0.5130021745618899,35
205,5,514,514,0,0,0,0,1.0,1,1.0,1,1.0,1,0.4879838397747641,35
206,4,518,518,0,0,0,0,1.0,1,1.0,1,1.0,1,0.44247274962076394,34
207,4,522,522,0,0,0,0,1.0,1,1.0,1,1.0,1,0.48152996657750785,34
208,3,525,525,0,0,0,0,1.0,1,1.0,1,1.0,1,0.4023527235092911,33
209,0,525,525,0,0,0,0,1.0,1,1.0,1,1.0,1,0.39625517107040775,33
210,3,528,528,0,0,0,0,1.0,1,1.0,1,1.0,1,0.4317767216829961,34
211,0,528,528,0,0,0,0,1.0,1,1.0,1,1.0,1,0.45677769930814627,33
212,3,531,531,0,0,0,0,1.0,1,1.0,1,1.0,1,0.5215962446839858,33
213,1,532,532,0,0,0,0,1.0,1,1.0,1,1.0,1,0.5298339850811581,35
214,2,534,534,0,0,0,0,1.0,1,1.0,1,1.0,1,0.5867365759675959,34
215,3,537,537,0,0,0,0,1.0,1,1.0,1,1.0,1,0.6018393759711748,35
216,3,540,540,0,0,0,0,1.0,1,1.0,1,1.0,1,0.5897587082817879,36
217,2,542,542,0,0,0,0,1.0,1,1.0,1,1.0,1,0.5822041416267186,36
218,0,542,542,0,0,0,0,1.0,1,1.0,1,1.0,1,0.5822041416267186,36
219,7,549,549,0,0,0,0,1.0,1,1.0,1,1.0,1,0.5255361728593755,37
220,3,552,552,0,0,0,0,1.0,1,1.0,1,1.0,1,0.5138311429861527,38
221,4,556,556,0,0,0,0,1.0,1,1.0,1,1.0,1,0.5424258290360565,37
222,4,560,560,0,0,0,0,1.0,1,1.0,1,1.0,1,0.568736637245422,38
223,1,561,561,0,0,0,0,1.0,1,1.0,1,1.0,1,0.5882704306492275,38
224,7,568,568,0,0,0,0,1.0,1,1.0,1,1.0,1,0.6191531043322819,38
225,4,572,572,0,0,0,0,1.0,1,1.0,1,1.0,1,0.6325097046828401,36
226,7,579,579,0,0,0,0,1.0,1,1.0,1,1.0,1,0.5830632722529951,37
227,3,582,582,0,0,0,0,1.0,1,1.0,1,1.0,1,0.5877662200372934,35
228,8,590,590,0,0,0,0,1.0,1,1.0,1,1.0,1,0.5156972913536616,35
229,8,598,598,0,0,0,0,1.0,1,1.0,1,1.0,1,0.50672768038493,35
230,4,602,602,0,0,0,0,1.0,1,1.0,1,1.0,1,0.5139148813306879,35
231,4,606,606,0,0,0,0,1.0,1,1.0,1,1.0,1,0.4896284920031232,35
232,3,609,609,0,0,0,0,1.0,1,1.0,1,1.0,1,0.47353335115770556,36
233,3,612,612,0,0,0,0,1.0,1,1.0,1,1.0,1,0.5094512491892645,36
234,0,612,612,0,0,0,0,1.0,1,1.0,1,1.0,1,0.5188928925059317,34
235,4,616,616,0,0,0,0,1.0,1,1.0,1,1.0,1,0.5402835381547554,33
236,3,619,619,0,0,0,0,1.0,1,1.0,1,1.0,1,0.5500943414298477,31
237,1,620,620,0,0,0,0,1.0,1,1.0,1,1.0,1,0.5449434449618893,32
238,0,620,620,0,0,0,0,1.0,1,1.0,1,1.0,1,0.5595649547654568,31
239,0,620,620,0,0,0,0,1.0,1,1.0,1,1.0,1,0.5360938087698837,30
240,2,622,622,0,0,0,0,1.0,1,1.0,1,1.0,1,0.5654024754306032,27
241,2,624,624,0,0,0,0,1.0,1,1.0,1,1.0,1,0.5668512770270864,27
242,2,626,626,0,0,0,0,1.0,1,1.0,1,1.0,1,0.5234284745138816,28
243,4,630,630,0,0,0,0,1.0,1,1.0,1,1.0,1,0.5492477466481843,28
244,1,631,631,0,0,0,0,1.0,1,1.0,1,1.0,1,0.4775852219480106,27
245,2,633,633,0,0,0,0,1.0,1,1.0,1,1.0,1,0.5017665740224603,27
246,1,634,634,0,0,0,0,1.0,1,1.0,1,1.0,1,0.5204059428735355,25
247,0,634,634,0,0,0,0,1.0,1,1.0,1,1.0,1,0.5538301050908558,24
248,0,634,634,0,0,0,0,1.0,1,1.0,1,1.0,1,0.553178517962524,24
249,3,637,637,0,0,0,0,1.0,1,1.0,1,1.0,1,0.5798985048864597,25
250,0,637,637,0,0,0,0,1.0,1,1.0,1,1.0,1,0.5870866209426621,27
251,3,640,640,0,0,0,0,1.0,1,1.0,1,1.0,1,0.6082518255002668,27
252,0,640,640,0,0,0,0,1.0,1,1.0,1,1.0,1,0.6082518255002668,27
253,3,643,643,0,0,0,0,1.0,1,1.0,1,1.0,1,0.5644751899668317,29
254,2,645,645,0,0,0,0,1.0,1,1.0,1,1.0,1,0.5552957092618171,30
255,1,646,646,0,0,0,0,1.0,1,1.0,1,1.0,1,0.5303714220260268,31
256,3,649,649,0,0,0,0,1.0,1,1.0,1,1.0,1,0.5274022530294825,31
257,3,652,652,0,0,0,0,1.0,1,1.0,1,1.0,1,0.4691830788218863,33
258,2,654,654,0,0,0,0,1.0,1,1.0,1,1.0,1,0.46346264459077763,33
259,5,659,659,0,0,0,0,1.0,1,1.0,1,1.0,1,0.46064361684193156,33
260,3,662,662,0,0,0,0,1.0,1,1.0,1,1.0,1,0.5019938123489607,35
261,3,665,665,0,0,0,0,1.0,1,1.0,1,1.0,1,0.548523336529262,35
262,3,668,668,0,0,0,0,1.0,1,1.0,1,1.0,1,0.5679609982291512,35
263,3,671,671,0,0,0,0,1.0,1,1.0,1,1.0,1,0.5841951039205954,34
264,1,672,672,0,0,0,0,1.0,1,1.0,1,1.0,1,0.563307551047086,32
265,2,674,674,0,0,0,0,1.0,1,1.0,1,1.0,1,0.5710349370431924,30
266,3,677,677,0,0,0,0,1.0,1,1.0,1,1.0,1,0.5758374943728858,31
267,2,679,679,0,0,0,0,1.0,1,1.0,1,1.0,1,0.638300941741187,30
268,3,682,682,0,0,0,0,1.0,1,1.0,1,1.0,1,0.6340961869963448,31
269,2,684,684,0,0,0,0,1.0,1,1.0,1,1.0,1,0.6629343050163208,31
270,1,685,685,0,0,0,0,1.0,1,1.0,1,1.0,1,0.6607412167662803,32
271,1,686,686,0,0,0,0,1.0,1,1.0,1,1.0,1,0.6828299879492659,31
272,0,686,686,0,0,0,0,1.0,1,1.0,1,1.0,1,0.7013641547823085,32
273,2,688,688,0,0,0,0,1.0,1,1.0,1,1.0,1,0.7293718658205703,32
274,0,688,688,0,0,0,0,1.0,1,1.0,1,1.0,1,0.7293718658205703,32
275,2,690,690,0,0,0,0,1.0,1,1.0,1,1.0,1,0.7393231787601162,33
276,0,690,690,0,0,0,0,1.0,1,1.0,1,1.0,1,0.7426210839804538,34
277,3,693,693,0,0,0,0,1.0,1,1.0,1,1.0,1,0.7193690234317083,32
278,1,694,694,0,0,0,0,1.0,1,1.0,1,1.0,1,0.6863561057117432,31
279,3,697,697,0,0,0,0,1.0,1,1.0,1,1.0,1,0.6531894162174677,31
280,3,700,700,0,0,0,0,1.0,1,1.0,1,1.0,1,0.6530356239263653,30
281,5,705,705,0,0,0,0,1.0,1,1.0,1,1.0,1,0.6670048750783902,31
282,4,709,709,0,0,0,0,1.0,1,1.0,1,1.0,1,0.6325160846882302,30
283,2,711,711,0,0,0,0,1.0,1,1.0,1,1.0,1,0.652566626618165,31
284,3,714,714,0,0,0,0,1.0,1,1.0,1,1.0,1,0.6146342041176945,31
285,3,717,717,0,0,0,0,1.0,1,1.0,1,1.0,1,0.5800725835026149,31
286,1,718,718,0,0,0,0,1.0,1,1.0,1,1.0,1,0.5782032599566587,31
287,2,720,720,0,0,0,0,1.0,1,1.0,1,1.0,1,0.565590306438042,33
288,0,720,720,0,0,0,0,1.0,1,1.0,1,1.0,1,0.5288186871539231,32
289,2,722,722,0,0,0,0,1.0,1,1.0,1,1.0,1,0.5063055531332107,32
290,0,722,722,0,0,0,0,1.0,1,1.0,1,1.0,1,0.49713222908617516,31
291,0,722,722,0,0,0,0,1.0,1,1.0,1,1.0,1,0.5162581586460996,30
292,1,723,723,0,0,0,0,1.0,1,1.0,1,1.0,1,0.48838722459111134,32
293,0,723,723,0,0,0,0,1.0,1,1.0,1,1.0,1,0.48838722459111134,32
294,2,725,725,0,0,0,0,1.0,1,1.0,1,1.0,1,0.5194635225574695,32
295,2,727,727,0,0,0,0,1.0,1,1.0,1,1.0,1,0.526840204565833,34
296,2,729,729,0,0,0,0,1.0,1,1.0,1,1.0,1,0.5182966546219163,34
297,0,729,729,0,0,0,0,1.0,1,1.0,1,1.0,1,0.5182966546219163,34
298,2,731,731,0,0,0,0,1.0,1,1.0,1,1.0,1,0.5452964026231186,35
299,3,734,734,0,0,0,0,1.0,1,1.0,1,1.0,1,0.5522974418857958,35
300,3,737,737,0,0,0,0,1.0,1,1.0,1,1.0,1,0.6072987984875858,35
301,1,738,738,0,0,0,0,1.0,1,1.0,1,1.0,1,0.5974386584734632,38
302,5,743,743,0,0,0,0,1.0,1,1.0,1,1.0,1,0.6314325993015686,38
303,3,746,746,0,0,0,0,1.0,1,1.0,1,1.0,1,0.6578953601743063,37
304,2,748,748,0,0,0,0,1.0,1,1.0,1,1.0,1,0.673242092685147,37
305,6,754,754,0,0,0,0,1.0,1,1.0,1,1.0,1,0.6250147328207485,36
306,4,758,758,0,0,0,0,1.0,1,1.0,1,1.0,1,0.6381423447309595,36
307,2,760,760,0,0,0,0,1.0,1,1.0,1,1.0,1,0.6497351821004627,35
308,2,762,762,0,0,0,0,1.0,1,1.0,1,1.0,1,0.62783179421947,37
309,0,762,762,0,0,0,0,1.0,1,1.0,1,1.0,1,0.62783179421947,37
310,1,763,763,0,0,0,0,1.0,1,1.0,1,1.0,1,0.6452128581218919,37
311,0,763,763,0,0,0,0,1.0,1,1.0,1,1.0,1,0.6262109752310624,39
312,0,763,763,0,0,0,0,1.0,1,1.0,1,1.0,1,0.6141930796015671,40
313,2,765,765,0,0,0,0,1.0,1,1.0,1,1.0,1,0.6265531792820885,39
314,1,766,766,0,0,0,0,1.0,1,1.0,1,1.0,1,0.6213160302671205,40
315,1,767,767,0,0,0,0,1.0,1,1.0,1,1.0,1,0.6047061731420327,39
316,2,769,769,0,0,0,0,1.0,1,1.0,1,1.0,1,0.6435616706491315,39
317,2,771,771,0,0,0,0,1.0,1,1.0,1,1.0,1,0.6539531575184079,40
318,0,771,771,0,0,0,0,1.0,1,1.0,1,1.0,1,0.6434667449781475,41
319,2,773,773,0,0,0,0,1.0,1,1.0,1,1.0,1,0.673301815734412,41
320,0,773,773,0,0,0,0,1.0,1,1.0,1,1.0,1,0.6733032005579584,41
321,3,776,776,0,0,0,0,1.0,1,1.0,1,1.0,1,0.6813337994032046,41
322,2,778,778,0,0,0,0,1.0,1,1.0,1,1.0,1,0.6801661556924692,41
323,2,780,780,0,0,0,0,1.0,1,1.0,1,1.0,1,0.7266777883775698,41
324,1,781,781,0,0,0,0,1.0,1,1.0,1,1.0,1,0.7093726264423702,42
325,3,784,784,0,0,0,0,1.0,1,1.0,1,1.0,1,0.6742908109013508,42
326,0,784,784,0,0,0,0,1.0,1,1.0,1,1.0,1,0.6742908109013508,42
327,1,785,785,0,0,0,0,1.0,1,1.0,1,1.0,1,0.662853166668793,42
328,1,786,786,0,0,0,0,1.0,1,1.0,1,1.0,1,0.6671235044030236,43
329,5,791,791,0,0,0,0,1.0,1,1.0,1,1.0,1,0.7174667115301016,43
330,3,794,794,0,0,0,0,1.0,1,1.0,1,1.0,1,0.6963948119462728,45
331,1,795,795,0,0,0,0,1.0,1,1.0,1,1.0,1,0.7035932026948856,45
332,4,799,799,0,0,0,0,1.0,1,1.0,1,1.0,1,0.7110570394852025,45
333,0,799,799,0,0,0,0,1.0,1,1.0,1,1.0,1,0.706974502581266,46
334,1,800,800,0,0,0,0,1.0,1,1.0,1,1.0,1,0.6786212524109775,48
335,1,801,801,0,0,0,0,1.0,1,1.0,1,1.0,1,0.6663431489883087,48
336,1,802,802,0,0,0,0,1.0,1,1.0,1,1.0,1,0.651789548533773,48
337,1,803,803,0,0,0,0,1.0,1,1.0,1,1.0,1,0.6521372098164243,49
338,1,804,804,0,0,0,0,1.0,1,1.0,1,1.0,1,0.637847575271213,50
339,0,804,804,0,0,0,0,1.0,1,1.0,1,1.0,1,0.637847575271213,50
340,2,806,806,0,0,0,0,1.0,1,1.0,1,1.0,1,0.6365633952041864,50
341,1,807,807,0,0,0,0,1.0,1,1.0,1,1.0,1,0.6432705158641103,51
342,1,808,808,0,0,0,0,1.0,1,1.0,1,1.0,1,0.6160563450617247,51
343,4,812,812,0,0,0,0,1.0,1,1.0,1,1.0,1,0.6528821110811646,51
344,3,815,815,0,0,0,0,1.0,1,1.0,1,1.0,1,0.6630780444927503,50
345,5,820,820,0,0,0,0,1.0,1,1.0,1,1.0,1,0.63988477684198,51
346,4,824,824,0,0,0,0,1.0,1,1.0,1,1.0,1,0.6164129931804486,51
347,2,826,826,0,0,0,0,1.0,1,1.0,1,1.0,1,0.6084041190100385,51
348,4,830,830,0,0,0,0,1.0,1,1.0,1,1.0,1,0.5954334665432679,53
349,3,833,833,0,0,0,0,1.0,1,1.0,1,1.0,1,0.5981859105553703,55
350,4,837,837,0,0,0,0,1.0,1,1.0,1,1.0,1,0.6017658293895572,54
351,3,840,840,0,0,0,0,1.0,1,1.0,1,1.0,1,0.6156870845532976,54
352,3,843,843,0,0,0,0,1.0,1,1.0,1,1.0,1,0.6120928110393289,53
353,3,846,846,0,0,0,0,1.0,1,1.0,1,1.0,1,0.6051667034997941,53
354,5,851,851,0,0,0,0,1.0,1,1.0,1,1.0,1,0.6289800450841028,50
355,3,854,854,0,0,0,0,1.0,1,1.0,1,1.0,1,0.6207445650509558,51
356,2,856,856,0,0,0,0,1.0,1,1.0,1,1.0,1,0.599512250293318,51
357,2,858,858,0,0,0,0,1.0,1,1.0,1,1.0,1,0.5898805727397021,50
358,2,860,860,0,0,0,0,1.0,1,1.0,1,1.0,1,0.6015810124550824,48
359,3,863,863,0,0,0,0,1.0,1,1.0,1,1.0,1,0.6151917212164003,47
360,4,867,867,0,0,0,0,1.0,1,1.0,1,1.0,1,0.6280240940698475,45
361,1,868,868,0,0,0,0,1.0,1,1.0,1,1.0,1,0.6404078597370527,44
362,5,873,873,0,0,0,0,1.0,1,1.0,1,1.0,1,0.6428911503359575,44
363,4,877,877,0,0,0,0,1.0,1,1.0,1,1.0,1,0.6000960180562611,44
364,4,881,881,0,0,0,0,1.0,1,1.0,1,1.0,1,0.5706007829236777,43
365,4,885,885,0,0,0,0,1.0,1,1.0,1,1.0,1,0.5327338454110321,43
366,1,886,886,0,0,0,0,1.0,1,1.0,1,1.0,1,0.5279086373448244,45
367,0,886,886,0,0,0,0,1.0,1,1.0,1,1.0,1,0.5436800686055296,44
368,2,888,888,0,0,0,0,1.0,1,1.0,1,1.0,1,0.5011354424216696,46
369,0,888,888,0,0,0,0,1.0,1,1.0,1,1.0,1,0.5191316131070306,45
370,3,891,891,0,0,0,0,1.0,1,1.0,1,1.0,1,0.5088872928019985,46
371,2,893,893,0,0,0,0,1.0,1,1.0,1,1.0,1,0.5262206219445326,47
372,2,895,895,0,0,0,0,1.0,1,1.0,1,1.0,1,0.5515862904990542,48
373,1,896,896,0,0,0,0,1.0,1,1.0,1,1.0,1,0.5757559685412537,48
374,3,899,899,0,0,0,0,1.0,1,1.0,1,1.0,1,0.5982106216743398,49
375,3,902,902,0,0,0,0,1.0,1,1.0,1,1.0,1,0.5640772483126766,49
376,3,905,905,0,0,0,0,1.0,1,1.0,1,1.0,1,0.5801537490406621,49
377,4,909,909,0,0,0,0,1.0,1,1.0,1,1.0,1,0.615818989382459,49
378,2,911,911,0,0,0,0,1.0,1,1.0,1,1.0,1,0.6144133722567241,49
379,8,919,919,0,0,0,0,1.0,1,1.0,1,1.0,1,0.5606942953640343,50
380,3,922,922,0,0,0,0,1.0,1,1.0,1,1.0,1,0.5457193852937946,50
381,6,928,928,0,0,0,0,1.0,1,1.0,1,1.0,1,0.5635654088590601,51
382,3,931,931,0,0,0,0,1.0,1,1.0,1,1.0,1,0.5461227167042976,50
383,1,932,932,0,0,0,0,1.0,1,1.0,1,1.0,1,0.5476612009539272,51
384,4,936,936,0,0,0,0,1.0,1,1.0,1,1.0,1,0.5730011589962419,50
385,2,938,938,0,0,0,0,1.0,1,1.0,1,1.0,1,0.5766376968609486,50
386,1,939,939,0,0,0,0,1.0,1,1.0,1,1.0,1,0.5966317566648317,48
387,2,941,941,0,0,0,0,1.0,1,1.0,1,1.0,1,0.5835940139410294,47
388,4,945,945,0,0,0,0,1.0,1,1.0,1,1.0,1,0.5747749154697982,48
389,1,946,946,0,0,0,0,1.0,1,1.0,1,1.0,1,0.5666181724396449,47
390,3,949,949,0,0,0,0,1.0,1,1.0,1,1.0,1,0.5670856005482264,49
391,2,951,951,0,0,0,0,1.0,1,1.0,1,1.0,1,0.5610362688538824,46
392,2,953,953,0,0,0,0,1.0,1,1.0,1,1.0,1,0.5742794261106328,46
393,4,957,957,0,0,0,0,1.0,1,1.0,1,1.0,1,0.5366200398370736,44
394,3,960,960,0,0,0,0,1.0,1,1.0,1,1.0,1,0.5439187172048329,43
395,3,963,963,0,0,0,0,1.0,1,1.0,1,1.0,1,0.552572859269364,42
396,3,966,966,0,0,0,0,1.0,1,1.0,1,1.0,1,0.5486986520441298,39
397,4,970,970,0,0,0,0,1.0,1,1.0,1,1.0,1,0.5985510333090184,39
398,1,971,971,0,0,0,0,1.0,1,1.0,1,1.0,1,0.5988637074792027,36
399,0,971,971,0,0,0,0,1.0,1,1.0,1,1.0,1,0.5988637074792027,36
400,0,971,971,0,0,0,0,1.0,1,1.0,1,1.0,1,0.6188518343659345,34
401,1,972,972,0,0,0,0,1.0,1,1.0,1,1.0,1,0.5933236042455629,33
402,2,974,974,0,0,0,0,1.0,1,1.0,1,1.0,1,0.5698416626871833,34
403,2,976,976,0,0,0,0,1.0,1,1.0,1,1.0,1,0.5498118063450571,36
404,3,979,979,0,0,0,0,1.0,1,1.0,1,1.0,1,0.5685884143149973,36
405,4,983,983,0,0,0,0,1.0,1,1.0,1,1.0,1,0.5404131390736081,37
406,6,989,989,0,0,0,0,1.0,1,1.0,1,1.0,1,0.5261311794244904,37
407,8,997,997,0,0,0,0,1.0,1,1.0,1,1.0,1,0.5090923345334403,39
408,4,1001,1001,0,0,0,0,1.0,1,1.0,1,1.0,1,0.500644336587619,40
409,3,1004,1004,0,0,0,0,1.0,1,1.0,1,1.0,1,0.4907961312034091,41
410,4,1008,1008,0,0,0,0,1.0,1,1.0,1,1.0,1,0.5044709500351908,42
411,1,1009,1009,0,0,0,0,1.0,1,1.0,1,1.0,1,0.5144715140085955,43
412,1,1010,1010,0,0,0,0,1.0,1,1.0,1,1.0,1,0.5192306374715949,44
413,0,1010,1010,0,0,0,0,1.0,1,1.0,1,1.0,1,0.5192306374715949,44
414,1,1011,1011,0,0,0,0,1.0,1,1.0,1,1.0,1,0.5270610341676734,45
415,1,1012,1012,0,0,0,0,1.0,1,1.0,1,1.0,1,0.5089117065601302,45
416,2,1014,1014,0,0,0,0,1.0,1,1.0,1,1.0,1,0.5090052053988774,46
417,0,1014,1014,0,0,0,0,1.0,1,1.0,1,1.0,1,0.5090052053988774,46
418,3,1017,1017,0,0,0,0,1.0,1,1.0,1,1.0,1,0.48549023768719946,47
419,3,1020,1020,0,0,0,0,1.0,1,1.0,1,1.0,1,0.4582495855236605,47
420,2,1022,1022,0,0,0,0,1.0,1,1.0,1,1.0,1,0.4477307368755067,47
421,3,1025,1025,0,0,0,0,1.0,1,1.0,1,1.0,1,0.4296612407081847,47
422,4,1029,1029,0,0,0,0,1.0,1,1.0,1,1.0,1,0.4786154676837455,49
423,1,1030,1030,0,0,0,0,1.0,1,1.0,1,1.0,1,0.48442269044687164,47
424,6,1036,1036,0,0,0,0,1.0,1,1.0,1,1.0,1,0.5439164822505289,45
425,5,1041,1041,0,0,0,0,1.0,1,1.0,1,1.0,1,0.5461803176428149,46
426,1,1042,1042,0,0,0,0,1.0,1,1.0,1,1.0,1,0.5400939283827524,46
427,3,1045,1045,0,0,0,0,1.0,1,1.0,1,1.0,1,0.5665053330163609,45
428,7,1052,1052,0,0,0,0,1.0,1,1.0,1,1.0,1,0.5779242030596295,45
429,5,1057,1057,0,0,0,0,1.0,1,1.0,1,1.0,1,0.6120396562403163,42
430,4,1061,1061,0,0,0,0,1.0,1,1.0,1,1.0,1,0.5875570266112444,40
431,6,1067,1067,0,0,0,0,1.0,1,1.0,1,1.0,1,0.593464292898097,39
432,3,1070,1070,0,0,0,0,1.0,1,1.0,1,1.0,1,0.5998760532509146,37
433,3,1073,1073,0,0,0,0,1.0,1,1.0,1,1.0,1,0.6475449056749065,35
434,2,1075,1075,0,0,0,0,1.0,1,1.0,1,1.0,1,0.6842447401381934,33
435,2,1077,1077,0,0,0,0,1.0,1,1.0,1,1.0,1,0.7225313663524444,33
436,3,1080,1080,0,0,0,0,1.0,1,1.0,1,1.0,1,0.6680531315196738,33
437,3,1083,1083,0,0,0,0,1.0,1,1.0,1,1.0,1,0.6903776028030316,33
438,2,1085,1085,0,0,0,0,1.0,1,1.0,1,1.0,1,0.6779819124662193,32
439,0,1085,1085,0,0,0,0,1.0,1,1.0,1,1.0,1,0.6393008176025751,34
440,2,1087,1087,0,0,0,0,1.0,1,1.0,1,1.0,1,0.6189032317875489,34
441,3,1090,1090,0,0,0,0,1.0,1,1.0,1,1.0,1,0.5486563702756998,35
442,1,1091,1091,0,0,0,0,1.0,1,1.0,1,1.0,1,0.5293363602205716,37
443,3,1094,1094,0,0,0,0,1.0,1,1.0,1,1.0,1,0.5352922597774689,37
444,1,1095,1095,0,0,0,0,1.0,1,1.0,1,1.0,1,0.5296282879161033,38
445,8,1103,1103,0,0,0,0,1.0,1,1.0,1,1.0,1,0.4652372741296138,39
446,0,1103,1103,0,0,0,0,1.0,1,1.0,1,1.0,1,0.4652372741296138,39
447,4,1107,1107,0,0,0,0,1.0,1,1.0,1,1.0,1,0.4431092172455399,41
448,0,1107,1107,0,0,0,0,1.0,1,1.0,1,1.0,1,0.4431092172455399,41
449,2,1109,1109,0,0,0,0,1.0,1,1.0,1,1.0,1,0.46829989218722223,40
450,0,1109,1109,0,0,0,0,1.0,1,1.0,1,1.0,1,0.46286849906802824,40
451,2,1111,1111,0,0,0,0,1.0,1,1.0,1,1.0,1,0.495999586068675,41
452,0,1111,1111,0,0,0,0,1.0,1,1.0,1,1.0,1,0.495999586068675,41
453,6,1117,1117,0,0,0,0,1.0,1,1.0,1,1.0,1,0.5801091170148333,40
454,3,1120,1120,0,0,0,0,1.0,1,1.0,1,1.0,1,0.5974260049831474,41
455,3,1123,1123,0,0,0,0,1.0,1,1.0,1,1.0,1,0.5982744556481551,41
456,2,1125,1125,0,0,0,0,1.0,1,1.0,1,1.0,1,0.5525966940175879,43
457,4,1129,1129,0,0,0,0,1.0,1,1.0,1,1.0,1,0.5932882992911446,43
458,2,1131,1131,0,0,0,0,1.0,1,1.0,1,1.0,1,0.5676610323271721,43
459,3,1134,1134,0,0,0,0,1.0,1,1.0,1,1.0,1,0.5179988039894283,44
460,2,1136,1136,0,0,0,0,1.0,1,1.0,1,1.0,1,0.5176267512556583,47
461,4,1140,1140,0,0,0,0,1.0,1,1.0,1,1.0,1,0.5218925858347088,48
462,4,1144,1144,0,0,0,0,1.0,1,1.0,1,1.0,1,0.5048103408891307,49
463,6,1150,1150,0,0,0,0,1.0,1,1.0,1,1.0,1,0.5392800012145099,47
464,4,1154,1154,0,0,0,0,1.0,1,1.0,1,1.0,1,0.4948196902017357,48
465,3,1157,1157,0,0,0,0,1.0,1,1.0,1,1.0,1,0.5206925301092404,47
466,4,1161,1161,0,0,0,0,1.0,1,1.0,1,1.0,1,0.5282285384293539,46
467,2,1163,1163,0,0,0,0,1.0,1,1.0,1,1.0,1,0.5656884216883079,44
468,3,1166,1166,0,0,0,0,1.0,1,1.0,1,1.0,1,0.5669631268110101,41
469,4,1170,1170,0,0,0,0,1.0,1,1.0,1,1.0,1,0.5244678430344196,40
470,7,1177,1177,0,0,0,0,1.0,1,1.0,1,1.0,1,0.5247318873565575,39
471,6,1183,1183,0,0,0,0,1.0,1,1.0,1,1.0,1,0.5112932255995116,38
472,5,1188,1188,0,0,0,0,1.0,1,1.0,1,1.0,1,0.5127065331947764,36
473,4,1192,1192,0,0,0,0,1.0,1,1.0,1,1.0,1,0.48040119166316764,36
474,2,1194,1194,0,0,0,0,1.0,1,1.0,1,1.0,1,0.5082429499427046,34
475,3,1197,1197,0,0,0,0,1.0,1,1.0,1,1.0,1,0.5383650115162436,34
476,1,1198,1198,0,0,0,0,1.0,1,1.0,1,1.0,1,0.5666019639675121,32
477,0,1198,1198,0,0,0,0,1.0,1,1.0,1,1.0,1,0.5668392573008227,32
478,4,1202,1202,0,0,0,0,1.0,1,1.0,1,1.0,1,0.44735731698509174,30
479,2,1204,1204,0,0,0,0,1.0,1,1.0,1,1.0,1,0.41969628823926924,31
480,2,1206,1206,0,0,0,0,1.0,1,1.0,1,1.0,1,0.4911122506770564,27
481,1,1207,1207,0,0,0,0,1.0,1,1.0,1,1.0,1,0.4773610578889488,28
482,3,1210,1210,0,0,0,0,1.0,1,1.0,1,1.0,1,0.4795347558388359,28
483,3,1213,1213,0,0,0,0,1.0,1,1.0,1,1.0,1,0.4375269964665457,29
484,2,1215,1215,0,0,0,0,1.0,1,1.0,1,1.0,1,0.4501407239115148,29
485,2,1217,1217,0,0,0,0,1.0,1,1.0,1,1.0,1,0.48373141814873455,29
486,2,1219,1219,0,0,0,0,1.0,1,1.0,1,1.0,1,0.4891291779004919,31
487,4,1223,1223,0,0,0,0,1.0,1,1.0,1,1.0,1,0.4763119892354677,33
488,3,1226,1226,0,0,0,0,1.0,1,1.0,1,1.0,1,0.5298456367859461,34
489,1,1227,1227,0,0,0,0,1.0,1,1.0,1,1.0,1,0.5735003407056996,34
490,0,1227,1227,0,0,0,0,1.0,1,1.0,1,1.0,1,0.5735003407056996,34
491,1,1228,1228,0,0,0,0,1.0,1,1.0,1,1.0,1,0.5742643100260946,34
492,0,1228,1228,0,0,0,0,1.0,1,1.0,1,1.0,1,0.5742643100260946,34
493,1,1229,1229,0,0,0,0,1.0,1,1.0,1,1.0,1,0.5804805566042356,34
494,1,1230,1230,0,0,0,0,1.0,1,1.0,1,1.0,1,0.5927157785391562,36
495,2,1232,1232,0,0,0,0,1.0,1,1.0,1,1.0,1,0.600393980837912,36
496,4,1236,1236,0,0,0,0,1.0,1,1.0,1,1.0,1,0.5690214203023833,37
497,1,1237,1237,0,0,0,0,1.0,1,1.0,1,1.0,1,0.5229566839398485,39
498,2,1239,1239,0,0,0,0,1.0,1,1.0,1,1.0,1,0.5337095471103503,40
499,4,1243,1243,0,0,0,0,1.0,1,1.0,1,1.0,1,0.5263869897492195,40
500,4,1247,1247,0,0,0,0,1.0,1,1.0,1,1.0,1,0.5484915082449601,42
501,2,1249,1249,0,0,0,0,1.0,1,1.0,1,1.0,1,0.5598148266470158,42
502,4,1253,1253,0,0,0,0,1.0,1,1.0,1,1.0,1,0.5586170022128277,42
503,4,1257,1257,0,0,0,0,1.0,1,1.0,1,1.0,1,0.5725998423954632,41
504,4,1261,1261,0,0,0,0,1.0,1,1.0,1,1.0,1,0.5772395695574979,42
505,3,1264,1264,0,0,0,0,1.0,1,1.0,1,1.0,1,0.5493656056169222,38
506,5,1269,1269,0,0,0,0,1.0,1,1.0,1,1.0,1,0.5545868396314745,37
507,5,1274,1274,0,0,0,0,1.0,1,1.0,1,1.0,1,0.5096238251775829,35
508,4,1278,1278,0,0,0,0,1.0,1,1.0,1,1.0,1,0.4795556032506149,35
509,3,1281,1281,0,0,0,0,1.0,1,1.0,1,1.0,1,0.520443328726132,34
510,1,1282,1282,0,0,0,0,1.0,1,1.0,1,1.0,1,0.4945192615357861,34
511,2,1284,1284,0,0,0,0,1.0,1,1.0,1,1.0,1,0.5158763334299179,32
512,1,1285,1285,0,0,0,0,1.0,1,1.0,1,1.0,1,0.5571056475841407,30
513,3,1288,1288,0,0,0,0,1.0,1,1.0,1,1.0,1,0.5413143341420984,31
514,0,1288,1288,0,0,0,0,1.0,1,1.0,1,1.0,1,0.5413143341420984,31
515,4,1292,1292,0,0,0,0,1.0,1,1.0,1,1.0,1,0.5789132463209931,32
516,1,1293,1293,0,0,0,0,1.0,1,1.0,1,1.0,1,0.5881919612746344,31
517,4,1297,1297,0,0,0,0,1.0,1,1.0,1,1.0,1,0.5547073248126292,32
518,1,1298,1298,0,0,0,0,1.0,1,1.0,1,1.0,1,0.5363504784888891,31
519,4,1302,1302,0,0,0,0,1.0,1,1.0,1,1.0,1,0.49333627562045,31
520,1,1303,1303,0,0,0,0,1.0,1,1.0,1,1.0,1,0.493078422391012,33
521,0,1303,1303,0,0,0,0,1.0,1,1.0,1,1.0,1,0.4758764471226069,34
522,2,1305,1305,0,0,0,0,1.0,1,1.0,1,1.0,1,0.496199813169708,34
523,1,1306,1306,0,0,0,0,1.0,1,1.0,1,1.0,1,0.468299241580678,33
524,1,1307,1307,0,0,0,0,1.0,1,1.0,1,1.0,1,0.45468307272163144,34
525,2,1309,1309,0,0,0,0,1.0,1,1.0,1,1.0,1,0.47208437854616564,32
526,2,1311,1311,0,0,0,0,1.0,1,1.0,1,1.0,1,0.4585511709264259,32
527,2,1313,1313,0,0,0,0,1.0,1,1.0,1,1.0,1,0.4867772770854717,31
528,4,1317,1317,0,0,0,0,1.0,1,1.0,1,1.0,1,0.5112833067083719,31
529,3,1320,1320,0,0,0,0,1.0,1,1.0,1,1.0,1,0.5408299367859108,30
530,2,1322,1322,0,0,0,0,1.0,1,1.0,1,1.0,1,0.5326629430545354,30
531,7,1329,1329,0,0,0,0,1.0,1,1.0,1,1.0,1,0.465050921746097,32
532,4,1333,1333,0,0,0,0,1.0,1,1.0,1,1.0,1,0.4831838966185154,32
533,4,1337,1337,0,0,0,0,1.0,1,1.0,1,1.0,1,0.5018769144139508,34
534,2,1339,1339,0,0,0,0,1.0,1,1.0,1,1.0,1,0.49859432646980184,34
535,3,1342,1342,0,0,0,0,1.0,1,1.0,1,1.0,1,0.4992721680676591,37
536,0,1342,1342,0,0,0,0,1.0,1,1.0,1,1.0,1,0.4992721680676591,37
537,1,1343,1343,0,0,0,0,1.0,1,1.0,1,1.0,1,0.5080508520132999,37
538,0,1343,1343,0,0,0,0,1.0,1,1.0,1,1.0,1,0.5029474514400653,38
539,4,1347,1347,0,0,0,0,1.0,1,1.0,1,1.0,1,0.5146470038199293,38
540,2,1349,1349,0,0,0,0,1.0,1,1.0,1,1.0,1,0.5541485216026857,38
541,2,1351,1351,0,0,0,0,1.0,1,1.0,1,1.0,1,0.5129444631195587,39
542,3,1354,1354,0,0,0,0,1.0,1,1.0,1,1.0,1,0.53132048815339,40
543,5,1359,1359,0,0,0,0,1.0,1,1.0,1,1.0,1,0.5426096685297663,37
544,3,1362,1362,0,0,0,0,1.0,1,1.0,1,1.0,1,0.5400480354068201,35
545,5,1367,1367,0,0,0,0,1.0,1,1.0,1,1.0,1,0.5789145570659133,35
546,0,1367,1367,0,0,0,0,1.0,1,1.0,1,1.0,1,0.5789145570659133,35
547,4,1371,1371,0,0,0,0,1.0,1,1.0,1,1.0,1,0.616359362258662,34
548,1,1372,1372,0,0,0,0,1.0,1,1.0,1,1.0,1,0.6077891275596271,34
549,1,1373,1373,0,0,0,0,1.0,1,1.0,1,1.0,1,0.6556582418202457,31
550,2,1375,1375,0,0,0,0,1.0,1,1.0,1,1.0,1,0.6638796498723498,30
551,1,1376,1376,0,0,0,0,1.0,1,1.0,1,1.0,1,0.6630872951729145,31
552,1,1377,1377,0,0,0,0,1.0,1,1.0,1,1.0,1,0.6445009611285365,29
553,2,1379,1379,0,0,0,0,1.0,1,1.0,1,1.0,1,0.5840573685134465,30
554,1,1380,1380,0,0,0,0,1.0,1,1.0,1,1.0,1,0.5929649457806817,30
555,1,1381,1381,0,0,0,0,1.0,1,1.0,1,1.0,1,0.5652096579615772,30
556,3,1384,1384,0,0,0,0,1.0,1,1.0,1,1.0,1,0.5199530962701976,31
557,1,1385,1385,0,0,0,0,1.0,1,1.0,1,1.0,1,0.544083942385257,31
558,4,1389,1389,0,0,0,0,1.0,1,1.0,1,1.0,1,0.5663851205210552,31
559,3,1392,1392,0,0,0,0,1.0,1,1.0,1,1.0,1,0.5660286873346547,31
560,3,1395,1395,0,0,0,0,1.0,1,1.0,1,1.0,1,0.5775206671944847,32
561,2,1397,1397,0,0,0,0,1.0,1,1.0,1,1.0,1,0.5566879740174085,33
562,5,1402,1402,0,0,0,0,1.0,1,1.0,1,1.0,1,0.5735750489138837,33
563,4,1406,1406,0,0,0,0,1.0,1,1.0,1,1.0,1,0.5718113016152168,33
564,2,1408,1408,0,0,0,0,1.0,1,1.0,1,1.0,1,0.5858719993445521,34
565,6,1414,1414,0,0,0,0,1.0,1,1.0,1,1.0,1,0.5542908586795307,35
566,7,1421,1421,0,0,0,0,1.0,1,1.0,1,1.0,1,0.5638071437525511,36
567,6,1427,1427,0,0,0,0,1.0,1,1.0,1,1.0,1,0.5413951874036638,37
568,3,1430,1430,0,0,0,0,1.0,1,1.0,1,1.0,1,0.5605068347777381,36
569,2,1432,1432,0,0,0,0,1.0,1,1.0,1,1.0,1,0.5098190709804769,37
570,2,1434,1434,0,0,0,0,1.0,1,1.0,1,1.0,1,0.5203407584255272,38
571,2,1436,1436,0,0,0,0,1.0,1,1.0,1,1.0,1,0.5169132366033503,38
572,1,1437,1437,0,0,0,0,1.0,1,1.0,1,1.0,1,0.5056446423661887,39
573,2,1439,1439,0,0,0,0,1.0,1,1.0,1,1.0,1,0.48995436457144576,39
574,1,1440,1440,0,0,0,0,1.0,1,1.0,1,1.0,1,0.5025285551190762,41
575,2,1442,1442,0,0,0,0,1.0,1,1.0,1,1.0,1,0.49776509309391326,41
576,1,1443,1443,0,0,0,0,1.0,1,1.0,1,1.0,1,0.5098028363766214,42
577,3,1446,1446,0,0,0,0,1.0,1,1.0,1,1.0,1,0.5272645013761127,42
578,2,1448,1448,0,0,0,0,1.0,1,1.0,1,1.0,1,0.57880673552844,41
579,1,1449,1449,0,0,0,0,1.0,1,1.0,1,1.0,1,0.5714517868528759,42
580,3,1452,1452,0,0,0,0,1.0,1,1.0,1,1.0,1,0.6096368538615057,43
581,2,1454,1454,0,0,0,0,1.0,1,1.0,1,1.0,1,0.608601561530227,42
582,3,1457,1457,0,0,0,0,1.0,1,1.0,1,1.0,1,0.6172729446470169,41
583,2,1459,1459,0,0,0,0,1.0,1,1.0,1,1.0,1,0.6419971540886149,40
584,3,1462,1462,0,0,0,0,1.0,1,1.0,1,1.0,1,0.6638218010826681,38
585,3,1465,1465,0,0,0,0,1.0,1,1.0,1,1.0,1,0.6480322170182876,38
586,2,1467,1467,0,0,0,0,1.0,1,1.0,1,1.0,1,0.5910531379319746,37
587,3,1470,1470,0,0,0,0,1.0,1,1.0,1,1.0,1,0.6116076333843224,35
588,5,1475,1475,0,0,0,0,1.0,1,1.0,1,1.0,1,0.5528753106177143,35
589,2,1477,1477,0,0,0,0,1.0,1,1.0,1,1.0,1,0.5766387589690024,34
590,2,1479,1479,0,0,0,0,1.0,1,1.0,1,1.0,1,0.5048186501349042,36
591,4,1483,1483,0,0,0,0,1.0,1,1.0,1,1.0,1,0.5143655986168756,35
592,5,1488,1488,0,0,0,0,1.0,1,1.0,1,1.0,1,0.5169770287051605,37
593,2,1490,1490,0,0,0,0,1.0,1,1.0,1,1.0,1,0.561581028813086,36
594,3,1493,1493,0,0,0,0,1.0,1,1.0,1,1.0,1,0.58523468001455,35
595,1,1494,1494,0,0,0,0,1.0,1,1.0,1,1.0,1,0.6086576023502448,34
596,1,1495,1495,0,0,0,0,1.0,1,1.0,1,1.0,1,0.6067805679648215,34
597,3,1498,1498,0,0,0,0,1.0,1,1.0,1,1.0,1,0.577929987099706,33
598,0,1498,1498,0,0,0,0,1.0,1,1.0,1,1.0,1,0.6168293229489631,33
599,3,1501,1501,0,0,0,0,1.0,1,1.0,1,1.0,1,0.6101125820796689,33
600,1,1502,1502,0,0,0,0,1.0,1,1.0,1,1.0,1,0.6186326389939217,33
601,1,1503,1503,0,0,0,0,1.0,1,1.0,1,1.0,1,0.6263359873842315,34
602,3,1506,1506,0,0,0,0,1.0,1,1.0,1,1.0,1,0.656863059248746,35
603,1,1507,1507,0,0,0,0,1.0,1,1.0,1,1.0,1,0.655343749702805,35
604,1,1508,1508,0,0,0,0,1.0,1,1.0,1,1.0,1,0.6417355298000013,35
605,1,1509,1509,0,0,0,0,1.0,1,1.0,1,1.0,1,0.679616166532287,35
606,0,1509,1509,0,0,0,0,1.0,1,1.0,1,1.0,1,0.6654772622934096,35
607,5,1514,1514,0,0,0,0,1.0,1,1.0,1,1.0,1,0.6643880091214871,35
608,3,1517,1517,0,0,0,0,1.0,1,1.0,1,1.0,1,0.6722426139958773,36
609,3,1520,1520,0,0,0,0,1.0,1,1.0,1,1.0,1,0.6363089014530289,37
610,6,1526,1526,0,0,0,0,1.0,1,1.0,1,1.0,1,0.6196150709388495,37
611,4,1530,1530,0,0,0,0,1.0,1,1.0,1,1.0,1,0.6481726124136711,39
612,4,1534,1534,0,0,0,0,1.0,1,1.0,1,1.0,1,0.6659879561129909,39
613,4,1538,1538,0,0,0,0,1.0,1,1.0,1,1.0,1,0.6202148920464221,39
614,3,1541,1541,0,0,0,0,1.0,1,1.0,1,1.0,1,0.6611675586811171,39
615,7,1548,1548,0,0,0,0,1.0,1,1.0,1,1.0,1,0.646664873627978,39
616,2,1550,1550,0,0,0,0,1.0,1,1.0,1,1.0,1,0.6400982507932567,38
617,5,1555,1555,0,0,0,0,1.0,1,1.0,1,1.0,1,0.639672435762612,39
618,1,1556,1556,0,0,0,0,1.0,1,1.0,1,1.0,1,0.6395029846219956,40
619,2,1558,1558,0,0,0,0,1.0,1,1.0,1,1.0,1,0.6046541948003744,39
620,4,1562,1562,0,0,0,0,1.0,1,1.0,1,1.0,1,0.5604685974712617,38
621,3,1565,1565,0,0,0,0,1.0,1,1.0,1,1.0,1,0.5224071608624778,38
622,4,1569,1569,0,0,0,0,1.0,1,1.0,1,1.0,1,0.579853128869808,38
623,2,1571,1571,0,0,0,0,1.0,1,1.0,1,1.0,1,0.5816893282346446,37
624,6,1577,1577,0,0,0,0,1.0,1,1.0,1,1.0,1,0.4979853025908713,33
625,3,1580,1580,0,0,0,0,1.0,1,1.0,1,1.0,1,0.5346872033908053,32
626,1,1581,1581,0,0,0,0,1.0,1,1.0,1,1.0,1,0.5490837845986469,31
627,5,1586,1586,0,0,0,0,1.0,1,1.0,1,1.0,1,0.5966162185106848,30
628,3,1589,1589,0,0,0,0,1.0,1,1.0,1,1.0,1,0.5790633317221092,32
629,2,1591,1591,0,0,0,0,1.0,1,1.0,1,1.0,1,0.5725617591415381,29
630,2,1593,1593,0,0,0,0,1.0,1,1.0,1,1.0,1,0.601240149293235,29
631,1,1594,1594,0,0,0,0,1.0,1,1.0,1,1.0,1,0.6546318091882244,25
632,5,1599,1599,0,0,0,0,1.0,1,1.0,1,1.0,1,0.6126021063262599,24
633,4,1603,1603,0,0,0,0,1.0,1,1.0,1,1.0,1,0.5853054152368935,23
634,5,1608,1608,0,0,0,0,1.0,1,1.0,1,1.0,1,0.6046957043914382,23
635,4,1612,1612,0,0,0,0,1.0,1,1.0,1,1.0,1,0.6478698457642601,22
636,2,1614,1614,0,0,0,0,1.0,1,1.0,1,1.0,1,0.6356978794233278,22
637,2,1616,1616,0,0,0,0,1.0,1,1.0,1,1.0,1,0.6247318256455603,23
638,0,1616,1616,0,0,0,0,1.0,1,1.0,1,1.0,1,0.6247318256455603,23
639,2,1618,1618,0,0,0,0,1.0,1,1.0,1,1.0,1,0.5999617469330725,24
640,4,1622,1622,0,0,0,0,1.0,1,1.0,1,1.0,1,0.6162647248395124,24
641,1,1623,1623,0,0,0,0,1.0,1,1.0,1,1.0,1,0.6131128714445919,25
642,2,1625,1625,0,0,0,0,1.0,1,1.0,1,1.0,1,0.5428237115700213,26
643,2,1627,1627,0,0,0,0,1.0,1,1.0,1,1.0,1,0.555816859153145,28
644,1,1628,1628,0,0,0,0,1.0,1,1.0,1,1.0,1,0.5620109237098175,28
645,2,1630,1630,0,0,0,0,1.0,1,1.0,1,1.0,1,0.5642568008632631,28
646,2,1632,1632,0,0,0,0,1.0,1,1.0,1,1.0,1,0.5617361846688741,29
647,2,1634,1634,0,0,0,0,1.0,1,1.0,1,1.0,1,0.5431866045241966,30
648,2,1636,1636,0,0,0,0,1.0,1,1.0,1,1.0,1,0.5506773975481415,30
649,5,1641,1641,0,0,0,0,1.0,1,1.0,1,1.0,1,0.596923633424597,31
650,0,1641,1641,0,0,0,0,1.0,1,1.0,1,1.0,1,0.596923633424597,31
651,4,1645,1645,0,0,0,0,1.0,1,1.0,1,1.0,1,0.6044721306886017,32
652,0,1645,1645,0,0,0,0,1.0,1,1.0,1,1.0,1,0.6044721306886017,32
653,1,1646,1646,0,0,0,0,1.0,1,1.0,1,1.0,1,0.5623211779001672,33
654,3,1649,1649,0,0,0,0,1.0,1,1.0,1,1.0,1,0.5695783848154833,33
655,3,1652,1652,0,0,0,0,1.0,1,1.0,1,1.0,1,0.5488924451778313,36
656,2,1654,1654,0,0,0,0,1.0,1,1.0,1,1.0,1,0.5374186620169916,36
657,1,1655,1655,0,0,0,0,1.0,1,1.0,1,1.0,1,0.5076011070874356,35
658,3,1658,1658,0,0,0,0,1.0,1,1.0,1,1.0,1,0.5325787989462853,33
659,2,1660,1660,0,0,0,0,1.0,1,1.0,1,1.0,1,0.5217020625737016,35
660,2,1662,1662,0,0,0,0,1.0,1,1.0,1,1.0,1,0.5172679769383655,34
661,2,1664,1664,0,0,0,0,1.0,1,1.0,1,1.0,1,0.5103723828754443,33
662,3,1667,1667,0,0,0,0,1.0,1,1.0,1,1.0,1,0.497528302290306,31
663,2,1669,1669,0,0,0,0,1.0,1,1.0,1,1.0,1,0.5099469069340195,29
664,2,1671,1671,0,0,0,0,1.0,1,1.0,1,1.0,1,0.5635071360172236,27
665,7,1678,1678,0,0,0,0,1.0,1,1.0,1,1.0,1,0.6169654013261625,27
666,6,1684,1684,0,0,0,0,1.0,1,1.0,1,1.0,1,0.6183000405765327,28
667,3,1687,1687,0,0,0,0,1.0,1,1.0,1,1.0,1,0.6227368604000242,26
668,2,1689,1689,0,0,0,0,1.0,1,1.0,1,1.0,1,0.5414969058015454,26
669,5,1694,1694,0,0,0,0,1.0,1,1.0,1,1.0,1,0.5424393372136694,25
670,3,1697,1697,0,0,0,0,1.0,1,1.0,1,1.0,1,0.5688801297855761,24
671,2,1699,1699,0,0,0,0,1.0,1,1.0,1,1.0,1,0.6069418409042653,24
672,0,1699,1699,0,0,0,0,1.0,1,1.0,1,1.0,1,0.6085573673696713,25
673,1,1700,1700,0,0,0,0,1.0,1,1.0,1,1.0,1,0.6176627222416555,25
674,2,1702,1702,0,0,0,0,1.0,1,1.0,1,1.0,1,0.6045780609075739,25
675,3,1705,1705,0,0,0,0,1.0,1,1.0,1,1.0,1,0.6346352330499875,26
676,3,1708,1708,0,0,0,0,1.0,1,1.0,1,1.0,1,0.5938762897940105,27
677,2,1710,1710,0,0,0,0,1.0,1,1.0,1,1.0,1,0.5786709087633364,28
678,2,1712,1712,0,0,0,0,1.0,1,1.0,1,1.0,1,0.5179116228698674,28
679,1,1713,1713,0,0,0,0,1.0,1,1.0,1,1.0,1,0.4820524608002918,30
680,1,1714,1714,0,0,0,0,1.0,1,1.0,1,1.0,1,0.4904604188502612,29
681,2,1716,1716,0,0,0,0,1.0,1,1.0,1,1.0,1,0.4947275519679285,29
682,2,1718,1718,0,0,0,0,1.0,1,1.0,1,1.0,1,0.5032793570622305,30
683,3,1721,1721,0,0,0,0,1.0,1,1.0,1,1.0,1,0.516287559524242,30
684,1,1722,1722,0,0,0,0,1.0,1,1.0,1,1.0,1,0.5192336347027109,31
685,6,1728,1728,0,0,0,0,1.0,1,1.0,1,1.0,1,0.47581855758675856,30
686,2,1730,1730,0,0,0,0,1.0,1,1.0,1,1.0,1,0.5260284837492792,30
687,3,1733,1733,0,0,0,0,1.0,1,1.0,1,1.0,1,0.5403255595262847,30
688,1,1734,1734,0,0,0,0,1.0,1,1.0,1,1.0,1,0.5737136868133674,31
689,3,1737,1737,0,0,0,0,1.0,1,1.0,1,1.0,1,0.5818575365832409,32
690,1,1738,1738,0,0,0,0,1.0,1,1.0,1,1.0,1,0.6000570316196027,32
691,2,1740,1740,0,0,0,0,1.0,1,1.0,1,1.0,1,0.630129615819907,32
692,0,1740,1740,0,0,0,0,1.0,1,1.0,1,1.0,1,0.630129615819907,32
693,3,1743,1743,0,0,0,0,1.0,1,1.0,1,1.0,1,0.6047834990238151,34
694,1,1744,1744,0,0,0,0,1.0,1,1.0,1,1.0,1,0.5944434992388249,36
695,3,1747,1747,0,0,0,0,1.0,1,1.0,1,1.0,1,0.6227222310277409,34
696,0,1747,1747,0,0,0,0,1.0,1,1.0,1,1.0,1,0.6157300307126783,33
697,2,1749,1749,0,0,0,0,1.0,1,1.0,1,1.0,1,0.6306856104845627,33
698,1,1750,1750,0,0,0,0,1.0,1,1.0,1,1.0,1,0.6336033996976796,34
699,3,1753,1753,0,0,0,0,1.0,1,1.0,1,1.0,1,0.5967417186519395,33
700,2,1755,1755,0,0,0,0,1.0,1,1.0,1,1.0,1,0.587466171056802,32
701,2,1757,1757,0,0,0,0,1.0,1,1.0,1,1.0,1,0.6119731387936924,33
702,3,1760,1760,0,0,0,0,1.0,1,1.0,1,1.0,1,0.6219683684965225,34
703,3,1763,1763,0,0,0,0,1.0,1,1.0,1,1.0,1,0.608260353381051,32
704,1,1764,1764,0,0,0,0,1.0,1,1.0,1,1.0,1,0.6280566872938599,31
705,2,1766,1766,0,0,0,0,1.0,1,1.0,1,1.0,1,0.5655177246928115,33
706,3,1769,1769,0,0,0,0,1.0,1,1.0,1,1.0,1,0.6056868502597113,33
707,1,1770,1770,0,0,0,0,1.0,1,1.0,1,1.0,1,0.5959344309861581,31
708,0,1770,1770,0,0,0,0,1.0,1,1.0,1,1.0,1,0.5959344309861581,31
709,1,1771,1771,0,0,0,0,1.0,1,1.0,1,1.0,1,0.5901623806928407,30
710,1,1772,1772,0,0,0,0,1.0,1,1.0,1,1.0,1,0.6214900135256763,30
711,0,1772,1772,0,0,0,0,1.0,1,1.0,1,1.0,1,0.6183390361631037,30
712,0,1772,1772,0,0,0,0,1.0,1,1.0,1,1.0,1,0.6141030647361013,30
713,1,1773,1773,0,0,0,0,1.0,1,1.0,1,1.0,1,0.6330372605578263,31
714,0,1773,1773,0,0,0,0,1.0,1,1.0,1,1.0,1,0.6257714580539896,31
715,2,1775,1775,0,0,0,0,1.0,1,1.0,1,1.0,1,0.6543369898454096,30
716,3,1778,1778,0,0,0,0,1.0,1,1.0,1,1.0,1,0.6684132180138511,31
717,0,1778,1778,0,0,0,0,1.0,1,1.0,1,1.0,1,0.6734887537271558,32
718,2,1780,1780,0,0,0,0,1.0,1,1.0,1,1.0,1,0.6860951964291186,32
719,1,1781,1781,0,0,0,0,1.0,1,1.0,1,1.0,1,0.6946509034163393,32
720,1,1782,1782,0,0,0,0,1.0,1,1.0,1,1.0,1,0.6569033735496049,34
721,1,1783,1783,0,0,0,0,1.0,1,1.0,1,1.0,1,0.6517487866097619,34
722,2,1785,1785,0,0,0,0,1.0,1,1.0,1,1.0,1,0.6725561775517604,34
723,2,1787,1787,0,0,0,0,1.0,1,1.0,1,1.0,1,0.707841227643634,35
724,2,1789,1789,0,0,0,0,1.0,1,1.0,1,1.0,1,0.6956401734584757,36
725,2,1791,1791,0,0,0,0,1.0,1,1.0,1,1.0,1,0.6897090735178389,37
726,2,1793,1793,0,0,0,0,1.0,1,1.0,1,1.0,1,0.6795030268515289,37
727,0,1793,1793,0,0,0,0,1.0,1,1.0,1,1.0,1,0.6848899177969058,38
728,1,1794,1794,0,0,0,0,1.0,1,1.0,1,1.0,1,0.7013400501592932,39
729,1,1795,1795,0,0,0,0,1.0,1,1.0,1,1.0,1,0.7114788599784906,39
730,0,1795,1795,0,0,0,0,1.0,1,1.0,1,1.0,1,0.7106038310825361,40
731,0,1795,1795,0,0,0,0,1.0,1,1.0,1,1.0,1,0.7106038310825361,40
732,1,1796,1796,0,0,0,0,1.0,1,1.0,1,1.0,1,0.7277362496050243,41
733,1,1797,1797,0,0,0,0,1.0,1,1.0,1,1.0,1,0.7170825377218959,41
734,1,1798,1798,0,0,0,0,1.0,1,1.0,1,1.0,1,0.7253456456838785,42
735,1,1799,1799,0,0,0,0,1.0,1,1.0,1,1.0,1,0.6825327393529925,42
736,5,1804,1804,0,0,0,0,1.0,1,1.0,1,1.0,1,0.6321492465077443,41
737,3,1807,1807,0,0,0,0,1.0,1,1.0,1,1.0,1,0.6149026635451942,41
738,2,1809,1809,0,0,0,0,1.0,1,1.0,1,1.0,1,0.58629767758092,39
739,7,1816,1816,0,0,0,0,1.0,1,1.0,1,1.0,1,0.5899339202852734,39
740,6,1822,1822,0,0,0,0,1.0,1,1.0,1,1.0,1,0.6001471070359449,39
741,6,1828,1828,0,0,0,0,1.0,1,1.0,1,1.0,1,0.6111247412334009,38
742,9,1837,1837,0,0,0,0,1.0,1,1.0,1,1.0,1,0.6110341895380091,39
743,4,1841,1841,0,0,0,0,1.0,1,1.0,1,1.0,1,0.6221179851248367,39
744,8,1849,1849,0,0,0,0,1.0,1,1.0,1,1.0,1,0.6288497757675945,39
745,4,1853,1853,0,0,0,0,1.0,1,1.0,1,1.0,1,0.6091448280672218,39
746,5,1858,1858,0,0,0,0,1.0,1,1.0,1,1.0,1,0.5965287320371475,40
747,3,1861,1861,0,0,0,0,1.0,1,1.0,1,1.0,1,0.5278810853065019,41
748,7,1868,1868,0,0,0,0,1.0,1,1.0,1,1.0,1,0.5356102800502225,41
749,2,1870,1870,0,0,0,0,1.0,1,1.0,1,1.0,1,0.5202404090893477,41
750,4,1874,1874,0,0,0,0,1.0,1,1.0,1,1.0,1,0.5638290638862141,39
751,0,1874,1874,0,0,0,0,1.0,1,1.0,1,1.0,1,0.5493565493987947,41
752,5,1879,1879,0,0,0,0,1.0,1,1.0,1,1.0,1,0.5703347525743984,41
753,3,1882,1882,0,0,0,0,1.0,1,1.0,1,1.0,1,0.603056675620824,41
754,1,1883,1883,0,0,0,0,1.0,1,1.0,1,1.0,1,0.5969361916726674,41
755,2,1885,1885,0,0,0,0,1.0,1,1.0,1,1.0,1,0.6129986860098908,41
756,2,1887,1887,0,0,0,0,1.0,1,1.0,1,1.0,1,0.6213362556450374,41
757,0,1887,1887,0,0,0,0,1.0,1,1.0,1,1.0,1,0.6520747741199194,39
758,0,1887,1887,0,0,0,0,1.0,1,1.0,1,1.0,1,0.64241457178484,39
759,0,1887,1887,0,0,0,0,1.0,1,1.0,1,1.0,1,0.6419360682593855,39
760,0,1887,1887,0,0,0,0,1.0,1,1.0,1,1.0,1,0.6498601719414537,40
761,0,1887,1887,0,0,0,0,1.0,1,1.0,1,1.0,1,0.6352946619862794,41
762,0,1887,1887,0,0,0,0,1.0,1,1.0,1,1.0,1,0.6293212901927546,42
763,3,1890,1890,0,0,0,0,1.0,1,1.0,1,1.0,1,0.6677338344985839,43
764,0,1890,1890,0,0,0,0,1.0,1,1.0,1,1.0,1,0.6677338344985839,43
765,1,1891,1891,0,0,0,0,1.0,1,1.0,1,1.0,1,0.6536551645349105,45
766,0,1891,1891,0,0,0,0,1.0,1,1.0,1,1.0,1,0.6536551645349105,45
767,2,1893,1893,0,0,0,0,1.0,1,1.0,1,1.0,1,0.6630579875291004,46
768,0,1893,1893,0,0,0,0,1.0,1,1.0,1,1.0,1,0.6596581637409638,45
769,2,1895,1895,0,0,0,0,1.0,1,1.0,1,1.0,1,0.6787308731212356,46
770,0,1895,1895,0,0,0,0,1.0,1,1.0,1,1.0,1,0.6686410596523464,47
771,1,1896,1896,0,0,0,0,1.0,1,1.0,1,1.0,1,0.663196542265166,47
772,2,1898,1898,0,0,0,0,1.0,1,1.0,1,1.0,1,0.6640214945994826,46
773,0,1898,1898,0,0,0,0,1.0,1,1.0,1,1.0,1,0.6577488034946766,45
774,0,1898,1898,0,0,0,0,1.0,1,1.0,1,1.0,1,0.6440611224612921,45
775,2,1900,1900,0,0,0,0,1.0,1,1.0,1,1.0,1,0.6454718038166315,45
776,1,1901,1901,0,0,0,0,1.0,1,1.0,1,1.0,1,0.6254239453715567,43
777,3,1904,1904,0,0,0,0,1.0,1,1.0,1,1.0,1,0.6416148588571042,44
778,2,1906,1906,0,0,0,0,1.0,1,1.0,1,1.0,1,0.6548192937894449,45
779,3,1909,1909,0,0,0,0,1.0,1,1.0,1,1.0,1,0.6678594364060921,45
780,1,1910,1910,0,0,0,0,1.0,1,1.0,1,1.0,1,0.6734947933196854,45
781,0,1910,1910,0,0,0,0,1.0,1,1.0,1,1.0,1,0.6669257173675575,46
782,0,1910,1910,0,0,0,0,1.0,1,1.0,1,1.0,1,0.6781104068307793,47
783,1,1911,1911,0,0,0,0,1.0,1,1.0,1,1.0,1,0.6531331493408683,46
784,2,1913,1913,0,0,0,0,1.0,1,1.0,1,1.0,1,0.6567657936331799,45
785,0,1913,1913,0,0,0,0,1.0,1,1.0,1,1.0,1,0.6465881620955877,43
786,3,1916,1916,0,0,0,0,1.0,1,1.0,1,1.0,1,0.6402808733830803,43
787,4,1920,1920,0,0,0,0,1.0,1,1.0,1,1.0,1,0.6191155760873273,43
788,6,1926,1926,0,0,0,0,1.0,1,1.0,1,1.0,1,0.6068289284362274,44
789,1,1927,1927,0,0,0,0,1.0,1,1.0,1,1.0,1,0.5940113120479303,46
790,4,1931,1931,0,0,0,0,1.0,1,1.0,1,1.0,1,0.5859149989240604,46
791,1,1932,1932,0,0,0,0,1.0,1,1.0,1,1.0,1,0.6029860540526266,46
792,1,1933,1933,0,0,0,0,1.0,1,1.0,1,1.0,1,0.5949981129485088,47
793,2,1935,1935,0,0,0,0,1.0,1,1.0,1,1.0,1,0.5854259029913371,48
794,4,1939,1939,0,0,0,0,1.0,1,1.0,1,1.0,1,0.6231730654744102,48
795,2,1941,1941,0,0,0,0,1.0,1,1.0,1,1.0,1,0.6425058188043833,47
796,2,1943,1943,0,0,0,0,1.0,1,1.0,1,1.0,1,0.6660528178639467,45
797,7,1950,1950,0,0,0,0,1.0,1,1.0,1,1.0,1,0.6910636485483113,47
798,2,1952,1952,0,0,0,0,1.0,1,1.0,1,1.0,1,0.6710503581547402,48
799,6,1958,1958,0,0,0,0,1.0,1,1.0,1,1.0,1,0.6891589078644692,48
800,2,1960,1960,0,0,0,0,1.0,1,1.0,1,1.0,1,0.6722834305244944,48
801,5,1965,1965,0,0,0,0,1.0,1,1.0,1,1.0,1,0.6549743985345784,49
802,1,1966,1966,0,0,0,0,1.0,1,1.0,1,1.0,1,0.6498171872617886,50
803,1,1967,1967,0,0,0,0,1.0,1,1.0,1,1.0,1,0.6469463428170099,50
804,1,1968,1968,0,0,0,0,1.0,1,1.0,1,1.0,1,0.6415131252915426,50
805,2,1970,1970,0,0,0,0,1.0,1,1.0,1,1.0,1,0.6491928524208004,50
806,0,1970,1970,0,0,0,0,1.0,1,1.0,1,1.0,1,0.629188255366287,51
807,2,1972,1972,0,0,0,0,1.0,1,1.0,1,1.0,1,0.6592558339624094,51
808,0,1972,1972,0,0,0,0,1.0,1,1.0,1,1.0,1,0.6470020707099325,53
809,2,1974,1974,0,0,0,0,1.0,1,1.0,1,1.0,1,0.6503481250132133,51
810,2,1976,1976,0,0,0,0,1.0,1,1.0,1,1.0,1,0.6616672131878762,52
811,3,1979,1979,0,0,0,0,1.0,1,1.0,1,1.0,1,0.6437467927265507,50
812,2,1981,1981,0,0,0,0,1.0,1,1.0,1,1.0,1,0.6121259569647469,51
813,3,1984,1984,0,0,0,0,1.0,1,1.0,1,1.0,1,0.6130931692388784,51
814,5,1989,1989,0,0,0,0,1.0,1,1.0,1,1.0,1,0.5787810863252751,52
815,5,1994,1994,0,0,0,0,1.0,1,1.0,1,1.0,1,0.551609312139527,50
816,5,1999,1999,0,0,0,0,1.0,1,1.0,1,1.0,1,0.5268250142792245,50
817,3,2002,2002,0,0,0,0,1.0,1,1.0,1,1.0,1,0.5001579552428571,49
818,5,2007,2007,0,0,0,0,1.0,1,1.0,1,1.0,1,0.5046583084608137,49
819,3,2010,2010,0,0,0,0,1.0,1,1.0,1,1.0,1,0.5022979975663586,50
820,2,2012,2012,0,0,0,0,1.0,1,1.0,1,1.0,1,0.5267190652210925,49
821,6,2018,2018,0,0,0,0,1.0,1,1.0,1,1.0,1,0.5239129105208367,49
822,3,2021,2021,0,0,0,0,1.0,1,1.0,1,1.0,1,0.5412941316385103,49
823,5,2026,2026,0,0,0,0,1.0,1,1.0,1,1.0,1,0.5474686255301914,47
824,1,2027,2027,0,0,0,0,1.0,1,1.0,1,1.0,1,0.5599913103027931,45
825,8,2035,2035,0,0,0,0,1.0,1,1.0,1,1.0,1,0.6077449290974591,43
826,3,2038,2038,0,0,0,0,1.0,1,1.0,1,1.0,1,0.5868610058223974,44
827,3,2041,2041,0,0,0,0,1.0,1,1.0,1,1.0,1,0.5678663339320095,43
828,4,2045,2045,0,0,0,0,1.0,1,1.0,1,1.0,1,0.5476573924961001,43
829,1,2046,2046,0,0,0,0,1.0,1,1.0,1,1.0,1,0.5317279463064364,45
830,3,2049,2049,0,0,0,0,1.0,1,1.0,1,1.0,1,0.5342347207036645,46
831,1,2050,2050,0,0,0,0,1.0,1,1.0,1,1.0,1,0.5230631820959504,48
832,2,2052,2052,0,0,0,0,1.0,1,1.0,1,1.0,1,0.5283978239974052,47
833,3,2055,2055,0,0,0,0,1.0,1,1.0,1,1.0,1,0.5424735850373306,47
834,1,2056,2056,0,0,0,0,1.0,1,1.0,1,1.0,1,0.5378911901132459,46
835,1,2057,2057,0,0,0,0,1.0,1,1.0,1,1.0,1,0.5417043121251798,45
836,0,2057,2057,0,0,0,0,1.0,1,1.0,1,1.0,1,0.5489352419978424,46
837,2,2059,2059,0,0,0,0,1.0,1,1.0,1,1.0,1,0.5204045634186987,46
838,4,2063,2063,0,0,0,0,1.0,1,1.0,1,1.0,1,0.5189772045955502,45
839,3,2066,2066,0,0,0,0,1.0,1,1.0,1,1.0,1,0.5312728189022723,46
840,5,2071,2071,0,0,0,0,1.0,1,1.0,1,1.0,1,0.5231129257847653,46
841,7,2078,2078,0,0,0,0,1.0,1,1.0,1,1.0,1,0.5311167160691335,46
842,3,2081,2081,0,0,0,0,1.0,1,1.0,1,1.0,1,0.5200227191430473,46
843,5,2086,2086,0,0,0,0,1.0,1,1.0,1,1.0,1,0.5324084753821806,46
844,1,2087,2087,0,0,0,0,1.0,1,1.0,1,1.0,1,0.5412527312987351,47
845,2,2089,2089,0,0,0,0,1.0,1,1.0,1,1.0,1,0.5196295647415576,48
846,2,2091,2091,0,0,0,0,1.0,1,1.0,1,1.0,1,0.5117447329245532,47
847,2,2093,2093,0,0,0,0,1.0,1,1.0,1,1.0,1,0.5006954027046056,48
848,2,2095,2095,0,0,0,0,1.0,1,1.0,1,1.0,1,0.513188579863184,48
849,0,2095,2095,0,0,0,0,1.0,1,1.0,1,1.0,1,0.5130513407219531,48
850,1,2096,2096,0,0,0,0,1.0,1,1.0,1,1.0,1,0.5442071534285766,46
851,1,2097,2097,0,0,0,0,1.0,1,1.0,1,1.0,1,0.5624147525656519,45
852,0,2097,2097,0,0,0,0,1.0,1,1.0,1,1.0,1,0.564816341244948,44
853,3,2100,2100,0,0,0,0,1.0,1,1.0,1,1.0,1,0.5333845082399207,44
854,2,2102,2102,0,0,0,0,1.0,1,1.0,1,1.0,1,0.5640835247959485,45
855,2,2104,2104,0,0,0,0,1.0,1,1.0,1,1.0,1,0.5454585113796688,46
856,3,2107,2107,0,0,0,0,1.0,1,1.0,1,1.0,1,0.55861354386201,46
857,5,2112,2112,0,0,0,0,1.0,1,1.0,1,1.0,1,0.5584701446534415,47
858,4,2116,2116,0,0,0,0,1.0,1,1.0,1,1.0,1,0.6070813763803847,48
859,4,2120,2120,0,0,0,0,1.0,1,1.0,1,1.0,1,0.5669501135947964,48
860,4,2124,2124,0,0,0,0,1.0,1,1.0,1,1.0,1,0.5576338105813116,49
861,4,2128,2128,0,0,0,0,1.0,1,1.0,1,1.0,1,0.5440521909862197,49
862,5,2133,2133,0,0,0,0,1.0,1,1.0,1,1.0,1,0.5768972391544608,49
863,2,2135,2135,0,0,0,0,1.0,1,1.0,1,1.0,1,0.5995658716171742,48
864,4,2139,2139,0,0,0,0,1.0,1,1.0,1,1.0,1,0.5817367336742431,49
865,3,2142,2142,0,0,0,0,1.0,1,1.0,1,1.0,1,0.5642490340564947,48
866,3,2145,2145,0,0,0,0,1.0,1,1.0,1,1.0,1,0.5310042293558243,50
867,6,2151,2151,0,0,0,0,1.0,1,1.0,1,1.0,1,0.5548098508015429,50
868,4,2155,2155,0,0,0,0,1.0,1,1.0,1,1.0,1,0.5671486016087045,51
869,5,2160,2160,0,0,0,0,1.0,1,1.0,1,1.0,1,0.5901566039533095,49
870,5,2165,2165,0,0,0,0,1.0,1,1.0,1,1.0,1,0.5831265751895411,49
871,7,2172,2172,0,0,0,0,1.0,1,1.0,1,1.0,1,0.5841431361181378,49
872,5,2177,2177,0,0,0,0,1.0,1,1.0,1,1.0,1,0.5780275786025044,48
873,4,2181,2181,0,0,0,0,1.0,1,1.0,1,1.0,1,0.5682316695191109,49
874,3,2184,2184,0,0,0,0,1.0,1,1.0,1,1.0,1,0.5810955479134806,49
875,6,2190,2190,0,0,0,0,1.0,1,1.0,1,1.0,1,0.586097521470293,50
876,1,2191,2191,0,0,0,0,1.0,1,1.0,1,1.0,1,0.6027708443709152,50
877,2,2193,2193,0,0,0,0,1.0,1,1.0,1,1.0,1,0.6243262501230635,50
878,1,2194,2194,0,0,0,0,1.0,1,1.0,1,1.0,1,0.6345760547194653,49
879,5,2199,2199,0,0,0,0,1.0,1,1.0,1,1.0,1,0.6157534639949447,49
880,1,2200,2200,0,0,0,0,1.0,1,1.0,1,1.0,1,0.6115683053045299,48
881,1,2201,2201,0,0,0,0,1.0,1,1.0,1,1.0,1,0.6076064959889231,49
882,2,2203,2203,0,0,0,0,1.0,1,1.0,1,1.0,1,0.6062640889564577,48
883,1,2204,2204,0,0,0,0,1.0,1,1.0,1,1.0,1,0.5851327351503715,50
884,0,2204,2204,0,0,0,0,1.0,1,1.0,1,1.0,1,0.585568103023105,50
885,1,2205,2205,0,0,0,0,1.0,1,1.0,1,1.0,1,0.571912401930309,49
886,0,2205,2205,0,0,0,0,1.0,1,1.0,1,1.0,1,0.5728957181777088,49
887,2,2207,2207,0,0,0,0,1.0,1,1.0,1,1.0,1,0.5747431371465554,49
888,3,2210,2210,0,0,0,0,1.0,1,1.0,1,1.0,1,0.6038376249048166,47
889,1,2211,2211,0,0,0,0,1.0,1,1.0,1,1.0,1,0.62132276852149,46
890,0,2211,2211,0,0,0,0,1.0,1,1.0,1,1.0,1,0.6287139112257404,44
891,1,2212,2212,0,0,0,0,1.0,1,1.0,1,1.0,1,0.6189114685287532,45
892,1,2213,2213,0,0,0,0,1.0,1,1.0,1,1.0,1,0.6156421167539643,45
893,1,2214,2214,0,0,0,0,1.0,1,1.0,1,1.0,1,0.5947553195618893,45
894,3,2217,2217,0,0,0,0,1.0,1,1.0,1,1.0,1,0.5793072840873471,44
895,1,2218,2218,0,0,0,0,1.0,1,1.0,1,1.0,1,0.5800635512055713,45
896,2,2220,2220,0,0,0,0,1.0,1,1.0,1,1.0,1,0.5687095962389168,44
897,1,2221,2221,0,0,0,0,1.0,1,1.0,1,1.0,1,0.5458185435504007,44
898,3,2224,2224,0,0,0,0,1.0,1,1.0,1,1.0,1,0.5291418738084964,45
899,3,2227,2227,0,0,0,0,1.0,1,1.0,1,1.0,1,0.5579046329426283,44
900,3,2230,2230,0,0,0,0,1.0,1,1.0,1,1.0,1,0.5192539501518832,46
901,0,2230,2230,0,0,0,0,1.0,1,1.0,1,1.0,1,0.532483353100044,45
902,7,2237,2237,0,0,0,0,1.0,1,1.0,1,1.0,1,0.5086604552554577,45
903,1,2238,2238,0,0,0,0,1.0,1,1.0,1,1.0,1,0.5514495525467993,44
904,6,2244,2244,0,0,0,0,1.0,1,1.0,1,1.0,1,0.5456275679734007,45
905,6,2250,2250,0,0,0,0,1.0,1,1.0,1,1.0,1,0.5938543293962997,45
906,0,2250,2250,0,0,0,0,1.0,1,1.0,1,1.0,1,0.5938543293962997,45
907,3,2253,2253,0,0,0,0,1.0,1,1.0,1,1.0,1,0.600487019976556,46
908,2,2255,2255,0,0,0,0,1.0,1,1.0,1,1.0,1,0.6190678654384645,46
909,1,2256,2256,0,0,0,0,1.0,1,1.0,1,1.0,1,0.5959817032415355,46
910,1,2257,2257,0,0,0,0,1.0,1,1.0,1,1.0,1,0.5939399064902215,44
911,5,2262,2262,0,0,0,0,1.0,1,1.0,1,1.0,1,0.6282094774478229,45
912,2,2264,2264,0,0,0,0,1.0,1,1.0,1,1.0,1,0.6527464358006314,44
913,5,2269,2269,0,0,0,0,1.0,1,1.0,1,1.0,1,0.6650921068720618,45
914,1,2270,2270,0,0,0,0,1.0,1,1.0,1,1.0,1,0.6717035400512479,45
915,2,2272,2272,0,0,0,0,1.0,1,1.0,1,1.0,1,0.6751114048370063,45
916,3,2275,2275,0,0,0,0,1.0,1,1.0,1,1.0,1,0.6496343226326083,45
917,2,2277,2277,0,0,0,0,1.0,1,1.0,1,1.0,1,0.6563249033997237,46
918,3,2280,2280,0,0,0,0,1.0,1,1.0,1,1.0,1,0.651554662043281,47
919,5,2285,2285,0,0,0,0,1.0,1,1.0,1,1.0,1,0.6307466685708667,47
920,2,2287,2287,0,0,0,0,1.0,1,1.0,1,1.0,1,0.6227292473748789,47
921,2,2289,2289,0,0,0,0,1.0,1,1.0,1,1.0,1,0.6198206871389123,49
922,4,2293,2293,0,0,0,0,1.0,1,1.0,1,1.0,1,0.582327885645751,49
923,8,2301,2301,0,0,0,0,1.0,1,1.0,1,1.0,1,0.5347911134607392,47
924,1,2302,2302,0,0,0,0,1.0,1,1.0,1,1.0,1,0.5275276335387855,47
925,4,2306,2306,0,0,0,0,1.0,1,1.0,1,1.0,1,0.5437351777579568,47
926,4,2310,2310,0,0,0,0,1.0,1,1.0,1,1.0,1,0.5400936240662985,46
927,0,2310,2310,0,0,0,0,1.0,1,1.0,1,1.0,1,0.501465622644959,45
928,2,2312,2312,0,0,0,0,1.0,1,1.0,1,1.0,1,0.4615869206570256,43
929,3,2315,2315,0,0,0,0,1.0,1,1.0,1,1.0,1,0.514371123946059,42
930,1,2316,2316,0,0,0,0,1.0,1,1.0,1,1.0,1,0.5239029456777916,41
931,1,2317,2317,0,0,0,0,1.0,1,1.0,1,1.0,1,0.558460497087902,40
932,1,2318,2318,0,0,0,0,1.0,1,1.0,1,1.0,1,0.5881874107052087,40
933,6,2324,2324,0,0,0,0,1.0,1,1.0,1,1.0,1,0.6214884279706752,39
934,1,2325,2325,0,0,0,0,1.0,1,1.0,1,1.0,1,0.5920881851946018,39
935,5,2330,2330,0,0,0,0,1.0,1,1.0,1,1.0,1,0.6192643805306157,41
936,1,2331,2331,0,0,0,0,1.0,1,1.0,1,1.0,1,0.5707053379565353,42
937,3,2334,2334,0,0,0,0,1.0,1,1.0,1,1.0,1,0.6183133415193062,43
938,2,2336,2336,0,0,0,0,1.0,1,1.0,1,1.0,1,0.6374021937764812,44
939,4,2340,2340,0,0,0,0,1.0,1,1.0,1,1.0,1,0.6158651658119634,46
940,2,2342,2342,0,0,0,0,1.0,1,1.0,1,1.0,1,0.6347153236663139,46
941,5,2347,2347,0,0,0,0,1.0,1,1.0,1,1.0,1,0.6309297104491707,46
942,3,2350,2350,0,0,0,0,1.0,1,1.0,1,1.0,1,0.6440856821548911,46
943,1,2351,2351,0,0,0,0,1.0,1,1.0,1,1.0,1,0.6624124782461125,45
944,2,2353,2353,0,0,0,0,1.0,1,1.0,1,1.0,1,0.6675631395004813,45
945,1,2354,2354,0,0,0,0,1.0,1,1.0,1,1.0,1,0.6951395427046759,44
946,3,2357,2357,0,0,0,0,1.0,1,1.0,1,1.0,1,0.6865640346528031,46
947,0,2357,2357,0,0,0,0,1.0,1,1.0,1,1.0,1,0.6950887143655967,44
948,1,2358,2358,0,0,0,0,1.0,1,1.0,1,1.0,1,0.6834622288907429,44
949,1,2359,2359,0,0,0,0,1.0,1,1.0,1,1.0,1,0.6762789300707568,44
950,1,2360,2360,0,0,0,0,1.0,1,1.0,1,1.0,1,0.6851200936743455,43
951,2,2362,2362,0,0,0,0,1.0,1,1.0,1,1.0,1,0.6831124525429251,42
952,3,2365,2365,0,0,0,0,1.0,1,1.0,1,1.0,1,0.6889570564040552,42
953,0,2365,2365,0,0,0,0,1.0,1,1.0,1,1.0,1,0.6963010743429767,41
954,0,2365,2365,0,0,0,0,1.0,1,1.0,1,1.0,1,0.7036109987788229,40
955,1,2366,2366,0,0,0,0,1.0,1,1.0,1,1.0,1,0.7139855152550976,42
956,1,2367,2367,0,0,0,0,1.0,1,1.0,1,1.0,1,0.697748744822311,43
957,3,2370,2370,0,0,0,0,1.0,1,1.0,1,1.0,1,0.6727539339667666,42
958,1,2371,2371,0,0,0,0,1.0,1,1.0,1,1.0,1,0.6928204637033096,43
959,1,2372,2372,0,0,0,0,1.0,1,1.0,1,1.0,1,0.6873687773605712,45
960,2,2374,2374,0,0,0,0,1.0,1,1.0,1,1.0,1,0.6625735734045448,47
961,0,2374,2374,0,0,0,0,1.0,1,1.0,1,1.0,1,0.6532740371227614,45
962,1,2375,2375,0,0,0,0,1.0,1,1.0,1,1.0,1,0.6675768070161451,45
963,3,2378,2378,0,0,0,0,1.0,1,1.0,1,1.0,1,0.6592782875814619,44
964,2,2380,2380,0,0,0,0,1.0,1,1.0,1,1.0,1,0.6331334719794958,44
965,5,2385,2385,0,0,0,0,1.0,1,1.0,1,1.0,1,0.6382693373179097,45
966,4,2389,2389,0,0,0,0,1.0,1,1.0,1,1.0,1,0.5889546941064637,43
967,4,2393,2393,0,0,0,0,1.0,1,1.0,1,1.0,1,0.5467017659364188,43
968,5,2398,2398,0,0,0,0,1.0,1,1.0,1,1.0,1,0.5376843724414232,43
969,4,2402,2402,0,0,0,0,1.0,1,1.0,1,1.0,1,0.5254355287438827,42
970,0,2402,2402,0,0,0,0,1.0,1,1.0,1,1.0,1,0.5304737950549653,42
971,2,2404,2404,0,0,0,0,1.0,1,1.0,1,1.0,1,0.5097868020538935,42
972,3,2407,2407,0,0,0,0,1.0,1,1.0,1,1.0,1,0.4943018313712281,42
973,1,2408,2408,0,0,0,0,1.0,1,1.0,1,1.0,1,0.500112236211618,43
974,2,2410,2410,0,0,0,0,1.0,1,1.0,1,1.0,1,0.5190614739402083,43
975,2,2412,2412,0,0,0,0,1.0,1,1.0,1,1.0,1,0.512840788019,43
976,6,2418,2418,0,0,0,0,1.0,1,1.0,1,1.0,1,0.5033851363159711,45
977,0,2418,2418,0,0,0,0,1.0,1,1.0,1,1.0,1,0.5124525870340356,44
978,3,2421,2421,0,0,0,0,1.0,1,1.0,1,1.0,1,0.5252139084067702,44
979,4,2425,2425,0,0,0,0,1.0,1,1.0,1,1.0,1,0.5535025277672506,45
980,2,2427,2427,0,0,0,0,1.0,1,1.0,1,1.0,1,0.5604591840965932,45
981,4,2431,2431,0,0,0,0,1.0,1,1.0,1,1.0,1,0.5815459919211784,45
982,3,2434,2434,0,0,0,0,1.0,1,1.0,1,1.0,1,0.6243197312675777,46
983,2,2436,2436,0,0,0,0,1.0,1,1.0,1,1.0,1,0.6281087997957656,45
984,5,2441,2441,0,0,0,0,1.0,1,1.0,1,1.0,1,0.642134499529094,45
985,3,2444,2444,0,0,0,0,1.0,1,1.0,1,1.0,1,0.6644416741466537,45
986,1,2445,2445,0,0,0,0,1.0,1,1.0,1,1.0,1,0.6714510083821619,44
987,2,2447,2447,0,0,0,0,1.0,1,1.0,1,1.0,1,0.6853765522396393,45
988,0,2447,2447,0,0,0,0,1.0,1,1.0,1,1.0,1,0.6858170322954111,44
989,1,2448,2448,0,0,0,0,1.0,1,1.0,1,1.0,1,0.7047318679253426,43
990,1,2449,2449,0,0,0,0,1.0,1,1.0,1,1.0,1,0.720628168276151,42
991,1,2450,2450,0,0,0,0,1.0,1,1.0,1,1.0,1,0.733264934061759,42
992,2,2452,2452,0,0,0,0,1.0,1,1.0,1,1.0,1,0.7152970012871372,43
993,1,2453,2453,0,0,0,0,1.0,1,1.0,1,1.0,1,0.7249920625880589,43
994,0,2453,2453,0,0,0,0,1.0,1,1.0,1,1.0,1,0.7287412393746661,43
995,2,2455,2455,0,0,0,0,1.0,1,1.0,1,1.0,1,0.719951992445529,43
996,0,2455,2455,0,0,0,0,1.0,1,1.0,1,1.0,1,0.7225919553549969,44
997,1,2456,2456,0,0,0,0,1.0,1,1.0,1,1.0,1,0.732738325654312,44
998,0,2456,2456,0,0,0,0,1.0,1,1.0,1,1.0,1,0.7364601621664294,45
999,0,2456,2456,0,0,0,0,1.0,1,1.0,1,1.0,1,0.7380098621069218,42
1000,0,2456,2456,0,0,0,0,1.0,1,1.0,1,1.0,1,0.7362734535440926,43
1001,0,2456,2456,0,0,0,0,1.0,1,1.0,1,1.0,1,0.7315478783852737,42
1002,0,2456,2456,0,0,0,0,1.0,1,1.0,1,1.0,1,0.7107720252919503,43
1003,2,2458,2458,0,0,0,0,1.0,1,1.0,1,1.0,1,0.6965760288030688,43
1004,0,2458,2458,0,0,0,0,1.0,1,1.0,1,1.0,1,0.6965760288030688,43
1005,2,2460,2460,0,0,0,0,1.0,1,1.0,1,1.0,1,0.6908487126077623,44
1006,1,2461,2461,0,0,0,0,1.0,1,1.0,1,1.0,1,0.680005117078437,46
1007,2,2463,2463,0,0,0,0,1.0,1,1.0,1,1.0,1,0.684574851880466,46
1008,3,2466,2466,0,0,0,0,1.0,1,1.0,1,1.0,1,0.6789877055713249,47
1009,3,2469,2469,0,0,0,0,1.0,1,1.0,1,1.0,1,0.6928744779119846,48
1010,1,2470,2470,0,0,0,0,1.0,1,1.0,1,1.0,1,0.6893817283213886,48
1011,1,2471,2471,0,0,0,0,1.0,1,1.0,1,1.0,1,0.6929083151831384,48
1012,3,2474,2474,0,0,0,0,1.0,1,1.0,1,1.0,1,0.6741813102887065,49
1013,3,2477,2477,0,0,0,0,1.0,1,1.0,1,1.0,1,0.6738858810053852,50
1014,3,2480,2480,0,0,0,0,1.0,1,1.0,1,1.0,1,0.672048980231445,50
1015,4,2484,2484,0,0,0,0,1.0,1,1.0,1,1.0,1,0.6747664086106524,51
1016,4,2488,2488,0,0,0,0,1.0,1,1.0,1,1.0,1,0.6558837344801703,51
1017,1,2489,2489,0,0,0,0,1.0,1,1.0,1,1.0,1,0.6546903148678642,52
1018,5,2494,2494,0,0,0,0,1.0,1,1.0,1,1.0,1,0.6126421177601492,52
1019,3,2497,2497,0,0,0,0,1.0,1,1.0,1,1.0,1,0.6166784602902402,52
1020,3,2500,2500,0,0,0,0,1.0,1,1.0,1,1.0,1,0.5916748190610509,53
1021,2,2502,2502,0,0,0,0,1.0,1,1.0,1,1.0,1,0.5898494905974602,53
1022,1,2503,2503,0,0,0,0,1.0,1,1.0,1,1.0,1,0.5821264432269432,54
1023,4,2507,2507,0,0,0,0,1.0,1,1.0,1,1.0,1,0.5816999258381265,55
1024,1,2508,2508,0,0,0,0,1.0,1,1.0,1,1.0,1,0.5756387501274786,55
1025,3,2511,2511,0,0,0,0,1.0,1,1.0,1,1.0,1,0.5776576066182695,56
1026,3,2514,2514,0,0,0,0,1.0,1,1.0,1,1.0,1,0.5807774466547653,57
1027,2,2516,2516,0,0,0,0,1.0,1,1.0,1,1.0,1,0.5710480359462745,58
1028,2,2518,2518,0,0,0,0,1.0,1,1.0,1,1.0,1,0.5846089371853391,58
1029,4,2522,2522,0,0,0,0,1.0,1,1.0,1,1.0,1,0.6104469691291777,59
1030,4,2526,2526,0,0,0,0,1.0,1,1.0,1,1.0,1,0.6247645114592697,60
1031,1,2527,2527,0,0,0,0,1.0,1,1.0,1,1.0,1,0.6139909162626752,60
1032,4,2531,2531,0,0,0,0,1.0,1,1.0,1,1.0,1,0.6428065184080672,61
1033,3,2534,2534,0,0,0,0,1.0,1,1.0,1,1.0,1,0.6671507316749488,60
1034,2,2536,2536,0,0,0,0,1.0,1,1.0,1,1.0,1,0.6855964673675613,60
1035,5,2541,2541,0,0,0,0,1.0,1,1.0,1,1.0,1,0.6984923189806923,59
1036,4,2545,2545,0,0,0,0,1.0,1,1.0,1,1.0,1,0.6797801539430123,60
1037,3,2548,2548,0,0,0,0,1.0,1,1.0,1,1.0,1,0.6788187316337173,59
1038,6,2554,2554,0,0,0,0,1.0,1,1.0,1,1.0,1,0.6448637277996564,60
1039,3,2557,2557,0,0,0,0,1.0,1,1.0,1,1.0,1,0.6412671333455775,60
1040,3,2560,2560,0,0,0,0,1.0,1,1.0,1,1.0,1,0.6210286498077504,58
1041,2,2562,2562,0,0,0,0,1.0,1,1.0,1,1.0,1,0.6286792852961858,56
1042,6,2568,2568,0,0,0,0,1.0,1,1.0,1,1.0,1,0.6128449270323233,55
1043,4,2572,2572,0,0,0,0,1.0,1,1.0,1,1.0,1,0.6300471461635837,55
1044,4,2576,2576,0,0,0,0,1.0,1,1.0,1,1.0,1,0.6107395825438491,52
1045,5,2581,2581,0,0,0,0,1.0,1,1.0,1,1.0,1,0.6058594779308636,52
1046,5,2586,2586,0,0,0,0,1.0,1,1.0,1,1.0,1,0.6031822825022248,53
1047,2,2588,2588,0,0,0,0,1.0,1,1.0,1,1.0,1,0.5744135288053686,54
1048,2,2590,2590,0,0,0,0,1.0,1,1.0,1,1.0,1,0.558791986041981,56
1049,1,2591,2591,0,0,0,0,1.0,1,1.0,1,1.0,1,0.5572326443772613,55
1050,2,2593,2593,0,0,0,0,1.0,1,1.0,1,1.0,1,0.5543956718124755,56
1051,0,2593,2593,0,0,0,0,1.0,1,1.0,1,1.0,1,0.5523185683663326,55
1052,1,2594,2594,0,0,0,0,1.0,1,1.0,1,1.0,1,0.5654171685688364,56
1053,1,2595,2595,0,0,0,0,1.0,1,1.0,1,1.0,1,0.5788911055113881,56
1054,0,2595,2595,0,0,0,0,1.0,1,1.0,1,1.0,1,0.5575454889488337,57
1055,2,2597,2597,0,0,0,0,1.0,1,1.0,1,1.0,1,0.5364369700702014,58
1056,2,2599,2599,0,0,0,0,1.0,1,1.0,1,1.0,1,0.5334231471718434,59
1057,6,2605,2605,0,0,0,0,1.0,1,1.0,1,1.0,1,0.5540979422343802,60
1058,3,2608,2608,0,0,0,0,1.0,1,1.0,1,1.0,1,0.5531756955675389,60
1059,6,2614,2614,0,0,0,0,1.0,1,1.0,1,1.0,1,0.533722920738663,60
1060,3,2617,2617,0,0,0,0,1.0,1,1.0,1,1.0,1,0.5456989589943924,60
1061,4,2621,2621,0,0,0,0,1.0,1,1.0,1,1.0,1,0.561842391943338,59
1062,6,2627,2627,0,0,0,0,1.0,1,1.0,1,1.0,1,0.5751299395256589,59
1063,4,2631,2631,0,0,0,0,1.0,1,1.0,1,1.0,1,0.5734994359815964,58
1064,5,2636,2636,0,0,0,0,1.0,1,1.0,1,1.0,1,0.599159083851353,58
1065,7,2643,2643,0,0,0,0,1.0,1,1.0,1,1.0,1,0.6076543838546207,60
1066,4,2647,2647,0,0,0,0,1.0,1,1.0,1,1.0,1,0.6168279263238713,58
1067,5,2652,2652,0,0,0,0,1.0,1,1.0,1,1.0,1,0.6258415011654862,59
1068,2,2654,2654,0,0,0,0,1.0,1,1.0,1,1.0,1,0.6422977103833815,59
1069,3,2657,2657,0,0,0,0,1.0,1,1.0,1,1.0,1,0.6257890339306564,58
1070,4,2661,2661,0,0,0,0,1.0,1,1.0,1,1.0,1,0.6404697521893977,58
1071,1,2662,2662,0,0,0,0,1.0,1,1.0,1,1.0,1,0.6548734053293367,57
1072,1,2663,2663,0,0,0,0,1.0,1,1.0,1,1.0,1,0.6713074830045498,56
1073,6,2669,2669,0,0,0,0,1.0,1,1.0,1,1.0,1,0.7035610875322529,54
1074,2,2671,2671,0,0,0,0,1.0,1,1.0,1,1.0,1,0.6977497957044543,54
1075,3,2674,2674,0,0,0,0,1.0,1,1.0,1,1.0,1,0.7043171184685214,51
1076,2,2676,2676,0,0,0,0,1.0,1,1.0,1,1.0,1,0.7111348191982221,51
1077,3,2679,2679,0,0,0,0,1.0,1,1.0,1,1.0,1,0.6589608861401193,51
1078,1,2680,2680,0,0,0,0,1.0,1,1.0,1,1.0,1,0.6689603946792967,52
1079,4,2684,2684,0,0,0,0,1.0,1,1.0,1,1.0,1,0.638136783644126,51
1080,1,2685,2685,0,0,0,0,1.0,1,1.0,1,1.0,1,0.6019977290827914,51
1081,3,2688,2688,0,0,0,0,1.0,1,1.0,1,1.0,1,0.6235007346177391,48
1082,1,2689,2689,0,0,0,0,1.0,1,1.0,1,1.0,1,0.6122850168715019,47
1083,1,2690,2690,0,0,0,0,1.0,1,1.0,1,1.0,1,0.5982098571098232,46
1084,2,2692,2692,0,0,0,0,1.0,1,1.0,1,1.0,1,0.6112725295111373,45
1085,1,2693,2693,0,0,0,0,1.0,1,1.0,1,1.0,1,0.5904767487308467,46
1086,2,2695,2695,0,0,0,0,1.0,1,1.0,1,1.0,1,0.6090654620323008,45
1087,0,2695,2695,0,0,0,0,1.0,1,1.0,1,1.0,1,0.6333806187969936,44
1088,1,2696,2696,0,0,0,0,1.0,1,1.0,1,1.0,1,0.6004582225903741,45
1089,1,2697,2697,0,0,0,0,1.0,1,1.0,1,1.0,1,0.6285689154196336,46
1090,2,2699,2699,0,0,0,0,1.0,1,1.0,1,1.0,1,0.6259346610966267,47
1091,1,2700,2700,0,0,0,0,1.0,1,1.0,1,1.0,1,0.6448233189223999,47
1092,1,2701,2701,0,0,0,0,1.0,1,1.0,1,1.0,1,0.649552967135799,48
1093,4,2705,2705,0,0,0,0,1.0,1,1.0,1,1.0,1,0.6394079424121254,48
1094,3,2708,2708,0,0,0,0,1.0,1,1.0,1,1.0,1,0.6705267839687704,48
1095,5,2713,2713,0,0,0,0,1.0,1,1.0,1,1.0,1,0.7005433882064306,49
1096,3,2716,2716,0,0,0,0,1.0,1,1.0,1,1.0,1,0.6960131200370292,49
1097,3,2719,2719,0,0,0,0,1.0,1,1.0,1,1.0,1,0.6875144828598592,50
1098,1,2720,2720,0,0,0,0,1.0,1,1.0,1,1.0,1,0.6857564781443747,51
1099,6,2726,2726,0,0,0,0,1.0,1,1.0,1,1.0,1,0.6258485989588107,54
1100,4,2730,2730,0,0,0,0,1.0,1,1.0,1,1.0,1,0.621541193461719,54
1101,4,2734,2734,0,0,0,0,1.0,1,1.0,1,1.0,1,0.5896255240537451,54
1102,4,2738,2738,0,0,0,0,1.0,1,1.0,1,1.0,1,0.610633901365431,54
1103,3,2741,2741,0,0,0,0,1.0,1,1.0,1,1.0,1,0.6097416550626157,53
1104,2,2743,2743,0,0,0,0,1.0,1,1.0,1,1.0,1,0.6199325859286222,53
1105,6,2749,2749,0,0,0,0,1.0,1,1.0,1,1.0,1,0.6502139070458104,52
1106,1,2750,2750,0,0,0,0,1.0,1,1.0,1,1.0,1,0.6451522815412288,52
1107,3,2753,2753,0,0,0,0,1.0,1,1.0,1,1.0,1,0.6537214106363766,52
1108,3,2756,2756,0,0,0,0,1.0,1,1.0,1,1.0,1,0.6551725179886578,51
1109,1,2757,2757,0,0,0,0,1.0,1,1.0,1,1.0,1,0.6664303760299545,49
1110,3,2760,2760,0,0,0,0,1.0,1,1.0,1,1.0,1,0.7140760299791733,48
1111,4,2764,2764,0,0,0,0,1.0,1,1.0,1,1.0,1,0.7331896095354165,47
1112,2,2766,2766,0,0,0,0,1.0,1,1.0,1,1.0,1,0.7472173844896601,46
1113,1,2767,2767,0,0,0,0,1.0,1,1.0,1,1.0,1,0.7524791005938021,43
1114,2,2769,2769,0,0,0,0,1.0,1,1.0,1,1.0,1,0.7646344692219986,41
1115,3,2772,2772,0,0,0,0,1.0,1,1.0,1,1.0,1,0.755796847646228,40
1116,5,2777,2777,0,0,0,0,1.0,1,1.0,1,1.0,1,0.7326681957116511,39
1117,5,2782,2782,0,0,0,0,1.0,1,1.0,1,1.0,1,0.7000429642162161,40
1118,5,2787,2787,0,0,0,0,1.0,1,1.0,1,1.0,1,0.6285022539552514,40
1119,5,2792,2792,0,0,0,0,1.0,1,1.0,1,1.0,1,0.6313776258955398,40
1120,5,2797,2797,0,0,0,0,1.0,1,1.0,1,1.0,1,0.6455639758991697,40
1121,2,2799,2799,0,0,0,0,1.0,1,1.0,1,1.0,1,0.6400452852617243,40
1122,1,2800,2800,0,0,0,0,1.0,1,1.0,1,1.0,1,0.6628619929675369,41
1123,4,2804,2804,0,0,0,0,1.0,1,1.0,1,1.0,1,0.6805836034788249,41
1124,2,2806,2806,0,0,0,0,1.0,1,1.0,1,1.0,1,0.6794184896981487,41
1125,1,2807,2807,0,0,0,0,1.0,1,1.0,1,1.0,1,0.6746766054712882,41
1126,2,2809,2809,0,0,0,0,1.0,1,1.0,1,1.0,1,0.6424450563909586,41
1127,1,2810,2810,0,0,0,0,1.0,1,1.0,1,1.0,1,0.6491058976227526,41
1128,2,2812,2812,0,0,0,0,1.0,1,1.0,1,1.0,1,0.6468124115146949,42
1129,2,2814,2814,0,0,0,0,1.0,1,1.0,1,1.0,1,0.6409891437207992,42
1130,1,2815,2815,0,0,0,0,1.0,1,1.0,1,1.0,1,0.6567084327868723,42
1131,2,2817,2817,0,0,0,0,1.0,1,1.0,1,1.0,1,0.6299098209364469,42
1132,2,2819,2819,0,0,0,0,1.0,1,1.0,1,1.0,1,0.6311762911241501,43
1133,1,2820,2820,0,0,0,0,1.0,1,1.0,1,1.0,1,0.5870132964675648,45
1134,2,2822,2822,0,0,0,0,1.0,1,1.0,1,1.0,1,0.6016330112653675,46
1135,1,2823,2823,0,0,0,0,1.0,1,1.0,1,1.0,1,0.5945384106820338,45
1136,1,2824,2824,0,0,0,0,1.0,1,1.0,1,1.0,1,0.5855569248736254,48
1137,0,2824,2824,0,0,0,0,1.0,1,1.0,1,1.0,1,0.5961535541436268,49
1138,3,2827,2827,0,0,0,0,1.0,1,1.0,1,1.0,1,0.6329926404492261,49
1139,6,2833,2833,0,0,0,0,1.0,1,1.0,1,1.0,1,0.6459207938167459,49
1140,6,2839,2839,0,0,0,0,1.0,1,1.0,1,1.0,1,0.6409102852179123,49
1141,3,2842,2842,0,0,0,0,1.0,1,1.0,1,1.0,1,0.6644793784999076,48
1142,9,2851,2851,0,0,0,0,1.0,1,1.0,1,1.0,1,0.6597226924969095,48
1143,4,2855,2855,0,0,0,0,1.0,1,1.0,1,1.0,1,0.6319004823121376,48
1144,6,2861,2861,0,0,0,0,1.0,1,1.0,1,1.0,1,0.6048774998741525,48
1145,6,2867,2867,0,0,0,0,1.0,1,1.0,1,1.0,1,0.5765535579637656,48
1146,3,2870,2870,0,0,0,0,1.0,1,1.0,1,1.0,1,0.608252973588705,48
1147,5,2875,2875,0,0,0,0,1.0,1,1.0,1,1.0,1,0.5941190689540842,46
1148,0,2875,2875,0,0,0,0,1.0,1,1.0,1,1.0,1,0.5941190689540842,46
1149,5,2880,2880,0,0,0,0,1.0,1,1.0,1,1.0,1,0.6560717686510033,45
1150,3,2883,2883,0,0,0,0,1.0,1,1.0,1,1.0,1,0.6871790968686842,46
1151,2,2885,2885,0,0,0,0,1.0,1,1.0,1,1.0,1,0.6865047533976703,44
1152,0,2885,2885,0,0,0,0,1.0,1,1.0,1,1.0,1,0.6650409239762045,44
1153,3,2888,2888,0,0,0,0,1.0,1,1.0,1,1.0,1,0.6353677246143559,43
1154,2,2890,2890,0,0,0,0,1.0,1,1.0,1,1.0,1,0.6296266439648686,43
1155,3,2893,2893,0,0,0,0,1.0,1,1.0,1,1.0,1,0.6230688411463852,43
1156,3,2896,2896,0,0,0,0,1.0,1,1.0,1,1.0,1,0.5838774449145656,42
1157,2,2898,2898,0,0,0,0,1.0,1,1.0,1,1.0,1,0.5927866229997033,42
1158,1,2899,2899,0,0,0,0,1.0,1,1.0,1,1.0,1,0.5613184462539483,41
1159,2,2901,2901,0,0,0,0,1.0,1,1.0,1,1.0,1,0.559942314336011,41
1160,1,2902,2902,0,0,0,0,1.0,1,1.0,1,1.0,1,0.5658974855510622,41
1161,1,2903,2903,0,0,0,0,1.0,1,1.0,1,1.0,1,0.5694693003584909,42
1162,0,2903,2903,0,0,0,0,1.0,1,1.0,1,1.0,1,0.5631641723728943,43
1163,1,2904,2904,0,0,0,0,1.0,1,1.0,1,1.0,1,0.5956356151614144,43
1164,1,2905,2905,0,0,0,0,1.0,1,1.0,1,1.0,1,0.5896266334579578,44
1165,1,2906,2906,0,0,0,0,1.0,1,1.0,1,1.0,1,0.5988187896032383,44
1166,2,2908,2908,0,0,0,0,1.0,1,1.0,1,1.0,1,0.6471663060366037,46
1167,2,2910,2910,0,0,0,0,1.0,1,1.0,1,1.0,1,0.6785847426506277,46
1168,1,2911,2911,0,0,0,0,1.0,1,1.0,1,1.0,1,0.6739105479566556,47
1169,1,2912,2912,0,0,0,0,1.0,1,1.0,1,1.0,1,0.676543202459121,46
1170,3,2915,2915,0,0,0,0,1.0,1,1.0,1,1.0,1,0.6777709713361552,48
1171,1,2916,2916,0,0,0,0,1.0,1,1.0,1,1.0,1,0.6530426600837079,49
1172,0,2916,2916,0,0,0,0,1.0,1,1.0,1,1.0,1,0.6530426600837079,49
1173,2,2918,2918,0,0,0,0,1.0,1,1.0,1,1.0,1,0.6429209238968332,49
1174,1,2919,2919,0,0,0,0,1.0,1,1.0,1,1.0,1,0.6561848185153586,49
1175,0,2919,2919,0,0,0,0,1.0,1,1.0,1,1.0,1,0.6591695554104221,50
1176,0,2919,2919,0,0,0,0,1.0,1,1.0,1,1.0,1,0.6612654150011398,52
1177,0,2919,2919,0,0,0,0,1.0,1,1.0,1,1.0,1,0.6612654150011398,52
1178,2,2921,2921,0,0,0,0,1.0,1,1.0,1,1.0,1,0.6352740514638755,52
1179,4,2925,2925,0,0,0,0,1.0,1,1.0,1,1.0,1,0.6339558951814434,53
1180,1,2926,2926,0,0,0,0,1.0,1,1.0,1,1.0,1,0.6384937583783696,54
1181,4,2930,2930,0,0,0,0,1.0,1,1.0,1,1.0,1,0.673766970607489,55
1182,0,2930,2930,0,0,0,0,1.0,1,1.0,1,1.0,1,0.673766970607489,55
1183,1,2931,2931,0,0,0,0,1.0,1,1.0,1,1.0,1,0.6917691374889684,53
1184,1,2932,2932,0,0,0,0,1.0,1,1.0,1,1.0,1,0.6855265990906058,54
1185,0,2932,2932,0,0,0,0,1.0,1,1.0,1,1.0,1,0.6953700894709,53
1186,0,2932,2932,0,0,0,0,1.0,1,1.0,1,1.0,1,0.6934942592225144,54
1187,0,2932,2932,0,0,0,0,1.0,1,1.0,1,1.0,1,0.6966794064040213,55
1188,2,2934,2934,0,0,0,0,1.0,1,1.0,1,1.0,1,0.6898638367734712,55
1189,1,2935,2935,0,0,0,0,1.0,1,1.0,1,1.0,1,0.683988513302227,54
1190,2,2937,2937,0,0,0,0,1.0,1,1.0,1,1.0,1,0.6615934869019826,55
1191,5,2942,2942,0,0,0,0,1.0,1,1.0,1,1.0,1,0.6664245499541671,54
1192,3,2945,2945,0,0,0,0,1.0,1,1.0,1,1.0,1,0.6453377570850055,52
1193,7,2952,2952,0,0,0,0,1.0,1,1.0,1,1.0,1,0.6415030075672524,53
1194,3,2955,2955,0,0,0,0,1.0,1,1.0,1,1.0,1,0.6176980076142226,53
1195,4,2959,2959,0,0,0,0,1.0,1,1.0,1,1.0,1,0.5930035994583073,54
1196,3,2962,2962,0,0,0,0,1.0,1,1.0,1,1.0,1,0.6275471205536025,56
1197,6,2968,2968,0,0,0,0,1.0,1,1.0,1,1.0,1,0.6163130679313303,56
1198,4,2972,2972,0,0,0,0,1.0,1,1.0,1,1.0,1,0.5909314319862226,58
1199,2,2974,2974,0,0,0,0,1.0,1,1.0,1,1.0,1,0.5680217023896074,58
1200,1,2975,2975,0,0,0,0,1.0,1,1.0,1,1.0,1,0.5723588414516958,58
1201,2,2977,2977,0,0,0,0,1.0,1,1.0,1,1.0,1,0.5763460750630636,58
1202,1,2978,2978,0,0,0,0,1.0,1,1.0,1,1.0,1,0.5501185372586315,60
1203,1,2979,2979,0,0,0,0,1.0,1,1.0,1,1.0,1,0.5626592838187834,58
1204,2,2981,2981,0,0,0,0,1.0,1,1.0,1,1.0,1,0.5831142769645947,59
1205,1,2982,2982,0,0,0,0,1.0,1,1.0,1,1.0,1,0.5864988826824625,59
1206,0,2982,2982,0,0,0,0,1.0,1,1.0,1,1.0,1,0.5971028608161252,58
1207,1,2983,2983,0,0,0,0,1.0,1,1.0,1,1.0,1,0.5914511552421853,60
1208,1,2984,2984,0,0,0,0,1.0,1,1.0,1,1.0,1,0.5799985118561907,60
1209,1,2985,2985,0,0,0,0,1.0,1,1.0,1,1.0,1,0.5957895746159673,61
1210,1,2986,2986,0,0,0,0,1.0,1,1.0,1,1.0,1,0.587903744233549,61
1211,0,2986,2986,0,0,0,0,1.0,1,1.0,1,1.0,1,0.573381119922769,63
1212,3,2989,2989,0,0,0,0,1.0,1,1.0,1,1.0,1,0.5760775764151675,63
1213,4,2993,2993,0,0,0,0,1.0,1,1.0,1,1.0,1,0.5742638871131592,63
1214,3,2996,2996,0,0,0,0,1.0,1,1.0,1,1.0,1,0.597050344539251,62
1215,2,2998,2998,0,0,0,0,1.0,1,1.0,1,1.0,1,0.5831013806511199,63
1216,2,3000,3000,0,0,0,0,1.0,1,1.0,1,1.0,1,0.5945045401069425,64
1217,4,3004,3004,0,0,0,0,1.0,1,1.0,1,1.0,1,0.5938464875630824,65
1218,2,3006,3006,0,0,0,0,1.0,1,1.0,1,1.0,1,0.6119775117431053,64
1219,6,3012,3012,0,0,0,0,1.0,1,1.0,1,1.0,1,0.6033730337806491,65
1220,5,3017,3017,0,0,0,0,1.0,1,1.0,1,1.0,1,0.623213733978242,64
1221,5,3022,3022,0,0,0,0,1.0,1,1.0,1,1.0,1,0.6015615570002806,65
1222,2,3024,3024,0,0,0,0,1.0,1,1.0,1,1.0,1,0.6004792881544174,66
1223,7,3031,3031,0,0,0,0,1.0,1,1.0,1,1.0,1,0.5762188303070107,64
1224,3,3034,3034,0,0,0,0,1.0,1,1.0,1,1.0,1,0.5652817429158952,66
1225,3,3037,3037,0,0,0,0,1.0,1,1.0,1,1.0,1,0.5882391043965571,66
1226,4,3041,3041,0,0,0,0,1.0,1,1.0,1,1.0,1,0.5698056071709592,68
1227,3,3044,3044,0,0,0,0,1.0,1,1.0,1,1.0,1,0.5720844876945214,64
1228,2,3046,3046,0,0,0,0,1.0,1,1.0,1,1.0,1,0.5931644460828042,62
1229,3,3049,3049,0,0,0,0,1.0,1,1.0,1,1.0,1,0.610293343359484,61
1230,1,3050,3050,0,0,0,0,1.0,1,1.0,1,1.0,1,0.6058336843505192,58
1231,2,3052,3052,0,0,0,0,1.0,1,1.0,1,1.0,1,0.6145625865308786,57
1232,0,3052,3052,0,0,0,0,1.0,1,1.0,1,1.0,1,0.6256202694082649,53
1233,2,3054,3054,0,0,0,0,1.0,1,1.0,1,1.0,1,0.644912956640983,53
1234,2,3056,3056,0,0,0,0,1.0,1,1.0,1,1.0,1,0.6322103977514814,54
1235,1,3057,3057,0,0,0,0,1.0,1,1.0,1,1.0,1,0.6530442305343767,55
1236,2,3059,3059,0,0,0,0,1.0,1,1.0,1,1.0,1,0.643444066940947,55
1237,2,3061,3061,0,0,0,0,1.0,1,1.0,1,1.0,1,0.6382676812076308,55
1238,2,3063,3063,0,0,0,0,1.0,1,1.0,1,1.0,1,0.6407756434255824,54
1239,2,3065,3065,0,0,0,0,1.0,1,1.0,1,1.0,1,0.6294936705434478,55
1240,3,3068,3068,0,0,0,0,1.0,1,1.0,1,1.0,1,0.6280539888797532,55
1241,1,3069,3069,0,0,0,0,1.0,1,1.0,1,1.0,1,0.6158614142368124,54
1242,2,3071,3071,0,0,0,0,1.0,1,1.0,1,1.0,1,0.6116187224095079,54
1243,2,3073,3073,0,0,0,0,1.0,1,1.0,1,1.0,1,0.6284267090364976,55
1244,6,3079,3079,0,0,0,0,1.0,1,1.0,1,1.0,1,0.6143662873921111,55
1245,3,3082,3082,0,0,0,0,1.0,1,1.0,1,1.0,1,0.6392891834815977,55
1246,4,3086,3086,0,0,0,0,1.0,1,1.0,1,1.0,1,0.6328880527503815,55
1247,3,3089,3089,0,0,0,0,1.0,1,1.0,1,1.0,1,0.6573739030172491,57
1248,3,3092,3092,0,0,0,0,1.0,1,1.0,1,1.0,1,0.670402069442707,56
1249,4,3096,3096,0,0,0,0,1.0,1,1.0,1,1.0,1,0.6657449305796542,56
1250,5,3101,3101,0,0,0,0,1.0,1,1.0,1,1.0,1,0.6379769297411493,56
1251,3,3104,3104,0,0,0,0,1.0,1,1.0,1,1.0,1,0.6161928292468385,58
1252,3,3107,3107,0,0,0,0,1.0,1,1.0,1,1.0,1,0.6235784151446833,58
1253,2,3109,3109,0,0,0,0,1.0,1,1.0,1,1.0,1,0.6423452120450744,58
1254,2,3111,3111,0,0,0,0,1.0,1,1.0,1,1.0,1,0.6231650125394551,60
1255,2,3113,3113,0,0,0,0,1.0,1,1.0,1,1.0,1,0.6264869021326432,61
1256,2,3115,3115,0,0,0,0,1.0,1,1.0,1,1.0,1,0.6290858502841774,61
1257,0,3115,3115,0,0,0,0,1.0,1,1.0,1,1.0,1,0.6165138824172415,62
1258,3,3118,3118,0,0,0,0,1.0,1,1.0,1,1.0,1,0.6265458546776416,63
1259,4,3122,3122,0,0,0,0,1.0,1,1.0,1,1.0,1,0.6202753162307504,63
1260,1,3123,3123,0,0,0,0,1.0,1,1.0,1,1.0,1,0.622036908748282,63
1261,3,3126,3126,0,0,0,0,1.0,1,1.0,1,1.0,1,0.6334180420231975,63
1262,3,3129,3129,0,0,0,0,1.0,1,1.0,1,1.0,1,0.638999434827268,64
1263,4,3133,3133,0,0,0,0,1.0,1,1.0,1,1.0,1,0.6339021373860756,63
1264,5,3138,3138,0,0,0,0,1.0,1,1.0,1,1.0,1,0.6260340096194212,63
1265,6,3144,3144,0,0,0,0,1.0,1,1.0,1,1.0,1,0.6245056983022703,60
1266,4,3148,3148,0,0,0,0,1.0,1,1.0,1,1.0,1,0.5934162331101651,61
1267,6,3154,3154,0,0,0,0,1.0,1,1.0,1,1.0,1,0.5888821891948179,58
1268,5,3159,3159,0,0,0,0,1.0,1,1.0,1,1.0,1,0.57376400741424,54
1269,3,3162,3162,0,0,0,0,1.0,1,1.0,1,1.0,1,0.5658516089276674,54
1270,2,3164,3164,0,0,0,0,1.0,1,1.0,1,1.0,1,0.5640727522752761,51
1271,1,3165,3165,0,0,0,0,1.0,1,1.0,1,1.0,1,0.5862082753978046,50
1272,4,3169,3169,0,0,0,0,1.0,1,1.0,1,1.0,1,0.6100642164884811,47
1273,1,3170,3170,0,0,0,0,1.0,1,1.0,1,1.0,1,0.6145602828495335,47
1274,4,3174,3174,0,0,0,0,1.0,1,1.0,1,1.0,1,0.6487649602104159,49
1275,2,3176,3176,0,0,0,0,1.0,1,1.0,1,1.0,1,0.6770859990254919,48
1276,4,3180,3180,0,0,0,0,1.0,1,1.0,1,1.0,1,0.6415503625456966,49
1277,2,3182,3182,0,0,0,0,1.0,1,1.0,1,1.0,1,0.6294602882403345,50
1278,4,3186,3186,0,0,0,0,1.0,1,1.0,1,1.0,1,0.6242242206987832,51
1279,4,3190,3190,0,0,0,0,1.0,1,1.0,1,1.0,1,0.6437675178923726,51
1280,1,3191,3191,0,0,0,0,1.0,1,1.0,1,1.0,1,0.6177411594473646,52
1281,4,3195,3195,0,0,0,0,1.0,1,1.0,1,1.0,1,0.6276548302397843,52
1282,3,3198,3198,0,0,0,0,1.0,1,1.0,1,1.0,1,0.6275080921987687,52
1283,1,3199,3199,0,0,0,0,1.0,1,1.0,1,1.0,1,0.6311006159450662,52
1284,2,3201,3201,0,0,0,0,1.0,1,1.0,1,1.0,1,0.6439764405022196,52
1285,0,3201,3201,0,0,0,0,1.0,1,1.0,1,1.0,1,0.6676402224496181,51
1286,0,3201,3201,0,0,0,0,1.0,1,1.0,1,1.0,1,0.6720821084888424,52
1287,2,3203,3203,0,0,0,0,1.0,1,1.0,1,1.0,1,0.686253207160228,54
1288,2,3205,3205,0,0,0,0,1.0,1,1.0,1,1.0,1,0.6731651053878259,55
1289,3,3208,3208,0,0,0,0,1.0,1,1.0,1,1.0,1,0.6300333949836743,56
1290,4,3212,3212,0,0,0,0,1.0,1,1.0,1,1.0,1,0.6111195223747731,57
1291,7,3219,3219,0,0,0,0,1.0,1,1.0,1,1.0,1,0.6155792810148257,58
1292,3,3222,3222,0,0,0,0,1.0,1,1.0,1,1.0,1,0.5879335942607458,59
1293,5,3227,3227,0,0,0,0,1.0,1,1.0,1,1.0,1,0.5814833944635313,59
1294,4,3231,3231,0,0,0,0,1.0,1,1.0,1,1.0,1,0.5673896375868821,59
1295,2,3233,3233,0,0,0,0,1.0,1,1.0,1,1.0,1,0.5631807525364946,59
1296,3,3236,3236,0,0,0,0,1.0,1,1.0,1,1.0,1,0.5906967779040814,59
1297,2,3238,3238,0,0,0,0,1.0,1,1.0,1,1.0,1,0.5856896929666657,61
1298,2,3240,3240,0,0,0,0,1.0,1,1.0,1,1.0,1,0.5974529624264865,61
1299,8,3248,3248,0,0,0,0,1.0,1,1.0,1,1.0,1,0.6169714747706684,60
1300,1,3249,3249,0,0,0,0,1.0,1,1.0,1,1.0,1,0.6235841940976957,59
1301,5,3254,3254,0,0,0,0,1.0,1,1.0,1,1.0,1,0.6321356745272393,59
1302,1,3255,3255,0,0,0,0,1.0,1,1.0,1,1.0,1,0.6499522433760105,59
1303,4,3259,3259,0,0,0,0,1.0,1,1.0,1,1.0,1,0.6570567989822255,55
1304,6,3265,3265,0,0,0,0,1.0,1,1.0,1,1.0,1,0.6298106584435497,56
1305,8,3273,3273,0,0,0,0,1.0,1,1.0,1,1.0,1,0.6472846565700056,54
1306,0,3273,3273,0,0,0,0,1.0,1,1.0,1,1.0,1,0.6431249298480884,53
1307,5,3278,3278,0,0,0,0,1.0,1,1.0,1,1.0,1,0.6210490230621478,52
1308,5,3283,3283,0,0,0,0,1.0,1,1.0,1,1.0,1,0.6125880589335004,52
1309,3,3286,3286,0,0,0,0,1.0,1,1.0,1,1.0,1,0.6054018426711749,54
1310,1,3287,3287,0,0,0,0,1.0,1,1.0,1,1.0,1,0.6189272024096187,52
1311,2,3289,3289,0,0,0,0,1.0,1,1.0,1,1.0,1,0.6202253399507405,51
1312,2,3291,3291,0,0,0,0,1.0,1,1.0,1,1.0,1,0.6478627728759719,49
1313,1,3292,3292,0,0,0,0,1.0,1,1.0,1,1.0,1,0.6491397833730056,47
1314,2,3294,3294,0,0,0,0,1.0,1,1.0,1,1.0,1,0.6340624536255705,46
1315,0,3294,3294,0,0,0,0,1.0,1,1.0,1,1.0,1,0.6508375937562138,45
1316,5,3299,3299,0,0,0,0,1.0,1,1.0,1,1.0,1,0.6087415106541908,46
1317,1,3300,3300,0,0,0,0,1.0,1,1.0,1,1.0,1,0.5976605777238604,45
1318,3,3303,3303,0,0,0,0,1.0,1,1.0,1,1.0,1,0.5974606885999315,46
1319,1,3304,3304,0,0,0,0,1.0,1,1.0,1,1.0,1,0.58082477602571,46
1320,2,3306,3306,0,0,0,0,1.0,1,1.0,1,1.0,1,0.5638889536961481,46
1321,3,3309,3309,0,0,0,0,1.0,1,1.0,1,1.0,1,0.5455539024198034,48
1322,2,3311,3311,0,0,0,0,1.0,1,1.0,1,1.0,1,0.5448114217887918,49
1323,3,3314,3314,0,0,0,0,1.0,1,1.0,1,1.0,1,0.5378523419438189,49
1324,1,3315,3315,0,0,0,0,1.0,1,1.0,1,1.0,1,0.5537396141122324,50
1325,3,3318,3318,0,0,0,0,1.0,1,1.0,1,1.0,1,0.5506637302808212,49
1326,2,3320,3320,0,0,0,0,1.0,1,1.0,1,1.0,1,0.5661941382379101,50
1327,1,3321,3321,0,0,0,0,1.0,1,1.0,1,1.0,1,0.5827972262241716,50
1328,1,3322,3322,0,0,0,0,1.0,1,1.0,1,1.0,1,0.6259421217002743,49
1329,0,3322,3322,0,0,0,0,1.0,1,1.0,1,1.0,1,0.6223059362057297,50
1330,3,3325,3325,0,0,0,0,1.0,1,1.0,1,1.0,1,0.6530378098725919,50
1331,1,3326,3326,0,0,0,0,1.0,1,1.0,1,1.0,1,0.6663574890713543,50
1332,1,3327,3327,0,0,0,0,1.0,1,1.0,1,1.0,1,0.6385361595886431,51
1333,4,3331,3331,0,0,0,0,1.0,1,1.0,1,1.0,1,0.6182567296274245,52
1334,2,3333,3333,0,0,0,0,1.0,1,1.0,1,1.0,1,0.6369660470958847,54
1335,4,3337,3337,0,0,0,0,1.0,1,1.0,1,1.0,1,0.6643664742804959,54
1336,3,3340,3340,0,0,0,0,1.0,1,1.0,1,1.0,1,0.6453914674161556,56
1337,3,3343,3343,0,0,0,0,1.0,1,1.0,1,1.0,1,0.6562962493965192,57
1338,2,3345,3345,0,0,0,0,1.0,1,1.0,1,1.0,1,0.6554562572535274,57
1339,7,3352,3352,0,0,0,0,1.0,1,1.0,1,1.0,1,0.625835254039367,58
1340,2,3354,3354,0,0,0,0,1.0,1,1.0,1,1.0,1,0.6293152679177096,59
1341,4,3358,3358,0,0,0,0,1.0,1,1.0,1,1.0,1,0.6118257252346224,57
1342,4,3362,3362,0,0,0,0,1.0,1,1.0,1,1.0,1,0.60761129525603,57
1343,1,3363,3363,0,0,0,0,1.0,1,1.0,1,1.0,1,0.6014283412247976,55
1344,4,3367,3367,0,0,0,0,1.0,1,1.0,1,1.0,1,0.5893484394577573,54
1345,2,3369,3369,0,0,0,0,1.0,1,1.0,1,1.0,1,0.5941881237549292,53
1346,3,3372,3372,0,0,0,0,1.0,1,1.0,1,1.0,1,0.5956155550194866,53
1347,2,3374,3374,0,0,0,0,1.0,1,1.0,1,1.0,1,0.6027511184342013,51
1348,0,3374,3374,0,0,0,0,1.0,1,1.0,1,1.0,1,0.6103551362406545,52
1349,3,3377,3377,0,0,0,0,1.0,1,1.0,1,1.0,1,0.6036722132264971,50
1350,1,3378,3378,0,0,0,0,1.0,1,1.0,1,1.0,1,0.6121026411483452,51
1351,2,3380,3380,0,0,0,0,1.0,1,1.0,1,1.0,1,0.6320493868393167,50
1352,4,3384,3384,0,0,0,0,1.0,1,1.0,1,1.0,1,0.6693998827536708,50
1353,2,3386,3386,0,0,0,0,1.0,1,1.0,1,1.0,1,0.6779042244609226,50
1354,3,3389,3389,0,0,0,0,1.0,1,1.0,1,1.0,1,0.6848480597399775,51
1355,1,3390,3390,0,0,0,0,1.0,1,1.0,1,1.0,1,0.666652218295089,53
1356,2,3392,3392,0,0,0,0,1.0,1,1.0,1,1.0,1,0.6651185819938206,52
1357,2,3394,3394,0,0,0,0,1.0,1,1.0,1,1.0,1,0.6754906904550118,52
1358,3,3397,3397,0,0,0,0,1.0,1,1.0,1,1.0,1,0.6693428488748567,53
1359,1,3398,3398,0,0,0,0,1.0,1,1.0,1,1.0,1,0.6678604709002324,54
1360,2,3400,3400,0,0,0,0,1.0,1,1.0,1,1.0,1,0.6482790167722845,55
1361,0,3400,3400,0,0,0,0,1.0,1,1.0,1,1.0,1,0.6482790167722845,55
1362,2,3402,3402,0,0,0,0,1.0,1,1.0,1,1.0,1,0.6357417100839078,56
1363,1,3403,3403,0,0,0,0,1.0,1,1.0,1,1.0,1,0.6422884309638515,56
1364,4,3407,3407,0,0,0,0,1.0,1,1.0,1,1.0,1,0.6424948162895812,55
1365,2,3409,3409,0,0,0,0,1.0,1,1.0,1,1.0,1,0.6567426040289078,56
1366,4,3413,3413,0,0,0,0,1.0,1,1.0,1,1.0,1,0.6461287167668608,57
1367,4,3417,3417,0,0,0,0,1.0,1,1.0,1,1.0,1,0.6575373463527678,57
1368,2,3419,3419,0,0,0,0,1.0,1,1.0,1,1.0,1,0.6539295122016687,58
1369,6,3425,3425,0,0,0,0,1.0,1,1.0,1,1.0,1,0.6381465606895526,59
1370,4,3429,3429,0,0,0,0,1.0,1,1.0,1,1.0,1,0.613326639559697,60
1371,6,3435,3435,0,0,0,0,1.0,1,1.0,1,1.0,1,0.6180438596216042,59
1372,3,3438,3438,0,0,0,0,1.0,1,1.0,1,1.0,1,0.6231011329824294,59
1373,4,3442,3442,0,0,0,0,1.0,1,1.0,1,1.0,1,0.6000941888591181,59
1374,4,3446,3446,0,0,0,0,1.0,1,1.0,1,1.0,1,0.613740669824429,59
1375,2,3448,3448,0,0,0,0,1.0,1,1.0,1,1.0,1,0.6066707213864219,62
1376,1,3449,3449,0,0,0,0,1.0,1,1.0,1,1.0,1,0.6156613807478586,61
1377,1,3450,3450,0,0,0,0,1.0,1,1.0,1,1.0,1,0.592641240361665,63
1378,2,3452,3452,0,0,0,0,1.0,1,1.0,1,1.0,1,0.570872501965732,62
1379,5,3457,3457,0,0,0,0,1.0,1,1.0,1,1.0,1,0.5747853560078787,61
1380,1,3458,3458,0,0,0,0,1.0,1,1.0,1,1.0,1,0.5726620374826831,60
1381,5,3463,3463,0,0,0,0,1.0,1,1.0,1,1.0,1,0.5652346700091857,58
1382,3,3466,3466,0,0,0,0,1.0,1,1.0,1,1.0,1,0.5639889156057483,56
1383,8,3474,3474,0,0,0,0,1.0,1,1.0,1,1.0,1,0.6008423601646128,57
1384,3,3477,3477,0,0,0,0,1.0,1,1.0,1,1.0,1,0.6041785173641042,55
1385,4,3481,3481,0,0,0,0,1.0,1,1.0,1,1.0,1,0.6120871664530116,55
1386,2,3483,3483,0,0,0,0,1.0,1,1.0,1,1.0,1,0.6293088281956276,54
1387,2,3485,3485,0,0,0,0,1.0,1,1.0,1,1.0,1,0.623607415787879,53
1388,2,3487,3487,0,0,0,0,1.0,1,1.0,1,1.0,1,0.6624678038414472,52
1389,1,3488,3488,0,0,0,0,1.0,1,1.0,1,1.0,1,0.6802961466565589,52
1390,0,3488,3488,0,0,0,0,1.0,1,1.0,1,1.0,1,0.6842240229190127,51
1391,0,3488,3488,0,0,0,0,1.0,1,1.0,1,1.0,1,0.6880910598851225,52
1392,1,3489,3489,0,0,0,0,1.0,1,1.0,1,1.0,1,0.6890260340339772,51
1393,0,3489,3489,0,0,0,0,1.0,1,1.0,1,1.0,1,0.6890260340339772,51
1394,1,3490,3490,0,0,0,0,1.0,1,1.0,1,1.0,1,0.7083718807769357,52
1395,1,3491,3491,0,0,0,0,1.0,1,1.0,1,1.0,1,0.7154063261463689,52
1396,2,3493,3493,0,0,0,0,1.0,1,1.0,1,1.0,1,0.7073172885943473,53
1397,1,3494,3494,0,0,0,0,1.0,1,1.0,1,1.0,1,0.7075655028400107,56
1398,2,3496,3496,0,0,0,0,1.0,1,1.0,1,1.0,1,0.7142924238727136,56
1399,3,3499,3499,0,0,0,0,1.0,1,1.0,1,1.0,1,0.7064175931205164,57
1400,4,3503,3503,0,0,0,0,1.0,1,1.0,1,1.0,1,0.700951659233925,57
1401,0,3503,3503,0,0,0,0,1.0,1,1.0,1,1.0,1,0.700951659233925,57
1402,4,3507,3507,0,0,0,0,1.0,1,1.0,1,1.0,1,0.7001872728955951,57
1403,1,3508,3508,0,0,0,0,1.0,1,1.0,1,1.0,1,0.6942251923153513,56
1404,4,3512,3512,0,0,0,0,1.0,1,1.0,1,1.0,1,0.6637269709992275,58
1405,1,3513,3513,0,0,0,0,1.0,1,1.0,1,1.0,1,0.6673169648873083,58
1406,2,3515,3515,0,0,0,0,1.0,1,1.0,1,1.0,1,0.6631067971165968,58
1407,0,3515,3515,0,0,0,0,1.0,1,1.0,1,1.0,1,0.6667082001215929,57
1408,1,3516,3516,0,0,0,0,1.0,1,1.0,1,1.0,1,0.6498506464395701,58
1409,0,3516,3516,0,0,0,0,1.0,1,1.0,1,1.0,1,0.6594886219082049,57
1410,1,3517,3517,0,0,0,0,1.0,1,1.0,1,1.0,1,0.6741762974250839,57
1411,1,3518,3518,0,0,0,0,1.0,1,1.0,1,1.0,1,0.6752004570370745,56
1412,1,3519,3519,0,0,0,0,1.0,1,1.0,1,1.0,1,0.7062565249677876,55
1413,2,3521,3521,0,0,0,0,1.0,1,1.0,1,1.0,1,0.6957076702579942,57
1414,2,3523,3523,0,0,0,0,1.0,1,1.0,1,1.0,1,0.7056121162693886,57
1415,3,3526,3526,0,0,0,0,1.0,1,1.0,1,1.0,1,0.7157945198092109,60
1416,5,3531,3531,0,0,0,0,1.0,1,1.0,1,1.0,1,0.6810549541046518,61
1417,6,3537,3537,0,0,0,0,1.0,1,1.0,1,1.0,1,0.6468654936908422,59
1418,3,3540,3540,0,0,0,0,1.0,1,1.0,1,1.0,1,0.6381176738244354,60
1419,5,3545,3545,0,0,0,0,1.0,1,1.0,1,1.0,1,0.6032320918918592,59
1420,2,3547,3547,0,0,0,0,1.0,1,1.0,1,1.0,1,0.6014485556991349,58
1421,4,3551,3551,0,0,0,0,1.0,1,1.0,1,1.0,1,0.5644045514738903,57
1422,2,3553,3553,0,0,0,0,1.0,1,1.0,1,1.0,1,0.5687453973789518,57
1423,3,3556,3556,0,0,0,0,1.0,1,1.0,1,1.0,1,0.5701044970758655,56
1424,2,3558,3558,0,0,0,0,1.0,1,1.0,1,1.0,1,0.5678191145818241,57
1425,5,3563,3563,0,0,0,0,1.0,1,1.0,1,1.0,1,0.581562322554817,54
1426,2,3565,3565,0,0,0,0,1.0,1,1.0,1,1.0,1,0.6111080689833801,54
1427,1,3566,3566,0,0,0,0,1.0,1,1.0,1,1.0,1,0.6148033414713295,53
1428,5,3571,3571,0,0,0,0,1.0,1,1.0,1,1.0,1,0.587754507414975,52
1429,6,3577,3577,0,0,0,0,1.0,1,1.0,1,1.0,1,0.6089577205244143,52
1430,2,3579,3579,0,0,0,0,1.0,1,1.0,1,1.0,1,0.5965519070345865,51
1431,9,3588,3588,0,0,0,0,1.0,1,1.0,1,1.0,1,0.6034183706855084,51
1432,2,3590,3590,0,0,0,0,1.0,1,1.0,1,1.0,1,0.6225909239686934,52
1433,3,3593,3593,0,0,0,0,1.0,1,1.0,1,1.0,1,0.603135244210705,52
1434,3,3596,3596,0,0,0,0,1.0,1,1.0,1,1.0,1,0.6149601514774171,52
1435,6,3602,3602,0,0,0,0,1.0,1,1.0,1,1.0,1,0.6327843645581329,50
1436,3,3605,3605,0,0,0,0,1.0,1,1.0,1,1.0,1,0.6500514960151984,50
1437,2,3607,3607,0,0,0,0,1.0,1,1.0,1,1.0,1,0.6418816703084745,49
1438,7,3614,3614,0,0,0,0,1.0,1,1.0,1,1.0,1,0.6699084355045426,49
1439,5,3619,3619,0,0,0,0,1.0,1,1.0,1,1.0,1,0.6554717764683083,50
1440,3,3622,3622,0,0,0,0,1.0,1,1.0,1,1.0,1,0.6436353965832964,50
1441,3,3625,3625,0,0,0,0,1.0,1,1.0,1,1.0,1,0.6312958498677548,51
1442,4,3629,3629,0,0,0,0,1.0,1,1.0,1,1.0,1,0.6526109614486838,50
1443,1,3630,3630,0,0,0,0,1.0,1,1.0,1,1.0,1,0.6498169102355144,51
1444,0,3630,3630,0,0,0,0,1.0,1,1.0,1,1.0,1,0.6498169102355144,51
1445,2,3632,3632,0,0,0,0,1.0,1,1.0,1,1.0,1,0.6705504917885318,51
1446,3,3635,3635,0,0,0,0,1.0,1,1.0,1,1.0,1,0.6584919978594386,51
1447,4,3639,3639,0,0,0,0,1.0,1,1.0,1,1.0,1,0.6688455985244742,51
1448,2,3641,3641,0,0,0,0,1.0,1,1.0,1,1.0,1,0.6721925948839854,51
1449,4,3645,3645,0,0,0,0,1.0,1,1.0,1,1.0,1,0.6453408246544983,51
1450,2,3647,3647,0,0,0,0,1.0,1,1.0,1,1.0,1,0.6226281075210398,52
1451,0,3647,3647,0,0,0,0,1.0,1,1.0,1,1.0,1,0.6145816070053856,54
1452,2,3649,3649,0,0,0,0,1.0,1,1.0,1,1.0,1,0.6279215062275147,56
1453,0,3649,3649,0,0,0,0,1.0,1,1.0,1,1.0,1,0.6184907038257543,56
1454,2,3651,3651,0,0,0,0,1.0,1,1.0,1,1.0,1,0.6462581226301132,58
1455,3,3654,3654,0,0,0,0,1.0,1,1.0,1,1.0,1,0.6531413399884348,55
1456,4,3658,3658,0,0,0,0,1.0,1,1.0,1,1.0,1,0.688838146736862,56
1457,3,3661,3661,0,0,0,0,1.0,1,1.0,1,1.0,1,0.7139470045411583,54
1458,3,3664,3664,0,0,0,0,1.0,1,1.0,1,1.0,1,0.7235293194388235,52
1459,2,3666,3666,0,0,0,0,1.0,1,1.0,1,1.0,1,0.7166728903384137,52
1460,6,3672,3672,0,0,0,0,1.0,1,1.0,1,1.0,1,0.7246522115619536,50
1461,1,3673,3673,0,0,0,0,1.0,1,1.0,1,1.0,1,0.7082833091464131,53
1462,4,3677,3677,0,0,0,0,1.0,1,1.0,1,1.0,1,0.7103991593980906,51
1463,3,3680,3680,0,0,0,0,1.0,1,1.0,1,1.0,1,0.7152681249191789,51
1464,5,3685,3685,0,0,0,0,1.0,1,1.0,1,1.0,1,0.7140097779707625,51
1465,3,3688,3688,0,0,0,0,1.0,1,1.0,1,1.0,1,0.7029697718510027,49
1466,6,3694,3694,0,0,0,0,1.0,1,1.0,1,1.0,1,0.6964655028221914,49
1467,4,3698,3698,0,0,0,0,1.0,1,1.0,1,1.0,1,0.6937798939323696,47
1468,4,3702,3702,0,0,0,0,1.0,1,1.0,1,1.0,1,0.6771794909810218,48
1469,4,3706,3706,0,0,0,0,1.0,1,1.0,1,1.0,1,0.684751136965644,47
1470,1,3707,3707,0,0,0,0,1.0,1,1.0,1,1.0,1,0.6613477442449752,49
1471,0,3707,3707,0,0,0,0,1.0,1,1.0,1,1.0,1,0.6727468230579972,48
1472,1,3708,3708,0,0,0,0,1.0,1,1.0,1,1.0,1,0.6591358536903539,48
1473,1,3709,3709,0,0,0,0,1.0,1,1.0,1,1.0,1,0.6579339421503233,49
1474,1,3710,3710,0,0,0,0,1.0,1,1.0,1,1.0,1,0.650795638390027,49
1475,1,3711,3711,0,0,0,0,1.0,1,1.0,1,1.0,1,0.6427639291225962,49
1476,3,3714,3714,0,0,0,0,1.0,1,1.0,1,1.0,1,0.6145265928794046,51
1477,1,3715,3715,0,0,0,0,1.0,1,1.0,1,1.0,1,0.6294896510528031,51
1478,4,3719,3719,0,0,0,0,1.0,1,1.0,1,1.0,1,0.6111408711469604,52
1479,2,3721,3721,0,0,0,0,1.0,1,1.0,1,1.0,1,0.6080558575143329,53
1480,3,3724,3724,0,0,0,0,1.0,1,1.0,1,1.0,1,0.5802904188125013,53
1481,0,3724,3724,0,0,0,0,1.0,1,1.0,1,1.0,1,0.5802904188125013,53
1482,3,3727,3727,0,0,0,0,1.0,1,1.0,1,1.0,1,0.5874425668866596,52
1483,3,3730,3730,0,0,0,0,1.0,1,1.0,1,1.0,1,0.6141861209792036,52
1484,2,3732,3732,0,0,0,0,1.0,1,1.0,1,1.0,1,0.6395229559965343,53
1485,2,3734,3734,0,0,0,0,1.0,1,1.0,1,1.0,1,0.6725412278518004,53
1486,1,3735,3735,0,0,0,0,1.0,1,1.0,1,1.0,1,0.6788691299823658,54
1487,1,3736,3736,0,0,0,0,1.0,1,1.0,1,1.0,1,0.6733590124496542,55
1488,4,3740,3740,0,0,0,0,1.0,1,1.0,1,1.0,1,0.6692544820914912,57
1489,6,3746,3746,0,0,0,0,1.0,1,1.0,1,1.0,1,0.6426945981249732,58
1490,2,3748,3748,0,0,0,0,1.0,1,1.0,1,1.0,1,0.6453041595961982,58
1491,5,3753,3753,0,0,0,0,1.0,1,1.0,1,1.0,1,0.6363909669020172,59
1492,6,3759,3759,0,0,0,0,1.0,1,1.0,1,1.0,1,0.6243738412760923,59
1493,3,3762,3762,0,0,0,0,1.0,1,1.0,1,1.0,1,0.6290897279406712,58
1494,4,3766,3766,0,0,0,0,1.0,1,1.0,1,1.0,1,0.6286644282432109,58
1495,3,3769,3769,0,0,0,0,1.0,1,1.0,1,1.0,1,0.6187987445501527,57
1496,0,3769,3769,0,0,0,0,1.0,1,1.0,1,1.0,1,0.6019721393630182,59
1497,2,3771,3771,0,0,0,0,1.0,1,1.0,1,1.0,1,0.5979384169691914,58
1498,1,3772,3772,0,0,0,0,1.0,1,1.0,1,1.0,1,0.5953032998126264,58
1499,4,3776,3776,0,0,0,0,1.0,1,1.0,1,1.0,1,0.5580430837367162,56
1500,3,3779,3779,0,0,0,0,1.0,1,1.0,1,1.0,1,0.5363882547848637,57
1501,3,3782,3782,0,0,0,0,1.0,1,1.0,1,1.0,1,0.5091805760354994,55
1502,2,3784,3784,0,0,0,0,1.0,1,1.0,1,1.0,1,0.49752097182305727,55
1503,2,3786,3786,0,0,0,0,1.0,1,1.0,1,1.0,1,0.49630554297218676,54
1504,4,3790,3790,0,0,0,0,1.0,1,1.0,1,1.0,1,0.4967713517335109,55
1505,5,3795,3795,0,0,0,0,1.0,1,1.0,1,1.0,1,0.4962128699683771,53
1506,2,3797,3797,0,0,0,0,1.0,1,1.0,1,1.0,1,0.5192506371181335,55
1507,5,3802,3802,0,0,0,0,1.0,1,1.0,1,1.0,1,0.5381824388602008,53
1508,2,3804,3804,0,0,0,0,1.0,1,1.0,1,1.0,1,0.5582474325161739,53
1509,1,3805,3805,0,0,0,0,1.0,1,1.0,1,1.0,1,0.5748986003149358,52
1510,2,3807,3807,0,0,0,0,1.0,1,1.0,1,1.0,1,0.6038190918859243,50
1511,2,3809,3809,0,0,0,0,1.0,1,1.0,1,1.0,1,0.6235469806780984,49
1512,2,3811,3811,0,0,0,0,1.0,1,1.0,1,1.0,1,0.6180633442615903,48
1513,3,3814,3814,0,0,0,0,1.0,1,1.0,1,1.0,1,0.6342186931016554,47
1514,2,3816,3816,0,0,0,0,1.0,1,1.0,1,1.0,1,0.6237495449727082,48
1515,3,3819,3819,0,0,0,0,1.0,1,1.0,1,1.0,1,0.6126253556322215,48
1516,1,3820,3820,0,0,0,0,1.0,1,1.0,1,1.0,1,0.6224671016443349,47
1517,3,3823,3823,0,0,0,0,1.0,1,1.0,1,1.0,1,0.6354303368191635,48
1518,3,3826,3826,0,0,0,0,1.0,1,1.0,1,1.0,1,0.6075838959411368,48
1519,2,3828,3828,0,0,0,0,1.0,1,1.0,1,1.0,1,0.6196918877474626,47
1520,7,3835,3835,0,0,0,0,1.0,1,1.0,1,1.0,1,0.6056292262991395,48
1521,1,3836,3836,0,0,0,0,1.0,1,1.0,1,1.0,1,0.5918367831262775,49
1522,6,3842,3842,0,0,0,0,1.0,1,1.0,1,1.0,1,0.5846475808447135,48
1523,3,3845,3845,0,0,0,0,1.0,1,1.0,1,1.0,1,0.5858128236172387,49
1524,5,3850,3850,0,0,0,0,1.0,1,1.0,1,1.0,1,0.5876001720698679,49
1525,2,3852,3852,0,0,0,0,1.0,1,1.0,1,1.0,1,0.5927524161947507,51
1526,2,3854,3854,0,0,0,0,1.0,1,1.0,1,1.0,1,0.5444768654426517,52
1527,2,3856,3856,0,0,0,0,1.0,1,1.0,1,1.0,1,0.5274535667415544,54
1528,1,3857,3857,0,0,0,0,1.0,1,1.0,1,1.0,1,0.5149546723948987,54
1529,0,3857,3857,0,0,0,0,1.0,1,1.0,1,1.0,1,0.5149546723948987,54
1530,1,3858,3858,0,0,0,0,1.0,1,1.0,1,1.0,1,0.49963843127745594,54
1531,0,3858,3858,0,0,0,0,1.0,1,1.0,1,1.0,1,0.4934773212932986,54
1532,2,3860,3860,0,0,0,0,1.0,1,1.0,1,1.0,1,0.501824599072581,54
1533,2,3862,3862,0,0,0,0,1.0,1,1.0,1,1.0,1,0.5039541913024635,54
1534,1,3863,3863,0,0,0,0,1.0,1,1.0,1,1.0,1,0.4973040902442017,54
1535,0,3863,3863,0,0,0,0,1.0,1,1.0,1,1.0,1,0.4973040902442017,54
1536,1,3864,3864,0,0,0,0,1.0,1,1.0,1,1.0,1,0.4948806099032742,55
1537,0,3864,3864,0,0,0,0,1.0,1,1.0,1,1.0,1,0.4952184570317732,53
1538,4,3868,3868,0,0,0,0,1.0,1,1.0,1,1.0,1,0.5156687635175246,54
1539,2,3870,3870,0,0,0,0,1.0,1,1.0,1,1.0,1,0.528539015259619,54
1540,2,3872,3872,0,0,0,0,1.0,1,1.0,1,1.0,1,0.5565662086465386,54
1541,5,3877,3877,0,0,0,0,1.0,1,1.0,1,1.0,1,0.569172622251237,54
1542,1,3878,3878,0,0,0,0,1.0,1,1.0,1,1.0,1,0.5618752711549879,57
1543,6,3884,3884,0,0,0,0,1.0,1,1.0,1,1.0,1,0.5912573858571354,55
1544,5,3889,3889,0,0,0,0,1.0,1,1.0,1,1.0,1,0.6024969039986128,54
1545,8,3897,3897,0,0,0,0,1.0,1,1.0,1,1.0,1,0.6121168734037256,54
1546,5,3902,3902,0,0,0,0,1.0,1,1.0,1,1.0,1,0.5984022578644776,53
1547,6,3908,3908,0,0,0,0,1.0,1,1.0,1,1.0,1,0.5799022717451466,53
1548,6,3914,3914,0,0,0,0,1.0,1,1.0,1,1.0,1,0.5427975187302826,54
1549,8,3922,3922,0,0,0,0,1.0,1,1.0,1,1.0,1,0.5938016598545095,52
1550,6,3928,3928,0,0,0,0,1.0,1,1.0,1,1.0,1,0.5983263517899657,52
1551,8,3936,3936,0,0,0,0,1.0,1,1.0,1,1.0,1,0.5576567673813413,52
1552,5,3941,3941,0,0,0,0,1.0,1,1.0,1,1.0,1,0.5591494485915652,51
1553,7,3948,3948,0,0,0,0,1.0,1,1.0,1,1.0,1,0.5898667329799178,51
1554,5,3953,3953,0,0,0,0,1.0,1,1.0,1,1.0,1,0.5695218661434153,51
1555,11,3964,3964,0,0,0,0,1.0,1,1.0,1,1.0,1,0.6010465822080661,50
1556,9,3973,3973,0,0,0,0,1.0,1,1.0,1,1.0,1,0.5331142149336131,51
1557,2,3975,3975,0,0,0,0,1.0,1,1.0,1,1.0,1,0.5468316750160102,51
1558,4,3979,3979,0,0,0,0,1.0,1,1.0,1,1.0,1,0.5445657311435242,52
1559,3,3982,3982,0,0,0,0,1.0,1,1.0,1,1.0,1,0.5102722808653405,53
1560,1,3983,3983,0,0,0,0,1.0,1,1.0,1,1.0,1,0.538272737901137,51
1561,1,3984,3984,0,0,0,0,1.0,1,1.0,1,1.0,1,0.5305391931259433,51
1562,4,3988,3988,0,0,0,0,1.0,1,1.0,1,1.0,1,0.5269031034648739,52
1563,1,3989,3989,0,0,0,0,1.0,1,1.0,1,1.0,1,0.5232388295076124,52
1564,3,3992,3992,0,0,0,0,1.0,1,1.0,1,1.0,1,0.5297456927395039,51
1565,1,3993,3993,0,0,0,0,1.0,1,1.0,1,1.0,1,0.5325165361523926,53
1566,0,3993,3993,0,0,0,0,1.0,1,1.0,1,1.0,1,0.5458621348988697,53
1567,0,3993,3993,0,0,0,0,1.0,1,1.0,1,1.0,1,0.5356861274600888,52
1568,2,3995,3995,0,0,0,0,1.0,1,1.0,1,1.0,1,0.5652274862880159,52
1569,3,3998,3998,0,0,0,0,1.0,1,1.0,1,1.0,1,0.5933825680429701,49
1570,1,3999,3999,0,0,0,0,1.0,1,1.0,1,1.0,1,0.6111809062129695,48
1571,3,4002,4002,0,0,0,0,1.0,1,1.0,1,1.0,1,0.6321912404765683,46
1572,3,4005,4005,0,0,0,0,1.0,1,1.0,1,1.0,1,0.600302760980998,47
1573,5,4010,4010,0,0,0,0,1.0,1,1.0,1,1.0,1,0.593700757187574,48
1574,2,4012,4012,0,0,0,0,1.0,1,1.0,1,1.0,1,0.5863748645798494,46
1575,3,4015,4015,0,0,0,0,1.0,1,1.0,1,1.0,1,0.5759598973075755,47
1576,1,4016,4016,0,0,0,0,1.0,1,1.0,1,1.0,1,0.5622725829820108,46
1577,0,4016,4016,0,0,0,0,1.0,1,1.0,1,1.0,1,0.5596662390054702,45
1578,2,4018,4018,0,0,0,0,1.0,1,1.0,1,1.0,1,0.551327372350464,44
1579,3,4021,4021,0,0,0,0,1.0,1,1.0,1,1.0,1,0.5041915064044165,43
1580,1,4022,4022,0,0,0,0,1.0,1,1.0,1,1.0,1,0.49263905744296854,43
1581,4,4026,4026,0,0,0,0,1.0,1,1.0,1,1.0,1,0.4845588881294784,42
1582,4,4030,4030,0,0,0,0,1.0,1,1.0,1,1.0,1,0.5205486428847013,42
1583,1,4031,4031,0,0,0,0,1.0,1,1.0,1,1.0,1,0.5332944655144907,43
1584,7,4038,4038,0,0,0,0,1.0,1,1.0,1,1.0,1,0.6263501643649798,41
1585,1,4039,4039,0,0,0,0,1.0,1,1.0,1,1.0,1,0.5881186828950178,43
1586,6,4045,4045,0,0,0,0,1.0,1,1.0,1,1.0,1,0.5991503511959183,42
1587,2,4047,4047,0,0,0,0,1.0,1,1.0,1,1.0,1,0.5861509252529727,42
1588,4,4051,4051,0,0,0,0,1.0,1,1.0,1,1.0,1,0.585909538435594,42
1589,1,4052,4052,0,0,0,0,1.0,1,1.0,1,1.0,1,0.5695345946803384,42
1590,2,4054,4054,0,0,0,0,1.0,1,1.0,1,1.0,1,0.5719725833606618,41
1591,3,4057,4057,0,0,0,0,1.0,1,1.0,1,1.0,1,0.607408534917766,40
1592,0,4057,4057,0,0,0,0,1.0,1,1.0,1,1.0,1,0.6194975146598485,39
1593,2,4059,4059,0,0,0,0,1.0,1,1.0,1,1.0,1,0.6297456978265823,39
1594,1,4060,4060,0,0,0,0,1.0,1,1.0,1,1.0,1,0.6431721134952835,39
1595,5,4065,4065,0,0,0,0,1.0,1,1.0,1,1.0,1,0.5876492771297274,42
1596,1,4066,4066,0,0,0,0,1.0,1,1.0,1,1.0,1,0.5916290879848126,41
1597,3,4069,4069,0,0,0,0,1.0,1,1.0,1,1.0,1,0.5770671337186923,41
1598,4,4073,4073,0,0,0,0,1.0,1,1.0,1,1.0,1,0.6050391254058857,39
1599,4,4077,4077,0,0,0,0,1.0,1,1.0,1,1.0,1,0.5930327738131944,39
1600,4,4081,4081,0,0,0,0,1.0,1,1.0,1,1.0,1,0.5878562930618089,40
1601,7,4088,4088,0,0,0,0,1.0,1,1.0,1,1.0,1,0.5992394730245905,41
1602,5,4093,4093,0,0,0,0,1.0,1,1.0,1,1.0,1,0.575009892416311,41
1603,3,4096,4096,0,0,0,0,1.0,1,1.0,1,1.0,1,0.5478149529809182,43
1604,3,4099,4099,0,0,0,0,1.0,1,1.0,1,1.0,1,0.5566603870522003,43
1605,2,4101,4101,0,0,0,0,1.0,1,1.0,1,1.0,1,0.5722289381459815,44
1606,4,4105,4105,0,0,0,0,1.0,1,1.0,1,1.0,1,0.5482203341800237,44
1607,2,4107,4107,0,0,0,0,1.0,1,1.0,1,1.0,1,0.5373594148686394,42
1608,2,4109,4109,0,0,0,0,1.0,1,1.0,1,1.0,1,0.5616795549935983,41
1609,1,4110,4110,0,0,0,0,1.0,1,1.0,1,1.0,1,0.5905071865436807,39
1610,3,4113,4113,0,0,0,0,1.0,1,1.0,1,1.0,1,0.5808659301310959,39
1611,0,4113,4113,0,0,0,0,1.0,1,1.0,1,1.0,1,0.5668777425323068,40
1612,3,4116,4116,0,0,0,0,1.0,1,1.0,1,1.0,1,0.5942708399998116,39
1613,2,4118,4118,0,0,0,0,1.0,1,1.0,1,1.0,1,0.575991215823202,41
1614,2,4120,4120,0,0,0,0,1.0,1,1.0,1,1.0,1,0.562170355121837,41
1615,4,4124,4124,0,0,0,0,1.0,1,1.0,1,1.0,1,0.5531077860080769,41
1616,2,4126,4126,0,0,0,0,1.0,1,1.0,1,1.0,1,0.5532210510912601,43
1617,1,4127,4127,0,0,0,0,1.0,1,1.0,1,1.0,1,0.5490114978482361,44
1618,1,4128,4128,0,0,0,0,1.0,1,1.0,1,1.0,1,0.5529595870267163,44
1619,5,4133,4133,0,0,0,0,1.0,1,1.0,1,1.0,1,0.5220528461781799,44
1620,1,4134,4134,0,0,0,0,1.0,1,1.0,1,1.0,1,0.5297897830836028,45
1621,3,4137,4137,0,0,0,0,1.0,1,1.0,1,1.0,1,0.5282165688404439,44
1622,2,4139,4139,0,0,0,0,1.0,1,1.0,1,1.0,1,0.5553738673860149,44
1623,4,4143,4143,0,0,0,0,1.0,1,1.0,1,1.0,1,0.597654640776382,43
1624,2,4145,4145,0,0,0,0,1.0,1,1.0,1,1.0,1,0.6100192877749271,43
1625,1,4146,4146,0,0,0,0,1.0,1,1.0,1,1.0,1,0.6221813348425597,43
1626,1,4147,4147,0,0,0,0,1.0,1,1.0,1,1.0,1,0.6419540246813047,42
1627,3,4150,4150,0,0,0,0,1.0,1,1.0,1,1.0,1,0.6346050560855547,42
1628,2,4152,4152,0,0,0,0,1.0,1,1.0,1,1.0,1,0.6169882700168976,42
1629,2,4154,4154,0,0,0,0,1.0,1,1.0,1,1.0,1,0.5935071571772963,41
1630,5,4159,4159,0,0,0,0,1.0,1,1.0,1,1.0,1,0.5734630083570729,41
1631,4,4163,4163,0,0,0,0,1.0,1,1.0,1,1.0,1,0.5614272309786245,40
1632,5,4168,4168,0,0,0,0,1.0,1,1.0,1,1.0,1,0.5897385398357956,39
1633,5,4173,4173,0,0,0,0,1.0,1,1.0,1,1.0,1,0.6533686031213252,39
1634,4,4177,4177,0,0,0,0,1.0,1,1.0,1,1.0,1,0.6315740489278889,39
1635,3,4180,4180,0,0,0,0,1.0,1,1.0,1,1.0,1,0.6333311156545233,40
1636,5,4185,4185,0,0,0,0,1.0,1,1.0,1,1.0,1,0.62211507422495,41
1637,2,4187,4187,0,0,0,0,1.0,1,1.0,1,1.0,1,0.6239292915038593,41
1638,1,4188,4188,0,0,0,0,1.0,1,1.0,1,1.0,1,0.6062321207237273,42
1639,3,4191,4191,0,0,0,0,1.0,1,1.0,1,1.0,1,0.6000009023068351,43
1640,2,4193,4193,0,0,0,0,1.0,1,1.0,1,1.0,1,0.5702479697442094,43
1641,2,4195,4195,0,0,0,0,1.0,1,1.0,1,1.0,1,0.5512370412378941,44
1642,2,4197,4197,0,0,0,0,1.0,1,1.0,1,1.0,1,0.5281082536361982,45
1643,3,4200,4200,0,0,0,0,1.0,1,1.0,1,1.0,1,0.5166597218449778,44
1644,3,4203,4203,0,0,0,0,1.0,1,1.0,1,1.0,1,0.5127429122407792,45
1645,4,4207,4207,0,0,0,0,1.0,1,1.0,1,1.0,1,0.4911510048473657,44
1646,3,4210,4210,0,0,0,0,1.0,1,1.0,1,1.0,1,0.4873111274279379,43
1647,3,4213,4213,0,0,0,0,1.0,1,1.0,1,1.0,1,0.4561526266658853,43
1648,0,4213,4213,0,0,0,0,1.0,1,1.0,1,1.0,1,0.4615970344592568,42
1649,1,4214,4214,0,0,0,0,1.0,1,1.0,1,1.0,1,0.45757917793278635,41
1650,0,4214,4214,0,0,0,0,1.0,1,1.0,1,1.0,1,0.45757917793278635,41
1651,0,4214,4214,0,0,0,0,1.0,1,1.0,1,1.0,1,0.4750603805475758,40
1652,5,4219,4219,0,0,0,0,1.0,1,1.0,1,1.0,1,0.4949140615547318,39
1653,4,4223,4223,0,0,0,0,1.0,1,1.0,1,1.0,1,0.5450565033623284,39
1654,6,4229,4229,0,0,0,0,1.0,1,1.0,1,1.0,1,0.5722231406745857,39
1655,4,4233,4233,0,0,0,0,1.0,1,1.0,1,1.0,1,0.5626388138285765,40
1656,6,4239,4239,0,0,0,0,1.0,1,1.0,1,1.0,1,0.5948757292157507,40
1657,6,4245,4245,0,0,0,0,1.0,1,1.0,1,1.0,1,0.6188949507167484,40
1658,3,4248,4248,0,0,0,0,1.0,1,1.0,1,1.0,1,0.6290366161479787,40
1659,6,4254,4254,0,0,0,0,1.0,1,1.0,1,1.0,1,0.5580967796572222,40
1660,2,4256,4256,0,0,0,0,1.0,1,1.0,1,1.0,1,0.5183626839111469,41
1661,3,4259,4259,0,0,0,0,1.0,1,1.0,1,1.0,1,0.491061473922537,42
1662,7,4266,4266,0,0,0,0,1.0,1,1.0,1,1.0,1,0.5038366306560176,44
1663,3,4269,4269,0,0,0,0,1.0,1,1.0,1,1.0,1,0.48058652990322714,43
1664,3,4272,4272,0,0,0,0,1.0,1,1.0,1,1.0,1,0.5192760628939704,42
1665,3,4275,4275,0,0,0,0,1.0,1,1.0,1,1.0,1,0.495101482838043,42
1666,4,4279,4279,0,0,0,0,1.0,1,1.0,1,1.0,1,0.5263651133049988,43
1667,4,4283,4283,0,0,0,0,1.0,1,1.0,1,1.0,1,0.5225855083647575,40
1668,0,4283,4283,0,0,0,0,1.0,1,1.0,1,1.0,1,0.5082462082200747,40
1669,2,4285,4285,0,0,0,0,1.0,1,1.0,1,1.0,1,0.496854554335536,40
1670,3,4288,4288,0,0,0,0,1.0,1,1.0,1,1.0,1,0.5177163589515499,39
1671,1,4289,4289,0,0,0,0,1.0,1,1.0,1,1.0,1,0.5333573633568519,39
1672,2,4291,4291,0,0,0,0,1.0,1,1.0,1,1.0,1,0.5705544707575155,38
1673,1,4292,4292,0,0,0,0,1.0,1,1.0,1,1.0,1,0.5447499974911527,38
1674,3,4295,4295,0,0,0,0,1.0,1,1.0,1,1.0,1,0.6000169694268525,38
1675,1,4296,4296,0,0,0,0,1.0,1,1.0,1,1.0,1,0.5714575552246121,39
1676,1,4297,4297,0,0,0,0,1.0,1,1.0,1,1.0,1,0.5591003420400092,39
1677,4,4301,4301,0,0,0,0,1.0,1,1.0,1,1.0,1,0.532586826187491,40
1678,0,4301,4301,0,0,0,0,1.0,1,1.0,1,1.0,1,0.5413806108237803,39
1679,5,4306,4306,0,0,0,0,1.0,1,1.0,1,1.0,1,0.5742552077194161,39
1680,4,4310,4310,0,0,0,0,1.0,1,1.0,1,1.0,1,0.583156011855372,40
1681,2,4312,4312,0,0,0,0,1.0,1,1.0,1,1.0,1,0.5863915614834633,41
1682,4,4316,4316,0,0,0,0,1.0,1,1.0,1,1.0,1,0.6194059838431808,40
1683,3,4319,4319,0,0,0,0,1.0,1,1.0,1,1.0,1,0.6115376154450133,43
1684,3,4322,4322,0,0,0,0,1.0,1,1.0,1,1.0,1,0.6202129373021503,42
1685,7,4329,4329,0,0,0,0,1.0,1,1.0,1,1.0,1,0.5729911405766843,41
1686,4,4333,4333,0,0,0,0,1.0,1,1.0,1,1.0,1,0.5520819653631182,39
1687,6,4339,4339,0,0,0,0,1.0,1,1.0,1,1.0,1,0.5584196916505678,41
1688,6,4345,4345,0,0,0,0,1.0,1,1.0,1,1.0,1,0.4905973234740848,39
1689,3,4348,4348,0,0,0,0,1.0,1,1.0,1,1.0,1,0.4799277218135257,37
1690,2,4350,4350,0,0,0,0,1.0,1,1.0,1,1.0,1,0.5127896471133714,36
1691,0,4350,4350,0,0,0,0,1.0,1,1.0,1,1.0,1,0.5160153668778751,36
1692,0,4350,4350,0,0,0,0,1.0,1,1.0,1,1.0,1,0.5090359994246753,34
1693,3,4353,4353,0,0,0,0,1.0,1,1.0,1,1.0,1,0.5140214831564685,33
1694,1,4354,4354,0,0,0,0,1.0,1,1.0,1,1.0,1,0.5576567030593571,32
1695,4,4358,4358,0,0,0,0,1.0,1,1.0,1,1.0,1,0.652586282505493,32
1696,2,4360,4360,0,0,0,0,1.0,1,1.0,1,1.0,1,0.6158782121128792,34
1697,1,4361,4361,0,0,0,0,1.0,1,1.0,1,1.0,1,0.6313831942319293,34
1698,3,4364,4364,0,0,0,0,1.0,1,1.0,1,1.0,1,0.5703318671124133,36
1699,3,4367,4367,0,0,0,0,1.0,1,1.0,1,1.0,1,0.5363181662090662,36
1700,3,4370,4370,0,0,0,0,1.0,1,1.0,1,1.0,1,0.5455794128088538,37
1701,3,4373,4373,0,0,0,0,1.0,1,1.0,1,1.0,1,0.5074520180968582,39
1702,3,4376,4376,0,0,0,0,1.0,1,1.0,1,1.0,1,0.539169945405529,39
1703,2,4378,4378,0,0,0,0,1.0,1,1.0,1,1.0,1,0.5425116136627559,38
1704,2,4380,4380,0,0,0,0,1.0,1,1.0,1,1.0,1,0.5187579943009853,38
1705,4,4384,4384,0,0,0,0,1.0,1,1.0,1,1.0,1,0.5736467696738827,37
1706,3,4387,4387,0,0,0,0,1.0,1,1.0,1,1.0,1,0.5971174661831212,37
1707,2,4389,4389,0,0,0,0,1.0,1,1.0,1,1.0,1,0.6326867664302118,36
1708,2,4391,4391,0,0,0,0,1.0,1,1.0,1,1.0,1,0.657379800434813,34
1709,3,4394,4394,0,0,0,0,1.0,1,1.0,1,1.0,1,0.6342736852458742,34
1710,1,4395,4395,0,0,0,0,1.0,1,1.0,1,1.0,1,0.685252823836017,33
1711,3,4398,4398,0,0,0,0,1.0,1,1.0,1,1.0,1,0.6785515060144389,32
1712,0,4398,4398,0,0,0,0,1.0,1,1.0,1,1.0,1,0.687455216446199,31
1713,4,4402,4402,0,0,0,0,1.0,1,1.0,1,1.0,1,0.7270825595222725,32
1714,1,4403,4403,0,0,0,0,1.0,1,1.0,1,1.0,1,0.7334083948385051,32
1715,2,4405,4405,0,0,0,0,1.0,1,1.0,1,1.0,1,0.7526371778750431,32
1716,0,4405,4405,0,0,0,0,1.0,1,1.0,1,1.0,1,0.7460375295574276,34
1717,1,4406,4406,0,0,0,0,1.0,1,1.0,1,1.0,1,0.7527460821132528,34
1718,1,4407,4407,0,0,0,0,1.0,1,1.0,1,1.0,1,0.7777312679430807,34
1719,0,4407,4407,0,0,0,0,1.0,1,1.0,1,1.0,1,0.7777312679430807,34
1720,0,4407,4407,0,0,0,0,1.0,1,1.0,1,1.0,1,0.7658347564316623,34
1721,0,4407,4407,0,0,0,0,1.0,1,1.0,1,1.0,1,0.7459604030475497,35
1722,1,4408,4408,0,0,0,0,1.0,1,1.0,1,1.0,1,0.7230672241729129,35
1723,0,4408,4408,0,0,0,0,1.0,1,1.0,1,1.0,1,0.7185708184963785,34
1724,3,4411,4411,0,0,0,0,1.0,1,1.0,1,1.0,1,0.6943140627274086,33
1725,0,4411,4411,0,0,0,0,1.0,1,1.0,1,1.0,1,0.6893093089970156,35
1726,3,4414,4414,0,0,0,0,1.0,1,1.0,1,1.0,1,0.6770983170322179,34
1727,1,4415,4415,0,0,0,0,1.0,1,1.0,1,1.0,1,0.6818130747444366,34
1728,2,4417,4417,0,0,0,0,1.0,1,1.0,1,1.0,1,0.6437205722609513,35
1729,1,4418,4418,0,0,0,0,1.0,1,1.0,1,1.0,1,0.6475605465592847,35
1730,1,4419,4419,0,0,0,0,1.0,1,1.0,1,1.0,1,0.6430133871412931,35
1731,2,4421,4421,0,0,0,0,1.0,1,1.0,1,1.0,1,0.6457164098873153,35
1732,3,4424,4424,0,0,0,0,1.0,1,1.0,1,1.0,1,0.6538651311689727,35
1733,5,4429,4429,0,0,0,0,1.0,1,1.0,1,1.0,1,0.614671313832583,33
1734,4,4433,4433,0,0,0,0,1.0,1,1.0,1,1.0,1,0.665722911509465,34
1735,7,4440,4440,0,0,0,0,1.0,1,1.0,1,1.0,1,0.6861834706575454,33
1736,4,4444,4444,0,0,0,0,1.0,1,1.0,1,1.0,1,0.7147851405072976,33
1737,6,4450,4450,0,0,0,0,1.0,1,1.0,1,1.0,1,0.6763112405020686,35
1738,4,4454,4454,0,0,0,0,1.0,1,1.0,1,1.0,1,0.5967911654533823,36
1739,5,4459,4459,0,0,0,0,1.0,1,1.0,1,1.0,1,0.5729537209753855,36
1740,5,4464,4464,0,0,0,0,1.0,1,1.0,1,1.0,1,0.5676412344383784,37
1741,2,4466,4466,0,0,0,0,1.0,1,1.0,1,1.0,1,0.5755578455701839,36
1742,3,4469,4469,0,0,0,0,1.0,1,1.0,1,1.0,1,0.5802780667268745,36
1743,1,4470,4470,0,0,0,0,1.0,1,1.0,1,1.0,1,0.5915681173007822,37
1744,2,4472,4472,0,0,0,0,1.0,1,1.0,1,1.0,1,0.597935620764269,37
1745,2,4474,4474,0,0,0,0,1.0,1,1.0,1,1.0,1,0.5981764278646451,38
1746,0,4474,4474,0,0,0,0,1.0,1,1.0,1,1.0,1,0.6002019872331031,38
1747,1,4475,4475,0,0,0,0,1.0,1,1.0,1,1.0,1,0.6109332159028532,37
1748,0,4475,4475,0,0,0,0,1.0,1,1.0,1,1.0,1,0.6061359037818863,38
1749,5,4480,4480,0,0,0,0,1.0,1,1.0,1,1.0,1,0.5945410183097305,38
1750,0,4480,4480,0,0,0,0,1.0,1,1.0,1,1.0,1,0.6022475334027579,39
1751,1,4481,4481,0,0,0,0,1.0,1,1.0,1,1.0,1,0.590973823290303,41
1752,1,4482,4482,0,0,0,0,1.0,1,1.0,1,1.0,1,0.595213921210814,41
1753,1,4483,4483,0,0,0,0,1.0,1,1.0,1,1.0,1,0.5857891289202305,41
1754,1,4484,4484,0,0,0,0,1.0,1,1.0,1,1.0,1,0.5774555277143278,40
1755,9,4493,4493,0,0,0,0,1.0,1,1.0,1,1.0,1,0.5325733553894121,41
1756,1,4494,4494,0,0,0,0,1.0,1,1.0,1,1.0,1,0.5570373295826738,41
1757,5,4499,4499,0,0,0,0,1.0,1,1.0,1,1.0,1,0.5710084876995406,40
1758,5,4504,4504,0,0,0,0,1.0,1,1.0,1,1.0,1,0.5134630260354773,41
1759,6,4510,4510,0,0,0,0,1.0,1,1.0,1,1.0,1,0.5795713520556961,38
1760,3,4513,4513,0,0,0,0,1.0,1,1.0,1,1.0,1,0.5682334892461618,38
1761,8,4521,4521,0,0,0,0,1.0,1,1.0,1,1.0,1,0.5837461396291879,37
1762,3,4524,4524,0,0,0,0,1.0,1,1.0,1,1.0,1,0.5792942509681799,37
1763,6,4530,4530,0,0,0,0,1.0,1,1.0,1,1.0,1,0.6087418805090666,37
1764,3,4533,4533,0,0,0,0,1.0,1,1.0,1,1.0,1,0.6503314145786276,36
1765,4,4537,4537,0,0,0,0,1.0,1,1.0,1,1.0,1,0.6199872053399249,36
1766,1,4538,4538,0,0,0,0,1.0,1,1.0,1,1.0,1,0.615910375515748,37
1767,2,4540,4540,0,0,0,0,1.0,1,1.0,1,1.0,1,0.623163142182515,37
1768,0,4540,4540,0,0,0,0,1.0,1,1.0,1,1.0,1,0.6152671533872098,37
1769,3,4543,4543,0,0,0,0,1.0,1,1.0,1,1.0,1,0.5972980129850793,38
1770,1,4544,4544,0,0,0,0,1.0,1,1.0,1,1.0,1,0.580535750973292,39
1771,1,4545,4545,0,0,0,0,1.0,1,1.0,1,1.0,1,0.6008863961925872,39
1772,3,4548,4548,0,0,0,0,1.0,1,1.0,1,1.0,1,0.5801995497602445,39
1773,1,4549,4549,0,0,0,0,1.0,1,1.0,1,1.0,1,0.5735930250181077,41
1774,2,4551,4551,0,0,0,0,1.0,1,1.0,1,1.0,1,0.5637236293705598,41
1775,0,4551,4551,0,0,0,0,1.0,1,1.0,1,1.0,1,0.5736143282172766,42
1776,1,4552,4552,0,0,0,0,1.0,1,1.0,1,1.0,1,0.5347841646624873,43
1777,0,4552,4552,0,0,0,0,1.0,1,1.0,1,1.0,1,0.5347841646624873,43
1778,2,4554,4554,0,0,0,0,1.0,1,1.0,1,1.0,1,0.5147488969193027,44
1779,2,4556,4556,0,0,0,0,1.0,1,1.0,1,1.0,1,0.5034888686816094,46
1780,4,4560,4560,0,0,0,0,1.0,1,1.0,1,1.0,1,0.4834177195392364,46
1781,1,4561,4561,0,0,0,0,1.0,1,1.0,1,1.0,1,0.46679207947236084,46
1782,3,4564,4564,0,0,0,0,1.0,1,1.0,1,1.0,1,0.5147555219337375,46
1783,2,4566,4566,0,0,0,0,1.0,1,1.0,1,1.0,1,0.5212592129371099,44
1784,4,4570,4570,0,0,0,0,1.0,1,1.0,1,1.0,1,0.5205267035167158,45
1785,2,4572,4572,0,0,0,0,1.0,1,1.0,1,1.0,1,0.5287731155470539,42
1786,5,4577,4577,0,0,0,0,1.0,1,1.0,1,1.0,1,0.5162314003991663,43
1787,7,4584,4584,0,0,0,0,1.0,1,1.0,1,1.0,1,0.5234114820675174,41
1788,4,4588,4588,0,0,0,0,1.0,1,1.0,1,1.0,1,0.5412689359311257,41
1789,7,4595,4595,0,0,0,0,1.0,1,1.0,1,1.0,1,0.558514379747298,41
1790,4,4599,4599,0,0,0,0,1.0,1,1.0,1,1.0,1,0.6023445269860812,41
1791,7,4606,4606,0,0,0,0,1.0,1,1.0,1,1.0,1,0.5982993710334219,40
1792,6,4612,4612,0,0,0,0,1.0,1,1.0,1,1.0,1,0.5717876444785963,40
1793,4,4616,4616,0,0,0,0,1.0,1,1.0,1,1.0,1,0.5485061347948728,41
1794,3,4619,4619,0,0,0,0,1.0,1,1.0,1,1.0,1,0.5029456248260741,41
1795,1,4620,4620,0,0,0,0,1.0,1,1.0,1,1.0,1,0.5522000212393224,40
1796,2,4622,4622,0,0,0,0,1.0,1,1.0,1,1.0,1,0.5444364137979165,40
1797,2,4624,4624,0,0,0,0,1.0,1,1.0,1,1.0,1,0.5557274420477681,37
1798,2,4626,4626,0,0,0,0,1.0,1,1.0,1,1.0,1,0.5643782645663069,37
1799,0,4626,4626,0,0,0,0,1.0,1,1.0,1,1.0,1,0.5573971407833015,36
1800,1,4627,4627,0,0,0,0,1.0,1,1.0,1,1.0,1,0.5820296615255666,36
1801,2,4629,4629,0,0,0,0,1.0,1,1.0,1,1.0,1,0.5722550495306643,34
1802,2,4631,4631,0,0,0,0,1.0,1,1.0,1,1.0,1,0.5547069497830395,33
1803,3,4634,4634,0,0,0,0,1.0,1,1.0,1,1.0,1,0.5800269589620146,33
1804,2,4636,4636,0,0,0,0,1.0,1,1.0,1,1.0,1,0.5695457659085476,33
1805,6,4642,4642,0,0,0,0,1.0,1,1.0,1,1.0,1,0.547954339221533,35
1806,2,4644,4644,0,0,0,0,1.0,1,1.0,1,1.0,1,0.5657402061507043,35
1807,3,4647,4647,0,0,0,0,1.0,1,1.0,1,1.0,1,0.48018255412718014,35
1808,2,4649,4649,0,0,0,0,1.0,1,1.0,1,1.0,1,0.4208253144138445,36
1809,2,4651,4651,0,0,0,0,1.0,1,1.0,1,1.0,1,0.40615339713406934,36
1810,1,4652,4652,0,0,0,0,1.0,1,1.0,1,1.0,1,0.40984851083479035,35
1811,0,4652,4652,0,0,0,0,1.0,1,1.0,1,1.0,1,0.41304028879650356,36
1812,1,4653,4653,0,0,0,0,1.0,1,1.0,1,1.0,1,0.4016487202927785,36
1813,1,4654,4654,0,0,0,0,1.0,1,1.0,1,1.0,1,0.4291620751044153,36
1814,2,4656,4656,0,0,0,0,1.0,1,1.0,1,1.0,1,0.48228210356008366,34
1815,3,4659,4659,0,0,0,0,1.0,1,1.0,1,1.0,1,0.5485354081682785,35
1816,0,4659,4659,0,0,0,0,1.0,1,1.0,1,1.0,1,0.5672971929252807,34
1817,3,4662,4662,0,0,0,0,1.0,1,1.0,1,1.0,1,0.649848003179998,34
1818,2,4664,4664,0,0,0,0,1.0,1,1.0,1,1.0,1,0.593792292317191,34
1819,5,4669,4669,0,0,0,0,1.0,1,1.0,1,1.0,1,0.5591467738094137,35
1820,3,4672,4672,0,0,0,0,1.0,1,1.0,1,1.0,1,0.4917488642724284,36
1821,2,4674,4674,0,0,0,0,1.0,1,1.0,1,1.0,1,0.4762497626386396,36
1822,5,4679,4679,0,0,0,0,1.0,1,1.0,1,1.0,1,0.45932144792811735,37
1823,2,4681,4681,0,0,0,0,1.0,1,1.0,1,1.0,1,0.478990783799254,38
1824,2,4683,4683,0,0,0,0,1.0,1,1.0,1,1.0,1,0.4844393690358368,37
1825,1,4684,4684,0,0,0,0,1.0,1,1.0,1,1.0,1,0.5261379713240524,36
1826,3,4687,4687,0,0,0,0,1.0,1,1.0,1,1.0,1,0.5738029631570098,35
1827,0,4687,4687,0,0,0,0,1.0,1,1.0,1,1.0,1,0.5744810896121546,35
1828,2,4689,4689,0,0,0,0,1.0,1,1.0,1,1.0,1,0.5681013446997596,33
1829,1,4690,4690,0,0,0,0,1.0,1,1.0,1,1.0,1,0.5982630559379174,32
1830,3,4693,4693,0,0,0,0,1.0,1,1.0,1,1.0,1,0.5673644998610855,32
1831,2,4695,4695,0,0,0,0,1.0,1,1.0,1,1.0,1,0.6120582890364008,30
1832,6,4701,4701,0,0,0,0,1.0,1,1.0,1,1.0,1,0.583062694581433,30
1833,5,4706,4706,0,0,0,0,1.0,1,1.0,1,1.0,1,0.566581493723108,29
1834,4,4710,4710,0,0,0,0,1.0,1,1.0,1,1.0,1,0.5699473252269228,28
1835,2,4712,4712,0,0,0,0,1.0,1,1.0,1,1.0,1,0.5656929966314697,28
1836,1,4713,4713,0,0,0,0,1.0,1,1.0,1,1.0,1,0.5704201374519728,29
1837,1,4714,4714,0,0,0,0,1.0,1,1.0,1,1.0,1,0.55497332443885,28
1838,1,4715,4715,0,0,0,0,1.0,1,1.0,1,1.0,1,0.5588064166081853,28
1839,0,4715,4715,0,0,0,0,1.0,1,1.0,1,1.0,1,0.5702330749775655,27
1840,3,4718,4718,0,0,0,0,1.0,1,1.0,1,1.0,1,0.6262493926061423,26
1841,0,4718,4718,0,0,0,0,1.0,1,1.0,1,1.0,1,0.6296496081074682,25
1842,1,4719,4719,0,0,0,0,1.0,1,1.0,1,1.0,1,0.6469469745575104,26
1843,2,4721,4721,0,0,0,0,1.0,1,1.0,1,1.0,1,0.6757331453638452,26
1844,1,4722,4722,0,0,0,0,1.0,1,1.0,1,1.0,1,0.6913085818500629,26
1845,3,4725,4725,0,0,0,0,1.0,1,1.0,1,1.0,1,0.6584554485444307,26
1846,3,4728,4728,0,0,0,0,1.0,1,1.0,1,1.0,1,0.570391972991663,26
1847,2,4730,4730,0,0,0,0,1.0,1,1.0,1,1.0,1,0.512806568085359,26
1848,1,4731,4731,0,0,0,0,1.0,1,1.0,1,1.0,1,0.5343730714385774,27
1849,1,4732,4732,0,0,0,0,1.0,1,1.0,1,1.0,1,0.5561541142814799,27
1850,2,4734,4734,0,0,0,0,1.0,1,1.0,1,1.0,1,0.5704664135448806,28
1851,0,4734,4734,0,0,0,0,1.0,1,1.0,1,1.0,1,0.5704664135448806,28
1852,2,4736,4736,0,0,0,0,1.0,1,1.0,1,1.0,1,0.5774507827881443,28
1853,2,4738,4738,0,0,0,0,1.0,1,1.0,1,1.0,1,0.5715565438689074,27
1854,1,4739,4739,0,0,0,0,1.0,1,1.0,1,1.0,1,0.5734431300407036,28
1855,4,4743,4743,0,0,0,0,1.0,1,1.0,1,1.0,1,0.5953496241236091,28
1856,5,4748,4748,0,0,0,0,1.0,1,1.0,1,1.0,1,0.6320275255871303,30
1857,4,4752,4752,0,0,0,0,1.0,1,1.0,1,1.0,1,0.6480590561296176,31
1858,2,4754,4754,0,0,0,0,1.0,1,1.0,1,1.0,1,0.6339423526498936,31
1859,3,4757,4757,0,0,0,0,1.0,1,1.0,1,1.0,1,0.6150317830496908,31
1860,4,4761,4761,0,0,0,0,1.0,1,1.0,1,1.0,1,0.595806217709867,31
1861,2,4763,4763,0,0,0,0,1.0,1,1.0,1,1.0,1,0.62201271371714,31
1862,2,4765,4765,0,0,0,0,1.0,1,1.0,1,1.0,1,0.6419608910004418,31
1863,5,4770,4770,0,0,0,0,1.0,1,1.0,1,1.0,1,0.6238227258909735,31
1864,1,4771,4771,0,0,0,0,1.0,1,1.0,1,1.0,1,0.6446001603473136,30
1865,3,4774,4774,0,0,0,0,1.0,1,1.0,1,1.0,1,0.6058318776768038,27
1866,1,4775,4775,0,0,0,0,1.0,1,1.0,1,1.0,1,0.5849027322139976,28
1867,4,4779,4779,0,0,0,0,1.0,1,1.0,1,1.0,1,0.6265909630770038,26
1868,1,4780,4780,0,0,0,0,1.0,1,1.0,1,1.0,1,0.6223457971384693,26
1869,1,4781,4781,0,0,0,0,1.0,1,1.0,1,1.0,1,0.6751329249703213,25
1870,1,4782,4782,0,0,0,0,1.0,1,1.0,1,1.0,1,0.6851950816597056,25
1871,1,4783,4783,0,0,0,0,1.0,1,1.0,1,1.0,1,0.6619892979170731,26
1872,0,4783,4783,0,0,0,0,1.0,1,1.0,1,1.0,1,0.6710873769106129,25
1873,1,4784,4784,0,0,0,0,1.0,1,1.0,1,1.0,1,0.7175167353890319,23
1874,2,4786,4786,0,0,0,0,1.0,1,1.0,1,1.0,1,0.7307677364076413,23
1875,0,4786,4786,0,0,0,0,1.0,1,1.0,1,1.0,1,0.7863636273854204,21
1876,1,4787,4787,0,0,0,0,1.0,1,1.0,1,1.0,1,0.7368541199723401,24
1877,0,4787,4787,0,0,0,0,1.0,1,1.0,1,1.0,1,0.7368541199723401,24
1878,0,4787,4787,0,0,0,0,1.0,1,1.0,1,1.0,1,0.7021173835899109,26
1879,0,4787,4787,0,0,0,0,1.0,1,1.0,1,1.0,1,0.7021173835899109,26
1880,2,4789,4789,0,0,0,0,1.0,1,1.0,1,1.0,1,0.7067062060268028,26
1881,0,4789,4789,0,0,0,0,1.0,1,1.0,1,1.0,1,0.7067062060268028,26
1882,0,4789,4789,0,0,0,0,1.0,1,1.0,1,1.0,1,0.7199373868562847,25
1883,1,4790,4790,0,0,0,0,1.0,1,1.0,1,1.0,1,0.733594370110337,25
1884,0,4790,4790,0,0,0,0,1.0,1,1.0,1,1.0,1,0.733594370110337,25
1885,2,4792,4792,0,0,0,0,1.0,1,1.0,1,1.0,1,0.7824666326302973,25
1886,0,4792,4792,0,0,0,0,1.0,1,1.0,1,1.0,1,0.7649657432111265,26
1887,1,4793,4793,0,0,0,0,1.0,1,1.0,1,1.0,1,0.7494683040844902,26
1888,0,4793,4793,0,0,0,0,1.0,1,1.0,1,1.0,1,0.7387057697547491,27
1889,0,4793,4793,0,0,0,0,1.0,1,1.0,1,1.0,1,0.7355240840974056,28
1890,1,4794,4794,0,0,0,0,1.0,1,1.0,1,1.0,1,0.7208594056807885,28
1891,1,4795,4795,0,0,0,0,1.0,1,1.0,1,1.0,1,0.735830304908008,29
1892,0,4795,4795,0,0,0,0,1.0,1,1.0,1,1.0,1,0.735830304908008,29
1893,1,4796,4796,0,0,0,0,1.0,1,1.0,1,1.0,1,0.7432894297780506,29
1894,1,4797,4797,0,0,0,0,1.0,1,1.0,1,1.0,1,0.7316395611500585,29
1895,0,4797,4797,0,0,0,0,1.0,1,1.0,1,1.0,1,0.6918489251739904,31
1896,0,4797,4797,0,0,0,0,1.0,1,1.0,1,1.0,1,0.6918489251739904,31
1897,1,4798,4798,0,0,0,0,1.0,1,1.0,1,1.0,1,0.6766056595552812,31
1898,1,4799,4799,0,0,0,0,1.0,1,1.0,1,1.0,1,0.6918489251739904,31
1899,0,4799,4799,0,0,0,0,1.0,1,1.0,1,1.0,1,0.6834381688991881,32
1900,1,4800,4800,0,0,0,0,1.0,1,1.0,1,1.0,1,0.6736214649270108,32
1901,0,4800,4800,0,0,0,0,1.0,1,1.0,1,1.0,1,0.6736214649270108,32
1902,1,4801,4801,0,0,0,0,1.0,1,1.0,1,1.0,1,0.7041835129559249,32
1903,1,4802,4802,0,0,0,0,1.0,1,1.0,1,1.0,1,0.71703524846051,32
1904,2,4804,4804,0,0,0,0,1.0,1,1.0,1,1.0,1,0.702178451999398,34
1905,2,4806,4806,0,0,0,0,1.0,1,1.0,1,1.0,1,0.7149870136914946,34
1906,0,4806,4806,0,0,0,0,1.0,1,1.0,1,1.0,1,0.7140589041952633,35
1907,1,4807,4807,0,0,0,0,1.0,1,1.0,1,1.0,1,0.6888144805138086,36
1908,2,4809,4809,0,0,0,0,1.0,1,1.0,1,1.0,1,0.6597862675412732,36
1909,1,4810,4810,0,0,0,0,1.0,1,1.0,1,1.0,1,0.6254561550488495,37
1910,3,4813,4813,0,0,0,0,1.0,1,1.0,1,1.0,1,0.5873379959180437,38
1911,2,4815,4815,0,0,0,0,1.0,1,1.0,1,1.0,1,0.6487437048966438,37
1912,3,4818,4818,0,0,0,0,1.0,1,1.0,1,1.0,1,0.5926895440772871,37
1913,3,4821,4821,0,0,0,0,1.0,1,1.0,1,1.0,1,0.6072713923766259,36
1914,3,4824,4824,0,0,0,0,1.0,1,1.0,1,1.0,1,0.5612963597270745,37
1915,1,4825,4825,0,0,0,0,1.0,1,1.0,1,1.0,1,0.5327587339139598,37
1916,2,4827,4827,0,0,0,0,1.0,1,1.0,1,1.0,1,0.5250750521037973,39
1917,1,4828,4828,0,0,0,0,1.0,1,1.0,1,1.0,1,0.5357895527288403,38
1918,3,4831,4831,0,0,0,0,1.0,1,1.0,1,1.0,1,0.5637913567512965,38
1919,0,4831,4831,0,0,0,0,1.0,1,1.0,1,1.0,1,0.5731627418260231,38
1920,3,4834,4834,0,0,0,0,1.0,1,1.0,1,1.0,1,0.61914941094622,39
1921,1,4835,4835,0,0,0,0,1.0,1,1.0,1,1.0,1,0.5954661160178715,38
1922,3,4838,4838,0,0,0,0,1.0,1,1.0,1,1.0,1,0.5905068927935596,39
1923,3,4841,4841,0,0,0,0,1.0,1,1.0,1,1.0,1,0.5738483506399835,40
1924,2,4843,4843,0,0,0,0,1.0,1,1.0,1,1.0,1,0.5460084218642343,40
1925,6,4849,4849,0,0,0,0,1.0,1,1.0,1,1.0,1,0.5665633143537014,40
1926,1,4850,4850,0,0,0,0,1.0,1,1.0,1,1.0,1,0.5791560928975883,40
1927,3,4853,4853,0,0,0,0,1.0,1,1.0,1,1.0,1,0.5598043302936423,41
1928,1,4854,4854,0,0,0,0,1.0,1,1.0,1,1.0,1,0.5659397592060554,41
1929,5,4859,4859,0,0,0,0,1.0,1,1.0,1,1.0,1,0.5646961625546494,40
1930,2,4861,4861,0,0,0,0,1.0,1,1.0,1,1.0,1,0.5626953736228258,40
1931,2,4863,4863,0,0,0,0,1.0,1,1.0,1,1.0,1,0.585963954663926,40
1932,1,4864,4864,0,0,0,0,1.0,1,1.0,1,1.0,1,0.5785599181798446,40
1933,2,4866,4866,0,0,0,0,1.0,1,1.0,1,1.0,1,0.569608747819017,42
1934,1,4867,4867,0,0,0,0,1.0,1,1.0,1,1.0,1,0.5655437624290184,44
1935,2,4869,4869,0,0,0,0,1.0,1,1.0,1,1.0,1,0.5722584973649814,44
1936,3,4872,4872,0,0,0,0,1.0,1,1.0,1,1.0,1,0.5400120526307156,46
1937,2,4874,4874,0,0,0,0,1.0,1,1.0,1,1.0,1,0.5452667476221,47
1938,3,4877,4877,0,0,0,0,1.0,1,1.0,1,1.0,1,0.5275677367958864,47
1939,1,4878,4878,0,0,0,0,1.0,1,1.0,1,1.0,1,0.5245773755773575,47
1940,4,4882,4882,0,0,0,0,1.0,1,1.0,1,1.0,1,0.494772243188746,47
1941,6,4888,4888,0,0,0,0,1.0,1,1.0,1,1.0,1,0.5181771657717289,47
1942,4,4892,4892,0,0,0,0,1.0,1,1.0,1,1.0,1,0.476580406309724,49
1943,2,4894,4894,0,0,0,0,1.0,1,1.0,1,1.0,1,0.5138948712213471,47
1944,4,4898,4898,0,0,0,0,1.0,1,1.0,1,1.0,1,0.48387594979573917,47
1945,5,4903,4903,0,0,0,0,1.0,1,1.0,1,1.0,1,0.5088827003974079,45
1946,3,4906,4906,0,0,0,0,1.0,1,1.0,1,1.0,1,0.5245525297844652,45
1947,4,4910,4910,0,0,0,0,1.0,1,1.0,1,1.0,1,0.5476540259845986,45
1948,5,4915,4915,0,0,0,0,1.0,1,1.0,1,1.0,1,0.5543522803447803,45
1949,3,4918,4918,0,0,0,0,1.0,1,1.0,1,1.0,1,0.5685827163196651,42
1950,0,4918,4918,0,0,0,0,1.0,1,1.0,1,1.0,1,0.5637662817130703,42
1951,4,4922,4922,0,0,0,0,1.0,1,1.0,1,1.0,1,0.5776526174159531,38
1952,3,4925,4925,0,0,0,0,1.0,1,1.0,1,1.0,1,0.5661753053548824,36
1953,3,4928,4928,0,0,0,0,1.0,1,1.0,1,1.0,1,0.5865998337272982,35
1954,2,4930,4930,0,0,0,0,1.0,1,1.0,1,1.0,1,0.6250382028508984,32
1955,4,4934,4934,0,0,0,0,1.0,1,1.0,1,1.0,1,0.5604091517699441,33
1956,5,4939,4939,0,0,0,0,1.0,1,1.0,1,1.0,1,0.6529749143049066,31
1957,6,4945,4945,0,0,0,0,1.0,1,1.0,1,1.0,1,0.5840866509051279,33
1958,2,4947,4947,0,0,0,0,1.0,1,1.0,1,1.0,1,0.5749788377113387,34
1959,3,4950,4950,0,0,0,0,1.0,1,1.0,1,1.0,1,0.5611028541927775,35
1960,3,4953,4953,0,0,0,0,1.0,1,1.0,1,1.0,1,0.5867380791368658,36
1961,2,4955,4955,0,0,0,0,1.0,1,1.0,1,1.0,1,0.5813934233466078,36
1962,1,4956,4956,0,0,0,0,1.0,1,1.0,1,1.0,1,0.5713390884951595,35
1963,5,4961,4961,0,0,0,0,1.0,1,1.0,1,1.0,1,0.5355097545486146,36
1964,4,4965,4965,0,0,0,0,1.0,1,1.0,1,1.0,1,0.563241480829763,35
1965,3,4968,4968,0,0,0,0,1.0,1,1.0,1,1.0,1,0.5612876650085428,36
1966,5,4973,4973,0,0,0,0,1.0,1,1.0,1,1.0,1,0.5064572591804655,36
1967,1,4974,4974,0,0,0,0,1.0,1,1.0,1,1.0,1,0.4969999801367067,36
1968,3,4977,4977,0,0,0,0,1.0,1,1.0,1,1.0,1,0.505641161527845,37
1969,1,4978,4978,0,0,0,0,1.0,1,1.0,1,1.0,1,0.49861823094640606,37
1970,1,4979,4979,0,0,0,0,1.0,1,1.0,1,1.0,1,0.4891932104798653,38
1971,0,4979,4979,0,0,0,0,1.0,1,1.0,1,1.0,1,0.49394429862487904,37
1972,2,4981,4981,0,0,0,0,1.0,1,1.0,1,1.0,1,0.5379644930612455,37
1973,2,4983,4983,0,0,0,0,1.0,1,1.0,1,1.0,1,0.5689589528946873,37
1974,3,4986,4986,0,0,0,0,1.0,1,1.0,1,1.0,1,0.6129244680647641,38
1975,2,4988,4988,0,0,0,0,1.0,1,1.0,1,1.0,1,0.623819406217425,37
1976,2,4990,4990,0,0,0,0,1.0,1,1.0,1,1.0,1,0.5813597978597854,39
1977,2,4992,4992,0,0,0,0,1.0,1,1.0,1,1.0,1,0.5616722294572543,42
1978,0,4992,4992,0,0,0,0,1.0,1,1.0,1,1.0,1,0.5616722294572543,42
1979,8,5000,5000,0,0,0,0,1.0,1,1.0,1,1.0,1,0.4926744326733844,42
1980,2,5002,5002,0,0,0,0,1.0,1,1.0,1,1.0,1,0.5199808346775707,43
1981,4,5006,5006,0,0,0,0,1.0,1,1.0,1,1.0,1,0.5292127839509978,44
1982,1,5007,5007,0,0,0,0,1.0,1,1.0,1,1.0,1,0.5336983582649979,44
1983,3,5010,5010,0,0,0,0,1.0,1,1.0,1,1.0,1,0.5469960539335342,44
1984,4,5014,5014,0,0,0,0,1.0,1,1.0,1,1.0,1,0.6063030266271804,42
1985,1,5015,5015,0,0,0,0,1.0,1,1.0,1,1.0,1,0.57787498568978,41
1986,2,5017,5017,0,0,0,0,1.0,1,1.0,1,1.0,1,0.6184372871359844,40
1987,3,5020,5020,0,0,0,0,1.0,1,1.0,1,1.0,1,0.625315813993723,37
1988,1,5021,5021,0,0,0,0,1.0,1,1.0,1,1.0,1,0.6460293313892842,35
1989,3,5024,5024,0,0,0,0,1.0,1,1.0,1,1.0,1,0.6502453427728564,32
1990,0,5024,5024,0,0,0,0,1.0,1,1.0,1,1.0,1,0.617573343692365,31
1991,2,5026,5026,0,0,0,0,1.0,1,1.0,1,1.0,1,0.6100753850299057,32
1992,1,5027,5027,0,0,0,0,1.0,1,1.0,1,1.0,1,0.5862385229979047,32
1993,0,5027,5027,0,0,0,0,1.0,1,1.0,1,1.0,1,0.5751068300737257,32
1994,1,5028,5028,0,0,0,0,1.0,1,1.0,1,1.0,1,0.5767001317762948,31
1995,2,5030,5030,0,0,0,0,1.0,1,1.0,1,1.0,1,0.541246986680428,32
1996,2,5032,5032,0,0,0,0,1.0,1,1.0,1,1.0,1,0.5249935183384351,32
1997,0,5032,5032,0,0,0,0,1.0,1,1.0,1,1.0,1,0.5281732740085577,31
1998,1,5033,5033,0,0,0,0,1.0,1,1.0,1,1.0,1,0.5128208892629214,32
1999,2,5035,5035,0,0,0,0,1.0,1,1.0,1,1.0,1,0.5136594551530873,31
2000,1,5036,5036,0,0,0,0,1.0,1,1.0,1,1.0,1,0.5191123098277219,30
2001,1,5037,5037,0,0,0,0,1.0,1,1.0,1,1.0,1,0.5632211529678903,29
2002,1,5038,5038,0,0,0,0,1.0,1,1.0,1,1.0,1,0.5496608332126688,31
2003,3,5041,5041,0,0,0,0,1.0,1,1.0,1,1.0,1,0.5825200540286871,33
2004,5,5046,5046,0,0,0,0,1.0,1,1.0,1,1.0,1,0.5912361056943493,34
2005,3,5049,5049,0,0,0,0,1.0,1,1.0,1,1.0,1,0.562002342704724,35
2006,3,5052,5052,0,0,0,0,1.0,1,1.0,1,1.0,1,0.5827632223061057,36
2007,7,5059,5059,0,0,0,0,1.0,1,1.0,1,1.0,1,0.5331102525075108,36
2008,6,5065,5065,0,0,0,0,1.0,1,1.0,1,1.0,1,0.6154814331457118,36
2009,2,5067,5067,0,0,0,0,1.0,1,1.0,1,1.0,1,0.5733452907470465,37
2010,1,5068,5068,0,0,0,0,1.0,1,1.0,1,1.0,1,0.5814789135586526,37
2011,2,5070,5070,0,0,0,0,1.0,1,1.0,1,1.0,1,0.5856401238048362,37
2012,2,5072,5072,0,0,0,0,1.0,1,1.0,1,1.0,1,0.6150655309446155,37
2013,3,5075,5075,0,0,0,0,1.0,1,1.0,1,1.0,1,0.6083597030332816,39
2014,1,5076,5076,0,0,0,0,1.0,1,1.0,1,1.0,1,0.6225370951677468,39
2015,3,5079,5079,0,0,0,0,1.0,1,1.0,1,1.0,1,0.6589339624375241,39
2016,2,5081,5081,0,0,0,0,1.0,1,1.0,1,1.0,1,0.5965552349664492,41
2017,4,5085,5085,0,0,0,0,1.0,1,1.0,1,1.0,1,0.6214065060595179,41
2018,2,5087,5087,0,0,0,0,1.0,1,1.0,1,1.0,1,0.6136559642504562,42
2019,5,5092,5092,0,0,0,0,1.0,1,1.0,1,1.0,1,0.5669443665225534,43
2020,4,5096,5096,0,0,0,0,1.0,1,1.0,1,1.0,1,0.543772108720869,43
2021,2,5098,5098,0,0,0,0,1.0,1,1.0,1,1.0,1,0.5315196758287392,43
2022,6,5104,5104,0,0,0,0,1.0,1,1.0,1,1.0,1,0.5287574662343982,44
2023,1,5105,5105,0,0,0,0,1.0,1,1.0,1,1.0,1,0.5566235864913791,42
2024,4,5109,5109,0,0,0,0,1.0,1,1.0,1,1.0,1,0.573540502222147,41
2025,1,5110,5110,0,0,0,0,1.0,1,1.0,1,1.0,1,0.5875989369132716,39
2026,4,5114,5114,0,0,0,0,1.0,1,1.0,1,1.0,1,0.5761568199249095,39
2027,0,5114,5114,0,0,0,0,1.0,1,1.0,1,1.0,1,0.6019683739221305,38
2028,7,5121,5121,0,0,0,0,1.0,1,1.0,1,1.0,1,0.5804427133301533,37
2029,1,5122,5122,0,0,0,0,1.0,1,1.0,1,1.0,1,0.6055249496655513,35
2030,5,5127,5127,0,0,0,0,1.0,1,1.0,1,1.0,1,0.5887927319648912,32
2031,6,5133,5133,0,0,0,0,1.0,1,1.0,1,1.0,1,0.5915357339113052,34
2032,3,5136,5136,0,0,0,0,1.0,1,1.0,1,1.0,1,0.6110093055114347,35
2033,6,5142,5142,0,0,0,0,1.0,1,1.0,1,1.0,1,0.5943413556366444,35
2034,8,5150,5150,0,0,0,0,1.0,1,1.0,1,1.0,1,0.6053336439675128,35
2035,4,5154,5154,0,0,0,0,1.0,1,1.0,1,1.0,1,0.613001481391928,36
2036,1,5155,5155,0,0,0,0,1.0,1,1.0,1,1.0,1,0.6147425816523002,35
2037,3,5158,5158,0,0,0,0,1.0,1,1.0,1,1.0,1,0.5392764517002336,36
2038,2,5160,5160,0,0,0,0,1.0,1,1.0,1,1.0,1,0.5364355197004435,38
2039,1,5161,5161,0,0,0,0,1.0,1,1.0,1,1.0,1,0.5642655997108706,38
2040,0,5161,5161,0,0,0,0,1.0,1,1.0,1,1.0,1,0.553969201805776,37
2041,2,5163,5163,0,0,0,0,1.0,1,1.0,1,1.0,1,0.519538367315416,38
2042,0,5163,5163,0,0,0,0,1.0,1,1.0,1,1.0,1,0.519538367315416,38
2043,2,5165,5165,0,0,0,0,1.0,1,1.0,1,1.0,1,0.5058089813009079,38
2044,0,5165,5165,0,0,0,0,1.0,1,1.0,1,1.0,1,0.503825697621042,39
2045,3,5168,5168,0,0,0,0,1.0,1,1.0,1,1.0,1,0.5053567833246474,40
2046,3,5171,5171,0,0,0,0,1.0,1,1.0,1,1.0,1,0.47967623303029905,41
2047,1,5172,5172,0,0,0,0,1.0,1,1.0,1,1.0,1,0.47305147448176416,41
2048,3,5175,5175,0,0,0,0,1.0,1,1.0,1,1.0,1,0.4666306739306088,43
2049,1,5176,5176,0,0,0,0,1.0,1,1.0,1,1.0,1,0.4571553225226058,43
2050,3,5179,5179,0,0,0,0,1.0,1,1.0,1,1.0,1,0.4561222052320673,43
2051,2,5181,5181,0,0,0,0,1.0,1,1.0,1,1.0,1,0.4929849576171047,43
2052,0,5181,5181,0,0,0,0,1.0,1,1.0,1,1.0,1,0.4980875670963969,44
2053,5,5186,5186,0,0,0,0,1.0,1,1.0,1,1.0,1,0.5012692813727591,43
2054,1,5187,5187,0,0,0,0,1.0,1,1.0,1,1.0,1,0.48993923116983895,44
2055,3,5190,5190,0,0,0,0,1.0,1,1.0,1,1.0,1,0.5514151525144737,43
2056,2,5192,5192,0,0,0,0,1.0,1,1.0,1,1.0,1,0.5431995790464168,44
2057,0,5192,5192,0,0,0,0,1.0,1,1.0,1,1.0,1,0.532726982005677,44
2058,3,5195,5195,0,0,0,0,1.0,1,1.0,1,1.0,1,0.4813847415830149,44
2059,6,5201,5201,0,0,0,0,1.0,1,1.0,1,1.0,1,0.4784961394697203,45
2060,3,5204,5204,0,0,0,0,1.0,1,1.0,1,1.0,1,0.4499845847141293,46
2061,2,5206,5206,0,0,0,0,1.0,1,1.0,1,1.0,1,0.43906133158325306,48
2062,3,5209,5209,0,0,0,0,1.0,1,1.0,1,1.0,1,0.4688314276659979,48
2063,4,5213,5213,0,0,0,0,1.0,1,1.0,1,1.0,1,0.47081258507846313,45
2064,2,5215,5215,0,0,0,0,1.0,1,1.0,1,1.0,1,0.49092887423729925,44
2065,2,5217,5217,0,0,0,0,1.0,1,1.0,1,1.0,1,0.5077394196925286,42
2066,1,5218,5218,0,0,0,0,1.0,1,1.0,1,1.0,1,0.5228201691734434,42
2067,3,5221,5221,0,0,0,0,1.0,1,1.0,1,1.0,1,0.5659788634734615,38
2068,1,5222,5222,0,0,0,0,1.0,1,1.0,1,1.0,1,0.5962701801054436,37
2069,1,5223,5223,0,0,0,0,1.0,1,1.0,1,1.0,1,0.6009459613778976,35
2070,0,5223,5223,0,0,0,0,1.0,1,1.0,1,1.0,1,0.6017570153366361,35
2071,2,5225,5225,0,0,0,0,1.0,1,1.0,1,1.0,1,0.5987856016747269,34
2072,1,5226,5226,0,0,0,0,1.0,1,1.0,1,1.0,1,0.6287730492673693,35
2073,2,5228,5228,0,0,0,0,1.0,1,1.0,1,1.0,1,0.6167440064667584,37
2074,1,5229,5229,0,0,0,0,1.0,1,1.0,1,1.0,1,0.6159090156121259,36
2075,3,5232,5232,0,0,0,0,1.0,1,1.0,1,1.0,1,0.5814272259070945,38
2076,1,5233,5233,0,0,0,0,1.0,1,1.0,1,1.0,1,0.5893318441555874,37
2077,5,5238,5238,0,0,0,0,1.0,1,1.0,1,1.0,1,0.6093513067987768,37
2078,3,5241,5241,0,0,0,0,1.0,1,1.0,1,1.0,1,0.6122903416321374,37
2079,4,5245,5245,0,0,0,0,1.0,1,1.0,1,1.0,1,0.6189014658269881,37
2080,6,5251,5251,0,0,0,0,1.0,1,1.0,1,1.0,1,0.560550145941696,36
2081,4,5255,5255,0,0,0,0,1.0,1,1.0,1,1.0,1,0.5923541316166611,37
2082,6,5261,5261,0,0,0,0,1.0,1,1.0,1,1.0,1,0.5377231109424594,38
2083,1,5262,5262,0,0,0,0,1.0,1,1.0,1,1.0,1,0.5541092151261342,39
2084,6,5268,5268,0,0,0,0,1.0,1,1.0,1,1.0,1,0.5121332147552107,41
2085,4,5272,5272,0,0,0,0,1.0,1,1.0,1,1.0,1,0.5145541403122789,41
2086,2,5274,5274,0,0,0,0,1.0,1,1.0,1,1.0,1,0.5033696258518265,44
2087,2,5276,5276,0,0,0,0,1.0,1,1.0,1,1.0,1,0.49550000015778395,44
2088,1,5277,5277,0,0,0,0,1.0,1,1.0,1,1.0,1,0.5002924940549001,45
2089,0,5277,5277,0,0,0,0,1.0,1,1.0,1,1.0,1,0.4891799218941449,46
2090,1,5278,5278,0,0,0,0,1.0,1,1.0,1,1.0,1,0.503124643552282,47
2091,0,5278,5278,0,0,0,0,1.0,1,1.0,1,1.0,1,0.4953941913697068,48
2092,1,5279,5279,0,0,0,0,1.0,1,1.0,1,1.0,1,0.4770071247361012,48
2093,3,5282,5282,0,0,0,0,1.0,1,1.0,1,1.0,1,0.5012795441745675,48
2094,4,5286,5286,0,0,0,0,1.0,1,1.0,1,1.0,1,0.4511493793119467,47
2095,1,5287,5287,0,0,0,0,1.0,1,1.0,1,1.0,1,0.4501866178365242,49
2096,3,5290,5290,0,0,0,0,1.0,1,1.0,1,1.0,1,0.4670798294445506,50
2097,2,5292,5292,0,0,0,0,1.0,1,1.0,1,1.0,1,0.4696514652870288,50
2098,2,5294,5294,0,0,0,0,1.0,1,1.0,1,1.0,1,0.494432056809956,51
2099,4,5298,5298,0,0,0,0,1.0,1,1.0,1,1.0,1,0.4954013957653886,50
2100,3,5301,5301,0,0,0,0,1.0,1,1.0,1,1.0,1,0.5229731151337008,49
2101,1,5302,5302,0,0,0,0,1.0,1,1.0,1,1.0,1,0.5282785546990596,48
2102,5,5307,5307,0,0,0,0,1.0,1,1.0,1,1.0,1,0.5483968569801818,49
2103,4,5311,5311,0,0,0,0,1.0,1,1.0,1,1.0,1,0.5576656938199617,44
2104,6,5317,5317,0,0,0,0,1.0,1,1.0,1,1.0,1,0.5851463366863019,42
2105,4,5321,5321,0,0,0,0,1.0,1,1.0,1,1.0,1,0.5882123067526928,40
2106,6,5327,5327,0,0,0,0,1.0,1,1.0,1,1.0,1,0.6404520951617076,39
2107,1,5328,5328,0,0,0,0,1.0,1,1.0,1,1.0,1,0.6182090650837475,37
2108,4,5332,5332,0,0,0,0,1.0,1,1.0,1,1.0,1,0.61646458994977,37
2109,0,5332,5332,0,0,0,0,1.0,1,1.0,1,1.0,1,0.608341429303901,36
2110,0,5332,5332,0,0,0,0,1.0,1,1.0,1,1.0,1,0.5882111138321728,35
2111,1,5333,5333,0,0,0,0,1.0,1,1.0,1,1.0,1,0.5732322394003474,35
2112,2,5335,5335,0,0,0,0,1.0,1,1.0,1,1.0,1,0.6164436494490904,35
2113,0,5335,5335,0,0,0,0,1.0,1,1.0,1,1.0,1,0.6160537669720265,35
2114,2,5337,5337,0,0,0,0,1.0,1,1.0,1,1.0,1,0.6217427617007428,36
2115,1,5338,5338,0,0,0,0,1.0,1,1.0,1,1.0,1,0.5948865870757539,37
2116,3,5341,5341,0,0,0,0,1.0,1,1.0,1,1.0,1,0.5617086755479641,39
2117,3,5344,5344,0,0,0,0,1.0,1,1.0,1,1.0,1,0.5171805956209532,39
2118,3,5347,5347,0,0,0,0,1.0,1,1.0,1,1.0,1,0.5102496211741833,41
2119,0,5347,5347,0,0,0,0,1.0,1,1.0,1,1.0,1,0.5187549974987664,42
2120,2,5349,5349,0,0,0,0,1.0,1,1.0,1,1.0,1,0.5116137897384552,42
2121,0,5349,5349,0,0,0,0,1.0,1,1.0,1,1.0,1,0.5116137897384552,42
2122,1,5350,5350,0,0,0,0,1.0,1,1.0,1,1.0,1,0.5172313879637497,43
2123,2,5352,5352,0,0,0,0,1.0,1,1.0,1,1.0,1,0.5221062811525699,42
2124,1,5353,5353,0,0,0,0,1.0,1,1.0,1,1.0,1,0.5159337953304782,42
2125,1,5354,5354,0,0,0,0,1.0,1,1.0,1,1.0,1,0.5130442813617055,41
2126,0,5354,5354,0,0,0,0,1.0,1,1.0,1,1.0,1,0.5130442813617055,41
2127,2,5356,5356,0,0,0,0,1.0,1,1.0,1,1.0,1,0.5243635471093205,41
2128,2,5358,5358,0,0,0,0,1.0,1,1.0,1,1.0,1,0.5064765222284108,42
2129,1,5359,5359,0,0,0,0,1.0,1,1.0,1,1.0,1,0.5304092628638535,43
2130,3,5362,5362,0,0,0,0,1.0,1,1.0,1,1.0,1,0.5056982110685682,45
2131,2,5364,5364,0,0,0,0,1.0,1,1.0,1,1.0,1,0.5443274491228401,44
2132,7,5371,5371,0,0,0,0,1.0,1,1.0,1,1.0,1,0.5712561956328971,44
2133,4,5375,5375,0,0,0,0,1.0,1,1.0,1,1.0,1,0.5905163494107727,45
2134,7,5382,5382,0,0,0,0,1.0,1,1.0,1,1.0,1,0.5068165745085894,45
2135,8,5390,5390,0,0,0,0,1.0,1,1.0,1,1.0,1,0.5366569546067662,46
2136,2,5392,5392,0,0,0,0,1.0,1,1.0,1,1.0,1,0.524992218168216,47
2137,2,5394,5394,0,0,0,0,1.0,1,1.0,1,1.0,1,0.536746042050455,47
2138,1,5395,5395,0,0,0,0,1.0,1,1.0,1,1.0,1,0.5400410741126894,45
2139,4,5399,5399,0,0,0,0,1.0,1,1.0,1,1.0,1,0.5691143148760991,45
2140,2,5401,5401,0,0,0,0,1.0,1,1.0,1,1.0,1,0.6054411634473327,44
2141,1,5402,5402,0,0,0,0,1.0,1,1.0,1,1.0,1,0.606129762026242,45
2142,6,5408,5408,0,0,0,0,1.0,1,1.0,1,1.0,1,0.5705016688891217,46
2143,4,5412,5412,0,0,0,0,1.0,1,1.0,1,1.0,1,0.5373545442052245,46
2144,5,5417,5417,0,0,0,0,1.0,1,1.0,1,1.0,1,0.5370058214672891,48
2145,4,5421,5421,0,0,0,0,1.0,1,1.0,1,1.0,1,0.5787219081313001,46
2146,4,5425,5425,0,0,0,0,1.0,1,1.0,1,1.0,1,0.5495400966366706,45
2147,7,5432,5432,0,0,0,0,1.0,1,1.0,1,1.0,1,0.5570656124787203,44
2148,4,5436,5436,0,0,0,0,1.0,1,1.0,1,1.0,1,0.4763660914362733,44
2149,5,5441,5441,0,0,0,0,1.0,1,1.0,1,1.0,1,0.4782404727386346,42
2150,5,5446,5446,0,0,0,0,1.0,1,1.0,1,1.0,1,0.4833076750307999,40
2151,3,5449,5449,0,0,0,0,1.0,1,1.0,1,1.0,1,0.5003070059090187,39
2152,4,5453,5453,0,0,0,0,1.0,1,1.0,1,1.0,1,0.523921771876053,40
2153,1,5454,5454,0,0,0,0,1.0,1,1.0,1,1.0,1,0.5359738214780235,42
2154,3,5457,5457,0,0,0,0,1.0,1,1.0,1,1.0,1,0.5603486448790596,42
2155,2,5459,5459,0,0,0,0,1.0,1,1.0,1,1.0,1,0.5246873812164324,41
2156,0,5459,5459,0,0,0,0,1.0,1,1.0,1,1.0,1,0.5410937378026018,40
2157,3,5462,5462,0,0,0,0,1.0,1,1.0,1,1.0,1,0.535651888131939,40
2158,2,5464,5464,0,0,0,0,1.0,1,1.0,1,1.0,1,0.595315254393417,38
2159,3,5467,5467,0,0,0,0,1.0,1,1.0,1,1.0,1,0.5878654275763355,38
2160,2,5469,5469,0,0,0,0,1.0,1,1.0,1,1.0,1,0.6298908150053448,38
2161,5,5474,5474,0,0,0,0,1.0,1,1.0,1,1.0,1,0.6463107362827774,38
2162,6,5480,5480,0,0,0,0,1.0,1,1.0,1,1.0,1,0.6173762433394784,38
2163,5,5485,5485,0,0,0,0,1.0,1,1.0,1,1.0,1,0.5963230796508131,40
2164,5,5490,5490,0,0,0,0,1.0,1,1.0,1,1.0,1,0.5960248053037428,41
2165,2,5492,5492,0,0,0,0,1.0,1,1.0,1,1.0,1,0.6039958749450436,42
2166,6,5498,5498,0,0,0,0,1.0,1,1.0,1,1.0,1,0.5714129562340977,42
2167,1,5499,5499,0,0,0,0,1.0,1,1.0,1,1.0,1,0.5730844912970932,43
2168,0,5499,5499,0,0,0,0,1.0,1,1.0,1,1.0,1,0.5756123998057358,43
2169,0,5499,5499,0,0,0,0,1.0,1,1.0,1,1.0,1,0.5795507836824512,45
2170,1,5500,5500,0,0,0,0,1.0,1,1.0,1,1.0,1,0.5888918565001411,46
2171,0,5500,5500,0,0,0,0,1.0,1,1.0,1,1.0,1,0.5707877287408839,48
2172,2,5502,5502,0,0,0,0,1.0,1,1.0,1,1.0,1,0.5629265094960129,49
2173,3,5505,5505,0,0,0,0,1.0,1,1.0,1,1.0,1,0.5589600378876847,49
2174,5,5510,5510,0,0,0,0,1.0,1,1.0,1,1.0,1,0.5574314332154984,49
2175,2,5512,5512,0,0,0,0,1.0,1,1.0,1,1.0,1,0.5548760687989579,49
2176,2,5514,5514,0,0,0,0,1.0,1,1.0,1,1.0,1,0.5642841417151196,51
2177,6,5520,5520,0,0,0,0,1.0,1,1.0,1,1.0,1,0.5330779392268677,51
2178,2,5522,5522,0,0,0,0,1.0,1,1.0,1,1.0,1,0.5206751884999945,50
2179,5,5527,5527,0,0,0,0,1.0,1,1.0,1,1.0,1,0.48166395727012673,49
2180,3,5530,5530,0,0,0,0,1.0,1,1.0,1,1.0,1,0.47973979940961525,47
2181,4,5534,5534,0,0,0,0,1.0,1,1.0,1,1.0,1,0.45393522097033107,47
2182,8,5542,5542,0,0,0,0,1.0,1,1.0,1,1.0,1,0.47387108966456776,45
2183,2,5544,5544,0,0,0,0,1.0,1,1.0,1,1.0,1,0.4764969939623515,44
2184,7,5551,5551,0,0,0,0,1.0,1,1.0,1,1.0,1,0.47024595520121515,43
2185,1,5552,5552,0,0,0,0,1.0,1,1.0,1,1.0,1,0.47667179635665313,40
2186,3,5555,5555,0,0,0,0,1.0,1,1.0,1,1.0,1,0.5340703749463952,38
2187,5,5560,5560,0,0,0,0,1.0,1,1.0,1,1.0,1,0.5163249285031626,35
2188,1,5561,5561,0,0,0,0,1.0,1,1.0,1,1.0,1,0.548324263904943,34
2189,3,5564,5564,0,0,0,0,1.0,1,1.0,1,1.0,1,0.50663378690417,31
2190,2,5566,5566,0,0,0,0,1.0,1,1.0,1,1.0,1,0.5350835346311842,29
2191,5,5571,5571,0,0,0,0,1.0,1,1.0,1,1.0,1,0.5926805021330642,28
2192,2,5573,5573,0,0,0,0,1.0,1,1.0,1,1.0,1,0.6133577620701559,29
2193,3,5576,5576,0,0,0,0,1.0,1,1.0,1,1.0,1,0.6392959427972905,28
2194,1,5577,5577,0,0,0,0,1.0,1,1.0,1,1.0,1,0.6516075800862543,27
2195,3,5580,5580,0,0,0,0,1.0,1,1.0,1,1.0,1,0.6521665946670161,27
2196,0,5580,5580,0,0,0,0,1.0,1,1.0,1,1.0,1,0.6851459661526448,27
2197,2,5582,5582,0,0,0,0,1.0,1,1.0,1,1.0,1,0.6830807194820853,27
2198,1,5583,5583,0,0,0,0,1.0,1,1.0,1,1.0,1,0.6327439986217029,28
2199,2,5585,5585,0,0,0,0,1.0,1,1.0,1,1.0,1,0.6170503553403958,29
2200,0,5585,5585,0,0,0,0,1.0,1,1.0,1,1.0,1,0.6166061544987931,31
2201,2,5587,5587,0,0,0,0,1.0,1,1.0,1,1.0,1,0.5957368916981852,32
2202,1,5588,5588,0,0,0,0,1.0,1,1.0,1,1.0,1,0.6170933569328364,31
2203,2,5590,5590,0,0,0,0,1.0,1,1.0,1,1.0,1,0.6010224564671008,32
2204,4,5594,5594,0,0,0,0,1.0,1,1.0,1,1.0,1,0.642285646803095,32
2205,2,5596,5596,0,0,0,0,1.0,1,1.0,1,1.0,1,0.6553835220196446,33
2206,4,5600,5600,0,0,0,0,1.0,1,1.0,1,1.0,1,0.6538111634068497,32
2207,2,5602,5602,0,0,0,0,1.0,1,1.0,1,1.0,1,0.6194985161800285,33
2208,5,5607,5607,0,0,0,0,1.0,1,1.0,1,1.0,1,0.5659022931962558,35
2209,3,5610,5610,0,0,0,0,1.0,1,1.0,1,1.0,1,0.5687458518779215,36
2210,5,5615,5615,0,0,0,0,1.0,1,1.0,1,1.0,1,0.576258051894792,35
2211,4,5619,5619,0,0,0,0,1.0,1,1.0,1,1.0,1,0.5906877357615112,36
2212,5,5624,5624,0,0,0,0,1.0,1,1.0,1,1.0,1,0.5925016290067666,37
2213,2,5626,5626,0,0,0,0,1.0,1,1.0,1,1.0,1,0.6122003041956313,37
2214,5,5631,5631,0,0,0,0,1.0,1,1.0,1,1.0,1,0.5971634903348646,39
2215,2,5633,5633,0,0,0,0,1.0,1,1.0,1,1.0,1,0.5682015465847771,36
2216,1,5634,5634,0,0,0,0,1.0,1,1.0,1,1.0,1,0.536718734888889,37
2217,2,5636,5636,0,0,0,0,1.0,1,1.0,1,1.0,1,0.5293639655649375,35
2218,1,5637,5637,0,0,0,0,1.0,1,1.0,1,1.0,1,0.516312092369242,35
2219,2,5639,5639,0,0,0,0,1.0,1,1.0,1,1.0,1,0.47586975068150195,33
2220,3,5642,5642,0,0,0,0,1.0,1,1.0,1,1.0,1,0.48015307487177616,31
2221,4,5646,5646,0,0,0,0,1.0,1,1.0,1,1.0,1,0.4806143860847626,31
2222,2,5648,5648,0,0,0,0,1.0,1,1.0,1,1.0,1,0.5252687966651648,30
2223,4,5652,5652,0,0,0,0,1.0,1,1.0,1,1.0,1,0.596564940207606,28
2224,0,5652,5652,0,0,0,0,1.0,1,1.0,1,1.0,1,0.5869518360572599,29
2225,2,5654,5654,0,0,0,0,1.0,1,1.0,1,1.0,1,0.6524471575508869,28
2226,3,5657,5657,0,0,0,0,1.0,1,1.0,1,1.0,1,0.5691398159615824,30
2227,1,5658,5658,0,0,0,0,1.0,1,1.0,1,1.0,1,0.5605736271369133,28
2228,1,5659,5659,0,0,0,0,1.0,1,1.0,1,1.0,1,0.5416548812337911,29
2229,3,5662,5662,0,0,0,0,1.0,1,1.0,1,1.0,1,0.5370396096356236,28
2230,0,5662,5662,0,0,0,0,1.0,1,1.0,1,1.0,1,0.5355266544293991,28
2231,4,5666,5666,0,0,0,0,1.0,1,1.0,1,1.0,1,0.5105726463157384,27
2232,1,5667,5667,0,0,0,0,1.0,1,1.0,1,1.0,1,0.5275024681410584,27
2233,5,5672,5672,0,0,0,0,1.0,1,1.0,1,1.0,1,0.5300166725942509,28
2234,4,5676,5676,0,0,0,0,1.0,1,1.0,1,1.0,1,0.5349228719456716,26
2235,9,5685,5685,0,0,0,0,1.0,1,1.0,1,1.0,1,0.6002175984826074,26
2236,4,5689,5689,0,0,0,0,1.0,1,1.0,1,1.0,1,0.5624497353635749,26
2237,6,5695,5695,0,0,0,0,1.0,1,1.0,1,1.0,1,0.4664166290749048,26
2238,4,5699,5699,0,0,0,0,1.0,1,1.0,1,1.0,1,0.5132267247410226,27
2239,3,5702,5702,0,0,0,0,1.0,1,1.0,1,1.0,1,0.49192004495001823,28
2240,1,5703,5703,0,0,0,0,1.0,1,1.0,1,1.0,1,0.5250990208463876,30
2241,3,5706,5706,0,0,0,0,1.0,1,1.0,1,1.0,1,0.5467328464336775,29
2242,3,5709,5709,0,0,0,0,1.0,1,1.0,1,1.0,1,0.5275311068478883,29
2243,3,5712,5712,0,0,0,0,1.0,1,1.0,1,1.0,1,0.5445686943667273,29
2244,2,5714,5714,0,0,0,0,1.0,1,1.0,1,1.0,1,0.5560316578252043,29
2245,2,5716,5716,0,0,0,0,1.0,1,1.0,1,1.0,1,0.5870580659439804,30
2246,0,5716,5716,0,0,0,0,1.0,1,1.0,1,1.0,1,0.5592175807378698,33
2247,2,5718,5718,0,0,0,0,1.0,1,1.0,1,1.0,1,0.5725718898212948,34
2248,1,5719,5719,0,0,0,0,1.0,1,1.0,1,1.0,1,0.586853011898918,34
2249,0,5719,5719,0,0,0,0,1.0,1,1.0,1,1.0,1,0.5606305073621108,35
2250,0,5719,5719,0,0,0,0,1.0,1,1.0,1,1.0,1,0.5606305073621108,35
2251,2,5721,5721,0,0,0,0,1.0,1,1.0,1,1.0,1,0.5614186032687417,36
2252,0,5721,5721,0,0,0,0,1.0,1,1.0,1,1.0,1,0.573495407736084,37
2253,3,5724,5724,0,0,0,0,1.0,1,1.0,1,1.0,1,0.5679284104290528,35
2254,3,5727,5727,0,0,0,0,1.0,1,1.0,1,1.0,1,0.6046343694406576,33
2255,2,5729,5729,0,0,0,0,1.0,1,1.0,1,1.0,1,0.6015538318167081,35
2256,1,5730,5730,0,0,0,0,1.0,1,1.0,1,1.0,1,0.5792549365730827,34
2257,0,5730,5730,0,0,0,0,1.0,1,1.0,1,1.0,1,0.5457939588890279,36
2258,2,5732,5732,0,0,0,0,1.0,1,1.0,1,1.0,1,0.517211701496299,35
2259,3,5735,5735,0,0,0,0,1.0,1,1.0,1,1.0,1,0.5383253776919942,35
2260,1,5736,5736,0,0,0,0,1.0,1,1.0,1,1.0,1,0.5285600982087368,33
2261,1,5737,5737,0,0,0,0,1.0,1,1.0,1,1.0,1,0.5393044607495845,33
2262,2,5739,5739,0,0,0,0,1.0,1,1.0,1,1.0,1,0.5915153304700655,32
2263,6,5745,5745,0,0,0,0,1.0,1,1.0,1,1.0,1,0.5630174127271311,31
2264,2,5747,5747,0,0,0,0,1.0,1,1.0,1,1.0,1,0.6270344278678891,30
2265,7,5754,5754,0,0,0,0,1.0,1,1.0,1,1.0,1,0.6145970519236983,29
2266,5,5759,5759,0,0,0,0,1.0,1,1.0,1,1.0,1,0.5856513019814039,30
2267,6,5765,5765,0,0,0,0,1.0,1,1.0,1,1.0,1,0.5824927353602974,29
2268,5,5770,5770,0,0,0,0,1.0,1,1.0,1,1.0,1,0.528367090628546,30
2269,5,5775,5775,0,0,0,0,1.0,1,1.0,1,1.0,1,0.5276985392634524,31
2270,1,5776,5776,0,0,0,0,1.0,1,1.0,1,1.0,1,0.556659903095694,31
2271,5,5781,5781,0,0,0,0,1.0,1,1.0,1,1.0,1,0.5635878986358406,31
2272,4,5785,5785,0,0,0,0,1.0,1,1.0,1,1.0,1,0.539193136364803,31
2273,5,5790,5790,0,0,0,0,1.0,1,1.0,1,1.0,1,0.538136680670476,30
2274,1,5791,5791,0,0,0,0,1.0,1,1.0,1,1.0,1,0.5018375430644,31
2275,5,5796,5796,0,0,0,0,1.0,1,1.0,1,1.0,1,0.5654649402666216,32
2276,0,5796,5796,0,0,0,0,1.0,1,1.0,1,1.0,1,0.5788429732032836,31
2277,1,5797,5797,0,0,0,0,1.0,1,1.0,1,1.0,1,0.5679473784009583,31
2278,2,5799,5799,0,0,0,0,1.0,1,1.0,1,1.0,1,0.535249397720033,32
2279,0,5799,5799,0,0,0,0,1.0,1,1.0,1,1.0,1,0.5467226336335634,32
2280,1,5800,5800,0,0,0,0,1.0,1,1.0,1,1.0,1,0.524688792722814,33
2281,1,5801,5801,0,0,0,0,1.0,1,1.0,1,1.0,1,0.5571335751943117,34
2282,4,5805,5805,0,0,0,0,1.0,1,1.0,1,1.0,1,0.5733787933851435,34
2283,2,5807,5807,0,0,0,0,1.0,1,1.0,1,1.0,1,0.5878322137837255,34
2284,1,5808,5808,0,0,0,0,1.0,1,1.0,1,1.0,1,0.6063870104823078,34
2285,2,5810,5810,0,0,0,0,1.0,1,1.0,1,1.0,1,0.6233444346767457,35
2286,2,5812,5812,0,0,0,0,1.0,1,1.0,1,1.0,1,0.6200054860831115,34
2287,1,5813,5813,0,0,0,0,1.0,1,1.0,1,1.0,1,0.6157758161201491,35
2288,0,5813,5813,0,0,0,0,1.0,1,1.0,1,1.0,1,0.6364147273705227,35
2289,0,5813,5813,0,0,0,0,1.0,1,1.0,1,1.0,1,0.6190807958547915,37
2290,1,5814,5814,0,0,0,0,1.0,1,1.0,1,1.0,1,0.6186210548172947,37
2291,2,5816,5816,0,0,0,0,1.0,1,1.0,1,1.0,1,0.5837387921847788,35
2292,0,5816,5816,0,0,0,0,1.0,1,1.0,1,1.0,1,0.5867955985724915,35
2293,0,5816,5816,0,0,0,0,1.0,1,1.0,1,1.0,1,0.5748313308462021,34
2294,1,5817,5817,0,0,0,0,1.0,1,1.0,1,1.0,1,0.5796471420458875,33
2295,0,5817,5817,0,0,0,0,1.0,1,1.0,1,1.0,1,0.5604652204355353,34
2296,2,5819,5819,0,0,0,0,1.0,1,1.0,1,1.0,1,0.5247083910655929,33
2297,2,5821,5821,0,0,0,0,1.0,1,1.0,1,1.0,1,0.548408750271946,32
2298,5,5826,5826,0,0,0,0,1.0,1,1.0,1,1.0,1,0.4734819980972493,32
2299,4,5830,5830,0,0,0,0,1.0,1,1.0,1,1.0,1,0.501844944716436,33
2300,7,5837,5837,0,0,0,0,1.0,1,1.0,1,1.0,1,0.5579906457296984,33
2301,9,5846,5846,0,0,0,0,1.0,1,1.0,1,1.0,1,0.6362873751477982,33
2302,2,5848,5848,0,0,0,0,1.0,1,1.0,1,1.0,1,0.5975706797952475,34
2303,3,5851,5851,0,0,0,0,1.0,1,1.0,1,1.0,1,0.6201989786245112,34
2304,2,5853,5853,0,0,0,0,1.0,1,1.0,1,1.0,1,0.5684634112329479,33
2305,3,5856,5856,0,0,0,0,1.0,1,1.0,1,1.0,1,0.5621232289961788,33
2306,2,5858,5858,0,0,0,0,1.0,1,1.0,1,1.0,1,0.5485633680994023,33
2307,2,5860,5860,0,0,0,0,1.0,1,1.0,1,1.0,1,0.5567584082799528,35
2308,1,5861,5861,0,0,0,0,1.0,1,1.0,1,1.0,1,0.5906724622702242,34
2309,3,5864,5864,0,0,0,0,1.0,1,1.0,1,1.0,1,0.5739742481291172,34
2310,2,5866,5866,0,0,0,0,1.0,1,1.0,1,1.0,1,0.5523037694038392,34
2311,0,5866,5866,0,0,0,0,1.0,1,1.0,1,1.0,1,0.53525744492041,35
2312,3,5869,5869,0,0,0,0,1.0,1,1.0,1,1.0,1,0.560295167734057,34
2313,4,5873,5873,0,0,0,0,1.0,1,1.0,1,1.0,1,0.5117462909672124,35
2314,0,5873,5873,0,0,0,0,1.0,1,1.0,1,1.0,1,0.5302356318461304,35
2315,4,5877,5877,0,0,0,0,1.0,1,1.0,1,1.0,1,0.5555374073854723,34
2316,2,5879,5879,0,0,0,0,1.0,1,1.0,1,1.0,1,0.5597540764743163,35
2317,2,5881,5881,0,0,0,0,1.0,1,1.0,1,1.0,1,0.5773178028359538,32
2318,2,5883,5883,0,0,0,0,1.0,1,1.0,1,1.0,1,0.5902710795290811,32
2319,1,5884,5884,0,0,0,0,1.0,1,1.0,1,1.0,1,0.6092351015440551,32
2320,1,5885,5885,0,0,0,0,1.0,1,1.0,1,1.0,1,0.6191994678051123,32
2321,0,5885,5885,0,0,0,0,1.0,1,1.0,1,1.0,1,0.6205996130029567,33
2322,1,5886,5886,0,0,0,0,1.0,1,1.0,1,1.0,1,0.6289347540204755,33
2323,0,5886,5886,0,0,0,0,1.0,1,1.0,1,1.0,1,0.6289347540204755,33
2324,1,5887,5887,0,0,0,0,1.0,1,1.0,1,1.0,1,0.6401246748693352,34
2325,0,5887,5887,0,0,0,0,1.0,1,1.0,1,1.0,1,0.6243237137027468,35
2326,3,5890,5890,0,0,0,0,1.0,1,1.0,1,1.0,1,0.6213580276293605,35
2327,0,5890,5890,0,0,0,0,1.0,1,1.0,1,1.0,1,0.6300191635394086,36
2328,1,5891,5891,0,0,0,0,1.0,1,1.0,1,1.0,1,0.6264458305277172,37
2329,0,5891,5891,0,0,0,0,1.0,1,1.0,1,1.0,1,0.6136207294337092,37
2330,0,5891,5891,0,0,0,0,1.0,1,1.0,1,1.0,1,0.5959580948232669,38
2331,0,5891,5891,0,0,0,0,1.0,1,1.0,1,1.0,1,0.5876949058155831,40
2332,0,5891,5891,0,0,0,0,1.0,1,1.0,1,1.0,1,0.5876949058155831,40
2333,0,5891,5891,0,0,0,0,1.0,1,1.0,1,1.0,1,0.5899629263408188,41
2334,0,5891,5891,0,0,0,0,1.0,1,1.0,1,1.0,1,0.5899629263408188,41
2335,3,5894,5894,0,0,0,0,1.0,1,1.0,1,1.0,1,0.5730201956135692,41
2336,0,5894,5894,0,0,0,0,1.0,1,1.0,1,1.0,1,0.5730201956135692,41
2337,2,5896,5896,0,0,0,0,1.0,1,1.0,1,1.0,1,0.5673102065285738,42
2338,2,5898,5898,0,0,0,0,1.0,1,1.0,1,1.0,1,0.5748060617065675,43
2339,2,5900,5900,0,0,0,0,1.0,1,1.0,1,1.0,1,0.585479585064898,43
2340,2,5902,5902,0,0,0,0,1.0,1,1.0,1,1.0,1,0.5960173990275837,45
2341,4,5906,5906,0,0,0,0,1.0,1,1.0,1,1.0,1,0.5959218878200326,45
2342,4,5910,5910,0,0,0,0,1.0,1,1.0,1,1.0,1,0.6241696528309595,46
2343,2,5912,5912,0,0,0,0,1.0,1,1.0,1,1.0,1,0.6262079219635204,45
2344,2,5914,5914,0,0,0,0,1.0,1,1.0,1,1.0,1,0.6253399828450716,44
2345,4,5918,5918,0,0,0,0,1.0,1,1.0,1,1.0,1,0.6299132124080239,44
2346,1,5919,5919,0,0,0,0,1.0,1,1.0,1,1.0,1,0.6114849679424312,44
2347,2,5921,5921,0,0,0,0,1.0,1,1.0,1,1.0,1,0.624331714654989,44
2348,2,5923,5923,0,0,0,0,1.0,1,1.0,1,1.0,1,0.6335257220402104,45
2349,2,5925,5925,0,0,0,0,1.0,1,1.0,1,1.0,1,0.6430831196305569,46
2350,4,5929,5929,0,0,0,0,1.0,1,1.0,1,1.0,1,0.6535429123526313,47
2351,2,5931,5931,0,0,0,0,1.0,1,1.0,1,1.0,1,0.6456541041965915,47
2352,5,5936,5936,0,0,0,0,1.0,1,1.0,1,1.0,1,0.6188110718614023,47
2353,5,5941,5941,0,0,0,0,1.0,1,1.0,1,1.0,1,0.6470650981424966,46
2354,3,5944,5944,0,0,0,0,1.0,1,1.0,1,1.0,1,0.6236849327475336,47
2355,4,5948,5948,0,0,0,0,1.0,1,1.0,1,1.0,1,0.5826888929822649,47
2356,3,5951,5951,0,0,0,0,1.0,1,1.0,1,1.0,1,0.591221769312191,47
2357,3,5954,5954,0,0,0,0,1.0,1,1.0,1,1.0,1,0.5564002138399037,47
2358,2,5956,5956,0,0,0,0,1.0,1,1.0,1,1.0,1,0.594082077526308,48
2359,2,5958,5958,0,0,0,0,1.0,1,1.0,1,1.0,1,0.6126468235632142,49
2360,2,5960,5960,0,0,0,0,1.0,1,1.0,1,1.0,1,0.6095050170488172,49
2361,2,5962,5962,0,0,0,0,1.0,1,1.0,1,1.0,1,0.5974840338568759,50
2362,4,5966,5966,0,0,0,0,1.0,1,1.0,1,1.0,1,0.627674608698626,51
2363,4,5970,5970,0,0,0,0,1.0,1,1.0,1,1.0,1,0.6254915628093496,51
2364,4,5974,5974,0,0,0,0,1.0,1,1.0,1,1.0,1,0.6168001536707636,52
2365,7,5981,5981,0,0,0,0,1.0,1,1.0,1,1.0,1,0.5546086027353077,53
2366,2,5983,5983,0,0,0,0,1.0,1,1.0,1,1.0,1,0.5529883320540664,54
2367,8,5991,5991,0,0,0,0,1.0,1,1.0,1,1.0,1,0.5480489483596325,52
2368,4,5995,5995,0,0,0,0,1.0,1,1.0,1,1.0,1,0.590218270544533,51
2369,5,6000,6000,0,0,0,0,1.0,1,1.0,1,1.0,1,0.5701804050575954,51
2370,2,6002,6002,0,0,0,0,1.0,1,1.0,1,1.0,1,0.5601201508628009,52
2371,2,6004,6004,0,0,0,0,1.0,1,1.0,1,1.0,1,0.5379656066187107,52
2372,2,6006,6006,0,0,0,0,1.0,1,1.0,1,1.0,1,0.5413527941020881,49
2373,2,6008,6008,0,0,0,0,1.0,1,1.0,1,1.0,1,0.5725956920773629,47
2374,4,6012,6012,0,0,0,0,1.0,1,1.0,1,1.0,1,0.5979300470934023,45
2375,5,6017,6017,0,0,0,0,1.0,1,1.0,1,1.0,1,0.598082866214787,45
2376,4,6021,6021,0,0,0,0,1.0,1,1.0,1,1.0,1,0.6130162802923363,43
2377,4,6025,6025,0,0,0,0,1.0,1,1.0,1,1.0,1,0.6152421924700541,44
2378,5,6030,6030,0,0,0,0,1.0,1,1.0,1,1.0,1,0.6097265681337748,43
2379,4,6034,6034,0,0,0,0,1.0,1,1.0,1,1.0,1,0.574075581393617,43
2380,2,6036,6036,0,0,0,0,1.0,1,1.0,1,1.0,1,0.5519698923295696,43
2381,1,6037,6037,0,0,0,0,1.0,1,1.0,1,1.0,1,0.5575973960627106,44
2382,5,6042,6042,0,0,0,0,1.0,1,1.0,1,1.0,1,0.551888446183047,44
2383,0,6042,6042,0,0,0,0,1.0,1,1.0,1,1.0,1,0.5406696446019273,45
2384,3,6045,6045,0,0,0,0,1.0,1,1.0,1,1.0,1,0.5779185519348572,45
2385,1,6046,6046,0,0,0,0,1.0,1,1.0,1,1.0,1,0.5370075943310613,45
2386,4,6050,6050,0,0,0,0,1.0,1,1.0,1,1.0,1,0.5476862178633639,46
2387,4,6054,6054,0,0,0,0,1.0,1,1.0,1,1.0,1,0.5748074220279343,44
2388,3,6057,6057,0,0,0,0,1.0,1,1.0,1,1.0,1,0.6099304186323634,44
2389,6,6063,6063,0,0,0,0,1.0,1,1.0,1,1.0,1,0.6093528031883854,43
2390,6,6069,6069,0,0,0,0,1.0,1,1.0,1,1.0,1,0.5916486054368907,44
2391,2,6071,6071,0,0,0,0,1.0,1,1.0,1,1.0,1,0.6230567839855983,43
2392,6,6077,6077,0,0,0,0,1.0,1,1.0,1,1.0,1,0.6230414782663514,44
2393,4,6081,6081,0,0,0,0,1.0,1,1.0,1,1.0,1,0.6079227621317645,45
2394,5,6086,6086,0,0,0,0,1.0,1,1.0,1,1.0,1,0.5762051461290757,44
2395,2,6088,6088,0,0,0,0,1.0,1,1.0,1,1.0,1,0.5879976090559567,44
2396,4,6092,6092,0,0,0,0,1.0,1,1.0,1,1.0,1,0.5745993614409878,45
2397,1,6093,6093,0,0,0,0,1.0,1,1.0,1,1.0,1,0.6036943790054247,44
2398,2,6095,6095,0,0,0,0,1.0,1,1.0,1,1.0,1,0.6033991201834711,44
2399,3,6098,6098,0,0,0,0,1.0,1,1.0,1,1.0,1,0.5956313060902536,45
2400,2,6100,6100,0,0,0,0,1.0,1,1.0,1,1.0,1,0.5874753664080968,45
2401,7,6107,6107,0,0,0,0,1.0,1,1.0,1,1.0,1,0.5418804010151398,46
2402,2,6109,6109,0,0,0,0,1.0,1,1.0,1,1.0,1,0.5452991886116302,47
2403,3,6112,6112,0,0,0,0,1.0,1,1.0,1,1.0,1,0.5325433235429182,48
2404,2,6114,6114,0,0,0,0,1.0,1,1.0,1,1.0,1,0.5288108137975684,47
2405,5,6119,6119,0,0,0,0,1.0,1,1.0,1,1.0,1,0.5198605631850967,45
2406,2,6121,6121,0,0,0,0,1.0,1,1.0,1,1.0,1,0.5410603044349318,45
2407,3,6124,6124,0,0,0,0,1.0,1,1.0,1,1.0,1,0.5466966595299035,42
2408,3,6127,6127,0,0,0,0,1.0,1,1.0,1,1.0,1,0.5354002940155059,41
2409,3,6130,6130,0,0,0,0,1.0,1,1.0,1,1.0,1,0.5218745552971262,41
2410,2,6132,6132,0,0,0,0,1.0,1,1.0,1,1.0,1,0.4884509076800489,40
2411,2,6134,6134,0,0,0,0,1.0,1,1.0,1,1.0,1,0.4809277140936034,40
2412,0,6134,6134,0,0,0,0,1.0,1,1.0,1,1.0,1,0.46023535106444197,38
2413,1,6135,6135,0,0,0,0,1.0,1,1.0,1,1.0,1,0.44088577102269727,38
2414,2,6137,6137,0,0,0,0,1.0,1,1.0,1,1.0,1,0.4631136726640267,36
2415,1,6138,6138,0,0,0,0,1.0,1,1.0,1,1.0,1,0.43533564122427076,36
2416,4,6142,6142,0,0,0,0,1.0,1,1.0,1,1.0,1,0.48935562926462406,35
2417,0,6142,6142,0,0,0,0,1.0,1,1.0,1,1.0,1,0.4972537967373582,33
2418,5,6147,6147,0,0,0,0,1.0,1,1.0,1,1.0,1,0.5675907443732416,33
2419,4,6151,6151,0,0,0,0,1.0,1,1.0,1,1.0,1,0.5436747526153624,33
2420,1,6152,6152,0,0,0,0,1.0,1,1.0,1,1.0,1,0.5360607360092725,34
2421,8,6160,6160,0,0,0,0,1.0,1,1.0,1,1.0,1,0.557327009965051,34
2422,4,6164,6164,0,0,0,0,1.0,1,1.0,1,1.0,1,0.5472145428812656,35
2423,4,6168,6168,0,0,0,0,1.0,1,1.0,1,1.0,1,0.5410696053391121,36
2424,3,6171,6171,0,0,0,0,1.0,1,1.0,1,1.0,1,0.5558206892319711,35
2425,2,6173,6173,0,0,0,0,1.0,1,1.0,1,1.0,1,0.5741561953350894,33
2426,4,6177,6177,0,0,0,0,1.0,1,1.0,1,1.0,1,0.5426388139396526,34
2427,3,6180,6180,0,0,0,0,1.0,1,1.0,1,1.0,1,0.5858265200310916,34
2428,2,6182,6182,0,0,0,0,1.0,1,1.0,1,1.0,1,0.5802587727151347,34
2429,1,6183,6183,0,0,0,0,1.0,1,1.0,1,1.0,1,0.6032263077009158,34
2430,3,6186,6186,0,0,0,0,1.0,1,1.0,1,1.0,1,0.6023986419879102,33
2431,1,6187,6187,0,0,0,0,1.0,1,1.0,1,1.0,1,0.6188148454789989,33
2432,2,6189,6189,0,0,0,0,1.0,1,1.0,1,1.0,1,0.6723391478636241,33
2433,4,6193,6193,0,0,0,0,1.0,1,1.0,1,1.0,1,0.6149320825844486,34
2434,3,6196,6196,0,0,0,0,1.0,1,1.0,1,1.0,1,0.6173566336883856,34
2435,6,6202,6202,0,0,0,0,1.0,1,1.0,1,1.0,1,0.5475380051738753,34
2436,0,6202,6202,0,0,0,0,1.0,1,1.0,1,1.0,1,0.5588686958180757,33
2437,3,6205,6205,0,0,0,0,1.0,1,1.0,1,1.0,1,0.5597916652143373,33
2438,0,6205,6205,0,0,0,0,1.0,1,1.0,1,1.0,1,0.5477750277352209,34
2439,3,6208,6208,0,0,0,0,1.0,1,1.0,1,1.0,1,0.5586881425972936,35
2440,2,6210,6210,0,0,0,0,1.0,1,1.0,1,1.0,1,0.5593456256793451,35
2441,0,6210,6210,0,0,0,0,1.0,1,1.0,1,1.0,1,0.5593456256793451,35
2442,1,6211,6211,0,0,0,0,1.0,1,1.0,1,1.0,1,0.5644469094532399,35
2443,3,6214,6214,0,0,0,0,1.0,1,1.0,1,1.0,1,0.5701584350805579,35
2444,2,6216,6216,0,0,0,0,1.0,1,1.0,1,1.0,1,0.5854130352908626,34
2445,3,6219,6219,0,0,0,0,1.0,1,1.0,1,1.0,1,0.6255235846853338,33
2446,0,6219,6219,0,0,0,0,1.0,1,1.0,1,1.0,1,0.6444486827740928,30
2447,1,6220,6220,0,0,0,0,1.0,1,1.0,1,1.0,1,0.6184823748661543,29
2448,5,6225,6225,0,0,0,0,1.0,1,1.0,1,1.0,1,0.6538707973320126,27
2449,4,6229,6229,0,0,0,0,1.0,1,1.0,1,1.0,1,0.7019483872492555,26
2450,4,6233,6233,0,0,0,0,1.0,1,1.0,1,1.0,1,0.5742628863257314,28
2451,5,6238,6238,0,0,0,0,1.0,1,1.0,1,1.0,1,0.5262639744542033,28
2452,5,6243,6243,0,0,0,0,1.0,1,1.0,1,1.0,1,0.5712379825613912,29
2453,6,6249,6249,0,0,0,0,1.0,1,1.0,1,1.0,1,0.600998227899674,30
2454,2,6251,6251,0,0,0,0,1.0,1,1.0,1,1.0,1,0.586034038014134,32
2455,3,6254,6254,0,0,0,0,1.0,1,1.0,1,1.0,1,0.5283437726293478,33
2456,3,6257,6257,0,0,0,0,1.0,1,1.0,1,1.0,1,0.5610398287671979,34
2457,1,6258,6258,0,0,0,0,1.0,1,1.0,1,1.0,1,0.58213448344186,34
2458,2,6260,6260,0,0,0,0,1.0,1,1.0,1,1.0,1,0.5601551305194122,36
2459,1,6261,6261,0,0,0,0,1.0,1,1.0,1,1.0,1,0.5554939447240127,36
2460,4,6265,6265,0,0,0,0,1.0,1,1.0,1,1.0,1,0.5126082255458155,37
2461,1,6266,6266,0,0,0,0,1.0,1,1.0,1,1.0,1,0.530361651748573,37
2462,5,6271,6271,0,0,0,0,1.0,1,1.0,1,1.0,1,0.5643020567315737,38
2463,3,6274,6274,0,0,0,0,1.0,1,1.0,1,1.0,1,0.5709716042043548,38
2464,3,6277,6277,0,0,0,0,1.0,1,1.0,1,1.0,1,0.591271218508381,37
2465,3,6280,6280,0,0,0,0,1.0,1,1.0,1,1.0,1,0.5991519397795696,36
2466,2,6282,6282,0,0,0,0,1.0,1,1.0,1,1.0,1,0.616740375390584,36
2467,3,6285,6285,0,0,0,0,1.0,1,1.0,1,1.0,1,0.6578914276957395,34
2468,3,6288,6288,0,0,0,0,1.0,1,1.0,1,1.0,1,0.7022949977482984,33
2469,0,6288,6288,0,0,0,0,1.0,1,1.0,1,1.0,1,0.7032775158801333,32
2470,2,6290,6290,0,0,0,0,1.0,1,1.0,1,1.0,1,0.6913314023532802,33
2471,0,6290,6290,0,0,0,0,1.0,1,1.0,1,1.0,1,0.7303234391849505,31
2472,2,6292,6292,0,0,0,0,1.0,1,1.0,1,1.0,1,0.7270052375400825,32
2473,2,6294,6294,0,0,0,0,1.0,1,1.0,1,1.0,1,0.7367706502265662,31
2474,4,6298,6298,0,0,0,0,1.0,1,1.0,1,1.0,1,0.704442746771277,33
2475,2,6300,6300,0,0,0,0,1.0,1,1.0,1,1.0,1,0.6766797762936834,33
2476,4,6304,6304,0,0,0,0,1.0,1,1.0,1,1.0,1,0.643714071821107,33
2477,6,6310,6310,0,0,0,0,1.0,1,1.0,1,1.0,1,0.6457918768122478,33
2478,7,6317,6317,0,0,0,0,1.0,1,1.0,1,1.0,1,0.6328520511761359,33
2479,3,6320,6320,0,0,0,0,1.0,1,1.0,1,1.0,1,0.5895262597274596,33
2480,2,6322,6322,0,0,0,0,1.0,1,1.0,1,1.0,1,0.631175944158502,34
2481,4,6326,6326,0,0,0,0,1.0,1,1.0,1,1.0,1,0.569308258463269,33
2482,5,6331,6331,0,0,0,0,1.0,1,1.0,1,1.0,1,0.5982311221280846,34
2483,2,6333,6333,0,0,0,0,1.0,1,1.0,1,1.0,1,0.582228013465962,33
2484,3,6336,6336,0,0,0,0,1.0,1,1.0,1,1.0,1,0.5698723929654516,32
2485,1,6337,6337,0,0,0,0,1.0,1,1.0,1,1.0,1,0.56748967831967,31
2486,0,6337,6337,0,0,0,0,1.0,1,1.0,1,1.0,1,0.5622915978844796,29
2487,3,6340,6340,0,0,0,0,1.0,1,1.0,1,1.0,1,0.5272262639894804,29
2488,1,6341,6341,0,0,0,0,1.0,1,1.0,1,1.0,1,0.4942540688258462,30
2489,1,6342,6342,0,0,0,0,1.0,1,1.0,1,1.0,1,0.4764478603193425,29
2490,2,6344,6344,0,0,0,0,1.0,1,1.0,1,1.0,1,0.4165667945299187,30
2491,1,6345,6345,0,0,0,0,1.0,1,1.0,1,1.0,1,0.42772592548536287,30
2492,1,6346,6346,0,0,0,0,1.0,1,1.0,1,1.0,1,0.43658738748987347,29
2493,3,6349,6349,0,0,0,0,1.0,1,1.0,1,1.0,1,0.46908190708859354,29
2494,0,6349,6349,0,0,0,0,1.0,1,1.0,1,1.0,1,0.453897220530419,28
2495,3,6352,6352,0,0,0,0,1.0,1,1.0,1,1.0,1,0.5046606270342673,29
2496,0,6352,6352,0,0,0,0,1.0,1,1.0,1,1.0,1,0.4927050470343264,28
2497,2,6354,6354,0,0,0,0,1.0,1,1.0,1,1.0,1,0.5419252402290033,28
2498,1,6355,6355,0,0,0,0,1.0,1,1.0,1,1.0,1,0.5449774820062339,29
2499,3,6358,6358,0,0,0,0,1.0,1,1.0,1,1.0,1,0.5203041218848475,30
2500,3,6361,6361,0,0,0,0,1.0,1,1.0,1,1.0,1,0.5754246748784614,29
2501,7,6368,6368,0,0,0,0,1.0,1,1.0,1,1.0,1,0.5613687835403335,33
2502,4,6372,6372,0,0,0,0,1.0,1,1.0,1,1.0,1,0.6070213059616492,33
2503,8,6380,6380,0,0,0,0,1.0,1,1.0,1,1.0,1,0.5623307547548939,31
2504,9,6389,6389,0,0,0,0,1.0,1,1.0,1,1.0,1,0.5135607557327987,31
2505,4,6393,6393,0,0,0,0,1.0,1,1.0,1,1.0,1,0.5957093017614113,32
2506,5,6398,6398,0,0,0,0,1.0,1,1.0,1,1.0,1,0.5643469380326118,31
2507,2,6400,6400,0,0,0,0,1.0,1,1.0,1,1.0,1,0.573581468960174,29
2508,5,6405,6405,0,0,0,0,1.0,1,1.0,1,1.0,1,0.5187579539793317,31
2509,1,6406,6406,0,0,0,0,1.0,1,1.0,1,1.0,1,0.5168520761402988,30
2510,3,6409,6409,0,0,0,0,1.0,1,1.0,1,1.0,1,0.4975855428116639,31
2511,2,6411,6411,0,0,0,0,1.0,1,1.0,1,1.0,1,0.5207298269545155,32
2512,2,6413,6413,0,0,0,0,1.0,1,1.0,1,1.0,1,0.5729345814713385,32
2513,4,6417,6417,0,0,0,0,1.0,1,1.0,1,1.0,1,0.604277091466054,34
2514,3,6420,6420,0,0,0,0,1.0,1,1.0,1,1.0,1,0.574160730267867,35
2515,3,6423,6423,0,0,0,0,1.0,1,1.0,1,1.0,1,0.5223905673444768,35
2516,3,6426,6426,0,0,0,0,1.0,1,1.0,1,1.0,1,0.4967138186675293,34
2517,0,6426,6426,0,0,0,0,1.0,1,1.0,1,1.0,1,0.4967138186675293,34
2518,2,6428,6428,0,0,0,0,1.0,1,1.0,1,1.0,1,0.5061781278224674,33
2519,0,6428,6428,0,0,0,0,1.0,1,1.0,1,1.0,1,0.47582962845862586,32
2520,2,6430,6430,0,0,0,0,1.0,1,1.0,1,1.0,1,0.4848175877132428,31
2521,0,6430,6430,0,0,0,0,1.0,1,1.0,1,1.0,1,0.4658808179512392,31
2522,1,6431,6431,0,0,0,0,1.0,1,1.0,1,1.0,1,0.44903834058380904,30
2523,1,6432,6432,0,0,0,0,1.0,1,1.0,1,1.0,1,0.48072272078006045,30
2524,0,6432,6432,0,0,0,0,1.0,1,1.0,1,1.0,1,0.4491408067289271,29
2525,3,6435,6435,0,0,0,0,1.0,1,1.0,1,1.0,1,0.4897476530988086,29
2526,0,6435,6435,0,0,0,0,1.0,1,1.0,1,1.0,1,0.49864425994674744,27
2527,0,6435,6435,0,0,0,0,1.0,1,1.0,1,1.0,1,0.5000112969951424,28
2528,0,6435,6435,0,0,0,0,1.0,1,1.0,1,1.0,1,0.5000112969951424,28
2529,1,6436,6436,0,0,0,0,1.0,1,1.0,1,1.0,1,0.5471373729473026,28
2530,2,6438,6438,0,0,0,0,1.0,1,1.0,1,1.0,1,0.6088978003103217,29
2531,2,6440,6440,0,0,0,0,1.0,1,1.0,1,1.0,1,0.5401017934991154,30
2532,1,6441,6441,0,0,0,0,1.0,1,1.0,1,1.0,1,0.5841868881929788,31
2533,2,6443,6443,0,0,0,0,1.0,1,1.0,1,1.0,1,0.6011912618124647,31
2534,1,6444,6444,0,0,0,0,1.0,1,1.0,1,1.0,1,0.5767547283915979,31
2535,3,6447,6447,0,0,0,0,1.0,1,1.0,1,1.0,1,0.6111988023004328,31
2536,1,6448,6448,0,0,0,0,1.0,1,1.0,1,1.0,1,0.5779368458995983,32
2537,4,6452,6452,0,0,0,0,1.0,1,1.0,1,1.0,1,0.5815115543936376,33
2538,5,6457,6457,0,0,0,0,1.0,1,1.0,1,1.0,1,0.533370602055021,35
2539,3,6460,6460,0,0,0,0,1.0,1,1.0,1,1.0,1,0.5702160271687745,37
2540,2,6462,6462,0,0,0,0,1.0,1,1.0,1,1.0,1,0.5329282955964479,38
2541,6,6468,6468,0,0,0,0,1.0,1,1.0,1,1.0,1,0.5408792857764633,39
2542,2,6470,6470,0,0,0,0,1.0,1,1.0,1,1.0,1,0.4935337538807883,38
2543,4,6474,6474,0,0,0,0,1.0,1,1.0,1,1.0,1,0.5359719179005301,41
2544,4,6478,6478,0,0,0,0,1.0,1,1.0,1,1.0,1,0.537610269547898,39
2545,5,6483,6483,0,0,0,0,1.0,1,1.0,1,1.0,1,0.5621179216988109,40
2546,2,6485,6485,0,0,0,0,1.0,1,1.0,1,1.0,1,0.5625655829568601,38
2547,2,6487,6487,0,0,0,0,1.0,1,1.0,1,1.0,1,0.6093403619942533,38
2548,1,6488,6488,0,0,0,0,1.0,1,1.0,1,1.0,1,0.5993029780101,35
2549,2,6490,6490,0,0,0,0,1.0,1,1.0,1,1.0,1,0.6030608370651411,35
2550,1,6491,6491,0,0,0,0,1.0,1,1.0,1,1.0,1,0.598876812452864,33
2551,1,6492,6492,0,0,0,0,1.0,1,1.0,1,1.0,1,0.6279070466948117,31
2552,1,6493,6493,0,0,0,0,1.0,1,1.0,1,1.0,1,0.6160830689078987,30
2553,4,6497,6497,0,0,0,0,1.0,1,1.0,1,1.0,1,0.6326531229867752,30
2554,2,6499,6499,0,0,0,0,1.0,1,1.0,1,1.0,1,0.6339531176977098,32
2555,3,6502,6502,0,0,0,0,1.0,1,1.0,1,1.0,1,0.6483065902169414,32
2556,0,6502,6502,0,0,0,0,1.0,1,1.0,1,1.0,1,0.6436819456639603,32
2557,1,6503,6503,0,0,0,0,1.0,1,1.0,1,1.0,1,0.6124886135421562,30
2558,0,6503,6503,0,0,0,0,1.0,1,1.0,1,1.0,1,0.5953293404087341,31
2559,0,6503,6503,0,0,0,0,1.0,1,1.0,1,1.0,1,0.5745703551263338,30
2560,0,6503,6503,0,0,0,0,1.0,1,1.0,1,1.0,1,0.5745703551263338,30
2561,2,6505,6505,0,0,0,0,1.0,1,1.0,1,1.0,1,0.596632829793223,30
2562,0,6505,6505,0,0,0,0,1.0,1,1.0,1,1.0,1,0.5897712420849208,33
2563,2,6507,6507,0,0,0,0,1.0,1,1.0,1,1.0,1,0.61409037731896,33
2564,3,6510,6510,0,0,0,0,1.0,1,1.0,1,1.0,1,0.6553803035914114,33
2565,1,6511,6511,0,0,0,0,1.0,1,1.0,1,1.0,1,0.6406596540631229,33
2566,2,6513,6513,0,0,0,0,1.0,1,1.0,1,1.0,1,0.6224601827184816,35
2567,0,6513,6513,0,0,0,0,1.0,1,1.0,1,1.0,1,0.629763831511315,36
2568,1,6514,6514,0,0,0,0,1.0,1,1.0,1,1.0,1,0.6120495854761023,37
2569,2,6516,6516,0,0,0,0,1.0,1,1.0,1,1.0,1,0.6035940322666966,37
2570,0,6516,6516,0,0,0,0,1.0,1,1.0,1,1.0,1,0.6087060117050843,37
2571,0,6516,6516,0,0,0,0,1.0,1,1.0,1,1.0,1,0.6087060117050843,37
2572,0,6516,6516,0,0,0,0,1.0,1,1.0,1,1.0,1,0.5931051545328514,39
2573,1,6517,6517,0,0,0,0,1.0,1,1.0,1,1.0,1,0.5947933716342595,39
2574,0,6517,6517,0,0,0,0,1.0,1,1.0,1,1.0,1,0.5928977723641139,38
2575,0,6517,6517,0,0,0,0,1.0,1,1.0,1,1.0,1,0.5928977723641139,38
2576,1,6518,6518,0,0,0,0,1.0,1,1.0,1,1.0,1,0.6301886534298962,37
2577,0,6518,6518,0,0,0,0,1.0,1,1.0,1,1.0,1,0.6255716533818293,39
2578,3,6521,6521,0,0,0,0,1.0,1,1.0,1,1.0,1,0.6124028170717637,40
2579,1,6522,6522,0,0,0,0,1.0,1,1.0,1,1.0,1,0.6294837593390988,41
2580,3,6525,6525,0,0,0,0,1.0,1,1.0,1,1.0,1,0.6314397879240936,42
2581,1,6526,6526,0,0,0,0,1.0,1,1.0,1,1.0,1,0.6150967911195114,43
2582,5,6531,6531,0,0,0,0,1.0,1,1.0,1,1.0,1,0.5910050359829483,43
2583,5,6536,6536,0,0,0,0,1.0,1,1.0,1,1.0,1,0.592147837408124,43
2584,3,6539,6539,0,0,0,0,1.0,1,1.0,1,1.0,1,0.6401421493190844,43
2585,11,6550,6550,0,0,0,0,1.0,1,1.0,1,1.0,1,0.5919615049427306,44
2586,6,6556,6556,0,0,0,0,1.0,1,1.0,1,1.0,1,0.5651394862107041,43
2587,4,6560,6560,0,0,0,0,1.0,1,1.0,1,1.0,1,0.5430955099145397,44
2588,4,6564,6564,0,0,0,0,1.0,1,1.0,1,1.0,1,0.5336133637914962,44
2589,2,6566,6566,0,0,0,0,1.0,1,1.0,1,1.0,1,0.5119842233693387,44
2590,3,6569,6569,0,0,0,0,1.0,1,1.0,1,1.0,1,0.550911519670578,44
2591,1,6570,6570,0,0,0,0,1.0,1,1.0,1,1.0,1,0.5321711566944506,44
2592,3,6573,6573,0,0,0,0,1.0,1,1.0,1,1.0,1,0.5925548963491026,44
2593,0,6573,6573,0,0,0,0,1.0,1,1.0,1,1.0,1,0.5969768100658884,43
2594,2,6575,6575,0,0,0,0,1.0,1,1.0,1,1.0,1,0.6069555844860796,48
2595,3,6578,6578,0,0,0,0,1.0,1,1.0,1,1.0,1,0.5610544187832857,45
2596,4,6582,6582,0,0,0,0,1.0,1,1.0,1,1.0,1,0.5320493014482005,46
2597,3,6585,6585,0,0,0,0,1.0,1,1.0,1,1.0,1,0.521419376595639,45
2598,0,6585,6585,0,0,0,0,1.0,1,1.0,1,1.0,1,0.521419376595639,45
2599,4,6589,6589,0,0,0,0,1.0,1,1.0,1,1.0,1,0.5258733190190726,45
2600,1,6590,6590,0,0,0,0,1.0,1,1.0,1,1.0,1,0.49282569092158335,48
2601,5,6595,6595,0,0,0,0,1.0,1,1.0,1,1.0,1,0.41520512261811765,47
2602,2,6597,6597,0,0,0,0,1.0,1,1.0,1,1.0,1,0.4351849152052252,48
2603,2,6599,6599,0,0,0,0,1.0,1,1.0,1,1.0,1,0.4171096039153715,48
2604,1,6600,6600,0,0,0,0,1.0,1,1.0,1,1.0,1,0.41917753440715777,47
2605,2,6602,6602,0,0,0,0,1.0,1,1.0,1,1.0,1,0.42517183499328515,47
2606,1,6603,6603,0,0,0,0,1.0,1,1.0,1,1.0,1,0.4512719741297855,46
2607,7,6610,6610,0,0,0,0,1.0,1,1.0,1,1.0,1,0.515686196087527,45
2608,2,6612,6612,0,0,0,0,1.0,1,1.0,1,1.0,1,0.5318147253542254,45
2609,6,6618,6618,0,0,0,0,1.0,1,1.0,1,1.0,1,0.5476059007885482,44
2610,8,6626,6626,0,0,0,0,1.0,1,1.0,1,1.0,1,0.5310134078842305,45
2611,8,6634,6634,0,0,0,0,1.0,1,1.0,1,1.0,1,0.5135456721737259,46
2612,4,6638,6638,0,0,0,0,1.0,1,1.0,1,1.0,1,0.5178167237631276,47
2613,7,6645,6645,0,0,0,0,1.0,1,1.0,1,1.0,1,0.520520628644461,48
2614,4,6649,6649,0,0,0,0,1.0,1,1.0,1,1.0,1,0.5283193434987004,48
2615,4,6653,6653,0,0,0,0,1.0,1,1.0,1,1.0,1,0.5027297817285864,49
2616,2,6655,6655,0,0,0,0,1.0,1,1.0,1,1.0,1,0.4941880277268952,49
2617,3,6658,6658,0,0,0,0,1.0,1,1.0,1,1.0,1,0.5386642532451859,48
2618,0,6658,6658,0,0,0,0,1.0,1,1.0,1,1.0,1,0.5446216889993569,47
2619,3,6661,6661,0,0,0,0,1.0,1,1.0,1,1.0,1,0.4892209256796561,50
2620,1,6662,6662,0,0,0,0,1.0,1,1.0,1,1.0,1,0.4983197468737176,51
2621,3,6665,6665,0,0,0,0,1.0,1,1.0,1,1.0,1,0.4971101546323717,52
2622,3,6668,6668,0,0,0,0,1.0,1,1.0,1,1.0,1,0.5077952148885793,52
2623,2,6670,6670,0,0,0,0,1.0,1,1.0,1,1.0,1,0.5134042566197831,53
2624,6,6676,6676,0,0,0,0,1.0,1,1.0,1,1.0,1,0.5458634494234397,51
2625,3,6679,6679,0,0,0,0,1.0,1,1.0,1,1.0,1,0.562793167201865,50
2626,1,6680,6680,0,0,0,0,1.0,1,1.0,1,1.0,1,0.5769242333504726,49
2627,2,6682,6682,0,0,0,0,1.0,1,1.0,1,1.0,1,0.5996331395710292,48
2628,5,6687,6687,0,0,0,0,1.0,1,1.0,1,1.0,1,0.5745698902914267,48
2629,1,6688,6688,0,0,0,0,1.0,1,1.0,1,1.0,1,0.5743236136670695,47
2630,2,6690,6690,0,0,0,0,1.0,1,1.0,1,1.0,1,0.5577929409918476,47
2631,4,6694,6694,0,0,0,0,1.0,1,1.0,1,1.0,1,0.5736779564064451,47
2632,2,6696,6696,0,0,0,0,1.0,1,1.0,1,1.0,1,0.574809112942413,47
2633,3,6699,6699,0,0,0,0,1.0,1,1.0,1,1.0,1,0.5843379631153129,44
2634,3,6702,6702,0,0,0,0,1.0,1,1.0,1,1.0,1,0.6066056518630795,44
2635,1,6703,6703,0,0,0,0,1.0,1,1.0,1,1.0,1,0.6096044492018319,45
2636,1,6704,6704,0,0,0,0,1.0,1,1.0,1,1.0,1,0.6244348943101312,40
2637,6,6710,6710,0,0,0,0,1.0,1,1.0,1,1.0,1,0.6039371108982609,41
2638,4,6714,6714,0,0,0,0,1.0,1,1.0,1,1.0,1,0.5726586719621364,38
2639,6,6720,6720,0,0,0,0,1.0,1,1.0,1,1.0,1,0.5622232136726273,39
2640,5,6725,6725,0,0,0,0,1.0,1,1.0,1,1.0,1,0.5634786046272858,38
2641,6,6731,6731,0,0,0,0,1.0,1,1.0,1,1.0,1,0.6032778769971525,37
2642,5,6736,6736,0,0,0,0,1.0,1,1.0,1,1.0,1,0.5314410492258992,38
2643,4,6740,6740,0,0,0,0,1.0,1,1.0,1,1.0,1,0.5290144173679642,37
2644,4,6744,6744,0,0,0,0,1.0,1,1.0,1,1.0,1,0.5416611919657529,36
2645,1,6745,6745,0,0,0,0,1.0,1,1.0,1,1.0,1,0.5507197200044379,35
2646,1,6746,6746,0,0,0,0,1.0,1,1.0,1,1.0,1,0.5422044812685667,35
2647,2,6748,6748,0,0,0,0,1.0,1,1.0,1,1.0,1,0.49467584300199263,35
2648,1,6749,6749,0,0,0,0,1.0,1,1.0,1,1.0,1,0.49878834278004874,36
2649,2,6751,6751,0,0,0,0,1.0,1,1.0,1,1.0,1,0.4799132170486641,37
2650,2,6753,6753,0,0,0,0,1.0,1,1.0,1,1.0,1,0.5107763777390283,39
2651,1,6754,6754,0,0,0,0,1.0,1,1.0,1,1.0,1,0.517415277788548,39
2652,0,6754,6754,0,0,0,0,1.0,1,1.0,1,1.0,1,0.517415277788548,39
2653,2,6756,6756,0,0,0,0,1.0,1,1.0,1,1.0,1,0.5077682040561802,39
2654,3,6759,6759,0,0,0,0,1.0,1,1.0,1,1.0,1,0.49387299497938053,40
2655,1,6760,6760,0,0,0,0,1.0,1,1.0,1,1.0,1,0.48839571488268957,40
2656,3,6763,6763,0,0,0,0,1.0,1,1.0,1,1.0,1,0.4956009051712989,39
2657,4,6767,6767,0,0,0,0,1.0,1,1.0,1,1.0,1,0.5081828468836318,40
2658,1,6768,6768,0,0,0,0,1.0,1,1.0,1,1.0,1,0.5221142846415052,41
2659,7,6775,6775,0,0,0,0,1.0,1,1.0,1,1.0,1,0.5378539379462771,41
2660,3,6778,6778,0,0,0,0,1.0,1,1.0,1,1.0,1,0.5277268134401396,40
2661,4,6782,6782,0,0,0,0,1.0,1,1.0,1,1.0,1,0.5625265692888994,40
2662,2,6784,6784,0,0,0,0,1.0,1,1.0,1,1.0,1,0.5358910461126142,42
2663,5,6789,6789,0,0,0,0,1.0,1,1.0,1,1.0,1,0.5669593943650281,41
2664,3,6792,6792,0,0,0,0,1.0,1,1.0,1,1.0,1,0.5650252999269958,42
2665,2,6794,6794,0,0,0,0,1.0,1,1.0,1,1.0,1,0.5776386232886044,43
2666,1,6795,6795,0,0,0,0,1.0,1,1.0,1,1.0,1,0.5901300086923266,44
2667,2,6797,6797,0,0,0,0,1.0,1,1.0,1,1.0,1,0.5955576220147105,42
2668,2,6799,6799,0,0,0,0,1.0,1,1.0,1,1.0,1,0.5949245886447301,41
2669,1,6800,6800,0,0,0,0,1.0,1,1.0,1,1.0,1,0.6177859162164314,42
2670,0,6800,6800,0,0,0,0,1.0,1,1.0,1,1.0,1,0.6215913043111964,40
2671,4,6804,6804,0,0,0,0,1.0,1,1.0,1,1.0,1,0.6617872708093397,39
2672,1,6805,6805,0,0,0,0,1.0,1,1.0,1,1.0,1,0.6905136552552066,36
2673,2,6807,6807,0,0,0,0,1.0,1,1.0,1,1.0,1,0.6995071901773123,35
2674,5,6812,6812,0,0,0,0,1.0,1,1.0,1,1.0,1,0.6560208611684049,33
2675,1,6813,6813,0,0,0,0,1.0,1,1.0,1,1.0,1,0.6464449952051823,34
2676,2,6815,6815,0,0,0,0,1.0,1,1.0,1,1.0,1,0.6271108184855543,32
2677,3,6818,6818,0,0,0,0,1.0,1,1.0,1,1.0,1,0.6047020017548672,33
2678,2,6820,6820,0,0,0,0,1.0,1,1.0,1,1.0,1,0.5645850123410424,33
2679,1,6821,6821,0,0,0,0,1.0,1,1.0,1,1.0,1,0.5732477277618491,32
2680,0,6821,6821,0,0,0,0,1.0,1,1.0,1,1.0,1,0.5732477277618491,32
2681,0,6821,6821,0,0,0,0,1.0,1,1.0,1,1.0,1,0.5667489072934739,32
2682,2,6823,6823,0,0,0,0,1.0,1,1.0,1,1.0,1,0.553341578521035,33
2683,2,6825,6825,0,0,0,0,1.0,1,1.0,1,1.0,1,0.4992186345267494,32
2684,2,6827,6827,0,0,0,0,1.0,1,1.0,1,1.0,1,0.4833841935675635,31
2685,6,6833,6833,0,0,0,0,1.0,1,1.0,1,1.0,1,0.4305099625142557,31
2686,6,6839,6839,0,0,0,0,1.0,1,1.0,1,1.0,1,0.48934288980057056,30
2687,5,6844,6844,0,0,0,0,1.0,1,1.0,1,1.0,1,0.5072204698793327,30
2688,6,6850,6850,0,0,0,0,1.0,1,1.0,1,1.0,1,0.5359613769951013,30
2689,7,6857,6857,0,0,0,0,1.0,1,1.0,1,1.0,1,0.5851514100461082,31
2690,3,6860,6860,0,0,0,0,1.0,1,1.0,1,1.0,1,0.608852388826,31
2691,2,6862,6862,0,0,0,0,1.0,1,1.0,1,1.0,1,0.5896418833485064,32
2692,2,6864,6864,0,0,0,0,1.0,1,1.0,1,1.0,1,0.5506160026755701,32
2693,2,6866,6866,0,0,0,0,1.0,1,1.0,1,1.0,1,0.5051609347753583,33
2694,1,6867,6867,0,0,0,0,1.0,1,1.0,1,1.0,1,0.5246880687802827,34
2695,1,6868,6868,0,0,0,0,1.0,1,1.0,1,1.0,1,0.48306376530865425,35
2696,1,6869,6869,0,0,0,0,1.0,1,1.0,1,1.0,1,0.5007287008101753,35
2697,2,6871,6871,0,0,0,0,1.0,1,1.0,1,1.0,1,0.5448076884612569,35
2698,1,6872,6872,0,0,0,0,1.0,1,1.0,1,1.0,1,0.507364728673584,36
2699,5,6877,6877,0,0,0,0,1.0,1,1.0,1,1.0,1,0.4998336759235584,36
2700,4,6881,6881,0,0,0,0,1.0,1,1.0,1,1.0,1,0.5097679257366341,37
2701,3,6884,6884,0,0,0,0,1.0,1,1.0,1,1.0,1,0.523962203670969,37
2702,3,6887,6887,0,0,0,0,1.0,1,1.0,1,1.0,1,0.5625685220605378,37
2703,3,6890,6890,0,0,0,0,1.0,1,1.0,1,1.0,1,0.5584548321740513,38
2704,4,6894,6894,0,0,0,0,1.0,1,1.0,1,1.0,1,0.6147489993892546,37
2705,5,6899,6899,0,0,0,0,1.0,1,1.0,1,1.0,1,0.6765090161836113,36
2706,1,6900,6900,0,0,0,0,1.0,1,1.0,1,1.0,1,0.6496196921062423,36
2707,4,6904,6904,0,0,0,0,1.0,1,1.0,1,1.0,1,0.623771444706196,35
2708,4,6908,6908,0,0,0,0,1.0,1,1.0,1,1.0,1,0.5615890417591798,36
2709,4,6912,6912,0,0,0,0,1.0,1,1.0,1,1.0,1,0.501388721435902,32
2710,6,6918,6918,0,0,0,0,1.0,1,1.0,1,1.0,1,0.4936349924584519,29
2711,3,6921,6921,0,0,0,0,1.0,1,1.0,1,1.0,1,0.4937492486298869,29
2712,3,6924,6924,0,0,0,0,1.0,1,1.0,1,1.0,1,0.5075564591019777,28
2713,2,6926,6926,0,0,0,0,1.0,1,1.0,1,1.0,1,0.5003273522218,28
2714,2,6928,6928,0,0,0,0,1.0,1,1.0,1,1.0,1,0.5574196230989988,26
2715,3,6931,6931,0,0,0,0,1.0,1,1.0,1,1.0,1,0.5524871562190311,24
2716,5,6936,6936,0,0,0,0,1.0,1,1.0,1,1.0,1,0.5762538170962145,24
2717,1,6937,6937,0,0,0,0,1.0,1,1.0,1,1.0,1,0.6255440115408011,25
2718,5,6942,6942,0,0,0,0,1.0,1,1.0,1,1.0,1,0.6329492854208671,25
2719,5,6947,6947,0,0,0,0,1.0,1,1.0,1,1.0,1,0.5945283827471861,25
2720,2,6949,6949,0,0,0,0,1.0,1,1.0,1,1.0,1,0.5413382581563099,25
2721,1,6950,6950,0,0,0,0,1.0,1,1.0,1,1.0,1,0.5612999562934177,25
2722,2,6952,6952,0,0,0,0,1.0,1,1.0,1,1.0,1,0.6100091452303518,26
2723,3,6955,6955,0,0,0,0,1.0,1,1.0,1,1.0,1,0.553468305764763,26
2724,1,6956,6956,0,0,0,0,1.0,1,1.0,1,1.0,1,0.5262325056483953,27
2725,2,6958,6958,0,0,0,0,1.0,1,1.0,1,1.0,1,0.5123087523947087,28
2726,0,6958,6958,0,0,0,0,1.0,1,1.0,1,1.0,1,0.5123087523947087,28
2727,0,6958,6958,0,0,0,0,1.0,1,1.0,1,1.0,1,0.48181227685901984,29
2728,2,6960,6960,0,0,0,0,1.0,1,1.0,1,1.0,1,0.48912874154106295,29
2729,0,6960,6960,0,0,0,0,1.0,1,1.0,1,1.0,1,0.4800192465064419,29
2730,2,6962,6962,0,0,0,0,1.0,1,1.0,1,1.0,1,0.47675424250250775,29
2731,2,6964,6964,0,0,0,0,1.0,1,1.0,1,1.0,1,0.45582771576708736,30
2732,2,6966,6966,0,0,0,0,1.0,1,1.0,1,1.0,1,0.4602591463162718,29
2733,3,6969,6969,0,0,0,0,1.0,1,1.0,1,1.0,1,0.525017149351594,29
2734,4,6973,6973,0,0,0,0,1.0,1,1.0,1,1.0,1,0.5788280725956518,29
2735,3,6976,6976,0,0,0,0,1.0,1,1.0,1,1.0,1,0.616849275822694,29
2736,0,6976,6976,0,0,0,0,1.0,1,1.0,1,1.0,1,0.6281049006060486,30
2737,0,6976,6976,0,0,0,0,1.0,1,1.0,1,1.0,1,0.6232357807142631,30
2738,0,6976,6976,0,0,0,0,1.0,1,1.0,1,1.0,1,0.6232357807142631,30
2739,4,6980,6980,0,0,0,0,1.0,1,1.0,1,1.0,1,0.6246361653990761,29
2740,2,6982,6982,0,0,0,0,1.0,1,1.0,1,1.0,1,0.6214611710976102,29
2741,2,6984,6984,0,0,0,0,1.0,1,1.0,1,1.0,1,0.6318731258607255,28
2742,2,6986,6986,0,0,0,0,1.0,1,1.0,1,1.0,1,0.6651939462688481,28
2743,2,6988,6988,0,0,0,0,1.0,1,1.0,1,1.0,1,0.6750788284794049,29
2744,1,6989,6989,0,0,0,0,1.0,1,1.0,1,1.0,1,0.6925475243953132,27
2745,2,6991,6991,0,0,0,0,1.0,1,1.0,1,1.0,1,0.7081540457497041,25
2746,0,6991,6991,0,0,0,0,1.0,1,1.0,1,1.0,1,0.7114447620981863,25
2747,0,6991,6991,0,0,0,0,1.0,1,1.0,1,1.0,1,0.7150023996602103,23
2748,0,6991,6991,0,0,0,0,1.0,1,1.0,1,1.0,1,0.7060346391869867,22
2749,0,6991,6991,0,0,0,0,1.0,1,1.0,1,1.0,1,0.7252905865364441,19
2750,1,6992,6992,0,0,0,0,1.0,1,1.0,1,1.0,1,0.6872796276320283,18
2751,0,6992,6992,0,0,0,0,1.0,1,1.0,1,1.0,1,0.6957817944806699,16
2752,0,6992,6992,0,0,0,0,1.0,1,1.0,1,1.0,1,0.6867093589015539,15
2753,1,6993,6993,0,0,0,0,1.0,1,1.0,1,1.0,1,0.7104268662098685,15
2754,0,6993,6993,0,0,0,0,1.0,1,1.0,1,1.0,1,0.7104268662098685,15
2755,0,6993,6993,0,0,0,0,1.0,1,1.0,1,1.0,1,0.7104268662098685,15
2756,0,6993,6993,0,0,0,0,1.0,1,1.0,1,1.0,1,0.6804366446267958,16
2757,0,6993,6993,0,0,0,0,1.0,1,1.0,1,1.0,1,0.6655696435389865,17
2758,0,6993,6993,0,0,0,0,1.0,1,1.0,1,1.0,1,0.6655696435389865,17
2759,1,6994,6994,0,0,0,0,1.0,1,1.0,1,1.0,1,0.6823904117301591,18
2760,3,6997,6997,0,0,0,0,1.0,1,1.0,1,1.0,1,0.660064358859204,18
2761,1,6998,6998,0,0,0,0,1.0,1,1.0,1,1.0,1,0.6708162062618371,18
2762,3,7001,7001,0,0,0,0,1.0,1,1.0,1,1.0,1,0.7103419797790513,18
2763,5,7006,7006,0,0,0,0,1.0,1,1.0,1,1.0,1,0.6005149484026062,17
2764,2,7008,7008,0,0,0,0,1.0,1,1.0,1,1.0,1,0.601056622407016,17
2765,1,7009,7009,0,0,0,0,1.0,1,1.0,1,1.0,1,0.5858532548435742,18
2766,2,7011,7011,0,0,0,0,1.0,1,1.0,1,1.0,1,0.665878062584113,18
2767,0,7011,7011,0,0,0,0,1.0,1,1.0,1,1.0,1,0.665878062584113,18
2768,0,7011,7011,0,0,0,0,1.0,1,1.0,1,1.0,1,0.665878062584113,18
2769,1,7012,7012,0,0,0,0,1.0,1,1.0,1,1.0,1,0.6261710778853988,18
2770,1,7013,7013,0,0,0,0,1.0,1,1.0,1,1.0,1,0.6765850430490591,18
2771,3,7016,7016,0,0,0,0,1.0,1,1.0,1,1.0,1,0.6335111469258313,18
2772,1,7017,7017,0,0,0,0,1.0,1,1.0,1,1.0,1,0.6744801246078556,18
2773,2,7019,7019,0,0,0,0,1.0,1,1.0,1,1.0,1,0.6823480521870339,18
2774,2,7021,7021,0,0,0,0,1.0,1,1.0,1,1.0,1,0.6708815218625424,20
2775,2,7023,7023,0,0,0,0,1.0,1,1.0,1,1.0,1,0.6663021646051343,21
2776,2,7025,7025,0,0,0,0,1.0,1,1.0,1,1.0,1,0.648278447362843,21
2777,2,7027,7027,0,0,0,0,1.0,1,1.0,1,1.0,1,0.6585888952728407,22
2778,0,7027,7027,0,0,0,0,1.0,1,1.0,1,1.0,1,0.6130583864453528,24
2779,1,7028,7028,0,0,0,0,1.0,1,1.0,1,1.0,1,0.6078503512054622,24
2780,2,7030,7030,0,0,0,0,1.0,1,1.0,1,1.0,1,0.6373958596075784,24
2781,0,7030,7030,0,0,0,0,1.0,1,1.0,1,1.0,1,0.6373958596075784,24
2782,2,7032,7032,0,0,0,0,1.0,1,1.0,1,1.0,1,0.676444306618265,24
2783,0,7032,7032,0,0,0,0,1.0,1,1.0,1,1.0,1,0.676444306618265,24
2784,1,7033,7033,0,0,0,0,1.0,1,1.0,1,1.0,1,0.6442425893837862,24
2785,1,7034,7034,0,0,0,0,1.0,1,1.0,1,1.0,1,0.6675880442197646,22
2786,0,7034,7034,0,0,0,0,1.0,1,1.0,1,1.0,1,0.7108751145163865,22
2787,1,7035,7035,0,0,0,0,1.0,1,1.0,1,1.0,1,0.6830542464629948,21
2788,2,7037,7037,0,0,0,0,1.0,1,1.0,1,1.0,1,0.6765928636184804,20
2789,0,7037,7037,0,0,0,0,1.0,1,1.0,1,1.0,1,0.6765928636184804,20
2790,0,7037,7037,0,0,0,0,1.0,1,1.0,1,1.0,1,0.6650689809475862,21
2791,1,7038,7038,0,0,0,0,1.0,1,1.0,1,1.0,1,0.696121667445366,21
2792,1,7039,7039,0,0,0,0,1.0,1,1.0,1,1.0,1,0.722482911369917,21
2793,2,7041,7041,0,0,0,0,1.0,1,1.0,1,1.0,1,0.7782333697379635,18
2794,0,7041,7041,0,0,0,0,1.0,1,1.0,1,1.0,1,0.7782333697379635,18
2795,1,7042,7042,0,0,0,0,1.0,1,1.0,1,1.0,1,0.7834587889590587,20
2796,0,7042,7042,0,0,0,0,1.0,1,1.0,1,1.0,1,0.7604523693051003,21
2797,0,7042,7042,0,0,0,0,1.0,1,1.0,1,1.0,1,0.7604523693051003,21
2798,1,7043,7043,0,0,0,0,1.0,1,1.0,1,1.0,1,0.7403201920184538,21
2799,1,7044,7044,0,0,0,0,1.0,1,1.0,1,1.0,1,0.7353487730271631,22
2800,0,7044,7044,0,0,0,0,1.0,1,1.0,1,1.0,1,0.7353487730271631,22
2801,1,7045,7045,0,0,0,0,1.0,1,1.0,1,1.0,1,0.7269416984808477,22
2802,1,7046,7046,0,0,0,0,1.0,1,1.0,1,1.0,1,0.7612480165286201,22
2803,2,7048,7048,0,0,0,0,1.0,1,1.0,1,1.0,1,0.7242131448340078,22
2804,0,7048,7048,0,0,0,0,1.0,1,1.0,1,1.0,1,0.7231559784408295,23
2805,0,7048,7048,0,0,0,0,1.0,1,1.0,1,1.0,1,0.7231559784408295,23
2806,0,7048,7048,0,0,0,0,1.0,1,1.0,1,1.0,1,0.7231559784408295,23
2807,1,7049,7049,0,0,0,0,1.0,1,1.0,1,1.0,1,0.7103165826935125,24
2808,0,7049,7049,0,0,0,0,1.0,1,1.0,1,1.0,1,0.7103165826935125,24
2809,2,7051,7051,0,0,0,0,1.0,1,1.0,1,1.0,1,0.6930013304898727,25
2810,0,7051,7051,0,0,0,0,1.0,1,1.0,1,1.0,1,0.7110030739476101,24
2811,0,7051,7051,0,0,0,0,1.0,1,1.0,1,1.0,1,0.707584037389488,26
2812,4,7055,7055,0,0,0,0,1.0,1,1.0,1,1.0,1,0.6849306998620847,26
2813,2,7057,7057,0,0,0,0,1.0,1,1.0,1,1.0,1,0.6213075726121912,27
2814,3,7060,7060,0,0,0,0,1.0,1,1.0,1,1.0,1,0.559760562635992,29
2815,5,7065,7065,0,0,0,0,1.0,1,1.0,1,1.0,1,0.4903482884191848,29
2816,5,7070,7070,0,0,0,0,1.0,1,1.0,1,1.0,1,0.48496106672599687,29
2817,3,7073,7073,0,0,0,0,1.0,1,1.0,1,1.0,1,0.50419635931651,29
2818,5,7078,7078,0,0,0,0,1.0,1,1.0,1,1.0,1,0.46926482312184725,29
2819,3,7081,7081,0,0,0,0,1.0,1,1.0,1,1.0,1,0.5100615260482444,30
2820,2,7083,7083,0,0,0,0,1.0,1,1.0,1,1.0,1,0.5254066530476178,30
2821,3,7086,7086,0,0,0,0,1.0,1,1.0,1,1.0,1,0.5807007743592528,31
2822,2,7088,7088,0,0,0,0,1.0,1,1.0,1,1.0,1,0.6149519711601019,30
2823,3,7091,7091,0,0,0,0,1.0,1,1.0,1,1.0,1,0.6077306974325114,27
2824,2,7093,7093,0,0,0,0,1.0,1,1.0,1,1.0,1,0.6042930625916723,28
2825,3,7096,7096,0,0,0,0,1.0,1,1.0,1,1.0,1,0.6217387365502849,28
2826,1,7097,7097,0,0,0,0,1.0,1,1.0,1,1.0,1,0.6102309911624353,27
2827,2,7099,7099,0,0,0,0,1.0,1,1.0,1,1.0,1,0.606152304340807,28
2828,1,7100,7100,0,0,0,0,1.0,1,1.0,1,1.0,1,0.6073904058225589,28
2829,3,7103,7103,0,0,0,0,1.0,1,1.0,1,1.0,1,0.6145266728925173,27
2830,0,7103,7103,0,0,0,0,1.0,1,1.0,1,1.0,1,0.6145266728925173,27
2831,0,7103,7103,0,0,0,0,1.0,1,1.0,1,1.0,1,0.6145266728925173,27
2832,2,7105,7105,0,0,0,0,1.0,1,1.0,1,1.0,1,0.6692612532930221,27
2833,2,7107,7107,0,0,0,0,1.0,1,1.0,1,1.0,1,0.6622438885730224,26
2834,1,7108,7108,0,0,0,0,1.0,1,1.0,1,1.0,1,0.6478697287466014,26
2835,2,7110,7110,0,0,0,0,1.0,1,1.0,1,1.0,1,0.6192890258643196,25
2836,2,7112,7112,0,0,0,0,1.0,1,1.0,1,1.0,1,0.6055460408957283,27
2837,1,7113,7113,0,0,0,0,1.0,1,1.0,1,1.0,1,0.603378771282832,27
2838,4,7117,7117,0,0,0,0,1.0,1,1.0,1,1.0,1,0.578606130079186,27
2839,1,7118,7118,0,0,0,0,1.0,1,1.0,1,1.0,1,0.5610507241112193,29
2840,3,7121,7121,0,0,0,0,1.0,1,1.0,1,1.0,1,0.5598645818735876,29
2841,3,7124,7124,0,0,0,0,1.0,1,1.0,1,1.0,1,0.5185529543297208,31
2842,3,7127,7127,0,0,0,0,1.0,1,1.0,1,1.0,1,0.4900288664689011,31
2843,6,7133,7133,0,0,0,0,1.0,1,1.0,1,1.0,1,0.4160341477888553,32
2844,6,7139,7139,0,0,0,0,1.0,1,1.0,1,1.0,1,0.4372598348065736,33
2845,3,7142,7142,0,0,0,0,1.0,1,1.0,1,1.0,1,0.4855224662188419,32
2846,5,7147,7147,0,0,0,0,1.0,1,1.0,1,1.0,1,0.48594231720229225,33
2847,5,7152,7152,0,0,0,0,1.0,1,1.0,1,1.0,1,0.5369778037622939,32
2848,2,7154,7154,0,0,0,0,1.0,1,1.0,1,1.0,1,0.5308162006074184,33
2849,1,7155,7155,0,0,0,0,1.0,1,1.0,1,1.0,1,0.5501489366557216,34
2850,0,7155,7155,0,0,0,0,1.0,1,1.0,1,1.0,1,0.5501489366557216,34
2851,2,7157,7157,0,0,0,0,1.0,1,1.0,1,1.0,1,0.5673223640981506,34
2852,3,7160,7160,0,0,0,0,1.0,1,1.0,1,1.0,1,0.5568167087225073,35
2853,2,7162,7162,0,0,0,0,1.0,1,1.0,1,1.0,1,0.5887183624517401,36
2854,3,7165,7165,0,0,0,0,1.0,1,1.0,1,1.0,1,0.5905353651506285,37
2855,5,7170,7170,0,0,0,0,1.0,1,1.0,1,1.0,1,0.6062158522163611,38
2856,2,7172,7172,0,0,0,0,1.0,1,1.0,1,1.0,1,0.5722446382897028,38
2857,2,7174,7174,0,0,0,0,1.0,1,1.0,1,1.0,1,0.5733865289352463,39
2858,2,7176,7176,0,0,0,0,1.0,1,1.0,1,1.0,1,0.5578291322561895,40
2859,5,7181,7181,0,0,0,0,1.0,1,1.0,1,1.0,1,0.5119060750064349,40
2860,2,7183,7183,0,0,0,0,1.0,1,1.0,1,1.0,1,0.5354220074304112,40
2861,2,7185,7185,0,0,0,0,1.0,1,1.0,1,1.0,1,0.5312501398137456,38
2862,5,7190,7190,0,0,0,0,1.0,1,1.0,1,1.0,1,0.547075352341239,38
2863,3,7193,7193,0,0,0,0,1.0,1,1.0,1,1.0,1,0.5398730728033043,38
2864,5,7198,7198,0,0,0,0,1.0,1,1.0,1,1.0,1,0.6005571427082156,36
2865,3,7201,7201,0,0,0,0,1.0,1,1.0,1,1.0,1,0.5651222005825852,34
2866,2,7203,7203,0,0,0,0,1.0,1,1.0,1,1.0,1,0.59003301976323,31
2867,3,7206,7206,0,0,0,0,1.0,1,1.0,1,1.0,1,0.5778459345294663,30
2868,1,7207,7207,0,0,0,0,1.0,1,1.0,1,1.0,1,0.5842920075249436,27
2869,2,7209,7209,0,0,0,0,1.0,1,1.0,1,1.0,1,0.6032589340419482,27
2870,1,7210,7210,0,0,0,0,1.0,1,1.0,1,1.0,1,0.5898727939227523,25
2871,3,7213,7213,0,0,0,0,1.0,1,1.0,1,1.0,1,0.6069088318372114,25
2872,0,7213,7213,0,0,0,0,1.0,1,1.0,1,1.0,1,0.609324131083981,23
2873,2,7215,7215,0,0,0,0,1.0,1,1.0,1,1.0,1,0.6440751932672072,24
2874,1,7216,7216,0,0,0,0,1.0,1,1.0,1,1.0,1,0.6739689034834802,24
2875,2,7218,7218,0,0,0,0,1.0,1,1.0,1,1.0,1,0.7124684028479713,23
2876,0,7218,7218,0,0,0,0,1.0,1,1.0,1,1.0,1,0.6984681440658603,24
2877,2,7220,7220,0,0,0,0,1.0,1,1.0,1,1.0,1,0.672140475427517,24
2878,1,7221,7221,0,0,0,0,1.0,1,1.0,1,1.0,1,0.6604007173256989,24
2879,1,7222,7222,0,0,0,0,1.0,1,1.0,1,1.0,1,0.6560569831553478,25
2880,1,7223,7223,0,0,0,0,1.0,1,1.0,1,1.0,1,0.6624614598393307,26
2881,1,7224,7224,0,0,0,0,1.0,1,1.0,1,1.0,1,0.6700274458449843,26
2882,1,7225,7225,0,0,0,0,1.0,1,1.0,1,1.0,1,0.6525202602223846,27
2883,3,7228,7228,0,0,0,0,1.0,1,1.0,1,1.0,1,0.6390390362772771,28
2884,1,7229,7229,0,0,0,0,1.0,1,1.0,1,1.0,1,0.6726650674855237,29
2885,2,7231,7231,0,0,0,0,1.0,1,1.0,1,1.0,1,0.673504391298796,31
2886,1,7232,7232,0,0,0,0,1.0,1,1.0,1,1.0,1,0.6830632392633408,31
2887,1,7233,7233,0,0,0,0,1.0,1,1.0,1,1.0,1,0.6787354412083467,33
2888,3,7236,7236,0,0,0,0,1.0,1,1.0,1,1.0,1,0.7172118741607553,34
2889,0,7236,7236,0,0,0,0,1.0,1,1.0,1,1.0,1,0.6976374841025323,35
2890,3,7239,7239,0,0,0,0,1.0,1,1.0,1,1.0,1,0.698976314109865,35
2891,0,7239,7239,0,0,0,0,1.0,1,1.0,1,1.0,1,0.698976314109865,35
2892,1,7240,7240,0,0,0,0,1.0,1,1.0,1,1.0,1,0.693969010968596,35
2893,1,7241,7241,0,0,0,0,1.0,1,1.0,1,1.0,1,0.7019617082465562,37
2894,1,7242,7242,0,0,0,0,1.0,1,1.0,1,1.0,1,0.7152955011956904,37
2895,1,7243,7243,0,0,0,0,1.0,1,1.0,1,1.0,1,0.704075529666936,37
2896,0,7243,7243,0,0,0,0,1.0,1,1.0,1,1.0,1,0.7085209880807217,38
2897,1,7244,7244,0,0,0,0,1.0,1,1.0,1,1.0,1,0.7342185506407575,37
2898,0,7244,7244,0,0,0,0,1.0,1,1.0,1,1.0,1,0.7383667873107707,38
2899,1,7245,7245,0,0,0,0,1.0,1,1.0,1,1.0,1,0.7436125463600334,37
2900,0,7245,7245,0,0,0,0,1.0,1,1.0,1,1.0,1,0.7382195351910359,36
2901,0,7245,7245,0,0,0,0,1.0,1,1.0,1,1.0,1,0.7272100951761157,37
2902,2,7247,7247,0,0,0,0,1.0,1,1.0,1,1.0,1,0.7222697785240464,35
2903,0,7247,7247,0,0,0,0,1.0,1,1.0,1,1.0,1,0.7264680508909027,35
2904,1,7248,7248,0,0,0,0,1.0,1,1.0,1,1.0,1,0.7272817217771055,33
2905,1,7249,7249,0,0,0,0,1.0,1,1.0,1,1.0,1,0.7266892021088706,34
2906,1,7250,7250,0,0,0,0,1.0,1,1.0,1,1.0,1,0.7123635773045072,34
2907,1,7251,7251,0,0,0,0,1.0,1,1.0,1,1.0,1,0.7268875236254986,35
2908,1,7252,7252,0,0,0,0,1.0,1,1.0,1,1.0,1,0.7310649163527599,36
2909,1,7253,7253,0,0,0,0,1.0,1,1.0,1,1.0,1,0.7452554247887797,38
2910,2,7255,7255,0,0,0,0,1.0,1,1.0,1,1.0,1,0.7465211465682774,38
2911,0,7255,7255,0,0,0,0,1.0,1,1.0,1,1.0,1,0.7426702233629175,37
2912,2,7257,7257,0,0,0,0,1.0,1,1.0,1,1.0,1,0.7051291187851317,37
2913,3,7260,7260,0,0,0,0,1.0,1,1.0,1,1.0,1,0.7119319057618176,38
2914,3,7263,7263,0,0,0,0,1.0,1,1.0,1,1.0,1,0.7027939219240803,38
2915,4,7267,7267,0,0,0,0,1.0,1,1.0,1,1.0,1,0.6518380846108701,39
2916,4,7271,7271,0,0,0,0,1.0,1,1.0,1,1.0,1,0.6219437313542695,40
2917,2,7273,7273,0,0,0,0,1.0,1,1.0,1,1.0,1,0.6014316925867393,41
2918,3,7276,7276,0,0,0,0,1.0,1,1.0,1,1.0,1,0.5752949598903324,41
2919,2,7278,7278,0,0,0,0,1.0,1,1.0,1,1.0,1,0.5931262423040171,41
2920,1,7279,7279,0,0,0,0,1.0,1,1.0,1,1.0,1,0.5964524833603668,43
2921,2,7281,7281,0,0,0,0,1.0,1,1.0,1,1.0,1,0.583607244861007,42
2922,1,7282,7282,0,0,0,0,1.0,1,1.0,1,1.0,1,0.5788847313993718,43
2923,1,7283,7283,0,0,0,0,1.0,1,1.0,1,1.0,1,0.5778854154767661,44
2924,3,7286,7286,0,0,0,0,1.0,1,1.0,1,1.0,1,0.5785871924219538,45
2925,0,7286,7286,0,0,0,0,1.0,1,1.0,1,1.0,1,0.5926767036776308,45
2926,4,7290,7290,0,0,0,0,1.0,1,1.0,1,1.0,1,0.5728365341722084,47
2927,3,7293,7293,0,0,0,0,1.0,1,1.0,1,1.0,1,0.5550953388541491,47
2928,3,7296,7296,0,0,0,0,1.0,1,1.0,1,1.0,1,0.5429907653939321,48
2929,1,7297,7297,0,0,0,0,1.0,1,1.0,1,1.0,1,0.5607689107522087,48
2930,3,7300,7300,0,0,0,0,1.0,1,1.0,1,1.0,1,0.5482598452261522,50
2931,2,7302,7302,0,0,0,0,1.0,1,1.0,1,1.0,1,0.549686735419154,51
2932,0,7302,7302,0,0,0,0,1.0,1,1.0,1,1.0,1,0.549686735419154,51
2933,2,7304,7304,0,0,0,0,1.0,1,1.0,1,1.0,1,0.5760521279200931,52
2934,2,7306,7306,0,0,0,0,1.0,1,1.0,1,1.0,1,0.6025219525856476,52
2935,1,7307,7307,0,0,0,0,1.0,1,1.0,1,1.0,1,0.6303763122641592,51
2936,0,7307,7307,0,0,0,0,1.0,1,1.0,1,1.0,1,0.6346111507626866,49
2937,1,7308,7308,0,0,0,0,1.0,1,1.0,1,1.0,1,0.6281189554302683,50
2938,2,7310,7310,0,0,0,0,1.0,1,1.0,1,1.0,1,0.640890342770958,50
2939,3,7313,7313,0,0,0,0,1.0,1,1.0,1,1.0,1,0.6239079633420628,51
2940,1,7314,7314,0,0,0,0,1.0,1,1.0,1,1.0,1,0.6331471234026705,52
2941,1,7315,7315,0,0,0,0,1.0,1,1.0,1,1.0,1,0.6506710630846612,53
2942,4,7319,7319,0,0,0,0,1.0,1,1.0,1,1.0,1,0.670185687147086,52
2943,3,7322,7322,0,0,0,0,1.0,1,1.0,1,1.0,1,0.6690893922403286,51
2944,3,7325,7325,0,0,0,0,1.0,1,1.0,1,1.0,1,0.6813572578702028,52
2945,1,7326,7326,0,0,0,0,1.0,1,1.0,1,1.0,1,0.6711093869298098,50
2946,1,7327,7327,0,0,0,0,1.0,1,1.0,1,1.0,1,0.6945649296577228,51
2947,1,7328,7328,0,0,0,0,1.0,1,1.0,1,1.0,1,0.6987735983146037,50
2948,1,7329,7329,0,0,0,0,1.0,1,1.0,1,1.0,1,0.6974512879479445,50
2949,0,7329,7329,0,0,0,0,1.0,1,1.0,1,1.0,1,0.6980501326380896,49
2950,2,7331,7331,0,0,0,0,1.0,1,1.0,1,1.0,1,0.7091179706981283,48
2951,2,7333,7333,0,0,0,0,1.0,1,1.0,1,1.0,1,0.691735172657143,48
2952,1,7334,7334,0,0,0,0,1.0,1,1.0,1,1.0,1,0.6910761816908519,46
2953,4,7338,7338,0,0,0,0,1.0,1,1.0,1,1.0,1,0.6707147891331822,46
2954,5,7343,7343,0,0,0,0,1.0,1,1.0,1,1.0,1,0.6410264243852344,48
2955,6,7349,7349,0,0,0,0,1.0,1,1.0,1,1.0,1,0.6392106978433115,48
2956,3,7352,7352,0,0,0,0,1.0,1,1.0,1,1.0,1,0.6330550733676382,47
2957,10,7362,7362,0,0,0,0,1.0,1,1.0,1,1.0,1,0.6064319056742854,48
2958,6,7368,7368,0,0,0,0,1.0,1,1.0,1,1.0,1,0.6001696298707242,49
2959,9,7377,7377,0,0,0,0,1.0,1,1.0,1,1.0,1,0.5706096965850757,49
2960,7,7384,7384,0,0,0,0,1.0,1,1.0,1,1.0,1,0.5269141418242691,49
2961,5,7389,7389,0,0,0,0,1.0,1,1.0,1,1.0,1,0.51546691243664,51
2962,2,7391,7391,0,0,0,0,1.0,1,1.0,1,1.0,1,0.5188389322813023,51
2963,3,7394,7394,0,0,0,0,1.0,1,1.0,1,1.0,1,0.5325907548638095,51
2964,1,7395,7395,0,0,0,0,1.0,1,1.0,1,1.0,1,0.5478564037703626,52
2965,3,7398,7398,0,0,0,0,1.0,1,1.0,1,1.0,1,0.5431936603957994,53
2966,1,7399,7399,0,0,0,0,1.0,1,1.0,1,1.0,1,0.5558610575546657,53
2967,2,7401,7401,0,0,0,0,1.0,1,1.0,1,1.0,1,0.578448871964713,53
2968,1,7402,7402,0,0,0,0,1.0,1,1.0,1,1.0,1,0.5547869996322484,54
2969,1,7403,7403,0,0,0,0,1.0,1,1.0,1,1.0,1,0.5147514423548047,55
2970,0,7403,7403,0,0,0,0,1.0,1,1.0,1,1.0,1,0.5147514423548047,55
2971,0,7403,7403,0,0,0,0,1.0,1,1.0,1,1.0,1,0.5147514423548047,55
2972,0,7403,7403,0,0,0,0,1.0,1,1.0,1,1.0,1,0.5147514423548047,55
2973,1,7404,7404,0,0,0,0,1.0,1,1.0,1,1.0,1,0.5474175727557451,55
2974,0,7404,7404,0,0,0,0,1.0,1,1.0,1,1.0,1,0.5365705373161671,56
2975,0,7404,7404,0,0,0,0,1.0,1,1.0,1,1.0,1,0.5349061488525353,55
2976,0,7404,7404,0,0,0,0,1.0,1,1.0,1,1.0,1,0.5364632884845707,57
2977,4,7408,7408,0,0,0,0,1.0,1,1.0,1,1.0,1,0.5536768632581327,59
2978,4,7412,7412,0,0,0,0,1.0,1,1.0,1,1.0,1,0.5611233707673747,59
2979,7,7419,7419,0,0,0,0,1.0,1,1.0,1,1.0,1,0.540354996065512,59
2980,5,7424,7424,0,0,0,0,1.0,1,1.0,1,1.0,1,0.49460597718961086,59
2981,7,7431,7431,0,0,0,0,1.0,1,1.0,1,1.0,1,0.4936151879707501,59
2982,5,7436,7436,0,0,0,0,1.0,1,1.0,1,1.0,1,0.5074367307906689,61
2983,7,7443,7443,0,0,0,0,1.0,1,1.0,1,1.0,1,0.551286572957773,61
2984,5,7448,7448,0,0,0,0,1.0,1,1.0,1,1.0,1,0.5795907282524271,61
2985,10,7458,7458,0,0,0,0,1.0,1,1.0,1,1.0,1,0.5996811303500378,57
2986,6,7464,7464,0,0,0,0,1.0,1,1.0,1,1.0,1,0.5448988663298932,58
2987,5,7469,7469,0,0,0,0,1.0,1,1.0,1,1.0,1,0.5356235536163001,56
2988,5,7474,7474,0,0,0,0,1.0,1,1.0,1,1.0,1,0.5267031727865504,55
2989,6,7480,7480,0,0,0,0,1.0,1,1.0,1,1.0,1,0.5533310627993931,53
2990,6,7486,7486,0,0,0,0,1.0,1,1.0,1,1.0,1,0.5037634285579147,52
2991,5,7491,7491,0,0,0,0,1.0,1,1.0,1,1.0,1,0.5247141036301588,54
2992,4,7495,7495,0,0,0,0,1.0,1,1.0,1,1.0,1,0.5394681630080773,55
2993,1,7496,7496,0,0,0,0,1.0,1,1.0,1,1.0,1,0.5507751114866887,53
2994,2,7498,7498,0,0,0,0,1.0,1,1.0,1,1.0,1,0.5696135531047468,53
2995,3,7501,7501,0,0,0,0,1.0,1,1.0,1,1.0,1,0.5655149509632519,51
2996,0,7501,7501,0,0,0,0,1.0,1,1.0,1,1.0,1,0.5739236804569071,52
2997,2,7503,7503,0,0,0,0,1.0,1,1.0,1,1.0,1,0.610995022169869,50
2998,1,7504,7504,0,0,0,0,1.0,1,1.0,1,1.0,1,0.6105034932727698,51
2999,2,7506,7506,0,0,0,0,1.0,1,1.0,1,1.0,1,0.6086106593558935,48
3000,1,7507,7507,0,0,0,0,1.0,1,1.0,1,1.0,1,0.5984743625614173,48
3001,2,7509,7509,0,0,0,0,1.0,1,1.0,1,1.0,1,0.5985929184722657,49
3002,4,7513,7513,0,0,0,0,1.0,1,1.0,1,1.0,1,0.6024283128849081,50
3003,3,7516,7516,0,0,0,0,1.0,1,1.0,1,1.0,1,0.5994873305709792,50
3004,4,7520,7520,0,0,0,0,1.0,1,1.0,1,1.0,1,0.5885776331472555,51
3005,3,7523,7523,0,0,0,0,1.0,1,1.0,1,1.0,1,0.5813442540923098,50
3006,1,7524,7524,0,0,0,0,1.0,1,1.0,1,1.0,1,0.5732896116651653,51
3007,0,7524,7524,0,0,0,0,1.0,1,1.0,1,1.0,1,0.5762056166772334,51
3008,4,7528,7528,0,0,0,0,1.0,1,1.0,1,1.0,1,0.5772937315526359,53
3009,2,7530,7530,0,0,0,0,1.0,1,1.0,1,1.0,1,0.6174151979741834,52
3010,3,7533,7533,0,0,0,0,1.0,1,1.0,1,1.0,1,0.6367879429481591,52
3011,4,7537,7537,0,0,0,0,1.0,1,1.0,1,1.0,1,0.6396498282043104,51
3012,4,7541,7541,0,0,0,0,1.0,1,1.0,1,1.0,1,0.6390054184792657,54
3013,3,7544,7544,0,0,0,0,1.0,1,1.0,1,1.0,1,0.6132873636009405,52
3014,5,7549,7549,0,0,0,0,1.0,1,1.0,1,1.0,1,0.5936989737091355,51
3015,4,7553,7553,0,0,0,0,1.0,1,1.0,1,1.0,1,0.6427803606537288,50
3016,6,7559,7559,0,0,0,0,1.0,1,1.0,1,1.0,1,0.6355281327350588,50
3017,2,7561,7561,0,0,0,0,1.0,1,1.0,1,1.0,1,0.6433207623393687,48
3018,7,7568,7568,0,0,0,0,1.0,1,1.0,1,1.0,1,0.5687445922706298,48
3019,8,7576,7576,0,0,0,0,1.0,1,1.0,1,1.0,1,0.5765081494478839,47
3020,3,7579,7579,0,0,0,0,1.0,1,1.0,1,1.0,1,0.5676568468967422,47
3021,3,7582,7582,0,0,0,0,1.0,1,1.0,1,1.0,1,0.5773228056385085,46
3022,5,7587,7587,0,0,0,0,1.0,1,1.0,1,1.0,1,0.6206816607480382,45
3023,1,7588,7588,0,0,0,0,1.0,1,1.0,1,1.0,1,0.6278360994559461,41
3024,3,7591,7591,0,0,0,0,1.0,1,1.0,1,1.0,1,0.6379335867190273,43
3025,2,7593,7593,0,0,0,0,1.0,1,1.0,1,1.0,1,0.6516861881180387,39
3026,3,7596,7596,0,0,0,0,1.0,1,1.0,1,1.0,1,0.6725707711634048,38
3027,3,7599,7599,0,0,0,0,1.0,1,1.0,1,1.0,1,0.6335623841714187,38
3028,4,7603,7603,0,0,0,0,1.0,1,1.0,1,1.0,1,0.5896565073646497,38
3029,5,7608,7608,0,0,0,0,1.0,1,1.0,1,1.0,1,0.5578312913224156,37
3030,3,7611,7611,0,0,0,0,1.0,1,1.0,1,1.0,1,0.5163217657976413,38
3031,5,7616,7616,0,0,0,0,1.0,1,1.0,1,1.0,1,0.5087163359677855,39
3032,2,7618,7618,0,0,0,0,1.0,1,1.0,1,1.0,1,0.4953901877967391,39
3033,1,7619,7619,0,0,0,0,1.0,1,1.0,1,1.0,1,0.5038265085592702,39
3034,0,7619,7619,0,0,0,0,1.0,1,1.0,1,1.0,1,0.5103736191088688,38
3035,3,7622,7622,0,0,0,0,1.0,1,1.0,1,1.0,1,0.5278503388978448,39
3036,0,7622,7622,0,0,0,0,1.0,1,1.0,1,1.0,1,0.5442388543041994,39
3037,2,7624,7624,0,0,0,0,1.0,1,1.0,1,1.0,1,0.5884867982757626,39
3038,3,7627,7627,0,0,0,0,1.0,1,1.0,1,1.0,1,0.6233836804695918,40
3039,1,7628,7628,0,0,0,0,1.0,1,1.0,1,1.0,1,0.6359819747274426,41
3040,3,7631,7631,0,0,0,0,1.0,1,1.0,1,1.0,1,0.5754689585316204,42
3041,6,7637,7637,0,0,0,0,1.0,1,1.0,1,1.0,1,0.6117996951098272,43
3042,4,7641,7641,0,0,0,0,1.0,1,1.0,1,1.0,1,0.6065920885885291,45
3043,2,7643,7643,0,0,0,0,1.0,1,1.0,1,1.0,1,0.6197140446517937,45
3044,4,7647,7647,0,0,0,0,1.0,1,1.0,1,1.0,1,0.6240375014664401,45
3045,5,7652,7652,0,0,0,0,1.0,1,1.0,1,1.0,1,0.600379480447266,45
3046,2,7654,7654,0,0,0,0,1.0,1,1.0,1,1.0,1,0.6213523604371606,46
3047,4,7658,7658,0,0,0,0,1.0,1,1.0,1,1.0,1,0.5994030041040943,46
3048,0,7658,7658,0,0,0,0,1.0,1,1.0,1,1.0,1,0.6033041754666926,49
3049,2,7660,7660,0,0,0,0,1.0,1,1.0,1,1.0,1,0.591582797808736,50
3050,4,7664,7664,0,0,0,0,1.0,1,1.0,1,1.0,1,0.6197543840313043,50
3051,2,7666,7666,0,0,0,0,1.0,1,1.0,1,1.0,1,0.6120265887529914,50
3052,2,7668,7668,0,0,0,0,1.0,1,1.0,1,1.0,1,0.6048732374323303,50
3053,1,7669,7669,0,0,0,0,1.0,1,1.0,1,1.0,1,0.5765897675788886,49
3054,3,7672,7672,0,0,0,0,1.0,1,1.0,1,1.0,1,0.5623761105861733,47
3055,5,7677,7677,0,0,0,0,1.0,1,1.0,1,1.0,1,0.5196321012772569,48
3056,3,7680,7680,0,0,0,0,1.0,1,1.0,1,1.0,1,0.5358198277957692,47
3057,8,7688,7688,0,0,0,0,1.0,1,1.0,1,1.0,1,0.5454305996002402,48
3058,4,7692,7692,0,0,0,0,1.0,1,1.0,1,1.0,1,0.5562233326473829,46
3059,5,7697,7697,0,0,0,0,1.0,1,1.0,1,1.0,1,0.5361537734439754,44
3060,6,7703,7703,0,0,0,0,1.0,1,1.0,1,1.0,1,0.5344808002985134,44
3061,1,7704,7704,0,0,0,0,1.0,1,1.0,1,1.0,1,0.5569449344435468,42
3062,7,7711,7711,0,0,0,0,1.0,1,1.0,1,1.0,1,0.556133830997131,42
3063,3,7714,7714,0,0,0,0,1.0,1,1.0,1,1.0,1,0.5921516182095283,41
3064,2,7716,7716,0,0,0,0,1.0,1,1.0,1,1.0,1,0.60255155144433,42
3065,2,7718,7718,0,0,0,0,1.0,1,1.0,1,1.0,1,0.577124356790236,40
3066,3,7721,7721,0,0,0,0,1.0,1,1.0,1,1.0,1,0.5547122064031081,42
3067,1,7722,7722,0,0,0,0,1.0,1,1.0,1,1.0,1,0.540038512481389,40
3068,2,7724,7724,0,0,0,0,1.0,1,1.0,1,1.0,1,0.5961830902137465,39
3069,4,7728,7728,0,0,0,0,1.0,1,1.0,1,1.0,1,0.5984864048507138,38
3070,0,7728,7728,0,0,0,0,1.0,1,1.0,1,1.0,1,0.5945995221521321,39
3071,4,7732,7732,0,0,0,0,1.0,1,1.0,1,1.0,1,0.6218891632723078,39
3072,0,7732,7732,0,0,0,0,1.0,1,1.0,1,1.0,1,0.6278334663131305,40
3073,1,7733,7733,0,0,0,0,1.0,1,1.0,1,1.0,1,0.6669886609561768,38
3074,2,7735,7735,0,0,0,0,1.0,1,1.0,1,1.0,1,0.6699108156237826,38
3075,1,7736,7736,0,0,0,0,1.0,1,1.0,1,1.0,1,0.6622981433044894,41
3076,1,7737,7737,0,0,0,0,1.0,1,1.0,1,1.0,1,0.6175879108627,42
3077,2,7739,7739,0,0,0,0,1.0,1,1.0,1,1.0,1,0.6281032068388648,42
3078,3,7742,7742,0,0,0,0,1.0,1,1.0,1,1.0,1,0.6061397934062903,42
3079,3,7745,7745,0,0,0,0,1.0,1,1.0,1,1.0,1,0.5795455254992296,42
3080,2,7747,7747,0,0,0,0,1.0,1,1.0,1,1.0,1,0.5718742580360328,43
3081,4,7751,7751,0,0,0,0,1.0,1,1.0,1,1.0,1,0.5444094048228967,44
3082,2,7753,7753,0,0,0,0,1.0,1,1.0,1,1.0,1,0.5431160093640652,45
3083,2,7755,7755,0,0,0,0,1.0,1,1.0,1,1.0,1,0.5555949734835748,45
3084,0,7755,7755,0,0,0,0,1.0,1,1.0,1,1.0,1,0.5555949734835748,45
3085,3,7758,7758,0,0,0,0,1.0,1,1.0,1,1.0,1,0.558209844229498,46
3086,2,7760,7760,0,0,0,0,1.0,1,1.0,1,1.0,1,0.5304141611743486,46
3087,1,7761,7761,0,0,0,0,1.0,1,1.0,1,1.0,1,0.5326178078242221,47
3088,2,7763,7763,0,0,0,0,1.0,1,1.0,1,1.0,1,0.5607481605192438,48
3089,1,7764,7764,0,0,0,0,1.0,1,1.0,1,1.0,1,0.5512641914976812,46
3090,3,7767,7767,0,0,0,0,1.0,1,1.0,1,1.0,1,0.6034603877947604,46
3091,1,7768,7768,0,0,0,0,1.0,1,1.0,1,1.0,1,0.5998107388340379,46
3092,3,7771,7771,0,0,0,0,1.0,1,1.0,1,1.0,1,0.5994960372365603,47
3093,1,7772,7772,0,0,0,0,1.0,1,1.0,1,1.0,1,0.5947827173326323,47
3094,3,7775,7775,0,0,0,0,1.0,1,1.0,1,1.0,1,0.6245827116320253,45
3095,1,7776,7776,0,0,0,0,1.0,1,1.0,1,1.0,1,0.5882653732777923,46
3096,3,7779,7779,0,0,0,0,1.0,1,1.0,1,1.0,1,0.5579281651939448,46
3097,2,7781,7781,0,0,0,0,1.0,1,1.0,1,1.0,1,0.5656711566115317,47
3098,1,7782,7782,0,0,0,0,1.0,1,1.0,1,1.0,1,0.5566714105128792,47
3099,4,7786,7786,0,0,0,0,1.0,1,1.0,1,1.0,1,0.49660091867874284,47
3100,1,7787,7787,0,0,0,0,1.0,1,1.0,1,1.0,1,0.4980946483743639,47
3101,4,7791,7791,0,0,0,0,1.0,1,1.0,1,1.0,1,0.5481203381489961,48
3102,2,7793,7793,0,0,0,0,1.0,1,1.0,1,1.0,1,0.5621060134900674,48
3103,6,7799,7799,0,0,0,0,1.0,1,1.0,1,1.0,1,0.6071700575526214,49
3104,3,7802,7802,0,0,0,0,1.0,1,1.0,1,1.0,1,0.6077982445532468,48
3105,3,7805,7805,0,0,0,0,1.0,1,1.0,1,1.0,1,0.6514517437647278,45
3106,1,7806,7806,0,0,0,0,1.0,1,1.0,1,1.0,1,0.63995977943838,46
3107,5,7811,7811,0,0,0,0,1.0,1,1.0,1,1.0,1,0.6245746138749882,44
3108,1,7812,7812,0,0,0,0,1.0,1,1.0,1,1.0,1,0.6298485148111163,45
3109,3,7815,7815,0,0,0,0,1.0,1,1.0,1,1.0,1,0.6215457044255992,44
3110,0,7815,7815,0,0,0,0,1.0,1,1.0,1,1.0,1,0.616100842264674,46
3111,5,7820,7820,0,0,0,0,1.0,1,1.0,1,1.0,1,0.6034584205453681,46
3112,3,7823,7823,0,0,0,0,1.0,1,1.0,1,1.0,1,0.6108387441682716,47
3113,2,7825,7825,0,0,0,0,1.0,1,1.0,1,1.0,1,0.597489536255953,48
3114,1,7826,7826,0,0,0,0,1.0,1,1.0,1,1.0,1,0.6022258936833756,48
3115,0,7826,7826,0,0,0,0,1.0,1,1.0,1,1.0,1,0.6100226815167276,49
3116,2,7828,7828,0,0,0,0,1.0,1,1.0,1,1.0,1,0.6310335049216098,48
3117,3,7831,7831,0,0,0,0,1.0,1,1.0,1,1.0,1,0.6639332321133911,49
3118,0,7831,7831,0,0,0,0,1.0,1,1.0,1,1.0,1,0.6595253052655112,50
3119,3,7834,7834,0,0,0,0,1.0,1,1.0,1,1.0,1,0.6564265626098896,50
3120,3,7837,7837,0,0,0,0,1.0,1,1.0,1,1.0,1,0.698479800729869,50
3121,3,7840,7840,0,0,0,0,1.0,1,1.0,1,1.0,1,0.6948207683238402,50
3122,2,7842,7842,0,0,0,0,1.0,1,1.0,1,1.0,1,0.708699606240446,50
3123,1,7843,7843,0,0,0,0,1.0,1,1.0,1,1.0,1,0.6885082541911789,51
3124,3,7846,7846,0,0,0,0,1.0,1,1.0,1,1.0,1,0.6854924406137255,51
3125,2,7848,7848,0,0,0,0,1.0,1,1.0,1,1.0,1,0.6958986065813051,51
3126,1,7849,7849,0,0,0,0,1.0,1,1.0,1,1.0,1,0.6844344979068996,54
3127,3,7852,7852,0,0,0,0,1.0,1,1.0,1,1.0,1,0.671596813726924,53
3128,3,7855,7855,0,0,0,0,1.0,1,1.0,1,1.0,1,0.6448666756616512,52
3129,2,7857,7857,0,0,0,0,1.0,1,1.0,1,1.0,1,0.6328735368069625,51
3130,2,7859,7859,0,0,0,0,1.0,1,1.0,1,1.0,1,0.6438547589392037,50
3131,3,7862,7862,0,0,0,0,1.0,1,1.0,1,1.0,1,0.6347899364761743,50
3132,0,7862,7862,0,0,0,0,1.0,1,1.0,1,1.0,1,0.6234792786637396,49
3133,1,7863,7863,0,0,0,0,1.0,1,1.0,1,1.0,1,0.6355047338971643,49
3134,2,7865,7865,0,0,0,0,1.0,1,1.0,1,1.0,1,0.6368161753249064,46
3135,2,7867,7867,0,0,0,0,1.0,1,1.0,1,1.0,1,0.6376647093304673,47
3136,3,7870,7870,0,0,0,0,1.0,1,1.0,1,1.0,1,0.6227958635251476,46
3137,1,7871,7871,0,0,0,0,1.0,1,1.0,1,1.0,1,0.5874372768123799,49
3138,4,7875,7875,0,0,0,0,1.0,1,1.0,1,1.0,1,0.5955136451704636,49
3139,2,7877,7877,0,0,0,0,1.0,1,1.0,1,1.0,1,0.5740023866843402,50
3140,3,7880,7880,0,0,0,0,1.0,1,1.0,1,1.0,1,0.5555282728693972,51
3141,3,7883,7883,0,0,0,0,1.0,1,1.0,1,1.0,1,0.5406294922107218,50
3142,2,7885,7885,0,0,0,0,1.0,1,1.0,1,1.0,1,0.5357093150531546,50
3143,1,7886,7886,0,0,0,0,1.0,1,1.0,1,1.0,1,0.5425442677961526,49
3144,3,7889,7889,0,0,0,0,1.0,1,1.0,1,1.0,1,0.5408954838056624,49
3145,2,7891,7891,0,0,0,0,1.0,1,1.0,1,1.0,1,0.5775880265149242,48
3146,3,7894,7894,0,0,0,0,1.0,1,1.0,1,1.0,1,0.5675244408419046,49
3147,6,7900,7900,0,0,0,0,1.0,1,1.0,1,1.0,1,0.5879625330740801,48
3148,2,7902,7902,0,0,0,0,1.0,1,1.0,1,1.0,1,0.5812100872443887,48
3149,3,7905,7905,0,0,0,0,1.0,1,1.0,1,1.0,1,0.5693039048258887,47
3150,3,7908,7908,0,0,0,0,1.0,1,1.0,1,1.0,1,0.584475283110535,47
3151,3,7911,7911,0,0,0,0,1.0,1,1.0,1,1.0,1,0.6192301907040283,48
3152,4,7915,7915,0,0,0,0,1.0,1,1.0,1,1.0,1,0.6535509970098329,47
3153,5,7920,7920,0,0,0,0,1.0,1,1.0,1,1.0,1,0.6613846562382439,47
3154,3,7923,7923,0,0,0,0,1.0,1,1.0,1,1.0,1,0.6529832573038297,48
3155,3,7926,7926,0,0,0,0,1.0,1,1.0,1,1.0,1,0.6335086433635109,48
3156,4,7930,7930,0,0,0,0,1.0,1,1.0,1,1.0,1,0.6081812445633323,48
3157,3,7933,7933,0,0,0,0,1.0,1,1.0,1,1.0,1,0.6215434206625948,48
3158,2,7935,7935,0,0,0,0,1.0,1,1.0,1,1.0,1,0.6030227355421817,48
3159,2,7937,7937,0,0,0,0,1.0,1,1.0,1,1.0,1,0.6147154221704062,49
3160,1,7938,7938,0,0,0,0,1.0,1,1.0,1,1.0,1,0.6049826212387762,51
3161,1,7939,7939,0,0,0,0,1.0,1,1.0,1,1.0,1,0.582554875402569,52
3162,1,7940,7940,0,0,0,0,1.0,1,1.0,1,1.0,1,0.5885020954726782,51
3163,2,7942,7942,0,0,0,0,1.0,1,1.0,1,1.0,1,0.6101860018700449,51
3164,4,7946,7946,0,0,0,0,1.0,1,1.0,1,1.0,1,0.6157772150992211,52
3165,5,7951,7951,0,0,0,0,1.0,1,1.0,1,1.0,1,0.5971985465505563,50
3166,2,7953,7953,0,0,0,0,1.0,1,1.0,1,1.0,1,0.5683209255864337,50
3167,4,7957,7957,0,0,0,0,1.0,1,1.0,1,1.0,1,0.5493236646888872,49
3168,2,7959,7959,0,0,0,0,1.0,1,1.0,1,1.0,1,0.5550513853018717,47
3169,4,7963,7963,0,0,0,0,1.0,1,1.0,1,1.0,1,0.5437544425659294,48
3170,2,7965,7965,0,0,0,0,1.0,1,1.0,1,1.0,1,0.5394882079298327,47
3171,7,7972,7972,0,0,0,0,1.0,1,1.0,1,1.0,1,0.5422484913847236,47
3172,0,7972,7972,0,0,0,0,1.0,1,1.0,1,1.0,1,0.5589218640031399,46
3173,0,7972,7972,0,0,0,0,1.0,1,1.0,1,1.0,1,0.5261674776895924,45
3174,3,7975,7975,0,0,0,0,1.0,1,1.0,1,1.0,1,0.6009854867408029,43
3175,1,7976,7976,0,0,0,0,1.0,1,1.0,1,1.0,1,0.6122531435626773,43
3176,2,7978,7978,0,0,0,0,1.0,1,1.0,1,1.0,1,0.5697511281612,44
3177,3,7981,7981,0,0,0,0,1.0,1,1.0,1,1.0,1,0.6088761857847462,44
3178,3,7984,7984,0,0,0,0,1.0,1,1.0,1,1.0,1,0.5639478742700405,47
3179,3,7987,7987,0,0,0,0,1.0,1,1.0,1,1.0,1,0.5417483006614348,48
3180,3,7990,7990,0,0,0,0,1.0,1,1.0,1,1.0,1,0.5221360569682905,48
3181,5,7995,7995,0,0,0,0,1.0,1,1.0,1,1.0,1,0.548550467673036,48
3182,6,8001,8001,0,0,0,0,1.0,1,1.0,1,1.0,1,0.5643183094782621,51
3183,1,8002,8002,0,0,0,0,1.0,1,1.0,1,1.0,1,0.5650644783161561,50
3184,3,8005,8005,0,0,0,0,1.0,1,1.0,1,1.0,1,0.604901822043458,50
3185,4,8009,8009,0,0,0,0,1.0,1,1.0,1,1.0,1,0.6492694517744275,48
3186,1,8010,8010,0,0,0,0,1.0,1,1.0,1,1.0,1,0.6439531999284479,48
3187,1,8011,8011,0,0,0,0,1.0,1,1.0,1,1.0,1,0.644693932475447,48
3188,1,8012,8012,0,0,0,0,1.0,1,1.0,1,1.0,1,0.6596414858308804,48
3189,1,8013,8013,0,0,0,0,1.0,1,1.0,1,1.0,1,0.6438850255392042,49
3190,1,8014,8014,0,0,0,0,1.0,1,1.0,1,1.0,1,0.6247058421719222,51
3191,0,8014,8014,0,0,0,0,1.0,1,1.0,1,1.0,1,0.6113783060497142,52
3192,0,8014,8014,0,0,0,0,1.0,1,1.0,1,1.0,1,0.6113783060497142,52
3193,5,8019,8019,0,0,0,0,1.0,1,1.0,1,1.0,1,0.6006537580618119,52
3194,2,8021,8021,0,0,0,0,1.0,1,1.0,1,1.0,1,0.5624223179250295,54
3195,3,8024,8024,0,0,0,0,1.0,1,1.0,1,1.0,1,0.5657608413868446,54
3196,3,8027,8027,0,0,0,0,1.0,1,1.0,1,1.0,1,0.542806397149334,54
3197,1,8028,8028,0,0,0,0,1.0,1,1.0,1,1.0,1,0.541617704282734,54
3198,6,8034,8034,0,0,0,0,1.0,1,1.0,1,1.0,1,0.5465892816121537,54
3199,0,8034,8034,0,0,0,0,1.0,1,1.0,1,1.0,1,0.5323560412580253,56
3200,5,8039,8039,0,0,0,0,1.0,1,1.0,1,1.0,1,0.530196019986165,56
3201,1,8040,8040,0,0,0,0,1.0,1,1.0,1,1.0,1,0.5348310022380043,56
3202,3,8043,8043,0,0,0,0,1.0,1,1.0,1,1.0,1,0.5381340885178416,57
3203,1,8044,8044,0,0,0,0,1.0,1,1.0,1,1.0,1,0.5361839582617449,56
3204,6,8050,8050,0,0,0,0,1.0,1,1.0,1,1.0,1,0.541471538853548,55
3205,3,8053,8053,0,0,0,0,1.0,1,1.0,1,1.0,1,0.5258415742548814,54
3206,5,8058,8058,0,0,0,0,1.0,1,1.0,1,1.0,1,0.5255593982901922,56
3207,2,8060,8060,0,0,0,0,1.0,1,1.0,1,1.0,1,0.5480166722683045,54
3208,3,8063,8063,0,0,0,0,1.0,1,1.0,1,1.0,1,0.547632078222978,53
3209,1,8064,8064,0,0,0,0,1.0,1,1.0,1,1.0,1,0.5466277909171454,54
3210,1,8065,8065,0,0,0,0,1.0,1,1.0,1,1.0,1,0.5372273908861201,53
3211,0,8065,8065,0,0,0,0,1.0,1,1.0,1,1.0,1,0.5372273908861201,53
3212,1,8066,8066,0,0,0,0,1.0,1,1.0,1,1.0,1,0.5633650983066902,54
3213,0,8066,8066,0,0,0,0,1.0,1,1.0,1,1.0,1,0.556078289217565,54
3214,1,8067,8067,0,0,0,0,1.0,1,1.0,1,1.0,1,0.5428163072408282,55
3215,0,8067,8067,0,0,0,0,1.0,1,1.0,1,1.0,1,0.5428163072408282,55
3216,2,8069,8069,0,0,0,0,1.0,1,1.0,1,1.0,1,0.5041063481306864,55
3217,0,8069,8069,0,0,0,0,1.0,1,1.0,1,1.0,1,0.5075565193702163,54
3218,3,8072,8072,0,0,0,0,1.0,1,1.0,1,1.0,1,0.47807383479737875,54
3219,6,8078,8078,0,0,0,0,1.0,1,1.0,1,1.0,1,0.49615620617391065,55
3220,2,8080,8080,0,0,0,0,1.0,1,1.0,1,1.0,1,0.49924389277840603,56
3221,2,8082,8082,0,0,0,0,1.0,1,1.0,1,1.0,1,0.49476731383388567,57
3222,3,8085,8085,0,0,0,0,1.0,1,1.0,1,1.0,1,0.5266220352569707,57
3223,3,8088,8088,0,0,0,0,1.0,1,1.0,1,1.0,1,0.5363151669871293,56
3224,1,8089,8089,0,0,0,0,1.0,1,1.0,1,1.0,1,0.5329320036980612,58
3225,3,8092,8092,0,0,0,0,1.0,1,1.0,1,1.0,1,0.5405956711437129,55
3226,3,8095,8095,0,0,0,0,1.0,1,1.0,1,1.0,1,0.5441420229598405,54
3227,3,8098,8098,0,0,0,0,1.0,1,1.0,1,1.0,1,0.5350327349068238,53
3228,5,8103,8103,0,0,0,0,1.0,1,1.0,1,1.0,1,0.534906457271974,52
3229,4,8107,8107,0,0,0,0,1.0,1,1.0,1,1.0,1,0.520632520624742,52
3230,3,8110,8110,0,0,0,0,1.0,1,1.0,1,1.0,1,0.5150366851211418,50
3231,6,8116,8116,0,0,0,0,1.0,1,1.0,1,1.0,1,0.5320599668390912,50
3232,4,8120,8120,0,0,0,0,1.0,1,1.0,1,1.0,1,0.5496843201973461,50
3233,4,8124,8124,0,0,0,0,1.0,1,1.0,1,1.0,1,0.5637789934921977,50
3234,3,8127,8127,0,0,0,0,1.0,1,1.0,1,1.0,1,0.5650817822508828,49
3235,3,8130,8130,0,0,0,0,1.0,1,1.0,1,1.0,1,0.5278726794036159,49
3236,0,8130,8130,0,0,0,0,1.0,1,1.0,1,1.0,1,0.5270309967382474,51
3237,3,8133,8133,0,0,0,0,1.0,1,1.0,1,1.0,1,0.5131906028903159,53
3238,0,8133,8133,0,0,0,0,1.0,1,1.0,1,1.0,1,0.5127965873378709,53
3239,0,8133,8133,0,0,0,0,1.0,1,1.0,1,1.0,1,0.5127965873378709,53
3240,0,8133,8133,0,0,0,0,1.0,1,1.0,1,1.0,1,0.51328222195392,53
3241,0,8133,8133,0,0,0,0,1.0,1,1.0,1,1.0,1,0.5047968758113579,53
3242,1,8134,8134,0,0,0,0,1.0,1,1.0,1,1.0,1,0.49668234438337444,53
3243,4,8138,8138,0,0,0,0,1.0,1,1.0,1,1.0,1,0.5035001961723519,56
3244,2,8140,8140,0,0,0,0,1.0,1,1.0,1,1.0,1,0.5010977887862348,57
3245,3,8143,8143,0,0,0,0,1.0,1,1.0,1,1.0,1,0.49493034114476814,59
3246,2,8145,8145,0,0,0,0,1.0,1,1.0,1,1.0,1,0.4917139655265024,59
3247,2,8147,8147,0,0,0,0,1.0,1,1.0,1,1.0,1,0.4979912327190068,59
3248,0,8147,8147,0,0,0,0,1.0,1,1.0,1,1.0,1,0.4979912327190068,59
3249,1,8148,8148,0,0,0,0,1.0,1,1.0,1,1.0,1,0.5011342492346527,58
3250,1,8149,8149,0,0,0,0,1.0,1,1.0,1,1.0,1,0.5058256512358974,58
3251,0,8149,8149,0,0,0,0,1.0,1,1.0,1,1.0,1,0.5158910455188689,57
3252,0,8149,8149,0,0,0,0,1.0,1,1.0,1,1.0,1,0.5199914382588249,57
3253,2,8151,8151,0,0,0,0,1.0,1,1.0,1,1.0,1,0.5149585554609816,56
3254,1,8152,8152,0,0,0,0,1.0,1,1.0,1,1.0,1,0.5202071497870876,57
3255,3,8155,8155,0,0,0,0,1.0,1,1.0,1,1.0,1,0.5262467388042689,57
3256,1,8156,8156,0,0,0,0,1.0,1,1.0,1,1.0,1,0.5379260246859198,57
3257,5,8161,8161,0,0,0,0,1.0,1,1.0,1,1.0,1,0.5461083669646165,57
3258,3,8164,8164,0,0,0,0,1.0,1,1.0,1,1.0,1,0.5633433216255118,58
3259,12,8176,8176,0,0,0,0,1.0,1,1.0,1,1.0,1,0.5724511856330959,59
3260,5,8181,8181,0,0,0,0,1.0,1,1.0,1,1.0,1,0.5619098959912687,60
3261,12,8193,8193,0,0,0,0,1.0,1,1.0,1,1.0,1,0.5682132344438499,60
3262,8,8201,8201,0,0,0,0,1.0,1,1.0,1,1.0,1,0.5550962949767927,61
3263,8,8209,8209,0,0,0,0,1.0,1,1.0,1,1.0,1,0.5696152214650795,62
3264,8,8217,8217,0,0,0,0,1.0,1,1.0,1,1.0,1,0.5458008234555556,60
3265,3,8220,8220,0,0,0,0,1.0,1,1.0,1,1.0,1,0.5641120918443923,58
3266,7,8227,8227,0,0,0,0,1.0,1,1.0,1,1.0,1,0.5400939986428754,59
3267,2,8229,8229,0,0,0,0,1.0,1,1.0,1,1.0,1,0.5384164925097522,60
3268,2,8231,8231,0,0,0,0,1.0,1,1.0,1,1.0,1,0.5316244356192603,58
3269,2,8233,8233,0,0,0,0,1.0,1,1.0,1,1.0,1,0.5608760233858164,57
3270,2,8235,8235,0,0,0,0,1.0,1,1.0,1,1.0,1,0.5583833648129165,56
3271,2,8237,8237,0,0,0,0,1.0,1,1.0,1,1.0,1,0.5596872475182855,55
3272,1,8238,8238,0,0,0,0,1.0,1,1.0,1,1.0,1,0.5566618706649954,55
3273,3,8241,8241,0,0,0,0,1.0,1,1.0,1,1.0,1,0.5536526308737637,55
3274,5,8246,8246,0,0,0,0,1.0,1,1.0,1,1.0,1,0.559339818302839,55
3275,3,8249,8249,0,0,0,0,1.0,1,1.0,1,1.0,1,0.5378495256560778,55
3276,0,8249,8249,0,0,0,0,1.0,1,1.0,1,1.0,1,0.5233105150536493,55
3277,3,8252,8252,0,0,0,0,1.0,1,1.0,1,1.0,1,0.5437984774622159,57
3278,0,8252,8252,0,0,0,0,1.0,1,1.0,1,1.0,1,0.5476082908294524,56
3279,2,8254,8254,0,0,0,0,1.0,1,1.0,1,1.0,1,0.5335271691469098,54
3280,2,8256,8256,0,0,0,0,1.0,1,1.0,1,1.0,1,0.5530557141841402,53
3281,0,8256,8256,0,0,0,0,1.0,1,1.0,1,1.0,1,0.5428226697199343,52
3282,3,8259,8259,0,0,0,0,1.0,1,1.0,1,1.0,1,0.5520214247977676,50
3283,5,8264,8264,0,0,0,0,1.0,1,1.0,1,1.0,1,0.5674331071877724,50
3284,6,8270,8270,0,0,0,0,1.0,1,1.0,1,1.0,1,0.6014063222709698,47
3285,8,8278,8278,0,0,0,0,1.0,1,1.0,1,1.0,1,0.5845190026720289,48
3286,6,8284,8284,0,0,0,0,1.0,1,1.0,1,1.0,1,0.5594181630955981,46
3287,10,8294,8294,0,0,0,0,1.0,1,1.0,1,1.0,1,0.6070925362077233,46
3288,5,8299,8299,0,0,0,0,1.0,1,1.0,1,1.0,1,0.5758437684432297,46
3289,7,8306,8306,0,0,0,0,1.0,1,1.0,1,1.0,1,0.5260585065667774,48
3290,4,8310,8310,0,0,0,0,1.0,1,1.0,1,1.0,1,0.5878983747352848,48
3291,2,8312,8312,0,0,0,0,1.0,1,1.0,1,1.0,1,0.564285107691148,50
3292,3,8315,8315,0,0,0,0,1.0,1,1.0,1,1.0,1,0.543240596138903,50
3293,6,8321,8321,0,0,0,0,1.0,1,1.0,1,1.0,1,0.5378713163593358,51
3294,2,8323,8323,0,0,0,0,1.0,1,1.0,1,1.0,1,0.550873463088273,50
3295,2,8325,8325,0,0,0,0,1.0,1,1.0,1,1.0,1,0.5618010748702874,50
3296,2,8327,8327,0,0,0,0,1.0,1,1.0,1,1.0,1,0.5450735080614353,50
3297,3,8330,8330,0,0,0,0,1.0,1,1.0,1,1.0,1,0.5443919626797867,51
3298,4,8334,8334,0,0,0,0,1.0,1,1.0,1,1.0,1,0.5340642055424704,52
3299,6,8340,8340,0,0,0,0,1.0,1,1.0,1,1.0,1,0.4927466244651382,53
3300,3,8343,8343,0,0,0,0,1.0,1,1.0,1,1.0,1,0.5018300608151586,53
3301,1,8344,8344,0,0,0,0,1.0,1,1.0,1,1.0,1,0.4904160344262137,53
3302,3,8347,8347,0,0,0,0,1.0,1,1.0,1,1.0,1,0.5022148882753411,53
3303,3,8350,8350,0,0,0,0,1.0,1,1.0,1,1.0,1,0.5029680170548493,52
3304,4,8354,8354,0,0,0,0,1.0,1,1.0,1,1.0,1,0.533382004550655,52
3305,5,8359,8359,0,0,0,0,1.0,1,1.0,1,1.0,1,0.5266714059426213,51
3306,1,8360,8360,0,0,0,0,1.0,1,1.0,1,1.0,1,0.5488599010505109,51
3307,5,8365,8365,0,0,0,0,1.0,1,1.0,1,1.0,1,0.6095933772898586,48
3308,1,8366,8366,0,0,0,0,1.0,1,1.0,1,1.0,1,0.6228022419957113,48
3309,2,8368,8368,0,0,0,0,1.0,1,1.0,1,1.0,1,0.6417673066817049,48
3310,3,8371,8371,0,0,0,0,1.0,1,1.0,1,1.0,1,0.6515766339441426,47
3311,3,8374,8374,0,0,0,0,1.0,1,1.0,1,1.0,1,0.6531190020559707,49
3312,2,8376,8376,0,0,0,0,1.0,1,1.0,1,1.0,1,0.6518621641630958,48
3313,1,8377,8377,0,0,0,0,1.0,1,1.0,1,1.0,1,0.6693122274606892,49
3314,2,8379,8379,0,0,0,0,1.0,1,1.0,1,1.0,1,0.6989332404280264,47
3315,1,8380,8380,0,0,0,0,1.0,1,1.0,1,1.0,1,0.6956909286685102,47
3316,2,8382,8382,0,0,0,0,1.0,1,1.0,1,1.0,1,0.6677525532428278,47
3317,4,8386,8386,0,0,0,0,1.0,1,1.0,1,1.0,1,0.6330165461210228,46
3318,3,8389,8389,0,0,0,0,1.0,1,1.0,1,1.0,1,0.63380330576398,45
3319,1,8390,8390,0,0,0,0,1.0,1,1.0,1,1.0,1,0.6293238012789059,44
3320,2,8392,8392,0,0,0,0,1.0,1,1.0,1,1.0,1,0.6363866527703385,43
3321,4,8396,8396,0,0,0,0,1.0,1,1.0,1,1.0,1,0.6784642121599257,43
3322,1,8397,8397,0,0,0,0,1.0,1,1.0,1,1.0,1,0.6743694279397578,40
3323,3,8400,8400,0,0,0,0,1.0,1,1.0,1,1.0,1,0.6848030480228948,40
3324,5,8405,8405,0,0,0,0,1.0,1,1.0,1,1.0,1,0.6122196332560548,40
3325,2,8407,8407,0,0,0,0,1.0,1,1.0,1,1.0,1,0.6084878597716763,40
3326,4,8411,8411,0,0,0,0,1.0,1,1.0,1,1.0,1,0.5830483695166211,41
3327,1,8412,8412,0,0,0,0,1.0,1,1.0,1,1.0,1,0.5714386407983695,39
3328,5,8417,8417,0,0,0,0,1.0,1,1.0,1,1.0,1,0.5382172088482071,41
3329,1,8418,8418,0,0,0,0,1.0,1,1.0,1,1.0,1,0.5376063549786108,39
3330,3,8421,8421,0,0,0,0,1.0,1,1.0,1,1.0,1,0.5497277388090523,40
3331,0,8421,8421,0,0,0,0,1.0,1,1.0,1,1.0,1,0.5363790228201685,38
3332,2,8423,8423,0,0,0,0,1.0,1,1.0,1,1.0,1,0.5594411150047183,38
3333,2,8425,8425,0,0,0,0,1.0,1,1.0,1,1.0,1,0.590050506596247,38
3334,2,8427,8427,0,0,0,0,1.0,1,1.0,1,1.0,1,0.59976414108842,40
3335,2,8429,8429,0,0,0,0,1.0,1,1.0,1,1.0,1,0.6645983804941588,40
3336,3,8432,8432,0,0,0,0,1.0,1,1.0,1,1.0,1,0.71739228282307,39
3337,1,8433,8433,0,0,0,0,1.0,1,1.0,1,1.0,1,0.7081881791382539,40
3338,2,8435,8435,0,0,0,0,1.0,1,1.0,1,1.0,1,0.7295685839618933,41
3339,3,8438,8438,0,0,0,0,1.0,1,1.0,1,1.0,1,0.6944044389874197,42
3340,4,8442,8442,0,0,0,0,1.0,1,1.0,1,1.0,1,0.6902222383991712,43
3341,1,8443,8443,0,0,0,0,1.0,1,1.0,1,1.0,1,0.7009791153751923,43
3342,0,8443,8443,0,0,0,0,1.0,1,1.0,1,1.0,1,0.7057656821682168,44
3343,1,8444,8444,0,0,0,0,1.0,1,1.0,1,1.0,1,0.713713887721843,44
3344,1,8445,8445,0,0,0,0,1.0,1,1.0,1,1.0,1,0.7151238750771319,44
3345,0,8445,8445,0,0,0,0,1.0,1,1.0,1,1.0,1,0.7194468023974095,43
3346,0,8445,8445,0,0,0,0,1.0,1,1.0,1,1.0,1,0.7318111223898892,42
3347,1,8446,8446,0,0,0,0,1.0,1,1.0,1,1.0,1,0.71946752020814,44
3348,1,8447,8447,0,0,0,0,1.0,1,1.0,1,1.0,1,0.7290361578882522,45
3349,0,8447,8447,0,0,0,0,1.0,1,1.0,1,1.0,1,0.7290361578882522,45
3350,2,8449,8449,0,0,0,0,1.0,1,1.0,1,1.0,1,0.6994277338664908,46
3351,1,8450,8450,0,0,0,0,1.0,1,1.0,1,1.0,1,0.675736584630309,47
3352,3,8453,8453,0,0,0,0,1.0,1,1.0,1,1.0,1,0.6903918787053558,47
3353,2,8455,8455,0,0,0,0,1.0,1,1.0,1,1.0,1,0.7128202013679252,48
3354,1,8456,8456,0,0,0,0,1.0,1,1.0,1,1.0,1,0.7242238628377163,48
3355,1,8457,8457,0,0,0,0,1.0,1,1.0,1,1.0,1,0.6915964355811309,48
3356,0,8457,8457,0,0,0,0,1.0,1,1.0,1,1.0,1,0.6803513201868946,48
3357,0,8457,8457,0,0,0,0,1.0,1,1.0,1,1.0,1,0.6748647006436144,47
3358,1,8458,8458,0,0,0,0,1.0,1,1.0,1,1.0,1,0.6936710549229304,46
3359,1,8459,8459,0,0,0,0,1.0,1,1.0,1,1.0,1,0.6980851045905374,45
3360,4,8463,8463,0,0,0,0,1.0,1,1.0,1,1.0,1,0.6550074679239436,44
3361,2,8465,8465,0,0,0,0,1.0,1,1.0,1,1.0,1,0.6518941887671659,43
3362,3,8468,8468,0,0,0,0,1.0,1,1.0,1,1.0,1,0.62756349572268,42
3363,5,8473,8473,0,0,0,0,1.0,1,1.0,1,1.0,1,0.6108748637389589,41
3364,6,8479,8479,0,0,0,0,1.0,1,1.0,1,1.0,1,0.591907233668216,41
3365,3,8482,8482,0,0,0,0,1.0,1,1.0,1,1.0,1,0.5751423163367317,41
3366,5,8487,8487,0,0,0,0,1.0,1,1.0,1,1.0,1,0.5848284735431297,40
3367,1,8488,8488,0,0,0,0,1.0,1,1.0,1,1.0,1,0.6238620062470575,39
3368,2,8490,8490,0,0,0,0,1.0,1,1.0,1,1.0,1,0.6073320530469876,39
3369,4,8494,8494,0,0,0,0,1.0,1,1.0,1,1.0,1,0.6334353191792876,40
3370,4,8498,8498,0,0,0,0,1.0,1,1.0,1,1.0,1,0.6075859561864582,41
3371,2,8500,8500,0,0,0,0,1.0,1,1.0,1,1.0,1,0.5813423254263255,41
3372,1,8501,8501,0,0,0,0,1.0,1,1.0,1,1.0,1,0.5938784121953664,40
3373,0,8501,8501,0,0,0,0,1.0,1,1.0,1,1.0,1,0.5951768745574818,41
3374,2,8503,8503,0,0,0,0,1.0,1,1.0,1,1.0,1,0.5908858029024987,42
3375,1,8504,8504,0,0,0,0,1.0,1,1.0,1,1.0,1,0.5985230310607105,44
3376,3,8507,8507,0,0,0,0,1.0,1,1.0,1,1.0,1,0.6008059087106504,46
3377,0,8507,8507,0,0,0,0,1.0,1,1.0,1,1.0,1,0.6019262375324648,47
3378,4,8511,8511,0,0,0,0,1.0,1,1.0,1,1.0,1,0.5538920873826566,48
3379,3,8514,8514,0,0,0,0,1.0,1,1.0,1,1.0,1,0.5825048971013622,48
3380,2,8516,8516,0,0,0,0,1.0,1,1.0,1,1.0,1,0.6104415910544202,48
3381,3,8519,8519,0,0,0,0,1.0,1,1.0,1,1.0,1,0.6579569496005295,48
3382,4,8523,8523,0,0,0,0,1.0,1,1.0,1,1.0,1,0.6503548088853865,49
3383,1,8524,8524,0,0,0,0,1.0,1,1.0,1,1.0,1,0.6678948044983475,47
3384,3,8527,8527,0,0,0,0,1.0,1,1.0,1,1.0,1,0.6823341229525691,48
3385,0,8527,8527,0,0,0,0,1.0,1,1.0,1,1.0,1,0.6796524668669408,47
3386,2,8529,8529,0,0,0,0,1.0,1,1.0,1,1.0,1,0.6861669539537597,49
3387,1,8530,8530,0,0,0,0,1.0,1,1.0,1,1.0,1,0.6971942822780608,48
3388,0,8530,8530,0,0,0,0,1.0,1,1.0,1,1.0,1,0.6971942822780608,48
3389,0,8530,8530,0,0,0,0,1.0,1,1.0,1,1.0,1,0.689094552896659,50
3390,0,8530,8530,0,0,0,0,1.0,1,1.0,1,1.0,1,0.6749713952401405,51
3391,1,8531,8531,0,0,0,0,1.0,1,1.0,1,1.0,1,0.6866567573296548,51
3392,1,8532,8532,0,0,0,0,1.0,1,1.0,1,1.0,1,0.6867911839188551,52
3393,1,8533,8533,0,0,0,0,1.0,1,1.0,1,1.0,1,0.6679132489509098,52
3394,0,8533,8533,0,0,0,0,1.0,1,1.0,1,1.0,1,0.6679132489509098,52
3395,2,8535,8535,0,0,0,0,1.0,1,1.0,1,1.0,1,0.6645750654564292,50
3396,0,8535,8535,0,0,0,0,1.0,1,1.0,1,1.0,1,0.6598977247137475,49
3397,2,8537,8537,0,0,0,0,1.0,1,1.0,1,1.0,1,0.6604884935834074,49
3398,2,8539,8539,0,0,0,0,1.0,1,1.0,1,1.0,1,0.6692172164694908,48
3399,2,8541,8541,0,0,0,0,1.0,1,1.0,1,1.0,1,0.6566105460351485,49
3400,3,8544,8544,0,0,0,0,1.0,1,1.0,1,1.0,1,0.6761152147730788,50
3401,2,8546,8546,0,0,0,0,1.0,1,1.0,1,1.0,1,0.6811638691858111,51
3402,1,8547,8547,0,0,0,0,1.0,1,1.0,1,1.0,1,0.6841722784380402,51
3403,1,8548,8548,0,0,0,0,1.0,1,1.0,1,1.0,1,0.6887982792152887,51
3404,1,8549,8549,0,0,0,0,1.0,1,1.0,1,1.0,1,0.6774927426569326,51
3405,1,8550,8550,0,0,0,0,1.0,1,1.0,1,1.0,1,0.6738949400378708,51
3406,2,8552,8552,0,0,0,0,1.0,1,1.0,1,1.0,1,0.6690732500034429,51
3407,0,8552,8552,0,0,0,0,1.0,1,1.0,1,1.0,1,0.6719647643313655,52
3408,1,8553,8553,0,0,0,0,1.0,1,1.0,1,1.0,1,0.6650080417200617,53
3409,1,8554,8554,0,0,0,0,1.0,1,1.0,1,1.0,1,0.6457748814944438,54
3410,1,8555,8555,0,0,0,0,1.0,1,1.0,1,1.0,1,0.6545892848494924,54
3411,3,8558,8558,0,0,0,0,1.0,1,1.0,1,1.0,1,0.6409457086636859,54
3412,2,8560,8560,0,0,0,0,1.0,1,1.0,1,1.0,1,0.6318083532721774,55
3413,6,8566,8566,0,0,0,0,1.0,1,1.0,1,1.0,1,0.6323329165911026,55
3414,9,8575,8575,0,0,0,0,1.0,1,1.0,1,1.0,1,0.5961700967492557,55
3415,6,8581,8581,0,0,0,0,1.0,1,1.0,1,1.0,1,0.6065426872785601,56
3416,7,8588,8588,0,0,0,0,1.0,1,1.0,1,1.0,1,0.5957549769157001,55
3417,7,8595,8595,0,0,0,0,1.0,1,1.0,1,1.0,1,0.5768707946424352,56
3418,6,8601,8601,0,0,0,0,1.0,1,1.0,1,1.0,1,0.6216365252845928,55
3419,5,8606,8606,0,0,0,0,1.0,1,1.0,1,1.0,1,0.5962540383500884,56
3420,4,8610,8610,0,0,0,0,1.0,1,1.0,1,1.0,1,0.6251248952961643,55
3421,5,8615,8615,0,0,0,0,1.0,1,1.0,1,1.0,1,0.6407099037445545,57
3422,0,8615,8615,0,0,0,0,1.0,1,1.0,1,1.0,1,0.646757109717107,56
3423,5,8620,8620,0,0,0,0,1.0,1,1.0,1,1.0,1,0.6402195000415791,56
3424,3,8623,8623,0,0,0,0,1.0,1,1.0,1,1.0,1,0.6469208061317516,56
3425,5,8628,8628,0,0,0,0,1.0,1,1.0,1,1.0,1,0.6258464020871429,56
3426,2,8630,8630,0,0,0,0,1.0,1,1.0,1,1.0,1,0.6207161656275832,55
3427,1,8631,8631,0,0,0,0,1.0,1,1.0,1,1.0,1,0.6471488110056219,55
3428,1,8632,8632,0,0,0,0,1.0,1,1.0,1,1.0,1,0.6544566331208534,55
3429,1,8633,8633,0,0,0,0,1.0,1,1.0,1,1.0,1,0.6797432573342866,54
3430,2,8635,8635,0,0,0,0,1.0,1,1.0,1,1.0,1,0.6922739835990822,56
3431,0,8635,8635,0,0,0,0,1.0,1,1.0,1,1.0,1,0.6859469980288477,54
3432,2,8637,8637,0,0,0,0,1.0,1,1.0,1,1.0,1,0.6914434767412089,56
3433,1,8638,8638,0,0,0,0,1.0,1,1.0,1,1.0,1,0.7006118725154209,53
3434,2,8640,8640,0,0,0,0,1.0,1,1.0,1,1.0,1,0.7005639042559667,51
3435,0,8640,8640,0,0,0,0,1.0,1,1.0,1,1.0,1,0.7005639042559667,51
3436,4,8644,8644,0,0,0,0,1.0,1,1.0,1,1.0,1,0.662489598158624,51
3437,4,8648,8648,0,0,0,0,1.0,1,1.0,1,1.0,1,0.6340603293504109,53
3438,2,8650,8650,0,0,0,0,1.0,1,1.0,1,1.0,1,0.6006898323435126,52
3439,7,8657,8657,0,0,0,0,1.0,1,1.0,1,1.0,1,0.5749008311523628,54
3440,2,8659,8659,0,0,0,0,1.0,1,1.0,1,1.0,1,0.5687569784465366,52
3441,6,8665,8665,0,0,0,0,1.0,1,1.0,1,1.0,1,0.5469373281206937,53
3442,3,8668,8668,0,0,0,0,1.0,1,1.0,1,1.0,1,0.5518680796469797,53
3443,6,8674,8674,0,0,0,0,1.0,1,1.0,1,1.0,1,0.5535069076772157,53
3444,6,8680,8680,0,0,0,0,1.0,1,1.0,1,1.0,1,0.5581213748661739,52
3445,6,8686,8686,0,0,0,0,1.0,1,1.0,1,1.0,1,0.585838311739497,53
3446,6,8692,8692,0,0,0,0,1.0,1,1.0,1,1.0,1,0.5868283938880311,53
3447,5,8697,8697,0,0,0,0,1.0,1,1.0,1,1.0,1,0.5955541409395283,53
3448,4,8701,8701,0,0,0,0,1.0,1,1.0,1,1.0,1,0.6158378771513527,52
3449,4,8705,8705,0,0,0,0,1.0,1,1.0,1,1.0,1,0.6242280091738535,52
3450,2,8707,8707,0,0,0,0,1.0,1,1.0,1,1.0,1,0.6194212243606366,52
3451,5,8712,8712,0,0,0,0,1.0,1,1.0,1,1.0,1,0.6093684570265608,54
3452,3,8715,8715,0,0,0,0,1.0,1,1.0,1,1.0,1,0.6072272375620004,54
3453,2,8717,8717,0,0,0,0,1.0,1,1.0,1,1.0,1,0.5909179557267158,54
3454,4,8721,8721,0,0,0,0,1.0,1,1.0,1,1.0,1,0.5898844323154581,57
3455,2,8723,8723,0,0,0,0,1.0,1,1.0,1,1.0,1,0.6056347307291315,57
3456,1,8724,8724,0,0,0,0,1.0,1,1.0,1,1.0,1,0.6150057897686941,58
3457,1,8725,8725,0,0,0,0,1.0,1,1.0,1,1.0,1,0.6317142509803707,57
3458,2,8727,8727,0,0,0,0,1.0,1,1.0,1,1.0,1,0.6436660119508252,57
3459,3,8730,8730,0,0,0,0,1.0,1,1.0,1,1.0,1,0.6212850211392433,57
3460,3,8733,8733,0,0,0,0,1.0,1,1.0,1,1.0,1,0.6385864463401673,58
3461,4,8737,8737,0,0,0,0,1.0,1,1.0,1,1.0,1,0.6182855264182348,59
3462,7,8744,8744,0,0,0,0,1.0,1,1.0,1,1.0,1,0.5956998890087475,59
3463,4,8748,8748,0,0,0,0,1.0,1,1.0,1,1.0,1,0.6002526428697443,59
3464,3,8751,8751,0,0,0,0,1.0,1,1.0,1,1.0,1,0.6092919724909086,59
3465,5,8756,8756,0,0,0,0,1.0,1,1.0,1,1.0,1,0.6136186547527612,57
3466,4,8760,8760,0,0,0,0,1.0,1,1.0,1,1.0,1,0.6044948202154702,57
3467,4,8764,8764,0,0,0,0,1.0,1,1.0,1,1.0,1,0.5938709698803621,57
3468,4,8768,8768,0,0,0,0,1.0,1,1.0,1,1.0,1,0.5740939508848635,57
3469,6,8774,8774,0,0,0,0,1.0,1,1.0,1,1.0,1,0.5878479802770641,53
3470,1,8775,8775,0,0,0,0,1.0,1,1.0,1,1.0,1,0.6137426270765075,50
3471,4,8779,8779,0,0,0,0,1.0,1,1.0,1,1.0,1,0.6035014969420982,49
3472,5,8784,8784,0,0,0,0,1.0,1,1.0,1,1.0,1,0.6030344727330635,47
3473,5,8789,8789,0,0,0,0,1.0,1,1.0,1,1.0,1,0.6292119717192466,45
3474,3,8792,8792,0,0,0,0,1.0,1,1.0,1,1.0,1,0.6309609909395263,42
3475,4,8796,8796,0,0,0,0,1.0,1,1.0,1,1.0,1,0.6440832480828601,43
3476,2,8798,8798,0,0,0,0,1.0,1,1.0,1,1.0,1,0.6744258236251378,41
3477,3,8801,8801,0,0,0,0,1.0,1,1.0,1,1.0,1,0.6352251910314466,42
3478,4,8805,8805,0,0,0,0,1.0,1,1.0,1,1.0,1,0.5963363787244815,40
3479,2,8807,8807,0,0,0,0,1.0,1,1.0,1,1.0,1,0.5655763470939467,40
3480,1,8808,8808,0,0,0,0,1.0,1,1.0,1,1.0,1,0.5555037253031024,40
3481,3,8811,8811,0,0,0,0,1.0,1,1.0,1,1.0,1,0.564288214586135,40
3482,3,8814,8814,0,0,0,0,1.0,1,1.0,1,1.0,1,0.562629284181937,40
3483,3,8817,8817,0,0,0,0,1.0,1,1.0,1,1.0,1,0.6298706620491052,39
3484,3,8820,8820,0,0,0,0,1.0,1,1.0,1,1.0,1,0.6561431676502611,39
3485,0,8820,8820,0,0,0,0,1.0,1,1.0,1,1.0,1,0.6632637576014309,40
3486,0,8820,8820,0,0,0,0,1.0,1,1.0,1,1.0,1,0.640662959621772,41
3487,0,8820,8820,0,0,0,0,1.0,1,1.0,1,1.0,1,0.6571365792167918,41
3488,1,8821,8821,0,0,0,0,1.0,1,1.0,1,1.0,1,0.6625180297961554,42
3489,0,8821,8821,0,0,0,0,1.0,1,1.0,1,1.0,1,0.6237684591513808,44
3490,2,8823,8823,0,0,0,0,1.0,1,1.0,1,1.0,1,0.6049062013398067,44
3491,3,8826,8826,0,0,0,0,1.0,1,1.0,1,1.0,1,0.6193183017932289,45
3492,0,8826,8826,0,0,0,0,1.0,1,1.0,1,1.0,1,0.6193183017932289,45
3493,2,8828,8828,0,0,0,0,1.0,1,1.0,1,1.0,1,0.6227913374572543,45
3494,1,8829,8829,0,0,0,0,1.0,1,1.0,1,1.0,1,0.627678169046728,45
3495,1,8830,8830,0,0,0,0,1.0,1,1.0,1,1.0,1,0.6189832116629302,45
3496,0,8830,8830,0,0,0,0,1.0,1,1.0,1,1.0,1,0.6223294099480743,46
3497,0,8830,8830,0,0,0,0,1.0,1,1.0,1,1.0,1,0.613763042842481,47
3498,1,8831,8831,0,0,0,0,1.0,1,1.0,1,1.0,1,0.6151460409590122,48
3499,2,8833,8833,0,0,0,0,1.0,1,1.0,1,1.0,1,0.6497308518414253,47
3500,1,8834,8834,0,0,0,0,1.0,1,1.0,1,1.0,1,0.6453684962829305,50
3501,1,8835,8835,0,0,0,0,1.0,1,1.0,1,1.0,1,0.6604708740007915,50
3502,1,8836,8836,0,0,0,0,1.0,1,1.0,1,1.0,1,0.6832950425464283,50
3503,1,8837,8837,0,0,0,0,1.0,1,1.0,1,1.0,1,0.6883725140525027,50
3504,1,8838,8838,0,0,0,0,1.0,1,1.0,1,1.0,1,0.699553263950682,47
3505,2,8840,8840,0,0,0,0,1.0,1,1.0,1,1.0,1,0.7131471553687623,48
3506,4,8844,8844,0,0,0,0,1.0,1,1.0,1,1.0,1,0.7268933222050024,49
3507,0,8844,8844,0,0,0,0,1.0,1,1.0,1,1.0,1,0.7202130457428694,46
3508,2,8846,8846,0,0,0,0,1.0,1,1.0,1,1.0,1,0.7301550115062627,47
3509,2,8848,8848,0,0,0,0,1.0,1,1.0,1,1.0,1,0.7334345904888699,44
3510,0,8848,8848,0,0,0,0,1.0,1,1.0,1,1.0,1,0.733113225078582,45
3511,1,8849,8849,0,0,0,0,1.0,1,1.0,1,1.0,1,0.7547704749392498,44
3512,0,8849,8849,0,0,0,0,1.0,1,1.0,1,1.0,1,0.7491066181123458,42
3513,4,8853,8853,0,0,0,0,1.0,1,1.0,1,1.0,1,0.7264455161717159,42
3514,1,8854,8854,0,0,0,0,1.0,1,1.0,1,1.0,1,0.7104586064099968,42
3515,4,8858,8858,0,0,0,0,1.0,1,1.0,1,1.0,1,0.695512071123134,42
3516,4,8862,8862,0,0,0,0,1.0,1,1.0,1,1.0,1,0.6558731918320179,41
3517,4,8866,8866,0,0,0,0,1.0,1,1.0,1,1.0,1,0.6158501338228136,44
3518,3,8869,8869,0,0,0,0,1.0,1,1.0,1,1.0,1,0.6159715429853547,43
3519,3,8872,8872,0,0,0,0,1.0,1,1.0,1,1.0,1,0.5999386727905842,44
3520,2,8874,8874,0,0,0,0,1.0,1,1.0,1,1.0,1,0.6110071481903472,45
3521,0,8874,8874,0,0,0,0,1.0,1,1.0,1,1.0,1,0.6110071481903472,45
3522,2,8876,8876,0,0,0,0,1.0,1,1.0,1,1.0,1,0.5964460187513753,46
3523,3,8879,8879,0,0,0,0,1.0,1,1.0,1,1.0,1,0.5887903940282759,46
3524,2,8881,8881,0,0,0,0,1.0,1,1.0,1,1.0,1,0.5755028305069506,47
3525,2,8883,8883,0,0,0,0,1.0,1,1.0,1,1.0,1,0.6097498039240059,48
3526,4,8887,8887,0,0,0,0,1.0,1,1.0,1,1.0,1,0.5894129519977537,49
3527,1,8888,8888,0,0,0,0,1.0,1,1.0,1,1.0,1,0.5925227776106828,49
3528,1,8889,8889,0,0,0,0,1.0,1,1.0,1,1.0,1,0.6027767986021084,51
3529,2,8891,8891,0,0,0,0,1.0,1,1.0,1,1.0,1,0.6032323373186127,51
3530,3,8894,8894,0,0,0,0,1.0,1,1.0,1,1.0,1,0.5963102556228902,52
3531,1,8895,8895,0,0,0,0,1.0,1,1.0,1,1.0,1,0.6047496790914898,52
3532,2,8897,8897,0,0,0,0,1.0,1,1.0,1,1.0,1,0.5970744668346472,52
3533,2,8899,8899,0,0,0,0,1.0,1,1.0,1,1.0,1,0.5978379148020759,52
3534,0,8899,8899,0,0,0,0,1.0,1,1.0,1,1.0,1,0.5978379148020759,52
3535,3,8902,8902,0,0,0,0,1.0,1,1.0,1,1.0,1,0.6319891464250547,52
3536,0,8902,8902,0,0,0,0,1.0,1,1.0,1,1.0,1,0.6374903621510317,54
3537,0,8902,8902,0,0,0,0,1.0,1,1.0,1,1.0,1,0.6223538587677885,55
3538,2,8904,8904,0,0,0,0,1.0,1,1.0,1,1.0,1,0.628103103319948,55
3539,2,8906,8906,0,0,0,0,1.0,1,1.0,1,1.0,1,0.6104505245360992,58
3540,2,8908,8908,0,0,0,0,1.0,1,1.0,1,1.0,1,0.6215709573437491,59
3541,2,8910,8910,0,0,0,0,1.0,1,1.0,1,1.0,1,0.6220857782542285,59
3542,4,8914,8914,0,0,0,0,1.0,1,1.0,1,1.0,1,0.6494525615899457,61
3543,3,8917,8917,0,0,0,0,1.0,1,1.0,1,1.0,1,0.6561480784641238,62
3544,4,8921,8921,0,0,0,0,1.0,1,1.0,1,1.0,1,0.6799321715462511,59
3545,1,8922,8922,0,0,0,0,1.0,1,1.0,1,1.0,1,0.683032290824351,59
3546,1,8923,8923,0,0,0,0,1.0,1,1.0,1,1.0,1,0.6880111774978658,57
3547,3,8926,8926,0,0,0,0,1.0,1,1.0,1,1.0,1,0.712953047988053,53
3548,1,8927,8927,0,0,0,0,1.0,1,1.0,1,1.0,1,0.7175790171551231,53
3549,0,8927,8927,0,0,0,0,1.0,1,1.0,1,1.0,1,0.7188362441149571,52
3550,0,8927,8927,0,0,0,0,1.0,1,1.0,1,1.0,1,0.7243433702128677,51
3551,0,8927,8927,0,0,0,0,1.0,1,1.0,1,1.0,1,0.7287970687242971,51
3552,2,8929,8929,0,0,0,0,1.0,1,1.0,1,1.0,1,0.7157771515290229,51
3553,2,8931,8931,0,0,0,0,1.0,1,1.0,1,1.0,1,0.7333035489035841,49
3554,2,8933,8933,0,0,0,0,1.0,1,1.0,1,1.0,1,0.7242563094526498,49
3555,2,8935,8935,0,0,0,0,1.0,1,1.0,1,1.0,1,0.7269785492607203,51
3556,1,8936,8936,0,0,0,0,1.0,1,1.0,1,1.0,1,0.7357341080402231,51
3557,4,8940,8940,0,0,0,0,1.0,1,1.0,1,1.0,1,0.7225069357514717,52
3558,1,8941,8941,0,0,0,0,1.0,1,1.0,1,1.0,1,0.715774241842906,52
3559,5,8946,8946,0,0,0,0,1.0,1,1.0,1,1.0,1,0.7084297116781499,52
3560,2,8948,8948,0,0,0,0,1.0,1,1.0,1,1.0,1,0.7017868755395187,53
3561,0,8948,8948,0,0,0,0,1.0,1,1.0,1,1.0,1,0.7051479188443583,54
3562,3,8951,8951,0,0,0,0,1.0,1,1.0,1,1.0,1,0.6815373794881527,54
3563,0,8951,8951,0,0,0,0,1.0,1,1.0,1,1.0,1,0.6840494472911811,55
3564,0,8951,8951,0,0,0,0,1.0,1,1.0,1,1.0,1,0.6660409424225636,57
3565,1,8952,8952,0,0,0,0,1.0,1,1.0,1,1.0,1,0.6875783130772315,56
3566,1,8953,8953,0,0,0,0,1.0,1,1.0,1,1.0,1,0.686658578870577,57
3567,2,8955,8955,0,0,0,0,1.0,1,1.0,1,1.0,1,0.6774961210773529,57
3568,4,8959,8959,0,0,0,0,1.0,1,1.0,1,1.0,1,0.6696869255250771,57
3569,4,8963,8963,0,0,0,0,1.0,1,1.0,1,1.0,1,0.6504456663622448,57
3570,6,8969,8969,0,0,0,0,1.0,1,1.0,1,1.0,1,0.6636772905523461,59
3571,6,8975,8975,0,0,0,0,1.0,1,1.0,1,1.0,1,0.63286318768595,60
3572,3,8978,8978,0,0,0,0,1.0,1,1.0,1,1.0,1,0.627720468573305,61
3573,3,8981,8981,0,0,0,0,1.0,1,1.0,1,1.0,1,0.6472316494123146,62
3574,6,8987,8987,0,0,0,0,1.0,1,1.0,1,1.0,1,0.6237464883320977,63
3575,4,8991,8991,0,0,0,0,1.0,1,1.0,1,1.0,1,0.6345196243660142,63
3576,3,8994,8994,0,0,0,0,1.0,1,1.0,1,1.0,1,0.6276467206559854,63
3577,2,8996,8996,0,0,0,0,1.0,1,1.0,1,1.0,1,0.6205066154397885,64
3578,0,8996,8996,0,0,0,0,1.0,1,1.0,1,1.0,1,0.6241466529054163,64
3579,3,8999,8999,0,0,0,0,1.0,1,1.0,1,1.0,1,0.6360642337141155,64
3580,0,8999,8999,0,0,0,0,1.0,1,1.0,1,1.0,1,0.6401300666154648,65
3581,3,9002,9002,0,0,0,0,1.0,1,1.0,1,1.0,1,0.6413756461161988,68
3582,1,9003,9003,0,0,0,0,1.0,1,1.0,1,1.0,1,0.6556430530888551,68
3583,3,9006,9006,0,0,0,0,1.0,1,1.0,1,1.0,1,0.6719410404994984,65
3584,8,9014,9014,0,0,0,0,1.0,1,1.0,1,1.0,1,0.7116605865229518,64
3585,3,9017,9017,0,0,0,0,1.0,1,1.0,1,1.0,1,0.6752381184305855,64
3586,7,9024,9024,0,0,0,0,1.0,1,1.0,1,1.0,1,0.6814374412428157,65
3587,6,9030,9030,0,0,0,0,1.0,1,1.0,1,1.0,1,0.6871318480264633,64
3588,3,9033,9033,0,0,0,0,1.0,1,1.0,1,1.0,1,0.6881419221927435,62
3589,4,9037,9037,0,0,0,0,1.0,1,1.0,1,1.0,1,0.6823563188473692,63
3590,2,9039,9039,0,0,0,0,1.0,1,1.0,1,1.0,1,0.6826662437129425,63
3591,6,9045,9045,0,0,0,0,1.0,1,1.0,1,1.0,1,0.6633429566388622,62
3592,1,9046,9046,0,0,0,0,1.0,1,1.0,1,1.0,1,0.6569286898144052,59
3593,4,9050,9050,0,0,0,0,1.0,1,1.0,1,1.0,1,0.6338697638395647,58
3594,5,9055,9055,0,0,0,0,1.0,1,1.0,1,1.0,1,0.6068210343293332,57
3595,5,9060,9060,0,0,0,0,1.0,1,1.0,1,1.0,1,0.6093264655754749,59
3596,5,9065,9065,0,0,0,0,1.0,1,1.0,1,1.0,1,0.5972124053754106,57
3597,6,9071,9071,0,0,0,0,1.0,1,1.0,1,1.0,1,0.6024165546430497,57
3598,2,9073,9073,0,0,0,0,1.0,1,1.0,1,1.0,1,0.5991585151007128,57
3599,6,9079,9079,0,0,0,0,1.0,1,1.0,1,1.0,1,0.6076795542590253,58
3600,3,9082,9082,0,0,0,0,1.0,1,1.0,1,1.0,1,0.5657752791498775,58
3601,4,9086,9086,0,0,0,0,1.0,1,1.0,1,1.0,1,0.5906417403717807,58
3602,2,9088,9088,0,0,0,0,1.0,1,1.0,1,1.0,1,0.5718906477297048,60
3603,4,9092,9092,0,0,0,0,1.0,1,1.0,1,1.0,1,0.5928327176699942,60
3604,2,9094,9094,0,0,0,0,1.0,1,1.0,1,1.0,1,0.5784492254798547,60
3605,3,9097,9097,0,0,0,0,1.0,1,1.0,1,1.0,1,0.5856132202201962,61
3606,4,9101,9101,0,0,0,0,1.0,1,1.0,1,1.0,1,0.5970309850297727,63
3607,2,9103,9103,0,0,0,0,1.0,1,1.0,1,1.0,1,0.5989842239487028,63
3608,5,9108,9108,0,0,0,0,1.0,1,1.0,1,1.0,1,0.6359392793550173,64
3609,1,9109,9109,0,0,0,0,1.0,1,1.0,1,1.0,1,0.6248464454599748,66
3610,2,9111,9111,0,0,0,0,1.0,1,1.0,1,1.0,1,0.6021710454698653,67
3611,1,9112,9112,0,0,0,0,1.0,1,1.0,1,1.0,1,0.6123305994831754,67
3612,2,9114,9114,0,0,0,0,1.0,1,1.0,1,1.0,1,0.6086932761569464,66
3613,0,9114,9114,0,0,0,0,1.0,1,1.0,1,1.0,1,0.6086932761569464,66
3614,2,9116,9116,0,0,0,0,1.0,1,1.0,1,1.0,1,0.6215512556294011,65
3615,3,9119,9119,0,0,0,0,1.0,1,1.0,1,1.0,1,0.6312513970572838,65
3616,4,9123,9123,0,0,0,0,1.0,1,1.0,1,1.0,1,0.6394022918541193,65
3617,2,9125,9125,0,0,0,0,1.0,1,1.0,1,1.0,1,0.6353075991223153,66
3618,2,9127,9127,0,0,0,0,1.0,1,1.0,1,1.0,1,0.6238379092080644,66
3619,4,9131,9131,0,0,0,0,1.0,1,1.0,1,1.0,1,0.6102388279235534,65
3620,2,9133,9133,0,0,0,0,1.0,1,1.0,1,1.0,1,0.6102651073803378,66
3621,3,9136,9136,0,0,0,0,1.0,1,1.0,1,1.0,1,0.6073533927277275,65
3622,2,9138,9138,0,0,0,0,1.0,1,1.0,1,1.0,1,0.6042540363609082,65
3623,5,9143,9143,0,0,0,0,1.0,1,1.0,1,1.0,1,0.5981243921135303,62
3624,6,9149,9149,0,0,0,0,1.0,1,1.0,1,1.0,1,0.6152900408096466,62
3625,9,9158,9158,0,0,0,0,1.0,1,1.0,1,1.0,1,0.5807531385173793,61
3626,3,9161,9161,0,0,0,0,1.0,1,1.0,1,1.0,1,0.5404216932402751,58
3627,10,9171,9171,0,0,0,0,1.0,1,1.0,1,1.0,1,0.5209831055175995,58
3628,2,9173,9173,0,0,0,0,1.0,1,1.0,1,1.0,1,0.47286682876970515,57
3629,6,9179,9179,0,0,0,0,1.0,1,1.0,1,1.0,1,0.4828923807725681,57
3630,3,9182,9182,0,0,0,0,1.0,1,1.0,1,1.0,1,0.49191345538881254,56
3631,5,9187,9187,0,0,0,0,1.0,1,1.0,1,1.0,1,0.5212034078034866,54
3632,2,9189,9189,0,0,0,0,1.0,1,1.0,1,1.0,1,0.5540117992613108,52
3633,5,9194,9194,0,0,0,0,1.0,1,1.0,1,1.0,1,0.5789001352521628,52
3634,0,9194,9194,0,0,0,0,1.0,1,1.0,1,1.0,1,0.5981526088761823,49
3635,2,9196,9196,0,0,0,0,1.0,1,1.0,1,1.0,1,0.6291179523233951,47
3636,1,9197,9197,0,0,0,0,1.0,1,1.0,1,1.0,1,0.6424344983981412,48
3637,0,9197,9197,0,0,0,0,1.0,1,1.0,1,1.0,1,0.6612037869445989,49
3638,4,9201,9201,0,0,0,0,1.0,1,1.0,1,1.0,1,0.6598406795972068,50
3639,1,9202,9202,0,0,0,0,1.0,1,1.0,1,1.0,1,0.6552595413962773,52
3640,2,9204,9204,0,0,0,0,1.0,1,1.0,1,1.0,1,0.6475615037112079,52
3641,0,9204,9204,0,0,0,0,1.0,1,1.0,1,1.0,1,0.6475615037112079,52
3642,1,9205,9205,0,0,0,0,1.0,1,1.0,1,1.0,1,0.6504998032543153,52
3643,1,9206,9206,0,0,0,0,1.0,1,1.0,1,1.0,1,0.6548442731094977,52
3644,1,9207,9207,0,0,0,0,1.0,1,1.0,1,1.0,1,0.6607875432224138,52
3645,3,9210,9210,0,0,0,0,1.0,1,1.0,1,1.0,1,0.6460037849999277,53
3646,3,9213,9213,0,0,0,0,1.0,1,1.0,1,1.0,1,0.6309455229098236,53
3647,6,9219,9219,0,0,0,0,1.0,1,1.0,1,1.0,1,0.6150093098677508,55
3648,5,9224,9224,0,0,0,0,1.0,1,1.0,1,1.0,1,0.6116841334991727,57
3649,4,9228,9228,0,0,0,0,1.0,1,1.0,1,1.0,1,0.609372158241068,57
3650,2,9230,9230,0,0,0,0,1.0,1,1.0,1,1.0,1,0.6188025040358112,59
3651,3,9233,9233,0,0,0,0,1.0,1,1.0,1,1.0,1,0.6135844136241946,59
3652,0,9233,9233,0,0,0,0,1.0,1,1.0,1,1.0,1,0.6135844136241946,59
3653,1,9234,9234,0,0,0,0,1.0,1,1.0,1,1.0,1,0.6169972572282114,59
3654,0,9234,9234,0,0,0,0,1.0,1,1.0,1,1.0,1,0.6169972572282114,59
3655,0,9234,9234,0,0,0,0,1.0,1,1.0,1,1.0,1,0.6051939238235657,62
3656,0,9234,9234,0,0,0,0,1.0,1,1.0,1,1.0,1,0.6051939238235657,62
3657,0,9234,9234,0,0,0,0,1.0,1,1.0,1,1.0,1,0.6096057940499237,63
3658,2,9236,9236,0,0,0,0,1.0,1,1.0,1,1.0,1,0.6271447633067249,63
3659,5,9241,9241,0,0,0,0,1.0,1,1.0,1,1.0,1,0.6562765942255231,62
3660,0,9241,9241,0,0,0,0,1.0,1,1.0,1,1.0,1,0.6562765942255231,62
3661,2,9243,9243,0,0,0,0,1.0,1,1.0,1,1.0,1,0.6636254055651505,61
3662,4,9247,9247,0,0,0,0,1.0,1,1.0,1,1.0,1,0.6543462213079742,60
3663,1,9248,9248,0,0,0,0,1.0,1,1.0,1,1.0,1,0.6453212524492427,61
3664,6,9254,9254,0,0,0,0,1.0,1,1.0,1,1.0,1,0.6412195345172339,58
3665,1,9255,9255,0,0,0,0,1.0,1,1.0,1,1.0,1,0.6312931880001322,58
3666,3,9258,9258,0,0,0,0,1.0,1,1.0,1,1.0,1,0.6234622534527884,58
3667,4,9262,9262,0,0,0,0,1.0,1,1.0,1,1.0,1,0.6240504921068296,58
3668,3,9265,9265,0,0,0,0,1.0,1,1.0,1,1.0,1,0.6485761190115302,58
3669,2,9267,9267,0,0,0,0,1.0,1,1.0,1,1.0,1,0.6543562627160144,57
3670,4,9271,9271,0,0,0,0,1.0,1,1.0,1,1.0,1,0.6534065840341403,56
3671,1,9272,9272,0,0,0,0,1.0,1,1.0,1,1.0,1,0.6384455367960657,57
3672,5,9277,9277,0,0,0,0,1.0,1,1.0,1,1.0,1,0.6568659187551013,57
3673,2,9279,9279,0,0,0,0,1.0,1,1.0,1,1.0,1,0.6424243398162743,58
3674,0,9279,9279,0,0,0,0,1.0,1,1.0,1,1.0,1,0.6483032322848437,57
3675,2,9281,9281,0,0,0,0,1.0,1,1.0,1,1.0,1,0.642800687243954,58
3676,0,9281,9281,0,0,0,0,1.0,1,1.0,1,1.0,1,0.6326884730217959,59
3677,2,9283,9283,0,0,0,0,1.0,1,1.0,1,1.0,1,0.6433464031882362,60
3678,0,9283,9283,0,0,0,0,1.0,1,1.0,1,1.0,1,0.6523796534530091,62
3679,0,9283,9283,0,0,0,0,1.0,1,1.0,1,1.0,1,0.6523796534530091,62
3680,2,9285,9285,0,0,0,0,1.0,1,1.0,1,1.0,1,0.6507788649348993,63
3681,0,9285,9285,0,0,0,0,1.0,1,1.0,1,1.0,1,0.6541512562882642,64
3682,1,9286,9286,0,0,0,0,1.0,1,1.0,1,1.0,1,0.656990811959845,64
3683,0,9286,9286,0,0,0,0,1.0,1,1.0,1,1.0,1,0.656990811959845,64
3684,0,9286,9286,0,0,0,0,1.0,1,1.0,1,1.0,1,0.656990811959845,64
3685,0,9286,9286,0,0,0,0,1.0,1,1.0,1,1.0,1,0.656990811959845,64
3686,0,9286,9286,0,0,0,0,1.0,1,1.0,1,1.0,1,0.6491408538133615,65
3687,0,9286,9286,0,0,0,0,1.0,1,1.0,1,1.0,1,0.6491408538133615,65
3688,1,9287,9287,0,0,0,0,1.0,1,1.0,1,1.0,1,0.6554844928856562,66
3689,0,9287,9287,0,0,0,0,1.0,1,1.0,1,1.0,1,0.6554844928856562,66
3690,2,9289,9289,0,0,0,0,1.0,1,1.0,1,1.0,1,0.6726120028709298,67
3691,0,9289,9289,0,0,0,0,1.0,1,1.0,1,1.0,1,0.6643629330065349,68
3692,1,9290,9290,0,0,0,0,1.0,1,1.0,1,1.0,1,0.6651861303824291,69
3693,1,9291,9291,0,0,0,0,1.0,1,1.0,1,1.0,1,0.6669681345056172,69
3694,2,9293,9293,0,0,0,0,1.0,1,1.0,1,1.0,1,0.6636379134748032,70
3695,1,9294,9294,0,0,0,0,1.0,1,1.0,1,1.0,1,0.6561695737349916,70
3696,1,9295,9295,0,0,0,0,1.0,1,1.0,1,1.0,1,0.6573067072117492,71
3697,3,9298,9298,0,0,0,0,1.0,1,1.0,1,1.0,1,0.6586773939104718,70
3698,3,9301,9301,0,0,0,0,1.0,1,1.0,1,1.0,1,0.6615188824605378,70
3699,3,9304,9304,0,0,0,0,1.0,1,1.0,1,1.0,1,0.6675997244462301,70
3700,2,9306,9306,0,0,0,0,1.0,1,1.0,1,1.0,1,0.6580727632746046,68
3701,2,9308,9308,0,0,0,0,1.0,1,1.0,1,1.0,1,0.6639600328642076,69
3702,3,9311,9311,0,0,0,0,1.0,1,1.0,1,1.0,1,0.6652353285843117,69
3703,1,9312,9312,0,0,0,0,1.0,1,1.0,1,1.0,1,0.6764617626801592,70
3704,1,9313,9313,0,0,0,0,1.0,1,1.0,1,1.0,1,0.6816586812355167,69
3705,1,9314,9314,0,0,0,0,1.0,1,1.0,1,1.0,1,0.6756761713074598,69
3706,0,9314,9314,0,0,0,0,1.0,1,1.0,1,1.0,1,0.6654288573367451,69
3707,2,9316,9316,0,0,0,0,1.0,1,1.0,1,1.0,1,0.6501248788931643,67
3708,2,9318,9318,0,0,0,0,1.0,1,1.0,1,1.0,1,0.6472917443218241,67
3709,3,9321,9321,0,0,0,0,1.0,1,1.0,1,1.0,1,0.6395877446618631,67
3710,1,9322,9322,0,0,0,0,1.0,1,1.0,1,1.0,1,0.6257686962758804,67
3711,4,9326,9326,0,0,0,0,1.0,1,1.0,1,1.0,1,0.6296512861790258,68
3712,0,9326,9326,0,0,0,0,1.0,1,1.0,1,1.0,1,0.6296512861790258,68
3713,5,9331,9331,0,0,0,0,1.0,1,1.0,1,1.0,1,0.6060189717020354,68
3714,0,9331,9331,0,0,0,0,1.0,1,1.0,1,1.0,1,0.6132459166518909,67
3715,1,9332,9332,0,0,0,0,1.0,1,1.0,1,1.0,1,0.6104275436320817,68
3716,2,9334,9334,0,0,0,0,1.0,1,1.0,1,1.0,1,0.601036094635459,67
3717,5,9339,9339,0,0,0,0,1.0,1,1.0,1,1.0,1,0.6175655647792955,68
3718,0,9339,9339,0,0,0,0,1.0,1,1.0,1,1.0,1,0.6282592812347454,68
3719,3,9342,9342,0,0,0,0,1.0,1,1.0,1,1.0,1,0.6396395915692714,68
3720,3,9345,9345,0,0,0,0,1.0,1,1.0,1,1.0,1,0.6553467779528244,68
3721,1,9346,9346,0,0,0,0,1.0,1,1.0,1,1.0,1,0.6362708718873199,70
3722,3,9349,9349,0,0,0,0,1.0,1,1.0,1,1.0,1,0.6252969260998587,71
3723,7,9356,9356,0,0,0,0,1.0,1,1.0,1,1.0,1,0.6527204429727501,71
3724,0,9356,9356,0,0,0,0,1.0,1,1.0,1,1.0,1,0.6421727316633978,72
3725,4,9360,9360,0,0,0,0,1.0,1,1.0,1,1.0,1,0.6394170274480272,72
3726,3,9363,9363,0,0,0,0,1.0,1,1.0,1,1.0,1,0.6343885336725082,71
3727,4,9367,9367,0,0,0,0,1.0,1,1.0,1,1.0,1,0.6349158117305148,71
3728,5,9372,9372,0,0,0,0,1.0,1,1.0,1,1.0,1,0.6596439786639878,70
3729,4,9376,9376,0,0,0,0,1.0,1,1.0,1,1.0,1,0.660396899935138,70
3730,3,9379,9379,0,0,0,0,1.0,1,1.0,1,1.0,1,0.6607687177990027,71
3731,0,9379,9379,0,0,0,0,1.0,1,1.0,1,1.0,1,0.6607687177990027,71
3732,0,9379,9379,0,0,0,0,1.0,1,1.0,1,1.0,1,0.6529448670918032,72
3733,0,9379,9379,0,0,0,0,1.0,1,1.0,1,1.0,1,0.6499720529223506,73
3734,1,9380,9380,0,0,0,0,1.0,1,1.0,1,1.0,1,0.6451070460345749,74
3735,0,9380,9380,0,0,0,0,1.0,1,1.0,1,1.0,1,0.6387038173874646,72
3736,2,9382,9382,0,0,0,0,1.0,1,1.0,1,1.0,1,0.6221801204179126,72
3737,1,9383,9383,0,0,0,0,1.0,1,1.0,1,1.0,1,0.61008154637378,73
3738,5,9388,9388,0,0,0,0,1.0,1,1.0,1,1.0,1,0.5849704854566481,72
3739,4,9392,9392,0,0,0,0,1.0,1,1.0,1,1.0,1,0.5773684117581972,73
3740,5,9397,9397,0,0,0,0,1.0,1,1.0,1,1.0,1,0.5719215855872658,70
3741,2,9399,9399,0,0,0,0,1.0,1,1.0,1,1.0,1,0.5683642600524703,70
3742,3,9402,9402,0,0,0,0,1.0,1,1.0,1,1.0,1,0.5863836462496493,70
3743,3,9405,9405,0,0,0,0,1.0,1,1.0,1,1.0,1,0.6304304262059847,69
3744,4,9409,9409,0,0,0,0,1.0,1,1.0,1,1.0,1,0.6289173106423595,69
3745,1,9410,9410,0,0,0,0,1.0,1,1.0,1,1.0,1,0.6333186280797611,68
3746,4,9414,9414,0,0,0,0,1.0,1,1.0,1,1.0,1,0.645286713806067,66
3747,2,9416,9416,0,0,0,0,1.0,1,1.0,1,1.0,1,0.6474241337590037,66
3748,3,9419,9419,0,0,0,0,1.0,1,1.0,1,1.0,1,0.6267709103843481,65
3749,2,9421,9421,0,0,0,0,1.0,1,1.0,1,1.0,1,0.6258787208047789,64
3750,3,9424,9424,0,0,0,0,1.0,1,1.0,1,1.0,1,0.6401008131394537,63
3751,7,9431,9431,0,0,0,0,1.0,1,1.0,1,1.0,1,0.6116184695489045,64
3752,2,9433,9433,0,0,0,0,1.0,1,1.0,1,1.0,1,0.6239071566339551,64
3753,9,9442,9442,0,0,0,0,1.0,1,1.0,1,1.0,1,0.6085672692850198,65
3754,2,9444,9444,0,0,0,0,1.0,1,1.0,1,1.0,1,0.6210630898069739,65
3755,5,9449,9449,0,0,0,0,1.0,1,1.0,1,1.0,1,0.6376619840880848,65
3756,1,9450,9450,0,0,0,0,1.0,1,1.0,1,1.0,1,0.6415290684107422,65
3757,1,9451,9451,0,0,0,0,1.0,1,1.0,1,1.0,1,0.6447186958088632,65
3758,1,9452,9452,0,0,0,0,1.0,1,1.0,1,1.0,1,0.6481901931996823,64
3759,1,9453,9453,0,0,0,0,1.0,1,1.0,1,1.0,1,0.6445629007477192,64
3760,0,9453,9453,0,0,0,0,1.0,1,1.0,1,1.0,1,0.6625346023618015,63
3761,4,9457,9457,0,0,0,0,1.0,1,1.0,1,1.0,1,0.6413594875994848,63
3762,0,9457,9457,0,0,0,0,1.0,1,1.0,1,1.0,1,0.6329825808069398,65
3763,3,9460,9460,0,0,0,0,1.0,1,1.0,1,1.0,1,0.6242468384266519,65
3764,2,9462,9462,0,0,0,0,1.0,1,1.0,1,1.0,1,0.6190432362673458,66
3765,3,9465,9465,0,0,0,0,1.0,1,1.0,1,1.0,1,0.6309951257033246,67
3766,1,9466,9466,0,0,0,0,1.0,1,1.0,1,1.0,1,0.6276819759118036,67
3767,2,9468,9468,0,0,0,0,1.0,1,1.0,1,1.0,1,0.6187527711857155,68
3768,3,9471,9471,0,0,0,0,1.0,1,1.0,1,1.0,1,0.6201637086655708,67
3769,1,9472,9472,0,0,0,0,1.0,1,1.0,1,1.0,1,0.5957963900959216,69
3770,7,9479,9479,0,0,0,0,1.0,1,1.0,1,1.0,1,0.6087374690884204,69
3771,4,9483,9483,0,0,0,0,1.0,1,1.0,1,1.0,1,0.6451610936467376,69
3772,1,9484,9484,0,0,0,0,1.0,1,1.0,1,1.0,1,0.6511267424079664,70
3773,3,9487,9487,0,0,0,0,1.0,1,1.0,1,1.0,1,0.6575788944047101,68
3774,3,9490,9490,0,0,0,0,1.0,1,1.0,1,1.0,1,0.6744259288005444,68
3775,1,9491,9491,0,0,0,0,1.0,1,1.0,1,1.0,1,0.6599596675591446,68
3776,4,9495,9495,0,0,0,0,1.0,1,1.0,1,1.0,1,0.671997914337569,66
3777,4,9499,9499,0,0,0,0,1.0,1,1.0,1,1.0,1,0.6586253367826431,65
3778,4,9503,9503,0,0,0,0,1.0,1,1.0,1,1.0,1,0.6331174817171996,65
3779,6,9509,9509,0,0,0,0,1.0,1,1.0,1,1.0,1,0.5995042987077004,65
3780,5,9514,9514,0,0,0,0,1.0,1,1.0,1,1.0,1,0.5761265680814093,64
3781,5,9519,9519,0,0,0,0,1.0,1,1.0,1,1.0,1,0.5595684611297596,64
3782,4,9523,9523,0,0,0,0,1.0,1,1.0,1,1.0,1,0.581777781013773,67
3783,3,9526,9526,0,0,0,0,1.0,1,1.0,1,1.0,1,0.5925797298546015,65
3784,3,9529,9529,0,0,0,0,1.0,1,1.0,1,1.0,1,0.605565335840445,65
3785,4,9533,9533,0,0,0,0,1.0,1,1.0,1,1.0,1,0.6441177661400959,63
3786,0,9533,9533,0,0,0,0,1.0,1,1.0,1,1.0,1,0.6396828552245419,66
3787,2,9535,9535,0,0,0,0,1.0,1,1.0,1,1.0,1,0.6498411567250796,65
3788,4,9539,9539,0,0,0,0,1.0,1,1.0,1,1.0,1,0.6464040329196499,65
3789,2,9541,9541,0,0,0,0,1.0,1,1.0,1,1.0,1,0.6489937026481255,65
3790,3,9544,9544,0,0,0,0,1.0,1,1.0,1,1.0,1,0.6612507499020635,64
3791,2,9546,9546,0,0,0,0,1.0,1,1.0,1,1.0,1,0.6423958007161363,64
3792,3,9549,9549,0,0,0,0,1.0,1,1.0,1,1.0,1,0.6261408142822803,65
3793,6,9555,9555,0,0,0,0,1.0,1,1.0,1,1.0,1,0.6185019145497381,68
3794,3,9558,9558,0,0,0,0,1.0,1,1.0,1,1.0,1,0.6144708811216972,68
3795,1,9559,9559,0,0,0,0,1.0,1,1.0,1,1.0,1,0.5984993167979016,69
3796,3,9562,9562,0,0,0,0,1.0,1,1.0,1,1.0,1,0.5917443607212692,69
3797,2,9564,9564,0,0,0,0,1.0,1,1.0,1,1.0,1,0.5998475776508804,70
3798,1,9565,9565,0,0,0,0,1.0,1,1.0,1,1.0,1,0.6069915829982427,70
3799,1,9566,9566,0,0,0,0,1.0,1,1.0,1,1.0,1,0.6180827592626095,69
3800,3,9569,9569,0,0,0,0,1.0,1,1.0,1,1.0,1,0.6229282751374285,69
3801,4,9573,9573,0,0,0,0,1.0,1,1.0,1,1.0,1,0.6541093304107715,67
3802,4,9577,9577,0,0,0,0,1.0,1,1.0,1,1.0,1,0.6700215234162612,67
3803,5,9582,9582,0,0,0,0,1.0,1,1.0,1,1.0,1,0.6676459406467696,69
3804,7,9589,9589,0,0,0,0,1.0,1,1.0,1,1.0,1,0.6445245983788738,70
3805,3,9592,9592,0,0,0,0,1.0,1,1.0,1,1.0,1,0.6301394177749996,71
3806,5,9597,9597,0,0,0,0,1.0,1,1.0,1,1.0,1,0.6146397382767387,71
3807,5,9602,9602,0,0,0,0,1.0,1,1.0,1,1.0,1,0.5872511821239746,72
3808,2,9604,9604,0,0,0,0,1.0,1,1.0,1,1.0,1,0.5804656818795363,72
3809,1,9605,9605,0,0,0,0,1.0,1,1.0,1,1.0,1,0.5783891117878965,72
3810,2,9607,9607,0,0,0,0,1.0,1,1.0,1,1.0,1,0.5868684645403811,72
3811,0,9607,9607,0,0,0,0,1.0,1,1.0,1,1.0,1,0.5626128634774344,71
3812,1,9608,9608,0,0,0,0,1.0,1,1.0,1,1.0,1,0.5669921145542093,72
3813,1,9609,9609,0,0,0,0,1.0,1,1.0,1,1.0,1,0.566585799689567,71
3814,1,9610,9610,0,0,0,0,1.0,1,1.0,1,1.0,1,0.5783218946308537,72
3815,1,9611,9611,0,0,0,0,1.0,1,1.0,1,1.0,1,0.562238779240326,71
3816,2,9613,9613,0,0,0,0,1.0,1,1.0,1,1.0,1,0.5797439701812841,69
3817,2,9615,9615,0,0,0,0,1.0,1,1.0,1,1.0,1,0.5715960208466668,72
3818,2,9617,9617,0,0,0,0,1.0,1,1.0,1,1.0,1,0.577079103564542,72
3819,5,9622,9622,0,0,0,0,1.0,1,1.0,1,1.0,1,0.56829437084364,72
3820,2,9624,9624,0,0,0,0,1.0,1,1.0,1,1.0,1,0.5723943884945133,72
3821,2,9626,9626,0,0,0,0,1.0,1,1.0,1,1.0,1,0.5684037610456774,72
3822,2,9628,9628,0,0,0,0,1.0,1,1.0,1,1.0,1,0.5681236117561417,69
3823,2,9630,9630,0,0,0,0,1.0,1,1.0,1,1.0,1,0.5655611490155599,69
3824,2,9632,9632,0,0,0,0,1.0,1,1.0,1,1.0,1,0.5855596363132933,65
3825,4,9636,9636,0,0,0,0,1.0,1,1.0,1,1.0,1,0.5813019978860194,64
3826,1,9637,9637,0,0,0,0,1.0,1,1.0,1,1.0,1,0.5872650524791576,65
3827,5,9642,9642,0,0,0,0,1.0,1,1.0,1,1.0,1,0.5778528580733411,64
3828,1,9643,9643,0,0,0,0,1.0,1,1.0,1,1.0,1,0.5626939751618952,65
3829,6,9649,9649,0,0,0,0,1.0,1,1.0,1,1.0,1,0.5731882587339192,65
3830,3,9652,9652,0,0,0,0,1.0,1,1.0,1,1.0,1,0.5733191998117185,64
3831,2,9654,9654,0,0,0,0,1.0,1,1.0,1,1.0,1,0.5782705293279684,63
3832,7,9661,9661,0,0,0,0,1.0,1,1.0,1,1.0,1,0.5816183064555426,64
3833,3,9664,9664,0,0,0,0,1.0,1,1.0,1,1.0,1,0.571947660765411,64
3834,4,9668,9668,0,0,0,0,1.0,1,1.0,1,1.0,1,0.5780797937599657,63
3835,7,9675,9675,0,0,0,0,1.0,1,1.0,1,1.0,1,0.5765136860451102,63
3836,5,9680,9680,0,0,0,0,1.0,1,1.0,1,1.0,1,0.5556841129835794,63
3837,4,9684,9684,0,0,0,0,1.0,1,1.0,1,1.0,1,0.5591169674912002,62
3838,4,9688,9688,0,0,0,0,1.0,1,1.0,1,1.0,1,0.5694422543114069,62
3839,6,9694,9694,0,0,0,0,1.0,1,1.0,1,1.0,1,0.5696680849533128,60
3840,1,9695,9695,0,0,0,0,1.0,1,1.0,1,1.0,1,0.5534733424668977,62
3841,3,9698,9698,0,0,0,0,1.0,1,1.0,1,1.0,1,0.574338629912966,62
3842,2,9700,9700,0,0,0,0,1.0,1,1.0,1,1.0,1,0.5608067953919224,63
3843,3,9703,9703,0,0,0,0,1.0,1,1.0,1,1.0,1,0.5557697396192138,64
3844,2,9705,9705,0,0,0,0,1.0,1,1.0,1,1.0,1,0.565702355965484,65
3845,3,9708,9708,0,0,0,0,1.0,1,1.0,1,1.0,1,0.5757580981926066,66
3846,3,9711,9711,0,0,0,0,1.0,1,1.0,1,1.0,1,0.5657141630227179,67
3847,4,9715,9715,0,0,0,0,1.0,1,1.0,1,1.0,1,0.5955366690649357,67
3848,6,9721,9721,0,0,0,0,1.0,1,1.0,1,1.0,1,0.5935062017370704,67
3849,3,9724,9724,0,0,0,0,1.0,1,1.0,1,1.0,1,0.6228079151334847,67
3850,7,9731,9731,0,0,0,0,1.0,1,1.0,1,1.0,1,0.5958686539365612,68
3851,3,9734,9734,0,0,0,0,1.0,1,1.0,1,1.0,1,0.5904776713039265,68
3852,2,9736,9736,0,0,0,0,1.0,1,1.0,1,1.0,1,0.5986753895019576,70
3853,2,9738,9738,0,0,0,0,1.0,1,1.0,1,1.0,1,0.5969258593139528,70
3854,2,9740,9740,0,0,0,0,1.0,1,1.0,1,1.0,1,0.5911051703777961,70
3855,3,9743,9743,0,0,0,0,1.0,1,1.0,1,1.0,1,0.5827581902617628,69
3856,0,9743,9743,0,0,0,0,1.0,1,1.0,1,1.0,1,0.568585625643371,70
3857,1,9744,9744,0,0,0,0,1.0,1,1.0,1,1.0,1,0.5780712894732438,68
3858,3,9747,9747,0,0,0,0,1.0,1,1.0,1,1.0,1,0.568295963115845,67
3859,3,9750,9750,0,0,0,0,1.0,1,1.0,1,1.0,1,0.5568479052573153,66
3860,2,9752,9752,0,0,0,0,1.0,1,1.0,1,1.0,1,0.5547225051326586,66
3861,5,9757,9757,0,0,0,0,1.0,1,1.0,1,1.0,1,0.55632727080761,66
3862,1,9758,9758,0,0,0,0,1.0,1,1.0,1,1.0,1,0.5605396538924722,66
3863,7,9765,9765,0,0,0,0,1.0,1,1.0,1,1.0,1,0.5970620662108796,63
3864,1,9766,9766,0,0,0,0,1.0,1,1.0,1,1.0,1,0.6014279036393951,63
3865,2,9768,9768,0,0,0,0,1.0,1,1.0,1,1.0,1,0.6049215435028583,61
3866,3,9771,9771,0,0,0,0,1.0,1,1.0,1,1.0,1,0.613219234237177,61
3867,1,9772,9772,0,0,0,0,1.0,1,1.0,1,1.0,1,0.6067473583740013,60
3868,2,9774,9774,0,0,0,0,1.0,1,1.0,1,1.0,1,0.6023925053888504,59
3869,0,9774,9774,0,0,0,0,1.0,1,1.0,1,1.0,1,0.5903093418307739,61
3870,2,9776,9776,0,0,0,0,1.0,1,1.0,1,1.0,1,0.6125187330591005,61
3871,3,9779,9779,0,0,0,0,1.0,1,1.0,1,1.0,1,0.6255673149560554,64
3872,0,9779,9779,0,0,0,0,1.0,1,1.0,1,1.0,1,0.6321660538574181,63
3873,3,9782,9782,0,0,0,0,1.0,1,1.0,1,1.0,1,0.649247827614139,62
3874,0,9782,9782,0,0,0,0,1.0,1,1.0,1,1.0,1,0.6437637247060995,63
3875,1,9783,9783,0,0,0,0,1.0,1,1.0,1,1.0,1,0.6469597415666215,61
3876,1,9784,9784,0,0,0,0,1.0,1,1.0,1,1.0,1,0.6309398318633943,62
3877,2,9786,9786,0,0,0,0,1.0,1,1.0,1,1.0,1,0.6557846502634328,63
3878,3,9789,9789,0,0,0,0,1.0,1,1.0,1,1.0,1,0.6491120299807477,63
3879,0,9789,9789,0,0,0,0,1.0,1,1.0,1,1.0,1,0.6491120299807477,63
3880,5,9794,9794,0,0,0,0,1.0,1,1.0,1,1.0,1,0.6423940947024992,65
3881,1,9795,9795,0,0,0,0,1.0,1,1.0,1,1.0,1,0.6448603358331675,65
3882,2,9797,9797,0,0,0,0,1.0,1,1.0,1,1.0,1,0.6445615952495599,66
3883,3,9800,9800,0,0,0,0,1.0,1,1.0,1,1.0,1,0.6485324075208172,66
3884,2,9802,9802,0,0,0,0,1.0,1,1.0,1,1.0,1,0.6400829624808636,66
3885,3,9805,9805,0,0,0,0,1.0,1,1.0,1,1.0,1,0.644405011932138,66
3886,0,9805,9805,0,0,0,0,1.0,1,1.0,1,1.0,1,0.6480493718980247,65
3887,1,9806,9806,0,0,0,0,1.0,1,1.0,1,1.0,1,0.641595287254424,65
3888,2,9808,9808,0,0,0,0,1.0,1,1.0,1,1.0,1,0.627350551125984,66
3889,2,9810,9810,0,0,0,0,1.0,1,1.0,1,1.0,1,0.6147783019808107,64
3890,2,9812,9812,0,0,0,0,1.0,1,1.0,1,1.0,1,0.6111665266146729,63
3891,3,9815,9815,0,0,0,0,1.0,1,1.0,1,1.0,1,0.5783506087290139,66
3892,3,9818,9818,0,0,0,0,1.0,1,1.0,1,1.0,1,0.5788645079597756,67
3893,3,9821,9821,0,0,0,0,1.0,1,1.0,1,1.0,1,0.5589563315572511,66
3894,2,9823,9823,0,0,0,0,1.0,1,1.0,1,1.0,1,0.5708316666055947,67
3895,6,9829,9829,0,0,0,0,1.0,1,1.0,1,1.0,1,0.5644206191910488,66
3896,1,9830,9830,0,0,0,0,1.0,1,1.0,1,1.0,1,0.5562455875249612,66
3897,1,9831,9831,0,0,0,0,1.0,1,1.0,1,1.0,1,0.5690653764283987,65
3898,5,9836,9836,0,0,0,0,1.0,1,1.0,1,1.0,1,0.5883881659806446,65
3899,2,9838,9838,0,0,0,0,1.0,1,1.0,1,1.0,1,0.5767542386017956,64
3900,6,9844,9844,0,0,0,0,1.0,1,1.0,1,1.0,1,0.6169017231291581,63
3901,4,9848,9848,0,0,0,0,1.0,1,1.0,1,1.0,1,0.6223835646766327,63
3902,1,9849,9849,0,0,0,0,1.0,1,1.0,1,1.0,1,0.6348562402724446,64
3903,6,9855,9855,0,0,0,0,1.0,1,1.0,1,1.0,1,0.609081227709588,64
3904,0,9855,9855,0,0,0,0,1.0,1,1.0,1,1.0,1,0.6152383128799982,63
3905,4,9859,9859,0,0,0,0,1.0,1,1.0,1,1.0,1,0.5944491872682348,63
3906,4,9863,9863,0,0,0,0,1.0,1,1.0,1,1.0,1,0.5875129121345325,64
3907,2,9865,9865,0,0,0,0,1.0,1,1.0,1,1.0,1,0.5986449849362557,64
3908,5,9870,9870,0,0,0,0,1.0,1,1.0,1,1.0,1,0.6001946507140666,63
3909,4,9874,9874,0,0,0,0,1.0,1,1.0,1,1.0,1,0.6121884546076358,62
3910,2,9876,9876,0,0,0,0,1.0,1,1.0,1,1.0,1,0.6243425570983611,62
3911,3,9879,9879,0,0,0,0,1.0,1,1.0,1,1.0,1,0.638573307220701,64
3912,0,9879,9879,0,0,0,0,1.0,1,1.0,1,1.0,1,0.638573307220701,64
3913,4,9883,9883,0,0,0,0,1.0,1,1.0,1,1.0,1,0.6460484941255659,65
3914,0,9883,9883,0,0,0,0,1.0,1,1.0,1,1.0,1,0.6566905802872147,65
3915,4,9887,9887,0,0,0,0,1.0,1,1.0,1,1.0,1,0.6566264641605204,66
3916,2,9889,9889,0,0,0,0,1.0,1,1.0,1,1.0,1,0.658101219078002,66
3917,1,9890,9890,0,0,0,0,1.0,1,1.0,1,1.0,1,0.6548069360143702,66
3918,2,9892,9892,0,0,0,0,1.0,1,1.0,1,1.0,1,0.6575187675712455,67
3919,2,9894,9894,0,0,0,0,1.0,1,1.0,1,1.0,1,0.6376056254353623,68
3920,2,9896,9896,0,0,0,0,1.0,1,1.0,1,1.0,1,0.6127412012581196,69
3921,2,9898,9898,0,0,0,0,1.0,1,1.0,1,1.0,1,0.6206997704445749,68
3922,1,9899,9899,0,0,0,0,1.0,1,1.0,1,1.0,1,0.6117578342155725,68
3923,1,9900,9900,0,0,0,0,1.0,1,1.0,1,1.0,1,0.6132246487276789,69
3924,0,9900,9900,0,0,0,0,1.0,1,1.0,1,1.0,1,0.6072622851667749,69
3925,5,9905,9905,0,0,0,0,1.0,1,1.0,1,1.0,1,0.6073076226286273,67
3926,3,9908,9908,0,0,0,0,1.0,1,1.0,1,1.0,1,0.6166378234275559,67
3927,2,9910,9910,0,0,0,0,1.0,1,1.0,1,1.0,1,0.6344567852556858,65
3928,2,9912,9912,0,0,0,0,1.0,1,1.0,1,1.0,1,0.6454049629381634,65
3929,2,9914,9914,0,0,0,0,1.0,1,1.0,1,1.0,1,0.6446790685173581,64
3930,3,9917,9917,0,0,0,0,1.0,1,1.0,1,1.0,1,0.6433683281202164,64
3931,2,9919,9919,0,0,0,0,1.0,1,1.0,1,1.0,1,0.6400488246510099,62
3932,1,9920,9920,0,0,0,0,1.0,1,1.0,1,1.0,1,0.6322836039682287,62
3933,1,9921,9921,0,0,0,0,1.0,1,1.0,1,1.0,1,0.6266606594284476,62
3934,6,9927,9927,0,0,0,0,1.0,1,1.0,1,1.0,1,0.6187614589238348,61
3935,1,9928,9928,0,0,0,0,1.0,1,1.0,1,1.0,1,0.6119999632020083,64
3936,4,9932,9932,0,0,0,0,1.0,1,1.0,1,1.0,1,0.6199893029070056,65
3937,4,9936,9936,0,0,0,0,1.0,1,1.0,1,1.0,1,0.6232547747714885,66
3938,1,9937,9937,0,0,0,0,1.0,1,1.0,1,1.0,1,0.6202249091769465,66
3939,3,9940,9940,0,0,0,0,1.0,1,1.0,1,1.0,1,0.6130873278939791,67
3940,6,9946,9946,0,0,0,0,1.0,1,1.0,1,1.0,1,0.6120238665728213,69
3941,1,9947,9947,0,0,0,0,1.0,1,1.0,1,1.0,1,0.6004063146422318,69
3942,4,9951,9951,0,0,0,0,1.0,1,1.0,1,1.0,1,0.6041304653551617,69
3943,3,9954,9954,0,0,0,0,1.0,1,1.0,1,1.0,1,0.5879825271056731,68
3944,4,9958,9958,0,0,0,0,1.0,1,1.0,1,1.0,1,0.6009403170108201,68
3945,5,9963,9963,0,0,0,0,1.0,1,1.0,1,1.0,1,0.6069839939030999,67
3946,3,9966,9966,0,0,0,0,1.0,1,1.0,1,1.0,1,0.5998782575624346,67
3947,4,9970,9970,0,0,0,0,1.0,1,1.0,1,1.0,1,0.6167957483180638,66
3948,1,9971,9971,0,0,0,0,1.0,1,1.0,1,1.0,1,0.6127438360684726,67
3949,5,9976,9976,0,0,0,0,1.0,1,1.0,1,1.0,1,0.610671936099893,66
3950,1,9977,9977,0,0,0,0,1.0,1,1.0,1,1.0,1,0.6201931496533633,65
3951,7,9984,9984,0,0,0,0,1.0,1,1.0,1,1.0,1,0.6058836426703275,65
3952,4,9988,9988,0,0,0,0,1.0,1,1.0,1,1.0,1,0.6032309709422868,65
3953,2,9990,9990,0,0,0,0,1.0,1,1.0,1,1.0,1,0.6013579424835913,65
3954,2,9992,9992,0,0,0,0,1.0,1,1.0,1,1.0,1,0.6121879839852816,64
3955,0,9992,9992,0,0,0,0,1.0,1,1.0,1,1.0,1,0.6329756967069604,64
3956,3,9995,9995,0,0,0,0,1.0,1,1.0,1,1.0,1,0.6303193557855394,63
3957,2,9997,9997,0,0,0,0,1.0,1,1.0,1,1.0,1,0.6479345165559558,63
3958,3,10000,10000,0,0,0,0,1.0,1,1.0,1,1.0,1,0.6339843212892374,63
3959,4,10004,10004,0,0,0,0,1.0,1,1.0,1,1.0,1,0.6150465555859949,62
3960,3,10007,10007,0,0,0,0,1.0,1,1.0,1,1.0,1,0.609819342826117,62
3961,5,10012,10012,0,0,0,0,1.0,1,1.0,1,1.0,1,0.611682875428247,64
3962,4,10016,10016,0,0,0,0,1.0,1,1.0,1,1.0,1,0.6206995077492463,64
3963,6,10022,10022,0,0,0,0,1.0,1,1.0,1,1.0,1,0.6152947351957381,62
3964,1,10023,10023,0,0,0,0,1.0,1,1.0,1,1.0,1,0.6124722734008038,63
3965,4,10027,10027,0,0,0,0,1.0,1,1.0,1,1.0,1,0.5973703226142266,63
3966,1,10028,10028,0,0,0,0,1.0,1,1.0,1,1.0,1,0.594923808138814,62
3967,1,10029,10029,0,0,0,0,1.0,1,1.0,1,1.0,1,0.5930266949539115,64
3968,2,10031,10031,0,0,0,0,1.0,1,1.0,1,1.0,1,0.6028160382424208,63
3969,1,10032,10032,0,0,0,0,1.0,1,1.0,1,1.0,1,0.6004689788590974,63
3970,1,10033,10033,0,0,0,0,1.0,1,1.0,1,1.0,1,0.586622477067004,65
3971,4,10037,10037,0,0,0,0,1.0,1,1.0,1,1.0,1,0.5814316878842666,65
3972,1,10038,10038,0,0,0,0,1.0,1,1.0,1,1.0,1,0.56614740904094,66
3973,4,10042,10042,0,0,0,0,1.0,1,1.0,1,1.0,1,0.5601835738485453,66
3974,5,10047,10047,0,0,0,0,1.0,1,1.0,1,1.0,1,0.5332671565317764,66
3975,1,10048,10048,0,0,0,0,1.0,1,1.0,1,1.0,1,0.5360776458022991,66
3976,5,10053,10053,0,0,0,0,1.0,1,1.0,1,1.0,1,0.5502208409865428,66
3977,0,10053,10053,0,0,0,0,1.0,1,1.0,1,1.0,1,0.5462314199055508,64
3978,2,10055,10055,0,0,0,0,1.0,1,1.0,1,1.0,1,0.5478882765427857,63
3979,5,10060,10060,0,0,0,0,1.0,1,1.0,1,1.0,1,0.5665018513242948,63
3980,2,10062,10062,0,0,0,0,1.0,1,1.0,1,1.0,1,0.5610619127807154,63
3981,3,10065,10065,0,0,0,0,1.0,1,1.0,1,1.0,1,0.5641216622564356,64
3982,2,10067,10067,0,0,0,0,1.0,1,1.0,1,1.0,1,0.5645780709346898,65
3983,2,10069,10069,0,0,0,0,1.0,1,1.0,1,1.0,1,0.570319849443642,64
3984,5,10074,10074,0,0,0,0,1.0,1,1.0,1,1.0,1,0.5733573049463093,65
3985,4,10078,10078,0,0,0,0,1.0,1,1.0,1,1.0,1,0.5761588371188155,64
3986,6,10084,10084,0,0,0,0,1.0,1,1.0,1,1.0,1,0.6106937149714351,63
3987,8,10092,10092,0,0,0,0,1.0,1,1.0,1,1.0,1,0.6266445966478911,63
3988,4,10096,10096,0,0,0,0,1.0,1,1.0,1,1.0,1,0.6356617616811435,63
3989,1,10097,10097,0,0,0,0,1.0,1,1.0,1,1.0,1,0.6532127648626737,63
3990,2,10099,10099,0,0,0,0,1.0,1,1.0,1,1.0,1,0.668670341467177,62
3991,2,10101,10101,0,0,0,0,1.0,1,1.0,1,1.0,1,0.6725979617500816,62
3992,1,10102,10102,0,0,0,0,1.0,1,1.0,1,1.0,1,0.6417647992330814,65
3993,2,10104,10104,0,0,0,0,1.0,1,1.0,1,1.0,1,0.6255232076843085,65
3994,0,10104,10104,0,0,0,0,1.0,1,1.0,1,1.0,1,0.6310432892679728,64
3995,1,10105,10105,0,0,0,0,1.0,1,1.0,1,1.0,1,0.6230775910268882,64
3996,2,10107,10107,0,0,0,0,1.0,1,1.0,1,1.0,1,0.6009155593787149,67
3997,0,10107,10107,0,0,0,0,1.0,1,1.0,1,1.0,1,0.5886288060891423,69
3998,2,10109,10109,0,0,0,0,1.0,1,1.0,1,1.0,1,0.6010307601731398,69
3999,2,10111,10111,0,0,0,0,1.0,1,1.0,1,1.0,1,0.5891209090028017,69
4000,1,10112,10112,0,0,0,0,1.0,1,1.0,1,1.0,1,0.5907103175276037,69
4001,2,10114,10114,0,0,0,0,1.0,1,1.0,1,1.0,1,0.5908035203699256,68
4002,2,10116,10116,0,0,0,0,1.0,1,1.0,1,1.0,1,0.597213227424169,68
4003,2,10118,10118,0,0,0,0,1.0,1,1.0,1,1.0,1,0.5943416307647784,68
4004,4,10122,10122,0,0,0,0,1.0,1,1.0,1,1.0,1,0.596686916913732,67
4005,2,10124,10124,0,0,0,0,1.0,1,1.0,1,1.0,1,0.5848845762959672,67
4006,7,10131,10131,0,0,0,0,1.0,1,1.0,1,1.0,1,0.5599485756262103,67
4007,2,10133,10133,0,0,0,0,1.0,1,1.0,1,1.0,1,0.5594864394885334,67
4008,4,10137,10137,0,0,0,0,1.0,1,1.0,1,1.0,1,0.5754036423893012,67
4009,3,10140,10140,0,0,0,0,1.0,1,1.0,1,1.0,1,0.560804318022892,67
4010,2,10142,10142,0,0,0,0,1.0,1,1.0,1,1.0,1,0.5478811117107345,66
4011,2,10144,10144,0,0,0,0,1.0,1,1.0,1,1.0,1,0.5417089537660389,66
4012,1,10145,10145,0,0,0,0,1.0,1,1.0,1,1.0,1,0.5267182022736314,66
4013,5,10150,10150,0,0,0,0,1.0,1,1.0,1,1.0,1,0.5104980881543651,66
4014,3,10153,10153,0,0,0,0,1.0,1,1.0,1,1.0,1,0.5218141367767308,66
4015,3,10156,10156,0,0,0,0,1.0,1,1.0,1,1.0,1,0.5162794851282881,64
4016,3,10159,10159,0,0,0,0,1.0,1,1.0,1,1.0,1,0.5315579474920789,64
4017,3,10162,10162,0,0,0,0,1.0,1,1.0,1,1.0,1,0.5407050162419169,66
4018,5,10167,10167,0,0,0,0,1.0,1,1.0,1,1.0,1,0.5798103175800525,67
4019,5,10172,10172,0,0,0,0,1.0,1,1.0,1,1.0,1,0.5714971516661014,67
4020,3,10175,10175,0,0,0,0,1.0,1,1.0,1,1.0,1,0.5950710205003198,66
4021,4,10179,10179,0,0,0,0,1.0,1,1.0,1,1.0,1,0.5893517996221721,66
4022,2,10181,10181,0,0,0,0,1.0,1,1.0,1,1.0,1,0.585831784160944,66
4023,4,10185,10185,0,0,0,0,1.0,1,1.0,1,1.0,1,0.5922166324088667,66
4024,2,10187,10187,0,0,0,0,1.0,1,1.0,1,1.0,1,0.6020988001789095,66
4025,6,10193,10193,0,0,0,0,1.0,1,1.0,1,1.0,1,0.5987459258533065,66
4026,3,10196,10196,0,0,0,0,1.0,1,1.0,1,1.0,1,0.5876477352234667,66
4027,4,10200,10200,0,0,0,0,1.0,1,1.0,1,1.0,1,0.5750420795455269,64
4028,3,10203,10203,0,0,0,0,1.0,1,1.0,1,1.0,1,0.584680587118195,63
4029,1,10204,10204,0,0,0,0,1.0,1,1.0,1,1.0,1,0.587404912847268,62
4030,3,10207,10207,0,0,0,0,1.0,1,1.0,1,1.0,1,0.606297263617642,63
4031,2,10209,10209,0,0,0,0,1.0,1,1.0,1,1.0,1,0.6263722705497191,62
4032,2,10211,10211,0,0,0,0,1.0,1,1.0,1,1.0,1,0.6165392286708392,62
4033,3,10214,10214,0,0,0,0,1.0,1,1.0,1,1.0,1,0.6407866581023515,61
4034,1,10215,10215,0,0,0,0,1.0,1,1.0,1,1.0,1,0.6251816389712732,60
4035,3,10218,10218,0,0,0,0,1.0,1,1.0,1,1.0,1,0.6202723057687476,59
4036,2,10220,10220,0,0,0,0,1.0,1,1.0,1,1.0,1,0.6177026657160377,58
4037,4,10224,10224,0,0,0,0,1.0,1,1.0,1,1.0,1,0.580373838741286,59
4038,0,10224,10224,0,0,0,0,1.0,1,1.0,1,1.0,1,0.5787813861240004,58
4039,6,10230,10230,0,0,0,0,1.0,1,1.0,1,1.0,1,0.569748339347429,56
4040,3,10233,10233,0,0,0,0,1.0,1,1.0,1,1.0,1,0.5698661998787103,55
4041,2,10235,10235,0,0,0,0,1.0,1,1.0,1,1.0,1,0.5878178024383369,54
4042,6,10241,10241,0,0,0,0,1.0,1,1.0,1,1.0,1,0.6119028310629641,56
4043,2,10243,10243,0,0,0,0,1.0,1,1.0,1,1.0,1,0.611268427822657,56
4044,4,10247,10247,0,0,0,0,1.0,1,1.0,1,1.0,1,0.6167678697585953,56
4045,1,10248,10248,0,0,0,0,1.0,1,1.0,1,1.0,1,0.5992026110908766,57
4046,1,10249,10249,0,0,0,0,1.0,1,1.0,1,1.0,1,0.6005987094386592,59
4047,1,10250,10250,0,0,0,0,1.0,1,1.0,1,1.0,1,0.5955127989829767,59
4048,1,10251,10251,0,0,0,0,1.0,1,1.0,1,1.0,1,0.601061383642644,59
4049,2,10253,10253,0,0,0,0,1.0,1,1.0,1,1.0,1,0.6073626102608727,60
4050,0,10253,10253,0,0,0,0,1.0,1,1.0,1,1.0,1,0.6073626102608727,60
4051,0,10253,10253,0,0,0,0,1.0,1,1.0,1,1.0,1,0.6073626102608727,60
4052,1,10254,10254,0,0,0,0,1.0,1,1.0,1,1.0,1,0.6007790688834586,60
4053,2,10256,10256,0,0,0,0,1.0,1,1.0,1,1.0,1,0.5871503668070832,60
4054,1,10257,10257,0,0,0,0,1.0,1,1.0,1,1.0,1,0.5719204611456933,61
4055,0,10257,10257,0,0,0,0,1.0,1,1.0,1,1.0,1,0.5719204611456933,61
4056,0,10257,10257,0,0,0,0,1.0,1,1.0,1,1.0,1,0.5736950190217677,62
4057,0,10257,10257,0,0,0,0,1.0,1,1.0,1,1.0,1,0.5775088291385205,63
4058,1,10258,10258,0,0,0,0,1.0,1,1.0,1,1.0,1,0.6014568732788058,64
4059,2,10260,10260,0,0,0,0,1.0,1,1.0,1,1.0,1,0.6131924948404557,63
4060,3,10263,10263,0,0,0,0,1.0,1,1.0,1,1.0,1,0.6322277004788379,63
4061,1,10264,10264,0,0,0,0,1.0,1,1.0,1,1.0,1,0.6369167235437967,63
4062,2,10266,10266,0,0,0,0,1.0,1,1.0,1,1.0,1,0.6354111249191207,65
4063,4,10270,10270,0,0,0,0,1.0,1,1.0,1,1.0,1,0.6204450747131105,64
4064,5,10275,10275,0,0,0,0,1.0,1,1.0,1,1.0,1,0.6205586116999956,65
4065,4,10279,10279,0,0,0,0,1.0,1,1.0,1,1.0,1,0.6135332054089992,64
4066,5,10284,10284,0,0,0,0,1.0,1,1.0,1,1.0,1,0.6197762166037541,64
4067,8,10292,10292,0,0,0,0,1.0,1,1.0,1,1.0,1,0.6089526516582242,63
4068,7,10299,10299,0,0,0,0,1.0,1,1.0,1,1.0,1,0.6382484108924434,64
4069,10,10309,10309,0,0,0,0,1.0,1,1.0,1,1.0,1,0.646580435520876,62
4070,5,10314,10314,0,0,0,0,1.0,1,1.0,1,1.0,1,0.6669346161257583,61
4071,10,10324,10324,0,0,0,0,1.0,1,1.0,1,1.0,1,0.6816605291137933,61
4072,7,10331,10331,0,0,0,0,1.0,1,1.0,1,1.0,1,0.643847145488461,60
4073,3,10334,10334,0,0,0,0,1.0,1,1.0,1,1.0,1,0.6109453136597988,60
4074,5,10339,10339,0,0,0,0,1.0,1,1.0,1,1.0,1,0.5981482467690594,60
4075,2,10341,10341,0,0,0,0,1.0,1,1.0,1,1.0,1,0.579348410299042,59
4076,1,10342,10342,0,0,0,0,1.0,1,1.0,1,1.0,1,0.5687169545587991,60
4077,2,10344,10344,0,0,0,0,1.0,1,1.0,1,1.0,1,0.5403864018198697,61
4078,0,10344,10344,0,0,0,0,1.0,1,1.0,1,1.0,1,0.5455530267867038,60
4079,0,10344,10344,0,0,0,0,1.0,1,1.0,1,1.0,1,0.5659482924005247,58
4080,2,10346,10346,0,0,0,0,1.0,1,1.0,1,1.0,1,0.570655032422882,56
4081,1,10347,10347,0,0,0,0,1.0,1,1.0,1,1.0,1,0.583329374804724,56
4082,3,10350,10350,0,0,0,0,1.0,1,1.0,1,1.0,1,0.5671506442357895,55
4083,4,10354,10354,0,0,0,0,1.0,1,1.0,1,1.0,1,0.5849660035956262,55
4084,3,10357,10357,0,0,0,0,1.0,1,1.0,1,1.0,1,0.5556319897334215,55
4085,2,10359,10359,0,0,0,0,1.0,1,1.0,1,1.0,1,0.5448376999672739,56
4086,1,10360,10360,0,0,0,0,1.0,1,1.0,1,1.0,1,0.5260721629956605,57
4087,1,10361,10361,0,0,0,0,1.0,1,1.0,1,1.0,1,0.5287487709633194,57
4088,0,10361,10361,0,0,0,0,1.0,1,1.0,1,1.0,1,0.5311668081843754,57
4089,1,10362,10362,0,0,0,0,1.0,1,1.0,1,1.0,1,0.5518496459828223,56
4090,2,10364,10364,0,0,0,0,1.0,1,1.0,1,1.0,1,0.5576551970587272,56
4091,0,10364,10364,0,0,0,0,1.0,1,1.0,1,1.0,1,0.5759540373911438,56
4092,2,10366,10366,0,0,0,0,1.0,1,1.0,1,1.0,1,0.5838863843852823,57
4093,3,10369,10369,0,0,0,0,1.0,1,1.0,1,1.0,1,0.5868995030484504,58
4094,4,10373,10373,0,0,0,0,1.0,1,1.0,1,1.0,1,0.5819386568725402,57
4095,5,10378,10378,0,0,0,0,1.0,1,1.0,1,1.0,1,0.5969041120972666,57
4096,2,10380,10380,0,0,0,0,1.0,1,1.0,1,1.0,1,0.6015265025293003,59
4097,6,10386,10386,0,0,0,0,1.0,1,1.0,1,1.0,1,0.5950407389413968,59
4098,4,10390,10390,0,0,0,0,1.0,1,1.0,1,1.0,1,0.6020977499409979,59
4099,8,10398,10398,0,0,0,0,1.0,1,1.0,1,1.0,1,0.591346810981369,60
4100,7,10405,10405,0,0,0,0,1.0,1,1.0,1,1.0,1,0.5890081436502095,60
4101,7,10412,10412,0,0,0,0,1.0,1,1.0,1,1.0,1,0.617719907625167,60
4102,6,10418,10418,0,0,0,0,1.0,1,1.0,1,1.0,1,0.6067339908791068,60
4103,6,10424,10424,0,0,0,0,1.0,1,1.0,1,1.0,1,0.5996154594162401,58
4104,3,10427,10427,0,0,0,0,1.0,1,1.0,1,1.0,1,0.609751034493885,60
4105,3,10430,10430,0,0,0,0,1.0,1,1.0,1,1.0,1,0.6246815711024621,59
4106,2,10432,10432,0,0,0,0,1.0,1,1.0,1,1.0,1,0.6210621175232554,61
4107,2,10434,10434,0,0,0,0,1.0,1,1.0,1,1.0,1,0.6304141154717265,59
4108,2,10436,10436,0,0,0,0,1.0,1,1.0,1,1.0,1,0.6068648922732376,60
4109,4,10440,10440,0,0,0,0,1.0,1,1.0,1,1.0,1,0.5954287118055412,59
4110,2,10442,10442,0,0,0,0,1.0,1,1.0,1,1.0,1,0.5821009096591173,60
4111,3,10445,10445,0,0,0,0,1.0,1,1.0,1,1.0,1,0.595451922155115,61
4112,3,10448,10448,0,0,0,0,1.0,1,1.0,1,1.0,1,0.5874780971914898,60
4113,2,10450,10450,0,0,0,0,1.0,1,1.0,1,1.0,1,0.5616763749617163,61
4114,1,10451,10451,0,0,0,0,1.0,1,1.0,1,1.0,1,0.5626793311768014,62
4115,3,10454,10454,0,0,0,0,1.0,1,1.0,1,1.0,1,0.562555520156318,60
4116,1,10455,10455,0,0,0,0,1.0,1,1.0,1,1.0,1,0.5656749930706716,59
4117,7,10462,10462,0,0,0,0,1.0,1,1.0,1,1.0,1,0.5748539832939572,56
4118,1,10463,10463,0,0,0,0,1.0,1,1.0,1,1.0,1,0.5855761366134672,55
4119,5,10468,10468,0,0,0,0,1.0,1,1.0,1,1.0,1,0.6158292005498589,53
4120,0,10468,10468,0,0,0,0,1.0,1,1.0,1,1.0,1,0.6219611998704508,52
4121,4,10472,10472,0,0,0,0,1.0,1,1.0,1,1.0,1,0.610212743766359,53
4122,1,10473,10473,0,0,0,0,1.0,1,1.0,1,1.0,1,0.5953344482118978,52
4123,3,10476,10476,0,0,0,0,1.0,1,1.0,1,1.0,1,0.5910844247522783,51
4124,4,10480,10480,0,0,0,0,1.0,1,1.0,1,1.0,1,0.5953742415312229,51
4125,2,10482,10482,0,0,0,0,1.0,1,1.0,1,1.0,1,0.6026926214161805,50
4126,4,10486,10486,0,0,0,0,1.0,1,1.0,1,1.0,1,0.6244786664599009,50
4127,0,10486,10486,0,0,0,0,1.0,1,1.0,1,1.0,1,0.62845386054045,49
4128,3,10489,10489,0,0,0,0,1.0,1,1.0,1,1.0,1,0.6297256820268052,49
4129,3,10492,10492,0,0,0,0,1.0,1,1.0,1,1.0,1,0.603440220924372,49
4130,1,10493,10493,0,0,0,0,1.0,1,1.0,1,1.0,1,0.6015774117550966,50
4131,1,10494,10494,0,0,0,0,1.0,1,1.0,1,1.0,1,0.5836476481276699,50
4132,3,10497,10497,0,0,0,0,1.0,1,1.0,1,1.0,1,0.5904816490441491,50
4133,1,10498,10498,0,0,0,0,1.0,1,1.0,1,1.0,1,0.6069030600266178,51
4134,3,10501,10501,0,0,0,0,1.0,1,1.0,1,1.0,1,0.5854292319473263,53
4135,1,10502,10502,0,0,0,0,1.0,1,1.0,1,1.0,1,0.5851267485862819,54
4136,1,10503,10503,0,0,0,0,1.0,1,1.0,1,1.0,1,0.5906144167094733,54
4137,0,10503,10503,0,0,0,0,1.0,1,1.0,1,1.0,1,0.5686017611753758,55
4138,1,10504,10504,0,0,0,0,1.0,1,1.0,1,1.0,1,0.5757749779275391,54
4139,3,10507,10507,0,0,0,0,1.0,1,1.0,1,1.0,1,0.6011659263454565,54
4140,2,10509,10509,0,0,0,0,1.0,1,1.0,1,1.0,1,0.6085662164585217,55
4141,3,10512,10512,0,0,0,0,1.0,1,1.0,1,1.0,1,0.6086681176389144,55
4142,4,10516,10516,0,0,0,0,1.0,1,1.0,1,1.0,1,0.583667077469355,55
4143,2,10518,10518,0,0,0,0,1.0,1,1.0,1,1.0,1,0.5898970472395317,53
4144,7,10525,10525,0,0,0,0,1.0,1,1.0,1,1.0,1,0.6319941477560549,52
4145,6,10531,10531,0,0,0,0,1.0,1,1.0,1,1.0,1,0.6392332017346374,51
4146,3,10534,10534,0,0,0,0,1.0,1,1.0,1,1.0,1,0.662921612217453,51
4147,5,10539,10539,0,0,0,0,1.0,1,1.0,1,1.0,1,0.6857796259744637,50
4148,3,10542,10542,0,0,0,0,1.0,1,1.0,1,1.0,1,0.6721440411375013,52
4149,0,10542,10542,0,0,0,0,1.0,1,1.0,1,1.0,1,0.6581335971160456,53
4150,1,10543,10543,0,0,0,0,1.0,1,1.0,1,1.0,1,0.6537222402086582,53
4151,1,10544,10544,0,0,0,0,1.0,1,1.0,1,1.0,1,0.6495448439202187,53
4152,0,10544,10544,0,0,0,0,1.0,1,1.0,1,1.0,1,0.6354969248480221,54
4153,1,10545,10545,0,0,0,0,1.0,1,1.0,1,1.0,1,0.6410165140404956,51
4154,2,10547,10547,0,0,0,0,1.0,1,1.0,1,1.0,1,0.644237877639849,51
4155,3,10550,10550,0,0,0,0,1.0,1,1.0,1,1.0,1,0.6647562769051522,51
4156,1,10551,10551,0,0,0,0,1.0,1,1.0,1,1.0,1,0.650392884004476,52
4157,3,10554,10554,0,0,0,0,1.0,1,1.0,1,1.0,1,0.6555374721028292,52
4158,4,10558,10558,0,0,0,0,1.0,1,1.0,1,1.0,1,0.643810433357244,52
4159,4,10562,10562,0,0,0,0,1.0,1,1.0,1,1.0,1,0.6492107260676221,52
4160,0,10562,10562,0,0,0,0,1.0,1,1.0,1,1.0,1,0.6588680881498823,50
4161,3,10565,10565,0,0,0,0,1.0,1,1.0,1,1.0,1,0.6459549012151179,50
4162,1,10566,10566,0,0,0,0,1.0,1,1.0,1,1.0,1,0.6465357690495501,51
4163,3,10569,10569,0,0,0,0,1.0,1,1.0,1,1.0,1,0.6330805786975852,48
4164,2,10571,10571,0,0,0,0,1.0,1,1.0,1,1.0,1,0.600476432096475,50
4165,1,10572,10572,0,0,0,0,1.0,1,1.0,1,1.0,1,0.5814897898993836,49
4166,2,10574,10574,0,0,0,0,1.0,1,1.0,1,1.0,1,0.565511093792655,50
4167,6,10580,10580,0,0,0,0,1.0,1,1.0,1,1.0,1,0.538731713632972,50
4168,3,10583,10583,0,0,0,0,1.0,1,1.0,1,1.0,1,0.5245024222453282,50
4169,5,10588,10588,0,0,0,0,1.0,1,1.0,1,1.0,1,0.5354623970443251,51
4170,1,10589,10589,0,0,0,0,1.0,1,1.0,1,1.0,1,0.5422137884205964,50
4171,6,10595,10595,0,0,0,0,1.0,1,1.0,1,1.0,1,0.5751453225106951,50
4172,2,10597,10597,0,0,0,0,1.0,1,1.0,1,1.0,1,0.5728750930189302,49
4173,5,10602,10602,0,0,0,0,1.0,1,1.0,1,1.0,1,0.6300730439359198,48
4174,1,10603,10603,0,0,0,0,1.0,1,1.0,1,1.0,1,0.6448630667033424,48
4175,4,10607,10607,0,0,0,0,1.0,1,1.0,1,1.0,1,0.6690501162749134,48
4176,1,10608,10608,0,0,0,0,1.0,1,1.0,1,1.0,1,0.6469772969092371,50
4177,3,10611,10611,0,0,0,0,1.0,1,1.0,1,1.0,1,0.6253814617146373,52
4178,3,10614,10614,0,0,0,0,1.0,1,1.0,1,1.0,1,0.5839377378209387,53
4179,3,10617,10617,0,0,0,0,1.0,1,1.0,1,1.0,1,0.5825839129524991,54
4180,2,10619,10619,0,0,0,0,1.0,1,1.0,1,1.0,1,0.5717518300291523,55
4181,1,10620,10620,0,0,0,0,1.0,1,1.0,1,1.0,1,0.5674419692829185,56
4182,3,10623,10623,0,0,0,0,1.0,1,1.0,1,1.0,1,0.5663681537922127,56
4183,0,10623,10623,0,0,0,0,1.0,1,1.0,1,1.0,1,0.5573051606936644,57
4184,3,10626,10626,0,0,0,0,1.0,1,1.0,1,1.0,1,0.5717263857626883,57
4185,3,10629,10629,0,0,0,0,1.0,1,1.0,1,1.0,1,0.612582205843671,54
4186,1,10630,10630,0,0,0,0,1.0,1,1.0,1,1.0,1,0.6136584055690351,55
4187,1,10631,10631,0,0,0,0,1.0,1,1.0,1,1.0,1,0.624170575732482,53
4188,1,10632,10632,0,0,0,0,1.0,1,1.0,1,1.0,1,0.6428831158725552,53
4189,6,10638,10638,0,0,0,0,1.0,1,1.0,1,1.0,1,0.6205393471896349,53
4190,6,10644,10644,0,0,0,0,1.0,1,1.0,1,1.0,1,0.5906833025740286,53
4191,1,10645,10645,0,0,0,0,1.0,1,1.0,1,1.0,1,0.5780127534650402,51
4192,3,10648,10648,0,0,0,0,1.0,1,1.0,1,1.0,1,0.575040398245004,51
4193,3,10651,10651,0,0,0,0,1.0,1,1.0,1,1.0,1,0.5634345762095957,50
4194,5,10656,10656,0,0,0,0,1.0,1,1.0,1,1.0,1,0.5482883186436078,50
4195,4,10660,10660,0,0,0,0,1.0,1,1.0,1,1.0,1,0.5326022912939706,50
4196,1,10661,10661,0,0,0,0,1.0,1,1.0,1,1.0,1,0.5128705285233214,51
4197,1,10662,10662,0,0,0,0,1.0,1,1.0,1,1.0,1,0.5073704433796851,50
4198,2,10664,10664,0,0,0,0,1.0,1,1.0,1,1.0,1,0.49410391229927225,48
4199,2,10666,10666,0,0,0,0,1.0,1,1.0,1,1.0,1,0.4685835915618266,48
4200,1,10667,10667,0,0,0,0,1.0,1,1.0,1,1.0,1,0.4504505417670969,48
4201,5,10672,10672,0,0,0,0,1.0,1,1.0,1,1.0,1,0.48014756620800925,47
4202,3,10675,10675,0,0,0,0,1.0,1,1.0,1,1.0,1,0.48764677552839436,47
4203,5,10680,10680,0,0,0,0,1.0,1,1.0,1,1.0,1,0.5280404430372445,47
4204,3,10683,10683,0,0,0,0,1.0,1,1.0,1,1.0,1,0.5681591019369691,48
4205,1,10684,10684,0,0,0,0,1.0,1,1.0,1,1.0,1,0.5485064323542966,49
4206,3,10687,10687,0,0,0,0,1.0,1,1.0,1,1.0,1,0.574554598137629,49
4207,3,10690,10690,0,0,0,0,1.0,1,1.0,1,1.0,1,0.5478080517857287,48
4208,1,10691,10691,0,0,0,0,1.0,1,1.0,1,1.0,1,0.5620238592188093,49
4209,1,10692,10692,0,0,0,0,1.0,1,1.0,1,1.0,1,0.5401996049677087,51
4210,2,10694,10694,0,0,0,0,1.0,1,1.0,1,1.0,1,0.5467174444398033,52
4211,0,10694,10694,0,0,0,0,1.0,1,1.0,1,1.0,1,0.5379319135481462,53
4212,1,10695,10695,0,0,0,0,1.0,1,1.0,1,1.0,1,0.525104826995895,53
4213,1,10696,10696,0,0,0,0,1.0,1,1.0,1,1.0,1,0.5095728424808147,54
4214,1,10697,10697,0,0,0,0,1.0,1,1.0,1,1.0,1,0.49225149036101395,54
4215,0,10697,10697,0,0,0,0,1.0,1,1.0,1,1.0,1,0.49225149036101395,54
4216,1,10698,10698,0,0,0,0,1.0,1,1.0,1,1.0,1,0.49734469004380194,53
4217,2,10700,10700,0,0,0,0,1.0,1,1.0,1,1.0,1,0.5006301658817723,54
4218,3,10703,10703,0,0,0,0,1.0,1,1.0,1,1.0,1,0.5053392863688161,53
4219,6,10709,10709,0,0,0,0,1.0,1,1.0,1,1.0,1,0.5273826388064758,53
4220,2,10711,10711,0,0,0,0,1.0,1,1.0,1,1.0,1,0.5549667077029715,53
4221,3,10714,10714,0,0,0,0,1.0,1,1.0,1,1.0,1,0.5506147551755394,54
4222,6,10720,10720,0,0,0,0,1.0,1,1.0,1,1.0,1,0.5673280313779356,55
4223,1,10721,10721,0,0,0,0,1.0,1,1.0,1,1.0,1,0.5607092837494418,56
4224,3,10724,10724,0,0,0,0,1.0,1,1.0,1,1.0,1,0.5828926808115695,55
4225,3,10727,10727,0,0,0,0,1.0,1,1.0,1,1.0,1,0.5781299823109229,53
4226,1,10728,10728,0,0,0,0,1.0,1,1.0,1,1.0,1,0.5972099979640338,54
4227,3,10731,10731,0,0,0,0,1.0,1,1.0,1,1.0,1,0.5955508945179812,52
4228,1,10732,10732,0,0,0,0,1.0,1,1.0,1,1.0,1,0.6035352718240183,51
4229,1,10733,10733,0,0,0,0,1.0,1,1.0,1,1.0,1,0.5958381481565674,48
4230,1,10734,10734,0,0,0,0,1.0,1,1.0,1,1.0,1,0.6158921004071342,48
4231,1,10735,10735,0,0,0,0,1.0,1,1.0,1,1.0,1,0.6165392201603989,48
4232,1,10736,10736,0,0,0,0,1.0,1,1.0,1,1.0,1,0.6354595104886581,48
4233,4,10740,10740,0,0,0,0,1.0,1,1.0,1,1.0,1,0.6008032203650154,48
4234,2,10742,10742,0,0,0,0,1.0,1,1.0,1,1.0,1,0.5876376883084251,49
4235,3,10745,10745,0,0,0,0,1.0,1,1.0,1,1.0,1,0.5639328348212655,47
4236,4,10749,10749,0,0,0,0,1.0,1,1.0,1,1.0,1,0.5580275651341754,47
4237,2,10751,10751,0,0,0,0,1.0,1,1.0,1,1.0,1,0.5248306252529722,48
4238,0,10751,10751,0,0,0,0,1.0,1,1.0,1,1.0,1,0.5323651460268463,47
4239,4,10755,10755,0,0,0,0,1.0,1,1.0,1,1.0,1,0.5260471430317226,48
4240,0,10755,10755,0,0,0,0,1.0,1,1.0,1,1.0,1,0.5338531817322822,47
4241,2,10757,10757,0,0,0,0,1.0,1,1.0,1,1.0,1,0.5388791697373384,49
4242,0,10757,10757,0,0,0,0,1.0,1,1.0,1,1.0,1,0.5369407705844055,49
4243,2,10759,10759,0,0,0,0,1.0,1,1.0,1,1.0,1,0.5123866162343239,50
4244,1,10760,10760,0,0,0,0,1.0,1,1.0,1,1.0,1,0.5146336342788701,51
4245,2,10762,10762,0,0,0,0,1.0,1,1.0,1,1.0,1,0.5087702534340441,51
4246,3,10765,10765,0,0,0,0,1.0,1,1.0,1,1.0,1,0.48553712458535403,51
4247,4,10769,10769,0,0,0,0,1.0,1,1.0,1,1.0,1,0.5273991639495935,52
4248,4,10773,10773,0,0,0,0,1.0,1,1.0,1,1.0,1,0.5284540731616232,52
4249,6,10779,10779,0,0,0,0,1.0,1,1.0,1,1.0,1,0.551795601781035,52
4250,10,10789,10789,0,0,0,0,1.0,1,1.0,1,1.0,1,0.547115138303447,52
4251,6,10795,10795,0,0,0,0,1.0,1,1.0,1,1.0,1,0.5177010969332831,53
4252,3,10798,10798,0,0,0,0,1.0,1,1.0,1,1.0,1,0.49157025276640814,53
4253,11,10809,10809,0,0,0,0,1.0,1,1.0,1,1.0,1,0.4938445433197523,54
4254,2,10811,10811,0,0,0,0,1.0,1,1.0,1,1.0,1,0.47304548881273994,54
4255,3,10814,10814,0,0,0,0,1.0,1,1.0,1,1.0,1,0.4703375103833212,55
4256,3,10817,10817,0,0,0,0,1.0,1,1.0,1,1.0,1,0.4660821923032012,57
4257,1,10818,10818,0,0,0,0,1.0,1,1.0,1,1.0,1,0.4795632505155181,57
4258,2,10820,10820,0,0,0,0,1.0,1,1.0,1,1.0,1,0.49883837739615067,57
4259,2,10822,10822,0,0,0,0,1.0,1,1.0,1,1.0,1,0.4934621199442469,57
4260,2,10824,10824,0,0,0,0,1.0,1,1.0,1,1.0,1,0.5015351292439691,58
4261,4,10828,10828,0,0,0,0,1.0,1,1.0,1,1.0,1,0.5180517791140596,59
4262,3,10831,10831,0,0,0,0,1.0,1,1.0,1,1.0,1,0.5052876864637966,60
4263,3,10834,10834,0,0,0,0,1.0,1,1.0,1,1.0,1,0.5132165910569143,59
4264,3,10837,10837,0,0,0,0,1.0,1,1.0,1,1.0,1,0.5221618701055907,58
4265,2,10839,10839,0,0,0,0,1.0,1,1.0,1,1.0,1,0.5326757609846069,58
4266,5,10844,10844,0,0,0,0,1.0,1,1.0,1,1.0,1,0.5406990207066574,58
4267,2,10846,10846,0,0,0,0,1.0,1,1.0,1,1.0,1,0.5525149135196927,55
4268,1,10847,10847,0,0,0,0,1.0,1,1.0,1,1.0,1,0.5571895752734262,55
4269,0,10847,10847,0,0,0,0,1.0,1,1.0,1,1.0,1,0.5546444901618229,50
4270,5,10852,10852,0,0,0,0,1.0,1,1.0,1,1.0,1,0.5831454691714861,47
4271,3,10855,10855,0,0,0,0,1.0,1,1.0,1,1.0,1,0.5795270963362438,47
4272,3,10858,10858,0,0,0,0,1.0,1,1.0,1,1.0,1,0.6013555308553995,46
4273,6,10864,10864,0,0,0,0,1.0,1,1.0,1,1.0,1,0.6156363672842814,47
4274,7,10871,10871,0,0,0,0,1.0,1,1.0,1,1.0,1,0.6678077967770579,45
4275,4,10875,10875,0,0,0,0,1.0,1,1.0,1,1.0,1,0.6665406789903692,44
4276,8,10883,10883,0,0,0,0,1.0,1,1.0,1,1.0,1,0.6678731183466723,43
4277,4,10887,10887,0,0,0,0,1.0,1,1.0,1,1.0,1,0.6202663540255272,42
4278,5,10892,10892,0,0,0,0,1.0,1,1.0,1,1.0,1,0.6533961593733286,43
4279,0,10892,10892,0,0,0,0,1.0,1,1.0,1,1.0,1,0.6716647610087411,42
4280,6,10898,10898,0,0,0,0,1.0,1,1.0,1,1.0,1,0.6476201295969806,44
4281,2,10900,10900,0,0,0,0,1.0,1,1.0,1,1.0,1,0.6117088770908268,44
4282,3,10903,10903,0,0,0,0,1.0,1,1.0,1,1.0,1,0.5803784949555838,44
4283,4,10907,10907,0,0,0,0,1.0,1,1.0,1,1.0,1,0.5795684007992639,45
4284,3,10910,10910,0,0,0,0,1.0,1,1.0,1,1.0,1,0.567409447610341,45
4285,3,10913,10913,0,0,0,0,1.0,1,1.0,1,1.0,1,0.5324570123557836,47
4286,1,10914,10914,0,0,0,0,1.0,1,1.0,1,1.0,1,0.557227403555031,47
4287,2,10916,10916,0,0,0,0,1.0,1,1.0,1,1.0,1,0.5154242967899716,49
4288,3,10919,10919,0,0,0,0,1.0,1,1.0,1,1.0,1,0.5182186435467181,49
4289,3,10922,10922,0,0,0,0,1.0,1,1.0,1,1.0,1,0.4904334648178204,50
4290,2,10924,10924,0,0,0,0,1.0,1,1.0,1,1.0,1,0.5102501497531365,51
4291,2,10926,10926,0,0,0,0,1.0,1,1.0,1,1.0,1,0.5270345328986265,50
4292,1,10927,10927,0,0,0,0,1.0,1,1.0,1,1.0,1,0.5086804994093714,51
4293,3,10930,10930,0,0,0,0,1.0,1,1.0,1,1.0,1,0.49168014170473995,51
4294,1,10931,10931,0,0,0,0,1.0,1,1.0,1,1.0,1,0.5127334840297825,50
4295,2,10933,10933,0,0,0,0,1.0,1,1.0,1,1.0,1,0.5049057323396681,50
4296,0,10933,10933,0,0,0,0,1.0,1,1.0,1,1.0,1,0.5171354577740946,49
4297,4,10937,10937,0,0,0,0,1.0,1,1.0,1,1.0,1,0.5855686487083498,49
4298,2,10939,10939,0,0,0,0,1.0,1,1.0,1,1.0,1,0.5947215450946821,49
4299,2,10941,10941,0,0,0,0,1.0,1,1.0,1,1.0,1,0.5938172386524988,48
4300,2,10943,10943,0,0,0,0,1.0,1,1.0,1,1.0,1,0.5898414765005979,49
4301,2,10945,10945,0,0,0,0,1.0,1,1.0,1,1.0,1,0.570739234722765,50
4302,4,10949,10949,0,0,0,0,1.0,1,1.0,1,1.0,1,0.578423876233257,51
4303,5,10954,10954,0,0,0,0,1.0,1,1.0,1,1.0,1,0.553852091344261,51
4304,4,10958,10958,0,0,0,0,1.0,1,1.0,1,1.0,1,0.5463897672015344,51
4305,8,10966,10966,0,0,0,0,1.0,1,1.0,1,1.0,1,0.5765800654102111,49
4306,3,10969,10969,0,0,0,0,1.0,1,1.0,1,1.0,1,0.5554777485900296,49
4307,6,10975,10975,0,0,0,0,1.0,1,1.0,1,1.0,1,0.5704789027204653,46
4308,3,10978,10978,0,0,0,0,1.0,1,1.0,1,1.0,1,0.524607831905836,44
4309,5,10983,10983,0,0,0,0,1.0,1,1.0,1,1.0,1,0.5329829553978205,44
4310,2,10985,10985,0,0,0,0,1.0,1,1.0,1,1.0,1,0.5302543021000695,42
4311,3,10988,10988,0,0,0,0,1.0,1,1.0,1,1.0,1,0.5270473815227374,42
4312,3,10991,10991,0,0,0,0,1.0,1,1.0,1,1.0,1,0.5147001448755327,40
4313,2,10993,10993,0,0,0,0,1.0,1,1.0,1,1.0,1,0.5171774978349987,40
4314,5,10998,10998,0,0,0,0,1.0,1,1.0,1,1.0,1,0.5174017776958449,36
4315,0,10998,10998,0,0,0,0,1.0,1,1.0,1,1.0,1,0.5233343550635984,37
4316,3,11001,11001,0,0,0,0,1.0,1,1.0,1,1.0,1,0.5404558759801854,37
4317,1,11002,11002,0,0,0,0,1.0,1,1.0,1,1.0,1,0.5279432752619587,36
4318,1,11003,11003,0,0,0,0,1.0,1,1.0,1,1.0,1,0.4985850558867895,34
4319,1,11004,11004,0,0,0,0,1.0,1,1.0,1,1.0,1,0.5223326399687697,34
4320,2,11006,11006,0,0,0,0,1.0,1,1.0,1,1.0,1,0.5627681344782075,34
4321,1,11007,11007,0,0,0,0,1.0,1,1.0,1,1.0,1,0.5437451144177079,35
4322,2,11009,11009,0,0,0,0,1.0,1,1.0,1,1.0,1,0.5071951393250937,35
4323,2,11011,11011,0,0,0,0,1.0,1,1.0,1,1.0,1,0.507714963018687,35
4324,4,11015,11015,0,0,0,0,1.0,1,1.0,1,1.0,1,0.5328084962220968,34
4325,2,11017,11017,0,0,0,0,1.0,1,1.0,1,1.0,1,0.5072783536253824,34
4326,4,11021,11021,0,0,0,0,1.0,1,1.0,1,1.0,1,0.5727819707971532,36
4327,3,11024,11024,0,0,0,0,1.0,1,1.0,1,1.0,1,0.5773062528908968,35
4328,2,11026,11026,0,0,0,0,1.0,1,1.0,1,1.0,1,0.6228793502785348,35
4329,1,11027,11027,0,0,0,0,1.0,1,1.0,1,1.0,1,0.5718044157554427,38
4330,2,11029,11029,0,0,0,0,1.0,1,1.0,1,1.0,1,0.5635939877242712,38
4331,2,11031,11031,0,0,0,0,1.0,1,1.0,1,1.0,1,0.5542356400640859,39
4332,1,11032,11032,0,0,0,0,1.0,1,1.0,1,1.0,1,0.5744981757652564,40
4333,1,11033,11033,0,0,0,0,1.0,1,1.0,1,1.0,1,0.5620306839476993,41
4334,1,11034,11034,0,0,0,0,1.0,1,1.0,1,1.0,1,0.5664276192652149,41
4335,0,11034,11034,0,0,0,0,1.0,1,1.0,1,1.0,1,0.546283116520485,42
4336,3,11037,11037,0,0,0,0,1.0,1,1.0,1,1.0,1,0.5514715878953036,43
4337,0,11037,11037,0,0,0,0,1.0,1,1.0,1,1.0,1,0.5290688627885771,44
4338,3,11040,11040,0,0,0,0,1.0,1,1.0,1,1.0,1,0.5124257065058573,44
4339,2,11042,11042,0,0,0,0,1.0,1,1.0,1,1.0,1,0.5213807337203408,46
4340,3,11045,11045,0,0,0,0,1.0,1,1.0,1,1.0,1,0.5478738947361773,47
4341,2,11047,11047,0,0,0,0,1.0,1,1.0,1,1.0,1,0.5428608404760106,47
4342,3,11050,11050,0,0,0,0,1.0,1,1.0,1,1.0,1,0.5537943151800183,47
4343,2,11052,11052,0,0,0,0,1.0,1,1.0,1,1.0,1,0.5643917765785306,42
4344,1,11053,11053,0,0,0,0,1.0,1,1.0,1,1.0,1,0.5588256890376011,42
4345,4,11057,11057,0,0,0,0,1.0,1,1.0,1,1.0,1,0.6018953952331249,39
4346,4,11061,11061,0,0,0,0,1.0,1,1.0,1,1.0,1,0.5594584769059838,37
4347,3,11064,11064,0,0,0,0,1.0,1,1.0,1,1.0,1,0.5861479860198343,37
4348,5,11069,11069,0,0,0,0,1.0,1,1.0,1,1.0,1,0.5385796621081781,38
4349,5,11074,11074,0,0,0,0,1.0,1,1.0,1,1.0,1,0.5668951516464782,36
4350,3,11077,11077,0,0,0,0,1.0,1,1.0,1,1.0,1,0.558296050293894,37
4351,3,11080,11080,0,0,0,0,1.0,1,1.0,1,1.0,1,0.5685949587231706,35
4352,1,11081,11081,0,0,0,0,1.0,1,1.0,1,1.0,1,0.6048501603857616,34
4353,5,11086,11086,0,0,0,0,1.0,1,1.0,1,1.0,1,0.6044423357897291,34
4354,1,11087,11087,0,0,0,0,1.0,1,1.0,1,1.0,1,0.6201233880845963,32
4355,6,11093,11093,0,0,0,0,1.0,1,1.0,1,1.0,1,0.5871659257996195,32
4356,3,11096,11096,0,0,0,0,1.0,1,1.0,1,1.0,1,0.5989813396395063,34
4357,2,11098,11098,0,0,0,0,1.0,1,1.0,1,1.0,1,0.5836321435357508,35
4358,3,11101,11101,0,0,0,0,1.0,1,1.0,1,1.0,1,0.6309457875522885,35
4359,6,11107,11107,0,0,0,0,1.0,1,1.0,1,1.0,1,0.6247587210550466,37
4360,0,11107,11107,0,0,0,0,1.0,1,1.0,1,1.0,1,0.6136351078152523,38
4361,1,11108,11108,0,0,0,0,1.0,1,1.0,1,1.0,1,0.5997490843821045,39
4362,2,11110,11110,0,0,0,0,1.0,1,1.0,1,1.0,1,0.5833934791202762,38
4363,0,11110,11110,0,0,0,0,1.0,1,1.0,1,1.0,1,0.5833934791202762,38
4364,3,11113,11113,0,0,0,0,1.0,1,1.0,1,1.0,1,0.5829124836351609,39
4365,0,11113,11113,0,0,0,0,1.0,1,1.0,1,1.0,1,0.5829124836351609,39
4366,3,11116,11116,0,0,0,0,1.0,1,1.0,1,1.0,1,0.5400423411985898,39
4367,2,11118,11118,0,0,0,0,1.0,1,1.0,1,1.0,1,0.5079284469812093,41
4368,4,11122,11122,0,0,0,0,1.0,1,1.0,1,1.0,1,0.5327202058414201,41
4369,1,11123,11123,0,0,0,0,1.0,1,1.0,1,1.0,1,0.5143946567611579,42
4370,2,11125,11125,0,0,0,0,1.0,1,1.0,1,1.0,1,0.5322938629998716,42
4371,3,11128,11128,0,0,0,0,1.0,1,1.0,1,1.0,1,0.5795480595957937,43
4372,3,11131,11131,0,0,0,0,1.0,1,1.0,1,1.0,1,0.5704552780622305,43
4373,2,11133,11133,0,0,0,0,1.0,1,1.0,1,1.0,1,0.5958703722619074,43
4374,7,11140,11140,0,0,0,0,1.0,1,1.0,1,1.0,1,0.5663028766893816,44
4375,4,11144,11144,0,0,0,0,1.0,1,1.0,1,1.0,1,0.6029654046265783,45
4376,7,11151,11151,0,0,0,0,1.0,1,1.0,1,1.0,1,0.5993184394485929,46
4377,2,11153,11153,0,0,0,0,1.0,1,1.0,1,1.0,1,0.586158406878024,47
4378,4,11157,11157,0,0,0,0,1.0,1,1.0,1,1.0,1,0.5491119502886892,49
4379,3,11160,11160,0,0,0,0,1.0,1,1.0,1,1.0,1,0.5265962479029016,51
4380,2,11162,11162,0,0,0,0,1.0,1,1.0,1,1.0,1,0.5215792779986032,50
4381,2,11164,11164,0,0,0,0,1.0,1,1.0,1,1.0,1,0.5413662106026745,49
4382,2,11166,11166,0,0,0,0,1.0,1,1.0,1,1.0,1,0.5486820990457655,47
4383,2,11168,11168,0,0,0,0,1.0,1,1.0,1,1.0,1,0.5693851915653944,47
4384,2,11170,11170,0,0,0,0,1.0,1,1.0,1,1.0,1,0.6039628558349459,44
4385,1,11171,11171,0,0,0,0,1.0,1,1.0,1,1.0,1,0.6302170104197397,42
4386,4,11175,11175,0,0,0,0,1.0,1,1.0,1,1.0,1,0.6605672850654175,41
4387,0,11175,11175,0,0,0,0,1.0,1,1.0,1,1.0,1,0.6697858868854492,39
4388,2,11177,11177,0,0,0,0,1.0,1,1.0,1,1.0,1,0.6783770952023946,39
4389,3,11180,11180,0,0,0,0,1.0,1,1.0,1,1.0,1,0.6710777769174309,38
4390,4,11184,11184,0,0,0,0,1.0,1,1.0,1,1.0,1,0.709646985041459,38
4391,0,11184,11184,0,0,0,0,1.0,1,1.0,1,1.0,1,0.7013684915727887,39
4392,0,11184,11184,0,0,0,0,1.0,1,1.0,1,1.0,1,0.7013684915727887,39
4393,1,11185,11185,0,0,0,0,1.0,1,1.0,1,1.0,1,0.6806696646692595,40
4394,0,11185,11185,0,0,0,0,1.0,1,1.0,1,1.0,1,0.6809765339550564,39
4395,0,11185,11185,0,0,0,0,1.0,1,1.0,1,1.0,1,0.6809765339550564,39
4396,0,11185,11185,0,0,0,0,1.0,1,1.0,1,1.0,1,0.6812191998381112,39
4397,0,11185,11185,0,0,0,0,1.0,1,1.0,1,1.0,1,0.695446789317698,38
4398,0,11185,11185,0,0,0,0,1.0,1,1.0,1,1.0,1,0.676527844661358,39
4399,0,11185,11185,0,0,0,0,1.0,1,1.0,1,1.0,1,0.6598110464468445,42
4400,0,11185,11185,0,0,0,0,1.0,1,1.0,1,1.0,1,0.6553660723953655,43
4401,0,11185,11185,0,0,0,0,1.0,1,1.0,1,1.0,1,0.6481524918401017,44
4402,1,11186,11186,0,0,0,0,1.0,1,1.0,1,1.0,1,0.6643274987757491,44
4403,1,11187,11187,0,0,0,0,1.0,1,1.0,1,1.0,1,0.6684128574271532,45
4404,0,11187,11187,0,0,0,0,1.0,1,1.0,1,1.0,1,0.6684128574271532,45
4405,3,11190,11190,0,0,0,0,1.0,1,1.0,1,1.0,1,0.6566456473734015,46
4406,0,11190,11190,0,0,0,0,1.0,1,1.0,1,1.0,1,0.6566456473734015,46
4407,1,11191,11191,0,0,0,0,1.0,1,1.0,1,1.0,1,0.6494248005284503,46
4408,2,11193,11193,0,0,0,0,1.0,1,1.0,1,1.0,1,0.6339867549142916,47
4409,1,11194,11194,0,0,0,0,1.0,1,1.0,1,1.0,1,0.61900004549197,48
4410,2,11196,11196,0,0,0,0,1.0,1,1.0,1,1.0,1,0.6401229851461576,48
4411,0,11196,11196,0,0,0,0,1.0,1,1.0,1,1.0,1,0.6312229002775805,50
4412,1,11197,11197,0,0,0,0,1.0,1,1.0,1,1.0,1,0.6456128428771459,50
4413,0,11197,11197,0,0,0,0,1.0,1,1.0,1,1.0,1,0.6458105467128153,50
4414,2,11199,11199,0,0,0,0,1.0,1,1.0,1,1.0,1,0.6703076064872583,51
4415,2,11201,11201,0,0,0,0,1.0,1,1.0,1,1.0,1,0.6441303310840413,51
4416,0,11201,11201,0,0,0,0,1.0,1,1.0,1,1.0,1,0.6441303310840413,51
4417,0,11201,11201,0,0,0,0,1.0,1,1.0,1,1.0,1,0.6441303310840413,51
4418,1,11202,11202,0,0,0,0,1.0,1,1.0,1,1.0,1,0.6215031535863156,51
4419,1,11203,11203,0,0,0,0,1.0,1,1.0,1,1.0,1,0.6066873300828313,50
4420,0,11203,11203,0,0,0,0,1.0,1,1.0,1,1.0,1,0.6032354909915977,50
4421,4,11207,11207,0,0,0,0,1.0,1,1.0,1,1.0,1,0.6373888194175532,52
4422,2,11209,11209,0,0,0,0,1.0,1,1.0,1,1.0,1,0.6550681970350206,51
4423,3,11212,11212,0,0,0,0,1.0,1,1.0,1,1.0,1,0.6824207215667133,51
4424,4,11216,11216,0,0,0,0,1.0,1,1.0,1,1.0,1,0.6597721364450795,53
4425,1,11217,11217,0,0,0,0,1.0,1,1.0,1,1.0,1,0.6384609481066711,54
4426,1,11218,11218,0,0,0,0,1.0,1,1.0,1,1.0,1,0.6254249700636532,55
4427,2,11220,11220,0,0,0,0,1.0,1,1.0,1,1.0,1,0.6138619655107336,55
4428,0,11220,11220,0,0,0,0,1.0,1,1.0,1,1.0,1,0.6138619655107336,55
4429,2,11222,11222,0,0,0,0,1.0,1,1.0,1,1.0,1,0.5962672020224119,56
4430,0,11222,11222,0,0,0,0,1.0,1,1.0,1,1.0,1,0.5981240176733963,55
4431,3,11225,11225,0,0,0,0,1.0,1,1.0,1,1.0,1,0.5791242789225376,56
4432,2,11227,11227,0,0,0,0,1.0,1,1.0,1,1.0,1,0.5561086255132163,56
4433,3,11230,11230,0,0,0,0,1.0,1,1.0,1,1.0,1,0.5308102983745948,57
4434,4,11234,11234,0,0,0,0,1.0,1,1.0,1,1.0,1,0.5130233758509688,56
4435,0,11234,11234,0,0,0,0,1.0,1,1.0,1,1.0,1,0.5130233758509688,56
4436,8,11242,11242,0,0,0,0,1.0,1,1.0,1,1.0,1,0.5169120762480052,55
4437,3,11245,11245,0,0,0,0,1.0,1,1.0,1,1.0,1,0.5716520188154296,54
4438,5,11250,11250,0,0,0,0,1.0,1,1.0,1,1.0,1,0.5791271132662537,54
4439,3,11253,11253,0,0,0,0,1.0,1,1.0,1,1.0,1,0.6083586230989987,55
4440,2,11255,11255,0,0,0,0,1.0,1,1.0,1,1.0,1,0.6158791198630158,55
4441,2,11257,11257,0,0,0,0,1.0,1,1.0,1,1.0,1,0.5693369641808906,59
4442,2,11259,11259,0,0,0,0,1.0,1,1.0,1,1.0,1,0.5474043472342156,61
4443,5,11264,11264,0,0,0,0,1.0,1,1.0,1,1.0,1,0.5598152949665446,60
4444,2,11266,11266,0,0,0,0,1.0,1,1.0,1,1.0,1,0.5682686730889779,61
4445,3,11269,11269,0,0,0,0,1.0,1,1.0,1,1.0,1,0.592499385415247,61
4446,2,11271,11271,0,0,0,0,1.0,1,1.0,1,1.0,1,0.5885115073999588,62
4447,5,11276,11276,0,0,0,0,1.0,1,1.0,1,1.0,1,0.6045872592281594,63
4448,1,11277,11277,0,0,0,0,1.0,1,1.0,1,1.0,1,0.5954558506522322,63
4449,3,11280,11280,0,0,0,0,1.0,1,1.0,1,1.0,1,0.5964694030665524,63
4450,1,11281,11281,0,0,0,0,1.0,1,1.0,1,1.0,1,0.597510046719303,62
4451,1,11282,11282,0,0,0,0,1.0,1,1.0,1,1.0,1,0.5838386563331153,63
4452,2,11284,11284,0,0,0,0,1.0,1,1.0,1,1.0,1,0.6077882574728145,64
4453,0,11284,11284,0,0,0,0,1.0,1,1.0,1,1.0,1,0.607808088287174,65
4454,1,11285,11285,0,0,0,0,1.0,1,1.0,1,1.0,1,0.5783312068090618,66
4455,1,11286,11286,0,0,0,0,1.0,1,1.0,1,1.0,1,0.5538780285995546,67
4456,1,11287,11287,0,0,0,0,1.0,1,1.0,1,1.0,1,0.5360404252107464,67
4457,4,11291,11291,0,0,0,0,1.0,1,1.0,1,1.0,1,0.5465503776625331,65
4458,1,11292,11292,0,0,0,0,1.0,1,1.0,1,1.0,1,0.5345102420785929,65
4459,6,11298,11298,0,0,0,0,1.0,1,1.0,1,1.0,1,0.5178446719636668,64
4460,3,11301,11301,0,0,0,0,1.0,1,1.0,1,1.0,1,0.5198885859640131,63
4461,4,11305,11305,0,0,0,0,1.0,1,1.0,1,1.0,1,0.49571443070844523,62
4462,2,11307,11307,0,0,0,0,1.0,1,1.0,1,1.0,1,0.5032132870365816,61
4463,1,11308,11308,0,0,0,0,1.0,1,1.0,1,1.0,1,0.5146212973574336,61
4464,8,11316,11316,0,0,0,0,1.0,1,1.0,1,1.0,1,0.5201525586271306,58
4465,5,11321,11321,0,0,0,0,1.0,1,1.0,1,1.0,1,0.5356040484502493,57
4466,7,11328,11328,0,0,0,0,1.0,1,1.0,1,1.0,1,0.5649438781162008,54
4467,5,11333,11333,0,0,0,0,1.0,1,1.0,1,1.0,1,0.5476065264197949,52
4468,4,11337,11337,0,0,0,0,1.0,1,1.0,1,1.0,1,0.5288744197922021,52
4469,4,11341,11341,0,0,0,0,1.0,1,1.0,1,1.0,1,0.5249687535479616,51
4470,3,11344,11344,0,0,0,0,1.0,1,1.0,1,1.0,1,0.554739672722942,51
4471,3,11347,11347,0,0,0,0,1.0,1,1.0,1,1.0,1,0.5436037719754763,50
4472,6,11353,11353,0,0,0,0,1.0,1,1.0,1,1.0,1,0.5884776432069855,48
4473,5,11358,11358,0,0,0,0,1.0,1,1.0,1,1.0,1,0.6051573846171288,47
4474,3,11361,11361,0,0,0,0,1.0,1,1.0,1,1.0,1,0.5797933698734138,49
4475,4,11365,11365,0,0,0,0,1.0,1,1.0,1,1.0,1,0.5731841702389062,47
4476,2,11367,11367,0,0,0,0,1.0,1,1.0,1,1.0,1,0.5583736838876062,49
4477,3,11370,11370,0,0,0,0,1.0,1,1.0,1,1.0,1,0.5916608861540217,48
4478,0,11370,11370,0,0,0,0,1.0,1,1.0,1,1.0,1,0.5916608861540217,48
4479,0,11370,11370,0,0,0,0,1.0,1,1.0,1,1.0,1,0.5916608861540217,48
4480,0,11370,11370,0,0,0,0,1.0,1,1.0,1,1.0,1,0.5928025693880321,49
4481,2,11372,11372,0,0,0,0,1.0,1,1.0,1,1.0,1,0.5882401417255415,49
4482,2,11374,11374,0,0,0,0,1.0,1,1.0,1,1.0,1,0.5911099695822142,49
4483,3,11377,11377,0,0,0,0,1.0,1,1.0,1,1.0,1,0.5848515250299621,50
4484,1,11378,11378,0,0,0,0,1.0,1,1.0,1,1.0,1,0.5739153660128983,52
4485,4,11382,11382,0,0,0,0,1.0,1,1.0,1,1.0,1,0.5681300345057334,53
4486,3,11385,11385,0,0,0,0,1.0,1,1.0,1,1.0,1,0.5520657376610876,55
4487,2,11387,11387,0,0,0,0,1.0,1,1.0,1,1.0,1,0.5516824876519152,55
4488,4,11391,11391,0,0,0,0,1.0,1,1.0,1,1.0,1,0.5481476092872322,54
4489,2,11393,11393,0,0,0,0,1.0,1,1.0,1,1.0,1,0.5484660213252939,53
4490,4,11397,11397,0,0,0,0,1.0,1,1.0,1,1.0,1,0.5651018232482641,53
4491,3,11400,11400,0,0,0,0,1.0,1,1.0,1,1.0,1,0.5950526668369056,52
4492,2,11402,11402,0,0,0,0,1.0,1,1.0,1,1.0,1,0.5940407382379581,52
4493,2,11404,11404,0,0,0,0,1.0,1,1.0,1,1.0,1,0.6263973493358889,52
4494,0,11404,11404,0,0,0,0,1.0,1,1.0,1,1.0,1,0.6308633058213743,53
4495,1,11405,11405,0,0,0,0,1.0,1,1.0,1,1.0,1,0.6442369715836607,50
4496,2,11407,11407,0,0,0,0,1.0,1,1.0,1,1.0,1,0.6302436651334793,51
4497,4,11411,11411,0,0,0,0,1.0,1,1.0,1,1.0,1,0.6160539954966157,50
4498,6,11417,11417,0,0,0,0,1.0,1,1.0,1,1.0,1,0.6127428528456558,49
4499,8,11425,11425,0,0,0,0,1.0,1,1.0,1,1.0,1,0.6079049832899426,48
4500,6,11431,11431,0,0,0,0,1.0,1,1.0,1,1.0,1,0.5438450827452201,48
4501,5,11436,11436,0,0,0,0,1.0,1,1.0,1,1.0,1,0.5257277009525513,48
4502,7,11443,11443,0,0,0,0,1.0,1,1.0,1,1.0,1,0.5313018620308716,49
4503,5,11448,11448,0,0,0,0,1.0,1,1.0,1,1.0,1,0.53287990724837,49
4504,2,11450,11450,0,0,0,0,1.0,1,1.0,1,1.0,1,0.5587650181103598,45
4505,5,11455,11455,0,0,0,0,1.0,1,1.0,1,1.0,1,0.5580867968509606,46
4506,4,11459,11459,0,0,0,0,1.0,1,1.0,1,1.0,1,0.5648389873429269,45
4507,3,11462,11462,0,0,0,0,1.0,1,1.0,1,1.0,1,0.5618224365725762,45
4508,1,11463,11463,0,0,0,0,1.0,1,1.0,1,1.0,1,0.5301955543035092,43
4509,0,11463,11463,0,0,0,0,1.0,1,1.0,1,1.0,1,0.5431336105525875,41
4510,2,11465,11465,0,0,0,0,1.0,1,1.0,1,1.0,1,0.5515678988119888,42
4511,1,11466,11466,0,0,0,0,1.0,1,1.0,1,1.0,1,0.5597557634062226,41
4512,2,11468,11468,0,0,0,0,1.0,1,1.0,1,1.0,1,0.5499937008416333,41
4513,2,11470,11470,0,0,0,0,1.0,1,1.0,1,1.0,1,0.5627247868791279,41
4514,4,11474,11474,0,0,0,0,1.0,1,1.0,1,1.0,1,0.5459068617021435,42
4515,3,11477,11477,0,0,0,0,1.0,1,1.0,1,1.0,1,0.5483599076416509,41
4516,2,11479,11479,0,0,0,0,1.0,1,1.0,1,1.0,1,0.5561582036581358,42
4517,2,11481,11481,0,0,0,0,1.0,1,1.0,1,1.0,1,0.5668538301535602,43
4518,2,11483,11483,0,0,0,0,1.0,1,1.0,1,1.0,1,0.5705185794888914,42
4519,0,11483,11483,0,0,0,0,1.0,1,1.0,1,1.0,1,0.5705185794888914,42
4520,5,11488,11488,0,0,0,0,1.0,1,1.0,1,1.0,1,0.613323924910412,42
4521,2,11490,11490,0,0,0,0,1.0,1,1.0,1,1.0,1,0.6080557323314628,42
4522,3,11493,11493,0,0,0,0,1.0,1,1.0,1,1.0,1,0.6316751527058772,42
4523,5,11498,11498,0,0,0,0,1.0,1,1.0,1,1.0,1,0.6428439781619113,42
4524,4,11502,11502,0,0,0,0,1.0,1,1.0,1,1.0,1,0.5707448488315304,43
4525,5,11507,11507,0,0,0,0,1.0,1,1.0,1,1.0,1,0.5386300291330551,46
4526,5,11512,11512,0,0,0,0,1.0,1,1.0,1,1.0,1,0.5366802087827284,46
4527,6,11518,11518,0,0,0,0,1.0,1,1.0,1,1.0,1,0.5797404710731975,47
4528,3,11521,11521,0,0,0,0,1.0,1,1.0,1,1.0,1,0.5577369940775674,49
4529,3,11524,11524,0,0,0,0,1.0,1,1.0,1,1.0,1,0.5212045862334062,50
4530,1,11525,11525,0,0,0,0,1.0,1,1.0,1,1.0,1,0.5209995928427458,51
4531,4,11529,11529,0,0,0,0,1.0,1,1.0,1,1.0,1,0.5234367289378267,51
4532,0,11529,11529,0,0,0,0,1.0,1,1.0,1,1.0,1,0.5234367289378267,51
4533,2,11531,11531,0,0,0,0,1.0,1,1.0,1,1.0,1,0.4938570329521526,50
4534,1,11532,11532,0,0,0,0,1.0,1,1.0,1,1.0,1,0.48978374592733315,51
4535,1,11533,11533,0,0,0,0,1.0,1,1.0,1,1.0,1,0.46513239035692205,50
4536,2,11535,11535,0,0,0,0,1.0,1,1.0,1,1.0,1,0.47642264312736965,48
4537,2,11537,11537,0,0,0,0,1.0,1,1.0,1,1.0,1,0.473053999459689,49
4538,1,11538,11538,0,0,0,0,1.0,1,1.0,1,1.0,1,0.5025458341300265,48
4539,5,11543,11543,0,0,0,0,1.0,1,1.0,1,1.0,1,0.44831302540095735,50
4540,2,11545,11545,0,0,0,0,1.0,1,1.0,1,1.0,1,0.4431284633300393,49
4541,3,11548,11548,0,0,0,0,1.0,1,1.0,1,1.0,1,0.4339431466285923,49
4542,3,11551,11551,0,0,0,0,1.0,1,1.0,1,1.0,1,0.425400137678877,47
4543,1,11552,11552,0,0,0,0,1.0,1,1.0,1,1.0,1,0.44241297834538296,45
4544,5,11557,11557,0,0,0,0,1.0,1,1.0,1,1.0,1,0.44782238862379103,45
4545,2,11559,11559,0,0,0,0,1.0,1,1.0,1,1.0,1,0.46532027992701747,43
4546,2,11561,11561,0,0,0,0,1.0,1,1.0,1,1.0,1,0.5031472611042367,43
4547,7,11568,11568,0,0,0,0,1.0,1,1.0,1,1.0,1,0.5092242118280624,41
4548,0,11568,11568,0,0,0,0,1.0,1,1.0,1,1.0,1,0.5121435448572585,42
4549,2,11570,11570,0,0,0,0,1.0,1,1.0,1,1.0,1,0.4990619132854591,41
4550,1,11571,11571,0,0,0,0,1.0,1,1.0,1,1.0,1,0.5350289552090369,41
4551,2,11573,11573,0,0,0,0,1.0,1,1.0,1,1.0,1,0.5763646099618175,39
4552,1,11574,11574,0,0,0,0,1.0,1,1.0,1,1.0,1,0.5646432753532783,38
4553,2,11576,11576,0,0,0,0,1.0,1,1.0,1,1.0,1,0.5597762520203698,39
4554,0,11576,11576,0,0,0,0,1.0,1,1.0,1,1.0,1,0.5611155796676731,38
4555,6,11582,11582,0,0,0,0,1.0,1,1.0,1,1.0,1,0.585250011874969,37
4556,3,11585,11585,0,0,0,0,1.0,1,1.0,1,1.0,1,0.6087292635350559,36
4557,5,11590,11590,0,0,0,0,1.0,1,1.0,1,1.0,1,0.6413936364354926,38
4558,2,11592,11592,0,0,0,0,1.0,1,1.0,1,1.0,1,0.6158577117171468,39
4559,1,11593,11593,0,0,0,0,1.0,1,1.0,1,1.0,1,0.6283178926006537,38
4560,1,11594,11594,0,0,0,0,1.0,1,1.0,1,1.0,1,0.5994401749224737,41
4561,2,11596,11596,0,0,0,0,1.0,1,1.0,1,1.0,1,0.6105746801140244,41
4562,0,11596,11596,0,0,0,0,1.0,1,1.0,1,1.0,1,0.5948320548450483,43
4563,3,11599,11599,0,0,0,0,1.0,1,1.0,1,1.0,1,0.634722749073476,42
4564,0,11599,11599,0,0,0,0,1.0,1,1.0,1,1.0,1,0.6238853832061528,43
4565,2,11601,11601,0,0,0,0,1.0,1,1.0,1,1.0,1,0.622135032026742,44
4566,2,11603,11603,0,0,0,0,1.0,1,1.0,1,1.0,1,0.6320323574122179,45
4567,3,11606,11606,0,0,0,0,1.0,1,1.0,1,1.0,1,0.6188582626208511,47
4568,1,11607,11607,0,0,0,0,1.0,1,1.0,1,1.0,1,0.6375780887368958,47
4569,4,11611,11611,0,0,0,0,1.0,1,1.0,1,1.0,1,0.6271326237959814,49
4570,5,11616,11616,0,0,0,0,1.0,1,1.0,1,1.0,1,0.6202202101280759,49
4571,2,11618,11618,0,0,0,0,1.0,1,1.0,1,1.0,1,0.6074931938208074,48
4572,1,11619,11619,0,0,0,0,1.0,1,1.0,1,1.0,1,0.6103080735776493,48
4573,1,11620,11620,0,0,0,0,1.0,1,1.0,1,1.0,1,0.61639703764148,48
4574,1,11621,11621,0,0,0,0,1.0,1,1.0,1,1.0,1,0.6172981900962994,50
4575,0,11621,11621,0,0,0,0,1.0,1,1.0,1,1.0,1,0.6121564648630067,51
4576,1,11622,11622,0,0,0,0,1.0,1,1.0,1,1.0,1,0.6162076647326362,48
4577,4,11626,11626,0,0,0,0,1.0,1,1.0,1,1.0,1,0.6285482896338631,47
4578,0,11626,11626,0,0,0,0,1.0,1,1.0,1,1.0,1,0.6234952513577537,46
4579,2,11628,11628,0,0,0,0,1.0,1,1.0,1,1.0,1,0.6354202184891017,46
4580,3,11631,11631,0,0,0,0,1.0,1,1.0,1,1.0,1,0.626701875443586,47
4581,1,11632,11632,0,0,0,0,1.0,1,1.0,1,1.0,1,0.6364929366718151,47
4582,2,11634,11634,0,0,0,0,1.0,1,1.0,1,1.0,1,0.6409591996452161,48
4583,1,11635,11635,0,0,0,0,1.0,1,1.0,1,1.0,1,0.6377005079202553,48
4584,0,11635,11635,0,0,0,0,1.0,1,1.0,1,1.0,1,0.6331419667972477,50
4585,0,11635,11635,0,0,0,0,1.0,1,1.0,1,1.0,1,0.6331419667972477,50
4586,0,11635,11635,0,0,0,0,1.0,1,1.0,1,1.0,1,0.6331419667972477,50
4587,0,11635,11635,0,0,0,0,1.0,1,1.0,1,1.0,1,0.6331419667972477,50
4588,1,11636,11636,0,0,0,0,1.0,1,1.0,1,1.0,1,0.6478283581158172,50
4589,0,11636,11636,0,0,0,0,1.0,1,1.0,1,1.0,1,0.6366592122919891,52
4590,2,11638,11638,0,0,0,0,1.0,1,1.0,1,1.0,1,0.6505915812790907,52
4591,3,11641,11641,0,0,0,0,1.0,1,1.0,1,1.0,1,0.6594996612870048,53
4592,1,11642,11642,0,0,0,0,1.0,1,1.0,1,1.0,1,0.6614597747628882,54
4593,2,11644,11644,0,0,0,0,1.0,1,1.0,1,1.0,1,0.6418969449381062,56
4594,1,11645,11645,0,0,0,0,1.0,1,1.0,1,1.0,1,0.6463857053029265,57
4595,1,11646,11646,0,0,0,0,1.0,1,1.0,1,1.0,1,0.6588231253633409,56
4596,3,11649,11649,0,0,0,0,1.0,1,1.0,1,1.0,1,0.6522298535607897,56
4597,0,11649,11649,0,0,0,0,1.0,1,1.0,1,1.0,1,0.6522298535607897,56
4598,3,11652,11652,0,0,0,0,1.0,1,1.0,1,1.0,1,0.6631973336563524,57
4599,2,11654,11654,0,0,0,0,1.0,1,1.0,1,1.0,1,0.6415050940819247,59
4600,3,11657,11657,0,0,0,0,1.0,1,1.0,1,1.0,1,0.641963929196085,60
4601,1,11658,11658,0,0,0,0,1.0,1,1.0,1,1.0,1,0.6453202252206703,60
4602,1,11659,11659,0,0,0,0,1.0,1,1.0,1,1.0,1,0.6344850543633528,62
4603,1,11660,11660,0,0,0,0,1.0,1,1.0,1,1.0,1,0.6381537920422511,62
4604,1,11661,11661,0,0,0,0,1.0,1,1.0,1,1.0,1,0.6329977448900566,63
4605,1,11662,11662,0,0,0,0,1.0,1,1.0,1,1.0,1,0.6403006299763747,63
4606,1,11663,11663,0,0,0,0,1.0,1,1.0,1,1.0,1,0.6436859727196207,64
4607,2,11665,11665,0,0,0,0,1.0,1,1.0,1,1.0,1,0.6423774002936109,65
4608,1,11666,11666,0,0,0,0,1.0,1,1.0,1,1.0,1,0.6405223871507163,66
4609,2,11668,11668,0,0,0,0,1.0,1,1.0,1,1.0,1,0.6397226622938814,65
4610,2,11670,11670,0,0,0,0,1.0,1,1.0,1,1.0,1,0.6349498238375687,63
4611,2,11672,11672,0,0,0,0,1.0,1,1.0,1,1.0,1,0.6214619688805779,64
4612,2,11674,11674,0,0,0,0,1.0,1,1.0,1,1.0,1,0.6065828236059877,62
4613,4,11678,11678,0,0,0,0,1.0,1,1.0,1,1.0,1,0.5781125736158346,63
4614,0,11678,11678,0,0,0,0,1.0,1,1.0,1,1.0,1,0.5745687141747696,61
4615,7,11685,11685,0,0,0,0,1.0,1,1.0,1,1.0,1,0.5582809184367687,59
4616,1,11686,11686,0,0,0,0,1.0,1,1.0,1,1.0,1,0.5510366785144978,58
4617,1,11687,11687,0,0,0,0,1.0,1,1.0,1,1.0,1,0.5544757327011149,58
4618,4,11691,11691,0,0,0,0,1.0,1,1.0,1,1.0,1,0.5767848457537021,57
4619,3,11694,11694,0,0,0,0,1.0,1,1.0,1,1.0,1,0.5803644690992158,57
4620,4,11698,11698,0,0,0,0,1.0,1,1.0,1,1.0,1,0.5918760103642264,57
4621,3,11701,11701,0,0,0,0,1.0,1,1.0,1,1.0,1,0.6042057311202023,59
4622,5,11706,11706,0,0,0,0,1.0,1,1.0,1,1.0,1,0.6225168176398597,60
4623,6,11712,11712,0,0,0,0,1.0,1,1.0,1,1.0,1,0.6212071109320035,59
4624,3,11715,11715,0,0,0,0,1.0,1,1.0,1,1.0,1,0.620108622020864,59
4625,6,11721,11721,0,0,0,0,1.0,1,1.0,1,1.0,1,0.6213418357278532,57
4626,1,11722,11722,0,0,0,0,1.0,1,1.0,1,1.0,1,0.6255241446688514,56
4627,5,11727,11727,0,0,0,0,1.0,1,1.0,1,1.0,1,0.6503395118273616,56
4628,2,11729,11729,0,0,0,0,1.0,1,1.0,1,1.0,1,0.6492896864488685,56
4629,3,11732,11732,0,0,0,0,1.0,1,1.0,1,1.0,1,0.6557906454599804,56
4630,1,11733,11733,0,0,0,0,1.0,1,1.0,1,1.0,1,0.6507580904507574,57
4631,3,11736,11736,0,0,0,0,1.0,1,1.0,1,1.0,1,0.6775372040377287,56
4632,0,11736,11736,0,0,0,0,1.0,1,1.0,1,1.0,1,0.6773452093202933,57
4633,1,11737,11737,0,0,0,0,1.0,1,1.0,1,1.0,1,0.670670792187691,58
4634,0,11737,11737,0,0,0,0,1.0,1,1.0,1,1.0,1,0.670670792187691,58
4635,1,11738,11738,0,0,0,0,1.0,1,1.0,1,1.0,1,0.6539175685497401,59
4636,1,11739,11739,0,0,0,0,1.0,1,1.0,1,1.0,1,0.6372374576114185,60
4637,2,11741,11741,0,0,0,0,1.0,1,1.0,1,1.0,1,0.6296065644899649,60
4638,4,11745,11745,0,0,0,0,1.0,1,1.0,1,1.0,1,0.6382341429963703,61
4639,3,11748,11748,0,0,0,0,1.0,1,1.0,1,1.0,1,0.6316145948291476,62
4640,1,11749,11749,0,0,0,0,1.0,1,1.0,1,1.0,1,0.6339544235682851,63
4641,3,11752,11752,0,0,0,0,1.0,1,1.0,1,1.0,1,0.6147513729485077,63
4642,5,11757,11757,0,0,0,0,1.0,1,1.0,1,1.0,1,0.6231528691523993,62
4643,2,11759,11759,0,0,0,0,1.0,1,1.0,1,1.0,1,0.6036806063730149,63
4644,4,11763,11763,0,0,0,0,1.0,1,1.0,1,1.0,1,0.6128670824203691,62
4645,3,11766,11766,0,0,0,0,1.0,1,1.0,1,1.0,1,0.6139351914092923,63
4646,0,11766,11766,0,0,0,0,1.0,1,1.0,1,1.0,1,0.6139351914092923,63
4647,5,11771,11771,0,0,0,0,1.0,1,1.0,1,1.0,1,0.6233174741256632,62
4648,0,11771,11771,0,0,0,0,1.0,1,1.0,1,1.0,1,0.6268392960589202,63
4649,1,11772,11772,0,0,0,0,1.0,1,1.0,1,1.0,1,0.6266560290288233,61
4650,2,11774,11774,0,0,0,0,1.0,1,1.0,1,1.0,1,0.6017089524512979,63
4651,2,11776,11776,0,0,0,0,1.0,1,1.0,1,1.0,1,0.5945346179983221,62
4652,1,11777,11777,0,0,0,0,1.0,1,1.0,1,1.0,1,0.5951292346311,59
4653,3,11780,11780,0,0,0,0,1.0,1,1.0,1,1.0,1,0.5906177036392424,60
4654,6,11786,11786,0,0,0,0,1.0,1,1.0,1,1.0,1,0.5915676773094757,60
4655,6,11792,11792,0,0,0,0,1.0,1,1.0,1,1.0,1,0.5792348073186907,60
4656,5,11797,11797,0,0,0,0,1.0,1,1.0,1,1.0,1,0.6041436936294508,61
4657,5,11802,11802,0,0,0,0,1.0,1,1.0,1,1.0,1,0.5868833230841521,62
4658,5,11807,11807,0,0,0,0,1.0,1,1.0,1,1.0,1,0.5957285267530652,62
4659,6,11813,11813,0,0,0,0,1.0,1,1.0,1,1.0,1,0.58638490455178,61
4660,0,11813,11813,0,0,0,0,1.0,1,1.0,1,1.0,1,0.5866500191096053,61
4661,5,11818,11818,0,0,0,0,1.0,1,1.0,1,1.0,1,0.6046230478774927,61
4662,3,11821,11821,0,0,0,0,1.0,1,1.0,1,1.0,1,0.6001838420835334,62
4663,3,11824,11824,0,0,0,0,1.0,1,1.0,1,1.0,1,0.5782892977412052,61
4664,3,11827,11827,0,0,0,0,1.0,1,1.0,1,1.0,1,0.5813204505270965,62
4665,0,11827,11827,0,0,0,0,1.0,1,1.0,1,1.0,1,0.5884652370030531,61
4666,5,11832,11832,0,0,0,0,1.0,1,1.0,1,1.0,1,0.5858394868228006,61
4667,3,11835,11835,0,0,0,0,1.0,1,1.0,1,1.0,1,0.5877414442586275,59
4668,4,11839,11839,0,0,0,0,1.0,1,1.0,1,1.0,1,0.5483953701522928,59
4669,2,11841,11841,0,0,0,0,1.0,1,1.0,1,1.0,1,0.572615183060511,58
4670,5,11846,11846,0,0,0,0,1.0,1,1.0,1,1.0,1,0.5899446946731857,57
4671,0,11846,11846,0,0,0,0,1.0,1,1.0,1,1.0,1,0.6013985348947625,55
4672,4,11850,11850,0,0,0,0,1.0,1,1.0,1,1.0,1,0.6330197623090213,56
4673,2,11852,11852,0,0,0,0,1.0,1,1.0,1,1.0,1,0.6096266937878723,58
4674,5,11857,11857,0,0,0,0,1.0,1,1.0,1,1.0,1,0.5956522735449128,58
4675,0,11857,11857,0,0,0,0,1.0,1,1.0,1,1.0,1,0.622522700504455,57
4676,2,11859,11859,0,0,0,0,1.0,1,1.0,1,1.0,1,0.6158299631918027,58
4677,0,11859,11859,0,0,0,0,1.0,1,1.0,1,1.0,1,0.6306303560810761,57
4678,9,11868,11868,0,0,0,0,1.0,1,1.0,1,1.0,1,0.5817698412272122,57
4679,1,11869,11869,0,0,0,0,1.0,1,1.0,1,1.0,1,0.5736587356478993,57
4680,5,11874,11874,0,0,0,0,1.0,1,1.0,1,1.0,1,0.5552660233763903,59
4681,4,11878,11878,0,0,0,0,1.0,1,1.0,1,1.0,1,0.5742218363546976,60
4682,6,11884,11884,0,0,0,0,1.0,1,1.0,1,1.0,1,0.5683221222794542,60
4683,8,11892,11892,0,0,0,0,1.0,1,1.0,1,1.0,1,0.5978476308156471,60
4684,1,11893,11893,0,0,0,0,1.0,1,1.0,1,1.0,1,0.6016141795687485,60
4685,3,11896,11896,0,0,0,0,1.0,1,1.0,1,1.0,1,0.6057940062200636,59
4686,1,11897,11897,0,0,0,0,1.0,1,1.0,1,1.0,1,0.5973864870595981,60
4687,2,11899,11899,0,0,0,0,1.0,1,1.0,1,1.0,1,0.5905136375094499,59
4688,2,11901,11901,0,0,0,0,1.0,1,1.0,1,1.0,1,0.6048341858594514,59
4689,2,11903,11903,0,0,0,0,1.0,1,1.0,1,1.0,1,0.5938227937645815,59
4690,0,11903,11903,0,0,0,0,1.0,1,1.0,1,1.0,1,0.5798000150628743,58
4691,1,11904,11904,0,0,0,0,1.0,1,1.0,1,1.0,1,0.5649465950636824,57
4692,2,11906,11906,0,0,0,0,1.0,1,1.0,1,1.0,1,0.5447671814306851,58
4693,0,11906,11906,0,0,0,0,1.0,1,1.0,1,1.0,1,0.5425214745208221,57
4694,2,11908,11908,0,0,0,0,1.0,1,1.0,1,1.0,1,0.5162991985654402,57
4695,1,11909,11909,0,0,0,0,1.0,1,1.0,1,1.0,1,0.519129511133879,56
4696,2,11911,11911,0,0,0,0,1.0,1,1.0,1,1.0,1,0.5052415818504861,57
4697,2,11913,11913,0,0,0,0,1.0,1,1.0,1,1.0,1,0.49534788995183476,58
4698,1,11914,11914,0,0,0,0,1.0,1,1.0,1,1.0,1,0.49574687706028964,59
4699,5,11919,11919,0,0,0,0,1.0,1,1.0,1,1.0,1,0.49770083779603236,58
4700,2,11921,11921,0,0,0,0,1.0,1,1.0,1,1.0,1,0.49438890409753034,59
4701,4,11925,11925,0,0,0,0,1.0,1,1.0,1,1.0,1,0.48645378163223224,60
4702,5,11930,11930,0,0,0,0,1.0,1,1.0,1,1.0,1,0.4822387550678216,61
4703,5,11935,11935,0,0,0,0,1.0,1,1.0,1,1.0,1,0.48062323290025377,59
4704,6,11941,11941,0,0,0,0,1.0,1,1.0,1,1.0,1,0.48537806185721566,58
4705,6,11947,11947,0,0,0,0,1.0,1,1.0,1,1.0,1,0.5104294618740324,58
4706,6,11953,11953,0,0,0,0,1.0,1,1.0,1,1.0,1,0.537371077608466,60
4707,5,11958,11958,0,0,0,0,1.0,1,1.0,1,1.0,1,0.561270257639275,57
4708,3,11961,11961,0,0,0,0,1.0,1,1.0,1,1.0,1,0.5658086170837081,57
4709,3,11964,11964,0,0,0,0,1.0,1,1.0,1,1.0,1,0.5903559798246887,55
4710,2,11966,11966,0,0,0,0,1.0,1,1.0,1,1.0,1,0.5783737697494761,53
4711,4,11970,11970,0,0,0,0,1.0,1,1.0,1,1.0,1,0.5690118681995241,52
4712,3,11973,11973,0,0,0,0,1.0,1,1.0,1,1.0,1,0.5827677127590524,52
4713,3,11976,11976,0,0,0,0,1.0,1,1.0,1,1.0,1,0.6046440890426105,51
4714,1,11977,11977,0,0,0,0,1.0,1,1.0,1,1.0,1,0.6155247833547285,50
4715,3,11980,11980,0,0,0,0,1.0,1,1.0,1,1.0,1,0.5801221286221764,50
4716,0,11980,11980,0,0,0,0,1.0,1,1.0,1,1.0,1,0.5740298053506552,49
4717,2,11982,11982,0,0,0,0,1.0,1,1.0,1,1.0,1,0.5468367141435984,49
4718,1,11983,11983,0,0,0,0,1.0,1,1.0,1,1.0,1,0.5379144667933545,50
4719,4,11987,11987,0,0,0,0,1.0,1,1.0,1,1.0,1,0.550709691228943,49
4720,1,11988,11988,0,0,0,0,1.0,1,1.0,1,1.0,1,0.5661720122685381,49
4721,1,11989,11989,0,0,0,0,1.0,1,1.0,1,1.0,1,0.5596736471378342,50
4722,0,11989,11989,0,0,0,0,1.0,1,1.0,1,1.0,1,0.562117410557602,51
4723,3,11992,11992,0,0,0,0,1.0,1,1.0,1,1.0,1,0.5440305214658718,50
4724,1,11993,11993,0,0,0,0,1.0,1,1.0,1,1.0,1,0.5323333821342514,50
4725,3,11996,11996,0,0,0,0,1.0,1,1.0,1,1.0,1,0.5317624145115055,52
4726,3,11999,11999,0,0,0,0,1.0,1,1.0,1,1.0,1,0.5165029119608562,51
4727,2,12001,12001,0,0,0,0,1.0,1,1.0,1,1.0,1,0.5243838256661286,52
4728,3,12004,12004,0,0,0,0,1.0,1,1.0,1,1.0,1,0.49118210894210124,52
4729,4,12008,12008,0,0,0,0,1.0,1,1.0,1,1.0,1,0.4876449042176602,52
4730,5,12013,12013,0,0,0,0,1.0,1,1.0,1,1.0,1,0.5023263686597088,50
4731,5,12018,12018,0,0,0,0,1.0,1,1.0,1,1.0,1,0.4974527226049877,51
4732,3,12021,12021,0,0,0,0,1.0,1,1.0,1,1.0,1,0.5057643639704809,52
4733,2,12023,12023,0,0,0,0,1.0,1,1.0,1,1.0,1,0.5015484367038769,53
4734,3,12026,12026,0,0,0,0,1.0,1,1.0,1,1.0,1,0.496584494765481,53
4735,0,12026,12026,0,0,0,0,1.0,1,1.0,1,1.0,1,0.496584494765481,53
4736,0,12026,12026,0,0,0,0,1.0,1,1.0,1,1.0,1,0.49530256843820664,55
4737,0,12026,12026,0,0,0,0,1.0,1,1.0,1,1.0,1,0.49375925499711254,57
4738,3,12029,12029,0,0,0,0,1.0,1,1.0,1,1.0,1,0.5160894201831009,57
4739,2,12031,12031,0,0,0,0,1.0,1,1.0,1,1.0,1,0.5215749298645953,57
4740,1,12032,12032,0,0,0,0,1.0,1,1.0,1,1.0,1,0.5357548970726121,57
4741,3,12035,12035,0,0,0,0,1.0,1,1.0,1,1.0,1,0.5485036492378152,58
4742,3,12038,12038,0,0,0,0,1.0,1,1.0,1,1.0,1,0.5704663334544164,58
4743,4,12042,12042,0,0,0,0,1.0,1,1.0,1,1.0,1,0.572332757571719,56
4744,4,12046,12046,0,0,0,0,1.0,1,1.0,1,1.0,1,0.5786514612260795,57
4745,3,12049,12049,0,0,0,0,1.0,1,1.0,1,1.0,1,0.5824707077233479,56
4746,3,12052,12052,0,0,0,0,1.0,1,1.0,1,1.0,1,0.6012290823204349,56
4747,4,12056,12056,0,0,0,0,1.0,1,1.0,1,1.0,1,0.6034174697210735,55
4748,2,12058,12058,0,0,0,0,1.0,1,1.0,1,1.0,1,0.6148275918656053,55
4749,1,12059,12059,0,0,0,0,1.0,1,1.0,1,1.0,1,0.6060651907094202,54
4750,1,12060,12060,0,0,0,0,1.0,1,1.0,1,1.0,1,0.6079095340992747,53
4751,0,12060,12060,0,0,0,0,1.0,1,1.0,1,1.0,1,0.6254779981818605,53
4752,1,12061,12061,0,0,0,0,1.0,1,1.0,1,1.0,1,0.6261583981885364,53
4753,2,12063,12063,0,0,0,0,1.0,1,1.0,1,1.0,1,0.6158290623730907,52
4754,1,12064,12064,0,0,0,0,1.0,1,1.0,1,1.0,1,0.6076630189544161,52
4755,2,12066,12066,0,0,0,0,1.0,1,1.0,1,1.0,1,0.5903239679194215,51
4756,2,12068,12068,0,0,0,0,1.0,1,1.0,1,1.0,1,0.5770910461029783,52
4757,2,12070,12070,0,0,0,0,1.0,1,1.0,1,1.0,1,0.5594496213459211,51
4758,5,12075,12075,0,0,0,0,1.0,1,1.0,1,1.0,1,0.5409630038503379,51
4759,4,12079,12079,0,0,0,0,1.0,1,1.0,1,1.0,1,0.5531565835215534,51
4760,7,12086,12086,0,0,0,0,1.0,1,1.0,1,1.0,1,0.5384809385422146,52
4761,7,12093,12093,0,0,0,0,1.0,1,1.0,1,1.0,1,0.5800266668837385,50
4762,7,12100,12100,0,0,0,0,1.0,1,1.0,1,1.0,1,0.5952406461189838,51
4763,6,12106,12106,0,0,0,0,1.0,1,1.0,1,1.0,1,0.5977824203781295,51
4764,3,12109,12109,0,0,0,0,1.0,1,1.0,1,1.0,1,0.5595053968623098,53
4765,4,12113,12113,0,0,0,0,1.0,1,1.0,1,1.0,1,0.5467952109708338,53
4766,1,12114,12114,0,0,0,0,1.0,1,1.0,1,1.0,1,0.5170838323241503,55
4767,0,12114,12114,0,0,0,0,1.0,1,1.0,1,1.0,1,0.5076438821077273,56
4768,2,12116,12116,0,0,0,0,1.0,1,1.0,1,1.0,1,0.4825033562842094,56
4769,0,12116,12116,0,0,0,0,1.0,1,1.0,1,1.0,1,0.4825033562842094,56
4770,0,12116,12116,0,0,0,0,1.0,1,1.0,1,1.0,1,0.4825033562842094,56
4771,0,12116,12116,0,0,0,0,1.0,1,1.0,1,1.0,1,0.4858851932526194,55
4772,1,12117,12117,0,0,0,0,1.0,1,1.0,1,1.0,1,0.4927994382793594,56
4773,1,12118,12118,0,0,0,0,1.0,1,1.0,1,1.0,1,0.49704811850622704,56
4774,4,12122,12122,0,0,0,0,1.0,1,1.0,1,1.0,1,0.48890450725285334,58
4775,2,12124,12124,0,0,0,0,1.0,1,1.0,1,1.0,1,0.47781648025367074,59
4776,2,12126,12126,0,0,0,0,1.0,1,1.0,1,1.0,1,0.5121875395564387,59
4777,4,12130,12130,0,0,0,0,1.0,1,1.0,1,1.0,1,0.5011907747318496,60
4778,2,12132,12132,0,0,0,0,1.0,1,1.0,1,1.0,1,0.5209911158776862,60
4779,4,12136,12136,0,0,0,0,1.0,1,1.0,1,1.0,1,0.5029290683569424,61
4780,6,12142,12142,0,0,0,0,1.0,1,1.0,1,1.0,1,0.5233245445522756,63
4781,2,12144,12144,0,0,0,0,1.0,1,1.0,1,1.0,1,0.5376560632573772,62
4782,10,12154,12154,0,0,0,0,1.0,1,1.0,1,1.0,1,0.5521342233925798,63
4783,2,12156,12156,0,0,0,0,1.0,1,1.0,1,1.0,1,0.5553928675241097,62
4784,11,12167,12167,0,0,0,0,1.0,1,1.0,1,1.0,1,0.5721419023307973,62
4785,5,12172,12172,0,0,0,0,1.0,1,1.0,1,1.0,1,0.5634035024479415,62
4786,13,12185,12185,0,0,0,0,1.0,1,1.0,1,1.0,1,0.5624259133428838,63
4787,6,12191,12191,0,0,0,0,1.0,1,1.0,1,1.0,1,0.5486475500425174,62
4788,6,12197,12197,0,0,0,0,1.0,1,1.0,1,1.0,1,0.539181112875809,62
4789,5,12202,12202,0,0,0,0,1.0,1,1.0,1,1.0,1,0.5284076070695555,60
4790,3,12205,12205,0,0,0,0,1.0,1,1.0,1,1.0,1,0.5324346399245954,61
4791,5,12210,12210,0,0,0,0,1.0,1,1.0,1,1.0,1,0.5583741366309083,60
4792,3,12213,12213,0,0,0,0,1.0,1,1.0,1,1.0,1,0.5477926574367923,60
4793,5,12218,12218,0,0,0,0,1.0,1,1.0,1,1.0,1,0.5883130049486557,61
4794,1,12219,12219,0,0,0,0,1.0,1,1.0,1,1.0,1,0.604630616698284,59
4795,0,12219,12219,0,0,0,0,1.0,1,1.0,1,1.0,1,0.6026446155157219,61
4796,0,12219,12219,0,0,0,0,1.0,1,1.0,1,1.0,1,0.6110180649550351,59
4797,0,12219,12219,0,0,0,0,1.0,1,1.0,1,1.0,1,0.6253927994917058,58
4798,0,12219,12219,0,0,0,0,1.0,1,1.0,1,1.0,1,0.625881802490155,59
4799,4,12223,12223,0,0,0,0,1.0,1,1.0,1,1.0,1,0.617749516996718,57
4800,0,12223,12223,0,0,0,0,1.0,1,1.0,1,1.0,1,0.6077538128541199,58
4801,0,12223,12223,0,0,0,0,1.0,1,1.0,1,1.0,1,0.591983477845432,57
4802,1,12224,12224,0,0,0,0,1.0,1,1.0,1,1.0,1,0.5893186424504326,57
4803,3,12227,12227,0,0,0,0,1.0,1,1.0,1,1.0,1,0.5368446497777604,56
4804,2,12229,12229,0,0,0,0,1.0,1,1.0,1,1.0,1,0.5537706449551894,54
4805,4,12233,12233,0,0,0,0,1.0,1,1.0,1,1.0,1,0.4957656318091144,56
4806,1,12234,12234,0,0,0,0,1.0,1,1.0,1,1.0,1,0.503929051492289,55
4807,3,12237,12237,0,0,0,0,1.0,1,1.0,1,1.0,1,0.5535743695022999,54
4808,4,12241,12241,0,0,0,0,1.0,1,1.0,1,1.0,1,0.5548422145526765,53
4809,2,12243,12243,0,0,0,0,1.0,1,1.0,1,1.0,1,0.5658815007927733,53
4810,5,12248,12248,0,0,0,0,1.0,1,1.0,1,1.0,1,0.5685264299388461,51
4811,2,12250,12250,0,0,0,0,1.0,1,1.0,1,1.0,1,0.5591948786905598,52
4812,6,12256,12256,0,0,0,0,1.0,1,1.0,1,1.0,1,0.5764930882219556,52
4813,5,12261,12261,0,0,0,0,1.0,1,1.0,1,1.0,1,0.583836330932137,52
4814,6,12267,12267,0,0,0,0,1.0,1,1.0,1,1.0,1,0.5953207087797134,53
4815,5,12272,12272,0,0,0,0,1.0,1,1.0,1,1.0,1,0.561062013551951,54
4816,6,12278,12278,0,0,0,0,1.0,1,1.0,1,1.0,1,0.5710290720063681,54
4817,7,12285,12285,0,0,0,0,1.0,1,1.0,1,1.0,1,0.5441211840381698,55
4818,4,12289,12289,0,0,0,0,1.0,1,1.0,1,1.0,1,0.5419116542297693,55
4819,5,12294,12294,0,0,0,0,1.0,1,1.0,1,1.0,1,0.5131524265262609,55
4820,1,12295,12295,0,0,0,0,1.0,1,1.0,1,1.0,1,0.5151775227631205,55
4821,3,12298,12298,0,0,0,0,1.0,1,1.0,1,1.0,1,0.5031075267280926,55
4822,4,12302,12302,0,0,0,0,1.0,1,1.0,1,1.0,1,0.5193490959991232,54
4823,0,12302,12302,0,0,0,0,1.0,1,1.0,1,1.0,1,0.5337780641397699,54
4824,6,12308,12308,0,0,0,0,1.0,1,1.0,1,1.0,1,0.5398578093154444,55
4825,3,12311,12311,0,0,0,0,1.0,1,1.0,1,1.0,1,0.5633485090035997,53
4826,4,12315,12315,0,0,0,0,1.0,1,1.0,1,1.0,1,0.5490748241021512,54
4827,3,12318,12318,0,0,0,0,1.0,1,1.0,1,1.0,1,0.5186222995753756,53
4828,3,12321,12321,0,0,0,0,1.0,1,1.0,1,1.0,1,0.506251283425267,54
4829,2,12323,12323,0,0,0,0,1.0,1,1.0,1,1.0,1,0.46988062143794956,54
4830,3,12326,12326,0,0,0,0,1.0,1,1.0,1,1.0,1,0.510898895930201,53
4831,0,12326,12326,0,0,0,0,1.0,1,1.0,1,1.0,1,0.512799818934843,52
4832,3,12329,12329,0,0,0,0,1.0,1,1.0,1,1.0,1,0.5632809676245145,50
4833,1,12330,12330,0,0,0,0,1.0,1,1.0,1,1.0,1,0.5762795478686972,51
4834,4,12334,12334,0,0,0,0,1.0,1,1.0,1,1.0,1,0.6395059742132682,51
4835,2,12336,12336,0,0,0,0,1.0,1,1.0,1,1.0,1,0.6292230811239743,50
4836,3,12339,12339,0,0,0,0,1.0,1,1.0,1,1.0,1,0.6841576495081138,50
4837,1,12340,12340,0,0,0,0,1.0,1,1.0,1,1.0,1,0.6935259869669487,46
4838,2,12342,12342,0,0,0,0,1.0,1,1.0,1,1.0,1,0.6806537134643664,47
4839,0,12342,12342,0,0,0,0,1.0,1,1.0,1,1.0,1,0.6812160605043456,45
4840,2,12344,12344,0,0,0,0,1.0,1,1.0,1,1.0,1,0.6973404440965169,45
4841,3,12347,12347,0,0,0,0,1.0,1,1.0,1,1.0,1,0.6846292338222475,43
4842,0,12347,12347,0,0,0,0,1.0,1,1.0,1,1.0,1,0.674595794068621,43
4843,5,12352,12352,0,0,0,0,1.0,1,1.0,1,1.0,1,0.630821036517374,44
4844,1,12353,12353,0,0,0,0,1.0,1,1.0,1,1.0,1,0.6548635675567712,43
4845,3,12356,12356,0,0,0,0,1.0,1,1.0,1,1.0,1,0.6580174362268028,44
4846,1,12357,12357,0,0,0,0,1.0,1,1.0,1,1.0,1,0.6482482399328565,43
4847,1,12358,12358,0,0,0,0,1.0,1,1.0,1,1.0,1,0.6431612937388905,42
4848,1,12359,12359,0,0,0,0,1.0,1,1.0,1,1.0,1,0.6425528426241447,41
4849,2,12361,12361,0,0,0,0,1.0,1,1.0,1,1.0,1,0.5777155563898583,41
4850,2,12363,12363,0,0,0,0,1.0,1,1.0,1,1.0,1,0.5771770309022045,41
4851,2,12365,12365,0,0,0,0,1.0,1,1.0,1,1.0,1,0.5961001042231406,41
4852,2,12367,12367,0,0,0,0,1.0,1,1.0,1,1.0,1,0.6034838784410858,43
4853,0,12367,12367,0,0,0,0,1.0,1,1.0,1,1.0,1,0.611408354948877,44
4854,0,12367,12367,0,0,0,0,1.0,1,1.0,1,1.0,1,0.6025216034044463,45
4855,2,12369,12369,0,0,0,0,1.0,1,1.0,1,1.0,1,0.6396137732584043,44
4856,0,12369,12369,0,0,0,0,1.0,1,1.0,1,1.0,1,0.6396137732584043,44
4857,0,12369,12369,0,0,0,0,1.0,1,1.0,1,1.0,1,0.6381278127822494,44
4858,1,12370,12370,0,0,0,0,1.0,1,1.0,1,1.0,1,0.6394195695537095,45
4859,2,12372,12372,0,0,0,0,1.0,1,1.0,1,1.0,1,0.6498324387347931,46
4860,2,12374,12374,0,0,0,0,1.0,1,1.0,1,1.0,1,0.6435966962412136,46
4861,3,12377,12377,0,0,0,0,1.0,1,1.0,1,1.0,1,0.6045156702187978,46
4862,6,12383,12383,0,0,0,0,1.0,1,1.0,1,1.0,1,0.6201158997412763,47
4863,3,12386,12386,0,0,0,0,1.0,1,1.0,1,1.0,1,0.6100722865424005,47
4864,5,12391,12391,0,0,0,0,1.0,1,1.0,1,1.0,1,0.6261722874750749,47
4865,1,12392,12392,0,0,0,0,1.0,1,1.0,1,1.0,1,0.6171892248329288,48
4866,3,12395,12395,0,0,0,0,1.0,1,1.0,1,1.0,1,0.6210985034016081,49
4867,0,12395,12395,0,0,0,0,1.0,1,1.0,1,1.0,1,0.6167380353130538,50
4868,2,12397,12397,0,0,0,0,1.0,1,1.0,1,1.0,1,0.6213571646273809,50
4869,3,12400,12400,0,0,0,0,1.0,1,1.0,1,1.0,1,0.6451872881445936,50
4870,2,12402,12402,0,0,0,0,1.0,1,1.0,1,1.0,1,0.6371310611536154,52
4871,2,12404,12404,0,0,0,0,1.0,1,1.0,1,1.0,1,0.6448428228542521,52
4872,2,12406,12406,0,0,0,0,1.0,1,1.0,1,1.0,1,0.626149111985081,53
4873,3,12409,12409,0,0,0,0,1.0,1,1.0,1,1.0,1,0.6384500727502138,55
4874,2,12411,12411,0,0,0,0,1.0,1,1.0,1,1.0,1,0.6235056570147459,56
4875,4,12415,12415,0,0,0,0,1.0,1,1.0,1,1.0,1,0.6341638169752143,55
4876,2,12417,12417,0,0,0,0,1.0,1,1.0,1,1.0,1,0.6458948430586661,55
4877,3,12420,12420,0,0,0,0,1.0,1,1.0,1,1.0,1,0.6290330878069158,54
4878,3,12423,12423,0,0,0,0,1.0,1,1.0,1,1.0,1,0.6263609063762939,53
4879,4,12427,12427,0,0,0,0,1.0,1,1.0,1,1.0,1,0.5999904174859911,54
4880,1,12428,12428,0,0,0,0,1.0,1,1.0,1,1.0,1,0.5907884543757768,54
4881,2,12430,12430,0,0,0,0,1.0,1,1.0,1,1.0,1,0.5713939282710327,53
4882,0,12430,12430,0,0,0,0,1.0,1,1.0,1,1.0,1,0.5565693359662152,53
4883,1,12431,12431,0,0,0,0,1.0,1,1.0,1,1.0,1,0.5486058198960069,53
4884,1,12432,12432,0,0,0,0,1.0,1,1.0,1,1.0,1,0.5420680593850171,51
4885,0,12432,12432,0,0,0,0,1.0,1,1.0,1,1.0,1,0.5353715754764456,50
4886,3,12435,12435,0,0,0,0,1.0,1,1.0,1,1.0,1,0.5544673419806693,48
4887,1,12436,12436,0,0,0,0,1.0,1,1.0,1,1.0,1,0.5492031319789928,48
4888,1,12437,12437,0,0,0,0,1.0,1,1.0,1,1.0,1,0.5743059558873166,48
4889,1,12438,12438,0,0,0,0,1.0,1,1.0,1,1.0,1,0.5747331704078018,48
4890,0,12438,12438,0,0,0,0,1.0,1,1.0,1,1.0,1,0.5825913160792732,49
4891,1,12439,12439,0,0,0,0,1.0,1,1.0,1,1.0,1,0.5718401373122188,50
4892,3,12442,12442,0,0,0,0,1.0,1,1.0,1,1.0,1,0.5891400491420071,49
4893,1,12443,12443,0,0,0,0,1.0,1,1.0,1,1.0,1,0.602201455276326,50
4894,2,12445,12445,0,0,0,0,1.0,1,1.0,1,1.0,1,0.6191067817235917,51
4895,0,12445,12445,0,0,0,0,1.0,1,1.0,1,1.0,1,0.6201541220555503,52
4896,1,12446,12446,0,0,0,0,1.0,1,1.0,1,1.0,1,0.6219342295602477,53
4897,1,12447,12447,0,0,0,0,1.0,1,1.0,1,1.0,1,0.6066621466665574,53
4898,2,12449,12449,0,0,0,0,1.0,1,1.0,1,1.0,1,0.5896247059488696,53
4899,6,12455,12455,0,0,0,0,1.0,1,1.0,1,1.0,1,0.54209189795443,55
4900,3,12458,12458,0,0,0,0,1.0,1,1.0,1,1.0,1,0.5695931252371035,55
4901,4,12462,12462,0,0,0,0,1.0,1,1.0,1,1.0,1,0.5649508850319742,56
4902,5,12467,12467,0,0,0,0,1.0,1,1.0,1,1.0,1,0.5694675015708229,58
4903,5,12472,12472,0,0,0,0,1.0,1,1.0,1,1.0,1,0.6037403371269607,58
4904,1,12473,12473,0,0,0,0,1.0,1,1.0,1,1.0,1,0.6104054308285052,57
4905,1,12474,12474,0,0,0,0,1.0,1,1.0,1,1.0,1,0.6412164991185483,54
4906,0,12474,12474,0,0,0,0,1.0,1,1.0,1,1.0,1,0.6463700314383539,55
4907,1,12475,12475,0,0,0,0,1.0,1,1.0,1,1.0,1,0.6757175067880438,52
4908,0,12475,12475,0,0,0,0,1.0,1,1.0,1,1.0,1,0.6667526848214392,53
4909,1,12476,12476,0,0,0,0,1.0,1,1.0,1,1.0,1,0.6698210362641743,52
4910,1,12477,12477,0,0,0,0,1.0,1,1.0,1,1.0,1,0.6605586089299396,53
4911,4,12481,12481,0,0,0,0,1.0,1,1.0,1,1.0,1,0.6285758733880271,55
4912,4,12485,12485,0,0,0,0,1.0,1,1.0,1,1.0,1,0.6023523433530157,54
4913,3,12488,12488,0,0,0,0,1.0,1,1.0,1,1.0,1,0.5825356606652495,53
4914,4,12492,12492,0,0,0,0,1.0,1,1.0,1,1.0,1,0.5456270542818726,53
4915,7,12499,12499,0,0,0,0,1.0,1,1.0,1,1.0,1,0.5551806405878936,54
4916,4,12503,12503,0,0,0,0,1.0,1,1.0,1,1.0,1,0.511494349988917,52
4917,5,12508,12508,0,0,0,0,1.0,1,1.0,1,1.0,1,0.5486032834336955,52
4918,2,12510,12510,0,0,0,0,1.0,1,1.0,1,1.0,1,0.5316841364539077,51
4919,3,12513,12513,0,0,0,0,1.0,1,1.0,1,1.0,1,0.5836561048311457,50
4920,3,12516,12516,0,0,0,0,1.0,1,1.0,1,1.0,1,0.570179730998245,51
4921,3,12519,12519,0,0,0,0,1.0,1,1.0,1,1.0,1,0.6074509376849728,51
4922,0,12519,12519,0,0,0,0,1.0,1,1.0,1,1.0,1,0.6000038187914604,53
4923,3,12522,12522,0,0,0,0,1.0,1,1.0,1,1.0,1,0.6008586816246351,53
4924,3,12525,12525,0,0,0,0,1.0,1,1.0,1,1.0,1,0.6029020535794585,55
4925,2,12527,12527,0,0,0,0,1.0,1,1.0,1,1.0,1,0.5747104372988893,56
4926,2,12529,12529,0,0,0,0,1.0,1,1.0,1,1.0,1,0.5599379653202734,55
4927,4,12533,12533,0,0,0,0,1.0,1,1.0,1,1.0,1,0.5675480338189436,55
4928,0,12533,12533,0,0,0,0,1.0,1,1.0,1,1.0,1,0.5675480338189436,55
4929,3,12536,12536,0,0,0,0,1.0,1,1.0,1,1.0,1,0.596737612494949,56
4930,0,12536,12536,0,0,0,0,1.0,1,1.0,1,1.0,1,0.5948753699125199,58
4931,1,12537,12537,0,0,0,0,1.0,1,1.0,1,1.0,1,0.607101436656168,59
4932,2,12539,12539,0,0,0,0,1.0,1,1.0,1,1.0,1,0.5934925036152792,60
4933,2,12541,12541,0,0,0,0,1.0,1,1.0,1,1.0,1,0.5982702240893777,60
4934,2,12543,12543,0,0,0,0,1.0,1,1.0,1,1.0,1,0.5884912986056877,60
4935,0,12543,12543,0,0,0,0,1.0,1,1.0,1,1.0,1,0.5884912986056877,60
4936,2,12545,12545,0,0,0,0,1.0,1,1.0,1,1.0,1,0.5806821454908637,61
4937,2,12547,12547,0,0,0,0,1.0,1,1.0,1,1.0,1,0.5552800131452087,62
4938,3,12550,12550,0,0,0,0,1.0,1,1.0,1,1.0,1,0.549076749177776,62
4939,4,12554,12554,0,0,0,0,1.0,1,1.0,1,1.0,1,0.5426042412510755,64
4940,3,12557,12557,0,0,0,0,1.0,1,1.0,1,1.0,1,0.5493091589756007,67
4941,3,12560,12560,0,0,0,0,1.0,1,1.0,1,1.0,1,0.5501710545476675,66
4942,5,12565,12565,0,0,0,0,1.0,1,1.0,1,1.0,1,0.557618287479455,67
4943,2,12567,12567,0,0,0,0,1.0,1,1.0,1,1.0,1,0.5551197254515009,65
4944,7,12574,12574,0,0,0,0,1.0,1,1.0,1,1.0,1,0.5491895605797716,65
4945,2,12576,12576,0,0,0,0,1.0,1,1.0,1,1.0,1,0.5640574665911833,62
4946,7,12583,12583,0,0,0,0,1.0,1,1.0,1,1.0,1,0.5431244510490574,61
4947,4,12587,12587,0,0,0,0,1.0,1,1.0,1,1.0,1,0.560244085745302,59
4948,7,12594,12594,0,0,0,0,1.0,1,1.0,1,1.0,1,0.5832697099058797,59
4949,3,12597,12597,0,0,0,0,1.0,1,1.0,1,1.0,1,0.5885596906017057,57
4950,3,12600,12600,0,0,0,0,1.0,1,1.0,1,1.0,1,0.5986030015628653,58
4951,4,12604,12604,0,0,0,0,1.0,1,1.0,1,1.0,1,0.6095586982848763,55
4952,1,12605,12605,0,0,0,0,1.0,1,1.0,1,1.0,1,0.6036938162703975,53
4953,5,12610,12610,0,0,0,0,1.0,1,1.0,1,1.0,1,0.6075659822490367,54
4954,1,12611,12611,0,0,0,0,1.0,1,1.0,1,1.0,1,0.600383926227377,52
4955,5,12616,12616,0,0,0,0,1.0,1,1.0,1,1.0,1,0.5988100042682262,51
4956,1,12617,12617,0,0,0,0,1.0,1,1.0,1,1.0,1,0.5977983600246684,47
4957,2,12619,12619,0,0,0,0,1.0,1,1.0,1,1.0,1,0.6028509150669062,48
4958,0,12619,12619,0,0,0,0,1.0,1,1.0,1,1.0,1,0.5963667963811081,47
4959,0,12619,12619,0,0,0,0,1.0,1,1.0,1,1.0,1,0.5963667963811081,47
4960,3,12622,12622,0,0,0,0,1.0,1,1.0,1,1.0,1,0.6135333996897332,48
4961,1,12623,12623,0,0,0,0,1.0,1,1.0,1,1.0,1,0.5961344010685856,49
4962,3,12626,12626,0,0,0,0,1.0,1,1.0,1,1.0,1,0.6081868752173024,49
4963,5,12631,12631,0,0,0,0,1.0,1,1.0,1,1.0,1,0.6022909188459314,51
4964,1,12632,12632,0,0,0,0,1.0,1,1.0,1,1.0,1,0.5927013064229548,51
4965,10,12642,12642,0,0,0,0,1.0,1,1.0,1,1.0,1,0.5835045472499756,51
4966,4,12646,12646,0,0,0,0,1.0,1,1.0,1,1.0,1,0.563206476130036,51
4967,6,12652,12652,0,0,0,0,1.0,1,1.0,1,1.0,1,0.5539719423430782,51
4968,3,12655,12655,0,0,0,0,1.0,1,1.0,1,1.0,1,0.5514412951386605,52
4969,7,12662,12662,0,0,0,0,1.0,1,1.0,1,1.0,1,0.5224319389481479,53
4970,5,12667,12667,0,0,0,0,1.0,1,1.0,1,1.0,1,0.5090593831291089,54
4971,5,12672,12672,0,0,0,0,1.0,1,1.0,1,1.0,1,0.5130167144406906,55
4972,1,12673,12673,0,0,0,0,1.0,1,1.0,1,1.0,1,0.5349083782489251,56
4973,3,12676,12676,0,0,0,0,1.0,1,1.0,1,1.0,1,0.5284656806143985,57
4974,3,12679,12679,0,0,0,0,1.0,1,1.0,1,1.0,1,0.5740420674331286,56
4975,2,12681,12681,0,0,0,0,1.0,1,1.0,1,1.0,1,0.6146757760720446,57
4976,0,12681,12681,0,0,0,0,1.0,1,1.0,1,1.0,1,0.6165495252614798,57
4977,2,12683,12683,0,0,0,0,1.0,1,1.0,1,1.0,1,0.6172058441051532,57
4978,4,12687,12687,0,0,0,0,1.0,1,1.0,1,1.0,1,0.5904776594990622,58
4979,7,12694,12694,0,0,0,0,1.0,1,1.0,1,1.0,1,0.5659491659458282,58
4980,2,12696,12696,0,0,0,0,1.0,1,1.0,1,1.0,1,0.5784988062995567,59
4981,5,12701,12701,0,0,0,0,1.0,1,1.0,1,1.0,1,0.5367853445104056,60
4982,5,12706,12706,0,0,0,0,1.0,1,1.0,1,1.0,1,0.5331046406015575,61
4983,6,12712,12712,0,0,0,0,1.0,1,1.0,1,1.0,1,0.5056864383849385,61
4984,5,12717,12717,0,0,0,0,1.0,1,1.0,1,1.0,1,0.5555420519414666,59
4985,3,12720,12720,0,0,0,0,1.0,1,1.0,1,1.0,1,0.550075982907475,58
4986,2,12722,12722,0,0,0,0,1.0,1,1.0,1,1.0,1,0.5702707591906854,59
4987,2,12724,12724,0,0,0,0,1.0,1,1.0,1,1.0,1,0.5907322645823965,58
4988,3,12727,12727,0,0,0,0,1.0,1,1.0,1,1.0,1,0.639458204705946,57
4989,2,12729,12729,0,0,0,0,1.0,1,1.0,1,1.0,1,0.6325189056873038,54
4990,1,12730,12730,0,0,0,0,1.0,1,1.0,1,1.0,1,0.6101345827542686,53
4991,1,12731,12731,0,0,0,0,1.0,1,1.0,1,1.0,1,0.6284184399749355,52
4992,2,12733,12733,0,0,0,0,1.0,1,1.0,1,1.0,1,0.6281510210374194,48
4993,1,12734,12734,0,0,0,0,1.0,1,1.0,1,1.0,1,0.6399076947577554,48
4994,5,12739,12739,0,0,0,0,1.0,1,1.0,1,1.0,1,0.6577875682226486,45
4995,3,12742,12742,0,0,0,0,1.0,1,1.0,1,1.0,1,0.632716657329156,45
4996,5,12747,12747,0,0,0,0,1.0,1,1.0,1,1.0,1,0.6250278262664478,45
4997,3,12750,12750,0,0,0,0,1.0,1,1.0,1,1.0,1,0.5943625177576546,42
4998,3,12753,12753,0,0,0,0,1.0,1,1.0,1,1.0,1,0.6210798533279357,44
4999,1,12754,12754,0,0,0,0,1.0,1,1.0,1,1.0,1,0.6110029876052938,44
5000,0,12754,12754,0,0,0,0,1.0,1,1.0,1,1.0,1,0.6149399479226234,42
5001,1,12755,12755,0,0,0,0,1.0,1,1.0,1,1.0,1,0.6260934365787061,42
5002,0,12755,12755,0,0,0,0,1.0,1,1.0,1,1.0,1,0.6207634116034975,41
5003,0,12755,12755,0,0,0,0,1.0,1,1.0,1,1.0,1,0.6360327582191844,41
5004,1,12756,12756,0,0,0,0,1.0,1,1.0,1,1.0,1,0.6598621449326459,41
5005,0,12756,12756,0,0,0,0,1.0,1,1.0,1,1.0,1,0.6598621449326459,41
5006,0,12756,12756,0,0,0,0,1.0,1,1.0,1,1.0,1,0.660053489233686,42
5007,1,12757,12757,0,0,0,0,1.0,1,1.0,1,1.0,1,0.6483618929725234,43
5008,0,12757,12757,0,0,0,0,1.0,1,1.0,1,1.0,1,0.6277774818633607,46
5009,2,12759,12759,0,0,0,0,1.0,1,1.0,1,1.0,1,0.627186700939279,46
5010,0,12759,12759,0,0,0,0,1.0,1,1.0,1,1.0,1,0.6369870756047891,46
5011,1,12760,12760,0,0,0,0,1.0,1,1.0,1,1.0,1,0.636774566277079,47
5012,0,12760,12760,0,0,0,0,1.0,1,1.0,1,1.0,1,0.6373444540017197,48
5013,4,12764,12764,0,0,0,0,1.0,1,1.0,1,1.0,1,0.6250158322142528,48
5014,2,12766,12766,0,0,0,0,1.0,1,1.0,1,1.0,1,0.6058429991497706,49
5015,4,12770,12770,0,0,0,0,1.0,1,1.0,1,1.0,1,0.6354147038126051,50
5016,6,12776,12776,0,0,0,0,1.0,1,1.0,1,1.0,1,0.5979753943745986,51
5017,4,12780,12780,0,0,0,0,1.0,1,1.0,1,1.0,1,0.5862035060822037,51
5018,3,12783,12783,0,0,0,0,1.0,1,1.0,1,1.0,1,0.5911307186976308,51
5019,6,12789,12789,0,0,0,0,1.0,1,1.0,1,1.0,1,0.5765043262322515,51
5020,3,12792,12792,0,0,0,0,1.0,1,1.0,1,1.0,1,0.567612038701205,51
5021,2,12794,12794,0,0,0,0,1.0,1,1.0,1,1.0,1,0.5818945568728329,52
5022,5,12799,12799,0,0,0,0,1.0,1,1.0,1,1.0,1,0.6111613790969244,52
5023,2,12801,12801,0,0,0,0,1.0,1,1.0,1,1.0,1,0.6265891584325405,52
5024,2,12803,12803,0,0,0,0,1.0,1,1.0,1,1.0,1,0.6257344435355732,51
5025,3,12806,12806,0,0,0,0,1.0,1,1.0,1,1.0,1,0.6420252345822838,50
5026,3,12809,12809,0,0,0,0,1.0,1,1.0,1,1.0,1,0.6635405630425757,49
5027,2,12811,12811,0,0,0,0,1.0,1,1.0,1,1.0,1,0.6495580896071217,47
5028,1,12812,12812,0,0,0,0,1.0,1,1.0,1,1.0,1,0.6438241433032165,47
5029,3,12815,12815,0,0,0,0,1.0,1,1.0,1,1.0,1,0.6409408853266066,46
5030,2,12817,12817,0,0,0,0,1.0,1,1.0,1,1.0,1,0.6389947119165447,48
5031,2,12819,12819,0,0,0,0,1.0,1,1.0,1,1.0,1,0.6164109362449285,46
5032,2,12821,12821,0,0,0,0,1.0,1,1.0,1,1.0,1,0.6380863076862481,46
5033,3,12824,12824,0,0,0,0,1.0,1,1.0,1,1.0,1,0.6444217388172421,47
5034,1,12825,12825,0,0,0,0,1.0,1,1.0,1,1.0,1,0.6263751101726531,48
5035,1,12826,12826,0,0,0,0,1.0,1,1.0,1,1.0,1,0.614866191204559,47
5036,0,12826,12826,0,0,0,0,1.0,1,1.0,1,1.0,1,0.614866191204559,47
5037,0,12826,12826,0,0,0,0,1.0,1,1.0,1,1.0,1,0.6202584954139014,47
5038,0,12826,12826,0,0,0,0,1.0,1,1.0,1,1.0,1,0.6252823329922682,48
5039,0,12826,12826,0,0,0,0,1.0,1,1.0,1,1.0,1,0.6240882844964707,47
5040,0,12826,12826,0,0,0,0,1.0,1,1.0,1,1.0,1,0.6247634594343009,48
5041,2,12828,12828,0,0,0,0,1.0,1,1.0,1,1.0,1,0.6365125478660507,49
5042,3,12831,12831,0,0,0,0,1.0,1,1.0,1,1.0,1,0.638665819755511,50
5043,1,12832,12832,0,0,0,0,1.0,1,1.0,1,1.0,1,0.6286337439945778,51
5044,2,12834,12834,0,0,0,0,1.0,1,1.0,1,1.0,1,0.6285560491141567,51
5045,1,12835,12835,0,0,0,0,1.0,1,1.0,1,1.0,1,0.6452632241054777,51
5046,3,12838,12838,0,0,0,0,1.0,1,1.0,1,1.0,1,0.6455806277720774,52
5047,0,12838,12838,0,0,0,0,1.0,1,1.0,1,1.0,1,0.6443850312858882,52
5048,1,12839,12839,0,0,0,0,1.0,1,1.0,1,1.0,1,0.6361478986885106,52
5049,0,12839,12839,0,0,0,0,1.0,1,1.0,1,1.0,1,0.6574633965707131,52
5050,0,12839,12839,0,0,0,0,1.0,1,1.0,1,1.0,1,0.6472610651290568,55
5051,0,12839,12839,0,0,0,0,1.0,1,1.0,1,1.0,1,0.6593332713185072,55
5052,0,12839,12839,0,0,0,0,1.0,1,1.0,1,1.0,1,0.6593332713185072,55
5053,2,12841,12841,0,0,0,0,1.0,1,1.0,1,1.0,1,0.6599437850387003,54
5054,0,12841,12841,0,0,0,0,1.0,1,1.0,1,1.0,1,0.6599437850387003,54
5055,3,12844,12844,0,0,0,0,1.0,1,1.0,1,1.0,1,0.6585920872582848,54
5056,1,12845,12845,0,0,0,0,1.0,1,1.0,1,1.0,1,0.651300127001392,55
5057,4,12849,12849,0,0,0,0,1.0,1,1.0,1,1.0,1,0.6408925746835682,56
5058,2,12851,12851,0,0,0,0,1.0,1,1.0,1,1.0,1,0.618526845699079,58
5059,5,12856,12856,0,0,0,0,1.0,1,1.0,1,1.0,1,0.6409137100084619,58
5060,3,12859,12859,0,0,0,0,1.0,1,1.0,1,1.0,1,0.6474510987078523,59
5061,4,12863,12863,0,0,0,0,1.0,1,1.0,1,1.0,1,0.6628439853308171,58
5062,4,12867,12867,0,0,0,0,1.0,1,1.0,1,1.0,1,0.6688925737462842,58
5063,3,12870,12870,0,0,0,0,1.0,1,1.0,1,1.0,1,0.6926076007167183,57
5064,3,12873,12873,0,0,0,0,1.0,1,1.0,1,1.0,1,0.6941948397315051,57
5065,4,12877,12877,0,0,0,0,1.0,1,1.0,1,1.0,1,0.6900242879323062,56
5066,4,12881,12881,0,0,0,0,1.0,1,1.0,1,1.0,1,0.7003226297499446,55
5067,3,12884,12884,0,0,0,0,1.0,1,1.0,1,1.0,1,0.6760554095534408,54
5068,4,12888,12888,0,0,0,0,1.0,1,1.0,1,1.0,1,0.6692000416641821,54
5069,5,12893,12893,0,0,0,0,1.0,1,1.0,1,1.0,1,0.6337655739972232,53
5070,4,12897,12897,0,0,0,0,1.0,1,1.0,1,1.0,1,0.6064459986160801,53
5071,0,12897,12897,0,0,0,0,1.0,1,1.0,1,1.0,1,0.6004171082165803,53
5072,6,12903,12903,0,0,0,0,1.0,1,1.0,1,1.0,1,0.6042415783526985,53
5073,2,12905,12905,0,0,0,0,1.0,1,1.0,1,1.0,1,0.6027923187867442,53
5074,1,12906,12906,0,0,0,0,1.0,1,1.0,1,1.0,1,0.5739929377180446,52
5075,5,12911,12911,0,0,0,0,1.0,1,1.0,1,1.0,1,0.5743247443462154,52
5076,0,12911,12911,0,0,0,0,1.0,1,1.0,1,1.0,1,0.574449531776456,55
5077,0,12911,12911,0,0,0,0,1.0,1,1.0,1,1.0,1,0.5903245494505908,55
5078,0,12911,12911,0,0,0,0,1.0,1,1.0,1,1.0,1,0.5903245494505908,55
5079,0,12911,12911,0,0,0,0,1.0,1,1.0,1,1.0,1,0.5999930926781754,54
5080,2,12913,12913,0,0,0,0,1.0,1,1.0,1,1.0,1,0.6012119428746203,55
5081,0,12913,12913,0,0,0,0,1.0,1,1.0,1,1.0,1,0.600229821384223,57
5082,4,12917,12917,0,0,0,0,1.0,1,1.0,1,1.0,1,0.6285390758596098,57
5083,0,12917,12917,0,0,0,0,1.0,1,1.0,1,1.0,1,0.6196009093213042,58
5084,5,12922,12922,0,0,0,0,1.0,1,1.0,1,1.0,1,0.6552934316990212,58
5085,6,12928,12928,0,0,0,0,1.0,1,1.0,1,1.0,1,0.6056189909483052,59
5086,4,12932,12932,0,0,0,0,1.0,1,1.0,1,1.0,1,0.6191396349153219,60
5087,7,12939,12939,0,0,0,0,1.0,1,1.0,1,1.0,1,0.6448367782471813,61
5088,1,12940,12940,0,0,0,0,1.0,1,1.0,1,1.0,1,0.6571354662459357,62
5089,6,12946,12946,0,0,0,0,1.0,1,1.0,1,1.0,1,0.6480519649400316,63
5090,4,12950,12950,0,0,0,0,1.0,1,1.0,1,1.0,1,0.6459084816585662,63
5091,8,12958,12958,0,0,0,0,1.0,1,1.0,1,1.0,1,0.6439453713693745,63
5092,3,12961,12961,0,0,0,0,1.0,1,1.0,1,1.0,1,0.6421911374843412,63
5093,8,12969,12969,0,0,0,0,1.0,1,1.0,1,1.0,1,0.6417963249878478,63
5094,4,12973,12973,0,0,0,0,1.0,1,1.0,1,1.0,1,0.619295066698716,64
5095,7,12980,12980,0,0,0,0,1.0,1,1.0,1,1.0,1,0.5889521858620502,64
5096,4,12984,12984,0,0,0,0,1.0,1,1.0,1,1.0,1,0.5656662912792692,67
5097,2,12986,12986,0,0,0,0,1.0,1,1.0,1,1.0,1,0.5975920939460732,67
5098,4,12990,12990,0,0,0,0,1.0,1,1.0,1,1.0,1,0.5713097389599967,68
5099,5,12995,12995,0,0,0,0,1.0,1,1.0,1,1.0,1,0.5458612705097979,70
5100,3,12998,12998,0,0,0,0,1.0,1,1.0,1,1.0,1,0.5414553258201513,71
5101,4,13002,13002,0,0,0,0,1.0,1,1.0,1,1.0,1,0.5322012717677972,71
5102,2,13004,13004,0,0,0,0,1.0,1,1.0,1,1.0,1,0.5563387713530761,70
5103,6,13010,13010,0,0,0,0,1.0,1,1.0,1,1.0,1,0.5424747374163835,67
5104,3,13013,13013,0,0,0,0,1.0,1,1.0,1,1.0,1,0.5630060819931254,67
5105,4,13017,13017,0,0,0,0,1.0,1,1.0,1,1.0,1,0.5722904117927705,63
5106,5,13022,13022,0,0,0,0,1.0,1,1.0,1,1.0,1,0.6170040008033865,63
5107,6,13028,13028,0,0,0,0,1.0,1,1.0,1,1.0,1,0.6260700905856199,60
5108,1,13029,13029,0,0,0,0,1.0,1,1.0,1,1.0,1,0.6305475293568548,56
5109,5,13034,13034,0,0,0,0,1.0,1,1.0,1,1.0,1,0.6578767140489068,56
5110,2,13036,13036,0,0,0,0,1.0,1,1.0,1,1.0,1,0.6704895454054642,52
5111,4,13040,13040,0,0,0,0,1.0,1,1.0,1,1.0,1,0.6522855582516455,51
5112,1,13041,13041,0,0,0,0,1.0,1,1.0,1,1.0,1,0.6461710501050444,50
5113,1,13042,13042,0,0,0,0,1.0,1,1.0,1,1.0,1,0.6572232196347974,48
5114,3,13045,13045,0,0,0,0,1.0,1,1.0,1,1.0,1,0.6446001265030528,46
5115,4,13049,13049,0,0,0,0,1.0,1,1.0,1,1.0,1,0.6631714989233137,44
5116,3,13052,13052,0,0,0,0,1.0,1,1.0,1,1.0,1,0.6341629024217157,44
5117,4,13056,13056,0,0,0,0,1.0,1,1.0,1,1.0,1,0.602247972630694,46
5118,5,13061,13061,0,0,0,0,1.0,1,1.0,1,1.0,1,0.613063363518305,46
5119,9,13070,13070,0,0,0,0,1.0,1,1.0,1,1.0,1,0.5876467755588881,46
5120,6,13076,13076,0,0,0,0,1.0,1,1.0,1,1.0,1,0.6179818455136155,46
5121,6,13082,13082,0,0,0,0,1.0,1,1.0,1,1.0,1,0.6086169980328273,46
5122,4,13086,13086,0,0,0,0,1.0,1,1.0,1,1.0,1,0.611019489666131,46
5123,2,13088,13088,0,0,0,0,1.0,1,1.0,1,1.0,1,0.6290875233698162,45
5124,6,13094,13094,0,0,0,0,1.0,1,1.0,1,1.0,1,0.577977262021792,47
5125,1,13095,13095,0,0,0,0,1.0,1,1.0,1,1.0,1,0.5871463423771083,50
5126,4,13099,13099,0,0,0,0,1.0,1,1.0,1,1.0,1,0.5706772139567288,50
5127,1,13100,13100,0,0,0,0,1.0,1,1.0,1,1.0,1,0.5588428887775765,52
5128,4,13104,13104,0,0,0,0,1.0,1,1.0,1,1.0,1,0.5284605938745571,53
5129,1,13105,13105,0,0,0,0,1.0,1,1.0,1,1.0,1,0.5273933824897226,55
5130,2,13107,13107,0,0,0,0,1.0,1,1.0,1,1.0,1,0.5118468702780142,55
5131,0,13107,13107,0,0,0,0,1.0,1,1.0,1,1.0,1,0.5205275145736563,54
5132,2,13109,13109,0,0,0,0,1.0,1,1.0,1,1.0,1,0.528658065641663,54
5133,0,13109,13109,0,0,0,0,1.0,1,1.0,1,1.0,1,0.528658065641663,54
5134,5,13114,13114,0,0,0,0,1.0,1,1.0,1,1.0,1,0.6085510647989998,53
5135,0,13114,13114,0,0,0,0,1.0,1,1.0,1,1.0,1,0.6133843977088118,54
5136,1,13115,13115,0,0,0,0,1.0,1,1.0,1,1.0,1,0.656915512836365,54
5137,2,13117,13117,0,0,0,0,1.0,1,1.0,1,1.0,1,0.6723032552669059,54
5138,4,13121,13121,0,0,0,0,1.0,1,1.0,1,1.0,1,0.6766320828894634,54
5139,4,13125,13125,0,0,0,0,1.0,1,1.0,1,1.0,1,0.6205160771456999,55
5140,3,13128,13128,0,0,0,0,1.0,1,1.0,1,1.0,1,0.5999914480729367,55
5141,0,13128,13128,0,0,0,0,1.0,1,1.0,1,1.0,1,0.5904343321895319,53
5142,4,13132,13132,0,0,0,0,1.0,1,1.0,1,1.0,1,0.5564953072374939,54
5143,0,13132,13132,0,0,0,0,1.0,1,1.0,1,1.0,1,0.5489017279738683,52
5144,3,13135,13135,0,0,0,0,1.0,1,1.0,1,1.0,1,0.5759221039187571,50
5145,2,13137,13137,0,0,0,0,1.0,1,1.0,1,1.0,1,0.5490276252190291,49
5146,4,13141,13141,0,0,0,0,1.0,1,1.0,1,1.0,1,0.6080843921163317,49
5147,3,13144,13144,0,0,0,0,1.0,1,1.0,1,1.0,1,0.5759865368252871,46
5148,3,13147,13147,0,0,0,0,1.0,1,1.0,1,1.0,1,0.5641585992139613,46
5149,3,13150,13150,0,0,0,0,1.0,1,1.0,1,1.0,1,0.5887285344780374,45
5150,4,13154,13154,0,0,0,0,1.0,1,1.0,1,1.0,1,0.5846480110146693,47
5151,2,13156,13156,0,0,0,0,1.0,1,1.0,1,1.0,1,0.6089090672416065,46
5152,3,13159,13159,0,0,0,0,1.0,1,1.0,1,1.0,1,0.6397426416141584,46
5153,3,13162,13162,0,0,0,0,1.0,1,1.0,1,1.0,1,0.6547514699173721,45
5154,2,13164,13164,0,0,0,0,1.0,1,1.0,1,1.0,1,0.6734798744627821,47
5155,3,13167,13167,0,0,0,0,1.0,1,1.0,1,1.0,1,0.6526206789523459,47
5156,1,13168,13168,0,0,0,0,1.0,1,1.0,1,1.0,1,0.6289049810081857,47
5157,1,13169,13169,0,0,0,0,1.0,1,1.0,1,1.0,1,0.6520094527857114,46
5158,1,13170,13170,0,0,0,0,1.0,1,1.0,1,1.0,1,0.641017033706654,47
5159,1,13171,13171,0,0,0,0,1.0,1,1.0,1,1.0,1,0.6200907803944756,49
5160,2,13173,13173,0,0,0,0,1.0,1,1.0,1,1.0,1,0.6371950708782094,48
5161,0,13173,13173,0,0,0,0,1.0,1,1.0,1,1.0,1,0.6371950708782094,48
5162,5,13178,13178,0,0,0,0,1.0,1,1.0,1,1.0,1,0.6644915896197254,49
5163,2,13180,13180,0,0,0,0,1.0,1,1.0,1,1.0,1,0.6482094857599879,51
5164,1,13181,13181,0,0,0,0,1.0,1,1.0,1,1.0,1,0.6443989756687397,51
5165,8,13189,13189,0,0,0,0,1.0,1,1.0,1,1.0,1,0.6196332735684742,52
5166,6,13195,13195,0,0,0,0,1.0,1,1.0,1,1.0,1,0.5992374157665451,52
5167,7,13202,13202,0,0,0,0,1.0,1,1.0,1,1.0,1,0.5953874905892125,52
5168,3,13205,13205,0,0,0,0,1.0,1,1.0,1,1.0,1,0.57353012192763,52
5169,3,13208,13208,0,0,0,0,1.0,1,1.0,1,1.0,1,0.5622299540223502,53
5170,0,13208,13208,0,0,0,0,1.0,1,1.0,1,1.0,1,0.5622299540223502,53
5171,4,13212,13212,0,0,0,0,1.0,1,1.0,1,1.0,1,0.6263564826219173,52
5172,0,13212,13212,0,0,0,0,1.0,1,1.0,1,1.0,1,0.606969949146072,53
5173,1,13213,13213,0,0,0,0,1.0,1,1.0,1,1.0,1,0.6097419557911682,54
5174,2,13215,13215,0,0,0,0,1.0,1,1.0,1,1.0,1,0.5986415355154047,56
5175,1,13216,13216,0,0,0,0,1.0,1,1.0,1,1.0,1,0.5857548727474645,58
5176,1,13217,13217,0,0,0,0,1.0,1,1.0,1,1.0,1,0.581861527096662,58
5177,1,13218,13218,0,0,0,0,1.0,1,1.0,1,1.0,1,0.6052786585748796,59
5178,4,13222,13222,0,0,0,0,1.0,1,1.0,1,1.0,1,0.5990920885256619,57
5179,3,13225,13225,0,0,0,0,1.0,1,1.0,1,1.0,1,0.5997722810547343,58
5180,6,13231,13231,0,0,0,0,1.0,1,1.0,1,1.0,1,0.6227394018359487,56
5181,1,13232,13232,0,0,0,0,1.0,1,1.0,1,1.0,1,0.5990093146922892,57
5182,6,13238,13238,0,0,0,0,1.0,1,1.0,1,1.0,1,0.602367292445908,56
5183,1,13239,13239,0,0,0,0,1.0,1,1.0,1,1.0,1,0.5989175490294616,57
5184,3,13242,13242,0,0,0,0,1.0,1,1.0,1,1.0,1,0.6278781370466661,56
5185,0,13242,13242,0,0,0,0,1.0,1,1.0,1,1.0,1,0.636385464494352,56
5186,2,13244,13244,0,0,0,0,1.0,1,1.0,1,1.0,1,0.6370277573369997,54
5187,1,13245,13245,0,0,0,0,1.0,1,1.0,1,1.0,1,0.6464449051409162,51
5188,1,13246,13246,0,0,0,0,1.0,1,1.0,1,1.0,1,0.6498790665739326,50
5189,1,13247,13247,0,0,0,0,1.0,1,1.0,1,1.0,1,0.6721944601901093,49
5190,0,13247,13247,0,0,0,0,1.0,1,1.0,1,1.0,1,0.664355442776899,50
5191,2,13249,13249,0,0,0,0,1.0,1,1.0,1,1.0,1,0.6639942876720661,50
5192,2,13251,13251,0,0,0,0,1.0,1,1.0,1,1.0,1,0.6680439639507444,49
5193,1,13252,13252,0,0,0,0,1.0,1,1.0,1,1.0,1,0.6655075780888992,50
5194,1,13253,13253,0,0,0,0,1.0,1,1.0,1,1.0,1,0.6596923763242715,51
5195,1,13254,13254,0,0,0,0,1.0,1,1.0,1,1.0,1,0.6543902486111427,51
5196,1,13255,13255,0,0,0,0,1.0,1,1.0,1,1.0,1,0.658935313996081,51
5197,2,13257,13257,0,0,0,0,1.0,1,1.0,1,1.0,1,0.6832450611131304,51
5198,0,13257,13257,0,0,0,0,1.0,1,1.0,1,1.0,1,0.6832450611131304,51
5199,1,13258,13258,0,0,0,0,1.0,1,1.0,1,1.0,1,0.6635735778174473,54
5200,0,13258,13258,0,0,0,0,1.0,1,1.0,1,1.0,1,0.6635735778174473,54
5201,0,13258,13258,0,0,0,0,1.0,1,1.0,1,1.0,1,0.6550704551430541,55
5202,1,13259,13259,0,0,0,0,1.0,1,1.0,1,1.0,1,0.6535138790728743,56
5203,1,13260,13260,0,0,0,0,1.0,1,1.0,1,1.0,1,0.6459365218149267,56
5204,1,13261,13261,0,0,0,0,1.0,1,1.0,1,1.0,1,0.6330807845859378,58
5205,1,13262,13262,0,0,0,0,1.0,1,1.0,1,1.0,1,0.6292371703752702,58
5206,1,13263,13263,0,0,0,0,1.0,1,1.0,1,1.0,1,0.6364706398725628,58
5207,1,13264,13264,0,0,0,0,1.0,1,1.0,1,1.0,1,0.635886776165274,59
5208,3,13267,13267,0,0,0,0,1.0,1,1.0,1,1.0,1,0.6226764378710771,58
5209,2,13269,13269,0,0,0,0,1.0,1,1.0,1,1.0,1,0.6252618163617224,58
5210,2,13271,13271,0,0,0,0,1.0,1,1.0,1,1.0,1,0.6221877819170447,57
5211,5,13276,13276,0,0,0,0,1.0,1,1.0,1,1.0,1,0.6346302556633473,57
5212,4,13280,13280,0,0,0,0,1.0,1,1.0,1,1.0,1,0.6219535970090054,59
5213,8,13288,13288,0,0,0,0,1.0,1,1.0,1,1.0,1,0.6376509459576796,59
5214,4,13292,13292,0,0,0,0,1.0,1,1.0,1,1.0,1,0.6484587796959386,59
5215,6,13298,13298,0,0,0,0,1.0,1,1.0,1,1.0,1,0.6747379610726258,58
5216,7,13305,13305,0,0,0,0,1.0,1,1.0,1,1.0,1,0.6550579836739167,59
5217,3,13308,13308,0,0,0,0,1.0,1,1.0,1,1.0,1,0.6315231760105185,58
5218,7,13315,13315,0,0,0,0,1.0,1,1.0,1,1.0,1,0.6201521261512037,58
5219,6,13321,13321,0,0,0,0,1.0,1,1.0,1,1.0,1,0.5671148090447796,57
5220,3,13324,13324,0,0,0,0,1.0,1,1.0,1,1.0,1,0.5726357806866569,56
5221,2,13326,13326,0,0,0,0,1.0,1,1.0,1,1.0,1,0.5689858416195217,58
5222,4,13330,13330,0,0,0,0,1.0,1,1.0,1,1.0,1,0.5707669711884833,56
5223,4,13334,13334,0,0,0,0,1.0,1,1.0,1,1.0,1,0.5756960575765666,55
5224,0,13334,13334,0,0,0,0,1.0,1,1.0,1,1.0,1,0.5821321173993383,56
5225,3,13337,13337,0,0,0,0,1.0,1,1.0,1,1.0,1,0.5802149889607728,55
5226,1,13338,13338,0,0,0,0,1.0,1,1.0,1,1.0,1,0.5754274294127509,55
5227,2,13340,13340,0,0,0,0,1.0,1,1.0,1,1.0,1,0.5862590177248796,53
5228,2,13342,13342,0,0,0,0,1.0,1,1.0,1,1.0,1,0.5847069445985908,51
5229,3,13345,13345,0,0,0,0,1.0,1,1.0,1,1.0,1,0.576323079761129,51
5230,2,13347,13347,0,0,0,0,1.0,1,1.0,1,1.0,1,0.5817729414146638,51
5231,2,13349,13349,0,0,0,0,1.0,1,1.0,1,1.0,1,0.6022250508569733,52
5232,2,13351,13351,0,0,0,0,1.0,1,1.0,1,1.0,1,0.609005849048483,52
5233,4,13355,13355,0,0,0,0,1.0,1,1.0,1,1.0,1,0.6145749500529807,53
5234,3,13358,13358,0,0,0,0,1.0,1,1.0,1,1.0,1,0.5993952390005783,53
5235,2,13360,13360,0,0,0,0,1.0,1,1.0,1,1.0,1,0.5829973917819105,53
5236,4,13364,13364,0,0,0,0,1.0,1,1.0,1,1.0,1,0.5668503046090978,52
5237,0,13364,13364,0,0,0,0,1.0,1,1.0,1,1.0,1,0.5872758046537533,52
5238,4,13368,13368,0,0,0,0,1.0,1,1.0,1,1.0,1,0.5555899077848879,52
5239,3,13371,13371,0,0,0,0,1.0,1,1.0,1,1.0,1,0.580451961359728,51
5240,6,13377,13377,0,0,0,0,1.0,1,1.0,1,1.0,1,0.5795656416250894,53
5241,4,13381,13381,0,0,0,0,1.0,1,1.0,1,1.0,1,0.5667163497749921,53
5242,9,13390,13390,0,0,0,0,1.0,1,1.0,1,1.0,1,0.6009390859855238,51
5243,4,13394,13394,0,0,0,0,1.0,1,1.0,1,1.0,1,0.6097424046156723,51
5244,5,13399,13399,0,0,0,0,1.0,1,1.0,1,1.0,1,0.6343230231262734,52
5245,4,13403,13403,0,0,0,0,1.0,1,1.0,1,1.0,1,0.6101522818042251,53
5246,5,13408,13408,0,0,0,0,1.0,1,1.0,1,1.0,1,0.5782973510067494,53
5247,4,13412,13412,0,0,0,0,1.0,1,1.0,1,1.0,1,0.6054098296958378,54
5248,2,13414,13414,0,0,0,0,1.0,1,1.0,1,1.0,1,0.5888955100127151,54
5249,2,13416,13416,0,0,0,0,1.0,1,1.0,1,1.0,1,0.560368233131538,55
5250,3,13419,13419,0,0,0,0,1.0,1,1.0,1,1.0,1,0.5687044668659141,57
5251,4,13423,13423,0,0,0,0,1.0,1,1.0,1,1.0,1,0.584227583511097,58
5252,2,13425,13425,0,0,0,0,1.0,1,1.0,1,1.0,1,0.5955189748212819,58
5253,2,13427,13427,0,0,0,0,1.0,1,1.0,1,1.0,1,0.5964747697534487,58
5254,1,13428,13428,0,0,0,0,1.0,1,1.0,1,1.0,1,0.5928406554821172,59
5255,1,13429,13429,0,0,0,0,1.0,1,1.0,1,1.0,1,0.5718691918305326,58
5256,1,13430,13430,0,0,0,0,1.0,1,1.0,1,1.0,1,0.5627774412772009,58
5257,1,13431,13431,0,0,0,0,1.0,1,1.0,1,1.0,1,0.5509197187536015,57
5258,4,13435,13435,0,0,0,0,1.0,1,1.0,1,1.0,1,0.5614494103919984,55
5259,3,13438,13438,0,0,0,0,1.0,1,1.0,1,1.0,1,0.5168532895627883,56
5260,2,13440,13440,0,0,0,0,1.0,1,1.0,1,1.0,1,0.5043775241442081,55
5261,5,13445,13445,0,0,0,0,1.0,1,1.0,1,1.0,1,0.48138788064344346,54
5262,4,13449,13449,0,0,0,0,1.0,1,1.0,1,1.0,1,0.4881917464921008,54
5263,5,13454,13454,0,0,0,0,1.0,1,1.0,1,1.0,1,0.48026940355777986,55
5264,3,13457,13457,0,0,0,0,1.0,1,1.0,1,1.0,1,0.5061419182903926,53
5265,4,13461,13461,0,0,0,0,1.0,1,1.0,1,1.0,1,0.4870616109544412,52
5266,5,13466,13466,0,0,0,0,1.0,1,1.0,1,1.0,1,0.4962498938815249,49
5267,5,13471,13471,0,0,0,0,1.0,1,1.0,1,1.0,1,0.5368100674366114,49
5268,7,13478,13478,0,0,0,0,1.0,1,1.0,1,1.0,1,0.5355056568120259,46
5269,3,13481,13481,0,0,0,0,1.0,1,1.0,1,1.0,1,0.5781277286454989,45
5270,6,13487,13487,0,0,0,0,1.0,1,1.0,1,1.0,1,0.6014132252202856,46
5271,4,13491,13491,0,0,0,0,1.0,1,1.0,1,1.0,1,0.6329464321760906,46
5272,3,13494,13494,0,0,0,0,1.0,1,1.0,1,1.0,1,0.599410123779841,45
5273,5,13499,13499,0,0,0,0,1.0,1,1.0,1,1.0,1,0.5653518097838044,45
5274,6,13505,13505,0,0,0,0,1.0,1,1.0,1,1.0,1,0.5844427697855609,45
5275,2,13507,13507,0,0,0,0,1.0,1,1.0,1,1.0,1,0.5918066780186237,46
5276,3,13510,13510,0,0,0,0,1.0,1,1.0,1,1.0,1,0.5726631405087776,45
5277,3,13513,13513,0,0,0,0,1.0,1,1.0,1,1.0,1,0.5966504843523105,45
5278,5,13518,13518,0,0,0,0,1.0,1,1.0,1,1.0,1,0.5840790091189019,44
5279,1,13519,13519,0,0,0,0,1.0,1,1.0,1,1.0,1,0.5764865931536503,45
5280,0,13519,13519,0,0,0,0,1.0,1,1.0,1,1.0,1,0.5777421568532621,46
5281,0,13519,13519,0,0,0,0,1.0,1,1.0,1,1.0,1,0.5777421568532621,46
5282,1,13520,13520,0,0,0,0,1.0,1,1.0,1,1.0,1,0.5772740164623122,47
5283,0,13520,13520,0,0,0,0,1.0,1,1.0,1,1.0,1,0.5791731922900598,48
5284,1,13521,13521,0,0,0,0,1.0,1,1.0,1,1.0,1,0.5749606592404616,48
5285,1,13522,13522,0,0,0,0,1.0,1,1.0,1,1.0,1,0.5388301896713106,48
5286,2,13524,13524,0,0,0,0,1.0,1,1.0,1,1.0,1,0.5163312298903187,50
5287,0,13524,13524,0,0,0,0,1.0,1,1.0,1,1.0,1,0.5163312298903187,50
5288,2,13526,13526,0,0,0,0,1.0,1,1.0,1,1.0,1,0.5138982055755702,51
5289,1,13527,13527,0,0,0,0,1.0,1,1.0,1,1.0,1,0.5227344496997745,51
5290,1,13528,13528,0,0,0,0,1.0,1,1.0,1,1.0,1,0.515338493185031,52
5291,1,13529,13529,0,0,0,0,1.0,1,1.0,1,1.0,1,0.53611418354973,52
5292,1,13530,13530,0,0,0,0,1.0,1,1.0,1,1.0,1,0.5474448988257223,53
5293,1,13531,13531,0,0,0,0,1.0,1,1.0,1,1.0,1,0.5484101953270091,51
5294,1,13532,13532,0,0,0,0,1.0,1,1.0,1,1.0,1,0.5358276525903319,50
5295,0,13532,13532,0,0,0,0,1.0,1,1.0,1,1.0,1,0.5453266247192313,49
5296,1,13533,13533,0,0,0,0,1.0,1,1.0,1,1.0,1,0.5366539560417695,48
5297,2,13535,13535,0,0,0,0,1.0,1,1.0,1,1.0,1,0.5287980519437704,46
5298,1,13536,13536,0,0,0,0,1.0,1,1.0,1,1.0,1,0.530978886507862,46
5299,3,13539,13539,0,0,0,0,1.0,1,1.0,1,1.0,1,0.5135400055789247,47
5300,2,13541,13541,0,0,0,0,1.0,1,1.0,1,1.0,1,0.5187251832726016,48
5301,2,13543,13543,0,0,0,0,1.0,1,1.0,1,1.0,1,0.5288289585234066,48
5302,2,13545,13545,0,0,0,0,1.0,1,1.0,1,1.0,1,0.5486779441899681,49
5303,3,13548,13548,0,0,0,0,1.0,1,1.0,1,1.0,1,0.563694253921412,48
5304,3,13551,13551,0,0,0,0,1.0,1,1.0,1,1.0,1,0.5962297230134594,48
5305,1,13552,13552,0,0,0,0,1.0,1,1.0,1,1.0,1,0.6045427566307903,47
5306,3,13555,13555,0,0,0,0,1.0,1,1.0,1,1.0,1,0.627643926848049,48
5307,0,13555,13555,0,0,0,0,1.0,1,1.0,1,1.0,1,0.6269264293972997,48
5308,2,13557,13557,0,0,0,0,1.0,1,1.0,1,1.0,1,0.6383510853650891,47
5309,0,13557,13557,0,0,0,0,1.0,1,1.0,1,1.0,1,0.6406858649279836,46
5310,3,13560,13560,0,0,0,0,1.0,1,1.0,1,1.0,1,0.595527419413644,46
5311,1,13561,13561,0,0,0,0,1.0,1,1.0,1,1.0,1,0.6084272784487695,46
5312,2,13563,13563,0,0,0,0,1.0,1,1.0,1,1.0,1,0.6047816780647722,46
5313,5,13568,13568,0,0,0,0,1.0,1,1.0,1,1.0,1,0.5825147326497713,46
5314,3,13571,13571,0,0,0,0,1.0,1,1.0,1,1.0,1,0.5883172025070542,46
5315,7,13578,13578,0,0,0,0,1.0,1,1.0,1,1.0,1,0.5977375479218247,47
5316,4,13582,13582,0,0,0,0,1.0,1,1.0,1,1.0,1,0.6015718240523209,48
5317,10,13592,13592,0,0,0,0,1.0,1,1.0,1,1.0,1,0.5716194777571119,49
5318,2,13594,13594,0,0,0,0,1.0,1,1.0,1,1.0,1,0.5781225225841241,49
5319,6,13600,13600,0,0,0,0,1.0,1,1.0,1,1.0,1,0.6078252553035338,50
5320,2,13602,13602,0,0,0,0,1.0,1,1.0,1,1.0,1,0.5899280668309838,51
5321,2,13604,13604,0,0,0,0,1.0,1,1.0,1,1.0,1,0.588378389148823,52
5322,1,13605,13605,0,0,0,0,1.0,1,1.0,1,1.0,1,0.5838195662222566,53
5323,5,13610,13610,0,0,0,0,1.0,1,1.0,1,1.0,1,0.6046504528277341,53
5324,1,13611,13611,0,0,0,0,1.0,1,1.0,1,1.0,1,0.6049075384604836,55
5325,1,13612,13612,0,0,0,0,1.0,1,1.0,1,1.0,1,0.6102646541677924,55
5326,3,13615,13615,0,0,0,0,1.0,1,1.0,1,1.0,1,0.5993355556831211,55
5327,3,13618,13618,0,0,0,0,1.0,1,1.0,1,1.0,1,0.5952847761269275,56
5328,2,13620,13620,0,0,0,0,1.0,1,1.0,1,1.0,1,0.5360435511872079,57
5329,0,13620,13620,0,0,0,0,1.0,1,1.0,1,1.0,1,0.5360435511872079,57
5330,3,13623,13623,0,0,0,0,1.0,1,1.0,1,1.0,1,0.5434408315212081,56
5331,1,13624,13624,0,0,0,0,1.0,1,1.0,1,1.0,1,0.5265851790579246,57
5332,1,13625,13625,0,0,0,0,1.0,1,1.0,1,1.0,1,0.5170127659739343,58
5333,1,13626,13626,0,0,0,0,1.0,1,1.0,1,1.0,1,0.5338567343448463,59
5334,2,13628,13628,0,0,0,0,1.0,1,1.0,1,1.0,1,0.5371768751848444,59
5335,2,13630,13630,0,0,0,0,1.0,1,1.0,1,1.0,1,0.5506732936980936,58
5336,2,13632,13632,0,0,0,0,1.0,1,1.0,1,1.0,1,0.5446298394509554,59
5337,3,13635,13635,0,0,0,0,1.0,1,1.0,1,1.0,1,0.5837786548268125,60
5338,2,13637,13637,0,0,0,0,1.0,1,1.0,1,1.0,1,0.5852712880641899,60
5339,3,13640,13640,0,0,0,0,1.0,1,1.0,1,1.0,1,0.5671132849821109,60
5340,5,13645,13645,0,0,0,0,1.0,1,1.0,1,1.0,1,0.5698231433759372,60
5341,5,13650,13650,0,0,0,0,1.0,1,1.0,1,1.0,1,0.5811904546686814,61
5342,2,13652,13652,0,0,0,0,1.0,1,1.0,1,1.0,1,0.5913243882503917,59
5343,2,13654,13654,0,0,0,0,1.0,1,1.0,1,1.0,1,0.60724599969902,58
5344,4,13658,13658,0,0,0,0,1.0,1,1.0,1,1.0,1,0.6134500995222101,58
5345,3,13661,13661,0,0,0,0,1.0,1,1.0,1,1.0,1,0.642626246422059,54
5346,2,13663,13663,0,0,0,0,1.0,1,1.0,1,1.0,1,0.6404291195794938,54
5347,3,13666,13666,0,0,0,0,1.0,1,1.0,1,1.0,1,0.6097397944325359,54
5348,2,13668,13668,0,0,0,0,1.0,1,1.0,1,1.0,1,0.5908982196758144,55
5349,2,13670,13670,0,0,0,0,1.0,1,1.0,1,1.0,1,0.6047386880815312,56
5350,0,13670,13670,0,0,0,0,1.0,1,1.0,1,1.0,1,0.6224397387100217,56
5351,2,13672,13672,0,0,0,0,1.0,1,1.0,1,1.0,1,0.5944074927006695,57
5352,2,13674,13674,0,0,0,0,1.0,1,1.0,1,1.0,1,0.6075109307805007,57
5353,1,13675,13675,0,0,0,0,1.0,1,1.0,1,1.0,1,0.5981686495383627,57
5354,2,13677,13677,0,0,0,0,1.0,1,1.0,1,1.0,1,0.6287769004658937,56
5355,4,13681,13681,0,0,0,0,1.0,1,1.0,1,1.0,1,0.6157136214950798,57
5356,1,13682,13682,0,0,0,0,1.0,1,1.0,1,1.0,1,0.6332449109359778,56
5357,1,13683,13683,0,0,0,0,1.0,1,1.0,1,1.0,1,0.6473813429978205,56
5358,3,13686,13686,0,0,0,0,1.0,1,1.0,1,1.0,1,0.6417427084924029,57
5359,1,13687,13687,0,0,0,0,1.0,1,1.0,1,1.0,1,0.635092344613281,57
5360,1,13688,13688,0,0,0,0,1.0,1,1.0,1,1.0,1,0.6436042990727491,55
5361,0,13688,13688,0,0,0,0,1.0,1,1.0,1,1.0,1,0.6477222764863898,56
5362,1,13689,13689,0,0,0,0,1.0,1,1.0,1,1.0,1,0.6327038201840804,57
5363,2,13691,13691,0,0,0,0,1.0,1,1.0,1,1.0,1,0.6269150818163017,57
5364,3,13694,13694,0,0,0,0,1.0,1,1.0,1,1.0,1,0.613332001789645,58
5365,1,13695,13695,0,0,0,0,1.0,1,1.0,1,1.0,1,0.6053173710306476,59
5366,5,13700,13700,0,0,0,0,1.0,1,1.0,1,1.0,1,0.6187649585899698,60
5367,6,13706,13706,0,0,0,0,1.0,1,1.0,1,1.0,1,0.5972170405574956,60
5368,6,13712,13712,0,0,0,0,1.0,1,1.0,1,1.0,1,0.6136666396003948,58
5369,6,13718,13718,0,0,0,0,1.0,1,1.0,1,1.0,1,0.60040166446283,58
5370,7,13725,13725,0,0,0,0,1.0,1,1.0,1,1.0,1,0.607584281030585,57
5371,2,13727,13727,0,0,0,0,1.0,1,1.0,1,1.0,1,0.6330284828084877,56
5372,5,13732,13732,0,0,0,0,1.0,1,1.0,1,1.0,1,0.6357544601904507,55
5373,5,13737,13737,0,0,0,0,1.0,1,1.0,1,1.0,1,0.6379937339156179,54
5374,5,13742,13742,0,0,0,0,1.0,1,1.0,1,1.0,1,0.6066474052076222,53
5375,6,13748,13748,0,0,0,0,1.0,1,1.0,1,1.0,1,0.6240017600795396,52
5376,3,13751,13751,0,0,0,0,1.0,1,1.0,1,1.0,1,0.5949285636949393,52
5377,5,13756,13756,0,0,0,0,1.0,1,1.0,1,1.0,1,0.5947644858956954,51
5378,3,13759,13759,0,0,0,0,1.0,1,1.0,1,1.0,1,0.5887854005350039,52
5379,2,13761,13761,0,0,0,0,1.0,1,1.0,1,1.0,1,0.586601301280617,50
5380,2,13763,13763,0,0,0,0,1.0,1,1.0,1,1.0,1,0.5995765594178442,51
5381,0,13763,13763,0,0,0,0,1.0,1,1.0,1,1.0,1,0.5792023092864695,50
5382,3,13766,13766,0,0,0,0,1.0,1,1.0,1,1.0,1,0.6140478460875213,48
5383,1,13767,13767,0,0,0,0,1.0,1,1.0,1,1.0,1,0.6015928464344771,48
5384,3,13770,13770,0,0,0,0,1.0,1,1.0,1,1.0,1,0.6152729304811181,48
5385,2,13772,13772,0,0,0,0,1.0,1,1.0,1,1.0,1,0.6087675191894932,47
5386,3,13775,13775,0,0,0,0,1.0,1,1.0,1,1.0,1,0.5819019048707452,48
5387,2,13777,13777,0,0,0,0,1.0,1,1.0,1,1.0,1,0.5679940694285279,48
5388,4,13781,13781,0,0,0,0,1.0,1,1.0,1,1.0,1,0.5428543295046924,48
5389,1,13782,13782,0,0,0,0,1.0,1,1.0,1,1.0,1,0.5425015928375446,50
5390,6,13788,13788,0,0,0,0,1.0,1,1.0,1,1.0,1,0.5089415804871555,52
5391,4,13792,13792,0,0,0,0,1.0,1,1.0,1,1.0,1,0.49500948856466603,52
5392,3,13795,13795,0,0,0,0,1.0,1,1.0,1,1.0,1,0.4915069667308323,51
5393,4,13799,13799,0,0,0,0,1.0,1,1.0,1,1.0,1,0.5069959197420107,50
5394,6,13805,13805,0,0,0,0,1.0,1,1.0,1,1.0,1,0.5277070152965154,50
5395,5,13810,13810,0,0,0,0,1.0,1,1.0,1,1.0,1,0.5830315247468817,49
5396,6,13816,13816,0,0,0,0,1.0,1,1.0,1,1.0,1,0.567332046188546,48
5397,6,13822,13822,0,0,0,0,1.0,1,1.0,1,1.0,1,0.5799474086721107,48
5398,2,13824,13824,0,0,0,0,1.0,1,1.0,1,1.0,1,0.6160845084183,46
5399,6,13830,13830,0,0,0,0,1.0,1,1.0,1,1.0,1,0.590045807062683,46
5400,3,13833,13833,0,0,0,0,1.0,1,1.0,1,1.0,1,0.5724812671908946,48
5401,2,13835,13835,0,0,0,0,1.0,1,1.0,1,1.0,1,0.5523718230235486,49
5402,0,13835,13835,0,0,0,0,1.0,1,1.0,1,1.0,1,0.0,0
