,SuccessfulHandoverCount,TotalSuccessfulHandoverCount,TotalSuccessfulHandoverCountRange,TotalSuccessfulHandoverCountLoadBalancing,TotalSuccessfulHandoverCountOverload,FailedHandoverCount,TotalFailedHandoverCount,AvgQoS,MinQoS,AvgQoS_LoadBased,MinQoS_LoadBased,AvgQoS_RangeBased,MinQoS_RangeBased,GiniLoad,VehicleCount
0,0,0,0,0,0,0,0,1.0,1,1.0,1,1.0,1,0.0,0
1,12,12,0,12,0,0,0,1.0,1,1.0,1,1.0,1,0.1671661592158646,26
2,13,25,0,25,0,0,0,1.0,1,1.0,1,1.0,1,0.10004035169416303,27
3,8,33,0,33,0,0,0,1.0,1,1.0,1,1.0,1,0.1512627947031473,28
4,11,44,0,44,0,0,0,1.0,1,1.0,1,1.0,1,0.09196232473349847,29
5,6,50,0,50,0,0,0,1.0,1,1.0,1,1.0,1,0.08976364464059733,29
6,8,58,0,58,0,0,0,1.0,1,1.0,1,1.0,1,0.12274968438468314,32
7,6,64,0,64,0,0,0,1.0,1,1.0,1,1.0,1,0.11953143808208459,33
8,11,75,0,75,0,0,0,1.0,1,1.0,1,1.0,1,0.10698566060958929,35
9,10,85,0,85,0,0,0,1.0,1,1.0,1,1.0,1,0.14010845173512843,35
10,4,89,0,89,0,0,0,1.0,1,1.0,1,1.0,1,0.13233634204381844,35
11,5,94,0,94,0,0,0,1.0,1,1.0,1,1.0,1,0.11954258074276168,35
12,7,101,0,101,0,0,0,1.0,1,1.0,1,1.0,1,0.11332528056463567,34
13,10,111,0,111,0,0,0,1.0,1,1.0,1,1.0,1,0.1391618070651072,32
14,4,115,0,115,0,0,0,1.0,1,1.0,1,1.0,1,0.13523105059182589,31
15,4,119,0,119,0,0,0,1.0,1,1.0,1,1.0,1,0.0994916219042507,30
16,7,126,0,126,0,0,0,1.0,1,1.0,1,1.0,1,0.1551403582525191,30
17,7,133,0,133,0,0,0,1.0,1,1.0,1,1.0,1,0.11040041239043628,29
18,3,136,0,136,0,0,0,1.0,1,1.0,1,1.0,1,0.1329773536301689,29
19,7,143,0,143,0,0,0,1.0,1,1.0,1,1.0,1,0.1327322246339555,28
20,3,146,0,146,0,0,0,1.0,1,1.0,1,1.0,1,0.14060911407383417,28
21,6,152,0,152,0,0,0,1.0,1,1.0,1,1.0,1,0.11084991817892118,28
22,2,154,0,154,0,0,0,1.0,1,1.0,1,1.0,1,0.11335941324247345,28
23,3,157,1,156,0,0,0,1.0,1,1.0,1,1.0,1,0.19098732014204522,27
24,3,160,1,159,0,0,0,1.0,1,1.0,1,1.0,1,0.11578038787661732,28
25,2,162,2,160,0,0,0,1.0,1,1.0,1,1.0,1,0.09330294266505185,28
26,3,165,3,162,0,0,0,1.0,1,1.0,1,1.0,1,0.07249473976633697,30
27,0,165,3,162,0,0,0,1.0,1,1.0,1,1.0,1,0.06184080637012418,30
28,0,165,3,162,0,0,0,1.0,1,1.0,1,1.0,1,0.07816238311513313,31
29,0,165,3,162,0,0,0,1.0,1,1.0,1,1.0,1,0.09737935574665725,30
30,0,165,3,162,0,0,0,1.0,1,1.0,1,1.0,1,0.09737935574665725,30
31,2,167,4,163,0,0,0,1.0,1,1.0,1,1.0,1,0.07684206168963158,31
32,0,167,4,163,0,0,0,1.0,1,1.0,1,1.0,1,0.09383239772506623,31
33,0,167,4,163,0,0,0,1.0,1,1.0,1,1.0,1,0.08900424649689802,31
34,1,168,5,163,0,0,0,1.0,1,1.0,1,1.0,1,0.16554448402532101,29
35,0,168,5,163,0,0,0,1.0,1,1.0,1,1.0,1,0.13098939429974152,30
36,0,168,5,163,0,0,0,1.0,1,1.0,1,1.0,1,0.16464244575419995,30
37,1,169,6,163,0,0,0,1.0,1,1.0,1,1.0,1,0.18991770518548862,31
38,4,173,8,165,0,0,0,1.0,1,1.0,1,1.0,1,0.17198354034546298,32
39,1,174,8,166,0,0,0,1.0,1,1.0,1,1.0,1,0.10755747908304822,36
40,0,174,8,166,0,0,0,1.0,1,1.0,1,1.0,1,0.11137252075776259,37
41,1,175,9,166,0,0,0,1.0,1,1.0,1,1.0,1,0.12941122070916156,37
42,0,175,9,166,0,0,0,1.0,1,1.0,1,1.0,1,0.11885390039505161,38
43,5,180,10,170,0,0,0,1.0,1,1.0,1,1.0,1,0.13195592616972623,40
44,1,181,10,171,0,0,0,1.0,1,1.0,1,1.0,1,0.1587171456074375,39
45,2,183,10,173,0,0,0,1.0,1,1.0,1,1.0,1,0.13503139781490628,40
46,1,184,10,174,0,0,0,1.0,1,1.0,1,1.0,1,0.1318186145363406,39
47,1,185,10,175,0,0,0,1.0,1,1.0,1,1.0,1,0.1478228231349856,39
48,1,186,10,176,0,0,0,1.0,1,1.0,1,1.0,1,0.1318186145363406,39
49,1,187,10,177,0,0,0,1.0,1,1.0,1,1.0,1,0.1153282847264499,37
50,0,187,10,177,0,0,0,1.0,1,1.0,1,1.0,1,0.10522902184399459,35
51,1,188,10,178,0,0,0,1.0,1,1.0,1,1.0,1,0.06968956557596545,34
52,0,188,10,178,0,0,0,1.0,1,1.0,1,1.0,1,0.04691698589526336,34
53,0,188,10,178,0,0,0,1.0,1,1.0,1,1.0,1,0.057701566029727605,35
54,1,189,10,179,0,0,0,1.0,1,1.0,1,1.0,1,0.040581987924067836,36
55,1,190,11,179,0,0,0,1.0,1,1.0,1,1.0,1,0.048541802735436075,36
56,7,197,15,182,0,0,0,1.0,1,1.0,1,1.0,1,0.08959959014909133,36
57,1,198,15,183,0,0,0,1.0,1,1.0,1,1.0,1,0.08223732913774938,37
58,2,200,17,183,0,0,0,1.0,1,1.0,1,1.0,1,0.11301174005816572,38
59,2,202,18,184,0,0,0,1.0,1,1.0,1,1.0,1,0.15844982197746296,37
60,0,202,18,184,0,0,0,1.0,1,1.0,1,1.0,1,0.14196413634758095,38
61,4,206,21,185,0,0,0,1.0,1,1.0,1,1.0,1,0.16094832716591542,37
62,3,209,23,186,0,0,0,1.0,1,1.0,1,1.0,1,0.11982505964244111,39
63,0,209,23,186,0,0,0,1.0,1,1.0,1,1.0,1,0.11982505964244111,39
64,2,211,25,186,0,0,0,1.0,1,1.0,1,1.0,1,0.18783424021195946,38
65,1,212,25,187,0,0,0,1.0,1,1.0,1,1.0,1,0.1452511797550306,39
66,1,213,25,188,0,0,0,1.0,1,1.0,1,1.0,1,0.11732311124164463,39
67,2,215,27,188,0,0,0,1.0,1,1.0,1,1.0,1,0.12254629214336953,36
68,1,216,28,188,0,0,0,1.0,1,1.0,1,1.0,1,0.12029225145052226,36
69,1,217,29,188,0,0,0,1.0,1,1.0,1,1.0,1,0.1576526700673685,37
70,1,218,29,189,0,0,0,1.0,1,1.0,1,1.0,1,0.12788656910332116,36
71,0,218,29,189,0,0,0,1.0,1,1.0,1,1.0,1,0.09938371009574651,38
72,0,218,29,189,0,0,0,1.0,1,1.0,1,1.0,1,0.09938371009574651,38
73,1,219,30,189,0,0,0,1.0,1,1.0,1,1.0,1,0.05477632706221281,37
74,0,219,30,189,0,0,0,1.0,1,1.0,1,1.0,1,0.06683493620432239,38
75,0,219,30,189,0,0,0,1.0,1,1.0,1,1.0,1,0.06683493620432239,38
76,1,220,31,189,0,0,0,1.0,1,1.0,1,1.0,1,0.08755803472879332,39
77,0,220,31,189,0,0,0,1.0,1,1.0,1,1.0,1,0.09072520441707402,40
78,0,220,31,189,0,0,0,1.0,1,1.0,1,1.0,1,0.06686663733947425,41
79,1,221,32,189,0,0,0,1.0,1,1.0,1,1.0,1,0.08097892813222493,41
80,0,221,32,189,0,0,0,1.0,1,1.0,1,1.0,1,0.08097892813222493,41
81,2,223,33,190,0,0,0,1.0,1,1.0,1,1.0,1,0.08088847837251724,41
82,1,224,33,191,0,0,0,1.0,1,1.0,1,1.0,1,0.09466259495667285,44
83,0,224,33,191,0,0,0,1.0,1,1.0,1,1.0,1,0.09466259495667285,44
84,0,224,33,191,0,0,0,1.0,1,1.0,1,1.0,1,0.09200367532490249,45
85,1,225,34,191,0,0,0,1.0,1,1.0,1,1.0,1,0.12152434299244741,45
86,2,227,34,193,0,0,0,1.0,1,1.0,1,1.0,1,0.10065500299302417,45
87,2,229,35,194,0,0,0,1.0,1,1.0,1,1.0,1,0.10954632134466834,44
88,0,229,35,194,0,0,0,1.0,1,1.0,1,1.0,1,0.10954632134466834,44
89,1,230,36,194,0,0,0,1.0,1,1.0,1,1.0,1,0.09042199469628465,43
90,1,231,36,195,0,0,0,1.0,1,1.0,1,1.0,1,0.09936336336067476,44
91,1,232,37,195,0,0,0,1.0,1,1.0,1,1.0,1,0.11072227935191122,44
92,0,232,37,195,0,0,0,1.0,1,1.0,1,1.0,1,0.12048797849546224,43
93,0,232,37,195,0,0,0,1.0,1,1.0,1,1.0,1,0.1374719411610967,44
94,0,232,37,195,0,0,0,1.0,1,1.0,1,1.0,1,0.1374719411610967,44
95,0,232,37,195,0,0,0,1.0,1,1.0,1,1.0,1,0.1464732123589836,43
96,1,233,38,195,0,0,0,1.0,1,1.0,1,1.0,1,0.1186684951682953,44
97,1,234,39,195,0,0,0,1.0,1,1.0,1,1.0,1,0.1265417034093806,44
98,2,236,41,195,0,0,0,1.0,1,1.0,1,1.0,1,0.19501106642962393,43
99,0,236,41,195,0,0,0,1.0,1,1.0,1,1.0,1,0.19501106642962393,43
100,2,238,43,195,0,0,0,1.0,1,1.0,1,1.0,1,0.2239520046749789,47
101,2,240,43,197,0,0,0,1.0,1,1.0,1,1.0,1,0.20668571447063985,47
102,1,241,44,197,0,0,0,1.0,1,1.0,1,1.0,1,0.2293828182767383,47
103,4,245,45,200,0,0,0,1.0,1,1.0,1,1.0,1,0.13853919150000998,46
104,3,248,47,201,0,0,0,1.0,1,1.0,1,1.0,1,0.10113493275421481,45
105,2,250,48,202,0,0,0,1.0,1,1.0,1,1.0,1,0.07649939531425985,44
106,6,256,50,206,0,0,0,1.0,1,1.0,1,1.0,1,0.07094675398043075,45
107,3,259,51,208,0,0,0,1.0,1,1.0,1,1.0,1,0.10128662061453104,44
108,4,263,52,211,0,0,0,1.0,1,1.0,1,1.0,1,0.0436546638851041,46
109,5,268,55,213,0,0,0,1.0,1,1.0,1,1.0,1,0.04939906254159325,46
110,1,269,56,213,0,0,0,1.0,1,1.0,1,1.0,1,0.04472364729262999,46
111,2,271,58,213,0,0,0,1.0,1,1.0,1,1.0,1,0.042590089986385395,46
112,4,275,61,214,0,0,0,1.0,1,1.0,1,1.0,1,0.08132625249366914,46
113,1,276,62,214,0,0,0,1.0,1,1.0,1,1.0,1,0.08058211446242278,46
114,1,277,62,215,0,0,0,1.0,1,1.0,1,1.0,1,0.06318283944568605,46
115,1,278,62,216,0,0,0,1.0,1,1.0,1,1.0,1,0.07783159158702772,47
116,0,278,62,216,0,0,0,1.0,1,1.0,1,1.0,1,0.07783159158702772,47
117,0,278,62,216,0,0,0,1.0,1,1.0,1,1.0,1,0.08707605608833449,45
118,2,280,63,217,0,0,0,1.0,1,1.0,1,1.0,1,0.10690020066778605,46
119,1,281,64,217,0,0,0,1.0,1,1.0,1,1.0,1,0.11626391900352105,46
120,2,283,65,218,0,0,0,1.0,1,1.0,1,1.0,1,0.15415950646196713,47
121,2,285,65,220,0,0,0,1.0,1,1.0,1,1.0,1,0.15361802283139128,46
122,1,286,65,221,0,0,0,1.0,1,1.0,1,1.0,1,0.14128387552825197,46
123,1,287,65,222,0,0,0,1.0,1,1.0,1,1.0,1,0.16262977457195102,45
124,3,290,66,224,0,0,0,1.0,1,1.0,1,1.0,1,0.17648315921495775,46
125,1,291,66,225,0,0,0,1.0,1,1.0,1,1.0,1,0.16071217492421108,44
126,2,293,66,227,0,0,0,1.0,1,1.0,1,1.0,1,0.1414169525311009,45
127,1,294,66,228,0,0,0,1.0,1,1.0,1,1.0,1,0.13343283253856306,45
128,2,296,67,229,0,0,0,1.0,1,1.0,1,1.0,1,0.09857409137543507,46
129,1,297,68,229,0,0,0,1.0,1,1.0,1,1.0,1,0.10241237466674237,48
130,0,297,68,229,0,0,0,1.0,1,1.0,1,1.0,1,0.10241237466674237,48
131,2,299,69,230,0,0,0,1.0,1,1.0,1,1.0,1,0.08222406257350723,49
132,3,302,71,231,0,0,0,1.0,1,1.0,1,1.0,1,0.08452860092461453,51
133,3,305,73,232,0,0,0,1.0,1,1.0,1,1.0,1,0.08756737955017548,49
134,5,310,77,233,0,0,0,1.0,1,1.0,1,1.0,1,0.1144731109587352,49
135,2,312,77,235,0,0,0,1.0,1,1.0,1,1.0,1,0.09892944396802902,49
136,3,315,80,235,0,0,0,1.0,1,1.0,1,1.0,1,0.10145662840636625,48
137,2,317,80,237,0,0,0,1.0,1,1.0,1,1.0,1,0.10067846649347655,47
138,4,321,84,237,0,0,0,1.0,1,1.0,1,1.0,1,0.1278498409232623,48
139,4,325,87,238,0,0,0,1.0,1,1.0,1,1.0,1,0.15147042540066952,48
140,2,327,88,239,0,0,0,1.0,1,1.0,1,1.0,1,0.17214329749714494,49
141,2,329,88,241,0,0,0,1.0,1,1.0,1,1.0,1,0.12004890989097525,49
142,2,331,90,241,0,0,0,1.0,1,1.0,1,1.0,1,0.08008311265417044,49
143,1,332,91,241,0,0,0,1.0,1,1.0,1,1.0,1,0.06783096661594008,47
144,2,334,93,241,0,0,0,1.0,1,1.0,1,1.0,1,0.049761447621872006,46
145,2,336,94,242,0,0,0,1.0,1,1.0,1,1.0,1,0.08675233829729355,44
146,2,338,95,243,0,0,0,1.0,1,1.0,1,1.0,1,0.11671828639404662,44
147,2,340,95,245,0,0,0,1.0,1,1.0,1,1.0,1,0.14532627402700934,43
148,0,340,95,245,0,0,0,1.0,1,1.0,1,1.0,1,0.18301010925205172,43
149,1,341,96,245,0,0,0,1.0,1,1.0,1,1.0,1,0.18995762877807687,43
150,1,342,97,245,0,0,0,1.0,1,1.0,1,1.0,1,0.20379575264586797,42
151,3,345,98,247,0,0,0,1.0,1,1.0,1,1.0,1,0.17291291991046417,42
152,2,347,99,248,0,0,0,1.0,1,1.0,1,1.0,1,0.15147875269789296,42
153,0,347,99,248,0,0,0,1.0,1,1.0,1,1.0,1,0.12086248446362638,42
154,1,348,99,249,0,0,0,1.0,1,1.0,1,1.0,1,0.1171459124009493,43
155,0,348,99,249,0,0,0,1.0,1,1.0,1,1.0,1,0.09700158372514195,43
156,0,348,99,249,0,0,0,1.0,1,1.0,1,1.0,1,0.11546697054989406,42
157,3,351,99,252,0,0,0,1.0,1,1.0,1,1.0,1,0.11024988538433182,41
158,1,352,99,253,0,0,0,1.0,1,1.0,1,1.0,1,0.08840648733936878,42
159,2,354,100,254,0,0,0,1.0,1,1.0,1,1.0,1,0.09228574060123965,43
160,3,357,103,254,0,0,0,1.0,1,1.0,1,1.0,1,0.14577870109315985,44
161,3,360,105,255,0,0,0,1.0,1,1.0,1,1.0,1,0.16897614690323567,44
162,1,361,106,255,0,0,0,1.0,1,1.0,1,1.0,1,0.18228816843847032,45
163,3,364,108,256,0,0,0,1.0,1,1.0,1,1.0,1,0.20168754521382407,43
164,1,365,108,257,0,0,0,1.0,1,1.0,1,1.0,1,0.20779829941371603,42
165,4,369,112,257,0,0,0,1.0,1,1.0,1,1.0,1,0.2006012008690371,42
166,2,371,113,258,0,0,0,1.0,1,1.0,1,1.0,1,0.20525235015958285,42
167,2,373,114,259,0,0,0,1.0,1,1.0,1,1.0,1,0.22777458630011346,41
168,3,376,115,261,0,0,0,1.0,1,1.0,1,1.0,1,0.18711560553559767,40
169,0,376,115,261,0,0,0,1.0,1,1.0,1,1.0,1,0.152056063558799,40
170,1,377,116,261,0,0,0,1.0,1,1.0,1,1.0,1,0.1312719338066395,38
171,3,380,119,261,0,0,0,1.0,1,1.0,1,1.0,1,0.1261799848948149,37
172,4,384,123,261,0,0,0,1.0,1,1.0,1,1.0,1,0.13018312144504998,35
173,0,384,123,261,0,0,0,1.0,1,1.0,1,1.0,1,0.15011039916232533,36
174,2,386,125,261,0,0,0,1.0,1,1.0,1,1.0,1,0.16614842504023503,34
175,0,386,125,261,0,0,0,1.0,1,1.0,1,1.0,1,0.13375261296542404,33
176,2,388,127,261,0,0,0,1.0,1,1.0,1,1.0,1,0.15119319959130414,34
177,1,389,127,262,0,0,0,1.0,1,1.0,1,1.0,1,0.13248762209093506,36
178,2,391,129,262,0,0,0,1.0,1,1.0,1,1.0,1,0.12125626270453016,37
179,3,394,130,264,0,0,0,1.0,1,1.0,1,1.0,1,0.06467397057885481,37
180,1,395,131,264,0,0,0,1.0,1,1.0,1,1.0,1,0.06679168513717829,36
181,0,395,131,264,0,0,0,1.0,1,1.0,1,1.0,1,0.06679168513717829,36
182,0,395,131,264,0,0,0,1.0,1,1.0,1,1.0,1,0.06691822791146497,38
183,1,396,132,264,0,0,0,1.0,1,1.0,1,1.0,1,0.07161082189537744,37
184,0,396,132,264,0,0,0,1.0,1,1.0,1,1.0,1,0.08449420544951423,36
185,1,397,133,264,0,0,0,1.0,1,1.0,1,1.0,1,0.11419462569441904,35
186,0,397,133,264,0,0,0,1.0,1,1.0,1,1.0,1,0.12987748774939864,34
187,2,399,135,264,0,0,0,1.0,1,1.0,1,1.0,1,0.1661401977185681,33
188,1,400,136,264,0,0,0,1.0,1,1.0,1,1.0,1,0.19104431854859244,33
189,2,402,138,264,0,0,0,1.0,1,1.0,1,1.0,1,0.16691228257313453,33
190,0,402,138,264,0,0,0,1.0,1,1.0,1,1.0,1,0.19423964913345557,32
191,2,404,140,264,0,0,0,1.0,1,1.0,1,1.0,1,0.2198454429468724,34
192,0,404,140,264,0,0,0,1.0,1,1.0,1,1.0,1,0.2198454429468724,34
193,0,404,140,264,0,0,0,1.0,1,1.0,1,1.0,1,0.208415971513482,35
194,1,405,140,265,0,0,0,1.0,1,1.0,1,1.0,1,0.1978680564113038,37
195,0,405,140,265,0,0,0,1.0,1,1.0,1,1.0,1,0.22010709379604182,36
196,0,405,140,265,0,0,0,1.0,1,1.0,1,1.0,1,0.22010709379604182,36
197,0,405,140,265,0,0,0,1.0,1,1.0,1,1.0,1,0.20888069728359096,37
198,3,408,143,265,0,0,0,1.0,1,1.0,1,1.0,1,0.24621700775922806,37
199,0,408,143,265,0,0,0,1.0,1,1.0,1,1.0,1,0.24621700775922806,37
200,3,411,145,266,0,0,0,1.0,1,1.0,1,1.0,1,0.23898816930947167,37
201,5,416,146,270,0,0,0,1.0,1,1.0,1,1.0,1,0.16223088741417982,36
202,1,417,147,270,0,0,0,1.0,1,1.0,1,1.0,1,0.15218853756767636,36
203,3,420,149,271,0,0,0,1.0,1,1.0,1,1.0,1,0.12737857614855597,35
204,0,420,149,271,0,0,0,1.0,1,1.0,1,1.0,1,0.12666745940666446,35
205,4,424,153,271,0,0,0,1.0,1,1.0,1,1.0,1,0.07920937380773577,35
206,2,426,154,272,0,0,0,1.0,1,1.0,1,1.0,1,0.04275648399068238,34
207,0,426,154,272,0,0,0,1.0,1,1.0,1,1.0,1,0.06874425748046056,34
208,2,428,155,273,0,0,0,1.0,1,1.0,1,1.0,1,0.10848163241247795,33
209,0,428,155,273,0,0,0,1.0,1,1.0,1,1.0,1,0.13173935013355204,33
210,1,429,156,273,0,0,0,1.0,1,1.0,1,1.0,1,0.14694409318636317,34
211,1,430,157,273,0,0,0,1.0,1,1.0,1,1.0,1,0.20055714289059873,33
212,0,430,157,273,0,0,0,1.0,1,1.0,1,1.0,1,0.20055714289059873,33
213,2,432,158,274,0,0,0,1.0,1,1.0,1,1.0,1,0.14390349590702717,35
214,3,435,161,274,0,0,0,1.0,1,1.0,1,1.0,1,0.09927684076500672,34
215,1,436,162,274,0,0,0,1.0,1,1.0,1,1.0,1,0.07142401055673084,35
216,1,437,163,274,0,0,0,1.0,1,1.0,1,1.0,1,0.08302475969615311,36
217,1,438,164,274,0,0,0,1.0,1,1.0,1,1.0,1,0.10303569552143561,36
218,1,439,165,274,0,0,0,1.0,1,1.0,1,1.0,1,0.1399035873406874,36
219,4,443,165,278,0,0,0,1.0,1,1.0,1,1.0,1,0.117428665089027,37
220,1,444,166,278,0,0,0,1.0,1,1.0,1,1.0,1,0.11269044738415293,38
221,1,445,166,279,0,0,0,1.0,1,1.0,1,1.0,1,0.13934632890840198,37
222,1,446,167,279,0,0,0,1.0,1,1.0,1,1.0,1,0.0949673169788045,38
223,1,447,168,279,0,0,0,1.0,1,1.0,1,1.0,1,0.09185937444723019,38
224,2,449,170,279,0,0,0,1.0,1,1.0,1,1.0,1,0.1503888756217637,38
225,2,451,172,279,0,0,0,1.0,1,1.0,1,1.0,1,0.18372058127519414,36
226,4,455,173,282,0,0,0,1.0,1,1.0,1,1.0,1,0.10323475379374598,37
227,4,459,177,282,0,0,0,1.0,1,1.0,1,1.0,1,0.13794764740861667,35
228,3,462,178,284,0,0,0,1.0,1,1.0,1,1.0,1,0.10667168463361985,35
229,2,464,180,284,0,0,0,1.0,1,1.0,1,1.0,1,0.11652339002137882,35
230,0,464,180,284,0,0,0,1.0,1,1.0,1,1.0,1,0.11652339002137882,35
231,4,468,183,285,0,0,0,1.0,1,1.0,1,1.0,1,0.14098578834515124,35
232,3,471,185,286,0,0,0,1.0,1,1.0,1,1.0,1,0.0948802628734633,36
233,1,472,186,286,0,0,0,1.0,1,1.0,1,1.0,1,0.06324619181547193,36
234,0,472,186,286,0,0,0,1.0,1,1.0,1,1.0,1,0.08526367587555334,34
235,2,474,188,286,0,0,0,1.0,1,1.0,1,1.0,1,0.062240140501133814,33
236,1,475,189,286,0,0,0,1.0,1,1.0,1,1.0,1,0.12220246155164277,31
237,1,476,189,287,0,0,0,1.0,1,1.0,1,1.0,1,0.08255746709331063,32
238,1,477,190,287,0,0,0,1.0,1,1.0,1,1.0,1,0.11571108543934551,31
239,1,478,191,287,0,0,0,1.0,1,1.0,1,1.0,1,0.1592884892402653,30
240,1,479,192,287,0,0,0,1.0,1,1.0,1,1.0,1,0.2202027851668514,27
241,4,483,196,287,0,0,0,1.0,1,1.0,1,1.0,1,0.2791787291850616,27
242,0,483,196,287,0,0,0,1.0,1,1.0,1,1.0,1,0.261463549699809,28
243,1,484,197,287,0,0,0,1.0,1,1.0,1,1.0,1,0.2755952690634918,28
244,1,485,198,287,0,0,0,1.0,1,1.0,1,1.0,1,0.25013228163972984,27
245,0,485,198,287,0,0,0,1.0,1,1.0,1,1.0,1,0.25013228163972984,27
246,1,486,199,287,0,0,0,1.0,1,1.0,1,1.0,1,0.2976717580788906,25
247,0,486,199,287,0,0,0,1.0,1,1.0,1,1.0,1,0.27428011876645403,24
248,0,486,199,287,0,0,0,1.0,1,1.0,1,1.0,1,0.27728892908468816,24
249,0,486,199,287,0,0,0,1.0,1,1.0,1,1.0,1,0.296698450977446,25
250,0,486,199,287,0,0,0,1.0,1,1.0,1,1.0,1,0.2711605212626938,27
251,4,490,199,291,0,0,0,1.0,1,1.0,1,1.0,1,0.040471282579464925,27
252,2,492,201,291,0,0,0,1.0,1,1.0,1,1.0,1,0.05860176479524681,27
253,1,493,202,291,0,0,0,1.0,1,1.0,1,1.0,1,0.1239995563586989,29
254,3,496,205,291,0,0,0,1.0,1,1.0,1,1.0,1,0.20292785575112576,30
255,1,497,206,291,0,0,0,1.0,1,1.0,1,1.0,1,0.19322703664679974,31
256,2,499,208,291,0,0,0,1.0,1,1.0,1,1.0,1,0.2323754890563173,31
257,1,500,209,291,0,0,0,1.0,1,1.0,1,1.0,1,0.26159248235477733,33
258,1,501,209,292,0,0,0,1.0,1,1.0,1,1.0,1,0.22682226947599438,33
259,1,502,210,292,0,0,0,1.0,1,1.0,1,1.0,1,0.1773257963726643,33
260,3,505,212,293,0,0,0,1.0,1,1.0,1,1.0,1,0.14590450517232884,35
261,0,505,212,293,0,0,0,1.0,1,1.0,1,1.0,1,0.17179871884556044,35
262,0,505,212,293,0,0,0,1.0,1,1.0,1,1.0,1,0.17179871884556044,35
263,0,505,212,293,0,0,0,1.0,1,1.0,1,1.0,1,0.1874346369956215,34
264,0,505,212,293,0,0,0,1.0,1,1.0,1,1.0,1,0.20293019480154917,32
265,3,508,214,294,0,0,0,1.0,1,1.0,1,1.0,1,0.22582074565839422,30
266,1,509,215,294,0,0,0,1.0,1,1.0,1,1.0,1,0.22281652607118485,31
267,1,510,216,294,0,0,0,1.0,1,1.0,1,1.0,1,0.20946494209364308,30
268,2,512,217,295,0,0,0,1.0,1,1.0,1,1.0,1,0.23202103180603095,31
269,1,513,218,295,0,0,0,1.0,1,1.0,1,1.0,1,0.24904598117936427,31
270,1,514,219,295,0,0,0,1.0,1,1.0,1,1.0,1,0.269161880283458,32
271,0,514,219,295,0,0,0,1.0,1,1.0,1,1.0,1,0.29425064254104455,31
272,1,515,220,295,0,0,0,1.0,1,1.0,1,1.0,1,0.3736177683625762,32
273,1,516,220,296,0,0,0,1.0,1,1.0,1,1.0,1,0.3587937555798399,32
274,0,516,220,296,0,0,0,1.0,1,1.0,1,1.0,1,0.3587937555798399,32
275,1,517,221,296,0,0,0,1.0,1,1.0,1,1.0,1,0.3327692181541493,33
276,9,526,222,304,0,0,0,1.0,1,1.0,1,1.0,1,0.16185371056287615,34
277,3,529,223,306,0,0,0,1.0,1,1.0,1,1.0,1,0.10859956976530673,32
278,0,529,223,306,0,0,0,1.0,1,1.0,1,1.0,1,0.07924945852462269,31
279,0,529,223,306,0,0,0,1.0,1,1.0,1,1.0,1,0.06401383970052944,31
280,0,529,223,306,0,0,0,1.0,1,1.0,1,1.0,1,0.05969677052396756,30
281,0,529,223,306,0,0,0,1.0,1,1.0,1,1.0,1,0.04039301239615953,31
282,0,529,223,306,0,0,0,1.0,1,1.0,1,1.0,1,0.05338117103789748,30
283,2,531,224,307,0,0,0,1.0,1,1.0,1,1.0,1,0.09161243865430939,31
284,2,533,226,307,0,0,0,1.0,1,1.0,1,1.0,1,0.11510248532782973,31
285,2,535,228,307,0,0,0,1.0,1,1.0,1,1.0,1,0.17933750649022254,31
286,0,535,228,307,0,0,0,1.0,1,1.0,1,1.0,1,0.17933750649022254,31
287,2,537,229,308,0,0,0,1.0,1,1.0,1,1.0,1,0.24287984800704782,33
288,0,537,229,308,0,0,0,1.0,1,1.0,1,1.0,1,0.19333938943743761,32
289,0,537,229,308,0,0,0,1.0,1,1.0,1,1.0,1,0.18897068403002812,32
290,0,537,229,308,0,0,0,1.0,1,1.0,1,1.0,1,0.18758799666909573,31
291,1,538,230,308,0,0,0,1.0,1,1.0,1,1.0,1,0.22612857526850716,30
292,1,539,230,309,0,0,0,1.0,1,1.0,1,1.0,1,0.20286871125755274,32
293,0,539,230,309,0,0,0,1.0,1,1.0,1,1.0,1,0.20286871125755274,32
294,0,539,230,309,0,0,0,1.0,1,1.0,1,1.0,1,0.20286871125755274,32
295,1,540,231,309,0,0,0,1.0,1,1.0,1,1.0,1,0.17749136695376289,34
296,1,541,232,309,0,0,0,1.0,1,1.0,1,1.0,1,0.1292123161254233,34
297,0,541,232,309,0,0,0,1.0,1,1.0,1,1.0,1,0.1292123161254233,34
298,0,541,232,309,0,0,0,1.0,1,1.0,1,1.0,1,0.14822794535645312,35
299,0,541,232,309,0,0,0,1.0,1,1.0,1,1.0,1,0.1678863087906218,35
300,2,543,233,310,0,0,0,1.0,1,1.0,1,1.0,1,0.16657785199918643,35
301,5,548,234,314,0,0,0,1.0,1,1.0,1,1.0,1,0.07254034300279882,38
302,1,549,235,314,0,0,0,1.0,1,1.0,1,1.0,1,0.08470228140469745,38
303,1,550,236,314,0,0,0,1.0,1,1.0,1,1.0,1,0.10778485153381288,37
304,1,551,236,315,0,0,0,1.0,1,1.0,1,1.0,1,0.09630184791113569,37
305,1,552,237,315,0,0,0,1.0,1,1.0,1,1.0,1,0.15473126867393233,36
306,1,553,238,315,0,0,0,1.0,1,1.0,1,1.0,1,0.1688946757946821,36
307,0,553,238,315,0,0,0,1.0,1,1.0,1,1.0,1,0.1795911622384843,35
308,1,554,239,315,0,0,0,1.0,1,1.0,1,1.0,1,0.1558955033586497,37
309,0,554,239,315,0,0,0,1.0,1,1.0,1,1.0,1,0.1558955033586497,37
310,0,554,239,315,0,0,0,1.0,1,1.0,1,1.0,1,0.1558955033586497,37
311,1,555,240,315,0,0,0,1.0,1,1.0,1,1.0,1,0.12758105744560055,39
312,2,557,240,317,0,0,0,1.0,1,1.0,1,1.0,1,0.10635863015695346,40
313,0,557,240,317,0,0,0,1.0,1,1.0,1,1.0,1,0.12635305767870275,39
314,2,559,242,317,0,0,0,1.0,1,1.0,1,1.0,1,0.146573062316188,40
315,2,561,244,317,0,0,0,1.0,1,1.0,1,1.0,1,0.13526339594599032,39
316,0,561,244,317,0,0,0,1.0,1,1.0,1,1.0,1,0.13526339594599032,39
317,0,561,244,317,0,0,0,1.0,1,1.0,1,1.0,1,0.10860133366834422,40
318,1,562,244,318,0,0,0,1.0,1,1.0,1,1.0,1,0.08523390304154575,41
319,1,563,245,318,0,0,0,1.0,1,1.0,1,1.0,1,0.09611458431364525,41
320,2,565,246,319,0,0,0,1.0,1,1.0,1,1.0,1,0.11268218171326246,41
321,2,567,247,320,0,0,0,1.0,1,1.0,1,1.0,1,0.12080762917057943,41
322,2,569,249,320,0,0,0,1.0,1,1.0,1,1.0,1,0.15711645234829094,41
323,0,569,249,320,0,0,0,1.0,1,1.0,1,1.0,1,0.15711645234829094,41
324,4,573,251,322,0,0,0,1.0,1,1.0,1,1.0,1,0.18305125464774583,42
325,2,575,252,323,0,0,0,1.0,1,1.0,1,1.0,1,0.18134840987340956,42
326,5,580,253,327,0,0,0,1.0,1,1.0,1,1.0,1,0.10178032351373252,42
327,0,580,253,327,0,0,0,1.0,1,1.0,1,1.0,1,0.10178032351373252,42
328,0,580,253,327,0,0,0,1.0,1,1.0,1,1.0,1,0.10596904517771065,43
329,0,580,253,327,0,0,0,1.0,1,1.0,1,1.0,1,0.10596904517771065,43
330,0,580,253,327,0,0,0,1.0,1,1.0,1,1.0,1,0.10167817284471944,45
331,0,580,253,327,0,0,0,1.0,1,1.0,1,1.0,1,0.10167817284471944,45
332,1,581,254,327,0,0,0,1.0,1,1.0,1,1.0,1,0.11986369266600833,45
333,0,581,254,327,0,0,0,1.0,1,1.0,1,1.0,1,0.12183710001267627,46
334,1,582,255,327,0,0,0,1.0,1,1.0,1,1.0,1,0.10708340730567582,48
335,1,583,256,327,0,0,0,1.0,1,1.0,1,1.0,1,0.12870875439052687,48
336,1,584,257,327,0,0,0,1.0,1,1.0,1,1.0,1,0.15322396788341425,48
337,0,584,257,327,0,0,0,1.0,1,1.0,1,1.0,1,0.16660103941049859,49
338,1,585,257,328,0,0,0,1.0,1,1.0,1,1.0,1,0.14925074972033378,50
339,1,586,258,328,0,0,0,1.0,1,1.0,1,1.0,1,0.17219914766096775,50
340,0,586,258,328,0,0,0,1.0,1,1.0,1,1.0,1,0.17219914766096775,50
341,1,587,258,329,0,0,0,1.0,1,1.0,1,1.0,1,0.18450015394703484,51
342,0,587,258,329,0,0,0,1.0,1,1.0,1,1.0,1,0.18450015394703484,51
343,1,588,259,329,0,0,0,1.0,1,1.0,1,1.0,1,0.16757916714845472,51
344,1,589,259,330,0,0,0,1.0,1,1.0,1,1.0,1,0.15317718234959637,50
345,0,589,259,330,0,0,0,1.0,1,1.0,1,1.0,1,0.16532244227765203,51
346,1,590,260,330,0,0,0,1.0,1,1.0,1,1.0,1,0.14681937458711286,51
347,5,595,265,330,0,0,0,1.0,1,1.0,1,1.0,1,0.17955387429384942,51
348,2,597,267,330,0,0,0,1.0,1,1.0,1,1.0,1,0.14290139418620165,53
349,2,599,269,330,0,0,0,1.0,1,1.0,1,1.0,1,0.13642123275393786,55
350,0,599,269,330,0,0,0,1.0,1,1.0,1,1.0,1,0.15703159267551298,54
351,5,604,272,332,0,0,0,1.0,1,1.0,1,1.0,1,0.09982151118172446,54
352,2,606,273,333,0,0,0,1.0,1,1.0,1,1.0,1,0.11180648130380588,53
353,3,609,276,333,0,0,0,1.0,1,1.0,1,1.0,1,0.08545128324919062,53
354,1,610,277,333,0,0,0,1.0,1,1.0,1,1.0,1,0.10644732992414022,50
355,2,612,278,334,0,0,0,1.0,1,1.0,1,1.0,1,0.10383606207765524,51
356,1,613,279,334,0,0,0,1.0,1,1.0,1,1.0,1,0.10108259037744365,51
357,3,616,282,334,0,0,0,1.0,1,1.0,1,1.0,1,0.14081558784427936,50
358,4,620,285,335,0,0,0,1.0,1,1.0,1,1.0,1,0.11058024005512211,48
359,1,621,286,335,0,0,0,1.0,1,1.0,1,1.0,1,0.12583271787278005,47
360,1,622,287,335,0,0,0,1.0,1,1.0,1,1.0,1,0.0952135797503311,45
361,0,622,287,335,0,0,0,1.0,1,1.0,1,1.0,1,0.10091212299368095,44
362,0,622,287,335,0,0,0,1.0,1,1.0,1,1.0,1,0.13152948458252248,44
363,3,625,290,335,0,0,0,1.0,1,1.0,1,1.0,1,0.13483354311463347,44
364,0,625,290,335,0,0,0,1.0,1,1.0,1,1.0,1,0.15165561675982164,43
365,3,628,293,335,0,0,0,1.0,1,1.0,1,1.0,1,0.17954140481153655,43
366,2,630,294,336,0,0,0,1.0,1,1.0,1,1.0,1,0.10976545626731174,45
367,2,632,295,337,0,0,0,1.0,1,1.0,1,1.0,1,0.165142185281788,44
368,1,633,296,337,0,0,0,1.0,1,1.0,1,1.0,1,0.17475456129091,46
369,2,635,297,338,0,0,0,1.0,1,1.0,1,1.0,1,0.21734564942103124,45
370,0,635,297,338,0,0,0,1.0,1,1.0,1,1.0,1,0.2183394588275456,46
371,2,637,297,340,0,0,0,1.0,1,1.0,1,1.0,1,0.2102181631550362,47
372,0,637,297,340,0,0,0,1.0,1,1.0,1,1.0,1,0.21115891719527405,48
373,0,637,297,340,0,0,0,1.0,1,1.0,1,1.0,1,0.21115891719527405,48
374,3,640,300,340,0,0,0,1.0,1,1.0,1,1.0,1,0.1744387059023607,49
375,0,640,300,340,0,0,0,1.0,1,1.0,1,1.0,1,0.1744387059023607,49
376,6,646,304,342,0,0,0,1.0,1,1.0,1,1.0,1,0.1169242845425218,49
377,4,650,308,342,0,0,0,1.0,1,1.0,1,1.0,1,0.12902969136561313,49
378,2,652,309,343,0,0,0,1.0,1,1.0,1,1.0,1,0.10402713606927741,49
379,0,652,309,343,0,0,0,1.0,1,1.0,1,1.0,1,0.1138635299283233,50
380,1,653,310,343,0,0,0,1.0,1,1.0,1,1.0,1,0.13426588936081638,50
381,1,654,311,343,0,0,0,1.0,1,1.0,1,1.0,1,0.12737216140899602,51
382,1,655,312,343,0,0,0,1.0,1,1.0,1,1.0,1,0.12366420266875013,50
383,1,656,312,344,0,0,0,1.0,1,1.0,1,1.0,1,0.11573973659048238,51
384,1,657,313,344,0,0,0,1.0,1,1.0,1,1.0,1,0.16563009622905914,50
385,0,657,313,344,0,0,0,1.0,1,1.0,1,1.0,1,0.15592233642971925,50
386,1,658,313,345,0,0,0,1.0,1,1.0,1,1.0,1,0.16911058595609077,48
387,0,658,313,345,0,0,0,1.0,1,1.0,1,1.0,1,0.20208361730507915,47
388,1,659,313,346,0,0,0,1.0,1,1.0,1,1.0,1,0.20105830064111724,48
389,2,661,315,346,0,0,0,1.0,1,1.0,1,1.0,1,0.18811685277090798,47
390,3,664,317,347,0,0,0,1.0,1,1.0,1,1.0,1,0.1363800452872112,49
391,1,665,318,347,0,0,0,1.0,1,1.0,1,1.0,1,0.14930171669027834,46
392,1,666,319,347,0,0,0,1.0,1,1.0,1,1.0,1,0.16415428161277026,46
393,4,670,322,348,0,0,0,1.0,1,1.0,1,1.0,1,0.21821714479178606,44
394,0,670,322,348,0,0,0,1.0,1,1.0,1,1.0,1,0.22990913486310527,43
395,0,670,322,348,0,0,0,1.0,1,1.0,1,1.0,1,0.2505623743723021,42
396,1,671,323,348,0,0,0,1.0,1,1.0,1,1.0,1,0.2690342994540422,39
397,2,673,325,348,0,0,0,1.0,1,1.0,1,1.0,1,0.31021578135027356,39
398,0,673,325,348,0,0,0,1.0,1,1.0,1,1.0,1,0.3481579395253851,36
399,1,674,325,349,0,0,0,1.0,1,1.0,1,1.0,1,0.3143177049830509,36
400,2,676,327,349,0,0,0,1.0,1,1.0,1,1.0,1,0.34367581554179055,34
401,6,682,328,354,0,0,0,1.0,1,1.0,1,1.0,1,0.18586068014105162,33
402,0,682,328,354,0,0,0,1.0,1,1.0,1,1.0,1,0.16043450745523383,34
403,0,682,328,354,0,0,0,1.0,1,1.0,1,1.0,1,0.1658556547960794,36
404,0,682,328,354,0,0,0,1.0,1,1.0,1,1.0,1,0.1658556547960794,36
405,0,682,328,354,0,0,0,1.0,1,1.0,1,1.0,1,0.1507303985435119,37
406,0,682,328,354,0,0,0,1.0,1,1.0,1,1.0,1,0.1507303985435119,37
407,5,687,332,355,0,0,0,1.0,1,1.0,1,1.0,1,0.10821396541209964,39
408,5,692,335,357,0,0,0,1.0,1,1.0,1,1.0,1,0.1563773713130048,40
409,6,698,337,361,0,0,0,1.0,1,1.0,1,1.0,1,0.1857029696656849,41
410,12,710,339,371,0,0,0,1.0,1,1.0,1,1.0,1,0.1757039497634886,42
411,7,717,339,378,0,0,0,1.0,1,1.0,1,1.0,1,0.1900229171668525,43
412,6,723,340,383,0,0,0,1.0,1,1.0,1,1.0,1,0.20950854522616474,44
413,5,728,341,387,0,0,0,1.0,1,1.0,1,1.0,1,0.18181440380771147,44
414,6,734,341,393,0,0,0,1.0,1,1.0,1,1.0,1,0.21311770673005925,45
415,5,739,341,398,0,0,0,1.0,1,1.0,1,1.0,1,0.15484668123173534,45
416,9,748,341,407,0,0,0,1.0,1,1.0,1,1.0,1,0.1296820468740525,46
417,9,757,342,415,0,0,0,1.0,1,1.0,1,1.0,1,0.13844909973153266,46
418,8,765,342,423,0,0,0,1.0,1,1.0,1,1.0,1,0.13271012023185255,47
419,4,769,342,427,0,0,0,1.0,1,1.0,1,1.0,1,0.18701117161405367,47
420,4,773,342,431,0,0,0,1.0,1,1.0,1,1.0,1,0.1290091858785972,47
421,8,781,342,439,0,0,0,1.0,1,1.0,1,1.0,1,0.12897345472649002,47
422,9,790,342,448,0,0,0,1.0,1,1.0,1,1.0,1,0.1357660230155711,49
423,3,793,342,451,0,0,0,1.0,1,1.0,1,1.0,1,0.15577649945519723,47
424,3,796,342,454,0,0,0,1.0,1,1.0,1,1.0,1,0.12741964256078303,45
425,3,799,342,457,0,0,0,1.0,1,1.0,1,1.0,1,0.11852039569250342,46
426,2,801,343,458,0,0,0,1.0,1,1.0,1,1.0,1,0.11877781125962851,46
427,2,803,344,459,0,0,0,1.0,1,1.0,1,1.0,1,0.1324963169542008,45
428,0,803,344,459,0,0,0,1.0,1,1.0,1,1.0,1,0.15344594313099824,45
429,2,805,345,460,0,0,0,1.0,1,1.0,1,1.0,1,0.09736135393048685,42
430,0,805,345,460,0,0,0,1.0,1,1.0,1,1.0,1,0.12346686288328147,40
431,2,807,347,460,0,0,0,1.0,1,1.0,1,1.0,1,0.12190061117699125,39
432,0,807,347,460,0,0,0,1.0,1,1.0,1,1.0,1,0.14252997845102974,37
433,3,810,350,460,0,0,0,1.0,1,1.0,1,1.0,1,0.1829608237396499,35
434,1,811,351,460,0,0,0,1.0,1,1.0,1,1.0,1,0.24317783903876794,33
435,0,811,351,460,0,0,0,1.0,1,1.0,1,1.0,1,0.24317783903876794,33
436,0,811,351,460,0,0,0,1.0,1,1.0,1,1.0,1,0.24317783903876794,33
437,2,813,353,460,0,0,0,1.0,1,1.0,1,1.0,1,0.24656229684201159,33
438,0,813,353,460,0,0,0,1.0,1,1.0,1,1.0,1,0.2784613841814711,32
439,4,817,356,461,0,0,0,1.0,1,1.0,1,1.0,1,0.2591912998017298,34
440,2,819,358,461,0,0,0,1.0,1,1.0,1,1.0,1,0.28120057902768675,34
441,3,822,359,463,0,0,0,1.0,1,1.0,1,1.0,1,0.25529559479386493,35
442,2,824,361,463,0,0,0,1.0,1,1.0,1,1.0,1,0.278208495340318,37
443,5,829,364,465,0,0,0,1.0,1,1.0,1,1.0,1,0.2825713254028361,37
444,0,829,364,465,0,0,0,1.0,1,1.0,1,1.0,1,0.26067245104612463,38
445,0,829,364,465,0,0,0,1.0,1,1.0,1,1.0,1,0.24705362456443017,39
446,0,829,364,465,0,0,0,1.0,1,1.0,1,1.0,1,0.24705362456443017,39
447,0,829,364,465,0,0,0,1.0,1,1.0,1,1.0,1,0.22443540838747056,41
448,0,829,364,465,0,0,0,1.0,1,1.0,1,1.0,1,0.22443540838747056,41
449,0,829,364,465,0,0,0,1.0,1,1.0,1,1.0,1,0.23536945655030803,40
450,0,829,364,465,0,0,0,1.0,1,1.0,1,1.0,1,0.2128563459776908,40
451,5,834,364,470,0,0,0,1.0,1,1.0,1,1.0,1,0.08380370483059242,41
452,0,834,364,470,0,0,0,1.0,1,1.0,1,1.0,1,0.08380370483059242,41
453,2,836,366,470,0,0,0,1.0,1,1.0,1,1.0,1,0.11413290473471051,40
454,0,836,366,470,0,0,0,1.0,1,1.0,1,1.0,1,0.10530213977232787,41
455,3,839,369,470,0,0,0,1.0,1,1.0,1,1.0,1,0.09954478159343115,41
456,2,841,369,472,0,0,0,1.0,1,1.0,1,1.0,1,0.08276733211096238,43
457,1,842,370,472,0,0,0,1.0,1,1.0,1,1.0,1,0.1062543822273534,43
458,1,843,371,472,0,0,0,1.0,1,1.0,1,1.0,1,0.0928378282851725,43
459,0,843,371,472,0,0,0,1.0,1,1.0,1,1.0,1,0.07292774576094928,44
460,1,844,372,472,0,0,0,1.0,1,1.0,1,1.0,1,0.06964760883974262,47
461,1,845,373,472,0,0,0,1.0,1,1.0,1,1.0,1,0.06567285354354183,48
462,0,845,373,472,0,0,0,1.0,1,1.0,1,1.0,1,0.04749256472550739,49
463,0,845,373,472,0,0,0,1.0,1,1.0,1,1.0,1,0.08469543275723772,47
464,3,848,374,474,0,0,0,1.0,1,1.0,1,1.0,1,0.05999814836995128,48
465,4,852,378,474,0,0,0,1.0,1,1.0,1,1.0,1,0.05914841735123965,47
466,2,854,380,474,0,0,0,1.0,1,1.0,1,1.0,1,0.10386296110068705,46
467,2,856,382,474,0,0,0,1.0,1,1.0,1,1.0,1,0.08013403034494618,44
468,3,859,385,474,0,0,0,1.0,1,1.0,1,1.0,1,0.12737943229073456,41
469,4,863,389,474,0,0,0,1.0,1,1.0,1,1.0,1,0.11999831268146359,40
470,3,866,391,475,0,0,0,1.0,1,1.0,1,1.0,1,0.1159949922559576,39
471,2,868,393,475,0,0,0,1.0,1,1.0,1,1.0,1,0.1042784097873819,38
472,1,869,394,475,0,0,0,1.0,1,1.0,1,1.0,1,0.14518274434317507,36
473,2,871,396,475,0,0,0,1.0,1,1.0,1,1.0,1,0.11142411169469056,36
474,3,874,398,476,0,0,0,1.0,1,1.0,1,1.0,1,0.14116962030167893,34
475,1,875,399,476,0,0,0,1.0,1,1.0,1,1.0,1,0.15982300043117012,34
476,3,878,400,478,0,0,0,1.0,1,1.0,1,1.0,1,0.14788698903502895,32
477,0,878,400,478,0,0,0,1.0,1,1.0,1,1.0,1,0.1481326620391397,32
478,1,879,401,478,0,0,0,1.0,1,1.0,1,1.0,1,0.15707461614734328,30
479,0,879,401,478,0,0,0,1.0,1,1.0,1,1.0,1,0.17122070502680076,31
480,0,879,401,478,0,0,0,1.0,1,1.0,1,1.0,1,0.16592303575609416,27
481,1,880,402,478,0,0,0,1.0,1,1.0,1,1.0,1,0.12144406588739559,28
482,2,882,404,478,0,0,0,1.0,1,1.0,1,1.0,1,0.12431205447879433,28
483,2,884,406,478,0,0,0,1.0,1,1.0,1,1.0,1,0.09657173019059082,29
484,1,885,407,478,0,0,0,1.0,1,1.0,1,1.0,1,0.1314691533833961,29
485,0,885,407,478,0,0,0,1.0,1,1.0,1,1.0,1,0.1314691533833961,29
486,1,886,408,478,0,0,0,1.0,1,1.0,1,1.0,1,0.13839477864648436,31
487,1,887,408,479,0,0,0,1.0,1,1.0,1,1.0,1,0.12992696760004807,33
488,1,888,408,480,0,0,0,1.0,1,1.0,1,1.0,1,0.10928993383515417,34
489,2,890,410,480,0,0,0,1.0,1,1.0,1,1.0,1,0.1742852637484368,34
490,1,891,410,481,0,0,0,1.0,1,1.0,1,1.0,1,0.14018610366045547,34
491,1,892,410,482,0,0,0,1.0,1,1.0,1,1.0,1,0.12590931044218653,34
492,1,893,410,483,0,0,0,1.0,1,1.0,1,1.0,1,0.10885973039819584,34
493,3,896,413,483,0,0,0,1.0,1,1.0,1,1.0,1,0.1072401490339689,34
494,0,896,413,483,0,0,0,1.0,1,1.0,1,1.0,1,0.13410640730426723,36
495,1,897,414,483,0,0,0,1.0,1,1.0,1,1.0,1,0.12431126990358113,36
496,0,897,414,483,0,0,0,1.0,1,1.0,1,1.0,1,0.0978914552707175,37
497,1,898,414,484,0,0,0,1.0,1,1.0,1,1.0,1,0.08591383601390377,39
498,1,899,415,484,0,0,0,1.0,1,1.0,1,1.0,1,0.10003313457402047,40
499,0,899,415,484,0,0,0,1.0,1,1.0,1,1.0,1,0.10003313457402047,40
500,1,900,416,484,0,0,0,1.0,1,1.0,1,1.0,1,0.1087607252073036,42
501,4,904,418,486,0,0,0,1.0,1,1.0,1,1.0,1,0.05415606344029814,42
502,0,904,418,486,0,0,0,1.0,1,1.0,1,1.0,1,0.05495789118357888,42
503,3,907,421,486,0,0,0,1.0,1,1.0,1,1.0,1,0.1026343475141231,41
504,1,908,421,487,0,0,0,1.0,1,1.0,1,1.0,1,0.11254816513273015,42
505,2,910,423,487,0,0,0,1.0,1,1.0,1,1.0,1,0.15605350264021692,38
506,1,911,424,487,0,0,0,1.0,1,1.0,1,1.0,1,0.16179603500665976,37
507,1,912,425,487,0,0,0,1.0,1,1.0,1,1.0,1,0.16798572045999832,35
508,2,914,427,487,0,0,0,1.0,1,1.0,1,1.0,1,0.20707037168266024,35
509,1,915,428,487,0,0,0,1.0,1,1.0,1,1.0,1,0.238298897052491,34
510,0,915,428,487,0,0,0,1.0,1,1.0,1,1.0,1,0.25198075422414823,34
511,2,917,430,487,0,0,0,1.0,1,1.0,1,1.0,1,0.1824891947589402,32
512,1,918,430,488,0,0,0,1.0,1,1.0,1,1.0,1,0.17588353068439122,30
513,1,919,431,488,0,0,0,1.0,1,1.0,1,1.0,1,0.1739058877249032,31
514,0,919,431,488,0,0,0,1.0,1,1.0,1,1.0,1,0.1739058877249032,31
515,1,920,432,488,0,0,0,1.0,1,1.0,1,1.0,1,0.1828463078071349,32
516,0,920,432,488,0,0,0,1.0,1,1.0,1,1.0,1,0.16722498720934115,31
517,2,922,434,488,0,0,0,1.0,1,1.0,1,1.0,1,0.13107117411424607,32
518,0,922,434,488,0,0,0,1.0,1,1.0,1,1.0,1,0.1223143881749833,31
519,2,924,436,488,0,0,0,1.0,1,1.0,1,1.0,1,0.10831557355866274,31
520,2,926,438,488,0,0,0,1.0,1,1.0,1,1.0,1,0.1402796329422678,33
521,1,927,439,488,0,0,0,1.0,1,1.0,1,1.0,1,0.1194835672713067,34
522,2,929,441,488,0,0,0,1.0,1,1.0,1,1.0,1,0.07111596593727121,34
523,0,929,441,488,0,0,0,1.0,1,1.0,1,1.0,1,0.08773572296757484,33
524,2,931,443,488,0,0,0,1.0,1,1.0,1,1.0,1,0.09524274852413021,34
525,0,931,443,488,0,0,0,1.0,1,1.0,1,1.0,1,0.10141994353337738,32
526,2,933,444,489,0,0,0,1.0,1,1.0,1,1.0,1,0.09587391663114013,32
527,0,933,444,489,0,0,0,1.0,1,1.0,1,1.0,1,0.09844471477011303,31
528,0,933,444,489,0,0,0,1.0,1,1.0,1,1.0,1,0.09844471477011303,31
529,0,933,444,489,0,0,0,1.0,1,1.0,1,1.0,1,0.1236771218791798,30
530,1,934,445,489,0,0,0,1.0,1,1.0,1,1.0,1,0.15818684629288216,30
531,1,935,446,489,0,0,0,1.0,1,1.0,1,1.0,1,0.18390699617771666,32
532,3,938,449,489,0,0,0,1.0,1,1.0,1,1.0,1,0.22206741095354118,32
533,5,943,452,491,0,0,0,1.0,1,1.0,1,1.0,1,0.1993521735090407,34
534,1,944,453,491,0,0,0,1.0,1,1.0,1,1.0,1,0.22290143191570225,34
535,3,947,454,493,0,0,0,1.0,1,1.0,1,1.0,1,0.2593198387043773,37
536,2,949,454,495,0,0,0,1.0,1,1.0,1,1.0,1,0.23042044606630693,37
537,3,952,455,497,0,0,0,1.0,1,1.0,1,1.0,1,0.2900773382011459,37
538,3,955,456,499,0,0,0,1.0,1,1.0,1,1.0,1,0.24117949793041477,38
539,1,956,456,500,0,0,0,1.0,1,1.0,1,1.0,1,0.24935008279430262,38
540,3,959,456,503,0,0,0,1.0,1,1.0,1,1.0,1,0.21284860395717048,38
541,0,959,456,503,0,0,0,1.0,1,1.0,1,1.0,1,0.19427375807805936,39
542,2,961,458,503,0,0,0,1.0,1,1.0,1,1.0,1,0.18687838502422874,40
543,2,963,460,503,0,0,0,1.0,1,1.0,1,1.0,1,0.2211216273678466,37
544,0,963,460,503,0,0,0,1.0,1,1.0,1,1.0,1,0.22233584581332375,35
545,2,965,462,503,0,0,0,1.0,1,1.0,1,1.0,1,0.18362346430784313,35
546,1,966,463,503,0,0,0,1.0,1,1.0,1,1.0,1,0.17815110784196647,35
547,2,968,465,503,0,0,0,1.0,1,1.0,1,1.0,1,0.19674598861600354,34
548,1,969,466,503,0,0,0,1.0,1,1.0,1,1.0,1,0.2334703830886394,34
549,1,970,467,503,0,0,0,1.0,1,1.0,1,1.0,1,0.26759180782561826,31
550,0,970,467,503,0,0,0,1.0,1,1.0,1,1.0,1,0.25382544611173985,30
551,2,972,469,503,0,0,0,1.0,1,1.0,1,1.0,1,0.22801922880055825,31
552,0,972,469,503,0,0,0,1.0,1,1.0,1,1.0,1,0.19129987213535787,29
553,1,973,469,504,0,0,0,1.0,1,1.0,1,1.0,1,0.14785225995649634,30
554,0,973,469,504,0,0,0,1.0,1,1.0,1,1.0,1,0.1333821480674058,30
555,3,976,469,507,0,0,0,1.0,1,1.0,1,1.0,1,0.06628728902894682,30
556,0,976,469,507,0,0,0,1.0,1,1.0,1,1.0,1,0.05214286507235349,31
557,1,977,470,507,0,0,0,1.0,1,1.0,1,1.0,1,0.08489770910186094,31
558,1,978,471,507,0,0,0,1.0,1,1.0,1,1.0,1,0.09421152804092563,31
559,1,979,472,507,0,0,0,1.0,1,1.0,1,1.0,1,0.06882019344777425,31
560,3,982,473,509,0,0,0,1.0,1,1.0,1,1.0,1,0.10475813427119345,32
561,4,986,475,511,0,0,0,1.0,1,1.0,1,1.0,1,0.14242986069536906,33
562,3,989,476,513,0,0,0,1.0,1,1.0,1,1.0,1,0.187355687910977,33
563,4,993,478,515,0,0,0,1.0,1,1.0,1,1.0,1,0.23706888928272937,33
564,3,996,478,518,0,0,0,1.0,1,1.0,1,1.0,1,0.21589956135479593,34
565,2,998,478,520,0,0,0,1.0,1,1.0,1,1.0,1,0.21024591898976078,35
566,2,1000,479,521,0,0,0,1.0,1,1.0,1,1.0,1,0.20072798873882797,36
567,0,1000,479,521,0,0,0,1.0,1,1.0,1,1.0,1,0.17109160250270827,37
568,1,1001,480,521,0,0,0,1.0,1,1.0,1,1.0,1,0.17805121207801508,36
569,4,1005,481,524,0,0,0,1.0,1,1.0,1,1.0,1,0.12126351456124625,37
570,1,1006,481,525,0,0,0,1.0,1,1.0,1,1.0,1,0.13451541280830714,38
571,3,1009,482,527,0,0,0,1.0,1,1.0,1,1.0,1,0.16606068276846908,38
572,0,1009,482,527,0,0,0,1.0,1,1.0,1,1.0,1,0.14872474646067887,39
573,0,1009,482,527,0,0,0,1.0,1,1.0,1,1.0,1,0.14872474646067887,39
574,1,1010,482,528,0,0,0,1.0,1,1.0,1,1.0,1,0.1388038660544258,41
575,0,1010,482,528,0,0,0,1.0,1,1.0,1,1.0,1,0.1388038660544258,41
576,2,1012,482,530,0,0,0,1.0,1,1.0,1,1.0,1,0.05415728354640439,42
577,0,1012,482,530,0,0,0,1.0,1,1.0,1,1.0,1,0.05415728354640439,42
578,1,1013,483,530,0,0,0,1.0,1,1.0,1,1.0,1,0.09199855633080448,41
579,0,1013,483,530,0,0,0,1.0,1,1.0,1,1.0,1,0.06945389774866441,42
580,2,1015,485,530,0,0,0,1.0,1,1.0,1,1.0,1,0.11854166636068886,43
581,2,1017,487,530,0,0,0,1.0,1,1.0,1,1.0,1,0.13378684146607003,42
582,0,1017,487,530,0,0,0,1.0,1,1.0,1,1.0,1,0.1172146352597428,41
583,2,1019,489,530,0,0,0,1.0,1,1.0,1,1.0,1,0.12749273941264158,40
584,0,1019,489,530,0,0,0,1.0,1,1.0,1,1.0,1,0.12105037703493407,38
585,3,1022,492,530,0,0,0,1.0,1,1.0,1,1.0,1,0.18832211477505045,38
586,3,1025,495,530,0,0,0,1.0,1,1.0,1,1.0,1,0.1856948383499859,37
587,2,1027,497,530,0,0,0,1.0,1,1.0,1,1.0,1,0.2250847156403662,35
588,3,1030,500,530,0,0,0,1.0,1,1.0,1,1.0,1,0.18175363939003367,35
589,0,1030,500,530,0,0,0,1.0,1,1.0,1,1.0,1,0.20287231062656896,34
590,1,1031,501,530,0,0,0,1.0,1,1.0,1,1.0,1,0.1575770558905775,36
591,2,1033,503,530,0,0,0,1.0,1,1.0,1,1.0,1,0.10964276028475572,35
592,0,1033,503,530,0,0,0,1.0,1,1.0,1,1.0,1,0.10411185530943094,37
593,3,1036,506,530,0,0,0,1.0,1,1.0,1,1.0,1,0.016003763506779168,36
594,1,1037,507,530,0,0,0,1.0,1,1.0,1,1.0,1,0.05098966952043981,35
595,2,1039,509,530,0,0,0,1.0,1,1.0,1,1.0,1,0.133196707955043,34
596,2,1041,511,530,0,0,0,1.0,1,1.0,1,1.0,1,0.13350269072651832,34
597,3,1044,514,530,0,0,0,1.0,1,1.0,1,1.0,1,0.1586289395353282,33
598,0,1044,514,530,0,0,0,1.0,1,1.0,1,1.0,1,0.2044157447279278,33
599,2,1046,516,530,0,0,0,1.0,1,1.0,1,1.0,1,0.23352161455330617,33
600,1,1047,517,530,0,0,0,1.0,1,1.0,1,1.0,1,0.24472344260994752,33
601,3,1050,517,533,0,0,0,1.0,1,1.0,1,1.0,1,0.16451210845164277,34
602,1,1051,517,534,0,0,0,1.0,1,1.0,1,1.0,1,0.17549715999936727,35
603,2,1053,517,536,0,0,0,1.0,1,1.0,1,1.0,1,0.14173645832735868,35
604,0,1053,517,536,0,0,0,1.0,1,1.0,1,1.0,1,0.13167687664722663,35
605,0,1053,517,536,0,0,0,1.0,1,1.0,1,1.0,1,0.16785790410389723,35
606,0,1053,517,536,0,0,0,1.0,1,1.0,1,1.0,1,0.15297865048781348,35
607,0,1053,517,536,0,0,0,1.0,1,1.0,1,1.0,1,0.15297865048781348,35
608,0,1053,517,536,0,0,0,1.0,1,1.0,1,1.0,1,0.17746269996874553,36
609,0,1053,517,536,0,0,0,1.0,1,1.0,1,1.0,1,0.17945025562793568,37
610,0,1053,517,536,0,0,0,1.0,1,1.0,1,1.0,1,0.17945025562793568,37
611,3,1056,519,537,0,0,0,1.0,1,1.0,1,1.0,1,0.13417617967731532,39
612,3,1059,520,539,0,0,0,1.0,1,1.0,1,1.0,1,0.11984081170831974,39
613,3,1062,522,540,0,0,0,1.0,1,1.0,1,1.0,1,0.09593914502640612,39
614,1,1063,523,540,0,0,0,1.0,1,1.0,1,1.0,1,0.12828232953710283,39
615,2,1065,524,541,0,0,0,1.0,1,1.0,1,1.0,1,0.10763131208362826,39
616,2,1067,525,542,0,0,0,1.0,1,1.0,1,1.0,1,0.13955232408202664,38
617,2,1069,527,542,0,0,0,1.0,1,1.0,1,1.0,1,0.1288318010857689,39
618,3,1072,528,544,0,0,0,1.0,1,1.0,1,1.0,1,0.15899489686313867,40
619,4,1076,530,546,0,0,0,1.0,1,1.0,1,1.0,1,0.15928138292807983,39
620,1,1077,531,546,0,0,0,1.0,1,1.0,1,1.0,1,0.11278863793672328,38
621,2,1079,533,546,0,0,0,1.0,1,1.0,1,1.0,1,0.13663113845932515,38
622,2,1081,535,546,0,0,0,1.0,1,1.0,1,1.0,1,0.03577578591712813,38
623,2,1083,537,546,0,0,0,1.0,1,1.0,1,1.0,1,0.04162788140287193,37
624,3,1086,540,546,0,0,0,1.0,1,1.0,1,1.0,1,0.07463693978182029,33
625,2,1088,542,546,0,0,0,1.0,1,1.0,1,1.0,1,0.05871753723694391,32
626,2,1090,544,546,0,0,0,1.0,1,1.0,1,1.0,1,0.08388344681968567,31
627,2,1092,546,546,0,0,0,1.0,1,1.0,1,1.0,1,0.15615970122613085,30
628,4,1096,549,547,0,0,0,1.0,1,1.0,1,1.0,1,0.1338982469907555,32
629,0,1096,549,547,0,0,0,1.0,1,1.0,1,1.0,1,0.1168836655809021,29
630,1,1097,550,547,0,0,0,1.0,1,1.0,1,1.0,1,0.15524634460272654,29
631,2,1099,552,547,0,0,0,1.0,1,1.0,1,1.0,1,0.23911368296129887,25
632,0,1099,552,547,0,0,0,1.0,1,1.0,1,1.0,1,0.24743005179501004,24
633,1,1100,553,547,0,0,0,1.0,1,1.0,1,1.0,1,0.31319682401496574,23
634,0,1100,553,547,0,0,0,1.0,1,1.0,1,1.0,1,0.31319682401496574,23
635,1,1101,554,547,0,0,0,1.0,1,1.0,1,1.0,1,0.3307490162273843,22
636,1,1102,555,547,0,0,0,1.0,1,1.0,1,1.0,1,0.34798548197120877,22
637,0,1102,555,547,0,0,0,1.0,1,1.0,1,1.0,1,0.32266269311027257,23
638,2,1104,557,547,0,0,0,1.0,1,1.0,1,1.0,1,0.3395839424078663,23
639,0,1104,557,547,0,0,0,1.0,1,1.0,1,1.0,1,0.31853382334299657,24
640,2,1106,559,547,0,0,0,1.0,1,1.0,1,1.0,1,0.32018448715254094,24
641,0,1106,559,547,0,0,0,1.0,1,1.0,1,1.0,1,0.3393635747996166,25
642,0,1106,559,547,0,0,0,1.0,1,1.0,1,1.0,1,0.293033029185718,26
643,1,1107,560,547,0,0,0,1.0,1,1.0,1,1.0,1,0.259500927148013,28
644,1,1108,561,547,0,0,0,1.0,1,1.0,1,1.0,1,0.27928463674204096,28
645,2,1110,562,548,0,0,0,1.0,1,1.0,1,1.0,1,0.2549122659820921,28
646,0,1110,562,548,0,0,0,1.0,1,1.0,1,1.0,1,0.25471756153352104,29
647,1,1111,563,548,0,0,0,1.0,1,1.0,1,1.0,1,0.2407822297597108,30
648,1,1112,564,548,0,0,0,1.0,1,1.0,1,1.0,1,0.2569280290935034,30
649,3,1115,566,549,0,0,0,1.0,1,1.0,1,1.0,1,0.21473345162361787,31
650,2,1117,568,549,0,0,0,1.0,1,1.0,1,1.0,1,0.19425044446259965,31
651,3,1120,569,551,0,0,0,1.0,1,1.0,1,1.0,1,0.0899573291704462,32
652,0,1120,569,551,0,0,0,1.0,1,1.0,1,1.0,1,0.0899573291704462,32
653,1,1121,570,551,0,0,0,1.0,1,1.0,1,1.0,1,0.07484440583685466,33
654,1,1122,571,551,0,0,0,1.0,1,1.0,1,1.0,1,0.06694603749469817,33
655,1,1123,572,551,0,0,0,1.0,1,1.0,1,1.0,1,0.0783019341919088,36
656,1,1124,573,551,0,0,0,1.0,1,1.0,1,1.0,1,0.10569338133074738,36
657,1,1125,574,551,0,0,0,1.0,1,1.0,1,1.0,1,0.10900321748683091,35
658,3,1128,576,552,0,0,0,1.0,1,1.0,1,1.0,1,0.11966289534185136,33
659,2,1130,578,552,0,0,0,1.0,1,1.0,1,1.0,1,0.1733641288357044,35
660,0,1130,578,552,0,0,0,1.0,1,1.0,1,1.0,1,0.1317509289470219,34
661,1,1131,579,552,0,0,0,1.0,1,1.0,1,1.0,1,0.1689199629492714,33
662,2,1133,580,553,0,0,0,1.0,1,1.0,1,1.0,1,0.11903253420563194,31
663,1,1134,581,553,0,0,0,1.0,1,1.0,1,1.0,1,0.16651132686510436,29
664,0,1134,581,553,0,0,0,1.0,1,1.0,1,1.0,1,0.16112814386317367,27
665,1,1135,582,553,0,0,0,1.0,1,1.0,1,1.0,1,0.18496664472393667,27
666,0,1135,582,553,0,0,0,1.0,1,1.0,1,1.0,1,0.18719141340050516,28
667,1,1136,583,553,0,0,0,1.0,1,1.0,1,1.0,1,0.1322821126416328,26
668,1,1137,584,553,0,0,0,1.0,1,1.0,1,1.0,1,0.14361454624319867,26
669,5,1142,589,553,0,0,0,1.0,1,1.0,1,1.0,1,0.09046114598077586,25
670,0,1142,589,553,0,0,0,1.0,1,1.0,1,1.0,1,0.11751786227567874,24
671,0,1142,589,553,0,0,0,1.0,1,1.0,1,1.0,1,0.11751786227567874,24
672,1,1143,590,553,0,0,0,1.0,1,1.0,1,1.0,1,0.19205495690780947,25
673,2,1145,592,553,0,0,0,1.0,1,1.0,1,1.0,1,0.2459319364680549,25
674,1,1146,592,554,0,0,0,1.0,1,1.0,1,1.0,1,0.2243945322874248,25
675,1,1147,593,554,0,0,0,1.0,1,1.0,1,1.0,1,0.2466666625733304,26
676,5,1152,596,556,0,0,0,1.0,1,1.0,1,1.0,1,0.156797993214004,27
677,1,1153,596,557,0,0,0,1.0,1,1.0,1,1.0,1,0.1299454126783178,28
678,1,1154,597,557,0,0,0,1.0,1,1.0,1,1.0,1,0.16391715263034914,28
679,1,1155,598,557,0,0,0,1.0,1,1.0,1,1.0,1,0.11552980112023868,30
680,0,1155,598,557,0,0,0,1.0,1,1.0,1,1.0,1,0.1539327725181938,29
681,0,1155,598,557,0,0,0,1.0,1,1.0,1,1.0,1,0.1539327725181938,29
682,0,1155,598,557,0,0,0,1.0,1,1.0,1,1.0,1,0.14495999229777964,30
683,0,1155,598,557,0,0,0,1.0,1,1.0,1,1.0,1,0.14495999229777964,30
684,0,1155,598,557,0,0,0,1.0,1,1.0,1,1.0,1,0.149188558911736,31
685,0,1155,598,557,0,0,0,1.0,1,1.0,1,1.0,1,0.12930900683554417,30
686,4,1159,602,557,0,0,0,1.0,1,1.0,1,1.0,1,0.046305629318513626,30
687,1,1160,603,557,0,0,0,1.0,1,1.0,1,1.0,1,0.02985769687935992,30
688,0,1160,603,557,0,0,0,1.0,1,1.0,1,1.0,1,0.05105288641539823,31
689,2,1162,604,558,0,0,0,1.0,1,1.0,1,1.0,1,0.09853918913151394,32
690,0,1162,604,558,0,0,0,1.0,1,1.0,1,1.0,1,0.09853918913151394,32
691,1,1163,605,558,0,0,0,1.0,1,1.0,1,1.0,1,0.1469568641488614,32
692,3,1166,608,558,0,0,0,1.0,1,1.0,1,1.0,1,0.1319374641148512,32
693,1,1167,609,558,0,0,0,1.0,1,1.0,1,1.0,1,0.10736479899202502,34
694,2,1169,611,558,0,0,0,1.0,1,1.0,1,1.0,1,0.18399580333474758,36
695,1,1170,612,558,0,0,0,1.0,1,1.0,1,1.0,1,0.16946244916203418,34
696,0,1170,612,558,0,0,0,1.0,1,1.0,1,1.0,1,0.15427297943623225,33
697,0,1170,612,558,0,0,0,1.0,1,1.0,1,1.0,1,0.15517005675157683,33
698,2,1172,614,558,0,0,0,1.0,1,1.0,1,1.0,1,0.20625853931288726,34
699,0,1172,614,558,0,0,0,1.0,1,1.0,1,1.0,1,0.18960917167747368,33
700,1,1173,615,558,0,0,0,1.0,1,1.0,1,1.0,1,0.18526643277555863,32
701,3,1176,615,561,0,0,0,1.0,1,1.0,1,1.0,1,0.09827271500550121,33
702,1,1177,616,561,0,0,0,1.0,1,1.0,1,1.0,1,0.11807338296356652,34
703,3,1180,618,562,0,0,0,1.0,1,1.0,1,1.0,1,0.10367863169784022,32
704,1,1181,618,563,0,0,0,1.0,1,1.0,1,1.0,1,0.05661038891344457,31
705,2,1183,620,563,0,0,0,1.0,1,1.0,1,1.0,1,0.03800382038552304,33
706,1,1184,621,563,0,0,0,1.0,1,1.0,1,1.0,1,0.10579129566484198,33
707,1,1185,622,563,0,0,0,1.0,1,1.0,1,1.0,1,0.15694653410161627,31
708,1,1186,623,563,0,0,0,1.0,1,1.0,1,1.0,1,0.20295039387688274,31
709,2,1188,624,564,0,0,0,1.0,1,1.0,1,1.0,1,0.2009778131474401,30
710,0,1188,624,564,0,0,0,1.0,1,1.0,1,1.0,1,0.2009778131474401,30
711,0,1188,624,564,0,0,0,1.0,1,1.0,1,1.0,1,0.18423515992871028,30
712,0,1188,624,564,0,0,0,1.0,1,1.0,1,1.0,1,0.18493843273532531,30
713,1,1189,624,565,0,0,0,1.0,1,1.0,1,1.0,1,0.1782946805031075,31
714,1,1190,625,565,0,0,0,1.0,1,1.0,1,1.0,1,0.14672401984303102,31
715,2,1192,625,567,0,0,0,1.0,1,1.0,1,1.0,1,0.17651612541430514,30
716,0,1192,625,567,0,0,0,1.0,1,1.0,1,1.0,1,0.13689510614186778,31
717,3,1195,627,568,0,0,0,1.0,1,1.0,1,1.0,1,0.16301109958406337,32
718,0,1195,627,568,0,0,0,1.0,1,1.0,1,1.0,1,0.16301109958406337,32
719,2,1197,629,568,0,0,0,1.0,1,1.0,1,1.0,1,0.16818302237500815,32
720,0,1197,629,568,0,0,0,1.0,1,1.0,1,1.0,1,0.13768536335854104,34
721,1,1198,630,568,0,0,0,1.0,1,1.0,1,1.0,1,0.16902693928015677,34
722,1,1199,630,569,0,0,0,1.0,1,1.0,1,1.0,1,0.15156792027858,34
723,1,1200,630,570,0,0,0,1.0,1,1.0,1,1.0,1,0.179814719858016,35
724,2,1202,630,572,0,0,0,1.0,1,1.0,1,1.0,1,0.18871067141322126,36
725,1,1203,630,573,0,0,0,1.0,1,1.0,1,1.0,1,0.21023279637066347,37
726,2,1205,630,575,0,0,0,1.0,1,1.0,1,1.0,1,0.17353917182660863,37
727,2,1207,630,577,0,0,0,1.0,1,1.0,1,1.0,1,0.15927458673403067,38
728,1,1208,631,577,0,0,0,1.0,1,1.0,1,1.0,1,0.15367403523866982,39
729,1,1209,631,578,0,0,0,1.0,1,1.0,1,1.0,1,0.13842476656149585,39
730,1,1210,631,579,0,0,0,1.0,1,1.0,1,1.0,1,0.12123199321856043,40
731,1,1211,632,579,0,0,0,1.0,1,1.0,1,1.0,1,0.1471250318696414,40
732,1,1212,632,580,0,0,0,1.0,1,1.0,1,1.0,1,0.1568602936469727,41
733,1,1213,633,580,0,0,0,1.0,1,1.0,1,1.0,1,0.1353103297030596,41
734,0,1213,633,580,0,0,0,1.0,1,1.0,1,1.0,1,0.12991178757076696,42
735,3,1216,634,582,0,0,0,1.0,1,1.0,1,1.0,1,0.11409609151965225,42
736,0,1216,634,582,0,0,0,1.0,1,1.0,1,1.0,1,0.10215472666046752,41
737,1,1217,635,582,0,0,0,1.0,1,1.0,1,1.0,1,0.15265105309582402,41
738,0,1217,635,582,0,0,0,1.0,1,1.0,1,1.0,1,0.12031311608074857,39
739,1,1218,635,583,0,0,0,1.0,1,1.0,1,1.0,1,0.10580833848452766,39
740,2,1220,635,585,0,0,0,1.0,1,1.0,1,1.0,1,0.07344408152841705,39
741,0,1220,635,585,0,0,0,1.0,1,1.0,1,1.0,1,0.08338972876075852,38
742,1,1221,636,585,0,0,0,1.0,1,1.0,1,1.0,1,0.05279976515215124,39
743,1,1222,636,586,0,0,0,1.0,1,1.0,1,1.0,1,0.03030801866745722,39
744,1,1223,637,586,0,0,0,1.0,1,1.0,1,1.0,1,0.07524494048026262,39
745,3,1226,640,586,0,0,0,1.0,1,1.0,1,1.0,1,0.08925741453232591,39
746,2,1228,642,586,0,0,0,1.0,1,1.0,1,1.0,1,0.114664710541421,40
747,3,1231,643,588,0,0,0,1.0,1,1.0,1,1.0,1,0.06114888039139757,41
748,1,1232,644,588,0,0,0,1.0,1,1.0,1,1.0,1,0.03790544278532625,41
749,0,1232,644,588,0,0,0,1.0,1,1.0,1,1.0,1,0.03790544278532625,41
750,2,1234,646,588,0,0,0,1.0,1,1.0,1,1.0,1,0.10767808259197278,39
751,3,1237,648,589,0,0,0,1.0,1,1.0,1,1.0,1,0.05960910229741336,41
752,5,1242,652,590,0,0,0,1.0,1,1.0,1,1.0,1,0.16259624768738004,41
753,3,1245,652,593,0,0,0,1.0,1,1.0,1,1.0,1,0.15853680850299803,41
754,1,1246,653,593,0,0,0,1.0,1,1.0,1,1.0,1,0.18771322905519547,41
755,1,1247,653,594,0,0,0,1.0,1,1.0,1,1.0,1,0.20706236230076128,41
756,1,1248,653,595,0,0,0,1.0,1,1.0,1,1.0,1,0.21724177168670625,41
757,2,1250,654,596,0,0,0,1.0,1,1.0,1,1.0,1,0.2591479097278446,39
758,0,1250,654,596,0,0,0,1.0,1,1.0,1,1.0,1,0.2460300051947044,39
759,0,1250,654,596,0,0,0,1.0,1,1.0,1,1.0,1,0.24603966976072125,39
760,0,1250,654,596,0,0,0,1.0,1,1.0,1,1.0,1,0.26232285672453337,40
761,0,1250,654,596,0,0,0,1.0,1,1.0,1,1.0,1,0.24938528657969625,41
762,2,1252,654,598,0,0,0,1.0,1,1.0,1,1.0,1,0.24940465252765207,42
763,2,1254,654,600,0,0,0,1.0,1,1.0,1,1.0,1,0.2620382740871371,43
764,3,1257,654,603,0,0,0,1.0,1,1.0,1,1.0,1,0.2716507923646423,43
765,6,1263,654,609,0,0,0,1.0,1,1.0,1,1.0,1,0.20058459070492551,45
766,2,1265,654,611,0,0,0,1.0,1,1.0,1,1.0,1,0.1785625286793766,45
767,0,1265,654,611,0,0,0,1.0,1,1.0,1,1.0,1,0.1801407811010746,46
768,0,1265,654,611,0,0,0,1.0,1,1.0,1,1.0,1,0.16975901624773956,45
769,2,1267,655,612,0,0,0,1.0,1,1.0,1,1.0,1,0.1972192405799738,46
770,2,1269,655,614,0,0,0,1.0,1,1.0,1,1.0,1,0.1879195160745657,47
771,5,1274,659,615,0,0,0,1.0,1,1.0,1,1.0,1,0.17747735746280285,47
772,1,1275,659,616,0,0,0,1.0,1,1.0,1,1.0,1,0.18146246112708217,46
773,2,1277,661,616,0,0,0,1.0,1,1.0,1,1.0,1,0.15334408271200387,45
774,0,1277,661,616,0,0,0,1.0,1,1.0,1,1.0,1,0.12381347456999921,45
775,4,1281,663,618,0,0,0,1.0,1,1.0,1,1.0,1,0.1569233375046943,45
776,1,1282,663,619,0,0,0,1.0,1,1.0,1,1.0,1,0.12345627083878839,43
777,1,1283,663,620,0,0,0,1.0,1,1.0,1,1.0,1,0.11705427223894145,44
778,2,1285,665,620,0,0,0,1.0,1,1.0,1,1.0,1,0.18628572750210118,45
779,0,1285,665,620,0,0,0,1.0,1,1.0,1,1.0,1,0.18628572750210118,45
780,4,1289,667,622,0,0,0,1.0,1,1.0,1,1.0,1,0.22628039125947663,45
781,0,1289,667,622,0,0,0,1.0,1,1.0,1,1.0,1,0.21199670875835008,46
782,0,1289,667,622,0,0,0,1.0,1,1.0,1,1.0,1,0.24502426148127543,47
783,2,1291,669,622,0,0,0,1.0,1,1.0,1,1.0,1,0.19567598820311563,46
784,0,1291,669,622,0,0,0,1.0,1,1.0,1,1.0,1,0.20315492268640975,45
785,1,1292,670,622,0,0,0,1.0,1,1.0,1,1.0,1,0.1852881361509998,43
786,1,1293,670,623,0,0,0,1.0,1,1.0,1,1.0,1,0.15512255798723357,43
787,1,1294,671,623,0,0,0,1.0,1,1.0,1,1.0,1,0.14617904781356011,43
788,0,1294,671,623,0,0,0,1.0,1,1.0,1,1.0,1,0.15874751054876232,44
789,1,1295,672,623,0,0,0,1.0,1,1.0,1,1.0,1,0.13712998041051092,46
790,2,1297,674,623,0,0,0,1.0,1,1.0,1,1.0,1,0.18531899119663528,46
791,0,1297,674,623,0,0,0,1.0,1,1.0,1,1.0,1,0.22042717917542082,46
792,2,1299,675,624,0,0,0,1.0,1,1.0,1,1.0,1,0.22651284513694017,47
793,0,1299,675,624,0,0,0,1.0,1,1.0,1,1.0,1,0.24117980383338808,48
794,1,1300,675,625,0,0,0,1.0,1,1.0,1,1.0,1,0.24986044431582047,48
795,0,1300,675,625,0,0,0,1.0,1,1.0,1,1.0,1,0.2576815239187042,47
796,0,1300,675,625,0,0,0,1.0,1,1.0,1,1.0,1,0.2986719316642892,45
797,1,1301,675,626,0,0,0,1.0,1,1.0,1,1.0,1,0.28955136970431955,47
798,3,1304,677,627,0,0,0,1.0,1,1.0,1,1.0,1,0.26581933900176724,48
799,2,1306,678,628,0,0,0,1.0,1,1.0,1,1.0,1,0.25154716287452045,48
800,2,1308,680,628,0,0,0,1.0,1,1.0,1,1.0,1,0.27500620921578295,48
801,6,1314,681,633,0,0,0,1.0,1,1.0,1,1.0,1,0.18845232331902723,49
802,3,1317,684,633,0,0,0,1.0,1,1.0,1,1.0,1,0.22970577559039604,50
803,2,1319,684,635,0,0,0,1.0,1,1.0,1,1.0,1,0.20921217377123222,50
804,0,1319,684,635,0,0,0,1.0,1,1.0,1,1.0,1,0.20921217377123222,50
805,1,1320,685,635,0,0,0,1.0,1,1.0,1,1.0,1,0.22826493888063032,50
806,0,1320,685,635,0,0,0,1.0,1,1.0,1,1.0,1,0.21726229669626101,51
807,0,1320,685,635,0,0,0,1.0,1,1.0,1,1.0,1,0.21726229669626101,51
808,2,1322,685,637,0,0,0,1.0,1,1.0,1,1.0,1,0.2049307766846657,53
809,0,1322,685,637,0,0,0,1.0,1,1.0,1,1.0,1,0.16359586012714764,51
810,1,1323,685,638,0,0,0,1.0,1,1.0,1,1.0,1,0.1517571243232131,52
811,2,1325,687,638,0,0,0,1.0,1,1.0,1,1.0,1,0.2018083938446782,50
812,3,1328,687,641,0,0,0,1.0,1,1.0,1,1.0,1,0.17892800174609338,51
813,2,1330,689,641,0,0,0,1.0,1,1.0,1,1.0,1,0.22320192521258544,51
814,2,1332,689,643,0,0,0,1.0,1,1.0,1,1.0,1,0.20984249465652666,52
815,1,1333,690,643,0,0,0,1.0,1,1.0,1,1.0,1,0.2098804357708022,50
816,1,1334,690,644,0,0,0,1.0,1,1.0,1,1.0,1,0.1915684965250543,50
817,4,1338,692,646,0,0,0,1.0,1,1.0,1,1.0,1,0.20352065515298545,49
818,2,1340,692,648,0,0,0,1.0,1,1.0,1,1.0,1,0.20293096300392532,49
819,0,1340,692,648,0,0,0,1.0,1,1.0,1,1.0,1,0.19621402218440837,50
820,2,1342,693,649,0,0,0,1.0,1,1.0,1,1.0,1,0.21714910262894765,49
821,2,1344,694,650,0,0,0,1.0,1,1.0,1,1.0,1,0.23389884269489708,49
822,0,1344,694,650,0,0,0,1.0,1,1.0,1,1.0,1,0.23389884269489708,49
823,0,1344,694,650,0,0,0,1.0,1,1.0,1,1.0,1,0.25765165443105253,47
824,2,1346,696,650,0,0,0,1.0,1,1.0,1,1.0,1,0.240950116904325,45
825,2,1348,697,651,0,0,0,1.0,1,1.0,1,1.0,1,0.23642665240597993,43
826,3,1351,698,653,0,0,0,1.0,1,1.0,1,1.0,1,0.1989237229842653,44
827,1,1352,698,654,0,0,0,1.0,1,1.0,1,1.0,1,0.21801131028834353,43
828,4,1356,701,655,0,0,0,1.0,1,1.0,1,1.0,1,0.19283455966418034,43
829,2,1358,702,656,0,0,0,1.0,1,1.0,1,1.0,1,0.19689016328526665,45
830,0,1358,702,656,0,0,0,1.0,1,1.0,1,1.0,1,0.19202786220859272,46
831,0,1358,702,656,0,0,0,1.0,1,1.0,1,1.0,1,0.182701754473901,48
832,0,1358,702,656,0,0,0,1.0,1,1.0,1,1.0,1,0.19382221704045466,47
833,2,1360,704,656,0,0,0,1.0,1,1.0,1,1.0,1,0.18029636630092197,47
834,0,1360,704,656,0,0,0,1.0,1,1.0,1,1.0,1,0.2030754014668242,46
835,1,1361,705,656,0,0,0,1.0,1,1.0,1,1.0,1,0.21005604927029567,45
836,1,1362,705,657,0,0,0,1.0,1,1.0,1,1.0,1,0.19236857963796292,46
837,2,1364,707,657,0,0,0,1.0,1,1.0,1,1.0,1,0.19628572767776303,46
838,1,1365,707,658,0,0,0,1.0,1,1.0,1,1.0,1,0.19987324664740158,45
839,0,1365,707,658,0,0,0,1.0,1,1.0,1,1.0,1,0.21437974507811397,46
840,1,1366,707,659,0,0,0,1.0,1,1.0,1,1.0,1,0.21610271799663922,46
841,0,1366,707,659,0,0,0,1.0,1,1.0,1,1.0,1,0.21610271799663922,46
842,1,1367,708,659,0,0,0,1.0,1,1.0,1,1.0,1,0.23694109060774382,46
843,1,1368,709,659,0,0,0,1.0,1,1.0,1,1.0,1,0.26018283422645955,46
844,0,1368,709,659,0,0,0,1.0,1,1.0,1,1.0,1,0.26004782444890157,47
845,3,1371,711,660,0,0,0,1.0,1,1.0,1,1.0,1,0.2879948048238052,48
846,0,1371,711,660,0,0,0,1.0,1,1.0,1,1.0,1,0.2772090897005233,47
847,1,1372,711,661,0,0,0,1.0,1,1.0,1,1.0,1,0.2577611565751686,48
848,2,1374,712,662,0,0,0,1.0,1,1.0,1,1.0,1,0.24845745160768612,48
849,0,1374,712,662,0,0,0,1.0,1,1.0,1,1.0,1,0.24947232518367676,48
850,0,1374,712,662,0,0,0,1.0,1,1.0,1,1.0,1,0.25973498648075577,46
851,6,1380,712,668,0,0,0,1.0,1,1.0,1,1.0,1,0.18853297497451482,45
852,2,1382,713,669,0,0,0,1.0,1,1.0,1,1.0,1,0.17040258946003517,44
853,1,1383,714,669,0,0,0,1.0,1,1.0,1,1.0,1,0.17618838458006675,44
854,4,1387,717,670,0,0,0,1.0,1,1.0,1,1.0,1,0.16665643588441267,45
855,1,1388,717,671,0,0,0,1.0,1,1.0,1,1.0,1,0.1275286566958531,46
856,1,1389,718,671,0,0,0,1.0,1,1.0,1,1.0,1,0.13203081364875535,46
857,1,1390,719,671,0,0,0,1.0,1,1.0,1,1.0,1,0.11560509871596693,47
858,1,1391,720,671,0,0,0,1.0,1,1.0,1,1.0,1,0.09729638380934034,48
859,1,1392,721,671,0,0,0,1.0,1,1.0,1,1.0,1,0.1012346755919685,48
860,2,1394,723,671,0,0,0,1.0,1,1.0,1,1.0,1,0.10903987841955488,49
861,2,1396,724,672,0,0,0,1.0,1,1.0,1,1.0,1,0.11150734955259016,49
862,1,1397,725,672,0,0,0,1.0,1,1.0,1,1.0,1,0.1236939392546461,49
863,2,1399,726,673,0,0,0,1.0,1,1.0,1,1.0,1,0.12418936558201593,48
864,0,1399,726,673,0,0,0,1.0,1,1.0,1,1.0,1,0.12575586600365293,49
865,5,1404,730,674,0,0,0,1.0,1,1.0,1,1.0,1,0.11915951451204342,48
866,1,1405,731,674,0,0,0,1.0,1,1.0,1,1.0,1,0.1192921701466572,50
867,2,1407,732,675,0,0,0,1.0,1,1.0,1,1.0,1,0.10189789781190682,50
868,2,1409,734,675,0,0,0,1.0,1,1.0,1,1.0,1,0.07402348746754084,51
869,0,1409,734,675,0,0,0,1.0,1,1.0,1,1.0,1,0.11007417024015642,49
870,1,1410,735,675,0,0,0,1.0,1,1.0,1,1.0,1,0.1289725003142552,49
871,2,1412,736,676,0,0,0,1.0,1,1.0,1,1.0,1,0.12591623690889608,49
872,2,1414,736,678,0,0,0,1.0,1,1.0,1,1.0,1,0.12271538408625304,48
873,3,1417,739,678,0,0,0,1.0,1,1.0,1,1.0,1,0.1519291243001496,49
874,2,1419,740,679,0,0,0,1.0,1,1.0,1,1.0,1,0.17096124273055466,49
875,0,1419,740,679,0,0,0,1.0,1,1.0,1,1.0,1,0.17286567624042545,50
876,6,1425,741,684,0,0,0,1.0,1,1.0,1,1.0,1,0.12562101437506482,50
877,2,1427,743,684,0,0,0,1.0,1,1.0,1,1.0,1,0.12290270859658799,50
878,0,1427,743,684,0,0,0,1.0,1,1.0,1,1.0,1,0.15264021339580994,49
879,1,1428,744,684,0,0,0,1.0,1,1.0,1,1.0,1,0.1771594561032822,49
880,1,1429,745,684,0,0,0,1.0,1,1.0,1,1.0,1,0.20001664308651143,48
881,3,1432,747,685,0,0,0,1.0,1,1.0,1,1.0,1,0.1953669385133852,49
882,0,1432,747,685,0,0,0,1.0,1,1.0,1,1.0,1,0.19390534808652926,48
883,2,1434,748,686,0,0,0,1.0,1,1.0,1,1.0,1,0.1838988141663311,50
884,0,1434,748,686,0,0,0,1.0,1,1.0,1,1.0,1,0.18464455096003476,50
885,2,1436,750,686,0,0,0,1.0,1,1.0,1,1.0,1,0.19673290858470963,49
886,0,1436,750,686,0,0,0,1.0,1,1.0,1,1.0,1,0.1984524684057319,49
887,2,1438,752,686,0,0,0,1.0,1,1.0,1,1.0,1,0.2372770365187797,49
888,0,1438,752,686,0,0,0,1.0,1,1.0,1,1.0,1,0.21307837485508066,47
889,1,1439,753,686,0,0,0,1.0,1,1.0,1,1.0,1,0.24616390126518106,46
890,0,1439,753,686,0,0,0,1.0,1,1.0,1,1.0,1,0.22024285351556805,44
891,1,1440,753,687,0,0,0,1.0,1,1.0,1,1.0,1,0.20922398913123644,45
892,3,1443,756,687,0,0,0,1.0,1,1.0,1,1.0,1,0.19452138152895196,45
893,0,1443,756,687,0,0,0,1.0,1,1.0,1,1.0,1,0.19452138152895196,45
894,0,1443,756,687,0,0,0,1.0,1,1.0,1,1.0,1,0.18313290320434714,44
895,3,1446,759,687,0,0,0,1.0,1,1.0,1,1.0,1,0.1765914751684153,45
896,2,1448,761,687,0,0,0,1.0,1,1.0,1,1.0,1,0.16748765005666597,44
897,2,1450,763,687,0,0,0,1.0,1,1.0,1,1.0,1,0.15145578340336938,44
898,1,1451,763,688,0,0,0,1.0,1,1.0,1,1.0,1,0.09670569083515179,45
899,0,1451,763,688,0,0,0,1.0,1,1.0,1,1.0,1,0.11158498931755709,44
900,0,1451,763,688,0,0,0,1.0,1,1.0,1,1.0,1,0.11376522672081454,46
901,3,1454,764,690,0,0,0,1.0,1,1.0,1,1.0,1,0.11527303014250354,45
902,4,1458,766,692,0,0,0,1.0,1,1.0,1,1.0,1,0.1392814039394231,45
903,2,1460,768,692,0,0,0,1.0,1,1.0,1,1.0,1,0.18784208475653583,44
904,1,1461,769,692,0,0,0,1.0,1,1.0,1,1.0,1,0.21717236979701343,45
905,1,1462,770,692,0,0,0,1.0,1,1.0,1,1.0,1,0.24041524786062005,45
906,2,1464,771,693,0,0,0,1.0,1,1.0,1,1.0,1,0.257138890279089,45
907,3,1467,772,695,0,0,0,1.0,1,1.0,1,1.0,1,0.21105801964836632,46
908,1,1468,773,695,0,0,0,1.0,1,1.0,1,1.0,1,0.1970103760756788,46
909,1,1469,774,695,0,0,0,1.0,1,1.0,1,1.0,1,0.186284092800513,46
910,0,1469,774,695,0,0,0,1.0,1,1.0,1,1.0,1,0.23264108605034567,44
911,0,1469,774,695,0,0,0,1.0,1,1.0,1,1.0,1,0.2401892053677631,45
912,0,1469,774,695,0,0,0,1.0,1,1.0,1,1.0,1,0.2636448551302847,44
913,1,1470,775,695,0,0,0,1.0,1,1.0,1,1.0,1,0.2535455985863425,45
914,1,1471,776,695,0,0,0,1.0,1,1.0,1,1.0,1,0.2722541503739383,45
915,1,1472,776,696,0,0,0,1.0,1,1.0,1,1.0,1,0.26505227490386524,45
916,0,1472,776,696,0,0,0,1.0,1,1.0,1,1.0,1,0.26505227490386524,45
917,1,1473,776,697,0,0,0,1.0,1,1.0,1,1.0,1,0.2693949635756261,46
918,2,1475,778,697,0,0,0,1.0,1,1.0,1,1.0,1,0.28773996282598163,47
919,2,1477,778,699,0,0,0,1.0,1,1.0,1,1.0,1,0.26359455440153656,47
920,1,1478,779,699,0,0,0,1.0,1,1.0,1,1.0,1,0.2755798038955994,47
921,3,1481,780,701,0,0,0,1.0,1,1.0,1,1.0,1,0.260623038506814,49
922,3,1484,782,702,0,0,0,1.0,1,1.0,1,1.0,1,0.23410954357251731,49
923,2,1486,784,702,0,0,0,1.0,1,1.0,1,1.0,1,0.24687030063918372,47
924,1,1487,785,702,0,0,0,1.0,1,1.0,1,1.0,1,0.2345302922595318,47
925,2,1489,786,703,0,0,0,1.0,1,1.0,1,1.0,1,0.2472488430599617,47
926,7,1496,789,707,0,0,0,1.0,1,1.0,1,1.0,1,0.16904479485912388,46
927,6,1502,791,711,0,0,0,1.0,1,1.0,1,1.0,1,0.11531325768305827,45
928,0,1502,791,711,0,0,0,1.0,1,1.0,1,1.0,1,0.09229032108215397,43
929,0,1502,791,711,0,0,0,1.0,1,1.0,1,1.0,1,0.11209998988154965,42
930,0,1502,791,711,0,0,0,1.0,1,1.0,1,1.0,1,0.10715052532741354,41
931,0,1502,791,711,0,0,0,1.0,1,1.0,1,1.0,1,0.12423386673925904,40
932,1,1503,792,711,0,0,0,1.0,1,1.0,1,1.0,1,0.10811538742464355,40
933,1,1504,793,711,0,0,0,1.0,1,1.0,1,1.0,1,0.11373745318931519,39
934,0,1504,793,711,0,0,0,1.0,1,1.0,1,1.0,1,0.11373745318931519,39
935,4,1508,797,711,0,0,0,1.0,1,1.0,1,1.0,1,0.17055494712101446,41
936,0,1508,797,711,0,0,0,1.0,1,1.0,1,1.0,1,0.1544460867420951,42
937,2,1510,799,711,0,0,0,1.0,1,1.0,1,1.0,1,0.2476962873029117,43
938,1,1511,800,711,0,0,0,1.0,1,1.0,1,1.0,1,0.2452078516902097,44
939,0,1511,800,711,0,0,0,1.0,1,1.0,1,1.0,1,0.25445007560446276,46
940,2,1513,801,712,0,0,0,1.0,1,1.0,1,1.0,1,0.22450241165231358,46
941,1,1514,802,712,0,0,0,1.0,1,1.0,1,1.0,1,0.24650836315650299,46
942,0,1514,802,712,0,0,0,1.0,1,1.0,1,1.0,1,0.24650836315650299,46
943,1,1515,802,713,0,0,0,1.0,1,1.0,1,1.0,1,0.2713991825135149,45
944,0,1515,802,713,0,0,0,1.0,1,1.0,1,1.0,1,0.26983797620352334,45
945,4,1519,805,714,0,0,0,1.0,1,1.0,1,1.0,1,0.2512161046934666,44
946,1,1520,806,714,0,0,0,1.0,1,1.0,1,1.0,1,0.21112127590988897,46
947,0,1520,806,714,0,0,0,1.0,1,1.0,1,1.0,1,0.21022188221749233,44
948,1,1521,807,714,0,0,0,1.0,1,1.0,1,1.0,1,0.20185219600491675,44
949,0,1521,807,714,0,0,0,1.0,1,1.0,1,1.0,1,0.2501335466639489,44
950,1,1522,808,714,0,0,0,1.0,1,1.0,1,1.0,1,0.2885058415491966,43
951,6,1528,808,720,0,0,0,1.0,1,1.0,1,1.0,1,0.21473309497425241,42
952,4,1532,809,723,0,0,0,1.0,1,1.0,1,1.0,1,0.14889193858163527,42
953,0,1532,809,723,0,0,0,1.0,1,1.0,1,1.0,1,0.16064315635299783,41
954,0,1532,809,723,0,0,0,1.0,1,1.0,1,1.0,1,0.1733165601738399,40
955,1,1533,809,724,0,0,0,1.0,1,1.0,1,1.0,1,0.1615236221711089,42
956,1,1534,810,724,0,0,0,1.0,1,1.0,1,1.0,1,0.1680889328512188,43
957,2,1536,810,726,0,0,0,1.0,1,1.0,1,1.0,1,0.17097981959928654,42
958,1,1537,810,727,0,0,0,1.0,1,1.0,1,1.0,1,0.18874657484453378,43
959,2,1539,811,728,0,0,0,1.0,1,1.0,1,1.0,1,0.22022449288289092,45
960,1,1540,812,728,0,0,0,1.0,1,1.0,1,1.0,1,0.2343911402160313,47
961,1,1541,813,728,0,0,0,1.0,1,1.0,1,1.0,1,0.2439181809013143,45
962,2,1543,813,730,0,0,0,1.0,1,1.0,1,1.0,1,0.23218606023303562,45
963,3,1546,814,732,0,0,0,1.0,1,1.0,1,1.0,1,0.24498305621305994,44
964,0,1546,814,732,0,0,0,1.0,1,1.0,1,1.0,1,0.2289659951913431,44
965,4,1550,814,736,0,0,0,1.0,1,1.0,1,1.0,1,0.22156121064816484,45
966,3,1553,815,738,0,0,0,1.0,1,1.0,1,1.0,1,0.21372499769686254,43
967,0,1553,815,738,0,0,0,1.0,1,1.0,1,1.0,1,0.21372499769686254,43
968,0,1553,815,738,0,0,0,1.0,1,1.0,1,1.0,1,0.20741787176984575,43
969,0,1553,815,738,0,0,0,1.0,1,1.0,1,1.0,1,0.2061107527340574,42
970,1,1554,816,738,0,0,0,1.0,1,1.0,1,1.0,1,0.19529340138043205,42
971,0,1554,816,738,0,0,0,1.0,1,1.0,1,1.0,1,0.19529340138043205,42
972,5,1559,818,741,0,0,0,1.0,1,1.0,1,1.0,1,0.1995879033005434,42
973,3,1562,818,744,0,0,0,1.0,1,1.0,1,1.0,1,0.17874060353352778,43
974,1,1563,819,744,0,0,0,1.0,1,1.0,1,1.0,1,0.16243758533147695,43
975,0,1563,819,744,0,0,0,1.0,1,1.0,1,1.0,1,0.1669528153416873,43
976,3,1566,819,747,0,0,0,1.0,1,1.0,1,1.0,1,0.1178409525470807,45
977,1,1567,820,747,0,0,0,1.0,1,1.0,1,1.0,1,0.12088653400578517,44
978,0,1567,820,747,0,0,0,1.0,1,1.0,1,1.0,1,0.12088653400578517,44
979,0,1567,820,747,0,0,0,1.0,1,1.0,1,1.0,1,0.15273932667530424,45
980,2,1569,821,748,0,0,0,1.0,1,1.0,1,1.0,1,0.11804188424570428,45
981,0,1569,821,748,0,0,0,1.0,1,1.0,1,1.0,1,0.11804188424570428,45
982,2,1571,823,748,0,0,0,1.0,1,1.0,1,1.0,1,0.17745473333392192,46
983,1,1572,824,748,0,0,0,1.0,1,1.0,1,1.0,1,0.18895145205113129,45
984,1,1573,825,748,0,0,0,1.0,1,1.0,1,1.0,1,0.18717148335379458,45
985,4,1577,829,748,0,0,0,1.0,1,1.0,1,1.0,1,0.26348630687547875,45
986,1,1578,829,749,0,0,0,1.0,1,1.0,1,1.0,1,0.2344187589260512,44
987,2,1580,830,750,0,0,0,1.0,1,1.0,1,1.0,1,0.2402810757629176,45
988,2,1582,832,750,0,0,0,1.0,1,1.0,1,1.0,1,0.2971158680406677,44
989,1,1583,832,751,0,0,0,1.0,1,1.0,1,1.0,1,0.2816075166082289,43
990,1,1584,833,751,0,0,0,1.0,1,1.0,1,1.0,1,0.292867445827574,42
991,0,1584,833,751,0,0,0,1.0,1,1.0,1,1.0,1,0.27132666190130156,42
992,0,1584,833,751,0,0,0,1.0,1,1.0,1,1.0,1,0.2596634080411957,43
993,0,1584,833,751,0,0,0,1.0,1,1.0,1,1.0,1,0.2596634080411957,43
994,0,1584,833,751,0,0,0,1.0,1,1.0,1,1.0,1,0.26758266893412946,43
995,0,1584,833,751,0,0,0,1.0,1,1.0,1,1.0,1,0.22005462094381578,43
996,0,1584,833,751,0,0,0,1.0,1,1.0,1,1.0,1,0.22831624011638713,44
997,1,1585,834,751,0,0,0,1.0,1,1.0,1,1.0,1,0.2691724199764358,44
998,1,1586,834,752,0,0,0,1.0,1,1.0,1,1.0,1,0.2603525338831445,45
999,0,1586,834,752,0,0,0,1.0,1,1.0,1,1.0,1,0.2670707756117988,42
1000,0,1586,834,752,0,0,0,1.0,1,1.0,1,1.0,1,0.2666562963704935,43
1001,4,1590,834,756,0,0,0,1.0,1,1.0,1,1.0,1,0.15996051178113263,42
1002,0,1590,834,756,0,0,0,1.0,1,1.0,1,1.0,1,0.15107406809004653,43
1003,1,1591,834,757,0,0,0,1.0,1,1.0,1,1.0,1,0.1392645029370053,43
1004,1,1592,834,758,0,0,0,1.0,1,1.0,1,1.0,1,0.11782046912232767,43
1005,1,1593,834,759,0,0,0,1.0,1,1.0,1,1.0,1,0.11768968034352399,44
1006,2,1595,834,761,0,0,0,1.0,1,1.0,1,1.0,1,0.10672562353911329,46
1007,0,1595,834,761,0,0,0,1.0,1,1.0,1,1.0,1,0.10672562353911329,46
1008,1,1596,834,762,0,0,0,1.0,1,1.0,1,1.0,1,0.10765386779503512,47
1009,2,1598,835,763,0,0,0,1.0,1,1.0,1,1.0,1,0.09258963530124197,48
1010,1,1599,836,763,0,0,0,1.0,1,1.0,1,1.0,1,0.10666711933013137,48
1011,1,1600,837,763,0,0,0,1.0,1,1.0,1,1.0,1,0.11420766429854641,48
1012,2,1602,839,763,0,0,0,1.0,1,1.0,1,1.0,1,0.14756193782272178,49
1013,2,1604,840,764,0,0,0,1.0,1,1.0,1,1.0,1,0.13642194111808253,50
1014,1,1605,841,764,0,0,0,1.0,1,1.0,1,1.0,1,0.1508248657161529,50
1015,1,1606,841,765,0,0,0,1.0,1,1.0,1,1.0,1,0.16774570586821047,51
1016,2,1608,842,766,0,0,0,1.0,1,1.0,1,1.0,1,0.19832708073615005,51
1017,4,1612,843,769,0,0,0,1.0,1,1.0,1,1.0,1,0.17743941493325127,52
1018,4,1616,843,773,0,0,0,1.0,1,1.0,1,1.0,1,0.1760113581092182,52
1019,5,1621,844,777,0,0,0,1.0,1,1.0,1,1.0,1,0.20601427461771088,52
1020,4,1625,844,781,0,0,0,1.0,1,1.0,1,1.0,1,0.1811986540484896,53
1021,4,1629,844,785,0,0,0,1.0,1,1.0,1,1.0,1,0.17951621364830006,53
1022,5,1634,844,790,0,0,0,1.0,1,1.0,1,1.0,1,0.17149946842395178,54
1023,1,1635,844,791,0,0,0,1.0,1,1.0,1,1.0,1,0.12578442911640356,55
1024,0,1635,844,791,0,0,0,1.0,1,1.0,1,1.0,1,0.13743293886237057,55
1025,3,1638,844,794,0,0,0,1.0,1,1.0,1,1.0,1,0.14000980158302645,56
1026,2,1640,844,796,0,0,0,1.0,1,1.0,1,1.0,1,0.1263976991141811,57
1027,0,1640,844,796,0,0,0,1.0,1,1.0,1,1.0,1,0.10552927342878307,58
1028,3,1643,846,797,0,0,0,1.0,1,1.0,1,1.0,1,0.12751683316337611,58
1029,3,1646,847,799,0,0,0,1.0,1,1.0,1,1.0,1,0.1401449474028093,59
1030,0,1646,847,799,0,0,0,1.0,1,1.0,1,1.0,1,0.13472781158331976,60
1031,1,1647,848,799,0,0,0,1.0,1,1.0,1,1.0,1,0.1599239871924694,60
1032,0,1647,848,799,0,0,0,1.0,1,1.0,1,1.0,1,0.16685260480871061,61
1033,0,1647,848,799,0,0,0,1.0,1,1.0,1,1.0,1,0.17343585853125318,60
1034,5,1652,851,801,0,0,0,1.0,1,1.0,1,1.0,1,0.13138935494391135,60
1035,3,1655,853,802,0,0,0,1.0,1,1.0,1,1.0,1,0.1586115448328366,59
1036,2,1657,855,802,0,0,0,1.0,1,1.0,1,1.0,1,0.16353347254812944,60
1037,3,1660,858,802,0,0,0,1.0,1,1.0,1,1.0,1,0.19617620895816024,59
1038,1,1661,859,802,0,0,0,1.0,1,1.0,1,1.0,1,0.19662501230909507,60
1039,4,1665,862,803,0,0,0,1.0,1,1.0,1,1.0,1,0.2319977514663738,60
1040,2,1667,863,804,0,0,0,1.0,1,1.0,1,1.0,1,0.23232642396654815,58
1041,1,1668,864,804,0,0,0,1.0,1,1.0,1,1.0,1,0.24024788093222635,56
1042,0,1668,864,804,0,0,0,1.0,1,1.0,1,1.0,1,0.23557867447970668,55
1043,0,1668,864,804,0,0,0,1.0,1,1.0,1,1.0,1,0.23557867447970668,55
1044,0,1668,864,804,0,0,0,1.0,1,1.0,1,1.0,1,0.2177503265753391,52
1045,0,1668,864,804,0,0,0,1.0,1,1.0,1,1.0,1,0.19718001647247801,52
1046,1,1669,865,804,0,0,0,1.0,1,1.0,1,1.0,1,0.2236867028122659,53
1047,1,1670,866,804,0,0,0,1.0,1,1.0,1,1.0,1,0.21723593875371638,54
1048,2,1672,867,805,0,0,0,1.0,1,1.0,1,1.0,1,0.22412332810649002,56
1049,1,1673,868,805,0,0,0,1.0,1,1.0,1,1.0,1,0.24284679086409489,55
1050,1,1674,869,805,0,0,0,1.0,1,1.0,1,1.0,1,0.23437419364874199,56
1051,6,1680,869,811,0,0,0,1.0,1,1.0,1,1.0,1,0.12801883774042433,55
1052,2,1682,869,813,0,0,0,1.0,1,1.0,1,1.0,1,0.11311895191549719,56
1053,1,1683,870,813,0,0,0,1.0,1,1.0,1,1.0,1,0.12820664091691736,56
1054,0,1683,870,813,0,0,0,1.0,1,1.0,1,1.0,1,0.11949544751364252,57
1055,0,1683,870,813,0,0,0,1.0,1,1.0,1,1.0,1,0.10911696254378286,58
1056,0,1683,870,813,0,0,0,1.0,1,1.0,1,1.0,1,0.11922235098960873,59
1057,1,1684,870,814,0,0,0,1.0,1,1.0,1,1.0,1,0.11589550973713436,60
1058,1,1685,871,814,0,0,0,1.0,1,1.0,1,1.0,1,0.1270239365940884,60
1059,2,1687,872,815,0,0,0,1.0,1,1.0,1,1.0,1,0.12195320968793068,60
1060,2,1689,874,815,0,0,0,1.0,1,1.0,1,1.0,1,0.140347795792939,60
1061,4,1693,878,815,0,0,0,1.0,1,1.0,1,1.0,1,0.14911495521164866,59
1062,0,1693,878,815,0,0,0,1.0,1,1.0,1,1.0,1,0.14968363468448398,59
1063,2,1695,880,815,0,0,0,1.0,1,1.0,1,1.0,1,0.15329239947318588,58
1064,2,1697,882,815,0,0,0,1.0,1,1.0,1,1.0,1,0.21413226228363105,58
1065,3,1700,885,815,0,0,0,1.0,1,1.0,1,1.0,1,0.1591440891255574,60
1066,0,1700,885,815,0,0,0,1.0,1,1.0,1,1.0,1,0.19268250732300923,58
1067,1,1701,886,815,0,0,0,1.0,1,1.0,1,1.0,1,0.23012551432304934,59
1068,1,1702,887,815,0,0,0,1.0,1,1.0,1,1.0,1,0.2169164932143996,59
1069,0,1702,887,815,0,0,0,1.0,1,1.0,1,1.0,1,0.2501987044448997,58
1070,2,1704,889,815,0,0,0,1.0,1,1.0,1,1.0,1,0.2209138550241019,58
1071,0,1704,889,815,0,0,0,1.0,1,1.0,1,1.0,1,0.23683058380577948,57
1072,1,1705,890,815,0,0,0,1.0,1,1.0,1,1.0,1,0.26311057512108027,56
1073,1,1706,891,815,0,0,0,1.0,1,1.0,1,1.0,1,0.2911582321278232,54
1074,1,1707,892,815,0,0,0,1.0,1,1.0,1,1.0,1,0.30317390990926935,54
1075,2,1709,894,815,0,0,0,1.0,1,1.0,1,1.0,1,0.31786521946511864,51
1076,11,1720,895,825,0,0,0,1.0,1,1.0,1,1.0,1,0.21467158112439036,51
1077,4,1724,897,827,0,0,0,1.0,1,1.0,1,1.0,1,0.1816852614481023,51
1078,2,1726,898,828,0,0,0,1.0,1,1.0,1,1.0,1,0.1703080189248203,52
1079,3,1729,901,828,0,0,0,1.0,1,1.0,1,1.0,1,0.19977585698456649,51
1080,2,1731,903,828,0,0,0,1.0,1,1.0,1,1.0,1,0.22705095185006038,51
1081,1,1732,904,828,0,0,0,1.0,1,1.0,1,1.0,1,0.25328847676211796,48
1082,1,1733,905,828,0,0,0,1.0,1,1.0,1,1.0,1,0.26880423224588196,47
1083,3,1736,906,830,0,0,0,1.0,1,1.0,1,1.0,1,0.28172460434151403,46
1084,0,1736,906,830,0,0,0,1.0,1,1.0,1,1.0,1,0.2735091922545815,45
1085,0,1736,906,830,0,0,0,1.0,1,1.0,1,1.0,1,0.25651160013463836,46
1086,0,1736,906,830,0,0,0,1.0,1,1.0,1,1.0,1,0.24825618334189975,45
1087,0,1736,906,830,0,0,0,1.0,1,1.0,1,1.0,1,0.277344444991254,44
1088,2,1738,908,830,0,0,0,1.0,1,1.0,1,1.0,1,0.2439859349314601,45
1089,2,1740,910,830,0,0,0,1.0,1,1.0,1,1.0,1,0.24220114622663158,46
1090,1,1741,910,831,0,0,0,1.0,1,1.0,1,1.0,1,0.22941488119703268,47
1091,1,1742,911,831,0,0,0,1.0,1,1.0,1,1.0,1,0.21520849644332807,47
1092,0,1742,911,831,0,0,0,1.0,1,1.0,1,1.0,1,0.20853734482584974,48
1093,2,1744,912,832,0,0,0,1.0,1,1.0,1,1.0,1,0.20816250035195297,48
1094,3,1747,914,833,0,0,0,1.0,1,1.0,1,1.0,1,0.25994180917958776,48
1095,2,1749,914,835,0,0,0,1.0,1,1.0,1,1.0,1,0.2699205243768093,49
1096,2,1751,915,836,0,0,0,1.0,1,1.0,1,1.0,1,0.2801692036158515,49
1097,1,1752,916,836,0,0,0,1.0,1,1.0,1,1.0,1,0.2956030781418818,50
1098,1,1753,916,837,0,0,0,1.0,1,1.0,1,1.0,1,0.2916807352402307,51
1099,2,1755,916,839,0,0,0,1.0,1,1.0,1,1.0,1,0.26167242935611157,54
1100,4,1759,918,841,0,0,0,1.0,1,1.0,1,1.0,1,0.24478280237038313,54
1101,4,1763,918,845,0,0,0,1.0,1,1.0,1,1.0,1,0.20302760950003124,54
1102,2,1765,918,847,0,0,0,1.0,1,1.0,1,1.0,1,0.1601956297726968,54
1103,0,1765,918,847,0,0,0,1.0,1,1.0,1,1.0,1,0.17095406636477364,53
1104,4,1769,920,849,0,0,0,1.0,1,1.0,1,1.0,1,0.15757881044669264,53
1105,0,1769,920,849,0,0,0,1.0,1,1.0,1,1.0,1,0.17122852796249521,52
1106,0,1769,920,849,0,0,0,1.0,1,1.0,1,1.0,1,0.20448692303318014,52
1107,2,1771,921,850,0,0,0,1.0,1,1.0,1,1.0,1,0.2017239162851547,52
1108,1,1772,921,851,0,0,0,1.0,1,1.0,1,1.0,1,0.20006635478409932,51
1109,3,1775,924,851,0,0,0,1.0,1,1.0,1,1.0,1,0.20895959605013611,49
1110,0,1775,924,851,0,0,0,1.0,1,1.0,1,1.0,1,0.22469421653178928,48
1111,2,1777,926,851,0,0,0,1.0,1,1.0,1,1.0,1,0.27532157628110554,47
1112,3,1780,927,853,0,0,0,1.0,1,1.0,1,1.0,1,0.30491581722463496,46
1113,1,1781,928,853,0,0,0,1.0,1,1.0,1,1.0,1,0.33303214950683624,43
1114,0,1781,928,853,0,0,0,1.0,1,1.0,1,1.0,1,0.3474804531204404,41
1115,2,1783,930,853,0,0,0,1.0,1,1.0,1,1.0,1,0.3333131495853569,40
1116,0,1783,930,853,0,0,0,1.0,1,1.0,1,1.0,1,0.3217115333082839,39
1117,2,1785,932,853,0,0,0,1.0,1,1.0,1,1.0,1,0.3292056348830134,40
1118,0,1785,932,853,0,0,0,1.0,1,1.0,1,1.0,1,0.3158762675710805,40
1119,0,1785,932,853,0,0,0,1.0,1,1.0,1,1.0,1,0.3158762675710805,40
1120,0,1785,932,853,0,0,0,1.0,1,1.0,1,1.0,1,0.3158762675710805,40
1121,2,1787,934,853,0,0,0,1.0,1,1.0,1,1.0,1,0.36809619185874337,40
1122,0,1787,934,853,0,0,0,1.0,1,1.0,1,1.0,1,0.3684996470029931,41
1123,3,1790,936,854,0,0,0,1.0,1,1.0,1,1.0,1,0.3963918249696856,41
1124,0,1790,936,854,0,0,0,1.0,1,1.0,1,1.0,1,0.3963918249696856,41
1125,1,1791,937,854,0,0,0,1.0,1,1.0,1,1.0,1,0.4378925265609929,41
1126,9,1800,937,863,0,0,0,1.0,1,1.0,1,1.0,1,0.30797261776079243,41
1127,2,1802,937,865,0,0,0,1.0,1,1.0,1,1.0,1,0.27840552582843003,41
1128,1,1803,937,866,0,0,0,1.0,1,1.0,1,1.0,1,0.28133759562881344,42
1129,2,1805,938,867,0,0,0,1.0,1,1.0,1,1.0,1,0.2704136040341293,42
1130,0,1805,938,867,0,0,0,1.0,1,1.0,1,1.0,1,0.2704136040341293,42
1131,2,1807,938,869,0,0,0,1.0,1,1.0,1,1.0,1,0.2704136040341293,42
1132,2,1809,938,871,0,0,0,1.0,1,1.0,1,1.0,1,0.23723050817035973,43
1133,3,1812,938,874,0,0,0,1.0,1,1.0,1,1.0,1,0.21323443458641395,45
1134,1,1813,938,875,0,0,0,1.0,1,1.0,1,1.0,1,0.20924130410744715,46
1135,1,1814,938,876,0,0,0,1.0,1,1.0,1,1.0,1,0.23500622624572481,45
1136,3,1817,938,879,0,0,0,1.0,1,1.0,1,1.0,1,0.2258694066096646,48
1137,5,1822,938,884,0,0,0,1.0,1,1.0,1,1.0,1,0.22362422644708937,49
1138,3,1825,938,887,0,0,0,1.0,1,1.0,1,1.0,1,0.20724429118669024,49
1139,6,1831,938,893,0,0,0,1.0,1,1.0,1,1.0,1,0.20875858487734797,49
1140,3,1834,938,896,0,0,0,1.0,1,1.0,1,1.0,1,0.20040138657792855,49
1141,2,1836,939,897,0,0,0,1.0,1,1.0,1,1.0,1,0.23935063639892154,48
1142,1,1837,940,897,0,0,0,1.0,1,1.0,1,1.0,1,0.22640734643811153,48
1143,4,1841,942,899,0,0,0,1.0,1,1.0,1,1.0,1,0.23036418198290323,48
1144,1,1842,943,899,0,0,0,1.0,1,1.0,1,1.0,1,0.21905560334996355,48
1145,0,1842,943,899,0,0,0,1.0,1,1.0,1,1.0,1,0.2364654001195262,48
1146,1,1843,943,900,0,0,0,1.0,1,1.0,1,1.0,1,0.24713407085728453,48
1147,0,1843,943,900,0,0,0,1.0,1,1.0,1,1.0,1,0.28953815902363383,46
1148,0,1843,943,900,0,0,0,1.0,1,1.0,1,1.0,1,0.28953815902363383,46
1149,1,1844,943,901,0,0,0,1.0,1,1.0,1,1.0,1,0.3272153515259662,45
1150,1,1845,944,901,0,0,0,1.0,1,1.0,1,1.0,1,0.31888734703503785,46
1151,10,1855,946,909,0,0,0,1.0,1,1.0,1,1.0,1,0.24159994336024107,44
1152,0,1855,946,909,0,0,0,1.0,1,1.0,1,1.0,1,0.2162198958049409,44
1153,3,1858,949,909,0,0,0,1.0,1,1.0,1,1.0,1,0.2913633619160871,43
1154,2,1860,949,911,0,0,0,1.0,1,1.0,1,1.0,1,0.2574915721064807,43
1155,3,1863,950,913,0,0,0,1.0,1,1.0,1,1.0,1,0.26987708546305417,43
1156,2,1865,950,915,0,0,0,1.0,1,1.0,1,1.0,1,0.23119904178778722,42
1157,0,1865,950,915,0,0,0,1.0,1,1.0,1,1.0,1,0.23246155862873222,42
1158,0,1865,950,915,0,0,0,1.0,1,1.0,1,1.0,1,0.21996446123210836,41
1159,0,1865,950,915,0,0,0,1.0,1,1.0,1,1.0,1,0.21937667492305707,41
1160,0,1865,950,915,0,0,0,1.0,1,1.0,1,1.0,1,0.21937667492305707,41
1161,0,1865,950,915,0,0,0,1.0,1,1.0,1,1.0,1,0.22023278856411796,42
1162,7,1872,950,922,0,0,0,1.0,1,1.0,1,1.0,1,0.20038584438796758,43
1163,3,1875,950,925,0,0,0,1.0,1,1.0,1,1.0,1,0.23236131665821544,43
1164,8,1883,950,933,0,0,0,1.0,1,1.0,1,1.0,1,0.21661491216142975,44
1165,9,1892,950,942,0,0,0,1.0,1,1.0,1,1.0,1,0.18711534038226393,44
1166,5,1897,950,947,0,0,0,1.0,1,1.0,1,1.0,1,0.1741931807061495,46
1167,2,1899,951,948,0,0,0,1.0,1,1.0,1,1.0,1,0.21163071962344743,46
1168,2,1901,951,950,0,0,0,1.0,1,1.0,1,1.0,1,0.16726202667469756,47
1169,0,1901,951,950,0,0,0,1.0,1,1.0,1,1.0,1,0.15149687816915702,46
1170,0,1901,951,950,0,0,0,1.0,1,1.0,1,1.0,1,0.16150952884430064,48
1171,1,1902,952,950,0,0,0,1.0,1,1.0,1,1.0,1,0.1796258782651436,49
1172,4,1906,952,954,0,0,0,1.0,1,1.0,1,1.0,1,0.15978600600770348,49
1173,2,1908,952,956,0,0,0,1.0,1,1.0,1,1.0,1,0.15978600600770348,49
1174,2,1910,953,957,0,0,0,1.0,1,1.0,1,1.0,1,0.170059406121139,49
1175,1,1911,953,958,0,0,0,1.0,1,1.0,1,1.0,1,0.1887563163548825,50
1176,4,1915,953,962,0,0,0,1.0,1,1.0,1,1.0,1,0.16712190063673818,52
1177,3,1918,955,963,0,0,0,1.0,1,1.0,1,1.0,1,0.19217655291115435,52
1178,0,1918,955,963,0,0,0,1.0,1,1.0,1,1.0,1,0.19217655291115435,52
1179,0,1918,955,963,0,0,0,1.0,1,1.0,1,1.0,1,0.17199534998098082,53
1180,0,1918,955,963,0,0,0,1.0,1,1.0,1,1.0,1,0.16224757464592535,54
1181,3,1921,955,966,0,0,0,1.0,1,1.0,1,1.0,1,0.16088860813817724,55
1182,2,1923,955,968,0,0,0,1.0,1,1.0,1,1.0,1,0.16088860813817724,55
1183,2,1925,956,969,0,0,0,1.0,1,1.0,1,1.0,1,0.1918315172385811,53
1184,1,1926,957,969,0,0,0,1.0,1,1.0,1,1.0,1,0.19853302293809072,54
1185,1,1927,957,970,0,0,0,1.0,1,1.0,1,1.0,1,0.1966301698224751,53
1186,2,1929,958,971,0,0,0,1.0,1,1.0,1,1.0,1,0.21823281990705995,54
1187,3,1932,959,973,0,0,0,1.0,1,1.0,1,1.0,1,0.2579946885425124,55
1188,4,1936,959,977,0,0,0,1.0,1,1.0,1,1.0,1,0.2579946885425124,55
1189,2,1938,959,979,0,0,0,1.0,1,1.0,1,1.0,1,0.25832224630211226,54
1190,1,1939,959,980,0,0,0,1.0,1,1.0,1,1.0,1,0.23157805718194116,55
1191,2,1941,959,982,0,0,0,1.0,1,1.0,1,1.0,1,0.20648372411145857,54
1192,0,1941,959,982,0,0,0,1.0,1,1.0,1,1.0,1,0.18580392101017992,52
1193,0,1941,959,982,0,0,0,1.0,1,1.0,1,1.0,1,0.19266318529040033,53
1194,1,1942,960,982,0,0,0,1.0,1,1.0,1,1.0,1,0.18094131421773277,53
1195,0,1942,960,982,0,0,0,1.0,1,1.0,1,1.0,1,0.16540503240858925,54
1196,0,1942,960,982,0,0,0,1.0,1,1.0,1,1.0,1,0.18077631605091124,56
1197,2,1944,962,982,0,0,0,1.0,1,1.0,1,1.0,1,0.17405643455063138,56
1198,4,1948,963,985,0,0,0,1.0,1,1.0,1,1.0,1,0.15959837990884704,58
1199,1,1949,964,985,0,0,0,1.0,1,1.0,1,1.0,1,0.1529483558012357,58
1200,0,1949,964,985,0,0,0,1.0,1,1.0,1,1.0,1,0.1529483558012357,58
1201,5,1954,965,989,0,0,0,1.0,1,1.0,1,1.0,1,0.14933543481890238,58
1202,1,1955,965,990,0,0,0,1.0,1,1.0,1,1.0,1,0.1159674907717408,60
1203,0,1955,965,990,0,0,0,1.0,1,1.0,1,1.0,1,0.1270507791415504,58
1204,1,1956,966,990,0,0,0,1.0,1,1.0,1,1.0,1,0.14903525015979324,59
1205,1,1957,967,990,0,0,0,1.0,1,1.0,1,1.0,1,0.17221061364169007,59
1206,1,1958,967,991,0,0,0,1.0,1,1.0,1,1.0,1,0.18300491837862037,58
1207,1,1959,968,991,0,0,0,1.0,1,1.0,1,1.0,1,0.17622655244646013,60
1208,0,1959,968,991,0,0,0,1.0,1,1.0,1,1.0,1,0.17622655244646013,60
1209,2,1961,969,992,0,0,0,1.0,1,1.0,1,1.0,1,0.16775112237683332,61
1210,1,1962,969,993,0,0,0,1.0,1,1.0,1,1.0,1,0.15693488515595078,61
1211,1,1963,970,993,0,0,0,1.0,1,1.0,1,1.0,1,0.13334368314593076,63
1212,1,1964,971,993,0,0,0,1.0,1,1.0,1,1.0,1,0.1273198602218126,63
1213,0,1964,971,993,0,0,0,1.0,1,1.0,1,1.0,1,0.1273198602218126,63
1214,3,1967,973,994,0,0,0,1.0,1,1.0,1,1.0,1,0.19666907489395072,62
1215,0,1967,973,994,0,0,0,1.0,1,1.0,1,1.0,1,0.18951070680148988,63
1216,2,1969,974,995,0,0,0,1.0,1,1.0,1,1.0,1,0.2245576453338905,64
1217,1,1970,974,996,0,0,0,1.0,1,1.0,1,1.0,1,0.2198155498425989,65
1218,0,1970,974,996,0,0,0,1.0,1,1.0,1,1.0,1,0.23406028108782795,64
1219,0,1970,974,996,0,0,0,1.0,1,1.0,1,1.0,1,0.24187563821552205,65
1220,1,1971,975,996,0,0,0,1.0,1,1.0,1,1.0,1,0.24813670103507066,64
1221,2,1973,977,996,0,0,0,1.0,1,1.0,1,1.0,1,0.23553539873203225,65
1222,4,1977,980,997,0,0,0,1.0,1,1.0,1,1.0,1,0.19633079810191892,66
1223,1,1978,981,997,0,0,0,1.0,1,1.0,1,1.0,1,0.19954393830104075,64
1224,4,1982,984,998,0,0,0,1.0,1,1.0,1,1.0,1,0.17377129430407265,66
1225,3,1985,987,998,0,0,0,1.0,1,1.0,1,1.0,1,0.1866003725950249,66
1226,7,1992,988,1004,0,0,0,1.0,1,1.0,1,1.0,1,0.16701926486145954,68
1227,2,1994,989,1005,0,0,0,1.0,1,1.0,1,1.0,1,0.15858144088333065,64
1228,0,1994,989,1005,0,0,0,1.0,1,1.0,1,1.0,1,0.1704473870939574,62
1229,0,1994,989,1005,0,0,0,1.0,1,1.0,1,1.0,1,0.15972649256947735,61
1230,0,1994,989,1005,0,0,0,1.0,1,1.0,1,1.0,1,0.17497628277916438,58
1231,0,1994,989,1005,0,0,0,1.0,1,1.0,1,1.0,1,0.16713100281977095,57
1232,2,1996,990,1006,0,0,0,1.0,1,1.0,1,1.0,1,0.18193546133736616,53
1233,1,1997,991,1006,0,0,0,1.0,1,1.0,1,1.0,1,0.19676249754578737,53
1234,0,1997,991,1006,0,0,0,1.0,1,1.0,1,1.0,1,0.1841571564197628,54
1235,0,1997,991,1006,0,0,0,1.0,1,1.0,1,1.0,1,0.21135474560474984,55
1236,2,1999,993,1006,0,0,0,1.0,1,1.0,1,1.0,1,0.2417541697506552,55
1237,1,2000,993,1007,0,0,0,1.0,1,1.0,1,1.0,1,0.23490634289478693,55
1238,1,2001,994,1007,0,0,0,1.0,1,1.0,1,1.0,1,0.2601837836074248,54
1239,0,2001,994,1007,0,0,0,1.0,1,1.0,1,1.0,1,0.2538766506681792,55
1240,0,2001,994,1007,0,0,0,1.0,1,1.0,1,1.0,1,0.2538766506681792,55
1241,0,2001,994,1007,0,0,0,1.0,1,1.0,1,1.0,1,0.24200379184842086,54
1242,0,2001,994,1007,0,0,0,1.0,1,1.0,1,1.0,1,0.24688303921644283,54
1243,0,2001,994,1007,0,0,0,1.0,1,1.0,1,1.0,1,0.24695436627303952,55
1244,0,2001,994,1007,0,0,0,1.0,1,1.0,1,1.0,1,0.23740256073172392,55
1245,1,2002,995,1007,0,0,0,1.0,1,1.0,1,1.0,1,0.2586812007907706,55
1246,0,2002,995,1007,0,0,0,1.0,1,1.0,1,1.0,1,0.27990398337399525,55
1247,2,2004,996,1008,0,0,0,1.0,1,1.0,1,1.0,1,0.30598852995296844,57
1248,0,2004,996,1008,0,0,0,1.0,1,1.0,1,1.0,1,0.31952875163205396,56
1249,6,2010,1001,1009,0,0,0,1.0,1,1.0,1,1.0,1,0.35649618647673625,56
1250,4,2014,1004,1010,0,0,0,1.0,1,1.0,1,1.0,1,0.3452391174999843,56
1251,10,2024,1004,1020,0,0,0,1.0,1,1.0,1,1.0,1,0.2062233690146979,58
1252,0,2024,1004,1020,0,0,0,1.0,1,1.0,1,1.0,1,0.2062233690146979,58
1253,2,2026,1006,1020,0,0,0,1.0,1,1.0,1,1.0,1,0.23392713991077654,58
1254,1,2027,1006,1021,0,0,0,1.0,1,1.0,1,1.0,1,0.197635749835899,60
1255,3,2030,1006,1024,0,0,0,1.0,1,1.0,1,1.0,1,0.19554991355456483,61
1256,2,2032,1006,1026,0,0,0,1.0,1,1.0,1,1.0,1,0.19554991355456483,61
1257,3,2035,1007,1028,0,0,0,1.0,1,1.0,1,1.0,1,0.22168116285032125,62
1258,4,2039,1007,1032,0,0,0,1.0,1,1.0,1,1.0,1,0.20235553841212967,63
1259,2,2041,1007,1034,0,0,0,1.0,1,1.0,1,1.0,1,0.20235553841212967,63
1260,3,2044,1007,1037,0,0,0,1.0,1,1.0,1,1.0,1,0.20019422763283515,63
1261,3,2047,1007,1040,0,0,0,1.0,1,1.0,1,1.0,1,0.21481734037947597,63
1262,4,2051,1007,1044,0,0,0,1.0,1,1.0,1,1.0,1,0.1941437859385809,64
1263,2,2053,1008,1045,0,0,0,1.0,1,1.0,1,1.0,1,0.22229088643236408,63
1264,1,2054,1008,1046,0,0,0,1.0,1,1.0,1,1.0,1,0.1948286680181528,63
1265,3,2057,1011,1046,0,0,0,1.0,1,1.0,1,1.0,1,0.2340691999567049,60
1266,2,2059,1012,1047,0,0,0,1.0,1,1.0,1,1.0,1,0.21459247977695264,61
1267,0,2059,1012,1047,0,0,0,1.0,1,1.0,1,1.0,1,0.22329274124403561,58
1268,1,2060,1013,1047,0,0,0,1.0,1,1.0,1,1.0,1,0.2661875044852785,54
1269,2,2062,1014,1048,0,0,0,1.0,1,1.0,1,1.0,1,0.22658622187983363,54
1270,1,2063,1014,1049,0,0,0,1.0,1,1.0,1,1.0,1,0.22271479110676692,51
1271,0,2063,1014,1049,0,0,0,1.0,1,1.0,1,1.0,1,0.24103637385774282,50
1272,0,2063,1014,1049,0,0,0,1.0,1,1.0,1,1.0,1,0.26527167263683066,47
1273,0,2063,1014,1049,0,0,0,1.0,1,1.0,1,1.0,1,0.26527167263683066,47
1274,1,2064,1014,1050,0,0,0,1.0,1,1.0,1,1.0,1,0.260358745989467,49
1275,3,2067,1016,1051,0,0,0,1.0,1,1.0,1,1.0,1,0.3036446401661266,48
1276,9,2076,1020,1056,0,0,0,1.0,1,1.0,1,1.0,1,0.26092089722940753,49
1277,7,2083,1024,1059,0,0,0,1.0,1,1.0,1,1.0,1,0.22942693574862338,50
1278,3,2086,1024,1062,0,0,0,1.0,1,1.0,1,1.0,1,0.21357361965218127,51
1279,0,2086,1024,1062,0,0,0,1.0,1,1.0,1,1.0,1,0.21357361965218127,51
1280,0,2086,1024,1062,0,0,0,1.0,1,1.0,1,1.0,1,0.20214061859466767,52
1281,0,2086,1024,1062,0,0,0,1.0,1,1.0,1,1.0,1,0.20214061859466767,52
1282,1,2087,1025,1062,0,0,0,1.0,1,1.0,1,1.0,1,0.19463931749418154,52
1283,1,2088,1026,1062,0,0,0,1.0,1,1.0,1,1.0,1,0.2311614332036085,52
1284,2,2090,1027,1063,0,0,0,1.0,1,1.0,1,1.0,1,0.24583843657882792,52
1285,0,2090,1027,1063,0,0,0,1.0,1,1.0,1,1.0,1,0.27575076354015887,51
1286,2,2092,1027,1065,0,0,0,1.0,1,1.0,1,1.0,1,0.2695705524810403,52
1287,3,2095,1028,1067,0,0,0,1.0,1,1.0,1,1.0,1,0.2875194079131066,54
1288,2,2097,1029,1068,0,0,0,1.0,1,1.0,1,1.0,1,0.26916111158423217,55
1289,2,2099,1030,1069,0,0,0,1.0,1,1.0,1,1.0,1,0.22868842135745682,56
1290,2,2101,1031,1070,0,0,0,1.0,1,1.0,1,1.0,1,0.209993530933989,57
1291,1,2102,1031,1071,0,0,0,1.0,1,1.0,1,1.0,1,0.20536027831823875,58
1292,2,2104,1033,1071,0,0,0,1.0,1,1.0,1,1.0,1,0.18908908441585429,59
1293,0,2104,1033,1071,0,0,0,1.0,1,1.0,1,1.0,1,0.18908908441585429,59
1294,1,2105,1033,1072,0,0,0,1.0,1,1.0,1,1.0,1,0.180184552540099,59
1295,0,2105,1033,1072,0,0,0,1.0,1,1.0,1,1.0,1,0.180184552540099,59
1296,0,2105,1033,1072,0,0,0,1.0,1,1.0,1,1.0,1,0.20104907069038674,59
1297,0,2105,1033,1072,0,0,0,1.0,1,1.0,1,1.0,1,0.2027558008481801,61
1298,1,2106,1033,1073,0,0,0,1.0,1,1.0,1,1.0,1,0.21729062671076307,61
1299,2,2108,1034,1074,0,0,0,1.0,1,1.0,1,1.0,1,0.21007843262532716,60
1300,0,2108,1034,1074,0,0,0,1.0,1,1.0,1,1.0,1,0.20957613031695255,59
1301,9,2117,1035,1082,0,0,0,1.0,1,1.0,1,1.0,1,0.1748598220238395,59
1302,0,2117,1035,1082,0,0,0,1.0,1,1.0,1,1.0,1,0.1748598220238395,59
1303,2,2119,1037,1082,0,0,0,1.0,1,1.0,1,1.0,1,0.21886269527959365,55
1304,1,2120,1038,1082,0,0,0,1.0,1,1.0,1,1.0,1,0.2098146458347945,56
1305,1,2121,1039,1082,0,0,0,1.0,1,1.0,1,1.0,1,0.23309153565495638,54
1306,1,2122,1040,1082,0,0,0,1.0,1,1.0,1,1.0,1,0.23387440529634682,53
1307,3,2125,1042,1083,0,0,0,1.0,1,1.0,1,1.0,1,0.22773514285277657,52
1308,2,2127,1044,1083,0,0,0,1.0,1,1.0,1,1.0,1,0.2704448857501546,52
1309,2,2129,1045,1084,0,0,0,1.0,1,1.0,1,1.0,1,0.2825388776804906,54
1310,1,2130,1046,1084,0,0,0,1.0,1,1.0,1,1.0,1,0.3082153945296183,52
1311,1,2131,1047,1084,0,0,0,1.0,1,1.0,1,1.0,1,0.2934752713370209,51
1312,1,2132,1048,1084,0,0,0,1.0,1,1.0,1,1.0,1,0.34311176134600757,49
1313,0,2132,1048,1084,0,0,0,1.0,1,1.0,1,1.0,1,0.35032193431651837,47
1314,1,2133,1048,1085,0,0,0,1.0,1,1.0,1,1.0,1,0.32020033511039614,46
1315,1,2134,1049,1085,0,0,0,1.0,1,1.0,1,1.0,1,0.3405644899516194,45
1316,1,2135,1049,1086,0,0,0,1.0,1,1.0,1,1.0,1,0.2991623573753326,46
1317,0,2135,1049,1086,0,0,0,1.0,1,1.0,1,1.0,1,0.2877500446227761,45
1318,1,2136,1049,1087,0,0,0,1.0,1,1.0,1,1.0,1,0.2881082664182049,46
1319,0,2136,1049,1087,0,0,0,1.0,1,1.0,1,1.0,1,0.2881082664182049,46
1320,1,2137,1049,1088,0,0,0,1.0,1,1.0,1,1.0,1,0.2751184757835049,46
1321,0,2137,1049,1088,0,0,0,1.0,1,1.0,1,1.0,1,0.2429096573977041,48
1322,1,2138,1049,1089,0,0,0,1.0,1,1.0,1,1.0,1,0.23963796418197095,49
1323,0,2138,1049,1089,0,0,0,1.0,1,1.0,1,1.0,1,0.23076854426258891,49
1324,0,2138,1049,1089,0,0,0,1.0,1,1.0,1,1.0,1,0.24517771354699558,50
1325,0,2138,1049,1089,0,0,0,1.0,1,1.0,1,1.0,1,0.2537135528021124,49
1326,10,2148,1050,1098,0,0,0,1.0,1,1.0,1,1.0,1,0.2088161699796525,50
1327,2,2150,1051,1099,0,0,0,1.0,1,1.0,1,1.0,1,0.2233044688542428,50
1328,1,2151,1051,1100,0,0,0,1.0,1,1.0,1,1.0,1,0.22902672842322447,49
1329,0,2151,1051,1100,0,0,0,1.0,1,1.0,1,1.0,1,0.22944204532045048,50
1330,1,2152,1052,1100,0,0,0,1.0,1,1.0,1,1.0,1,0.21892133286206533,50
1331,1,2153,1053,1100,0,0,0,1.0,1,1.0,1,1.0,1,0.24714228565207222,50
1332,3,2156,1055,1101,0,0,0,1.0,1,1.0,1,1.0,1,0.20879644454627955,51
1333,1,2157,1055,1102,0,0,0,1.0,1,1.0,1,1.0,1,0.19736451566543803,52
1334,1,2158,1055,1103,0,0,0,1.0,1,1.0,1,1.0,1,0.19877302589839424,54
1335,0,2158,1055,1103,0,0,0,1.0,1,1.0,1,1.0,1,0.19877302589839424,54
1336,3,2161,1055,1106,0,0,0,1.0,1,1.0,1,1.0,1,0.17139120790891738,56
1337,2,2163,1057,1106,0,0,0,1.0,1,1.0,1,1.0,1,0.24566120490149662,57
1338,1,2164,1057,1107,0,0,0,1.0,1,1.0,1,1.0,1,0.23836011092502551,57
1339,4,2168,1059,1109,0,0,0,1.0,1,1.0,1,1.0,1,0.2650622703399283,58
1340,3,2171,1059,1112,0,0,0,1.0,1,1.0,1,1.0,1,0.2667839383781344,59
1341,2,2173,1059,1114,0,0,0,1.0,1,1.0,1,1.0,1,0.24488580762027826,57
1342,0,2173,1059,1114,0,0,0,1.0,1,1.0,1,1.0,1,0.2285160453233807,57
1343,0,2173,1059,1114,0,0,0,1.0,1,1.0,1,1.0,1,0.22446542761381083,55
1344,0,2173,1059,1114,0,0,0,1.0,1,1.0,1,1.0,1,0.20691136917855388,54
1345,0,2173,1059,1114,0,0,0,1.0,1,1.0,1,1.0,1,0.21900910071540808,53
1346,0,2173,1059,1114,0,0,0,1.0,1,1.0,1,1.0,1,0.22516950678098782,53
1347,2,2175,1060,1115,0,0,0,1.0,1,1.0,1,1.0,1,0.24042277481004629,51
1348,0,2175,1060,1115,0,0,0,1.0,1,1.0,1,1.0,1,0.2538115860973322,52
1349,1,2176,1061,1115,0,0,0,1.0,1,1.0,1,1.0,1,0.2663620895500275,50
1350,1,2177,1062,1115,0,0,0,1.0,1,1.0,1,1.0,1,0.250465003688352,51
1351,7,2184,1062,1122,0,0,0,1.0,1,1.0,1,1.0,1,0.20044446505365168,50
1352,0,2184,1062,1122,0,0,0,1.0,1,1.0,1,1.0,1,0.19655992882371834,50
1353,1,2185,1062,1123,0,0,0,1.0,1,1.0,1,1.0,1,0.17233187271521686,50
1354,0,2185,1062,1123,0,0,0,1.0,1,1.0,1,1.0,1,0.19125604114344144,51
1355,1,2186,1062,1124,0,0,0,1.0,1,1.0,1,1.0,1,0.17114732241161568,53
1356,2,2188,1063,1125,0,0,0,1.0,1,1.0,1,1.0,1,0.19868342427478727,52
1357,1,2189,1063,1126,0,0,0,1.0,1,1.0,1,1.0,1,0.19591858269076595,52
1358,1,2190,1064,1126,0,0,0,1.0,1,1.0,1,1.0,1,0.19568332082349782,53
1359,4,2194,1066,1128,0,0,0,1.0,1,1.0,1,1.0,1,0.1955237414403013,54
1360,1,2195,1067,1128,0,0,0,1.0,1,1.0,1,1.0,1,0.1887262288050879,55
1361,1,2196,1068,1128,0,0,0,1.0,1,1.0,1,1.0,1,0.20136454999754785,55
1362,1,2197,1068,1129,0,0,0,1.0,1,1.0,1,1.0,1,0.1754907498425069,56
1363,0,2197,1068,1129,0,0,0,1.0,1,1.0,1,1.0,1,0.1754907498425069,56
1364,0,2197,1068,1129,0,0,0,1.0,1,1.0,1,1.0,1,0.1780632998356473,55
1365,0,2197,1068,1129,0,0,0,1.0,1,1.0,1,1.0,1,0.1890856621872125,56
1366,1,2198,1068,1130,0,0,0,1.0,1,1.0,1,1.0,1,0.18821856982202573,57
1367,0,2198,1068,1130,0,0,0,1.0,1,1.0,1,1.0,1,0.18821856982202573,57
1368,1,2199,1068,1131,0,0,0,1.0,1,1.0,1,1.0,1,0.19280948319160354,58
1369,2,2201,1069,1132,0,0,0,1.0,1,1.0,1,1.0,1,0.1998030615185091,59
1370,3,2204,1071,1133,0,0,0,1.0,1,1.0,1,1.0,1,0.20429810374686716,60
1371,0,2204,1071,1133,0,0,0,1.0,1,1.0,1,1.0,1,0.20349994488546216,59
1372,2,2206,1072,1134,0,0,0,1.0,1,1.0,1,1.0,1,0.22192802146961105,59
1373,1,2207,1073,1134,0,0,0,1.0,1,1.0,1,1.0,1,0.23550014963599747,59
1374,0,2207,1073,1134,0,0,0,1.0,1,1.0,1,1.0,1,0.23550014963599747,59
1375,2,2209,1073,1136,0,0,0,1.0,1,1.0,1,1.0,1,0.2281416153800693,62
1376,8,2217,1074,1143,0,0,0,1.0,1,1.0,1,1.0,1,0.16993256041609955,61
1377,4,2221,1074,1147,0,0,0,1.0,1,1.0,1,1.0,1,0.13495767321572616,63
1378,2,2223,1076,1147,0,0,0,1.0,1,1.0,1,1.0,1,0.19359158907507482,62
1379,2,2225,1078,1147,0,0,0,1.0,1,1.0,1,1.0,1,0.23497198966639077,61
1380,0,2225,1078,1147,0,0,0,1.0,1,1.0,1,1.0,1,0.22776021174607614,60
1381,1,2226,1079,1147,0,0,0,1.0,1,1.0,1,1.0,1,0.2591936551227406,58
1382,1,2227,1080,1147,0,0,0,1.0,1,1.0,1,1.0,1,0.23905246128060675,56
1383,1,2228,1080,1148,0,0,0,1.0,1,1.0,1,1.0,1,0.21740417007065832,57
1384,1,2229,1081,1148,0,0,0,1.0,1,1.0,1,1.0,1,0.2010939934661906,55
1385,2,2231,1082,1149,0,0,0,1.0,1,1.0,1,1.0,1,0.1849779899131702,55
1386,1,2232,1083,1149,0,0,0,1.0,1,1.0,1,1.0,1,0.18320986419975027,54
1387,0,2232,1083,1149,0,0,0,1.0,1,1.0,1,1.0,1,0.20040222173447172,53
1388,2,2234,1085,1149,0,0,0,1.0,1,1.0,1,1.0,1,0.2460319720611212,52
1389,0,2234,1085,1149,0,0,0,1.0,1,1.0,1,1.0,1,0.2696320730304116,52
1390,1,2235,1085,1150,0,0,0,1.0,1,1.0,1,1.0,1,0.26845731415710344,51
1391,0,2235,1085,1150,0,0,0,1.0,1,1.0,1,1.0,1,0.27762077198520635,52
1392,0,2235,1085,1150,0,0,0,1.0,1,1.0,1,1.0,1,0.26955683767209554,51
1393,2,2237,1086,1151,0,0,0,1.0,1,1.0,1,1.0,1,0.28452813249410197,51
1394,0,2237,1086,1151,0,0,0,1.0,1,1.0,1,1.0,1,0.29580291988393836,52
1395,1,2238,1086,1152,0,0,0,1.0,1,1.0,1,1.0,1,0.2883850282240399,52
1396,1,2239,1087,1152,0,0,0,1.0,1,1.0,1,1.0,1,0.277324091334866,53
1397,2,2241,1087,1154,0,0,0,1.0,1,1.0,1,1.0,1,0.24641229050228586,56
1398,0,2241,1087,1154,0,0,0,1.0,1,1.0,1,1.0,1,0.24641229050228586,56
1399,2,2243,1088,1155,0,0,0,1.0,1,1.0,1,1.0,1,0.24327488360636734,57
1400,3,2246,1090,1156,0,0,0,1.0,1,1.0,1,1.0,1,0.2631017252569377,57
1401,8,2254,1090,1164,0,0,0,1.0,1,1.0,1,1.0,1,0.14315068888112353,57
1402,3,2257,1093,1164,0,0,0,1.0,1,1.0,1,1.0,1,0.20043365919522424,57
1403,2,2259,1093,1166,0,0,0,1.0,1,1.0,1,1.0,1,0.1960514771622034,56
1404,4,2263,1094,1169,0,0,0,1.0,1,1.0,1,1.0,1,0.1899610029638865,58
1405,1,2264,1095,1169,0,0,0,1.0,1,1.0,1,1.0,1,0.24561448786275103,58
1406,1,2265,1095,1170,0,0,0,1.0,1,1.0,1,1.0,1,0.23459853059227856,58
1407,1,2266,1095,1171,0,0,0,1.0,1,1.0,1,1.0,1,0.24949064935887325,57
1408,2,2268,1095,1173,0,0,0,1.0,1,1.0,1,1.0,1,0.24320061461223685,58
1409,0,2268,1095,1173,0,0,0,1.0,1,1.0,1,1.0,1,0.23812315050280747,57
1410,0,2268,1095,1173,0,0,0,1.0,1,1.0,1,1.0,1,0.23812315050280747,57
1411,0,2268,1095,1173,0,0,0,1.0,1,1.0,1,1.0,1,0.25451603711198006,56
1412,0,2268,1095,1173,0,0,0,1.0,1,1.0,1,1.0,1,0.25457589646744677,55
1413,0,2268,1095,1173,0,0,0,1.0,1,1.0,1,1.0,1,0.25633665291771796,57
1414,0,2268,1095,1173,0,0,0,1.0,1,1.0,1,1.0,1,0.25633665291771796,57
1415,4,2272,1096,1176,0,0,0,1.0,1,1.0,1,1.0,1,0.2769049311515361,60
1416,4,2276,1096,1180,0,0,0,1.0,1,1.0,1,1.0,1,0.24394224109086823,61
1417,0,2276,1096,1180,0,0,0,1.0,1,1.0,1,1.0,1,0.22816398866492102,59
1418,0,2276,1096,1180,0,0,0,1.0,1,1.0,1,1.0,1,0.22725849783435095,60
1419,1,2277,1097,1180,0,0,0,1.0,1,1.0,1,1.0,1,0.239425382026219,59
1420,1,2278,1098,1180,0,0,0,1.0,1,1.0,1,1.0,1,0.2173638035357696,58
1421,1,2279,1099,1180,0,0,0,1.0,1,1.0,1,1.0,1,0.1966927209209191,57
1422,0,2279,1099,1180,0,0,0,1.0,1,1.0,1,1.0,1,0.1966927209209191,57
1423,1,2280,1100,1180,0,0,0,1.0,1,1.0,1,1.0,1,0.17830204098065583,56
1424,0,2280,1100,1180,0,0,0,1.0,1,1.0,1,1.0,1,0.18512783665775293,57
1425,1,2281,1101,1180,0,0,0,1.0,1,1.0,1,1.0,1,0.19751424908885648,54
1426,5,2286,1101,1185,0,0,0,1.0,1,1.0,1,1.0,1,0.16573729317353636,54
1427,2,2288,1102,1186,0,0,0,1.0,1,1.0,1,1.0,1,0.21456031134939085,53
1428,1,2289,1103,1186,0,0,0,1.0,1,1.0,1,1.0,1,0.21020204165398218,52
1429,0,2289,1103,1186,0,0,0,1.0,1,1.0,1,1.0,1,0.21020204165398218,52
1430,3,2292,1105,1187,0,0,0,1.0,1,1.0,1,1.0,1,0.21804746813556203,51
1431,0,2292,1105,1187,0,0,0,1.0,1,1.0,1,1.0,1,0.21791183753654841,51
1432,3,2295,1107,1188,0,0,0,1.0,1,1.0,1,1.0,1,0.20532795078992047,52
1433,0,2295,1107,1188,0,0,0,1.0,1,1.0,1,1.0,1,0.20532795078992047,52
1434,3,2298,1110,1188,0,0,0,1.0,1,1.0,1,1.0,1,0.20198395129357538,52
1435,1,2299,1111,1188,0,0,0,1.0,1,1.0,1,1.0,1,0.22801526689209142,50
1436,2,2301,1112,1189,0,0,0,1.0,1,1.0,1,1.0,1,0.23896099206219165,50
1437,1,2302,1113,1189,0,0,0,1.0,1,1.0,1,1.0,1,0.2657255730229634,49
1438,1,2303,1114,1189,0,0,0,1.0,1,1.0,1,1.0,1,0.2741687551826948,49
1439,1,2304,1115,1189,0,0,0,1.0,1,1.0,1,1.0,1,0.3026992384108847,50
1440,2,2306,1117,1189,0,0,0,1.0,1,1.0,1,1.0,1,0.3308759578260316,50
1441,1,2307,1118,1189,0,0,0,1.0,1,1.0,1,1.0,1,0.3468020520386737,51
1442,0,2307,1118,1189,0,0,0,1.0,1,1.0,1,1.0,1,0.36028601289289974,50
1443,0,2307,1118,1189,0,0,0,1.0,1,1.0,1,1.0,1,0.35832227562251123,51
1444,3,2310,1118,1192,0,0,0,1.0,1,1.0,1,1.0,1,0.3278407309651377,51
1445,3,2313,1119,1194,0,0,0,1.0,1,1.0,1,1.0,1,0.33620829212019704,51
1446,3,2316,1120,1196,0,0,0,1.0,1,1.0,1,1.0,1,0.3455168029653033,51
1447,2,2318,1120,1198,0,0,0,1.0,1,1.0,1,1.0,1,0.3249024226015102,51
1448,1,2319,1121,1198,0,0,0,1.0,1,1.0,1,1.0,1,0.33137438383632034,51
1449,1,2320,1121,1199,0,0,0,1.0,1,1.0,1,1.0,1,0.3235633968907466,51
1450,0,2320,1121,1199,0,0,0,1.0,1,1.0,1,1.0,1,0.31022813276826616,52
1451,9,2329,1121,1208,0,0,0,1.0,1,1.0,1,1.0,1,0.15300603848760558,54
1452,1,2330,1121,1209,0,0,0,1.0,1,1.0,1,1.0,1,0.16649741369116178,56
1453,4,2334,1123,1211,0,0,0,1.0,1,1.0,1,1.0,1,0.18878243414155357,56
1454,5,2339,1123,1216,0,0,0,1.0,1,1.0,1,1.0,1,0.17687265340075073,58
1455,4,2343,1125,1218,0,0,0,1.0,1,1.0,1,1.0,1,0.21278356964146672,55
1456,0,2343,1125,1218,0,0,0,1.0,1,1.0,1,1.0,1,0.22236675656706817,56
1457,1,2344,1126,1218,0,0,0,1.0,1,1.0,1,1.0,1,0.2657822759574437,54
1458,1,2345,1127,1218,0,0,0,1.0,1,1.0,1,1.0,1,0.2697542916268326,52
1459,1,2346,1128,1218,0,0,0,1.0,1,1.0,1,1.0,1,0.2676155830232199,52
1460,0,2346,1128,1218,0,0,0,1.0,1,1.0,1,1.0,1,0.25199045590901464,50
1461,2,2348,1130,1218,0,0,0,1.0,1,1.0,1,1.0,1,0.2551966974713868,53
1462,2,2350,1132,1218,0,0,0,1.0,1,1.0,1,1.0,1,0.26343063246283677,51
1463,1,2351,1133,1218,0,0,0,1.0,1,1.0,1,1.0,1,0.2624036152000355,51
1464,0,2351,1133,1218,0,0,0,1.0,1,1.0,1,1.0,1,0.2624036152000355,51
1465,0,2351,1133,1218,0,0,0,1.0,1,1.0,1,1.0,1,0.2728826025769132,49
1466,1,2352,1134,1218,0,0,0,1.0,1,1.0,1,1.0,1,0.29109619364669465,49
1467,1,2353,1135,1218,0,0,0,1.0,1,1.0,1,1.0,1,0.3481369558435171,47
1468,1,2354,1136,1218,0,0,0,1.0,1,1.0,1,1.0,1,0.348484920282475,48
1469,3,2357,1137,1220,0,0,0,1.0,1,1.0,1,1.0,1,0.3637587790725183,47
1470,2,2359,1138,1221,0,0,0,1.0,1,1.0,1,1.0,1,0.3281795694176432,49
1471,0,2359,1138,1221,0,0,0,1.0,1,1.0,1,1.0,1,0.3561141044145132,48
1472,2,2361,1139,1222,0,0,0,1.0,1,1.0,1,1.0,1,0.32033114001477675,48
1473,1,2362,1139,1223,0,0,0,1.0,1,1.0,1,1.0,1,0.3362230854231399,49
1474,0,2362,1139,1223,0,0,0,1.0,1,1.0,1,1.0,1,0.3362230854231399,49
1475,1,2363,1140,1223,0,0,0,1.0,1,1.0,1,1.0,1,0.32716222076508084,49
1476,8,2371,1141,1230,0,0,0,1.0,1,1.0,1,1.0,1,0.22273362696476448,51
1477,1,2372,1141,1231,0,0,0,1.0,1,1.0,1,1.0,1,0.21244394566932637,51
1478,2,2374,1141,1233,0,0,0,1.0,1,1.0,1,1.0,1,0.1762630307916976,52
1479,2,2376,1141,1235,0,0,0,1.0,1,1.0,1,1.0,1,0.17414135075979315,53
1480,2,2378,1142,1236,0,0,0,1.0,1,1.0,1,1.0,1,0.1769446843786625,53
1481,0,2378,1142,1236,0,0,0,1.0,1,1.0,1,1.0,1,0.1769446843786625,53
1482,1,2379,1143,1236,0,0,0,1.0,1,1.0,1,1.0,1,0.2176179859952618,52
1483,2,2381,1143,1238,0,0,0,1.0,1,1.0,1,1.0,1,0.1990891803505006,52
1484,1,2382,1143,1239,0,0,0,1.0,1,1.0,1,1.0,1,0.238144736866538,53
1485,1,2383,1143,1240,0,0,0,1.0,1,1.0,1,1.0,1,0.22859993013381885,53
1486,3,2386,1143,1243,0,0,0,1.0,1,1.0,1,1.0,1,0.2258323525257109,54
1487,0,2386,1143,1243,0,0,0,1.0,1,1.0,1,1.0,1,0.23289236244226752,55
1488,0,2386,1143,1243,0,0,0,1.0,1,1.0,1,1.0,1,0.24093438220123484,57
1489,1,2387,1144,1243,0,0,0,1.0,1,1.0,1,1.0,1,0.2237524448183458,58
1490,0,2387,1144,1243,0,0,0,1.0,1,1.0,1,1.0,1,0.2237524448183458,58
1491,1,2388,1145,1243,0,0,0,1.0,1,1.0,1,1.0,1,0.24628450958322515,59
1492,1,2389,1145,1244,0,0,0,1.0,1,1.0,1,1.0,1,0.23561685946990807,59
1493,2,2391,1146,1245,0,0,0,1.0,1,1.0,1,1.0,1,0.22789328012223842,58
1494,3,2394,1147,1247,0,0,0,1.0,1,1.0,1,1.0,1,0.23843936056522966,58
1495,1,2395,1148,1247,0,0,0,1.0,1,1.0,1,1.0,1,0.25547469595177574,57
1496,0,2395,1148,1247,0,0,0,1.0,1,1.0,1,1.0,1,0.24166017429114856,59
1497,1,2396,1149,1247,0,0,0,1.0,1,1.0,1,1.0,1,0.2590263716521946,58
1498,2,2398,1151,1247,0,0,0,1.0,1,1.0,1,1.0,1,0.27236763442767215,58
1499,0,2398,1151,1247,0,0,0,1.0,1,1.0,1,1.0,1,0.25331775167170534,56
1500,2,2400,1152,1248,0,0,0,1.0,1,1.0,1,1.0,1,0.23310200324688168,57
1501,2,2402,1153,1249,0,0,0,1.0,1,1.0,1,1.0,1,0.203577651599093,55
1502,1,2403,1153,1250,0,0,0,1.0,1,1.0,1,1.0,1,0.19660618891977683,55
1503,1,2404,1154,1250,0,0,0,1.0,1,1.0,1,1.0,1,0.2203621912797398,54
1504,1,2405,1154,1251,0,0,0,1.0,1,1.0,1,1.0,1,0.18023617364406516,55
1505,2,2407,1155,1252,0,0,0,1.0,1,1.0,1,1.0,1,0.17721831849953543,53
1506,1,2408,1155,1253,0,0,0,1.0,1,1.0,1,1.0,1,0.17490178962234917,55
1507,1,2409,1156,1253,0,0,0,1.0,1,1.0,1,1.0,1,0.18967191280803086,53
1508,3,2412,1158,1254,0,0,0,1.0,1,1.0,1,1.0,1,0.15964656705103022,53
1509,0,2412,1158,1254,0,0,0,1.0,1,1.0,1,1.0,1,0.1969312317141747,52
1510,2,2414,1159,1255,0,0,0,1.0,1,1.0,1,1.0,1,0.19528816898145915,50
1511,0,2414,1159,1255,0,0,0,1.0,1,1.0,1,1.0,1,0.20513461774468306,49
1512,2,2416,1161,1255,0,0,0,1.0,1,1.0,1,1.0,1,0.26285989587945924,48
1513,1,2417,1161,1256,0,0,0,1.0,1,1.0,1,1.0,1,0.2926203153662331,47
1514,0,2417,1161,1256,0,0,0,1.0,1,1.0,1,1.0,1,0.2774726514325412,48
1515,0,2417,1161,1256,0,0,0,1.0,1,1.0,1,1.0,1,0.2774726514325412,48
1516,0,2417,1161,1256,0,0,0,1.0,1,1.0,1,1.0,1,0.2861046758278627,47
1517,1,2418,1161,1257,0,0,0,1.0,1,1.0,1,1.0,1,0.28943695390232815,48
1518,1,2419,1161,1258,0,0,0,1.0,1,1.0,1,1.0,1,0.27702272342191997,48
1519,0,2419,1161,1258,0,0,0,1.0,1,1.0,1,1.0,1,0.28506731697611876,47
1520,0,2419,1161,1258,0,0,0,1.0,1,1.0,1,1.0,1,0.29220368991938417,48
1521,1,2420,1162,1258,0,0,0,1.0,1,1.0,1,1.0,1,0.26554299548096416,49
1522,0,2420,1162,1258,0,0,0,1.0,1,1.0,1,1.0,1,0.26584925543596477,48
1523,0,2420,1162,1258,0,0,0,1.0,1,1.0,1,1.0,1,0.2756798264658254,49
1524,2,2422,1164,1258,0,0,0,1.0,1,1.0,1,1.0,1,0.2861686287784707,49
1525,1,2423,1165,1258,0,0,0,1.0,1,1.0,1,1.0,1,0.2771717279205329,51
1526,6,2429,1167,1262,0,0,0,1.0,1,1.0,1,1.0,1,0.1978509427036198,52
1527,2,2431,1167,1264,0,0,0,1.0,1,1.0,1,1.0,1,0.17082035994525618,54
1528,3,2434,1168,1266,0,0,0,1.0,1,1.0,1,1.0,1,0.14655368636391083,54
1529,0,2434,1168,1266,0,0,0,1.0,1,1.0,1,1.0,1,0.14655368636391083,54
1530,2,2436,1169,1267,0,0,0,1.0,1,1.0,1,1.0,1,0.16267959545237853,54
1531,2,2438,1169,1269,0,0,0,1.0,1,1.0,1,1.0,1,0.12677989008573845,54
1532,3,2441,1170,1271,0,0,0,1.0,1,1.0,1,1.0,1,0.1079102320038079,54
1533,1,2442,1170,1272,0,0,0,1.0,1,1.0,1,1.0,1,0.10465248646081406,54
1534,2,2444,1170,1274,0,0,0,1.0,1,1.0,1,1.0,1,0.09329114881849515,54
1535,1,2445,1171,1274,0,0,0,1.0,1,1.0,1,1.0,1,0.1000001809981445,54
1536,0,2445,1171,1274,0,0,0,1.0,1,1.0,1,1.0,1,0.10958225085345939,55
1537,0,2445,1171,1274,0,0,0,1.0,1,1.0,1,1.0,1,0.11888177896281871,53
1538,2,2447,1172,1275,0,0,0,1.0,1,1.0,1,1.0,1,0.12719211103424224,54
1539,0,2447,1172,1275,0,0,0,1.0,1,1.0,1,1.0,1,0.1472589910742846,54
1540,1,2448,1173,1275,0,0,0,1.0,1,1.0,1,1.0,1,0.156609199065309,54
1541,2,2450,1173,1277,0,0,0,1.0,1,1.0,1,1.0,1,0.1377430115047049,54
1542,2,2452,1174,1278,0,0,0,1.0,1,1.0,1,1.0,1,0.14505836440838196,57
1543,4,2456,1176,1280,0,0,0,1.0,1,1.0,1,1.0,1,0.157503679864048,55
1544,5,2461,1180,1281,0,0,0,1.0,1,1.0,1,1.0,1,0.15216474494181265,54
1545,0,2461,1180,1281,0,0,0,1.0,1,1.0,1,1.0,1,0.17259685105615002,54
1546,3,2464,1183,1281,0,0,0,1.0,1,1.0,1,1.0,1,0.15912023548240928,53
1547,1,2465,1184,1281,0,0,0,1.0,1,1.0,1,1.0,1,0.18080954697048315,53
1548,4,2469,1188,1281,0,0,0,1.0,1,1.0,1,1.0,1,0.17230511647414756,54
1549,5,2474,1192,1282,0,0,0,1.0,1,1.0,1,1.0,1,0.1377955209883203,52
1550,3,2477,1195,1282,0,0,0,1.0,1,1.0,1,1.0,1,0.16455578028431286,52
1551,8,2485,1198,1287,0,0,0,1.0,1,1.0,1,1.0,1,0.08782905861046762,52
1552,4,2489,1200,1289,0,0,0,1.0,1,1.0,1,1.0,1,0.10848444775533658,51
1553,0,2489,1200,1289,0,0,0,1.0,1,1.0,1,1.0,1,0.1601510888399181,51
1554,3,2492,1202,1290,0,0,0,1.0,1,1.0,1,1.0,1,0.1532169788702282,51
1555,1,2493,1203,1290,0,0,0,1.0,1,1.0,1,1.0,1,0.16489245068853806,50
1556,3,2496,1205,1291,0,0,0,1.0,1,1.0,1,1.0,1,0.13166851543214755,51
1557,2,2498,1207,1291,0,0,0,1.0,1,1.0,1,1.0,1,0.15647450706645818,51
1558,2,2500,1208,1292,0,0,0,1.0,1,1.0,1,1.0,1,0.1655355695511426,52
1559,0,2500,1208,1292,0,0,0,1.0,1,1.0,1,1.0,1,0.1484169424256967,53
1560,3,2503,1210,1293,0,0,0,1.0,1,1.0,1,1.0,1,0.16402839559653543,51
1561,2,2505,1211,1294,0,0,0,1.0,1,1.0,1,1.0,1,0.163753072593325,51
1562,1,2506,1211,1295,0,0,0,1.0,1,1.0,1,1.0,1,0.1770748295746108,52
1563,0,2506,1211,1295,0,0,0,1.0,1,1.0,1,1.0,1,0.1770748295746108,52
1564,0,2506,1211,1295,0,0,0,1.0,1,1.0,1,1.0,1,0.18811273921001825,51
1565,0,2506,1211,1295,0,0,0,1.0,1,1.0,1,1.0,1,0.18929251046466106,53
1566,0,2506,1211,1295,0,0,0,1.0,1,1.0,1,1.0,1,0.2096942281468164,53
1567,2,2508,1212,1296,0,0,0,1.0,1,1.0,1,1.0,1,0.20764001160494608,52
1568,3,2511,1213,1298,0,0,0,1.0,1,1.0,1,1.0,1,0.22700732526394218,52
1569,2,2513,1214,1299,0,0,0,1.0,1,1.0,1,1.0,1,0.26129408291361883,49
1570,2,2515,1215,1300,0,0,0,1.0,1,1.0,1,1.0,1,0.2674245238001197,48
1571,2,2517,1217,1300,0,0,0,1.0,1,1.0,1,1.0,1,0.29749771918802126,46
1572,3,2520,1219,1301,0,0,0,1.0,1,1.0,1,1.0,1,0.2544513931855514,47
1573,0,2520,1219,1301,0,0,0,1.0,1,1.0,1,1.0,1,0.23835547174700303,48
1574,3,2523,1221,1302,0,0,0,1.0,1,1.0,1,1.0,1,0.22077855938300034,46
1575,1,2524,1222,1302,0,0,0,1.0,1,1.0,1,1.0,1,0.22859686169008026,47
1576,8,2532,1225,1307,0,0,0,1.0,1,1.0,1,1.0,1,0.08398603648398163,46
1577,0,2532,1225,1307,0,0,0,1.0,1,1.0,1,1.0,1,0.07071576728102413,45
1578,1,2533,1226,1307,0,0,0,1.0,1,1.0,1,1.0,1,0.06624987526003445,44
1579,0,2533,1226,1307,0,0,0,1.0,1,1.0,1,1.0,1,0.06458636994897964,43
1580,0,2533,1226,1307,0,0,0,1.0,1,1.0,1,1.0,1,0.06458636994897964,43
1581,2,2535,1226,1309,0,0,0,1.0,1,1.0,1,1.0,1,0.07420420115571508,42
1582,0,2535,1226,1309,0,0,0,1.0,1,1.0,1,1.0,1,0.07420420115571508,42
1583,0,2535,1226,1309,0,0,0,1.0,1,1.0,1,1.0,1,0.06511456833438405,43
1584,0,2535,1226,1309,0,0,0,1.0,1,1.0,1,1.0,1,0.08025869071798594,41
1585,6,2541,1231,1310,0,0,0,1.0,1,1.0,1,1.0,1,0.0634869541371073,43
1586,1,2542,1232,1310,0,0,0,1.0,1,1.0,1,1.0,1,0.10154421398381829,42
1587,1,2543,1233,1310,0,0,0,1.0,1,1.0,1,1.0,1,0.16844644806063644,42
1588,2,2545,1235,1310,0,0,0,1.0,1,1.0,1,1.0,1,0.19614048672441253,42
1589,1,2546,1236,1310,0,0,0,1.0,1,1.0,1,1.0,1,0.16005209095969544,42
1590,0,2546,1236,1310,0,0,0,1.0,1,1.0,1,1.0,1,0.22434489892203865,41
1591,1,2547,1237,1310,0,0,0,1.0,1,1.0,1,1.0,1,0.22049746951790752,40
1592,0,2547,1237,1310,0,0,0,1.0,1,1.0,1,1.0,1,0.24084697460633908,39
1593,1,2548,1238,1310,0,0,0,1.0,1,1.0,1,1.0,1,0.2557847096549682,39
1594,0,2548,1238,1310,0,0,0,1.0,1,1.0,1,1.0,1,0.2502056313875059,39
1595,0,2548,1238,1310,0,0,0,1.0,1,1.0,1,1.0,1,0.24558735569842177,42
1596,0,2548,1238,1310,0,0,0,1.0,1,1.0,1,1.0,1,0.2751802819254868,41
1597,0,2548,1238,1310,0,0,0,1.0,1,1.0,1,1.0,1,0.2751802819254868,41
1598,0,2548,1238,1310,0,0,0,1.0,1,1.0,1,1.0,1,0.323307831083244,39
1599,4,2552,1242,1310,0,0,0,1.0,1,1.0,1,1.0,1,0.3177328328186086,39
1600,2,2554,1244,1310,0,0,0,1.0,1,1.0,1,1.0,1,0.29941431554585124,40
1601,8,2562,1246,1316,0,0,0,1.0,1,1.0,1,1.0,1,0.2449003483841277,41
1602,2,2564,1246,1318,0,0,0,1.0,1,1.0,1,1.0,1,0.16692298673580686,41
1603,2,2566,1248,1318,0,0,0,1.0,1,1.0,1,1.0,1,0.18195499580581262,43
1604,1,2567,1249,1318,0,0,0,1.0,1,1.0,1,1.0,1,0.19524495056954091,43
1605,1,2568,1250,1318,0,0,0,1.0,1,1.0,1,1.0,1,0.22118599728710572,44
1606,2,2570,1252,1318,0,0,0,1.0,1,1.0,1,1.0,1,0.2225327631824691,44
1607,1,2571,1253,1318,0,0,0,1.0,1,1.0,1,1.0,1,0.21354996663338682,42
1608,1,2572,1254,1318,0,0,0,1.0,1,1.0,1,1.0,1,0.21336727464639818,41
1609,1,2573,1254,1319,0,0,0,1.0,1,1.0,1,1.0,1,0.15461070609705768,39
1610,1,2574,1254,1320,0,0,0,1.0,1,1.0,1,1.0,1,0.0934023506382486,39
1611,0,2574,1254,1320,0,0,0,1.0,1,1.0,1,1.0,1,0.09650327779410686,40
1612,0,2574,1254,1320,0,0,0,1.0,1,1.0,1,1.0,1,0.0848926888782476,39
1613,0,2574,1254,1320,0,0,0,1.0,1,1.0,1,1.0,1,0.08072452973941406,41
1614,2,2576,1256,1320,0,0,0,1.0,1,1.0,1,1.0,1,0.10106003524415366,41
1615,2,2578,1257,1321,0,0,0,1.0,1,1.0,1,1.0,1,0.07781307686452259,41
1616,1,2579,1258,1321,0,0,0,1.0,1,1.0,1,1.0,1,0.09597210903684777,43
1617,1,2580,1259,1321,0,0,0,1.0,1,1.0,1,1.0,1,0.11939358441983536,44
1618,1,2581,1259,1322,0,0,0,1.0,1,1.0,1,1.0,1,0.11046223793316151,44
1619,2,2583,1261,1322,0,0,0,1.0,1,1.0,1,1.0,1,0.1515074462164152,44
1620,1,2584,1262,1322,0,0,0,1.0,1,1.0,1,1.0,1,0.1489877231839626,45
1621,0,2584,1262,1322,0,0,0,1.0,1,1.0,1,1.0,1,0.15147971714407246,44
1622,3,2587,1265,1322,0,0,0,1.0,1,1.0,1,1.0,1,0.2052579498863642,44
1623,0,2587,1265,1322,0,0,0,1.0,1,1.0,1,1.0,1,0.2221211208418216,43
1624,1,2588,1266,1322,0,0,0,1.0,1,1.0,1,1.0,1,0.21059898929226206,43
1625,2,2590,1268,1322,0,0,0,1.0,1,1.0,1,1.0,1,0.23091499131257032,43
1626,7,2597,1268,1329,0,0,0,1.0,1,1.0,1,1.0,1,0.08956753350538327,42
1627,2,2599,1269,1330,0,0,0,1.0,1,1.0,1,1.0,1,0.08621115689651622,42
1628,3,2602,1269,1333,0,0,0,1.0,1,1.0,1,1.0,1,0.0941708876058135,42
1629,0,2602,1269,1333,0,0,0,1.0,1,1.0,1,1.0,1,0.11799501016361676,41
1630,2,2604,1270,1334,0,0,0,1.0,1,1.0,1,1.0,1,0.08439148576588183,41
1631,1,2605,1270,1335,0,0,0,1.0,1,1.0,1,1.0,1,0.14536773778582074,40
1632,0,2605,1270,1335,0,0,0,1.0,1,1.0,1,1.0,1,0.16260131134589237,39
1633,1,2606,1271,1335,0,0,0,1.0,1,1.0,1,1.0,1,0.15270704480643033,39
1634,0,2606,1271,1335,0,0,0,1.0,1,1.0,1,1.0,1,0.15270704480643033,39
1635,1,2607,1271,1336,0,0,0,1.0,1,1.0,1,1.0,1,0.16361481597122926,40
1636,1,2608,1272,1336,0,0,0,1.0,1,1.0,1,1.0,1,0.16270655281531773,41
1637,0,2608,1272,1336,0,0,0,1.0,1,1.0,1,1.0,1,0.17784755838840635,41
1638,1,2609,1273,1336,0,0,0,1.0,1,1.0,1,1.0,1,0.1770733395043523,42
1639,2,2611,1273,1338,0,0,0,1.0,1,1.0,1,1.0,1,0.18012415788559116,43
1640,1,2612,1274,1338,0,0,0,1.0,1,1.0,1,1.0,1,0.17159757009223142,43
1641,1,2613,1274,1339,0,0,0,1.0,1,1.0,1,1.0,1,0.15993462494949076,44
1642,2,2615,1276,1339,0,0,0,1.0,1,1.0,1,1.0,1,0.1861055787174386,45
1643,1,2616,1277,1339,0,0,0,1.0,1,1.0,1,1.0,1,0.20279701899939795,44
1644,4,2620,1279,1341,0,0,0,1.0,1,1.0,1,1.0,1,0.1638431669698569,45
1645,3,2623,1279,1344,0,0,0,1.0,1,1.0,1,1.0,1,0.2049598890195252,44
1646,4,2627,1279,1348,0,0,0,1.0,1,1.0,1,1.0,1,0.1616287669457784,43
1647,5,2632,1280,1352,0,0,0,1.0,1,1.0,1,1.0,1,0.18995627542985213,43
1648,2,2634,1280,1354,0,0,0,1.0,1,1.0,1,1.0,1,0.19778954743808008,42
1649,3,2637,1280,1357,0,0,0,1.0,1,1.0,1,1.0,1,0.1694093140713934,41
1650,1,2638,1280,1358,0,0,0,1.0,1,1.0,1,1.0,1,0.15141908145377894,41
1651,1,2639,1280,1359,0,0,0,1.0,1,1.0,1,1.0,1,0.13518836852058777,40
1652,1,2640,1280,1360,0,0,0,1.0,1,1.0,1,1.0,1,0.10736909488599751,39
1653,1,2641,1280,1361,0,0,0,1.0,1,1.0,1,1.0,1,0.08136378352779672,39
1654,1,2642,1280,1362,0,0,0,1.0,1,1.0,1,1.0,1,0.06131256239731673,39
1655,3,2645,1282,1363,0,0,0,1.0,1,1.0,1,1.0,1,0.0827227267811856,40
1656,1,2646,1283,1363,0,0,0,1.0,1,1.0,1,1.0,1,0.12880964727776542,40
1657,1,2647,1284,1363,0,0,0,1.0,1,1.0,1,1.0,1,0.11831292817411276,40
1658,2,2649,1286,1363,0,0,0,1.0,1,1.0,1,1.0,1,0.09170183342753946,40
1659,3,2652,1289,1363,0,0,0,1.0,1,1.0,1,1.0,1,0.1562884170298799,40
1660,2,2654,1291,1363,0,0,0,1.0,1,1.0,1,1.0,1,0.12824972135953414,41
1661,3,2657,1293,1364,0,0,0,1.0,1,1.0,1,1.0,1,0.11752265353878032,42
1662,3,2660,1294,1366,0,0,0,1.0,1,1.0,1,1.0,1,0.07125929281083689,44
1663,1,2661,1295,1366,0,0,0,1.0,1,1.0,1,1.0,1,0.08187475627028488,43
1664,1,2662,1296,1366,0,0,0,1.0,1,1.0,1,1.0,1,0.0958049953996261,42
1665,1,2663,1297,1366,0,0,0,1.0,1,1.0,1,1.0,1,0.09427603094297064,42
1666,4,2667,1300,1367,0,0,0,1.0,1,1.0,1,1.0,1,0.0844380635999228,43
1667,1,2668,1301,1367,0,0,0,1.0,1,1.0,1,1.0,1,0.0806179863445376,40
1668,0,2668,1301,1367,0,0,0,1.0,1,1.0,1,1.0,1,0.0946732983055641,40
1669,3,2671,1304,1367,0,0,0,1.0,1,1.0,1,1.0,1,0.12467605024154595,40
1670,1,2672,1305,1367,0,0,0,1.0,1,1.0,1,1.0,1,0.13178886875872745,39
1671,1,2673,1306,1367,0,0,0,1.0,1,1.0,1,1.0,1,0.1502962738222591,39
1672,5,2678,1308,1370,0,0,0,1.0,1,1.0,1,1.0,1,0.19685849878417866,38
1673,4,2682,1310,1372,0,0,0,1.0,1,1.0,1,1.0,1,0.21927304168432762,38
1674,2,2684,1311,1373,0,0,0,1.0,1,1.0,1,1.0,1,0.21513410846310246,38
1675,2,2686,1311,1375,0,0,0,1.0,1,1.0,1,1.0,1,0.1904674909423846,39
1676,2,2688,1311,1377,0,0,0,1.0,1,1.0,1,1.0,1,0.18866587866633466,39
1677,0,2688,1311,1377,0,0,0,1.0,1,1.0,1,1.0,1,0.17084415575965137,40
1678,2,2690,1311,1379,0,0,0,1.0,1,1.0,1,1.0,1,0.17923512333951938,39
1679,1,2691,1312,1379,0,0,0,1.0,1,1.0,1,1.0,1,0.16381185614853455,39
1680,0,2691,1312,1379,0,0,0,1.0,1,1.0,1,1.0,1,0.17303072308761552,40
1681,1,2692,1313,1379,0,0,0,1.0,1,1.0,1,1.0,1,0.16986857048603984,41
1682,2,2694,1314,1380,0,0,0,1.0,1,1.0,1,1.0,1,0.15893533470200694,40
1683,3,2697,1317,1380,0,0,0,1.0,1,1.0,1,1.0,1,0.1651172789110071,43
1684,3,2700,1318,1382,0,0,0,1.0,1,1.0,1,1.0,1,0.16077254977325406,42
1685,2,2702,1320,1382,0,0,0,1.0,1,1.0,1,1.0,1,0.14571870495462666,41
1686,0,2702,1320,1382,0,0,0,1.0,1,1.0,1,1.0,1,0.12443464222149161,39
1687,5,2707,1324,1383,0,0,0,1.0,1,1.0,1,1.0,1,0.16266143714284567,41
1688,2,2709,1324,1385,0,0,0,1.0,1,1.0,1,1.0,1,0.14058115039276906,39
1689,3,2712,1327,1385,0,0,0,1.0,1,1.0,1,1.0,1,0.17817494418308027,37
1690,0,2712,1327,1385,0,0,0,1.0,1,1.0,1,1.0,1,0.19378579571384483,36
1691,2,2714,1327,1387,0,0,0,1.0,1,1.0,1,1.0,1,0.1671446551420151,36
1692,0,2714,1327,1387,0,0,0,1.0,1,1.0,1,1.0,1,0.16267075557203214,34
1693,2,2716,1328,1388,0,0,0,1.0,1,1.0,1,1.0,1,0.10877580369115425,33
1694,2,2718,1329,1389,0,0,0,1.0,1,1.0,1,1.0,1,0.1438890493115838,32
1695,0,2718,1329,1389,0,0,0,1.0,1,1.0,1,1.0,1,0.14171532106035445,32
1696,1,2719,1330,1389,0,0,0,1.0,1,1.0,1,1.0,1,0.17741900101411437,34
1697,2,2721,1331,1390,0,0,0,1.0,1,1.0,1,1.0,1,0.17888867789559645,34
1698,5,2726,1334,1392,0,0,0,1.0,1,1.0,1,1.0,1,0.2288468569085931,36
1699,3,2729,1335,1394,0,0,0,1.0,1,1.0,1,1.0,1,0.20985489393690077,36
1700,1,2730,1335,1395,0,0,0,1.0,1,1.0,1,1.0,1,0.23141422888605137,37
1701,3,2733,1335,1398,0,0,0,1.0,1,1.0,1,1.0,1,0.15914690924164415,39
1702,1,2734,1336,1398,0,0,0,1.0,1,1.0,1,1.0,1,0.1436648809200569,39
1703,1,2735,1337,1398,0,0,0,1.0,1,1.0,1,1.0,1,0.1548553732708648,38
1704,0,2735,1337,1398,0,0,0,1.0,1,1.0,1,1.0,1,0.11849067683164757,38
1705,3,2738,1339,1399,0,0,0,1.0,1,1.0,1,1.0,1,0.12854597362590317,37
1706,2,2740,1340,1400,0,0,0,1.0,1,1.0,1,1.0,1,0.11656490474615513,37
1707,1,2741,1341,1400,0,0,0,1.0,1,1.0,1,1.0,1,0.15242081366931004,36
1708,0,2741,1341,1400,0,0,0,1.0,1,1.0,1,1.0,1,0.18243614231604974,34
1709,0,2741,1341,1400,0,0,0,1.0,1,1.0,1,1.0,1,0.18243614231604974,34
1710,4,2745,1344,1401,0,0,0,1.0,1,1.0,1,1.0,1,0.2957780873827616,33
1711,0,2745,1344,1401,0,0,0,1.0,1,1.0,1,1.0,1,0.2849600833360403,32
1712,1,2746,1345,1401,0,0,0,1.0,1,1.0,1,1.0,1,0.3385471809800637,31
1713,0,2746,1345,1401,0,0,0,1.0,1,1.0,1,1.0,1,0.33515913866265007,32
1714,0,2746,1345,1401,0,0,0,1.0,1,1.0,1,1.0,1,0.33515913866265007,32
1715,0,2746,1345,1401,0,0,0,1.0,1,1.0,1,1.0,1,0.33515913866265007,32
1716,2,2748,1346,1402,0,0,0,1.0,1,1.0,1,1.0,1,0.2903758922068021,34
1717,0,2748,1346,1402,0,0,0,1.0,1,1.0,1,1.0,1,0.2903758922068021,34
1718,0,2748,1346,1402,0,0,0,1.0,1,1.0,1,1.0,1,0.3098441670531628,34
1719,1,2749,1347,1402,0,0,0,1.0,1,1.0,1,1.0,1,0.34679182398144554,34
1720,3,2752,1348,1404,0,0,0,1.0,1,1.0,1,1.0,1,0.32614462990372184,34
1721,3,2755,1349,1406,0,0,0,1.0,1,1.0,1,1.0,1,0.30517641403785944,35
1722,0,2755,1349,1406,0,0,0,1.0,1,1.0,1,1.0,1,0.26670472256785904,35
1723,2,2757,1350,1407,0,0,0,1.0,1,1.0,1,1.0,1,0.24714951572584912,34
1724,0,2757,1350,1407,0,0,0,1.0,1,1.0,1,1.0,1,0.2148972887169211,33
1725,1,2758,1350,1408,0,0,0,1.0,1,1.0,1,1.0,1,0.19887375293529289,35
1726,2,2760,1350,1410,0,0,0,1.0,1,1.0,1,1.0,1,0.11281053280004032,34
1727,0,2760,1350,1410,0,0,0,1.0,1,1.0,1,1.0,1,0.11281053280004032,34
1728,0,2760,1350,1410,0,0,0,1.0,1,1.0,1,1.0,1,0.0949523475287017,35
1729,1,2761,1351,1410,0,0,0,1.0,1,1.0,1,1.0,1,0.11268731017203762,35
1730,0,2761,1351,1410,0,0,0,1.0,1,1.0,1,1.0,1,0.11268731017203762,35
1731,2,2763,1352,1411,0,0,0,1.0,1,1.0,1,1.0,1,0.16959642244385376,35
1732,1,2764,1352,1412,0,0,0,1.0,1,1.0,1,1.0,1,0.1584182064867862,35
1733,0,2764,1352,1412,0,0,0,1.0,1,1.0,1,1.0,1,0.17614342777420205,33
1734,1,2765,1353,1412,0,0,0,1.0,1,1.0,1,1.0,1,0.18047329202045378,34
1735,2,2767,1353,1414,0,0,0,1.0,1,1.0,1,1.0,1,0.18871137343449182,33
1736,3,2770,1356,1414,0,0,0,1.0,1,1.0,1,1.0,1,0.1896121198733449,33
1737,0,2770,1356,1414,0,0,0,1.0,1,1.0,1,1.0,1,0.1753762285023094,35
1738,1,2771,1357,1414,0,0,0,1.0,1,1.0,1,1.0,1,0.15462556390178575,36
1739,2,2773,1359,1414,0,0,0,1.0,1,1.0,1,1.0,1,0.14918022367194436,36
1740,2,2775,1360,1415,0,0,0,1.0,1,1.0,1,1.0,1,0.12646946579045695,37
1741,1,2776,1361,1415,0,0,0,1.0,1,1.0,1,1.0,1,0.11146461231732716,36
1742,0,2776,1361,1415,0,0,0,1.0,1,1.0,1,1.0,1,0.11146461231732716,36
1743,2,2778,1363,1415,0,0,0,1.0,1,1.0,1,1.0,1,0.16232044576678828,37
1744,0,2778,1363,1415,0,0,0,1.0,1,1.0,1,1.0,1,0.17914872323840791,37
1745,5,2783,1367,1416,0,0,0,1.0,1,1.0,1,1.0,1,0.29405053403252196,38
1746,2,2785,1367,1418,0,0,0,1.0,1,1.0,1,1.0,1,0.25498822349330086,38
1747,2,2787,1369,1418,0,0,0,1.0,1,1.0,1,1.0,1,0.26507409580531155,37
1748,1,2788,1370,1418,0,0,0,1.0,1,1.0,1,1.0,1,0.25110748302580954,38
1749,0,2788,1370,1418,0,0,0,1.0,1,1.0,1,1.0,1,0.25110748302580954,38
1750,1,2789,1371,1418,0,0,0,1.0,1,1.0,1,1.0,1,0.26682700742984844,39
1751,5,2794,1371,1423,0,0,0,1.0,1,1.0,1,1.0,1,0.16805129912911618,41
1752,1,2795,1372,1423,0,0,0,1.0,1,1.0,1,1.0,1,0.16484837037803718,41
1753,0,2795,1372,1423,0,0,0,1.0,1,1.0,1,1.0,1,0.17584380047216908,41
1754,1,2796,1372,1424,0,0,0,1.0,1,1.0,1,1.0,1,0.1596704353238466,40
1755,0,2796,1372,1424,0,0,0,1.0,1,1.0,1,1.0,1,0.16135423601403479,41
1756,1,2797,1372,1425,0,0,0,1.0,1,1.0,1,1.0,1,0.19396191331669926,41
1757,0,2797,1372,1425,0,0,0,1.0,1,1.0,1,1.0,1,0.21099204241561156,40
1758,0,2797,1372,1425,0,0,0,1.0,1,1.0,1,1.0,1,0.20066915690779452,41
1759,1,2798,1373,1425,0,0,0,1.0,1,1.0,1,1.0,1,0.24020854533696961,38
1760,5,2803,1375,1428,0,0,0,1.0,1,1.0,1,1.0,1,0.17628272628501462,38
1761,2,2805,1377,1428,0,0,0,1.0,1,1.0,1,1.0,1,0.18867040030376767,37
1762,1,2806,1378,1428,0,0,0,1.0,1,1.0,1,1.0,1,0.1952479664100135,37
1763,5,2811,1382,1429,0,0,0,1.0,1,1.0,1,1.0,1,0.15184336330864115,37
1764,1,2812,1383,1429,0,0,0,1.0,1,1.0,1,1.0,1,0.18610668663491767,36
1765,4,2816,1386,1430,0,0,0,1.0,1,1.0,1,1.0,1,0.22184310155721415,36
1766,1,2817,1387,1430,0,0,0,1.0,1,1.0,1,1.0,1,0.2141523295529257,37
1767,3,2820,1389,1431,0,0,0,1.0,1,1.0,1,1.0,1,0.23279368376425114,37
1768,0,2820,1389,1431,0,0,0,1.0,1,1.0,1,1.0,1,0.18718906202998115,37
1769,2,2822,1390,1432,0,0,0,1.0,1,1.0,1,1.0,1,0.1442024463412031,38
1770,1,2823,1391,1432,0,0,0,1.0,1,1.0,1,1.0,1,0.17182227727784968,39
1771,0,2823,1391,1432,0,0,0,1.0,1,1.0,1,1.0,1,0.17182227727784968,39
1772,1,2824,1392,1432,0,0,0,1.0,1,1.0,1,1.0,1,0.19023487771086686,39
1773,1,2825,1393,1432,0,0,0,1.0,1,1.0,1,1.0,1,0.1786492677772571,41
1774,1,2826,1394,1432,0,0,0,1.0,1,1.0,1,1.0,1,0.20501008173732352,41
1775,1,2827,1395,1432,0,0,0,1.0,1,1.0,1,1.0,1,0.1961952739026544,42
1776,5,2832,1396,1436,0,0,0,1.0,1,1.0,1,1.0,1,0.13390754438990743,43
1777,1,2833,1396,1437,0,0,0,1.0,1,1.0,1,1.0,1,0.10993534310077682,43
1778,0,2833,1396,1437,0,0,0,1.0,1,1.0,1,1.0,1,0.12481814084914011,44
1779,1,2834,1396,1438,0,0,0,1.0,1,1.0,1,1.0,1,0.11388453330895483,46
1780,0,2834,1396,1438,0,0,0,1.0,1,1.0,1,1.0,1,0.11388453330895483,46
1781,0,2834,1396,1438,0,0,0,1.0,1,1.0,1,1.0,1,0.11388453330895483,46
1782,0,2834,1396,1438,0,0,0,1.0,1,1.0,1,1.0,1,0.12121288720782031,46
1783,1,2835,1397,1438,0,0,0,1.0,1,1.0,1,1.0,1,0.12829105680254993,44
1784,0,2835,1397,1438,0,0,0,1.0,1,1.0,1,1.0,1,0.11482031152424428,45
1785,1,2836,1398,1438,0,0,0,1.0,1,1.0,1,1.0,1,0.14271163584786795,42
1786,2,2838,1400,1438,0,0,0,1.0,1,1.0,1,1.0,1,0.13031820555796245,43
1787,1,2839,1401,1438,0,0,0,1.0,1,1.0,1,1.0,1,0.14924848228314275,41
1788,1,2840,1402,1438,0,0,0,1.0,1,1.0,1,1.0,1,0.18725665598898306,41
1789,0,2840,1402,1438,0,0,0,1.0,1,1.0,1,1.0,1,0.19945740001511467,41
1790,5,2845,1407,1438,0,0,0,1.0,1,1.0,1,1.0,1,0.16450333796196145,41
1791,2,2847,1409,1438,0,0,0,1.0,1,1.0,1,1.0,1,0.14587530461365467,40
1792,5,2852,1413,1439,0,0,0,1.0,1,1.0,1,1.0,1,0.10595895824319679,40
1793,1,2853,1414,1439,0,0,0,1.0,1,1.0,1,1.0,1,0.12620887617853993,41
1794,0,2853,1414,1439,0,0,0,1.0,1,1.0,1,1.0,1,0.12620887617853993,41
1795,4,2857,1418,1439,0,0,0,1.0,1,1.0,1,1.0,1,0.23121506308489104,40
1796,1,2858,1419,1439,0,0,0,1.0,1,1.0,1,1.0,1,0.25713600927064356,40
1797,1,2859,1420,1439,0,0,0,1.0,1,1.0,1,1.0,1,0.30143677834478955,37
1798,2,2861,1421,1440,0,0,0,1.0,1,1.0,1,1.0,1,0.2997295339079119,37
1799,0,2861,1421,1440,0,0,0,1.0,1,1.0,1,1.0,1,0.3009977697540225,36
1800,0,2861,1421,1440,0,0,0,1.0,1,1.0,1,1.0,1,0.3009977697540225,36
1801,5,2866,1421,1445,0,0,0,1.0,1,1.0,1,1.0,1,0.11100596305784706,34
1802,3,2869,1422,1447,0,0,0,1.0,1,1.0,1,1.0,1,0.0430527651680969,33
1803,1,2870,1423,1447,0,0,0,1.0,1,1.0,1,1.0,1,0.09762873424179927,33
1804,1,2871,1424,1447,0,0,0,1.0,1,1.0,1,1.0,1,0.14023635856956929,33
1805,1,2872,1425,1447,0,0,0,1.0,1,1.0,1,1.0,1,0.17587634022627632,35
1806,2,2874,1427,1447,0,0,0,1.0,1,1.0,1,1.0,1,0.1892645352857423,35
1807,0,2874,1427,1447,0,0,0,1.0,1,1.0,1,1.0,1,0.14471908574810222,35
1808,1,2875,1428,1447,0,0,0,1.0,1,1.0,1,1.0,1,0.07838792642425667,36
1809,0,2875,1428,1447,0,0,0,1.0,1,1.0,1,1.0,1,0.07191102396290162,36
1810,3,2878,1430,1448,0,0,0,1.0,1,1.0,1,1.0,1,0.10942097440969749,35
1811,7,2885,1431,1454,0,0,0,1.0,1,1.0,1,1.0,1,0.1262118814162192,36
1812,2,2887,1431,1456,0,0,0,1.0,1,1.0,1,1.0,1,0.1140227725917235,36
1813,3,2890,1432,1458,0,0,0,1.0,1,1.0,1,1.0,1,0.1686522503392665,36
1814,1,2891,1432,1459,0,0,0,1.0,1,1.0,1,1.0,1,0.1476287823197733,34
1815,0,2891,1432,1459,0,0,0,1.0,1,1.0,1,1.0,1,0.1596230668712823,35
1816,0,2891,1432,1459,0,0,0,1.0,1,1.0,1,1.0,1,0.17022390366087828,34
1817,1,2892,1433,1459,0,0,0,1.0,1,1.0,1,1.0,1,0.15028665960216253,34
1818,0,2892,1433,1459,0,0,0,1.0,1,1.0,1,1.0,1,0.15028665960216253,34
1819,2,2894,1435,1459,0,0,0,1.0,1,1.0,1,1.0,1,0.1218773348609832,35
1820,0,2894,1435,1459,0,0,0,1.0,1,1.0,1,1.0,1,0.11140699492733319,36
1821,0,2894,1435,1459,0,0,0,1.0,1,1.0,1,1.0,1,0.11140699492733319,36
1822,3,2897,1438,1459,0,0,0,1.0,1,1.0,1,1.0,1,0.12023076119963785,37
1823,1,2898,1439,1459,0,0,0,1.0,1,1.0,1,1.0,1,0.13512641080714494,38
1824,1,2899,1440,1459,0,0,0,1.0,1,1.0,1,1.0,1,0.1192925505836631,37
1825,3,2902,1441,1461,0,0,0,1.0,1,1.0,1,1.0,1,0.15865922221720755,36
1826,3,2905,1442,1463,0,0,0,1.0,1,1.0,1,1.0,1,0.12526071844650297,35
1827,2,2907,1443,1464,0,0,0,1.0,1,1.0,1,1.0,1,0.11919337499877262,35
1828,0,2907,1443,1464,0,0,0,1.0,1,1.0,1,1.0,1,0.14554024679104863,33
1829,1,2908,1443,1465,0,0,0,1.0,1,1.0,1,1.0,1,0.13549217635839347,32
1830,1,2909,1444,1465,0,0,0,1.0,1,1.0,1,1.0,1,0.1484308548351785,32
1831,1,2910,1445,1465,0,0,0,1.0,1,1.0,1,1.0,1,0.23057369094593558,30
1832,0,2910,1445,1465,0,0,0,1.0,1,1.0,1,1.0,1,0.23057369094593558,30
1833,1,2911,1446,1465,0,0,0,1.0,1,1.0,1,1.0,1,0.29239490063562534,29
1834,1,2912,1447,1465,0,0,0,1.0,1,1.0,1,1.0,1,0.29314036745181954,28
1835,4,2916,1450,1466,0,0,0,1.0,1,1.0,1,1.0,1,0.3033463992485262,28
1836,0,2916,1450,1466,0,0,0,1.0,1,1.0,1,1.0,1,0.3010988566033818,29
1837,1,2917,1451,1466,0,0,0,1.0,1,1.0,1,1.0,1,0.32454590283341544,28
1838,0,2917,1451,1466,0,0,0,1.0,1,1.0,1,1.0,1,0.2880899934936897,28
1839,0,2917,1451,1466,0,0,0,1.0,1,1.0,1,1.0,1,0.307336713906716,27
1840,2,2919,1451,1468,0,0,0,1.0,1,1.0,1,1.0,1,0.2459408581093982,26
1841,0,2919,1451,1468,0,0,0,1.0,1,1.0,1,1.0,1,0.23533461961333785,25
1842,1,2920,1452,1468,0,0,0,1.0,1,1.0,1,1.0,1,0.24332701282158511,26
1843,0,2920,1452,1468,0,0,0,1.0,1,1.0,1,1.0,1,0.24332701282158511,26
1844,3,2923,1455,1468,0,0,0,1.0,1,1.0,1,1.0,1,0.27039332249910203,26
1845,0,2923,1455,1468,0,0,0,1.0,1,1.0,1,1.0,1,0.27039332249910203,26
1846,2,2925,1457,1468,0,0,0,1.0,1,1.0,1,1.0,1,0.30929736088401727,26
1847,1,2926,1457,1469,0,0,0,1.0,1,1.0,1,1.0,1,0.2896162687444241,26
1848,0,2926,1457,1469,0,0,0,1.0,1,1.0,1,1.0,1,0.2880940244966698,27
1849,0,2926,1457,1469,0,0,0,1.0,1,1.0,1,1.0,1,0.2880940244966698,27
1850,0,2926,1457,1469,0,0,0,1.0,1,1.0,1,1.0,1,0.28673877780346446,28
1851,4,2930,1457,1473,0,0,0,1.0,1,1.0,1,1.0,1,0.11801163451460314,28
1852,0,2930,1457,1473,0,0,0,1.0,1,1.0,1,1.0,1,0.11801163451460314,28
1853,0,2930,1457,1473,0,0,0,1.0,1,1.0,1,1.0,1,0.13768639530821353,27
1854,1,2931,1457,1474,0,0,0,1.0,1,1.0,1,1.0,1,0.12930504151528333,28
1855,0,2931,1457,1474,0,0,0,1.0,1,1.0,1,1.0,1,0.12930504151528333,28
1856,5,2936,1460,1476,0,0,0,1.0,1,1.0,1,1.0,1,0.15880605969559314,30
1857,3,2939,1460,1479,0,0,0,1.0,1,1.0,1,1.0,1,0.13972535059339475,31
1858,3,2942,1462,1480,0,0,0,1.0,1,1.0,1,1.0,1,0.25258687737426705,31
1859,2,2944,1462,1482,0,0,0,1.0,1,1.0,1,1.0,1,0.22323830263382824,31
1860,4,2948,1462,1486,0,0,0,1.0,1,1.0,1,1.0,1,0.2206783037014256,31
1861,3,2951,1462,1489,0,0,0,1.0,1,1.0,1,1.0,1,0.21594403782543375,31
1862,3,2954,1462,1492,0,0,0,1.0,1,1.0,1,1.0,1,0.2030949171621601,31
1863,1,2955,1462,1493,0,0,0,1.0,1,1.0,1,1.0,1,0.20900859846003536,31
1864,3,2958,1463,1495,0,0,0,1.0,1,1.0,1,1.0,1,0.1825893422956148,30
1865,1,2959,1464,1495,0,0,0,1.0,1,1.0,1,1.0,1,0.18286744111132436,27
1866,1,2960,1465,1495,0,0,0,1.0,1,1.0,1,1.0,1,0.21200752605808082,28
1867,0,2960,1465,1495,0,0,0,1.0,1,1.0,1,1.0,1,0.2522192039929757,26
1868,1,2961,1466,1495,0,0,0,1.0,1,1.0,1,1.0,1,0.2909198558548403,26
1869,0,2961,1466,1495,0,0,0,1.0,1,1.0,1,1.0,1,0.3079150259454594,25
1870,1,2962,1467,1495,0,0,0,1.0,1,1.0,1,1.0,1,0.2619792104160175,25
1871,2,2964,1468,1496,0,0,0,1.0,1,1.0,1,1.0,1,0.2856353132888183,26
1872,0,2964,1468,1496,0,0,0,1.0,1,1.0,1,1.0,1,0.2871472992683218,25
1873,0,2964,1468,1496,0,0,0,1.0,1,1.0,1,1.0,1,0.3182711898605207,23
1874,1,2965,1469,1496,0,0,0,1.0,1,1.0,1,1.0,1,0.2979135815209372,23
1875,0,2965,1469,1496,0,0,0,1.0,1,1.0,1,1.0,1,0.358129363264365,21
1876,5,2970,1470,1500,0,0,0,1.0,1,1.0,1,1.0,1,0.2062457787447569,24
1877,1,2971,1471,1500,0,0,0,1.0,1,1.0,1,1.0,1,0.22618584006058548,24
1878,3,2974,1472,1502,0,0,0,1.0,1,1.0,1,1.0,1,0.12668081039838971,26
1879,1,2975,1472,1503,0,0,0,1.0,1,1.0,1,1.0,1,0.09332439669323292,26
1880,0,2975,1472,1503,0,0,0,1.0,1,1.0,1,1.0,1,0.09332439669323292,26
1881,0,2975,1472,1503,0,0,0,1.0,1,1.0,1,1.0,1,0.09332439669323292,26
1882,0,2975,1472,1503,0,0,0,1.0,1,1.0,1,1.0,1,0.11670204197785013,25
1883,0,2975,1472,1503,0,0,0,1.0,1,1.0,1,1.0,1,0.11670204197785013,25
1884,0,2975,1472,1503,0,0,0,1.0,1,1.0,1,1.0,1,0.11670204197785013,25
1885,0,2975,1472,1503,0,0,0,1.0,1,1.0,1,1.0,1,0.11670204197785013,25
1886,0,2975,1472,1503,0,0,0,1.0,1,1.0,1,1.0,1,0.07595974240999565,26
1887,0,2975,1472,1503,0,0,0,1.0,1,1.0,1,1.0,1,0.07595974240999565,26
1888,1,2976,1473,1503,0,0,0,1.0,1,1.0,1,1.0,1,0.1013994910440115,27
1889,0,2976,1473,1503,0,0,0,1.0,1,1.0,1,1.0,1,0.13042186020004645,28
1890,0,2976,1473,1503,0,0,0,1.0,1,1.0,1,1.0,1,0.13042186020004645,28
1891,2,2978,1473,1505,0,0,0,1.0,1,1.0,1,1.0,1,0.11293282114161403,29
1892,0,2978,1473,1505,0,0,0,1.0,1,1.0,1,1.0,1,0.11293282114161403,29
1893,0,2978,1473,1505,0,0,0,1.0,1,1.0,1,1.0,1,0.11293282114161403,29
1894,0,2978,1473,1505,0,0,0,1.0,1,1.0,1,1.0,1,0.11293282114161403,29
1895,0,2978,1473,1505,0,0,0,1.0,1,1.0,1,1.0,1,0.12245255631432816,31
1896,1,2979,1474,1505,0,0,0,1.0,1,1.0,1,1.0,1,0.13479058844187586,31
1897,0,2979,1474,1505,0,0,0,1.0,1,1.0,1,1.0,1,0.13479058844187586,31
1898,0,2979,1474,1505,0,0,0,1.0,1,1.0,1,1.0,1,0.13479058844187586,31
1899,0,2979,1474,1505,0,0,0,1.0,1,1.0,1,1.0,1,0.1312560124466654,32
1900,0,2979,1474,1505,0,0,0,1.0,1,1.0,1,1.0,1,0.1312560124466654,32
1901,0,2979,1474,1505,0,0,0,1.0,1,1.0,1,1.0,1,0.1312560124466654,32
1902,1,2980,1475,1505,0,0,0,1.0,1,1.0,1,1.0,1,0.1535918477393017,32
1903,0,2980,1475,1505,0,0,0,1.0,1,1.0,1,1.0,1,0.1535918477393017,32
1904,1,2981,1475,1506,0,0,0,1.0,1,1.0,1,1.0,1,0.10042989185363492,34
1905,0,2981,1475,1506,0,0,0,1.0,1,1.0,1,1.0,1,0.10042989185363492,34
1906,1,2982,1475,1507,0,0,0,1.0,1,1.0,1,1.0,1,0.0847988638981834,35
1907,2,2984,1476,1508,0,0,0,1.0,1,1.0,1,1.0,1,0.013575051508277484,36
1908,0,2984,1476,1508,0,0,0,1.0,1,1.0,1,1.0,1,0.013575051508277484,36
1909,1,2985,1477,1508,0,0,0,1.0,1,1.0,1,1.0,1,0.059155865951912266,37
1910,1,2986,1477,1509,0,0,0,1.0,1,1.0,1,1.0,1,0.04594018021852593,38
1911,0,2986,1477,1509,0,0,0,1.0,1,1.0,1,1.0,1,0.036752300621458324,37
1912,1,2987,1478,1509,0,0,0,1.0,1,1.0,1,1.0,1,0.044249558429682374,37
1913,0,2987,1478,1509,0,0,0,1.0,1,1.0,1,1.0,1,0.05975904822164445,36
1914,3,2990,1481,1509,0,0,0,1.0,1,1.0,1,1.0,1,0.10229370931062708,37
1915,2,2992,1482,1510,0,0,0,1.0,1,1.0,1,1.0,1,0.08317656614619713,37
1916,1,2993,1483,1510,0,0,0,1.0,1,1.0,1,1.0,1,0.12896775535026161,39
1917,4,2997,1485,1512,0,0,0,1.0,1,1.0,1,1.0,1,0.20233103380503661,38
1918,9,3006,1487,1519,0,0,0,1.0,1,1.0,1,1.0,1,0.15047803585399774,38
1919,2,3008,1487,1521,0,0,0,1.0,1,1.0,1,1.0,1,0.14738949957502603,38
1920,1,3009,1488,1521,0,0,0,1.0,1,1.0,1,1.0,1,0.16528709309226725,39
1921,0,3009,1488,1521,0,0,0,1.0,1,1.0,1,1.0,1,0.14817623307860678,38
1922,2,3011,1490,1521,0,0,0,1.0,1,1.0,1,1.0,1,0.13329765409506353,39
1923,2,3013,1492,1521,0,0,0,1.0,1,1.0,1,1.0,1,0.13919918639614579,40
1924,0,3013,1492,1521,0,0,0,1.0,1,1.0,1,1.0,1,0.13919918639614579,40
1925,0,3013,1492,1521,0,0,0,1.0,1,1.0,1,1.0,1,0.10473937898354041,40
1926,2,3015,1493,1522,0,0,0,1.0,1,1.0,1,1.0,1,0.06288154975107053,40
1927,1,3016,1494,1522,0,0,0,1.0,1,1.0,1,1.0,1,0.06909734013080307,41
1928,1,3017,1495,1522,0,0,0,1.0,1,1.0,1,1.0,1,0.05305332809557371,41
1929,1,3018,1496,1522,0,0,0,1.0,1,1.0,1,1.0,1,0.09881818119028477,40
1930,1,3019,1497,1522,0,0,0,1.0,1,1.0,1,1.0,1,0.12897920540633015,40
1931,0,3019,1497,1522,0,0,0,1.0,1,1.0,1,1.0,1,0.12897920540633015,40
1932,0,3019,1497,1522,0,0,0,1.0,1,1.0,1,1.0,1,0.12897920540633015,40
1933,1,3020,1498,1522,0,0,0,1.0,1,1.0,1,1.0,1,0.1155500630342376,42
1934,0,3020,1498,1522,0,0,0,1.0,1,1.0,1,1.0,1,0.11586640583493421,44
1935,0,3020,1498,1522,0,0,0,1.0,1,1.0,1,1.0,1,0.11586640583493421,44
1936,3,3023,1499,1524,0,0,0,1.0,1,1.0,1,1.0,1,0.13041760060323018,46
1937,3,3026,1502,1524,0,0,0,1.0,1,1.0,1,1.0,1,0.08362285860625926,47
1938,0,3026,1502,1524,0,0,0,1.0,1,1.0,1,1.0,1,0.08362285860625926,47
1939,1,3027,1503,1524,0,0,0,1.0,1,1.0,1,1.0,1,0.07787260025715255,47
1940,2,3029,1504,1525,0,0,0,1.0,1,1.0,1,1.0,1,0.05733908625380312,47
1941,2,3031,1506,1525,0,0,0,1.0,1,1.0,1,1.0,1,0.0695828395293422,47
1942,2,3033,1507,1526,0,0,0,1.0,1,1.0,1,1.0,1,0.077950028854384,49
1943,1,3034,1508,1526,0,0,0,1.0,1,1.0,1,1.0,1,0.11989197221178206,47
1944,1,3035,1508,1527,0,0,0,1.0,1,1.0,1,1.0,1,0.10348168662336514,47
1945,1,3036,1509,1527,0,0,0,1.0,1,1.0,1,1.0,1,0.1745587090046434,45
1946,1,3037,1509,1528,0,0,0,1.0,1,1.0,1,1.0,1,0.168977336947984,45
1947,4,3041,1513,1528,0,0,0,1.0,1,1.0,1,1.0,1,0.23211016471688709,45
1948,0,3041,1513,1528,0,0,0,1.0,1,1.0,1,1.0,1,0.24659587366452362,45
1949,5,3046,1518,1528,0,0,0,1.0,1,1.0,1,1.0,1,0.24709743316987653,42
1950,2,3048,1520,1528,0,0,0,1.0,1,1.0,1,1.0,1,0.1918034664401857,42
1951,3,3051,1521,1530,0,0,0,1.0,1,1.0,1,1.0,1,0.16343508467136997,38
1952,2,3053,1522,1531,0,0,0,1.0,1,1.0,1,1.0,1,0.14430333181180488,36
1953,1,3054,1522,1532,0,0,0,1.0,1,1.0,1,1.0,1,0.14012189514711818,35
1954,0,3054,1522,1532,0,0,0,1.0,1,1.0,1,1.0,1,0.15762427655765177,32
1955,0,3054,1522,1532,0,0,0,1.0,1,1.0,1,1.0,1,0.14955799606377324,33
1956,2,3056,1524,1532,0,0,0,1.0,1,1.0,1,1.0,1,0.2303113476631022,31
1957,0,3056,1524,1532,0,0,0,1.0,1,1.0,1,1.0,1,0.21670838639524753,33
1958,3,3059,1526,1533,0,0,0,1.0,1,1.0,1,1.0,1,0.22030106880560393,34
1959,0,3059,1526,1533,0,0,0,1.0,1,1.0,1,1.0,1,0.20611180984185892,35
1960,2,3061,1527,1534,0,0,0,1.0,1,1.0,1,1.0,1,0.21700047990007953,36
1961,1,3062,1528,1534,0,0,0,1.0,1,1.0,1,1.0,1,0.2135352872883572,36
1962,1,3063,1529,1534,0,0,0,1.0,1,1.0,1,1.0,1,0.20794683075182968,35
1963,0,3063,1529,1534,0,0,0,1.0,1,1.0,1,1.0,1,0.22082748646187822,36
1964,2,3065,1530,1535,0,0,0,1.0,1,1.0,1,1.0,1,0.2076085822283222,35
1965,2,3067,1532,1535,0,0,0,1.0,1,1.0,1,1.0,1,0.21611355913325242,36
1966,3,3070,1534,1536,0,0,0,1.0,1,1.0,1,1.0,1,0.21861358748740153,36
1967,0,3070,1534,1536,0,0,0,1.0,1,1.0,1,1.0,1,0.21861358748740153,36
1968,2,3072,1535,1537,0,0,0,1.0,1,1.0,1,1.0,1,0.20288405049111832,37
1969,0,3072,1535,1537,0,0,0,1.0,1,1.0,1,1.0,1,0.20288405049111832,37
1970,1,3073,1536,1537,0,0,0,1.0,1,1.0,1,1.0,1,0.2122399152943514,38
1971,1,3074,1537,1537,0,0,0,1.0,1,1.0,1,1.0,1,0.229364068241847,37
1972,0,3074,1537,1537,0,0,0,1.0,1,1.0,1,1.0,1,0.229364068241847,37
1973,2,3076,1538,1538,0,0,0,1.0,1,1.0,1,1.0,1,0.23530132644991392,37
1974,0,3076,1538,1538,0,0,0,1.0,1,1.0,1,1.0,1,0.2237194009604286,38
1975,0,3076,1538,1538,0,0,0,1.0,1,1.0,1,1.0,1,0.2558735646552618,37
1976,7,3083,1540,1543,0,0,0,1.0,1,1.0,1,1.0,1,0.14935776167810413,39
1977,1,3084,1541,1543,0,0,0,1.0,1,1.0,1,1.0,1,0.12314147152463527,42
1978,1,3085,1542,1543,0,0,0,1.0,1,1.0,1,1.0,1,0.13114785389101644,42
1979,0,3085,1542,1543,0,0,0,1.0,1,1.0,1,1.0,1,0.13114785389101644,42
1980,1,3086,1543,1543,0,0,0,1.0,1,1.0,1,1.0,1,0.09759730999220362,43
1981,0,3086,1543,1543,0,0,0,1.0,1,1.0,1,1.0,1,0.10899482664249206,44
1982,2,3088,1545,1543,0,0,0,1.0,1,1.0,1,1.0,1,0.11414877372866813,44
1983,1,3089,1546,1543,0,0,0,1.0,1,1.0,1,1.0,1,0.12738977783720026,44
1984,1,3090,1547,1543,0,0,0,1.0,1,1.0,1,1.0,1,0.16718755426113613,42
1985,0,3090,1547,1543,0,0,0,1.0,1,1.0,1,1.0,1,0.15328353940189404,41
1986,0,3090,1547,1543,0,0,0,1.0,1,1.0,1,1.0,1,0.18129711921126548,40
1987,1,3091,1547,1544,0,0,0,1.0,1,1.0,1,1.0,1,0.16224981815044437,37
1988,2,3093,1549,1544,0,0,0,1.0,1,1.0,1,1.0,1,0.15130024809644396,35
1989,2,3095,1550,1545,0,0,0,1.0,1,1.0,1,1.0,1,0.18986412763893762,32
1990,2,3097,1552,1545,0,0,0,1.0,1,1.0,1,1.0,1,0.1670674292178281,31
1991,0,3097,1552,1545,0,0,0,1.0,1,1.0,1,1.0,1,0.18987091712794762,32
1992,1,3098,1553,1545,0,0,0,1.0,1,1.0,1,1.0,1,0.2179215505612697,32
1993,3,3101,1556,1545,0,0,0,1.0,1,1.0,1,1.0,1,0.22509426846508604,32
1994,0,3101,1556,1545,0,0,0,1.0,1,1.0,1,1.0,1,0.22454806874227726,31
1995,2,3103,1556,1547,0,0,0,1.0,1,1.0,1,1.0,1,0.16672658949547317,32
1996,1,3104,1556,1548,0,0,0,1.0,1,1.0,1,1.0,1,0.15222768021413288,32
1997,0,3104,1556,1548,0,0,0,1.0,1,1.0,1,1.0,1,0.16819436157779918,31
1998,1,3105,1556,1549,0,0,0,1.0,1,1.0,1,1.0,1,0.15253637573114578,32
1999,0,3105,1556,1549,0,0,0,1.0,1,1.0,1,1.0,1,0.1915164604040727,31
2000,0,3105,1556,1549,0,0,0,1.0,1,1.0,1,1.0,1,0.1700043848163632,30
2001,3,3108,1556,1552,0,0,0,1.0,1,1.0,1,1.0,1,0.15929592494261224,29
2002,0,3108,1556,1552,0,0,0,1.0,1,1.0,1,1.0,1,0.11608592681386799,31
2003,1,3109,1557,1552,0,0,0,1.0,1,1.0,1,1.0,1,0.13581718271774462,33
2004,1,3110,1558,1552,0,0,0,1.0,1,1.0,1,1.0,1,0.1779275211357478,34
2005,2,3112,1558,1554,0,0,0,1.0,1,1.0,1,1.0,1,0.15198050438751584,35
2006,2,3114,1560,1554,0,0,0,1.0,1,1.0,1,1.0,1,0.12690605603917351,36
2007,1,3115,1561,1554,0,0,0,1.0,1,1.0,1,1.0,1,0.134322217823815,36
2008,2,3117,1563,1554,0,0,0,1.0,1,1.0,1,1.0,1,0.16640660876966074,36
2009,0,3117,1563,1554,0,0,0,1.0,1,1.0,1,1.0,1,0.1488207097927319,37
2010,1,3118,1564,1554,0,0,0,1.0,1,1.0,1,1.0,1,0.15949370953732508,37
2011,0,3118,1564,1554,0,0,0,1.0,1,1.0,1,1.0,1,0.15949370953732508,37
2012,1,3119,1565,1554,0,0,0,1.0,1,1.0,1,1.0,1,0.163025890582016,37
2013,1,3120,1565,1555,0,0,0,1.0,1,1.0,1,1.0,1,0.14007207847986602,39
2014,1,3121,1565,1556,0,0,0,1.0,1,1.0,1,1.0,1,0.15656377077941955,39
2015,0,3121,1565,1556,0,0,0,1.0,1,1.0,1,1.0,1,0.15656377077941955,39
2016,2,3123,1567,1556,0,0,0,1.0,1,1.0,1,1.0,1,0.15627398218513847,41
2017,1,3124,1567,1557,0,0,0,1.0,1,1.0,1,1.0,1,0.14173791117667572,41
2018,3,3127,1569,1558,0,0,0,1.0,1,1.0,1,1.0,1,0.1663587151928068,42
2019,0,3127,1569,1558,0,0,0,1.0,1,1.0,1,1.0,1,0.15888290499190408,43
2020,2,3129,1571,1558,0,0,0,1.0,1,1.0,1,1.0,1,0.19186096538333222,43
2021,1,3130,1571,1559,0,0,0,1.0,1,1.0,1,1.0,1,0.18399179600139923,43
2022,1,3131,1572,1559,0,0,0,1.0,1,1.0,1,1.0,1,0.1372923541657168,44
2023,3,3134,1575,1559,0,0,0,1.0,1,1.0,1,1.0,1,0.2067602984692107,42
2024,3,3137,1578,1559,0,0,0,1.0,1,1.0,1,1.0,1,0.1830914892623175,41
2025,3,3140,1581,1559,0,0,0,1.0,1,1.0,1,1.0,1,0.23984741584232055,39
2026,4,3144,1582,1562,0,0,0,1.0,1,1.0,1,1.0,1,0.17463465435497272,39
2027,2,3146,1583,1563,0,0,0,1.0,1,1.0,1,1.0,1,0.24719653113976192,38
2028,0,3146,1583,1563,0,0,0,1.0,1,1.0,1,1.0,1,0.2295354568752682,37
2029,1,3147,1584,1563,0,0,0,1.0,1,1.0,1,1.0,1,0.21681774271407528,35
2030,0,3147,1584,1563,0,0,0,1.0,1,1.0,1,1.0,1,0.23364249296691203,32
2031,3,3150,1586,1564,0,0,0,1.0,1,1.0,1,1.0,1,0.17851678640640967,34
2032,0,3150,1586,1564,0,0,0,1.0,1,1.0,1,1.0,1,0.15949617999958807,35
2033,4,3154,1589,1565,0,0,0,1.0,1,1.0,1,1.0,1,0.17426235091247602,35
2034,2,3156,1590,1566,0,0,0,1.0,1,1.0,1,1.0,1,0.18000157547985493,35
2035,2,3158,1592,1566,0,0,0,1.0,1,1.0,1,1.0,1,0.18718115451357895,36
2036,1,3159,1593,1566,0,0,0,1.0,1,1.0,1,1.0,1,0.24521538664948594,35
2037,2,3161,1594,1567,0,0,0,1.0,1,1.0,1,1.0,1,0.2103533902983868,36
2038,2,3163,1595,1568,0,0,0,1.0,1,1.0,1,1.0,1,0.1883086108390136,38
2039,1,3164,1596,1568,0,0,0,1.0,1,1.0,1,1.0,1,0.18657374213344424,38
2040,0,3164,1596,1568,0,0,0,1.0,1,1.0,1,1.0,1,0.17421525948389358,37
2041,1,3165,1596,1569,0,0,0,1.0,1,1.0,1,1.0,1,0.14500542732816482,38
2042,1,3166,1597,1569,0,0,0,1.0,1,1.0,1,1.0,1,0.1568658550815826,38
2043,2,3168,1598,1570,0,0,0,1.0,1,1.0,1,1.0,1,0.16129044946613877,38
2044,0,3168,1598,1570,0,0,0,1.0,1,1.0,1,1.0,1,0.1628862920223845,39
2045,2,3170,1598,1572,0,0,0,1.0,1,1.0,1,1.0,1,0.15544154106548494,40
2046,0,3170,1598,1572,0,0,0,1.0,1,1.0,1,1.0,1,0.1399335092094782,41
2047,2,3172,1599,1573,0,0,0,1.0,1,1.0,1,1.0,1,0.1473161750865171,41
2048,2,3174,1599,1575,0,0,0,1.0,1,1.0,1,1.0,1,0.10865950071137927,43
2049,0,3174,1599,1575,0,0,0,1.0,1,1.0,1,1.0,1,0.10865950071137927,43
2050,0,3174,1599,1575,0,0,0,1.0,1,1.0,1,1.0,1,0.11552676621949469,43
2051,4,3178,1601,1577,0,0,0,1.0,1,1.0,1,1.0,1,0.12661157780513368,43
2052,0,3178,1601,1577,0,0,0,1.0,1,1.0,1,1.0,1,0.13020679797589002,44
2053,1,3179,1602,1577,0,0,0,1.0,1,1.0,1,1.0,1,0.17934048410474565,43
2054,2,3181,1604,1577,0,0,0,1.0,1,1.0,1,1.0,1,0.1676548797168384,44
2055,1,3182,1604,1578,0,0,0,1.0,1,1.0,1,1.0,1,0.16280186458143622,43
2056,0,3182,1604,1578,0,0,0,1.0,1,1.0,1,1.0,1,0.14860802083616562,44
2057,4,3186,1608,1578,0,0,0,1.0,1,1.0,1,1.0,1,0.1448180110079528,44
2058,2,3188,1610,1578,0,0,0,1.0,1,1.0,1,1.0,1,0.1250685990060322,44
2059,0,3188,1610,1578,0,0,0,1.0,1,1.0,1,1.0,1,0.13577042322770444,45
2060,2,3190,1611,1579,0,0,0,1.0,1,1.0,1,1.0,1,0.16429102196342366,46
2061,4,3194,1613,1581,0,0,0,1.0,1,1.0,1,1.0,1,0.1234265828601007,48
2062,0,3194,1613,1581,0,0,0,1.0,1,1.0,1,1.0,1,0.1234265828601007,48
2063,1,3195,1614,1581,0,0,0,1.0,1,1.0,1,1.0,1,0.12431789450892458,45
2064,1,3196,1615,1581,0,0,0,1.0,1,1.0,1,1.0,1,0.15321979220065818,44
2065,1,3197,1615,1582,0,0,0,1.0,1,1.0,1,1.0,1,0.11857048253282429,42
2066,2,3199,1617,1582,0,0,0,1.0,1,1.0,1,1.0,1,0.10301967714040475,42
2067,1,3200,1617,1583,0,0,0,1.0,1,1.0,1,1.0,1,0.09468784742736207,38
2068,1,3201,1618,1583,0,0,0,1.0,1,1.0,1,1.0,1,0.07963092190614057,37
2069,1,3202,1619,1583,0,0,0,1.0,1,1.0,1,1.0,1,0.09761747336778741,35
2070,2,3204,1621,1583,0,0,0,1.0,1,1.0,1,1.0,1,0.1175077270103701,35
2071,0,3204,1621,1583,0,0,0,1.0,1,1.0,1,1.0,1,0.14520834450275721,34
2072,2,3206,1623,1583,0,0,0,1.0,1,1.0,1,1.0,1,0.2144127059153826,35
2073,0,3206,1623,1583,0,0,0,1.0,1,1.0,1,1.0,1,0.2047572990751568,37
2074,0,3206,1623,1583,0,0,0,1.0,1,1.0,1,1.0,1,0.1903262088548364,36
2075,0,3206,1623,1583,0,0,0,1.0,1,1.0,1,1.0,1,0.17540806002104029,38
2076,2,3208,1623,1585,0,0,0,1.0,1,1.0,1,1.0,1,0.10844395433087516,37
2077,2,3210,1623,1587,0,0,0,1.0,1,1.0,1,1.0,1,0.07912881289679981,37
2078,0,3210,1623,1587,0,0,0,1.0,1,1.0,1,1.0,1,0.07912881289679981,37
2079,0,3210,1623,1587,0,0,0,1.0,1,1.0,1,1.0,1,0.07912881289679981,37
2080,0,3210,1623,1587,0,0,0,1.0,1,1.0,1,1.0,1,0.08618520748119589,36
2081,1,3211,1624,1587,0,0,0,1.0,1,1.0,1,1.0,1,0.09354846137669191,37
2082,2,3213,1626,1587,0,0,0,1.0,1,1.0,1,1.0,1,0.10832552674667595,38
2083,2,3215,1627,1588,0,0,0,1.0,1,1.0,1,1.0,1,0.10370164039890799,39
2084,1,3216,1628,1588,0,0,0,1.0,1,1.0,1,1.0,1,0.1529948223512244,41
2085,3,3219,1631,1588,0,0,0,1.0,1,1.0,1,1.0,1,0.18382965783264466,41
2086,2,3221,1631,1590,0,0,0,1.0,1,1.0,1,1.0,1,0.15189288912752621,44
2087,9,3230,1633,1597,0,0,0,1.0,1,1.0,1,1.0,1,0.1392040908673123,44
2088,7,3237,1633,1604,0,0,0,1.0,1,1.0,1,1.0,1,0.1353478567441908,45
2089,9,3246,1634,1612,0,0,0,1.0,1,1.0,1,1.0,1,0.09329874036774577,46
2090,10,3256,1634,1622,0,0,0,1.0,1,1.0,1,1.0,1,0.05470849453191363,47
2091,10,3266,1635,1631,0,0,0,1.0,1,1.0,1,1.0,1,0.1701759694321954,48
2092,9,3275,1636,1639,0,0,0,1.0,1,1.0,1,1.0,1,0.14216487968196406,48
2093,4,3279,1636,1643,0,0,0,1.0,1,1.0,1,1.0,1,0.05482245219151453,48
2094,1,3280,1637,1643,0,0,0,1.0,1,1.0,1,1.0,1,0.04652436278235872,47
2095,0,3280,1637,1643,0,0,0,1.0,1,1.0,1,1.0,1,0.06982454312351603,49
2096,0,3280,1637,1643,0,0,0,1.0,1,1.0,1,1.0,1,0.06797892738375161,50
2097,5,3285,1639,1646,0,0,0,1.0,1,1.0,1,1.0,1,0.12227920783636759,50
2098,6,3291,1641,1650,0,0,0,1.0,1,1.0,1,1.0,1,0.08121889881152711,51
2099,5,3296,1642,1654,0,0,0,1.0,1,1.0,1,1.0,1,0.1494846117545741,50
2100,1,3297,1643,1654,0,0,0,1.0,1,1.0,1,1.0,1,0.14469637549725206,49
2101,3,3300,1643,1657,0,0,0,1.0,1,1.0,1,1.0,1,0.12310889535722376,48
2102,2,3302,1645,1657,0,0,0,1.0,1,1.0,1,1.0,1,0.155335572344099,49
2103,2,3304,1647,1657,0,0,0,1.0,1,1.0,1,1.0,1,0.15621654068880025,44
2104,0,3304,1647,1657,0,0,0,1.0,1,1.0,1,1.0,1,0.16957355338550573,42
2105,2,3306,1649,1657,0,0,0,1.0,1,1.0,1,1.0,1,0.19641435850120864,40
2106,0,3306,1649,1657,0,0,0,1.0,1,1.0,1,1.0,1,0.222405400545165,39
2107,1,3307,1650,1657,0,0,0,1.0,1,1.0,1,1.0,1,0.18202288875945627,37
2108,1,3308,1651,1657,0,0,0,1.0,1,1.0,1,1.0,1,0.1940513216942047,37
2109,0,3308,1651,1657,0,0,0,1.0,1,1.0,1,1.0,1,0.17731607807900232,36
2110,0,3308,1651,1657,0,0,0,1.0,1,1.0,1,1.0,1,0.1475203905062075,35
2111,2,3310,1653,1657,0,0,0,1.0,1,1.0,1,1.0,1,0.15923016553744596,35
2112,0,3310,1653,1657,0,0,0,1.0,1,1.0,1,1.0,1,0.15923016553744596,35
2113,2,3312,1655,1657,0,0,0,1.0,1,1.0,1,1.0,1,0.17813457271641644,35
2114,1,3313,1656,1657,0,0,0,1.0,1,1.0,1,1.0,1,0.17430204561453502,36
2115,3,3316,1658,1658,0,0,0,1.0,1,1.0,1,1.0,1,0.13865763880386714,37
2116,2,3318,1660,1658,0,0,0,1.0,1,1.0,1,1.0,1,0.18805698365660375,39
2117,3,3321,1660,1661,0,0,0,1.0,1,1.0,1,1.0,1,0.09981094715054813,39
2118,0,3321,1660,1661,0,0,0,1.0,1,1.0,1,1.0,1,0.12316649290553768,41
2119,1,3322,1661,1661,0,0,0,1.0,1,1.0,1,1.0,1,0.13782346526040942,42
2120,2,3324,1661,1663,0,0,0,1.0,1,1.0,1,1.0,1,0.09290237591850871,42
2121,1,3325,1662,1663,0,0,0,1.0,1,1.0,1,1.0,1,0.09530796615375633,42
2122,0,3325,1662,1663,0,0,0,1.0,1,1.0,1,1.0,1,0.10909416693608777,43
2123,1,3326,1663,1663,0,0,0,1.0,1,1.0,1,1.0,1,0.09749812283344554,42
2124,0,3326,1663,1663,0,0,0,1.0,1,1.0,1,1.0,1,0.09749812283344554,42
2125,0,3326,1663,1663,0,0,0,1.0,1,1.0,1,1.0,1,0.11283194838370113,41
2126,0,3326,1663,1663,0,0,0,1.0,1,1.0,1,1.0,1,0.11283194838370113,41
2127,0,3326,1663,1663,0,0,0,1.0,1,1.0,1,1.0,1,0.11283194838370113,41
2128,1,3327,1663,1664,0,0,0,1.0,1,1.0,1,1.0,1,0.07039233028598874,42
2129,1,3328,1663,1665,0,0,0,1.0,1,1.0,1,1.0,1,0.0724962112552608,43
2130,1,3329,1663,1666,0,0,0,1.0,1,1.0,1,1.0,1,0.037113797231986004,45
2131,1,3330,1664,1666,0,0,0,1.0,1,1.0,1,1.0,1,0.09100824011068223,44
2132,0,3330,1664,1666,0,0,0,1.0,1,1.0,1,1.0,1,0.09100824011068223,44
2133,1,3331,1665,1666,0,0,0,1.0,1,1.0,1,1.0,1,0.0879262647221992,45
2134,2,3333,1667,1666,0,0,0,1.0,1,1.0,1,1.0,1,0.10627271553584738,45
2135,2,3335,1669,1666,0,0,0,1.0,1,1.0,1,1.0,1,0.07811099724520937,46
2136,2,3337,1671,1666,0,0,0,1.0,1,1.0,1,1.0,1,0.09985234949680544,47
2137,4,3341,1675,1666,0,0,0,1.0,1,1.0,1,1.0,1,0.1759927349790678,47
2138,6,3347,1678,1669,0,0,0,1.0,1,1.0,1,1.0,1,0.12759691176543192,45
2139,2,3349,1679,1670,0,0,0,1.0,1,1.0,1,1.0,1,0.14337774836875544,45
2140,2,3351,1681,1670,0,0,0,1.0,1,1.0,1,1.0,1,0.11070711366522883,44
2141,3,3354,1683,1671,0,0,0,1.0,1,1.0,1,1.0,1,0.11276707526050163,45
2142,1,3355,1684,1671,0,0,0,1.0,1,1.0,1,1.0,1,0.08133042511419519,46
2143,2,3357,1686,1671,0,0,0,1.0,1,1.0,1,1.0,1,0.11013937527906834,46
2144,1,3358,1687,1671,0,0,0,1.0,1,1.0,1,1.0,1,0.06016423991809008,48
2145,4,3362,1691,1671,0,0,0,1.0,1,1.0,1,1.0,1,0.08613444867425474,46
2146,0,3362,1691,1671,0,0,0,1.0,1,1.0,1,1.0,1,0.09252682787357691,45
2147,3,3365,1694,1671,0,0,0,1.0,1,1.0,1,1.0,1,0.13852490220650354,44
2148,1,3366,1695,1671,0,0,0,1.0,1,1.0,1,1.0,1,0.12084994668849558,44
2149,5,3371,1699,1672,0,0,0,1.0,1,1.0,1,1.0,1,0.09368579241199854,42
2150,3,3374,1702,1672,0,0,0,1.0,1,1.0,1,1.0,1,0.13630650697121888,40
2151,3,3377,1705,1672,0,0,0,1.0,1,1.0,1,1.0,1,0.03301032297751239,39
2152,0,3377,1705,1672,0,0,0,1.0,1,1.0,1,1.0,1,0.04467459142856716,40
2153,2,3379,1707,1672,0,0,0,1.0,1,1.0,1,1.0,1,0.09689365133570728,42
2154,2,3381,1708,1673,0,0,0,1.0,1,1.0,1,1.0,1,0.08419735238655303,42
2155,0,3381,1708,1673,0,0,0,1.0,1,1.0,1,1.0,1,0.0837673678431463,41
2156,0,3381,1708,1673,0,0,0,1.0,1,1.0,1,1.0,1,0.1286332839702706,40
2157,0,3381,1708,1673,0,0,0,1.0,1,1.0,1,1.0,1,0.1286332839702706,40
2158,2,3383,1710,1673,0,0,0,1.0,1,1.0,1,1.0,1,0.11416813579431302,38
2159,0,3383,1710,1673,0,0,0,1.0,1,1.0,1,1.0,1,0.11869818234937264,38
2160,1,3384,1711,1673,0,0,0,1.0,1,1.0,1,1.0,1,0.1275256426634259,38
2161,2,3386,1713,1673,0,0,0,1.0,1,1.0,1,1.0,1,0.16693148439399724,38
2162,2,3388,1714,1674,0,0,0,1.0,1,1.0,1,1.0,1,0.1857297089055965,38
2163,3,3391,1716,1675,0,0,0,1.0,1,1.0,1,1.0,1,0.20639593037289936,40
2164,2,3393,1718,1675,0,0,0,1.0,1,1.0,1,1.0,1,0.25159183867276513,41
2165,3,3396,1720,1676,0,0,0,1.0,1,1.0,1,1.0,1,0.266784836644005,42
2166,4,3400,1720,1680,0,0,0,1.0,1,1.0,1,1.0,1,0.21814082441545615,42
2167,0,3400,1720,1680,0,0,0,1.0,1,1.0,1,1.0,1,0.19447834138647807,43
2168,0,3400,1720,1680,0,0,0,1.0,1,1.0,1,1.0,1,0.17707769260713874,43
2169,1,3401,1720,1681,0,0,0,1.0,1,1.0,1,1.0,1,0.20358314720772047,45
2170,0,3401,1720,1681,0,0,0,1.0,1,1.0,1,1.0,1,0.18692815317102293,46
2171,1,3402,1720,1682,0,0,0,1.0,1,1.0,1,1.0,1,0.17919063104386967,48
2172,1,3403,1721,1682,0,0,0,1.0,1,1.0,1,1.0,1,0.18560668320000295,49
2173,2,3405,1722,1683,0,0,0,1.0,1,1.0,1,1.0,1,0.1907076346591214,49
2174,3,3408,1722,1686,0,0,0,1.0,1,1.0,1,1.0,1,0.1943396000376501,49
2175,1,3409,1722,1687,0,0,0,1.0,1,1.0,1,1.0,1,0.17473628255898516,49
2176,5,3414,1724,1690,0,0,0,1.0,1,1.0,1,1.0,1,0.12762015252209125,51
2177,3,3417,1725,1692,0,0,0,1.0,1,1.0,1,1.0,1,0.08553642917036455,51
2178,2,3419,1727,1692,0,0,0,1.0,1,1.0,1,1.0,1,0.0786204758327208,50
2179,3,3422,1730,1692,0,0,0,1.0,1,1.0,1,1.0,1,0.04611703310603327,49
2180,0,3422,1730,1692,0,0,0,1.0,1,1.0,1,1.0,1,0.04374650731952381,47
2181,1,3423,1731,1692,0,0,0,1.0,1,1.0,1,1.0,1,0.0307579445519368,47
2182,2,3425,1733,1692,0,0,0,1.0,1,1.0,1,1.0,1,0.04895420545487623,45
2183,1,3426,1734,1692,0,0,0,1.0,1,1.0,1,1.0,1,0.05160523947732783,44
2184,1,3427,1735,1692,0,0,0,1.0,1,1.0,1,1.0,1,0.07499197661394112,43
2185,4,3431,1739,1692,0,0,0,1.0,1,1.0,1,1.0,1,0.13459029760891497,40
2186,4,3435,1743,1692,0,0,0,1.0,1,1.0,1,1.0,1,0.11391737215972979,38
2187,3,3438,1746,1692,0,0,0,1.0,1,1.0,1,1.0,1,0.1097485633410739,35
2188,1,3439,1747,1692,0,0,0,1.0,1,1.0,1,1.0,1,0.1345726808447345,34
2189,0,3439,1747,1692,0,0,0,1.0,1,1.0,1,1.0,1,0.0970426800209183,31
2190,1,3440,1748,1692,0,0,0,1.0,1,1.0,1,1.0,1,0.1514697148992697,29
2191,1,3441,1749,1692,0,0,0,1.0,1,1.0,1,1.0,1,0.17537882783758776,28
2192,1,3442,1750,1692,0,0,0,1.0,1,1.0,1,1.0,1,0.22566922666462003,29
2193,1,3443,1751,1692,0,0,0,1.0,1,1.0,1,1.0,1,0.26781296258275683,28
2194,0,3443,1751,1692,0,0,0,1.0,1,1.0,1,1.0,1,0.2682745651347222,27
2195,2,3445,1753,1692,0,0,0,1.0,1,1.0,1,1.0,1,0.25898743261321466,27
2196,1,3446,1754,1692,0,0,0,1.0,1,1.0,1,1.0,1,0.358217384728844,27
2197,1,3447,1755,1692,0,0,0,1.0,1,1.0,1,1.0,1,0.3404665213164229,27
2198,0,3447,1755,1692,0,0,0,1.0,1,1.0,1,1.0,1,0.30462267249498787,28
2199,1,3448,1756,1692,0,0,0,1.0,1,1.0,1,1.0,1,0.3288945003218371,29
2200,0,3448,1756,1692,0,0,0,1.0,1,1.0,1,1.0,1,0.3185502095435528,31
2201,6,3454,1758,1696,0,0,0,1.0,1,1.0,1,1.0,1,0.2223490204440406,32
2202,1,3455,1758,1697,0,0,0,1.0,1,1.0,1,1.0,1,0.2189473792970132,31
2203,1,3456,1758,1698,0,0,0,1.0,1,1.0,1,1.0,1,0.17045228486070083,32
2204,0,3456,1758,1698,0,0,0,1.0,1,1.0,1,1.0,1,0.17045228486070083,32
2205,2,3458,1759,1699,0,0,0,1.0,1,1.0,1,1.0,1,0.18019979906586853,33
2206,0,3458,1759,1699,0,0,0,1.0,1,1.0,1,1.0,1,0.17808614616650106,32
2207,1,3459,1759,1700,0,0,0,1.0,1,1.0,1,1.0,1,0.1512337756619761,33
2208,1,3460,1760,1700,0,0,0,1.0,1,1.0,1,1.0,1,0.1575974812982736,35
2209,2,3462,1760,1702,0,0,0,1.0,1,1.0,1,1.0,1,0.11174970676722557,36
2210,2,3464,1761,1703,0,0,0,1.0,1,1.0,1,1.0,1,0.09931070426040015,35
2211,1,3465,1761,1704,0,0,0,1.0,1,1.0,1,1.0,1,0.11702848299176966,36
2212,0,3465,1761,1704,0,0,0,1.0,1,1.0,1,1.0,1,0.13940499006221974,37
2213,5,3470,1766,1704,0,0,0,1.0,1,1.0,1,1.0,1,0.10873512322067191,37
2214,1,3471,1766,1705,0,0,0,1.0,1,1.0,1,1.0,1,0.07625382616222989,39
2215,4,3475,1770,1705,0,0,0,1.0,1,1.0,1,1.0,1,0.08158927076187845,36
2216,2,3477,1772,1705,0,0,0,1.0,1,1.0,1,1.0,1,0.06445304550652266,37
2217,2,3479,1774,1705,0,0,0,1.0,1,1.0,1,1.0,1,0.09514423347632221,35
2218,0,3479,1774,1705,0,0,0,1.0,1,1.0,1,1.0,1,0.09514423347632221,35
2219,0,3479,1774,1705,0,0,0,1.0,1,1.0,1,1.0,1,0.06168302676368195,33
2220,0,3479,1774,1705,0,0,0,1.0,1,1.0,1,1.0,1,0.05464403648732707,31
2221,0,3479,1774,1705,0,0,0,1.0,1,1.0,1,1.0,1,0.05464403648732707,31
2222,1,3480,1775,1705,0,0,0,1.0,1,1.0,1,1.0,1,0.08383322666273434,30
2223,1,3481,1776,1705,0,0,0,1.0,1,1.0,1,1.0,1,0.09513350656517312,28
2224,2,3483,1778,1705,0,0,0,1.0,1,1.0,1,1.0,1,0.12497595392308272,29
2225,3,3486,1781,1705,0,0,0,1.0,1,1.0,1,1.0,1,0.12333880707134566,28
2226,1,3487,1782,1705,0,0,0,1.0,1,1.0,1,1.0,1,0.08345296643927204,30
2227,0,3487,1782,1705,0,0,0,1.0,1,1.0,1,1.0,1,0.1290684431862684,28
2228,2,3489,1784,1705,0,0,0,1.0,1,1.0,1,1.0,1,0.10127181670041611,29
2229,1,3490,1785,1705,0,0,0,1.0,1,1.0,1,1.0,1,0.10409773342252288,28
2230,0,3490,1785,1705,0,0,0,1.0,1,1.0,1,1.0,1,0.10143681405157325,28
2231,1,3491,1786,1705,0,0,0,1.0,1,1.0,1,1.0,1,0.19161556150489975,27
2232,0,3491,1786,1705,0,0,0,1.0,1,1.0,1,1.0,1,0.1792279253489788,27
2233,0,3491,1786,1705,0,0,0,1.0,1,1.0,1,1.0,1,0.16695954069604116,28
2234,3,3494,1789,1705,0,0,0,1.0,1,1.0,1,1.0,1,0.11095685257177229,26
2235,1,3495,1790,1705,0,0,0,1.0,1,1.0,1,1.0,1,0.08027334265586344,26
2236,1,3496,1791,1705,0,0,0,1.0,1,1.0,1,1.0,1,0.017525384786216205,26
2237,4,3500,1795,1705,0,0,0,1.0,1,1.0,1,1.0,1,0.1000584246602748,26
2238,1,3501,1796,1705,0,0,0,1.0,1,1.0,1,1.0,1,0.13078701483882402,27
2239,2,3503,1798,1705,0,0,0,1.0,1,1.0,1,1.0,1,0.1695695849933779,28
2240,3,3506,1801,1705,0,0,0,1.0,1,1.0,1,1.0,1,0.21431479358445832,30
2241,1,3507,1802,1705,0,0,0,1.0,1,1.0,1,1.0,1,0.25924077855545263,29
2242,2,3509,1804,1705,0,0,0,1.0,1,1.0,1,1.0,1,0.29609261941219467,29
2243,1,3510,1805,1705,0,0,0,1.0,1,1.0,1,1.0,1,0.3103712215366657,29
2244,0,3510,1805,1705,0,0,0,1.0,1,1.0,1,1.0,1,0.3103712215366657,29
2245,0,3510,1805,1705,0,0,0,1.0,1,1.0,1,1.0,1,0.30872325111303045,30
2246,0,3510,1805,1705,0,0,0,1.0,1,1.0,1,1.0,1,0.287047228868554,33
2247,0,3510,1805,1705,0,0,0,1.0,1,1.0,1,1.0,1,0.2662223045157386,34
2248,0,3510,1805,1705,0,0,0,1.0,1,1.0,1,1.0,1,0.2662223045157386,34
2249,0,3510,1805,1705,0,0,0,1.0,1,1.0,1,1.0,1,0.2328598609602711,35
2250,2,3512,1806,1706,0,0,0,1.0,1,1.0,1,1.0,1,0.22197735249281317,35
2251,3,3515,1806,1709,0,0,0,1.0,1,1.0,1,1.0,1,0.09051189576352603,36
2252,1,3516,1807,1709,0,0,0,1.0,1,1.0,1,1.0,1,0.15106253040807596,37
2253,2,3518,1809,1709,0,0,0,1.0,1,1.0,1,1.0,1,0.14703345417169578,35
2254,0,3518,1809,1709,0,0,0,1.0,1,1.0,1,1.0,1,0.11190179011416536,33
2255,1,3519,1810,1709,0,0,0,1.0,1,1.0,1,1.0,1,0.1457780252558671,35
2256,2,3521,1812,1709,0,0,0,1.0,1,1.0,1,1.0,1,0.14123367224174693,34
2257,2,3523,1814,1709,0,0,0,1.0,1,1.0,1,1.0,1,0.14751616383676794,36
2258,1,3524,1815,1709,0,0,0,1.0,1,1.0,1,1.0,1,0.1494416571970502,35
2259,0,3524,1815,1709,0,0,0,1.0,1,1.0,1,1.0,1,0.14812717791685745,35
2260,1,3525,1816,1709,0,0,0,1.0,1,1.0,1,1.0,1,0.13349902362619273,33
2261,4,3529,1818,1711,0,0,0,1.0,1,1.0,1,1.0,1,0.14903446358051847,33
2262,1,3530,1818,1712,0,0,0,1.0,1,1.0,1,1.0,1,0.12129060545704813,32
2263,2,3532,1820,1712,0,0,0,1.0,1,1.0,1,1.0,1,0.1952235525369315,31
2264,0,3532,1820,1712,0,0,0,1.0,1,1.0,1,1.0,1,0.21225709641405094,30
2265,1,3533,1821,1712,0,0,0,1.0,1,1.0,1,1.0,1,0.21707049903056375,29
2266,3,3536,1824,1712,0,0,0,1.0,1,1.0,1,1.0,1,0.0916416634563618,30
2267,2,3538,1826,1712,0,0,0,1.0,1,1.0,1,1.0,1,0.06202868148429079,29
2268,4,3542,1830,1712,0,0,0,1.0,1,1.0,1,1.0,1,0.06257234332028266,30
2269,1,3543,1831,1712,0,0,0,1.0,1,1.0,1,1.0,1,0.08016974789981665,31
2270,3,3546,1834,1712,0,0,0,1.0,1,1.0,1,1.0,1,0.18165818764675082,31
2271,4,3550,1838,1712,0,0,0,1.0,1,1.0,1,1.0,1,0.15276769120749462,31
2272,1,3551,1839,1712,0,0,0,1.0,1,1.0,1,1.0,1,0.19186555973941316,31
2273,2,3553,1841,1712,0,0,0,1.0,1,1.0,1,1.0,1,0.11773519876583734,30
2274,1,3554,1842,1712,0,0,0,1.0,1,1.0,1,1.0,1,0.0721770712773069,31
2275,0,3554,1842,1712,0,0,0,1.0,1,1.0,1,1.0,1,0.08543089512350531,32
2276,0,3554,1842,1712,0,0,0,1.0,1,1.0,1,1.0,1,0.11400434766182377,31
2277,1,3555,1842,1713,0,0,0,1.0,1,1.0,1,1.0,1,0.10867310000986581,31
2278,2,3557,1844,1713,0,0,0,1.0,1,1.0,1,1.0,1,0.14363930757029172,32
2279,2,3559,1845,1714,0,0,0,1.0,1,1.0,1,1.0,1,0.152184499850719,32
2280,0,3559,1845,1714,0,0,0,1.0,1,1.0,1,1.0,1,0.13141927077609566,33
2281,1,3560,1845,1715,0,0,0,1.0,1,1.0,1,1.0,1,0.0990965657442265,34
2282,2,3562,1846,1716,0,0,0,1.0,1,1.0,1,1.0,1,0.13628947159776203,34
2283,0,3562,1846,1716,0,0,0,1.0,1,1.0,1,1.0,1,0.13628947159776203,34
2284,0,3562,1846,1716,0,0,0,1.0,1,1.0,1,1.0,1,0.13628947159776203,34
2285,0,3562,1846,1716,0,0,0,1.0,1,1.0,1,1.0,1,0.12862906590257964,35
2286,0,3562,1846,1716,0,0,0,1.0,1,1.0,1,1.0,1,0.11236827279295217,34
2287,1,3563,1847,1716,0,0,0,1.0,1,1.0,1,1.0,1,0.13744883180205839,35
2288,1,3564,1847,1717,0,0,0,1.0,1,1.0,1,1.0,1,0.07353614872609335,35
2289,2,3566,1849,1717,0,0,0,1.0,1,1.0,1,1.0,1,0.12836305962570113,37
2290,0,3566,1849,1717,0,0,0,1.0,1,1.0,1,1.0,1,0.10170526577439894,37
2291,2,3568,1851,1717,0,0,0,1.0,1,1.0,1,1.0,1,0.14173805902254974,35
2292,0,3568,1851,1717,0,0,0,1.0,1,1.0,1,1.0,1,0.14782243929178043,35
2293,1,3569,1852,1717,0,0,0,1.0,1,1.0,1,1.0,1,0.16270409593589702,34
2294,0,3569,1852,1717,0,0,0,1.0,1,1.0,1,1.0,1,0.1496941171311344,33
2295,0,3569,1852,1717,0,0,0,1.0,1,1.0,1,1.0,1,0.141635490108567,34
2296,0,3569,1852,1717,0,0,0,1.0,1,1.0,1,1.0,1,0.10609991447170028,33
2297,0,3569,1852,1717,0,0,0,1.0,1,1.0,1,1.0,1,0.1331393037403724,32
2298,2,3571,1854,1717,0,0,0,1.0,1,1.0,1,1.0,1,0.19969620955168704,32
2299,0,3571,1854,1717,0,0,0,1.0,1,1.0,1,1.0,1,0.17422833377728372,33
2300,3,3574,1857,1717,0,0,0,1.0,1,1.0,1,1.0,1,0.22243409358999758,33
2301,5,3579,1860,1719,0,0,0,1.0,1,1.0,1,1.0,1,0.16747531989396225,33
2302,2,3581,1862,1719,0,0,0,1.0,1,1.0,1,1.0,1,0.21941000494978147,34
2303,3,3584,1864,1720,0,0,0,1.0,1,1.0,1,1.0,1,0.2081496233434221,34
2304,1,3585,1864,1721,0,0,0,1.0,1,1.0,1,1.0,1,0.16004023595853561,33
2305,2,3587,1865,1722,0,0,0,1.0,1,1.0,1,1.0,1,0.1501285246682941,33
2306,3,3590,1868,1722,0,0,0,1.0,1,1.0,1,1.0,1,0.23312037029318605,33
2307,2,3592,1868,1724,0,0,0,1.0,1,1.0,1,1.0,1,0.2089421203859308,35
2308,3,3595,1870,1725,0,0,0,1.0,1,1.0,1,1.0,1,0.2054191720721744,34
2309,0,3595,1870,1725,0,0,0,1.0,1,1.0,1,1.0,1,0.18754188391695226,34
2310,0,3595,1870,1725,0,0,0,1.0,1,1.0,1,1.0,1,0.1849346817094491,34
2311,2,3597,1870,1727,0,0,0,1.0,1,1.0,1,1.0,1,0.13223646082881246,35
2312,1,3598,1871,1727,0,0,0,1.0,1,1.0,1,1.0,1,0.13698481124273854,34
2313,0,3598,1871,1727,0,0,0,1.0,1,1.0,1,1.0,1,0.06404467558998032,35
2314,1,3599,1872,1727,0,0,0,1.0,1,1.0,1,1.0,1,0.11059602059447557,35
2315,0,3599,1872,1727,0,0,0,1.0,1,1.0,1,1.0,1,0.12474706155831183,34
2316,1,3600,1872,1728,0,0,0,1.0,1,1.0,1,1.0,1,0.07630068349452984,35
2317,2,3602,1873,1729,0,0,0,1.0,1,1.0,1,1.0,1,0.07638392002565739,32
2318,1,3603,1874,1729,0,0,0,1.0,1,1.0,1,1.0,1,0.08846484398783283,32
2319,1,3604,1875,1729,0,0,0,1.0,1,1.0,1,1.0,1,0.10778543908500827,32
2320,0,3604,1875,1729,0,0,0,1.0,1,1.0,1,1.0,1,0.12921470917656663,32
2321,1,3605,1875,1730,0,0,0,1.0,1,1.0,1,1.0,1,0.1147205945316794,33
2322,0,3605,1875,1730,0,0,0,1.0,1,1.0,1,1.0,1,0.1147205945316794,33
2323,0,3605,1875,1730,0,0,0,1.0,1,1.0,1,1.0,1,0.1147205945316794,33
2324,1,3606,1876,1730,0,0,0,1.0,1,1.0,1,1.0,1,0.10693527890511083,34
2325,0,3606,1876,1730,0,0,0,1.0,1,1.0,1,1.0,1,0.09776674024909547,35
2326,0,3606,1876,1730,0,0,0,1.0,1,1.0,1,1.0,1,0.09776674024909547,35
2327,0,3606,1876,1730,0,0,0,1.0,1,1.0,1,1.0,1,0.1188823755980398,36
2328,0,3606,1876,1730,0,0,0,1.0,1,1.0,1,1.0,1,0.12329152082503177,37
2329,0,3606,1876,1730,0,0,0,1.0,1,1.0,1,1.0,1,0.10328979037374356,37
2330,0,3606,1876,1730,0,0,0,1.0,1,1.0,1,1.0,1,0.10337054183340615,38
2331,0,3606,1876,1730,0,0,0,1.0,1,1.0,1,1.0,1,0.10322016582249322,40
2332,0,3606,1876,1730,0,0,0,1.0,1,1.0,1,1.0,1,0.10322016582249322,40
2333,1,3607,1877,1730,0,0,0,1.0,1,1.0,1,1.0,1,0.12047024502570265,41
2334,0,3607,1877,1730,0,0,0,1.0,1,1.0,1,1.0,1,0.12047024502570265,41
2335,0,3607,1877,1730,0,0,0,1.0,1,1.0,1,1.0,1,0.12047024502570265,41
2336,2,3609,1877,1732,0,0,0,1.0,1,1.0,1,1.0,1,0.07497083050987047,41
2337,3,3612,1877,1735,0,0,0,1.0,1,1.0,1,1.0,1,0.02516497103166039,42
2338,3,3615,1879,1736,0,0,0,1.0,1,1.0,1,1.0,1,0.05045483824503823,43
2339,3,3618,1879,1739,0,0,0,1.0,1,1.0,1,1.0,1,0.02837486016933948,43
2340,5,3623,1881,1742,0,0,0,1.0,1,1.0,1,1.0,1,0.061278865021829956,45
2341,0,3623,1881,1742,0,0,0,1.0,1,1.0,1,1.0,1,0.06492966265829649,45
2342,4,3627,1882,1745,0,0,0,1.0,1,1.0,1,1.0,1,0.08475612580455219,46
2343,1,3628,1882,1746,0,0,0,1.0,1,1.0,1,1.0,1,0.08949562047050684,45
2344,4,3632,1884,1748,0,0,0,1.0,1,1.0,1,1.0,1,0.12208691157280639,44
2345,1,3633,1884,1749,0,0,0,1.0,1,1.0,1,1.0,1,0.14769858301506703,44
2346,2,3635,1884,1751,0,0,0,1.0,1,1.0,1,1.0,1,0.12697470730063565,44
2347,2,3637,1885,1752,0,0,0,1.0,1,1.0,1,1.0,1,0.12456081933878488,44
2348,1,3638,1885,1753,0,0,0,1.0,1,1.0,1,1.0,1,0.14438976123789032,45
2349,2,3640,1885,1755,0,0,0,1.0,1,1.0,1,1.0,1,0.11687525733791473,46
2350,3,3643,1885,1758,0,0,0,1.0,1,1.0,1,1.0,1,0.12935587934182619,47
2351,1,3644,1885,1759,0,0,0,1.0,1,1.0,1,1.0,1,0.12122430885131813,47
2352,2,3646,1886,1760,0,0,0,1.0,1,1.0,1,1.0,1,0.13144945154274082,47
2353,0,3646,1886,1760,0,0,0,1.0,1,1.0,1,1.0,1,0.15177922164740565,46
2354,2,3648,1888,1760,0,0,0,1.0,1,1.0,1,1.0,1,0.1514791605094742,47
2355,0,3648,1888,1760,0,0,0,1.0,1,1.0,1,1.0,1,0.1514791605094742,47
2356,3,3651,1891,1760,0,0,0,1.0,1,1.0,1,1.0,1,0.15812689507654476,47
2357,2,3653,1892,1761,0,0,0,1.0,1,1.0,1,1.0,1,0.15553467668189389,47
2358,2,3655,1892,1763,0,0,0,1.0,1,1.0,1,1.0,1,0.12048193908682397,48
2359,1,3656,1892,1764,0,0,0,1.0,1,1.0,1,1.0,1,0.09501102871846198,49
2360,1,3657,1893,1764,0,0,0,1.0,1,1.0,1,1.0,1,0.10517728653537027,49
2361,1,3658,1893,1765,0,0,0,1.0,1,1.0,1,1.0,1,0.07740595204236565,50
2362,1,3659,1894,1765,0,0,0,1.0,1,1.0,1,1.0,1,0.04909393806703094,51
2363,0,3659,1894,1765,0,0,0,1.0,1,1.0,1,1.0,1,0.04909393806703094,51
2364,1,3660,1895,1765,0,0,0,1.0,1,1.0,1,1.0,1,0.04377809748582053,52
2365,2,3662,1897,1765,0,0,0,1.0,1,1.0,1,1.0,1,0.05438462606935544,53
2366,4,3666,1900,1766,0,0,0,1.0,1,1.0,1,1.0,1,0.046806604251088485,54
2367,2,3668,1902,1766,0,0,0,1.0,1,1.0,1,1.0,1,0.05673152876184802,52
2368,4,3672,1905,1767,0,0,0,1.0,1,1.0,1,1.0,1,0.09633521234556103,51
2369,3,3675,1907,1768,0,0,0,1.0,1,1.0,1,1.0,1,0.1294137493658778,51
2370,3,3678,1910,1768,0,0,0,1.0,1,1.0,1,1.0,1,0.1459820900180224,52
2371,2,3680,1912,1768,0,0,0,1.0,1,1.0,1,1.0,1,0.1498898145691038,52
2372,2,3682,1914,1768,0,0,0,1.0,1,1.0,1,1.0,1,0.1599480487492304,49
2373,1,3683,1915,1768,0,0,0,1.0,1,1.0,1,1.0,1,0.160327676306588,47
2374,0,3683,1915,1768,0,0,0,1.0,1,1.0,1,1.0,1,0.14715378995948172,45
2375,0,3683,1915,1768,0,0,0,1.0,1,1.0,1,1.0,1,0.11360370600590955,45
2376,2,3685,1915,1770,0,0,0,1.0,1,1.0,1,1.0,1,0.08722341759533635,43
2377,2,3687,1916,1771,0,0,0,1.0,1,1.0,1,1.0,1,0.04965741589758445,44
2378,3,3690,1918,1772,0,0,0,1.0,1,1.0,1,1.0,1,0.07720863609116321,43
2379,2,3692,1920,1772,0,0,0,1.0,1,1.0,1,1.0,1,0.11173266482212812,43
2380,1,3693,1921,1772,0,0,0,1.0,1,1.0,1,1.0,1,0.0831565995766033,43
2381,3,3696,1924,1772,0,0,0,1.0,1,1.0,1,1.0,1,0.07612816655991761,44
2382,2,3698,1925,1773,0,0,0,1.0,1,1.0,1,1.0,1,0.06486385552015725,44
2383,1,3699,1926,1773,0,0,0,1.0,1,1.0,1,1.0,1,0.06646352987661563,45
2384,1,3700,1927,1773,0,0,0,1.0,1,1.0,1,1.0,1,0.10628327460861046,45
2385,2,3702,1928,1774,0,0,0,1.0,1,1.0,1,1.0,1,0.08676957998394265,45
2386,3,3705,1930,1775,0,0,0,1.0,1,1.0,1,1.0,1,0.08364863331989254,46
2387,1,3706,1931,1775,0,0,0,1.0,1,1.0,1,1.0,1,0.12774983815518903,44
2388,1,3707,1932,1775,0,0,0,1.0,1,1.0,1,1.0,1,0.10859679213824916,44
2389,1,3708,1933,1775,0,0,0,1.0,1,1.0,1,1.0,1,0.10088406395256724,43
2390,2,3710,1935,1775,0,0,0,1.0,1,1.0,1,1.0,1,0.10896639893724512,44
2391,2,3712,1937,1775,0,0,0,1.0,1,1.0,1,1.0,1,0.1032939843617685,43
2392,2,3714,1939,1775,0,0,0,1.0,1,1.0,1,1.0,1,0.0836681179963287,44
2393,2,3716,1941,1775,0,0,0,1.0,1,1.0,1,1.0,1,0.15104805523126105,45
2394,1,3717,1942,1775,0,0,0,1.0,1,1.0,1,1.0,1,0.16407970019474738,44
2395,2,3719,1943,1776,0,0,0,1.0,1,1.0,1,1.0,1,0.17367179275114145,44
2396,3,3722,1944,1778,0,0,0,1.0,1,1.0,1,1.0,1,0.22825398666416974,45
2397,0,3722,1944,1778,0,0,0,1.0,1,1.0,1,1.0,1,0.2577485768451081,44
2398,1,3723,1945,1778,0,0,0,1.0,1,1.0,1,1.0,1,0.28094174413464534,44
2399,1,3724,1945,1779,0,0,0,1.0,1,1.0,1,1.0,1,0.2604418264127282,45
2400,1,3725,1945,1780,0,0,0,1.0,1,1.0,1,1.0,1,0.270298423943923,45
2401,7,3732,1945,1787,0,0,0,1.0,1,1.0,1,1.0,1,0.19201159213830404,46
2402,0,3732,1945,1787,0,0,0,1.0,1,1.0,1,1.0,1,0.1584732129667721,47
2403,3,3735,1947,1788,0,0,0,1.0,1,1.0,1,1.0,1,0.12137549309810029,48
2404,3,3738,1950,1788,0,0,0,1.0,1,1.0,1,1.0,1,0.13360767143388302,47
2405,3,3741,1952,1789,0,0,0,1.0,1,1.0,1,1.0,1,0.10131093659266971,45
2406,1,3742,1953,1789,0,0,0,1.0,1,1.0,1,1.0,1,0.10915082752419104,45
2407,1,3743,1954,1789,0,0,0,1.0,1,1.0,1,1.0,1,0.07928273085066082,42
2408,0,3743,1954,1789,0,0,0,1.0,1,1.0,1,1.0,1,0.0604281614997535,41
2409,5,3748,1957,1791,0,0,0,1.0,1,1.0,1,1.0,1,0.10516074212619776,41
2410,0,3748,1957,1791,0,0,0,1.0,1,1.0,1,1.0,1,0.0949616935027529,40
2411,2,3750,1959,1791,0,0,0,1.0,1,1.0,1,1.0,1,0.10530730362145942,40
2412,3,3753,1961,1792,0,0,0,1.0,1,1.0,1,1.0,1,0.0955962565507253,38
2413,3,3756,1963,1793,0,0,0,1.0,1,1.0,1,1.0,1,0.1463747981106975,38
2414,5,3761,1965,1796,0,0,0,1.0,1,1.0,1,1.0,1,0.16135447175429657,36
2415,6,3767,1966,1801,0,0,0,1.0,1,1.0,1,1.0,1,0.19153701548719196,36
2416,4,3771,1966,1805,0,0,0,1.0,1,1.0,1,1.0,1,0.1910854766491892,35
2417,4,3775,1966,1809,0,0,0,1.0,1,1.0,1,1.0,1,0.24764566933260507,33
2418,1,3776,1966,1810,0,0,0,1.0,1,1.0,1,1.0,1,0.23723388055204087,33
2419,3,3779,1969,1810,0,0,0,1.0,1,1.0,1,1.0,1,0.22891044230766738,33
2420,2,3781,1970,1811,0,0,0,1.0,1,1.0,1,1.0,1,0.14860977471731826,34
2421,1,3782,1970,1812,0,0,0,1.0,1,1.0,1,1.0,1,0.14383872877763573,34
2422,2,3784,1972,1812,0,0,0,1.0,1,1.0,1,1.0,1,0.08269278026132362,35
2423,4,3788,1975,1813,0,0,0,1.0,1,1.0,1,1.0,1,0.08012936879360945,36
2424,2,3790,1977,1813,0,0,0,1.0,1,1.0,1,1.0,1,0.03634589012601913,35
2425,2,3792,1979,1813,0,0,0,1.0,1,1.0,1,1.0,1,0.08497664464995865,33
2426,0,3792,1979,1813,0,0,0,1.0,1,1.0,1,1.0,1,0.09909391359557847,34
2427,2,3794,1981,1813,0,0,0,1.0,1,1.0,1,1.0,1,0.09057093407537488,34
2428,0,3794,1981,1813,0,0,0,1.0,1,1.0,1,1.0,1,0.09057093407537488,34
2429,1,3795,1982,1813,0,0,0,1.0,1,1.0,1,1.0,1,0.1586441234180281,34
2430,0,3795,1982,1813,0,0,0,1.0,1,1.0,1,1.0,1,0.19169511860825805,33
2431,2,3797,1984,1813,0,0,0,1.0,1,1.0,1,1.0,1,0.1789213590961113,33
2432,1,3798,1984,1814,0,0,0,1.0,1,1.0,1,1.0,1,0.19464428943656298,33
2433,3,3801,1987,1814,0,0,0,1.0,1,1.0,1,1.0,1,0.17884826488207664,34
2434,1,3802,1987,1815,0,0,0,1.0,1,1.0,1,1.0,1,0.16869505349194183,34
2435,0,3802,1987,1815,0,0,0,1.0,1,1.0,1,1.0,1,0.16869505349194183,34
2436,1,3803,1988,1815,0,0,0,1.0,1,1.0,1,1.0,1,0.15912363685951778,33
2437,2,3805,1990,1815,0,0,0,1.0,1,1.0,1,1.0,1,0.20969557252328394,33
2438,0,3805,1990,1815,0,0,0,1.0,1,1.0,1,1.0,1,0.19303068743757593,34
2439,0,3805,1990,1815,0,0,0,1.0,1,1.0,1,1.0,1,0.1976679625142798,35
2440,0,3805,1990,1815,0,0,0,1.0,1,1.0,1,1.0,1,0.1976679625142798,35
2441,2,3807,1992,1815,0,0,0,1.0,1,1.0,1,1.0,1,0.21164587968458187,35
2442,0,3807,1992,1815,0,0,0,1.0,1,1.0,1,1.0,1,0.19425734549868234,35
2443,3,3810,1995,1815,0,0,0,1.0,1,1.0,1,1.0,1,0.2605918862774139,35
2444,1,3811,1996,1815,0,0,0,1.0,1,1.0,1,1.0,1,0.2844077526243195,34
2445,1,3812,1997,1815,0,0,0,1.0,1,1.0,1,1.0,1,0.32627166870996044,33
2446,0,3812,1997,1815,0,0,0,1.0,1,1.0,1,1.0,1,0.34091859840153166,30
2447,2,3814,1999,1815,0,0,0,1.0,1,1.0,1,1.0,1,0.30070857976451193,29
2448,2,3816,2001,1815,0,0,0,1.0,1,1.0,1,1.0,1,0.32288794902237666,27
2449,0,3816,2001,1815,0,0,0,1.0,1,1.0,1,1.0,1,0.31169308000400603,26
2450,1,3817,2002,1815,0,0,0,1.0,1,1.0,1,1.0,1,0.2779093362637748,28
2451,4,3821,2002,1819,0,0,0,1.0,1,1.0,1,1.0,1,0.12133817702845251,28
2452,2,3823,2004,1819,0,0,0,1.0,1,1.0,1,1.0,1,0.05771215975527806,29
2453,1,3824,2005,1819,0,0,0,1.0,1,1.0,1,1.0,1,0.06363417740723772,30
2454,4,3828,2008,1820,0,0,0,1.0,1,1.0,1,1.0,1,0.09050770666611763,32
2455,3,3831,2009,1822,0,0,0,1.0,1,1.0,1,1.0,1,0.11360167301277814,33
2456,3,3834,2011,1823,0,0,0,1.0,1,1.0,1,1.0,1,0.1263806065859019,34
2457,2,3836,2012,1824,0,0,0,1.0,1,1.0,1,1.0,1,0.11801777131229826,34
2458,4,3840,2013,1827,0,0,0,1.0,1,1.0,1,1.0,1,0.08895265857688667,36
2459,2,3842,2013,1829,0,0,0,1.0,1,1.0,1,1.0,1,0.08895265857688667,36
2460,2,3844,2014,1830,0,0,0,1.0,1,1.0,1,1.0,1,0.06594966134599857,37
2461,1,3845,2015,1830,0,0,0,1.0,1,1.0,1,1.0,1,0.11728272087311381,37
2462,1,3846,2016,1830,0,0,0,1.0,1,1.0,1,1.0,1,0.13043278343972625,38
2463,0,3846,2016,1830,0,0,0,1.0,1,1.0,1,1.0,1,0.11240939885825717,38
2464,2,3848,2018,1830,0,0,0,1.0,1,1.0,1,1.0,1,0.14051676620052928,37
2465,1,3849,2019,1830,0,0,0,1.0,1,1.0,1,1.0,1,0.16476653968415342,36
2466,1,3850,2020,1830,0,0,0,1.0,1,1.0,1,1.0,1,0.18891460339256627,36
2467,0,3850,2020,1830,0,0,0,1.0,1,1.0,1,1.0,1,0.2277562445079644,34
2468,1,3851,2021,1830,0,0,0,1.0,1,1.0,1,1.0,1,0.2647429142205374,33
2469,1,3852,2022,1830,0,0,0,1.0,1,1.0,1,1.0,1,0.28851018293428793,32
2470,0,3852,2022,1830,0,0,0,1.0,1,1.0,1,1.0,1,0.26954662140921615,33
2471,0,3852,2022,1830,0,0,0,1.0,1,1.0,1,1.0,1,0.31714181172817674,31
2472,0,3852,2022,1830,0,0,0,1.0,1,1.0,1,1.0,1,0.28169792482686073,32
2473,1,3853,2023,1830,0,0,0,1.0,1,1.0,1,1.0,1,0.31219680003242234,31
2474,0,3853,2023,1830,0,0,0,1.0,1,1.0,1,1.0,1,0.3089632479042307,33
2475,2,3855,2024,1831,0,0,0,1.0,1,1.0,1,1.0,1,0.31100835294054396,33
2476,7,3862,2025,1837,0,0,0,1.0,1,1.0,1,1.0,1,0.18663480411091551,33
2477,2,3864,2027,1837,0,0,0,1.0,1,1.0,1,1.0,1,0.17881209653619662,33
2478,1,3865,2027,1838,0,0,0,1.0,1,1.0,1,1.0,1,0.16174712344151812,33
2479,2,3867,2029,1838,0,0,0,1.0,1,1.0,1,1.0,1,0.20849428978908988,33
2480,2,3869,2030,1839,0,0,0,1.0,1,1.0,1,1.0,1,0.1749328433052684,34
2481,4,3873,2033,1840,0,0,0,1.0,1,1.0,1,1.0,1,0.15874708690780698,33
2482,4,3877,2034,1843,0,0,0,1.0,1,1.0,1,1.0,1,0.10821894557712332,34
2483,1,3878,2034,1844,0,0,0,1.0,1,1.0,1,1.0,1,0.09925902835589395,33
2484,2,3880,2034,1846,0,0,0,1.0,1,1.0,1,1.0,1,0.054217646791140967,32
2485,2,3882,2036,1846,0,0,0,1.0,1,1.0,1,1.0,1,0.053978999656036204,31
2486,1,3883,2037,1846,0,0,0,1.0,1,1.0,1,1.0,1,0.06811938213011665,29
2487,0,3883,2037,1846,0,0,0,1.0,1,1.0,1,1.0,1,0.06811938213011665,29
2488,2,3885,2039,1846,0,0,0,1.0,1,1.0,1,1.0,1,0.09396013021121795,30
2489,0,3885,2039,1846,0,0,0,1.0,1,1.0,1,1.0,1,0.0723657244323412,29
2490,1,3886,2040,1846,0,0,0,1.0,1,1.0,1,1.0,1,0.06352588893544048,30
2491,1,3887,2041,1846,0,0,0,1.0,1,1.0,1,1.0,1,0.04872444441864466,30
2492,0,3887,2041,1846,0,0,0,1.0,1,1.0,1,1.0,1,0.07710891328577026,29
2493,0,3887,2041,1846,0,0,0,1.0,1,1.0,1,1.0,1,0.07710891328577026,29
2494,1,3888,2042,1846,0,0,0,1.0,1,1.0,1,1.0,1,0.04935700156446409,28
2495,0,3888,2042,1846,0,0,0,1.0,1,1.0,1,1.0,1,0.047342262562581415,29
2496,0,3888,2042,1846,0,0,0,1.0,1,1.0,1,1.0,1,0.042106769454960905,28
2497,1,3889,2042,1847,0,0,0,1.0,1,1.0,1,1.0,1,0.10284507617367654,28
2498,0,3889,2042,1847,0,0,0,1.0,1,1.0,1,1.0,1,0.10920775874388917,29
2499,1,3890,2043,1847,0,0,0,1.0,1,1.0,1,1.0,1,0.0696468716799409,30
2500,1,3891,2044,1847,0,0,0,1.0,1,1.0,1,1.0,1,0.09923724451117542,29
2501,4,3895,2047,1848,0,0,0,1.0,1,1.0,1,1.0,1,0.05746007634166975,33
2502,1,3896,2048,1848,0,0,0,1.0,1,1.0,1,1.0,1,0.0715929603571923,33
2503,2,3898,2050,1848,0,0,0,1.0,1,1.0,1,1.0,1,0.09668752248951125,31
2504,2,3900,2052,1848,0,0,0,1.0,1,1.0,1,1.0,1,0.06714180120663626,31
2505,2,3902,2054,1848,0,0,0,1.0,1,1.0,1,1.0,1,0.040050577011630756,32
2506,3,3905,2056,1849,0,0,0,1.0,1,1.0,1,1.0,1,0.05233372248354251,31
2507,3,3908,2059,1849,0,0,0,1.0,1,1.0,1,1.0,1,0.1674363703910232,29
2508,4,3912,2061,1851,0,0,0,1.0,1,1.0,1,1.0,1,0.17274940758480323,31
2509,2,3914,2062,1852,0,0,0,1.0,1,1.0,1,1.0,1,0.1404489839072664,30
2510,1,3915,2062,1853,0,0,0,1.0,1,1.0,1,1.0,1,0.20150181197981254,31
2511,3,3918,2064,1854,0,0,0,1.0,1,1.0,1,1.0,1,0.03077781944779216,32
2512,2,3920,2066,1854,0,0,0,1.0,1,1.0,1,1.0,1,0.034647115414724226,32
2513,1,3921,2066,1855,0,0,0,1.0,1,1.0,1,1.0,1,0.05191187905190724,34
2514,0,3921,2066,1855,0,0,0,1.0,1,1.0,1,1.0,1,0.05644552393223265,35
2515,1,3922,2066,1856,0,0,0,1.0,1,1.0,1,1.0,1,0.07044666432969154,35
2516,2,3924,2068,1856,0,0,0,1.0,1,1.0,1,1.0,1,0.15780429466394505,34
2517,1,3925,2069,1856,0,0,0,1.0,1,1.0,1,1.0,1,0.14769121843693947,34
2518,3,3928,2071,1857,0,0,0,1.0,1,1.0,1,1.0,1,0.15042548263598116,33
2519,1,3929,2072,1857,0,0,0,1.0,1,1.0,1,1.0,1,0.11973917519717395,32
2520,1,3930,2073,1857,0,0,0,1.0,1,1.0,1,1.0,1,0.10543998331921618,31
2521,1,3931,2074,1857,0,0,0,1.0,1,1.0,1,1.0,1,0.1177035609302191,31
2522,0,3931,2074,1857,0,0,0,1.0,1,1.0,1,1.0,1,0.0864356419054175,30
2523,0,3931,2074,1857,0,0,0,1.0,1,1.0,1,1.0,1,0.12453613132164182,30
2524,0,3931,2074,1857,0,0,0,1.0,1,1.0,1,1.0,1,0.130592646094467,29
2525,0,3931,2074,1857,0,0,0,1.0,1,1.0,1,1.0,1,0.130592646094467,29
2526,1,3932,2074,1858,0,0,0,1.0,1,1.0,1,1.0,1,0.0986703522394551,27
2527,0,3932,2074,1858,0,0,0,1.0,1,1.0,1,1.0,1,0.12570344432097358,28
2528,0,3932,2074,1858,0,0,0,1.0,1,1.0,1,1.0,1,0.12570344432097358,28
2529,0,3932,2074,1858,0,0,0,1.0,1,1.0,1,1.0,1,0.12570344432097358,28
2530,0,3932,2074,1858,0,0,0,1.0,1,1.0,1,1.0,1,0.11701085918460333,29
2531,0,3932,2074,1858,0,0,0,1.0,1,1.0,1,1.0,1,0.1188321828516516,30
2532,0,3932,2074,1858,0,0,0,1.0,1,1.0,1,1.0,1,0.13437494996410046,31
2533,0,3932,2074,1858,0,0,0,1.0,1,1.0,1,1.0,1,0.13437494996410046,31
2534,0,3932,2074,1858,0,0,0,1.0,1,1.0,1,1.0,1,0.13437494996410046,31
2535,1,3933,2075,1858,0,0,0,1.0,1,1.0,1,1.0,1,0.19961943635758403,31
2536,1,3934,2075,1859,0,0,0,1.0,1,1.0,1,1.0,1,0.1697026003489771,32
2537,2,3936,2076,1860,0,0,0,1.0,1,1.0,1,1.0,1,0.1170184016961494,33
2538,1,3937,2076,1861,0,0,0,1.0,1,1.0,1,1.0,1,0.08815942332956338,35
2539,4,3941,2079,1862,0,0,0,1.0,1,1.0,1,1.0,1,0.11730865131516079,37
2540,6,3947,2083,1864,0,0,0,1.0,1,1.0,1,1.0,1,0.10889719520046263,38
2541,1,3948,2083,1865,0,0,0,1.0,1,1.0,1,1.0,1,0.12121055927170889,39
2542,4,3952,2085,1867,0,0,0,1.0,1,1.0,1,1.0,1,0.13724172443191496,38
2543,2,3954,2086,1868,0,0,0,1.0,1,1.0,1,1.0,1,0.1343324216642454,41
2544,0,3954,2086,1868,0,0,0,1.0,1,1.0,1,1.0,1,0.10664544758652562,39
2545,1,3955,2087,1868,0,0,0,1.0,1,1.0,1,1.0,1,0.14370194468456832,40
2546,2,3957,2089,1868,0,0,0,1.0,1,1.0,1,1.0,1,0.12893942457677476,38
2547,4,3961,2093,1868,0,0,0,1.0,1,1.0,1,1.0,1,0.14985922623898132,38
2548,0,3961,2093,1868,0,0,0,1.0,1,1.0,1,1.0,1,0.12695352443535962,35
2549,1,3962,2094,1868,0,0,0,1.0,1,1.0,1,1.0,1,0.13150372165720253,35
2550,0,3962,2094,1868,0,0,0,1.0,1,1.0,1,1.0,1,0.1344470346973982,33
2551,1,3963,2095,1868,0,0,0,1.0,1,1.0,1,1.0,1,0.19306211362615286,31
2552,0,3963,2095,1868,0,0,0,1.0,1,1.0,1,1.0,1,0.2008464373572543,30
2553,1,3964,2096,1868,0,0,0,1.0,1,1.0,1,1.0,1,0.23718493544276756,30
2554,0,3964,2096,1868,0,0,0,1.0,1,1.0,1,1.0,1,0.22452770400470887,32
2555,0,3964,2096,1868,0,0,0,1.0,1,1.0,1,1.0,1,0.2564081798750984,32
2556,2,3966,2098,1868,0,0,0,1.0,1,1.0,1,1.0,1,0.20766572422491147,32
2557,1,3967,2099,1868,0,0,0,1.0,1,1.0,1,1.0,1,0.20778725431280282,30
2558,0,3967,2099,1868,0,0,0,1.0,1,1.0,1,1.0,1,0.1717019809754598,31
2559,0,3967,2099,1868,0,0,0,1.0,1,1.0,1,1.0,1,0.15954741200548278,30
2560,0,3967,2099,1868,0,0,0,1.0,1,1.0,1,1.0,1,0.15954741200548278,30
2561,0,3967,2099,1868,0,0,0,1.0,1,1.0,1,1.0,1,0.15954741200548278,30
2562,1,3968,2099,1869,0,0,0,1.0,1,1.0,1,1.0,1,0.14100354075954258,33
2563,0,3968,2099,1869,0,0,0,1.0,1,1.0,1,1.0,1,0.14100354075954258,33
2564,0,3968,2099,1869,0,0,0,1.0,1,1.0,1,1.0,1,0.14100354075954258,33
2565,0,3968,2099,1869,0,0,0,1.0,1,1.0,1,1.0,1,0.14100354075954258,33
2566,1,3969,2100,1869,0,0,0,1.0,1,1.0,1,1.0,1,0.14074663476196111,35
2567,2,3971,2102,1869,0,0,0,1.0,1,1.0,1,1.0,1,0.1646074323090838,36
2568,1,3972,2103,1869,0,0,0,1.0,1,1.0,1,1.0,1,0.20262685853132406,37
2569,0,3972,2103,1869,0,0,0,1.0,1,1.0,1,1.0,1,0.20262685853132406,37
2570,0,3972,2103,1869,0,0,0,1.0,1,1.0,1,1.0,1,0.21392194454631996,37
2571,0,3972,2103,1869,0,0,0,1.0,1,1.0,1,1.0,1,0.21392194454631996,37
2572,2,3974,2103,1871,0,0,0,1.0,1,1.0,1,1.0,1,0.19247962413645409,39
2573,1,3975,2103,1872,0,0,0,1.0,1,1.0,1,1.0,1,0.18239824758099463,39
2574,1,3976,2103,1873,0,0,0,1.0,1,1.0,1,1.0,1,0.19095852344923958,38
2575,0,3976,2103,1873,0,0,0,1.0,1,1.0,1,1.0,1,0.19095852344923958,38
2576,1,3977,2103,1874,0,0,0,1.0,1,1.0,1,1.0,1,0.2092503929535012,37
2577,2,3979,2104,1875,0,0,0,1.0,1,1.0,1,1.0,1,0.2070133296159303,39
2578,3,3982,2106,1876,0,0,0,1.0,1,1.0,1,1.0,1,0.2287440614511133,40
2579,1,3983,2106,1877,0,0,0,1.0,1,1.0,1,1.0,1,0.19812359483420522,41
2580,3,3986,2107,1879,0,0,0,1.0,1,1.0,1,1.0,1,0.16638324356868536,42
2581,2,3988,2107,1881,0,0,0,1.0,1,1.0,1,1.0,1,0.1294287950042705,43
2582,3,3991,2107,1884,0,0,0,1.0,1,1.0,1,1.0,1,0.07195997876976672,43
2583,2,3993,2107,1886,0,0,0,1.0,1,1.0,1,1.0,1,0.06363478829168569,43
2584,2,3995,2107,1888,0,0,0,1.0,1,1.0,1,1.0,1,0.03924276233430604,43
2585,0,3995,2107,1888,0,0,0,1.0,1,1.0,1,1.0,1,0.04717916151701007,44
2586,2,3997,2107,1890,0,0,0,1.0,1,1.0,1,1.0,1,0.07351118109352577,43
2587,5,4002,2111,1891,0,0,0,1.0,1,1.0,1,1.0,1,0.04734201203829946,44
2588,1,4003,2111,1892,0,0,0,1.0,1,1.0,1,1.0,1,0.08266394662824848,44
2589,4,4007,2113,1894,0,0,0,1.0,1,1.0,1,1.0,1,0.0572657450112619,44
2590,2,4009,2114,1895,0,0,0,1.0,1,1.0,1,1.0,1,0.05582149181810537,44
2591,2,4011,2115,1896,0,0,0,1.0,1,1.0,1,1.0,1,0.08750341288190977,44
2592,2,4013,2116,1897,0,0,0,1.0,1,1.0,1,1.0,1,0.06490741687181063,44
2593,0,4013,2116,1897,0,0,0,1.0,1,1.0,1,1.0,1,0.0795104730984943,43
2594,6,4019,2116,1903,0,0,0,1.0,1,1.0,1,1.0,1,0.10378113501443487,48
2595,4,4023,2116,1907,0,0,0,1.0,1,1.0,1,1.0,1,0.09413539003668474,45
2596,3,4026,2117,1909,0,0,0,1.0,1,1.0,1,1.0,1,0.09027238480696836,46
2597,0,4026,2117,1909,0,0,0,1.0,1,1.0,1,1.0,1,0.07738859655199416,45
2598,1,4027,2117,1910,0,0,0,1.0,1,1.0,1,1.0,1,0.08098733678563745,45
2599,1,4028,2117,1911,0,0,0,1.0,1,1.0,1,1.0,1,0.10092470711877359,45
2600,1,4029,2118,1911,0,0,0,1.0,1,1.0,1,1.0,1,0.07590601675116558,48
2601,1,4030,2119,1911,0,0,0,1.0,1,1.0,1,1.0,1,0.07559204852088891,47
2602,1,4031,2120,1911,0,0,0,1.0,1,1.0,1,1.0,1,0.07687681973651397,48
2603,1,4032,2120,1912,0,0,0,1.0,1,1.0,1,1.0,1,0.06877791075820781,48
2604,1,4033,2121,1912,0,0,0,1.0,1,1.0,1,1.0,1,0.0752210458606871,47
2605,0,4033,2121,1912,0,0,0,1.0,1,1.0,1,1.0,1,0.0752210458606871,47
2606,0,4033,2121,1912,0,0,0,1.0,1,1.0,1,1.0,1,0.0720546680362161,46
2607,0,4033,2121,1912,0,0,0,1.0,1,1.0,1,1.0,1,0.04136623051872037,45
2608,2,4035,2123,1912,0,0,0,1.0,1,1.0,1,1.0,1,0.07271166032435568,45
2609,3,4038,2126,1912,0,0,0,1.0,1,1.0,1,1.0,1,0.059316499062368674,44
2610,1,4039,2127,1912,0,0,0,1.0,1,1.0,1,1.0,1,0.09669310679161969,45
2611,5,4044,2132,1912,0,0,0,1.0,1,1.0,1,1.0,1,0.13591867920550238,46
2612,2,4046,2134,1912,0,0,0,1.0,1,1.0,1,1.0,1,0.13630487449992165,47
2613,1,4047,2135,1912,0,0,0,1.0,1,1.0,1,1.0,1,0.16986610251219528,48
2614,2,4049,2137,1912,0,0,0,1.0,1,1.0,1,1.0,1,0.23365020304975898,48
2615,3,4052,2140,1912,0,0,0,1.0,1,1.0,1,1.0,1,0.2186467235202294,49
2616,1,4053,2140,1913,0,0,0,1.0,1,1.0,1,1.0,1,0.20228913924147032,49
2617,0,4053,2140,1913,0,0,0,1.0,1,1.0,1,1.0,1,0.18875050887512704,48
2618,1,4054,2141,1913,0,0,0,1.0,1,1.0,1,1.0,1,0.18323202127346347,47
2619,0,4054,2141,1913,0,0,0,1.0,1,1.0,1,1.0,1,0.15777879461122118,50
2620,3,4057,2144,1913,0,0,0,1.0,1,1.0,1,1.0,1,0.16288894118568104,51
2621,2,4059,2145,1914,0,0,0,1.0,1,1.0,1,1.0,1,0.17841740522119223,52
2622,3,4062,2148,1914,0,0,0,1.0,1,1.0,1,1.0,1,0.16984244210790725,52
2623,1,4063,2149,1914,0,0,0,1.0,1,1.0,1,1.0,1,0.18081136537393194,53
2624,2,4065,2151,1914,0,0,0,1.0,1,1.0,1,1.0,1,0.16725903145670099,51
2625,5,4070,2153,1917,0,0,0,1.0,1,1.0,1,1.0,1,0.17002566542498468,50
2626,2,4072,2153,1919,0,0,0,1.0,1,1.0,1,1.0,1,0.17133038751282978,49
2627,1,4073,2154,1919,0,0,0,1.0,1,1.0,1,1.0,1,0.18439604294210218,48
2628,2,4075,2155,1920,0,0,0,1.0,1,1.0,1,1.0,1,0.18659870874016118,48
2629,1,4076,2156,1920,0,0,0,1.0,1,1.0,1,1.0,1,0.17228892200058682,47
2630,2,4078,2156,1922,0,0,0,1.0,1,1.0,1,1.0,1,0.13372164844172418,47
2631,1,4079,2157,1922,0,0,0,1.0,1,1.0,1,1.0,1,0.11818186342364503,47
2632,0,4079,2157,1922,0,0,0,1.0,1,1.0,1,1.0,1,0.14053746136604486,47
2633,3,4082,2160,1922,0,0,0,1.0,1,1.0,1,1.0,1,0.13026459503602136,44
2634,0,4082,2160,1922,0,0,0,1.0,1,1.0,1,1.0,1,0.1300510613486332,44
2635,3,4085,2162,1923,0,0,0,1.0,1,1.0,1,1.0,1,0.12019403850382926,45
2636,3,4088,2165,1923,0,0,0,1.0,1,1.0,1,1.0,1,0.1710841716694544,40
2637,3,4091,2168,1923,0,0,0,1.0,1,1.0,1,1.0,1,0.1842801619452813,41
2638,2,4093,2170,1923,0,0,0,1.0,1,1.0,1,1.0,1,0.21534638592097727,38
2639,0,4093,2170,1923,0,0,0,1.0,1,1.0,1,1.0,1,0.19259995541564143,39
2640,2,4095,2172,1923,0,0,0,1.0,1,1.0,1,1.0,1,0.22084155265086639,38
2641,3,4098,2175,1923,0,0,0,1.0,1,1.0,1,1.0,1,0.17304388983637184,37
2642,2,4100,2177,1923,0,0,0,1.0,1,1.0,1,1.0,1,0.19945328769577572,38
2643,0,4100,2177,1923,0,0,0,1.0,1,1.0,1,1.0,1,0.1464350597297791,37
2644,2,4102,2179,1923,0,0,0,1.0,1,1.0,1,1.0,1,0.1914384661445212,36
2645,0,4102,2179,1923,0,0,0,1.0,1,1.0,1,1.0,1,0.17194573822101425,35
2646,1,4103,2180,1923,0,0,0,1.0,1,1.0,1,1.0,1,0.20333375802997117,35
2647,3,4106,2183,1923,0,0,0,1.0,1,1.0,1,1.0,1,0.1569119851389205,35
2648,0,4106,2183,1923,0,0,0,1.0,1,1.0,1,1.0,1,0.15923495736467305,36
2649,1,4107,2184,1923,0,0,0,1.0,1,1.0,1,1.0,1,0.1652315568571503,37
2650,1,4108,2185,1923,0,0,0,1.0,1,1.0,1,1.0,1,0.156373277119592,39
2651,3,4111,2186,1925,0,0,0,1.0,1,1.0,1,1.0,1,0.10771744835679334,39
2652,0,4111,2186,1925,0,0,0,1.0,1,1.0,1,1.0,1,0.10771744835679334,39
2653,0,4111,2186,1925,0,0,0,1.0,1,1.0,1,1.0,1,0.10771744835679334,39
2654,2,4113,2187,1926,0,0,0,1.0,1,1.0,1,1.0,1,0.0879432101761682,40
2655,0,4113,2187,1926,0,0,0,1.0,1,1.0,1,1.0,1,0.0879432101761682,40
2656,2,4115,2189,1926,0,0,0,1.0,1,1.0,1,1.0,1,0.08009493681236651,39
2657,1,4116,2189,1927,0,0,0,1.0,1,1.0,1,1.0,1,0.06443549362005785,40
2658,0,4116,2189,1927,0,0,0,1.0,1,1.0,1,1.0,1,0.08012617295626001,41
2659,0,4116,2189,1927,0,0,0,1.0,1,1.0,1,1.0,1,0.08012617295626001,41
2660,2,4118,2191,1927,0,0,0,1.0,1,1.0,1,1.0,1,0.09396901712887205,40
2661,2,4120,2193,1927,0,0,0,1.0,1,1.0,1,1.0,1,0.1140064146407469,40
2662,2,4122,2194,1928,0,0,0,1.0,1,1.0,1,1.0,1,0.06412994810691344,42
2663,3,4125,2197,1928,0,0,0,1.0,1,1.0,1,1.0,1,0.025745514982917186,41
2664,1,4126,2198,1928,0,0,0,1.0,1,1.0,1,1.0,1,0.06261763109987953,42
2665,5,4131,2201,1930,0,0,0,1.0,1,1.0,1,1.0,1,0.06926441029699598,43
2666,2,4133,2203,1930,0,0,0,1.0,1,1.0,1,1.0,1,0.08361789813003068,44
2667,1,4134,2204,1930,0,0,0,1.0,1,1.0,1,1.0,1,0.16038611051835996,42
2668,1,4135,2205,1930,0,0,0,1.0,1,1.0,1,1.0,1,0.17408339671863624,41
2669,0,4135,2205,1930,0,0,0,1.0,1,1.0,1,1.0,1,0.18221888646353485,42
2670,1,4136,2206,1930,0,0,0,1.0,1,1.0,1,1.0,1,0.20379685038646708,40
2671,1,4137,2207,1930,0,0,0,1.0,1,1.0,1,1.0,1,0.20159297241431753,39
2672,0,4137,2207,1930,0,0,0,1.0,1,1.0,1,1.0,1,0.2047383031093881,36
2673,2,4139,2209,1930,0,0,0,1.0,1,1.0,1,1.0,1,0.23696738516403495,35
2674,2,4141,2211,1930,0,0,0,1.0,1,1.0,1,1.0,1,0.21611774975427858,33
2675,2,4143,2213,1930,0,0,0,1.0,1,1.0,1,1.0,1,0.24202689113149428,34
2676,2,4145,2215,1930,0,0,0,1.0,1,1.0,1,1.0,1,0.180864018938587,32
2677,6,4151,2218,1933,0,0,0,1.0,1,1.0,1,1.0,1,0.17081653150711668,33
2678,0,4151,2218,1933,0,0,0,1.0,1,1.0,1,1.0,1,0.13818728332126357,33
2679,1,4152,2219,1933,0,0,0,1.0,1,1.0,1,1.0,1,0.16421518478329086,32
2680,1,4153,2220,1933,0,0,0,1.0,1,1.0,1,1.0,1,0.13968707607087846,32
2681,0,4153,2220,1933,0,0,0,1.0,1,1.0,1,1.0,1,0.11153433852567904,32
2682,0,4153,2220,1933,0,0,0,1.0,1,1.0,1,1.0,1,0.09239126846482712,33
2683,0,4153,2220,1933,0,0,0,1.0,1,1.0,1,1.0,1,0.07190505680353976,32
2684,0,4153,2220,1933,0,0,0,1.0,1,1.0,1,1.0,1,0.06773140131261136,31
2685,1,4154,2221,1933,0,0,0,1.0,1,1.0,1,1.0,1,0.019317150932993413,31
2686,0,4154,2221,1933,0,0,0,1.0,1,1.0,1,1.0,1,0.047634806155030796,30
2687,1,4155,2222,1933,0,0,0,1.0,1,1.0,1,1.0,1,0.04816975094692105,30
2688,1,4156,2223,1933,0,0,0,1.0,1,1.0,1,1.0,1,0.07014191663674597,30
2689,3,4159,2225,1934,0,0,0,1.0,1,1.0,1,1.0,1,0.09223507529281201,31
2690,7,4166,2230,1936,0,0,0,1.0,1,1.0,1,1.0,1,0.09227915675886636,31
2691,1,4167,2231,1936,0,0,0,1.0,1,1.0,1,1.0,1,0.09346058484038677,32
2692,4,4171,2233,1938,0,0,0,1.0,1,1.0,1,1.0,1,0.1903813501935201,32
2693,3,4174,2235,1939,0,0,0,1.0,1,1.0,1,1.0,1,0.14765772505603794,33
2694,0,4174,2235,1939,0,0,0,1.0,1,1.0,1,1.0,1,0.13608406372226317,34
2695,0,4174,2235,1939,0,0,0,1.0,1,1.0,1,1.0,1,0.11215954470610456,35
2696,0,4174,2235,1939,0,0,0,1.0,1,1.0,1,1.0,1,0.11215954470610456,35
2697,0,4174,2235,1939,0,0,0,1.0,1,1.0,1,1.0,1,0.11215954470610456,35
2698,0,4174,2235,1939,0,0,0,1.0,1,1.0,1,1.0,1,0.09420652990784012,36
2699,0,4174,2235,1939,0,0,0,1.0,1,1.0,1,1.0,1,0.11006007902147207,36
2700,1,4175,2236,1939,0,0,0,1.0,1,1.0,1,1.0,1,0.09049870884207192,37
2701,1,4176,2237,1939,0,0,0,1.0,1,1.0,1,1.0,1,0.0642163614520101,37
2702,3,4179,2240,1939,0,0,0,1.0,1,1.0,1,1.0,1,0.13371454140630967,37
2703,1,4180,2241,1939,0,0,0,1.0,1,1.0,1,1.0,1,0.11270026210787189,38
2704,2,4182,2243,1939,0,0,0,1.0,1,1.0,1,1.0,1,0.1822469935121764,37
2705,2,4184,2244,1940,0,0,0,1.0,1,1.0,1,1.0,1,0.14520006693203397,36
2706,2,4186,2246,1940,0,0,0,1.0,1,1.0,1,1.0,1,0.181172653808255,36
2707,1,4187,2247,1940,0,0,0,1.0,1,1.0,1,1.0,1,0.23653546243386545,35
2708,2,4189,2248,1941,0,0,0,1.0,1,1.0,1,1.0,1,0.2097039362799244,36
2709,2,4191,2250,1941,0,0,0,1.0,1,1.0,1,1.0,1,0.2500406957035886,32
2710,1,4192,2251,1941,0,0,0,1.0,1,1.0,1,1.0,1,0.22836706095920825,29
2711,2,4194,2253,1941,0,0,0,1.0,1,1.0,1,1.0,1,0.13859444130223314,29
2712,0,4194,2253,1941,0,0,0,1.0,1,1.0,1,1.0,1,0.14723225118340155,28
2713,0,4194,2253,1941,0,0,0,1.0,1,1.0,1,1.0,1,0.13044995887938188,28
2714,1,4195,2254,1941,0,0,0,1.0,1,1.0,1,1.0,1,0.13439496833866094,26
2715,0,4195,2254,1941,0,0,0,1.0,1,1.0,1,1.0,1,0.1516813271393362,24
2716,2,4197,2256,1941,0,0,0,1.0,1,1.0,1,1.0,1,0.11135823236390208,24
2717,4,4201,2260,1941,0,0,0,1.0,1,1.0,1,1.0,1,0.19284075194247005,25
2718,1,4202,2261,1941,0,0,0,1.0,1,1.0,1,1.0,1,0.2632408428781509,25
2719,2,4204,2263,1941,0,0,0,1.0,1,1.0,1,1.0,1,0.33728163051402715,25
2720,2,4206,2265,1941,0,0,0,1.0,1,1.0,1,1.0,1,0.42330315727795564,25
2721,3,4209,2268,1941,0,0,0,1.0,1,1.0,1,1.0,1,0.4513377317194239,25
2722,4,4213,2269,1944,0,0,0,1.0,1,1.0,1,1.0,1,0.3212348315920237,26
2723,1,4214,2269,1945,0,0,0,1.0,1,1.0,1,1.0,1,0.2917886353246904,26
2724,1,4215,2270,1945,0,0,0,1.0,1,1.0,1,1.0,1,0.2960343578906336,27
2725,1,4216,2271,1945,0,0,0,1.0,1,1.0,1,1.0,1,0.3136380213884325,28
2726,4,4220,2271,1949,0,0,0,1.0,1,1.0,1,1.0,1,0.12744905543228177,28
2727,0,4220,2271,1949,0,0,0,1.0,1,1.0,1,1.0,1,0.13253716557222797,29
2728,0,4220,2271,1949,0,0,0,1.0,1,1.0,1,1.0,1,0.13253716557222797,29
2729,1,4221,2272,1949,0,0,0,1.0,1,1.0,1,1.0,1,0.10183630578469918,29
2730,1,4222,2273,1949,0,0,0,1.0,1,1.0,1,1.0,1,0.07267184970041743,29
2731,0,4222,2273,1949,0,0,0,1.0,1,1.0,1,1.0,1,0.04391264675730243,30
2732,2,4224,2275,1949,0,0,0,1.0,1,1.0,1,1.0,1,0.036987964344960496,29
2733,1,4225,2276,1949,0,0,0,1.0,1,1.0,1,1.0,1,0.06567373557032477,29
2734,0,4225,2276,1949,0,0,0,1.0,1,1.0,1,1.0,1,0.06567373557032477,29
2735,1,4226,2277,1949,0,0,0,1.0,1,1.0,1,1.0,1,0.12355517480774404,29
2736,0,4226,2277,1949,0,0,0,1.0,1,1.0,1,1.0,1,0.1494743140795821,30
2737,1,4227,2277,1950,0,0,0,1.0,1,1.0,1,1.0,1,0.13114482188584672,30
2738,1,4228,2278,1950,0,0,0,1.0,1,1.0,1,1.0,1,0.16761547622561412,30
2739,0,4228,2278,1950,0,0,0,1.0,1,1.0,1,1.0,1,0.20543431776592588,29
2740,1,4229,2279,1950,0,0,0,1.0,1,1.0,1,1.0,1,0.22692675679666077,29
2741,1,4230,2279,1951,0,0,0,1.0,1,1.0,1,1.0,1,0.23241698772099384,28
2742,1,4231,2280,1951,0,0,0,1.0,1,1.0,1,1.0,1,0.25006793375543734,28
2743,2,4233,2281,1952,0,0,0,1.0,1,1.0,1,1.0,1,0.25564406330780004,29
2744,1,4234,2281,1953,0,0,0,1.0,1,1.0,1,1.0,1,0.2575806804338461,27
2745,2,4236,2283,1953,0,0,0,1.0,1,1.0,1,1.0,1,0.3300627088781251,25
2746,0,4236,2283,1953,0,0,0,1.0,1,1.0,1,1.0,1,0.3377086922777967,25
2747,1,4237,2284,1953,0,0,0,1.0,1,1.0,1,1.0,1,0.3761055245729616,23
2748,0,4237,2284,1953,0,0,0,1.0,1,1.0,1,1.0,1,0.35682283480695637,22
2749,0,4237,2284,1953,0,0,0,1.0,1,1.0,1,1.0,1,0.3474297171700306,19
2750,0,4237,2284,1953,0,0,0,1.0,1,1.0,1,1.0,1,0.3308462216126147,18
2751,2,4239,2284,1955,0,0,0,1.0,1,1.0,1,1.0,1,0.21325925435638032,16
2752,0,4239,2284,1955,0,0,0,1.0,1,1.0,1,1.0,1,0.1880424063266848,15
2753,0,4239,2284,1955,0,0,0,1.0,1,1.0,1,1.0,1,0.1880424063266848,15
2754,0,4239,2284,1955,0,0,0,1.0,1,1.0,1,1.0,1,0.1880424063266848,15
2755,0,4239,2284,1955,0,0,0,1.0,1,1.0,1,1.0,1,0.1880424063266848,15
2756,1,4240,2284,1956,0,0,0,1.0,1,1.0,1,1.0,1,0.13240512063958698,16
2757,0,4240,2284,1956,0,0,0,1.0,1,1.0,1,1.0,1,0.12549271109951937,17
2758,0,4240,2284,1956,0,0,0,1.0,1,1.0,1,1.0,1,0.12549271109951937,17
2759,1,4241,2284,1957,0,0,0,1.0,1,1.0,1,1.0,1,0.08784776898535188,18
2760,0,4241,2284,1957,0,0,0,1.0,1,1.0,1,1.0,1,0.08784776898535188,18
2761,0,4241,2284,1957,0,0,0,1.0,1,1.0,1,1.0,1,0.08784776898535188,18
2762,0,4241,2284,1957,0,0,0,1.0,1,1.0,1,1.0,1,0.08784776898535188,18
2763,0,4241,2284,1957,0,0,0,1.0,1,1.0,1,1.0,1,0.0859866695945426,17
2764,2,4243,2286,1957,0,0,0,1.0,1,1.0,1,1.0,1,0.2583522236182275,17
2765,2,4245,2288,1957,0,0,0,1.0,1,1.0,1,1.0,1,0.2243764412110456,18
2766,1,4246,2288,1958,0,0,0,1.0,1,1.0,1,1.0,1,0.19287185307910532,18
2767,0,4246,2288,1958,0,0,0,1.0,1,1.0,1,1.0,1,0.19287185307910532,18
2768,1,4247,2289,1958,0,0,0,1.0,1,1.0,1,1.0,1,0.17053664872767132,18
2769,1,4248,2290,1958,0,0,0,1.0,1,1.0,1,1.0,1,0.16104605358938032,18
2770,1,4249,2291,1958,0,0,0,1.0,1,1.0,1,1.0,1,0.19177282187428893,18
2771,0,4249,2291,1958,0,0,0,1.0,1,1.0,1,1.0,1,0.19177282187428893,18
2772,1,4250,2291,1959,0,0,0,1.0,1,1.0,1,1.0,1,0.22981623331386228,18
2773,0,4250,2291,1959,0,0,0,1.0,1,1.0,1,1.0,1,0.22981623331386228,18
2774,1,4251,2292,1959,0,0,0,1.0,1,1.0,1,1.0,1,0.24267112736008178,20
2775,1,4252,2293,1959,0,0,0,1.0,1,1.0,1,1.0,1,0.24151840926521526,21
2776,2,4254,2294,1960,0,0,0,1.0,1,1.0,1,1.0,1,0.1691002304774841,21
2777,0,4254,2294,1960,0,0,0,1.0,1,1.0,1,1.0,1,0.15260016013969713,22
2778,2,4256,2295,1961,0,0,0,1.0,1,1.0,1,1.0,1,0.13142973233880487,24
2779,2,4258,2296,1962,0,0,0,1.0,1,1.0,1,1.0,1,0.13303775958305317,24
2780,0,4258,2296,1962,0,0,0,1.0,1,1.0,1,1.0,1,0.13303775958305317,24
2781,0,4258,2296,1962,0,0,0,1.0,1,1.0,1,1.0,1,0.13303775958305317,24
2782,0,4258,2296,1962,0,0,0,1.0,1,1.0,1,1.0,1,0.13303775958305317,24
2783,0,4258,2296,1962,0,0,0,1.0,1,1.0,1,1.0,1,0.13303775958305317,24
2784,0,4258,2296,1962,0,0,0,1.0,1,1.0,1,1.0,1,0.19575670874439677,24
2785,0,4258,2296,1962,0,0,0,1.0,1,1.0,1,1.0,1,0.14632089782851068,22
2786,0,4258,2296,1962,0,0,0,1.0,1,1.0,1,1.0,1,0.22164267338919877,22
2787,1,4259,2297,1962,0,0,0,1.0,1,1.0,1,1.0,1,0.12609083497059637,21
2788,0,4259,2297,1962,0,0,0,1.0,1,1.0,1,1.0,1,0.0926167819391246,20
2789,1,4260,2298,1962,0,0,0,1.0,1,1.0,1,1.0,1,0.15654833868806114,20
2790,0,4260,2298,1962,0,0,0,1.0,1,1.0,1,1.0,1,0.16118729768971263,21
2791,1,4261,2299,1962,0,0,0,1.0,1,1.0,1,1.0,1,0.18638191794401027,21
2792,0,4261,2299,1962,0,0,0,1.0,1,1.0,1,1.0,1,0.18638191794401027,21
2793,0,4261,2299,1962,0,0,0,1.0,1,1.0,1,1.0,1,0.1743825192687274,18
2794,0,4261,2299,1962,0,0,0,1.0,1,1.0,1,1.0,1,0.1743825192687274,18
2795,1,4262,2300,1962,0,0,0,1.0,1,1.0,1,1.0,1,0.2113071816226404,20
2796,1,4263,2301,1962,0,0,0,1.0,1,1.0,1,1.0,1,0.18677476296995424,21
2797,0,4263,2301,1962,0,0,0,1.0,1,1.0,1,1.0,1,0.18677476296995424,21
2798,0,4263,2301,1962,0,0,0,1.0,1,1.0,1,1.0,1,0.18677476296995424,21
2799,0,4263,2301,1962,0,0,0,1.0,1,1.0,1,1.0,1,0.18887709980461234,22
2800,0,4263,2301,1962,0,0,0,1.0,1,1.0,1,1.0,1,0.18887709980461234,22
2801,4,4267,2303,1964,0,0,0,1.0,1,1.0,1,1.0,1,0.16922528365819825,22
2802,0,4267,2303,1964,0,0,0,1.0,1,1.0,1,1.0,1,0.16922528365819825,22
2803,1,4268,2304,1964,0,0,0,1.0,1,1.0,1,1.0,1,0.22597309036802823,22
2804,0,4268,2304,1964,0,0,0,1.0,1,1.0,1,1.0,1,0.24301014198014356,23
2805,0,4268,2304,1964,0,0,0,1.0,1,1.0,1,1.0,1,0.24301014198014356,23
2806,0,4268,2304,1964,0,0,0,1.0,1,1.0,1,1.0,1,0.24301014198014356,23
2807,0,4268,2304,1964,0,0,0,1.0,1,1.0,1,1.0,1,0.2214917378818567,24
2808,0,4268,2304,1964,0,0,0,1.0,1,1.0,1,1.0,1,0.2214917378818567,24
2809,0,4268,2304,1964,0,0,0,1.0,1,1.0,1,1.0,1,0.2358326763529781,25
2810,1,4269,2305,1964,0,0,0,1.0,1,1.0,1,1.0,1,0.22589451546496664,24
2811,1,4270,2305,1965,0,0,0,1.0,1,1.0,1,1.0,1,0.189304843257748,26
2812,0,4270,2305,1965,0,0,0,1.0,1,1.0,1,1.0,1,0.189304843257748,26
2813,1,4271,2306,1965,0,0,0,1.0,1,1.0,1,1.0,1,0.15071648073274888,27
2814,2,4273,2307,1966,0,0,0,1.0,1,1.0,1,1.0,1,0.21464183091393096,29
2815,1,4274,2308,1966,0,0,0,1.0,1,1.0,1,1.0,1,0.1899208163926944,29
2816,1,4275,2309,1966,0,0,0,1.0,1,1.0,1,1.0,1,0.16986878917333234,29
2817,0,4275,2309,1966,0,0,0,1.0,1,1.0,1,1.0,1,0.16986878917333234,29
2818,2,4277,2311,1966,0,0,0,1.0,1,1.0,1,1.0,1,0.18161949113376832,29
2819,1,4278,2312,1966,0,0,0,1.0,1,1.0,1,1.0,1,0.1714131412444357,30
2820,2,4280,2313,1967,0,0,0,1.0,1,1.0,1,1.0,1,0.22828974832092583,30
2821,0,4280,2313,1967,0,0,0,1.0,1,1.0,1,1.0,1,0.21048831770179724,31
2822,1,4281,2314,1967,0,0,0,1.0,1,1.0,1,1.0,1,0.19459216525603834,30
2823,3,4284,2317,1967,0,0,0,1.0,1,1.0,1,1.0,1,0.10747137093648629,27
2824,1,4285,2317,1968,0,0,0,1.0,1,1.0,1,1.0,1,0.044180438083132274,28
2825,3,4288,2320,1968,0,0,0,1.0,1,1.0,1,1.0,1,0.11507043895310279,28
2826,2,4290,2321,1969,0,0,0,1.0,1,1.0,1,1.0,1,0.16235843425629248,27
2827,0,4290,2321,1969,0,0,0,1.0,1,1.0,1,1.0,1,0.18433495929213797,28
2828,0,4290,2321,1969,0,0,0,1.0,1,1.0,1,1.0,1,0.21145367189887795,28
2829,1,4291,2322,1969,0,0,0,1.0,1,1.0,1,1.0,1,0.20303635679128781,27
2830,1,4292,2323,1969,0,0,0,1.0,1,1.0,1,1.0,1,0.22254421262141827,27
2831,3,4295,2325,1970,0,0,0,1.0,1,1.0,1,1.0,1,0.23550124474501125,27
2832,2,4297,2325,1972,0,0,0,1.0,1,1.0,1,1.0,1,0.21414813899062804,27
2833,1,4298,2326,1972,0,0,0,1.0,1,1.0,1,1.0,1,0.22873534319357475,26
2834,2,4300,2328,1972,0,0,0,1.0,1,1.0,1,1.0,1,0.12093623932234537,26
2835,1,4301,2329,1972,0,0,0,1.0,1,1.0,1,1.0,1,0.08254133378591387,25
2836,0,4301,2329,1972,0,0,0,1.0,1,1.0,1,1.0,1,0.11561818237610517,27
2837,1,4302,2330,1972,0,0,0,1.0,1,1.0,1,1.0,1,0.15778487480783493,27
2838,0,4302,2330,1972,0,0,0,1.0,1,1.0,1,1.0,1,0.15778487480783493,27
2839,1,4303,2331,1972,0,0,0,1.0,1,1.0,1,1.0,1,0.21141761496694028,29
2840,0,4303,2331,1972,0,0,0,1.0,1,1.0,1,1.0,1,0.21141761496694028,29
2841,1,4304,2332,1972,0,0,0,1.0,1,1.0,1,1.0,1,0.2366946346655968,31
2842,1,4305,2332,1973,0,0,0,1.0,1,1.0,1,1.0,1,0.22424101909183344,31
2843,2,4307,2333,1974,0,0,0,1.0,1,1.0,1,1.0,1,0.14463638357391637,32
2844,4,4311,2336,1975,0,0,0,1.0,1,1.0,1,1.0,1,0.11659946031971198,33
2845,0,4311,2336,1975,0,0,0,1.0,1,1.0,1,1.0,1,0.13028190633178238,32
2846,4,4315,2338,1977,0,0,0,1.0,1,1.0,1,1.0,1,0.11154384720170395,33
2847,1,4316,2339,1977,0,0,0,1.0,1,1.0,1,1.0,1,0.1801466939398336,32
2848,3,4319,2341,1978,0,0,0,1.0,1,1.0,1,1.0,1,0.18673329814465797,33
2849,0,4319,2341,1978,0,0,0,1.0,1,1.0,1,1.0,1,0.188436374818552,34
2850,2,4321,2343,1978,0,0,0,1.0,1,1.0,1,1.0,1,0.13975857319191054,34
2851,2,4323,2343,1980,0,0,0,1.0,1,1.0,1,1.0,1,0.1028711678632404,34
2852,3,4326,2346,1980,0,0,0,1.0,1,1.0,1,1.0,1,0.1483283713371222,35
2853,2,4328,2346,1982,0,0,0,1.0,1,1.0,1,1.0,1,0.09077967686315283,36
2854,0,4328,2346,1982,0,0,0,1.0,1,1.0,1,1.0,1,0.09671573141151157,37
2855,1,4329,2347,1982,0,0,0,1.0,1,1.0,1,1.0,1,0.07312841679911652,38
2856,0,4329,2347,1982,0,0,0,1.0,1,1.0,1,1.0,1,0.07312841679911652,38
2857,2,4331,2349,1982,0,0,0,1.0,1,1.0,1,1.0,1,0.08762625931228638,39
2858,2,4333,2350,1983,0,0,0,1.0,1,1.0,1,1.0,1,0.08448146677892168,40
2859,2,4335,2352,1983,0,0,0,1.0,1,1.0,1,1.0,1,0.14566778915294695,40
2860,0,4335,2352,1983,0,0,0,1.0,1,1.0,1,1.0,1,0.14566778915294695,40
2861,1,4336,2353,1983,0,0,0,1.0,1,1.0,1,1.0,1,0.14570062362176267,38
2862,2,4338,2355,1983,0,0,0,1.0,1,1.0,1,1.0,1,0.20783329077518745,38
2863,3,4341,2358,1983,0,0,0,1.0,1,1.0,1,1.0,1,0.19552852272204485,38
2864,1,4342,2359,1983,0,0,0,1.0,1,1.0,1,1.0,1,0.2141738977819716,36
2865,4,4346,2363,1983,0,0,0,1.0,1,1.0,1,1.0,1,0.20307991974164452,34
2866,0,4346,2363,1983,0,0,0,1.0,1,1.0,1,1.0,1,0.16856915002350564,31
2867,1,4347,2364,1983,0,0,0,1.0,1,1.0,1,1.0,1,0.17267487692018915,30
2868,3,4350,2367,1983,0,0,0,1.0,1,1.0,1,1.0,1,0.1837788385236374,27
2869,0,4350,2367,1983,0,0,0,1.0,1,1.0,1,1.0,1,0.2023437458289373,27
2870,1,4351,2368,1983,0,0,0,1.0,1,1.0,1,1.0,1,0.23217502759989575,25
2871,0,4351,2368,1983,0,0,0,1.0,1,1.0,1,1.0,1,0.2320714323354182,25
2872,1,4352,2369,1983,0,0,0,1.0,1,1.0,1,1.0,1,0.2721139197476293,23
2873,0,4352,2369,1983,0,0,0,1.0,1,1.0,1,1.0,1,0.29178297382336443,24
2874,0,4352,2369,1983,0,0,0,1.0,1,1.0,1,1.0,1,0.3045006847833239,24
2875,0,4352,2369,1983,0,0,0,1.0,1,1.0,1,1.0,1,0.34999689306182913,23
2876,6,4358,2370,1988,0,0,0,1.0,1,1.0,1,1.0,1,0.21179508741345668,24
2877,1,4359,2371,1988,0,0,0,1.0,1,1.0,1,1.0,1,0.18370723025223562,24
2878,1,4360,2372,1988,0,0,0,1.0,1,1.0,1,1.0,1,0.19910893436994415,24
2879,2,4362,2374,1988,0,0,0,1.0,1,1.0,1,1.0,1,0.2566610281712973,25
2880,0,4362,2374,1988,0,0,0,1.0,1,1.0,1,1.0,1,0.2564041340166888,26
2881,0,4362,2374,1988,0,0,0,1.0,1,1.0,1,1.0,1,0.2564041340166888,26
2882,0,4362,2374,1988,0,0,0,1.0,1,1.0,1,1.0,1,0.22974284669821893,27
2883,0,4362,2374,1988,0,0,0,1.0,1,1.0,1,1.0,1,0.2133428749834493,28
2884,2,4364,2374,1990,0,0,0,1.0,1,1.0,1,1.0,1,0.22829972673023902,29
2885,6,4370,2374,1996,0,0,0,1.0,1,1.0,1,1.0,1,0.18256188254502415,31
2886,3,4373,2374,1999,0,0,0,1.0,1,1.0,1,1.0,1,0.17664908044649236,31
2887,6,4379,2374,2005,0,0,0,1.0,1,1.0,1,1.0,1,0.1976731108686204,33
2888,6,4385,2374,2011,0,0,0,1.0,1,1.0,1,1.0,1,0.1723541656903024,34
2889,6,4391,2374,2017,0,0,0,1.0,1,1.0,1,1.0,1,0.18808925700929158,35
2890,3,4394,2374,2020,0,0,0,1.0,1,1.0,1,1.0,1,0.19654959637795427,35
2891,3,4397,2374,2023,0,0,0,1.0,1,1.0,1,1.0,1,0.18808925700929158,35
2892,5,4402,2376,2026,0,0,0,1.0,1,1.0,1,1.0,1,0.23489899761497646,35
2893,8,4410,2376,2034,0,0,0,1.0,1,1.0,1,1.0,1,0.22998906544195008,37
2894,8,4418,2376,2042,0,0,0,1.0,1,1.0,1,1.0,1,0.22998906544195008,37
2895,8,4426,2376,2050,0,0,0,1.0,1,1.0,1,1.0,1,0.22998906544195008,37
2896,4,4430,2376,2054,0,0,0,1.0,1,1.0,1,1.0,1,0.20767123754582228,38
2897,4,4434,2376,2058,0,0,0,1.0,1,1.0,1,1.0,1,0.27046573862798257,37
2898,4,4438,2376,2062,0,0,0,1.0,1,1.0,1,1.0,1,0.23630391239619777,38
2899,10,4448,2378,2070,0,0,0,1.0,1,1.0,1,1.0,1,0.2619074417441605,37
2900,8,4456,2378,2078,0,0,0,1.0,1,1.0,1,1.0,1,0.26234864895666665,36
2901,2,4458,2378,2080,0,0,0,1.0,1,1.0,1,1.0,1,0.19216289318739826,37
2902,1,4459,2378,2081,0,0,0,1.0,1,1.0,1,1.0,1,0.1781647385317956,35
2903,0,4459,2378,2081,0,0,0,1.0,1,1.0,1,1.0,1,0.1897753311736302,35
2904,0,4459,2378,2081,0,0,0,1.0,1,1.0,1,1.0,1,0.1867173845230733,33
2905,0,4459,2378,2081,0,0,0,1.0,1,1.0,1,1.0,1,0.20188488044820674,34
2906,3,4462,2380,2082,0,0,0,1.0,1,1.0,1,1.0,1,0.27401414239226796,34
2907,0,4462,2380,2082,0,0,0,1.0,1,1.0,1,1.0,1,0.26226676656830133,35
2908,1,4463,2381,2082,0,0,0,1.0,1,1.0,1,1.0,1,0.2720598909941511,36
2909,0,4463,2381,2082,0,0,0,1.0,1,1.0,1,1.0,1,0.26081935811628015,38
2910,0,4463,2381,2082,0,0,0,1.0,1,1.0,1,1.0,1,0.26081935811628015,38
2911,1,4464,2382,2082,0,0,0,1.0,1,1.0,1,1.0,1,0.2820429983777674,37
2912,0,4464,2382,2082,0,0,0,1.0,1,1.0,1,1.0,1,0.2820429983777674,37
2913,2,4466,2382,2084,0,0,0,1.0,1,1.0,1,1.0,1,0.2448132697581633,38
2914,0,4466,2382,2084,0,0,0,1.0,1,1.0,1,1.0,1,0.2448132697581633,38
2915,2,4468,2382,2086,0,0,0,1.0,1,1.0,1,1.0,1,0.20908226315687548,39
2916,1,4469,2382,2087,0,0,0,1.0,1,1.0,1,1.0,1,0.21133936009470558,40
2917,1,4470,2382,2088,0,0,0,1.0,1,1.0,1,1.0,1,0.18700404513516886,41
2918,0,4470,2382,2088,0,0,0,1.0,1,1.0,1,1.0,1,0.2082086859797705,41
2919,0,4470,2382,2088,0,0,0,1.0,1,1.0,1,1.0,1,0.2082086859797705,41
2920,0,4470,2382,2088,0,0,0,1.0,1,1.0,1,1.0,1,0.20623143465117186,43
2921,0,4470,2382,2088,0,0,0,1.0,1,1.0,1,1.0,1,0.20682802769763267,42
2922,0,4470,2382,2088,0,0,0,1.0,1,1.0,1,1.0,1,0.18348152214489657,43
2923,1,4471,2382,2089,0,0,0,1.0,1,1.0,1,1.0,1,0.1770846906427408,44
2924,0,4471,2382,2089,0,0,0,1.0,1,1.0,1,1.0,1,0.150695751694664,45
2925,2,4473,2383,2090,0,0,0,1.0,1,1.0,1,1.0,1,0.1776741539665145,45
2926,2,4475,2383,2092,0,0,0,1.0,1,1.0,1,1.0,1,0.12772737029713144,47
2927,0,4475,2383,2092,0,0,0,1.0,1,1.0,1,1.0,1,0.12772737029713144,47
2928,1,4476,2384,2092,0,0,0,1.0,1,1.0,1,1.0,1,0.15162335208771568,48
2929,0,4476,2384,2092,0,0,0,1.0,1,1.0,1,1.0,1,0.15162335208771568,48
2930,1,4477,2384,2093,0,0,0,1.0,1,1.0,1,1.0,1,0.14243750182170659,50
2931,1,4478,2384,2094,0,0,0,1.0,1,1.0,1,1.0,1,0.12901924620185964,51
2932,1,4479,2384,2095,0,0,0,1.0,1,1.0,1,1.0,1,0.13753198776763442,51
2933,1,4480,2384,2096,0,0,0,1.0,1,1.0,1,1.0,1,0.14476237354783594,52
2934,1,4481,2384,2097,0,0,0,1.0,1,1.0,1,1.0,1,0.15410024642981177,52
2935,1,4482,2384,2098,0,0,0,1.0,1,1.0,1,1.0,1,0.16421524098729834,51
2936,3,4485,2385,2100,0,0,0,1.0,1,1.0,1,1.0,1,0.1801864527848816,49
2937,1,4486,2385,2101,0,0,0,1.0,1,1.0,1,1.0,1,0.19099678983200483,50
2938,4,4490,2386,2104,0,0,0,1.0,1,1.0,1,1.0,1,0.17622236830845056,50
2939,1,4491,2386,2105,0,0,0,1.0,1,1.0,1,1.0,1,0.17168788157418147,51
2940,1,4492,2387,2105,0,0,0,1.0,1,1.0,1,1.0,1,0.20476947862827885,52
2941,2,4494,2388,2106,0,0,0,1.0,1,1.0,1,1.0,1,0.21773028319925575,53
2942,0,4494,2388,2106,0,0,0,1.0,1,1.0,1,1.0,1,0.21715224663157048,52
2943,2,4496,2390,2106,0,0,0,1.0,1,1.0,1,1.0,1,0.2537336157456737,51
2944,0,4496,2390,2106,0,0,0,1.0,1,1.0,1,1.0,1,0.2340224290229883,52
2945,1,4497,2391,2106,0,0,0,1.0,1,1.0,1,1.0,1,0.23241703718235837,50
2946,1,4498,2392,2106,0,0,0,1.0,1,1.0,1,1.0,1,0.23618113750865163,51
2947,1,4499,2393,2106,0,0,0,1.0,1,1.0,1,1.0,1,0.232815085117462,50
2948,1,4500,2394,2106,0,0,0,1.0,1,1.0,1,1.0,1,0.2270346084778643,50
2949,0,4500,2394,2106,0,0,0,1.0,1,1.0,1,1.0,1,0.22179745233137954,49
2950,0,4500,2394,2106,0,0,0,1.0,1,1.0,1,1.0,1,0.23142501843007338,48
2951,5,4505,2394,2111,0,0,0,1.0,1,1.0,1,1.0,1,0.14906683247755764,48
2952,0,4505,2394,2111,0,0,0,1.0,1,1.0,1,1.0,1,0.14467007738054516,46
2953,0,4505,2394,2111,0,0,0,1.0,1,1.0,1,1.0,1,0.14467007738054516,46
2954,1,4506,2395,2111,0,0,0,1.0,1,1.0,1,1.0,1,0.17717376436982427,48
2955,4,4510,2395,2115,0,0,0,1.0,1,1.0,1,1.0,1,0.10685040208632852,48
2956,1,4511,2395,2116,0,0,0,1.0,1,1.0,1,1.0,1,0.1101302778934534,47
2957,3,4514,2395,2119,0,0,0,1.0,1,1.0,1,1.0,1,0.10675192391282125,48
2958,2,4516,2395,2121,0,0,0,1.0,1,1.0,1,1.0,1,0.09944877094659489,49
2959,3,4519,2396,2123,0,0,0,1.0,1,1.0,1,1.0,1,0.09746722292236583,49
2960,0,4519,2396,2123,0,0,0,1.0,1,1.0,1,1.0,1,0.09746722292236583,49
2961,2,4521,2397,2124,0,0,0,1.0,1,1.0,1,1.0,1,0.06201102690069467,51
2962,2,4523,2399,2124,0,0,0,1.0,1,1.0,1,1.0,1,0.06928223734634681,51
2963,2,4525,2401,2124,0,0,0,1.0,1,1.0,1,1.0,1,0.09065784562923317,51
2964,1,4526,2402,2124,0,0,0,1.0,1,1.0,1,1.0,1,0.10381702397458357,52
2965,2,4528,2404,2124,0,0,0,1.0,1,1.0,1,1.0,1,0.11392750234339231,53
2966,3,4531,2404,2127,0,0,0,1.0,1,1.0,1,1.0,1,0.09493192239595206,53
2967,0,4531,2404,2127,0,0,0,1.0,1,1.0,1,1.0,1,0.08662604267121499,53
2968,0,4531,2404,2127,0,0,0,1.0,1,1.0,1,1.0,1,0.07187308800450037,54
2969,0,4531,2404,2127,0,0,0,1.0,1,1.0,1,1.0,1,0.08320887417064324,55
2970,0,4531,2404,2127,0,0,0,1.0,1,1.0,1,1.0,1,0.08320887417064324,55
2971,1,4532,2404,2128,0,0,0,1.0,1,1.0,1,1.0,1,0.0763045210241793,55
2972,0,4532,2404,2128,0,0,0,1.0,1,1.0,1,1.0,1,0.0763045210241793,55
2973,0,4532,2404,2128,0,0,0,1.0,1,1.0,1,1.0,1,0.07410159864046993,55
2974,0,4532,2404,2128,0,0,0,1.0,1,1.0,1,1.0,1,0.07257637571772248,56
2975,0,4532,2404,2128,0,0,0,1.0,1,1.0,1,1.0,1,0.07669681570617588,55
2976,0,4532,2404,2128,0,0,0,1.0,1,1.0,1,1.0,1,0.059349098035434776,57
2977,1,4533,2404,2129,0,0,0,1.0,1,1.0,1,1.0,1,0.07203255695409749,59
2978,2,4535,2406,2129,0,0,0,1.0,1,1.0,1,1.0,1,0.07151427171678833,59
2979,1,4536,2407,2129,0,0,0,1.0,1,1.0,1,1.0,1,0.08013932098869705,59
2980,2,4538,2409,2129,0,0,0,1.0,1,1.0,1,1.0,1,0.08043579901016401,59
2981,3,4541,2412,2129,0,0,0,1.0,1,1.0,1,1.0,1,0.12629342144544242,59
2982,2,4543,2413,2130,0,0,0,1.0,1,1.0,1,1.0,1,0.1326802611282394,61
2983,4,4547,2417,2130,0,0,0,1.0,1,1.0,1,1.0,1,0.16403590641530313,61
2984,2,4549,2418,2131,0,0,0,1.0,1,1.0,1,1.0,1,0.16075822086386385,61
2985,6,4555,2423,2132,0,0,0,1.0,1,1.0,1,1.0,1,0.14886284433067537,57
2986,3,4558,2426,2132,0,0,0,1.0,1,1.0,1,1.0,1,0.13407582500881954,58
2987,3,4561,2428,2133,0,0,0,1.0,1,1.0,1,1.0,1,0.13231266393462524,56
2988,6,4567,2434,2133,0,0,0,1.0,1,1.0,1,1.0,1,0.11613782098694246,55
2989,3,4570,2436,2134,0,0,0,1.0,1,1.0,1,1.0,1,0.11053354269053609,53
2990,6,4576,2440,2136,0,0,0,1.0,1,1.0,1,1.0,1,0.11414624389946859,52
2991,2,4578,2442,2136,0,0,0,1.0,1,1.0,1,1.0,1,0.10423917101469501,54
2992,1,4579,2443,2136,0,0,0,1.0,1,1.0,1,1.0,1,0.09992695229811081,55
2993,2,4581,2445,2136,0,0,0,1.0,1,1.0,1,1.0,1,0.09320680640036076,53
2994,0,4581,2445,2136,0,0,0,1.0,1,1.0,1,1.0,1,0.1228414264388666,53
2995,0,4581,2445,2136,0,0,0,1.0,1,1.0,1,1.0,1,0.13917613082750657,51
2996,1,4582,2446,2136,0,0,0,1.0,1,1.0,1,1.0,1,0.1638839265638424,52
2997,1,4583,2447,2136,0,0,0,1.0,1,1.0,1,1.0,1,0.18496111248779964,50
2998,2,4585,2448,2137,0,0,0,1.0,1,1.0,1,1.0,1,0.1640982100731288,51
2999,1,4586,2448,2138,0,0,0,1.0,1,1.0,1,1.0,1,0.20606746653978042,48
3000,2,4588,2449,2139,0,0,0,1.0,1,1.0,1,1.0,1,0.2065446687516344,48
3001,7,4595,2449,2146,0,0,0,1.0,1,1.0,1,1.0,1,0.08750017288136795,49
3002,1,4596,2450,2146,0,0,0,1.0,1,1.0,1,1.0,1,0.1087879538780817,50
3003,0,4596,2450,2146,0,0,0,1.0,1,1.0,1,1.0,1,0.1087879538780817,50
3004,0,4596,2450,2146,0,0,0,1.0,1,1.0,1,1.0,1,0.09757085446745074,51
3005,0,4596,2450,2146,0,0,0,1.0,1,1.0,1,1.0,1,0.09480753007934904,50
3006,1,4597,2450,2147,0,0,0,1.0,1,1.0,1,1.0,1,0.08351979693838994,51
3007,0,4597,2450,2147,0,0,0,1.0,1,1.0,1,1.0,1,0.06504683210592474,51
3008,0,4597,2450,2147,0,0,0,1.0,1,1.0,1,1.0,1,0.0793626346985103,53
3009,0,4597,2450,2147,0,0,0,1.0,1,1.0,1,1.0,1,0.0806248620302874,52
3010,0,4597,2450,2147,0,0,0,1.0,1,1.0,1,1.0,1,0.0806248620302874,52
3011,3,4600,2452,2148,0,0,0,1.0,1,1.0,1,1.0,1,0.11516014404543844,51
3012,3,4603,2453,2150,0,0,0,1.0,1,1.0,1,1.0,1,0.14404552894513,54
3013,4,4607,2457,2150,0,0,0,1.0,1,1.0,1,1.0,1,0.10820258883872878,52
3014,2,4609,2459,2150,0,0,0,1.0,1,1.0,1,1.0,1,0.1289039525237364,51
3015,3,4612,2462,2150,0,0,0,1.0,1,1.0,1,1.0,1,0.12786909857285847,50
3016,2,4614,2464,2150,0,0,0,1.0,1,1.0,1,1.0,1,0.14138091359140018,50
3017,3,4617,2467,2150,0,0,0,1.0,1,1.0,1,1.0,1,0.18486824722693893,48
3018,3,4620,2470,2150,0,0,0,1.0,1,1.0,1,1.0,1,0.16179484598265467,48
3019,1,4621,2471,2150,0,0,0,1.0,1,1.0,1,1.0,1,0.1602404358389131,47
3020,2,4623,2473,2150,0,0,0,1.0,1,1.0,1,1.0,1,0.1618741200695515,47
3021,3,4626,2476,2150,0,0,0,1.0,1,1.0,1,1.0,1,0.13877632547030844,46
3022,2,4628,2478,2150,0,0,0,1.0,1,1.0,1,1.0,1,0.17494719367244582,45
3023,3,4631,2481,2150,0,0,0,1.0,1,1.0,1,1.0,1,0.17174329774092642,41
3024,3,4634,2484,2150,0,0,0,1.0,1,1.0,1,1.0,1,0.21261024441057894,43
3025,1,4635,2485,2150,0,0,0,1.0,1,1.0,1,1.0,1,0.2748433429791889,39
3026,6,4641,2486,2155,0,0,0,1.0,1,1.0,1,1.0,1,0.13570802908603796,38
3027,1,4642,2487,2155,0,0,0,1.0,1,1.0,1,1.0,1,0.12602301807704827,38
3028,2,4644,2488,2156,0,0,0,1.0,1,1.0,1,1.0,1,0.14703210621800733,38
3029,1,4645,2489,2156,0,0,0,1.0,1,1.0,1,1.0,1,0.16562710085612892,37
3030,1,4646,2490,2156,0,0,0,1.0,1,1.0,1,1.0,1,0.20153771677441393,38
3031,2,4648,2490,2158,0,0,0,1.0,1,1.0,1,1.0,1,0.1583796671638856,39
3032,1,4649,2490,2159,0,0,0,1.0,1,1.0,1,1.0,1,0.16325599078215997,39
3033,1,4650,2490,2160,0,0,0,1.0,1,1.0,1,1.0,1,0.16320387423871696,39
3034,0,4650,2490,2160,0,0,0,1.0,1,1.0,1,1.0,1,0.172825311051793,38
3035,0,4650,2490,2160,0,0,0,1.0,1,1.0,1,1.0,1,0.15108874207784773,39
3036,1,4651,2490,2161,0,0,0,1.0,1,1.0,1,1.0,1,0.1508711167753077,39
3037,1,4652,2490,2162,0,0,0,1.0,1,1.0,1,1.0,1,0.16367241235829905,39
3038,2,4654,2491,2163,0,0,0,1.0,1,1.0,1,1.0,1,0.12675085485261298,40
3039,1,4655,2492,2163,0,0,0,1.0,1,1.0,1,1.0,1,0.14984035374449006,41
3040,4,4659,2494,2165,0,0,0,1.0,1,1.0,1,1.0,1,0.1422631350693473,42
3041,1,4660,2494,2166,0,0,0,1.0,1,1.0,1,1.0,1,0.1544704690808638,43
3042,6,4666,2496,2170,0,0,0,1.0,1,1.0,1,1.0,1,0.15364107321558496,45
3043,6,4672,2497,2175,0,0,0,1.0,1,1.0,1,1.0,1,0.1348566306968062,45
3044,4,4676,2497,2179,0,0,0,1.0,1,1.0,1,1.0,1,0.11557946418495182,45
3045,2,4678,2497,2181,0,0,0,1.0,1,1.0,1,1.0,1,0.11973067048631673,45
3046,2,4680,2497,2183,0,0,0,1.0,1,1.0,1,1.0,1,0.1041028274493439,46
3047,1,4681,2497,2184,0,0,0,1.0,1,1.0,1,1.0,1,0.131668785957328,46
3048,4,4685,2497,2188,0,0,0,1.0,1,1.0,1,1.0,1,0.11798918746935887,49
3049,3,4688,2498,2190,0,0,0,1.0,1,1.0,1,1.0,1,0.12085557218810115,50
3050,2,4690,2498,2192,0,0,0,1.0,1,1.0,1,1.0,1,0.12255040735263877,50
3051,1,4691,2498,2193,0,0,0,1.0,1,1.0,1,1.0,1,0.09493469448941154,50
3052,1,4692,2498,2194,0,0,0,1.0,1,1.0,1,1.0,1,0.08280835567714426,50
3053,2,4694,2500,2194,0,0,0,1.0,1,1.0,1,1.0,1,0.10728522801736506,49
3054,1,4695,2501,2194,0,0,0,1.0,1,1.0,1,1.0,1,0.122520479702272,47
3055,1,4696,2502,2194,0,0,0,1.0,1,1.0,1,1.0,1,0.1336610155661872,48
3056,2,4698,2504,2194,0,0,0,1.0,1,1.0,1,1.0,1,0.15909760030506923,47
3057,3,4701,2505,2196,0,0,0,1.0,1,1.0,1,1.0,1,0.13742567780859716,48
3058,1,4702,2506,2196,0,0,0,1.0,1,1.0,1,1.0,1,0.15379987978498227,46
3059,0,4702,2506,2196,0,0,0,1.0,1,1.0,1,1.0,1,0.14508073566079296,44
3060,2,4704,2507,2197,0,0,0,1.0,1,1.0,1,1.0,1,0.13428367017956797,44
3061,1,4705,2508,2197,0,0,0,1.0,1,1.0,1,1.0,1,0.16211284532804418,42
3062,2,4707,2509,2198,0,0,0,1.0,1,1.0,1,1.0,1,0.14796350160348662,42
3063,2,4709,2511,2198,0,0,0,1.0,1,1.0,1,1.0,1,0.16642965515956118,41
3064,1,4710,2512,2198,0,0,0,1.0,1,1.0,1,1.0,1,0.1342469199455154,42
3065,1,4711,2513,2198,0,0,0,1.0,1,1.0,1,1.0,1,0.1391031999502314,40
3066,2,4713,2515,2198,0,0,0,1.0,1,1.0,1,1.0,1,0.09704196469007938,42
3067,3,4716,2517,2199,0,0,0,1.0,1,1.0,1,1.0,1,0.15273106052823526,40
3068,2,4718,2519,2199,0,0,0,1.0,1,1.0,1,1.0,1,0.14017330901211428,39
3069,1,4719,2519,2200,0,0,0,1.0,1,1.0,1,1.0,1,0.16391374017860724,38
3070,0,4719,2519,2200,0,0,0,1.0,1,1.0,1,1.0,1,0.18096790507650065,39
3071,0,4719,2519,2200,0,0,0,1.0,1,1.0,1,1.0,1,0.19049086173179097,39
3072,1,4720,2520,2200,0,0,0,1.0,1,1.0,1,1.0,1,0.2439787884290302,40
3073,2,4722,2522,2200,0,0,0,1.0,1,1.0,1,1.0,1,0.31117161728831655,38
3074,0,4722,2522,2200,0,0,0,1.0,1,1.0,1,1.0,1,0.2935467267582708,38
3075,2,4724,2523,2201,0,0,0,1.0,1,1.0,1,1.0,1,0.32178973500484925,41
3076,9,4733,2524,2209,0,0,0,1.0,1,1.0,1,1.0,1,0.20408861168547873,42
3077,1,4734,2524,2210,0,0,0,1.0,1,1.0,1,1.0,1,0.18871393591570884,42
3078,1,4735,2524,2211,0,0,0,1.0,1,1.0,1,1.0,1,0.17962603887881937,42
3079,1,4736,2525,2211,0,0,0,1.0,1,1.0,1,1.0,1,0.16827777949016315,42
3080,1,4737,2525,2212,0,0,0,1.0,1,1.0,1,1.0,1,0.15036020603346884,43
3081,0,4737,2525,2212,0,0,0,1.0,1,1.0,1,1.0,1,0.14365186391166668,44
3082,2,4739,2526,2213,0,0,0,1.0,1,1.0,1,1.0,1,0.14231974574289902,45
3083,0,4739,2526,2213,0,0,0,1.0,1,1.0,1,1.0,1,0.14231974574289902,45
3084,2,4741,2527,2214,0,0,0,1.0,1,1.0,1,1.0,1,0.11858918537472445,45
3085,1,4742,2527,2215,0,0,0,1.0,1,1.0,1,1.0,1,0.1570629044077156,46
3086,2,4744,2528,2216,0,0,0,1.0,1,1.0,1,1.0,1,0.13760777066225205,46
3087,4,4748,2529,2219,0,0,0,1.0,1,1.0,1,1.0,1,0.1668650797604843,47
3088,5,4753,2530,2223,0,0,0,1.0,1,1.0,1,1.0,1,0.1948705297544892,48
3089,1,4754,2530,2224,0,0,0,1.0,1,1.0,1,1.0,1,0.1846373946357152,46
3090,3,4757,2530,2227,0,0,0,1.0,1,1.0,1,1.0,1,0.15849264624261983,46
3091,5,4762,2530,2232,0,0,0,1.0,1,1.0,1,1.0,1,0.11812981789019215,46
3092,3,4765,2532,2233,0,0,0,1.0,1,1.0,1,1.0,1,0.11441840382798515,47
3093,0,4765,2532,2233,0,0,0,1.0,1,1.0,1,1.0,1,0.09829703450933223,47
3094,0,4765,2532,2233,0,0,0,1.0,1,1.0,1,1.0,1,0.06482862302007715,45
3095,1,4766,2533,2233,0,0,0,1.0,1,1.0,1,1.0,1,0.050248877054511726,46
3096,0,4766,2533,2233,0,0,0,1.0,1,1.0,1,1.0,1,0.053917603056535604,46
3097,2,4768,2535,2233,0,0,0,1.0,1,1.0,1,1.0,1,0.07456518010793908,47
3098,0,4768,2535,2233,0,0,0,1.0,1,1.0,1,1.0,1,0.07456518010793908,47
3099,0,4768,2535,2233,0,0,0,1.0,1,1.0,1,1.0,1,0.07456518010793908,47
3100,1,4769,2535,2234,0,0,0,1.0,1,1.0,1,1.0,1,0.0917319788511539,47
3101,2,4771,2535,2236,0,0,0,1.0,1,1.0,1,1.0,1,0.07392410754121703,48
3102,0,4771,2535,2236,0,0,0,1.0,1,1.0,1,1.0,1,0.07392410754121703,48
3103,0,4771,2535,2236,0,0,0,1.0,1,1.0,1,1.0,1,0.09398650728761608,49
3104,1,4772,2536,2236,0,0,0,1.0,1,1.0,1,1.0,1,0.12624051602029718,48
3105,3,4775,2538,2237,0,0,0,1.0,1,1.0,1,1.0,1,0.16363066544940685,45
3106,1,4776,2539,2237,0,0,0,1.0,1,1.0,1,1.0,1,0.20699398771557842,46
3107,3,4779,2541,2238,0,0,0,1.0,1,1.0,1,1.0,1,0.2168684509955666,44
3108,1,4780,2542,2238,0,0,0,1.0,1,1.0,1,1.0,1,0.21739326356828828,45
3109,0,4780,2542,2238,0,0,0,1.0,1,1.0,1,1.0,1,0.23588605052661724,44
3110,5,4785,2547,2238,0,0,0,1.0,1,1.0,1,1.0,1,0.18670284569922102,46
3111,0,4785,2547,2238,0,0,0,1.0,1,1.0,1,1.0,1,0.18670284569922102,46
3112,0,4785,2547,2238,0,0,0,1.0,1,1.0,1,1.0,1,0.19755080034565672,47
3113,1,4786,2548,2238,0,0,0,1.0,1,1.0,1,1.0,1,0.18630595318680412,48
3114,0,4786,2548,2238,0,0,0,1.0,1,1.0,1,1.0,1,0.18607905184090476,48
3115,0,4786,2548,2238,0,0,0,1.0,1,1.0,1,1.0,1,0.20153130141276182,49
3116,0,4786,2548,2238,0,0,0,1.0,1,1.0,1,1.0,1,0.21088903464935596,48
3117,4,4790,2551,2239,0,0,0,1.0,1,1.0,1,1.0,1,0.21324220479502448,49
3118,1,4791,2551,2240,0,0,0,1.0,1,1.0,1,1.0,1,0.20012271329728173,50
3119,0,4791,2551,2240,0,0,0,1.0,1,1.0,1,1.0,1,0.20012271329728173,50
3120,1,4792,2552,2240,0,0,0,1.0,1,1.0,1,1.0,1,0.21583993923920045,50
3121,2,4794,2554,2240,0,0,0,1.0,1,1.0,1,1.0,1,0.2192370407808725,50
3122,0,4794,2554,2240,0,0,0,1.0,1,1.0,1,1.0,1,0.2192370407808725,50
3123,2,4796,2556,2240,0,0,0,1.0,1,1.0,1,1.0,1,0.22100713726871726,51
3124,1,4797,2557,2240,0,0,0,1.0,1,1.0,1,1.0,1,0.23630988227597047,51
3125,1,4798,2558,2240,0,0,0,1.0,1,1.0,1,1.0,1,0.24742336090088726,51
3126,7,4805,2559,2246,0,0,0,1.0,1,1.0,1,1.0,1,0.15857450260589026,54
3127,4,4809,2561,2248,0,0,0,1.0,1,1.0,1,1.0,1,0.14430689299135674,53
3128,0,4809,2561,2248,0,0,0,1.0,1,1.0,1,1.0,1,0.12861088370954593,52
3129,2,4811,2563,2248,0,0,0,1.0,1,1.0,1,1.0,1,0.14324277254517165,51
3130,0,4811,2563,2248,0,0,0,1.0,1,1.0,1,1.0,1,0.129234356149832,50
3131,2,4813,2565,2248,0,0,0,1.0,1,1.0,1,1.0,1,0.1766846807189814,50
3132,1,4814,2566,2248,0,0,0,1.0,1,1.0,1,1.0,1,0.13722315382047323,49
3133,0,4814,2566,2248,0,0,0,1.0,1,1.0,1,1.0,1,0.13722315382047323,49
3134,0,4814,2566,2248,0,0,0,1.0,1,1.0,1,1.0,1,0.13477599086764508,46
3135,2,4816,2568,2248,0,0,0,1.0,1,1.0,1,1.0,1,0.17561926836307667,47
3136,2,4818,2570,2248,0,0,0,1.0,1,1.0,1,1.0,1,0.132266112518948,46
3137,1,4819,2571,2248,0,0,0,1.0,1,1.0,1,1.0,1,0.17075492170407372,49
3138,1,4820,2572,2248,0,0,0,1.0,1,1.0,1,1.0,1,0.1981158541310654,49
3139,3,4823,2574,2249,0,0,0,1.0,1,1.0,1,1.0,1,0.20385153007705717,50
3140,2,4825,2575,2250,0,0,0,1.0,1,1.0,1,1.0,1,0.2170849313049163,51
3141,1,4826,2575,2251,0,0,0,1.0,1,1.0,1,1.0,1,0.21816622847535583,50
3142,2,4828,2576,2252,0,0,0,1.0,1,1.0,1,1.0,1,0.1962602573927346,50
3143,0,4828,2576,2252,0,0,0,1.0,1,1.0,1,1.0,1,0.21449976626348768,49
3144,0,4828,2576,2252,0,0,0,1.0,1,1.0,1,1.0,1,0.21449976626348768,49
3145,1,4829,2576,2253,0,0,0,1.0,1,1.0,1,1.0,1,0.2653501458234466,48
3146,1,4830,2576,2254,0,0,0,1.0,1,1.0,1,1.0,1,0.2443942926585706,49
3147,2,4832,2578,2254,0,0,0,1.0,1,1.0,1,1.0,1,0.2654858464574973,48
3148,3,4835,2581,2254,0,0,0,1.0,1,1.0,1,1.0,1,0.2294584123515399,48
3149,2,4837,2583,2254,0,0,0,1.0,1,1.0,1,1.0,1,0.21857856393013825,47
3150,1,4838,2584,2254,0,0,0,1.0,1,1.0,1,1.0,1,0.21033854594691878,47
3151,8,4846,2584,2262,0,0,0,1.0,1,1.0,1,1.0,1,0.14319024221403528,48
3152,0,4846,2584,2262,0,0,0,1.0,1,1.0,1,1.0,1,0.15353088874942983,47
3153,0,4846,2584,2262,0,0,0,1.0,1,1.0,1,1.0,1,0.15353088874942983,47
3154,3,4849,2585,2264,0,0,0,1.0,1,1.0,1,1.0,1,0.13568718551468553,48
3155,0,4849,2585,2264,0,0,0,1.0,1,1.0,1,1.0,1,0.13171644174918015,48
3156,0,4849,2585,2264,0,0,0,1.0,1,1.0,1,1.0,1,0.13973794853965846,48
3157,0,4849,2585,2264,0,0,0,1.0,1,1.0,1,1.0,1,0.17067501334839302,48
3158,0,4849,2585,2264,0,0,0,1.0,1,1.0,1,1.0,1,0.17067501334839302,48
3159,0,4849,2585,2264,0,0,0,1.0,1,1.0,1,1.0,1,0.16439465717085033,49
3160,2,4851,2585,2266,0,0,0,1.0,1,1.0,1,1.0,1,0.1544769227274261,51
3161,0,4851,2585,2266,0,0,0,1.0,1,1.0,1,1.0,1,0.1344842205466326,52
3162,1,4852,2586,2266,0,0,0,1.0,1,1.0,1,1.0,1,0.14859352202786902,51
3163,1,4853,2587,2266,0,0,0,1.0,1,1.0,1,1.0,1,0.16049168158459448,51
3164,2,4855,2588,2267,0,0,0,1.0,1,1.0,1,1.0,1,0.1773519969786349,52
3165,0,4855,2588,2267,0,0,0,1.0,1,1.0,1,1.0,1,0.15508793399899454,50
3166,0,4855,2588,2267,0,0,0,1.0,1,1.0,1,1.0,1,0.15508793399899454,50
3167,4,4859,2592,2267,0,0,0,1.0,1,1.0,1,1.0,1,0.17119587635159694,49
3168,1,4860,2593,2267,0,0,0,1.0,1,1.0,1,1.0,1,0.18939153027016328,47
3169,2,4862,2595,2267,0,0,0,1.0,1,1.0,1,1.0,1,0.20661471624424696,48
3170,4,4866,2597,2269,0,0,0,1.0,1,1.0,1,1.0,1,0.23414906256308504,47
3171,1,4867,2598,2269,0,0,0,1.0,1,1.0,1,1.0,1,0.23798075324494566,47
3172,1,4868,2599,2269,0,0,0,1.0,1,1.0,1,1.0,1,0.2487927550393655,46
3173,1,4869,2599,2270,0,0,0,1.0,1,1.0,1,1.0,1,0.19642881111594662,45
3174,0,4869,2599,2270,0,0,0,1.0,1,1.0,1,1.0,1,0.21769850644091715,43
3175,3,4872,2602,2270,0,0,0,1.0,1,1.0,1,1.0,1,0.17952844162937795,43
3176,2,4874,2602,2272,0,0,0,1.0,1,1.0,1,1.0,1,0.13726399219454372,44
3177,2,4876,2604,2272,0,0,0,1.0,1,1.0,1,1.0,1,0.13737704198784373,44
3178,0,4876,2604,2272,0,0,0,1.0,1,1.0,1,1.0,1,0.1254618615462207,47
3179,1,4877,2605,2272,0,0,0,1.0,1,1.0,1,1.0,1,0.14799667887121343,48
3180,1,4878,2606,2272,0,0,0,1.0,1,1.0,1,1.0,1,0.1278864534903835,48
3181,1,4879,2607,2272,0,0,0,1.0,1,1.0,1,1.0,1,0.10868062494628487,48
3182,0,4879,2607,2272,0,0,0,1.0,1,1.0,1,1.0,1,0.10690732563432105,51
3183,1,4880,2608,2272,0,0,0,1.0,1,1.0,1,1.0,1,0.10453159347293992,50
3184,2,4882,2609,2273,0,0,0,1.0,1,1.0,1,1.0,1,0.09365272567362029,50
3185,0,4882,2609,2273,0,0,0,1.0,1,1.0,1,1.0,1,0.12703625749349629,48
3186,1,4883,2610,2273,0,0,0,1.0,1,1.0,1,1.0,1,0.14152561434583005,48
3187,1,4884,2610,2274,0,0,0,1.0,1,1.0,1,1.0,1,0.14496320316124342,48
3188,2,4886,2612,2274,0,0,0,1.0,1,1.0,1,1.0,1,0.17359591427964238,48
3189,0,4886,2612,2274,0,0,0,1.0,1,1.0,1,1.0,1,0.18262720481283903,49
3190,1,4887,2612,2275,0,0,0,1.0,1,1.0,1,1.0,1,0.1778230288866032,51
3191,1,4888,2613,2275,0,0,0,1.0,1,1.0,1,1.0,1,0.1648145714773297,52
3192,1,4889,2614,2275,0,0,0,1.0,1,1.0,1,1.0,1,0.15230628421410664,52
3193,2,4891,2615,2276,0,0,0,1.0,1,1.0,1,1.0,1,0.15806296424726315,52
3194,2,4893,2616,2277,0,0,0,1.0,1,1.0,1,1.0,1,0.13834702384414116,54
3195,0,4893,2616,2277,0,0,0,1.0,1,1.0,1,1.0,1,0.13834702384414116,54
3196,2,4895,2618,2277,0,0,0,1.0,1,1.0,1,1.0,1,0.13580925357222642,54
3197,1,4896,2618,2278,0,0,0,1.0,1,1.0,1,1.0,1,0.10714013112000347,54
3198,2,4898,2620,2278,0,0,0,1.0,1,1.0,1,1.0,1,0.1269277562391972,54
3199,6,4904,2621,2283,0,0,0,1.0,1,1.0,1,1.0,1,0.09192048055958635,56
3200,3,4907,2622,2285,0,0,0,1.0,1,1.0,1,1.0,1,0.11515926323414935,56
3201,2,4909,2622,2287,0,0,0,1.0,1,1.0,1,1.0,1,0.0998908238859284,56
3202,3,4912,2624,2288,0,0,0,1.0,1,1.0,1,1.0,1,0.11896379302764734,57
3203,3,4915,2625,2290,0,0,0,1.0,1,1.0,1,1.0,1,0.10123373919173032,56
3204,0,4915,2625,2290,0,0,0,1.0,1,1.0,1,1.0,1,0.0878172759029947,55
3205,0,4915,2625,2290,0,0,0,1.0,1,1.0,1,1.0,1,0.10028074874345025,54
3206,5,4920,2629,2291,0,0,0,1.0,1,1.0,1,1.0,1,0.14478964406044773,56
3207,4,4924,2629,2295,0,0,0,1.0,1,1.0,1,1.0,1,0.17443228449649198,54
3208,4,4928,2631,2297,0,0,0,1.0,1,1.0,1,1.0,1,0.19449756292811785,53
3209,4,4932,2631,2301,0,0,0,1.0,1,1.0,1,1.0,1,0.18644951921837707,54
3210,4,4936,2633,2303,0,0,0,1.0,1,1.0,1,1.0,1,0.2516068342395331,53
3211,8,4944,2634,2310,0,0,0,1.0,1,1.0,1,1.0,1,0.24996685118430056,53
3212,3,4947,2634,2313,0,0,0,1.0,1,1.0,1,1.0,1,0.2184166467154005,54
3213,3,4950,2634,2316,0,0,0,1.0,1,1.0,1,1.0,1,0.23022780982201313,54
3214,5,4955,2634,2321,0,0,0,1.0,1,1.0,1,1.0,1,0.18892189841613363,55
3215,4,4959,2635,2324,0,0,0,1.0,1,1.0,1,1.0,1,0.1958156843144067,55
3216,5,4964,2636,2328,0,0,0,1.0,1,1.0,1,1.0,1,0.192331608088477,55
3217,6,4970,2637,2333,0,0,0,1.0,1,1.0,1,1.0,1,0.1932880373010486,54
3218,2,4972,2637,2335,0,0,0,1.0,1,1.0,1,1.0,1,0.2113503603269985,54
3219,3,4975,2638,2337,0,0,0,1.0,1,1.0,1,1.0,1,0.20370103233757358,55
3220,2,4977,2638,2339,0,0,0,1.0,1,1.0,1,1.0,1,0.20048211953510583,56
3221,2,4979,2638,2341,0,0,0,1.0,1,1.0,1,1.0,1,0.1847622821793423,57
3222,1,4980,2638,2342,0,0,0,1.0,1,1.0,1,1.0,1,0.1935102261874935,57
3223,2,4982,2639,2343,0,0,0,1.0,1,1.0,1,1.0,1,0.21097648669069105,56
3224,3,4985,2640,2345,0,0,0,1.0,1,1.0,1,1.0,1,0.17460784237273055,58
3225,3,4988,2642,2346,0,0,0,1.0,1,1.0,1,1.0,1,0.20608577065331096,55
3226,1,4989,2643,2346,0,0,0,1.0,1,1.0,1,1.0,1,0.18650975071815162,54
3227,1,4990,2644,2346,0,0,0,1.0,1,1.0,1,1.0,1,0.19219537897402658,53
3228,2,4992,2645,2347,0,0,0,1.0,1,1.0,1,1.0,1,0.1440825009972745,52
3229,0,4992,2645,2347,0,0,0,1.0,1,1.0,1,1.0,1,0.13341740183496498,52
3230,2,4994,2647,2347,0,0,0,1.0,1,1.0,1,1.0,1,0.1321922165681331,50
3231,1,4995,2648,2347,0,0,0,1.0,1,1.0,1,1.0,1,0.15376008091066926,50
3232,3,4998,2651,2347,0,0,0,1.0,1,1.0,1,1.0,1,0.17353169985822503,50
3233,0,4998,2651,2347,0,0,0,1.0,1,1.0,1,1.0,1,0.18248242060169242,50
3234,1,4999,2652,2347,0,0,0,1.0,1,1.0,1,1.0,1,0.208033006594096,49
3235,2,5001,2654,2347,0,0,0,1.0,1,1.0,1,1.0,1,0.24609671554542883,49
3236,0,5001,2654,2347,0,0,0,1.0,1,1.0,1,1.0,1,0.23692228234733376,51
3237,0,5001,2654,2347,0,0,0,1.0,1,1.0,1,1.0,1,0.24409861654348874,53
3238,1,5002,2655,2347,0,0,0,1.0,1,1.0,1,1.0,1,0.269569135152419,53
3239,0,5002,2655,2347,0,0,0,1.0,1,1.0,1,1.0,1,0.269569135152419,53
3240,1,5003,2655,2348,0,0,0,1.0,1,1.0,1,1.0,1,0.2506844213089036,53
3241,0,5003,2655,2348,0,0,0,1.0,1,1.0,1,1.0,1,0.24456772447728822,53
3242,1,5004,2656,2348,0,0,0,1.0,1,1.0,1,1.0,1,0.2541041446007971,53
3243,1,5005,2656,2349,0,0,0,1.0,1,1.0,1,1.0,1,0.2109582885084875,56
3244,0,5005,2656,2349,0,0,0,1.0,1,1.0,1,1.0,1,0.21160109107018038,57
3245,1,5006,2656,2350,0,0,0,1.0,1,1.0,1,1.0,1,0.19493828964860285,59
3246,0,5006,2656,2350,0,0,0,1.0,1,1.0,1,1.0,1,0.19493828964860285,59
3247,1,5007,2657,2350,0,0,0,1.0,1,1.0,1,1.0,1,0.2061331543559116,59
3248,1,5008,2657,2351,0,0,0,1.0,1,1.0,1,1.0,1,0.17490678727309705,59
3249,1,5009,2657,2352,0,0,0,1.0,1,1.0,1,1.0,1,0.16550485664490275,58
3250,0,5009,2657,2352,0,0,0,1.0,1,1.0,1,1.0,1,0.16550485664490275,58
3251,2,5011,2658,2353,0,0,0,1.0,1,1.0,1,1.0,1,0.1756695031084314,57
3252,0,5011,2658,2353,0,0,0,1.0,1,1.0,1,1.0,1,0.1870692167394826,57
3253,1,5012,2658,2354,0,0,0,1.0,1,1.0,1,1.0,1,0.185870431539661,56
3254,1,5013,2658,2355,0,0,0,1.0,1,1.0,1,1.0,1,0.15278777454307696,57
3255,2,5015,2659,2356,0,0,0,1.0,1,1.0,1,1.0,1,0.15533127792076434,57
3256,2,5017,2659,2358,0,0,0,1.0,1,1.0,1,1.0,1,0.12791129829177167,57
3257,0,5017,2659,2358,0,0,0,1.0,1,1.0,1,1.0,1,0.12791129829177167,57
3258,4,5021,2661,2360,0,0,0,1.0,1,1.0,1,1.0,1,0.06588963822292686,58
3259,0,5021,2661,2360,0,0,0,1.0,1,1.0,1,1.0,1,0.06208975937813785,59
3260,3,5024,2664,2360,0,0,0,1.0,1,1.0,1,1.0,1,0.04899555490074357,60
3261,4,5028,2668,2360,0,0,0,1.0,1,1.0,1,1.0,1,0.08054943051234185,60
3262,6,5034,2673,2361,0,0,0,1.0,1,1.0,1,1.0,1,0.06376885810483264,61
3263,3,5037,2676,2361,0,0,0,1.0,1,1.0,1,1.0,1,0.06020592373920495,62
3264,2,5039,2678,2361,0,0,0,1.0,1,1.0,1,1.0,1,0.07547617183179355,60
3265,3,5042,2681,2361,0,0,0,1.0,1,1.0,1,1.0,1,0.08119675479790703,58
3266,3,5045,2684,2361,0,0,0,1.0,1,1.0,1,1.0,1,0.1024085218087952,59
3267,3,5048,2686,2362,0,0,0,1.0,1,1.0,1,1.0,1,0.14392836489983968,60
3268,2,5050,2687,2363,0,0,0,1.0,1,1.0,1,1.0,1,0.17337306360723212,58
3269,3,5053,2690,2363,0,0,0,1.0,1,1.0,1,1.0,1,0.08968436816529837,57
3270,2,5055,2691,2364,0,0,0,1.0,1,1.0,1,1.0,1,0.07140036461899606,56
3271,2,5057,2692,2365,0,0,0,1.0,1,1.0,1,1.0,1,0.07846810713477155,55
3272,3,5060,2693,2367,0,0,0,1.0,1,1.0,1,1.0,1,0.05696972709262217,55
3273,1,5061,2693,2368,0,0,0,1.0,1,1.0,1,1.0,1,0.03683781985665829,55
3274,0,5061,2693,2368,0,0,0,1.0,1,1.0,1,1.0,1,0.07256584918303541,55
3275,0,5061,2693,2368,0,0,0,1.0,1,1.0,1,1.0,1,0.07256584918303541,55
3276,2,5063,2693,2370,0,0,0,1.0,1,1.0,1,1.0,1,0.07147398920775495,55
3277,1,5064,2694,2370,0,0,0,1.0,1,1.0,1,1.0,1,0.050911858468919685,57
3278,1,5065,2695,2370,0,0,0,1.0,1,1.0,1,1.0,1,0.04081024759671806,56
3279,1,5066,2696,2370,0,0,0,1.0,1,1.0,1,1.0,1,0.03679818258829874,54
3280,0,5066,2696,2370,0,0,0,1.0,1,1.0,1,1.0,1,0.05283153452931304,53
3281,2,5068,2698,2370,0,0,0,1.0,1,1.0,1,1.0,1,0.09212840349100512,52
3282,0,5068,2698,2370,0,0,0,1.0,1,1.0,1,1.0,1,0.09211241994217557,50
3283,3,5071,2701,2370,0,0,0,1.0,1,1.0,1,1.0,1,0.10319646488538413,50
3284,4,5075,2705,2370,0,0,0,1.0,1,1.0,1,1.0,1,0.1191999460868515,47
3285,0,5075,2705,2370,0,0,0,1.0,1,1.0,1,1.0,1,0.1009620612796837,48
3286,5,5080,2710,2370,0,0,0,1.0,1,1.0,1,1.0,1,0.10018148728943099,46
3287,4,5084,2712,2372,0,0,0,1.0,1,1.0,1,1.0,1,0.12855222680504327,46
3288,3,5087,2715,2372,0,0,0,1.0,1,1.0,1,1.0,1,0.19280941378321856,46
3289,4,5091,2717,2374,0,0,0,1.0,1,1.0,1,1.0,1,0.17241252270679175,48
3290,2,5093,2719,2374,0,0,0,1.0,1,1.0,1,1.0,1,0.20595520452416038,48
3291,4,5097,2722,2375,0,0,0,1.0,1,1.0,1,1.0,1,0.1396008114709191,50
3292,1,5098,2723,2375,0,0,0,1.0,1,1.0,1,1.0,1,0.17445952196211792,50
3293,1,5099,2724,2375,0,0,0,1.0,1,1.0,1,1.0,1,0.13214174445973162,51
3294,2,5101,2726,2375,0,0,0,1.0,1,1.0,1,1.0,1,0.14452071995397922,50
3295,3,5104,2729,2375,0,0,0,1.0,1,1.0,1,1.0,1,0.1556854962423828,50
3296,1,5105,2730,2375,0,0,0,1.0,1,1.0,1,1.0,1,0.14416176661709085,50
3297,4,5109,2733,2376,0,0,0,1.0,1,1.0,1,1.0,1,0.12136058661106494,51
3298,2,5111,2734,2377,0,0,0,1.0,1,1.0,1,1.0,1,0.11144320490370627,52
3299,4,5115,2736,2379,0,0,0,1.0,1,1.0,1,1.0,1,0.10856899242509326,53
3300,2,5117,2736,2381,0,0,0,1.0,1,1.0,1,1.0,1,0.09538667069181066,53
3301,2,5119,2736,2383,0,0,0,1.0,1,1.0,1,1.0,1,0.0588656653051351,53
3302,1,5120,2737,2383,0,0,0,1.0,1,1.0,1,1.0,1,0.06588110268985001,53
3303,1,5121,2737,2384,0,0,0,1.0,1,1.0,1,1.0,1,0.054627101782141335,52
3304,0,5121,2737,2384,0,0,0,1.0,1,1.0,1,1.0,1,0.036598682205541855,52
3305,0,5121,2737,2384,0,0,0,1.0,1,1.0,1,1.0,1,0.06989396324012505,51
3306,0,5121,2737,2384,0,0,0,1.0,1,1.0,1,1.0,1,0.038624346926424954,51
3307,1,5122,2738,2384,0,0,0,1.0,1,1.0,1,1.0,1,0.0505267586098247,48
3308,1,5123,2739,2384,0,0,0,1.0,1,1.0,1,1.0,1,0.04506316965105909,48
3309,1,5124,2740,2384,0,0,0,1.0,1,1.0,1,1.0,1,0.06835917249271631,48
3310,1,5125,2741,2384,0,0,0,1.0,1,1.0,1,1.0,1,0.10708123472666953,47
3311,2,5127,2743,2384,0,0,0,1.0,1,1.0,1,1.0,1,0.13779927739402664,49
3312,2,5129,2744,2385,0,0,0,1.0,1,1.0,1,1.0,1,0.18446783532403188,48
3313,4,5133,2747,2386,0,0,0,1.0,1,1.0,1,1.0,1,0.22997977110586304,49
3314,1,5134,2748,2386,0,0,0,1.0,1,1.0,1,1.0,1,0.29242860621760636,47
3315,2,5136,2749,2387,0,0,0,1.0,1,1.0,1,1.0,1,0.32135772231572884,47
3316,0,5136,2749,2387,0,0,0,1.0,1,1.0,1,1.0,1,0.32135772231572884,47
3317,0,5136,2749,2387,0,0,0,1.0,1,1.0,1,1.0,1,0.27150558198202934,46
3318,0,5136,2749,2387,0,0,0,1.0,1,1.0,1,1.0,1,0.27341379946851685,45
3319,1,5137,2750,2387,0,0,0,1.0,1,1.0,1,1.0,1,0.2856101225969038,44
3320,3,5140,2753,2387,0,0,0,1.0,1,1.0,1,1.0,1,0.20778270926620795,43
3321,1,5141,2754,2387,0,0,0,1.0,1,1.0,1,1.0,1,0.2018171527573515,43
3322,4,5145,2758,2387,0,0,0,1.0,1,1.0,1,1.0,1,0.21535931255468843,40
3323,3,5148,2761,2387,0,0,0,1.0,1,1.0,1,1.0,1,0.21621086174174978,40
3324,2,5150,2763,2387,0,0,0,1.0,1,1.0,1,1.0,1,0.2261250127625149,40
3325,2,5152,2765,2387,0,0,0,1.0,1,1.0,1,1.0,1,0.25151317323927364,40
3326,6,5158,2767,2391,0,0,0,1.0,1,1.0,1,1.0,1,0.15338956771078055,41
3327,1,5159,2768,2391,0,0,0,1.0,1,1.0,1,1.0,1,0.15170488815115643,39
3328,2,5161,2770,2391,0,0,0,1.0,1,1.0,1,1.0,1,0.18366290569078816,41
3329,1,5162,2770,2392,0,0,0,1.0,1,1.0,1,1.0,1,0.1452365465456902,39
3330,2,5164,2771,2393,0,0,0,1.0,1,1.0,1,1.0,1,0.1375926810860333,40
3331,0,5164,2771,2393,0,0,0,1.0,1,1.0,1,1.0,1,0.12397560780989872,38
3332,2,5166,2772,2394,0,0,0,1.0,1,1.0,1,1.0,1,0.1322968937438692,38
3333,0,5166,2772,2394,0,0,0,1.0,1,1.0,1,1.0,1,0.1322968937438692,38
3334,1,5167,2772,2395,0,0,0,1.0,1,1.0,1,1.0,1,0.11946287262420305,40
3335,0,5167,2772,2395,0,0,0,1.0,1,1.0,1,1.0,1,0.11946287262420305,40
3336,0,5167,2772,2395,0,0,0,1.0,1,1.0,1,1.0,1,0.14737970803773776,39
3337,1,5168,2772,2396,0,0,0,1.0,1,1.0,1,1.0,1,0.1550306440147816,40
3338,3,5171,2775,2396,0,0,0,1.0,1,1.0,1,1.0,1,0.1485369744427648,41
3339,1,5172,2776,2396,0,0,0,1.0,1,1.0,1,1.0,1,0.1248954551385347,42
3340,3,5175,2778,2397,0,0,0,1.0,1,1.0,1,1.0,1,0.120578323853275,43
3341,1,5176,2778,2398,0,0,0,1.0,1,1.0,1,1.0,1,0.10640221844867255,43
3342,1,5177,2779,2398,0,0,0,1.0,1,1.0,1,1.0,1,0.1472886205314716,44
3343,0,5177,2779,2398,0,0,0,1.0,1,1.0,1,1.0,1,0.1472886205314716,44
3344,2,5179,2779,2400,0,0,0,1.0,1,1.0,1,1.0,1,0.15827592557565764,44
3345,0,5179,2779,2400,0,0,0,1.0,1,1.0,1,1.0,1,0.1729511639797218,43
3346,0,5179,2779,2400,0,0,0,1.0,1,1.0,1,1.0,1,0.19835127339620054,42
3347,1,5180,2779,2401,0,0,0,1.0,1,1.0,1,1.0,1,0.16423807800514506,44
3348,1,5181,2779,2402,0,0,0,1.0,1,1.0,1,1.0,1,0.15816681837463212,45
3349,0,5181,2779,2402,0,0,0,1.0,1,1.0,1,1.0,1,0.15816681837463212,45
3350,0,5181,2779,2402,0,0,0,1.0,1,1.0,1,1.0,1,0.1374113196156911,46
3351,1,5182,2779,2403,0,0,0,1.0,1,1.0,1,1.0,1,0.12157075354205668,47
3352,2,5184,2780,2404,0,0,0,1.0,1,1.0,1,1.0,1,0.13051865584482333,47
3353,1,5185,2780,2405,0,0,0,1.0,1,1.0,1,1.0,1,0.11690267518818187,48
3354,1,5186,2781,2405,0,0,0,1.0,1,1.0,1,1.0,1,0.14301438326054364,48
3355,2,5188,2782,2406,0,0,0,1.0,1,1.0,1,1.0,1,0.1375804461588543,48
3356,0,5188,2782,2406,0,0,0,1.0,1,1.0,1,1.0,1,0.11391490505070692,48
3357,1,5189,2783,2406,0,0,0,1.0,1,1.0,1,1.0,1,0.119680165808952,47
3358,1,5190,2784,2406,0,0,0,1.0,1,1.0,1,1.0,1,0.14123918792305526,46
3359,1,5191,2785,2406,0,0,0,1.0,1,1.0,1,1.0,1,0.15774556149555902,45
3360,2,5193,2787,2406,0,0,0,1.0,1,1.0,1,1.0,1,0.2090383863699962,44
3361,1,5194,2788,2406,0,0,0,1.0,1,1.0,1,1.0,1,0.2318488971705524,43
3362,1,5195,2789,2406,0,0,0,1.0,1,1.0,1,1.0,1,0.27251469050766064,42
3363,3,5198,2790,2408,0,0,0,1.0,1,1.0,1,1.0,1,0.2911277734349097,41
3364,0,5198,2790,2408,0,0,0,1.0,1,1.0,1,1.0,1,0.27640504348252465,41
3365,0,5198,2790,2408,0,0,0,1.0,1,1.0,1,1.0,1,0.2771158124693984,41
3366,0,5198,2790,2408,0,0,0,1.0,1,1.0,1,1.0,1,0.2644014971195106,40
3367,0,5198,2790,2408,0,0,0,1.0,1,1.0,1,1.0,1,0.24901716377253952,39
3368,3,5201,2793,2408,0,0,0,1.0,1,1.0,1,1.0,1,0.1865136237674207,39
3369,0,5201,2793,2408,0,0,0,1.0,1,1.0,1,1.0,1,0.17007754472262854,40
3370,2,5203,2795,2408,0,0,0,1.0,1,1.0,1,1.0,1,0.1281675732375078,41
3371,1,5204,2796,2408,0,0,0,1.0,1,1.0,1,1.0,1,0.1730944639687737,41
3372,2,5206,2798,2408,0,0,0,1.0,1,1.0,1,1.0,1,0.1689676027400192,40
3373,0,5206,2798,2408,0,0,0,1.0,1,1.0,1,1.0,1,0.17941786061032952,41
3374,0,5206,2798,2408,0,0,0,1.0,1,1.0,1,1.0,1,0.18075348894957582,42
3375,0,5206,2798,2408,0,0,0,1.0,1,1.0,1,1.0,1,0.17828435237118853,44
3376,6,5212,2798,2414,0,0,0,1.0,1,1.0,1,1.0,1,0.09373676187562646,46
3377,0,5212,2798,2414,0,0,0,1.0,1,1.0,1,1.0,1,0.11868585611084033,47
3378,2,5214,2799,2415,0,0,0,1.0,1,1.0,1,1.0,1,0.11386560662366836,48
3379,0,5214,2799,2415,0,0,0,1.0,1,1.0,1,1.0,1,0.11386560662366836,48
3380,0,5214,2799,2415,0,0,0,1.0,1,1.0,1,1.0,1,0.11386560662366836,48
3381,0,5214,2799,2415,0,0,0,1.0,1,1.0,1,1.0,1,0.11386560662366836,48
3382,2,5216,2799,2417,0,0,0,1.0,1,1.0,1,1.0,1,0.12002723577570899,49
3383,0,5216,2799,2417,0,0,0,1.0,1,1.0,1,1.0,1,0.12880107943044775,47
3384,3,5219,2801,2418,0,0,0,1.0,1,1.0,1,1.0,1,0.18049873800435037,48
3385,1,5220,2801,2419,0,0,0,1.0,1,1.0,1,1.0,1,0.19261481647506976,47
3386,2,5222,2802,2420,0,0,0,1.0,1,1.0,1,1.0,1,0.21921284981978542,49
3387,0,5222,2802,2420,0,0,0,1.0,1,1.0,1,1.0,1,0.22872880353017372,48
3388,3,5225,2803,2422,0,0,0,1.0,1,1.0,1,1.0,1,0.26367637459869175,48
3389,5,5230,2803,2427,0,0,0,1.0,1,1.0,1,1.0,1,0.24221610372081248,50
3390,2,5232,2803,2429,0,0,0,1.0,1,1.0,1,1.0,1,0.2217483156761489,51
3391,2,5234,2804,2430,0,0,0,1.0,1,1.0,1,1.0,1,0.24413800563023755,51
3392,1,5235,2804,2431,0,0,0,1.0,1,1.0,1,1.0,1,0.24072913177564526,52
3393,5,5240,2805,2435,0,0,0,1.0,1,1.0,1,1.0,1,0.20815844396581784,52
3394,2,5242,2805,2437,0,0,0,1.0,1,1.0,1,1.0,1,0.20815844396581784,52
3395,2,5244,2806,2438,0,0,0,1.0,1,1.0,1,1.0,1,0.17981996484466514,50
3396,2,5246,2807,2439,0,0,0,1.0,1,1.0,1,1.0,1,0.16526875885997983,49
3397,1,5247,2808,2439,0,0,0,1.0,1,1.0,1,1.0,1,0.15068058655178132,49
3398,0,5247,2808,2439,0,0,0,1.0,1,1.0,1,1.0,1,0.14171257057660658,48
3399,1,5248,2809,2439,0,0,0,1.0,1,1.0,1,1.0,1,0.145130281877449,49
3400,1,5249,2810,2439,0,0,0,1.0,1,1.0,1,1.0,1,0.13625619546540677,50
3401,2,5251,2810,2441,0,0,0,1.0,1,1.0,1,1.0,1,0.11522933262536189,51
3402,1,5252,2811,2441,0,0,0,1.0,1,1.0,1,1.0,1,0.12854840133462264,51
3403,3,5255,2813,2442,0,0,0,1.0,1,1.0,1,1.0,1,0.14583792511804033,51
3404,3,5258,2814,2444,0,0,0,1.0,1,1.0,1,1.0,1,0.12329023683804193,51
3405,1,5259,2815,2444,0,0,0,1.0,1,1.0,1,1.0,1,0.14688838870812243,51
3406,0,5259,2815,2444,0,0,0,1.0,1,1.0,1,1.0,1,0.16049676941836935,51
3407,3,5262,2817,2445,0,0,0,1.0,1,1.0,1,1.0,1,0.15188358449605574,52
3408,0,5262,2817,2445,0,0,0,1.0,1,1.0,1,1.0,1,0.1625356526917687,53
3409,1,5263,2818,2445,0,0,0,1.0,1,1.0,1,1.0,1,0.15127594809507205,54
3410,2,5265,2819,2446,0,0,0,1.0,1,1.0,1,1.0,1,0.1470740429588357,54
3411,1,5266,2820,2446,0,0,0,1.0,1,1.0,1,1.0,1,0.14972242620531304,54
3412,1,5267,2821,2446,0,0,0,1.0,1,1.0,1,1.0,1,0.18497251378809096,55
3413,0,5267,2821,2446,0,0,0,1.0,1,1.0,1,1.0,1,0.18497251378809096,55
3414,0,5267,2821,2446,0,0,0,1.0,1,1.0,1,1.0,1,0.18114015291947905,55
3415,2,5269,2823,2446,0,0,0,1.0,1,1.0,1,1.0,1,0.20258736387790172,56
3416,1,5270,2823,2447,0,0,0,1.0,1,1.0,1,1.0,1,0.19672096924769122,55
3417,2,5272,2823,2449,0,0,0,1.0,1,1.0,1,1.0,1,0.1786614877139099,56
3418,1,5273,2824,2449,0,0,0,1.0,1,1.0,1,1.0,1,0.20603130523874885,55
3419,2,5275,2824,2451,0,0,0,1.0,1,1.0,1,1.0,1,0.20130543449913232,56
3420,0,5275,2824,2451,0,0,0,1.0,1,1.0,1,1.0,1,0.223108445277953,55
3421,1,5276,2824,2452,0,0,0,1.0,1,1.0,1,1.0,1,0.2181446095133342,57
3422,3,5279,2827,2452,0,0,0,1.0,1,1.0,1,1.0,1,0.20376710204694248,56
3423,2,5281,2829,2452,0,0,0,1.0,1,1.0,1,1.0,1,0.18859660008355558,56
3424,2,5283,2831,2452,0,0,0,1.0,1,1.0,1,1.0,1,0.18524820821517488,56
3425,0,5283,2831,2452,0,0,0,1.0,1,1.0,1,1.0,1,0.18524820821517488,56
3426,5,5288,2831,2457,0,0,0,1.0,1,1.0,1,1.0,1,0.13924932125407383,55
3427,2,5290,2831,2459,0,0,0,1.0,1,1.0,1,1.0,1,0.14026545726671683,55
3428,0,5290,2831,2459,0,0,0,1.0,1,1.0,1,1.0,1,0.1438307071459022,55
3429,1,5291,2832,2459,0,0,0,1.0,1,1.0,1,1.0,1,0.18522479220048535,54
3430,1,5292,2832,2460,0,0,0,1.0,1,1.0,1,1.0,1,0.16455047497071262,56
3431,1,5293,2833,2460,0,0,0,1.0,1,1.0,1,1.0,1,0.16229965187028003,54
3432,1,5294,2834,2460,0,0,0,1.0,1,1.0,1,1.0,1,0.18545415534201753,56
3433,2,5296,2835,2461,0,0,0,1.0,1,1.0,1,1.0,1,0.18307644589729533,53
3434,3,5299,2838,2461,0,0,0,1.0,1,1.0,1,1.0,1,0.18322510402407766,51
3435,2,5301,2840,2461,0,0,0,1.0,1,1.0,1,1.0,1,0.20643820368561408,51
3436,2,5303,2842,2461,0,0,0,1.0,1,1.0,1,1.0,1,0.1770337112575612,51
3437,1,5304,2843,2461,0,0,0,1.0,1,1.0,1,1.0,1,0.19413304523190006,53
3438,0,5304,2843,2461,0,0,0,1.0,1,1.0,1,1.0,1,0.1492280218919189,52
3439,2,5306,2845,2461,0,0,0,1.0,1,1.0,1,1.0,1,0.1647653156497179,54
3440,2,5308,2845,2463,0,0,0,1.0,1,1.0,1,1.0,1,0.13726943775215336,52
3441,0,5308,2845,2463,0,0,0,1.0,1,1.0,1,1.0,1,0.14895878650144365,53
3442,2,5310,2846,2464,0,0,0,1.0,1,1.0,1,1.0,1,0.11103359426186613,53
3443,0,5310,2846,2464,0,0,0,1.0,1,1.0,1,1.0,1,0.11730548469420647,53
3444,1,5311,2847,2464,0,0,0,1.0,1,1.0,1,1.0,1,0.11465584300952676,52
3445,3,5314,2849,2465,0,0,0,1.0,1,1.0,1,1.0,1,0.13220631022258988,53
3446,3,5317,2850,2467,0,0,0,1.0,1,1.0,1,1.0,1,0.16183280392633123,53
3447,1,5318,2851,2467,0,0,0,1.0,1,1.0,1,1.0,1,0.1513142654751989,53
3448,3,5321,2854,2467,0,0,0,1.0,1,1.0,1,1.0,1,0.21419909697410733,52
3449,2,5323,2856,2467,0,0,0,1.0,1,1.0,1,1.0,1,0.197419594833845,52
3450,2,5325,2858,2467,0,0,0,1.0,1,1.0,1,1.0,1,0.20619738929232964,52
3451,8,5333,2861,2472,0,0,0,1.0,1,1.0,1,1.0,1,0.16722399343720468,54
3452,1,5334,2862,2472,0,0,0,1.0,1,1.0,1,1.0,1,0.15834214367963445,54
3453,1,5335,2863,2472,0,0,0,1.0,1,1.0,1,1.0,1,0.15957169915232744,54
3454,0,5335,2863,2472,0,0,0,1.0,1,1.0,1,1.0,1,0.15263936787074295,57
3455,0,5335,2863,2472,0,0,0,1.0,1,1.0,1,1.0,1,0.15263936787074295,57
3456,2,5337,2863,2474,0,0,0,1.0,1,1.0,1,1.0,1,0.13501097750919913,58
3457,0,5337,2863,2474,0,0,0,1.0,1,1.0,1,1.0,1,0.1527024582452731,57
3458,0,5337,2863,2474,0,0,0,1.0,1,1.0,1,1.0,1,0.15305631692373253,57
3459,0,5337,2863,2474,0,0,0,1.0,1,1.0,1,1.0,1,0.15305631692373253,57
3460,1,5338,2863,2475,0,0,0,1.0,1,1.0,1,1.0,1,0.13252634323783544,58
3461,1,5339,2864,2475,0,0,0,1.0,1,1.0,1,1.0,1,0.1439132645090935,59
3462,2,5341,2865,2476,0,0,0,1.0,1,1.0,1,1.0,1,0.1283406770487348,59
3463,0,5341,2865,2476,0,0,0,1.0,1,1.0,1,1.0,1,0.1283406770487348,59
3464,1,5342,2865,2477,0,0,0,1.0,1,1.0,1,1.0,1,0.13872149492088867,59
3465,2,5344,2867,2477,0,0,0,1.0,1,1.0,1,1.0,1,0.16093305210883918,57
3466,2,5346,2869,2477,0,0,0,1.0,1,1.0,1,1.0,1,0.11234495130406619,57
3467,2,5348,2871,2477,0,0,0,1.0,1,1.0,1,1.0,1,0.17166574191510156,57
3468,2,5350,2872,2478,0,0,0,1.0,1,1.0,1,1.0,1,0.16997495798492884,57
3469,4,5354,2876,2478,0,0,0,1.0,1,1.0,1,1.0,1,0.16499544389881507,53
3470,2,5356,2878,2478,0,0,0,1.0,1,1.0,1,1.0,1,0.16301694161845956,50
3471,3,5359,2881,2478,0,0,0,1.0,1,1.0,1,1.0,1,0.18363456176771092,49
3472,1,5360,2882,2478,0,0,0,1.0,1,1.0,1,1.0,1,0.17849793649742676,47
3473,3,5363,2885,2478,0,0,0,1.0,1,1.0,1,1.0,1,0.2201381430331124,45
3474,1,5364,2886,2478,0,0,0,1.0,1,1.0,1,1.0,1,0.22698940412828447,42
3475,2,5366,2888,2478,0,0,0,1.0,1,1.0,1,1.0,1,0.2968790642646221,43
3476,7,5373,2891,2482,0,0,0,1.0,1,1.0,1,1.0,1,0.25273399037384275,41
3477,6,5379,2894,2485,0,0,0,1.0,1,1.0,1,1.0,1,0.159262635318366,42
3478,4,5383,2896,2487,0,0,0,1.0,1,1.0,1,1.0,1,0.16538138870434144,40
3479,0,5383,2896,2487,0,0,0,1.0,1,1.0,1,1.0,1,0.13360113244381092,40
3480,1,5384,2897,2487,0,0,0,1.0,1,1.0,1,1.0,1,0.1372490782397185,40
3481,0,5384,2897,2487,0,0,0,1.0,1,1.0,1,1.0,1,0.14465907029607925,40
3482,0,5384,2897,2487,0,0,0,1.0,1,1.0,1,1.0,1,0.14465907029607925,40
3483,2,5386,2899,2487,0,0,0,1.0,1,1.0,1,1.0,1,0.19435351689053035,39
3484,0,5386,2899,2487,0,0,0,1.0,1,1.0,1,1.0,1,0.19435351689053035,39
3485,2,5388,2901,2487,0,0,0,1.0,1,1.0,1,1.0,1,0.2841271983589031,40
3486,3,5391,2901,2490,0,0,0,1.0,1,1.0,1,1.0,1,0.2440990052530112,41
3487,2,5393,2901,2492,0,0,0,1.0,1,1.0,1,1.0,1,0.23707902694181593,41
3488,0,5393,2901,2492,0,0,0,1.0,1,1.0,1,1.0,1,0.22197525218841443,42
3489,4,5397,2903,2494,0,0,0,1.0,1,1.0,1,1.0,1,0.17413841707122513,44
3490,0,5397,2903,2494,0,0,0,1.0,1,1.0,1,1.0,1,0.17413841707122513,44
3491,2,5399,2903,2496,0,0,0,1.0,1,1.0,1,1.0,1,0.17461060488166424,45
3492,1,5400,2904,2496,0,0,0,1.0,1,1.0,1,1.0,1,0.16689517497785708,45
3493,1,5401,2904,2497,0,0,0,1.0,1,1.0,1,1.0,1,0.19288393536283366,45
3494,3,5404,2905,2499,0,0,0,1.0,1,1.0,1,1.0,1,0.17040101071087552,45
3495,1,5405,2905,2500,0,0,0,1.0,1,1.0,1,1.0,1,0.18495848588014122,45
3496,1,5406,2905,2501,0,0,0,1.0,1,1.0,1,1.0,1,0.20046051948174987,46
3497,1,5407,2906,2501,0,0,0,1.0,1,1.0,1,1.0,1,0.17711288212206977,47
3498,2,5409,2907,2502,0,0,0,1.0,1,1.0,1,1.0,1,0.2127879218544893,48
3499,1,5410,2908,2502,0,0,0,1.0,1,1.0,1,1.0,1,0.21883732298996098,47
3500,0,5410,2908,2502,0,0,0,1.0,1,1.0,1,1.0,1,0.21621155717777876,50
3501,4,5414,2908,2506,0,0,0,1.0,1,1.0,1,1.0,1,0.168373052685146,50
3502,0,5414,2908,2506,0,0,0,1.0,1,1.0,1,1.0,1,0.168373052685146,50
3503,0,5414,2908,2506,0,0,0,1.0,1,1.0,1,1.0,1,0.168373052685146,50
3504,2,5416,2910,2506,0,0,0,1.0,1,1.0,1,1.0,1,0.2252158625520342,47
3505,1,5417,2910,2507,0,0,0,1.0,1,1.0,1,1.0,1,0.22840463379811668,48
3506,0,5417,2910,2507,0,0,0,1.0,1,1.0,1,1.0,1,0.23331172962334465,49
3507,0,5417,2910,2507,0,0,0,1.0,1,1.0,1,1.0,1,0.22367972300800626,46
3508,2,5419,2912,2507,0,0,0,1.0,1,1.0,1,1.0,1,0.28973181168004064,47
3509,0,5419,2912,2507,0,0,0,1.0,1,1.0,1,1.0,1,0.2665679650322402,44
3510,1,5420,2913,2507,0,0,0,1.0,1,1.0,1,1.0,1,0.29898266420552516,45
3511,1,5421,2914,2507,0,0,0,1.0,1,1.0,1,1.0,1,0.2742500859787549,44
3512,0,5421,2914,2507,0,0,0,1.0,1,1.0,1,1.0,1,0.25473976551889527,42
3513,0,5421,2914,2507,0,0,0,1.0,1,1.0,1,1.0,1,0.25473976551889527,42
3514,0,5421,2914,2507,0,0,0,1.0,1,1.0,1,1.0,1,0.23942957067586076,42
3515,2,5423,2914,2509,0,0,0,1.0,1,1.0,1,1.0,1,0.2081104987999975,42
3516,0,5423,2914,2509,0,0,0,1.0,1,1.0,1,1.0,1,0.2111710990165572,41
3517,1,5424,2914,2510,0,0,0,1.0,1,1.0,1,1.0,1,0.2015825243705552,44
3518,0,5424,2914,2510,0,0,0,1.0,1,1.0,1,1.0,1,0.20764593288885397,43
3519,0,5424,2914,2510,0,0,0,1.0,1,1.0,1,1.0,1,0.20166756061102617,44
3520,0,5424,2914,2510,0,0,0,1.0,1,1.0,1,1.0,1,0.21476040170878927,45
3521,0,5424,2914,2510,0,0,0,1.0,1,1.0,1,1.0,1,0.21476040170878927,45
3522,0,5424,2914,2510,0,0,0,1.0,1,1.0,1,1.0,1,0.21054244941455066,46
3523,0,5424,2914,2510,0,0,0,1.0,1,1.0,1,1.0,1,0.21054244941455066,46
3524,0,5424,2914,2510,0,0,0,1.0,1,1.0,1,1.0,1,0.18767003917267902,47
3525,1,5425,2914,2511,0,0,0,1.0,1,1.0,1,1.0,1,0.19622686863746094,48
3526,2,5427,2914,2513,0,0,0,1.0,1,1.0,1,1.0,1,0.15383197470024543,49
3527,4,5431,2916,2515,0,0,0,1.0,1,1.0,1,1.0,1,0.18960603546129684,49
3528,3,5434,2916,2518,0,0,0,1.0,1,1.0,1,1.0,1,0.19108065239644237,51
3529,0,5434,2916,2518,0,0,0,1.0,1,1.0,1,1.0,1,0.19108065239644237,51
3530,1,5435,2916,2519,0,0,0,1.0,1,1.0,1,1.0,1,0.18454325987410422,52
3531,0,5435,2916,2519,0,0,0,1.0,1,1.0,1,1.0,1,0.18454325987410422,52
3532,0,5435,2916,2519,0,0,0,1.0,1,1.0,1,1.0,1,0.18454325987410422,52
3533,0,5435,2916,2519,0,0,0,1.0,1,1.0,1,1.0,1,0.18454325987410422,52
3534,0,5435,2916,2519,0,0,0,1.0,1,1.0,1,1.0,1,0.18454325987410422,52
3535,0,5435,2916,2519,0,0,0,1.0,1,1.0,1,1.0,1,0.18454325987410422,52
3536,0,5435,2916,2519,0,0,0,1.0,1,1.0,1,1.0,1,0.18886734191207738,54
3537,0,5435,2916,2519,0,0,0,1.0,1,1.0,1,1.0,1,0.18806142240380272,55
3538,0,5435,2916,2519,0,0,0,1.0,1,1.0,1,1.0,1,0.18806142240380272,55
3539,3,5438,2916,2522,0,0,0,1.0,1,1.0,1,1.0,1,0.150055431735846,58
3540,3,5441,2919,2522,0,0,0,1.0,1,1.0,1,1.0,1,0.18075397988168482,59
3541,1,5442,2919,2523,0,0,0,1.0,1,1.0,1,1.0,1,0.1722625118640361,59
3542,3,5445,2921,2524,0,0,0,1.0,1,1.0,1,1.0,1,0.18167065111839995,61
3543,2,5447,2921,2526,0,0,0,1.0,1,1.0,1,1.0,1,0.17864752005279808,62
3544,2,5449,2923,2526,0,0,0,1.0,1,1.0,1,1.0,1,0.1859138153748553,59
3545,1,5450,2924,2526,0,0,0,1.0,1,1.0,1,1.0,1,0.2025765496259086,59
3546,0,5450,2924,2526,0,0,0,1.0,1,1.0,1,1.0,1,0.19331672350816392,57
3547,2,5452,2926,2526,0,0,0,1.0,1,1.0,1,1.0,1,0.20082939147854872,53
3548,0,5452,2926,2526,0,0,0,1.0,1,1.0,1,1.0,1,0.20082939147854872,53
3549,0,5452,2926,2526,0,0,0,1.0,1,1.0,1,1.0,1,0.18770485358820596,52
3550,0,5452,2926,2526,0,0,0,1.0,1,1.0,1,1.0,1,0.20106975988616926,51
3551,5,5457,2926,2531,0,0,0,1.0,1,1.0,1,1.0,1,0.1464849299169244,51
3552,2,5459,2926,2533,0,0,0,1.0,1,1.0,1,1.0,1,0.12062936367333538,51
3553,1,5460,2926,2534,0,0,0,1.0,1,1.0,1,1.0,1,0.1222797868587233,49
3554,2,5462,2926,2536,0,0,0,1.0,1,1.0,1,1.0,1,0.08605206544470229,49
3555,3,5465,2926,2539,0,0,0,1.0,1,1.0,1,1.0,1,0.08899359016618773,51
3556,2,5467,2926,2541,0,0,0,1.0,1,1.0,1,1.0,1,0.07628146118676689,51
3557,1,5468,2926,2542,0,0,0,1.0,1,1.0,1,1.0,1,0.09212887277022845,52
3558,2,5470,2927,2543,0,0,0,1.0,1,1.0,1,1.0,1,0.10295346493807905,52
3559,0,5470,2927,2543,0,0,0,1.0,1,1.0,1,1.0,1,0.10295346493807905,52
3560,1,5471,2928,2543,0,0,0,1.0,1,1.0,1,1.0,1,0.08118542780372218,53
3561,3,5474,2929,2545,0,0,0,1.0,1,1.0,1,1.0,1,0.09525479372373238,54
3562,3,5477,2931,2546,0,0,0,1.0,1,1.0,1,1.0,1,0.10788491313555239,54
3563,3,5480,2932,2548,0,0,0,1.0,1,1.0,1,1.0,1,0.13234557261693705,55
3564,4,5484,2932,2552,0,0,0,1.0,1,1.0,1,1.0,1,0.11140194291608625,57
3565,2,5486,2932,2554,0,0,0,1.0,1,1.0,1,1.0,1,0.11511325923872197,56
3566,3,5489,2932,2557,0,0,0,1.0,1,1.0,1,1.0,1,0.13501676224183565,57
3567,1,5490,2932,2558,0,0,0,1.0,1,1.0,1,1.0,1,0.12556363289724168,57
3568,2,5492,2932,2560,0,0,0,1.0,1,1.0,1,1.0,1,0.13501676224183565,57
3569,2,5494,2932,2562,0,0,0,1.0,1,1.0,1,1.0,1,0.11415081296868791,57
3570,5,5499,2934,2565,0,0,0,1.0,1,1.0,1,1.0,1,0.16922993337578418,59
3571,4,5503,2934,2569,0,0,0,1.0,1,1.0,1,1.0,1,0.1496869809639541,60
3572,3,5506,2934,2572,0,0,0,1.0,1,1.0,1,1.0,1,0.16917270748612875,61
3573,3,5509,2934,2575,0,0,0,1.0,1,1.0,1,1.0,1,0.16593252994728055,62
3574,1,5510,2934,2576,0,0,0,1.0,1,1.0,1,1.0,1,0.1485090824968811,63
3575,2,5512,2934,2578,0,0,0,1.0,1,1.0,1,1.0,1,0.16284033119701824,63
3576,3,5515,2934,2581,0,0,0,1.0,1,1.0,1,1.0,1,0.1289747513746628,63
3577,0,5515,2934,2581,0,0,0,1.0,1,1.0,1,1.0,1,0.12108244094895168,64
3578,0,5515,2934,2581,0,0,0,1.0,1,1.0,1,1.0,1,0.1102026819717042,64
3579,0,5515,2934,2581,0,0,0,1.0,1,1.0,1,1.0,1,0.1102026819717042,64
3580,0,5515,2934,2581,0,0,0,1.0,1,1.0,1,1.0,1,0.12034513783960699,65
3581,1,5516,2935,2581,0,0,0,1.0,1,1.0,1,1.0,1,0.1289692961154582,68
3582,0,5516,2935,2581,0,0,0,1.0,1,1.0,1,1.0,1,0.14556184749997625,68
3583,5,5521,2939,2582,0,0,0,1.0,1,1.0,1,1.0,1,0.1733671469903772,65
3584,4,5525,2942,2583,0,0,0,1.0,1,1.0,1,1.0,1,0.19851504779484486,64
3585,2,5527,2944,2583,0,0,0,1.0,1,1.0,1,1.0,1,0.18566186028652915,64
3586,7,5534,2948,2586,0,0,0,1.0,1,1.0,1,1.0,1,0.17833654240153987,65
3587,1,5535,2949,2586,0,0,0,1.0,1,1.0,1,1.0,1,0.14794864716846143,64
3588,2,5537,2951,2586,0,0,0,1.0,1,1.0,1,1.0,1,0.1544411187581105,62
3589,4,5541,2954,2587,0,0,0,1.0,1,1.0,1,1.0,1,0.18257462850366016,63
3590,2,5543,2955,2588,0,0,0,1.0,1,1.0,1,1.0,1,0.18756287704532448,63
3591,1,5544,2956,2588,0,0,0,1.0,1,1.0,1,1.0,1,0.19351584165740113,62
3592,2,5546,2958,2588,0,0,0,1.0,1,1.0,1,1.0,1,0.18207289100496482,59
3593,0,5546,2958,2588,0,0,0,1.0,1,1.0,1,1.0,1,0.1719924813983438,58
3594,0,5546,2958,2588,0,0,0,1.0,1,1.0,1,1.0,1,0.19078234599483465,57
3595,0,5546,2958,2588,0,0,0,1.0,1,1.0,1,1.0,1,0.18788582720712274,59
3596,1,5547,2959,2588,0,0,0,1.0,1,1.0,1,1.0,1,0.17938999198396388,57
3597,0,5547,2959,2588,0,0,0,1.0,1,1.0,1,1.0,1,0.2038033747016084,57
3598,2,5549,2961,2588,0,0,0,1.0,1,1.0,1,1.0,1,0.21580761326084785,57
3599,0,5549,2961,2588,0,0,0,1.0,1,1.0,1,1.0,1,0.22395302885682572,58
3600,1,5550,2962,2588,0,0,0,1.0,1,1.0,1,1.0,1,0.22921712274314418,58
3601,8,5558,2964,2594,0,0,0,1.0,1,1.0,1,1.0,1,0.1686923646166622,58
3602,2,5560,2964,2596,0,0,0,1.0,1,1.0,1,1.0,1,0.13892908327849698,60
3603,1,5561,2965,2596,0,0,0,1.0,1,1.0,1,1.0,1,0.14844182056874655,60
3604,1,5562,2966,2596,0,0,0,1.0,1,1.0,1,1.0,1,0.1595391724475129,60
3605,3,5565,2967,2598,0,0,0,1.0,1,1.0,1,1.0,1,0.15186658563639086,61
3606,4,5569,2969,2600,0,0,0,1.0,1,1.0,1,1.0,1,0.13116014631864517,63
3607,0,5569,2969,2600,0,0,0,1.0,1,1.0,1,1.0,1,0.13116014631864517,63
3608,1,5570,2969,2601,0,0,0,1.0,1,1.0,1,1.0,1,0.12231837097035446,64
3609,1,5571,2969,2602,0,0,0,1.0,1,1.0,1,1.0,1,0.12479897925777843,66
3610,2,5573,2971,2602,0,0,0,1.0,1,1.0,1,1.0,1,0.14224561361980784,67
3611,3,5576,2973,2603,0,0,0,1.0,1,1.0,1,1.0,1,0.1576123262274164,67
3612,1,5577,2974,2603,0,0,0,1.0,1,1.0,1,1.0,1,0.17572099182041095,66
3613,2,5579,2974,2605,0,0,0,1.0,1,1.0,1,1.0,1,0.17572099182041095,66
3614,2,5581,2975,2606,0,0,0,1.0,1,1.0,1,1.0,1,0.1813306812040278,65
3615,0,5581,2975,2606,0,0,0,1.0,1,1.0,1,1.0,1,0.1664399817477847,65
3616,0,5581,2975,2606,0,0,0,1.0,1,1.0,1,1.0,1,0.1664399817477847,65
3617,4,5585,2975,2610,0,0,0,1.0,1,1.0,1,1.0,1,0.13554085971899943,66
3618,2,5587,2975,2612,0,0,0,1.0,1,1.0,1,1.0,1,0.1681610656699216,66
3619,5,5592,2976,2616,0,0,0,1.0,1,1.0,1,1.0,1,0.18272610332809305,65
3620,4,5596,2977,2619,0,0,0,1.0,1,1.0,1,1.0,1,0.20219851255421623,66
3621,6,5602,2980,2622,0,0,0,1.0,1,1.0,1,1.0,1,0.14600711564346872,65
3622,1,5603,2980,2623,0,0,0,1.0,1,1.0,1,1.0,1,0.1556318492077576,65
3623,1,5604,2981,2623,0,0,0,1.0,1,1.0,1,1.0,1,0.1710383725391366,62
3624,4,5608,2985,2623,0,0,0,1.0,1,1.0,1,1.0,1,0.18920816308303748,62
3625,4,5612,2988,2624,0,0,0,1.0,1,1.0,1,1.0,1,0.19880986098101378,61
3626,8,5620,2990,2630,0,0,0,1.0,1,1.0,1,1.0,1,0.10558643740115484,58
3627,2,5622,2991,2631,0,0,0,1.0,1,1.0,1,1.0,1,0.14259589602718212,58
3628,2,5624,2991,2633,0,0,0,1.0,1,1.0,1,1.0,1,0.09767869377411441,57
3629,2,5626,2992,2634,0,0,0,1.0,1,1.0,1,1.0,1,0.1207046946564412,57
3630,1,5627,2993,2634,0,0,0,1.0,1,1.0,1,1.0,1,0.07648105084391525,56
3631,1,5628,2994,2634,0,0,0,1.0,1,1.0,1,1.0,1,0.09459525070620305,54
3632,0,5628,2994,2634,0,0,0,1.0,1,1.0,1,1.0,1,0.10177754634519007,52
3633,1,5629,2995,2634,0,0,0,1.0,1,1.0,1,1.0,1,0.12802225940835502,52
3634,1,5630,2996,2634,0,0,0,1.0,1,1.0,1,1.0,1,0.13914757216944804,49
3635,1,5631,2997,2634,0,0,0,1.0,1,1.0,1,1.0,1,0.1922711684758229,47
3636,0,5631,2997,2634,0,0,0,1.0,1,1.0,1,1.0,1,0.21209597458372617,48
3637,4,5635,3000,2635,0,0,0,1.0,1,1.0,1,1.0,1,0.26287398122497474,49
3638,1,5636,3000,2636,0,0,0,1.0,1,1.0,1,1.0,1,0.2552373641705195,50
3639,3,5639,3002,2637,0,0,0,1.0,1,1.0,1,1.0,1,0.25763266509188587,52
3640,1,5640,3003,2637,0,0,0,1.0,1,1.0,1,1.0,1,0.2820306948646923,52
3641,1,5641,3004,2637,0,0,0,1.0,1,1.0,1,1.0,1,0.28806876607682486,52
3642,2,5643,3004,2639,0,0,0,1.0,1,1.0,1,1.0,1,0.2686210341029924,52
3643,0,5643,3004,2639,0,0,0,1.0,1,1.0,1,1.0,1,0.2686210341029924,52
3644,0,5643,3004,2639,0,0,0,1.0,1,1.0,1,1.0,1,0.2686210341029924,52
3645,2,5645,3005,2640,0,0,0,1.0,1,1.0,1,1.0,1,0.25045033120920696,53
3646,0,5645,3005,2640,0,0,0,1.0,1,1.0,1,1.0,1,0.25045033120920696,53
3647,0,5645,3005,2640,0,0,0,1.0,1,1.0,1,1.0,1,0.24776727701443352,55
3648,1,5646,3005,2641,0,0,0,1.0,1,1.0,1,1.0,1,0.2382175050190028,57
3649,1,5647,3006,2641,0,0,0,1.0,1,1.0,1,1.0,1,0.22774751267421584,57
3650,1,5648,3006,2642,0,0,0,1.0,1,1.0,1,1.0,1,0.21863431948396223,59
3651,6,5654,3006,2648,0,0,0,1.0,1,1.0,1,1.0,1,0.1348655464059165,59
3652,0,5654,3006,2648,0,0,0,1.0,1,1.0,1,1.0,1,0.1348655464059165,59
3653,0,5654,3006,2648,0,0,0,1.0,1,1.0,1,1.0,1,0.1348655464059165,59
3654,0,5654,3006,2648,0,0,0,1.0,1,1.0,1,1.0,1,0.1348655464059165,59
3655,1,5655,3006,2649,0,0,0,1.0,1,1.0,1,1.0,1,0.11956282200021467,62
3656,0,5655,3006,2649,0,0,0,1.0,1,1.0,1,1.0,1,0.11956282200021467,62
3657,1,5656,3006,2650,0,0,0,1.0,1,1.0,1,1.0,1,0.12249208126577008,63
3658,1,5657,3007,2650,0,0,0,1.0,1,1.0,1,1.0,1,0.14789420911932408,63
3659,3,5660,3008,2652,0,0,0,1.0,1,1.0,1,1.0,1,0.160823341870264,62
3660,3,5663,3010,2653,0,0,0,1.0,1,1.0,1,1.0,1,0.18067867059435117,62
3661,2,5665,3011,2654,0,0,0,1.0,1,1.0,1,1.0,1,0.15758225848126345,61
3662,1,5666,3012,2654,0,0,0,1.0,1,1.0,1,1.0,1,0.1743109999717325,60
3663,4,5670,3015,2655,0,0,0,1.0,1,1.0,1,1.0,1,0.1661666385716571,61
3664,2,5672,3016,2656,0,0,0,1.0,1,1.0,1,1.0,1,0.17226541069902815,58
3665,3,5675,3019,2656,0,0,0,1.0,1,1.0,1,1.0,1,0.18818603670621772,58
3666,1,5676,3019,2657,0,0,0,1.0,1,1.0,1,1.0,1,0.17973132781025655,58
3667,2,5678,3021,2657,0,0,0,1.0,1,1.0,1,1.0,1,0.16429026250495138,58
3668,0,5678,3021,2657,0,0,0,1.0,1,1.0,1,1.0,1,0.1693657302079469,58
3669,1,5679,3022,2657,0,0,0,1.0,1,1.0,1,1.0,1,0.14765173676926016,57
3670,1,5680,3023,2657,0,0,0,1.0,1,1.0,1,1.0,1,0.18682317106931756,56
3671,1,5681,3024,2657,0,0,0,1.0,1,1.0,1,1.0,1,0.22216200563938593,57
3672,1,5682,3025,2657,0,0,0,1.0,1,1.0,1,1.0,1,0.2546433576720819,57
3673,1,5683,3025,2658,0,0,0,1.0,1,1.0,1,1.0,1,0.23212830175979893,58
3674,0,5683,3025,2658,0,0,0,1.0,1,1.0,1,1.0,1,0.2438531012341796,57
3675,1,5684,3025,2659,0,0,0,1.0,1,1.0,1,1.0,1,0.23475010277907998,58
3676,8,5692,3027,2665,0,0,0,1.0,1,1.0,1,1.0,1,0.19545646143951861,59
3677,1,5693,3027,2666,0,0,0,1.0,1,1.0,1,1.0,1,0.1792977217167354,60
3678,1,5694,3027,2667,0,0,0,1.0,1,1.0,1,1.0,1,0.19013280715050662,62
3679,0,5694,3027,2667,0,0,0,1.0,1,1.0,1,1.0,1,0.19013280715050662,62
3680,0,5694,3027,2667,0,0,0,1.0,1,1.0,1,1.0,1,0.17091432584451974,63
3681,0,5694,3027,2667,0,0,0,1.0,1,1.0,1,1.0,1,0.17905348420861392,64
3682,0,5694,3027,2667,0,0,0,1.0,1,1.0,1,1.0,1,0.17905348420861392,64
3683,0,5694,3027,2667,0,0,0,1.0,1,1.0,1,1.0,1,0.17905348420861392,64
3684,1,5695,3028,2667,0,0,0,1.0,1,1.0,1,1.0,1,0.19807436175589443,64
3685,1,5696,3028,2668,0,0,0,1.0,1,1.0,1,1.0,1,0.1914137538762967,64
3686,3,5699,3029,2670,0,0,0,1.0,1,1.0,1,1.0,1,0.19528088843474425,65
3687,1,5700,3029,2671,0,0,0,1.0,1,1.0,1,1.0,1,0.20140346093133724,65
3688,2,5702,3029,2673,0,0,0,1.0,1,1.0,1,1.0,1,0.21067729972902235,66
3689,1,5703,3029,2674,0,0,0,1.0,1,1.0,1,1.0,1,0.20465822724804542,66
3690,4,5707,3029,2678,0,0,0,1.0,1,1.0,1,1.0,1,0.1961651193731891,67
3691,3,5710,3029,2681,0,0,0,1.0,1,1.0,1,1.0,1,0.19165296454137765,68
3692,2,5712,3029,2683,0,0,0,1.0,1,1.0,1,1.0,1,0.1860349609535418,69
3693,3,5715,3029,2686,0,0,0,1.0,1,1.0,1,1.0,1,0.1775343080908379,69
3694,3,5718,3030,2688,0,0,0,1.0,1,1.0,1,1.0,1,0.20640794733318782,70
3695,3,5721,3030,2691,0,0,0,1.0,1,1.0,1,1.0,1,0.18812036509101146,70
3696,5,5726,3032,2694,0,0,0,1.0,1,1.0,1,1.0,1,0.19159225266146085,71
3697,4,5730,3034,2696,0,0,0,1.0,1,1.0,1,1.0,1,0.18676242900313222,70
3698,3,5733,3034,2699,0,0,0,1.0,1,1.0,1,1.0,1,0.18350397474730604,70
3699,3,5736,3035,2701,0,0,0,1.0,1,1.0,1,1.0,1,0.17270474559074653,70
3700,4,5740,3038,2702,0,0,0,1.0,1,1.0,1,1.0,1,0.1908286619122715,68
3701,1,5741,3039,2702,0,0,0,1.0,1,1.0,1,1.0,1,0.22287474519883987,69
3702,2,5743,3040,2703,0,0,0,1.0,1,1.0,1,1.0,1,0.22747526200786,69
3703,3,5746,3041,2705,0,0,0,1.0,1,1.0,1,1.0,1,0.24653243485861565,70
3704,3,5749,3043,2706,0,0,0,1.0,1,1.0,1,1.0,1,0.27591781066725096,69
3705,1,5750,3043,2707,0,0,0,1.0,1,1.0,1,1.0,1,0.24480534775241736,69
3706,4,5754,3046,2708,0,0,0,1.0,1,1.0,1,1.0,1,0.23363995532943968,69
3707,0,5754,3046,2708,0,0,0,1.0,1,1.0,1,1.0,1,0.21716463004564426,67
3708,1,5755,3047,2708,0,0,0,1.0,1,1.0,1,1.0,1,0.1958597004344488,67
3709,0,5755,3047,2708,0,0,0,1.0,1,1.0,1,1.0,1,0.1958597004344488,67
3710,2,5757,3049,2708,0,0,0,1.0,1,1.0,1,1.0,1,0.1878953029466473,67
3711,0,5757,3049,2708,0,0,0,1.0,1,1.0,1,1.0,1,0.19485563384783666,68
3712,1,5758,3050,2708,0,0,0,1.0,1,1.0,1,1.0,1,0.20260176824870915,68
3713,3,5761,3051,2710,0,0,0,1.0,1,1.0,1,1.0,1,0.17993027243443363,68
3714,0,5761,3051,2710,0,0,0,1.0,1,1.0,1,1.0,1,0.19661369765887632,67
3715,1,5762,3051,2711,0,0,0,1.0,1,1.0,1,1.0,1,0.18939381434616026,68
3716,1,5763,3051,2712,0,0,0,1.0,1,1.0,1,1.0,1,0.19313744483561668,67
3717,1,5764,3052,2712,0,0,0,1.0,1,1.0,1,1.0,1,0.22472021701838704,68
3718,1,5765,3052,2713,0,0,0,1.0,1,1.0,1,1.0,1,0.22671719281129377,68
3719,1,5766,3053,2713,0,0,0,1.0,1,1.0,1,1.0,1,0.2685483690802209,68
3720,0,5766,3053,2713,0,0,0,1.0,1,1.0,1,1.0,1,0.2685483690802209,68
3721,3,5769,3056,2713,0,0,0,1.0,1,1.0,1,1.0,1,0.223742791791651,70
3722,1,5770,3056,2714,0,0,0,1.0,1,1.0,1,1.0,1,0.22646561367314696,71
3723,3,5773,3057,2716,0,0,0,1.0,1,1.0,1,1.0,1,0.2066246903506133,71
3724,0,5773,3057,2716,0,0,0,1.0,1,1.0,1,1.0,1,0.2011871656296443,72
3725,3,5776,3060,2716,0,0,0,1.0,1,1.0,1,1.0,1,0.23610609543335975,72
3726,7,5783,3060,2723,0,0,0,1.0,1,1.0,1,1.0,1,0.18994663723223718,71
3727,2,5785,3061,2724,0,0,0,1.0,1,1.0,1,1.0,1,0.20664370715505015,71
3728,3,5788,3061,2727,0,0,0,1.0,1,1.0,1,1.0,1,0.19794083407322752,70
3729,0,5788,3061,2727,0,0,0,1.0,1,1.0,1,1.0,1,0.19794083407322752,70
3730,2,5790,3062,2728,0,0,0,1.0,1,1.0,1,1.0,1,0.2214526437900247,71
3731,0,5790,3062,2728,0,0,0,1.0,1,1.0,1,1.0,1,0.2214526437900247,71
3732,0,5790,3062,2728,0,0,0,1.0,1,1.0,1,1.0,1,0.2166668070052234,72
3733,1,5791,3063,2728,0,0,0,1.0,1,1.0,1,1.0,1,0.2309605860453475,73
3734,3,5794,3064,2730,0,0,0,1.0,1,1.0,1,1.0,1,0.24227613953967478,74
3735,2,5796,3065,2731,0,0,0,1.0,1,1.0,1,1.0,1,0.24155965420939818,72
3736,0,5796,3065,2731,0,0,0,1.0,1,1.0,1,1.0,1,0.21962433499292008,72
3737,2,5798,3065,2733,0,0,0,1.0,1,1.0,1,1.0,1,0.20058992421158364,73
3738,0,5798,3065,2733,0,0,0,1.0,1,1.0,1,1.0,1,0.1882188619310528,72
3739,0,5798,3065,2733,0,0,0,1.0,1,1.0,1,1.0,1,0.18235063647115737,73
3740,1,5799,3065,2734,0,0,0,1.0,1,1.0,1,1.0,1,0.17065723157762405,70
3741,0,5799,3065,2734,0,0,0,1.0,1,1.0,1,1.0,1,0.17065723157762405,70
3742,0,5799,3065,2734,0,0,0,1.0,1,1.0,1,1.0,1,0.17065723157762405,70
3743,0,5799,3065,2734,0,0,0,1.0,1,1.0,1,1.0,1,0.21010625714808118,69
3744,3,5802,3067,2735,0,0,0,1.0,1,1.0,1,1.0,1,0.24615431780525923,69
3745,0,5802,3067,2735,0,0,0,1.0,1,1.0,1,1.0,1,0.24363190989388,68
3746,0,5802,3067,2735,0,0,0,1.0,1,1.0,1,1.0,1,0.26651247183937943,66
3747,1,5803,3068,2735,0,0,0,1.0,1,1.0,1,1.0,1,0.2590301824544957,66
3748,1,5804,3069,2735,0,0,0,1.0,1,1.0,1,1.0,1,0.23760758580479874,65
3749,0,5804,3069,2735,0,0,0,1.0,1,1.0,1,1.0,1,0.24329073532862075,64
3750,3,5807,3071,2736,0,0,0,1.0,1,1.0,1,1.0,1,0.2476767862934707,63
3751,6,5813,3071,2742,0,0,0,1.0,1,1.0,1,1.0,1,0.18403533576313938,64
3752,2,5815,3072,2743,0,0,0,1.0,1,1.0,1,1.0,1,0.16692488460965108,64
3753,4,5819,3072,2747,0,0,0,1.0,1,1.0,1,1.0,1,0.1731171808283192,65
3754,2,5821,3073,2748,0,0,0,1.0,1,1.0,1,1.0,1,0.18590192862805943,65
3755,2,5823,3074,2749,0,0,0,1.0,1,1.0,1,1.0,1,0.21243602187444444,65
3756,1,5824,3074,2750,0,0,0,1.0,1,1.0,1,1.0,1,0.21189691289514725,65
3757,4,5828,3076,2752,0,0,0,1.0,1,1.0,1,1.0,1,0.2340452502100927,65
3758,0,5828,3076,2752,0,0,0,1.0,1,1.0,1,1.0,1,0.24333601055614373,64
3759,1,5829,3077,2752,0,0,0,1.0,1,1.0,1,1.0,1,0.26006284801789414,64
3760,2,5831,3079,2752,0,0,0,1.0,1,1.0,1,1.0,1,0.2718641856555318,63
3761,0,5831,3079,2752,0,0,0,1.0,1,1.0,1,1.0,1,0.2718641856555318,63
3762,2,5833,3080,2753,0,0,0,1.0,1,1.0,1,1.0,1,0.2529817234648684,65
3763,0,5833,3080,2753,0,0,0,1.0,1,1.0,1,1.0,1,0.2529817234648684,65
3764,2,5835,3081,2754,0,0,0,1.0,1,1.0,1,1.0,1,0.24841822258012253,66
3765,1,5836,3081,2755,0,0,0,1.0,1,1.0,1,1.0,1,0.24867932706994816,67
3766,2,5838,3082,2756,0,0,0,1.0,1,1.0,1,1.0,1,0.2447703404720865,67
3767,1,5839,3082,2757,0,0,0,1.0,1,1.0,1,1.0,1,0.225558802187223,68
3768,4,5843,3084,2759,0,0,0,1.0,1,1.0,1,1.0,1,0.27493134872541053,67
3769,0,5843,3084,2759,0,0,0,1.0,1,1.0,1,1.0,1,0.2538728918268126,69
3770,0,5843,3084,2759,0,0,0,1.0,1,1.0,1,1.0,1,0.2538728918268126,69
3771,1,5844,3085,2759,0,0,0,1.0,1,1.0,1,1.0,1,0.2842945524171601,69
3772,0,5844,3085,2759,0,0,0,1.0,1,1.0,1,1.0,1,0.28948438166352025,70
3773,1,5845,3086,2759,0,0,0,1.0,1,1.0,1,1.0,1,0.3136096609552052,68
3774,1,5846,3087,2759,0,0,0,1.0,1,1.0,1,1.0,1,0.3046453898049453,68
3775,2,5848,3089,2759,0,0,0,1.0,1,1.0,1,1.0,1,0.32565210240466025,68
3776,12,5860,3090,2770,0,0,0,1.0,1,1.0,1,1.0,1,0.23090802894637533,66
3777,1,5861,3090,2771,0,0,0,1.0,1,1.0,1,1.0,1,0.21576162716005048,65
3778,2,5863,3090,2773,0,0,0,1.0,1,1.0,1,1.0,1,0.19835764968863528,65
3779,3,5866,3091,2775,0,0,0,1.0,1,1.0,1,1.0,1,0.20906064019880297,65
3780,1,5867,3091,2776,0,0,0,1.0,1,1.0,1,1.0,1,0.20599861577796938,64
3781,1,5868,3091,2777,0,0,0,1.0,1,1.0,1,1.0,1,0.1982078971741398,64
3782,2,5870,3091,2779,0,0,0,1.0,1,1.0,1,1.0,1,0.20540539418412113,67
3783,1,5871,3091,2780,0,0,0,1.0,1,1.0,1,1.0,1,0.2107578132207799,65
3784,2,5873,3091,2782,0,0,0,1.0,1,1.0,1,1.0,1,0.2123586332001014,65
3785,1,5874,3092,2782,0,0,0,1.0,1,1.0,1,1.0,1,0.2447877047734267,63
3786,1,5875,3092,2783,0,0,0,1.0,1,1.0,1,1.0,1,0.22619607590693921,66
3787,3,5878,3094,2784,0,0,0,1.0,1,1.0,1,1.0,1,0.23297621404918106,65
3788,2,5880,3095,2785,0,0,0,1.0,1,1.0,1,1.0,1,0.23631291848534697,65
3789,2,5882,3096,2786,0,0,0,1.0,1,1.0,1,1.0,1,0.2517601256147875,65
3790,1,5883,3097,2786,0,0,0,1.0,1,1.0,1,1.0,1,0.2825785110264379,64
3791,1,5884,3097,2787,0,0,0,1.0,1,1.0,1,1.0,1,0.2742249987529571,64
3792,4,5888,3101,2787,0,0,0,1.0,1,1.0,1,1.0,1,0.28308649285595927,65
3793,2,5890,3102,2788,0,0,0,1.0,1,1.0,1,1.0,1,0.28562374379819744,68
3794,2,5892,3103,2789,0,0,0,1.0,1,1.0,1,1.0,1,0.2883660309167195,68
3795,1,5893,3103,2790,0,0,0,1.0,1,1.0,1,1.0,1,0.26830827638475435,69
3796,0,5893,3103,2790,0,0,0,1.0,1,1.0,1,1.0,1,0.26830827638475435,69
3797,1,5894,3104,2790,0,0,0,1.0,1,1.0,1,1.0,1,0.27339565069317884,70
3798,1,5895,3104,2791,0,0,0,1.0,1,1.0,1,1.0,1,0.2666798861985896,70
3799,0,5895,3104,2791,0,0,0,1.0,1,1.0,1,1.0,1,0.27824161458869817,69
3800,0,5895,3104,2791,0,0,0,1.0,1,1.0,1,1.0,1,0.27824161458869817,69
3801,12,5907,3104,2803,0,0,0,1.0,1,1.0,1,1.0,1,0.20406720433107975,67
3802,0,5907,3104,2803,0,0,0,1.0,1,1.0,1,1.0,1,0.20406720433107975,67
3803,1,5908,3104,2804,0,0,0,1.0,1,1.0,1,1.0,1,0.1975769492357218,69
3804,2,5910,3104,2806,0,0,0,1.0,1,1.0,1,1.0,1,0.18835854234350416,70
3805,2,5912,3104,2808,0,0,0,1.0,1,1.0,1,1.0,1,0.1824962664770821,71
3806,1,5913,3105,2808,0,0,0,1.0,1,1.0,1,1.0,1,0.17599100960964306,71
3807,0,5913,3105,2808,0,0,0,1.0,1,1.0,1,1.0,1,0.18204465435883724,72
3808,0,5913,3105,2808,0,0,0,1.0,1,1.0,1,1.0,1,0.18204465435883724,72
3809,1,5914,3106,2808,0,0,0,1.0,1,1.0,1,1.0,1,0.2079450778556871,72
3810,1,5915,3107,2808,0,0,0,1.0,1,1.0,1,1.0,1,0.22962220081227985,72
3811,2,5917,3108,2809,0,0,0,1.0,1,1.0,1,1.0,1,0.22307013860767838,71
3812,0,5917,3108,2809,0,0,0,1.0,1,1.0,1,1.0,1,0.23130537639899637,72
3813,2,5919,3109,2810,0,0,0,1.0,1,1.0,1,1.0,1,0.23037510817154652,71
3814,1,5920,3110,2810,0,0,0,1.0,1,1.0,1,1.0,1,0.2327441213359471,72
3815,0,5920,3110,2810,0,0,0,1.0,1,1.0,1,1.0,1,0.2126284988326501,71
3816,0,5920,3110,2810,0,0,0,1.0,1,1.0,1,1.0,1,0.1963733470176774,69
3817,2,5922,3111,2811,0,0,0,1.0,1,1.0,1,1.0,1,0.22827271296369597,72
3818,1,5923,3112,2811,0,0,0,1.0,1,1.0,1,1.0,1,0.22503626360757914,72
3819,1,5924,3113,2811,0,0,0,1.0,1,1.0,1,1.0,1,0.238395140951564,72
3820,2,5926,3114,2812,0,0,0,1.0,1,1.0,1,1.0,1,0.2317668621033942,72
3821,1,5927,3115,2812,0,0,0,1.0,1,1.0,1,1.0,1,0.25090832125078716,72
3822,0,5927,3115,2812,0,0,0,1.0,1,1.0,1,1.0,1,0.2513260168614072,69
3823,0,5927,3115,2812,0,0,0,1.0,1,1.0,1,1.0,1,0.2513260168614072,69
3824,0,5927,3115,2812,0,0,0,1.0,1,1.0,1,1.0,1,0.2815521461424654,65
3825,1,5928,3116,2812,0,0,0,1.0,1,1.0,1,1.0,1,0.28503228077634674,64
3826,7,5935,3118,2817,0,0,0,1.0,1,1.0,1,1.0,1,0.22855719039016345,65
3827,0,5935,3118,2817,0,0,0,1.0,1,1.0,1,1.0,1,0.2382085969488363,64
3828,2,5937,3119,2818,0,0,0,1.0,1,1.0,1,1.0,1,0.2082937849143913,65
3829,1,5938,3120,2818,0,0,0,1.0,1,1.0,1,1.0,1,0.2353549112701232,65
3830,0,5938,3120,2818,0,0,0,1.0,1,1.0,1,1.0,1,0.2427543667961885,64
3831,1,5939,3121,2818,0,0,0,1.0,1,1.0,1,1.0,1,0.24470305178898302,63
3832,2,5941,3122,2819,0,0,0,1.0,1,1.0,1,1.0,1,0.24365017977535997,64
3833,3,5944,3124,2820,0,0,0,1.0,1,1.0,1,1.0,1,0.23736480568877721,64
3834,1,5945,3124,2821,0,0,0,1.0,1,1.0,1,1.0,1,0.2326614454972777,63
3835,0,5945,3124,2821,0,0,0,1.0,1,1.0,1,1.0,1,0.23139708025991207,63
3836,2,5947,3126,2821,0,0,0,1.0,1,1.0,1,1.0,1,0.24683555630901755,63
3837,2,5949,3127,2822,0,0,0,1.0,1,1.0,1,1.0,1,0.25006298932185483,62
3838,5,5954,3129,2825,0,0,0,1.0,1,1.0,1,1.0,1,0.27834669426709446,62
3839,2,5956,3130,2826,0,0,0,1.0,1,1.0,1,1.0,1,0.2859046730277202,60
3840,1,5957,3130,2827,0,0,0,1.0,1,1.0,1,1.0,1,0.26507906410371584,62
3841,2,5959,3130,2829,0,0,0,1.0,1,1.0,1,1.0,1,0.2672330072911999,62
3842,2,5961,3130,2831,0,0,0,1.0,1,1.0,1,1.0,1,0.2202887827050899,63
3843,1,5962,3130,2832,0,0,0,1.0,1,1.0,1,1.0,1,0.20686367129899105,64
3844,2,5964,3130,2834,0,0,0,1.0,1,1.0,1,1.0,1,0.1853452643923615,65
3845,0,5964,3130,2834,0,0,0,1.0,1,1.0,1,1.0,1,0.18602732329726182,66
3846,1,5965,3130,2835,0,0,0,1.0,1,1.0,1,1.0,1,0.1848074108410606,67
3847,0,5965,3130,2835,0,0,0,1.0,1,1.0,1,1.0,1,0.1848074108410606,67
3848,2,5967,3132,2835,0,0,0,1.0,1,1.0,1,1.0,1,0.19895584736461322,67
3849,2,5969,3133,2836,0,0,0,1.0,1,1.0,1,1.0,1,0.18102648866663965,67
3850,3,5972,3135,2837,0,0,0,1.0,1,1.0,1,1.0,1,0.19611929784521845,68
3851,9,5981,3137,2844,0,0,0,1.0,1,1.0,1,1.0,1,0.08336007972100334,68
3852,0,5981,3137,2844,0,0,0,1.0,1,1.0,1,1.0,1,0.09366764046106185,70
3853,2,5983,3139,2844,0,0,0,1.0,1,1.0,1,1.0,1,0.13557271629012893,70
3854,3,5986,3141,2845,0,0,0,1.0,1,1.0,1,1.0,1,0.14385959738793064,70
3855,1,5987,3142,2845,0,0,0,1.0,1,1.0,1,1.0,1,0.15627003707641168,69
3856,2,5989,3143,2846,0,0,0,1.0,1,1.0,1,1.0,1,0.1699896182990614,70
3857,2,5991,3145,2846,0,0,0,1.0,1,1.0,1,1.0,1,0.1965082808399917,68
3858,1,5992,3146,2846,0,0,0,1.0,1,1.0,1,1.0,1,0.20315507330525903,67
3859,1,5993,3147,2846,0,0,0,1.0,1,1.0,1,1.0,1,0.17606074829464033,66
3860,3,5996,3147,2849,0,0,0,1.0,1,1.0,1,1.0,1,0.15909474218914652,66
3861,1,5997,3147,2850,0,0,0,1.0,1,1.0,1,1.0,1,0.1417729271714997,66
3862,2,5999,3147,2852,0,0,0,1.0,1,1.0,1,1.0,1,0.1417729271714997,66
3863,1,6000,3148,2852,0,0,0,1.0,1,1.0,1,1.0,1,0.15460231107647507,63
3864,1,6001,3149,2852,0,0,0,1.0,1,1.0,1,1.0,1,0.1604519838185382,63
3865,0,6001,3149,2852,0,0,0,1.0,1,1.0,1,1.0,1,0.17443380171105669,61
3866,0,6001,3149,2852,0,0,0,1.0,1,1.0,1,1.0,1,0.1846790239503632,61
3867,0,6001,3149,2852,0,0,0,1.0,1,1.0,1,1.0,1,0.19289148099361944,60
3868,1,6002,3150,2852,0,0,0,1.0,1,1.0,1,1.0,1,0.21210308743603692,59
3869,0,6002,3150,2852,0,0,0,1.0,1,1.0,1,1.0,1,0.20774348078044802,61
3870,1,6003,3151,2852,0,0,0,1.0,1,1.0,1,1.0,1,0.20655746345844095,61
3871,1,6004,3152,2852,0,0,0,1.0,1,1.0,1,1.0,1,0.20305076336435415,64
3872,0,6004,3152,2852,0,0,0,1.0,1,1.0,1,1.0,1,0.21050021540764752,63
3873,0,6004,3152,2852,0,0,0,1.0,1,1.0,1,1.0,1,0.21990763844376346,62
3874,1,6005,3153,2852,0,0,0,1.0,1,1.0,1,1.0,1,0.20681504870554623,63
3875,3,6008,3154,2854,0,0,0,1.0,1,1.0,1,1.0,1,0.2109990183081254,61
3876,4,6012,3154,2858,0,0,0,1.0,1,1.0,1,1.0,1,0.1704955549415218,62
3877,2,6014,3156,2858,0,0,0,1.0,1,1.0,1,1.0,1,0.1724580003876671,63
3878,1,6015,3156,2859,0,0,0,1.0,1,1.0,1,1.0,1,0.1784439672701091,63
3879,1,6016,3157,2859,0,0,0,1.0,1,1.0,1,1.0,1,0.17265051699723946,63
3880,1,6017,3158,2859,0,0,0,1.0,1,1.0,1,1.0,1,0.1653999469584658,65
3881,1,6018,3159,2859,0,0,0,1.0,1,1.0,1,1.0,1,0.19305677660930953,65
3882,3,6021,3161,2860,0,0,0,1.0,1,1.0,1,1.0,1,0.18928262178366262,66
3883,1,6022,3162,2860,0,0,0,1.0,1,1.0,1,1.0,1,0.20484690844012843,66
3884,2,6024,3163,2861,0,0,0,1.0,1,1.0,1,1.0,1,0.2284821966565624,66
3885,2,6026,3164,2862,0,0,0,1.0,1,1.0,1,1.0,1,0.2380013381709193,66
3886,1,6027,3165,2862,0,0,0,1.0,1,1.0,1,1.0,1,0.24533030693732433,65
3887,1,6028,3166,2862,0,0,0,1.0,1,1.0,1,1.0,1,0.22714736697835414,65
3888,1,6029,3167,2862,0,0,0,1.0,1,1.0,1,1.0,1,0.23085225188625397,66
3889,2,6031,3169,2862,0,0,0,1.0,1,1.0,1,1.0,1,0.22630577253738476,64
3890,3,6034,3171,2863,0,0,0,1.0,1,1.0,1,1.0,1,0.19954073351348212,63
3891,2,6036,3172,2864,0,0,0,1.0,1,1.0,1,1.0,1,0.1637994598042473,66
3892,3,6039,3174,2865,0,0,0,1.0,1,1.0,1,1.0,1,0.13745542666328417,67
3893,0,6039,3174,2865,0,0,0,1.0,1,1.0,1,1.0,1,0.13610399225161823,66
3894,4,6043,3177,2866,0,0,0,1.0,1,1.0,1,1.0,1,0.14135634982476242,67
3895,1,6044,3177,2867,0,0,0,1.0,1,1.0,1,1.0,1,0.13348204574638037,66
3896,1,6045,3178,2867,0,0,0,1.0,1,1.0,1,1.0,1,0.1440888745382001,66
3897,1,6046,3178,2868,0,0,0,1.0,1,1.0,1,1.0,1,0.1454267259225837,65
3898,6,6052,3181,2871,0,0,0,1.0,1,1.0,1,1.0,1,0.17982062997590184,65
3899,2,6054,3183,2871,0,0,0,1.0,1,1.0,1,1.0,1,0.20332047030053893,64
3900,1,6055,3184,2871,0,0,0,1.0,1,1.0,1,1.0,1,0.23513849607373558,63
3901,7,6062,3186,2876,0,0,0,1.0,1,1.0,1,1.0,1,0.20285958351946332,63
3902,2,6064,3187,2877,0,0,0,1.0,1,1.0,1,1.0,1,0.21418685517250563,64
3903,3,6067,3187,2880,0,0,0,1.0,1,1.0,1,1.0,1,0.17467846654716854,64
3904,0,6067,3187,2880,0,0,0,1.0,1,1.0,1,1.0,1,0.18064610673597023,63
3905,0,6067,3187,2880,0,0,0,1.0,1,1.0,1,1.0,1,0.17152401925102653,63
3906,0,6067,3187,2880,0,0,0,1.0,1,1.0,1,1.0,1,0.15897887398042654,64
3907,0,6067,3187,2880,0,0,0,1.0,1,1.0,1,1.0,1,0.17914486729975404,64
3908,0,6067,3187,2880,0,0,0,1.0,1,1.0,1,1.0,1,0.19057747646454992,63
3909,0,6067,3187,2880,0,0,0,1.0,1,1.0,1,1.0,1,0.19992581431149212,62
3910,0,6067,3187,2880,0,0,0,1.0,1,1.0,1,1.0,1,0.21858805464058556,62
3911,1,6068,3188,2880,0,0,0,1.0,1,1.0,1,1.0,1,0.22255621406156403,64
3912,1,6069,3189,2880,0,0,0,1.0,1,1.0,1,1.0,1,0.24026700258542316,64
3913,1,6070,3189,2881,0,0,0,1.0,1,1.0,1,1.0,1,0.2421213586425073,65
3914,0,6070,3189,2881,0,0,0,1.0,1,1.0,1,1.0,1,0.25771955148913234,65
3915,0,6070,3189,2881,0,0,0,1.0,1,1.0,1,1.0,1,0.2525534422413253,66
3916,1,6071,3190,2881,0,0,0,1.0,1,1.0,1,1.0,1,0.27000228637852114,66
3917,2,6073,3190,2883,0,0,0,1.0,1,1.0,1,1.0,1,0.25568010172197786,66
3918,2,6075,3192,2883,0,0,0,1.0,1,1.0,1,1.0,1,0.2622468058000391,67
3919,0,6075,3192,2883,0,0,0,1.0,1,1.0,1,1.0,1,0.24949532507532343,68
3920,0,6075,3192,2883,0,0,0,1.0,1,1.0,1,1.0,1,0.23380927001600285,69
3921,0,6075,3192,2883,0,0,0,1.0,1,1.0,1,1.0,1,0.2391407579148708,68
3922,2,6077,3194,2883,0,0,0,1.0,1,1.0,1,1.0,1,0.25867930521974675,68
3923,1,6078,3194,2884,0,0,0,1.0,1,1.0,1,1.0,1,0.25467236735315507,69
3924,2,6080,3196,2884,0,0,0,1.0,1,1.0,1,1.0,1,0.24314797429967572,69
3925,4,6084,3199,2885,0,0,0,1.0,1,1.0,1,1.0,1,0.2676523837550175,67
3926,9,6093,3199,2894,0,0,0,1.0,1,1.0,1,1.0,1,0.2073154293646501,67
3927,3,6096,3200,2896,0,0,0,1.0,1,1.0,1,1.0,1,0.19275381458132682,65
3928,1,6097,3200,2897,0,0,0,1.0,1,1.0,1,1.0,1,0.1868652144148774,65
3929,3,6100,3201,2899,0,0,0,1.0,1,1.0,1,1.0,1,0.1918045767427428,64
3930,1,6101,3201,2900,0,0,0,1.0,1,1.0,1,1.0,1,0.17588798534486322,64
3931,0,6101,3201,2900,0,0,0,1.0,1,1.0,1,1.0,1,0.1631348925874921,62
3932,0,6101,3201,2900,0,0,0,1.0,1,1.0,1,1.0,1,0.1631348925874921,62
3933,0,6101,3201,2900,0,0,0,1.0,1,1.0,1,1.0,1,0.1631348925874921,62
3934,1,6102,3202,2900,0,0,0,1.0,1,1.0,1,1.0,1,0.1551710147908008,61
3935,1,6103,3202,2901,0,0,0,1.0,1,1.0,1,1.0,1,0.1431073231350328,64
3936,0,6103,3202,2901,0,0,0,1.0,1,1.0,1,1.0,1,0.15060101453664798,65
3937,0,6103,3202,2901,0,0,0,1.0,1,1.0,1,1.0,1,0.1431777978385743,66
3938,0,6103,3202,2901,0,0,0,1.0,1,1.0,1,1.0,1,0.1431777978385743,66
3939,0,6103,3202,2901,0,0,0,1.0,1,1.0,1,1.0,1,0.14742969598275868,67
3940,1,6104,3202,2902,0,0,0,1.0,1,1.0,1,1.0,1,0.1241670376112033,69
3941,0,6104,3202,2902,0,0,0,1.0,1,1.0,1,1.0,1,0.1241670376112033,69
3942,1,6105,3203,2902,0,0,0,1.0,1,1.0,1,1.0,1,0.1425432385921101,69
3943,2,6107,3205,2902,0,0,0,1.0,1,1.0,1,1.0,1,0.1681708086607465,68
3944,0,6107,3205,2902,0,0,0,1.0,1,1.0,1,1.0,1,0.18208186824147038,68
3945,3,6110,3208,2902,0,0,0,1.0,1,1.0,1,1.0,1,0.1993434441227129,67
3946,2,6112,3210,2902,0,0,0,1.0,1,1.0,1,1.0,1,0.22992127872303567,67
3947,2,6114,3212,2902,0,0,0,1.0,1,1.0,1,1.0,1,0.21886928898530325,66
3948,3,6117,3214,2903,0,0,0,1.0,1,1.0,1,1.0,1,0.19963977108704234,67
3949,6,6123,3218,2905,0,0,0,1.0,1,1.0,1,1.0,1,0.2795239317358906,66
3950,1,6124,3219,2905,0,0,0,1.0,1,1.0,1,1.0,1,0.2903049693685745,65
3951,6,6130,3220,2910,0,0,0,1.0,1,1.0,1,1.0,1,0.22597418957768797,65
3952,4,6134,3221,2913,0,0,0,1.0,1,1.0,1,1.0,1,0.19804261307158683,65
3953,1,6135,3221,2914,0,0,0,1.0,1,1.0,1,1.0,1,0.20145169837266005,65
3954,2,6137,3221,2916,0,0,0,1.0,1,1.0,1,1.0,1,0.19360593554029937,64
3955,2,6139,3221,2918,0,0,0,1.0,1,1.0,1,1.0,1,0.21071149882703502,64
3956,2,6141,3221,2920,0,0,0,1.0,1,1.0,1,1.0,1,0.20656435015831215,63
3957,2,6143,3221,2922,0,0,0,1.0,1,1.0,1,1.0,1,0.20725420771976044,63
3958,1,6144,3221,2923,0,0,0,1.0,1,1.0,1,1.0,1,0.2043821928779518,63
3959,1,6145,3221,2924,0,0,0,1.0,1,1.0,1,1.0,1,0.1965085239654908,62
3960,0,6145,3221,2924,0,0,0,1.0,1,1.0,1,1.0,1,0.1965085239654908,62
3961,1,6146,3222,2924,0,0,0,1.0,1,1.0,1,1.0,1,0.2127995641333976,64
3962,0,6146,3222,2924,0,0,0,1.0,1,1.0,1,1.0,1,0.2127995641333976,64
3963,5,6151,3226,2925,0,0,0,1.0,1,1.0,1,1.0,1,0.21862624919167045,62
3964,0,6151,3226,2925,0,0,0,1.0,1,1.0,1,1.0,1,0.2065234490505704,63
3965,1,6152,3226,2926,0,0,0,1.0,1,1.0,1,1.0,1,0.17286883669522624,63
3966,3,6155,3226,2929,0,0,0,1.0,1,1.0,1,1.0,1,0.15418972328180655,62
3967,2,6157,3226,2931,0,0,0,1.0,1,1.0,1,1.0,1,0.1533524072127399,64
3968,0,6157,3226,2931,0,0,0,1.0,1,1.0,1,1.0,1,0.15152470412454055,63
3969,0,6157,3226,2931,0,0,0,1.0,1,1.0,1,1.0,1,0.15821147253355614,63
3970,1,6158,3227,2931,0,0,0,1.0,1,1.0,1,1.0,1,0.14855676557335393,65
3971,0,6158,3227,2931,0,0,0,1.0,1,1.0,1,1.0,1,0.14855676557335393,65
3972,3,6161,3230,2931,0,0,0,1.0,1,1.0,1,1.0,1,0.1785422787570692,66
3973,2,6163,3230,2933,0,0,0,1.0,1,1.0,1,1.0,1,0.17217235622464358,66
3974,3,6166,3233,2933,0,0,0,1.0,1,1.0,1,1.0,1,0.1807684595818008,66
3975,5,6171,3236,2935,0,0,0,1.0,1,1.0,1,1.0,1,0.18930319560304015,66
3976,7,6178,3237,2941,0,0,0,1.0,1,1.0,1,1.0,1,0.1442660947422654,66
3977,2,6180,3239,2941,0,0,0,1.0,1,1.0,1,1.0,1,0.15750857117903339,64
3978,4,6184,3242,2942,0,0,0,1.0,1,1.0,1,1.0,1,0.1780829727301892,63
3979,2,6186,3242,2944,0,0,0,1.0,1,1.0,1,1.0,1,0.17229183053249122,63
3980,1,6187,3242,2945,0,0,0,1.0,1,1.0,1,1.0,1,0.16478811013775213,63
3981,1,6188,3242,2946,0,0,0,1.0,1,1.0,1,1.0,1,0.16518218984836985,64
3982,0,6188,3242,2946,0,0,0,1.0,1,1.0,1,1.0,1,0.15775413430051383,65
3983,0,6188,3242,2946,0,0,0,1.0,1,1.0,1,1.0,1,0.16574244223004797,64
3984,0,6188,3242,2946,0,0,0,1.0,1,1.0,1,1.0,1,0.16893988549316788,65
3985,1,6189,3243,2946,0,0,0,1.0,1,1.0,1,1.0,1,0.19086911389966443,64
3986,1,6190,3244,2946,0,0,0,1.0,1,1.0,1,1.0,1,0.19037568575934036,63
3987,0,6190,3244,2946,0,0,0,1.0,1,1.0,1,1.0,1,0.19911857918981282,63
3988,0,6190,3244,2946,0,0,0,1.0,1,1.0,1,1.0,1,0.20900651858732824,63
3989,2,6192,3245,2947,0,0,0,1.0,1,1.0,1,1.0,1,0.22537901060349075,63
3990,2,6194,3246,2948,0,0,0,1.0,1,1.0,1,1.0,1,0.2476923166956847,62
3991,1,6195,3246,2949,0,0,0,1.0,1,1.0,1,1.0,1,0.24083359338441163,62
3992,0,6195,3246,2949,0,0,0,1.0,1,1.0,1,1.0,1,0.22080048250824422,65
3993,0,6195,3246,2949,0,0,0,1.0,1,1.0,1,1.0,1,0.22080048250824422,65
3994,1,6196,3246,2950,0,0,0,1.0,1,1.0,1,1.0,1,0.21673099119527825,64
3995,0,6196,3246,2950,0,0,0,1.0,1,1.0,1,1.0,1,0.21673099119527825,64
3996,5,6201,3248,2953,0,0,0,1.0,1,1.0,1,1.0,1,0.18573613355496166,67
3997,0,6201,3248,2953,0,0,0,1.0,1,1.0,1,1.0,1,0.1847316720327775,69
3998,1,6202,3249,2953,0,0,0,1.0,1,1.0,1,1.0,1,0.19646187196063056,69
3999,1,6203,3250,2953,0,0,0,1.0,1,1.0,1,1.0,1,0.20481018428199516,69
4000,1,6204,3250,2954,0,0,0,1.0,1,1.0,1,1.0,1,0.17027263277529997,69
4001,4,6208,3250,2958,0,0,0,1.0,1,1.0,1,1.0,1,0.10185902105745702,68
4002,0,6208,3250,2958,0,0,0,1.0,1,1.0,1,1.0,1,0.09532079318718911,68
4003,3,6211,3252,2959,0,0,0,1.0,1,1.0,1,1.0,1,0.12854827392206286,68
4004,5,6216,3255,2961,0,0,0,1.0,1,1.0,1,1.0,1,0.09895524298636627,67
4005,1,6217,3256,2961,0,0,0,1.0,1,1.0,1,1.0,1,0.11480486290156489,67
4006,4,6221,3259,2962,0,0,0,1.0,1,1.0,1,1.0,1,0.11553374737216174,67
4007,1,6222,3260,2962,0,0,0,1.0,1,1.0,1,1.0,1,0.1347997712649552,67
4008,5,6227,3263,2964,0,0,0,1.0,1,1.0,1,1.0,1,0.12625911527269312,67
4009,2,6229,3265,2964,0,0,0,1.0,1,1.0,1,1.0,1,0.14499632171646207,67
4010,1,6230,3266,2964,0,0,0,1.0,1,1.0,1,1.0,1,0.15206808096197474,66
4011,2,6232,3268,2964,0,0,0,1.0,1,1.0,1,1.0,1,0.14549392172715506,66
4012,2,6234,3270,2964,0,0,0,1.0,1,1.0,1,1.0,1,0.1584467297804443,66
4013,1,6235,3270,2965,0,0,0,1.0,1,1.0,1,1.0,1,0.14243243658065274,66
4014,1,6236,3271,2965,0,0,0,1.0,1,1.0,1,1.0,1,0.15311606530711805,66
4015,0,6236,3271,2965,0,0,0,1.0,1,1.0,1,1.0,1,0.17762594279983315,64
4016,1,6237,3272,2965,0,0,0,1.0,1,1.0,1,1.0,1,0.21964203895593656,64
4017,3,6240,3273,2967,0,0,0,1.0,1,1.0,1,1.0,1,0.22679476786756683,66
4018,1,6241,3273,2968,0,0,0,1.0,1,1.0,1,1.0,1,0.21942116673947226,67
4019,2,6243,3274,2969,0,0,0,1.0,1,1.0,1,1.0,1,0.23987584588744762,67
4020,2,6245,3274,2971,0,0,0,1.0,1,1.0,1,1.0,1,0.2623131020881581,66
4021,3,6248,3275,2973,0,0,0,1.0,1,1.0,1,1.0,1,0.25478599568633603,66
4022,2,6250,3275,2975,0,0,0,1.0,1,1.0,1,1.0,1,0.2485771692631053,66
4023,2,6252,3276,2976,0,0,0,1.0,1,1.0,1,1.0,1,0.240675065646691,66
4024,2,6254,3277,2977,0,0,0,1.0,1,1.0,1,1.0,1,0.2359108952483886,66
4025,0,6254,3277,2977,0,0,0,1.0,1,1.0,1,1.0,1,0.22521789431072592,66
4026,3,6257,3278,2979,0,0,0,1.0,1,1.0,1,1.0,1,0.17926515707626395,66
4027,2,6259,3279,2980,0,0,0,1.0,1,1.0,1,1.0,1,0.1897228262114198,64
4028,3,6262,3281,2981,0,0,0,1.0,1,1.0,1,1.0,1,0.21365021830478093,63
4029,0,6262,3281,2981,0,0,0,1.0,1,1.0,1,1.0,1,0.22974989733155002,62
4030,2,6264,3282,2982,0,0,0,1.0,1,1.0,1,1.0,1,0.1789944006505577,63
4031,0,6264,3282,2982,0,0,0,1.0,1,1.0,1,1.0,1,0.18659160891838503,62
4032,2,6266,3284,2982,0,0,0,1.0,1,1.0,1,1.0,1,0.18150677160626094,62
4033,1,6267,3284,2983,0,0,0,1.0,1,1.0,1,1.0,1,0.19262901415884046,61
4034,2,6269,3286,2983,0,0,0,1.0,1,1.0,1,1.0,1,0.226572963799565,60
4035,0,6269,3286,2983,0,0,0,1.0,1,1.0,1,1.0,1,0.24069083662930738,59
4036,2,6271,3288,2983,0,0,0,1.0,1,1.0,1,1.0,1,0.26890024687553543,58
4037,2,6273,3290,2983,0,0,0,1.0,1,1.0,1,1.0,1,0.27304643731824146,59
4038,2,6275,3291,2984,0,0,0,1.0,1,1.0,1,1.0,1,0.26939126267028285,58
4039,0,6275,3291,2984,0,0,0,1.0,1,1.0,1,1.0,1,0.2957654694095722,56
4040,0,6275,3291,2984,0,0,0,1.0,1,1.0,1,1.0,1,0.2966853970179512,55
4041,3,6278,3293,2985,0,0,0,1.0,1,1.0,1,1.0,1,0.2966043064802879,54
4042,1,6279,3294,2985,0,0,0,1.0,1,1.0,1,1.0,1,0.3035677395109405,56
4043,3,6282,3296,2986,0,0,0,1.0,1,1.0,1,1.0,1,0.3372048025495638,56
4044,1,6283,3297,2986,0,0,0,1.0,1,1.0,1,1.0,1,0.34673570135364207,56
4045,2,6285,3299,2986,0,0,0,1.0,1,1.0,1,1.0,1,0.3756541670938742,57
4046,2,6287,3299,2988,0,0,0,1.0,1,1.0,1,1.0,1,0.36103442774169514,59
4047,2,6289,3301,2988,0,0,0,1.0,1,1.0,1,1.0,1,0.39520244949850586,59
4048,1,6290,3301,2989,0,0,0,1.0,1,1.0,1,1.0,1,0.38922864281776076,59
4049,1,6291,3301,2990,0,0,0,1.0,1,1.0,1,1.0,1,0.3819314386203814,60
4050,3,6294,3301,2993,0,0,0,1.0,1,1.0,1,1.0,1,0.3601730439145626,60
4051,6,6300,3302,2998,0,0,0,1.0,1,1.0,1,1.0,1,0.32449991478218143,60
4052,0,6300,3302,2998,0,0,0,1.0,1,1.0,1,1.0,1,0.32449991478218143,60
4053,0,6300,3302,2998,0,0,0,1.0,1,1.0,1,1.0,1,0.32449991478218143,60
4054,1,6301,3303,2998,0,0,0,1.0,1,1.0,1,1.0,1,0.32227753953529426,61
4055,0,6301,3303,2998,0,0,0,1.0,1,1.0,1,1.0,1,0.32227753953529426,61
4056,0,6301,3303,2998,0,0,0,1.0,1,1.0,1,1.0,1,0.3208977935023151,62
4057,0,6301,3303,2998,0,0,0,1.0,1,1.0,1,1.0,1,0.3261884372899609,63
4058,1,6302,3303,2999,0,0,0,1.0,1,1.0,1,1.0,1,0.33937041976600796,64
4059,0,6302,3303,2999,0,0,0,1.0,1,1.0,1,1.0,1,0.3567130892689208,63
4060,0,6302,3303,2999,0,0,0,1.0,1,1.0,1,1.0,1,0.3567130892689208,63
4061,0,6302,3303,2999,0,0,0,1.0,1,1.0,1,1.0,1,0.36229421376352966,63
4062,0,6302,3303,2999,0,0,0,1.0,1,1.0,1,1.0,1,0.3524446595905129,65
4063,1,6303,3303,3000,0,0,0,1.0,1,1.0,1,1.0,1,0.314451252613901,64
4064,1,6304,3303,3001,0,0,0,1.0,1,1.0,1,1.0,1,0.2999563099983487,65
4065,5,6309,3306,3003,0,0,0,1.0,1,1.0,1,1.0,1,0.24804972812430803,64
4066,1,6310,3306,3004,0,0,0,1.0,1,1.0,1,1.0,1,0.2352282788494224,64
4067,3,6313,3307,3006,0,0,0,1.0,1,1.0,1,1.0,1,0.21416324560722289,63
4068,1,6314,3307,3007,0,0,0,1.0,1,1.0,1,1.0,1,0.20223788685051272,64
4069,4,6318,3310,3008,0,0,0,1.0,1,1.0,1,1.0,1,0.2548316881541494,62
4070,2,6320,3312,3008,0,0,0,1.0,1,1.0,1,1.0,1,0.23973775549276252,61
4071,4,6324,3315,3009,0,0,0,1.0,1,1.0,1,1.0,1,0.2992732730029645,61
4072,3,6327,3317,3010,0,0,0,1.0,1,1.0,1,1.0,1,0.30619186590520847,60
4073,2,6329,3318,3011,0,0,0,1.0,1,1.0,1,1.0,1,0.2885139961887606,60
4074,3,6332,3320,3012,0,0,0,1.0,1,1.0,1,1.0,1,0.33830608024025105,60
4075,0,6332,3320,3012,0,0,0,1.0,1,1.0,1,1.0,1,0.3364289065199396,59
4076,10,6342,3321,3021,0,0,0,1.0,1,1.0,1,1.0,1,0.22015790570828994,60
4077,2,6344,3321,3023,0,0,0,1.0,1,1.0,1,1.0,1,0.20919383163315292,61
4078,2,6346,3321,3025,0,0,0,1.0,1,1.0,1,1.0,1,0.21273335931509105,60
4079,0,6346,3321,3025,0,0,0,1.0,1,1.0,1,1.0,1,0.22938966164943192,58
4080,1,6347,3322,3025,0,0,0,1.0,1,1.0,1,1.0,1,0.23542175750070513,56
4081,2,6349,3323,3026,0,0,0,1.0,1,1.0,1,1.0,1,0.2209601416781295,56
4082,1,6350,3323,3027,0,0,0,1.0,1,1.0,1,1.0,1,0.22935177244863858,55
4083,0,6350,3323,3027,0,0,0,1.0,1,1.0,1,1.0,1,0.22935177244863858,55
4084,1,6351,3324,3027,0,0,0,1.0,1,1.0,1,1.0,1,0.24213120696459076,55
4085,3,6354,3326,3028,0,0,0,1.0,1,1.0,1,1.0,1,0.23130426224872347,56
4086,1,6355,3327,3028,0,0,0,1.0,1,1.0,1,1.0,1,0.24355548060589483,57
4087,3,6358,3328,3030,0,0,0,1.0,1,1.0,1,1.0,1,0.24028111759522106,57
4088,1,6359,3328,3031,0,0,0,1.0,1,1.0,1,1.0,1,0.23548205367978906,57
4089,0,6359,3328,3031,0,0,0,1.0,1,1.0,1,1.0,1,0.25675064107101003,56
4090,1,6360,3329,3031,0,0,0,1.0,1,1.0,1,1.0,1,0.285405876624185,56
4091,2,6362,3329,3033,0,0,0,1.0,1,1.0,1,1.0,1,0.2815424541122251,56
4092,0,6362,3329,3033,0,0,0,1.0,1,1.0,1,1.0,1,0.28114757018790804,57
4093,0,6362,3329,3033,0,0,0,1.0,1,1.0,1,1.0,1,0.26637469386373364,58
4094,0,6362,3329,3033,0,0,0,1.0,1,1.0,1,1.0,1,0.25719558682641125,57
4095,1,6363,3330,3033,0,0,0,1.0,1,1.0,1,1.0,1,0.24528396312721318,57
4096,3,6366,3333,3033,0,0,0,1.0,1,1.0,1,1.0,1,0.21319336430486763,59
4097,2,6368,3335,3033,0,0,0,1.0,1,1.0,1,1.0,1,0.19881995145991385,59
4098,2,6370,3337,3033,0,0,0,1.0,1,1.0,1,1.0,1,0.18847224800926202,59
4099,3,6373,3340,3033,0,0,0,1.0,1,1.0,1,1.0,1,0.16691450748058756,60
4100,2,6375,3342,3033,0,0,0,1.0,1,1.0,1,1.0,1,0.16771891286180377,60
4101,5,6380,3343,3037,0,0,0,1.0,1,1.0,1,1.0,1,0.12513888653114488,60
4102,4,6384,3347,3037,0,0,0,1.0,1,1.0,1,1.0,1,0.1674138901044618,60
4103,2,6386,3348,3038,0,0,0,1.0,1,1.0,1,1.0,1,0.1989350570868264,58
4104,3,6389,3349,3040,0,0,0,1.0,1,1.0,1,1.0,1,0.16454979195034763,60
4105,0,6389,3349,3040,0,0,0,1.0,1,1.0,1,1.0,1,0.17050314596784535,59
4106,2,6391,3350,3041,0,0,0,1.0,1,1.0,1,1.0,1,0.1721529514542161,61
4107,0,6391,3350,3041,0,0,0,1.0,1,1.0,1,1.0,1,0.17898483383103636,59
4108,1,6392,3351,3041,0,0,0,1.0,1,1.0,1,1.0,1,0.17773806330405903,60
4109,1,6393,3351,3042,0,0,0,1.0,1,1.0,1,1.0,1,0.16639401906654,59
4110,1,6394,3352,3042,0,0,0,1.0,1,1.0,1,1.0,1,0.16661829289670135,60
4111,1,6395,3352,3043,0,0,0,1.0,1,1.0,1,1.0,1,0.1672278330297761,61
4112,1,6396,3353,3043,0,0,0,1.0,1,1.0,1,1.0,1,0.17779832334579768,60
4113,1,6397,3353,3044,0,0,0,1.0,1,1.0,1,1.0,1,0.14726259756012636,61
4114,1,6398,3353,3045,0,0,0,1.0,1,1.0,1,1.0,1,0.12698791873334728,62
4115,2,6400,3354,3046,0,0,0,1.0,1,1.0,1,1.0,1,0.13070138531917647,60
4116,0,6400,3354,3046,0,0,0,1.0,1,1.0,1,1.0,1,0.13767497809465346,59
4117,2,6402,3356,3046,0,0,0,1.0,1,1.0,1,1.0,1,0.1435081172612794,56
4118,0,6402,3356,3046,0,0,0,1.0,1,1.0,1,1.0,1,0.14255884152104695,55
4119,1,6403,3357,3046,0,0,0,1.0,1,1.0,1,1.0,1,0.15179335568523214,53
4120,3,6406,3359,3047,0,0,0,1.0,1,1.0,1,1.0,1,0.16798058637625193,52
4121,8,6414,3365,3049,0,0,0,1.0,1,1.0,1,1.0,1,0.174129523254394,53
4122,1,6415,3366,3049,0,0,0,1.0,1,1.0,1,1.0,1,0.17628319208736143,52
4123,3,6418,3369,3049,0,0,0,1.0,1,1.0,1,1.0,1,0.19799863103217297,51
4124,0,6418,3369,3049,0,0,0,1.0,1,1.0,1,1.0,1,0.1935208752066658,51
4125,1,6419,3370,3049,0,0,0,1.0,1,1.0,1,1.0,1,0.2274582130435816,50
4126,8,6427,3371,3056,0,0,0,1.0,1,1.0,1,1.0,1,0.16549713394579418,50
4127,1,6428,3372,3056,0,0,0,1.0,1,1.0,1,1.0,1,0.17297926832852045,49
4128,0,6428,3372,3056,0,0,0,1.0,1,1.0,1,1.0,1,0.17297926832852045,49
4129,0,6428,3372,3056,0,0,0,1.0,1,1.0,1,1.0,1,0.17297926832852045,49
4130,1,6429,3373,3056,0,0,0,1.0,1,1.0,1,1.0,1,0.15133808582244918,50
4131,2,6431,3375,3056,0,0,0,1.0,1,1.0,1,1.0,1,0.1687065212353546,50
4132,0,6431,3375,3056,0,0,0,1.0,1,1.0,1,1.0,1,0.1687065212353546,50
4133,3,6434,3378,3056,0,0,0,1.0,1,1.0,1,1.0,1,0.14041236871273294,51
4134,2,6436,3380,3056,0,0,0,1.0,1,1.0,1,1.0,1,0.14458977764381417,53
4135,1,6437,3381,3056,0,0,0,1.0,1,1.0,1,1.0,1,0.15526158088942965,54
4136,0,6437,3381,3056,0,0,0,1.0,1,1.0,1,1.0,1,0.15526158088942965,54
4137,1,6438,3382,3056,0,0,0,1.0,1,1.0,1,1.0,1,0.13114441215152808,55
4138,1,6439,3383,3056,0,0,0,1.0,1,1.0,1,1.0,1,0.14941512495289555,54
4139,1,6440,3384,3056,0,0,0,1.0,1,1.0,1,1.0,1,0.1610546407916468,54
4140,0,6440,3384,3056,0,0,0,1.0,1,1.0,1,1.0,1,0.14403227538184724,55
4141,0,6440,3384,3056,0,0,0,1.0,1,1.0,1,1.0,1,0.15218260754378068,55
4142,0,6440,3384,3056,0,0,0,1.0,1,1.0,1,1.0,1,0.15218260754378068,55
4143,2,6442,3384,3058,0,0,0,1.0,1,1.0,1,1.0,1,0.12645639821403756,53
4144,0,6442,3384,3058,0,0,0,1.0,1,1.0,1,1.0,1,0.1458406319560204,52
4145,0,6442,3384,3058,0,0,0,1.0,1,1.0,1,1.0,1,0.17679251273088156,51
4146,3,6445,3387,3058,0,0,0,1.0,1,1.0,1,1.0,1,0.2154791433838928,51
4147,3,6448,3388,3060,0,0,0,1.0,1,1.0,1,1.0,1,0.18988664711286604,50
4148,3,6451,3390,3061,0,0,0,1.0,1,1.0,1,1.0,1,0.2031878266686807,52
4149,0,6451,3390,3061,0,0,0,1.0,1,1.0,1,1.0,1,0.182579473487122,53
4150,2,6453,3392,3061,0,0,0,1.0,1,1.0,1,1.0,1,0.2023221045565071,53
4151,2,6455,3393,3062,0,0,0,1.0,1,1.0,1,1.0,1,0.18184234608660826,53
4152,1,6456,3394,3062,0,0,0,1.0,1,1.0,1,1.0,1,0.1698383669642978,54
4153,2,6458,3396,3062,0,0,0,1.0,1,1.0,1,1.0,1,0.1962609123264006,51
4154,2,6460,3396,3064,0,0,0,1.0,1,1.0,1,1.0,1,0.1468816603145461,51
4155,2,6462,3398,3064,0,0,0,1.0,1,1.0,1,1.0,1,0.1706649075211903,51
4156,7,6469,3402,3067,0,0,0,1.0,1,1.0,1,1.0,1,0.18677457752560186,52
4157,1,6470,3402,3068,0,0,0,1.0,1,1.0,1,1.0,1,0.16441495616438515,52
4158,1,6471,3403,3068,0,0,0,1.0,1,1.0,1,1.0,1,0.18342746179317934,52
4159,2,6473,3405,3068,0,0,0,1.0,1,1.0,1,1.0,1,0.19030125585201785,52
4160,4,6477,3409,3068,0,0,0,1.0,1,1.0,1,1.0,1,0.22794575865120514,50
4161,1,6478,3410,3068,0,0,0,1.0,1,1.0,1,1.0,1,0.24954561368104258,50
4162,2,6480,3412,3068,0,0,0,1.0,1,1.0,1,1.0,1,0.2599095118457302,51
4163,2,6482,3413,3069,0,0,0,1.0,1,1.0,1,1.0,1,0.2407231276959775,48
4164,2,6484,3415,3069,0,0,0,1.0,1,1.0,1,1.0,1,0.2586086655387187,50
4165,1,6485,3415,3070,0,0,0,1.0,1,1.0,1,1.0,1,0.23822144005538737,49
4166,4,6489,3418,3071,0,0,0,1.0,1,1.0,1,1.0,1,0.21690332048517974,50
4167,0,6489,3418,3071,0,0,0,1.0,1,1.0,1,1.0,1,0.2170609652093694,50
4168,1,6490,3418,3072,0,0,0,1.0,1,1.0,1,1.0,1,0.2262536302876861,50
4169,0,6490,3418,3072,0,0,0,1.0,1,1.0,1,1.0,1,0.2179246958200049,51
4170,0,6490,3418,3072,0,0,0,1.0,1,1.0,1,1.0,1,0.23648563556909002,50
4171,2,6492,3420,3072,0,0,0,1.0,1,1.0,1,1.0,1,0.28631395431596585,50
4172,0,6492,3420,3072,0,0,0,1.0,1,1.0,1,1.0,1,0.30163160806903605,49
4173,2,6494,3420,3074,0,0,0,1.0,1,1.0,1,1.0,1,0.2972026379441132,48
4174,1,6495,3421,3074,0,0,0,1.0,1,1.0,1,1.0,1,0.32016559212319007,48
4175,5,6500,3424,3076,0,0,0,1.0,1,1.0,1,1.0,1,0.2306585165727971,48
4176,4,6504,3424,3080,0,0,0,1.0,1,1.0,1,1.0,1,0.16007882127298725,50
4177,1,6505,3424,3081,0,0,0,1.0,1,1.0,1,1.0,1,0.15156038884199946,52
4178,2,6507,3425,3082,0,0,0,1.0,1,1.0,1,1.0,1,0.13865670736390795,53
4179,1,6508,3425,3083,0,0,0,1.0,1,1.0,1,1.0,1,0.1293149788734003,54
4180,0,6508,3425,3083,0,0,0,1.0,1,1.0,1,1.0,1,0.13090527918469125,55
4181,2,6510,3425,3085,0,0,0,1.0,1,1.0,1,1.0,1,0.09725039155476688,56
4182,1,6511,3425,3086,0,0,0,1.0,1,1.0,1,1.0,1,0.10898656662444882,56
4183,3,6514,3426,3088,0,0,0,1.0,1,1.0,1,1.0,1,0.10554447951802608,57
4184,3,6517,3426,3091,0,0,0,1.0,1,1.0,1,1.0,1,0.10553821414817705,57
4185,1,6518,3426,3092,0,0,0,1.0,1,1.0,1,1.0,1,0.10798255655548666,54
4186,3,6521,3427,3094,0,0,0,1.0,1,1.0,1,1.0,1,0.12744958860300987,55
4187,2,6523,3428,3095,0,0,0,1.0,1,1.0,1,1.0,1,0.1445651257879725,53
4188,0,6523,3428,3095,0,0,0,1.0,1,1.0,1,1.0,1,0.1445651257879725,53
4189,0,6523,3428,3095,0,0,0,1.0,1,1.0,1,1.0,1,0.16427558459445676,53
4190,3,6526,3430,3096,0,0,0,1.0,1,1.0,1,1.0,1,0.15214700298293524,53
4191,1,6527,3431,3096,0,0,0,1.0,1,1.0,1,1.0,1,0.18230832149530155,51
4192,3,6530,3434,3096,0,0,0,1.0,1,1.0,1,1.0,1,0.20016881385444646,51
4193,2,6532,3436,3096,0,0,0,1.0,1,1.0,1,1.0,1,0.21936544838787148,50
4194,2,6534,3437,3097,0,0,0,1.0,1,1.0,1,1.0,1,0.20602319316093137,50
4195,1,6535,3438,3097,0,0,0,1.0,1,1.0,1,1.0,1,0.2226121337824145,50
4196,2,6537,3440,3097,0,0,0,1.0,1,1.0,1,1.0,1,0.21549194740797517,51
4197,2,6539,3441,3098,0,0,0,1.0,1,1.0,1,1.0,1,0.22213226582632667,50
4198,1,6540,3442,3098,0,0,0,1.0,1,1.0,1,1.0,1,0.24602082990112806,48
4199,1,6541,3442,3099,0,0,0,1.0,1,1.0,1,1.0,1,0.2660351135634791,48
4200,0,6541,3442,3099,0,0,0,1.0,1,1.0,1,1.0,1,0.27841108069542037,48
4201,5,6546,3442,3104,0,0,0,1.0,1,1.0,1,1.0,1,0.2262516063578046,47
4202,0,6546,3442,3104,0,0,0,1.0,1,1.0,1,1.0,1,0.2262516063578046,47
4203,0,6546,3442,3104,0,0,0,1.0,1,1.0,1,1.0,1,0.2262516063578046,47
4204,3,6549,3444,3105,0,0,0,1.0,1,1.0,1,1.0,1,0.2564560426121972,48
4205,1,6550,3444,3106,0,0,0,1.0,1,1.0,1,1.0,1,0.22225868523339562,49
4206,1,6551,3445,3106,0,0,0,1.0,1,1.0,1,1.0,1,0.2544236936220146,49
4207,0,6551,3445,3106,0,0,0,1.0,1,1.0,1,1.0,1,0.2440950370671947,48
4208,3,6554,3447,3107,0,0,0,1.0,1,1.0,1,1.0,1,0.21492572502410046,49
4209,3,6557,3449,3108,0,0,0,1.0,1,1.0,1,1.0,1,0.22297968268320226,51
4210,2,6559,3450,3109,0,0,0,1.0,1,1.0,1,1.0,1,0.2291385686200853,52
4211,1,6560,3451,3109,0,0,0,1.0,1,1.0,1,1.0,1,0.23273213104493584,53
4212,1,6561,3451,3110,0,0,0,1.0,1,1.0,1,1.0,1,0.195564973464032,53
4213,0,6561,3451,3110,0,0,0,1.0,1,1.0,1,1.0,1,0.19629937408160059,54
4214,1,6562,3452,3110,0,0,0,1.0,1,1.0,1,1.0,1,0.20341143270371312,54
4215,0,6562,3452,3110,0,0,0,1.0,1,1.0,1,1.0,1,0.20341143270371312,54
4216,1,6563,3452,3111,0,0,0,1.0,1,1.0,1,1.0,1,0.1996981603059093,53
4217,1,6564,3453,3111,0,0,0,1.0,1,1.0,1,1.0,1,0.22506978789761062,54
4218,2,6566,3454,3112,0,0,0,1.0,1,1.0,1,1.0,1,0.2425319679700197,53
4219,0,6566,3454,3112,0,0,0,1.0,1,1.0,1,1.0,1,0.2425319679700197,53
4220,0,6566,3454,3112,0,0,0,1.0,1,1.0,1,1.0,1,0.24987828611811472,53
4221,2,6568,3455,3113,0,0,0,1.0,1,1.0,1,1.0,1,0.26237593720268143,54
4222,5,6573,3457,3116,0,0,0,1.0,1,1.0,1,1.0,1,0.29985968783027733,55
4223,2,6575,3458,3117,0,0,0,1.0,1,1.0,1,1.0,1,0.28479633584851394,56
4224,0,6575,3458,3117,0,0,0,1.0,1,1.0,1,1.0,1,0.2856432913642565,55
4225,0,6575,3458,3117,0,0,0,1.0,1,1.0,1,1.0,1,0.2873317712803846,53
4226,4,6579,3460,3119,0,0,0,1.0,1,1.0,1,1.0,1,0.2779534542117872,54
4227,0,6579,3460,3119,0,0,0,1.0,1,1.0,1,1.0,1,0.27884483911978364,52
4228,0,6579,3460,3119,0,0,0,1.0,1,1.0,1,1.0,1,0.27951521294253523,51
4229,1,6580,3461,3119,0,0,0,1.0,1,1.0,1,1.0,1,0.2930337521314454,48
4230,1,6581,3461,3120,0,0,0,1.0,1,1.0,1,1.0,1,0.272962445146391,48
4231,1,6582,3462,3120,0,0,0,1.0,1,1.0,1,1.0,1,0.26049200647045173,48
4232,1,6583,3463,3120,0,0,0,1.0,1,1.0,1,1.0,1,0.23565831332119397,48
4233,1,6584,3463,3121,0,0,0,1.0,1,1.0,1,1.0,1,0.1869513095031778,48
4234,0,6584,3463,3121,0,0,0,1.0,1,1.0,1,1.0,1,0.1799649749344106,49
4235,0,6584,3463,3121,0,0,0,1.0,1,1.0,1,1.0,1,0.177297668327076,47
4236,1,6585,3463,3122,0,0,0,1.0,1,1.0,1,1.0,1,0.134365692637065,47
4237,1,6586,3463,3123,0,0,0,1.0,1,1.0,1,1.0,1,0.10913017816583077,48
4238,0,6586,3463,3123,0,0,0,1.0,1,1.0,1,1.0,1,0.12487275572153343,47
4239,1,6587,3463,3124,0,0,0,1.0,1,1.0,1,1.0,1,0.11292073482038983,48
4240,1,6588,3464,3124,0,0,0,1.0,1,1.0,1,1.0,1,0.10970828952415879,47
4241,1,6589,3464,3125,0,0,0,1.0,1,1.0,1,1.0,1,0.07726575761717923,49
4242,0,6589,3464,3125,0,0,0,1.0,1,1.0,1,1.0,1,0.07570130145382264,49
4243,2,6591,3465,3126,0,0,0,1.0,1,1.0,1,1.0,1,0.06400278931811142,50
4244,1,6592,3465,3127,0,0,0,1.0,1,1.0,1,1.0,1,0.0596709875953931,51
4245,1,6593,3465,3128,0,0,0,1.0,1,1.0,1,1.0,1,0.06472132999205449,51
4246,2,6595,3465,3130,0,0,0,1.0,1,1.0,1,1.0,1,0.061456790142409734,51
4247,0,6595,3465,3130,0,0,0,1.0,1,1.0,1,1.0,1,0.04879451464224104,52
4248,0,6595,3465,3130,0,0,0,1.0,1,1.0,1,1.0,1,0.04879451464224104,52
4249,0,6595,3465,3130,0,0,0,1.0,1,1.0,1,1.0,1,0.04879451464224104,52
4250,3,6598,3468,3130,0,0,0,1.0,1,1.0,1,1.0,1,0.11895524843922062,52
4251,5,6603,3471,3132,0,0,0,1.0,1,1.0,1,1.0,1,0.07556776210258134,53
4252,4,6607,3475,3132,0,0,0,1.0,1,1.0,1,1.0,1,0.13369911776564855,53
4253,3,6610,3477,3133,0,0,0,1.0,1,1.0,1,1.0,1,0.11426783232344694,54
4254,3,6613,3479,3134,0,0,0,1.0,1,1.0,1,1.0,1,0.1208337209494912,54
4255,2,6615,3480,3135,0,0,0,1.0,1,1.0,1,1.0,1,0.1314076103442554,55
4256,1,6616,3481,3135,0,0,0,1.0,1,1.0,1,1.0,1,0.0955127874384384,57
4257,0,6616,3481,3135,0,0,0,1.0,1,1.0,1,1.0,1,0.0955127874384384,57
4258,1,6617,3482,3135,0,0,0,1.0,1,1.0,1,1.0,1,0.08972220659312535,57
4259,0,6617,3482,3135,0,0,0,1.0,1,1.0,1,1.0,1,0.08972220659312535,57
4260,1,6618,3483,3135,0,0,0,1.0,1,1.0,1,1.0,1,0.10429982539456967,58
4261,5,6623,3485,3138,0,0,0,1.0,1,1.0,1,1.0,1,0.07196007541345267,59
4262,0,6623,3485,3138,0,0,0,1.0,1,1.0,1,1.0,1,0.06117793739801608,60
4263,0,6623,3485,3138,0,0,0,1.0,1,1.0,1,1.0,1,0.05800436291349912,59
4264,0,6623,3485,3138,0,0,0,1.0,1,1.0,1,1.0,1,0.054693420733830884,58
4265,1,6624,3486,3138,0,0,0,1.0,1,1.0,1,1.0,1,0.04609518030951427,58
4266,3,6627,3489,3138,0,0,0,1.0,1,1.0,1,1.0,1,0.0622420391773458,58
4267,2,6629,3490,3139,0,0,0,1.0,1,1.0,1,1.0,1,0.046572970378031604,55
4268,0,6629,3490,3139,0,0,0,1.0,1,1.0,1,1.0,1,0.046572970378031604,55
4269,2,6631,3492,3139,0,0,0,1.0,1,1.0,1,1.0,1,0.08026120950177455,50
4270,1,6632,3493,3139,0,0,0,1.0,1,1.0,1,1.0,1,0.07855300518574193,47
4271,2,6634,3495,3139,0,0,0,1.0,1,1.0,1,1.0,1,0.1231513608093132,47
4272,1,6635,3495,3140,0,0,0,1.0,1,1.0,1,1.0,1,0.12872765701787692,46
4273,2,6637,3497,3140,0,0,0,1.0,1,1.0,1,1.0,1,0.17239460293609274,47
4274,5,6642,3502,3140,0,0,0,1.0,1,1.0,1,1.0,1,0.13073253364572554,45
4275,4,6646,3506,3140,0,0,0,1.0,1,1.0,1,1.0,1,0.19073706938727045,44
4276,7,6653,3509,3144,0,0,0,1.0,1,1.0,1,1.0,1,0.13059698292225108,43
4277,4,6657,3512,3145,0,0,0,1.0,1,1.0,1,1.0,1,0.18899806856045434,42
4278,3,6660,3513,3147,0,0,0,1.0,1,1.0,1,1.0,1,0.1640413249412555,43
4279,2,6662,3515,3147,0,0,0,1.0,1,1.0,1,1.0,1,0.25613151067136214,42
4280,4,6666,3517,3149,0,0,0,1.0,1,1.0,1,1.0,1,0.2552083292727472,44
4281,2,6668,3518,3150,0,0,0,1.0,1,1.0,1,1.0,1,0.2339269076744886,44
4282,0,6668,3518,3150,0,0,0,1.0,1,1.0,1,1.0,1,0.2339269076744886,44
4283,1,6669,3518,3151,0,0,0,1.0,1,1.0,1,1.0,1,0.21599007080790208,45
4284,1,6670,3518,3152,0,0,0,1.0,1,1.0,1,1.0,1,0.1892445114629472,45
4285,2,6672,3519,3153,0,0,0,1.0,1,1.0,1,1.0,1,0.12472166141861935,47
4286,2,6674,3520,3154,0,0,0,1.0,1,1.0,1,1.0,1,0.12547223859717016,47
4287,0,6674,3520,3154,0,0,0,1.0,1,1.0,1,1.0,1,0.1249487598457063,49
4288,2,6676,3521,3155,0,0,0,1.0,1,1.0,1,1.0,1,0.1163219554765783,49
4289,2,6678,3522,3156,0,0,0,1.0,1,1.0,1,1.0,1,0.08342819071855818,50
4290,2,6680,3524,3156,0,0,0,1.0,1,1.0,1,1.0,1,0.10642912287181694,51
4291,0,6680,3524,3156,0,0,0,1.0,1,1.0,1,1.0,1,0.10283061743583397,50
4292,1,6681,3525,3156,0,0,0,1.0,1,1.0,1,1.0,1,0.10237723801938603,51
4293,0,6681,3525,3156,0,0,0,1.0,1,1.0,1,1.0,1,0.07433890619324347,51
4294,0,6681,3525,3156,0,0,0,1.0,1,1.0,1,1.0,1,0.07081074496373667,50
4295,0,6681,3525,3156,0,0,0,1.0,1,1.0,1,1.0,1,0.04121536863475934,50
4296,0,6681,3525,3156,0,0,0,1.0,1,1.0,1,1.0,1,0.03629667325676079,49
4297,1,6682,3525,3157,0,0,0,1.0,1,1.0,1,1.0,1,0.0344753905486603,49
4298,0,6682,3525,3157,0,0,0,1.0,1,1.0,1,1.0,1,0.0344753905486603,49
4299,0,6682,3525,3157,0,0,0,1.0,1,1.0,1,1.0,1,0.03435327651464501,48
4300,1,6683,3526,3157,0,0,0,1.0,1,1.0,1,1.0,1,0.057252332076032246,49
4301,4,6687,3529,3158,0,0,0,1.0,1,1.0,1,1.0,1,0.05345565490169541,50
4302,0,6687,3529,3158,0,0,0,1.0,1,1.0,1,1.0,1,0.056231445886471554,51
4303,1,6688,3530,3158,0,0,0,1.0,1,1.0,1,1.0,1,0.09812003921355962,51
4304,0,6688,3530,3158,0,0,0,1.0,1,1.0,1,1.0,1,0.11154018027416071,51
4305,5,6693,3535,3158,0,0,0,1.0,1,1.0,1,1.0,1,0.13206208978730405,49
4306,1,6694,3536,3158,0,0,0,1.0,1,1.0,1,1.0,1,0.1380592232047782,49
4307,4,6698,3540,3158,0,0,0,1.0,1,1.0,1,1.0,1,0.2067209981950993,46
4308,2,6700,3541,3159,0,0,0,1.0,1,1.0,1,1.0,1,0.2051763680306951,44
4309,5,6705,3545,3160,0,0,0,1.0,1,1.0,1,1.0,1,0.17701575061845604,44
4310,0,6705,3545,3160,0,0,0,1.0,1,1.0,1,1.0,1,0.21029236730896855,42
4311,3,6708,3547,3161,0,0,0,1.0,1,1.0,1,1.0,1,0.20144515017646653,42
4312,1,6709,3548,3161,0,0,0,1.0,1,1.0,1,1.0,1,0.19182258467747224,40
4313,2,6711,3550,3161,0,0,0,1.0,1,1.0,1,1.0,1,0.13316880947408372,40
4314,2,6713,3552,3161,0,0,0,1.0,1,1.0,1,1.0,1,0.14150620181039966,36
4315,1,6714,3553,3161,0,0,0,1.0,1,1.0,1,1.0,1,0.1323357296081912,37
4316,2,6716,3555,3161,0,0,0,1.0,1,1.0,1,1.0,1,0.12348459429320527,37
4317,0,6716,3555,3161,0,0,0,1.0,1,1.0,1,1.0,1,0.14568222170762718,36
4318,2,6718,3557,3161,0,0,0,1.0,1,1.0,1,1.0,1,0.1444553312943471,34
4319,0,6718,3557,3161,0,0,0,1.0,1,1.0,1,1.0,1,0.1707692065553393,34
4320,0,6718,3557,3161,0,0,0,1.0,1,1.0,1,1.0,1,0.1707692065553393,34
4321,1,6719,3558,3161,0,0,0,1.0,1,1.0,1,1.0,1,0.19249202586468753,35
4322,0,6719,3558,3161,0,0,0,1.0,1,1.0,1,1.0,1,0.19249202586468753,35
4323,1,6720,3559,3161,0,0,0,1.0,1,1.0,1,1.0,1,0.22578739797623512,35
4324,0,6720,3559,3161,0,0,0,1.0,1,1.0,1,1.0,1,0.25350006870449737,34
4325,2,6722,3561,3161,0,0,0,1.0,1,1.0,1,1.0,1,0.2772114274355541,34
4326,7,6729,3562,3167,0,0,0,1.0,1,1.0,1,1.0,1,0.13858629765050345,36
4327,0,6729,3562,3167,0,0,0,1.0,1,1.0,1,1.0,1,0.15576760140247778,35
4328,1,6730,3563,3167,0,0,0,1.0,1,1.0,1,1.0,1,0.13985337455511634,35
4329,2,6732,3564,3168,0,0,0,1.0,1,1.0,1,1.0,1,0.11432929760193737,38
4330,2,6734,3566,3168,0,0,0,1.0,1,1.0,1,1.0,1,0.16041189731353345,38
4331,0,6734,3566,3168,0,0,0,1.0,1,1.0,1,1.0,1,0.14912601496454578,39
4332,1,6735,3566,3169,0,0,0,1.0,1,1.0,1,1.0,1,0.18091653009942482,40
4333,0,6735,3566,3169,0,0,0,1.0,1,1.0,1,1.0,1,0.16143454294135207,41
4334,0,6735,3566,3169,0,0,0,1.0,1,1.0,1,1.0,1,0.16143454294135207,41
4335,2,6737,3568,3169,0,0,0,1.0,1,1.0,1,1.0,1,0.1194206777016541,42
4336,0,6737,3568,3169,0,0,0,1.0,1,1.0,1,1.0,1,0.1305670128998452,43
4337,0,6737,3568,3169,0,0,0,1.0,1,1.0,1,1.0,1,0.10500869388938573,44
4338,0,6737,3568,3169,0,0,0,1.0,1,1.0,1,1.0,1,0.10500869388938573,44
4339,1,6738,3568,3170,0,0,0,1.0,1,1.0,1,1.0,1,0.10759149598202525,46
4340,0,6738,3568,3170,0,0,0,1.0,1,1.0,1,1.0,1,0.09902859560946663,47
4341,4,6742,3571,3171,0,0,0,1.0,1,1.0,1,1.0,1,0.12352034202489885,47
4342,0,6742,3571,3171,0,0,0,1.0,1,1.0,1,1.0,1,0.12352034202489885,47
4343,0,6742,3571,3171,0,0,0,1.0,1,1.0,1,1.0,1,0.13412160905841625,42
4344,3,6745,3574,3171,0,0,0,1.0,1,1.0,1,1.0,1,0.16151400487882506,42
4345,0,6745,3574,3171,0,0,0,1.0,1,1.0,1,1.0,1,0.16471669336442762,39
4346,1,6746,3575,3171,0,0,0,1.0,1,1.0,1,1.0,1,0.1374514479965108,37
4347,1,6747,3576,3171,0,0,0,1.0,1,1.0,1,1.0,1,0.1744992054075955,37
4348,2,6749,3578,3171,0,0,0,1.0,1,1.0,1,1.0,1,0.2517984350371448,38
4349,1,6750,3578,3172,0,0,0,1.0,1,1.0,1,1.0,1,0.23643698699521845,36
4350,3,6753,3581,3172,0,0,0,1.0,1,1.0,1,1.0,1,0.27929036715116173,37
4351,2,6755,3581,3174,0,0,0,1.0,1,1.0,1,1.0,1,0.2363604618157191,35
4352,1,6756,3581,3175,0,0,0,1.0,1,1.0,1,1.0,1,0.23599429063540853,34
4353,1,6757,3581,3176,0,0,0,1.0,1,1.0,1,1.0,1,0.18714120878465912,34
4354,1,6758,3581,3177,0,0,0,1.0,1,1.0,1,1.0,1,0.15178294236536075,32
4355,1,6759,3582,3177,0,0,0,1.0,1,1.0,1,1.0,1,0.17110277067017696,32
4356,3,6762,3584,3178,0,0,0,1.0,1,1.0,1,1.0,1,0.16339825430227867,34
4357,0,6762,3584,3178,0,0,0,1.0,1,1.0,1,1.0,1,0.16529913572152563,35
4358,3,6765,3586,3179,0,0,0,1.0,1,1.0,1,1.0,1,0.15642268061322534,35
4359,3,6768,3587,3181,0,0,0,1.0,1,1.0,1,1.0,1,0.13882901246060564,37
4360,0,6768,3587,3181,0,0,0,1.0,1,1.0,1,1.0,1,0.13035261751242871,38
4361,0,6768,3587,3181,0,0,0,1.0,1,1.0,1,1.0,1,0.10120830247921439,39
4362,2,6770,3589,3181,0,0,0,1.0,1,1.0,1,1.0,1,0.13516826854398364,38
4363,2,6772,3590,3182,0,0,0,1.0,1,1.0,1,1.0,1,0.10060634768215285,38
4364,2,6774,3592,3182,0,0,0,1.0,1,1.0,1,1.0,1,0.11106496867518775,39
4365,1,6775,3593,3182,0,0,0,1.0,1,1.0,1,1.0,1,0.12752463834995217,39
4366,1,6776,3593,3183,0,0,0,1.0,1,1.0,1,1.0,1,0.08467235045184018,39
4367,1,6777,3594,3183,0,0,0,1.0,1,1.0,1,1.0,1,0.09137386020687197,41
4368,2,6779,3595,3184,0,0,0,1.0,1,1.0,1,1.0,1,0.09546348147063297,41
4369,0,6779,3595,3184,0,0,0,1.0,1,1.0,1,1.0,1,0.08993366757201687,42
4370,0,6779,3595,3184,0,0,0,1.0,1,1.0,1,1.0,1,0.08993366757201687,42
4371,0,6779,3595,3184,0,0,0,1.0,1,1.0,1,1.0,1,0.08259797555923683,43
4372,0,6779,3595,3184,0,0,0,1.0,1,1.0,1,1.0,1,0.08259797555923683,43
4373,0,6779,3595,3184,0,0,0,1.0,1,1.0,1,1.0,1,0.08259797555923683,43
4374,0,6779,3595,3184,0,0,0,1.0,1,1.0,1,1.0,1,0.08534649089699665,44
4375,5,6784,3598,3186,0,0,0,1.0,1,1.0,1,1.0,1,0.15715513929375058,45
4376,1,6785,3598,3187,0,0,0,1.0,1,1.0,1,1.0,1,0.14431621274581918,46
4377,7,6792,3603,3189,0,0,0,1.0,1,1.0,1,1.0,1,0.18597433349700992,47
4378,1,6793,3603,3190,0,0,0,1.0,1,1.0,1,1.0,1,0.15881888962831373,49
4379,4,6797,3606,3191,0,0,0,1.0,1,1.0,1,1.0,1,0.15145346251284983,51
4380,0,6797,3606,3191,0,0,0,1.0,1,1.0,1,1.0,1,0.13988596822806704,50
4381,1,6798,3607,3191,0,0,0,1.0,1,1.0,1,1.0,1,0.14742659341317824,49
4382,3,6801,3610,3191,0,0,0,1.0,1,1.0,1,1.0,1,0.19927430607126045,47
4383,0,6801,3610,3191,0,0,0,1.0,1,1.0,1,1.0,1,0.19981646281393806,47
4384,0,6801,3610,3191,0,0,0,1.0,1,1.0,1,1.0,1,0.23335478457475253,44
4385,1,6802,3611,3191,0,0,0,1.0,1,1.0,1,1.0,1,0.22134847730002866,42
4386,0,6802,3611,3191,0,0,0,1.0,1,1.0,1,1.0,1,0.2798200801160003,41
4387,6,6808,3615,3193,0,0,0,1.0,1,1.0,1,1.0,1,0.2553360083432728,39
4388,0,6808,3615,3193,0,0,0,1.0,1,1.0,1,1.0,1,0.2553360083432728,39
4389,2,6810,3617,3193,0,0,0,1.0,1,1.0,1,1.0,1,0.3235072988809613,38
4390,0,6810,3617,3193,0,0,0,1.0,1,1.0,1,1.0,1,0.3301836163946052,38
4391,1,6811,3618,3193,0,0,0,1.0,1,1.0,1,1.0,1,0.33391550210642823,39
4392,0,6811,3618,3193,0,0,0,1.0,1,1.0,1,1.0,1,0.33391550210642823,39
4393,1,6812,3619,3193,0,0,0,1.0,1,1.0,1,1.0,1,0.3454186916519184,40
4394,0,6812,3619,3193,0,0,0,1.0,1,1.0,1,1.0,1,0.3365867173516302,39
4395,1,6813,3620,3193,0,0,0,1.0,1,1.0,1,1.0,1,0.3197786681454894,39
4396,2,6815,3621,3194,0,0,0,1.0,1,1.0,1,1.0,1,0.2892743332212566,39
4397,1,6816,3621,3195,0,0,0,1.0,1,1.0,1,1.0,1,0.2727034413923869,38
4398,0,6816,3621,3195,0,0,0,1.0,1,1.0,1,1.0,1,0.24499137997824175,39
4399,0,6816,3621,3195,0,0,0,1.0,1,1.0,1,1.0,1,0.2287256004619725,42
4400,0,6816,3621,3195,0,0,0,1.0,1,1.0,1,1.0,1,0.22877905101257598,43
4401,5,6821,3621,3200,0,0,0,1.0,1,1.0,1,1.0,1,0.07942387484754278,44
4402,0,6821,3621,3200,0,0,0,1.0,1,1.0,1,1.0,1,0.07942387484754278,44
4403,0,6821,3621,3200,0,0,0,1.0,1,1.0,1,1.0,1,0.07258226264584888,45
4404,0,6821,3621,3200,0,0,0,1.0,1,1.0,1,1.0,1,0.07258226264584888,45
4405,0,6821,3621,3200,0,0,0,1.0,1,1.0,1,1.0,1,0.057552417661018575,46
4406,1,6822,3622,3200,0,0,0,1.0,1,1.0,1,1.0,1,0.08285946282208173,46
4407,1,6823,3623,3200,0,0,0,1.0,1,1.0,1,1.0,1,0.10370747471658538,46
4408,0,6823,3623,3200,0,0,0,1.0,1,1.0,1,1.0,1,0.09709672718606813,47
4409,2,6825,3624,3201,0,0,0,1.0,1,1.0,1,1.0,1,0.10844305628403043,48
4410,0,6825,3624,3201,0,0,0,1.0,1,1.0,1,1.0,1,0.10844305628403043,48
4411,0,6825,3624,3201,0,0,0,1.0,1,1.0,1,1.0,1,0.09506641933377816,50
4412,1,6826,3625,3201,0,0,0,1.0,1,1.0,1,1.0,1,0.11656869551825413,50
4413,0,6826,3625,3201,0,0,0,1.0,1,1.0,1,1.0,1,0.12249843973839636,50
4414,2,6828,3627,3201,0,0,0,1.0,1,1.0,1,1.0,1,0.09960181320102547,51
4415,1,6829,3628,3201,0,0,0,1.0,1,1.0,1,1.0,1,0.09385193952849288,51
4416,2,6831,3629,3202,0,0,0,1.0,1,1.0,1,1.0,1,0.12740094581297606,51
4417,3,6834,3631,3203,0,0,0,1.0,1,1.0,1,1.0,1,0.1182123516917163,51
4418,1,6835,3631,3204,0,0,0,1.0,1,1.0,1,1.0,1,0.09409116602085389,51
4419,0,6835,3631,3204,0,0,0,1.0,1,1.0,1,1.0,1,0.07623655163977354,50
4420,0,6835,3631,3204,0,0,0,1.0,1,1.0,1,1.0,1,0.07173845269477223,50
4421,0,6835,3631,3204,0,0,0,1.0,1,1.0,1,1.0,1,0.08026970927745866,52
4422,0,6835,3631,3204,0,0,0,1.0,1,1.0,1,1.0,1,0.07933925416832975,51
4423,0,6835,3631,3204,0,0,0,1.0,1,1.0,1,1.0,1,0.07933925416832975,51
4424,0,6835,3631,3204,0,0,0,1.0,1,1.0,1,1.0,1,0.07605824748787282,53
4425,0,6835,3631,3204,0,0,0,1.0,1,1.0,1,1.0,1,0.07992099509792824,54
4426,2,6837,3632,3205,0,0,0,1.0,1,1.0,1,1.0,1,0.052932503224442165,55
4427,1,6838,3633,3205,0,0,0,1.0,1,1.0,1,1.0,1,0.04225211655274241,55
4428,1,6839,3634,3205,0,0,0,1.0,1,1.0,1,1.0,1,0.0505795822562746,55
4429,0,6839,3634,3205,0,0,0,1.0,1,1.0,1,1.0,1,0.040980325731433356,56
4430,2,6841,3636,3205,0,0,0,1.0,1,1.0,1,1.0,1,0.0882708684477932,55
4431,0,6841,3636,3205,0,0,0,1.0,1,1.0,1,1.0,1,0.08072585426829325,56
4432,2,6843,3638,3205,0,0,0,1.0,1,1.0,1,1.0,1,0.1164671008627803,56
4433,1,6844,3638,3206,0,0,0,1.0,1,1.0,1,1.0,1,0.1204412533164185,57
4434,1,6845,3639,3206,0,0,0,1.0,1,1.0,1,1.0,1,0.11231050010795801,56
4435,2,6847,3641,3206,0,0,0,1.0,1,1.0,1,1.0,1,0.13623711079349204,56
4436,4,6851,3643,3208,0,0,0,1.0,1,1.0,1,1.0,1,0.11494234565104541,55
4437,1,6852,3644,3208,0,0,0,1.0,1,1.0,1,1.0,1,0.12587426137651386,54
4438,1,6853,3645,3208,0,0,0,1.0,1,1.0,1,1.0,1,0.12476892605230283,54
4439,4,6857,3648,3209,0,0,0,1.0,1,1.0,1,1.0,1,0.16941775107429938,55
4440,0,6857,3648,3209,0,0,0,1.0,1,1.0,1,1.0,1,0.16941775107429938,55
4441,5,6862,3652,3210,0,0,0,1.0,1,1.0,1,1.0,1,0.14767139417201042,59
4442,1,6863,3653,3210,0,0,0,1.0,1,1.0,1,1.0,1,0.14646651396508817,61
4443,2,6865,3655,3210,0,0,0,1.0,1,1.0,1,1.0,1,0.14851963286801564,60
4444,0,6865,3655,3210,0,0,0,1.0,1,1.0,1,1.0,1,0.15049421388785117,61
4445,0,6865,3655,3210,0,0,0,1.0,1,1.0,1,1.0,1,0.15049421388785117,61
4446,1,6866,3656,3210,0,0,0,1.0,1,1.0,1,1.0,1,0.16817664077926406,62
4447,1,6867,3656,3211,0,0,0,1.0,1,1.0,1,1.0,1,0.15030737091212124,63
4448,0,6867,3656,3211,0,0,0,1.0,1,1.0,1,1.0,1,0.15030737091212124,63
4449,0,6867,3656,3211,0,0,0,1.0,1,1.0,1,1.0,1,0.15030737091212124,63
4450,0,6867,3656,3211,0,0,0,1.0,1,1.0,1,1.0,1,0.15541373484899018,62
4451,6,6873,3656,3217,0,0,0,1.0,1,1.0,1,1.0,1,0.07249188529312825,63
4452,1,6874,3656,3218,0,0,0,1.0,1,1.0,1,1.0,1,0.060403124423038225,64
4453,0,6874,3656,3218,0,0,0,1.0,1,1.0,1,1.0,1,0.0676214360334252,65
4454,1,6875,3657,3218,0,0,0,1.0,1,1.0,1,1.0,1,0.05826685428447175,66
4455,2,6877,3658,3219,0,0,0,1.0,1,1.0,1,1.0,1,0.07347409545603828,67
4456,2,6879,3660,3219,0,0,0,1.0,1,1.0,1,1.0,1,0.0904923206703485,67
4457,1,6880,3661,3219,0,0,0,1.0,1,1.0,1,1.0,1,0.09940268416342497,65
4458,0,6880,3661,3219,0,0,0,1.0,1,1.0,1,1.0,1,0.09001593587144503,65
4459,4,6884,3665,3219,0,0,0,1.0,1,1.0,1,1.0,1,0.11075426615622876,64
4460,0,6884,3665,3219,0,0,0,1.0,1,1.0,1,1.0,1,0.0979565391814346,63
4461,3,6887,3668,3219,0,0,0,1.0,1,1.0,1,1.0,1,0.13059501731322842,62
4462,3,6890,3670,3220,0,0,0,1.0,1,1.0,1,1.0,1,0.1458908642591029,61
4463,3,6893,3672,3221,0,0,0,1.0,1,1.0,1,1.0,1,0.1935676344806389,61
4464,0,6893,3672,3221,0,0,0,1.0,1,1.0,1,1.0,1,0.20068437998539673,58
4465,2,6895,3674,3221,0,0,0,1.0,1,1.0,1,1.0,1,0.213856848365032,57
4466,1,6896,3675,3221,0,0,0,1.0,1,1.0,1,1.0,1,0.2709308670576769,54
4467,0,6896,3675,3221,0,0,0,1.0,1,1.0,1,1.0,1,0.25367078699038875,52
4468,4,6900,3679,3221,0,0,0,1.0,1,1.0,1,1.0,1,0.2061481586040979,52
4469,2,6902,3681,3221,0,0,0,1.0,1,1.0,1,1.0,1,0.21257179787441272,51
4470,3,6905,3684,3221,0,0,0,1.0,1,1.0,1,1.0,1,0.15583132771454297,51
4471,3,6908,3687,3221,0,0,0,1.0,1,1.0,1,1.0,1,0.1587799301354252,50
4472,1,6909,3688,3221,0,0,0,1.0,1,1.0,1,1.0,1,0.15084697382890166,48
4473,0,6909,3688,3221,0,0,0,1.0,1,1.0,1,1.0,1,0.1610430374706978,47
4474,1,6910,3689,3221,0,0,0,1.0,1,1.0,1,1.0,1,0.1602936648803711,49
4475,0,6910,3689,3221,0,0,0,1.0,1,1.0,1,1.0,1,0.20319051531092897,47
4476,4,6914,3689,3225,0,0,0,1.0,1,1.0,1,1.0,1,0.11908812107770526,49
4477,1,6915,3690,3225,0,0,0,1.0,1,1.0,1,1.0,1,0.17064066905235634,48
4478,0,6915,3690,3225,0,0,0,1.0,1,1.0,1,1.0,1,0.17064066905235634,48
4479,1,6916,3691,3225,0,0,0,1.0,1,1.0,1,1.0,1,0.20089724685944832,48
4480,2,6918,3692,3226,0,0,0,1.0,1,1.0,1,1.0,1,0.18285474789017836,49
4481,2,6920,3692,3228,0,0,0,1.0,1,1.0,1,1.0,1,0.18484819450445164,49
4482,1,6921,3693,3228,0,0,0,1.0,1,1.0,1,1.0,1,0.1889550748695144,49
4483,0,6921,3693,3228,0,0,0,1.0,1,1.0,1,1.0,1,0.1782847669122043,50
4484,2,6923,3695,3228,0,0,0,1.0,1,1.0,1,1.0,1,0.1695612919655337,52
4485,0,6923,3695,3228,0,0,0,1.0,1,1.0,1,1.0,1,0.1707620556072004,53
4486,4,6927,3699,3228,0,0,0,1.0,1,1.0,1,1.0,1,0.1620448175272145,55
4487,4,6931,3701,3230,0,0,0,1.0,1,1.0,1,1.0,1,0.13552085861617796,55
4488,4,6935,3702,3233,0,0,0,1.0,1,1.0,1,1.0,1,0.14794673842982656,54
4489,1,6936,3702,3234,0,0,0,1.0,1,1.0,1,1.0,1,0.1344801795766706,53
4490,0,6936,3702,3234,0,0,0,1.0,1,1.0,1,1.0,1,0.1344801795766706,53
4491,2,6938,3704,3234,0,0,0,1.0,1,1.0,1,1.0,1,0.13431224301225334,52
4492,1,6939,3705,3234,0,0,0,1.0,1,1.0,1,1.0,1,0.13941698424820495,52
4493,2,6941,3706,3235,0,0,0,1.0,1,1.0,1,1.0,1,0.15274135053535026,52
4494,0,6941,3706,3235,0,0,0,1.0,1,1.0,1,1.0,1,0.16287020591643453,53
4495,5,6946,3711,3235,0,0,0,1.0,1,1.0,1,1.0,1,0.17229729964345492,50
4496,1,6947,3712,3235,0,0,0,1.0,1,1.0,1,1.0,1,0.17387801062850683,51
4497,2,6949,3714,3235,0,0,0,1.0,1,1.0,1,1.0,1,0.17968586229811714,50
4498,0,6949,3714,3235,0,0,0,1.0,1,1.0,1,1.0,1,0.17027654807453935,49
4499,1,6950,3715,3235,0,0,0,1.0,1,1.0,1,1.0,1,0.17418711795329478,48
4500,3,6953,3718,3235,0,0,0,1.0,1,1.0,1,1.0,1,0.15761067271311846,48
4501,4,6957,3719,3238,0,0,0,1.0,1,1.0,1,1.0,1,0.09096428176533179,48
4502,2,6959,3721,3238,0,0,0,1.0,1,1.0,1,1.0,1,0.14508551137017975,49
4503,2,6961,3723,3238,0,0,0,1.0,1,1.0,1,1.0,1,0.19399529229294457,49
4504,0,6961,3723,3238,0,0,0,1.0,1,1.0,1,1.0,1,0.19178619104376438,45
4505,0,6961,3723,3238,0,0,0,1.0,1,1.0,1,1.0,1,0.18700695869541195,46
4506,4,6965,3726,3239,0,0,0,1.0,1,1.0,1,1.0,1,0.21063869571812655,45
4507,1,6966,3727,3239,0,0,0,1.0,1,1.0,1,1.0,1,0.21345539700191835,45
4508,1,6967,3728,3239,0,0,0,1.0,1,1.0,1,1.0,1,0.21697690404111217,43
4509,2,6969,3730,3239,0,0,0,1.0,1,1.0,1,1.0,1,0.21687082254476656,41
4510,2,6971,3732,3239,0,0,0,1.0,1,1.0,1,1.0,1,0.18950858404847645,42
4511,2,6973,3734,3239,0,0,0,1.0,1,1.0,1,1.0,1,0.2119860606377124,41
4512,0,6973,3734,3239,0,0,0,1.0,1,1.0,1,1.0,1,0.2119860606377124,41
4513,1,6974,3735,3239,0,0,0,1.0,1,1.0,1,1.0,1,0.19592177461045224,41
4514,2,6976,3737,3239,0,0,0,1.0,1,1.0,1,1.0,1,0.1543638035944265,42
4515,0,6976,3737,3239,0,0,0,1.0,1,1.0,1,1.0,1,0.2076076246979382,41
4516,3,6979,3740,3239,0,0,0,1.0,1,1.0,1,1.0,1,0.21981568043695454,42
4517,1,6980,3740,3240,0,0,0,1.0,1,1.0,1,1.0,1,0.1966426410823367,43
4518,0,6980,3740,3240,0,0,0,1.0,1,1.0,1,1.0,1,0.21774501143634462,42
4519,1,6981,3741,3240,0,0,0,1.0,1,1.0,1,1.0,1,0.24798061360567314,42
4520,0,6981,3741,3240,0,0,0,1.0,1,1.0,1,1.0,1,0.27289712038066205,42
4521,0,6981,3741,3240,0,0,0,1.0,1,1.0,1,1.0,1,0.27289712038066205,42
4522,3,6984,3744,3240,0,0,0,1.0,1,1.0,1,1.0,1,0.2736975328300234,42
4523,0,6984,3744,3240,0,0,0,1.0,1,1.0,1,1.0,1,0.2736975328300234,42
4524,2,6986,3746,3240,0,0,0,1.0,1,1.0,1,1.0,1,0.27437842647603405,43
4525,3,6989,3749,3240,0,0,0,1.0,1,1.0,1,1.0,1,0.2535019812262718,46
4526,10,6999,3752,3247,0,0,0,1.0,1,1.0,1,1.0,1,0.049643236614450886,46
4527,1,7000,3753,3247,0,0,0,1.0,1,1.0,1,1.0,1,0.05249028003972439,47
4528,0,7000,3753,3247,0,0,0,1.0,1,1.0,1,1.0,1,0.06101860279086539,49
4529,2,7002,3754,3248,0,0,0,1.0,1,1.0,1,1.0,1,0.04033862448174811,50
4530,1,7003,3755,3248,0,0,0,1.0,1,1.0,1,1.0,1,0.04397653103556386,51
4531,3,7006,3757,3249,0,0,0,1.0,1,1.0,1,1.0,1,0.04498666795135882,51
4532,0,7006,3757,3249,0,0,0,1.0,1,1.0,1,1.0,1,0.04498666795135882,51
4533,2,7008,3759,3249,0,0,0,1.0,1,1.0,1,1.0,1,0.06472659407642437,50
4534,1,7009,3759,3250,0,0,0,1.0,1,1.0,1,1.0,1,0.05761084387818246,51
4535,2,7011,3761,3250,0,0,0,1.0,1,1.0,1,1.0,1,0.09793625622857106,50
4536,0,7011,3761,3250,0,0,0,1.0,1,1.0,1,1.0,1,0.10472000221242683,48
4537,2,7013,3763,3250,0,0,0,1.0,1,1.0,1,1.0,1,0.12587919130048128,49
4538,0,7013,3763,3250,0,0,0,1.0,1,1.0,1,1.0,1,0.10926006442077463,48
4539,2,7015,3763,3252,0,0,0,1.0,1,1.0,1,1.0,1,0.09767266597928047,50
4540,1,7016,3763,3253,0,0,0,1.0,1,1.0,1,1.0,1,0.09435435981942203,49
4541,0,7016,3763,3253,0,0,0,1.0,1,1.0,1,1.0,1,0.09435435981942203,49
4542,0,7016,3763,3253,0,0,0,1.0,1,1.0,1,1.0,1,0.12332578753232168,47
4543,3,7019,3763,3256,0,0,0,1.0,1,1.0,1,1.0,1,0.1492076139891446,45
4544,2,7021,3764,3257,0,0,0,1.0,1,1.0,1,1.0,1,0.15134715214652256,45
4545,0,7021,3764,3257,0,0,0,1.0,1,1.0,1,1.0,1,0.1682258574298638,43
4546,1,7022,3765,3257,0,0,0,1.0,1,1.0,1,1.0,1,0.15794034105781507,43
4547,2,7024,3766,3258,0,0,0,1.0,1,1.0,1,1.0,1,0.17948223758920384,41
4548,0,7024,3766,3258,0,0,0,1.0,1,1.0,1,1.0,1,0.1720367936681049,42
4549,1,7025,3767,3258,0,0,0,1.0,1,1.0,1,1.0,1,0.13912359293880774,41
4550,3,7028,3770,3258,0,0,0,1.0,1,1.0,1,1.0,1,0.11836983452985099,41
4551,1,7029,3770,3259,0,0,0,1.0,1,1.0,1,1.0,1,0.10551941689565623,39
4552,0,7029,3770,3259,0,0,0,1.0,1,1.0,1,1.0,1,0.11410861331071573,38
4553,0,7029,3770,3259,0,0,0,1.0,1,1.0,1,1.0,1,0.1260131957271016,39
4554,0,7029,3770,3259,0,0,0,1.0,1,1.0,1,1.0,1,0.1334707720118378,38
4555,0,7029,3770,3259,0,0,0,1.0,1,1.0,1,1.0,1,0.14190061391384784,37
4556,4,7033,3773,3260,0,0,0,1.0,1,1.0,1,1.0,1,0.15372162667852105,36
4557,0,7033,3773,3260,0,0,0,1.0,1,1.0,1,1.0,1,0.1355828707005859,38
4558,2,7035,3774,3261,0,0,0,1.0,1,1.0,1,1.0,1,0.13888552328609124,39
4559,3,7038,3776,3262,0,0,0,1.0,1,1.0,1,1.0,1,0.1836913919677831,38
4560,2,7040,3777,3263,0,0,0,1.0,1,1.0,1,1.0,1,0.18823818902124173,41
4561,1,7041,3777,3264,0,0,0,1.0,1,1.0,1,1.0,1,0.19789368771998492,41
4562,3,7044,3778,3266,0,0,0,1.0,1,1.0,1,1.0,1,0.17487221008655984,43
4563,1,7045,3778,3267,0,0,0,1.0,1,1.0,1,1.0,1,0.14513428550977478,42
4564,1,7046,3778,3268,0,0,0,1.0,1,1.0,1,1.0,1,0.14308194337335767,43
4565,0,7046,3778,3268,0,0,0,1.0,1,1.0,1,1.0,1,0.15878240334386415,44
4566,0,7046,3778,3268,0,0,0,1.0,1,1.0,1,1.0,1,0.1348777264150784,45
4567,3,7049,3781,3268,0,0,0,1.0,1,1.0,1,1.0,1,0.15375515172474755,47
4568,5,7054,3782,3272,0,0,0,1.0,1,1.0,1,1.0,1,0.05520225104864954,47
4569,3,7057,3784,3273,0,0,0,1.0,1,1.0,1,1.0,1,0.06811725223703737,49
4570,2,7059,3785,3274,0,0,0,1.0,1,1.0,1,1.0,1,0.10108320680322588,49
4571,2,7061,3787,3274,0,0,0,1.0,1,1.0,1,1.0,1,0.12039513698148568,48
4572,2,7063,3788,3275,0,0,0,1.0,1,1.0,1,1.0,1,0.10916265959656912,48
4573,2,7065,3790,3275,0,0,0,1.0,1,1.0,1,1.0,1,0.1371937210577174,48
4574,3,7068,3792,3276,0,0,0,1.0,1,1.0,1,1.0,1,0.1743439573957943,50
4575,3,7071,3792,3279,0,0,0,1.0,1,1.0,1,1.0,1,0.12989391727287353,51
4576,1,7072,3792,3280,0,0,0,1.0,1,1.0,1,1.0,1,0.11487484557905656,48
4577,0,7072,3792,3280,0,0,0,1.0,1,1.0,1,1.0,1,0.10409866615011601,47
4578,0,7072,3792,3280,0,0,0,1.0,1,1.0,1,1.0,1,0.09179416967602379,46
4579,0,7072,3792,3280,0,0,0,1.0,1,1.0,1,1.0,1,0.08979711176433827,46
4580,0,7072,3792,3280,0,0,0,1.0,1,1.0,1,1.0,1,0.0753249779459975,47
4581,1,7073,3793,3280,0,0,0,1.0,1,1.0,1,1.0,1,0.10054274420027659,47
4582,0,7073,3793,3280,0,0,0,1.0,1,1.0,1,1.0,1,0.10408997843247793,48
4583,0,7073,3793,3280,0,0,0,1.0,1,1.0,1,1.0,1,0.10408997843247793,48
4584,1,7074,3793,3281,0,0,0,1.0,1,1.0,1,1.0,1,0.10177633901864863,50
4585,1,7075,3794,3281,0,0,0,1.0,1,1.0,1,1.0,1,0.1248940018023215,50
4586,0,7075,3794,3281,0,0,0,1.0,1,1.0,1,1.0,1,0.1248940018023215,50
4587,0,7075,3794,3281,0,0,0,1.0,1,1.0,1,1.0,1,0.1248940018023215,50
4588,1,7076,3795,3281,0,0,0,1.0,1,1.0,1,1.0,1,0.15077547519709278,50
4589,0,7076,3795,3281,0,0,0,1.0,1,1.0,1,1.0,1,0.1565201066131323,52
4590,0,7076,3795,3281,0,0,0,1.0,1,1.0,1,1.0,1,0.1565201066131323,52
4591,0,7076,3795,3281,0,0,0,1.0,1,1.0,1,1.0,1,0.1669537439526104,53
4592,0,7076,3795,3281,0,0,0,1.0,1,1.0,1,1.0,1,0.16880028799498353,54
4593,3,7079,3797,3282,0,0,0,1.0,1,1.0,1,1.0,1,0.20150827809100005,56
4594,2,7081,3797,3284,0,0,0,1.0,1,1.0,1,1.0,1,0.19850657576316252,57
4595,1,7082,3798,3284,0,0,0,1.0,1,1.0,1,1.0,1,0.17861670480338543,56
4596,0,7082,3798,3284,0,0,0,1.0,1,1.0,1,1.0,1,0.17861670480338543,56
4597,2,7084,3800,3284,0,0,0,1.0,1,1.0,1,1.0,1,0.16426555930152037,56
4598,2,7086,3802,3284,0,0,0,1.0,1,1.0,1,1.0,1,0.19457119220107513,57
4599,0,7086,3802,3284,0,0,0,1.0,1,1.0,1,1.0,1,0.1674816044330736,59
4600,0,7086,3802,3284,0,0,0,1.0,1,1.0,1,1.0,1,0.16886857165806665,60
4601,1,7087,3803,3284,0,0,0,1.0,1,1.0,1,1.0,1,0.17788069331634895,60
4602,0,7087,3803,3284,0,0,0,1.0,1,1.0,1,1.0,1,0.16397500808744336,62
4603,0,7087,3803,3284,0,0,0,1.0,1,1.0,1,1.0,1,0.16397500808744336,62
4604,1,7088,3804,3284,0,0,0,1.0,1,1.0,1,1.0,1,0.16524796362073432,63
4605,0,7088,3804,3284,0,0,0,1.0,1,1.0,1,1.0,1,0.16524796362073432,63
4606,1,7089,3804,3285,0,0,0,1.0,1,1.0,1,1.0,1,0.16238295884031115,64
4607,1,7090,3805,3285,0,0,0,1.0,1,1.0,1,1.0,1,0.1616020816832184,65
4608,2,7092,3806,3286,0,0,0,1.0,1,1.0,1,1.0,1,0.18142611020368374,66
4609,2,7094,3808,3286,0,0,0,1.0,1,1.0,1,1.0,1,0.19248932538274388,65
4610,1,7095,3808,3287,0,0,0,1.0,1,1.0,1,1.0,1,0.16932692732785343,63
4611,5,7100,3812,3288,0,0,0,1.0,1,1.0,1,1.0,1,0.19168472655425955,64
4612,2,7102,3813,3289,0,0,0,1.0,1,1.0,1,1.0,1,0.1757264443413015,62
4613,2,7104,3815,3289,0,0,0,1.0,1,1.0,1,1.0,1,0.18142544597404578,63
4614,2,7106,3815,3291,0,0,0,1.0,1,1.0,1,1.0,1,0.13939469610457866,61
4615,0,7106,3815,3291,0,0,0,1.0,1,1.0,1,1.0,1,0.14803987981195765,59
4616,2,7108,3815,3293,0,0,0,1.0,1,1.0,1,1.0,1,0.1300712591395913,58
4617,1,7109,3816,3293,0,0,0,1.0,1,1.0,1,1.0,1,0.1650215838650505,58
4618,2,7111,3817,3294,0,0,0,1.0,1,1.0,1,1.0,1,0.18667060808077687,57
4619,4,7115,3819,3296,0,0,0,1.0,1,1.0,1,1.0,1,0.2035810178236229,57
4620,0,7115,3819,3296,0,0,0,1.0,1,1.0,1,1.0,1,0.2035810178236229,57
4621,1,7116,3820,3296,0,0,0,1.0,1,1.0,1,1.0,1,0.21464479539208878,59
4622,6,7122,3824,3298,0,0,0,1.0,1,1.0,1,1.0,1,0.18044063336181512,60
4623,1,7123,3824,3299,0,0,0,1.0,1,1.0,1,1.0,1,0.18608471555604178,59
4624,4,7127,3828,3299,0,0,0,1.0,1,1.0,1,1.0,1,0.2110313988627846,59
4625,1,7128,3829,3299,0,0,0,1.0,1,1.0,1,1.0,1,0.20927288336004093,57
4626,3,7131,3831,3300,0,0,0,1.0,1,1.0,1,1.0,1,0.22305029273679522,56
4627,1,7132,3831,3301,0,0,0,1.0,1,1.0,1,1.0,1,0.21496614123723773,56
4628,1,7133,3831,3302,0,0,0,1.0,1,1.0,1,1.0,1,0.19760282937194862,56
4629,1,7134,3832,3302,0,0,0,1.0,1,1.0,1,1.0,1,0.24206823961971363,56
4630,0,7134,3832,3302,0,0,0,1.0,1,1.0,1,1.0,1,0.2342832745896262,57
4631,1,7135,3832,3303,0,0,0,1.0,1,1.0,1,1.0,1,0.2642156738984238,56
4632,1,7136,3833,3303,0,0,0,1.0,1,1.0,1,1.0,1,0.30145908066014326,57
4633,1,7137,3833,3304,0,0,0,1.0,1,1.0,1,1.0,1,0.28362769333353344,58
4634,1,7138,3834,3304,0,0,0,1.0,1,1.0,1,1.0,1,0.2755398584086206,58
4635,0,7138,3834,3304,0,0,0,1.0,1,1.0,1,1.0,1,0.26426456527953535,59
4636,0,7138,3834,3304,0,0,0,1.0,1,1.0,1,1.0,1,0.24538224999213545,60
4637,3,7141,3836,3305,0,0,0,1.0,1,1.0,1,1.0,1,0.21825004765871875,60
4638,1,7142,3836,3306,0,0,0,1.0,1,1.0,1,1.0,1,0.22341379374789683,61
4639,3,7145,3838,3307,0,0,0,1.0,1,1.0,1,1.0,1,0.20943548285377497,62
4640,0,7145,3838,3307,0,0,0,1.0,1,1.0,1,1.0,1,0.22047820286435424,63
4641,3,7148,3840,3308,0,0,0,1.0,1,1.0,1,1.0,1,0.19340236142407363,63
4642,0,7148,3840,3308,0,0,0,1.0,1,1.0,1,1.0,1,0.20744089396500234,62
4643,2,7150,3841,3309,0,0,0,1.0,1,1.0,1,1.0,1,0.21245553425904384,63
4644,1,7151,3842,3309,0,0,0,1.0,1,1.0,1,1.0,1,0.2235436460388431,62
4645,3,7154,3843,3311,0,0,0,1.0,1,1.0,1,1.0,1,0.2269955748379933,63
4646,2,7156,3845,3311,0,0,0,1.0,1,1.0,1,1.0,1,0.2616655476479292,63
4647,1,7157,3846,3311,0,0,0,1.0,1,1.0,1,1.0,1,0.27443711120829334,62
4648,2,7159,3847,3312,0,0,0,1.0,1,1.0,1,1.0,1,0.29607388597539186,63
4649,2,7161,3849,3312,0,0,0,1.0,1,1.0,1,1.0,1,0.26055213799172067,61
4650,1,7162,3850,3312,0,0,0,1.0,1,1.0,1,1.0,1,0.226407659318683,63
4651,5,7167,3851,3316,0,0,0,1.0,1,1.0,1,1.0,1,0.17823527056343919,62
4652,0,7167,3851,3316,0,0,0,1.0,1,1.0,1,1.0,1,0.1633578882047183,59
4653,0,7167,3851,3316,0,0,0,1.0,1,1.0,1,1.0,1,0.16487079537883353,60
4654,0,7167,3851,3316,0,0,0,1.0,1,1.0,1,1.0,1,0.16908042636901466,60
4655,1,7168,3852,3316,0,0,0,1.0,1,1.0,1,1.0,1,0.1943331394821649,60
4656,3,7171,3854,3317,0,0,0,1.0,1,1.0,1,1.0,1,0.24150152413687542,61
4657,2,7173,3855,3318,0,0,0,1.0,1,1.0,1,1.0,1,0.2172131574710613,62
4658,5,7178,3858,3320,0,0,0,1.0,1,1.0,1,1.0,1,0.2152287924131961,62
4659,0,7178,3858,3320,0,0,0,1.0,1,1.0,1,1.0,1,0.20635856174145345,61
4660,2,7180,3860,3320,0,0,0,1.0,1,1.0,1,1.0,1,0.2638578280913913,61
4661,0,7180,3860,3320,0,0,0,1.0,1,1.0,1,1.0,1,0.2613465618939571,61
4662,0,7180,3860,3320,0,0,0,1.0,1,1.0,1,1.0,1,0.24936967172249874,62
4663,0,7180,3860,3320,0,0,0,1.0,1,1.0,1,1.0,1,0.25536488542996,61
4664,1,7181,3861,3320,0,0,0,1.0,1,1.0,1,1.0,1,0.2531649828708433,62
4665,1,7182,3861,3321,0,0,0,1.0,1,1.0,1,1.0,1,0.2559889506392408,61
4666,2,7184,3863,3321,0,0,0,1.0,1,1.0,1,1.0,1,0.26120327576297586,61
4667,2,7186,3865,3321,0,0,0,1.0,1,1.0,1,1.0,1,0.2640212320325496,59
4668,3,7189,3867,3322,0,0,0,1.0,1,1.0,1,1.0,1,0.2760792033599794,59
4669,1,7190,3867,3323,0,0,0,1.0,1,1.0,1,1.0,1,0.26595124384338026,58
4670,3,7193,3870,3323,0,0,0,1.0,1,1.0,1,1.0,1,0.2737662343019793,57
4671,1,7194,3871,3323,0,0,0,1.0,1,1.0,1,1.0,1,0.2700649291709619,55
4672,2,7196,3873,3323,0,0,0,1.0,1,1.0,1,1.0,1,0.2995860604668191,56
4673,1,7197,3874,3323,0,0,0,1.0,1,1.0,1,1.0,1,0.2821183953329755,58
4674,1,7198,3875,3323,0,0,0,1.0,1,1.0,1,1.0,1,0.29805295594080444,58
4675,0,7198,3875,3323,0,0,0,1.0,1,1.0,1,1.0,1,0.3246503315299613,57
4676,11,7209,3876,3333,0,0,0,1.0,1,1.0,1,1.0,1,0.22106747808487928,58
4677,3,7212,3876,3336,0,0,0,1.0,1,1.0,1,1.0,1,0.2262334856504343,57
4678,2,7214,3876,3338,0,0,0,1.0,1,1.0,1,1.0,1,0.2312354835309329,57
4679,0,7214,3876,3338,0,0,0,1.0,1,1.0,1,1.0,1,0.2312354835309329,57
4680,2,7216,3876,3340,0,0,0,1.0,1,1.0,1,1.0,1,0.23059438446725009,59
4681,2,7218,3876,3342,0,0,0,1.0,1,1.0,1,1.0,1,0.2142484504701659,60
4682,2,7220,3877,3343,0,0,0,1.0,1,1.0,1,1.0,1,0.21912363383713535,60
4683,3,7223,3879,3344,0,0,0,1.0,1,1.0,1,1.0,1,0.19428775415486063,60
4684,2,7225,3880,3345,0,0,0,1.0,1,1.0,1,1.0,1,0.20433421037746,60
4685,2,7227,3881,3346,0,0,0,1.0,1,1.0,1,1.0,1,0.2083924653093774,59
4686,2,7229,3883,3346,0,0,0,1.0,1,1.0,1,1.0,1,0.2174322243900648,60
4687,3,7232,3884,3348,0,0,0,1.0,1,1.0,1,1.0,1,0.2279006523945266,59
4688,3,7235,3885,3350,0,0,0,1.0,1,1.0,1,1.0,1,0.25208103610739363,59
4689,3,7238,3886,3352,0,0,0,1.0,1,1.0,1,1.0,1,0.2800622124640719,59
4690,3,7241,3887,3354,0,0,0,1.0,1,1.0,1,1.0,1,0.245101099334731,58
4691,0,7241,3887,3354,0,0,0,1.0,1,1.0,1,1.0,1,0.23740050919714145,57
4692,2,7243,3887,3356,0,0,0,1.0,1,1.0,1,1.0,1,0.21023092503496288,58
4693,3,7246,3887,3359,0,0,0,1.0,1,1.0,1,1.0,1,0.17234930554508804,57
4694,3,7249,3888,3361,0,0,0,1.0,1,1.0,1,1.0,1,0.17599808935938135,57
4695,1,7250,3888,3362,0,0,0,1.0,1,1.0,1,1.0,1,0.20356418488138203,56
4696,4,7254,3890,3364,0,0,0,1.0,1,1.0,1,1.0,1,0.22776054605638285,57
4697,2,7256,3890,3366,0,0,0,1.0,1,1.0,1,1.0,1,0.1947045267719556,58
4698,6,7262,3890,3372,0,0,0,1.0,1,1.0,1,1.0,1,0.16903818802142373,59
4699,3,7265,3890,3375,0,0,0,1.0,1,1.0,1,1.0,1,0.14647491469138937,58
4700,1,7266,3890,3376,0,0,0,1.0,1,1.0,1,1.0,1,0.13287173388978785,59
4701,3,7269,3890,3379,0,0,0,1.0,1,1.0,1,1.0,1,0.11332378087946639,60
4702,0,7269,3890,3379,0,0,0,1.0,1,1.0,1,1.0,1,0.12144072185630958,61
4703,1,7270,3891,3379,0,0,0,1.0,1,1.0,1,1.0,1,0.1516217911617031,59
4704,2,7272,3891,3381,0,0,0,1.0,1,1.0,1,1.0,1,0.10627602819335424,58
4705,3,7275,3894,3381,0,0,0,1.0,1,1.0,1,1.0,1,0.146371669270133,58
4706,2,7277,3896,3381,0,0,0,1.0,1,1.0,1,1.0,1,0.16817263951994926,60
4707,1,7278,3897,3381,0,0,0,1.0,1,1.0,1,1.0,1,0.17267041043238027,57
4708,2,7280,3899,3381,0,0,0,1.0,1,1.0,1,1.0,1,0.20868152802808973,57
4709,2,7282,3901,3381,0,0,0,1.0,1,1.0,1,1.0,1,0.2469447384579873,55
4710,1,7283,3902,3381,0,0,0,1.0,1,1.0,1,1.0,1,0.26745771399596485,53
4711,2,7285,3904,3381,0,0,0,1.0,1,1.0,1,1.0,1,0.23195280166237345,52
4712,0,7285,3904,3381,0,0,0,1.0,1,1.0,1,1.0,1,0.23178549140081206,52
4713,2,7287,3906,3381,0,0,0,1.0,1,1.0,1,1.0,1,0.24060563295019907,51
4714,0,7287,3906,3381,0,0,0,1.0,1,1.0,1,1.0,1,0.240397431937044,50
4715,2,7289,3906,3383,0,0,0,1.0,1,1.0,1,1.0,1,0.18800362288421152,50
4716,2,7291,3907,3384,0,0,0,1.0,1,1.0,1,1.0,1,0.2229822956379999,49
4717,3,7294,3908,3386,0,0,0,1.0,1,1.0,1,1.0,1,0.21521105403780746,49
4718,0,7294,3908,3386,0,0,0,1.0,1,1.0,1,1.0,1,0.21508966468450366,50
4719,1,7295,3908,3387,0,0,0,1.0,1,1.0,1,1.0,1,0.19932267545608515,49
4720,1,7296,3908,3388,0,0,0,1.0,1,1.0,1,1.0,1,0.17797601704852553,49
4721,1,7297,3909,3388,0,0,0,1.0,1,1.0,1,1.0,1,0.16229901900307078,50
4722,1,7298,3909,3389,0,0,0,1.0,1,1.0,1,1.0,1,0.15658572086885622,51
4723,0,7298,3909,3389,0,0,0,1.0,1,1.0,1,1.0,1,0.12140677511540049,50
4724,2,7300,3911,3389,0,0,0,1.0,1,1.0,1,1.0,1,0.14628158567513916,50
4725,0,7300,3911,3389,0,0,0,1.0,1,1.0,1,1.0,1,0.15766181508255245,52
4726,3,7303,3912,3391,0,0,0,1.0,1,1.0,1,1.0,1,0.1639272175872661,51
4727,1,7304,3913,3391,0,0,0,1.0,1,1.0,1,1.0,1,0.1769284770081805,52
4728,4,7308,3915,3393,0,0,0,1.0,1,1.0,1,1.0,1,0.17662694621660122,52
4729,0,7308,3915,3393,0,0,0,1.0,1,1.0,1,1.0,1,0.17662694621660122,52
4730,1,7309,3915,3394,0,0,0,1.0,1,1.0,1,1.0,1,0.17215499830872222,50
4731,3,7312,3918,3394,0,0,0,1.0,1,1.0,1,1.0,1,0.2016942825971807,51
4732,2,7314,3918,3396,0,0,0,1.0,1,1.0,1,1.0,1,0.20057706956821544,52
4733,9,7323,3921,3402,0,0,0,1.0,1,1.0,1,1.0,1,0.27858206691386206,53
4734,6,7329,3921,3408,0,0,0,1.0,1,1.0,1,1.0,1,0.27858206691386206,53
4735,4,7333,3922,3411,0,0,0,1.0,1,1.0,1,1.0,1,0.2602043412969442,53
4736,4,7337,3923,3414,0,0,0,1.0,1,1.0,1,1.0,1,0.3046514829119278,55
4737,7,7344,3923,3421,0,0,0,1.0,1,1.0,1,1.0,1,0.3000783907066163,57
4738,8,7352,3923,3429,0,0,0,1.0,1,1.0,1,1.0,1,0.3000783907066163,57
4739,7,7359,3923,3436,0,0,0,1.0,1,1.0,1,1.0,1,0.2756771293131888,57
4740,4,7363,3923,3440,0,0,0,1.0,1,1.0,1,1.0,1,0.25404050759969427,57
4741,3,7366,3923,3443,0,0,0,1.0,1,1.0,1,1.0,1,0.24424342722180095,58
4742,2,7368,3924,3444,0,0,0,1.0,1,1.0,1,1.0,1,0.2534290421736039,58
4743,1,7369,3924,3445,0,0,0,1.0,1,1.0,1,1.0,1,0.2150752160378854,56
4744,0,7369,3924,3445,0,0,0,1.0,1,1.0,1,1.0,1,0.20482533529007352,57
4745,3,7372,3926,3446,0,0,0,1.0,1,1.0,1,1.0,1,0.1990591022515118,56
4746,1,7373,3927,3446,0,0,0,1.0,1,1.0,1,1.0,1,0.20938233915187637,56
4747,1,7374,3928,3446,0,0,0,1.0,1,1.0,1,1.0,1,0.1896935804263167,55
4748,1,7375,3929,3446,0,0,0,1.0,1,1.0,1,1.0,1,0.19845423348776287,55
4749,1,7376,3929,3447,0,0,0,1.0,1,1.0,1,1.0,1,0.17716129025110303,54
4750,1,7377,3930,3447,0,0,0,1.0,1,1.0,1,1.0,1,0.16335982292536863,53
4751,0,7377,3930,3447,0,0,0,1.0,1,1.0,1,1.0,1,0.19389215056798406,53
4752,1,7378,3931,3447,0,0,0,1.0,1,1.0,1,1.0,1,0.18240732352736883,53
4753,0,7378,3931,3447,0,0,0,1.0,1,1.0,1,1.0,1,0.20517829141041408,52
4754,2,7380,3931,3449,0,0,0,1.0,1,1.0,1,1.0,1,0.15477187391337802,52
4755,2,7382,3931,3451,0,0,0,1.0,1,1.0,1,1.0,1,0.11085036594628142,51
4756,2,7384,3931,3453,0,0,0,1.0,1,1.0,1,1.0,1,0.09987784081129995,52
4757,1,7385,3931,3454,0,0,0,1.0,1,1.0,1,1.0,1,0.08335696576620115,51
4758,1,7386,3931,3455,0,0,0,1.0,1,1.0,1,1.0,1,0.07367026989562625,51
4759,0,7386,3931,3455,0,0,0,1.0,1,1.0,1,1.0,1,0.07367026989562625,51
4760,1,7387,3932,3455,0,0,0,1.0,1,1.0,1,1.0,1,0.05763314691550077,52
4761,2,7389,3934,3455,0,0,0,1.0,1,1.0,1,1.0,1,0.060211503853394334,50
4762,5,7394,3939,3455,0,0,0,1.0,1,1.0,1,1.0,1,0.16383264087168312,51
4763,0,7394,3939,3455,0,0,0,1.0,1,1.0,1,1.0,1,0.16383264087168312,51
4764,4,7398,3943,3455,0,0,0,1.0,1,1.0,1,1.0,1,0.2243648350038632,53
4765,0,7398,3943,3455,0,0,0,1.0,1,1.0,1,1.0,1,0.2243648350038632,53
4766,3,7401,3945,3456,0,0,0,1.0,1,1.0,1,1.0,1,0.24743613757072594,55
4767,1,7402,3945,3457,0,0,0,1.0,1,1.0,1,1.0,1,0.1945182432599083,56
4768,1,7403,3945,3458,0,0,0,1.0,1,1.0,1,1.0,1,0.16411541861056922,56
4769,3,7406,3946,3460,0,0,0,1.0,1,1.0,1,1.0,1,0.17705456169443154,56
4770,1,7407,3946,3461,0,0,0,1.0,1,1.0,1,1.0,1,0.15909984940652247,56
4771,1,7408,3946,3462,0,0,0,1.0,1,1.0,1,1.0,1,0.1550028809351147,55
4772,0,7408,3946,3462,0,0,0,1.0,1,1.0,1,1.0,1,0.16434722929213139,56
4773,0,7408,3946,3462,0,0,0,1.0,1,1.0,1,1.0,1,0.16434722929213139,56
4774,1,7409,3946,3463,0,0,0,1.0,1,1.0,1,1.0,1,0.14781993058960038,58
4775,0,7409,3946,3463,0,0,0,1.0,1,1.0,1,1.0,1,0.13641893170438932,59
4776,5,7414,3946,3468,0,0,0,1.0,1,1.0,1,1.0,1,0.03668227796801431,59
4777,1,7415,3947,3468,0,0,0,1.0,1,1.0,1,1.0,1,0.04852359901264263,60
4778,1,7416,3948,3468,0,0,0,1.0,1,1.0,1,1.0,1,0.03354066490384655,60
4779,1,7417,3949,3468,0,0,0,1.0,1,1.0,1,1.0,1,0.038453669782368805,61
4780,1,7418,3950,3468,0,0,0,1.0,1,1.0,1,1.0,1,0.04586443506540901,63
4781,0,7418,3950,3468,0,0,0,1.0,1,1.0,1,1.0,1,0.050645544106078,62
4782,1,7419,3951,3468,0,0,0,1.0,1,1.0,1,1.0,1,0.0850218930232098,63
4783,2,7421,3953,3468,0,0,0,1.0,1,1.0,1,1.0,1,0.0674740586983948,62
4784,2,7423,3955,3468,0,0,0,1.0,1,1.0,1,1.0,1,0.028986481294209637,62
4785,3,7426,3958,3468,0,0,0,1.0,1,1.0,1,1.0,1,0.026472746497674282,62
4786,4,7430,3962,3468,0,0,0,1.0,1,1.0,1,1.0,1,0.08351229856251788,63
4787,2,7432,3964,3468,0,0,0,1.0,1,1.0,1,1.0,1,0.09268894743206989,62
4788,3,7435,3967,3468,0,0,0,1.0,1,1.0,1,1.0,1,0.14491014137630448,62
4789,5,7440,3971,3469,0,0,0,1.0,1,1.0,1,1.0,1,0.14568145632712012,60
4790,7,7447,3976,3471,0,0,0,1.0,1,1.0,1,1.0,1,0.10879185747576227,61
4791,1,7448,3977,3471,0,0,0,1.0,1,1.0,1,1.0,1,0.12740711743939745,60
4792,5,7453,3981,3472,0,0,0,1.0,1,1.0,1,1.0,1,0.1315579353428829,60
4793,1,7454,3982,3472,0,0,0,1.0,1,1.0,1,1.0,1,0.1320288683568013,61
4794,1,7455,3983,3472,0,0,0,1.0,1,1.0,1,1.0,1,0.16976744186434134,59
4795,1,7456,3984,3472,0,0,0,1.0,1,1.0,1,1.0,1,0.14196602450759635,61
4796,2,7458,3985,3473,0,0,0,1.0,1,1.0,1,1.0,1,0.16913781731024263,59
4797,4,7462,3988,3474,0,0,0,1.0,1,1.0,1,1.0,1,0.2258605289040246,58
4798,1,7463,3989,3474,0,0,0,1.0,1,1.0,1,1.0,1,0.20533551615855783,59
4799,0,7463,3989,3474,0,0,0,1.0,1,1.0,1,1.0,1,0.21990564122507048,57
4800,2,7465,3991,3474,0,0,0,1.0,1,1.0,1,1.0,1,0.23824802593202457,58
4801,11,7476,3994,3482,0,0,0,1.0,1,1.0,1,1.0,1,0.08963027977919259,57
4802,2,7478,3995,3483,0,0,0,1.0,1,1.0,1,1.0,1,0.10154857299606157,57
4803,0,7478,3995,3483,0,0,0,1.0,1,1.0,1,1.0,1,0.09937833373770533,56
4804,0,7478,3995,3483,0,0,0,1.0,1,1.0,1,1.0,1,0.10548674451017089,54
4805,0,7478,3995,3483,0,0,0,1.0,1,1.0,1,1.0,1,0.10475038451252094,56
4806,0,7478,3995,3483,0,0,0,1.0,1,1.0,1,1.0,1,0.10264600919106646,55
4807,1,7479,3996,3483,0,0,0,1.0,1,1.0,1,1.0,1,0.09106269782074786,54
4808,0,7479,3996,3483,0,0,0,1.0,1,1.0,1,1.0,1,0.10975085343519556,53
4809,0,7479,3996,3483,0,0,0,1.0,1,1.0,1,1.0,1,0.10975085343519556,53
4810,3,7482,3999,3483,0,0,0,1.0,1,1.0,1,1.0,1,0.10295849513527755,51
4811,2,7484,4001,3483,0,0,0,1.0,1,1.0,1,1.0,1,0.11916704632550293,52
4812,1,7485,4002,3483,0,0,0,1.0,1,1.0,1,1.0,1,0.10200453753407489,52
4813,1,7486,4003,3483,0,0,0,1.0,1,1.0,1,1.0,1,0.0919581385741232,52
4814,1,7487,4004,3483,0,0,0,1.0,1,1.0,1,1.0,1,0.11057810420779006,53
4815,5,7492,4009,3483,0,0,0,1.0,1,1.0,1,1.0,1,0.13300022945718212,54
4816,1,7493,4010,3483,0,0,0,1.0,1,1.0,1,1.0,1,0.1408497583688598,54
4817,3,7496,4012,3484,0,0,0,1.0,1,1.0,1,1.0,1,0.18638607089017953,55
4818,4,7500,4015,3485,0,0,0,1.0,1,1.0,1,1.0,1,0.18081240320786124,55
4819,2,7502,4016,3486,0,0,0,1.0,1,1.0,1,1.0,1,0.18094382743081458,55
4820,2,7504,4016,3488,0,0,0,1.0,1,1.0,1,1.0,1,0.15879478496191285,55
4821,2,7506,4017,3489,0,0,0,1.0,1,1.0,1,1.0,1,0.17485836506330862,55
4822,1,7507,4017,3490,0,0,0,1.0,1,1.0,1,1.0,1,0.15564294657211566,54
4823,1,7508,4018,3490,0,0,0,1.0,1,1.0,1,1.0,1,0.1551326705828931,54
4824,1,7509,4019,3490,0,0,0,1.0,1,1.0,1,1.0,1,0.16301880736102653,55
4825,3,7512,4020,3492,0,0,0,1.0,1,1.0,1,1.0,1,0.1873996979045815,53
4826,8,7520,4020,3500,0,0,0,1.0,1,1.0,1,1.0,1,0.043907842780705676,54
4827,3,7523,4022,3501,0,0,0,1.0,1,1.0,1,1.0,1,0.11942271443538224,53
4828,0,7523,4022,3501,0,0,0,1.0,1,1.0,1,1.0,1,0.10020566784152816,54
4829,0,7523,4022,3501,0,0,0,1.0,1,1.0,1,1.0,1,0.09408979783226593,54
4830,0,7523,4022,3501,0,0,0,1.0,1,1.0,1,1.0,1,0.07779366702013661,53
4831,0,7523,4022,3501,0,0,0,1.0,1,1.0,1,1.0,1,0.08872862607082677,52
4832,1,7524,4023,3501,0,0,0,1.0,1,1.0,1,1.0,1,0.08936909702758826,50
4833,0,7524,4023,3501,0,0,0,1.0,1,1.0,1,1.0,1,0.10346056478875164,51
4834,0,7524,4023,3501,0,0,0,1.0,1,1.0,1,1.0,1,0.11189420448841576,51
4835,0,7524,4023,3501,0,0,0,1.0,1,1.0,1,1.0,1,0.15310377993277685,50
4836,0,7524,4023,3501,0,0,0,1.0,1,1.0,1,1.0,1,0.12625201629832605,50
4837,1,7525,4024,3501,0,0,0,1.0,1,1.0,1,1.0,1,0.15801524744341175,46
4838,3,7528,4027,3501,0,0,0,1.0,1,1.0,1,1.0,1,0.1757757368991908,47
4839,2,7530,4029,3501,0,0,0,1.0,1,1.0,1,1.0,1,0.19842026131706197,45
4840,0,7530,4029,3501,0,0,0,1.0,1,1.0,1,1.0,1,0.19842026131706197,45
4841,2,7532,4031,3501,0,0,0,1.0,1,1.0,1,1.0,1,0.22562728042428734,43
4842,0,7532,4031,3501,0,0,0,1.0,1,1.0,1,1.0,1,0.20343476951034078,43
4843,1,7533,4032,3501,0,0,0,1.0,1,1.0,1,1.0,1,0.1816568660042459,44
4844,0,7533,4032,3501,0,0,0,1.0,1,1.0,1,1.0,1,0.19207760691406758,43
4845,2,7535,4034,3501,0,0,0,1.0,1,1.0,1,1.0,1,0.16731636999139662,44
4846,1,7536,4035,3501,0,0,0,1.0,1,1.0,1,1.0,1,0.15957435151860175,43
4847,2,7538,4037,3501,0,0,0,1.0,1,1.0,1,1.0,1,0.20225516540240612,42
4848,3,7541,4039,3502,0,0,0,1.0,1,1.0,1,1.0,1,0.221351050895152,41
4849,2,7543,4041,3502,0,0,0,1.0,1,1.0,1,1.0,1,0.20128387319289937,41
4850,1,7544,4041,3503,0,0,0,1.0,1,1.0,1,1.0,1,0.22374982511473518,41
4851,4,7548,4041,3507,0,0,0,1.0,1,1.0,1,1.0,1,0.12444823995011109,41
4852,2,7550,4042,3508,0,0,0,1.0,1,1.0,1,1.0,1,0.1576979227287918,43
4853,0,7550,4042,3508,0,0,0,1.0,1,1.0,1,1.0,1,0.17397166547760187,44
4854,0,7550,4042,3508,0,0,0,1.0,1,1.0,1,1.0,1,0.16438954966094377,45
4855,0,7550,4042,3508,0,0,0,1.0,1,1.0,1,1.0,1,0.16351717047383965,44
4856,0,7550,4042,3508,0,0,0,1.0,1,1.0,1,1.0,1,0.16351717047383965,44
4857,0,7550,4042,3508,0,0,0,1.0,1,1.0,1,1.0,1,0.17601973492825576,44
4858,0,7550,4042,3508,0,0,0,1.0,1,1.0,1,1.0,1,0.17789899614154922,45
4859,0,7550,4042,3508,0,0,0,1.0,1,1.0,1,1.0,1,0.19145651655638227,46
4860,0,7550,4042,3508,0,0,0,1.0,1,1.0,1,1.0,1,0.19145651655638227,46
4861,0,7550,4042,3508,0,0,0,1.0,1,1.0,1,1.0,1,0.16665594416080304,46
4862,1,7551,4042,3509,0,0,0,1.0,1,1.0,1,1.0,1,0.1486042355210676,47
4863,2,7553,4043,3510,0,0,0,1.0,1,1.0,1,1.0,1,0.11598735879221683,47
4864,0,7553,4043,3510,0,0,0,1.0,1,1.0,1,1.0,1,0.11514397413883155,47
4865,0,7553,4043,3510,0,0,0,1.0,1,1.0,1,1.0,1,0.1287916921689198,48
4866,0,7553,4043,3510,0,0,0,1.0,1,1.0,1,1.0,1,0.12391735349623297,49
4867,0,7553,4043,3510,0,0,0,1.0,1,1.0,1,1.0,1,0.1269970604578781,50
4868,2,7555,4045,3510,0,0,0,1.0,1,1.0,1,1.0,1,0.13736423450782734,50
4869,0,7555,4045,3510,0,0,0,1.0,1,1.0,1,1.0,1,0.13736423450782734,50
4870,2,7557,4047,3510,0,0,0,1.0,1,1.0,1,1.0,1,0.16578931546273654,52
4871,0,7557,4047,3510,0,0,0,1.0,1,1.0,1,1.0,1,0.16578931546273654,52
4872,0,7557,4047,3510,0,0,0,1.0,1,1.0,1,1.0,1,0.1451466494914281,53
4873,3,7560,4049,3511,0,0,0,1.0,1,1.0,1,1.0,1,0.17502892798499545,55
4874,2,7562,4050,3512,0,0,0,1.0,1,1.0,1,1.0,1,0.1676853064366524,56
4875,3,7565,4052,3513,0,0,0,1.0,1,1.0,1,1.0,1,0.14583188439462194,55
4876,4,7569,4053,3516,0,0,0,1.0,1,1.0,1,1.0,1,0.1354517079889972,55
4877,8,7577,4058,3519,0,0,0,1.0,1,1.0,1,1.0,1,0.1370689115134827,54
4878,2,7579,4060,3519,0,0,0,1.0,1,1.0,1,1.0,1,0.16079922654969797,53
4879,2,7581,4061,3520,0,0,0,1.0,1,1.0,1,1.0,1,0.16653900953490025,54
4880,2,7583,4062,3521,0,0,0,1.0,1,1.0,1,1.0,1,0.17074645198431418,54
4881,2,7585,4064,3521,0,0,0,1.0,1,1.0,1,1.0,1,0.1796911620587975,53
4882,2,7587,4065,3522,0,0,0,1.0,1,1.0,1,1.0,1,0.18223346717487243,53
4883,0,7587,4065,3522,0,0,0,1.0,1,1.0,1,1.0,1,0.1822783701309629,53
4884,1,7588,4066,3522,0,0,0,1.0,1,1.0,1,1.0,1,0.1852096550728723,51
4885,0,7588,4066,3522,0,0,0,1.0,1,1.0,1,1.0,1,0.19518854402325753,50
4886,0,7588,4066,3522,0,0,0,1.0,1,1.0,1,1.0,1,0.21415921402357213,48
4887,0,7588,4066,3522,0,0,0,1.0,1,1.0,1,1.0,1,0.21415921402357213,48
4888,0,7588,4066,3522,0,0,0,1.0,1,1.0,1,1.0,1,0.21415921402357213,48
4889,0,7588,4066,3522,0,0,0,1.0,1,1.0,1,1.0,1,0.21415921402357213,48
4890,1,7589,4067,3522,0,0,0,1.0,1,1.0,1,1.0,1,0.18665774003119015,49
4891,1,7590,4068,3522,0,0,0,1.0,1,1.0,1,1.0,1,0.20397811421876189,50
4892,0,7590,4068,3522,0,0,0,1.0,1,1.0,1,1.0,1,0.21452958224498236,49
4893,0,7590,4068,3522,0,0,0,1.0,1,1.0,1,1.0,1,0.2067136689116758,50
4894,1,7591,4068,3523,0,0,0,1.0,1,1.0,1,1.0,1,0.1952438065190934,51
4895,0,7591,4068,3523,0,0,0,1.0,1,1.0,1,1.0,1,0.18550525251279645,52
4896,1,7592,4069,3523,0,0,0,1.0,1,1.0,1,1.0,1,0.16889984567249863,53
4897,0,7592,4069,3523,0,0,0,1.0,1,1.0,1,1.0,1,0.16889984567249863,53
4898,2,7594,4071,3523,0,0,0,1.0,1,1.0,1,1.0,1,0.1407158523689306,53
4899,3,7597,4073,3524,0,0,0,1.0,1,1.0,1,1.0,1,0.1163250398501995,55
4900,1,7598,4074,3524,0,0,0,1.0,1,1.0,1,1.0,1,0.14497394709526248,55
4901,3,7601,4075,3526,0,0,0,1.0,1,1.0,1,1.0,1,0.11635711537585577,56
4902,1,7602,4076,3526,0,0,0,1.0,1,1.0,1,1.0,1,0.15177344289720388,58
4903,1,7603,4077,3526,0,0,0,1.0,1,1.0,1,1.0,1,0.17030556281197354,58
4904,1,7604,4078,3526,0,0,0,1.0,1,1.0,1,1.0,1,0.16084843766607768,57
4905,1,7605,4079,3526,0,0,0,1.0,1,1.0,1,1.0,1,0.2076488533903433,54
4906,1,7606,4079,3527,0,0,0,1.0,1,1.0,1,1.0,1,0.20908474313959416,55
4907,0,7606,4079,3527,0,0,0,1.0,1,1.0,1,1.0,1,0.2279109650805028,52
4908,1,7607,4080,3527,0,0,0,1.0,1,1.0,1,1.0,1,0.2477629999693001,53
4909,0,7607,4080,3527,0,0,0,1.0,1,1.0,1,1.0,1,0.2556883262478392,52
4910,2,7609,4081,3528,0,0,0,1.0,1,1.0,1,1.0,1,0.2634526676826368,53
4911,3,7612,4083,3529,0,0,0,1.0,1,1.0,1,1.0,1,0.2373729603615181,55
4912,2,7614,4085,3529,0,0,0,1.0,1,1.0,1,1.0,1,0.2556220708029945,54
4913,0,7614,4085,3529,0,0,0,1.0,1,1.0,1,1.0,1,0.2448776445716456,53
4914,1,7615,4086,3529,0,0,0,1.0,1,1.0,1,1.0,1,0.2277136372039651,53
4915,0,7615,4086,3529,0,0,0,1.0,1,1.0,1,1.0,1,0.228001371951783,54
4916,0,7615,4086,3529,0,0,0,1.0,1,1.0,1,1.0,1,0.23112098061003508,52
4917,1,7616,4087,3529,0,0,0,1.0,1,1.0,1,1.0,1,0.2394728396291971,52
4918,1,7617,4087,3530,0,0,0,1.0,1,1.0,1,1.0,1,0.22281915290882714,51
4919,1,7618,4088,3530,0,0,0,1.0,1,1.0,1,1.0,1,0.2563876178106964,50
4920,0,7618,4088,3530,0,0,0,1.0,1,1.0,1,1.0,1,0.25626754455730355,51
4921,0,7618,4088,3530,0,0,0,1.0,1,1.0,1,1.0,1,0.25626754455730355,51
4922,1,7619,4089,3530,0,0,0,1.0,1,1.0,1,1.0,1,0.2866502690490399,53
4923,2,7621,4091,3530,0,0,0,1.0,1,1.0,1,1.0,1,0.2649655628013974,53
4924,1,7622,4092,3530,0,0,0,1.0,1,1.0,1,1.0,1,0.25742100805379287,55
4925,2,7624,4094,3530,0,0,0,1.0,1,1.0,1,1.0,1,0.252422207805623,56
4926,7,7631,4094,3537,0,0,0,1.0,1,1.0,1,1.0,1,0.12341040711302893,55
4927,2,7633,4096,3537,0,0,0,1.0,1,1.0,1,1.0,1,0.13884419789235722,55
4928,0,7633,4096,3537,0,0,0,1.0,1,1.0,1,1.0,1,0.13884419789235722,55
4929,0,7633,4096,3537,0,0,0,1.0,1,1.0,1,1.0,1,0.13333131515847982,56
4930,1,7634,4096,3538,0,0,0,1.0,1,1.0,1,1.0,1,0.12812844447521937,58
4931,3,7637,4096,3541,0,0,0,1.0,1,1.0,1,1.0,1,0.11697478374073081,59
4932,0,7637,4096,3541,0,0,0,1.0,1,1.0,1,1.0,1,0.13027748977304568,60
4933,1,7638,4097,3541,0,0,0,1.0,1,1.0,1,1.0,1,0.15050555035888807,60
4934,1,7639,4098,3541,0,0,0,1.0,1,1.0,1,1.0,1,0.16872606002467766,60
4935,0,7639,4098,3541,0,0,0,1.0,1,1.0,1,1.0,1,0.16872606002467766,60
4936,2,7641,4100,3541,0,0,0,1.0,1,1.0,1,1.0,1,0.18473793193638519,61
4937,5,7646,4102,3544,0,0,0,1.0,1,1.0,1,1.0,1,0.1904257963484661,62
4938,1,7647,4102,3545,0,0,0,1.0,1,1.0,1,1.0,1,0.16902428205599876,62
4939,3,7650,4104,3546,0,0,0,1.0,1,1.0,1,1.0,1,0.16505011415254256,64
4940,0,7650,4104,3546,0,0,0,1.0,1,1.0,1,1.0,1,0.17195322811483038,67
4941,1,7651,4105,3546,0,0,0,1.0,1,1.0,1,1.0,1,0.1734761804206288,66
4942,2,7653,4105,3548,0,0,0,1.0,1,1.0,1,1.0,1,0.15417064590087123,67
4943,3,7656,4106,3550,0,0,0,1.0,1,1.0,1,1.0,1,0.1651022746291759,65
4944,1,7657,4106,3551,0,0,0,1.0,1,1.0,1,1.0,1,0.17436023277219173,65
4945,3,7660,4108,3552,0,0,0,1.0,1,1.0,1,1.0,1,0.17650757008161394,62
4946,0,7660,4108,3552,0,0,0,1.0,1,1.0,1,1.0,1,0.18373380936943573,61
4947,2,7662,4110,3552,0,0,0,1.0,1,1.0,1,1.0,1,0.19136124982426614,59
4948,1,7663,4111,3552,0,0,0,1.0,1,1.0,1,1.0,1,0.21651077369351113,59
4949,1,7664,4112,3552,0,0,0,1.0,1,1.0,1,1.0,1,0.2137755719986558,57
4950,5,7669,4117,3552,0,0,0,1.0,1,1.0,1,1.0,1,0.23154232533925453,58
4951,10,7679,4122,3557,0,0,0,1.0,1,1.0,1,1.0,1,0.19420863882017614,55
4952,1,7680,4123,3557,0,0,0,1.0,1,1.0,1,1.0,1,0.17439910824778218,53
4953,2,7682,4125,3557,0,0,0,1.0,1,1.0,1,1.0,1,0.2018787956157093,54
4954,0,7682,4125,3557,0,0,0,1.0,1,1.0,1,1.0,1,0.18187564488617514,52
4955,0,7682,4125,3557,0,0,0,1.0,1,1.0,1,1.0,1,0.1970393512886122,51
4956,0,7682,4125,3557,0,0,0,1.0,1,1.0,1,1.0,1,0.21577628213396735,47
4957,1,7683,4125,3558,0,0,0,1.0,1,1.0,1,1.0,1,0.20349957442138786,48
4958,1,7684,4125,3559,0,0,0,1.0,1,1.0,1,1.0,1,0.1749671468606566,47
4959,0,7684,4125,3559,0,0,0,1.0,1,1.0,1,1.0,1,0.1749671468606566,47
4960,0,7684,4125,3559,0,0,0,1.0,1,1.0,1,1.0,1,0.18764593308501346,48
4961,0,7684,4125,3559,0,0,0,1.0,1,1.0,1,1.0,1,0.16882872512792246,49
4962,2,7686,4127,3559,0,0,0,1.0,1,1.0,1,1.0,1,0.19362464969697296,49
4963,1,7687,4127,3560,0,0,0,1.0,1,1.0,1,1.0,1,0.19552683224915798,51
4964,1,7688,4128,3560,0,0,0,1.0,1,1.0,1,1.0,1,0.21859579498432788,51
4965,2,7690,4130,3560,0,0,0,1.0,1,1.0,1,1.0,1,0.25626066026503674,51
4966,2,7692,4130,3562,0,0,0,1.0,1,1.0,1,1.0,1,0.24123444750046863,51
4967,3,7695,4133,3562,0,0,0,1.0,1,1.0,1,1.0,1,0.26665307994042176,51
4968,0,7695,4133,3562,0,0,0,1.0,1,1.0,1,1.0,1,0.24228779145321286,52
4969,0,7695,4133,3562,0,0,0,1.0,1,1.0,1,1.0,1,0.24949646612374426,53
4970,5,7700,4136,3564,0,0,0,1.0,1,1.0,1,1.0,1,0.19473756630814146,54
4971,0,7700,4136,3564,0,0,0,1.0,1,1.0,1,1.0,1,0.19592084859189193,55
4972,2,7702,4138,3564,0,0,0,1.0,1,1.0,1,1.0,1,0.1858326114406849,56
4973,2,7704,4138,3566,0,0,0,1.0,1,1.0,1,1.0,1,0.1461112438485583,57
4974,1,7705,4139,3566,0,0,0,1.0,1,1.0,1,1.0,1,0.16655626875643942,56
4975,2,7707,4140,3567,0,0,0,1.0,1,1.0,1,1.0,1,0.2016989792716383,57
4976,5,7712,4142,3570,0,0,0,1.0,1,1.0,1,1.0,1,0.15756829788336751,57
4977,3,7715,4144,3571,0,0,0,1.0,1,1.0,1,1.0,1,0.13272017796681018,57
4978,1,7716,4145,3571,0,0,0,1.0,1,1.0,1,1.0,1,0.12934800865594256,58
4979,1,7717,4146,3571,0,0,0,1.0,1,1.0,1,1.0,1,0.14046297194161658,58
4980,2,7719,4148,3571,0,0,0,1.0,1,1.0,1,1.0,1,0.1453543744701589,59
4981,1,7720,4149,3571,0,0,0,1.0,1,1.0,1,1.0,1,0.1618275663783816,60
4982,1,7721,4150,3571,0,0,0,1.0,1,1.0,1,1.0,1,0.13255713326579693,61
4983,1,7722,4151,3571,0,0,0,1.0,1,1.0,1,1.0,1,0.12363548634824377,61
4984,0,7722,4151,3571,0,0,0,1.0,1,1.0,1,1.0,1,0.14992948563764605,59
4985,2,7724,4153,3571,0,0,0,1.0,1,1.0,1,1.0,1,0.15280315758834428,58
4986,0,7724,4153,3571,0,0,0,1.0,1,1.0,1,1.0,1,0.13561787524717317,59
4987,3,7727,4156,3571,0,0,0,1.0,1,1.0,1,1.0,1,0.15435025353205517,58
4988,1,7728,4156,3572,0,0,0,1.0,1,1.0,1,1.0,1,0.16275604823196774,57
4989,4,7732,4160,3572,0,0,0,1.0,1,1.0,1,1.0,1,0.2093425863611485,54
4990,3,7735,4160,3575,0,0,0,1.0,1,1.0,1,1.0,1,0.18697846309734095,53
4991,2,7737,4162,3575,0,0,0,1.0,1,1.0,1,1.0,1,0.22447432033975998,52
4992,3,7740,4164,3576,0,0,0,1.0,1,1.0,1,1.0,1,0.2183776699474526,48
4993,1,7741,4165,3576,0,0,0,1.0,1,1.0,1,1.0,1,0.23859169334318928,48
4994,1,7742,4166,3576,0,0,0,1.0,1,1.0,1,1.0,1,0.2499929784316782,45
4995,3,7745,4169,3576,0,0,0,1.0,1,1.0,1,1.0,1,0.28735802508917346,45
4996,1,7746,4170,3576,0,0,0,1.0,1,1.0,1,1.0,1,0.23417137652405068,45
4997,1,7747,4171,3576,0,0,0,1.0,1,1.0,1,1.0,1,0.25153405830682596,42
4998,1,7748,4172,3576,0,0,0,1.0,1,1.0,1,1.0,1,0.2592689387265614,44
4999,1,7749,4173,3576,0,0,0,1.0,1,1.0,1,1.0,1,0.2820394193431436,44
5000,1,7750,4174,3576,0,0,0,1.0,1,1.0,1,1.0,1,0.3365948070016712,42
5001,11,7761,4174,3587,0,0,0,1.0,1,1.0,1,1.0,1,0.21427355365166295,42
5002,3,7764,4175,3589,0,0,0,1.0,1,1.0,1,1.0,1,0.2190196034587155,41
5003,5,7769,4176,3593,0,0,0,1.0,1,1.0,1,1.0,1,0.28514099108449065,41
5004,2,7771,4176,3595,0,0,0,1.0,1,1.0,1,1.0,1,0.26874726721212505,41
5005,4,7775,4176,3599,0,0,0,1.0,1,1.0,1,1.0,1,0.26874726721212505,41
5006,6,7781,4176,3605,0,0,0,1.0,1,1.0,1,1.0,1,0.2542151466089761,42
5007,3,7784,4176,3608,0,0,0,1.0,1,1.0,1,1.0,1,0.2811527311609814,43
5008,6,7790,4176,3614,0,0,0,1.0,1,1.0,1,1.0,1,0.26375917595523224,46
5009,3,7793,4176,3617,0,0,0,1.0,1,1.0,1,1.0,1,0.22500341354549352,46
5010,7,7800,4176,3624,0,0,0,1.0,1,1.0,1,1.0,1,0.22442572864382138,46
5011,8,7808,4176,3632,0,0,0,1.0,1,1.0,1,1.0,1,0.21171341168629562,47
5012,8,7816,4176,3640,0,0,0,1.0,1,1.0,1,1.0,1,0.20293969639207715,48
5013,9,7825,4176,3649,0,0,0,1.0,1,1.0,1,1.0,1,0.20977972385666507,48
5014,8,7833,4176,3657,0,0,0,1.0,1,1.0,1,1.0,1,0.20216007362580263,49
5015,8,7841,4176,3665,0,0,0,1.0,1,1.0,1,1.0,1,0.21442322345784054,50
5016,6,7847,4177,3670,0,0,0,1.0,1,1.0,1,1.0,1,0.2016456641175804,51
5017,7,7854,4177,3677,0,0,0,1.0,1,1.0,1,1.0,1,0.17090529464621004,51
5018,2,7856,4177,3679,0,0,0,1.0,1,1.0,1,1.0,1,0.15446930552653496,51
5019,0,7856,4177,3679,0,0,0,1.0,1,1.0,1,1.0,1,0.17268899548490124,51
5020,1,7857,4178,3679,0,0,0,1.0,1,1.0,1,1.0,1,0.16539576935759018,51
5021,1,7858,4178,3680,0,0,0,1.0,1,1.0,1,1.0,1,0.17032149007646963,52
5022,1,7859,4179,3680,0,0,0,1.0,1,1.0,1,1.0,1,0.16509142183330847,52
5023,1,7860,4180,3680,0,0,0,1.0,1,1.0,1,1.0,1,0.17683455075922258,52
5024,0,7860,4180,3680,0,0,0,1.0,1,1.0,1,1.0,1,0.16299026550994608,51
5025,0,7860,4180,3680,0,0,0,1.0,1,1.0,1,1.0,1,0.16463039927850046,50
5026,5,7865,4181,3684,0,0,0,1.0,1,1.0,1,1.0,1,0.18632187355501315,49
5027,1,7866,4182,3684,0,0,0,1.0,1,1.0,1,1.0,1,0.19631087544712192,47
5028,1,7867,4183,3684,0,0,0,1.0,1,1.0,1,1.0,1,0.22232400679335926,47
5029,1,7868,4183,3685,0,0,0,1.0,1,1.0,1,1.0,1,0.1882569976796063,46
5030,1,7869,4184,3685,0,0,0,1.0,1,1.0,1,1.0,1,0.17497279011771344,48
5031,1,7870,4185,3685,0,0,0,1.0,1,1.0,1,1.0,1,0.15460293256313243,46
5032,0,7870,4185,3685,0,0,0,1.0,1,1.0,1,1.0,1,0.15460293256313243,46
5033,1,7871,4186,3685,0,0,0,1.0,1,1.0,1,1.0,1,0.18562887708663553,47
5034,0,7871,4186,3685,0,0,0,1.0,1,1.0,1,1.0,1,0.15665971021931493,48
5035,0,7871,4186,3685,0,0,0,1.0,1,1.0,1,1.0,1,0.15492285887826387,47
5036,0,7871,4186,3685,0,0,0,1.0,1,1.0,1,1.0,1,0.15492285887826387,47
5037,0,7871,4186,3685,0,0,0,1.0,1,1.0,1,1.0,1,0.17448751954627764,47
5038,0,7871,4186,3685,0,0,0,1.0,1,1.0,1,1.0,1,0.18516765009486236,48
5039,1,7872,4187,3685,0,0,0,1.0,1,1.0,1,1.0,1,0.22335698766399,47
5040,0,7872,4187,3685,0,0,0,1.0,1,1.0,1,1.0,1,0.21590940422650878,48
5041,1,7873,4187,3686,0,0,0,1.0,1,1.0,1,1.0,1,0.19648765035535853,49
5042,0,7873,4187,3686,0,0,0,1.0,1,1.0,1,1.0,1,0.18467083338504858,50
5043,1,7874,4187,3687,0,0,0,1.0,1,1.0,1,1.0,1,0.14983525898238387,51
5044,0,7874,4187,3687,0,0,0,1.0,1,1.0,1,1.0,1,0.14983525898238387,51
5045,2,7876,4188,3688,0,0,0,1.0,1,1.0,1,1.0,1,0.16210971314363043,51
5046,2,7878,4189,3689,0,0,0,1.0,1,1.0,1,1.0,1,0.1579910542007685,52
5047,0,7878,4189,3689,0,0,0,1.0,1,1.0,1,1.0,1,0.15510296869243448,52
5048,1,7879,4189,3690,0,0,0,1.0,1,1.0,1,1.0,1,0.146949885959906,52
5049,1,7880,4189,3691,0,0,0,1.0,1,1.0,1,1.0,1,0.1667711265299162,52
5050,0,7880,4189,3691,0,0,0,1.0,1,1.0,1,1.0,1,0.16113036470527628,55
5051,3,7883,4189,3694,0,0,0,1.0,1,1.0,1,1.0,1,0.14466952004503872,55
5052,0,7883,4189,3694,0,0,0,1.0,1,1.0,1,1.0,1,0.14466952004503872,55
5053,1,7884,4189,3695,0,0,0,1.0,1,1.0,1,1.0,1,0.14782001315184207,54
5054,2,7886,4190,3696,0,0,0,1.0,1,1.0,1,1.0,1,0.1413945730804686,54
5055,1,7887,4190,3697,0,0,0,1.0,1,1.0,1,1.0,1,0.13557185164016164,54
5056,2,7889,4190,3699,0,0,0,1.0,1,1.0,1,1.0,1,0.12287051534937392,55
5057,0,7889,4190,3699,0,0,0,1.0,1,1.0,1,1.0,1,0.13084854218125505,56
5058,3,7892,4192,3700,0,0,0,1.0,1,1.0,1,1.0,1,0.10179574243741049,58
5059,0,7892,4192,3700,0,0,0,1.0,1,1.0,1,1.0,1,0.10179574243741049,58
5060,4,7896,4195,3701,0,0,0,1.0,1,1.0,1,1.0,1,0.103497425939143,59
5061,0,7896,4195,3701,0,0,0,1.0,1,1.0,1,1.0,1,0.11618710477098108,58
5062,2,7898,4197,3701,0,0,0,1.0,1,1.0,1,1.0,1,0.10158888415595449,58
5063,4,7902,4200,3702,0,0,0,1.0,1,1.0,1,1.0,1,0.12991010125487007,57
5064,3,7905,4201,3704,0,0,0,1.0,1,1.0,1,1.0,1,0.12105176983569162,57
5065,1,7906,4202,3704,0,0,0,1.0,1,1.0,1,1.0,1,0.15226059592403335,56
5066,3,7909,4204,3705,0,0,0,1.0,1,1.0,1,1.0,1,0.19643197384810462,55
5067,0,7909,4204,3705,0,0,0,1.0,1,1.0,1,1.0,1,0.18443153735590695,54
5068,2,7911,4205,3706,0,0,0,1.0,1,1.0,1,1.0,1,0.18885423418904035,54
5069,1,7912,4206,3706,0,0,0,1.0,1,1.0,1,1.0,1,0.21014103668166506,53
5070,4,7916,4208,3708,0,0,0,1.0,1,1.0,1,1.0,1,0.21057648773912394,53
5071,0,7916,4208,3708,0,0,0,1.0,1,1.0,1,1.0,1,0.1996138637641914,53
5072,0,7916,4208,3708,0,0,0,1.0,1,1.0,1,1.0,1,0.1789529677874718,53
5073,0,7916,4208,3708,0,0,0,1.0,1,1.0,1,1.0,1,0.1789529677874718,53
5074,0,7916,4208,3708,0,0,0,1.0,1,1.0,1,1.0,1,0.13845146664667946,52
5075,1,7917,4208,3709,0,0,0,1.0,1,1.0,1,1.0,1,0.1300161717183926,52
5076,2,7919,4208,3711,0,0,0,1.0,1,1.0,1,1.0,1,0.08748269153778913,55
5077,3,7922,4209,3713,0,0,0,1.0,1,1.0,1,1.0,1,0.12887095979339044,55
5078,0,7922,4209,3713,0,0,0,1.0,1,1.0,1,1.0,1,0.12887095979339044,55
5079,0,7922,4209,3713,0,0,0,1.0,1,1.0,1,1.0,1,0.1432876938634386,54
5080,2,7924,4210,3714,0,0,0,1.0,1,1.0,1,1.0,1,0.1500097703667927,55
5081,0,7924,4210,3714,0,0,0,1.0,1,1.0,1,1.0,1,0.16047324024876317,57
5082,0,7924,4210,3714,0,0,0,1.0,1,1.0,1,1.0,1,0.16047324024876317,57
5083,2,7926,4210,3716,0,0,0,1.0,1,1.0,1,1.0,1,0.13563165227054844,58
5084,1,7927,4211,3716,0,0,0,1.0,1,1.0,1,1.0,1,0.1284531403110671,58
5085,1,7928,4212,3716,0,0,0,1.0,1,1.0,1,1.0,1,0.11361622264749333,59
5086,2,7930,4214,3716,0,0,0,1.0,1,1.0,1,1.0,1,0.10546477942076446,60
5087,2,7932,4215,3717,0,0,0,1.0,1,1.0,1,1.0,1,0.1127835640592159,61
5088,2,7934,4217,3717,0,0,0,1.0,1,1.0,1,1.0,1,0.15374035116511478,62
5089,5,7939,4220,3719,0,0,0,1.0,1,1.0,1,1.0,1,0.13883687925370694,63
5090,0,7939,4220,3719,0,0,0,1.0,1,1.0,1,1.0,1,0.13883687925370694,63
5091,3,7942,4223,3719,0,0,0,1.0,1,1.0,1,1.0,1,0.18152608363556158,63
5092,1,7943,4223,3720,0,0,0,1.0,1,1.0,1,1.0,1,0.17065847275130638,63
5093,0,7943,4223,3720,0,0,0,1.0,1,1.0,1,1.0,1,0.17065847275130638,63
5094,1,7944,4224,3720,0,0,0,1.0,1,1.0,1,1.0,1,0.17751060246231343,64
5095,2,7946,4224,3722,0,0,0,1.0,1,1.0,1,1.0,1,0.152998987013594,64
5096,0,7946,4224,3722,0,0,0,1.0,1,1.0,1,1.0,1,0.1436721638784039,67
5097,2,7948,4225,3723,0,0,0,1.0,1,1.0,1,1.0,1,0.1594723244168536,67
5098,0,7948,4225,3723,0,0,0,1.0,1,1.0,1,1.0,1,0.16057782605383977,68
5099,1,7949,4226,3723,0,0,0,1.0,1,1.0,1,1.0,1,0.15616748286406035,70
5100,1,7950,4227,3723,0,0,0,1.0,1,1.0,1,1.0,1,0.12400533155763621,71
5101,5,7955,4230,3725,0,0,0,1.0,1,1.0,1,1.0,1,0.09486871024436179,71
5102,1,7956,4231,3725,0,0,0,1.0,1,1.0,1,1.0,1,0.1048861811912622,70
5103,2,7958,4233,3725,0,0,0,1.0,1,1.0,1,1.0,1,0.10407248911290475,67
5104,2,7960,4235,3725,0,0,0,1.0,1,1.0,1,1.0,1,0.10681673003342441,67
5105,3,7963,4238,3725,0,0,0,1.0,1,1.0,1,1.0,1,0.1300266956943792,63
5106,2,7965,4240,3725,0,0,0,1.0,1,1.0,1,1.0,1,0.1578341773764953,63
5107,3,7968,4243,3725,0,0,0,1.0,1,1.0,1,1.0,1,0.1933291310134291,60
5108,3,7971,4246,3725,0,0,0,1.0,1,1.0,1,1.0,1,0.2267114950737904,56
5109,1,7972,4247,3725,0,0,0,1.0,1,1.0,1,1.0,1,0.24160861987041407,56
5110,3,7975,4250,3725,0,0,0,1.0,1,1.0,1,1.0,1,0.2622765989271182,52
5111,4,7979,4254,3725,0,0,0,1.0,1,1.0,1,1.0,1,0.28989218395325045,51
5112,1,7980,4255,3725,0,0,0,1.0,1,1.0,1,1.0,1,0.2975684133241848,50
5113,2,7982,4257,3725,0,0,0,1.0,1,1.0,1,1.0,1,0.3289065856599715,48
5114,1,7983,4258,3725,0,0,0,1.0,1,1.0,1,1.0,1,0.326703608286244,46
5115,0,7983,4258,3725,0,0,0,1.0,1,1.0,1,1.0,1,0.31102893001988713,44
5116,0,7983,4258,3725,0,0,0,1.0,1,1.0,1,1.0,1,0.3130123116531185,44
5117,0,7983,4258,3725,0,0,0,1.0,1,1.0,1,1.0,1,0.303540254775383,46
5118,0,7983,4258,3725,0,0,0,1.0,1,1.0,1,1.0,1,0.303540254775383,46
5119,2,7985,4260,3725,0,0,0,1.0,1,1.0,1,1.0,1,0.3079647795888972,46
5120,1,7986,4261,3725,0,0,0,1.0,1,1.0,1,1.0,1,0.3292476910824317,46
5121,1,7987,4262,3725,0,0,0,1.0,1,1.0,1,1.0,1,0.35803291048241453,46
5122,5,7992,4267,3725,0,0,0,1.0,1,1.0,1,1.0,1,0.33221597546719855,46
5123,0,7992,4267,3725,0,0,0,1.0,1,1.0,1,1.0,1,0.3416229505492818,45
5124,3,7995,4270,3725,0,0,0,1.0,1,1.0,1,1.0,1,0.34239282183305353,47
5125,1,7996,4271,3725,0,0,0,1.0,1,1.0,1,1.0,1,0.3185726032756613,50
5126,9,8005,4273,3732,0,0,0,1.0,1,1.0,1,1.0,1,0.181262283429371,50
5127,2,8007,4273,3734,0,0,0,1.0,1,1.0,1,1.0,1,0.15716645515579522,52
5128,0,8007,4273,3734,0,0,0,1.0,1,1.0,1,1.0,1,0.1588883539126647,53
5129,1,8008,4273,3735,0,0,0,1.0,1,1.0,1,1.0,1,0.14920678064060663,55
5130,1,8009,4273,3736,0,0,0,1.0,1,1.0,1,1.0,1,0.13868516594811836,55
5131,2,8011,4273,3738,0,0,0,1.0,1,1.0,1,1.0,1,0.15586873740331708,54
5132,1,8012,4273,3739,0,0,0,1.0,1,1.0,1,1.0,1,0.1567821142573662,54
5133,2,8014,4273,3741,0,0,0,1.0,1,1.0,1,1.0,1,0.15509278831588236,54
5134,0,8014,4273,3741,0,0,0,1.0,1,1.0,1,1.0,1,0.1702701735120203,53
5135,0,8014,4273,3741,0,0,0,1.0,1,1.0,1,1.0,1,0.18026789025716555,54
5136,2,8016,4274,3742,0,0,0,1.0,1,1.0,1,1.0,1,0.18294256243215817,54
5137,0,8016,4274,3742,0,0,0,1.0,1,1.0,1,1.0,1,0.18294256243215817,54
5138,2,8018,4276,3742,0,0,0,1.0,1,1.0,1,1.0,1,0.2088671691393553,54
5139,1,8019,4277,3742,0,0,0,1.0,1,1.0,1,1.0,1,0.19014115617015356,55
5140,5,8024,4280,3744,0,0,0,1.0,1,1.0,1,1.0,1,0.18665705313928707,55
5141,1,8025,4281,3744,0,0,0,1.0,1,1.0,1,1.0,1,0.18497817343400763,53
5142,0,8025,4281,3744,0,0,0,1.0,1,1.0,1,1.0,1,0.17734991709839074,54
5143,3,8028,4283,3745,0,0,0,1.0,1,1.0,1,1.0,1,0.22038175272039853,52
5144,0,8028,4283,3745,0,0,0,1.0,1,1.0,1,1.0,1,0.1963980168709572,50
5145,1,8029,4284,3745,0,0,0,1.0,1,1.0,1,1.0,1,0.19740756483214883,49
5146,1,8030,4285,3745,0,0,0,1.0,1,1.0,1,1.0,1,0.18601357767177965,49
5147,0,8030,4285,3745,0,0,0,1.0,1,1.0,1,1.0,1,0.20261725034990746,46
5148,1,8031,4286,3745,0,0,0,1.0,1,1.0,1,1.0,1,0.15763257219083923,46
5149,0,8031,4286,3745,0,0,0,1.0,1,1.0,1,1.0,1,0.18122569919372641,45
5150,2,8033,4288,3745,0,0,0,1.0,1,1.0,1,1.0,1,0.17779013154226772,47
5151,6,8039,4290,3749,0,0,0,1.0,1,1.0,1,1.0,1,0.1664143757681767,46
5152,3,8042,4292,3750,0,0,0,1.0,1,1.0,1,1.0,1,0.20389173398942412,46
5153,0,8042,4292,3750,0,0,0,1.0,1,1.0,1,1.0,1,0.21414748952024207,45
5154,3,8045,4293,3752,0,0,0,1.0,1,1.0,1,1.0,1,0.2227505665567446,47
5155,2,8047,4294,3753,0,0,0,1.0,1,1.0,1,1.0,1,0.25501737864944696,47
5156,2,8049,4294,3755,0,0,0,1.0,1,1.0,1,1.0,1,0.21949641572845147,47
5157,0,8049,4294,3755,0,0,0,1.0,1,1.0,1,1.0,1,0.23194101257046618,46
5158,0,8049,4294,3755,0,0,0,1.0,1,1.0,1,1.0,1,0.22529950741347013,47
5159,0,8049,4294,3755,0,0,0,1.0,1,1.0,1,1.0,1,0.2359196814309329,49
5160,0,8049,4294,3755,0,0,0,1.0,1,1.0,1,1.0,1,0.24513801937246865,48
5161,0,8049,4294,3755,0,0,0,1.0,1,1.0,1,1.0,1,0.24513801937246865,48
5162,0,8049,4294,3755,0,0,0,1.0,1,1.0,1,1.0,1,0.23292869981186864,49
5163,1,8050,4294,3756,0,0,0,1.0,1,1.0,1,1.0,1,0.22348187654332693,51
5164,4,8054,4297,3757,0,0,0,1.0,1,1.0,1,1.0,1,0.20414893569010276,51
5165,0,8054,4297,3757,0,0,0,1.0,1,1.0,1,1.0,1,0.21825185926130602,52
5166,2,8056,4299,3757,0,0,0,1.0,1,1.0,1,1.0,1,0.21075845368971063,52
5167,1,8057,4300,3757,0,0,0,1.0,1,1.0,1,1.0,1,0.2223371734882951,52
5168,0,8057,4300,3757,0,0,0,1.0,1,1.0,1,1.0,1,0.2223371734882951,52
5169,1,8058,4301,3757,0,0,0,1.0,1,1.0,1,1.0,1,0.21052875459103484,53
5170,0,8058,4301,3757,0,0,0,1.0,1,1.0,1,1.0,1,0.21052875459103484,53
5171,0,8058,4301,3757,0,0,0,1.0,1,1.0,1,1.0,1,0.22070649712631163,52
5172,1,8059,4302,3757,0,0,0,1.0,1,1.0,1,1.0,1,0.20776060161890894,53
5173,1,8060,4302,3758,0,0,0,1.0,1,1.0,1,1.0,1,0.2078701980605916,54
5174,5,8065,4302,3763,0,0,0,1.0,1,1.0,1,1.0,1,0.18205047091748922,56
5175,1,8066,4302,3764,0,0,0,1.0,1,1.0,1,1.0,1,0.17034967764761194,58
5176,7,8073,4303,3770,0,0,0,1.0,1,1.0,1,1.0,1,0.13348575183063752,58
5177,1,8074,4303,3771,0,0,0,1.0,1,1.0,1,1.0,1,0.14167901878087857,59
5178,4,8078,4305,3773,0,0,0,1.0,1,1.0,1,1.0,1,0.12731804428334537,57
5179,0,8078,4305,3773,0,0,0,1.0,1,1.0,1,1.0,1,0.1380670390587038,58
5180,0,8078,4305,3773,0,0,0,1.0,1,1.0,1,1.0,1,0.11802982533963047,56
5181,2,8080,4307,3773,0,0,0,1.0,1,1.0,1,1.0,1,0.15252833147780903,57
5182,0,8080,4307,3773,0,0,0,1.0,1,1.0,1,1.0,1,0.14467559234048574,56
5183,2,8082,4309,3773,0,0,0,1.0,1,1.0,1,1.0,1,0.19818641505830054,57
5184,1,8083,4309,3774,0,0,0,1.0,1,1.0,1,1.0,1,0.19786058025994213,56
5185,0,8083,4309,3774,0,0,0,1.0,1,1.0,1,1.0,1,0.21669239837077595,56
5186,1,8084,4310,3774,0,0,0,1.0,1,1.0,1,1.0,1,0.22894734726782376,54
5187,0,8084,4310,3774,0,0,0,1.0,1,1.0,1,1.0,1,0.22381895537102478,51
5188,0,8084,4310,3774,0,0,0,1.0,1,1.0,1,1.0,1,0.21079187559201532,50
5189,0,8084,4310,3774,0,0,0,1.0,1,1.0,1,1.0,1,0.23020829085100475,49
5190,3,8087,4313,3774,0,0,0,1.0,1,1.0,1,1.0,1,0.1935495627528248,50
5191,0,8087,4313,3774,0,0,0,1.0,1,1.0,1,1.0,1,0.1935495627528248,50
5192,2,8089,4315,3774,0,0,0,1.0,1,1.0,1,1.0,1,0.20871280212944596,49
5193,0,8089,4315,3774,0,0,0,1.0,1,1.0,1,1.0,1,0.22235231042246925,50
5194,1,8090,4316,3774,0,0,0,1.0,1,1.0,1,1.0,1,0.24649644165273088,51
5195,2,8092,4317,3775,0,0,0,1.0,1,1.0,1,1.0,1,0.24958077880114699,51
5196,0,8092,4317,3775,0,0,0,1.0,1,1.0,1,1.0,1,0.24958077880114699,51
5197,0,8092,4317,3775,0,0,0,1.0,1,1.0,1,1.0,1,0.24958077880114699,51
5198,0,8092,4317,3775,0,0,0,1.0,1,1.0,1,1.0,1,0.24958077880114699,51
5199,1,8093,4317,3776,0,0,0,1.0,1,1.0,1,1.0,1,0.20742856596028442,54
5200,1,8094,4318,3776,0,0,0,1.0,1,1.0,1,1.0,1,0.21740374109484195,54
5201,9,8103,4320,3783,0,0,0,1.0,1,1.0,1,1.0,1,0.13598078466685007,55
5202,2,8105,4321,3784,0,0,0,1.0,1,1.0,1,1.0,1,0.14608588921234406,56
5203,1,8106,4322,3784,0,0,0,1.0,1,1.0,1,1.0,1,0.1546659051449628,56
5204,0,8106,4322,3784,0,0,0,1.0,1,1.0,1,1.0,1,0.14597968796057803,58
5205,1,8107,4322,3785,0,0,0,1.0,1,1.0,1,1.0,1,0.13185498850770586,58
5206,1,8108,4323,3785,0,0,0,1.0,1,1.0,1,1.0,1,0.14332945326309485,58
5207,1,8109,4323,3786,0,0,0,1.0,1,1.0,1,1.0,1,0.14136217587214234,59
5208,1,8110,4324,3786,0,0,0,1.0,1,1.0,1,1.0,1,0.15676138992015318,58
5209,0,8110,4324,3786,0,0,0,1.0,1,1.0,1,1.0,1,0.15676138992015318,58
5210,0,8110,4324,3786,0,0,0,1.0,1,1.0,1,1.0,1,0.15518414528027952,57
5211,0,8110,4324,3786,0,0,0,1.0,1,1.0,1,1.0,1,0.15518414528027952,57
5212,1,8111,4324,3787,0,0,0,1.0,1,1.0,1,1.0,1,0.14697703802057735,59
5213,3,8114,4326,3788,0,0,0,1.0,1,1.0,1,1.0,1,0.17308666512718698,59
5214,2,8116,4327,3789,0,0,0,1.0,1,1.0,1,1.0,1,0.2225246156419444,59
5215,3,8119,4328,3791,0,0,0,1.0,1,1.0,1,1.0,1,0.24599950151864367,58
5216,2,8121,4329,3792,0,0,0,1.0,1,1.0,1,1.0,1,0.23794414624000196,59
5217,4,8125,4333,3792,0,0,0,1.0,1,1.0,1,1.0,1,0.20597533005381854,58
5218,2,8127,4335,3792,0,0,0,1.0,1,1.0,1,1.0,1,0.23296131658946675,58
5219,1,8128,4336,3792,0,0,0,1.0,1,1.0,1,1.0,1,0.23227957843399022,57
5220,0,8128,4336,3792,0,0,0,1.0,1,1.0,1,1.0,1,0.2151824271082106,56
5221,2,8130,4337,3793,0,0,0,1.0,1,1.0,1,1.0,1,0.20685222056512031,58
5222,0,8130,4337,3793,0,0,0,1.0,1,1.0,1,1.0,1,0.1848875687242025,56
5223,2,8132,4339,3793,0,0,0,1.0,1,1.0,1,1.0,1,0.2484842042887847,55
5224,0,8132,4339,3793,0,0,0,1.0,1,1.0,1,1.0,1,0.253080835560243,56
5225,1,8133,4340,3793,0,0,0,1.0,1,1.0,1,1.0,1,0.2931958269882957,55
5226,8,8141,4341,3800,0,0,0,1.0,1,1.0,1,1.0,1,0.22062992452308186,55
5227,2,8143,4341,3802,0,0,0,1.0,1,1.0,1,1.0,1,0.20171810198409543,53
5228,0,8143,4341,3802,0,0,0,1.0,1,1.0,1,1.0,1,0.19601988714557442,51
5229,1,8144,4341,3803,0,0,0,1.0,1,1.0,1,1.0,1,0.16695926721997031,51
5230,0,8144,4341,3803,0,0,0,1.0,1,1.0,1,1.0,1,0.16864788264262234,51
5231,1,8145,4342,3803,0,0,0,1.0,1,1.0,1,1.0,1,0.19773618652443115,52
5232,2,8147,4344,3803,0,0,0,1.0,1,1.0,1,1.0,1,0.2286569203550495,52
5233,1,8148,4345,3803,0,0,0,1.0,1,1.0,1,1.0,1,0.23152287923460002,53
5234,1,8149,4346,3803,0,0,0,1.0,1,1.0,1,1.0,1,0.2577715505664152,53
5235,1,8150,4347,3803,0,0,0,1.0,1,1.0,1,1.0,1,0.2505551151729107,53
5236,0,8150,4347,3803,0,0,0,1.0,1,1.0,1,1.0,1,0.259530575835066,52
5237,1,8151,4348,3803,0,0,0,1.0,1,1.0,1,1.0,1,0.26963498750145315,52
5238,0,8151,4348,3803,0,0,0,1.0,1,1.0,1,1.0,1,0.26963498750145315,52
5239,0,8151,4348,3803,0,0,0,1.0,1,1.0,1,1.0,1,0.2856516993296502,51
5240,0,8151,4348,3803,0,0,0,1.0,1,1.0,1,1.0,1,0.29227960400535064,53
5241,1,8152,4349,3803,0,0,0,1.0,1,1.0,1,1.0,1,0.294404749627746,53
5242,4,8156,4351,3805,0,0,0,1.0,1,1.0,1,1.0,1,0.26592352130354907,51
5243,1,8157,4352,3805,0,0,0,1.0,1,1.0,1,1.0,1,0.28995807961206993,51
5244,4,8161,4356,3805,0,0,0,1.0,1,1.0,1,1.0,1,0.263843724232261,52
5245,3,8164,4358,3806,0,0,0,1.0,1,1.0,1,1.0,1,0.26169873798656096,53
5246,3,8167,4361,3806,0,0,0,1.0,1,1.0,1,1.0,1,0.23298475844843147,53
5247,4,8171,4363,3808,0,0,0,1.0,1,1.0,1,1.0,1,0.2160899547741497,54
5248,1,8172,4364,3808,0,0,0,1.0,1,1.0,1,1.0,1,0.18931363646293833,54
5249,2,8174,4365,3809,0,0,0,1.0,1,1.0,1,1.0,1,0.20053625591078314,55
5250,1,8175,4365,3810,0,0,0,1.0,1,1.0,1,1.0,1,0.1838674647239734,57
5251,5,8180,4365,3815,0,0,0,1.0,1,1.0,1,1.0,1,0.09338597531614451,58
5252,2,8182,4367,3815,0,0,0,1.0,1,1.0,1,1.0,1,0.1139428432010138,58
5253,4,8186,4369,3817,0,0,0,1.0,1,1.0,1,1.0,1,0.14272260827866637,58
5254,1,8187,4370,3817,0,0,0,1.0,1,1.0,1,1.0,1,0.16748456050278054,59
5255,3,8190,4372,3818,0,0,0,1.0,1,1.0,1,1.0,1,0.16421667316106997,58
5256,0,8190,4372,3818,0,0,0,1.0,1,1.0,1,1.0,1,0.17075393656758078,58
5257,1,8191,4373,3818,0,0,0,1.0,1,1.0,1,1.0,1,0.18777841870585013,57
5258,0,8191,4373,3818,0,0,0,1.0,1,1.0,1,1.0,1,0.1657812054789095,55
5259,1,8192,4373,3819,0,0,0,1.0,1,1.0,1,1.0,1,0.14994927686785692,56
5260,0,8192,4373,3819,0,0,0,1.0,1,1.0,1,1.0,1,0.14040570498908872,55
5261,0,8192,4373,3819,0,0,0,1.0,1,1.0,1,1.0,1,0.1331252899575257,54
5262,1,8193,4374,3819,0,0,0,1.0,1,1.0,1,1.0,1,0.15908185104304007,54
5263,0,8193,4374,3819,0,0,0,1.0,1,1.0,1,1.0,1,0.17279023371576868,55
5264,3,8196,4376,3820,0,0,0,1.0,1,1.0,1,1.0,1,0.1600888296228853,53
5265,3,8199,4379,3820,0,0,0,1.0,1,1.0,1,1.0,1,0.13392309179082598,52
5266,0,8199,4379,3820,0,0,0,1.0,1,1.0,1,1.0,1,0.15371030423005674,49
5267,1,8200,4380,3820,0,0,0,1.0,1,1.0,1,1.0,1,0.18611463832970535,49
5268,2,8202,4382,3820,0,0,0,1.0,1,1.0,1,1.0,1,0.20451143435647537,46
5269,2,8204,4384,3820,0,0,0,1.0,1,1.0,1,1.0,1,0.20014978946819714,45
5270,1,8205,4385,3820,0,0,0,1.0,1,1.0,1,1.0,1,0.20124897689797544,46
5271,5,8210,4390,3820,0,0,0,1.0,1,1.0,1,1.0,1,0.20402922566372228,46
5272,0,8210,4390,3820,0,0,0,1.0,1,1.0,1,1.0,1,0.2168006326224919,45
5273,3,8213,4393,3820,0,0,0,1.0,1,1.0,1,1.0,1,0.22170450673184364,45
5274,1,8214,4393,3821,0,0,0,1.0,1,1.0,1,1.0,1,0.2289275633437698,45
5275,4,8218,4396,3822,0,0,0,1.0,1,1.0,1,1.0,1,0.26234435530646155,46
5276,10,8228,4399,3829,0,0,0,1.0,1,1.0,1,1.0,1,0.19121749356565482,45
5277,2,8230,4399,3831,0,0,0,1.0,1,1.0,1,1.0,1,0.17123733404404906,45
5278,2,8232,4401,3831,0,0,0,1.0,1,1.0,1,1.0,1,0.2054944724852032,44
5279,2,8234,4402,3832,0,0,0,1.0,1,1.0,1,1.0,1,0.22307741764046737,45
5280,1,8235,4403,3832,0,0,0,1.0,1,1.0,1,1.0,1,0.21650567739395848,46
5281,1,8236,4404,3832,0,0,0,1.0,1,1.0,1,1.0,1,0.21624425169867784,46
5282,3,8239,4405,3834,0,0,0,1.0,1,1.0,1,1.0,1,0.1975479318120183,47
5283,0,8239,4405,3834,0,0,0,1.0,1,1.0,1,1.0,1,0.20934678781276883,48
5284,2,8241,4405,3836,0,0,0,1.0,1,1.0,1,1.0,1,0.20934678781276883,48
5285,1,8242,4405,3837,0,0,0,1.0,1,1.0,1,1.0,1,0.1762061464063716,48
5286,0,8242,4405,3837,0,0,0,1.0,1,1.0,1,1.0,1,0.18043876473353512,50
5287,0,8242,4405,3837,0,0,0,1.0,1,1.0,1,1.0,1,0.18043876473353512,50
5288,1,8243,4405,3838,0,0,0,1.0,1,1.0,1,1.0,1,0.1642516271355176,51
5289,0,8243,4405,3838,0,0,0,1.0,1,1.0,1,1.0,1,0.1642516271355176,51
5290,3,8246,4405,3841,0,0,0,1.0,1,1.0,1,1.0,1,0.1348473132378059,52
5291,3,8249,4406,3843,0,0,0,1.0,1,1.0,1,1.0,1,0.16978862799743233,52
5292,2,8251,4406,3845,0,0,0,1.0,1,1.0,1,1.0,1,0.20683693443526274,53
5293,2,8253,4407,3846,0,0,0,1.0,1,1.0,1,1.0,1,0.21082956337920636,51
5294,0,8253,4407,3846,0,0,0,1.0,1,1.0,1,1.0,1,0.1986405811014965,50
5295,2,8255,4408,3847,0,0,0,1.0,1,1.0,1,1.0,1,0.18916115495866037,49
5296,2,8257,4408,3849,0,0,0,1.0,1,1.0,1,1.0,1,0.17953075203506455,48
5297,1,8258,4408,3850,0,0,0,1.0,1,1.0,1,1.0,1,0.2195844455043013,46
5298,2,8260,4408,3852,0,0,0,1.0,1,1.0,1,1.0,1,0.219534297271328,46
5299,2,8262,4408,3854,0,0,0,1.0,1,1.0,1,1.0,1,0.22209364880806134,47
5300,1,8263,4408,3855,0,0,0,1.0,1,1.0,1,1.0,1,0.18630665911471467,48
5301,0,8263,4408,3855,0,0,0,1.0,1,1.0,1,1.0,1,0.18630665911471467,48
5302,1,8264,4409,3855,0,0,0,1.0,1,1.0,1,1.0,1,0.2177947137773507,49
5303,1,8265,4410,3855,0,0,0,1.0,1,1.0,1,1.0,1,0.2058868289028703,48
5304,1,8266,4411,3855,0,0,0,1.0,1,1.0,1,1.0,1,0.20419957885518933,48
5305,0,8266,4411,3855,0,0,0,1.0,1,1.0,1,1.0,1,0.211629100498948,47
5306,1,8267,4412,3855,0,0,0,1.0,1,1.0,1,1.0,1,0.21110024317486858,48
5307,1,8268,4413,3855,0,0,0,1.0,1,1.0,1,1.0,1,0.23102209716596658,48
5308,0,8268,4413,3855,0,0,0,1.0,1,1.0,1,1.0,1,0.23068935727312934,47
5309,0,8268,4413,3855,0,0,0,1.0,1,1.0,1,1.0,1,0.23746571766549612,46
5310,1,8269,4413,3856,0,0,0,1.0,1,1.0,1,1.0,1,0.22475136639464569,46
5311,2,8271,4414,3857,0,0,0,1.0,1,1.0,1,1.0,1,0.20076558942093406,46
5312,0,8271,4414,3857,0,0,0,1.0,1,1.0,1,1.0,1,0.21071670615940424,46
5313,1,8272,4414,3858,0,0,0,1.0,1,1.0,1,1.0,1,0.21126734642369463,46
5314,1,8273,4414,3859,0,0,0,1.0,1,1.0,1,1.0,1,0.2040745150234574,46
5315,1,8274,4414,3860,0,0,0,1.0,1,1.0,1,1.0,1,0.1744927008793943,47
5316,2,8276,4415,3861,0,0,0,1.0,1,1.0,1,1.0,1,0.1969644264525903,48
5317,1,8277,4416,3861,0,0,0,1.0,1,1.0,1,1.0,1,0.1635645684361176,49
5318,5,8282,4420,3862,0,0,0,1.0,1,1.0,1,1.0,1,0.17471519152527032,49
5319,1,8283,4421,3862,0,0,0,1.0,1,1.0,1,1.0,1,0.19700290611410398,50
5320,1,8284,4422,3862,0,0,0,1.0,1,1.0,1,1.0,1,0.21164576930130852,51
5321,0,8284,4422,3862,0,0,0,1.0,1,1.0,1,1.0,1,0.19015096790181876,52
5322,0,8284,4422,3862,0,0,0,1.0,1,1.0,1,1.0,1,0.2010752519504084,53
5323,1,8285,4423,3862,0,0,0,1.0,1,1.0,1,1.0,1,0.17234593851344443,53
5324,1,8286,4424,3862,0,0,0,1.0,1,1.0,1,1.0,1,0.16606811471012023,55
5325,1,8287,4425,3862,0,0,0,1.0,1,1.0,1,1.0,1,0.17621580877873635,55
5326,9,8296,4427,3869,0,0,0,1.0,1,1.0,1,1.0,1,0.020794392470559978,55
5327,2,8298,4428,3870,0,0,0,1.0,1,1.0,1,1.0,1,0.03791751120215062,56
5328,1,8299,4429,3870,0,0,0,1.0,1,1.0,1,1.0,1,0.043052500900674646,57
5329,2,8301,4430,3871,0,0,0,1.0,1,1.0,1,1.0,1,0.03345414609689781,57
5330,2,8303,4432,3871,0,0,0,1.0,1,1.0,1,1.0,1,0.07614699322583313,56
5331,2,8305,4433,3872,0,0,0,1.0,1,1.0,1,1.0,1,0.060264525014814295,57
5332,0,8305,4433,3872,0,0,0,1.0,1,1.0,1,1.0,1,0.06332921040743042,58
5333,4,8309,4434,3875,0,0,0,1.0,1,1.0,1,1.0,1,0.04914884545620872,59
5334,3,8312,4435,3877,0,0,0,1.0,1,1.0,1,1.0,1,0.0633125686099044,59
5335,1,8313,4435,3878,0,0,0,1.0,1,1.0,1,1.0,1,0.049275186398252714,58
5336,1,8314,4436,3878,0,0,0,1.0,1,1.0,1,1.0,1,0.06600182530502134,59
5337,0,8314,4436,3878,0,0,0,1.0,1,1.0,1,1.0,1,0.06095804621747795,60
5338,2,8316,4438,3878,0,0,0,1.0,1,1.0,1,1.0,1,0.07976178349433632,60
5339,0,8316,4438,3878,0,0,0,1.0,1,1.0,1,1.0,1,0.07976178349433632,60
5340,3,8319,4440,3879,0,0,0,1.0,1,1.0,1,1.0,1,0.136114920342847,60
5341,2,8321,4441,3880,0,0,0,1.0,1,1.0,1,1.0,1,0.13967814974000645,61
5342,1,8322,4441,3881,0,0,0,1.0,1,1.0,1,1.0,1,0.13833581513318985,59
5343,2,8324,4442,3882,0,0,0,1.0,1,1.0,1,1.0,1,0.15788375588203757,58
5344,0,8324,4442,3882,0,0,0,1.0,1,1.0,1,1.0,1,0.14385665452875457,58
5345,2,8326,4444,3882,0,0,0,1.0,1,1.0,1,1.0,1,0.14636606102711738,54
5346,0,8326,4444,3882,0,0,0,1.0,1,1.0,1,1.0,1,0.14636606102711738,54
5347,4,8330,4448,3882,0,0,0,1.0,1,1.0,1,1.0,1,0.14322551383998855,54
5348,0,8330,4448,3882,0,0,0,1.0,1,1.0,1,1.0,1,0.15543259927351769,55
5349,1,8331,4449,3882,0,0,0,1.0,1,1.0,1,1.0,1,0.15098068607019113,56
5350,1,8332,4450,3882,0,0,0,1.0,1,1.0,1,1.0,1,0.17129630509635563,56
5351,6,8338,4450,3888,0,0,0,1.0,1,1.0,1,1.0,1,0.11107159832835656,57
5352,1,8339,4451,3888,0,0,0,1.0,1,1.0,1,1.0,1,0.10749007777595442,57
5353,2,8341,4452,3889,0,0,0,1.0,1,1.0,1,1.0,1,0.11483732776896374,57
5354,0,8341,4452,3889,0,0,0,1.0,1,1.0,1,1.0,1,0.13269171446520456,56
5355,0,8341,4452,3889,0,0,0,1.0,1,1.0,1,1.0,1,0.1150258321647266,57
5356,1,8342,4452,3890,0,0,0,1.0,1,1.0,1,1.0,1,0.09689792983507801,56
5357,1,8343,4453,3890,0,0,0,1.0,1,1.0,1,1.0,1,0.12138540660868397,56
5358,2,8345,4455,3890,0,0,0,1.0,1,1.0,1,1.0,1,0.13856838531389995,57
5359,1,8346,4456,3890,0,0,0,1.0,1,1.0,1,1.0,1,0.16040646321434243,57
5360,0,8346,4456,3890,0,0,0,1.0,1,1.0,1,1.0,1,0.18490388615605993,55
5361,3,8349,4458,3891,0,0,0,1.0,1,1.0,1,1.0,1,0.1946923200345113,56
5362,0,8349,4458,3891,0,0,0,1.0,1,1.0,1,1.0,1,0.18079256701102855,57
5363,1,8350,4459,3891,0,0,0,1.0,1,1.0,1,1.0,1,0.20369283262418456,57
5364,0,8350,4459,3891,0,0,0,1.0,1,1.0,1,1.0,1,0.21220399557238626,58
5365,0,8350,4459,3891,0,0,0,1.0,1,1.0,1,1.0,1,0.18658368729703867,59
5366,2,8352,4460,3892,0,0,0,1.0,1,1.0,1,1.0,1,0.18881897057917077,60
5367,1,8353,4461,3892,0,0,0,1.0,1,1.0,1,1.0,1,0.20395283875227352,60
5368,0,8353,4461,3892,0,0,0,1.0,1,1.0,1,1.0,1,0.19904330989862706,58
5369,2,8355,4463,3892,0,0,0,1.0,1,1.0,1,1.0,1,0.2077504329891555,58
5370,0,8355,4463,3892,0,0,0,1.0,1,1.0,1,1.0,1,0.2024574788803152,57
5371,3,8358,4466,3892,0,0,0,1.0,1,1.0,1,1.0,1,0.26098819933659356,56
5372,1,8359,4467,3892,0,0,0,1.0,1,1.0,1,1.0,1,0.23535746555777845,55
5373,5,8364,4472,3892,0,0,0,1.0,1,1.0,1,1.0,1,0.2920393523838209,54
5374,1,8365,4473,3892,0,0,0,1.0,1,1.0,1,1.0,1,0.28295506989171537,53
5375,3,8368,4475,3893,0,0,0,1.0,1,1.0,1,1.0,1,0.2750964491425176,52
5376,6,8374,4477,3897,0,0,0,1.0,1,1.0,1,1.0,1,0.22917591199842724,52
5377,4,8378,4478,3900,0,0,0,1.0,1,1.0,1,1.0,1,0.1763605105977571,51
5378,4,8382,4480,3902,0,0,0,1.0,1,1.0,1,1.0,1,0.21085086120611418,52
5379,1,8383,4480,3903,0,0,0,1.0,1,1.0,1,1.0,1,0.19882992563467425,50
5380,1,8384,4481,3903,0,0,0,1.0,1,1.0,1,1.0,1,0.23353914895893632,51
5381,1,8385,4482,3903,0,0,0,1.0,1,1.0,1,1.0,1,0.2263553214405034,50
5382,0,8385,4482,3903,0,0,0,1.0,1,1.0,1,1.0,1,0.23605459614526358,48
5383,0,8385,4482,3903,0,0,0,1.0,1,1.0,1,1.0,1,0.23655034061790758,48
5384,4,8389,4484,3905,0,0,0,1.0,1,1.0,1,1.0,1,0.19504365328923187,48
5385,0,8389,4484,3905,0,0,0,1.0,1,1.0,1,1.0,1,0.2033582264301243,47
5386,4,8393,4488,3905,0,0,0,1.0,1,1.0,1,1.0,1,0.21216882216737487,48
5387,2,8395,4489,3906,0,0,0,1.0,1,1.0,1,1.0,1,0.20863643857095948,48
5388,0,8395,4489,3906,0,0,0,1.0,1,1.0,1,1.0,1,0.20863643857095948,48
5389,2,8397,4491,3906,0,0,0,1.0,1,1.0,1,1.0,1,0.18060467290164153,50
5390,0,8397,4491,3906,0,0,0,1.0,1,1.0,1,1.0,1,0.18246934682404972,52
5391,0,8397,4491,3906,0,0,0,1.0,1,1.0,1,1.0,1,0.18246934682404972,52
5392,0,8397,4491,3906,0,0,0,1.0,1,1.0,1,1.0,1,0.192955496276214,51
5393,5,8402,4496,3906,0,0,0,1.0,1,1.0,1,1.0,1,0.1559983221804254,50
5394,1,8403,4496,3907,0,0,0,1.0,1,1.0,1,1.0,1,0.16217843877132745,50
5395,2,8405,4497,3908,0,0,0,1.0,1,1.0,1,1.0,1,0.17785127670079265,49
5396,0,8405,4497,3908,0,0,0,1.0,1,1.0,1,1.0,1,0.18419042923190015,48
5397,2,8407,4498,3909,0,0,0,1.0,1,1.0,1,1.0,1,0.16549723206372918,48
5398,1,8408,4499,3909,0,0,0,1.0,1,1.0,1,1.0,1,0.22248656622056523,46
5399,5,8413,4503,3910,0,0,0,1.0,1,1.0,1,1.0,1,0.22649491670427935,46
5400,2,8415,4505,3910,0,0,0,1.0,1,1.0,1,1.0,1,0.23826535831605478,48
5401,5,8420,4505,3915,0,0,0,1.0,1,1.0,1,1.0,1,0.0907876511463402,49
5402,0,8420,4505,3915,0,0,0,1.0,1,1.0,1,1.0,1,0.0,0
