,SuccessfulHandoverCount,TotalSuccessfulHandoverCount,TotalSuccessfulHandoverCountRange,TotalSuccessfulHandoverCountLoadBalancing,TotalSuccessfulHandoverCountOverload,FailedHandoverCount,TotalFailedHandoverCount,AvgQoS,MinQoS,AvgQoS_LoadBased,MinQoS_LoadBased,AvgQoS_RangeBased,MinQoS_RangeBased,GiniLoad,VehicleCount
0,0,0,0,0,0,0,0,1.0,1,1.0,1,1.0,1,0.0,0
1,11,11,0,11,0,0,0,1.0,1,1.0,1,1.0,1,0.2655473127736556,26
2,9,20,0,20,0,0,0,1.0,1,1.0,1,1.0,1,0.16272431613789476,27
3,4,24,0,24,0,0,0,1.0,1,1.0,1,1.0,1,0.20302059887784218,28
4,5,29,0,29,0,0,0,1.0,1,1.0,1,1.0,1,0.17593128176082087,29
5,5,34,0,34,0,0,0,1.0,1,1.0,1,1.0,1,0.18504327244413957,29
6,6,40,0,40,0,0,0,1.0,1,1.0,1,1.0,1,0.23297775368904033,32
7,7,47,0,47,0,0,0,1.0,1,1.0,1,1.0,1,0.2523105710181928,33
8,13,60,0,60,0,0,0,1.0,1,1.0,1,1.0,1,0.13169774894319916,35
9,13,73,0,73,0,0,0,1.0,1,1.0,1,1.0,1,0.22498150261032737,35
10,10,83,0,83,0,0,0,1.0,1,1.0,1,1.0,1,0.21350498429896592,35
11,12,95,0,95,0,0,0,1.0,1,1.0,1,1.0,1,0.1417750746981574,35
12,6,101,0,101,0,0,0,1.0,1,1.0,1,1.0,1,0.15591808561609136,34
13,9,110,0,110,0,0,0,1.0,1,1.0,1,1.0,1,0.17991427768623428,32
14,7,117,2,115,0,0,0,1.0,1,1.0,1,1.0,1,0.3022513203669301,31
15,5,122,2,120,0,0,0,1.0,1,1.0,1,1.0,1,0.2868579905958236,30
16,1,123,2,121,0,0,0,1.0,1,1.0,1,1.0,1,0.2825287343882972,30
17,1,124,2,122,0,0,0,1.0,1,1.0,1,1.0,1,0.2840327172759702,29
18,1,125,3,122,0,0,0,1.0,1,1.0,1,1.0,1,0.32494216709315205,29
19,1,126,3,123,0,0,0,1.0,1,1.0,1,1.0,1,0.2689847682833075,28
20,0,126,3,123,0,0,0,1.0,1,1.0,1,1.0,1,0.28704009764012633,28
21,2,128,4,124,0,0,0,1.0,1,1.0,1,1.0,1,0.26797446867955216,28
22,4,132,7,125,0,0,0,1.0,1,1.0,1,1.0,1,0.2858083837055047,28
23,2,134,9,125,0,0,0,1.0,1,1.0,1,1.0,1,0.3779083460092517,27
24,1,135,10,125,0,0,0,1.0,1,1.0,1,1.0,1,0.369576517396882,28
25,3,138,12,126,0,0,0,1.0,1,1.0,1,1.0,1,0.29976450825892376,28
26,6,144,15,129,0,0,0,1.0,1,1.0,1,1.0,1,0.20048113383425603,30
27,1,145,16,129,0,0,0,1.0,1,1.0,1,1.0,1,0.1741775391922533,30
28,4,149,18,131,0,0,0,1.0,1,1.0,1,1.0,1,0.20778016404646,31
29,0,149,18,131,0,0,0,1.0,1,1.0,1,1.0,1,0.21134399046188557,30
30,0,149,18,131,0,0,0,1.0,1,1.0,1,1.0,1,0.21134399046188557,30
31,0,149,18,131,0,0,0,1.0,1,1.0,1,1.0,1,0.21488530031714906,31
32,1,150,19,131,0,0,0,1.0,1,1.0,1,1.0,1,0.24929847327165772,31
33,2,152,21,131,0,0,0,1.0,1,1.0,1,1.0,1,0.24454512028650752,31
34,3,155,22,133,0,0,0,1.0,1,1.0,1,1.0,1,0.25306193082904027,29
35,1,156,23,133,0,0,0,1.0,1,1.0,1,1.0,1,0.27910293925861496,30
36,0,156,23,133,0,0,0,1.0,1,1.0,1,1.0,1,0.2885689520349929,30
37,2,158,24,134,0,0,0,1.0,1,1.0,1,1.0,1,0.2864014562062149,31
38,0,158,24,134,0,0,0,1.0,1,1.0,1,1.0,1,0.28931577152709503,32
39,2,160,24,136,0,0,0,1.0,1,1.0,1,1.0,1,0.2829088539083288,36
40,0,160,24,136,0,0,0,1.0,1,1.0,1,1.0,1,0.283602257685598,37
41,1,161,24,137,0,0,0,1.0,1,1.0,1,1.0,1,0.2639558262214616,37
42,1,162,24,138,0,0,0,1.0,1,1.0,1,1.0,1,0.29343026632195796,38
43,10,172,26,146,0,0,0,1.0,1,1.0,1,1.0,1,0.294470146139817,40
44,2,174,26,148,0,0,0,1.0,1,1.0,1,1.0,1,0.285062801203072,39
45,2,176,27,149,0,0,0,1.0,1,1.0,1,1.0,1,0.3232655743747803,40
46,3,179,27,152,0,0,0,1.0,1,1.0,1,1.0,1,0.24764348597115346,39
47,0,179,27,152,0,0,0,1.0,1,1.0,1,1.0,1,0.24764348597115346,39
48,0,179,27,152,0,0,0,1.0,1,1.0,1,1.0,1,0.24764348597115346,39
49,2,181,28,153,0,0,0,1.0,1,1.0,1,1.0,1,0.25687543761367204,37
50,0,181,28,153,0,0,0,1.0,1,1.0,1,1.0,1,0.23987349793011797,35
51,0,181,28,153,0,0,0,1.0,1,1.0,1,1.0,1,0.2341269851368761,34
52,0,181,28,153,0,0,0,1.0,1,1.0,1,1.0,1,0.25123496189146394,34
53,1,182,29,153,0,0,0,1.0,1,1.0,1,1.0,1,0.2621048058965011,35
54,0,182,29,153,0,0,0,1.0,1,1.0,1,1.0,1,0.28559640876725334,36
55,4,186,30,156,0,0,0,1.0,1,1.0,1,1.0,1,0.23160245188485407,36
56,3,189,32,157,0,0,0,1.0,1,1.0,1,1.0,1,0.24912991673485904,36
57,0,189,32,157,0,0,0,1.0,1,1.0,1,1.0,1,0.2708042064128435,37
58,3,192,34,158,0,0,0,1.0,1,1.0,1,1.0,1,0.26116764231043493,38
59,1,193,35,158,0,0,0,1.0,1,1.0,1,1.0,1,0.27462518466795155,37
60,1,194,35,159,0,0,0,1.0,1,1.0,1,1.0,1,0.25523900856515,38
61,3,197,35,162,0,0,0,1.0,1,1.0,1,1.0,1,0.1871764863086342,37
62,3,200,37,163,0,0,0,1.0,1,1.0,1,1.0,1,0.22981960996484385,39
63,1,201,38,163,0,0,0,1.0,1,1.0,1,1.0,1,0.2501665729845326,39
64,1,202,39,163,0,0,0,1.0,1,1.0,1,1.0,1,0.24871411273198024,38
65,3,205,41,164,0,0,0,1.0,1,1.0,1,1.0,1,0.283815184035097,39
66,2,207,43,164,0,0,0,1.0,1,1.0,1,1.0,1,0.33357296550614807,39
67,1,208,43,165,0,0,0,1.0,1,1.0,1,1.0,1,0.3147325267485271,36
68,3,211,44,167,0,0,0,1.0,1,1.0,1,1.0,1,0.34851696582818653,36
69,2,213,44,169,0,0,0,1.0,1,1.0,1,1.0,1,0.3514452371197177,37
70,1,214,44,170,0,0,0,1.0,1,1.0,1,1.0,1,0.3980784911724226,36
71,6,220,44,176,0,0,0,1.0,1,1.0,1,1.0,1,0.34966226221234736,38
72,7,227,45,182,0,0,0,1.0,1,1.0,1,1.0,1,0.350894839623972,38
73,4,231,45,186,0,0,0,1.0,1,1.0,1,1.0,1,0.3691090010109983,37
74,4,235,45,190,0,0,0,1.0,1,1.0,1,1.0,1,0.3661390716824155,38
75,6,241,46,195,0,0,0,1.0,1,1.0,1,1.0,1,0.38500459839108125,38
76,8,249,47,202,0,0,0,1.0,1,1.0,1,1.0,1,0.28486875239183534,39
77,1,250,47,203,0,0,0,1.0,1,1.0,1,1.0,1,0.25762395634881896,40
78,0,250,47,203,0,0,0,1.0,1,1.0,1,1.0,1,0.2748247928314414,41
79,0,250,47,203,0,0,0,1.0,1,1.0,1,1.0,1,0.2748247928314414,41
80,0,250,47,203,0,0,0,1.0,1,1.0,1,1.0,1,0.2748247928314414,41
81,3,253,47,206,0,0,0,1.0,1,1.0,1,1.0,1,0.21451482325234936,41
82,2,255,47,208,0,0,0,1.0,1,1.0,1,1.0,1,0.1995614576518537,44
83,0,255,47,208,0,0,0,1.0,1,1.0,1,1.0,1,0.1995614576518537,44
84,0,255,47,208,0,0,0,1.0,1,1.0,1,1.0,1,0.19811154224473712,45
85,1,256,47,209,0,0,0,1.0,1,1.0,1,1.0,1,0.20130964627227615,45
86,1,257,47,210,0,0,0,1.0,1,1.0,1,1.0,1,0.21283418955857605,45
87,1,258,48,210,0,0,0,1.0,1,1.0,1,1.0,1,0.2551074973022337,44
88,1,259,49,210,0,0,0,1.0,1,1.0,1,1.0,1,0.2602541382728402,44
89,1,260,49,211,0,0,0,1.0,1,1.0,1,1.0,1,0.26505760602960216,43
90,0,260,49,211,0,0,0,1.0,1,1.0,1,1.0,1,0.29571693175981073,44
91,4,264,49,215,0,0,0,1.0,1,1.0,1,1.0,1,0.2586830143142055,44
92,1,265,49,216,0,0,0,1.0,1,1.0,1,1.0,1,0.24587558119126873,43
93,1,266,49,217,0,0,0,1.0,1,1.0,1,1.0,1,0.2582188476530983,44
94,1,267,50,217,0,0,0,1.0,1,1.0,1,1.0,1,0.27995964896459263,44
95,1,268,50,218,0,0,0,1.0,1,1.0,1,1.0,1,0.278957094017199,43
96,0,268,50,218,0,0,0,1.0,1,1.0,1,1.0,1,0.28222178054521224,44
97,0,268,50,218,0,0,0,1.0,1,1.0,1,1.0,1,0.28222178054521224,44
98,0,268,50,218,0,0,0,1.0,1,1.0,1,1.0,1,0.30041424257377713,43
99,0,268,50,218,0,0,0,1.0,1,1.0,1,1.0,1,0.30041424257377713,43
100,1,269,50,219,0,0,0,1.0,1,1.0,1,1.0,1,0.2999413218253412,47
101,1,270,50,220,0,0,0,1.0,1,1.0,1,1.0,1,0.29490387094131726,47
102,2,272,52,220,0,0,0,1.0,1,1.0,1,1.0,1,0.3301574041135304,47
103,2,274,54,220,0,0,0,1.0,1,1.0,1,1.0,1,0.33156377695909023,46
104,2,276,56,220,0,0,0,1.0,1,1.0,1,1.0,1,0.3572412107434735,45
105,5,281,58,223,0,0,0,1.0,1,1.0,1,1.0,1,0.32269775595832756,44
106,4,285,60,225,0,0,0,1.0,1,1.0,1,1.0,1,0.2881650973004945,45
107,1,286,61,225,0,0,0,1.0,1,1.0,1,1.0,1,0.27998795548173444,44
108,3,289,63,226,0,0,0,1.0,1,1.0,1,1.0,1,0.24522381646999764,46
109,3,292,64,228,0,0,0,1.0,1,1.0,1,1.0,1,0.222694437869546,46
110,4,296,66,230,0,0,0,1.0,1,1.0,1,1.0,1,0.19231452186025635,46
111,2,298,67,231,0,0,0,1.0,1,1.0,1,1.0,1,0.19766021124445515,46
112,1,299,68,231,0,0,0,1.0,1,1.0,1,1.0,1,0.205521637394546,46
113,2,301,68,233,0,0,0,1.0,1,1.0,1,1.0,1,0.18834840750243165,46
114,2,303,69,234,0,0,0,1.0,1,1.0,1,1.0,1,0.17527054350981927,46
115,4,307,70,237,0,0,0,1.0,1,1.0,1,1.0,1,0.1053098899408583,47
116,2,309,72,237,0,0,0,1.0,1,1.0,1,1.0,1,0.11454382079480198,47
117,2,311,73,238,0,0,0,1.0,1,1.0,1,1.0,1,0.15538147763886914,45
118,1,312,74,238,0,0,0,1.0,1,1.0,1,1.0,1,0.15176946700683636,46
119,0,312,74,238,0,0,0,1.0,1,1.0,1,1.0,1,0.14706417714411463,46
120,0,312,74,238,0,0,0,1.0,1,1.0,1,1.0,1,0.12509534196515595,47
121,1,313,75,238,0,0,0,1.0,1,1.0,1,1.0,1,0.1457359782328799,46
122,1,314,76,238,0,0,0,1.0,1,1.0,1,1.0,1,0.15537550061155256,46
123,0,314,76,238,0,0,0,1.0,1,1.0,1,1.0,1,0.17865493232805477,45
124,0,314,76,238,0,0,0,1.0,1,1.0,1,1.0,1,0.1709025072596498,46
125,1,315,77,238,0,0,0,1.0,1,1.0,1,1.0,1,0.17207701845685802,44
126,1,316,78,238,0,0,0,1.0,1,1.0,1,1.0,1,0.19185662107345025,45
127,0,316,78,238,0,0,0,1.0,1,1.0,1,1.0,1,0.18567850922933088,45
128,1,317,79,238,0,0,0,1.0,1,1.0,1,1.0,1,0.19505805826670494,46
129,0,317,79,238,0,0,0,1.0,1,1.0,1,1.0,1,0.20867063517793033,48
130,4,321,80,241,0,0,0,1.0,1,1.0,1,1.0,1,0.1991609158064443,48
131,1,322,80,242,0,0,0,1.0,1,1.0,1,1.0,1,0.18689850556346826,49
132,5,327,83,244,0,0,0,1.0,1,1.0,1,1.0,1,0.25095988858170115,51
133,4,331,85,246,0,0,0,1.0,1,1.0,1,1.0,1,0.26560265773700875,49
134,7,338,90,248,0,0,0,1.0,1,1.0,1,1.0,1,0.2784761339675416,49
135,1,339,91,248,0,0,0,1.0,1,1.0,1,1.0,1,0.2953745586479944,49
136,7,346,95,251,0,0,0,1.0,1,1.0,1,1.0,1,0.22186296601165373,48
137,0,346,95,251,0,0,0,1.0,1,1.0,1,1.0,1,0.2265554801763516,47
138,2,348,97,251,0,0,0,1.0,1,1.0,1,1.0,1,0.2201225590865324,48
139,3,351,99,252,0,0,0,1.0,1,1.0,1,1.0,1,0.18240223993005214,48
140,3,354,100,254,0,0,0,1.0,1,1.0,1,1.0,1,0.1650771598496228,49
141,3,357,102,255,0,0,0,1.0,1,1.0,1,1.0,1,0.1691549691007373,49
142,4,361,105,256,0,0,0,1.0,1,1.0,1,1.0,1,0.16181042041434932,49
143,2,363,106,257,0,0,0,1.0,1,1.0,1,1.0,1,0.15108123021963069,47
144,1,364,107,257,0,0,0,1.0,1,1.0,1,1.0,1,0.15597627792576094,46
145,1,365,107,258,0,0,0,1.0,1,1.0,1,1.0,1,0.16812122810357288,44
146,2,367,109,258,0,0,0,1.0,1,1.0,1,1.0,1,0.18141978351959548,44
147,1,368,109,259,0,0,0,1.0,1,1.0,1,1.0,1,0.18483425763581368,43
148,1,369,110,259,0,0,0,1.0,1,1.0,1,1.0,1,0.21554470343312565,43
149,2,371,112,259,0,0,0,1.0,1,1.0,1,1.0,1,0.2232497322375791,43
150,2,373,113,260,0,0,0,1.0,1,1.0,1,1.0,1,0.25781845666039077,42
151,2,375,114,261,0,0,0,1.0,1,1.0,1,1.0,1,0.2269523991677872,42
152,1,376,115,261,0,0,0,1.0,1,1.0,1,1.0,1,0.23975234082758626,42
153,1,377,115,262,0,0,0,1.0,1,1.0,1,1.0,1,0.24918514509219658,42
154,1,378,116,262,0,0,0,1.0,1,1.0,1,1.0,1,0.2742097761886422,43
155,0,378,116,262,0,0,0,1.0,1,1.0,1,1.0,1,0.2863001081474921,43
156,0,378,116,262,0,0,0,1.0,1,1.0,1,1.0,1,0.2760993496568014,42
157,3,381,116,265,0,0,0,1.0,1,1.0,1,1.0,1,0.26425591456809305,41
158,1,382,117,265,0,0,0,1.0,1,1.0,1,1.0,1,0.20789306743289623,42
159,0,382,117,265,0,0,0,1.0,1,1.0,1,1.0,1,0.20939458254750143,43
160,3,385,119,266,0,0,0,1.0,1,1.0,1,1.0,1,0.20498796306455735,44
161,2,387,120,267,0,0,0,1.0,1,1.0,1,1.0,1,0.24642529137836114,44
162,2,389,122,267,0,0,0,1.0,1,1.0,1,1.0,1,0.3139537855686149,45
163,4,393,124,269,0,0,0,1.0,1,1.0,1,1.0,1,0.3455002724618569,43
164,3,396,125,271,0,0,0,1.0,1,1.0,1,1.0,1,0.30941872840732054,42
165,2,398,127,271,0,0,0,1.0,1,1.0,1,1.0,1,0.30737322428970903,42
166,2,400,127,273,0,0,0,1.0,1,1.0,1,1.0,1,0.27882039022692023,42
167,3,403,129,274,0,0,0,1.0,1,1.0,1,1.0,1,0.2570549266585439,41
168,1,404,129,275,0,0,0,1.0,1,1.0,1,1.0,1,0.24370926082975525,40
169,1,405,129,276,0,0,0,1.0,1,1.0,1,1.0,1,0.21920624356821014,40
170,0,405,129,276,0,0,0,1.0,1,1.0,1,1.0,1,0.21728126530159542,38
171,1,406,129,277,0,0,0,1.0,1,1.0,1,1.0,1,0.24946211629881063,37
172,3,409,132,277,0,0,0,1.0,1,1.0,1,1.0,1,0.28205217995438503,35
173,4,413,134,279,0,0,0,1.0,1,1.0,1,1.0,1,0.36023903888279296,36
174,2,415,136,279,0,0,0,1.0,1,1.0,1,1.0,1,0.370557749130953,34
175,0,415,136,279,0,0,0,1.0,1,1.0,1,1.0,1,0.37396193133937117,33
176,1,416,136,280,0,0,0,1.0,1,1.0,1,1.0,1,0.3386428837573414,34
177,0,416,136,280,0,0,0,1.0,1,1.0,1,1.0,1,0.3041001430542959,36
178,0,416,136,280,0,0,0,1.0,1,1.0,1,1.0,1,0.28988175592093257,37
179,1,417,137,280,0,0,0,1.0,1,1.0,1,1.0,1,0.32119043751780757,37
180,0,417,137,280,0,0,0,1.0,1,1.0,1,1.0,1,0.3317795469256006,36
181,3,420,137,283,0,0,0,1.0,1,1.0,1,1.0,1,0.22919506595572747,36
182,4,424,138,286,0,0,0,1.0,1,1.0,1,1.0,1,0.20583229417160992,38
183,1,425,139,286,0,0,0,1.0,1,1.0,1,1.0,1,0.20465672412643976,37
184,2,427,141,286,0,0,0,1.0,1,1.0,1,1.0,1,0.21836196847456127,36
185,1,428,142,286,0,0,0,1.0,1,1.0,1,1.0,1,0.2314159403977228,35
186,1,429,143,286,0,0,0,1.0,1,1.0,1,1.0,1,0.2709542838446265,34
187,3,432,146,286,0,0,0,1.0,1,1.0,1,1.0,1,0.27951786689999675,33
188,3,435,147,288,0,0,0,1.0,1,1.0,1,1.0,1,0.29281713875522575,33
189,5,440,151,289,0,0,0,1.0,1,1.0,1,1.0,1,0.3339529489410095,33
190,2,442,151,291,0,0,0,1.0,1,1.0,1,1.0,1,0.33731675153681756,32
191,1,443,152,291,0,0,0,1.0,1,1.0,1,1.0,1,0.3488464344168885,34
192,0,443,152,291,0,0,0,1.0,1,1.0,1,1.0,1,0.3488464344168885,34
193,0,443,152,291,0,0,0,1.0,1,1.0,1,1.0,1,0.3393533089566239,35
194,1,444,152,292,0,0,0,1.0,1,1.0,1,1.0,1,0.32665201585188447,37
195,1,445,152,293,0,0,0,1.0,1,1.0,1,1.0,1,0.35263506820498336,36
196,4,449,153,296,0,0,0,1.0,1,1.0,1,1.0,1,0.25660494592617783,36
197,3,452,154,298,0,0,0,1.0,1,1.0,1,1.0,1,0.23898854686866403,37
198,0,452,154,298,0,0,0,1.0,1,1.0,1,1.0,1,0.23898854686866403,37
199,0,452,154,298,0,0,0,1.0,1,1.0,1,1.0,1,0.23898854686866403,37
200,1,453,155,298,0,0,0,1.0,1,1.0,1,1.0,1,0.23045230274974984,37
201,0,453,155,298,0,0,0,1.0,1,1.0,1,1.0,1,0.20109262633880923,36
202,3,456,156,300,0,0,0,1.0,1,1.0,1,1.0,1,0.1748287851019019,36
203,1,457,157,300,0,0,0,1.0,1,1.0,1,1.0,1,0.1665946293139564,35
204,2,459,158,301,0,0,0,1.0,1,1.0,1,1.0,1,0.23075058217694427,35
205,3,462,160,302,0,0,0,1.0,1,1.0,1,1.0,1,0.2604415577738995,35
206,1,463,161,302,0,0,0,1.0,1,1.0,1,1.0,1,0.2779631362539833,34
207,1,464,162,302,0,0,0,1.0,1,1.0,1,1.0,1,0.3504607912387763,34
208,2,466,163,303,0,0,0,1.0,1,1.0,1,1.0,1,0.33766367402004105,33
209,0,466,163,303,0,0,0,1.0,1,1.0,1,1.0,1,0.3465434614116884,33
210,4,470,165,305,0,0,0,1.0,1,1.0,1,1.0,1,0.3817663249371773,34
211,4,474,166,308,0,0,0,1.0,1,1.0,1,1.0,1,0.38318903251503056,33
212,0,474,166,308,0,0,0,1.0,1,1.0,1,1.0,1,0.38318903251503056,33
213,5,479,166,313,0,0,0,1.0,1,1.0,1,1.0,1,0.2758709958224854,35
214,1,480,166,314,0,0,0,1.0,1,1.0,1,1.0,1,0.2564234963671944,34
215,1,481,167,314,0,0,0,1.0,1,1.0,1,1.0,1,0.23427476743768738,35
216,2,483,168,315,0,0,0,1.0,1,1.0,1,1.0,1,0.22367459784185945,36
217,3,486,169,317,0,0,0,1.0,1,1.0,1,1.0,1,0.22346407317454642,36
218,3,489,172,317,0,0,0,1.0,1,1.0,1,1.0,1,0.2816929986706034,36
219,2,491,172,319,0,0,0,1.0,1,1.0,1,1.0,1,0.2694229980947871,37
220,3,494,173,321,0,0,0,1.0,1,1.0,1,1.0,1,0.1966696146621036,38
221,1,495,174,321,0,0,0,1.0,1,1.0,1,1.0,1,0.19274445348034186,37
222,1,496,175,321,0,0,0,1.0,1,1.0,1,1.0,1,0.16803230548152678,38
223,1,497,176,321,0,0,0,1.0,1,1.0,1,1.0,1,0.19335316975225594,38
224,3,500,178,322,0,0,0,1.0,1,1.0,1,1.0,1,0.2028479915131938,38
225,1,501,179,322,0,0,0,1.0,1,1.0,1,1.0,1,0.20373733870785593,36
226,2,503,180,323,0,0,0,1.0,1,1.0,1,1.0,1,0.24915382481145348,37
227,2,505,182,323,0,0,0,1.0,1,1.0,1,1.0,1,0.23543314820872951,35
228,1,506,183,323,0,0,0,1.0,1,1.0,1,1.0,1,0.19344603765565452,35
229,4,510,187,323,0,0,0,1.0,1,1.0,1,1.0,1,0.16020784823280468,35
230,1,511,188,323,0,0,0,1.0,1,1.0,1,1.0,1,0.20096055605965718,35
231,3,514,190,324,0,0,0,1.0,1,1.0,1,1.0,1,0.17198938505624636,35
232,3,517,193,324,0,0,0,1.0,1,1.0,1,1.0,1,0.217313500242421,36
233,0,517,193,324,0,0,0,1.0,1,1.0,1,1.0,1,0.217313500242421,36
234,3,520,195,325,0,0,0,1.0,1,1.0,1,1.0,1,0.24400315405044237,34
235,4,524,199,325,0,0,0,1.0,1,1.0,1,1.0,1,0.2895923848562782,33
236,1,525,199,326,0,0,0,1.0,1,1.0,1,1.0,1,0.23916917025180634,31
237,0,525,199,326,0,0,0,1.0,1,1.0,1,1.0,1,0.2570283746427085,32
238,3,528,201,327,0,0,0,1.0,1,1.0,1,1.0,1,0.25667751910310066,31
239,1,529,202,327,0,0,0,1.0,1,1.0,1,1.0,1,0.2662441853073943,30
240,0,529,202,327,0,0,0,1.0,1,1.0,1,1.0,1,0.29193066588012695,27
241,3,532,204,328,0,0,0,1.0,1,1.0,1,1.0,1,0.3143749582540565,27
242,1,533,204,329,0,0,0,1.0,1,1.0,1,1.0,1,0.2886637290302622,28
243,1,534,205,329,0,0,0,1.0,1,1.0,1,1.0,1,0.31503043303262823,28
244,1,535,206,329,0,0,0,1.0,1,1.0,1,1.0,1,0.25378944412532445,27
245,0,535,206,329,0,0,0,1.0,1,1.0,1,1.0,1,0.25378944412532445,27
246,2,537,208,329,0,0,0,1.0,1,1.0,1,1.0,1,0.36898044733764535,25
247,0,537,208,329,0,0,0,1.0,1,1.0,1,1.0,1,0.36266327008556265,24
248,1,538,208,330,0,0,0,1.0,1,1.0,1,1.0,1,0.3011924651565761,24
249,0,538,208,330,0,0,0,1.0,1,1.0,1,1.0,1,0.3114741042913086,25
250,1,539,208,331,0,0,0,1.0,1,1.0,1,1.0,1,0.28933355443287107,27
251,0,539,208,331,0,0,0,1.0,1,1.0,1,1.0,1,0.28933355443287107,27
252,1,540,208,332,0,0,0,1.0,1,1.0,1,1.0,1,0.25723056544645123,27
253,2,542,209,333,0,0,0,1.0,1,1.0,1,1.0,1,0.2995267859591825,29
254,1,543,210,333,0,0,0,1.0,1,1.0,1,1.0,1,0.30774250552059185,30
255,0,543,210,333,0,0,0,1.0,1,1.0,1,1.0,1,0.31293114533045374,31
256,2,545,212,333,0,0,0,1.0,1,1.0,1,1.0,1,0.30801356827438614,31
257,2,547,213,334,0,0,0,1.0,1,1.0,1,1.0,1,0.301515892629515,33
258,2,549,214,335,0,0,0,1.0,1,1.0,1,1.0,1,0.28131190335818296,33
259,1,550,215,335,0,0,0,1.0,1,1.0,1,1.0,1,0.2693369159055343,33
260,2,552,217,335,0,0,0,1.0,1,1.0,1,1.0,1,0.34482006725789166,35
261,3,555,218,337,0,0,0,1.0,1,1.0,1,1.0,1,0.3256182240387051,35
262,1,556,219,337,0,0,0,1.0,1,1.0,1,1.0,1,0.3555628721870769,35
263,1,557,220,337,0,0,0,1.0,1,1.0,1,1.0,1,0.39214100780333755,34
264,1,558,221,337,0,0,0,1.0,1,1.0,1,1.0,1,0.45343472786679,32
265,4,562,223,339,0,0,0,1.0,1,1.0,1,1.0,1,0.4245084137460138,30
266,1,563,224,339,0,0,0,1.0,1,1.0,1,1.0,1,0.43733495262833605,31
267,1,564,225,339,0,0,0,1.0,1,1.0,1,1.0,1,0.46572735774546486,30
268,1,565,225,340,0,0,0,1.0,1,1.0,1,1.0,1,0.46464494679278834,31
269,1,566,225,341,0,0,0,1.0,1,1.0,1,1.0,1,0.44594861641649597,31
270,3,569,226,343,0,0,0,1.0,1,1.0,1,1.0,1,0.40408755007995045,32
271,1,570,226,344,0,0,0,1.0,1,1.0,1,1.0,1,0.39112696142682524,31
272,2,572,227,345,0,0,0,1.0,1,1.0,1,1.0,1,0.4633012472419256,32
273,1,573,227,346,0,0,0,1.0,1,1.0,1,1.0,1,0.45066350192537935,32
274,2,575,228,347,0,0,0,1.0,1,1.0,1,1.0,1,0.4456269695537801,32
275,3,578,228,350,0,0,0,1.0,1,1.0,1,1.0,1,0.3661878269892453,33
276,0,578,228,350,0,0,0,1.0,1,1.0,1,1.0,1,0.3777133335296264,34
277,1,579,229,350,0,0,0,1.0,1,1.0,1,1.0,1,0.3409985924729913,32
278,0,579,229,350,0,0,0,1.0,1,1.0,1,1.0,1,0.3221376655146952,31
279,1,580,229,351,0,0,0,1.0,1,1.0,1,1.0,1,0.2629205437147844,31
280,2,582,229,353,0,0,0,1.0,1,1.0,1,1.0,1,0.2333612934268723,30
281,3,585,229,356,0,0,0,1.0,1,1.0,1,1.0,1,0.10302112759819311,31
282,1,586,229,357,0,0,0,1.0,1,1.0,1,1.0,1,0.07084153685409438,30
283,0,586,229,357,0,0,0,1.0,1,1.0,1,1.0,1,0.08103445396367596,31
284,1,587,230,357,0,0,0,1.0,1,1.0,1,1.0,1,0.09396138060349782,31
285,2,589,232,357,0,0,0,1.0,1,1.0,1,1.0,1,0.20548317544472583,31
286,2,591,232,359,0,0,0,1.0,1,1.0,1,1.0,1,0.12956827946203367,31
287,1,592,232,360,0,0,0,1.0,1,1.0,1,1.0,1,0.14729415298412074,33
288,0,592,232,360,0,0,0,1.0,1,1.0,1,1.0,1,0.12492586078593905,32
289,1,593,233,360,0,0,0,1.0,1,1.0,1,1.0,1,0.15236506318318,32
290,0,593,233,360,0,0,0,1.0,1,1.0,1,1.0,1,0.13777618659757812,31
291,0,593,233,360,0,0,0,1.0,1,1.0,1,1.0,1,0.14915735173489383,30
292,1,594,234,360,0,0,0,1.0,1,1.0,1,1.0,1,0.15393461109564088,32
293,0,594,234,360,0,0,0,1.0,1,1.0,1,1.0,1,0.15393461109564088,32
294,0,594,234,360,0,0,0,1.0,1,1.0,1,1.0,1,0.15393461109564088,32
295,1,595,235,360,0,0,0,1.0,1,1.0,1,1.0,1,0.15154249877326,34
296,2,597,236,361,0,0,0,1.0,1,1.0,1,1.0,1,0.1589557232130105,34
297,0,597,236,361,0,0,0,1.0,1,1.0,1,1.0,1,0.1589557232130105,34
298,0,597,236,361,0,0,0,1.0,1,1.0,1,1.0,1,0.15034960833266442,35
299,0,597,236,361,0,0,0,1.0,1,1.0,1,1.0,1,0.19798423345805233,35
300,1,598,237,361,0,0,0,1.0,1,1.0,1,1.0,1,0.20305830723724755,35
301,4,602,238,364,0,0,0,1.0,1,1.0,1,1.0,1,0.2047676170498386,38
302,2,604,240,364,0,0,0,1.0,1,1.0,1,1.0,1,0.23559703033503143,38
303,4,608,243,365,0,0,0,1.0,1,1.0,1,1.0,1,0.2982647341364637,37
304,4,612,244,368,0,0,0,1.0,1,1.0,1,1.0,1,0.31994876377936776,37
305,2,614,245,369,0,0,0,1.0,1,1.0,1,1.0,1,0.32898191211535455,36
306,1,615,245,370,0,0,0,1.0,1,1.0,1,1.0,1,0.31055416751207965,36
307,2,617,245,372,0,0,0,1.0,1,1.0,1,1.0,1,0.2793138260303436,35
308,0,617,245,372,0,0,0,1.0,1,1.0,1,1.0,1,0.2646543950225528,37
309,0,617,245,372,0,0,0,1.0,1,1.0,1,1.0,1,0.2646543950225528,37
310,0,617,245,372,0,0,0,1.0,1,1.0,1,1.0,1,0.2646543950225528,37
311,1,618,245,373,0,0,0,1.0,1,1.0,1,1.0,1,0.24302130180006154,39
312,1,619,246,373,0,0,0,1.0,1,1.0,1,1.0,1,0.2506738693774463,40
313,0,619,246,373,0,0,0,1.0,1,1.0,1,1.0,1,0.2491101006740557,39
314,3,622,246,376,0,0,0,1.0,1,1.0,1,1.0,1,0.2329408427478333,40
315,1,623,247,376,0,0,0,1.0,1,1.0,1,1.0,1,0.2869055745784898,39
316,3,626,247,379,0,0,0,1.0,1,1.0,1,1.0,1,0.2298140928185896,39
317,0,626,247,379,0,0,0,1.0,1,1.0,1,1.0,1,0.225847350968526,40
318,2,628,248,380,0,0,0,1.0,1,1.0,1,1.0,1,0.24661048472644,41
319,1,629,248,381,0,0,0,1.0,1,1.0,1,1.0,1,0.25834197239047807,41
320,1,630,248,382,0,0,0,1.0,1,1.0,1,1.0,1,0.22853511574399601,41
321,0,630,248,382,0,0,0,1.0,1,1.0,1,1.0,1,0.22853511574399601,41
322,2,632,250,382,0,0,0,1.0,1,1.0,1,1.0,1,0.23112228410577995,41
323,1,633,250,383,0,0,0,1.0,1,1.0,1,1.0,1,0.19658082160524173,41
324,3,636,252,384,0,0,0,1.0,1,1.0,1,1.0,1,0.2261262533824226,42
325,1,637,253,384,0,0,0,1.0,1,1.0,1,1.0,1,0.25427914076162916,42
326,4,641,254,387,0,0,0,1.0,1,1.0,1,1.0,1,0.23383441623937004,42
327,1,642,254,388,0,0,0,1.0,1,1.0,1,1.0,1,0.24861433073853162,42
328,0,642,254,388,0,0,0,1.0,1,1.0,1,1.0,1,0.2612569940815152,43
329,1,643,254,389,0,0,0,1.0,1,1.0,1,1.0,1,0.25263737865784375,43
330,2,645,254,391,0,0,0,1.0,1,1.0,1,1.0,1,0.23935709416641007,45
331,3,648,254,394,0,0,0,1.0,1,1.0,1,1.0,1,0.20553855005384122,45
332,3,651,254,397,0,0,0,1.0,1,1.0,1,1.0,1,0.1525196463869806,45
333,1,652,254,398,0,0,0,1.0,1,1.0,1,1.0,1,0.15354105980715238,46
334,1,653,255,398,0,0,0,1.0,1,1.0,1,1.0,1,0.14271910432873378,48
335,2,655,256,399,0,0,0,1.0,1,1.0,1,1.0,1,0.10539305485926043,48
336,0,655,256,399,0,0,0,1.0,1,1.0,1,1.0,1,0.10539305485926043,48
337,0,655,256,399,0,0,0,1.0,1,1.0,1,1.0,1,0.1228487441249469,49
338,1,656,257,399,0,0,0,1.0,1,1.0,1,1.0,1,0.1266856257980438,50
339,0,656,257,399,0,0,0,1.0,1,1.0,1,1.0,1,0.1266856257980438,50
340,1,657,257,400,0,0,0,1.0,1,1.0,1,1.0,1,0.11001114485313238,50
341,1,658,257,401,0,0,0,1.0,1,1.0,1,1.0,1,0.11112398372290987,51
342,1,659,258,401,0,0,0,1.0,1,1.0,1,1.0,1,0.11937808592740927,51
343,0,659,258,401,0,0,0,1.0,1,1.0,1,1.0,1,0.12312025781946753,51
344,1,660,259,401,0,0,0,1.0,1,1.0,1,1.0,1,0.15882157480689874,50
345,3,663,259,404,0,0,0,1.0,1,1.0,1,1.0,1,0.14528770723010917,51
346,4,667,260,407,0,0,0,1.0,1,1.0,1,1.0,1,0.11792849655871622,51
347,1,668,261,407,0,0,0,1.0,1,1.0,1,1.0,1,0.11615550445096219,51
348,3,671,263,408,0,0,0,1.0,1,1.0,1,1.0,1,0.18602510007375062,53
349,3,674,263,411,0,0,0,1.0,1,1.0,1,1.0,1,0.11935174549365309,55
350,0,674,263,411,0,0,0,1.0,1,1.0,1,1.0,1,0.1361029680846014,54
351,3,677,265,412,0,0,0,1.0,1,1.0,1,1.0,1,0.17271048067665706,54
352,2,679,266,413,0,0,0,1.0,1,1.0,1,1.0,1,0.18422139608802554,53
353,1,680,267,413,0,0,0,1.0,1,1.0,1,1.0,1,0.20565139947463565,53
354,0,680,267,413,0,0,0,1.0,1,1.0,1,1.0,1,0.19884453850364905,50
355,0,680,267,413,0,0,0,1.0,1,1.0,1,1.0,1,0.21972872406636798,51
356,1,681,267,414,0,0,0,1.0,1,1.0,1,1.0,1,0.23551308560792605,51
357,1,682,268,414,0,0,0,1.0,1,1.0,1,1.0,1,0.2287540637290589,50
358,1,683,269,414,0,0,0,1.0,1,1.0,1,1.0,1,0.24600957806935755,48
359,2,685,271,414,0,0,0,1.0,1,1.0,1,1.0,1,0.283624619329903,47
360,2,687,272,415,0,0,0,1.0,1,1.0,1,1.0,1,0.28228693279701106,45
361,3,690,273,417,0,0,0,1.0,1,1.0,1,1.0,1,0.2964750869698999,44
362,1,691,273,418,0,0,0,1.0,1,1.0,1,1.0,1,0.2919222252219642,44
363,5,696,275,421,0,0,0,1.0,1,1.0,1,1.0,1,0.22522750015494503,44
364,1,697,275,422,0,0,0,1.0,1,1.0,1,1.0,1,0.21393981166993722,43
365,3,700,277,423,0,0,0,1.0,1,1.0,1,1.0,1,0.22484998438262935,43
366,2,702,278,424,0,0,0,1.0,1,1.0,1,1.0,1,0.24364284337280848,45
367,0,702,278,424,0,0,0,1.0,1,1.0,1,1.0,1,0.2572447456598166,44
368,0,702,278,424,0,0,0,1.0,1,1.0,1,1.0,1,0.22308471492654341,46
369,1,703,279,424,0,0,0,1.0,1,1.0,1,1.0,1,0.2556509496178669,45
370,3,706,281,425,0,0,0,1.0,1,1.0,1,1.0,1,0.27246153084179126,46
371,1,707,281,426,0,0,0,1.0,1,1.0,1,1.0,1,0.30408999394266145,47
372,1,708,281,427,0,0,0,1.0,1,1.0,1,1.0,1,0.31140674146452413,48
373,3,711,282,429,0,0,0,1.0,1,1.0,1,1.0,1,0.30687477881436065,48
374,2,713,283,430,0,0,0,1.0,1,1.0,1,1.0,1,0.2815043703942637,49
375,1,714,283,431,0,0,0,1.0,1,1.0,1,1.0,1,0.25855389354370356,49
376,5,719,287,432,0,0,0,1.0,1,1.0,1,1.0,1,0.2114341706473137,49
377,5,724,290,434,0,0,0,1.0,1,1.0,1,1.0,1,0.2129497488186034,49
378,3,727,292,435,0,0,0,1.0,1,1.0,1,1.0,1,0.19016203316982172,49
379,0,727,292,435,0,0,0,1.0,1,1.0,1,1.0,1,0.19527764318917612,50
380,1,728,293,435,0,0,0,1.0,1,1.0,1,1.0,1,0.21874887568758272,50
381,1,729,294,435,0,0,0,1.0,1,1.0,1,1.0,1,0.21518805133244034,51
382,1,730,295,435,0,0,0,1.0,1,1.0,1,1.0,1,0.24055777016207658,50
383,1,731,296,435,0,0,0,1.0,1,1.0,1,1.0,1,0.20705714879951023,51
384,1,732,297,435,0,0,0,1.0,1,1.0,1,1.0,1,0.2669747519700347,50
385,1,733,298,435,0,0,0,1.0,1,1.0,1,1.0,1,0.22492007032107078,50
386,2,735,300,435,0,0,0,1.0,1,1.0,1,1.0,1,0.23791686672566328,48
387,2,737,300,437,0,0,0,1.0,1,1.0,1,1.0,1,0.22525160808843775,47
388,4,741,302,439,0,0,0,1.0,1,1.0,1,1.0,1,0.21064510768623076,48
389,0,741,302,439,0,0,0,1.0,1,1.0,1,1.0,1,0.23034882863398884,47
390,3,744,304,440,0,0,0,1.0,1,1.0,1,1.0,1,0.20656257224923646,49
391,5,749,306,443,0,0,0,1.0,1,1.0,1,1.0,1,0.1347541354018165,46
392,1,750,307,443,0,0,0,1.0,1,1.0,1,1.0,1,0.18468596686794636,46
393,3,753,310,443,0,0,0,1.0,1,1.0,1,1.0,1,0.23151060835273193,44
394,2,755,311,444,0,0,0,1.0,1,1.0,1,1.0,1,0.23073292933137432,43
395,0,755,311,444,0,0,0,1.0,1,1.0,1,1.0,1,0.2475713429744759,42
396,1,756,312,444,0,0,0,1.0,1,1.0,1,1.0,1,0.3139849509189715,39
397,2,758,314,444,0,0,0,1.0,1,1.0,1,1.0,1,0.3419718606825351,39
398,0,758,314,444,0,0,0,1.0,1,1.0,1,1.0,1,0.3958668153522195,36
399,0,758,314,444,0,0,0,1.0,1,1.0,1,1.0,1,0.3958668153522195,36
400,3,761,316,445,0,0,0,1.0,1,1.0,1,1.0,1,0.37826393079101667,34
401,1,762,317,445,0,0,0,1.0,1,1.0,1,1.0,1,0.38399155416224967,33
402,0,762,317,445,0,0,0,1.0,1,1.0,1,1.0,1,0.3795020843670308,34
403,0,762,317,445,0,0,0,1.0,1,1.0,1,1.0,1,0.3785905828633083,36
404,2,764,318,446,0,0,0,1.0,1,1.0,1,1.0,1,0.3996051001411755,36
405,2,766,318,448,0,0,0,1.0,1,1.0,1,1.0,1,0.3167663708521912,37
406,2,768,318,450,0,0,0,1.0,1,1.0,1,1.0,1,0.25084205949457117,37
407,3,771,320,451,0,0,0,1.0,1,1.0,1,1.0,1,0.2741485382817462,39
408,2,773,322,451,0,0,0,1.0,1,1.0,1,1.0,1,0.3042621833939382,40
409,1,774,323,451,0,0,0,1.0,1,1.0,1,1.0,1,0.32676736452143135,41
410,3,777,325,452,0,0,0,1.0,1,1.0,1,1.0,1,0.36078905200257405,42
411,4,781,325,456,0,0,0,1.0,1,1.0,1,1.0,1,0.36553576924127085,43
412,5,786,326,460,0,0,0,1.0,1,1.0,1,1.0,1,0.3524756768631617,44
413,7,793,327,466,0,0,0,1.0,1,1.0,1,1.0,1,0.35028918995890174,44
414,6,799,327,472,0,0,0,1.0,1,1.0,1,1.0,1,0.3537151755812505,45
415,2,801,327,474,0,0,0,1.0,1,1.0,1,1.0,1,0.3550284140981364,45
416,5,806,327,479,0,0,0,1.0,1,1.0,1,1.0,1,0.33160781371765374,46
417,5,811,328,483,0,0,0,1.0,1,1.0,1,1.0,1,0.3532925617190682,46
418,11,822,330,492,0,0,0,1.0,1,1.0,1,1.0,1,0.32113694457143077,47
419,3,825,330,495,0,0,0,1.0,1,1.0,1,1.0,1,0.29507082909185584,47
420,3,828,331,497,0,0,0,1.0,1,1.0,1,1.0,1,0.29151777183413224,47
421,5,833,332,501,0,0,0,1.0,1,1.0,1,1.0,1,0.2659561834418568,47
422,1,834,333,501,0,0,0,1.0,1,1.0,1,1.0,1,0.30948491505832687,49
423,1,835,333,502,0,0,0,1.0,1,1.0,1,1.0,1,0.3047080341793588,47
424,0,835,333,502,0,0,0,1.0,1,1.0,1,1.0,1,0.3208643534702756,45
425,1,836,333,503,0,0,0,1.0,1,1.0,1,1.0,1,0.3419875668583998,46
426,1,837,333,504,0,0,0,1.0,1,1.0,1,1.0,1,0.3264585235255147,46
427,5,842,336,506,0,0,0,1.0,1,1.0,1,1.0,1,0.3281634746498162,45
428,5,847,338,509,0,0,0,1.0,1,1.0,1,1.0,1,0.2930584916528768,45
429,5,852,339,513,0,0,0,1.0,1,1.0,1,1.0,1,0.22004629192174285,42
430,1,853,339,514,0,0,0,1.0,1,1.0,1,1.0,1,0.2243140285572539,40
431,1,854,340,514,0,0,0,1.0,1,1.0,1,1.0,1,0.2296504326409418,39
432,2,856,342,514,0,0,0,1.0,1,1.0,1,1.0,1,0.2620304002575883,37
433,4,860,346,514,0,0,0,1.0,1,1.0,1,1.0,1,0.2395264453319337,35
434,0,860,346,514,0,0,0,1.0,1,1.0,1,1.0,1,0.24422119715419222,33
435,0,860,346,514,0,0,0,1.0,1,1.0,1,1.0,1,0.24422119715419222,33
436,1,861,346,515,0,0,0,1.0,1,1.0,1,1.0,1,0.22544736719695868,33
437,1,862,346,516,0,0,0,1.0,1,1.0,1,1.0,1,0.20612902019556995,33
438,0,862,346,516,0,0,0,1.0,1,1.0,1,1.0,1,0.2384600996046799,32
439,1,863,347,516,0,0,0,1.0,1,1.0,1,1.0,1,0.212729636760897,34
440,2,865,348,517,0,0,0,1.0,1,1.0,1,1.0,1,0.1994139442913013,34
441,2,867,350,517,0,0,0,1.0,1,1.0,1,1.0,1,0.2708714540672766,35
442,4,871,352,519,0,0,0,1.0,1,1.0,1,1.0,1,0.28627654609552194,37
443,4,875,355,520,0,0,0,1.0,1,1.0,1,1.0,1,0.28452237315389484,37
444,0,875,355,520,0,0,0,1.0,1,1.0,1,1.0,1,0.27857844042374125,38
445,3,878,356,522,0,0,0,1.0,1,1.0,1,1.0,1,0.25458713560552465,39
446,2,880,357,523,0,0,0,1.0,1,1.0,1,1.0,1,0.22176584128390675,39
447,4,884,357,527,0,0,0,1.0,1,1.0,1,1.0,1,0.23739642964470156,41
448,2,886,357,529,0,0,0,1.0,1,1.0,1,1.0,1,0.23739642964470156,41
449,2,888,357,531,0,0,0,1.0,1,1.0,1,1.0,1,0.26335330974745036,40
450,4,892,358,534,0,0,0,1.0,1,1.0,1,1.0,1,0.27117405022782726,40
451,1,893,358,535,0,0,0,1.0,1,1.0,1,1.0,1,0.2674027887592014,41
452,0,893,358,535,0,0,0,1.0,1,1.0,1,1.0,1,0.2674027887592014,41
453,1,894,359,535,0,0,0,1.0,1,1.0,1,1.0,1,0.2662195636112464,40
454,2,896,359,537,0,0,0,1.0,1,1.0,1,1.0,1,0.21000045733257838,41
455,2,898,360,538,0,0,0,1.0,1,1.0,1,1.0,1,0.18587826165933194,41
456,1,899,360,539,0,0,0,1.0,1,1.0,1,1.0,1,0.19462644368717083,43
457,2,901,361,540,0,0,0,1.0,1,1.0,1,1.0,1,0.19251078695765658,43
458,2,903,362,541,0,0,0,1.0,1,1.0,1,1.0,1,0.14673879993917727,43
459,1,904,363,541,0,0,0,1.0,1,1.0,1,1.0,1,0.15580770320588636,44
460,1,905,363,542,0,0,0,1.0,1,1.0,1,1.0,1,0.1693403505349674,47
461,0,905,363,542,0,0,0,1.0,1,1.0,1,1.0,1,0.179760944779192,48
462,1,906,364,542,0,0,0,1.0,1,1.0,1,1.0,1,0.19825355720287052,49
463,1,907,364,543,0,0,0,1.0,1,1.0,1,1.0,1,0.17599973585601886,47
464,3,910,366,544,0,0,0,1.0,1,1.0,1,1.0,1,0.16468215562627397,48
465,3,913,369,544,0,0,0,1.0,1,1.0,1,1.0,1,0.15563159332306223,47
466,0,913,369,544,0,0,0,1.0,1,1.0,1,1.0,1,0.1565945676130792,46
467,3,916,372,544,0,0,0,1.0,1,1.0,1,1.0,1,0.2087134791771828,44
468,4,920,376,544,0,0,0,1.0,1,1.0,1,1.0,1,0.21188329812112838,41
469,2,922,378,544,0,0,0,1.0,1,1.0,1,1.0,1,0.19678399434226143,40
470,3,925,381,544,0,0,0,1.0,1,1.0,1,1.0,1,0.218988771400221,39
471,6,931,385,546,0,0,0,1.0,1,1.0,1,1.0,1,0.23862324832061396,38
472,5,936,389,547,0,0,0,1.0,1,1.0,1,1.0,1,0.3228324600773477,36
473,5,941,392,549,0,0,0,1.0,1,1.0,1,1.0,1,0.3214360503878835,36
474,1,942,393,549,0,0,0,1.0,1,1.0,1,1.0,1,0.2985542527701106,34
475,2,944,394,550,0,0,0,1.0,1,1.0,1,1.0,1,0.30535484150943365,34
476,0,944,394,550,0,0,0,1.0,1,1.0,1,1.0,1,0.2860776116409129,32
477,1,945,395,550,0,0,0,1.0,1,1.0,1,1.0,1,0.3196826571907294,32
478,1,946,396,550,0,0,0,1.0,1,1.0,1,1.0,1,0.3338532755298965,30
479,0,946,396,550,0,0,0,1.0,1,1.0,1,1.0,1,0.34095524351276457,31
480,0,946,396,550,0,0,0,1.0,1,1.0,1,1.0,1,0.4220128419292971,27
481,2,948,397,551,0,0,0,1.0,1,1.0,1,1.0,1,0.3850933147264375,28
482,1,949,397,552,0,0,0,1.0,1,1.0,1,1.0,1,0.36115287523317346,28
483,2,951,398,553,0,0,0,1.0,1,1.0,1,1.0,1,0.32981705370447534,29
484,2,953,399,554,0,0,0,1.0,1,1.0,1,1.0,1,0.31036150046434063,29
485,0,953,399,554,0,0,0,1.0,1,1.0,1,1.0,1,0.31036150046434063,29
486,4,957,400,557,0,0,0,1.0,1,1.0,1,1.0,1,0.2599855016974932,31
487,3,960,400,560,0,0,0,1.0,1,1.0,1,1.0,1,0.19566108082532535,33
488,2,962,401,561,0,0,0,1.0,1,1.0,1,1.0,1,0.21861901230156322,34
489,2,964,402,562,0,0,0,1.0,1,1.0,1,1.0,1,0.23572286520134378,34
490,0,964,402,562,0,0,0,1.0,1,1.0,1,1.0,1,0.23572286520134378,34
491,0,964,402,562,0,0,0,1.0,1,1.0,1,1.0,1,0.23572286520134378,34
492,0,964,402,562,0,0,0,1.0,1,1.0,1,1.0,1,0.23572286520134378,34
493,3,967,403,564,0,0,0,1.0,1,1.0,1,1.0,1,0.22277335099647924,34
494,1,968,404,564,0,0,0,1.0,1,1.0,1,1.0,1,0.2782255501069682,36
495,0,968,404,564,0,0,0,1.0,1,1.0,1,1.0,1,0.2782255501069682,36
496,2,970,404,566,0,0,0,1.0,1,1.0,1,1.0,1,0.20816771264125916,37
497,0,970,404,566,0,0,0,1.0,1,1.0,1,1.0,1,0.19162727527518364,39
498,1,971,404,567,0,0,0,1.0,1,1.0,1,1.0,1,0.2036538298956969,40
499,0,971,404,567,0,0,0,1.0,1,1.0,1,1.0,1,0.2036538298956969,40
500,2,973,406,567,0,0,0,1.0,1,1.0,1,1.0,1,0.20132915196615436,42
501,1,974,406,568,0,0,0,1.0,1,1.0,1,1.0,1,0.1742801688765535,42
502,2,976,408,568,0,0,0,1.0,1,1.0,1,1.0,1,0.26471004454758384,42
503,3,979,410,569,0,0,0,1.0,1,1.0,1,1.0,1,0.2689198413444483,41
504,3,982,412,570,0,0,0,1.0,1,1.0,1,1.0,1,0.34265443015436436,42
505,3,985,414,571,0,0,0,1.0,1,1.0,1,1.0,1,0.33852161066543557,38
506,0,985,414,571,0,0,0,1.0,1,1.0,1,1.0,1,0.36191126815408103,37
507,0,985,414,571,0,0,0,1.0,1,1.0,1,1.0,1,0.3608740124903863,35
508,2,987,416,571,0,0,0,1.0,1,1.0,1,1.0,1,0.35149036385568905,35
509,3,990,417,573,0,0,0,1.0,1,1.0,1,1.0,1,0.30888996105524685,34
510,0,990,417,573,0,0,0,1.0,1,1.0,1,1.0,1,0.300192469418458,34
511,1,991,417,574,0,0,0,1.0,1,1.0,1,1.0,1,0.3044920261865577,32
512,3,994,419,575,0,0,0,1.0,1,1.0,1,1.0,1,0.39282159615120454,30
513,0,994,419,575,0,0,0,1.0,1,1.0,1,1.0,1,0.39422524229570005,31
514,0,994,419,575,0,0,0,1.0,1,1.0,1,1.0,1,0.39422524229570005,31
515,6,1000,421,579,0,0,0,1.0,1,1.0,1,1.0,1,0.3658788300795175,32
516,0,1000,421,579,0,0,0,1.0,1,1.0,1,1.0,1,0.3514733660428851,31
517,2,1002,421,581,0,0,0,1.0,1,1.0,1,1.0,1,0.2850679787777925,32
518,0,1002,421,581,0,0,0,1.0,1,1.0,1,1.0,1,0.2736299785670316,31
519,2,1004,423,581,0,0,0,1.0,1,1.0,1,1.0,1,0.2614634154060927,31
520,2,1006,425,581,0,0,0,1.0,1,1.0,1,1.0,1,0.28385620925819466,33
521,1,1007,426,581,0,0,0,1.0,1,1.0,1,1.0,1,0.2848490996217719,34
522,1,1008,427,581,0,0,0,1.0,1,1.0,1,1.0,1,0.268683564638445,34
523,0,1008,427,581,0,0,0,1.0,1,1.0,1,1.0,1,0.2849424409214924,33
524,0,1008,427,581,0,0,0,1.0,1,1.0,1,1.0,1,0.29714646706204856,34
525,0,1008,427,581,0,0,0,1.0,1,1.0,1,1.0,1,0.3494619498304094,32
526,2,1010,428,582,0,0,0,1.0,1,1.0,1,1.0,1,0.2948250098158668,32
527,0,1010,428,582,0,0,0,1.0,1,1.0,1,1.0,1,0.3419335732135929,31
528,1,1011,429,582,0,0,0,1.0,1,1.0,1,1.0,1,0.3567824588424416,31
529,0,1011,429,582,0,0,0,1.0,1,1.0,1,1.0,1,0.38093723317414624,30
530,0,1011,429,582,0,0,0,1.0,1,1.0,1,1.0,1,0.38093723317414624,30
531,1,1012,430,582,0,0,0,1.0,1,1.0,1,1.0,1,0.3555239542969526,32
532,5,1017,433,584,0,0,0,1.0,1,1.0,1,1.0,1,0.30682399775827757,32
533,3,1020,435,585,0,0,0,1.0,1,1.0,1,1.0,1,0.29203296746780477,34
534,1,1021,436,585,0,0,0,1.0,1,1.0,1,1.0,1,0.3075928240099777,34
535,0,1021,436,585,0,0,0,1.0,1,1.0,1,1.0,1,0.3035655342198807,37
536,2,1023,436,587,0,0,0,1.0,1,1.0,1,1.0,1,0.31239125095046355,37
537,3,1026,438,588,0,0,0,1.0,1,1.0,1,1.0,1,0.36932212566164413,37
538,1,1027,439,588,0,0,0,1.0,1,1.0,1,1.0,1,0.37564965237579245,38
539,1,1028,439,589,0,0,0,1.0,1,1.0,1,1.0,1,0.3451248018196922,38
540,0,1028,439,589,0,0,0,1.0,1,1.0,1,1.0,1,0.3451248018196922,38
541,2,1030,439,591,0,0,0,1.0,1,1.0,1,1.0,1,0.28932774685535434,39
542,0,1030,439,591,0,0,0,1.0,1,1.0,1,1.0,1,0.2826135205255879,40
543,0,1030,439,591,0,0,0,1.0,1,1.0,1,1.0,1,0.3024455130621192,37
544,2,1032,441,591,0,0,0,1.0,1,1.0,1,1.0,1,0.3375975772699387,35
545,1,1033,442,591,0,0,0,1.0,1,1.0,1,1.0,1,0.3006963774677949,35
546,4,1037,446,591,0,0,0,1.0,1,1.0,1,1.0,1,0.35341611839687204,35
547,2,1039,447,592,0,0,0,1.0,1,1.0,1,1.0,1,0.3236078989195412,34
548,2,1041,449,592,0,0,0,1.0,1,1.0,1,1.0,1,0.3957542684266175,34
549,4,1045,451,594,0,0,0,1.0,1,1.0,1,1.0,1,0.4661809063233939,31
550,0,1045,451,594,0,0,0,1.0,1,1.0,1,1.0,1,0.4543533132150301,30
551,3,1048,453,595,0,0,0,1.0,1,1.0,1,1.0,1,0.43946383221435514,31
552,1,1049,453,596,0,0,0,1.0,1,1.0,1,1.0,1,0.37333872211087094,29
553,0,1049,453,596,0,0,0,1.0,1,1.0,1,1.0,1,0.37115302740683537,30
554,1,1050,453,597,0,0,0,1.0,1,1.0,1,1.0,1,0.35391648817366106,30
555,0,1050,453,597,0,0,0,1.0,1,1.0,1,1.0,1,0.3406912481421499,30
556,2,1052,453,599,0,0,0,1.0,1,1.0,1,1.0,1,0.25940554173028413,31
557,0,1052,453,599,0,0,0,1.0,1,1.0,1,1.0,1,0.29597374734758986,31
558,1,1053,453,600,0,0,0,1.0,1,1.0,1,1.0,1,0.26991827852392036,31
559,0,1053,453,600,0,0,0,1.0,1,1.0,1,1.0,1,0.26991827852392036,31
560,0,1053,453,600,0,0,0,1.0,1,1.0,1,1.0,1,0.26185394036468723,32
561,2,1055,455,600,0,0,0,1.0,1,1.0,1,1.0,1,0.24676706868461554,33
562,2,1057,457,600,0,0,0,1.0,1,1.0,1,1.0,1,0.27268887357472027,33
563,3,1060,459,601,0,0,0,1.0,1,1.0,1,1.0,1,0.2936834463358149,33
564,0,1060,459,601,0,0,0,1.0,1,1.0,1,1.0,1,0.3020803881458484,34
565,6,1066,460,606,0,0,0,1.0,1,1.0,1,1.0,1,0.17572750142056198,35
566,1,1067,460,607,0,0,0,1.0,1,1.0,1,1.0,1,0.17285780063803405,36
567,2,1069,462,607,0,0,0,1.0,1,1.0,1,1.0,1,0.20836902953560335,37
568,0,1069,462,607,0,0,0,1.0,1,1.0,1,1.0,1,0.20567962128927264,36
569,1,1070,463,607,0,0,0,1.0,1,1.0,1,1.0,1,0.1970392425492961,37
570,2,1072,463,609,0,0,0,1.0,1,1.0,1,1.0,1,0.21031240450592667,38
571,1,1073,464,609,0,0,0,1.0,1,1.0,1,1.0,1,0.17926563529979184,38
572,0,1073,464,609,0,0,0,1.0,1,1.0,1,1.0,1,0.18878629770504174,39
573,0,1073,464,609,0,0,0,1.0,1,1.0,1,1.0,1,0.18878629770504174,39
574,1,1074,464,610,0,0,0,1.0,1,1.0,1,1.0,1,0.1931128778457836,41
575,1,1075,465,610,0,0,0,1.0,1,1.0,1,1.0,1,0.19122582744215316,41
576,0,1075,465,610,0,0,0,1.0,1,1.0,1,1.0,1,0.20486292389962601,42
577,1,1076,465,611,0,0,0,1.0,1,1.0,1,1.0,1,0.1970531483288458,42
578,0,1076,465,611,0,0,0,1.0,1,1.0,1,1.0,1,0.20109733979508274,41
579,0,1076,465,611,0,0,0,1.0,1,1.0,1,1.0,1,0.19483817011280605,42
580,5,1081,467,614,0,0,0,1.0,1,1.0,1,1.0,1,0.20924359842437168,43
581,2,1083,469,614,0,0,0,1.0,1,1.0,1,1.0,1,0.20303438207323862,42
582,2,1085,470,615,0,0,0,1.0,1,1.0,1,1.0,1,0.19035331189071292,41
583,4,1089,474,615,0,0,0,1.0,1,1.0,1,1.0,1,0.22537710243649492,40
584,3,1092,476,616,0,0,0,1.0,1,1.0,1,1.0,1,0.25503793749509984,38
585,6,1098,480,618,0,0,0,1.0,1,1.0,1,1.0,1,0.2924167460658682,38
586,5,1103,482,621,0,0,0,1.0,1,1.0,1,1.0,1,0.19438207076525543,37
587,4,1107,484,623,0,0,0,1.0,1,1.0,1,1.0,1,0.16372902836485892,35
588,1,1108,485,623,0,0,0,1.0,1,1.0,1,1.0,1,0.17681714471234802,35
589,0,1108,485,623,0,0,0,1.0,1,1.0,1,1.0,1,0.20630681416038504,34
590,2,1110,486,624,0,0,0,1.0,1,1.0,1,1.0,1,0.21434231499649695,36
591,1,1111,486,625,0,0,0,1.0,1,1.0,1,1.0,1,0.22416762792112815,35
592,1,1112,487,625,0,0,0,1.0,1,1.0,1,1.0,1,0.23684208058888276,37
593,1,1113,488,625,0,0,0,1.0,1,1.0,1,1.0,1,0.2209214814672752,36
594,0,1113,488,625,0,0,0,1.0,1,1.0,1,1.0,1,0.2020446584319167,35
595,1,1114,489,625,0,0,0,1.0,1,1.0,1,1.0,1,0.2145838105588627,34
596,2,1116,491,625,0,0,0,1.0,1,1.0,1,1.0,1,0.23912891180926746,34
597,2,1118,492,626,0,0,0,1.0,1,1.0,1,1.0,1,0.2381275114853817,33
598,0,1118,492,626,0,0,0,1.0,1,1.0,1,1.0,1,0.27514600360244024,33
599,1,1119,493,626,0,0,0,1.0,1,1.0,1,1.0,1,0.2924891440180028,33
600,2,1121,495,626,0,0,0,1.0,1,1.0,1,1.0,1,0.34341991382644443,33
601,3,1124,496,628,0,0,0,1.0,1,1.0,1,1.0,1,0.31208993073881325,34
602,1,1125,497,628,0,0,0,1.0,1,1.0,1,1.0,1,0.3394558218082893,35
603,1,1126,497,629,0,0,0,1.0,1,1.0,1,1.0,1,0.32933616024264417,35
604,0,1126,497,629,0,0,0,1.0,1,1.0,1,1.0,1,0.31272460950263187,35
605,0,1126,497,629,0,0,0,1.0,1,1.0,1,1.0,1,0.33460462671039304,35
606,1,1127,497,630,0,0,0,1.0,1,1.0,1,1.0,1,0.33134420973850065,35
607,1,1128,498,630,0,0,0,1.0,1,1.0,1,1.0,1,0.375671578970589,35
608,1,1129,498,631,0,0,0,1.0,1,1.0,1,1.0,1,0.3652548859794178,36
609,0,1129,498,631,0,0,0,1.0,1,1.0,1,1.0,1,0.37338987514741917,37
610,1,1130,498,632,0,0,0,1.0,1,1.0,1,1.0,1,0.34879961247316915,37
611,3,1133,500,633,0,0,0,1.0,1,1.0,1,1.0,1,0.32972215239506825,39
612,4,1137,501,636,0,0,0,1.0,1,1.0,1,1.0,1,0.2570259553907591,39
613,2,1139,502,637,0,0,0,1.0,1,1.0,1,1.0,1,0.245996204368874,39
614,4,1143,503,640,0,0,0,1.0,1,1.0,1,1.0,1,0.2530643252531545,39
615,1,1144,504,640,0,0,0,1.0,1,1.0,1,1.0,1,0.2510119748045256,39
616,3,1147,505,642,0,0,0,1.0,1,1.0,1,1.0,1,0.2647873553057404,38
617,2,1149,507,642,0,0,0,1.0,1,1.0,1,1.0,1,0.28622051858877245,39
618,3,1152,508,644,0,0,0,1.0,1,1.0,1,1.0,1,0.29906259105358346,40
619,2,1154,509,645,0,0,0,1.0,1,1.0,1,1.0,1,0.28623334785334303,39
620,1,1155,510,645,0,0,0,1.0,1,1.0,1,1.0,1,0.2345628457665716,38
621,2,1157,511,646,0,0,0,1.0,1,1.0,1,1.0,1,0.19076285619476896,38
622,1,1158,512,646,0,0,0,1.0,1,1.0,1,1.0,1,0.14264846398215522,38
623,3,1161,515,646,0,0,0,1.0,1,1.0,1,1.0,1,0.17255430558089957,37
624,4,1165,517,648,0,0,0,1.0,1,1.0,1,1.0,1,0.13864123429046285,33
625,0,1165,517,648,0,0,0,1.0,1,1.0,1,1.0,1,0.11107338462851479,32
626,4,1169,520,649,0,0,0,1.0,1,1.0,1,1.0,1,0.10530083044606996,31
627,0,1169,520,649,0,0,0,1.0,1,1.0,1,1.0,1,0.1704090330431401,30
628,4,1173,524,649,0,0,0,1.0,1,1.0,1,1.0,1,0.191398754531165,32
629,2,1175,526,649,0,0,0,1.0,1,1.0,1,1.0,1,0.26332922598483466,29
630,3,1178,528,650,0,0,0,1.0,1,1.0,1,1.0,1,0.31920150158230354,29
631,3,1181,530,651,0,0,0,1.0,1,1.0,1,1.0,1,0.3871550187669556,25
632,0,1181,530,651,0,0,0,1.0,1,1.0,1,1.0,1,0.3914997726937229,24
633,0,1181,530,651,0,0,0,1.0,1,1.0,1,1.0,1,0.3736128379881088,23
634,0,1181,530,651,0,0,0,1.0,1,1.0,1,1.0,1,0.3736128379881088,23
635,1,1182,530,652,0,0,0,1.0,1,1.0,1,1.0,1,0.3674689047173734,22
636,0,1182,530,652,0,0,0,1.0,1,1.0,1,1.0,1,0.40477058860798526,22
637,2,1184,531,653,0,0,0,1.0,1,1.0,1,1.0,1,0.3520752545778731,23
638,1,1185,532,653,0,0,0,1.0,1,1.0,1,1.0,1,0.37145175799946445,23
639,1,1186,532,654,0,0,0,1.0,1,1.0,1,1.0,1,0.3175079029583055,24
640,1,1187,533,654,0,0,0,1.0,1,1.0,1,1.0,1,0.36623436645962304,24
641,0,1187,533,654,0,0,0,1.0,1,1.0,1,1.0,1,0.3895561028214384,25
642,0,1187,533,654,0,0,0,1.0,1,1.0,1,1.0,1,0.33762957465217464,26
643,1,1188,533,655,0,0,0,1.0,1,1.0,1,1.0,1,0.2969756719154432,28
644,2,1190,535,655,0,0,0,1.0,1,1.0,1,1.0,1,0.2729091863690282,28
645,3,1193,538,655,0,0,0,1.0,1,1.0,1,1.0,1,0.28268638566680343,28
646,0,1193,538,655,0,0,0,1.0,1,1.0,1,1.0,1,0.2890978936669056,29
647,3,1196,539,657,0,0,0,1.0,1,1.0,1,1.0,1,0.24936239391161322,30
648,0,1196,539,657,0,0,0,1.0,1,1.0,1,1.0,1,0.24936239391161322,30
649,3,1199,540,659,0,0,0,1.0,1,1.0,1,1.0,1,0.2273367692996134,31
650,1,1200,541,659,0,0,0,1.0,1,1.0,1,1.0,1,0.20908296444775293,31
651,0,1200,541,659,0,0,0,1.0,1,1.0,1,1.0,1,0.23024724290016288,32
652,0,1200,541,659,0,0,0,1.0,1,1.0,1,1.0,1,0.23024724290016288,32
653,0,1200,541,659,0,0,0,1.0,1,1.0,1,1.0,1,0.22341227866044902,33
654,2,1202,542,660,0,0,0,1.0,1,1.0,1,1.0,1,0.22626361131655096,33
655,6,1208,544,664,0,0,0,1.0,1,1.0,1,1.0,1,0.2224135329469772,36
656,0,1208,544,664,0,0,0,1.0,1,1.0,1,1.0,1,0.2224135329469772,36
657,1,1209,545,664,0,0,0,1.0,1,1.0,1,1.0,1,0.21974739257581408,35
658,2,1211,547,664,0,0,0,1.0,1,1.0,1,1.0,1,0.24050145486899024,33
659,1,1212,548,664,0,0,0,1.0,1,1.0,1,1.0,1,0.26731048354059544,35
660,3,1215,550,665,0,0,0,1.0,1,1.0,1,1.0,1,0.301819068676523,34
661,1,1216,550,666,0,0,0,1.0,1,1.0,1,1.0,1,0.27706180473356096,33
662,2,1218,552,666,0,0,0,1.0,1,1.0,1,1.0,1,0.36433458838343513,31
663,2,1220,553,667,0,0,0,1.0,1,1.0,1,1.0,1,0.3741928794387402,29
664,1,1221,554,667,0,0,0,1.0,1,1.0,1,1.0,1,0.391911169911532,27
665,0,1221,554,667,0,0,0,1.0,1,1.0,1,1.0,1,0.3837999876109186,27
666,6,1227,556,671,0,0,0,1.0,1,1.0,1,1.0,1,0.34153308283652883,28
667,0,1227,556,671,0,0,0,1.0,1,1.0,1,1.0,1,0.3087053121392202,26
668,2,1229,557,672,0,0,0,1.0,1,1.0,1,1.0,1,0.35111258791053307,26
669,4,1233,561,672,0,0,0,1.0,1,1.0,1,1.0,1,0.3329832042016753,25
670,1,1234,561,673,0,0,0,1.0,1,1.0,1,1.0,1,0.2622943220501734,24
671,1,1235,561,674,0,0,0,1.0,1,1.0,1,1.0,1,0.26124639027594815,24
672,0,1235,561,674,0,0,0,1.0,1,1.0,1,1.0,1,0.2531106726340265,25
673,1,1236,562,674,0,0,0,1.0,1,1.0,1,1.0,1,0.22573264026310105,25
674,0,1236,562,674,0,0,0,1.0,1,1.0,1,1.0,1,0.22573264026310105,25
675,1,1237,563,674,0,0,0,1.0,1,1.0,1,1.0,1,0.30806430804403073,26
676,4,1241,566,675,0,0,0,1.0,1,1.0,1,1.0,1,0.17031581093796505,27
677,0,1241,566,675,0,0,0,1.0,1,1.0,1,1.0,1,0.1899321782344339,28
678,1,1242,567,675,0,0,0,1.0,1,1.0,1,1.0,1,0.2135204937320745,28
679,2,1244,569,675,0,0,0,1.0,1,1.0,1,1.0,1,0.22206957746579473,30
680,0,1244,569,675,0,0,0,1.0,1,1.0,1,1.0,1,0.2521572998134327,29
681,0,1244,569,675,0,0,0,1.0,1,1.0,1,1.0,1,0.2521572998134327,29
682,2,1246,569,677,0,0,0,1.0,1,1.0,1,1.0,1,0.26142180870844756,30
683,1,1247,569,678,0,0,0,1.0,1,1.0,1,1.0,1,0.26944420879337044,30
684,2,1249,569,680,0,0,0,1.0,1,1.0,1,1.0,1,0.29433542447313416,31
685,1,1250,569,681,0,0,0,1.0,1,1.0,1,1.0,1,0.30344058413625513,30
686,3,1253,571,682,0,0,0,1.0,1,1.0,1,1.0,1,0.27005577978406997,30
687,4,1257,573,684,0,0,0,1.0,1,1.0,1,1.0,1,0.36249708096452116,30
688,3,1260,573,687,0,0,0,1.0,1,1.0,1,1.0,1,0.3204174018767025,31
689,2,1262,574,688,0,0,0,1.0,1,1.0,1,1.0,1,0.3367764802396896,32
690,2,1264,574,690,0,0,0,1.0,1,1.0,1,1.0,1,0.34226525603536867,32
691,3,1267,574,693,0,0,0,1.0,1,1.0,1,1.0,1,0.2649223178341668,32
692,3,1270,577,693,0,0,0,1.0,1,1.0,1,1.0,1,0.26550219238830497,32
693,3,1273,578,695,0,0,0,1.0,1,1.0,1,1.0,1,0.23192469322185738,34
694,6,1279,581,698,0,0,0,1.0,1,1.0,1,1.0,1,0.22428726257886644,36
695,0,1279,581,698,0,0,0,1.0,1,1.0,1,1.0,1,0.1960193946779422,34
696,0,1279,581,698,0,0,0,1.0,1,1.0,1,1.0,1,0.19962154178661334,33
697,0,1279,581,698,0,0,0,1.0,1,1.0,1,1.0,1,0.19908763665976226,33
698,3,1282,583,699,0,0,0,1.0,1,1.0,1,1.0,1,0.1758832464984818,34
699,0,1282,583,699,0,0,0,1.0,1,1.0,1,1.0,1,0.19938811345750995,33
700,0,1282,583,699,0,0,0,1.0,1,1.0,1,1.0,1,0.2405060580678932,32
701,1,1283,583,700,0,0,0,1.0,1,1.0,1,1.0,1,0.2402140827347516,33
702,3,1286,585,701,0,0,0,1.0,1,1.0,1,1.0,1,0.3144988290261687,34
703,2,1288,586,702,0,0,0,1.0,1,1.0,1,1.0,1,0.2665796020888018,32
704,1,1289,586,703,0,0,0,1.0,1,1.0,1,1.0,1,0.23291248131758074,31
705,3,1292,589,703,0,0,0,1.0,1,1.0,1,1.0,1,0.2709601939206717,33
706,3,1295,591,704,0,0,0,1.0,1,1.0,1,1.0,1,0.31804677739609544,33
707,1,1296,592,704,0,0,0,1.0,1,1.0,1,1.0,1,0.2942637539017878,31
708,2,1298,594,704,0,0,0,1.0,1,1.0,1,1.0,1,0.3871635882776016,31
709,2,1300,595,705,0,0,0,1.0,1,1.0,1,1.0,1,0.38061755886058013,30
710,0,1300,595,705,0,0,0,1.0,1,1.0,1,1.0,1,0.38061755886058013,30
711,0,1300,595,705,0,0,0,1.0,1,1.0,1,1.0,1,0.3778288926098201,30
712,1,1301,595,706,0,0,0,1.0,1,1.0,1,1.0,1,0.35516451563419005,30
713,0,1301,595,706,0,0,0,1.0,1,1.0,1,1.0,1,0.37340580517420574,31
714,0,1301,595,706,0,0,0,1.0,1,1.0,1,1.0,1,0.380649756145847,31
715,0,1301,595,706,0,0,0,1.0,1,1.0,1,1.0,1,0.3887374302514769,30
716,1,1302,596,706,0,0,0,1.0,1,1.0,1,1.0,1,0.40638254373699106,31
717,1,1303,596,707,0,0,0,1.0,1,1.0,1,1.0,1,0.40969251781614846,32
718,1,1304,597,707,0,0,0,1.0,1,1.0,1,1.0,1,0.4361401359658477,32
719,1,1305,598,707,0,0,0,1.0,1,1.0,1,1.0,1,0.4208900898659998,32
720,1,1306,598,708,0,0,0,1.0,1,1.0,1,1.0,1,0.37706583267560784,34
721,0,1306,598,708,0,0,0,1.0,1,1.0,1,1.0,1,0.37706583267560784,34
722,2,1308,598,710,0,0,0,1.0,1,1.0,1,1.0,1,0.3223869146187793,34
723,2,1310,598,712,0,0,0,1.0,1,1.0,1,1.0,1,0.2840641025224783,35
724,0,1310,598,712,0,0,0,1.0,1,1.0,1,1.0,1,0.2884308217236374,36
725,2,1312,598,714,0,0,0,1.0,1,1.0,1,1.0,1,0.25585580793844886,37
726,0,1312,598,714,0,0,0,1.0,1,1.0,1,1.0,1,0.25585580793844886,37
727,1,1313,598,715,0,0,0,1.0,1,1.0,1,1.0,1,0.24926321940787005,38
728,0,1313,598,715,0,0,0,1.0,1,1.0,1,1.0,1,0.2487397578010506,39
729,0,1313,598,715,0,0,0,1.0,1,1.0,1,1.0,1,0.2487397578010506,39
730,0,1313,598,715,0,0,0,1.0,1,1.0,1,1.0,1,0.25690044903168496,40
731,0,1313,598,715,0,0,0,1.0,1,1.0,1,1.0,1,0.25690044903168496,40
732,1,1314,598,716,0,0,0,1.0,1,1.0,1,1.0,1,0.26878100850876185,41
733,2,1316,599,717,0,0,0,1.0,1,1.0,1,1.0,1,0.2394213988070588,41
734,1,1317,600,717,0,0,0,1.0,1,1.0,1,1.0,1,0.26569084245358526,42
735,1,1318,601,717,0,0,0,1.0,1,1.0,1,1.0,1,0.24761725962870304,42
736,1,1319,601,718,0,0,0,1.0,1,1.0,1,1.0,1,0.30615131434290954,41
737,1,1320,602,718,0,0,0,1.0,1,1.0,1,1.0,1,0.3584564880041351,41
738,2,1322,602,720,0,0,0,1.0,1,1.0,1,1.0,1,0.29757834549622364,39
739,0,1322,602,720,0,0,0,1.0,1,1.0,1,1.0,1,0.29757834549622364,39
740,0,1322,602,720,0,0,0,1.0,1,1.0,1,1.0,1,0.329055672872152,39
741,1,1323,602,721,0,0,0,1.0,1,1.0,1,1.0,1,0.2979875841711891,38
742,2,1325,603,722,0,0,0,1.0,1,1.0,1,1.0,1,0.31362415763457707,39
743,7,1332,608,724,0,0,0,1.0,1,1.0,1,1.0,1,0.2663342426025678,39
744,3,1335,609,726,0,0,0,1.0,1,1.0,1,1.0,1,0.2575890784076539,39
745,2,1337,611,726,0,0,0,1.0,1,1.0,1,1.0,1,0.30124030875829994,39
746,6,1343,612,731,0,0,0,1.0,1,1.0,1,1.0,1,0.2910232005946501,40
747,1,1344,613,731,0,0,0,1.0,1,1.0,1,1.0,1,0.2825406420482517,41
748,2,1346,615,731,0,0,0,1.0,1,1.0,1,1.0,1,0.24421508891839472,41
749,2,1348,616,732,0,0,0,1.0,1,1.0,1,1.0,1,0.2534176227447508,41
750,2,1350,618,732,0,0,0,1.0,1,1.0,1,1.0,1,0.22323502216823152,39
751,3,1353,618,735,0,0,0,1.0,1,1.0,1,1.0,1,0.19085586999597964,41
752,1,1354,619,735,0,0,0,1.0,1,1.0,1,1.0,1,0.20905898558236818,41
753,2,1356,619,737,0,0,0,1.0,1,1.0,1,1.0,1,0.1708674634016059,41
754,4,1360,623,737,0,0,0,1.0,1,1.0,1,1.0,1,0.22663868902056958,41
755,2,1362,624,738,0,0,0,1.0,1,1.0,1,1.0,1,0.256817433227937,41
756,0,1362,624,738,0,0,0,1.0,1,1.0,1,1.0,1,0.256817433227937,41
757,2,1364,626,738,0,0,0,1.0,1,1.0,1,1.0,1,0.34104346698779797,39
758,2,1366,626,740,0,0,0,1.0,1,1.0,1,1.0,1,0.25388609861715317,39
759,0,1366,626,740,0,0,0,1.0,1,1.0,1,1.0,1,0.254346687965986,39
760,1,1367,626,741,0,0,0,1.0,1,1.0,1,1.0,1,0.2533844880565869,40
761,0,1367,626,741,0,0,0,1.0,1,1.0,1,1.0,1,0.24480680676383787,41
762,0,1367,626,741,0,0,0,1.0,1,1.0,1,1.0,1,0.263624720986967,42
763,0,1367,626,741,0,0,0,1.0,1,1.0,1,1.0,1,0.2733631689368263,43
764,2,1369,626,743,0,0,0,1.0,1,1.0,1,1.0,1,0.24780231616882106,43
765,3,1372,626,746,0,0,0,1.0,1,1.0,1,1.0,1,0.23016911787542546,45
766,4,1376,627,749,0,0,0,1.0,1,1.0,1,1.0,1,0.19278623361109076,45
767,0,1376,627,749,0,0,0,1.0,1,1.0,1,1.0,1,0.2031936540147482,46
768,0,1376,627,749,0,0,0,1.0,1,1.0,1,1.0,1,0.19287068699496338,45
769,0,1376,627,749,0,0,0,1.0,1,1.0,1,1.0,1,0.20839426958871765,46
770,1,1377,628,749,0,0,0,1.0,1,1.0,1,1.0,1,0.20655262904992736,47
771,3,1380,630,750,0,0,0,1.0,1,1.0,1,1.0,1,0.29317755501599146,47
772,1,1381,630,751,0,0,0,1.0,1,1.0,1,1.0,1,0.2531138668449015,46
773,2,1383,632,751,0,0,0,1.0,1,1.0,1,1.0,1,0.24708914495649045,45
774,0,1383,632,751,0,0,0,1.0,1,1.0,1,1.0,1,0.26240442110923995,45
775,2,1385,634,751,0,0,0,1.0,1,1.0,1,1.0,1,0.27268742743219526,45
776,0,1385,634,751,0,0,0,1.0,1,1.0,1,1.0,1,0.24815806335337987,43
777,2,1387,634,753,0,0,0,1.0,1,1.0,1,1.0,1,0.20859445332809298,44
778,1,1388,635,753,0,0,0,1.0,1,1.0,1,1.0,1,0.2407253530831434,45
779,0,1388,635,753,0,0,0,1.0,1,1.0,1,1.0,1,0.2407253530831434,45
780,3,1391,637,754,0,0,0,1.0,1,1.0,1,1.0,1,0.2825754887424904,45
781,1,1392,637,755,0,0,0,1.0,1,1.0,1,1.0,1,0.2657573153900419,46
782,1,1393,638,755,0,0,0,1.0,1,1.0,1,1.0,1,0.34308847434005685,47
783,1,1394,639,755,0,0,0,1.0,1,1.0,1,1.0,1,0.30332067226367065,46
784,0,1394,639,755,0,0,0,1.0,1,1.0,1,1.0,1,0.31057860377687285,45
785,1,1395,639,756,0,0,0,1.0,1,1.0,1,1.0,1,0.2639612496306858,43
786,1,1396,640,756,0,0,0,1.0,1,1.0,1,1.0,1,0.2535809010922268,43
787,3,1399,642,757,0,0,0,1.0,1,1.0,1,1.0,1,0.21274595447232258,43
788,1,1400,643,757,0,0,0,1.0,1,1.0,1,1.0,1,0.2278861058694783,44
789,0,1400,643,757,0,0,0,1.0,1,1.0,1,1.0,1,0.21210030257000848,46
790,2,1402,644,758,0,0,0,1.0,1,1.0,1,1.0,1,0.21574529842434573,46
791,1,1403,645,758,0,0,0,1.0,1,1.0,1,1.0,1,0.24850821663645017,46
792,0,1403,645,758,0,0,0,1.0,1,1.0,1,1.0,1,0.2580948482030636,47
793,2,1405,645,760,0,0,0,1.0,1,1.0,1,1.0,1,0.2303469695709342,48
794,0,1405,645,760,0,0,0,1.0,1,1.0,1,1.0,1,0.24004868230767412,48
795,0,1405,645,760,0,0,0,1.0,1,1.0,1,1.0,1,0.2368580572151251,47
796,3,1408,646,762,0,0,0,1.0,1,1.0,1,1.0,1,0.23455887816462084,45
797,4,1412,647,765,0,0,0,1.0,1,1.0,1,1.0,1,0.17558395738451818,47
798,0,1412,647,765,0,0,0,1.0,1,1.0,1,1.0,1,0.19447173928624392,48
799,1,1413,648,765,0,0,0,1.0,1,1.0,1,1.0,1,0.19322500432291778,48
800,2,1415,650,765,0,0,0,1.0,1,1.0,1,1.0,1,0.21850303399809431,48
801,3,1418,651,767,0,0,0,1.0,1,1.0,1,1.0,1,0.1942625616844178,49
802,2,1420,653,767,0,0,0,1.0,1,1.0,1,1.0,1,0.23854870267534303,50
803,1,1421,653,768,0,0,0,1.0,1,1.0,1,1.0,1,0.23359519022906855,50
804,0,1421,653,768,0,0,0,1.0,1,1.0,1,1.0,1,0.23359519022906855,50
805,0,1421,653,768,0,0,0,1.0,1,1.0,1,1.0,1,0.23359519022906855,50
806,0,1421,653,768,0,0,0,1.0,1,1.0,1,1.0,1,0.21516997109237726,51
807,1,1422,654,768,0,0,0,1.0,1,1.0,1,1.0,1,0.22625744909945106,51
808,0,1422,654,768,0,0,0,1.0,1,1.0,1,1.0,1,0.22467432088258868,53
809,0,1422,654,768,0,0,0,1.0,1,1.0,1,1.0,1,0.22238937385012864,51
810,3,1425,654,771,0,0,0,1.0,1,1.0,1,1.0,1,0.20170552755993904,52
811,3,1428,655,773,0,0,0,1.0,1,1.0,1,1.0,1,0.2011513541758421,50
812,1,1429,656,773,0,0,0,1.0,1,1.0,1,1.0,1,0.23420959397331076,51
813,2,1431,658,773,0,0,0,1.0,1,1.0,1,1.0,1,0.2743794884092494,51
814,2,1433,659,774,0,0,0,1.0,1,1.0,1,1.0,1,0.2950840600457587,52
815,3,1436,661,775,0,0,0,1.0,1,1.0,1,1.0,1,0.27733966662032355,50
816,0,1436,661,775,0,0,0,1.0,1,1.0,1,1.0,1,0.27733966662032355,50
817,1,1437,661,776,0,0,0,1.0,1,1.0,1,1.0,1,0.2671951407827482,49
818,1,1438,662,776,0,0,0,1.0,1,1.0,1,1.0,1,0.264932395890437,49
819,0,1438,662,776,0,0,0,1.0,1,1.0,1,1.0,1,0.2723799545103544,50
820,0,1438,662,776,0,0,0,1.0,1,1.0,1,1.0,1,0.2986327327699177,49
821,0,1438,662,776,0,0,0,1.0,1,1.0,1,1.0,1,0.3270530172967535,49
822,1,1439,663,776,0,0,0,1.0,1,1.0,1,1.0,1,0.3329735752397305,49
823,3,1442,665,777,0,0,0,1.0,1,1.0,1,1.0,1,0.3581670151658316,47
824,3,1445,667,778,0,0,0,1.0,1,1.0,1,1.0,1,0.34758916857163913,45
825,0,1445,667,778,0,0,0,1.0,1,1.0,1,1.0,1,0.34366325900306216,43
826,10,1455,670,785,0,0,0,1.0,1,1.0,1,1.0,1,0.236265276390464,44
827,5,1460,672,788,0,0,0,1.0,1,1.0,1,1.0,1,0.20541420785387834,43
828,3,1463,673,790,0,0,0,1.0,1,1.0,1,1.0,1,0.15387478439005953,43
829,2,1465,674,791,0,0,0,1.0,1,1.0,1,1.0,1,0.1806167583845579,45
830,0,1465,674,791,0,0,0,1.0,1,1.0,1,1.0,1,0.2019426014113602,46
831,3,1468,675,793,0,0,0,1.0,1,1.0,1,1.0,1,0.1944982019145425,48
832,1,1469,676,793,0,0,0,1.0,1,1.0,1,1.0,1,0.19670264494097842,47
833,2,1471,677,794,0,0,0,1.0,1,1.0,1,1.0,1,0.19085278416394466,47
834,1,1472,678,794,0,0,0,1.0,1,1.0,1,1.0,1,0.18040032537543446,46
835,0,1472,678,794,0,0,0,1.0,1,1.0,1,1.0,1,0.189128048260965,45
836,2,1474,679,795,0,0,0,1.0,1,1.0,1,1.0,1,0.19200491415952375,46
837,1,1475,679,796,0,0,0,1.0,1,1.0,1,1.0,1,0.16451098025895947,46
838,1,1476,680,796,0,0,0,1.0,1,1.0,1,1.0,1,0.17559973069865772,45
839,3,1479,682,797,0,0,0,1.0,1,1.0,1,1.0,1,0.2119283104340652,46
840,1,1480,682,798,0,0,0,1.0,1,1.0,1,1.0,1,0.20484467232603723,46
841,0,1480,682,798,0,0,0,1.0,1,1.0,1,1.0,1,0.20484467232603723,46
842,2,1482,683,799,0,0,0,1.0,1,1.0,1,1.0,1,0.21865175279015522,46
843,0,1482,683,799,0,0,0,1.0,1,1.0,1,1.0,1,0.21865175279015522,46
844,2,1484,685,799,0,0,0,1.0,1,1.0,1,1.0,1,0.24002720012166953,47
845,4,1488,686,802,0,0,0,1.0,1,1.0,1,1.0,1,0.26321772483359984,48
846,2,1490,686,804,0,0,0,1.0,1,1.0,1,1.0,1,0.2433730729737517,47
847,0,1490,686,804,0,0,0,1.0,1,1.0,1,1.0,1,0.26946316424008004,48
848,2,1492,686,806,0,0,0,1.0,1,1.0,1,1.0,1,0.2255827422133485,48
849,1,1493,687,806,0,0,0,1.0,1,1.0,1,1.0,1,0.26869945808572265,48
850,0,1493,687,806,0,0,0,1.0,1,1.0,1,1.0,1,0.2712371105818991,46
851,0,1493,687,806,0,0,0,1.0,1,1.0,1,1.0,1,0.29643662067482496,45
852,5,1498,690,808,0,0,0,1.0,1,1.0,1,1.0,1,0.30846726311183054,44
853,4,1502,691,811,0,0,0,1.0,1,1.0,1,1.0,1,0.25043092026353786,44
854,3,1505,693,812,0,0,0,1.0,1,1.0,1,1.0,1,0.2608781958896126,45
855,0,1505,693,812,0,0,0,1.0,1,1.0,1,1.0,1,0.24906661001726804,46
856,4,1509,694,815,0,0,0,1.0,1,1.0,1,1.0,1,0.21814439358516108,46
857,0,1509,694,815,0,0,0,1.0,1,1.0,1,1.0,1,0.21309402012395784,47
858,2,1511,694,817,0,0,0,1.0,1,1.0,1,1.0,1,0.1708948826457587,48
859,2,1513,695,818,0,0,0,1.0,1,1.0,1,1.0,1,0.16643625631750905,48
860,2,1515,696,819,0,0,0,1.0,1,1.0,1,1.0,1,0.17983859604966884,49
861,2,1517,697,820,0,0,0,1.0,1,1.0,1,1.0,1,0.1787244419730709,49
862,2,1519,698,821,0,0,0,1.0,1,1.0,1,1.0,1,0.16425208561252186,49
863,1,1520,699,821,0,0,0,1.0,1,1.0,1,1.0,1,0.1863065092455239,48
864,2,1522,699,823,0,0,0,1.0,1,1.0,1,1.0,1,0.15208779634044217,49
865,1,1523,700,823,0,0,0,1.0,1,1.0,1,1.0,1,0.15410867264269631,48
866,2,1525,701,824,0,0,0,1.0,1,1.0,1,1.0,1,0.1206855894311579,50
867,3,1528,703,825,0,0,0,1.0,1,1.0,1,1.0,1,0.1490681306063611,50
868,3,1531,705,826,0,0,0,1.0,1,1.0,1,1.0,1,0.19249424986523067,51
869,2,1533,705,828,0,0,0,1.0,1,1.0,1,1.0,1,0.15369552624748917,49
870,1,1534,705,829,0,0,0,1.0,1,1.0,1,1.0,1,0.17062184997383184,49
871,3,1537,706,831,0,0,0,1.0,1,1.0,1,1.0,1,0.11109377691421782,49
872,0,1537,706,831,0,0,0,1.0,1,1.0,1,1.0,1,0.1317386202552835,48
873,1,1538,707,831,0,0,0,1.0,1,1.0,1,1.0,1,0.14984245781249003,49
874,0,1538,707,831,0,0,0,1.0,1,1.0,1,1.0,1,0.15467582048690068,49
875,2,1540,708,832,0,0,0,1.0,1,1.0,1,1.0,1,0.14757925658183654,50
876,2,1542,709,833,0,0,0,1.0,1,1.0,1,1.0,1,0.12601784660434642,50
877,6,1548,713,835,0,0,0,1.0,1,1.0,1,1.0,1,0.13374285028592284,50
878,2,1550,714,836,0,0,0,1.0,1,1.0,1,1.0,1,0.15157622206790922,49
879,1,1551,715,836,0,0,0,1.0,1,1.0,1,1.0,1,0.1729628082485838,49
880,0,1551,715,836,0,0,0,1.0,1,1.0,1,1.0,1,0.18777704339176016,48
881,1,1552,716,836,0,0,0,1.0,1,1.0,1,1.0,1,0.19035984639955555,49
882,0,1552,716,836,0,0,0,1.0,1,1.0,1,1.0,1,0.21337011422090416,48
883,0,1552,716,836,0,0,0,1.0,1,1.0,1,1.0,1,0.1971775802691282,50
884,0,1552,716,836,0,0,0,1.0,1,1.0,1,1.0,1,0.20511519581196627,50
885,2,1554,718,836,0,0,0,1.0,1,1.0,1,1.0,1,0.1972280069123781,49
886,4,1558,719,839,0,0,0,1.0,1,1.0,1,1.0,1,0.21009957847043087,49
887,0,1558,719,839,0,0,0,1.0,1,1.0,1,1.0,1,0.2092833689209866,49
888,0,1558,719,839,0,0,0,1.0,1,1.0,1,1.0,1,0.2523897175263018,47
889,2,1560,720,840,0,0,0,1.0,1,1.0,1,1.0,1,0.2576814516397646,46
890,0,1560,720,840,0,0,0,1.0,1,1.0,1,1.0,1,0.271424053786474,44
891,3,1563,721,842,0,0,0,1.0,1,1.0,1,1.0,1,0.2689629741022398,45
892,2,1565,722,843,0,0,0,1.0,1,1.0,1,1.0,1,0.27217453431774546,45
893,0,1565,722,843,0,0,0,1.0,1,1.0,1,1.0,1,0.27217453431774546,45
894,0,1565,722,843,0,0,0,1.0,1,1.0,1,1.0,1,0.25471764562134525,44
895,2,1567,724,843,0,0,0,1.0,1,1.0,1,1.0,1,0.2902226043440577,45
896,2,1569,725,844,0,0,0,1.0,1,1.0,1,1.0,1,0.2765080925726203,44
897,0,1569,725,844,0,0,0,1.0,1,1.0,1,1.0,1,0.2765080925726203,44
898,0,1569,725,844,0,0,0,1.0,1,1.0,1,1.0,1,0.2828087671992839,45
899,2,1571,725,846,0,0,0,1.0,1,1.0,1,1.0,1,0.2985586966247788,44
900,3,1574,726,848,0,0,0,1.0,1,1.0,1,1.0,1,0.31305064235322105,46
901,5,1579,726,853,0,0,0,1.0,1,1.0,1,1.0,1,0.23577636861751056,45
902,2,1581,728,853,0,0,0,1.0,1,1.0,1,1.0,1,0.24119578575918452,45
903,0,1581,728,853,0,0,0,1.0,1,1.0,1,1.0,1,0.2766299226944605,44
904,2,1583,729,854,0,0,0,1.0,1,1.0,1,1.0,1,0.2784120604604735,45
905,1,1584,730,854,0,0,0,1.0,1,1.0,1,1.0,1,0.31126963484238407,45
906,1,1585,731,854,0,0,0,1.0,1,1.0,1,1.0,1,0.2939853595426377,45
907,3,1588,733,855,0,0,0,1.0,1,1.0,1,1.0,1,0.27113328353040317,46
908,3,1591,735,856,0,0,0,1.0,1,1.0,1,1.0,1,0.2057413554476429,46
909,5,1596,739,857,0,0,0,1.0,1,1.0,1,1.0,1,0.21460984445881195,46
910,1,1597,739,858,0,0,0,1.0,1,1.0,1,1.0,1,0.21085197069545444,44
911,2,1599,739,860,0,0,0,1.0,1,1.0,1,1.0,1,0.19701237141162595,45
912,0,1599,739,860,0,0,0,1.0,1,1.0,1,1.0,1,0.22186727684601273,44
913,1,1600,739,861,0,0,0,1.0,1,1.0,1,1.0,1,0.22187488678655878,45
914,1,1601,740,861,0,0,0,1.0,1,1.0,1,1.0,1,0.22357979013372514,45
915,1,1602,740,862,0,0,0,1.0,1,1.0,1,1.0,1,0.19411730028641094,45
916,1,1603,740,863,0,0,0,1.0,1,1.0,1,1.0,1,0.15947912028385433,45
917,2,1605,741,864,0,0,0,1.0,1,1.0,1,1.0,1,0.16700463878461683,46
918,1,1606,742,864,0,0,0,1.0,1,1.0,1,1.0,1,0.18927266810639462,47
919,2,1608,742,866,0,0,0,1.0,1,1.0,1,1.0,1,0.18387064662023508,47
920,3,1611,743,868,0,0,0,1.0,1,1.0,1,1.0,1,0.17081044758325434,47
921,4,1615,745,870,0,0,0,1.0,1,1.0,1,1.0,1,0.18277934615206134,49
922,3,1618,746,872,0,0,0,1.0,1,1.0,1,1.0,1,0.15687492741838058,49
923,2,1620,747,873,0,0,0,1.0,1,1.0,1,1.0,1,0.17529351281315236,47
924,3,1623,749,874,0,0,0,1.0,1,1.0,1,1.0,1,0.1769362347429068,47
925,5,1628,751,877,0,0,0,1.0,1,1.0,1,1.0,1,0.15790801203590427,47
926,7,1635,756,879,0,0,0,1.0,1,1.0,1,1.0,1,0.2547919137535079,46
927,4,1639,757,882,0,0,0,1.0,1,1.0,1,1.0,1,0.2813957926979684,45
928,2,1641,757,884,0,0,0,1.0,1,1.0,1,1.0,1,0.29972945284585306,43
929,2,1643,757,886,0,0,0,1.0,1,1.0,1,1.0,1,0.2948866938235732,42
930,3,1646,757,889,0,0,0,1.0,1,1.0,1,1.0,1,0.3214976578428281,41
931,5,1651,759,892,0,0,0,1.0,1,1.0,1,1.0,1,0.2714286125528528,40
932,3,1654,759,895,0,0,0,1.0,1,1.0,1,1.0,1,0.19468870892684875,40
933,1,1655,760,895,0,0,0,1.0,1,1.0,1,1.0,1,0.2334652570391833,39
934,0,1655,760,895,0,0,0,1.0,1,1.0,1,1.0,1,0.2334652570391833,39
935,3,1658,762,896,0,0,0,1.0,1,1.0,1,1.0,1,0.21211261243305674,41
936,1,1659,762,897,0,0,0,1.0,1,1.0,1,1.0,1,0.19071032235112503,42
937,0,1659,762,897,0,0,0,1.0,1,1.0,1,1.0,1,0.20771266685437814,43
938,1,1660,762,898,0,0,0,1.0,1,1.0,1,1.0,1,0.2004739155944036,44
939,0,1660,762,898,0,0,0,1.0,1,1.0,1,1.0,1,0.22132755314051847,46
940,0,1660,762,898,0,0,0,1.0,1,1.0,1,1.0,1,0.23942504670689702,46
941,2,1662,763,899,0,0,0,1.0,1,1.0,1,1.0,1,0.24642409252641417,46
942,3,1665,765,900,0,0,0,1.0,1,1.0,1,1.0,1,0.28482816404977224,46
943,3,1668,766,902,0,0,0,1.0,1,1.0,1,1.0,1,0.2540565709071178,45
944,3,1671,768,903,0,0,0,1.0,1,1.0,1,1.0,1,0.2886913244318724,45
945,2,1673,768,905,0,0,0,1.0,1,1.0,1,1.0,1,0.27532398445956197,44
946,3,1676,769,907,0,0,0,1.0,1,1.0,1,1.0,1,0.25412340330520666,46
947,1,1677,769,908,0,0,0,1.0,1,1.0,1,1.0,1,0.22845738783041597,44
948,0,1677,769,908,0,0,0,1.0,1,1.0,1,1.0,1,0.22845738783041597,44
949,4,1681,770,911,0,0,0,1.0,1,1.0,1,1.0,1,0.20306405781113082,44
950,0,1681,770,911,0,0,0,1.0,1,1.0,1,1.0,1,0.21187013562226495,43
951,0,1681,770,911,0,0,0,1.0,1,1.0,1,1.0,1,0.23614707008939564,42
952,2,1683,771,912,0,0,0,1.0,1,1.0,1,1.0,1,0.23994530521208965,42
953,0,1683,771,912,0,0,0,1.0,1,1.0,1,1.0,1,0.2340417759079439,41
954,0,1683,771,912,0,0,0,1.0,1,1.0,1,1.0,1,0.25367739402025363,40
955,0,1683,771,912,0,0,0,1.0,1,1.0,1,1.0,1,0.2517845087416265,42
956,4,1687,773,914,0,0,0,1.0,1,1.0,1,1.0,1,0.23691226803862386,43
957,0,1687,773,914,0,0,0,1.0,1,1.0,1,1.0,1,0.23271454250118032,42
958,0,1687,773,914,0,0,0,1.0,1,1.0,1,1.0,1,0.26668969382453667,43
959,2,1689,774,915,0,0,0,1.0,1,1.0,1,1.0,1,0.2969251768098759,45
960,1,1690,775,915,0,0,0,1.0,1,1.0,1,1.0,1,0.32419583695721466,47
961,2,1692,775,917,0,0,0,1.0,1,1.0,1,1.0,1,0.3141623020139105,45
962,4,1696,777,919,0,0,0,1.0,1,1.0,1,1.0,1,0.35496056997004816,45
963,1,1697,778,919,0,0,0,1.0,1,1.0,1,1.0,1,0.38745646885243595,44
964,0,1697,778,919,0,0,0,1.0,1,1.0,1,1.0,1,0.3749045393161918,44
965,3,1700,778,922,0,0,0,1.0,1,1.0,1,1.0,1,0.33492640348146535,45
966,2,1702,778,924,0,0,0,1.0,1,1.0,1,1.0,1,0.3202193938772669,43
967,0,1702,778,924,0,0,0,1.0,1,1.0,1,1.0,1,0.3202193938772669,43
968,2,1704,779,925,0,0,0,1.0,1,1.0,1,1.0,1,0.3121870447953879,43
969,0,1704,779,925,0,0,0,1.0,1,1.0,1,1.0,1,0.3340339851867289,42
970,1,1705,780,925,0,0,0,1.0,1,1.0,1,1.0,1,0.3614077483715866,42
971,0,1705,780,925,0,0,0,1.0,1,1.0,1,1.0,1,0.3614077483715866,42
972,2,1707,781,926,0,0,0,1.0,1,1.0,1,1.0,1,0.3575486922525133,42
973,2,1709,781,928,0,0,0,1.0,1,1.0,1,1.0,1,0.32105838480616,43
974,2,1711,783,928,0,0,0,1.0,1,1.0,1,1.0,1,0.32609962393855735,43
975,0,1711,783,928,0,0,0,1.0,1,1.0,1,1.0,1,0.3284210721121684,43
976,10,1721,784,937,0,0,0,1.0,1,1.0,1,1.0,1,0.29056044445361756,45
977,0,1721,784,937,0,0,0,1.0,1,1.0,1,1.0,1,0.3026623070400446,44
978,1,1722,784,938,0,0,0,1.0,1,1.0,1,1.0,1,0.26534498412245927,44
979,2,1724,784,940,0,0,0,1.0,1,1.0,1,1.0,1,0.2941006215142279,45
980,1,1725,785,940,0,0,0,1.0,1,1.0,1,1.0,1,0.2972635820340274,45
981,1,1726,786,940,0,0,0,1.0,1,1.0,1,1.0,1,0.27392311592744134,45
982,1,1727,787,940,0,0,0,1.0,1,1.0,1,1.0,1,0.33187102028255544,46
983,5,1732,790,942,0,0,0,1.0,1,1.0,1,1.0,1,0.35479202615426625,45
984,1,1733,791,942,0,0,0,1.0,1,1.0,1,1.0,1,0.3574152357997683,45
985,2,1735,793,942,0,0,0,1.0,1,1.0,1,1.0,1,0.35752220583752703,45
986,3,1738,796,942,0,0,0,1.0,1,1.0,1,1.0,1,0.4141089317621229,44
987,3,1741,796,945,0,0,0,1.0,1,1.0,1,1.0,1,0.38752746173440655,45
988,2,1743,797,946,0,0,0,1.0,1,1.0,1,1.0,1,0.3592612658914533,44
989,1,1744,798,946,0,0,0,1.0,1,1.0,1,1.0,1,0.3716989463688544,43
990,3,1747,800,947,0,0,0,1.0,1,1.0,1,1.0,1,0.3709706891779749,42
991,0,1747,800,947,0,0,0,1.0,1,1.0,1,1.0,1,0.3490825957190052,42
992,1,1748,800,948,0,0,0,1.0,1,1.0,1,1.0,1,0.3235683217952602,43
993,2,1750,802,948,0,0,0,1.0,1,1.0,1,1.0,1,0.34241782636910295,43
994,0,1750,802,948,0,0,0,1.0,1,1.0,1,1.0,1,0.3446022792299295,43
995,1,1751,802,949,0,0,0,1.0,1,1.0,1,1.0,1,0.314620923657073,43
996,2,1753,802,951,0,0,0,1.0,1,1.0,1,1.0,1,0.2941909231880212,44
997,0,1753,802,951,0,0,0,1.0,1,1.0,1,1.0,1,0.2941909231880212,44
998,0,1753,802,951,0,0,0,1.0,1,1.0,1,1.0,1,0.30836551563892084,45
999,0,1753,802,951,0,0,0,1.0,1,1.0,1,1.0,1,0.33886263274459966,42
1000,0,1753,802,951,0,0,0,1.0,1,1.0,1,1.0,1,0.3473533690090072,43
1001,0,1753,802,951,0,0,0,1.0,1,1.0,1,1.0,1,0.3781497760715657,42
1002,0,1753,802,951,0,0,0,1.0,1,1.0,1,1.0,1,0.37609891137719514,43
1003,1,1754,802,952,0,0,0,1.0,1,1.0,1,1.0,1,0.3712998869112242,43
1004,0,1754,802,952,0,0,0,1.0,1,1.0,1,1.0,1,0.3712998869112242,43
1005,0,1754,802,952,0,0,0,1.0,1,1.0,1,1.0,1,0.3826880915329569,44
1006,6,1760,802,958,0,0,0,1.0,1,1.0,1,1.0,1,0.29334196043213695,46
1007,2,1762,802,960,0,0,0,1.0,1,1.0,1,1.0,1,0.26308739026560213,46
1008,0,1762,802,960,0,0,0,1.0,1,1.0,1,1.0,1,0.2740237160987544,47
1009,1,1763,802,961,0,0,0,1.0,1,1.0,1,1.0,1,0.24026132616575765,48
1010,0,1763,802,961,0,0,0,1.0,1,1.0,1,1.0,1,0.24026132616575765,48
1011,5,1768,803,965,0,0,0,1.0,1,1.0,1,1.0,1,0.171270841062447,48
1012,5,1773,804,969,0,0,0,1.0,1,1.0,1,1.0,1,0.211386356409552,49
1013,2,1775,804,971,0,0,0,1.0,1,1.0,1,1.0,1,0.1978146612904997,50
1014,2,1777,805,972,0,0,0,1.0,1,1.0,1,1.0,1,0.20748452232038547,50
1015,2,1779,805,974,0,0,0,1.0,1,1.0,1,1.0,1,0.22338489518764545,51
1016,3,1782,806,976,0,0,0,1.0,1,1.0,1,1.0,1,0.242097740154142,51
1017,4,1786,806,980,0,0,0,1.0,1,1.0,1,1.0,1,0.22655452432266293,52
1018,3,1789,806,983,0,0,0,1.0,1,1.0,1,1.0,1,0.18156187739417046,52
1019,2,1791,807,984,0,0,0,1.0,1,1.0,1,1.0,1,0.22944120212691557,52
1020,0,1791,807,984,0,0,0,1.0,1,1.0,1,1.0,1,0.21344018715859345,53
1021,1,1792,807,985,0,0,0,1.0,1,1.0,1,1.0,1,0.2079639350535437,53
1022,0,1792,807,985,0,0,0,1.0,1,1.0,1,1.0,1,0.20435209019964248,54
1023,1,1793,808,985,0,0,0,1.0,1,1.0,1,1.0,1,0.22129144176024607,55
1024,0,1793,808,985,0,0,0,1.0,1,1.0,1,1.0,1,0.21558664893065896,55
1025,2,1795,808,987,0,0,0,1.0,1,1.0,1,1.0,1,0.18344214259229996,56
1026,1,1796,808,988,0,0,0,1.0,1,1.0,1,1.0,1,0.16478078078209232,57
1027,1,1797,808,989,0,0,0,1.0,1,1.0,1,1.0,1,0.16500347525777834,58
1028,1,1798,809,989,0,0,0,1.0,1,1.0,1,1.0,1,0.18719119172891058,58
1029,2,1800,811,989,0,0,0,1.0,1,1.0,1,1.0,1,0.20762990647892896,59
1030,2,1802,812,990,0,0,0,1.0,1,1.0,1,1.0,1,0.22898007632433606,60
1031,3,1805,814,991,0,0,0,1.0,1,1.0,1,1.0,1,0.2180629047998909,60
1032,1,1806,814,992,0,0,0,1.0,1,1.0,1,1.0,1,0.21914778570536422,61
1033,4,1810,814,996,0,0,0,1.0,1,1.0,1,1.0,1,0.14960846436881137,60
1034,3,1813,816,997,0,0,0,1.0,1,1.0,1,1.0,1,0.1580364013477789,60
1035,2,1815,817,998,0,0,0,1.0,1,1.0,1,1.0,1,0.1440337023650891,59
1036,3,1818,819,999,0,0,0,1.0,1,1.0,1,1.0,1,0.1579534502177121,60
1037,2,1820,821,999,0,0,0,1.0,1,1.0,1,1.0,1,0.18183473203405354,59
1038,3,1823,824,999,0,0,0,1.0,1,1.0,1,1.0,1,0.21722122530140797,60
1039,7,1830,826,1004,0,0,0,1.0,1,1.0,1,1.0,1,0.2311803651371587,60
1040,3,1833,828,1005,0,0,0,1.0,1,1.0,1,1.0,1,0.22286689956966912,58
1041,1,1834,829,1005,0,0,0,1.0,1,1.0,1,1.0,1,0.22369699414723793,56
1042,0,1834,829,1005,0,0,0,1.0,1,1.0,1,1.0,1,0.22016508441999355,55
1043,4,1838,831,1007,0,0,0,1.0,1,1.0,1,1.0,1,0.22437751853153756,55
1044,2,1840,833,1007,0,0,0,1.0,1,1.0,1,1.0,1,0.21701777674328607,52
1045,0,1840,833,1007,0,0,0,1.0,1,1.0,1,1.0,1,0.22457231178334774,52
1046,3,1843,834,1009,0,0,0,1.0,1,1.0,1,1.0,1,0.20236142397037876,53
1047,0,1843,834,1009,0,0,0,1.0,1,1.0,1,1.0,1,0.19608933541671641,54
1048,1,1844,835,1009,0,0,0,1.0,1,1.0,1,1.0,1,0.21988963200702963,56
1049,2,1846,837,1009,0,0,0,1.0,1,1.0,1,1.0,1,0.2411617434747968,55
1050,0,1846,837,1009,0,0,0,1.0,1,1.0,1,1.0,1,0.24503112398205668,56
1051,6,1852,837,1015,0,0,0,1.0,1,1.0,1,1.0,1,0.10589177695007486,55
1052,1,1853,838,1015,0,0,0,1.0,1,1.0,1,1.0,1,0.12358703363687783,56
1053,1,1854,839,1015,0,0,0,1.0,1,1.0,1,1.0,1,0.13004140888081125,56
1054,1,1855,840,1015,0,0,0,1.0,1,1.0,1,1.0,1,0.09700955520838944,57
1055,1,1856,841,1015,0,0,0,1.0,1,1.0,1,1.0,1,0.1043938757649765,58
1056,0,1856,841,1015,0,0,0,1.0,1,1.0,1,1.0,1,0.11675079841223727,59
1057,1,1857,842,1015,0,0,0,1.0,1,1.0,1,1.0,1,0.1582185690869373,60
1058,0,1857,842,1015,0,0,0,1.0,1,1.0,1,1.0,1,0.1582185690869373,60
1059,1,1858,843,1015,0,0,0,1.0,1,1.0,1,1.0,1,0.17269066078520445,60
1060,3,1861,845,1016,0,0,0,1.0,1,1.0,1,1.0,1,0.17163809586683915,60
1061,5,1866,848,1018,0,0,0,1.0,1,1.0,1,1.0,1,0.1770335844128018,59
1062,1,1867,849,1018,0,0,0,1.0,1,1.0,1,1.0,1,0.18994822216439475,59
1063,2,1869,851,1018,0,0,0,1.0,1,1.0,1,1.0,1,0.21525223276783734,58
1064,5,1874,853,1021,0,0,0,1.0,1,1.0,1,1.0,1,0.2423316907961118,58
1065,7,1881,856,1025,0,0,0,1.0,1,1.0,1,1.0,1,0.2200856134497731,60
1066,6,1887,858,1029,0,0,0,1.0,1,1.0,1,1.0,1,0.21636892163166555,58
1067,2,1889,858,1031,0,0,0,1.0,1,1.0,1,1.0,1,0.2295275936893813,59
1068,3,1892,860,1032,0,0,0,1.0,1,1.0,1,1.0,1,0.2323481156397517,59
1069,1,1893,861,1032,0,0,0,1.0,1,1.0,1,1.0,1,0.2629690427679258,58
1070,3,1896,863,1033,0,0,0,1.0,1,1.0,1,1.0,1,0.2508134196382158,58
1071,2,1898,864,1034,0,0,0,1.0,1,1.0,1,1.0,1,0.25752609580768393,57
1072,0,1898,864,1034,0,0,0,1.0,1,1.0,1,1.0,1,0.2538978329013995,56
1073,0,1898,864,1034,0,0,0,1.0,1,1.0,1,1.0,1,0.2803324594214515,54
1074,2,1900,866,1034,0,0,0,1.0,1,1.0,1,1.0,1,0.29435053671292766,54
1075,1,1901,867,1034,0,0,0,1.0,1,1.0,1,1.0,1,0.2952363883615938,51
1076,2,1903,867,1036,0,0,0,1.0,1,1.0,1,1.0,1,0.26755221461802314,51
1077,0,1903,867,1036,0,0,0,1.0,1,1.0,1,1.0,1,0.26582296997048793,51
1078,1,1904,868,1036,0,0,0,1.0,1,1.0,1,1.0,1,0.28759347482219,52
1079,5,1909,871,1038,0,0,0,1.0,1,1.0,1,1.0,1,0.27788494785367884,51
1080,1,1910,872,1038,0,0,0,1.0,1,1.0,1,1.0,1,0.27755454781965566,51
1081,6,1916,873,1043,0,0,0,1.0,1,1.0,1,1.0,1,0.23011704482665835,48
1082,2,1918,874,1044,0,0,0,1.0,1,1.0,1,1.0,1,0.26950100471958405,47
1083,1,1919,875,1044,0,0,0,1.0,1,1.0,1,1.0,1,0.30231117996985063,46
1084,1,1920,875,1045,0,0,0,1.0,1,1.0,1,1.0,1,0.31119093548377985,45
1085,2,1922,875,1047,0,0,0,1.0,1,1.0,1,1.0,1,0.2785692710637457,46
1086,1,1923,875,1048,0,0,0,1.0,1,1.0,1,1.0,1,0.28115790259667606,45
1087,0,1923,875,1048,0,0,0,1.0,1,1.0,1,1.0,1,0.30765300848852273,44
1088,2,1925,877,1048,0,0,0,1.0,1,1.0,1,1.0,1,0.27001480568910674,45
1089,2,1927,879,1048,0,0,0,1.0,1,1.0,1,1.0,1,0.2834340384366659,46
1090,0,1927,879,1048,0,0,0,1.0,1,1.0,1,1.0,1,0.28575303350423137,47
1091,1,1928,880,1048,0,0,0,1.0,1,1.0,1,1.0,1,0.29625007249050406,47
1092,0,1928,880,1048,0,0,0,1.0,1,1.0,1,1.0,1,0.28389701778953985,48
1093,1,1929,881,1048,0,0,0,1.0,1,1.0,1,1.0,1,0.30302754173103225,48
1094,5,1934,883,1051,0,0,0,1.0,1,1.0,1,1.0,1,0.2737563072825957,48
1095,2,1936,883,1053,0,0,0,1.0,1,1.0,1,1.0,1,0.2803557064107778,49
1096,4,1940,884,1056,0,0,0,1.0,1,1.0,1,1.0,1,0.25375028028032426,49
1097,4,1944,885,1059,0,0,0,1.0,1,1.0,1,1.0,1,0.22766113641147825,50
1098,1,1945,885,1060,0,0,0,1.0,1,1.0,1,1.0,1,0.2265749546795172,51
1099,1,1946,885,1061,0,0,0,1.0,1,1.0,1,1.0,1,0.2067154908113171,54
1100,0,1946,885,1061,0,0,0,1.0,1,1.0,1,1.0,1,0.2067154908113171,54
1101,1,1947,885,1062,0,0,0,1.0,1,1.0,1,1.0,1,0.19849256271852406,54
1102,2,1949,887,1062,0,0,0,1.0,1,1.0,1,1.0,1,0.24673760344832035,54
1103,2,1951,888,1063,0,0,0,1.0,1,1.0,1,1.0,1,0.2746409577961975,53
1104,3,1954,889,1065,0,0,0,1.0,1,1.0,1,1.0,1,0.24659655019938462,53
1105,2,1956,890,1066,0,0,0,1.0,1,1.0,1,1.0,1,0.25197270588012793,52
1106,3,1959,891,1068,0,0,0,1.0,1,1.0,1,1.0,1,0.2557837931529604,52
1107,2,1961,892,1069,0,0,0,1.0,1,1.0,1,1.0,1,0.2695539324814744,52
1108,2,1963,892,1071,0,0,0,1.0,1,1.0,1,1.0,1,0.2543387476997749,51
1109,3,1966,895,1071,0,0,0,1.0,1,1.0,1,1.0,1,0.27376029661367196,49
1110,1,1967,896,1071,0,0,0,1.0,1,1.0,1,1.0,1,0.29168915072686213,48
1111,8,1975,899,1076,0,0,0,1.0,1,1.0,1,1.0,1,0.2684062547106428,47
1112,1,1976,900,1076,0,0,0,1.0,1,1.0,1,1.0,1,0.31729429297332906,46
1113,1,1977,901,1076,0,0,0,1.0,1,1.0,1,1.0,1,0.33821496441889665,43
1114,0,1977,901,1076,0,0,0,1.0,1,1.0,1,1.0,1,0.35013250191480927,41
1115,3,1980,902,1078,0,0,0,1.0,1,1.0,1,1.0,1,0.3118140565072587,40
1116,1,1981,903,1078,0,0,0,1.0,1,1.0,1,1.0,1,0.31489439717726964,39
1117,4,1985,907,1078,0,0,0,1.0,1,1.0,1,1.0,1,0.3026174448637016,40
1118,5,1990,908,1082,0,0,0,1.0,1,1.0,1,1.0,1,0.28190627438596244,40
1119,3,1993,908,1085,0,0,0,1.0,1,1.0,1,1.0,1,0.25787091896222286,40
1120,2,1995,908,1087,0,0,0,1.0,1,1.0,1,1.0,1,0.25787091896222286,40
1121,2,1997,908,1089,0,0,0,1.0,1,1.0,1,1.0,1,0.25787091896222286,40
1122,2,1999,908,1091,0,0,0,1.0,1,1.0,1,1.0,1,0.2559519672136728,41
1123,4,2003,910,1093,0,0,0,1.0,1,1.0,1,1.0,1,0.29847678398903055,41
1124,2,2005,910,1095,0,0,0,1.0,1,1.0,1,1.0,1,0.29847678398903055,41
1125,4,2009,911,1098,0,0,0,1.0,1,1.0,1,1.0,1,0.3493789786258783,41
1126,0,2009,911,1098,0,0,0,1.0,1,1.0,1,1.0,1,0.31875087489453546,41
1127,1,2010,911,1099,0,0,0,1.0,1,1.0,1,1.0,1,0.3010196302911901,41
1128,2,2012,911,1101,0,0,0,1.0,1,1.0,1,1.0,1,0.2706915380215672,42
1129,2,2014,912,1102,0,0,0,1.0,1,1.0,1,1.0,1,0.2517099775633239,42
1130,0,2014,912,1102,0,0,0,1.0,1,1.0,1,1.0,1,0.2517099775633239,42
1131,0,2014,912,1102,0,0,0,1.0,1,1.0,1,1.0,1,0.2517099775633239,42
1132,2,2016,914,1102,0,0,0,1.0,1,1.0,1,1.0,1,0.21257707697283554,43
1133,1,2017,914,1103,0,0,0,1.0,1,1.0,1,1.0,1,0.19725470652510746,45
1134,1,2018,915,1103,0,0,0,1.0,1,1.0,1,1.0,1,0.2120390403016758,46
1135,0,2018,915,1103,0,0,0,1.0,1,1.0,1,1.0,1,0.22820750516486524,45
1136,3,2021,915,1106,0,0,0,1.0,1,1.0,1,1.0,1,0.24079818851969764,48
1137,3,2024,915,1109,0,0,0,1.0,1,1.0,1,1.0,1,0.23227441594316076,49
1138,2,2026,915,1111,0,0,0,1.0,1,1.0,1,1.0,1,0.23701746252675956,49
1139,2,2028,915,1113,0,0,0,1.0,1,1.0,1,1.0,1,0.2549312837892086,49
1140,0,2028,915,1113,0,0,0,1.0,1,1.0,1,1.0,1,0.2549312837892086,49
1141,6,2034,916,1118,0,0,0,1.0,1,1.0,1,1.0,1,0.19228840869824373,48
1142,0,2034,916,1118,0,0,0,1.0,1,1.0,1,1.0,1,0.19228840869824373,48
1143,2,2036,918,1118,0,0,0,1.0,1,1.0,1,1.0,1,0.2551269433557405,48
1144,7,2043,922,1121,0,0,0,1.0,1,1.0,1,1.0,1,0.19973375866921608,48
1145,1,2044,923,1121,0,0,0,1.0,1,1.0,1,1.0,1,0.21829844465921172,48
1146,3,2047,925,1122,0,0,0,1.0,1,1.0,1,1.0,1,0.2544181794271532,48
1147,0,2047,925,1122,0,0,0,1.0,1,1.0,1,1.0,1,0.2847727496135275,46
1148,4,2051,928,1123,0,0,0,1.0,1,1.0,1,1.0,1,0.2907665106659394,46
1149,1,2052,929,1123,0,0,0,1.0,1,1.0,1,1.0,1,0.32697998486685065,45
1150,2,2054,930,1124,0,0,0,1.0,1,1.0,1,1.0,1,0.3133308283384511,46
1151,3,2057,933,1124,0,0,0,1.0,1,1.0,1,1.0,1,0.3534772120245976,44
1152,1,2058,933,1125,0,0,0,1.0,1,1.0,1,1.0,1,0.3157964899794836,44
1153,2,2060,935,1125,0,0,0,1.0,1,1.0,1,1.0,1,0.3459902000670449,43
1154,1,2061,936,1125,0,0,0,1.0,1,1.0,1,1.0,1,0.31673010297431786,43
1155,2,2063,937,1126,0,0,0,1.0,1,1.0,1,1.0,1,0.26705292096575867,43
1156,3,2066,937,1129,0,0,0,1.0,1,1.0,1,1.0,1,0.1831802598399526,42
1157,1,2067,938,1129,0,0,0,1.0,1,1.0,1,1.0,1,0.20661899835308792,42
1158,0,2067,938,1129,0,0,0,1.0,1,1.0,1,1.0,1,0.19127445733434595,41
1159,0,2067,938,1129,0,0,0,1.0,1,1.0,1,1.0,1,0.22057900593090393,41
1160,0,2067,938,1129,0,0,0,1.0,1,1.0,1,1.0,1,0.22057900593090393,41
1161,0,2067,938,1129,0,0,0,1.0,1,1.0,1,1.0,1,0.2323920040130473,42
1162,0,2067,938,1129,0,0,0,1.0,1,1.0,1,1.0,1,0.23626273548284157,43
1163,0,2067,938,1129,0,0,0,1.0,1,1.0,1,1.0,1,0.23626273548284157,43
1164,0,2067,938,1129,0,0,0,1.0,1,1.0,1,1.0,1,0.22286598547171485,44
1165,0,2067,938,1129,0,0,0,1.0,1,1.0,1,1.0,1,0.22286598547171485,44
1166,3,2070,939,1131,0,0,0,1.0,1,1.0,1,1.0,1,0.23934607641123518,46
1167,2,2072,940,1132,0,0,0,1.0,1,1.0,1,1.0,1,0.23193372052242134,46
1168,0,2072,940,1132,0,0,0,1.0,1,1.0,1,1.0,1,0.23169225354643316,47
1169,2,2074,942,1132,0,0,0,1.0,1,1.0,1,1.0,1,0.225939098629614,46
1170,0,2074,942,1132,0,0,0,1.0,1,1.0,1,1.0,1,0.22835836450761174,48
1171,8,2082,944,1138,0,0,0,1.0,1,1.0,1,1.0,1,0.18032525268312816,49
1172,0,2082,944,1138,0,0,0,1.0,1,1.0,1,1.0,1,0.18032525268312816,49
1173,0,2082,944,1138,0,0,0,1.0,1,1.0,1,1.0,1,0.18032525268312816,49
1174,1,2083,945,1138,0,0,0,1.0,1,1.0,1,1.0,1,0.1894326476345743,49
1175,0,2083,945,1138,0,0,0,1.0,1,1.0,1,1.0,1,0.19712405850729073,50
1176,0,2083,945,1138,0,0,0,1.0,1,1.0,1,1.0,1,0.2200787848360592,52
1177,2,2085,947,1138,0,0,0,1.0,1,1.0,1,1.0,1,0.24122576974833648,52
1178,0,2085,947,1138,0,0,0,1.0,1,1.0,1,1.0,1,0.24122576974833648,52
1179,2,2087,948,1139,0,0,0,1.0,1,1.0,1,1.0,1,0.1802325327477092,53
1180,0,2087,948,1139,0,0,0,1.0,1,1.0,1,1.0,1,0.17774592153836127,54
1181,0,2087,948,1139,0,0,0,1.0,1,1.0,1,1.0,1,0.18927874306639317,55
1182,2,2089,950,1139,0,0,0,1.0,1,1.0,1,1.0,1,0.21267219376340663,55
1183,1,2090,951,1139,0,0,0,1.0,1,1.0,1,1.0,1,0.23734110709273626,53
1184,1,2091,951,1140,0,0,0,1.0,1,1.0,1,1.0,1,0.21349370060037184,54
1185,0,2091,951,1140,0,0,0,1.0,1,1.0,1,1.0,1,0.21802964876357658,53
1186,3,2094,952,1142,0,0,0,1.0,1,1.0,1,1.0,1,0.2316580633691927,54
1187,3,2097,953,1144,0,0,0,1.0,1,1.0,1,1.0,1,0.25842818033350295,55
1188,0,2097,953,1144,0,0,0,1.0,1,1.0,1,1.0,1,0.25842818033350295,55
1189,0,2097,953,1144,0,0,0,1.0,1,1.0,1,1.0,1,0.26426523334016483,54
1190,3,2100,954,1146,0,0,0,1.0,1,1.0,1,1.0,1,0.2360023106737659,55
1191,2,2102,954,1148,0,0,0,1.0,1,1.0,1,1.0,1,0.20448493659759964,54
1192,2,2104,955,1149,0,0,0,1.0,1,1.0,1,1.0,1,0.20886543312398043,52
1193,2,2106,955,1151,0,0,0,1.0,1,1.0,1,1.0,1,0.20278295850898578,53
1194,3,2109,957,1152,0,0,0,1.0,1,1.0,1,1.0,1,0.1982751959740566,53
1195,2,2111,959,1152,0,0,0,1.0,1,1.0,1,1.0,1,0.18089752567811088,54
1196,0,2111,959,1152,0,0,0,1.0,1,1.0,1,1.0,1,0.1918164328317919,56
1197,4,2115,962,1153,0,0,0,1.0,1,1.0,1,1.0,1,0.2525802643038452,56
1198,4,2119,963,1156,0,0,0,1.0,1,1.0,1,1.0,1,0.22606547400614957,58
1199,3,2122,964,1158,0,0,0,1.0,1,1.0,1,1.0,1,0.23862073116051705,58
1200,1,2123,964,1159,0,0,0,1.0,1,1.0,1,1.0,1,0.2153259935839514,58
1201,5,2128,965,1163,0,0,0,1.0,1,1.0,1,1.0,1,0.16757084154261506,58
1202,1,2129,965,1164,0,0,0,1.0,1,1.0,1,1.0,1,0.15518842752629422,60
1203,1,2130,965,1165,0,0,0,1.0,1,1.0,1,1.0,1,0.17662587878694777,58
1204,1,2131,966,1165,0,0,0,1.0,1,1.0,1,1.0,1,0.19403135148572054,59
1205,5,2136,967,1169,0,0,0,1.0,1,1.0,1,1.0,1,0.13392420406912864,59
1206,0,2136,967,1169,0,0,0,1.0,1,1.0,1,1.0,1,0.15276764304363813,58
1207,0,2136,967,1169,0,0,0,1.0,1,1.0,1,1.0,1,0.1779446141658825,60
1208,0,2136,967,1169,0,0,0,1.0,1,1.0,1,1.0,1,0.1779446141658825,60
1209,1,2137,967,1170,0,0,0,1.0,1,1.0,1,1.0,1,0.17109922247020137,61
1210,0,2137,967,1170,0,0,0,1.0,1,1.0,1,1.0,1,0.17109922247020137,61
1211,0,2137,967,1170,0,0,0,1.0,1,1.0,1,1.0,1,0.16429048402639626,63
1212,2,2139,967,1172,0,0,0,1.0,1,1.0,1,1.0,1,0.16214461377910877,63
1213,3,2142,968,1174,0,0,0,1.0,1,1.0,1,1.0,1,0.147539147994779,63
1214,2,2144,970,1174,0,0,0,1.0,1,1.0,1,1.0,1,0.23506927897389507,62
1215,3,2147,970,1177,0,0,0,1.0,1,1.0,1,1.0,1,0.23444065166744496,63
1216,6,2153,970,1183,0,0,0,1.0,1,1.0,1,1.0,1,0.1983739498952291,64
1217,0,2153,970,1183,0,0,0,1.0,1,1.0,1,1.0,1,0.19325056323940945,65
1218,0,2153,970,1183,0,0,0,1.0,1,1.0,1,1.0,1,0.2068443598576415,64
1219,1,2154,970,1184,0,0,0,1.0,1,1.0,1,1.0,1,0.20323209035931897,65
1220,2,2156,971,1185,0,0,0,1.0,1,1.0,1,1.0,1,0.21020737500517525,64
1221,1,2157,972,1185,0,0,0,1.0,1,1.0,1,1.0,1,0.2168447745434887,65
1222,2,2159,973,1186,0,0,0,1.0,1,1.0,1,1.0,1,0.20547484911774597,66
1223,2,2161,974,1187,0,0,0,1.0,1,1.0,1,1.0,1,0.20519009101083974,64
1224,3,2164,976,1188,0,0,0,1.0,1,1.0,1,1.0,1,0.20466379633770193,66
1225,2,2166,977,1189,0,0,0,1.0,1,1.0,1,1.0,1,0.1943728650864453,66
1226,2,2168,978,1190,0,0,0,1.0,1,1.0,1,1.0,1,0.1910421492578372,68
1227,1,2169,979,1190,0,0,0,1.0,1,1.0,1,1.0,1,0.18953116440121345,64
1228,0,2169,979,1190,0,0,0,1.0,1,1.0,1,1.0,1,0.20783142800737428,62
1229,2,2171,981,1190,0,0,0,1.0,1,1.0,1,1.0,1,0.18890342770124613,61
1230,2,2173,983,1190,0,0,0,1.0,1,1.0,1,1.0,1,0.22781500689377576,58
1231,6,2179,984,1195,0,0,0,1.0,1,1.0,1,1.0,1,0.143613460403586,57
1232,0,2179,984,1195,0,0,0,1.0,1,1.0,1,1.0,1,0.19255162503567239,53
1233,1,2180,985,1195,0,0,0,1.0,1,1.0,1,1.0,1,0.20300576036992013,53
1234,2,2182,985,1197,0,0,0,1.0,1,1.0,1,1.0,1,0.1644508289115225,54
1235,1,2183,985,1198,0,0,0,1.0,1,1.0,1,1.0,1,0.18886396761038038,55
1236,1,2184,986,1198,0,0,0,1.0,1,1.0,1,1.0,1,0.21130449431674275,55
1237,1,2185,987,1198,0,0,0,1.0,1,1.0,1,1.0,1,0.2130095111459843,55
1238,2,2187,988,1199,0,0,0,1.0,1,1.0,1,1.0,1,0.20699634093363956,54
1239,0,2187,988,1199,0,0,0,1.0,1,1.0,1,1.0,1,0.20290874497731676,55
1240,0,2187,988,1199,0,0,0,1.0,1,1.0,1,1.0,1,0.20290874497731676,55
1241,0,2187,988,1199,0,0,0,1.0,1,1.0,1,1.0,1,0.18642787320181267,54
1242,0,2187,988,1199,0,0,0,1.0,1,1.0,1,1.0,1,0.1994322740375667,54
1243,0,2187,988,1199,0,0,0,1.0,1,1.0,1,1.0,1,0.2101656972764591,55
1244,0,2187,988,1199,0,0,0,1.0,1,1.0,1,1.0,1,0.2273837026737707,55
1245,1,2188,989,1199,0,0,0,1.0,1,1.0,1,1.0,1,0.23539466998099126,55
1246,4,2192,990,1202,0,0,0,1.0,1,1.0,1,1.0,1,0.21552820331235836,55
1247,5,2197,993,1204,0,0,0,1.0,1,1.0,1,1.0,1,0.24814279561232072,57
1248,2,2199,993,1206,0,0,0,1.0,1,1.0,1,1.0,1,0.24096493704438116,56
1249,4,2203,997,1206,0,0,0,1.0,1,1.0,1,1.0,1,0.2909432863334624,56
1250,5,2208,1000,1208,0,0,0,1.0,1,1.0,1,1.0,1,0.2843300270943593,56
1251,3,2211,1000,1211,0,0,0,1.0,1,1.0,1,1.0,1,0.2210547197975478,58
1252,2,2213,1002,1211,0,0,0,1.0,1,1.0,1,1.0,1,0.2421884584951756,58
1253,2,2215,1004,1211,0,0,0,1.0,1,1.0,1,1.0,1,0.24969435802249304,58
1254,3,2218,1004,1214,0,0,0,1.0,1,1.0,1,1.0,1,0.20240167663069725,60
1255,0,2218,1004,1214,0,0,0,1.0,1,1.0,1,1.0,1,0.21208271394363012,61
1256,0,2218,1004,1214,0,0,0,1.0,1,1.0,1,1.0,1,0.21208271394363012,61
1257,1,2219,1005,1214,0,0,0,1.0,1,1.0,1,1.0,1,0.22753363532496496,62
1258,0,2219,1005,1214,0,0,0,1.0,1,1.0,1,1.0,1,0.2309689974945989,63
1259,0,2219,1005,1214,0,0,0,1.0,1,1.0,1,1.0,1,0.2309689974945989,63
1260,0,2219,1005,1214,0,0,0,1.0,1,1.0,1,1.0,1,0.22532364043013453,63
1261,4,2223,1005,1218,0,0,0,1.0,1,1.0,1,1.0,1,0.1788961792624106,63
1262,1,2224,1006,1218,0,0,0,1.0,1,1.0,1,1.0,1,0.18408129118963262,64
1263,1,2225,1007,1218,0,0,0,1.0,1,1.0,1,1.0,1,0.18721186924853844,63
1264,2,2227,1009,1218,0,0,0,1.0,1,1.0,1,1.0,1,0.21262526341784158,63
1265,6,2233,1012,1221,0,0,0,1.0,1,1.0,1,1.0,1,0.2240805112811322,60
1266,3,2236,1015,1221,0,0,0,1.0,1,1.0,1,1.0,1,0.2619128577355464,61
1267,1,2237,1016,1221,0,0,0,1.0,1,1.0,1,1.0,1,0.2501116923046009,58
1268,5,2242,1020,1222,0,0,0,1.0,1,1.0,1,1.0,1,0.29681224614264423,54
1269,2,2244,1021,1223,0,0,0,1.0,1,1.0,1,1.0,1,0.271692697828361,54
1270,1,2245,1022,1223,0,0,0,1.0,1,1.0,1,1.0,1,0.2389562008103238,51
1271,0,2245,1022,1223,0,0,0,1.0,1,1.0,1,1.0,1,0.2506681018925188,50
1272,0,2245,1022,1223,0,0,0,1.0,1,1.0,1,1.0,1,0.24370519290711484,47
1273,1,2246,1023,1223,0,0,0,1.0,1,1.0,1,1.0,1,0.2750201895440485,47
1274,0,2246,1023,1223,0,0,0,1.0,1,1.0,1,1.0,1,0.3000989277370032,49
1275,2,2248,1025,1223,0,0,0,1.0,1,1.0,1,1.0,1,0.3249769092326417,48
1276,9,2257,1026,1231,0,0,0,1.0,1,1.0,1,1.0,1,0.2158339989590217,49
1277,6,2263,1030,1233,0,0,0,1.0,1,1.0,1,1.0,1,0.2678502931867609,50
1278,1,2264,1030,1234,0,0,0,1.0,1,1.0,1,1.0,1,0.26796243943679204,51
1279,1,2265,1030,1235,0,0,0,1.0,1,1.0,1,1.0,1,0.2598159528360627,51
1280,1,2266,1030,1236,0,0,0,1.0,1,1.0,1,1.0,1,0.2316090753111077,52
1281,0,2266,1030,1236,0,0,0,1.0,1,1.0,1,1.0,1,0.2316090753111077,52
1282,1,2267,1031,1236,0,0,0,1.0,1,1.0,1,1.0,1,0.24467703415226782,52
1283,1,2268,1032,1236,0,0,0,1.0,1,1.0,1,1.0,1,0.2687853397009722,52
1284,1,2269,1033,1236,0,0,0,1.0,1,1.0,1,1.0,1,0.28682698310300464,52
1285,2,2271,1033,1238,0,0,0,1.0,1,1.0,1,1.0,1,0.279813397974888,51
1286,1,2272,1033,1239,0,0,0,1.0,1,1.0,1,1.0,1,0.29224507158785645,52
1287,1,2273,1033,1240,0,0,0,1.0,1,1.0,1,1.0,1,0.2644595596298906,54
1288,1,2274,1033,1241,0,0,0,1.0,1,1.0,1,1.0,1,0.24536648558404867,55
1289,1,2275,1033,1242,0,0,0,1.0,1,1.0,1,1.0,1,0.20860977572931605,56
1290,1,2276,1033,1243,0,0,0,1.0,1,1.0,1,1.0,1,0.18487381578972512,57
1291,5,2281,1033,1248,0,0,0,1.0,1,1.0,1,1.0,1,0.14320324476498464,58
1292,0,2281,1033,1248,0,0,0,1.0,1,1.0,1,1.0,1,0.12908946488599496,59
1293,0,2281,1033,1248,0,0,0,1.0,1,1.0,1,1.0,1,0.12908946488599496,59
1294,0,2281,1033,1248,0,0,0,1.0,1,1.0,1,1.0,1,0.12908946488599496,59
1295,1,2282,1034,1248,0,0,0,1.0,1,1.0,1,1.0,1,0.12735566906270387,59
1296,0,2282,1034,1248,0,0,0,1.0,1,1.0,1,1.0,1,0.15695379582575064,59
1297,3,2285,1035,1250,0,0,0,1.0,1,1.0,1,1.0,1,0.1511190504335217,61
1298,1,2286,1036,1250,0,0,0,1.0,1,1.0,1,1.0,1,0.16885412938541153,61
1299,3,2289,1036,1253,0,0,0,1.0,1,1.0,1,1.0,1,0.18177612690049424,60
1300,0,2289,1036,1253,0,0,0,1.0,1,1.0,1,1.0,1,0.18583434758897324,59
1301,1,2290,1036,1254,0,0,0,1.0,1,1.0,1,1.0,1,0.17985129909727202,59
1302,6,2296,1041,1255,0,0,0,1.0,1,1.0,1,1.0,1,0.19531880922575598,59
1303,5,2301,1045,1256,0,0,0,1.0,1,1.0,1,1.0,1,0.2709677078912678,55
1304,4,2305,1049,1256,0,0,0,1.0,1,1.0,1,1.0,1,0.28368961460092507,56
1305,2,2307,1051,1256,0,0,0,1.0,1,1.0,1,1.0,1,0.3088139684233647,54
1306,11,2318,1052,1266,0,0,0,1.0,1,1.0,1,1.0,1,0.25438094090785407,53
1307,5,2323,1054,1269,0,0,0,1.0,1,1.0,1,1.0,1,0.26353965234087934,52
1308,5,2328,1057,1271,0,0,0,1.0,1,1.0,1,1.0,1,0.27568944909104465,52
1309,7,2335,1059,1276,0,0,0,1.0,1,1.0,1,1.0,1,0.29408737908205107,54
1310,9,2344,1059,1285,0,0,0,1.0,1,1.0,1,1.0,1,0.2167248825063401,52
1311,3,2347,1060,1287,0,0,0,1.0,1,1.0,1,1.0,1,0.18814704027054716,51
1312,2,2349,1062,1287,0,0,0,1.0,1,1.0,1,1.0,1,0.19095545169446718,49
1313,0,2349,1062,1287,0,0,0,1.0,1,1.0,1,1.0,1,0.19093069144665695,47
1314,1,2350,1063,1287,0,0,0,1.0,1,1.0,1,1.0,1,0.14543624358944768,46
1315,1,2351,1063,1288,0,0,0,1.0,1,1.0,1,1.0,1,0.14662809120615072,45
1316,2,2353,1064,1289,0,0,0,1.0,1,1.0,1,1.0,1,0.16607232148457893,46
1317,0,2353,1064,1289,0,0,0,1.0,1,1.0,1,1.0,1,0.1564810201202177,45
1318,0,2353,1064,1289,0,0,0,1.0,1,1.0,1,1.0,1,0.16653698208816517,46
1319,0,2353,1064,1289,0,0,0,1.0,1,1.0,1,1.0,1,0.16653698208816517,46
1320,0,2353,1064,1289,0,0,0,1.0,1,1.0,1,1.0,1,0.16653698208816517,46
1321,1,2354,1064,1290,0,0,0,1.0,1,1.0,1,1.0,1,0.12140706455247968,48
1322,0,2354,1064,1290,0,0,0,1.0,1,1.0,1,1.0,1,0.13814037367717272,49
1323,0,2354,1064,1290,0,0,0,1.0,1,1.0,1,1.0,1,0.1488389598026739,49
1324,3,2357,1064,1293,0,0,0,1.0,1,1.0,1,1.0,1,0.14172219793547203,50
1325,0,2357,1064,1293,0,0,0,1.0,1,1.0,1,1.0,1,0.1571795652061397,49
1326,2,2359,1066,1293,0,0,0,1.0,1,1.0,1,1.0,1,0.22029601178144176,50
1327,1,2360,1067,1293,0,0,0,1.0,1,1.0,1,1.0,1,0.2635933776373094,50
1328,1,2361,1067,1294,0,0,0,1.0,1,1.0,1,1.0,1,0.2938349677081695,49
1329,1,2362,1067,1295,0,0,0,1.0,1,1.0,1,1.0,1,0.2718410905929559,50
1330,0,2362,1067,1295,0,0,0,1.0,1,1.0,1,1.0,1,0.2718410905929559,50
1331,2,2364,1068,1296,0,0,0,1.0,1,1.0,1,1.0,1,0.2848000704195372,50
1332,2,2366,1069,1297,0,0,0,1.0,1,1.0,1,1.0,1,0.24993307048026703,51
1333,4,2370,1070,1300,0,0,0,1.0,1,1.0,1,1.0,1,0.27102011874759807,52
1334,5,2375,1070,1305,0,0,0,1.0,1,1.0,1,1.0,1,0.2342799572925665,54
1335,0,2375,1070,1305,0,0,0,1.0,1,1.0,1,1.0,1,0.2342799572925665,54
1336,4,2379,1070,1309,0,0,0,1.0,1,1.0,1,1.0,1,0.17063762962276352,56
1337,5,2384,1072,1312,0,0,0,1.0,1,1.0,1,1.0,1,0.1939055437727035,57
1338,2,2386,1073,1313,0,0,0,1.0,1,1.0,1,1.0,1,0.19300285040844153,57
1339,2,2388,1075,1313,0,0,0,1.0,1,1.0,1,1.0,1,0.23485300704188725,58
1340,1,2389,1075,1314,0,0,0,1.0,1,1.0,1,1.0,1,0.23602238046094526,59
1341,2,2391,1076,1315,0,0,0,1.0,1,1.0,1,1.0,1,0.1998995701950907,57
1342,3,2394,1079,1315,0,0,0,1.0,1,1.0,1,1.0,1,0.23054976816858416,57
1343,0,2394,1079,1315,0,0,0,1.0,1,1.0,1,1.0,1,0.23450091676502352,55
1344,3,2397,1082,1315,0,0,0,1.0,1,1.0,1,1.0,1,0.26431649254632156,54
1345,1,2398,1083,1315,0,0,0,1.0,1,1.0,1,1.0,1,0.25777505402466805,53
1346,2,2400,1084,1316,0,0,0,1.0,1,1.0,1,1.0,1,0.28291120711567214,53
1347,1,2401,1085,1316,0,0,0,1.0,1,1.0,1,1.0,1,0.273631010574737,51
1348,1,2402,1086,1316,0,0,0,1.0,1,1.0,1,1.0,1,0.286764709502402,52
1349,1,2403,1087,1316,0,0,0,1.0,1,1.0,1,1.0,1,0.28688604481856766,50
1350,1,2404,1088,1316,0,0,0,1.0,1,1.0,1,1.0,1,0.3037869367284362,51
1351,7,2411,1088,1323,0,0,0,1.0,1,1.0,1,1.0,1,0.1756893275970812,50
1352,2,2413,1089,1324,0,0,0,1.0,1,1.0,1,1.0,1,0.16975354792006048,50
1353,1,2414,1089,1325,0,0,0,1.0,1,1.0,1,1.0,1,0.1671707490120913,50
1354,1,2415,1089,1326,0,0,0,1.0,1,1.0,1,1.0,1,0.15888278458310878,51
1355,0,2415,1089,1326,0,0,0,1.0,1,1.0,1,1.0,1,0.16077604362004283,53
1356,1,2416,1090,1326,0,0,0,1.0,1,1.0,1,1.0,1,0.17626327870409933,52
1357,1,2417,1090,1327,0,0,0,1.0,1,1.0,1,1.0,1,0.1874645316072218,52
1358,3,2420,1091,1329,0,0,0,1.0,1,1.0,1,1.0,1,0.1747447975647631,53
1359,4,2424,1093,1331,0,0,0,1.0,1,1.0,1,1.0,1,0.23760705438540972,54
1360,3,2427,1094,1333,0,0,0,1.0,1,1.0,1,1.0,1,0.2460745285430145,55
1361,2,2429,1094,1335,0,0,0,1.0,1,1.0,1,1.0,1,0.226263322792438,55
1362,4,2433,1094,1339,0,0,0,1.0,1,1.0,1,1.0,1,0.20388909126061763,56
1363,2,2435,1094,1341,0,0,0,1.0,1,1.0,1,1.0,1,0.223302808220207,56
1364,2,2437,1094,1343,0,0,0,1.0,1,1.0,1,1.0,1,0.21433451913664178,55
1365,4,2441,1094,1347,0,0,0,1.0,1,1.0,1,1.0,1,0.1672761909849377,56
1366,2,2443,1094,1349,0,0,0,1.0,1,1.0,1,1.0,1,0.1572126321451742,57
1367,0,2443,1094,1349,0,0,0,1.0,1,1.0,1,1.0,1,0.1572126321451742,57
1368,2,2445,1095,1350,0,0,0,1.0,1,1.0,1,1.0,1,0.18365714626999935,58
1369,4,2449,1098,1351,0,0,0,1.0,1,1.0,1,1.0,1,0.17230453934270498,59
1370,1,2450,1099,1351,0,0,0,1.0,1,1.0,1,1.0,1,0.16174758417094728,60
1371,3,2453,1099,1354,0,0,0,1.0,1,1.0,1,1.0,1,0.1268699296962561,59
1372,1,2454,1100,1354,0,0,0,1.0,1,1.0,1,1.0,1,0.16178208587051843,59
1373,3,2457,1102,1355,0,0,0,1.0,1,1.0,1,1.0,1,0.14550300578685416,59
1374,1,2458,1103,1355,0,0,0,1.0,1,1.0,1,1.0,1,0.1387718029772435,59
1375,1,2459,1103,1356,0,0,0,1.0,1,1.0,1,1.0,1,0.15112341864424247,62
1376,1,2460,1104,1356,0,0,0,1.0,1,1.0,1,1.0,1,0.18051268115950692,61
1377,3,2463,1105,1358,0,0,0,1.0,1,1.0,1,1.0,1,0.20807158726984623,63
1378,4,2467,1108,1359,0,0,0,1.0,1,1.0,1,1.0,1,0.2532326066156992,62
1379,5,2472,1110,1362,0,0,0,1.0,1,1.0,1,1.0,1,0.29784050351849367,61
1380,4,2476,1110,1366,0,0,0,1.0,1,1.0,1,1.0,1,0.2983196305924036,60
1381,9,2485,1111,1374,0,0,0,1.0,1,1.0,1,1.0,1,0.22172700503268786,58
1382,3,2488,1112,1376,0,0,0,1.0,1,1.0,1,1.0,1,0.217010331472669,56
1383,2,2490,1112,1378,0,0,0,1.0,1,1.0,1,1.0,1,0.2130888035348679,57
1384,3,2493,1113,1380,0,0,0,1.0,1,1.0,1,1.0,1,0.19728308226616345,55
1385,2,2495,1114,1381,0,0,0,1.0,1,1.0,1,1.0,1,0.22278704956673376,55
1386,3,2498,1116,1382,0,0,0,1.0,1,1.0,1,1.0,1,0.22265830678600632,54
1387,1,2499,1117,1382,0,0,0,1.0,1,1.0,1,1.0,1,0.24246600204781663,53
1388,3,2502,1120,1382,0,0,0,1.0,1,1.0,1,1.0,1,0.2920097839675085,52
1389,1,2503,1121,1382,0,0,0,1.0,1,1.0,1,1.0,1,0.3217931965140538,52
1390,0,2503,1121,1382,0,0,0,1.0,1,1.0,1,1.0,1,0.32457619489599226,51
1391,0,2503,1121,1382,0,0,0,1.0,1,1.0,1,1.0,1,0.3352385994768646,52
1392,1,2504,1122,1382,0,0,0,1.0,1,1.0,1,1.0,1,0.3348490553962779,51
1393,3,2507,1123,1384,0,0,0,1.0,1,1.0,1,1.0,1,0.31430273463938097,51
1394,3,2510,1123,1387,0,0,0,1.0,1,1.0,1,1.0,1,0.27982919704809855,52
1395,0,2510,1123,1387,0,0,0,1.0,1,1.0,1,1.0,1,0.27982919704809855,52
1396,6,2516,1124,1392,0,0,0,1.0,1,1.0,1,1.0,1,0.15916702513646133,53
1397,2,2518,1124,1394,0,0,0,1.0,1,1.0,1,1.0,1,0.14853880534236316,56
1398,3,2521,1125,1396,0,0,0,1.0,1,1.0,1,1.0,1,0.1533618492391212,56
1399,3,2524,1125,1399,0,0,0,1.0,1,1.0,1,1.0,1,0.1331107676355229,57
1400,4,2528,1126,1402,0,0,0,1.0,1,1.0,1,1.0,1,0.13535428940947414,57
1401,3,2531,1126,1405,0,0,0,1.0,1,1.0,1,1.0,1,0.13386622812582263,57
1402,6,2537,1129,1408,0,0,0,1.0,1,1.0,1,1.0,1,0.17550061155269212,57
1403,2,2539,1129,1410,0,0,0,1.0,1,1.0,1,1.0,1,0.18863322542655406,56
1404,3,2542,1130,1412,0,0,0,1.0,1,1.0,1,1.0,1,0.17700653136901023,58
1405,4,2546,1131,1415,0,0,0,1.0,1,1.0,1,1.0,1,0.2380612771007214,58
1406,4,2550,1131,1419,0,0,0,1.0,1,1.0,1,1.0,1,0.2282020741514415,58
1407,2,2552,1131,1421,0,0,0,1.0,1,1.0,1,1.0,1,0.25417374216826333,57
1408,4,2556,1131,1425,0,0,0,1.0,1,1.0,1,1.0,1,0.2656932801397128,58
1409,2,2558,1131,1427,0,0,0,1.0,1,1.0,1,1.0,1,0.25857288206849627,57
1410,3,2561,1131,1430,0,0,0,1.0,1,1.0,1,1.0,1,0.2475064381096283,57
1411,2,2563,1131,1432,0,0,0,1.0,1,1.0,1,1.0,1,0.24763675961689474,56
1412,0,2563,1131,1432,0,0,0,1.0,1,1.0,1,1.0,1,0.2597446195735912,55
1413,2,2565,1131,1434,0,0,0,1.0,1,1.0,1,1.0,1,0.2446521682603638,57
1414,1,2566,1131,1435,0,0,0,1.0,1,1.0,1,1.0,1,0.2243183518791116,57
1415,0,2566,1131,1435,0,0,0,1.0,1,1.0,1,1.0,1,0.22074089526016918,60
1416,3,2569,1132,1437,0,0,0,1.0,1,1.0,1,1.0,1,0.1828694535612215,61
1417,0,2569,1132,1437,0,0,0,1.0,1,1.0,1,1.0,1,0.17490149929069262,59
1418,1,2570,1132,1438,0,0,0,1.0,1,1.0,1,1.0,1,0.17984511292747368,60
1419,0,2570,1132,1438,0,0,0,1.0,1,1.0,1,1.0,1,0.16397129510745515,59
1420,1,2571,1132,1439,0,0,0,1.0,1,1.0,1,1.0,1,0.16612721661443708,58
1421,0,2571,1132,1439,0,0,0,1.0,1,1.0,1,1.0,1,0.15052974129286986,57
1422,1,2572,1133,1439,0,0,0,1.0,1,1.0,1,1.0,1,0.15922145718839098,57
1423,2,2574,1134,1440,0,0,0,1.0,1,1.0,1,1.0,1,0.17819559765520204,56
1424,1,2575,1135,1440,0,0,0,1.0,1,1.0,1,1.0,1,0.20312053034294011,57
1425,3,2578,1138,1440,0,0,0,1.0,1,1.0,1,1.0,1,0.24922754573279535,54
1426,7,2585,1140,1445,0,0,0,1.0,1,1.0,1,1.0,1,0.20403271292548295,54
1427,4,2589,1142,1447,0,0,0,1.0,1,1.0,1,1.0,1,0.23179433951849956,53
1428,0,2589,1142,1447,0,0,0,1.0,1,1.0,1,1.0,1,0.22526084875483715,52
1429,1,2590,1142,1448,0,0,0,1.0,1,1.0,1,1.0,1,0.2104649138570807,52
1430,2,2592,1144,1448,0,0,0,1.0,1,1.0,1,1.0,1,0.22601520297436128,51
1431,1,2593,1144,1449,0,0,0,1.0,1,1.0,1,1.0,1,0.21233169389596476,51
1432,4,2597,1147,1450,0,0,0,1.0,1,1.0,1,1.0,1,0.22622759021241434,52
1433,2,2599,1149,1450,0,0,0,1.0,1,1.0,1,1.0,1,0.2354637957960024,52
1434,4,2603,1152,1451,0,0,0,1.0,1,1.0,1,1.0,1,0.24585894893118324,52
1435,2,2605,1154,1451,0,0,0,1.0,1,1.0,1,1.0,1,0.27450396519847364,50
1436,3,2608,1156,1452,0,0,0,1.0,1,1.0,1,1.0,1,0.2953712350733295,50
1437,1,2609,1157,1452,0,0,0,1.0,1,1.0,1,1.0,1,0.32623325871176917,49
1438,2,2611,1158,1453,0,0,0,1.0,1,1.0,1,1.0,1,0.3409037994750523,49
1439,2,2613,1160,1453,0,0,0,1.0,1,1.0,1,1.0,1,0.3643261076936393,50
1440,6,2619,1163,1456,0,0,0,1.0,1,1.0,1,1.0,1,0.32512845555496034,50
1441,6,2625,1163,1462,0,0,0,1.0,1,1.0,1,1.0,1,0.24543309074706351,51
1442,1,2626,1163,1463,0,0,0,1.0,1,1.0,1,1.0,1,0.23537743749517914,50
1443,2,2628,1163,1465,0,0,0,1.0,1,1.0,1,1.0,1,0.21292170786720538,51
1444,1,2629,1163,1466,0,0,0,1.0,1,1.0,1,1.0,1,0.22356700458661743,51
1445,3,2632,1164,1468,0,0,0,1.0,1,1.0,1,1.0,1,0.2106692636352065,51
1446,1,2633,1164,1469,0,0,0,1.0,1,1.0,1,1.0,1,0.22662085458382333,51
1447,1,2634,1164,1470,0,0,0,1.0,1,1.0,1,1.0,1,0.2107335211412015,51
1448,2,2636,1164,1472,0,0,0,1.0,1,1.0,1,1.0,1,0.2107335211412015,51
1449,1,2637,1164,1473,0,0,0,1.0,1,1.0,1,1.0,1,0.22662085458382333,51
1450,2,2639,1164,1475,0,0,0,1.0,1,1.0,1,1.0,1,0.21509374105803708,52
1451,3,2642,1165,1477,0,0,0,1.0,1,1.0,1,1.0,1,0.1906491080084734,54
1452,4,2646,1165,1481,0,0,0,1.0,1,1.0,1,1.0,1,0.19687609815069176,56
1453,3,2649,1166,1483,0,0,0,1.0,1,1.0,1,1.0,1,0.193986868381843,56
1454,3,2652,1166,1486,0,0,0,1.0,1,1.0,1,1.0,1,0.20272082098492056,58
1455,5,2657,1167,1490,0,0,0,1.0,1,1.0,1,1.0,1,0.2171747899337785,55
1456,3,2660,1168,1492,0,0,0,1.0,1,1.0,1,1.0,1,0.21369444818443475,56
1457,1,2661,1169,1492,0,0,0,1.0,1,1.0,1,1.0,1,0.2601433533528911,54
1458,3,2664,1170,1494,0,0,0,1.0,1,1.0,1,1.0,1,0.24618668691843643,52
1459,1,2665,1171,1494,0,0,0,1.0,1,1.0,1,1.0,1,0.24291493768675168,52
1460,1,2666,1172,1494,0,0,0,1.0,1,1.0,1,1.0,1,0.22551941449966695,50
1461,3,2669,1175,1494,0,0,0,1.0,1,1.0,1,1.0,1,0.2335621435086347,53
1462,4,2673,1179,1494,0,0,0,1.0,1,1.0,1,1.0,1,0.23305202490742552,51
1463,2,2675,1181,1494,0,0,0,1.0,1,1.0,1,1.0,1,0.270669829586895,51
1464,2,2677,1183,1494,0,0,0,1.0,1,1.0,1,1.0,1,0.2873060809538747,51
1465,1,2678,1183,1495,0,0,0,1.0,1,1.0,1,1.0,1,0.2995896075952147,49
1466,5,2683,1186,1497,0,0,0,1.0,1,1.0,1,1.0,1,0.2932826120338061,49
1467,2,2685,1188,1497,0,0,0,1.0,1,1.0,1,1.0,1,0.3425520411329759,47
1468,4,2689,1189,1500,0,0,0,1.0,1,1.0,1,1.0,1,0.3300800247140567,48
1469,5,2694,1191,1503,0,0,0,1.0,1,1.0,1,1.0,1,0.3360039439097944,47
1470,2,2696,1191,1505,0,0,0,1.0,1,1.0,1,1.0,1,0.32867329995580447,49
1471,7,2703,1191,1512,0,0,0,1.0,1,1.0,1,1.0,1,0.20760309918209857,48
1472,1,2704,1191,1513,0,0,0,1.0,1,1.0,1,1.0,1,0.18710469792681583,48
1473,0,2704,1191,1513,0,0,0,1.0,1,1.0,1,1.0,1,0.19823098599343222,49
1474,0,2704,1191,1513,0,0,0,1.0,1,1.0,1,1.0,1,0.19823098599343222,49
1475,3,2707,1191,1516,0,0,0,1.0,1,1.0,1,1.0,1,0.17378341634075542,49
1476,1,2708,1192,1516,0,0,0,1.0,1,1.0,1,1.0,1,0.18773499745528283,51
1477,0,2708,1192,1516,0,0,0,1.0,1,1.0,1,1.0,1,0.18773499745528283,51
1478,1,2709,1192,1517,0,0,0,1.0,1,1.0,1,1.0,1,0.15464374022725816,52
1479,1,2710,1192,1518,0,0,0,1.0,1,1.0,1,1.0,1,0.17651905472731025,53
1480,0,2710,1192,1518,0,0,0,1.0,1,1.0,1,1.0,1,0.17651905472731025,53
1481,0,2710,1192,1518,0,0,0,1.0,1,1.0,1,1.0,1,0.17651905472731025,53
1482,1,2711,1193,1518,0,0,0,1.0,1,1.0,1,1.0,1,0.21214058420649803,52
1483,2,2713,1193,1520,0,0,0,1.0,1,1.0,1,1.0,1,0.21214058420649803,52
1484,3,2716,1193,1523,0,0,0,1.0,1,1.0,1,1.0,1,0.22783422444251938,53
1485,2,2718,1193,1525,0,0,0,1.0,1,1.0,1,1.0,1,0.19913150749876143,53
1486,6,2724,1193,1531,0,0,0,1.0,1,1.0,1,1.0,1,0.17085243763747385,54
1487,0,2724,1193,1531,0,0,0,1.0,1,1.0,1,1.0,1,0.18049933778928656,55
1488,0,2724,1193,1531,0,0,0,1.0,1,1.0,1,1.0,1,0.18922153068282593,57
1489,3,2727,1196,1531,0,0,0,1.0,1,1.0,1,1.0,1,0.19020267365055304,58
1490,0,2727,1196,1531,0,0,0,1.0,1,1.0,1,1.0,1,0.19020267365055304,58
1491,2,2729,1198,1531,0,0,0,1.0,1,1.0,1,1.0,1,0.19049068858993412,59
1492,1,2730,1199,1531,0,0,0,1.0,1,1.0,1,1.0,1,0.22251748024379275,59
1493,4,2734,1200,1534,0,0,0,1.0,1,1.0,1,1.0,1,0.18099469103619434,58
1494,1,2735,1201,1534,0,0,0,1.0,1,1.0,1,1.0,1,0.20808850304147838,58
1495,2,2737,1202,1535,0,0,0,1.0,1,1.0,1,1.0,1,0.21467899152312278,57
1496,0,2737,1202,1535,0,0,0,1.0,1,1.0,1,1.0,1,0.203275231259299,59
1497,1,2738,1203,1535,0,0,0,1.0,1,1.0,1,1.0,1,0.23562085437842709,58
1498,2,2740,1205,1535,0,0,0,1.0,1,1.0,1,1.0,1,0.2517746710917113,58
1499,1,2741,1205,1536,0,0,0,1.0,1,1.0,1,1.0,1,0.2216433183408105,56
1500,2,2743,1207,1536,0,0,0,1.0,1,1.0,1,1.0,1,0.21923802091106798,57
1501,3,2746,1209,1537,0,0,0,1.0,1,1.0,1,1.0,1,0.20264273525820417,55
1502,2,2748,1211,1537,0,0,0,1.0,1,1.0,1,1.0,1,0.22648987822793912,55
1503,3,2751,1212,1539,0,0,0,1.0,1,1.0,1,1.0,1,0.20260248796248156,54
1504,2,2753,1213,1540,0,0,0,1.0,1,1.0,1,1.0,1,0.18863839674968477,55
1505,2,2755,1215,1540,0,0,0,1.0,1,1.0,1,1.0,1,0.1745116327078868,53
1506,1,2756,1215,1541,0,0,0,1.0,1,1.0,1,1.0,1,0.1643452267084912,55
1507,1,2757,1216,1541,0,0,0,1.0,1,1.0,1,1.0,1,0.18152316016531306,53
1508,2,2759,1218,1541,0,0,0,1.0,1,1.0,1,1.0,1,0.228824376817858,53
1509,2,2761,1219,1542,0,0,0,1.0,1,1.0,1,1.0,1,0.22906150737513403,52
1510,1,2762,1220,1542,0,0,0,1.0,1,1.0,1,1.0,1,0.2364818913510403,50
1511,0,2762,1220,1542,0,0,0,1.0,1,1.0,1,1.0,1,0.2307200548254118,49
1512,3,2765,1223,1542,0,0,0,1.0,1,1.0,1,1.0,1,0.2771490336443329,48
1513,1,2766,1224,1542,0,0,0,1.0,1,1.0,1,1.0,1,0.33368648012352226,47
1514,1,2767,1225,1542,0,0,0,1.0,1,1.0,1,1.0,1,0.3207596612137832,48
1515,0,2767,1225,1542,0,0,0,1.0,1,1.0,1,1.0,1,0.3207596612137832,48
1516,9,2776,1226,1550,0,0,0,1.0,1,1.0,1,1.0,1,0.13793769347693227,47
1517,3,2779,1226,1553,0,0,0,1.0,1,1.0,1,1.0,1,0.1712472829330416,48
1518,1,2780,1226,1554,0,0,0,1.0,1,1.0,1,1.0,1,0.14784497219472295,48
1519,1,2781,1226,1555,0,0,0,1.0,1,1.0,1,1.0,1,0.1868186304891179,47
1520,5,2786,1229,1557,0,0,0,1.0,1,1.0,1,1.0,1,0.22854973110736063,48
1521,4,2790,1229,1561,0,0,0,1.0,1,1.0,1,1.0,1,0.212723207615893,49
1522,3,2793,1230,1563,0,0,0,1.0,1,1.0,1,1.0,1,0.2221276588954137,48
1523,3,2796,1230,1566,0,0,0,1.0,1,1.0,1,1.0,1,0.24513950046581395,49
1524,1,2797,1230,1567,0,0,0,1.0,1,1.0,1,1.0,1,0.22631047645756888,49
1525,4,2801,1230,1571,0,0,0,1.0,1,1.0,1,1.0,1,0.2200097989506008,51
1526,4,2805,1230,1575,0,0,0,1.0,1,1.0,1,1.0,1,0.1993911546595074,52
1527,3,2808,1231,1577,0,0,0,1.0,1,1.0,1,1.0,1,0.20835375512492166,54
1528,5,2813,1232,1581,0,0,0,1.0,1,1.0,1,1.0,1,0.22595927379079084,54
1529,2,2815,1232,1583,0,0,0,1.0,1,1.0,1,1.0,1,0.25014835920496065,54
1530,3,2818,1232,1586,0,0,0,1.0,1,1.0,1,1.0,1,0.24782561919805476,54
1531,4,2822,1232,1590,0,0,0,1.0,1,1.0,1,1.0,1,0.21269312371670296,54
1532,2,2824,1233,1591,0,0,0,1.0,1,1.0,1,1.0,1,0.21275599544313045,54
1533,1,2825,1233,1592,0,0,0,1.0,1,1.0,1,1.0,1,0.18739084431588815,54
1534,0,2825,1233,1592,0,0,0,1.0,1,1.0,1,1.0,1,0.18739084431588815,54
1535,0,2825,1233,1592,0,0,0,1.0,1,1.0,1,1.0,1,0.18739084431588815,54
1536,1,2826,1233,1593,0,0,0,1.0,1,1.0,1,1.0,1,0.175493508633984,55
1537,0,2826,1233,1593,0,0,0,1.0,1,1.0,1,1.0,1,0.20158324326147348,53
1538,0,2826,1233,1593,0,0,0,1.0,1,1.0,1,1.0,1,0.21306360779137976,54
1539,0,2826,1233,1593,0,0,0,1.0,1,1.0,1,1.0,1,0.23946284094605408,54
1540,1,2827,1234,1593,0,0,0,1.0,1,1.0,1,1.0,1,0.24730406246501888,54
1541,0,2827,1234,1593,0,0,0,1.0,1,1.0,1,1.0,1,0.24813354050660202,54
1542,10,2837,1236,1601,0,0,0,1.0,1,1.0,1,1.0,1,0.1978955998558732,57
1543,2,2839,1238,1601,0,0,0,1.0,1,1.0,1,1.0,1,0.21873681089915958,55
1544,2,2841,1240,1601,0,0,0,1.0,1,1.0,1,1.0,1,0.2504185113864271,54
1545,2,2843,1241,1602,0,0,0,1.0,1,1.0,1,1.0,1,0.22941284107674648,54
1546,7,2850,1243,1607,0,0,0,1.0,1,1.0,1,1.0,1,0.17044371431689842,53
1547,5,2855,1246,1609,0,0,0,1.0,1,1.0,1,1.0,1,0.18055452753513682,53
1548,4,2859,1247,1612,0,0,0,1.0,1,1.0,1,1.0,1,0.16230947061395495,54
1549,1,2860,1247,1613,0,0,0,1.0,1,1.0,1,1.0,1,0.13752185063005834,52
1550,3,2863,1249,1614,0,0,0,1.0,1,1.0,1,1.0,1,0.16361293295533888,52
1551,3,2866,1251,1615,0,0,0,1.0,1,1.0,1,1.0,1,0.1477505048261204,52
1552,4,2870,1254,1616,0,0,0,1.0,1,1.0,1,1.0,1,0.18896460230926124,51
1553,3,2873,1257,1616,0,0,0,1.0,1,1.0,1,1.0,1,0.21287648368699516,51
1554,8,2881,1263,1618,0,0,0,1.0,1,1.0,1,1.0,1,0.23419453935134935,51
1555,4,2885,1265,1620,0,0,0,1.0,1,1.0,1,1.0,1,0.23408040609562747,50
1556,4,2889,1267,1622,0,0,0,1.0,1,1.0,1,1.0,1,0.2240193922769628,51
1557,1,2890,1268,1622,0,0,0,1.0,1,1.0,1,1.0,1,0.25279545020486355,51
1558,1,2891,1269,1622,0,0,0,1.0,1,1.0,1,1.0,1,0.2448720686338754,52
1559,4,2895,1272,1623,0,0,0,1.0,1,1.0,1,1.0,1,0.2548198088535174,53
1560,3,2898,1274,1624,0,0,0,1.0,1,1.0,1,1.0,1,0.27419771330615933,51
1561,6,2904,1274,1630,0,0,0,1.0,1,1.0,1,1.0,1,0.17250613797065792,51
1562,0,2904,1274,1630,0,0,0,1.0,1,1.0,1,1.0,1,0.18162492434100203,52
1563,0,2904,1274,1630,0,0,0,1.0,1,1.0,1,1.0,1,0.18162492434100203,52
1564,0,2904,1274,1630,0,0,0,1.0,1,1.0,1,1.0,1,0.18758239369342225,51
1565,4,2908,1275,1633,0,0,0,1.0,1,1.0,1,1.0,1,0.17011766186403676,53
1566,0,2908,1275,1633,0,0,0,1.0,1,1.0,1,1.0,1,0.18862188000776484,53
1567,1,2909,1275,1634,0,0,0,1.0,1,1.0,1,1.0,1,0.21140195902055445,52
1568,1,2910,1276,1634,0,0,0,1.0,1,1.0,1,1.0,1,0.23832063884358967,52
1569,4,2914,1278,1636,0,0,0,1.0,1,1.0,1,1.0,1,0.2304030646336168,49
1570,2,2916,1278,1638,0,0,0,1.0,1,1.0,1,1.0,1,0.2198532396984689,48
1571,3,2919,1280,1639,0,0,0,1.0,1,1.0,1,1.0,1,0.23185054361055135,46
1572,1,2920,1281,1639,0,0,0,1.0,1,1.0,1,1.0,1,0.2297415588696366,47
1573,2,2922,1282,1640,0,0,0,1.0,1,1.0,1,1.0,1,0.2636985139554745,48
1574,4,2926,1284,1642,0,0,0,1.0,1,1.0,1,1.0,1,0.22895507859798306,46
1575,3,2929,1285,1644,0,0,0,1.0,1,1.0,1,1.0,1,0.23519802672127338,47
1576,3,2932,1286,1646,0,0,0,1.0,1,1.0,1,1.0,1,0.18444586090333717,46
1577,0,2932,1286,1646,0,0,0,1.0,1,1.0,1,1.0,1,0.18356454463209518,45
1578,0,2932,1286,1646,0,0,0,1.0,1,1.0,1,1.0,1,0.18774048409057537,44
1579,1,2933,1286,1647,0,0,0,1.0,1,1.0,1,1.0,1,0.17750892145145977,43
1580,0,2933,1286,1647,0,0,0,1.0,1,1.0,1,1.0,1,0.17750892145145977,43
1581,0,2933,1286,1647,0,0,0,1.0,1,1.0,1,1.0,1,0.2096373325164782,42
1582,1,2934,1287,1647,0,0,0,1.0,1,1.0,1,1.0,1,0.20414222694984505,42
1583,2,2936,1289,1647,0,0,0,1.0,1,1.0,1,1.0,1,0.2374496715275817,43
1584,4,2940,1291,1649,0,0,0,1.0,1,1.0,1,1.0,1,0.21344386492183337,41
1585,2,2942,1293,1649,0,0,0,1.0,1,1.0,1,1.0,1,0.22559830406866513,43
1586,1,2943,1294,1649,0,0,0,1.0,1,1.0,1,1.0,1,0.22849586068794359,42
1587,1,2944,1295,1649,0,0,0,1.0,1,1.0,1,1.0,1,0.26026844144463196,42
1588,2,2946,1296,1650,0,0,0,1.0,1,1.0,1,1.0,1,0.2589054645972292,42
1589,1,2947,1296,1651,0,0,0,1.0,1,1.0,1,1.0,1,0.20539541293251637,42
1590,0,2947,1296,1651,0,0,0,1.0,1,1.0,1,1.0,1,0.2236404628411944,41
1591,2,2949,1297,1652,0,0,0,1.0,1,1.0,1,1.0,1,0.21431286338763653,40
1592,1,2950,1298,1652,0,0,0,1.0,1,1.0,1,1.0,1,0.28057452673165123,39
1593,2,2952,1300,1652,0,0,0,1.0,1,1.0,1,1.0,1,0.318142328980602,39
1594,0,2952,1300,1652,0,0,0,1.0,1,1.0,1,1.0,1,0.31449554002022834,39
1595,2,2954,1301,1653,0,0,0,1.0,1,1.0,1,1.0,1,0.32912879762440905,42
1596,0,2954,1301,1653,0,0,0,1.0,1,1.0,1,1.0,1,0.3377310884001557,41
1597,0,2954,1301,1653,0,0,0,1.0,1,1.0,1,1.0,1,0.3377310884001557,41
1598,1,2955,1301,1654,0,0,0,1.0,1,1.0,1,1.0,1,0.3411489396910364,39
1599,4,2959,1303,1656,0,0,0,1.0,1,1.0,1,1.0,1,0.2928392642152142,39
1600,1,2960,1303,1657,0,0,0,1.0,1,1.0,1,1.0,1,0.27430444822217254,40
1601,5,2965,1305,1660,0,0,0,1.0,1,1.0,1,1.0,1,0.30587072984184877,41
1602,0,2965,1305,1660,0,0,0,1.0,1,1.0,1,1.0,1,0.2813708717233159,41
1603,4,2969,1306,1663,0,0,0,1.0,1,1.0,1,1.0,1,0.31726359886454114,43
1604,3,2972,1307,1665,0,0,0,1.0,1,1.0,1,1.0,1,0.30559392439863237,43
1605,2,2974,1308,1666,0,0,0,1.0,1,1.0,1,1.0,1,0.32285033848796696,44
1606,3,2977,1309,1668,0,0,0,1.0,1,1.0,1,1.0,1,0.2994556008869503,44
1607,4,2981,1310,1671,0,0,0,1.0,1,1.0,1,1.0,1,0.2608458752670476,42
1608,4,2985,1313,1672,0,0,0,1.0,1,1.0,1,1.0,1,0.2744961768410507,41
1609,1,2986,1313,1673,0,0,0,1.0,1,1.0,1,1.0,1,0.21584284539206217,39
1610,2,2988,1314,1674,0,0,0,1.0,1,1.0,1,1.0,1,0.18607844619117894,39
1611,0,2988,1314,1674,0,0,0,1.0,1,1.0,1,1.0,1,0.1852229634888991,40
1612,0,2988,1314,1674,0,0,0,1.0,1,1.0,1,1.0,1,0.16440861778516144,39
1613,1,2989,1314,1675,0,0,0,1.0,1,1.0,1,1.0,1,0.18873849247073468,41
1614,1,2990,1315,1675,0,0,0,1.0,1,1.0,1,1.0,1,0.16578511232181514,41
1615,0,2990,1315,1675,0,0,0,1.0,1,1.0,1,1.0,1,0.16578511232181514,41
1616,1,2991,1316,1675,0,0,0,1.0,1,1.0,1,1.0,1,0.21420303815671524,43
1617,3,2994,1318,1676,0,0,0,1.0,1,1.0,1,1.0,1,0.24497142151429754,44
1618,4,2998,1319,1679,0,0,0,1.0,1,1.0,1,1.0,1,0.2712528477535545,44
1619,3,3001,1320,1681,0,0,0,1.0,1,1.0,1,1.0,1,0.31220361347045833,44
1620,7,3008,1322,1686,0,0,0,1.0,1,1.0,1,1.0,1,0.31924925584219943,45
1621,1,3009,1322,1687,0,0,0,1.0,1,1.0,1,1.0,1,0.33777223387125255,44
1622,2,3011,1323,1688,0,0,0,1.0,1,1.0,1,1.0,1,0.3428761365482573,44
1623,2,3013,1323,1690,0,0,0,1.0,1,1.0,1,1.0,1,0.33638506408892654,43
1624,0,3013,1323,1690,0,0,0,1.0,1,1.0,1,1.0,1,0.32042972235288114,43
1625,0,3013,1323,1690,0,0,0,1.0,1,1.0,1,1.0,1,0.32042972235288114,43
1626,3,3016,1324,1692,0,0,0,1.0,1,1.0,1,1.0,1,0.29275265612128865,42
1627,1,3017,1324,1693,0,0,0,1.0,1,1.0,1,1.0,1,0.26931192556575384,42
1628,3,3020,1326,1694,0,0,0,1.0,1,1.0,1,1.0,1,0.29791105870190576,42
1629,1,3021,1326,1695,0,0,0,1.0,1,1.0,1,1.0,1,0.26352195757457597,41
1630,3,3024,1329,1695,0,0,0,1.0,1,1.0,1,1.0,1,0.33544358094592225,41
1631,1,3025,1330,1695,0,0,0,1.0,1,1.0,1,1.0,1,0.3603066801137917,40
1632,1,3026,1330,1696,0,0,0,1.0,1,1.0,1,1.0,1,0.3276394989373918,39
1633,0,3026,1330,1696,0,0,0,1.0,1,1.0,1,1.0,1,0.3276394989373918,39
1634,1,3027,1330,1697,0,0,0,1.0,1,1.0,1,1.0,1,0.31404780560767825,39
1635,1,3028,1330,1698,0,0,0,1.0,1,1.0,1,1.0,1,0.3067743970574575,40
1636,8,3036,1331,1705,0,0,0,1.0,1,1.0,1,1.0,1,0.18947831003925686,41
1637,0,3036,1331,1705,0,0,0,1.0,1,1.0,1,1.0,1,0.21747488733224668,41
1638,2,3038,1332,1706,0,0,0,1.0,1,1.0,1,1.0,1,0.23419863344280142,42
1639,1,3039,1332,1707,0,0,0,1.0,1,1.0,1,1.0,1,0.24022626604243733,43
1640,1,3040,1332,1708,0,0,0,1.0,1,1.0,1,1.0,1,0.23926406945268774,43
1641,4,3044,1332,1712,0,0,0,1.0,1,1.0,1,1.0,1,0.24353406023317095,44
1642,7,3051,1334,1717,0,0,0,1.0,1,1.0,1,1.0,1,0.2563171437698678,45
1643,5,3056,1336,1720,0,0,0,1.0,1,1.0,1,1.0,1,0.24777144303601323,44
1644,2,3058,1337,1721,0,0,0,1.0,1,1.0,1,1.0,1,0.28308748923816657,45
1645,2,3060,1337,1723,0,0,0,1.0,1,1.0,1,1.0,1,0.258806035455282,44
1646,0,3060,1337,1723,0,0,0,1.0,1,1.0,1,1.0,1,0.2551738283649636,43
1647,2,3062,1338,1724,0,0,0,1.0,1,1.0,1,1.0,1,0.23655437866027226,43
1648,2,3064,1338,1726,0,0,0,1.0,1,1.0,1,1.0,1,0.2671378453138529,42
1649,0,3064,1338,1726,0,0,0,1.0,1,1.0,1,1.0,1,0.2920074812447288,41
1650,0,3064,1338,1726,0,0,0,1.0,1,1.0,1,1.0,1,0.2920074812447288,41
1651,4,3068,1340,1728,0,0,0,1.0,1,1.0,1,1.0,1,0.23410103218504782,40
1652,0,3068,1340,1728,0,0,0,1.0,1,1.0,1,1.0,1,0.2433297302934123,39
1653,0,3068,1340,1728,0,0,0,1.0,1,1.0,1,1.0,1,0.2833119345277125,39
1654,0,3068,1340,1728,0,0,0,1.0,1,1.0,1,1.0,1,0.2833119345277125,39
1655,3,3071,1342,1729,0,0,0,1.0,1,1.0,1,1.0,1,0.30365524639711494,40
1656,2,3073,1342,1731,0,0,0,1.0,1,1.0,1,1.0,1,0.2763511226051548,40
1657,0,3073,1342,1731,0,0,0,1.0,1,1.0,1,1.0,1,0.2763511226051548,40
1658,0,3073,1342,1731,0,0,0,1.0,1,1.0,1,1.0,1,0.2763511226051548,40
1659,4,3077,1346,1731,0,0,0,1.0,1,1.0,1,1.0,1,0.32674886649265017,40
1660,3,3080,1346,1734,0,0,0,1.0,1,1.0,1,1.0,1,0.2643513804136115,41
1661,3,3083,1347,1736,0,0,0,1.0,1,1.0,1,1.0,1,0.2875182986143466,42
1662,3,3086,1348,1738,0,0,0,1.0,1,1.0,1,1.0,1,0.2642895489012392,44
1663,2,3088,1349,1739,0,0,0,1.0,1,1.0,1,1.0,1,0.2444526420543758,43
1664,6,3094,1353,1741,0,0,0,1.0,1,1.0,1,1.0,1,0.2999695839505106,42
1665,2,3096,1354,1742,0,0,0,1.0,1,1.0,1,1.0,1,0.2756374191345068,42
1666,5,3101,1357,1744,0,0,0,1.0,1,1.0,1,1.0,1,0.27448202664742644,43
1667,3,3104,1360,1744,0,0,0,1.0,1,1.0,1,1.0,1,0.3222966677241523,40
1668,2,3106,1361,1745,0,0,0,1.0,1,1.0,1,1.0,1,0.29611180221284666,40
1669,1,3107,1362,1745,0,0,0,1.0,1,1.0,1,1.0,1,0.2622993130885927,40
1670,2,3109,1363,1746,0,0,0,1.0,1,1.0,1,1.0,1,0.23540254343617445,39
1671,2,3111,1364,1747,0,0,0,1.0,1,1.0,1,1.0,1,0.20535543433429868,39
1672,3,3114,1366,1748,0,0,0,1.0,1,1.0,1,1.0,1,0.19627410855114177,38
1673,0,3114,1366,1748,0,0,0,1.0,1,1.0,1,1.0,1,0.19627410855114177,38
1674,1,3115,1367,1748,0,0,0,1.0,1,1.0,1,1.0,1,0.19965588564809114,38
1675,1,3116,1368,1748,0,0,0,1.0,1,1.0,1,1.0,1,0.2328036574578638,39
1676,3,3119,1368,1751,0,0,0,1.0,1,1.0,1,1.0,1,0.16569078423744826,39
1677,0,3119,1368,1751,0,0,0,1.0,1,1.0,1,1.0,1,0.17599196813868476,40
1678,0,3119,1368,1751,0,0,0,1.0,1,1.0,1,1.0,1,0.16323508567469358,39
1679,0,3119,1368,1751,0,0,0,1.0,1,1.0,1,1.0,1,0.16323508567469358,39
1680,2,3121,1369,1752,0,0,0,1.0,1,1.0,1,1.0,1,0.1760821765846956,40
1681,1,3122,1369,1753,0,0,0,1.0,1,1.0,1,1.0,1,0.15983183079754193,41
1682,0,3122,1369,1753,0,0,0,1.0,1,1.0,1,1.0,1,0.1808775152777525,40
1683,4,3126,1371,1755,0,0,0,1.0,1,1.0,1,1.0,1,0.16986124541949035,43
1684,3,3129,1374,1755,0,0,0,1.0,1,1.0,1,1.0,1,0.21049149497710043,42
1685,1,3130,1375,1755,0,0,0,1.0,1,1.0,1,1.0,1,0.19623553145551906,41
1686,0,3130,1375,1755,0,0,0,1.0,1,1.0,1,1.0,1,0.16319119298887114,39
1687,5,3135,1379,1756,0,0,0,1.0,1,1.0,1,1.0,1,0.23668346264550294,41
1688,4,3139,1382,1757,0,0,0,1.0,1,1.0,1,1.0,1,0.28852713092452587,39
1689,2,3141,1384,1757,0,0,0,1.0,1,1.0,1,1.0,1,0.32796008232181434,37
1690,1,3142,1384,1758,0,0,0,1.0,1,1.0,1,1.0,1,0.34726733778310775,36
1691,2,3144,1386,1758,0,0,0,1.0,1,1.0,1,1.0,1,0.37249508303107914,36
1692,1,3145,1386,1759,0,0,0,1.0,1,1.0,1,1.0,1,0.3712897705222582,34
1693,1,3146,1387,1759,0,0,0,1.0,1,1.0,1,1.0,1,0.34877837587354393,33
1694,0,3146,1387,1759,0,0,0,1.0,1,1.0,1,1.0,1,0.3329841794606714,32
1695,0,3146,1387,1759,0,0,0,1.0,1,1.0,1,1.0,1,0.33292906790522003,32
1696,5,3151,1388,1763,0,0,0,1.0,1,1.0,1,1.0,1,0.23892770097647198,34
1697,2,3153,1389,1764,0,0,0,1.0,1,1.0,1,1.0,1,0.25412366389150876,34
1698,2,3155,1391,1764,0,0,0,1.0,1,1.0,1,1.0,1,0.2829214169421015,36
1699,3,3158,1394,1764,0,0,0,1.0,1,1.0,1,1.0,1,0.34537379092343473,36
1700,1,3159,1394,1765,0,0,0,1.0,1,1.0,1,1.0,1,0.34372404689082714,37
1701,4,3163,1395,1768,0,0,0,1.0,1,1.0,1,1.0,1,0.3269722298058384,39
1702,1,3164,1396,1768,0,0,0,1.0,1,1.0,1,1.0,1,0.34558887201040533,39
1703,1,3165,1396,1769,0,0,0,1.0,1,1.0,1,1.0,1,0.31432598175500265,38
1704,5,3170,1399,1771,0,0,0,1.0,1,1.0,1,1.0,1,0.30561267892871424,38
1705,1,3171,1399,1772,0,0,0,1.0,1,1.0,1,1.0,1,0.27363144714189325,37
1706,2,3173,1401,1772,0,0,0,1.0,1,1.0,1,1.0,1,0.3023127505749147,37
1707,3,3176,1403,1773,0,0,0,1.0,1,1.0,1,1.0,1,0.2905084246224834,36
1708,1,3177,1403,1774,0,0,0,1.0,1,1.0,1,1.0,1,0.2705711175209403,34
1709,2,3179,1404,1775,0,0,0,1.0,1,1.0,1,1.0,1,0.2541391713883679,34
1710,4,3183,1405,1778,0,0,0,1.0,1,1.0,1,1.0,1,0.2838282586287137,33
1711,2,3185,1405,1780,0,0,0,1.0,1,1.0,1,1.0,1,0.2608079434123747,32
1712,2,3187,1406,1781,0,0,0,1.0,1,1.0,1,1.0,1,0.2711321340482131,31
1713,2,3189,1407,1782,0,0,0,1.0,1,1.0,1,1.0,1,0.28971788821287875,32
1714,0,3189,1407,1782,0,0,0,1.0,1,1.0,1,1.0,1,0.28971788821287875,32
1715,0,3189,1407,1782,0,0,0,1.0,1,1.0,1,1.0,1,0.28971788821287875,32
1716,1,3190,1407,1783,0,0,0,1.0,1,1.0,1,1.0,1,0.2474488712265486,34
1717,0,3190,1407,1783,0,0,0,1.0,1,1.0,1,1.0,1,0.2474488712265486,34
1718,0,3190,1407,1783,0,0,0,1.0,1,1.0,1,1.0,1,0.26412069169536284,34
1719,0,3190,1407,1783,0,0,0,1.0,1,1.0,1,1.0,1,0.26412069169536284,34
1720,1,3191,1408,1783,0,0,0,1.0,1,1.0,1,1.0,1,0.2702805993251271,34
1721,0,3191,1408,1783,0,0,0,1.0,1,1.0,1,1.0,1,0.2458419756441695,35
1722,0,3191,1408,1783,0,0,0,1.0,1,1.0,1,1.0,1,0.2141713015972874,35
1723,0,3191,1408,1783,0,0,0,1.0,1,1.0,1,1.0,1,0.21632697338148693,34
1724,1,3192,1409,1783,0,0,0,1.0,1,1.0,1,1.0,1,0.26827247542003885,33
1725,0,3192,1409,1783,0,0,0,1.0,1,1.0,1,1.0,1,0.28262526723250436,35
1726,2,3194,1409,1785,0,0,0,1.0,1,1.0,1,1.0,1,0.22944246280779942,34
1727,1,3195,1410,1785,0,0,0,1.0,1,1.0,1,1.0,1,0.27827973527295796,34
1728,0,3195,1410,1785,0,0,0,1.0,1,1.0,1,1.0,1,0.27943032110066257,35
1729,1,3196,1411,1785,0,0,0,1.0,1,1.0,1,1.0,1,0.3184509962324495,35
1730,1,3197,1412,1785,0,0,0,1.0,1,1.0,1,1.0,1,0.34441065251161623,35
1731,1,3198,1413,1785,0,0,0,1.0,1,1.0,1,1.0,1,0.36766432249076686,35
1732,2,3200,1414,1786,0,0,0,1.0,1,1.0,1,1.0,1,0.38254282978636994,35
1733,2,3202,1414,1788,0,0,0,1.0,1,1.0,1,1.0,1,0.30531935013431244,33
1734,2,3204,1416,1788,0,0,0,1.0,1,1.0,1,1.0,1,0.33210029848065725,34
1735,3,3207,1417,1790,0,0,0,1.0,1,1.0,1,1.0,1,0.2741063626722405,33
1736,4,3211,1419,1792,0,0,0,1.0,1,1.0,1,1.0,1,0.25189663137618434,33
1737,1,3212,1419,1793,0,0,0,1.0,1,1.0,1,1.0,1,0.2296409471173941,35
1738,2,3214,1420,1794,0,0,0,1.0,1,1.0,1,1.0,1,0.21442424184962983,36
1739,3,3217,1422,1795,0,0,0,1.0,1,1.0,1,1.0,1,0.2190837695410748,36
1740,1,3218,1423,1795,0,0,0,1.0,1,1.0,1,1.0,1,0.2513093806237409,37
1741,1,3219,1423,1796,0,0,0,1.0,1,1.0,1,1.0,1,0.22563256371884638,36
1742,1,3220,1424,1796,0,0,0,1.0,1,1.0,1,1.0,1,0.22538366637138468,36
1743,2,3222,1425,1797,0,0,0,1.0,1,1.0,1,1.0,1,0.21810173343742162,37
1744,0,3222,1425,1797,0,0,0,1.0,1,1.0,1,1.0,1,0.22475737011923982,37
1745,8,3230,1429,1801,0,0,0,1.0,1,1.0,1,1.0,1,0.20633990464610422,38
1746,0,3230,1429,1801,0,0,0,1.0,1,1.0,1,1.0,1,0.2062543340946728,38
1747,0,3230,1429,1801,0,0,0,1.0,1,1.0,1,1.0,1,0.21158262248923043,37
1748,1,3231,1430,1801,0,0,0,1.0,1,1.0,1,1.0,1,0.2066718845659466,38
1749,2,3233,1432,1801,0,0,0,1.0,1,1.0,1,1.0,1,0.22280881063939983,38
1750,1,3234,1432,1802,0,0,0,1.0,1,1.0,1,1.0,1,0.2225101829176086,39
1751,0,3234,1432,1802,0,0,0,1.0,1,1.0,1,1.0,1,0.22705667541704536,41
1752,1,3235,1433,1802,0,0,0,1.0,1,1.0,1,1.0,1,0.21874768077928833,41
1753,2,3237,1433,1804,0,0,0,1.0,1,1.0,1,1.0,1,0.2065680133952944,41
1754,1,3238,1434,1804,0,0,0,1.0,1,1.0,1,1.0,1,0.19900416064299314,40
1755,1,3239,1435,1804,0,0,0,1.0,1,1.0,1,1.0,1,0.2139211563749493,41
1756,1,3240,1435,1805,0,0,0,1.0,1,1.0,1,1.0,1,0.20526049171086952,41
1757,1,3241,1435,1806,0,0,0,1.0,1,1.0,1,1.0,1,0.19285197776105092,40
1758,3,3244,1437,1807,0,0,0,1.0,1,1.0,1,1.0,1,0.2574716260809007,41
1759,3,3247,1439,1808,0,0,0,1.0,1,1.0,1,1.0,1,0.3220672986573398,38
1760,3,3250,1440,1810,0,0,0,1.0,1,1.0,1,1.0,1,0.34137851678213416,38
1761,1,3251,1441,1810,0,0,0,1.0,1,1.0,1,1.0,1,0.354063119938049,37
1762,4,3255,1442,1813,0,0,0,1.0,1,1.0,1,1.0,1,0.385504673491513,37
1763,3,3258,1444,1814,0,0,0,1.0,1,1.0,1,1.0,1,0.3372715822843211,37
1764,3,3261,1444,1817,0,0,0,1.0,1,1.0,1,1.0,1,0.29369676679413226,36
1765,5,3266,1447,1819,0,0,0,1.0,1,1.0,1,1.0,1,0.2952792695484091,36
1766,4,3270,1448,1822,0,0,0,1.0,1,1.0,1,1.0,1,0.2696879328269159,37
1767,1,3271,1449,1822,0,0,0,1.0,1,1.0,1,1.0,1,0.2705096356077959,37
1768,1,3272,1450,1822,0,0,0,1.0,1,1.0,1,1.0,1,0.26675613561055406,37
1769,1,3273,1451,1822,0,0,0,1.0,1,1.0,1,1.0,1,0.2548655380805549,38
1770,1,3274,1452,1822,0,0,0,1.0,1,1.0,1,1.0,1,0.2925799417980344,39
1771,1,3275,1452,1823,0,0,0,1.0,1,1.0,1,1.0,1,0.27553542071742765,39
1772,0,3275,1452,1823,0,0,0,1.0,1,1.0,1,1.0,1,0.27553542071742765,39
1773,0,3275,1452,1823,0,0,0,1.0,1,1.0,1,1.0,1,0.2577984037582857,41
1774,1,3276,1452,1824,0,0,0,1.0,1,1.0,1,1.0,1,0.23393419309794958,41
1775,1,3277,1452,1825,0,0,0,1.0,1,1.0,1,1.0,1,0.2061969829090328,42
1776,2,3279,1453,1826,0,0,0,1.0,1,1.0,1,1.0,1,0.20646482252033754,43
1777,0,3279,1453,1826,0,0,0,1.0,1,1.0,1,1.0,1,0.20646482252033754,43
1778,2,3281,1453,1828,0,0,0,1.0,1,1.0,1,1.0,1,0.1816213995411422,44
1779,1,3282,1453,1829,0,0,0,1.0,1,1.0,1,1.0,1,0.17252439616481247,46
1780,0,3282,1453,1829,0,0,0,1.0,1,1.0,1,1.0,1,0.17252439616481247,46
1781,0,3282,1453,1829,0,0,0,1.0,1,1.0,1,1.0,1,0.17252439616481247,46
1782,2,3284,1454,1830,0,0,0,1.0,1,1.0,1,1.0,1,0.1909120642201251,46
1783,3,3287,1456,1831,0,0,0,1.0,1,1.0,1,1.0,1,0.17524227529600053,44
1784,1,3288,1457,1831,0,0,0,1.0,1,1.0,1,1.0,1,0.18803505230696274,45
1785,1,3289,1458,1831,0,0,0,1.0,1,1.0,1,1.0,1,0.199347463825642,42
1786,5,3294,1462,1832,0,0,0,1.0,1,1.0,1,1.0,1,0.27572254143720226,43
1787,3,3297,1464,1833,0,0,0,1.0,1,1.0,1,1.0,1,0.2740920112972391,41
1788,2,3299,1464,1835,0,0,0,1.0,1,1.0,1,1.0,1,0.26448463400703176,41
1789,1,3300,1464,1836,0,0,0,1.0,1,1.0,1,1.0,1,0.2866019286821318,41
1790,0,3300,1464,1836,0,0,0,1.0,1,1.0,1,1.0,1,0.29085146326915967,41
1791,2,3302,1466,1836,0,0,0,1.0,1,1.0,1,1.0,1,0.25823404541321177,40
1792,4,3306,1470,1836,0,0,0,1.0,1,1.0,1,1.0,1,0.22119285194335545,40
1793,0,3306,1470,1836,0,0,0,1.0,1,1.0,1,1.0,1,0.2586158829596901,41
1794,2,3308,1472,1836,0,0,0,1.0,1,1.0,1,1.0,1,0.2762377215809887,41
1795,3,3311,1475,1836,0,0,0,1.0,1,1.0,1,1.0,1,0.3176725177163264,40
1796,3,3314,1476,1838,0,0,0,1.0,1,1.0,1,1.0,1,0.29295611540252586,40
1797,3,3317,1478,1839,0,0,0,1.0,1,1.0,1,1.0,1,0.3436416962944763,37
1798,1,3318,1479,1839,0,0,0,1.0,1,1.0,1,1.0,1,0.3554568592295389,37
1799,0,3318,1479,1839,0,0,0,1.0,1,1.0,1,1.0,1,0.41204504431863354,36
1800,2,3320,1479,1841,0,0,0,1.0,1,1.0,1,1.0,1,0.3615551441039483,36
1801,0,3320,1479,1841,0,0,0,1.0,1,1.0,1,1.0,1,0.33112553524941296,34
1802,0,3320,1479,1841,0,0,0,1.0,1,1.0,1,1.0,1,0.2931990139383634,33
1803,0,3320,1479,1841,0,0,0,1.0,1,1.0,1,1.0,1,0.2931990139383634,33
1804,2,3322,1480,1842,0,0,0,1.0,1,1.0,1,1.0,1,0.32285363220853314,33
1805,0,3322,1480,1842,0,0,0,1.0,1,1.0,1,1.0,1,0.3266579299715346,35
1806,6,3328,1483,1845,0,0,0,1.0,1,1.0,1,1.0,1,0.3563302168194883,35
1807,1,3329,1483,1846,0,0,0,1.0,1,1.0,1,1.0,1,0.34616309417558405,35
1808,3,3332,1484,1848,0,0,0,1.0,1,1.0,1,1.0,1,0.2702838053622929,36
1809,2,3334,1484,1850,0,0,0,1.0,1,1.0,1,1.0,1,0.21807318039300638,36
1810,0,3334,1484,1850,0,0,0,1.0,1,1.0,1,1.0,1,0.240786094249415,35
1811,1,3335,1484,1851,0,0,0,1.0,1,1.0,1,1.0,1,0.27594655364131715,36
1812,3,3338,1485,1853,0,0,0,1.0,1,1.0,1,1.0,1,0.3104691761903326,36
1813,1,3339,1485,1854,0,0,0,1.0,1,1.0,1,1.0,1,0.28252067397066166,36
1814,2,3341,1485,1856,0,0,0,1.0,1,1.0,1,1.0,1,0.2804773467808258,34
1815,3,3344,1486,1858,0,0,0,1.0,1,1.0,1,1.0,1,0.31207619411030185,35
1816,2,3346,1487,1859,0,0,0,1.0,1,1.0,1,1.0,1,0.35835936668490204,34
1817,4,3350,1490,1860,0,0,0,1.0,1,1.0,1,1.0,1,0.27707171782041196,34
1818,3,3353,1491,1862,0,0,0,1.0,1,1.0,1,1.0,1,0.2387146192164524,34
1819,1,3354,1492,1862,0,0,0,1.0,1,1.0,1,1.0,1,0.26403816488827087,35
1820,1,3355,1493,1862,0,0,0,1.0,1,1.0,1,1.0,1,0.2882484773498785,36
1821,1,3356,1494,1862,0,0,0,1.0,1,1.0,1,1.0,1,0.30386356467284953,36
1822,4,3360,1496,1864,0,0,0,1.0,1,1.0,1,1.0,1,0.28671741897791014,37
1823,6,3366,1498,1868,0,0,0,1.0,1,1.0,1,1.0,1,0.2956983403441669,38
1824,4,3370,1501,1869,0,0,0,1.0,1,1.0,1,1.0,1,0.26388921722939485,37
1825,3,3373,1503,1870,0,0,0,1.0,1,1.0,1,1.0,1,0.26457735555226775,36
1826,0,3373,1503,1870,0,0,0,1.0,1,1.0,1,1.0,1,0.2505981471597104,35
1827,2,3375,1505,1870,0,0,0,1.0,1,1.0,1,1.0,1,0.2865163275806524,35
1828,1,3376,1505,1871,0,0,0,1.0,1,1.0,1,1.0,1,0.25766589570230797,33
1829,0,3376,1505,1871,0,0,0,1.0,1,1.0,1,1.0,1,0.25394807330838026,32
1830,1,3377,1506,1871,0,0,0,1.0,1,1.0,1,1.0,1,0.3054150625889239,32
1831,1,3378,1506,1872,0,0,0,1.0,1,1.0,1,1.0,1,0.2823514482348109,30
1832,1,3379,1507,1872,0,0,0,1.0,1,1.0,1,1.0,1,0.32589833708360394,30
1833,3,3382,1508,1874,0,0,0,1.0,1,1.0,1,1.0,1,0.2965351445997085,29
1834,2,3384,1509,1875,0,0,0,1.0,1,1.0,1,1.0,1,0.2920826644292414,28
1835,1,3385,1510,1875,0,0,0,1.0,1,1.0,1,1.0,1,0.33134438626325885,28
1836,2,3387,1511,1876,0,0,0,1.0,1,1.0,1,1.0,1,0.3219854270658684,29
1837,1,3388,1511,1877,0,0,0,1.0,1,1.0,1,1.0,1,0.2855972994305058,28
1838,1,3389,1512,1877,0,0,0,1.0,1,1.0,1,1.0,1,0.3191730863185701,28
1839,2,3391,1514,1877,0,0,0,1.0,1,1.0,1,1.0,1,0.3967714289950748,27
1840,0,3391,1514,1877,0,0,0,1.0,1,1.0,1,1.0,1,0.44476049745123275,26
1841,0,3391,1514,1877,0,0,0,1.0,1,1.0,1,1.0,1,0.4341557457768619,25
1842,2,3393,1515,1878,0,0,0,1.0,1,1.0,1,1.0,1,0.44083302077405423,26
1843,0,3393,1515,1878,0,0,0,1.0,1,1.0,1,1.0,1,0.44083302077405423,26
1844,1,3394,1516,1878,0,0,0,1.0,1,1.0,1,1.0,1,0.4160529554758917,26
1845,0,3394,1516,1878,0,0,0,1.0,1,1.0,1,1.0,1,0.4160529554758917,26
1846,3,3397,1518,1879,0,0,0,1.0,1,1.0,1,1.0,1,0.3755910598614577,26
1847,0,3397,1518,1879,0,0,0,1.0,1,1.0,1,1.0,1,0.3755910598614577,26
1848,1,3398,1519,1879,0,0,0,1.0,1,1.0,1,1.0,1,0.3894197472538618,27
1849,0,3398,1519,1879,0,0,0,1.0,1,1.0,1,1.0,1,0.3894197472538618,27
1850,1,3399,1519,1880,0,0,0,1.0,1,1.0,1,1.0,1,0.39132684734227535,28
1851,0,3399,1519,1880,0,0,0,1.0,1,1.0,1,1.0,1,0.39132684734227535,28
1852,0,3399,1519,1880,0,0,0,1.0,1,1.0,1,1.0,1,0.39132684734227535,28
1853,0,3399,1519,1880,0,0,0,1.0,1,1.0,1,1.0,1,0.40701184266862545,27
1854,0,3399,1519,1880,0,0,0,1.0,1,1.0,1,1.0,1,0.42050367746476475,28
1855,1,3400,1519,1881,0,0,0,1.0,1,1.0,1,1.0,1,0.40459983414966744,28
1856,3,3403,1519,1884,0,0,0,1.0,1,1.0,1,1.0,1,0.29966267612503417,30
1857,1,3404,1520,1884,0,0,0,1.0,1,1.0,1,1.0,1,0.31248193019819054,31
1858,4,3408,1523,1885,0,0,0,1.0,1,1.0,1,1.0,1,0.3252807037558107,31
1859,1,3409,1523,1886,0,0,0,1.0,1,1.0,1,1.0,1,0.330641178147287,31
1860,1,3410,1523,1887,0,0,0,1.0,1,1.0,1,1.0,1,0.33122586224888045,31
1861,1,3411,1523,1888,0,0,0,1.0,1,1.0,1,1.0,1,0.31577849133330527,31
1862,2,3413,1525,1888,0,0,0,1.0,1,1.0,1,1.0,1,0.3570351373599288,31
1863,4,3417,1526,1891,0,0,0,1.0,1,1.0,1,1.0,1,0.3198098246533993,31
1864,2,3419,1527,1892,0,0,0,1.0,1,1.0,1,1.0,1,0.31696877284944036,30
1865,1,3420,1528,1892,0,0,0,1.0,1,1.0,1,1.0,1,0.3311949509103531,27
1866,1,3421,1529,1892,0,0,0,1.0,1,1.0,1,1.0,1,0.3810090037319774,28
1867,1,3422,1530,1892,0,0,0,1.0,1,1.0,1,1.0,1,0.40193817506561524,26
1868,1,3423,1531,1892,0,0,0,1.0,1,1.0,1,1.0,1,0.40198430238730737,26
1869,0,3423,1531,1892,0,0,0,1.0,1,1.0,1,1.0,1,0.4144338767085192,25
1870,1,3424,1532,1892,0,0,0,1.0,1,1.0,1,1.0,1,0.4104110469783056,25
1871,0,3424,1532,1892,0,0,0,1.0,1,1.0,1,1.0,1,0.42604389057566633,26
1872,0,3424,1532,1892,0,0,0,1.0,1,1.0,1,1.0,1,0.46244918142616304,25
1873,0,3424,1532,1892,0,0,0,1.0,1,1.0,1,1.0,1,0.47185756570319215,23
1874,1,3425,1533,1892,0,0,0,1.0,1,1.0,1,1.0,1,0.3981717342616062,23
1875,1,3426,1533,1893,0,0,0,1.0,1,1.0,1,1.0,1,0.4559898216460133,21
1876,5,3431,1534,1897,0,0,0,1.0,1,1.0,1,1.0,1,0.3112508222128113,24
1877,0,3431,1534,1897,0,0,0,1.0,1,1.0,1,1.0,1,0.3112508222128113,24
1878,0,3431,1534,1897,0,0,0,1.0,1,1.0,1,1.0,1,0.27938864457878615,26
1879,1,3432,1534,1898,0,0,0,1.0,1,1.0,1,1.0,1,0.22719794448814204,26
1880,0,3432,1534,1898,0,0,0,1.0,1,1.0,1,1.0,1,0.22719794448814204,26
1881,1,3433,1535,1898,0,0,0,1.0,1,1.0,1,1.0,1,0.2582873394976881,26
1882,0,3433,1535,1898,0,0,0,1.0,1,1.0,1,1.0,1,0.2516092837548655,25
1883,0,3433,1535,1898,0,0,0,1.0,1,1.0,1,1.0,1,0.2516092837548655,25
1884,0,3433,1535,1898,0,0,0,1.0,1,1.0,1,1.0,1,0.2516092837548655,25
1885,0,3433,1535,1898,0,0,0,1.0,1,1.0,1,1.0,1,0.2516092837548655,25
1886,0,3433,1535,1898,0,0,0,1.0,1,1.0,1,1.0,1,0.2704276320357818,26
1887,0,3433,1535,1898,0,0,0,1.0,1,1.0,1,1.0,1,0.2704276320357818,26
1888,2,3435,1536,1899,0,0,0,1.0,1,1.0,1,1.0,1,0.2931064290130697,27
1889,0,3435,1536,1899,0,0,0,1.0,1,1.0,1,1.0,1,0.31148820630061075,28
1890,0,3435,1536,1899,0,0,0,1.0,1,1.0,1,1.0,1,0.31148820630061075,28
1891,1,3436,1536,1900,0,0,0,1.0,1,1.0,1,1.0,1,0.325958380845257,29
1892,0,3436,1536,1900,0,0,0,1.0,1,1.0,1,1.0,1,0.325958380845257,29
1893,0,3436,1536,1900,0,0,0,1.0,1,1.0,1,1.0,1,0.325958380845257,29
1894,0,3436,1536,1900,0,0,0,1.0,1,1.0,1,1.0,1,0.325958380845257,29
1895,1,3437,1537,1900,0,0,0,1.0,1,1.0,1,1.0,1,0.32998266394434583,31
1896,1,3438,1537,1901,0,0,0,1.0,1,1.0,1,1.0,1,0.3121357200436618,31
1897,0,3438,1537,1901,0,0,0,1.0,1,1.0,1,1.0,1,0.3121357200436618,31
1898,0,3438,1537,1901,0,0,0,1.0,1,1.0,1,1.0,1,0.3121357200436618,31
1899,0,3438,1537,1901,0,0,0,1.0,1,1.0,1,1.0,1,0.32418835906225213,32
1900,0,3438,1537,1901,0,0,0,1.0,1,1.0,1,1.0,1,0.32418835906225213,32
1901,0,3438,1537,1901,0,0,0,1.0,1,1.0,1,1.0,1,0.32418835906225213,32
1902,0,3438,1537,1901,0,0,0,1.0,1,1.0,1,1.0,1,0.32418835906225213,32
1903,0,3438,1537,1901,0,0,0,1.0,1,1.0,1,1.0,1,0.32418835906225213,32
1904,1,3439,1537,1902,0,0,0,1.0,1,1.0,1,1.0,1,0.28975911471402255,34
1905,0,3439,1537,1902,0,0,0,1.0,1,1.0,1,1.0,1,0.28975911471402255,34
1906,1,3440,1537,1903,0,0,0,1.0,1,1.0,1,1.0,1,0.28124156900086755,35
1907,1,3441,1538,1903,0,0,0,1.0,1,1.0,1,1.0,1,0.2707336749995425,36
1908,0,3441,1538,1903,0,0,0,1.0,1,1.0,1,1.0,1,0.2707336749995425,36
1909,2,3443,1538,1905,0,0,0,1.0,1,1.0,1,1.0,1,0.2561464715730474,37
1910,1,3444,1539,1905,0,0,0,1.0,1,1.0,1,1.0,1,0.28437739144390545,38
1911,1,3445,1539,1906,0,0,0,1.0,1,1.0,1,1.0,1,0.25056851397941204,37
1912,2,3447,1541,1906,0,0,0,1.0,1,1.0,1,1.0,1,0.26858291022742936,37
1913,1,3448,1542,1906,0,0,0,1.0,1,1.0,1,1.0,1,0.2385502791199301,36
1914,0,3448,1542,1906,0,0,0,1.0,1,1.0,1,1.0,1,0.2536846705708014,37
1915,1,3449,1543,1906,0,0,0,1.0,1,1.0,1,1.0,1,0.2925630908008033,37
1916,3,3452,1545,1907,0,0,0,1.0,1,1.0,1,1.0,1,0.2541286390349748,39
1917,4,3456,1547,1909,0,0,0,1.0,1,1.0,1,1.0,1,0.22694812869895445,38
1918,1,3457,1547,1910,0,0,0,1.0,1,1.0,1,1.0,1,0.22794272069014895,38
1919,0,3457,1547,1910,0,0,0,1.0,1,1.0,1,1.0,1,0.25835836366995873,38
1920,1,3458,1548,1910,0,0,0,1.0,1,1.0,1,1.0,1,0.2587101614741249,39
1921,1,3459,1548,1911,0,0,0,1.0,1,1.0,1,1.0,1,0.2227589902738572,38
1922,2,3461,1550,1911,0,0,0,1.0,1,1.0,1,1.0,1,0.22643251170475662,39
1923,4,3465,1553,1912,0,0,0,1.0,1,1.0,1,1.0,1,0.2879250015640003,40
1924,2,3467,1553,1914,0,0,0,1.0,1,1.0,1,1.0,1,0.2534981177666189,40
1925,0,3467,1553,1914,0,0,0,1.0,1,1.0,1,1.0,1,0.26456468916545806,40
1926,0,3467,1553,1914,0,0,0,1.0,1,1.0,1,1.0,1,0.26456468916545806,40
1927,0,3467,1553,1914,0,0,0,1.0,1,1.0,1,1.0,1,0.23258610707682614,41
1928,1,3468,1554,1914,0,0,0,1.0,1,1.0,1,1.0,1,0.24749049399651965,41
1929,0,3468,1554,1914,0,0,0,1.0,1,1.0,1,1.0,1,0.24996095814978125,40
1930,1,3469,1555,1914,0,0,0,1.0,1,1.0,1,1.0,1,0.26820702520312467,40
1931,1,3470,1555,1915,0,0,0,1.0,1,1.0,1,1.0,1,0.2334092432883429,40
1932,0,3470,1555,1915,0,0,0,1.0,1,1.0,1,1.0,1,0.2334092432883429,40
1933,0,3470,1555,1915,0,0,0,1.0,1,1.0,1,1.0,1,0.24995285667566938,42
1934,1,3471,1555,1916,0,0,0,1.0,1,1.0,1,1.0,1,0.25370056326966317,44
1935,1,3472,1555,1917,0,0,0,1.0,1,1.0,1,1.0,1,0.2361398220153556,44
1936,6,3478,1557,1921,0,0,0,1.0,1,1.0,1,1.0,1,0.15268222910399082,46
1937,1,3479,1558,1921,0,0,0,1.0,1,1.0,1,1.0,1,0.13524970488105295,47
1938,1,3480,1558,1922,0,0,0,1.0,1,1.0,1,1.0,1,0.1361597301792897,47
1939,0,3480,1558,1922,0,0,0,1.0,1,1.0,1,1.0,1,0.1361597301792897,47
1940,1,3481,1559,1922,0,0,0,1.0,1,1.0,1,1.0,1,0.16049695226892904,47
1941,1,3482,1560,1922,0,0,0,1.0,1,1.0,1,1.0,1,0.1865474040594644,47
1942,3,3485,1561,1924,0,0,0,1.0,1,1.0,1,1.0,1,0.22054188210809883,49
1943,5,3490,1564,1926,0,0,0,1.0,1,1.0,1,1.0,1,0.17767971660197043,47
1944,3,3493,1566,1927,0,0,0,1.0,1,1.0,1,1.0,1,0.2401776193490754,47
1945,2,3495,1568,1927,0,0,0,1.0,1,1.0,1,1.0,1,0.2279557298991458,45
1946,2,3497,1569,1928,0,0,0,1.0,1,1.0,1,1.0,1,0.25109293786116355,45
1947,7,3504,1572,1932,0,0,0,1.0,1,1.0,1,1.0,1,0.24600043119123982,45
1948,5,3509,1573,1936,0,0,0,1.0,1,1.0,1,1.0,1,0.25862277899150166,45
1949,2,3511,1575,1936,0,0,0,1.0,1,1.0,1,1.0,1,0.3528782139106463,42
1950,2,3513,1576,1937,0,0,0,1.0,1,1.0,1,1.0,1,0.32921653736282624,42
1951,6,3519,1577,1942,0,0,0,1.0,1,1.0,1,1.0,1,0.28198848832000045,38
1952,1,3520,1578,1942,0,0,0,1.0,1,1.0,1,1.0,1,0.23363140783254313,36
1953,0,3520,1578,1942,0,0,0,1.0,1,1.0,1,1.0,1,0.24204500645833385,35
1954,2,3522,1579,1943,0,0,0,1.0,1,1.0,1,1.0,1,0.22584596882771127,32
1955,3,3525,1581,1944,0,0,0,1.0,1,1.0,1,1.0,1,0.22194289981698742,33
1956,1,3526,1581,1945,0,0,0,1.0,1,1.0,1,1.0,1,0.23077214300403953,31
1957,2,3528,1582,1946,0,0,0,1.0,1,1.0,1,1.0,1,0.2452316499805941,33
1958,3,3531,1583,1948,0,0,0,1.0,1,1.0,1,1.0,1,0.22670284038495386,34
1959,1,3532,1583,1949,0,0,0,1.0,1,1.0,1,1.0,1,0.22205514290266257,35
1960,1,3533,1584,1949,0,0,0,1.0,1,1.0,1,1.0,1,0.25530754656615817,36
1961,4,3537,1586,1951,0,0,0,1.0,1,1.0,1,1.0,1,0.22464894858306267,36
1962,0,3537,1586,1951,0,0,0,1.0,1,1.0,1,1.0,1,0.2549480334127609,35
1963,0,3537,1586,1951,0,0,0,1.0,1,1.0,1,1.0,1,0.2704632843340297,36
1964,1,3538,1587,1951,0,0,0,1.0,1,1.0,1,1.0,1,0.29942749424539833,35
1965,2,3540,1588,1952,0,0,0,1.0,1,1.0,1,1.0,1,0.25011792455566584,36
1966,4,3544,1590,1954,0,0,0,1.0,1,1.0,1,1.0,1,0.22593452549052656,36
1967,1,3545,1591,1954,0,0,0,1.0,1,1.0,1,1.0,1,0.24392749270344893,36
1968,1,3546,1591,1955,0,0,0,1.0,1,1.0,1,1.0,1,0.24686340982430313,37
1969,0,3546,1591,1955,0,0,0,1.0,1,1.0,1,1.0,1,0.24686340982430313,37
1970,1,3547,1592,1955,0,0,0,1.0,1,1.0,1,1.0,1,0.2557081076807956,38
1971,0,3547,1592,1955,0,0,0,1.0,1,1.0,1,1.0,1,0.27607768689882034,37
1972,0,3547,1592,1955,0,0,0,1.0,1,1.0,1,1.0,1,0.27607768689882034,37
1973,2,3549,1593,1956,0,0,0,1.0,1,1.0,1,1.0,1,0.3142456972019347,37
1974,0,3549,1593,1956,0,0,0,1.0,1,1.0,1,1.0,1,0.31559255989973506,38
1975,0,3549,1593,1956,0,0,0,1.0,1,1.0,1,1.0,1,0.3289420562324097,37
1976,4,3553,1596,1957,0,0,0,1.0,1,1.0,1,1.0,1,0.34064767278976116,39
1977,1,3554,1597,1957,0,0,0,1.0,1,1.0,1,1.0,1,0.3436593453576507,42
1978,1,3555,1598,1957,0,0,0,1.0,1,1.0,1,1.0,1,0.3544746178524234,42
1979,1,3556,1598,1958,0,0,0,1.0,1,1.0,1,1.0,1,0.34122516154054017,42
1980,3,3559,1599,1960,0,0,0,1.0,1,1.0,1,1.0,1,0.3019165981223106,43
1981,6,3565,1599,1966,0,0,0,1.0,1,1.0,1,1.0,1,0.1894731106669269,44
1982,0,3565,1599,1966,0,0,0,1.0,1,1.0,1,1.0,1,0.1894731106669269,44
1983,2,3567,1601,1966,0,0,0,1.0,1,1.0,1,1.0,1,0.1941202764962276,44
1984,1,3568,1602,1966,0,0,0,1.0,1,1.0,1,1.0,1,0.20920818359189833,42
1985,1,3569,1603,1966,0,0,0,1.0,1,1.0,1,1.0,1,0.2134465626171673,41
1986,2,3571,1605,1966,0,0,0,1.0,1,1.0,1,1.0,1,0.2639032051476828,40
1987,1,3572,1606,1966,0,0,0,1.0,1,1.0,1,1.0,1,0.2611292527553948,37
1988,3,3575,1609,1966,0,0,0,1.0,1,1.0,1,1.0,1,0.347738213074626,35
1989,3,3578,1611,1967,0,0,0,1.0,1,1.0,1,1.0,1,0.3771375374086481,32
1990,3,3581,1612,1969,0,0,0,1.0,1,1.0,1,1.0,1,0.3657970709166424,31
1991,0,3581,1612,1969,0,0,0,1.0,1,1.0,1,1.0,1,0.37997467279029823,32
1992,0,3581,1612,1969,0,0,0,1.0,1,1.0,1,1.0,1,0.37997467279029823,32
1993,0,3581,1612,1969,0,0,0,1.0,1,1.0,1,1.0,1,0.3721338128148651,32
1994,1,3582,1613,1969,0,0,0,1.0,1,1.0,1,1.0,1,0.35236067716963715,31
1995,2,3584,1614,1970,0,0,0,1.0,1,1.0,1,1.0,1,0.375161417787722,32
1996,2,3586,1614,1972,0,0,0,1.0,1,1.0,1,1.0,1,0.3199228717888254,32
1997,0,3586,1614,1972,0,0,0,1.0,1,1.0,1,1.0,1,0.3397586560445854,31
1998,1,3587,1615,1972,0,0,0,1.0,1,1.0,1,1.0,1,0.35657974773510676,32
1999,1,3588,1615,1973,0,0,0,1.0,1,1.0,1,1.0,1,0.36031934707546037,31
2000,0,3588,1615,1973,0,0,0,1.0,1,1.0,1,1.0,1,0.340077614083665,30
2001,0,3588,1615,1973,0,0,0,1.0,1,1.0,1,1.0,1,0.35052452730918315,29
2002,1,3589,1616,1973,0,0,0,1.0,1,1.0,1,1.0,1,0.3398843845699516,31
2003,5,3594,1618,1976,0,0,0,1.0,1,1.0,1,1.0,1,0.342493760758295,33
2004,3,3597,1619,1978,0,0,0,1.0,1,1.0,1,1.0,1,0.3471271627589244,34
2005,3,3600,1619,1981,0,0,0,1.0,1,1.0,1,1.0,1,0.32488673345445546,35
2006,2,3602,1620,1982,0,0,0,1.0,1,1.0,1,1.0,1,0.3076253973331648,36
2007,0,3602,1620,1982,0,0,0,1.0,1,1.0,1,1.0,1,0.3076253973331648,36
2008,2,3604,1622,1982,0,0,0,1.0,1,1.0,1,1.0,1,0.3229523918324728,36
2009,1,3605,1622,1983,0,0,0,1.0,1,1.0,1,1.0,1,0.2981854619368399,37
2010,3,3608,1623,1985,0,0,0,1.0,1,1.0,1,1.0,1,0.3015415793767777,37
2011,2,3610,1623,1987,0,0,0,1.0,1,1.0,1,1.0,1,0.24218560935195613,37
2012,0,3610,1623,1987,0,0,0,1.0,1,1.0,1,1.0,1,0.24218560935195613,37
2013,0,3610,1623,1987,0,0,0,1.0,1,1.0,1,1.0,1,0.26604205042736434,39
2014,0,3610,1623,1987,0,0,0,1.0,1,1.0,1,1.0,1,0.28713231745901646,39
2015,1,3611,1623,1988,0,0,0,1.0,1,1.0,1,1.0,1,0.2541553692670441,39
2016,1,3612,1623,1989,0,0,0,1.0,1,1.0,1,1.0,1,0.22593886124130197,41
2017,1,3613,1623,1990,0,0,0,1.0,1,1.0,1,1.0,1,0.21065240849235026,41
2018,3,3616,1625,1991,0,0,0,1.0,1,1.0,1,1.0,1,0.2111320406806483,42
2019,0,3616,1625,1991,0,0,0,1.0,1,1.0,1,1.0,1,0.19309589865312632,43
2020,2,3618,1627,1991,0,0,0,1.0,1,1.0,1,1.0,1,0.1993019236426279,43
2021,1,3619,1627,1992,0,0,0,1.0,1,1.0,1,1.0,1,0.19295255897830024,43
2022,1,3620,1628,1992,0,0,0,1.0,1,1.0,1,1.0,1,0.2128275244981442,44
2023,3,3623,1630,1993,0,0,0,1.0,1,1.0,1,1.0,1,0.2719351070203334,42
2024,1,3624,1631,1993,0,0,0,1.0,1,1.0,1,1.0,1,0.29714532071679733,41
2025,2,3626,1633,1993,0,0,0,1.0,1,1.0,1,1.0,1,0.3278329993108935,39
2026,5,3631,1634,1997,0,0,0,1.0,1,1.0,1,1.0,1,0.282019192850216,39
2027,3,3634,1636,1998,0,0,0,1.0,1,1.0,1,1.0,1,0.36806793656351083,38
2028,2,3636,1637,1999,0,0,0,1.0,1,1.0,1,1.0,1,0.3849407432994332,37
2029,2,3638,1637,2001,0,0,0,1.0,1,1.0,1,1.0,1,0.3137313099858331,35
2030,1,3639,1638,2001,0,0,0,1.0,1,1.0,1,1.0,1,0.2914417396960216,32
2031,1,3640,1639,2001,0,0,0,1.0,1,1.0,1,1.0,1,0.31722361753998585,34
2032,2,3642,1640,2002,0,0,0,1.0,1,1.0,1,1.0,1,0.3521349579037805,35
2033,7,3649,1644,2005,0,0,0,1.0,1,1.0,1,1.0,1,0.3040753393034395,35
2034,1,3650,1644,2006,0,0,0,1.0,1,1.0,1,1.0,1,0.3268864999150657,35
2035,2,3652,1646,2006,0,0,0,1.0,1,1.0,1,1.0,1,0.309486973680848,36
2036,0,3652,1646,2006,0,0,0,1.0,1,1.0,1,1.0,1,0.3217497196775932,35
2037,3,3655,1647,2008,0,0,0,1.0,1,1.0,1,1.0,1,0.3199847696732774,36
2038,1,3656,1648,2008,0,0,0,1.0,1,1.0,1,1.0,1,0.2981875599997586,38
2039,1,3657,1649,2008,0,0,0,1.0,1,1.0,1,1.0,1,0.32382816317401364,38
2040,1,3658,1649,2009,0,0,0,1.0,1,1.0,1,1.0,1,0.28184262145503425,37
2041,4,3662,1650,2012,0,0,0,1.0,1,1.0,1,1.0,1,0.22810415992804536,38
2042,1,3663,1650,2013,0,0,0,1.0,1,1.0,1,1.0,1,0.20623353083591164,38
2043,0,3663,1650,2013,0,0,0,1.0,1,1.0,1,1.0,1,0.20623353083591164,38
2044,0,3663,1650,2013,0,0,0,1.0,1,1.0,1,1.0,1,0.19847964078986483,39
2045,1,3664,1650,2014,0,0,0,1.0,1,1.0,1,1.0,1,0.19751270794460413,40
2046,0,3664,1650,2014,0,0,0,1.0,1,1.0,1,1.0,1,0.20500522312086306,41
2047,2,3666,1650,2016,0,0,0,1.0,1,1.0,1,1.0,1,0.16661012292237276,41
2048,1,3667,1650,2017,0,0,0,1.0,1,1.0,1,1.0,1,0.16179525490591562,43
2049,1,3668,1651,2017,0,0,0,1.0,1,1.0,1,1.0,1,0.16096584186867274,43
2050,1,3669,1651,2018,0,0,0,1.0,1,1.0,1,1.0,1,0.13820049927761904,43
2051,1,3670,1652,2018,0,0,0,1.0,1,1.0,1,1.0,1,0.19135323710670896,43
2052,0,3670,1652,2018,0,0,0,1.0,1,1.0,1,1.0,1,0.20531752231337788,44
2053,3,3673,1653,2020,0,0,0,1.0,1,1.0,1,1.0,1,0.21092044564942425,43
2054,0,3673,1653,2020,0,0,0,1.0,1,1.0,1,1.0,1,0.21725649567146343,44
2055,0,3673,1653,2020,0,0,0,1.0,1,1.0,1,1.0,1,0.2257279253790836,43
2056,3,3676,1654,2022,0,0,0,1.0,1,1.0,1,1.0,1,0.1926032130485698,44
2057,3,3679,1657,2022,0,0,0,1.0,1,1.0,1,1.0,1,0.20752295888970373,44
2058,3,3682,1659,2023,0,0,0,1.0,1,1.0,1,1.0,1,0.20685539338367182,44
2059,2,3684,1661,2023,0,0,0,1.0,1,1.0,1,1.0,1,0.2320950864511593,45
2060,0,3684,1661,2023,0,0,0,1.0,1,1.0,1,1.0,1,0.23527801969448142,46
2061,3,3687,1663,2024,0,0,0,1.0,1,1.0,1,1.0,1,0.24623450602929883,48
2062,6,3693,1665,2028,0,0,0,1.0,1,1.0,1,1.0,1,0.22443071178371982,48
2063,1,3694,1665,2029,0,0,0,1.0,1,1.0,1,1.0,1,0.214818760779724,45
2064,2,3696,1666,2030,0,0,0,1.0,1,1.0,1,1.0,1,0.23515061994809225,44
2065,1,3697,1667,2030,0,0,0,1.0,1,1.0,1,1.0,1,0.2138094385437416,42
2066,4,3701,1671,2030,0,0,0,1.0,1,1.0,1,1.0,1,0.310199934529637,42
2067,2,3703,1672,2031,0,0,0,1.0,1,1.0,1,1.0,1,0.32428726389656176,38
2068,0,3703,1672,2031,0,0,0,1.0,1,1.0,1,1.0,1,0.319670433590489,37
2069,0,3703,1672,2031,0,0,0,1.0,1,1.0,1,1.0,1,0.31001407871419856,35
2070,2,3705,1673,2032,0,0,0,1.0,1,1.0,1,1.0,1,0.32609572242833557,35
2071,4,3709,1674,2035,0,0,0,1.0,1,1.0,1,1.0,1,0.30570063327894453,34
2072,3,3712,1675,2037,0,0,0,1.0,1,1.0,1,1.0,1,0.3475873473349454,35
2073,0,3712,1675,2037,0,0,0,1.0,1,1.0,1,1.0,1,0.35808393767115054,37
2074,0,3712,1675,2037,0,0,0,1.0,1,1.0,1,1.0,1,0.3439574420034627,36
2075,1,3713,1675,2038,0,0,0,1.0,1,1.0,1,1.0,1,0.30594432990870263,38
2076,1,3714,1675,2039,0,0,0,1.0,1,1.0,1,1.0,1,0.2847404667257072,37
2077,1,3715,1675,2040,0,0,0,1.0,1,1.0,1,1.0,1,0.24496712718180347,37
2078,1,3716,1675,2041,0,0,0,1.0,1,1.0,1,1.0,1,0.22850521041875965,37
2079,0,3716,1675,2041,0,0,0,1.0,1,1.0,1,1.0,1,0.22850521041875965,37
2080,1,3717,1675,2042,0,0,0,1.0,1,1.0,1,1.0,1,0.22576250567139738,36
2081,1,3718,1676,2042,0,0,0,1.0,1,1.0,1,1.0,1,0.2674858448126827,37
2082,2,3720,1677,2043,0,0,0,1.0,1,1.0,1,1.0,1,0.3065626403134879,38
2083,2,3722,1677,2045,0,0,0,1.0,1,1.0,1,1.0,1,0.2714467315667073,39
2084,3,3725,1678,2047,0,0,0,1.0,1,1.0,1,1.0,1,0.29451174802745744,41
2085,0,3725,1678,2047,0,0,0,1.0,1,1.0,1,1.0,1,0.29451174802745744,41
2086,3,3728,1678,2050,0,0,0,1.0,1,1.0,1,1.0,1,0.24444225352816512,44
2087,1,3729,1679,2050,0,0,0,1.0,1,1.0,1,1.0,1,0.21797002383973807,44
2088,0,3729,1679,2050,0,0,0,1.0,1,1.0,1,1.0,1,0.21429087754829262,45
2089,1,3730,1680,2050,0,0,0,1.0,1,1.0,1,1.0,1,0.21984722196803527,46
2090,1,3731,1680,2051,0,0,0,1.0,1,1.0,1,1.0,1,0.22205000316859477,47
2091,3,3734,1680,2054,0,0,0,1.0,1,1.0,1,1.0,1,0.20302217095810451,48
2092,2,3736,1682,2054,0,0,0,1.0,1,1.0,1,1.0,1,0.1902572916122763,48
2093,0,3736,1682,2054,0,0,0,1.0,1,1.0,1,1.0,1,0.1902572916122763,48
2094,0,3736,1682,2054,0,0,0,1.0,1,1.0,1,1.0,1,0.21137941378769282,47
2095,1,3737,1682,2055,0,0,0,1.0,1,1.0,1,1.0,1,0.22720553326953455,49
2096,1,3738,1683,2055,0,0,0,1.0,1,1.0,1,1.0,1,0.2562959227601931,50
2097,1,3739,1683,2056,0,0,0,1.0,1,1.0,1,1.0,1,0.26006381105524584,50
2098,5,3744,1683,2061,0,0,0,1.0,1,1.0,1,1.0,1,0.24296690851278482,51
2099,0,3744,1683,2061,0,0,0,1.0,1,1.0,1,1.0,1,0.243382691149135,50
2100,3,3747,1685,2062,0,0,0,1.0,1,1.0,1,1.0,1,0.26662038765906665,49
2101,4,3751,1685,2066,0,0,0,1.0,1,1.0,1,1.0,1,0.23524141524298725,48
2102,3,3754,1688,2066,0,0,0,1.0,1,1.0,1,1.0,1,0.30943365750333945,49
2103,0,3754,1688,2066,0,0,0,1.0,1,1.0,1,1.0,1,0.3123589259969946,44
2104,1,3755,1689,2066,0,0,0,1.0,1,1.0,1,1.0,1,0.38720412843847113,42
2105,1,3756,1690,2066,0,0,0,1.0,1,1.0,1,1.0,1,0.3820202718698546,40
2106,3,3759,1691,2068,0,0,0,1.0,1,1.0,1,1.0,1,0.4204170036878953,39
2107,2,3761,1692,2069,0,0,0,1.0,1,1.0,1,1.0,1,0.39189604828833563,37
2108,3,3764,1694,2070,0,0,0,1.0,1,1.0,1,1.0,1,0.4323972095429806,37
2109,2,3766,1696,2070,0,0,0,1.0,1,1.0,1,1.0,1,0.46517906941080867,36
2110,1,3767,1696,2071,0,0,0,1.0,1,1.0,1,1.0,1,0.399635440079824,35
2111,1,3768,1697,2071,0,0,0,1.0,1,1.0,1,1.0,1,0.3566653527423871,35
2112,0,3768,1697,2071,0,0,0,1.0,1,1.0,1,1.0,1,0.3566653527423871,35
2113,1,3769,1698,2071,0,0,0,1.0,1,1.0,1,1.0,1,0.32310319605354204,35
2114,0,3769,1698,2071,0,0,0,1.0,1,1.0,1,1.0,1,0.33281963800198655,36
2115,0,3769,1698,2071,0,0,0,1.0,1,1.0,1,1.0,1,0.33620744682701725,37
2116,5,3774,1700,2074,0,0,0,1.0,1,1.0,1,1.0,1,0.3037780703823199,39
2117,4,3778,1701,2077,0,0,0,1.0,1,1.0,1,1.0,1,0.2533854628526793,39
2118,1,3779,1701,2078,0,0,0,1.0,1,1.0,1,1.0,1,0.25176879646289013,41
2119,3,3782,1703,2079,0,0,0,1.0,1,1.0,1,1.0,1,0.2127734409105417,42
2120,0,3782,1703,2079,0,0,0,1.0,1,1.0,1,1.0,1,0.2127734409105417,42
2121,0,3782,1703,2079,0,0,0,1.0,1,1.0,1,1.0,1,0.2127734409105417,42
2122,0,3782,1703,2079,0,0,0,1.0,1,1.0,1,1.0,1,0.2316149782462818,43
2123,1,3783,1704,2079,0,0,0,1.0,1,1.0,1,1.0,1,0.28107897008763344,42
2124,1,3784,1705,2079,0,0,0,1.0,1,1.0,1,1.0,1,0.30752894340606013,42
2125,0,3784,1705,2079,0,0,0,1.0,1,1.0,1,1.0,1,0.30137966917778225,41
2126,0,3784,1705,2079,0,0,0,1.0,1,1.0,1,1.0,1,0.30137966917778225,41
2127,0,3784,1705,2079,0,0,0,1.0,1,1.0,1,1.0,1,0.30137966917778225,41
2128,0,3784,1705,2079,0,0,0,1.0,1,1.0,1,1.0,1,0.3091083179690298,42
2129,1,3785,1705,2080,0,0,0,1.0,1,1.0,1,1.0,1,0.3325687265863208,43
2130,2,3787,1705,2082,0,0,0,1.0,1,1.0,1,1.0,1,0.31139453844035697,45
2131,3,3790,1706,2084,0,0,0,1.0,1,1.0,1,1.0,1,0.2931417947306286,44
2132,1,3791,1706,2085,0,0,0,1.0,1,1.0,1,1.0,1,0.2703171488610175,44
2133,1,3792,1706,2086,0,0,0,1.0,1,1.0,1,1.0,1,0.27442558176230886,45
2134,1,3793,1707,2086,0,0,0,1.0,1,1.0,1,1.0,1,0.2907568667258217,45
2135,3,3796,1707,2089,0,0,0,1.0,1,1.0,1,1.0,1,0.2485770450597148,46
2136,0,3796,1707,2089,0,0,0,1.0,1,1.0,1,1.0,1,0.25209456106270284,47
2137,6,3802,1711,2091,0,0,0,1.0,1,1.0,1,1.0,1,0.1633510044340033,47
2138,3,3805,1713,2092,0,0,0,1.0,1,1.0,1,1.0,1,0.1575908724736596,45
2139,0,3805,1713,2092,0,0,0,1.0,1,1.0,1,1.0,1,0.1575908724736596,45
2140,0,3805,1713,2092,0,0,0,1.0,1,1.0,1,1.0,1,0.15422460497489632,44
2141,4,3809,1715,2094,0,0,0,1.0,1,1.0,1,1.0,1,0.13460701144764506,45
2142,2,3811,1716,2095,0,0,0,1.0,1,1.0,1,1.0,1,0.11461337828691541,46
2143,0,3811,1716,2095,0,0,0,1.0,1,1.0,1,1.0,1,0.10006581905565488,46
2144,5,3816,1720,2096,0,0,0,1.0,1,1.0,1,1.0,1,0.13655349194839814,48
2145,3,3819,1722,2097,0,0,0,1.0,1,1.0,1,1.0,1,0.12595384259187403,46
2146,2,3821,1724,2097,0,0,0,1.0,1,1.0,1,1.0,1,0.1457762524790506,45
2147,4,3825,1727,2098,0,0,0,1.0,1,1.0,1,1.0,1,0.1628347453336675,44
2148,4,3829,1729,2100,0,0,0,1.0,1,1.0,1,1.0,1,0.2235774362352841,44
2149,2,3831,1731,2100,0,0,0,1.0,1,1.0,1,1.0,1,0.25479506361797305,42
2150,3,3834,1733,2101,0,0,0,1.0,1,1.0,1,1.0,1,0.2564524436209678,40
2151,2,3836,1734,2102,0,0,0,1.0,1,1.0,1,1.0,1,0.3435981320994498,39
2152,2,3838,1734,2104,0,0,0,1.0,1,1.0,1,1.0,1,0.3147310846920238,40
2153,4,3842,1735,2107,0,0,0,1.0,1,1.0,1,1.0,1,0.3499928491558286,42
2154,3,3845,1735,2110,0,0,0,1.0,1,1.0,1,1.0,1,0.3393825741175883,42
2155,3,3848,1737,2111,0,0,0,1.0,1,1.0,1,1.0,1,0.3553098950411219,41
2156,2,3850,1737,2113,0,0,0,1.0,1,1.0,1,1.0,1,0.35317874360599294,40
2157,5,3855,1738,2117,0,0,0,1.0,1,1.0,1,1.0,1,0.3780954635908225,40
2158,2,3857,1738,2119,0,0,0,1.0,1,1.0,1,1.0,1,0.4037400268557624,38
2159,2,3859,1738,2121,0,0,0,1.0,1,1.0,1,1.0,1,0.40262316462861314,38
2160,2,3861,1738,2123,0,0,0,1.0,1,1.0,1,1.0,1,0.35586267258698384,38
2161,5,3866,1740,2126,0,0,0,1.0,1,1.0,1,1.0,1,0.2659726764455412,38
2162,2,3868,1741,2127,0,0,0,1.0,1,1.0,1,1.0,1,0.2534653315787766,38
2163,5,3873,1743,2130,0,0,0,1.0,1,1.0,1,1.0,1,0.2257804871125091,40
2164,4,3877,1745,2132,0,0,0,1.0,1,1.0,1,1.0,1,0.2643583619352079,41
2165,1,3878,1745,2133,0,0,0,1.0,1,1.0,1,1.0,1,0.2691536157795519,42
2166,1,3879,1745,2134,0,0,0,1.0,1,1.0,1,1.0,1,0.26014155358269564,42
2167,2,3881,1745,2136,0,0,0,1.0,1,1.0,1,1.0,1,0.22930821285305578,43
2168,2,3883,1745,2138,0,0,0,1.0,1,1.0,1,1.0,1,0.21834881270999063,43
2169,3,3886,1745,2141,0,0,0,1.0,1,1.0,1,1.0,1,0.21511145414393779,45
2170,2,3888,1746,2142,0,0,0,1.0,1,1.0,1,1.0,1,0.17851799074874616,46
2171,3,3891,1746,2145,0,0,0,1.0,1,1.0,1,1.0,1,0.1560142089271838,48
2172,4,3895,1746,2149,0,0,0,1.0,1,1.0,1,1.0,1,0.1848809684715482,49
2173,2,3897,1746,2151,0,0,0,1.0,1,1.0,1,1.0,1,0.1848809684715482,49
2174,1,3898,1746,2152,0,0,0,1.0,1,1.0,1,1.0,1,0.16765654986991352,49
2175,3,3901,1746,2155,0,0,0,1.0,1,1.0,1,1.0,1,0.1868883258651079,49
2176,3,3904,1746,2158,0,0,0,1.0,1,1.0,1,1.0,1,0.15080782707976953,51
2177,3,3907,1748,2159,0,0,0,1.0,1,1.0,1,1.0,1,0.1596268992028941,51
2178,0,3907,1748,2159,0,0,0,1.0,1,1.0,1,1.0,1,0.14646665631353034,50
2179,0,3907,1748,2159,0,0,0,1.0,1,1.0,1,1.0,1,0.14634152771450934,49
2180,0,3907,1748,2159,0,0,0,1.0,1,1.0,1,1.0,1,0.16766867209311062,47
2181,2,3909,1749,2160,0,0,0,1.0,1,1.0,1,1.0,1,0.14459071434363124,47
2182,0,3909,1749,2160,0,0,0,1.0,1,1.0,1,1.0,1,0.1282360016345172,45
2183,3,3912,1752,2160,0,0,0,1.0,1,1.0,1,1.0,1,0.15469648183569198,44
2184,5,3917,1755,2162,0,0,0,1.0,1,1.0,1,1.0,1,0.22139795592127517,43
2185,5,3922,1758,2164,0,0,0,1.0,1,1.0,1,1.0,1,0.20600101312316557,40
2186,6,3928,1764,2164,0,0,0,1.0,1,1.0,1,1.0,1,0.3188611296876254,38
2187,2,3930,1765,2165,0,0,0,1.0,1,1.0,1,1.0,1,0.3079602930499603,35
2188,1,3931,1766,2165,0,0,0,1.0,1,1.0,1,1.0,1,0.3504228070946223,34
2189,2,3933,1767,2166,0,0,0,1.0,1,1.0,1,1.0,1,0.307297220155549,31
2190,2,3935,1769,2166,0,0,0,1.0,1,1.0,1,1.0,1,0.34177476028732345,29
2191,4,3939,1770,2169,0,0,0,1.0,1,1.0,1,1.0,1,0.25085269446392844,28
2192,3,3942,1772,2170,0,0,0,1.0,1,1.0,1,1.0,1,0.3070116456353194,29
2193,2,3944,1773,2171,0,0,0,1.0,1,1.0,1,1.0,1,0.3257502424558955,28
2194,0,3944,1773,2171,0,0,0,1.0,1,1.0,1,1.0,1,0.3226850745087124,27
2195,3,3947,1776,2171,0,0,0,1.0,1,1.0,1,1.0,1,0.3564790071360149,27
2196,2,3949,1777,2172,0,0,0,1.0,1,1.0,1,1.0,1,0.42377937103807506,27
2197,0,3949,1777,2172,0,0,0,1.0,1,1.0,1,1.0,1,0.42377937103807506,27
2198,0,3949,1777,2172,0,0,0,1.0,1,1.0,1,1.0,1,0.39544150294188585,28
2199,2,3951,1778,2173,0,0,0,1.0,1,1.0,1,1.0,1,0.37649745468406937,29
2200,1,3952,1778,2174,0,0,0,1.0,1,1.0,1,1.0,1,0.3802395644542437,31
2201,2,3954,1780,2174,0,0,0,1.0,1,1.0,1,1.0,1,0.31915171296293066,32
2202,0,3954,1780,2174,0,0,0,1.0,1,1.0,1,1.0,1,0.30836693837168505,31
2203,0,3954,1780,2174,0,0,0,1.0,1,1.0,1,1.0,1,0.28913320719289515,32
2204,1,3955,1781,2174,0,0,0,1.0,1,1.0,1,1.0,1,0.29402233564168445,32
2205,1,3956,1782,2174,0,0,0,1.0,1,1.0,1,1.0,1,0.3025566469267725,33
2206,2,3958,1782,2176,0,0,0,1.0,1,1.0,1,1.0,1,0.26236369455956965,32
2207,2,3960,1782,2178,0,0,0,1.0,1,1.0,1,1.0,1,0.24703414053548794,33
2208,2,3962,1783,2179,0,0,0,1.0,1,1.0,1,1.0,1,0.23515640742803331,35
2209,2,3964,1784,2180,0,0,0,1.0,1,1.0,1,1.0,1,0.2842691665263473,36
2210,1,3965,1784,2181,0,0,0,1.0,1,1.0,1,1.0,1,0.27693676737447265,35
2211,1,3966,1784,2182,0,0,0,1.0,1,1.0,1,1.0,1,0.2815068468371122,36
2212,1,3967,1784,2183,0,0,0,1.0,1,1.0,1,1.0,1,0.31800895733988693,37
2213,2,3969,1786,2183,0,0,0,1.0,1,1.0,1,1.0,1,0.3317484266871894,37
2214,1,3970,1787,2183,0,0,0,1.0,1,1.0,1,1.0,1,0.36154495831862,39
2215,3,3973,1789,2184,0,0,0,1.0,1,1.0,1,1.0,1,0.3748075229955431,36
2216,4,3977,1792,2185,0,0,0,1.0,1,1.0,1,1.0,1,0.42531080474728034,37
2217,1,3978,1793,2185,0,0,0,1.0,1,1.0,1,1.0,1,0.43292955943769096,35
2218,2,3980,1794,2186,0,0,0,1.0,1,1.0,1,1.0,1,0.43003575321504256,35
2219,1,3981,1795,2186,0,0,0,1.0,1,1.0,1,1.0,1,0.43460978521082433,33
2220,2,3983,1795,2188,0,0,0,1.0,1,1.0,1,1.0,1,0.3995998303860574,31
2221,6,3989,1796,2193,0,0,0,1.0,1,1.0,1,1.0,1,0.27288555781965945,31
2222,2,3991,1796,2195,0,0,0,1.0,1,1.0,1,1.0,1,0.201523639985249,30
2223,1,3992,1797,2195,0,0,0,1.0,1,1.0,1,1.0,1,0.2207433999376766,28
2224,3,3995,1800,2195,0,0,0,1.0,1,1.0,1,1.0,1,0.3719378571383619,29
2225,2,3997,1801,2196,0,0,0,1.0,1,1.0,1,1.0,1,0.31331231435274176,28
2226,2,3999,1802,2197,0,0,0,1.0,1,1.0,1,1.0,1,0.3356398243555913,30
2227,0,3999,1802,2197,0,0,0,1.0,1,1.0,1,1.0,1,0.3163296949093749,28
2228,3,4002,1804,2198,0,0,0,1.0,1,1.0,1,1.0,1,0.35664816023894774,29
2229,0,4002,1804,2198,0,0,0,1.0,1,1.0,1,1.0,1,0.3407661660692646,28
2230,1,4003,1805,2198,0,0,0,1.0,1,1.0,1,1.0,1,0.3664726769411461,28
2231,1,4004,1806,2198,0,0,0,1.0,1,1.0,1,1.0,1,0.34924554492648396,27
2232,0,4004,1806,2198,0,0,0,1.0,1,1.0,1,1.0,1,0.3541819156253331,27
2233,1,4005,1806,2199,0,0,0,1.0,1,1.0,1,1.0,1,0.34536571745248085,28
2234,3,4008,1808,2200,0,0,0,1.0,1,1.0,1,1.0,1,0.3178022882327709,26
2235,0,4008,1808,2200,0,0,0,1.0,1,1.0,1,1.0,1,0.3178022882327709,26
2236,2,4010,1809,2201,0,0,0,1.0,1,1.0,1,1.0,1,0.27056431095344535,26
2237,2,4012,1811,2201,0,0,0,1.0,1,1.0,1,1.0,1,0.28219284675095846,26
2238,2,4014,1813,2201,0,0,0,1.0,1,1.0,1,1.0,1,0.33570642400304324,27
2239,1,4015,1813,2202,0,0,0,1.0,1,1.0,1,1.0,1,0.2719993326239405,28
2240,4,4019,1815,2204,0,0,0,1.0,1,1.0,1,1.0,1,0.3629265254099274,30
2241,2,4021,1816,2205,0,0,0,1.0,1,1.0,1,1.0,1,0.3186430480252701,29
2242,2,4023,1817,2206,0,0,0,1.0,1,1.0,1,1.0,1,0.2819840176305376,29
2243,1,4024,1818,2206,0,0,0,1.0,1,1.0,1,1.0,1,0.316211602472097,29
2244,0,4024,1818,2206,0,0,0,1.0,1,1.0,1,1.0,1,0.316211602472097,29
2245,0,4024,1818,2206,0,0,0,1.0,1,1.0,1,1.0,1,0.3228502261908463,30
2246,0,4024,1818,2206,0,0,0,1.0,1,1.0,1,1.0,1,0.3014052805447917,33
2247,0,4024,1818,2206,0,0,0,1.0,1,1.0,1,1.0,1,0.3133076538177887,34
2248,0,4024,1818,2206,0,0,0,1.0,1,1.0,1,1.0,1,0.3133076538177887,34
2249,0,4024,1818,2206,0,0,0,1.0,1,1.0,1,1.0,1,0.28897741145537775,35
2250,2,4026,1819,2207,0,0,0,1.0,1,1.0,1,1.0,1,0.27469988858945943,35
2251,3,4029,1819,2210,0,0,0,1.0,1,1.0,1,1.0,1,0.17690743845950826,36
2252,2,4031,1820,2211,0,0,0,1.0,1,1.0,1,1.0,1,0.1679803311461315,37
2253,2,4033,1821,2212,0,0,0,1.0,1,1.0,1,1.0,1,0.15648284232916704,35
2254,0,4033,1821,2212,0,0,0,1.0,1,1.0,1,1.0,1,0.20225875399018822,33
2255,1,4034,1822,2212,0,0,0,1.0,1,1.0,1,1.0,1,0.23475072185033893,35
2256,5,4039,1825,2214,0,0,0,1.0,1,1.0,1,1.0,1,0.24908774069403372,34
2257,4,4043,1828,2215,0,0,0,1.0,1,1.0,1,1.0,1,0.25594530554978306,36
2258,0,4043,1828,2215,0,0,0,1.0,1,1.0,1,1.0,1,0.23585648861989603,35
2259,1,4044,1829,2215,0,0,0,1.0,1,1.0,1,1.0,1,0.26001191940553126,35
2260,1,4045,1829,2216,0,0,0,1.0,1,1.0,1,1.0,1,0.22591076100954702,33
2261,0,4045,1829,2216,0,0,0,1.0,1,1.0,1,1.0,1,0.22591076100954702,33
2262,1,4046,1830,2216,0,0,0,1.0,1,1.0,1,1.0,1,0.2961519236284651,32
2263,1,4047,1831,2216,0,0,0,1.0,1,1.0,1,1.0,1,0.305468356087375,31
2264,2,4049,1832,2217,0,0,0,1.0,1,1.0,1,1.0,1,0.34843548316686773,30
2265,0,4049,1832,2217,0,0,0,1.0,1,1.0,1,1.0,1,0.3116757193887664,29
2266,4,4053,1834,2219,0,0,0,1.0,1,1.0,1,1.0,1,0.31899519271116056,30
2267,3,4056,1836,2220,0,0,0,1.0,1,1.0,1,1.0,1,0.3017984976962436,29
2268,2,4058,1838,2220,0,0,0,1.0,1,1.0,1,1.0,1,0.20936468539227088,30
2269,3,4061,1840,2221,0,0,0,1.0,1,1.0,1,1.0,1,0.18840619194826871,31
2270,0,4061,1840,2221,0,0,0,1.0,1,1.0,1,1.0,1,0.18840619194826871,31
2271,6,4067,1844,2223,0,0,0,1.0,1,1.0,1,1.0,1,0.17534596578485975,31
2272,3,4070,1846,2224,0,0,0,1.0,1,1.0,1,1.0,1,0.18978488294214488,31
2273,3,4073,1848,2225,0,0,0,1.0,1,1.0,1,1.0,1,0.32519192309319095,30
2274,2,4075,1848,2227,0,0,0,1.0,1,1.0,1,1.0,1,0.29318456246944247,31
2275,0,4075,1848,2227,0,0,0,1.0,1,1.0,1,1.0,1,0.3092170659606306,32
2276,1,4076,1849,2227,0,0,0,1.0,1,1.0,1,1.0,1,0.3363790162555664,31
2277,0,4076,1849,2227,0,0,0,1.0,1,1.0,1,1.0,1,0.33283299960434437,31
2278,1,4077,1849,2228,0,0,0,1.0,1,1.0,1,1.0,1,0.34062711324384626,32
2279,2,4079,1849,2230,0,0,0,1.0,1,1.0,1,1.0,1,0.2957286661812652,32
2280,0,4079,1849,2230,0,0,0,1.0,1,1.0,1,1.0,1,0.29853294586929213,33
2281,2,4081,1849,2232,0,0,0,1.0,1,1.0,1,1.0,1,0.23256076736809497,34
2282,0,4081,1849,2232,0,0,0,1.0,1,1.0,1,1.0,1,0.23256076736809497,34
2283,0,4081,1849,2232,0,0,0,1.0,1,1.0,1,1.0,1,0.23256076736809497,34
2284,1,4082,1849,2233,0,0,0,1.0,1,1.0,1,1.0,1,0.21376139101186098,34
2285,1,4083,1850,2233,0,0,0,1.0,1,1.0,1,1.0,1,0.21579014975143615,35
2286,0,4083,1850,2233,0,0,0,1.0,1,1.0,1,1.0,1,0.24672958754720026,34
2287,1,4084,1851,2233,0,0,0,1.0,1,1.0,1,1.0,1,0.21938228646276176,35
2288,0,4084,1851,2233,0,0,0,1.0,1,1.0,1,1.0,1,0.24222239379457777,35
2289,3,4087,1852,2235,0,0,0,1.0,1,1.0,1,1.0,1,0.19611478882619107,37
2290,1,4088,1852,2236,0,0,0,1.0,1,1.0,1,1.0,1,0.22537854910036403,37
2291,1,4089,1853,2236,0,0,0,1.0,1,1.0,1,1.0,1,0.2551824796451453,35
2292,4,4093,1854,2239,0,0,0,1.0,1,1.0,1,1.0,1,0.24966803843748095,35
2293,1,4094,1855,2239,0,0,0,1.0,1,1.0,1,1.0,1,0.2560535390973444,34
2294,0,4094,1855,2239,0,0,0,1.0,1,1.0,1,1.0,1,0.2567509566473512,33
2295,1,4095,1856,2239,0,0,0,1.0,1,1.0,1,1.0,1,0.2788420630584823,34
2296,1,4096,1856,2240,0,0,0,1.0,1,1.0,1,1.0,1,0.32731843134836464,33
2297,0,4096,1856,2240,0,0,0,1.0,1,1.0,1,1.0,1,0.34749269636186025,32
2298,0,4096,1856,2240,0,0,0,1.0,1,1.0,1,1.0,1,0.36848555289459206,32
2299,0,4096,1856,2240,0,0,0,1.0,1,1.0,1,1.0,1,0.3499390298118799,33
2300,1,4097,1857,2240,0,0,0,1.0,1,1.0,1,1.0,1,0.3376585966225963,33
2301,1,4098,1858,2240,0,0,0,1.0,1,1.0,1,1.0,1,0.3406345569564801,33
2302,2,4100,1858,2242,0,0,0,1.0,1,1.0,1,1.0,1,0.2819341539039562,34
2303,6,4106,1862,2244,0,0,0,1.0,1,1.0,1,1.0,1,0.33349069788860186,34
2304,4,4110,1865,2245,0,0,0,1.0,1,1.0,1,1.0,1,0.30018714575911615,33
2305,5,4115,1867,2248,0,0,0,1.0,1,1.0,1,1.0,1,0.296132707422868,33
2306,1,4116,1868,2248,0,0,0,1.0,1,1.0,1,1.0,1,0.29983766654583904,33
2307,2,4118,1868,2250,0,0,0,1.0,1,1.0,1,1.0,1,0.2517518626169252,35
2308,0,4118,1868,2250,0,0,0,1.0,1,1.0,1,1.0,1,0.2383168516100301,34
2309,0,4118,1868,2250,0,0,0,1.0,1,1.0,1,1.0,1,0.22450895139016935,34
2310,1,4119,1869,2250,0,0,0,1.0,1,1.0,1,1.0,1,0.22547244801188548,34
2311,2,4121,1870,2251,0,0,0,1.0,1,1.0,1,1.0,1,0.20691402164793354,35
2312,2,4123,1872,2251,0,0,0,1.0,1,1.0,1,1.0,1,0.2602342797703245,34
2313,1,4124,1873,2251,0,0,0,1.0,1,1.0,1,1.0,1,0.2440515499781011,35
2314,0,4124,1873,2251,0,0,0,1.0,1,1.0,1,1.0,1,0.25908942377714667,35
2315,0,4124,1873,2251,0,0,0,1.0,1,1.0,1,1.0,1,0.27424414199342645,34
2316,1,4125,1874,2251,0,0,0,1.0,1,1.0,1,1.0,1,0.31782690458270346,35
2317,0,4125,1874,2251,0,0,0,1.0,1,1.0,1,1.0,1,0.34853226141473265,32
2318,3,4128,1875,2253,0,0,0,1.0,1,1.0,1,1.0,1,0.37784623896924996,32
2319,3,4131,1876,2255,0,0,0,1.0,1,1.0,1,1.0,1,0.4239179097349135,32
2320,1,4132,1876,2256,0,0,0,1.0,1,1.0,1,1.0,1,0.43798706142344185,32
2321,4,4136,1876,2260,0,0,0,1.0,1,1.0,1,1.0,1,0.43306404166427725,33
2322,1,4137,1876,2261,0,0,0,1.0,1,1.0,1,1.0,1,0.41867460568020315,33
2323,1,4138,1876,2262,0,0,0,1.0,1,1.0,1,1.0,1,0.43306404166427725,33
2324,6,4144,1878,2266,0,0,0,1.0,1,1.0,1,1.0,1,0.47333099890415486,34
2325,4,4148,1878,2270,0,0,0,1.0,1,1.0,1,1.0,1,0.49546856992632776,35
2326,9,4157,1878,2279,0,0,0,1.0,1,1.0,1,1.0,1,0.283529082164808,35
2327,1,4158,1878,2280,0,0,0,1.0,1,1.0,1,1.0,1,0.28670124837866323,36
2328,1,4159,1878,2281,0,0,0,1.0,1,1.0,1,1.0,1,0.296197617036374,37
2329,0,4159,1878,2281,0,0,0,1.0,1,1.0,1,1.0,1,0.26140925210381977,37
2330,0,4159,1878,2281,0,0,0,1.0,1,1.0,1,1.0,1,0.26644277270695954,38
2331,1,4160,1878,2282,0,0,0,1.0,1,1.0,1,1.0,1,0.24590548549109117,40
2332,1,4161,1878,2283,0,0,0,1.0,1,1.0,1,1.0,1,0.23231945729000392,40
2333,0,4161,1878,2283,0,0,0,1.0,1,1.0,1,1.0,1,0.24479365392535782,41
2334,0,4161,1878,2283,0,0,0,1.0,1,1.0,1,1.0,1,0.24479365392535782,41
2335,0,4161,1878,2283,0,0,0,1.0,1,1.0,1,1.0,1,0.24479365392535782,41
2336,0,4161,1878,2283,0,0,0,1.0,1,1.0,1,1.0,1,0.24479365392535782,41
2337,0,4161,1878,2283,0,0,0,1.0,1,1.0,1,1.0,1,0.2607660438343659,42
2338,0,4161,1878,2283,0,0,0,1.0,1,1.0,1,1.0,1,0.2740620762000883,43
2339,0,4161,1878,2283,0,0,0,1.0,1,1.0,1,1.0,1,0.2740620762000883,43
2340,5,4166,1878,2288,0,0,0,1.0,1,1.0,1,1.0,1,0.2251524401359311,45
2341,3,4169,1878,2291,0,0,0,1.0,1,1.0,1,1.0,1,0.19159028583597762,45
2342,3,4172,1880,2292,0,0,0,1.0,1,1.0,1,1.0,1,0.23483421214072508,46
2343,3,4175,1881,2294,0,0,0,1.0,1,1.0,1,1.0,1,0.22787159159656456,45
2344,2,4177,1883,2294,0,0,0,1.0,1,1.0,1,1.0,1,0.29309652711683387,44
2345,1,4178,1884,2294,0,0,0,1.0,1,1.0,1,1.0,1,0.2605729239775617,44
2346,1,4179,1884,2295,0,0,0,1.0,1,1.0,1,1.0,1,0.2543680962017032,44
2347,4,4183,1885,2298,0,0,0,1.0,1,1.0,1,1.0,1,0.18574026912297342,44
2348,0,4183,1885,2298,0,0,0,1.0,1,1.0,1,1.0,1,0.1783034883465846,45
2349,1,4184,1886,2298,0,0,0,1.0,1,1.0,1,1.0,1,0.21125844664994176,46
2350,3,4187,1887,2300,0,0,0,1.0,1,1.0,1,1.0,1,0.1981628647375818,47
2351,1,4188,1887,2301,0,0,0,1.0,1,1.0,1,1.0,1,0.18835920183215712,47
2352,1,4189,1888,2301,0,0,0,1.0,1,1.0,1,1.0,1,0.21803631842743484,47
2353,1,4190,1888,2302,0,0,0,1.0,1,1.0,1,1.0,1,0.18820250744099246,46
2354,2,4192,1890,2302,0,0,0,1.0,1,1.0,1,1.0,1,0.20835929442541976,47
2355,0,4192,1890,2302,0,0,0,1.0,1,1.0,1,1.0,1,0.20835929442541976,47
2356,8,4200,1892,2308,0,0,0,1.0,1,1.0,1,1.0,1,0.125593145056701,47
2357,3,4203,1892,2311,0,0,0,1.0,1,1.0,1,1.0,1,0.14691318185981175,47
2358,2,4205,1892,2313,0,0,0,1.0,1,1.0,1,1.0,1,0.13452148221716637,48
2359,2,4207,1892,2315,0,0,0,1.0,1,1.0,1,1.0,1,0.1286036998012515,49
2360,2,4209,1892,2317,0,0,0,1.0,1,1.0,1,1.0,1,0.1286036998012515,49
2361,1,4210,1892,2318,0,0,0,1.0,1,1.0,1,1.0,1,0.1699891757745365,50
2362,0,4210,1892,2318,0,0,0,1.0,1,1.0,1,1.0,1,0.16781456338527964,51
2363,0,4210,1892,2318,0,0,0,1.0,1,1.0,1,1.0,1,0.16781456338527964,51
2364,0,4210,1892,2318,0,0,0,1.0,1,1.0,1,1.0,1,0.17182186394637952,52
2365,5,4215,1895,2320,0,0,0,1.0,1,1.0,1,1.0,1,0.18633608398102466,53
2366,6,4221,1897,2324,0,0,0,1.0,1,1.0,1,1.0,1,0.18337062318255434,54
2367,4,4225,1901,2324,0,0,0,1.0,1,1.0,1,1.0,1,0.2230549029541705,52
2368,5,4230,1905,2325,0,0,0,1.0,1,1.0,1,1.0,1,0.278015661075236,51
2369,4,4234,1906,2328,0,0,0,1.0,1,1.0,1,1.0,1,0.270969058718907,51
2370,5,4239,1909,2330,0,0,0,1.0,1,1.0,1,1.0,1,0.24817199580708735,52
2371,10,4249,1911,2338,0,0,0,1.0,1,1.0,1,1.0,1,0.17629551344505281,52
2372,2,4251,1913,2338,0,0,0,1.0,1,1.0,1,1.0,1,0.1881009493854078,49
2373,2,4253,1915,2338,0,0,0,1.0,1,1.0,1,1.0,1,0.21796339964568212,47
2374,0,4253,1915,2338,0,0,0,1.0,1,1.0,1,1.0,1,0.2004384056548827,45
2375,0,4253,1915,2338,0,0,0,1.0,1,1.0,1,1.0,1,0.17605679768193555,45
2376,0,4253,1915,2338,0,0,0,1.0,1,1.0,1,1.0,1,0.17665922343927934,43
2377,2,4255,1916,2339,0,0,0,1.0,1,1.0,1,1.0,1,0.17643810149861755,44
2378,2,4257,1916,2341,0,0,0,1.0,1,1.0,1,1.0,1,0.14777829789371888,43
2379,0,4257,1916,2341,0,0,0,1.0,1,1.0,1,1.0,1,0.14777829789371888,43
2380,2,4259,1918,2341,0,0,0,1.0,1,1.0,1,1.0,1,0.2159362091949103,43
2381,2,4261,1920,2341,0,0,0,1.0,1,1.0,1,1.0,1,0.22576812639960367,44
2382,0,4261,1920,2341,0,0,0,1.0,1,1.0,1,1.0,1,0.22576812639960367,44
2383,3,4264,1922,2342,0,0,0,1.0,1,1.0,1,1.0,1,0.237091701766821,45
2384,1,4265,1923,2342,0,0,0,1.0,1,1.0,1,1.0,1,0.2252562240460416,45
2385,0,4265,1923,2342,0,0,0,1.0,1,1.0,1,1.0,1,0.20729689621147424,45
2386,10,4275,1928,2347,0,0,0,1.0,1,1.0,1,1.0,1,0.196776944613126,46
2387,1,4276,1928,2348,0,0,0,1.0,1,1.0,1,1.0,1,0.15492232229146202,44
2388,2,4278,1929,2349,0,0,0,1.0,1,1.0,1,1.0,1,0.1580234380658393,44
2389,1,4279,1929,2350,0,0,0,1.0,1,1.0,1,1.0,1,0.13238056947398735,43
2390,3,4282,1932,2350,0,0,0,1.0,1,1.0,1,1.0,1,0.1753785392424482,44
2391,1,4283,1933,2350,0,0,0,1.0,1,1.0,1,1.0,1,0.1798420281248202,43
2392,2,4285,1934,2351,0,0,0,1.0,1,1.0,1,1.0,1,0.19126222435209078,44
2393,2,4287,1935,2352,0,0,0,1.0,1,1.0,1,1.0,1,0.1964698643486336,45
2394,0,4287,1935,2352,0,0,0,1.0,1,1.0,1,1.0,1,0.18239939039846245,44
2395,1,4288,1935,2353,0,0,0,1.0,1,1.0,1,1.0,1,0.17534415854945865,44
2396,3,4291,1937,2354,0,0,0,1.0,1,1.0,1,1.0,1,0.18795292517839993,45
2397,1,4292,1937,2355,0,0,0,1.0,1,1.0,1,1.0,1,0.17275010545983596,44
2398,1,4293,1938,2355,0,0,0,1.0,1,1.0,1,1.0,1,0.19421071112317032,44
2399,0,4293,1938,2355,0,0,0,1.0,1,1.0,1,1.0,1,0.20913704178759765,45
2400,0,4293,1938,2355,0,0,0,1.0,1,1.0,1,1.0,1,0.20913704178759765,45
2401,3,4296,1938,2358,0,0,0,1.0,1,1.0,1,1.0,1,0.1442214708968698,46
2402,0,4296,1938,2358,0,0,0,1.0,1,1.0,1,1.0,1,0.16084099794062534,47
2403,2,4298,1939,2359,0,0,0,1.0,1,1.0,1,1.0,1,0.18402017600724158,48
2404,6,4304,1942,2362,0,0,0,1.0,1,1.0,1,1.0,1,0.1277398971932956,47
2405,2,4306,1942,2364,0,0,0,1.0,1,1.0,1,1.0,1,0.146155486639391,45
2406,2,4308,1943,2365,0,0,0,1.0,1,1.0,1,1.0,1,0.15966114124651243,45
2407,3,4311,1944,2367,0,0,0,1.0,1,1.0,1,1.0,1,0.1832805483772332,42
2408,2,4313,1945,2368,0,0,0,1.0,1,1.0,1,1.0,1,0.21211505124209856,41
2409,1,4314,1946,2368,0,0,0,1.0,1,1.0,1,1.0,1,0.24673868714732494,41
2410,1,4315,1946,2369,0,0,0,1.0,1,1.0,1,1.0,1,0.2971159343071567,40
2411,4,4319,1948,2371,0,0,0,1.0,1,1.0,1,1.0,1,0.3055621089648277,40
2412,4,4323,1950,2373,0,0,0,1.0,1,1.0,1,1.0,1,0.32507434018897424,38
2413,8,4331,1955,2376,0,0,0,1.0,1,1.0,1,1.0,1,0.3957077186110927,38
2414,4,4335,1956,2379,0,0,0,1.0,1,1.0,1,1.0,1,0.31718735338758763,36
2415,4,4339,1957,2382,0,0,0,1.0,1,1.0,1,1.0,1,0.2989165331905163,36
2416,2,4341,1957,2384,0,0,0,1.0,1,1.0,1,1.0,1,0.24885419881736404,35
2417,0,4341,1957,2384,0,0,0,1.0,1,1.0,1,1.0,1,0.3039947927441788,33
2418,0,4341,1957,2384,0,0,0,1.0,1,1.0,1,1.0,1,0.3039947927441788,33
2419,1,4342,1957,2385,0,0,0,1.0,1,1.0,1,1.0,1,0.2934455304096342,33
2420,3,4345,1960,2385,0,0,0,1.0,1,1.0,1,1.0,1,0.25896939124642226,34
2421,2,4347,1961,2386,0,0,0,1.0,1,1.0,1,1.0,1,0.2689654428488661,34
2422,4,4351,1964,2387,0,0,0,1.0,1,1.0,1,1.0,1,0.28777739198856006,35
2423,5,4356,1966,2390,0,0,0,1.0,1,1.0,1,1.0,1,0.2469281807378542,36
2424,4,4360,1968,2392,0,0,0,1.0,1,1.0,1,1.0,1,0.18259384728694733,35
2425,2,4362,1970,2392,0,0,0,1.0,1,1.0,1,1.0,1,0.1772156843969107,33
2426,0,4362,1970,2392,0,0,0,1.0,1,1.0,1,1.0,1,0.19221312884928793,34
2427,1,4363,1971,2392,0,0,0,1.0,1,1.0,1,1.0,1,0.21871730183914595,34
2428,2,4365,1973,2392,0,0,0,1.0,1,1.0,1,1.0,1,0.22955660684052445,34
2429,2,4367,1973,2394,0,0,0,1.0,1,1.0,1,1.0,1,0.21591625808128342,34
2430,0,4367,1973,2394,0,0,0,1.0,1,1.0,1,1.0,1,0.2414850118583712,33
2431,2,4369,1975,2394,0,0,0,1.0,1,1.0,1,1.0,1,0.2098660871467642,33
2432,0,4369,1975,2394,0,0,0,1.0,1,1.0,1,1.0,1,0.2416830586407042,33
2433,2,4371,1976,2395,0,0,0,1.0,1,1.0,1,1.0,1,0.20128988206003887,34
2434,0,4371,1976,2395,0,0,0,1.0,1,1.0,1,1.0,1,0.20128988206003887,34
2435,0,4371,1976,2395,0,0,0,1.0,1,1.0,1,1.0,1,0.20128988206003887,34
2436,1,4372,1977,2395,0,0,0,1.0,1,1.0,1,1.0,1,0.26378219710831724,33
2437,0,4372,1977,2395,0,0,0,1.0,1,1.0,1,1.0,1,0.26378219710831724,33
2438,0,4372,1977,2395,0,0,0,1.0,1,1.0,1,1.0,1,0.26979196482254697,34
2439,1,4373,1977,2396,0,0,0,1.0,1,1.0,1,1.0,1,0.2754123204166146,35
2440,2,4375,1978,2397,0,0,0,1.0,1,1.0,1,1.0,1,0.2613082865880071,35
2441,1,4376,1979,2397,0,0,0,1.0,1,1.0,1,1.0,1,0.28893589217104415,35
2442,0,4376,1979,2397,0,0,0,1.0,1,1.0,1,1.0,1,0.28381045845290953,35
2443,5,4381,1982,2399,0,0,0,1.0,1,1.0,1,1.0,1,0.27405768334375774,35
2444,2,4383,1983,2400,0,0,0,1.0,1,1.0,1,1.0,1,0.3063447012710487,34
2445,4,4387,1985,2402,0,0,0,1.0,1,1.0,1,1.0,1,0.30832928907860424,33
2446,4,4391,1986,2405,0,0,0,1.0,1,1.0,1,1.0,1,0.3538864448072806,30
2447,0,4391,1986,2405,0,0,0,1.0,1,1.0,1,1.0,1,0.33416391187171846,29
2448,2,4393,1988,2405,0,0,0,1.0,1,1.0,1,1.0,1,0.3053082601348801,27
2449,1,4394,1989,2405,0,0,0,1.0,1,1.0,1,1.0,1,0.28055144620233574,26
2450,3,4397,1991,2406,0,0,0,1.0,1,1.0,1,1.0,1,0.23703287991601427,28
2451,0,4397,1991,2406,0,0,0,1.0,1,1.0,1,1.0,1,0.23703287991601427,28
2452,0,4397,1991,2406,0,0,0,1.0,1,1.0,1,1.0,1,0.26343779377581733,29
2453,2,4399,1992,2407,0,0,0,1.0,1,1.0,1,1.0,1,0.2641201980665984,30
2454,1,4400,1992,2408,0,0,0,1.0,1,1.0,1,1.0,1,0.24391332621077677,32
2455,1,4401,1993,2408,0,0,0,1.0,1,1.0,1,1.0,1,0.25640924840882984,33
2456,1,4402,1994,2408,0,0,0,1.0,1,1.0,1,1.0,1,0.22859831210865195,34
2457,1,4403,1995,2408,0,0,0,1.0,1,1.0,1,1.0,1,0.26597525542201306,34
2458,2,4405,1995,2410,0,0,0,1.0,1,1.0,1,1.0,1,0.2737417955921646,36
2459,1,4406,1995,2411,0,0,0,1.0,1,1.0,1,1.0,1,0.28193506183908656,36
2460,2,4408,1996,2412,0,0,0,1.0,1,1.0,1,1.0,1,0.2971633172396772,37
2461,4,4412,1996,2416,0,0,0,1.0,1,1.0,1,1.0,1,0.17544728000556653,37
2462,4,4416,1999,2417,0,0,0,1.0,1,1.0,1,1.0,1,0.14491840343335158,38
2463,1,4417,2000,2417,0,0,0,1.0,1,1.0,1,1.0,1,0.13249077791761826,38
2464,2,4419,2001,2418,0,0,0,1.0,1,1.0,1,1.0,1,0.11579744917525892,37
2465,1,4420,2002,2418,0,0,0,1.0,1,1.0,1,1.0,1,0.10310887703344687,36
2466,3,4423,2005,2418,0,0,0,1.0,1,1.0,1,1.0,1,0.22519062035594642,36
2467,0,4423,2005,2418,0,0,0,1.0,1,1.0,1,1.0,1,0.20796320521861278,34
2468,1,4424,2006,2418,0,0,0,1.0,1,1.0,1,1.0,1,0.23579619821165235,33
2469,1,4425,2007,2418,0,0,0,1.0,1,1.0,1,1.0,1,0.24154149471705555,32
2470,3,4428,2009,2419,0,0,0,1.0,1,1.0,1,1.0,1,0.317973519306126,33
2471,0,4428,2009,2419,0,0,0,1.0,1,1.0,1,1.0,1,0.31770189124561976,31
2472,0,4428,2009,2419,0,0,0,1.0,1,1.0,1,1.0,1,0.33269833158788403,32
2473,0,4428,2009,2419,0,0,0,1.0,1,1.0,1,1.0,1,0.3197530967684682,31
2474,1,4429,2009,2420,0,0,0,1.0,1,1.0,1,1.0,1,0.3338461770422515,33
2475,1,4430,2010,2420,0,0,0,1.0,1,1.0,1,1.0,1,0.3204080339454016,33
2476,5,4435,2011,2424,0,0,0,1.0,1,1.0,1,1.0,1,0.2755361898844641,33
2477,2,4437,2011,2426,0,0,0,1.0,1,1.0,1,1.0,1,0.2279259901979027,33
2478,1,4438,2011,2427,0,0,0,1.0,1,1.0,1,1.0,1,0.23500785776865876,33
2479,3,4441,2013,2428,0,0,0,1.0,1,1.0,1,1.0,1,0.2707791285617278,33
2480,1,4442,2014,2428,0,0,0,1.0,1,1.0,1,1.0,1,0.2808485495016819,34
2481,2,4444,2015,2429,0,0,0,1.0,1,1.0,1,1.0,1,0.2797767999532216,33
2482,0,4444,2015,2429,0,0,0,1.0,1,1.0,1,1.0,1,0.27467238819256834,34
2483,3,4447,2015,2432,0,0,0,1.0,1,1.0,1,1.0,1,0.27651129864162877,33
2484,4,4451,2018,2433,0,0,0,1.0,1,1.0,1,1.0,1,0.3570490671144261,32
2485,2,4453,2018,2435,0,0,0,1.0,1,1.0,1,1.0,1,0.3489713661115845,31
2486,3,4456,2020,2436,0,0,0,1.0,1,1.0,1,1.0,1,0.37966290239394274,29
2487,2,4458,2021,2437,0,0,0,1.0,1,1.0,1,1.0,1,0.3503178975640617,29
2488,4,4462,2023,2439,0,0,0,1.0,1,1.0,1,1.0,1,0.38980907215626937,30
2489,0,4462,2023,2439,0,0,0,1.0,1,1.0,1,1.0,1,0.36867159118262693,29
2490,1,4463,2024,2439,0,0,0,1.0,1,1.0,1,1.0,1,0.3646988090625689,30
2491,2,4465,2024,2441,0,0,0,1.0,1,1.0,1,1.0,1,0.27942238442913697,30
2492,0,4465,2024,2441,0,0,0,1.0,1,1.0,1,1.0,1,0.26880171042059814,29
2493,0,4465,2024,2441,0,0,0,1.0,1,1.0,1,1.0,1,0.26880171042059814,29
2494,0,4465,2024,2441,0,0,0,1.0,1,1.0,1,1.0,1,0.2987753471315061,28
2495,1,4466,2025,2441,0,0,0,1.0,1,1.0,1,1.0,1,0.335619883676555,29
2496,0,4466,2025,2441,0,0,0,1.0,1,1.0,1,1.0,1,0.3253190752407228,28
2497,1,4467,2026,2441,0,0,0,1.0,1,1.0,1,1.0,1,0.3983051065334671,28
2498,1,4468,2026,2442,0,0,0,1.0,1,1.0,1,1.0,1,0.3725180362966129,29
2499,0,4468,2026,2442,0,0,0,1.0,1,1.0,1,1.0,1,0.3737406777804873,30
2500,1,4469,2027,2442,0,0,0,1.0,1,1.0,1,1.0,1,0.3737030111840644,29
2501,5,4474,2029,2445,0,0,0,1.0,1,1.0,1,1.0,1,0.31545782436406467,33
2502,5,4479,2032,2447,0,0,0,1.0,1,1.0,1,1.0,1,0.2498894921693706,33
2503,3,4482,2033,2449,0,0,0,1.0,1,1.0,1,1.0,1,0.26529753245920334,31
2504,4,4486,2037,2449,0,0,0,1.0,1,1.0,1,1.0,1,0.2855211151432589,31
2505,2,4488,2038,2450,0,0,0,1.0,1,1.0,1,1.0,1,0.2764108655778599,32
2506,4,4492,2041,2451,0,0,0,1.0,1,1.0,1,1.0,1,0.26098997140497643,31
2507,2,4494,2043,2451,0,0,0,1.0,1,1.0,1,1.0,1,0.20280205734558154,29
2508,2,4496,2045,2451,0,0,0,1.0,1,1.0,1,1.0,1,0.21142229999911813,31
2509,1,4497,2046,2451,0,0,0,1.0,1,1.0,1,1.0,1,0.19259334123213395,30
2510,2,4499,2047,2452,0,0,0,1.0,1,1.0,1,1.0,1,0.1552013335608753,31
2511,1,4500,2048,2452,0,0,0,1.0,1,1.0,1,1.0,1,0.21793823321172331,32
2512,1,4501,2049,2452,0,0,0,1.0,1,1.0,1,1.0,1,0.2355730412023785,32
2513,2,4503,2049,2454,0,0,0,1.0,1,1.0,1,1.0,1,0.1603051760321142,34
2514,1,4504,2049,2455,0,0,0,1.0,1,1.0,1,1.0,1,0.1226261779568715,35
2515,1,4505,2050,2455,0,0,0,1.0,1,1.0,1,1.0,1,0.1624686644115456,35
2516,1,4506,2051,2455,0,0,0,1.0,1,1.0,1,1.0,1,0.15215216388482855,34
2517,2,4508,2053,2455,0,0,0,1.0,1,1.0,1,1.0,1,0.1926939923485132,34
2518,4,4512,2056,2456,0,0,0,1.0,1,1.0,1,1.0,1,0.2668468479731475,33
2519,1,4513,2057,2456,0,0,0,1.0,1,1.0,1,1.0,1,0.2231813313074988,32
2520,1,4514,2058,2456,0,0,0,1.0,1,1.0,1,1.0,1,0.21967094573294335,31
2521,1,4515,2059,2456,0,0,0,1.0,1,1.0,1,1.0,1,0.23611825018743948,31
2522,0,4515,2059,2456,0,0,0,1.0,1,1.0,1,1.0,1,0.2617520732397071,30
2523,0,4515,2059,2456,0,0,0,1.0,1,1.0,1,1.0,1,0.2726960735764883,30
2524,1,4516,2059,2457,0,0,0,1.0,1,1.0,1,1.0,1,0.3435106838675697,29
2525,0,4516,2059,2457,0,0,0,1.0,1,1.0,1,1.0,1,0.3435106838675697,29
2526,0,4516,2059,2457,0,0,0,1.0,1,1.0,1,1.0,1,0.36315938695087663,27
2527,0,4516,2059,2457,0,0,0,1.0,1,1.0,1,1.0,1,0.36884041383432575,28
2528,0,4516,2059,2457,0,0,0,1.0,1,1.0,1,1.0,1,0.36884041383432575,28
2529,0,4516,2059,2457,0,0,0,1.0,1,1.0,1,1.0,1,0.36884041383432575,28
2530,0,4516,2059,2457,0,0,0,1.0,1,1.0,1,1.0,1,0.38087269185811384,29
2531,0,4516,2059,2457,0,0,0,1.0,1,1.0,1,1.0,1,0.3987558777061548,30
2532,0,4516,2059,2457,0,0,0,1.0,1,1.0,1,1.0,1,0.4053532947250847,31
2533,0,4516,2059,2457,0,0,0,1.0,1,1.0,1,1.0,1,0.4053532947250847,31
2534,0,4516,2059,2457,0,0,0,1.0,1,1.0,1,1.0,1,0.4053532947250847,31
2535,2,4518,2060,2458,0,0,0,1.0,1,1.0,1,1.0,1,0.4260375792469533,31
2536,2,4520,2061,2459,0,0,0,1.0,1,1.0,1,1.0,1,0.3909325009543803,32
2537,1,4521,2062,2459,0,0,0,1.0,1,1.0,1,1.0,1,0.3555374040659207,33
2538,1,4522,2062,2460,0,0,0,1.0,1,1.0,1,1.0,1,0.3329103506952181,35
2539,3,4525,2063,2462,0,0,0,1.0,1,1.0,1,1.0,1,0.3257754793562719,37
2540,4,4529,2066,2463,0,0,0,1.0,1,1.0,1,1.0,1,0.31279773997932764,38
2541,1,4530,2066,2464,0,0,0,1.0,1,1.0,1,1.0,1,0.2869499186979046,39
2542,4,4534,2069,2465,0,0,0,1.0,1,1.0,1,1.0,1,0.3193512337669667,38
2543,4,4538,2071,2467,0,0,0,1.0,1,1.0,1,1.0,1,0.2876268149197639,41
2544,2,4540,2073,2467,0,0,0,1.0,1,1.0,1,1.0,1,0.2802191299574491,39
2545,4,4544,2075,2469,0,0,0,1.0,1,1.0,1,1.0,1,0.319511483010097,40
2546,0,4544,2075,2469,0,0,0,1.0,1,1.0,1,1.0,1,0.28997397651009216,38
2547,2,4546,2077,2469,0,0,0,1.0,1,1.0,1,1.0,1,0.34662362265892727,38
2548,1,4547,2077,2470,0,0,0,1.0,1,1.0,1,1.0,1,0.3011554092859668,35
2549,2,4549,2079,2470,0,0,0,1.0,1,1.0,1,1.0,1,0.3848460035478677,35
2550,2,4551,2080,2471,0,0,0,1.0,1,1.0,1,1.0,1,0.3877350081359468,33
2551,1,4552,2081,2471,0,0,0,1.0,1,1.0,1,1.0,1,0.4435824375967863,31
2552,0,4552,2081,2471,0,0,0,1.0,1,1.0,1,1.0,1,0.4477820709857316,30
2553,0,4552,2081,2471,0,0,0,1.0,1,1.0,1,1.0,1,0.4477820709857316,30
2554,0,4552,2081,2471,0,0,0,1.0,1,1.0,1,1.0,1,0.4414736054344258,32
2555,3,4555,2082,2473,0,0,0,1.0,1,1.0,1,1.0,1,0.4858327132497274,32
2556,6,4561,2084,2477,0,0,0,1.0,1,1.0,1,1.0,1,0.31944031562697484,32
2557,0,4561,2084,2477,0,0,0,1.0,1,1.0,1,1.0,1,0.3626335528841518,30
2558,2,4563,2085,2478,0,0,0,1.0,1,1.0,1,1.0,1,0.37058961055652917,31
2559,0,4563,2085,2478,0,0,0,1.0,1,1.0,1,1.0,1,0.35343887399657214,30
2560,0,4563,2085,2478,0,0,0,1.0,1,1.0,1,1.0,1,0.35343887399657214,30
2561,0,4563,2085,2478,0,0,0,1.0,1,1.0,1,1.0,1,0.35343887399657214,30
2562,0,4563,2085,2478,0,0,0,1.0,1,1.0,1,1.0,1,0.3662546867318159,33
2563,2,4565,2085,2480,0,0,0,1.0,1,1.0,1,1.0,1,0.36136619426442473,33
2564,0,4565,2085,2480,0,0,0,1.0,1,1.0,1,1.0,1,0.36136619426442473,33
2565,0,4565,2085,2480,0,0,0,1.0,1,1.0,1,1.0,1,0.36136619426442473,33
2566,3,4568,2085,2483,0,0,0,1.0,1,1.0,1,1.0,1,0.3063699159393478,35
2567,2,4570,2086,2484,0,0,0,1.0,1,1.0,1,1.0,1,0.28038252247941603,36
2568,2,4572,2087,2485,0,0,0,1.0,1,1.0,1,1.0,1,0.332773758869719,37
2569,2,4574,2088,2486,0,0,0,1.0,1,1.0,1,1.0,1,0.3191067635439135,37
2570,1,4575,2088,2487,0,0,0,1.0,1,1.0,1,1.0,1,0.315680660727416,37
2571,0,4575,2088,2487,0,0,0,1.0,1,1.0,1,1.0,1,0.315680660727416,37
2572,0,4575,2088,2487,0,0,0,1.0,1,1.0,1,1.0,1,0.2942790058257232,39
2573,0,4575,2088,2487,0,0,0,1.0,1,1.0,1,1.0,1,0.2942790058257232,39
2574,0,4575,2088,2487,0,0,0,1.0,1,1.0,1,1.0,1,0.3054496125329967,38
2575,0,4575,2088,2487,0,0,0,1.0,1,1.0,1,1.0,1,0.3054496125329967,38
2576,0,4575,2088,2487,0,0,0,1.0,1,1.0,1,1.0,1,0.3338969880561325,37
2577,1,4576,2088,2488,0,0,0,1.0,1,1.0,1,1.0,1,0.3339597904534208,39
2578,1,4577,2088,2489,0,0,0,1.0,1,1.0,1,1.0,1,0.3361473923291997,40
2579,0,4577,2088,2489,0,0,0,1.0,1,1.0,1,1.0,1,0.3328982591052241,41
2580,0,4577,2088,2489,0,0,0,1.0,1,1.0,1,1.0,1,0.3394858826306269,42
2581,0,4577,2088,2489,0,0,0,1.0,1,1.0,1,1.0,1,0.3337088349179016,43
2582,2,4579,2089,2490,0,0,0,1.0,1,1.0,1,1.0,1,0.3371412504744988,43
2583,4,4583,2090,2493,0,0,0,1.0,1,1.0,1,1.0,1,0.3514837810583748,43
2584,1,4584,2090,2494,0,0,0,1.0,1,1.0,1,1.0,1,0.3123721173690641,43
2585,3,4587,2091,2496,0,0,0,1.0,1,1.0,1,1.0,1,0.32140714036814133,44
2586,3,4590,2091,2499,0,0,0,1.0,1,1.0,1,1.0,1,0.2397390466759969,43
2587,1,4591,2092,2499,0,0,0,1.0,1,1.0,1,1.0,1,0.27740488173086425,44
2588,2,4593,2093,2500,0,0,0,1.0,1,1.0,1,1.0,1,0.27482304533988783,44
2589,3,4596,2095,2501,0,0,0,1.0,1,1.0,1,1.0,1,0.2628155031256325,44
2590,2,4598,2095,2503,0,0,0,1.0,1,1.0,1,1.0,1,0.21188621917998082,44
2591,0,4598,2095,2503,0,0,0,1.0,1,1.0,1,1.0,1,0.21188621917998082,44
2592,1,4599,2096,2503,0,0,0,1.0,1,1.0,1,1.0,1,0.2338057367033212,44
2593,1,4600,2097,2503,0,0,0,1.0,1,1.0,1,1.0,1,0.21399694918504145,43
2594,5,4605,2099,2506,0,0,0,1.0,1,1.0,1,1.0,1,0.24142011013462386,48
2595,2,4607,2100,2507,0,0,0,1.0,1,1.0,1,1.0,1,0.18705927899305322,45
2596,3,4610,2102,2508,0,0,0,1.0,1,1.0,1,1.0,1,0.18904359246414026,46
2597,2,4612,2103,2509,0,0,0,1.0,1,1.0,1,1.0,1,0.17409133324312182,45
2598,0,4612,2103,2509,0,0,0,1.0,1,1.0,1,1.0,1,0.17409133324312182,45
2599,1,4613,2104,2509,0,0,0,1.0,1,1.0,1,1.0,1,0.17186141985441242,45
2600,3,4616,2105,2511,0,0,0,1.0,1,1.0,1,1.0,1,0.1703930579955476,48
2601,2,4618,2107,2511,0,0,0,1.0,1,1.0,1,1.0,1,0.2111055188026347,47
2602,0,4618,2107,2511,0,0,0,1.0,1,1.0,1,1.0,1,0.2235195014321061,48
2603,0,4618,2107,2511,0,0,0,1.0,1,1.0,1,1.0,1,0.2235195014321061,48
2604,0,4618,2107,2511,0,0,0,1.0,1,1.0,1,1.0,1,0.2393057007874844,47
2605,0,4618,2107,2511,0,0,0,1.0,1,1.0,1,1.0,1,0.2393057007874844,47
2606,1,4619,2108,2511,0,0,0,1.0,1,1.0,1,1.0,1,0.234753865328176,46
2607,0,4619,2108,2511,0,0,0,1.0,1,1.0,1,1.0,1,0.25684730973166425,45
2608,3,4622,2109,2513,0,0,0,1.0,1,1.0,1,1.0,1,0.22309166764206717,45
2609,1,4623,2110,2513,0,0,0,1.0,1,1.0,1,1.0,1,0.23928578568560357,44
2610,3,4626,2111,2515,0,0,0,1.0,1,1.0,1,1.0,1,0.23537617287499757,45
2611,8,4634,2114,2520,0,0,0,1.0,1,1.0,1,1.0,1,0.1994548289390789,46
2612,1,4635,2114,2521,0,0,0,1.0,1,1.0,1,1.0,1,0.17136444602845605,47
2613,1,4636,2115,2521,0,0,0,1.0,1,1.0,1,1.0,1,0.19090879223585733,48
2614,2,4638,2117,2521,0,0,0,1.0,1,1.0,1,1.0,1,0.2449419708083472,48
2615,3,4641,2119,2522,0,0,0,1.0,1,1.0,1,1.0,1,0.2351911984383568,49
2616,0,4641,2119,2522,0,0,0,1.0,1,1.0,1,1.0,1,0.2351911984383568,49
2617,2,4643,2119,2524,0,0,0,1.0,1,1.0,1,1.0,1,0.1815237843181972,48
2618,1,4644,2120,2524,0,0,0,1.0,1,1.0,1,1.0,1,0.1760627268637246,47
2619,1,4645,2121,2524,0,0,0,1.0,1,1.0,1,1.0,1,0.1573846266271362,50
2620,1,4646,2122,2524,0,0,0,1.0,1,1.0,1,1.0,1,0.16565992154371317,51
2621,1,4647,2122,2525,0,0,0,1.0,1,1.0,1,1.0,1,0.15278026980909443,52
2622,1,4648,2123,2525,0,0,0,1.0,1,1.0,1,1.0,1,0.13568744906490984,52
2623,5,4653,2125,2528,0,0,0,1.0,1,1.0,1,1.0,1,0.1609167292860846,53
2624,3,4656,2126,2530,0,0,0,1.0,1,1.0,1,1.0,1,0.1494019629607759,51
2625,6,4662,2128,2534,0,0,0,1.0,1,1.0,1,1.0,1,0.18155980065239286,50
2626,6,4668,2131,2537,0,0,0,1.0,1,1.0,1,1.0,1,0.15357350836397457,49
2627,1,4669,2132,2537,0,0,0,1.0,1,1.0,1,1.0,1,0.15693815687157017,48
2628,2,4671,2133,2538,0,0,0,1.0,1,1.0,1,1.0,1,0.15609120227978593,48
2629,0,4671,2133,2538,0,0,0,1.0,1,1.0,1,1.0,1,0.13591282461143706,47
2630,0,4671,2133,2538,0,0,0,1.0,1,1.0,1,1.0,1,0.17689135663979824,47
2631,0,4671,2133,2538,0,0,0,1.0,1,1.0,1,1.0,1,0.17770683712354424,47
2632,3,4674,2135,2539,0,0,0,1.0,1,1.0,1,1.0,1,0.16523703287977637,47
2633,0,4674,2135,2539,0,0,0,1.0,1,1.0,1,1.0,1,0.16168661016573715,44
2634,0,4674,2135,2539,0,0,0,1.0,1,1.0,1,1.0,1,0.19075978594858264,44
2635,2,4676,2137,2539,0,0,0,1.0,1,1.0,1,1.0,1,0.23697154969670045,45
2636,2,4678,2139,2539,0,0,0,1.0,1,1.0,1,1.0,1,0.2736494840480077,40
2637,3,4681,2142,2539,0,0,0,1.0,1,1.0,1,1.0,1,0.329207390282866,41
2638,6,4687,2146,2541,0,0,0,1.0,1,1.0,1,1.0,1,0.40815427469409926,38
2639,2,4689,2146,2543,0,0,0,1.0,1,1.0,1,1.0,1,0.3970203284216854,39
2640,2,4691,2147,2544,0,0,0,1.0,1,1.0,1,1.0,1,0.4043350790909251,38
2641,9,4700,2149,2551,0,0,0,1.0,1,1.0,1,1.0,1,0.23641610827668244,37
2642,2,4702,2151,2551,0,0,0,1.0,1,1.0,1,1.0,1,0.28268200603195176,38
2643,1,4703,2151,2552,0,0,0,1.0,1,1.0,1,1.0,1,0.26287739086778256,37
2644,2,4705,2152,2553,0,0,0,1.0,1,1.0,1,1.0,1,0.25693860431049925,36
2645,2,4707,2152,2555,0,0,0,1.0,1,1.0,1,1.0,1,0.16656040373232078,35
2646,1,4708,2153,2555,0,0,0,1.0,1,1.0,1,1.0,1,0.1764866780019109,35
2647,0,4708,2153,2555,0,0,0,1.0,1,1.0,1,1.0,1,0.17162868357886713,35
2648,0,4708,2153,2555,0,0,0,1.0,1,1.0,1,1.0,1,0.1674454917158051,36
2649,1,4709,2154,2555,0,0,0,1.0,1,1.0,1,1.0,1,0.16351361224069988,37
2650,0,4709,2154,2555,0,0,0,1.0,1,1.0,1,1.0,1,0.17880609489264282,39
2651,1,4710,2155,2555,0,0,0,1.0,1,1.0,1,1.0,1,0.16716743572619935,39
2652,0,4710,2155,2555,0,0,0,1.0,1,1.0,1,1.0,1,0.16716743572619935,39
2653,0,4710,2155,2555,0,0,0,1.0,1,1.0,1,1.0,1,0.16716743572619935,39
2654,0,4710,2155,2555,0,0,0,1.0,1,1.0,1,1.0,1,0.1850059123241153,40
2655,0,4710,2155,2555,0,0,0,1.0,1,1.0,1,1.0,1,0.1850059123241153,40
2656,2,4712,2156,2556,0,0,0,1.0,1,1.0,1,1.0,1,0.1724018821904012,39
2657,0,4712,2156,2556,0,0,0,1.0,1,1.0,1,1.0,1,0.19151006627399023,40
2658,1,4713,2157,2556,0,0,0,1.0,1,1.0,1,1.0,1,0.1981952367995786,41
2659,4,4717,2160,2557,0,0,0,1.0,1,1.0,1,1.0,1,0.26344756946518544,41
2660,1,4718,2160,2558,0,0,0,1.0,1,1.0,1,1.0,1,0.27887537365666143,40
2661,3,4721,2162,2559,0,0,0,1.0,1,1.0,1,1.0,1,0.2616123131199382,40
2662,2,4723,2164,2559,0,0,0,1.0,1,1.0,1,1.0,1,0.27931041581440424,42
2663,2,4725,2165,2560,0,0,0,1.0,1,1.0,1,1.0,1,0.22430727128652642,41
2664,2,4727,2166,2561,0,0,0,1.0,1,1.0,1,1.0,1,0.2552119469913923,42
2665,6,4733,2169,2564,0,0,0,1.0,1,1.0,1,1.0,1,0.23117667173526285,43
2666,4,4737,2171,2566,0,0,0,1.0,1,1.0,1,1.0,1,0.22596250376192137,44
2667,5,4742,2174,2568,0,0,0,1.0,1,1.0,1,1.0,1,0.3030191320420524,42
2668,3,4745,2176,2569,0,0,0,1.0,1,1.0,1,1.0,1,0.315825862743036,41
2669,4,4749,2176,2573,0,0,0,1.0,1,1.0,1,1.0,1,0.2668771004388485,42
2670,1,4750,2176,2574,0,0,0,1.0,1,1.0,1,1.0,1,0.28665700158238483,40
2671,2,4752,2178,2574,0,0,0,1.0,1,1.0,1,1.0,1,0.29902518660863187,39
2672,0,4752,2178,2574,0,0,0,1.0,1,1.0,1,1.0,1,0.3089064232845501,36
2673,2,4754,2179,2575,0,0,0,1.0,1,1.0,1,1.0,1,0.3103665692240382,35
2674,2,4756,2179,2577,0,0,0,1.0,1,1.0,1,1.0,1,0.2258211011355582,33
2675,2,4758,2180,2578,0,0,0,1.0,1,1.0,1,1.0,1,0.2159158075959879,34
2676,0,4758,2180,2578,0,0,0,1.0,1,1.0,1,1.0,1,0.193867143914972,32
2677,2,4760,2182,2578,0,0,0,1.0,1,1.0,1,1.0,1,0.27928375919414106,33
2678,0,4760,2182,2578,0,0,0,1.0,1,1.0,1,1.0,1,0.2573502928658011,33
2679,1,4761,2183,2578,0,0,0,1.0,1,1.0,1,1.0,1,0.3709478293711364,32
2680,2,4763,2184,2579,0,0,0,1.0,1,1.0,1,1.0,1,0.37876520460947805,32
2681,0,4763,2184,2579,0,0,0,1.0,1,1.0,1,1.0,1,0.37729461213090704,32
2682,1,4764,2185,2579,0,0,0,1.0,1,1.0,1,1.0,1,0.36755592403812587,33
2683,0,4764,2185,2579,0,0,0,1.0,1,1.0,1,1.0,1,0.3358186414322825,32
2684,1,4765,2185,2580,0,0,0,1.0,1,1.0,1,1.0,1,0.3467608683463693,31
2685,0,4765,2185,2580,0,0,0,1.0,1,1.0,1,1.0,1,0.3467608683463693,31
2686,1,4766,2185,2581,0,0,0,1.0,1,1.0,1,1.0,1,0.36013501987163754,30
2687,1,4767,2185,2582,0,0,0,1.0,1,1.0,1,1.0,1,0.33586685759895946,30
2688,2,4769,2186,2583,0,0,0,1.0,1,1.0,1,1.0,1,0.3355762406876576,30
2689,2,4771,2188,2583,0,0,0,1.0,1,1.0,1,1.0,1,0.32224039663900994,31
2690,6,4777,2192,2585,0,0,0,1.0,1,1.0,1,1.0,1,0.2511803854976087,31
2691,1,4778,2193,2585,0,0,0,1.0,1,1.0,1,1.0,1,0.27982363866730775,32
2692,2,4780,2194,2586,0,0,0,1.0,1,1.0,1,1.0,1,0.28081171263342786,32
2693,4,4784,2196,2588,0,0,0,1.0,1,1.0,1,1.0,1,0.28365927921765893,33
2694,0,4784,2196,2588,0,0,0,1.0,1,1.0,1,1.0,1,0.2804285582351157,34
2695,0,4784,2196,2588,0,0,0,1.0,1,1.0,1,1.0,1,0.25962652670202563,35
2696,0,4784,2196,2588,0,0,0,1.0,1,1.0,1,1.0,1,0.25962652670202563,35
2697,0,4784,2196,2588,0,0,0,1.0,1,1.0,1,1.0,1,0.25962652670202563,35
2698,1,4785,2197,2588,0,0,0,1.0,1,1.0,1,1.0,1,0.26546325288544553,36
2699,3,4788,2198,2590,0,0,0,1.0,1,1.0,1,1.0,1,0.22802555078894182,36
2700,2,4790,2199,2591,0,0,0,1.0,1,1.0,1,1.0,1,0.24486780376178408,37
2701,3,4793,2200,2593,0,0,0,1.0,1,1.0,1,1.0,1,0.17558870295463197,37
2702,1,4794,2201,2593,0,0,0,1.0,1,1.0,1,1.0,1,0.1440497834516779,37
2703,2,4796,2202,2594,0,0,0,1.0,1,1.0,1,1.0,1,0.15787806021767012,38
2704,3,4799,2204,2595,0,0,0,1.0,1,1.0,1,1.0,1,0.17580235339133607,37
2705,3,4802,2206,2596,0,0,0,1.0,1,1.0,1,1.0,1,0.1490022846720545,36
2706,4,4806,2208,2598,0,0,0,1.0,1,1.0,1,1.0,1,0.2205171418578764,36
2707,1,4807,2209,2598,0,0,0,1.0,1,1.0,1,1.0,1,0.25382103679970514,35
2708,2,4809,2211,2598,0,0,0,1.0,1,1.0,1,1.0,1,0.2831684952492413,36
2709,2,4811,2213,2598,0,0,0,1.0,1,1.0,1,1.0,1,0.3162786114387606,32
2710,2,4813,2215,2598,0,0,0,1.0,1,1.0,1,1.0,1,0.40116137303449595,29
2711,1,4814,2216,2598,0,0,0,1.0,1,1.0,1,1.0,1,0.40257746808300077,29
2712,1,4815,2217,2598,0,0,0,1.0,1,1.0,1,1.0,1,0.47219904146927255,28
2713,2,4817,2217,2600,0,0,0,1.0,1,1.0,1,1.0,1,0.4564297482773736,28
2714,4,4821,2219,2602,0,0,0,1.0,1,1.0,1,1.0,1,0.45838967277720066,26
2715,2,4823,2219,2604,0,0,0,1.0,1,1.0,1,1.0,1,0.42114584125329957,24
2716,3,4826,2220,2606,0,0,0,1.0,1,1.0,1,1.0,1,0.31065699127358365,24
2717,3,4829,2222,2607,0,0,0,1.0,1,1.0,1,1.0,1,0.34773425577964817,25
2718,4,4833,2222,2611,0,0,0,1.0,1,1.0,1,1.0,1,0.3134027964104765,25
2719,5,4838,2224,2614,0,0,0,1.0,1,1.0,1,1.0,1,0.34596843785927783,25
2720,3,4841,2225,2616,0,0,0,1.0,1,1.0,1,1.0,1,0.3929199780144056,25
2721,3,4844,2227,2617,0,0,0,1.0,1,1.0,1,1.0,1,0.3539856550072051,25
2722,4,4848,2228,2620,0,0,0,1.0,1,1.0,1,1.0,1,0.31563126099393385,26
2723,1,4849,2228,2621,0,0,0,1.0,1,1.0,1,1.0,1,0.3336374201711406,26
2724,1,4850,2229,2621,0,0,0,1.0,1,1.0,1,1.0,1,0.3196523822514508,27
2725,1,4851,2229,2622,0,0,0,1.0,1,1.0,1,1.0,1,0.2814534231833319,28
2726,0,4851,2229,2622,0,0,0,1.0,1,1.0,1,1.0,1,0.2814534231833319,28
2727,0,4851,2229,2622,0,0,0,1.0,1,1.0,1,1.0,1,0.27899424146009416,29
2728,0,4851,2229,2622,0,0,0,1.0,1,1.0,1,1.0,1,0.27899424146009416,29
2729,1,4852,2229,2623,0,0,0,1.0,1,1.0,1,1.0,1,0.2956370197294514,29
2730,2,4854,2229,2625,0,0,0,1.0,1,1.0,1,1.0,1,0.24433911872544098,29
2731,0,4854,2229,2625,0,0,0,1.0,1,1.0,1,1.0,1,0.25376220781737,30
2732,0,4854,2229,2625,0,0,0,1.0,1,1.0,1,1.0,1,0.27198557272494694,29
2733,0,4854,2229,2625,0,0,0,1.0,1,1.0,1,1.0,1,0.27198557272494694,29
2734,0,4854,2229,2625,0,0,0,1.0,1,1.0,1,1.0,1,0.27198557272494694,29
2735,1,4855,2230,2625,0,0,0,1.0,1,1.0,1,1.0,1,0.3315653736731912,29
2736,4,4859,2231,2628,0,0,0,1.0,1,1.0,1,1.0,1,0.23488881466703596,30
2737,1,4860,2231,2629,0,0,0,1.0,1,1.0,1,1.0,1,0.26885981979253276,30
2738,1,4861,2232,2629,0,0,0,1.0,1,1.0,1,1.0,1,0.29968633067231126,30
2739,2,4863,2233,2630,0,0,0,1.0,1,1.0,1,1.0,1,0.3719277022012418,29
2740,0,4863,2233,2630,0,0,0,1.0,1,1.0,1,1.0,1,0.3719277022012418,29
2741,0,4863,2233,2630,0,0,0,1.0,1,1.0,1,1.0,1,0.4066238893975801,28
2742,1,4864,2234,2630,0,0,0,1.0,1,1.0,1,1.0,1,0.4140161817981178,28
2743,3,4867,2235,2632,0,0,0,1.0,1,1.0,1,1.0,1,0.3705757891116379,29
2744,4,4871,2237,2634,0,0,0,1.0,1,1.0,1,1.0,1,0.3784858352195431,27
2745,1,4872,2238,2634,0,0,0,1.0,1,1.0,1,1.0,1,0.3881131737444125,25
2746,3,4875,2240,2635,0,0,0,1.0,1,1.0,1,1.0,1,0.40874180622526063,25
2747,0,4875,2240,2635,0,0,0,1.0,1,1.0,1,1.0,1,0.40125524924710776,23
2748,0,4875,2240,2635,0,0,0,1.0,1,1.0,1,1.0,1,0.3837459741201366,22
2749,3,4878,2241,2637,0,0,0,1.0,1,1.0,1,1.0,1,0.40624136968007285,19
2750,2,4880,2243,2637,0,0,0,1.0,1,1.0,1,1.0,1,0.3741061355032263,18
2751,0,4880,2243,2637,0,0,0,1.0,1,1.0,1,1.0,1,0.4318943573138152,16
2752,0,4880,2243,2637,0,0,0,1.0,1,1.0,1,1.0,1,0.410424077867174,15
2753,0,4880,2243,2637,0,0,0,1.0,1,1.0,1,1.0,1,0.410424077867174,15
2754,0,4880,2243,2637,0,0,0,1.0,1,1.0,1,1.0,1,0.410424077867174,15
2755,0,4880,2243,2637,0,0,0,1.0,1,1.0,1,1.0,1,0.410424077867174,15
2756,0,4880,2243,2637,0,0,0,1.0,1,1.0,1,1.0,1,0.41186022942331885,16
2757,0,4880,2243,2637,0,0,0,1.0,1,1.0,1,1.0,1,0.33662950598119695,17
2758,0,4880,2243,2637,0,0,0,1.0,1,1.0,1,1.0,1,0.33662950598119695,17
2759,0,4880,2243,2637,0,0,0,1.0,1,1.0,1,1.0,1,0.32741966842037046,18
2760,0,4880,2243,2637,0,0,0,1.0,1,1.0,1,1.0,1,0.32741966842037046,18
2761,0,4880,2243,2637,0,0,0,1.0,1,1.0,1,1.0,1,0.32741966842037046,18
2762,0,4880,2243,2637,0,0,0,1.0,1,1.0,1,1.0,1,0.32741966842037046,18
2763,0,4880,2243,2637,0,0,0,1.0,1,1.0,1,1.0,1,0.38828140648693094,17
2764,1,4881,2244,2637,0,0,0,1.0,1,1.0,1,1.0,1,0.4904144123673194,17
2765,1,4882,2245,2637,0,0,0,1.0,1,1.0,1,1.0,1,0.4538144029957865,18
2766,0,4882,2245,2637,0,0,0,1.0,1,1.0,1,1.0,1,0.4538144029957865,18
2767,0,4882,2245,2637,0,0,0,1.0,1,1.0,1,1.0,1,0.4538144029957865,18
2768,0,4882,2245,2637,0,0,0,1.0,1,1.0,1,1.0,1,0.4538144029957865,18
2769,2,4884,2247,2637,0,0,0,1.0,1,1.0,1,1.0,1,0.4179872034380716,18
2770,0,4884,2247,2637,0,0,0,1.0,1,1.0,1,1.0,1,0.4179872034380716,18
2771,0,4884,2247,2637,0,0,0,1.0,1,1.0,1,1.0,1,0.4179872034380716,18
2772,0,4884,2247,2637,0,0,0,1.0,1,1.0,1,1.0,1,0.4179872034380716,18
2773,0,4884,2247,2637,0,0,0,1.0,1,1.0,1,1.0,1,0.4179872034380716,18
2774,1,4885,2248,2637,0,0,0,1.0,1,1.0,1,1.0,1,0.37877062551150115,20
2775,0,4885,2248,2637,0,0,0,1.0,1,1.0,1,1.0,1,0.3532735087609166,21
2776,0,4885,2248,2637,0,0,0,1.0,1,1.0,1,1.0,1,0.3532735087609166,21
2777,1,4886,2248,2638,0,0,0,1.0,1,1.0,1,1.0,1,0.3167278250884899,22
2778,4,4890,2250,2640,0,0,0,1.0,1,1.0,1,1.0,1,0.2433355588614175,24
2779,2,4892,2252,2640,0,0,0,1.0,1,1.0,1,1.0,1,0.3207567247795716,24
2780,0,4892,2252,2640,0,0,0,1.0,1,1.0,1,1.0,1,0.3207567247795716,24
2781,0,4892,2252,2640,0,0,0,1.0,1,1.0,1,1.0,1,0.3207567247795716,24
2782,0,4892,2252,2640,0,0,0,1.0,1,1.0,1,1.0,1,0.3207567247795716,24
2783,0,4892,2252,2640,0,0,0,1.0,1,1.0,1,1.0,1,0.3207567247795716,24
2784,2,4894,2254,2640,0,0,0,1.0,1,1.0,1,1.0,1,0.38210858442943685,24
2785,2,4896,2255,2641,0,0,0,1.0,1,1.0,1,1.0,1,0.3932813716543774,22
2786,1,4897,2255,2642,0,0,0,1.0,1,1.0,1,1.0,1,0.4181743591983347,22
2787,1,4898,2255,2643,0,0,0,1.0,1,1.0,1,1.0,1,0.3168187007629714,21
2788,0,4898,2255,2643,0,0,0,1.0,1,1.0,1,1.0,1,0.29523917874765226,20
2789,1,4899,2256,2643,0,0,0,1.0,1,1.0,1,1.0,1,0.3283291120981631,20
2790,0,4899,2256,2643,0,0,0,1.0,1,1.0,1,1.0,1,0.35194990656602887,21
2791,0,4899,2256,2643,0,0,0,1.0,1,1.0,1,1.0,1,0.35194990656602887,21
2792,0,4899,2256,2643,0,0,0,1.0,1,1.0,1,1.0,1,0.35194990656602887,21
2793,0,4899,2256,2643,0,0,0,1.0,1,1.0,1,1.0,1,0.43309163974421466,18
2794,0,4899,2256,2643,0,0,0,1.0,1,1.0,1,1.0,1,0.43309163974421466,18
2795,1,4900,2256,2644,0,0,0,1.0,1,1.0,1,1.0,1,0.3900733015569821,20
2796,1,4901,2257,2644,0,0,0,1.0,1,1.0,1,1.0,1,0.3768492371706136,21
2797,0,4901,2257,2644,0,0,0,1.0,1,1.0,1,1.0,1,0.3768492371706136,21
2798,0,4901,2257,2644,0,0,0,1.0,1,1.0,1,1.0,1,0.3768492371706136,21
2799,0,4901,2257,2644,0,0,0,1.0,1,1.0,1,1.0,1,0.38714128104769613,22
2800,0,4901,2257,2644,0,0,0,1.0,1,1.0,1,1.0,1,0.38714128104769613,22
2801,2,4903,2259,2644,0,0,0,1.0,1,1.0,1,1.0,1,0.33430602286969546,22
2802,0,4903,2259,2644,0,0,0,1.0,1,1.0,1,1.0,1,0.33430602286969546,22
2803,1,4904,2260,2644,0,0,0,1.0,1,1.0,1,1.0,1,0.3834893032462638,22
2804,0,4904,2260,2644,0,0,0,1.0,1,1.0,1,1.0,1,0.3999207592511436,23
2805,0,4904,2260,2644,0,0,0,1.0,1,1.0,1,1.0,1,0.3999207592511436,23
2806,0,4904,2260,2644,0,0,0,1.0,1,1.0,1,1.0,1,0.3999207592511436,23
2807,0,4904,2260,2644,0,0,0,1.0,1,1.0,1,1.0,1,0.37239356573866966,24
2808,0,4904,2260,2644,0,0,0,1.0,1,1.0,1,1.0,1,0.37239356573866966,24
2809,2,4906,2261,2645,0,0,0,1.0,1,1.0,1,1.0,1,0.3960409354239932,25
2810,1,4907,2261,2646,0,0,0,1.0,1,1.0,1,1.0,1,0.3722657703419389,24
2811,0,4907,2261,2646,0,0,0,1.0,1,1.0,1,1.0,1,0.3849940567892288,26
2812,2,4909,2263,2646,0,0,0,1.0,1,1.0,1,1.0,1,0.44508147269239445,26
2813,2,4911,2263,2648,0,0,0,1.0,1,1.0,1,1.0,1,0.39615994845169755,27
2814,4,4915,2265,2650,0,0,0,1.0,1,1.0,1,1.0,1,0.39133324122059804,29
2815,3,4918,2266,2652,0,0,0,1.0,1,1.0,1,1.0,1,0.3619028486011533,29
2816,1,4919,2266,2653,0,0,0,1.0,1,1.0,1,1.0,1,0.3942267694076748,29
2817,0,4919,2266,2653,0,0,0,1.0,1,1.0,1,1.0,1,0.3942267694076748,29
2818,3,4922,2267,2655,0,0,0,1.0,1,1.0,1,1.0,1,0.3659173977139587,29
2819,3,4925,2267,2658,0,0,0,1.0,1,1.0,1,1.0,1,0.39222555498502026,30
2820,3,4928,2268,2660,0,0,0,1.0,1,1.0,1,1.0,1,0.381383824101162,30
2821,2,4930,2268,2662,0,0,0,1.0,1,1.0,1,1.0,1,0.3468366217360724,31
2822,3,4933,2269,2664,0,0,0,1.0,1,1.0,1,1.0,1,0.3192121326265675,30
2823,1,4934,2270,2664,0,0,0,1.0,1,1.0,1,1.0,1,0.2881609823646473,27
2824,0,4934,2270,2664,0,0,0,1.0,1,1.0,1,1.0,1,0.27016316905690146,28
2825,4,4938,2273,2665,0,0,0,1.0,1,1.0,1,1.0,1,0.27732073284719844,28
2826,1,4939,2274,2665,0,0,0,1.0,1,1.0,1,1.0,1,0.33166664709235033,27
2827,1,4940,2275,2665,0,0,0,1.0,1,1.0,1,1.0,1,0.33704696300400755,28
2828,1,4941,2275,2666,0,0,0,1.0,1,1.0,1,1.0,1,0.3400796190996742,28
2829,2,4943,2276,2667,0,0,0,1.0,1,1.0,1,1.0,1,0.290330597011328,27
2830,0,4943,2276,2667,0,0,0,1.0,1,1.0,1,1.0,1,0.290330597011328,27
2831,1,4944,2277,2667,0,0,0,1.0,1,1.0,1,1.0,1,0.31722363154306865,27
2832,2,4946,2277,2669,0,0,0,1.0,1,1.0,1,1.0,1,0.30347085990832257,27
2833,0,4946,2277,2669,0,0,0,1.0,1,1.0,1,1.0,1,0.27941276734823095,26
2834,0,4946,2277,2669,0,0,0,1.0,1,1.0,1,1.0,1,0.2136012483931794,26
2835,1,4947,2278,2669,0,0,0,1.0,1,1.0,1,1.0,1,0.243616758135193,25
2836,1,4948,2279,2669,0,0,0,1.0,1,1.0,1,1.0,1,0.285429720741061,27
2837,1,4949,2279,2670,0,0,0,1.0,1,1.0,1,1.0,1,0.2838459690516345,27
2838,0,4949,2279,2670,0,0,0,1.0,1,1.0,1,1.0,1,0.2838459690516345,27
2839,2,4951,2280,2671,0,0,0,1.0,1,1.0,1,1.0,1,0.31558909901853976,29
2840,1,4952,2281,2671,0,0,0,1.0,1,1.0,1,1.0,1,0.31033376026542997,29
2841,0,4952,2281,2671,0,0,0,1.0,1,1.0,1,1.0,1,0.3132318586425809,31
2842,1,4953,2281,2672,0,0,0,1.0,1,1.0,1,1.0,1,0.28654870414661043,31
2843,0,4953,2281,2672,0,0,0,1.0,1,1.0,1,1.0,1,0.2909461850183954,32
2844,3,4956,2282,2674,0,0,0,1.0,1,1.0,1,1.0,1,0.3114544222725615,33
2845,1,4957,2282,2675,0,0,0,1.0,1,1.0,1,1.0,1,0.29909004122721494,32
2846,0,4957,2282,2675,0,0,0,1.0,1,1.0,1,1.0,1,0.2991498897860799,33
2847,2,4959,2284,2675,0,0,0,1.0,1,1.0,1,1.0,1,0.34108553131751396,32
2848,2,4961,2286,2675,0,0,0,1.0,1,1.0,1,1.0,1,0.36560591658962405,33
2849,1,4962,2286,2676,0,0,0,1.0,1,1.0,1,1.0,1,0.35898978675965687,34
2850,2,4964,2288,2676,0,0,0,1.0,1,1.0,1,1.0,1,0.3242841307491734,34
2851,1,4965,2288,2677,0,0,0,1.0,1,1.0,1,1.0,1,0.29264739250628563,34
2852,5,4970,2291,2679,0,0,0,1.0,1,1.0,1,1.0,1,0.2146104750898123,35
2853,1,4971,2292,2679,0,0,0,1.0,1,1.0,1,1.0,1,0.2392997677792099,36
2854,0,4971,2292,2679,0,0,0,1.0,1,1.0,1,1.0,1,0.2630739093418553,37
2855,5,4976,2294,2682,0,0,0,1.0,1,1.0,1,1.0,1,0.22951256481597296,38
2856,0,4976,2294,2682,0,0,0,1.0,1,1.0,1,1.0,1,0.22951256481597296,38
2857,1,4977,2295,2682,0,0,0,1.0,1,1.0,1,1.0,1,0.22896742351264882,39
2858,3,4980,2296,2684,0,0,0,1.0,1,1.0,1,1.0,1,0.22346871073322563,40
2859,1,4981,2297,2684,0,0,0,1.0,1,1.0,1,1.0,1,0.2649767050762065,40
2860,2,4983,2299,2684,0,0,0,1.0,1,1.0,1,1.0,1,0.2921566751600423,40
2861,1,4984,2299,2685,0,0,0,1.0,1,1.0,1,1.0,1,0.26703607464041296,38
2862,1,4985,2300,2685,0,0,0,1.0,1,1.0,1,1.0,1,0.2950275150122484,38
2863,5,4990,2302,2688,0,0,0,1.0,1,1.0,1,1.0,1,0.22161519329374973,38
2864,3,4993,2305,2688,0,0,0,1.0,1,1.0,1,1.0,1,0.22659997976860383,36
2865,4,4997,2309,2688,0,0,0,1.0,1,1.0,1,1.0,1,0.31210037288294235,34
2866,2,4999,2310,2689,0,0,0,1.0,1,1.0,1,1.0,1,0.318763466079625,31
2867,0,4999,2310,2689,0,0,0,1.0,1,1.0,1,1.0,1,0.3098116771031187,30
2868,2,5001,2311,2690,0,0,0,1.0,1,1.0,1,1.0,1,0.36653440940870163,27
2869,1,5002,2312,2690,0,0,0,1.0,1,1.0,1,1.0,1,0.38176924480318103,27
2870,1,5003,2313,2690,0,0,0,1.0,1,1.0,1,1.0,1,0.40940077365269745,25
2871,1,5004,2314,2690,0,0,0,1.0,1,1.0,1,1.0,1,0.41209692018534677,25
2872,1,5005,2315,2690,0,0,0,1.0,1,1.0,1,1.0,1,0.37868029339467285,23
2873,2,5007,2317,2690,0,0,0,1.0,1,1.0,1,1.0,1,0.41560648173807946,24
2874,1,5008,2318,2690,0,0,0,1.0,1,1.0,1,1.0,1,0.45760332626465855,24
2875,1,5009,2318,2691,0,0,0,1.0,1,1.0,1,1.0,1,0.47041755449337447,23
2876,1,5010,2319,2691,0,0,0,1.0,1,1.0,1,1.0,1,0.498880465870684,24
2877,3,5013,2320,2693,0,0,0,1.0,1,1.0,1,1.0,1,0.4530719392474829,24
2878,2,5015,2321,2694,0,0,0,1.0,1,1.0,1,1.0,1,0.3922235505863206,24
2879,2,5017,2323,2694,0,0,0,1.0,1,1.0,1,1.0,1,0.44071988753376135,25
2880,2,5019,2323,2696,0,0,0,1.0,1,1.0,1,1.0,1,0.40705665237773647,26
2881,1,5020,2323,2697,0,0,0,1.0,1,1.0,1,1.0,1,0.3782684422199646,26
2882,0,5020,2323,2697,0,0,0,1.0,1,1.0,1,1.0,1,0.35342727582640265,27
2883,0,5020,2323,2697,0,0,0,1.0,1,1.0,1,1.0,1,0.3405934924005784,28
2884,1,5021,2323,2698,0,0,0,1.0,1,1.0,1,1.0,1,0.3528955414641264,29
2885,2,5023,2323,2700,0,0,0,1.0,1,1.0,1,1.0,1,0.3227432748469826,31
2886,2,5025,2324,2701,0,0,0,1.0,1,1.0,1,1.0,1,0.320306456741622,31
2887,0,5025,2324,2701,0,0,0,1.0,1,1.0,1,1.0,1,0.3204380498009329,33
2888,0,5025,2324,2701,0,0,0,1.0,1,1.0,1,1.0,1,0.3412531021545469,34
2889,2,5027,2325,2702,0,0,0,1.0,1,1.0,1,1.0,1,0.3334151927621714,35
2890,1,5028,2326,2702,0,0,0,1.0,1,1.0,1,1.0,1,0.35196515554635327,35
2891,0,5028,2326,2702,0,0,0,1.0,1,1.0,1,1.0,1,0.35196515554635327,35
2892,2,5030,2328,2702,0,0,0,1.0,1,1.0,1,1.0,1,0.37962320757215157,35
2893,3,5033,2328,2705,0,0,0,1.0,1,1.0,1,1.0,1,0.3411328952765225,37
2894,0,5033,2328,2705,0,0,0,1.0,1,1.0,1,1.0,1,0.3411328952765225,37
2895,2,5035,2329,2706,0,0,0,1.0,1,1.0,1,1.0,1,0.3548340506237579,37
2896,0,5035,2329,2706,0,0,0,1.0,1,1.0,1,1.0,1,0.36768009670328783,38
2897,2,5037,2330,2707,0,0,0,1.0,1,1.0,1,1.0,1,0.37840435633479025,37
2898,3,5040,2330,2710,0,0,0,1.0,1,1.0,1,1.0,1,0.3538608324872481,38
2899,0,5040,2330,2710,0,0,0,1.0,1,1.0,1,1.0,1,0.3259635137105393,37
2900,0,5040,2330,2710,0,0,0,1.0,1,1.0,1,1.0,1,0.32263339183342166,36
2901,0,5040,2330,2710,0,0,0,1.0,1,1.0,1,1.0,1,0.32480246836096266,37
2902,1,5041,2331,2710,0,0,0,1.0,1,1.0,1,1.0,1,0.38623121187848464,35
2903,0,5041,2331,2710,0,0,0,1.0,1,1.0,1,1.0,1,0.3728587314789778,35
2904,0,5041,2331,2710,0,0,0,1.0,1,1.0,1,1.0,1,0.4192652055581284,33
2905,0,5041,2331,2710,0,0,0,1.0,1,1.0,1,1.0,1,0.41994320658437756,34
2906,1,5042,2332,2710,0,0,0,1.0,1,1.0,1,1.0,1,0.4329504165991155,34
2907,1,5043,2332,2711,0,0,0,1.0,1,1.0,1,1.0,1,0.4132809242914376,35
2908,1,5044,2332,2712,0,0,0,1.0,1,1.0,1,1.0,1,0.3901068920407601,36
2909,0,5044,2332,2712,0,0,0,1.0,1,1.0,1,1.0,1,0.4101014898344115,38
2910,0,5044,2332,2712,0,0,0,1.0,1,1.0,1,1.0,1,0.4101014898344115,38
2911,1,5045,2333,2712,0,0,0,1.0,1,1.0,1,1.0,1,0.4305954448659936,37
2912,0,5045,2333,2712,0,0,0,1.0,1,1.0,1,1.0,1,0.4305954448659936,37
2913,0,5045,2333,2712,0,0,0,1.0,1,1.0,1,1.0,1,0.43807782279609686,38
2914,1,5046,2333,2713,0,0,0,1.0,1,1.0,1,1.0,1,0.4153266933287804,38
2915,4,5050,2333,2717,0,0,0,1.0,1,1.0,1,1.0,1,0.3769357118845027,39
2916,2,5052,2333,2719,0,0,0,1.0,1,1.0,1,1.0,1,0.34331961629190333,40
2917,1,5053,2333,2720,0,0,0,1.0,1,1.0,1,1.0,1,0.3500557026207029,41
2918,1,5054,2334,2720,0,0,0,1.0,1,1.0,1,1.0,1,0.3610158449200079,41
2919,2,5056,2334,2722,0,0,0,1.0,1,1.0,1,1.0,1,0.37499762581685814,41
2920,2,5058,2334,2724,0,0,0,1.0,1,1.0,1,1.0,1,0.34836840427057886,43
2921,0,5058,2334,2724,0,0,0,1.0,1,1.0,1,1.0,1,0.36629481768994876,42
2922,1,5059,2334,2725,0,0,0,1.0,1,1.0,1,1.0,1,0.3363572653615437,43
2923,1,5060,2334,2726,0,0,0,1.0,1,1.0,1,1.0,1,0.31989673073203495,44
2924,0,5060,2334,2726,0,0,0,1.0,1,1.0,1,1.0,1,0.30446561700160835,45
2925,2,5062,2335,2727,0,0,0,1.0,1,1.0,1,1.0,1,0.32745257065234384,45
2926,4,5066,2335,2731,0,0,0,1.0,1,1.0,1,1.0,1,0.2504462231863692,47
2927,1,5067,2335,2732,0,0,0,1.0,1,1.0,1,1.0,1,0.23113761734872984,47
2928,2,5069,2336,2733,0,0,0,1.0,1,1.0,1,1.0,1,0.22694394642137616,48
2929,0,5069,2336,2733,0,0,0,1.0,1,1.0,1,1.0,1,0.22694394642137616,48
2930,0,5069,2336,2733,0,0,0,1.0,1,1.0,1,1.0,1,0.24865166914965262,50
2931,0,5069,2336,2733,0,0,0,1.0,1,1.0,1,1.0,1,0.2580378470880042,51
2932,0,5069,2336,2733,0,0,0,1.0,1,1.0,1,1.0,1,0.2580378470880042,51
2933,1,5070,2337,2733,0,0,0,1.0,1,1.0,1,1.0,1,0.2880928666025584,52
2934,2,5072,2338,2734,0,0,0,1.0,1,1.0,1,1.0,1,0.2898422641789062,52
2935,1,5073,2339,2734,0,0,0,1.0,1,1.0,1,1.0,1,0.3092765450973216,51
2936,0,5073,2339,2734,0,0,0,1.0,1,1.0,1,1.0,1,0.3042052920278919,49
2937,3,5076,2339,2737,0,0,0,1.0,1,1.0,1,1.0,1,0.2728063168735745,50
2938,3,5079,2340,2739,0,0,0,1.0,1,1.0,1,1.0,1,0.264818085777541,50
2939,0,5079,2340,2739,0,0,0,1.0,1,1.0,1,1.0,1,0.26386527220950773,51
2940,1,5080,2340,2740,0,0,0,1.0,1,1.0,1,1.0,1,0.27302330974392125,52
2941,1,5081,2341,2740,0,0,0,1.0,1,1.0,1,1.0,1,0.27733862243533147,53
2942,1,5082,2342,2740,0,0,0,1.0,1,1.0,1,1.0,1,0.3267710548568914,52
2943,1,5083,2343,2740,0,0,0,1.0,1,1.0,1,1.0,1,0.3246613332570758,51
2944,3,5086,2345,2741,0,0,0,1.0,1,1.0,1,1.0,1,0.336025205958963,52
2945,2,5088,2346,2742,0,0,0,1.0,1,1.0,1,1.0,1,0.32951941503299614,50
2946,3,5091,2348,2743,0,0,0,1.0,1,1.0,1,1.0,1,0.3715276135800226,51
2947,3,5094,2350,2744,0,0,0,1.0,1,1.0,1,1.0,1,0.3733506817468191,50
2948,5,5099,2352,2747,0,0,0,1.0,1,1.0,1,1.0,1,0.3435228454750703,50
2949,0,5099,2352,2747,0,0,0,1.0,1,1.0,1,1.0,1,0.3329139830981739,49
2950,0,5099,2352,2747,0,0,0,1.0,1,1.0,1,1.0,1,0.3506533133201151,48
2951,1,5100,2353,2747,0,0,0,1.0,1,1.0,1,1.0,1,0.3671557993696959,48
2952,1,5101,2353,2748,0,0,0,1.0,1,1.0,1,1.0,1,0.3717631288947213,46
2953,0,5101,2353,2748,0,0,0,1.0,1,1.0,1,1.0,1,0.3717631288947213,46
2954,0,5101,2353,2748,0,0,0,1.0,1,1.0,1,1.0,1,0.3828027223392091,48
2955,2,5103,2353,2750,0,0,0,1.0,1,1.0,1,1.0,1,0.342312224448192,48
2956,7,5110,2353,2757,0,0,0,1.0,1,1.0,1,1.0,1,0.2358145824995378,47
2957,4,5114,2354,2760,0,0,0,1.0,1,1.0,1,1.0,1,0.21409579283165042,48
2958,0,5114,2354,2760,0,0,0,1.0,1,1.0,1,1.0,1,0.2180161063751447,49
2959,1,5115,2355,2760,0,0,0,1.0,1,1.0,1,1.0,1,0.24461031842198183,49
2960,6,5121,2355,2766,0,0,0,1.0,1,1.0,1,1.0,1,0.17156272295268793,49
2961,3,5124,2356,2768,0,0,0,1.0,1,1.0,1,1.0,1,0.19147704993112355,51
2962,3,5127,2357,2770,0,0,0,1.0,1,1.0,1,1.0,1,0.1603389937589868,51
2963,1,5128,2357,2771,0,0,0,1.0,1,1.0,1,1.0,1,0.14840148738915912,51
2964,3,5131,2358,2773,0,0,0,1.0,1,1.0,1,1.0,1,0.1471627152395523,52
2965,0,5131,2358,2773,0,0,0,1.0,1,1.0,1,1.0,1,0.16088651483850824,53
2966,3,5134,2360,2774,0,0,0,1.0,1,1.0,1,1.0,1,0.18254499315263512,53
2967,0,5134,2360,2774,0,0,0,1.0,1,1.0,1,1.0,1,0.1992554040508452,53
2968,3,5137,2360,2777,0,0,0,1.0,1,1.0,1,1.0,1,0.167719538187658,54
2969,1,5138,2361,2777,0,0,0,1.0,1,1.0,1,1.0,1,0.20062781254824105,55
2970,0,5138,2361,2777,0,0,0,1.0,1,1.0,1,1.0,1,0.20062781254824105,55
2971,4,5142,2361,2781,0,0,0,1.0,1,1.0,1,1.0,1,0.13984979132942396,55
2972,0,5142,2361,2781,0,0,0,1.0,1,1.0,1,1.0,1,0.13984979132942396,55
2973,0,5142,2361,2781,0,0,0,1.0,1,1.0,1,1.0,1,0.1468128120300367,55
2974,2,5144,2362,2782,0,0,0,1.0,1,1.0,1,1.0,1,0.1268063661225004,56
2975,0,5144,2362,2782,0,0,0,1.0,1,1.0,1,1.0,1,0.11785590428526262,55
2976,0,5144,2362,2782,0,0,0,1.0,1,1.0,1,1.0,1,0.13832999449365477,57
2977,5,5149,2364,2785,0,0,0,1.0,1,1.0,1,1.0,1,0.14018134500899096,59
2978,2,5151,2364,2787,0,0,0,1.0,1,1.0,1,1.0,1,0.10595539891572198,59
2979,3,5154,2365,2789,0,0,0,1.0,1,1.0,1,1.0,1,0.10356954642839197,59
2980,3,5157,2366,2791,0,0,0,1.0,1,1.0,1,1.0,1,0.11584573308518281,59
2981,0,5157,2366,2791,0,0,0,1.0,1,1.0,1,1.0,1,0.11584573308518281,59
2982,1,5158,2366,2792,0,0,0,1.0,1,1.0,1,1.0,1,0.13675072424429371,61
2983,3,5161,2369,2792,0,0,0,1.0,1,1.0,1,1.0,1,0.1560109292169723,61
2984,8,5169,2373,2796,0,0,0,1.0,1,1.0,1,1.0,1,0.21994985819658766,61
2985,8,5177,2378,2799,0,0,0,1.0,1,1.0,1,1.0,1,0.24490412053830657,57
2986,14,5191,2382,2809,0,0,0,1.0,1,1.0,1,1.0,1,0.14432335878431363,58
2987,6,5197,2383,2814,0,0,0,1.0,1,1.0,1,1.0,1,0.12345246825303019,56
2988,3,5200,2384,2816,0,0,0,1.0,1,1.0,1,1.0,1,0.1271176681059822,55
2989,6,5206,2386,2820,0,0,0,1.0,1,1.0,1,1.0,1,0.11055306718466758,53
2990,1,5207,2386,2821,0,0,0,1.0,1,1.0,1,1.0,1,0.10968072648738066,52
2991,2,5209,2386,2823,0,0,0,1.0,1,1.0,1,1.0,1,0.12134289378416195,54
2992,4,5213,2387,2826,0,0,0,1.0,1,1.0,1,1.0,1,0.10153451335826075,55
2993,1,5214,2388,2826,0,0,0,1.0,1,1.0,1,1.0,1,0.11758522083354697,53
2994,3,5217,2390,2827,0,0,0,1.0,1,1.0,1,1.0,1,0.13641730689061776,53
2995,1,5218,2391,2827,0,0,0,1.0,1,1.0,1,1.0,1,0.13216221256617808,51
2996,2,5220,2392,2828,0,0,0,1.0,1,1.0,1,1.0,1,0.14235225205490792,52
2997,2,5222,2394,2828,0,0,0,1.0,1,1.0,1,1.0,1,0.20144119517550402,50
2998,0,5222,2394,2828,0,0,0,1.0,1,1.0,1,1.0,1,0.21743741472066425,51
2999,0,5222,2394,2828,0,0,0,1.0,1,1.0,1,1.0,1,0.19834708003146567,48
3000,2,5224,2395,2829,0,0,0,1.0,1,1.0,1,1.0,1,0.1270380374490244,48
3001,0,5224,2395,2829,0,0,0,1.0,1,1.0,1,1.0,1,0.13534246249513823,49
3002,1,5225,2395,2830,0,0,0,1.0,1,1.0,1,1.0,1,0.1281260993997895,50
3003,1,5226,2396,2830,0,0,0,1.0,1,1.0,1,1.0,1,0.1361711482230204,50
3004,3,5229,2398,2831,0,0,0,1.0,1,1.0,1,1.0,1,0.13360319391173942,51
3005,0,5229,2398,2831,0,0,0,1.0,1,1.0,1,1.0,1,0.1520089817026154,50
3006,0,5229,2398,2831,0,0,0,1.0,1,1.0,1,1.0,1,0.1691646505543841,51
3007,0,5229,2398,2831,0,0,0,1.0,1,1.0,1,1.0,1,0.177318356385555,51
3008,2,5231,2399,2832,0,0,0,1.0,1,1.0,1,1.0,1,0.22251070733611475,53
3009,0,5231,2399,2832,0,0,0,1.0,1,1.0,1,1.0,1,0.21535934214890287,52
3010,0,5231,2399,2832,0,0,0,1.0,1,1.0,1,1.0,1,0.21535934214890287,52
3011,0,5231,2399,2832,0,0,0,1.0,1,1.0,1,1.0,1,0.21518482968888056,51
3012,4,5235,2401,2834,0,0,0,1.0,1,1.0,1,1.0,1,0.25693903598070333,54
3013,5,5240,2404,2836,0,0,0,1.0,1,1.0,1,1.0,1,0.27632931398099997,52
3014,4,5244,2407,2837,0,0,0,1.0,1,1.0,1,1.0,1,0.3053801581663386,51
3015,5,5249,2408,2841,0,0,0,1.0,1,1.0,1,1.0,1,0.2689383818230225,50
3016,9,5258,2412,2846,0,0,0,1.0,1,1.0,1,1.0,1,0.21614217892682971,50
3017,3,5261,2414,2847,0,0,0,1.0,1,1.0,1,1.0,1,0.19492001933528763,48
3018,0,5261,2414,2847,0,0,0,1.0,1,1.0,1,1.0,1,0.20328404334201983,48
3019,1,5262,2415,2847,0,0,0,1.0,1,1.0,1,1.0,1,0.20703043813560168,47
3020,3,5265,2418,2847,0,0,0,1.0,1,1.0,1,1.0,1,0.20253074400866153,47
3021,0,5265,2418,2847,0,0,0,1.0,1,1.0,1,1.0,1,0.20990585446725918,46
3022,4,5269,2421,2848,0,0,0,1.0,1,1.0,1,1.0,1,0.24140660053193236,45
3023,1,5270,2422,2848,0,0,0,1.0,1,1.0,1,1.0,1,0.21531928237213022,41
3024,5,5275,2426,2849,0,0,0,1.0,1,1.0,1,1.0,1,0.25443337706672486,43
3025,2,5277,2427,2850,0,0,0,1.0,1,1.0,1,1.0,1,0.2381747167165756,39
3026,4,5281,2430,2851,0,0,0,1.0,1,1.0,1,1.0,1,0.38329220369599654,38
3027,2,5283,2431,2852,0,0,0,1.0,1,1.0,1,1.0,1,0.373824980627092,38
3028,2,5285,2432,2853,0,0,0,1.0,1,1.0,1,1.0,1,0.3647584111172851,38
3029,0,5285,2432,2853,0,0,0,1.0,1,1.0,1,1.0,1,0.3591485318767582,37
3030,0,5285,2432,2853,0,0,0,1.0,1,1.0,1,1.0,1,0.3461392996698828,38
3031,7,5292,2432,2860,0,0,0,1.0,1,1.0,1,1.0,1,0.2580240631222866,39
3032,2,5294,2432,2862,0,0,0,1.0,1,1.0,1,1.0,1,0.20058878562645477,39
3033,1,5295,2432,2863,0,0,0,1.0,1,1.0,1,1.0,1,0.22462971669267787,39
3034,2,5297,2432,2865,0,0,0,1.0,1,1.0,1,1.0,1,0.22782056660532596,38
3035,3,5300,2433,2867,0,0,0,1.0,1,1.0,1,1.0,1,0.24334598895309886,39
3036,2,5302,2433,2869,0,0,0,1.0,1,1.0,1,1.0,1,0.2553817934545349,39
3037,2,5304,2433,2871,0,0,0,1.0,1,1.0,1,1.0,1,0.26025176474493816,39
3038,3,5307,2434,2873,0,0,0,1.0,1,1.0,1,1.0,1,0.26044698295420937,40
3039,4,5311,2435,2876,0,0,0,1.0,1,1.0,1,1.0,1,0.21974038445070268,41
3040,4,5315,2437,2878,0,0,0,1.0,1,1.0,1,1.0,1,0.25068326297481275,42
3041,8,5323,2438,2885,0,0,0,1.0,1,1.0,1,1.0,1,0.2524674237412606,43
3042,6,5329,2440,2889,0,0,0,1.0,1,1.0,1,1.0,1,0.2837354433317193,45
3043,5,5334,2442,2892,0,0,0,1.0,1,1.0,1,1.0,1,0.33902940841363743,45
3044,7,5341,2442,2899,0,0,0,1.0,1,1.0,1,1.0,1,0.30340382686671824,45
3045,2,5343,2442,2901,0,0,0,1.0,1,1.0,1,1.0,1,0.29181970644318245,45
3046,5,5348,2442,2906,0,0,0,1.0,1,1.0,1,1.0,1,0.21443228737193776,46
3047,2,5350,2443,2907,0,0,0,1.0,1,1.0,1,1.0,1,0.2180621152527998,46
3048,3,5353,2443,2910,0,0,0,1.0,1,1.0,1,1.0,1,0.18180715929669172,49
3049,1,5354,2443,2911,0,0,0,1.0,1,1.0,1,1.0,1,0.16870003197563216,50
3050,2,5356,2444,2912,0,0,0,1.0,1,1.0,1,1.0,1,0.17041493337767438,50
3051,0,5356,2444,2912,0,0,0,1.0,1,1.0,1,1.0,1,0.17409679393417155,50
3052,0,5356,2444,2912,0,0,0,1.0,1,1.0,1,1.0,1,0.17409679393417155,50
3053,4,5360,2446,2914,0,0,0,1.0,1,1.0,1,1.0,1,0.1673824323198663,49
3054,1,5361,2447,2914,0,0,0,1.0,1,1.0,1,1.0,1,0.20731000974278366,47
3055,1,5362,2447,2915,0,0,0,1.0,1,1.0,1,1.0,1,0.18789191132901528,48
3056,3,5365,2448,2917,0,0,0,1.0,1,1.0,1,1.0,1,0.26625631329307875,47
3057,2,5367,2449,2918,0,0,0,1.0,1,1.0,1,1.0,1,0.2786589256826205,48
3058,1,5368,2450,2918,0,0,0,1.0,1,1.0,1,1.0,1,0.2491168264112062,46
3059,1,5369,2451,2918,0,0,0,1.0,1,1.0,1,1.0,1,0.23656892494664483,44
3060,0,5369,2451,2918,0,0,0,1.0,1,1.0,1,1.0,1,0.23688746513347478,44
3061,0,5369,2451,2918,0,0,0,1.0,1,1.0,1,1.0,1,0.24578976853473192,42
3062,3,5372,2453,2919,0,0,0,1.0,1,1.0,1,1.0,1,0.2573473768134742,42
3063,5,5377,2456,2921,0,0,0,1.0,1,1.0,1,1.0,1,0.2631241774623344,41
3064,3,5380,2458,2922,0,0,0,1.0,1,1.0,1,1.0,1,0.2541393449660788,42
3065,1,5381,2459,2922,0,0,0,1.0,1,1.0,1,1.0,1,0.22882526081316718,40
3066,5,5386,2463,2923,0,0,0,1.0,1,1.0,1,1.0,1,0.24728622443752085,42
3067,2,5388,2465,2923,0,0,0,1.0,1,1.0,1,1.0,1,0.2190694604251303,40
3068,1,5389,2466,2923,0,0,0,1.0,1,1.0,1,1.0,1,0.20049036121081046,39
3069,0,5389,2466,2923,0,0,0,1.0,1,1.0,1,1.0,1,0.2219184719846921,38
3070,2,5391,2466,2925,0,0,0,1.0,1,1.0,1,1.0,1,0.21924559347415895,39
3071,1,5392,2466,2926,0,0,0,1.0,1,1.0,1,1.0,1,0.22721167800557715,39
3072,2,5394,2468,2926,0,0,0,1.0,1,1.0,1,1.0,1,0.28212981120506636,40
3073,2,5396,2469,2927,0,0,0,1.0,1,1.0,1,1.0,1,0.29667508882484556,38
3074,0,5396,2469,2927,0,0,0,1.0,1,1.0,1,1.0,1,0.2635187227069447,38
3075,4,5400,2471,2929,0,0,0,1.0,1,1.0,1,1.0,1,0.2666102791561412,41
3076,4,5404,2471,2933,0,0,0,1.0,1,1.0,1,1.0,1,0.12708808901402435,42
3077,2,5406,2473,2933,0,0,0,1.0,1,1.0,1,1.0,1,0.1632423023363423,42
3078,2,5408,2473,2935,0,0,0,1.0,1,1.0,1,1.0,1,0.16673638859575637,42
3079,1,5409,2473,2936,0,0,0,1.0,1,1.0,1,1.0,1,0.1513554105222496,42
3080,1,5410,2473,2937,0,0,0,1.0,1,1.0,1,1.0,1,0.16347351138518715,43
3081,2,5412,2473,2939,0,0,0,1.0,1,1.0,1,1.0,1,0.16421557977379078,44
3082,2,5414,2473,2941,0,0,0,1.0,1,1.0,1,1.0,1,0.18648217653216467,45
3083,3,5417,2473,2944,0,0,0,1.0,1,1.0,1,1.0,1,0.1814947473419299,45
3084,4,5421,2474,2947,0,0,0,1.0,1,1.0,1,1.0,1,0.19524268664606506,45
3085,6,5427,2474,2953,0,0,0,1.0,1,1.0,1,1.0,1,0.25710383299635053,46
3086,3,5430,2474,2956,0,0,0,1.0,1,1.0,1,1.0,1,0.266201491569774,46
3087,5,5435,2474,2961,0,0,0,1.0,1,1.0,1,1.0,1,0.2562075430529331,47
3088,5,5440,2474,2966,0,0,0,1.0,1,1.0,1,1.0,1,0.26955236488927464,48
3089,3,5443,2474,2969,0,0,0,1.0,1,1.0,1,1.0,1,0.25755287366410806,46
3090,3,5446,2474,2972,0,0,0,1.0,1,1.0,1,1.0,1,0.2531772003234478,46
3091,0,5446,2474,2972,0,0,0,1.0,1,1.0,1,1.0,1,0.26960005451675395,46
3092,4,5450,2477,2973,0,0,0,1.0,1,1.0,1,1.0,1,0.2870459701092241,47
3093,3,5453,2478,2975,0,0,0,1.0,1,1.0,1,1.0,1,0.3041323051628393,47
3094,1,5454,2479,2975,0,0,0,1.0,1,1.0,1,1.0,1,0.2870423670196545,45
3095,5,5459,2481,2978,0,0,0,1.0,1,1.0,1,1.0,1,0.23500499400048377,46
3096,0,5459,2481,2978,0,0,0,1.0,1,1.0,1,1.0,1,0.23609444253241013,46
3097,2,5461,2483,2978,0,0,0,1.0,1,1.0,1,1.0,1,0.2822690113973481,47
3098,1,5462,2483,2979,0,0,0,1.0,1,1.0,1,1.0,1,0.2661350522991133,47
3099,0,5462,2483,2979,0,0,0,1.0,1,1.0,1,1.0,1,0.2661350522991133,47
3100,0,5462,2483,2979,0,0,0,1.0,1,1.0,1,1.0,1,0.2661350522991133,47
3101,0,5462,2483,2979,0,0,0,1.0,1,1.0,1,1.0,1,0.26905468262070914,48
3102,1,5463,2484,2979,0,0,0,1.0,1,1.0,1,1.0,1,0.23502017527300756,48
3103,2,5465,2485,2980,0,0,0,1.0,1,1.0,1,1.0,1,0.19877281777248793,49
3104,2,5467,2487,2980,0,0,0,1.0,1,1.0,1,1.0,1,0.1897871410296949,48
3105,0,5467,2487,2980,0,0,0,1.0,1,1.0,1,1.0,1,0.21268745435210828,45
3106,5,5472,2490,2982,0,0,0,1.0,1,1.0,1,1.0,1,0.18401089853110245,46
3107,2,5474,2490,2984,0,0,0,1.0,1,1.0,1,1.0,1,0.1903555672982669,44
3108,1,5475,2491,2984,0,0,0,1.0,1,1.0,1,1.0,1,0.17938874277895997,45
3109,1,5476,2491,2985,0,0,0,1.0,1,1.0,1,1.0,1,0.14561866727282552,44
3110,6,5482,2495,2987,0,0,0,1.0,1,1.0,1,1.0,1,0.18403038148708398,46
3111,2,5484,2496,2988,0,0,0,1.0,1,1.0,1,1.0,1,0.1801883538333992,46
3112,1,5485,2496,2989,0,0,0,1.0,1,1.0,1,1.0,1,0.1787220547227925,47
3113,1,5486,2497,2989,0,0,0,1.0,1,1.0,1,1.0,1,0.16618452705568787,48
3114,0,5486,2497,2989,0,0,0,1.0,1,1.0,1,1.0,1,0.1819978949969514,48
3115,2,5488,2498,2990,0,0,0,1.0,1,1.0,1,1.0,1,0.2077695436594735,49
3116,0,5488,2498,2990,0,0,0,1.0,1,1.0,1,1.0,1,0.21160214152730455,48
3117,1,5489,2499,2990,0,0,0,1.0,1,1.0,1,1.0,1,0.24489629708258112,49
3118,0,5489,2499,2990,0,0,0,1.0,1,1.0,1,1.0,1,0.2720652187152243,50
3119,0,5489,2499,2990,0,0,0,1.0,1,1.0,1,1.0,1,0.2720652187152243,50
3120,4,5493,2500,2993,0,0,0,1.0,1,1.0,1,1.0,1,0.26702739541412474,50
3121,6,5499,2502,2997,0,0,0,1.0,1,1.0,1,1.0,1,0.2182272184876745,50
3122,2,5501,2502,2999,0,0,0,1.0,1,1.0,1,1.0,1,0.19581075305185944,50
3123,0,5501,2502,2999,0,0,0,1.0,1,1.0,1,1.0,1,0.18431908696300625,51
3124,2,5503,2503,3000,0,0,0,1.0,1,1.0,1,1.0,1,0.19768422786250553,51
3125,0,5503,2503,3000,0,0,0,1.0,1,1.0,1,1.0,1,0.19768422786250553,51
3126,2,5505,2504,3001,0,0,0,1.0,1,1.0,1,1.0,1,0.20101003603338305,54
3127,2,5507,2505,3002,0,0,0,1.0,1,1.0,1,1.0,1,0.22900677083575316,53
3128,1,5508,2506,3002,0,0,0,1.0,1,1.0,1,1.0,1,0.23293718426715335,52
3129,1,5509,2507,3002,0,0,0,1.0,1,1.0,1,1.0,1,0.23399700584009253,51
3130,0,5509,2507,3002,0,0,0,1.0,1,1.0,1,1.0,1,0.21898882806591066,50
3131,2,5511,2508,3003,0,0,0,1.0,1,1.0,1,1.0,1,0.2372681681953868,50
3132,0,5511,2508,3003,0,0,0,1.0,1,1.0,1,1.0,1,0.24065302336928804,49
3133,1,5512,2509,3003,0,0,0,1.0,1,1.0,1,1.0,1,0.25441258773323155,49
3134,1,5513,2510,3003,0,0,0,1.0,1,1.0,1,1.0,1,0.27911362173509163,46
3135,1,5514,2511,3003,0,0,0,1.0,1,1.0,1,1.0,1,0.323217863830979,47
3136,4,5518,2512,3006,0,0,0,1.0,1,1.0,1,1.0,1,0.2783341326247125,46
3137,2,5520,2513,3007,0,0,0,1.0,1,1.0,1,1.0,1,0.26322915428118215,49
3138,3,5523,2514,3009,0,0,0,1.0,1,1.0,1,1.0,1,0.2497047171974565,49
3139,2,5525,2516,3009,0,0,0,1.0,1,1.0,1,1.0,1,0.28253972664140553,50
3140,2,5527,2517,3010,0,0,0,1.0,1,1.0,1,1.0,1,0.28494421983024526,51
3141,4,5531,2519,3012,0,0,0,1.0,1,1.0,1,1.0,1,0.28381387498492094,50
3142,4,5535,2520,3015,0,0,0,1.0,1,1.0,1,1.0,1,0.3217648072296606,50
3143,2,5537,2520,3017,0,0,0,1.0,1,1.0,1,1.0,1,0.34699244248558964,49
3144,4,5541,2522,3019,0,0,0,1.0,1,1.0,1,1.0,1,0.34539213813655173,49
3145,0,5541,2522,3019,0,0,0,1.0,1,1.0,1,1.0,1,0.3552538755678741,48
3146,2,5543,2522,3021,0,0,0,1.0,1,1.0,1,1.0,1,0.343011646016279,49
3147,2,5545,2522,3023,0,0,0,1.0,1,1.0,1,1.0,1,0.3660135562343314,48
3148,2,5547,2523,3024,0,0,0,1.0,1,1.0,1,1.0,1,0.33241063118449804,48
3149,4,5551,2525,3026,0,0,0,1.0,1,1.0,1,1.0,1,0.3146060839233274,47
3150,1,5552,2525,3027,0,0,0,1.0,1,1.0,1,1.0,1,0.3048842290881829,47
3151,4,5556,2526,3030,0,0,0,1.0,1,1.0,1,1.0,1,0.27738451284301985,48
3152,1,5557,2526,3031,0,0,0,1.0,1,1.0,1,1.0,1,0.2516713211710221,47
3153,0,5557,2526,3031,0,0,0,1.0,1,1.0,1,1.0,1,0.2516713211710221,47
3154,3,5560,2528,3032,0,0,0,1.0,1,1.0,1,1.0,1,0.24491805313014312,48
3155,2,5562,2529,3033,0,0,0,1.0,1,1.0,1,1.0,1,0.24980646115618507,48
3156,1,5563,2530,3033,0,0,0,1.0,1,1.0,1,1.0,1,0.2714981086225217,48
3157,1,5564,2530,3034,0,0,0,1.0,1,1.0,1,1.0,1,0.2854603285676534,48
3158,0,5564,2530,3034,0,0,0,1.0,1,1.0,1,1.0,1,0.2854603285676534,48
3159,2,5566,2530,3036,0,0,0,1.0,1,1.0,1,1.0,1,0.220385372312539,49
3160,0,5566,2530,3036,0,0,0,1.0,1,1.0,1,1.0,1,0.2386530082302168,51
3161,1,5567,2530,3037,0,0,0,1.0,1,1.0,1,1.0,1,0.21901245819618992,52
3162,1,5568,2531,3037,0,0,0,1.0,1,1.0,1,1.0,1,0.21802930342096935,51
3163,1,5569,2531,3038,0,0,0,1.0,1,1.0,1,1.0,1,0.2007235101142083,51
3164,4,5573,2532,3041,0,0,0,1.0,1,1.0,1,1.0,1,0.1995225363210939,52
3165,6,5579,2534,3045,0,0,0,1.0,1,1.0,1,1.0,1,0.12278526604480804,50
3166,2,5581,2535,3046,0,0,0,1.0,1,1.0,1,1.0,1,0.14627819144551593,50
3167,2,5583,2537,3046,0,0,0,1.0,1,1.0,1,1.0,1,0.14071066893299675,49
3168,1,5584,2538,3046,0,0,0,1.0,1,1.0,1,1.0,1,0.18242666947243705,47
3169,2,5586,2539,3047,0,0,0,1.0,1,1.0,1,1.0,1,0.1859474240208907,48
3170,1,5587,2540,3047,0,0,0,1.0,1,1.0,1,1.0,1,0.22418466812547463,47
3171,1,5588,2540,3048,0,0,0,1.0,1,1.0,1,1.0,1,0.21580704388123753,47
3172,3,5591,2541,3050,0,0,0,1.0,1,1.0,1,1.0,1,0.2264188216806633,46
3173,0,5591,2541,3050,0,0,0,1.0,1,1.0,1,1.0,1,0.22393218807741755,45
3174,0,5591,2541,3050,0,0,0,1.0,1,1.0,1,1.0,1,0.24902381114858577,43
3175,3,5594,2544,3050,0,0,0,1.0,1,1.0,1,1.0,1,0.25632682607536633,43
3176,0,5594,2544,3050,0,0,0,1.0,1,1.0,1,1.0,1,0.2563735895947486,44
3177,4,5598,2546,3052,0,0,0,1.0,1,1.0,1,1.0,1,0.27165166931946305,44
3178,1,5599,2547,3052,0,0,0,1.0,1,1.0,1,1.0,1,0.25674364314929066,47
3179,2,5601,2549,3052,0,0,0,1.0,1,1.0,1,1.0,1,0.29600782245973517,48
3180,1,5602,2549,3053,0,0,0,1.0,1,1.0,1,1.0,1,0.30689019074419005,48
3181,5,5607,2549,3058,0,0,0,1.0,1,1.0,1,1.0,1,0.18087143427536148,48
3182,1,5608,2549,3059,0,0,0,1.0,1,1.0,1,1.0,1,0.19249825816117477,51
3183,2,5610,2550,3060,0,0,0,1.0,1,1.0,1,1.0,1,0.19186196444235615,50
3184,3,5613,2551,3062,0,0,0,1.0,1,1.0,1,1.0,1,0.19330732735812203,50
3185,0,5613,2551,3062,0,0,0,1.0,1,1.0,1,1.0,1,0.20144468017882455,48
3186,2,5615,2553,3062,0,0,0,1.0,1,1.0,1,1.0,1,0.21429530532669097,48
3187,3,5618,2553,3065,0,0,0,1.0,1,1.0,1,1.0,1,0.18348165488688956,48
3188,1,5619,2554,3065,0,0,0,1.0,1,1.0,1,1.0,1,0.21465688907104324,48
3189,3,5622,2554,3068,0,0,0,1.0,1,1.0,1,1.0,1,0.21221172485212397,49
3190,3,5625,2554,3071,0,0,0,1.0,1,1.0,1,1.0,1,0.20932551890581869,51
3191,0,5625,2554,3071,0,0,0,1.0,1,1.0,1,1.0,1,0.20262576069342006,52
3192,0,5625,2554,3071,0,0,0,1.0,1,1.0,1,1.0,1,0.20262576069342006,52
3193,0,5625,2554,3071,0,0,0,1.0,1,1.0,1,1.0,1,0.20262576069342006,52
3194,2,5627,2554,3073,0,0,0,1.0,1,1.0,1,1.0,1,0.1899300612638575,54
3195,1,5628,2554,3074,0,0,0,1.0,1,1.0,1,1.0,1,0.18689065097065286,54
3196,3,5631,2554,3077,0,0,0,1.0,1,1.0,1,1.0,1,0.14445376588579503,54
3197,0,5631,2554,3077,0,0,0,1.0,1,1.0,1,1.0,1,0.16105798924863435,54
3198,3,5634,2555,3079,0,0,0,1.0,1,1.0,1,1.0,1,0.13121671004336158,54
3199,1,5635,2555,3080,0,0,0,1.0,1,1.0,1,1.0,1,0.1236520910166105,56
3200,4,5639,2558,3081,0,0,0,1.0,1,1.0,1,1.0,1,0.21348138084242796,56
3201,3,5642,2558,3084,0,0,0,1.0,1,1.0,1,1.0,1,0.19496697143087763,56
3202,0,5642,2558,3084,0,0,0,1.0,1,1.0,1,1.0,1,0.20280727811005753,57
3203,0,5642,2558,3084,0,0,0,1.0,1,1.0,1,1.0,1,0.18433189565815747,56
3204,2,5644,2560,3084,0,0,0,1.0,1,1.0,1,1.0,1,0.2015562940578104,55
3205,0,5644,2560,3084,0,0,0,1.0,1,1.0,1,1.0,1,0.21168687082779197,54
3206,6,5650,2563,3087,0,0,0,1.0,1,1.0,1,1.0,1,0.26202028148192197,56
3207,5,5655,2564,3091,0,0,0,1.0,1,1.0,1,1.0,1,0.28601385973667554,54
3208,2,5657,2564,3093,0,0,0,1.0,1,1.0,1,1.0,1,0.29189185274549,53
3209,2,5659,2564,3095,0,0,0,1.0,1,1.0,1,1.0,1,0.2857225534321755,54
3210,4,5663,2566,3097,0,0,0,1.0,1,1.0,1,1.0,1,0.331288397202794,53
3211,6,5669,2567,3102,0,0,0,1.0,1,1.0,1,1.0,1,0.27002625931757746,53
3212,1,5670,2567,3103,0,0,0,1.0,1,1.0,1,1.0,1,0.27973875745807336,54
3213,0,5670,2567,3103,0,0,0,1.0,1,1.0,1,1.0,1,0.27422069125412496,54
3214,0,5670,2567,3103,0,0,0,1.0,1,1.0,1,1.0,1,0.2971127766935906,55
3215,0,5670,2567,3103,0,0,0,1.0,1,1.0,1,1.0,1,0.2971127766935906,55
3216,0,5670,2567,3103,0,0,0,1.0,1,1.0,1,1.0,1,0.2971127766935906,55
3217,4,5674,2570,3104,0,0,0,1.0,1,1.0,1,1.0,1,0.2992492170335791,54
3218,0,5674,2570,3104,0,0,0,1.0,1,1.0,1,1.0,1,0.2992492170335791,54
3219,0,5674,2570,3104,0,0,0,1.0,1,1.0,1,1.0,1,0.3038764069059547,55
3220,0,5674,2570,3104,0,0,0,1.0,1,1.0,1,1.0,1,0.28200841129314264,56
3221,1,5675,2571,3104,0,0,0,1.0,1,1.0,1,1.0,1,0.2904516359586404,57
3222,1,5676,2571,3105,0,0,0,1.0,1,1.0,1,1.0,1,0.28895818321570915,57
3223,4,5680,2573,3107,0,0,0,1.0,1,1.0,1,1.0,1,0.3138513345638294,56
3224,7,5687,2578,3109,0,0,0,1.0,1,1.0,1,1.0,1,0.28466574687613333,58
3225,1,5688,2578,3110,0,0,0,1.0,1,1.0,1,1.0,1,0.27475899600415865,55
3226,4,5692,2579,3113,0,0,0,1.0,1,1.0,1,1.0,1,0.24780571342180072,54
3227,1,5693,2579,3114,0,0,0,1.0,1,1.0,1,1.0,1,0.2165845952114387,53
3228,2,5695,2581,3114,0,0,0,1.0,1,1.0,1,1.0,1,0.23743046392043063,52
3229,5,5700,2584,3116,0,0,0,1.0,1,1.0,1,1.0,1,0.25057763192472965,52
3230,1,5701,2584,3117,0,0,0,1.0,1,1.0,1,1.0,1,0.2113409668634531,50
3231,3,5704,2586,3118,0,0,0,1.0,1,1.0,1,1.0,1,0.22386676969158187,50
3232,2,5706,2588,3118,0,0,0,1.0,1,1.0,1,1.0,1,0.23969760985091965,50
3233,1,5707,2588,3119,0,0,0,1.0,1,1.0,1,1.0,1,0.23220028427016215,50
3234,3,5710,2590,3120,0,0,0,1.0,1,1.0,1,1.0,1,0.22927090269982134,49
3235,2,5712,2592,3120,0,0,0,1.0,1,1.0,1,1.0,1,0.26214977170317255,49
3236,1,5713,2593,3120,0,0,0,1.0,1,1.0,1,1.0,1,0.2693477221949082,51
3237,2,5715,2594,3121,0,0,0,1.0,1,1.0,1,1.0,1,0.2756559559706222,53
3238,4,5719,2595,3124,0,0,0,1.0,1,1.0,1,1.0,1,0.3024448443839393,53
3239,2,5721,2595,3126,0,0,0,1.0,1,1.0,1,1.0,1,0.3024448443839393,53
3240,0,5721,2595,3126,0,0,0,1.0,1,1.0,1,1.0,1,0.3045936840030921,53
3241,3,5724,2595,3129,0,0,0,1.0,1,1.0,1,1.0,1,0.277349410929082,53
3242,0,5724,2595,3129,0,0,0,1.0,1,1.0,1,1.0,1,0.277349410929082,53
3243,1,5725,2595,3130,0,0,0,1.0,1,1.0,1,1.0,1,0.25813927276858584,56
3244,0,5725,2595,3130,0,0,0,1.0,1,1.0,1,1.0,1,0.2636894286552958,57
3245,1,5726,2595,3131,0,0,0,1.0,1,1.0,1,1.0,1,0.2566120640621858,59
3246,1,5727,2595,3132,0,0,0,1.0,1,1.0,1,1.0,1,0.24934572833231733,59
3247,1,5728,2596,3132,0,0,0,1.0,1,1.0,1,1.0,1,0.2690058977891688,59
3248,2,5730,2597,3133,0,0,0,1.0,1,1.0,1,1.0,1,0.24217217010234574,59
3249,0,5730,2597,3133,0,0,0,1.0,1,1.0,1,1.0,1,0.27029534529891075,58
3250,1,5731,2598,3133,0,0,0,1.0,1,1.0,1,1.0,1,0.26529148208784087,58
3251,1,5732,2599,3133,0,0,0,1.0,1,1.0,1,1.0,1,0.28981583157039453,57
3252,2,5734,2600,3134,0,0,0,1.0,1,1.0,1,1.0,1,0.28015367836176575,57
3253,0,5734,2600,3134,0,0,0,1.0,1,1.0,1,1.0,1,0.29515944568519686,56
3254,1,5735,2600,3135,0,0,0,1.0,1,1.0,1,1.0,1,0.28101096654844016,57
3255,1,5736,2601,3135,0,0,0,1.0,1,1.0,1,1.0,1,0.28673556024815905,57
3256,2,5738,2601,3137,0,0,0,1.0,1,1.0,1,1.0,1,0.2709911253476372,57
3257,3,5741,2601,3140,0,0,0,1.0,1,1.0,1,1.0,1,0.23329147954954585,57
3258,2,5743,2601,3142,0,0,0,1.0,1,1.0,1,1.0,1,0.2131954995462772,58
3259,2,5745,2602,3143,0,0,0,1.0,1,1.0,1,1.0,1,0.22091711387877386,59
3260,2,5747,2603,3144,0,0,0,1.0,1,1.0,1,1.0,1,0.23424860574036238,60
3261,7,5754,2604,3150,0,0,0,1.0,1,1.0,1,1.0,1,0.16806988134577733,60
3262,4,5758,2606,3152,0,0,0,1.0,1,1.0,1,1.0,1,0.15628363745559268,61
3263,7,5765,2609,3156,0,0,0,1.0,1,1.0,1,1.0,1,0.14050427567722884,62
3264,1,5766,2610,3156,0,0,0,1.0,1,1.0,1,1.0,1,0.12945204625136147,60
3265,3,5769,2612,3157,0,0,0,1.0,1,1.0,1,1.0,1,0.14596103442773514,58
3266,7,5776,2616,3160,0,0,0,1.0,1,1.0,1,1.0,1,0.17155471165096106,59
3267,2,5778,2618,3160,0,0,0,1.0,1,1.0,1,1.0,1,0.19032975602333468,60
3268,5,5783,2621,3162,0,0,0,1.0,1,1.0,1,1.0,1,0.17793166607413888,58
3269,1,5784,2621,3163,0,0,0,1.0,1,1.0,1,1.0,1,0.1709850563647297,57
3270,2,5786,2622,3164,0,0,0,1.0,1,1.0,1,1.0,1,0.13568901901702457,56
3271,0,5786,2622,3164,0,0,0,1.0,1,1.0,1,1.0,1,0.127697410220323,55
3272,0,5786,2622,3164,0,0,0,1.0,1,1.0,1,1.0,1,0.12731232877292484,55
3273,2,5788,2624,3164,0,0,0,1.0,1,1.0,1,1.0,1,0.1874946956255166,55
3274,2,5790,2625,3165,0,0,0,1.0,1,1.0,1,1.0,1,0.15165431298681625,55
3275,1,5791,2625,3166,0,0,0,1.0,1,1.0,1,1.0,1,0.11449164567557209,55
3276,0,5791,2625,3166,0,0,0,1.0,1,1.0,1,1.0,1,0.11508166827096136,55
3277,2,5793,2626,3167,0,0,0,1.0,1,1.0,1,1.0,1,0.10093973508350898,57
3278,1,5794,2627,3167,0,0,0,1.0,1,1.0,1,1.0,1,0.12666291793164758,56
3279,1,5795,2628,3167,0,0,0,1.0,1,1.0,1,1.0,1,0.10078457008055282,54
3280,2,5797,2629,3168,0,0,0,1.0,1,1.0,1,1.0,1,0.1335377454828653,53
3281,1,5798,2630,3168,0,0,0,1.0,1,1.0,1,1.0,1,0.1640989356656074,52
3282,0,5798,2630,3168,0,0,0,1.0,1,1.0,1,1.0,1,0.20097972577826792,50
3283,2,5800,2632,3168,0,0,0,1.0,1,1.0,1,1.0,1,0.1969866772610842,50
3284,4,5804,2636,3168,0,0,0,1.0,1,1.0,1,1.0,1,0.25497414392408096,47
3285,2,5806,2636,3170,0,0,0,1.0,1,1.0,1,1.0,1,0.21639896356798355,48
3286,4,5810,2637,3173,0,0,0,1.0,1,1.0,1,1.0,1,0.19349020243401238,46
3287,5,5815,2640,3175,0,0,0,1.0,1,1.0,1,1.0,1,0.19024461614867164,46
3288,3,5818,2642,3176,0,0,0,1.0,1,1.0,1,1.0,1,0.18545228426025115,46
3289,3,5821,2644,3177,0,0,0,1.0,1,1.0,1,1.0,1,0.18751571505243592,48
3290,1,5822,2645,3177,0,0,0,1.0,1,1.0,1,1.0,1,0.1985847061222525,48
3291,3,5825,2647,3178,0,0,0,1.0,1,1.0,1,1.0,1,0.23491026246317584,50
3292,5,5830,2649,3181,0,0,0,1.0,1,1.0,1,1.0,1,0.26632971091715135,50
3293,0,5830,2649,3181,0,0,0,1.0,1,1.0,1,1.0,1,0.2694943200353206,51
3294,1,5831,2650,3181,0,0,0,1.0,1,1.0,1,1.0,1,0.28150706628823907,50
3295,4,5835,2652,3183,0,0,0,1.0,1,1.0,1,1.0,1,0.2846993968258613,50
3296,1,5836,2653,3183,0,0,0,1.0,1,1.0,1,1.0,1,0.26914346183510235,50
3297,2,5838,2654,3184,0,0,0,1.0,1,1.0,1,1.0,1,0.212599831730559,51
3298,3,5841,2655,3186,0,0,0,1.0,1,1.0,1,1.0,1,0.21945707226757277,52
3299,1,5842,2656,3186,0,0,0,1.0,1,1.0,1,1.0,1,0.2206202568146336,53
3300,0,5842,2656,3186,0,0,0,1.0,1,1.0,1,1.0,1,0.2206202568146336,53
3301,7,5849,2656,3193,0,0,0,1.0,1,1.0,1,1.0,1,0.09722556646321036,53
3302,2,5851,2658,3193,0,0,0,1.0,1,1.0,1,1.0,1,0.0945529528858581,53
3303,1,5852,2658,3194,0,0,0,1.0,1,1.0,1,1.0,1,0.08780293496278091,52
3304,2,5854,2660,3194,0,0,0,1.0,1,1.0,1,1.0,1,0.10919716235410186,52
3305,2,5856,2662,3194,0,0,0,1.0,1,1.0,1,1.0,1,0.11281182217477047,51
3306,4,5860,2664,3196,0,0,0,1.0,1,1.0,1,1.0,1,0.14609187103138507,51
3307,1,5861,2664,3197,0,0,0,1.0,1,1.0,1,1.0,1,0.13560424496502693,48
3308,3,5864,2667,3197,0,0,0,1.0,1,1.0,1,1.0,1,0.21957639850786234,48
3309,1,5865,2667,3198,0,0,0,1.0,1,1.0,1,1.0,1,0.18849798853779873,48
3310,2,5867,2667,3200,0,0,0,1.0,1,1.0,1,1.0,1,0.20771204904617313,47
3311,2,5869,2668,3201,0,0,0,1.0,1,1.0,1,1.0,1,0.21314878722169964,49
3312,2,5871,2669,3202,0,0,0,1.0,1,1.0,1,1.0,1,0.20999537554385792,48
3313,6,5877,2673,3204,0,0,0,1.0,1,1.0,1,1.0,1,0.27320644129701677,49
3314,5,5882,2674,3208,0,0,0,1.0,1,1.0,1,1.0,1,0.29196567975008897,47
3315,3,5885,2675,3210,0,0,0,1.0,1,1.0,1,1.0,1,0.31548925991484966,47
3316,2,5887,2675,3212,0,0,0,1.0,1,1.0,1,1.0,1,0.28105380377866424,47
3317,3,5890,2676,3214,0,0,0,1.0,1,1.0,1,1.0,1,0.21151121356781685,46
3318,4,5894,2677,3217,0,0,0,1.0,1,1.0,1,1.0,1,0.1941323175439662,45
3319,1,5895,2677,3218,0,0,0,1.0,1,1.0,1,1.0,1,0.2123573413708608,44
3320,1,5896,2678,3218,0,0,0,1.0,1,1.0,1,1.0,1,0.22640388559577881,43
3321,2,5898,2680,3218,0,0,0,1.0,1,1.0,1,1.0,1,0.2584646308720565,43
3322,0,5898,2680,3218,0,0,0,1.0,1,1.0,1,1.0,1,0.27878815289533154,40
3323,0,5898,2680,3218,0,0,0,1.0,1,1.0,1,1.0,1,0.2727495681889019,40
3324,4,5902,2682,3220,0,0,0,1.0,1,1.0,1,1.0,1,0.29361225966641363,40
3325,4,5906,2684,3222,0,0,0,1.0,1,1.0,1,1.0,1,0.2894874885637974,40
3326,1,5907,2684,3223,0,0,0,1.0,1,1.0,1,1.0,1,0.23130817507264115,41
3327,0,5907,2684,3223,0,0,0,1.0,1,1.0,1,1.0,1,0.265692766197944,39
3328,4,5911,2688,3223,0,0,0,1.0,1,1.0,1,1.0,1,0.3397516501029089,41
3329,1,5912,2689,3223,0,0,0,1.0,1,1.0,1,1.0,1,0.3019296287974821,39
3330,4,5916,2692,3224,0,0,0,1.0,1,1.0,1,1.0,1,0.36130746747378134,40
3331,3,5919,2692,3227,0,0,0,1.0,1,1.0,1,1.0,1,0.2641285243742308,38
3332,0,5919,2692,3227,0,0,0,1.0,1,1.0,1,1.0,1,0.30814395736423544,38
3333,1,5920,2693,3227,0,0,0,1.0,1,1.0,1,1.0,1,0.3184095685437287,38
3334,1,5921,2693,3228,0,0,0,1.0,1,1.0,1,1.0,1,0.3371097246604059,40
3335,0,5921,2693,3228,0,0,0,1.0,1,1.0,1,1.0,1,0.3371097246604059,40
3336,0,5921,2693,3228,0,0,0,1.0,1,1.0,1,1.0,1,0.352767222132249,39
3337,1,5922,2693,3229,0,0,0,1.0,1,1.0,1,1.0,1,0.3254810678333386,40
3338,3,5925,2695,3230,0,0,0,1.0,1,1.0,1,1.0,1,0.31563675996552637,41
3339,1,5926,2695,3231,0,0,0,1.0,1,1.0,1,1.0,1,0.2877698901997506,42
3340,3,5929,2698,3231,0,0,0,1.0,1,1.0,1,1.0,1,0.28769908120254345,43
3341,1,5930,2698,3232,0,0,0,1.0,1,1.0,1,1.0,1,0.27091531725161966,43
3342,5,5935,2699,3236,0,0,0,1.0,1,1.0,1,1.0,1,0.26613766214340867,44
3343,3,5938,2701,3237,0,0,0,1.0,1,1.0,1,1.0,1,0.26681730337073634,44
3344,1,5939,2702,3237,0,0,0,1.0,1,1.0,1,1.0,1,0.31165204443825206,44
3345,0,5939,2702,3237,0,0,0,1.0,1,1.0,1,1.0,1,0.3237274103653556,43
3346,0,5939,2702,3237,0,0,0,1.0,1,1.0,1,1.0,1,0.3453735605526825,42
3347,0,5939,2702,3237,0,0,0,1.0,1,1.0,1,1.0,1,0.32401681880173744,44
3348,1,5940,2702,3238,0,0,0,1.0,1,1.0,1,1.0,1,0.3180807176245261,45
3349,4,5944,2704,3240,0,0,0,1.0,1,1.0,1,1.0,1,0.2882309268965891,45
3350,0,5944,2704,3240,0,0,0,1.0,1,1.0,1,1.0,1,0.2738018271738599,46
3351,2,5946,2705,3241,0,0,0,1.0,1,1.0,1,1.0,1,0.2671658387717799,47
3352,1,5947,2705,3242,0,0,0,1.0,1,1.0,1,1.0,1,0.2430278246467712,47
3353,1,5948,2705,3243,0,0,0,1.0,1,1.0,1,1.0,1,0.2481958988055376,48
3354,1,5949,2706,3243,0,0,0,1.0,1,1.0,1,1.0,1,0.2540118709226978,48
3355,0,5949,2706,3243,0,0,0,1.0,1,1.0,1,1.0,1,0.2427004801035461,48
3356,3,5952,2708,3244,0,0,0,1.0,1,1.0,1,1.0,1,0.2109421196087999,48
3357,1,5953,2709,3244,0,0,0,1.0,1,1.0,1,1.0,1,0.2145199571807541,47
3358,0,5953,2709,3244,0,0,0,1.0,1,1.0,1,1.0,1,0.24505349469812218,46
3359,2,5955,2711,3244,0,0,0,1.0,1,1.0,1,1.0,1,0.28268249869892503,45
3360,1,5956,2712,3244,0,0,0,1.0,1,1.0,1,1.0,1,0.29082779181605206,44
3361,2,5958,2713,3245,0,0,0,1.0,1,1.0,1,1.0,1,0.276467622080106,43
3362,2,5960,2713,3247,0,0,0,1.0,1,1.0,1,1.0,1,0.21230319160013655,42
3363,2,5962,2714,3248,0,0,0,1.0,1,1.0,1,1.0,1,0.2262633584269602,41
3364,1,5963,2714,3249,0,0,0,1.0,1,1.0,1,1.0,1,0.2705227264462073,41
3365,1,5964,2715,3249,0,0,0,1.0,1,1.0,1,1.0,1,0.3124572882796479,41
3366,3,5967,2717,3250,0,0,0,1.0,1,1.0,1,1.0,1,0.31935204721733285,40
3367,0,5967,2717,3250,0,0,0,1.0,1,1.0,1,1.0,1,0.30879535423928517,39
3368,2,5969,2719,3250,0,0,0,1.0,1,1.0,1,1.0,1,0.25843661502992177,39
3369,0,5969,2719,3250,0,0,0,1.0,1,1.0,1,1.0,1,0.26167360310960147,40
3370,2,5971,2721,3250,0,0,0,1.0,1,1.0,1,1.0,1,0.30237365167812447,41
3371,1,5972,2722,3250,0,0,0,1.0,1,1.0,1,1.0,1,0.30931100921127797,41
3372,4,5976,2724,3252,0,0,0,1.0,1,1.0,1,1.0,1,0.30468586380662016,40
3373,1,5977,2724,3253,0,0,0,1.0,1,1.0,1,1.0,1,0.2924561370595781,41
3374,1,5978,2724,3254,0,0,0,1.0,1,1.0,1,1.0,1,0.2938703296832261,42
3375,1,5979,2724,3255,0,0,0,1.0,1,1.0,1,1.0,1,0.31005787100754845,44
3376,8,5987,2725,3262,0,0,0,1.0,1,1.0,1,1.0,1,0.1570697605669875,46
3377,1,5988,2725,3263,0,0,0,1.0,1,1.0,1,1.0,1,0.1306079381059479,47
3378,1,5989,2726,3263,0,0,0,1.0,1,1.0,1,1.0,1,0.17505965184669048,48
3379,0,5989,2726,3263,0,0,0,1.0,1,1.0,1,1.0,1,0.17505965184669048,48
3380,2,5991,2727,3264,0,0,0,1.0,1,1.0,1,1.0,1,0.17345343989819503,48
3381,0,5991,2727,3264,0,0,0,1.0,1,1.0,1,1.0,1,0.17345343989819503,48
3382,3,5994,2728,3266,0,0,0,1.0,1,1.0,1,1.0,1,0.18429588212612552,49
3383,2,5996,2728,3268,0,0,0,1.0,1,1.0,1,1.0,1,0.16189392633533856,47
3384,8,6004,2731,3273,0,0,0,1.0,1,1.0,1,1.0,1,0.21266196927744496,48
3385,0,6004,2731,3273,0,0,0,1.0,1,1.0,1,1.0,1,0.2238341949619959,47
3386,1,6005,2732,3273,0,0,0,1.0,1,1.0,1,1.0,1,0.266527087805861,49
3387,2,6007,2732,3275,0,0,0,1.0,1,1.0,1,1.0,1,0.2671486504547023,48
3388,0,6007,2732,3275,0,0,0,1.0,1,1.0,1,1.0,1,0.2671486504547023,48
3389,5,6012,2732,3280,0,0,0,1.0,1,1.0,1,1.0,1,0.2467412861346958,50
3390,0,6012,2732,3280,0,0,0,1.0,1,1.0,1,1.0,1,0.22519631329765863,51
3391,1,6013,2732,3281,0,0,0,1.0,1,1.0,1,1.0,1,0.20015202840752291,51
3392,0,6013,2732,3281,0,0,0,1.0,1,1.0,1,1.0,1,0.20544092492259633,52
3393,2,6015,2732,3283,0,0,0,1.0,1,1.0,1,1.0,1,0.13403954783983296,52
3394,1,6016,2733,3283,0,0,0,1.0,1,1.0,1,1.0,1,0.128914175105907,52
3395,0,6016,2733,3283,0,0,0,1.0,1,1.0,1,1.0,1,0.12520696187100172,50
3396,0,6016,2733,3283,0,0,0,1.0,1,1.0,1,1.0,1,0.1463526738313293,49
3397,0,6016,2733,3283,0,0,0,1.0,1,1.0,1,1.0,1,0.1798204696471339,49
3398,0,6016,2733,3283,0,0,0,1.0,1,1.0,1,1.0,1,0.1957605967720477,48
3399,1,6017,2734,3283,0,0,0,1.0,1,1.0,1,1.0,1,0.22389988953309128,49
3400,1,6018,2735,3283,0,0,0,1.0,1,1.0,1,1.0,1,0.230923354829253,50
3401,1,6019,2735,3284,0,0,0,1.0,1,1.0,1,1.0,1,0.21219423815863106,51
3402,1,6020,2736,3284,0,0,0,1.0,1,1.0,1,1.0,1,0.2458011367685941,51
3403,2,6022,2738,3284,0,0,0,1.0,1,1.0,1,1.0,1,0.243720236639598,51
3404,1,6023,2739,3284,0,0,0,1.0,1,1.0,1,1.0,1,0.23792617195076932,51
3405,1,6024,2740,3284,0,0,0,1.0,1,1.0,1,1.0,1,0.25643018883135293,51
3406,2,6026,2740,3286,0,0,0,1.0,1,1.0,1,1.0,1,0.21484447243771324,51
3407,4,6030,2740,3290,0,0,0,1.0,1,1.0,1,1.0,1,0.16281683580996828,52
3408,0,6030,2740,3290,0,0,0,1.0,1,1.0,1,1.0,1,0.17570928862599902,53
3409,1,6031,2740,3291,0,0,0,1.0,1,1.0,1,1.0,1,0.14795336353769853,54
3410,4,6035,2742,3293,0,0,0,1.0,1,1.0,1,1.0,1,0.1568945464905743,54
3411,2,6037,2742,3295,0,0,0,1.0,1,1.0,1,1.0,1,0.1492959328675057,54
3412,2,6039,2743,3296,0,0,0,1.0,1,1.0,1,1.0,1,0.18324519817820314,55
3413,3,6042,2743,3299,0,0,0,1.0,1,1.0,1,1.0,1,0.1763195461016117,55
3414,1,6043,2743,3300,0,0,0,1.0,1,1.0,1,1.0,1,0.2078276049831183,55
3415,3,6046,2744,3302,0,0,0,1.0,1,1.0,1,1.0,1,0.20955678472873612,56
3416,2,6048,2744,3304,0,0,0,1.0,1,1.0,1,1.0,1,0.2232145661103341,55
3417,0,6048,2744,3304,0,0,0,1.0,1,1.0,1,1.0,1,0.2375606580202516,56
3418,3,6051,2746,3305,0,0,0,1.0,1,1.0,1,1.0,1,0.26567856875872553,55
3419,1,6052,2746,3306,0,0,0,1.0,1,1.0,1,1.0,1,0.2826910994648271,56
3420,1,6053,2747,3306,0,0,0,1.0,1,1.0,1,1.0,1,0.307711772770457,55
3421,11,6064,2749,3315,0,0,0,1.0,1,1.0,1,1.0,1,0.22405879482365126,57
3422,0,6064,2749,3315,0,0,0,1.0,1,1.0,1,1.0,1,0.22408533357448604,56
3423,2,6066,2751,3315,0,0,0,1.0,1,1.0,1,1.0,1,0.2221237931834384,56
3424,1,6067,2752,3315,0,0,0,1.0,1,1.0,1,1.0,1,0.22191492844336236,56
3425,0,6067,2752,3315,0,0,0,1.0,1,1.0,1,1.0,1,0.22191492844336236,56
3426,1,6068,2752,3316,0,0,0,1.0,1,1.0,1,1.0,1,0.23165451489592995,55
3427,1,6069,2753,3316,0,0,0,1.0,1,1.0,1,1.0,1,0.2662533119042731,55
3428,3,6072,2755,3317,0,0,0,1.0,1,1.0,1,1.0,1,0.27664770127705496,55
3429,3,6075,2756,3319,0,0,0,1.0,1,1.0,1,1.0,1,0.27310020659253675,54
3430,1,6076,2756,3320,0,0,0,1.0,1,1.0,1,1.0,1,0.2626820914824264,56
3431,1,6077,2756,3321,0,0,0,1.0,1,1.0,1,1.0,1,0.24663250898973504,54
3432,3,6080,2758,3322,0,0,0,1.0,1,1.0,1,1.0,1,0.2700766532771424,56
3433,2,6082,2759,3323,0,0,0,1.0,1,1.0,1,1.0,1,0.29239811359098034,53
3434,2,6084,2759,3325,0,0,0,1.0,1,1.0,1,1.0,1,0.2738693036164636,51
3435,3,6087,2760,3327,0,0,0,1.0,1,1.0,1,1.0,1,0.2691170988680055,51
3436,9,6096,2761,3335,0,0,0,1.0,1,1.0,1,1.0,1,0.16272808187803986,51
3437,3,6099,2762,3337,0,0,0,1.0,1,1.0,1,1.0,1,0.13146772234482837,53
3438,2,6101,2762,3339,0,0,0,1.0,1,1.0,1,1.0,1,0.18773150232287233,52
3439,3,6104,2762,3342,0,0,0,1.0,1,1.0,1,1.0,1,0.21132657643089034,54
3440,1,6105,2763,3342,0,0,0,1.0,1,1.0,1,1.0,1,0.1822098286126019,52
3441,1,6106,2763,3343,0,0,0,1.0,1,1.0,1,1.0,1,0.19480810462909376,53
3442,4,6110,2765,3345,0,0,0,1.0,1,1.0,1,1.0,1,0.20806084586907117,53
3443,3,6113,2766,3347,0,0,0,1.0,1,1.0,1,1.0,1,0.25088592392444264,53
3444,4,6117,2767,3350,0,0,0,1.0,1,1.0,1,1.0,1,0.29771092819617245,52
3445,7,6124,2767,3357,0,0,0,1.0,1,1.0,1,1.0,1,0.2897761069798654,53
3446,8,6132,2768,3364,0,0,0,1.0,1,1.0,1,1.0,1,0.3200708338228996,53
3447,6,6138,2768,3370,0,0,0,1.0,1,1.0,1,1.0,1,0.3210376232206255,53
3448,10,6148,2771,3377,0,0,0,1.0,1,1.0,1,1.0,1,0.34113306066674465,52
3449,8,6156,2773,3383,0,0,0,1.0,1,1.0,1,1.0,1,0.3113747950048443,52
3450,5,6161,2774,3387,0,0,0,1.0,1,1.0,1,1.0,1,0.2821008492543337,52
3451,10,6171,2776,3395,0,0,0,1.0,1,1.0,1,1.0,1,0.15763920991975458,54
3452,1,6172,2776,3396,0,0,0,1.0,1,1.0,1,1.0,1,0.1543667196590153,54
3453,2,6174,2777,3397,0,0,0,1.0,1,1.0,1,1.0,1,0.14265749575546782,54
3454,0,6174,2777,3397,0,0,0,1.0,1,1.0,1,1.0,1,0.14141127594221842,57
3455,0,6174,2777,3397,0,0,0,1.0,1,1.0,1,1.0,1,0.14141127594221842,57
3456,1,6175,2778,3397,0,0,0,1.0,1,1.0,1,1.0,1,0.1795093829694852,58
3457,1,6176,2778,3398,0,0,0,1.0,1,1.0,1,1.0,1,0.1573142868844333,57
3458,0,6176,2778,3398,0,0,0,1.0,1,1.0,1,1.0,1,0.15755430740741985,57
3459,0,6176,2778,3398,0,0,0,1.0,1,1.0,1,1.0,1,0.15755430740741985,57
3460,0,6176,2778,3398,0,0,0,1.0,1,1.0,1,1.0,1,0.14865031522498076,58
3461,3,6179,2779,3400,0,0,0,1.0,1,1.0,1,1.0,1,0.1387823976473417,59
3462,2,6181,2779,3402,0,0,0,1.0,1,1.0,1,1.0,1,0.12514825332419657,59
3463,2,6183,2781,3402,0,0,0,1.0,1,1.0,1,1.0,1,0.1375937731283057,59
3464,3,6186,2783,3403,0,0,0,1.0,1,1.0,1,1.0,1,0.18622050140714785,59
3465,6,6192,2785,3407,0,0,0,1.0,1,1.0,1,1.0,1,0.1628114769812827,57
3466,6,6198,2786,3412,0,0,0,1.0,1,1.0,1,1.0,1,0.08603458120972247,57
3467,3,6201,2787,3414,0,0,0,1.0,1,1.0,1,1.0,1,0.1346000019368095,57
3468,1,6202,2788,3414,0,0,0,1.0,1,1.0,1,1.0,1,0.13257443297954136,57
3469,3,6205,2790,3415,0,0,0,1.0,1,1.0,1,1.0,1,0.1621412414322409,53
3470,0,6205,2790,3415,0,0,0,1.0,1,1.0,1,1.0,1,0.21016560177275895,50
3471,1,6206,2791,3415,0,0,0,1.0,1,1.0,1,1.0,1,0.22260206253709708,49
3472,2,6208,2793,3415,0,0,0,1.0,1,1.0,1,1.0,1,0.23166285676458576,47
3473,4,6212,2797,3415,0,0,0,1.0,1,1.0,1,1.0,1,0.2666474045944142,45
3474,1,6213,2798,3415,0,0,0,1.0,1,1.0,1,1.0,1,0.30015446937199486,42
3475,3,6216,2800,3416,0,0,0,1.0,1,1.0,1,1.0,1,0.3549202504053388,43
3476,2,6218,2801,3417,0,0,0,1.0,1,1.0,1,1.0,1,0.3558173936556837,41
3477,4,6222,2804,3418,0,0,0,1.0,1,1.0,1,1.0,1,0.3006720028180884,42
3478,2,6224,2806,3418,0,0,0,1.0,1,1.0,1,1.0,1,0.33354362644236407,40
3479,1,6225,2807,3418,0,0,0,1.0,1,1.0,1,1.0,1,0.3374416077612019,40
3480,0,6225,2807,3418,0,0,0,1.0,1,1.0,1,1.0,1,0.3325674948244695,40
3481,4,6229,2807,3422,0,0,0,1.0,1,1.0,1,1.0,1,0.24577221095420812,40
3482,0,6229,2807,3422,0,0,0,1.0,1,1.0,1,1.0,1,0.24577221095420812,40
3483,0,6229,2807,3422,0,0,0,1.0,1,1.0,1,1.0,1,0.24565872100944233,39
3484,0,6229,2807,3422,0,0,0,1.0,1,1.0,1,1.0,1,0.24565872100944233,39
3485,2,6231,2808,3423,0,0,0,1.0,1,1.0,1,1.0,1,0.25614121596922745,40
3486,1,6232,2808,3424,0,0,0,1.0,1,1.0,1,1.0,1,0.23862999577217925,41
3487,1,6233,2808,3425,0,0,0,1.0,1,1.0,1,1.0,1,0.2504262281091266,41
3488,1,6234,2809,3425,0,0,0,1.0,1,1.0,1,1.0,1,0.21188094771445687,42
3489,0,6234,2809,3425,0,0,0,1.0,1,1.0,1,1.0,1,0.2017919666264991,44
3490,0,6234,2809,3425,0,0,0,1.0,1,1.0,1,1.0,1,0.2017919666264991,44
3491,2,6236,2810,3426,0,0,0,1.0,1,1.0,1,1.0,1,0.22077483083847377,45
3492,1,6237,2811,3426,0,0,0,1.0,1,1.0,1,1.0,1,0.24254774717916608,45
3493,1,6238,2812,3426,0,0,0,1.0,1,1.0,1,1.0,1,0.2476047898210003,45
3494,1,6239,2812,3427,0,0,0,1.0,1,1.0,1,1.0,1,0.24158843073863442,45
3495,0,6239,2812,3427,0,0,0,1.0,1,1.0,1,1.0,1,0.24158843073863442,45
3496,1,6240,2812,3428,0,0,0,1.0,1,1.0,1,1.0,1,0.26271910494282663,46
3497,1,6241,2813,3428,0,0,0,1.0,1,1.0,1,1.0,1,0.2882924038105854,47
3498,4,6245,2814,3431,0,0,0,1.0,1,1.0,1,1.0,1,0.2716248106012903,48
3499,2,6247,2816,3431,0,0,0,1.0,1,1.0,1,1.0,1,0.3291881582894416,47
3500,0,6247,2816,3431,0,0,0,1.0,1,1.0,1,1.0,1,0.3237147715681037,50
3501,1,6248,2817,3431,0,0,0,1.0,1,1.0,1,1.0,1,0.3237378323482292,50
3502,1,6249,2818,3431,0,0,0,1.0,1,1.0,1,1.0,1,0.33247717547818445,50
3503,0,6249,2818,3431,0,0,0,1.0,1,1.0,1,1.0,1,0.33247717547818445,50
3504,4,6253,2821,3432,0,0,0,1.0,1,1.0,1,1.0,1,0.3688715649192492,47
3505,4,6257,2822,3435,0,0,0,1.0,1,1.0,1,1.0,1,0.34695299046319966,48
3506,3,6260,2823,3437,0,0,0,1.0,1,1.0,1,1.0,1,0.370252032748567,49
3507,0,6260,2823,3437,0,0,0,1.0,1,1.0,1,1.0,1,0.3350548752020666,46
3508,2,6262,2824,3438,0,0,0,1.0,1,1.0,1,1.0,1,0.3655981867452133,47
3509,1,6263,2824,3439,0,0,0,1.0,1,1.0,1,1.0,1,0.3229277628817229,44
3510,1,6264,2825,3439,0,0,0,1.0,1,1.0,1,1.0,1,0.4012334813734079,45
3511,2,6266,2826,3440,0,0,0,1.0,1,1.0,1,1.0,1,0.3385838944605978,44
3512,0,6266,2826,3440,0,0,0,1.0,1,1.0,1,1.0,1,0.3648828522690455,42
3513,0,6266,2826,3440,0,0,0,1.0,1,1.0,1,1.0,1,0.3648828522690455,42
3514,0,6266,2826,3440,0,0,0,1.0,1,1.0,1,1.0,1,0.3601298795069785,42
3515,2,6268,2827,3441,0,0,0,1.0,1,1.0,1,1.0,1,0.3896434213007584,42
3516,3,6271,2828,3443,0,0,0,1.0,1,1.0,1,1.0,1,0.3245339387502139,41
3517,2,6273,2829,3444,0,0,0,1.0,1,1.0,1,1.0,1,0.3353270389262326,44
3518,2,6275,2830,3445,0,0,0,1.0,1,1.0,1,1.0,1,0.3713176947957109,43
3519,0,6275,2830,3445,0,0,0,1.0,1,1.0,1,1.0,1,0.3788012107940086,44
3520,1,6276,2830,3446,0,0,0,1.0,1,1.0,1,1.0,1,0.37546951060302675,45
3521,1,6277,2830,3447,0,0,0,1.0,1,1.0,1,1.0,1,0.37769583205503704,45
3522,1,6278,2830,3448,0,0,0,1.0,1,1.0,1,1.0,1,0.3233302970349402,46
3523,1,6279,2830,3449,0,0,0,1.0,1,1.0,1,1.0,1,0.3395399200466713,46
3524,1,6280,2830,3450,0,0,0,1.0,1,1.0,1,1.0,1,0.32369321183643424,47
3525,0,6280,2830,3450,0,0,0,1.0,1,1.0,1,1.0,1,0.3432729497080047,48
3526,4,6284,2830,3454,0,0,0,1.0,1,1.0,1,1.0,1,0.29113049553173237,49
3527,4,6288,2832,3456,0,0,0,1.0,1,1.0,1,1.0,1,0.32183238819982546,49
3528,6,6294,2832,3462,0,0,0,1.0,1,1.0,1,1.0,1,0.27108757696105773,51
3529,0,6294,2832,3462,0,0,0,1.0,1,1.0,1,1.0,1,0.27108757696105773,51
3530,1,6295,2833,3462,0,0,0,1.0,1,1.0,1,1.0,1,0.28592340586871245,52
3531,2,6297,2834,3463,0,0,0,1.0,1,1.0,1,1.0,1,0.2905619315813873,52
3532,2,6299,2834,3465,0,0,0,1.0,1,1.0,1,1.0,1,0.2661798338942249,52
3533,0,6299,2834,3465,0,0,0,1.0,1,1.0,1,1.0,1,0.2661798338942249,52
3534,0,6299,2834,3465,0,0,0,1.0,1,1.0,1,1.0,1,0.2661798338942249,52
3535,0,6299,2834,3465,0,0,0,1.0,1,1.0,1,1.0,1,0.2661798338942249,52
3536,1,6300,2835,3465,0,0,0,1.0,1,1.0,1,1.0,1,0.2925243684399694,54
3537,3,6303,2835,3468,0,0,0,1.0,1,1.0,1,1.0,1,0.29963076136210864,55
3538,3,6306,2835,3471,0,0,0,1.0,1,1.0,1,1.0,1,0.2930011302723429,55
3539,1,6307,2835,3472,0,0,0,1.0,1,1.0,1,1.0,1,0.2914621332115402,58
3540,9,6316,2836,3480,0,0,0,1.0,1,1.0,1,1.0,1,0.2878887188252586,59
3541,1,6317,2836,3481,0,0,0,1.0,1,1.0,1,1.0,1,0.27256999266247206,59
3542,4,6321,2836,3485,0,0,0,1.0,1,1.0,1,1.0,1,0.2505545871577602,61
3543,7,6328,2839,3489,0,0,0,1.0,1,1.0,1,1.0,1,0.23423760255968878,62
3544,4,6332,2841,3491,0,0,0,1.0,1,1.0,1,1.0,1,0.19955380720163585,59
3545,2,6334,2842,3492,0,0,0,1.0,1,1.0,1,1.0,1,0.20424576031961328,59
3546,3,6337,2844,3493,0,0,0,1.0,1,1.0,1,1.0,1,0.22703166602342023,57
3547,0,6337,2844,3493,0,0,0,1.0,1,1.0,1,1.0,1,0.2255444742917948,53
3548,2,6339,2845,3494,0,0,0,1.0,1,1.0,1,1.0,1,0.23028289202706936,53
3549,1,6340,2846,3494,0,0,0,1.0,1,1.0,1,1.0,1,0.22570307567690717,52
3550,2,6342,2847,3495,0,0,0,1.0,1,1.0,1,1.0,1,0.22605158243019113,51
3551,0,6342,2847,3495,0,0,0,1.0,1,1.0,1,1.0,1,0.23099091704949012,51
3552,2,6344,2848,3496,0,0,0,1.0,1,1.0,1,1.0,1,0.25843593289108724,51
3553,0,6344,2848,3496,0,0,0,1.0,1,1.0,1,1.0,1,0.2658469326483624,49
3554,2,6346,2848,3498,0,0,0,1.0,1,1.0,1,1.0,1,0.209609231762751,49
3555,1,6347,2848,3499,0,0,0,1.0,1,1.0,1,1.0,1,0.2056686132456688,51
3556,1,6348,2848,3500,0,0,0,1.0,1,1.0,1,1.0,1,0.19670666173405404,51
3557,2,6350,2849,3501,0,0,0,1.0,1,1.0,1,1.0,1,0.19415294007340528,52
3558,2,6352,2850,3502,0,0,0,1.0,1,1.0,1,1.0,1,0.20611281233743983,52
3559,2,6354,2851,3503,0,0,0,1.0,1,1.0,1,1.0,1,0.19623011554082748,52
3560,0,6354,2851,3503,0,0,0,1.0,1,1.0,1,1.0,1,0.1797637938119134,53
3561,1,6355,2852,3503,0,0,0,1.0,1,1.0,1,1.0,1,0.17224772327854457,54
3562,2,6357,2854,3503,0,0,0,1.0,1,1.0,1,1.0,1,0.18092639477140593,54
3563,3,6360,2855,3505,0,0,0,1.0,1,1.0,1,1.0,1,0.1928206259483965,55
3564,3,6363,2855,3508,0,0,0,1.0,1,1.0,1,1.0,1,0.13487211473521976,57
3565,0,6363,2855,3508,0,0,0,1.0,1,1.0,1,1.0,1,0.14163381962704183,56
3566,1,6364,2856,3508,0,0,0,1.0,1,1.0,1,1.0,1,0.17769272288727406,57
3567,1,6365,2857,3508,0,0,0,1.0,1,1.0,1,1.0,1,0.18799626101095152,57
3568,0,6365,2857,3508,0,0,0,1.0,1,1.0,1,1.0,1,0.18799626101095152,57
3569,2,6367,2857,3510,0,0,0,1.0,1,1.0,1,1.0,1,0.1678972288698585,57
3570,2,6369,2858,3511,0,0,0,1.0,1,1.0,1,1.0,1,0.2248798093698972,59
3571,0,6369,2858,3511,0,0,0,1.0,1,1.0,1,1.0,1,0.21293704681561745,60
3572,1,6370,2859,3511,0,0,0,1.0,1,1.0,1,1.0,1,0.22816062273992987,61
3573,1,6371,2859,3512,0,0,0,1.0,1,1.0,1,1.0,1,0.22811650698711464,62
3574,0,6371,2859,3512,0,0,0,1.0,1,1.0,1,1.0,1,0.22435186668186122,63
3575,1,6372,2859,3513,0,0,0,1.0,1,1.0,1,1.0,1,0.2180867492385338,63
3576,1,6373,2859,3514,0,0,0,1.0,1,1.0,1,1.0,1,0.2060847458045443,63
3577,0,6373,2859,3514,0,0,0,1.0,1,1.0,1,1.0,1,0.2109203898400273,64
3578,0,6373,2859,3514,0,0,0,1.0,1,1.0,1,1.0,1,0.20989849837284053,64
3579,0,6373,2859,3514,0,0,0,1.0,1,1.0,1,1.0,1,0.20989849837284053,64
3580,1,6374,2859,3515,0,0,0,1.0,1,1.0,1,1.0,1,0.20817949159459595,65
3581,1,6375,2860,3515,0,0,0,1.0,1,1.0,1,1.0,1,0.22487637493338108,68
3582,9,6384,2864,3520,0,0,0,1.0,1,1.0,1,1.0,1,0.20367856329407685,68
3583,1,6385,2865,3520,0,0,0,1.0,1,1.0,1,1.0,1,0.21683411854540724,65
3584,3,6388,2867,3521,0,0,0,1.0,1,1.0,1,1.0,1,0.24612349512175993,64
3585,3,6391,2868,3523,0,0,0,1.0,1,1.0,1,1.0,1,0.214621365836318,64
3586,8,6399,2871,3528,0,0,0,1.0,1,1.0,1,1.0,1,0.16671450247059724,65
3587,2,6401,2872,3529,0,0,0,1.0,1,1.0,1,1.0,1,0.14661804014004376,64
3588,3,6404,2874,3530,0,0,0,1.0,1,1.0,1,1.0,1,0.17397138708603918,62
3589,2,6406,2876,3530,0,0,0,1.0,1,1.0,1,1.0,1,0.19211479482686183,63
3590,2,6408,2878,3530,0,0,0,1.0,1,1.0,1,1.0,1,0.20346281692230958,63
3591,6,6414,2880,3534,0,0,0,1.0,1,1.0,1,1.0,1,0.1598353795260606,62
3592,1,6415,2881,3534,0,0,0,1.0,1,1.0,1,1.0,1,0.1495759620494241,59
3593,3,6418,2882,3536,0,0,0,1.0,1,1.0,1,1.0,1,0.0856652028332702,58
3594,1,6419,2882,3537,0,0,0,1.0,1,1.0,1,1.0,1,0.10190576634313507,57
3595,1,6420,2882,3538,0,0,0,1.0,1,1.0,1,1.0,1,0.10205611272404685,59
3596,1,6421,2883,3538,0,0,0,1.0,1,1.0,1,1.0,1,0.05699066347968104,57
3597,4,6425,2886,3539,0,0,0,1.0,1,1.0,1,1.0,1,0.13781057752377346,57
3598,1,6426,2886,3540,0,0,0,1.0,1,1.0,1,1.0,1,0.12818700696199012,57
3599,3,6429,2889,3540,0,0,0,1.0,1,1.0,1,1.0,1,0.144506195307853,58
3600,2,6431,2889,3542,0,0,0,1.0,1,1.0,1,1.0,1,0.1469299943330595,58
3601,3,6434,2891,3543,0,0,0,1.0,1,1.0,1,1.0,1,0.13146105183375695,58
3602,3,6437,2892,3545,0,0,0,1.0,1,1.0,1,1.0,1,0.13681637130430424,60
3603,3,6440,2893,3547,0,0,0,1.0,1,1.0,1,1.0,1,0.11922355328555649,60
3604,0,6440,2893,3547,0,0,0,1.0,1,1.0,1,1.0,1,0.11922355328555649,60
3605,2,6442,2894,3548,0,0,0,1.0,1,1.0,1,1.0,1,0.13860463556673802,61
3606,1,6443,2895,3548,0,0,0,1.0,1,1.0,1,1.0,1,0.12125342333290046,63
3607,1,6444,2896,3548,0,0,0,1.0,1,1.0,1,1.0,1,0.14669484389207918,63
3608,0,6444,2896,3548,0,0,0,1.0,1,1.0,1,1.0,1,0.1552118942829139,64
3609,5,6449,2897,3552,0,0,0,1.0,1,1.0,1,1.0,1,0.12098183934257117,66
3610,4,6453,2899,3554,0,0,0,1.0,1,1.0,1,1.0,1,0.14490670172992828,67
3611,2,6455,2901,3554,0,0,0,1.0,1,1.0,1,1.0,1,0.1850551199847117,67
3612,2,6457,2902,3555,0,0,0,1.0,1,1.0,1,1.0,1,0.2076615310561686,66
3613,0,6457,2902,3555,0,0,0,1.0,1,1.0,1,1.0,1,0.2076615310561686,66
3614,1,6458,2903,3555,0,0,0,1.0,1,1.0,1,1.0,1,0.21995207035524622,65
3615,0,6458,2903,3555,0,0,0,1.0,1,1.0,1,1.0,1,0.22181914317376328,65
3616,4,6462,2903,3559,0,0,0,1.0,1,1.0,1,1.0,1,0.1824164576818471,65
3617,3,6465,2904,3561,0,0,0,1.0,1,1.0,1,1.0,1,0.1709463519839104,66
3618,2,6467,2905,3562,0,0,0,1.0,1,1.0,1,1.0,1,0.15986508199918695,66
3619,3,6470,2905,3565,0,0,0,1.0,1,1.0,1,1.0,1,0.1833182219864701,65
3620,2,6472,2905,3567,0,0,0,1.0,1,1.0,1,1.0,1,0.1911835461014716,66
3621,3,6475,2906,3569,0,0,0,1.0,1,1.0,1,1.0,1,0.2148105714832722,65
3622,4,6479,2907,3572,0,0,0,1.0,1,1.0,1,1.0,1,0.19842444379109916,65
3623,3,6482,2909,3573,0,0,0,1.0,1,1.0,1,1.0,1,0.22728357190589343,62
3624,4,6486,2912,3574,0,0,0,1.0,1,1.0,1,1.0,1,0.22943237465044541,62
3625,8,6494,2913,3581,0,0,0,1.0,1,1.0,1,1.0,1,0.2106608620437643,61
3626,4,6498,2914,3584,0,0,0,1.0,1,1.0,1,1.0,1,0.196848229110051,58
3627,1,6499,2915,3584,0,0,0,1.0,1,1.0,1,1.0,1,0.18876379936965684,58
3628,3,6502,2917,3585,0,0,0,1.0,1,1.0,1,1.0,1,0.18891054011150643,57
3629,2,6504,2919,3585,0,0,0,1.0,1,1.0,1,1.0,1,0.21087889611459876,57
3630,2,6506,2921,3585,0,0,0,1.0,1,1.0,1,1.0,1,0.24212634761968502,56
3631,7,6513,2924,3589,0,0,0,1.0,1,1.0,1,1.0,1,0.20892172908696763,54
3632,1,6514,2924,3590,0,0,0,1.0,1,1.0,1,1.0,1,0.20240857367138476,52
3633,6,6520,2929,3591,0,0,0,1.0,1,1.0,1,1.0,1,0.266952420609713,52
3634,1,6521,2930,3591,0,0,0,1.0,1,1.0,1,1.0,1,0.2702819162974974,49
3635,4,6525,2931,3594,0,0,0,1.0,1,1.0,1,1.0,1,0.2542608291363966,47
3636,2,6527,2932,3595,0,0,0,1.0,1,1.0,1,1.0,1,0.2707995060881156,48
3637,1,6528,2932,3596,0,0,0,1.0,1,1.0,1,1.0,1,0.2808673525496837,49
3638,1,6529,2932,3597,0,0,0,1.0,1,1.0,1,1.0,1,0.27657029143423645,50
3639,4,6533,2934,3599,0,0,0,1.0,1,1.0,1,1.0,1,0.2898697825588441,52
3640,0,6533,2934,3599,0,0,0,1.0,1,1.0,1,1.0,1,0.2898697825588441,52
3641,1,6534,2934,3600,0,0,0,1.0,1,1.0,1,1.0,1,0.2769772395035822,52
3642,0,6534,2934,3600,0,0,0,1.0,1,1.0,1,1.0,1,0.2769772395035822,52
3643,0,6534,2934,3600,0,0,0,1.0,1,1.0,1,1.0,1,0.2769772395035822,52
3644,1,6535,2935,3600,0,0,0,1.0,1,1.0,1,1.0,1,0.2891352655414021,52
3645,0,6535,2935,3600,0,0,0,1.0,1,1.0,1,1.0,1,0.27208077396721225,53
3646,5,6540,2936,3604,0,0,0,1.0,1,1.0,1,1.0,1,0.19320914469844802,53
3647,2,6542,2936,3606,0,0,0,1.0,1,1.0,1,1.0,1,0.17335202750640982,55
3648,4,6546,2936,3610,0,0,0,1.0,1,1.0,1,1.0,1,0.15888792585550232,57
3649,0,6546,2936,3610,0,0,0,1.0,1,1.0,1,1.0,1,0.15888792585550232,57
3650,1,6547,2936,3611,0,0,0,1.0,1,1.0,1,1.0,1,0.1451925484512367,59
3651,0,6547,2936,3611,0,0,0,1.0,1,1.0,1,1.0,1,0.1451925484512367,59
3652,0,6547,2936,3611,0,0,0,1.0,1,1.0,1,1.0,1,0.1451925484512367,59
3653,0,6547,2936,3611,0,0,0,1.0,1,1.0,1,1.0,1,0.1451925484512367,59
3654,0,6547,2936,3611,0,0,0,1.0,1,1.0,1,1.0,1,0.1451925484512367,59
3655,1,6548,2936,3612,0,0,0,1.0,1,1.0,1,1.0,1,0.13002577666537707,62
3656,0,6548,2936,3612,0,0,0,1.0,1,1.0,1,1.0,1,0.13002577666537707,62
3657,0,6548,2936,3612,0,0,0,1.0,1,1.0,1,1.0,1,0.1418272111837553,63
3658,4,6552,2938,3614,0,0,0,1.0,1,1.0,1,1.0,1,0.17801911988559194,63
3659,2,6554,2939,3615,0,0,0,1.0,1,1.0,1,1.0,1,0.18190329258605986,62
3660,2,6556,2941,3615,0,0,0,1.0,1,1.0,1,1.0,1,0.2166942521236516,62
3661,2,6558,2941,3617,0,0,0,1.0,1,1.0,1,1.0,1,0.15647696976976957,61
3662,3,6561,2943,3618,0,0,0,1.0,1,1.0,1,1.0,1,0.18334133620737075,60
3663,3,6564,2946,3618,0,0,0,1.0,1,1.0,1,1.0,1,0.2057933415951849,61
3664,1,6565,2946,3619,0,0,0,1.0,1,1.0,1,1.0,1,0.18076096375699788,58
3665,2,6567,2948,3619,0,0,0,1.0,1,1.0,1,1.0,1,0.1831985545851162,58
3666,1,6568,2949,3619,0,0,0,1.0,1,1.0,1,1.0,1,0.17817592549146596,58
3667,3,6571,2951,3620,0,0,0,1.0,1,1.0,1,1.0,1,0.19780133021530044,58
3668,2,6573,2951,3622,0,0,0,1.0,1,1.0,1,1.0,1,0.2044386785252882,58
3669,1,6574,2952,3622,0,0,0,1.0,1,1.0,1,1.0,1,0.2484112068085361,57
3670,1,6575,2953,3622,0,0,0,1.0,1,1.0,1,1.0,1,0.2478006060172331,56
3671,1,6576,2954,3622,0,0,0,1.0,1,1.0,1,1.0,1,0.272064402702524,57
3672,3,6579,2955,3624,0,0,0,1.0,1,1.0,1,1.0,1,0.2794085261329211,57
3673,0,6579,2955,3624,0,0,0,1.0,1,1.0,1,1.0,1,0.27445054878811925,58
3674,0,6579,2955,3624,0,0,0,1.0,1,1.0,1,1.0,1,0.2791026909673762,57
3675,1,6580,2955,3625,0,0,0,1.0,1,1.0,1,1.0,1,0.28803944585209945,58
3676,9,6589,2956,3633,0,0,0,1.0,1,1.0,1,1.0,1,0.1784370318605546,59
3677,5,6594,2957,3637,0,0,0,1.0,1,1.0,1,1.0,1,0.15724940036146562,60
3678,3,6597,2957,3640,0,0,0,1.0,1,1.0,1,1.0,1,0.1512040968698364,62
3679,3,6600,2957,3643,0,0,0,1.0,1,1.0,1,1.0,1,0.12680150169498017,62
3680,3,6603,2957,3646,0,0,0,1.0,1,1.0,1,1.0,1,0.12472798579862825,63
3681,2,6605,2957,3648,0,0,0,1.0,1,1.0,1,1.0,1,0.11957326490538896,64
3682,3,6608,2957,3651,0,0,0,1.0,1,1.0,1,1.0,1,0.12519124501410017,64
3683,2,6610,2957,3653,0,0,0,1.0,1,1.0,1,1.0,1,0.12519124501410017,64
3684,1,6611,2957,3654,0,0,0,1.0,1,1.0,1,1.0,1,0.1257399687589598,64
3685,2,6613,2957,3656,0,0,0,1.0,1,1.0,1,1.0,1,0.1257399687589598,64
3686,1,6614,2957,3657,0,0,0,1.0,1,1.0,1,1.0,1,0.1314761537000894,65
3687,2,6616,2957,3659,0,0,0,1.0,1,1.0,1,1.0,1,0.1314761537000894,65
3688,2,6618,2957,3661,0,0,0,1.0,1,1.0,1,1.0,1,0.1443749079805503,66
3689,2,6620,2957,3663,0,0,0,1.0,1,1.0,1,1.0,1,0.1443749079805503,66
3690,2,6622,2957,3665,0,0,0,1.0,1,1.0,1,1.0,1,0.1355091638134433,67
3691,2,6624,2958,3666,0,0,0,1.0,1,1.0,1,1.0,1,0.13492177755214912,68
3692,0,6624,2958,3666,0,0,0,1.0,1,1.0,1,1.0,1,0.1445805152159901,69
3693,2,6626,2959,3667,0,0,0,1.0,1,1.0,1,1.0,1,0.10705401716601601,69
3694,1,6627,2960,3667,0,0,0,1.0,1,1.0,1,1.0,1,0.1292583062880757,70
3695,1,6628,2960,3668,0,0,0,1.0,1,1.0,1,1.0,1,0.11990552739746853,70
3696,1,6629,2961,3668,0,0,0,1.0,1,1.0,1,1.0,1,0.1196986780546865,71
3697,2,6631,2962,3669,0,0,0,1.0,1,1.0,1,1.0,1,0.14635784080420772,70
3698,0,6631,2962,3669,0,0,0,1.0,1,1.0,1,1.0,1,0.14930480904446317,70
3699,1,6632,2963,3669,0,0,0,1.0,1,1.0,1,1.0,1,0.17203730343833928,70
3700,4,6636,2967,3669,0,0,0,1.0,1,1.0,1,1.0,1,0.17776489453635952,68
3701,2,6638,2969,3669,0,0,0,1.0,1,1.0,1,1.0,1,0.195839577462416,69
3702,1,6639,2970,3669,0,0,0,1.0,1,1.0,1,1.0,1,0.19049377503602638,69
3703,1,6640,2970,3670,0,0,0,1.0,1,1.0,1,1.0,1,0.19419768350803837,70
3704,1,6641,2971,3670,0,0,0,1.0,1,1.0,1,1.0,1,0.2037179444303284,69
3705,0,6641,2971,3670,0,0,0,1.0,1,1.0,1,1.0,1,0.1866943193188163,69
3706,4,6645,2972,3673,0,0,0,1.0,1,1.0,1,1.0,1,0.15057600606924643,69
3707,0,6645,2972,3673,0,0,0,1.0,1,1.0,1,1.0,1,0.1409966635932696,67
3708,0,6645,2972,3673,0,0,0,1.0,1,1.0,1,1.0,1,0.12659672496792218,67
3709,1,6646,2972,3674,0,0,0,1.0,1,1.0,1,1.0,1,0.11996260581304952,67
3710,2,6648,2973,3675,0,0,0,1.0,1,1.0,1,1.0,1,0.10662886401744029,67
3711,0,6648,2973,3675,0,0,0,1.0,1,1.0,1,1.0,1,0.10497324444414881,68
3712,1,6649,2973,3676,0,0,0,1.0,1,1.0,1,1.0,1,0.10144929722270123,68
3713,3,6652,2975,3677,0,0,0,1.0,1,1.0,1,1.0,1,0.09875288620651733,68
3714,0,6652,2975,3677,0,0,0,1.0,1,1.0,1,1.0,1,0.10907841166673923,67
3715,2,6654,2977,3677,0,0,0,1.0,1,1.0,1,1.0,1,0.12813551217512759,68
3716,2,6656,2978,3678,0,0,0,1.0,1,1.0,1,1.0,1,0.12992403698049224,67
3717,1,6657,2979,3678,0,0,0,1.0,1,1.0,1,1.0,1,0.17097854630887344,68
3718,0,6657,2979,3678,0,0,0,1.0,1,1.0,1,1.0,1,0.17252468145135297,68
3719,1,6658,2980,3678,0,0,0,1.0,1,1.0,1,1.0,1,0.22665412343887115,68
3720,4,6662,2980,3682,0,0,0,1.0,1,1.0,1,1.0,1,0.20014092009125126,68
3721,4,6666,2984,3682,0,0,0,1.0,1,1.0,1,1.0,1,0.15372187402543572,70
3722,1,6667,2984,3683,0,0,0,1.0,1,1.0,1,1.0,1,0.16008136008689566,71
3723,1,6668,2985,3683,0,0,0,1.0,1,1.0,1,1.0,1,0.175744663570679,71
3724,1,6669,2986,3683,0,0,0,1.0,1,1.0,1,1.0,1,0.1917093531383077,72
3725,2,6671,2988,3683,0,0,0,1.0,1,1.0,1,1.0,1,0.20428128746765495,72
3726,4,6675,2989,3686,0,0,0,1.0,1,1.0,1,1.0,1,0.180652328214824,71
3727,1,6676,2989,3687,0,0,0,1.0,1,1.0,1,1.0,1,0.16997928236230117,71
3728,0,6676,2989,3687,0,0,0,1.0,1,1.0,1,1.0,1,0.1801270144949123,70
3729,1,6677,2990,3687,0,0,0,1.0,1,1.0,1,1.0,1,0.19122916696932848,70
3730,1,6678,2991,3687,0,0,0,1.0,1,1.0,1,1.0,1,0.22347355850071993,71
3731,0,6678,2991,3687,0,0,0,1.0,1,1.0,1,1.0,1,0.22347355850071993,71
3732,1,6679,2991,3688,0,0,0,1.0,1,1.0,1,1.0,1,0.20937852391644138,72
3733,2,6681,2991,3690,0,0,0,1.0,1,1.0,1,1.0,1,0.2089084142777997,73
3734,6,6687,2993,3694,0,0,0,1.0,1,1.0,1,1.0,1,0.20817729938205676,74
3735,2,6689,2994,3695,0,0,0,1.0,1,1.0,1,1.0,1,0.20509091117383257,72
3736,3,6692,2994,3698,0,0,0,1.0,1,1.0,1,1.0,1,0.14292086967171866,72
3737,2,6694,2995,3699,0,0,0,1.0,1,1.0,1,1.0,1,0.14234764540573283,73
3738,2,6696,2995,3701,0,0,0,1.0,1,1.0,1,1.0,1,0.10780026128136051,72
3739,0,6696,2995,3701,0,0,0,1.0,1,1.0,1,1.0,1,0.10681054238324458,73
3740,0,6696,2995,3701,0,0,0,1.0,1,1.0,1,1.0,1,0.1312369215708656,70
3741,0,6696,2995,3701,0,0,0,1.0,1,1.0,1,1.0,1,0.1312369215708656,70
3742,3,6699,2997,3702,0,0,0,1.0,1,1.0,1,1.0,1,0.12375573072673984,70
3743,1,6700,2997,3703,0,0,0,1.0,1,1.0,1,1.0,1,0.11549184961510005,69
3744,4,6704,3000,3704,0,0,0,1.0,1,1.0,1,1.0,1,0.14316840657666227,69
3745,2,6706,3001,3705,0,0,0,1.0,1,1.0,1,1.0,1,0.11905170151395778,68
3746,1,6707,3002,3705,0,0,0,1.0,1,1.0,1,1.0,1,0.14133059951863408,66
3747,2,6709,3003,3706,0,0,0,1.0,1,1.0,1,1.0,1,0.1324562321811919,66
3748,0,6709,3003,3706,0,0,0,1.0,1,1.0,1,1.0,1,0.12205571636333332,65
3749,0,6709,3003,3706,0,0,0,1.0,1,1.0,1,1.0,1,0.13748231866012078,64
3750,1,6710,3004,3706,0,0,0,1.0,1,1.0,1,1.0,1,0.16081319825794785,63
3751,2,6712,3004,3708,0,0,0,1.0,1,1.0,1,1.0,1,0.12361608939974995,64
3752,3,6715,3007,3708,0,0,0,1.0,1,1.0,1,1.0,1,0.13651934491615653,64
3753,3,6718,3009,3709,0,0,0,1.0,1,1.0,1,1.0,1,0.17470841719991306,65
3754,4,6722,3012,3710,0,0,0,1.0,1,1.0,1,1.0,1,0.17283383923907977,65
3755,3,6725,3014,3711,0,0,0,1.0,1,1.0,1,1.0,1,0.1989883849660535,65
3756,1,6726,3014,3712,0,0,0,1.0,1,1.0,1,1.0,1,0.1944825551393929,65
3757,1,6727,3014,3713,0,0,0,1.0,1,1.0,1,1.0,1,0.18413090722328204,65
3758,0,6727,3014,3713,0,0,0,1.0,1,1.0,1,1.0,1,0.18931263129145817,64
3759,1,6728,3015,3713,0,0,0,1.0,1,1.0,1,1.0,1,0.20429673706414483,64
3760,2,6730,3016,3714,0,0,0,1.0,1,1.0,1,1.0,1,0.22320014500306265,63
3761,0,6730,3016,3714,0,0,0,1.0,1,1.0,1,1.0,1,0.22320014500306265,63
3762,2,6732,3016,3716,0,0,0,1.0,1,1.0,1,1.0,1,0.20910587410580292,65
3763,5,6737,3018,3719,0,0,0,1.0,1,1.0,1,1.0,1,0.22164836415600772,65
3764,2,6739,3018,3721,0,0,0,1.0,1,1.0,1,1.0,1,0.23114364963400694,66
3765,1,6740,3018,3722,0,0,0,1.0,1,1.0,1,1.0,1,0.2398301205059979,67
3766,11,6751,3021,3730,0,0,0,1.0,1,1.0,1,1.0,1,0.16545709199394193,67
3767,3,6754,3022,3732,0,0,0,1.0,1,1.0,1,1.0,1,0.13713831409124327,68
3768,3,6757,3025,3732,0,0,0,1.0,1,1.0,1,1.0,1,0.18917116722977356,67
3769,2,6759,3025,3734,0,0,0,1.0,1,1.0,1,1.0,1,0.17932883978069492,69
3770,2,6761,3025,3736,0,0,0,1.0,1,1.0,1,1.0,1,0.18211959726754526,69
3771,3,6764,3025,3739,0,0,0,1.0,1,1.0,1,1.0,1,0.20016333242560708,69
3772,4,6768,3025,3743,0,0,0,1.0,1,1.0,1,1.0,1,0.20827559155543304,70
3773,3,6771,3025,3746,0,0,0,1.0,1,1.0,1,1.0,1,0.19410019063901457,68
3774,2,6773,3025,3748,0,0,0,1.0,1,1.0,1,1.0,1,0.1903582266716961,68
3775,4,6777,3027,3750,0,0,0,1.0,1,1.0,1,1.0,1,0.2221184207410621,68
3776,7,6784,3029,3755,0,0,0,1.0,1,1.0,1,1.0,1,0.18164324310214858,66
3777,3,6787,3031,3756,0,0,0,1.0,1,1.0,1,1.0,1,0.1586851737633679,65
3778,1,6788,3032,3756,0,0,0,1.0,1,1.0,1,1.0,1,0.1406127049229372,65
3779,2,6790,3034,3756,0,0,0,1.0,1,1.0,1,1.0,1,0.16295987518602276,65
3780,4,6794,3036,3758,0,0,0,1.0,1,1.0,1,1.0,1,0.18070059470322966,64
3781,2,6796,3036,3760,0,0,0,1.0,1,1.0,1,1.0,1,0.1508737924082569,64
3782,2,6798,3037,3761,0,0,0,1.0,1,1.0,1,1.0,1,0.16703967559033728,67
3783,1,6799,3038,3761,0,0,0,1.0,1,1.0,1,1.0,1,0.16508378410357985,65
3784,3,6802,3040,3762,0,0,0,1.0,1,1.0,1,1.0,1,0.17473831810744592,65
3785,1,6803,3041,3762,0,0,0,1.0,1,1.0,1,1.0,1,0.1920588817775198,63
3786,2,6805,3041,3764,0,0,0,1.0,1,1.0,1,1.0,1,0.18533599688999589,66
3787,3,6808,3042,3766,0,0,0,1.0,1,1.0,1,1.0,1,0.17179406427336594,65
3788,1,6809,3042,3767,0,0,0,1.0,1,1.0,1,1.0,1,0.16500306229678027,65
3789,2,6811,3044,3767,0,0,0,1.0,1,1.0,1,1.0,1,0.18052486902112092,65
3790,3,6814,3045,3769,0,0,0,1.0,1,1.0,1,1.0,1,0.18512536772234736,64
3791,2,6816,3047,3769,0,0,0,1.0,1,1.0,1,1.0,1,0.20989752954127802,64
3792,3,6819,3049,3770,0,0,0,1.0,1,1.0,1,1.0,1,0.22630602324339524,65
3793,3,6822,3049,3773,0,0,0,1.0,1,1.0,1,1.0,1,0.21663897850660224,68
3794,1,6823,3050,3773,0,0,0,1.0,1,1.0,1,1.0,1,0.2397643711724065,68
3795,8,6831,3051,3780,0,0,0,1.0,1,1.0,1,1.0,1,0.23646655270435948,69
3796,4,6835,3052,3783,0,0,0,1.0,1,1.0,1,1.0,1,0.19768090565773616,69
3797,5,6840,3053,3787,0,0,0,1.0,1,1.0,1,1.0,1,0.17974983125648697,70
3798,3,6843,3053,3790,0,0,0,1.0,1,1.0,1,1.0,1,0.17090558939303122,70
3799,2,6845,3054,3791,0,0,0,1.0,1,1.0,1,1.0,1,0.1921063853599363,69
3800,4,6849,3054,3795,0,0,0,1.0,1,1.0,1,1.0,1,0.16922011831930248,69
3801,0,6849,3054,3795,0,0,0,1.0,1,1.0,1,1.0,1,0.19615331617454632,67
3802,0,6849,3054,3795,0,0,0,1.0,1,1.0,1,1.0,1,0.19615331617454632,67
3803,2,6851,3056,3795,0,0,0,1.0,1,1.0,1,1.0,1,0.2029151608248163,69
3804,2,6853,3057,3796,0,0,0,1.0,1,1.0,1,1.0,1,0.20466194276696587,70
3805,3,6856,3059,3797,0,0,0,1.0,1,1.0,1,1.0,1,0.21799525811973103,71
3806,1,6857,3060,3797,0,0,0,1.0,1,1.0,1,1.0,1,0.22412294673380995,71
3807,1,6858,3061,3797,0,0,0,1.0,1,1.0,1,1.0,1,0.2459476144055328,72
3808,0,6858,3061,3797,0,0,0,1.0,1,1.0,1,1.0,1,0.2459476144055328,72
3809,2,6860,3062,3798,0,0,0,1.0,1,1.0,1,1.0,1,0.2434119111036705,72
3810,0,6860,3062,3798,0,0,0,1.0,1,1.0,1,1.0,1,0.2434119111036705,72
3811,4,6864,3062,3802,0,0,0,1.0,1,1.0,1,1.0,1,0.1677503283774692,71
3812,0,6864,3062,3802,0,0,0,1.0,1,1.0,1,1.0,1,0.1790779044082454,72
3813,1,6865,3063,3802,0,0,0,1.0,1,1.0,1,1.0,1,0.18776271157447585,71
3814,0,6865,3063,3802,0,0,0,1.0,1,1.0,1,1.0,1,0.19956086975261397,72
3815,0,6865,3063,3802,0,0,0,1.0,1,1.0,1,1.0,1,0.18903468565989495,71
3816,0,6865,3063,3802,0,0,0,1.0,1,1.0,1,1.0,1,0.2145445593522845,69
3817,4,6869,3064,3805,0,0,0,1.0,1,1.0,1,1.0,1,0.21179403367430258,72
3818,0,6869,3064,3805,0,0,0,1.0,1,1.0,1,1.0,1,0.20296000439918868,72
3819,1,6870,3065,3805,0,0,0,1.0,1,1.0,1,1.0,1,0.20923530170713125,72
3820,1,6871,3066,3805,0,0,0,1.0,1,1.0,1,1.0,1,0.23160917804588338,72
3821,1,6872,3067,3805,0,0,0,1.0,1,1.0,1,1.0,1,0.25626129137458803,72
3822,2,6874,3067,3807,0,0,0,1.0,1,1.0,1,1.0,1,0.24482982790976615,69
3823,3,6877,3069,3808,0,0,0,1.0,1,1.0,1,1.0,1,0.24142971237217845,69
3824,2,6879,3070,3809,0,0,0,1.0,1,1.0,1,1.0,1,0.24544863995430347,65
3825,1,6880,3071,3809,0,0,0,1.0,1,1.0,1,1.0,1,0.24759267174186975,64
3826,3,6883,3073,3810,0,0,0,1.0,1,1.0,1,1.0,1,0.2679292015334916,65
3827,1,6884,3073,3811,0,0,0,1.0,1,1.0,1,1.0,1,0.23879122138964035,64
3828,0,6884,3073,3811,0,0,0,1.0,1,1.0,1,1.0,1,0.22603563102282143,65
3829,3,6887,3076,3811,0,0,0,1.0,1,1.0,1,1.0,1,0.24186164425062998,65
3830,1,6888,3076,3812,0,0,0,1.0,1,1.0,1,1.0,1,0.2299167088132117,64
3831,3,6891,3079,3812,0,0,0,1.0,1,1.0,1,1.0,1,0.2513412378107944,63
3832,2,6893,3080,3813,0,0,0,1.0,1,1.0,1,1.0,1,0.26077015698101075,64
3833,3,6896,3082,3814,0,0,0,1.0,1,1.0,1,1.0,1,0.26258773307629046,64
3834,3,6899,3084,3815,0,0,0,1.0,1,1.0,1,1.0,1,0.29199694827509093,63
3835,2,6901,3085,3816,0,0,0,1.0,1,1.0,1,1.0,1,0.30543036231508797,63
3836,2,6903,3086,3817,0,0,0,1.0,1,1.0,1,1.0,1,0.31143767401576106,63
3837,2,6905,3088,3817,0,0,0,1.0,1,1.0,1,1.0,1,0.33917392037338473,62
3838,1,6906,3089,3817,0,0,0,1.0,1,1.0,1,1.0,1,0.34219801662964194,62
3839,1,6907,3089,3818,0,0,0,1.0,1,1.0,1,1.0,1,0.34744777031167656,60
3840,0,6907,3089,3818,0,0,0,1.0,1,1.0,1,1.0,1,0.3504233981824488,62
3841,5,6912,3090,3822,0,0,0,1.0,1,1.0,1,1.0,1,0.3384417772624798,62
3842,1,6913,3090,3823,0,0,0,1.0,1,1.0,1,1.0,1,0.3170793105269735,63
3843,2,6915,3090,3825,0,0,0,1.0,1,1.0,1,1.0,1,0.2929745075169142,64
3844,1,6916,3090,3826,0,0,0,1.0,1,1.0,1,1.0,1,0.2864759043378338,65
3845,6,6922,3090,3832,0,0,0,1.0,1,1.0,1,1.0,1,0.23350778920247467,66
3846,3,6925,3091,3834,0,0,0,1.0,1,1.0,1,1.0,1,0.2308449543716071,67
3847,2,6927,3092,3835,0,0,0,1.0,1,1.0,1,1.0,1,0.2231390776467774,67
3848,3,6930,3094,3836,0,0,0,1.0,1,1.0,1,1.0,1,0.23307325187337816,67
3849,6,6936,3095,3841,0,0,0,1.0,1,1.0,1,1.0,1,0.2605491897417176,67
3850,2,6938,3097,3841,0,0,0,1.0,1,1.0,1,1.0,1,0.2683463679350929,68
3851,1,6939,3098,3841,0,0,0,1.0,1,1.0,1,1.0,1,0.2650776361533281,68
3852,0,6939,3098,3841,0,0,0,1.0,1,1.0,1,1.0,1,0.2709434449907025,70
3853,1,6940,3099,3841,0,0,0,1.0,1,1.0,1,1.0,1,0.2740019317149696,70
3854,1,6941,3099,3842,0,0,0,1.0,1,1.0,1,1.0,1,0.26376720649755236,70
3855,1,6942,3100,3842,0,0,0,1.0,1,1.0,1,1.0,1,0.2782612505656531,69
3856,12,6954,3101,3853,0,0,0,1.0,1,1.0,1,1.0,1,0.2151376223333817,70
3857,6,6960,3103,3857,0,0,0,1.0,1,1.0,1,1.0,1,0.21711060617795322,68
3858,4,6964,3104,3860,0,0,0,1.0,1,1.0,1,1.0,1,0.26056649350019734,67
3859,4,6968,3104,3864,0,0,0,1.0,1,1.0,1,1.0,1,0.24046106498412925,66
3860,6,6974,3104,3870,0,0,0,1.0,1,1.0,1,1.0,1,0.2484737444642207,66
3861,5,6979,3104,3875,0,0,0,1.0,1,1.0,1,1.0,1,0.2437163618892511,66
3862,6,6985,3105,3880,0,0,0,1.0,1,1.0,1,1.0,1,0.2600089420464674,66
3863,0,6985,3105,3880,0,0,0,1.0,1,1.0,1,1.0,1,0.24025335144342944,63
3864,5,6990,3106,3884,0,0,0,1.0,1,1.0,1,1.0,1,0.23867094774186093,63
3865,0,6990,3106,3884,0,0,0,1.0,1,1.0,1,1.0,1,0.22694912036748166,61
3866,0,6990,3106,3884,0,0,0,1.0,1,1.0,1,1.0,1,0.22766338434453012,61
3867,1,6991,3107,3884,0,0,0,1.0,1,1.0,1,1.0,1,0.23687412059832014,60
3868,0,6991,3107,3884,0,0,0,1.0,1,1.0,1,1.0,1,0.22566392257758325,59
3869,0,6991,3107,3884,0,0,0,1.0,1,1.0,1,1.0,1,0.2206096464318622,61
3870,1,6992,3108,3884,0,0,0,1.0,1,1.0,1,1.0,1,0.2353805689018999,61
3871,4,6996,3108,3888,0,0,0,1.0,1,1.0,1,1.0,1,0.21184663632159648,64
3872,1,6997,3109,3888,0,0,0,1.0,1,1.0,1,1.0,1,0.21315249225586294,63
3873,1,6998,3110,3888,0,0,0,1.0,1,1.0,1,1.0,1,0.22808196889319993,62
3874,0,6998,3110,3888,0,0,0,1.0,1,1.0,1,1.0,1,0.22229890576232325,63
3875,1,6999,3111,3888,0,0,0,1.0,1,1.0,1,1.0,1,0.22093414666766764,61
3876,0,6999,3111,3888,0,0,0,1.0,1,1.0,1,1.0,1,0.21866284693308416,62
3877,2,7001,3111,3890,0,0,0,1.0,1,1.0,1,1.0,1,0.21582262291546736,63
3878,0,7001,3111,3890,0,0,0,1.0,1,1.0,1,1.0,1,0.21582262291546736,63
3879,2,7003,3112,3891,0,0,0,1.0,1,1.0,1,1.0,1,0.19477967568268217,63
3880,0,7003,3112,3891,0,0,0,1.0,1,1.0,1,1.0,1,0.19088588364426937,65
3881,0,7003,3112,3891,0,0,0,1.0,1,1.0,1,1.0,1,0.19088588364426937,65
3882,1,7004,3113,3891,0,0,0,1.0,1,1.0,1,1.0,1,0.1873642686237386,66
3883,1,7005,3114,3891,0,0,0,1.0,1,1.0,1,1.0,1,0.20861716245847986,66
3884,2,7007,3114,3893,0,0,0,1.0,1,1.0,1,1.0,1,0.18036096729335385,66
3885,3,7010,3117,3893,0,0,0,1.0,1,1.0,1,1.0,1,0.2240857355333823,66
3886,9,7019,3119,3900,0,0,0,1.0,1,1.0,1,1.0,1,0.20213819642640654,65
3887,4,7023,3119,3904,0,0,0,1.0,1,1.0,1,1.0,1,0.22014325766345658,65
3888,1,7024,3119,3905,0,0,0,1.0,1,1.0,1,1.0,1,0.219424691398454,66
3889,0,7024,3119,3905,0,0,0,1.0,1,1.0,1,1.0,1,0.23650395642383523,64
3890,6,7030,3120,3910,0,0,0,1.0,1,1.0,1,1.0,1,0.2412159932727968,63
3891,5,7035,3121,3914,0,0,0,1.0,1,1.0,1,1.0,1,0.229465475601131,66
3892,5,7040,3121,3919,0,0,0,1.0,1,1.0,1,1.0,1,0.2377363833201902,67
3893,4,7044,3122,3922,0,0,0,1.0,1,1.0,1,1.0,1,0.2617430462807019,66
3894,4,7048,3122,3926,0,0,0,1.0,1,1.0,1,1.0,1,0.2702229746137801,67
3895,7,7055,3123,3932,0,0,0,1.0,1,1.0,1,1.0,1,0.2724193150920908,66
3896,7,7062,3124,3938,0,0,0,1.0,1,1.0,1,1.0,1,0.2846505855418017,66
3897,2,7064,3124,3940,0,0,0,1.0,1,1.0,1,1.0,1,0.3008504973003307,65
3898,9,7073,3128,3945,0,0,0,1.0,1,1.0,1,1.0,1,0.32001256129700556,65
3899,5,7078,3130,3948,0,0,0,1.0,1,1.0,1,1.0,1,0.2985444121795776,64
3900,3,7081,3130,3951,0,0,0,1.0,1,1.0,1,1.0,1,0.3261206130654361,63
3901,10,7091,3132,3959,0,0,0,1.0,1,1.0,1,1.0,1,0.23623973222438419,63
3902,4,7095,3132,3963,0,0,0,1.0,1,1.0,1,1.0,1,0.19583967410344752,64
3903,3,7098,3133,3965,0,0,0,1.0,1,1.0,1,1.0,1,0.18163694361808108,64
3904,3,7101,3134,3967,0,0,0,1.0,1,1.0,1,1.0,1,0.18209226362827824,63
3905,3,7104,3134,3970,0,0,0,1.0,1,1.0,1,1.0,1,0.18131871308222022,63
3906,2,7106,3134,3972,0,0,0,1.0,1,1.0,1,1.0,1,0.17586749962639422,64
3907,2,7108,3136,3972,0,0,0,1.0,1,1.0,1,1.0,1,0.19197875926159752,64
3908,0,7108,3136,3972,0,0,0,1.0,1,1.0,1,1.0,1,0.20255029983979755,63
3909,1,7109,3137,3972,0,0,0,1.0,1,1.0,1,1.0,1,0.2031515099044484,62
3910,1,7110,3137,3973,0,0,0,1.0,1,1.0,1,1.0,1,0.21008609664517988,62
3911,2,7112,3138,3974,0,0,0,1.0,1,1.0,1,1.0,1,0.21379395557773948,64
3912,2,7114,3139,3975,0,0,0,1.0,1,1.0,1,1.0,1,0.17698471006466956,64
3913,0,7114,3139,3975,0,0,0,1.0,1,1.0,1,1.0,1,0.18393031075349686,65
3914,1,7115,3139,3976,0,0,0,1.0,1,1.0,1,1.0,1,0.19509554119624611,65
3915,2,7117,3139,3978,0,0,0,1.0,1,1.0,1,1.0,1,0.1885631879400759,66
3916,4,7121,3140,3981,0,0,0,1.0,1,1.0,1,1.0,1,0.16747887872903558,66
3917,0,7121,3140,3981,0,0,0,1.0,1,1.0,1,1.0,1,0.16747887872903558,66
3918,0,7121,3140,3981,0,0,0,1.0,1,1.0,1,1.0,1,0.1753642909807492,67
3919,2,7123,3141,3982,0,0,0,1.0,1,1.0,1,1.0,1,0.1679153016086488,68
3920,1,7124,3141,3983,0,0,0,1.0,1,1.0,1,1.0,1,0.15475656654258524,69
3921,0,7124,3141,3983,0,0,0,1.0,1,1.0,1,1.0,1,0.1662860473251,68
3922,2,7126,3143,3983,0,0,0,1.0,1,1.0,1,1.0,1,0.1966531005744443,68
3923,1,7127,3143,3984,0,0,0,1.0,1,1.0,1,1.0,1,0.20049510832044118,69
3924,1,7128,3144,3984,0,0,0,1.0,1,1.0,1,1.0,1,0.22555435525104092,69
3925,4,7132,3147,3985,0,0,0,1.0,1,1.0,1,1.0,1,0.24789841406955698,67
3926,2,7134,3147,3987,0,0,0,1.0,1,1.0,1,1.0,1,0.2558055185298595,67
3927,5,7139,3147,3992,0,0,0,1.0,1,1.0,1,1.0,1,0.2794369267414325,65
3928,4,7143,3147,3996,0,0,0,1.0,1,1.0,1,1.0,1,0.24121096388692384,65
3929,4,7147,3149,3998,0,0,0,1.0,1,1.0,1,1.0,1,0.23645242338274441,64
3930,2,7149,3149,4000,0,0,0,1.0,1,1.0,1,1.0,1,0.24513950346265473,64
3931,4,7153,3151,4002,0,0,0,1.0,1,1.0,1,1.0,1,0.21074840277852355,62
3932,1,7154,3152,4002,0,0,0,1.0,1,1.0,1,1.0,1,0.21685773816515533,62
3933,2,7156,3153,4003,0,0,0,1.0,1,1.0,1,1.0,1,0.20033781532458608,62
3934,1,7157,3154,4003,0,0,0,1.0,1,1.0,1,1.0,1,0.2014939614523067,61
3935,2,7159,3154,4005,0,0,0,1.0,1,1.0,1,1.0,1,0.1936088307840217,64
3936,1,7160,3154,4006,0,0,0,1.0,1,1.0,1,1.0,1,0.1971661590678529,65
3937,0,7160,3154,4006,0,0,0,1.0,1,1.0,1,1.0,1,0.19229093271531716,66
3938,0,7160,3154,4006,0,0,0,1.0,1,1.0,1,1.0,1,0.19229093271531716,66
3939,1,7161,3154,4007,0,0,0,1.0,1,1.0,1,1.0,1,0.1989040215152953,67
3940,3,7164,3155,4009,0,0,0,1.0,1,1.0,1,1.0,1,0.20075828775288138,69
3941,1,7165,3155,4010,0,0,0,1.0,1,1.0,1,1.0,1,0.1892571606437008,69
3942,2,7167,3157,4010,0,0,0,1.0,1,1.0,1,1.0,1,0.18458935955334657,69
3943,3,7170,3159,4011,0,0,0,1.0,1,1.0,1,1.0,1,0.19034757020747295,68
3944,2,7172,3160,4012,0,0,0,1.0,1,1.0,1,1.0,1,0.18378347568600004,68
3945,4,7176,3162,4014,0,0,0,1.0,1,1.0,1,1.0,1,0.19538626844096108,67
3946,6,7182,3164,4018,0,0,0,1.0,1,1.0,1,1.0,1,0.16407450352354508,67
3947,1,7183,3164,4019,0,0,0,1.0,1,1.0,1,1.0,1,0.14654040895801107,66
3948,2,7185,3165,4020,0,0,0,1.0,1,1.0,1,1.0,1,0.15191159707293864,67
3949,4,7189,3169,4020,0,0,0,1.0,1,1.0,1,1.0,1,0.21137506912667542,66
3950,1,7190,3169,4021,0,0,0,1.0,1,1.0,1,1.0,1,0.20025285224359474,65
3951,0,7190,3169,4021,0,0,0,1.0,1,1.0,1,1.0,1,0.19581401036329343,65
3952,1,7191,3170,4021,0,0,0,1.0,1,1.0,1,1.0,1,0.19952086933037497,65
3953,0,7191,3170,4021,0,0,0,1.0,1,1.0,1,1.0,1,0.2090590279943368,65
3954,1,7192,3171,4021,0,0,0,1.0,1,1.0,1,1.0,1,0.21738314536479078,64
3955,0,7192,3171,4021,0,0,0,1.0,1,1.0,1,1.0,1,0.24571741977718908,64
3956,3,7195,3173,4022,0,0,0,1.0,1,1.0,1,1.0,1,0.2254512052274718,63
3957,1,7196,3174,4022,0,0,0,1.0,1,1.0,1,1.0,1,0.22358765868728991,63
3958,1,7197,3175,4022,0,0,0,1.0,1,1.0,1,1.0,1,0.24956521892195233,63
3959,2,7199,3176,4023,0,0,0,1.0,1,1.0,1,1.0,1,0.26314311402727625,62
3960,0,7199,3176,4023,0,0,0,1.0,1,1.0,1,1.0,1,0.26314311402727625,62
3961,9,7208,3178,4030,0,0,0,1.0,1,1.0,1,1.0,1,0.2042561625268195,64
3962,1,7209,3179,4030,0,0,0,1.0,1,1.0,1,1.0,1,0.2132075688576041,64
3963,2,7211,3181,4030,0,0,0,1.0,1,1.0,1,1.0,1,0.2234740275650827,62
3964,4,7215,3183,4032,0,0,0,1.0,1,1.0,1,1.0,1,0.26118274441030687,63
3965,3,7218,3183,4035,0,0,0,1.0,1,1.0,1,1.0,1,0.26719612115269253,63
3966,1,7219,3183,4036,0,0,0,1.0,1,1.0,1,1.0,1,0.2846471269380938,62
3967,4,7223,3183,4040,0,0,0,1.0,1,1.0,1,1.0,1,0.2795356192683266,64
3968,2,7225,3183,4042,0,0,0,1.0,1,1.0,1,1.0,1,0.2794521536772976,63
3969,5,7230,3183,4047,0,0,0,1.0,1,1.0,1,1.0,1,0.27320511231026884,63
3970,3,7233,3183,4050,0,0,0,1.0,1,1.0,1,1.0,1,0.2661022647288961,65
3971,4,7237,3183,4054,0,0,0,1.0,1,1.0,1,1.0,1,0.2661022647288961,65
3972,8,7245,3185,4060,0,0,0,1.0,1,1.0,1,1.0,1,0.30234204040232604,66
3973,6,7251,3185,4066,0,0,0,1.0,1,1.0,1,1.0,1,0.3031815635087787,66
3974,10,7261,3187,4074,0,0,0,1.0,1,1.0,1,1.0,1,0.3097761783641293,66
3975,9,7270,3189,4081,0,0,0,1.0,1,1.0,1,1.0,1,0.32167195311242186,66
3976,8,7278,3190,4088,0,0,0,1.0,1,1.0,1,1.0,1,0.3077950767656555,66
3977,1,7279,3191,4088,0,0,0,1.0,1,1.0,1,1.0,1,0.3079095972988831,64
3978,4,7283,3193,4090,0,0,0,1.0,1,1.0,1,1.0,1,0.330803148779679,63
3979,2,7285,3193,4092,0,0,0,1.0,1,1.0,1,1.0,1,0.3303649356533361,63
3980,1,7286,3194,4092,0,0,0,1.0,1,1.0,1,1.0,1,0.33020842758247715,63
3981,4,7290,3195,4095,0,0,0,1.0,1,1.0,1,1.0,1,0.3033998878799435,64
3982,3,7293,3196,4097,0,0,0,1.0,1,1.0,1,1.0,1,0.30959960762092464,65
3983,2,7295,3196,4099,0,0,0,1.0,1,1.0,1,1.0,1,0.2845450720922669,64
3984,5,7300,3197,4103,0,0,0,1.0,1,1.0,1,1.0,1,0.2793279512014924,65
3985,3,7303,3198,4105,0,0,0,1.0,1,1.0,1,1.0,1,0.26612652800073144,64
3986,0,7303,3198,4105,0,0,0,1.0,1,1.0,1,1.0,1,0.26676093719573535,63
3987,0,7303,3198,4105,0,0,0,1.0,1,1.0,1,1.0,1,0.27510791547726693,63
3988,4,7307,3198,4109,0,0,0,1.0,1,1.0,1,1.0,1,0.25926084339389777,63
3989,5,7312,3199,4113,0,0,0,1.0,1,1.0,1,1.0,1,0.27818798156054697,63
3990,3,7315,3200,4115,0,0,0,1.0,1,1.0,1,1.0,1,0.31497649290366536,62
3991,7,7322,3200,4122,0,0,0,1.0,1,1.0,1,1.0,1,0.2206267102206203,62
3992,1,7323,3200,4123,0,0,0,1.0,1,1.0,1,1.0,1,0.20711131239803796,65
3993,0,7323,3200,4123,0,0,0,1.0,1,1.0,1,1.0,1,0.20711131239803796,65
3994,0,7323,3200,4123,0,0,0,1.0,1,1.0,1,1.0,1,0.20690448546784368,64
3995,1,7324,3200,4124,0,0,0,1.0,1,1.0,1,1.0,1,0.18329863380930347,64
3996,3,7327,3200,4127,0,0,0,1.0,1,1.0,1,1.0,1,0.1555366392704619,67
3997,4,7331,3200,4131,0,0,0,1.0,1,1.0,1,1.0,1,0.14877419019589896,69
3998,5,7336,3201,4135,0,0,0,1.0,1,1.0,1,1.0,1,0.14345457333520079,69
3999,3,7339,3201,4138,0,0,0,1.0,1,1.0,1,1.0,1,0.13285310182298582,69
4000,2,7341,3201,4140,0,0,0,1.0,1,1.0,1,1.0,1,0.14573206504493172,69
4001,2,7343,3201,4142,0,0,0,1.0,1,1.0,1,1.0,1,0.12481015668121136,68
4002,4,7347,3202,4145,0,0,0,1.0,1,1.0,1,1.0,1,0.15929149775008095,68
4003,4,7351,3202,4149,0,0,0,1.0,1,1.0,1,1.0,1,0.13527495450937344,68
4004,4,7355,3203,4152,0,0,0,1.0,1,1.0,1,1.0,1,0.1706993327199078,67
4005,2,7357,3203,4154,0,0,0,1.0,1,1.0,1,1.0,1,0.157125716002684,67
4006,4,7361,3205,4156,0,0,0,1.0,1,1.0,1,1.0,1,0.18230595746299877,67
4007,3,7364,3206,4158,0,0,0,1.0,1,1.0,1,1.0,1,0.19187564819765915,67
4008,5,7369,3209,4160,0,0,0,1.0,1,1.0,1,1.0,1,0.22656751802866448,67
4009,1,7370,3209,4161,0,0,0,1.0,1,1.0,1,1.0,1,0.2119063407260169,67
4010,1,7371,3210,4161,0,0,0,1.0,1,1.0,1,1.0,1,0.2397507765276082,66
4011,3,7374,3211,4163,0,0,0,1.0,1,1.0,1,1.0,1,0.24878845352515686,66
4012,3,7377,3212,4165,0,0,0,1.0,1,1.0,1,1.0,1,0.2541784753634425,66
4013,3,7380,3212,4168,0,0,0,1.0,1,1.0,1,1.0,1,0.24224138691117944,66
4014,2,7382,3213,4169,0,0,0,1.0,1,1.0,1,1.0,1,0.2472218421749891,66
4015,0,7382,3213,4169,0,0,0,1.0,1,1.0,1,1.0,1,0.26055864449312033,64
4016,5,7387,3215,4172,0,0,0,1.0,1,1.0,1,1.0,1,0.29551730303064055,64
4017,0,7387,3215,4172,0,0,0,1.0,1,1.0,1,1.0,1,0.2925532402707044,66
4018,5,7392,3215,4177,0,0,0,1.0,1,1.0,1,1.0,1,0.2855936507940881,67
4019,3,7395,3216,4179,0,0,0,1.0,1,1.0,1,1.0,1,0.30651637364823753,67
4020,3,7398,3216,4182,0,0,0,1.0,1,1.0,1,1.0,1,0.3222391773633404,66
4021,1,7399,3216,4183,0,0,0,1.0,1,1.0,1,1.0,1,0.30925769790761704,66
4022,1,7400,3216,4184,0,0,0,1.0,1,1.0,1,1.0,1,0.3002305467648665,66
4023,3,7403,3219,4184,0,0,0,1.0,1,1.0,1,1.0,1,0.3151678923989868,66
4024,5,7408,3221,4187,0,0,0,1.0,1,1.0,1,1.0,1,0.31961596686296256,66
4025,4,7412,3221,4191,0,0,0,1.0,1,1.0,1,1.0,1,0.2814999974929607,66
4026,3,7415,3223,4192,0,0,0,1.0,1,1.0,1,1.0,1,0.25171358197923227,66
4027,1,7416,3224,4192,0,0,0,1.0,1,1.0,1,1.0,1,0.25828148672909934,64
4028,5,7421,3227,4194,0,0,0,1.0,1,1.0,1,1.0,1,0.2700140888666723,63
4029,2,7423,3227,4196,0,0,0,1.0,1,1.0,1,1.0,1,0.2522632512607972,62
4030,2,7425,3228,4197,0,0,0,1.0,1,1.0,1,1.0,1,0.25366525218192343,63
4031,1,7426,3228,4198,0,0,0,1.0,1,1.0,1,1.0,1,0.2578897873484117,62
4032,3,7429,3231,4198,0,0,0,1.0,1,1.0,1,1.0,1,0.2629179451290056,62
4033,3,7432,3233,4199,0,0,0,1.0,1,1.0,1,1.0,1,0.26991475094031475,61
4034,4,7436,3236,4200,0,0,0,1.0,1,1.0,1,1.0,1,0.2655543461595675,60
4035,1,7437,3237,4200,0,0,0,1.0,1,1.0,1,1.0,1,0.2784834736641337,59
4036,1,7438,3237,4201,0,0,0,1.0,1,1.0,1,1.0,1,0.2699669743645507,58
4037,0,7438,3237,4201,0,0,0,1.0,1,1.0,1,1.0,1,0.2506287846618171,59
4038,0,7438,3237,4201,0,0,0,1.0,1,1.0,1,1.0,1,0.26194264278751617,58
4039,4,7442,3239,4203,0,0,0,1.0,1,1.0,1,1.0,1,0.29539352278867737,56
4040,2,7444,3240,4204,0,0,0,1.0,1,1.0,1,1.0,1,0.29504448538721095,55
4041,2,7446,3242,4204,0,0,0,1.0,1,1.0,1,1.0,1,0.35253255429806624,54
4042,1,7447,3243,4204,0,0,0,1.0,1,1.0,1,1.0,1,0.36535889411748923,56
4043,0,7447,3243,4204,0,0,0,1.0,1,1.0,1,1.0,1,0.36535889411748923,56
4044,3,7450,3244,4206,0,0,0,1.0,1,1.0,1,1.0,1,0.38444771930752625,56
4045,5,7455,3245,4210,0,0,0,1.0,1,1.0,1,1.0,1,0.37057867284612506,57
4046,4,7459,3245,4214,0,0,0,1.0,1,1.0,1,1.0,1,0.40910795337731554,59
4047,7,7466,3248,4218,0,0,0,1.0,1,1.0,1,1.0,1,0.4419326238745208,59
4048,4,7470,3248,4222,0,0,0,1.0,1,1.0,1,1.0,1,0.4419326238745208,59
4049,4,7474,3248,4226,0,0,0,1.0,1,1.0,1,1.0,1,0.43217847800421405,60
4050,2,7476,3248,4228,0,0,0,1.0,1,1.0,1,1.0,1,0.43355390923699166,60
4051,4,7480,3248,4232,0,0,0,1.0,1,1.0,1,1.0,1,0.3943580321712648,60
4052,0,7480,3248,4232,0,0,0,1.0,1,1.0,1,1.0,1,0.3943580321712648,60
4053,0,7480,3248,4232,0,0,0,1.0,1,1.0,1,1.0,1,0.3943580321712648,60
4054,1,7481,3249,4232,0,0,0,1.0,1,1.0,1,1.0,1,0.396362945184271,61
4055,0,7481,3249,4232,0,0,0,1.0,1,1.0,1,1.0,1,0.396362945184271,61
4056,1,7482,3249,4233,0,0,0,1.0,1,1.0,1,1.0,1,0.3976460423185703,62
4057,2,7484,3249,4235,0,0,0,1.0,1,1.0,1,1.0,1,0.37134236397444165,63
4058,3,7487,3249,4238,0,0,0,1.0,1,1.0,1,1.0,1,0.35073784824019516,64
4059,1,7488,3249,4239,0,0,0,1.0,1,1.0,1,1.0,1,0.3535922869673436,63
4060,1,7489,3250,4239,0,0,0,1.0,1,1.0,1,1.0,1,0.3655144766086652,63
4061,1,7490,3250,4240,0,0,0,1.0,1,1.0,1,1.0,1,0.36803937771529427,63
4062,3,7493,3251,4242,0,0,0,1.0,1,1.0,1,1.0,1,0.34738820880651594,65
4063,1,7494,3251,4243,0,0,0,1.0,1,1.0,1,1.0,1,0.3131472886769883,64
4064,6,7500,3252,4248,0,0,0,1.0,1,1.0,1,1.0,1,0.30304433175619366,65
4065,2,7502,3253,4249,0,0,0,1.0,1,1.0,1,1.0,1,0.2832489022558867,64
4066,5,7507,3255,4252,0,0,0,1.0,1,1.0,1,1.0,1,0.2626679295944228,64
4067,2,7509,3257,4252,0,0,0,1.0,1,1.0,1,1.0,1,0.2832147661585816,63
4068,1,7510,3257,4253,0,0,0,1.0,1,1.0,1,1.0,1,0.2801136752103691,64
4069,5,7515,3259,4256,0,0,0,1.0,1,1.0,1,1.0,1,0.2627340081301705,62
4070,6,7521,3262,4259,0,0,0,1.0,1,1.0,1,1.0,1,0.3059277620862621,61
4071,3,7524,3263,4261,0,0,0,1.0,1,1.0,1,1.0,1,0.30988962939120385,61
4072,6,7530,3267,4263,0,0,0,1.0,1,1.0,1,1.0,1,0.33491123556346686,60
4073,3,7533,3269,4264,0,0,0,1.0,1,1.0,1,1.0,1,0.3369101126413121,60
4074,6,7539,3274,4265,0,0,0,1.0,1,1.0,1,1.0,1,0.358237597801696,60
4075,2,7541,3275,4266,0,0,0,1.0,1,1.0,1,1.0,1,0.34405237202280176,59
4076,1,7542,3275,4267,0,0,0,1.0,1,1.0,1,1.0,1,0.3435222799098396,60
4077,5,7547,3277,4270,0,0,0,1.0,1,1.0,1,1.0,1,0.37089599513358074,61
4078,2,7549,3277,4272,0,0,0,1.0,1,1.0,1,1.0,1,0.34947280860956437,60
4079,1,7550,3277,4273,0,0,0,1.0,1,1.0,1,1.0,1,0.3593023425781001,58
4080,1,7551,3277,4274,0,0,0,1.0,1,1.0,1,1.0,1,0.37383631582458343,56
4081,13,7564,3278,4286,0,0,0,1.0,1,1.0,1,1.0,1,0.25181258716254595,56
4082,0,7564,3278,4286,0,0,0,1.0,1,1.0,1,1.0,1,0.26912488602744333,55
4083,0,7564,3278,4286,0,0,0,1.0,1,1.0,1,1.0,1,0.26912488602744333,55
4084,3,7567,3279,4288,0,0,0,1.0,1,1.0,1,1.0,1,0.28549945254071624,55
4085,5,7572,3279,4293,0,0,0,1.0,1,1.0,1,1.0,1,0.2730337715026153,56
4086,5,7577,3280,4297,0,0,0,1.0,1,1.0,1,1.0,1,0.24341532583341505,57
4087,5,7582,3281,4301,0,0,0,1.0,1,1.0,1,1.0,1,0.24009885453310775,57
4088,3,7585,3281,4304,0,0,0,1.0,1,1.0,1,1.0,1,0.25695584103862507,57
4089,7,7592,3281,4311,0,0,0,1.0,1,1.0,1,1.0,1,0.2939111967891602,56
4090,6,7598,3282,4316,0,0,0,1.0,1,1.0,1,1.0,1,0.2851926100717264,56
4091,3,7601,3282,4319,0,0,0,1.0,1,1.0,1,1.0,1,0.305977188683571,56
4092,2,7603,3282,4321,0,0,0,1.0,1,1.0,1,1.0,1,0.30230490178890246,57
4093,5,7608,3284,4324,0,0,0,1.0,1,1.0,1,1.0,1,0.30778724640959876,58
4094,5,7613,3285,4328,0,0,0,1.0,1,1.0,1,1.0,1,0.3205026778885664,57
4095,5,7618,3285,4333,0,0,0,1.0,1,1.0,1,1.0,1,0.2963735299291241,57
4096,8,7626,3288,4338,0,0,0,1.0,1,1.0,1,1.0,1,0.2583827800323745,59
4097,3,7629,3289,4340,0,0,0,1.0,1,1.0,1,1.0,1,0.2373958448000244,59
4098,2,7631,3289,4342,0,0,0,1.0,1,1.0,1,1.0,1,0.21217698639797936,59
4099,1,7632,3290,4342,0,0,0,1.0,1,1.0,1,1.0,1,0.2268901838963383,60
4100,2,7634,3292,4342,0,0,0,1.0,1,1.0,1,1.0,1,0.25171290966177307,60
4101,2,7636,3293,4343,0,0,0,1.0,1,1.0,1,1.0,1,0.2467758123815682,60
4102,6,7642,3297,4345,0,0,0,1.0,1,1.0,1,1.0,1,0.21837579489238582,60
4103,1,7643,3298,4345,0,0,0,1.0,1,1.0,1,1.0,1,0.267728447925035,58
4104,2,7645,3300,4345,0,0,0,1.0,1,1.0,1,1.0,1,0.22311783691443357,60
4105,1,7646,3301,4345,0,0,0,1.0,1,1.0,1,1.0,1,0.22323037768994988,59
4106,3,7649,3303,4346,0,0,0,1.0,1,1.0,1,1.0,1,0.20841235908906036,61
4107,0,7649,3303,4346,0,0,0,1.0,1,1.0,1,1.0,1,0.23525389532828841,59
4108,1,7650,3304,4346,0,0,0,1.0,1,1.0,1,1.0,1,0.21215049011735315,60
4109,1,7651,3305,4346,0,0,0,1.0,1,1.0,1,1.0,1,0.20464099136250438,59
4110,2,7653,3306,4347,0,0,0,1.0,1,1.0,1,1.0,1,0.2039069847541423,60
4111,4,7657,3307,4350,0,0,0,1.0,1,1.0,1,1.0,1,0.18564835957873285,61
4112,1,7658,3308,4350,0,0,0,1.0,1,1.0,1,1.0,1,0.1823227466985401,60
4113,0,7658,3308,4350,0,0,0,1.0,1,1.0,1,1.0,1,0.18678475711773132,61
4114,1,7659,3308,4351,0,0,0,1.0,1,1.0,1,1.0,1,0.1845369387604389,62
4115,3,7662,3308,4354,0,0,0,1.0,1,1.0,1,1.0,1,0.18844657676966772,60
4116,1,7663,3309,4354,0,0,0,1.0,1,1.0,1,1.0,1,0.20054794517518332,59
4117,4,7667,3312,4355,0,0,0,1.0,1,1.0,1,1.0,1,0.23874609177955605,56
4118,2,7669,3313,4356,0,0,0,1.0,1,1.0,1,1.0,1,0.2322438699755643,55
4119,0,7669,3313,4356,0,0,0,1.0,1,1.0,1,1.0,1,0.2563356432428252,53
4120,2,7671,3315,4356,0,0,0,1.0,1,1.0,1,1.0,1,0.29676067778528087,52
4121,6,7677,3320,4357,0,0,0,1.0,1,1.0,1,1.0,1,0.298201680431821,53
4122,1,7678,3321,4357,0,0,0,1.0,1,1.0,1,1.0,1,0.2923482621060462,52
4123,2,7680,3323,4357,0,0,0,1.0,1,1.0,1,1.0,1,0.32292892039871623,51
4124,2,7682,3324,4358,0,0,0,1.0,1,1.0,1,1.0,1,0.32235629134677596,51
4125,2,7684,3325,4359,0,0,0,1.0,1,1.0,1,1.0,1,0.3078140802902148,50
4126,9,7693,3328,4365,0,0,0,1.0,1,1.0,1,1.0,1,0.22551205088879664,50
4127,3,7696,3329,4367,0,0,0,1.0,1,1.0,1,1.0,1,0.2008013678895305,49
4128,0,7696,3329,4367,0,0,0,1.0,1,1.0,1,1.0,1,0.2008013678895305,49
4129,0,7696,3329,4367,0,0,0,1.0,1,1.0,1,1.0,1,0.2008013678895305,49
4130,1,7697,3330,4367,0,0,0,1.0,1,1.0,1,1.0,1,0.2110650263562045,50
4131,0,7697,3330,4367,0,0,0,1.0,1,1.0,1,1.0,1,0.2110650263562045,50
4132,0,7697,3330,4367,0,0,0,1.0,1,1.0,1,1.0,1,0.2110650263562045,50
4133,3,7700,3331,4369,0,0,0,1.0,1,1.0,1,1.0,1,0.19444546993892584,51
4134,1,7701,3331,4370,0,0,0,1.0,1,1.0,1,1.0,1,0.16615221931693516,53
4135,0,7701,3331,4370,0,0,0,1.0,1,1.0,1,1.0,1,0.17403405836114838,54
4136,0,7701,3331,4370,0,0,0,1.0,1,1.0,1,1.0,1,0.17403405836114838,54
4137,1,7702,3332,4370,0,0,0,1.0,1,1.0,1,1.0,1,0.23248241610273296,55
4138,1,7703,3333,4370,0,0,0,1.0,1,1.0,1,1.0,1,0.2429163362214674,54
4139,0,7703,3333,4370,0,0,0,1.0,1,1.0,1,1.0,1,0.2429163362214674,54
4140,3,7706,3336,4370,0,0,0,1.0,1,1.0,1,1.0,1,0.31211356038687504,55
4141,12,7718,3336,4382,0,0,0,1.0,1,1.0,1,1.0,1,0.2751740978456018,55
4142,7,7725,3336,4389,0,0,0,1.0,1,1.0,1,1.0,1,0.24534413468372004,55
4143,4,7729,3337,4392,0,0,0,1.0,1,1.0,1,1.0,1,0.282968747361293,53
4144,7,7736,3338,4398,0,0,0,1.0,1,1.0,1,1.0,1,0.29884959132484895,52
4145,6,7742,3338,4404,0,0,0,1.0,1,1.0,1,1.0,1,0.28135610130222055,51
4146,5,7747,3338,4409,0,0,0,1.0,1,1.0,1,1.0,1,0.2534659107035164,51
4147,6,7753,3340,4413,0,0,0,1.0,1,1.0,1,1.0,1,0.3040983863711664,50
4148,11,7764,3340,4424,0,0,0,1.0,1,1.0,1,1.0,1,0.31702712676614864,52
4149,10,7774,3340,4434,0,0,0,1.0,1,1.0,1,1.0,1,0.25418406776232555,53
4150,9,7783,3341,4442,0,0,0,1.0,1,1.0,1,1.0,1,0.2504902995165929,53
4151,7,7790,3341,4449,0,0,0,1.0,1,1.0,1,1.0,1,0.2959569914102149,53
4152,5,7795,3342,4453,0,0,0,1.0,1,1.0,1,1.0,1,0.24019236601720662,54
4153,4,7799,3343,4456,0,0,0,1.0,1,1.0,1,1.0,1,0.2416951167615247,51
4154,1,7800,3343,4457,0,0,0,1.0,1,1.0,1,1.0,1,0.26172071628068994,51
4155,6,7806,3345,4461,0,0,0,1.0,1,1.0,1,1.0,1,0.27666599558206806,51
4156,3,7809,3345,4464,0,0,0,1.0,1,1.0,1,1.0,1,0.2154007637000245,52
4157,0,7809,3345,4464,0,0,0,1.0,1,1.0,1,1.0,1,0.22843729651709613,52
4158,3,7812,3346,4466,0,0,0,1.0,1,1.0,1,1.0,1,0.22057070684543187,52
4159,0,7812,3346,4466,0,0,0,1.0,1,1.0,1,1.0,1,0.20923027714988152,52
4160,2,7814,3347,4467,0,0,0,1.0,1,1.0,1,1.0,1,0.1997347563687691,50
4161,1,7815,3348,4467,0,0,0,1.0,1,1.0,1,1.0,1,0.21412829980321002,50
4162,1,7816,3349,4467,0,0,0,1.0,1,1.0,1,1.0,1,0.24311761203024393,51
4163,3,7819,3351,4468,0,0,0,1.0,1,1.0,1,1.0,1,0.30075948201792835,48
4164,2,7821,3351,4470,0,0,0,1.0,1,1.0,1,1.0,1,0.2815576352669321,50
4165,1,7822,3351,4471,0,0,0,1.0,1,1.0,1,1.0,1,0.2709002474751642,49
4166,2,7824,3351,4473,0,0,0,1.0,1,1.0,1,1.0,1,0.2709782602270072,50
4167,2,7826,3351,4475,0,0,0,1.0,1,1.0,1,1.0,1,0.2728256566282746,50
4168,2,7828,3351,4477,0,0,0,1.0,1,1.0,1,1.0,1,0.2823927495580356,50
4169,3,7831,3352,4479,0,0,0,1.0,1,1.0,1,1.0,1,0.27755918019920667,51
4170,1,7832,3352,4480,0,0,0,1.0,1,1.0,1,1.0,1,0.2892447458920792,50
4171,4,7836,3355,4481,0,0,0,1.0,1,1.0,1,1.0,1,0.27631874963361486,50
4172,0,7836,3355,4481,0,0,0,1.0,1,1.0,1,1.0,1,0.300553058387543,49
4173,2,7838,3356,4482,0,0,0,1.0,1,1.0,1,1.0,1,0.3220556463577579,48
4174,2,7840,3356,4484,0,0,0,1.0,1,1.0,1,1.0,1,0.2994069081338222,48
4175,1,7841,3357,4484,0,0,0,1.0,1,1.0,1,1.0,1,0.29237039877357174,48
4176,2,7843,3357,4486,0,0,0,1.0,1,1.0,1,1.0,1,0.27218696878980375,50
4177,2,7845,3359,4486,0,0,0,1.0,1,1.0,1,1.0,1,0.2913386042630609,52
4178,2,7847,3360,4487,0,0,0,1.0,1,1.0,1,1.0,1,0.26166516688465236,53
4179,2,7849,3362,4487,0,0,0,1.0,1,1.0,1,1.0,1,0.28228808112939957,54
4180,3,7852,3362,4490,0,0,0,1.0,1,1.0,1,1.0,1,0.2763005332962996,55
4181,2,7854,3362,4492,0,0,0,1.0,1,1.0,1,1.0,1,0.2630456697637278,56
4182,3,7857,3363,4494,0,0,0,1.0,1,1.0,1,1.0,1,0.24986080199892485,56
4183,3,7860,3363,4497,0,0,0,1.0,1,1.0,1,1.0,1,0.23483753443722594,57
4184,5,7865,3366,4499,0,0,0,1.0,1,1.0,1,1.0,1,0.25300903026312566,57
4185,3,7868,3367,4501,0,0,0,1.0,1,1.0,1,1.0,1,0.2612957180407098,54
4186,9,7877,3371,4506,0,0,0,1.0,1,1.0,1,1.0,1,0.22268185155477785,55
4187,0,7877,3371,4506,0,0,0,1.0,1,1.0,1,1.0,1,0.22269376085408302,53
4188,1,7878,3371,4507,0,0,0,1.0,1,1.0,1,1.0,1,0.19852366318075665,53
4189,2,7880,3372,4508,0,0,0,1.0,1,1.0,1,1.0,1,0.1959841484647472,53
4190,0,7880,3372,4508,0,0,0,1.0,1,1.0,1,1.0,1,0.1959841484647472,53
4191,0,7880,3372,4508,0,0,0,1.0,1,1.0,1,1.0,1,0.21181598481934222,51
4192,3,7883,3375,4508,0,0,0,1.0,1,1.0,1,1.0,1,0.24823008942884153,51
4193,2,7885,3375,4510,0,0,0,1.0,1,1.0,1,1.0,1,0.2404003552827503,50
4194,3,7888,3376,4512,0,0,0,1.0,1,1.0,1,1.0,1,0.21315107833673122,50
4195,0,7888,3376,4512,0,0,0,1.0,1,1.0,1,1.0,1,0.23477392042420503,50
4196,3,7891,3378,4513,0,0,0,1.0,1,1.0,1,1.0,1,0.2731446327456554,51
4197,2,7893,3380,4513,0,0,0,1.0,1,1.0,1,1.0,1,0.3228965351610531,50
4198,1,7894,3381,4513,0,0,0,1.0,1,1.0,1,1.0,1,0.30015144141046457,48
4199,0,7894,3381,4513,0,0,0,1.0,1,1.0,1,1.0,1,0.32577265112831527,48
4200,1,7895,3382,4513,0,0,0,1.0,1,1.0,1,1.0,1,0.3479459987139321,48
4201,2,7897,3382,4515,0,0,0,1.0,1,1.0,1,1.0,1,0.3342384227427933,47
4202,0,7897,3382,4515,0,0,0,1.0,1,1.0,1,1.0,1,0.3342384227427933,47
4203,0,7897,3382,4515,0,0,0,1.0,1,1.0,1,1.0,1,0.3342384227427933,47
4204,4,7901,3385,4516,0,0,0,1.0,1,1.0,1,1.0,1,0.33631984041698726,48
4205,0,7901,3385,4516,0,0,0,1.0,1,1.0,1,1.0,1,0.3199592446949862,49
4206,1,7902,3385,4517,0,0,0,1.0,1,1.0,1,1.0,1,0.31482809345696167,49
4207,0,7902,3385,4517,0,0,0,1.0,1,1.0,1,1.0,1,0.3026767835777461,48
4208,1,7903,3386,4517,0,0,0,1.0,1,1.0,1,1.0,1,0.29315865418292825,49
4209,4,7907,3388,4519,0,0,0,1.0,1,1.0,1,1.0,1,0.2943452882806815,51
4210,1,7908,3389,4519,0,0,0,1.0,1,1.0,1,1.0,1,0.3225234408671016,52
4211,3,7911,3389,4522,0,0,0,1.0,1,1.0,1,1.0,1,0.3102362903823562,53
4212,0,7911,3389,4522,0,0,0,1.0,1,1.0,1,1.0,1,0.3102362903823562,53
4213,1,7912,3389,4523,0,0,0,1.0,1,1.0,1,1.0,1,0.2888391011009917,54
4214,1,7913,3390,4523,0,0,0,1.0,1,1.0,1,1.0,1,0.32151228959034217,54
4215,1,7914,3391,4523,0,0,0,1.0,1,1.0,1,1.0,1,0.3139767721397711,54
4216,1,7915,3391,4524,0,0,0,1.0,1,1.0,1,1.0,1,0.3226605373354936,53
4217,5,7920,3394,4526,0,0,0,1.0,1,1.0,1,1.0,1,0.3353134012553833,54
4218,1,7921,3395,4526,0,0,0,1.0,1,1.0,1,1.0,1,0.3520951477338586,53
4219,0,7921,3395,4526,0,0,0,1.0,1,1.0,1,1.0,1,0.3520951477338586,53
4220,2,7923,3395,4528,0,0,0,1.0,1,1.0,1,1.0,1,0.35674165845110245,53
4221,0,7923,3395,4528,0,0,0,1.0,1,1.0,1,1.0,1,0.3649027785162833,54
4222,6,7929,3399,4530,0,0,0,1.0,1,1.0,1,1.0,1,0.36728422485940604,55
4223,2,7931,3400,4531,0,0,0,1.0,1,1.0,1,1.0,1,0.36425719823909364,56
4224,4,7935,3402,4533,0,0,0,1.0,1,1.0,1,1.0,1,0.3638899794791672,55
4225,1,7936,3403,4533,0,0,0,1.0,1,1.0,1,1.0,1,0.36293189255310926,53
4226,3,7939,3404,4535,0,0,0,1.0,1,1.0,1,1.0,1,0.3489763981462123,54
4227,1,7940,3405,4535,0,0,0,1.0,1,1.0,1,1.0,1,0.3444753749245553,52
4228,2,7942,3407,4535,0,0,0,1.0,1,1.0,1,1.0,1,0.35439330426177335,51
4229,3,7945,3409,4536,0,0,0,1.0,1,1.0,1,1.0,1,0.3739956120464527,48
4230,2,7947,3411,4536,0,0,0,1.0,1,1.0,1,1.0,1,0.3996722461284623,48
4231,3,7950,3411,4539,0,0,0,1.0,1,1.0,1,1.0,1,0.3489725616826556,48
4232,3,7953,3412,4541,0,0,0,1.0,1,1.0,1,1.0,1,0.31430057017666896,48
4233,0,7953,3412,4541,0,0,0,1.0,1,1.0,1,1.0,1,0.29206526151139023,48
4234,1,7954,3413,4541,0,0,0,1.0,1,1.0,1,1.0,1,0.30000857522281815,49
4235,3,7957,3414,4543,0,0,0,1.0,1,1.0,1,1.0,1,0.25589223442116066,47
4236,1,7958,3415,4543,0,0,0,1.0,1,1.0,1,1.0,1,0.2908466563843565,47
4237,1,7959,3415,4544,0,0,0,1.0,1,1.0,1,1.0,1,0.29191400437790677,48
4238,1,7960,3415,4545,0,0,0,1.0,1,1.0,1,1.0,1,0.28072356846051716,47
4239,2,7962,3415,4547,0,0,0,1.0,1,1.0,1,1.0,1,0.2656338024582298,48
4240,1,7963,3415,4548,0,0,0,1.0,1,1.0,1,1.0,1,0.27086582719017466,47
4241,1,7964,3415,4549,0,0,0,1.0,1,1.0,1,1.0,1,0.2928139055894925,49
4242,1,7965,3415,4550,0,0,0,1.0,1,1.0,1,1.0,1,0.28383105479106746,49
4243,1,7966,3415,4551,0,0,0,1.0,1,1.0,1,1.0,1,0.2730474880595087,50
4244,0,7966,3415,4551,0,0,0,1.0,1,1.0,1,1.0,1,0.2948843508988345,51
4245,2,7968,3415,4553,0,0,0,1.0,1,1.0,1,1.0,1,0.2941561779047484,51
4246,4,7972,3415,4557,0,0,0,1.0,1,1.0,1,1.0,1,0.2598745521701676,51
4247,2,7974,3415,4559,0,0,0,1.0,1,1.0,1,1.0,1,0.2529951997850059,52
4248,3,7977,3416,4561,0,0,0,1.0,1,1.0,1,1.0,1,0.24767275667430666,52
4249,2,7979,3417,4562,0,0,0,1.0,1,1.0,1,1.0,1,0.23797494512623596,52
4250,0,7979,3417,4562,0,0,0,1.0,1,1.0,1,1.0,1,0.23797494512623596,52
4251,7,7986,3418,4568,0,0,0,1.0,1,1.0,1,1.0,1,0.22051350847626933,53
4252,1,7987,3419,4568,0,0,0,1.0,1,1.0,1,1.0,1,0.229441878132558,53
4253,8,7995,3421,4574,0,0,0,1.0,1,1.0,1,1.0,1,0.20565093264991266,54
4254,5,8000,3421,4579,0,0,0,1.0,1,1.0,1,1.0,1,0.1958467653650651,54
4255,3,8003,3422,4581,0,0,0,1.0,1,1.0,1,1.0,1,0.20748171517650424,55
4256,6,8009,3424,4585,0,0,0,1.0,1,1.0,1,1.0,1,0.1749538423804412,57
4257,1,8010,3424,4586,0,0,0,1.0,1,1.0,1,1.0,1,0.18392289105683274,57
4258,1,8011,3424,4587,0,0,0,1.0,1,1.0,1,1.0,1,0.18869785654594862,57
4259,2,8013,3424,4589,0,0,0,1.0,1,1.0,1,1.0,1,0.17499222147829022,57
4260,2,8015,3424,4591,0,0,0,1.0,1,1.0,1,1.0,1,0.18175306029420868,58
4261,1,8016,3424,4592,0,0,0,1.0,1,1.0,1,1.0,1,0.17934328998697507,59
4262,2,8018,3425,4593,0,0,0,1.0,1,1.0,1,1.0,1,0.18401935100497277,60
4263,2,8020,3427,4593,0,0,0,1.0,1,1.0,1,1.0,1,0.20699992968117475,59
4264,2,8022,3429,4593,0,0,0,1.0,1,1.0,1,1.0,1,0.2458458273734769,58
4265,3,8025,3431,4594,0,0,0,1.0,1,1.0,1,1.0,1,0.2108043286691553,58
4266,2,8027,3432,4595,0,0,0,1.0,1,1.0,1,1.0,1,0.23053751046970808,58
4267,0,8027,3432,4595,0,0,0,1.0,1,1.0,1,1.0,1,0.23088046566880913,55
4268,3,8030,3435,4595,0,0,0,1.0,1,1.0,1,1.0,1,0.2876141849442724,55
4269,5,8035,3438,4597,0,0,0,1.0,1,1.0,1,1.0,1,0.275836988798292,50
4270,1,8036,3439,4597,0,0,0,1.0,1,1.0,1,1.0,1,0.30779885822936676,47
4271,2,8038,3441,4597,0,0,0,1.0,1,1.0,1,1.0,1,0.33194911681888,47
4272,0,8038,3441,4597,0,0,0,1.0,1,1.0,1,1.0,1,0.3557025701653903,46
4273,3,8041,3442,4599,0,0,0,1.0,1,1.0,1,1.0,1,0.3279985692579382,47
4274,3,8044,3445,4599,0,0,0,1.0,1,1.0,1,1.0,1,0.3391516103887551,45
4275,4,8048,3449,4599,0,0,0,1.0,1,1.0,1,1.0,1,0.268089386804155,44
4276,5,8053,3450,4603,0,0,0,1.0,1,1.0,1,1.0,1,0.16502946608304211,43
4277,3,8056,3453,4603,0,0,0,1.0,1,1.0,1,1.0,1,0.20877030378371417,42
4278,4,8060,3455,4605,0,0,0,1.0,1,1.0,1,1.0,1,0.2116534981726078,43
4279,3,8063,3458,4605,0,0,0,1.0,1,1.0,1,1.0,1,0.27897518111321146,42
4280,2,8065,3460,4605,0,0,0,1.0,1,1.0,1,1.0,1,0.32122954037278967,44
4281,4,8069,3462,4607,0,0,0,1.0,1,1.0,1,1.0,1,0.33551556501686264,44
4282,2,8071,3462,4609,0,0,0,1.0,1,1.0,1,1.0,1,0.33939150370558097,44
4283,0,8071,3462,4609,0,0,0,1.0,1,1.0,1,1.0,1,0.322532070587332,45
4284,0,8071,3462,4609,0,0,0,1.0,1,1.0,1,1.0,1,0.322532070587332,45
4285,0,8071,3462,4609,0,0,0,1.0,1,1.0,1,1.0,1,0.28926657755049595,47
4286,1,8072,3462,4610,0,0,0,1.0,1,1.0,1,1.0,1,0.2694389948848584,47
4287,0,8072,3462,4610,0,0,0,1.0,1,1.0,1,1.0,1,0.26460046531169346,49
4288,2,8074,3462,4612,0,0,0,1.0,1,1.0,1,1.0,1,0.22679429028298304,49
4289,1,8075,3462,4613,0,0,0,1.0,1,1.0,1,1.0,1,0.23071808996061008,50
4290,1,8076,3463,4613,0,0,0,1.0,1,1.0,1,1.0,1,0.22236311210981533,51
4291,6,8082,3464,4618,0,0,0,1.0,1,1.0,1,1.0,1,0.14880463859166662,50
4292,0,8082,3464,4618,0,0,0,1.0,1,1.0,1,1.0,1,0.1489079989550781,51
4293,2,8084,3464,4620,0,0,0,1.0,1,1.0,1,1.0,1,0.09769531699719702,51
4294,1,8085,3465,4620,0,0,0,1.0,1,1.0,1,1.0,1,0.12919520962442171,50
4295,1,8086,3466,4620,0,0,0,1.0,1,1.0,1,1.0,1,0.1304220773218028,50
4296,0,8086,3466,4620,0,0,0,1.0,1,1.0,1,1.0,1,0.12366769093204764,49
4297,0,8086,3466,4620,0,0,0,1.0,1,1.0,1,1.0,1,0.14928518291778342,49
4298,0,8086,3466,4620,0,0,0,1.0,1,1.0,1,1.0,1,0.14928518291778342,49
4299,0,8086,3466,4620,0,0,0,1.0,1,1.0,1,1.0,1,0.16440792508804597,48
4300,1,8087,3467,4620,0,0,0,1.0,1,1.0,1,1.0,1,0.1762050609891615,49
4301,5,8092,3470,4622,0,0,0,1.0,1,1.0,1,1.0,1,0.18245657978189642,50
4302,2,8094,3471,4623,0,0,0,1.0,1,1.0,1,1.0,1,0.18361607280821132,51
4303,2,8096,3473,4623,0,0,0,1.0,1,1.0,1,1.0,1,0.21373360670926406,51
4304,2,8098,3475,4623,0,0,0,1.0,1,1.0,1,1.0,1,0.25111127976481934,51
4305,4,8102,3477,4625,0,0,0,1.0,1,1.0,1,1.0,1,0.23709235677459886,49
4306,7,8109,3479,4630,0,0,0,1.0,1,1.0,1,1.0,1,0.18684672795839183,49
4307,3,8112,3482,4630,0,0,0,1.0,1,1.0,1,1.0,1,0.148185682291669,46
4308,3,8115,3484,4631,0,0,0,1.0,1,1.0,1,1.0,1,0.17671463122872172,44
4309,1,8116,3484,4632,0,0,0,1.0,1,1.0,1,1.0,1,0.17806904621935715,44
4310,1,8117,3485,4632,0,0,0,1.0,1,1.0,1,1.0,1,0.21025060279358396,42
4311,2,8119,3487,4632,0,0,0,1.0,1,1.0,1,1.0,1,0.18984114678536412,42
4312,0,8119,3487,4632,0,0,0,1.0,1,1.0,1,1.0,1,0.2119734739327045,40
4313,3,8122,3490,4632,0,0,0,1.0,1,1.0,1,1.0,1,0.22383271541452446,40
4314,1,8123,3490,4633,0,0,0,1.0,1,1.0,1,1.0,1,0.21400471175987462,36
4315,2,8125,3492,4633,0,0,0,1.0,1,1.0,1,1.0,1,0.2817087555662392,37
4316,3,8128,3494,4634,0,0,0,1.0,1,1.0,1,1.0,1,0.35035833238225644,37
4317,4,8132,3497,4635,0,0,0,1.0,1,1.0,1,1.0,1,0.3905184032481019,36
4318,3,8135,3498,4637,0,0,0,1.0,1,1.0,1,1.0,1,0.3224260980262887,34
4319,0,8135,3498,4637,0,0,0,1.0,1,1.0,1,1.0,1,0.30657553713998253,34
4320,0,8135,3498,4637,0,0,0,1.0,1,1.0,1,1.0,1,0.30657553713998253,34
4321,1,8136,3498,4638,0,0,0,1.0,1,1.0,1,1.0,1,0.3229525268252087,35
4322,0,8136,3498,4638,0,0,0,1.0,1,1.0,1,1.0,1,0.3229525268252087,35
4323,0,8136,3498,4638,0,0,0,1.0,1,1.0,1,1.0,1,0.3229525268252087,35
4324,1,8137,3499,4638,0,0,0,1.0,1,1.0,1,1.0,1,0.34596401183759307,34
4325,1,8138,3499,4639,0,0,0,1.0,1,1.0,1,1.0,1,0.33720439514299144,34
4326,4,8142,3499,4643,0,0,0,1.0,1,1.0,1,1.0,1,0.29590008733224665,36
4327,1,8143,3499,4644,0,0,0,1.0,1,1.0,1,1.0,1,0.2679371080459524,35
4328,3,8146,3501,4645,0,0,0,1.0,1,1.0,1,1.0,1,0.21869147817074594,35
4329,3,8149,3502,4647,0,0,0,1.0,1,1.0,1,1.0,1,0.2287454337455956,38
4330,4,8153,3504,4649,0,0,0,1.0,1,1.0,1,1.0,1,0.2997056148762809,38
4331,3,8156,3504,4652,0,0,0,1.0,1,1.0,1,1.0,1,0.21890858054996037,39
4332,1,8157,3504,4653,0,0,0,1.0,1,1.0,1,1.0,1,0.21684394264020446,40
4333,0,8157,3504,4653,0,0,0,1.0,1,1.0,1,1.0,1,0.19376285947148453,41
4334,1,8158,3505,4653,0,0,0,1.0,1,1.0,1,1.0,1,0.1723486769255716,41
4335,1,8159,3506,4653,0,0,0,1.0,1,1.0,1,1.0,1,0.14244426771989008,42
4336,0,8159,3506,4653,0,0,0,1.0,1,1.0,1,1.0,1,0.152902967535062,43
4337,0,8159,3506,4653,0,0,0,1.0,1,1.0,1,1.0,1,0.14175922621883025,44
4338,0,8159,3506,4653,0,0,0,1.0,1,1.0,1,1.0,1,0.14175922621883025,44
4339,3,8162,3508,4654,0,0,0,1.0,1,1.0,1,1.0,1,0.14897268969486138,46
4340,0,8162,3508,4654,0,0,0,1.0,1,1.0,1,1.0,1,0.16105876266822491,47
4341,2,8164,3509,4655,0,0,0,1.0,1,1.0,1,1.0,1,0.15800110368643538,47
4342,9,8173,3514,4659,0,0,0,1.0,1,1.0,1,1.0,1,0.21004014185022804,47
4343,0,8173,3514,4659,0,0,0,1.0,1,1.0,1,1.0,1,0.16535984816877725,42
4344,2,8175,3516,4659,0,0,0,1.0,1,1.0,1,1.0,1,0.2158645845561336,42
4345,3,8178,3519,4659,0,0,0,1.0,1,1.0,1,1.0,1,0.287407918366373,39
4346,1,8179,3520,4659,0,0,0,1.0,1,1.0,1,1.0,1,0.3245797911479076,37
4347,2,8181,3521,4660,0,0,0,1.0,1,1.0,1,1.0,1,0.37130011504958843,37
4348,6,8187,3524,4663,0,0,0,1.0,1,1.0,1,1.0,1,0.4158627902079094,38
4349,0,8187,3524,4663,0,0,0,1.0,1,1.0,1,1.0,1,0.4082971210679029,36
4350,4,8191,3526,4665,0,0,0,1.0,1,1.0,1,1.0,1,0.340881431015073,37
4351,2,8193,3527,4666,0,0,0,1.0,1,1.0,1,1.0,1,0.35731820660698066,35
4352,1,8194,3527,4667,0,0,0,1.0,1,1.0,1,1.0,1,0.35067562247397277,34
4353,1,8195,3527,4668,0,0,0,1.0,1,1.0,1,1.0,1,0.33377849028096723,34
4354,2,8197,3527,4670,0,0,0,1.0,1,1.0,1,1.0,1,0.31396432159395804,32
4355,1,8198,3527,4671,0,0,0,1.0,1,1.0,1,1.0,1,0.3116603326592867,32
4356,2,8200,3528,4672,0,0,0,1.0,1,1.0,1,1.0,1,0.2514144390843113,34
4357,0,8200,3528,4672,0,0,0,1.0,1,1.0,1,1.0,1,0.2513878809737765,35
4358,3,8203,3530,4673,0,0,0,1.0,1,1.0,1,1.0,1,0.28097728500348434,35
4359,4,8207,3532,4675,0,0,0,1.0,1,1.0,1,1.0,1,0.2783169979944536,37
4360,3,8210,3532,4678,0,0,0,1.0,1,1.0,1,1.0,1,0.2790524549328203,38
4361,2,8212,3532,4680,0,0,0,1.0,1,1.0,1,1.0,1,0.24573575062894923,39
4362,3,8215,3533,4682,0,0,0,1.0,1,1.0,1,1.0,1,0.2675835308456787,38
4363,2,8217,3533,4684,0,0,0,1.0,1,1.0,1,1.0,1,0.2675835308456787,38
4364,2,8219,3535,4684,0,0,0,1.0,1,1.0,1,1.0,1,0.23458166950002451,39
4365,0,8219,3535,4684,0,0,0,1.0,1,1.0,1,1.0,1,0.23458166950002451,39
4366,3,8222,3536,4686,0,0,0,1.0,1,1.0,1,1.0,1,0.17605453853964617,39
4367,0,8222,3536,4686,0,0,0,1.0,1,1.0,1,1.0,1,0.19565560492296377,41
4368,0,8222,3536,4686,0,0,0,1.0,1,1.0,1,1.0,1,0.19565560492296377,41
4369,0,8222,3536,4686,0,0,0,1.0,1,1.0,1,1.0,1,0.20670248335268815,42
4370,1,8223,3537,4686,0,0,0,1.0,1,1.0,1,1.0,1,0.23207860447928474,42
4371,1,8224,3537,4687,0,0,0,1.0,1,1.0,1,1.0,1,0.23813711170598517,43
4372,1,8225,3538,4687,0,0,0,1.0,1,1.0,1,1.0,1,0.24372093016851337,43
4373,0,8225,3538,4687,0,0,0,1.0,1,1.0,1,1.0,1,0.24372093016851337,43
4374,2,8227,3538,4689,0,0,0,1.0,1,1.0,1,1.0,1,0.23453647050437926,44
4375,3,8230,3540,4690,0,0,0,1.0,1,1.0,1,1.0,1,0.2616858866178804,45
4376,2,8232,3540,4692,0,0,0,1.0,1,1.0,1,1.0,1,0.27139037606965155,46
4377,10,8242,3544,4698,0,0,0,1.0,1,1.0,1,1.0,1,0.2750952794109804,47
4378,6,8248,3544,4704,0,0,0,1.0,1,1.0,1,1.0,1,0.23175518646413296,49
4379,9,8257,3547,4710,0,0,0,1.0,1,1.0,1,1.0,1,0.26032764109400564,51
4380,5,8262,3547,4715,0,0,0,1.0,1,1.0,1,1.0,1,0.24738274284806575,50
4381,2,8264,3548,4716,0,0,0,1.0,1,1.0,1,1.0,1,0.25787191968129314,49
4382,2,8266,3549,4717,0,0,0,1.0,1,1.0,1,1.0,1,0.2570166100724614,47
4383,3,8269,3551,4718,0,0,0,1.0,1,1.0,1,1.0,1,0.2767707829520083,47
4384,2,8271,3552,4719,0,0,0,1.0,1,1.0,1,1.0,1,0.27550866157798026,44
4385,1,8272,3553,4719,0,0,0,1.0,1,1.0,1,1.0,1,0.26364498177474766,42
4386,2,8274,3555,4719,0,0,0,1.0,1,1.0,1,1.0,1,0.3335993227960584,41
4387,0,8274,3555,4719,0,0,0,1.0,1,1.0,1,1.0,1,0.2966828709182449,39
4388,2,8276,3555,4721,0,0,0,1.0,1,1.0,1,1.0,1,0.25809544670529405,39
4389,4,8280,3557,4723,0,0,0,1.0,1,1.0,1,1.0,1,0.2819822885195038,38
4390,0,8280,3557,4723,0,0,0,1.0,1,1.0,1,1.0,1,0.26619551369664013,38
4391,0,8280,3557,4723,0,0,0,1.0,1,1.0,1,1.0,1,0.25708583914291977,39
4392,0,8280,3557,4723,0,0,0,1.0,1,1.0,1,1.0,1,0.25708583914291977,39
4393,0,8280,3557,4723,0,0,0,1.0,1,1.0,1,1.0,1,0.24596312313135382,40
4394,0,8280,3557,4723,0,0,0,1.0,1,1.0,1,1.0,1,0.26667720722019933,39
4395,1,8281,3558,4723,0,0,0,1.0,1,1.0,1,1.0,1,0.26269133555283075,39
4396,0,8281,3558,4723,0,0,0,1.0,1,1.0,1,1.0,1,0.25207230426061306,39
4397,1,8282,3559,4723,0,0,0,1.0,1,1.0,1,1.0,1,0.27852261492298747,38
4398,0,8282,3559,4723,0,0,0,1.0,1,1.0,1,1.0,1,0.2702618094434867,39
4399,1,8283,3559,4724,0,0,0,1.0,1,1.0,1,1.0,1,0.27110842351287784,42
4400,0,8283,3559,4724,0,0,0,1.0,1,1.0,1,1.0,1,0.27468592714919976,43
4401,0,8283,3559,4724,0,0,0,1.0,1,1.0,1,1.0,1,0.2667368331233491,44
4402,0,8283,3559,4724,0,0,0,1.0,1,1.0,1,1.0,1,0.2667368331233491,44
4403,2,8285,3559,4726,0,0,0,1.0,1,1.0,1,1.0,1,0.2181672338769362,45
4404,1,8286,3559,4727,0,0,0,1.0,1,1.0,1,1.0,1,0.21116821697310148,45
4405,0,8286,3559,4727,0,0,0,1.0,1,1.0,1,1.0,1,0.22421065980386878,46
4406,2,8288,3560,4728,0,0,0,1.0,1,1.0,1,1.0,1,0.24841682819798566,46
4407,0,8288,3560,4728,0,0,0,1.0,1,1.0,1,1.0,1,0.24841682819798566,46
4408,0,8288,3560,4728,0,0,0,1.0,1,1.0,1,1.0,1,0.2466302167323551,47
4409,1,8289,3561,4728,0,0,0,1.0,1,1.0,1,1.0,1,0.29160220170939205,48
4410,1,8290,3561,4729,0,0,0,1.0,1,1.0,1,1.0,1,0.2790012985278993,48
4411,0,8290,3561,4729,0,0,0,1.0,1,1.0,1,1.0,1,0.27784098519264905,50
4412,2,8292,3561,4731,0,0,0,1.0,1,1.0,1,1.0,1,0.25393387394007505,50
4413,2,8294,3561,4733,0,0,0,1.0,1,1.0,1,1.0,1,0.24107403231715346,50
4414,1,8295,3562,4733,0,0,0,1.0,1,1.0,1,1.0,1,0.22918051326552688,51
4415,1,8296,3563,4733,0,0,0,1.0,1,1.0,1,1.0,1,0.2294280348849796,51
4416,1,8297,3563,4734,0,0,0,1.0,1,1.0,1,1.0,1,0.2193345583952127,51
4417,3,8300,3565,4735,0,0,0,1.0,1,1.0,1,1.0,1,0.2296762477762336,51
4418,0,8300,3565,4735,0,0,0,1.0,1,1.0,1,1.0,1,0.23028734821203276,51
4419,1,8301,3565,4736,0,0,0,1.0,1,1.0,1,1.0,1,0.24205418512998977,50
4420,2,8303,3566,4737,0,0,0,1.0,1,1.0,1,1.0,1,0.2460054725272572,50
4421,3,8306,3566,4740,0,0,0,1.0,1,1.0,1,1.0,1,0.2305327228088285,52
4422,1,8307,3566,4741,0,0,0,1.0,1,1.0,1,1.0,1,0.24080960598791687,51
4423,0,8307,3566,4741,0,0,0,1.0,1,1.0,1,1.0,1,0.24080960598791687,51
4424,0,8307,3566,4741,0,0,0,1.0,1,1.0,1,1.0,1,0.23591898481782328,53
4425,0,8307,3566,4741,0,0,0,1.0,1,1.0,1,1.0,1,0.22478487643512116,54
4426,3,8310,3567,4743,0,0,0,1.0,1,1.0,1,1.0,1,0.19795328764094391,55
4427,0,8310,3567,4743,0,0,0,1.0,1,1.0,1,1.0,1,0.19795328764094391,55
4428,0,8310,3567,4743,0,0,0,1.0,1,1.0,1,1.0,1,0.19795328764094391,55
4429,2,8312,3568,4744,0,0,0,1.0,1,1.0,1,1.0,1,0.1808884134203847,56
4430,0,8312,3568,4744,0,0,0,1.0,1,1.0,1,1.0,1,0.17222945294377612,55
4431,0,8312,3568,4744,0,0,0,1.0,1,1.0,1,1.0,1,0.1880569226250769,56
4432,0,8312,3568,4744,0,0,0,1.0,1,1.0,1,1.0,1,0.1880569226250769,56
4433,0,8312,3568,4744,0,0,0,1.0,1,1.0,1,1.0,1,0.19896237386197915,57
4434,0,8312,3568,4744,0,0,0,1.0,1,1.0,1,1.0,1,0.20287190278124606,56
4435,1,8313,3569,4744,0,0,0,1.0,1,1.0,1,1.0,1,0.20720196353631262,56
4436,3,8316,3572,4744,0,0,0,1.0,1,1.0,1,1.0,1,0.19901474895075497,55
4437,0,8316,3572,4744,0,0,0,1.0,1,1.0,1,1.0,1,0.21553865859093707,54
4438,2,8318,3574,4744,0,0,0,1.0,1,1.0,1,1.0,1,0.26913275523080565,54
4439,1,8319,3574,4745,0,0,0,1.0,1,1.0,1,1.0,1,0.26846889245874106,55
4440,1,8320,3575,4745,0,0,0,1.0,1,1.0,1,1.0,1,0.2729019759842378,55
4441,7,8327,3578,4749,0,0,0,1.0,1,1.0,1,1.0,1,0.20002935667839677,59
4442,2,8329,3579,4750,0,0,0,1.0,1,1.0,1,1.0,1,0.19671372678385682,61
4443,3,8332,3581,4751,0,0,0,1.0,1,1.0,1,1.0,1,0.20963631957548534,60
4444,3,8335,3581,4754,0,0,0,1.0,1,1.0,1,1.0,1,0.21933413363640858,61
4445,2,8337,3581,4756,0,0,0,1.0,1,1.0,1,1.0,1,0.19058028323623483,61
4446,4,8341,3582,4759,0,0,0,1.0,1,1.0,1,1.0,1,0.1691397858601813,62
4447,0,8341,3582,4759,0,0,0,1.0,1,1.0,1,1.0,1,0.15923461617973653,63
4448,0,8341,3582,4759,0,0,0,1.0,1,1.0,1,1.0,1,0.15923461617973653,63
4449,0,8341,3582,4759,0,0,0,1.0,1,1.0,1,1.0,1,0.15923461617973653,63
4450,0,8341,3582,4759,0,0,0,1.0,1,1.0,1,1.0,1,0.15998862586993223,62
4451,0,8341,3582,4759,0,0,0,1.0,1,1.0,1,1.0,1,0.1590078402258953,63
4452,0,8341,3582,4759,0,0,0,1.0,1,1.0,1,1.0,1,0.16800692280878526,64
4453,1,8342,3582,4760,0,0,0,1.0,1,1.0,1,1.0,1,0.15929037845220034,65
4454,0,8342,3582,4760,0,0,0,1.0,1,1.0,1,1.0,1,0.15286602225438847,66
4455,1,8343,3582,4761,0,0,0,1.0,1,1.0,1,1.0,1,0.13426467665918265,67
4456,4,8347,3583,4764,0,0,0,1.0,1,1.0,1,1.0,1,0.1222083440901522,67
4457,1,8348,3584,4764,0,0,0,1.0,1,1.0,1,1.0,1,0.13732643868821814,65
4458,1,8349,3584,4765,0,0,0,1.0,1,1.0,1,1.0,1,0.15422110061722671,65
4459,3,8352,3586,4766,0,0,0,1.0,1,1.0,1,1.0,1,0.21459717391978905,64
4460,1,8353,3586,4767,0,0,0,1.0,1,1.0,1,1.0,1,0.22542839665435327,63
4461,4,8357,3588,4769,0,0,0,1.0,1,1.0,1,1.0,1,0.2639232342442784,62
4462,6,8363,3592,4771,0,0,0,1.0,1,1.0,1,1.0,1,0.3370665326518664,61
4463,9,8372,3596,4776,0,0,0,1.0,1,1.0,1,1.0,1,0.3800678612142638,61
4464,3,8375,3598,4777,0,0,0,1.0,1,1.0,1,1.0,1,0.36288324335417027,58
4465,3,8378,3600,4778,0,0,0,1.0,1,1.0,1,1.0,1,0.39249194971556634,57
4466,4,8382,3601,4781,0,0,0,1.0,1,1.0,1,1.0,1,0.3979142089741668,54
4467,2,8384,3602,4782,0,0,0,1.0,1,1.0,1,1.0,1,0.38435953748707286,52
4468,4,8388,3604,4784,0,0,0,1.0,1,1.0,1,1.0,1,0.36729355410652165,52
4469,1,8389,3605,4784,0,0,0,1.0,1,1.0,1,1.0,1,0.359116352616122,51
4470,2,8391,3607,4784,0,0,0,1.0,1,1.0,1,1.0,1,0.34155203388008987,51
4471,8,8399,3610,4789,0,0,0,1.0,1,1.0,1,1.0,1,0.23823482535971682,50
4472,3,8402,3611,4791,0,0,0,1.0,1,1.0,1,1.0,1,0.20657338022939295,48
4473,0,8402,3611,4791,0,0,0,1.0,1,1.0,1,1.0,1,0.2225127119929045,47
4474,3,8405,3612,4793,0,0,0,1.0,1,1.0,1,1.0,1,0.1826717816631655,49
4475,0,8405,3612,4793,0,0,0,1.0,1,1.0,1,1.0,1,0.21867947925332984,47
4476,2,8407,3614,4793,0,0,0,1.0,1,1.0,1,1.0,1,0.18072158060904064,49
4477,0,8407,3614,4793,0,0,0,1.0,1,1.0,1,1.0,1,0.20963925228403368,48
4478,0,8407,3614,4793,0,0,0,1.0,1,1.0,1,1.0,1,0.20963925228403368,48
4479,1,8408,3615,4793,0,0,0,1.0,1,1.0,1,1.0,1,0.23008815894278553,48
4480,3,8411,3615,4796,0,0,0,1.0,1,1.0,1,1.0,1,0.19039224094779875,49
4481,0,8411,3615,4796,0,0,0,1.0,1,1.0,1,1.0,1,0.19913136349551025,49
4482,0,8411,3615,4796,0,0,0,1.0,1,1.0,1,1.0,1,0.19913136349551025,49
4483,1,8412,3615,4797,0,0,0,1.0,1,1.0,1,1.0,1,0.1749065657531058,50
4484,0,8412,3615,4797,0,0,0,1.0,1,1.0,1,1.0,1,0.19021429907666257,52
4485,0,8412,3615,4797,0,0,0,1.0,1,1.0,1,1.0,1,0.19727222759119595,53
4486,5,8417,3616,4801,0,0,0,1.0,1,1.0,1,1.0,1,0.147733436346996,55
4487,3,8420,3618,4802,0,0,0,1.0,1,1.0,1,1.0,1,0.1439268744556417,55
4488,0,8420,3618,4802,0,0,0,1.0,1,1.0,1,1.0,1,0.16370263068506163,54
4489,0,8420,3618,4802,0,0,0,1.0,1,1.0,1,1.0,1,0.18725699788979797,53
4490,1,8421,3619,4802,0,0,0,1.0,1,1.0,1,1.0,1,0.20144701183002908,53
4491,1,8422,3620,4802,0,0,0,1.0,1,1.0,1,1.0,1,0.2155127778265204,52
4492,0,8422,3620,4802,0,0,0,1.0,1,1.0,1,1.0,1,0.2155127778265204,52
4493,3,8425,3621,4804,0,0,0,1.0,1,1.0,1,1.0,1,0.27366520875765865,52
4494,2,8427,3621,4806,0,0,0,1.0,1,1.0,1,1.0,1,0.2657144566736877,53
4495,3,8430,3624,4806,0,0,0,1.0,1,1.0,1,1.0,1,0.2472667773476705,50
4496,3,8433,3627,4806,0,0,0,1.0,1,1.0,1,1.0,1,0.29378824166458234,51
4497,3,8436,3629,4807,0,0,0,1.0,1,1.0,1,1.0,1,0.3167303837852526,50
4498,0,8436,3629,4807,0,0,0,1.0,1,1.0,1,1.0,1,0.3004129619955657,49
4499,0,8436,3629,4807,0,0,0,1.0,1,1.0,1,1.0,1,0.28873776276613355,48
4500,1,8437,3629,4808,0,0,0,1.0,1,1.0,1,1.0,1,0.27689909068220125,48
4501,4,8441,3631,4810,0,0,0,1.0,1,1.0,1,1.0,1,0.2539796968900831,48
4502,1,8442,3632,4810,0,0,0,1.0,1,1.0,1,1.0,1,0.26969205203855734,49
4503,8,8450,3637,4813,0,0,0,1.0,1,1.0,1,1.0,1,0.28115709140207956,49
4504,2,8452,3638,4814,0,0,0,1.0,1,1.0,1,1.0,1,0.26167510104835506,45
4505,1,8453,3639,4814,0,0,0,1.0,1,1.0,1,1.0,1,0.2771676124535668,46
4506,2,8455,3641,4814,0,0,0,1.0,1,1.0,1,1.0,1,0.33725774282927645,45
4507,4,8459,3641,4818,0,0,0,1.0,1,1.0,1,1.0,1,0.3013760772753405,45
4508,3,8462,3642,4820,0,0,0,1.0,1,1.0,1,1.0,1,0.245700045228497,43
4509,0,8462,3642,4820,0,0,0,1.0,1,1.0,1,1.0,1,0.2418668630360619,41
4510,2,8464,3643,4821,0,0,0,1.0,1,1.0,1,1.0,1,0.26975364621286513,42
4511,1,8465,3644,4821,0,0,0,1.0,1,1.0,1,1.0,1,0.29127557650760816,41
4512,1,8466,3644,4822,0,0,0,1.0,1,1.0,1,1.0,1,0.2889703174526128,41
4513,0,8466,3644,4822,0,0,0,1.0,1,1.0,1,1.0,1,0.2889703174526128,41
4514,3,8469,3647,4822,0,0,0,1.0,1,1.0,1,1.0,1,0.298425031309605,42
4515,1,8470,3647,4823,0,0,0,1.0,1,1.0,1,1.0,1,0.29695563065252967,41
4516,4,8474,3649,4825,0,0,0,1.0,1,1.0,1,1.0,1,0.23380322656587357,42
4517,4,8478,3650,4828,0,0,0,1.0,1,1.0,1,1.0,1,0.230458933721589,43
4518,0,8478,3650,4828,0,0,0,1.0,1,1.0,1,1.0,1,0.23933050846017598,42
4519,4,8482,3652,4830,0,0,0,1.0,1,1.0,1,1.0,1,0.2569657972853308,42
4520,0,8482,3652,4830,0,0,0,1.0,1,1.0,1,1.0,1,0.29958261176162626,42
4521,2,8484,3653,4831,0,0,0,1.0,1,1.0,1,1.0,1,0.32041752127704576,42
4522,3,8487,3655,4832,0,0,0,1.0,1,1.0,1,1.0,1,0.2922720089058263,42
4523,1,8488,3655,4833,0,0,0,1.0,1,1.0,1,1.0,1,0.2970146280867959,42
4524,5,8493,3657,4836,0,0,0,1.0,1,1.0,1,1.0,1,0.25696383118719535,43
4525,8,8501,3657,4844,0,0,0,1.0,1,1.0,1,1.0,1,0.21607722958550576,46
4526,5,8506,3658,4848,0,0,0,1.0,1,1.0,1,1.0,1,0.2415857371324452,46
4527,4,8510,3661,4849,0,0,0,1.0,1,1.0,1,1.0,1,0.28236796184874857,47
4528,4,8514,3661,4853,0,0,0,1.0,1,1.0,1,1.0,1,0.27463123427765274,49
4529,7,8521,3662,4859,0,0,0,1.0,1,1.0,1,1.0,1,0.28588894372128587,50
4530,5,8526,3663,4863,0,0,0,1.0,1,1.0,1,1.0,1,0.3060394803317569,51
4531,7,8533,3663,4870,0,0,0,1.0,1,1.0,1,1.0,1,0.15488502045906966,51
4532,2,8535,3664,4871,0,0,0,1.0,1,1.0,1,1.0,1,0.1431609599304291,51
4533,0,8535,3664,4871,0,0,0,1.0,1,1.0,1,1.0,1,0.16786594351629028,50
4534,2,8537,3664,4873,0,0,0,1.0,1,1.0,1,1.0,1,0.14784791934153813,51
4535,0,8537,3664,4873,0,0,0,1.0,1,1.0,1,1.0,1,0.15127389660260132,50
4536,0,8537,3664,4873,0,0,0,1.0,1,1.0,1,1.0,1,0.1874763919007482,48
4537,2,8539,3665,4874,0,0,0,1.0,1,1.0,1,1.0,1,0.19862726381740697,49
4538,1,8540,3665,4875,0,0,0,1.0,1,1.0,1,1.0,1,0.2269520532012483,48
4539,2,8542,3667,4875,0,0,0,1.0,1,1.0,1,1.0,1,0.2964349609111458,50
4540,0,8542,3667,4875,0,0,0,1.0,1,1.0,1,1.0,1,0.2824256282781278,49
4541,1,8543,3668,4875,0,0,0,1.0,1,1.0,1,1.0,1,0.2843589882614051,49
4542,2,8545,3670,4875,0,0,0,1.0,1,1.0,1,1.0,1,0.3136843244340746,47
4543,1,8546,3670,4876,0,0,0,1.0,1,1.0,1,1.0,1,0.29309567357820837,45
4544,2,8548,3672,4876,0,0,0,1.0,1,1.0,1,1.0,1,0.2897471503176274,45
4545,2,8550,3673,4877,0,0,0,1.0,1,1.0,1,1.0,1,0.3015090096165374,43
4546,5,8555,3675,4880,0,0,0,1.0,1,1.0,1,1.0,1,0.313851106039888,43
4547,2,8557,3676,4881,0,0,0,1.0,1,1.0,1,1.0,1,0.31382720389234386,41
4548,3,8560,3678,4882,0,0,0,1.0,1,1.0,1,1.0,1,0.3021052268555157,42
4549,0,8560,3678,4882,0,0,0,1.0,1,1.0,1,1.0,1,0.2770465567915441,41
4550,4,8564,3680,4884,0,0,0,1.0,1,1.0,1,1.0,1,0.2943343864065765,41
4551,0,8564,3680,4884,0,0,0,1.0,1,1.0,1,1.0,1,0.2936670316828218,39
4552,0,8564,3680,4884,0,0,0,1.0,1,1.0,1,1.0,1,0.2954005254460605,38
4553,0,8564,3680,4884,0,0,0,1.0,1,1.0,1,1.0,1,0.30523734794266455,39
4554,1,8565,3681,4884,0,0,0,1.0,1,1.0,1,1.0,1,0.33291274094964524,38
4555,1,8566,3682,4884,0,0,0,1.0,1,1.0,1,1.0,1,0.37451702802071807,37
4556,1,8567,3683,4884,0,0,0,1.0,1,1.0,1,1.0,1,0.3381892036125935,36
4557,0,8567,3683,4884,0,0,0,1.0,1,1.0,1,1.0,1,0.3297834058283693,38
4558,0,8567,3683,4884,0,0,0,1.0,1,1.0,1,1.0,1,0.3127145347851442,39
4559,2,8569,3685,4884,0,0,0,1.0,1,1.0,1,1.0,1,0.27713789627042323,38
4560,1,8570,3685,4885,0,0,0,1.0,1,1.0,1,1.0,1,0.28724015642607637,41
4561,3,8573,3685,4888,0,0,0,1.0,1,1.0,1,1.0,1,0.24602841361085098,41
4562,1,8574,3686,4888,0,0,0,1.0,1,1.0,1,1.0,1,0.2537969570707675,43
4563,0,8574,3686,4888,0,0,0,1.0,1,1.0,1,1.0,1,0.27211019144934645,42
4564,0,8574,3686,4888,0,0,0,1.0,1,1.0,1,1.0,1,0.28641601121251675,43
4565,2,8576,3686,4890,0,0,0,1.0,1,1.0,1,1.0,1,0.2618707431981162,44
4566,4,8580,3686,4894,0,0,0,1.0,1,1.0,1,1.0,1,0.1857071633859176,45
4567,2,8582,3687,4895,0,0,0,1.0,1,1.0,1,1.0,1,0.213121710239246,47
4568,0,8582,3687,4895,0,0,0,1.0,1,1.0,1,1.0,1,0.213121710239246,47
4569,3,8585,3689,4896,0,0,0,1.0,1,1.0,1,1.0,1,0.1960612664542094,49
4570,1,8586,3690,4896,0,0,0,1.0,1,1.0,1,1.0,1,0.19470432857292952,49
4571,0,8586,3690,4896,0,0,0,1.0,1,1.0,1,1.0,1,0.1899144784970227,48
4572,0,8586,3690,4896,0,0,0,1.0,1,1.0,1,1.0,1,0.1899144784970227,48
4573,2,8588,3692,4896,0,0,0,1.0,1,1.0,1,1.0,1,0.22156888565890626,48
4574,2,8590,3693,4897,0,0,0,1.0,1,1.0,1,1.0,1,0.24246672148767462,50
4575,3,8593,3695,4898,0,0,0,1.0,1,1.0,1,1.0,1,0.28235572092468336,51
4576,2,8595,3695,4900,0,0,0,1.0,1,1.0,1,1.0,1,0.24560551396722552,48
4577,0,8595,3695,4900,0,0,0,1.0,1,1.0,1,1.0,1,0.2530225733011761,47
4578,2,8597,3696,4901,0,0,0,1.0,1,1.0,1,1.0,1,0.27025959517655046,46
4579,1,8598,3696,4902,0,0,0,1.0,1,1.0,1,1.0,1,0.2409598449695221,46
4580,0,8598,3696,4902,0,0,0,1.0,1,1.0,1,1.0,1,0.23268459143735232,47
4581,0,8598,3696,4902,0,0,0,1.0,1,1.0,1,1.0,1,0.23268459143735232,47
4582,0,8598,3696,4902,0,0,0,1.0,1,1.0,1,1.0,1,0.2417318596100605,48
4583,0,8598,3696,4902,0,0,0,1.0,1,1.0,1,1.0,1,0.2417318596100605,48
4584,1,8599,3696,4903,0,0,0,1.0,1,1.0,1,1.0,1,0.24226731078428637,50
4585,1,8600,3697,4903,0,0,0,1.0,1,1.0,1,1.0,1,0.2547436796500214,50
4586,0,8600,3697,4903,0,0,0,1.0,1,1.0,1,1.0,1,0.2547436796500214,50
4587,0,8600,3697,4903,0,0,0,1.0,1,1.0,1,1.0,1,0.2547436796500214,50
4588,0,8600,3697,4903,0,0,0,1.0,1,1.0,1,1.0,1,0.2547436796500214,50
4589,2,8602,3698,4904,0,0,0,1.0,1,1.0,1,1.0,1,0.28087664094009374,52
4590,1,8603,3698,4905,0,0,0,1.0,1,1.0,1,1.0,1,0.2629013740931446,52
4591,0,8603,3698,4905,0,0,0,1.0,1,1.0,1,1.0,1,0.26665606902307043,53
4592,0,8603,3698,4905,0,0,0,1.0,1,1.0,1,1.0,1,0.2807164115099215,54
4593,3,8606,3699,4907,0,0,0,1.0,1,1.0,1,1.0,1,0.2595499562680486,56
4594,0,8606,3699,4907,0,0,0,1.0,1,1.0,1,1.0,1,0.2686410795542021,57
4595,2,8608,3701,4907,0,0,0,1.0,1,1.0,1,1.0,1,0.267059107893128,56
4596,1,8609,3701,4908,0,0,0,1.0,1,1.0,1,1.0,1,0.25652144091645457,56
4597,3,8612,3703,4909,0,0,0,1.0,1,1.0,1,1.0,1,0.2603639353302824,56
4598,4,8616,3705,4911,0,0,0,1.0,1,1.0,1,1.0,1,0.2939675956371035,57
4599,1,8617,3705,4912,0,0,0,1.0,1,1.0,1,1.0,1,0.26516993385154175,59
4600,3,8620,3705,4915,0,0,0,1.0,1,1.0,1,1.0,1,0.25066138724508796,60
4601,1,8621,3706,4915,0,0,0,1.0,1,1.0,1,1.0,1,0.2668860803540734,60
4602,0,8621,3706,4915,0,0,0,1.0,1,1.0,1,1.0,1,0.24736819904248586,62
4603,1,8622,3706,4916,0,0,0,1.0,1,1.0,1,1.0,1,0.2360662789258532,62
4604,0,8622,3706,4916,0,0,0,1.0,1,1.0,1,1.0,1,0.22236629856268086,63
4605,0,8622,3706,4916,0,0,0,1.0,1,1.0,1,1.0,1,0.22236629856268086,63
4606,7,8629,3706,4923,0,0,0,1.0,1,1.0,1,1.0,1,0.1526794845302575,64
4607,0,8629,3706,4923,0,0,0,1.0,1,1.0,1,1.0,1,0.1565832198944615,65
4608,1,8630,3707,4923,0,0,0,1.0,1,1.0,1,1.0,1,0.18451807660698552,66
4609,1,8631,3707,4924,0,0,0,1.0,1,1.0,1,1.0,1,0.18349241313579573,65
4610,0,8631,3707,4924,0,0,0,1.0,1,1.0,1,1.0,1,0.18578814596053606,63
4611,1,8632,3708,4924,0,0,0,1.0,1,1.0,1,1.0,1,0.21135798370026398,64
4612,2,8634,3709,4925,0,0,0,1.0,1,1.0,1,1.0,1,0.245377733904926,62
4613,1,8635,3710,4925,0,0,0,1.0,1,1.0,1,1.0,1,0.2710170189389099,63
4614,3,8638,3711,4927,0,0,0,1.0,1,1.0,1,1.0,1,0.25823818454317105,61
4615,1,8639,3712,4927,0,0,0,1.0,1,1.0,1,1.0,1,0.27965629885826704,59
4616,2,8641,3713,4928,0,0,0,1.0,1,1.0,1,1.0,1,0.2841329256051957,58
4617,2,8643,3713,4930,0,0,0,1.0,1,1.0,1,1.0,1,0.2787058256055595,58
4618,1,8644,3713,4931,0,0,0,1.0,1,1.0,1,1.0,1,0.29876721499289444,57
4619,3,8647,3714,4933,0,0,0,1.0,1,1.0,1,1.0,1,0.31328926238582494,57
4620,1,8648,3714,4934,0,0,0,1.0,1,1.0,1,1.0,1,0.3075882773976133,57
4621,5,8653,3715,4938,0,0,0,1.0,1,1.0,1,1.0,1,0.2506057440683166,59
4622,3,8656,3716,4940,0,0,0,1.0,1,1.0,1,1.0,1,0.2539209784484308,60
4623,1,8657,3717,4940,0,0,0,1.0,1,1.0,1,1.0,1,0.2697475737932789,59
4624,3,8660,3720,4940,0,0,0,1.0,1,1.0,1,1.0,1,0.2986962304770401,59
4625,3,8663,3721,4942,0,0,0,1.0,1,1.0,1,1.0,1,0.2649151849023574,57
4626,4,8667,3724,4943,0,0,0,1.0,1,1.0,1,1.0,1,0.30082615353380526,56
4627,1,8668,3725,4943,0,0,0,1.0,1,1.0,1,1.0,1,0.29519343528903025,56
4628,1,8669,3726,4943,0,0,0,1.0,1,1.0,1,1.0,1,0.3201282806129946,56
4629,0,8669,3726,4943,0,0,0,1.0,1,1.0,1,1.0,1,0.3402246370939846,56
4630,0,8669,3726,4943,0,0,0,1.0,1,1.0,1,1.0,1,0.3287999390140829,57
4631,0,8669,3726,4943,0,0,0,1.0,1,1.0,1,1.0,1,0.3542287612333935,56
4632,5,8674,3727,4947,0,0,0,1.0,1,1.0,1,1.0,1,0.3762515053960147,57
4633,3,8677,3727,4950,0,0,0,1.0,1,1.0,1,1.0,1,0.35273185719490474,58
4634,2,8679,3727,4952,0,0,0,1.0,1,1.0,1,1.0,1,0.35273185719490474,58
4635,3,8682,3727,4955,0,0,0,1.0,1,1.0,1,1.0,1,0.2957306356314573,59
4636,4,8686,3727,4959,0,0,0,1.0,1,1.0,1,1.0,1,0.2397571675219549,60
4637,1,8687,3727,4960,0,0,0,1.0,1,1.0,1,1.0,1,0.23542960555955394,60
4638,1,8688,3727,4961,0,0,0,1.0,1,1.0,1,1.0,1,0.24397411773265776,61
4639,3,8691,3727,4964,0,0,0,1.0,1,1.0,1,1.0,1,0.2162145585823632,62
4640,0,8691,3727,4964,0,0,0,1.0,1,1.0,1,1.0,1,0.22890676956950615,63
4641,2,8693,3729,4964,0,0,0,1.0,1,1.0,1,1.0,1,0.2269289851329326,63
4642,0,8693,3729,4964,0,0,0,1.0,1,1.0,1,1.0,1,0.23952952806697464,62
4643,3,8696,3732,4964,0,0,0,1.0,1,1.0,1,1.0,1,0.2735073485648677,63
4644,3,8699,3732,4967,0,0,0,1.0,1,1.0,1,1.0,1,0.2772783094095596,62
4645,1,8700,3732,4968,0,0,0,1.0,1,1.0,1,1.0,1,0.27135622783492186,63
4646,4,8704,3734,4970,0,0,0,1.0,1,1.0,1,1.0,1,0.3017733697854269,63
4647,3,8707,3734,4973,0,0,0,1.0,1,1.0,1,1.0,1,0.2640478319868842,62
4648,2,8709,3735,4974,0,0,0,1.0,1,1.0,1,1.0,1,0.2880147491125323,63
4649,2,8711,3735,4976,0,0,0,1.0,1,1.0,1,1.0,1,0.2871351606488952,61
4650,4,8715,3737,4978,0,0,0,1.0,1,1.0,1,1.0,1,0.2839314788456612,63
4651,3,8718,3739,4979,0,0,0,1.0,1,1.0,1,1.0,1,0.2639077043789237,62
4652,1,8719,3739,4980,0,0,0,1.0,1,1.0,1,1.0,1,0.27300107626612047,59
4653,1,8720,3739,4981,0,0,0,1.0,1,1.0,1,1.0,1,0.2744749447111132,60
4654,1,8721,3740,4981,0,0,0,1.0,1,1.0,1,1.0,1,0.2803405500665306,60
4655,0,8721,3740,4981,0,0,0,1.0,1,1.0,1,1.0,1,0.2803405500665306,60
4656,3,8724,3743,4981,0,0,0,1.0,1,1.0,1,1.0,1,0.32484659085306017,61
4657,4,8728,3744,4984,0,0,0,1.0,1,1.0,1,1.0,1,0.3010929491928296,62
4658,4,8732,3745,4987,0,0,0,1.0,1,1.0,1,1.0,1,0.3088069491442783,62
4659,0,8732,3745,4987,0,0,0,1.0,1,1.0,1,1.0,1,0.3209106084555584,61
4660,1,8733,3746,4987,0,0,0,1.0,1,1.0,1,1.0,1,0.3544326963928379,61
4661,0,8733,3746,4987,0,0,0,1.0,1,1.0,1,1.0,1,0.3553793502483718,61
4662,1,8734,3747,4987,0,0,0,1.0,1,1.0,1,1.0,1,0.340629520840158,62
4663,4,8738,3748,4990,0,0,0,1.0,1,1.0,1,1.0,1,0.30351714988733114,61
4664,1,8739,3749,4990,0,0,0,1.0,1,1.0,1,1.0,1,0.3121189577502455,62
4665,0,8739,3749,4990,0,0,0,1.0,1,1.0,1,1.0,1,0.3094861462389421,61
4666,8,8747,3751,4996,0,0,0,1.0,1,1.0,1,1.0,1,0.2492135413808712,61
4667,0,8747,3751,4996,0,0,0,1.0,1,1.0,1,1.0,1,0.2543789345312175,59
4668,1,8748,3752,4996,0,0,0,1.0,1,1.0,1,1.0,1,0.2575550965288918,59
4669,4,8752,3755,4997,0,0,0,1.0,1,1.0,1,1.0,1,0.24350353324386723,58
4670,5,8757,3759,4998,0,0,0,1.0,1,1.0,1,1.0,1,0.2672660411519475,57
4671,0,8757,3759,4998,0,0,0,1.0,1,1.0,1,1.0,1,0.26174727447693086,55
4672,2,8759,3760,4999,0,0,0,1.0,1,1.0,1,1.0,1,0.28498418272199183,56
4673,0,8759,3760,4999,0,0,0,1.0,1,1.0,1,1.0,1,0.2726842864339509,58
4674,3,8762,3761,5001,0,0,0,1.0,1,1.0,1,1.0,1,0.2604681701150646,58
4675,1,8763,3761,5002,0,0,0,1.0,1,1.0,1,1.0,1,0.28044046810126194,57
4676,3,8766,3762,5004,0,0,0,1.0,1,1.0,1,1.0,1,0.2773505346757771,58
4677,0,8766,3762,5004,0,0,0,1.0,1,1.0,1,1.0,1,0.2845593977889268,57
4678,2,8768,3764,5004,0,0,0,1.0,1,1.0,1,1.0,1,0.2967188758302216,57
4679,0,8768,3764,5004,0,0,0,1.0,1,1.0,1,1.0,1,0.2967188758302216,57
4680,1,8769,3765,5004,0,0,0,1.0,1,1.0,1,1.0,1,0.305380650483065,59
4681,7,8776,3766,5010,0,0,0,1.0,1,1.0,1,1.0,1,0.2508471486985202,60
4682,5,8781,3767,5014,0,0,0,1.0,1,1.0,1,1.0,1,0.21094005491584686,60
4683,1,8782,3767,5015,0,0,0,1.0,1,1.0,1,1.0,1,0.20392086327842968,60
4684,1,8783,3768,5015,0,0,0,1.0,1,1.0,1,1.0,1,0.2306496936453126,60
4685,0,8783,3768,5015,0,0,0,1.0,1,1.0,1,1.0,1,0.24150942454387878,59
4686,3,8786,3769,5017,0,0,0,1.0,1,1.0,1,1.0,1,0.25462929211887,60
4687,3,8789,3769,5020,0,0,0,1.0,1,1.0,1,1.0,1,0.22771449162440624,59
4688,3,8792,3769,5023,0,0,0,1.0,1,1.0,1,1.0,1,0.2106211215229329,59
4689,3,8795,3771,5024,0,0,0,1.0,1,1.0,1,1.0,1,0.2639427072384415,59
4690,6,8801,3772,5029,0,0,0,1.0,1,1.0,1,1.0,1,0.2623065857157844,58
4691,4,8805,3773,5032,0,0,0,1.0,1,1.0,1,1.0,1,0.26854484576583415,57
4692,2,8807,3773,5034,0,0,0,1.0,1,1.0,1,1.0,1,0.2801454009691825,58
4693,2,8809,3773,5036,0,0,0,1.0,1,1.0,1,1.0,1,0.2742751603199505,57
4694,3,8812,3774,5038,0,0,0,1.0,1,1.0,1,1.0,1,0.2791520737431345,57
4695,2,8814,3774,5040,0,0,0,1.0,1,1.0,1,1.0,1,0.30534709302156643,56
4696,4,8818,3774,5044,0,0,0,1.0,1,1.0,1,1.0,1,0.2559328764135953,57
4697,2,8820,3774,5046,0,0,0,1.0,1,1.0,1,1.0,1,0.2271854586607305,58
4698,2,8822,3774,5048,0,0,0,1.0,1,1.0,1,1.0,1,0.2275149991647176,59
4699,0,8822,3774,5048,0,0,0,1.0,1,1.0,1,1.0,1,0.2418662294872964,58
4700,2,8824,3774,5050,0,0,0,1.0,1,1.0,1,1.0,1,0.22538750206008906,59
4701,2,8826,3775,5051,0,0,0,1.0,1,1.0,1,1.0,1,0.25247929081197273,60
4702,0,8826,3775,5051,0,0,0,1.0,1,1.0,1,1.0,1,0.26068606306207126,61
4703,3,8829,3777,5052,0,0,0,1.0,1,1.0,1,1.0,1,0.27218952492704074,59
4704,2,8831,3779,5052,0,0,0,1.0,1,1.0,1,1.0,1,0.2852771830381706,58
4705,5,8836,3781,5055,0,0,0,1.0,1,1.0,1,1.0,1,0.277692750337349,58
4706,4,8840,3782,5058,0,0,0,1.0,1,1.0,1,1.0,1,0.28886217152171806,60
4707,2,8842,3784,5058,0,0,0,1.0,1,1.0,1,1.0,1,0.32359545907371307,57
4708,2,8844,3784,5060,0,0,0,1.0,1,1.0,1,1.0,1,0.3110891082829781,57
4709,3,8847,3786,5061,0,0,0,1.0,1,1.0,1,1.0,1,0.32170491362427256,55
4710,0,8847,3786,5061,0,0,0,1.0,1,1.0,1,1.0,1,0.3201883965343716,53
4711,5,8852,3787,5065,0,0,0,1.0,1,1.0,1,1.0,1,0.23594466752723547,52
4712,2,8854,3789,5065,0,0,0,1.0,1,1.0,1,1.0,1,0.23434332664992064,52
4713,1,8855,3790,5065,0,0,0,1.0,1,1.0,1,1.0,1,0.23706456772173148,51
4714,0,8855,3790,5065,0,0,0,1.0,1,1.0,1,1.0,1,0.2335088010673021,50
4715,2,8857,3792,5065,0,0,0,1.0,1,1.0,1,1.0,1,0.25519501224656876,50
4716,1,8858,3793,5065,0,0,0,1.0,1,1.0,1,1.0,1,0.2674938656615692,49
4717,3,8861,3795,5066,0,0,0,1.0,1,1.0,1,1.0,1,0.2963109773047885,49
4718,0,8861,3795,5066,0,0,0,1.0,1,1.0,1,1.0,1,0.3057642773961427,50
4719,1,8862,3795,5067,0,0,0,1.0,1,1.0,1,1.0,1,0.289374588976214,49
4720,1,8863,3795,5068,0,0,0,1.0,1,1.0,1,1.0,1,0.26932094958559655,49
4721,1,8864,3795,5069,0,0,0,1.0,1,1.0,1,1.0,1,0.2590547871656209,50
4722,2,8866,3796,5070,0,0,0,1.0,1,1.0,1,1.0,1,0.2938725743607121,51
4723,1,8867,3797,5070,0,0,0,1.0,1,1.0,1,1.0,1,0.29413123827178356,50
4724,2,8869,3798,5071,0,0,0,1.0,1,1.0,1,1.0,1,0.2698739241005253,50
4725,3,8872,3800,5072,0,0,0,1.0,1,1.0,1,1.0,1,0.28257649842034405,52
4726,5,8877,3800,5077,0,0,0,1.0,1,1.0,1,1.0,1,0.26433504898162485,51
4727,1,8878,3800,5078,0,0,0,1.0,1,1.0,1,1.0,1,0.2546260075266813,52
4728,2,8880,3801,5079,0,0,0,1.0,1,1.0,1,1.0,1,0.26106548841262833,52
4729,2,8882,3802,5080,0,0,0,1.0,1,1.0,1,1.0,1,0.2805066312631732,52
4730,4,8886,3803,5083,0,0,0,1.0,1,1.0,1,1.0,1,0.3268544909221388,50
4731,3,8889,3804,5085,0,0,0,1.0,1,1.0,1,1.0,1,0.3230692167100853,51
4732,1,8890,3805,5085,0,0,0,1.0,1,1.0,1,1.0,1,0.3419533330011754,52
4733,6,8896,3806,5090,0,0,0,1.0,1,1.0,1,1.0,1,0.31485458023634527,53
4734,3,8899,3807,5092,0,0,0,1.0,1,1.0,1,1.0,1,0.3456540786117291,53
4735,3,8902,3808,5094,0,0,0,1.0,1,1.0,1,1.0,1,0.3473154619251913,53
4736,2,8904,3808,5096,0,0,0,1.0,1,1.0,1,1.0,1,0.3409778173495475,55
4737,2,8906,3808,5098,0,0,0,1.0,1,1.0,1,1.0,1,0.3468653367049339,57
4738,3,8909,3808,5101,0,0,0,1.0,1,1.0,1,1.0,1,0.339473382461509,57
4739,1,8910,3808,5102,0,0,0,1.0,1,1.0,1,1.0,1,0.3468653367049339,57
4740,2,8912,3808,5104,0,0,0,1.0,1,1.0,1,1.0,1,0.3326867293209088,57
4741,5,8917,3808,5109,0,0,0,1.0,1,1.0,1,1.0,1,0.2860768054033923,58
4742,2,8919,3810,5109,0,0,0,1.0,1,1.0,1,1.0,1,0.30370732493532815,58
4743,1,8920,3810,5110,0,0,0,1.0,1,1.0,1,1.0,1,0.26366704618922443,56
4744,2,8922,3812,5110,0,0,0,1.0,1,1.0,1,1.0,1,0.28464437164841055,57
4745,2,8924,3813,5111,0,0,0,1.0,1,1.0,1,1.0,1,0.27057424805414293,56
4746,3,8927,3815,5112,0,0,0,1.0,1,1.0,1,1.0,1,0.2974344466975703,56
4747,2,8929,3816,5113,0,0,0,1.0,1,1.0,1,1.0,1,0.2914595547433651,55
4748,4,8933,3819,5114,0,0,0,1.0,1,1.0,1,1.0,1,0.2951242462011078,55
4749,3,8936,3820,5116,0,0,0,1.0,1,1.0,1,1.0,1,0.2691731223266458,54
4750,3,8939,3822,5117,0,0,0,1.0,1,1.0,1,1.0,1,0.2675235537678892,53
4751,3,8942,3824,5118,0,0,0,1.0,1,1.0,1,1.0,1,0.31756446570198144,53
4752,2,8944,3825,5119,0,0,0,1.0,1,1.0,1,1.0,1,0.2557410855768674,53
4753,0,8944,3825,5119,0,0,0,1.0,1,1.0,1,1.0,1,0.2730452087084837,52
4754,2,8946,3826,5120,0,0,0,1.0,1,1.0,1,1.0,1,0.299221758322733,52
4755,1,8947,3826,5121,0,0,0,1.0,1,1.0,1,1.0,1,0.297369842616476,51
4756,5,8952,3826,5126,0,0,0,1.0,1,1.0,1,1.0,1,0.23635818811897985,52
4757,1,8953,3826,5127,0,0,0,1.0,1,1.0,1,1.0,1,0.208860421086639,51
4758,0,8953,3826,5127,0,0,0,1.0,1,1.0,1,1.0,1,0.208860421086639,51
4759,1,8954,3826,5128,0,0,0,1.0,1,1.0,1,1.0,1,0.19068109693480031,51
4760,1,8955,3826,5129,0,0,0,1.0,1,1.0,1,1.0,1,0.17936506719577555,52
4761,2,8957,3827,5130,0,0,0,1.0,1,1.0,1,1.0,1,0.21038742207333638,50
4762,1,8958,3828,5130,0,0,0,1.0,1,1.0,1,1.0,1,0.22192140053705792,51
4763,2,8960,3830,5130,0,0,0,1.0,1,1.0,1,1.0,1,0.27358986550745434,51
4764,9,8969,3833,5136,0,0,0,1.0,1,1.0,1,1.0,1,0.26236517029642964,53
4765,6,8975,3834,5141,0,0,0,1.0,1,1.0,1,1.0,1,0.22702941976851215,53
4766,1,8976,3835,5141,0,0,0,1.0,1,1.0,1,1.0,1,0.24160566969399064,55
4767,2,8978,3836,5142,0,0,0,1.0,1,1.0,1,1.0,1,0.23235869388768957,56
4768,1,8979,3836,5143,0,0,0,1.0,1,1.0,1,1.0,1,0.21762755550654736,56
4769,1,8980,3836,5144,0,0,0,1.0,1,1.0,1,1.0,1,0.2220046110189651,56
4770,4,8984,3837,5147,0,0,0,1.0,1,1.0,1,1.0,1,0.20583669243125924,56
4771,2,8986,3837,5149,0,0,0,1.0,1,1.0,1,1.0,1,0.17970326610831458,55
4772,2,8988,3837,5151,0,0,0,1.0,1,1.0,1,1.0,1,0.15613442526708746,56
4773,0,8988,3837,5151,0,0,0,1.0,1,1.0,1,1.0,1,0.15613442526708746,56
4774,3,8991,3838,5153,0,0,0,1.0,1,1.0,1,1.0,1,0.15163666044672297,58
4775,0,8991,3838,5153,0,0,0,1.0,1,1.0,1,1.0,1,0.15507411059049392,59
4776,1,8992,3838,5154,0,0,0,1.0,1,1.0,1,1.0,1,0.1412686472874342,59
4777,2,8994,3839,5155,0,0,0,1.0,1,1.0,1,1.0,1,0.1361362207721682,60
4778,2,8996,3840,5156,0,0,0,1.0,1,1.0,1,1.0,1,0.14276926467596485,60
4779,0,8996,3840,5156,0,0,0,1.0,1,1.0,1,1.0,1,0.1468705509126935,61
4780,0,8996,3840,5156,0,0,0,1.0,1,1.0,1,1.0,1,0.16447573098816895,63
4781,0,8996,3840,5156,0,0,0,1.0,1,1.0,1,1.0,1,0.1599081298883197,62
4782,2,8998,3841,5157,0,0,0,1.0,1,1.0,1,1.0,1,0.179509272333591,63
4783,2,9000,3842,5158,0,0,0,1.0,1,1.0,1,1.0,1,0.16153589283314945,62
4784,4,9004,3845,5159,0,0,0,1.0,1,1.0,1,1.0,1,0.22748622382974204,62
4785,5,9009,3847,5162,0,0,0,1.0,1,1.0,1,1.0,1,0.20010875735999836,62
4786,8,9017,3850,5167,0,0,0,1.0,1,1.0,1,1.0,1,0.12024980746347465,63
4787,2,9019,3851,5168,0,0,0,1.0,1,1.0,1,1.0,1,0.09774395659404128,62
4788,0,9019,3851,5168,0,0,0,1.0,1,1.0,1,1.0,1,0.09774395659404128,62
4789,2,9021,3853,5168,0,0,0,1.0,1,1.0,1,1.0,1,0.1254965221578593,60
4790,3,9024,3855,5169,0,0,0,1.0,1,1.0,1,1.0,1,0.1494944618801933,61
4791,3,9027,3857,5170,0,0,0,1.0,1,1.0,1,1.0,1,0.1871180373123989,60
4792,5,9032,3860,5172,0,0,0,1.0,1,1.0,1,1.0,1,0.23860870714965132,60
4793,6,9038,3863,5175,0,0,0,1.0,1,1.0,1,1.0,1,0.2571444169489579,61
4794,4,9042,3864,5178,0,0,0,1.0,1,1.0,1,1.0,1,0.21240217345404666,59
4795,3,9045,3865,5180,0,0,0,1.0,1,1.0,1,1.0,1,0.1765891230350947,61
4796,4,9049,3868,5181,0,0,0,1.0,1,1.0,1,1.0,1,0.20364587233400494,59
4797,0,9049,3868,5181,0,0,0,1.0,1,1.0,1,1.0,1,0.23519178765094928,58
4798,3,9052,3869,5183,0,0,0,1.0,1,1.0,1,1.0,1,0.23067630639820672,59
4799,2,9054,3869,5185,0,0,0,1.0,1,1.0,1,1.0,1,0.20652735585694926,57
4800,2,9056,3870,5186,0,0,0,1.0,1,1.0,1,1.0,1,0.23602462593121987,58
4801,8,9064,3872,5192,0,0,0,1.0,1,1.0,1,1.0,1,0.13068550483331653,57
4802,2,9066,3873,5193,0,0,0,1.0,1,1.0,1,1.0,1,0.13035382120950464,57
4803,2,9068,3874,5194,0,0,0,1.0,1,1.0,1,1.0,1,0.13085609314148292,56
4804,0,9068,3874,5194,0,0,0,1.0,1,1.0,1,1.0,1,0.15328296767441146,54
4805,1,9069,3874,5195,0,0,0,1.0,1,1.0,1,1.0,1,0.1498538188381463,56
4806,1,9070,3874,5196,0,0,0,1.0,1,1.0,1,1.0,1,0.15633570688864168,55
4807,1,9071,3874,5197,0,0,0,1.0,1,1.0,1,1.0,1,0.15957497540058452,54
4808,0,9071,3874,5197,0,0,0,1.0,1,1.0,1,1.0,1,0.19673776690658998,53
4809,2,9073,3875,5198,0,0,0,1.0,1,1.0,1,1.0,1,0.1938875855403855,53
4810,0,9073,3875,5198,0,0,0,1.0,1,1.0,1,1.0,1,0.2141011936207227,51
4811,2,9075,3876,5199,0,0,0,1.0,1,1.0,1,1.0,1,0.17868102034076272,52
4812,1,9076,3877,5199,0,0,0,1.0,1,1.0,1,1.0,1,0.17937888204939018,52
4813,1,9077,3877,5200,0,0,0,1.0,1,1.0,1,1.0,1,0.16895348819482367,52
4814,2,9079,3879,5200,0,0,0,1.0,1,1.0,1,1.0,1,0.1318951645481819,53
4815,4,9083,3883,5200,0,0,0,1.0,1,1.0,1,1.0,1,0.18629515636517535,54
4816,3,9086,3885,5201,0,0,0,1.0,1,1.0,1,1.0,1,0.1457477708106724,54
4817,6,9092,3888,5204,0,0,0,1.0,1,1.0,1,1.0,1,0.17699359892977842,55
4818,2,9094,3890,5204,0,0,0,1.0,1,1.0,1,1.0,1,0.1759160296636978,55
4819,2,9096,3892,5204,0,0,0,1.0,1,1.0,1,1.0,1,0.19970295513154543,55
4820,3,9099,3893,5206,0,0,0,1.0,1,1.0,1,1.0,1,0.21016847672048958,55
4821,4,9103,3895,5208,0,0,0,1.0,1,1.0,1,1.0,1,0.21910936609469744,55
4822,0,9103,3895,5208,0,0,0,1.0,1,1.0,1,1.0,1,0.20997610637890762,54
4823,1,9104,3895,5209,0,0,0,1.0,1,1.0,1,1.0,1,0.16896308335078614,54
4824,2,9106,3897,5209,0,0,0,1.0,1,1.0,1,1.0,1,0.14057261387080194,55
4825,1,9107,3898,5209,0,0,0,1.0,1,1.0,1,1.0,1,0.12958934336733827,53
4826,4,9111,3901,5210,0,0,0,1.0,1,1.0,1,1.0,1,0.15660725498436606,54
4827,2,9113,3902,5211,0,0,0,1.0,1,1.0,1,1.0,1,0.11531969143252407,53
4828,1,9114,3902,5212,0,0,0,1.0,1,1.0,1,1.0,1,0.11451389643830187,54
4829,0,9114,3902,5212,0,0,0,1.0,1,1.0,1,1.0,1,0.1185005806222145,54
4830,0,9114,3902,5212,0,0,0,1.0,1,1.0,1,1.0,1,0.1426839573808026,53
4831,0,9114,3902,5212,0,0,0,1.0,1,1.0,1,1.0,1,0.13613523894920523,52
4832,0,9114,3902,5212,0,0,0,1.0,1,1.0,1,1.0,1,0.15570034820736323,50
4833,1,9115,3903,5212,0,0,0,1.0,1,1.0,1,1.0,1,0.1837285404422625,51
4834,5,9120,3906,5214,0,0,0,1.0,1,1.0,1,1.0,1,0.199125499720066,51
4835,1,9121,3906,5215,0,0,0,1.0,1,1.0,1,1.0,1,0.1885262295429335,50
4836,2,9123,3908,5215,0,0,0,1.0,1,1.0,1,1.0,1,0.2665421859858399,50
4837,2,9125,3909,5216,0,0,0,1.0,1,1.0,1,1.0,1,0.25899048144080794,46
4838,3,9128,3912,5216,0,0,0,1.0,1,1.0,1,1.0,1,0.29804372397409024,47
4839,3,9131,3914,5217,0,0,0,1.0,1,1.0,1,1.0,1,0.2936565365354807,45
4840,3,9134,3916,5218,0,0,0,1.0,1,1.0,1,1.0,1,0.3110989825720969,45
4841,1,9135,3917,5218,0,0,0,1.0,1,1.0,1,1.0,1,0.3105685484085128,43
4842,2,9137,3919,5218,0,0,0,1.0,1,1.0,1,1.0,1,0.35184362097461974,43
4843,2,9139,3919,5220,0,0,0,1.0,1,1.0,1,1.0,1,0.3162782643972345,44
4844,0,9139,3919,5220,0,0,0,1.0,1,1.0,1,1.0,1,0.3263531128843671,43
4845,7,9146,3923,5223,0,0,0,1.0,1,1.0,1,1.0,1,0.32159086282849897,44
4846,6,9152,3923,5229,0,0,0,1.0,1,1.0,1,1.0,1,0.2174772458738623,43
4847,1,9153,3924,5229,0,0,0,1.0,1,1.0,1,1.0,1,0.2185064049068612,42
4848,1,9154,3925,5229,0,0,0,1.0,1,1.0,1,1.0,1,0.22822936679574032,41
4849,1,9155,3926,5229,0,0,0,1.0,1,1.0,1,1.0,1,0.26822613737291556,41
4850,1,9156,3926,5230,0,0,0,1.0,1,1.0,1,1.0,1,0.26796739084765886,41
4851,0,9156,3926,5230,0,0,0,1.0,1,1.0,1,1.0,1,0.26796739084765886,41
4852,1,9157,3927,5230,0,0,0,1.0,1,1.0,1,1.0,1,0.28350063282121446,43
4853,1,9158,3928,5230,0,0,0,1.0,1,1.0,1,1.0,1,0.29200406359849873,44
4854,1,9159,3929,5230,0,0,0,1.0,1,1.0,1,1.0,1,0.3347183467433407,45
4855,0,9159,3929,5230,0,0,0,1.0,1,1.0,1,1.0,1,0.3179234358065413,44
4856,0,9159,3929,5230,0,0,0,1.0,1,1.0,1,1.0,1,0.3179234358065413,44
4857,1,9160,3929,5231,0,0,0,1.0,1,1.0,1,1.0,1,0.2950284564935289,44
4858,0,9160,3929,5231,0,0,0,1.0,1,1.0,1,1.0,1,0.30917189561275904,45
4859,0,9160,3929,5231,0,0,0,1.0,1,1.0,1,1.0,1,0.3126224634198648,46
4860,0,9160,3929,5231,0,0,0,1.0,1,1.0,1,1.0,1,0.3126224634198648,46
4861,3,9163,3929,5234,0,0,0,1.0,1,1.0,1,1.0,1,0.28815772491476754,46
4862,2,9165,3929,5236,0,0,0,1.0,1,1.0,1,1.0,1,0.2825121854698115,47
4863,2,9167,3930,5237,0,0,0,1.0,1,1.0,1,1.0,1,0.28981891642826857,47
4864,1,9168,3930,5238,0,0,0,1.0,1,1.0,1,1.0,1,0.2922712855045544,47
4865,2,9170,3930,5240,0,0,0,1.0,1,1.0,1,1.0,1,0.26435677864661566,48
4866,3,9173,3930,5243,0,0,0,1.0,1,1.0,1,1.0,1,0.2510883982256613,49
4867,2,9175,3930,5245,0,0,0,1.0,1,1.0,1,1.0,1,0.22656151220115298,50
4868,1,9176,3930,5246,0,0,0,1.0,1,1.0,1,1.0,1,0.20720787485683323,50
4869,0,9176,3930,5246,0,0,0,1.0,1,1.0,1,1.0,1,0.20720787485683323,50
4870,3,9179,3932,5247,0,0,0,1.0,1,1.0,1,1.0,1,0.21235132213014335,52
4871,2,9181,3932,5249,0,0,0,1.0,1,1.0,1,1.0,1,0.18338068989058898,52
4872,1,9182,3933,5249,0,0,0,1.0,1,1.0,1,1.0,1,0.19645009606106717,53
4873,2,9184,3934,5250,0,0,0,1.0,1,1.0,1,1.0,1,0.22165097335149916,55
4874,3,9187,3935,5252,0,0,0,1.0,1,1.0,1,1.0,1,0.23474984592627657,56
4875,10,9197,3936,5261,0,0,0,1.0,1,1.0,1,1.0,1,0.19754243762146748,55
4876,6,9203,3938,5265,0,0,0,1.0,1,1.0,1,1.0,1,0.19774171490049736,55
4877,3,9206,3941,5265,0,0,0,1.0,1,1.0,1,1.0,1,0.2461698975507827,54
4878,2,9208,3942,5266,0,0,0,1.0,1,1.0,1,1.0,1,0.22442757950989978,53
4879,2,9210,3943,5267,0,0,0,1.0,1,1.0,1,1.0,1,0.22585598259557974,54
4880,2,9212,3944,5268,0,0,0,1.0,1,1.0,1,1.0,1,0.21574804047382176,54
4881,1,9213,3945,5268,0,0,0,1.0,1,1.0,1,1.0,1,0.22219033108581346,53
4882,5,9218,3946,5272,0,0,0,1.0,1,1.0,1,1.0,1,0.22618314126485334,53
4883,1,9219,3946,5273,0,0,0,1.0,1,1.0,1,1.0,1,0.2351017455712309,53
4884,2,9221,3947,5274,0,0,0,1.0,1,1.0,1,1.0,1,0.2560179839469255,51
4885,1,9222,3948,5274,0,0,0,1.0,1,1.0,1,1.0,1,0.2757648372401802,50
4886,0,9222,3948,5274,0,0,0,1.0,1,1.0,1,1.0,1,0.27399953382675163,48
4887,0,9222,3948,5274,0,0,0,1.0,1,1.0,1,1.0,1,0.27399953382675163,48
4888,4,9226,3949,5277,0,0,0,1.0,1,1.0,1,1.0,1,0.29861573591807195,48
4889,1,9227,3949,5278,0,0,0,1.0,1,1.0,1,1.0,1,0.28653291116062174,48
4890,2,9229,3950,5279,0,0,0,1.0,1,1.0,1,1.0,1,0.2846681572891327,49
4891,5,9234,3951,5283,0,0,0,1.0,1,1.0,1,1.0,1,0.28143732291757184,50
4892,0,9234,3951,5283,0,0,0,1.0,1,1.0,1,1.0,1,0.2932287291780196,49
4893,0,9234,3951,5283,0,0,0,1.0,1,1.0,1,1.0,1,0.30318856226162105,50
4894,2,9236,3951,5285,0,0,0,1.0,1,1.0,1,1.0,1,0.2587859971408386,51
4895,2,9238,3951,5287,0,0,0,1.0,1,1.0,1,1.0,1,0.24456338560242435,52
4896,0,9238,3951,5287,0,0,0,1.0,1,1.0,1,1.0,1,0.24565118492791221,53
4897,1,9239,3951,5288,0,0,0,1.0,1,1.0,1,1.0,1,0.23330783406413297,53
4898,1,9240,3952,5288,0,0,0,1.0,1,1.0,1,1.0,1,0.21716845859829487,53
4899,3,9243,3953,5290,0,0,0,1.0,1,1.0,1,1.0,1,0.18237281787342804,55
4900,0,9243,3953,5290,0,0,0,1.0,1,1.0,1,1.0,1,0.18237281787342804,55
4901,1,9244,3954,5290,0,0,0,1.0,1,1.0,1,1.0,1,0.1978822755524006,56
4902,5,9249,3956,5293,0,0,0,1.0,1,1.0,1,1.0,1,0.21569811885083984,58
4903,5,9254,3960,5294,0,0,0,1.0,1,1.0,1,1.0,1,0.22526354234636814,58
4904,2,9256,3962,5294,0,0,0,1.0,1,1.0,1,1.0,1,0.22079690728385098,57
4905,0,9256,3962,5294,0,0,0,1.0,1,1.0,1,1.0,1,0.2352298831263282,54
4906,2,9258,3963,5295,0,0,0,1.0,1,1.0,1,1.0,1,0.25050232999842503,55
4907,0,9258,3963,5295,0,0,0,1.0,1,1.0,1,1.0,1,0.2757934849675386,52
4908,7,9265,3965,5300,0,0,0,1.0,1,1.0,1,1.0,1,0.22358906846399132,53
4909,0,9265,3965,5300,0,0,0,1.0,1,1.0,1,1.0,1,0.22413801072365522,52
4910,0,9265,3965,5300,0,0,0,1.0,1,1.0,1,1.0,1,0.23894110097742174,53
4911,1,9266,3965,5301,0,0,0,1.0,1,1.0,1,1.0,1,0.23814737118066734,55
4912,1,9267,3966,5301,0,0,0,1.0,1,1.0,1,1.0,1,0.26154638015707693,54
4913,2,9269,3966,5303,0,0,0,1.0,1,1.0,1,1.0,1,0.2193396726594795,53
4914,0,9269,3966,5303,0,0,0,1.0,1,1.0,1,1.0,1,0.2252864812293378,53
4915,3,9272,3968,5304,0,0,0,1.0,1,1.0,1,1.0,1,0.22409572153023838,54
4916,0,9272,3968,5304,0,0,0,1.0,1,1.0,1,1.0,1,0.24656409364495982,52
4917,1,9273,3969,5304,0,0,0,1.0,1,1.0,1,1.0,1,0.2439996164597123,52
4918,2,9275,3970,5305,0,0,0,1.0,1,1.0,1,1.0,1,0.24088210681010913,51
4919,0,9275,3970,5305,0,0,0,1.0,1,1.0,1,1.0,1,0.25957178099525574,50
4920,0,9275,3970,5305,0,0,0,1.0,1,1.0,1,1.0,1,0.25887258007184755,51
4921,1,9276,3971,5305,0,0,0,1.0,1,1.0,1,1.0,1,0.2618053243244716,51
4922,3,9279,3972,5307,0,0,0,1.0,1,1.0,1,1.0,1,0.27335427232182374,53
4923,1,9280,3973,5307,0,0,0,1.0,1,1.0,1,1.0,1,0.2611838985008482,53
4924,2,9282,3974,5308,0,0,0,1.0,1,1.0,1,1.0,1,0.2502088642860804,55
4925,2,9284,3976,5308,0,0,0,1.0,1,1.0,1,1.0,1,0.2495099023117236,56
4926,1,9285,3976,5309,0,0,0,1.0,1,1.0,1,1.0,1,0.2176236638817356,55
4927,3,9288,3978,5310,0,0,0,1.0,1,1.0,1,1.0,1,0.23385366266574092,55
4928,1,9289,3978,5311,0,0,0,1.0,1,1.0,1,1.0,1,0.2211595952118002,55
4929,2,9291,3978,5313,0,0,0,1.0,1,1.0,1,1.0,1,0.19459043160003692,56
4930,2,9293,3979,5314,0,0,0,1.0,1,1.0,1,1.0,1,0.22378070790060736,58
4931,1,9294,3979,5315,0,0,0,1.0,1,1.0,1,1.0,1,0.202775780289613,59
4932,1,9295,3979,5316,0,0,0,1.0,1,1.0,1,1.0,1,0.21156459404972017,60
4933,1,9296,3979,5317,0,0,0,1.0,1,1.0,1,1.0,1,0.19301918188445966,60
4934,0,9296,3979,5317,0,0,0,1.0,1,1.0,1,1.0,1,0.19301918188445966,60
4935,0,9296,3979,5317,0,0,0,1.0,1,1.0,1,1.0,1,0.19301918188445966,60
4936,1,9297,3979,5318,0,0,0,1.0,1,1.0,1,1.0,1,0.16230051771043252,61
4937,0,9297,3979,5318,0,0,0,1.0,1,1.0,1,1.0,1,0.17693688665337057,62
4938,0,9297,3979,5318,0,0,0,1.0,1,1.0,1,1.0,1,0.17693688665337057,62
4939,3,9300,3982,5318,0,0,0,1.0,1,1.0,1,1.0,1,0.2130302319545867,64
4940,4,9304,3982,5322,0,0,0,1.0,1,1.0,1,1.0,1,0.18778750375901482,67
4941,1,9305,3982,5323,0,0,0,1.0,1,1.0,1,1.0,1,0.18141255462512015,66
4942,3,9308,3984,5324,0,0,0,1.0,1,1.0,1,1.0,1,0.19180354871474128,67
4943,2,9310,3985,5325,0,0,0,1.0,1,1.0,1,1.0,1,0.20578672788937444,65
4944,3,9313,3987,5326,0,0,0,1.0,1,1.0,1,1.0,1,0.21192242526478244,65
4945,3,9316,3989,5327,0,0,0,1.0,1,1.0,1,1.0,1,0.22633415050657998,62
4946,2,9318,3991,5327,0,0,0,1.0,1,1.0,1,1.0,1,0.24641427843372654,61
4947,1,9319,3991,5328,0,0,0,1.0,1,1.0,1,1.0,1,0.2381356641236999,59
4948,5,9324,3994,5330,0,0,0,1.0,1,1.0,1,1.0,1,0.27081062407966205,59
4949,1,9325,3994,5331,0,0,0,1.0,1,1.0,1,1.0,1,0.27312931985479016,57
4950,10,9335,4001,5334,0,0,0,1.0,1,1.0,1,1.0,1,0.24168531358357775,58
4951,6,9341,4005,5336,0,0,0,1.0,1,1.0,1,1.0,1,0.20976726727534345,55
4952,4,9345,4008,5337,0,0,0,1.0,1,1.0,1,1.0,1,0.25022978162109566,53
4953,3,9348,4010,5338,0,0,0,1.0,1,1.0,1,1.0,1,0.24506217808447558,54
4954,0,9348,4010,5338,0,0,0,1.0,1,1.0,1,1.0,1,0.2206516206346017,52
4955,4,9352,4012,5340,0,0,0,1.0,1,1.0,1,1.0,1,0.21273652528156684,51
4956,0,9352,4012,5340,0,0,0,1.0,1,1.0,1,1.0,1,0.2491094571420304,47
4957,1,9353,4012,5341,0,0,0,1.0,1,1.0,1,1.0,1,0.23590584641114437,48
4958,0,9353,4012,5341,0,0,0,1.0,1,1.0,1,1.0,1,0.22607290408285427,47
4959,0,9353,4012,5341,0,0,0,1.0,1,1.0,1,1.0,1,0.22607290408285427,47
4960,1,9354,4012,5342,0,0,0,1.0,1,1.0,1,1.0,1,0.22108294457684347,48
4961,0,9354,4012,5342,0,0,0,1.0,1,1.0,1,1.0,1,0.2058781616824942,49
4962,0,9354,4012,5342,0,0,0,1.0,1,1.0,1,1.0,1,0.2058781616824942,49
4963,1,9355,4012,5343,0,0,0,1.0,1,1.0,1,1.0,1,0.2064907879490516,51
4964,2,9357,4014,5343,0,0,0,1.0,1,1.0,1,1.0,1,0.22245310314018868,51
4965,1,9358,4015,5343,0,0,0,1.0,1,1.0,1,1.0,1,0.2426173074245747,51
4966,5,9363,4015,5348,0,0,0,1.0,1,1.0,1,1.0,1,0.17536226048415673,51
4967,6,9369,4018,5351,0,0,0,1.0,1,1.0,1,1.0,1,0.1853834996656717,51
4968,3,9372,4020,5352,0,0,0,1.0,1,1.0,1,1.0,1,0.18675088189047362,52
4969,2,9374,4021,5353,0,0,0,1.0,1,1.0,1,1.0,1,0.20311726667849708,53
4970,3,9377,4023,5354,0,0,0,1.0,1,1.0,1,1.0,1,0.2540458004738698,54
4971,4,9381,4023,5358,0,0,0,1.0,1,1.0,1,1.0,1,0.2338177198639422,55
4972,6,9387,4024,5363,0,0,0,1.0,1,1.0,1,1.0,1,0.28224583613617243,56
4973,5,9392,4025,5367,0,0,0,1.0,1,1.0,1,1.0,1,0.27467477504803495,57
4974,5,9397,4025,5372,0,0,0,1.0,1,1.0,1,1.0,1,0.3034772385635164,56
4975,8,9405,4025,5380,0,0,0,1.0,1,1.0,1,1.0,1,0.24665533531430772,57
4976,7,9412,4025,5387,0,0,0,1.0,1,1.0,1,1.0,1,0.2525472749599855,57
4977,4,9416,4025,5391,0,0,0,1.0,1,1.0,1,1.0,1,0.25022020078505164,57
4978,8,9424,4027,5397,0,0,0,1.0,1,1.0,1,1.0,1,0.23349910926879458,58
4979,7,9431,4028,5403,0,0,0,1.0,1,1.0,1,1.0,1,0.23012681159466425,58
4980,3,9434,4029,5405,0,0,0,1.0,1,1.0,1,1.0,1,0.2372947359663408,59
4981,5,9439,4030,5409,0,0,0,1.0,1,1.0,1,1.0,1,0.1886269036517847,60
4982,0,9439,4030,5409,0,0,0,1.0,1,1.0,1,1.0,1,0.17606036224934563,61
4983,2,9441,4032,5409,0,0,0,1.0,1,1.0,1,1.0,1,0.16373025241185987,61
4984,0,9441,4032,5409,0,0,0,1.0,1,1.0,1,1.0,1,0.17304473491688138,59
4985,1,9442,4032,5410,0,0,0,1.0,1,1.0,1,1.0,1,0.1978895855000416,58
4986,2,9444,4034,5410,0,0,0,1.0,1,1.0,1,1.0,1,0.19002705743689985,59
4987,0,9444,4034,5410,0,0,0,1.0,1,1.0,1,1.0,1,0.20254149245666384,58
4988,2,9446,4036,5410,0,0,0,1.0,1,1.0,1,1.0,1,0.22655045887743386,57
4989,3,9449,4038,5411,0,0,0,1.0,1,1.0,1,1.0,1,0.2076339308874582,54
4990,2,9451,4039,5412,0,0,0,1.0,1,1.0,1,1.0,1,0.20798690166247058,53
4991,3,9454,4042,5412,0,0,0,1.0,1,1.0,1,1.0,1,0.2710028005059029,52
4992,3,9457,4044,5413,0,0,0,1.0,1,1.0,1,1.0,1,0.2679559995800085,48
4993,2,9459,4044,5415,0,0,0,1.0,1,1.0,1,1.0,1,0.2530973137867572,48
4994,0,9459,4044,5415,0,0,0,1.0,1,1.0,1,1.0,1,0.2448232249300629,45
4995,1,9460,4045,5415,0,0,0,1.0,1,1.0,1,1.0,1,0.2556349005003349,45
4996,4,9464,4046,5418,0,0,0,1.0,1,1.0,1,1.0,1,0.16344847617433958,45
4997,2,9466,4047,5419,0,0,0,1.0,1,1.0,1,1.0,1,0.1713163925889311,42
4998,3,9469,4048,5421,0,0,0,1.0,1,1.0,1,1.0,1,0.1741706645142333,44
4999,5,9474,4051,5423,0,0,0,1.0,1,1.0,1,1.0,1,0.236117855731707,44
5000,1,9475,4051,5424,0,0,0,1.0,1,1.0,1,1.0,1,0.2256224237390795,42
5001,0,9475,4051,5424,0,0,0,1.0,1,1.0,1,1.0,1,0.21809540110372172,42
5002,2,9477,4053,5424,0,0,0,1.0,1,1.0,1,1.0,1,0.2351137524435379,41
5003,0,9477,4053,5424,0,0,0,1.0,1,1.0,1,1.0,1,0.2545288917138901,41
5004,0,9477,4053,5424,0,0,0,1.0,1,1.0,1,1.0,1,0.27958721300087197,41
5005,0,9477,4053,5424,0,0,0,1.0,1,1.0,1,1.0,1,0.27958721300087197,41
5006,0,9477,4053,5424,0,0,0,1.0,1,1.0,1,1.0,1,0.2950420031341138,42
5007,1,9478,4053,5425,0,0,0,1.0,1,1.0,1,1.0,1,0.2906302805467257,43
5008,0,9478,4053,5425,0,0,0,1.0,1,1.0,1,1.0,1,0.2614096158281691,46
5009,0,9478,4053,5425,0,0,0,1.0,1,1.0,1,1.0,1,0.2614096158281691,46
5010,0,9478,4053,5425,0,0,0,1.0,1,1.0,1,1.0,1,0.28156498363989324,46
5011,4,9482,4053,5429,0,0,0,1.0,1,1.0,1,1.0,1,0.21736785534179168,47
5012,0,9482,4053,5429,0,0,0,1.0,1,1.0,1,1.0,1,0.22118191481048705,48
5013,0,9482,4053,5429,0,0,0,1.0,1,1.0,1,1.0,1,0.22118191481048705,48
5014,0,9482,4053,5429,0,0,0,1.0,1,1.0,1,1.0,1,0.21775724586979733,49
5015,1,9483,4053,5430,0,0,0,1.0,1,1.0,1,1.0,1,0.1997155357839431,50
5016,2,9485,4054,5431,0,0,0,1.0,1,1.0,1,1.0,1,0.24722871995609277,51
5017,3,9488,4055,5433,0,0,0,1.0,1,1.0,1,1.0,1,0.24271814063786357,51
5018,1,9489,4056,5433,0,0,0,1.0,1,1.0,1,1.0,1,0.22710024611544075,51
5019,3,9492,4058,5434,0,0,0,1.0,1,1.0,1,1.0,1,0.26330637636648796,51
5020,0,9492,4058,5434,0,0,0,1.0,1,1.0,1,1.0,1,0.26330637636648796,51
5021,3,9495,4058,5437,0,0,0,1.0,1,1.0,1,1.0,1,0.23726783498212037,52
5022,2,9497,4060,5437,0,0,0,1.0,1,1.0,1,1.0,1,0.24250345539071436,52
5023,3,9500,4063,5437,0,0,0,1.0,1,1.0,1,1.0,1,0.2721881341555041,52
5024,4,9504,4066,5438,0,0,0,1.0,1,1.0,1,1.0,1,0.30401690971110396,51
5025,0,9504,4066,5438,0,0,0,1.0,1,1.0,1,1.0,1,0.2917882462331762,50
5026,2,9506,4067,5439,0,0,0,1.0,1,1.0,1,1.0,1,0.2819150052394785,49
5027,2,9508,4068,5440,0,0,0,1.0,1,1.0,1,1.0,1,0.2877084163280882,47
5028,2,9510,4070,5440,0,0,0,1.0,1,1.0,1,1.0,1,0.3481023119787294,47
5029,2,9512,4071,5441,0,0,0,1.0,1,1.0,1,1.0,1,0.3362000076879568,46
5030,1,9513,4071,5442,0,0,0,1.0,1,1.0,1,1.0,1,0.3195484006857998,48
5031,1,9514,4072,5442,0,0,0,1.0,1,1.0,1,1.0,1,0.35615020142451764,46
5032,1,9515,4073,5442,0,0,0,1.0,1,1.0,1,1.0,1,0.37892409171298663,46
5033,2,9517,4075,5442,0,0,0,1.0,1,1.0,1,1.0,1,0.3949193045884432,47
5034,1,9518,4076,5442,0,0,0,1.0,1,1.0,1,1.0,1,0.3935517240604146,48
5035,0,9518,4076,5442,0,0,0,1.0,1,1.0,1,1.0,1,0.3842616143664581,47
5036,1,9519,4077,5442,0,0,0,1.0,1,1.0,1,1.0,1,0.40466705270638104,47
5037,0,9519,4077,5442,0,0,0,1.0,1,1.0,1,1.0,1,0.40302529626322925,47
5038,2,9521,4078,5443,0,0,0,1.0,1,1.0,1,1.0,1,0.4272269000559734,48
5039,1,9522,4078,5444,0,0,0,1.0,1,1.0,1,1.0,1,0.3839758270352143,47
5040,0,9522,4078,5444,0,0,0,1.0,1,1.0,1,1.0,1,0.3919823528601847,48
5041,6,9528,4078,5450,0,0,0,1.0,1,1.0,1,1.0,1,0.2859001262035737,49
5042,2,9530,4078,5452,0,0,0,1.0,1,1.0,1,1.0,1,0.2863682939773194,50
5043,0,9530,4078,5452,0,0,0,1.0,1,1.0,1,1.0,1,0.26707954726885136,51
5044,0,9530,4078,5452,0,0,0,1.0,1,1.0,1,1.0,1,0.26707954726885136,51
5045,0,9530,4078,5452,0,0,0,1.0,1,1.0,1,1.0,1,0.26707954726885136,51
5046,2,9532,4079,5453,0,0,0,1.0,1,1.0,1,1.0,1,0.26104096662430243,52
5047,1,9533,4079,5454,0,0,0,1.0,1,1.0,1,1.0,1,0.26123171883448526,52
5048,0,9533,4079,5454,0,0,0,1.0,1,1.0,1,1.0,1,0.26123171883448526,52
5049,1,9534,4079,5455,0,0,0,1.0,1,1.0,1,1.0,1,0.2580395678603642,52
5050,1,9535,4080,5455,0,0,0,1.0,1,1.0,1,1.0,1,0.26343983619696193,55
5051,1,9536,4080,5456,0,0,0,1.0,1,1.0,1,1.0,1,0.27080036456055206,55
5052,0,9536,4080,5456,0,0,0,1.0,1,1.0,1,1.0,1,0.27080036456055206,55
5053,1,9537,4080,5457,0,0,0,1.0,1,1.0,1,1.0,1,0.2727480226182175,54
5054,3,9540,4081,5459,0,0,0,1.0,1,1.0,1,1.0,1,0.25945772325358324,54
5055,1,9541,4081,5460,0,0,0,1.0,1,1.0,1,1.0,1,0.2684331211718395,54
5056,4,9545,4081,5464,0,0,0,1.0,1,1.0,1,1.0,1,0.23396640148180164,55
5057,2,9547,4081,5466,0,0,0,1.0,1,1.0,1,1.0,1,0.20843810544059188,56
5058,2,9549,4081,5468,0,0,0,1.0,1,1.0,1,1.0,1,0.19214651626216825,58
5059,2,9551,4081,5470,0,0,0,1.0,1,1.0,1,1.0,1,0.15529905116222428,58
5060,5,9556,4084,5472,0,0,0,1.0,1,1.0,1,1.0,1,0.19798074722749898,59
5061,4,9560,4084,5476,0,0,0,1.0,1,1.0,1,1.0,1,0.15760971341071914,58
5062,4,9564,4085,5479,0,0,0,1.0,1,1.0,1,1.0,1,0.17129025378116447,58
5063,2,9566,4087,5479,0,0,0,1.0,1,1.0,1,1.0,1,0.2002591959330027,57
5064,1,9567,4088,5479,0,0,0,1.0,1,1.0,1,1.0,1,0.2394057302822837,57
5065,2,9569,4090,5479,0,0,0,1.0,1,1.0,1,1.0,1,0.27218815947760994,56
5066,1,9570,4091,5479,0,0,0,1.0,1,1.0,1,1.0,1,0.2689092950207613,55
5067,1,9571,4092,5479,0,0,0,1.0,1,1.0,1,1.0,1,0.2684246392271744,54
5068,5,9576,4094,5482,0,0,0,1.0,1,1.0,1,1.0,1,0.29138186832884266,54
5069,2,9578,4095,5483,0,0,0,1.0,1,1.0,1,1.0,1,0.2899409695235536,53
5070,1,9579,4095,5484,0,0,0,1.0,1,1.0,1,1.0,1,0.306011820324648,53
5071,8,9587,4095,5492,0,0,0,1.0,1,1.0,1,1.0,1,0.18649388209263448,53
5072,2,9589,4095,5494,0,0,0,1.0,1,1.0,1,1.0,1,0.1787143133211796,53
5073,1,9590,4095,5495,0,0,0,1.0,1,1.0,1,1.0,1,0.16940623334364938,53
5074,1,9591,4095,5496,0,0,0,1.0,1,1.0,1,1.0,1,0.17367113753466176,52
5075,2,9593,4095,5498,0,0,0,1.0,1,1.0,1,1.0,1,0.1662401851415155,52
5076,2,9595,4096,5499,0,0,0,1.0,1,1.0,1,1.0,1,0.16780312606882059,55
5077,0,9595,4096,5499,0,0,0,1.0,1,1.0,1,1.0,1,0.18346593613549889,55
5078,0,9595,4096,5499,0,0,0,1.0,1,1.0,1,1.0,1,0.18346593613549889,55
5079,0,9595,4096,5499,0,0,0,1.0,1,1.0,1,1.0,1,0.19013512784216535,54
5080,4,9599,4097,5502,0,0,0,1.0,1,1.0,1,1.0,1,0.1884893082514036,55
5081,3,9602,4097,5505,0,0,0,1.0,1,1.0,1,1.0,1,0.17823262148059946,57
5082,1,9603,4097,5506,0,0,0,1.0,1,1.0,1,1.0,1,0.17471907867735706,57
5083,1,9604,4097,5507,0,0,0,1.0,1,1.0,1,1.0,1,0.18897721084002828,58
5084,3,9607,4097,5510,0,0,0,1.0,1,1.0,1,1.0,1,0.17648200745996961,58
5085,6,9613,4099,5514,0,0,0,1.0,1,1.0,1,1.0,1,0.21027078924540749,59
5086,4,9617,4100,5517,0,0,0,1.0,1,1.0,1,1.0,1,0.16130356222145842,60
5087,3,9620,4103,5517,0,0,0,1.0,1,1.0,1,1.0,1,0.21712226303182466,61
5088,5,9625,4104,5521,0,0,0,1.0,1,1.0,1,1.0,1,0.21317195754167678,62
5089,3,9628,4106,5522,0,0,0,1.0,1,1.0,1,1.0,1,0.206327044741147,63
5090,1,9629,4106,5523,0,0,0,1.0,1,1.0,1,1.0,1,0.19737250162398826,63
5091,2,9631,4107,5524,0,0,0,1.0,1,1.0,1,1.0,1,0.2217230465618027,63
5092,0,9631,4107,5524,0,0,0,1.0,1,1.0,1,1.0,1,0.2217230465618027,63
5093,3,9634,4108,5526,0,0,0,1.0,1,1.0,1,1.0,1,0.22042312235347172,63
5094,2,9636,4109,5527,0,0,0,1.0,1,1.0,1,1.0,1,0.21071605478448785,64
5095,3,9639,4110,5529,0,0,0,1.0,1,1.0,1,1.0,1,0.22229190663039314,64
5096,4,9643,4111,5532,0,0,0,1.0,1,1.0,1,1.0,1,0.20548861806913624,67
5097,4,9647,4111,5536,0,0,0,1.0,1,1.0,1,1.0,1,0.1975718813333668,67
5098,3,9650,4111,5539,0,0,0,1.0,1,1.0,1,1.0,1,0.2089607960228447,68
5099,2,9652,4111,5541,0,0,0,1.0,1,1.0,1,1.0,1,0.20542415487703644,70
5100,1,9653,4111,5542,0,0,0,1.0,1,1.0,1,1.0,1,0.19113003891532068,71
5101,3,9656,4112,5544,0,0,0,1.0,1,1.0,1,1.0,1,0.16076203508136128,71
5102,5,9661,4116,5545,0,0,0,1.0,1,1.0,1,1.0,1,0.18114066602059997,70
5103,1,9662,4116,5546,0,0,0,1.0,1,1.0,1,1.0,1,0.18907479452242648,67
5104,4,9666,4120,5546,0,0,0,1.0,1,1.0,1,1.0,1,0.27429064557405936,67
5105,1,9667,4121,5546,0,0,0,1.0,1,1.0,1,1.0,1,0.2730679629344265,63
5106,3,9670,4123,5547,0,0,0,1.0,1,1.0,1,1.0,1,0.3100307613215707,63
5107,3,9673,4126,5547,0,0,0,1.0,1,1.0,1,1.0,1,0.34748798272746356,60
5108,4,9677,4128,5549,0,0,0,1.0,1,1.0,1,1.0,1,0.33818976814833157,56
5109,3,9680,4130,5550,0,0,0,1.0,1,1.0,1,1.0,1,0.3415174972200673,56
5110,3,9683,4132,5551,0,0,0,1.0,1,1.0,1,1.0,1,0.3055757781600496,52
5111,2,9685,4134,5551,0,0,0,1.0,1,1.0,1,1.0,1,0.36259676768295235,51
5112,4,9689,4135,5554,0,0,0,1.0,1,1.0,1,1.0,1,0.3040446951964372,50
5113,4,9693,4139,5554,0,0,0,1.0,1,1.0,1,1.0,1,0.34278810609549276,48
5114,0,9693,4139,5554,0,0,0,1.0,1,1.0,1,1.0,1,0.3208463920549596,46
5115,0,9693,4139,5554,0,0,0,1.0,1,1.0,1,1.0,1,0.29322688344022685,44
5116,6,9699,4139,5560,0,0,0,1.0,1,1.0,1,1.0,1,0.15344138528164208,44
5117,0,9699,4139,5560,0,0,0,1.0,1,1.0,1,1.0,1,0.14124071895538753,46
5118,1,9700,4140,5560,0,0,0,1.0,1,1.0,1,1.0,1,0.1537953815673214,46
5119,2,9702,4142,5560,0,0,0,1.0,1,1.0,1,1.0,1,0.15427416951281483,46
5120,3,9705,4144,5561,0,0,0,1.0,1,1.0,1,1.0,1,0.2027502875441633,46
5121,3,9708,4145,5563,0,0,0,1.0,1,1.0,1,1.0,1,0.19982129872491586,46
5122,4,9712,4147,5565,0,0,0,1.0,1,1.0,1,1.0,1,0.23347332367183513,46
5123,3,9715,4148,5567,0,0,0,1.0,1,1.0,1,1.0,1,0.21930292951017374,45
5124,2,9717,4148,5569,0,0,0,1.0,1,1.0,1,1.0,1,0.2141998932146152,47
5125,8,9725,4148,5577,0,0,0,1.0,1,1.0,1,1.0,1,0.2114640916869962,50
5126,8,9733,4149,5584,0,0,0,1.0,1,1.0,1,1.0,1,0.2451340845521503,50
5127,4,9737,4150,5587,0,0,0,1.0,1,1.0,1,1.0,1,0.23946837483561229,52
5128,7,9744,4150,5594,0,0,0,1.0,1,1.0,1,1.0,1,0.2451588804269617,53
5129,8,9752,4150,5602,0,0,0,1.0,1,1.0,1,1.0,1,0.2634110497887164,55
5130,8,9760,4150,5610,0,0,0,1.0,1,1.0,1,1.0,1,0.2634110497887164,55
5131,5,9765,4150,5615,0,0,0,1.0,1,1.0,1,1.0,1,0.20085745879788539,54
5132,2,9767,4150,5617,0,0,0,1.0,1,1.0,1,1.0,1,0.21251989268095328,54
5133,1,9768,4150,5618,0,0,0,1.0,1,1.0,1,1.0,1,0.22091715575749443,54
5134,0,9768,4150,5618,0,0,0,1.0,1,1.0,1,1.0,1,0.22786782055397165,53
5135,0,9768,4150,5618,0,0,0,1.0,1,1.0,1,1.0,1,0.23837477389896058,54
5136,3,9771,4150,5621,0,0,0,1.0,1,1.0,1,1.0,1,0.22027873762414288,54
5137,3,9774,4150,5624,0,0,0,1.0,1,1.0,1,1.0,1,0.16802549567617386,54
5138,0,9774,4150,5624,0,0,0,1.0,1,1.0,1,1.0,1,0.16802549567617386,54
5139,2,9776,4151,5625,0,0,0,1.0,1,1.0,1,1.0,1,0.13307918371929772,55
5140,2,9778,4153,5625,0,0,0,1.0,1,1.0,1,1.0,1,0.15789124789113868,55
5141,1,9779,4154,5625,0,0,0,1.0,1,1.0,1,1.0,1,0.16385587505741675,53
5142,3,9782,4157,5625,0,0,0,1.0,1,1.0,1,1.0,1,0.18015052034286083,54
5143,2,9784,4158,5626,0,0,0,1.0,1,1.0,1,1.0,1,0.19272639770716357,52
5144,2,9786,4160,5626,0,0,0,1.0,1,1.0,1,1.0,1,0.23815425738610874,50
5145,1,9787,4161,5626,0,0,0,1.0,1,1.0,1,1.0,1,0.24382268412201755,49
5146,1,9788,4161,5627,0,0,0,1.0,1,1.0,1,1.0,1,0.23198791812066896,49
5147,1,9789,4162,5627,0,0,0,1.0,1,1.0,1,1.0,1,0.2037442571826455,46
5148,1,9790,4163,5627,0,0,0,1.0,1,1.0,1,1.0,1,0.2077990469664518,46
5149,0,9790,4163,5627,0,0,0,1.0,1,1.0,1,1.0,1,0.2065026549059912,45
5150,2,9792,4165,5627,0,0,0,1.0,1,1.0,1,1.0,1,0.2318967406316141,47
5151,3,9795,4166,5629,0,0,0,1.0,1,1.0,1,1.0,1,0.24332945284967833,46
5152,3,9798,4168,5630,0,0,0,1.0,1,1.0,1,1.0,1,0.29861084577795877,46
5153,1,9799,4169,5630,0,0,0,1.0,1,1.0,1,1.0,1,0.29701731176160096,45
5154,3,9802,4171,5631,0,0,0,1.0,1,1.0,1,1.0,1,0.29180210180796956,47
5155,2,9804,4172,5632,0,0,0,1.0,1,1.0,1,1.0,1,0.27750601505284755,47
5156,2,9806,4173,5633,0,0,0,1.0,1,1.0,1,1.0,1,0.2744294064883854,47
5157,2,9808,4175,5633,0,0,0,1.0,1,1.0,1,1.0,1,0.28508975416420396,46
5158,0,9808,4175,5633,0,0,0,1.0,1,1.0,1,1.0,1,0.2903461748142019,47
5159,0,9808,4175,5633,0,0,0,1.0,1,1.0,1,1.0,1,0.3009034466210373,49
5160,0,9808,4175,5633,0,0,0,1.0,1,1.0,1,1.0,1,0.29531105030402083,48
5161,4,9812,4175,5637,0,0,0,1.0,1,1.0,1,1.0,1,0.23758234439324494,48
5162,2,9814,4175,5639,0,0,0,1.0,1,1.0,1,1.0,1,0.20815527715689144,49
5163,2,9816,4175,5641,0,0,0,1.0,1,1.0,1,1.0,1,0.17880056855607307,51
5164,0,9816,4175,5641,0,0,0,1.0,1,1.0,1,1.0,1,0.17880056855607307,51
5165,0,9816,4175,5641,0,0,0,1.0,1,1.0,1,1.0,1,0.1970805695844748,52
5166,2,9818,4177,5641,0,0,0,1.0,1,1.0,1,1.0,1,0.20740871208340503,52
5167,1,9819,4178,5641,0,0,0,1.0,1,1.0,1,1.0,1,0.2214449328539018,52
5168,1,9820,4178,5642,0,0,0,1.0,1,1.0,1,1.0,1,0.20859939458015275,52
5169,2,9822,4180,5642,0,0,0,1.0,1,1.0,1,1.0,1,0.2226135222528543,53
5170,0,9822,4180,5642,0,0,0,1.0,1,1.0,1,1.0,1,0.2226135222528543,53
5171,0,9822,4180,5642,0,0,0,1.0,1,1.0,1,1.0,1,0.24708934220693465,52
5172,2,9824,4181,5643,0,0,0,1.0,1,1.0,1,1.0,1,0.22797119362985058,53
5173,0,9824,4181,5643,0,0,0,1.0,1,1.0,1,1.0,1,0.24308330204109155,54
5174,5,9829,4181,5648,0,0,0,1.0,1,1.0,1,1.0,1,0.2225829924667869,56
5175,3,9832,4182,5650,0,0,0,1.0,1,1.0,1,1.0,1,0.23031579230450988,58
5176,1,9833,4182,5651,0,0,0,1.0,1,1.0,1,1.0,1,0.2165441449822952,58
5177,8,9841,4182,5659,0,0,0,1.0,1,1.0,1,1.0,1,0.09641263553543074,59
5178,3,9844,4185,5659,0,0,0,1.0,1,1.0,1,1.0,1,0.12509747380802316,57
5179,0,9844,4185,5659,0,0,0,1.0,1,1.0,1,1.0,1,0.1280828908801245,58
5180,2,9846,4185,5661,0,0,0,1.0,1,1.0,1,1.0,1,0.1145660488450621,56
5181,1,9847,4186,5661,0,0,0,1.0,1,1.0,1,1.0,1,0.1232386695755683,57
5182,3,9850,4188,5662,0,0,0,1.0,1,1.0,1,1.0,1,0.14768376877006312,56
5183,1,9851,4189,5662,0,0,0,1.0,1,1.0,1,1.0,1,0.17310536757439657,57
5184,2,9853,4191,5662,0,0,0,1.0,1,1.0,1,1.0,1,0.20069384945934746,56
5185,0,9853,4191,5662,0,0,0,1.0,1,1.0,1,1.0,1,0.20842713724493644,56
5186,4,9857,4193,5664,0,0,0,1.0,1,1.0,1,1.0,1,0.230168171524999,54
5187,0,9857,4193,5664,0,0,0,1.0,1,1.0,1,1.0,1,0.24727963439983006,51
5188,2,9859,4195,5664,0,0,0,1.0,1,1.0,1,1.0,1,0.29850771562236267,50
5189,2,9861,4195,5666,0,0,0,1.0,1,1.0,1,1.0,1,0.2546846535032528,49
5190,2,9863,4197,5666,0,0,0,1.0,1,1.0,1,1.0,1,0.23156345040673437,50
5191,4,9867,4197,5670,0,0,0,1.0,1,1.0,1,1.0,1,0.16637043509471433,50
5192,2,9869,4199,5670,0,0,0,1.0,1,1.0,1,1.0,1,0.16454960700333046,49
5193,2,9871,4199,5672,0,0,0,1.0,1,1.0,1,1.0,1,0.14017707535849086,50
5194,1,9872,4200,5672,0,0,0,1.0,1,1.0,1,1.0,1,0.185117700433619,51
5195,2,9874,4201,5673,0,0,0,1.0,1,1.0,1,1.0,1,0.20564827745519554,51
5196,0,9874,4201,5673,0,0,0,1.0,1,1.0,1,1.0,1,0.20564827745519554,51
5197,0,9874,4201,5673,0,0,0,1.0,1,1.0,1,1.0,1,0.20564827745519554,51
5198,0,9874,4201,5673,0,0,0,1.0,1,1.0,1,1.0,1,0.20564827745519554,51
5199,2,9876,4201,5675,0,0,0,1.0,1,1.0,1,1.0,1,0.1929846097830363,54
5200,1,9877,4202,5675,0,0,0,1.0,1,1.0,1,1.0,1,0.17948759523076424,54
5201,2,9879,4204,5675,0,0,0,1.0,1,1.0,1,1.0,1,0.19953054669086948,55
5202,2,9881,4204,5677,0,0,0,1.0,1,1.0,1,1.0,1,0.18583270045110875,56
5203,1,9882,4204,5678,0,0,0,1.0,1,1.0,1,1.0,1,0.17454005935969744,56
5204,1,9883,4204,5679,0,0,0,1.0,1,1.0,1,1.0,1,0.1596199753617194,58
5205,1,9884,4205,5679,0,0,0,1.0,1,1.0,1,1.0,1,0.13764310648283626,58
5206,1,9885,4205,5680,0,0,0,1.0,1,1.0,1,1.0,1,0.12616546407691037,58
5207,3,9888,4206,5682,0,0,0,1.0,1,1.0,1,1.0,1,0.10744095936691853,59
5208,0,9888,4206,5682,0,0,0,1.0,1,1.0,1,1.0,1,0.11596912165959201,58
5209,1,9889,4207,5682,0,0,0,1.0,1,1.0,1,1.0,1,0.1369578145235116,58
5210,0,9889,4207,5682,0,0,0,1.0,1,1.0,1,1.0,1,0.15420062735302917,57
5211,1,9890,4208,5682,0,0,0,1.0,1,1.0,1,1.0,1,0.17284765339221778,57
5212,0,9890,4208,5682,0,0,0,1.0,1,1.0,1,1.0,1,0.17654258662760305,59
5213,1,9891,4209,5682,0,0,0,1.0,1,1.0,1,1.0,1,0.19877601843310533,59
5214,1,9892,4209,5683,0,0,0,1.0,1,1.0,1,1.0,1,0.2060814585753465,59
5215,1,9893,4210,5683,0,0,0,1.0,1,1.0,1,1.0,1,0.24358197865504014,58
5216,1,9894,4210,5684,0,0,0,1.0,1,1.0,1,1.0,1,0.2219694934176207,59
5217,5,9899,4215,5684,0,0,0,1.0,1,1.0,1,1.0,1,0.23293621386632846,58
5218,6,9905,4220,5685,0,0,0,1.0,1,1.0,1,1.0,1,0.30420192262334,58
5219,0,9905,4220,5685,0,0,0,1.0,1,1.0,1,1.0,1,0.26064143122801003,57
5220,0,9905,4220,5685,0,0,0,1.0,1,1.0,1,1.0,1,0.27262423680558595,56
5221,8,9913,4222,5691,0,0,0,1.0,1,1.0,1,1.0,1,0.2367041076176244,58
5222,1,9914,4223,5691,0,0,0,1.0,1,1.0,1,1.0,1,0.21473709179893471,56
5223,4,9918,4225,5693,0,0,0,1.0,1,1.0,1,1.0,1,0.26588069938173703,55
5224,1,9919,4226,5693,0,0,0,1.0,1,1.0,1,1.0,1,0.2731058373349434,56
5225,1,9920,4227,5693,0,0,0,1.0,1,1.0,1,1.0,1,0.2961075121179786,55
5226,2,9922,4229,5693,0,0,0,1.0,1,1.0,1,1.0,1,0.2879285986078489,55
5227,0,9922,4229,5693,0,0,0,1.0,1,1.0,1,1.0,1,0.27718382456425117,53
5228,0,9922,4229,5693,0,0,0,1.0,1,1.0,1,1.0,1,0.27390535087924867,51
5229,2,9924,4230,5694,0,0,0,1.0,1,1.0,1,1.0,1,0.2577368927693164,51
5230,0,9924,4230,5694,0,0,0,1.0,1,1.0,1,1.0,1,0.25721741165978523,51
5231,3,9927,4231,5696,0,0,0,1.0,1,1.0,1,1.0,1,0.26485816101753445,52
5232,2,9929,4232,5697,0,0,0,1.0,1,1.0,1,1.0,1,0.2860100953579318,52
5233,0,9929,4232,5697,0,0,0,1.0,1,1.0,1,1.0,1,0.300515999211917,53
5234,2,9931,4234,5697,0,0,0,1.0,1,1.0,1,1.0,1,0.34764961628380264,53
5235,1,9932,4235,5697,0,0,0,1.0,1,1.0,1,1.0,1,0.36704882764261465,53
5236,11,9943,4237,5706,0,0,0,1.0,1,1.0,1,1.0,1,0.24005101262085163,52
5237,3,9946,4237,5709,0,0,0,1.0,1,1.0,1,1.0,1,0.23264537569179497,52
5238,2,9948,4239,5709,0,0,0,1.0,1,1.0,1,1.0,1,0.25146229845089935,52
5239,2,9950,4239,5711,0,0,0,1.0,1,1.0,1,1.0,1,0.2671176599337935,51
5240,2,9952,4239,5713,0,0,0,1.0,1,1.0,1,1.0,1,0.27892663400751794,53
5241,1,9953,4239,5714,0,0,0,1.0,1,1.0,1,1.0,1,0.2989227197735601,53
5242,2,9955,4239,5716,0,0,0,1.0,1,1.0,1,1.0,1,0.29815991835411226,51
5243,2,9957,4240,5717,0,0,0,1.0,1,1.0,1,1.0,1,0.3239388173219487,51
5244,6,9963,4243,5720,0,0,0,1.0,1,1.0,1,1.0,1,0.3199379702641999,52
5245,5,9968,4243,5725,0,0,0,1.0,1,1.0,1,1.0,1,0.3012766351961438,53
5246,11,9979,4246,5733,0,0,0,1.0,1,1.0,1,1.0,1,0.2962075510360277,53
5247,3,9982,4246,5736,0,0,0,1.0,1,1.0,1,1.0,1,0.35126874752571075,54
5248,5,9987,4247,5740,0,0,0,1.0,1,1.0,1,1.0,1,0.27655257957123053,54
5249,7,9994,4248,5746,0,0,0,1.0,1,1.0,1,1.0,1,0.3152271799830259,55
5250,10,10004,4248,5756,0,0,0,1.0,1,1.0,1,1.0,1,0.3200726234333131,57
5251,9,10013,4248,5765,0,0,0,1.0,1,1.0,1,1.0,1,0.20427556695445287,58
5252,3,10016,4248,5768,0,0,0,1.0,1,1.0,1,1.0,1,0.19181555389697066,58
5253,1,10017,4249,5768,0,0,0,1.0,1,1.0,1,1.0,1,0.20672559105193172,58
5254,0,10017,4249,5768,0,0,0,1.0,1,1.0,1,1.0,1,0.21616686285682102,59
5255,1,10018,4250,5768,0,0,0,1.0,1,1.0,1,1.0,1,0.19883894647035485,58
5256,2,10020,4250,5770,0,0,0,1.0,1,1.0,1,1.0,1,0.22891588345770356,58
5257,4,10024,4251,5773,0,0,0,1.0,1,1.0,1,1.0,1,0.23798085430679036,57
5258,0,10024,4251,5773,0,0,0,1.0,1,1.0,1,1.0,1,0.24689309539861565,55
5259,2,10026,4252,5774,0,0,0,1.0,1,1.0,1,1.0,1,0.25883452224625575,56
5260,3,10029,4252,5777,0,0,0,1.0,1,1.0,1,1.0,1,0.24672895416142565,55
5261,0,10029,4252,5777,0,0,0,1.0,1,1.0,1,1.0,1,0.2512031120823561,54
5262,2,10031,4253,5778,0,0,0,1.0,1,1.0,1,1.0,1,0.2590800818658052,54
5263,3,10034,4255,5779,0,0,0,1.0,1,1.0,1,1.0,1,0.2464728903377599,55
5264,2,10036,4256,5780,0,0,0,1.0,1,1.0,1,1.0,1,0.2884571070568918,53
5265,3,10039,4258,5781,0,0,0,1.0,1,1.0,1,1.0,1,0.3126770233799505,52
5266,4,10043,4258,5785,0,0,0,1.0,1,1.0,1,1.0,1,0.26660075438577124,49
5267,2,10045,4259,5786,0,0,0,1.0,1,1.0,1,1.0,1,0.27591432836693214,49
5268,1,10046,4259,5787,0,0,0,1.0,1,1.0,1,1.0,1,0.2921568351518331,46
5269,1,10047,4259,5788,0,0,0,1.0,1,1.0,1,1.0,1,0.3118138257830652,45
5270,4,10051,4260,5791,0,0,0,1.0,1,1.0,1,1.0,1,0.2640315233861071,46
5271,4,10055,4263,5792,0,0,0,1.0,1,1.0,1,1.0,1,0.2992242040286847,46
5272,2,10057,4264,5793,0,0,0,1.0,1,1.0,1,1.0,1,0.3017537124787047,45
5273,1,10058,4265,5793,0,0,0,1.0,1,1.0,1,1.0,1,0.2900516738826529,45
5274,3,10061,4266,5795,0,0,0,1.0,1,1.0,1,1.0,1,0.2679738602675907,45
5275,4,10065,4269,5796,0,0,0,1.0,1,1.0,1,1.0,1,0.2500646066104095,46
5276,2,10067,4271,5796,0,0,0,1.0,1,1.0,1,1.0,1,0.27331465947223366,45
5277,1,10068,4272,5796,0,0,0,1.0,1,1.0,1,1.0,1,0.26738366484665577,45
5278,2,10070,4273,5797,0,0,0,1.0,1,1.0,1,1.0,1,0.30142939985653433,44
5279,0,10070,4273,5797,0,0,0,1.0,1,1.0,1,1.0,1,0.2874593120805292,45
5280,0,10070,4273,5797,0,0,0,1.0,1,1.0,1,1.0,1,0.2896449943933384,46
5281,4,10074,4273,5801,0,0,0,1.0,1,1.0,1,1.0,1,0.22119767805738189,46
5282,1,10075,4273,5802,0,0,0,1.0,1,1.0,1,1.0,1,0.2235459679423244,47
5283,1,10076,4273,5803,0,0,0,1.0,1,1.0,1,1.0,1,0.20951404697008474,48
5284,0,10076,4273,5803,0,0,0,1.0,1,1.0,1,1.0,1,0.20951404697008474,48
5285,0,10076,4273,5803,0,0,0,1.0,1,1.0,1,1.0,1,0.19241831800754433,48
5286,2,10078,4273,5805,0,0,0,1.0,1,1.0,1,1.0,1,0.20622990068726407,50
5287,3,10081,4273,5808,0,0,0,1.0,1,1.0,1,1.0,1,0.17419166098539915,50
5288,4,10085,4273,5812,0,0,0,1.0,1,1.0,1,1.0,1,0.15035927795192724,51
5289,1,10086,4273,5813,0,0,0,1.0,1,1.0,1,1.0,1,0.13700615054317145,51
5290,0,10086,4273,5813,0,0,0,1.0,1,1.0,1,1.0,1,0.14636274688288237,52
5291,2,10088,4275,5813,0,0,0,1.0,1,1.0,1,1.0,1,0.21577505566838728,52
5292,3,10091,4275,5816,0,0,0,1.0,1,1.0,1,1.0,1,0.22096970797327453,53
5293,4,10095,4276,5819,0,0,0,1.0,1,1.0,1,1.0,1,0.28038794245804904,51
5294,6,10101,4277,5824,0,0,0,1.0,1,1.0,1,1.0,1,0.3162962759420539,50
5295,4,10105,4278,5827,0,0,0,1.0,1,1.0,1,1.0,1,0.34733645480717257,49
5296,3,10108,4278,5830,0,0,0,1.0,1,1.0,1,1.0,1,0.29282112507103236,48
5297,0,10108,4278,5830,0,0,0,1.0,1,1.0,1,1.0,1,0.32210269108454365,46
5298,1,10109,4278,5831,0,0,0,1.0,1,1.0,1,1.0,1,0.3169152741580943,46
5299,0,10109,4278,5831,0,0,0,1.0,1,1.0,1,1.0,1,0.3225103806856099,47
5300,0,10109,4278,5831,0,0,0,1.0,1,1.0,1,1.0,1,0.2996167877269795,48
5301,0,10109,4278,5831,0,0,0,1.0,1,1.0,1,1.0,1,0.2996167877269795,48
5302,2,10111,4280,5831,0,0,0,1.0,1,1.0,1,1.0,1,0.33134134089902045,49
5303,2,10113,4281,5832,0,0,0,1.0,1,1.0,1,1.0,1,0.308525095438255,48
5304,1,10114,4281,5833,0,0,0,1.0,1,1.0,1,1.0,1,0.2707047312380505,48
5305,0,10114,4281,5833,0,0,0,1.0,1,1.0,1,1.0,1,0.26866944598358733,47
5306,2,10116,4282,5834,0,0,0,1.0,1,1.0,1,1.0,1,0.2661683737951991,48
5307,2,10118,4283,5835,0,0,0,1.0,1,1.0,1,1.0,1,0.26463809670594146,48
5308,0,10118,4283,5835,0,0,0,1.0,1,1.0,1,1.0,1,0.2627010767015495,47
5309,1,10119,4284,5835,0,0,0,1.0,1,1.0,1,1.0,1,0.2819471263140295,46
5310,3,10122,4285,5837,0,0,0,1.0,1,1.0,1,1.0,1,0.2503723146839087,46
5311,2,10124,4286,5838,0,0,0,1.0,1,1.0,1,1.0,1,0.2541487391203625,46
5312,1,10125,4287,5838,0,0,0,1.0,1,1.0,1,1.0,1,0.29291345556258636,46
5313,1,10126,4287,5839,0,0,0,1.0,1,1.0,1,1.0,1,0.2933241712059925,46
5314,1,10127,4287,5840,0,0,0,1.0,1,1.0,1,1.0,1,0.28274853602431327,46
5315,2,10129,4287,5842,0,0,0,1.0,1,1.0,1,1.0,1,0.2659032120797336,47
5316,1,10130,4287,5843,0,0,0,1.0,1,1.0,1,1.0,1,0.2681467597143905,48
5317,0,10130,4287,5843,0,0,0,1.0,1,1.0,1,1.0,1,0.2703095221018076,49
5318,4,10134,4289,5845,0,0,0,1.0,1,1.0,1,1.0,1,0.2222066468409129,49
5319,2,10136,4290,5846,0,0,0,1.0,1,1.0,1,1.0,1,0.23176371072434218,50
5320,3,10139,4291,5848,0,0,0,1.0,1,1.0,1,1.0,1,0.26180777066934346,51
5321,4,10143,4291,5852,0,0,0,1.0,1,1.0,1,1.0,1,0.20744916110494363,52
5322,2,10145,4291,5854,0,0,0,1.0,1,1.0,1,1.0,1,0.2131612091298893,53
5323,2,10147,4291,5856,0,0,0,1.0,1,1.0,1,1.0,1,0.2093541131519056,53
5324,5,10152,4292,5860,0,0,0,1.0,1,1.0,1,1.0,1,0.21894393521526623,55
5325,5,10157,4293,5864,0,0,0,1.0,1,1.0,1,1.0,1,0.2144182585100405,55
5326,2,10159,4293,5866,0,0,0,1.0,1,1.0,1,1.0,1,0.18304220152088324,55
5327,2,10161,4293,5868,0,0,0,1.0,1,1.0,1,1.0,1,0.1728709768630094,56
5328,3,10164,4295,5869,0,0,0,1.0,1,1.0,1,1.0,1,0.15695050707697158,57
5329,2,10166,4296,5870,0,0,0,1.0,1,1.0,1,1.0,1,0.16984309779611467,57
5330,1,10167,4297,5870,0,0,0,1.0,1,1.0,1,1.0,1,0.17551095856482535,56
5331,0,10167,4297,5870,0,0,0,1.0,1,1.0,1,1.0,1,0.18249103524435928,57
5332,1,10168,4297,5871,0,0,0,1.0,1,1.0,1,1.0,1,0.18032478445332323,58
5333,2,10170,4298,5872,0,0,0,1.0,1,1.0,1,1.0,1,0.16259088579824682,59
5334,1,10171,4299,5872,0,0,0,1.0,1,1.0,1,1.0,1,0.1615339062172013,59
5335,2,10173,4300,5873,0,0,0,1.0,1,1.0,1,1.0,1,0.21002199072246006,58
5336,5,10178,4301,5877,0,0,0,1.0,1,1.0,1,1.0,1,0.23115911841932493,59
5337,1,10179,4301,5878,0,0,0,1.0,1,1.0,1,1.0,1,0.22239186650543247,60
5338,4,10183,4302,5881,0,0,0,1.0,1,1.0,1,1.0,1,0.22783227248935597,60
5339,1,10184,4303,5881,0,0,0,1.0,1,1.0,1,1.0,1,0.23520740656921574,60
5340,1,10185,4304,5881,0,0,0,1.0,1,1.0,1,1.0,1,0.25888067922216373,60
5341,4,10189,4304,5885,0,0,0,1.0,1,1.0,1,1.0,1,0.1870492488720824,61
5342,1,10190,4304,5886,0,0,0,1.0,1,1.0,1,1.0,1,0.18241230629579763,59
5343,0,10190,4304,5886,0,0,0,1.0,1,1.0,1,1.0,1,0.17532679053103614,58
5344,1,10191,4305,5886,0,0,0,1.0,1,1.0,1,1.0,1,0.2021287924829165,58
5345,2,10193,4306,5887,0,0,0,1.0,1,1.0,1,1.0,1,0.20202019722920037,54
5346,3,10196,4307,5889,0,0,0,1.0,1,1.0,1,1.0,1,0.1927998309738025,54
5347,1,10197,4307,5890,0,0,0,1.0,1,1.0,1,1.0,1,0.17644258424378492,54
5348,1,10198,4307,5891,0,0,0,1.0,1,1.0,1,1.0,1,0.1560754404807274,55
5349,2,10200,4309,5891,0,0,0,1.0,1,1.0,1,1.0,1,0.18068255119113827,56
5350,0,10200,4309,5891,0,0,0,1.0,1,1.0,1,1.0,1,0.20484033400225835,56
5351,1,10201,4310,5891,0,0,0,1.0,1,1.0,1,1.0,1,0.20743926771397733,57
5352,2,10203,4312,5891,0,0,0,1.0,1,1.0,1,1.0,1,0.22165533240480162,57
5353,0,10203,4312,5891,0,0,0,1.0,1,1.0,1,1.0,1,0.22165533240480162,57
5354,1,10204,4313,5891,0,0,0,1.0,1,1.0,1,1.0,1,0.21208624558004802,56
5355,1,10205,4313,5892,0,0,0,1.0,1,1.0,1,1.0,1,0.19316115477308687,57
5356,2,10207,4313,5894,0,0,0,1.0,1,1.0,1,1.0,1,0.17481380706093944,56
5357,1,10208,4313,5895,0,0,0,1.0,1,1.0,1,1.0,1,0.18049932403405483,56
5358,0,10208,4313,5895,0,0,0,1.0,1,1.0,1,1.0,1,0.17135114797916592,57
5359,0,10208,4313,5895,0,0,0,1.0,1,1.0,1,1.0,1,0.17135114797916592,57
5360,1,10209,4314,5895,0,0,0,1.0,1,1.0,1,1.0,1,0.19155622201486805,55
5361,3,10212,4315,5897,0,0,0,1.0,1,1.0,1,1.0,1,0.19058230300922407,56
5362,2,10214,4316,5898,0,0,0,1.0,1,1.0,1,1.0,1,0.19410654031856772,57
5363,0,10214,4316,5898,0,0,0,1.0,1,1.0,1,1.0,1,0.19410654031856772,57
5364,1,10215,4316,5899,0,0,0,1.0,1,1.0,1,1.0,1,0.1817150547722005,58
5365,2,10217,4317,5900,0,0,0,1.0,1,1.0,1,1.0,1,0.17569831028030514,59
5366,4,10221,4320,5901,0,0,0,1.0,1,1.0,1,1.0,1,0.1785793523398245,60
5367,1,10222,4321,5901,0,0,0,1.0,1,1.0,1,1.0,1,0.1849546571371379,60
5368,3,10225,4322,5903,0,0,0,1.0,1,1.0,1,1.0,1,0.22017370526600716,58
5369,2,10227,4323,5904,0,0,0,1.0,1,1.0,1,1.0,1,0.19594880928838074,58
5370,1,10228,4324,5904,0,0,0,1.0,1,1.0,1,1.0,1,0.21539143799450647,57
5371,5,10233,4326,5907,0,0,0,1.0,1,1.0,1,1.0,1,0.22145224994885337,56
5372,4,10237,4329,5908,0,0,0,1.0,1,1.0,1,1.0,1,0.2108346219728968,55
5373,5,10242,4332,5910,0,0,0,1.0,1,1.0,1,1.0,1,0.2239507226969056,54
5374,1,10243,4333,5910,0,0,0,1.0,1,1.0,1,1.0,1,0.23562521972491082,53
5375,4,10247,4334,5913,0,0,0,1.0,1,1.0,1,1.0,1,0.23398282694707664,52
5376,0,10247,4334,5913,0,0,0,1.0,1,1.0,1,1.0,1,0.22319995521783773,52
5377,1,10248,4335,5913,0,0,0,1.0,1,1.0,1,1.0,1,0.24643089380461206,51
5378,4,10252,4337,5915,0,0,0,1.0,1,1.0,1,1.0,1,0.2718293360239365,52
5379,1,10253,4338,5915,0,0,0,1.0,1,1.0,1,1.0,1,0.25602004085649455,50
5380,7,10260,4340,5920,0,0,0,1.0,1,1.0,1,1.0,1,0.23838674189564804,51
5381,0,10260,4340,5920,0,0,0,1.0,1,1.0,1,1.0,1,0.22370860620481406,50
5382,2,10262,4341,5921,0,0,0,1.0,1,1.0,1,1.0,1,0.18392714119677106,48
5383,1,10263,4341,5922,0,0,0,1.0,1,1.0,1,1.0,1,0.16052775730764626,48
5384,1,10264,4341,5923,0,0,0,1.0,1,1.0,1,1.0,1,0.14358570807982593,48
5385,0,10264,4341,5923,0,0,0,1.0,1,1.0,1,1.0,1,0.1561700735687719,47
5386,2,10266,4343,5923,0,0,0,1.0,1,1.0,1,1.0,1,0.125024938970351,48
5387,0,10266,4343,5923,0,0,0,1.0,1,1.0,1,1.0,1,0.12657189807222202,48
5388,0,10266,4343,5923,0,0,0,1.0,1,1.0,1,1.0,1,0.12657189807222202,48
5389,0,10266,4343,5923,0,0,0,1.0,1,1.0,1,1.0,1,0.11490466484314091,50
5390,2,10268,4345,5923,0,0,0,1.0,1,1.0,1,1.0,1,0.11599183453782577,52
5391,2,10270,4346,5924,0,0,0,1.0,1,1.0,1,1.0,1,0.13160741831773515,52
5392,0,10270,4346,5924,0,0,0,1.0,1,1.0,1,1.0,1,0.13636260723072843,51
5393,2,10272,4348,5924,0,0,0,1.0,1,1.0,1,1.0,1,0.2057012078382497,50
5394,1,10273,4348,5925,0,0,0,1.0,1,1.0,1,1.0,1,0.18456893472201755,50
5395,3,10276,4351,5925,0,0,0,1.0,1,1.0,1,1.0,1,0.2501357362678392,49
5396,2,10278,4353,5925,0,0,0,1.0,1,1.0,1,1.0,1,0.2911412703630653,48
5397,4,10282,4356,5926,0,0,0,1.0,1,1.0,1,1.0,1,0.3091678528564003,48
5398,2,10284,4356,5928,0,0,0,1.0,1,1.0,1,1.0,1,0.27501621993316266,46
5399,2,10286,4358,5928,0,0,0,1.0,1,1.0,1,1.0,1,0.2719723924389323,46
5400,2,10288,4360,5928,0,0,0,1.0,1,1.0,1,1.0,1,0.32103626851040773,48
5401,5,10293,4361,5932,0,0,0,1.0,1,1.0,1,1.0,1,0.24805147562391675,49
5402,0,10293,4361,5932,0,0,0,1.0,1,1.0,1,1.0,1,0.0,0
