,SuccessfulHandoverCount,TotalSuccessfulHandoverCount,TotalSuccessfulHandoverCountRange,TotalSuccessfulHandoverCountLoadBalancing,TotalSuccessfulHandoverCountOverload,FailedHandoverCount,TotalFailedHandoverCount,AvgQoS,MinQoS,AvgQoS_LoadBased,MinQoS_LoadBased,AvgQoS_RangeBased,MinQoS_RangeBased,GiniLoad,VehicleCount
0,0,0,0,0,0,0,0,1.0,1.0,1.0,1.0,1.0,1,0.0,0
1,27,27,27,0,0,0,0,1.0,1.0,1.0,1.0,1.0,1,0.39050489336113375,26
2,21,48,48,0,0,0,0,1.0,1.0,1.0,1.0,1.0,1,0.3793841048757172,27
3,18,66,66,0,0,0,0,1.0,1.0,1.0,1.0,1.0,1,0.2989234752269807,28
4,19,85,85,0,0,0,0,1.0,1.0,1.0,1.0,1.0,1,0.31568980291317345,29
5,20,105,105,0,0,0,0,1.0,1.0,1.0,1.0,1.0,1,0.38186601807242143,29
6,10,115,115,0,0,0,0,1.0,1.0,1.0,1.0,1.0,1,0.2578968262442597,32
7,12,127,127,0,0,0,0,1.0,1.0,1.0,1.0,1.0,1,0.19542699537342298,33
8,18,145,145,0,0,0,0,1.0,1.0,1.0,1.0,1.0,1,0.2591265440515194,35
9,21,166,166,0,0,0,0,1.0,1.0,1.0,1.0,1.0,1,0.30541466259799727,35
10,18,184,184,0,0,0,0,1.0,1.0,1.0,1.0,1.0,1,0.2707803757938533,35
11,14,198,198,0,0,0,0,1.0,1.0,1.0,1.0,1.0,1,0.3879605292913332,35
12,12,210,210,0,0,0,0,1.0,1.0,1.0,1.0,1.0,1,0.3439355071916836,34
13,13,223,223,0,0,0,0,1.0,1.0,1.0,1.0,1.0,1,0.41259495690953923,32
14,9,232,232,0,0,0,0,1.0,1.0,1.0,1.0,1.0,1,0.4340706622232486,31
15,12,244,244,0,0,0,0,1.0,1.0,1.0,1.0,1.0,1,0.45979111433767494,30
16,9,253,253,0,0,0,0,1.0,1.0,1.0,1.0,1.0,1,0.4152643117390163,30
17,6,259,259,0,0,0,0,1.0,1.0,1.0,1.0,1.0,1,0.3104405004343864,29
18,8,267,267,0,0,0,0,1.0,1.0,1.0,1.0,1.0,1,0.31004429530044614,29
19,8,275,275,0,0,0,0,1.0,1.0,1.0,1.0,1.0,1,0.3773302369336378,28
20,7,282,282,0,0,0,0,1.0,1.0,1.0,1.0,1.0,1,0.3749379445422412,28
21,7,289,289,0,0,0,0,1.0,1.0,1.0,1.0,1.0,1,0.3038266774199645,28
22,10,299,299,0,0,0,0,1.0,1.0,1.0,1.0,1.0,1,0.4071184917788493,28
23,9,308,308,0,0,0,0,1.0,1.0,1.0,1.0,1.0,1,0.3471798402808208,27
24,12,320,320,0,0,0,0,1.0,1.0,1.0,1.0,1.0,1,0.4115339798528492,28
25,9,329,329,0,0,0,0,1.0,1.0,1.0,1.0,1.0,1,0.34965971203125706,28
26,14,343,343,0,0,0,0,1.0,1.0,1.0,1.0,1.0,1,0.19790126931740898,30
27,15,358,358,0,0,0,0,1.0,1.0,1.0,1.0,1.0,1,0.26268695138529,30
28,7,365,365,0,0,0,0,1.0,1.0,1.0,1.0,1.0,1,0.21963047226916518,31
29,8,373,373,0,0,0,0,1.0,1.0,1.0,1.0,1.0,1,0.2622405857129839,30
30,6,379,379,0,0,0,0,1.0,1.0,1.0,1.0,1.0,1,0.22608301852620166,30
31,6,385,385,0,0,0,0,1.0,1.0,1.0,1.0,1.0,1,0.2750802771296378,31
32,5,390,390,0,0,0,0,1.0,1.0,1.0,1.0,1.0,1,0.3145588115296581,31
33,16,406,406,0,0,0,0,1.0,1.0,1.0,1.0,1.0,1,0.16752724538207292,31
34,10,416,416,0,0,0,0,1.0,1.0,1.0,1.0,1.0,1,0.3287761413595655,29
35,13,429,429,0,0,0,0,1.0,1.0,1.0,1.0,1.0,1,0.2755282582503322,30
36,14,443,443,0,0,0,0,1.0,1.0,1.0,1.0,1.0,1,0.30679935669641867,30
37,11,454,454,0,0,0,0,1.0,1.0,1.0,1.0,1.0,1,0.30161545920767907,31
38,16,470,470,0,0,0,0,1.0,1.0,1.0,1.0,1.0,1,0.2868441916396563,32
39,11,481,481,0,0,0,0,1.0,1.0,1.0,1.0,1.0,1,0.27261403392350364,36
40,10,491,491,0,0,0,0,1.0,1.0,1.0,1.0,1.0,1,0.30470744689998874,37
41,12,503,503,0,0,0,0,1.0,1.0,1.0,1.0,1.0,1,0.34612555925238714,37
42,10,513,513,0,0,0,0,1.0,1.0,1.0,1.0,1.0,1,0.2865693561547242,38
43,15,528,528,0,0,0,0,1.0,1.0,1.0,1.0,1.0,1,0.35517000091401696,40
44,10,538,538,0,0,0,0,1.0,1.0,1.0,1.0,1.0,1,0.37841269136818717,39
45,11,549,549,0,0,0,0,1.0,1.0,1.0,1.0,1.0,1,0.33612248266911404,40
46,11,560,560,0,0,0,0,1.0,1.0,1.0,1.0,1.0,1,0.348723885304127,39
47,12,572,572,0,0,0,0,1.0,1.0,1.0,1.0,1.0,1,0.3556108369069706,39
48,4,576,576,0,0,0,0,1.0,1.0,1.0,1.0,1.0,1,0.35471351597696477,39
49,5,581,581,0,0,0,0,1.0,1.0,1.0,1.0,1.0,1,0.372476440463034,37
50,9,590,590,0,0,0,0,1.0,1.0,1.0,1.0,1.0,1,0.4451087135506803,35
51,14,604,604,0,0,0,0,1.0,1.0,1.0,1.0,1.0,1,0.46830230076646906,34
52,9,613,613,0,0,0,0,1.0,1.0,1.0,1.0,1.0,1,0.43079001986504184,34
53,9,622,622,0,0,0,0,1.0,1.0,1.0,1.0,1.0,1,0.36244136569351165,35
54,10,632,632,0,0,0,0,1.0,1.0,1.0,1.0,1.0,1,0.3116470235754592,36
55,15,647,647,0,0,0,0,1.0,1.0,1.0,1.0,1.0,1,0.2987197868920505,36
56,10,657,657,0,0,0,0,1.0,1.0,1.0,1.0,1.0,1,0.4169864910345749,36
57,8,665,665,0,0,0,0,1.0,1.0,1.0,1.0,1.0,1,0.34595173460537654,37
58,6,671,671,0,0,0,0,1.0,1.0,1.0,1.0,1.0,1,0.4040495783970801,38
59,4,675,675,0,0,0,0,1.0,1.0,1.0,1.0,1.0,1,0.49312073443242044,37
60,7,682,682,0,0,0,0,1.0,1.0,1.0,1.0,1.0,1,0.4457275651810873,38
61,6,688,688,0,0,0,0,1.0,1.0,1.0,1.0,1.0,1,0.46370111843448625,37
62,7,695,695,0,0,0,0,1.0,1.0,1.0,1.0,1.0,1,0.3944781353699421,39
63,20,715,715,0,0,0,0,1.0,1.0,1.0,1.0,1.0,1,0.3383196966565309,39
64,11,726,726,0,0,0,0,1.0,1.0,1.0,1.0,1.0,1,0.38122979175249255,38
65,17,743,743,0,0,0,0,1.0,1.0,1.0,1.0,1.0,1,0.39394014717595377,39
66,9,752,752,0,0,0,0,1.0,1.0,1.0,1.0,1.0,1,0.3752792904542766,39
67,10,762,762,0,0,0,0,1.0,1.0,1.0,1.0,1.0,1,0.27059424206699734,36
68,8,770,770,0,0,0,0,1.0,1.0,1.0,1.0,1.0,1,0.3329811374733283,36
69,11,781,781,0,0,0,0,1.0,1.0,1.0,1.0,1.0,1,0.38500120550601474,37
70,7,788,788,0,0,0,0,1.0,1.0,1.0,1.0,1.0,1,0.4538764606446399,36
71,9,797,797,0,0,0,0,1.0,1.0,1.0,1.0,1.0,1,0.45443638794995833,38
72,10,807,807,0,0,0,0,1.0,1.0,1.0,1.0,1.0,1,0.503529149774268,38
73,7,814,814,0,0,0,0,1.0,1.0,1.0,1.0,1.0,1,0.4964938764757336,37
74,15,829,829,0,0,0,0,1.0,1.0,1.0,1.0,1.0,1,0.4457632439951022,38
75,11,840,840,0,0,0,0,1.0,1.0,1.0,1.0,1.0,1,0.4999010552159953,38
76,20,860,860,0,0,0,0,1.0,1.0,1.0,1.0,1.0,1,0.46150442457963736,39
77,6,866,866,0,0,0,0,1.0,1.0,1.0,1.0,1.0,1,0.4178630892184377,40
78,17,883,883,0,0,0,0,1.0,1.0,1.0,1.0,1.0,1,0.45224093609530336,41
79,15,898,898,0,0,0,0,1.0,1.0,1.0,1.0,1.0,1,0.35320180204841617,41
80,11,909,909,0,0,0,0,1.0,1.0,1.0,1.0,1.0,1,0.43179233372042003,41
81,11,920,920,0,0,0,0,1.0,1.0,1.0,1.0,1.0,1,0.5017262829630004,41
82,14,934,934,0,0,0,0,1.0,1.0,1.0,1.0,1.0,1,0.41471723979596525,44
83,13,947,947,0,0,0,0,1.0,1.0,1.0,1.0,1.0,1,0.41269430047420114,44
84,13,960,960,0,0,0,0,1.0,1.0,1.0,1.0,1.0,1,0.3862739782339199,45
85,10,970,970,0,0,0,0,1.0,1.0,1.0,1.0,1.0,1,0.40554894115055384,45
86,14,984,984,0,0,0,0,1.0,1.0,1.0,1.0,1.0,1,0.4088613108443317,45
87,9,993,993,0,0,0,0,1.0,1.0,1.0,1.0,1.0,1,0.4637874120289359,44
88,13,1006,1006,0,0,0,0,1.0,1.0,1.0,1.0,1.0,1,0.45304428003650377,44
89,9,1015,1015,0,0,0,0,1.0,1.0,1.0,1.0,1.0,1,0.5024666061090238,43
90,10,1025,1025,0,0,0,0,1.0,1.0,1.0,1.0,1.0,1,0.4730731069800439,44
91,7,1032,1032,0,0,0,0,1.0,1.0,1.0,1.0,1.0,1,0.481303160146257,44
92,12,1044,1044,0,0,0,0,1.0,1.0,1.0,1.0,1.0,1,0.46359515909053023,43
93,12,1056,1056,0,0,0,0,1.0,1.0,1.0,1.0,1.0,1,0.5127287014742442,44
94,10,1066,1066,0,0,0,0,1.0,1.0,1.0,1.0,1.0,1,0.376186932301099,44
95,21,1087,1087,0,0,0,0,1.0,1.0,1.0,1.0,1.0,1,0.5138411948013756,43
96,10,1097,1097,0,0,0,0,1.0,1.0,1.0,1.0,1.0,1,0.4851679448694721,44
97,17,1114,1114,0,0,0,0,1.0,1.0,1.0,1.0,1.0,1,0.5070551046407408,44
98,11,1125,1125,0,0,0,0,1.0,1.0,1.0,1.0,1.0,1,0.4240174505282462,43
99,14,1139,1139,0,0,0,0,1.0,1.0,1.0,1.0,1.0,1,0.5027297028878215,43
100,10,1149,1149,0,0,0,0,1.0,1.0,1.0,1.0,1.0,1,0.44969324201222877,47
101,10,1159,1159,0,0,0,0,1.0,1.0,1.0,1.0,1.0,1,0.4551406470742401,47
102,9,1168,1168,0,0,0,0,1.0,1.0,1.0,1.0,1.0,1,0.3200627619464402,47
103,18,1186,1186,0,0,0,0,1.0,1.0,1.0,1.0,1.0,1,0.26534496161613547,46
104,16,1202,1202,0,0,0,0,1.0,1.0,1.0,1.0,1.0,1,0.2868493239405131,45
105,14,1216,1216,0,0,0,0,1.0,1.0,1.0,1.0,1.0,1,0.4425467882369663,44
106,23,1239,1239,0,0,0,0,1.0,1.0,1.0,1.0,1.0,1,0.23584522003531794,45
107,20,1259,1259,0,0,0,0,1.0,1.0,1.0,1.0,1.0,1,0.3047315801223151,44
108,16,1275,1275,0,0,0,0,1.0,1.0,1.0,1.0,1.0,1,0.22175763936458182,46
109,27,1302,1302,0,0,0,0,1.0,1.0,1.0,1.0,1.0,1,0.3383578102215296,46
110,19,1321,1321,0,0,0,0,1.0,1.0,1.0,1.0,1.0,1,0.40506598093509305,46
111,11,1332,1332,0,0,0,0,1.0,1.0,1.0,1.0,1.0,1,0.3474778683395409,46
112,18,1350,1350,0,0,0,0,1.0,1.0,1.0,1.0,1.0,1,0.39031922742712516,46
113,9,1359,1359,0,0,0,0,1.0,1.0,1.0,1.0,1.0,1,0.30158062396339913,46
114,10,1369,1369,0,0,0,0,1.0,1.0,1.0,1.0,1.0,1,0.326155620550073,46
115,9,1378,1378,0,0,0,0,1.0,1.0,1.0,1.0,1.0,1,0.19983652919683279,47
116,16,1394,1394,0,0,0,0,1.0,1.0,1.0,1.0,1.0,1,0.3679886751465533,47
117,4,1398,1398,0,0,0,0,1.0,1.0,1.0,1.0,1.0,1,0.3769328723161779,45
118,14,1412,1412,0,0,0,0,1.0,1.0,1.0,1.0,1.0,1,0.38634370137005725,46
119,18,1430,1430,0,0,0,0,1.0,1.0,1.0,1.0,1.0,1,0.37663501529864596,46
120,7,1437,1437,0,0,0,0,1.0,1.0,1.0,1.0,1.0,1,0.39970776259413815,47
121,9,1446,1446,0,0,0,0,1.0,1.0,1.0,1.0,1.0,1,0.4136901557892966,46
122,4,1450,1450,0,0,0,0,1.0,1.0,1.0,1.0,1.0,1,0.4334379309717838,46
123,9,1459,1459,0,0,0,0,1.0,1.0,1.0,1.0,1.0,1,0.39280427657026956,45
124,10,1469,1469,0,0,0,0,1.0,1.0,1.0,1.0,1.0,1,0.3478748841350001,46
125,11,1480,1480,0,0,0,0,1.0,1.0,1.0,1.0,1.0,1,0.3756658577059905,44
126,13,1493,1493,0,0,0,0,1.0,1.0,1.0,1.0,1.0,1,0.3272504935527208,45
127,8,1501,1501,0,0,0,0,1.0,1.0,1.0,1.0,1.0,1,0.32162335059255004,45
128,9,1510,1510,0,0,0,0,1.0,1.0,1.0,1.0,1.0,1,0.31156219847801786,46
129,15,1525,1525,0,0,0,0,1.0,1.0,1.0,1.0,1.0,1,0.30423298845093893,48
130,18,1543,1543,0,0,0,0,1.0,1.0,1.0,1.0,1.0,1,0.2887273355328649,48
131,20,1563,1563,0,0,0,0,1.0,1.0,1.0,1.0,1.0,1,0.3398466768477098,49
132,18,1581,1581,0,0,0,0,1.0,1.0,1.0,1.0,1.0,1,0.26767765340143446,51
133,16,1597,1597,0,0,0,0,1.0,1.0,1.0,1.0,1.0,1,0.21627557573904851,49
134,12,1609,1609,0,0,0,0,1.0,1.0,1.0,1.0,1.0,1,0.17299078084851496,49
135,18,1627,1627,0,0,0,0,1.0,1.0,1.0,1.0,1.0,1,0.19938923427676797,49
136,16,1643,1643,0,0,0,0,1.0,1.0,1.0,1.0,1.0,1,0.297871947994202,48
137,16,1659,1659,0,0,0,0,1.0,1.0,1.0,1.0,1.0,1,0.24179268303490598,47
138,12,1671,1671,0,0,0,0,1.0,1.0,1.0,1.0,1.0,1,0.20492486545046593,48
139,17,1688,1688,0,0,0,0,1.0,1.0,1.0,1.0,1.0,1,0.3868508446695052,48
140,19,1707,1707,0,0,0,0,1.0,1.0,1.0,1.0,1.0,1,0.28112103584072545,49
141,14,1721,1721,0,0,0,0,1.0,1.0,1.0,1.0,1.0,1,0.33708192733825626,49
142,12,1733,1733,0,0,0,0,1.0,1.0,1.0,1.0,1.0,1,0.3708071952245751,49
143,6,1739,1739,0,0,0,0,1.0,1.0,1.0,1.0,1.0,1,0.37971497402449544,47
144,14,1753,1753,0,0,0,0,1.0,1.0,1.0,1.0,1.0,1,0.4160318684385821,46
145,6,1759,1759,0,0,0,0,1.0,1.0,1.0,1.0,1.0,1,0.4076704437640291,44
146,9,1768,1768,0,0,0,0,1.0,1.0,1.0,1.0,1.0,1,0.40711126738427655,44
147,13,1781,1781,0,0,0,0,1.0,1.0,1.0,1.0,1.0,1,0.3470521305119123,43
148,15,1796,1796,0,0,0,0,1.0,1.0,1.0,1.0,1.0,1,0.37407318208170964,43
149,13,1809,1809,0,0,0,0,1.0,1.0,1.0,1.0,1.0,1,0.33845929683280457,43
150,10,1819,1819,0,0,0,0,1.0,1.0,1.0,1.0,1.0,1,0.48007940647042047,42
151,4,1823,1823,0,0,0,0,1.0,1.0,1.0,1.0,1.0,1,0.4553029728634635,42
152,13,1836,1836,0,0,0,0,1.0,1.0,1.0,1.0,1.0,1,0.42901224154858425,42
153,5,1841,1841,0,0,0,0,1.0,1.0,1.0,1.0,1.0,1,0.4132807039107457,42
154,9,1850,1850,0,0,0,0,1.0,1.0,1.0,1.0,1.0,1,0.3642389221612613,43
155,8,1858,1858,0,0,0,0,1.0,1.0,1.0,1.0,1.0,1,0.3597158692324688,43
156,16,1874,1874,0,0,0,0,1.0,1.0,1.0,1.0,1.0,1,0.36794524385921323,42
157,15,1889,1889,0,0,0,0,1.0,1.0,1.0,1.0,1.0,1,0.3900911354454742,41
158,13,1902,1902,0,0,0,0,1.0,1.0,1.0,1.0,1.0,1,0.3468327447314155,42
159,19,1921,1921,0,0,0,0,1.0,1.0,1.0,1.0,1.0,1,0.334123957034276,43
160,17,1938,1938,0,0,0,0,1.0,1.0,1.0,1.0,1.0,1,0.38169745085227935,44
161,11,1949,1949,0,0,0,0,1.0,1.0,1.0,1.0,1.0,1,0.3715626960824747,44
162,11,1960,1960,0,0,0,0,1.0,1.0,1.0,1.0,1.0,1,0.379698308445803,45
163,9,1969,1969,0,0,0,0,1.0,1.0,1.0,1.0,1.0,1,0.3585644614935068,43
164,18,1987,1987,0,0,0,0,1.0,1.0,1.0,1.0,1.0,1,0.2951354933249176,42
165,6,1993,1993,0,0,0,0,1.0,1.0,1.0,1.0,1.0,1,0.2330523122081724,42
166,11,2004,2004,0,0,0,0,1.0,1.0,1.0,1.0,1.0,1,0.28222117182436945,42
167,12,2016,2016,0,0,0,0,1.0,1.0,1.0,1.0,1.0,1,0.22996764242788886,41
168,13,2029,2029,0,0,0,0,1.0,1.0,1.0,1.0,1.0,1,0.20231555106220037,40
169,11,2040,2040,0,0,0,0,1.0,1.0,1.0,1.0,1.0,1,0.1921858981628135,40
170,10,2050,2050,0,0,0,0,1.0,1.0,1.0,1.0,1.0,1,0.23692174078526604,38
171,12,2062,2062,0,0,0,0,1.0,1.0,1.0,1.0,1.0,1,0.20774143733486625,37
172,14,2076,2076,0,0,0,0,1.0,1.0,1.0,1.0,1.0,1,0.35413209872010065,35
173,11,2087,2087,0,0,0,0,1.0,1.0,1.0,1.0,1.0,1,0.3059020449625695,36
174,9,2096,2096,0,0,0,0,1.0,1.0,1.0,1.0,1.0,1,0.2998688797132079,34
175,12,2108,2108,0,0,0,0,1.0,1.0,1.0,1.0,1.0,1,0.37258253229429594,33
176,17,2125,2125,0,0,0,0,1.0,1.0,1.0,1.0,1.0,1,0.38791641924424874,34
177,18,2143,2143,0,0,0,0,1.0,1.0,1.0,1.0,1.0,1,0.41105403655399964,36
178,11,2154,2154,0,0,0,0,1.0,1.0,1.0,1.0,1.0,1,0.23474125466008375,37
179,10,2164,2164,0,0,0,0,1.0,1.0,1.0,1.0,1.0,1,0.27927715889457366,37
180,10,2174,2174,0,0,0,0,1.0,1.0,1.0,1.0,1.0,1,0.33936809780780597,36
181,8,2182,2182,0,0,0,0,1.0,1.0,1.0,1.0,1.0,1,0.3663136190217044,36
182,8,2190,2190,0,0,0,0,1.0,1.0,1.0,1.0,1.0,1,0.38232526646703635,38
183,19,2209,2209,0,0,0,0,1.0,1.0,1.0,1.0,1.0,1,0.37385675542968716,37
184,7,2216,2216,0,0,0,0,1.0,1.0,1.0,1.0,1.0,1,0.31788915918544375,36
185,14,2230,2230,0,0,0,0,1.0,1.0,1.0,1.0,1.0,1,0.19935238916929726,35
186,10,2240,2240,0,0,0,0,1.0,1.0,1.0,1.0,1.0,1,0.3381392254402976,34
187,17,2257,2257,0,0,0,0,1.0,1.0,1.0,1.0,1.0,1,0.29678495538078503,33
188,12,2269,2269,0,0,0,0,1.0,1.0,1.0,1.0,1.0,1,0.22738386670049845,33
189,18,2287,2287,0,0,0,0,1.0,1.0,1.0,1.0,1.0,1,0.317760170116064,33
190,20,2307,2307,0,0,0,0,1.0,1.0,1.0,1.0,1.0,1,0.38938336581407806,32
191,11,2318,2318,0,0,0,0,1.0,1.0,1.0,1.0,1.0,1,0.3298344365884979,34
192,12,2330,2330,0,0,0,0,1.0,1.0,1.0,1.0,1.0,1,0.4611325158442629,34
193,12,2342,2342,0,0,0,0,1.0,1.0,1.0,1.0,1.0,1,0.37173750506881603,35
194,17,2359,2359,0,0,0,0,1.0,1.0,1.0,1.0,1.0,1,0.3968173510428072,37
195,13,2372,2372,0,0,0,0,1.0,1.0,1.0,1.0,1.0,1,0.3789827972200806,36
196,9,2381,2381,0,0,0,0,1.0,1.0,1.0,1.0,1.0,1,0.38014020634313733,36
197,6,2387,2387,0,0,0,0,1.0,1.0,1.0,1.0,1.0,1,0.41641304873391227,37
198,8,2395,2395,0,0,0,0,1.0,1.0,1.0,1.0,1.0,1,0.3590474868981503,37
199,15,2410,2410,0,0,0,0,1.0,1.0,1.0,1.0,1.0,1,0.36981402873408925,37
200,7,2417,2417,0,0,0,0,1.0,1.0,1.0,1.0,1.0,1,0.4464505445508611,37
201,9,2426,2426,0,0,0,0,1.0,1.0,1.0,1.0,1.0,1,0.4198383204839379,36
202,9,2435,2435,0,0,0,0,1.0,1.0,1.0,1.0,1.0,1,0.33632325119587153,36
203,7,2442,2442,0,0,0,0,1.0,1.0,1.0,1.0,1.0,1,0.35432301029002883,35
204,11,2453,2453,0,0,0,0,1.0,1.0,1.0,1.0,1.0,1,0.3499411976882292,35
205,8,2461,2461,0,0,0,0,1.0,1.0,1.0,1.0,1.0,1,0.28263321664746394,35
206,12,2473,2473,0,0,0,0,1.0,1.0,1.0,1.0,1.0,1,0.30391028348440247,34
207,12,2485,2485,0,0,0,0,1.0,1.0,1.0,1.0,1.0,1,0.30154579887357563,34
208,13,2498,2498,0,0,0,0,1.0,1.0,1.0,1.0,1.0,1,0.22259660423222047,33
209,14,2512,2512,0,0,0,0,1.0,1.0,1.0,1.0,1.0,1,0.17562621665922065,33
210,16,2528,2528,0,0,0,0,1.0,1.0,1.0,1.0,1.0,1,0.2958063196446729,34
211,14,2542,2542,0,0,0,0,1.0,1.0,1.0,1.0,1.0,1,0.2904611566120089,33
212,10,2552,2552,0,0,0,0,1.0,1.0,1.0,1.0,1.0,1,0.3480940294849528,33
213,16,2568,2568,0,0,0,0,1.0,1.0,1.0,1.0,1.0,1,0.22022483468943757,35
214,17,2585,2585,0,0,0,0,1.0,1.0,1.0,1.0,1.0,1,0.34061562102032905,34
215,11,2596,2596,0,0,0,0,1.0,1.0,1.0,1.0,1.0,1,0.40526554155897493,35
216,18,2614,2614,0,0,0,0,1.0,1.0,1.0,1.0,1.0,1,0.4282283776392358,36
217,7,2621,2621,0,0,0,0,1.0,1.0,1.0,1.0,1.0,1,0.39983913816300276,36
218,9,2630,2630,0,0,0,0,1.0,1.0,1.0,1.0,1.0,1,0.4584563704371592,36
219,10,2640,2640,0,0,0,0,1.0,1.0,1.0,1.0,1.0,1,0.32514236788963685,37
220,18,2658,2658,0,0,0,0,1.0,1.0,1.0,1.0,1.0,1,0.35939620580963816,38
221,15,2673,2673,0,0,0,0,1.0,1.0,1.0,1.0,1.0,1,0.23973180808609404,37
222,13,2686,2686,0,0,0,0,1.0,1.0,1.0,1.0,1.0,1,0.2636957850066725,38
223,10,2696,2696,0,0,0,0,1.0,1.0,1.0,1.0,1.0,1,0.33025727564667834,38
224,17,2713,2713,0,0,0,0,1.0,1.0,1.0,1.0,1.0,1,0.38240465146341285,38
225,12,2725,2725,0,0,0,0,1.0,1.0,1.0,1.0,1.0,1,0.34446916551635937,36
226,10,2735,2735,0,0,0,0,1.0,1.0,1.0,1.0,1.0,1,0.33202947085088413,37
227,10,2745,2745,0,0,0,0,1.0,1.0,1.0,1.0,1.0,1,0.25927761324215337,35
228,9,2754,2754,0,0,0,0,1.0,1.0,1.0,1.0,1.0,1,0.23485042065448591,35
229,13,2767,2767,0,0,0,0,1.0,1.0,1.0,1.0,1.0,1,0.28356558678132865,35
230,6,2773,2773,0,0,0,0,1.0,1.0,1.0,1.0,1.0,1,0.3815835085024143,35
231,7,2780,2780,0,0,0,0,1.0,1.0,1.0,1.0,1.0,1,0.34973771966649503,35
232,6,2786,2786,0,0,0,0,1.0,1.0,1.0,1.0,1.0,1,0.4156128900463629,36
233,8,2794,2794,0,0,0,0,1.0,1.0,1.0,1.0,1.0,1,0.36030492951634,36
234,4,2798,2798,0,0,0,0,1.0,1.0,1.0,1.0,1.0,1,0.41690667533424414,34
235,7,2805,2805,0,0,0,0,1.0,1.0,1.0,1.0,1.0,1,0.33058980142533273,33
236,5,2810,2810,0,0,0,0,1.0,1.0,1.0,1.0,1.0,1,0.4097438010351731,31
237,5,2815,2815,0,0,0,0,1.0,1.0,1.0,1.0,1.0,1,0.4592705746884376,32
238,12,2827,2827,0,0,0,0,1.0,1.0,1.0,1.0,1.0,1,0.38558181877305864,31
239,10,2837,2837,0,0,0,0,1.0,1.0,1.0,1.0,1.0,1,0.25913286457628354,30
240,9,2846,2846,0,0,0,0,1.0,1.0,1.0,1.0,1.0,1,0.29034713982581367,27
241,12,2858,2858,0,0,0,0,1.0,1.0,1.0,1.0,1.0,1,0.23002705235930077,27
242,12,2870,2870,0,0,0,0,1.0,1.0,1.0,1.0,1.0,1,0.30746462002206004,28
243,14,2884,2884,0,0,0,0,1.0,1.0,1.0,1.0,1.0,1,0.3484286286861794,28
244,13,2897,2897,0,0,0,0,1.0,1.0,1.0,1.0,1.0,1,0.29805283561125523,27
245,16,2913,2913,0,0,0,0,1.0,1.0,1.0,1.0,1.0,1,0.3856108262378131,27
246,9,2922,2922,0,0,0,0,1.0,1.0,1.0,1.0,1.0,1,0.4326990374231364,25
247,7,2929,2929,0,0,0,0,1.0,1.0,1.0,1.0,1.0,1,0.4464054470032653,24
248,11,2940,2940,0,0,0,0,1.0,1.0,1.0,1.0,1.0,1,0.4758572738727501,24
249,11,2951,2951,0,0,0,0,1.0,1.0,1.0,1.0,1.0,1,0.47768517654503295,25
250,15,2966,2966,0,0,0,0,1.0,1.0,1.0,1.0,1.0,1,0.413346010719063,27
251,9,2975,2975,0,0,0,0,1.0,1.0,1.0,1.0,1.0,1,0.4379797149021838,27
252,12,2987,2987,0,0,0,0,1.0,1.0,1.0,1.0,1.0,1,0.3622210089121204,27
253,15,3002,3002,0,0,0,0,1.0,1.0,1.0,1.0,1.0,1,0.41887386471936705,29
254,11,3013,3013,0,0,0,0,1.0,1.0,1.0,1.0,1.0,1,0.3384731085261584,30
255,20,3033,3033,0,0,0,0,1.0,1.0,1.0,1.0,1.0,1,0.2958923301574473,31
256,14,3047,3047,0,0,0,0,1.0,1.0,1.0,1.0,1.0,1,0.35332378488774685,31
257,10,3057,3057,0,0,0,0,1.0,1.0,1.0,1.0,1.0,1,0.3601147645667877,33
258,11,3068,3068,0,0,0,0,1.0,1.0,1.0,1.0,1.0,1,0.25800089530271914,33
259,14,3082,3082,0,0,0,0,1.0,1.0,1.0,1.0,1.0,1,0.3317034854837358,33
260,4,3086,3086,0,0,0,0,1.0,1.0,1.0,1.0,1.0,1,0.38786242305411356,35
261,9,3095,3095,0,0,0,0,1.0,1.0,1.0,1.0,1.0,1,0.42066729923677876,35
262,8,3103,3103,0,0,0,0,1.0,1.0,1.0,1.0,1.0,1,0.4136167112022643,35
263,2,3105,3105,0,0,0,0,1.0,1.0,1.0,1.0,1.0,1,0.46709949114323435,34
264,3,3108,3108,0,0,0,0,1.0,1.0,1.0,1.0,1.0,1,0.49683111029054994,32
265,5,3113,3113,0,0,0,0,1.0,1.0,1.0,1.0,1.0,1,0.5199790356881899,30
266,10,3123,3123,0,0,0,0,1.0,1.0,1.0,1.0,1.0,1,0.4984533335067483,31
267,12,3135,3135,0,0,0,0,1.0,1.0,1.0,1.0,1.0,1,0.4743914147670822,30
268,11,3146,3146,0,0,0,0,1.0,1.0,1.0,1.0,1.0,1,0.42791600034829747,31
269,13,3159,3159,0,0,0,0,1.0,1.0,1.0,1.0,1.0,1,0.4622041009446764,31
270,12,3171,3171,0,0,0,0,1.0,1.0,1.0,1.0,1.0,1,0.4602667048770067,32
271,9,3180,3180,0,0,0,0,1.0,1.0,1.0,1.0,1.0,1,0.45467587953569794,31
272,15,3195,3195,0,0,0,0,1.0,1.0,1.0,1.0,1.0,1,0.5043087150833258,32
273,10,3205,3205,0,0,0,0,1.0,1.0,1.0,1.0,1.0,1,0.4813489278173705,32
274,4,3209,3209,0,0,0,0,1.0,1.0,1.0,1.0,1.0,1,0.44828982722410476,32
275,7,3216,3216,0,0,0,0,1.0,1.0,1.0,1.0,1.0,1,0.44109040830782276,33
276,10,3226,3226,0,0,0,0,1.0,1.0,1.0,1.0,1.0,1,0.4685509917086783,34
277,9,3235,3235,0,0,0,0,1.0,1.0,1.0,1.0,1.0,1,0.4579909631477418,32
278,7,3242,3242,0,0,0,0,1.0,1.0,1.0,1.0,1.0,1,0.35995792674849103,31
279,11,3253,3253,0,0,0,0,1.0,1.0,1.0,1.0,1.0,1,0.43420408120539983,31
280,17,3270,3270,0,0,0,0,1.0,1.0,1.0,1.0,1.0,1,0.3268790915894996,30
281,19,3289,3289,0,0,0,0,1.0,1.0,1.0,1.0,1.0,1,0.3691238616219969,31
282,14,3303,3303,0,0,0,0,1.0,1.0,1.0,1.0,1.0,1,0.3998718873113477,30
283,16,3319,3319,0,0,0,0,1.0,1.0,1.0,1.0,1.0,1,0.32803720091139943,31
284,15,3334,3334,0,0,0,0,1.0,1.0,1.0,1.0,1.0,1,0.34024876995302056,31
285,12,3346,3346,0,0,0,0,1.0,1.0,1.0,1.0,1.0,1,0.3319014187604716,31
286,6,3352,3352,0,0,0,0,1.0,1.0,1.0,1.0,1.0,1,0.37174152561855156,31
287,4,3356,3356,0,0,0,0,1.0,1.0,1.0,1.0,1.0,1,0.29069057115277436,33
288,10,3366,3366,0,0,0,0,1.0,1.0,1.0,1.0,1.0,1,0.37245922700765227,32
289,10,3376,3376,0,0,0,0,1.0,1.0,1.0,1.0,1.0,1,0.27961414944947804,32
290,7,3383,3383,0,0,0,0,1.0,1.0,1.0,1.0,1.0,1,0.28759739392425554,31
291,11,3394,3394,0,0,0,0,1.0,1.0,1.0,1.0,1.0,1,0.34688154532669924,30
292,11,3405,3405,0,0,0,0,1.0,1.0,1.0,1.0,1.0,1,0.2952319800009054,32
293,9,3414,3414,0,0,0,0,1.0,1.0,1.0,1.0,1.0,1,0.2303453561782336,32
294,11,3425,3425,0,0,0,0,1.0,1.0,1.0,1.0,1.0,1,0.23761131497804464,32
295,8,3433,3433,0,0,0,0,1.0,1.0,1.0,1.0,1.0,1,0.3548844000733617,34
296,9,3442,3442,0,0,0,0,1.0,1.0,1.0,1.0,1.0,1,0.2968896939507074,34
297,5,3447,3447,0,0,0,0,1.0,1.0,1.0,1.0,1.0,1,0.35562448501909494,34
298,6,3453,3453,0,0,0,0,1.0,1.0,1.0,1.0,1.0,1,0.29984850809692914,35
299,15,3468,3468,0,0,0,0,1.0,1.0,1.0,1.0,1.0,1,0.3101947865695941,35
300,15,3483,3483,0,0,0,0,1.0,1.0,1.0,1.0,1.0,1,0.3298616973457023,35
301,14,3497,3497,0,0,0,0,1.0,1.0,1.0,1.0,1.0,1,0.30222149336871107,38
302,18,3515,3515,0,0,0,0,1.0,1.0,1.0,1.0,1.0,1,0.3669770835675167,38
303,16,3531,3531,0,0,0,0,1.0,1.0,1.0,1.0,1.0,1,0.4386717713240854,37
304,16,3547,3547,0,0,0,0,1.0,1.0,1.0,1.0,1.0,1,0.41173674648246816,37
305,6,3553,3553,0,0,0,0,1.0,1.0,1.0,1.0,1.0,1,0.2587996768741636,36
306,12,3565,3565,0,0,0,0,1.0,1.0,1.0,1.0,1.0,1,0.22586561927622412,36
307,8,3573,3573,0,0,0,0,1.0,1.0,1.0,1.0,1.0,1,0.20361902556906472,35
308,10,3583,3583,0,0,0,0,1.0,1.0,1.0,1.0,1.0,1,0.2024666874007857,37
309,10,3593,3593,0,0,0,0,1.0,1.0,1.0,1.0,1.0,1,0.24991942384605345,37
310,5,3598,3598,0,0,0,0,1.0,1.0,1.0,1.0,1.0,1,0.24467404353287,37
311,8,3606,3606,0,0,0,0,1.0,1.0,1.0,1.0,1.0,1,0.22366279560048924,39
312,13,3619,3619,0,0,0,0,1.0,1.0,1.0,1.0,1.0,1,0.25497677186100387,40
313,12,3631,3631,0,0,0,0,1.0,1.0,1.0,1.0,1.0,1,0.18225256240840979,39
314,17,3648,3648,0,0,0,0,1.0,1.0,1.0,1.0,1.0,1,0.2512423651353948,40
315,11,3659,3659,0,0,0,0,1.0,1.0,1.0,1.0,1.0,1,0.28461461626852685,39
316,6,3665,3665,0,0,0,0,1.0,1.0,1.0,1.0,1.0,1,0.3513807815529309,39
317,14,3679,3679,0,0,0,0,1.0,1.0,1.0,1.0,1.0,1,0.32512156271370096,40
318,15,3694,3694,0,0,0,0,1.0,1.0,1.0,1.0,1.0,1,0.31635148644070027,41
319,12,3706,3706,0,0,0,0,1.0,1.0,1.0,1.0,1.0,1,0.3748161290989892,41
320,12,3718,3718,0,0,0,0,1.0,1.0,1.0,1.0,1.0,1,0.34686133131361047,41
321,10,3728,3728,0,0,0,0,1.0,1.0,1.0,1.0,1.0,1,0.35237234106538756,41
322,19,3747,3747,0,0,0,0,1.0,1.0,1.0,1.0,1.0,1,0.32257181343877334,41
323,20,3767,3767,0,0,0,0,1.0,1.0,1.0,1.0,1.0,1,0.45252296016250193,41
324,20,3787,3787,0,0,0,0,1.0,1.0,1.0,1.0,1.0,1,0.36109979814372617,42
325,12,3799,3799,0,0,0,0,1.0,1.0,1.0,1.0,1.0,1,0.3212425587700382,42
326,4,3803,3803,0,0,0,0,1.0,1.0,1.0,1.0,1.0,1,0.33136681341410595,42
327,6,3809,3809,0,0,0,0,1.0,1.0,1.0,1.0,1.0,1,0.298750906147062,42
328,5,3814,3814,0,0,0,0,1.0,1.0,1.0,1.0,1.0,1,0.30237892079967227,43
329,14,3828,3828,0,0,0,0,1.0,1.0,1.0,1.0,1.0,1,0.3149591935455244,43
330,6,3834,3834,0,0,0,0,1.0,1.0,1.0,1.0,1.0,1,0.34784947111901915,45
331,17,3851,3851,0,0,0,0,1.0,1.0,1.0,1.0,1.0,1,0.30155836082959736,45
332,11,3862,3862,0,0,0,0,1.0,1.0,1.0,1.0,1.0,1,0.2580079824813641,45
333,11,3873,3873,0,0,0,0,1.0,1.0,1.0,1.0,1.0,1,0.36249783257793483,46
334,5,3878,3878,0,0,0,0,1.0,1.0,1.0,1.0,1.0,1,0.3942109077571678,48
335,8,3886,3886,0,0,0,0,1.0,1.0,1.0,1.0,1.0,1,0.3651924783736379,48
336,7,3893,3893,0,0,0,0,1.0,1.0,1.0,1.0,1.0,1,0.31391415798699196,48
337,12,3905,3905,0,0,0,0,1.0,1.0,1.0,1.0,1.0,1,0.3708634049509306,49
338,8,3913,3913,0,0,0,0,1.0,1.0,1.0,1.0,1.0,1,0.304810482171301,50
339,3,3916,3916,0,0,0,0,1.0,1.0,1.0,1.0,1.0,1,0.29470886464963764,50
340,8,3924,3924,0,0,0,0,1.0,1.0,1.0,1.0,1.0,1,0.2814738173559257,50
341,5,3929,3929,0,0,0,0,1.0,1.0,1.0,1.0,1.0,1,0.28700683896823065,51
342,8,3937,3937,0,0,0,0,1.0,1.0,1.0,1.0,1.0,1,0.3091688213218179,51
343,9,3946,3946,0,0,0,0,1.0,1.0,1.0,1.0,1.0,1,0.2583119852257772,51
344,17,3963,3963,0,0,0,0,1.0,1.0,1.0,1.0,1.0,1,0.17380421095822413,50
345,17,3980,3980,0,0,0,0,1.0,1.0,1.0,1.0,1.0,1,0.32889716663855456,51
346,12,3992,3992,0,0,0,0,1.0,1.0,1.0,1.0,1.0,1,0.24578433750705517,51
347,14,4006,4006,0,0,0,0,1.0,1.0,1.0,1.0,1.0,1,0.2820495996951772,51
348,17,4023,4023,0,0,0,0,1.0,1.0,1.0,1.0,1.0,1,0.3590578979246451,53
349,12,4035,4035,0,0,0,0,1.0,1.0,1.0,1.0,1.0,1,0.3037474479098984,55
350,14,4049,4049,0,0,0,0,1.0,1.0,1.0,1.0,1.0,1,0.3110049458727818,54
351,15,4064,4064,0,0,0,0,1.0,1.0,1.0,1.0,1.0,1,0.38713065210394504,54
352,13,4077,4077,0,0,0,0,1.0,1.0,1.0,1.0,1.0,1,0.32488032795049243,53
353,9,4086,4086,0,0,0,0,1.0,1.0,1.0,1.0,1.0,1,0.38652235443289795,53
354,14,4100,4100,0,0,0,0,1.0,1.0,1.0,1.0,1.0,1,0.3629870705663483,50
355,11,4111,4111,0,0,0,0,1.0,1.0,1.0,1.0,1.0,1,0.33075508467226605,51
356,16,4127,4127,0,0,0,0,1.0,1.0,1.0,1.0,1.0,1,0.31135737169849254,51
357,16,4143,4143,0,0,0,0,1.0,1.0,1.0,1.0,1.0,1,0.3643201030921781,50
358,17,4160,4160,0,0,0,0,1.0,1.0,1.0,1.0,1.0,1,0.3041437772261088,48
359,9,4169,4169,0,0,0,0,1.0,1.0,1.0,1.0,1.0,1,0.3537996549643217,47
360,12,4181,4181,0,0,0,0,1.0,1.0,1.0,1.0,1.0,1,0.3980611416657809,45
361,9,4190,4190,0,0,0,0,1.0,1.0,1.0,1.0,1.0,1,0.2952312216375807,44
362,9,4199,4199,0,0,0,0,1.0,1.0,1.0,1.0,1.0,1,0.3333507272453974,44
363,12,4211,4211,0,0,0,0,1.0,1.0,1.0,1.0,1.0,1,0.2781080683873397,44
364,7,4218,4218,0,0,0,0,1.0,1.0,1.0,1.0,1.0,1,0.2483885758998569,43
365,10,4228,4228,0,0,0,0,1.0,1.0,1.0,1.0,1.0,1,0.3173736012985142,43
366,12,4240,4240,0,0,0,0,1.0,1.0,1.0,1.0,1.0,1,0.29766053997480724,45
367,5,4245,4245,0,0,0,0,1.0,1.0,1.0,1.0,1.0,1,0.3532949053384786,44
368,7,4252,4252,0,0,0,0,1.0,1.0,1.0,1.0,1.0,1,0.3416253667622999,46
369,9,4261,4261,0,0,0,0,1.0,1.0,1.0,1.0,1.0,1,0.3853062808610903,45
370,10,4271,4271,0,0,0,0,1.0,1.0,1.0,1.0,1.0,1,0.33143279459698355,46
371,12,4283,4283,0,0,0,0,1.0,1.0,1.0,1.0,1.0,1,0.3341133359540428,47
372,10,4293,4293,0,0,0,0,1.0,1.0,1.0,1.0,1.0,1,0.3191761205392298,48
373,10,4303,4303,0,0,0,0,1.0,1.0,1.0,1.0,1.0,1,0.2687341366944684,48
374,20,4323,4323,0,0,0,0,1.0,1.0,1.0,1.0,1.0,1,0.3433739750304191,49
375,14,4337,4337,0,0,0,0,1.0,1.0,1.0,1.0,1.0,1,0.2386962292486491,49
376,17,4354,4354,0,0,0,0,1.0,1.0,1.0,1.0,1.0,1,0.3480069088449492,49
377,6,4360,4360,0,0,0,0,1.0,1.0,1.0,1.0,1.0,1,0.23620545156814918,49
378,14,4374,4374,0,0,0,0,1.0,1.0,1.0,1.0,1.0,1,0.2660432809090029,49
379,12,4386,4386,0,0,0,0,1.0,1.0,1.0,1.0,1.0,1,0.2797936188041516,50
380,12,4398,4398,0,0,0,0,1.0,1.0,1.0,1.0,1.0,1,0.27035968383196746,50
381,15,4413,4413,0,0,0,0,1.0,1.0,1.0,1.0,1.0,1,0.28623611308060865,51
382,9,4422,4422,0,0,0,0,1.0,1.0,1.0,1.0,1.0,1,0.32218920141879837,50
383,13,4435,4435,0,0,0,0,1.0,1.0,1.0,1.0,1.0,1,0.30862738607471124,51
384,9,4444,4444,0,0,0,0,1.0,1.0,1.0,1.0,1.0,1,0.2957000726861462,50
385,14,4458,4458,0,0,0,0,1.0,1.0,1.0,1.0,1.0,1,0.4019241125196222,50
386,15,4473,4473,0,0,0,0,1.0,1.0,1.0,1.0,1.0,1,0.3848613727302054,48
387,14,4487,4487,0,0,0,0,1.0,1.0,1.0,1.0,1.0,1,0.31869385732178734,47
388,15,4502,4502,0,0,0,0,1.0,1.0,1.0,1.0,1.0,1,0.3515870861159294,48
389,12,4514,4514,0,0,0,0,1.0,1.0,1.0,1.0,1.0,1,0.3910171783683844,47
390,18,4532,4532,0,0,0,0,1.0,1.0,1.0,1.0,1.0,1,0.3485388924986381,49
391,19,4551,4551,0,0,0,0,1.0,1.0,1.0,1.0,1.0,1,0.4302574777428598,46
392,13,4564,4564,0,0,0,0,1.0,1.0,1.0,1.0,1.0,1,0.435608583807086,46
393,18,4582,4582,0,0,0,0,1.0,1.0,1.0,1.0,1.0,1,0.35687985549241197,44
394,19,4601,4601,0,0,0,0,1.0,1.0,1.0,1.0,1.0,1,0.39324486237203243,43
395,20,4621,4621,0,0,0,0,1.0,1.0,1.0,1.0,1.0,1,0.41148821061985047,42
396,23,4644,4644,0,0,0,0,1.0,1.0,1.0,1.0,1.0,1,0.33077349280765006,39
397,16,4660,4660,0,0,0,0,1.0,1.0,1.0,1.0,1.0,1,0.36252248211481936,39
398,19,4679,4679,0,0,0,0,1.0,1.0,1.0,1.0,1.0,1,0.35854189897921623,36
399,9,4688,4688,0,0,0,0,1.0,1.0,1.0,1.0,1.0,1,0.37605300243943657,36
400,11,4699,4699,0,0,0,0,1.0,1.0,1.0,1.0,1.0,1,0.339514808227381,34
401,11,4710,4710,0,0,0,0,1.0,1.0,1.0,1.0,1.0,1,0.3205515977415942,33
402,17,4727,4727,0,0,0,0,1.0,1.0,1.0,1.0,1.0,1,0.27177555487943783,34
403,13,4740,4740,0,0,0,0,1.0,1.0,1.0,1.0,1.0,1,0.38235972766452,36
404,21,4761,4761,0,0,0,0,1.0,1.0,1.0,1.0,1.0,1,0.36105574291231274,36
405,13,4774,4774,0,0,0,0,1.0,1.0,1.0,1.0,1.0,1,0.23997458405143982,37
406,10,4784,4784,0,0,0,0,1.0,1.0,1.0,1.0,1.0,1,0.4732089812998316,37
407,12,4796,4796,0,0,0,0,1.0,1.0,1.0,1.0,1.0,1,0.2829762920248755,39
408,19,4815,4815,0,0,0,0,1.0,1.0,1.0,1.0,1.0,1,0.303211905586746,40
409,10,4825,4825,0,0,0,0,1.0,1.0,1.0,1.0,1.0,1,0.4116984785646529,41
410,16,4841,4841,0,0,0,0,1.0,1.0,1.0,1.0,1.0,1,0.39423022629888943,42
411,11,4852,4852,0,0,0,0,1.0,1.0,1.0,1.0,1.0,1,0.3765793386499218,43
412,9,4861,4861,0,0,0,0,1.0,1.0,1.0,1.0,1.0,1,0.36676695629142575,44
413,12,4873,4873,0,0,0,0,1.0,1.0,1.0,1.0,1.0,1,0.45407012211859615,44
414,11,4884,4884,0,0,0,0,1.0,1.0,1.0,1.0,1.0,1,0.4412818465431902,45
415,10,4894,4894,0,0,0,0,1.0,1.0,1.0,1.0,1.0,1,0.4881638494069327,45
416,7,4901,4901,0,0,0,0,1.0,1.0,1.0,1.0,1.0,1,0.39168798638529967,46
417,15,4916,4916,0,0,0,0,1.0,1.0,1.0,1.0,1.0,1,0.46037520532942316,46
418,10,4926,4926,0,0,0,0,1.0,1.0,1.0,1.0,1.0,1,0.4444062559287735,47
419,6,4932,4932,0,0,0,0,1.0,1.0,1.0,1.0,1.0,1,0.4388960193082838,47
420,8,4940,4940,0,0,0,0,1.0,1.0,1.0,1.0,1.0,1,0.35323351578793616,47
421,6,4946,4946,0,0,0,0,1.0,1.0,1.0,1.0,1.0,1,0.41405106413653897,47
422,9,4955,4955,0,0,0,0,1.0,1.0,1.0,1.0,1.0,1,0.35675564491042555,49
423,6,4961,4961,0,0,0,0,1.0,1.0,1.0,1.0,1.0,1,0.3564854255287343,47
424,17,4978,4978,0,0,0,0,1.0,1.0,1.0,1.0,1.0,1,0.3509954122989564,45
425,17,4995,4995,0,0,0,0,1.0,1.0,1.0,1.0,1.0,1,0.34812416819980535,46
426,20,5015,5015,0,0,0,0,1.0,1.0,1.0,1.0,1.0,1,0.3832647092638585,46
427,21,5036,5036,0,0,0,0,1.0,1.0,1.0,1.0,1.0,1,0.2813595975656069,45
428,19,5055,5055,0,0,0,0,1.0,1.0,1.0,1.0,1.0,1,0.2878304452160708,45
429,17,5072,5072,0,0,0,0,1.0,1.0,1.0,1.0,1.0,1,0.23760304945090235,42
430,10,5082,5082,0,0,0,0,1.0,1.0,1.0,1.0,1.0,1,0.1985135359643211,40
431,14,5096,5096,0,0,0,0,1.0,1.0,1.0,1.0,1.0,1,0.3136466481086629,39
432,8,5104,5104,0,0,0,0,1.0,1.0,1.0,1.0,1.0,1,0.2891794128206969,37
433,7,5111,5111,0,0,0,0,1.0,1.0,1.0,1.0,1.0,1,0.3464337511829659,35
434,5,5116,5116,0,0,0,0,1.0,1.0,1.0,1.0,1.0,1,0.37379902760518735,33
435,9,5125,5125,0,0,0,0,1.0,1.0,1.0,1.0,1.0,1,0.36829768079288694,33
436,6,5131,5131,0,0,0,0,1.0,1.0,1.0,1.0,1.0,1,0.29900068530931023,33
437,9,5140,5140,0,0,0,0,1.0,1.0,1.0,1.0,1.0,1,0.25122667672522875,33
438,7,5147,5147,0,0,0,0,1.0,1.0,1.0,1.0,1.0,1,0.3924537654704683,32
439,9,5156,5156,0,0,0,0,1.0,1.0,1.0,1.0,1.0,1,0.36440653889422997,34
440,12,5168,5168,0,0,0,0,1.0,1.0,1.0,1.0,1.0,1,0.15925133249513077,34
441,9,5177,5177,0,0,0,0,1.0,1.0,1.0,1.0,1.0,1,0.1874838345667219,35
442,12,5189,5189,0,0,0,0,1.0,1.0,1.0,1.0,1.0,1,0.20033845327515215,37
443,14,5203,5203,0,0,0,0,1.0,1.0,1.0,1.0,1.0,1,0.2905281385862871,37
444,9,5212,5212,0,0,0,0,1.0,1.0,1.0,1.0,1.0,1,0.36291711538580435,38
445,11,5223,5223,0,0,0,0,1.0,1.0,1.0,1.0,1.0,1,0.3723330559875911,39
446,12,5235,5235,0,0,0,0,1.0,1.0,1.0,1.0,1.0,1,0.40561071892041056,39
447,10,5245,5245,0,0,0,0,1.0,1.0,1.0,1.0,1.0,1,0.35659476037383164,41
448,13,5258,5258,0,0,0,0,1.0,1.0,1.0,1.0,1.0,1,0.370305394094828,41
449,9,5267,5267,0,0,0,0,1.0,1.0,1.0,1.0,1.0,1,0.3150542113696911,40
450,6,5273,5273,0,0,0,0,1.0,1.0,1.0,1.0,1.0,1,0.45373441067338344,40
451,18,5291,5291,0,0,0,0,1.0,1.0,1.0,1.0,1.0,1,0.28273220600795235,41
452,13,5304,5304,0,0,0,0,1.0,1.0,1.0,1.0,1.0,1,0.2879253047025671,41
453,23,5327,5327,0,0,0,0,1.0,1.0,1.0,1.0,1.0,1,0.26909080737080604,40
454,8,5335,5335,0,0,0,0,1.0,1.0,1.0,1.0,1.0,1,0.24249867583355686,41
455,25,5360,5360,0,0,0,0,1.0,1.0,1.0,1.0,1.0,1,0.3250233691815522,41
456,15,5375,5375,0,0,0,0,1.0,1.0,1.0,1.0,1.0,1,0.32429361740000423,43
457,21,5396,5396,0,0,0,0,1.0,1.0,1.0,1.0,1.0,1,0.3409542808077556,43
458,10,5406,5406,0,0,0,0,1.0,1.0,1.0,1.0,1.0,1,0.3278604018226176,43
459,11,5417,5417,0,0,0,0,1.0,1.0,1.0,1.0,1.0,1,0.28828980791542697,44
460,14,5431,5431,0,0,0,0,1.0,1.0,1.0,1.0,1.0,1,0.23030947550718558,47
461,12,5443,5443,0,0,0,0,1.0,1.0,1.0,1.0,1.0,1,0.209546923226975,48
462,11,5454,5454,0,0,0,0,1.0,1.0,1.0,1.0,1.0,1,0.2563093665888593,49
463,3,5457,5457,0,0,0,0,1.0,1.0,1.0,1.0,1.0,1,0.22951789137214726,47
464,5,5462,5462,0,0,0,0,1.0,1.0,1.0,1.0,1.0,1,0.23152040690821477,48
465,11,5473,5473,0,0,0,0,1.0,1.0,1.0,1.0,1.0,1,0.25721649700536137,47
466,6,5479,5479,0,0,0,0,1.0,1.0,1.0,1.0,1.0,1,0.25099207115586286,46
467,8,5487,5487,0,0,0,0,1.0,1.0,1.0,1.0,1.0,1,0.25915728911766245,44
468,11,5498,5498,0,0,0,0,1.0,1.0,1.0,1.0,1.0,1,0.2646171047599243,41
469,7,5505,5505,0,0,0,0,1.0,1.0,1.0,1.0,1.0,1,0.281118885957401,40
470,11,5516,5516,0,0,0,0,1.0,1.0,1.0,1.0,1.0,1,0.2967374395210353,39
471,13,5529,5529,0,0,0,0,1.0,1.0,1.0,1.0,1.0,1,0.36389757730843586,38
472,7,5536,5536,0,0,0,0,1.0,1.0,1.0,1.0,1.0,1,0.36448464024056254,36
473,8,5544,5544,0,0,0,0,1.0,1.0,1.0,1.0,1.0,1,0.3926278856643896,36
474,7,5551,5551,0,0,0,0,1.0,1.0,1.0,1.0,1.0,1,0.3428192539222725,34
475,6,5557,5557,0,0,0,0,1.0,1.0,1.0,1.0,1.0,1,0.36129678670653714,34
476,5,5562,5562,0,0,0,0,1.0,1.0,1.0,1.0,1.0,1,0.3635519896205458,32
477,8,5570,5570,0,0,0,0,1.0,1.0,1.0,1.0,1.0,1,0.35126281846234725,32
478,5,5575,5575,0,0,0,0,1.0,1.0,1.0,1.0,1.0,1,0.3772764251870003,30
479,10,5585,5585,0,0,0,0,1.0,1.0,1.0,1.0,1.0,1,0.2889897801304202,31
480,10,5595,5595,0,0,0,0,1.0,1.0,1.0,1.0,1.0,1,0.24423531055232658,27
481,8,5603,5603,0,0,0,0,1.0,1.0,1.0,1.0,1.0,1,0.14544201166224738,28
482,11,5614,5614,0,0,0,0,1.0,1.0,1.0,1.0,1.0,1,0.3201294820967875,28
483,13,5627,5627,0,0,0,0,1.0,1.0,1.0,1.0,1.0,1,0.21893313730589392,29
484,19,5646,5646,0,0,0,0,1.0,1.0,1.0,1.0,1.0,1,0.35037560949031565,29
485,12,5658,5658,0,0,0,0,1.0,1.0,1.0,1.0,1.0,1,0.4206529772744986,29
486,19,5677,5677,0,0,0,0,1.0,1.0,1.0,1.0,1.0,1,0.40522501994621346,31
487,21,5698,5698,0,0,0,0,1.0,1.0,1.0,1.0,1.0,1,0.34076113198443847,33
488,11,5709,5709,0,0,0,0,1.0,1.0,1.0,1.0,1.0,1,0.2578316286866668,34
489,11,5720,5720,0,0,0,0,1.0,1.0,1.0,1.0,1.0,1,0.40645566767185076,34
490,18,5738,5738,0,0,0,0,1.0,1.0,1.0,1.0,1.0,1,0.36678413880086147,34
491,2,5740,5740,0,0,0,0,1.0,1.0,1.0,1.0,1.0,1,0.3725193730295287,34
492,5,5745,5745,0,0,0,0,1.0,1.0,1.0,1.0,1.0,1,0.3337955791325869,34
493,10,5755,5755,0,0,0,0,1.0,1.0,1.0,1.0,1.0,1,0.4133429100590621,34
494,12,5767,5767,0,0,0,0,1.0,1.0,1.0,1.0,1.0,1,0.33518953275514374,36
495,11,5778,5778,0,0,0,0,1.0,1.0,1.0,1.0,1.0,1,0.39389603785606914,36
496,7,5785,5785,0,0,0,0,1.0,1.0,1.0,1.0,1.0,1,0.35395032805761073,37
497,10,5795,5795,0,0,0,0,1.0,1.0,1.0,1.0,1.0,1,0.36928742630887945,39
498,13,5808,5808,0,0,0,0,1.0,1.0,1.0,1.0,1.0,1,0.2701995278323364,40
499,14,5822,5822,0,0,0,0,1.0,1.0,1.0,1.0,1.0,1,0.33136188921039134,40
500,11,5833,5833,0,0,0,0,1.0,1.0,1.0,1.0,1.0,1,0.32388589202267226,42
501,17,5850,5850,0,0,0,0,1.0,1.0,1.0,1.0,1.0,1,0.29416051087084927,42
502,17,5867,5867,0,0,0,0,1.0,1.0,1.0,1.0,1.0,1,0.37804948308822117,42
503,14,5881,5881,0,0,0,0,1.0,1.0,1.0,1.0,1.0,1,0.3159584904325552,41
504,13,5894,5894,0,0,0,0,1.0,1.0,1.0,1.0,1.0,1,0.3703274098720708,42
505,10,5904,5904,0,0,0,0,1.0,1.0,1.0,1.0,1.0,1,0.2456630062705862,38
506,12,5916,5916,0,0,0,0,1.0,1.0,1.0,1.0,1.0,1,0.26669033717970053,37
507,10,5926,5926,0,0,0,0,1.0,1.0,1.0,1.0,1.0,1,0.2026858478400213,35
508,10,5936,5936,0,0,0,0,1.0,1.0,1.0,1.0,1.0,1,0.2437789475172269,35
509,5,5941,5941,0,0,0,0,1.0,1.0,1.0,1.0,1.0,1,0.28266418771038704,34
510,7,5948,5948,0,0,0,0,1.0,1.0,1.0,1.0,1.0,1,0.37974231898478905,34
511,6,5954,5954,0,0,0,0,1.0,1.0,1.0,1.0,1.0,1,0.3671827586295781,32
512,4,5958,5958,0,0,0,0,1.0,1.0,1.0,1.0,1.0,1,0.48746334948296677,30
513,15,5973,5973,0,0,0,0,1.0,1.0,1.0,1.0,1.0,1,0.3785212143116675,31
514,6,5979,5979,0,0,0,0,1.0,1.0,1.0,1.0,1.0,1,0.4669980368511727,31
515,11,5990,5990,0,0,0,0,1.0,1.0,1.0,1.0,1.0,1,0.3886688467037711,32
516,16,6006,6006,0,0,0,0,1.0,1.0,1.0,1.0,1.0,1,0.37987021035413976,31
517,15,6021,6021,0,0,0,0,1.0,1.0,1.0,1.0,1.0,1,0.33726107318346443,32
518,13,6034,6034,0,0,0,0,1.0,1.0,1.0,1.0,1.0,1,0.35859962742200896,31
519,16,6050,6050,0,0,0,0,1.0,1.0,1.0,1.0,1.0,1,0.38065076009116866,31
520,9,6059,6059,0,0,0,0,1.0,1.0,1.0,1.0,1.0,1,0.47377335935341525,33
521,16,6075,6075,0,0,0,0,1.0,1.0,1.0,1.0,1.0,1,0.330618014144416,34
522,7,6082,6082,0,0,0,0,1.0,1.0,1.0,1.0,1.0,1,0.4168884791750487,34
523,7,6089,6089,0,0,0,0,1.0,1.0,1.0,1.0,1.0,1,0.42624031745295676,33
524,10,6099,6099,0,0,0,0,1.0,1.0,1.0,1.0,1.0,1,0.3070869989995382,34
525,4,6103,6103,0,0,0,0,1.0,1.0,1.0,1.0,1.0,1,0.36011987352905495,32
526,13,6116,6116,0,0,0,0,1.0,1.0,1.0,1.0,1.0,1,0.3405619530096878,32
527,13,6129,6129,0,0,0,0,1.0,1.0,1.0,1.0,1.0,1,0.4236853777745948,31
528,15,6144,6144,0,0,0,0,1.0,1.0,1.0,1.0,1.0,1,0.33097667110626866,31
529,8,6152,6152,0,0,0,0,1.0,1.0,1.0,1.0,1.0,1,0.4448923991108711,30
530,9,6161,6161,0,0,0,0,1.0,1.0,1.0,1.0,1.0,1,0.41385309592739666,30
531,6,6167,6167,0,0,0,0,1.0,1.0,1.0,1.0,1.0,1,0.4636167432400013,32
532,8,6175,6175,0,0,0,0,1.0,1.0,1.0,1.0,1.0,1,0.4354555971596914,32
533,10,6185,6185,0,0,0,0,1.0,1.0,1.0,1.0,1.0,1,0.427641660895815,34
534,10,6195,6195,0,0,0,0,1.0,1.0,1.0,1.0,1.0,1,0.4271524618482285,34
535,7,6202,6202,0,0,0,0,1.0,1.0,1.0,1.0,1.0,1,0.44241645349304626,37
536,8,6210,6210,0,0,0,0,1.0,1.0,1.0,1.0,1.0,1,0.3342422828500808,37
537,9,6219,6219,0,0,0,0,1.0,1.0,1.0,1.0,1.0,1,0.41311419760644214,37
538,5,6224,6224,0,0,0,0,1.0,1.0,1.0,1.0,1.0,1,0.3705227929435011,38
539,8,6232,6232,0,0,0,0,1.0,1.0,1.0,1.0,1.0,1,0.37447156621811284,38
540,4,6236,6236,0,0,0,0,1.0,1.0,1.0,1.0,1.0,1,0.43315172474599134,38
541,7,6243,6243,0,0,0,0,1.0,1.0,1.0,1.0,1.0,1,0.3506420107748802,39
542,10,6253,6253,0,0,0,0,1.0,1.0,1.0,1.0,1.0,1,0.40146458256965856,40
543,9,6262,6262,0,0,0,0,1.0,1.0,1.0,1.0,1.0,1,0.505655960608864,37
544,9,6271,6271,0,0,0,0,1.0,1.0,1.0,1.0,1.0,1,0.5162346035623849,35
545,8,6279,6279,0,0,0,0,1.0,1.0,1.0,1.0,1.0,1,0.4309830138356031,35
546,12,6291,6291,0,0,0,0,1.0,1.0,1.0,1.0,1.0,1,0.4579206937762384,35
547,15,6306,6306,0,0,0,0,1.0,1.0,1.0,1.0,1.0,1,0.45011443704605514,34
548,12,6318,6318,0,0,0,0,1.0,1.0,1.0,1.0,1.0,1,0.3885153404463701,34
549,12,6330,6330,0,0,0,0,1.0,1.0,1.0,1.0,1.0,1,0.5131551606269275,31
550,9,6339,6339,0,0,0,0,1.0,1.0,1.0,1.0,1.0,1,0.3051222484669181,30
551,11,6350,6350,0,0,0,0,1.0,1.0,1.0,1.0,1.0,1,0.3930106107034651,31
552,9,6359,6359,0,0,0,0,1.0,1.0,1.0,1.0,1.0,1,0.44083392852884284,29
553,16,6375,6375,0,0,0,0,1.0,1.0,1.0,1.0,1.0,1,0.47391243992692467,30
554,9,6384,6384,0,0,0,0,1.0,1.0,1.0,1.0,1.0,1,0.48327306968270134,30
555,15,6399,6399,0,0,0,0,1.0,1.0,1.0,1.0,1.0,1,0.4050024497480401,30
556,13,6412,6412,0,0,0,0,1.0,1.0,1.0,1.0,1.0,1,0.4989018015733224,31
557,16,6428,6428,0,0,0,0,1.0,1.0,1.0,1.0,1.0,1,0.5190697801355884,31
558,14,6442,6442,0,0,0,0,1.0,1.0,1.0,1.0,1.0,1,0.35856262441897035,31
559,15,6457,6457,0,0,0,0,1.0,1.0,1.0,1.0,1.0,1,0.4904091696898435,31
560,21,6478,6478,0,0,0,0,1.0,1.0,1.0,1.0,1.0,1,0.47222514395379084,32
561,19,6497,6497,0,0,0,0,1.0,1.0,1.0,1.0,1.0,1,0.31525480027136066,33
562,17,6514,6514,0,0,0,0,1.0,1.0,1.0,1.0,1.0,1,0.3904430822732272,33
563,13,6527,6527,0,0,0,0,1.0,1.0,1.0,1.0,1.0,1,0.4343490780247633,33
564,12,6539,6539,0,0,0,0,1.0,1.0,1.0,1.0,1.0,1,0.3814083834638066,34
565,15,6554,6554,0,0,0,0,1.0,1.0,1.0,1.0,1.0,1,0.3294710563780084,35
566,11,6565,6565,0,0,0,0,1.0,1.0,1.0,1.0,1.0,1,0.3023670896149298,36
567,14,6579,6579,0,0,0,0,1.0,1.0,1.0,1.0,1.0,1,0.38285255036945526,37
568,16,6595,6595,0,0,0,0,1.0,1.0,1.0,1.0,1.0,1,0.36822868066202247,36
569,8,6603,6603,0,0,0,0,1.0,1.0,1.0,1.0,1.0,1,0.32605679943289523,37
570,6,6609,6609,0,0,0,0,1.0,1.0,1.0,1.0,1.0,1,0.27290892988732046,38
571,10,6619,6619,0,0,0,0,1.0,1.0,1.0,1.0,1.0,1,0.35167074127254594,38
572,3,6622,6622,0,0,0,0,1.0,1.0,1.0,1.0,1.0,1,0.31424066236237375,39
573,8,6630,6630,0,0,0,0,1.0,1.0,1.0,1.0,1.0,1,0.37984180517248073,39
574,8,6638,6638,0,0,0,0,1.0,1.0,1.0,1.0,1.0,1,0.28100296332349933,41
575,10,6648,6648,0,0,0,0,1.0,1.0,1.0,1.0,1.0,1,0.31054821293781354,41
576,10,6658,6658,0,0,0,0,1.0,1.0,1.0,1.0,1.0,1,0.32726278420034205,42
577,6,6664,6664,0,0,0,0,1.0,1.0,1.0,1.0,1.0,1,0.3158085044484557,42
578,7,6671,6671,0,0,0,0,1.0,1.0,1.0,1.0,1.0,1,0.28773132602618207,41
579,5,6676,6676,0,0,0,0,1.0,1.0,1.0,1.0,1.0,1,0.2718428574036499,42
580,11,6687,6687,0,0,0,0,1.0,1.0,1.0,1.0,1.0,1,0.31366004406136216,43
581,8,6695,6695,0,0,0,0,1.0,1.0,1.0,1.0,1.0,1,0.25241793390842143,42
582,14,6709,6709,0,0,0,0,1.0,1.0,1.0,1.0,1.0,1,0.24380607241159138,41
583,11,6720,6720,0,0,0,0,1.0,1.0,1.0,1.0,1.0,1,0.2890868157034218,40
584,19,6739,6739,0,0,0,0,1.0,1.0,1.0,1.0,1.0,1,0.33515924758598475,38
585,18,6757,6757,0,0,0,0,1.0,1.0,1.0,1.0,1.0,1,0.26439504589840046,38
586,11,6768,6768,0,0,0,0,1.0,1.0,1.0,1.0,1.0,1,0.27520851235561605,37
587,13,6781,6781,0,0,0,0,1.0,1.0,1.0,1.0,1.0,1,0.26407856644796346,35
588,16,6797,6797,0,0,0,0,1.0,1.0,1.0,1.0,1.0,1,0.3919029278317644,35
589,9,6806,6806,0,0,0,0,1.0,1.0,1.0,1.0,1.0,1,0.24334073503494447,34
590,17,6823,6823,0,0,0,0,1.0,1.0,1.0,1.0,1.0,1,0.44525635690845544,36
591,10,6833,6833,0,0,0,0,1.0,1.0,1.0,1.0,1.0,1,0.30383733503249577,35
592,14,6847,6847,0,0,0,0,1.0,1.0,1.0,1.0,1.0,1,0.29443285460572804,37
593,11,6858,6858,0,0,0,0,1.0,1.0,1.0,1.0,1.0,1,0.39039995237404124,36
594,18,6876,6876,0,0,0,0,1.0,1.0,1.0,1.0,1.0,1,0.24888024556334817,35
595,14,6890,6890,0,0,0,0,1.0,1.0,1.0,1.0,1.0,1,0.43114571731784496,34
596,10,6900,6900,0,0,0,0,1.0,1.0,1.0,1.0,1.0,1,0.3012175342252058,34
597,17,6917,6917,0,0,0,0,1.0,1.0,1.0,1.0,1.0,1,0.48041105828286534,33
598,19,6936,6936,0,0,0,0,1.0,1.0,1.0,1.0,1.0,1,0.4610997787137417,33
599,15,6951,6951,0,0,0,0,1.0,1.0,1.0,1.0,1.0,1,0.49818285256887446,33
600,8,6959,6959,0,0,0,0,1.0,1.0,1.0,1.0,1.0,1,0.520923450595584,33
601,9,6968,6968,0,0,0,0,1.0,1.0,1.0,1.0,1.0,1,0.5942406638521182,34
602,15,6983,6983,0,0,0,0,1.0,1.0,1.0,1.0,1.0,1,0.6096643476917015,35
603,12,6995,6995,0,0,0,0,1.0,1.0,1.0,1.0,1.0,1,0.5391232939342524,35
604,7,7002,7002,0,0,0,0,1.0,1.0,1.0,1.0,1.0,1,0.5514680937364658,35
605,11,7013,7013,0,0,0,0,1.0,1.0,1.0,1.0,1.0,1,0.4791145006902337,35
606,9,7022,7022,0,0,0,0,1.0,1.0,1.0,1.0,1.0,1,0.5582016471179738,35
607,13,7035,7035,0,0,0,0,1.0,1.0,1.0,1.0,1.0,1,0.5341353894510922,35
608,14,7049,7049,0,0,0,0,1.0,1.0,1.0,1.0,1.0,1,0.6294854979974722,36
609,13,7062,7062,0,0,0,0,1.0,1.0,1.0,1.0,1.0,1,0.4105273671144922,37
610,16,7078,7078,0,0,0,0,1.0,1.0,1.0,1.0,1.0,1,0.2914764995824209,37
611,17,7095,7095,0,0,0,0,1.0,1.0,1.0,1.0,1.0,1,0.4312574598580412,39
612,16,7111,7111,0,0,0,0,1.0,1.0,1.0,1.0,1.0,1,0.34321015678555405,39
613,18,7129,7129,0,0,0,0,1.0,1.0,1.0,1.0,1.0,1,0.29077989169034507,39
614,13,7142,7142,0,0,0,0,1.0,1.0,1.0,1.0,1.0,1,0.2433208726902246,39
615,13,7155,7155,0,0,0,0,1.0,1.0,1.0,1.0,1.0,1,0.38756740556322505,39
616,4,7159,7159,0,0,0,0,1.0,1.0,1.0,1.0,1.0,1,0.36186271944257553,38
617,8,7167,7167,0,0,0,0,1.0,1.0,1.0,1.0,1.0,1,0.3963190089167206,39
618,9,7176,7176,0,0,0,0,1.0,1.0,1.0,1.0,1.0,1,0.4456846259015902,40
619,7,7183,7183,0,0,0,0,1.0,1.0,1.0,1.0,1.0,1,0.40714897814075546,39
620,8,7191,7191,0,0,0,0,1.0,1.0,1.0,1.0,1.0,1,0.3232995092036368,38
621,13,7204,7204,0,0,0,0,1.0,1.0,1.0,1.0,1.0,1,0.31436119749608704,38
622,12,7216,7216,0,0,0,0,1.0,1.0,1.0,1.0,1.0,1,0.3180699022506242,38
623,16,7232,7232,0,0,0,0,1.0,1.0,1.0,1.0,1.0,1,0.3681736103537478,37
624,13,7245,7245,0,0,0,0,1.0,1.0,1.0,1.0,1.0,1,0.3262938541256847,33
625,15,7260,7260,0,0,0,0,1.0,1.0,1.0,1.0,1.0,1,0.34203638417166243,32
626,17,7277,7277,0,0,0,0,1.0,1.0,1.0,1.0,1.0,1,0.41283247441023,31
627,9,7286,7286,0,0,0,0,1.0,1.0,1.0,1.0,1.0,1,0.46257146856669984,30
628,18,7304,7304,0,0,0,0,1.0,1.0,1.0,1.0,1.0,1,0.39901627933992617,32
629,6,7310,7310,0,0,0,0,1.0,1.0,1.0,1.0,1.0,1,0.3744015584049687,29
630,10,7320,7320,0,0,0,0,1.0,1.0,1.0,1.0,1.0,1,0.3984054650810405,29
631,8,7328,7328,0,0,0,0,1.0,1.0,1.0,1.0,1.0,1,0.5189496575352005,25
632,5,7333,7333,0,0,0,0,1.0,1.0,1.0,1.0,1.0,1,0.5562374499958851,24
633,15,7348,7348,0,0,0,0,1.0,1.0,1.0,1.0,1.0,1,0.528128467235123,23
634,6,7354,7354,0,0,0,0,1.0,1.0,1.0,1.0,1.0,1,0.5114924097227092,23
635,13,7367,7367,0,0,0,0,1.0,1.0,1.0,1.0,1.0,1,0.35811306528811937,22
636,7,7374,7374,0,0,0,0,1.0,1.0,1.0,1.0,1.0,1,0.4224357996004531,22
637,6,7380,7380,0,0,0,0,1.0,1.0,1.0,1.0,1.0,1,0.38296297861797746,23
638,5,7385,7385,0,0,0,0,1.0,1.0,1.0,1.0,1.0,1,0.351846891047727,23
639,5,7390,7390,0,0,0,0,1.0,1.0,1.0,1.0,1.0,1,0.2562348069983736,24
640,5,7395,7395,0,0,0,0,1.0,1.0,1.0,1.0,1.0,1,0.24874966215374703,24
641,10,7405,7405,0,0,0,0,1.0,1.0,1.0,1.0,1.0,1,0.30832768335171024,25
642,10,7415,7415,0,0,0,0,1.0,1.0,1.0,1.0,1.0,1,0.2035986076899725,26
643,9,7424,7424,0,0,0,0,1.0,1.0,1.0,1.0,1.0,1,0.3460935082589752,28
644,13,7437,7437,0,0,0,0,1.0,1.0,1.0,1.0,1.0,1,0.37695174343175486,28
645,11,7448,7448,0,0,0,0,1.0,1.0,1.0,1.0,1.0,1,0.30067650587468764,28
646,9,7457,7457,0,0,0,0,1.0,1.0,1.0,1.0,1.0,1,0.3974132822943126,29
647,9,7466,7466,0,0,0,0,1.0,1.0,1.0,1.0,1.0,1,0.40215653253483724,30
648,7,7473,7473,0,0,0,0,1.0,1.0,1.0,1.0,1.0,1,0.3411639982733815,30
649,10,7483,7483,0,0,0,0,1.0,1.0,1.0,1.0,1.0,1,0.3689830553292732,31
650,7,7490,7490,0,0,0,0,1.0,1.0,1.0,1.0,1.0,1,0.22671765219070933,31
651,11,7501,7501,0,0,0,0,1.0,1.0,1.0,1.0,1.0,1,0.4228638554392163,32
652,9,7510,7510,0,0,0,0,1.0,1.0,1.0,1.0,1.0,1,0.37794745430654625,32
653,10,7520,7520,0,0,0,0,1.0,1.0,1.0,1.0,1.0,1,0.28973187411246143,33
654,17,7537,7537,0,0,0,0,1.0,1.0,1.0,1.0,1.0,1,0.43918405596361687,33
655,16,7553,7553,0,0,0,0,1.0,1.0,1.0,1.0,1.0,1,0.3863436029796254,36
656,11,7564,7564,0,0,0,0,1.0,1.0,1.0,1.0,1.0,1,0.3498224079067454,36
657,13,7577,7577,0,0,0,0,1.0,1.0,1.0,1.0,1.0,1,0.22301606987456435,35
658,18,7595,7595,0,0,0,0,1.0,1.0,1.0,1.0,1.0,1,0.29477870991366445,33
659,12,7607,7607,0,0,0,0,1.0,1.0,1.0,1.0,1.0,1,0.37819530684511216,35
660,10,7617,7617,0,0,0,0,1.0,1.0,1.0,1.0,1.0,1,0.3492690732418602,34
661,7,7624,7624,0,0,0,0,1.0,1.0,1.0,1.0,1.0,1,0.4334487537306054,33
662,11,7635,7635,0,0,0,0,1.0,1.0,1.0,1.0,1.0,1,0.44733487896059854,31
663,17,7652,7652,0,0,0,0,1.0,1.0,1.0,1.0,1.0,1,0.32843706097303466,29
664,8,7660,7660,0,0,0,0,1.0,1.0,1.0,1.0,1.0,1,0.361337979900949,27
665,17,7677,7677,0,0,0,0,1.0,1.0,1.0,1.0,1.0,1,0.36538720280521614,27
666,15,7692,7692,0,0,0,0,1.0,1.0,1.0,1.0,1.0,1,0.27552386853129085,28
667,10,7702,7702,0,0,0,0,1.0,1.0,1.0,1.0,1.0,1,0.3675850898443407,26
668,14,7716,7716,0,0,0,0,1.0,1.0,1.0,1.0,1.0,1,0.43430033675543417,26
669,11,7727,7727,0,0,0,0,1.0,1.0,1.0,1.0,1.0,1,0.4346693868061802,25
670,3,7730,7730,0,0,0,0,1.0,1.0,1.0,1.0,1.0,1,0.49640441625367077,24
671,3,7733,7733,0,0,0,0,1.0,1.0,1.0,1.0,1.0,1,0.4615516374113139,24
672,7,7740,7740,0,0,0,0,1.0,1.0,1.0,1.0,1.0,1,0.396850861029093,25
673,7,7747,7747,0,0,0,0,1.0,1.0,1.0,1.0,1.0,1,0.3884178778708344,25
674,7,7754,7754,0,0,0,0,1.0,1.0,1.0,1.0,1.0,1,0.24893300611863742,25
675,8,7762,7762,0,0,0,0,1.0,1.0,1.0,1.0,1.0,1,0.3173945722732814,26
676,10,7772,7772,0,0,0,0,1.0,1.0,1.0,1.0,1.0,1,0.2894123145346152,27
677,8,7780,7780,0,0,0,0,1.0,1.0,1.0,1.0,1.0,1,0.33491534354081054,28
678,8,7788,7788,0,0,0,0,1.0,1.0,1.0,1.0,1.0,1,0.40856887862236996,28
679,9,7797,7797,0,0,0,0,1.0,1.0,1.0,1.0,1.0,1,0.37224290299825513,30
680,14,7811,7811,0,0,0,0,1.0,1.0,1.0,1.0,1.0,1,0.4251840166468572,29
681,9,7820,7820,0,0,0,0,1.0,1.0,1.0,1.0,1.0,1,0.38743621009451246,29
682,6,7826,7826,0,0,0,0,1.0,1.0,1.0,1.0,1.0,1,0.45164300200729995,30
683,7,7833,7833,0,0,0,0,1.0,1.0,1.0,1.0,1.0,1,0.3313707088549151,30
684,17,7850,7850,0,0,0,0,1.0,1.0,1.0,1.0,1.0,1,0.2569645031575273,31
685,17,7867,7867,0,0,0,0,1.0,1.0,1.0,1.0,1.0,1,0.4161976506669941,30
686,9,7876,7876,0,0,0,0,1.0,1.0,1.0,1.0,1.0,1,0.3613460211206487,30
687,6,7882,7882,0,0,0,0,1.0,1.0,1.0,1.0,1.0,1,0.36194617537175766,30
688,10,7892,7892,0,0,0,0,1.0,1.0,1.0,1.0,1.0,1,0.29808894935735797,31
689,11,7903,7903,0,0,0,0,1.0,1.0,1.0,1.0,1.0,1,0.3318246994312144,32
690,17,7920,7920,0,0,0,0,1.0,1.0,1.0,1.0,1.0,1,0.44408264147860443,32
691,9,7929,7929,0,0,0,0,1.0,1.0,1.0,1.0,1.0,1,0.3660560353442434,32
692,11,7940,7940,0,0,0,0,1.0,1.0,1.0,1.0,1.0,1,0.4936473497633621,32
693,12,7952,7952,0,0,0,0,1.0,1.0,1.0,1.0,1.0,1,0.4323440949123798,34
694,19,7971,7971,0,0,0,0,1.0,1.0,1.0,1.0,1.0,1,0.44555011420465135,36
695,12,7983,7983,0,0,0,0,1.0,1.0,1.0,1.0,1.0,1,0.4169279551474673,34
696,17,8000,8000,0,0,0,0,1.0,1.0,1.0,1.0,1.0,1,0.31009012080175713,33
697,17,8017,8017,0,0,0,0,1.0,1.0,1.0,1.0,1.0,1,0.5041553134181294,33
698,11,8028,8028,0,0,0,0,1.0,1.0,1.0,1.0,1.0,1,0.42360299503444626,34
699,12,8040,8040,0,0,0,0,1.0,1.0,1.0,1.0,1.0,1,0.31229934289658773,33
700,9,8049,8049,0,0,0,0,1.0,1.0,1.0,1.0,1.0,1,0.40915795917419634,32
701,4,8053,8053,0,0,0,0,1.0,1.0,1.0,1.0,1.0,1,0.4649284000480677,33
702,12,8065,8065,0,0,0,0,1.0,1.0,1.0,1.0,1.0,1,0.3560755763752649,34
703,11,8076,8076,0,0,0,0,1.0,1.0,1.0,1.0,1.0,1,0.4376819202994761,32
704,10,8086,8086,0,0,0,0,1.0,1.0,1.0,1.0,1.0,1,0.3496902580766618,31
705,12,8098,8098,0,0,0,0,1.0,1.0,1.0,1.0,1.0,1,0.40229367811925393,33
706,16,8114,8114,0,0,0,0,1.0,1.0,1.0,1.0,1.0,1,0.42249889954395564,33
707,14,8128,8128,0,0,0,0,1.0,1.0,1.0,1.0,1.0,1,0.5014312529394755,31
708,8,8136,8136,0,0,0,0,1.0,1.0,1.0,1.0,1.0,1,0.4681865017934808,31
709,16,8152,8152,0,0,0,0,1.0,1.0,1.0,1.0,1.0,1,0.4715357314237191,30
710,9,8161,8161,0,0,0,0,1.0,1.0,1.0,1.0,1.0,1,0.5588648777233742,30
711,5,8166,8166,0,0,0,0,1.0,1.0,1.0,1.0,1.0,1,0.5576892894664089,30
712,10,8176,8176,0,0,0,0,1.0,1.0,1.0,1.0,1.0,1,0.5814827124052061,30
713,15,8191,8191,0,0,0,0,1.0,1.0,1.0,1.0,1.0,1,0.6195526061296063,31
714,14,8205,8205,0,0,0,0,1.0,1.0,1.0,1.0,1.0,1,0.5059844220874777,31
715,11,8216,8216,0,0,0,0,1.0,1.0,1.0,1.0,1.0,1,0.6101890165230609,30
716,13,8229,8229,0,0,0,0,1.0,1.0,1.0,1.0,1.0,1,0.42719723042290514,31
717,20,8249,8249,0,0,0,0,1.0,1.0,1.0,1.0,1.0,1,0.5203849598567798,32
718,11,8260,8260,0,0,0,0,1.0,1.0,1.0,1.0,1.0,1,0.5021792094218402,32
719,15,8275,8275,0,0,0,0,1.0,1.0,1.0,1.0,1.0,1,0.46995894473996547,32
720,18,8293,8293,0,0,0,0,1.0,1.0,1.0,1.0,1.0,1,0.5043080811779904,34
721,17,8310,8310,0,0,0,0,1.0,1.0,1.0,1.0,1.0,1,0.5053579385833532,34
722,8,8318,8318,0,0,0,0,1.0,1.0,1.0,1.0,1.0,1,0.6334882459054907,34
723,15,8333,8333,0,0,0,0,1.0,1.0,1.0,1.0,1.0,1,0.4632546547857422,35
724,18,8351,8351,0,0,0,0,1.0,1.0,1.0,1.0,1.0,1,0.41621979278693677,36
725,15,8366,8366,0,0,0,0,1.0,1.0,1.0,1.0,1.0,1,0.5846197327662489,37
726,14,8380,8380,0,0,0,0,1.0,1.0,1.0,1.0,1.0,1,0.4737514895980432,37
727,8,8388,8388,0,0,0,0,1.0,1.0,1.0,1.0,1.0,1,0.48465002860334344,38
728,10,8398,8398,0,0,0,0,1.0,1.0,1.0,1.0,1.0,1,0.3997210939885081,39
729,11,8409,8409,0,0,0,0,1.0,1.0,1.0,1.0,1.0,1,0.528401911699086,39
730,8,8417,8417,0,0,0,0,1.0,1.0,1.0,1.0,1.0,1,0.4899090430866702,40
731,12,8429,8429,0,0,0,0,1.0,1.0,1.0,1.0,1.0,1,0.528221173554393,40
732,17,8446,8446,0,0,0,0,1.0,1.0,1.0,1.0,1.0,1,0.49519766216934274,41
733,9,8455,8455,0,0,0,0,1.0,1.0,1.0,1.0,1.0,1,0.5572101915740248,41
734,25,8480,8480,0,0,0,0,1.0,1.0,1.0,1.0,1.0,1,0.42071405572761705,42
735,28,8508,8508,0,0,0,0,1.0,1.0,1.0,1.0,1.0,1,0.5749318148686806,42
736,25,8533,8533,0,0,0,0,1.0,1.0,1.0,1.0,1.0,1,0.5396914022471098,41
737,13,8546,8546,0,0,0,0,1.0,1.0,1.0,1.0,1.0,1,0.411807347454918,41
738,21,8567,8567,0,0,0,0,1.0,1.0,1.0,1.0,1.0,1,0.45863601599763754,39
739,17,8584,8584,0,0,0,0,1.0,1.0,1.0,1.0,1.0,1,0.3898019548022837,39
740,16,8600,8600,0,0,0,0,1.0,1.0,1.0,1.0,1.0,1,0.41990740841737706,39
741,20,8620,8620,0,0,0,0,1.0,1.0,1.0,1.0,1.0,1,0.39588512789888763,38
742,19,8639,8639,0,0,0,0,1.0,1.0,1.0,1.0,1.0,1,0.382233317038319,39
743,20,8659,8659,0,0,0,0,1.0,1.0,1.0,1.0,1.0,1,0.31863662748581,39
744,11,8670,8670,0,0,0,0,1.0,1.0,1.0,1.0,1.0,1,0.2899903162661373,39
745,16,8686,8686,0,0,0,0,1.0,1.0,1.0,1.0,1.0,1,0.27173588232462126,39
746,11,8697,8697,0,0,0,0,1.0,1.0,1.0,1.0,1.0,1,0.22666142760750252,40
747,12,8709,8709,0,0,0,0,1.0,1.0,1.0,1.0,1.0,1,0.39532859230022355,41
748,7,8716,8716,0,0,0,0,1.0,1.0,1.0,1.0,1.0,1,0.34169103749731966,41
749,11,8727,8727,0,0,0,0,1.0,1.0,1.0,1.0,1.0,1,0.28043232002408847,41
750,15,8742,8742,0,0,0,0,1.0,1.0,1.0,1.0,1.0,1,0.2522905591542634,39
751,7,8749,8749,0,0,0,0,1.0,1.0,1.0,1.0,1.0,1,0.2917771134784287,41
752,9,8758,8758,0,0,0,0,1.0,1.0,1.0,1.0,1.0,1,0.39237446877525095,41
753,19,8777,8777,0,0,0,0,1.0,1.0,1.0,1.0,1.0,1,0.3591681696185313,41
754,14,8791,8791,0,0,0,0,1.0,1.0,1.0,1.0,1.0,1,0.3127397635736371,41
755,7,8798,8798,0,0,0,0,1.0,1.0,1.0,1.0,1.0,1,0.2365710213127334,41
756,5,8803,8803,0,0,0,0,1.0,1.0,1.0,1.0,1.0,1,0.3670225443155107,41
757,15,8818,8818,0,0,0,0,1.0,1.0,1.0,1.0,1.0,1,0.22669186390812668,39
758,15,8833,8833,0,0,0,0,1.0,1.0,1.0,1.0,1.0,1,0.2363806054107089,39
759,10,8843,8843,0,0,0,0,1.0,1.0,1.0,1.0,1.0,1,0.4024408617347294,39
760,8,8851,8851,0,0,0,0,1.0,1.0,1.0,1.0,1.0,1,0.34430020081146073,40
761,15,8866,8866,0,0,0,0,1.0,1.0,1.0,1.0,1.0,1,0.4031656085234928,41
762,5,8871,8871,0,0,0,0,1.0,1.0,1.0,1.0,1.0,1,0.29963159108355963,42
763,6,8877,8877,0,0,0,0,1.0,1.0,1.0,1.0,1.0,1,0.37146469356683404,43
764,9,8886,8886,0,0,0,0,1.0,1.0,1.0,1.0,1.0,1,0.4261703568481594,43
765,6,8892,8892,0,0,0,0,1.0,1.0,1.0,1.0,1.0,1,0.3910030889012921,45
766,15,8907,8907,0,0,0,0,1.0,1.0,1.0,1.0,1.0,1,0.28511482461263854,45
767,17,8924,8924,0,0,0,0,1.0,1.0,1.0,1.0,1.0,1,0.20481152145393774,46
768,10,8934,8934,0,0,0,0,1.0,1.0,1.0,1.0,1.0,1,0.3115514499254953,45
769,14,8948,8948,0,0,0,0,1.0,1.0,1.0,1.0,1.0,1,0.3383929438594889,46
770,10,8958,8958,0,0,0,0,1.0,1.0,1.0,1.0,1.0,1,0.2899834007352865,47
771,12,8970,8970,0,0,0,0,1.0,1.0,1.0,1.0,1.0,1,0.35883699773297395,47
772,13,8983,8983,0,0,0,0,1.0,1.0,1.0,1.0,1.0,1,0.200648772802657,46
773,16,8999,8999,0,0,0,0,1.0,1.0,1.0,1.0,1.0,1,0.2944773174291191,45
774,10,9009,9009,0,0,0,0,1.0,1.0,1.0,1.0,1.0,1,0.2357171545292033,45
775,15,9024,9024,0,0,0,0,1.0,1.0,1.0,1.0,1.0,1,0.3214836390716368,45
776,14,9038,9038,0,0,0,0,1.0,1.0,1.0,1.0,1.0,1,0.30189257982925866,43
777,11,9049,9049,0,0,0,0,1.0,1.0,1.0,1.0,1.0,1,0.36193618159342505,44
778,17,9066,9066,0,0,0,0,1.0,1.0,1.0,1.0,1.0,1,0.35343755697261275,45
779,19,9085,9085,0,0,0,0,1.0,1.0,1.0,1.0,1.0,1,0.35129353863833795,45
780,23,9108,9108,0,0,0,0,1.0,1.0,1.0,1.0,1.0,1,0.33968085473011184,45
781,19,9127,9127,0,0,0,0,1.0,1.0,1.0,1.0,1.0,1,0.33987922215695815,46
782,17,9144,9144,0,0,0,0,1.0,1.0,1.0,1.0,1.0,1,0.4116841953089429,47
783,25,9169,9169,0,0,0,0,1.0,1.0,1.0,1.0,1.0,1,0.402046351895479,46
784,33,9202,9202,0,0,0,0,1.0,1.0,1.0,1.0,1.0,1,0.4032688133492596,45
785,26,9228,9228,0,0,0,0,1.0,1.0,1.0,1.0,1.0,1,0.39797225417707194,43
786,32,9260,9260,0,0,0,0,1.0,1.0,1.0,1.0,1.0,1,0.41589272753001827,43
787,17,9277,9277,0,0,0,0,1.0,1.0,1.0,1.0,1.0,1,0.3699628458404503,43
788,24,9301,9301,0,0,0,0,1.0,1.0,1.0,1.0,1.0,1,0.35426675080522213,44
789,10,9311,9311,0,0,0,0,1.0,1.0,1.0,1.0,1.0,1,0.34484371393718743,46
790,18,9329,9329,0,0,0,0,1.0,1.0,1.0,1.0,1.0,1,0.34177715926895336,46
791,15,9344,9344,0,0,0,0,1.0,1.0,1.0,1.0,1.0,1,0.33122831439263245,46
792,9,9353,9353,0,0,0,0,1.0,1.0,1.0,1.0,1.0,1,0.33532782961167,47
793,7,9360,9360,0,0,0,0,1.0,1.0,1.0,1.0,1.0,1,0.25943855129197196,48
794,19,9379,9379,0,0,0,0,1.0,1.0,1.0,1.0,1.0,1,0.35855765763751557,48
795,16,9395,9395,0,0,0,0,1.0,1.0,1.0,1.0,1.0,1,0.2653423750851677,47
796,18,9413,9413,0,0,0,0,1.0,1.0,1.0,1.0,1.0,1,0.32960888588327,45
797,14,9427,9427,0,0,0,0,1.0,1.0,1.0,1.0,1.0,1,0.32177686450431237,47
798,20,9447,9447,0,0,0,0,1.0,1.0,1.0,1.0,1.0,1,0.3203661788299561,48
799,19,9466,9466,0,0,0,0,1.0,1.0,1.0,1.0,1.0,1,0.44937658553486787,48
800,18,9484,9484,0,0,0,0,1.0,1.0,1.0,1.0,1.0,1,0.3766493679732445,48
801,24,9508,9508,0,0,0,0,1.0,1.0,1.0,1.0,1.0,1,0.35691210907048826,49
802,12,9520,9520,0,0,0,0,1.0,1.0,1.0,1.0,1.0,1,0.3694972144143365,50
803,13,9533,9533,0,0,0,0,1.0,1.0,1.0,1.0,1.0,1,0.3606967849229722,50
804,16,9549,9549,0,0,0,0,1.0,1.0,1.0,1.0,1.0,1,0.35219028158459886,50
805,11,9560,9560,0,0,0,0,1.0,1.0,1.0,1.0,1.0,1,0.35010525074418175,50
806,22,9582,9582,0,0,0,0,1.0,1.0,1.0,1.0,1.0,1,0.41162758466114097,51
807,15,9597,9597,0,0,0,0,1.0,1.0,1.0,1.0,1.0,1,0.376958281436167,51
808,11,9608,9608,0,0,0,0,1.0,1.0,1.0,1.0,1.0,1,0.4547259827433657,53
809,23,9631,9631,0,0,0,0,1.0,1.0,1.0,1.0,1.0,1,0.46295588845879926,51
810,26,9657,9657,0,0,0,0,1.0,1.0,1.0,1.0,1.0,1,0.39463117550741167,52
811,18,9675,9675,0,0,0,0,1.0,1.0,1.0,1.0,1.0,1,0.3721682683964735,50
812,26,9701,9701,0,0,0,0,1.0,1.0,1.0,1.0,1.0,1,0.33784254200575026,51
813,20,9721,9721,0,0,0,0,1.0,1.0,1.0,1.0,1.0,1,0.38530162701717235,51
814,23,9744,9744,0,0,0,0,1.0,1.0,1.0,1.0,1.0,1,0.4045916700459798,52
815,16,9760,9760,0,0,0,0,1.0,1.0,1.0,1.0,1.0,1,0.31424968581743257,50
816,20,9780,9780,0,0,0,0,1.0,1.0,1.0,1.0,1.0,1,0.35659780650556033,50
817,13,9793,9793,0,0,0,0,1.0,1.0,1.0,1.0,1.0,1,0.34205269249877207,49
818,10,9803,9803,0,0,0,0,1.0,1.0,1.0,1.0,1.0,1,0.34686188195687095,49
819,14,9817,9817,0,0,0,0,1.0,1.0,1.0,1.0,1.0,1,0.3642801757719983,50
820,12,9829,9829,0,0,0,0,1.0,1.0,1.0,1.0,1.0,1,0.36559158184564144,49
821,7,9836,9836,0,0,0,0,1.0,1.0,1.0,1.0,1.0,1,0.3424629436184764,49
822,8,9844,9844,0,0,0,0,1.0,1.0,1.0,1.0,1.0,1,0.34410549866697004,49
823,12,9856,9856,0,0,0,0,1.0,1.0,1.0,1.0,1.0,1,0.36385694608810765,47
824,12,9868,9868,0,0,0,0,1.0,1.0,1.0,1.0,1.0,1,0.34090803740347936,45
825,13,9881,9881,0,0,0,0,1.0,1.0,1.0,1.0,1.0,1,0.3555251431816455,43
826,15,9896,9896,0,0,0,0,1.0,1.0,1.0,1.0,1.0,1,0.3742810046840706,44
827,8,9904,9904,0,0,0,0,1.0,1.0,1.0,1.0,1.0,1,0.35627016321966193,43
828,16,9920,9920,0,0,0,0,1.0,1.0,1.0,1.0,1.0,1,0.3408651707173305,43
829,13,9933,9933,0,0,0,0,1.0,1.0,1.0,1.0,1.0,1,0.3299974993290244,45
830,14,9947,9947,0,0,0,0,1.0,1.0,1.0,1.0,1.0,1,0.3769421998784033,46
831,13,9960,9960,0,0,0,0,1.0,1.0,1.0,1.0,1.0,1,0.2964992382101107,48
832,18,9978,9978,0,0,0,0,1.0,1.0,1.0,1.0,1.0,1,0.2816977002581955,47
833,19,9997,9997,0,0,0,0,1.0,1.0,1.0,1.0,1.0,1,0.29020985519344644,47
834,16,10013,10013,0,0,0,0,1.0,1.0,1.0,1.0,1.0,1,0.3591300856973493,46
835,13,10026,10026,0,0,0,0,1.0,1.0,1.0,1.0,1.0,1,0.39099332121651276,45
836,14,10040,10040,0,0,0,0,1.0,1.0,1.0,1.0,1.0,1,0.3986506199033088,46
837,18,10058,10058,0,0,0,0,1.0,1.0,1.0,1.0,1.0,1,0.37842269560058966,46
838,22,10080,10080,0,0,0,0,1.0,1.0,1.0,1.0,1.0,1,0.3821272898679837,45
839,14,10094,10094,0,0,0,0,1.0,1.0,1.0,1.0,1.0,1,0.3622080911830637,46
840,17,10111,10111,0,0,0,0,1.0,1.0,1.0,1.0,1.0,1,0.3176692259849528,46
841,11,10122,10122,0,0,0,0,1.0,1.0,1.0,1.0,1.0,1,0.3653861815574875,46
842,13,10135,10135,0,0,0,0,1.0,1.0,1.0,1.0,1.0,1,0.340353727753801,46
843,9,10144,10144,0,0,0,0,1.0,1.0,1.0,1.0,1.0,1,0.3556371037670665,46
844,9,10153,10153,0,0,0,0,1.0,1.0,1.0,1.0,1.0,1,0.3945698858405837,47
845,9,10162,10162,0,0,0,0,1.0,1.0,1.0,1.0,1.0,1,0.3445802016582956,48
846,15,10177,10177,0,0,0,0,1.0,1.0,1.0,1.0,1.0,1,0.32574715971602336,47
847,10,10187,10187,0,0,0,0,1.0,1.0,1.0,1.0,1.0,1,0.2598802529055668,48
848,15,10202,10202,0,0,0,0,1.0,1.0,1.0,1.0,1.0,1,0.28405427766469027,48
849,16,10218,10218,0,0,0,0,1.0,1.0,1.0,1.0,1.0,1,0.19687414598093622,48
850,16,10234,10234,0,0,0,0,1.0,1.0,1.0,1.0,1.0,1,0.25209976883824065,46
851,15,10249,10249,0,0,0,0,1.0,1.0,1.0,1.0,1.0,1,0.20784157915360357,45
852,11,10260,10260,0,0,0,0,1.0,1.0,1.0,1.0,1.0,1,0.3541991247843076,44
853,10,10270,10270,0,0,0,0,1.0,1.0,1.0,1.0,1.0,1,0.2485634304642345,44
854,14,10284,10284,0,0,0,0,1.0,1.0,1.0,1.0,1.0,1,0.275363685694102,45
855,10,10294,10294,0,0,0,0,1.0,1.0,1.0,1.0,1.0,1,0.334932392808736,46
856,12,10306,10306,0,0,0,0,1.0,1.0,1.0,1.0,1.0,1,0.3034414094214314,46
857,11,10317,10317,0,0,0,0,1.0,1.0,1.0,1.0,1.0,1,0.4200382488400428,47
858,12,10329,10329,0,0,0,0,1.0,1.0,1.0,1.0,1.0,1,0.4123799742683075,48
859,7,10336,10336,0,0,0,0,1.0,1.0,1.0,1.0,1.0,1,0.2759763182726648,48
860,15,10351,10351,0,0,0,0,1.0,1.0,1.0,1.0,1.0,1,0.3746885283003926,49
861,6,10357,10357,0,0,0,0,1.0,1.0,1.0,1.0,1.0,1,0.37469107431082693,49
862,16,10373,10373,0,0,0,0,1.0,1.0,1.0,1.0,1.0,1,0.37747697810734404,49
863,7,10380,10380,0,0,0,0,1.0,1.0,1.0,1.0,1.0,1,0.33556006579408526,48
864,11,10391,10391,0,0,0,0,1.0,1.0,1.0,1.0,1.0,1,0.35120965644399804,49
865,11,10402,10402,0,0,0,0,1.0,1.0,1.0,1.0,1.0,1,0.3891772407767692,48
866,13,10415,10415,0,0,0,0,1.0,1.0,1.0,1.0,1.0,1,0.306722614278575,50
867,9,10424,10424,0,0,0,0,1.0,1.0,1.0,1.0,1.0,1,0.35414147257089323,50
868,15,10439,10439,0,0,0,0,1.0,1.0,1.0,1.0,1.0,1,0.3204105187021384,51
869,18,10457,10457,0,0,0,0,1.0,1.0,1.0,1.0,1.0,1,0.2900792025595188,49
870,16,10473,10473,0,0,0,0,1.0,1.0,1.0,1.0,1.0,1,0.33621957128732305,49
871,11,10484,10484,0,0,0,0,1.0,1.0,1.0,1.0,1.0,1,0.3068477584411975,49
872,11,10495,10495,0,0,0,0,1.0,1.0,1.0,1.0,1.0,1,0.303592502509883,48
873,13,10508,10508,0,0,0,0,1.0,1.0,1.0,1.0,1.0,1,0.2395761714407227,49
874,13,10521,10521,0,0,0,0,1.0,1.0,1.0,1.0,1.0,1,0.2739540450621075,49
875,11,10532,10532,0,0,0,0,1.0,1.0,1.0,1.0,1.0,1,0.22819597226429725,50
876,9,10541,10541,0,0,0,0,1.0,1.0,1.0,1.0,1.0,1,0.21382471795210076,50
877,19,10560,10560,0,0,0,0,1.0,1.0,1.0,1.0,1.0,1,0.23881085669793056,50
878,8,10568,10568,0,0,0,0,1.0,1.0,1.0,1.0,1.0,1,0.2705883107277209,49
879,15,10583,10583,0,0,0,0,1.0,1.0,1.0,1.0,1.0,1,0.3187891059357285,49
880,11,10594,10594,0,0,0,0,1.0,1.0,1.0,1.0,1.0,1,0.3621007407697061,48
881,7,10601,10601,0,0,0,0,1.0,1.0,1.0,1.0,1.0,1,0.35404205591368126,49
882,6,10607,10607,0,0,0,0,1.0,1.0,1.0,1.0,1.0,1,0.3964157641573813,48
883,12,10619,10619,0,0,0,0,1.0,1.0,1.0,1.0,1.0,1,0.3734031511205933,50
884,9,10628,10628,0,0,0,0,1.0,1.0,1.0,1.0,1.0,1,0.31663300426342067,50
885,9,10637,10637,0,0,0,0,1.0,1.0,1.0,1.0,1.0,1,0.38769755590423616,49
886,13,10650,10650,0,0,0,0,1.0,1.0,1.0,1.0,1.0,1,0.3851876118656724,49
887,10,10660,10660,0,0,0,0,1.0,1.0,1.0,1.0,1.0,1,0.3816157489235007,49
888,6,10666,10666,0,0,0,0,1.0,1.0,1.0,1.0,1.0,1,0.29473263369254815,47
889,9,10675,10675,0,0,0,0,1.0,1.0,1.0,1.0,1.0,1,0.37129886779763327,46
890,11,10686,10686,0,0,0,0,1.0,1.0,1.0,1.0,1.0,1,0.3860261315027953,44
891,11,10697,10697,0,0,0,0,1.0,1.0,1.0,1.0,1.0,1,0.37673206890709887,45
892,9,10706,10706,0,0,0,0,1.0,1.0,1.0,1.0,1.0,1,0.27152268981984046,45
893,16,10722,10722,0,0,0,0,1.0,1.0,1.0,1.0,1.0,1,0.35624932577407503,45
894,12,10734,10734,0,0,0,0,1.0,1.0,1.0,1.0,1.0,1,0.30600482106959764,44
895,20,10754,10754,0,0,0,0,1.0,1.0,1.0,1.0,1.0,1,0.2811981844168353,45
896,8,10762,10762,0,0,0,0,1.0,1.0,1.0,1.0,1.0,1,0.3809805770307974,44
897,5,10767,10767,0,0,0,0,1.0,1.0,1.0,1.0,1.0,1,0.35992361382304033,44
898,9,10776,10776,0,0,0,0,1.0,1.0,1.0,1.0,1.0,1,0.2739836143298678,45
899,6,10782,10782,0,0,0,0,1.0,1.0,1.0,1.0,1.0,1,0.3634110629810588,44
900,8,10790,10790,0,0,0,0,1.0,1.0,1.0,1.0,1.0,1,0.30856014568074475,46
901,16,10806,10806,0,0,0,0,1.0,1.0,1.0,1.0,1.0,1,0.29096378428241715,45
902,22,10828,10828,0,0,0,0,1.0,1.0,1.0,1.0,1.0,1,0.30045790630032104,45
903,25,10853,10853,0,0,0,0,1.0,1.0,1.0,1.0,1.0,1,0.26431793369665074,44
904,13,10866,10866,0,0,0,0,1.0,1.0,1.0,1.0,1.0,1,0.3836251320826182,45
905,18,10884,10884,0,0,0,0,1.0,1.0,1.0,1.0,1.0,1,0.389835916137062,45
906,14,10898,10898,0,0,0,0,1.0,1.0,1.0,1.0,1.0,1,0.3048241480867349,45
907,16,10914,10914,0,0,0,0,1.0,1.0,1.0,1.0,1.0,1,0.3193751305521672,46
908,19,10933,10933,0,0,0,0,1.0,1.0,1.0,1.0,1.0,1,0.2712568836042323,46
909,11,10944,10944,0,0,0,0,1.0,1.0,1.0,1.0,1.0,1,0.32849180593344923,46
910,20,10964,10964,0,0,0,0,1.0,1.0,1.0,1.0,1.0,1,0.3976617841986538,44
911,15,10979,10979,0,0,0,0,1.0,1.0,1.0,1.0,1.0,1,0.28665243177205607,45
912,30,11009,11009,0,0,0,0,1.0,1.0,1.0,1.0,1.0,1,0.3356231671560289,44
913,8,11017,11017,0,0,0,0,1.0,1.0,1.0,1.0,1.0,1,0.36215856708943894,45
914,21,11038,11038,0,0,0,0,1.0,1.0,1.0,1.0,1.0,1,0.3529846645045505,45
915,13,11051,11051,0,0,0,0,1.0,1.0,1.0,1.0,1.0,1,0.3779849107678585,45
916,17,11068,11068,0,0,0,0,1.0,1.0,1.0,1.0,1.0,1,0.4294936763120816,45
917,14,11082,11082,0,0,0,0,1.0,1.0,1.0,1.0,1.0,1,0.5027831006245794,46
918,10,11092,11092,0,0,0,0,1.0,1.0,1.0,1.0,1.0,1,0.33129097441747124,47
919,19,11111,11111,0,0,0,0,1.0,1.0,1.0,1.0,1.0,1,0.40092540146987365,47
920,21,11132,11132,0,0,0,0,1.0,1.0,1.0,1.0,1.0,1,0.38017894259759843,47
921,20,11152,11152,0,0,0,0,1.0,1.0,1.0,1.0,1.0,1,0.39353263609839934,49
922,16,11168,11168,0,0,0,0,1.0,1.0,1.0,1.0,1.0,1,0.3855950809439305,49
923,11,11179,11179,0,0,0,0,1.0,1.0,1.0,1.0,1.0,1,0.32716692457163093,47
924,9,11188,11188,0,0,0,0,1.0,1.0,1.0,1.0,1.0,1,0.23330953723594053,47
925,21,11209,11209,0,0,0,0,1.0,1.0,1.0,1.0,1.0,1,0.2778963021399311,47
926,8,11217,11217,0,0,0,0,1.0,1.0,1.0,1.0,1.0,1,0.3021048032204017,46
927,15,11232,11232,0,0,0,0,1.0,1.0,1.0,1.0,1.0,1,0.2794908238723062,45
928,9,11241,11241,0,0,0,0,1.0,1.0,1.0,1.0,1.0,1,0.278021861236644,43
929,10,11251,11251,0,0,0,0,1.0,1.0,1.0,1.0,1.0,1,0.2198397676277149,42
930,10,11261,11261,0,0,0,0,1.0,1.0,1.0,1.0,1.0,1,0.1465270010336971,41
931,14,11275,11275,0,0,0,0,1.0,1.0,1.0,1.0,1.0,1,0.19584399416579318,40
932,12,11287,11287,0,0,0,0,1.0,1.0,1.0,1.0,1.0,1,0.22704053679065878,40
933,11,11298,11298,0,0,0,0,1.0,1.0,1.0,1.0,1.0,1,0.27678273532917286,39
934,13,11311,11311,0,0,0,0,1.0,1.0,1.0,1.0,1.0,1,0.20353286569569137,39
935,16,11327,11327,0,0,0,0,1.0,1.0,1.0,1.0,1.0,1,0.3477861595799144,41
936,15,11342,11342,0,0,0,0,1.0,1.0,1.0,1.0,1.0,1,0.37413472118911584,42
937,16,11358,11358,0,0,0,0,1.0,1.0,1.0,1.0,1.0,1,0.42526404242613947,43
938,14,11372,11372,0,0,0,0,1.0,1.0,1.0,1.0,1.0,1,0.3291833697303162,44
939,19,11391,11391,0,0,0,0,1.0,1.0,1.0,1.0,1.0,1,0.3170471541385972,46
940,12,11403,11403,0,0,0,0,1.0,1.0,1.0,1.0,1.0,1,0.44635859523269344,46
941,15,11418,11418,0,0,0,0,1.0,1.0,1.0,1.0,1.0,1,0.40254141728682336,46
942,17,11435,11435,0,0,0,0,1.0,1.0,1.0,1.0,1.0,1,0.4185365313189157,46
943,14,11449,11449,0,0,0,0,1.0,1.0,1.0,1.0,1.0,1,0.3851980058416124,45
944,18,11467,11467,0,0,0,0,1.0,1.0,1.0,1.0,1.0,1,0.35703241821380033,45
945,16,11483,11483,0,0,0,0,1.0,1.0,1.0,1.0,1.0,1,0.4595528993241336,44
946,22,11505,11505,0,0,0,0,1.0,1.0,1.0,1.0,1.0,1,0.3877435255496583,46
947,33,11538,11538,0,0,0,0,1.0,1.0,1.0,1.0,1.0,1,0.35886620260134255,44
948,14,11552,11552,0,0,0,0,1.0,1.0,1.0,1.0,1.0,1,0.4569708973927382,44
949,20,11572,11572,0,0,0,0,1.0,1.0,1.0,1.0,1.0,1,0.42708754479764,44
950,14,11586,11586,0,0,0,0,1.0,1.0,1.0,1.0,1.0,1,0.4481391005679914,43
951,16,11602,11602,0,0,0,0,1.0,1.0,1.0,1.0,1.0,1,0.5326973655271431,42
952,18,11620,11620,0,0,0,0,1.0,1.0,1.0,1.0,1.0,1,0.3635349498750938,42
953,32,11652,11652,0,0,0,0,1.0,1.0,1.0,1.0,1.0,1,0.4296256209707586,41
954,11,11663,11663,0,0,0,0,1.0,1.0,1.0,1.0,1.0,1,0.494420332002174,40
955,19,11682,11682,0,0,0,0,1.0,1.0,1.0,1.0,1.0,1,0.52250894759629,42
956,20,11702,11702,0,0,0,0,1.0,1.0,1.0,1.0,1.0,1,0.3543004104326867,43
957,28,11730,11730,0,0,0,0,1.0,1.0,1.0,1.0,1.0,1,0.47984815853390755,42
958,16,11746,11746,0,0,0,0,1.0,1.0,1.0,1.0,1.0,1,0.4853431273320333,43
959,21,11767,11767,0,0,0,0,0.908265844715275,0.8279984588411408,0.908265844715275,0.8279984588411408,1.0,1,0.5121177818104437,45
960,14,11781,11781,0,0,0,0,1.0,1.0,1.0,1.0,1.0,1,0.46008086254655445,47
961,13,11794,11794,0,0,0,0,1.0,1.0,1.0,1.0,1.0,1,0.44927026974612216,45
962,21,11815,11815,0,0,0,0,1.0,1.0,1.0,1.0,1.0,1,0.3673254693995903,45
963,25,11840,11840,0,0,0,0,1.0,1.0,1.0,1.0,1.0,1,0.40641095022796325,44
964,21,11861,11861,0,0,0,0,1.0,1.0,1.0,1.0,1.0,1,0.42711388174266984,44
965,23,11884,11884,0,0,0,0,1.0,1.0,1.0,1.0,1.0,1,0.4104501240922409,45
966,17,11901,11901,0,0,0,0,1.0,1.0,1.0,1.0,1.0,1,0.4954610060246019,43
967,16,11917,11917,0,0,0,0,1.0,1.0,1.0,1.0,1.0,1,0.5273748906085245,43
968,25,11942,11942,0,0,0,0,1.0,1.0,1.0,1.0,1.0,1,0.5259488595872457,43
969,14,11956,11956,0,0,0,0,1.0,1.0,1.0,1.0,1.0,1,0.5078702204287779,42
970,13,11969,11969,0,0,0,0,1.0,1.0,1.0,1.0,1.0,1,0.5299088033459303,42
971,15,11984,11984,0,0,0,0,1.0,1.0,1.0,1.0,1.0,1,0.4775071996987017,42
972,17,12001,12001,0,0,0,0,1.0,1.0,1.0,1.0,1.0,1,0.47021925943924725,42
973,9,12010,12010,0,0,0,0,1.0,1.0,1.0,1.0,1.0,1,0.4600353311881112,43
974,15,12025,12025,0,0,0,0,1.0,1.0,1.0,1.0,1.0,1,0.5448609768033398,43
975,17,12042,12042,0,0,0,0,1.0,1.0,1.0,1.0,1.0,1,0.4805271234676102,43
976,26,12068,12068,0,0,0,0,1.0,1.0,1.0,1.0,1.0,1,0.4293775964383905,45
977,8,12076,12076,0,0,0,0,1.0,1.0,1.0,1.0,1.0,1,0.36669310480749984,44
978,11,12087,12087,0,0,0,0,1.0,1.0,1.0,1.0,1.0,1,0.4708218161748587,44
979,15,12102,12102,0,0,0,0,1.0,1.0,1.0,1.0,1.0,1,0.35178713887561,45
980,14,12116,12116,0,0,0,0,1.0,1.0,1.0,1.0,1.0,1,0.497993236941952,45
981,13,12129,12129,0,0,0,0,1.0,1.0,1.0,1.0,1.0,1,0.4103091919810182,45
982,14,12143,12143,0,0,0,0,1.0,1.0,1.0,1.0,1.0,1,0.5266472598133367,46
983,40,12183,12183,0,0,0,0,1.0,1.0,1.0,1.0,1.0,1,0.49637561586605927,45
984,15,12198,12198,0,0,0,0,1.0,1.0,1.0,1.0,1.0,1,0.3449571267838464,45
985,22,12220,12220,0,0,0,0,1.0,1.0,1.0,1.0,1.0,1,0.36571114427221313,45
986,18,12238,12238,0,0,0,0,1.0,1.0,1.0,1.0,1.0,1,0.341027696903149,44
987,14,12252,12252,0,0,0,0,1.0,1.0,1.0,1.0,1.0,1,0.4939326870703251,45
988,11,12263,12263,0,0,0,0,1.0,1.0,1.0,1.0,1.0,1,0.44857994867528805,44
989,16,12279,12279,0,0,0,0,1.0,1.0,1.0,1.0,1.0,1,0.5086169174259451,43
990,13,12292,12292,0,0,0,0,1.0,1.0,1.0,1.0,1.0,1,0.3931496679417949,42
991,16,12308,12308,0,0,0,0,1.0,1.0,1.0,1.0,1.0,1,0.5186190987355991,42
992,19,12327,12327,0,0,0,0,1.0,1.0,1.0,1.0,1.0,1,0.5405216819200095,43
993,23,12350,12350,0,0,0,0,1.0,1.0,1.0,1.0,1.0,1,0.5247400891408724,43
994,26,12376,12376,0,0,0,0,1.0,1.0,1.0,1.0,1.0,1,0.5565871477043915,43
995,11,12387,12387,0,0,0,0,1.0,1.0,1.0,1.0,1.0,1,0.42364686020150455,43
996,26,12413,12413,0,0,0,0,1.0,1.0,1.0,1.0,1.0,1,0.6008599604948429,44
997,23,12436,12436,0,0,0,0,1.0,1.0,1.0,1.0,1.0,1,0.5534056147029871,44
998,16,12452,12452,0,0,0,0,1.0,1.0,1.0,1.0,1.0,1,0.517798570957706,45
999,16,12468,12468,0,0,0,0,1.0,1.0,1.0,1.0,1.0,1,0.534990675003752,42
1000,17,12485,12485,0,0,0,0,1.0,1.0,1.0,1.0,1.0,1,0.5728728725828145,43
1001,24,12509,12509,0,0,0,0,1.0,1.0,1.0,1.0,1.0,1,0.592137614444335,42
1002,10,12519,12519,0,0,0,0,1.0,1.0,1.0,1.0,1.0,1,0.5726826574196279,43
1003,20,12539,12539,0,0,0,0,1.0,1.0,1.0,1.0,1.0,1,0.4911941855717258,43
1004,19,12558,12558,0,0,0,0,1.0,1.0,1.0,1.0,1.0,1,0.6391638570073562,43
1005,23,12581,12581,0,0,0,0,1.0,1.0,1.0,1.0,1.0,1,0.5802986532367342,44
1006,29,12610,12610,0,0,0,0,1.0,1.0,1.0,1.0,1.0,1,0.5487197343824207,46
1007,26,12636,12636,0,0,0,0,1.0,1.0,1.0,1.0,1.0,1,0.5953590842003597,46
1008,26,12662,12662,0,0,0,0,1.0,1.0,1.0,1.0,1.0,1,0.44221035714048146,47
1009,26,12688,12688,0,0,0,0,1.0,1.0,1.0,1.0,1.0,1,0.57280068714154,48
1010,18,12706,12706,0,0,0,0,1.0,1.0,1.0,1.0,1.0,1,0.5845179185281766,48
1011,22,12728,12728,0,0,0,0,1.0,1.0,1.0,1.0,1.0,1,0.37757058651100267,48
1012,13,12741,12741,0,0,0,0,1.0,1.0,1.0,1.0,1.0,1,0.4983464862010794,49
1013,19,12760,12760,0,0,0,0,1.0,1.0,1.0,1.0,1.0,1,0.5476487113231646,50
1014,16,12776,12776,0,0,0,0,1.0,1.0,1.0,1.0,1.0,1,0.5495409035455747,50
1015,18,12794,12794,0,0,0,0,1.0,1.0,1.0,1.0,1.0,1,0.43768793190171357,51
1016,14,12808,12808,0,0,0,0,1.0,1.0,1.0,1.0,1.0,1,0.46746613182258584,51
1017,13,12821,12821,0,0,0,0,1.0,1.0,1.0,1.0,1.0,1,0.42739163006367575,52
1018,23,12844,12844,0,0,0,0,1.0,1.0,1.0,1.0,1.0,1,0.40073048591134697,52
1019,16,12860,12860,0,0,0,0,1.0,1.0,1.0,1.0,1.0,1,0.31203037151086044,52
1020,14,12874,12874,0,0,0,0,1.0,1.0,1.0,1.0,1.0,1,0.3615709608647051,53
1021,14,12888,12888,0,0,0,0,1.0,1.0,1.0,1.0,1.0,1,0.3302558889574599,53
1022,11,12899,12899,0,0,0,0,1.0,1.0,1.0,1.0,1.0,1,0.35444453128659964,54
1023,12,12911,12911,0,0,0,0,1.0,1.0,1.0,1.0,1.0,1,0.3378348451226631,55
1024,13,12924,12924,0,0,0,0,1.0,1.0,1.0,1.0,1.0,1,0.35297044832166624,55
1025,20,12944,12944,0,0,0,0,1.0,1.0,1.0,1.0,1.0,1,0.33785678532497637,56
1026,19,12963,12963,0,0,0,0,1.0,1.0,1.0,1.0,1.0,1,0.37704858607374975,57
1027,15,12978,12978,0,0,0,0,1.0,1.0,1.0,1.0,1.0,1,0.3346263902396773,58
1028,13,12991,12991,0,0,0,0,1.0,1.0,1.0,1.0,1.0,1,0.3997850096397711,58
1029,15,13006,13006,0,0,0,0,1.0,1.0,1.0,1.0,1.0,1,0.3310539522309023,59
1030,17,13023,13023,0,0,0,0,1.0,1.0,1.0,1.0,1.0,1,0.3688771765200051,60
1031,12,13035,13035,0,0,0,0,1.0,1.0,1.0,1.0,1.0,1,0.38213525730467457,60
1032,14,13049,13049,0,0,0,0,1.0,1.0,1.0,1.0,1.0,1,0.32851302348011846,61
1033,23,13072,13072,0,0,0,0,1.0,1.0,1.0,1.0,1.0,1,0.33168647640952303,60
1034,12,13084,13084,0,0,0,0,1.0,1.0,1.0,1.0,1.0,1,0.3471497826800824,60
1035,11,13095,13095,0,0,0,0,1.0,1.0,1.0,1.0,1.0,1,0.36517141059798386,59
1036,14,13109,13109,0,0,0,0,1.0,1.0,1.0,1.0,1.0,1,0.33110649446151696,60
1037,20,13129,13129,0,0,0,0,1.0,1.0,1.0,1.0,1.0,1,0.31769457091716324,59
1038,20,13149,13149,0,0,0,0,1.0,1.0,1.0,1.0,1.0,1,0.3893904460824609,60
1039,20,13169,13169,0,0,0,0,1.0,1.0,1.0,1.0,1.0,1,0.39467304643182644,60
1040,18,13187,13187,0,0,0,0,1.0,1.0,1.0,1.0,1.0,1,0.4485150235291752,58
1041,12,13199,13199,0,0,0,0,1.0,1.0,1.0,1.0,1.0,1,0.4407678405922197,56
1042,9,13208,13208,0,0,0,0,1.0,1.0,1.0,1.0,1.0,1,0.4014081981417813,55
1043,12,13220,13220,0,0,0,0,1.0,1.0,1.0,1.0,1.0,1,0.3062638333263074,55
1044,15,13235,13235,0,0,0,0,1.0,1.0,1.0,1.0,1.0,1,0.3533966648809049,52
1045,21,13256,13256,0,0,0,0,1.0,1.0,1.0,1.0,1.0,1,0.37789701290473215,52
1046,23,13279,13279,0,0,0,0,1.0,1.0,1.0,1.0,1.0,1,0.27948008565387816,53
1047,18,13297,13297,0,0,0,0,1.0,1.0,1.0,1.0,1.0,1,0.3174220786456632,54
1048,19,13316,13316,0,0,0,0,1.0,1.0,1.0,1.0,1.0,1,0.2985140878402085,56
1049,16,13332,13332,0,0,0,0,1.0,1.0,1.0,1.0,1.0,1,0.34972025336368284,55
1050,11,13343,13343,0,0,0,0,1.0,1.0,1.0,1.0,1.0,1,0.38318738475513,56
1051,8,13351,13351,0,0,0,0,1.0,1.0,1.0,1.0,1.0,1,0.3970678443024773,55
1052,10,13361,13361,0,0,0,0,1.0,1.0,1.0,1.0,1.0,1,0.31915204099565864,56
1053,10,13371,13371,0,0,0,0,1.0,1.0,1.0,1.0,1.0,1,0.4218619216209474,56
1054,13,13384,13384,0,0,0,0,1.0,1.0,1.0,1.0,1.0,1,0.39522493077918175,57
1055,10,13394,13394,0,0,0,0,1.0,1.0,1.0,1.0,1.0,1,0.4354000632598946,58
1056,10,13404,13404,0,0,0,0,1.0,1.0,1.0,1.0,1.0,1,0.37125559990885426,59
1057,19,13423,13423,0,0,0,0,1.0,1.0,1.0,1.0,1.0,1,0.3826966773846748,60
1058,15,13438,13438,0,0,0,0,1.0,1.0,1.0,1.0,1.0,1,0.2403043456424333,60
1059,18,13456,13456,0,0,0,0,1.0,1.0,1.0,1.0,1.0,1,0.25190478607210154,60
1060,9,13465,13465,0,0,0,0,1.0,1.0,1.0,1.0,1.0,1,0.2785613520085561,60
1061,17,13482,13482,0,0,0,0,1.0,1.0,1.0,1.0,1.0,1,0.32004805337920234,59
1062,10,13492,13492,0,0,0,0,1.0,1.0,1.0,1.0,1.0,1,0.333238056303881,59
1063,16,13508,13508,0,0,0,0,1.0,1.0,1.0,1.0,1.0,1,0.3265983298102378,58
1064,12,13520,13520,0,0,0,0,1.0,1.0,1.0,1.0,1.0,1,0.3327350933074704,58
1065,13,13533,13533,0,0,0,0,1.0,1.0,1.0,1.0,1.0,1,0.472704104934328,60
1066,22,13555,13555,0,0,0,0,1.0,1.0,1.0,1.0,1.0,1,0.3757617992507143,58
1067,18,13573,13573,0,0,0,0,1.0,1.0,1.0,1.0,1.0,1,0.28329040655189536,59
1068,14,13587,13587,0,0,0,0,1.0,1.0,1.0,1.0,1.0,1,0.36701405643057855,59
1069,15,13602,13602,0,0,0,0,1.0,1.0,1.0,1.0,1.0,1,0.37402151228637076,58
1070,17,13619,13619,0,0,0,0,1.0,1.0,1.0,1.0,1.0,1,0.28988300840747344,58
1071,12,13631,13631,0,0,0,0,1.0,1.0,1.0,1.0,1.0,1,0.3457730888218247,57
1072,8,13639,13639,0,0,0,0,1.0,1.0,1.0,1.0,1.0,1,0.3986904397504843,56
1073,15,13654,13654,0,0,0,0,1.0,1.0,1.0,1.0,1.0,1,0.33402869912178945,54
1074,13,13667,13667,0,0,0,0,1.0,1.0,1.0,1.0,1.0,1,0.37173064274110457,54
1075,18,13685,13685,0,0,0,0,1.0,1.0,1.0,1.0,1.0,1,0.3524884688159186,51
1076,21,13706,13706,0,0,0,0,1.0,1.0,1.0,1.0,1.0,1,0.3766263077751838,51
1077,16,13722,13722,0,0,0,0,1.0,1.0,1.0,1.0,1.0,1,0.3589606064464097,51
1078,19,13741,13741,0,0,0,0,1.0,1.0,1.0,1.0,1.0,1,0.3690852232915824,52
1079,14,13755,13755,0,0,0,0,1.0,1.0,1.0,1.0,1.0,1,0.3772443270729645,51
1080,11,13766,13766,0,0,0,0,1.0,1.0,1.0,1.0,1.0,1,0.35849429951176875,51
1081,15,13781,13781,0,0,0,0,1.0,1.0,1.0,1.0,1.0,1,0.349696705680369,48
1082,9,13790,13790,0,0,0,0,1.0,1.0,1.0,1.0,1.0,1,0.37831728544945964,47
1083,13,13803,13803,0,0,0,0,1.0,1.0,1.0,1.0,1.0,1,0.3697320510250611,46
1084,22,13825,13825,0,0,0,0,1.0,1.0,1.0,1.0,1.0,1,0.30566307677099763,45
1085,15,13840,13840,0,0,0,0,1.0,1.0,1.0,1.0,1.0,1,0.34875679054795494,46
1086,23,13863,13863,0,0,0,0,1.0,1.0,1.0,1.0,1.0,1,0.29641432641612775,45
1087,12,13875,13875,0,0,0,0,1.0,1.0,1.0,1.0,1.0,1,0.30671184141531094,44
1088,11,13886,13886,0,0,0,0,1.0,1.0,1.0,1.0,1.0,1,0.3668861580548859,45
1089,11,13897,13897,0,0,0,0,1.0,1.0,1.0,1.0,1.0,1,0.4066483011017007,46
1090,28,13925,13925,0,0,0,0,1.0,1.0,1.0,1.0,1.0,1,0.3372434061705765,47
1091,16,13941,13941,0,0,0,0,1.0,1.0,1.0,1.0,1.0,1,0.2685011813730301,47
1092,23,13964,13964,0,0,0,0,1.0,1.0,1.0,1.0,1.0,1,0.3374960157928657,48
1093,29,13993,13993,0,0,0,0,1.0,1.0,1.0,1.0,1.0,1,0.29544346733324434,48
1094,20,14013,14013,0,0,0,0,1.0,1.0,1.0,1.0,1.0,1,0.25049210951318945,48
1095,16,14029,14029,0,0,0,0,1.0,1.0,1.0,1.0,1.0,1,0.29606526434819974,49
1096,17,14046,14046,0,0,0,0,1.0,1.0,1.0,1.0,1.0,1,0.269807648879047,49
1097,16,14062,14062,0,0,0,0,1.0,1.0,1.0,1.0,1.0,1,0.3246965606624491,50
1098,22,14084,14084,0,0,0,0,1.0,1.0,1.0,1.0,1.0,1,0.36642801918998014,51
1099,11,14095,14095,0,0,0,0,1.0,1.0,1.0,1.0,1.0,1,0.351164399803723,54
1100,14,14109,14109,0,0,0,0,1.0,1.0,1.0,1.0,1.0,1,0.4070609072966744,54
1101,20,14129,14129,0,0,0,0,1.0,1.0,1.0,1.0,1.0,1,0.3076310041272991,54
1102,17,14146,14146,0,0,0,0,1.0,1.0,1.0,1.0,1.0,1,0.4146915985622264,54
1103,15,14161,14161,0,0,0,0,1.0,1.0,1.0,1.0,1.0,1,0.3457477199271519,53
1104,14,14175,14175,0,0,0,0,1.0,1.0,1.0,1.0,1.0,1,0.27423745280663964,53
1105,27,14202,14202,0,0,0,0,1.0,1.0,1.0,1.0,1.0,1,0.34510615162579195,52
1106,12,14214,14214,0,0,0,0,1.0,1.0,1.0,1.0,1.0,1,0.3020254092076339,52
1107,32,14246,14246,0,0,0,0,1.0,1.0,1.0,1.0,1.0,1,0.3249035082372562,52
1108,17,14263,14263,0,0,0,0,1.0,1.0,1.0,1.0,1.0,1,0.37087926504355756,51
1109,24,14287,14287,0,0,0,0,1.0,1.0,1.0,1.0,1.0,1,0.4348047503726165,49
1110,41,14328,14328,0,0,0,0,1.0,1.0,1.0,1.0,1.0,1,0.40873247223811726,48
1111,23,14351,14351,0,0,0,0,1.0,1.0,1.0,1.0,1.0,1,0.4063786598605286,47
1112,19,14370,14370,0,0,0,0,1.0,1.0,1.0,1.0,1.0,1,0.41632897624014975,46
1113,20,14390,14390,0,0,0,0,1.0,1.0,1.0,1.0,1.0,1,0.473516395445716,43
1114,12,14402,14402,0,0,0,0,1.0,1.0,1.0,1.0,1.0,1,0.4460255587674007,41
1115,26,14428,14428,0,0,0,0,1.0,1.0,1.0,1.0,1.0,1,0.5261312296964393,40
1116,14,14442,14442,0,0,0,0,1.0,1.0,1.0,1.0,1.0,1,0.4607863012291026,39
1117,19,14461,14461,0,0,0,0,1.0,1.0,1.0,1.0,1.0,1,0.3867043974608544,40
1118,27,14488,14488,0,0,0,0,1.0,1.0,1.0,1.0,1.0,1,0.49223640580852007,40
1119,25,14513,14513,0,0,0,0,1.0,1.0,1.0,1.0,1.0,1,0.3525647880381637,40
1120,20,14533,14533,0,0,0,0,1.0,1.0,1.0,1.0,1.0,1,0.4951812287759837,40
1121,9,14542,14542,0,0,0,0,1.0,1.0,1.0,1.0,1.0,1,0.3781871983067444,40
1122,15,14557,14557,0,0,0,0,1.0,1.0,1.0,1.0,1.0,1,0.47523365568818265,41
1123,12,14569,14569,0,0,0,0,1.0,1.0,1.0,1.0,1.0,1,0.3949179306196409,41
1124,9,14578,14578,0,0,0,0,1.0,1.0,1.0,1.0,1.0,1,0.3743115535673956,41
1125,9,14587,14587,0,0,0,0,1.0,1.0,1.0,1.0,1.0,1,0.386626021238752,41
1126,11,14598,14598,0,0,0,0,1.0,1.0,1.0,1.0,1.0,1,0.346557198262299,41
1127,6,14604,14604,0,0,0,0,1.0,1.0,1.0,1.0,1.0,1,0.361346908304649,41
1128,10,14614,14614,0,0,0,0,1.0,1.0,1.0,1.0,1.0,1,0.43605559402674443,42
1129,11,14625,14625,0,0,0,0,1.0,1.0,1.0,1.0,1.0,1,0.36896100867534903,42
1130,6,14631,14631,0,0,0,0,1.0,1.0,1.0,1.0,1.0,1,0.41151887914520935,42
1131,8,14639,14639,0,0,0,0,1.0,1.0,1.0,1.0,1.0,1,0.42937155998731147,42
1132,15,14654,14654,0,0,0,0,1.0,1.0,1.0,1.0,1.0,1,0.3069301224389379,43
1133,15,14669,14669,0,0,0,0,1.0,1.0,1.0,1.0,1.0,1,0.38387207940815127,45
1134,8,14677,14677,0,0,0,0,1.0,1.0,1.0,1.0,1.0,1,0.35606294190730065,46
1135,7,14684,14684,0,0,0,0,1.0,1.0,1.0,1.0,1.0,1,0.4191827972074893,45
1136,7,14691,14691,0,0,0,0,1.0,1.0,1.0,1.0,1.0,1,0.4398881000045508,48
1137,9,14700,14700,0,0,0,0,1.0,1.0,1.0,1.0,1.0,1,0.4046309986029844,49
1138,22,14722,14722,0,0,0,0,1.0,1.0,1.0,1.0,1.0,1,0.3273906950924674,49
1139,12,14734,14734,0,0,0,0,1.0,1.0,1.0,1.0,1.0,1,0.3701740485506134,49
1140,20,14754,14754,0,0,0,0,1.0,1.0,1.0,1.0,1.0,1,0.32514086402249853,49
1141,19,14773,14773,0,0,0,0,1.0,1.0,1.0,1.0,1.0,1,0.3103943695491718,48
1142,19,14792,14792,0,0,0,0,1.0,1.0,1.0,1.0,1.0,1,0.34762323630045955,48
1143,15,14807,14807,0,0,0,0,1.0,1.0,1.0,1.0,1.0,1,0.30752714647977064,48
1144,26,14833,14833,0,0,0,0,1.0,1.0,1.0,1.0,1.0,1,0.39220556390007505,48
1145,16,14849,14849,0,0,0,0,1.0,1.0,1.0,1.0,1.0,1,0.36643197567261243,48
1146,22,14871,14871,0,0,0,0,1.0,1.0,1.0,1.0,1.0,1,0.2895882238944796,48
1147,25,14896,14896,0,0,0,0,1.0,1.0,1.0,1.0,1.0,1,0.5079652106064355,46
1148,13,14909,14909,0,0,0,0,1.0,1.0,1.0,1.0,1.0,1,0.42370733949100187,46
1149,9,14918,14918,0,0,0,0,1.0,1.0,1.0,1.0,1.0,1,0.39521292806697605,45
1150,20,14938,14938,0,0,0,0,1.0,1.0,1.0,1.0,1.0,1,0.45675828190218554,46
1151,13,14951,14951,0,0,0,0,1.0,1.0,1.0,1.0,1.0,1,0.34859111225607764,44
1152,14,14965,14965,0,0,0,0,1.0,1.0,1.0,1.0,1.0,1,0.38229336490350657,44
1153,11,14976,14976,0,0,0,0,1.0,1.0,1.0,1.0,1.0,1,0.4135361315681346,43
1154,16,14992,14992,0,0,0,0,1.0,1.0,1.0,1.0,1.0,1,0.3502515086793323,43
1155,16,15008,15008,0,0,0,0,1.0,1.0,1.0,1.0,1.0,1,0.41205811191351616,43
1156,12,15020,15020,0,0,0,0,1.0,1.0,1.0,1.0,1.0,1,0.40583432878461545,42
1157,21,15041,15041,0,0,0,0,1.0,1.0,1.0,1.0,1.0,1,0.3847888167645028,42
1158,10,15051,15051,0,0,0,0,1.0,1.0,1.0,1.0,1.0,1,0.3359005250419716,41
1159,22,15073,15073,0,0,0,0,1.0,1.0,1.0,1.0,1.0,1,0.3683822460427616,41
1160,14,15087,15087,0,0,0,0,1.0,1.0,1.0,1.0,1.0,1,0.4397345593245624,41
1161,7,15094,15094,0,0,0,0,1.0,1.0,1.0,1.0,1.0,1,0.4500066169781766,42
1162,10,15104,15104,0,0,0,0,1.0,1.0,1.0,1.0,1.0,1,0.3003555434040786,43
1163,9,15113,15113,0,0,0,0,1.0,1.0,1.0,1.0,1.0,1,0.38900221104397764,43
1164,6,15119,15119,0,0,0,0,1.0,1.0,1.0,1.0,1.0,1,0.40490033746985776,44
1165,14,15133,15133,0,0,0,0,1.0,1.0,1.0,1.0,1.0,1,0.3013167384996164,44
1166,12,15145,15145,0,0,0,0,1.0,1.0,1.0,1.0,1.0,1,0.34105787822856676,46
1167,15,15160,15160,0,0,0,0,1.0,1.0,1.0,1.0,1.0,1,0.3734400871853931,46
1168,15,15175,15175,0,0,0,0,1.0,1.0,1.0,1.0,1.0,1,0.2193040866971088,47
1169,13,15188,15188,0,0,0,0,1.0,1.0,1.0,1.0,1.0,1,0.4095301432563388,46
1170,17,15205,15205,0,0,0,0,1.0,1.0,1.0,1.0,1.0,1,0.34203403502655505,48
1171,10,15215,15215,0,0,0,0,1.0,1.0,1.0,1.0,1.0,1,0.363950701997539,49
1172,14,15229,15229,0,0,0,0,1.0,1.0,1.0,1.0,1.0,1,0.3167619095195582,49
1173,11,15240,15240,0,0,0,0,1.0,1.0,1.0,1.0,1.0,1,0.284827642456845,49
1174,20,15260,15260,0,0,0,0,1.0,1.0,1.0,1.0,1.0,1,0.36337481468264043,49
1175,21,15281,15281,0,0,0,0,1.0,1.0,1.0,1.0,1.0,1,0.26425275669906584,50
1176,21,15302,15302,0,0,0,0,1.0,1.0,1.0,1.0,1.0,1,0.3818752730895101,52
1177,12,15314,15314,0,0,0,0,1.0,1.0,1.0,1.0,1.0,1,0.3520413092331447,52
1178,23,15337,15337,0,0,0,0,1.0,1.0,1.0,1.0,1.0,1,0.3633638079368162,52
1179,21,15358,15358,0,0,0,0,1.0,1.0,1.0,1.0,1.0,1,0.32153989651201825,53
1180,33,15391,15391,0,0,0,0,1.0,1.0,1.0,1.0,1.0,1,0.34451806408176283,54
1181,17,15408,15408,0,0,0,0,1.0,1.0,1.0,1.0,1.0,1,0.33106007720509,55
1182,21,15429,15429,0,0,0,0,1.0,1.0,1.0,1.0,1.0,1,0.26308147920164426,55
1183,40,15469,15469,0,0,0,0,1.0,1.0,1.0,1.0,1.0,1,0.2998272495529527,53
1184,18,15487,15487,0,0,0,0,1.0,1.0,1.0,1.0,1.0,1,0.32715921411674226,54
1185,19,15506,15506,0,0,0,0,1.0,1.0,1.0,1.0,1.0,1,0.27319293138621686,53
1186,12,15518,15518,0,0,0,0,0.9973523689627515,0.9928513961994291,0.9973523689627515,0.9928513961994291,1.0,1,0.4104036414470751,54
1187,14,15532,15532,0,0,0,0,1.0,1.0,1.0,1.0,1.0,1,0.3767053048114814,55
1188,25,15557,15557,0,0,0,0,1.0,1.0,1.0,1.0,1.0,1,0.2958364648680075,55
1189,17,15574,15574,0,0,0,0,1.0,1.0,1.0,1.0,1.0,1,0.30582062074341304,54
1190,13,15587,15587,0,0,0,0,1.0,1.0,1.0,1.0,1.0,1,0.39628217161446444,55
1191,19,15606,15606,0,0,0,0,1.0,1.0,1.0,1.0,1.0,1,0.2964678567864497,54
1192,20,15626,15626,0,0,0,0,1.0,1.0,1.0,1.0,1.0,1,0.16756435341397433,52
1193,16,15642,15642,0,0,0,0,1.0,1.0,1.0,1.0,1.0,1,0.2842909018792543,53
1194,10,15652,15652,0,0,0,0,1.0,1.0,1.0,1.0,1.0,1,0.28174192135637954,53
1195,8,15660,15660,0,0,0,0,1.0,1.0,1.0,1.0,1.0,1,0.3149565759027991,54
1196,21,15681,15681,0,0,0,0,1.0,1.0,1.0,1.0,1.0,1,0.26399495272816137,56
1197,17,15698,15698,0,0,0,0,1.0,1.0,1.0,1.0,1.0,1,0.23933401874497878,56
1198,20,15718,15718,0,0,0,0,1.0,1.0,1.0,1.0,1.0,1,0.39614081422850433,58
1199,17,15735,15735,0,0,0,0,1.0,1.0,1.0,1.0,1.0,1,0.39623377737764187,58
1200,13,15748,15748,0,0,0,0,1.0,1.0,1.0,1.0,1.0,1,0.3460031849420043,58
1201,16,15764,15764,0,0,0,0,1.0,1.0,1.0,1.0,1.0,1,0.26551862715942753,58
1202,13,15777,15777,0,0,0,0,1.0,1.0,1.0,1.0,1.0,1,0.22816852727446543,60
1203,10,15787,15787,0,0,0,0,1.0,1.0,1.0,1.0,1.0,1,0.2612071714342282,58
1204,10,15797,15797,0,0,0,0,1.0,1.0,1.0,1.0,1.0,1,0.24821039277859114,59
1205,12,15809,15809,0,0,0,0,1.0,1.0,1.0,1.0,1.0,1,0.24029561132766492,59
1206,8,15817,15817,0,0,0,0,1.0,1.0,1.0,1.0,1.0,1,0.23637127214645676,58
1207,16,15833,15833,0,0,0,0,1.0,1.0,1.0,1.0,1.0,1,0.32373663400556835,60
1208,16,15849,15849,0,0,0,0,1.0,1.0,1.0,1.0,1.0,1,0.24073385518234183,60
1209,22,15871,15871,0,0,0,0,1.0,1.0,1.0,1.0,1.0,1,0.2949201233698436,61
1210,10,15881,15881,0,0,0,0,1.0,1.0,1.0,1.0,1.0,1,0.32033399635550525,61
1211,18,15899,15899,0,0,0,0,1.0,1.0,1.0,1.0,1.0,1,0.2853900538334048,63
1212,20,15919,15919,0,0,0,0,1.0,1.0,1.0,1.0,1.0,1,0.23327012863972996,63
1213,24,15943,15943,0,0,0,0,1.0,1.0,1.0,1.0,1.0,1,0.3316954622717384,63
1214,15,15958,15958,0,0,0,0,1.0,1.0,1.0,1.0,1.0,1,0.3028272996431434,62
1215,26,15984,15984,0,0,0,0,1.0,1.0,1.0,1.0,1.0,1,0.27173732717234134,63
1216,17,16001,16001,0,0,0,0,1.0,1.0,1.0,1.0,1.0,1,0.381056177694791,64
1217,16,16017,16017,0,0,0,0,1.0,1.0,1.0,1.0,1.0,1,0.304534524519608,65
1218,18,16035,16035,0,0,0,0,1.0,1.0,1.0,1.0,1.0,1,0.2854665703650785,64
1219,23,16058,16058,0,0,0,0,1.0,1.0,1.0,1.0,1.0,1,0.31210761256928515,65
1220,16,16074,16074,0,0,0,0,1.0,1.0,1.0,1.0,1.0,1,0.35376280079291245,64
1221,20,16094,16094,0,0,0,0,1.0,1.0,1.0,1.0,1.0,1,0.3626110640199654,65
1222,14,16108,16108,0,0,0,0,1.0,1.0,1.0,1.0,1.0,1,0.34042443866820565,66
1223,19,16127,16127,0,0,0,0,1.0,1.0,1.0,1.0,1.0,1,0.20885297767643787,64
1224,17,16144,16144,0,0,0,0,1.0,1.0,1.0,1.0,1.0,1,0.35462977432718584,66
1225,19,16163,16163,0,0,0,0,1.0,1.0,1.0,1.0,1.0,1,0.3219412934407446,66
1226,16,16179,16179,0,0,0,0,0.9977261514669448,0.9929717408978292,0.9977261514669448,0.9929717408978292,1.0,1,0.3930919890819929,68
1227,37,16216,16216,0,0,0,0,1.0,1.0,1.0,1.0,1.0,1,0.3558307710444771,64
1228,17,16233,16233,0,0,0,0,1.0,1.0,1.0,1.0,1.0,1,0.29388860613333156,62
1229,19,16252,16252,0,0,0,0,1.0,1.0,1.0,1.0,1.0,1,0.4435571835221835,61
1230,11,16263,16263,0,0,0,0,1.0,1.0,1.0,1.0,1.0,1,0.32001679882395173,58
1231,12,16275,16275,0,0,0,0,1.0,1.0,1.0,1.0,1.0,1,0.43663358129954233,57
1232,16,16291,16291,0,0,0,0,1.0,1.0,1.0,1.0,1.0,1,0.4621927273034545,53
1233,14,16305,16305,0,0,0,0,1.0,1.0,1.0,1.0,1.0,1,0.40480316612954637,53
1234,18,16323,16323,0,0,0,0,1.0,1.0,1.0,1.0,1.0,1,0.39167312633660833,54
1235,20,16343,16343,0,0,0,0,1.0,1.0,1.0,1.0,1.0,1,0.38911632029278326,55
1236,25,16368,16368,0,0,0,0,1.0,1.0,1.0,1.0,1.0,1,0.4049764295555101,55
1237,21,16389,16389,0,0,0,0,1.0,1.0,1.0,1.0,1.0,1,0.3830810044341844,55
1238,18,16407,16407,0,0,0,0,1.0,1.0,1.0,1.0,1.0,1,0.4668378888032792,54
1239,5,16412,16412,0,0,0,0,1.0,1.0,1.0,1.0,1.0,1,0.4171173798080495,55
1240,11,16423,16423,0,0,0,0,1.0,1.0,1.0,1.0,1.0,1,0.3951539297270033,55
1241,13,16436,16436,0,0,0,0,1.0,1.0,1.0,1.0,1.0,1,0.32410915494678416,54
1242,10,16446,16446,0,0,0,0,1.0,1.0,1.0,1.0,1.0,1,0.332454583107203,54
1243,17,16463,16463,0,0,0,0,1.0,1.0,1.0,1.0,1.0,1,0.3619201166612863,55
1244,19,16482,16482,0,0,0,0,1.0,1.0,1.0,1.0,1.0,1,0.3505336101304083,55
1245,33,16515,16515,0,0,0,0,1.0,1.0,1.0,1.0,1.0,1,0.33695454066380454,55
1246,20,16535,16535,0,0,0,0,1.0,1.0,1.0,1.0,1.0,1,0.3563837353955212,55
1247,37,16572,16572,0,0,0,0,1.0,1.0,1.0,1.0,1.0,1,0.3733428863289549,57
1248,25,16597,16597,0,0,0,0,1.0,1.0,1.0,1.0,1.0,1,0.3485787804154788,56
1249,22,16619,16619,0,0,0,0,1.0,1.0,1.0,1.0,1.0,1,0.3526078749028103,56
1250,21,16640,16640,0,0,0,0,1.0,1.0,1.0,1.0,1.0,1,0.3035194581619122,56
1251,18,16658,16658,0,0,0,0,1.0,1.0,1.0,1.0,1.0,1,0.3634552805911767,58
1252,25,16683,16683,0,0,0,0,1.0,1.0,1.0,1.0,1.0,1,0.2639578610526724,58
1253,24,16707,16707,0,0,0,0,1.0,1.0,1.0,1.0,1.0,1,0.39727155353764965,58
1254,14,16721,16721,0,0,0,0,1.0,1.0,1.0,1.0,1.0,1,0.37582941804835757,60
1255,31,16752,16752,0,0,0,0,0.9841512203202993,0.9560556563426482,0.9841512203202993,0.9560556563426482,1.0,1,0.4855882149852459,61
1256,25,16777,16777,0,0,0,0,1.0,1.0,1.0,1.0,1.0,1,0.43471619132666783,61
1257,14,16791,16791,0,0,0,0,1.0,1.0,1.0,1.0,1.0,1,0.2788592506953569,62
1258,14,16805,16805,0,0,0,0,0.9834828399883372,0.9527008599666019,0.9834828399883372,0.9527008599666019,1.0,1,0.4477664135555954,63
1259,31,16836,16836,0,0,0,0,1.0,1.0,1.0,1.0,1.0,1,0.3028830870731481,63
1260,18,16854,16854,0,0,0,0,1.0,1.0,1.0,1.0,1.0,1,0.4178234151312958,63
1261,39,16893,16893,0,0,0,0,0.986818754853122,0.962253707079395,0.986818754853122,0.962253707079395,1.0,1,0.4243086660896098,63
1262,37,16930,16930,0,0,0,0,1.0,1.0,1.0,1.0,1.0,1,0.3856430392421457,64
1263,16,16946,16946,0,0,0,0,1.0,1.0,1.0,1.0,1.0,1,0.43058082894341604,63
1264,23,16969,16969,0,0,0,0,1.0,1.0,1.0,1.0,1.0,1,0.32886596994408546,63
1265,24,16993,16993,0,0,0,0,1.0,1.0,1.0,1.0,1.0,1,0.5156402796816711,60
1266,25,17018,17018,0,0,0,0,1.0,1.0,1.0,1.0,1.0,1,0.27172999205039183,61
1267,22,17040,17040,0,0,0,0,1.0,1.0,1.0,1.0,1.0,1,0.4286958849266219,58
1268,17,17057,17057,0,0,0,0,1.0,1.0,1.0,1.0,1.0,1,0.33319837178190886,54
1269,16,17073,17073,0,0,0,0,1.0,1.0,1.0,1.0,1.0,1,0.37916664706912884,54
1270,16,17089,17089,0,0,0,0,1.0,1.0,1.0,1.0,1.0,1,0.2745477241699417,51
1271,13,17102,17102,0,0,0,0,1.0,1.0,1.0,1.0,1.0,1,0.33553262597116573,50
1272,6,17108,17108,0,0,0,0,1.0,1.0,1.0,1.0,1.0,1,0.41783854805104526,47
1273,7,17115,17115,0,0,0,0,1.0,1.0,1.0,1.0,1.0,1,0.3463130568827323,47
1274,30,17145,17145,0,0,0,0,1.0,1.0,1.0,1.0,1.0,1,0.28654288866895405,49
1275,16,17161,17161,0,0,0,0,1.0,1.0,1.0,1.0,1.0,1,0.2463890948384123,48
1276,20,17181,17181,0,0,0,0,1.0,1.0,1.0,1.0,1.0,1,0.3017172726545254,49
1277,15,17196,17196,0,0,0,0,1.0,1.0,1.0,1.0,1.0,1,0.3211795661544884,50
1278,18,17214,17214,0,0,0,0,1.0,1.0,1.0,1.0,1.0,1,0.3415744942975931,51
1279,22,17236,17236,0,0,0,0,1.0,1.0,1.0,1.0,1.0,1,0.28048230271229774,51
1280,15,17251,17251,0,0,0,0,1.0,1.0,1.0,1.0,1.0,1,0.2675714467947976,52
1281,12,17263,17263,0,0,0,0,1.0,1.0,1.0,1.0,1.0,1,0.2781188127821047,52
1282,13,17276,17276,0,0,0,0,1.0,1.0,1.0,1.0,1.0,1,0.22366559189666393,52
1283,17,17293,17293,0,0,0,0,1.0,1.0,1.0,1.0,1.0,1,0.3688034220194987,52
1284,20,17313,17313,0,0,0,0,1.0,1.0,1.0,1.0,1.0,1,0.34592136056950773,52
1285,24,17337,17337,0,0,0,0,1.0,1.0,1.0,1.0,1.0,1,0.4146148851883954,51
1286,23,17360,17360,0,0,0,0,1.0,1.0,1.0,1.0,1.0,1,0.4549401504158218,52
1287,23,17383,17383,0,0,0,0,1.0,1.0,1.0,1.0,1.0,1,0.43425467334227935,54
1288,15,17398,17398,0,0,0,0,1.0,1.0,1.0,1.0,1.0,1,0.22332989735766728,55
1289,14,17412,17412,0,0,0,0,1.0,1.0,1.0,1.0,1.0,1,0.3682659495453408,56
1290,14,17426,17426,0,0,0,0,1.0,1.0,1.0,1.0,1.0,1,0.37332347707842295,57
1291,26,17452,17452,0,0,0,0,1.0,1.0,1.0,1.0,1.0,1,0.30657419472362457,58
1292,18,17470,17470,0,0,0,0,1.0,1.0,1.0,1.0,1.0,1,0.3354762208081803,59
1293,19,17489,17489,0,0,0,0,1.0,1.0,1.0,1.0,1.0,1,0.3106073188298847,59
1294,20,17509,17509,0,0,0,0,1.0,1.0,1.0,1.0,1.0,1,0.2921370916921232,59
1295,14,17523,17523,0,0,0,0,1.0,1.0,1.0,1.0,1.0,1,0.21102953689969625,59
1296,14,17537,17537,0,0,0,0,1.0,1.0,1.0,1.0,1.0,1,0.2796918242215393,59
1297,10,17547,17547,0,0,0,0,1.0,1.0,1.0,1.0,1.0,1,0.23764543951028277,61
1298,9,17556,17556,0,0,0,0,1.0,1.0,1.0,1.0,1.0,1,0.27319738091118884,61
1299,14,17570,17570,0,0,0,0,1.0,1.0,1.0,1.0,1.0,1,0.21059814644836153,60
1300,11,17581,17581,0,0,0,0,1.0,1.0,1.0,1.0,1.0,1,0.2349387885773839,59
1301,8,17589,17589,0,0,0,0,1.0,1.0,1.0,1.0,1.0,1,0.21267253073261147,59
1302,10,17599,17599,0,0,0,0,1.0,1.0,1.0,1.0,1.0,1,0.28199280776947266,59
1303,19,17618,17618,0,0,0,0,1.0,1.0,1.0,1.0,1.0,1,0.30128178445720694,55
1304,21,17639,17639,0,0,0,0,1.0,1.0,1.0,1.0,1.0,1,0.23249213328557986,56
1305,12,17651,17651,0,0,0,0,1.0,1.0,1.0,1.0,1.0,1,0.26091499112807603,54
1306,12,17663,17663,0,0,0,0,1.0,1.0,1.0,1.0,1.0,1,0.3213502007329108,53
1307,13,17676,17676,0,0,0,0,1.0,1.0,1.0,1.0,1.0,1,0.36297992145485586,52
1308,20,17696,17696,0,0,0,0,1.0,1.0,1.0,1.0,1.0,1,0.2682043786105675,52
1309,19,17715,17715,0,0,0,0,1.0,1.0,1.0,1.0,1.0,1,0.25749084917187876,54
1310,15,17730,17730,0,0,0,0,1.0,1.0,1.0,1.0,1.0,1,0.27106790668920216,52
1311,16,17746,17746,0,0,0,0,1.0,1.0,1.0,1.0,1.0,1,0.21663201078240937,51
1312,12,17758,17758,0,0,0,0,1.0,1.0,1.0,1.0,1.0,1,0.3118769001528008,49
1313,12,17770,17770,0,0,0,0,1.0,1.0,1.0,1.0,1.0,1,0.4007221201421993,47
1314,20,17790,17790,0,0,0,0,1.0,1.0,1.0,1.0,1.0,1,0.45562900236028286,46
1315,20,17810,17810,0,0,0,0,1.0,1.0,1.0,1.0,1.0,1,0.3991906328114996,45
1316,23,17833,17833,0,0,0,0,1.0,1.0,1.0,1.0,1.0,1,0.3641570647491234,46
1317,21,17854,17854,0,0,0,0,1.0,1.0,1.0,1.0,1.0,1,0.4098680600162497,45
1318,22,17876,17876,0,0,0,0,1.0,1.0,1.0,1.0,1.0,1,0.3890999689081066,46
1319,20,17896,17896,0,0,0,0,1.0,1.0,1.0,1.0,1.0,1,0.38502201189968344,46
1320,11,17907,17907,0,0,0,0,1.0,1.0,1.0,1.0,1.0,1,0.2791382642928265,46
1321,17,17924,17924,0,0,0,0,1.0,1.0,1.0,1.0,1.0,1,0.27373067862954836,48
1322,15,17939,17939,0,0,0,0,1.0,1.0,1.0,1.0,1.0,1,0.30644141335288533,49
1323,14,17953,17953,0,0,0,0,1.0,1.0,1.0,1.0,1.0,1,0.18008663201773414,49
1324,20,17973,17973,0,0,0,0,1.0,1.0,1.0,1.0,1.0,1,0.3437629238266879,50
1325,14,17987,17987,0,0,0,0,1.0,1.0,1.0,1.0,1.0,1,0.2882104105078784,49
1326,13,18000,18000,0,0,0,0,1.0,1.0,1.0,1.0,1.0,1,0.22809985118980358,50
1327,22,18022,18022,0,0,0,0,1.0,1.0,1.0,1.0,1.0,1,0.27037842266751955,50
1328,21,18043,18043,0,0,0,0,1.0,1.0,1.0,1.0,1.0,1,0.30510802902544587,49
1329,20,18063,18063,0,0,0,0,1.0,1.0,1.0,1.0,1.0,1,0.29655788964959917,50
1330,16,18079,18079,0,0,0,0,1.0,1.0,1.0,1.0,1.0,1,0.187084296031908,50
1331,17,18096,18096,0,0,0,0,1.0,1.0,1.0,1.0,1.0,1,0.335109123551842,50
1332,16,18112,18112,0,0,0,0,1.0,1.0,1.0,1.0,1.0,1,0.2513103521496097,51
1333,17,18129,18129,0,0,0,0,1.0,1.0,1.0,1.0,1.0,1,0.24135441692959775,52
1334,17,18146,18146,0,0,0,0,1.0,1.0,1.0,1.0,1.0,1,0.28980984941565374,54
1335,24,18170,18170,0,0,0,0,1.0,1.0,1.0,1.0,1.0,1,0.2811105211338344,54
1336,28,18198,18198,0,0,0,0,1.0,1.0,1.0,1.0,1.0,1,0.3294348867030312,56
1337,18,18216,18216,0,0,0,0,1.0,1.0,1.0,1.0,1.0,1,0.28377584316757903,57
1338,9,18225,18225,0,0,0,0,1.0,1.0,1.0,1.0,1.0,1,0.3269782005989616,57
1339,16,18241,18241,0,0,0,0,1.0,1.0,1.0,1.0,1.0,1,0.2967791323673967,58
1340,17,18258,18258,0,0,0,0,1.0,1.0,1.0,1.0,1.0,1,0.3519454087785338,59
1341,12,18270,18270,0,0,0,0,1.0,1.0,1.0,1.0,1.0,1,0.3619243348779625,57
1342,11,18281,18281,0,0,0,0,1.0,1.0,1.0,1.0,1.0,1,0.29322993983734413,57
1343,11,18292,18292,0,0,0,0,1.0,1.0,1.0,1.0,1.0,1,0.3698832271986447,55
1344,8,18300,18300,0,0,0,0,1.0,1.0,1.0,1.0,1.0,1,0.35053889771318686,54
1345,19,18319,18319,0,0,0,0,1.0,1.0,1.0,1.0,1.0,1,0.3351899636775029,53
1346,17,18336,18336,0,0,0,0,1.0,1.0,1.0,1.0,1.0,1,0.4156814391140658,53
1347,20,18356,18356,0,0,0,0,1.0,1.0,1.0,1.0,1.0,1,0.2704399725061895,51
1348,19,18375,18375,0,0,0,0,1.0,1.0,1.0,1.0,1.0,1,0.2840774788984117,52
1349,15,18390,18390,0,0,0,0,1.0,1.0,1.0,1.0,1.0,1,0.40077580100814725,50
1350,10,18400,18400,0,0,0,0,1.0,1.0,1.0,1.0,1.0,1,0.34718488438696266,51
1351,13,18413,18413,0,0,0,0,1.0,1.0,1.0,1.0,1.0,1,0.34071062889106973,50
1352,25,18438,18438,0,0,0,0,1.0,1.0,1.0,1.0,1.0,1,0.4371820945555836,50
1353,30,18468,18468,0,0,0,0,1.0,1.0,1.0,1.0,1.0,1,0.3577687971043621,50
1354,29,18497,18497,0,0,0,0,1.0,1.0,1.0,1.0,1.0,1,0.4173751429766252,51
1355,29,18526,18526,0,0,0,0,1.0,1.0,1.0,1.0,1.0,1,0.36820102020485684,53
1356,32,18558,18558,0,0,0,0,1.0,1.0,1.0,1.0,1.0,1,0.3654756280703492,52
1357,19,18577,18577,0,0,0,0,1.0,1.0,1.0,1.0,1.0,1,0.15944307053037826,52
1358,19,18596,18596,0,0,0,0,1.0,1.0,1.0,1.0,1.0,1,0.3365272068534432,53
1359,29,18625,18625,0,0,0,0,1.0,1.0,1.0,1.0,1.0,1,0.4239383269076739,54
1360,17,18642,18642,0,0,0,0,1.0,1.0,1.0,1.0,1.0,1,0.24062756048733905,55
1361,21,18663,18663,0,0,0,0,1.0,1.0,1.0,1.0,1.0,1,0.3500269379384055,55
1362,23,18686,18686,0,0,0,0,1.0,1.0,1.0,1.0,1.0,1,0.3569776448044557,56
1363,14,18700,18700,0,0,0,0,1.0,1.0,1.0,1.0,1.0,1,0.2277233201457436,56
1364,14,18714,18714,0,0,0,0,1.0,1.0,1.0,1.0,1.0,1,0.3793422222583426,55
1365,20,18734,18734,0,0,0,0,1.0,1.0,1.0,1.0,1.0,1,0.3825726896931288,56
1366,17,18751,18751,0,0,0,0,1.0,1.0,1.0,1.0,1.0,1,0.23998483563749742,57
1367,20,18771,18771,0,0,0,0,1.0,1.0,1.0,1.0,1.0,1,0.43026141143810115,57
1368,20,18791,18791,0,0,0,0,1.0,1.0,1.0,1.0,1.0,1,0.3694708309144868,58
1369,28,18819,18819,0,0,0,0,1.0,1.0,1.0,1.0,1.0,1,0.45012139619369484,59
1370,24,18843,18843,0,0,0,0,1.0,1.0,1.0,1.0,1.0,1,0.3206160323902638,60
1371,32,18875,18875,0,0,0,0,1.0,1.0,1.0,1.0,1.0,1,0.3582160805250602,59
1372,19,18894,18894,0,0,0,0,1.0,1.0,1.0,1.0,1.0,1,0.38281716100728214,59
1373,19,18913,18913,0,0,0,0,1.0,1.0,1.0,1.0,1.0,1,0.3581494840885243,59
1374,27,18940,18940,0,0,0,0,1.0,1.0,1.0,1.0,1.0,1,0.4320870290306687,59
1375,13,18953,18953,0,0,0,0,1.0,1.0,1.0,1.0,1.0,1,0.3999822203644268,62
1376,10,18963,18963,0,0,0,0,1.0,1.0,1.0,1.0,1.0,1,0.43719626457789645,61
1377,11,18974,18974,0,0,0,0,1.0,1.0,1.0,1.0,1.0,1,0.36883341163424416,63
1378,13,18987,18987,0,0,0,0,1.0,1.0,1.0,1.0,1.0,1,0.32291006392411753,62
1379,14,19001,19001,0,0,0,0,1.0,1.0,1.0,1.0,1.0,1,0.40767138602739245,61
1380,21,19022,19022,0,0,0,0,1.0,1.0,1.0,1.0,1.0,1,0.4114663140562654,60
1381,16,19038,19038,0,0,0,0,1.0,1.0,1.0,1.0,1.0,1,0.30696919042441057,58
1382,18,19056,19056,0,0,0,0,1.0,1.0,1.0,1.0,1.0,1,0.3552967778231367,56
1383,29,19085,19085,0,0,0,0,1.0,1.0,1.0,1.0,1.0,1,0.4155162690241909,57
1384,21,19106,19106,0,0,0,0,1.0,1.0,1.0,1.0,1.0,1,0.2853029950387522,55
1385,20,19126,19126,0,0,0,0,1.0,1.0,1.0,1.0,1.0,1,0.4176997783232514,55
1386,19,19145,19145,0,0,0,0,1.0,1.0,1.0,1.0,1.0,1,0.423125350651792,54
1387,16,19161,19161,0,0,0,0,1.0,1.0,1.0,1.0,1.0,1,0.39360947141789493,53
1388,27,19188,19188,0,0,0,0,1.0,1.0,1.0,1.0,1.0,1,0.32541870879230805,52
1389,19,19207,19207,0,0,0,0,1.0,1.0,1.0,1.0,1.0,1,0.45737809232796156,52
1390,20,19227,19227,0,0,0,0,1.0,1.0,1.0,1.0,1.0,1,0.33702764518758865,51
1391,21,19248,19248,0,0,0,0,1.0,1.0,1.0,1.0,1.0,1,0.40618404313900097,52
1392,13,19261,19261,0,0,0,0,1.0,1.0,1.0,1.0,1.0,1,0.4319587178345587,51
1393,11,19272,19272,0,0,0,0,1.0,1.0,1.0,1.0,1.0,1,0.4919209443445035,51
1394,25,19297,19297,0,0,0,0,1.0,1.0,1.0,1.0,1.0,1,0.46202811313887493,52
1395,16,19313,19313,0,0,0,0,1.0,1.0,1.0,1.0,1.0,1,0.2797653189912642,52
1396,22,19335,19335,0,0,0,0,1.0,1.0,1.0,1.0,1.0,1,0.4004082040647359,53
1397,30,19365,19365,0,0,0,0,1.0,1.0,1.0,1.0,1.0,1,0.39145425857636573,56
1398,21,19386,19386,0,0,0,0,1.0,1.0,1.0,1.0,1.0,1,0.4149744197942371,56
1399,23,19409,19409,0,0,0,0,1.0,1.0,1.0,1.0,1.0,1,0.3686893067932012,57
1400,41,19450,19450,0,0,0,0,1.0,1.0,1.0,1.0,1.0,1,0.42382151248229993,57
1401,18,19468,19468,0,0,0,0,1.0,1.0,1.0,1.0,1.0,1,0.3173178210967156,57
1402,21,19489,19489,0,0,0,0,1.0,1.0,1.0,1.0,1.0,1,0.4365048268400349,57
1403,31,19520,19520,0,0,0,0,1.0,1.0,1.0,1.0,1.0,1,0.42534663789479116,56
1404,20,19540,19540,0,0,0,0,1.0,1.0,1.0,1.0,1.0,1,0.4849385577683864,58
1405,16,19556,19556,0,0,0,0,0.9892616217657555,0.9703416220197055,0.9892616217657555,0.9703416220197055,1.0,1,0.49074253460785744,58
1406,23,19579,19579,0,0,0,0,0.9888014458710458,0.967524193026033,0.9888014458710458,0.967524193026033,1.0,1,0.46189794162513814,58
1407,11,19590,19590,0,0,0,0,1.0,1.0,1.0,1.0,1.0,1,0.4423668098963605,57
1408,20,19610,19610,0,0,0,0,1.0,1.0,1.0,1.0,1.0,1,0.3000843372947597,58
1409,15,19625,19625,0,0,0,0,1.0,1.0,1.0,1.0,1.0,1,0.4612971243321164,57
1410,17,19642,19642,0,0,0,0,1.0,1.0,1.0,1.0,1.0,1,0.47418341462593244,57
1411,19,19661,19661,0,0,0,0,1.0,1.0,1.0,1.0,1.0,1,0.31116001993876047,56
1412,10,19671,19671,0,0,0,0,1.0,1.0,1.0,1.0,1.0,1,0.5118512804790438,55
1413,12,19683,19683,0,0,0,0,1.0,1.0,1.0,1.0,1.0,1,0.484080011985158,57
1414,10,19693,19693,0,0,0,0,1.0,1.0,1.0,1.0,1.0,1,0.4884173123666077,57
1415,20,19713,19713,0,0,0,0,1.0,1.0,1.0,1.0,1.0,1,0.3677376340546074,60
1416,20,19733,19733,0,0,0,0,1.0,1.0,1.0,1.0,1.0,1,0.4076332666547008,61
1417,18,19751,19751,0,0,0,0,1.0,1.0,1.0,1.0,1.0,1,0.36293002741314423,59
1418,23,19774,19774,0,0,0,0,1.0,1.0,1.0,1.0,1.0,1,0.26530337676225846,60
1419,18,19792,19792,0,0,0,0,1.0,1.0,1.0,1.0,1.0,1,0.36996934718474905,59
1420,17,19809,19809,0,0,0,0,1.0,1.0,1.0,1.0,1.0,1,0.35292080429106487,58
1421,14,19823,19823,0,0,0,0,1.0,1.0,1.0,1.0,1.0,1,0.359736925469639,57
1422,9,19832,19832,0,0,0,0,1.0,1.0,1.0,1.0,1.0,1,0.3084953776426946,57
1423,7,19839,19839,0,0,0,0,1.0,1.0,1.0,1.0,1.0,1,0.3745281643244613,56
1424,9,19848,19848,0,0,0,0,1.0,1.0,1.0,1.0,1.0,1,0.3425140863130175,57
1425,13,19861,19861,0,0,0,0,1.0,1.0,1.0,1.0,1.0,1,0.29256416858225776,54
1426,7,19868,19868,0,0,0,0,1.0,1.0,1.0,1.0,1.0,1,0.3158801337284639,54
1427,11,19879,19879,0,0,0,0,1.0,1.0,1.0,1.0,1.0,1,0.44278288473761096,53
1428,7,19886,19886,0,0,0,0,1.0,1.0,1.0,1.0,1.0,1,0.3995932834543664,52
1429,12,19898,19898,0,0,0,0,1.0,1.0,1.0,1.0,1.0,1,0.43419934118156706,52
1430,18,19916,19916,0,0,0,0,1.0,1.0,1.0,1.0,1.0,1,0.30360525197934163,51
1431,18,19934,19934,0,0,0,0,1.0,1.0,1.0,1.0,1.0,1,0.37434944641168016,51
1432,11,19945,19945,0,0,0,0,1.0,1.0,1.0,1.0,1.0,1,0.3658760193879329,52
1433,15,19960,19960,0,0,0,0,1.0,1.0,1.0,1.0,1.0,1,0.43767277735680227,52
1434,17,19977,19977,0,0,0,0,1.0,1.0,1.0,1.0,1.0,1,0.4113709109074782,52
1435,13,19990,19990,0,0,0,0,1.0,1.0,1.0,1.0,1.0,1,0.40641886556710516,50
1436,10,20000,20000,0,0,0,0,1.0,1.0,1.0,1.0,1.0,1,0.3724840320412189,50
1437,16,20016,20016,0,0,0,0,1.0,1.0,1.0,1.0,1.0,1,0.3770652295255534,49
1438,19,20035,20035,0,0,0,0,1.0,1.0,1.0,1.0,1.0,1,0.41667430540747363,49
1439,17,20052,20052,0,0,0,0,1.0,1.0,1.0,1.0,1.0,1,0.37039800642306403,50
1440,12,20064,20064,0,0,0,0,1.0,1.0,1.0,1.0,1.0,1,0.4452431397303036,50
1441,16,20080,20080,0,0,0,0,1.0,1.0,1.0,1.0,1.0,1,0.4591955290115478,51
1442,7,20087,20087,0,0,0,0,1.0,1.0,1.0,1.0,1.0,1,0.4496719429428855,50
1443,9,20096,20096,0,0,0,0,1.0,1.0,1.0,1.0,1.0,1,0.43727415316285057,51
1444,12,20108,20108,0,0,0,0,1.0,1.0,1.0,1.0,1.0,1,0.5151866844156621,51
1445,12,20120,20120,0,0,0,0,1.0,1.0,1.0,1.0,1.0,1,0.4026314487114201,51
1446,11,20131,20131,0,0,0,0,1.0,1.0,1.0,1.0,1.0,1,0.4485805865708619,51
1447,13,20144,20144,0,0,0,0,1.0,1.0,1.0,1.0,1.0,1,0.4295455940238219,51
1448,16,20160,20160,0,0,0,0,1.0,1.0,1.0,1.0,1.0,1,0.4479454469154791,51
1449,14,20174,20174,0,0,0,0,1.0,1.0,1.0,1.0,1.0,1,0.47080269701356153,51
1450,12,20186,20186,0,0,0,0,1.0,1.0,1.0,1.0,1.0,1,0.37066930118852764,52
1451,12,20198,20198,0,0,0,0,1.0,1.0,1.0,1.0,1.0,1,0.4660214190630957,54
1452,12,20210,20210,0,0,0,0,1.0,1.0,1.0,1.0,1.0,1,0.45611026233336527,56
1453,19,20229,20229,0,0,0,0,0.9970190854162865,0.9920508944434309,0.9970190854162865,0.9920508944434309,1.0,1,0.44484778802401465,56
1454,30,20259,20259,0,0,0,0,1.0,1.0,1.0,1.0,1.0,1,0.3916634158211291,58
1455,26,20285,20285,0,0,0,0,1.0,1.0,1.0,1.0,1.0,1,0.5133882176128821,55
1456,36,20321,20321,0,0,0,0,1.0,1.0,1.0,1.0,1.0,1,0.33723018188255,56
1457,31,20352,20352,0,0,0,0,1.0,1.0,1.0,1.0,1.0,1,0.4441375618259017,54
1458,16,20368,20368,0,0,0,0,1.0,1.0,1.0,1.0,1.0,1,0.296762156788382,52
1459,24,20392,20392,0,0,0,0,0.9772039000370442,0.9435525143774429,0.9772039000370442,0.9435525143774429,1.0,1,0.5579718167100077,52
1460,41,20433,20433,0,0,0,0,1.0,1.0,1.0,1.0,1.0,1,0.576807438209689,50
1461,36,20469,20469,0,0,0,0,0.906200335481638,0.8011447112210727,0.906200335481638,0.8011447112210727,1.0,1,0.564017098601376,53
1462,14,20483,20483,0,0,0,0,1.0,1.0,1.0,1.0,1.0,1,0.4832490422103231,51
1463,17,20500,20500,0,0,0,0,1.0,1.0,1.0,1.0,1.0,1,0.31117293756161896,51
1464,22,20522,20522,0,0,0,0,1.0,1.0,1.0,1.0,1.0,1,0.5660394392650315,51
1465,18,20540,20540,0,0,0,0,1.0,1.0,1.0,1.0,1.0,1,0.44296747382705787,49
1466,18,20558,20558,0,0,0,0,1.0,1.0,1.0,1.0,1.0,1,0.46787581240675397,49
1467,14,20572,20572,0,0,0,0,1.0,1.0,1.0,1.0,1.0,1,0.35500393560701565,47
1468,17,20589,20589,0,0,0,0,1.0,1.0,1.0,1.0,1.0,1,0.4717663078351331,48
1469,10,20599,20599,0,0,0,0,1.0,1.0,1.0,1.0,1.0,1,0.38411967833570804,47
1470,9,20608,20608,0,0,0,0,1.0,1.0,1.0,1.0,1.0,1,0.3855592526212491,49
1471,9,20617,20617,0,0,0,0,1.0,1.0,1.0,1.0,1.0,1,0.46450587766898666,48
1472,6,20623,20623,0,0,0,0,1.0,1.0,1.0,1.0,1.0,1,0.44295163907827984,48
1473,7,20630,20630,0,0,0,0,1.0,1.0,1.0,1.0,1.0,1,0.4381484225679547,49
1474,8,20638,20638,0,0,0,0,1.0,1.0,1.0,1.0,1.0,1,0.4363618737015399,49
1475,9,20647,20647,0,0,0,0,1.0,1.0,1.0,1.0,1.0,1,0.46745953829628845,49
1476,7,20654,20654,0,0,0,0,1.0,1.0,1.0,1.0,1.0,1,0.4125549904696886,51
1477,7,20661,20661,0,0,0,0,1.0,1.0,1.0,1.0,1.0,1,0.45772801211971115,51
1478,15,20676,20676,0,0,0,0,1.0,1.0,1.0,1.0,1.0,1,0.39412577769580553,52
1479,14,20690,20690,0,0,0,0,1.0,1.0,1.0,1.0,1.0,1,0.30526922269743006,53
1480,13,20703,20703,0,0,0,0,1.0,1.0,1.0,1.0,1.0,1,0.3660807289897068,53
1481,10,20713,20713,0,0,0,0,1.0,1.0,1.0,1.0,1.0,1,0.3230618381713446,53
1482,13,20726,20726,0,0,0,0,1.0,1.0,1.0,1.0,1.0,1,0.3777158192305192,52
1483,11,20737,20737,0,0,0,0,1.0,1.0,1.0,1.0,1.0,1,0.33495477874646973,52
1484,15,20752,20752,0,0,0,0,1.0,1.0,1.0,1.0,1.0,1,0.29150209238066555,53
1485,19,20771,20771,0,0,0,0,1.0,1.0,1.0,1.0,1.0,1,0.2877476681309052,53
1486,26,20797,20797,0,0,0,0,1.0,1.0,1.0,1.0,1.0,1,0.37681211871494813,54
1487,24,20821,20821,0,0,0,0,1.0,1.0,1.0,1.0,1.0,1,0.34821101206917054,55
1488,29,20850,20850,0,0,0,0,1.0,1.0,1.0,1.0,1.0,1,0.32841574928725964,57
1489,28,20878,20878,0,0,0,0,1.0,1.0,1.0,1.0,1.0,1,0.3990570643939951,58
1490,26,20904,20904,0,0,0,0,1.0,1.0,1.0,1.0,1.0,1,0.39068398769141244,58
1491,12,20916,20916,0,0,0,0,1.0,1.0,1.0,1.0,1.0,1,0.42300607117431793,59
1492,21,20937,20937,0,0,0,0,1.0,1.0,1.0,1.0,1.0,1,0.3207049651348573,59
1493,17,20954,20954,0,0,0,0,1.0,1.0,1.0,1.0,1.0,1,0.37901029449104373,58
1494,15,20969,20969,0,0,0,0,1.0,1.0,1.0,1.0,1.0,1,0.3780919127661995,58
1495,7,20976,20976,0,0,0,0,1.0,1.0,1.0,1.0,1.0,1,0.3257249834654491,57
1496,13,20989,20989,0,0,0,0,1.0,1.0,1.0,1.0,1.0,1,0.4138492460895953,59
1497,8,20997,20997,0,0,0,0,1.0,1.0,1.0,1.0,1.0,1,0.3707913716270979,58
1498,9,21006,21006,0,0,0,0,1.0,1.0,1.0,1.0,1.0,1,0.2785965896871387,58
1499,16,21022,21022,0,0,0,0,1.0,1.0,1.0,1.0,1.0,1,0.2905239550671179,56
1500,8,21030,21030,0,0,0,0,1.0,1.0,1.0,1.0,1.0,1,0.3302644846955709,57
1501,10,21040,21040,0,0,0,0,1.0,1.0,1.0,1.0,1.0,1,0.41103419464848073,55
1502,8,21048,21048,0,0,0,0,1.0,1.0,1.0,1.0,1.0,1,0.3534714785746914,55
1503,12,21060,21060,0,0,0,0,1.0,1.0,1.0,1.0,1.0,1,0.4490652751832359,54
1504,12,21072,21072,0,0,0,0,1.0,1.0,1.0,1.0,1.0,1,0.34097187465574796,55
1505,13,21085,21085,0,0,0,0,1.0,1.0,1.0,1.0,1.0,1,0.3928941535555519,53
1506,15,21100,21100,0,0,0,0,1.0,1.0,1.0,1.0,1.0,1,0.29648676970646226,55
1507,14,21114,21114,0,0,0,0,1.0,1.0,1.0,1.0,1.0,1,0.4306902447007158,53
1508,7,21121,21121,0,0,0,0,1.0,1.0,1.0,1.0,1.0,1,0.41866365061109134,53
1509,20,21141,21141,0,0,0,0,1.0,1.0,1.0,1.0,1.0,1,0.4031172814350311,52
1510,12,21153,21153,0,0,0,0,1.0,1.0,1.0,1.0,1.0,1,0.34063167246351167,50
1511,10,21163,21163,0,0,0,0,1.0,1.0,1.0,1.0,1.0,1,0.4310214473694307,49
1512,12,21175,21175,0,0,0,0,1.0,1.0,1.0,1.0,1.0,1,0.4776105138942879,48
1513,8,21183,21183,0,0,0,0,1.0,1.0,1.0,1.0,1.0,1,0.4781137892262196,47
1514,10,21193,21193,0,0,0,0,1.0,1.0,1.0,1.0,1.0,1,0.3830424338221951,48
1515,19,21212,21212,0,0,0,0,1.0,1.0,1.0,1.0,1.0,1,0.3308307134038367,48
1516,14,21226,21226,0,0,0,0,1.0,1.0,1.0,1.0,1.0,1,0.4374935575722082,47
1517,23,21249,21249,0,0,0,0,1.0,1.0,1.0,1.0,1.0,1,0.3927501126129058,48
1518,19,21268,21268,0,0,0,0,1.0,1.0,1.0,1.0,1.0,1,0.40907927268155003,48
1519,9,21277,21277,0,0,0,0,1.0,1.0,1.0,1.0,1.0,1,0.4258181039544377,47
1520,19,21296,21296,0,0,0,0,1.0,1.0,1.0,1.0,1.0,1,0.3750145125652415,48
1521,15,21311,21311,0,0,0,0,1.0,1.0,1.0,1.0,1.0,1,0.28957563197798736,49
1522,16,21327,21327,0,0,0,0,1.0,1.0,1.0,1.0,1.0,1,0.3556786207459271,48
1523,11,21338,21338,0,0,0,0,1.0,1.0,1.0,1.0,1.0,1,0.23577555785086834,49
1524,15,21353,21353,0,0,0,0,1.0,1.0,1.0,1.0,1.0,1,0.28914956706577605,49
1525,8,21361,21361,0,0,0,0,1.0,1.0,1.0,1.0,1.0,1,0.3373088480895399,51
1526,8,21369,21369,0,0,0,0,1.0,1.0,1.0,1.0,1.0,1,0.27872609752901967,52
1527,15,21384,21384,0,0,0,0,1.0,1.0,1.0,1.0,1.0,1,0.3216188403661547,54
1528,15,21399,21399,0,0,0,0,1.0,1.0,1.0,1.0,1.0,1,0.33791367772495984,54
1529,8,21407,21407,0,0,0,0,1.0,1.0,1.0,1.0,1.0,1,0.30626879610662516,54
1530,9,21416,21416,0,0,0,0,1.0,1.0,1.0,1.0,1.0,1,0.4329407135106161,54
1531,9,21425,21425,0,0,0,0,1.0,1.0,1.0,1.0,1.0,1,0.4267243265217109,54
1532,7,21432,21432,0,0,0,0,1.0,1.0,1.0,1.0,1.0,1,0.35857325446490246,54
1533,13,21445,21445,0,0,0,0,1.0,1.0,1.0,1.0,1.0,1,0.356002225974725,54
1534,8,21453,21453,0,0,0,0,1.0,1.0,1.0,1.0,1.0,1,0.4368039726478179,54
1535,5,21458,21458,0,0,0,0,1.0,1.0,1.0,1.0,1.0,1,0.4029698311845711,54
1536,10,21468,21468,0,0,0,0,1.0,1.0,1.0,1.0,1.0,1,0.3729230922261969,55
1537,3,21471,21471,0,0,0,0,1.0,1.0,1.0,1.0,1.0,1,0.4251293226071253,53
1538,7,21478,21478,0,0,0,0,1.0,1.0,1.0,1.0,1.0,1,0.41083779067047416,54
1539,9,21487,21487,0,0,0,0,1.0,1.0,1.0,1.0,1.0,1,0.4172448969339421,54
1540,12,21499,21499,0,0,0,0,1.0,1.0,1.0,1.0,1.0,1,0.38520391809987453,54
1541,6,21505,21505,0,0,0,0,1.0,1.0,1.0,1.0,1.0,1,0.3519619695292079,54
1542,15,21520,21520,0,0,0,0,1.0,1.0,1.0,1.0,1.0,1,0.22429075921935443,57
1543,11,21531,21531,0,0,0,0,1.0,1.0,1.0,1.0,1.0,1,0.24933555152450942,55
1544,14,21545,21545,0,0,0,0,1.0,1.0,1.0,1.0,1.0,1,0.2826583948809477,54
1545,16,21561,21561,0,0,0,0,1.0,1.0,1.0,1.0,1.0,1,0.2414669447554065,54
1546,14,21575,21575,0,0,0,0,1.0,1.0,1.0,1.0,1.0,1,0.28113080467381785,53
1547,21,21596,21596,0,0,0,0,1.0,1.0,1.0,1.0,1.0,1,0.30011844130380405,53
1548,18,21614,21614,0,0,0,0,1.0,1.0,1.0,1.0,1.0,1,0.2479243688623854,54
1549,16,21630,21630,0,0,0,0,1.0,1.0,1.0,1.0,1.0,1,0.19852741228309426,52
1550,24,21654,21654,0,0,0,0,1.0,1.0,1.0,1.0,1.0,1,0.2255092402522555,52
1551,18,21672,21672,0,0,0,0,1.0,1.0,1.0,1.0,1.0,1,0.1844363652711879,52
1552,22,21694,21694,0,0,0,0,1.0,1.0,1.0,1.0,1.0,1,0.3380596438837488,51
1553,14,21708,21708,0,0,0,0,1.0,1.0,1.0,1.0,1.0,1,0.15877688037355547,51
1554,18,21726,21726,0,0,0,0,1.0,1.0,1.0,1.0,1.0,1,0.29331358845161654,51
1555,16,21742,21742,0,0,0,0,1.0,1.0,1.0,1.0,1.0,1,0.22201780504909624,50
1556,29,21771,21771,0,0,0,0,1.0,1.0,1.0,1.0,1.0,1,0.26283880035564033,51
1557,17,21788,21788,0,0,0,0,1.0,1.0,1.0,1.0,1.0,1,0.2842096329446119,51
1558,24,21812,21812,0,0,0,0,1.0,1.0,1.0,1.0,1.0,1,0.23080801070759696,52
1559,12,21824,21824,0,0,0,0,1.0,1.0,1.0,1.0,1.0,1,0.24113183861774462,53
1560,18,21842,21842,0,0,0,0,1.0,1.0,1.0,1.0,1.0,1,0.23421237809612314,51
1561,16,21858,21858,0,0,0,0,1.0,1.0,1.0,1.0,1.0,1,0.243724222075433,51
1562,11,21869,21869,0,0,0,0,1.0,1.0,1.0,1.0,1.0,1,0.19269796093485494,52
1563,11,21880,21880,0,0,0,0,1.0,1.0,1.0,1.0,1.0,1,0.21228152699251046,52
1564,9,21889,21889,0,0,0,0,1.0,1.0,1.0,1.0,1.0,1,0.2637526904529057,51
1565,9,21898,21898,0,0,0,0,1.0,1.0,1.0,1.0,1.0,1,0.2815974544322004,53
1566,7,21905,21905,0,0,0,0,1.0,1.0,1.0,1.0,1.0,1,0.334610139071842,53
1567,6,21911,21911,0,0,0,0,1.0,1.0,1.0,1.0,1.0,1,0.3411264689245078,52
1568,10,21921,21921,0,0,0,0,1.0,1.0,1.0,1.0,1.0,1,0.25009184743345386,52
1569,13,21934,21934,0,0,0,0,1.0,1.0,1.0,1.0,1.0,1,0.35896007129280494,49
1570,15,21949,21949,0,0,0,0,1.0,1.0,1.0,1.0,1.0,1,0.3009100793597528,48
1571,15,21964,21964,0,0,0,0,1.0,1.0,1.0,1.0,1.0,1,0.3085785976322973,46
1572,20,21984,21984,0,0,0,0,1.0,1.0,1.0,1.0,1.0,1,0.29552023109377074,47
1573,19,22003,22003,0,0,0,0,1.0,1.0,1.0,1.0,1.0,1,0.3258605844004346,48
1574,11,22014,22014,0,0,0,0,1.0,1.0,1.0,1.0,1.0,1,0.29184191482788674,46
1575,17,22031,22031,0,0,0,0,1.0,1.0,1.0,1.0,1.0,1,0.345412372336726,47
1576,9,22040,22040,0,0,0,0,1.0,1.0,1.0,1.0,1.0,1,0.46321159385274213,46
1577,10,22050,22050,0,0,0,0,1.0,1.0,1.0,1.0,1.0,1,0.48852621925869744,45
1578,7,22057,22057,0,0,0,0,1.0,1.0,1.0,1.0,1.0,1,0.4894126646769759,44
1579,3,22060,22060,0,0,0,0,1.0,1.0,1.0,1.0,1.0,1,0.45919490442439914,43
1580,15,22075,22075,0,0,0,0,1.0,1.0,1.0,1.0,1.0,1,0.4564082487746728,43
1581,9,22084,22084,0,0,0,0,1.0,1.0,1.0,1.0,1.0,1,0.4365626012618438,42
1582,7,22091,22091,0,0,0,0,1.0,1.0,1.0,1.0,1.0,1,0.4135817891943115,42
1583,22,22113,22113,0,0,0,0,1.0,1.0,1.0,1.0,1.0,1,0.4057543139573104,43
1584,13,22126,22126,0,0,0,0,1.0,1.0,1.0,1.0,1.0,1,0.2869223897194221,41
1585,17,22143,22143,0,0,0,0,1.0,1.0,1.0,1.0,1.0,1,0.2971754713128083,43
1586,13,22156,22156,0,0,0,0,1.0,1.0,1.0,1.0,1.0,1,0.310401646435126,42
1587,24,22180,22180,0,0,0,0,1.0,1.0,1.0,1.0,1.0,1,0.41418260983453337,42
1588,22,22202,22202,0,0,0,0,1.0,1.0,1.0,1.0,1.0,1,0.37075713643302644,42
1589,19,22221,22221,0,0,0,0,1.0,1.0,1.0,1.0,1.0,1,0.3365204516754517,42
1590,13,22234,22234,0,0,0,0,1.0,1.0,1.0,1.0,1.0,1,0.21469819254081507,41
1591,12,22246,22246,0,0,0,0,1.0,1.0,1.0,1.0,1.0,1,0.37140491681381643,40
1592,27,22273,22273,0,0,0,0,1.0,1.0,1.0,1.0,1.0,1,0.4544568908077003,39
1593,14,22287,22287,0,0,0,0,1.0,1.0,1.0,1.0,1.0,1,0.3554643200535436,39
1594,12,22299,22299,0,0,0,0,1.0,1.0,1.0,1.0,1.0,1,0.39643687421721496,39
1595,19,22318,22318,0,0,0,0,1.0,1.0,1.0,1.0,1.0,1,0.25961347422343867,42
1596,21,22339,22339,0,0,0,0,1.0,1.0,1.0,1.0,1.0,1,0.3116865796097923,41
1597,18,22357,22357,0,0,0,0,1.0,1.0,1.0,1.0,1.0,1,0.27563378573338754,41
1598,9,22366,22366,0,0,0,0,1.0,1.0,1.0,1.0,1.0,1,0.2817318258515574,39
1599,27,22393,22393,0,0,0,0,1.0,1.0,1.0,1.0,1.0,1,0.31274889757323693,39
1600,17,22410,22410,0,0,0,0,1.0,1.0,1.0,1.0,1.0,1,0.2279039737519108,40
1601,15,22425,22425,0,0,0,0,1.0,1.0,1.0,1.0,1.0,1,0.258450384000173,41
1602,17,22442,22442,0,0,0,0,1.0,1.0,1.0,1.0,1.0,1,0.22821348934308083,41
1603,17,22459,22459,0,0,0,0,1.0,1.0,1.0,1.0,1.0,1,0.22567892009997573,43
1604,14,22473,22473,0,0,0,0,1.0,1.0,1.0,1.0,1.0,1,0.18917923861999938,43
1605,16,22489,22489,0,0,0,0,1.0,1.0,1.0,1.0,1.0,1,0.20081230226746868,44
1606,11,22500,22500,0,0,0,0,1.0,1.0,1.0,1.0,1.0,1,0.255629901238805,44
1607,5,22505,22505,0,0,0,0,1.0,1.0,1.0,1.0,1.0,1,0.2938218320729272,42
1608,12,22517,22517,0,0,0,0,1.0,1.0,1.0,1.0,1.0,1,0.32996766155717655,41
1609,7,22524,22524,0,0,0,0,1.0,1.0,1.0,1.0,1.0,1,0.3204389998908362,39
1610,11,22535,22535,0,0,0,0,1.0,1.0,1.0,1.0,1.0,1,0.3451037438450282,39
1611,14,22549,22549,0,0,0,0,1.0,1.0,1.0,1.0,1.0,1,0.37181759522960367,40
1612,8,22557,22557,0,0,0,0,1.0,1.0,1.0,1.0,1.0,1,0.3582406907021281,39
1613,15,22572,22572,0,0,0,0,1.0,1.0,1.0,1.0,1.0,1,0.4096164478547849,41
1614,11,22583,22583,0,0,0,0,1.0,1.0,1.0,1.0,1.0,1,0.36586717366169436,41
1615,19,22602,22602,0,0,0,0,1.0,1.0,1.0,1.0,1.0,1,0.35532874075664467,41
1616,20,22622,22622,0,0,0,0,1.0,1.0,1.0,1.0,1.0,1,0.3604381978704793,43
1617,13,22635,22635,0,0,0,0,1.0,1.0,1.0,1.0,1.0,1,0.38176849722233563,44
1618,10,22645,22645,0,0,0,0,1.0,1.0,1.0,1.0,1.0,1,0.34222114284755445,44
1619,18,22663,22663,0,0,0,0,1.0,1.0,1.0,1.0,1.0,1,0.3873313651081701,44
1620,8,22671,22671,0,0,0,0,1.0,1.0,1.0,1.0,1.0,1,0.49471930045157875,45
1621,6,22677,22677,0,0,0,0,1.0,1.0,1.0,1.0,1.0,1,0.40814577680111774,44
1622,13,22690,22690,0,0,0,0,1.0,1.0,1.0,1.0,1.0,1,0.537017249266435,44
1623,13,22703,22703,0,0,0,0,1.0,1.0,1.0,1.0,1.0,1,0.4172265815093246,43
1624,16,22719,22719,0,0,0,0,1.0,1.0,1.0,1.0,1.0,1,0.39300523675813714,43
1625,14,22733,22733,0,0,0,0,1.0,1.0,1.0,1.0,1.0,1,0.5197876463259371,43
1626,21,22754,22754,0,0,0,0,1.0,1.0,1.0,1.0,1.0,1,0.5148201204322828,42
1627,19,22773,22773,0,0,0,0,1.0,1.0,1.0,1.0,1.0,1,0.5010714740072406,42
1628,11,22784,22784,0,0,0,0,1.0,1.0,1.0,1.0,1.0,1,0.4101299168376692,42
1629,10,22794,22794,0,0,0,0,1.0,1.0,1.0,1.0,1.0,1,0.4153988148899002,41
1630,15,22809,22809,0,0,0,0,1.0,1.0,1.0,1.0,1.0,1,0.3675296431079891,41
1631,7,22816,22816,0,0,0,0,1.0,1.0,1.0,1.0,1.0,1,0.38575894045883835,40
1632,7,22823,22823,0,0,0,0,1.0,1.0,1.0,1.0,1.0,1,0.4362431901560075,39
1633,9,22832,22832,0,0,0,0,1.0,1.0,1.0,1.0,1.0,1,0.39214551322326086,39
1634,14,22846,22846,0,0,0,0,1.0,1.0,1.0,1.0,1.0,1,0.28812824000524906,39
1635,16,22862,22862,0,0,0,0,1.0,1.0,1.0,1.0,1.0,1,0.19798188453630539,40
1636,12,22874,22874,0,0,0,0,1.0,1.0,1.0,1.0,1.0,1,0.28525436188287095,41
1637,8,22882,22882,0,0,0,0,1.0,1.0,1.0,1.0,1.0,1,0.3063579445327539,41
1638,15,22897,22897,0,0,0,0,1.0,1.0,1.0,1.0,1.0,1,0.32836324753383633,42
1639,13,22910,22910,0,0,0,0,1.0,1.0,1.0,1.0,1.0,1,0.3803324201752003,43
1640,14,22924,22924,0,0,0,0,1.0,1.0,1.0,1.0,1.0,1,0.20338369893656572,43
1641,9,22933,22933,0,0,0,0,1.0,1.0,1.0,1.0,1.0,1,0.22625559841137435,44
1642,9,22942,22942,0,0,0,0,1.0,1.0,1.0,1.0,1.0,1,0.3253201244697593,45
1643,9,22951,22951,0,0,0,0,1.0,1.0,1.0,1.0,1.0,1,0.35986626857504084,44
1644,11,22962,22962,0,0,0,0,1.0,1.0,1.0,1.0,1.0,1,0.3655409157529787,45
1645,14,22976,22976,0,0,0,0,1.0,1.0,1.0,1.0,1.0,1,0.32754488279467175,44
1646,16,22992,22992,0,0,0,0,1.0,1.0,1.0,1.0,1.0,1,0.40773872286116675,43
1647,5,22997,22997,0,0,0,0,1.0,1.0,1.0,1.0,1.0,1,0.38522001484874413,43
1648,12,23009,23009,0,0,0,0,1.0,1.0,1.0,1.0,1.0,1,0.3713069349668763,42
1649,12,23021,23021,0,0,0,0,1.0,1.0,1.0,1.0,1.0,1,0.43407441087067355,41
1650,6,23027,23027,0,0,0,0,1.0,1.0,1.0,1.0,1.0,1,0.35269239752151,41
1651,12,23039,23039,0,0,0,0,1.0,1.0,1.0,1.0,1.0,1,0.392851552330615,40
1652,7,23046,23046,0,0,0,0,1.0,1.0,1.0,1.0,1.0,1,0.39821792130636235,39
1653,17,23063,23063,0,0,0,0,1.0,1.0,1.0,1.0,1.0,1,0.4107587436584077,39
1654,18,23081,23081,0,0,0,0,1.0,1.0,1.0,1.0,1.0,1,0.3005259549303502,39
1655,14,23095,23095,0,0,0,0,1.0,1.0,1.0,1.0,1.0,1,0.32684892493480283,40
1656,13,23108,23108,0,0,0,0,1.0,1.0,1.0,1.0,1.0,1,0.29267329180226287,40
1657,10,23118,23118,0,0,0,0,1.0,1.0,1.0,1.0,1.0,1,0.30270904548853494,40
1658,14,23132,23132,0,0,0,0,1.0,1.0,1.0,1.0,1.0,1,0.278166552280084,40
1659,15,23147,23147,0,0,0,0,1.0,1.0,1.0,1.0,1.0,1,0.24426847993902193,40
1660,7,23154,23154,0,0,0,0,1.0,1.0,1.0,1.0,1.0,1,0.2761463503263401,41
1661,9,23163,23163,0,0,0,0,1.0,1.0,1.0,1.0,1.0,1,0.2876826046072754,42
1662,6,23169,23169,0,0,0,0,1.0,1.0,1.0,1.0,1.0,1,0.26422329481766654,44
1663,10,23179,23179,0,0,0,0,1.0,1.0,1.0,1.0,1.0,1,0.30303555679533806,43
1664,10,23189,23189,0,0,0,0,1.0,1.0,1.0,1.0,1.0,1,0.37160623640843193,42
1665,15,23204,23204,0,0,0,0,1.0,1.0,1.0,1.0,1.0,1,0.275232935123427,42
1666,11,23215,23215,0,0,0,0,1.0,1.0,1.0,1.0,1.0,1,0.34638388665876774,43
1667,8,23223,23223,0,0,0,0,1.0,1.0,1.0,1.0,1.0,1,0.44528318959193325,40
1668,8,23231,23231,0,0,0,0,1.0,1.0,1.0,1.0,1.0,1,0.40619652089683406,40
1669,13,23244,23244,0,0,0,0,1.0,1.0,1.0,1.0,1.0,1,0.24700376817859543,40
1670,12,23256,23256,0,0,0,0,1.0,1.0,1.0,1.0,1.0,1,0.43631879606083407,39
1671,11,23267,23267,0,0,0,0,1.0,1.0,1.0,1.0,1.0,1,0.31961566528716145,39
1672,18,23285,23285,0,0,0,0,1.0,1.0,1.0,1.0,1.0,1,0.3199886809371129,38
1673,8,23293,23293,0,0,0,0,1.0,1.0,1.0,1.0,1.0,1,0.39603483069110523,38
1674,9,23302,23302,0,0,0,0,1.0,1.0,1.0,1.0,1.0,1,0.418572990858137,38
1675,18,23320,23320,0,0,0,0,1.0,1.0,1.0,1.0,1.0,1,0.47290716465635824,39
1676,8,23328,23328,0,0,0,0,1.0,1.0,1.0,1.0,1.0,1,0.30949231666541904,39
1677,14,23342,23342,0,0,0,0,1.0,1.0,1.0,1.0,1.0,1,0.4584118420492341,40
1678,13,23355,23355,0,0,0,0,1.0,1.0,1.0,1.0,1.0,1,0.42741908021278124,39
1679,10,23365,23365,0,0,0,0,1.0,1.0,1.0,1.0,1.0,1,0.3705271617411659,39
1680,13,23378,23378,0,0,0,0,1.0,1.0,1.0,1.0,1.0,1,0.3543931269677678,40
1681,5,23383,23383,0,0,0,0,1.0,1.0,1.0,1.0,1.0,1,0.31953564767090914,41
1682,26,23409,23409,0,0,0,0,1.0,1.0,1.0,1.0,1.0,1,0.23567124834858888,40
1683,21,23430,23430,0,0,0,0,1.0,1.0,1.0,1.0,1.0,1,0.25116425676437354,43
1684,20,23450,23450,0,0,0,0,1.0,1.0,1.0,1.0,1.0,1,0.30311244973430734,42
1685,14,23464,23464,0,0,0,0,1.0,1.0,1.0,1.0,1.0,1,0.3778148303194873,41
1686,8,23472,23472,0,0,0,0,1.0,1.0,1.0,1.0,1.0,1,0.3893343486503355,39
1687,15,23487,23487,0,0,0,0,1.0,1.0,1.0,1.0,1.0,1,0.3014466212079034,41
1688,12,23499,23499,0,0,0,0,1.0,1.0,1.0,1.0,1.0,1,0.33740588900637825,39
1689,9,23508,23508,0,0,0,0,1.0,1.0,1.0,1.0,1.0,1,0.3085478341441987,37
1690,8,23516,23516,0,0,0,0,1.0,1.0,1.0,1.0,1.0,1,0.2804622750151421,36
1691,10,23526,23526,0,0,0,0,1.0,1.0,1.0,1.0,1.0,1,0.31596740971868326,36
1692,5,23531,23531,0,0,0,0,1.0,1.0,1.0,1.0,1.0,1,0.3611632808050772,34
1693,8,23539,23539,0,0,0,0,1.0,1.0,1.0,1.0,1.0,1,0.42184949455179016,33
1694,15,23554,23554,0,0,0,0,1.0,1.0,1.0,1.0,1.0,1,0.45528279106024305,32
1695,12,23566,23566,0,0,0,0,1.0,1.0,1.0,1.0,1.0,1,0.44173730707088327,32
1696,16,23582,23582,0,0,0,0,1.0,1.0,1.0,1.0,1.0,1,0.3582383188066909,34
1697,17,23599,23599,0,0,0,0,1.0,1.0,1.0,1.0,1.0,1,0.3665158456696386,34
1698,13,23612,23612,0,0,0,0,1.0,1.0,1.0,1.0,1.0,1,0.44391645810404573,36
1699,11,23623,23623,0,0,0,0,1.0,1.0,1.0,1.0,1.0,1,0.44670989097087976,36
1700,14,23637,23637,0,0,0,0,1.0,1.0,1.0,1.0,1.0,1,0.41635601645562376,37
1701,17,23654,23654,0,0,0,0,1.0,1.0,1.0,1.0,1.0,1,0.47692493020920557,39
1702,17,23671,23671,0,0,0,0,1.0,1.0,1.0,1.0,1.0,1,0.47409780223824033,39
1703,16,23687,23687,0,0,0,0,1.0,1.0,1.0,1.0,1.0,1,0.40124952687385806,38
1704,14,23701,23701,0,0,0,0,1.0,1.0,1.0,1.0,1.0,1,0.32245211801859597,38
1705,14,23715,23715,0,0,0,0,1.0,1.0,1.0,1.0,1.0,1,0.3889751163822611,37
1706,15,23730,23730,0,0,0,0,1.0,1.0,1.0,1.0,1.0,1,0.2619447660741361,37
1707,16,23746,23746,0,0,0,0,1.0,1.0,1.0,1.0,1.0,1,0.3671820448933007,36
1708,18,23764,23764,0,0,0,0,1.0,1.0,1.0,1.0,1.0,1,0.3924028289302492,34
1709,22,23786,23786,0,0,0,0,1.0,1.0,1.0,1.0,1.0,1,0.4113905678946812,34
1710,11,23797,23797,0,0,0,0,1.0,1.0,1.0,1.0,1.0,1,0.4608238606724696,33
1711,7,23804,23804,0,0,0,0,1.0,1.0,1.0,1.0,1.0,1,0.3536554408337074,32
1712,13,23817,23817,0,0,0,0,1.0,1.0,1.0,1.0,1.0,1,0.4129318996006726,31
1713,18,23835,23835,0,0,0,0,1.0,1.0,1.0,1.0,1.0,1,0.35133574007830687,32
1714,21,23856,23856,0,0,0,0,1.0,1.0,1.0,1.0,1.0,1,0.39836111084724063,32
1715,5,23861,23861,0,0,0,0,1.0,1.0,1.0,1.0,1.0,1,0.39428603140028706,32
1716,12,23873,23873,0,0,0,0,1.0,1.0,1.0,1.0,1.0,1,0.3827345126347764,34
1717,15,23888,23888,0,0,0,0,1.0,1.0,1.0,1.0,1.0,1,0.4345088620894121,34
1718,10,23898,23898,0,0,0,0,1.0,1.0,1.0,1.0,1.0,1,0.5109493903992829,34
1719,14,23912,23912,0,0,0,0,1.0,1.0,1.0,1.0,1.0,1,0.42019248294202605,34
1720,14,23926,23926,0,0,0,0,1.0,1.0,1.0,1.0,1.0,1,0.4991076340619629,34
1721,12,23938,23938,0,0,0,0,1.0,1.0,1.0,1.0,1.0,1,0.49384486459239607,35
1722,18,23956,23956,0,0,0,0,1.0,1.0,1.0,1.0,1.0,1,0.2945542097657559,35
1723,12,23968,23968,0,0,0,0,1.0,1.0,1.0,1.0,1.0,1,0.4764873287731801,34
1724,13,23981,23981,0,0,0,0,1.0,1.0,1.0,1.0,1.0,1,0.43126408465052285,33
1725,15,23996,23996,0,0,0,0,1.0,1.0,1.0,1.0,1.0,1,0.3994708778783928,35
1726,19,24015,24015,0,0,0,0,1.0,1.0,1.0,1.0,1.0,1,0.38789437862701803,34
1727,16,24031,24031,0,0,0,0,1.0,1.0,1.0,1.0,1.0,1,0.4909872665249887,34
1728,13,24044,24044,0,0,0,0,1.0,1.0,1.0,1.0,1.0,1,0.5560891954582952,35
1729,18,24062,24062,0,0,0,0,1.0,1.0,1.0,1.0,1.0,1,0.5482767129012488,35
1730,13,24075,24075,0,0,0,0,1.0,1.0,1.0,1.0,1.0,1,0.4643253320691211,35
1731,17,24092,24092,0,0,0,0,1.0,1.0,1.0,1.0,1.0,1,0.5038900933091809,35
1732,15,24107,24107,0,0,0,0,1.0,1.0,1.0,1.0,1.0,1,0.5755688808286513,35
1733,10,24117,24117,0,0,0,0,1.0,1.0,1.0,1.0,1.0,1,0.38613212114901146,33
1734,22,24139,24139,0,0,0,0,1.0,1.0,1.0,1.0,1.0,1,0.41035892190352563,34
1735,16,24155,24155,0,0,0,0,1.0,1.0,1.0,1.0,1.0,1,0.3785657078974156,33
1736,17,24172,24172,0,0,0,0,1.0,1.0,1.0,1.0,1.0,1,0.2837627084007372,33
1737,10,24182,24182,0,0,0,0,1.0,1.0,1.0,1.0,1.0,1,0.2611146156140378,35
1738,17,24199,24199,0,0,0,0,1.0,1.0,1.0,1.0,1.0,1,0.3092922645948883,36
1739,16,24215,24215,0,0,0,0,1.0,1.0,1.0,1.0,1.0,1,0.25681262241933417,36
1740,11,24226,24226,0,0,0,0,1.0,1.0,1.0,1.0,1.0,1,0.28264896773596415,37
1741,10,24236,24236,0,0,0,0,1.0,1.0,1.0,1.0,1.0,1,0.2851625052018044,36
1742,12,24248,24248,0,0,0,0,1.0,1.0,1.0,1.0,1.0,1,0.2568352660607193,36
1743,9,24257,24257,0,0,0,0,1.0,1.0,1.0,1.0,1.0,1,0.23024623775648684,37
1744,4,24261,24261,0,0,0,0,1.0,1.0,1.0,1.0,1.0,1,0.2856289182285899,37
1745,7,24268,24268,0,0,0,0,1.0,1.0,1.0,1.0,1.0,1,0.3336031574701851,38
1746,9,24277,24277,0,0,0,0,1.0,1.0,1.0,1.0,1.0,1,0.3039026365687951,38
1747,8,24285,24285,0,0,0,0,1.0,1.0,1.0,1.0,1.0,1,0.3118730595634578,37
1748,14,24299,24299,0,0,0,0,1.0,1.0,1.0,1.0,1.0,1,0.4566177551566769,38
1749,8,24307,24307,0,0,0,0,1.0,1.0,1.0,1.0,1.0,1,0.42412870426858507,38
1750,23,24330,24330,0,0,0,0,1.0,1.0,1.0,1.0,1.0,1,0.42953291308802494,39
1751,20,24350,24350,0,0,0,0,1.0,1.0,1.0,1.0,1.0,1,0.42981109642438814,41
1752,13,24363,24363,0,0,0,0,1.0,1.0,1.0,1.0,1.0,1,0.44404973268088316,41
1753,13,24376,24376,0,0,0,0,1.0,1.0,1.0,1.0,1.0,1,0.37314055063941964,41
1754,14,24390,24390,0,0,0,0,1.0,1.0,1.0,1.0,1.0,1,0.3768040121392386,40
1755,19,24409,24409,0,0,0,0,1.0,1.0,1.0,1.0,1.0,1,0.39043125016202535,41
1756,12,24421,24421,0,0,0,0,1.0,1.0,1.0,1.0,1.0,1,0.2960608787291073,41
1757,19,24440,24440,0,0,0,0,1.0,1.0,1.0,1.0,1.0,1,0.3555398089082451,40
1758,14,24454,24454,0,0,0,0,1.0,1.0,1.0,1.0,1.0,1,0.2941243201934352,41
1759,13,24467,24467,0,0,0,0,1.0,1.0,1.0,1.0,1.0,1,0.38283396437908235,38
1760,17,24484,24484,0,0,0,0,1.0,1.0,1.0,1.0,1.0,1,0.24452889460466,38
1761,17,24501,24501,0,0,0,0,1.0,1.0,1.0,1.0,1.0,1,0.39979265800235736,37
1762,8,24509,24509,0,0,0,0,1.0,1.0,1.0,1.0,1.0,1,0.3958644467355924,37
1763,13,24522,24522,0,0,0,0,1.0,1.0,1.0,1.0,1.0,1,0.35918775647573303,37
1764,7,24529,24529,0,0,0,0,1.0,1.0,1.0,1.0,1.0,1,0.36806999409937713,36
1765,12,24541,24541,0,0,0,0,1.0,1.0,1.0,1.0,1.0,1,0.47210266789602456,36
1766,6,24547,24547,0,0,0,0,1.0,1.0,1.0,1.0,1.0,1,0.42941329487046453,37
1767,13,24560,24560,0,0,0,0,1.0,1.0,1.0,1.0,1.0,1,0.48540269324196994,37
1768,9,24569,24569,0,0,0,0,1.0,1.0,1.0,1.0,1.0,1,0.4494919320497514,37
1769,11,24580,24580,0,0,0,0,1.0,1.0,1.0,1.0,1.0,1,0.46291333085822806,38
1770,10,24590,24590,0,0,0,0,1.0,1.0,1.0,1.0,1.0,1,0.46406850597325144,39
1771,7,24597,24597,0,0,0,0,1.0,1.0,1.0,1.0,1.0,1,0.493095995876054,39
1772,11,24608,24608,0,0,0,0,1.0,1.0,1.0,1.0,1.0,1,0.45982340371218666,39
1773,7,24615,24615,0,0,0,0,1.0,1.0,1.0,1.0,1.0,1,0.4460963756872344,41
1774,10,24625,24625,0,0,0,0,1.0,1.0,1.0,1.0,1.0,1,0.4235724892830109,41
1775,13,24638,24638,0,0,0,0,1.0,1.0,1.0,1.0,1.0,1,0.44886425020533743,42
1776,10,24648,24648,0,0,0,0,1.0,1.0,1.0,1.0,1.0,1,0.4263145919660711,43
1777,16,24664,24664,0,0,0,0,1.0,1.0,1.0,1.0,1.0,1,0.45933776693421147,43
1778,7,24671,24671,0,0,0,0,1.0,1.0,1.0,1.0,1.0,1,0.3434695059341902,44
1779,17,24688,24688,0,0,0,0,1.0,1.0,1.0,1.0,1.0,1,0.388108053614077,46
1780,8,24696,24696,0,0,0,0,1.0,1.0,1.0,1.0,1.0,1,0.4890576848598972,46
1781,5,24701,24701,0,0,0,0,1.0,1.0,1.0,1.0,1.0,1,0.4512620803492932,46
1782,5,24706,24706,0,0,0,0,1.0,1.0,1.0,1.0,1.0,1,0.476675228602919,46
1783,7,24713,24713,0,0,0,0,1.0,1.0,1.0,1.0,1.0,1,0.43724310035369296,44
1784,22,24735,24735,0,0,0,0,1.0,1.0,1.0,1.0,1.0,1,0.37781745693292634,45
1785,14,24749,24749,0,0,0,0,1.0,1.0,1.0,1.0,1.0,1,0.44091390680519976,42
1786,13,24762,24762,0,0,0,0,1.0,1.0,1.0,1.0,1.0,1,0.33575664326525373,43
1787,15,24777,24777,0,0,0,0,1.0,1.0,1.0,1.0,1.0,1,0.36832283240971514,41
1788,14,24791,24791,0,0,0,0,1.0,1.0,1.0,1.0,1.0,1,0.3693656774495974,41
1789,18,24809,24809,0,0,0,0,1.0,1.0,1.0,1.0,1.0,1,0.25375045765414916,41
1790,17,24826,24826,0,0,0,0,1.0,1.0,1.0,1.0,1.0,1,0.21127081607178191,41
1791,14,24840,24840,0,0,0,0,1.0,1.0,1.0,1.0,1.0,1,0.2193530024852074,40
1792,10,24850,24850,0,0,0,0,1.0,1.0,1.0,1.0,1.0,1,0.2976933986373578,40
1793,10,24860,24860,0,0,0,0,1.0,1.0,1.0,1.0,1.0,1,0.3251189420601747,41
1794,11,24871,24871,0,0,0,0,1.0,1.0,1.0,1.0,1.0,1,0.29819662659920504,41
1795,11,24882,24882,0,0,0,0,1.0,1.0,1.0,1.0,1.0,1,0.3275860666075588,40
1796,11,24893,24893,0,0,0,0,1.0,1.0,1.0,1.0,1.0,1,0.3801959997697461,40
1797,6,24899,24899,0,0,0,0,1.0,1.0,1.0,1.0,1.0,1,0.42566239604444034,37
1798,11,24910,24910,0,0,0,0,1.0,1.0,1.0,1.0,1.0,1,0.33958412129058624,37
1799,6,24916,24916,0,0,0,0,1.0,1.0,1.0,1.0,1.0,1,0.3455240161529146,36
1800,10,24926,24926,0,0,0,0,1.0,1.0,1.0,1.0,1.0,1,0.32586871478934976,36
1801,9,24935,24935,0,0,0,0,1.0,1.0,1.0,1.0,1.0,1,0.4136219877130318,34
1802,9,24944,24944,0,0,0,0,1.0,1.0,1.0,1.0,1.0,1,0.5446665061317313,33
1803,11,24955,24955,0,0,0,0,1.0,1.0,1.0,1.0,1.0,1,0.38998943108271733,33
1804,10,24965,24965,0,0,0,0,1.0,1.0,1.0,1.0,1.0,1,0.2783914384044811,33
1805,10,24975,24975,0,0,0,0,1.0,1.0,1.0,1.0,1.0,1,0.37828491111356577,35
1806,16,24991,24991,0,0,0,0,1.0,1.0,1.0,1.0,1.0,1,0.3900221170666876,35
1807,11,25002,25002,0,0,0,0,1.0,1.0,1.0,1.0,1.0,1,0.351481087530827,35
1808,13,25015,25015,0,0,0,0,1.0,1.0,1.0,1.0,1.0,1,0.39559290412640996,36
1809,11,25026,25026,0,0,0,0,1.0,1.0,1.0,1.0,1.0,1,0.32012140346086554,36
1810,12,25038,25038,0,0,0,0,1.0,1.0,1.0,1.0,1.0,1,0.27744346955377974,35
1811,9,25047,25047,0,0,0,0,1.0,1.0,1.0,1.0,1.0,1,0.38907152982336657,36
1812,16,25063,25063,0,0,0,0,1.0,1.0,1.0,1.0,1.0,1,0.33581284383768106,36
1813,9,25072,25072,0,0,0,0,1.0,1.0,1.0,1.0,1.0,1,0.38828292763533895,36
1814,9,25081,25081,0,0,0,0,1.0,1.0,1.0,1.0,1.0,1,0.36078456243744256,34
1815,11,25092,25092,0,0,0,0,1.0,1.0,1.0,1.0,1.0,1,0.44168758877225367,35
1816,11,25103,25103,0,0,0,0,1.0,1.0,1.0,1.0,1.0,1,0.40504958064922647,34
1817,18,25121,25121,0,0,0,0,1.0,1.0,1.0,1.0,1.0,1,0.4519311388061882,34
1818,11,25132,25132,0,0,0,0,1.0,1.0,1.0,1.0,1.0,1,0.5311819874307375,34
1819,12,25144,25144,0,0,0,0,1.0,1.0,1.0,1.0,1.0,1,0.42103300798441695,35
1820,16,25160,25160,0,0,0,0,1.0,1.0,1.0,1.0,1.0,1,0.3264336917968008,36
1821,5,25165,25165,0,0,0,0,1.0,1.0,1.0,1.0,1.0,1,0.34823287406453973,36
1822,10,25175,25175,0,0,0,0,1.0,1.0,1.0,1.0,1.0,1,0.37815537478878053,37
1823,7,25182,25182,0,0,0,0,1.0,1.0,1.0,1.0,1.0,1,0.36401615810579563,38
1824,6,25188,25188,0,0,0,0,1.0,1.0,1.0,1.0,1.0,1,0.30671090499882525,37
1825,10,25198,25198,0,0,0,0,1.0,1.0,1.0,1.0,1.0,1,0.3130452476506851,36
1826,12,25210,25210,0,0,0,0,1.0,1.0,1.0,1.0,1.0,1,0.24906832538250723,35
1827,10,25220,25220,0,0,0,0,1.0,1.0,1.0,1.0,1.0,1,0.34012952176781125,35
1828,11,25231,25231,0,0,0,0,1.0,1.0,1.0,1.0,1.0,1,0.29758007697722744,33
1829,11,25242,25242,0,0,0,0,1.0,1.0,1.0,1.0,1.0,1,0.3788479232535928,32
1830,10,25252,25252,0,0,0,0,1.0,1.0,1.0,1.0,1.0,1,0.36323302807752783,32
1831,8,25260,25260,0,0,0,0,1.0,1.0,1.0,1.0,1.0,1,0.5090069148902253,30
1832,8,25268,25268,0,0,0,0,1.0,1.0,1.0,1.0,1.0,1,0.4459999420128332,30
1833,10,25278,25278,0,0,0,0,1.0,1.0,1.0,1.0,1.0,1,0.5113004227817389,29
1834,8,25286,25286,0,0,0,0,1.0,1.0,1.0,1.0,1.0,1,0.3026341957155695,28
1835,11,25297,25297,0,0,0,0,1.0,1.0,1.0,1.0,1.0,1,0.3721085623299055,28
1836,8,25305,25305,0,0,0,0,1.0,1.0,1.0,1.0,1.0,1,0.42712951333044014,29
1837,8,25313,25313,0,0,0,0,1.0,1.0,1.0,1.0,1.0,1,0.3754692206053457,28
1838,5,25318,25318,0,0,0,0,1.0,1.0,1.0,1.0,1.0,1,0.43009828458246563,28
1839,10,25328,25328,0,0,0,0,1.0,1.0,1.0,1.0,1.0,1,0.3548762004579261,27
1840,11,25339,25339,0,0,0,0,1.0,1.0,1.0,1.0,1.0,1,0.4206629819715376,26
1841,10,25349,25349,0,0,0,0,1.0,1.0,1.0,1.0,1.0,1,0.3961514422711811,25
1842,8,25357,25357,0,0,0,0,1.0,1.0,1.0,1.0,1.0,1,0.30448231003285414,26
1843,4,25361,25361,0,0,0,0,1.0,1.0,1.0,1.0,1.0,1,0.2535967938841801,26
1844,12,25373,25373,0,0,0,0,1.0,1.0,1.0,1.0,1.0,1,0.30797727038854505,26
1845,6,25379,25379,0,0,0,0,1.0,1.0,1.0,1.0,1.0,1,0.33782265754504953,26
1846,6,25385,25385,0,0,0,0,1.0,1.0,1.0,1.0,1.0,1,0.4196934072244048,26
1847,14,25399,25399,0,0,0,0,1.0,1.0,1.0,1.0,1.0,1,0.3479850605744277,26
1848,3,25402,25402,0,0,0,0,1.0,1.0,1.0,1.0,1.0,1,0.3874897464418146,27
1849,5,25407,25407,0,0,0,0,1.0,1.0,1.0,1.0,1.0,1,0.3231103779968633,27
1850,5,25412,25412,0,0,0,0,1.0,1.0,1.0,1.0,1.0,1,0.39030001105406825,28
1851,4,25416,25416,0,0,0,0,1.0,1.0,1.0,1.0,1.0,1,0.34466454477325714,28
1852,9,25425,25425,0,0,0,0,1.0,1.0,1.0,1.0,1.0,1,0.3580999697889088,28
1853,4,25429,25429,0,0,0,0,1.0,1.0,1.0,1.0,1.0,1,0.4209376881522488,27
1854,7,25436,25436,0,0,0,0,1.0,1.0,1.0,1.0,1.0,1,0.4245525810050933,28
1855,5,25441,25441,0,0,0,0,1.0,1.0,1.0,1.0,1.0,1,0.3669248943078352,28
1856,8,25449,25449,0,0,0,0,1.0,1.0,1.0,1.0,1.0,1,0.35889901483116377,30
1857,7,25456,25456,0,0,0,0,1.0,1.0,1.0,1.0,1.0,1,0.375805584989561,31
1858,5,25461,25461,0,0,0,0,1.0,1.0,1.0,1.0,1.0,1,0.4180015712136078,31
1859,4,25465,25465,0,0,0,0,1.0,1.0,1.0,1.0,1.0,1,0.45406749393766993,31
1860,0,25465,25465,0,0,0,0,1.0,1.0,1.0,1.0,1.0,1,0.45406749393766993,31
1861,2,25467,25467,0,0,0,0,1.0,1.0,1.0,1.0,1.0,1,0.45615318998839904,31
1862,3,25470,25470,0,0,0,0,1.0,1.0,1.0,1.0,1.0,1,0.4327926943544531,31
1863,9,25479,25479,0,0,0,0,1.0,1.0,1.0,1.0,1.0,1,0.45979562421094283,31
1864,3,25482,25482,0,0,0,0,1.0,1.0,1.0,1.0,1.0,1,0.4043470193078874,30
1865,6,25488,25488,0,0,0,0,1.0,1.0,1.0,1.0,1.0,1,0.3870335508783517,27
1866,3,25491,25491,0,0,0,0,1.0,1.0,1.0,1.0,1.0,1,0.35701876577267505,28
1867,2,25493,25493,0,0,0,0,1.0,1.0,1.0,1.0,1.0,1,0.37280062960841076,26
1868,4,25497,25497,0,0,0,0,1.0,1.0,1.0,1.0,1.0,1,0.37939693457169854,26
1869,4,25501,25501,0,0,0,0,1.0,1.0,1.0,1.0,1.0,1,0.3606079224421553,25
1870,1,25502,25502,0,0,0,0,1.0,1.0,1.0,1.0,1.0,1,0.3485573128711291,25
1871,4,25506,25506,0,0,0,0,1.0,1.0,1.0,1.0,1.0,1,0.3817519477410421,26
1872,3,25509,25509,0,0,0,0,1.0,1.0,1.0,1.0,1.0,1,0.3784439356159284,25
1873,4,25513,25513,0,0,0,0,1.0,1.0,1.0,1.0,1.0,1,0.43841678926323835,23
1874,6,25519,25519,0,0,0,0,1.0,1.0,1.0,1.0,1.0,1,0.466093510824305,23
1875,7,25526,25526,0,0,0,0,1.0,1.0,1.0,1.0,1.0,1,0.42093057306634873,21
1876,6,25532,25532,0,0,0,0,1.0,1.0,1.0,1.0,1.0,1,0.3970654061261905,24
1877,6,25538,25538,0,0,0,0,1.0,1.0,1.0,1.0,1.0,1,0.33449482221481774,24
1878,4,25542,25542,0,0,0,0,1.0,1.0,1.0,1.0,1.0,1,0.3656848048179297,26
1879,11,25553,25553,0,0,0,0,1.0,1.0,1.0,1.0,1.0,1,0.3951534784542502,26
1880,12,25565,25565,0,0,0,0,1.0,1.0,1.0,1.0,1.0,1,0.35010378226309824,26
1881,7,25572,25572,0,0,0,0,1.0,1.0,1.0,1.0,1.0,1,0.33715606977011175,26
1882,8,25580,25580,0,0,0,0,1.0,1.0,1.0,1.0,1.0,1,0.37418477290417484,25
1883,9,25589,25589,0,0,0,0,1.0,1.0,1.0,1.0,1.0,1,0.37271519867045244,25
1884,6,25595,25595,0,0,0,0,1.0,1.0,1.0,1.0,1.0,1,0.4213101204652441,25
1885,5,25600,25600,0,0,0,0,1.0,1.0,1.0,1.0,1.0,1,0.4006218922373449,25
1886,10,25610,25610,0,0,0,0,1.0,1.0,1.0,1.0,1.0,1,0.29358174353552235,26
1887,8,25618,25618,0,0,0,0,1.0,1.0,1.0,1.0,1.0,1,0.3343590487799895,26
1888,4,25622,25622,0,0,0,0,1.0,1.0,1.0,1.0,1.0,1,0.3088001263293574,27
1889,4,25626,25626,0,0,0,0,1.0,1.0,1.0,1.0,1.0,1,0.3396093083325108,28
1890,2,25628,25628,0,0,0,0,1.0,1.0,1.0,1.0,1.0,1,0.225853649402747,28
1891,3,25631,25631,0,0,0,0,1.0,1.0,1.0,1.0,1.0,1,0.3250303452141212,29
1892,2,25633,25633,0,0,0,0,1.0,1.0,1.0,1.0,1.0,1,0.27021397780634954,29
1893,4,25637,25637,0,0,0,0,1.0,1.0,1.0,1.0,1.0,1,0.2963286752675222,29
1894,4,25641,25641,0,0,0,0,1.0,1.0,1.0,1.0,1.0,1,0.34852857752680405,29
1895,4,25645,25645,0,0,0,0,1.0,1.0,1.0,1.0,1.0,1,0.3445631066061234,31
1896,1,25646,25646,0,0,0,0,1.0,1.0,1.0,1.0,1.0,1,0.33087290487947196,31
1897,7,25653,25653,0,0,0,0,1.0,1.0,1.0,1.0,1.0,1,0.3243753269044347,31
1898,1,25654,25654,0,0,0,0,1.0,1.0,1.0,1.0,1.0,1,0.2916766461306088,31
1899,3,25657,25657,0,0,0,0,1.0,1.0,1.0,1.0,1.0,1,0.316400730777687,32
1900,2,25659,25659,0,0,0,0,1.0,1.0,1.0,1.0,1.0,1,0.31097320605189843,32
1901,1,25660,25660,0,0,0,0,1.0,1.0,1.0,1.0,1.0,1,0.33851723745168255,32
1902,2,25662,25662,0,0,0,0,1.0,1.0,1.0,1.0,1.0,1,0.362672212679637,32
1903,1,25663,25663,0,0,0,0,1.0,1.0,1.0,1.0,1.0,1,0.3324535513892781,32
1904,1,25664,25664,0,0,0,0,1.0,1.0,1.0,1.0,1.0,1,0.345802317400036,34
1905,4,25668,25668,0,0,0,0,1.0,1.0,1.0,1.0,1.0,1,0.3070342101809855,34
1906,9,25677,25677,0,0,0,0,1.0,1.0,1.0,1.0,1.0,1,0.3395758249325082,35
1907,7,25684,25684,0,0,0,0,1.0,1.0,1.0,1.0,1.0,1,0.4430839229208222,36
1908,7,25691,25691,0,0,0,0,1.0,1.0,1.0,1.0,1.0,1,0.37751375772927215,36
1909,12,25703,25703,0,0,0,0,1.0,1.0,1.0,1.0,1.0,1,0.31214794660687445,37
1910,11,25714,25714,0,0,0,0,1.0,1.0,1.0,1.0,1.0,1,0.3291099079177963,38
1911,5,25719,25719,0,0,0,0,1.0,1.0,1.0,1.0,1.0,1,0.3085286671892922,37
1912,15,25734,25734,0,0,0,0,1.0,1.0,1.0,1.0,1.0,1,0.33366738438729915,37
1913,7,25741,25741,0,0,0,0,1.0,1.0,1.0,1.0,1.0,1,0.2950758887703372,36
1914,10,25751,25751,0,0,0,0,1.0,1.0,1.0,1.0,1.0,1,0.3015055057869639,37
1915,10,25761,25761,0,0,0,0,1.0,1.0,1.0,1.0,1.0,1,0.32751883331500353,37
1916,13,25774,25774,0,0,0,0,1.0,1.0,1.0,1.0,1.0,1,0.21595372445815783,39
1917,6,25780,25780,0,0,0,0,1.0,1.0,1.0,1.0,1.0,1,0.24087572416401498,38
1918,12,25792,25792,0,0,0,0,1.0,1.0,1.0,1.0,1.0,1,0.2696674322738245,38
1919,12,25804,25804,0,0,0,0,1.0,1.0,1.0,1.0,1.0,1,0.40138978860080704,38
1920,16,25820,25820,0,0,0,0,1.0,1.0,1.0,1.0,1.0,1,0.24490357566094614,39
1921,12,25832,25832,0,0,0,0,1.0,1.0,1.0,1.0,1.0,1,0.15585716187362827,38
1922,17,25849,25849,0,0,0,0,1.0,1.0,1.0,1.0,1.0,1,0.2789503867938098,39
1923,22,25871,25871,0,0,0,0,1.0,1.0,1.0,1.0,1.0,1,0.2589599938878224,40
1924,16,25887,25887,0,0,0,0,1.0,1.0,1.0,1.0,1.0,1,0.3155845239741564,40
1925,12,25899,25899,0,0,0,0,1.0,1.0,1.0,1.0,1.0,1,0.30516611848357394,40
1926,10,25909,25909,0,0,0,0,1.0,1.0,1.0,1.0,1.0,1,0.3529802761992395,40
1927,4,25913,25913,0,0,0,0,1.0,1.0,1.0,1.0,1.0,1,0.3696994614081783,41
1928,7,25920,25920,0,0,0,0,1.0,1.0,1.0,1.0,1.0,1,0.4149798947293216,41
1929,8,25928,25928,0,0,0,0,1.0,1.0,1.0,1.0,1.0,1,0.3521182186204337,40
1930,5,25933,25933,0,0,0,0,1.0,1.0,1.0,1.0,1.0,1,0.4153886870821992,40
1931,6,25939,25939,0,0,0,0,1.0,1.0,1.0,1.0,1.0,1,0.441765702207145,40
1932,2,25941,25941,0,0,0,0,1.0,1.0,1.0,1.0,1.0,1,0.42552354597981584,40
1933,5,25946,25946,0,0,0,0,1.0,1.0,1.0,1.0,1.0,1,0.4227091468053053,42
1934,6,25952,25952,0,0,0,0,1.0,1.0,1.0,1.0,1.0,1,0.40488830785248514,44
1935,11,25963,25963,0,0,0,0,1.0,1.0,1.0,1.0,1.0,1,0.33096530591836987,44
1936,6,25969,25969,0,0,0,0,1.0,1.0,1.0,1.0,1.0,1,0.3626522903545137,46
1937,16,25985,25985,0,0,0,0,1.0,1.0,1.0,1.0,1.0,1,0.2838853648118699,47
1938,6,25991,25991,0,0,0,0,1.0,1.0,1.0,1.0,1.0,1,0.21000698466594397,47
1939,8,25999,25999,0,0,0,0,1.0,1.0,1.0,1.0,1.0,1,0.28468786043602695,47
1940,13,26012,26012,0,0,0,0,1.0,1.0,1.0,1.0,1.0,1,0.28197184702528033,47
1941,16,26028,26028,0,0,0,0,1.0,1.0,1.0,1.0,1.0,1,0.21226493170480507,47
1942,10,26038,26038,0,0,0,0,1.0,1.0,1.0,1.0,1.0,1,0.25998758548994017,49
1943,13,26051,26051,0,0,0,0,1.0,1.0,1.0,1.0,1.0,1,0.30695533700098876,47
1944,17,26068,26068,0,0,0,0,1.0,1.0,1.0,1.0,1.0,1,0.2949011190100098,47
1945,15,26083,26083,0,0,0,0,1.0,1.0,1.0,1.0,1.0,1,0.3634873986759149,45
1946,10,26093,26093,0,0,0,0,1.0,1.0,1.0,1.0,1.0,1,0.38486667370895455,45
1947,22,26115,26115,0,0,0,0,1.0,1.0,1.0,1.0,1.0,1,0.2819024719612642,45
1948,11,26126,26126,0,0,0,0,1.0,1.0,1.0,1.0,1.0,1,0.3203179478975507,45
1949,10,26136,26136,0,0,0,0,1.0,1.0,1.0,1.0,1.0,1,0.31160321905503935,42
1950,15,26151,26151,0,0,0,0,1.0,1.0,1.0,1.0,1.0,1,0.2492502222748251,42
1951,12,26163,26163,0,0,0,0,1.0,1.0,1.0,1.0,1.0,1,0.30194756256668404,38
1952,9,26172,26172,0,0,0,0,1.0,1.0,1.0,1.0,1.0,1,0.32211660995922553,36
1953,13,26185,26185,0,0,0,0,1.0,1.0,1.0,1.0,1.0,1,0.30660862707295494,35
1954,14,26199,26199,0,0,0,0,1.0,1.0,1.0,1.0,1.0,1,0.3714889852555986,32
1955,13,26212,26212,0,0,0,0,1.0,1.0,1.0,1.0,1.0,1,0.30362856182530445,33
1956,16,26228,26228,0,0,0,0,1.0,1.0,1.0,1.0,1.0,1,0.2859779546461795,31
1957,11,26239,26239,0,0,0,0,1.0,1.0,1.0,1.0,1.0,1,0.3248606601779718,33
1958,18,26257,26257,0,0,0,0,1.0,1.0,1.0,1.0,1.0,1,0.3221552594789652,34
1959,13,26270,26270,0,0,0,0,1.0,1.0,1.0,1.0,1.0,1,0.3954420212483602,35
1960,14,26284,26284,0,0,0,0,1.0,1.0,1.0,1.0,1.0,1,0.37638119835652906,36
1961,10,26294,26294,0,0,0,0,1.0,1.0,1.0,1.0,1.0,1,0.2262895226837526,36
1962,10,26304,26304,0,0,0,0,1.0,1.0,1.0,1.0,1.0,1,0.2984960627830652,35
1963,9,26313,26313,0,0,0,0,1.0,1.0,1.0,1.0,1.0,1,0.314941230503723,36
1964,13,26326,26326,0,0,0,0,1.0,1.0,1.0,1.0,1.0,1,0.35715529465857265,35
1965,5,26331,26331,0,0,0,0,1.0,1.0,1.0,1.0,1.0,1,0.30358853686000187,36
1966,6,26337,26337,0,0,0,0,1.0,1.0,1.0,1.0,1.0,1,0.27017270679940264,36
1967,7,26344,26344,0,0,0,0,1.0,1.0,1.0,1.0,1.0,1,0.2984820454341705,36
1968,7,26351,26351,0,0,0,0,1.0,1.0,1.0,1.0,1.0,1,0.3080765186290092,37
1969,6,26357,26357,0,0,0,0,1.0,1.0,1.0,1.0,1.0,1,0.2582201288291348,37
1970,3,26360,26360,0,0,0,0,1.0,1.0,1.0,1.0,1.0,1,0.31651483529667085,38
1971,5,26365,26365,0,0,0,0,1.0,1.0,1.0,1.0,1.0,1,0.3312606321341315,37
1972,6,26371,26371,0,0,0,0,1.0,1.0,1.0,1.0,1.0,1,0.23057071823099262,37
1973,9,26380,26380,0,0,0,0,1.0,1.0,1.0,1.0,1.0,1,0.2824917928092804,37
1974,11,26391,26391,0,0,0,0,1.0,1.0,1.0,1.0,1.0,1,0.3643906161091747,38
1975,12,26403,26403,0,0,0,0,1.0,1.0,1.0,1.0,1.0,1,0.27742384717804724,37
1976,13,26416,26416,0,0,0,0,1.0,1.0,1.0,1.0,1.0,1,0.27145324792176656,39
1977,8,26424,26424,0,0,0,0,1.0,1.0,1.0,1.0,1.0,1,0.31763893371700797,42
1978,12,26436,26436,0,0,0,0,1.0,1.0,1.0,1.0,1.0,1,0.3121107429560269,42
1979,16,26452,26452,0,0,0,0,1.0,1.0,1.0,1.0,1.0,1,0.2862834538643786,42
1980,9,26461,26461,0,0,0,0,1.0,1.0,1.0,1.0,1.0,1,0.2975197642406558,43
1981,9,26470,26470,0,0,0,0,1.0,1.0,1.0,1.0,1.0,1,0.3084818467359772,44
1982,4,26474,26474,0,0,0,0,1.0,1.0,1.0,1.0,1.0,1,0.30921114216839324,44
1983,8,26482,26482,0,0,0,0,1.0,1.0,1.0,1.0,1.0,1,0.39469674085884077,44
1984,4,26486,26486,0,0,0,0,1.0,1.0,1.0,1.0,1.0,1,0.38830466723314033,42
1985,7,26493,26493,0,0,0,0,1.0,1.0,1.0,1.0,1.0,1,0.41334879143579784,41
1986,15,26508,26508,0,0,0,0,1.0,1.0,1.0,1.0,1.0,1,0.45479521939036394,40
1987,10,26518,26518,0,0,0,0,1.0,1.0,1.0,1.0,1.0,1,0.4180853729950768,37
1988,19,26537,26537,0,0,0,0,1.0,1.0,1.0,1.0,1.0,1,0.3944703773367461,35
1989,9,26546,26546,0,0,0,0,1.0,1.0,1.0,1.0,1.0,1,0.4118772205676536,32
1990,17,26563,26563,0,0,0,0,1.0,1.0,1.0,1.0,1.0,1,0.4310905514115075,31
1991,5,26568,26568,0,0,0,0,1.0,1.0,1.0,1.0,1.0,1,0.45997323059354883,32
1992,10,26578,26578,0,0,0,0,1.0,1.0,1.0,1.0,1.0,1,0.33729843407938637,32
1993,8,26586,26586,0,0,0,0,1.0,1.0,1.0,1.0,1.0,1,0.4820340795449864,32
1994,12,26598,26598,0,0,0,0,1.0,1.0,1.0,1.0,1.0,1,0.3468243707987589,31
1995,12,26610,26610,0,0,0,0,1.0,1.0,1.0,1.0,1.0,1,0.4253240122098602,32
1996,13,26623,26623,0,0,0,0,1.0,1.0,1.0,1.0,1.0,1,0.4205811285752909,32
1997,13,26636,26636,0,0,0,0,1.0,1.0,1.0,1.0,1.0,1,0.479683225864069,31
1998,10,26646,26646,0,0,0,0,1.0,1.0,1.0,1.0,1.0,1,0.34909806714616304,32
1999,12,26658,26658,0,0,0,0,1.0,1.0,1.0,1.0,1.0,1,0.47405215073327256,31
2000,8,26666,26666,0,0,0,0,1.0,1.0,1.0,1.0,1.0,1,0.5474181202160407,30
2001,18,26684,26684,0,0,0,0,1.0,1.0,1.0,1.0,1.0,1,0.5245314595063999,29
2002,14,26698,26698,0,0,0,0,1.0,1.0,1.0,1.0,1.0,1,0.3599435220849681,31
2003,12,26710,26710,0,0,0,0,1.0,1.0,1.0,1.0,1.0,1,0.36395636293774414,33
2004,14,26724,26724,0,0,0,0,1.0,1.0,1.0,1.0,1.0,1,0.4402957926993436,34
2005,16,26740,26740,0,0,0,0,1.0,1.0,1.0,1.0,1.0,1,0.4927077382579656,35
2006,20,26760,26760,0,0,0,0,1.0,1.0,1.0,1.0,1.0,1,0.38709410910209824,36
2007,8,26768,26768,0,0,0,0,1.0,1.0,1.0,1.0,1.0,1,0.40658113959561387,36
2008,11,26779,26779,0,0,0,0,1.0,1.0,1.0,1.0,1.0,1,0.2750998399849801,36
2009,13,26792,26792,0,0,0,0,1.0,1.0,1.0,1.0,1.0,1,0.3136957964057768,37
2010,9,26801,26801,0,0,0,0,1.0,1.0,1.0,1.0,1.0,1,0.4034356466470778,37
2011,9,26810,26810,0,0,0,0,1.0,1.0,1.0,1.0,1.0,1,0.3280378183958832,37
2012,11,26821,26821,0,0,0,0,1.0,1.0,1.0,1.0,1.0,1,0.3903284692609966,37
2013,8,26829,26829,0,0,0,0,1.0,1.0,1.0,1.0,1.0,1,0.2740089943575152,39
2014,12,26841,26841,0,0,0,0,1.0,1.0,1.0,1.0,1.0,1,0.37519140064685835,39
2015,8,26849,26849,0,0,0,0,1.0,1.0,1.0,1.0,1.0,1,0.438629080192299,39
2016,23,26872,26872,0,0,0,0,1.0,1.0,1.0,1.0,1.0,1,0.326546480761131,41
2017,18,26890,26890,0,0,0,0,1.0,1.0,1.0,1.0,1.0,1,0.24542070327236926,41
2018,18,26908,26908,0,0,0,0,1.0,1.0,1.0,1.0,1.0,1,0.21909945013497759,42
2019,13,26921,26921,0,0,0,0,1.0,1.0,1.0,1.0,1.0,1,0.21012999223651802,43
2020,11,26932,26932,0,0,0,0,1.0,1.0,1.0,1.0,1.0,1,0.24706340274828256,43
2021,7,26939,26939,0,0,0,0,1.0,1.0,1.0,1.0,1.0,1,0.35751329253367226,43
2022,14,26953,26953,0,0,0,0,1.0,1.0,1.0,1.0,1.0,1,0.39203008367533965,44
2023,5,26958,26958,0,0,0,0,1.0,1.0,1.0,1.0,1.0,1,0.3626942218258387,42
2024,17,26975,26975,0,0,0,0,1.0,1.0,1.0,1.0,1.0,1,0.32347463081263983,41
2025,10,26985,26985,0,0,0,0,1.0,1.0,1.0,1.0,1.0,1,0.43097055385123034,39
2026,20,27005,27005,0,0,0,0,1.0,1.0,1.0,1.0,1.0,1,0.31878046453130204,39
2027,9,27014,27014,0,0,0,0,1.0,1.0,1.0,1.0,1.0,1,0.41379661564216963,38
2028,13,27027,27027,0,0,0,0,1.0,1.0,1.0,1.0,1.0,1,0.3217227838901993,37
2029,7,27034,27034,0,0,0,0,1.0,1.0,1.0,1.0,1.0,1,0.35757939373746744,35
2030,10,27044,27044,0,0,0,0,1.0,1.0,1.0,1.0,1.0,1,0.3278684130780199,32
2031,16,27060,27060,0,0,0,0,1.0,1.0,1.0,1.0,1.0,1,0.30079152531553377,34
2032,11,27071,27071,0,0,0,0,1.0,1.0,1.0,1.0,1.0,1,0.2937721854686509,35
2033,14,27085,27085,0,0,0,0,1.0,1.0,1.0,1.0,1.0,1,0.3314570506252358,35
2034,18,27103,27103,0,0,0,0,1.0,1.0,1.0,1.0,1.0,1,0.3565940284812808,35
2035,12,27115,27115,0,0,0,0,1.0,1.0,1.0,1.0,1.0,1,0.4386968017643773,36
2036,19,27134,27134,0,0,0,0,1.0,1.0,1.0,1.0,1.0,1,0.4175624156549247,35
2037,13,27147,27147,0,0,0,0,1.0,1.0,1.0,1.0,1.0,1,0.29828954247541206,36
2038,9,27156,27156,0,0,0,0,1.0,1.0,1.0,1.0,1.0,1,0.3864449497773024,38
2039,4,27160,27160,0,0,0,0,1.0,1.0,1.0,1.0,1.0,1,0.3749624384736347,38
2040,12,27172,27172,0,0,0,0,1.0,1.0,1.0,1.0,1.0,1,0.38542114740075273,37
2041,5,27177,27177,0,0,0,0,1.0,1.0,1.0,1.0,1.0,1,0.45875964726947105,38
2042,14,27191,27191,0,0,0,0,1.0,1.0,1.0,1.0,1.0,1,0.3737996851029889,38
2043,7,27198,27198,0,0,0,0,1.0,1.0,1.0,1.0,1.0,1,0.4509321755091563,38
2044,8,27206,27206,0,0,0,0,1.0,1.0,1.0,1.0,1.0,1,0.4950898691070954,39
2045,9,27215,27215,0,0,0,0,1.0,1.0,1.0,1.0,1.0,1,0.43087804341253305,40
2046,18,27233,27233,0,0,0,0,1.0,1.0,1.0,1.0,1.0,1,0.46196268721660577,41
2047,13,27246,27246,0,0,0,0,1.0,1.0,1.0,1.0,1.0,1,0.33800611111448536,41
2048,14,27260,27260,0,0,0,0,1.0,1.0,1.0,1.0,1.0,1,0.31842203201392716,43
2049,17,27277,27277,0,0,0,0,1.0,1.0,1.0,1.0,1.0,1,0.35338675968689637,43
2050,11,27288,27288,0,0,0,0,1.0,1.0,1.0,1.0,1.0,1,0.2149686301909153,43
2051,10,27298,27298,0,0,0,0,1.0,1.0,1.0,1.0,1.0,1,0.25075705189532743,43
2052,11,27309,27309,0,0,0,0,1.0,1.0,1.0,1.0,1.0,1,0.28053961000901667,44
2053,14,27323,27323,0,0,0,0,1.0,1.0,1.0,1.0,1.0,1,0.2726455679816125,43
2054,17,27340,27340,0,0,0,0,1.0,1.0,1.0,1.0,1.0,1,0.3527119952555756,44
2055,4,27344,27344,0,0,0,0,1.0,1.0,1.0,1.0,1.0,1,0.3201345993708215,43
2056,12,27356,27356,0,0,0,0,1.0,1.0,1.0,1.0,1.0,1,0.2976648519055574,44
2057,16,27372,27372,0,0,0,0,1.0,1.0,1.0,1.0,1.0,1,0.3909262864169427,44
2058,11,27383,27383,0,0,0,0,1.0,1.0,1.0,1.0,1.0,1,0.3227868106222993,44
2059,15,27398,27398,0,0,0,0,1.0,1.0,1.0,1.0,1.0,1,0.2876152905763202,45
2060,9,27407,27407,0,0,0,0,1.0,1.0,1.0,1.0,1.0,1,0.2535573491758978,46
2061,15,27422,27422,0,0,0,0,1.0,1.0,1.0,1.0,1.0,1,0.35126138599491374,48
2062,14,27436,27436,0,0,0,0,1.0,1.0,1.0,1.0,1.0,1,0.2679770434661771,48
2063,9,27445,27445,0,0,0,0,1.0,1.0,1.0,1.0,1.0,1,0.24331026209392523,45
2064,8,27453,27453,0,0,0,0,1.0,1.0,1.0,1.0,1.0,1,0.28353650999771723,44
2065,10,27463,27463,0,0,0,0,1.0,1.0,1.0,1.0,1.0,1,0.22375348750776247,42
2066,14,27477,27477,0,0,0,0,1.0,1.0,1.0,1.0,1.0,1,0.22956576683641286,42
2067,12,27489,27489,0,0,0,0,1.0,1.0,1.0,1.0,1.0,1,0.35983287961084665,38
2068,20,27509,27509,0,0,0,0,1.0,1.0,1.0,1.0,1.0,1,0.353731642341284,37
2069,13,27522,27522,0,0,0,0,1.0,1.0,1.0,1.0,1.0,1,0.3572790703094727,35
2070,14,27536,27536,0,0,0,0,1.0,1.0,1.0,1.0,1.0,1,0.4018351472011444,35
2071,8,27544,27544,0,0,0,0,1.0,1.0,1.0,1.0,1.0,1,0.35045331674770647,34
2072,12,27556,27556,0,0,0,0,1.0,1.0,1.0,1.0,1.0,1,0.3900973092735925,35
2073,17,27573,27573,0,0,0,0,1.0,1.0,1.0,1.0,1.0,1,0.40095346086056033,37
2074,19,27592,27592,0,0,0,0,1.0,1.0,1.0,1.0,1.0,1,0.3321500171722821,36
2075,15,27607,27607,0,0,0,0,1.0,1.0,1.0,1.0,1.0,1,0.29478831037595005,38
2076,24,27631,27631,0,0,0,0,1.0,1.0,1.0,1.0,1.0,1,0.41888378207816024,37
2077,10,27641,27641,0,0,0,0,1.0,1.0,1.0,1.0,1.0,1,0.38019279143136137,37
2078,28,27669,27669,0,0,0,0,1.0,1.0,1.0,1.0,1.0,1,0.3686007351906447,37
2079,12,27681,27681,0,0,0,0,1.0,1.0,1.0,1.0,1.0,1,0.3165231136538712,37
2080,19,27700,27700,0,0,0,0,1.0,1.0,1.0,1.0,1.0,1,0.20247366049407173,36
2081,12,27712,27712,0,0,0,0,1.0,1.0,1.0,1.0,1.0,1,0.19654156583080773,37
2082,15,27727,27727,0,0,0,0,1.0,1.0,1.0,1.0,1.0,1,0.17469804006870762,38
2083,11,27738,27738,0,0,0,0,1.0,1.0,1.0,1.0,1.0,1,0.3404186020485087,39
2084,10,27748,27748,0,0,0,0,1.0,1.0,1.0,1.0,1.0,1,0.29973830120990086,41
2085,12,27760,27760,0,0,0,0,1.0,1.0,1.0,1.0,1.0,1,0.27001548519845525,41
2086,9,27769,27769,0,0,0,0,1.0,1.0,1.0,1.0,1.0,1,0.23293081019158263,44
2087,16,27785,27785,0,0,0,0,1.0,1.0,1.0,1.0,1.0,1,0.2753035352611716,44
2088,8,27793,27793,0,0,0,0,1.0,1.0,1.0,1.0,1.0,1,0.27348318731243026,45
2089,9,27802,27802,0,0,0,0,1.0,1.0,1.0,1.0,1.0,1,0.37770969508965213,46
2090,10,27812,27812,0,0,0,0,1.0,1.0,1.0,1.0,1.0,1,0.39722099427985447,47
2091,16,27828,27828,0,0,0,0,1.0,1.0,1.0,1.0,1.0,1,0.37820860207434115,48
2092,13,27841,27841,0,0,0,0,1.0,1.0,1.0,1.0,1.0,1,0.2838365557680834,48
2093,13,27854,27854,0,0,0,0,1.0,1.0,1.0,1.0,1.0,1,0.31836191422854915,48
2094,10,27864,27864,0,0,0,0,1.0,1.0,1.0,1.0,1.0,1,0.4269315619104279,47
2095,13,27877,27877,0,0,0,0,1.0,1.0,1.0,1.0,1.0,1,0.32803335879972667,49
2096,11,27888,27888,0,0,0,0,1.0,1.0,1.0,1.0,1.0,1,0.3646402647864973,50
2097,12,27900,27900,0,0,0,0,1.0,1.0,1.0,1.0,1.0,1,0.3623865034907233,50
2098,13,27913,27913,0,0,0,0,1.0,1.0,1.0,1.0,1.0,1,0.4100328116476438,51
2099,10,27923,27923,0,0,0,0,1.0,1.0,1.0,1.0,1.0,1,0.36370136619796534,50
2100,9,27932,27932,0,0,0,0,1.0,1.0,1.0,1.0,1.0,1,0.32174090514892173,49
2101,12,27944,27944,0,0,0,0,1.0,1.0,1.0,1.0,1.0,1,0.3619181237510014,48
2102,14,27958,27958,0,0,0,0,1.0,1.0,1.0,1.0,1.0,1,0.37511932254574204,49
2103,16,27974,27974,0,0,0,0,1.0,1.0,1.0,1.0,1.0,1,0.3973749656192509,44
2104,12,27986,27986,0,0,0,0,1.0,1.0,1.0,1.0,1.0,1,0.34419975995610413,42
2105,12,27998,27998,0,0,0,0,1.0,1.0,1.0,1.0,1.0,1,0.3723899079616154,40
2106,12,28010,28010,0,0,0,0,1.0,1.0,1.0,1.0,1.0,1,0.4373669486194453,39
2107,13,28023,28023,0,0,0,0,1.0,1.0,1.0,1.0,1.0,1,0.44481205702823245,37
2108,9,28032,28032,0,0,0,0,1.0,1.0,1.0,1.0,1.0,1,0.38910189867451944,37
2109,14,28046,28046,0,0,0,0,1.0,1.0,1.0,1.0,1.0,1,0.45100695382622275,36
2110,8,28054,28054,0,0,0,0,1.0,1.0,1.0,1.0,1.0,1,0.4703040782686274,35
2111,12,28066,28066,0,0,0,0,1.0,1.0,1.0,1.0,1.0,1,0.4779612252722812,35
2112,5,28071,28071,0,0,0,0,1.0,1.0,1.0,1.0,1.0,1,0.45951451198793236,35
2113,11,28082,28082,0,0,0,0,1.0,1.0,1.0,1.0,1.0,1,0.49940907188738487,35
2114,11,28093,28093,0,0,0,0,1.0,1.0,1.0,1.0,1.0,1,0.48632450756642936,36
2115,17,28110,28110,0,0,0,0,1.0,1.0,1.0,1.0,1.0,1,0.4263806550203142,37
2116,11,28121,28121,0,0,0,0,1.0,1.0,1.0,1.0,1.0,1,0.47521563574699416,39
2117,13,28134,28134,0,0,0,0,1.0,1.0,1.0,1.0,1.0,1,0.4290025067111673,39
2118,8,28142,28142,0,0,0,0,1.0,1.0,1.0,1.0,1.0,1,0.3988957006258387,41
2119,14,28156,28156,0,0,0,0,1.0,1.0,1.0,1.0,1.0,1,0.5158163495557496,42
2120,9,28165,28165,0,0,0,0,1.0,1.0,1.0,1.0,1.0,1,0.5202726664052091,42
2121,17,28182,28182,0,0,0,0,1.0,1.0,1.0,1.0,1.0,1,0.5582645256627325,42
2122,8,28190,28190,0,0,0,0,1.0,1.0,1.0,1.0,1.0,1,0.509071981618726,43
2123,12,28202,28202,0,0,0,0,1.0,1.0,1.0,1.0,1.0,1,0.54693525961077,42
2124,9,28211,28211,0,0,0,0,1.0,1.0,1.0,1.0,1.0,1,0.5434458447844406,42
2125,7,28218,28218,0,0,0,0,1.0,1.0,1.0,1.0,1.0,1,0.5451288582659882,41
2126,10,28228,28228,0,0,0,0,1.0,1.0,1.0,1.0,1.0,1,0.5153389905071221,41
2127,4,28232,28232,0,0,0,0,1.0,1.0,1.0,1.0,1.0,1,0.6291698322197323,41
2128,13,28245,28245,0,0,0,0,1.0,1.0,1.0,1.0,1.0,1,0.4893007423628712,42
2129,11,28256,28256,0,0,0,0,1.0,1.0,1.0,1.0,1.0,1,0.4072529616762068,43
2130,13,28269,28269,0,0,0,0,1.0,1.0,1.0,1.0,1.0,1,0.36653058676863803,45
2131,15,28284,28284,0,0,0,0,1.0,1.0,1.0,1.0,1.0,1,0.4124636437787321,44
2132,14,28298,28298,0,0,0,0,1.0,1.0,1.0,1.0,1.0,1,0.3779414170940712,44
2133,15,28313,28313,0,0,0,0,1.0,1.0,1.0,1.0,1.0,1,0.28127866968752124,45
2134,13,28326,28326,0,0,0,0,1.0,1.0,1.0,1.0,1.0,1,0.1963048551178729,45
2135,23,28349,28349,0,0,0,0,1.0,1.0,1.0,1.0,1.0,1,0.23319739823784144,46
2136,16,28365,28365,0,0,0,0,1.0,1.0,1.0,1.0,1.0,1,0.28168135356400303,47
2137,15,28380,28380,0,0,0,0,1.0,1.0,1.0,1.0,1.0,1,0.21994626833614678,47
2138,12,28392,28392,0,0,0,0,1.0,1.0,1.0,1.0,1.0,1,0.2622375065692411,45
2139,6,28398,28398,0,0,0,0,1.0,1.0,1.0,1.0,1.0,1,0.1951151195968052,45
2140,16,28414,28414,0,0,0,0,1.0,1.0,1.0,1.0,1.0,1,0.23198490823002224,44
2141,11,28425,28425,0,0,0,0,1.0,1.0,1.0,1.0,1.0,1,0.23493168318409774,45
2142,13,28438,28438,0,0,0,0,1.0,1.0,1.0,1.0,1.0,1,0.2222752712046281,46
2143,19,28457,28457,0,0,0,0,1.0,1.0,1.0,1.0,1.0,1,0.2285058359177057,46
2144,17,28474,28474,0,0,0,0,1.0,1.0,1.0,1.0,1.0,1,0.2810321366539172,48
2145,14,28488,28488,0,0,0,0,1.0,1.0,1.0,1.0,1.0,1,0.2126949903702006,46
2146,18,28506,28506,0,0,0,0,1.0,1.0,1.0,1.0,1.0,1,0.29293416593588906,45
2147,17,28523,28523,0,0,0,0,1.0,1.0,1.0,1.0,1.0,1,0.20319045776955577,44
2148,16,28539,28539,0,0,0,0,1.0,1.0,1.0,1.0,1.0,1,0.30523038306294337,44
2149,18,28557,28557,0,0,0,0,1.0,1.0,1.0,1.0,1.0,1,0.28380044334882737,42
2150,13,28570,28570,0,0,0,0,1.0,1.0,1.0,1.0,1.0,1,0.31072485703186653,40
2151,12,28582,28582,0,0,0,0,1.0,1.0,1.0,1.0,1.0,1,0.3781494705117237,39
2152,14,28596,28596,0,0,0,0,1.0,1.0,1.0,1.0,1.0,1,0.35547010849915384,40
2153,22,28618,28618,0,0,0,0,1.0,1.0,1.0,1.0,1.0,1,0.3204127270881379,42
2154,13,28631,28631,0,0,0,0,1.0,1.0,1.0,1.0,1.0,1,0.291333573808938,42
2155,9,28640,28640,0,0,0,0,1.0,1.0,1.0,1.0,1.0,1,0.35452814558095846,41
2156,12,28652,28652,0,0,0,0,1.0,1.0,1.0,1.0,1.0,1,0.3308138665019865,40
2157,5,28657,28657,0,0,0,0,1.0,1.0,1.0,1.0,1.0,1,0.409673889509658,40
2158,14,28671,28671,0,0,0,0,1.0,1.0,1.0,1.0,1.0,1,0.35191859451696383,38
2159,14,28685,28685,0,0,0,0,1.0,1.0,1.0,1.0,1.0,1,0.3443732868606558,38
2160,13,28698,28698,0,0,0,0,1.0,1.0,1.0,1.0,1.0,1,0.3724063968846919,38
2161,20,28718,28718,0,0,0,0,1.0,1.0,1.0,1.0,1.0,1,0.3506911376481898,38
2162,7,28725,28725,0,0,0,0,1.0,1.0,1.0,1.0,1.0,1,0.3207626259019464,38
2163,14,28739,28739,0,0,0,0,1.0,1.0,1.0,1.0,1.0,1,0.29324429930405843,40
2164,8,28747,28747,0,0,0,0,1.0,1.0,1.0,1.0,1.0,1,0.21050470680822336,41
2165,12,28759,28759,0,0,0,0,1.0,1.0,1.0,1.0,1.0,1,0.25318690537459587,42
2166,7,28766,28766,0,0,0,0,1.0,1.0,1.0,1.0,1.0,1,0.2359038700042001,42
2167,5,28771,28771,0,0,0,0,1.0,1.0,1.0,1.0,1.0,1,0.24282746549235498,43
2168,8,28779,28779,0,0,0,0,1.0,1.0,1.0,1.0,1.0,1,0.2283307983428355,43
2169,9,28788,28788,0,0,0,0,1.0,1.0,1.0,1.0,1.0,1,0.24415753651038005,45
2170,10,28798,28798,0,0,0,0,1.0,1.0,1.0,1.0,1.0,1,0.24372504612913096,46
2171,9,28807,28807,0,0,0,0,1.0,1.0,1.0,1.0,1.0,1,0.2213412832129894,48
2172,17,28824,28824,0,0,0,0,1.0,1.0,1.0,1.0,1.0,1,0.2363299722331558,49
2173,11,28835,28835,0,0,0,0,1.0,1.0,1.0,1.0,1.0,1,0.2712973434455133,49
2174,24,28859,28859,0,0,0,0,1.0,1.0,1.0,1.0,1.0,1,0.23158249083703908,49
2175,13,28872,28872,0,0,0,0,1.0,1.0,1.0,1.0,1.0,1,0.2499545383467093,49
2176,16,28888,28888,0,0,0,0,1.0,1.0,1.0,1.0,1.0,1,0.32810287423765355,51
2177,19,28907,28907,0,0,0,0,1.0,1.0,1.0,1.0,1.0,1,0.2900440774027424,51
2178,11,28918,28918,0,0,0,0,1.0,1.0,1.0,1.0,1.0,1,0.24838416500568652,50
2179,13,28931,28931,0,0,0,0,1.0,1.0,1.0,1.0,1.0,1,0.2892841361750859,49
2180,13,28944,28944,0,0,0,0,1.0,1.0,1.0,1.0,1.0,1,0.38936537135075344,47
2181,11,28955,28955,0,0,0,0,1.0,1.0,1.0,1.0,1.0,1,0.4054045227880655,47
2182,13,28968,28968,0,0,0,0,1.0,1.0,1.0,1.0,1.0,1,0.40540661156676516,45
2183,17,28985,28985,0,0,0,0,1.0,1.0,1.0,1.0,1.0,1,0.36624456377050346,44
2184,15,29000,29000,0,0,0,0,1.0,1.0,1.0,1.0,1.0,1,0.3343465894269059,43
2185,13,29013,29013,0,0,0,0,1.0,1.0,1.0,1.0,1.0,1,0.2993115647838782,40
2186,12,29025,29025,0,0,0,0,1.0,1.0,1.0,1.0,1.0,1,0.4263177558161306,38
2187,17,29042,29042,0,0,0,0,1.0,1.0,1.0,1.0,1.0,1,0.3955491560187157,35
2188,8,29050,29050,0,0,0,0,1.0,1.0,1.0,1.0,1.0,1,0.5121980101495285,34
2189,17,29067,29067,0,0,0,0,1.0,1.0,1.0,1.0,1.0,1,0.48313717034534603,31
2190,16,29083,29083,0,0,0,0,1.0,1.0,1.0,1.0,1.0,1,0.43774847477542767,29
2191,9,29092,29092,0,0,0,0,1.0,1.0,1.0,1.0,1.0,1,0.481502734855942,28
2192,14,29106,29106,0,0,0,0,1.0,1.0,1.0,1.0,1.0,1,0.4935498472717013,29
2193,17,29123,29123,0,0,0,0,1.0,1.0,1.0,1.0,1.0,1,0.30512638952605764,28
2194,16,29139,29139,0,0,0,0,1.0,1.0,1.0,1.0,1.0,1,0.46800956448752695,27
2195,17,29156,29156,0,0,0,0,1.0,1.0,1.0,1.0,1.0,1,0.43208771592891737,27
2196,12,29168,29168,0,0,0,0,1.0,1.0,1.0,1.0,1.0,1,0.4558613529455299,27
2197,10,29178,29178,0,0,0,0,1.0,1.0,1.0,1.0,1.0,1,0.5108395082028901,27
2198,5,29183,29183,0,0,0,0,1.0,1.0,1.0,1.0,1.0,1,0.5486587657550097,28
2199,11,29194,29194,0,0,0,0,1.0,1.0,1.0,1.0,1.0,1,0.4910859941511281,29
2200,12,29206,29206,0,0,0,0,1.0,1.0,1.0,1.0,1.0,1,0.4697471288748816,31
2201,14,29220,29220,0,0,0,0,1.0,1.0,1.0,1.0,1.0,1,0.5548713303703026,32
2202,20,29240,29240,0,0,0,0,1.0,1.0,1.0,1.0,1.0,1,0.4703586263437272,31
2203,18,29258,29258,0,0,0,0,1.0,1.0,1.0,1.0,1.0,1,0.43528379206454626,32
2204,16,29274,29274,0,0,0,0,1.0,1.0,1.0,1.0,1.0,1,0.4597407336963526,32
2205,11,29285,29285,0,0,0,0,1.0,1.0,1.0,1.0,1.0,1,0.433925183367454,33
2206,12,29297,29297,0,0,0,0,1.0,1.0,1.0,1.0,1.0,1,0.5045781330992171,32
2207,11,29308,29308,0,0,0,0,1.0,1.0,1.0,1.0,1.0,1,0.43980952799850614,33
2208,13,29321,29321,0,0,0,0,1.0,1.0,1.0,1.0,1.0,1,0.4432503089597571,35
2209,17,29338,29338,0,0,0,0,1.0,1.0,1.0,1.0,1.0,1,0.5090724138504253,36
2210,15,29353,29353,0,0,0,0,1.0,1.0,1.0,1.0,1.0,1,0.3525486887089101,35
2211,15,29368,29368,0,0,0,0,1.0,1.0,1.0,1.0,1.0,1,0.30466314343056633,36
2212,12,29380,29380,0,0,0,0,1.0,1.0,1.0,1.0,1.0,1,0.35314514650232126,37
2213,14,29394,29394,0,0,0,0,1.0,1.0,1.0,1.0,1.0,1,0.3045845018726896,37
2214,17,29411,29411,0,0,0,0,1.0,1.0,1.0,1.0,1.0,1,0.30208258594501786,39
2215,12,29423,29423,0,0,0,0,1.0,1.0,1.0,1.0,1.0,1,0.29451136328990174,36
2216,14,29437,29437,0,0,0,0,1.0,1.0,1.0,1.0,1.0,1,0.3678717427521936,37
2217,12,29449,29449,0,0,0,0,1.0,1.0,1.0,1.0,1.0,1,0.37130358371181166,35
2218,7,29456,29456,0,0,0,0,1.0,1.0,1.0,1.0,1.0,1,0.4131074315212852,35
2219,6,29462,29462,0,0,0,0,1.0,1.0,1.0,1.0,1.0,1,0.411721329904941,33
2220,6,29468,29468,0,0,0,0,1.0,1.0,1.0,1.0,1.0,1,0.49256761502105867,31
2221,5,29473,29473,0,0,0,0,1.0,1.0,1.0,1.0,1.0,1,0.5095918250409692,31
2222,8,29481,29481,0,0,0,0,1.0,1.0,1.0,1.0,1.0,1,0.392131254388176,30
2223,14,29495,29495,0,0,0,0,1.0,1.0,1.0,1.0,1.0,1,0.5878326304537893,28
2224,11,29506,29506,0,0,0,0,1.0,1.0,1.0,1.0,1.0,1,0.36295027335607943,29
2225,13,29519,29519,0,0,0,0,1.0,1.0,1.0,1.0,1.0,1,0.39874487999826347,28
2226,12,29531,29531,0,0,0,0,1.0,1.0,1.0,1.0,1.0,1,0.3571609002809478,30
2227,19,29550,29550,0,0,0,0,1.0,1.0,1.0,1.0,1.0,1,0.44541798100247576,28
2228,14,29564,29564,0,0,0,0,1.0,1.0,1.0,1.0,1.0,1,0.3692530881471279,29
2229,14,29578,29578,0,0,0,0,1.0,1.0,1.0,1.0,1.0,1,0.4513655331722386,28
2230,12,29590,29590,0,0,0,0,1.0,1.0,1.0,1.0,1.0,1,0.34952518999060084,28
2231,7,29597,29597,0,0,0,0,1.0,1.0,1.0,1.0,1.0,1,0.46733072336094705,27
2232,8,29605,29605,0,0,0,0,1.0,1.0,1.0,1.0,1.0,1,0.4737894709815936,27
2233,11,29616,29616,0,0,0,0,1.0,1.0,1.0,1.0,1.0,1,0.3815548638165382,28
2234,6,29622,29622,0,0,0,0,1.0,1.0,1.0,1.0,1.0,1,0.44652086970644894,26
2235,8,29630,29630,0,0,0,0,1.0,1.0,1.0,1.0,1.0,1,0.3954083990628682,26
2236,13,29643,29643,0,0,0,0,1.0,1.0,1.0,1.0,1.0,1,0.23997584089206922,26
2237,10,29653,29653,0,0,0,0,1.0,1.0,1.0,1.0,1.0,1,0.4025189346298025,26
2238,11,29664,29664,0,0,0,0,1.0,1.0,1.0,1.0,1.0,1,0.4225609122537261,27
2239,8,29672,29672,0,0,0,0,1.0,1.0,1.0,1.0,1.0,1,0.37985091032060675,28
2240,18,29690,29690,0,0,0,0,1.0,1.0,1.0,1.0,1.0,1,0.4029943610797198,30
2241,10,29700,29700,0,0,0,0,1.0,1.0,1.0,1.0,1.0,1,0.3505340930656302,29
2242,14,29714,29714,0,0,0,0,1.0,1.0,1.0,1.0,1.0,1,0.3829535407701571,29
2243,4,29718,29718,0,0,0,0,1.0,1.0,1.0,1.0,1.0,1,0.43238688245590456,29
2244,7,29725,29725,0,0,0,0,1.0,1.0,1.0,1.0,1.0,1,0.4477093514430935,29
2245,5,29730,29730,0,0,0,0,1.0,1.0,1.0,1.0,1.0,1,0.44137684587127596,30
2246,11,29741,29741,0,0,0,0,1.0,1.0,1.0,1.0,1.0,1,0.41550962186966545,33
2247,12,29753,29753,0,0,0,0,1.0,1.0,1.0,1.0,1.0,1,0.3694065681157056,34
2248,11,29764,29764,0,0,0,0,1.0,1.0,1.0,1.0,1.0,1,0.3643574474194815,34
2249,4,29768,29768,0,0,0,0,1.0,1.0,1.0,1.0,1.0,1,0.47103800314245764,35
2250,8,29776,29776,0,0,0,0,1.0,1.0,1.0,1.0,1.0,1,0.5100253067315109,35
2251,8,29784,29784,0,0,0,0,1.0,1.0,1.0,1.0,1.0,1,0.4904530078019873,36
2252,12,29796,29796,0,0,0,0,1.0,1.0,1.0,1.0,1.0,1,0.3908431776826324,37
2253,21,29817,29817,0,0,0,0,1.0,1.0,1.0,1.0,1.0,1,0.35231489652924325,35
2254,7,29824,29824,0,0,0,0,1.0,1.0,1.0,1.0,1.0,1,0.3914214801004467,33
2255,13,29837,29837,0,0,0,0,1.0,1.0,1.0,1.0,1.0,1,0.41406622856277947,35
2256,13,29850,29850,0,0,0,0,1.0,1.0,1.0,1.0,1.0,1,0.48529953145966825,34
2257,20,29870,29870,0,0,0,0,1.0,1.0,1.0,1.0,1.0,1,0.36250082703826775,36
2258,14,29884,29884,0,0,0,0,1.0,1.0,1.0,1.0,1.0,1,0.4607235936457546,35
2259,8,29892,29892,0,0,0,0,1.0,1.0,1.0,1.0,1.0,1,0.37355078024414795,35
2260,12,29904,29904,0,0,0,0,1.0,1.0,1.0,1.0,1.0,1,0.47199432738194985,33
2261,13,29917,29917,0,0,0,0,1.0,1.0,1.0,1.0,1.0,1,0.4655284491566062,33
2262,7,29924,29924,0,0,0,0,1.0,1.0,1.0,1.0,1.0,1,0.4472084024329951,32
2263,9,29933,29933,0,0,0,0,1.0,1.0,1.0,1.0,1.0,1,0.42320085487816483,31
2264,10,29943,29943,0,0,0,0,1.0,1.0,1.0,1.0,1.0,1,0.4172806851018024,30
2265,11,29954,29954,0,0,0,0,1.0,1.0,1.0,1.0,1.0,1,0.4141264171374723,29
2266,9,29963,29963,0,0,0,0,1.0,1.0,1.0,1.0,1.0,1,0.2817180150570811,30
2267,12,29975,29975,0,0,0,0,1.0,1.0,1.0,1.0,1.0,1,0.2896966682090514,29
2268,20,29995,29995,0,0,0,0,1.0,1.0,1.0,1.0,1.0,1,0.3057042247482822,30
2269,8,30003,30003,0,0,0,0,1.0,1.0,1.0,1.0,1.0,1,0.2861478534352403,31
2270,13,30016,30016,0,0,0,0,1.0,1.0,1.0,1.0,1.0,1,0.2670443301511186,31
2271,13,30029,30029,0,0,0,0,1.0,1.0,1.0,1.0,1.0,1,0.2605558199476796,31
2272,14,30043,30043,0,0,0,0,1.0,1.0,1.0,1.0,1.0,1,0.2726363807602291,31
2273,7,30050,30050,0,0,0,0,1.0,1.0,1.0,1.0,1.0,1,0.30109876605588937,30
2274,13,30063,30063,0,0,0,0,1.0,1.0,1.0,1.0,1.0,1,0.3548299932580201,31
2275,15,30078,30078,0,0,0,0,1.0,1.0,1.0,1.0,1.0,1,0.2472687320206213,32
2276,8,30086,30086,0,0,0,0,1.0,1.0,1.0,1.0,1.0,1,0.35837633786758066,31
2277,8,30094,30094,0,0,0,0,1.0,1.0,1.0,1.0,1.0,1,0.3738790816010074,31
2278,9,30103,30103,0,0,0,0,1.0,1.0,1.0,1.0,1.0,1,0.4193088848788129,32
2279,7,30110,30110,0,0,0,0,1.0,1.0,1.0,1.0,1.0,1,0.42686680447061126,32
2280,7,30117,30117,0,0,0,0,1.0,1.0,1.0,1.0,1.0,1,0.4202773927666134,33
2281,7,30124,30124,0,0,0,0,1.0,1.0,1.0,1.0,1.0,1,0.41648310927581855,34
2282,12,30136,30136,0,0,0,0,1.0,1.0,1.0,1.0,1.0,1,0.36611882254657463,34
2283,12,30148,30148,0,0,0,0,1.0,1.0,1.0,1.0,1.0,1,0.3025081966991702,34
2284,8,30156,30156,0,0,0,0,1.0,1.0,1.0,1.0,1.0,1,0.2997839412550418,34
2285,19,30175,30175,0,0,0,0,1.0,1.0,1.0,1.0,1.0,1,0.3069801305479503,35
2286,9,30184,30184,0,0,0,0,1.0,1.0,1.0,1.0,1.0,1,0.32850492791537794,34
2287,12,30196,30196,0,0,0,0,1.0,1.0,1.0,1.0,1.0,1,0.33172314920365636,35
2288,8,30204,30204,0,0,0,0,1.0,1.0,1.0,1.0,1.0,1,0.4227498693847388,35
2289,9,30213,30213,0,0,0,0,1.0,1.0,1.0,1.0,1.0,1,0.3007308897565899,37
2290,10,30223,30223,0,0,0,0,1.0,1.0,1.0,1.0,1.0,1,0.30450082321871663,37
2291,12,30235,30235,0,0,0,0,1.0,1.0,1.0,1.0,1.0,1,0.2716979992602331,35
2292,8,30243,30243,0,0,0,0,1.0,1.0,1.0,1.0,1.0,1,0.2850202822533847,35
2293,1,30244,30244,0,0,0,0,1.0,1.0,1.0,1.0,1.0,1,0.3584831476166213,34
2294,7,30251,30251,0,0,0,0,1.0,1.0,1.0,1.0,1.0,1,0.3456563570849881,33
2295,9,30260,30260,0,0,0,0,1.0,1.0,1.0,1.0,1.0,1,0.39769834822435296,34
2296,4,30264,30264,0,0,0,0,1.0,1.0,1.0,1.0,1.0,1,0.4099693181607227,33
2297,11,30275,30275,0,0,0,0,1.0,1.0,1.0,1.0,1.0,1,0.45532780176500903,32
2298,7,30282,30282,0,0,0,0,1.0,1.0,1.0,1.0,1.0,1,0.39884679214247976,32
2299,6,30288,30288,0,0,0,0,1.0,1.0,1.0,1.0,1.0,1,0.4086382727828824,33
2300,10,30298,30298,0,0,0,0,1.0,1.0,1.0,1.0,1.0,1,0.34724993859472963,33
2301,5,30303,30303,0,0,0,0,1.0,1.0,1.0,1.0,1.0,1,0.4176489040738277,33
2302,9,30312,30312,0,0,0,0,1.0,1.0,1.0,1.0,1.0,1,0.48905979807209865,34
2303,5,30317,30317,0,0,0,0,1.0,1.0,1.0,1.0,1.0,1,0.47704855998794177,34
2304,6,30323,30323,0,0,0,0,1.0,1.0,1.0,1.0,1.0,1,0.5023549274543823,33
2305,6,30329,30329,0,0,0,0,1.0,1.0,1.0,1.0,1.0,1,0.4972816439942715,33
2306,9,30338,30338,0,0,0,0,1.0,1.0,1.0,1.0,1.0,1,0.5171725148048419,33
2307,10,30348,30348,0,0,0,0,1.0,1.0,1.0,1.0,1.0,1,0.3788853652986038,35
2308,9,30357,30357,0,0,0,0,1.0,1.0,1.0,1.0,1.0,1,0.41597203981298625,34
2309,8,30365,30365,0,0,0,0,1.0,1.0,1.0,1.0,1.0,1,0.40905110561824093,34
2310,8,30373,30373,0,0,0,0,1.0,1.0,1.0,1.0,1.0,1,0.49906063059301076,34
2311,8,30381,30381,0,0,0,0,1.0,1.0,1.0,1.0,1.0,1,0.355372384200761,35
2312,10,30391,30391,0,0,0,0,1.0,1.0,1.0,1.0,1.0,1,0.37546959847485056,34
2313,17,30408,30408,0,0,0,0,1.0,1.0,1.0,1.0,1.0,1,0.49069570230351545,35
2314,5,30413,30413,0,0,0,0,1.0,1.0,1.0,1.0,1.0,1,0.5092580337232115,35
2315,23,30436,30436,0,0,0,0,1.0,1.0,1.0,1.0,1.0,1,0.5488602841752203,34
2316,10,30446,30446,0,0,0,0,1.0,1.0,1.0,1.0,1.0,1,0.48241430329086343,35
2317,13,30459,30459,0,0,0,0,1.0,1.0,1.0,1.0,1.0,1,0.43689433284478957,32
2318,12,30471,30471,0,0,0,0,1.0,1.0,1.0,1.0,1.0,1,0.44705387102946986,32
2319,5,30476,30476,0,0,0,0,1.0,1.0,1.0,1.0,1.0,1,0.3927635594403883,32
2320,10,30486,30486,0,0,0,0,1.0,1.0,1.0,1.0,1.0,1,0.41895117972884327,32
2321,12,30498,30498,0,0,0,0,1.0,1.0,1.0,1.0,1.0,1,0.3798015214912252,33
2322,6,30504,30504,0,0,0,0,1.0,1.0,1.0,1.0,1.0,1,0.4900155218765211,33
2323,4,30508,30508,0,0,0,0,1.0,1.0,1.0,1.0,1.0,1,0.39849099490859086,33
2324,9,30517,30517,0,0,0,0,1.0,1.0,1.0,1.0,1.0,1,0.39606392600176515,34
2325,9,30526,30526,0,0,0,0,1.0,1.0,1.0,1.0,1.0,1,0.4020438926552792,35
2326,10,30536,30536,0,0,0,0,1.0,1.0,1.0,1.0,1.0,1,0.37958405142939156,35
2327,10,30546,30546,0,0,0,0,1.0,1.0,1.0,1.0,1.0,1,0.40152528842946944,36
2328,16,30562,30562,0,0,0,0,1.0,1.0,1.0,1.0,1.0,1,0.3363409299888609,37
2329,10,30572,30572,0,0,0,0,1.0,1.0,1.0,1.0,1.0,1,0.32009863221559104,37
2330,9,30581,30581,0,0,0,0,1.0,1.0,1.0,1.0,1.0,1,0.3451692148395453,38
2331,17,30598,30598,0,0,0,0,1.0,1.0,1.0,1.0,1.0,1,0.3610185992613169,40
2332,11,30609,30609,0,0,0,0,1.0,1.0,1.0,1.0,1.0,1,0.29690954853409446,40
2333,6,30615,30615,0,0,0,0,1.0,1.0,1.0,1.0,1.0,1,0.4088356392839031,41
2334,6,30621,30621,0,0,0,0,1.0,1.0,1.0,1.0,1.0,1,0.3988617357639069,41
2335,7,30628,30628,0,0,0,0,1.0,1.0,1.0,1.0,1.0,1,0.372820283462095,41
2336,12,30640,30640,0,0,0,0,1.0,1.0,1.0,1.0,1.0,1,0.4647865407491222,41
2337,16,30656,30656,0,0,0,0,1.0,1.0,1.0,1.0,1.0,1,0.3748545197744527,42
2338,16,30672,30672,0,0,0,0,1.0,1.0,1.0,1.0,1.0,1,0.3925559895815593,43
2339,11,30683,30683,0,0,0,0,1.0,1.0,1.0,1.0,1.0,1,0.3263172912829125,43
2340,22,30705,30705,0,0,0,0,1.0,1.0,1.0,1.0,1.0,1,0.29957823921343946,45
2341,17,30722,30722,0,0,0,0,1.0,1.0,1.0,1.0,1.0,1,0.30538928130286935,45
2342,21,30743,30743,0,0,0,0,1.0,1.0,1.0,1.0,1.0,1,0.3265555280067882,46
2343,25,30768,30768,0,0,0,0,1.0,1.0,1.0,1.0,1.0,1,0.3080010096490928,45
2344,20,30788,30788,0,0,0,0,1.0,1.0,1.0,1.0,1.0,1,0.33411519115773686,44
2345,16,30804,30804,0,0,0,0,1.0,1.0,1.0,1.0,1.0,1,0.38398979577993,44
2346,19,30823,30823,0,0,0,0,1.0,1.0,1.0,1.0,1.0,1,0.41220367948479264,44
2347,11,30834,30834,0,0,0,0,1.0,1.0,1.0,1.0,1.0,1,0.3521229827357234,44
2348,19,30853,30853,0,0,0,0,1.0,1.0,1.0,1.0,1.0,1,0.2480632780577615,45
2349,13,30866,30866,0,0,0,0,1.0,1.0,1.0,1.0,1.0,1,0.3955373886352826,46
2350,10,30876,30876,0,0,0,0,1.0,1.0,1.0,1.0,1.0,1,0.405606236177303,47
2351,14,30890,30890,0,0,0,0,1.0,1.0,1.0,1.0,1.0,1,0.3722473935380331,47
2352,14,30904,30904,0,0,0,0,1.0,1.0,1.0,1.0,1.0,1,0.3485334726885492,47
2353,8,30912,30912,0,0,0,0,1.0,1.0,1.0,1.0,1.0,1,0.37083341185635793,46
2354,16,30928,30928,0,0,0,0,1.0,1.0,1.0,1.0,1.0,1,0.4436498722673986,47
2355,11,30939,30939,0,0,0,0,1.0,1.0,1.0,1.0,1.0,1,0.37446582172660636,47
2356,8,30947,30947,0,0,0,0,1.0,1.0,1.0,1.0,1.0,1,0.34225038762024956,47
2357,13,30960,30960,0,0,0,0,1.0,1.0,1.0,1.0,1.0,1,0.40820727079656965,47
2358,14,30974,30974,0,0,0,0,1.0,1.0,1.0,1.0,1.0,1,0.3308881459805905,48
2359,16,30990,30990,0,0,0,0,1.0,1.0,1.0,1.0,1.0,1,0.40706380023347943,49
2360,19,31009,31009,0,0,0,0,1.0,1.0,1.0,1.0,1.0,1,0.37363477619340096,49
2361,9,31018,31018,0,0,0,0,1.0,1.0,1.0,1.0,1.0,1,0.3820648812212135,50
2362,25,31043,31043,0,0,0,0,1.0,1.0,1.0,1.0,1.0,1,0.38985340111528555,51
2363,19,31062,31062,0,0,0,0,1.0,1.0,1.0,1.0,1.0,1,0.32840092893751777,51
2364,16,31078,31078,0,0,0,0,1.0,1.0,1.0,1.0,1.0,1,0.3801182142464231,52
2365,24,31102,31102,0,0,0,0,1.0,1.0,1.0,1.0,1.0,1,0.3437643722018587,53
2366,28,31130,31130,0,0,0,0,1.0,1.0,1.0,1.0,1.0,1,0.39678162114423066,54
2367,18,31148,31148,0,0,0,0,1.0,1.0,1.0,1.0,1.0,1,0.4736040330782244,52
2368,16,31164,31164,0,0,0,0,1.0,1.0,1.0,1.0,1.0,1,0.4274848600037455,51
2369,14,31178,31178,0,0,0,0,1.0,1.0,1.0,1.0,1.0,1,0.44168217598868653,51
2370,19,31197,31197,0,0,0,0,1.0,1.0,1.0,1.0,1.0,1,0.38849287683613604,52
2371,8,31205,31205,0,0,0,0,1.0,1.0,1.0,1.0,1.0,1,0.3337830173448585,52
2372,11,31216,31216,0,0,0,0,1.0,1.0,1.0,1.0,1.0,1,0.3298687178755274,49
2373,13,31229,31229,0,0,0,0,1.0,1.0,1.0,1.0,1.0,1,0.28374797921768,47
2374,11,31240,31240,0,0,0,0,1.0,1.0,1.0,1.0,1.0,1,0.36384257865658787,45
2375,9,31249,31249,0,0,0,0,1.0,1.0,1.0,1.0,1.0,1,0.35091270832579113,45
2376,12,31261,31261,0,0,0,0,1.0,1.0,1.0,1.0,1.0,1,0.37568056712559117,43
2377,10,31271,31271,0,0,0,0,1.0,1.0,1.0,1.0,1.0,1,0.37879465778722354,44
2378,19,31290,31290,0,0,0,0,1.0,1.0,1.0,1.0,1.0,1,0.32675451656120014,43
2379,8,31298,31298,0,0,0,0,1.0,1.0,1.0,1.0,1.0,1,0.2963151204469201,43
2380,7,31305,31305,0,0,0,0,1.0,1.0,1.0,1.0,1.0,1,0.40303390215350726,43
2381,8,31313,31313,0,0,0,0,1.0,1.0,1.0,1.0,1.0,1,0.3827485413098028,44
2382,5,31318,31318,0,0,0,0,1.0,1.0,1.0,1.0,1.0,1,0.4217206167971911,44
2383,11,31329,31329,0,0,0,0,1.0,1.0,1.0,1.0,1.0,1,0.3241974305012118,45
2384,9,31338,31338,0,0,0,0,1.0,1.0,1.0,1.0,1.0,1,0.3230059131873266,45
2385,11,31349,31349,0,0,0,0,1.0,1.0,1.0,1.0,1.0,1,0.3701178274793515,45
2386,8,31357,31357,0,0,0,0,1.0,1.0,1.0,1.0,1.0,1,0.24526047566287434,46
2387,15,31372,31372,0,0,0,0,1.0,1.0,1.0,1.0,1.0,1,0.38149225842266876,44
2388,7,31379,31379,0,0,0,0,1.0,1.0,1.0,1.0,1.0,1,0.34036865748638073,44
2389,19,31398,31398,0,0,0,0,1.0,1.0,1.0,1.0,1.0,1,0.2917345854107108,43
2390,21,31419,31419,0,0,0,0,1.0,1.0,1.0,1.0,1.0,1,0.40893110564672247,44
2391,13,31432,31432,0,0,0,0,1.0,1.0,1.0,1.0,1.0,1,0.41587712151234785,43
2392,19,31451,31451,0,0,0,0,1.0,1.0,1.0,1.0,1.0,1,0.40622359698246896,44
2393,21,31472,31472,0,0,0,0,1.0,1.0,1.0,1.0,1.0,1,0.33241767878988815,45
2394,21,31493,31493,0,0,0,0,1.0,1.0,1.0,1.0,1.0,1,0.33702590644151664,44
2395,15,31508,31508,0,0,0,0,1.0,1.0,1.0,1.0,1.0,1,0.35195116856501163,44
2396,18,31526,31526,0,0,0,0,1.0,1.0,1.0,1.0,1.0,1,0.3679023343670782,45
2397,27,31553,31553,0,0,0,0,1.0,1.0,1.0,1.0,1.0,1,0.32094707318044174,44
2398,15,31568,31568,0,0,0,0,1.0,1.0,1.0,1.0,1.0,1,0.3524434220996214,44
2399,15,31583,31583,0,0,0,0,1.0,1.0,1.0,1.0,1.0,1,0.3959425782096185,45
2400,6,31589,31589,0,0,0,0,1.0,1.0,1.0,1.0,1.0,1,0.3429111227841498,45
2401,15,31604,31604,0,0,0,0,1.0,1.0,1.0,1.0,1.0,1,0.24593324852739312,46
2402,10,31614,31614,0,0,0,0,1.0,1.0,1.0,1.0,1.0,1,0.3072480336105599,47
2403,12,31626,31626,0,0,0,0,1.0,1.0,1.0,1.0,1.0,1,0.23242069742646979,48
2404,10,31636,31636,0,0,0,0,1.0,1.0,1.0,1.0,1.0,1,0.25351387313820534,47
2405,10,31646,31646,0,0,0,0,1.0,1.0,1.0,1.0,1.0,1,0.28591937332896866,45
2406,11,31657,31657,0,0,0,0,1.0,1.0,1.0,1.0,1.0,1,0.24501272440369215,45
2407,8,31665,31665,0,0,0,0,1.0,1.0,1.0,1.0,1.0,1,0.2672647512061107,42
2408,12,31677,31677,0,0,0,0,1.0,1.0,1.0,1.0,1.0,1,0.3491871543026981,41
2409,16,31693,31693,0,0,0,0,1.0,1.0,1.0,1.0,1.0,1,0.37554286826883804,41
2410,14,31707,31707,0,0,0,0,1.0,1.0,1.0,1.0,1.0,1,0.22381595428149326,40
2411,9,31716,31716,0,0,0,0,1.0,1.0,1.0,1.0,1.0,1,0.283584216340079,40
2412,5,31721,31721,0,0,0,0,1.0,1.0,1.0,1.0,1.0,1,0.31754264368007534,38
2413,5,31726,31726,0,0,0,0,1.0,1.0,1.0,1.0,1.0,1,0.27742621853481425,38
2414,9,31735,31735,0,0,0,0,1.0,1.0,1.0,1.0,1.0,1,0.30983037334479246,36
2415,7,31742,31742,0,0,0,0,1.0,1.0,1.0,1.0,1.0,1,0.3874123684522441,36
2416,12,31754,31754,0,0,0,0,1.0,1.0,1.0,1.0,1.0,1,0.3134352569932529,35
2417,10,31764,31764,0,0,0,0,1.0,1.0,1.0,1.0,1.0,1,0.3758693742199353,33
2418,12,31776,31776,0,0,0,0,1.0,1.0,1.0,1.0,1.0,1,0.44650284999195,33
2419,7,31783,31783,0,0,0,0,1.0,1.0,1.0,1.0,1.0,1,0.38487536455842175,33
2420,14,31797,31797,0,0,0,0,1.0,1.0,1.0,1.0,1.0,1,0.4542561258328404,34
2421,18,31815,31815,0,0,0,0,1.0,1.0,1.0,1.0,1.0,1,0.5045441761478406,34
2422,11,31826,31826,0,0,0,0,1.0,1.0,1.0,1.0,1.0,1,0.4560495898470382,35
2423,12,31838,31838,0,0,0,0,1.0,1.0,1.0,1.0,1.0,1,0.5089647166774516,36
2424,14,31852,31852,0,0,0,0,1.0,1.0,1.0,1.0,1.0,1,0.456308204823547,35
2425,9,31861,31861,0,0,0,0,1.0,1.0,1.0,1.0,1.0,1,0.44823103008407944,33
2426,15,31876,31876,0,0,0,0,1.0,1.0,1.0,1.0,1.0,1,0.3891912239309278,34
2427,19,31895,31895,0,0,0,0,1.0,1.0,1.0,1.0,1.0,1,0.4097971357718721,34
2428,11,31906,31906,0,0,0,0,1.0,1.0,1.0,1.0,1.0,1,0.4165804430595155,34
2429,15,31921,31921,0,0,0,0,1.0,1.0,1.0,1.0,1.0,1,0.4398883466040099,34
2430,10,31931,31931,0,0,0,0,1.0,1.0,1.0,1.0,1.0,1,0.4291184141441521,33
2431,6,31937,31937,0,0,0,0,1.0,1.0,1.0,1.0,1.0,1,0.4693916262851884,33
2432,9,31946,31946,0,0,0,0,1.0,1.0,1.0,1.0,1.0,1,0.5013932178596133,33
2433,8,31954,31954,0,0,0,0,1.0,1.0,1.0,1.0,1.0,1,0.43077075158067957,34
2434,11,31965,31965,0,0,0,0,1.0,1.0,1.0,1.0,1.0,1,0.288278963768289,34
2435,7,31972,31972,0,0,0,0,1.0,1.0,1.0,1.0,1.0,1,0.3780197764497015,34
2436,10,31982,31982,0,0,0,0,1.0,1.0,1.0,1.0,1.0,1,0.351690062476444,33
2437,7,31989,31989,0,0,0,0,1.0,1.0,1.0,1.0,1.0,1,0.3846457243833431,33
2438,6,31995,31995,0,0,0,0,1.0,1.0,1.0,1.0,1.0,1,0.3945810020603054,34
2439,7,32002,32002,0,0,0,0,1.0,1.0,1.0,1.0,1.0,1,0.459209097638408,35
2440,7,32009,32009,0,0,0,0,1.0,1.0,1.0,1.0,1.0,1,0.49888287876507653,35
2441,7,32016,32016,0,0,0,0,1.0,1.0,1.0,1.0,1.0,1,0.4156439431553656,35
2442,8,32024,32024,0,0,0,0,1.0,1.0,1.0,1.0,1.0,1,0.4811912993776051,35
2443,7,32031,32031,0,0,0,0,1.0,1.0,1.0,1.0,1.0,1,0.5078308174003859,35
2444,10,32041,32041,0,0,0,0,1.0,1.0,1.0,1.0,1.0,1,0.3979779099367998,34
2445,9,32050,32050,0,0,0,0,1.0,1.0,1.0,1.0,1.0,1,0.40429300069935925,33
2446,10,32060,32060,0,0,0,0,1.0,1.0,1.0,1.0,1.0,1,0.390550594163788,30
2447,6,32066,32066,0,0,0,0,1.0,1.0,1.0,1.0,1.0,1,0.4100438458175179,29
2448,12,32078,32078,0,0,0,0,1.0,1.0,1.0,1.0,1.0,1,0.36101682178580224,27
2449,10,32088,32088,0,0,0,0,1.0,1.0,1.0,1.0,1.0,1,0.3439136543810558,26
2450,13,32101,32101,0,0,0,0,1.0,1.0,1.0,1.0,1.0,1,0.3280129702470313,28
2451,11,32112,32112,0,0,0,0,1.0,1.0,1.0,1.0,1.0,1,0.37391897185715456,28
2452,16,32128,32128,0,0,0,0,1.0,1.0,1.0,1.0,1.0,1,0.34770782637797504,29
2453,10,32138,32138,0,0,0,0,1.0,1.0,1.0,1.0,1.0,1,0.30602933944332367,30
2454,15,32153,32153,0,0,0,0,1.0,1.0,1.0,1.0,1.0,1,0.25675660312799514,32
2455,18,32171,32171,0,0,0,0,1.0,1.0,1.0,1.0,1.0,1,0.37840553472668903,33
2456,16,32187,32187,0,0,0,0,1.0,1.0,1.0,1.0,1.0,1,0.4211659677551117,34
2457,12,32199,32199,0,0,0,0,1.0,1.0,1.0,1.0,1.0,1,0.3698030458625283,34
2458,8,32207,32207,0,0,0,0,1.0,1.0,1.0,1.0,1.0,1,0.4212530770484267,36
2459,12,32219,32219,0,0,0,0,1.0,1.0,1.0,1.0,1.0,1,0.3256077834469448,36
2460,8,32227,32227,0,0,0,0,1.0,1.0,1.0,1.0,1.0,1,0.40029733474775286,37
2461,7,32234,32234,0,0,0,0,1.0,1.0,1.0,1.0,1.0,1,0.39690663964968165,37
2462,8,32242,32242,0,0,0,0,1.0,1.0,1.0,1.0,1.0,1,0.4446757206903209,38
2463,9,32251,32251,0,0,0,0,1.0,1.0,1.0,1.0,1.0,1,0.4602920353102682,38
2464,18,32269,32269,0,0,0,0,1.0,1.0,1.0,1.0,1.0,1,0.4192539342710568,37
2465,18,32287,32287,0,0,0,0,1.0,1.0,1.0,1.0,1.0,1,0.3730927137914201,36
2466,6,32293,32293,0,0,0,0,1.0,1.0,1.0,1.0,1.0,1,0.32760654344095497,36
2467,12,32305,32305,0,0,0,0,1.0,1.0,1.0,1.0,1.0,1,0.32672991597104833,34
2468,7,32312,32312,0,0,0,0,1.0,1.0,1.0,1.0,1.0,1,0.3949944075339781,33
2469,4,32316,32316,0,0,0,0,1.0,1.0,1.0,1.0,1.0,1,0.4268072995299841,32
2470,13,32329,32329,0,0,0,0,1.0,1.0,1.0,1.0,1.0,1,0.3662549649200094,33
2471,14,32343,32343,0,0,0,0,1.0,1.0,1.0,1.0,1.0,1,0.45325945336428936,31
2472,14,32357,32357,0,0,0,0,1.0,1.0,1.0,1.0,1.0,1,0.44869160493912086,32
2473,10,32367,32367,0,0,0,0,1.0,1.0,1.0,1.0,1.0,1,0.4851240286173611,31
2474,18,32385,32385,0,0,0,0,1.0,1.0,1.0,1.0,1.0,1,0.5224598833310874,33
2475,8,32393,32393,0,0,0,0,1.0,1.0,1.0,1.0,1.0,1,0.5414534929494743,33
2476,11,32404,32404,0,0,0,0,1.0,1.0,1.0,1.0,1.0,1,0.4453041765778363,33
2477,14,32418,32418,0,0,0,0,1.0,1.0,1.0,1.0,1.0,1,0.3368955995605326,33
2478,16,32434,32434,0,0,0,0,1.0,1.0,1.0,1.0,1.0,1,0.33274261701725044,33
2479,9,32443,32443,0,0,0,0,1.0,1.0,1.0,1.0,1.0,1,0.37767295640143467,33
2480,11,32454,32454,0,0,0,0,1.0,1.0,1.0,1.0,1.0,1,0.325861968019419,34
2481,13,32467,32467,0,0,0,0,1.0,1.0,1.0,1.0,1.0,1,0.2920965297731677,33
2482,15,32482,32482,0,0,0,0,1.0,1.0,1.0,1.0,1.0,1,0.2714520506277441,34
2483,10,32492,32492,0,0,0,0,1.0,1.0,1.0,1.0,1.0,1,0.2691585082092696,33
2484,20,32512,32512,0,0,0,0,1.0,1.0,1.0,1.0,1.0,1,0.2624203013686196,32
2485,12,32524,32524,0,0,0,0,1.0,1.0,1.0,1.0,1.0,1,0.3012004775666957,31
2486,9,32533,32533,0,0,0,0,1.0,1.0,1.0,1.0,1.0,1,0.275110446927987,29
2487,5,32538,32538,0,0,0,0,1.0,1.0,1.0,1.0,1.0,1,0.33988773247729376,29
2488,14,32552,32552,0,0,0,0,1.0,1.0,1.0,1.0,1.0,1,0.38347202895949517,30
2489,9,32561,32561,0,0,0,0,1.0,1.0,1.0,1.0,1.0,1,0.25810647059977976,29
2490,11,32572,32572,0,0,0,0,1.0,1.0,1.0,1.0,1.0,1,0.3750079045408853,30
2491,16,32588,32588,0,0,0,0,1.0,1.0,1.0,1.0,1.0,1,0.36057855158059077,30
2492,6,32594,32594,0,0,0,0,1.0,1.0,1.0,1.0,1.0,1,0.43894462958115005,29
2493,11,32605,32605,0,0,0,0,1.0,1.0,1.0,1.0,1.0,1,0.4972104869423439,29
2494,4,32609,32609,0,0,0,0,1.0,1.0,1.0,1.0,1.0,1,0.4310954113533624,28
2495,10,32619,32619,0,0,0,0,1.0,1.0,1.0,1.0,1.0,1,0.5311417548008344,29
2496,6,32625,32625,0,0,0,0,1.0,1.0,1.0,1.0,1.0,1,0.5339262916489242,28
2497,3,32628,32628,0,0,0,0,1.0,1.0,1.0,1.0,1.0,1,0.42753415954729734,28
2498,14,32642,32642,0,0,0,0,1.0,1.0,1.0,1.0,1.0,1,0.29218955412940006,29
2499,15,32657,32657,0,0,0,0,1.0,1.0,1.0,1.0,1.0,1,0.3626061790243553,30
2500,10,32667,32667,0,0,0,0,1.0,1.0,1.0,1.0,1.0,1,0.37945884982316896,29
2501,17,32684,32684,0,0,0,0,1.0,1.0,1.0,1.0,1.0,1,0.3773196982014573,33
2502,17,32701,32701,0,0,0,0,1.0,1.0,1.0,1.0,1.0,1,0.24786358352184648,33
2503,15,32716,32716,0,0,0,0,1.0,1.0,1.0,1.0,1.0,1,0.3152228567561786,31
2504,15,32731,32731,0,0,0,0,1.0,1.0,1.0,1.0,1.0,1,0.22105677127664847,31
2505,6,32737,32737,0,0,0,0,1.0,1.0,1.0,1.0,1.0,1,0.27372986230149515,32
2506,7,32744,32744,0,0,0,0,1.0,1.0,1.0,1.0,1.0,1,0.2132666819062765,31
2507,5,32749,32749,0,0,0,0,1.0,1.0,1.0,1.0,1.0,1,0.2413300865255191,29
2508,9,32758,32758,0,0,0,0,1.0,1.0,1.0,1.0,1.0,1,0.23754494608484372,31
2509,5,32763,32763,0,0,0,0,1.0,1.0,1.0,1.0,1.0,1,0.2510502103429892,30
2510,3,32766,32766,0,0,0,0,1.0,1.0,1.0,1.0,1.0,1,0.2377609921679361,31
2511,6,32772,32772,0,0,0,0,1.0,1.0,1.0,1.0,1.0,1,0.29339557179891834,32
2512,11,32783,32783,0,0,0,0,1.0,1.0,1.0,1.0,1.0,1,0.3591742893495827,32
2513,13,32796,32796,0,0,0,0,1.0,1.0,1.0,1.0,1.0,1,0.3636321456146793,34
2514,13,32809,32809,0,0,0,0,1.0,1.0,1.0,1.0,1.0,1,0.37568078704899094,35
2515,14,32823,32823,0,0,0,0,1.0,1.0,1.0,1.0,1.0,1,0.3959297095397312,35
2516,10,32833,32833,0,0,0,0,1.0,1.0,1.0,1.0,1.0,1,0.44388391147291745,34
2517,12,32845,32845,0,0,0,0,1.0,1.0,1.0,1.0,1.0,1,0.3914000847210347,34
2518,19,32864,32864,0,0,0,0,1.0,1.0,1.0,1.0,1.0,1,0.39166975342942645,33
2519,12,32876,32876,0,0,0,0,1.0,1.0,1.0,1.0,1.0,1,0.4002888956394414,32
2520,12,32888,32888,0,0,0,0,1.0,1.0,1.0,1.0,1.0,1,0.3611272968396391,31
2521,9,32897,32897,0,0,0,0,1.0,1.0,1.0,1.0,1.0,1,0.37976694740515643,31
2522,9,32906,32906,0,0,0,0,1.0,1.0,1.0,1.0,1.0,1,0.39190104232614426,30
2523,10,32916,32916,0,0,0,0,1.0,1.0,1.0,1.0,1.0,1,0.3562091174072551,30
2524,8,32924,32924,0,0,0,0,1.0,1.0,1.0,1.0,1.0,1,0.43073024756590755,29
2525,10,32934,32934,0,0,0,0,1.0,1.0,1.0,1.0,1.0,1,0.45283419940097436,29
2526,13,32947,32947,0,0,0,0,1.0,1.0,1.0,1.0,1.0,1,0.5211644298893396,27
2527,5,32952,32952,0,0,0,0,1.0,1.0,1.0,1.0,1.0,1,0.4979480322853861,28
2528,5,32957,32957,0,0,0,0,1.0,1.0,1.0,1.0,1.0,1,0.4861788010894305,28
2529,4,32961,32961,0,0,0,0,1.0,1.0,1.0,1.0,1.0,1,0.4009548637352748,28
2530,7,32968,32968,0,0,0,0,1.0,1.0,1.0,1.0,1.0,1,0.3913017493082946,29
2531,5,32973,32973,0,0,0,0,1.0,1.0,1.0,1.0,1.0,1,0.4021040859670713,30
2532,11,32984,32984,0,0,0,0,1.0,1.0,1.0,1.0,1.0,1,0.28047532744773723,31
2533,11,32995,32995,0,0,0,0,1.0,1.0,1.0,1.0,1.0,1,0.28010692607198534,31
2534,13,33008,33008,0,0,0,0,1.0,1.0,1.0,1.0,1.0,1,0.37341091910995494,31
2535,8,33016,33016,0,0,0,0,1.0,1.0,1.0,1.0,1.0,1,0.36636435251677407,31
2536,8,33024,33024,0,0,0,0,1.0,1.0,1.0,1.0,1.0,1,0.37768840372186663,32
2537,5,33029,33029,0,0,0,0,1.0,1.0,1.0,1.0,1.0,1,0.26635890449611677,33
2538,11,33040,33040,0,0,0,0,1.0,1.0,1.0,1.0,1.0,1,0.35370063365555393,35
2539,6,33046,33046,0,0,0,0,1.0,1.0,1.0,1.0,1.0,1,0.39965273739991614,37
2540,11,33057,33057,0,0,0,0,1.0,1.0,1.0,1.0,1.0,1,0.4201283443295429,38
2541,8,33065,33065,0,0,0,0,1.0,1.0,1.0,1.0,1.0,1,0.3100208268089486,39
2542,10,33075,33075,0,0,0,0,1.0,1.0,1.0,1.0,1.0,1,0.4280372410232007,38
2543,6,33081,33081,0,0,0,0,1.0,1.0,1.0,1.0,1.0,1,0.3680609161290422,41
2544,16,33097,33097,0,0,0,0,1.0,1.0,1.0,1.0,1.0,1,0.42807274033983606,39
2545,14,33111,33111,0,0,0,0,1.0,1.0,1.0,1.0,1.0,1,0.3917249495326762,40
2546,7,33118,33118,0,0,0,0,1.0,1.0,1.0,1.0,1.0,1,0.3572480363285178,38
2547,14,33132,33132,0,0,0,0,1.0,1.0,1.0,1.0,1.0,1,0.49324405248385167,38
2548,4,33136,33136,0,0,0,0,1.0,1.0,1.0,1.0,1.0,1,0.49428861156655396,35
2549,6,33142,33142,0,0,0,0,1.0,1.0,1.0,1.0,1.0,1,0.548772848566083,35
2550,4,33146,33146,0,0,0,0,1.0,1.0,1.0,1.0,1.0,1,0.44762717536239943,33
2551,2,33148,33148,0,0,0,0,1.0,1.0,1.0,1.0,1.0,1,0.5604028480983867,31
2552,2,33150,33150,0,0,0,0,1.0,1.0,1.0,1.0,1.0,1,0.5907218002212771,30
2553,4,33154,33154,0,0,0,0,1.0,1.0,1.0,1.0,1.0,1,0.5753809648550973,30
2554,10,33164,33164,0,0,0,0,1.0,1.0,1.0,1.0,1.0,1,0.41654947007869747,32
2555,12,33176,33176,0,0,0,0,1.0,1.0,1.0,1.0,1.0,1,0.44761244010961154,32
2556,6,33182,33182,0,0,0,0,1.0,1.0,1.0,1.0,1.0,1,0.4430217611832051,32
2557,16,33198,33198,0,0,0,0,1.0,1.0,1.0,1.0,1.0,1,0.5604805263053536,30
2558,8,33206,33206,0,0,0,0,1.0,1.0,1.0,1.0,1.0,1,0.5990836902220692,31
2559,12,33218,33218,0,0,0,0,1.0,1.0,1.0,1.0,1.0,1,0.5483059521415137,30
2560,9,33227,33227,0,0,0,0,1.0,1.0,1.0,1.0,1.0,1,0.6271540847449121,30
2561,13,33240,33240,0,0,0,0,1.0,1.0,1.0,1.0,1.0,1,0.5691582327089872,30
2562,9,33249,33249,0,0,0,0,1.0,1.0,1.0,1.0,1.0,1,0.49195036658040725,33
2563,12,33261,33261,0,0,0,0,1.0,1.0,1.0,1.0,1.0,1,0.570684679060348,33
2564,16,33277,33277,0,0,0,0,1.0,1.0,1.0,1.0,1.0,1,0.5586020117981363,33
2565,10,33287,33287,0,0,0,0,1.0,1.0,1.0,1.0,1.0,1,0.5136189852727233,33
2566,12,33299,33299,0,0,0,0,1.0,1.0,1.0,1.0,1.0,1,0.48873376833542537,35
2567,10,33309,33309,0,0,0,0,1.0,1.0,1.0,1.0,1.0,1,0.5438056813749159,36
2568,12,33321,33321,0,0,0,0,1.0,1.0,1.0,1.0,1.0,1,0.48003388831624383,37
2569,7,33328,33328,0,0,0,0,1.0,1.0,1.0,1.0,1.0,1,0.5658178980199371,37
2570,7,33335,33335,0,0,0,0,1.0,1.0,1.0,1.0,1.0,1,0.5081381723453284,37
2571,5,33340,33340,0,0,0,0,1.0,1.0,1.0,1.0,1.0,1,0.4902253572896389,37
2572,6,33346,33346,0,0,0,0,1.0,1.0,1.0,1.0,1.0,1,0.4780874272587953,39
2573,6,33352,33352,0,0,0,0,1.0,1.0,1.0,1.0,1.0,1,0.5057692991672414,39
2574,3,33355,33355,0,0,0,0,1.0,1.0,1.0,1.0,1.0,1,0.4582809542822252,38
2575,7,33362,33362,0,0,0,0,0.9972742297901597,0.9948210366013033,0.9972742297901597,0.9948210366013033,1.0,1,0.6057393368626054,38
2576,11,33373,33373,0,0,0,0,1.0,1.0,1.0,1.0,1.0,1,0.5525067830835974,37
2577,6,33379,33379,0,0,0,0,0.9763546533025473,0.9560872132761594,0.9763546533025473,0.9560872132761594,1.0,1,0.6103542139740689,39
2578,7,33386,33386,0,0,0,0,1.0,1.0,1.0,1.0,1.0,1,0.5104951976107761,40
2579,8,33394,33394,0,0,0,0,1.0,1.0,1.0,1.0,1.0,1,0.480782082187116,41
2580,13,33407,33407,0,0,0,0,0.9959557257330518,0.9915070240394088,0.9959557257330518,0.9915070240394088,1.0,1,0.5530228007464961,42
2581,14,33421,33421,0,0,0,0,1.0,1.0,1.0,1.0,1.0,1,0.44368088789380944,43
2582,17,33438,33438,0,0,0,0,1.0,1.0,1.0,1.0,1.0,1,0.41181281942089887,43
2583,18,33456,33456,0,0,0,0,1.0,1.0,1.0,1.0,1.0,1,0.3112632398343149,43
2584,22,33478,33478,0,0,0,0,1.0,1.0,1.0,1.0,1.0,1,0.3263116792500483,43
2585,16,33494,33494,0,0,0,0,1.0,1.0,1.0,1.0,1.0,1,0.19403561300932853,44
2586,21,33515,33515,0,0,0,0,1.0,1.0,1.0,1.0,1.0,1,0.2954776957007819,43
2587,21,33536,33536,0,0,0,0,1.0,1.0,1.0,1.0,1.0,1,0.27945158509562573,44
2588,8,33544,33544,0,0,0,0,1.0,1.0,1.0,1.0,1.0,1,0.21702940158357978,44
2589,18,33562,33562,0,0,0,0,1.0,1.0,1.0,1.0,1.0,1,0.3799081950487805,44
2590,17,33579,33579,0,0,0,0,1.0,1.0,1.0,1.0,1.0,1,0.36905734253679306,44
2591,8,33587,33587,0,0,0,0,1.0,1.0,1.0,1.0,1.0,1,0.33363377943863154,44
2592,12,33599,33599,0,0,0,0,1.0,1.0,1.0,1.0,1.0,1,0.3485234810599221,44
2593,6,33605,33605,0,0,0,0,1.0,1.0,1.0,1.0,1.0,1,0.4193963049228044,43
2594,16,33621,33621,0,0,0,0,1.0,1.0,1.0,1.0,1.0,1,0.3292582877826467,48
2595,15,33636,33636,0,0,0,0,1.0,1.0,1.0,1.0,1.0,1,0.37097119929430944,45
2596,13,33649,33649,0,0,0,0,1.0,1.0,1.0,1.0,1.0,1,0.29850505090000584,46
2597,10,33659,33659,0,0,0,0,1.0,1.0,1.0,1.0,1.0,1,0.42801595066515785,45
2598,15,33674,33674,0,0,0,0,1.0,1.0,1.0,1.0,1.0,1,0.4616953560103737,45
2599,8,33682,33682,0,0,0,0,1.0,1.0,1.0,1.0,1.0,1,0.4160301317766713,45
2600,13,33695,33695,0,0,0,0,1.0,1.0,1.0,1.0,1.0,1,0.4765666510255558,48
2601,14,33709,33709,0,0,0,0,1.0,1.0,1.0,1.0,1.0,1,0.4890145377600612,47
2602,17,33726,33726,0,0,0,0,1.0,1.0,1.0,1.0,1.0,1,0.45943901061266906,48
2603,12,33738,33738,0,0,0,0,1.0,1.0,1.0,1.0,1.0,1,0.43398476844245365,48
2604,9,33747,33747,0,0,0,0,1.0,1.0,1.0,1.0,1.0,1,0.3314259907179172,47
2605,14,33761,33761,0,0,0,0,1.0,1.0,1.0,1.0,1.0,1,0.378935448884901,47
2606,11,33772,33772,0,0,0,0,1.0,1.0,1.0,1.0,1.0,1,0.30664412361676613,46
2607,17,33789,33789,0,0,0,0,1.0,1.0,1.0,1.0,1.0,1,0.2609226228969448,45
2608,18,33807,33807,0,0,0,0,1.0,1.0,1.0,1.0,1.0,1,0.3108169681565692,45
2609,18,33825,33825,0,0,0,0,1.0,1.0,1.0,1.0,1.0,1,0.2533076856989477,44
2610,17,33842,33842,0,0,0,0,1.0,1.0,1.0,1.0,1.0,1,0.2078325481200324,45
2611,14,33856,33856,0,0,0,0,1.0,1.0,1.0,1.0,1.0,1,0.282244904094342,46
2612,20,33876,33876,0,0,0,0,1.0,1.0,1.0,1.0,1.0,1,0.28830301307512246,47
2613,25,33901,33901,0,0,0,0,1.0,1.0,1.0,1.0,1.0,1,0.3077985408364138,48
2614,14,33915,33915,0,0,0,0,1.0,1.0,1.0,1.0,1.0,1,0.3632588766988295,48
2615,17,33932,33932,0,0,0,0,1.0,1.0,1.0,1.0,1.0,1,0.3719670450854671,49
2616,10,33942,33942,0,0,0,0,1.0,1.0,1.0,1.0,1.0,1,0.3013086264307932,49
2617,13,33955,33955,0,0,0,0,1.0,1.0,1.0,1.0,1.0,1,0.3122877616523236,48
2618,17,33972,33972,0,0,0,0,1.0,1.0,1.0,1.0,1.0,1,0.2709127908337894,47
2619,10,33982,33982,0,0,0,0,1.0,1.0,1.0,1.0,1.0,1,0.2855814399702374,50
2620,10,33992,33992,0,0,0,0,1.0,1.0,1.0,1.0,1.0,1,0.30785665427994924,51
2621,14,34006,34006,0,0,0,0,1.0,1.0,1.0,1.0,1.0,1,0.24167175824913076,52
2622,9,34015,34015,0,0,0,0,1.0,1.0,1.0,1.0,1.0,1,0.30299361596010255,52
2623,8,34023,34023,0,0,0,0,1.0,1.0,1.0,1.0,1.0,1,0.32905308723793103,53
2624,17,34040,34040,0,0,0,0,1.0,1.0,1.0,1.0,1.0,1,0.35897670398621434,51
2625,8,34048,34048,0,0,0,0,1.0,1.0,1.0,1.0,1.0,1,0.34055631528121616,50
2626,13,34061,34061,0,0,0,0,1.0,1.0,1.0,1.0,1.0,1,0.2797951254922293,49
2627,10,34071,34071,0,0,0,0,1.0,1.0,1.0,1.0,1.0,1,0.3028719538633345,48
2628,9,34080,34080,0,0,0,0,1.0,1.0,1.0,1.0,1.0,1,0.3916540081614094,48
2629,12,34092,34092,0,0,0,0,1.0,1.0,1.0,1.0,1.0,1,0.35667600013094497,47
2630,11,34103,34103,0,0,0,0,1.0,1.0,1.0,1.0,1.0,1,0.4575089511612925,47
2631,12,34115,34115,0,0,0,0,1.0,1.0,1.0,1.0,1.0,1,0.40351540556200655,47
2632,11,34126,34126,0,0,0,0,1.0,1.0,1.0,1.0,1.0,1,0.34747263897231506,47
2633,16,34142,34142,0,0,0,0,1.0,1.0,1.0,1.0,1.0,1,0.349203914914116,44
2634,19,34161,34161,0,0,0,0,1.0,1.0,1.0,1.0,1.0,1,0.30327744450800453,44
2635,20,34181,34181,0,0,0,0,1.0,1.0,1.0,1.0,1.0,1,0.401006289468735,45
2636,20,34201,34201,0,0,0,0,1.0,1.0,1.0,1.0,1.0,1,0.2814645288036468,40
2637,16,34217,34217,0,0,0,0,1.0,1.0,1.0,1.0,1.0,1,0.3768272738323316,41
2638,13,34230,34230,0,0,0,0,1.0,1.0,1.0,1.0,1.0,1,0.31629412922931954,38
2639,13,34243,34243,0,0,0,0,1.0,1.0,1.0,1.0,1.0,1,0.3468701760968215,39
2640,17,34260,34260,0,0,0,0,1.0,1.0,1.0,1.0,1.0,1,0.3608167629292836,38
2641,14,34274,34274,0,0,0,0,1.0,1.0,1.0,1.0,1.0,1,0.3333826532644924,37
2642,11,34285,34285,0,0,0,0,1.0,1.0,1.0,1.0,1.0,1,0.3829531967901268,38
2643,8,34293,34293,0,0,0,0,1.0,1.0,1.0,1.0,1.0,1,0.3489382956702871,37
2644,6,34299,34299,0,0,0,0,1.0,1.0,1.0,1.0,1.0,1,0.3293387948488476,36
2645,14,34313,34313,0,0,0,0,1.0,1.0,1.0,1.0,1.0,1,0.36488182625958737,35
2646,9,34322,34322,0,0,0,0,1.0,1.0,1.0,1.0,1.0,1,0.36307930596795,35
2647,7,34329,34329,0,0,0,0,1.0,1.0,1.0,1.0,1.0,1,0.3649277913603684,35
2648,11,34340,34340,0,0,0,0,1.0,1.0,1.0,1.0,1.0,1,0.40551375786356464,36
2649,11,34351,34351,0,0,0,0,1.0,1.0,1.0,1.0,1.0,1,0.47644340441817723,37
2650,14,34365,34365,0,0,0,0,1.0,1.0,1.0,1.0,1.0,1,0.4328081689401065,39
2651,8,34373,34373,0,0,0,0,1.0,1.0,1.0,1.0,1.0,1,0.42574343297829564,39
2652,7,34380,34380,0,0,0,0,1.0,1.0,1.0,1.0,1.0,1,0.4066495583609146,39
2653,7,34387,34387,0,0,0,0,1.0,1.0,1.0,1.0,1.0,1,0.29739713918018273,39
2654,10,34397,34397,0,0,0,0,1.0,1.0,1.0,1.0,1.0,1,0.3055084133163875,40
2655,6,34403,34403,0,0,0,0,1.0,1.0,1.0,1.0,1.0,1,0.2866477622084298,40
2656,10,34413,34413,0,0,0,0,1.0,1.0,1.0,1.0,1.0,1,0.24376730456267245,39
2657,11,34424,34424,0,0,0,0,1.0,1.0,1.0,1.0,1.0,1,0.2556691476575123,40
2658,13,34437,34437,0,0,0,0,1.0,1.0,1.0,1.0,1.0,1,0.2814214901788887,41
2659,15,34452,34452,0,0,0,0,1.0,1.0,1.0,1.0,1.0,1,0.2941409638140668,41
2660,13,34465,34465,0,0,0,0,1.0,1.0,1.0,1.0,1.0,1,0.26706601568152605,40
2661,8,34473,34473,0,0,0,0,1.0,1.0,1.0,1.0,1.0,1,0.24402399131306846,40
2662,10,34483,34483,0,0,0,0,1.0,1.0,1.0,1.0,1.0,1,0.2910308115423591,42
2663,17,34500,34500,0,0,0,0,1.0,1.0,1.0,1.0,1.0,1,0.32493227419344484,41
2664,5,34505,34505,0,0,0,0,1.0,1.0,1.0,1.0,1.0,1,0.3225737099586512,42
2665,19,34524,34524,0,0,0,0,1.0,1.0,1.0,1.0,1.0,1,0.35087619817008364,43
2666,17,34541,34541,0,0,0,0,1.0,1.0,1.0,1.0,1.0,1,0.31949664419716806,44
2667,8,34549,34549,0,0,0,0,1.0,1.0,1.0,1.0,1.0,1,0.3680284578463816,42
2668,11,34560,34560,0,0,0,0,1.0,1.0,1.0,1.0,1.0,1,0.3468863018298887,41
2669,12,34572,34572,0,0,0,0,1.0,1.0,1.0,1.0,1.0,1,0.4171784186773864,42
2670,16,34588,34588,0,0,0,0,1.0,1.0,1.0,1.0,1.0,1,0.40790853582941045,40
2671,13,34601,34601,0,0,0,0,1.0,1.0,1.0,1.0,1.0,1,0.3345426380753432,39
2672,9,34610,34610,0,0,0,0,1.0,1.0,1.0,1.0,1.0,1,0.4009455176814133,36
2673,16,34626,34626,0,0,0,0,1.0,1.0,1.0,1.0,1.0,1,0.4356705925638362,35
2674,15,34641,34641,0,0,0,0,1.0,1.0,1.0,1.0,1.0,1,0.37725486792572377,33
2675,15,34656,34656,0,0,0,0,1.0,1.0,1.0,1.0,1.0,1,0.3370831428933204,34
2676,14,34670,34670,0,0,0,0,1.0,1.0,1.0,1.0,1.0,1,0.5285146547261121,32
2677,14,34684,34684,0,0,0,0,1.0,1.0,1.0,1.0,1.0,1,0.40625628770008626,33
2678,7,34691,34691,0,0,0,0,1.0,1.0,1.0,1.0,1.0,1,0.48470991700406335,33
2679,14,34705,34705,0,0,0,0,1.0,1.0,1.0,1.0,1.0,1,0.5379799724045751,32
2680,9,34714,34714,0,0,0,0,1.0,1.0,1.0,1.0,1.0,1,0.38952001743037973,32
2681,12,34726,34726,0,0,0,0,1.0,1.0,1.0,1.0,1.0,1,0.2949741239931795,32
2682,10,34736,34736,0,0,0,0,1.0,1.0,1.0,1.0,1.0,1,0.25829623768453613,33
2683,9,34745,34745,0,0,0,0,1.0,1.0,1.0,1.0,1.0,1,0.20042095046290773,32
2684,20,34765,34765,0,0,0,0,1.0,1.0,1.0,1.0,1.0,1,0.30640168808476625,31
2685,17,34782,34782,0,0,0,0,1.0,1.0,1.0,1.0,1.0,1,0.31864857152304354,31
2686,15,34797,34797,0,0,0,0,1.0,1.0,1.0,1.0,1.0,1,0.4353589239722432,30
2687,14,34811,34811,0,0,0,0,1.0,1.0,1.0,1.0,1.0,1,0.353489089347647,30
2688,14,34825,34825,0,0,0,0,1.0,1.0,1.0,1.0,1.0,1,0.40472854448357454,30
2689,17,34842,34842,0,0,0,0,1.0,1.0,1.0,1.0,1.0,1,0.3377988425221459,31
2690,18,34860,34860,0,0,0,0,1.0,1.0,1.0,1.0,1.0,1,0.5594627292985498,31
2691,15,34875,34875,0,0,0,0,1.0,1.0,1.0,1.0,1.0,1,0.2881713246634939,32
2692,17,34892,34892,0,0,0,0,1.0,1.0,1.0,1.0,1.0,1,0.34268855511805274,32
2693,19,34911,34911,0,0,0,0,1.0,1.0,1.0,1.0,1.0,1,0.33621649987193203,33
2694,6,34917,34917,0,0,0,0,1.0,1.0,1.0,1.0,1.0,1,0.26871915977300936,34
2695,13,34930,34930,0,0,0,0,1.0,1.0,1.0,1.0,1.0,1,0.3959883350069202,35
2696,5,34935,34935,0,0,0,0,1.0,1.0,1.0,1.0,1.0,1,0.3498902948073384,35
2697,7,34942,34942,0,0,0,0,1.0,1.0,1.0,1.0,1.0,1,0.2754484450776856,35
2698,6,34948,34948,0,0,0,0,1.0,1.0,1.0,1.0,1.0,1,0.3624302767897022,36
2699,13,34961,34961,0,0,0,0,1.0,1.0,1.0,1.0,1.0,1,0.3184777519465699,36
2700,16,34977,34977,0,0,0,0,1.0,1.0,1.0,1.0,1.0,1,0.36783351722355023,37
2701,12,34989,34989,0,0,0,0,1.0,1.0,1.0,1.0,1.0,1,0.39918194014340674,37
2702,14,35003,35003,0,0,0,0,1.0,1.0,1.0,1.0,1.0,1,0.41866546800171794,37
2703,13,35016,35016,0,0,0,0,1.0,1.0,1.0,1.0,1.0,1,0.32943240875069363,38
2704,8,35024,35024,0,0,0,0,1.0,1.0,1.0,1.0,1.0,1,0.26998437355080873,37
2705,14,35038,35038,0,0,0,0,1.0,1.0,1.0,1.0,1.0,1,0.3231531701825604,36
2706,13,35051,35051,0,0,0,0,1.0,1.0,1.0,1.0,1.0,1,0.4199737223381111,36
2707,7,35058,35058,0,0,0,0,1.0,1.0,1.0,1.0,1.0,1,0.3259305541320758,35
2708,15,35073,35073,0,0,0,0,1.0,1.0,1.0,1.0,1.0,1,0.3291336678093045,36
2709,9,35082,35082,0,0,0,0,1.0,1.0,1.0,1.0,1.0,1,0.2999933197861329,32
2710,6,35088,35088,0,0,0,0,1.0,1.0,1.0,1.0,1.0,1,0.38708524212299583,29
2711,3,35091,35091,0,0,0,0,1.0,1.0,1.0,1.0,1.0,1,0.35182561157111913,29
2712,5,35096,35096,0,0,0,0,1.0,1.0,1.0,1.0,1.0,1,0.4519025387807218,28
2713,8,35104,35104,0,0,0,0,1.0,1.0,1.0,1.0,1.0,1,0.40354182251281046,28
2714,12,35116,35116,0,0,0,0,1.0,1.0,1.0,1.0,1.0,1,0.4043424737664075,26
2715,8,35124,35124,0,0,0,0,1.0,1.0,1.0,1.0,1.0,1,0.37119082241822576,24
2716,7,35131,35131,0,0,0,0,1.0,1.0,1.0,1.0,1.0,1,0.3448872096599241,24
2717,20,35151,35151,0,0,0,0,1.0,1.0,1.0,1.0,1.0,1,0.3257805557952225,25
2718,9,35160,35160,0,0,0,0,1.0,1.0,1.0,1.0,1.0,1,0.22524438959826046,25
2719,13,35173,35173,0,0,0,0,1.0,1.0,1.0,1.0,1.0,1,0.417694234459347,25
2720,14,35187,35187,0,0,0,0,1.0,1.0,1.0,1.0,1.0,1,0.39697711153818743,25
2721,8,35195,35195,0,0,0,0,1.0,1.0,1.0,1.0,1.0,1,0.41972489581373174,25
2722,8,35203,35203,0,0,0,0,1.0,1.0,1.0,1.0,1.0,1,0.42074276819171785,26
2723,8,35211,35211,0,0,0,0,1.0,1.0,1.0,1.0,1.0,1,0.26381920330847364,26
2724,7,35218,35218,0,0,0,0,1.0,1.0,1.0,1.0,1.0,1,0.2678004180482257,27
2725,13,35231,35231,0,0,0,0,1.0,1.0,1.0,1.0,1.0,1,0.2813340467051338,28
2726,7,35238,35238,0,0,0,0,1.0,1.0,1.0,1.0,1.0,1,0.3283948933009315,28
2727,3,35241,35241,0,0,0,0,1.0,1.0,1.0,1.0,1.0,1,0.387883916533633,29
2728,8,35249,35249,0,0,0,0,1.0,1.0,1.0,1.0,1.0,1,0.39924661061489913,29
2729,11,35260,35260,0,0,0,0,1.0,1.0,1.0,1.0,1.0,1,0.31292422326243374,29
2730,13,35273,35273,0,0,0,0,1.0,1.0,1.0,1.0,1.0,1,0.4209148934217957,29
2731,12,35285,35285,0,0,0,0,1.0,1.0,1.0,1.0,1.0,1,0.4378429769386679,30
2732,9,35294,35294,0,0,0,0,1.0,1.0,1.0,1.0,1.0,1,0.34061224982953064,29
2733,11,35305,35305,0,0,0,0,1.0,1.0,1.0,1.0,1.0,1,0.38738768718573074,29
2734,11,35316,35316,0,0,0,0,1.0,1.0,1.0,1.0,1.0,1,0.3791927303413589,29
2735,7,35323,35323,0,0,0,0,1.0,1.0,1.0,1.0,1.0,1,0.3612773751157327,29
2736,9,35332,35332,0,0,0,0,1.0,1.0,1.0,1.0,1.0,1,0.3312636122310039,30
2737,6,35338,35338,0,0,0,0,1.0,1.0,1.0,1.0,1.0,1,0.3489506965366262,30
2738,6,35344,35344,0,0,0,0,1.0,1.0,1.0,1.0,1.0,1,0.2630309504717143,30
2739,4,35348,35348,0,0,0,0,1.0,1.0,1.0,1.0,1.0,1,0.2119082945541292,29
2740,6,35354,35354,0,0,0,0,1.0,1.0,1.0,1.0,1.0,1,0.3374821165554873,29
2741,2,35356,35356,0,0,0,0,1.0,1.0,1.0,1.0,1.0,1,0.336886489467131,28
2742,2,35358,35358,0,0,0,0,1.0,1.0,1.0,1.0,1.0,1,0.34826355799824343,28
2743,2,35360,35360,0,0,0,0,1.0,1.0,1.0,1.0,1.0,1,0.428111355120359,29
2744,3,35363,35363,0,0,0,0,1.0,1.0,1.0,1.0,1.0,1,0.30731593809789914,27
2745,1,35364,35364,0,0,0,0,1.0,1.0,1.0,1.0,1.0,1,0.23384966454229744,25
2746,3,35367,35367,0,0,0,0,1.0,1.0,1.0,1.0,1.0,1,0.285746158922998,25
2747,4,35371,35371,0,0,0,0,1.0,1.0,1.0,1.0,1.0,1,0.282200630003508,23
2748,4,35375,35375,0,0,0,0,1.0,1.0,1.0,1.0,1.0,1,0.3105204551752361,22
2749,3,35378,35378,0,0,0,0,1.0,1.0,1.0,1.0,1.0,1,0.3054542076864656,19
2750,6,35384,35384,0,0,0,0,1.0,1.0,1.0,1.0,1.0,1,0.35736448196123904,18
2751,2,35386,35386,0,0,0,0,1.0,1.0,1.0,1.0,1.0,1,0.5411301488605573,16
2752,2,35388,35388,0,0,0,0,1.0,1.0,1.0,1.0,1.0,1,0.40288278086536594,15
2753,2,35390,35390,0,0,0,0,1.0,1.0,1.0,1.0,1.0,1,0.5505255502354627,15
2754,4,35394,35394,0,0,0,0,1.0,1.0,1.0,1.0,1.0,1,0.5247919479430647,15
2755,4,35398,35398,0,0,0,0,1.0,1.0,1.0,1.0,1.0,1,0.5505255502354627,15
2756,3,35401,35401,0,0,0,0,1.0,1.0,1.0,1.0,1.0,1,0.35773237499020305,16
2757,6,35407,35407,0,0,0,0,1.0,1.0,1.0,1.0,1.0,1,0.3774918163275519,17
2758,5,35412,35412,0,0,0,0,1.0,1.0,1.0,1.0,1.0,1,0.3913094612994182,17
2759,2,35414,35414,0,0,0,0,1.0,1.0,1.0,1.0,1.0,1,0.467918003123362,18
2760,3,35417,35417,0,0,0,0,1.0,1.0,1.0,1.0,1.0,1,0.3413010101168171,18
2761,4,35421,35421,0,0,0,0,1.0,1.0,1.0,1.0,1.0,1,0.5088750504427453,18
2762,11,35432,35432,0,0,0,0,1.0,1.0,1.0,1.0,1.0,1,0.3168608807802376,18
2763,6,35438,35438,0,0,0,0,1.0,1.0,1.0,1.0,1.0,1,0.5017770744835816,17
2764,7,35445,35445,0,0,0,0,1.0,1.0,1.0,1.0,1.0,1,0.5259921674174209,17
2765,6,35451,35451,0,0,0,0,1.0,1.0,1.0,1.0,1.0,1,0.5729512192882221,18
2766,8,35459,35459,0,0,0,0,1.0,1.0,1.0,1.0,1.0,1,0.499860511526057,18
2767,9,35468,35468,0,0,0,0,1.0,1.0,1.0,1.0,1.0,1,0.5430856392391429,18
2768,6,35474,35474,0,0,0,0,1.0,1.0,1.0,1.0,1.0,1,0.5559897089162111,18
2769,5,35479,35479,0,0,0,0,1.0,1.0,1.0,1.0,1.0,1,0.5324399649843996,18
2770,9,35488,35488,0,0,0,0,1.0,1.0,1.0,1.0,1.0,1,0.581662690133533,18
2771,6,35494,35494,0,0,0,0,1.0,1.0,1.0,1.0,1.0,1,0.47939481123984035,18
2772,6,35500,35500,0,0,0,0,1.0,1.0,1.0,1.0,1.0,1,0.4664474152261516,18
2773,7,35507,35507,0,0,0,0,1.0,1.0,1.0,1.0,1.0,1,0.5105376050172133,18
2774,7,35514,35514,0,0,0,0,1.0,1.0,1.0,1.0,1.0,1,0.3854686123781632,20
2775,6,35520,35520,0,0,0,0,1.0,1.0,1.0,1.0,1.0,1,0.2871254811177991,21
2776,4,35524,35524,0,0,0,0,1.0,1.0,1.0,1.0,1.0,1,0.24821860572030013,21
2777,7,35531,35531,0,0,0,0,1.0,1.0,1.0,1.0,1.0,1,0.3064848056529187,22
2778,5,35536,35536,0,0,0,0,1.0,1.0,1.0,1.0,1.0,1,0.31161241549092406,24
2779,7,35543,35543,0,0,0,0,1.0,1.0,1.0,1.0,1.0,1,0.3444650700607123,24
2780,4,35547,35547,0,0,0,0,1.0,1.0,1.0,1.0,1.0,1,0.2934599995205792,24
2781,3,35550,35550,0,0,0,0,1.0,1.0,1.0,1.0,1.0,1,0.3522497790038724,24
2782,7,35557,35557,0,0,0,0,1.0,1.0,1.0,1.0,1.0,1,0.32740931333993506,24
2783,3,35560,35560,0,0,0,0,1.0,1.0,1.0,1.0,1.0,1,0.3498867324933839,24
2784,6,35566,35566,0,0,0,0,1.0,1.0,1.0,1.0,1.0,1,0.31779268551894163,24
2785,3,35569,35569,0,0,0,0,1.0,1.0,1.0,1.0,1.0,1,0.25797136940468446,22
2786,6,35575,35575,0,0,0,0,1.0,1.0,1.0,1.0,1.0,1,0.3058025896289587,22
2787,5,35580,35580,0,0,0,0,1.0,1.0,1.0,1.0,1.0,1,0.2507372834878374,21
2788,3,35583,35583,0,0,0,0,1.0,1.0,1.0,1.0,1.0,1,0.29900562882434417,20
2789,2,35585,35585,0,0,0,0,1.0,1.0,1.0,1.0,1.0,1,0.22927122468191602,20
2790,4,35589,35589,0,0,0,0,1.0,1.0,1.0,1.0,1.0,1,0.22683184860916722,21
2791,5,35594,35594,0,0,0,0,1.0,1.0,1.0,1.0,1.0,1,0.21994060416028424,21
2792,4,35598,35598,0,0,0,0,1.0,1.0,1.0,1.0,1.0,1,0.25047207284150924,21
2793,6,35604,35604,0,0,0,0,1.0,1.0,1.0,1.0,1.0,1,0.282846608776161,18
2794,2,35606,35606,0,0,0,0,1.0,1.0,1.0,1.0,1.0,1,0.2402425769140822,18
2795,4,35610,35610,0,0,0,0,1.0,1.0,1.0,1.0,1.0,1,0.2167082571083798,20
2796,8,35618,35618,0,0,0,0,1.0,1.0,1.0,1.0,1.0,1,0.1741470029357255,21
2797,3,35621,35621,0,0,0,0,1.0,1.0,1.0,1.0,1.0,1,0.1741112752427113,21
2798,6,35627,35627,0,0,0,0,1.0,1.0,1.0,1.0,1.0,1,0.17151814010881358,21
2799,6,35633,35633,0,0,0,0,1.0,1.0,1.0,1.0,1.0,1,0.26642215679487996,22
2800,13,35646,35646,0,0,0,0,1.0,1.0,1.0,1.0,1.0,1,0.23935197959156126,22
2801,5,35651,35651,0,0,0,0,1.0,1.0,1.0,1.0,1.0,1,0.24105779387038967,22
2802,8,35659,35659,0,0,0,0,1.0,1.0,1.0,1.0,1.0,1,0.19032474269864139,22
2803,1,35660,35660,0,0,0,0,1.0,1.0,1.0,1.0,1.0,1,0.22269186316535525,22
2804,5,35665,35665,0,0,0,0,1.0,1.0,1.0,1.0,1.0,1,0.236987417473119,23
2805,4,35669,35669,0,0,0,0,1.0,1.0,1.0,1.0,1.0,1,0.27954110598406706,23
2806,3,35672,35672,0,0,0,0,1.0,1.0,1.0,1.0,1.0,1,0.31691904542256366,23
2807,4,35676,35676,0,0,0,0,1.0,1.0,1.0,1.0,1.0,1,0.3812549555426532,24
2808,3,35679,35679,0,0,0,0,1.0,1.0,1.0,1.0,1.0,1,0.3609405307857891,24
2809,7,35686,35686,0,0,0,0,1.0,1.0,1.0,1.0,1.0,1,0.29088567387799896,25
2810,5,35691,35691,0,0,0,0,1.0,1.0,1.0,1.0,1.0,1,0.32832100307616324,24
2811,10,35701,35701,0,0,0,0,1.0,1.0,1.0,1.0,1.0,1,0.3613929939675288,26
2812,10,35711,35711,0,0,0,0,1.0,1.0,1.0,1.0,1.0,1,0.32844516716507755,26
2813,5,35716,35716,0,0,0,0,1.0,1.0,1.0,1.0,1.0,1,0.3382696169656961,27
2814,19,35735,35735,0,0,0,0,1.0,1.0,1.0,1.0,1.0,1,0.3784458288748606,29
2815,11,35746,35746,0,0,0,0,1.0,1.0,1.0,1.0,1.0,1,0.33295232768318694,29
2816,7,35753,35753,0,0,0,0,1.0,1.0,1.0,1.0,1.0,1,0.3035805706382583,29
2817,10,35763,35763,0,0,0,0,1.0,1.0,1.0,1.0,1.0,1,0.3393677964300348,29
2818,10,35773,35773,0,0,0,0,1.0,1.0,1.0,1.0,1.0,1,0.3620922690605301,29
2819,10,35783,35783,0,0,0,0,1.0,1.0,1.0,1.0,1.0,1,0.401810144039979,30
2820,12,35795,35795,0,0,0,0,1.0,1.0,1.0,1.0,1.0,1,0.3058647278256478,30
2821,15,35810,35810,0,0,0,0,1.0,1.0,1.0,1.0,1.0,1,0.3015863892200038,31
2822,10,35820,35820,0,0,0,0,1.0,1.0,1.0,1.0,1.0,1,0.3407379415561569,30
2823,12,35832,35832,0,0,0,0,1.0,1.0,1.0,1.0,1.0,1,0.3194720015408884,27
2824,12,35844,35844,0,0,0,0,1.0,1.0,1.0,1.0,1.0,1,0.43629870453538727,28
2825,15,35859,35859,0,0,0,0,1.0,1.0,1.0,1.0,1.0,1,0.2981991884240312,28
2826,14,35873,35873,0,0,0,0,1.0,1.0,1.0,1.0,1.0,1,0.2982376275771291,27
2827,12,35885,35885,0,0,0,0,1.0,1.0,1.0,1.0,1.0,1,0.2763493483325374,28
2828,15,35900,35900,0,0,0,0,1.0,1.0,1.0,1.0,1.0,1,0.29723990180763155,28
2829,10,35910,35910,0,0,0,0,1.0,1.0,1.0,1.0,1.0,1,0.3451607983690601,27
2830,6,35916,35916,0,0,0,0,1.0,1.0,1.0,1.0,1.0,1,0.20871200562870418,27
2831,5,35921,35921,0,0,0,0,1.0,1.0,1.0,1.0,1.0,1,0.3758885157963758,27
2832,9,35930,35930,0,0,0,0,1.0,1.0,1.0,1.0,1.0,1,0.3253866482897626,27
2833,8,35938,35938,0,0,0,0,1.0,1.0,1.0,1.0,1.0,1,0.3495817433682267,26
2834,13,35951,35951,0,0,0,0,1.0,1.0,1.0,1.0,1.0,1,0.485398528935486,26
2835,5,35956,35956,0,0,0,0,1.0,1.0,1.0,1.0,1.0,1,0.32110295264913247,25
2836,10,35966,35966,0,0,0,0,1.0,1.0,1.0,1.0,1.0,1,0.4092014182191726,27
2837,12,35978,35978,0,0,0,0,1.0,1.0,1.0,1.0,1.0,1,0.5364605398580142,27
2838,13,35991,35991,0,0,0,0,1.0,1.0,1.0,1.0,1.0,1,0.4770477153022076,27
2839,16,36007,36007,0,0,0,0,1.0,1.0,1.0,1.0,1.0,1,0.3681806900987975,29
2840,13,36020,36020,0,0,0,0,1.0,1.0,1.0,1.0,1.0,1,0.4071367339660674,29
2841,14,36034,36034,0,0,0,0,1.0,1.0,1.0,1.0,1.0,1,0.3448812977150722,31
2842,18,36052,36052,0,0,0,0,1.0,1.0,1.0,1.0,1.0,1,0.36804097350405235,31
2843,14,36066,36066,0,0,0,0,1.0,1.0,1.0,1.0,1.0,1,0.28126507607291845,32
2844,14,36080,36080,0,0,0,0,1.0,1.0,1.0,1.0,1.0,1,0.29702879451800085,33
2845,14,36094,36094,0,0,0,0,1.0,1.0,1.0,1.0,1.0,1,0.25574809960117884,32
2846,8,36102,36102,0,0,0,0,1.0,1.0,1.0,1.0,1.0,1,0.3207342566300634,33
2847,6,36108,36108,0,0,0,0,1.0,1.0,1.0,1.0,1.0,1,0.3594130662071005,32
2848,8,36116,36116,0,0,0,0,1.0,1.0,1.0,1.0,1.0,1,0.30363110929507126,33
2849,8,36124,36124,0,0,0,0,1.0,1.0,1.0,1.0,1.0,1,0.39482527110672627,34
2850,7,36131,36131,0,0,0,0,1.0,1.0,1.0,1.0,1.0,1,0.3080941974616327,34
2851,7,36138,36138,0,0,0,0,1.0,1.0,1.0,1.0,1.0,1,0.2570311024367983,34
2852,8,36146,36146,0,0,0,0,1.0,1.0,1.0,1.0,1.0,1,0.2769741455892594,35
2853,10,36156,36156,0,0,0,0,1.0,1.0,1.0,1.0,1.0,1,0.32925474364853213,36
2854,13,36169,36169,0,0,0,0,1.0,1.0,1.0,1.0,1.0,1,0.3806048467702703,37
2855,13,36182,36182,0,0,0,0,1.0,1.0,1.0,1.0,1.0,1,0.44667699712923153,38
2856,11,36193,36193,0,0,0,0,1.0,1.0,1.0,1.0,1.0,1,0.35959875241929173,38
2857,10,36203,36203,0,0,0,0,1.0,1.0,1.0,1.0,1.0,1,0.34483637049089305,39
2858,13,36216,36216,0,0,0,0,1.0,1.0,1.0,1.0,1.0,1,0.39986225492040084,40
2859,16,36232,36232,0,0,0,0,1.0,1.0,1.0,1.0,1.0,1,0.3448405715498503,40
2860,11,36243,36243,0,0,0,0,1.0,1.0,1.0,1.0,1.0,1,0.3273144657630868,40
2861,13,36256,36256,0,0,0,0,1.0,1.0,1.0,1.0,1.0,1,0.40057471547889845,38
2862,14,36270,36270,0,0,0,0,1.0,1.0,1.0,1.0,1.0,1,0.3493692099948792,38
2863,13,36283,36283,0,0,0,0,1.0,1.0,1.0,1.0,1.0,1,0.43661445818569833,38
2864,15,36298,36298,0,0,0,0,1.0,1.0,1.0,1.0,1.0,1,0.3760700219872745,36
2865,12,36310,36310,0,0,0,0,1.0,1.0,1.0,1.0,1.0,1,0.3511212511892509,34
2866,10,36320,36320,0,0,0,0,1.0,1.0,1.0,1.0,1.0,1,0.5519444688703703,31
2867,6,36326,36326,0,0,0,0,1.0,1.0,1.0,1.0,1.0,1,0.4537480088322022,30
2868,7,36333,36333,0,0,0,0,1.0,1.0,1.0,1.0,1.0,1,0.5426755456217476,27
2869,9,36342,36342,0,0,0,0,1.0,1.0,1.0,1.0,1.0,1,0.4899736581148631,27
2870,12,36354,36354,0,0,0,0,1.0,1.0,1.0,1.0,1.0,1,0.6462921879675669,25
2871,6,36360,36360,0,0,0,0,1.0,1.0,1.0,1.0,1.0,1,0.5240244956103267,25
2872,9,36369,36369,0,0,0,0,1.0,1.0,1.0,1.0,1.0,1,0.39716861872445275,23
2873,16,36385,36385,0,0,0,0,1.0,1.0,1.0,1.0,1.0,1,0.4803197748717949,24
2874,16,36401,36401,0,0,0,0,1.0,1.0,1.0,1.0,1.0,1,0.43147019692697713,24
2875,12,36413,36413,0,0,0,0,1.0,1.0,1.0,1.0,1.0,1,0.43794718137407135,23
2876,8,36421,36421,0,0,0,0,1.0,1.0,1.0,1.0,1.0,1,0.424655449152198,24
2877,15,36436,36436,0,0,0,0,1.0,1.0,1.0,1.0,1.0,1,0.4830771853454393,24
2878,15,36451,36451,0,0,0,0,1.0,1.0,1.0,1.0,1.0,1,0.4578510249603065,24
2879,15,36466,36466,0,0,0,0,1.0,1.0,1.0,1.0,1.0,1,0.536765951192965,25
2880,14,36480,36480,0,0,0,0,1.0,1.0,1.0,1.0,1.0,1,0.3832993763699279,26
2881,20,36500,36500,0,0,0,0,1.0,1.0,1.0,1.0,1.0,1,0.587466747371908,26
2882,11,36511,36511,0,0,0,0,1.0,1.0,1.0,1.0,1.0,1,0.49278230724871536,27
2883,13,36524,36524,0,0,0,0,1.0,1.0,1.0,1.0,1.0,1,0.5383987100056781,28
2884,15,36539,36539,0,0,0,0,1.0,1.0,1.0,1.0,1.0,1,0.49381930295086357,29
2885,19,36558,36558,0,0,0,0,1.0,1.0,1.0,1.0,1.0,1,0.41630680939074394,31
2886,9,36567,36567,0,0,0,0,1.0,1.0,1.0,1.0,1.0,1,0.4406671919226027,31
2887,20,36587,36587,0,0,0,0,1.0,1.0,1.0,1.0,1.0,1,0.4378244391293487,33
2888,21,36608,36608,0,0,0,0,1.0,1.0,1.0,1.0,1.0,1,0.39391254464796494,34
2889,27,36635,36635,0,0,0,0,1.0,1.0,1.0,1.0,1.0,1,0.38710266223063905,35
2890,22,36657,36657,0,0,0,0,1.0,1.0,1.0,1.0,1.0,1,0.5089998486836295,35
2891,26,36683,36683,0,0,0,0,1.0,1.0,1.0,1.0,1.0,1,0.6104919284242456,35
2892,19,36702,36702,0,0,0,0,1.0,1.0,1.0,1.0,1.0,1,0.5811668803166088,35
2893,15,36717,36717,0,0,0,0,1.0,1.0,1.0,1.0,1.0,1,0.515157095952658,37
2894,10,36727,36727,0,0,0,0,1.0,1.0,1.0,1.0,1.0,1,0.5183394528372902,37
2895,14,36741,36741,0,0,0,0,1.0,1.0,1.0,1.0,1.0,1,0.5196630529901174,37
2896,18,36759,36759,0,0,0,0,1.0,1.0,1.0,1.0,1.0,1,0.5088414446633116,38
2897,14,36773,36773,0,0,0,0,1.0,1.0,1.0,1.0,1.0,1,0.5383901057478233,37
2898,11,36784,36784,0,0,0,0,1.0,1.0,1.0,1.0,1.0,1,0.5575034784670753,38
2899,15,36799,36799,0,0,0,0,1.0,1.0,1.0,1.0,1.0,1,0.49317055891131867,37
2900,13,36812,36812,0,0,0,0,1.0,1.0,1.0,1.0,1.0,1,0.49618986804909837,36
2901,18,36830,36830,0,0,0,0,1.0,1.0,1.0,1.0,1.0,1,0.35762271817492064,37
2902,13,36843,36843,0,0,0,0,1.0,1.0,1.0,1.0,1.0,1,0.5606735361128373,35
2903,12,36855,36855,0,0,0,0,1.0,1.0,1.0,1.0,1.0,1,0.5563339856801411,35
2904,28,36883,36883,0,0,0,0,1.0,1.0,1.0,1.0,1.0,1,0.5136286381687123,33
2905,15,36898,36898,0,0,0,0,1.0,1.0,1.0,1.0,1.0,1,0.5817736307499377,34
2906,13,36911,36911,0,0,0,0,1.0,1.0,1.0,1.0,1.0,1,0.6310259717444361,34
2907,15,36926,36926,0,0,0,0,1.0,1.0,1.0,1.0,1.0,1,0.5723177825836457,35
2908,17,36943,36943,0,0,0,0,1.0,1.0,1.0,1.0,1.0,1,0.5225079383469947,36
2909,14,36957,36957,0,0,0,0,1.0,1.0,1.0,1.0,1.0,1,0.614329460299798,38
2910,23,36980,36980,0,0,0,0,1.0,1.0,1.0,1.0,1.0,1,0.5334229049378775,38
2911,10,36990,36990,0,0,0,0,1.0,1.0,1.0,1.0,1.0,1,0.5212369566757872,37
2912,10,37000,37000,0,0,0,0,1.0,1.0,1.0,1.0,1.0,1,0.6085862899621992,37
2913,26,37026,37026,0,0,0,0,1.0,1.0,1.0,1.0,1.0,1,0.4676890543202685,38
2914,20,37046,37046,0,0,0,0,1.0,1.0,1.0,1.0,1.0,1,0.5142147985645835,38
2915,14,37060,37060,0,0,0,0,1.0,1.0,1.0,1.0,1.0,1,0.48540693623704206,39
2916,18,37078,37078,0,0,0,0,1.0,1.0,1.0,1.0,1.0,1,0.33927753120002674,40
2917,13,37091,37091,0,0,0,0,1.0,1.0,1.0,1.0,1.0,1,0.3808840623444634,41
2918,9,37100,37100,0,0,0,0,1.0,1.0,1.0,1.0,1.0,1,0.45809475809354294,41
2919,10,37110,37110,0,0,0,0,1.0,1.0,1.0,1.0,1.0,1,0.4660941823745334,41
2920,10,37120,37120,0,0,0,0,1.0,1.0,1.0,1.0,1.0,1,0.4667538438495614,43
2921,12,37132,37132,0,0,0,0,1.0,1.0,1.0,1.0,1.0,1,0.5182609421481541,42
2922,16,37148,37148,0,0,0,0,1.0,1.0,1.0,1.0,1.0,1,0.44300549490739044,43
2923,15,37163,37163,0,0,0,0,1.0,1.0,1.0,1.0,1.0,1,0.39862132111148435,44
2924,16,37179,37179,0,0,0,0,1.0,1.0,1.0,1.0,1.0,1,0.33971670098783485,45
2925,8,37187,37187,0,0,0,0,1.0,1.0,1.0,1.0,1.0,1,0.3897920828349474,45
2926,13,37200,37200,0,0,0,0,1.0,1.0,1.0,1.0,1.0,1,0.3197342226068684,47
2927,17,37217,37217,0,0,0,0,1.0,1.0,1.0,1.0,1.0,1,0.36550499306613055,47
2928,7,37224,37224,0,0,0,0,1.0,1.0,1.0,1.0,1.0,1,0.3250448322868385,48
2929,9,37233,37233,0,0,0,0,1.0,1.0,1.0,1.0,1.0,1,0.3866453512514716,48
2930,13,37246,37246,0,0,0,0,1.0,1.0,1.0,1.0,1.0,1,0.4472824885097801,50
2931,9,37255,37255,0,0,0,0,1.0,1.0,1.0,1.0,1.0,1,0.34598533938130094,51
2932,9,37264,37264,0,0,0,0,1.0,1.0,1.0,1.0,1.0,1,0.361222628447945,51
2933,11,37275,37275,0,0,0,0,1.0,1.0,1.0,1.0,1.0,1,0.34137135761611337,52
2934,16,37291,37291,0,0,0,0,1.0,1.0,1.0,1.0,1.0,1,0.43900215058517006,52
2935,7,37298,37298,0,0,0,0,1.0,1.0,1.0,1.0,1.0,1,0.46600898747095854,51
2936,11,37309,37309,0,0,0,0,1.0,1.0,1.0,1.0,1.0,1,0.3875900403047801,49
2937,15,37324,37324,0,0,0,0,1.0,1.0,1.0,1.0,1.0,1,0.3529732934378542,50
2938,10,37334,37334,0,0,0,0,1.0,1.0,1.0,1.0,1.0,1,0.40130681587940426,50
2939,6,37340,37340,0,0,0,0,1.0,1.0,1.0,1.0,1.0,1,0.3995413159757439,51
2940,13,37353,37353,0,0,0,0,1.0,1.0,1.0,1.0,1.0,1,0.3431189244683511,52
2941,15,37368,37368,0,0,0,0,1.0,1.0,1.0,1.0,1.0,1,0.412897049271614,53
2942,8,37376,37376,0,0,0,0,1.0,1.0,1.0,1.0,1.0,1,0.41988793964336407,52
2943,14,37390,37390,0,0,0,0,1.0,1.0,1.0,1.0,1.0,1,0.39985697321817154,51
2944,13,37403,37403,0,0,0,0,1.0,1.0,1.0,1.0,1.0,1,0.41030483831261944,52
2945,22,37425,37425,0,0,0,0,1.0,1.0,1.0,1.0,1.0,1,0.40344996826540874,50
2946,27,37452,37452,0,0,0,0,0.975909746404872,0.9465824811586294,0.975909746404872,0.9465824811586294,1.0,1,0.4552617294762346,51
2947,20,37472,37472,0,0,0,0,1.0,1.0,1.0,1.0,1.0,1,0.4636606407216254,50
2948,16,37488,37488,0,0,0,0,1.0,1.0,1.0,1.0,1.0,1,0.5196855574727651,50
2949,21,37509,37509,0,0,0,0,1.0,1.0,1.0,1.0,1.0,1,0.4781137717787021,49
2950,11,37520,37520,0,0,0,0,1.0,1.0,1.0,1.0,1.0,1,0.5568800489369945,48
2951,11,37531,37531,0,0,0,0,1.0,1.0,1.0,1.0,1.0,1,0.5710205112515345,48
2952,20,37551,37551,0,0,0,0,1.0,1.0,1.0,1.0,1.0,1,0.5692130468260181,46
2953,21,37572,37572,0,0,0,0,1.0,1.0,1.0,1.0,1.0,1,0.5737066185606148,46
2954,15,37587,37587,0,0,0,0,1.0,1.0,1.0,1.0,1.0,1,0.5401270770903901,48
2955,20,37607,37607,0,0,0,0,1.0,1.0,1.0,1.0,1.0,1,0.4472920214300639,48
2956,17,37624,37624,0,0,0,0,1.0,1.0,1.0,1.0,1.0,1,0.4426458489808414,47
2957,17,37641,37641,0,0,0,0,1.0,1.0,1.0,1.0,1.0,1,0.3674264705715234,48
2958,20,37661,37661,0,0,0,0,1.0,1.0,1.0,1.0,1.0,1,0.41348393467225236,49
2959,13,37674,37674,0,0,0,0,1.0,1.0,1.0,1.0,1.0,1,0.2855442273707112,49
2960,17,37691,37691,0,0,0,0,1.0,1.0,1.0,1.0,1.0,1,0.38682259267936897,49
2961,26,37717,37717,0,0,0,0,1.0,1.0,1.0,1.0,1.0,1,0.3609146552075187,51
2962,11,37728,37728,0,0,0,0,1.0,1.0,1.0,1.0,1.0,1,0.38851959633699906,51
2963,12,37740,37740,0,0,0,0,1.0,1.0,1.0,1.0,1.0,1,0.4624426070872009,51
2964,8,37748,37748,0,0,0,0,1.0,1.0,1.0,1.0,1.0,1,0.3788164876219998,52
2965,6,37754,37754,0,0,0,0,1.0,1.0,1.0,1.0,1.0,1,0.4229824621218964,53
2966,14,37768,37768,0,0,0,0,1.0,1.0,1.0,1.0,1.0,1,0.43589679319227165,53
2967,10,37778,37778,0,0,0,0,1.0,1.0,1.0,1.0,1.0,1,0.42544910094492794,53
2968,8,37786,37786,0,0,0,0,1.0,1.0,1.0,1.0,1.0,1,0.462460527465644,54
2969,5,37791,37791,0,0,0,0,1.0,1.0,1.0,1.0,1.0,1,0.49735316945593133,55
2970,9,37800,37800,0,0,0,0,1.0,1.0,1.0,1.0,1.0,1,0.4315811687598077,55
2971,9,37809,37809,0,0,0,0,1.0,1.0,1.0,1.0,1.0,1,0.502064229244109,55
2972,8,37817,37817,0,0,0,0,1.0,1.0,1.0,1.0,1.0,1,0.562832875193816,55
2973,3,37820,37820,0,0,0,0,1.0,1.0,1.0,1.0,1.0,1,0.556773142517712,55
2974,14,37834,37834,0,0,0,0,1.0,1.0,1.0,1.0,1.0,1,0.4770146563308847,56
2975,12,37846,37846,0,0,0,0,1.0,1.0,1.0,1.0,1.0,1,0.5393383855344959,55
2976,9,37855,37855,0,0,0,0,1.0,1.0,1.0,1.0,1.0,1,0.4849059002079625,57
2977,13,37868,37868,0,0,0,0,1.0,1.0,1.0,1.0,1.0,1,0.511151370461753,59
2978,12,37880,37880,0,0,0,0,1.0,1.0,1.0,1.0,1.0,1,0.4035542215827819,59
2979,9,37889,37889,0,0,0,0,1.0,1.0,1.0,1.0,1.0,1,0.4063479615439636,59
2980,24,37913,37913,0,0,0,0,1.0,1.0,1.0,1.0,1.0,1,0.4324613959957409,59
2981,12,37925,37925,0,0,0,0,1.0,1.0,1.0,1.0,1.0,1,0.3644067609506713,59
2982,15,37940,37940,0,0,0,0,1.0,1.0,1.0,1.0,1.0,1,0.3783866175320163,61
2983,25,37965,37965,0,0,0,0,1.0,1.0,1.0,1.0,1.0,1,0.24784721604110668,61
2984,31,37996,37996,0,0,0,0,1.0,1.0,1.0,1.0,1.0,1,0.2583142566691451,61
2985,24,38020,38020,0,0,0,0,1.0,1.0,1.0,1.0,1.0,1,0.35274621362772773,57
2986,19,38039,38039,0,0,0,0,1.0,1.0,1.0,1.0,1.0,1,0.3016912092421731,58
2987,21,38060,38060,0,0,0,0,1.0,1.0,1.0,1.0,1.0,1,0.27336587954012914,56
2988,16,38076,38076,0,0,0,0,1.0,1.0,1.0,1.0,1.0,1,0.34696126942984357,55
2989,15,38091,38091,0,0,0,0,1.0,1.0,1.0,1.0,1.0,1,0.312997164778286,53
2990,18,38109,38109,0,0,0,0,1.0,1.0,1.0,1.0,1.0,1,0.2665453519339442,52
2991,16,38125,38125,0,0,0,0,1.0,1.0,1.0,1.0,1.0,1,0.3297593843196292,54
2992,17,38142,38142,0,0,0,0,1.0,1.0,1.0,1.0,1.0,1,0.32253913429344955,55
2993,7,38149,38149,0,0,0,0,1.0,1.0,1.0,1.0,1.0,1,0.36402150531931954,53
2994,4,38153,38153,0,0,0,0,1.0,1.0,1.0,1.0,1.0,1,0.3077787112559224,53
2995,11,38164,38164,0,0,0,0,1.0,1.0,1.0,1.0,1.0,1,0.3741711128161574,51
2996,9,38173,38173,0,0,0,0,1.0,1.0,1.0,1.0,1.0,1,0.4040027591527155,52
2997,8,38181,38181,0,0,0,0,1.0,1.0,1.0,1.0,1.0,1,0.34217790373956547,50
2998,8,38189,38189,0,0,0,0,1.0,1.0,1.0,1.0,1.0,1,0.40495922894840486,51
2999,14,38203,38203,0,0,0,0,1.0,1.0,1.0,1.0,1.0,1,0.4029299129909782,48
3000,8,38211,38211,0,0,0,0,1.0,1.0,1.0,1.0,1.0,1,0.41383579073455157,48
3001,11,38222,38222,0,0,0,0,1.0,1.0,1.0,1.0,1.0,1,0.4401642700150223,49
3002,11,38233,38233,0,0,0,0,1.0,1.0,1.0,1.0,1.0,1,0.4809182156233617,50
3003,7,38240,38240,0,0,0,0,1.0,1.0,1.0,1.0,1.0,1,0.4725859024850689,50
3004,9,38249,38249,0,0,0,0,1.0,1.0,1.0,1.0,1.0,1,0.44463119468741064,51
3005,10,38259,38259,0,0,0,0,1.0,1.0,1.0,1.0,1.0,1,0.37081594387614686,50
3006,10,38269,38269,0,0,0,0,1.0,1.0,1.0,1.0,1.0,1,0.35698365830923007,51
3007,8,38277,38277,0,0,0,0,1.0,1.0,1.0,1.0,1.0,1,0.3985194260269897,51
3008,25,38302,38302,0,0,0,0,1.0,1.0,1.0,1.0,1.0,1,0.3732507028475494,53
3009,15,38317,38317,0,0,0,0,1.0,1.0,1.0,1.0,1.0,1,0.2676644262775623,52
3010,12,38329,38329,0,0,0,0,1.0,1.0,1.0,1.0,1.0,1,0.21542287739500865,52
3011,14,38343,38343,0,0,0,0,1.0,1.0,1.0,1.0,1.0,1,0.33309272038900795,51
3012,18,38361,38361,0,0,0,0,1.0,1.0,1.0,1.0,1.0,1,0.24989000478977053,54
3013,25,38386,38386,0,0,0,0,1.0,1.0,1.0,1.0,1.0,1,0.33431885526744126,52
3014,15,38401,38401,0,0,0,0,1.0,1.0,1.0,1.0,1.0,1,0.25397881822325435,51
3015,17,38418,38418,0,0,0,0,1.0,1.0,1.0,1.0,1.0,1,0.31736159593234375,50
3016,18,38436,38436,0,0,0,0,1.0,1.0,1.0,1.0,1.0,1,0.3302343055695848,50
3017,15,38451,38451,0,0,0,0,1.0,1.0,1.0,1.0,1.0,1,0.30572958364802816,48
3018,9,38460,38460,0,0,0,0,1.0,1.0,1.0,1.0,1.0,1,0.3818902386161245,48
3019,21,38481,38481,0,0,0,0,1.0,1.0,1.0,1.0,1.0,1,0.37683510827916494,47
3020,16,38497,38497,0,0,0,0,1.0,1.0,1.0,1.0,1.0,1,0.33598275917473075,47
3021,19,38516,38516,0,0,0,0,1.0,1.0,1.0,1.0,1.0,1,0.36097988395784536,46
3022,20,38536,38536,0,0,0,0,1.0,1.0,1.0,1.0,1.0,1,0.41974186852425116,45
3023,19,38555,38555,0,0,0,0,1.0,1.0,1.0,1.0,1.0,1,0.4833407334496996,41
3024,19,38574,38574,0,0,0,0,1.0,1.0,1.0,1.0,1.0,1,0.2952121182532593,43
3025,19,38593,38593,0,0,0,0,1.0,1.0,1.0,1.0,1.0,1,0.4400821482727867,39
3026,15,38608,38608,0,0,0,0,1.0,1.0,1.0,1.0,1.0,1,0.3493552320553468,38
3027,21,38629,38629,0,0,0,0,1.0,1.0,1.0,1.0,1.0,1,0.4510518731485149,38
3028,18,38647,38647,0,0,0,0,1.0,1.0,1.0,1.0,1.0,1,0.44760665099147323,38
3029,9,38656,38656,0,0,0,0,1.0,1.0,1.0,1.0,1.0,1,0.37317073740400825,37
3030,13,38669,38669,0,0,0,0,1.0,1.0,1.0,1.0,1.0,1,0.49213644402256224,38
3031,14,38683,38683,0,0,0,0,1.0,1.0,1.0,1.0,1.0,1,0.3967469494151121,39
3032,9,38692,38692,0,0,0,0,1.0,1.0,1.0,1.0,1.0,1,0.42087177502080475,39
3033,11,38703,38703,0,0,0,0,1.0,1.0,1.0,1.0,1.0,1,0.5209772254172526,39
3034,4,38707,38707,0,0,0,0,1.0,1.0,1.0,1.0,1.0,1,0.49611841562732417,38
3035,7,38714,38714,0,0,0,0,1.0,1.0,1.0,1.0,1.0,1,0.4234225881165255,39
3036,17,38731,38731,0,0,0,0,1.0,1.0,1.0,1.0,1.0,1,0.5216649563005938,39
3037,14,38745,38745,0,0,0,0,1.0,1.0,1.0,1.0,1.0,1,0.37203741962990444,39
3038,13,38758,38758,0,0,0,0,1.0,1.0,1.0,1.0,1.0,1,0.4164539839512076,40
3039,12,38770,38770,0,0,0,0,1.0,1.0,1.0,1.0,1.0,1,0.4041749375425984,41
3040,16,38786,38786,0,0,0,0,1.0,1.0,1.0,1.0,1.0,1,0.33702508664426534,42
3041,19,38805,38805,0,0,0,0,1.0,1.0,1.0,1.0,1.0,1,0.4094742004885322,43
3042,19,38824,38824,0,0,0,0,1.0,1.0,1.0,1.0,1.0,1,0.4301030836951023,45
3043,17,38841,38841,0,0,0,0,1.0,1.0,1.0,1.0,1.0,1,0.3884407828430005,45
3044,15,38856,38856,0,0,0,0,1.0,1.0,1.0,1.0,1.0,1,0.2950660990123739,45
3045,17,38873,38873,0,0,0,0,1.0,1.0,1.0,1.0,1.0,1,0.3245006926006625,45
3046,15,38888,38888,0,0,0,0,1.0,1.0,1.0,1.0,1.0,1,0.39146345209469136,46
3047,11,38899,38899,0,0,0,0,1.0,1.0,1.0,1.0,1.0,1,0.4404719517224954,46
3048,18,38917,38917,0,0,0,0,1.0,1.0,1.0,1.0,1.0,1,0.3949346413442874,49
3049,10,38927,38927,0,0,0,0,1.0,1.0,1.0,1.0,1.0,1,0.4221591870779493,50
3050,28,38955,38955,0,0,0,0,1.0,1.0,1.0,1.0,1.0,1,0.3872724091904106,50
3051,9,38964,38964,0,0,0,0,1.0,1.0,1.0,1.0,1.0,1,0.3842478645995172,50
3052,14,38978,38978,0,0,0,0,1.0,1.0,1.0,1.0,1.0,1,0.3724104564218672,50
3053,10,38988,38988,0,0,0,0,1.0,1.0,1.0,1.0,1.0,1,0.426430123369308,49
3054,21,39009,39009,0,0,0,0,1.0,1.0,1.0,1.0,1.0,1,0.5083866567504921,47
3055,14,39023,39023,0,0,0,0,1.0,1.0,1.0,1.0,1.0,1,0.34893942027676983,48
3056,18,39041,39041,0,0,0,0,1.0,1.0,1.0,1.0,1.0,1,0.35059165689040084,47
3057,6,39047,39047,0,0,0,0,1.0,1.0,1.0,1.0,1.0,1,0.3756374001190283,48
3058,12,39059,39059,0,0,0,0,1.0,1.0,1.0,1.0,1.0,1,0.3665663430700254,46
3059,12,39071,39071,0,0,0,0,1.0,1.0,1.0,1.0,1.0,1,0.2846353261046449,44
3060,14,39085,39085,0,0,0,0,1.0,1.0,1.0,1.0,1.0,1,0.32393921939155657,44
3061,12,39097,39097,0,0,0,0,1.0,1.0,1.0,1.0,1.0,1,0.33390503238196034,42
3062,9,39106,39106,0,0,0,0,1.0,1.0,1.0,1.0,1.0,1,0.2809999982481033,42
3063,12,39118,39118,0,0,0,0,1.0,1.0,1.0,1.0,1.0,1,0.20637132069611078,41
3064,13,39131,39131,0,0,0,0,1.0,1.0,1.0,1.0,1.0,1,0.2414797240091751,42
3065,7,39138,39138,0,0,0,0,1.0,1.0,1.0,1.0,1.0,1,0.24008884178243547,40
3066,14,39152,39152,0,0,0,0,1.0,1.0,1.0,1.0,1.0,1,0.2788648623919627,42
3067,17,39169,39169,0,0,0,0,1.0,1.0,1.0,1.0,1.0,1,0.1722704120833259,40
3068,9,39178,39178,0,0,0,0,1.0,1.0,1.0,1.0,1.0,1,0.36161073403517485,39
3069,9,39187,39187,0,0,0,0,1.0,1.0,1.0,1.0,1.0,1,0.30248839822712975,38
3070,18,39205,39205,0,0,0,0,1.0,1.0,1.0,1.0,1.0,1,0.2684286274565813,39
3071,9,39214,39214,0,0,0,0,1.0,1.0,1.0,1.0,1.0,1,0.20946153933695308,39
3072,9,39223,39223,0,0,0,0,1.0,1.0,1.0,1.0,1.0,1,0.2514695880190485,40
3073,12,39235,39235,0,0,0,0,1.0,1.0,1.0,1.0,1.0,1,0.21198966712070277,38
3074,15,39250,39250,0,0,0,0,1.0,1.0,1.0,1.0,1.0,1,0.23875013540578596,38
3075,11,39261,39261,0,0,0,0,1.0,1.0,1.0,1.0,1.0,1,0.20914215991672205,41
3076,14,39275,39275,0,0,0,0,1.0,1.0,1.0,1.0,1.0,1,0.18384756298505953,42
3077,16,39291,39291,0,0,0,0,1.0,1.0,1.0,1.0,1.0,1,0.26417762903719905,42
3078,12,39303,39303,0,0,0,0,1.0,1.0,1.0,1.0,1.0,1,0.2581188566454671,42
3079,12,39315,39315,0,0,0,0,1.0,1.0,1.0,1.0,1.0,1,0.2614071595023453,42
3080,6,39321,39321,0,0,0,0,1.0,1.0,1.0,1.0,1.0,1,0.32090281290010947,43
3081,16,39337,39337,0,0,0,0,1.0,1.0,1.0,1.0,1.0,1,0.20931034559400297,44
3082,10,39347,39347,0,0,0,0,1.0,1.0,1.0,1.0,1.0,1,0.3217031249160554,45
3083,7,39354,39354,0,0,0,0,1.0,1.0,1.0,1.0,1.0,1,0.20437738439962005,45
3084,6,39360,39360,0,0,0,0,1.0,1.0,1.0,1.0,1.0,1,0.27859918109166953,45
3085,13,39373,39373,0,0,0,0,1.0,1.0,1.0,1.0,1.0,1,0.26416832691250547,46
3086,9,39382,39382,0,0,0,0,1.0,1.0,1.0,1.0,1.0,1,0.2783161715744692,46
3087,5,39387,39387,0,0,0,0,1.0,1.0,1.0,1.0,1.0,1,0.2694480245859416,47
3088,4,39391,39391,0,0,0,0,1.0,1.0,1.0,1.0,1.0,1,0.32112673373709183,48
3089,6,39397,39397,0,0,0,0,1.0,1.0,1.0,1.0,1.0,1,0.3147389460326571,46
3090,11,39408,39408,0,0,0,0,1.0,1.0,1.0,1.0,1.0,1,0.290753775784595,46
3091,18,39426,39426,0,0,0,0,1.0,1.0,1.0,1.0,1.0,1,0.3458130241001225,46
3092,15,39441,39441,0,0,0,0,1.0,1.0,1.0,1.0,1.0,1,0.29719561537959494,47
3093,10,39451,39451,0,0,0,0,1.0,1.0,1.0,1.0,1.0,1,0.3612610380267841,47
3094,18,39469,39469,0,0,0,0,1.0,1.0,1.0,1.0,1.0,1,0.33455321605990646,45
3095,16,39485,39485,0,0,0,0,1.0,1.0,1.0,1.0,1.0,1,0.35024667081071065,46
3096,15,39500,39500,0,0,0,0,1.0,1.0,1.0,1.0,1.0,1,0.3823038478923642,46
3097,12,39512,39512,0,0,0,0,1.0,1.0,1.0,1.0,1.0,1,0.3162389943628562,47
3098,11,39523,39523,0,0,0,0,1.0,1.0,1.0,1.0,1.0,1,0.3417020216810222,47
3099,16,39539,39539,0,0,0,0,1.0,1.0,1.0,1.0,1.0,1,0.36249546533957105,47
3100,10,39549,39549,0,0,0,0,1.0,1.0,1.0,1.0,1.0,1,0.32390641601729875,47
3101,11,39560,39560,0,0,0,0,1.0,1.0,1.0,1.0,1.0,1,0.3193068072890644,48
3102,8,39568,39568,0,0,0,0,1.0,1.0,1.0,1.0,1.0,1,0.30338793922337404,48
3103,8,39576,39576,0,0,0,0,1.0,1.0,1.0,1.0,1.0,1,0.30791473674612063,49
3104,15,39591,39591,0,0,0,0,1.0,1.0,1.0,1.0,1.0,1,0.2764024720930287,48
3105,17,39608,39608,0,0,0,0,1.0,1.0,1.0,1.0,1.0,1,0.19896837009477802,45
3106,11,39619,39619,0,0,0,0,1.0,1.0,1.0,1.0,1.0,1,0.19805985385444871,46
3107,15,39634,39634,0,0,0,0,1.0,1.0,1.0,1.0,1.0,1,0.22009593445799677,44
3108,8,39642,39642,0,0,0,0,1.0,1.0,1.0,1.0,1.0,1,0.22430312329580737,45
3109,11,39653,39653,0,0,0,0,1.0,1.0,1.0,1.0,1.0,1,0.21059831965019835,44
3110,11,39664,39664,0,0,0,0,1.0,1.0,1.0,1.0,1.0,1,0.25001602669267153,46
3111,18,39682,39682,0,0,0,0,1.0,1.0,1.0,1.0,1.0,1,0.3027763321739623,46
3112,15,39697,39697,0,0,0,0,1.0,1.0,1.0,1.0,1.0,1,0.2946160066357347,47
3113,16,39713,39713,0,0,0,0,1.0,1.0,1.0,1.0,1.0,1,0.27854517862643363,48
3114,11,39724,39724,0,0,0,0,1.0,1.0,1.0,1.0,1.0,1,0.27986060387459294,48
3115,11,39735,39735,0,0,0,0,1.0,1.0,1.0,1.0,1.0,1,0.3359092958423709,49
3116,4,39739,39739,0,0,0,0,1.0,1.0,1.0,1.0,1.0,1,0.31410323481122676,48
3117,16,39755,39755,0,0,0,0,1.0,1.0,1.0,1.0,1.0,1,0.3097751724091573,49
3118,18,39773,39773,0,0,0,0,1.0,1.0,1.0,1.0,1.0,1,0.35838234943383446,50
3119,9,39782,39782,0,0,0,0,1.0,1.0,1.0,1.0,1.0,1,0.3612046801452166,50
3120,19,39801,39801,0,0,0,0,1.0,1.0,1.0,1.0,1.0,1,0.35186434082975127,50
3121,19,39820,39820,0,0,0,0,1.0,1.0,1.0,1.0,1.0,1,0.3111886776615805,50
3122,21,39841,39841,0,0,0,0,1.0,1.0,1.0,1.0,1.0,1,0.2969630473110182,50
3123,15,39856,39856,0,0,0,0,1.0,1.0,1.0,1.0,1.0,1,0.34664670776594136,51
3124,15,39871,39871,0,0,0,0,1.0,1.0,1.0,1.0,1.0,1,0.3759391759151237,51
3125,21,39892,39892,0,0,0,0,1.0,1.0,1.0,1.0,1.0,1,0.3222560305997548,51
3126,26,39918,39918,0,0,0,0,1.0,1.0,1.0,1.0,1.0,1,0.2396389660531272,54
3127,21,39939,39939,0,0,0,0,1.0,1.0,1.0,1.0,1.0,1,0.3682463909138201,53
3128,16,39955,39955,0,0,0,0,1.0,1.0,1.0,1.0,1.0,1,0.33270122035367994,52
3129,13,39968,39968,0,0,0,0,1.0,1.0,1.0,1.0,1.0,1,0.4049489971107639,51
3130,17,39985,39985,0,0,0,0,1.0,1.0,1.0,1.0,1.0,1,0.3157867894646871,50
3131,11,39996,39996,0,0,0,0,1.0,1.0,1.0,1.0,1.0,1,0.4043650965332486,50
3132,6,40002,40002,0,0,0,0,1.0,1.0,1.0,1.0,1.0,1,0.3699457790774682,49
3133,12,40014,40014,0,0,0,0,1.0,1.0,1.0,1.0,1.0,1,0.3242819799672509,49
3134,13,40027,40027,0,0,0,0,1.0,1.0,1.0,1.0,1.0,1,0.3067871049670552,46
3135,15,40042,40042,0,0,0,0,1.0,1.0,1.0,1.0,1.0,1,0.324185928474586,47
3136,19,40061,40061,0,0,0,0,1.0,1.0,1.0,1.0,1.0,1,0.31745560926664856,46
3137,13,40074,40074,0,0,0,0,1.0,1.0,1.0,1.0,1.0,1,0.41712240962493174,49
3138,7,40081,40081,0,0,0,0,1.0,1.0,1.0,1.0,1.0,1,0.39794504591016217,49
3139,15,40096,40096,0,0,0,0,1.0,1.0,1.0,1.0,1.0,1,0.3315219725259634,50
3140,12,40108,40108,0,0,0,0,1.0,1.0,1.0,1.0,1.0,1,0.27981195893140154,51
3141,12,40120,40120,0,0,0,0,1.0,1.0,1.0,1.0,1.0,1,0.4034449847605687,50
3142,11,40131,40131,0,0,0,0,1.0,1.0,1.0,1.0,1.0,1,0.3549692821063594,50
3143,2,40133,40133,0,0,0,0,1.0,1.0,1.0,1.0,1.0,1,0.3681350936790318,49
3144,15,40148,40148,0,0,0,0,1.0,1.0,1.0,1.0,1.0,1,0.34178236674840806,49
3145,17,40165,40165,0,0,0,0,1.0,1.0,1.0,1.0,1.0,1,0.34524738598069743,48
3146,19,40184,40184,0,0,0,0,1.0,1.0,1.0,1.0,1.0,1,0.3715208624750524,49
3147,17,40201,40201,0,0,0,0,1.0,1.0,1.0,1.0,1.0,1,0.40825193811991467,48
3148,12,40213,40213,0,0,0,0,1.0,1.0,1.0,1.0,1.0,1,0.3676661610367365,48
3149,14,40227,40227,0,0,0,0,1.0,1.0,1.0,1.0,1.0,1,0.42173695019682583,47
3150,16,40243,40243,0,0,0,0,1.0,1.0,1.0,1.0,1.0,1,0.5203099746911429,47
3151,17,40260,40260,0,0,0,0,1.0,1.0,1.0,1.0,1.0,1,0.44134333994474034,48
3152,22,40282,40282,0,0,0,0,1.0,1.0,1.0,1.0,1.0,1,0.2973965188096286,47
3153,18,40300,40300,0,0,0,0,1.0,1.0,1.0,1.0,1.0,1,0.4176814634440256,47
3154,13,40313,40313,0,0,0,0,1.0,1.0,1.0,1.0,1.0,1,0.4055828305664824,48
3155,10,40323,40323,0,0,0,0,1.0,1.0,1.0,1.0,1.0,1,0.31284050254664547,48
3156,11,40334,40334,0,0,0,0,1.0,1.0,1.0,1.0,1.0,1,0.27858670110461015,48
3157,15,40349,40349,0,0,0,0,1.0,1.0,1.0,1.0,1.0,1,0.3772207061411257,48
3158,10,40359,40359,0,0,0,0,1.0,1.0,1.0,1.0,1.0,1,0.33701425728479933,48
3159,15,40374,40374,0,0,0,0,1.0,1.0,1.0,1.0,1.0,1,0.29448823901150767,49
3160,13,40387,40387,0,0,0,0,1.0,1.0,1.0,1.0,1.0,1,0.3097605338044193,51
3161,10,40397,40397,0,0,0,0,1.0,1.0,1.0,1.0,1.0,1,0.366038264261041,52
3162,12,40409,40409,0,0,0,0,1.0,1.0,1.0,1.0,1.0,1,0.33657241564132645,51
3163,11,40420,40420,0,0,0,0,1.0,1.0,1.0,1.0,1.0,1,0.3850371922432765,51
3164,9,40429,40429,0,0,0,0,1.0,1.0,1.0,1.0,1.0,1,0.3635793271215138,52
3165,16,40445,40445,0,0,0,0,1.0,1.0,1.0,1.0,1.0,1,0.36733697784374847,50
3166,15,40460,40460,0,0,0,0,1.0,1.0,1.0,1.0,1.0,1,0.36319591385508465,50
3167,8,40468,40468,0,0,0,0,1.0,1.0,1.0,1.0,1.0,1,0.3395446038217576,49
3168,11,40479,40479,0,0,0,0,1.0,1.0,1.0,1.0,1.0,1,0.35722931953093817,47
3169,9,40488,40488,0,0,0,0,1.0,1.0,1.0,1.0,1.0,1,0.3638957340328263,48
3170,9,40497,40497,0,0,0,0,1.0,1.0,1.0,1.0,1.0,1,0.30911818589723233,47
3171,7,40504,40504,0,0,0,0,1.0,1.0,1.0,1.0,1.0,1,0.37140928056823885,47
3172,14,40518,40518,0,0,0,0,1.0,1.0,1.0,1.0,1.0,1,0.3445537801552961,46
3173,9,40527,40527,0,0,0,0,1.0,1.0,1.0,1.0,1.0,1,0.34967938000953896,45
3174,18,40545,40545,0,0,0,0,1.0,1.0,1.0,1.0,1.0,1,0.34003133173499384,43
3175,10,40555,40555,0,0,0,0,1.0,1.0,1.0,1.0,1.0,1,0.2630420041240268,43
3176,6,40561,40561,0,0,0,0,1.0,1.0,1.0,1.0,1.0,1,0.36738449298017534,44
3177,13,40574,40574,0,0,0,0,1.0,1.0,1.0,1.0,1.0,1,0.39796379724228736,44
3178,20,40594,40594,0,0,0,0,1.0,1.0,1.0,1.0,1.0,1,0.23143768715411436,47
3179,21,40615,40615,0,0,0,0,1.0,1.0,1.0,1.0,1.0,1,0.39273236133164774,48
3180,19,40634,40634,0,0,0,0,1.0,1.0,1.0,1.0,1.0,1,0.2163388122767404,48
3181,12,40646,40646,0,0,0,0,1.0,1.0,1.0,1.0,1.0,1,0.3749010253451158,48
3182,13,40659,40659,0,0,0,0,1.0,1.0,1.0,1.0,1.0,1,0.4115212917220971,51
3183,7,40666,40666,0,0,0,0,1.0,1.0,1.0,1.0,1.0,1,0.3764992286926475,50
3184,22,40688,40688,0,0,0,0,1.0,1.0,1.0,1.0,1.0,1,0.3454577486151226,50
3185,12,40700,40700,0,0,0,0,1.0,1.0,1.0,1.0,1.0,1,0.3386745550492119,48
3186,15,40715,40715,0,0,0,0,1.0,1.0,1.0,1.0,1.0,1,0.34235552158553273,48
3187,10,40725,40725,0,0,0,0,1.0,1.0,1.0,1.0,1.0,1,0.33591365369729564,48
3188,13,40738,40738,0,0,0,0,1.0,1.0,1.0,1.0,1.0,1,0.3445182582491454,48
3189,9,40747,40747,0,0,0,0,1.0,1.0,1.0,1.0,1.0,1,0.32337112279272673,49
3190,8,40755,40755,0,0,0,0,1.0,1.0,1.0,1.0,1.0,1,0.354338918977021,51
3191,10,40765,40765,0,0,0,0,1.0,1.0,1.0,1.0,1.0,1,0.3756801264538878,52
3192,6,40771,40771,0,0,0,0,1.0,1.0,1.0,1.0,1.0,1,0.4463681281948231,52
3193,10,40781,40781,0,0,0,0,1.0,1.0,1.0,1.0,1.0,1,0.35601562686634114,52
3194,13,40794,40794,0,0,0,0,1.0,1.0,1.0,1.0,1.0,1,0.3376531575286182,54
3195,10,40804,40804,0,0,0,0,1.0,1.0,1.0,1.0,1.0,1,0.3642239769238975,54
3196,20,40824,40824,0,0,0,0,1.0,1.0,1.0,1.0,1.0,1,0.31980533306968206,54
3197,11,40835,40835,0,0,0,0,1.0,1.0,1.0,1.0,1.0,1,0.2931823147232336,54
3198,18,40853,40853,0,0,0,0,1.0,1.0,1.0,1.0,1.0,1,0.31128136459859673,54
3199,14,40867,40867,0,0,0,0,1.0,1.0,1.0,1.0,1.0,1,0.2905290288445372,56
3200,9,40876,40876,0,0,0,0,1.0,1.0,1.0,1.0,1.0,1,0.1943371530606501,56
3201,12,40888,40888,0,0,0,0,1.0,1.0,1.0,1.0,1.0,1,0.26977430190352514,56
3202,11,40899,40899,0,0,0,0,1.0,1.0,1.0,1.0,1.0,1,0.2677328265774038,57
3203,11,40910,40910,0,0,0,0,1.0,1.0,1.0,1.0,1.0,1,0.33068679380367344,56
3204,17,40927,40927,0,0,0,0,1.0,1.0,1.0,1.0,1.0,1,0.29663171689370693,55
3205,9,40936,40936,0,0,0,0,1.0,1.0,1.0,1.0,1.0,1,0.3031373254676655,54
3206,14,40950,40950,0,0,0,0,1.0,1.0,1.0,1.0,1.0,1,0.3170772466276944,56
3207,11,40961,40961,0,0,0,0,1.0,1.0,1.0,1.0,1.0,1,0.30458496539183116,54
3208,15,40976,40976,0,0,0,0,1.0,1.0,1.0,1.0,1.0,1,0.33945588597067244,53
3209,11,40987,40987,0,0,0,0,1.0,1.0,1.0,1.0,1.0,1,0.34419660384228185,54
3210,4,40991,40991,0,0,0,0,1.0,1.0,1.0,1.0,1.0,1,0.3810758955584506,53
3211,4,40995,40995,0,0,0,0,1.0,1.0,1.0,1.0,1.0,1,0.43135851351280186,53
3212,5,41000,41000,0,0,0,0,1.0,1.0,1.0,1.0,1.0,1,0.39362446095011877,54
3213,8,41008,41008,0,0,0,0,1.0,1.0,1.0,1.0,1.0,1,0.3924665587673932,54
3214,14,41022,41022,0,0,0,0,1.0,1.0,1.0,1.0,1.0,1,0.428989151889899,55
3215,12,41034,41034,0,0,0,0,1.0,1.0,1.0,1.0,1.0,1,0.4118256757306138,55
3216,7,41041,41041,0,0,0,0,1.0,1.0,1.0,1.0,1.0,1,0.40700701685770646,55
3217,5,41046,41046,0,0,0,0,1.0,1.0,1.0,1.0,1.0,1,0.41892937702580096,54
3218,4,41050,41050,0,0,0,0,1.0,1.0,1.0,1.0,1.0,1,0.4239864052686253,54
3219,11,41061,41061,0,0,0,0,1.0,1.0,1.0,1.0,1.0,1,0.41925491767784295,55
3220,7,41068,41068,0,0,0,0,1.0,1.0,1.0,1.0,1.0,1,0.4540783603050917,56
3221,6,41074,41074,0,0,0,0,1.0,1.0,1.0,1.0,1.0,1,0.42807736469104957,57
3222,9,41083,41083,0,0,0,0,1.0,1.0,1.0,1.0,1.0,1,0.4433479526172081,57
3223,14,41097,41097,0,0,0,0,1.0,1.0,1.0,1.0,1.0,1,0.4732415838281419,56
3224,16,41113,41113,0,0,0,0,1.0,1.0,1.0,1.0,1.0,1,0.44308918708326267,58
3225,13,41126,41126,0,0,0,0,1.0,1.0,1.0,1.0,1.0,1,0.42400640152789243,55
3226,19,41145,41145,0,0,0,0,1.0,1.0,1.0,1.0,1.0,1,0.4449188537123593,54
3227,16,41161,41161,0,0,0,0,1.0,1.0,1.0,1.0,1.0,1,0.37772518809677424,53
3228,13,41174,41174,0,0,0,0,1.0,1.0,1.0,1.0,1.0,1,0.4703661248111041,52
3229,18,41192,41192,0,0,0,0,1.0,1.0,1.0,1.0,1.0,1,0.3522243610606311,52
3230,15,41207,41207,0,0,0,0,0.989123618841439,0.9752809519123611,0.989123618841439,0.9752809519123611,1.0,1,0.4449406678674524,50
3231,13,41220,41220,0,0,0,0,1.0,1.0,1.0,1.0,1.0,1,0.3858602830596249,50
3232,9,41229,41229,0,0,0,0,1.0,1.0,1.0,1.0,1.0,1,0.4119259905015649,50
3233,9,41238,41238,0,0,0,0,0.9821644544877879,0.9594646692904271,0.9821644544877879,0.9594646692904271,1.0,1,0.48776746645785457,50
3234,13,41251,41251,0,0,0,0,1.0,1.0,1.0,1.0,1.0,1,0.4597671741470177,49
3235,10,41261,41261,0,0,0,0,0.9956735598783838,0.9899049730495624,0.9956735598783838,0.9899049730495624,1.0,1,0.5017784350867647,49
3236,12,41273,41273,0,0,0,0,1.0,1.0,1.0,1.0,1.0,1,0.4813346699347486,51
3237,12,41285,41285,0,0,0,0,0.9937573345693465,0.9842447015321603,0.9937573345693465,0.9842447015321603,1.0,1,0.4583650644507182,53
3238,8,41293,41293,0,0,0,0,0.9925609671271275,0.9812252979875121,0.9925609671271275,0.9812252979875121,1.0,1,0.4805903910244614,53
3239,13,41306,41306,0,0,0,0,0.964555698207613,0.9183240002175433,0.964555698207613,0.9183240002175433,1.0,1,0.4953636675168933,53
3240,13,41319,41319,0,0,0,0,0.9514626898203696,0.8928134400199829,0.9514626898203696,0.8928134400199829,1.0,1,0.4872275276627856,53
3241,18,41337,41337,0,0,0,0,0.9213340449980428,0.8396424763421643,0.9213340449980428,0.8396424763421643,1.0,1,0.5076722724134933,53
3242,15,41352,41352,0,0,0,0,0.9228605613863755,0.8427542212876116,0.9228605613863755,0.8427542212876116,1.0,1,0.45331656236743695,53
3243,19,41371,41371,0,0,0,0,1.0,1.0,1.0,1.0,1.0,1,0.44481580534230697,56
3244,13,41384,41384,0,0,0,0,0.9677882184508689,0.9234970188208136,0.9677882184508689,0.9234970188208136,1.0,1,0.4606641131367816,57
3245,20,41404,41404,0,0,0,0,0.9975544217153062,0.993726560052307,0.9975544217153062,0.993726560052307,1.0,1,0.4096848224826524,59
3246,12,41416,41416,0,0,0,0,1.0,1.0,1.0,1.0,1.0,1,0.3960531352963609,59
3247,13,41429,41429,0,0,0,0,1.0,1.0,1.0,1.0,1.0,1,0.3674766522344194,59
3248,10,41439,41439,0,0,0,0,1.0,1.0,1.0,1.0,1.0,1,0.31955513434934824,59
3249,17,41456,41456,0,0,0,0,1.0,1.0,1.0,1.0,1.0,1,0.4136289490805288,58
3250,13,41469,41469,0,0,0,0,1.0,1.0,1.0,1.0,1.0,1,0.42188210800975434,58
3251,13,41482,41482,0,0,0,0,1.0,1.0,1.0,1.0,1.0,1,0.3961949690147549,57
3252,10,41492,41492,0,0,0,0,0.9872874792669204,0.9684950573136724,0.9872874792669204,0.9684950573136724,1.0,1,0.4855183066213395,57
3253,15,41507,41507,0,0,0,0,1.0,1.0,1.0,1.0,1.0,1,0.371505592485969,56
3254,12,41519,41519,0,0,0,0,0.9870959586806102,0.9665668020361263,0.9870959586806102,0.9665668020361263,1.0,1,0.47764753226357715,57
3255,15,41534,41534,0,0,0,0,1.0,1.0,1.0,1.0,1.0,1,0.43230451264606884,57
3256,11,41545,41545,0,0,0,0,1.0,1.0,1.0,1.0,1.0,1,0.30528968174751453,57
3257,18,41563,41563,0,0,0,0,1.0,1.0,1.0,1.0,1.0,1,0.3331836053568073,57
3258,24,41587,41587,0,0,0,0,1.0,1.0,1.0,1.0,1.0,1,0.2779113880134552,58
3259,16,41603,41603,0,0,0,0,1.0,1.0,1.0,1.0,1.0,1,0.30255494142198863,59
3260,19,41622,41622,0,0,0,0,1.0,1.0,1.0,1.0,1.0,1,0.23701722024415445,60
3261,23,41645,41645,0,0,0,0,1.0,1.0,1.0,1.0,1.0,1,0.28877717130225994,60
3262,18,41663,41663,0,0,0,0,1.0,1.0,1.0,1.0,1.0,1,0.27047686938699417,61
3263,23,41686,41686,0,0,0,0,1.0,1.0,1.0,1.0,1.0,1,0.2992028051562893,62
3264,18,41704,41704,0,0,0,0,1.0,1.0,1.0,1.0,1.0,1,0.3168202566802618,60
3265,14,41718,41718,0,0,0,0,1.0,1.0,1.0,1.0,1.0,1,0.32138247465860087,58
3266,18,41736,41736,0,0,0,0,1.0,1.0,1.0,1.0,1.0,1,0.3813480326528085,59
3267,15,41751,41751,0,0,0,0,1.0,1.0,1.0,1.0,1.0,1,0.3325860996455295,60
3268,13,41764,41764,0,0,0,0,1.0,1.0,1.0,1.0,1.0,1,0.38494505178219457,58
3269,16,41780,41780,0,0,0,0,1.0,1.0,1.0,1.0,1.0,1,0.40277493357028193,57
3270,15,41795,41795,0,0,0,0,1.0,1.0,1.0,1.0,1.0,1,0.39179418915984393,56
3271,18,41813,41813,0,0,0,0,1.0,1.0,1.0,1.0,1.0,1,0.45732758983312377,55
3272,9,41822,41822,0,0,0,0,1.0,1.0,1.0,1.0,1.0,1,0.47133477104066307,55
3273,15,41837,41837,0,0,0,0,1.0,1.0,1.0,1.0,1.0,1,0.41878320330535984,55
3274,14,41851,41851,0,0,0,0,1.0,1.0,1.0,1.0,1.0,1,0.43345245302218216,55
3275,14,41865,41865,0,0,0,0,1.0,1.0,1.0,1.0,1.0,1,0.4503687261868648,55
3276,9,41874,41874,0,0,0,0,1.0,1.0,1.0,1.0,1.0,1,0.4379047804868231,55
3277,18,41892,41892,0,0,0,0,1.0,1.0,1.0,1.0,1.0,1,0.46636477221616485,57
3278,8,41900,41900,0,0,0,0,1.0,1.0,1.0,1.0,1.0,1,0.41527035251596395,56
3279,10,41910,41910,0,0,0,0,1.0,1.0,1.0,1.0,1.0,1,0.4549834305206163,54
3280,22,41932,41932,0,0,0,0,1.0,1.0,1.0,1.0,1.0,1,0.4862286009778376,53
3281,10,41942,41942,0,0,0,0,1.0,1.0,1.0,1.0,1.0,1,0.38093348573011054,52
3282,13,41955,41955,0,0,0,0,1.0,1.0,1.0,1.0,1.0,1,0.34627231585979884,50
3283,9,41964,41964,0,0,0,0,1.0,1.0,1.0,1.0,1.0,1,0.4097664158309264,50
3284,13,41977,41977,0,0,0,0,1.0,1.0,1.0,1.0,1.0,1,0.21774972369741846,47
3285,13,41990,41990,0,0,0,0,1.0,1.0,1.0,1.0,1.0,1,0.21646388291182544,48
3286,23,42013,42013,0,0,0,0,1.0,1.0,1.0,1.0,1.0,1,0.2739862046207597,46
3287,20,42033,42033,0,0,0,0,1.0,1.0,1.0,1.0,1.0,1,0.22776141271619368,46
3288,15,42048,42048,0,0,0,0,1.0,1.0,1.0,1.0,1.0,1,0.2672301974274696,46
3289,15,42063,42063,0,0,0,0,1.0,1.0,1.0,1.0,1.0,1,0.20121878086348277,48
3290,18,42081,42081,0,0,0,0,1.0,1.0,1.0,1.0,1.0,1,0.20601861748567296,48
3291,13,42094,42094,0,0,0,0,1.0,1.0,1.0,1.0,1.0,1,0.23804005564005312,50
3292,16,42110,42110,0,0,0,0,1.0,1.0,1.0,1.0,1.0,1,0.1714249004031533,50
3293,18,42128,42128,0,0,0,0,1.0,1.0,1.0,1.0,1.0,1,0.2470417653640966,51
3294,16,42144,42144,0,0,0,0,1.0,1.0,1.0,1.0,1.0,1,0.2333417722369907,50
3295,12,42156,42156,0,0,0,0,1.0,1.0,1.0,1.0,1.0,1,0.29574186776545425,50
3296,9,42165,42165,0,0,0,0,1.0,1.0,1.0,1.0,1.0,1,0.30463854302387355,50
3297,15,42180,42180,0,0,0,0,1.0,1.0,1.0,1.0,1.0,1,0.270283306528276,51
3298,16,42196,42196,0,0,0,0,1.0,1.0,1.0,1.0,1.0,1,0.32583949550931224,52
3299,16,42212,42212,0,0,0,0,1.0,1.0,1.0,1.0,1.0,1,0.2591049695013847,53
3300,16,42228,42228,0,0,0,0,1.0,1.0,1.0,1.0,1.0,1,0.2790917113374203,53
3301,20,42248,42248,0,0,0,0,1.0,1.0,1.0,1.0,1.0,1,0.32001406462252,53
3302,6,42254,42254,0,0,0,0,1.0,1.0,1.0,1.0,1.0,1,0.3257982814277538,53
3303,9,42263,42263,0,0,0,0,1.0,1.0,1.0,1.0,1.0,1,0.34546623501173007,52
3304,12,42275,42275,0,0,0,0,1.0,1.0,1.0,1.0,1.0,1,0.26890985252186084,52
3305,13,42288,42288,0,0,0,0,1.0,1.0,1.0,1.0,1.0,1,0.28015159887237706,51
3306,7,42295,42295,0,0,0,0,1.0,1.0,1.0,1.0,1.0,1,0.2476923024958276,51
3307,15,42310,42310,0,0,0,0,1.0,1.0,1.0,1.0,1.0,1,0.24395961703939692,48
3308,17,42327,42327,0,0,0,0,1.0,1.0,1.0,1.0,1.0,1,0.26607927717817,48
3309,17,42344,42344,0,0,0,0,1.0,1.0,1.0,1.0,1.0,1,0.2957625331414808,48
3310,14,42358,42358,0,0,0,0,1.0,1.0,1.0,1.0,1.0,1,0.30813886109735444,47
3311,14,42372,42372,0,0,0,0,1.0,1.0,1.0,1.0,1.0,1,0.38182839207623787,49
3312,18,42390,42390,0,0,0,0,1.0,1.0,1.0,1.0,1.0,1,0.26984393131387774,48
3313,14,42404,42404,0,0,0,0,1.0,1.0,1.0,1.0,1.0,1,0.33072545579515383,49
3314,8,42412,42412,0,0,0,0,1.0,1.0,1.0,1.0,1.0,1,0.2941235155804176,47
3315,11,42423,42423,0,0,0,0,1.0,1.0,1.0,1.0,1.0,1,0.40646797707085064,47
3316,10,42433,42433,0,0,0,0,1.0,1.0,1.0,1.0,1.0,1,0.39256710308780407,47
3317,6,42439,42439,0,0,0,0,1.0,1.0,1.0,1.0,1.0,1,0.3522673207900747,46
3318,23,42462,42462,0,0,0,0,1.0,1.0,1.0,1.0,1.0,1,0.3194859307614366,45
3319,12,42474,42474,0,0,0,0,1.0,1.0,1.0,1.0,1.0,1,0.241594239823482,44
3320,15,42489,42489,0,0,0,0,1.0,1.0,1.0,1.0,1.0,1,0.30515790179303676,43
3321,13,42502,42502,0,0,0,0,1.0,1.0,1.0,1.0,1.0,1,0.39477638690167316,43
3322,16,42518,42518,0,0,0,0,1.0,1.0,1.0,1.0,1.0,1,0.41060057397476196,40
3323,18,42536,42536,0,0,0,0,1.0,1.0,1.0,1.0,1.0,1,0.3899707608947689,40
3324,18,42554,42554,0,0,0,0,1.0,1.0,1.0,1.0,1.0,1,0.36334042451451115,40
3325,17,42571,42571,0,0,0,0,1.0,1.0,1.0,1.0,1.0,1,0.4268242300934472,40
3326,14,42585,42585,0,0,0,0,1.0,1.0,1.0,1.0,1.0,1,0.32592942419261106,41
3327,21,42606,42606,0,0,0,0,1.0,1.0,1.0,1.0,1.0,1,0.442498236284457,39
3328,22,42628,42628,0,0,0,0,1.0,1.0,1.0,1.0,1.0,1,0.3746001101914799,41
3329,20,42648,42648,0,0,0,0,1.0,1.0,1.0,1.0,1.0,1,0.5007727083523704,39
3330,12,42660,42660,0,0,0,0,1.0,1.0,1.0,1.0,1.0,1,0.28701598382416027,40
3331,15,42675,42675,0,0,0,0,1.0,1.0,1.0,1.0,1.0,1,0.4431577904875113,38
3332,11,42686,42686,0,0,0,0,1.0,1.0,1.0,1.0,1.0,1,0.379571584461244,38
3333,21,42707,42707,0,0,0,0,1.0,1.0,1.0,1.0,1.0,1,0.3478428963915777,38
3334,8,42715,42715,0,0,0,0,1.0,1.0,1.0,1.0,1.0,1,0.46369270541521485,40
3335,25,42740,42740,0,0,0,0,1.0,1.0,1.0,1.0,1.0,1,0.2631436435135654,40
3336,13,42753,42753,0,0,0,0,1.0,1.0,1.0,1.0,1.0,1,0.40692525435888904,39
3337,12,42765,42765,0,0,0,0,1.0,1.0,1.0,1.0,1.0,1,0.37058649248757713,40
3338,22,42787,42787,0,0,0,0,1.0,1.0,1.0,1.0,1.0,1,0.3910249913780336,41
3339,18,42805,42805,0,0,0,0,1.0,1.0,1.0,1.0,1.0,1,0.43035888067811867,42
3340,15,42820,42820,0,0,0,0,1.0,1.0,1.0,1.0,1.0,1,0.43528390173736553,43
3341,12,42832,42832,0,0,0,0,1.0,1.0,1.0,1.0,1.0,1,0.3601352272576912,43
3342,24,42856,42856,0,0,0,0,1.0,1.0,1.0,1.0,1.0,1,0.41136202269604855,44
3343,9,42865,42865,0,0,0,0,1.0,1.0,1.0,1.0,1.0,1,0.38760307555707624,44
3344,11,42876,42876,0,0,0,0,1.0,1.0,1.0,1.0,1.0,1,0.44093976267624946,44
3345,14,42890,42890,0,0,0,0,1.0,1.0,1.0,1.0,1.0,1,0.48466730591258905,43
3346,7,42897,42897,0,0,0,0,1.0,1.0,1.0,1.0,1.0,1,0.521844413581448,42
3347,8,42905,42905,0,0,0,0,1.0,1.0,1.0,1.0,1.0,1,0.45641167030479496,44
3348,14,42919,42919,0,0,0,0,1.0,1.0,1.0,1.0,1.0,1,0.4054388926549141,45
3349,13,42932,42932,0,0,0,0,1.0,1.0,1.0,1.0,1.0,1,0.503438251535365,45
3350,22,42954,42954,0,0,0,0,1.0,1.0,1.0,1.0,1.0,1,0.4125653803668993,46
3351,17,42971,42971,0,0,0,0,1.0,1.0,1.0,1.0,1.0,1,0.42696974428936396,47
3352,29,43000,43000,0,0,0,0,1.0,1.0,1.0,1.0,1.0,1,0.44604156773819814,47
3353,21,43021,43021,0,0,0,0,0.999067100836812,0.9979645836439536,0.999067100836812,0.9979645836439536,1.0,1,0.5727075024245277,48
3354,20,43041,43041,0,0,0,0,1.0,1.0,1.0,1.0,1.0,1,0.5237264386995754,48
3355,19,43060,43060,0,0,0,0,1.0,1.0,1.0,1.0,1.0,1,0.5016099215084484,48
3356,27,43087,43087,0,0,0,0,1.0,1.0,1.0,1.0,1.0,1,0.3528164548953189,48
3357,20,43107,43107,0,0,0,0,1.0,1.0,1.0,1.0,1.0,1,0.40448714652074375,47
3358,25,43132,43132,0,0,0,0,1.0,1.0,1.0,1.0,1.0,1,0.40451526004818245,46
3359,18,43150,43150,0,0,0,0,1.0,1.0,1.0,1.0,1.0,1,0.48823254540780076,45
3360,11,43161,43161,0,0,0,0,1.0,1.0,1.0,1.0,1.0,1,0.5042790374860433,44
3361,21,43182,43182,0,0,0,0,1.0,1.0,1.0,1.0,1.0,1,0.49397768825246363,43
3362,15,43197,43197,0,0,0,0,1.0,1.0,1.0,1.0,1.0,1,0.40258212697094853,42
3363,17,43214,43214,0,0,0,0,1.0,1.0,1.0,1.0,1.0,1,0.43386957813649457,41
3364,18,43232,43232,0,0,0,0,1.0,1.0,1.0,1.0,1.0,1,0.20990455925070098,41
3365,19,43251,43251,0,0,0,0,1.0,1.0,1.0,1.0,1.0,1,0.253769119904425,41
3366,19,43270,43270,0,0,0,0,1.0,1.0,1.0,1.0,1.0,1,0.2901842035809317,40
3367,12,43282,43282,0,0,0,0,1.0,1.0,1.0,1.0,1.0,1,0.2585768834385956,39
3368,12,43294,43294,0,0,0,0,1.0,1.0,1.0,1.0,1.0,1,0.3319660265390673,39
3369,8,43302,43302,0,0,0,0,1.0,1.0,1.0,1.0,1.0,1,0.3884444026119317,40
3370,15,43317,43317,0,0,0,0,1.0,1.0,1.0,1.0,1.0,1,0.27648246249305763,41
3371,10,43327,43327,0,0,0,0,1.0,1.0,1.0,1.0,1.0,1,0.3242083635103842,41
3372,16,43343,43343,0,0,0,0,1.0,1.0,1.0,1.0,1.0,1,0.29658736871672775,40
3373,10,43353,43353,0,0,0,0,1.0,1.0,1.0,1.0,1.0,1,0.4090020394195636,41
3374,15,43368,43368,0,0,0,0,1.0,1.0,1.0,1.0,1.0,1,0.27832076798001815,42
3375,13,43381,43381,0,0,0,0,1.0,1.0,1.0,1.0,1.0,1,0.26221102135840946,44
3376,14,43395,43395,0,0,0,0,1.0,1.0,1.0,1.0,1.0,1,0.2130393887195287,46
3377,10,43405,43405,0,0,0,0,1.0,1.0,1.0,1.0,1.0,1,0.34849956538769683,47
3378,11,43416,43416,0,0,0,0,1.0,1.0,1.0,1.0,1.0,1,0.27446506186887115,48
3379,7,43423,43423,0,0,0,0,1.0,1.0,1.0,1.0,1.0,1,0.2193911735562278,48
3380,12,43435,43435,0,0,0,0,1.0,1.0,1.0,1.0,1.0,1,0.2182971236668564,48
3381,10,43445,43445,0,0,0,0,1.0,1.0,1.0,1.0,1.0,1,0.2696324593737835,48
3382,18,43463,43463,0,0,0,0,1.0,1.0,1.0,1.0,1.0,1,0.30748200727038744,49
3383,13,43476,43476,0,0,0,0,1.0,1.0,1.0,1.0,1.0,1,0.26349082407197366,47
3384,10,43486,43486,0,0,0,0,1.0,1.0,1.0,1.0,1.0,1,0.2652974111504927,48
3385,15,43501,43501,0,0,0,0,1.0,1.0,1.0,1.0,1.0,1,0.21363722518453088,47
3386,14,43515,43515,0,0,0,0,1.0,1.0,1.0,1.0,1.0,1,0.1745313255050667,49
3387,18,43533,43533,0,0,0,0,1.0,1.0,1.0,1.0,1.0,1,0.294870804709298,48
3388,13,43546,43546,0,0,0,0,1.0,1.0,1.0,1.0,1.0,1,0.33787878521430675,48
3389,13,43559,43559,0,0,0,0,1.0,1.0,1.0,1.0,1.0,1,0.25021969621333995,50
3390,17,43576,43576,0,0,0,0,1.0,1.0,1.0,1.0,1.0,1,0.25682985558919647,51
3391,20,43596,43596,0,0,0,0,1.0,1.0,1.0,1.0,1.0,1,0.30518063330233347,51
3392,19,43615,43615,0,0,0,0,1.0,1.0,1.0,1.0,1.0,1,0.18599781718406783,52
3393,31,43646,43646,0,0,0,0,1.0,1.0,1.0,1.0,1.0,1,0.28114000509947323,52
3394,20,43666,43666,0,0,0,0,1.0,1.0,1.0,1.0,1.0,1,0.3234355491568035,52
3395,15,43681,43681,0,0,0,0,1.0,1.0,1.0,1.0,1.0,1,0.2683986100747207,50
3396,22,43703,43703,0,0,0,0,1.0,1.0,1.0,1.0,1.0,1,0.24834000728915775,49
3397,31,43734,43734,0,0,0,0,1.0,1.0,1.0,1.0,1.0,1,0.22465969126125837,49
3398,21,43755,43755,0,0,0,0,1.0,1.0,1.0,1.0,1.0,1,0.23556594111501292,48
3399,13,43768,43768,0,0,0,0,1.0,1.0,1.0,1.0,1.0,1,0.26517371852713656,49
3400,14,43782,43782,0,0,0,0,1.0,1.0,1.0,1.0,1.0,1,0.2646091677392841,50
3401,19,43801,43801,0,0,0,0,1.0,1.0,1.0,1.0,1.0,1,0.3350344445244869,51
3402,22,43823,43823,0,0,0,0,1.0,1.0,1.0,1.0,1.0,1,0.3504087351129832,51
3403,14,43837,43837,0,0,0,0,1.0,1.0,1.0,1.0,1.0,1,0.338974319668796,51
3404,25,43862,43862,0,0,0,0,1.0,1.0,1.0,1.0,1.0,1,0.3488139246941826,51
3405,14,43876,43876,0,0,0,0,1.0,1.0,1.0,1.0,1.0,1,0.3573794561391474,51
3406,11,43887,43887,0,0,0,0,1.0,1.0,1.0,1.0,1.0,1,0.36610055341802233,51
3407,17,43904,43904,0,0,0,0,1.0,1.0,1.0,1.0,1.0,1,0.32511352739791116,52
3408,18,43922,43922,0,0,0,0,1.0,1.0,1.0,1.0,1.0,1,0.4499389497953666,53
3409,25,43947,43947,0,0,0,0,1.0,1.0,1.0,1.0,1.0,1,0.3588465069927015,54
3410,20,43967,43967,0,0,0,0,1.0,1.0,1.0,1.0,1.0,1,0.48335234443978503,54
3411,12,43979,43979,0,0,0,0,1.0,1.0,1.0,1.0,1.0,1,0.44122944024860866,54
3412,26,44005,44005,0,0,0,0,1.0,1.0,1.0,1.0,1.0,1,0.4818353860141324,55
3413,26,44031,44031,0,0,0,0,1.0,1.0,1.0,1.0,1.0,1,0.32318844724831663,55
3414,16,44047,44047,0,0,0,0,1.0,1.0,1.0,1.0,1.0,1,0.2725165171602502,55
3415,26,44073,44073,0,0,0,0,1.0,1.0,1.0,1.0,1.0,1,0.3302199321722293,56
3416,26,44099,44099,0,0,0,0,1.0,1.0,1.0,1.0,1.0,1,0.27856085849131673,55
3417,24,44123,44123,0,0,0,0,1.0,1.0,1.0,1.0,1.0,1,0.2505301705920882,56
3418,19,44142,44142,0,0,0,0,1.0,1.0,1.0,1.0,1.0,1,0.23359550263650705,55
3419,21,44163,44163,0,0,0,0,1.0,1.0,1.0,1.0,1.0,1,0.26546065773640953,56
3420,19,44182,44182,0,0,0,0,1.0,1.0,1.0,1.0,1.0,1,0.2389602610773672,55
3421,19,44201,44201,0,0,0,0,1.0,1.0,1.0,1.0,1.0,1,0.23830325808367575,57
3422,18,44219,44219,0,0,0,0,1.0,1.0,1.0,1.0,1.0,1,0.2530246269116611,56
3423,21,44240,44240,0,0,0,0,1.0,1.0,1.0,1.0,1.0,1,0.26004813233304286,56
3424,18,44258,44258,0,0,0,0,1.0,1.0,1.0,1.0,1.0,1,0.2358692955818068,56
3425,17,44275,44275,0,0,0,0,1.0,1.0,1.0,1.0,1.0,1,0.400055783739133,56
3426,27,44302,44302,0,0,0,0,1.0,1.0,1.0,1.0,1.0,1,0.23368749241414655,55
3427,34,44336,44336,0,0,0,0,1.0,1.0,1.0,1.0,1.0,1,0.41469042900448627,55
3428,14,44350,44350,0,0,0,0,1.0,1.0,1.0,1.0,1.0,1,0.2408358311255491,55
3429,15,44365,44365,0,0,0,0,1.0,1.0,1.0,1.0,1.0,1,0.3910356000780255,54
3430,21,44386,44386,0,0,0,0,1.0,1.0,1.0,1.0,1.0,1,0.33731257416742166,56
3431,16,44402,44402,0,0,0,0,1.0,1.0,1.0,1.0,1.0,1,0.3223100950864581,54
3432,26,44428,44428,0,0,0,0,1.0,1.0,1.0,1.0,1.0,1,0.3335223953905507,56
3433,20,44448,44448,0,0,0,0,1.0,1.0,1.0,1.0,1.0,1,0.34266476458651457,53
3434,26,44474,44474,0,0,0,0,1.0,1.0,1.0,1.0,1.0,1,0.40707189043157543,51
3435,23,44497,44497,0,0,0,0,1.0,1.0,1.0,1.0,1.0,1,0.4266930463576655,51
3436,24,44521,44521,0,0,0,0,1.0,1.0,1.0,1.0,1.0,1,0.29577067379963723,51
3437,24,44545,44545,0,0,0,0,1.0,1.0,1.0,1.0,1.0,1,0.4911833936043333,53
3438,17,44562,44562,0,0,0,0,1.0,1.0,1.0,1.0,1.0,1,0.4331478163529799,52
3439,18,44580,44580,0,0,0,0,1.0,1.0,1.0,1.0,1.0,1,0.39164034079666205,54
3440,23,44603,44603,0,0,0,0,1.0,1.0,1.0,1.0,1.0,1,0.37109334936470995,52
3441,10,44613,44613,0,0,0,0,1.0,1.0,1.0,1.0,1.0,1,0.36596738724005107,53
3442,17,44630,44630,0,0,0,0,1.0,1.0,1.0,1.0,1.0,1,0.36066647225109405,53
3443,12,44642,44642,0,0,0,0,1.0,1.0,1.0,1.0,1.0,1,0.38528759244778565,53
3444,13,44655,44655,0,0,0,0,1.0,1.0,1.0,1.0,1.0,1,0.3728110568898348,52
3445,14,44669,44669,0,0,0,0,1.0,1.0,1.0,1.0,1.0,1,0.24876413282300824,53
3446,13,44682,44682,0,0,0,0,1.0,1.0,1.0,1.0,1.0,1,0.2887214624318256,53
3447,19,44701,44701,0,0,0,0,1.0,1.0,1.0,1.0,1.0,1,0.29327170844658274,53
3448,13,44714,44714,0,0,0,0,1.0,1.0,1.0,1.0,1.0,1,0.26630848631254184,52
3449,17,44731,44731,0,0,0,0,1.0,1.0,1.0,1.0,1.0,1,0.2985641804955169,52
3450,8,44739,44739,0,0,0,0,1.0,1.0,1.0,1.0,1.0,1,0.24357064608642265,52
3451,15,44754,44754,0,0,0,0,1.0,1.0,1.0,1.0,1.0,1,0.2862799528999425,54
3452,10,44764,44764,0,0,0,0,1.0,1.0,1.0,1.0,1.0,1,0.2630241370390048,54
3453,21,44785,44785,0,0,0,0,1.0,1.0,1.0,1.0,1.0,1,0.25558537321079866,54
3454,17,44802,44802,0,0,0,0,1.0,1.0,1.0,1.0,1.0,1,0.36395675365174335,57
3455,18,44820,44820,0,0,0,0,1.0,1.0,1.0,1.0,1.0,1,0.3228962464988824,57
3456,15,44835,44835,0,0,0,0,1.0,1.0,1.0,1.0,1.0,1,0.35655308193691587,58
3457,26,44861,44861,0,0,0,0,1.0,1.0,1.0,1.0,1.0,1,0.3914589928841866,57
3458,26,44887,44887,0,0,0,0,1.0,1.0,1.0,1.0,1.0,1,0.4375761345848709,57
3459,21,44908,44908,0,0,0,0,1.0,1.0,1.0,1.0,1.0,1,0.43999582270761856,57
3460,14,44922,44922,0,0,0,0,1.0,1.0,1.0,1.0,1.0,1,0.3911717884081319,58
3461,28,44950,44950,0,0,0,0,1.0,1.0,1.0,1.0,1.0,1,0.39184326187727486,59
3462,22,44972,44972,0,0,0,0,0.9957287616034548,0.9885453152092651,0.9957287616034548,0.9885453152092651,1.0,1,0.44260178424526503,59
3463,13,44985,44985,0,0,0,0,1.0,1.0,1.0,1.0,1.0,1,0.3296519755982146,59
3464,16,45001,45001,0,0,0,0,1.0,1.0,1.0,1.0,1.0,1,0.3921223359160735,59
3465,18,45019,45019,0,0,0,0,1.0,1.0,1.0,1.0,1.0,1,0.3179078403568778,57
3466,12,45031,45031,0,0,0,0,1.0,1.0,1.0,1.0,1.0,1,0.30489344027914933,57
3467,17,45048,45048,0,0,0,0,1.0,1.0,1.0,1.0,1.0,1,0.2884468538782828,57
3468,18,45066,45066,0,0,0,0,1.0,1.0,1.0,1.0,1.0,1,0.30446804303783936,57
3469,14,45080,45080,0,0,0,0,1.0,1.0,1.0,1.0,1.0,1,0.31440798408583415,53
3470,10,45090,45090,0,0,0,0,1.0,1.0,1.0,1.0,1.0,1,0.2774005913754831,50
3471,10,45100,45100,0,0,0,0,1.0,1.0,1.0,1.0,1.0,1,0.3212182247434587,49
3472,18,45118,45118,0,0,0,0,1.0,1.0,1.0,1.0,1.0,1,0.2228492501757964,47
3473,5,45123,45123,0,0,0,0,1.0,1.0,1.0,1.0,1.0,1,0.3534581401356448,45
3474,21,45144,45144,0,0,0,0,1.0,1.0,1.0,1.0,1.0,1,0.31781899854474294,42
3475,13,45157,45157,0,0,0,0,1.0,1.0,1.0,1.0,1.0,1,0.3571372454579012,43
3476,13,45170,45170,0,0,0,0,1.0,1.0,1.0,1.0,1.0,1,0.28788337521880714,41
3477,19,45189,45189,0,0,0,0,1.0,1.0,1.0,1.0,1.0,1,0.3758681265882664,42
3478,19,45208,45208,0,0,0,0,1.0,1.0,1.0,1.0,1.0,1,0.3009433871760785,40
3479,18,45226,45226,0,0,0,0,1.0,1.0,1.0,1.0,1.0,1,0.3264033175362805,40
3480,19,45245,45245,0,0,0,0,1.0,1.0,1.0,1.0,1.0,1,0.24776107587097362,40
3481,17,45262,45262,0,0,0,0,1.0,1.0,1.0,1.0,1.0,1,0.2218018321541778,40
3482,10,45272,45272,0,0,0,0,1.0,1.0,1.0,1.0,1.0,1,0.23888829726034558,40
3483,14,45286,45286,0,0,0,0,1.0,1.0,1.0,1.0,1.0,1,0.42225798106488194,39
3484,12,45298,45298,0,0,0,0,1.0,1.0,1.0,1.0,1.0,1,0.389612005737704,39
3485,6,45304,45304,0,0,0,0,1.0,1.0,1.0,1.0,1.0,1,0.23060777584003186,40
3486,17,45321,45321,0,0,0,0,1.0,1.0,1.0,1.0,1.0,1,0.2931462279916694,41
3487,18,45339,45339,0,0,0,0,1.0,1.0,1.0,1.0,1.0,1,0.4544416421615889,41
3488,15,45354,45354,0,0,0,0,1.0,1.0,1.0,1.0,1.0,1,0.4354331371548056,42
3489,15,45369,45369,0,0,0,0,1.0,1.0,1.0,1.0,1.0,1,0.3941423843729187,44
3490,17,45386,45386,0,0,0,0,1.0,1.0,1.0,1.0,1.0,1,0.2611079476058144,44
3491,28,45414,45414,0,0,0,0,1.0,1.0,1.0,1.0,1.0,1,0.37036377152979877,45
3492,27,45441,45441,0,0,0,0,1.0,1.0,1.0,1.0,1.0,1,0.3910098136302436,45
3493,21,45462,45462,0,0,0,0,1.0,1.0,1.0,1.0,1.0,1,0.417630235172206,45
3494,16,45478,45478,0,0,0,0,1.0,1.0,1.0,1.0,1.0,1,0.42324316468735323,45
3495,12,45490,45490,0,0,0,0,1.0,1.0,1.0,1.0,1.0,1,0.3651319293008003,45
3496,18,45508,45508,0,0,0,0,1.0,1.0,1.0,1.0,1.0,1,0.4517237942362793,46
3497,31,45539,45539,0,0,0,0,1.0,1.0,1.0,1.0,1.0,1,0.4416273833740022,47
3498,38,45577,45577,0,0,0,0,1.0,1.0,1.0,1.0,1.0,1,0.38407790535437547,48
3499,11,45588,45588,0,0,0,0,1.0,1.0,1.0,1.0,1.0,1,0.413052321207303,47
3500,12,45600,45600,0,0,0,0,1.0,1.0,1.0,1.0,1.0,1,0.41207685262682925,50
3501,13,45613,45613,0,0,0,0,1.0,1.0,1.0,1.0,1.0,1,0.35788931505914684,50
3502,25,45638,45638,0,0,0,0,1.0,1.0,1.0,1.0,1.0,1,0.4534268354873749,50
3503,16,45654,45654,0,0,0,0,1.0,1.0,1.0,1.0,1.0,1,0.40468276636519473,50
3504,23,45677,45677,0,0,0,0,1.0,1.0,1.0,1.0,1.0,1,0.50105715544526,47
3505,23,45700,45700,0,0,0,0,1.0,1.0,1.0,1.0,1.0,1,0.5267029941112692,48
3506,16,45716,45716,0,0,0,0,1.0,1.0,1.0,1.0,1.0,1,0.4987685357536854,49
3507,12,45728,45728,0,0,0,0,1.0,1.0,1.0,1.0,1.0,1,0.5571552525095148,46
3508,28,45756,45756,0,0,0,0,1.0,1.0,1.0,1.0,1.0,1,0.5138843297529376,47
3509,10,45766,45766,0,0,0,0,1.0,1.0,1.0,1.0,1.0,1,0.5832368100765581,44
3510,11,45777,45777,0,0,0,0,1.0,1.0,1.0,1.0,1.0,1,0.4190242730374208,45
3511,18,45795,45795,0,0,0,0,1.0,1.0,1.0,1.0,1.0,1,0.5353442070846111,44
3512,19,45814,45814,0,0,0,0,1.0,1.0,1.0,1.0,1.0,1,0.47976036912926856,42
3513,16,45830,45830,0,0,0,0,1.0,1.0,1.0,1.0,1.0,1,0.47335679041334244,42
3514,6,45836,45836,0,0,0,0,1.0,1.0,1.0,1.0,1.0,1,0.46113094147380884,42
3515,13,45849,45849,0,0,0,0,1.0,1.0,1.0,1.0,1.0,1,0.4687602248869255,42
3516,14,45863,45863,0,0,0,0,1.0,1.0,1.0,1.0,1.0,1,0.37485692723392555,41
3517,11,45874,45874,0,0,0,0,1.0,1.0,1.0,1.0,1.0,1,0.4150152142925562,44
3518,17,45891,45891,0,0,0,0,1.0,1.0,1.0,1.0,1.0,1,0.5536900172717255,43
3519,12,45903,45903,0,0,0,0,1.0,1.0,1.0,1.0,1.0,1,0.484105455579455,44
3520,19,45922,45922,0,0,0,0,1.0,1.0,1.0,1.0,1.0,1,0.4786328781410889,45
3521,11,45933,45933,0,0,0,0,1.0,1.0,1.0,1.0,1.0,1,0.4429516745588249,45
3522,13,45946,45946,0,0,0,0,1.0,1.0,1.0,1.0,1.0,1,0.4548345797713793,46
3523,24,45970,45970,0,0,0,0,1.0,1.0,1.0,1.0,1.0,1,0.5215595296283175,46
3524,15,45985,45985,0,0,0,0,1.0,1.0,1.0,1.0,1.0,1,0.47291807951382403,47
3525,27,46012,46012,0,0,0,0,1.0,1.0,1.0,1.0,1.0,1,0.4461462159661152,48
3526,16,46028,46028,0,0,0,0,0.999361498262509,0.9985101626125208,0.999361498262509,0.9985101626125208,1.0,1,0.5100238835703526,49
3527,15,46043,46043,0,0,0,0,1.0,1.0,1.0,1.0,1.0,1,0.45171486830264623,49
3528,21,46064,46064,0,0,0,0,1.0,1.0,1.0,1.0,1.0,1,0.37982390039737896,51
3529,17,46081,46081,0,0,0,0,0.9573466143025323,0.9054207534534412,0.9573466143025323,0.9054207534534412,1.0,1,0.45810383250634934,51
3530,21,46102,46102,0,0,0,0,1.0,1.0,1.0,1.0,1.0,1,0.4510472684967912,52
3531,15,46117,46117,0,0,0,0,1.0,1.0,1.0,1.0,1.0,1,0.3792075242396533,52
3532,27,46144,46144,0,0,0,0,1.0,1.0,1.0,1.0,1.0,1,0.4662798448628558,52
3533,20,46164,46164,0,0,0,0,0.9570535383110462,0.9029036518336695,0.9570535383110462,0.9029036518336695,1.0,1,0.482146356997485,52
3534,20,46184,46184,0,0,0,0,1.0,1.0,1.0,1.0,1.0,1,0.49340408854835605,52
3535,32,46216,46216,0,0,0,0,1.0,1.0,1.0,1.0,1.0,1,0.36058333454710734,52
3536,22,46238,46238,0,0,0,0,1.0,1.0,1.0,1.0,1.0,1,0.4471621381664661,54
3537,32,46270,46270,0,0,0,0,1.0,1.0,1.0,1.0,1.0,1,0.40998135732107577,55
3538,18,46288,46288,0,0,0,0,1.0,1.0,1.0,1.0,1.0,1,0.47509853933009566,55
3539,15,46303,46303,0,0,0,0,0.9271765565928187,0.8310496112953394,0.9271765565928187,0.8310496112953394,1.0,1,0.47288743473844824,58
3540,16,46319,46319,0,0,0,0,1.0,1.0,1.0,1.0,1.0,1,0.3572393985139527,59
3541,18,46337,46337,0,0,0,0,1.0,1.0,1.0,1.0,1.0,1,0.44605371243224823,59
3542,23,46360,46360,0,0,0,0,0.9886180580373529,0.9684409791035694,0.9886180580373529,0.9684409791035694,1.0,1,0.45592866816964656,61
3543,16,46376,46376,0,0,0,0,1.0,1.0,1.0,1.0,1.0,1,0.34206691209800527,62
3544,26,46402,46402,0,0,0,0,1.0,1.0,1.0,1.0,1.0,1,0.4629217640631267,59
3545,23,46425,46425,0,0,0,0,0.9480776935266696,0.8723576632530629,0.9480776935266696,0.8723576632530629,1.0,1,0.47112029475879624,59
3546,23,46448,46448,0,0,0,0,1.0,1.0,1.0,1.0,1.0,1,0.4720265074713564,57
3547,16,46464,46464,0,0,0,0,1.0,1.0,1.0,1.0,1.0,1,0.5422252115305277,53
3548,20,46484,46484,0,0,0,0,1.0,1.0,1.0,1.0,1.0,1,0.4064197618722451,53
3549,29,46513,46513,0,0,0,0,1.0,1.0,1.0,1.0,1.0,1,0.45689117360592013,52
3550,18,46531,46531,0,0,0,0,1.0,1.0,1.0,1.0,1.0,1,0.5389291265827597,51
3551,13,46544,46544,0,0,0,0,0.9041714363238417,0.8120285866352278,0.9041714363238417,0.8120285866352278,1.0,1,0.5817337634744318,51
3552,26,46570,46570,0,0,0,0,1.0,1.0,1.0,1.0,1.0,1,0.5682528738386005,51
3553,16,46586,46586,0,0,0,0,0.9334881422180771,0.869636758747431,0.9334881422180771,0.869636758747431,1.0,1,0.599461990295434,49
3554,21,46607,46607,0,0,0,0,1.0,1.0,1.0,1.0,1.0,1,0.573387510891148,49
3555,19,46626,46626,0,0,0,0,1.0,1.0,1.0,1.0,1.0,1,0.5296850452943326,51
3556,31,46657,46657,0,0,0,0,1.0,1.0,1.0,1.0,1.0,1,0.5019560052820146,51
3557,26,46683,46683,0,0,0,0,1.0,1.0,1.0,1.0,1.0,1,0.4743919088614045,52
3558,27,46710,46710,0,0,0,0,1.0,1.0,1.0,1.0,1.0,1,0.44591605604158546,52
3559,25,46735,46735,0,0,0,0,1.0,1.0,1.0,1.0,1.0,1,0.5283447357439823,52
3560,21,46756,46756,0,0,0,0,0.9784182563306345,0.9480076175238012,0.9784182563306345,0.9480076175238012,1.0,1,0.5869844180242909,53
3561,27,46783,46783,0,0,0,0,1.0,1.0,1.0,1.0,1.0,1,0.49920557163329676,54
3562,23,46806,46806,0,0,0,0,1.0,1.0,1.0,1.0,1.0,1,0.5198108751337237,54
3563,28,46834,46834,0,0,0,0,0.9995828581948598,0.9989074857484426,0.9995828581948598,0.9989074857484426,1.0,1,0.5414061097848446,55
3564,14,46848,46848,0,0,0,0,1.0,1.0,1.0,1.0,1.0,1,0.5236883131525735,57
3565,17,46865,46865,0,0,0,0,1.0,1.0,1.0,1.0,1.0,1,0.5273786177442737,56
3566,16,46881,46881,0,0,0,0,0.9828040229698729,0.9554467867855799,0.9828040229698729,0.9554467867855799,1.0,1,0.5585528453637968,57
3567,17,46898,46898,0,0,0,0,0.980311793839658,0.9489896476754777,0.980311793839658,0.9489896476754777,1.0,1,0.5879758851986167,57
3568,18,46916,46916,0,0,0,0,1.0,1.0,1.0,1.0,1.0,1,0.4698712238358693,57
3569,24,46940,46940,0,0,0,0,1.0,1.0,1.0,1.0,1.0,1,0.5103779482361263,57
3570,16,46956,46956,0,0,0,0,1.0,1.0,1.0,1.0,1.0,1,0.4845664906852192,59
3571,25,46981,46981,0,0,0,0,1.0,1.0,1.0,1.0,1.0,1,0.4295814213762962,60
3572,15,46996,46996,0,0,0,0,1.0,1.0,1.0,1.0,1.0,1,0.42185024426713974,61
3573,24,47020,47020,0,0,0,0,1.0,1.0,1.0,1.0,1.0,1,0.4095378594214386,62
3574,17,47037,47037,0,0,0,0,1.0,1.0,1.0,1.0,1.0,1,0.41747825635903457,63
3575,18,47055,47055,0,0,0,0,1.0,1.0,1.0,1.0,1.0,1,0.4627433848049827,63
3576,11,47066,47066,0,0,0,0,1.0,1.0,1.0,1.0,1.0,1,0.3871112715448238,63
3577,15,47081,47081,0,0,0,0,1.0,1.0,1.0,1.0,1.0,1,0.37224484903867183,64
3578,10,47091,47091,0,0,0,0,1.0,1.0,1.0,1.0,1.0,1,0.3692950051899348,64
3579,8,47099,47099,0,0,0,0,1.0,1.0,1.0,1.0,1.0,1,0.3764686745677507,64
3580,16,47115,47115,0,0,0,0,1.0,1.0,1.0,1.0,1.0,1,0.3642391819219394,65
3581,13,47128,47128,0,0,0,0,1.0,1.0,1.0,1.0,1.0,1,0.4080081178127313,68
3582,13,47141,47141,0,0,0,0,1.0,1.0,1.0,1.0,1.0,1,0.3703732431273129,68
3583,14,47155,47155,0,0,0,0,1.0,1.0,1.0,1.0,1.0,1,0.434841284623789,65
3584,26,47181,47181,0,0,0,0,1.0,1.0,1.0,1.0,1.0,1,0.4518744410009635,64
3585,15,47196,47196,0,0,0,0,1.0,1.0,1.0,1.0,1.0,1,0.41326733064641735,64
3586,21,47217,47217,0,0,0,0,1.0,1.0,1.0,1.0,1.0,1,0.3094791517527877,65
3587,30,47247,47247,0,0,0,0,1.0,1.0,1.0,1.0,1.0,1,0.40397139588746134,64
3588,20,47267,47267,0,0,0,0,1.0,1.0,1.0,1.0,1.0,1,0.3849299347488212,62
3589,22,47289,47289,0,0,0,0,1.0,1.0,1.0,1.0,1.0,1,0.22765106888074646,63
3590,18,47307,47307,0,0,0,0,1.0,1.0,1.0,1.0,1.0,1,0.3551604307147136,63
3591,22,47329,47329,0,0,0,0,1.0,1.0,1.0,1.0,1.0,1,0.3932186583377804,62
3592,8,47337,47337,0,0,0,0,1.0,1.0,1.0,1.0,1.0,1,0.29896302151960524,59
3593,15,47352,47352,0,0,0,0,1.0,1.0,1.0,1.0,1.0,1,0.3718091803289353,58
3594,20,47372,47372,0,0,0,0,1.0,1.0,1.0,1.0,1.0,1,0.42145275935146537,57
3595,18,47390,47390,0,0,0,0,1.0,1.0,1.0,1.0,1.0,1,0.34163165358941006,59
3596,24,47414,47414,0,0,0,0,1.0,1.0,1.0,1.0,1.0,1,0.4309479401022953,57
3597,24,47438,47438,0,0,0,0,1.0,1.0,1.0,1.0,1.0,1,0.4002753850344796,57
3598,16,47454,47454,0,0,0,0,1.0,1.0,1.0,1.0,1.0,1,0.3449748523201205,57
3599,22,47476,47476,0,0,0,0,1.0,1.0,1.0,1.0,1.0,1,0.3754194055047185,58
3600,15,47491,47491,0,0,0,0,1.0,1.0,1.0,1.0,1.0,1,0.30839098444561813,58
3601,19,47510,47510,0,0,0,0,1.0,1.0,1.0,1.0,1.0,1,0.3362539373444597,58
3602,16,47526,47526,0,0,0,0,1.0,1.0,1.0,1.0,1.0,1,0.35508511855486724,60
3603,18,47544,47544,0,0,0,0,1.0,1.0,1.0,1.0,1.0,1,0.350693628377492,60
3604,14,47558,47558,0,0,0,0,1.0,1.0,1.0,1.0,1.0,1,0.28982621886806165,60
3605,19,47577,47577,0,0,0,0,1.0,1.0,1.0,1.0,1.0,1,0.33536722179131173,61
3606,9,47586,47586,0,0,0,0,1.0,1.0,1.0,1.0,1.0,1,0.28254147679796027,63
3607,16,47602,47602,0,0,0,0,1.0,1.0,1.0,1.0,1.0,1,0.2643241868414833,63
3608,21,47623,47623,0,0,0,0,1.0,1.0,1.0,1.0,1.0,1,0.25528315493176845,64
3609,20,47643,47643,0,0,0,0,1.0,1.0,1.0,1.0,1.0,1,0.2672439734118874,66
3610,16,47659,47659,0,0,0,0,1.0,1.0,1.0,1.0,1.0,1,0.2807681916273269,67
3611,18,47677,47677,0,0,0,0,1.0,1.0,1.0,1.0,1.0,1,0.22114676112527026,67
3612,14,47691,47691,0,0,0,0,1.0,1.0,1.0,1.0,1.0,1,0.2736493715308752,66
3613,12,47703,47703,0,0,0,0,1.0,1.0,1.0,1.0,1.0,1,0.3029432042102965,66
3614,11,47714,47714,0,0,0,0,1.0,1.0,1.0,1.0,1.0,1,0.310669425238994,65
3615,5,47719,47719,0,0,0,0,1.0,1.0,1.0,1.0,1.0,1,0.34486613464558624,65
3616,7,47726,47726,0,0,0,0,1.0,1.0,1.0,1.0,1.0,1,0.3657885634412367,65
3617,13,47739,47739,0,0,0,0,0.9952572025874395,0.9850940652748098,0.9952572025874395,0.9850940652748098,1.0,1,0.43723095921782745,66
3618,9,47748,47748,0,0,0,0,1.0,1.0,1.0,1.0,1.0,1,0.37097423495086396,66
3619,5,47753,47753,0,0,0,0,1.0,1.0,1.0,1.0,1.0,1,0.3388376744256386,65
3620,14,47767,47767,0,0,0,0,1.0,1.0,1.0,1.0,1.0,1,0.3526439200368008,66
3621,14,47781,47781,0,0,0,0,1.0,1.0,1.0,1.0,1.0,1,0.41112395379510996,65
3622,12,47793,47793,0,0,0,0,1.0,1.0,1.0,1.0,1.0,1,0.36096283021242015,65
3623,14,47807,47807,0,0,0,0,1.0,1.0,1.0,1.0,1.0,1,0.32726588850857363,62
3624,19,47826,47826,0,0,0,0,1.0,1.0,1.0,1.0,1.0,1,0.341905165382587,62
3625,17,47843,47843,0,0,0,0,1.0,1.0,1.0,1.0,1.0,1,0.29848966002278643,61
3626,18,47861,47861,0,0,0,0,1.0,1.0,1.0,1.0,1.0,1,0.28645551273781655,58
3627,18,47879,47879,0,0,0,0,1.0,1.0,1.0,1.0,1.0,1,0.16279048831588108,58
3628,19,47898,47898,0,0,0,0,1.0,1.0,1.0,1.0,1.0,1,0.2974820994057647,57
3629,20,47918,47918,0,0,0,0,1.0,1.0,1.0,1.0,1.0,1,0.21667733488243832,57
3630,21,47939,47939,0,0,0,0,1.0,1.0,1.0,1.0,1.0,1,0.3104240685589189,56
3631,14,47953,47953,0,0,0,0,1.0,1.0,1.0,1.0,1.0,1,0.23635471136909755,54
3632,15,47968,47968,0,0,0,0,1.0,1.0,1.0,1.0,1.0,1,0.22504634777984048,52
3633,16,47984,47984,0,0,0,0,1.0,1.0,1.0,1.0,1.0,1,0.19790755685927577,52
3634,10,47994,47994,0,0,0,0,1.0,1.0,1.0,1.0,1.0,1,0.2253652363802458,49
3635,19,48013,48013,0,0,0,0,1.0,1.0,1.0,1.0,1.0,1,0.18260679948031422,47
3636,14,48027,48027,0,0,0,0,1.0,1.0,1.0,1.0,1.0,1,0.14445300477412404,48
3637,16,48043,48043,0,0,0,0,1.0,1.0,1.0,1.0,1.0,1,0.2976677202529645,49
3638,18,48061,48061,0,0,0,0,1.0,1.0,1.0,1.0,1.0,1,0.27671001476218204,50
3639,15,48076,48076,0,0,0,0,1.0,1.0,1.0,1.0,1.0,1,0.29822381213845817,52
3640,12,48088,48088,0,0,0,0,1.0,1.0,1.0,1.0,1.0,1,0.33624304638365526,52
3641,8,48096,48096,0,0,0,0,1.0,1.0,1.0,1.0,1.0,1,0.26801280203621347,52
3642,8,48104,48104,0,0,0,0,1.0,1.0,1.0,1.0,1.0,1,0.31289838965248695,52
3643,9,48113,48113,0,0,0,0,1.0,1.0,1.0,1.0,1.0,1,0.31500402110589304,52
3644,9,48122,48122,0,0,0,0,1.0,1.0,1.0,1.0,1.0,1,0.28961015513701666,52
3645,12,48134,48134,0,0,0,0,1.0,1.0,1.0,1.0,1.0,1,0.30169444702783477,53
3646,12,48146,48146,0,0,0,0,1.0,1.0,1.0,1.0,1.0,1,0.2827718044410245,53
3647,15,48161,48161,0,0,0,0,1.0,1.0,1.0,1.0,1.0,1,0.295400398184559,55
3648,15,48176,48176,0,0,0,0,1.0,1.0,1.0,1.0,1.0,1,0.3065755299622808,57
3649,18,48194,48194,0,0,0,0,1.0,1.0,1.0,1.0,1.0,1,0.25050180338377437,57
3650,7,48201,48201,0,0,0,0,1.0,1.0,1.0,1.0,1.0,1,0.25398005615347186,59
3651,19,48220,48220,0,0,0,0,1.0,1.0,1.0,1.0,1.0,1,0.32557564484610446,59
3652,6,48226,48226,0,0,0,0,1.0,1.0,1.0,1.0,1.0,1,0.280843069961228,59
3653,6,48232,48232,0,0,0,0,1.0,1.0,1.0,1.0,1.0,1,0.2944500866946863,59
3654,8,48240,48240,0,0,0,0,1.0,1.0,1.0,1.0,1.0,1,0.26667044522747463,59
3655,8,48248,48248,0,0,0,0,1.0,1.0,1.0,1.0,1.0,1,0.2109913024742098,62
3656,10,48258,48258,0,0,0,0,1.0,1.0,1.0,1.0,1.0,1,0.24476988651487722,62
3657,11,48269,48269,0,0,0,0,1.0,1.0,1.0,1.0,1.0,1,0.22355824433984822,63
3658,9,48278,48278,0,0,0,0,1.0,1.0,1.0,1.0,1.0,1,0.216794478982974,63
3659,21,48299,48299,0,0,0,0,1.0,1.0,1.0,1.0,1.0,1,0.23087019534063388,62
3660,20,48319,48319,0,0,0,0,1.0,1.0,1.0,1.0,1.0,1,0.20943440872610788,62
3661,17,48336,48336,0,0,0,0,1.0,1.0,1.0,1.0,1.0,1,0.24677235893124905,61
3662,23,48359,48359,0,0,0,0,1.0,1.0,1.0,1.0,1.0,1,0.30451156353851855,60
3663,21,48380,48380,0,0,0,0,1.0,1.0,1.0,1.0,1.0,1,0.24384724481874032,61
3664,28,48408,48408,0,0,0,0,1.0,1.0,1.0,1.0,1.0,1,0.22737748629161733,58
3665,18,48426,48426,0,0,0,0,1.0,1.0,1.0,1.0,1.0,1,0.2291684738582656,58
3666,17,48443,48443,0,0,0,0,1.0,1.0,1.0,1.0,1.0,1,0.2134003271526287,58
3667,24,48467,48467,0,0,0,0,1.0,1.0,1.0,1.0,1.0,1,0.29290929561076995,58
3668,34,48501,48501,0,0,0,0,1.0,1.0,1.0,1.0,1.0,1,0.2862691529171826,58
3669,15,48516,48516,0,0,0,0,1.0,1.0,1.0,1.0,1.0,1,0.31358750717695194,57
3670,19,48535,48535,0,0,0,0,1.0,1.0,1.0,1.0,1.0,1,0.2862209790361752,56
3671,11,48546,48546,0,0,0,0,1.0,1.0,1.0,1.0,1.0,1,0.27879370034070716,57
3672,18,48564,48564,0,0,0,0,1.0,1.0,1.0,1.0,1.0,1,0.24657511200795612,57
3673,13,48577,48577,0,0,0,0,1.0,1.0,1.0,1.0,1.0,1,0.30841409388641533,58
3674,14,48591,48591,0,0,0,0,1.0,1.0,1.0,1.0,1.0,1,0.2647619581527111,57
3675,11,48602,48602,0,0,0,0,1.0,1.0,1.0,1.0,1.0,1,0.2823475803451385,58
3676,7,48609,48609,0,0,0,0,1.0,1.0,1.0,1.0,1.0,1,0.255989906418481,59
3677,12,48621,48621,0,0,0,0,1.0,1.0,1.0,1.0,1.0,1,0.24160202675783948,60
3678,16,48637,48637,0,0,0,0,1.0,1.0,1.0,1.0,1.0,1,0.2586516927929114,62
3679,20,48657,48657,0,0,0,0,1.0,1.0,1.0,1.0,1.0,1,0.318095793797226,62
3680,13,48670,48670,0,0,0,0,1.0,1.0,1.0,1.0,1.0,1,0.30378945174717376,63
3681,10,48680,48680,0,0,0,0,1.0,1.0,1.0,1.0,1.0,1,0.27439850584037045,64
3682,7,48687,48687,0,0,0,0,1.0,1.0,1.0,1.0,1.0,1,0.22505897670742708,64
3683,12,48699,48699,0,0,0,0,1.0,1.0,1.0,1.0,1.0,1,0.29067345660189925,64
3684,6,48705,48705,0,0,0,0,1.0,1.0,1.0,1.0,1.0,1,0.2953025527225303,64
3685,7,48712,48712,0,0,0,0,1.0,1.0,1.0,1.0,1.0,1,0.26204300862110413,64
3686,10,48722,48722,0,0,0,0,1.0,1.0,1.0,1.0,1.0,1,0.2874649338282939,65
3687,3,48725,48725,0,0,0,0,1.0,1.0,1.0,1.0,1.0,1,0.29662594504511103,65
3688,11,48736,48736,0,0,0,0,1.0,1.0,1.0,1.0,1.0,1,0.25261567293816267,66
3689,7,48743,48743,0,0,0,0,1.0,1.0,1.0,1.0,1.0,1,0.3490686442775058,66
3690,18,48761,48761,0,0,0,0,1.0,1.0,1.0,1.0,1.0,1,0.29036273575298216,67
3691,12,48773,48773,0,0,0,0,1.0,1.0,1.0,1.0,1.0,1,0.3047913516615593,68
3692,14,48787,48787,0,0,0,0,1.0,1.0,1.0,1.0,1.0,1,0.27991595878929026,69
3693,23,48810,48810,0,0,0,0,1.0,1.0,1.0,1.0,1.0,1,0.2924444645830201,69
3694,22,48832,48832,0,0,0,0,1.0,1.0,1.0,1.0,1.0,1,0.32021939837952434,70
3695,18,48850,48850,0,0,0,0,1.0,1.0,1.0,1.0,1.0,1,0.2413399996946976,70
3696,17,48867,48867,0,0,0,0,1.0,1.0,1.0,1.0,1.0,1,0.32782929876534733,71
3697,25,48892,48892,0,0,0,0,1.0,1.0,1.0,1.0,1.0,1,0.30869069681623157,70
3698,26,48918,48918,0,0,0,0,1.0,1.0,1.0,1.0,1.0,1,0.2639904323469949,70
3699,32,48950,48950,0,0,0,0,1.0,1.0,1.0,1.0,1.0,1,0.3307070642810219,70
3700,24,48974,48974,0,0,0,0,1.0,1.0,1.0,1.0,1.0,1,0.32057793777294485,68
3701,34,49008,49008,0,0,0,0,1.0,1.0,1.0,1.0,1.0,1,0.395939477067874,69
3702,14,49022,49022,0,0,0,0,1.0,1.0,1.0,1.0,1.0,1,0.39729118523115126,69
3703,27,49049,49049,0,0,0,0,1.0,1.0,1.0,1.0,1.0,1,0.3358072646371792,70
3704,25,49074,49074,0,0,0,0,0.9326141776017858,0.8062657606051343,0.9326141776017858,0.8062657606051343,1.0,1,0.4512820870740431,69
3705,15,49089,49089,0,0,0,0,1.0,1.0,1.0,1.0,1.0,1,0.3612248693759884,69
3706,19,49108,49108,0,0,0,0,1.0,1.0,1.0,1.0,1.0,1,0.3688527418024602,69
3707,16,49124,49124,0,0,0,0,1.0,1.0,1.0,1.0,1.0,1,0.34706192544434983,67
3708,24,49148,49148,0,0,0,0,0.9527346377819865,0.8623139448431782,0.9527346377819865,0.8623139448431782,1.0,1,0.40269200273807587,67
3709,16,49164,49164,0,0,0,0,1.0,1.0,1.0,1.0,1.0,1,0.3359696326892858,67
3710,34,49198,49198,0,0,0,0,1.0,1.0,1.0,1.0,1.0,1,0.4075801507622867,67
3711,32,49230,49230,0,0,0,0,0.9782483616387753,0.9295661234017489,0.9782483616387753,0.9295661234017489,1.0,1,0.42038828781091214,68
3712,16,49246,49246,0,0,0,0,0.9723931492736715,0.9146697341186204,0.9723931492736715,0.9146697341186204,1.0,1,0.4398542164483756,68
3713,33,49279,49279,0,0,0,0,1.0,1.0,1.0,1.0,1.0,1,0.3286778903039523,68
3714,21,49300,49300,0,0,0,0,0.9669075308832487,0.8992183895080754,0.9669075308832487,0.8992183895080754,1.0,1,0.406968127389732,67
3715,15,49315,49315,0,0,0,0,1.0,1.0,1.0,1.0,1.0,1,0.32542598449108084,68
3716,15,49330,49330,0,0,0,0,1.0,1.0,1.0,1.0,1.0,1,0.33941081092101927,67
3717,16,49346,49346,0,0,0,0,1.0,1.0,1.0,1.0,1.0,1,0.35851347591486177,68
3718,24,49370,49370,0,0,0,0,0.9802922290701853,0.9361843607986952,0.9802922290701853,0.9361843607986952,1.0,1,0.3415383561830333,68
3719,38,49408,49408,0,0,0,0,1.0,1.0,1.0,1.0,1.0,1,0.31691028352038275,68
3720,18,49426,49426,0,0,0,0,1.0,1.0,1.0,1.0,1.0,1,0.317190476190231,68
3721,31,49457,49457,0,0,0,0,1.0,1.0,1.0,1.0,1.0,1,0.32972574056936654,70
3722,30,49487,49487,0,0,0,0,1.0,1.0,1.0,1.0,1.0,1,0.30306930510442526,71
3723,31,49518,49518,0,0,0,0,1.0,1.0,1.0,1.0,1.0,1,0.3194629323096072,71
3724,31,49549,49549,0,0,0,0,1.0,1.0,1.0,1.0,1.0,1,0.34346133937216067,72
3725,24,49573,49573,0,0,0,0,1.0,1.0,1.0,1.0,1.0,1,0.3258284179972396,72
3726,29,49602,49602,0,0,0,0,1.0,1.0,1.0,1.0,1.0,1,0.25656226942881405,71
3727,15,49617,49617,0,0,0,0,0.9406880964429843,0.8245356186438292,0.9406880964429843,0.8245356186438292,1.0,1,0.4114345491875429,71
3728,29,49646,49646,0,0,0,0,1.0,1.0,1.0,1.0,1.0,1,0.3465533753802424,70
3729,24,49670,49670,0,0,0,0,1.0,1.0,1.0,1.0,1.0,1,0.3648593492030491,70
3730,27,49697,49697,0,0,0,0,1.0,1.0,1.0,1.0,1.0,1,0.35438747727385045,71
3731,10,49707,49707,0,0,0,0,1.0,1.0,1.0,1.0,1.0,1,0.32739887465577067,71
3732,11,49718,49718,0,0,0,0,1.0,1.0,1.0,1.0,1.0,1,0.3209324319089106,72
3733,12,49730,49730,0,0,0,0,1.0,1.0,1.0,1.0,1.0,1,0.3572758277785216,73
3734,18,49748,49748,0,0,0,0,1.0,1.0,1.0,1.0,1.0,1,0.33136610304630154,74
3735,19,49767,49767,0,0,0,0,1.0,1.0,1.0,1.0,1.0,1,0.37663004813017864,72
3736,15,49782,49782,0,0,0,0,1.0,1.0,1.0,1.0,1.0,1,0.3513021268956392,72
3737,16,49798,49798,0,0,0,0,1.0,1.0,1.0,1.0,1.0,1,0.3285037791263245,73
3738,9,49807,49807,0,0,0,0,1.0,1.0,1.0,1.0,1.0,1,0.3377537051251987,72
3739,17,49824,49824,0,0,0,0,1.0,1.0,1.0,1.0,1.0,1,0.37867944520041397,73
3740,13,49837,49837,0,0,0,0,1.0,1.0,1.0,1.0,1.0,1,0.34405272745969223,70
3741,19,49856,49856,0,0,0,0,1.0,1.0,1.0,1.0,1.0,1,0.34401765177761007,70
3742,14,49870,49870,0,0,0,0,1.0,1.0,1.0,1.0,1.0,1,0.30273319212538213,70
3743,17,49887,49887,0,0,0,0,1.0,1.0,1.0,1.0,1.0,1,0.3413347363537761,69
3744,22,49909,49909,0,0,0,0,1.0,1.0,1.0,1.0,1.0,1,0.34723312376938836,69
3745,20,49929,49929,0,0,0,0,1.0,1.0,1.0,1.0,1.0,1,0.2424306538473644,68
3746,18,49947,49947,0,0,0,0,1.0,1.0,1.0,1.0,1.0,1,0.3091511682263122,66
3747,18,49965,49965,0,0,0,0,1.0,1.0,1.0,1.0,1.0,1,0.31966263553788615,66
3748,21,49986,49986,0,0,0,0,1.0,1.0,1.0,1.0,1.0,1,0.3334900767794923,65
3749,11,49997,49997,0,0,0,0,1.0,1.0,1.0,1.0,1.0,1,0.30399280351921193,64
3750,15,50012,50012,0,0,0,0,1.0,1.0,1.0,1.0,1.0,1,0.37043222192329645,63
3751,15,50027,50027,0,0,0,0,1.0,1.0,1.0,1.0,1.0,1,0.36920211220536353,64
3752,17,50044,50044,0,0,0,0,1.0,1.0,1.0,1.0,1.0,1,0.34877023598976103,64
3753,27,50071,50071,0,0,0,0,1.0,1.0,1.0,1.0,1.0,1,0.3211394174671736,65
3754,17,50088,50088,0,0,0,0,1.0,1.0,1.0,1.0,1.0,1,0.3084451589225256,65
3755,12,50100,50100,0,0,0,0,1.0,1.0,1.0,1.0,1.0,1,0.3688144263754625,65
3756,28,50128,50128,0,0,0,0,1.0,1.0,1.0,1.0,1.0,1,0.36355818886568697,65
3757,15,50143,50143,0,0,0,0,1.0,1.0,1.0,1.0,1.0,1,0.3345963737322173,65
3758,10,50153,50153,0,0,0,0,1.0,1.0,1.0,1.0,1.0,1,0.340341883403257,64
3759,19,50172,50172,0,0,0,0,1.0,1.0,1.0,1.0,1.0,1,0.30394017709435733,64
3760,14,50186,50186,0,0,0,0,1.0,1.0,1.0,1.0,1.0,1,0.3983318425798586,63
3761,13,50199,50199,0,0,0,0,1.0,1.0,1.0,1.0,1.0,1,0.35317510561788656,63
3762,20,50219,50219,0,0,0,0,1.0,1.0,1.0,1.0,1.0,1,0.3906005337814699,65
3763,16,50235,50235,0,0,0,0,1.0,1.0,1.0,1.0,1.0,1,0.3636987248021983,65
3764,29,50264,50264,0,0,0,0,1.0,1.0,1.0,1.0,1.0,1,0.3390945915146899,66
3765,26,50290,50290,0,0,0,0,1.0,1.0,1.0,1.0,1.0,1,0.30672086363835027,67
3766,21,50311,50311,0,0,0,0,1.0,1.0,1.0,1.0,1.0,1,0.388919868103368,67
3767,14,50325,50325,0,0,0,0,1.0,1.0,1.0,1.0,1.0,1,0.3883136823122612,68
3768,25,50350,50350,0,0,0,0,0.9980241293438694,0.9933808333019625,0.9980241293438694,0.9933808333019625,1.0,1,0.3959083615385996,67
3769,24,50374,50374,0,0,0,0,1.0,1.0,1.0,1.0,1.0,1,0.3086945320970434,69
3770,21,50395,50395,0,0,0,0,0.9736748262267607,0.9174346822566584,0.9736748262267607,0.9174346822566584,1.0,1,0.37117866855055376,69
3771,34,50429,50429,0,0,0,0,1.0,1.0,1.0,1.0,1.0,1,0.2925953561847561,69
3772,33,50462,50462,0,0,0,0,1.0,1.0,1.0,1.0,1.0,1,0.37072967182607564,70
3773,20,50482,50482,0,0,0,0,1.0,1.0,1.0,1.0,1.0,1,0.34926782372064563,68
3774,26,50508,50508,0,0,0,0,1.0,1.0,1.0,1.0,1.0,1,0.3274010822629367,68
3775,21,50529,50529,0,0,0,0,1.0,1.0,1.0,1.0,1.0,1,0.34323225407404845,68
3776,29,50558,50558,0,0,0,0,1.0,1.0,1.0,1.0,1.0,1,0.3777583091441166,66
3777,32,50590,50590,0,0,0,0,1.0,1.0,1.0,1.0,1.0,1,0.4277992610209554,65
3778,32,50622,50622,0,0,0,0,1.0,1.0,1.0,1.0,1.0,1,0.35106080137841816,65
3779,16,50638,50638,0,0,0,0,1.0,1.0,1.0,1.0,1.0,1,0.34445205624938413,65
3780,21,50659,50659,0,0,0,0,1.0,1.0,1.0,1.0,1.0,1,0.4061674317259919,64
3781,19,50678,50678,0,0,0,0,1.0,1.0,1.0,1.0,1.0,1,0.33663934148132857,64
3782,18,50696,50696,0,0,0,0,1.0,1.0,1.0,1.0,1.0,1,0.3402547250170711,67
3783,16,50712,50712,0,0,0,0,1.0,1.0,1.0,1.0,1.0,1,0.39797539838236445,65
3784,15,50727,50727,0,0,0,0,1.0,1.0,1.0,1.0,1.0,1,0.3491509093067892,65
3785,17,50744,50744,0,0,0,0,1.0,1.0,1.0,1.0,1.0,1,0.4108913976908267,63
3786,17,50761,50761,0,0,0,0,1.0,1.0,1.0,1.0,1.0,1,0.35490190012023637,66
3787,16,50777,50777,0,0,0,0,1.0,1.0,1.0,1.0,1.0,1,0.3373595169864977,65
3788,14,50791,50791,0,0,0,0,1.0,1.0,1.0,1.0,1.0,1,0.35834060686549046,65
3789,16,50807,50807,0,0,0,0,1.0,1.0,1.0,1.0,1.0,1,0.3812547467628135,65
3790,18,50825,50825,0,0,0,0,1.0,1.0,1.0,1.0,1.0,1,0.30735452115612394,64
3791,15,50840,50840,0,0,0,0,1.0,1.0,1.0,1.0,1.0,1,0.36183268920085176,64
3792,13,50853,50853,0,0,0,0,1.0,1.0,1.0,1.0,1.0,1,0.3768322546971928,65
3793,19,50872,50872,0,0,0,0,1.0,1.0,1.0,1.0,1.0,1,0.3556329600983546,68
3794,16,50888,50888,0,0,0,0,1.0,1.0,1.0,1.0,1.0,1,0.3345962844191459,68
3795,15,50903,50903,0,0,0,0,1.0,1.0,1.0,1.0,1.0,1,0.3450952934907475,69
3796,32,50935,50935,0,0,0,0,0.9778048439901965,0.9270730588249314,0.9778048439901965,0.9270730588249314,1.0,1,0.41701879536147546,69
3797,24,50959,50959,0,0,0,0,0.9719353687079229,0.9107034458888454,0.9719353687079229,0.9107034458888454,1.0,1,0.3903055802549448,70
3798,21,50980,50980,0,0,0,0,1.0,1.0,1.0,1.0,1.0,1,0.3931618811197798,70
3799,25,51005,51005,0,0,0,0,1.0,1.0,1.0,1.0,1.0,1,0.345692102390494,69
3800,31,51036,51036,0,0,0,0,1.0,1.0,1.0,1.0,1.0,1,0.3679766103305991,69
3801,18,51054,51054,0,0,0,0,0.9888520930479865,0.9660495561006864,0.9888520930479865,0.9660495561006864,1.0,1,0.4197563687408421,67
3802,31,51085,51085,0,0,0,0,1.0,1.0,1.0,1.0,1.0,1,0.3766626534664388,67
3803,19,51104,51104,0,0,0,0,1.0,1.0,1.0,1.0,1.0,1,0.3901474780316929,69
3804,29,51133,51133,0,0,0,0,1.0,1.0,1.0,1.0,1.0,1,0.36800117284152134,70
3805,31,51164,51164,0,0,0,0,1.0,1.0,1.0,1.0,1.0,1,0.3154723175927914,71
3806,28,51192,51192,0,0,0,0,1.0,1.0,1.0,1.0,1.0,1,0.3212881937574386,71
3807,29,51221,51221,0,0,0,0,1.0,1.0,1.0,1.0,1.0,1,0.2910856751936209,72
3808,15,51236,51236,0,0,0,0,1.0,1.0,1.0,1.0,1.0,1,0.2270458765821856,72
3809,13,51249,51249,0,0,0,0,1.0,1.0,1.0,1.0,1.0,1,0.29618266978304403,72
3810,14,51263,51263,0,0,0,0,1.0,1.0,1.0,1.0,1.0,1,0.2824828074808071,72
3811,15,51278,51278,0,0,0,0,1.0,1.0,1.0,1.0,1.0,1,0.2882107944495572,71
3812,12,51290,51290,0,0,0,0,1.0,1.0,1.0,1.0,1.0,1,0.27875887268331134,72
3813,13,51303,51303,0,0,0,0,1.0,1.0,1.0,1.0,1.0,1,0.25912726723451174,71
3814,16,51319,51319,0,0,0,0,1.0,1.0,1.0,1.0,1.0,1,0.30792005638464265,72
3815,17,51336,51336,0,0,0,0,1.0,1.0,1.0,1.0,1.0,1,0.2738483071578476,71
3816,13,51349,51349,0,0,0,0,1.0,1.0,1.0,1.0,1.0,1,0.3030597609005282,69
3817,16,51365,51365,0,0,0,0,1.0,1.0,1.0,1.0,1.0,1,0.34346887125312237,72
3818,27,51392,51392,0,0,0,0,1.0,1.0,1.0,1.0,1.0,1,0.35584773381807,72
3819,12,51404,51404,0,0,0,0,1.0,1.0,1.0,1.0,1.0,1,0.38348088032980515,72
3820,16,51420,51420,0,0,0,0,1.0,1.0,1.0,1.0,1.0,1,0.33926424338829364,72
3821,16,51436,51436,0,0,0,0,1.0,1.0,1.0,1.0,1.0,1,0.3270108043721356,72
3822,13,51449,51449,0,0,0,0,1.0,1.0,1.0,1.0,1.0,1,0.30684047321227037,69
3823,21,51470,51470,0,0,0,0,1.0,1.0,1.0,1.0,1.0,1,0.3464998339093442,69
3824,15,51485,51485,0,0,0,0,1.0,1.0,1.0,1.0,1.0,1,0.34750158884855364,65
3825,12,51497,51497,0,0,0,0,1.0,1.0,1.0,1.0,1.0,1,0.36735077524595533,64
3826,24,51521,51521,0,0,0,0,1.0,1.0,1.0,1.0,1.0,1,0.3709243321879079,65
3827,26,51547,51547,0,0,0,0,1.0,1.0,1.0,1.0,1.0,1,0.29681247206917805,64
3828,16,51563,51563,0,0,0,0,1.0,1.0,1.0,1.0,1.0,1,0.3462103851269643,65
3829,30,51593,51593,0,0,0,0,1.0,1.0,1.0,1.0,1.0,1,0.27691277230550904,65
3830,34,51627,51627,0,0,0,0,1.0,1.0,1.0,1.0,1.0,1,0.31202457618436186,64
3831,47,51674,51674,0,0,0,0,1.0,1.0,1.0,1.0,1.0,1,0.35354884882818133,63
3832,28,51702,51702,0,0,0,0,1.0,1.0,1.0,1.0,1.0,1,0.41763406743831755,64
3833,25,51727,51727,0,0,0,0,0.9927404305973898,0.9797994590536064,0.9927404305973898,0.9797994590536064,1.0,1,0.44155794661762254,64
3834,21,51748,51748,0,0,0,0,1.0,1.0,1.0,1.0,1.0,1,0.3857935778122819,63
3835,20,51768,51768,0,0,0,0,1.0,1.0,1.0,1.0,1.0,1,0.35608738488602437,63
3836,34,51802,51802,0,0,0,0,1.0,1.0,1.0,1.0,1.0,1,0.34035425004150643,63
3837,22,51824,51824,0,0,0,0,1.0,1.0,1.0,1.0,1.0,1,0.27262790460343755,62
3838,28,51852,51852,0,0,0,0,1.0,1.0,1.0,1.0,1.0,1,0.3155168380377143,62
3839,24,51876,51876,0,0,0,0,1.0,1.0,1.0,1.0,1.0,1,0.36938499728213775,60
3840,14,51890,51890,0,0,0,0,1.0,1.0,1.0,1.0,1.0,1,0.30174450142392145,62
3841,13,51903,51903,0,0,0,0,1.0,1.0,1.0,1.0,1.0,1,0.3481775866114725,62
3842,27,51930,51930,0,0,0,0,1.0,1.0,1.0,1.0,1.0,1,0.27401584713721194,63
3843,19,51949,51949,0,0,0,0,1.0,1.0,1.0,1.0,1.0,1,0.3244711973395044,64
3844,17,51966,51966,0,0,0,0,1.0,1.0,1.0,1.0,1.0,1,0.28164185716508966,65
3845,28,51994,51994,0,0,0,0,1.0,1.0,1.0,1.0,1.0,1,0.3310554641108856,66
3846,20,52014,52014,0,0,0,0,1.0,1.0,1.0,1.0,1.0,1,0.3422917569347911,67
3847,23,52037,52037,0,0,0,0,1.0,1.0,1.0,1.0,1.0,1,0.2702681444824415,67
3848,28,52065,52065,0,0,0,0,1.0,1.0,1.0,1.0,1.0,1,0.2713387447995955,67
3849,16,52081,52081,0,0,0,0,1.0,1.0,1.0,1.0,1.0,1,0.25888310177740326,67
3850,15,52096,52096,0,0,0,0,1.0,1.0,1.0,1.0,1.0,1,0.2784145636663905,68
3851,14,52110,52110,0,0,0,0,1.0,1.0,1.0,1.0,1.0,1,0.2940783806147006,68
3852,24,52134,52134,0,0,0,0,1.0,1.0,1.0,1.0,1.0,1,0.3156966168194537,70
3853,13,52147,52147,0,0,0,0,1.0,1.0,1.0,1.0,1.0,1,0.3315708637230201,70
3854,16,52163,52163,0,0,0,0,1.0,1.0,1.0,1.0,1.0,1,0.3498596521794515,70
3855,16,52179,52179,0,0,0,0,1.0,1.0,1.0,1.0,1.0,1,0.3353171578628799,69
3856,25,52204,52204,0,0,0,0,1.0,1.0,1.0,1.0,1.0,1,0.3219455619144511,70
3857,9,52213,52213,0,0,0,0,1.0,1.0,1.0,1.0,1.0,1,0.33489123875605215,68
3858,21,52234,52234,0,0,0,0,1.0,1.0,1.0,1.0,1.0,1,0.33693920428960517,67
3859,18,52252,52252,0,0,0,0,1.0,1.0,1.0,1.0,1.0,1,0.3323704555541159,66
3860,15,52267,52267,0,0,0,0,1.0,1.0,1.0,1.0,1.0,1,0.38342595837807025,66
3861,22,52289,52289,0,0,0,0,1.0,1.0,1.0,1.0,1.0,1,0.3699271437254318,66
3862,22,52311,52311,0,0,0,0,1.0,1.0,1.0,1.0,1.0,1,0.3581263991831421,66
3863,35,52346,52346,0,0,0,0,1.0,1.0,1.0,1.0,1.0,1,0.3886330427824372,63
3864,15,52361,52361,0,0,0,0,1.0,1.0,1.0,1.0,1.0,1,0.39793668434684765,63
3865,38,52399,52399,0,0,0,0,1.0,1.0,1.0,1.0,1.0,1,0.4342350290557609,61
3866,19,52418,52418,0,0,0,0,1.0,1.0,1.0,1.0,1.0,1,0.40417746260747905,61
3867,21,52439,52439,0,0,0,0,1.0,1.0,1.0,1.0,1.0,1,0.3182437502427363,60
3868,20,52459,52459,0,0,0,0,1.0,1.0,1.0,1.0,1.0,1,0.3703532280675434,59
3869,18,52477,52477,0,0,0,0,1.0,1.0,1.0,1.0,1.0,1,0.4036356078161505,61
3870,32,52509,52509,0,0,0,0,1.0,1.0,1.0,1.0,1.0,1,0.3734997076995406,61
3871,21,52530,52530,0,0,0,0,1.0,1.0,1.0,1.0,1.0,1,0.22477894127202566,64
3872,22,52552,52552,0,0,0,0,1.0,1.0,1.0,1.0,1.0,1,0.31929803014716024,63
3873,26,52578,52578,0,0,0,0,1.0,1.0,1.0,1.0,1.0,1,0.3116601932911061,62
3874,30,52608,52608,0,0,0,0,1.0,1.0,1.0,1.0,1.0,1,0.21487073936534895,63
3875,19,52627,52627,0,0,0,0,1.0,1.0,1.0,1.0,1.0,1,0.3573341630382464,61
3876,13,52640,52640,0,0,0,0,1.0,1.0,1.0,1.0,1.0,1,0.3069067092329274,62
3877,21,52661,52661,0,0,0,0,0.9978133651354981,0.993112100176819,0.9978133651354981,0.993112100176819,1.0,1,0.4181376897890673,63
3878,15,52676,52676,0,0,0,0,1.0,1.0,1.0,1.0,1.0,1,0.21986942706368437,63
3879,20,52696,52696,0,0,0,0,1.0,1.0,1.0,1.0,1.0,1,0.34120830590364004,63
3880,23,52719,52719,0,0,0,0,1.0,1.0,1.0,1.0,1.0,1,0.31365860891397257,65
3881,30,52749,52749,0,0,0,0,1.0,1.0,1.0,1.0,1.0,1,0.4053515380436597,65
3882,26,52775,52775,0,0,0,0,1.0,1.0,1.0,1.0,1.0,1,0.32039684162831783,66
3883,23,52798,52798,0,0,0,0,0.9867300944719711,0.960190283415913,0.9867300944719711,0.960190283415913,1.0,1,0.4252969769012699,66
3884,28,52826,52826,0,0,0,0,1.0,1.0,1.0,1.0,1.0,1,0.36315917716452295,66
3885,13,52839,52839,0,0,0,0,1.0,1.0,1.0,1.0,1.0,1,0.37408020976426065,66
3886,19,52858,52858,0,0,0,0,0.9732398894672849,0.9243736006684139,0.9732398894672849,0.9243736006684139,1.0,1,0.4441757421651063,65
3887,31,52889,52889,0,0,0,0,1.0,1.0,1.0,1.0,1.0,1,0.36687290970421393,65
3888,33,52922,52922,0,0,0,0,1.0,1.0,1.0,1.0,1.0,1,0.3923330028671936,66
3889,25,52947,52947,0,0,0,0,1.0,1.0,1.0,1.0,1.0,1,0.3765014144097489,64
3890,18,52965,52965,0,0,0,0,1.0,1.0,1.0,1.0,1.0,1,0.3756509599985644,63
3891,24,52989,52989,0,0,0,0,1.0,1.0,1.0,1.0,1.0,1,0.35614231364098003,66
3892,40,53029,53029,0,0,0,0,1.0,1.0,1.0,1.0,1.0,1,0.3248667626687623,67
3893,21,53050,53050,0,0,0,0,1.0,1.0,1.0,1.0,1.0,1,0.30229130170973123,66
3894,30,53080,53080,0,0,0,0,1.0,1.0,1.0,1.0,1.0,1,0.29248063679664416,67
3895,23,53103,53103,0,0,0,0,1.0,1.0,1.0,1.0,1.0,1,0.3392835630227143,66
3896,38,53141,53141,0,0,0,0,1.0,1.0,1.0,1.0,1.0,1,0.41465384512284575,66
3897,36,53177,53177,0,0,0,0,1.0,1.0,1.0,1.0,1.0,1,0.31324996332871624,65
3898,28,53205,53205,0,0,0,0,1.0,1.0,1.0,1.0,1.0,1,0.4208254202969882,65
3899,22,53227,53227,0,0,0,0,1.0,1.0,1.0,1.0,1.0,1,0.39300210483615755,64
3900,25,53252,53252,0,0,0,0,1.0,1.0,1.0,1.0,1.0,1,0.2320169339735899,63
3901,32,53284,53284,0,0,0,0,1.0,1.0,1.0,1.0,1.0,1,0.41272672401803173,63
3902,26,53310,53310,0,0,0,0,1.0,1.0,1.0,1.0,1.0,1,0.3065484272041733,64
3903,30,53340,53340,0,0,0,0,1.0,1.0,1.0,1.0,1.0,1,0.3220344565429514,64
3904,35,53375,53375,0,0,0,0,1.0,1.0,1.0,1.0,1.0,1,0.3268013926867727,63
3905,41,53416,53416,0,0,0,0,1.0,1.0,1.0,1.0,1.0,1,0.28615127468672863,63
3906,34,53450,53450,0,0,0,0,1.0,1.0,1.0,1.0,1.0,1,0.2796470845819263,64
3907,24,53474,53474,0,0,0,0,1.0,1.0,1.0,1.0,1.0,1,0.3131575076587313,64
3908,25,53499,53499,0,0,0,0,1.0,1.0,1.0,1.0,1.0,1,0.30824662551608567,63
3909,34,53533,53533,0,0,0,0,1.0,1.0,1.0,1.0,1.0,1,0.35456771476204424,62
3910,27,53560,53560,0,0,0,0,1.0,1.0,1.0,1.0,1.0,1,0.34054197070084696,62
3911,27,53587,53587,0,0,0,0,1.0,1.0,1.0,1.0,1.0,1,0.3724289309521252,64
3912,35,53622,53622,0,0,0,0,1.0,1.0,1.0,1.0,1.0,1,0.36620047090938834,64
3913,17,53639,53639,0,0,0,0,1.0,1.0,1.0,1.0,1.0,1,0.3828247558670263,65
3914,43,53682,53682,0,0,0,0,0.9617219819604038,0.8918229924967933,0.9617219819604038,0.8918229924967933,1.0,1,0.4565282574505534,65
3915,15,53697,53697,0,0,0,0,1.0,1.0,1.0,1.0,1.0,1,0.38524093742846577,66
3916,24,53721,53721,0,0,0,0,0.9975473048532894,0.9919061060158548,0.9975473048532894,0.9919061060158548,1.0,1,0.43216214971456957,66
3917,35,53756,53756,0,0,0,0,1.0,1.0,1.0,1.0,1.0,1,0.42703202241785043,66
3918,22,53778,53778,0,0,0,0,0.9619367215632104,0.8891200149884827,0.9619367215632104,0.8891200149884827,1.0,1,0.4012942561154995,67
3919,21,53799,53799,0,0,0,0,1.0,1.0,1.0,1.0,1.0,1,0.3389091772334931,68
3920,33,53832,53832,0,0,0,0,1.0,1.0,1.0,1.0,1.0,1,0.41574005084823046,69
3921,26,53858,53858,0,0,0,0,1.0,1.0,1.0,1.0,1.0,1,0.32709767027251324,68
3922,30,53888,53888,0,0,0,0,1.0,1.0,1.0,1.0,1.0,1,0.35209997315457936,68
3923,25,53913,53913,0,0,0,0,0.9546196018645831,0.8638588055937494,0.9546196018645831,0.8638588055937494,1.0,1,0.39564522419132486,69
3924,36,53949,53949,0,0,0,0,1.0,1.0,1.0,1.0,1.0,1,0.3847912982165185,69
3925,23,53972,53972,0,0,0,0,0.9676299488084421,0.9014184804620738,0.9676299488084421,0.9014184804620738,1.0,1,0.4273737055680219,67
3926,37,54009,54009,0,0,0,0,1.0,1.0,1.0,1.0,1.0,1,0.36453406463568083,67
3927,29,54038,54038,0,0,0,0,0.9844366251729242,0.9518276493447654,0.9844366251729242,0.9518276493447654,1.0,1,0.44774326824446037,65
3928,27,54065,54065,0,0,0,0,1.0,1.0,1.0,1.0,1.0,1,0.31848451037578906,65
3929,35,54100,54100,0,0,0,0,1.0,1.0,1.0,1.0,1.0,1,0.3961730033700136,64
3930,38,54138,54138,0,0,0,0,1.0,1.0,1.0,1.0,1.0,1,0.4001646333232512,64
3931,55,54193,54193,0,0,0,0,1.0,1.0,1.0,1.0,1.0,1,0.3993207226737405,62
3932,30,54223,54223,0,0,0,0,1.0,1.0,1.0,1.0,1.0,1,0.34858917236172793,62
3933,35,54258,54258,0,0,0,0,0.9726871397862374,0.9230273939430329,0.9726871397862374,0.9230273939430329,1.0,1,0.40106538513159307,62
3934,16,54274,54274,0,0,0,0,1.0,1.0,1.0,1.0,1.0,1,0.40339823183082546,61
3935,28,54302,54302,0,0,0,0,1.0,1.0,1.0,1.0,1.0,1,0.3627325062447221,64
3936,29,54331,54331,0,0,0,0,1.0,1.0,1.0,1.0,1.0,1,0.3900306076580599,65
3937,24,54355,54355,0,0,0,0,1.0,1.0,1.0,1.0,1.0,1,0.3396623020010027,66
3938,23,54378,54378,0,0,0,0,1.0,1.0,1.0,1.0,1.0,1,0.41054928594602214,66
3939,27,54405,54405,0,0,0,0,1.0,1.0,1.0,1.0,1.0,1,0.3735926506449337,67
3940,23,54428,54428,0,0,0,0,1.0,1.0,1.0,1.0,1.0,1,0.4006625824829144,69
3941,19,54447,54447,0,0,0,0,1.0,1.0,1.0,1.0,1.0,1,0.3271537741096622,69
3942,26,54473,54473,0,0,0,0,1.0,1.0,1.0,1.0,1.0,1,0.28424074834918533,69
3943,38,54511,54511,0,0,0,0,1.0,1.0,1.0,1.0,1.0,1,0.36892729357953824,68
3944,30,54541,54541,0,0,0,0,1.0,1.0,1.0,1.0,1.0,1,0.35288757663856113,68
3945,25,54566,54566,0,0,0,0,1.0,1.0,1.0,1.0,1.0,1,0.2766581128550471,67
3946,39,54605,54605,0,0,0,0,1.0,1.0,1.0,1.0,1.0,1,0.39020176942760915,67
3947,16,54621,54621,0,0,0,0,1.0,1.0,1.0,1.0,1.0,1,0.41732684843972073,66
3948,29,54650,54650,0,0,0,0,1.0,1.0,1.0,1.0,1.0,1,0.36358091728471154,67
3949,19,54669,54669,0,0,0,0,1.0,1.0,1.0,1.0,1.0,1,0.3788074657017826,66
3950,33,54702,54702,0,0,0,0,1.0,1.0,1.0,1.0,1.0,1,0.37279100275811006,65
3951,26,54728,54728,0,0,0,0,1.0,1.0,1.0,1.0,1.0,1,0.38140053558798,65
3952,28,54756,54756,0,0,0,0,1.0,1.0,1.0,1.0,1.0,1,0.3782886285714461,65
3953,17,54773,54773,0,0,0,0,1.0,1.0,1.0,1.0,1.0,1,0.38465099216707077,65
3954,27,54800,54800,0,0,0,0,1.0,1.0,1.0,1.0,1.0,1,0.37898881554502006,64
3955,19,54819,54819,0,0,0,0,1.0,1.0,1.0,1.0,1.0,1,0.33133636848025366,64
3956,21,54840,54840,0,0,0,0,1.0,1.0,1.0,1.0,1.0,1,0.4395292287405823,63
3957,15,54855,54855,0,0,0,0,1.0,1.0,1.0,1.0,1.0,1,0.42323967250257255,63
3958,20,54875,54875,0,0,0,0,1.0,1.0,1.0,1.0,1.0,1,0.4006441680338381,63
3959,33,54908,54908,0,0,0,0,0.9718035179044346,0.923992091742389,0.9718035179044346,0.923992091742389,1.0,1,0.4553778037089953,62
3960,24,54932,54932,0,0,0,0,1.0,1.0,1.0,1.0,1.0,1,0.40100914893924305,62
3961,32,54964,54964,0,0,0,0,1.0,1.0,1.0,1.0,1.0,1,0.4503570084886377,64
3962,15,54979,54979,0,0,0,0,1.0,1.0,1.0,1.0,1.0,1,0.42818413317071696,64
3963,26,55005,55005,0,0,0,0,1.0,1.0,1.0,1.0,1.0,1,0.3946621391779582,62
3964,13,55018,55018,0,0,0,0,1.0,1.0,1.0,1.0,1.0,1,0.3843722578904622,63
3965,33,55051,55051,0,0,0,0,0.9808425142896339,0.9451399272839515,0.9808425142896339,0.9451399272839515,1.0,1,0.4214152840466547,63
3966,16,55067,55067,0,0,0,0,1.0,1.0,1.0,1.0,1.0,1,0.33945452075173493,62
3967,22,55089,55089,0,0,0,0,1.0,1.0,1.0,1.0,1.0,1,0.34944543405087575,64
3968,21,55110,55110,0,0,0,0,1.0,1.0,1.0,1.0,1.0,1,0.40299141051726234,63
3969,16,55126,55126,0,0,0,0,1.0,1.0,1.0,1.0,1.0,1,0.42266999759724827,63
3970,29,55155,55155,0,0,0,0,1.0,1.0,1.0,1.0,1.0,1,0.42648030608759746,65
3971,22,55177,55177,0,0,0,0,1.0,1.0,1.0,1.0,1.0,1,0.38681725576056664,65
3972,22,55199,55199,0,0,0,0,1.0,1.0,1.0,1.0,1.0,1,0.3881620079113156,66
3973,24,55223,55223,0,0,0,0,1.0,1.0,1.0,1.0,1.0,1,0.3825182523069289,66
3974,27,55250,55250,0,0,0,0,1.0,1.0,1.0,1.0,1.0,1,0.31926832388675647,66
3975,27,55277,55277,0,0,0,0,1.0,1.0,1.0,1.0,1.0,1,0.3943989798820853,66
3976,15,55292,55292,0,0,0,0,1.0,1.0,1.0,1.0,1.0,1,0.3749858505622514,66
3977,30,55322,55322,0,0,0,0,1.0,1.0,1.0,1.0,1.0,1,0.3586560282826503,64
3978,37,55359,55359,0,0,0,0,1.0,1.0,1.0,1.0,1.0,1,0.4344969964371564,63
3979,15,55374,55374,0,0,0,0,1.0,1.0,1.0,1.0,1.0,1,0.29542364660565434,63
3980,32,55406,55406,0,0,0,0,1.0,1.0,1.0,1.0,1.0,1,0.3541838527537806,63
3981,21,55427,55427,0,0,0,0,1.0,1.0,1.0,1.0,1.0,1,0.3968288686923404,64
3982,37,55464,55464,0,0,0,0,1.0,1.0,1.0,1.0,1.0,1,0.37475811624843064,65
3983,32,55496,55496,0,0,0,0,1.0,1.0,1.0,1.0,1.0,1,0.3476411686124041,64
3984,19,55515,55515,0,0,0,0,1.0,1.0,1.0,1.0,1.0,1,0.37129358791507006,65
3985,21,55536,55536,0,0,0,0,1.0,1.0,1.0,1.0,1.0,1,0.36266006843543275,64
3986,18,55554,55554,0,0,0,0,1.0,1.0,1.0,1.0,1.0,1,0.3285631991561657,63
3987,17,55571,55571,0,0,0,0,1.0,1.0,1.0,1.0,1.0,1,0.40055612561382703,63
3988,27,55598,55598,0,0,0,0,1.0,1.0,1.0,1.0,1.0,1,0.31126743647272775,63
3989,16,55614,55614,0,0,0,0,1.0,1.0,1.0,1.0,1.0,1,0.338805069633046,63
3990,14,55628,55628,0,0,0,0,1.0,1.0,1.0,1.0,1.0,1,0.35596309266394327,62
3991,18,55646,55646,0,0,0,0,1.0,1.0,1.0,1.0,1.0,1,0.27828155093308343,62
3992,29,55675,55675,0,0,0,0,1.0,1.0,1.0,1.0,1.0,1,0.3176246501604519,65
3993,13,55688,55688,0,0,0,0,1.0,1.0,1.0,1.0,1.0,1,0.368743619954556,65
3994,22,55710,55710,0,0,0,0,1.0,1.0,1.0,1.0,1.0,1,0.37373881741761367,64
3995,44,55754,55754,0,0,0,0,1.0,1.0,1.0,1.0,1.0,1,0.2623503629968391,64
3996,19,55773,55773,0,0,0,0,1.0,1.0,1.0,1.0,1.0,1,0.37290062964489495,67
3997,29,55802,55802,0,0,0,0,1.0,1.0,1.0,1.0,1.0,1,0.3607417891666976,69
3998,20,55822,55822,0,0,0,0,1.0,1.0,1.0,1.0,1.0,1,0.3350179089585395,69
3999,29,55851,55851,0,0,0,0,1.0,1.0,1.0,1.0,1.0,1,0.37732024201885017,69
4000,18,55869,55869,0,0,0,0,1.0,1.0,1.0,1.0,1.0,1,0.3033600699793797,69
4001,28,55897,55897,0,0,0,0,1.0,1.0,1.0,1.0,1.0,1,0.32608653187556075,68
4002,32,55929,55929,0,0,0,0,1.0,1.0,1.0,1.0,1.0,1,0.3418304309090386,68
4003,23,55952,55952,0,0,0,0,1.0,1.0,1.0,1.0,1.0,1,0.3099616278462977,68
4004,24,55976,55976,0,0,0,0,1.0,1.0,1.0,1.0,1.0,1,0.343260026682051,67
4005,16,55992,55992,0,0,0,0,1.0,1.0,1.0,1.0,1.0,1,0.40069774019683335,67
4006,25,56017,56017,0,0,0,0,1.0,1.0,1.0,1.0,1.0,1,0.42216872976117165,67
4007,39,56056,56056,0,0,0,0,1.0,1.0,1.0,1.0,1.0,1,0.3796633557804381,67
4008,26,56082,56082,0,0,0,0,0.9391661642057959,0.8369653200715331,0.9391661642057959,0.8369653200715331,1.0,1,0.42649488014549713,67
4009,21,56103,56103,0,0,0,0,1.0,1.0,1.0,1.0,1.0,1,0.3731060547673102,67
4010,44,56147,56147,0,0,0,0,0.9716182976958325,0.9185568542576064,0.9716182976958325,0.9185568542576064,1.0,1,0.45315298543769955,66
4011,22,56169,56169,0,0,0,0,1.0,1.0,1.0,1.0,1.0,1,0.30738867655171725,66
4012,25,56194,56194,0,0,0,0,1.0,1.0,1.0,1.0,1.0,1,0.3889958435973185,66
4013,25,56219,56219,0,0,0,0,1.0,1.0,1.0,1.0,1.0,1,0.39762384537438955,66
4014,26,56245,56245,0,0,0,0,1.0,1.0,1.0,1.0,1.0,1,0.31940298488325036,66
4015,28,56273,56273,0,0,0,0,1.0,1.0,1.0,1.0,1.0,1,0.31815858356445853,64
4016,16,56289,56289,0,0,0,0,1.0,1.0,1.0,1.0,1.0,1,0.4232100004586103,64
4017,18,56307,56307,0,0,0,0,1.0,1.0,1.0,1.0,1.0,1,0.4158859189793358,66
4018,17,56324,56324,0,0,0,0,1.0,1.0,1.0,1.0,1.0,1,0.3856615135267416,67
4019,23,56347,56347,0,0,0,0,1.0,1.0,1.0,1.0,1.0,1,0.38731903039426424,67
4020,23,56370,56370,0,0,0,0,1.0,1.0,1.0,1.0,1.0,1,0.359367695653897,66
4021,25,56395,56395,0,0,0,0,1.0,1.0,1.0,1.0,1.0,1,0.35781703692312183,66
4022,23,56418,56418,0,0,0,0,1.0,1.0,1.0,1.0,1.0,1,0.40440986144859287,66
4023,12,56430,56430,0,0,0,0,1.0,1.0,1.0,1.0,1.0,1,0.3791614698838202,66
4024,25,56455,56455,0,0,0,0,1.0,1.0,1.0,1.0,1.0,1,0.3995786688238767,66
4025,36,56491,56491,0,0,0,0,1.0,1.0,1.0,1.0,1.0,1,0.37301987159670613,66
4026,24,56515,56515,0,0,0,0,1.0,1.0,1.0,1.0,1.0,1,0.3912868950635483,66
4027,15,56530,56530,0,0,0,0,1.0,1.0,1.0,1.0,1.0,1,0.4261411695310339,64
4028,27,56557,56557,0,0,0,0,1.0,1.0,1.0,1.0,1.0,1,0.34983671750358886,63
4029,19,56576,56576,0,0,0,0,1.0,1.0,1.0,1.0,1.0,1,0.40471136993692863,62
4030,24,56600,56600,0,0,0,0,1.0,1.0,1.0,1.0,1.0,1,0.45864552406997044,63
4031,20,56620,56620,0,0,0,0,1.0,1.0,1.0,1.0,1.0,1,0.4360845138888479,62
4032,17,56637,56637,0,0,0,0,1.0,1.0,1.0,1.0,1.0,1,0.4485519909354272,62
4033,12,56649,56649,0,0,0,0,1.0,1.0,1.0,1.0,1.0,1,0.4454261269688406,61
4034,19,56668,56668,0,0,0,0,1.0,1.0,1.0,1.0,1.0,1,0.45357175528700266,60
4035,19,56687,56687,0,0,0,0,1.0,1.0,1.0,1.0,1.0,1,0.4508019058985321,59
4036,19,56706,56706,0,0,0,0,1.0,1.0,1.0,1.0,1.0,1,0.4541923860410712,58
4037,14,56720,56720,0,0,0,0,1.0,1.0,1.0,1.0,1.0,1,0.45729623429519456,59
4038,15,56735,56735,0,0,0,0,1.0,1.0,1.0,1.0,1.0,1,0.47987596051442377,58
4039,14,56749,56749,0,0,0,0,1.0,1.0,1.0,1.0,1.0,1,0.5490611944994358,56
4040,22,56771,56771,0,0,0,0,1.0,1.0,1.0,1.0,1.0,1,0.4377020697423794,55
4041,20,56791,56791,0,0,0,0,1.0,1.0,1.0,1.0,1.0,1,0.5071002501802759,54
4042,14,56805,56805,0,0,0,0,1.0,1.0,1.0,1.0,1.0,1,0.4534582117593189,56
4043,21,56826,56826,0,0,0,0,1.0,1.0,1.0,1.0,1.0,1,0.529848280086994,56
4044,14,56840,56840,0,0,0,0,1.0,1.0,1.0,1.0,1.0,1,0.43773871329352804,56
4045,20,56860,56860,0,0,0,0,1.0,1.0,1.0,1.0,1.0,1,0.4668053820555123,57
4046,20,56880,56880,0,0,0,0,1.0,1.0,1.0,1.0,1.0,1,0.5082205464993165,59
4047,22,56902,56902,0,0,0,0,0.9926696159912873,0.9803412428857249,0.9926696159912873,0.9803412428857249,1.0,1,0.46677326716853496,59
4048,20,56922,56922,0,0,0,0,1.0,1.0,1.0,1.0,1.0,1,0.43252934893813505,59
4049,17,56939,56939,0,0,0,0,1.0,1.0,1.0,1.0,1.0,1,0.43663693012690485,60
4050,21,56960,56960,0,0,0,0,0.8792329190981695,0.7501370739962127,0.8792329190981695,0.7501370739962127,1.0,1,0.5276531153155888,60
4051,14,56974,56974,0,0,0,0,1.0,1.0,1.0,1.0,1.0,1,0.5185757454396959,60
4052,13,56987,56987,0,0,0,0,1.0,1.0,1.0,1.0,1.0,1,0.4285350377511416,60
4053,19,57006,57006,0,0,0,0,1.0,1.0,1.0,1.0,1.0,1,0.47266830171163104,60
4054,14,57020,57020,0,0,0,0,0.9270320477073297,0.828805958082581,0.9270320477073297,0.828805958082581,1.0,1,0.4843472470432375,61
4055,16,57036,57036,0,0,0,0,1.0,1.0,1.0,1.0,1.0,1,0.38743925159392956,61
4056,21,57057,57057,0,0,0,0,0.9282089501636629,0.828805958082581,0.9282089501636629,0.828805958082581,1.0,1,0.4798241737874547,62
4057,32,57089,57089,0,0,0,0,0.9766737676621465,0.9361064070745749,0.9766737676621465,0.9361064070745749,1.0,1,0.4569579463978926,63
4058,27,57116,57116,0,0,0,0,1.0,1.0,1.0,1.0,1.0,1,0.43823850414035914,64
4059,18,57134,57134,0,0,0,0,0.9293484906372556,0.828805958082581,0.9293484906372556,0.828805958082581,1.0,1,0.461868421920972,63
4060,17,57151,57151,0,0,0,0,1.0,1.0,1.0,1.0,1.0,1,0.38695099666176874,63
4061,12,57163,57163,0,0,0,0,1.0,1.0,1.0,1.0,1.0,1,0.46673908310018064,63
4062,16,57179,57179,0,0,0,0,0.959688540792406,0.8908231313127659,0.959688540792406,0.8908231313127659,1.0,1,0.45991160386092567,65
4063,18,57197,57197,0,0,0,0,1.0,1.0,1.0,1.0,1.0,1,0.4434765001188701,64
4064,27,57224,57224,0,0,0,0,1.0,1.0,1.0,1.0,1.0,1,0.4184635603055994,65
4065,29,57253,57253,0,0,0,0,0.9899796582578235,0.9694618156428905,0.9899796582578235,0.9694618156428905,1.0,1,0.5360988486342053,64
4066,19,57272,57272,0,0,0,0,1.0,1.0,1.0,1.0,1.0,1,0.3917101182933537,64
4067,28,57300,57300,0,0,0,0,1.0,1.0,1.0,1.0,1.0,1,0.3791573648560291,63
4068,20,57320,57320,0,0,0,0,1.0,1.0,1.0,1.0,1.0,1,0.38779296121031037,64
4069,37,57357,57357,0,0,0,0,1.0,1.0,1.0,1.0,1.0,1,0.3243261902090534,62
4070,19,57376,57376,0,0,0,0,1.0,1.0,1.0,1.0,1.0,1,0.2967511022198198,61
4071,32,57408,57408,0,0,0,0,1.0,1.0,1.0,1.0,1.0,1,0.3481934261893921,61
4072,29,57437,57437,0,0,0,0,1.0,1.0,1.0,1.0,1.0,1,0.23465804822493005,60
4073,18,57455,57455,0,0,0,0,1.0,1.0,1.0,1.0,1.0,1,0.36697832943798875,60
4074,13,57468,57468,0,0,0,0,1.0,1.0,1.0,1.0,1.0,1,0.3736898281847044,60
4075,17,57485,57485,0,0,0,0,1.0,1.0,1.0,1.0,1.0,1,0.36170351636410314,59
4076,29,57514,57514,0,0,0,0,1.0,1.0,1.0,1.0,1.0,1,0.4017920462398878,60
4077,31,57545,57545,0,0,0,0,1.0,1.0,1.0,1.0,1.0,1,0.39746685492648376,61
4078,14,57559,57559,0,0,0,0,1.0,1.0,1.0,1.0,1.0,1,0.37102271381197816,60
4079,12,57571,57571,0,0,0,0,1.0,1.0,1.0,1.0,1.0,1,0.33299997028435335,58
4080,15,57586,57586,0,0,0,0,1.0,1.0,1.0,1.0,1.0,1,0.3786239711900164,56
4081,30,57616,57616,0,0,0,0,1.0,1.0,1.0,1.0,1.0,1,0.4590172596260596,56
4082,20,57636,57636,0,0,0,0,1.0,1.0,1.0,1.0,1.0,1,0.4768402335526248,55
4083,28,57664,57664,0,0,0,0,1.0,1.0,1.0,1.0,1.0,1,0.4033696775927269,55
4084,15,57679,57679,0,0,0,0,1.0,1.0,1.0,1.0,1.0,1,0.4834071848478305,55
4085,21,57700,57700,0,0,0,0,1.0,1.0,1.0,1.0,1.0,1,0.38645016137105237,56
4086,21,57721,57721,0,0,0,0,1.0,1.0,1.0,1.0,1.0,1,0.32977964817569433,57
4087,15,57736,57736,0,0,0,0,1.0,1.0,1.0,1.0,1.0,1,0.3946260069315605,57
4088,25,57761,57761,0,0,0,0,1.0,1.0,1.0,1.0,1.0,1,0.3236702374418122,57
4089,10,57771,57771,0,0,0,0,1.0,1.0,1.0,1.0,1.0,1,0.4015617245971458,56
4090,13,57784,57784,0,0,0,0,1.0,1.0,1.0,1.0,1.0,1,0.29731105111660966,56
4091,19,57803,57803,0,0,0,0,1.0,1.0,1.0,1.0,1.0,1,0.4074016225891989,56
4092,16,57819,57819,0,0,0,0,1.0,1.0,1.0,1.0,1.0,1,0.34190714972079744,57
4093,25,57844,57844,0,0,0,0,1.0,1.0,1.0,1.0,1.0,1,0.4252642906721053,58
4094,32,57876,57876,0,0,0,0,1.0,1.0,1.0,1.0,1.0,1,0.2811279789303234,57
4095,26,57902,57902,0,0,0,0,1.0,1.0,1.0,1.0,1.0,1,0.283115442174612,57
4096,32,57934,57934,0,0,0,0,1.0,1.0,1.0,1.0,1.0,1,0.35505893140150263,59
4097,20,57954,57954,0,0,0,0,1.0,1.0,1.0,1.0,1.0,1,0.29093800371701284,59
4098,25,57979,57979,0,0,0,0,1.0,1.0,1.0,1.0,1.0,1,0.28752155875435986,59
4099,17,57996,57996,0,0,0,0,1.0,1.0,1.0,1.0,1.0,1,0.32345258945756317,60
4100,18,58014,58014,0,0,0,0,1.0,1.0,1.0,1.0,1.0,1,0.36745577711969446,60
4101,17,58031,58031,0,0,0,0,1.0,1.0,1.0,1.0,1.0,1,0.277445584851347,60
4102,11,58042,58042,0,0,0,0,1.0,1.0,1.0,1.0,1.0,1,0.3504996956316729,60
4103,27,58069,58069,0,0,0,0,1.0,1.0,1.0,1.0,1.0,1,0.2827255818936497,58
4104,17,58086,58086,0,0,0,0,1.0,1.0,1.0,1.0,1.0,1,0.3593570167559275,60
4105,18,58104,58104,0,0,0,0,1.0,1.0,1.0,1.0,1.0,1,0.3150414527754305,59
4106,22,58126,58126,0,0,0,0,1.0,1.0,1.0,1.0,1.0,1,0.3922442932929104,61
4107,23,58149,58149,0,0,0,0,1.0,1.0,1.0,1.0,1.0,1,0.3848625343146736,59
4108,19,58168,58168,0,0,0,0,1.0,1.0,1.0,1.0,1.0,1,0.37383324123256756,60
4109,26,58194,58194,0,0,0,0,1.0,1.0,1.0,1.0,1.0,1,0.32635125186031344,59
4110,26,58220,58220,0,0,0,0,1.0,1.0,1.0,1.0,1.0,1,0.37067511999721037,60
4111,17,58237,58237,0,0,0,0,1.0,1.0,1.0,1.0,1.0,1,0.36476743617920615,61
4112,12,58249,58249,0,0,0,0,1.0,1.0,1.0,1.0,1.0,1,0.2912094990561705,60
4113,24,58273,58273,0,0,0,0,1.0,1.0,1.0,1.0,1.0,1,0.3453751984672964,61
4114,19,58292,58292,0,0,0,0,1.0,1.0,1.0,1.0,1.0,1,0.34362525934002686,62
4115,23,58315,58315,0,0,0,0,0.971263488690277,0.9250351878876792,0.971263488690277,0.9250351878876792,1.0,1,0.39671168520507316,60
4116,13,58328,58328,0,0,0,0,1.0,1.0,1.0,1.0,1.0,1,0.34837584362332663,59
4117,21,58349,58349,0,0,0,0,1.0,1.0,1.0,1.0,1.0,1,0.32508222911490003,56
4118,20,58369,58369,0,0,0,0,1.0,1.0,1.0,1.0,1.0,1,0.4168487979434174,55
4119,28,58397,58397,0,0,0,0,1.0,1.0,1.0,1.0,1.0,1,0.32935828416388846,53
4120,20,58417,58417,0,0,0,0,1.0,1.0,1.0,1.0,1.0,1,0.3958081805859092,52
4121,21,58438,58438,0,0,0,0,1.0,1.0,1.0,1.0,1.0,1,0.22045972714283052,53
4122,14,58452,58452,0,0,0,0,1.0,1.0,1.0,1.0,1.0,1,0.32656660078727345,52
4123,16,58468,58468,0,0,0,0,1.0,1.0,1.0,1.0,1.0,1,0.17587992112135434,51
4124,25,58493,58493,0,0,0,0,1.0,1.0,1.0,1.0,1.0,1,0.2930141555197581,51
4125,23,58516,58516,0,0,0,0,1.0,1.0,1.0,1.0,1.0,1,0.30511492243329147,50
4126,26,58542,58542,0,0,0,0,1.0,1.0,1.0,1.0,1.0,1,0.26872214700191677,50
4127,20,58562,58562,0,0,0,0,1.0,1.0,1.0,1.0,1.0,1,0.26810061533882334,49
4128,22,58584,58584,0,0,0,0,1.0,1.0,1.0,1.0,1.0,1,0.312345488382693,49
4129,17,58601,58601,0,0,0,0,1.0,1.0,1.0,1.0,1.0,1,0.25242532101480464,49
4130,16,58617,58617,0,0,0,0,1.0,1.0,1.0,1.0,1.0,1,0.37940085654822925,50
4131,20,58637,58637,0,0,0,0,1.0,1.0,1.0,1.0,1.0,1,0.3496253637361008,50
4132,26,58663,58663,0,0,0,0,1.0,1.0,1.0,1.0,1.0,1,0.3643381650461159,50
4133,21,58684,58684,0,0,0,0,1.0,1.0,1.0,1.0,1.0,1,0.34593697160491155,51
4134,21,58705,58705,0,0,0,0,1.0,1.0,1.0,1.0,1.0,1,0.2943634262629257,53
4135,19,58724,58724,0,0,0,0,1.0,1.0,1.0,1.0,1.0,1,0.3921245821113205,54
4136,18,58742,58742,0,0,0,0,1.0,1.0,1.0,1.0,1.0,1,0.3924701563949973,54
4137,16,58758,58758,0,0,0,0,1.0,1.0,1.0,1.0,1.0,1,0.37726570387031405,55
4138,30,58788,58788,0,0,0,0,1.0,1.0,1.0,1.0,1.0,1,0.4462991543674907,54
4139,22,58810,58810,0,0,0,0,1.0,1.0,1.0,1.0,1.0,1,0.4254724158933153,54
4140,20,58830,58830,0,0,0,0,1.0,1.0,1.0,1.0,1.0,1,0.45928051487851496,55
4141,22,58852,58852,0,0,0,0,1.0,1.0,1.0,1.0,1.0,1,0.4512522418123512,55
4142,21,58873,58873,0,0,0,0,1.0,1.0,1.0,1.0,1.0,1,0.469576525003385,55
4143,22,58895,58895,0,0,0,0,1.0,1.0,1.0,1.0,1.0,1,0.5011146874317297,53
4144,21,58916,58916,0,0,0,0,1.0,1.0,1.0,1.0,1.0,1,0.4074667247459718,52
4145,27,58943,58943,0,0,0,0,1.0,1.0,1.0,1.0,1.0,1,0.414134713864161,51
4146,18,58961,58961,0,0,0,0,1.0,1.0,1.0,1.0,1.0,1,0.37000004192469743,51
4147,16,58977,58977,0,0,0,0,1.0,1.0,1.0,1.0,1.0,1,0.4108203499187575,50
4148,18,58995,58995,0,0,0,0,1.0,1.0,1.0,1.0,1.0,1,0.3984355179367643,52
4149,16,59011,59011,0,0,0,0,1.0,1.0,1.0,1.0,1.0,1,0.30512849299491285,53
4150,11,59022,59022,0,0,0,0,1.0,1.0,1.0,1.0,1.0,1,0.38993420788827265,53
4151,14,59036,59036,0,0,0,0,1.0,1.0,1.0,1.0,1.0,1,0.3150850342962256,53
4152,11,59047,59047,0,0,0,0,1.0,1.0,1.0,1.0,1.0,1,0.3107304987692036,54
4153,15,59062,59062,0,0,0,0,1.0,1.0,1.0,1.0,1.0,1,0.3779175410436484,51
4154,14,59076,59076,0,0,0,0,1.0,1.0,1.0,1.0,1.0,1,0.2664087267995557,51
4155,13,59089,59089,0,0,0,0,1.0,1.0,1.0,1.0,1.0,1,0.3293133966652882,51
4156,21,59110,59110,0,0,0,0,1.0,1.0,1.0,1.0,1.0,1,0.27770611784755495,52
4157,20,59130,59130,0,0,0,0,1.0,1.0,1.0,1.0,1.0,1,0.2365031675841938,52
4158,25,59155,59155,0,0,0,0,1.0,1.0,1.0,1.0,1.0,1,0.29744325250332254,52
4159,23,59178,59178,0,0,0,0,1.0,1.0,1.0,1.0,1.0,1,0.28438273932548674,52
4160,24,59202,59202,0,0,0,0,1.0,1.0,1.0,1.0,1.0,1,0.2348671504581858,50
4161,25,59227,59227,0,0,0,0,1.0,1.0,1.0,1.0,1.0,1,0.35828707063362186,50
4162,31,59258,59258,0,0,0,0,1.0,1.0,1.0,1.0,1.0,1,0.34651349775629436,51
4163,24,59282,59282,0,0,0,0,1.0,1.0,1.0,1.0,1.0,1,0.3807474563221355,48
4164,18,59300,59300,0,0,0,0,1.0,1.0,1.0,1.0,1.0,1,0.22877188107468419,50
4165,24,59324,59324,0,0,0,0,1.0,1.0,1.0,1.0,1.0,1,0.4585921400176508,49
4166,27,59351,59351,0,0,0,0,1.0,1.0,1.0,1.0,1.0,1,0.35998280067273725,50
4167,12,59363,59363,0,0,0,0,1.0,1.0,1.0,1.0,1.0,1,0.4669760425717003,50
4168,28,59391,59391,0,0,0,0,1.0,1.0,1.0,1.0,1.0,1,0.36197833758904085,50
4169,16,59407,59407,0,0,0,0,1.0,1.0,1.0,1.0,1.0,1,0.4067128827571957,51
4170,11,59418,59418,0,0,0,0,1.0,1.0,1.0,1.0,1.0,1,0.3988669732341717,50
4171,10,59428,59428,0,0,0,0,1.0,1.0,1.0,1.0,1.0,1,0.37971305636259517,50
4172,11,59439,59439,0,0,0,0,1.0,1.0,1.0,1.0,1.0,1,0.4218877850165606,49
4173,15,59454,59454,0,0,0,0,1.0,1.0,1.0,1.0,1.0,1,0.41936302657480984,48
4174,13,59467,59467,0,0,0,0,1.0,1.0,1.0,1.0,1.0,1,0.40215938821378716,48
4175,14,59481,59481,0,0,0,0,1.0,1.0,1.0,1.0,1.0,1,0.4340554534051031,48
4176,20,59501,59501,0,0,0,0,1.0,1.0,1.0,1.0,1.0,1,0.3556693657239022,50
4177,17,59518,59518,0,0,0,0,1.0,1.0,1.0,1.0,1.0,1,0.3502488566434558,52
4178,9,59527,59527,0,0,0,0,1.0,1.0,1.0,1.0,1.0,1,0.3670992178279421,53
4179,15,59542,59542,0,0,0,0,1.0,1.0,1.0,1.0,1.0,1,0.34701067623588416,54
4180,13,59555,59555,0,0,0,0,1.0,1.0,1.0,1.0,1.0,1,0.38408477621008585,55
4181,12,59567,59567,0,0,0,0,1.0,1.0,1.0,1.0,1.0,1,0.33364602352667905,56
4182,12,59579,59579,0,0,0,0,1.0,1.0,1.0,1.0,1.0,1,0.28252775682530196,56
4183,12,59591,59591,0,0,0,0,1.0,1.0,1.0,1.0,1.0,1,0.330874513235126,57
4184,20,59611,59611,0,0,0,0,1.0,1.0,1.0,1.0,1.0,1,0.3668263410786664,57
4185,21,59632,59632,0,0,0,0,1.0,1.0,1.0,1.0,1.0,1,0.2619656574678865,54
4186,21,59653,59653,0,0,0,0,1.0,1.0,1.0,1.0,1.0,1,0.26765570724759197,55
4187,15,59668,59668,0,0,0,0,1.0,1.0,1.0,1.0,1.0,1,0.3229525870872022,53
4188,20,59688,59688,0,0,0,0,1.0,1.0,1.0,1.0,1.0,1,0.30956007880309866,53
4189,29,59717,59717,0,0,0,0,1.0,1.0,1.0,1.0,1.0,1,0.29489975707970556,53
4190,23,59740,59740,0,0,0,0,1.0,1.0,1.0,1.0,1.0,1,0.3125263927749889,53
4191,16,59756,59756,0,0,0,0,1.0,1.0,1.0,1.0,1.0,1,0.3999396242087391,51
4192,25,59781,59781,0,0,0,0,1.0,1.0,1.0,1.0,1.0,1,0.20491628306138254,51
4193,24,59805,59805,0,0,0,0,1.0,1.0,1.0,1.0,1.0,1,0.3674083917104443,50
4194,12,59817,59817,0,0,0,0,1.0,1.0,1.0,1.0,1.0,1,0.32700965625633244,50
4195,16,59833,59833,0,0,0,0,1.0,1.0,1.0,1.0,1.0,1,0.2074934802051183,50
4196,30,59863,59863,0,0,0,0,1.0,1.0,1.0,1.0,1.0,1,0.2732230091525525,51
4197,20,59883,59883,0,0,0,0,1.0,1.0,1.0,1.0,1.0,1,0.2701484467260813,50
4198,14,59897,59897,0,0,0,0,1.0,1.0,1.0,1.0,1.0,1,0.3512049833553606,48
4199,18,59915,59915,0,0,0,0,1.0,1.0,1.0,1.0,1.0,1,0.3596115661766633,48
4200,15,59930,59930,0,0,0,0,1.0,1.0,1.0,1.0,1.0,1,0.33745822662761793,48
4201,17,59947,59947,0,0,0,0,1.0,1.0,1.0,1.0,1.0,1,0.4300782753570406,47
4202,13,59960,59960,0,0,0,0,1.0,1.0,1.0,1.0,1.0,1,0.44034653798226675,47
4203,29,59989,59989,0,0,0,0,1.0,1.0,1.0,1.0,1.0,1,0.3948882882987475,47
4204,35,60024,60024,0,0,0,0,1.0,1.0,1.0,1.0,1.0,1,0.4325176464096261,48
4205,19,60043,60043,0,0,0,0,1.0,1.0,1.0,1.0,1.0,1,0.3952421219452494,49
4206,12,60055,60055,0,0,0,0,1.0,1.0,1.0,1.0,1.0,1,0.3731880663396573,49
4207,15,60070,60070,0,0,0,0,1.0,1.0,1.0,1.0,1.0,1,0.3873064051204239,48
4208,13,60083,60083,0,0,0,0,1.0,1.0,1.0,1.0,1.0,1,0.3883849713959734,49
4209,15,60098,60098,0,0,0,0,1.0,1.0,1.0,1.0,1.0,1,0.4241328445890285,51
4210,10,60108,60108,0,0,0,0,1.0,1.0,1.0,1.0,1.0,1,0.42367578681031126,52
4211,16,60124,60124,0,0,0,0,1.0,1.0,1.0,1.0,1.0,1,0.39815199586408645,53
4212,17,60141,60141,0,0,0,0,1.0,1.0,1.0,1.0,1.0,1,0.42438517288889105,53
4213,13,60154,60154,0,0,0,0,1.0,1.0,1.0,1.0,1.0,1,0.3451982823326632,54
4214,17,60171,60171,0,0,0,0,1.0,1.0,1.0,1.0,1.0,1,0.41049238834683544,54
4215,21,60192,60192,0,0,0,0,1.0,1.0,1.0,1.0,1.0,1,0.3786616980167595,54
4216,12,60204,60204,0,0,0,0,1.0,1.0,1.0,1.0,1.0,1,0.44996021126627855,53
4217,21,60225,60225,0,0,0,0,1.0,1.0,1.0,1.0,1.0,1,0.35967797244032884,54
4218,15,60240,60240,0,0,0,0,1.0,1.0,1.0,1.0,1.0,1,0.46406957188054576,53
4219,17,60257,60257,0,0,0,0,1.0,1.0,1.0,1.0,1.0,1,0.40724536253632543,53
4220,13,60270,60270,0,0,0,0,1.0,1.0,1.0,1.0,1.0,1,0.3935753528241311,53
4221,21,60291,60291,0,0,0,0,1.0,1.0,1.0,1.0,1.0,1,0.4464868422183802,54
4222,11,60302,60302,0,0,0,0,1.0,1.0,1.0,1.0,1.0,1,0.4124677297321809,55
4223,14,60316,60316,0,0,0,0,1.0,1.0,1.0,1.0,1.0,1,0.40339521154168767,56
4224,20,60336,60336,0,0,0,0,1.0,1.0,1.0,1.0,1.0,1,0.36358295373152755,55
4225,27,60363,60363,0,0,0,0,1.0,1.0,1.0,1.0,1.0,1,0.37461510357311184,53
4226,15,60378,60378,0,0,0,0,1.0,1.0,1.0,1.0,1.0,1,0.4131811715426539,54
4227,19,60397,60397,0,0,0,0,0.9623422172613137,0.9109906953449233,0.9623422172613137,0.9109906953449233,1.0,1,0.49336284978068884,52
4228,22,60419,60419,0,0,0,0,1.0,1.0,1.0,1.0,1.0,1,0.40760874152912424,51
4229,20,60439,60439,0,0,0,0,1.0,1.0,1.0,1.0,1.0,1,0.48382948637800116,48
4230,15,60454,60454,0,0,0,0,1.0,1.0,1.0,1.0,1.0,1,0.49697158297937594,48
4231,18,60472,60472,0,0,0,0,1.0,1.0,1.0,1.0,1.0,1,0.40343316622370384,48
4232,25,60497,60497,0,0,0,0,1.0,1.0,1.0,1.0,1.0,1,0.4880680148230958,48
4233,23,60520,60520,0,0,0,0,1.0,1.0,1.0,1.0,1.0,1,0.4731495439007839,48
4234,17,60537,60537,0,0,0,0,1.0,1.0,1.0,1.0,1.0,1,0.3913632534922916,49
4235,24,60561,60561,0,0,0,0,0.8841733210806699,0.7906210034919802,0.8841733210806699,0.7906210034919802,1.0,1,0.5175305226606914,47
4236,26,60587,60587,0,0,0,0,1.0,1.0,1.0,1.0,1.0,1,0.5100630498394754,47
4237,26,60613,60613,0,0,0,0,1.0,1.0,1.0,1.0,1.0,1,0.463971449614067,48
4238,25,60638,60638,0,0,0,0,1.0,1.0,1.0,1.0,1.0,1,0.4807654524209235,47
4239,20,60658,60658,0,0,0,0,1.0,1.0,1.0,1.0,1.0,1,0.4496960329776222,48
4240,16,60674,60674,0,0,0,0,0.9534856412368513,0.9049489190492176,0.9534856412368513,0.9049489190492176,1.0,1,0.5644471695143399,47
4241,18,60692,60692,0,0,0,0,1.0,1.0,1.0,1.0,1.0,1,0.49459363811026563,49
4242,9,60701,60701,0,0,0,0,0.9852730259523179,0.9671990123483444,0.9852730259523179,0.9671990123483444,1.0,1,0.48944107444208446,49
4243,11,60712,60712,0,0,0,0,1.0,1.0,1.0,1.0,1.0,1,0.369780066221778,50
4244,18,60730,60730,0,0,0,0,1.0,1.0,1.0,1.0,1.0,1,0.41622520110472117,51
4245,19,60749,60749,0,0,0,0,1.0,1.0,1.0,1.0,1.0,1,0.47318409394049205,51
4246,18,60767,60767,0,0,0,0,1.0,1.0,1.0,1.0,1.0,1,0.36521301163742553,51
4247,15,60782,60782,0,0,0,0,1.0,1.0,1.0,1.0,1.0,1,0.4044558649819903,52
4248,23,60805,60805,0,0,0,0,1.0,1.0,1.0,1.0,1.0,1,0.41064032012976615,52
4249,18,60823,60823,0,0,0,0,1.0,1.0,1.0,1.0,1.0,1,0.3275121926153497,52
4250,26,60849,60849,0,0,0,0,1.0,1.0,1.0,1.0,1.0,1,0.2943257602421624,52
4251,32,60881,60881,0,0,0,0,1.0,1.0,1.0,1.0,1.0,1,0.2801309394336636,53
4252,34,60915,60915,0,0,0,0,1.0,1.0,1.0,1.0,1.0,1,0.2518296046559967,53
4253,25,60940,60940,0,0,0,0,1.0,1.0,1.0,1.0,1.0,1,0.302091535881763,54
4254,18,60958,60958,0,0,0,0,1.0,1.0,1.0,1.0,1.0,1,0.21878899613478334,54
4255,21,60979,60979,0,0,0,0,1.0,1.0,1.0,1.0,1.0,1,0.36365398597610676,55
4256,17,60996,60996,0,0,0,0,1.0,1.0,1.0,1.0,1.0,1,0.31731942323005813,57
4257,16,61012,61012,0,0,0,0,1.0,1.0,1.0,1.0,1.0,1,0.21346318986346224,57
4258,17,61029,61029,0,0,0,0,1.0,1.0,1.0,1.0,1.0,1,0.28373116279710064,57
4259,21,61050,61050,0,0,0,0,1.0,1.0,1.0,1.0,1.0,1,0.345468179204935,57
4260,16,61066,61066,0,0,0,0,1.0,1.0,1.0,1.0,1.0,1,0.37220636678823354,58
4261,15,61081,61081,0,0,0,0,1.0,1.0,1.0,1.0,1.0,1,0.29425662056763563,59
4262,15,61096,61096,0,0,0,0,1.0,1.0,1.0,1.0,1.0,1,0.4178926691521309,60
4263,26,61122,61122,0,0,0,0,1.0,1.0,1.0,1.0,1.0,1,0.3336681689411845,59
4264,22,61144,61144,0,0,0,0,1.0,1.0,1.0,1.0,1.0,1,0.3217834751475914,58
4265,28,61172,61172,0,0,0,0,0.9926852381516421,0.9787871906397624,0.9926852381516421,0.9787871906397624,1.0,1,0.44966171319134757,58
4266,24,61196,61196,0,0,0,0,0.9906407280421593,0.9728581113222621,0.9906407280421593,0.9728581113222621,1.0,1,0.45165770295848207,58
4267,23,61219,61219,0,0,0,0,1.0,1.0,1.0,1.0,1.0,1,0.4521037129310767,55
4268,11,61230,61230,0,0,0,0,1.0,1.0,1.0,1.0,1.0,1,0.42939162882346277,55
4269,17,61247,61247,0,0,0,0,1.0,1.0,1.0,1.0,1.0,1,0.4601881834008963,50
4270,23,61270,61270,0,0,0,0,1.0,1.0,1.0,1.0,1.0,1,0.3853022145767686,47
4271,14,61284,61284,0,0,0,0,1.0,1.0,1.0,1.0,1.0,1,0.5075957050962585,47
4272,15,61299,61299,0,0,0,0,1.0,1.0,1.0,1.0,1.0,1,0.4181597239311148,46
4273,12,61311,61311,0,0,0,0,1.0,1.0,1.0,1.0,1.0,1,0.37990626384898163,47
4274,19,61330,61330,0,0,0,0,1.0,1.0,1.0,1.0,1.0,1,0.30662365788294477,45
4275,14,61344,61344,0,0,0,0,1.0,1.0,1.0,1.0,1.0,1,0.20985591713145862,44
4276,16,61360,61360,0,0,0,0,1.0,1.0,1.0,1.0,1.0,1,0.2816185408053453,43
4277,10,61370,61370,0,0,0,0,1.0,1.0,1.0,1.0,1.0,1,0.23288360339764386,42
4278,16,61386,61386,0,0,0,0,1.0,1.0,1.0,1.0,1.0,1,0.17790439979522765,43
4279,14,61400,61400,0,0,0,0,1.0,1.0,1.0,1.0,1.0,1,0.22820201339572405,42
4280,12,61412,61412,0,0,0,0,1.0,1.0,1.0,1.0,1.0,1,0.15913292589306707,44
4281,23,61435,61435,0,0,0,0,1.0,1.0,1.0,1.0,1.0,1,0.23608103931143448,44
4282,17,61452,61452,0,0,0,0,1.0,1.0,1.0,1.0,1.0,1,0.22193194383970583,44
4283,24,61476,61476,0,0,0,0,1.0,1.0,1.0,1.0,1.0,1,0.24146251611583433,45
4284,18,61494,61494,0,0,0,0,1.0,1.0,1.0,1.0,1.0,1,0.22898988318654195,45
4285,10,61504,61504,0,0,0,0,1.0,1.0,1.0,1.0,1.0,1,0.2579210162071563,47
4286,12,61516,61516,0,0,0,0,1.0,1.0,1.0,1.0,1.0,1,0.2617206166405133,47
4287,19,61535,61535,0,0,0,0,1.0,1.0,1.0,1.0,1.0,1,0.30549785110441546,49
4288,22,61557,61557,0,0,0,0,1.0,1.0,1.0,1.0,1.0,1,0.26450287554304036,49
4289,16,61573,61573,0,0,0,0,1.0,1.0,1.0,1.0,1.0,1,0.28093117695830816,50
4290,20,61593,61593,0,0,0,0,1.0,1.0,1.0,1.0,1.0,1,0.2754647639529377,51
4291,18,61611,61611,0,0,0,0,1.0,1.0,1.0,1.0,1.0,1,0.24926613398341438,50
4292,13,61624,61624,0,0,0,0,1.0,1.0,1.0,1.0,1.0,1,0.30937466831357435,51
4293,22,61646,61646,0,0,0,0,1.0,1.0,1.0,1.0,1.0,1,0.2832117313639489,51
4294,14,61660,61660,0,0,0,0,1.0,1.0,1.0,1.0,1.0,1,0.24959756601149605,50
4295,18,61678,61678,0,0,0,0,1.0,1.0,1.0,1.0,1.0,1,0.3788390995523771,50
4296,19,61697,61697,0,0,0,0,1.0,1.0,1.0,1.0,1.0,1,0.3355274047972785,49
4297,15,61712,61712,0,0,0,0,1.0,1.0,1.0,1.0,1.0,1,0.3362991778843247,49
4298,11,61723,61723,0,0,0,0,1.0,1.0,1.0,1.0,1.0,1,0.34050554779380354,49
4299,12,61735,61735,0,0,0,0,1.0,1.0,1.0,1.0,1.0,1,0.2847994562331607,48
4300,12,61747,61747,0,0,0,0,1.0,1.0,1.0,1.0,1.0,1,0.25107974193952903,49
4301,12,61759,61759,0,0,0,0,1.0,1.0,1.0,1.0,1.0,1,0.2880710507135616,50
4302,16,61775,61775,0,0,0,0,1.0,1.0,1.0,1.0,1.0,1,0.25459424313462786,51
4303,13,61788,61788,0,0,0,0,1.0,1.0,1.0,1.0,1.0,1,0.30187438180134124,51
4304,11,61799,61799,0,0,0,0,1.0,1.0,1.0,1.0,1.0,1,0.315232440010957,51
4305,12,61811,61811,0,0,0,0,1.0,1.0,1.0,1.0,1.0,1,0.25223479447733077,49
4306,12,61823,61823,0,0,0,0,1.0,1.0,1.0,1.0,1.0,1,0.25963853139224596,49
4307,8,61831,61831,0,0,0,0,1.0,1.0,1.0,1.0,1.0,1,0.16799268793283542,46
4308,6,61837,61837,0,0,0,0,1.0,1.0,1.0,1.0,1.0,1,0.26453388613939915,44
4309,9,61846,61846,0,0,0,0,1.0,1.0,1.0,1.0,1.0,1,0.24007448270548926,44
4310,10,61856,61856,0,0,0,0,1.0,1.0,1.0,1.0,1.0,1,0.3245235388119625,42
4311,10,61866,61866,0,0,0,0,1.0,1.0,1.0,1.0,1.0,1,0.2519367913181076,42
4312,7,61873,61873,0,0,0,0,1.0,1.0,1.0,1.0,1.0,1,0.26074545774374086,40
4313,18,61891,61891,0,0,0,0,1.0,1.0,1.0,1.0,1.0,1,0.3659419729858339,40
4314,13,61904,61904,0,0,0,0,1.0,1.0,1.0,1.0,1.0,1,0.4082870791753426,36
4315,14,61918,61918,0,0,0,0,1.0,1.0,1.0,1.0,1.0,1,0.3770909439014755,37
4316,8,61926,61926,0,0,0,0,1.0,1.0,1.0,1.0,1.0,1,0.3596168601076348,37
4317,10,61936,61936,0,0,0,0,1.0,1.0,1.0,1.0,1.0,1,0.3447511101991697,36
4318,8,61944,61944,0,0,0,0,1.0,1.0,1.0,1.0,1.0,1,0.35829688960292605,34
4319,12,61956,61956,0,0,0,0,1.0,1.0,1.0,1.0,1.0,1,0.3135004539030474,34
4320,13,61969,61969,0,0,0,0,1.0,1.0,1.0,1.0,1.0,1,0.47920626956276985,34
4321,12,61981,61981,0,0,0,0,1.0,1.0,1.0,1.0,1.0,1,0.3365930471445312,35
4322,11,61992,61992,0,0,0,0,1.0,1.0,1.0,1.0,1.0,1,0.39603308865202475,35
4323,13,62005,62005,0,0,0,0,1.0,1.0,1.0,1.0,1.0,1,0.3119885919508529,35
4324,17,62022,62022,0,0,0,0,1.0,1.0,1.0,1.0,1.0,1,0.3422552056370551,34
4325,15,62037,62037,0,0,0,0,1.0,1.0,1.0,1.0,1.0,1,0.2349580807945595,34
4326,15,62052,62052,0,0,0,0,1.0,1.0,1.0,1.0,1.0,1,0.37411076775571167,36
4327,14,62066,62066,0,0,0,0,1.0,1.0,1.0,1.0,1.0,1,0.31205440353098446,35
4328,15,62081,62081,0,0,0,0,1.0,1.0,1.0,1.0,1.0,1,0.30002542963847306,35
4329,19,62100,62100,0,0,0,0,1.0,1.0,1.0,1.0,1.0,1,0.39137809498360193,38
4330,17,62117,62117,0,0,0,0,1.0,1.0,1.0,1.0,1.0,1,0.2588710272649868,38
4331,14,62131,62131,0,0,0,0,1.0,1.0,1.0,1.0,1.0,1,0.38833844102655085,39
4332,18,62149,62149,0,0,0,0,1.0,1.0,1.0,1.0,1.0,1,0.3753419863043544,40
4333,6,62155,62155,0,0,0,0,1.0,1.0,1.0,1.0,1.0,1,0.41948100908999136,41
4334,9,62164,62164,0,0,0,0,1.0,1.0,1.0,1.0,1.0,1,0.286274788919908,41
4335,4,62168,62168,0,0,0,0,1.0,1.0,1.0,1.0,1.0,1,0.32087116914356584,42
4336,8,62176,62176,0,0,0,0,1.0,1.0,1.0,1.0,1.0,1,0.2784067640370432,43
4337,10,62186,62186,0,0,0,0,1.0,1.0,1.0,1.0,1.0,1,0.3191999073701673,44
4338,7,62193,62193,0,0,0,0,1.0,1.0,1.0,1.0,1.0,1,0.26839648204557054,44
4339,10,62203,62203,0,0,0,0,1.0,1.0,1.0,1.0,1.0,1,0.3765677139297084,46
4340,12,62215,62215,0,0,0,0,1.0,1.0,1.0,1.0,1.0,1,0.31745817310412916,47
4341,11,62226,62226,0,0,0,0,1.0,1.0,1.0,1.0,1.0,1,0.36063598932540997,47
4342,14,62240,62240,0,0,0,0,1.0,1.0,1.0,1.0,1.0,1,0.3836015333496459,47
4343,15,62255,62255,0,0,0,0,1.0,1.0,1.0,1.0,1.0,1,0.5022905733519131,42
4344,12,62267,62267,0,0,0,0,1.0,1.0,1.0,1.0,1.0,1,0.4574351228016936,42
4345,13,62280,62280,0,0,0,0,1.0,1.0,1.0,1.0,1.0,1,0.530485197978132,39
4346,10,62290,62290,0,0,0,0,1.0,1.0,1.0,1.0,1.0,1,0.5669190010763069,37
4347,9,62299,62299,0,0,0,0,1.0,1.0,1.0,1.0,1.0,1,0.5631091663751275,37
4348,15,62314,62314,0,0,0,0,1.0,1.0,1.0,1.0,1.0,1,0.4644239054492853,38
4349,6,62320,62320,0,0,0,0,1.0,1.0,1.0,1.0,1.0,1,0.44688944935497754,36
4350,10,62330,62330,0,0,0,0,1.0,1.0,1.0,1.0,1.0,1,0.44483258328869013,37
4351,7,62337,62337,0,0,0,0,1.0,1.0,1.0,1.0,1.0,1,0.4542970510246356,35
4352,12,62349,62349,0,0,0,0,1.0,1.0,1.0,1.0,1.0,1,0.4642374125841278,34
4353,13,62362,62362,0,0,0,0,1.0,1.0,1.0,1.0,1.0,1,0.5103959415914098,34
4354,9,62371,62371,0,0,0,0,1.0,1.0,1.0,1.0,1.0,1,0.5954353940813584,32
4355,18,62389,62389,0,0,0,0,1.0,1.0,1.0,1.0,1.0,1,0.3309573362528818,32
4356,14,62403,62403,0,0,0,0,1.0,1.0,1.0,1.0,1.0,1,0.4121408335998751,34
4357,16,62419,62419,0,0,0,0,1.0,1.0,1.0,1.0,1.0,1,0.29528385320582556,35
4358,16,62435,62435,0,0,0,0,1.0,1.0,1.0,1.0,1.0,1,0.3356156669824123,35
4359,14,62449,62449,0,0,0,0,1.0,1.0,1.0,1.0,1.0,1,0.3761619623110313,37
4360,10,62459,62459,0,0,0,0,1.0,1.0,1.0,1.0,1.0,1,0.37899674773556163,38
4361,16,62475,62475,0,0,0,0,1.0,1.0,1.0,1.0,1.0,1,0.30186593163972825,39
4362,14,62489,62489,0,0,0,0,1.0,1.0,1.0,1.0,1.0,1,0.3529241322030348,38
4363,9,62498,62498,0,0,0,0,1.0,1.0,1.0,1.0,1.0,1,0.3011615732789833,38
4364,12,62510,62510,0,0,0,0,1.0,1.0,1.0,1.0,1.0,1,0.3297779812220406,39
4365,15,62525,62525,0,0,0,0,1.0,1.0,1.0,1.0,1.0,1,0.3209350771531875,39
4366,9,62534,62534,0,0,0,0,1.0,1.0,1.0,1.0,1.0,1,0.3955481966312267,39
4367,5,62539,62539,0,0,0,0,1.0,1.0,1.0,1.0,1.0,1,0.43138210871583754,41
4368,10,62549,62549,0,0,0,0,1.0,1.0,1.0,1.0,1.0,1,0.45122436285452,41
4369,13,62562,62562,0,0,0,0,1.0,1.0,1.0,1.0,1.0,1,0.367739031330347,42
4370,5,62567,62567,0,0,0,0,1.0,1.0,1.0,1.0,1.0,1,0.3680559263566658,42
4371,8,62575,62575,0,0,0,0,1.0,1.0,1.0,1.0,1.0,1,0.36975991314433426,43
4372,8,62583,62583,0,0,0,0,1.0,1.0,1.0,1.0,1.0,1,0.3588286623455249,43
4373,12,62595,62595,0,0,0,0,1.0,1.0,1.0,1.0,1.0,1,0.33981803092126944,43
4374,10,62605,62605,0,0,0,0,1.0,1.0,1.0,1.0,1.0,1,0.37858561302008625,44
4375,11,62616,62616,0,0,0,0,1.0,1.0,1.0,1.0,1.0,1,0.3364191530252264,45
4376,10,62626,62626,0,0,0,0,1.0,1.0,1.0,1.0,1.0,1,0.3105807559680838,46
4377,10,62636,62636,0,0,0,0,1.0,1.0,1.0,1.0,1.0,1,0.3699319438429017,47
4378,5,62641,62641,0,0,0,0,1.0,1.0,1.0,1.0,1.0,1,0.36780162601383104,49
4379,9,62650,62650,0,0,0,0,1.0,1.0,1.0,1.0,1.0,1,0.3391199624782212,51
4380,4,62654,62654,0,0,0,0,1.0,1.0,1.0,1.0,1.0,1,0.33891667970990513,50
4381,5,62659,62659,0,0,0,0,1.0,1.0,1.0,1.0,1.0,1,0.3203043970563453,49
4382,10,62669,62669,0,0,0,0,1.0,1.0,1.0,1.0,1.0,1,0.37652291712106867,47
4383,8,62677,62677,0,0,0,0,1.0,1.0,1.0,1.0,1.0,1,0.3957231861354057,47
4384,11,62688,62688,0,0,0,0,1.0,1.0,1.0,1.0,1.0,1,0.44380586379370274,44
4385,14,62702,62702,0,0,0,0,1.0,1.0,1.0,1.0,1.0,1,0.33647445193139275,42
4386,5,62707,62707,0,0,0,0,1.0,1.0,1.0,1.0,1.0,1,0.3891386772849076,41
4387,8,62715,62715,0,0,0,0,1.0,1.0,1.0,1.0,1.0,1,0.3119924503438626,39
4388,19,62734,62734,0,0,0,0,1.0,1.0,1.0,1.0,1.0,1,0.3698013578950956,39
4389,12,62746,62746,0,0,0,0,1.0,1.0,1.0,1.0,1.0,1,0.4759983591396678,38
4390,7,62753,62753,0,0,0,0,1.0,1.0,1.0,1.0,1.0,1,0.36663229031189626,38
4391,7,62760,62760,0,0,0,0,1.0,1.0,1.0,1.0,1.0,1,0.38227479880821846,39
4392,9,62769,62769,0,0,0,0,1.0,1.0,1.0,1.0,1.0,1,0.32677308185256904,39
4393,4,62773,62773,0,0,0,0,1.0,1.0,1.0,1.0,1.0,1,0.36204324381090847,40
4394,8,62781,62781,0,0,0,0,1.0,1.0,1.0,1.0,1.0,1,0.2905261178032887,39
4395,5,62786,62786,0,0,0,0,1.0,1.0,1.0,1.0,1.0,1,0.3191410963098055,39
4396,6,62792,62792,0,0,0,0,1.0,1.0,1.0,1.0,1.0,1,0.39871921740383154,39
4397,8,62800,62800,0,0,0,0,1.0,1.0,1.0,1.0,1.0,1,0.3610463711925064,38
4398,9,62809,62809,0,0,0,0,1.0,1.0,1.0,1.0,1.0,1,0.3990429400580651,39
4399,11,62820,62820,0,0,0,0,1.0,1.0,1.0,1.0,1.0,1,0.43781756868421756,42
4400,17,62837,62837,0,0,0,0,1.0,1.0,1.0,1.0,1.0,1,0.32381387586667615,43
4401,7,62844,62844,0,0,0,0,1.0,1.0,1.0,1.0,1.0,1,0.4069750728158777,44
4402,11,62855,62855,0,0,0,0,1.0,1.0,1.0,1.0,1.0,1,0.35237782290204545,44
4403,14,62869,62869,0,0,0,0,1.0,1.0,1.0,1.0,1.0,1,0.30908846809579366,45
4404,19,62888,62888,0,0,0,0,1.0,1.0,1.0,1.0,1.0,1,0.30246397446769224,45
4405,10,62898,62898,0,0,0,0,1.0,1.0,1.0,1.0,1.0,1,0.30038390889700683,46
4406,12,62910,62910,0,0,0,0,1.0,1.0,1.0,1.0,1.0,1,0.3582603548006553,46
4407,7,62917,62917,0,0,0,0,1.0,1.0,1.0,1.0,1.0,1,0.3312295251453642,46
4408,7,62924,62924,0,0,0,0,1.0,1.0,1.0,1.0,1.0,1,0.3824746076352699,47
4409,6,62930,62930,0,0,0,0,1.0,1.0,1.0,1.0,1.0,1,0.30254509631152404,48
4410,8,62938,62938,0,0,0,0,1.0,1.0,1.0,1.0,1.0,1,0.31145925436676675,48
4411,12,62950,62950,0,0,0,0,1.0,1.0,1.0,1.0,1.0,1,0.31350768451714195,50
4412,9,62959,62959,0,0,0,0,1.0,1.0,1.0,1.0,1.0,1,0.26900884060914176,50
4413,6,62965,62965,0,0,0,0,1.0,1.0,1.0,1.0,1.0,1,0.3303209434390143,50
4414,13,62978,62978,0,0,0,0,1.0,1.0,1.0,1.0,1.0,1,0.3062551812433294,51
4415,12,62990,62990,0,0,0,0,1.0,1.0,1.0,1.0,1.0,1,0.2333213663835918,51
4416,8,62998,62998,0,0,0,0,1.0,1.0,1.0,1.0,1.0,1,0.26954902201550385,51
4417,9,63007,63007,0,0,0,0,1.0,1.0,1.0,1.0,1.0,1,0.25325015424004504,51
4418,11,63018,63018,0,0,0,0,1.0,1.0,1.0,1.0,1.0,1,0.27054861306608075,51
4419,13,63031,63031,0,0,0,0,1.0,1.0,1.0,1.0,1.0,1,0.30025394012199785,50
4420,15,63046,63046,0,0,0,0,1.0,1.0,1.0,1.0,1.0,1,0.2989536328822343,50
4421,12,63058,63058,0,0,0,0,1.0,1.0,1.0,1.0,1.0,1,0.24651031620620556,52
4422,13,63071,63071,0,0,0,0,1.0,1.0,1.0,1.0,1.0,1,0.19866310735994167,51
4423,19,63090,63090,0,0,0,0,1.0,1.0,1.0,1.0,1.0,1,0.21680284281988543,51
4424,18,63108,63108,0,0,0,0,1.0,1.0,1.0,1.0,1.0,1,0.2643280880509955,53
4425,22,63130,63130,0,0,0,0,1.0,1.0,1.0,1.0,1.0,1,0.3031279724165912,54
4426,16,63146,63146,0,0,0,0,1.0,1.0,1.0,1.0,1.0,1,0.24788481912752822,55
4427,22,63168,63168,0,0,0,0,1.0,1.0,1.0,1.0,1.0,1,0.23122914142840867,55
4428,8,63176,63176,0,0,0,0,1.0,1.0,1.0,1.0,1.0,1,0.24170043310594186,55
4429,23,63199,63199,0,0,0,0,1.0,1.0,1.0,1.0,1.0,1,0.22791199460951675,56
4430,15,63214,63214,0,0,0,0,1.0,1.0,1.0,1.0,1.0,1,0.340103957322455,55
4431,21,63235,63235,0,0,0,0,1.0,1.0,1.0,1.0,1.0,1,0.2693017233773449,56
4432,20,63255,63255,0,0,0,0,1.0,1.0,1.0,1.0,1.0,1,0.27792844935535416,56
4433,21,63276,63276,0,0,0,0,1.0,1.0,1.0,1.0,1.0,1,0.19336758579700314,57
4434,14,63290,63290,0,0,0,0,1.0,1.0,1.0,1.0,1.0,1,0.2181628939359198,56
4435,19,63309,63309,0,0,0,0,1.0,1.0,1.0,1.0,1.0,1,0.29818703479856673,56
4436,28,63337,63337,0,0,0,0,1.0,1.0,1.0,1.0,1.0,1,0.1566569262406674,55
4437,19,63356,63356,0,0,0,0,1.0,1.0,1.0,1.0,1.0,1,0.24910278198700944,54
4438,22,63378,63378,0,0,0,0,1.0,1.0,1.0,1.0,1.0,1,0.2911086864848407,54
4439,21,63399,63399,0,0,0,0,1.0,1.0,1.0,1.0,1.0,1,0.36305529871105074,55
4440,17,63416,63416,0,0,0,0,1.0,1.0,1.0,1.0,1.0,1,0.35039669112251437,55
4441,22,63438,63438,0,0,0,0,1.0,1.0,1.0,1.0,1.0,1,0.3329244029518777,59
4442,12,63450,63450,0,0,0,0,1.0,1.0,1.0,1.0,1.0,1,0.35242375779508667,61
4443,31,63481,63481,0,0,0,0,1.0,1.0,1.0,1.0,1.0,1,0.3400389316692433,60
4444,19,63500,63500,0,0,0,0,1.0,1.0,1.0,1.0,1.0,1,0.34436770312806403,61
4445,21,63521,63521,0,0,0,0,1.0,1.0,1.0,1.0,1.0,1,0.32324788126316495,61
4446,17,63538,63538,0,0,0,0,1.0,1.0,1.0,1.0,1.0,1,0.293864070800321,62
4447,30,63568,63568,0,0,0,0,1.0,1.0,1.0,1.0,1.0,1,0.35533762601731045,63
4448,16,63584,63584,0,0,0,0,1.0,1.0,1.0,1.0,1.0,1,0.34048886189093486,63
4449,17,63601,63601,0,0,0,0,1.0,1.0,1.0,1.0,1.0,1,0.37949818856798306,63
4450,11,63612,63612,0,0,0,0,1.0,1.0,1.0,1.0,1.0,1,0.3470111152033631,62
4451,16,63628,63628,0,0,0,0,1.0,1.0,1.0,1.0,1.0,1,0.3424256995802663,63
4452,10,63638,63638,0,0,0,0,1.0,1.0,1.0,1.0,1.0,1,0.41340322646571454,64
4453,15,63653,63653,0,0,0,0,1.0,1.0,1.0,1.0,1.0,1,0.34123883407157574,65
4454,13,63666,63666,0,0,0,0,1.0,1.0,1.0,1.0,1.0,1,0.33418365794376975,66
4455,22,63688,63688,0,0,0,0,1.0,1.0,1.0,1.0,1.0,1,0.33099256333899174,67
4456,17,63705,63705,0,0,0,0,1.0,1.0,1.0,1.0,1.0,1,0.3326199660147341,67
4457,11,63716,63716,0,0,0,0,1.0,1.0,1.0,1.0,1.0,1,0.34475404089160416,65
4458,14,63730,63730,0,0,0,0,1.0,1.0,1.0,1.0,1.0,1,0.27013838807401175,65
4459,19,63749,63749,0,0,0,0,1.0,1.0,1.0,1.0,1.0,1,0.3519528636789127,64
4460,16,63765,63765,0,0,0,0,1.0,1.0,1.0,1.0,1.0,1,0.2583755447391774,63
4461,16,63781,63781,0,0,0,0,1.0,1.0,1.0,1.0,1.0,1,0.3186246497459807,62
4462,16,63797,63797,0,0,0,0,1.0,1.0,1.0,1.0,1.0,1,0.4218676389067128,61
4463,24,63821,63821,0,0,0,0,1.0,1.0,1.0,1.0,1.0,1,0.3464193174117257,61
4464,12,63833,63833,0,0,0,0,1.0,1.0,1.0,1.0,1.0,1,0.40752266678880816,58
4465,15,63848,63848,0,0,0,0,1.0,1.0,1.0,1.0,1.0,1,0.35921711976766474,57
4466,29,63877,63877,0,0,0,0,1.0,1.0,1.0,1.0,1.0,1,0.31060037731739953,54
4467,17,63894,63894,0,0,0,0,1.0,1.0,1.0,1.0,1.0,1,0.30565232105830986,52
4468,18,63912,63912,0,0,0,0,1.0,1.0,1.0,1.0,1.0,1,0.32977339436302416,52
4469,18,63930,63930,0,0,0,0,1.0,1.0,1.0,1.0,1.0,1,0.2788694625992377,51
4470,15,63945,63945,0,0,0,0,1.0,1.0,1.0,1.0,1.0,1,0.3300883276409796,51
4471,17,63962,63962,0,0,0,0,1.0,1.0,1.0,1.0,1.0,1,0.29503756877569187,50
4472,21,63983,63983,0,0,0,0,1.0,1.0,1.0,1.0,1.0,1,0.3811278084706646,48
4473,34,64017,64017,0,0,0,0,1.0,1.0,1.0,1.0,1.0,1,0.38390779155678134,47
4474,29,64046,64046,0,0,0,0,1.0,1.0,1.0,1.0,1.0,1,0.43190475587407773,49
4475,22,64068,64068,0,0,0,0,1.0,1.0,1.0,1.0,1.0,1,0.3988682514877646,47
4476,23,64091,64091,0,0,0,0,1.0,1.0,1.0,1.0,1.0,1,0.3559598055442156,49
4477,19,64110,64110,0,0,0,0,1.0,1.0,1.0,1.0,1.0,1,0.29259628896843143,48
4478,18,64128,64128,0,0,0,0,1.0,1.0,1.0,1.0,1.0,1,0.462483403405245,48
4479,10,64138,64138,0,0,0,0,1.0,1.0,1.0,1.0,1.0,1,0.40696442031083224,48
4480,9,64147,64147,0,0,0,0,1.0,1.0,1.0,1.0,1.0,1,0.4706762189738885,49
4481,13,64160,64160,0,0,0,0,1.0,1.0,1.0,1.0,1.0,1,0.4861932029902039,49
4482,16,64176,64176,0,0,0,0,1.0,1.0,1.0,1.0,1.0,1,0.47604236906093506,49
4483,12,64188,64188,0,0,0,0,1.0,1.0,1.0,1.0,1.0,1,0.39256488207590085,50
4484,16,64204,64204,0,0,0,0,1.0,1.0,1.0,1.0,1.0,1,0.4316195563764956,52
4485,11,64215,64215,0,0,0,0,1.0,1.0,1.0,1.0,1.0,1,0.4012510249787377,53
4486,16,64231,64231,0,0,0,0,1.0,1.0,1.0,1.0,1.0,1,0.3537825782662671,55
4487,18,64249,64249,0,0,0,0,1.0,1.0,1.0,1.0,1.0,1,0.4024144601993269,55
4488,17,64266,64266,0,0,0,0,1.0,1.0,1.0,1.0,1.0,1,0.41195340596984453,54
4489,19,64285,64285,0,0,0,0,1.0,1.0,1.0,1.0,1.0,1,0.4917492276620755,53
4490,18,64303,64303,0,0,0,0,1.0,1.0,1.0,1.0,1.0,1,0.41339132947514406,53
4491,9,64312,64312,0,0,0,0,1.0,1.0,1.0,1.0,1.0,1,0.4315236001347906,52
4492,16,64328,64328,0,0,0,0,1.0,1.0,1.0,1.0,1.0,1,0.44082421750886847,52
4493,15,64343,64343,0,0,0,0,1.0,1.0,1.0,1.0,1.0,1,0.3430102839070398,52
4494,13,64356,64356,0,0,0,0,1.0,1.0,1.0,1.0,1.0,1,0.3537474551770947,53
4495,23,64379,64379,0,0,0,0,1.0,1.0,1.0,1.0,1.0,1,0.37258613921536715,50
4496,13,64392,64392,0,0,0,0,1.0,1.0,1.0,1.0,1.0,1,0.28890319811038756,51
4497,15,64407,64407,0,0,0,0,1.0,1.0,1.0,1.0,1.0,1,0.2757333396503409,50
4498,20,64427,64427,0,0,0,0,1.0,1.0,1.0,1.0,1.0,1,0.34299857064499784,49
4499,13,64440,64440,0,0,0,0,1.0,1.0,1.0,1.0,1.0,1,0.304450852158547,48
4500,17,64457,64457,0,0,0,0,1.0,1.0,1.0,1.0,1.0,1,0.29189731995058377,48
4501,19,64476,64476,0,0,0,0,1.0,1.0,1.0,1.0,1.0,1,0.2765280995637544,48
4502,11,64487,64487,0,0,0,0,1.0,1.0,1.0,1.0,1.0,1,0.32085020248646634,49
4503,15,64502,64502,0,0,0,0,1.0,1.0,1.0,1.0,1.0,1,0.3633078957446295,49
4504,14,64516,64516,0,0,0,0,1.0,1.0,1.0,1.0,1.0,1,0.29474470653671625,45
4505,27,64543,64543,0,0,0,0,1.0,1.0,1.0,1.0,1.0,1,0.38674789852040903,46
4506,11,64554,64554,0,0,0,0,1.0,1.0,1.0,1.0,1.0,1,0.2913773619835098,45
4507,18,64572,64572,0,0,0,0,1.0,1.0,1.0,1.0,1.0,1,0.35258365295764355,45
4508,14,64586,64586,0,0,0,0,1.0,1.0,1.0,1.0,1.0,1,0.26083945732765845,43
4509,11,64597,64597,0,0,0,0,1.0,1.0,1.0,1.0,1.0,1,0.25335852941227893,41
4510,12,64609,64609,0,0,0,0,1.0,1.0,1.0,1.0,1.0,1,0.32564763666237523,42
4511,9,64618,64618,0,0,0,0,1.0,1.0,1.0,1.0,1.0,1,0.27572221251668894,41
4512,9,64627,64627,0,0,0,0,1.0,1.0,1.0,1.0,1.0,1,0.32017499087534934,41
4513,9,64636,64636,0,0,0,0,1.0,1.0,1.0,1.0,1.0,1,0.2603261067991076,41
4514,16,64652,64652,0,0,0,0,1.0,1.0,1.0,1.0,1.0,1,0.2979512005836418,42
4515,10,64662,64662,0,0,0,0,1.0,1.0,1.0,1.0,1.0,1,0.3479509772880374,41
4516,12,64674,64674,0,0,0,0,1.0,1.0,1.0,1.0,1.0,1,0.4280883933075562,42
4517,10,64684,64684,0,0,0,0,1.0,1.0,1.0,1.0,1.0,1,0.316077692548446,43
4518,10,64694,64694,0,0,0,0,1.0,1.0,1.0,1.0,1.0,1,0.36398817029718034,42
4519,8,64702,64702,0,0,0,0,1.0,1.0,1.0,1.0,1.0,1,0.3379572118787182,42
4520,15,64717,64717,0,0,0,0,1.0,1.0,1.0,1.0,1.0,1,0.3134347547721973,42
4521,10,64727,64727,0,0,0,0,1.0,1.0,1.0,1.0,1.0,1,0.2982207022578295,42
4522,18,64745,64745,0,0,0,0,1.0,1.0,1.0,1.0,1.0,1,0.33894786608302574,42
4523,13,64758,64758,0,0,0,0,1.0,1.0,1.0,1.0,1.0,1,0.32949215678036803,42
4524,12,64770,64770,0,0,0,0,1.0,1.0,1.0,1.0,1.0,1,0.2576347449420585,43
4525,15,64785,64785,0,0,0,0,1.0,1.0,1.0,1.0,1.0,1,0.26959144074923946,46
4526,16,64801,64801,0,0,0,0,1.0,1.0,1.0,1.0,1.0,1,0.26540208520437103,46
4527,16,64817,64817,0,0,0,0,1.0,1.0,1.0,1.0,1.0,1,0.26982734130863895,47
4528,18,64835,64835,0,0,0,0,1.0,1.0,1.0,1.0,1.0,1,0.3123960330903152,49
4529,15,64850,64850,0,0,0,0,1.0,1.0,1.0,1.0,1.0,1,0.37461384863832364,50
4530,15,64865,64865,0,0,0,0,1.0,1.0,1.0,1.0,1.0,1,0.32474580708034206,51
4531,7,64872,64872,0,0,0,0,1.0,1.0,1.0,1.0,1.0,1,0.3384832482240168,51
4532,16,64888,64888,0,0,0,0,1.0,1.0,1.0,1.0,1.0,1,0.2949662598474182,51
4533,9,64897,64897,0,0,0,0,1.0,1.0,1.0,1.0,1.0,1,0.4185654904477651,50
4534,17,64914,64914,0,0,0,0,1.0,1.0,1.0,1.0,1.0,1,0.2252221090810155,51
4535,15,64929,64929,0,0,0,0,1.0,1.0,1.0,1.0,1.0,1,0.33643156049903117,50
4536,20,64949,64949,0,0,0,0,1.0,1.0,1.0,1.0,1.0,1,0.40044991690469056,48
4537,14,64963,64963,0,0,0,0,1.0,1.0,1.0,1.0,1.0,1,0.400386783698283,49
4538,14,64977,64977,0,0,0,0,1.0,1.0,1.0,1.0,1.0,1,0.39627433579370813,48
4539,12,64989,64989,0,0,0,0,1.0,1.0,1.0,1.0,1.0,1,0.3324445540010328,50
4540,17,65006,65006,0,0,0,0,1.0,1.0,1.0,1.0,1.0,1,0.4051714581558922,49
4541,13,65019,65019,0,0,0,0,1.0,1.0,1.0,1.0,1.0,1,0.4423305372421108,49
4542,14,65033,65033,0,0,0,0,1.0,1.0,1.0,1.0,1.0,1,0.3925253292203829,47
4543,8,65041,65041,0,0,0,0,1.0,1.0,1.0,1.0,1.0,1,0.4673619759402816,45
4544,7,65048,65048,0,0,0,0,1.0,1.0,1.0,1.0,1.0,1,0.42558712155166056,45
4545,10,65058,65058,0,0,0,0,1.0,1.0,1.0,1.0,1.0,1,0.42484518089516976,43
4546,7,65065,65065,0,0,0,0,1.0,1.0,1.0,1.0,1.0,1,0.4643918532306432,43
4547,9,65074,65074,0,0,0,0,1.0,1.0,1.0,1.0,1.0,1,0.4848894456315184,41
4548,14,65088,65088,0,0,0,0,1.0,1.0,1.0,1.0,1.0,1,0.4743143428159048,42
4549,16,65104,65104,0,0,0,0,1.0,1.0,1.0,1.0,1.0,1,0.36459116404143604,41
4550,11,65115,65115,0,0,0,0,1.0,1.0,1.0,1.0,1.0,1,0.36779428204615683,41
4551,12,65127,65127,0,0,0,0,1.0,1.0,1.0,1.0,1.0,1,0.42733033813596744,39
4552,8,65135,65135,0,0,0,0,1.0,1.0,1.0,1.0,1.0,1,0.33003108329945263,38
4553,13,65148,65148,0,0,0,0,1.0,1.0,1.0,1.0,1.0,1,0.41494351544574815,39
4554,10,65158,65158,0,0,0,0,1.0,1.0,1.0,1.0,1.0,1,0.4451107582927537,38
4555,7,65165,65165,0,0,0,0,1.0,1.0,1.0,1.0,1.0,1,0.3868200154788729,37
4556,12,65177,65177,0,0,0,0,1.0,1.0,1.0,1.0,1.0,1,0.43875914957368845,36
4557,7,65184,65184,0,0,0,0,1.0,1.0,1.0,1.0,1.0,1,0.36222121221229264,38
4558,11,65195,65195,0,0,0,0,1.0,1.0,1.0,1.0,1.0,1,0.32733617627764844,39
4559,13,65208,65208,0,0,0,0,1.0,1.0,1.0,1.0,1.0,1,0.43980368553200244,38
4560,7,65215,65215,0,0,0,0,1.0,1.0,1.0,1.0,1.0,1,0.37909324239515624,41
4561,7,65222,65222,0,0,0,0,1.0,1.0,1.0,1.0,1.0,1,0.42744676983496305,41
4562,12,65234,65234,0,0,0,0,1.0,1.0,1.0,1.0,1.0,1,0.35975718395519163,43
4563,12,65246,65246,0,0,0,0,1.0,1.0,1.0,1.0,1.0,1,0.33438728624993647,42
4564,12,65258,65258,0,0,0,0,1.0,1.0,1.0,1.0,1.0,1,0.360674163696783,43
4565,17,65275,65275,0,0,0,0,1.0,1.0,1.0,1.0,1.0,1,0.3169893427436825,44
4566,13,65288,65288,0,0,0,0,1.0,1.0,1.0,1.0,1.0,1,0.24130694739749414,45
4567,24,65312,65312,0,0,0,0,1.0,1.0,1.0,1.0,1.0,1,0.3273568697733271,47
4568,23,65335,65335,0,0,0,0,1.0,1.0,1.0,1.0,1.0,1,0.28853309624842516,47
4569,16,65351,65351,0,0,0,0,1.0,1.0,1.0,1.0,1.0,1,0.266862794647784,49
4570,20,65371,65371,0,0,0,0,1.0,1.0,1.0,1.0,1.0,1,0.3150888478850621,49
4571,12,65383,65383,0,0,0,0,1.0,1.0,1.0,1.0,1.0,1,0.304299466367021,48
4572,26,65409,65409,0,0,0,0,1.0,1.0,1.0,1.0,1.0,1,0.3666888262240968,48
4573,21,65430,65430,0,0,0,0,1.0,1.0,1.0,1.0,1.0,1,0.34544967781678954,48
4574,15,65445,65445,0,0,0,0,1.0,1.0,1.0,1.0,1.0,1,0.34127651002626463,50
4575,22,65467,65467,0,0,0,0,1.0,1.0,1.0,1.0,1.0,1,0.37044239268015866,51
4576,13,65480,65480,0,0,0,0,1.0,1.0,1.0,1.0,1.0,1,0.3955256106446783,48
4577,19,65499,65499,0,0,0,0,1.0,1.0,1.0,1.0,1.0,1,0.4140858413284932,47
4578,15,65514,65514,0,0,0,0,1.0,1.0,1.0,1.0,1.0,1,0.40784933823440317,46
4579,21,65535,65535,0,0,0,0,1.0,1.0,1.0,1.0,1.0,1,0.3786819238412992,46
4580,18,65553,65553,0,0,0,0,1.0,1.0,1.0,1.0,1.0,1,0.3416939615593989,47
4581,9,65562,65562,0,0,0,0,1.0,1.0,1.0,1.0,1.0,1,0.3557638038971253,47
4582,12,65574,65574,0,0,0,0,1.0,1.0,1.0,1.0,1.0,1,0.3985524740165491,48
4583,9,65583,65583,0,0,0,0,1.0,1.0,1.0,1.0,1.0,1,0.34969285668736994,48
4584,15,65598,65598,0,0,0,0,1.0,1.0,1.0,1.0,1.0,1,0.36690242477823787,50
4585,12,65610,65610,0,0,0,0,1.0,1.0,1.0,1.0,1.0,1,0.4013239601859429,50
4586,8,65618,65618,0,0,0,0,1.0,1.0,1.0,1.0,1.0,1,0.30889387555558345,50
4587,14,65632,65632,0,0,0,0,1.0,1.0,1.0,1.0,1.0,1,0.34048935530988506,50
4588,14,65646,65646,0,0,0,0,1.0,1.0,1.0,1.0,1.0,1,0.3344190019613906,50
4589,16,65662,65662,0,0,0,0,1.0,1.0,1.0,1.0,1.0,1,0.3725679417106218,52
4590,15,65677,65677,0,0,0,0,1.0,1.0,1.0,1.0,1.0,1,0.39500937823886795,52
4591,14,65691,65691,0,0,0,0,1.0,1.0,1.0,1.0,1.0,1,0.36801989626665726,53
4592,14,65705,65705,0,0,0,0,1.0,1.0,1.0,1.0,1.0,1,0.3418202362524079,54
4593,10,65715,65715,0,0,0,0,1.0,1.0,1.0,1.0,1.0,1,0.30585008484932963,56
4594,23,65738,65738,0,0,0,0,1.0,1.0,1.0,1.0,1.0,1,0.31638079148129716,57
4595,25,65763,65763,0,0,0,0,1.0,1.0,1.0,1.0,1.0,1,0.29656473252876636,56
4596,22,65785,65785,0,0,0,0,1.0,1.0,1.0,1.0,1.0,1,0.2784101084496341,56
4597,15,65800,65800,0,0,0,0,1.0,1.0,1.0,1.0,1.0,1,0.3335974924571799,56
4598,12,65812,65812,0,0,0,0,1.0,1.0,1.0,1.0,1.0,1,0.2473442733420866,57
4599,14,65826,65826,0,0,0,0,1.0,1.0,1.0,1.0,1.0,1,0.3226959136265654,59
4600,19,65845,65845,0,0,0,0,1.0,1.0,1.0,1.0,1.0,1,0.31205445839789464,60
4601,22,65867,65867,0,0,0,0,1.0,1.0,1.0,1.0,1.0,1,0.310516076794658,60
4602,17,65884,65884,0,0,0,0,1.0,1.0,1.0,1.0,1.0,1,0.32694596454770114,62
4603,13,65897,65897,0,0,0,0,1.0,1.0,1.0,1.0,1.0,1,0.4003748691268787,62
4604,19,65916,65916,0,0,0,0,1.0,1.0,1.0,1.0,1.0,1,0.31292731474884655,63
4605,14,65930,65930,0,0,0,0,1.0,1.0,1.0,1.0,1.0,1,0.3347224346559577,63
4606,12,65942,65942,0,0,0,0,1.0,1.0,1.0,1.0,1.0,1,0.3142576899287677,64
4607,25,65967,65967,0,0,0,0,1.0,1.0,1.0,1.0,1.0,1,0.34042477116227715,65
4608,17,65984,65984,0,0,0,0,1.0,1.0,1.0,1.0,1.0,1,0.3815116913654262,66
4609,21,66005,66005,0,0,0,0,1.0,1.0,1.0,1.0,1.0,1,0.3450243745451403,65
4610,14,66019,66019,0,0,0,0,1.0,1.0,1.0,1.0,1.0,1,0.3880637487590892,63
4611,28,66047,66047,0,0,0,0,1.0,1.0,1.0,1.0,1.0,1,0.33281989832874087,64
4612,29,66076,66076,0,0,0,0,1.0,1.0,1.0,1.0,1.0,1,0.3350135470749827,62
4613,24,66100,66100,0,0,0,0,1.0,1.0,1.0,1.0,1.0,1,0.36374794267743965,63
4614,20,66120,66120,0,0,0,0,1.0,1.0,1.0,1.0,1.0,1,0.35053992340579787,61
4615,27,66147,66147,0,0,0,0,1.0,1.0,1.0,1.0,1.0,1,0.4604055003670489,59
4616,16,66163,66163,0,0,0,0,1.0,1.0,1.0,1.0,1.0,1,0.3711168634487101,58
4617,17,66180,66180,0,0,0,0,1.0,1.0,1.0,1.0,1.0,1,0.46208999177029975,58
4618,30,66210,66210,0,0,0,0,1.0,1.0,1.0,1.0,1.0,1,0.3820573349782838,57
4619,21,66231,66231,0,0,0,0,1.0,1.0,1.0,1.0,1.0,1,0.39612577900188456,57
4620,22,66253,66253,0,0,0,0,1.0,1.0,1.0,1.0,1.0,1,0.46466209189109153,57
4621,32,66285,66285,0,0,0,0,1.0,1.0,1.0,1.0,1.0,1,0.3372399534677856,59
4622,34,66319,66319,0,0,0,0,1.0,1.0,1.0,1.0,1.0,1,0.4284682438865189,60
4623,24,66343,66343,0,0,0,0,1.0,1.0,1.0,1.0,1.0,1,0.3906281641852535,59
4624,36,66379,66379,0,0,0,0,1.0,1.0,1.0,1.0,1.0,1,0.4125187421892817,59
4625,23,66402,66402,0,0,0,0,1.0,1.0,1.0,1.0,1.0,1,0.29133491807710216,57
4626,30,66432,66432,0,0,0,0,0.984132217794307,0.9613653998470084,0.984132217794307,0.9613653998470084,1.0,1,0.4824306482843123,56
4627,18,66450,66450,0,0,0,0,1.0,1.0,1.0,1.0,1.0,1,0.4219252350664331,56
4628,28,66478,66478,0,0,0,0,1.0,1.0,1.0,1.0,1.0,1,0.4100772154286578,56
4629,21,66499,66499,0,0,0,0,1.0,1.0,1.0,1.0,1.0,1,0.48620579817462994,56
4630,19,66518,66518,0,0,0,0,1.0,1.0,1.0,1.0,1.0,1,0.4221061226488168,57
4631,25,66543,66543,0,0,0,0,1.0,1.0,1.0,1.0,1.0,1,0.4401859209886387,56
4632,25,66568,66568,0,0,0,0,0.9955445913424303,0.9879067479294541,0.9955445913424303,0.9879067479294541,1.0,1,0.4918905329130317,57
4633,15,66583,66583,0,0,0,0,1.0,1.0,1.0,1.0,1.0,1,0.41847668391396325,58
4634,28,66611,66611,0,0,0,0,1.0,1.0,1.0,1.0,1.0,1,0.44744664216858104,58
4635,20,66631,66631,0,0,0,0,1.0,1.0,1.0,1.0,1.0,1,0.45412677476025304,59
4636,27,66658,66658,0,0,0,0,1.0,1.0,1.0,1.0,1.0,1,0.4018629448330279,60
4637,23,66681,66681,0,0,0,0,0.9831192440516018,0.9559632453520045,0.9831192440516018,0.9559632453520045,1.0,1,0.4387080947771848,60
4638,46,66727,66727,0,0,0,0,0.9957089350197738,0.9881020471002822,0.9957089350197738,0.9881020471002822,1.0,1,0.48709469086909685,61
4639,33,66760,66760,0,0,0,0,1.0,1.0,1.0,1.0,1.0,1,0.3993138377531975,62
4640,25,66785,66785,0,0,0,0,0.957834921419747,0.8937440019777626,0.957834921419747,0.8937440019777626,1.0,1,0.500483246083763,63
4641,32,66817,66817,0,0,0,0,1.0,1.0,1.0,1.0,1.0,1,0.460148429112855,63
4642,39,66856,66856,0,0,0,0,1.0,1.0,1.0,1.0,1.0,1,0.42041488008567385,62
4643,21,66877,66877,0,0,0,0,1.0,1.0,1.0,1.0,1.0,1,0.39911815131293393,63
4644,20,66897,66897,0,0,0,0,0.9800869863973544,0.9438815071198171,0.9800869863973544,0.9438815071198171,1.0,1,0.5061061034068067,62
4645,19,66916,66916,0,0,0,0,1.0,1.0,1.0,1.0,1.0,1,0.41251048991001316,63
4646,26,66942,66942,0,0,0,0,1.0,1.0,1.0,1.0,1.0,1,0.4666090821005564,63
4647,29,66971,66971,0,0,0,0,1.0,1.0,1.0,1.0,1.0,1,0.4386255034268627,62
4648,42,67013,67013,0,0,0,0,1.0,1.0,1.0,1.0,1.0,1,0.4148917048322565,63
4649,31,67044,67044,0,0,0,0,1.0,1.0,1.0,1.0,1.0,1,0.47898566820336647,61
4650,40,67084,67084,0,0,0,0,1.0,1.0,1.0,1.0,1.0,1,0.3102410319925116,63
4651,41,67125,67125,0,0,0,0,1.0,1.0,1.0,1.0,1.0,1,0.382482106993391,62
4652,38,67163,67163,0,0,0,0,1.0,1.0,1.0,1.0,1.0,1,0.4230320810073316,59
4653,38,67201,67201,0,0,0,0,1.0,1.0,1.0,1.0,1.0,1,0.33768913750938473,60
4654,37,67238,67238,0,0,0,0,1.0,1.0,1.0,1.0,1.0,1,0.409209329384415,60
4655,25,67263,67263,0,0,0,0,1.0,1.0,1.0,1.0,1.0,1,0.4173362171588618,60
4656,22,67285,67285,0,0,0,0,0.9627111368839617,0.9052241395800694,0.9627111368839617,0.9052241395800694,1.0,1,0.45146657206489177,61
4657,23,67308,67308,0,0,0,0,1.0,1.0,1.0,1.0,1.0,1,0.3894325446097561,62
4658,20,67328,67328,0,0,0,0,1.0,1.0,1.0,1.0,1.0,1,0.43973599951309983,62
4659,12,67340,67340,0,0,0,0,1.0,1.0,1.0,1.0,1.0,1,0.3773256457735225,61
4660,15,67355,67355,0,0,0,0,1.0,1.0,1.0,1.0,1.0,1,0.3745782482731288,61
4661,17,67372,67372,0,0,0,0,1.0,1.0,1.0,1.0,1.0,1,0.3985636084626943,61
4662,20,67392,67392,0,0,0,0,1.0,1.0,1.0,1.0,1.0,1,0.4825246763484887,62
4663,16,67408,67408,0,0,0,0,1.0,1.0,1.0,1.0,1.0,1,0.4159491435801727,61
4664,24,67432,67432,0,0,0,0,1.0,1.0,1.0,1.0,1.0,1,0.3288122698362562,62
4665,23,67455,67455,0,0,0,0,1.0,1.0,1.0,1.0,1.0,1,0.41385103579207866,61
4666,24,67479,67479,0,0,0,0,1.0,1.0,1.0,1.0,1.0,1,0.3479581784316013,61
4667,26,67505,67505,0,0,0,0,1.0,1.0,1.0,1.0,1.0,1,0.3107593244567673,59
4668,24,67529,67529,0,0,0,0,1.0,1.0,1.0,1.0,1.0,1,0.3987309616296551,59
4669,42,67571,67571,0,0,0,0,1.0,1.0,1.0,1.0,1.0,1,0.3587613199577941,58
4670,20,67591,67591,0,0,0,0,1.0,1.0,1.0,1.0,1.0,1,0.3394872112043301,57
4671,18,67609,67609,0,0,0,0,1.0,1.0,1.0,1.0,1.0,1,0.4350711722069169,55
4672,17,67626,67626,0,0,0,0,1.0,1.0,1.0,1.0,1.0,1,0.37966170982143793,56
4673,23,67649,67649,0,0,0,0,1.0,1.0,1.0,1.0,1.0,1,0.3510439217665668,58
4674,18,67667,67667,0,0,0,0,1.0,1.0,1.0,1.0,1.0,1,0.33625802141896044,58
4675,23,67690,67690,0,0,0,0,1.0,1.0,1.0,1.0,1.0,1,0.3292909842008534,57
4676,28,67718,67718,0,0,0,0,1.0,1.0,1.0,1.0,1.0,1,0.36312617407503583,58
4677,22,67740,67740,0,0,0,0,1.0,1.0,1.0,1.0,1.0,1,0.3423862028979362,57
4678,39,67779,67779,0,0,0,0,1.0,1.0,1.0,1.0,1.0,1,0.36085019551701325,57
4679,19,67798,67798,0,0,0,0,1.0,1.0,1.0,1.0,1.0,1,0.4083458692979207,57
4680,19,67817,67817,0,0,0,0,1.0,1.0,1.0,1.0,1.0,1,0.2998675900616629,59
4681,24,67841,67841,0,0,0,0,1.0,1.0,1.0,1.0,1.0,1,0.34383359117856066,60
4682,23,67864,67864,0,0,0,0,1.0,1.0,1.0,1.0,1.0,1,0.36525597625969203,60
4683,42,67906,67906,0,0,0,0,1.0,1.0,1.0,1.0,1.0,1,0.27357696658368763,60
4684,26,67932,67932,0,0,0,0,1.0,1.0,1.0,1.0,1.0,1,0.34012612119187413,60
4685,27,67959,67959,0,0,0,0,1.0,1.0,1.0,1.0,1.0,1,0.3244047523331329,59
4686,21,67980,67980,0,0,0,0,1.0,1.0,1.0,1.0,1.0,1,0.27633779803348024,60
4687,18,67998,67998,0,0,0,0,1.0,1.0,1.0,1.0,1.0,1,0.33831774420670924,59
4688,18,68016,68016,0,0,0,0,1.0,1.0,1.0,1.0,1.0,1,0.29698392171627175,59
4689,20,68036,68036,0,0,0,0,1.0,1.0,1.0,1.0,1.0,1,0.35781967857378255,59
4690,15,68051,68051,0,0,0,0,1.0,1.0,1.0,1.0,1.0,1,0.2950488380757227,58
4691,18,68069,68069,0,0,0,0,1.0,1.0,1.0,1.0,1.0,1,0.2832750945583715,57
4692,20,68089,68089,0,0,0,0,1.0,1.0,1.0,1.0,1.0,1,0.30461441037756565,58
4693,15,68104,68104,0,0,0,0,1.0,1.0,1.0,1.0,1.0,1,0.3231355244525326,57
4694,20,68124,68124,0,0,0,0,1.0,1.0,1.0,1.0,1.0,1,0.23377997728601366,57
4695,16,68140,68140,0,0,0,0,1.0,1.0,1.0,1.0,1.0,1,0.34020098155700534,56
4696,20,68160,68160,0,0,0,0,1.0,1.0,1.0,1.0,1.0,1,0.34333391063867363,57
4697,22,68182,68182,0,0,0,0,1.0,1.0,1.0,1.0,1.0,1,0.26909630579053684,58
4698,19,68201,68201,0,0,0,0,1.0,1.0,1.0,1.0,1.0,1,0.3360194661630018,59
4699,16,68217,68217,0,0,0,0,1.0,1.0,1.0,1.0,1.0,1,0.35230951900010676,58
4700,25,68242,68242,0,0,0,0,1.0,1.0,1.0,1.0,1.0,1,0.3366689474508503,59
4701,28,68270,68270,0,0,0,0,1.0,1.0,1.0,1.0,1.0,1,0.38056877185490917,60
4702,19,68289,68289,0,0,0,0,1.0,1.0,1.0,1.0,1.0,1,0.31575706259730746,61
4703,21,68310,68310,0,0,0,0,1.0,1.0,1.0,1.0,1.0,1,0.3797786387268995,59
4704,15,68325,68325,0,0,0,0,1.0,1.0,1.0,1.0,1.0,1,0.41205112304484076,58
4705,24,68349,68349,0,0,0,0,1.0,1.0,1.0,1.0,1.0,1,0.39983038150122596,58
4706,27,68376,68376,0,0,0,0,1.0,1.0,1.0,1.0,1.0,1,0.3524269704830666,60
4707,19,68395,68395,0,0,0,0,1.0,1.0,1.0,1.0,1.0,1,0.40869257032320094,57
4708,23,68418,68418,0,0,0,0,1.0,1.0,1.0,1.0,1.0,1,0.2931250284172144,57
4709,15,68433,68433,0,0,0,0,1.0,1.0,1.0,1.0,1.0,1,0.44032845999427855,55
4710,22,68455,68455,0,0,0,0,1.0,1.0,1.0,1.0,1.0,1,0.32708244018180954,53
4711,23,68478,68478,0,0,0,0,1.0,1.0,1.0,1.0,1.0,1,0.4525369379244398,52
4712,11,68489,68489,0,0,0,0,1.0,1.0,1.0,1.0,1.0,1,0.4934490061618947,52
4713,29,68518,68518,0,0,0,0,1.0,1.0,1.0,1.0,1.0,1,0.435927507232855,51
4714,10,68528,68528,0,0,0,0,1.0,1.0,1.0,1.0,1.0,1,0.43972823830524255,50
4715,27,68555,68555,0,0,0,0,1.0,1.0,1.0,1.0,1.0,1,0.43764903232253816,50
4716,14,68569,68569,0,0,0,0,1.0,1.0,1.0,1.0,1.0,1,0.47635276434796703,49
4717,10,68579,68579,0,0,0,0,1.0,1.0,1.0,1.0,1.0,1,0.37179883652638085,49
4718,11,68590,68590,0,0,0,0,1.0,1.0,1.0,1.0,1.0,1,0.39859015985120255,50
4719,14,68604,68604,0,0,0,0,1.0,1.0,1.0,1.0,1.0,1,0.4183946605082359,49
4720,11,68615,68615,0,0,0,0,1.0,1.0,1.0,1.0,1.0,1,0.36395970819867624,49
4721,14,68629,68629,0,0,0,0,1.0,1.0,1.0,1.0,1.0,1,0.37904108519607976,50
4722,30,68659,68659,0,0,0,0,1.0,1.0,1.0,1.0,1.0,1,0.3925542663385703,51
4723,9,68668,68668,0,0,0,0,1.0,1.0,1.0,1.0,1.0,1,0.396032006865725,50
4724,20,68688,68688,0,0,0,0,1.0,1.0,1.0,1.0,1.0,1,0.4362368072645384,50
4725,16,68704,68704,0,0,0,0,1.0,1.0,1.0,1.0,1.0,1,0.4692786604874857,52
4726,21,68725,68725,0,0,0,0,1.0,1.0,1.0,1.0,1.0,1,0.4689191062225279,51
4727,19,68744,68744,0,0,0,0,1.0,1.0,1.0,1.0,1.0,1,0.4170685363641588,52
4728,10,68754,68754,0,0,0,0,1.0,1.0,1.0,1.0,1.0,1,0.34250680332916494,52
4729,17,68771,68771,0,0,0,0,1.0,1.0,1.0,1.0,1.0,1,0.3816570094639794,52
4730,21,68792,68792,0,0,0,0,1.0,1.0,1.0,1.0,1.0,1,0.32321688542420585,50
4731,17,68809,68809,0,0,0,0,1.0,1.0,1.0,1.0,1.0,1,0.39573480938109773,51
4732,15,68824,68824,0,0,0,0,1.0,1.0,1.0,1.0,1.0,1,0.38255210948883944,52
4733,18,68842,68842,0,0,0,0,1.0,1.0,1.0,1.0,1.0,1,0.4442748170820305,53
4734,24,68866,68866,0,0,0,0,1.0,1.0,1.0,1.0,1.0,1,0.4085875691051386,53
4735,14,68880,68880,0,0,0,0,1.0,1.0,1.0,1.0,1.0,1,0.42122074357570666,53
4736,19,68899,68899,0,0,0,0,1.0,1.0,1.0,1.0,1.0,1,0.40208477390953673,55
4737,27,68926,68926,0,0,0,0,1.0,1.0,1.0,1.0,1.0,1,0.4574856594318107,57
4738,29,68955,68955,0,0,0,0,1.0,1.0,1.0,1.0,1.0,1,0.33061998137598414,57
4739,16,68971,68971,0,0,0,0,0.9977331919591059,0.9941269064395019,0.9977331919591059,0.9941269064395019,1.0,1,0.4772113625723394,57
4740,12,68983,68983,0,0,0,0,1.0,1.0,1.0,1.0,1.0,1,0.4348533743134003,57
4741,22,69005,69005,0,0,0,0,1.0,1.0,1.0,1.0,1.0,1,0.39518947434747875,58
4742,20,69025,69025,0,0,0,0,1.0,1.0,1.0,1.0,1.0,1,0.36875432550348447,58
4743,25,69050,69050,0,0,0,0,0.9214244880154615,0.8307604357256093,0.9214244880154615,0.8307604357256093,1.0,1,0.5057645699473967,56
4744,16,69066,69066,0,0,0,0,1.0,1.0,1.0,1.0,1.0,1,0.490263659223013,57
4745,20,69086,69086,0,0,0,0,1.0,1.0,1.0,1.0,1.0,1,0.43364695957618626,56
4746,26,69112,69112,0,0,0,0,1.0,1.0,1.0,1.0,1.0,1,0.452812673104033,56
4747,22,69134,69134,0,0,0,0,1.0,1.0,1.0,1.0,1.0,1,0.3995284010769608,55
4748,15,69149,69149,0,0,0,0,1.0,1.0,1.0,1.0,1.0,1,0.4175489622835289,55
4749,9,69158,69158,0,0,0,0,1.0,1.0,1.0,1.0,1.0,1,0.3107679860371547,54
4750,12,69170,69170,0,0,0,0,1.0,1.0,1.0,1.0,1.0,1,0.36957544267115033,53
4751,14,69184,69184,0,0,0,0,1.0,1.0,1.0,1.0,1.0,1,0.47998730268550555,53
4752,11,69195,69195,0,0,0,0,1.0,1.0,1.0,1.0,1.0,1,0.4380324295097174,53
4753,12,69207,69207,0,0,0,0,0.9830431022645159,0.9616626659893402,0.9830431022645159,0.9616626659893402,1.0,1,0.5380874576529039,52
4754,21,69228,69228,0,0,0,0,1.0,1.0,1.0,1.0,1.0,1,0.3913011829747788,52
4755,21,69249,69249,0,0,0,0,1.0,1.0,1.0,1.0,1.0,1,0.4364864426104741,51
4756,19,69268,69268,0,0,0,0,1.0,1.0,1.0,1.0,1.0,1,0.442941689747563,52
4757,18,69286,69286,0,0,0,0,1.0,1.0,1.0,1.0,1.0,1,0.47825359226819775,51
4758,18,69304,69304,0,0,0,0,1.0,1.0,1.0,1.0,1.0,1,0.4545687396108915,51
4759,17,69321,69321,0,0,0,0,1.0,1.0,1.0,1.0,1.0,1,0.31521700345298176,51
4760,21,69342,69342,0,0,0,0,1.0,1.0,1.0,1.0,1.0,1,0.28870948761232323,52
4761,23,69365,69365,0,0,0,0,1.0,1.0,1.0,1.0,1.0,1,0.3350927578544959,50
4762,14,69379,69379,0,0,0,0,1.0,1.0,1.0,1.0,1.0,1,0.2681449069950867,51
4763,15,69394,69394,0,0,0,0,1.0,1.0,1.0,1.0,1.0,1,0.2767046349662232,51
4764,15,69409,69409,0,0,0,0,1.0,1.0,1.0,1.0,1.0,1,0.2933020342373382,53
4765,14,69423,69423,0,0,0,0,1.0,1.0,1.0,1.0,1.0,1,0.3459664964655284,53
4766,14,69437,69437,0,0,0,0,1.0,1.0,1.0,1.0,1.0,1,0.3475631984185613,55
4767,17,69454,69454,0,0,0,0,1.0,1.0,1.0,1.0,1.0,1,0.2438842948462841,56
4768,20,69474,69474,0,0,0,0,1.0,1.0,1.0,1.0,1.0,1,0.3274447121943505,56
4769,19,69493,69493,0,0,0,0,1.0,1.0,1.0,1.0,1.0,1,0.28698629437382206,56
4770,13,69506,69506,0,0,0,0,1.0,1.0,1.0,1.0,1.0,1,0.39240345811462635,56
4771,10,69516,69516,0,0,0,0,1.0,1.0,1.0,1.0,1.0,1,0.4401832648442963,55
4772,17,69533,69533,0,0,0,0,1.0,1.0,1.0,1.0,1.0,1,0.37677331801654207,56
4773,14,69547,69547,0,0,0,0,1.0,1.0,1.0,1.0,1.0,1,0.447823664864676,56
4774,13,69560,69560,0,0,0,0,1.0,1.0,1.0,1.0,1.0,1,0.3312164472269784,58
4775,18,69578,69578,0,0,0,0,1.0,1.0,1.0,1.0,1.0,1,0.3667049093635816,59
4776,25,69603,69603,0,0,0,0,1.0,1.0,1.0,1.0,1.0,1,0.4022247557731282,59
4777,20,69623,69623,0,0,0,0,1.0,1.0,1.0,1.0,1.0,1,0.3887581106964319,60
4778,16,69639,69639,0,0,0,0,1.0,1.0,1.0,1.0,1.0,1,0.3528070645672836,60
4779,15,69654,69654,0,0,0,0,1.0,1.0,1.0,1.0,1.0,1,0.4095764541799352,61
4780,14,69668,69668,0,0,0,0,1.0,1.0,1.0,1.0,1.0,1,0.3188238492223362,63
4781,14,69682,69682,0,0,0,0,1.0,1.0,1.0,1.0,1.0,1,0.26386721230400234,62
4782,13,69695,69695,0,0,0,0,1.0,1.0,1.0,1.0,1.0,1,0.3121292536064617,63
4783,13,69708,69708,0,0,0,0,1.0,1.0,1.0,1.0,1.0,1,0.23778722977260014,62
4784,17,69725,69725,0,0,0,0,1.0,1.0,1.0,1.0,1.0,1,0.18628822937993714,62
4785,19,69744,69744,0,0,0,0,1.0,1.0,1.0,1.0,1.0,1,0.17822644829781273,62
4786,25,69769,69769,0,0,0,0,1.0,1.0,1.0,1.0,1.0,1,0.20455317284024285,63
4787,20,69789,69789,0,0,0,0,1.0,1.0,1.0,1.0,1.0,1,0.15607490600796614,62
4788,14,69803,69803,0,0,0,0,1.0,1.0,1.0,1.0,1.0,1,0.17857617363422373,62
4789,24,69827,69827,0,0,0,0,1.0,1.0,1.0,1.0,1.0,1,0.11557752783706186,60
4790,19,69846,69846,0,0,0,0,1.0,1.0,1.0,1.0,1.0,1,0.13633093397499926,61
4791,13,69859,69859,0,0,0,0,1.0,1.0,1.0,1.0,1.0,1,0.16319292881926722,60
4792,10,69869,69869,0,0,0,0,1.0,1.0,1.0,1.0,1.0,1,0.13896754647799248,60
4793,9,69878,69878,0,0,0,0,1.0,1.0,1.0,1.0,1.0,1,0.19096960983375388,61
4794,9,69887,69887,0,0,0,0,1.0,1.0,1.0,1.0,1.0,1,0.2653019332310852,59
4795,13,69900,69900,0,0,0,0,1.0,1.0,1.0,1.0,1.0,1,0.26664147838826036,61
4796,11,69911,69911,0,0,0,0,1.0,1.0,1.0,1.0,1.0,1,0.25079453484466985,59
4797,13,69924,69924,0,0,0,0,1.0,1.0,1.0,1.0,1.0,1,0.26023644169499,58
4798,8,69932,69932,0,0,0,0,1.0,1.0,1.0,1.0,1.0,1,0.27937161969216845,59
4799,9,69941,69941,0,0,0,0,1.0,1.0,1.0,1.0,1.0,1,0.3240713057197335,57
4800,11,69952,69952,0,0,0,0,1.0,1.0,1.0,1.0,1.0,1,0.3381993829979649,58
4801,17,69969,69969,0,0,0,0,1.0,1.0,1.0,1.0,1.0,1,0.30970513444925846,57
4802,10,69979,69979,0,0,0,0,1.0,1.0,1.0,1.0,1.0,1,0.35861641907186365,57
4803,12,69991,69991,0,0,0,0,1.0,1.0,1.0,1.0,1.0,1,0.2839769132578681,56
4804,20,70011,70011,0,0,0,0,1.0,1.0,1.0,1.0,1.0,1,0.2838981741814318,54
4805,14,70025,70025,0,0,0,0,1.0,1.0,1.0,1.0,1.0,1,0.3229860669241817,56
4806,12,70037,70037,0,0,0,0,1.0,1.0,1.0,1.0,1.0,1,0.344090042149446,55
4807,23,70060,70060,0,0,0,0,1.0,1.0,1.0,1.0,1.0,1,0.3224058622810028,54
4808,16,70076,70076,0,0,0,0,1.0,1.0,1.0,1.0,1.0,1,0.3238690165364816,53
4809,19,70095,70095,0,0,0,0,1.0,1.0,1.0,1.0,1.0,1,0.32230388456693077,53
4810,18,70113,70113,0,0,0,0,1.0,1.0,1.0,1.0,1.0,1,0.32575720285801,51
4811,20,70133,70133,0,0,0,0,1.0,1.0,1.0,1.0,1.0,1,0.3402429890214251,52
4812,19,70152,70152,0,0,0,0,1.0,1.0,1.0,1.0,1.0,1,0.30775373864079414,52
4813,15,70167,70167,0,0,0,0,1.0,1.0,1.0,1.0,1.0,1,0.2523035675240601,52
4814,15,70182,70182,0,0,0,0,1.0,1.0,1.0,1.0,1.0,1,0.2461062830339221,53
4815,12,70194,70194,0,0,0,0,1.0,1.0,1.0,1.0,1.0,1,0.2727169732500998,54
4816,17,70211,70211,0,0,0,0,1.0,1.0,1.0,1.0,1.0,1,0.23730414934450395,54
4817,12,70223,70223,0,0,0,0,1.0,1.0,1.0,1.0,1.0,1,0.2259185919029407,55
4818,10,70233,70233,0,0,0,0,1.0,1.0,1.0,1.0,1.0,1,0.291118089070539,55
4819,10,70243,70243,0,0,0,0,1.0,1.0,1.0,1.0,1.0,1,0.2615954299926076,55
4820,11,70254,70254,0,0,0,0,1.0,1.0,1.0,1.0,1.0,1,0.3017444964332681,55
4821,12,70266,70266,0,0,0,0,1.0,1.0,1.0,1.0,1.0,1,0.40092481617852116,55
4822,10,70276,70276,0,0,0,0,1.0,1.0,1.0,1.0,1.0,1,0.39857146392482834,54
4823,8,70284,70284,0,0,0,0,1.0,1.0,1.0,1.0,1.0,1,0.35857071227338994,54
4824,8,70292,70292,0,0,0,0,1.0,1.0,1.0,1.0,1.0,1,0.3901594792110721,55
4825,7,70299,70299,0,0,0,0,1.0,1.0,1.0,1.0,1.0,1,0.39474438156301855,53
4826,9,70308,70308,0,0,0,0,1.0,1.0,1.0,1.0,1.0,1,0.31497094828840166,54
4827,14,70322,70322,0,0,0,0,1.0,1.0,1.0,1.0,1.0,1,0.46136408644577737,53
4828,12,70334,70334,0,0,0,0,1.0,1.0,1.0,1.0,1.0,1,0.3843635108627135,54
4829,8,70342,70342,0,0,0,0,1.0,1.0,1.0,1.0,1.0,1,0.372953879430466,54
4830,11,70353,70353,0,0,0,0,1.0,1.0,1.0,1.0,1.0,1,0.34799825552776,53
4831,8,70361,70361,0,0,0,0,1.0,1.0,1.0,1.0,1.0,1,0.36608884559826005,52
4832,6,70367,70367,0,0,0,0,1.0,1.0,1.0,1.0,1.0,1,0.3520215872159019,50
4833,9,70376,70376,0,0,0,0,1.0,1.0,1.0,1.0,1.0,1,0.4375325937421665,51
4834,10,70386,70386,0,0,0,0,1.0,1.0,1.0,1.0,1.0,1,0.3790602533946054,51
4835,16,70402,70402,0,0,0,0,1.0,1.0,1.0,1.0,1.0,1,0.3280137060497561,50
4836,13,70415,70415,0,0,0,0,1.0,1.0,1.0,1.0,1.0,1,0.32173954283115347,50
4837,20,70435,70435,0,0,0,0,1.0,1.0,1.0,1.0,1.0,1,0.28476464697890813,46
4838,23,70458,70458,0,0,0,0,1.0,1.0,1.0,1.0,1.0,1,0.25859456182693613,47
4839,13,70471,70471,0,0,0,0,1.0,1.0,1.0,1.0,1.0,1,0.33921633882208463,45
4840,18,70489,70489,0,0,0,0,1.0,1.0,1.0,1.0,1.0,1,0.37513568740706704,45
4841,9,70498,70498,0,0,0,0,1.0,1.0,1.0,1.0,1.0,1,0.3827929747642543,43
4842,11,70509,70509,0,0,0,0,1.0,1.0,1.0,1.0,1.0,1,0.4154328724348672,43
4843,13,70522,70522,0,0,0,0,1.0,1.0,1.0,1.0,1.0,1,0.34785305212865403,44
4844,16,70538,70538,0,0,0,0,1.0,1.0,1.0,1.0,1.0,1,0.33260161905744395,43
4845,20,70558,70558,0,0,0,0,1.0,1.0,1.0,1.0,1.0,1,0.41293190865683943,44
4846,10,70568,70568,0,0,0,0,1.0,1.0,1.0,1.0,1.0,1,0.3935658557103589,43
4847,14,70582,70582,0,0,0,0,1.0,1.0,1.0,1.0,1.0,1,0.3414289296004805,42
4848,14,70596,70596,0,0,0,0,1.0,1.0,1.0,1.0,1.0,1,0.35671147865082176,41
4849,12,70608,70608,0,0,0,0,1.0,1.0,1.0,1.0,1.0,1,0.35387081359734035,41
4850,11,70619,70619,0,0,0,0,1.0,1.0,1.0,1.0,1.0,1,0.34560381676280455,41
4851,21,70640,70640,0,0,0,0,1.0,1.0,1.0,1.0,1.0,1,0.42897358595514196,41
4852,10,70650,70650,0,0,0,0,1.0,1.0,1.0,1.0,1.0,1,0.4661972203936118,43
4853,13,70663,70663,0,0,0,0,1.0,1.0,1.0,1.0,1.0,1,0.39953845940423294,44
4854,11,70674,70674,0,0,0,0,1.0,1.0,1.0,1.0,1.0,1,0.31969998174291536,45
4855,8,70682,70682,0,0,0,0,1.0,1.0,1.0,1.0,1.0,1,0.46478384915232657,44
4856,13,70695,70695,0,0,0,0,1.0,1.0,1.0,1.0,1.0,1,0.3967049512742074,44
4857,15,70710,70710,0,0,0,0,1.0,1.0,1.0,1.0,1.0,1,0.524471747558355,44
4858,7,70717,70717,0,0,0,0,1.0,1.0,1.0,1.0,1.0,1,0.3869613288442915,45
4859,21,70738,70738,0,0,0,0,1.0,1.0,1.0,1.0,1.0,1,0.4983483055867597,46
4860,6,70744,70744,0,0,0,0,1.0,1.0,1.0,1.0,1.0,1,0.38051465589036343,46
4861,6,70750,70750,0,0,0,0,1.0,1.0,1.0,1.0,1.0,1,0.4288816009938448,46
4862,15,70765,70765,0,0,0,0,1.0,1.0,1.0,1.0,1.0,1,0.4236345551735332,47
4863,14,70779,70779,0,0,0,0,1.0,1.0,1.0,1.0,1.0,1,0.40506638922903526,47
4864,9,70788,70788,0,0,0,0,1.0,1.0,1.0,1.0,1.0,1,0.3586334890504821,47
4865,16,70804,70804,0,0,0,0,1.0,1.0,1.0,1.0,1.0,1,0.3173797702123952,48
4866,14,70818,70818,0,0,0,0,1.0,1.0,1.0,1.0,1.0,1,0.3448130105418044,49
4867,13,70831,70831,0,0,0,0,1.0,1.0,1.0,1.0,1.0,1,0.33097018189253236,50
4868,20,70851,70851,0,0,0,0,1.0,1.0,1.0,1.0,1.0,1,0.32461966230029654,50
4869,10,70861,70861,0,0,0,0,1.0,1.0,1.0,1.0,1.0,1,0.2780477460688899,50
4870,15,70876,70876,0,0,0,0,1.0,1.0,1.0,1.0,1.0,1,0.2800483844581025,52
4871,12,70888,70888,0,0,0,0,1.0,1.0,1.0,1.0,1.0,1,0.31333569348871665,52
4872,9,70897,70897,0,0,0,0,1.0,1.0,1.0,1.0,1.0,1,0.3129315798910057,53
4873,15,70912,70912,0,0,0,0,1.0,1.0,1.0,1.0,1.0,1,0.39735327616027777,55
4874,19,70931,70931,0,0,0,0,1.0,1.0,1.0,1.0,1.0,1,0.3080597197840636,56
4875,10,70941,70941,0,0,0,0,1.0,1.0,1.0,1.0,1.0,1,0.322643424815715,55
4876,14,70955,70955,0,0,0,0,1.0,1.0,1.0,1.0,1.0,1,0.32741684794831677,55
4877,14,70969,70969,0,0,0,0,1.0,1.0,1.0,1.0,1.0,1,0.3596841173668507,54
4878,10,70979,70979,0,0,0,0,1.0,1.0,1.0,1.0,1.0,1,0.3470525903998963,53
4879,22,71001,71001,0,0,0,0,1.0,1.0,1.0,1.0,1.0,1,0.3321765714594033,54
4880,10,71011,71011,0,0,0,0,1.0,1.0,1.0,1.0,1.0,1,0.3443913533660336,54
4881,21,71032,71032,0,0,0,0,1.0,1.0,1.0,1.0,1.0,1,0.2901567251067037,53
4882,14,71046,71046,0,0,0,0,1.0,1.0,1.0,1.0,1.0,1,0.34562014043992406,53
4883,15,71061,71061,0,0,0,0,1.0,1.0,1.0,1.0,1.0,1,0.34682322471060384,53
4884,11,71072,71072,0,0,0,0,1.0,1.0,1.0,1.0,1.0,1,0.3927849188714799,51
4885,9,71081,71081,0,0,0,0,1.0,1.0,1.0,1.0,1.0,1,0.3577143201918561,50
4886,15,71096,71096,0,0,0,0,1.0,1.0,1.0,1.0,1.0,1,0.4256021780426871,48
4887,5,71101,71101,0,0,0,0,1.0,1.0,1.0,1.0,1.0,1,0.41977401036907547,48
4888,11,71112,71112,0,0,0,0,1.0,1.0,1.0,1.0,1.0,1,0.4023834955939069,48
4889,8,71120,71120,0,0,0,0,1.0,1.0,1.0,1.0,1.0,1,0.3016629251147203,48
4890,10,71130,71130,0,0,0,0,1.0,1.0,1.0,1.0,1.0,1,0.41475270434242834,49
4891,13,71143,71143,0,0,0,0,1.0,1.0,1.0,1.0,1.0,1,0.3408162506632757,50
4892,8,71151,71151,0,0,0,0,1.0,1.0,1.0,1.0,1.0,1,0.23338396832485817,49
4893,22,71173,71173,0,0,0,0,1.0,1.0,1.0,1.0,1.0,1,0.38670003807927333,50
4894,13,71186,71186,0,0,0,0,1.0,1.0,1.0,1.0,1.0,1,0.24184296597708213,51
4895,19,71205,71205,0,0,0,0,1.0,1.0,1.0,1.0,1.0,1,0.28839717932129383,52
4896,26,71231,71231,0,0,0,0,1.0,1.0,1.0,1.0,1.0,1,0.25177696118952675,53
4897,10,71241,71241,0,0,0,0,1.0,1.0,1.0,1.0,1.0,1,0.2679493732687982,53
4898,29,71270,71270,0,0,0,0,1.0,1.0,1.0,1.0,1.0,1,0.2929309317341123,53
4899,18,71288,71288,0,0,0,0,1.0,1.0,1.0,1.0,1.0,1,0.18616082190485098,55
4900,15,71303,71303,0,0,0,0,1.0,1.0,1.0,1.0,1.0,1,0.29777022088285715,55
4901,17,71320,71320,0,0,0,0,1.0,1.0,1.0,1.0,1.0,1,0.32878034586111143,56
4902,26,71346,71346,0,0,0,0,1.0,1.0,1.0,1.0,1.0,1,0.2419320245901218,58
4903,33,71379,71379,0,0,0,0,1.0,1.0,1.0,1.0,1.0,1,0.3363396779008167,58
4904,22,71401,71401,0,0,0,0,1.0,1.0,1.0,1.0,1.0,1,0.30745201142864753,57
4905,18,71419,71419,0,0,0,0,1.0,1.0,1.0,1.0,1.0,1,0.30142893201826404,54
4906,13,71432,71432,0,0,0,0,1.0,1.0,1.0,1.0,1.0,1,0.3852413588803865,55
4907,21,71453,71453,0,0,0,0,1.0,1.0,1.0,1.0,1.0,1,0.40580453854957754,52
4908,22,71475,71475,0,0,0,0,1.0,1.0,1.0,1.0,1.0,1,0.3922308521143108,53
4909,12,71487,71487,0,0,0,0,1.0,1.0,1.0,1.0,1.0,1,0.39314579555376455,52
4910,21,71508,71508,0,0,0,0,1.0,1.0,1.0,1.0,1.0,1,0.44045634961784563,53
4911,19,71527,71527,0,0,0,0,1.0,1.0,1.0,1.0,1.0,1,0.4652183750656233,55
4912,15,71542,71542,0,0,0,0,1.0,1.0,1.0,1.0,1.0,1,0.4558639625034575,54
4913,23,71565,71565,0,0,0,0,1.0,1.0,1.0,1.0,1.0,1,0.3989805595945882,53
4914,23,71588,71588,0,0,0,0,1.0,1.0,1.0,1.0,1.0,1,0.4073947149752792,53
4915,24,71612,71612,0,0,0,0,1.0,1.0,1.0,1.0,1.0,1,0.33865112721478985,54
4916,20,71632,71632,0,0,0,0,1.0,1.0,1.0,1.0,1.0,1,0.3481970867231703,52
4917,18,71650,71650,0,0,0,0,1.0,1.0,1.0,1.0,1.0,1,0.3254805049190329,52
4918,14,71664,71664,0,0,0,0,1.0,1.0,1.0,1.0,1.0,1,0.3715976613773363,51
4919,16,71680,71680,0,0,0,0,1.0,1.0,1.0,1.0,1.0,1,0.3991718897735358,50
4920,17,71697,71697,0,0,0,0,1.0,1.0,1.0,1.0,1.0,1,0.32128986049456126,51
4921,11,71708,71708,0,0,0,0,1.0,1.0,1.0,1.0,1.0,1,0.27181581133810473,51
4922,19,71727,71727,0,0,0,0,1.0,1.0,1.0,1.0,1.0,1,0.2316951157047704,53
4923,21,71748,71748,0,0,0,0,1.0,1.0,1.0,1.0,1.0,1,0.34649190308715955,53
4924,14,71762,71762,0,0,0,0,1.0,1.0,1.0,1.0,1.0,1,0.2952503076400194,55
4925,23,71785,71785,0,0,0,0,1.0,1.0,1.0,1.0,1.0,1,0.259333244870554,56
4926,16,71801,71801,0,0,0,0,1.0,1.0,1.0,1.0,1.0,1,0.23742523408639832,55
4927,11,71812,71812,0,0,0,0,1.0,1.0,1.0,1.0,1.0,1,0.31921605641634704,55
4928,13,71825,71825,0,0,0,0,1.0,1.0,1.0,1.0,1.0,1,0.2649260937260074,55
4929,15,71840,71840,0,0,0,0,1.0,1.0,1.0,1.0,1.0,1,0.19163251217786154,56
4930,13,71853,71853,0,0,0,0,1.0,1.0,1.0,1.0,1.0,1,0.2693626462903905,58
4931,15,71868,71868,0,0,0,0,1.0,1.0,1.0,1.0,1.0,1,0.271199405710558,59
4932,17,71885,71885,0,0,0,0,1.0,1.0,1.0,1.0,1.0,1,0.30344696936356347,60
4933,11,71896,71896,0,0,0,0,1.0,1.0,1.0,1.0,1.0,1,0.24984107375453923,60
4934,10,71906,71906,0,0,0,0,1.0,1.0,1.0,1.0,1.0,1,0.2937005566645695,60
4935,11,71917,71917,0,0,0,0,1.0,1.0,1.0,1.0,1.0,1,0.2881334692918055,60
4936,17,71934,71934,0,0,0,0,1.0,1.0,1.0,1.0,1.0,1,0.316130948171119,61
4937,15,71949,71949,0,0,0,0,1.0,1.0,1.0,1.0,1.0,1,0.4027507182813364,62
4938,14,71963,71963,0,0,0,0,1.0,1.0,1.0,1.0,1.0,1,0.33558585388810813,62
4939,13,71976,71976,0,0,0,0,1.0,1.0,1.0,1.0,1.0,1,0.3739453243808872,64
4940,13,71989,71989,0,0,0,0,1.0,1.0,1.0,1.0,1.0,1,0.4010996764838556,67
4941,16,72005,72005,0,0,0,0,1.0,1.0,1.0,1.0,1.0,1,0.39860758419456865,66
4942,13,72018,72018,0,0,0,0,1.0,1.0,1.0,1.0,1.0,1,0.3491047923718247,67
4943,20,72038,72038,0,0,0,0,1.0,1.0,1.0,1.0,1.0,1,0.35576644615214614,65
4944,17,72055,72055,0,0,0,0,1.0,1.0,1.0,1.0,1.0,1,0.3396662793606569,65
4945,8,72063,72063,0,0,0,0,1.0,1.0,1.0,1.0,1.0,1,0.3338357819604241,62
4946,13,72076,72076,0,0,0,0,1.0,1.0,1.0,1.0,1.0,1,0.3044326432937891,61
4947,20,72096,72096,0,0,0,0,1.0,1.0,1.0,1.0,1.0,1,0.37280373694755287,59
4948,21,72117,72117,0,0,0,0,1.0,1.0,1.0,1.0,1.0,1,0.31752487112445166,59
4949,15,72132,72132,0,0,0,0,1.0,1.0,1.0,1.0,1.0,1,0.37628401663115135,57
4950,29,72161,72161,0,0,0,0,1.0,1.0,1.0,1.0,1.0,1,0.3348771995346133,58
4951,13,72174,72174,0,0,0,0,1.0,1.0,1.0,1.0,1.0,1,0.3056284210075322,55
4952,23,72197,72197,0,0,0,0,1.0,1.0,1.0,1.0,1.0,1,0.3318280589489961,53
4953,37,72234,72234,0,0,0,0,1.0,1.0,1.0,1.0,1.0,1,0.2433220106368595,54
4954,19,72253,72253,0,0,0,0,1.0,1.0,1.0,1.0,1.0,1,0.3201433250684051,52
4955,25,72278,72278,0,0,0,0,1.0,1.0,1.0,1.0,1.0,1,0.22194116160545008,51
4956,17,72295,72295,0,0,0,0,1.0,1.0,1.0,1.0,1.0,1,0.2867369761172998,47
4957,19,72314,72314,0,0,0,0,1.0,1.0,1.0,1.0,1.0,1,0.3126665525392925,48
4958,13,72327,72327,0,0,0,0,1.0,1.0,1.0,1.0,1.0,1,0.27289695582197654,47
4959,17,72344,72344,0,0,0,0,1.0,1.0,1.0,1.0,1.0,1,0.2637727556106936,47
4960,15,72359,72359,0,0,0,0,1.0,1.0,1.0,1.0,1.0,1,0.3514762445715745,48
4961,15,72374,72374,0,0,0,0,1.0,1.0,1.0,1.0,1.0,1,0.3126558438757788,49
4962,16,72390,72390,0,0,0,0,1.0,1.0,1.0,1.0,1.0,1,0.45606960582187506,49
4963,13,72403,72403,0,0,0,0,1.0,1.0,1.0,1.0,1.0,1,0.402896301346441,51
4964,23,72426,72426,0,0,0,0,1.0,1.0,1.0,1.0,1.0,1,0.46599856676376755,51
4965,19,72445,72445,0,0,0,0,1.0,1.0,1.0,1.0,1.0,1,0.4617572890146666,51
4966,24,72469,72469,0,0,0,0,1.0,1.0,1.0,1.0,1.0,1,0.2716192754035945,51
4967,8,72477,72477,0,0,0,0,1.0,1.0,1.0,1.0,1.0,1,0.32239108005962386,51
4968,12,72489,72489,0,0,0,0,1.0,1.0,1.0,1.0,1.0,1,0.24619714991267413,52
4969,14,72503,72503,0,0,0,0,1.0,1.0,1.0,1.0,1.0,1,0.23722039576327233,53
4970,16,72519,72519,0,0,0,0,1.0,1.0,1.0,1.0,1.0,1,0.25786641568544616,54
4971,14,72533,72533,0,0,0,0,1.0,1.0,1.0,1.0,1.0,1,0.24064468982351767,55
4972,18,72551,72551,0,0,0,0,1.0,1.0,1.0,1.0,1.0,1,0.3194730255536332,56
4973,11,72562,72562,0,0,0,0,1.0,1.0,1.0,1.0,1.0,1,0.2944978614813343,57
4974,17,72579,72579,0,0,0,0,1.0,1.0,1.0,1.0,1.0,1,0.3531978086294736,56
4975,13,72592,72592,0,0,0,0,1.0,1.0,1.0,1.0,1.0,1,0.2866856323738669,57
4976,10,72602,72602,0,0,0,0,1.0,1.0,1.0,1.0,1.0,1,0.27851680871377477,57
4977,13,72615,72615,0,0,0,0,1.0,1.0,1.0,1.0,1.0,1,0.2825647692012672,57
4978,13,72628,72628,0,0,0,0,1.0,1.0,1.0,1.0,1.0,1,0.2740132862633453,58
4979,15,72643,72643,0,0,0,0,1.0,1.0,1.0,1.0,1.0,1,0.32995954188301474,58
4980,10,72653,72653,0,0,0,0,1.0,1.0,1.0,1.0,1.0,1,0.31870378953582296,59
4981,18,72671,72671,0,0,0,0,1.0,1.0,1.0,1.0,1.0,1,0.334296723634087,60
4982,20,72691,72691,0,0,0,0,1.0,1.0,1.0,1.0,1.0,1,0.35808714426698257,61
4983,15,72706,72706,0,0,0,0,1.0,1.0,1.0,1.0,1.0,1,0.33074423497713346,61
4984,15,72721,72721,0,0,0,0,1.0,1.0,1.0,1.0,1.0,1,0.26921548713844917,59
4985,24,72745,72745,0,0,0,0,1.0,1.0,1.0,1.0,1.0,1,0.3793704264289887,58
4986,16,72761,72761,0,0,0,0,1.0,1.0,1.0,1.0,1.0,1,0.38588390427470015,59
4987,24,72785,72785,0,0,0,0,1.0,1.0,1.0,1.0,1.0,1,0.4121876984148292,58
4988,13,72798,72798,0,0,0,0,1.0,1.0,1.0,1.0,1.0,1,0.4105761764392025,57
4989,13,72811,72811,0,0,0,0,1.0,1.0,1.0,1.0,1.0,1,0.2982573820521542,54
4990,16,72827,72827,0,0,0,0,1.0,1.0,1.0,1.0,1.0,1,0.40932815939680567,53
4991,11,72838,72838,0,0,0,0,1.0,1.0,1.0,1.0,1.0,1,0.41430447965305317,52
4992,26,72864,72864,0,0,0,0,1.0,1.0,1.0,1.0,1.0,1,0.3242597615346233,48
4993,18,72882,72882,0,0,0,0,1.0,1.0,1.0,1.0,1.0,1,0.44009302634706415,48
4994,26,72908,72908,0,0,0,0,1.0,1.0,1.0,1.0,1.0,1,0.44323661459449726,45
4995,25,72933,72933,0,0,0,0,1.0,1.0,1.0,1.0,1.0,1,0.4966806867953611,45
4996,21,72954,72954,0,0,0,0,1.0,1.0,1.0,1.0,1.0,1,0.4906432732006695,45
4997,31,72985,72985,0,0,0,0,1.0,1.0,1.0,1.0,1.0,1,0.41016048009406947,42
4998,23,73008,73008,0,0,0,0,1.0,1.0,1.0,1.0,1.0,1,0.31531492123037347,44
4999,19,73027,73027,0,0,0,0,1.0,1.0,1.0,1.0,1.0,1,0.43396536291240434,44
5000,21,73048,73048,0,0,0,0,1.0,1.0,1.0,1.0,1.0,1,0.49194637554066006,42
5001,12,73060,73060,0,0,0,0,1.0,1.0,1.0,1.0,1.0,1,0.38866488131922244,42
5002,21,73081,73081,0,0,0,0,1.0,1.0,1.0,1.0,1.0,1,0.41279533412061825,41
5003,18,73099,73099,0,0,0,0,1.0,1.0,1.0,1.0,1.0,1,0.4727772302170318,41
5004,16,73115,73115,0,0,0,0,1.0,1.0,1.0,1.0,1.0,1,0.5310619483708535,41
5005,32,73147,73147,0,0,0,0,1.0,1.0,1.0,1.0,1.0,1,0.545147745165598,41
5006,31,73178,73178,0,0,0,0,1.0,1.0,1.0,1.0,1.0,1,0.36178266760720706,42
5007,11,73189,73189,0,0,0,0,1.0,1.0,1.0,1.0,1.0,1,0.4991542231149934,43
5008,12,73201,73201,0,0,0,0,1.0,1.0,1.0,1.0,1.0,1,0.3974387939695958,46
5009,14,73215,73215,0,0,0,0,1.0,1.0,1.0,1.0,1.0,1,0.5148911682262598,46
5010,14,73229,73229,0,0,0,0,1.0,1.0,1.0,1.0,1.0,1,0.3735618771156475,46
5011,22,73251,73251,0,0,0,0,1.0,1.0,1.0,1.0,1.0,1,0.5144618819929716,47
5012,14,73265,73265,0,0,0,0,0.9991763547713165,0.9981173823344377,0.9991763547713165,0.9981173823344377,1.0,1,0.5427977052252095,48
5013,12,73277,73277,0,0,0,0,1.0,1.0,1.0,1.0,1.0,1,0.44057649139160765,48
5014,26,73303,73303,0,0,0,0,1.0,1.0,1.0,1.0,1.0,1,0.5073818434056144,49
5015,18,73321,73321,0,0,0,0,1.0,1.0,1.0,1.0,1.0,1,0.3884311875524356,50
5016,22,73343,73343,0,0,0,0,1.0,1.0,1.0,1.0,1.0,1,0.3839676216562039,51
5017,18,73361,73361,0,0,0,0,1.0,1.0,1.0,1.0,1.0,1,0.41292438403271,51
5018,15,73376,73376,0,0,0,0,1.0,1.0,1.0,1.0,1.0,1,0.3162681659532175,51
5019,13,73389,73389,0,0,0,0,1.0,1.0,1.0,1.0,1.0,1,0.37546001762916786,51
5020,22,73411,73411,0,0,0,0,1.0,1.0,1.0,1.0,1.0,1,0.4067865230439682,51
5021,9,73420,73420,0,0,0,0,1.0,1.0,1.0,1.0,1.0,1,0.34575527484203333,52
5022,9,73429,73429,0,0,0,0,1.0,1.0,1.0,1.0,1.0,1,0.42967979480126867,52
5023,13,73442,73442,0,0,0,0,1.0,1.0,1.0,1.0,1.0,1,0.3299757358403204,52
5024,12,73454,73454,0,0,0,0,1.0,1.0,1.0,1.0,1.0,1,0.4085148481418439,51
5025,16,73470,73470,0,0,0,0,1.0,1.0,1.0,1.0,1.0,1,0.3587783892524012,50
5026,21,73491,73491,0,0,0,0,1.0,1.0,1.0,1.0,1.0,1,0.40022385223209034,49
5027,18,73509,73509,0,0,0,0,1.0,1.0,1.0,1.0,1.0,1,0.36452144702832795,47
5028,12,73521,73521,0,0,0,0,1.0,1.0,1.0,1.0,1.0,1,0.3888003784416747,47
5029,26,73547,73547,0,0,0,0,1.0,1.0,1.0,1.0,1.0,1,0.3351772572214306,46
5030,18,73565,73565,0,0,0,0,1.0,1.0,1.0,1.0,1.0,1,0.4414045275236537,48
5031,17,73582,73582,0,0,0,0,1.0,1.0,1.0,1.0,1.0,1,0.32329023440485055,46
5032,18,73600,73600,0,0,0,0,1.0,1.0,1.0,1.0,1.0,1,0.43285525682011095,46
5033,23,73623,73623,0,0,0,0,1.0,1.0,1.0,1.0,1.0,1,0.4024692238869731,47
5034,15,73638,73638,0,0,0,0,1.0,1.0,1.0,1.0,1.0,1,0.4110037863960493,48
5035,21,73659,73659,0,0,0,0,1.0,1.0,1.0,1.0,1.0,1,0.4769228407201198,47
5036,12,73671,73671,0,0,0,0,0.9721059678210138,0.9429991516342455,0.9721059678210138,0.9429991516342455,1.0,1,0.5451083041813048,47
5037,18,73689,73689,0,0,0,0,1.0,1.0,1.0,1.0,1.0,1,0.49734661947736913,47
5038,25,73714,73714,0,0,0,0,1.0,1.0,1.0,1.0,1.0,1,0.39591203377079215,48
5039,9,73723,73723,0,0,0,0,1.0,1.0,1.0,1.0,1.0,1,0.48237575844788305,47
5040,10,73733,73733,0,0,0,0,1.0,1.0,1.0,1.0,1.0,1,0.5583160818531057,48
5041,20,73753,73753,0,0,0,0,1.0,1.0,1.0,1.0,1.0,1,0.40306965190664823,49
5042,19,73772,73772,0,0,0,0,1.0,1.0,1.0,1.0,1.0,1,0.4916428447036521,50
5043,27,73799,73799,0,0,0,0,1.0,1.0,1.0,1.0,1.0,1,0.3530693657694125,51
5044,21,73820,73820,0,0,0,0,1.0,1.0,1.0,1.0,1.0,1,0.4438587913734639,51
5045,19,73839,73839,0,0,0,0,1.0,1.0,1.0,1.0,1.0,1,0.3024505467366489,51
5046,29,73868,73868,0,0,0,0,1.0,1.0,1.0,1.0,1.0,1,0.39510916455703665,52
5047,8,73876,73876,0,0,0,0,1.0,1.0,1.0,1.0,1.0,1,0.37960123831657533,52
5048,24,73900,73900,0,0,0,0,1.0,1.0,1.0,1.0,1.0,1,0.45594391526313865,52
5049,12,73912,73912,0,0,0,0,0.9532668572668922,0.8987448574115998,0.9532668572668922,0.8987448574115998,1.0,1,0.43660355358486186,52
5050,12,73924,73924,0,0,0,0,1.0,1.0,1.0,1.0,1.0,1,0.43247404283402124,55
5051,26,73950,73950,0,0,0,0,0.9046694286700496,0.80580809543899,0.9046694286700496,0.80580809543899,1.0,1,0.4286214798478582,55
5052,17,73967,73967,0,0,0,0,1.0,1.0,1.0,1.0,1.0,1,0.4576222793288866,55
5053,31,73998,73998,0,0,0,0,1.0,1.0,1.0,1.0,1.0,1,0.3931030504011229,54
5054,12,74010,74010,0,0,0,0,1.0,1.0,1.0,1.0,1.0,1,0.4212774121027877,54
5055,14,74024,74024,0,0,0,0,1.0,1.0,1.0,1.0,1.0,1,0.449356117086998,54
5056,16,74040,74040,0,0,0,0,0.9425977878858146,0.8737151333487921,0.9425977878858146,0.8737151333487921,1.0,1,0.4043088220311416,55
5057,20,74060,74060,0,0,0,0,1.0,1.0,1.0,1.0,1.0,1,0.26519057492882514,56
5058,39,74099,74099,0,0,0,0,0.9923579075963869,0.9798526654813835,0.9923579075963869,0.9798526654813835,1.0,1,0.41662754277657726,58
5059,28,74127,74127,0,0,0,0,1.0,1.0,1.0,1.0,1.0,1,0.29978141711420603,58
5060,17,74144,74144,0,0,0,0,1.0,1.0,1.0,1.0,1.0,1,0.3459459449531335,59
5061,22,74166,74166,0,0,0,0,1.0,1.0,1.0,1.0,1.0,1,0.3796773591960752,58
5062,27,74193,74193,0,0,0,0,1.0,1.0,1.0,1.0,1.0,1,0.3141625233748181,58
5063,20,74213,74213,0,0,0,0,1.0,1.0,1.0,1.0,1.0,1,0.36543422292994204,57
5064,26,74239,74239,0,0,0,0,1.0,1.0,1.0,1.0,1.0,1,0.3588736645857083,57
5065,15,74254,74254,0,0,0,0,1.0,1.0,1.0,1.0,1.0,1,0.45259513956320396,56
5066,16,74270,74270,0,0,0,0,1.0,1.0,1.0,1.0,1.0,1,0.510390420536075,55
5067,20,74290,74290,0,0,0,0,1.0,1.0,1.0,1.0,1.0,1,0.5223042941019252,54
5068,15,74305,74305,0,0,0,0,1.0,1.0,1.0,1.0,1.0,1,0.5383514754549581,54
5069,12,74317,74317,0,0,0,0,1.0,1.0,1.0,1.0,1.0,1,0.5193264358632522,53
5070,23,74340,74340,0,0,0,0,1.0,1.0,1.0,1.0,1.0,1,0.4307217256514539,53
5071,10,74350,74350,0,0,0,0,1.0,1.0,1.0,1.0,1.0,1,0.34185066241277345,53
5072,15,74365,74365,0,0,0,0,1.0,1.0,1.0,1.0,1.0,1,0.48244209727770276,53
5073,11,74376,74376,0,0,0,0,1.0,1.0,1.0,1.0,1.0,1,0.526286307170874,53
5074,7,74383,74383,0,0,0,0,1.0,1.0,1.0,1.0,1.0,1,0.4108627485941228,52
5075,17,74400,74400,0,0,0,0,1.0,1.0,1.0,1.0,1.0,1,0.4950887431632001,52
5076,10,74410,74410,0,0,0,0,1.0,1.0,1.0,1.0,1.0,1,0.3742965617028716,55
5077,14,74424,74424,0,0,0,0,1.0,1.0,1.0,1.0,1.0,1,0.44389782737353917,55
5078,11,74435,74435,0,0,0,0,1.0,1.0,1.0,1.0,1.0,1,0.4152885713394645,55
5079,14,74449,74449,0,0,0,0,1.0,1.0,1.0,1.0,1.0,1,0.41921191496276483,54
5080,6,74455,74455,0,0,0,0,1.0,1.0,1.0,1.0,1.0,1,0.4317596338504026,55
5081,9,74464,74464,0,0,0,0,1.0,1.0,1.0,1.0,1.0,1,0.46370849208147275,57
5082,17,74481,74481,0,0,0,0,1.0,1.0,1.0,1.0,1.0,1,0.36719320199101946,57
5083,15,74496,74496,0,0,0,0,1.0,1.0,1.0,1.0,1.0,1,0.3318128621363736,58
5084,22,74518,74518,0,0,0,0,1.0,1.0,1.0,1.0,1.0,1,0.4130920720243085,58
5085,23,74541,74541,0,0,0,0,1.0,1.0,1.0,1.0,1.0,1,0.21821067109984965,59
5086,18,74559,74559,0,0,0,0,1.0,1.0,1.0,1.0,1.0,1,0.23530763030336468,60
5087,34,74593,74593,0,0,0,0,1.0,1.0,1.0,1.0,1.0,1,0.30852751962228314,61
5088,35,74628,74628,0,0,0,0,1.0,1.0,1.0,1.0,1.0,1,0.34251064918225904,62
5089,18,74646,74646,0,0,0,0,1.0,1.0,1.0,1.0,1.0,1,0.42729405708316087,63
5090,34,74680,74680,0,0,0,0,1.0,1.0,1.0,1.0,1.0,1,0.31339946774912797,63
5091,23,74703,74703,0,0,0,0,1.0,1.0,1.0,1.0,1.0,1,0.36281085913645783,63
5092,18,74721,74721,0,0,0,0,1.0,1.0,1.0,1.0,1.0,1,0.397119241156073,63
5093,16,74737,74737,0,0,0,0,1.0,1.0,1.0,1.0,1.0,1,0.28222275277071074,63
5094,19,74756,74756,0,0,0,0,1.0,1.0,1.0,1.0,1.0,1,0.34436903147865167,64
5095,18,74774,74774,0,0,0,0,1.0,1.0,1.0,1.0,1.0,1,0.29729771341388306,64
5096,24,74798,74798,0,0,0,0,1.0,1.0,1.0,1.0,1.0,1,0.3668731116806868,67
5097,17,74815,74815,0,0,0,0,1.0,1.0,1.0,1.0,1.0,1,0.4122392401398684,67
5098,24,74839,74839,0,0,0,0,1.0,1.0,1.0,1.0,1.0,1,0.39675085823928696,68
5099,19,74858,74858,0,0,0,0,1.0,1.0,1.0,1.0,1.0,1,0.34454120892135887,70
5100,13,74871,74871,0,0,0,0,1.0,1.0,1.0,1.0,1.0,1,0.4093640722593455,71
5101,11,74882,74882,0,0,0,0,1.0,1.0,1.0,1.0,1.0,1,0.3532535840141661,71
5102,10,74892,74892,0,0,0,0,1.0,1.0,1.0,1.0,1.0,1,0.3639795333773225,70
5103,6,74898,74898,0,0,0,0,1.0,1.0,1.0,1.0,1.0,1,0.3901391945688711,67
5104,19,74917,74917,0,0,0,0,1.0,1.0,1.0,1.0,1.0,1,0.369788928960002,67
5105,8,74925,74925,0,0,0,0,1.0,1.0,1.0,1.0,1.0,1,0.3498640247877476,63
5106,15,74940,74940,0,0,0,0,1.0,1.0,1.0,1.0,1.0,1,0.363228508041536,63
5107,12,74952,74952,0,0,0,0,1.0,1.0,1.0,1.0,1.0,1,0.3346317543983704,60
5108,15,74967,74967,0,0,0,0,1.0,1.0,1.0,1.0,1.0,1,0.37233572596199654,56
5109,14,74981,74981,0,0,0,0,1.0,1.0,1.0,1.0,1.0,1,0.40298643888846924,56
5110,11,74992,74992,0,0,0,0,1.0,1.0,1.0,1.0,1.0,1,0.29803312230825335,52
5111,15,75007,75007,0,0,0,0,1.0,1.0,1.0,1.0,1.0,1,0.48146134938326685,51
5112,7,75014,75014,0,0,0,0,1.0,1.0,1.0,1.0,1.0,1,0.3722081984043801,50
5113,17,75031,75031,0,0,0,0,1.0,1.0,1.0,1.0,1.0,1,0.41194866021425613,48
5114,13,75044,75044,0,0,0,0,1.0,1.0,1.0,1.0,1.0,1,0.30444088240653056,46
5115,11,75055,75055,0,0,0,0,1.0,1.0,1.0,1.0,1.0,1,0.4411857754044176,44
5116,24,75079,75079,0,0,0,0,1.0,1.0,1.0,1.0,1.0,1,0.3384544824953757,44
5117,15,75094,75094,0,0,0,0,1.0,1.0,1.0,1.0,1.0,1,0.4463511314383097,46
5118,18,75112,75112,0,0,0,0,1.0,1.0,1.0,1.0,1.0,1,0.4397453784910914,46
5119,19,75131,75131,0,0,0,0,1.0,1.0,1.0,1.0,1.0,1,0.29186565827092187,46
5120,18,75149,75149,0,0,0,0,1.0,1.0,1.0,1.0,1.0,1,0.3539121898324399,46
5121,15,75164,75164,0,0,0,0,1.0,1.0,1.0,1.0,1.0,1,0.23828851101577478,46
5122,15,75179,75179,0,0,0,0,1.0,1.0,1.0,1.0,1.0,1,0.2935509440832939,46
5123,18,75197,75197,0,0,0,0,1.0,1.0,1.0,1.0,1.0,1,0.2804668375636875,45
5124,15,75212,75212,0,0,0,0,1.0,1.0,1.0,1.0,1.0,1,0.21915924528675096,47
5125,23,75235,75235,0,0,0,0,1.0,1.0,1.0,1.0,1.0,1,0.2693692559986676,50
5126,14,75249,75249,0,0,0,0,1.0,1.0,1.0,1.0,1.0,1,0.2979099204443237,50
5127,24,75273,75273,0,0,0,0,1.0,1.0,1.0,1.0,1.0,1,0.2880015863264042,52
5128,18,75291,75291,0,0,0,0,1.0,1.0,1.0,1.0,1.0,1,0.2822362107234541,53
5129,21,75312,75312,0,0,0,0,1.0,1.0,1.0,1.0,1.0,1,0.35008545305462185,55
5130,16,75328,75328,0,0,0,0,1.0,1.0,1.0,1.0,1.0,1,0.2191713461998495,55
5131,10,75338,75338,0,0,0,0,1.0,1.0,1.0,1.0,1.0,1,0.31922870491033145,54
5132,11,75349,75349,0,0,0,0,1.0,1.0,1.0,1.0,1.0,1,0.3015243019578021,54
5133,12,75361,75361,0,0,0,0,1.0,1.0,1.0,1.0,1.0,1,0.3274585764712893,54
5134,11,75372,75372,0,0,0,0,1.0,1.0,1.0,1.0,1.0,1,0.2864680039258607,53
5135,16,75388,75388,0,0,0,0,1.0,1.0,1.0,1.0,1.0,1,0.2859127770685483,54
5136,18,75406,75406,0,0,0,0,1.0,1.0,1.0,1.0,1.0,1,0.33993237659137265,54
5137,11,75417,75417,0,0,0,0,1.0,1.0,1.0,1.0,1.0,1,0.2966803322101819,54
5138,11,75428,75428,0,0,0,0,1.0,1.0,1.0,1.0,1.0,1,0.39631795532495523,54
5139,7,75435,75435,0,0,0,0,1.0,1.0,1.0,1.0,1.0,1,0.41788483377832375,55
5140,18,75453,75453,0,0,0,0,1.0,1.0,1.0,1.0,1.0,1,0.3582676669527639,55
5141,16,75469,75469,0,0,0,0,1.0,1.0,1.0,1.0,1.0,1,0.3633621392576201,53
5142,13,75482,75482,0,0,0,0,1.0,1.0,1.0,1.0,1.0,1,0.35899037939763195,54
5143,14,75496,75496,0,0,0,0,1.0,1.0,1.0,1.0,1.0,1,0.3015828425434342,52
5144,8,75504,75504,0,0,0,0,1.0,1.0,1.0,1.0,1.0,1,0.36328147326111937,50
5145,14,75518,75518,0,0,0,0,1.0,1.0,1.0,1.0,1.0,1,0.3780557183510381,49
5146,14,75532,75532,0,0,0,0,1.0,1.0,1.0,1.0,1.0,1,0.31077106055455406,49
5147,19,75551,75551,0,0,0,0,1.0,1.0,1.0,1.0,1.0,1,0.43352950871004126,46
5148,14,75565,75565,0,0,0,0,1.0,1.0,1.0,1.0,1.0,1,0.35912606643985845,46
5149,8,75573,75573,0,0,0,0,1.0,1.0,1.0,1.0,1.0,1,0.3465709293938777,45
5150,15,75588,75588,0,0,0,0,1.0,1.0,1.0,1.0,1.0,1,0.3298427521664521,47
5151,21,75609,75609,0,0,0,0,1.0,1.0,1.0,1.0,1.0,1,0.20886821272433737,46
5152,15,75624,75624,0,0,0,0,1.0,1.0,1.0,1.0,1.0,1,0.32892125196732747,46
5153,15,75639,75639,0,0,0,0,1.0,1.0,1.0,1.0,1.0,1,0.3638024526371802,45
5154,23,75662,75662,0,0,0,0,1.0,1.0,1.0,1.0,1.0,1,0.28996821612658286,47
5155,17,75679,75679,0,0,0,0,1.0,1.0,1.0,1.0,1.0,1,0.41615795051233717,47
5156,16,75695,75695,0,0,0,0,1.0,1.0,1.0,1.0,1.0,1,0.3716953654382705,47
5157,30,75725,75725,0,0,0,0,1.0,1.0,1.0,1.0,1.0,1,0.3427893961721401,46
5158,29,75754,75754,0,0,0,0,1.0,1.0,1.0,1.0,1.0,1,0.22812964448126014,47
5159,20,75774,75774,0,0,0,0,1.0,1.0,1.0,1.0,1.0,1,0.2959383512088205,49
5160,15,75789,75789,0,0,0,0,1.0,1.0,1.0,1.0,1.0,1,0.3854332559958507,48
5161,20,75809,75809,0,0,0,0,1.0,1.0,1.0,1.0,1.0,1,0.23558118441022577,48
5162,16,75825,75825,0,0,0,0,1.0,1.0,1.0,1.0,1.0,1,0.41615760048700473,49
5163,21,75846,75846,0,0,0,0,1.0,1.0,1.0,1.0,1.0,1,0.33985204990178075,51
5164,22,75868,75868,0,0,0,0,1.0,1.0,1.0,1.0,1.0,1,0.43820378044154984,51
5165,24,75892,75892,0,0,0,0,1.0,1.0,1.0,1.0,1.0,1,0.37146669940232435,52
5166,24,75916,75916,0,0,0,0,1.0,1.0,1.0,1.0,1.0,1,0.3857245143814932,52
5167,21,75937,75937,0,0,0,0,1.0,1.0,1.0,1.0,1.0,1,0.3234068121987993,52
5168,21,75958,75958,0,0,0,0,1.0,1.0,1.0,1.0,1.0,1,0.16981628764164494,52
5169,17,75975,75975,0,0,0,0,1.0,1.0,1.0,1.0,1.0,1,0.39259652260815425,53
5170,14,75989,75989,0,0,0,0,1.0,1.0,1.0,1.0,1.0,1,0.3117595979952569,53
5171,7,75996,75996,0,0,0,0,1.0,1.0,1.0,1.0,1.0,1,0.2513979225973712,52
5172,9,76005,76005,0,0,0,0,1.0,1.0,1.0,1.0,1.0,1,0.2807959577976524,53
5173,9,76014,76014,0,0,0,0,1.0,1.0,1.0,1.0,1.0,1,0.26864270775760984,54
5174,11,76025,76025,0,0,0,0,1.0,1.0,1.0,1.0,1.0,1,0.3488016574361121,56
5175,18,76043,76043,0,0,0,0,1.0,1.0,1.0,1.0,1.0,1,0.2556230025584527,58
5176,14,76057,76057,0,0,0,0,1.0,1.0,1.0,1.0,1.0,1,0.28945853591283144,58
5177,18,76075,76075,0,0,0,0,1.0,1.0,1.0,1.0,1.0,1,0.2722874948751939,59
5178,18,76093,76093,0,0,0,0,1.0,1.0,1.0,1.0,1.0,1,0.2585247250466438,57
5179,10,76103,76103,0,0,0,0,1.0,1.0,1.0,1.0,1.0,1,0.2665307273492421,58
5180,14,76117,76117,0,0,0,0,1.0,1.0,1.0,1.0,1.0,1,0.29209501280167094,56
5181,17,76134,76134,0,0,0,0,1.0,1.0,1.0,1.0,1.0,1,0.1864490060192966,57
5182,10,76144,76144,0,0,0,0,1.0,1.0,1.0,1.0,1.0,1,0.29279734197733914,56
5183,11,76155,76155,0,0,0,0,1.0,1.0,1.0,1.0,1.0,1,0.24833176521552056,57
5184,12,76167,76167,0,0,0,0,1.0,1.0,1.0,1.0,1.0,1,0.309039286901548,56
5185,9,76176,76176,0,0,0,0,1.0,1.0,1.0,1.0,1.0,1,0.2921361704659009,56
5186,11,76187,76187,0,0,0,0,1.0,1.0,1.0,1.0,1.0,1,0.3273429071035475,54
5187,21,76208,76208,0,0,0,0,1.0,1.0,1.0,1.0,1.0,1,0.2308765807006086,51
5188,18,76226,76226,0,0,0,0,1.0,1.0,1.0,1.0,1.0,1,0.27462608768974256,50
5189,20,76246,76246,0,0,0,0,1.0,1.0,1.0,1.0,1.0,1,0.22048925713232922,49
5190,22,76268,76268,0,0,0,0,1.0,1.0,1.0,1.0,1.0,1,0.3478831030167305,50
5191,13,76281,76281,0,0,0,0,1.0,1.0,1.0,1.0,1.0,1,0.2956593032092283,50
5192,13,76294,76294,0,0,0,0,1.0,1.0,1.0,1.0,1.0,1,0.3676643836435503,49
5193,24,76318,76318,0,0,0,0,1.0,1.0,1.0,1.0,1.0,1,0.39377805745957295,50
5194,18,76336,76336,0,0,0,0,1.0,1.0,1.0,1.0,1.0,1,0.35399327062688296,51
5195,14,76350,76350,0,0,0,0,1.0,1.0,1.0,1.0,1.0,1,0.42411017449971533,51
5196,28,76378,76378,0,0,0,0,1.0,1.0,1.0,1.0,1.0,1,0.4209784562020505,51
5197,11,76389,76389,0,0,0,0,1.0,1.0,1.0,1.0,1.0,1,0.4607662257491635,51
5198,16,76405,76405,0,0,0,0,1.0,1.0,1.0,1.0,1.0,1,0.38590992901274956,51
5199,14,76419,76419,0,0,0,0,1.0,1.0,1.0,1.0,1.0,1,0.3620234398077154,54
5200,16,76435,76435,0,0,0,0,1.0,1.0,1.0,1.0,1.0,1,0.30641575129434806,54
5201,31,76466,76466,0,0,0,0,1.0,1.0,1.0,1.0,1.0,1,0.3549325880513777,55
5202,22,76488,76488,0,0,0,0,0.9152898735872099,0.8102493168353501,0.9152898735872099,0.8102493168353501,1.0,1,0.3956918004291945,56
5203,25,76513,76513,0,0,0,0,1.0,1.0,1.0,1.0,1.0,1,0.34880230540760093,56
5204,23,76536,76536,0,0,0,0,0.9863241928723315,0.9622287231712016,0.9863241928723315,0.9622287231712016,1.0,1,0.444814927632664,58
5205,20,76556,76556,0,0,0,0,1.0,1.0,1.0,1.0,1.0,1,0.4191262206077231,58
5206,18,76574,76574,0,0,0,0,1.0,1.0,1.0,1.0,1.0,1,0.4225873340277913,58
5207,19,76593,76593,0,0,0,0,0.9722799454779795,0.9256598537818542,0.9722799454779795,0.9256598537818542,1.0,1,0.47486020336689777,59
5208,19,76612,76612,0,0,0,0,1.0,1.0,1.0,1.0,1.0,1,0.3751912760240975,58
5209,24,76636,76636,0,0,0,0,0.9912114631922209,0.9745132432574405,0.9912114631922209,0.9745132432574405,1.0,1,0.4810036115637061,58
5210,15,76651,76651,0,0,0,0,0.9476426615961748,0.8702448569992159,0.9476426615961748,0.8702448569992159,1.0,1,0.456238296370306,57
5211,26,76677,76677,0,0,0,0,1.0,1.0,1.0,1.0,1.0,1,0.42722117422817707,57
5212,14,76691,76691,0,0,0,0,1.0,1.0,1.0,1.0,1.0,1,0.40506482456822107,59
5213,17,76708,76708,0,0,0,0,1.0,1.0,1.0,1.0,1.0,1,0.4536808269472448,59
5214,27,76735,76735,0,0,0,0,1.0,1.0,1.0,1.0,1.0,1,0.26726698095330687,59
5215,24,76759,76759,0,0,0,0,1.0,1.0,1.0,1.0,1.0,1,0.35272757766925394,58
5216,13,76772,76772,0,0,0,0,1.0,1.0,1.0,1.0,1.0,1,0.3409651012690349,59
5217,15,76787,76787,0,0,0,0,1.0,1.0,1.0,1.0,1.0,1,0.40629378666663063,58
5218,24,76811,76811,0,0,0,0,1.0,1.0,1.0,1.0,1.0,1,0.2385081281216116,58
5219,19,76830,76830,0,0,0,0,1.0,1.0,1.0,1.0,1.0,1,0.34900679647763005,57
5220,9,76839,76839,0,0,0,0,1.0,1.0,1.0,1.0,1.0,1,0.3149377769331126,56
5221,23,76862,76862,0,0,0,0,1.0,1.0,1.0,1.0,1.0,1,0.3704511133360475,58
5222,15,76877,76877,0,0,0,0,1.0,1.0,1.0,1.0,1.0,1,0.4707273238686618,56
5223,18,76895,76895,0,0,0,0,1.0,1.0,1.0,1.0,1.0,1,0.4379840204703668,55
5224,13,76908,76908,0,0,0,0,1.0,1.0,1.0,1.0,1.0,1,0.43566465410386673,56
5225,10,76918,76918,0,0,0,0,1.0,1.0,1.0,1.0,1.0,1,0.3709092227558155,55
5226,8,76926,76926,0,0,0,0,1.0,1.0,1.0,1.0,1.0,1,0.46570178650875915,55
5227,18,76944,76944,0,0,0,0,1.0,1.0,1.0,1.0,1.0,1,0.4272318295583406,53
5228,21,76965,76965,0,0,0,0,1.0,1.0,1.0,1.0,1.0,1,0.47269849672846714,51
5229,12,76977,76977,0,0,0,0,1.0,1.0,1.0,1.0,1.0,1,0.4505163100564856,51
5230,22,76999,76999,0,0,0,0,1.0,1.0,1.0,1.0,1.0,1,0.4495036362112113,51
5231,15,77014,77014,0,0,0,0,1.0,1.0,1.0,1.0,1.0,1,0.42890064149847645,52
5232,27,77041,77041,0,0,0,0,1.0,1.0,1.0,1.0,1.0,1,0.4516151561599863,52
5233,21,77062,77062,0,0,0,0,1.0,1.0,1.0,1.0,1.0,1,0.4095752349280969,53
5234,21,77083,77083,0,0,0,0,1.0,1.0,1.0,1.0,1.0,1,0.3917987246764726,53
5235,15,77098,77098,0,0,0,0,1.0,1.0,1.0,1.0,1.0,1,0.39005037180905267,53
5236,24,77122,77122,0,0,0,0,1.0,1.0,1.0,1.0,1.0,1,0.38293738412758754,52
5237,35,77157,77157,0,0,0,0,1.0,1.0,1.0,1.0,1.0,1,0.3462790482320053,52
5238,27,77184,77184,0,0,0,0,1.0,1.0,1.0,1.0,1.0,1,0.39502954986812955,52
5239,14,77198,77198,0,0,0,0,1.0,1.0,1.0,1.0,1.0,1,0.3645531610581069,51
5240,24,77222,77222,0,0,0,0,1.0,1.0,1.0,1.0,1.0,1,0.39305898426808317,53
5241,19,77241,77241,0,0,0,0,1.0,1.0,1.0,1.0,1.0,1,0.32812824465352847,53
5242,21,77262,77262,0,0,0,0,1.0,1.0,1.0,1.0,1.0,1,0.33029658058462913,51
5243,23,77285,77285,0,0,0,0,1.0,1.0,1.0,1.0,1.0,1,0.30403527212651765,51
5244,24,77309,77309,0,0,0,0,1.0,1.0,1.0,1.0,1.0,1,0.25835843760166505,52
5245,25,77334,77334,0,0,0,0,1.0,1.0,1.0,1.0,1.0,1,0.28907789442209253,53
5246,9,77343,77343,0,0,0,0,1.0,1.0,1.0,1.0,1.0,1,0.33240218796766496,53
5247,15,77358,77358,0,0,0,0,1.0,1.0,1.0,1.0,1.0,1,0.3116600644929084,54
5248,13,77371,77371,0,0,0,0,1.0,1.0,1.0,1.0,1.0,1,0.32886001425261696,54
5249,19,77390,77390,0,0,0,0,1.0,1.0,1.0,1.0,1.0,1,0.3278135884917362,55
5250,14,77404,77404,0,0,0,0,1.0,1.0,1.0,1.0,1.0,1,0.32244088578175967,57
5251,15,77419,77419,0,0,0,0,1.0,1.0,1.0,1.0,1.0,1,0.27004902163080663,58
5252,10,77429,77429,0,0,0,0,1.0,1.0,1.0,1.0,1.0,1,0.3477114118719259,58
5253,13,77442,77442,0,0,0,0,1.0,1.0,1.0,1.0,1.0,1,0.3385329960025642,58
5254,15,77457,77457,0,0,0,0,1.0,1.0,1.0,1.0,1.0,1,0.3898375189353834,59
5255,15,77472,77472,0,0,0,0,1.0,1.0,1.0,1.0,1.0,1,0.33892313616736985,58
5256,14,77486,77486,0,0,0,0,1.0,1.0,1.0,1.0,1.0,1,0.41135416439996614,58
5257,14,77500,77500,0,0,0,0,1.0,1.0,1.0,1.0,1.0,1,0.32809731101180584,57
5258,10,77510,77510,0,0,0,0,1.0,1.0,1.0,1.0,1.0,1,0.4595731819958593,55
5259,14,77524,77524,0,0,0,0,1.0,1.0,1.0,1.0,1.0,1,0.4130900802353428,56
5260,14,77538,77538,0,0,0,0,1.0,1.0,1.0,1.0,1.0,1,0.3838725478584567,55
5261,11,77549,77549,0,0,0,0,1.0,1.0,1.0,1.0,1.0,1,0.41683931498114163,54
5262,13,77562,77562,0,0,0,0,1.0,1.0,1.0,1.0,1.0,1,0.3809628422094967,54
5263,12,77574,77574,0,0,0,0,1.0,1.0,1.0,1.0,1.0,1,0.3489333148602846,55
5264,17,77591,77591,0,0,0,0,1.0,1.0,1.0,1.0,1.0,1,0.3641688335341603,53
5265,10,77601,77601,0,0,0,0,1.0,1.0,1.0,1.0,1.0,1,0.3175382145462366,52
5266,10,77611,77611,0,0,0,0,1.0,1.0,1.0,1.0,1.0,1,0.43640270538427783,49
5267,15,77626,77626,0,0,0,0,1.0,1.0,1.0,1.0,1.0,1,0.3540518686095236,49
5268,12,77638,77638,0,0,0,0,1.0,1.0,1.0,1.0,1.0,1,0.34712600987854364,46
5269,15,77653,77653,0,0,0,0,1.0,1.0,1.0,1.0,1.0,1,0.31593011593995823,45
5270,14,77667,77667,0,0,0,0,1.0,1.0,1.0,1.0,1.0,1,0.28593108295977643,46
5271,14,77681,77681,0,0,0,0,1.0,1.0,1.0,1.0,1.0,1,0.3163715279226659,46
5272,18,77699,77699,0,0,0,0,1.0,1.0,1.0,1.0,1.0,1,0.3030693684336066,45
5273,15,77714,77714,0,0,0,0,1.0,1.0,1.0,1.0,1.0,1,0.2933209905323743,45
5274,14,77728,77728,0,0,0,0,1.0,1.0,1.0,1.0,1.0,1,0.31881453816373306,45
5275,18,77746,77746,0,0,0,0,1.0,1.0,1.0,1.0,1.0,1,0.34783232003105413,46
5276,15,77761,77761,0,0,0,0,1.0,1.0,1.0,1.0,1.0,1,0.31447911816884816,45
5277,16,77777,77777,0,0,0,0,1.0,1.0,1.0,1.0,1.0,1,0.326036733086303,45
5278,25,77802,77802,0,0,0,0,1.0,1.0,1.0,1.0,1.0,1,0.3829684357846417,44
5279,19,77821,77821,0,0,0,0,1.0,1.0,1.0,1.0,1.0,1,0.4195284473841317,45
5280,19,77840,77840,0,0,0,0,1.0,1.0,1.0,1.0,1.0,1,0.291882436981796,46
5281,9,77849,77849,0,0,0,0,1.0,1.0,1.0,1.0,1.0,1,0.42426566544161154,46
5282,16,77865,77865,0,0,0,0,1.0,1.0,1.0,1.0,1.0,1,0.3942334855253889,47
5283,13,77878,77878,0,0,0,0,1.0,1.0,1.0,1.0,1.0,1,0.3560894761020789,48
5284,10,77888,77888,0,0,0,0,1.0,1.0,1.0,1.0,1.0,1,0.4014062854959561,48
5285,13,77901,77901,0,0,0,0,1.0,1.0,1.0,1.0,1.0,1,0.4658886723176704,48
5286,21,77922,77922,0,0,0,0,1.0,1.0,1.0,1.0,1.0,1,0.3203521976162461,50
5287,15,77937,77937,0,0,0,0,1.0,1.0,1.0,1.0,1.0,1,0.37764569024024,50
5288,18,77955,77955,0,0,0,0,1.0,1.0,1.0,1.0,1.0,1,0.37706042911285015,51
5289,12,77967,77967,0,0,0,0,1.0,1.0,1.0,1.0,1.0,1,0.41967047111764655,51
5290,14,77981,77981,0,0,0,0,1.0,1.0,1.0,1.0,1.0,1,0.41374960208720735,52
5291,9,77990,77990,0,0,0,0,1.0,1.0,1.0,1.0,1.0,1,0.3970313545547817,52
5292,11,78001,78001,0,0,0,0,1.0,1.0,1.0,1.0,1.0,1,0.45058792930692476,53
5293,14,78015,78015,0,0,0,0,1.0,1.0,1.0,1.0,1.0,1,0.48508548394802925,51
5294,12,78027,78027,0,0,0,0,1.0,1.0,1.0,1.0,1.0,1,0.45769876177749874,50
5295,17,78044,78044,0,0,0,0,1.0,1.0,1.0,1.0,1.0,1,0.3956816429750037,49
5296,19,78063,78063,0,0,0,0,1.0,1.0,1.0,1.0,1.0,1,0.5095248595647615,48
5297,19,78082,78082,0,0,0,0,1.0,1.0,1.0,1.0,1.0,1,0.4676172735843866,46
5298,28,78110,78110,0,0,0,0,1.0,1.0,1.0,1.0,1.0,1,0.4428216337201506,46
5299,17,78127,78127,0,0,0,0,1.0,1.0,1.0,1.0,1.0,1,0.5197903328436092,47
5300,22,78149,78149,0,0,0,0,1.0,1.0,1.0,1.0,1.0,1,0.4427147138473238,48
5301,32,78181,78181,0,0,0,0,1.0,1.0,1.0,1.0,1.0,1,0.3372661562117727,48
5302,26,78207,78207,0,0,0,0,1.0,1.0,1.0,1.0,1.0,1,0.488516469314298,49
5303,11,78218,78218,0,0,0,0,1.0,1.0,1.0,1.0,1.0,1,0.46442897724524135,48
5304,18,78236,78236,0,0,0,0,1.0,1.0,1.0,1.0,1.0,1,0.4416739097075809,48
5305,12,78248,78248,0,0,0,0,1.0,1.0,1.0,1.0,1.0,1,0.44984975360177054,47
5306,23,78271,78271,0,0,0,0,1.0,1.0,1.0,1.0,1.0,1,0.3013727234753585,48
5307,16,78287,78287,0,0,0,0,1.0,1.0,1.0,1.0,1.0,1,0.48706640056843586,48
5308,13,78300,78300,0,0,0,0,1.0,1.0,1.0,1.0,1.0,1,0.3589216067156324,47
5309,19,78319,78319,0,0,0,0,1.0,1.0,1.0,1.0,1.0,1,0.438632099526935,46
5310,28,78347,78347,0,0,0,0,1.0,1.0,1.0,1.0,1.0,1,0.4367456274132726,46
5311,22,78369,78369,0,0,0,0,1.0,1.0,1.0,1.0,1.0,1,0.4098006749234884,46
5312,32,78401,78401,0,0,0,0,1.0,1.0,1.0,1.0,1.0,1,0.45949729966840097,46
5313,30,78431,78431,0,0,0,0,1.0,1.0,1.0,1.0,1.0,1,0.36839168713133347,46
5314,27,78458,78458,0,0,0,0,1.0,1.0,1.0,1.0,1.0,1,0.4025308211121386,46
5315,26,78484,78484,0,0,0,0,1.0,1.0,1.0,1.0,1.0,1,0.3814463705518825,47
5316,30,78514,78514,0,0,0,0,1.0,1.0,1.0,1.0,1.0,1,0.34050609440771173,48
5317,24,78538,78538,0,0,0,0,1.0,1.0,1.0,1.0,1.0,1,0.2452180378642188,49
5318,25,78563,78563,0,0,0,0,1.0,1.0,1.0,1.0,1.0,1,0.3314218257397848,49
5319,8,78571,78571,0,0,0,0,1.0,1.0,1.0,1.0,1.0,1,0.34858853023331204,50
5320,16,78587,78587,0,0,0,0,1.0,1.0,1.0,1.0,1.0,1,0.30954012787855023,51
5321,15,78602,78602,0,0,0,0,1.0,1.0,1.0,1.0,1.0,1,0.3408895888224322,52
5322,15,78617,78617,0,0,0,0,1.0,1.0,1.0,1.0,1.0,1,0.2304011053106522,53
5323,12,78629,78629,0,0,0,0,1.0,1.0,1.0,1.0,1.0,1,0.3335676198794083,53
5324,12,78641,78641,0,0,0,0,1.0,1.0,1.0,1.0,1.0,1,0.29476472049681585,55
5325,18,78659,78659,0,0,0,0,1.0,1.0,1.0,1.0,1.0,1,0.33586302858535344,55
5326,17,78676,78676,0,0,0,0,1.0,1.0,1.0,1.0,1.0,1,0.2553421779805793,55
5327,9,78685,78685,0,0,0,0,1.0,1.0,1.0,1.0,1.0,1,0.2586572567815477,56
5328,11,78696,78696,0,0,0,0,1.0,1.0,1.0,1.0,1.0,1,0.2749706576960171,57
5329,10,78706,78706,0,0,0,0,1.0,1.0,1.0,1.0,1.0,1,0.2616957146053154,57
5330,13,78719,78719,0,0,0,0,1.0,1.0,1.0,1.0,1.0,1,0.32259469997613494,56
5331,14,78733,78733,0,0,0,0,1.0,1.0,1.0,1.0,1.0,1,0.3072541035712032,57
5332,14,78747,78747,0,0,0,0,1.0,1.0,1.0,1.0,1.0,1,0.31073346675663077,58
5333,9,78756,78756,0,0,0,0,1.0,1.0,1.0,1.0,1.0,1,0.270538377175662,59
5334,18,78774,78774,0,0,0,0,1.0,1.0,1.0,1.0,1.0,1,0.25167111661205605,59
5335,22,78796,78796,0,0,0,0,1.0,1.0,1.0,1.0,1.0,1,0.2967112111453017,58
5336,18,78814,78814,0,0,0,0,1.0,1.0,1.0,1.0,1.0,1,0.2674276162837898,59
5337,13,78827,78827,0,0,0,0,1.0,1.0,1.0,1.0,1.0,1,0.2807254624342582,60
5338,15,78842,78842,0,0,0,0,1.0,1.0,1.0,1.0,1.0,1,0.2288983721780071,60
5339,13,78855,78855,0,0,0,0,1.0,1.0,1.0,1.0,1.0,1,0.3094199958661566,60
5340,24,78879,78879,0,0,0,0,1.0,1.0,1.0,1.0,1.0,1,0.319494587938972,60
5341,14,78893,78893,0,0,0,0,1.0,1.0,1.0,1.0,1.0,1,0.3240375747451447,61
5342,13,78906,78906,0,0,0,0,1.0,1.0,1.0,1.0,1.0,1,0.24368962227420685,59
5343,22,78928,78928,0,0,0,0,1.0,1.0,1.0,1.0,1.0,1,0.23611540273113305,58
5344,17,78945,78945,0,0,0,0,1.0,1.0,1.0,1.0,1.0,1,0.25636379098973555,58
5345,21,78966,78966,0,0,0,0,1.0,1.0,1.0,1.0,1.0,1,0.27463623782070357,54
5346,13,78979,78979,0,0,0,0,1.0,1.0,1.0,1.0,1.0,1,0.2532905290580076,54
5347,29,79008,79008,0,0,0,0,1.0,1.0,1.0,1.0,1.0,1,0.2799312214954997,54
5348,17,79025,79025,0,0,0,0,1.0,1.0,1.0,1.0,1.0,1,0.2851820729633913,55
5349,27,79052,79052,0,0,0,0,1.0,1.0,1.0,1.0,1.0,1,0.3524055041267086,56
5350,19,79071,79071,0,0,0,0,1.0,1.0,1.0,1.0,1.0,1,0.2677652551854971,56
5351,13,79084,79084,0,0,0,0,1.0,1.0,1.0,1.0,1.0,1,0.340568871260321,57
5352,12,79096,79096,0,0,0,0,1.0,1.0,1.0,1.0,1.0,1,0.3303031538523261,57
5353,7,79103,79103,0,0,0,0,1.0,1.0,1.0,1.0,1.0,1,0.33773620522795644,57
5354,25,79128,79128,0,0,0,0,1.0,1.0,1.0,1.0,1.0,1,0.4026032903050518,56
5355,26,79154,79154,0,0,0,0,1.0,1.0,1.0,1.0,1.0,1,0.3396330630980982,57
5356,19,79173,79173,0,0,0,0,1.0,1.0,1.0,1.0,1.0,1,0.384720405284306,56
5357,23,79196,79196,0,0,0,0,1.0,1.0,1.0,1.0,1.0,1,0.37496902886871264,56
5358,28,79224,79224,0,0,0,0,1.0,1.0,1.0,1.0,1.0,1,0.3471767684005929,57
5359,26,79250,79250,0,0,0,0,1.0,1.0,1.0,1.0,1.0,1,0.45024139340958963,57
5360,21,79271,79271,0,0,0,0,1.0,1.0,1.0,1.0,1.0,1,0.4742398457860285,55
5361,32,79303,79303,0,0,0,0,1.0,1.0,1.0,1.0,1.0,1,0.5190946751946847,56
5362,24,79327,79327,0,0,0,0,1.0,1.0,1.0,1.0,1.0,1,0.4106063632292308,57
5363,31,79358,79358,0,0,0,0,1.0,1.0,1.0,1.0,1.0,1,0.4666827760595514,57
5364,21,79379,79379,0,0,0,0,1.0,1.0,1.0,1.0,1.0,1,0.4505584583788238,58
5365,34,79413,79413,0,0,0,0,0.9960330301452994,0.9888547037415556,0.9960330301452994,0.9888547037415556,1.0,1,0.43481925328372123,59
5366,24,79437,79437,0,0,0,0,1.0,1.0,1.0,1.0,1.0,1,0.36017039812289064,60
5367,34,79471,79471,0,0,0,0,1.0,1.0,1.0,1.0,1.0,1,0.34961056319551376,60
5368,25,79496,79496,0,0,0,0,1.0,1.0,1.0,1.0,1.0,1,0.31209625428109444,58
5369,34,79530,79530,0,0,0,0,1.0,1.0,1.0,1.0,1.0,1,0.3165815778871512,58
5370,24,79554,79554,0,0,0,0,1.0,1.0,1.0,1.0,1.0,1,0.34410178612964454,57
5371,26,79580,79580,0,0,0,0,1.0,1.0,1.0,1.0,1.0,1,0.2769070786435006,56
5372,18,79598,79598,0,0,0,0,1.0,1.0,1.0,1.0,1.0,1,0.27105708670313183,55
5373,21,79619,79619,0,0,0,0,1.0,1.0,1.0,1.0,1.0,1,0.3474715593930503,54
5374,22,79641,79641,0,0,0,0,1.0,1.0,1.0,1.0,1.0,1,0.3094266184552214,53
5375,36,79677,79677,0,0,0,0,1.0,1.0,1.0,1.0,1.0,1,0.3585410780666688,52
5376,21,79698,79698,0,0,0,0,1.0,1.0,1.0,1.0,1.0,1,0.25161269266882885,52
5377,16,79714,79714,0,0,0,0,1.0,1.0,1.0,1.0,1.0,1,0.35605831518692127,51
5378,19,79733,79733,0,0,0,0,1.0,1.0,1.0,1.0,1.0,1,0.2890525108506663,52
5379,15,79748,79748,0,0,0,0,1.0,1.0,1.0,1.0,1.0,1,0.22865467616993732,50
5380,8,79756,79756,0,0,0,0,1.0,1.0,1.0,1.0,1.0,1,0.27997473461144584,51
5381,6,79762,79762,0,0,0,0,1.0,1.0,1.0,1.0,1.0,1,0.26169995277903474,50
5382,8,79770,79770,0,0,0,0,1.0,1.0,1.0,1.0,1.0,1,0.3823293508646005,48
5383,21,79791,79791,0,0,0,0,1.0,1.0,1.0,1.0,1.0,1,0.33677656834915803,48
5384,15,79806,79806,0,0,0,0,1.0,1.0,1.0,1.0,1.0,1,0.3420320159559412,48
5385,16,79822,79822,0,0,0,0,1.0,1.0,1.0,1.0,1.0,1,0.401657642349451,47
5386,15,79837,79837,0,0,0,0,1.0,1.0,1.0,1.0,1.0,1,0.3081719540698502,48
5387,10,79847,79847,0,0,0,0,1.0,1.0,1.0,1.0,1.0,1,0.376307164631371,48
5388,25,79872,79872,0,0,0,0,1.0,1.0,1.0,1.0,1.0,1,0.26934993122992923,48
5389,11,79883,79883,0,0,0,0,1.0,1.0,1.0,1.0,1.0,1,0.2606994923911096,50
5390,13,79896,79896,0,0,0,0,1.0,1.0,1.0,1.0,1.0,1,0.3613091771095953,52
5391,12,79908,79908,0,0,0,0,1.0,1.0,1.0,1.0,1.0,1,0.40034446250096123,52
5392,15,79923,79923,0,0,0,0,1.0,1.0,1.0,1.0,1.0,1,0.38771263050626875,51
5393,11,79934,79934,0,0,0,0,1.0,1.0,1.0,1.0,1.0,1,0.45266006256343044,50
5394,16,79950,79950,0,0,0,0,1.0,1.0,1.0,1.0,1.0,1,0.34335357456291704,50
5395,10,79960,79960,0,0,0,0,1.0,1.0,1.0,1.0,1.0,1,0.34975899398912547,49
5396,17,79977,79977,0,0,0,0,1.0,1.0,1.0,1.0,1.0,1,0.35099913713985187,48
5397,12,79989,79989,0,0,0,0,1.0,1.0,1.0,1.0,1.0,1,0.21381245789224795,48
5398,14,80003,80003,0,0,0,0,1.0,1.0,1.0,1.0,1.0,1,0.32831627006314623,46
5399,13,80016,80016,0,0,0,0,1.0,1.0,1.0,1.0,1.0,1,0.24185614001670705,46
5400,11,80027,80027,0,0,0,0,1.0,1.0,1.0,1.0,1.0,1,0.23450227097172607,48
5401,10,80037,80037,0,0,0,0,1.0,1.0,1.0,1.0,1.0,1,0.18261955697891655,49
5402,0,80037,80037,0,0,0,0,1.0,1.0,1.0,1.0,1.0,1,0.0,0
