,SuccessfulHandoverCount,TotalSuccessfulHandoverCount,TotalSuccessfulHandoverCountRange,TotalSuccessfulHandoverCountLoadBalancing,TotalSuccessfulHandoverCountOverload,FailedHandoverCount,TotalFailedHandoverCount,AvgQoS,MinQoS,AvgQoS_LoadBased,MinQoS_LoadBased,AvgQoS_RangeBased,MinQoS_RangeBased,GiniLoad,VehicleCount
0,0,0,0,0,0,0,0,1.0,1,1.0,1,1.0,1,0.0,0
1,11,11,0,11,0,0,0,1.0,1,1.0,1,1.0,1,0.2655469490441757,26
2,9,20,0,20,0,0,0,1.0,1,1.0,1,1.0,1,0.16272410082778538,27
3,4,24,0,24,0,0,0,1.0,1,1.0,1,1.0,1,0.20302033641249814,28
4,4,28,0,28,0,0,0,1.0,1,1.0,1,1.0,1,0.17522474033099672,29
5,4,32,0,32,0,0,0,1.0,1,1.0,1,1.0,1,0.18433181406358987,29
6,5,37,0,37,0,0,0,1.0,1,1.0,1,1.0,1,0.2300087718693946,32
7,9,46,0,46,0,0,0,1.0,1,1.0,1,1.0,1,0.24131953011291885,33
8,18,64,0,64,0,0,0,1.0,1,1.0,1,1.0,1,0.18709365359979419,35
9,11,75,0,75,0,0,0,1.0,1,1.0,1,1.0,1,0.18527920089706748,35
10,7,82,0,82,0,0,0,1.0,1,1.0,1,1.0,1,0.12050118090937856,35
11,7,89,0,89,0,0,0,1.0,1,1.0,1,1.0,1,0.16006602807256126,35
12,9,98,0,98,0,0,0,1.0,1,1.0,1,1.0,1,0.19700706189881623,34
13,9,107,0,107,0,0,0,1.0,1,1.0,1,1.0,1,0.22717971041313423,32
14,12,119,3,116,0,0,0,1.0,1,1.0,1,1.0,1,0.3279868612875868,31
15,11,130,3,127,0,0,0,1.0,1,1.0,1,1.0,1,0.3094894018826918,30
16,9,139,3,136,0,0,0,1.0,1,1.0,1,1.0,1,0.33816161362457486,30
17,7,146,3,143,0,0,0,1.0,1,1.0,1,1.0,1,0.2606080058363325,29
18,7,153,5,148,0,0,0,1.0,1,1.0,1,1.0,1,0.36496015925313713,29
19,4,157,5,152,0,0,0,1.0,1,1.0,1,1.0,1,0.3317572061128233,28
20,8,165,5,160,0,0,0,1.0,1,1.0,1,1.0,1,0.36062946868251744,28
21,2,167,5,162,0,0,0,1.0,1,1.0,1,1.0,1,0.3083093053952406,28
22,0,167,5,162,0,0,0,1.0,1,1.0,1,1.0,1,0.3083093053952406,28
23,0,167,5,162,0,0,0,1.0,1,1.0,1,1.0,1,0.354381043539179,27
24,2,169,7,162,0,0,0,1.0,1,1.0,1,1.0,1,0.36858462720923546,28
25,3,172,8,164,0,0,0,1.0,1,1.0,1,1.0,1,0.31319928690093307,28
26,3,175,10,165,0,0,0,1.0,1,1.0,1,1.0,1,0.29116753206621865,30
27,2,177,10,167,0,0,0,1.0,1,1.0,1,1.0,1,0.2595691453651311,30
28,2,179,10,169,0,0,0,1.0,1,1.0,1,1.0,1,0.251524040451713,31
29,1,180,11,169,0,0,0,1.0,1,1.0,1,1.0,1,0.2209265997585004,30
30,1,181,12,169,0,0,0,1.0,1,1.0,1,1.0,1,0.22873634076405092,30
31,2,183,14,169,0,0,0,1.0,1,1.0,1,1.0,1,0.26621482573432514,31
32,1,184,14,170,0,0,0,1.0,1,1.0,1,1.0,1,0.23618616101629739,31
33,1,185,15,170,0,0,0,1.0,1,1.0,1,1.0,1,0.31872332255394836,31
34,2,187,16,171,0,0,0,1.0,1,1.0,1,1.0,1,0.21278775550316753,29
35,0,187,16,171,0,0,0,1.0,1,1.0,1,1.0,1,0.2219683072370559,30
36,1,188,16,172,0,0,0,1.0,1,1.0,1,1.0,1,0.22048172531191731,30
37,2,190,16,174,0,0,0,1.0,1,1.0,1,1.0,1,0.23155383149543154,31
38,2,192,16,176,0,0,0,1.0,1,1.0,1,1.0,1,0.2244232143148636,32
39,4,196,16,180,0,0,0,1.0,1,1.0,1,1.0,1,0.2685062734505981,36
40,2,198,16,182,0,0,0,1.0,1,1.0,1,1.0,1,0.23908203238814055,37
41,1,199,16,183,0,0,0,1.0,1,1.0,1,1.0,1,0.19437159964675604,37
42,1,200,16,184,0,0,0,1.0,1,1.0,1,1.0,1,0.17823264724372162,38
43,3,203,17,186,0,0,0,1.0,1,1.0,1,1.0,1,0.20864074427914622,40
44,1,204,18,186,0,0,0,1.0,1,1.0,1,1.0,1,0.24485045361428254,39
45,3,207,19,188,0,0,0,1.0,1,1.0,1,1.0,1,0.29987418079048866,40
46,2,209,19,190,0,0,0,1.0,1,1.0,1,1.0,1,0.28406760337257736,39
47,0,209,19,190,0,0,0,1.0,1,1.0,1,1.0,1,0.28406760337257736,39
48,0,209,19,190,0,0,0,1.0,1,1.0,1,1.0,1,0.28406760337257736,39
49,3,212,20,192,0,0,0,1.0,1,1.0,1,1.0,1,0.293943892135481,37
50,1,213,21,192,0,0,0,1.0,1,1.0,1,1.0,1,0.3233443607440125,35
51,0,213,21,192,0,0,0,1.0,1,1.0,1,1.0,1,0.3232249321288397,34
52,0,213,21,192,0,0,0,1.0,1,1.0,1,1.0,1,0.3453569295967131,34
53,1,214,22,192,0,0,0,1.0,1,1.0,1,1.0,1,0.31430771719359596,35
54,0,214,22,192,0,0,0,1.0,1,1.0,1,1.0,1,0.3372497882220394,36
55,5,219,23,196,0,0,0,1.0,1,1.0,1,1.0,1,0.2989597819330614,36
56,2,221,25,196,0,0,0,1.0,1,1.0,1,1.0,1,0.3111229907927599,36
57,3,224,25,199,0,0,0,1.0,1,1.0,1,1.0,1,0.2810123863921267,37
58,4,228,28,200,0,0,0,1.0,1,1.0,1,1.0,1,0.2770107214890738,38
59,2,230,30,200,0,0,0,1.0,1,1.0,1,1.0,1,0.2899368037537077,37
60,0,230,30,200,0,0,0,1.0,1,1.0,1,1.0,1,0.2766099569386819,38
61,3,233,30,203,0,0,0,1.0,1,1.0,1,1.0,1,0.21919123725987616,37
62,1,234,31,203,0,0,0,1.0,1,1.0,1,1.0,1,0.21242844111036743,39
63,1,235,32,203,0,0,0,1.0,1,1.0,1,1.0,1,0.2281022042512876,39
64,1,236,33,203,0,0,0,1.0,1,1.0,1,1.0,1,0.2366314868912015,38
65,2,238,34,204,0,0,0,1.0,1,1.0,1,1.0,1,0.22873840033007792,39
66,2,240,36,204,0,0,0,1.0,1,1.0,1,1.0,1,0.2723047804264683,39
67,1,241,36,205,0,0,0,1.0,1,1.0,1,1.0,1,0.2652994003460923,36
68,1,242,37,205,0,0,0,1.0,1,1.0,1,1.0,1,0.2658457039339475,36
69,0,242,37,205,0,0,0,1.0,1,1.0,1,1.0,1,0.27426004638954143,37
70,1,243,37,206,0,0,0,1.0,1,1.0,1,1.0,1,0.2863560505031688,36
71,0,243,37,206,0,0,0,1.0,1,1.0,1,1.0,1,0.27463347924913234,38
72,0,243,37,206,0,0,0,1.0,1,1.0,1,1.0,1,0.27463347924913234,38
73,0,243,37,206,0,0,0,1.0,1,1.0,1,1.0,1,0.29487117949109276,37
74,1,244,37,207,0,0,0,1.0,1,1.0,1,1.0,1,0.29707672233914967,38
75,0,244,37,207,0,0,0,1.0,1,1.0,1,1.0,1,0.29707672233914967,38
76,1,245,38,207,0,0,0,1.0,1,1.0,1,1.0,1,0.3350133111589786,39
77,1,246,38,208,0,0,0,1.0,1,1.0,1,1.0,1,0.30650381401830196,40
78,1,247,38,209,0,0,0,1.0,1,1.0,1,1.0,1,0.2716761238829606,41
79,0,247,38,209,0,0,0,1.0,1,1.0,1,1.0,1,0.2716761238829606,41
80,0,247,38,209,0,0,0,1.0,1,1.0,1,1.0,1,0.2716761238829606,41
81,5,252,39,213,0,0,0,1.0,1,1.0,1,1.0,1,0.2632615691913379,41
82,3,255,39,216,0,0,0,1.0,1,1.0,1,1.0,1,0.2200560549649267,44
83,1,256,39,217,0,0,0,1.0,1,1.0,1,1.0,1,0.20001309111245136,44
84,0,256,39,217,0,0,0,1.0,1,1.0,1,1.0,1,0.2050795376864328,45
85,0,256,39,217,0,0,0,1.0,1,1.0,1,1.0,1,0.2050795376864328,45
86,1,257,40,217,0,0,0,1.0,1,1.0,1,1.0,1,0.24019882169561377,45
87,1,258,41,217,0,0,0,1.0,1,1.0,1,1.0,1,0.28860571191406864,44
88,0,258,41,217,0,0,0,1.0,1,1.0,1,1.0,1,0.28860571191406864,44
89,1,259,42,217,0,0,0,1.0,1,1.0,1,1.0,1,0.2992391433158464,43
90,2,261,42,219,0,0,0,1.0,1,1.0,1,1.0,1,0.32884438549288864,44
91,1,262,43,219,0,0,0,1.0,1,1.0,1,1.0,1,0.353019261502397,44
92,0,262,43,219,0,0,0,1.0,1,1.0,1,1.0,1,0.3397275157136679,43
93,0,262,43,219,0,0,0,1.0,1,1.0,1,1.0,1,0.35454736514788604,44
94,4,266,45,221,0,0,0,1.0,1,1.0,1,1.0,1,0.3618726451421735,44
95,0,266,45,221,0,0,0,1.0,1,1.0,1,1.0,1,0.35708099740172994,43
96,2,268,46,222,0,0,0,1.0,1,1.0,1,1.0,1,0.3329227867070619,44
97,0,268,46,222,0,0,0,1.0,1,1.0,1,1.0,1,0.3329227867070619,44
98,0,268,46,222,0,0,0,1.0,1,1.0,1,1.0,1,0.3611980059338563,43
99,0,268,46,222,0,0,0,1.0,1,1.0,1,1.0,1,0.3611980059338563,43
100,1,269,46,223,0,0,0,1.0,1,1.0,1,1.0,1,0.3489540129123134,47
101,2,271,46,225,0,0,0,1.0,1,1.0,1,1.0,1,0.31782665337174176,47
102,1,272,47,225,0,0,0,1.0,1,1.0,1,1.0,1,0.3357435584777902,47
103,3,275,49,226,0,0,0,1.0,1,1.0,1,1.0,1,0.3270060598645787,46
104,2,277,51,226,0,0,0,1.0,1,1.0,1,1.0,1,0.3362915543181076,45
105,4,281,53,228,0,0,0,1.0,1,1.0,1,1.0,1,0.28329776448205557,44
106,5,286,57,229,0,0,0,1.0,1,1.0,1,1.0,1,0.2922085377465379,45
107,1,287,58,229,0,0,0,1.0,1,1.0,1,1.0,1,0.28556160462055863,44
108,3,290,60,230,0,0,0,1.0,1,1.0,1,1.0,1,0.2828253060340204,46
109,4,294,62,232,0,0,0,1.0,1,1.0,1,1.0,1,0.23143632797222574,46
110,3,297,63,234,0,0,0,1.0,1,1.0,1,1.0,1,0.19985079984067136,46
111,4,301,64,237,0,0,0,1.0,1,1.0,1,1.0,1,0.19135849363206536,46
112,2,303,65,238,0,0,0,1.0,1,1.0,1,1.0,1,0.16986322904939344,46
113,1,304,65,239,0,0,0,1.0,1,1.0,1,1.0,1,0.14997385421984732,46
114,3,307,68,239,0,0,0,1.0,1,1.0,1,1.0,1,0.12951987966564493,46
115,2,309,69,240,0,0,0,1.0,1,1.0,1,1.0,1,0.1295144789660205,47
116,3,312,72,240,0,0,0,1.0,1,1.0,1,1.0,1,0.15514765906043723,47
117,2,314,73,241,0,0,0,1.0,1,1.0,1,1.0,1,0.19510327644824407,45
118,1,315,74,241,0,0,0,1.0,1,1.0,1,1.0,1,0.1900877345958024,46
119,1,316,74,242,0,0,0,1.0,1,1.0,1,1.0,1,0.20873473486206892,46
120,0,316,74,242,0,0,0,1.0,1,1.0,1,1.0,1,0.18528629651563486,47
121,2,318,74,244,0,0,0,1.0,1,1.0,1,1.0,1,0.1568127870527413,46
122,0,318,74,244,0,0,0,1.0,1,1.0,1,1.0,1,0.1568127870527413,46
123,0,318,74,244,0,0,0,1.0,1,1.0,1,1.0,1,0.1608900493189164,45
124,0,318,74,244,0,0,0,1.0,1,1.0,1,1.0,1,0.15696392665580453,46
125,1,319,75,244,0,0,0,1.0,1,1.0,1,1.0,1,0.16822783349899942,44
126,1,320,75,245,0,0,0,1.0,1,1.0,1,1.0,1,0.17052993297156613,45
127,1,321,75,246,0,0,0,1.0,1,1.0,1,1.0,1,0.14735493248490686,45
128,3,324,76,248,0,0,0,1.0,1,1.0,1,1.0,1,0.1271184336944081,46
129,2,326,76,250,0,0,0,1.0,1,1.0,1,1.0,1,0.14028247745125477,48
130,1,327,77,250,0,0,0,1.0,1,1.0,1,1.0,1,0.15714606720482047,48
131,1,328,77,251,0,0,0,1.0,1,1.0,1,1.0,1,0.14250236790340443,49
132,5,333,78,255,0,0,0,1.0,1,1.0,1,1.0,1,0.11480910322852818,51
133,2,335,80,255,0,0,0,1.0,1,1.0,1,1.0,1,0.16990036441497566,49
134,6,341,84,257,0,0,0,1.0,1,1.0,1,1.0,1,0.17252079523111416,49
135,3,344,85,259,0,0,0,1.0,1,1.0,1,1.0,1,0.2264406658727595,49
136,5,349,90,259,0,0,0,1.0,1,1.0,1,1.0,1,0.24168889595019502,48
137,2,351,90,261,0,0,0,1.0,1,1.0,1,1.0,1,0.2693102765517212,47
138,4,355,92,263,0,0,0,1.0,1,1.0,1,1.0,1,0.28472965407218814,48
139,2,357,93,264,0,0,0,1.0,1,1.0,1,1.0,1,0.3151147500408416,48
140,5,362,95,267,0,0,0,1.0,1,1.0,1,1.0,1,0.33805834044443994,49
141,9,371,97,274,0,0,0,1.0,1,1.0,1,1.0,1,0.20738326252153846,49
142,1,372,98,274,0,0,0,1.0,1,1.0,1,1.0,1,0.20535449191112104,49
143,1,373,99,274,0,0,0,1.0,1,1.0,1,1.0,1,0.22890763025133168,47
144,2,375,101,274,0,0,0,1.0,1,1.0,1,1.0,1,0.2489875574585845,46
145,1,376,101,275,0,0,0,1.0,1,1.0,1,1.0,1,0.22008268663790714,44
146,1,377,102,275,0,0,0,1.0,1,1.0,1,1.0,1,0.20891715466023747,44
147,1,378,102,276,0,0,0,1.0,1,1.0,1,1.0,1,0.18390403604815755,43
148,1,379,103,276,0,0,0,1.0,1,1.0,1,1.0,1,0.20880670442281063,43
149,2,381,105,276,0,0,0,1.0,1,1.0,1,1.0,1,0.23024389572089848,43
150,0,381,105,276,0,0,0,1.0,1,1.0,1,1.0,1,0.21659101855742613,42
151,1,382,106,276,0,0,0,1.0,1,1.0,1,1.0,1,0.23459169045473993,42
152,1,383,107,276,0,0,0,1.0,1,1.0,1,1.0,1,0.22633175172121378,42
153,0,383,107,276,0,0,0,1.0,1,1.0,1,1.0,1,0.2469901708908179,42
154,2,385,109,276,0,0,0,1.0,1,1.0,1,1.0,1,0.3163613920619002,43
155,0,385,109,276,0,0,0,1.0,1,1.0,1,1.0,1,0.3318549496130015,43
156,0,385,109,276,0,0,0,1.0,1,1.0,1,1.0,1,0.3169162983245311,42
157,0,385,109,276,0,0,0,1.0,1,1.0,1,1.0,1,0.33408902404492924,41
158,2,387,111,276,0,0,0,1.0,1,1.0,1,1.0,1,0.3031945527137479,42
159,1,388,111,277,0,0,0,1.0,1,1.0,1,1.0,1,0.2786347203487988,43
160,6,394,115,279,0,0,0,1.0,1,1.0,1,1.0,1,0.29435181868530474,44
161,10,404,116,288,0,0,0,1.0,1,1.0,1,1.0,1,0.1660866152844651,44
162,4,408,118,290,0,0,0,1.0,1,1.0,1,1.0,1,0.22928974809047087,45
163,3,411,120,291,0,0,0,1.0,1,1.0,1,1.0,1,0.30022239130542694,43
164,0,411,120,291,0,0,0,1.0,1,1.0,1,1.0,1,0.2967070611913037,42
165,4,415,123,292,0,0,0,1.0,1,1.0,1,1.0,1,0.2590811543072783,42
166,2,417,124,293,0,0,0,1.0,1,1.0,1,1.0,1,0.28111169025757116,42
167,3,420,126,294,0,0,0,1.0,1,1.0,1,1.0,1,0.28687244337739054,41
168,0,420,126,294,0,0,0,1.0,1,1.0,1,1.0,1,0.2735600786353647,40
169,1,421,127,294,0,0,0,1.0,1,1.0,1,1.0,1,0.23694484117715453,40
170,0,421,127,294,0,0,0,1.0,1,1.0,1,1.0,1,0.2118381117024888,38
171,0,421,127,294,0,0,0,1.0,1,1.0,1,1.0,1,0.2177152263294356,37
172,0,421,127,294,0,0,0,1.0,1,1.0,1,1.0,1,0.18112908698928007,35
173,3,424,129,295,0,0,0,1.0,1,1.0,1,1.0,1,0.24518305705464136,36
174,2,426,131,295,0,0,0,1.0,1,1.0,1,1.0,1,0.23359489357804591,34
175,0,426,131,295,0,0,0,1.0,1,1.0,1,1.0,1,0.25884400210349523,33
176,0,426,131,295,0,0,0,1.0,1,1.0,1,1.0,1,0.2802277692044458,34
177,2,428,131,297,0,0,0,1.0,1,1.0,1,1.0,1,0.25779994585592914,36
178,2,430,131,299,0,0,0,1.0,1,1.0,1,1.0,1,0.24737890166658796,37
179,1,431,132,299,0,0,0,1.0,1,1.0,1,1.0,1,0.25916829675078856,37
180,0,431,132,299,0,0,0,1.0,1,1.0,1,1.0,1,0.26772482522375274,36
181,4,435,132,303,0,0,0,1.0,1,1.0,1,1.0,1,0.1820020442011044,36
182,4,439,134,305,0,0,0,1.0,1,1.0,1,1.0,1,0.1439187158440325,38
183,1,440,135,305,0,0,0,1.0,1,1.0,1,1.0,1,0.15188333257269196,37
184,3,443,137,306,0,0,0,1.0,1,1.0,1,1.0,1,0.16250522215926122,36
185,1,444,138,306,0,0,0,1.0,1,1.0,1,1.0,1,0.21012506925159816,35
186,1,445,139,306,0,0,0,1.0,1,1.0,1,1.0,1,0.22031801987367364,34
187,1,446,140,306,0,0,0,1.0,1,1.0,1,1.0,1,0.2648664351885374,33
188,1,447,141,306,0,0,0,1.0,1,1.0,1,1.0,1,0.2590737401916652,33
189,3,450,144,306,0,0,0,1.0,1,1.0,1,1.0,1,0.32172937718982925,33
190,1,451,144,307,0,0,0,1.0,1,1.0,1,1.0,1,0.29005545087743345,32
191,2,453,146,307,0,0,0,1.0,1,1.0,1,1.0,1,0.3248124270823991,34
192,1,454,146,308,0,0,0,1.0,1,1.0,1,1.0,1,0.3173190551642098,34
193,0,454,146,308,0,0,0,1.0,1,1.0,1,1.0,1,0.31016433411719035,35
194,0,454,146,308,0,0,0,1.0,1,1.0,1,1.0,1,0.3288937550205435,37
195,2,456,146,310,0,0,0,1.0,1,1.0,1,1.0,1,0.33648442725049066,36
196,2,458,147,311,0,0,0,1.0,1,1.0,1,1.0,1,0.36112952774157575,36
197,3,461,147,314,0,0,0,1.0,1,1.0,1,1.0,1,0.3619983536884316,37
198,8,469,150,319,0,0,0,1.0,1,1.0,1,1.0,1,0.35792391393451145,37
199,5,474,150,324,0,0,0,1.0,1,1.0,1,1.0,1,0.32286489720718897,37
200,3,477,152,325,0,0,0,1.0,1,1.0,1,1.0,1,0.32849609275588043,37
201,4,481,152,329,0,0,0,1.0,1,1.0,1,1.0,1,0.277083709326884,36
202,1,482,153,329,0,0,0,1.0,1,1.0,1,1.0,1,0.2244318637813876,36
203,0,482,153,329,0,0,0,1.0,1,1.0,1,1.0,1,0.21053894143181748,35
204,1,483,153,330,0,0,0,1.0,1,1.0,1,1.0,1,0.15721955126787088,35
205,4,487,156,331,0,0,0,1.0,1,1.0,1,1.0,1,0.1311035631000748,35
206,1,488,156,332,0,0,0,1.0,1,1.0,1,1.0,1,0.17844711084417794,34
207,1,489,157,332,0,0,0,1.0,1,1.0,1,1.0,1,0.2604414512854875,34
208,4,493,158,335,0,0,0,1.0,1,1.0,1,1.0,1,0.21685036434868543,33
209,1,494,158,336,0,0,0,1.0,1,1.0,1,1.0,1,0.238062711496154,33
210,4,498,160,338,0,0,0,1.0,1,1.0,1,1.0,1,0.2566436696208293,34
211,2,500,161,339,0,0,0,1.0,1,1.0,1,1.0,1,0.324427904368751,33
212,1,501,161,340,0,0,0,1.0,1,1.0,1,1.0,1,0.3362476752959566,33
213,2,503,162,341,0,0,0,1.0,1,1.0,1,1.0,1,0.24091740936725556,35
214,0,503,162,341,0,0,0,1.0,1,1.0,1,1.0,1,0.22582557030784753,34
215,1,504,163,341,0,0,0,1.0,1,1.0,1,1.0,1,0.2034396730578736,35
216,1,505,164,341,0,0,0,1.0,1,1.0,1,1.0,1,0.20897672999803682,36
217,1,506,165,341,0,0,0,1.0,1,1.0,1,1.0,1,0.23341479855462657,36
218,2,508,167,341,0,0,0,1.0,1,1.0,1,1.0,1,0.2777919059608975,36
219,1,509,167,342,0,0,0,1.0,1,1.0,1,1.0,1,0.22238913426490386,37
220,3,512,170,342,0,0,0,1.0,1,1.0,1,1.0,1,0.25334879630778306,38
221,1,513,170,343,0,0,0,1.0,1,1.0,1,1.0,1,0.21972835751619077,37
222,1,514,171,343,0,0,0,1.0,1,1.0,1,1.0,1,0.20310112200428118,38
223,3,517,172,345,0,0,0,1.0,1,1.0,1,1.0,1,0.19721990618505433,38
224,5,522,175,347,0,0,0,1.0,1,1.0,1,1.0,1,0.24466902019485964,38
225,4,526,178,348,0,0,0,1.0,1,1.0,1,1.0,1,0.2563105317666077,36
226,2,528,180,348,0,0,0,1.0,1,1.0,1,1.0,1,0.3341669572997761,37
227,3,531,181,350,0,0,0,1.0,1,1.0,1,1.0,1,0.31491526996061736,35
228,2,533,183,350,0,0,0,1.0,1,1.0,1,1.0,1,0.2988223677505956,35
229,3,536,184,352,0,0,0,1.0,1,1.0,1,1.0,1,0.2621979473759622,35
230,1,537,185,352,0,0,0,1.0,1,1.0,1,1.0,1,0.2814661833169285,35
231,3,540,187,353,0,0,0,1.0,1,1.0,1,1.0,1,0.23478881821055986,35
232,2,542,189,353,0,0,0,1.0,1,1.0,1,1.0,1,0.21364529351188338,36
233,1,543,189,354,0,0,0,1.0,1,1.0,1,1.0,1,0.17503223946368662,36
234,2,545,191,354,0,0,0,1.0,1,1.0,1,1.0,1,0.21443600546129518,34
235,2,547,193,354,0,0,0,1.0,1,1.0,1,1.0,1,0.20845703704323718,33
236,0,547,193,354,0,0,0,1.0,1,1.0,1,1.0,1,0.20182259841658043,31
237,1,548,194,354,0,0,0,1.0,1,1.0,1,1.0,1,0.22401825314577747,32
238,1,549,195,354,0,0,0,1.0,1,1.0,1,1.0,1,0.25972507387678945,31
239,1,550,196,354,0,0,0,1.0,1,1.0,1,1.0,1,0.28024499985766044,30
240,1,551,197,354,0,0,0,1.0,1,1.0,1,1.0,1,0.27178335482896043,27
241,3,554,199,355,0,0,0,1.0,1,1.0,1,1.0,1,0.2786270730653894,27
242,1,555,199,356,0,0,0,1.0,1,1.0,1,1.0,1,0.2755465597050477,28
243,1,556,200,356,0,0,0,1.0,1,1.0,1,1.0,1,0.2921812794761598,28
244,1,557,201,356,0,0,0,1.0,1,1.0,1,1.0,1,0.2891080386634355,27
245,2,559,203,356,0,0,0,1.0,1,1.0,1,1.0,1,0.3458146485325204,27
246,2,561,204,357,0,0,0,1.0,1,1.0,1,1.0,1,0.3129297998287778,25
247,0,561,204,357,0,0,0,1.0,1,1.0,1,1.0,1,0.29518042992526433,24
248,0,561,204,357,0,0,0,1.0,1,1.0,1,1.0,1,0.2930352418157303,24
249,1,562,205,357,0,0,0,1.0,1,1.0,1,1.0,1,0.30709434498729954,25
250,1,563,205,358,0,0,0,1.0,1,1.0,1,1.0,1,0.2963906171366774,27
251,0,563,205,358,0,0,0,1.0,1,1.0,1,1.0,1,0.2963906171366774,27
252,0,563,205,358,0,0,0,1.0,1,1.0,1,1.0,1,0.2963906171366774,27
253,2,565,206,359,0,0,0,1.0,1,1.0,1,1.0,1,0.30473118039369207,29
254,2,567,207,360,0,0,0,1.0,1,1.0,1,1.0,1,0.26168020000689274,30
255,1,568,208,360,0,0,0,1.0,1,1.0,1,1.0,1,0.29723338490397216,31
256,2,570,210,360,0,0,0,1.0,1,1.0,1,1.0,1,0.2956202299215009,31
257,2,572,210,362,0,0,0,1.0,1,1.0,1,1.0,1,0.24983159460378893,33
258,1,573,211,362,0,0,0,1.0,1,1.0,1,1.0,1,0.2908566719647658,33
259,2,575,212,363,0,0,0,1.0,1,1.0,1,1.0,1,0.31113444375485433,33
260,2,577,214,363,0,0,0,1.0,1,1.0,1,1.0,1,0.33836535758870573,35
261,7,584,215,369,0,0,0,1.0,1,1.0,1,1.0,1,0.27836678294090944,35
262,1,585,216,369,0,0,0,1.0,1,1.0,1,1.0,1,0.30582531098860066,35
263,2,587,217,370,0,0,0,1.0,1,1.0,1,1.0,1,0.34757313530354167,34
264,2,589,218,371,0,0,0,1.0,1,1.0,1,1.0,1,0.402338119786714,32
265,2,591,219,372,0,0,0,1.0,1,1.0,1,1.0,1,0.41662717424520274,30
266,3,594,220,374,0,0,0,1.0,1,1.0,1,1.0,1,0.3561293240165261,31
267,3,597,221,376,0,0,0,1.0,1,1.0,1,1.0,1,0.29844847703294647,30
268,3,600,221,379,0,0,0,1.0,1,1.0,1,1.0,1,0.282311508250501,31
269,1,601,221,380,0,0,0,1.0,1,1.0,1,1.0,1,0.2759742567279045,31
270,4,605,223,382,0,0,0,1.0,1,1.0,1,1.0,1,0.27345640121412235,32
271,1,606,223,383,0,0,0,1.0,1,1.0,1,1.0,1,0.29312827696268656,31
272,3,609,224,385,0,0,0,1.0,1,1.0,1,1.0,1,0.3663470536960275,32
273,2,611,224,387,0,0,0,1.0,1,1.0,1,1.0,1,0.374885448571571,32
274,4,615,224,391,0,0,0,1.0,1,1.0,1,1.0,1,0.374885448571571,32
275,4,619,224,395,0,0,0,1.0,1,1.0,1,1.0,1,0.3268391334430312,33
276,6,625,225,400,0,0,0,1.0,1,1.0,1,1.0,1,0.33752935808597156,34
277,3,628,226,402,0,0,0,1.0,1,1.0,1,1.0,1,0.35290188850217924,32
278,2,630,226,404,0,0,0,1.0,1,1.0,1,1.0,1,0.3406782756091256,31
279,2,632,226,406,0,0,0,1.0,1,1.0,1,1.0,1,0.32657121767779457,31
280,8,640,228,412,0,0,0,1.0,1,1.0,1,1.0,1,0.3415141511157606,30
281,0,640,228,412,0,0,0,1.0,1,1.0,1,1.0,1,0.31797691602772,31
282,1,641,229,412,0,0,0,1.0,1,1.0,1,1.0,1,0.3427596304087963,30
283,4,645,231,414,0,0,0,1.0,1,1.0,1,1.0,1,0.3089422691970296,31
284,2,647,232,415,0,0,0,1.0,1,1.0,1,1.0,1,0.27926937299656035,31
285,4,651,234,417,0,0,0,1.0,1,1.0,1,1.0,1,0.3050242620685784,31
286,2,653,234,419,0,0,0,1.0,1,1.0,1,1.0,1,0.3050242620685784,31
287,3,656,234,422,0,0,0,1.0,1,1.0,1,1.0,1,0.2340632364195296,33
288,3,659,234,425,0,0,0,1.0,1,1.0,1,1.0,1,0.17769699738106745,32
289,3,662,235,427,0,0,0,1.0,1,1.0,1,1.0,1,0.20504007789149123,32
290,1,663,235,428,0,0,0,1.0,1,1.0,1,1.0,1,0.21259199547260899,31
291,2,665,235,430,0,0,0,1.0,1,1.0,1,1.0,1,0.18657314980482323,30
292,2,667,236,431,0,0,0,1.0,1,1.0,1,1.0,1,0.20554926365701717,32
293,1,668,236,432,0,0,0,1.0,1,1.0,1,1.0,1,0.2219153687588592,32
294,3,671,236,435,0,0,0,1.0,1,1.0,1,1.0,1,0.1966567126672361,32
295,3,674,236,438,0,0,0,1.0,1,1.0,1,1.0,1,0.20648480506962893,34
296,6,680,237,443,0,0,0,1.0,1,1.0,1,1.0,1,0.1825314772005327,34
297,2,682,237,445,0,0,0,1.0,1,1.0,1,1.0,1,0.20899282097012112,34
298,0,682,237,445,0,0,0,1.0,1,1.0,1,1.0,1,0.22991733864353006,35
299,0,682,237,445,0,0,0,1.0,1,1.0,1,1.0,1,0.27634249420866536,35
300,0,682,237,445,0,0,0,1.0,1,1.0,1,1.0,1,0.27634249420866536,35
301,3,685,237,448,0,0,0,1.0,1,1.0,1,1.0,1,0.250949172732559,38
302,0,685,237,448,0,0,0,1.0,1,1.0,1,1.0,1,0.250949172732559,38
303,2,687,239,448,0,0,0,1.0,1,1.0,1,1.0,1,0.26952105321716624,37
304,3,690,241,449,0,0,0,1.0,1,1.0,1,1.0,1,0.3054541596727056,37
305,4,694,243,451,0,0,0,1.0,1,1.0,1,1.0,1,0.3662621239009028,36
306,3,697,244,453,0,0,0,1.0,1,1.0,1,1.0,1,0.3920614607198465,36
307,1,698,244,454,0,0,0,1.0,1,1.0,1,1.0,1,0.36100211473894234,35
308,3,701,245,456,0,0,0,1.0,1,1.0,1,1.0,1,0.3042338786040234,37
309,0,701,245,456,0,0,0,1.0,1,1.0,1,1.0,1,0.3042338786040234,37
310,1,702,245,457,0,0,0,1.0,1,1.0,1,1.0,1,0.28526032244710386,37
311,0,702,245,457,0,0,0,1.0,1,1.0,1,1.0,1,0.2795303390985666,39
312,0,702,245,457,0,0,0,1.0,1,1.0,1,1.0,1,0.291090080931578,40
313,0,702,245,457,0,0,0,1.0,1,1.0,1,1.0,1,0.28069282157234643,39
314,0,702,245,457,0,0,0,1.0,1,1.0,1,1.0,1,0.29068288058942243,40
315,2,704,247,457,0,0,0,1.0,1,1.0,1,1.0,1,0.35102521240213413,39
316,0,704,247,457,0,0,0,1.0,1,1.0,1,1.0,1,0.35102521240213413,39
317,2,706,247,459,0,0,0,1.0,1,1.0,1,1.0,1,0.3211603261090413,40
318,1,707,247,460,0,0,0,1.0,1,1.0,1,1.0,1,0.33087844258672094,41
319,3,710,247,463,0,0,0,1.0,1,1.0,1,1.0,1,0.27024749791034386,41
320,1,711,248,463,0,0,0,1.0,1,1.0,1,1.0,1,0.26917812159776006,41
321,1,712,248,464,0,0,0,1.0,1,1.0,1,1.0,1,0.23500701607696498,41
322,5,717,250,467,0,0,0,1.0,1,1.0,1,1.0,1,0.15773304176605626,41
323,0,717,250,467,0,0,0,1.0,1,1.0,1,1.0,1,0.15773304176605626,41
324,2,719,252,467,0,0,0,1.0,1,1.0,1,1.0,1,0.20010850220368304,42
325,1,720,253,467,0,0,0,1.0,1,1.0,1,1.0,1,0.219872669639419,42
326,2,722,254,468,0,0,0,1.0,1,1.0,1,1.0,1,0.24525397159204942,42
327,2,724,254,470,0,0,0,1.0,1,1.0,1,1.0,1,0.24525397159204942,42
328,2,726,254,472,0,0,0,1.0,1,1.0,1,1.0,1,0.2579629762821397,43
329,1,727,254,473,0,0,0,1.0,1,1.0,1,1.0,1,0.2657398574948948,43
330,4,731,254,477,0,0,0,1.0,1,1.0,1,1.0,1,0.2536548659575352,45
331,4,735,254,481,0,0,0,1.0,1,1.0,1,1.0,1,0.21100880500457175,45
332,0,735,254,481,0,0,0,1.0,1,1.0,1,1.0,1,0.21405943619064455,45
333,0,735,254,481,0,0,0,1.0,1,1.0,1,1.0,1,0.2243928420227381,46
334,1,736,254,482,0,0,0,1.0,1,1.0,1,1.0,1,0.17183587205658876,48
335,0,736,254,482,0,0,0,1.0,1,1.0,1,1.0,1,0.17183587205658876,48
336,0,736,254,482,0,0,0,1.0,1,1.0,1,1.0,1,0.17183587205658876,48
337,1,737,254,483,0,0,0,1.0,1,1.0,1,1.0,1,0.1794229695910734,49
338,2,739,254,485,0,0,0,1.0,1,1.0,1,1.0,1,0.18710950330251233,50
339,1,740,254,486,0,0,0,1.0,1,1.0,1,1.0,1,0.17984293500176066,50
340,1,741,254,487,0,0,0,1.0,1,1.0,1,1.0,1,0.18710950330251233,50
341,3,744,255,489,0,0,0,1.0,1,1.0,1,1.0,1,0.17797058639501345,51
342,2,746,256,490,0,0,0,1.0,1,1.0,1,1.0,1,0.1928826790149474,51
343,1,747,256,491,0,0,0,1.0,1,1.0,1,1.0,1,0.18520822639939288,51
344,0,747,256,491,0,0,0,1.0,1,1.0,1,1.0,1,0.17948746219378606,50
345,1,748,256,492,0,0,0,1.0,1,1.0,1,1.0,1,0.17203127732464046,51
346,2,750,257,493,0,0,0,1.0,1,1.0,1,1.0,1,0.16296091290807835,51
347,3,753,260,493,0,0,0,1.0,1,1.0,1,1.0,1,0.17339319706601128,51
348,3,756,263,493,0,0,0,1.0,1,1.0,1,1.0,1,0.22614765019029273,53
349,1,757,263,494,0,0,0,1.0,1,1.0,1,1.0,1,0.20484468622226834,55
350,0,757,263,494,0,0,0,1.0,1,1.0,1,1.0,1,0.22433501431858166,54
351,3,760,265,495,0,0,0,1.0,1,1.0,1,1.0,1,0.2582065073395061,54
352,5,765,268,497,0,0,0,1.0,1,1.0,1,1.0,1,0.27893281223989913,53
353,1,766,269,497,0,0,0,1.0,1,1.0,1,1.0,1,0.26644201302943926,53
354,1,767,269,498,0,0,0,1.0,1,1.0,1,1.0,1,0.29362078701277006,50
355,1,768,269,499,0,0,0,1.0,1,1.0,1,1.0,1,0.31259964245982286,51
356,1,769,269,500,0,0,0,1.0,1,1.0,1,1.0,1,0.2827333857261995,51
357,1,770,269,501,0,0,0,1.0,1,1.0,1,1.0,1,0.2575604272260511,50
358,3,773,272,501,0,0,0,1.0,1,1.0,1,1.0,1,0.2771254403508253,48
359,2,775,274,501,0,0,0,1.0,1,1.0,1,1.0,1,0.32080726301684764,47
360,0,775,274,501,0,0,0,1.0,1,1.0,1,1.0,1,0.3365318972057711,45
361,6,781,275,506,0,0,0,1.0,1,1.0,1,1.0,1,0.3000584711398694,44
362,1,782,275,507,0,0,0,1.0,1,1.0,1,1.0,1,0.27960443795006107,44
363,3,785,276,509,0,0,0,1.0,1,1.0,1,1.0,1,0.24159364266752043,44
364,0,785,276,509,0,0,0,1.0,1,1.0,1,1.0,1,0.24280424762811784,43
365,1,786,277,509,0,0,0,1.0,1,1.0,1,1.0,1,0.2585969752224087,43
366,2,788,278,510,0,0,0,1.0,1,1.0,1,1.0,1,0.2488975458648435,45
367,1,789,278,511,0,0,0,1.0,1,1.0,1,1.0,1,0.23451189250788979,44
368,1,790,279,511,0,0,0,1.0,1,1.0,1,1.0,1,0.20716801786911676,46
369,1,791,280,511,0,0,0,1.0,1,1.0,1,1.0,1,0.24485005389387982,45
370,1,792,280,512,0,0,0,1.0,1,1.0,1,1.0,1,0.23320497924118283,46
371,1,793,280,513,0,0,0,1.0,1,1.0,1,1.0,1,0.2480363621043587,47
372,0,793,280,513,0,0,0,1.0,1,1.0,1,1.0,1,0.2577764380921564,48
373,2,795,281,514,0,0,0,1.0,1,1.0,1,1.0,1,0.23583802449967273,48
374,2,797,283,514,0,0,0,1.0,1,1.0,1,1.0,1,0.21227515539618694,49
375,2,799,283,516,0,0,0,1.0,1,1.0,1,1.0,1,0.20880711185374276,49
376,6,805,287,518,0,0,0,1.0,1,1.0,1,1.0,1,0.2059466972346184,49
377,4,809,290,519,0,0,0,1.0,1,1.0,1,1.0,1,0.22803315381795083,49
378,4,813,291,522,0,0,0,1.0,1,1.0,1,1.0,1,0.2441746734545367,49
379,1,814,291,523,0,0,0,1.0,1,1.0,1,1.0,1,0.24272244867399792,50
380,3,817,292,525,0,0,0,1.0,1,1.0,1,1.0,1,0.251998841466173,50
381,9,826,292,534,0,0,0,1.0,1,1.0,1,1.0,1,0.12367889037618211,51
382,1,827,293,534,0,0,0,1.0,1,1.0,1,1.0,1,0.12864750533112262,50
383,1,828,294,534,0,0,0,1.0,1,1.0,1,1.0,1,0.14577588269409414,51
384,1,829,295,534,0,0,0,1.0,1,1.0,1,1.0,1,0.158643823779839,50
385,1,830,295,535,0,0,0,1.0,1,1.0,1,1.0,1,0.16966466722557946,50
386,0,830,295,535,0,0,0,1.0,1,1.0,1,1.0,1,0.17619387042184526,48
387,1,831,295,536,0,0,0,1.0,1,1.0,1,1.0,1,0.15888751628403036,47
388,0,831,295,536,0,0,0,1.0,1,1.0,1,1.0,1,0.17585480122113314,48
389,0,831,295,536,0,0,0,1.0,1,1.0,1,1.0,1,0.19493506201363373,47
390,1,832,296,536,0,0,0,1.0,1,1.0,1,1.0,1,0.1689713362086078,49
391,2,834,298,536,0,0,0,1.0,1,1.0,1,1.0,1,0.16470817521063935,46
392,1,835,299,536,0,0,0,1.0,1,1.0,1,1.0,1,0.208301514658112,46
393,3,838,302,536,0,0,0,1.0,1,1.0,1,1.0,1,0.28961414000530056,44
394,5,843,304,539,0,0,0,1.0,1,1.0,1,1.0,1,0.32003488695206206,43
395,0,843,304,539,0,0,0,1.0,1,1.0,1,1.0,1,0.3224925126386732,42
396,1,844,305,539,0,0,0,1.0,1,1.0,1,1.0,1,0.37517723055148955,39
397,5,849,308,541,0,0,0,1.0,1,1.0,1,1.0,1,0.43103542247819754,39
398,0,849,308,541,0,0,0,1.0,1,1.0,1,1.0,1,0.45070181146813315,36
399,0,849,308,541,0,0,0,1.0,1,1.0,1,1.0,1,0.45070181146813315,36
400,3,852,310,542,0,0,0,1.0,1,1.0,1,1.0,1,0.41150008845541924,34
401,2,854,311,543,0,0,0,1.0,1,1.0,1,1.0,1,0.39456746077245003,33
402,1,855,311,544,0,0,0,1.0,1,1.0,1,1.0,1,0.3644784876892102,34
403,0,855,311,544,0,0,0,1.0,1,1.0,1,1.0,1,0.3559804440175591,36
404,2,857,313,544,0,0,0,1.0,1,1.0,1,1.0,1,0.3515981234421765,36
405,0,857,313,544,0,0,0,1.0,1,1.0,1,1.0,1,0.34694514786902503,37
406,1,858,313,545,0,0,0,1.0,1,1.0,1,1.0,1,0.3390693568756397,37
407,3,861,313,548,0,0,0,1.0,1,1.0,1,1.0,1,0.2641308656973801,39
408,3,864,314,550,0,0,0,1.0,1,1.0,1,1.0,1,0.24062849548872092,40
409,2,866,315,551,0,0,0,1.0,1,1.0,1,1.0,1,0.24596105487773381,41
410,8,874,318,556,0,0,0,1.0,1,1.0,1,1.0,1,0.314921781061277,42
411,5,879,318,561,0,0,0,1.0,1,1.0,1,1.0,1,0.3210421585830248,43
412,9,888,319,569,0,0,0,1.0,1,1.0,1,1.0,1,0.3191825484973262,44
413,8,896,319,577,0,0,0,1.0,1,1.0,1,1.0,1,0.3191825484973262,44
414,4,900,319,581,0,0,0,1.0,1,1.0,1,1.0,1,0.3148479838699338,45
415,8,908,319,589,0,0,0,1.0,1,1.0,1,1.0,1,0.3148479838699338,45
416,9,917,319,598,0,0,0,1.0,1,1.0,1,1.0,1,0.2953481801422648,46
417,11,928,321,607,0,0,0,1.0,1,1.0,1,1.0,1,0.30627990858383086,46
418,9,937,321,616,0,0,0,1.0,1,1.0,1,1.0,1,0.2957594095302694,47
419,9,946,321,625,0,0,0,1.0,1,1.0,1,1.0,1,0.2904600774055257,47
420,4,950,321,629,0,0,0,1.0,1,1.0,1,1.0,1,0.30172962251606766,47
421,3,953,322,631,0,0,0,1.0,1,1.0,1,1.0,1,0.2666619734138089,47
422,3,956,323,633,0,0,0,1.0,1,1.0,1,1.0,1,0.26084635820473256,49
423,0,956,323,633,0,0,0,1.0,1,1.0,1,1.0,1,0.26400911149115186,47
424,1,957,324,633,0,0,0,1.0,1,1.0,1,1.0,1,0.283395585647457,45
425,1,958,324,634,0,0,0,1.0,1,1.0,1,1.0,1,0.2832448160452728,46
426,2,960,324,636,0,0,0,1.0,1,1.0,1,1.0,1,0.28803571027882513,46
427,2,962,326,636,0,0,0,1.0,1,1.0,1,1.0,1,0.3071466422347098,45
428,6,968,327,641,0,0,0,1.0,1,1.0,1,1.0,1,0.2585732369235153,45
429,2,970,328,642,0,0,0,1.0,1,1.0,1,1.0,1,0.2594212397158874,42
430,3,973,330,643,0,0,0,1.0,1,1.0,1,1.0,1,0.31581248522213345,40
431,1,974,331,643,0,0,0,1.0,1,1.0,1,1.0,1,0.3056559507243283,39
432,2,976,333,643,0,0,0,1.0,1,1.0,1,1.0,1,0.3519736066613704,37
433,4,980,337,643,0,0,0,1.0,1,1.0,1,1.0,1,0.34688754024570667,35
434,1,981,338,643,0,0,0,1.0,1,1.0,1,1.0,1,0.3862760818515356,33
435,1,982,338,644,0,0,0,1.0,1,1.0,1,1.0,1,0.3714371843874227,33
436,0,982,338,644,0,0,0,1.0,1,1.0,1,1.0,1,0.3714371843874227,33
437,2,984,339,645,0,0,0,1.0,1,1.0,1,1.0,1,0.34302241847759984,33
438,0,984,339,645,0,0,0,1.0,1,1.0,1,1.0,1,0.36649033099085304,32
439,2,986,341,645,0,0,0,1.0,1,1.0,1,1.0,1,0.312812658648088,34
440,0,986,341,645,0,0,0,1.0,1,1.0,1,1.0,1,0.312812658648088,34
441,3,989,343,646,0,0,0,1.0,1,1.0,1,1.0,1,0.31150856624885254,35
442,6,995,345,650,0,0,0,1.0,1,1.0,1,1.0,1,0.28050196766743946,37
443,2,997,346,651,0,0,0,1.0,1,1.0,1,1.0,1,0.29591889568491436,37
444,0,997,346,651,0,0,0,1.0,1,1.0,1,1.0,1,0.28790685220690426,38
445,4,1001,347,654,0,0,0,1.0,1,1.0,1,1.0,1,0.26541596772337533,39
446,3,1004,347,657,0,0,0,1.0,1,1.0,1,1.0,1,0.2549276542358664,39
447,4,1008,347,661,0,0,0,1.0,1,1.0,1,1.0,1,0.27728523284284395,41
448,4,1012,347,665,0,0,0,1.0,1,1.0,1,1.0,1,0.27728523284284395,41
449,4,1016,347,669,0,0,0,1.0,1,1.0,1,1.0,1,0.2892046104960812,40
450,3,1019,348,671,0,0,0,1.0,1,1.0,1,1.0,1,0.29990575849399514,40
451,4,1023,348,675,0,0,0,1.0,1,1.0,1,1.0,1,0.29237988480206395,41
452,4,1027,348,679,0,0,0,1.0,1,1.0,1,1.0,1,0.29237988480206395,41
453,3,1030,349,681,0,0,0,1.0,1,1.0,1,1.0,1,0.29125175979340684,40
454,5,1035,349,686,0,0,0,1.0,1,1.0,1,1.0,1,0.2723066423771889,41
455,3,1038,351,687,0,0,0,1.0,1,1.0,1,1.0,1,0.25108598242259506,41
456,1,1039,351,688,0,0,0,1.0,1,1.0,1,1.0,1,0.23253923075415814,43
457,2,1041,352,689,0,0,0,1.0,1,1.0,1,1.0,1,0.2519353568286969,43
458,0,1041,352,689,0,0,0,1.0,1,1.0,1,1.0,1,0.2519353568286969,43
459,1,1042,352,690,0,0,0,1.0,1,1.0,1,1.0,1,0.23047431347185365,44
460,1,1043,352,691,0,0,0,1.0,1,1.0,1,1.0,1,0.23578596653360992,47
461,4,1047,353,694,0,0,0,1.0,1,1.0,1,1.0,1,0.16753537805671426,48
462,3,1050,355,695,0,0,0,1.0,1,1.0,1,1.0,1,0.19189721273356988,49
463,2,1052,356,696,0,0,0,1.0,1,1.0,1,1.0,1,0.17833691133791446,47
464,4,1056,358,698,0,0,0,1.0,1,1.0,1,1.0,1,0.1376501857017254,48
465,4,1060,362,698,0,0,0,1.0,1,1.0,1,1.0,1,0.15221910973323388,47
466,1,1061,363,698,0,0,0,1.0,1,1.0,1,1.0,1,0.1814366495959553,46
467,1,1062,364,698,0,0,0,1.0,1,1.0,1,1.0,1,0.15642170910074482,44
468,3,1065,367,698,0,0,0,1.0,1,1.0,1,1.0,1,0.1614194528911828,41
469,3,1068,369,699,0,0,0,1.0,1,1.0,1,1.0,1,0.13131823365341855,40
470,2,1070,371,699,0,0,0,1.0,1,1.0,1,1.0,1,0.08432083792231058,39
471,1,1071,372,699,0,0,0,1.0,1,1.0,1,1.0,1,0.13288722017776955,38
472,6,1077,377,700,0,0,0,1.0,1,1.0,1,1.0,1,0.18752723138679792,36
473,3,1080,380,700,0,0,0,1.0,1,1.0,1,1.0,1,0.203179412461515,36
474,3,1083,382,701,0,0,0,1.0,1,1.0,1,1.0,1,0.1902978268298558,34
475,2,1085,383,702,0,0,0,1.0,1,1.0,1,1.0,1,0.22174649685730843,34
476,0,1085,383,702,0,0,0,1.0,1,1.0,1,1.0,1,0.24070479986165288,32
477,1,1086,384,702,0,0,0,1.0,1,1.0,1,1.0,1,0.28545953719570943,32
478,0,1086,384,702,0,0,0,1.0,1,1.0,1,1.0,1,0.2812837457214563,30
479,0,1086,384,702,0,0,0,1.0,1,1.0,1,1.0,1,0.2903142920811346,31
480,0,1086,384,702,0,0,0,1.0,1,1.0,1,1.0,1,0.33706145425966505,27
481,3,1089,386,703,0,0,0,1.0,1,1.0,1,1.0,1,0.35995183451481316,28
482,0,1089,386,703,0,0,0,1.0,1,1.0,1,1.0,1,0.3300990091478252,28
483,2,1091,387,704,0,0,0,1.0,1,1.0,1,1.0,1,0.3138005550238382,29
484,1,1092,387,705,0,0,0,1.0,1,1.0,1,1.0,1,0.3035748392461065,29
485,0,1092,387,705,0,0,0,1.0,1,1.0,1,1.0,1,0.3035748392461065,29
486,5,1097,389,708,0,0,0,1.0,1,1.0,1,1.0,1,0.25001248296921325,31
487,2,1099,389,710,0,0,0,1.0,1,1.0,1,1.0,1,0.25322025952490457,33
488,1,1100,389,711,0,0,0,1.0,1,1.0,1,1.0,1,0.2436976990182762,34
489,2,1102,391,711,0,0,0,1.0,1,1.0,1,1.0,1,0.2979465221649449,34
490,2,1104,391,713,0,0,0,1.0,1,1.0,1,1.0,1,0.2521140719714787,34
491,1,1105,392,713,0,0,0,1.0,1,1.0,1,1.0,1,0.2960109198119504,34
492,1,1106,392,714,0,0,0,1.0,1,1.0,1,1.0,1,0.28138540747297985,34
493,1,1107,392,715,0,0,0,1.0,1,1.0,1,1.0,1,0.2701097129247417,34
494,2,1109,393,716,0,0,0,1.0,1,1.0,1,1.0,1,0.27897165887601433,36
495,0,1109,393,716,0,0,0,1.0,1,1.0,1,1.0,1,0.27897165887601433,36
496,0,1109,393,716,0,0,0,1.0,1,1.0,1,1.0,1,0.2703462131531718,37
497,1,1110,393,717,0,0,0,1.0,1,1.0,1,1.0,1,0.25353986923136124,39
498,7,1117,394,723,0,0,0,1.0,1,1.0,1,1.0,1,0.2496878909572539,40
499,1,1118,394,724,0,0,0,1.0,1,1.0,1,1.0,1,0.2653260369672926,40
500,6,1124,395,729,0,0,0,1.0,1,1.0,1,1.0,1,0.19992078003951494,42
501,1,1125,395,730,0,0,0,1.0,1,1.0,1,1.0,1,0.18615019048951303,42
502,1,1126,396,730,0,0,0,1.0,1,1.0,1,1.0,1,0.23124255730009494,42
503,1,1127,397,730,0,0,0,1.0,1,1.0,1,1.0,1,0.24044200244888744,41
504,3,1130,399,731,0,0,0,1.0,1,1.0,1,1.0,1,0.28050826551107905,42
505,2,1132,401,731,0,0,0,1.0,1,1.0,1,1.0,1,0.30589344509121047,38
506,0,1132,401,731,0,0,0,1.0,1,1.0,1,1.0,1,0.3117225754289028,37
507,1,1133,402,731,0,0,0,1.0,1,1.0,1,1.0,1,0.3446662628109638,35
508,4,1137,405,732,0,0,0,1.0,1,1.0,1,1.0,1,0.39646552088837084,35
509,1,1138,405,733,0,0,0,1.0,1,1.0,1,1.0,1,0.3655304127242775,34
510,0,1138,405,733,0,0,0,1.0,1,1.0,1,1.0,1,0.36535479856396247,34
511,1,1139,406,733,0,0,0,1.0,1,1.0,1,1.0,1,0.3504488820612889,32
512,3,1142,408,734,0,0,0,1.0,1,1.0,1,1.0,1,0.38642154008518803,30
513,0,1142,408,734,0,0,0,1.0,1,1.0,1,1.0,1,0.38799920444708474,31
514,0,1142,408,734,0,0,0,1.0,1,1.0,1,1.0,1,0.38799920444708474,31
515,3,1145,410,735,0,0,0,1.0,1,1.0,1,1.0,1,0.4092011396397558,32
516,0,1145,410,735,0,0,0,1.0,1,1.0,1,1.0,1,0.3959889340631336,31
517,3,1148,413,735,0,0,0,1.0,1,1.0,1,1.0,1,0.4045420489170188,32
518,0,1148,413,735,0,0,0,1.0,1,1.0,1,1.0,1,0.39404904582179623,31
519,2,1150,415,735,0,0,0,1.0,1,1.0,1,1.0,1,0.37516827576191975,31
520,2,1152,417,735,0,0,0,1.0,1,1.0,1,1.0,1,0.3816691528867682,33
521,6,1158,418,740,0,0,0,1.0,1,1.0,1,1.0,1,0.23334355363614187,34
522,2,1160,419,741,0,0,0,1.0,1,1.0,1,1.0,1,0.20138985971145956,34
523,0,1160,419,741,0,0,0,1.0,1,1.0,1,1.0,1,0.2234575793488669,33
524,1,1161,420,741,0,0,0,1.0,1,1.0,1,1.0,1,0.26928025428494945,34
525,1,1162,420,742,0,0,0,1.0,1,1.0,1,1.0,1,0.2952378762180905,32
526,0,1162,420,742,0,0,0,1.0,1,1.0,1,1.0,1,0.2952378762180905,32
527,0,1162,420,742,0,0,0,1.0,1,1.0,1,1.0,1,0.35775514570668765,31
528,1,1163,421,742,0,0,0,1.0,1,1.0,1,1.0,1,0.3698265542442793,31
529,0,1163,421,742,0,0,0,1.0,1,1.0,1,1.0,1,0.39533796929551607,30
530,3,1166,422,744,0,0,0,1.0,1,1.0,1,1.0,1,0.41307338905139923,30
531,2,1168,422,746,0,0,0,1.0,1,1.0,1,1.0,1,0.42271550646490547,32
532,2,1170,423,747,0,0,0,1.0,1,1.0,1,1.0,1,0.3730828130454127,32
533,2,1172,425,747,0,0,0,1.0,1,1.0,1,1.0,1,0.4007969335967077,34
534,2,1174,426,748,0,0,0,1.0,1,1.0,1,1.0,1,0.4070218944382018,34
535,3,1177,426,751,0,0,0,1.0,1,1.0,1,1.0,1,0.3752626455466613,37
536,1,1178,426,752,0,0,0,1.0,1,1.0,1,1.0,1,0.3765193699564498,37
537,3,1181,428,753,0,0,0,1.0,1,1.0,1,1.0,1,0.4459094175372065,37
538,3,1184,428,756,0,0,0,1.0,1,1.0,1,1.0,1,0.4412314560611485,38
539,5,1189,428,761,0,0,0,1.0,1,1.0,1,1.0,1,0.4325330819664666,38
540,1,1190,428,762,0,0,0,1.0,1,1.0,1,1.0,1,0.4313560766154593,38
541,6,1196,428,768,0,0,0,1.0,1,1.0,1,1.0,1,0.28202101149955267,39
542,2,1198,429,769,0,0,0,1.0,1,1.0,1,1.0,1,0.26864615885665527,40
543,2,1200,431,769,0,0,0,1.0,1,1.0,1,1.0,1,0.3002895271392208,37
544,0,1200,431,769,0,0,0,1.0,1,1.0,1,1.0,1,0.31762111737707815,35
545,0,1200,431,769,0,0,0,1.0,1,1.0,1,1.0,1,0.2550718239913485,35
546,3,1203,434,769,0,0,0,1.0,1,1.0,1,1.0,1,0.26092495023486095,35
547,0,1203,434,769,0,0,0,1.0,1,1.0,1,1.0,1,0.22302857864040987,34
548,2,1205,436,769,0,0,0,1.0,1,1.0,1,1.0,1,0.28594278438623766,34
549,4,1209,439,770,0,0,0,1.0,1,1.0,1,1.0,1,0.384158313298948,31
550,0,1209,439,770,0,0,0,1.0,1,1.0,1,1.0,1,0.370035702200616,30
551,2,1211,441,770,0,0,0,1.0,1,1.0,1,1.0,1,0.4762635744524215,31
552,0,1211,441,770,0,0,0,1.0,1,1.0,1,1.0,1,0.44781496789948355,29
553,2,1213,441,772,0,0,0,1.0,1,1.0,1,1.0,1,0.44721367796498057,30
554,1,1214,441,773,0,0,0,1.0,1,1.0,1,1.0,1,0.41453326027632725,30
555,3,1217,441,776,0,0,0,1.0,1,1.0,1,1.0,1,0.4495440988145351,30
556,3,1220,441,779,0,0,0,1.0,1,1.0,1,1.0,1,0.40756760842258494,31
557,3,1223,441,782,0,0,0,1.0,1,1.0,1,1.0,1,0.4039570135767192,31
558,1,1224,441,783,0,0,0,1.0,1,1.0,1,1.0,1,0.40714594880284916,31
559,1,1225,441,784,0,0,0,1.0,1,1.0,1,1.0,1,0.4001578779458159,31
560,4,1229,441,788,0,0,0,1.0,1,1.0,1,1.0,1,0.39406708290948667,32
561,3,1232,441,791,0,0,0,1.0,1,1.0,1,1.0,1,0.2970124656671703,33
562,2,1234,442,792,0,0,0,1.0,1,1.0,1,1.0,1,0.2610363138331878,33
563,1,1235,443,792,0,0,0,1.0,1,1.0,1,1.0,1,0.26852301999262973,33
564,2,1237,444,793,0,0,0,1.0,1,1.0,1,1.0,1,0.2735778749586694,34
565,3,1240,445,795,0,0,0,1.0,1,1.0,1,1.0,1,0.2178576298731083,35
566,1,1241,445,796,0,0,0,1.0,1,1.0,1,1.0,1,0.20419340249680623,36
567,4,1245,447,798,0,0,0,1.0,1,1.0,1,1.0,1,0.20618343875767414,37
568,2,1247,447,800,0,0,0,1.0,1,1.0,1,1.0,1,0.20048457810999248,36
569,0,1247,447,800,0,0,0,1.0,1,1.0,1,1.0,1,0.19837138612915484,37
570,1,1248,447,801,0,0,0,1.0,1,1.0,1,1.0,1,0.21379939250219812,38
571,2,1250,448,802,0,0,0,1.0,1,1.0,1,1.0,1,0.18557473089133433,38
572,2,1252,448,804,0,0,0,1.0,1,1.0,1,1.0,1,0.19530273395798128,39
573,1,1253,448,805,0,0,0,1.0,1,1.0,1,1.0,1,0.2018501050430191,39
574,2,1255,448,807,0,0,0,1.0,1,1.0,1,1.0,1,0.22054430520339297,41
575,2,1257,448,809,0,0,0,1.0,1,1.0,1,1.0,1,0.22054430520339297,41
576,2,1259,448,811,0,0,0,1.0,1,1.0,1,1.0,1,0.21433132591713927,42
577,1,1260,448,812,0,0,0,1.0,1,1.0,1,1.0,1,0.22817658962379184,42
578,1,1261,448,813,0,0,0,1.0,1,1.0,1,1.0,1,0.23414956608202275,41
579,3,1264,449,815,0,0,0,1.0,1,1.0,1,1.0,1,0.23178879356572893,42
580,7,1271,450,821,0,0,0,1.0,1,1.0,1,1.0,1,0.2325851709177813,43
581,3,1274,452,822,0,0,0,1.0,1,1.0,1,1.0,1,0.2203828354895487,42
582,3,1277,453,824,0,0,0,1.0,1,1.0,1,1.0,1,0.18615137895044467,41
583,2,1279,455,824,0,0,0,1.0,1,1.0,1,1.0,1,0.1426370628044105,40
584,2,1281,457,824,0,0,0,1.0,1,1.0,1,1.0,1,0.21436444524255774,38
585,5,1286,462,824,0,0,0,1.0,1,1.0,1,1.0,1,0.25244828231004973,38
586,4,1290,466,824,0,0,0,1.0,1,1.0,1,1.0,1,0.23646494290029482,37
587,3,1293,468,825,0,0,0,1.0,1,1.0,1,1.0,1,0.26336353096088894,35
588,2,1295,470,825,0,0,0,1.0,1,1.0,1,1.0,1,0.2450794027722496,35
589,0,1295,470,825,0,0,0,1.0,1,1.0,1,1.0,1,0.2821090889785747,34
590,1,1296,471,825,0,0,0,1.0,1,1.0,1,1.0,1,0.29325236831065504,36
591,3,1299,473,826,0,0,0,1.0,1,1.0,1,1.0,1,0.25622271794415474,35
592,0,1299,473,826,0,0,0,1.0,1,1.0,1,1.0,1,0.283096112904103,37
593,1,1300,474,826,0,0,0,1.0,1,1.0,1,1.0,1,0.3083318851235965,36
594,1,1301,475,826,0,0,0,1.0,1,1.0,1,1.0,1,0.3233817693218082,35
595,1,1302,476,826,0,0,0,1.0,1,1.0,1,1.0,1,0.3454942386946346,34
596,4,1306,478,828,0,0,0,1.0,1,1.0,1,1.0,1,0.3131968003673327,34
597,2,1308,479,829,0,0,0,1.0,1,1.0,1,1.0,1,0.33068042088997074,33
598,1,1309,479,830,0,0,0,1.0,1,1.0,1,1.0,1,0.3192894814027367,33
599,4,1313,481,832,0,0,0,1.0,1,1.0,1,1.0,1,0.35741252481657465,33
600,2,1315,483,832,0,0,0,1.0,1,1.0,1,1.0,1,0.3796178405592068,33
601,3,1318,483,835,0,0,0,1.0,1,1.0,1,1.0,1,0.32032860508889677,34
602,1,1319,483,836,0,0,0,1.0,1,1.0,1,1.0,1,0.28765327224214393,35
603,1,1320,484,836,0,0,0,1.0,1,1.0,1,1.0,1,0.34059758403926843,35
604,2,1322,484,838,0,0,0,1.0,1,1.0,1,1.0,1,0.31080214375420734,35
605,0,1322,484,838,0,0,0,1.0,1,1.0,1,1.0,1,0.2906219593044097,35
606,1,1323,484,839,0,0,0,1.0,1,1.0,1,1.0,1,0.2879719180120542,35
607,1,1324,485,839,0,0,0,1.0,1,1.0,1,1.0,1,0.32444719305588643,35
608,1,1325,485,840,0,0,0,1.0,1,1.0,1,1.0,1,0.33020734031187615,36
609,2,1327,485,842,0,0,0,1.0,1,1.0,1,1.0,1,0.3012048185449544,37
610,2,1329,485,844,0,0,0,1.0,1,1.0,1,1.0,1,0.2889063318712917,37
611,3,1332,486,846,0,0,0,1.0,1,1.0,1,1.0,1,0.2816149388321693,39
612,2,1334,487,847,0,0,0,1.0,1,1.0,1,1.0,1,0.2654028666421256,39
613,1,1335,488,847,0,0,0,1.0,1,1.0,1,1.0,1,0.27475816181404195,39
614,2,1337,489,848,0,0,0,1.0,1,1.0,1,1.0,1,0.30287262243115426,39
615,1,1338,489,849,0,0,0,1.0,1,1.0,1,1.0,1,0.30900017963900445,39
616,2,1340,490,850,0,0,0,1.0,1,1.0,1,1.0,1,0.3431291822991639,38
617,4,1344,491,853,0,0,0,1.0,1,1.0,1,1.0,1,0.3443602216045414,39
618,4,1348,492,856,0,0,0,1.0,1,1.0,1,1.0,1,0.4007582089805131,40
619,3,1351,493,858,0,0,0,1.0,1,1.0,1,1.0,1,0.40099628987381114,39
620,4,1355,493,862,0,0,0,1.0,1,1.0,1,1.0,1,0.37576453953002736,38
621,10,1365,496,869,0,0,0,1.0,1,1.0,1,1.0,1,0.23013781074663864,38
622,2,1367,497,870,0,0,0,1.0,1,1.0,1,1.0,1,0.15348040107755073,38
623,5,1372,501,871,0,0,0,1.0,1,1.0,1,1.0,1,0.09548924560261367,37
624,5,1377,504,873,0,0,0,1.0,1,1.0,1,1.0,1,0.11856269919325386,33
625,1,1378,505,873,0,0,0,1.0,1,1.0,1,1.0,1,0.15214009481241023,32
626,0,1378,505,873,0,0,0,1.0,1,1.0,1,1.0,1,0.12376309678514151,31
627,0,1378,505,873,0,0,0,1.0,1,1.0,1,1.0,1,0.10888861532550123,30
628,5,1383,509,874,0,0,0,1.0,1,1.0,1,1.0,1,0.19392702718764987,32
629,3,1386,510,876,0,0,0,1.0,1,1.0,1,1.0,1,0.21279961029330624,29
630,2,1388,511,877,0,0,0,1.0,1,1.0,1,1.0,1,0.3059436882507224,29
631,2,1390,513,877,0,0,0,1.0,1,1.0,1,1.0,1,0.3784369794778188,25
632,1,1391,514,877,0,0,0,1.0,1,1.0,1,1.0,1,0.37562311633344847,24
633,0,1391,514,877,0,0,0,1.0,1,1.0,1,1.0,1,0.4201453115929263,23
634,0,1391,514,877,0,0,0,1.0,1,1.0,1,1.0,1,0.4201453115929263,23
635,0,1391,514,877,0,0,0,1.0,1,1.0,1,1.0,1,0.4455862749514016,22
636,1,1392,515,877,0,0,0,1.0,1,1.0,1,1.0,1,0.43254163644969074,22
637,1,1393,516,877,0,0,0,1.0,1,1.0,1,1.0,1,0.4102214298237937,23
638,0,1393,516,877,0,0,0,1.0,1,1.0,1,1.0,1,0.4102214298237937,23
639,0,1393,516,877,0,0,0,1.0,1,1.0,1,1.0,1,0.3955751662012874,24
640,1,1394,517,877,0,0,0,1.0,1,1.0,1,1.0,1,0.424989458030511,24
641,2,1396,517,879,0,0,0,1.0,1,1.0,1,1.0,1,0.3747114257925138,25
642,1,1397,517,880,0,0,0,1.0,1,1.0,1,1.0,1,0.3138842974299743,26
643,0,1397,517,880,0,0,0,1.0,1,1.0,1,1.0,1,0.30147374700087515,28
644,1,1398,518,880,0,0,0,1.0,1,1.0,1,1.0,1,0.28362202981404705,28
645,3,1401,520,881,0,0,0,1.0,1,1.0,1,1.0,1,0.2502408949933613,28
646,1,1402,520,882,0,0,0,1.0,1,1.0,1,1.0,1,0.2308154199943017,29
647,5,1407,522,885,0,0,0,1.0,1,1.0,1,1.0,1,0.28403282493347626,30
648,1,1408,522,886,0,0,0,1.0,1,1.0,1,1.0,1,0.27124551978261785,30
649,2,1410,524,886,0,0,0,1.0,1,1.0,1,1.0,1,0.28854872924763914,31
650,6,1416,525,891,0,0,0,1.0,1,1.0,1,1.0,1,0.27077176935918645,31
651,5,1421,526,895,0,0,0,1.0,1,1.0,1,1.0,1,0.2485570989906703,32
652,5,1426,527,899,0,0,0,1.0,1,1.0,1,1.0,1,0.3028018956193074,32
653,4,1430,527,903,0,0,0,1.0,1,1.0,1,1.0,1,0.3009213075889967,33
654,5,1435,527,908,0,0,0,1.0,1,1.0,1,1.0,1,0.26024378824828137,33
655,6,1441,528,913,0,0,0,1.0,1,1.0,1,1.0,1,0.2742145230845834,36
656,4,1445,528,917,0,0,0,1.0,1,1.0,1,1.0,1,0.27943296507337095,36
657,4,1449,529,920,0,0,0,1.0,1,1.0,1,1.0,1,0.2912944132181121,35
658,5,1454,531,923,0,0,0,1.0,1,1.0,1,1.0,1,0.3663244403641544,33
659,7,1461,533,928,0,0,0,1.0,1,1.0,1,1.0,1,0.368004631829166,35
660,5,1466,534,932,0,0,0,1.0,1,1.0,1,1.0,1,0.3823756099028895,34
661,2,1468,534,934,0,0,0,1.0,1,1.0,1,1.0,1,0.31318898423248587,33
662,2,1470,534,936,0,0,0,1.0,1,1.0,1,1.0,1,0.32678798935537373,31
663,0,1470,534,936,0,0,0,1.0,1,1.0,1,1.0,1,0.3458280017724392,29
664,1,1471,535,936,0,0,0,1.0,1,1.0,1,1.0,1,0.3460851650462374,27
665,2,1473,535,938,0,0,0,1.0,1,1.0,1,1.0,1,0.27476281099491734,27
666,3,1476,537,939,0,0,0,1.0,1,1.0,1,1.0,1,0.2797996633481118,28
667,2,1478,538,940,0,0,0,1.0,1,1.0,1,1.0,1,0.2617009151181033,26
668,1,1479,539,940,0,0,0,1.0,1,1.0,1,1.0,1,0.302237067819111,26
669,4,1483,543,940,0,0,0,1.0,1,1.0,1,1.0,1,0.28921468537166367,25
670,0,1483,543,940,0,0,0,1.0,1,1.0,1,1.0,1,0.2838952151086456,24
671,0,1483,543,940,0,0,0,1.0,1,1.0,1,1.0,1,0.2838952151086456,24
672,2,1485,544,941,0,0,0,1.0,1,1.0,1,1.0,1,0.27966819533564297,25
673,0,1485,544,941,0,0,0,1.0,1,1.0,1,1.0,1,0.27966819533564297,25
674,1,1486,545,941,0,0,0,1.0,1,1.0,1,1.0,1,0.2573611561443671,25
675,0,1486,545,941,0,0,0,1.0,1,1.0,1,1.0,1,0.29748190850788553,26
676,6,1492,548,944,0,0,0,1.0,1,1.0,1,1.0,1,0.204510902767269,27
677,2,1494,548,946,0,0,0,1.0,1,1.0,1,1.0,1,0.22031444419074428,28
678,0,1494,548,946,0,0,0,1.0,1,1.0,1,1.0,1,0.22031444419074428,28
679,3,1497,550,947,0,0,0,1.0,1,1.0,1,1.0,1,0.2334101221753287,30
680,0,1497,550,947,0,0,0,1.0,1,1.0,1,1.0,1,0.23522809431534972,29
681,0,1497,550,947,0,0,0,1.0,1,1.0,1,1.0,1,0.23522809431534972,29
682,0,1497,550,947,0,0,0,1.0,1,1.0,1,1.0,1,0.2263711978872275,30
683,1,1498,550,948,0,0,0,1.0,1,1.0,1,1.0,1,0.19496294224940214,30
684,1,1499,550,949,0,0,0,1.0,1,1.0,1,1.0,1,0.19981985149688394,31
685,0,1499,550,949,0,0,0,1.0,1,1.0,1,1.0,1,0.20486170816629704,30
686,3,1502,553,949,0,0,0,1.0,1,1.0,1,1.0,1,0.23625892471316076,30
687,2,1504,555,949,0,0,0,1.0,1,1.0,1,1.0,1,0.33485669970910265,30
688,2,1506,555,951,0,0,0,1.0,1,1.0,1,1.0,1,0.26405223868050864,31
689,1,1507,556,951,0,0,0,1.0,1,1.0,1,1.0,1,0.33402221200705146,32
690,1,1508,556,952,0,0,0,1.0,1,1.0,1,1.0,1,0.27977515049614016,32
691,0,1508,556,952,0,0,0,1.0,1,1.0,1,1.0,1,0.27977515049614016,32
692,4,1512,559,953,0,0,0,1.0,1,1.0,1,1.0,1,0.26139808436364137,32
693,2,1514,560,954,0,0,0,1.0,1,1.0,1,1.0,1,0.24381629432523308,34
694,4,1518,562,956,0,0,0,1.0,1,1.0,1,1.0,1,0.25258261475998384,36
695,2,1520,563,957,0,0,0,1.0,1,1.0,1,1.0,1,0.2406819169776404,34
696,0,1520,563,957,0,0,0,1.0,1,1.0,1,1.0,1,0.22658375117965643,33
697,0,1520,563,957,0,0,0,1.0,1,1.0,1,1.0,1,0.2271664378314796,33
698,1,1521,564,957,0,0,0,1.0,1,1.0,1,1.0,1,0.258304926096203,34
699,1,1522,565,957,0,0,0,1.0,1,1.0,1,1.0,1,0.30800548606328043,33
700,0,1522,565,957,0,0,0,1.0,1,1.0,1,1.0,1,0.28743547952791254,32
701,3,1525,565,960,0,0,0,1.0,1,1.0,1,1.0,1,0.17250948458792378,33
702,6,1531,569,962,0,0,0,1.0,1,1.0,1,1.0,1,0.2507286245046244,34
703,2,1533,569,964,0,0,0,1.0,1,1.0,1,1.0,1,0.2064975076285489,32
704,0,1533,569,964,0,0,0,1.0,1,1.0,1,1.0,1,0.1767896746056674,31
705,4,1537,573,964,0,0,0,1.0,1,1.0,1,1.0,1,0.27891828816993686,33
706,1,1538,574,964,0,0,0,1.0,1,1.0,1,1.0,1,0.2589497801739922,33
707,1,1539,575,964,0,0,0,1.0,1,1.0,1,1.0,1,0.24491468435925734,31
708,2,1541,577,964,0,0,0,1.0,1,1.0,1,1.0,1,0.33233170895468994,31
709,1,1542,578,964,0,0,0,1.0,1,1.0,1,1.0,1,0.3328932978680019,30
710,0,1542,578,964,0,0,0,1.0,1,1.0,1,1.0,1,0.3328932978680019,30
711,0,1542,578,964,0,0,0,1.0,1,1.0,1,1.0,1,0.333205766848917,30
712,1,1543,578,965,0,0,0,1.0,1,1.0,1,1.0,1,0.32063772306404825,30
713,1,1544,578,966,0,0,0,1.0,1,1.0,1,1.0,1,0.33257630723418685,31
714,3,1547,579,968,0,0,0,1.0,1,1.0,1,1.0,1,0.34739136559062067,31
715,1,1548,579,969,0,0,0,1.0,1,1.0,1,1.0,1,0.34850799470225574,30
716,2,1550,580,970,0,0,0,1.0,1,1.0,1,1.0,1,0.41197498306550445,31
717,2,1552,580,972,0,0,0,1.0,1,1.0,1,1.0,1,0.38071967108128296,32
718,3,1555,581,974,0,0,0,1.0,1,1.0,1,1.0,1,0.3533025884469369,32
719,1,1556,582,974,0,0,0,1.0,1,1.0,1,1.0,1,0.3478784930983486,32
720,0,1556,582,974,0,0,0,1.0,1,1.0,1,1.0,1,0.33030002313030715,34
721,3,1559,583,976,0,0,0,1.0,1,1.0,1,1.0,1,0.30789621491568453,34
722,0,1559,583,976,0,0,0,1.0,1,1.0,1,1.0,1,0.30789621491568453,34
723,0,1559,583,976,0,0,0,1.0,1,1.0,1,1.0,1,0.3195483647470293,35
724,1,1560,584,976,0,0,0,1.0,1,1.0,1,1.0,1,0.3547176453665076,36
725,3,1563,584,979,0,0,0,1.0,1,1.0,1,1.0,1,0.31782281387386274,37
726,0,1563,584,979,0,0,0,1.0,1,1.0,1,1.0,1,0.31782281387386274,37
727,1,1564,584,980,0,0,0,1.0,1,1.0,1,1.0,1,0.29991963251482096,38
728,1,1565,584,981,0,0,0,1.0,1,1.0,1,1.0,1,0.2796333982842513,39
729,0,1565,584,981,0,0,0,1.0,1,1.0,1,1.0,1,0.2796333982842513,39
730,1,1566,584,982,0,0,0,1.0,1,1.0,1,1.0,1,0.27004071878919716,40
731,0,1566,584,982,0,0,0,1.0,1,1.0,1,1.0,1,0.27004071878919716,40
732,0,1566,584,982,0,0,0,1.0,1,1.0,1,1.0,1,0.28960420304111906,41
733,2,1568,585,983,0,0,0,1.0,1,1.0,1,1.0,1,0.25585245247113164,41
734,0,1568,585,983,0,0,0,1.0,1,1.0,1,1.0,1,0.26417387683632615,42
735,0,1568,585,983,0,0,0,1.0,1,1.0,1,1.0,1,0.2615540291689254,42
736,0,1568,585,983,0,0,0,1.0,1,1.0,1,1.0,1,0.27533509597919653,41
737,1,1569,586,983,0,0,0,1.0,1,1.0,1,1.0,1,0.33487012150985157,41
738,2,1571,586,985,0,0,0,1.0,1,1.0,1,1.0,1,0.3102123865704202,39
739,1,1572,587,985,0,0,0,1.0,1,1.0,1,1.0,1,0.3568459255766606,39
740,1,1573,587,986,0,0,0,1.0,1,1.0,1,1.0,1,0.35880692122051117,39
741,1,1574,587,987,0,0,0,1.0,1,1.0,1,1.0,1,0.32131112502485876,38
742,1,1575,587,988,0,0,0,1.0,1,1.0,1,1.0,1,0.3142233712836108,39
743,4,1579,590,989,0,0,0,1.0,1,1.0,1,1.0,1,0.25637330231246813,39
744,2,1581,591,990,0,0,0,1.0,1,1.0,1,1.0,1,0.2526792740872926,39
745,3,1584,593,991,0,0,0,1.0,1,1.0,1,1.0,1,0.2662685709980279,39
746,3,1587,595,992,0,0,0,1.0,1,1.0,1,1.0,1,0.271148643859105,40
747,3,1590,596,994,0,0,0,1.0,1,1.0,1,1.0,1,0.23332574994901698,41
748,4,1594,597,997,0,0,0,1.0,1,1.0,1,1.0,1,0.16436350355349552,41
749,2,1596,599,997,0,0,0,1.0,1,1.0,1,1.0,1,0.16886543905917833,41
750,0,1596,599,997,0,0,0,1.0,1,1.0,1,1.0,1,0.22649632044500698,39
751,1,1597,600,997,0,0,0,1.0,1,1.0,1,1.0,1,0.20099386820754775,41
752,2,1599,602,997,0,0,0,1.0,1,1.0,1,1.0,1,0.22883900663664655,41
753,2,1601,602,999,0,0,0,1.0,1,1.0,1,1.0,1,0.21943652543958037,41
754,3,1604,605,999,0,0,0,1.0,1,1.0,1,1.0,1,0.2623349518950854,41
755,1,1605,605,1000,0,0,0,1.0,1,1.0,1,1.0,1,0.2522261903846511,41
756,0,1605,605,1000,0,0,0,1.0,1,1.0,1,1.0,1,0.2522261903846511,41
757,2,1607,607,1000,0,0,0,1.0,1,1.0,1,1.0,1,0.31104018172771963,39
758,3,1610,607,1003,0,0,0,1.0,1,1.0,1,1.0,1,0.20785050050505377,39
759,2,1612,607,1005,0,0,0,1.0,1,1.0,1,1.0,1,0.17645028892440356,39
760,0,1612,607,1005,0,0,0,1.0,1,1.0,1,1.0,1,0.19839823856751354,40
761,1,1613,607,1006,0,0,0,1.0,1,1.0,1,1.0,1,0.15751780328373743,41
762,1,1614,607,1007,0,0,0,1.0,1,1.0,1,1.0,1,0.164611440433213,42
763,0,1614,607,1007,0,0,0,1.0,1,1.0,1,1.0,1,0.18068367148824377,43
764,0,1614,607,1007,0,0,0,1.0,1,1.0,1,1.0,1,0.18068367148824377,43
765,1,1615,607,1008,0,0,0,1.0,1,1.0,1,1.0,1,0.1502708759339179,45
766,2,1617,608,1009,0,0,0,1.0,1,1.0,1,1.0,1,0.14280241690201168,45
767,0,1617,608,1009,0,0,0,1.0,1,1.0,1,1.0,1,0.1575343290438343,46
768,0,1617,608,1009,0,0,0,1.0,1,1.0,1,1.0,1,0.14986947794357705,45
769,0,1617,608,1009,0,0,0,1.0,1,1.0,1,1.0,1,0.16139581040682596,46
770,0,1617,608,1009,0,0,0,1.0,1,1.0,1,1.0,1,0.15386715267084566,47
771,4,1621,612,1009,0,0,0,1.0,1,1.0,1,1.0,1,0.222202537779251,47
772,2,1623,613,1010,0,0,0,1.0,1,1.0,1,1.0,1,0.24715942804608837,46
773,4,1627,615,1012,0,0,0,1.0,1,1.0,1,1.0,1,0.24540787270139397,45
774,0,1627,615,1012,0,0,0,1.0,1,1.0,1,1.0,1,0.26073472852848845,45
775,2,1629,617,1012,0,0,0,1.0,1,1.0,1,1.0,1,0.26730861199008216,45
776,0,1629,617,1012,0,0,0,1.0,1,1.0,1,1.0,1,0.24401550895730678,43
777,0,1629,617,1012,0,0,0,1.0,1,1.0,1,1.0,1,0.2570025207103376,44
778,3,1632,619,1013,0,0,0,1.0,1,1.0,1,1.0,1,0.29732900532670997,45
779,2,1634,619,1015,0,0,0,1.0,1,1.0,1,1.0,1,0.29732900532670997,45
780,4,1638,621,1017,0,0,0,1.0,1,1.0,1,1.0,1,0.35141422543276646,45
781,2,1640,621,1019,0,0,0,1.0,1,1.0,1,1.0,1,0.2946703730848964,46
782,3,1643,621,1022,0,0,0,1.0,1,1.0,1,1.0,1,0.2596294726811378,47
783,2,1645,622,1023,0,0,0,1.0,1,1.0,1,1.0,1,0.20090266646678512,46
784,1,1646,622,1024,0,0,0,1.0,1,1.0,1,1.0,1,0.1992217339707671,45
785,0,1646,622,1024,0,0,0,1.0,1,1.0,1,1.0,1,0.18020093900503717,43
786,0,1646,622,1024,0,0,0,1.0,1,1.0,1,1.0,1,0.18020093900503717,43
787,4,1650,624,1026,0,0,0,1.0,1,1.0,1,1.0,1,0.14018012185857365,43
788,2,1652,625,1027,0,0,0,1.0,1,1.0,1,1.0,1,0.15778963760894404,44
789,0,1652,625,1027,0,0,0,1.0,1,1.0,1,1.0,1,0.14809044341291533,46
790,3,1655,627,1028,0,0,0,1.0,1,1.0,1,1.0,1,0.17608688155809757,46
791,3,1658,628,1030,0,0,0,1.0,1,1.0,1,1.0,1,0.17760594363664858,46
792,0,1658,628,1030,0,0,0,1.0,1,1.0,1,1.0,1,0.1848357649492074,47
793,2,1660,628,1032,0,0,0,1.0,1,1.0,1,1.0,1,0.20451617040221054,48
794,1,1661,629,1032,0,0,0,1.0,1,1.0,1,1.0,1,0.23179577026592924,48
795,0,1661,629,1032,0,0,0,1.0,1,1.0,1,1.0,1,0.22500742556787084,47
796,2,1663,631,1032,0,0,0,1.0,1,1.0,1,1.0,1,0.26159468440253564,45
797,4,1667,632,1035,0,0,0,1.0,1,1.0,1,1.0,1,0.2424457718546513,47
798,1,1668,632,1036,0,0,0,1.0,1,1.0,1,1.0,1,0.2512691159500997,48
799,3,1671,634,1037,0,0,0,1.0,1,1.0,1,1.0,1,0.27251937584843616,48
800,3,1674,636,1038,0,0,0,1.0,1,1.0,1,1.0,1,0.269343572451737,48
801,2,1676,637,1039,0,0,0,1.0,1,1.0,1,1.0,1,0.2556929690543115,49
802,4,1680,639,1041,0,0,0,1.0,1,1.0,1,1.0,1,0.23037020238169958,50
803,0,1680,639,1041,0,0,0,1.0,1,1.0,1,1.0,1,0.23037020238169958,50
804,0,1680,639,1041,0,0,0,1.0,1,1.0,1,1.0,1,0.23037020238169958,50
805,1,1681,640,1041,0,0,0,1.0,1,1.0,1,1.0,1,0.25596799154803457,50
806,2,1683,640,1043,0,0,0,1.0,1,1.0,1,1.0,1,0.2262132886397828,51
807,1,1684,640,1044,0,0,0,1.0,1,1.0,1,1.0,1,0.22046366226480882,51
808,3,1687,640,1047,0,0,0,1.0,1,1.0,1,1.0,1,0.186523756078539,53
809,0,1687,640,1047,0,0,0,1.0,1,1.0,1,1.0,1,0.1767947728180633,51
810,0,1687,640,1047,0,0,0,1.0,1,1.0,1,1.0,1,0.18953716611607827,52
811,2,1689,641,1048,0,0,0,1.0,1,1.0,1,1.0,1,0.20589595063040686,50
812,0,1689,641,1048,0,0,0,1.0,1,1.0,1,1.0,1,0.21005441643535785,51
813,2,1691,642,1049,0,0,0,1.0,1,1.0,1,1.0,1,0.22201264556785288,51
814,1,1692,643,1049,0,0,0,1.0,1,1.0,1,1.0,1,0.23496201564020613,52
815,2,1694,644,1050,0,0,0,1.0,1,1.0,1,1.0,1,0.25884199624280285,50
816,0,1694,644,1050,0,0,0,1.0,1,1.0,1,1.0,1,0.25884199624280285,50
817,0,1694,644,1050,0,0,0,1.0,1,1.0,1,1.0,1,0.27360962329610117,49
818,2,1696,646,1050,0,0,0,1.0,1,1.0,1,1.0,1,0.2935482492350412,49
819,1,1697,646,1051,0,0,0,1.0,1,1.0,1,1.0,1,0.2949940736554209,50
820,2,1699,647,1052,0,0,0,1.0,1,1.0,1,1.0,1,0.32021506073397343,49
821,4,1703,647,1056,0,0,0,1.0,1,1.0,1,1.0,1,0.26369813163578715,49
822,3,1706,648,1058,0,0,0,1.0,1,1.0,1,1.0,1,0.2454881319235209,49
823,3,1709,650,1059,0,0,0,1.0,1,1.0,1,1.0,1,0.27853005555251475,47
824,1,1710,651,1059,0,0,0,1.0,1,1.0,1,1.0,1,0.27254254426093294,45
825,0,1710,651,1059,0,0,0,1.0,1,1.0,1,1.0,1,0.2772202110701406,43
826,3,1713,654,1059,0,0,0,1.0,1,1.0,1,1.0,1,0.2585781314856736,44
827,3,1716,656,1060,0,0,0,1.0,1,1.0,1,1.0,1,0.22664647870793667,43
828,4,1720,658,1062,0,0,0,1.0,1,1.0,1,1.0,1,0.24834259971943737,43
829,5,1725,661,1064,0,0,0,1.0,1,1.0,1,1.0,1,0.24846346425319715,45
830,3,1728,662,1066,0,0,0,1.0,1,1.0,1,1.0,1,0.2952648194503997,46
831,2,1730,663,1067,0,0,0,1.0,1,1.0,1,1.0,1,0.26914729810468435,48
832,1,1731,663,1068,0,0,0,1.0,1,1.0,1,1.0,1,0.3134078245572521,47
833,3,1734,664,1070,0,0,0,1.0,1,1.0,1,1.0,1,0.32709541378693296,47
834,3,1737,665,1072,0,0,0,1.0,1,1.0,1,1.0,1,0.2843660226875623,46
835,1,1738,665,1073,0,0,0,1.0,1,1.0,1,1.0,1,0.31527654902987434,45
836,2,1740,666,1074,0,0,0,1.0,1,1.0,1,1.0,1,0.29015216775155844,46
837,3,1743,666,1077,0,0,0,1.0,1,1.0,1,1.0,1,0.26032763173981227,46
838,1,1744,666,1078,0,0,0,1.0,1,1.0,1,1.0,1,0.24546185438516185,45
839,1,1745,666,1079,0,0,0,1.0,1,1.0,1,1.0,1,0.23424549943405953,46
840,1,1746,666,1080,0,0,0,1.0,1,1.0,1,1.0,1,0.23350824148282207,46
841,4,1750,666,1084,0,0,0,1.0,1,1.0,1,1.0,1,0.1980510985207389,46
842,1,1751,667,1084,0,0,0,1.0,1,1.0,1,1.0,1,0.2209844118214563,46
843,1,1752,667,1085,0,0,0,1.0,1,1.0,1,1.0,1,0.19766364337159348,46
844,2,1754,669,1085,0,0,0,1.0,1,1.0,1,1.0,1,0.21279334744567913,47
845,3,1757,670,1087,0,0,0,1.0,1,1.0,1,1.0,1,0.2562895963825977,48
846,1,1758,670,1088,0,0,0,1.0,1,1.0,1,1.0,1,0.2398602139547429,47
847,3,1761,670,1091,0,0,0,1.0,1,1.0,1,1.0,1,0.26110028910149036,48
848,3,1764,670,1094,0,0,0,1.0,1,1.0,1,1.0,1,0.22519627420107738,48
849,2,1766,671,1095,0,0,0,1.0,1,1.0,1,1.0,1,0.25640936686364985,48
850,1,1767,671,1096,0,0,0,1.0,1,1.0,1,1.0,1,0.2646988204146106,46
851,1,1768,671,1097,0,0,0,1.0,1,1.0,1,1.0,1,0.26910592559293633,45
852,1,1769,672,1097,0,0,0,1.0,1,1.0,1,1.0,1,0.2857479852747098,44
853,1,1770,672,1098,0,0,0,1.0,1,1.0,1,1.0,1,0.25112544377951346,44
854,2,1772,674,1098,0,0,0,1.0,1,1.0,1,1.0,1,0.2762716213707048,45
855,0,1772,674,1098,0,0,0,1.0,1,1.0,1,1.0,1,0.2690049007477888,46
856,3,1775,675,1100,0,0,0,1.0,1,1.0,1,1.0,1,0.2635579261550842,46
857,3,1778,676,1102,0,0,0,1.0,1,1.0,1,1.0,1,0.24966281109143118,47
858,3,1781,677,1104,0,0,0,1.0,1,1.0,1,1.0,1,0.27066776471385556,48
859,2,1783,677,1106,0,0,0,1.0,1,1.0,1,1.0,1,0.2648466458226211,48
860,4,1787,677,1110,0,0,0,1.0,1,1.0,1,1.0,1,0.2406128759769729,49
861,4,1791,678,1113,0,0,0,1.0,1,1.0,1,1.0,1,0.21811682331862728,49
862,0,1791,678,1113,0,0,0,1.0,1,1.0,1,1.0,1,0.21811682331862728,49
863,2,1793,680,1113,0,0,0,1.0,1,1.0,1,1.0,1,0.2757915555569052,48
864,3,1796,680,1116,0,0,0,1.0,1,1.0,1,1.0,1,0.2315631037666562,49
865,0,1796,680,1116,0,0,0,1.0,1,1.0,1,1.0,1,0.22588625501488693,48
866,3,1799,681,1118,0,0,0,1.0,1,1.0,1,1.0,1,0.18260517825056172,50
867,1,1800,682,1118,0,0,0,1.0,1,1.0,1,1.0,1,0.18233042276929579,50
868,2,1802,684,1118,0,0,0,1.0,1,1.0,1,1.0,1,0.2356146330388093,51
869,0,1802,684,1118,0,0,0,1.0,1,1.0,1,1.0,1,0.21516958193102462,49
870,0,1802,684,1118,0,0,0,1.0,1,1.0,1,1.0,1,0.21516958193102462,49
871,0,1802,684,1118,0,0,0,1.0,1,1.0,1,1.0,1,0.20033437900294296,49
872,2,1804,685,1119,0,0,0,1.0,1,1.0,1,1.0,1,0.17731464394325994,48
873,1,1805,686,1119,0,0,0,1.0,1,1.0,1,1.0,1,0.21506606796347713,49
874,2,1807,686,1121,0,0,0,1.0,1,1.0,1,1.0,1,0.17820635832788714,49
875,3,1810,688,1122,0,0,0,1.0,1,1.0,1,1.0,1,0.24364144765955223,50
876,1,1811,688,1123,0,0,0,1.0,1,1.0,1,1.0,1,0.2161168652606539,50
877,3,1814,690,1124,0,0,0,1.0,1,1.0,1,1.0,1,0.21267254246204956,50
878,0,1814,690,1124,0,0,0,1.0,1,1.0,1,1.0,1,0.22829178797140398,49
879,2,1816,692,1124,0,0,0,1.0,1,1.0,1,1.0,1,0.26455825739716693,49
880,1,1817,693,1124,0,0,0,1.0,1,1.0,1,1.0,1,0.30779669640264556,48
881,12,1829,696,1133,0,0,0,1.0,1,1.0,1,1.0,1,0.17229685810025644,49
882,3,1832,696,1136,0,0,0,1.0,1,1.0,1,1.0,1,0.14488987282582766,48
883,6,1838,697,1141,0,0,0,1.0,1,1.0,1,1.0,1,0.13008901485810065,50
884,2,1840,697,1143,0,0,0,1.0,1,1.0,1,1.0,1,0.16494565190073074,50
885,5,1845,698,1147,0,0,0,1.0,1,1.0,1,1.0,1,0.1530440695498685,49
886,5,1850,699,1151,0,0,0,1.0,1,1.0,1,1.0,1,0.19492478930135818,49
887,4,1854,699,1155,0,0,0,1.0,1,1.0,1,1.0,1,0.19409033347346055,49
888,4,1858,699,1159,0,0,0,1.0,1,1.0,1,1.0,1,0.1867658672174045,47
889,2,1860,699,1161,0,0,0,1.0,1,1.0,1,1.0,1,0.16773368862700416,46
890,4,1864,699,1165,0,0,0,1.0,1,1.0,1,1.0,1,0.15782141274870948,44
891,5,1869,700,1169,0,0,0,1.0,1,1.0,1,1.0,1,0.19815987227511525,45
892,6,1875,701,1174,0,0,0,1.0,1,1.0,1,1.0,1,0.22998544871298784,45
893,3,1878,702,1176,0,0,0,1.0,1,1.0,1,1.0,1,0.29072647521729233,45
894,2,1880,702,1178,0,0,0,1.0,1,1.0,1,1.0,1,0.26129693224852585,44
895,6,1886,704,1182,0,0,0,1.0,1,1.0,1,1.0,1,0.27942896357681324,45
896,10,1896,706,1190,0,0,0,1.0,1,1.0,1,1.0,1,0.21333788577503976,44
897,6,1902,706,1196,0,0,0,1.0,1,1.0,1,1.0,1,0.21333788577503976,44
898,2,1904,706,1198,0,0,0,1.0,1,1.0,1,1.0,1,0.1962246267246281,45
899,5,1909,706,1203,0,0,0,1.0,1,1.0,1,1.0,1,0.22396949011509698,44
900,5,1914,706,1208,0,0,0,1.0,1,1.0,1,1.0,1,0.2321073453149314,46
901,3,1917,706,1211,0,0,0,1.0,1,1.0,1,1.0,1,0.20139526182512374,45
902,2,1919,708,1211,0,0,0,1.0,1,1.0,1,1.0,1,0.21479663839468507,45
903,0,1919,708,1211,0,0,0,1.0,1,1.0,1,1.0,1,0.2566603915436767,44
904,0,1919,708,1211,0,0,0,1.0,1,1.0,1,1.0,1,0.2397152931904549,45
905,4,1923,709,1214,0,0,0,1.0,1,1.0,1,1.0,1,0.235928976695891,45
906,2,1925,711,1214,0,0,0,1.0,1,1.0,1,1.0,1,0.23607115248346733,45
907,4,1929,714,1215,0,0,0,1.0,1,1.0,1,1.0,1,0.23547423249983165,46
908,3,1932,716,1216,0,0,0,1.0,1,1.0,1,1.0,1,0.16523263016464965,46
909,2,1934,718,1216,0,0,0,1.0,1,1.0,1,1.0,1,0.17710391131172956,46
910,0,1934,718,1216,0,0,0,1.0,1,1.0,1,1.0,1,0.1998241724273506,44
911,3,1937,718,1219,0,0,0,1.0,1,1.0,1,1.0,1,0.17137258226565086,45
912,1,1938,718,1220,0,0,0,1.0,1,1.0,1,1.0,1,0.20586570697669007,44
913,2,1940,720,1220,0,0,0,1.0,1,1.0,1,1.0,1,0.15975033962280158,45
914,2,1942,722,1220,0,0,0,1.0,1,1.0,1,1.0,1,0.2176201524219814,45
915,0,1942,722,1220,0,0,0,1.0,1,1.0,1,1.0,1,0.2176201524219814,45
916,0,1942,722,1220,0,0,0,1.0,1,1.0,1,1.0,1,0.2176201524219814,45
917,1,1943,722,1221,0,0,0,1.0,1,1.0,1,1.0,1,0.22330766169904193,46
918,2,1945,724,1221,0,0,0,1.0,1,1.0,1,1.0,1,0.20894782175522889,47
919,1,1946,725,1221,0,0,0,1.0,1,1.0,1,1.0,1,0.2295351016673405,47
920,0,1946,725,1221,0,0,0,1.0,1,1.0,1,1.0,1,0.2295351016673405,47
921,6,1952,728,1224,0,0,0,1.0,1,1.0,1,1.0,1,0.1793442550290874,49
922,2,1954,729,1225,0,0,0,1.0,1,1.0,1,1.0,1,0.1506280769823792,49
923,2,1956,730,1226,0,0,0,1.0,1,1.0,1,1.0,1,0.1663432377646167,47
924,0,1956,730,1226,0,0,0,1.0,1,1.0,1,1.0,1,0.1663432377646167,47
925,1,1957,730,1227,0,0,0,1.0,1,1.0,1,1.0,1,0.1683130680165602,47
926,2,1959,732,1227,0,0,0,1.0,1,1.0,1,1.0,1,0.19837205919662335,46
927,1,1960,732,1228,0,0,0,1.0,1,1.0,1,1.0,1,0.19379654260917292,45
928,0,1960,732,1228,0,0,0,1.0,1,1.0,1,1.0,1,0.21149686675727433,43
929,0,1960,732,1228,0,0,0,1.0,1,1.0,1,1.0,1,0.23256813466743534,42
930,0,1960,732,1228,0,0,0,1.0,1,1.0,1,1.0,1,0.26986425316654283,41
931,1,1961,733,1228,0,0,0,1.0,1,1.0,1,1.0,1,0.27256251528396513,40
932,1,1962,734,1228,0,0,0,1.0,1,1.0,1,1.0,1,0.2361248500243986,40
933,3,1965,737,1228,0,0,0,1.0,1,1.0,1,1.0,1,0.2788368226269563,39
934,1,1966,738,1228,0,0,0,1.0,1,1.0,1,1.0,1,0.2885487360212193,39
935,4,1970,741,1229,0,0,0,1.0,1,1.0,1,1.0,1,0.29460481820001794,41
936,1,1971,741,1230,0,0,0,1.0,1,1.0,1,1.0,1,0.2439584514615376,42
937,1,1972,742,1230,0,0,0,1.0,1,1.0,1,1.0,1,0.28425419366093374,43
938,1,1973,743,1230,0,0,0,1.0,1,1.0,1,1.0,1,0.2831118071663304,44
939,1,1974,743,1231,0,0,0,1.0,1,1.0,1,1.0,1,0.28617890554033104,46
940,0,1974,743,1231,0,0,0,1.0,1,1.0,1,1.0,1,0.29506105188608234,46
941,4,1978,744,1234,0,0,0,1.0,1,1.0,1,1.0,1,0.2606279123368369,46
942,2,1980,746,1234,0,0,0,1.0,1,1.0,1,1.0,1,0.29950153372156757,46
943,0,1980,746,1234,0,0,0,1.0,1,1.0,1,1.0,1,0.29781784012458223,45
944,1,1981,747,1234,0,0,0,1.0,1,1.0,1,1.0,1,0.2951534502092132,45
945,3,1984,747,1237,0,0,0,1.0,1,1.0,1,1.0,1,0.2308251967972042,44
946,1,1985,748,1237,0,0,0,1.0,1,1.0,1,1.0,1,0.2272877028431017,46
947,0,1985,748,1237,0,0,0,1.0,1,1.0,1,1.0,1,0.23028081299370343,44
948,1,1986,749,1237,0,0,0,1.0,1,1.0,1,1.0,1,0.244665865719109,44
949,2,1988,751,1237,0,0,0,1.0,1,1.0,1,1.0,1,0.31832749796329973,44
950,1,1989,751,1238,0,0,0,1.0,1,1.0,1,1.0,1,0.3230947663567055,43
951,0,1989,751,1238,0,0,0,1.0,1,1.0,1,1.0,1,0.3403877600338247,42
952,2,1991,753,1238,0,0,0,1.0,1,1.0,1,1.0,1,0.34161336333581316,42
953,0,1991,753,1238,0,0,0,1.0,1,1.0,1,1.0,1,0.3385247974811191,41
954,2,1993,754,1239,0,0,0,1.0,1,1.0,1,1.0,1,0.3269071168788384,40
955,3,1996,754,1242,0,0,0,1.0,1,1.0,1,1.0,1,0.2872915650921963,42
956,1,1997,755,1242,0,0,0,1.0,1,1.0,1,1.0,1,0.2966072797990323,43
957,0,1997,755,1242,0,0,0,1.0,1,1.0,1,1.0,1,0.2981118550434423,42
958,0,1997,755,1242,0,0,0,1.0,1,1.0,1,1.0,1,0.3356740569137128,43
959,2,1999,756,1243,0,0,0,1.0,1,1.0,1,1.0,1,0.35761207879660023,45
960,1,2000,757,1243,0,0,0,1.0,1,1.0,1,1.0,1,0.38340986455502496,47
961,3,2003,757,1246,0,0,0,1.0,1,1.0,1,1.0,1,0.31100556113509437,45
962,2,2005,759,1246,0,0,0,1.0,1,1.0,1,1.0,1,0.3465527219159127,45
963,1,2006,760,1246,0,0,0,1.0,1,1.0,1,1.0,1,0.37884278127901094,44
964,0,2006,760,1246,0,0,0,1.0,1,1.0,1,1.0,1,0.3664121819130223,44
965,4,2010,760,1250,0,0,0,1.0,1,1.0,1,1.0,1,0.29611799947227774,45
966,2,2012,760,1252,0,0,0,1.0,1,1.0,1,1.0,1,0.29047710681206745,43
967,0,2012,760,1252,0,0,0,1.0,1,1.0,1,1.0,1,0.29047710681206745,43
968,1,2013,760,1253,0,0,0,1.0,1,1.0,1,1.0,1,0.2945097727175178,43
969,0,2013,760,1253,0,0,0,1.0,1,1.0,1,1.0,1,0.31326674261957727,42
970,2,2015,761,1254,0,0,0,1.0,1,1.0,1,1.0,1,0.34220367759029,42
971,0,2015,761,1254,0,0,0,1.0,1,1.0,1,1.0,1,0.34220367759029,42
972,2,2017,762,1255,0,0,0,1.0,1,1.0,1,1.0,1,0.3314527753555649,42
973,3,2020,762,1258,0,0,0,1.0,1,1.0,1,1.0,1,0.31227105223682455,43
974,3,2023,764,1259,0,0,0,1.0,1,1.0,1,1.0,1,0.32293271640628957,43
975,2,2025,764,1261,0,0,0,1.0,1,1.0,1,1.0,1,0.2866561939710853,43
976,2,2027,764,1263,0,0,0,1.0,1,1.0,1,1.0,1,0.300595232814901,45
977,1,2028,764,1264,0,0,0,1.0,1,1.0,1,1.0,1,0.3331831736168216,44
978,0,2028,764,1264,0,0,0,1.0,1,1.0,1,1.0,1,0.3331831736168216,44
979,0,2028,764,1264,0,0,0,1.0,1,1.0,1,1.0,1,0.3313830169067539,45
980,2,2030,765,1265,0,0,0,1.0,1,1.0,1,1.0,1,0.34619422108185965,45
981,5,2035,766,1269,0,0,0,1.0,1,1.0,1,1.0,1,0.28146857647266854,45
982,2,2037,767,1270,0,0,0,1.0,1,1.0,1,1.0,1,0.2978403482995944,46
983,3,2040,769,1271,0,0,0,1.0,1,1.0,1,1.0,1,0.30215198194180193,45
984,1,2041,770,1271,0,0,0,1.0,1,1.0,1,1.0,1,0.2887443459357299,45
985,7,2048,774,1274,0,0,0,1.0,1,1.0,1,1.0,1,0.3079756423406502,45
986,3,2051,777,1274,0,0,0,1.0,1,1.0,1,1.0,1,0.36024094259538514,44
987,3,2054,777,1277,0,0,0,1.0,1,1.0,1,1.0,1,0.334648113355232,45
988,3,2057,779,1278,0,0,0,1.0,1,1.0,1,1.0,1,0.3667912717545572,44
989,0,2057,779,1278,0,0,0,1.0,1,1.0,1,1.0,1,0.3489994769020703,43
990,1,2058,780,1278,0,0,0,1.0,1,1.0,1,1.0,1,0.36448776577188335,42
991,0,2058,780,1278,0,0,0,1.0,1,1.0,1,1.0,1,0.34458935548550673,42
992,0,2058,780,1278,0,0,0,1.0,1,1.0,1,1.0,1,0.3368389062838327,43
993,0,2058,780,1278,0,0,0,1.0,1,1.0,1,1.0,1,0.3368389062838327,43
994,1,2059,781,1278,0,0,0,1.0,1,1.0,1,1.0,1,0.3712847039013063,43
995,0,2059,781,1278,0,0,0,1.0,1,1.0,1,1.0,1,0.3643500610940268,43
996,1,2060,781,1279,0,0,0,1.0,1,1.0,1,1.0,1,0.35865639282142964,44
997,0,2060,781,1279,0,0,0,1.0,1,1.0,1,1.0,1,0.35865639282142964,44
998,0,2060,781,1279,0,0,0,1.0,1,1.0,1,1.0,1,0.3712944430653497,45
999,1,2061,781,1280,0,0,0,1.0,1,1.0,1,1.0,1,0.3566725217623125,42
1000,0,2061,781,1280,0,0,0,1.0,1,1.0,1,1.0,1,0.3642174107221806,43
1001,2,2063,781,1282,0,0,0,1.0,1,1.0,1,1.0,1,0.3598742203970272,42
1002,0,2063,781,1282,0,0,0,1.0,1,1.0,1,1.0,1,0.3520351259126428,43
1003,0,2063,781,1282,0,0,0,1.0,1,1.0,1,1.0,1,0.3520351259126428,43
1004,0,2063,781,1282,0,0,0,1.0,1,1.0,1,1.0,1,0.3520351259126428,43
1005,0,2063,781,1282,0,0,0,1.0,1,1.0,1,1.0,1,0.36437083470510606,44
1006,6,2069,781,1288,0,0,0,1.0,1,1.0,1,1.0,1,0.27639607984361236,46
1007,1,2070,781,1289,0,0,0,1.0,1,1.0,1,1.0,1,0.26606160535268464,46
1008,1,2071,781,1290,0,0,0,1.0,1,1.0,1,1.0,1,0.2607981953767185,47
1009,2,2073,781,1292,0,0,0,1.0,1,1.0,1,1.0,1,0.22196338708205302,48
1010,0,2073,781,1292,0,0,0,1.0,1,1.0,1,1.0,1,0.22196338708205302,48
1011,2,2075,781,1294,0,0,0,1.0,1,1.0,1,1.0,1,0.19311549683743054,48
1012,4,2079,783,1296,0,0,0,1.0,1,1.0,1,1.0,1,0.22253485451361618,49
1013,2,2081,783,1298,0,0,0,1.0,1,1.0,1,1.0,1,0.21102722088367207,50
1014,5,2086,784,1302,0,0,0,1.0,1,1.0,1,1.0,1,0.2245914287415388,50
1015,3,2089,784,1305,0,0,0,1.0,1,1.0,1,1.0,1,0.2508708775453457,51
1016,7,2096,785,1311,0,0,0,1.0,1,1.0,1,1.0,1,0.20758373508255124,51
1017,5,2101,785,1316,0,0,0,1.0,1,1.0,1,1.0,1,0.18850585357002922,52
1018,4,2105,786,1319,0,0,0,1.0,1,1.0,1,1.0,1,0.15914649790975585,52
1019,0,2105,786,1319,0,0,0,1.0,1,1.0,1,1.0,1,0.18740238944095694,52
1020,1,2106,786,1320,0,0,0,1.0,1,1.0,1,1.0,1,0.17521518379036102,53
1021,1,2107,786,1321,0,0,0,1.0,1,1.0,1,1.0,1,0.1619145099613191,53
1022,1,2108,786,1322,0,0,0,1.0,1,1.0,1,1.0,1,0.1460469815359098,54
1023,2,2110,787,1323,0,0,0,1.0,1,1.0,1,1.0,1,0.16818854013119525,55
1024,2,2112,788,1324,0,0,0,1.0,1,1.0,1,1.0,1,0.18556781625700822,55
1025,1,2113,788,1325,0,0,0,1.0,1,1.0,1,1.0,1,0.188576402510905,56
1026,3,2116,788,1328,0,0,0,1.0,1,1.0,1,1.0,1,0.19887684400893593,57
1027,2,2118,788,1330,0,0,0,1.0,1,1.0,1,1.0,1,0.1824023408717954,58
1028,1,2119,789,1330,0,0,0,1.0,1,1.0,1,1.0,1,0.1931847072268921,58
1029,5,2124,791,1333,0,0,0,1.0,1,1.0,1,1.0,1,0.19855073804212395,59
1030,1,2125,791,1334,0,0,0,1.0,1,1.0,1,1.0,1,0.2098751952838297,60
1031,3,2128,792,1336,0,0,0,1.0,1,1.0,1,1.0,1,0.20487398963499576,60
1032,3,2131,792,1339,0,0,0,1.0,1,1.0,1,1.0,1,0.20412824881552968,61
1033,4,2135,792,1343,0,0,0,1.0,1,1.0,1,1.0,1,0.1525564628076158,60
1034,3,2138,795,1343,0,0,0,1.0,1,1.0,1,1.0,1,0.17308507483230057,60
1035,1,2139,796,1343,0,0,0,1.0,1,1.0,1,1.0,1,0.17909635771345453,59
1036,4,2143,799,1344,0,0,0,1.0,1,1.0,1,1.0,1,0.19715250393451741,60
1037,3,2146,802,1344,0,0,0,1.0,1,1.0,1,1.0,1,0.21290015487445016,59
1038,2,2148,803,1345,0,0,0,1.0,1,1.0,1,1.0,1,0.22526023707787413,60
1039,7,2155,805,1350,0,0,0,1.0,1,1.0,1,1.0,1,0.228548223590304,60
1040,7,2162,806,1356,0,0,0,1.0,1,1.0,1,1.0,1,0.2521627609625185,58
1041,4,2166,807,1359,0,0,0,1.0,1,1.0,1,1.0,1,0.19239725418963766,56
1042,0,2166,807,1359,0,0,0,1.0,1,1.0,1,1.0,1,0.18869915775507123,55
1043,1,2167,807,1360,0,0,0,1.0,1,1.0,1,1.0,1,0.17081100102718247,55
1044,1,2168,808,1360,0,0,0,1.0,1,1.0,1,1.0,1,0.1620712558080945,52
1045,0,2168,808,1360,0,0,0,1.0,1,1.0,1,1.0,1,0.1694242863002118,52
1046,3,2171,809,1362,0,0,0,1.0,1,1.0,1,1.0,1,0.16225722776402662,53
1047,0,2171,809,1362,0,0,0,1.0,1,1.0,1,1.0,1,0.1697085235398953,54
1048,3,2174,811,1363,0,0,0,1.0,1,1.0,1,1.0,1,0.20091685986468008,56
1049,6,2180,813,1367,0,0,0,1.0,1,1.0,1,1.0,1,0.164856841589786,55
1050,1,2181,813,1368,0,0,0,1.0,1,1.0,1,1.0,1,0.1819818496213106,56
1051,1,2182,813,1369,0,0,0,1.0,1,1.0,1,1.0,1,0.14930677219045765,55
1052,0,2182,813,1369,0,0,0,1.0,1,1.0,1,1.0,1,0.16455848643758997,56
1053,1,2183,814,1369,0,0,0,1.0,1,1.0,1,1.0,1,0.1749420650437894,56
1054,2,2185,814,1371,0,0,0,1.0,1,1.0,1,1.0,1,0.1542110331214235,57
1055,2,2187,814,1373,0,0,0,1.0,1,1.0,1,1.0,1,0.16749790400539646,58
1056,2,2189,814,1375,0,0,0,1.0,1,1.0,1,1.0,1,0.18333667589645203,59
1057,4,2193,815,1378,0,0,0,1.0,1,1.0,1,1.0,1,0.18909745065260036,60
1058,4,2197,816,1381,0,0,0,1.0,1,1.0,1,1.0,1,0.16362040916234505,60
1059,2,2199,816,1383,0,0,0,1.0,1,1.0,1,1.0,1,0.16286519525638998,60
1060,3,2202,817,1385,0,0,0,1.0,1,1.0,1,1.0,1,0.17365300091078187,60
1061,3,2205,818,1387,0,0,0,1.0,1,1.0,1,1.0,1,0.13195375093384215,59
1062,1,2206,818,1388,0,0,0,1.0,1,1.0,1,1.0,1,0.14527307012751764,59
1063,1,2207,819,1388,0,0,0,1.0,1,1.0,1,1.0,1,0.1361059194751197,58
1064,5,2212,822,1390,0,0,0,1.0,1,1.0,1,1.0,1,0.1948213049592227,58
1065,1,2213,823,1390,0,0,0,1.0,1,1.0,1,1.0,1,0.1849211458898985,60
1066,2,2215,825,1390,0,0,0,1.0,1,1.0,1,1.0,1,0.19331940910812187,58
1067,2,2217,826,1391,0,0,0,1.0,1,1.0,1,1.0,1,0.22464096356440716,59
1068,3,2220,828,1392,0,0,0,1.0,1,1.0,1,1.0,1,0.23046448611358888,59
1069,2,2222,829,1393,0,0,0,1.0,1,1.0,1,1.0,1,0.2507282432844702,58
1070,3,2225,831,1394,0,0,0,1.0,1,1.0,1,1.0,1,0.23078208068440698,58
1071,0,2225,831,1394,0,0,0,1.0,1,1.0,1,1.0,1,0.2418425645101426,57
1072,0,2225,831,1394,0,0,0,1.0,1,1.0,1,1.0,1,0.2362564428796438,56
1073,0,2225,831,1394,0,0,0,1.0,1,1.0,1,1.0,1,0.26404412124338766,54
1074,1,2226,832,1394,0,0,0,1.0,1,1.0,1,1.0,1,0.26618765629925917,54
1075,2,2228,834,1394,0,0,0,1.0,1,1.0,1,1.0,1,0.2728656218708466,51
1076,0,2228,834,1394,0,0,0,1.0,1,1.0,1,1.0,1,0.28519730601082366,51
1077,0,2228,834,1394,0,0,0,1.0,1,1.0,1,1.0,1,0.2794912882493503,51
1078,4,2232,836,1396,0,0,0,1.0,1,1.0,1,1.0,1,0.2862247208308736,52
1079,3,2235,839,1396,0,0,0,1.0,1,1.0,1,1.0,1,0.2973479317258926,51
1080,2,2237,841,1396,0,0,0,1.0,1,1.0,1,1.0,1,0.2979701708444319,51
1081,6,2243,842,1401,0,0,0,1.0,1,1.0,1,1.0,1,0.25888302697653465,48
1082,2,2245,843,1402,0,0,0,1.0,1,1.0,1,1.0,1,0.2989255217942958,47
1083,3,2248,844,1404,0,0,0,1.0,1,1.0,1,1.0,1,0.31130363694340235,46
1084,0,2248,844,1404,0,0,0,1.0,1,1.0,1,1.0,1,0.3011413724578872,45
1085,1,2249,845,1404,0,0,0,1.0,1,1.0,1,1.0,1,0.3215304861478716,46
1086,0,2249,845,1404,0,0,0,1.0,1,1.0,1,1.0,1,0.31203544936224226,45
1087,0,2249,845,1404,0,0,0,1.0,1,1.0,1,1.0,1,0.33685622403660254,44
1088,2,2251,847,1404,0,0,0,1.0,1,1.0,1,1.0,1,0.3001157021091486,45
1089,3,2254,849,1405,0,0,0,1.0,1,1.0,1,1.0,1,0.288648991486793,46
1090,2,2256,849,1407,0,0,0,1.0,1,1.0,1,1.0,1,0.27145635145029373,47
1091,1,2257,850,1407,0,0,0,1.0,1,1.0,1,1.0,1,0.2808467403299562,47
1092,0,2257,850,1407,0,0,0,1.0,1,1.0,1,1.0,1,0.2694562041153732,48
1093,1,2258,851,1407,0,0,0,1.0,1,1.0,1,1.0,1,0.2931643033804839,48
1094,2,2260,853,1407,0,0,0,1.0,1,1.0,1,1.0,1,0.31759516092033807,48
1095,5,2265,853,1412,0,0,0,1.0,1,1.0,1,1.0,1,0.24404975668146114,49
1096,1,2266,854,1412,0,0,0,1.0,1,1.0,1,1.0,1,0.25962175724712544,49
1097,3,2269,855,1414,0,0,0,1.0,1,1.0,1,1.0,1,0.271979038531675,50
1098,2,2271,855,1416,0,0,0,1.0,1,1.0,1,1.0,1,0.28521489941647205,51
1099,7,2278,855,1423,0,0,0,1.0,1,1.0,1,1.0,1,0.2067777267943716,54
1100,4,2282,856,1426,0,0,0,1.0,1,1.0,1,1.0,1,0.20768543048550525,54
1101,3,2285,857,1428,0,0,0,1.0,1,1.0,1,1.0,1,0.1819194456356454,54
1102,0,2285,857,1428,0,0,0,1.0,1,1.0,1,1.0,1,0.19927659227543382,54
1103,1,2286,858,1428,0,0,0,1.0,1,1.0,1,1.0,1,0.2235572624642384,53
1104,1,2287,859,1428,0,0,0,1.0,1,1.0,1,1.0,1,0.1977676185408013,53
1105,4,2291,861,1430,0,0,0,1.0,1,1.0,1,1.0,1,0.19881870296941548,52
1106,0,2291,861,1430,0,0,0,1.0,1,1.0,1,1.0,1,0.21133209696449928,52
1107,3,2294,863,1431,0,0,0,1.0,1,1.0,1,1.0,1,0.25691850939030625,52
1108,3,2297,866,1431,0,0,0,1.0,1,1.0,1,1.0,1,0.2966281590413468,51
1109,3,2300,869,1431,0,0,0,1.0,1,1.0,1,1.0,1,0.31238216239401273,49
1110,0,2300,869,1431,0,0,0,1.0,1,1.0,1,1.0,1,0.31510713963957987,48
1111,8,2308,873,1435,0,0,0,1.0,1,1.0,1,1.0,1,0.32481771280099264,47
1112,1,2309,874,1435,0,0,0,1.0,1,1.0,1,1.0,1,0.35339900094035787,46
1113,1,2310,875,1435,0,0,0,1.0,1,1.0,1,1.0,1,0.3513717790893957,43
1114,1,2311,875,1436,0,0,0,1.0,1,1.0,1,1.0,1,0.3448313521838217,41
1115,2,2313,877,1436,0,0,0,1.0,1,1.0,1,1.0,1,0.3275498644646294,40
1116,0,2313,877,1436,0,0,0,1.0,1,1.0,1,1.0,1,0.31195768458091583,39
1117,3,2316,880,1436,0,0,0,1.0,1,1.0,1,1.0,1,0.3515645263957453,40
1118,1,2317,881,1436,0,0,0,1.0,1,1.0,1,1.0,1,0.3152212961750448,40
1119,0,2317,881,1436,0,0,0,1.0,1,1.0,1,1.0,1,0.3152212961750448,40
1120,0,2317,881,1436,0,0,0,1.0,1,1.0,1,1.0,1,0.3152212961750448,40
1121,8,2325,883,1442,0,0,0,1.0,1,1.0,1,1.0,1,0.2237914887585898,40
1122,2,2327,883,1444,0,0,0,1.0,1,1.0,1,1.0,1,0.23290272514351368,41
1123,2,2329,884,1445,0,0,0,1.0,1,1.0,1,1.0,1,0.2336617811546103,41
1124,3,2332,885,1447,0,0,0,1.0,1,1.0,1,1.0,1,0.23310537251264363,41
1125,3,2335,886,1449,0,0,0,1.0,1,1.0,1,1.0,1,0.29782052908835116,41
1126,1,2336,886,1450,0,0,0,1.0,1,1.0,1,1.0,1,0.28370179201610823,41
1127,3,2339,886,1453,0,0,0,1.0,1,1.0,1,1.0,1,0.25189321555887,41
1128,2,2341,886,1455,0,0,0,1.0,1,1.0,1,1.0,1,0.23915145469463253,42
1129,4,2345,887,1458,0,0,0,1.0,1,1.0,1,1.0,1,0.2537953744199445,42
1130,3,2348,887,1461,0,0,0,1.0,1,1.0,1,1.0,1,0.21527341576669276,42
1131,2,2350,887,1463,0,0,0,1.0,1,1.0,1,1.0,1,0.21527341576669276,42
1132,2,2352,887,1465,0,0,0,1.0,1,1.0,1,1.0,1,0.18101150958390036,43
1133,4,2356,887,1469,0,0,0,1.0,1,1.0,1,1.0,1,0.1771974671125062,45
1134,2,2358,887,1471,0,0,0,1.0,1,1.0,1,1.0,1,0.1872901384676033,46
1135,2,2360,887,1473,0,0,0,1.0,1,1.0,1,1.0,1,0.18153416335534675,45
1136,3,2363,887,1476,0,0,0,1.0,1,1.0,1,1.0,1,0.21043359524169303,48
1137,5,2368,887,1481,0,0,0,1.0,1,1.0,1,1.0,1,0.20177805301038876,49
1138,6,2374,887,1487,0,0,0,1.0,1,1.0,1,1.0,1,0.20620481745697955,49
1139,3,2377,887,1490,0,0,0,1.0,1,1.0,1,1.0,1,0.21560821480183043,49
1140,5,2382,888,1494,0,0,0,1.0,1,1.0,1,1.0,1,0.23480894908413363,49
1141,7,2389,889,1500,0,0,0,1.0,1,1.0,1,1.0,1,0.20818973867835458,48
1142,4,2393,892,1501,0,0,0,1.0,1,1.0,1,1.0,1,0.14898856191086085,48
1143,2,2395,894,1501,0,0,0,1.0,1,1.0,1,1.0,1,0.19727643018080662,48
1144,5,2400,898,1502,0,0,0,1.0,1,1.0,1,1.0,1,0.17777039731538663,48
1145,1,2401,899,1502,0,0,0,1.0,1,1.0,1,1.0,1,0.21621671281227306,48
1146,4,2405,902,1503,0,0,0,1.0,1,1.0,1,1.0,1,0.26305909900623115,48
1147,2,2407,903,1504,0,0,0,1.0,1,1.0,1,1.0,1,0.29224574474775844,46
1148,1,2408,904,1504,0,0,0,1.0,1,1.0,1,1.0,1,0.2995106957144193,46
1149,2,2410,904,1506,0,0,0,1.0,1,1.0,1,1.0,1,0.34155383957020824,45
1150,3,2413,906,1507,0,0,0,1.0,1,1.0,1,1.0,1,0.3322754284908473,46
1151,3,2416,908,1508,0,0,0,1.0,1,1.0,1,1.0,1,0.3763695250459365,44
1152,2,2418,908,1510,0,0,0,1.0,1,1.0,1,1.0,1,0.35033089659897626,44
1153,6,2424,911,1513,0,0,0,1.0,1,1.0,1,1.0,1,0.3784094802217722,43
1154,6,2430,912,1518,0,0,0,1.0,1,1.0,1,1.0,1,0.30181045415134616,43
1155,2,2432,914,1518,0,0,0,1.0,1,1.0,1,1.0,1,0.313355830573888,43
1156,2,2434,914,1520,0,0,0,1.0,1,1.0,1,1.0,1,0.30185101435602046,42
1157,1,2435,914,1521,0,0,0,1.0,1,1.0,1,1.0,1,0.3041997920686911,42
1158,0,2435,914,1521,0,0,0,1.0,1,1.0,1,1.0,1,0.2964133032499917,41
1159,0,2435,914,1521,0,0,0,1.0,1,1.0,1,1.0,1,0.2973755274622367,41
1160,0,2435,914,1521,0,0,0,1.0,1,1.0,1,1.0,1,0.2973755274622367,41
1161,4,2439,914,1525,0,0,0,1.0,1,1.0,1,1.0,1,0.23996431002110666,42
1162,1,2440,914,1526,0,0,0,1.0,1,1.0,1,1.0,1,0.22084283793899284,43
1163,0,2440,914,1526,0,0,0,1.0,1,1.0,1,1.0,1,0.22084283793899284,43
1164,0,2440,914,1526,0,0,0,1.0,1,1.0,1,1.0,1,0.21023865805747444,44
1165,0,2440,914,1526,0,0,0,1.0,1,1.0,1,1.0,1,0.21023865805747444,44
1166,3,2443,915,1528,0,0,0,1.0,1,1.0,1,1.0,1,0.20662220372167825,46
1167,1,2444,915,1529,0,0,0,1.0,1,1.0,1,1.0,1,0.18601541038793665,46
1168,0,2444,915,1529,0,0,0,1.0,1,1.0,1,1.0,1,0.17659836314426525,47
1169,2,2446,917,1529,0,0,0,1.0,1,1.0,1,1.0,1,0.19037604511268247,46
1170,1,2447,917,1530,0,0,0,1.0,1,1.0,1,1.0,1,0.17874898696568664,48
1171,3,2450,919,1531,0,0,0,1.0,1,1.0,1,1.0,1,0.19970811255705834,49
1172,0,2450,919,1531,0,0,0,1.0,1,1.0,1,1.0,1,0.19970811255705834,49
1173,0,2450,919,1531,0,0,0,1.0,1,1.0,1,1.0,1,0.19970811255705834,49
1174,2,2452,920,1532,0,0,0,1.0,1,1.0,1,1.0,1,0.18147823511108135,49
1175,0,2452,920,1532,0,0,0,1.0,1,1.0,1,1.0,1,0.19055171059821982,50
1176,1,2453,920,1533,0,0,0,1.0,1,1.0,1,1.0,1,0.2118030201988625,52
1177,2,2455,921,1534,0,0,0,1.0,1,1.0,1,1.0,1,0.20103929420837724,52
1178,0,2455,921,1534,0,0,0,1.0,1,1.0,1,1.0,1,0.20103929420837724,52
1179,1,2456,922,1534,0,0,0,1.0,1,1.0,1,1.0,1,0.19254093090200794,53
1180,0,2456,922,1534,0,0,0,1.0,1,1.0,1,1.0,1,0.187546259638568,54
1181,3,2459,922,1537,0,0,0,1.0,1,1.0,1,1.0,1,0.16595103294488714,55
1182,1,2460,923,1537,0,0,0,1.0,1,1.0,1,1.0,1,0.16289439525129545,55
1183,1,2461,924,1537,0,0,0,1.0,1,1.0,1,1.0,1,0.1989532183731432,53
1184,1,2462,925,1537,0,0,0,1.0,1,1.0,1,1.0,1,0.18397399869754852,54
1185,0,2462,925,1537,0,0,0,1.0,1,1.0,1,1.0,1,0.1868064435262292,53
1186,3,2465,926,1539,0,0,0,1.0,1,1.0,1,1.0,1,0.21056076337258886,54
1187,1,2466,927,1539,0,0,0,1.0,1,1.0,1,1.0,1,0.2566510194744411,55
1188,0,2466,927,1539,0,0,0,1.0,1,1.0,1,1.0,1,0.2566510194744411,55
1189,0,2466,927,1539,0,0,0,1.0,1,1.0,1,1.0,1,0.2693560435784687,54
1190,3,2469,928,1541,0,0,0,1.0,1,1.0,1,1.0,1,0.24513470101088464,55
1191,0,2469,928,1541,0,0,0,1.0,1,1.0,1,1.0,1,0.23512023027868642,54
1192,1,2470,929,1541,0,0,0,1.0,1,1.0,1,1.0,1,0.23570694820727447,52
1193,1,2471,929,1542,0,0,0,1.0,1,1.0,1,1.0,1,0.20578865736338167,53
1194,0,2471,929,1542,0,0,0,1.0,1,1.0,1,1.0,1,0.20578865736338167,53
1195,2,2473,931,1542,0,0,0,1.0,1,1.0,1,1.0,1,0.18182485739964488,54
1196,0,2473,931,1542,0,0,0,1.0,1,1.0,1,1.0,1,0.19449254927440468,56
1197,2,2475,933,1542,0,0,0,1.0,1,1.0,1,1.0,1,0.2090021940516431,56
1198,2,2477,934,1543,0,0,0,1.0,1,1.0,1,1.0,1,0.2077560590860463,58
1199,2,2479,935,1544,0,0,0,1.0,1,1.0,1,1.0,1,0.22466125020377234,58
1200,0,2479,935,1544,0,0,0,1.0,1,1.0,1,1.0,1,0.22466125020377234,58
1201,8,2487,937,1550,0,0,0,1.0,1,1.0,1,1.0,1,0.15744661355954276,58
1202,2,2489,937,1552,0,0,0,1.0,1,1.0,1,1.0,1,0.16660358683946808,60
1203,4,2493,937,1556,0,0,0,1.0,1,1.0,1,1.0,1,0.16956145425030747,58
1204,3,2496,938,1558,0,0,0,1.0,1,1.0,1,1.0,1,0.19283073871374345,59
1205,3,2499,939,1560,0,0,0,1.0,1,1.0,1,1.0,1,0.1890854723978854,59
1206,4,2503,939,1564,0,0,0,1.0,1,1.0,1,1.0,1,0.20352340026649823,58
1207,6,2509,939,1570,0,0,0,1.0,1,1.0,1,1.0,1,0.18239084671071645,60
1208,2,2511,939,1572,0,0,0,1.0,1,1.0,1,1.0,1,0.1605114750954881,60
1209,4,2515,939,1576,0,0,0,1.0,1,1.0,1,1.0,1,0.17041689753177444,61
1210,2,2517,939,1578,0,0,0,1.0,1,1.0,1,1.0,1,0.19199872502442955,61
1211,4,2521,939,1582,0,0,0,1.0,1,1.0,1,1.0,1,0.1494352262528902,63
1212,4,2525,939,1586,0,0,0,1.0,1,1.0,1,1.0,1,0.13198115882458866,63
1213,3,2528,940,1588,0,0,0,1.0,1,1.0,1,1.0,1,0.15469986154886003,63
1214,5,2533,941,1592,0,0,0,1.0,1,1.0,1,1.0,1,0.1828656428289694,62
1215,3,2536,941,1595,0,0,0,1.0,1,1.0,1,1.0,1,0.17774235293171534,63
1216,5,2541,941,1600,0,0,0,1.0,1,1.0,1,1.0,1,0.20787399894478567,64
1217,4,2545,941,1604,0,0,0,1.0,1,1.0,1,1.0,1,0.2111565962522369,65
1218,5,2550,942,1608,0,0,0,1.0,1,1.0,1,1.0,1,0.23814892293806866,64
1219,2,2552,942,1610,0,0,0,1.0,1,1.0,1,1.0,1,0.2758527691328131,65
1220,4,2556,943,1613,0,0,0,1.0,1,1.0,1,1.0,1,0.2836605650757769,64
1221,9,2565,945,1620,0,0,0,1.0,1,1.0,1,1.0,1,0.19204083968505442,65
1222,2,2567,946,1621,0,0,0,1.0,1,1.0,1,1.0,1,0.1912296526451583,66
1223,0,2567,946,1621,0,0,0,1.0,1,1.0,1,1.0,1,0.1904283902730981,64
1224,4,2571,949,1622,0,0,0,1.0,1,1.0,1,1.0,1,0.19042784649817607,66
1225,4,2575,952,1623,0,0,0,1.0,1,1.0,1,1.0,1,0.20418226965084257,66
1226,2,2577,953,1624,0,0,0,1.0,1,1.0,1,1.0,1,0.19266922405732795,68
1227,3,2580,956,1624,0,0,0,1.0,1,1.0,1,1.0,1,0.20682756108364403,64
1228,0,2580,956,1624,0,0,0,1.0,1,1.0,1,1.0,1,0.21271440637228464,62
1229,3,2583,958,1625,0,0,0,1.0,1,1.0,1,1.0,1,0.22526373370845193,61
1230,0,2583,958,1625,0,0,0,1.0,1,1.0,1,1.0,1,0.25466051454195066,58
1231,1,2584,959,1625,0,0,0,1.0,1,1.0,1,1.0,1,0.2540798153897854,57
1232,1,2585,960,1625,0,0,0,1.0,1,1.0,1,1.0,1,0.26345690932867427,53
1233,3,2588,963,1625,0,0,0,1.0,1,1.0,1,1.0,1,0.25790056202312683,53
1234,2,2590,963,1627,0,0,0,1.0,1,1.0,1,1.0,1,0.23568703729647789,54
1235,0,2590,963,1627,0,0,0,1.0,1,1.0,1,1.0,1,0.25970610864280896,55
1236,1,2591,964,1627,0,0,0,1.0,1,1.0,1,1.0,1,0.28919306926907,55
1237,3,2594,964,1630,0,0,0,1.0,1,1.0,1,1.0,1,0.26292710770423416,55
1238,3,2597,965,1632,0,0,0,1.0,1,1.0,1,1.0,1,0.2769893698339646,54
1239,0,2597,965,1632,0,0,0,1.0,1,1.0,1,1.0,1,0.27237958625196496,55
1240,1,2598,965,1633,0,0,0,1.0,1,1.0,1,1.0,1,0.26803366876788504,55
1241,6,2604,966,1638,0,0,0,1.0,1,1.0,1,1.0,1,0.1514275571567478,54
1242,0,2604,966,1638,0,0,0,1.0,1,1.0,1,1.0,1,0.16735936177171745,54
1243,2,2606,967,1639,0,0,0,1.0,1,1.0,1,1.0,1,0.1711905369023386,55
1244,0,2606,967,1639,0,0,0,1.0,1,1.0,1,1.0,1,0.17698755026505142,55
1245,1,2607,968,1639,0,0,0,1.0,1,1.0,1,1.0,1,0.1822023065872843,55
1246,0,2607,968,1639,0,0,0,1.0,1,1.0,1,1.0,1,0.2006176120916956,55
1247,5,2612,971,1641,0,0,0,1.0,1,1.0,1,1.0,1,0.2484316040156489,57
1248,3,2615,971,1644,0,0,0,1.0,1,1.0,1,1.0,1,0.26345184069187677,56
1249,5,2620,975,1645,0,0,0,1.0,1,1.0,1,1.0,1,0.2714339819062161,56
1250,2,2622,977,1645,0,0,0,1.0,1,1.0,1,1.0,1,0.2869281985623537,56
1251,1,2623,977,1646,0,0,0,1.0,1,1.0,1,1.0,1,0.2719352600910172,58
1252,1,2624,978,1646,0,0,0,1.0,1,1.0,1,1.0,1,0.2804766673908038,58
1253,2,2626,980,1646,0,0,0,1.0,1,1.0,1,1.0,1,0.286420467835735,58
1254,0,2626,980,1646,0,0,0,1.0,1,1.0,1,1.0,1,0.2548091413190596,60
1255,4,2630,980,1650,0,0,0,1.0,1,1.0,1,1.0,1,0.2264388443840946,61
1256,2,2632,980,1652,0,0,0,1.0,1,1.0,1,1.0,1,0.24412031295589512,61
1257,1,2633,981,1652,0,0,0,1.0,1,1.0,1,1.0,1,0.25835144889926526,62
1258,5,2638,981,1657,0,0,0,1.0,1,1.0,1,1.0,1,0.23422797999314887,63
1259,1,2639,981,1658,0,0,0,1.0,1,1.0,1,1.0,1,0.21458657150668142,63
1260,0,2639,981,1658,0,0,0,1.0,1,1.0,1,1.0,1,0.19824970962201297,63
1261,3,2642,981,1661,0,0,0,1.0,1,1.0,1,1.0,1,0.14608738293282642,63
1262,2,2644,982,1662,0,0,0,1.0,1,1.0,1,1.0,1,0.1373482924277418,64
1263,1,2645,983,1662,0,0,0,1.0,1,1.0,1,1.0,1,0.1491530278434211,63
1264,1,2646,984,1662,0,0,0,1.0,1,1.0,1,1.0,1,0.14782966199974462,63
1265,2,2648,986,1662,0,0,0,1.0,1,1.0,1,1.0,1,0.19045141091434123,60
1266,6,2654,990,1664,0,0,0,1.0,1,1.0,1,1.0,1,0.1836995676440486,61
1267,2,2656,992,1664,0,0,0,1.0,1,1.0,1,1.0,1,0.21825149404871177,58
1268,2,2658,994,1664,0,0,0,1.0,1,1.0,1,1.0,1,0.27257867913652695,54
1269,5,2663,997,1666,0,0,0,1.0,1,1.0,1,1.0,1,0.2617470919462046,54
1270,1,2664,998,1666,0,0,0,1.0,1,1.0,1,1.0,1,0.26544021622503594,51
1271,0,2664,998,1666,0,0,0,1.0,1,1.0,1,1.0,1,0.27724279463055757,50
1272,0,2664,998,1666,0,0,0,1.0,1,1.0,1,1.0,1,0.2653789089019098,47
1273,0,2664,998,1666,0,0,0,1.0,1,1.0,1,1.0,1,0.2653789089019098,47
1274,0,2664,998,1666,0,0,0,1.0,1,1.0,1,1.0,1,0.29858616970558977,49
1275,2,2666,1000,1666,0,0,0,1.0,1,1.0,1,1.0,1,0.3305140912857175,48
1276,3,2669,1003,1666,0,0,0,1.0,1,1.0,1,1.0,1,0.3495560617981,49
1277,3,2672,1006,1666,0,0,0,1.0,1,1.0,1,1.0,1,0.38292032329996195,50
1278,2,2674,1007,1667,0,0,0,1.0,1,1.0,1,1.0,1,0.3742046950259567,51
1279,0,2674,1007,1667,0,0,0,1.0,1,1.0,1,1.0,1,0.3742046950259567,51
1280,0,2674,1007,1667,0,0,0,1.0,1,1.0,1,1.0,1,0.35712489380872636,52
1281,7,2681,1007,1674,0,0,0,1.0,1,1.0,1,1.0,1,0.24867034392457255,52
1282,2,2683,1008,1675,0,0,0,1.0,1,1.0,1,1.0,1,0.22255789020728087,52
1283,4,2687,1009,1678,0,0,0,1.0,1,1.0,1,1.0,1,0.2052940994746735,52
1284,1,2688,1010,1678,0,0,0,1.0,1,1.0,1,1.0,1,0.22784751011208754,52
1285,0,2688,1010,1678,0,0,0,1.0,1,1.0,1,1.0,1,0.26902970819465966,51
1286,3,2691,1010,1681,0,0,0,1.0,1,1.0,1,1.0,1,0.23195787738733453,52
1287,1,2692,1010,1682,0,0,0,1.0,1,1.0,1,1.0,1,0.2410315102397847,54
1288,3,2695,1010,1685,0,0,0,1.0,1,1.0,1,1.0,1,0.23340535418520264,55
1289,4,2699,1010,1689,0,0,0,1.0,1,1.0,1,1.0,1,0.17576994417960828,56
1290,4,2703,1010,1693,0,0,0,1.0,1,1.0,1,1.0,1,0.17001988108231503,57
1291,3,2706,1010,1696,0,0,0,1.0,1,1.0,1,1.0,1,0.19849811656572475,58
1292,5,2711,1010,1701,0,0,0,1.0,1,1.0,1,1.0,1,0.18418809270201142,59
1293,5,2716,1010,1706,0,0,0,1.0,1,1.0,1,1.0,1,0.19178263880705637,59
1294,2,2718,1010,1708,0,0,0,1.0,1,1.0,1,1.0,1,0.17117397651261249,59
1295,3,2721,1011,1710,0,0,0,1.0,1,1.0,1,1.0,1,0.1917790175567383,59
1296,4,2725,1011,1714,0,0,0,1.0,1,1.0,1,1.0,1,0.2209989435469454,59
1297,3,2728,1012,1716,0,0,0,1.0,1,1.0,1,1.0,1,0.22145080866061145,61
1298,4,2732,1012,1720,0,0,0,1.0,1,1.0,1,1.0,1,0.21151636530647336,61
1299,1,2733,1012,1721,0,0,0,1.0,1,1.0,1,1.0,1,0.21979987356979946,60
1300,2,2735,1012,1723,0,0,0,1.0,1,1.0,1,1.0,1,0.2281813621117845,59
1301,4,2739,1012,1727,0,0,0,1.0,1,1.0,1,1.0,1,0.19428083660858714,59
1302,3,2742,1014,1728,0,0,0,1.0,1,1.0,1,1.0,1,0.17701037591482552,59
1303,2,2744,1016,1728,0,0,0,1.0,1,1.0,1,1.0,1,0.23685321833856773,55
1304,4,2748,1020,1728,0,0,0,1.0,1,1.0,1,1.0,1,0.20371629777038539,56
1305,1,2749,1021,1728,0,0,0,1.0,1,1.0,1,1.0,1,0.22717199046867928,54
1306,2,2751,1022,1729,0,0,0,1.0,1,1.0,1,1.0,1,0.20743378937104728,53
1307,3,2754,1025,1729,0,0,0,1.0,1,1.0,1,1.0,1,0.24207495854399952,52
1308,4,2758,1028,1730,0,0,0,1.0,1,1.0,1,1.0,1,0.2515532960413723,52
1309,5,2763,1031,1732,0,0,0,1.0,1,1.0,1,1.0,1,0.24925345076856242,54
1310,1,2764,1032,1732,0,0,0,1.0,1,1.0,1,1.0,1,0.2668070139554071,52
1311,0,2764,1032,1732,0,0,0,1.0,1,1.0,1,1.0,1,0.25439986261482783,51
1312,1,2765,1033,1732,0,0,0,1.0,1,1.0,1,1.0,1,0.28339069036455494,49
1313,1,2766,1033,1733,0,0,0,1.0,1,1.0,1,1.0,1,0.2655907234070417,47
1314,1,2767,1034,1733,0,0,0,1.0,1,1.0,1,1.0,1,0.2498933064956465,46
1315,0,2767,1034,1733,0,0,0,1.0,1,1.0,1,1.0,1,0.27341819116727395,45
1316,2,2769,1036,1733,0,0,0,1.0,1,1.0,1,1.0,1,0.26299316065927536,46
1317,1,2770,1036,1734,0,0,0,1.0,1,1.0,1,1.0,1,0.2268440757539372,45
1318,1,2771,1037,1734,0,0,0,1.0,1,1.0,1,1.0,1,0.24235069369259082,46
1319,2,2773,1038,1735,0,0,0,1.0,1,1.0,1,1.0,1,0.20791574385211595,46
1320,0,2773,1038,1735,0,0,0,1.0,1,1.0,1,1.0,1,0.20791574385211595,46
1321,5,2778,1038,1740,0,0,0,1.0,1,1.0,1,1.0,1,0.11500942980488227,48
1322,0,2778,1038,1740,0,0,0,1.0,1,1.0,1,1.0,1,0.13188221208735024,49
1323,0,2778,1038,1740,0,0,0,1.0,1,1.0,1,1.0,1,0.15061926017431165,49
1324,0,2778,1038,1740,0,0,0,1.0,1,1.0,1,1.0,1,0.1712293847392257,50
1325,0,2778,1038,1740,0,0,0,1.0,1,1.0,1,1.0,1,0.18961473317776245,49
1326,3,2781,1039,1742,0,0,0,1.0,1,1.0,1,1.0,1,0.2367916018879521,50
1327,2,2783,1040,1743,0,0,0,1.0,1,1.0,1,1.0,1,0.2585582159030102,50
1328,0,2783,1040,1743,0,0,0,1.0,1,1.0,1,1.0,1,0.284158781968853,49
1329,4,2787,1040,1747,0,0,0,1.0,1,1.0,1,1.0,1,0.2553997922175978,50
1330,5,2792,1041,1751,0,0,0,1.0,1,1.0,1,1.0,1,0.2419110022655957,50
1331,3,2795,1042,1753,0,0,0,1.0,1,1.0,1,1.0,1,0.2825978160604588,50
1332,4,2799,1044,1755,0,0,0,1.0,1,1.0,1,1.0,1,0.2539902354613273,51
1333,3,2802,1044,1758,0,0,0,1.0,1,1.0,1,1.0,1,0.2696143269869943,52
1334,3,2805,1045,1760,0,0,0,1.0,1,1.0,1,1.0,1,0.2723474162876446,54
1335,5,2810,1045,1765,0,0,0,1.0,1,1.0,1,1.0,1,0.2752148769917724,54
1336,5,2815,1045,1770,0,0,0,1.0,1,1.0,1,1.0,1,0.24750430324924738,56
1337,9,2824,1047,1777,0,0,0,1.0,1,1.0,1,1.0,1,0.2327001947221961,57
1338,8,2832,1048,1784,0,0,0,1.0,1,1.0,1,1.0,1,0.2453101945121434,57
1339,4,2836,1050,1786,0,0,0,1.0,1,1.0,1,1.0,1,0.30989822923743343,58
1340,7,2843,1050,1793,0,0,0,1.0,1,1.0,1,1.0,1,0.2859728308279987,59
1341,2,2845,1050,1795,0,0,0,1.0,1,1.0,1,1.0,1,0.24139061278709023,57
1342,2,2847,1052,1795,0,0,0,1.0,1,1.0,1,1.0,1,0.20138775399262918,57
1343,0,2847,1052,1795,0,0,0,1.0,1,1.0,1,1.0,1,0.20191413045993348,55
1344,5,2852,1056,1796,0,0,0,1.0,1,1.0,1,1.0,1,0.1540847690791139,54
1345,1,2853,1056,1797,0,0,0,1.0,1,1.0,1,1.0,1,0.14125671815104443,53
1346,3,2856,1058,1798,0,0,0,1.0,1,1.0,1,1.0,1,0.16271418421133355,53
1347,0,2856,1058,1798,0,0,0,1.0,1,1.0,1,1.0,1,0.16620077374732434,51
1348,2,2858,1060,1798,0,0,0,1.0,1,1.0,1,1.0,1,0.2000059336823597,52
1349,1,2859,1061,1798,0,0,0,1.0,1,1.0,1,1.0,1,0.1985567373771517,50
1350,2,2861,1063,1798,0,0,0,1.0,1,1.0,1,1.0,1,0.23840659938204298,51
1351,2,2863,1065,1798,0,0,0,1.0,1,1.0,1,1.0,1,0.2684885085835527,50
1352,0,2863,1065,1798,0,0,0,1.0,1,1.0,1,1.0,1,0.25025130488464026,50
1353,0,2863,1065,1798,0,0,0,1.0,1,1.0,1,1.0,1,0.25025130488464026,50
1354,2,2865,1066,1799,0,0,0,1.0,1,1.0,1,1.0,1,0.25425532472666784,51
1355,1,2866,1066,1800,0,0,0,1.0,1,1.0,1,1.0,1,0.23716210578490898,53
1356,3,2869,1067,1802,0,0,0,1.0,1,1.0,1,1.0,1,0.2558251286365519,52
1357,2,2871,1068,1803,0,0,0,1.0,1,1.0,1,1.0,1,0.28104937484118536,52
1358,0,2871,1068,1803,0,0,0,1.0,1,1.0,1,1.0,1,0.2837706604235796,53
1359,4,2875,1070,1805,0,0,0,1.0,1,1.0,1,1.0,1,0.30445837676919973,54
1360,4,2879,1071,1808,0,0,0,1.0,1,1.0,1,1.0,1,0.2717550670167099,55
1361,6,2885,1072,1813,0,0,0,1.0,1,1.0,1,1.0,1,0.20757890476985402,55
1362,0,2885,1072,1813,0,0,0,1.0,1,1.0,1,1.0,1,0.18557956939228587,56
1363,0,2885,1072,1813,0,0,0,1.0,1,1.0,1,1.0,1,0.18557956939228587,56
1364,0,2885,1072,1813,0,0,0,1.0,1,1.0,1,1.0,1,0.1809535722210539,55
1365,1,2886,1072,1814,0,0,0,1.0,1,1.0,1,1.0,1,0.17691510617841513,56
1366,4,2890,1073,1817,0,0,0,1.0,1,1.0,1,1.0,1,0.17227789225810045,57
1367,5,2895,1074,1821,0,0,0,1.0,1,1.0,1,1.0,1,0.14613533549256416,57
1368,5,2900,1074,1826,0,0,0,1.0,1,1.0,1,1.0,1,0.14763473923651702,58
1369,3,2903,1075,1828,0,0,0,1.0,1,1.0,1,1.0,1,0.1857666193969086,59
1370,4,2907,1076,1831,0,0,0,1.0,1,1.0,1,1.0,1,0.1993543587807192,60
1371,7,2914,1077,1837,0,0,0,1.0,1,1.0,1,1.0,1,0.2151180332773378,59
1372,6,2920,1079,1841,0,0,0,1.0,1,1.0,1,1.0,1,0.2553275599210985,59
1373,10,2930,1081,1849,0,0,0,1.0,1,1.0,1,1.0,1,0.21294201381307523,59
1374,7,2937,1081,1856,0,0,0,1.0,1,1.0,1,1.0,1,0.19891341773507587,59
1375,7,2944,1081,1863,0,0,0,1.0,1,1.0,1,1.0,1,0.20303601809690708,62
1376,8,2952,1082,1870,0,0,0,1.0,1,1.0,1,1.0,1,0.23587023406255278,61
1377,7,2959,1083,1876,0,0,0,1.0,1,1.0,1,1.0,1,0.2580561346394393,63
1378,3,2962,1083,1879,0,0,0,1.0,1,1.0,1,1.0,1,0.25604732052499735,62
1379,7,2969,1086,1883,0,0,0,1.0,1,1.0,1,1.0,1,0.3170706239980345,61
1380,3,2972,1086,1886,0,0,0,1.0,1,1.0,1,1.0,1,0.304743966395338,60
1381,9,2981,1087,1894,0,0,0,1.0,1,1.0,1,1.0,1,0.24140028587432566,58
1382,4,2985,1088,1897,0,0,0,1.0,1,1.0,1,1.0,1,0.24295552032369894,56
1383,1,2986,1089,1897,0,0,0,1.0,1,1.0,1,1.0,1,0.22969675072179305,57
1384,0,2986,1089,1897,0,0,0,1.0,1,1.0,1,1.0,1,0.21167543619938842,55
1385,2,2988,1090,1898,0,0,0,1.0,1,1.0,1,1.0,1,0.21321111118016384,55
1386,2,2990,1092,1898,0,0,0,1.0,1,1.0,1,1.0,1,0.22685794619288177,54
1387,1,2991,1092,1899,0,0,0,1.0,1,1.0,1,1.0,1,0.21879407852388838,53
1388,5,2996,1095,1901,0,0,0,1.0,1,1.0,1,1.0,1,0.27263672952642626,52
1389,7,3003,1096,1907,0,0,0,1.0,1,1.0,1,1.0,1,0.2506288963100857,52
1390,3,3006,1096,1910,0,0,0,1.0,1,1.0,1,1.0,1,0.2472899804886135,51
1391,2,3008,1096,1912,0,0,0,1.0,1,1.0,1,1.0,1,0.25185326132214386,52
1392,3,3011,1097,1914,0,0,0,1.0,1,1.0,1,1.0,1,0.2375660881060158,51
1393,3,3014,1098,1916,0,0,0,1.0,1,1.0,1,1.0,1,0.2438321305963833,51
1394,1,3015,1098,1917,0,0,0,1.0,1,1.0,1,1.0,1,0.2514905233893518,52
1395,1,3016,1098,1918,0,0,0,1.0,1,1.0,1,1.0,1,0.25814422324155334,52
1396,3,3019,1099,1920,0,0,0,1.0,1,1.0,1,1.0,1,0.2298731297159216,53
1397,0,3019,1099,1920,0,0,0,1.0,1,1.0,1,1.0,1,0.23743114186878805,56
1398,2,3021,1099,1922,0,0,0,1.0,1,1.0,1,1.0,1,0.21068505531900525,56
1399,1,3022,1100,1922,0,0,0,1.0,1,1.0,1,1.0,1,0.22411810509656832,57
1400,0,3022,1100,1922,0,0,0,1.0,1,1.0,1,1.0,1,0.22411810509656832,57
1401,4,3026,1100,1926,0,0,0,1.0,1,1.0,1,1.0,1,0.16572978488302897,57
1402,3,3029,1103,1926,0,0,0,1.0,1,1.0,1,1.0,1,0.18232231001646054,57
1403,2,3031,1103,1928,0,0,0,1.0,1,1.0,1,1.0,1,0.1746858502682493,56
1404,3,3034,1103,1931,0,0,0,1.0,1,1.0,1,1.0,1,0.16820151207191616,58
1405,3,3037,1104,1933,0,0,0,1.0,1,1.0,1,1.0,1,0.19751720885049445,58
1406,0,3037,1104,1933,0,0,0,1.0,1,1.0,1,1.0,1,0.19751720885049445,58
1407,0,3037,1104,1933,0,0,0,1.0,1,1.0,1,1.0,1,0.2141317722980602,57
1408,1,3038,1104,1934,0,0,0,1.0,1,1.0,1,1.0,1,0.21851215562629403,58
1409,1,3039,1104,1935,0,0,0,1.0,1,1.0,1,1.0,1,0.22381610599281043,57
1410,0,3039,1104,1935,0,0,0,1.0,1,1.0,1,1.0,1,0.22381610599281043,57
1411,1,3040,1105,1935,0,0,0,1.0,1,1.0,1,1.0,1,0.2502100449160716,56
1412,0,3040,1105,1935,0,0,0,1.0,1,1.0,1,1.0,1,0.25097679825695257,55
1413,0,3040,1105,1935,0,0,0,1.0,1,1.0,1,1.0,1,0.24807998199894196,57
1414,0,3040,1105,1935,0,0,0,1.0,1,1.0,1,1.0,1,0.24807998199894196,57
1415,2,3042,1105,1937,0,0,0,1.0,1,1.0,1,1.0,1,0.22283656209005998,60
1416,5,3047,1106,1941,0,0,0,1.0,1,1.0,1,1.0,1,0.20834660247857306,61
1417,3,3050,1107,1943,0,0,0,1.0,1,1.0,1,1.0,1,0.1886397747686498,59
1418,1,3051,1107,1944,0,0,0,1.0,1,1.0,1,1.0,1,0.20339897469826382,60
1419,3,3054,1109,1945,0,0,0,1.0,1,1.0,1,1.0,1,0.20154802145664066,59
1420,3,3057,1110,1947,0,0,0,1.0,1,1.0,1,1.0,1,0.2190870230137073,58
1421,4,3061,1110,1951,0,0,0,1.0,1,1.0,1,1.0,1,0.17387060652160105,57
1422,1,3062,1111,1951,0,0,0,1.0,1,1.0,1,1.0,1,0.1802703977072944,57
1423,2,3064,1112,1952,0,0,0,1.0,1,1.0,1,1.0,1,0.1671590888552854,56
1424,1,3065,1113,1952,0,0,0,1.0,1,1.0,1,1.0,1,0.1737649829390272,57
1425,3,3068,1116,1952,0,0,0,1.0,1,1.0,1,1.0,1,0.20996219088696388,54
1426,2,3070,1118,1952,0,0,0,1.0,1,1.0,1,1.0,1,0.24185244932949435,54
1427,4,3074,1121,1953,0,0,0,1.0,1,1.0,1,1.0,1,0.291485941117066,53
1428,0,3074,1121,1953,0,0,0,1.0,1,1.0,1,1.0,1,0.28477464666857355,52
1429,1,3075,1121,1954,0,0,0,1.0,1,1.0,1,1.0,1,0.26459776299525295,52
1430,2,3077,1123,1954,0,0,0,1.0,1,1.0,1,1.0,1,0.272214675304316,51
1431,3,3080,1124,1956,0,0,0,1.0,1,1.0,1,1.0,1,0.2530633669195218,51
1432,4,3084,1126,1958,0,0,0,1.0,1,1.0,1,1.0,1,0.2648725908391524,52
1433,3,3087,1127,1960,0,0,0,1.0,1,1.0,1,1.0,1,0.2483098854226598,52
1434,5,3092,1130,1962,0,0,0,1.0,1,1.0,1,1.0,1,0.24334426565632714,52
1435,0,3092,1130,1962,0,0,0,1.0,1,1.0,1,1.0,1,0.24714276275493768,50
1436,3,3095,1133,1962,0,0,0,1.0,1,1.0,1,1.0,1,0.30770603967496934,50
1437,5,3100,1134,1966,0,0,0,1.0,1,1.0,1,1.0,1,0.29164599004898367,49
1438,2,3102,1135,1967,0,0,0,1.0,1,1.0,1,1.0,1,0.3106379653719222,49
1439,1,3103,1136,1967,0,0,0,1.0,1,1.0,1,1.0,1,0.3558203163566916,50
1440,3,3106,1139,1967,0,0,0,1.0,1,1.0,1,1.0,1,0.38014736342522887,50
1441,10,3116,1140,1976,0,0,0,1.0,1,1.0,1,1.0,1,0.2837347996380652,51
1442,1,3117,1140,1977,0,0,0,1.0,1,1.0,1,1.0,1,0.281823270117665,50
1443,3,3120,1140,1980,0,0,0,1.0,1,1.0,1,1.0,1,0.2725441145417444,51
1444,2,3122,1140,1982,0,0,0,1.0,1,1.0,1,1.0,1,0.2725441145417444,51
1445,1,3123,1140,1983,0,0,0,1.0,1,1.0,1,1.0,1,0.2555123618754568,51
1446,1,3124,1140,1984,0,0,0,1.0,1,1.0,1,1.0,1,0.26855623013414043,51
1447,2,3126,1140,1986,0,0,0,1.0,1,1.0,1,1.0,1,0.23472003497912577,51
1448,2,3128,1141,1987,0,0,0,1.0,1,1.0,1,1.0,1,0.23487215098633893,51
1449,1,3129,1141,1988,0,0,0,1.0,1,1.0,1,1.0,1,0.21630914135736706,51
1450,2,3131,1141,1990,0,0,0,1.0,1,1.0,1,1.0,1,0.2053944671442722,52
1451,4,3135,1142,1993,0,0,0,1.0,1,1.0,1,1.0,1,0.21635624238081608,54
1452,2,3137,1142,1995,0,0,0,1.0,1,1.0,1,1.0,1,0.20486042907947097,56
1453,4,3141,1143,1998,0,0,0,1.0,1,1.0,1,1.0,1,0.23123555777848984,56
1454,7,3148,1144,2004,0,0,0,1.0,1,1.0,1,1.0,1,0.2349151021839355,58
1455,6,3154,1145,2009,0,0,0,1.0,1,1.0,1,1.0,1,0.2558551575824039,55
1456,2,3156,1145,2011,0,0,0,1.0,1,1.0,1,1.0,1,0.25485361997258227,56
1457,5,3161,1146,2015,0,0,0,1.0,1,1.0,1,1.0,1,0.3017938705021405,54
1458,3,3164,1147,2017,0,0,0,1.0,1,1.0,1,1.0,1,0.31490462823789894,52
1459,3,3167,1147,2020,0,0,0,1.0,1,1.0,1,1.0,1,0.31075618671815275,52
1460,4,3171,1147,2024,0,0,0,1.0,1,1.0,1,1.0,1,0.30326084949635096,50
1461,6,3177,1149,2028,0,0,0,1.0,1,1.0,1,1.0,1,0.251190391431236,53
1462,3,3180,1152,2028,0,0,0,1.0,1,1.0,1,1.0,1,0.22522171730439886,51
1463,2,3182,1154,2028,0,0,0,1.0,1,1.0,1,1.0,1,0.2578037990311582,51
1464,4,3186,1157,2029,0,0,0,1.0,1,1.0,1,1.0,1,0.25439265814099377,51
1465,1,3187,1157,2030,0,0,0,1.0,1,1.0,1,1.0,1,0.25476156049373944,49
1466,3,3190,1160,2030,0,0,0,1.0,1,1.0,1,1.0,1,0.2716397919978644,49
1467,4,3194,1162,2032,0,0,0,1.0,1,1.0,1,1.0,1,0.3109129684314995,47
1468,1,3195,1162,2033,0,0,0,1.0,1,1.0,1,1.0,1,0.2845298187973062,48
1469,5,3200,1164,2036,0,0,0,1.0,1,1.0,1,1.0,1,0.2952791631818052,47
1470,2,3202,1164,2038,0,0,0,1.0,1,1.0,1,1.0,1,0.2879969395109331,49
1471,1,3203,1164,2039,0,0,0,1.0,1,1.0,1,1.0,1,0.2913409737256274,48
1472,1,3204,1164,2040,0,0,0,1.0,1,1.0,1,1.0,1,0.28541835789363773,48
1473,2,3206,1164,2042,0,0,0,1.0,1,1.0,1,1.0,1,0.2947197139282056,49
1474,0,3206,1164,2042,0,0,0,1.0,1,1.0,1,1.0,1,0.2947197139282056,49
1475,3,3209,1164,2045,0,0,0,1.0,1,1.0,1,1.0,1,0.24181948026561287,49
1476,2,3211,1166,2045,0,0,0,1.0,1,1.0,1,1.0,1,0.2890645731522572,51
1477,0,3211,1166,2045,0,0,0,1.0,1,1.0,1,1.0,1,0.2890645731522572,51
1478,1,3212,1166,2046,0,0,0,1.0,1,1.0,1,1.0,1,0.2757067470219308,52
1479,0,3212,1166,2046,0,0,0,1.0,1,1.0,1,1.0,1,0.2874945794627609,53
1480,1,3213,1167,2046,0,0,0,1.0,1,1.0,1,1.0,1,0.29813846004634004,53
1481,8,3221,1167,2054,0,0,0,1.0,1,1.0,1,1.0,1,0.20725115015710954,53
1482,1,3222,1168,2054,0,0,0,1.0,1,1.0,1,1.0,1,0.2403752637565495,52
1483,1,3223,1168,2055,0,0,0,1.0,1,1.0,1,1.0,1,0.2303291250657918,52
1484,4,3227,1168,2059,0,0,0,1.0,1,1.0,1,1.0,1,0.2567943574148005,53
1485,3,3230,1168,2062,0,0,0,1.0,1,1.0,1,1.0,1,0.24580421285724663,53
1486,1,3231,1168,2063,0,0,0,1.0,1,1.0,1,1.0,1,0.28689851338909445,54
1487,7,3238,1171,2067,0,0,0,1.0,1,1.0,1,1.0,1,0.19516912749468623,55
1488,1,3239,1171,2068,0,0,0,1.0,1,1.0,1,1.0,1,0.23155497665374386,57
1489,5,3244,1174,2070,0,0,0,1.0,1,1.0,1,1.0,1,0.2301727295618124,58
1490,2,3246,1174,2072,0,0,0,1.0,1,1.0,1,1.0,1,0.21705406308121822,58
1491,5,3251,1175,2076,0,0,0,1.0,1,1.0,1,1.0,1,0.2258594355412305,59
1492,4,3255,1176,2079,0,0,0,1.0,1,1.0,1,1.0,1,0.22637137541564586,59
1493,3,3258,1176,2082,0,0,0,1.0,1,1.0,1,1.0,1,0.25404344184938527,58
1494,5,3263,1176,2087,0,0,0,1.0,1,1.0,1,1.0,1,0.21870867046039363,58
1495,9,3272,1177,2095,0,0,0,1.0,1,1.0,1,1.0,1,0.23427390347319405,57
1496,6,3278,1177,2101,0,0,0,1.0,1,1.0,1,1.0,1,0.24821382192155256,59
1497,7,3285,1178,2107,0,0,0,1.0,1,1.0,1,1.0,1,0.2870749416411839,58
1498,12,3297,1180,2117,0,0,0,1.0,1,1.0,1,1.0,1,0.29392343167876356,58
1499,4,3301,1180,2121,0,0,0,1.0,1,1.0,1,1.0,1,0.23282318468648341,56
1500,5,3306,1181,2125,0,0,0,1.0,1,1.0,1,1.0,1,0.2415373640682817,57
1501,2,3308,1181,2127,0,0,0,1.0,1,1.0,1,1.0,1,0.21548097277154096,55
1502,2,3310,1183,2127,0,0,0,1.0,1,1.0,1,1.0,1,0.21645247587151004,55
1503,2,3312,1184,2128,0,0,0,1.0,1,1.0,1,1.0,1,0.20554543373206316,54
1504,1,3313,1185,2128,0,0,0,1.0,1,1.0,1,1.0,1,0.18411324616493238,55
1505,0,3313,1185,2128,0,0,0,1.0,1,1.0,1,1.0,1,0.16819016630900907,53
1506,5,3318,1186,2132,0,0,0,1.0,1,1.0,1,1.0,1,0.1560405949671052,55
1507,1,3319,1187,2132,0,0,0,1.0,1,1.0,1,1.0,1,0.1701745513441892,53
1508,5,3324,1191,2133,0,0,0,1.0,1,1.0,1,1.0,1,0.24400785945302536,53
1509,0,3324,1191,2133,0,0,0,1.0,1,1.0,1,1.0,1,0.21717369374926732,52
1510,2,3326,1193,2133,0,0,0,1.0,1,1.0,1,1.0,1,0.27292959733474326,50
1511,1,3327,1194,2133,0,0,0,1.0,1,1.0,1,1.0,1,0.26452507788460444,49
1512,3,3330,1197,2133,0,0,0,1.0,1,1.0,1,1.0,1,0.3132090286095598,48
1513,1,3331,1197,2134,0,0,0,1.0,1,1.0,1,1.0,1,0.34051360269746056,47
1514,1,3332,1198,2134,0,0,0,1.0,1,1.0,1,1.0,1,0.3324499775727905,48
1515,1,3333,1198,2135,0,0,0,1.0,1,1.0,1,1.0,1,0.31112589459288637,48
1516,1,3334,1198,2136,0,0,0,1.0,1,1.0,1,1.0,1,0.2819019808745321,47
1517,1,3335,1198,2137,0,0,0,1.0,1,1.0,1,1.0,1,0.2632304548896702,48
1518,1,3336,1199,2137,0,0,0,1.0,1,1.0,1,1.0,1,0.27092013205602145,48
1519,0,3336,1199,2137,0,0,0,1.0,1,1.0,1,1.0,1,0.2803331025494431,47
1520,4,3340,1202,2138,0,0,0,1.0,1,1.0,1,1.0,1,0.30133332864604967,48
1521,4,3344,1202,2142,0,0,0,1.0,1,1.0,1,1.0,1,0.20403548387305748,49
1522,1,3345,1203,2142,0,0,0,1.0,1,1.0,1,1.0,1,0.23695157531189687,48
1523,3,3348,1203,2145,0,0,0,1.0,1,1.0,1,1.0,1,0.2182950804582973,49
1524,2,3350,1203,2147,0,0,0,1.0,1,1.0,1,1.0,1,0.2252351351590848,49
1525,1,3351,1203,2148,0,0,0,1.0,1,1.0,1,1.0,1,0.25122223767623936,51
1526,0,3351,1203,2148,0,0,0,1.0,1,1.0,1,1.0,1,0.2461110079104472,52
1527,2,3353,1204,2149,0,0,0,1.0,1,1.0,1,1.0,1,0.2590632266994847,54
1528,2,3355,1204,2151,0,0,0,1.0,1,1.0,1,1.0,1,0.2590632266994847,54
1529,1,3356,1204,2152,0,0,0,1.0,1,1.0,1,1.0,1,0.27085935647472187,54
1530,1,3357,1204,2153,0,0,0,1.0,1,1.0,1,1.0,1,0.28791815262799497,54
1531,4,3361,1204,2157,0,0,0,1.0,1,1.0,1,1.0,1,0.27589669168593806,54
1532,2,3363,1205,2158,0,0,0,1.0,1,1.0,1,1.0,1,0.29595272179623666,54
1533,5,3368,1205,2163,0,0,0,1.0,1,1.0,1,1.0,1,0.19537383597175498,54
1534,3,3371,1205,2166,0,0,0,1.0,1,1.0,1,1.0,1,0.20221553581398047,54
1535,3,3374,1206,2168,0,0,0,1.0,1,1.0,1,1.0,1,0.17808295484888323,54
1536,0,3374,1206,2168,0,0,0,1.0,1,1.0,1,1.0,1,0.18593601245563726,55
1537,0,3374,1206,2168,0,0,0,1.0,1,1.0,1,1.0,1,0.21086854030285548,53
1538,1,3375,1206,2169,0,0,0,1.0,1,1.0,1,1.0,1,0.20226032244584585,54
1539,1,3376,1207,2169,0,0,0,1.0,1,1.0,1,1.0,1,0.23643508321197773,54
1540,2,3378,1208,2170,0,0,0,1.0,1,1.0,1,1.0,1,0.22933184006894633,54
1541,3,3381,1208,2173,0,0,0,1.0,1,1.0,1,1.0,1,0.19601913901974627,54
1542,3,3384,1209,2175,0,0,0,1.0,1,1.0,1,1.0,1,0.22930968799839752,57
1543,4,3388,1211,2177,0,0,0,1.0,1,1.0,1,1.0,1,0.20438385954815783,55
1544,3,3391,1214,2177,0,0,0,1.0,1,1.0,1,1.0,1,0.26346973092459947,54
1545,3,3394,1215,2179,0,0,0,1.0,1,1.0,1,1.0,1,0.24927917207809047,54
1546,4,3398,1217,2181,0,0,0,1.0,1,1.0,1,1.0,1,0.21468114935365262,53
1547,6,3404,1221,2183,0,0,0,1.0,1,1.0,1,1.0,1,0.2111486992959651,53
1548,4,3408,1223,2185,0,0,0,1.0,1,1.0,1,1.0,1,0.24160619538821657,54
1549,3,3411,1225,2186,0,0,0,1.0,1,1.0,1,1.0,1,0.23957763211218397,52
1550,3,3414,1227,2187,0,0,0,1.0,1,1.0,1,1.0,1,0.20959676278043782,52
1551,5,3419,1229,2190,0,0,0,1.0,1,1.0,1,1.0,1,0.1775481145514744,52
1552,1,3420,1230,2190,0,0,0,1.0,1,1.0,1,1.0,1,0.20506554395212925,51
1553,10,3430,1232,2198,0,0,0,1.0,1,1.0,1,1.0,1,0.2730055392220961,51
1554,5,3435,1235,2200,0,0,0,1.0,1,1.0,1,1.0,1,0.21604779504009922,51
1555,4,3439,1236,2203,0,0,0,1.0,1,1.0,1,1.0,1,0.2218529018770153,50
1556,2,3441,1237,2204,0,0,0,1.0,1,1.0,1,1.0,1,0.23531783943669954,51
1557,3,3444,1238,2206,0,0,0,1.0,1,1.0,1,1.0,1,0.27182860951614685,51
1558,2,3446,1239,2207,0,0,0,1.0,1,1.0,1,1.0,1,0.2813015340010968,52
1559,5,3451,1241,2210,0,0,0,1.0,1,1.0,1,1.0,1,0.26692167980147496,53
1560,2,3453,1243,2210,0,0,0,1.0,1,1.0,1,1.0,1,0.28927540942588775,51
1561,10,3463,1243,2220,0,0,0,1.0,1,1.0,1,1.0,1,0.13547120855002984,51
1562,2,3465,1243,2222,0,0,0,1.0,1,1.0,1,1.0,1,0.10604882708038678,52
1563,4,3469,1243,2226,0,0,0,1.0,1,1.0,1,1.0,1,0.10604882708038678,52
1564,4,3473,1243,2230,0,0,0,1.0,1,1.0,1,1.0,1,0.11415751930787038,51
1565,3,3476,1244,2232,0,0,0,1.0,1,1.0,1,1.0,1,0.16627027617177487,53
1566,5,3481,1244,2237,0,0,0,1.0,1,1.0,1,1.0,1,0.1699945164229665,53
1567,4,3485,1244,2241,0,0,0,1.0,1,1.0,1,1.0,1,0.1652990498212853,52
1568,3,3488,1244,2244,0,0,0,1.0,1,1.0,1,1.0,1,0.20611290159366522,52
1569,3,3491,1244,2247,0,0,0,1.0,1,1.0,1,1.0,1,0.1640632497984023,49
1570,3,3494,1244,2250,0,0,0,1.0,1,1.0,1,1.0,1,0.21525360825709192,48
1571,7,3501,1246,2255,0,0,0,1.0,1,1.0,1,1.0,1,0.22600516373962282,46
1572,6,3507,1248,2259,0,0,0,1.0,1,1.0,1,1.0,1,0.2664881731964587,47
1573,7,3514,1248,2266,0,0,0,1.0,1,1.0,1,1.0,1,0.26413620114030256,48
1574,6,3520,1249,2271,0,0,0,1.0,1,1.0,1,1.0,1,0.2932973072343723,46
1575,5,3525,1251,2274,0,0,0,1.0,1,1.0,1,1.0,1,0.3198152294858926,47
1576,4,3529,1253,2276,0,0,0,1.0,1,1.0,1,1.0,1,0.31706932628448536,46
1577,2,3531,1254,2277,0,0,0,1.0,1,1.0,1,1.0,1,0.30781653445444845,45
1578,3,3534,1254,2280,0,0,0,1.0,1,1.0,1,1.0,1,0.2815855138295233,44
1579,2,3536,1254,2282,0,0,0,1.0,1,1.0,1,1.0,1,0.3483857460220604,43
1580,2,3538,1254,2284,0,0,0,1.0,1,1.0,1,1.0,1,0.3029389993732393,43
1581,6,3544,1255,2289,0,0,0,1.0,1,1.0,1,1.0,1,0.24002478316046855,42
1582,0,3544,1255,2289,0,0,0,1.0,1,1.0,1,1.0,1,0.24002478316046855,42
1583,0,3544,1255,2289,0,0,0,1.0,1,1.0,1,1.0,1,0.25545811143525265,43
1584,3,3547,1256,2291,0,0,0,1.0,1,1.0,1,1.0,1,0.2052375401727291,41
1585,4,3551,1259,2292,0,0,0,1.0,1,1.0,1,1.0,1,0.26536534063346306,43
1586,1,3552,1260,2292,0,0,0,1.0,1,1.0,1,1.0,1,0.2788056582304826,42
1587,1,3553,1260,2293,0,0,0,1.0,1,1.0,1,1.0,1,0.25059349830420036,42
1588,3,3556,1262,2294,0,0,0,1.0,1,1.0,1,1.0,1,0.3019865496920369,42
1589,0,3556,1262,2294,0,0,0,1.0,1,1.0,1,1.0,1,0.2686945646568297,42
1590,3,3559,1262,2297,0,0,0,1.0,1,1.0,1,1.0,1,0.235849812233376,41
1591,2,3561,1264,2297,0,0,0,1.0,1,1.0,1,1.0,1,0.22644446997232143,40
1592,1,3562,1265,2297,0,0,0,1.0,1,1.0,1,1.0,1,0.2887168396321822,39
1593,2,3564,1266,2298,0,0,0,1.0,1,1.0,1,1.0,1,0.28997924557069665,39
1594,0,3564,1266,2298,0,0,0,1.0,1,1.0,1,1.0,1,0.295601721140392,39
1595,1,3565,1267,2298,0,0,0,1.0,1,1.0,1,1.0,1,0.31827591569151575,42
1596,2,3567,1267,2300,0,0,0,1.0,1,1.0,1,1.0,1,0.2916456116870045,41
1597,0,3567,1267,2300,0,0,0,1.0,1,1.0,1,1.0,1,0.2916456116870045,41
1598,2,3569,1267,2302,0,0,0,1.0,1,1.0,1,1.0,1,0.2667731479529756,39
1599,0,3569,1267,2302,0,0,0,1.0,1,1.0,1,1.0,1,0.2667731479529756,39
1600,0,3569,1267,2302,0,0,0,1.0,1,1.0,1,1.0,1,0.27921730573458425,40
1601,8,3577,1269,2308,0,0,0,1.0,1,1.0,1,1.0,1,0.16915783539111282,41
1602,0,3577,1269,2308,0,0,0,1.0,1,1.0,1,1.0,1,0.1509378585484647,41
1603,3,3580,1270,2310,0,0,0,1.0,1,1.0,1,1.0,1,0.20612789439116413,43
1604,3,3583,1271,2312,0,0,0,1.0,1,1.0,1,1.0,1,0.20768090435851855,43
1605,3,3586,1272,2314,0,0,0,1.0,1,1.0,1,1.0,1,0.2085356087827649,44
1606,3,3589,1273,2316,0,0,0,1.0,1,1.0,1,1.0,1,0.23916692278192356,44
1607,1,3590,1274,2316,0,0,0,1.0,1,1.0,1,1.0,1,0.2350775172053048,42
1608,2,3592,1276,2316,0,0,0,1.0,1,1.0,1,1.0,1,0.29470974929681926,41
1609,0,3592,1276,2316,0,0,0,1.0,1,1.0,1,1.0,1,0.2639372161099623,39
1610,1,3593,1276,2317,0,0,0,1.0,1,1.0,1,1.0,1,0.30685380379675553,39
1611,5,3598,1276,2322,0,0,0,1.0,1,1.0,1,1.0,1,0.2698458950928541,40
1612,1,3599,1276,2323,0,0,0,1.0,1,1.0,1,1.0,1,0.22788134668597335,39
1613,3,3602,1277,2325,0,0,0,1.0,1,1.0,1,1.0,1,0.2874812733175203,41
1614,5,3607,1277,2330,0,0,0,1.0,1,1.0,1,1.0,1,0.28077695360172106,41
1615,4,3611,1278,2333,0,0,0,1.0,1,1.0,1,1.0,1,0.2538756986094552,41
1616,3,3614,1279,2335,0,0,0,1.0,1,1.0,1,1.0,1,0.2991553173983322,43
1617,2,3616,1279,2337,0,0,0,1.0,1,1.0,1,1.0,1,0.28924833399079236,44
1618,2,3618,1280,2338,0,0,0,1.0,1,1.0,1,1.0,1,0.30432180418855603,44
1619,5,3623,1281,2342,0,0,0,1.0,1,1.0,1,1.0,1,0.32725124756188567,44
1620,1,3624,1281,2343,0,0,0,1.0,1,1.0,1,1.0,1,0.33440468232383386,45
1621,3,3627,1281,2346,0,0,0,1.0,1,1.0,1,1.0,1,0.29589446153137394,44
1622,2,3629,1283,2346,0,0,0,1.0,1,1.0,1,1.0,1,0.3198877400147002,44
1623,1,3630,1283,2347,0,0,0,1.0,1,1.0,1,1.0,1,0.3020084627161265,43
1624,2,3632,1285,2347,0,0,0,1.0,1,1.0,1,1.0,1,0.29792395047317105,43
1625,1,3633,1286,2347,0,0,0,1.0,1,1.0,1,1.0,1,0.32632214784395697,43
1626,6,3639,1289,2350,0,0,0,1.0,1,1.0,1,1.0,1,0.3019733080854526,42
1627,0,3639,1289,2350,0,0,0,1.0,1,1.0,1,1.0,1,0.3042372564483092,42
1628,1,3640,1290,2350,0,0,0,1.0,1,1.0,1,1.0,1,0.3315102517364707,42
1629,1,3641,1291,2350,0,0,0,1.0,1,1.0,1,1.0,1,0.3430846405510288,41
1630,3,3644,1293,2351,0,0,0,1.0,1,1.0,1,1.0,1,0.38040247466853844,41
1631,2,3646,1294,2352,0,0,0,1.0,1,1.0,1,1.0,1,0.3796877336665882,40
1632,0,3646,1294,2352,0,0,0,1.0,1,1.0,1,1.0,1,0.36982464205266247,39
1633,0,3646,1294,2352,0,0,0,1.0,1,1.0,1,1.0,1,0.36982464205266247,39
1634,0,3646,1294,2352,0,0,0,1.0,1,1.0,1,1.0,1,0.36982464205266247,39
1635,0,3646,1294,2352,0,0,0,1.0,1,1.0,1,1.0,1,0.36270258349837614,40
1636,2,3648,1295,2353,0,0,0,1.0,1,1.0,1,1.0,1,0.34346683981391984,41
1637,4,3652,1296,2356,0,0,0,1.0,1,1.0,1,1.0,1,0.29690695429219516,41
1638,1,3653,1297,2356,0,0,0,1.0,1,1.0,1,1.0,1,0.33475579075330975,42
1639,0,3653,1297,2356,0,0,0,1.0,1,1.0,1,1.0,1,0.3345859043605569,43
1640,0,3653,1297,2356,0,0,0,1.0,1,1.0,1,1.0,1,0.3345859043605569,43
1641,6,3659,1297,2362,0,0,0,1.0,1,1.0,1,1.0,1,0.25971473677815266,44
1642,3,3662,1299,2363,0,0,0,1.0,1,1.0,1,1.0,1,0.2942301947298682,45
1643,5,3667,1301,2366,0,0,0,1.0,1,1.0,1,1.0,1,0.24914139050328782,44
1644,4,3671,1303,2368,0,0,0,1.0,1,1.0,1,1.0,1,0.25367034782206754,45
1645,1,3672,1304,2368,0,0,0,1.0,1,1.0,1,1.0,1,0.24950924917950565,44
1646,1,3673,1305,2368,0,0,0,1.0,1,1.0,1,1.0,1,0.2613478170830552,43
1647,3,3676,1307,2369,0,0,0,1.0,1,1.0,1,1.0,1,0.24739258772748565,43
1648,1,3677,1307,2370,0,0,0,1.0,1,1.0,1,1.0,1,0.2626545379050378,42
1649,0,3677,1307,2370,0,0,0,1.0,1,1.0,1,1.0,1,0.2968303807380657,41
1650,0,3677,1307,2370,0,0,0,1.0,1,1.0,1,1.0,1,0.2968303807380657,41
1651,1,3678,1308,2370,0,0,0,1.0,1,1.0,1,1.0,1,0.32419694027238394,40
1652,0,3678,1308,2370,0,0,0,1.0,1,1.0,1,1.0,1,0.33527223630833153,39
1653,0,3678,1308,2370,0,0,0,1.0,1,1.0,1,1.0,1,0.3857104953683196,39
1654,1,3679,1308,2371,0,0,0,1.0,1,1.0,1,1.0,1,0.34520865398820066,39
1655,3,3682,1309,2373,0,0,0,1.0,1,1.0,1,1.0,1,0.337948167938328,40
1656,1,3683,1309,2374,0,0,0,1.0,1,1.0,1,1.0,1,0.37015839451220856,40
1657,3,3686,1310,2376,0,0,0,1.0,1,1.0,1,1.0,1,0.27084515961319605,40
1658,2,3688,1311,2377,0,0,0,1.0,1,1.0,1,1.0,1,0.21150313846976804,40
1659,4,3692,1314,2378,0,0,0,1.0,1,1.0,1,1.0,1,0.2388682109109853,40
1660,4,3696,1314,2382,0,0,0,1.0,1,1.0,1,1.0,1,0.2390454814473427,41
1661,4,3700,1316,2384,0,0,0,1.0,1,1.0,1,1.0,1,0.2398079449678999,42
1662,4,3704,1317,2387,0,0,0,1.0,1,1.0,1,1.0,1,0.1987505022967901,44
1663,3,3707,1319,2388,0,0,0,1.0,1,1.0,1,1.0,1,0.2256545837038975,43
1664,5,3712,1323,2389,0,0,0,1.0,1,1.0,1,1.0,1,0.33418817666738443,42
1665,3,3715,1324,2391,0,0,0,1.0,1,1.0,1,1.0,1,0.29417201802933646,42
1666,2,3717,1326,2391,0,0,0,1.0,1,1.0,1,1.0,1,0.3119271640971588,43
1667,2,3719,1328,2391,0,0,0,1.0,1,1.0,1,1.0,1,0.3240427394988927,40
1668,0,3719,1328,2391,0,0,0,1.0,1,1.0,1,1.0,1,0.31316074413084216,40
1669,2,3721,1330,2391,0,0,0,1.0,1,1.0,1,1.0,1,0.2818536619953175,40
1670,2,3723,1331,2392,0,0,0,1.0,1,1.0,1,1.0,1,0.2737764582020424,39
1671,2,3725,1333,2392,0,0,0,1.0,1,1.0,1,1.0,1,0.30589820122393,39
1672,2,3727,1335,2392,0,0,0,1.0,1,1.0,1,1.0,1,0.3220068083496573,38
1673,2,3729,1337,2392,0,0,0,1.0,1,1.0,1,1.0,1,0.30527166412828494,38
1674,1,3730,1338,2392,0,0,0,1.0,1,1.0,1,1.0,1,0.3135286443031194,38
1675,1,3731,1338,2393,0,0,0,1.0,1,1.0,1,1.0,1,0.31489175257537755,39
1676,3,3734,1338,2396,0,0,0,1.0,1,1.0,1,1.0,1,0.29475077422537016,39
1677,0,3734,1338,2396,0,0,0,1.0,1,1.0,1,1.0,1,0.29032813058995127,40
1678,1,3735,1338,2397,0,0,0,1.0,1,1.0,1,1.0,1,0.27345958364637096,39
1679,0,3735,1338,2397,0,0,0,1.0,1,1.0,1,1.0,1,0.27345958364637096,39
1680,1,3736,1338,2398,0,0,0,1.0,1,1.0,1,1.0,1,0.281184550779021,40
1681,3,3739,1338,2401,0,0,0,1.0,1,1.0,1,1.0,1,0.19074696808568858,41
1682,1,3740,1338,2402,0,0,0,1.0,1,1.0,1,1.0,1,0.13650469003980106,40
1683,4,3744,1341,2403,0,0,0,1.0,1,1.0,1,1.0,1,0.1452934564225598,43
1684,3,3747,1343,2404,0,0,0,1.0,1,1.0,1,1.0,1,0.16757441155554703,42
1685,1,3748,1343,2405,0,0,0,1.0,1,1.0,1,1.0,1,0.13018042490463824,41
1686,0,3748,1343,2405,0,0,0,1.0,1,1.0,1,1.0,1,0.16302464675463982,39
1687,4,3752,1345,2407,0,0,0,1.0,1,1.0,1,1.0,1,0.1429739587479794,41
1688,2,3754,1347,2407,0,0,0,1.0,1,1.0,1,1.0,1,0.15594015345600326,39
1689,1,3755,1348,2407,0,0,0,1.0,1,1.0,1,1.0,1,0.19288009846025705,37
1690,0,3755,1348,2407,0,0,0,1.0,1,1.0,1,1.0,1,0.25896810900041606,36
1691,5,3760,1351,2409,0,0,0,1.0,1,1.0,1,1.0,1,0.2753909514595435,36
1692,2,3762,1351,2411,0,0,0,1.0,1,1.0,1,1.0,1,0.29901979066778056,34
1693,2,3764,1352,2412,0,0,0,1.0,1,1.0,1,1.0,1,0.3154886257450323,33
1694,2,3766,1352,2414,0,0,0,1.0,1,1.0,1,1.0,1,0.3174680615817341,32
1695,2,3768,1352,2416,0,0,0,1.0,1,1.0,1,1.0,1,0.3138440233449654,32
1696,1,3769,1353,2416,0,0,0,1.0,1,1.0,1,1.0,1,0.3350702522347343,34
1697,2,3771,1355,2416,0,0,0,1.0,1,1.0,1,1.0,1,0.35950159877242005,34
1698,6,3777,1357,2420,0,0,0,1.0,1,1.0,1,1.0,1,0.35171905208529264,36
1699,5,3782,1358,2424,0,0,0,1.0,1,1.0,1,1.0,1,0.3732698878858953,36
1700,2,3784,1358,2426,0,0,0,1.0,1,1.0,1,1.0,1,0.39126917658974514,37
1701,4,3788,1358,2430,0,0,0,1.0,1,1.0,1,1.0,1,0.30252182239788916,39
1702,2,3790,1359,2431,0,0,0,1.0,1,1.0,1,1.0,1,0.3008138726187569,39
1703,2,3792,1360,2432,0,0,0,1.0,1,1.0,1,1.0,1,0.2890029703285084,38
1704,3,3795,1363,2432,0,0,0,1.0,1,1.0,1,1.0,1,0.3049876110287686,38
1705,1,3796,1363,2433,0,0,0,1.0,1,1.0,1,1.0,1,0.28474676467889193,37
1706,4,3800,1365,2435,0,0,0,1.0,1,1.0,1,1.0,1,0.27491798508415555,37
1707,2,3802,1367,2435,0,0,0,1.0,1,1.0,1,1.0,1,0.30338070327385863,36
1708,1,3803,1367,2436,0,0,0,1.0,1,1.0,1,1.0,1,0.27209070800587654,34
1709,1,3804,1368,2436,0,0,0,1.0,1,1.0,1,1.0,1,0.29442938247481715,34
1710,3,3807,1370,2437,0,0,0,1.0,1,1.0,1,1.0,1,0.34174964862143153,33
1711,0,3807,1370,2437,0,0,0,1.0,1,1.0,1,1.0,1,0.34994593927528445,32
1712,1,3808,1371,2437,0,0,0,1.0,1,1.0,1,1.0,1,0.3831349637158369,31
1713,2,3810,1371,2439,0,0,0,1.0,1,1.0,1,1.0,1,0.36121285200063985,32
1714,0,3810,1371,2439,0,0,0,1.0,1,1.0,1,1.0,1,0.36121285200063985,32
1715,0,3810,1371,2439,0,0,0,1.0,1,1.0,1,1.0,1,0.36121285200063985,32
1716,1,3811,1372,2439,0,0,0,1.0,1,1.0,1,1.0,1,0.3754925286367617,34
1717,2,3813,1372,2441,0,0,0,1.0,1,1.0,1,1.0,1,0.34167537025541106,34
1718,1,3814,1372,2442,0,0,0,1.0,1,1.0,1,1.0,1,0.3673139685684768,34
1719,2,3816,1372,2444,0,0,0,1.0,1,1.0,1,1.0,1,0.36626622282821386,34
1720,0,3816,1372,2444,0,0,0,1.0,1,1.0,1,1.0,1,0.34521772150417623,34
1721,0,3816,1372,2444,0,0,0,1.0,1,1.0,1,1.0,1,0.3251143070035252,35
1722,0,3816,1372,2444,0,0,0,1.0,1,1.0,1,1.0,1,0.3015676510071293,35
1723,0,3816,1372,2444,0,0,0,1.0,1,1.0,1,1.0,1,0.3273673111133729,34
1724,1,3817,1373,2444,0,0,0,1.0,1,1.0,1,1.0,1,0.27496872086913227,33
1725,2,3819,1374,2445,0,0,0,1.0,1,1.0,1,1.0,1,0.30393148593027675,35
1726,0,3819,1374,2445,0,0,0,1.0,1,1.0,1,1.0,1,0.2760087363685662,34
1727,2,3821,1375,2446,0,0,0,1.0,1,1.0,1,1.0,1,0.3121473911328895,34
1728,1,3822,1375,2447,0,0,0,1.0,1,1.0,1,1.0,1,0.2892447877906163,35
1729,0,3822,1375,2447,0,0,0,1.0,1,1.0,1,1.0,1,0.31060364155508374,35
1730,2,3824,1376,2448,0,0,0,1.0,1,1.0,1,1.0,1,0.29313745542658687,35
1731,1,3825,1377,2448,0,0,0,1.0,1,1.0,1,1.0,1,0.33658743615641795,35
1732,0,3825,1377,2448,0,0,0,1.0,1,1.0,1,1.0,1,0.33658743615641795,35
1733,2,3827,1377,2450,0,0,0,1.0,1,1.0,1,1.0,1,0.3289286772386953,33
1734,1,3828,1378,2450,0,0,0,1.0,1,1.0,1,1.0,1,0.32896383555261965,34
1735,3,3831,1379,2452,0,0,0,1.0,1,1.0,1,1.0,1,0.2935008333116156,33
1736,3,3834,1381,2453,0,0,0,1.0,1,1.0,1,1.0,1,0.2673222773485477,33
1737,2,3836,1382,2454,0,0,0,1.0,1,1.0,1,1.0,1,0.27781233542121253,35
1738,2,3838,1383,2455,0,0,0,1.0,1,1.0,1,1.0,1,0.30036984597409994,36
1739,5,3843,1385,2458,0,0,0,1.0,1,1.0,1,1.0,1,0.260569109887029,36
1740,1,3844,1386,2458,0,0,0,1.0,1,1.0,1,1.0,1,0.29287723674004107,37
1741,5,3849,1386,2463,0,0,0,1.0,1,1.0,1,1.0,1,0.17914014237152545,36
1742,1,3850,1387,2463,0,0,0,1.0,1,1.0,1,1.0,1,0.18768521483756206,36
1743,1,3851,1388,2463,0,0,0,1.0,1,1.0,1,1.0,1,0.21527361143474802,37
1744,2,3853,1388,2465,0,0,0,1.0,1,1.0,1,1.0,1,0.15677582714474,37
1745,5,3858,1392,2466,0,0,0,1.0,1,1.0,1,1.0,1,0.23562286269162425,38
1746,1,3859,1392,2467,0,0,0,1.0,1,1.0,1,1.0,1,0.22857598142600735,38
1747,1,3860,1393,2467,0,0,0,1.0,1,1.0,1,1.0,1,0.21870378383291414,37
1748,1,3861,1394,2467,0,0,0,1.0,1,1.0,1,1.0,1,0.20995043709941974,38
1749,0,3861,1394,2467,0,0,0,1.0,1,1.0,1,1.0,1,0.20995043709941974,38
1750,3,3864,1394,2470,0,0,0,1.0,1,1.0,1,1.0,1,0.203632433309779,39
1751,1,3865,1394,2471,0,0,0,1.0,1,1.0,1,1.0,1,0.20106218814520277,41
1752,0,3865,1394,2471,0,0,0,1.0,1,1.0,1,1.0,1,0.20106218814520277,41
1753,0,3865,1394,2471,0,0,0,1.0,1,1.0,1,1.0,1,0.22123873417374998,41
1754,0,3865,1394,2471,0,0,0,1.0,1,1.0,1,1.0,1,0.2137917524700697,40
1755,1,3866,1395,2471,0,0,0,1.0,1,1.0,1,1.0,1,0.18037265663592186,41
1756,0,3866,1395,2471,0,0,0,1.0,1,1.0,1,1.0,1,0.2282600649220968,41
1757,0,3866,1395,2471,0,0,0,1.0,1,1.0,1,1.0,1,0.23348070607641053,40
1758,2,3868,1397,2471,0,0,0,1.0,1,1.0,1,1.0,1,0.26671047366219597,41
1759,2,3870,1398,2472,0,0,0,1.0,1,1.0,1,1.0,1,0.24452045661948504,38
1760,1,3871,1399,2472,0,0,0,1.0,1,1.0,1,1.0,1,0.2895923443417057,38
1761,2,3873,1400,2473,0,0,0,1.0,1,1.0,1,1.0,1,0.2864052542846395,37
1762,4,3877,1401,2476,0,0,0,1.0,1,1.0,1,1.0,1,0.2590661759137508,37
1763,3,3880,1404,2476,0,0,0,1.0,1,1.0,1,1.0,1,0.30010855402452663,37
1764,2,3882,1405,2477,0,0,0,1.0,1,1.0,1,1.0,1,0.2714571904550174,36
1765,2,3884,1407,2477,0,0,0,1.0,1,1.0,1,1.0,1,0.29701322499906857,36
1766,2,3886,1408,2478,0,0,0,1.0,1,1.0,1,1.0,1,0.3009356186776579,37
1767,2,3888,1409,2479,0,0,0,1.0,1,1.0,1,1.0,1,0.2798649861893176,37
1768,1,3889,1410,2479,0,0,0,1.0,1,1.0,1,1.0,1,0.28386344216342296,37
1769,1,3890,1411,2479,0,0,0,1.0,1,1.0,1,1.0,1,0.2810095696171055,38
1770,2,3892,1413,2479,0,0,0,1.0,1,1.0,1,1.0,1,0.32768072579703506,39
1771,0,3892,1413,2479,0,0,0,1.0,1,1.0,1,1.0,1,0.32768072579703506,39
1772,0,3892,1413,2479,0,0,0,1.0,1,1.0,1,1.0,1,0.32768072579703506,39
1773,1,3893,1413,2480,0,0,0,1.0,1,1.0,1,1.0,1,0.27910511378946146,41
1774,0,3893,1413,2480,0,0,0,1.0,1,1.0,1,1.0,1,0.27910511378946146,41
1775,2,3895,1413,2482,0,0,0,1.0,1,1.0,1,1.0,1,0.25456457861852266,42
1776,2,3897,1414,2483,0,0,0,1.0,1,1.0,1,1.0,1,0.23447617720129013,43
1777,0,3897,1414,2483,0,0,0,1.0,1,1.0,1,1.0,1,0.23447617720129013,43
1778,0,3897,1414,2483,0,0,0,1.0,1,1.0,1,1.0,1,0.24953459860697821,44
1779,2,3899,1414,2485,0,0,0,1.0,1,1.0,1,1.0,1,0.22390903309192367,46
1780,1,3900,1415,2485,0,0,0,1.0,1,1.0,1,1.0,1,0.23700948799209906,46
1781,4,3904,1416,2488,0,0,0,1.0,1,1.0,1,1.0,1,0.2109384279116213,46
1782,1,3905,1417,2488,0,0,0,1.0,1,1.0,1,1.0,1,0.24290459745401388,46
1783,1,3906,1418,2488,0,0,0,1.0,1,1.0,1,1.0,1,0.22955175711044573,44
1784,1,3907,1419,2488,0,0,0,1.0,1,1.0,1,1.0,1,0.2507563089537781,45
1785,1,3908,1420,2488,0,0,0,1.0,1,1.0,1,1.0,1,0.272161291075488,42
1786,4,3912,1422,2490,0,0,0,1.0,1,1.0,1,1.0,1,0.25794917301193,43
1787,3,3915,1425,2490,0,0,0,1.0,1,1.0,1,1.0,1,0.2885506355143695,41
1788,2,3917,1426,2491,0,0,0,1.0,1,1.0,1,1.0,1,0.30242534151451245,41
1789,4,3921,1427,2494,0,0,0,1.0,1,1.0,1,1.0,1,0.2910972391892689,41
1790,2,3923,1429,2494,0,0,0,1.0,1,1.0,1,1.0,1,0.31006546134419094,41
1791,1,3924,1430,2494,0,0,0,1.0,1,1.0,1,1.0,1,0.3195377212218299,40
1792,2,3926,1432,2494,0,0,0,1.0,1,1.0,1,1.0,1,0.2825011455349371,40
1793,1,3927,1432,2495,0,0,0,1.0,1,1.0,1,1.0,1,0.30073610969474496,41
1794,1,3928,1433,2495,0,0,0,1.0,1,1.0,1,1.0,1,0.30631517789578777,41
1795,6,3934,1437,2497,0,0,0,1.0,1,1.0,1,1.0,1,0.26674057631865067,40
1796,2,3936,1439,2497,0,0,0,1.0,1,1.0,1,1.0,1,0.2665584406396961,40
1797,1,3937,1440,2497,0,0,0,1.0,1,1.0,1,1.0,1,0.3105664040615012,37
1798,1,3938,1441,2497,0,0,0,1.0,1,1.0,1,1.0,1,0.3293236177305182,37
1799,0,3938,1441,2497,0,0,0,1.0,1,1.0,1,1.0,1,0.38477081821453113,36
1800,1,3939,1441,2498,0,0,0,1.0,1,1.0,1,1.0,1,0.38009583292825555,36
1801,2,3941,1441,2500,0,0,0,1.0,1,1.0,1,1.0,1,0.32503880288786846,34
1802,1,3942,1441,2501,0,0,0,1.0,1,1.0,1,1.0,1,0.29218309959641403,33
1803,0,3942,1441,2501,0,0,0,1.0,1,1.0,1,1.0,1,0.29218309959641403,33
1804,1,3943,1441,2502,0,0,0,1.0,1,1.0,1,1.0,1,0.2642690503215115,33
1805,0,3943,1441,2502,0,0,0,1.0,1,1.0,1,1.0,1,0.26398240609347484,35
1806,7,3950,1446,2504,0,0,0,1.0,1,1.0,1,1.0,1,0.3251289975300178,35
1807,0,3950,1446,2504,0,0,0,1.0,1,1.0,1,1.0,1,0.35061453678145466,35
1808,5,3955,1447,2508,0,0,0,1.0,1,1.0,1,1.0,1,0.2513819632444575,36
1809,1,3956,1447,2509,0,0,0,1.0,1,1.0,1,1.0,1,0.21176617630316133,36
1810,0,3956,1447,2509,0,0,0,1.0,1,1.0,1,1.0,1,0.22861230298581445,35
1811,3,3959,1447,2512,0,0,0,1.0,1,1.0,1,1.0,1,0.21882744397158546,36
1812,3,3962,1448,2514,0,0,0,1.0,1,1.0,1,1.0,1,0.26307397587940995,36
1813,1,3963,1448,2515,0,0,0,1.0,1,1.0,1,1.0,1,0.2714945967807365,36
1814,1,3964,1448,2516,0,0,0,1.0,1,1.0,1,1.0,1,0.25613762230976134,34
1815,3,3967,1449,2518,0,0,0,1.0,1,1.0,1,1.0,1,0.295301991651702,35
1816,7,3974,1450,2524,0,0,0,1.0,1,1.0,1,1.0,1,0.30275475092994864,34
1817,3,3977,1451,2526,0,0,0,1.0,1,1.0,1,1.0,1,0.26382019219692376,34
1818,3,3980,1452,2528,0,0,0,1.0,1,1.0,1,1.0,1,0.2753960334730176,34
1819,3,3983,1453,2530,0,0,0,1.0,1,1.0,1,1.0,1,0.2581141564303778,35
1820,2,3985,1454,2531,0,0,0,1.0,1,1.0,1,1.0,1,0.2958803316633381,36
1821,6,3991,1454,2537,0,0,0,1.0,1,1.0,1,1.0,1,0.17621294763306244,36
1822,2,3993,1455,2538,0,0,0,1.0,1,1.0,1,1.0,1,0.2231912719177635,37
1823,3,3996,1456,2540,0,0,0,1.0,1,1.0,1,1.0,1,0.28871050377167917,38
1824,5,4001,1458,2543,0,0,0,1.0,1,1.0,1,1.0,1,0.2651966300731448,37
1825,5,4006,1460,2546,0,0,0,1.0,1,1.0,1,1.0,1,0.3069388014657035,36
1826,4,4010,1461,2549,0,0,0,1.0,1,1.0,1,1.0,1,0.2953456134490191,35
1827,6,4016,1462,2554,0,0,0,1.0,1,1.0,1,1.0,1,0.29757483569330345,35
1828,4,4020,1463,2557,0,0,0,1.0,1,1.0,1,1.0,1,0.33510769674881924,33
1829,4,4024,1463,2561,0,0,0,1.0,1,1.0,1,1.0,1,0.3313729358402725,32
1830,2,4026,1463,2563,0,0,0,1.0,1,1.0,1,1.0,1,0.30593188429176754,32
1831,1,4027,1464,2563,0,0,0,1.0,1,1.0,1,1.0,1,0.3767623539044679,30
1832,1,4028,1465,2563,0,0,0,1.0,1,1.0,1,1.0,1,0.3873697066730546,30
1833,1,4029,1465,2564,0,0,0,1.0,1,1.0,1,1.0,1,0.3877559890655428,29
1834,1,4030,1466,2564,0,0,0,1.0,1,1.0,1,1.0,1,0.39191078782986183,28
1835,2,4032,1467,2565,0,0,0,1.0,1,1.0,1,1.0,1,0.4359119171757644,28
1836,2,4034,1468,2566,0,0,0,1.0,1,1.0,1,1.0,1,0.4215091034957625,29
1837,1,4035,1468,2567,0,0,0,1.0,1,1.0,1,1.0,1,0.45363880186953953,28
1838,2,4037,1469,2568,0,0,0,1.0,1,1.0,1,1.0,1,0.4611076195302057,28
1839,2,4039,1470,2569,0,0,0,1.0,1,1.0,1,1.0,1,0.4956420443356568,27
1840,1,4040,1470,2570,0,0,0,1.0,1,1.0,1,1.0,1,0.5267660334947006,26
1841,6,4046,1470,2576,0,0,0,1.0,1,1.0,1,1.0,1,0.37528337391531996,25
1842,4,4050,1471,2579,0,0,0,1.0,1,1.0,1,1.0,1,0.2537582682908562,26
1843,0,4050,1471,2579,0,0,0,1.0,1,1.0,1,1.0,1,0.2537582682908562,26
1844,2,4052,1472,2580,0,0,0,1.0,1,1.0,1,1.0,1,0.24773654874489806,26
1845,1,4053,1473,2580,0,0,0,1.0,1,1.0,1,1.0,1,0.2673751800954671,26
1846,2,4055,1474,2581,0,0,0,1.0,1,1.0,1,1.0,1,0.23719272408269487,26
1847,0,4055,1474,2581,0,0,0,1.0,1,1.0,1,1.0,1,0.23719272408269487,26
1848,1,4056,1474,2582,0,0,0,1.0,1,1.0,1,1.0,1,0.23236272987679907,27
1849,0,4056,1474,2582,0,0,0,1.0,1,1.0,1,1.0,1,0.23236272987679907,27
1850,1,4057,1474,2583,0,0,0,1.0,1,1.0,1,1.0,1,0.19165231760923732,28
1851,0,4057,1474,2583,0,0,0,1.0,1,1.0,1,1.0,1,0.19165231760923732,28
1852,1,4058,1474,2584,0,0,0,1.0,1,1.0,1,1.0,1,0.14197703330480457,28
1853,0,4058,1474,2584,0,0,0,1.0,1,1.0,1,1.0,1,0.1608422645993247,27
1854,1,4059,1474,2585,0,0,0,1.0,1,1.0,1,1.0,1,0.17498188153328034,28
1855,0,4059,1474,2585,0,0,0,1.0,1,1.0,1,1.0,1,0.17498188153328034,28
1856,1,4060,1475,2585,0,0,0,1.0,1,1.0,1,1.0,1,0.1756553791704559,30
1857,2,4062,1475,2587,0,0,0,1.0,1,1.0,1,1.0,1,0.1920981495009284,31
1858,8,4070,1478,2592,0,0,0,1.0,1,1.0,1,1.0,1,0.27973470509314396,31
1859,4,4074,1478,2596,0,0,0,1.0,1,1.0,1,1.0,1,0.2925187796493231,31
1860,3,4077,1478,2599,0,0,0,1.0,1,1.0,1,1.0,1,0.2783054314442502,31
1861,0,4077,1478,2599,0,0,0,1.0,1,1.0,1,1.0,1,0.2783054314442502,31
1862,0,4077,1478,2599,0,0,0,1.0,1,1.0,1,1.0,1,0.2783054314442502,31
1863,1,4078,1479,2599,0,0,0,1.0,1,1.0,1,1.0,1,0.2926578846102916,31
1864,2,4080,1481,2599,0,0,0,1.0,1,1.0,1,1.0,1,0.2549028445001555,30
1865,0,4080,1481,2599,0,0,0,1.0,1,1.0,1,1.0,1,0.26688465454011984,27
1866,1,4081,1482,2599,0,0,0,1.0,1,1.0,1,1.0,1,0.2534078094259331,28
1867,1,4082,1483,2599,0,0,0,1.0,1,1.0,1,1.0,1,0.24710954602350313,26
1868,1,4083,1484,2599,0,0,0,1.0,1,1.0,1,1.0,1,0.26139912017540423,26
1869,0,4083,1484,2599,0,0,0,1.0,1,1.0,1,1.0,1,0.2622227583958743,25
1870,1,4084,1485,2599,0,0,0,1.0,1,1.0,1,1.0,1,0.23708283122844645,25
1871,1,4085,1486,2599,0,0,0,1.0,1,1.0,1,1.0,1,0.24419027450333433,26
1872,0,4085,1486,2599,0,0,0,1.0,1,1.0,1,1.0,1,0.24194027696721454,25
1873,0,4085,1486,2599,0,0,0,1.0,1,1.0,1,1.0,1,0.2816548576601709,23
1874,0,4085,1486,2599,0,0,0,1.0,1,1.0,1,1.0,1,0.33034400744062276,23
1875,0,4085,1486,2599,0,0,0,1.0,1,1.0,1,1.0,1,0.3883307393410434,21
1876,0,4085,1486,2599,0,0,0,1.0,1,1.0,1,1.0,1,0.39743433744921863,24
1877,1,4086,1487,2599,0,0,0,1.0,1,1.0,1,1.0,1,0.4297601521119973,24
1878,1,4087,1488,2599,0,0,0,1.0,1,1.0,1,1.0,1,0.38922757433164096,26
1879,0,4087,1488,2599,0,0,0,1.0,1,1.0,1,1.0,1,0.38922757433164096,26
1880,0,4087,1488,2599,0,0,0,1.0,1,1.0,1,1.0,1,0.38922757433164096,26
1881,3,4090,1488,2602,0,0,0,1.0,1,1.0,1,1.0,1,0.2914901282119512,26
1882,0,4090,1488,2602,0,0,0,1.0,1,1.0,1,1.0,1,0.29941166298899835,25
1883,0,4090,1488,2602,0,0,0,1.0,1,1.0,1,1.0,1,0.29941166298899835,25
1884,0,4090,1488,2602,0,0,0,1.0,1,1.0,1,1.0,1,0.29941166298899835,25
1885,0,4090,1488,2602,0,0,0,1.0,1,1.0,1,1.0,1,0.29941166298899835,25
1886,0,4090,1488,2602,0,0,0,1.0,1,1.0,1,1.0,1,0.29001524623578856,26
1887,0,4090,1488,2602,0,0,0,1.0,1,1.0,1,1.0,1,0.29001524623578856,26
1888,1,4091,1489,2602,0,0,0,1.0,1,1.0,1,1.0,1,0.3179654578032832,27
1889,0,4091,1489,2602,0,0,0,1.0,1,1.0,1,1.0,1,0.34318091460742084,28
1890,0,4091,1489,2602,0,0,0,1.0,1,1.0,1,1.0,1,0.34318091460742084,28
1891,1,4092,1489,2603,0,0,0,1.0,1,1.0,1,1.0,1,0.3517565190424179,29
1892,1,4093,1489,2604,0,0,0,1.0,1,1.0,1,1.0,1,0.3249835338791969,29
1893,1,4094,1490,2604,0,0,0,1.0,1,1.0,1,1.0,1,0.3319770920678407,29
1894,2,4096,1490,2606,0,0,0,1.0,1,1.0,1,1.0,1,0.2887225902747728,29
1895,3,4099,1491,2608,0,0,0,1.0,1,1.0,1,1.0,1,0.249724535351705,31
1896,1,4100,1491,2609,0,0,0,1.0,1,1.0,1,1.0,1,0.22541203365593787,31
1897,0,4100,1491,2609,0,0,0,1.0,1,1.0,1,1.0,1,0.22541203365593787,31
1898,0,4100,1491,2609,0,0,0,1.0,1,1.0,1,1.0,1,0.22541203365593787,31
1899,0,4100,1491,2609,0,0,0,1.0,1,1.0,1,1.0,1,0.2404129146522591,32
1900,0,4100,1491,2609,0,0,0,1.0,1,1.0,1,1.0,1,0.2404129146522591,32
1901,1,4101,1491,2610,0,0,0,1.0,1,1.0,1,1.0,1,0.2156205641017551,32
1902,0,4101,1491,2610,0,0,0,1.0,1,1.0,1,1.0,1,0.2156205641017551,32
1903,0,4101,1491,2610,0,0,0,1.0,1,1.0,1,1.0,1,0.2156205641017551,32
1904,0,4101,1491,2610,0,0,0,1.0,1,1.0,1,1.0,1,0.19728529945443554,34
1905,0,4101,1491,2610,0,0,0,1.0,1,1.0,1,1.0,1,0.19728529945443554,34
1906,0,4101,1491,2610,0,0,0,1.0,1,1.0,1,1.0,1,0.2085172763919937,35
1907,0,4101,1491,2610,0,0,0,1.0,1,1.0,1,1.0,1,0.21284730483853662,36
1908,0,4101,1491,2610,0,0,0,1.0,1,1.0,1,1.0,1,0.21284730483853662,36
1909,1,4102,1491,2611,0,0,0,1.0,1,1.0,1,1.0,1,0.20168923771181005,37
1910,3,4105,1492,2613,0,0,0,1.0,1,1.0,1,1.0,1,0.2198917065869049,38
1911,0,4105,1492,2613,0,0,0,1.0,1,1.0,1,1.0,1,0.208742495234166,37
1912,3,4108,1494,2614,0,0,0,1.0,1,1.0,1,1.0,1,0.21832130028753635,37
1913,1,4109,1494,2615,0,0,0,1.0,1,1.0,1,1.0,1,0.21352632515102757,36
1914,2,4111,1495,2616,0,0,0,1.0,1,1.0,1,1.0,1,0.21966153576229558,37
1915,2,4113,1497,2616,0,0,0,1.0,1,1.0,1,1.0,1,0.2754967288512321,37
1916,5,4118,1500,2618,0,0,0,1.0,1,1.0,1,1.0,1,0.26964437551494913,39
1917,4,4122,1501,2621,0,0,0,1.0,1,1.0,1,1.0,1,0.30367949795455124,38
1918,2,4124,1502,2622,0,0,0,1.0,1,1.0,1,1.0,1,0.3010051461197343,38
1919,3,4127,1502,2625,0,0,0,1.0,1,1.0,1,1.0,1,0.32866894478793135,38
1920,6,4133,1503,2630,0,0,0,1.0,1,1.0,1,1.0,1,0.32899596179062035,39
1921,3,4136,1503,2633,0,0,0,1.0,1,1.0,1,1.0,1,0.23028144989690577,38
1922,2,4138,1504,2634,0,0,0,1.0,1,1.0,1,1.0,1,0.18320840357133902,39
1923,2,4140,1506,2634,0,0,0,1.0,1,1.0,1,1.0,1,0.2339717423144788,40
1924,2,4142,1506,2636,0,0,0,1.0,1,1.0,1,1.0,1,0.19019646044130142,40
1925,1,4143,1506,2637,0,0,0,1.0,1,1.0,1,1.0,1,0.18659347235818574,40
1926,0,4143,1506,2637,0,0,0,1.0,1,1.0,1,1.0,1,0.18659347235818574,40
1927,1,4144,1506,2638,0,0,0,1.0,1,1.0,1,1.0,1,0.15924280042796288,41
1928,0,4144,1506,2638,0,0,0,1.0,1,1.0,1,1.0,1,0.15924280042796288,41
1929,1,4145,1506,2639,0,0,0,1.0,1,1.0,1,1.0,1,0.1269519433551069,40
1930,0,4145,1506,2639,0,0,0,1.0,1,1.0,1,1.0,1,0.1269519433551069,40
1931,1,4146,1507,2639,0,0,0,1.0,1,1.0,1,1.0,1,0.15690283452922874,40
1932,0,4146,1507,2639,0,0,0,1.0,1,1.0,1,1.0,1,0.15690283452922874,40
1933,0,4146,1507,2639,0,0,0,1.0,1,1.0,1,1.0,1,0.17617538518613485,42
1934,0,4146,1507,2639,0,0,0,1.0,1,1.0,1,1.0,1,0.18603640744043026,44
1935,1,4147,1507,2640,0,0,0,1.0,1,1.0,1,1.0,1,0.16948470406965985,44
1936,3,4150,1508,2642,0,0,0,1.0,1,1.0,1,1.0,1,0.15657220100074476,46
1937,0,4150,1508,2642,0,0,0,1.0,1,1.0,1,1.0,1,0.16498217310080568,47
1938,1,4151,1508,2643,0,0,0,1.0,1,1.0,1,1.0,1,0.15817719442932188,47
1939,1,4152,1508,2644,0,0,0,1.0,1,1.0,1,1.0,1,0.16280683069766497,47
1940,3,4155,1508,2647,0,0,0,1.0,1,1.0,1,1.0,1,0.18493788537543973,47
1941,3,4158,1510,2648,0,0,0,1.0,1,1.0,1,1.0,1,0.15867853197965784,47
1942,3,4161,1512,2649,0,0,0,1.0,1,1.0,1,1.0,1,0.19764029301274538,49
1943,2,4163,1513,2650,0,0,0,1.0,1,1.0,1,1.0,1,0.18757554876859597,47
1944,3,4166,1515,2651,0,0,0,1.0,1,1.0,1,1.0,1,0.20788385494875433,47
1945,5,4171,1518,2653,0,0,0,1.0,1,1.0,1,1.0,1,0.2225610946903959,45
1946,1,4172,1519,2653,0,0,0,1.0,1,1.0,1,1.0,1,0.24373877979126451,45
1947,4,4176,1521,2655,0,0,0,1.0,1,1.0,1,1.0,1,0.26580021792070985,45
1948,3,4179,1522,2657,0,0,0,1.0,1,1.0,1,1.0,1,0.29903041896083654,45
1949,2,4181,1524,2657,0,0,0,1.0,1,1.0,1,1.0,1,0.3861546324048171,42
1950,6,4187,1526,2661,0,0,0,1.0,1,1.0,1,1.0,1,0.32504225453313246,42
1951,1,4188,1527,2661,0,0,0,1.0,1,1.0,1,1.0,1,0.397031682108934,38
1952,1,4189,1528,2661,0,0,0,1.0,1,1.0,1,1.0,1,0.34925895958518377,36
1953,2,4191,1530,2661,0,0,0,1.0,1,1.0,1,1.0,1,0.33640820118022013,35
1954,1,4192,1530,2662,0,0,0,1.0,1,1.0,1,1.0,1,0.3245339635667108,32
1955,3,4195,1533,2662,0,0,0,1.0,1,1.0,1,1.0,1,0.32358146173724067,33
1956,2,4197,1534,2663,0,0,0,1.0,1,1.0,1,1.0,1,0.3148302490108593,31
1957,1,4198,1535,2663,0,0,0,1.0,1,1.0,1,1.0,1,0.29981039971239815,33
1958,1,4199,1535,2664,0,0,0,1.0,1,1.0,1,1.0,1,0.24388200185660164,34
1959,0,4199,1535,2664,0,0,0,1.0,1,1.0,1,1.0,1,0.24320858909263512,35
1960,1,4200,1536,2664,0,0,0,1.0,1,1.0,1,1.0,1,0.2834966462077034,36
1961,2,4202,1537,2665,0,0,0,1.0,1,1.0,1,1.0,1,0.26117249816579285,36
1962,2,4204,1537,2667,0,0,0,1.0,1,1.0,1,1.0,1,0.283298449531992,35
1963,1,4205,1538,2667,0,0,0,1.0,1,1.0,1,1.0,1,0.2931154331971716,36
1964,2,4207,1539,2668,0,0,0,1.0,1,1.0,1,1.0,1,0.33211654930685486,35
1965,2,4209,1540,2669,0,0,0,1.0,1,1.0,1,1.0,1,0.25314778663932647,36
1966,2,4211,1541,2670,0,0,0,1.0,1,1.0,1,1.0,1,0.22151903138949558,36
1967,1,4212,1541,2671,0,0,0,1.0,1,1.0,1,1.0,1,0.20799586965167458,36
1968,0,4212,1541,2671,0,0,0,1.0,1,1.0,1,1.0,1,0.21933925904600607,37
1969,1,4213,1542,2671,0,0,0,1.0,1,1.0,1,1.0,1,0.23416652455869605,37
1970,3,4216,1543,2673,0,0,0,1.0,1,1.0,1,1.0,1,0.24577828726663034,38
1971,1,4217,1543,2674,0,0,0,1.0,1,1.0,1,1.0,1,0.25830126438109513,37
1972,1,4218,1543,2675,0,0,0,1.0,1,1.0,1,1.0,1,0.25261729814140477,37
1973,2,4220,1544,2676,0,0,0,1.0,1,1.0,1,1.0,1,0.29539998178876387,37
1974,3,4223,1545,2678,0,0,0,1.0,1,1.0,1,1.0,1,0.30466149931316455,38
1975,1,4224,1545,2679,0,0,0,1.0,1,1.0,1,1.0,1,0.31774619413134586,37
1976,4,4228,1548,2680,0,0,0,1.0,1,1.0,1,1.0,1,0.3026078754176021,39
1977,4,4232,1549,2683,0,0,0,1.0,1,1.0,1,1.0,1,0.281384444768738,42
1978,2,4234,1551,2683,0,0,0,1.0,1,1.0,1,1.0,1,0.2793113759895999,42
1979,2,4236,1551,2685,0,0,0,1.0,1,1.0,1,1.0,1,0.26891450604747313,42
1980,3,4239,1552,2687,0,0,0,1.0,1,1.0,1,1.0,1,0.2878395738839404,43
1981,2,4241,1552,2689,0,0,0,1.0,1,1.0,1,1.0,1,0.26067664023773435,44
1982,5,4246,1553,2693,0,0,0,1.0,1,1.0,1,1.0,1,0.20237280745420058,44
1983,2,4248,1555,2693,0,0,0,1.0,1,1.0,1,1.0,1,0.1964638355028807,44
1984,1,4249,1556,2693,0,0,0,1.0,1,1.0,1,1.0,1,0.23325167173159816,42
1985,1,4250,1557,2693,0,0,0,1.0,1,1.0,1,1.0,1,0.2117729787340377,41
1986,3,4253,1560,2693,0,0,0,1.0,1,1.0,1,1.0,1,0.24672690786250634,40
1987,2,4255,1562,2693,0,0,0,1.0,1,1.0,1,1.0,1,0.21175971746469083,37
1988,5,4260,1565,2695,0,0,0,1.0,1,1.0,1,1.0,1,0.25662825675493445,35
1989,1,4261,1566,2695,0,0,0,1.0,1,1.0,1,1.0,1,0.2690689906765436,32
1990,3,4264,1568,2696,0,0,0,1.0,1,1.0,1,1.0,1,0.2368247314278404,31
1991,2,4266,1569,2697,0,0,0,1.0,1,1.0,1,1.0,1,0.26582655585183523,32
1992,2,4268,1570,2698,0,0,0,1.0,1,1.0,1,1.0,1,0.3103945746763799,32
1993,1,4269,1571,2698,0,0,0,1.0,1,1.0,1,1.0,1,0.35659837723484594,32
1994,0,4269,1571,2698,0,0,0,1.0,1,1.0,1,1.0,1,0.34477968630821704,31
1995,1,4270,1571,2699,0,0,0,1.0,1,1.0,1,1.0,1,0.3286726058970236,32
1996,0,4270,1571,2699,0,0,0,1.0,1,1.0,1,1.0,1,0.3332822039405801,32
1997,0,4270,1571,2699,0,0,0,1.0,1,1.0,1,1.0,1,0.34258188908105336,31
1998,1,4271,1572,2699,0,0,0,1.0,1,1.0,1,1.0,1,0.3541824389468577,32
1999,1,4272,1572,2700,0,0,0,1.0,1,1.0,1,1.0,1,0.3474241414408943,31
2000,0,4272,1572,2700,0,0,0,1.0,1,1.0,1,1.0,1,0.3862590112048616,30
2001,0,4272,1572,2700,0,0,0,1.0,1,1.0,1,1.0,1,0.4126990831667282,29
2002,0,4272,1572,2700,0,0,0,1.0,1,1.0,1,1.0,1,0.39535144087151713,31
2003,7,4279,1574,2705,0,0,0,1.0,1,1.0,1,1.0,1,0.2809809373852554,33
2004,3,4282,1575,2707,0,0,0,1.0,1,1.0,1,1.0,1,0.26492546246598486,34
2005,0,4282,1575,2707,0,0,0,1.0,1,1.0,1,1.0,1,0.28817247733614726,35
2006,1,4283,1576,2707,0,0,0,1.0,1,1.0,1,1.0,1,0.28453922253816333,36
2007,1,4284,1576,2708,0,0,0,1.0,1,1.0,1,1.0,1,0.27559807068872183,36
2008,4,4288,1578,2710,0,0,0,1.0,1,1.0,1,1.0,1,0.27203820567961795,36
2009,1,4289,1578,2711,0,0,0,1.0,1,1.0,1,1.0,1,0.24173075920321713,37
2010,3,4292,1579,2713,0,0,0,1.0,1,1.0,1,1.0,1,0.2319040445889374,37
2011,0,4292,1579,2713,0,0,0,1.0,1,1.0,1,1.0,1,0.2319040445889374,37
2012,0,4292,1579,2713,0,0,0,1.0,1,1.0,1,1.0,1,0.2319040445889374,37
2013,1,4293,1580,2713,0,0,0,1.0,1,1.0,1,1.0,1,0.26257825835355486,39
2014,0,4293,1580,2713,0,0,0,1.0,1,1.0,1,1.0,1,0.28878769972148244,39
2015,0,4293,1580,2713,0,0,0,1.0,1,1.0,1,1.0,1,0.28878769972148244,39
2016,1,4294,1580,2714,0,0,0,1.0,1,1.0,1,1.0,1,0.253520446182901,41
2017,0,4294,1580,2714,0,0,0,1.0,1,1.0,1,1.0,1,0.253520446182901,41
2018,4,4298,1581,2717,0,0,0,1.0,1,1.0,1,1.0,1,0.22503666669862682,42
2019,0,4298,1581,2717,0,0,0,1.0,1,1.0,1,1.0,1,0.20675188244038004,43
2020,3,4301,1583,2718,0,0,0,1.0,1,1.0,1,1.0,1,0.20689674004197445,43
2021,3,4304,1584,2720,0,0,0,1.0,1,1.0,1,1.0,1,0.17937607239041103,43
2022,1,4305,1585,2720,0,0,0,1.0,1,1.0,1,1.0,1,0.18432078363297066,44
2023,3,4308,1587,2721,0,0,0,1.0,1,1.0,1,1.0,1,0.23162890552842955,42
2024,0,4308,1587,2721,0,0,0,1.0,1,1.0,1,1.0,1,0.2219554260630562,41
2025,2,4310,1589,2721,0,0,0,1.0,1,1.0,1,1.0,1,0.23641321193577144,39
2026,1,4311,1589,2722,0,0,0,1.0,1,1.0,1,1.0,1,0.2545782052334951,39
2027,3,4314,1591,2723,0,0,0,1.0,1,1.0,1,1.0,1,0.3833724566241655,38
2028,1,4315,1592,2723,0,0,0,1.0,1,1.0,1,1.0,1,0.40387651556758136,37
2029,2,4317,1593,2724,0,0,0,1.0,1,1.0,1,1.0,1,0.3651619556253035,35
2030,1,4318,1594,2724,0,0,0,1.0,1,1.0,1,1.0,1,0.3105530531895678,32
2031,2,4320,1596,2724,0,0,0,1.0,1,1.0,1,1.0,1,0.3166872299284509,34
2032,4,4324,1597,2727,0,0,0,1.0,1,1.0,1,1.0,1,0.3142758623804588,35
2033,4,4328,1601,2727,0,0,0,1.0,1,1.0,1,1.0,1,0.30858554736098864,35
2034,0,4328,1601,2727,0,0,0,1.0,1,1.0,1,1.0,1,0.3298687052224727,35
2035,0,4328,1601,2727,0,0,0,1.0,1,1.0,1,1.0,1,0.32082444656164666,36
2036,0,4328,1601,2727,0,0,0,1.0,1,1.0,1,1.0,1,0.3265826569477212,35
2037,1,4329,1602,2727,0,0,0,1.0,1,1.0,1,1.0,1,0.34542803866368954,36
2038,3,4332,1604,2728,0,0,0,1.0,1,1.0,1,1.0,1,0.3244305183276428,38
2039,2,4334,1604,2730,0,0,0,1.0,1,1.0,1,1.0,1,0.29808140808150196,38
2040,0,4334,1604,2730,0,0,0,1.0,1,1.0,1,1.0,1,0.2793421829226949,37
2041,3,4337,1605,2732,0,0,0,1.0,1,1.0,1,1.0,1,0.2474492998461962,38
2042,1,4338,1605,2733,0,0,0,1.0,1,1.0,1,1.0,1,0.23191274780394588,38
2043,0,4338,1605,2733,0,0,0,1.0,1,1.0,1,1.0,1,0.23191274780394588,38
2044,0,4338,1605,2733,0,0,0,1.0,1,1.0,1,1.0,1,0.2308015341648272,39
2045,1,4339,1605,2734,0,0,0,1.0,1,1.0,1,1.0,1,0.24310393802384384,40
2046,2,4341,1605,2736,0,0,0,1.0,1,1.0,1,1.0,1,0.19389592272136252,41
2047,0,4341,1605,2736,0,0,0,1.0,1,1.0,1,1.0,1,0.19389592272136252,41
2048,1,4342,1605,2737,0,0,0,1.0,1,1.0,1,1.0,1,0.18315484788048034,43
2049,1,4343,1606,2737,0,0,0,1.0,1,1.0,1,1.0,1,0.1899387435638497,43
2050,1,4344,1606,2738,0,0,0,1.0,1,1.0,1,1.0,1,0.15730020628348648,43
2051,3,4347,1608,2739,0,0,0,1.0,1,1.0,1,1.0,1,0.19677033915287714,43
2052,1,4348,1608,2740,0,0,0,1.0,1,1.0,1,1.0,1,0.1918088253337225,44
2053,1,4349,1609,2740,0,0,0,1.0,1,1.0,1,1.0,1,0.22933239947115483,43
2054,0,4349,1609,2740,0,0,0,1.0,1,1.0,1,1.0,1,0.2338876893604087,44
2055,0,4349,1609,2740,0,0,0,1.0,1,1.0,1,1.0,1,0.24185468777171953,43
2056,2,4351,1610,2741,0,0,0,1.0,1,1.0,1,1.0,1,0.22191443432819377,44
2057,2,4353,1612,2741,0,0,0,1.0,1,1.0,1,1.0,1,0.20020800630728536,44
2058,2,4355,1614,2741,0,0,0,1.0,1,1.0,1,1.0,1,0.20899777943388176,44
2059,3,4358,1615,2743,0,0,0,1.0,1,1.0,1,1.0,1,0.19412755145294988,45
2060,2,4360,1617,2743,0,0,0,1.0,1,1.0,1,1.0,1,0.2078288494443727,46
2061,5,4365,1619,2746,0,0,0,1.0,1,1.0,1,1.0,1,0.1765774328073463,48
2062,3,4368,1622,2746,0,0,0,1.0,1,1.0,1,1.0,1,0.231121261449569,48
2063,0,4368,1622,2746,0,0,0,1.0,1,1.0,1,1.0,1,0.21681603542966574,45
2064,1,4369,1622,2747,0,0,0,1.0,1,1.0,1,1.0,1,0.2046879506142734,44
2065,1,4370,1623,2747,0,0,0,1.0,1,1.0,1,1.0,1,0.19041748086905655,42
2066,4,4374,1627,2747,0,0,0,1.0,1,1.0,1,1.0,1,0.27929385604736395,42
2067,3,4377,1628,2749,0,0,0,1.0,1,1.0,1,1.0,1,0.27351408563677765,38
2068,0,4377,1628,2749,0,0,0,1.0,1,1.0,1,1.0,1,0.2814287206153461,37
2069,0,4377,1628,2749,0,0,0,1.0,1,1.0,1,1.0,1,0.3146092536885955,35
2070,3,4380,1630,2750,0,0,0,1.0,1,1.0,1,1.0,1,0.31858084323160335,35
2071,0,4380,1630,2750,0,0,0,1.0,1,1.0,1,1.0,1,0.3359501091255258,34
2072,2,4382,1631,2751,0,0,0,1.0,1,1.0,1,1.0,1,0.4016499682085024,35
2073,1,4383,1631,2752,0,0,0,1.0,1,1.0,1,1.0,1,0.38939246047610115,37
2074,0,4383,1631,2752,0,0,0,1.0,1,1.0,1,1.0,1,0.3760992030033319,36
2075,0,4383,1631,2752,0,0,0,1.0,1,1.0,1,1.0,1,0.3705696939985454,38
2076,1,4384,1631,2753,0,0,0,1.0,1,1.0,1,1.0,1,0.3518289651184384,37
2077,0,4384,1631,2753,0,0,0,1.0,1,1.0,1,1.0,1,0.3518289651184384,37
2078,0,4384,1631,2753,0,0,0,1.0,1,1.0,1,1.0,1,0.3518289651184384,37
2079,1,4385,1632,2753,0,0,0,1.0,1,1.0,1,1.0,1,0.34992357449863704,37
2080,0,4385,1632,2753,0,0,0,1.0,1,1.0,1,1.0,1,0.3546117066901405,36
2081,7,4392,1633,2759,0,0,0,1.0,1,1.0,1,1.0,1,0.20912493102128626,37
2082,3,4395,1635,2760,0,0,0,1.0,1,1.0,1,1.0,1,0.2767140600319934,38
2083,2,4397,1635,2762,0,0,0,1.0,1,1.0,1,1.0,1,0.2699659662191086,39
2084,7,4404,1635,2769,0,0,0,1.0,1,1.0,1,1.0,1,0.23830163531408768,41
2085,5,4409,1637,2772,0,0,0,1.0,1,1.0,1,1.0,1,0.2600662175794999,41
2086,4,4413,1637,2776,0,0,0,1.0,1,1.0,1,1.0,1,0.24259040855247072,44
2087,4,4417,1638,2779,0,0,0,1.0,1,1.0,1,1.0,1,0.25364546536651733,44
2088,4,4421,1638,2783,0,0,0,1.0,1,1.0,1,1.0,1,0.2347605129367105,45
2089,2,4423,1638,2785,0,0,0,1.0,1,1.0,1,1.0,1,0.2243140626004023,46
2090,2,4425,1638,2787,0,0,0,1.0,1,1.0,1,1.0,1,0.2306633545803435,47
2091,2,4427,1638,2789,0,0,0,1.0,1,1.0,1,1.0,1,0.19813994604547144,48
2092,4,4431,1641,2790,0,0,0,1.0,1,1.0,1,1.0,1,0.19868000416191553,48
2093,2,4433,1641,2792,0,0,0,1.0,1,1.0,1,1.0,1,0.19868000416191553,48
2094,2,4435,1642,2793,0,0,0,1.0,1,1.0,1,1.0,1,0.2132813570503896,47
2095,4,4439,1642,2797,0,0,0,1.0,1,1.0,1,1.0,1,0.18193969760278544,49
2096,3,4442,1643,2799,0,0,0,1.0,1,1.0,1,1.0,1,0.19995594840506614,50
2097,1,4443,1643,2800,0,0,0,1.0,1,1.0,1,1.0,1,0.20887982160508725,50
2098,1,4444,1643,2801,0,0,0,1.0,1,1.0,1,1.0,1,0.218595331660436,51
2099,1,4445,1643,2802,0,0,0,1.0,1,1.0,1,1.0,1,0.24025317899487392,50
2100,0,4445,1643,2802,0,0,0,1.0,1,1.0,1,1.0,1,0.23394552097140442,49
2101,5,4450,1645,2805,0,0,0,1.0,1,1.0,1,1.0,1,0.24788539717622815,48
2102,6,4456,1649,2807,0,0,0,1.0,1,1.0,1,1.0,1,0.3183269520573439,49
2103,2,4458,1650,2808,0,0,0,1.0,1,1.0,1,1.0,1,0.27254452505292687,44
2104,2,4460,1652,2808,0,0,0,1.0,1,1.0,1,1.0,1,0.35288080254193066,42
2105,0,4460,1652,2808,0,0,0,1.0,1,1.0,1,1.0,1,0.3360039749652982,40
2106,1,4461,1653,2808,0,0,0,1.0,1,1.0,1,1.0,1,0.3916855713431355,39
2107,1,4462,1654,2808,0,0,0,1.0,1,1.0,1,1.0,1,0.3771432822061063,37
2108,1,4463,1655,2808,0,0,0,1.0,1,1.0,1,1.0,1,0.3880780406126174,37
2109,3,4466,1658,2808,0,0,0,1.0,1,1.0,1,1.0,1,0.44002993511098504,36
2110,0,4466,1658,2808,0,0,0,1.0,1,1.0,1,1.0,1,0.41361829374562,35
2111,1,4467,1659,2808,0,0,0,1.0,1,1.0,1,1.0,1,0.3914621919088334,35
2112,0,4467,1659,2808,0,0,0,1.0,1,1.0,1,1.0,1,0.3914621919088334,35
2113,0,4467,1659,2808,0,0,0,1.0,1,1.0,1,1.0,1,0.3910683608309322,35
2114,1,4468,1660,2808,0,0,0,1.0,1,1.0,1,1.0,1,0.397405313840672,36
2115,2,4470,1662,2808,0,0,0,1.0,1,1.0,1,1.0,1,0.35269588031058746,37
2116,2,4472,1664,2808,0,0,0,1.0,1,1.0,1,1.0,1,0.4129812695215031,39
2117,2,4474,1665,2809,0,0,0,1.0,1,1.0,1,1.0,1,0.3772493348255694,39
2118,5,4479,1666,2813,0,0,0,1.0,1,1.0,1,1.0,1,0.3338685570251645,41
2119,4,4483,1668,2815,0,0,0,1.0,1,1.0,1,1.0,1,0.25453371676820397,42
2120,1,4484,1668,2816,0,0,0,1.0,1,1.0,1,1.0,1,0.22826977390013156,42
2121,2,4486,1668,2818,0,0,0,1.0,1,1.0,1,1.0,1,0.17612462683988378,42
2122,0,4486,1668,2818,0,0,0,1.0,1,1.0,1,1.0,1,0.19598745193479208,43
2123,0,4486,1668,2818,0,0,0,1.0,1,1.0,1,1.0,1,0.22826108141778673,42
2124,1,4487,1669,2818,0,0,0,1.0,1,1.0,1,1.0,1,0.23435906323567823,42
2125,0,4487,1669,2818,0,0,0,1.0,1,1.0,1,1.0,1,0.2379151010603475,41
2126,0,4487,1669,2818,0,0,0,1.0,1,1.0,1,1.0,1,0.2379151010603475,41
2127,0,4487,1669,2818,0,0,0,1.0,1,1.0,1,1.0,1,0.2379151010603475,41
2128,0,4487,1669,2818,0,0,0,1.0,1,1.0,1,1.0,1,0.22989384747087774,42
2129,1,4488,1669,2819,0,0,0,1.0,1,1.0,1,1.0,1,0.24640510389923434,43
2130,1,4489,1669,2820,0,0,0,1.0,1,1.0,1,1.0,1,0.23329387037754165,45
2131,2,4491,1671,2820,0,0,0,1.0,1,1.0,1,1.0,1,0.26985754570111975,44
2132,0,4491,1671,2820,0,0,0,1.0,1,1.0,1,1.0,1,0.26985754570111975,44
2133,2,4493,1672,2821,0,0,0,1.0,1,1.0,1,1.0,1,0.25988103484770464,45
2134,2,4495,1673,2822,0,0,0,1.0,1,1.0,1,1.0,1,0.25193342420321485,45
2135,4,4499,1675,2824,0,0,0,1.0,1,1.0,1,1.0,1,0.24456623955361584,46
2136,2,4501,1677,2824,0,0,0,1.0,1,1.0,1,1.0,1,0.21851082275296774,47
2137,5,4506,1679,2827,0,0,0,1.0,1,1.0,1,1.0,1,0.13713889559880754,47
2138,2,4508,1681,2827,0,0,0,1.0,1,1.0,1,1.0,1,0.16381047038586866,45
2139,0,4508,1681,2827,0,0,0,1.0,1,1.0,1,1.0,1,0.16381047038586866,45
2140,2,4510,1683,2827,0,0,0,1.0,1,1.0,1,1.0,1,0.1878277798801712,44
2141,5,4515,1685,2830,0,0,0,1.0,1,1.0,1,1.0,1,0.1515187659054794,45
2142,2,4517,1686,2831,0,0,0,1.0,1,1.0,1,1.0,1,0.1305029395961218,46
2143,0,4517,1686,2831,0,0,0,1.0,1,1.0,1,1.0,1,0.1175587224705746,46
2144,2,4519,1687,2832,0,0,0,1.0,1,1.0,1,1.0,1,0.13855143827825328,48
2145,4,4523,1691,2832,0,0,0,1.0,1,1.0,1,1.0,1,0.1385213964350335,46
2146,5,4528,1694,2834,0,0,0,1.0,1,1.0,1,1.0,1,0.14727567207609693,45
2147,1,4529,1695,2834,0,0,0,1.0,1,1.0,1,1.0,1,0.11151053906921582,44
2148,2,4531,1697,2834,0,0,0,1.0,1,1.0,1,1.0,1,0.18454659330474757,44
2149,3,4534,1700,2834,0,0,0,1.0,1,1.0,1,1.0,1,0.17970065527175563,42
2150,3,4537,1702,2835,0,0,0,1.0,1,1.0,1,1.0,1,0.18415130122912515,40
2151,2,4539,1703,2836,0,0,0,1.0,1,1.0,1,1.0,1,0.24001991765021177,39
2152,2,4541,1704,2837,0,0,0,1.0,1,1.0,1,1.0,1,0.25886603797805774,40
2153,1,4542,1705,2837,0,0,0,1.0,1,1.0,1,1.0,1,0.2864741386017275,42
2154,4,4546,1706,2840,0,0,0,1.0,1,1.0,1,1.0,1,0.31126416320260514,42
2155,2,4548,1707,2841,0,0,0,1.0,1,1.0,1,1.0,1,0.2801682564097394,41
2156,0,4548,1707,2841,0,0,0,1.0,1,1.0,1,1.0,1,0.31292569362997513,40
2157,1,4549,1708,2841,0,0,0,1.0,1,1.0,1,1.0,1,0.3499454510384203,40
2158,0,4549,1708,2841,0,0,0,1.0,1,1.0,1,1.0,1,0.3798956916428435,38
2159,0,4549,1708,2841,0,0,0,1.0,1,1.0,1,1.0,1,0.3759821786060227,38
2160,0,4549,1708,2841,0,0,0,1.0,1,1.0,1,1.0,1,0.3759821786060227,38
2161,7,4556,1710,2846,0,0,0,1.0,1,1.0,1,1.0,1,0.2351921241982128,38
2162,2,4558,1711,2847,0,0,0,1.0,1,1.0,1,1.0,1,0.19960678450603667,38
2163,4,4562,1713,2849,0,0,0,1.0,1,1.0,1,1.0,1,0.21628516132691963,40
2164,2,4564,1714,2850,0,0,0,1.0,1,1.0,1,1.0,1,0.25017863818641684,41
2165,3,4567,1714,2853,0,0,0,1.0,1,1.0,1,1.0,1,0.2444793235187612,42
2166,0,4567,1714,2853,0,0,0,1.0,1,1.0,1,1.0,1,0.2444793235187612,42
2167,0,4567,1714,2853,0,0,0,1.0,1,1.0,1,1.0,1,0.21849496042317443,43
2168,0,4567,1714,2853,0,0,0,1.0,1,1.0,1,1.0,1,0.2009396895227837,43
2169,1,4568,1714,2854,0,0,0,1.0,1,1.0,1,1.0,1,0.2204984377058366,45
2170,2,4570,1715,2855,0,0,0,1.0,1,1.0,1,1.0,1,0.18758369790061785,46
2171,0,4570,1715,2855,0,0,0,1.0,1,1.0,1,1.0,1,0.1879750310939117,48
2172,2,4572,1715,2857,0,0,0,1.0,1,1.0,1,1.0,1,0.1872621710660117,49
2173,3,4575,1716,2859,0,0,0,1.0,1,1.0,1,1.0,1,0.15305702480555675,49
2174,1,4576,1716,2860,0,0,0,1.0,1,1.0,1,1.0,1,0.17519511887920833,49
2175,0,4576,1716,2860,0,0,0,1.0,1,1.0,1,1.0,1,0.17519511887920833,49
2176,7,4583,1719,2864,0,0,0,1.0,1,1.0,1,1.0,1,0.23032897649457168,51
2177,6,4589,1721,2868,0,0,0,1.0,1,1.0,1,1.0,1,0.15358662218171412,51
2178,3,4592,1723,2869,0,0,0,1.0,1,1.0,1,1.0,1,0.16340498666208886,50
2179,1,4593,1723,2870,0,0,0,1.0,1,1.0,1,1.0,1,0.1669643986676132,49
2180,2,4595,1723,2872,0,0,0,1.0,1,1.0,1,1.0,1,0.20683320751497206,47
2181,7,4602,1726,2876,0,0,0,1.0,1,1.0,1,1.0,1,0.17644920226299202,47
2182,5,4607,1728,2879,0,0,0,1.0,1,1.0,1,1.0,1,0.14542332747566755,45
2183,0,4607,1728,2879,0,0,0,1.0,1,1.0,1,1.0,1,0.1331728110609904,44
2184,3,4610,1731,2879,0,0,0,1.0,1,1.0,1,1.0,1,0.20319611389480907,43
2185,6,4616,1734,2882,0,0,0,1.0,1,1.0,1,1.0,1,0.19787661662158923,40
2186,3,4619,1737,2882,0,0,0,1.0,1,1.0,1,1.0,1,0.20381155818605623,38
2187,1,4620,1738,2882,0,0,0,1.0,1,1.0,1,1.0,1,0.2219234963915151,35
2188,3,4623,1740,2883,0,0,0,1.0,1,1.0,1,1.0,1,0.2676731443377598,34
2189,0,4623,1740,2883,0,0,0,1.0,1,1.0,1,1.0,1,0.2576196313256791,31
2190,3,4626,1743,2883,0,0,0,1.0,1,1.0,1,1.0,1,0.29039284250058617,29
2191,2,4628,1743,2885,0,0,0,1.0,1,1.0,1,1.0,1,0.2481784632260547,28
2192,2,4630,1745,2885,0,0,0,1.0,1,1.0,1,1.0,1,0.29956591087229134,29
2193,2,4632,1747,2885,0,0,0,1.0,1,1.0,1,1.0,1,0.35781946373650586,28
2194,0,4632,1747,2885,0,0,0,1.0,1,1.0,1,1.0,1,0.3670598073888185,27
2195,2,4634,1749,2885,0,0,0,1.0,1,1.0,1,1.0,1,0.3997648388310116,27
2196,3,4637,1750,2887,0,0,0,1.0,1,1.0,1,1.0,1,0.4816678183768155,27
2197,1,4638,1750,2888,0,0,0,1.0,1,1.0,1,1.0,1,0.4800379992637555,27
2198,1,4639,1750,2889,0,0,0,1.0,1,1.0,1,1.0,1,0.45450141658037163,28
2199,3,4642,1751,2891,0,0,0,1.0,1,1.0,1,1.0,1,0.4409919275875059,29
2200,3,4645,1751,2894,0,0,0,1.0,1,1.0,1,1.0,1,0.438712933865224,31
2201,5,4650,1753,2897,0,0,0,1.0,1,1.0,1,1.0,1,0.2989182539586119,32
2202,0,4650,1753,2897,0,0,0,1.0,1,1.0,1,1.0,1,0.3324025236263478,31
2203,0,4650,1753,2897,0,0,0,1.0,1,1.0,1,1.0,1,0.3206778925466487,32
2204,0,4650,1753,2897,0,0,0,1.0,1,1.0,1,1.0,1,0.3206778925466487,32
2205,2,4652,1754,2898,0,0,0,1.0,1,1.0,1,1.0,1,0.3716238884019901,33
2206,0,4652,1754,2898,0,0,0,1.0,1,1.0,1,1.0,1,0.36271566053433374,32
2207,1,4653,1754,2899,0,0,0,1.0,1,1.0,1,1.0,1,0.3754926628696345,33
2208,3,4656,1754,2902,0,0,0,1.0,1,1.0,1,1.0,1,0.29559647792363347,35
2209,0,4656,1754,2902,0,0,0,1.0,1,1.0,1,1.0,1,0.30882828839756044,36
2210,1,4657,1754,2903,0,0,0,1.0,1,1.0,1,1.0,1,0.28278829364394464,35
2211,0,4657,1754,2903,0,0,0,1.0,1,1.0,1,1.0,1,0.29676414358829123,36
2212,5,4662,1754,2908,0,0,0,1.0,1,1.0,1,1.0,1,0.24751105212468733,37
2213,3,4665,1755,2910,0,0,0,1.0,1,1.0,1,1.0,1,0.23703841640493878,37
2214,5,4670,1755,2915,0,0,0,1.0,1,1.0,1,1.0,1,0.23742640305109314,39
2215,3,4673,1757,2916,0,0,0,1.0,1,1.0,1,1.0,1,0.20572462326744884,36
2216,2,4675,1759,2916,0,0,0,1.0,1,1.0,1,1.0,1,0.26259890881929576,37
2217,1,4676,1760,2916,0,0,0,1.0,1,1.0,1,1.0,1,0.25770655268773196,35
2218,4,4680,1762,2918,0,0,0,1.0,1,1.0,1,1.0,1,0.3178725782506649,35
2219,2,4682,1762,2920,0,0,0,1.0,1,1.0,1,1.0,1,0.2888580613785211,33
2220,1,4683,1763,2920,0,0,0,1.0,1,1.0,1,1.0,1,0.3010319849368375,31
2221,4,4687,1765,2922,0,0,0,1.0,1,1.0,1,1.0,1,0.2639010684147029,31
2222,1,4688,1765,2923,0,0,0,1.0,1,1.0,1,1.0,1,0.18753441037805726,30
2223,1,4689,1766,2923,0,0,0,1.0,1,1.0,1,1.0,1,0.19684832634374483,28
2224,3,4692,1769,2923,0,0,0,1.0,1,1.0,1,1.0,1,0.311876629979556,29
2225,2,4694,1771,2923,0,0,0,1.0,1,1.0,1,1.0,1,0.33908016285019316,28
2226,2,4696,1772,2924,0,0,0,1.0,1,1.0,1,1.0,1,0.3637585059474709,30
2227,1,4697,1773,2924,0,0,0,1.0,1,1.0,1,1.0,1,0.3967262869860566,28
2228,2,4699,1774,2925,0,0,0,1.0,1,1.0,1,1.0,1,0.37532613479000865,29
2229,0,4699,1774,2925,0,0,0,1.0,1,1.0,1,1.0,1,0.3600015098334757,28
2230,0,4699,1774,2925,0,0,0,1.0,1,1.0,1,1.0,1,0.36026283126820413,28
2231,2,4701,1776,2925,0,0,0,1.0,1,1.0,1,1.0,1,0.33625842336875267,27
2232,1,4702,1776,2926,0,0,0,1.0,1,1.0,1,1.0,1,0.3428376252723462,27
2233,2,4704,1778,2926,0,0,0,1.0,1,1.0,1,1.0,1,0.39992055954431943,28
2234,2,4706,1780,2926,0,0,0,1.0,1,1.0,1,1.0,1,0.3311711458967301,26
2235,0,4706,1780,2926,0,0,0,1.0,1,1.0,1,1.0,1,0.3311711458967301,26
2236,2,4708,1782,2926,0,0,0,1.0,1,1.0,1,1.0,1,0.38777878363489815,26
2237,2,4710,1784,2926,0,0,0,1.0,1,1.0,1,1.0,1,0.3645090940671188,26
2238,4,4714,1786,2928,0,0,0,1.0,1,1.0,1,1.0,1,0.3529689741281585,27
2239,0,4714,1786,2928,0,0,0,1.0,1,1.0,1,1.0,1,0.32906450353852434,28
2240,4,4718,1789,2929,0,0,0,1.0,1,1.0,1,1.0,1,0.33702838037688176,30
2241,3,4721,1790,2931,0,0,0,1.0,1,1.0,1,1.0,1,0.2685981250143261,29
2242,1,4722,1791,2931,0,0,0,1.0,1,1.0,1,1.0,1,0.28203859565563866,29
2243,1,4723,1792,2931,0,0,0,1.0,1,1.0,1,1.0,1,0.30552578968832295,29
2244,0,4723,1792,2931,0,0,0,1.0,1,1.0,1,1.0,1,0.30552578968832295,29
2245,1,4724,1792,2932,0,0,0,1.0,1,1.0,1,1.0,1,0.2995522829907146,30
2246,2,4726,1792,2934,0,0,0,1.0,1,1.0,1,1.0,1,0.2452133985388756,33
2247,1,4727,1792,2935,0,0,0,1.0,1,1.0,1,1.0,1,0.2576104665248361,34
2248,1,4728,1792,2936,0,0,0,1.0,1,1.0,1,1.0,1,0.2591833392570643,34
2249,0,4728,1792,2936,0,0,0,1.0,1,1.0,1,1.0,1,0.23483854296087484,35
2250,0,4728,1792,2936,0,0,0,1.0,1,1.0,1,1.0,1,0.23483854296087484,35
2251,0,4728,1792,2936,0,0,0,1.0,1,1.0,1,1.0,1,0.21789154960767762,36
2252,3,4731,1793,2938,0,0,0,1.0,1,1.0,1,1.0,1,0.20629664578008966,37
2253,2,4733,1794,2939,0,0,0,1.0,1,1.0,1,1.0,1,0.194336949818888,35
2254,0,4733,1794,2939,0,0,0,1.0,1,1.0,1,1.0,1,0.24819506769276703,33
2255,4,4737,1795,2942,0,0,0,1.0,1,1.0,1,1.0,1,0.23265038125482232,35
2256,3,4740,1797,2943,0,0,0,1.0,1,1.0,1,1.0,1,0.31588965371040584,34
2257,5,4745,1798,2947,0,0,0,1.0,1,1.0,1,1.0,1,0.2360002138340019,36
2258,6,4751,1800,2951,0,0,0,1.0,1,1.0,1,1.0,1,0.28148296002520506,35
2259,2,4753,1800,2953,0,0,0,1.0,1,1.0,1,1.0,1,0.28107502689184133,35
2260,4,4757,1800,2957,0,0,0,1.0,1,1.0,1,1.0,1,0.2508616129394899,33
2261,4,4761,1801,2960,0,0,0,1.0,1,1.0,1,1.0,1,0.2203150266072599,33
2262,0,4761,1801,2960,0,0,0,1.0,1,1.0,1,1.0,1,0.2745221421944113,32
2263,1,4762,1802,2960,0,0,0,1.0,1,1.0,1,1.0,1,0.28987323951597366,31
2264,2,4764,1804,2960,0,0,0,1.0,1,1.0,1,1.0,1,0.3553386950533371,30
2265,0,4764,1804,2960,0,0,0,1.0,1,1.0,1,1.0,1,0.3148028609625609,29
2266,3,4767,1807,2960,0,0,0,1.0,1,1.0,1,1.0,1,0.2589498969246917,30
2267,1,4768,1808,2960,0,0,0,1.0,1,1.0,1,1.0,1,0.26225176487180213,29
2268,2,4770,1809,2961,0,0,0,1.0,1,1.0,1,1.0,1,0.22953913239200763,30
2269,2,4772,1811,2961,0,0,0,1.0,1,1.0,1,1.0,1,0.2694187178064661,31
2270,3,4775,1813,2962,0,0,0,1.0,1,1.0,1,1.0,1,0.22270144393755284,31
2271,4,4779,1816,2963,0,0,0,1.0,1,1.0,1,1.0,1,0.26835764463151623,31
2272,1,4780,1817,2963,0,0,0,1.0,1,1.0,1,1.0,1,0.2777331555587937,31
2273,0,4780,1817,2963,0,0,0,1.0,1,1.0,1,1.0,1,0.31573194984019737,30
2274,1,4781,1817,2964,0,0,0,1.0,1,1.0,1,1.0,1,0.3218979851896245,31
2275,0,4781,1817,2964,0,0,0,1.0,1,1.0,1,1.0,1,0.32435992472536895,32
2276,1,4782,1818,2964,0,0,0,1.0,1,1.0,1,1.0,1,0.35402815371850926,31
2277,2,4784,1819,2965,0,0,0,1.0,1,1.0,1,1.0,1,0.3507819967582588,31
2278,0,4784,1819,2965,0,0,0,1.0,1,1.0,1,1.0,1,0.3570386642229798,32
2279,0,4784,1819,2965,0,0,0,1.0,1,1.0,1,1.0,1,0.3755079354268775,32
2280,0,4784,1819,2965,0,0,0,1.0,1,1.0,1,1.0,1,0.3781884276262869,33
2281,3,4787,1819,2968,0,0,0,1.0,1,1.0,1,1.0,1,0.3304349607369637,34
2282,1,4788,1820,2968,0,0,0,1.0,1,1.0,1,1.0,1,0.3304551575856157,34
2283,0,4788,1820,2968,0,0,0,1.0,1,1.0,1,1.0,1,0.3304551575856157,34
2284,0,4788,1820,2968,0,0,0,1.0,1,1.0,1,1.0,1,0.3304551575856157,34
2285,3,4791,1821,2970,0,0,0,1.0,1,1.0,1,1.0,1,0.2816256161651443,35
2286,1,4792,1821,2971,0,0,0,1.0,1,1.0,1,1.0,1,0.3122255543684121,34
2287,2,4794,1822,2972,0,0,0,1.0,1,1.0,1,1.0,1,0.25776165709511667,35
2288,0,4794,1822,2972,0,0,0,1.0,1,1.0,1,1.0,1,0.2786898575118462,35
2289,3,4797,1823,2974,0,0,0,1.0,1,1.0,1,1.0,1,0.23074873427836626,37
2290,1,4798,1824,2974,0,0,0,1.0,1,1.0,1,1.0,1,0.2667281790060628,37
2291,0,4798,1824,2974,0,0,0,1.0,1,1.0,1,1.0,1,0.25069843739942355,35
2292,4,4802,1825,2977,0,0,0,1.0,1,1.0,1,1.0,1,0.25290501225312806,35
2293,2,4804,1827,2977,0,0,0,1.0,1,1.0,1,1.0,1,0.29375167285341464,34
2294,1,4805,1827,2978,0,0,0,1.0,1,1.0,1,1.0,1,0.35195278910929073,33
2295,3,4808,1828,2980,0,0,0,1.0,1,1.0,1,1.0,1,0.3353063898547977,34
2296,2,4810,1828,2982,0,0,0,1.0,1,1.0,1,1.0,1,0.3365967080136905,33
2297,0,4810,1828,2982,0,0,0,1.0,1,1.0,1,1.0,1,0.3639835829931498,32
2298,0,4810,1828,2982,0,0,0,1.0,1,1.0,1,1.0,1,0.38508364932140104,32
2299,0,4810,1828,2982,0,0,0,1.0,1,1.0,1,1.0,1,0.3628383203950654,33
2300,3,4813,1829,2984,0,0,0,1.0,1,1.0,1,1.0,1,0.35748046407264344,33
2301,1,4814,1830,2984,0,0,0,1.0,1,1.0,1,1.0,1,0.3612612225621092,33
2302,1,4815,1831,2984,0,0,0,1.0,1,1.0,1,1.0,1,0.34718223253949676,34
2303,5,4820,1835,2985,0,0,0,1.0,1,1.0,1,1.0,1,0.3622378209375482,34
2304,3,4823,1837,2986,0,0,0,1.0,1,1.0,1,1.0,1,0.33628975027385094,33
2305,2,4825,1838,2987,0,0,0,1.0,1,1.0,1,1.0,1,0.34293959075419783,33
2306,2,4827,1839,2988,0,0,0,1.0,1,1.0,1,1.0,1,0.3586867945341044,33
2307,2,4829,1839,2990,0,0,0,1.0,1,1.0,1,1.0,1,0.2804538136987038,35
2308,0,4829,1839,2990,0,0,0,1.0,1,1.0,1,1.0,1,0.26762404123444067,34
2309,2,4831,1840,2991,0,0,0,1.0,1,1.0,1,1.0,1,0.2755820304599246,34
2310,1,4832,1840,2992,0,0,0,1.0,1,1.0,1,1.0,1,0.24017573415862212,34
2311,1,4833,1841,2992,0,0,0,1.0,1,1.0,1,1.0,1,0.26098522518774236,35
2312,3,4836,1844,2992,0,0,0,1.0,1,1.0,1,1.0,1,0.3336991085256028,34
2313,1,4837,1845,2992,0,0,0,1.0,1,1.0,1,1.0,1,0.33595880258548155,35
2314,0,4837,1845,2992,0,0,0,1.0,1,1.0,1,1.0,1,0.34946680375534717,35
2315,2,4839,1845,2994,0,0,0,1.0,1,1.0,1,1.0,1,0.3187903739632848,34
2316,1,4840,1846,2994,0,0,0,1.0,1,1.0,1,1.0,1,0.3720346501647376,35
2317,0,4840,1846,2994,0,0,0,1.0,1,1.0,1,1.0,1,0.39910901094792656,32
2318,1,4841,1847,2994,0,0,0,1.0,1,1.0,1,1.0,1,0.42653073519835477,32
2319,0,4841,1847,2994,0,0,0,1.0,1,1.0,1,1.0,1,0.42653073519835477,32
2320,1,4842,1847,2995,0,0,0,1.0,1,1.0,1,1.0,1,0.4493992261296837,32
2321,5,4847,1847,3000,0,0,0,1.0,1,1.0,1,1.0,1,0.329429830011137,33
2322,1,4848,1847,3001,0,0,0,1.0,1,1.0,1,1.0,1,0.3074720758095476,33
2323,0,4848,1847,3001,0,0,0,1.0,1,1.0,1,1.0,1,0.3074720758095476,33
2324,4,4852,1848,3004,0,0,0,1.0,1,1.0,1,1.0,1,0.2967567339380381,34
2325,0,4852,1848,3004,0,0,0,1.0,1,1.0,1,1.0,1,0.2941416933259399,35
2326,1,4853,1849,3004,0,0,0,1.0,1,1.0,1,1.0,1,0.28706592250166246,35
2327,0,4853,1849,3004,0,0,0,1.0,1,1.0,1,1.0,1,0.3065495457409697,36
2328,0,4853,1849,3004,0,0,0,1.0,1,1.0,1,1.0,1,0.31865934274250596,37
2329,1,4854,1849,3005,0,0,0,1.0,1,1.0,1,1.0,1,0.3459862863423458,37
2330,1,4855,1849,3006,0,0,0,1.0,1,1.0,1,1.0,1,0.33138417416620713,38
2331,1,4856,1849,3007,0,0,0,1.0,1,1.0,1,1.0,1,0.33119214985484335,40
2332,0,4856,1849,3007,0,0,0,1.0,1,1.0,1,1.0,1,0.33119214985484335,40
2333,0,4856,1849,3007,0,0,0,1.0,1,1.0,1,1.0,1,0.3408267721758207,41
2334,0,4856,1849,3007,0,0,0,1.0,1,1.0,1,1.0,1,0.3408267721758207,41
2335,0,4856,1849,3007,0,0,0,1.0,1,1.0,1,1.0,1,0.3408267721758207,41
2336,0,4856,1849,3007,0,0,0,1.0,1,1.0,1,1.0,1,0.3408267721758207,41
2337,3,4859,1849,3010,0,0,0,1.0,1,1.0,1,1.0,1,0.3090758983442451,42
2338,2,4861,1849,3012,0,0,0,1.0,1,1.0,1,1.0,1,0.32421673990063504,43
2339,1,4862,1849,3013,0,0,0,1.0,1,1.0,1,1.0,1,0.32572565240700685,43
2340,3,4865,1849,3016,0,0,0,1.0,1,1.0,1,1.0,1,0.27619778181101245,45
2341,3,4868,1849,3019,0,0,0,1.0,1,1.0,1,1.0,1,0.23961394678960277,45
2342,3,4871,1850,3021,0,0,0,1.0,1,1.0,1,1.0,1,0.2325595617035397,46
2343,1,4872,1851,3021,0,0,0,1.0,1,1.0,1,1.0,1,0.24492660624521467,45
2344,3,4875,1854,3021,0,0,0,1.0,1,1.0,1,1.0,1,0.28658540452974,44
2345,1,4876,1854,3022,0,0,0,1.0,1,1.0,1,1.0,1,0.2684741145831875,44
2346,3,4879,1855,3024,0,0,0,1.0,1,1.0,1,1.0,1,0.2623319310300413,44
2347,3,4882,1856,3026,0,0,0,1.0,1,1.0,1,1.0,1,0.21286294353095145,44
2348,0,4882,1856,3026,0,0,0,1.0,1,1.0,1,1.0,1,0.20921593583082168,45
2349,0,4882,1856,3026,0,0,0,1.0,1,1.0,1,1.0,1,0.226791570578362,46
2350,5,4887,1857,3030,0,0,0,1.0,1,1.0,1,1.0,1,0.21907280253682568,47
2351,2,4889,1857,3032,0,0,0,1.0,1,1.0,1,1.0,1,0.20320318069690432,47
2352,3,4892,1858,3034,0,0,0,1.0,1,1.0,1,1.0,1,0.23621644346066684,47
2353,1,4893,1858,3035,0,0,0,1.0,1,1.0,1,1.0,1,0.22973804149095983,46
2354,3,4896,1859,3037,0,0,0,1.0,1,1.0,1,1.0,1,0.23786600505697564,47
2355,4,4900,1859,3041,0,0,0,1.0,1,1.0,1,1.0,1,0.2548098032612327,47
2356,3,4903,1862,3041,0,0,0,1.0,1,1.0,1,1.0,1,0.21986423469046754,47
2357,2,4905,1863,3042,0,0,0,1.0,1,1.0,1,1.0,1,0.21044477115508023,47
2358,2,4907,1863,3044,0,0,0,1.0,1,1.0,1,1.0,1,0.15126901043714377,48
2359,0,4907,1863,3044,0,0,0,1.0,1,1.0,1,1.0,1,0.1966208117956975,49
2360,1,4908,1863,3045,0,0,0,1.0,1,1.0,1,1.0,1,0.1861729419480473,49
2361,4,4912,1864,3048,0,0,0,1.0,1,1.0,1,1.0,1,0.15139668458084005,50
2362,3,4915,1865,3050,0,0,0,1.0,1,1.0,1,1.0,1,0.15848704917949263,51
2363,1,4916,1865,3051,0,0,0,1.0,1,1.0,1,1.0,1,0.14162684387069294,51
2364,1,4917,1866,3051,0,0,0,1.0,1,1.0,1,1.0,1,0.15107272822470283,52
2365,1,4918,1867,3051,0,0,0,1.0,1,1.0,1,1.0,1,0.17145316533251667,53
2366,1,4919,1867,3052,0,0,0,1.0,1,1.0,1,1.0,1,0.18562032914628426,54
2367,3,4922,1870,3052,0,0,0,1.0,1,1.0,1,1.0,1,0.19667793773460887,52
2368,2,4924,1872,3052,0,0,0,1.0,1,1.0,1,1.0,1,0.23773892388254128,51
2369,4,4928,1873,3055,0,0,0,1.0,1,1.0,1,1.0,1,0.23922834654312983,51
2370,3,4931,1876,3055,0,0,0,1.0,1,1.0,1,1.0,1,0.2672123495998092,52
2371,3,4934,1879,3055,0,0,0,1.0,1,1.0,1,1.0,1,0.3267567286677492,52
2372,4,4938,1881,3057,0,0,0,1.0,1,1.0,1,1.0,1,0.3283281600824414,49
2373,0,4938,1881,3057,0,0,0,1.0,1,1.0,1,1.0,1,0.31731270748911794,47
2374,5,4943,1882,3061,0,0,0,1.0,1,1.0,1,1.0,1,0.2715381248331529,45
2375,2,4945,1882,3063,0,0,0,1.0,1,1.0,1,1.0,1,0.2645106838944905,45
2376,1,4946,1882,3064,0,0,0,1.0,1,1.0,1,1.0,1,0.2989190403963632,43
2377,2,4948,1882,3066,0,0,0,1.0,1,1.0,1,1.0,1,0.3080919673595053,44
2378,3,4951,1882,3069,0,0,0,1.0,1,1.0,1,1.0,1,0.2680593480222447,43
2379,1,4952,1882,3070,0,0,0,1.0,1,1.0,1,1.0,1,0.2687641389964691,43
2380,3,4955,1884,3071,0,0,0,1.0,1,1.0,1,1.0,1,0.2553454318301298,43
2381,4,4959,1885,3074,0,0,0,1.0,1,1.0,1,1.0,1,0.2116592112407047,44
2382,1,4960,1886,3074,0,0,0,1.0,1,1.0,1,1.0,1,0.20281710225919516,44
2383,2,4962,1887,3075,0,0,0,1.0,1,1.0,1,1.0,1,0.2097370420737846,45
2384,1,4963,1888,3075,0,0,0,1.0,1,1.0,1,1.0,1,0.2026986856425093,45
2385,3,4966,1888,3078,0,0,0,1.0,1,1.0,1,1.0,1,0.16006006459285171,45
2386,5,4971,1892,3079,0,0,0,1.0,1,1.0,1,1.0,1,0.17479486975944003,46
2387,0,4971,1892,3079,0,0,0,1.0,1,1.0,1,1.0,1,0.14881892373504108,44
2388,3,4974,1895,3079,0,0,0,1.0,1,1.0,1,1.0,1,0.26280160173404377,44
2389,3,4977,1896,3081,0,0,0,1.0,1,1.0,1,1.0,1,0.2619423414996752,43
2390,5,4982,1899,3083,0,0,0,1.0,1,1.0,1,1.0,1,0.303852743528456,44
2391,1,4983,1900,3083,0,0,0,1.0,1,1.0,1,1.0,1,0.3113673177841786,43
2392,3,4986,1902,3084,0,0,0,1.0,1,1.0,1,1.0,1,0.3252216452062184,44
2393,3,4989,1902,3087,0,0,0,1.0,1,1.0,1,1.0,1,0.254353545468159,45
2394,1,4990,1902,3088,0,0,0,1.0,1,1.0,1,1.0,1,0.2304934355047587,44
2395,2,4992,1903,3089,0,0,0,1.0,1,1.0,1,1.0,1,0.20080567180476844,44
2396,1,4993,1904,3089,0,0,0,1.0,1,1.0,1,1.0,1,0.17439180123508663,45
2397,0,4993,1904,3089,0,0,0,1.0,1,1.0,1,1.0,1,0.19175234107212558,44
2398,1,4994,1905,3089,0,0,0,1.0,1,1.0,1,1.0,1,0.2207164802585927,44
2399,0,4994,1905,3089,0,0,0,1.0,1,1.0,1,1.0,1,0.23744293484425716,45
2400,1,4995,1905,3090,0,0,0,1.0,1,1.0,1,1.0,1,0.2356779773370849,45
2401,4,4999,1906,3093,0,0,0,1.0,1,1.0,1,1.0,1,0.1576970554108727,46
2402,1,5000,1906,3094,0,0,0,1.0,1,1.0,1,1.0,1,0.1602207139982292,47
2403,1,5001,1906,3095,0,0,0,1.0,1,1.0,1,1.0,1,0.1527874799796841,48
2404,2,5003,1906,3097,0,0,0,1.0,1,1.0,1,1.0,1,0.13947451498133823,47
2405,2,5005,1906,3099,0,0,0,1.0,1,1.0,1,1.0,1,0.1600910965807279,45
2406,1,5006,1906,3100,0,0,0,1.0,1,1.0,1,1.0,1,0.17481358631505936,45
2407,4,5010,1908,3102,0,0,0,1.0,1,1.0,1,1.0,1,0.16687045983766413,42
2408,0,5010,1908,3102,0,0,0,1.0,1,1.0,1,1.0,1,0.18990877336619036,41
2409,0,5010,1908,3102,0,0,0,1.0,1,1.0,1,1.0,1,0.19038393533609665,41
2410,3,5013,1908,3105,0,0,0,1.0,1,1.0,1,1.0,1,0.2268410168896523,40
2411,5,5018,1912,3106,0,0,0,1.0,1,1.0,1,1.0,1,0.23002460921334014,40
2412,4,5022,1913,3109,0,0,0,1.0,1,1.0,1,1.0,1,0.2679891240904061,38
2413,5,5027,1914,3113,0,0,0,1.0,1,1.0,1,1.0,1,0.3045386089874421,38
2414,4,5031,1915,3116,0,0,0,1.0,1,1.0,1,1.0,1,0.3243061172433419,36
2415,6,5037,1917,3120,0,0,0,1.0,1,1.0,1,1.0,1,0.37541982731116097,36
2416,5,5042,1917,3125,0,0,0,1.0,1,1.0,1,1.0,1,0.36304748567026424,35
2417,5,5047,1918,3129,0,0,0,1.0,1,1.0,1,1.0,1,0.41236817114624924,33
2418,2,5049,1918,3131,0,0,0,1.0,1,1.0,1,1.0,1,0.41236817114624924,33
2419,3,5052,1918,3134,0,0,0,1.0,1,1.0,1,1.0,1,0.430804466066293,33
2420,5,5057,1922,3135,0,0,0,1.0,1,1.0,1,1.0,1,0.42088150035047783,34
2421,8,5065,1923,3142,0,0,0,1.0,1,1.0,1,1.0,1,0.30453985842255266,34
2422,6,5071,1924,3147,0,0,0,1.0,1,1.0,1,1.0,1,0.2872348751609682,35
2423,7,5078,1925,3153,0,0,0,1.0,1,1.0,1,1.0,1,0.31550309000761795,36
2424,3,5081,1925,3156,0,0,0,1.0,1,1.0,1,1.0,1,0.30274943112313996,35
2425,1,5082,1925,3157,0,0,0,1.0,1,1.0,1,1.0,1,0.3348723458944667,33
2426,4,5086,1928,3158,0,0,0,1.0,1,1.0,1,1.0,1,0.30568572813310296,34
2427,5,5091,1929,3162,0,0,0,1.0,1,1.0,1,1.0,1,0.2749488996480933,34
2428,2,5093,1930,3163,0,0,0,1.0,1,1.0,1,1.0,1,0.2881745818789206,34
2429,3,5096,1931,3165,0,0,0,1.0,1,1.0,1,1.0,1,0.28678571959265786,34
2430,1,5097,1931,3166,0,0,0,1.0,1,1.0,1,1.0,1,0.3066918415975639,33
2431,3,5100,1932,3168,0,0,0,1.0,1,1.0,1,1.0,1,0.22983727820519168,33
2432,1,5101,1932,3169,0,0,0,1.0,1,1.0,1,1.0,1,0.2642291385812653,33
2433,2,5103,1934,3169,0,0,0,1.0,1,1.0,1,1.0,1,0.19614818810907403,34
2434,0,5103,1934,3169,0,0,0,1.0,1,1.0,1,1.0,1,0.19614818810907403,34
2435,0,5103,1934,3169,0,0,0,1.0,1,1.0,1,1.0,1,0.19614818810907403,34
2436,1,5104,1935,3169,0,0,0,1.0,1,1.0,1,1.0,1,0.2568237999205085,33
2437,2,5106,1936,3170,0,0,0,1.0,1,1.0,1,1.0,1,0.2804877522191671,33
2438,1,5107,1937,3170,0,0,0,1.0,1,1.0,1,1.0,1,0.2596129626265588,34
2439,1,5108,1937,3171,0,0,0,1.0,1,1.0,1,1.0,1,0.2778266608451653,35
2440,3,5111,1938,3173,0,0,0,1.0,1,1.0,1,1.0,1,0.2752343921956504,35
2441,5,5116,1940,3176,0,0,0,1.0,1,1.0,1,1.0,1,0.15203659731865962,35
2442,0,5116,1940,3176,0,0,0,1.0,1,1.0,1,1.0,1,0.15986455910145964,35
2443,2,5118,1941,3177,0,0,0,1.0,1,1.0,1,1.0,1,0.21776896318960226,35
2444,4,5122,1943,3179,0,0,0,1.0,1,1.0,1,1.0,1,0.2739679978518794,34
2445,1,5123,1944,3179,0,0,0,1.0,1,1.0,1,1.0,1,0.31263332262168686,33
2446,2,5125,1945,3180,0,0,0,1.0,1,1.0,1,1.0,1,0.3380894653190409,30
2447,3,5128,1948,3180,0,0,0,1.0,1,1.0,1,1.0,1,0.2697161675083072,29
2448,2,5130,1950,3180,0,0,0,1.0,1,1.0,1,1.0,1,0.26547952005482695,27
2449,0,5130,1950,3180,0,0,0,1.0,1,1.0,1,1.0,1,0.2492309542674781,26
2450,2,5132,1952,3180,0,0,0,1.0,1,1.0,1,1.0,1,0.25755532051138047,28
2451,2,5134,1952,3182,0,0,0,1.0,1,1.0,1,1.0,1,0.25755532051138047,28
2452,1,5135,1952,3183,0,0,0,1.0,1,1.0,1,1.0,1,0.2672030554464244,29
2453,3,5138,1952,3186,0,0,0,1.0,1,1.0,1,1.0,1,0.2904598317077415,30
2454,0,5138,1952,3186,0,0,0,1.0,1,1.0,1,1.0,1,0.3020480209660723,32
2455,1,5139,1953,3186,0,0,0,1.0,1,1.0,1,1.0,1,0.28265657020136153,33
2456,1,5140,1954,3186,0,0,0,1.0,1,1.0,1,1.0,1,0.3074809166388178,34
2457,0,5140,1954,3186,0,0,0,1.0,1,1.0,1,1.0,1,0.3074809166388178,34
2458,4,5144,1957,3187,0,0,0,1.0,1,1.0,1,1.0,1,0.3010686266478213,36
2459,0,5144,1957,3187,0,0,0,1.0,1,1.0,1,1.0,1,0.3010686266478213,36
2460,0,5144,1957,3187,0,0,0,1.0,1,1.0,1,1.0,1,0.30615647076845287,37
2461,3,5147,1958,3189,0,0,0,1.0,1,1.0,1,1.0,1,0.25259921806966446,37
2462,5,5152,1960,3192,0,0,0,1.0,1,1.0,1,1.0,1,0.2180056360692,38
2463,2,5154,1961,3193,0,0,0,1.0,1,1.0,1,1.0,1,0.19277963352051686,38
2464,5,5159,1964,3195,0,0,0,1.0,1,1.0,1,1.0,1,0.21278320781231433,37
2465,3,5162,1966,3196,0,0,0,1.0,1,1.0,1,1.0,1,0.19005515304814133,36
2466,1,5163,1967,3196,0,0,0,1.0,1,1.0,1,1.0,1,0.24596651931894822,36
2467,0,5163,1967,3196,0,0,0,1.0,1,1.0,1,1.0,1,0.22524175819220676,34
2468,1,5164,1968,3196,0,0,0,1.0,1,1.0,1,1.0,1,0.25672364565039246,33
2469,1,5165,1969,3196,0,0,0,1.0,1,1.0,1,1.0,1,0.2741912853621094,32
2470,3,5168,1971,3197,0,0,0,1.0,1,1.0,1,1.0,1,0.356949720118984,33
2471,0,5168,1971,3197,0,0,0,1.0,1,1.0,1,1.0,1,0.35691764953307964,31
2472,0,5168,1971,3197,0,0,0,1.0,1,1.0,1,1.0,1,0.36808724448133895,32
2473,1,5169,1971,3198,0,0,0,1.0,1,1.0,1,1.0,1,0.3393982293468626,31
2474,1,5170,1971,3199,0,0,0,1.0,1,1.0,1,1.0,1,0.34052987762822867,33
2475,2,5172,1973,3199,0,0,0,1.0,1,1.0,1,1.0,1,0.3570840020924501,33
2476,1,5173,1974,3199,0,0,0,1.0,1,1.0,1,1.0,1,0.3820365576501132,33
2477,3,5176,1975,3201,0,0,0,1.0,1,1.0,1,1.0,1,0.3507766560631016,33
2478,4,5180,1976,3204,0,0,0,1.0,1,1.0,1,1.0,1,0.26428826250459475,33
2479,2,5182,1978,3204,0,0,0,1.0,1,1.0,1,1.0,1,0.3095068619027249,33
2480,3,5185,1979,3206,0,0,0,1.0,1,1.0,1,1.0,1,0.2994678158099698,34
2481,6,5191,1982,3209,0,0,0,1.0,1,1.0,1,1.0,1,0.18426751324339335,33
2482,1,5192,1983,3209,0,0,0,1.0,1,1.0,1,1.0,1,0.23958575710902352,34
2483,1,5193,1983,3210,0,0,0,1.0,1,1.0,1,1.0,1,0.23910787092735522,33
2484,1,5194,1984,3210,0,0,0,1.0,1,1.0,1,1.0,1,0.23719373636241728,32
2485,0,5194,1984,3210,0,0,0,1.0,1,1.0,1,1.0,1,0.22841106848233803,31
2486,2,5196,1985,3211,0,0,0,1.0,1,1.0,1,1.0,1,0.1954613455300535,29
2487,1,5197,1986,3211,0,0,0,1.0,1,1.0,1,1.0,1,0.15652885318588847,29
2488,1,5198,1987,3211,0,0,0,1.0,1,1.0,1,1.0,1,0.26193308276169114,30
2489,0,5198,1987,3211,0,0,0,1.0,1,1.0,1,1.0,1,0.31067367547400004,29
2490,2,5200,1989,3211,0,0,0,1.0,1,1.0,1,1.0,1,0.3544399927770401,30
2491,0,5200,1989,3211,0,0,0,1.0,1,1.0,1,1.0,1,0.34908436301225043,30
2492,1,5201,1990,3211,0,0,0,1.0,1,1.0,1,1.0,1,0.307335574038126,29
2493,0,5201,1990,3211,0,0,0,1.0,1,1.0,1,1.0,1,0.307335574038126,29
2494,0,5201,1990,3211,0,0,0,1.0,1,1.0,1,1.0,1,0.33892852379345806,28
2495,1,5202,1991,3211,0,0,0,1.0,1,1.0,1,1.0,1,0.38711890174590796,29
2496,0,5202,1991,3211,0,0,0,1.0,1,1.0,1,1.0,1,0.3749636777725956,28
2497,0,5202,1991,3211,0,0,0,1.0,1,1.0,1,1.0,1,0.3864901763231638,28
2498,1,5203,1992,3211,0,0,0,1.0,1,1.0,1,1.0,1,0.423186251439083,29
2499,0,5203,1992,3211,0,0,0,1.0,1,1.0,1,1.0,1,0.43041291559620554,30
2500,3,5206,1994,3212,0,0,0,1.0,1,1.0,1,1.0,1,0.4035172285180903,29
2501,7,5213,1996,3217,0,0,0,1.0,1,1.0,1,1.0,1,0.27592407108043554,33
2502,4,5217,1998,3219,0,0,0,1.0,1,1.0,1,1.0,1,0.20210894582598996,33
2503,2,5219,1999,3220,0,0,0,1.0,1,1.0,1,1.0,1,0.19945172705280936,31
2504,3,5222,2002,3220,0,0,0,1.0,1,1.0,1,1.0,1,0.29733008035648223,31
2505,2,5224,2003,3221,0,0,0,1.0,1,1.0,1,1.0,1,0.27897006813032266,32
2506,3,5227,2006,3221,0,0,0,1.0,1,1.0,1,1.0,1,0.3272823641873152,31
2507,2,5229,2008,3221,0,0,0,1.0,1,1.0,1,1.0,1,0.20624536144289607,29
2508,2,5231,2010,3221,0,0,0,1.0,1,1.0,1,1.0,1,0.20881599512659207,31
2509,1,5232,2011,3221,0,0,0,1.0,1,1.0,1,1.0,1,0.1956861313880671,30
2510,1,5233,2012,3221,0,0,0,1.0,1,1.0,1,1.0,1,0.18379106157264138,31
2511,3,5236,2013,3223,0,0,0,1.0,1,1.0,1,1.0,1,0.2023679707168618,32
2512,3,5239,2014,3225,0,0,0,1.0,1,1.0,1,1.0,1,0.16613091499153235,32
2513,2,5241,2015,3226,0,0,0,1.0,1,1.0,1,1.0,1,0.09645246790961548,34
2514,1,5242,2015,3227,0,0,0,1.0,1,1.0,1,1.0,1,0.10707710396659478,35
2515,3,5245,2016,3229,0,0,0,1.0,1,1.0,1,1.0,1,0.10234608627853947,35
2516,2,5247,2017,3230,0,0,0,1.0,1,1.0,1,1.0,1,0.11495690620780011,34
2517,2,5249,2019,3230,0,0,0,1.0,1,1.0,1,1.0,1,0.13408626082244599,34
2518,0,5249,2019,3230,0,0,0,1.0,1,1.0,1,1.0,1,0.14440860776295605,33
2519,0,5249,2019,3230,0,0,0,1.0,1,1.0,1,1.0,1,0.12468237915160486,32
2520,1,5250,2020,3230,0,0,0,1.0,1,1.0,1,1.0,1,0.1967638588716345,31
2521,1,5251,2021,3230,0,0,0,1.0,1,1.0,1,1.0,1,0.13731888047199883,31
2522,1,5252,2022,3230,0,0,0,1.0,1,1.0,1,1.0,1,0.16065964416813683,30
2523,0,5252,2022,3230,0,0,0,1.0,1,1.0,1,1.0,1,0.1534427496178824,30
2524,0,5252,2022,3230,0,0,0,1.0,1,1.0,1,1.0,1,0.27650068197959404,29
2525,1,5253,2022,3231,0,0,0,1.0,1,1.0,1,1.0,1,0.23658199884645995,29
2526,0,5253,2022,3231,0,0,0,1.0,1,1.0,1,1.0,1,0.2625055692365129,27
2527,0,5253,2022,3231,0,0,0,1.0,1,1.0,1,1.0,1,0.26487368274101364,28
2528,0,5253,2022,3231,0,0,0,1.0,1,1.0,1,1.0,1,0.26487368274101364,28
2529,0,5253,2022,3231,0,0,0,1.0,1,1.0,1,1.0,1,0.26487368274101364,28
2530,0,5253,2022,3231,0,0,0,1.0,1,1.0,1,1.0,1,0.2793114032621619,29
2531,0,5253,2022,3231,0,0,0,1.0,1,1.0,1,1.0,1,0.3007697221990344,30
2532,0,5253,2022,3231,0,0,0,1.0,1,1.0,1,1.0,1,0.30978007874103325,31
2533,0,5253,2022,3231,0,0,0,1.0,1,1.0,1,1.0,1,0.30978007874103325,31
2534,0,5253,2022,3231,0,0,0,1.0,1,1.0,1,1.0,1,0.30978007874103325,31
2535,1,5254,2023,3231,0,0,0,1.0,1,1.0,1,1.0,1,0.35437150212429175,31
2536,3,5257,2024,3233,0,0,0,1.0,1,1.0,1,1.0,1,0.3719911299225431,32
2537,2,5259,2025,3234,0,0,0,1.0,1,1.0,1,1.0,1,0.3757070809609179,33
2538,4,5263,2026,3237,0,0,0,1.0,1,1.0,1,1.0,1,0.32711219099091265,35
2539,5,5268,2028,3240,0,0,0,1.0,1,1.0,1,1.0,1,0.35626814920692373,37
2540,2,5270,2029,3241,0,0,0,1.0,1,1.0,1,1.0,1,0.32317164480690846,38
2541,2,5272,2030,3242,0,0,0,1.0,1,1.0,1,1.0,1,0.28725445379228953,39
2542,3,5275,2032,3243,0,0,0,1.0,1,1.0,1,1.0,1,0.2519741400680731,38
2543,1,5276,2033,3243,0,0,0,1.0,1,1.0,1,1.0,1,0.26166426463250086,41
2544,2,5278,2035,3243,0,0,0,1.0,1,1.0,1,1.0,1,0.2551920437740687,39
2545,4,5282,2037,3245,0,0,0,1.0,1,1.0,1,1.0,1,0.30255700066074626,40
2546,1,5283,2038,3245,0,0,0,1.0,1,1.0,1,1.0,1,0.2896824667336984,38
2547,4,5287,2041,3246,0,0,0,1.0,1,1.0,1,1.0,1,0.3788127207858537,38
2548,4,5291,2041,3250,0,0,0,1.0,1,1.0,1,1.0,1,0.2707153672277423,35
2549,2,5293,2043,3250,0,0,0,1.0,1,1.0,1,1.0,1,0.3194324969138051,35
2550,0,5293,2043,3250,0,0,0,1.0,1,1.0,1,1.0,1,0.31777340152160344,33
2551,1,5294,2044,3250,0,0,0,1.0,1,1.0,1,1.0,1,0.3675267074692427,31
2552,0,5294,2044,3250,0,0,0,1.0,1,1.0,1,1.0,1,0.4123052465486197,30
2553,1,5295,2045,3250,0,0,0,1.0,1,1.0,1,1.0,1,0.4211879409979991,30
2554,0,5295,2045,3250,0,0,0,1.0,1,1.0,1,1.0,1,0.4178429870416793,32
2555,1,5296,2046,3250,0,0,0,1.0,1,1.0,1,1.0,1,0.4812333397928565,32
2556,3,5299,2048,3251,0,0,0,1.0,1,1.0,1,1.0,1,0.39289872754779587,32
2557,3,5302,2049,3253,0,0,0,1.0,1,1.0,1,1.0,1,0.341879214643306,30
2558,0,5302,2049,3253,0,0,0,1.0,1,1.0,1,1.0,1,0.3336362473476665,31
2559,0,5302,2049,3253,0,0,0,1.0,1,1.0,1,1.0,1,0.3188807958508907,30
2560,0,5302,2049,3253,0,0,0,1.0,1,1.0,1,1.0,1,0.3188807958508907,30
2561,1,5303,2049,3254,0,0,0,1.0,1,1.0,1,1.0,1,0.30975459863528537,30
2562,2,5305,2049,3256,0,0,0,1.0,1,1.0,1,1.0,1,0.2779606329419607,33
2563,1,5306,2049,3257,0,0,0,1.0,1,1.0,1,1.0,1,0.26069031368306783,33
2564,0,5306,2049,3257,0,0,0,1.0,1,1.0,1,1.0,1,0.26069031368306783,33
2565,1,5307,2050,3257,0,0,0,1.0,1,1.0,1,1.0,1,0.22595317355441633,33
2566,0,5307,2050,3257,0,0,0,1.0,1,1.0,1,1.0,1,0.24403594352935754,35
2567,2,5309,2051,3258,0,0,0,1.0,1,1.0,1,1.0,1,0.23508464421777,36
2568,2,5311,2052,3259,0,0,0,1.0,1,1.0,1,1.0,1,0.2858283812427212,37
2569,3,5314,2053,3261,0,0,0,1.0,1,1.0,1,1.0,1,0.2661541366937703,37
2570,0,5314,2053,3261,0,0,0,1.0,1,1.0,1,1.0,1,0.27211525750234866,37
2571,0,5314,2053,3261,0,0,0,1.0,1,1.0,1,1.0,1,0.27211525750234866,37
2572,2,5316,2054,3262,0,0,0,1.0,1,1.0,1,1.0,1,0.2698069301794896,39
2573,0,5316,2054,3262,0,0,0,1.0,1,1.0,1,1.0,1,0.2698069301794896,39
2574,0,5316,2054,3262,0,0,0,1.0,1,1.0,1,1.0,1,0.2593400797798237,38
2575,0,5316,2054,3262,0,0,0,1.0,1,1.0,1,1.0,1,0.2593400797798237,38
2576,0,5316,2054,3262,0,0,0,1.0,1,1.0,1,1.0,1,0.2771556503325554,37
2577,0,5316,2054,3262,0,0,0,1.0,1,1.0,1,1.0,1,0.28323310840188975,39
2578,1,5317,2054,3263,0,0,0,1.0,1,1.0,1,1.0,1,0.29043758578157214,40
2579,1,5318,2054,3264,0,0,0,1.0,1,1.0,1,1.0,1,0.276137751132624,41
2580,0,5318,2054,3264,0,0,0,1.0,1,1.0,1,1.0,1,0.28557409891030267,42
2581,0,5318,2054,3264,0,0,0,1.0,1,1.0,1,1.0,1,0.28412569638173596,43
2582,1,5319,2055,3264,0,0,0,1.0,1,1.0,1,1.0,1,0.30426953326622536,43
2583,4,5323,2056,3267,0,0,0,1.0,1,1.0,1,1.0,1,0.29611594819069215,43
2584,1,5324,2056,3268,0,0,0,1.0,1,1.0,1,1.0,1,0.2825196079812157,43
2585,3,5327,2057,3270,0,0,0,1.0,1,1.0,1,1.0,1,0.2757226763002857,44
2586,2,5329,2057,3272,0,0,0,1.0,1,1.0,1,1.0,1,0.22184673887699327,43
2587,4,5333,2059,3274,0,0,0,1.0,1,1.0,1,1.0,1,0.2336828958066213,44
2588,0,5333,2059,3274,0,0,0,1.0,1,1.0,1,1.0,1,0.2336828958066213,44
2589,1,5334,2060,3274,0,0,0,1.0,1,1.0,1,1.0,1,0.22538701355959578,44
2590,0,5334,2060,3274,0,0,0,1.0,1,1.0,1,1.0,1,0.22538701355959578,44
2591,0,5334,2060,3274,0,0,0,1.0,1,1.0,1,1.0,1,0.22538701355959578,44
2592,1,5335,2061,3274,0,0,0,1.0,1,1.0,1,1.0,1,0.27250780441551353,44
2593,1,5336,2062,3274,0,0,0,1.0,1,1.0,1,1.0,1,0.2656169324700351,43
2594,3,5339,2065,3274,0,0,0,1.0,1,1.0,1,1.0,1,0.2938919737947376,48
2595,2,5341,2066,3275,0,0,0,1.0,1,1.0,1,1.0,1,0.2710441084512045,45
2596,7,5348,2070,3278,0,0,0,1.0,1,1.0,1,1.0,1,0.256981093663879,46
2597,4,5352,2072,3280,0,0,0,1.0,1,1.0,1,1.0,1,0.22122439140494274,45
2598,0,5352,2072,3280,0,0,0,1.0,1,1.0,1,1.0,1,0.22122439140494274,45
2599,1,5353,2073,3280,0,0,0,1.0,1,1.0,1,1.0,1,0.21491137969458346,45
2600,2,5355,2074,3281,0,0,0,1.0,1,1.0,1,1.0,1,0.22115763530600313,48
2601,2,5357,2074,3283,0,0,0,1.0,1,1.0,1,1.0,1,0.17309781310116956,47
2602,1,5358,2074,3284,0,0,0,1.0,1,1.0,1,1.0,1,0.19589524504901132,48
2603,0,5358,2074,3284,0,0,0,1.0,1,1.0,1,1.0,1,0.19589524504901132,48
2604,0,5358,2074,3284,0,0,0,1.0,1,1.0,1,1.0,1,0.19623508313437382,47
2605,4,5362,2077,3285,0,0,0,1.0,1,1.0,1,1.0,1,0.22746078264941602,47
2606,0,5362,2077,3285,0,0,0,1.0,1,1.0,1,1.0,1,0.21959671761013813,46
2607,0,5362,2077,3285,0,0,0,1.0,1,1.0,1,1.0,1,0.24722138428498452,45
2608,2,5364,2078,3286,0,0,0,1.0,1,1.0,1,1.0,1,0.25724113769687523,45
2609,2,5366,2079,3287,0,0,0,1.0,1,1.0,1,1.0,1,0.2622342499802312,44
2610,3,5369,2080,3289,0,0,0,1.0,1,1.0,1,1.0,1,0.22826452585218435,45
2611,3,5372,2083,3289,0,0,0,1.0,1,1.0,1,1.0,1,0.26355635596581994,46
2612,3,5375,2085,3290,0,0,0,1.0,1,1.0,1,1.0,1,0.23984887888720458,47
2613,3,5378,2086,3292,0,0,0,1.0,1,1.0,1,1.0,1,0.2356831742921171,48
2614,2,5380,2088,3292,0,0,0,1.0,1,1.0,1,1.0,1,0.26236657916100137,48
2615,1,5381,2089,3292,0,0,0,1.0,1,1.0,1,1.0,1,0.24456201144924075,49
2616,1,5382,2089,3293,0,0,0,1.0,1,1.0,1,1.0,1,0.2563235882587838,49
2617,0,5382,2089,3293,0,0,0,1.0,1,1.0,1,1.0,1,0.24881241611111007,48
2618,0,5382,2089,3293,0,0,0,1.0,1,1.0,1,1.0,1,0.2620501379554312,47
2619,5,5387,2090,3297,0,0,0,1.0,1,1.0,1,1.0,1,0.23231804551478552,50
2620,2,5389,2090,3299,0,0,0,1.0,1,1.0,1,1.0,1,0.24206539051505704,51
2621,4,5393,2091,3302,0,0,0,1.0,1,1.0,1,1.0,1,0.16434693533984002,52
2622,1,5394,2092,3302,0,0,0,1.0,1,1.0,1,1.0,1,0.14168401676313402,52
2623,4,5398,2094,3304,0,0,0,1.0,1,1.0,1,1.0,1,0.11228547368538444,53
2624,2,5400,2096,3304,0,0,0,1.0,1,1.0,1,1.0,1,0.12127553390287206,51
2625,3,5403,2099,3304,0,0,0,1.0,1,1.0,1,1.0,1,0.15180575616111222,50
2626,1,5404,2100,3304,0,0,0,1.0,1,1.0,1,1.0,1,0.15991301805747535,49
2627,2,5406,2102,3304,0,0,0,1.0,1,1.0,1,1.0,1,0.14830346334808767,48
2628,5,5411,2105,3306,0,0,0,1.0,1,1.0,1,1.0,1,0.1701945866680694,48
2629,0,5411,2105,3306,0,0,0,1.0,1,1.0,1,1.0,1,0.15458817980118245,47
2630,1,5412,2106,3306,0,0,0,1.0,1,1.0,1,1.0,1,0.17878064200474478,47
2631,2,5414,2108,3306,0,0,0,1.0,1,1.0,1,1.0,1,0.22234023567430183,47
2632,2,5416,2109,3307,0,0,0,1.0,1,1.0,1,1.0,1,0.1820763341352464,47
2633,1,5417,2110,3307,0,0,0,1.0,1,1.0,1,1.0,1,0.22356060847286616,44
2634,2,5419,2111,3308,0,0,0,1.0,1,1.0,1,1.0,1,0.22779383440951728,44
2635,5,5424,2113,3311,0,0,0,1.0,1,1.0,1,1.0,1,0.24345091264998106,45
2636,2,5426,2114,3312,0,0,0,1.0,1,1.0,1,1.0,1,0.18798973732653224,40
2637,2,5428,2115,3313,0,0,0,1.0,1,1.0,1,1.0,1,0.1971300118297962,41
2638,2,5430,2117,3313,0,0,0,1.0,1,1.0,1,1.0,1,0.22680048806335526,38
2639,2,5432,2118,3314,0,0,0,1.0,1,1.0,1,1.0,1,0.20200078697348398,39
2640,1,5433,2119,3314,0,0,0,1.0,1,1.0,1,1.0,1,0.24432903379017323,38
2641,4,5437,2122,3315,0,0,0,1.0,1,1.0,1,1.0,1,0.2227019338678348,37
2642,7,5444,2127,3317,0,0,0,1.0,1,1.0,1,1.0,1,0.2682595345234589,38
2643,3,5447,2128,3319,0,0,0,1.0,1,1.0,1,1.0,1,0.2006548192242031,37
2644,0,5447,2128,3319,0,0,0,1.0,1,1.0,1,1.0,1,0.18908819304346267,36
2645,2,5449,2130,3319,0,0,0,1.0,1,1.0,1,1.0,1,0.2520355905406147,35
2646,1,5450,2131,3319,0,0,0,1.0,1,1.0,1,1.0,1,0.27157356821404394,35
2647,3,5453,2133,3320,0,0,0,1.0,1,1.0,1,1.0,1,0.1782658922621534,35
2648,1,5454,2134,3320,0,0,0,1.0,1,1.0,1,1.0,1,0.16271022516586978,36
2649,1,5455,2135,3320,0,0,0,1.0,1,1.0,1,1.0,1,0.1391227826022563,37
2650,1,5456,2135,3321,0,0,0,1.0,1,1.0,1,1.0,1,0.16272261046695363,39
2651,1,5457,2136,3321,0,0,0,1.0,1,1.0,1,1.0,1,0.14399705177786398,39
2652,0,5457,2136,3321,0,0,0,1.0,1,1.0,1,1.0,1,0.14399705177786398,39
2653,0,5457,2136,3321,0,0,0,1.0,1,1.0,1,1.0,1,0.14399705177786398,39
2654,0,5457,2136,3321,0,0,0,1.0,1,1.0,1,1.0,1,0.15975826929299866,40
2655,0,5457,2136,3321,0,0,0,1.0,1,1.0,1,1.0,1,0.15975826929299866,40
2656,1,5458,2137,3321,0,0,0,1.0,1,1.0,1,1.0,1,0.16903708796790526,39
2657,0,5458,2137,3321,0,0,0,1.0,1,1.0,1,1.0,1,0.18627342569204602,40
2658,0,5458,2137,3321,0,0,0,1.0,1,1.0,1,1.0,1,0.2246358447007446,41
2659,1,5459,2138,3321,0,0,0,1.0,1,1.0,1,1.0,1,0.2669446601592211,41
2660,4,5463,2139,3324,0,0,0,1.0,1,1.0,1,1.0,1,0.32293782817311034,40
2661,5,5468,2140,3328,0,0,0,1.0,1,1.0,1,1.0,1,0.24023664907615025,40
2662,5,5473,2143,3330,0,0,0,1.0,1,1.0,1,1.0,1,0.29015519917851096,42
2663,3,5476,2144,3332,0,0,0,1.0,1,1.0,1,1.0,1,0.22691141948653157,41
2664,3,5479,2145,3334,0,0,0,1.0,1,1.0,1,1.0,1,0.22625619400027014,42
2665,3,5482,2145,3337,0,0,0,1.0,1,1.0,1,1.0,1,0.15660275174121877,43
2666,1,5483,2146,3337,0,0,0,1.0,1,1.0,1,1.0,1,0.15119345550516128,44
2667,4,5487,2149,3338,0,0,0,1.0,1,1.0,1,1.0,1,0.224729790739784,42
2668,3,5490,2150,3340,0,0,0,1.0,1,1.0,1,1.0,1,0.22024414323986574,41
2669,4,5494,2151,3343,0,0,0,1.0,1,1.0,1,1.0,1,0.24727953777651118,42
2670,1,5495,2151,3344,0,0,0,1.0,1,1.0,1,1.0,1,0.25116208906987975,40
2671,3,5498,2153,3345,0,0,0,1.0,1,1.0,1,1.0,1,0.30601428831108457,39
2672,1,5499,2153,3346,0,0,0,1.0,1,1.0,1,1.0,1,0.30474825960996627,36
2673,2,5501,2155,3346,0,0,0,1.0,1,1.0,1,1.0,1,0.3574832037394175,35
2674,0,5501,2155,3346,0,0,0,1.0,1,1.0,1,1.0,1,0.3529482974694751,33
2675,0,5501,2155,3346,0,0,0,1.0,1,1.0,1,1.0,1,0.3401549415315515,34
2676,1,5502,2156,3346,0,0,0,1.0,1,1.0,1,1.0,1,0.3535208140403327,32
2677,0,5502,2156,3346,0,0,0,1.0,1,1.0,1,1.0,1,0.3666632506473215,33
2678,1,5503,2157,3346,0,0,0,1.0,1,1.0,1,1.0,1,0.35198263591096424,33
2679,3,5506,2158,3348,0,0,0,1.0,1,1.0,1,1.0,1,0.3358898213175895,32
2680,0,5506,2158,3348,0,0,0,1.0,1,1.0,1,1.0,1,0.3358898213175895,32
2681,4,5510,2158,3352,0,0,0,1.0,1,1.0,1,1.0,1,0.28364615337856364,32
2682,1,5511,2159,3352,0,0,0,1.0,1,1.0,1,1.0,1,0.31268237627438394,33
2683,1,5512,2160,3352,0,0,0,1.0,1,1.0,1,1.0,1,0.2965390653466194,32
2684,3,5515,2160,3355,0,0,0,1.0,1,1.0,1,1.0,1,0.3183555310552329,31
2685,0,5515,2160,3355,0,0,0,1.0,1,1.0,1,1.0,1,0.3183555310552329,31
2686,0,5515,2160,3355,0,0,0,1.0,1,1.0,1,1.0,1,0.3162834720723762,30
2687,1,5516,2160,3356,0,0,0,1.0,1,1.0,1,1.0,1,0.30416234265492004,30
2688,2,5518,2161,3357,0,0,0,1.0,1,1.0,1,1.0,1,0.36048099164654157,30
2689,4,5522,2163,3359,0,0,0,1.0,1,1.0,1,1.0,1,0.3286241098129076,31
2690,3,5525,2166,3359,0,0,0,1.0,1,1.0,1,1.0,1,0.3170970887571562,31
2691,3,5528,2168,3360,0,0,0,1.0,1,1.0,1,1.0,1,0.36776630366059326,32
2692,1,5529,2168,3361,0,0,0,1.0,1,1.0,1,1.0,1,0.3413367402350245,32
2693,5,5534,2170,3364,0,0,0,1.0,1,1.0,1,1.0,1,0.39440541081226693,33
2694,1,5535,2170,3365,0,0,0,1.0,1,1.0,1,1.0,1,0.37940382202251083,34
2695,1,5536,2170,3366,0,0,0,1.0,1,1.0,1,1.0,1,0.3642191232441286,35
2696,2,5538,2171,3367,0,0,0,1.0,1,1.0,1,1.0,1,0.3682866120637129,35
2697,2,5540,2172,3368,0,0,0,1.0,1,1.0,1,1.0,1,0.36303237516938036,35
2698,2,5542,2172,3370,0,0,0,1.0,1,1.0,1,1.0,1,0.3432759994784156,36
2699,2,5544,2172,3372,0,0,0,1.0,1,1.0,1,1.0,1,0.2913894318977669,36
2700,0,5544,2172,3372,0,0,0,1.0,1,1.0,1,1.0,1,0.29426968160593486,37
2701,3,5547,2172,3375,0,0,0,1.0,1,1.0,1,1.0,1,0.22488048926306933,37
2702,1,5548,2173,3375,0,0,0,1.0,1,1.0,1,1.0,1,0.19649076224379552,37
2703,3,5551,2175,3376,0,0,0,1.0,1,1.0,1,1.0,1,0.18847262077221646,38
2704,0,5551,2175,3376,0,0,0,1.0,1,1.0,1,1.0,1,0.18804730583409754,37
2705,4,5555,2177,3378,0,0,0,1.0,1,1.0,1,1.0,1,0.16917127613113594,36
2706,2,5557,2179,3378,0,0,0,1.0,1,1.0,1,1.0,1,0.25103874896864636,36
2707,0,5557,2179,3378,0,0,0,1.0,1,1.0,1,1.0,1,0.23424328294897725,35
2708,2,5559,2181,3378,0,0,0,1.0,1,1.0,1,1.0,1,0.3023854650717597,36
2709,1,5560,2182,3378,0,0,0,1.0,1,1.0,1,1.0,1,0.24029021052942628,32
2710,1,5561,2183,3378,0,0,0,1.0,1,1.0,1,1.0,1,0.2944024278086073,29
2711,2,5563,2185,3378,0,0,0,1.0,1,1.0,1,1.0,1,0.4027099641386727,29
2712,2,5565,2186,3379,0,0,0,1.0,1,1.0,1,1.0,1,0.4588058155473157,28
2713,1,5566,2186,3380,0,0,0,1.0,1,1.0,1,1.0,1,0.43407161288786583,28
2714,1,5567,2187,3380,0,0,0,1.0,1,1.0,1,1.0,1,0.36130241601926255,26
2715,0,5567,2187,3380,0,0,0,1.0,1,1.0,1,1.0,1,0.36219690695576134,24
2716,1,5568,2188,3380,0,0,0,1.0,1,1.0,1,1.0,1,0.35422704181338494,24
2717,4,5572,2192,3380,0,0,0,1.0,1,1.0,1,1.0,1,0.41995046321187224,25
2718,2,5574,2192,3382,0,0,0,1.0,1,1.0,1,1.0,1,0.3653758434614067,25
2719,5,5579,2195,3384,0,0,0,1.0,1,1.0,1,1.0,1,0.3389153358373889,25
2720,1,5580,2196,3384,0,0,0,1.0,1,1.0,1,1.0,1,0.3758098352012303,25
2721,5,5585,2198,3387,0,0,0,1.0,1,1.0,1,1.0,1,0.2597956552768452,25
2722,1,5586,2199,3387,0,0,0,1.0,1,1.0,1,1.0,1,0.21748136297044215,26
2723,0,5586,2199,3387,0,0,0,1.0,1,1.0,1,1.0,1,0.21748136297044215,26
2724,1,5587,2200,3387,0,0,0,1.0,1,1.0,1,1.0,1,0.23423683241498477,27
2725,1,5588,2200,3388,0,0,0,1.0,1,1.0,1,1.0,1,0.21344291236521248,28
2726,1,5589,2201,3388,0,0,0,1.0,1,1.0,1,1.0,1,0.21279493889556145,28
2727,0,5589,2201,3388,0,0,0,1.0,1,1.0,1,1.0,1,0.2090630235954732,29
2728,1,5590,2202,3388,0,0,0,1.0,1,1.0,1,1.0,1,0.2610418768237049,29
2729,1,5591,2202,3389,0,0,0,1.0,1,1.0,1,1.0,1,0.21031640846824773,29
2730,0,5591,2202,3389,0,0,0,1.0,1,1.0,1,1.0,1,0.21031640846824773,29
2731,1,5592,2202,3390,0,0,0,1.0,1,1.0,1,1.0,1,0.17189009458076215,30
2732,1,5593,2203,3390,0,0,0,1.0,1,1.0,1,1.0,1,0.22262393321790586,29
2733,0,5593,2203,3390,0,0,0,1.0,1,1.0,1,1.0,1,0.22262393321790586,29
2734,0,5593,2203,3390,0,0,0,1.0,1,1.0,1,1.0,1,0.22262393321790586,29
2735,0,5593,2203,3390,0,0,0,1.0,1,1.0,1,1.0,1,0.22262393321790586,29
2736,1,5594,2204,3390,0,0,0,1.0,1,1.0,1,1.0,1,0.2540019098349993,30
2737,1,5595,2204,3391,0,0,0,1.0,1,1.0,1,1.0,1,0.27183379201284685,30
2738,3,5598,2207,3391,0,0,0,1.0,1,1.0,1,1.0,1,0.3389702417454969,30
2739,1,5599,2208,3391,0,0,0,1.0,1,1.0,1,1.0,1,0.3872926739778455,29
2740,1,5600,2208,3392,0,0,0,1.0,1,1.0,1,1.0,1,0.33630774069490493,29
2741,4,5604,2209,3395,0,0,0,1.0,1,1.0,1,1.0,1,0.3160359591265214,28
2742,5,5609,2211,3398,0,0,0,1.0,1,1.0,1,1.0,1,0.29052007855585527,28
2743,1,5610,2211,3399,0,0,0,1.0,1,1.0,1,1.0,1,0.3007959680353104,29
2744,5,5615,2213,3402,0,0,0,1.0,1,1.0,1,1.0,1,0.24880124664278466,27
2745,1,5616,2214,3402,0,0,0,1.0,1,1.0,1,1.0,1,0.2680433415160955,25
2746,0,5616,2214,3402,0,0,0,1.0,1,1.0,1,1.0,1,0.2793473411054199,25
2747,2,5618,2216,3402,0,0,0,1.0,1,1.0,1,1.0,1,0.30930021776765476,23
2748,2,5620,2217,3403,0,0,0,1.0,1,1.0,1,1.0,1,0.31446745623376443,22
2749,0,5620,2217,3403,0,0,0,1.0,1,1.0,1,1.0,1,0.36996610305524835,19
2750,1,5621,2218,3403,0,0,0,1.0,1,1.0,1,1.0,1,0.41523787374681337,18
2751,0,5621,2218,3403,0,0,0,1.0,1,1.0,1,1.0,1,0.46932275744176677,16
2752,0,5621,2218,3403,0,0,0,1.0,1,1.0,1,1.0,1,0.4496109663737177,15
2753,0,5621,2218,3403,0,0,0,1.0,1,1.0,1,1.0,1,0.4496109663737177,15
2754,0,5621,2218,3403,0,0,0,1.0,1,1.0,1,1.0,1,0.4496109663737177,15
2755,0,5621,2218,3403,0,0,0,1.0,1,1.0,1,1.0,1,0.4496109663737177,15
2756,0,5621,2218,3403,0,0,0,1.0,1,1.0,1,1.0,1,0.43063092331923114,16
2757,0,5621,2218,3403,0,0,0,1.0,1,1.0,1,1.0,1,0.3619974112227661,17
2758,0,5621,2218,3403,0,0,0,1.0,1,1.0,1,1.0,1,0.3619974112227661,17
2759,0,5621,2218,3403,0,0,0,1.0,1,1.0,1,1.0,1,0.3342238191293606,18
2760,0,5621,2218,3403,0,0,0,1.0,1,1.0,1,1.0,1,0.3342238191293606,18
2761,0,5621,2218,3403,0,0,0,1.0,1,1.0,1,1.0,1,0.3342238191293606,18
2762,0,5621,2218,3403,0,0,0,1.0,1,1.0,1,1.0,1,0.3342238191293606,18
2763,0,5621,2218,3403,0,0,0,1.0,1,1.0,1,1.0,1,0.35539604157125687,17
2764,3,5624,2220,3404,0,0,0,1.0,1,1.0,1,1.0,1,0.46976661405635045,17
2765,1,5625,2220,3405,0,0,0,1.0,1,1.0,1,1.0,1,0.425882247857236,18
2766,0,5625,2220,3405,0,0,0,1.0,1,1.0,1,1.0,1,0.425882247857236,18
2767,0,5625,2220,3405,0,0,0,1.0,1,1.0,1,1.0,1,0.425882247857236,18
2768,0,5625,2220,3405,0,0,0,1.0,1,1.0,1,1.0,1,0.425882247857236,18
2769,3,5628,2222,3406,0,0,0,1.0,1,1.0,1,1.0,1,0.3187138643420227,18
2770,0,5628,2222,3406,0,0,0,1.0,1,1.0,1,1.0,1,0.3187138643420227,18
2771,0,5628,2222,3406,0,0,0,1.0,1,1.0,1,1.0,1,0.3187138643420227,18
2772,0,5628,2222,3406,0,0,0,1.0,1,1.0,1,1.0,1,0.3187138643420227,18
2773,0,5628,2222,3406,0,0,0,1.0,1,1.0,1,1.0,1,0.3187138643420227,18
2774,2,5630,2223,3407,0,0,0,1.0,1,1.0,1,1.0,1,0.3580981619083747,20
2775,0,5630,2223,3407,0,0,0,1.0,1,1.0,1,1.0,1,0.3564665036000344,21
2776,0,5630,2223,3407,0,0,0,1.0,1,1.0,1,1.0,1,0.3564665036000344,21
2777,0,5630,2223,3407,0,0,0,1.0,1,1.0,1,1.0,1,0.3454689900062064,22
2778,3,5633,2225,3408,0,0,0,1.0,1,1.0,1,1.0,1,0.3745283243022537,24
2779,1,5634,2226,3408,0,0,0,1.0,1,1.0,1,1.0,1,0.36814648766076263,24
2780,1,5635,2227,3408,0,0,0,1.0,1,1.0,1,1.0,1,0.36225577796816916,24
2781,0,5635,2227,3408,0,0,0,1.0,1,1.0,1,1.0,1,0.36225577796816916,24
2782,1,5636,2227,3409,0,0,0,1.0,1,1.0,1,1.0,1,0.3263553213535466,24
2783,1,5637,2227,3410,0,0,0,1.0,1,1.0,1,1.0,1,0.2886330582693696,24
2784,2,5639,2228,3411,0,0,0,1.0,1,1.0,1,1.0,1,0.30654524748849954,24
2785,0,5639,2228,3411,0,0,0,1.0,1,1.0,1,1.0,1,0.25460306950259226,22
2786,0,5639,2228,3411,0,0,0,1.0,1,1.0,1,1.0,1,0.27812878196963553,22
2787,0,5639,2228,3411,0,0,0,1.0,1,1.0,1,1.0,1,0.31404948319629056,21
2788,0,5639,2228,3411,0,0,0,1.0,1,1.0,1,1.0,1,0.2832081577586986,20
2789,1,5640,2229,3411,0,0,0,1.0,1,1.0,1,1.0,1,0.3552424623024259,20
2790,0,5640,2229,3411,0,0,0,1.0,1,1.0,1,1.0,1,0.37070160695108967,21
2791,1,5641,2230,3411,0,0,0,1.0,1,1.0,1,1.0,1,0.4336803942841075,21
2792,0,5641,2230,3411,0,0,0,1.0,1,1.0,1,1.0,1,0.4336803942841075,21
2793,0,5641,2230,3411,0,0,0,1.0,1,1.0,1,1.0,1,0.4473781664946176,18
2794,0,5641,2230,3411,0,0,0,1.0,1,1.0,1,1.0,1,0.4473781664946176,18
2795,1,5642,2230,3412,0,0,0,1.0,1,1.0,1,1.0,1,0.40904183825902163,20
2796,1,5643,2231,3412,0,0,0,1.0,1,1.0,1,1.0,1,0.3858257874013609,21
2797,0,5643,2231,3412,0,0,0,1.0,1,1.0,1,1.0,1,0.3858257874013609,21
2798,0,5643,2231,3412,0,0,0,1.0,1,1.0,1,1.0,1,0.3858257874013609,21
2799,1,5644,2231,3413,0,0,0,1.0,1,1.0,1,1.0,1,0.3434395945458346,22
2800,0,5644,2231,3413,0,0,0,1.0,1,1.0,1,1.0,1,0.3434395945458346,22
2801,2,5646,2232,3414,0,0,0,1.0,1,1.0,1,1.0,1,0.30770105645521273,22
2802,0,5646,2232,3414,0,0,0,1.0,1,1.0,1,1.0,1,0.30770105645521273,22
2803,1,5647,2233,3414,0,0,0,1.0,1,1.0,1,1.0,1,0.3599139655852492,22
2804,0,5647,2233,3414,0,0,0,1.0,1,1.0,1,1.0,1,0.3771118702741585,23
2805,0,5647,2233,3414,0,0,0,1.0,1,1.0,1,1.0,1,0.3771118702741585,23
2806,0,5647,2233,3414,0,0,0,1.0,1,1.0,1,1.0,1,0.3771118702741585,23
2807,0,5647,2233,3414,0,0,0,1.0,1,1.0,1,1.0,1,0.364611777372577,24
2808,0,5647,2233,3414,0,0,0,1.0,1,1.0,1,1.0,1,0.364611777372577,24
2809,2,5649,2234,3415,0,0,0,1.0,1,1.0,1,1.0,1,0.38755782637069125,25
2810,0,5649,2234,3415,0,0,0,1.0,1,1.0,1,1.0,1,0.3840025102304999,24
2811,0,5649,2234,3415,0,0,0,1.0,1,1.0,1,1.0,1,0.39600301109731173,26
2812,1,5650,2235,3415,0,0,0,1.0,1,1.0,1,1.0,1,0.44076384451036665,26
2813,1,5651,2236,3415,0,0,0,1.0,1,1.0,1,1.0,1,0.4117121804993842,27
2814,6,5657,2238,3419,0,0,0,1.0,1,1.0,1,1.0,1,0.35530417477061593,29
2815,0,5657,2238,3419,0,0,0,1.0,1,1.0,1,1.0,1,0.35530417477061593,29
2816,3,5660,2238,3422,0,0,0,1.0,1,1.0,1,1.0,1,0.3549055829573453,29
2817,1,5661,2238,3423,0,0,0,1.0,1,1.0,1,1.0,1,0.3582168701944935,29
2818,2,5663,2238,3425,0,0,0,1.0,1,1.0,1,1.0,1,0.39528811439898637,29
2819,4,5667,2238,3429,0,0,0,1.0,1,1.0,1,1.0,1,0.40152266829924127,30
2820,3,5670,2239,3431,0,0,0,1.0,1,1.0,1,1.0,1,0.39416654443758375,30
2821,5,5675,2240,3435,0,0,0,1.0,1,1.0,1,1.0,1,0.3243672986349534,31
2822,1,5676,2241,3435,0,0,0,1.0,1,1.0,1,1.0,1,0.35725710619519124,30
2823,0,5676,2241,3435,0,0,0,1.0,1,1.0,1,1.0,1,0.3445533203380405,27
2824,0,5676,2241,3435,0,0,0,1.0,1,1.0,1,1.0,1,0.3279869259443272,28
2825,5,5681,2244,3437,0,0,0,1.0,1,1.0,1,1.0,1,0.2985664697773172,28
2826,1,5682,2245,3437,0,0,0,1.0,1,1.0,1,1.0,1,0.3568087594158,27
2827,1,5683,2246,3437,0,0,0,1.0,1,1.0,1,1.0,1,0.3387903870721821,28
2828,2,5685,2246,3439,0,0,0,1.0,1,1.0,1,1.0,1,0.2972407109206292,28
2829,1,5686,2246,3440,0,0,0,1.0,1,1.0,1,1.0,1,0.23114059113638566,27
2830,0,5686,2246,3440,0,0,0,1.0,1,1.0,1,1.0,1,0.23114059113638566,27
2831,1,5687,2247,3440,0,0,0,1.0,1,1.0,1,1.0,1,0.27111966824039524,27
2832,0,5687,2247,3440,0,0,0,1.0,1,1.0,1,1.0,1,0.29464215601766336,27
2833,1,5688,2247,3441,0,0,0,1.0,1,1.0,1,1.0,1,0.29512617822755954,26
2834,1,5689,2248,3441,0,0,0,1.0,1,1.0,1,1.0,1,0.2232611469110017,26
2835,0,5689,2248,3441,0,0,0,1.0,1,1.0,1,1.0,1,0.25783411269679485,25
2836,0,5689,2248,3441,0,0,0,1.0,1,1.0,1,1.0,1,0.2761710322721449,27
2837,0,5689,2248,3441,0,0,0,1.0,1,1.0,1,1.0,1,0.2988504723178183,27
2838,2,5691,2249,3442,0,0,0,1.0,1,1.0,1,1.0,1,0.3310330249942589,27
2839,1,5692,2249,3443,0,0,0,1.0,1,1.0,1,1.0,1,0.3301942741355852,29
2840,2,5694,2250,3444,0,0,0,1.0,1,1.0,1,1.0,1,0.3481407458421768,29
2841,4,5698,2250,3448,0,0,0,1.0,1,1.0,1,1.0,1,0.23291991229297596,31
2842,0,5698,2250,3448,0,0,0,1.0,1,1.0,1,1.0,1,0.23291991229297596,31
2843,1,5699,2250,3449,0,0,0,1.0,1,1.0,1,1.0,1,0.1836459048103045,32
2844,1,5700,2251,3449,0,0,0,1.0,1,1.0,1,1.0,1,0.23179711564403213,33
2845,1,5701,2251,3450,0,0,0,1.0,1,1.0,1,1.0,1,0.24754211129415613,32
2846,1,5702,2252,3450,0,0,0,1.0,1,1.0,1,1.0,1,0.2406776926079674,33
2847,0,5702,2252,3450,0,0,0,1.0,1,1.0,1,1.0,1,0.26143844555833157,32
2848,1,5703,2253,3450,0,0,0,1.0,1,1.0,1,1.0,1,0.3085767067886281,33
2849,0,5703,2253,3450,0,0,0,1.0,1,1.0,1,1.0,1,0.309800749551394,34
2850,2,5705,2255,3450,0,0,0,1.0,1,1.0,1,1.0,1,0.2701263601133857,34
2851,0,5705,2255,3450,0,0,0,1.0,1,1.0,1,1.0,1,0.2701263601133857,34
2852,5,5710,2259,3451,0,0,0,1.0,1,1.0,1,1.0,1,0.2704240356189523,35
2853,4,5714,2260,3454,0,0,0,1.0,1,1.0,1,1.0,1,0.26639530326223637,36
2854,0,5714,2260,3454,0,0,0,1.0,1,1.0,1,1.0,1,0.28917775819864067,37
2855,2,5716,2262,3454,0,0,0,1.0,1,1.0,1,1.0,1,0.3060276203214856,38
2856,0,5716,2262,3454,0,0,0,1.0,1,1.0,1,1.0,1,0.3060276203214856,38
2857,1,5717,2263,3454,0,0,0,1.0,1,1.0,1,1.0,1,0.2916137503045351,39
2858,3,5720,2263,3457,0,0,0,1.0,1,1.0,1,1.0,1,0.23964579547751705,40
2859,1,5721,2263,3458,0,0,0,1.0,1,1.0,1,1.0,1,0.25482327644967834,40
2860,1,5722,2264,3458,0,0,0,1.0,1,1.0,1,1.0,1,0.26602607624877167,40
2861,5,5727,2266,3461,0,0,0,1.0,1,1.0,1,1.0,1,0.19292630900241758,38
2862,5,5732,2268,3464,0,0,0,1.0,1,1.0,1,1.0,1,0.19919936434941926,38
2863,2,5734,2269,3465,0,0,0,1.0,1,1.0,1,1.0,1,0.23687887077735603,38
2864,5,5739,2272,3467,0,0,0,1.0,1,1.0,1,1.0,1,0.2567719407334999,36
2865,2,5741,2273,3468,0,0,0,1.0,1,1.0,1,1.0,1,0.2807234989679822,34
2866,1,5742,2274,3468,0,0,0,1.0,1,1.0,1,1.0,1,0.3155617777997483,31
2867,0,5742,2274,3468,0,0,0,1.0,1,1.0,1,1.0,1,0.32016991124704974,30
2868,2,5744,2276,3468,0,0,0,1.0,1,1.0,1,1.0,1,0.30804675723999475,27
2869,3,5747,2279,3468,0,0,0,1.0,1,1.0,1,1.0,1,0.35854695265741693,27
2870,2,5749,2281,3468,0,0,0,1.0,1,1.0,1,1.0,1,0.40945842697887885,25
2871,1,5750,2282,3468,0,0,0,1.0,1,1.0,1,1.0,1,0.3911771158892973,25
2872,1,5751,2283,3468,0,0,0,1.0,1,1.0,1,1.0,1,0.3539426734960041,23
2873,1,5752,2284,3468,0,0,0,1.0,1,1.0,1,1.0,1,0.39913730126313474,24
2874,0,5752,2284,3468,0,0,0,1.0,1,1.0,1,1.0,1,0.42373045439911833,24
2875,1,5753,2284,3469,0,0,0,1.0,1,1.0,1,1.0,1,0.43635388432027145,23
2876,2,5755,2285,3470,0,0,0,1.0,1,1.0,1,1.0,1,0.45426270049152356,24
2877,1,5756,2286,3470,0,0,0,1.0,1,1.0,1,1.0,1,0.49201125046310945,24
2878,1,5757,2287,3470,0,0,0,1.0,1,1.0,1,1.0,1,0.4800874780058759,24
2879,1,5758,2288,3470,0,0,0,1.0,1,1.0,1,1.0,1,0.513890215956416,25
2880,0,5758,2288,3470,0,0,0,1.0,1,1.0,1,1.0,1,0.5112049219764041,26
2881,5,5763,2288,3475,0,0,0,1.0,1,1.0,1,1.0,1,0.3252205940257664,26
2882,0,5763,2288,3475,0,0,0,1.0,1,1.0,1,1.0,1,0.30477905989180043,27
2883,0,5763,2288,3475,0,0,0,1.0,1,1.0,1,1.0,1,0.3135481395229957,28
2884,1,5764,2288,3476,0,0,0,1.0,1,1.0,1,1.0,1,0.3216616630601425,29
2885,0,5764,2288,3476,0,0,0,1.0,1,1.0,1,1.0,1,0.31004466553469967,31
2886,2,5766,2289,3477,0,0,0,1.0,1,1.0,1,1.0,1,0.3102947315610727,31
2887,1,5767,2290,3477,0,0,0,1.0,1,1.0,1,1.0,1,0.34281036678775817,33
2888,5,5772,2291,3481,0,0,0,1.0,1,1.0,1,1.0,1,0.24523036112326047,34
2889,0,5772,2291,3481,0,0,0,1.0,1,1.0,1,1.0,1,0.25673234390771454,35
2890,1,5773,2292,3481,0,0,0,1.0,1,1.0,1,1.0,1,0.2689595633072906,35
2891,2,5775,2293,3482,0,0,0,1.0,1,1.0,1,1.0,1,0.24089813297038368,35
2892,1,5776,2294,3482,0,0,0,1.0,1,1.0,1,1.0,1,0.25888624375526814,35
2893,0,5776,2294,3482,0,0,0,1.0,1,1.0,1,1.0,1,0.28920849729951775,37
2894,0,5776,2294,3482,0,0,0,1.0,1,1.0,1,1.0,1,0.28920849729951775,37
2895,0,5776,2294,3482,0,0,0,1.0,1,1.0,1,1.0,1,0.28920849729951775,37
2896,0,5776,2294,3482,0,0,0,1.0,1,1.0,1,1.0,1,0.3036330727392817,38
2897,0,5776,2294,3482,0,0,0,1.0,1,1.0,1,1.0,1,0.33951036733524936,37
2898,0,5776,2294,3482,0,0,0,1.0,1,1.0,1,1.0,1,0.35424462184480143,38
2899,2,5778,2295,3483,0,0,0,1.0,1,1.0,1,1.0,1,0.3590380768448374,37
2900,0,5778,2295,3483,0,0,0,1.0,1,1.0,1,1.0,1,0.35826794739994555,36
2901,2,5780,2295,3485,0,0,0,1.0,1,1.0,1,1.0,1,0.32904328091151414,37
2902,1,5781,2296,3485,0,0,0,1.0,1,1.0,1,1.0,1,0.39945468349343716,35
2903,0,5781,2296,3485,0,0,0,1.0,1,1.0,1,1.0,1,0.4007107485475422,35
2904,0,5781,2296,3485,0,0,0,1.0,1,1.0,1,1.0,1,0.4065493995892036,33
2905,0,5781,2296,3485,0,0,0,1.0,1,1.0,1,1.0,1,0.40158602966969115,34
2906,2,5783,2298,3485,0,0,0,1.0,1,1.0,1,1.0,1,0.4500117337545869,34
2907,1,5784,2298,3486,0,0,0,1.0,1,1.0,1,1.0,1,0.42497799537718123,35
2908,2,5786,2298,3488,0,0,0,1.0,1,1.0,1,1.0,1,0.3968542500833344,36
2909,1,5787,2298,3489,0,0,0,1.0,1,1.0,1,1.0,1,0.4127687584157782,38
2910,0,5787,2298,3489,0,0,0,1.0,1,1.0,1,1.0,1,0.4127687584157782,38
2911,1,5788,2299,3489,0,0,0,1.0,1,1.0,1,1.0,1,0.43010440655621834,37
2912,0,5788,2299,3489,0,0,0,1.0,1,1.0,1,1.0,1,0.43010440655621834,37
2913,4,5792,2299,3493,0,0,0,1.0,1,1.0,1,1.0,1,0.41058283160229264,38
2914,3,5795,2299,3496,0,0,0,1.0,1,1.0,1,1.0,1,0.4001435947206814,38
2915,2,5797,2299,3498,0,0,0,1.0,1,1.0,1,1.0,1,0.3702232091964459,39
2916,0,5797,2299,3498,0,0,0,1.0,1,1.0,1,1.0,1,0.3780034833414979,40
2917,2,5799,2299,3500,0,0,0,1.0,1,1.0,1,1.0,1,0.36605472243993625,41
2918,0,5799,2299,3500,0,0,0,1.0,1,1.0,1,1.0,1,0.367922482455208,41
2919,2,5801,2299,3502,0,0,0,1.0,1,1.0,1,1.0,1,0.34917009989686915,41
2920,4,5805,2299,3506,0,0,0,1.0,1,1.0,1,1.0,1,0.3108882452597164,43
2921,1,5806,2299,3507,0,0,0,1.0,1,1.0,1,1.0,1,0.26284638849599545,42
2922,1,5807,2300,3507,0,0,0,1.0,1,1.0,1,1.0,1,0.23836543482206393,43
2923,0,5807,2300,3507,0,0,0,1.0,1,1.0,1,1.0,1,0.2494058769464957,44
2924,0,5807,2300,3507,0,0,0,1.0,1,1.0,1,1.0,1,0.22965583102214635,45
2925,0,5807,2300,3507,0,0,0,1.0,1,1.0,1,1.0,1,0.26333011716876176,45
2926,4,5811,2302,3509,0,0,0,1.0,1,1.0,1,1.0,1,0.2503606201139149,47
2927,1,5812,2302,3510,0,0,0,1.0,1,1.0,1,1.0,1,0.23823042896425395,47
2928,1,5813,2303,3510,0,0,0,1.0,1,1.0,1,1.0,1,0.2503048547908231,48
2929,0,5813,2303,3510,0,0,0,1.0,1,1.0,1,1.0,1,0.2503048547908231,48
2930,0,5813,2303,3510,0,0,0,1.0,1,1.0,1,1.0,1,0.2706981955681214,50
2931,1,5814,2303,3511,0,0,0,1.0,1,1.0,1,1.0,1,0.2727752892145822,51
2932,0,5814,2303,3511,0,0,0,1.0,1,1.0,1,1.0,1,0.2727752892145822,51
2933,5,5819,2304,3515,0,0,0,1.0,1,1.0,1,1.0,1,0.25767426426646944,52
2934,2,5821,2305,3516,0,0,0,1.0,1,1.0,1,1.0,1,0.26210413263057747,52
2935,0,5821,2305,3516,0,0,0,1.0,1,1.0,1,1.0,1,0.2783372572257931,51
2936,1,5822,2305,3517,0,0,0,1.0,1,1.0,1,1.0,1,0.26254658561915706,49
2937,0,5822,2305,3517,0,0,0,1.0,1,1.0,1,1.0,1,0.27438789708261946,50
2938,3,5825,2308,3517,0,0,0,1.0,1,1.0,1,1.0,1,0.3184950460347799,50
2939,2,5827,2309,3518,0,0,0,1.0,1,1.0,1,1.0,1,0.2763096082284458,51
2940,2,5829,2309,3520,0,0,0,1.0,1,1.0,1,1.0,1,0.2692939905539747,52
2941,3,5832,2309,3523,0,0,0,1.0,1,1.0,1,1.0,1,0.2557444546098488,53
2942,2,5834,2310,3524,0,0,0,1.0,1,1.0,1,1.0,1,0.2697447725713586,52
2943,1,5835,2311,3524,0,0,0,1.0,1,1.0,1,1.0,1,0.26268483305416046,51
2944,3,5838,2313,3525,0,0,0,1.0,1,1.0,1,1.0,1,0.2693025429586285,52
2945,2,5840,2314,3526,0,0,0,1.0,1,1.0,1,1.0,1,0.2505399650916347,50
2946,4,5844,2317,3527,0,0,0,1.0,1,1.0,1,1.0,1,0.2807550154901572,51
2947,3,5847,2319,3528,0,0,0,1.0,1,1.0,1,1.0,1,0.2806954374706349,50
2948,3,5850,2321,3529,0,0,0,1.0,1,1.0,1,1.0,1,0.29945446494045397,50
2949,0,5850,2321,3529,0,0,0,1.0,1,1.0,1,1.0,1,0.2939097743883141,49
2950,2,5852,2322,3530,0,0,0,1.0,1,1.0,1,1.0,1,0.3259630754009876,48
2951,2,5854,2323,3531,0,0,0,1.0,1,1.0,1,1.0,1,0.33299549150252206,48
2952,0,5854,2323,3531,0,0,0,1.0,1,1.0,1,1.0,1,0.34639244583820616,46
2953,0,5854,2323,3531,0,0,0,1.0,1,1.0,1,1.0,1,0.34639244583820616,46
2954,2,5856,2324,3532,0,0,0,1.0,1,1.0,1,1.0,1,0.33030472048583864,48
2955,3,5859,2324,3535,0,0,0,1.0,1,1.0,1,1.0,1,0.28498220032509386,48
2956,2,5861,2325,3536,0,0,0,1.0,1,1.0,1,1.0,1,0.3071062493785264,47
2957,3,5864,2326,3538,0,0,0,1.0,1,1.0,1,1.0,1,0.30025021491664144,48
2958,1,5865,2326,3539,0,0,0,1.0,1,1.0,1,1.0,1,0.3020680543650054,49
2959,4,5869,2327,3542,0,0,0,1.0,1,1.0,1,1.0,1,0.28810810309119955,49
2960,2,5871,2327,3544,0,0,0,1.0,1,1.0,1,1.0,1,0.25407127111560546,49
2961,7,5878,2329,3549,0,0,0,1.0,1,1.0,1,1.0,1,0.173877295935999,51
2962,1,5879,2329,3550,0,0,0,1.0,1,1.0,1,1.0,1,0.15333115834086836,51
2963,0,5879,2329,3550,0,0,0,1.0,1,1.0,1,1.0,1,0.15333115834086836,51
2964,1,5880,2330,3550,0,0,0,1.0,1,1.0,1,1.0,1,0.17243878360928763,52
2965,1,5881,2330,3551,0,0,0,1.0,1,1.0,1,1.0,1,0.1653689139827014,53
2966,1,5882,2331,3551,0,0,0,1.0,1,1.0,1,1.0,1,0.14207659432699393,53
2967,4,5886,2332,3554,0,0,0,1.0,1,1.0,1,1.0,1,0.13891413506803232,53
2968,2,5888,2333,3555,0,0,0,1.0,1,1.0,1,1.0,1,0.13837476625535425,54
2969,0,5888,2333,3555,0,0,0,1.0,1,1.0,1,1.0,1,0.14738963422984216,55
2970,0,5888,2333,3555,0,0,0,1.0,1,1.0,1,1.0,1,0.14738963422984216,55
2971,4,5892,2334,3558,0,0,0,1.0,1,1.0,1,1.0,1,0.1102460107207437,55
2972,0,5892,2334,3558,0,0,0,1.0,1,1.0,1,1.0,1,0.1102460107207437,55
2973,0,5892,2334,3558,0,0,0,1.0,1,1.0,1,1.0,1,0.10499072253321234,55
2974,0,5892,2334,3558,0,0,0,1.0,1,1.0,1,1.0,1,0.09261309316789657,56
2975,0,5892,2334,3558,0,0,0,1.0,1,1.0,1,1.0,1,0.09367548003232688,55
2976,0,5892,2334,3558,0,0,0,1.0,1,1.0,1,1.0,1,0.1068417880815381,57
2977,0,5892,2334,3558,0,0,0,1.0,1,1.0,1,1.0,1,0.11130390329854149,59
2978,2,5894,2336,3558,0,0,0,1.0,1,1.0,1,1.0,1,0.1269251983249183,59
2979,2,5896,2337,3559,0,0,0,1.0,1,1.0,1,1.0,1,0.11966430956658786,59
2980,2,5898,2339,3559,0,0,0,1.0,1,1.0,1,1.0,1,0.14916189659648896,59
2981,5,5903,2341,3562,0,0,0,1.0,1,1.0,1,1.0,1,0.13777574207345533,59
2982,4,5907,2342,3565,0,0,0,1.0,1,1.0,1,1.0,1,0.14760328187282995,61
2983,4,5911,2345,3566,0,0,0,1.0,1,1.0,1,1.0,1,0.15482287261833774,61
2984,3,5914,2348,3566,0,0,0,1.0,1,1.0,1,1.0,1,0.20340443400424524,61
2985,8,5922,2353,3569,0,0,0,1.0,1,1.0,1,1.0,1,0.17413381785408188,57
2986,6,5928,2357,3571,0,0,0,1.0,1,1.0,1,1.0,1,0.2195043164906139,58
2987,9,5937,2360,3577,0,0,0,1.0,1,1.0,1,1.0,1,0.2222867213866013,56
2988,3,5940,2360,3580,0,0,0,1.0,1,1.0,1,1.0,1,0.2092355852189014,55
2989,6,5946,2364,3582,0,0,0,1.0,1,1.0,1,1.0,1,0.22566904917266656,53
2990,1,5947,2365,3582,0,0,0,1.0,1,1.0,1,1.0,1,0.20178038088484618,52
2991,2,5949,2366,3583,0,0,0,1.0,1,1.0,1,1.0,1,0.19407705164827804,54
2992,2,5951,2367,3584,0,0,0,1.0,1,1.0,1,1.0,1,0.17817826131731362,55
2993,3,5954,2370,3584,0,0,0,1.0,1,1.0,1,1.0,1,0.23045951020622513,53
2994,4,5958,2373,3585,0,0,0,1.0,1,1.0,1,1.0,1,0.30315353514477417,53
2995,0,5958,2373,3585,0,0,0,1.0,1,1.0,1,1.0,1,0.3022907764468554,51
2996,1,5959,2373,3586,0,0,0,1.0,1,1.0,1,1.0,1,0.3092488603598395,52
2997,3,5962,2374,3588,0,0,0,1.0,1,1.0,1,1.0,1,0.30686296775399896,50
2998,1,5963,2375,3588,0,0,0,1.0,1,1.0,1,1.0,1,0.31202082467946457,51
2999,1,5964,2375,3589,0,0,0,1.0,1,1.0,1,1.0,1,0.29433918792988617,48
3000,1,5965,2376,3589,0,0,0,1.0,1,1.0,1,1.0,1,0.2984704180712714,48
3001,3,5968,2376,3592,0,0,0,1.0,1,1.0,1,1.0,1,0.21754285369845822,49
3002,1,5969,2377,3592,0,0,0,1.0,1,1.0,1,1.0,1,0.2292903589027313,50
3003,1,5970,2377,3593,0,0,0,1.0,1,1.0,1,1.0,1,0.21375363499427633,50
3004,3,5973,2378,3595,0,0,0,1.0,1,1.0,1,1.0,1,0.20830988097407338,51
3005,0,5973,2378,3595,0,0,0,1.0,1,1.0,1,1.0,1,0.22806044211232934,50
3006,3,5976,2378,3598,0,0,0,1.0,1,1.0,1,1.0,1,0.20337846957465472,51
3007,0,5976,2378,3598,0,0,0,1.0,1,1.0,1,1.0,1,0.20886280201675,51
3008,4,5980,2379,3601,0,0,0,1.0,1,1.0,1,1.0,1,0.2310659328385386,53
3009,0,5980,2379,3601,0,0,0,1.0,1,1.0,1,1.0,1,0.23181151036414824,52
3010,0,5980,2379,3601,0,0,0,1.0,1,1.0,1,1.0,1,0.23181151036414824,52
3011,2,5982,2379,3603,0,0,0,1.0,1,1.0,1,1.0,1,0.18725834764886803,51
3012,1,5983,2380,3603,0,0,0,1.0,1,1.0,1,1.0,1,0.21076550471654665,54
3013,3,5986,2383,3603,0,0,0,1.0,1,1.0,1,1.0,1,0.188175775913289,52
3014,1,5987,2384,3603,0,0,0,1.0,1,1.0,1,1.0,1,0.20289125882758266,51
3015,1,5988,2385,3603,0,0,0,1.0,1,1.0,1,1.0,1,0.2224945350686257,50
3016,3,5991,2388,3603,0,0,0,1.0,1,1.0,1,1.0,1,0.26911238130541815,50
3017,4,5995,2392,3603,0,0,0,1.0,1,1.0,1,1.0,1,0.25935211278691317,48
3018,3,5998,2393,3605,0,0,0,1.0,1,1.0,1,1.0,1,0.20247966435595804,48
3019,2,6000,2394,3606,0,0,0,1.0,1,1.0,1,1.0,1,0.21531179646524767,47
3020,1,6001,2395,3606,0,0,0,1.0,1,1.0,1,1.0,1,0.20341335216768058,47
3021,5,6006,2398,3608,0,0,0,1.0,1,1.0,1,1.0,1,0.1861111591221021,46
3022,6,6012,2402,3610,0,0,0,1.0,1,1.0,1,1.0,1,0.2267498871794349,45
3023,0,6012,2402,3610,0,0,0,1.0,1,1.0,1,1.0,1,0.20437191120081577,41
3024,6,6018,2407,3611,0,0,0,1.0,1,1.0,1,1.0,1,0.28821571193085305,43
3025,2,6020,2408,3612,0,0,0,1.0,1,1.0,1,1.0,1,0.25581109361728677,39
3026,1,6021,2409,3612,0,0,0,1.0,1,1.0,1,1.0,1,0.28164078775368573,38
3027,3,6024,2411,3613,0,0,0,1.0,1,1.0,1,1.0,1,0.29591597124147057,38
3028,1,6025,2412,3613,0,0,0,1.0,1,1.0,1,1.0,1,0.33318613252326196,38
3029,1,6026,2412,3614,0,0,0,1.0,1,1.0,1,1.0,1,0.2864512530941266,37
3030,1,6027,2412,3615,0,0,0,1.0,1,1.0,1,1.0,1,0.28906216114685473,38
3031,1,6028,2413,3615,0,0,0,1.0,1,1.0,1,1.0,1,0.31328841208944713,39
3032,2,6030,2414,3616,0,0,0,1.0,1,1.0,1,1.0,1,0.3101118763220576,39
3033,0,6030,2414,3616,0,0,0,1.0,1,1.0,1,1.0,1,0.31407709348386964,39
3034,0,6030,2414,3616,0,0,0,1.0,1,1.0,1,1.0,1,0.3317122098653165,38
3035,1,6031,2415,3616,0,0,0,1.0,1,1.0,1,1.0,1,0.34619119701812223,39
3036,0,6031,2415,3616,0,0,0,1.0,1,1.0,1,1.0,1,0.3385245792148405,39
3037,0,6031,2415,3616,0,0,0,1.0,1,1.0,1,1.0,1,0.35462967385855115,39
3038,1,6032,2416,3616,0,0,0,1.0,1,1.0,1,1.0,1,0.3482865099858901,40
3039,2,6034,2418,3616,0,0,0,1.0,1,1.0,1,1.0,1,0.37422888042978486,41
3040,1,6035,2419,3616,0,0,0,1.0,1,1.0,1,1.0,1,0.3770043434877026,42
3041,12,6047,2419,3628,0,0,0,1.0,1,1.0,1,1.0,1,0.2009951412577017,43
3042,1,6048,2420,3628,0,0,0,1.0,1,1.0,1,1.0,1,0.23736441441843287,45
3043,2,6050,2422,3628,0,0,0,1.0,1,1.0,1,1.0,1,0.2641575205987918,45
3044,3,6053,2423,3630,0,0,0,1.0,1,1.0,1,1.0,1,0.2563469614515915,45
3045,2,6055,2424,3631,0,0,0,1.0,1,1.0,1,1.0,1,0.2954879699215818,45
3046,3,6058,2425,3633,0,0,0,1.0,1,1.0,1,1.0,1,0.2776469038320305,46
3047,2,6060,2425,3635,0,0,0,1.0,1,1.0,1,1.0,1,0.27968613765567424,46
3048,3,6063,2425,3638,0,0,0,1.0,1,1.0,1,1.0,1,0.2152970073345436,49
3049,1,6064,2425,3639,0,0,0,1.0,1,1.0,1,1.0,1,0.2145076674997348,50
3050,2,6066,2426,3640,0,0,0,1.0,1,1.0,1,1.0,1,0.2213506444876598,50
3051,4,6070,2427,3643,0,0,0,1.0,1,1.0,1,1.0,1,0.21077845894573358,50
3052,2,6072,2427,3645,0,0,0,1.0,1,1.0,1,1.0,1,0.21077845894573358,50
3053,2,6074,2428,3646,0,0,0,1.0,1,1.0,1,1.0,1,0.21108643640283956,49
3054,2,6076,2428,3648,0,0,0,1.0,1,1.0,1,1.0,1,0.22961045858521997,47
3055,3,6079,2428,3651,0,0,0,1.0,1,1.0,1,1.0,1,0.2244842028140618,48
3056,3,6082,2429,3653,0,0,0,1.0,1,1.0,1,1.0,1,0.24651256088969659,47
3057,3,6085,2431,3654,0,0,0,1.0,1,1.0,1,1.0,1,0.29270133029740125,48
3058,4,6089,2431,3658,0,0,0,1.0,1,1.0,1,1.0,1,0.2765812994471958,46
3059,6,6095,2432,3663,0,0,0,1.0,1,1.0,1,1.0,1,0.3224637686793021,44
3060,5,6100,2432,3668,0,0,0,1.0,1,1.0,1,1.0,1,0.29745646768246414,44
3061,0,6100,2432,3668,0,0,0,1.0,1,1.0,1,1.0,1,0.30655810686216317,42
3062,3,6103,2434,3669,0,0,0,1.0,1,1.0,1,1.0,1,0.3067668602183648,42
3063,2,6105,2435,3670,0,0,0,1.0,1,1.0,1,1.0,1,0.28806998463610284,41
3064,3,6108,2438,3670,0,0,0,1.0,1,1.0,1,1.0,1,0.278954783142891,42
3065,2,6110,2439,3671,0,0,0,1.0,1,1.0,1,1.0,1,0.24619092592157424,40
3066,4,6114,2441,3673,0,0,0,1.0,1,1.0,1,1.0,1,0.21035619880835402,42
3067,3,6117,2444,3673,0,0,0,1.0,1,1.0,1,1.0,1,0.2667501167044904,40
3068,4,6121,2447,3674,0,0,0,1.0,1,1.0,1,1.0,1,0.28743350092762115,39
3069,4,6125,2448,3677,0,0,0,1.0,1,1.0,1,1.0,1,0.2891457822685543,38
3070,2,6127,2448,3679,0,0,0,1.0,1,1.0,1,1.0,1,0.3062557613354627,39
3071,2,6129,2448,3681,0,0,0,1.0,1,1.0,1,1.0,1,0.27704317326606914,39
3072,2,6131,2448,3683,0,0,0,1.0,1,1.0,1,1.0,1,0.2901408071489264,40
3073,2,6133,2449,3684,0,0,0,1.0,1,1.0,1,1.0,1,0.33487865039999215,38
3074,1,6134,2449,3685,0,0,0,1.0,1,1.0,1,1.0,1,0.3231087295959341,38
3075,1,6135,2450,3685,0,0,0,1.0,1,1.0,1,1.0,1,0.33828223027396687,41
3076,1,6136,2450,3686,0,0,0,1.0,1,1.0,1,1.0,1,0.2757656279595859,42
3077,2,6138,2452,3686,0,0,0,1.0,1,1.0,1,1.0,1,0.29946311247382856,42
3078,3,6141,2453,3688,0,0,0,1.0,1,1.0,1,1.0,1,0.24687435233980098,42
3079,3,6144,2453,3691,0,0,0,1.0,1,1.0,1,1.0,1,0.23221631592062295,42
3080,0,6144,2453,3691,0,0,0,1.0,1,1.0,1,1.0,1,0.2360207502416055,43
3081,2,6146,2453,3693,0,0,0,1.0,1,1.0,1,1.0,1,0.19920896955587414,44
3082,1,6147,2453,3694,0,0,0,1.0,1,1.0,1,1.0,1,0.2110961794096211,45
3083,1,6148,2453,3695,0,0,0,1.0,1,1.0,1,1.0,1,0.1920218748819433,45
3084,0,6148,2453,3695,0,0,0,1.0,1,1.0,1,1.0,1,0.1920218748819433,45
3085,1,6149,2453,3696,0,0,0,1.0,1,1.0,1,1.0,1,0.22837809067553408,46
3086,0,6149,2453,3696,0,0,0,1.0,1,1.0,1,1.0,1,0.22837809067553408,46
3087,1,6150,2453,3697,0,0,0,1.0,1,1.0,1,1.0,1,0.2372797074581062,47
3088,1,6151,2453,3698,0,0,0,1.0,1,1.0,1,1.0,1,0.23624481410450557,48
3089,0,6151,2453,3698,0,0,0,1.0,1,1.0,1,1.0,1,0.2144775678008082,46
3090,0,6151,2453,3698,0,0,0,1.0,1,1.0,1,1.0,1,0.2157005702289743,46
3091,0,6151,2453,3698,0,0,0,1.0,1,1.0,1,1.0,1,0.23392961166537798,46
3092,3,6154,2455,3699,0,0,0,1.0,1,1.0,1,1.0,1,0.25079170928603195,47
3093,3,6157,2456,3701,0,0,0,1.0,1,1.0,1,1.0,1,0.2740499625002723,47
3094,1,6158,2456,3702,0,0,0,1.0,1,1.0,1,1.0,1,0.26503794460001867,45
3095,3,6161,2458,3703,0,0,0,1.0,1,1.0,1,1.0,1,0.2389175721116837,46
3096,0,6161,2458,3703,0,0,0,1.0,1,1.0,1,1.0,1,0.2418593693224908,46
3097,3,6164,2460,3704,0,0,0,1.0,1,1.0,1,1.0,1,0.23138483812436791,47
3098,0,6164,2460,3704,0,0,0,1.0,1,1.0,1,1.0,1,0.23138483812436791,47
3099,1,6165,2460,3705,0,0,0,1.0,1,1.0,1,1.0,1,0.22123742745766145,47
3100,1,6166,2461,3705,0,0,0,1.0,1,1.0,1,1.0,1,0.21150643475437733,47
3101,2,6168,2461,3707,0,0,0,1.0,1,1.0,1,1.0,1,0.17674545138473924,48
3102,1,6169,2462,3707,0,0,0,1.0,1,1.0,1,1.0,1,0.15820617148291236,48
3103,2,6171,2463,3708,0,0,0,1.0,1,1.0,1,1.0,1,0.14749345333500707,49
3104,2,6173,2465,3708,0,0,0,1.0,1,1.0,1,1.0,1,0.16574467536952373,48
3105,0,6173,2465,3708,0,0,0,1.0,1,1.0,1,1.0,1,0.18420795926987663,45
3106,5,6178,2467,3711,0,0,0,1.0,1,1.0,1,1.0,1,0.17458025815396166,46
3107,0,6178,2467,3711,0,0,0,1.0,1,1.0,1,1.0,1,0.18298566340217914,44
3108,1,6179,2468,3711,0,0,0,1.0,1,1.0,1,1.0,1,0.19424045020866423,45
3109,0,6179,2468,3711,0,0,0,1.0,1,1.0,1,1.0,1,0.1979229546351917,44
3110,4,6183,2471,3712,0,0,0,1.0,1,1.0,1,1.0,1,0.22897821800416523,46
3111,4,6187,2473,3714,0,0,0,1.0,1,1.0,1,1.0,1,0.2069457863090753,46
3112,1,6188,2473,3715,0,0,0,1.0,1,1.0,1,1.0,1,0.20743765324440352,47
3113,0,6188,2473,3715,0,0,0,1.0,1,1.0,1,1.0,1,0.19595859087164944,48
3114,0,6188,2473,3715,0,0,0,1.0,1,1.0,1,1.0,1,0.20234678649886437,48
3115,0,6188,2473,3715,0,0,0,1.0,1,1.0,1,1.0,1,0.22101966440960052,49
3116,0,6188,2473,3715,0,0,0,1.0,1,1.0,1,1.0,1,0.2487587789970501,48
3117,3,6191,2475,3716,0,0,0,1.0,1,1.0,1,1.0,1,0.26944749558066833,49
3118,0,6191,2475,3716,0,0,0,1.0,1,1.0,1,1.0,1,0.28149709740239165,50
3119,0,6191,2475,3716,0,0,0,1.0,1,1.0,1,1.0,1,0.28149709740239165,50
3120,3,6194,2476,3718,0,0,0,1.0,1,1.0,1,1.0,1,0.28268363844366073,50
3121,8,6202,2478,3724,0,0,0,1.0,1,1.0,1,1.0,1,0.16297992834954197,50
3122,2,6204,2478,3726,0,0,0,1.0,1,1.0,1,1.0,1,0.15423250113722814,50
3123,0,6204,2478,3726,0,0,0,1.0,1,1.0,1,1.0,1,0.1394985449485113,51
3124,1,6205,2479,3726,0,0,0,1.0,1,1.0,1,1.0,1,0.1594162453016143,51
3125,1,6206,2480,3726,0,0,0,1.0,1,1.0,1,1.0,1,0.18884033196366135,51
3126,1,6207,2480,3727,0,0,0,1.0,1,1.0,1,1.0,1,0.18374550855902216,54
3127,1,6208,2481,3727,0,0,0,1.0,1,1.0,1,1.0,1,0.21998594920679232,53
3128,3,6211,2482,3729,0,0,0,1.0,1,1.0,1,1.0,1,0.23503307530893455,52
3129,1,6212,2483,3729,0,0,0,1.0,1,1.0,1,1.0,1,0.22943187636586818,51
3130,1,6213,2483,3730,0,0,0,1.0,1,1.0,1,1.0,1,0.23471129786765477,50
3131,2,6215,2485,3730,0,0,0,1.0,1,1.0,1,1.0,1,0.24643641784257045,50
3132,1,6216,2485,3731,0,0,0,1.0,1,1.0,1,1.0,1,0.2539927284879716,49
3133,1,6217,2485,3732,0,0,0,1.0,1,1.0,1,1.0,1,0.23694424247154056,49
3134,1,6218,2486,3732,0,0,0,1.0,1,1.0,1,1.0,1,0.2621573321131644,46
3135,1,6219,2487,3732,0,0,0,1.0,1,1.0,1,1.0,1,0.2796720639719029,47
3136,3,6222,2488,3734,0,0,0,1.0,1,1.0,1,1.0,1,0.23326357087354235,46
3137,0,6222,2488,3734,0,0,0,1.0,1,1.0,1,1.0,1,0.23988712851651195,49
3138,1,6223,2489,3734,0,0,0,1.0,1,1.0,1,1.0,1,0.2638726117482916,49
3139,2,6225,2490,3735,0,0,0,1.0,1,1.0,1,1.0,1,0.2825128194325172,50
3140,4,6229,2492,3737,0,0,0,1.0,1,1.0,1,1.0,1,0.2890715097182194,51
3141,2,6231,2493,3738,0,0,0,1.0,1,1.0,1,1.0,1,0.2811725023429199,50
3142,0,6231,2493,3738,0,0,0,1.0,1,1.0,1,1.0,1,0.2811725023429199,50
3143,0,6231,2493,3738,0,0,0,1.0,1,1.0,1,1.0,1,0.29137818766326473,49
3144,1,6232,2494,3738,0,0,0,1.0,1,1.0,1,1.0,1,0.30575372567372705,49
3145,3,6235,2494,3741,0,0,0,1.0,1,1.0,1,1.0,1,0.2660349851423846,48
3146,3,6238,2496,3742,0,0,0,1.0,1,1.0,1,1.0,1,0.2708044594826677,49
3147,1,6239,2496,3743,0,0,0,1.0,1,1.0,1,1.0,1,0.2846591639143131,48
3148,5,6244,2498,3746,0,0,0,1.0,1,1.0,1,1.0,1,0.2627429446947328,48
3149,2,6246,2500,3746,0,0,0,1.0,1,1.0,1,1.0,1,0.27850739229114946,47
3150,2,6248,2501,3747,0,0,0,1.0,1,1.0,1,1.0,1,0.27023726853960334,47
3151,3,6251,2502,3749,0,0,0,1.0,1,1.0,1,1.0,1,0.28637490932318943,48
3152,2,6253,2503,3750,0,0,0,1.0,1,1.0,1,1.0,1,0.2745265405958906,47
3153,3,6256,2504,3752,0,0,0,1.0,1,1.0,1,1.0,1,0.28393883332256137,47
3154,4,6260,2505,3755,0,0,0,1.0,1,1.0,1,1.0,1,0.31336594474412316,48
3155,6,6266,2506,3760,0,0,0,1.0,1,1.0,1,1.0,1,0.31689003437327046,48
3156,3,6269,2506,3763,0,0,0,1.0,1,1.0,1,1.0,1,0.31218335853393153,48
3157,5,6274,2506,3768,0,0,0,1.0,1,1.0,1,1.0,1,0.2922751635923787,48
3158,1,6275,2506,3769,0,0,0,1.0,1,1.0,1,1.0,1,0.29639710705443884,48
3159,2,6277,2506,3771,0,0,0,1.0,1,1.0,1,1.0,1,0.29376687930575535,49
3160,4,6281,2506,3775,0,0,0,1.0,1,1.0,1,1.0,1,0.3148460053248892,51
3161,4,6285,2506,3779,0,0,0,1.0,1,1.0,1,1.0,1,0.22269288766459924,52
3162,4,6289,2508,3781,0,0,0,1.0,1,1.0,1,1.0,1,0.19908617973205484,51
3163,2,6291,2508,3783,0,0,0,1.0,1,1.0,1,1.0,1,0.16689990126652535,51
3164,5,6296,2508,3788,0,0,0,1.0,1,1.0,1,1.0,1,0.11914684342540802,52
3165,4,6300,2509,3791,0,0,0,1.0,1,1.0,1,1.0,1,0.07926153661128515,50
3166,3,6303,2510,3793,0,0,0,1.0,1,1.0,1,1.0,1,0.07874900511093473,50
3167,3,6306,2511,3795,0,0,0,1.0,1,1.0,1,1.0,1,0.10348130164667728,49
3168,1,6307,2511,3796,0,0,0,1.0,1,1.0,1,1.0,1,0.12492608305350472,47
3169,3,6310,2512,3798,0,0,0,1.0,1,1.0,1,1.0,1,0.13840648487027207,48
3170,2,6312,2512,3800,0,0,0,1.0,1,1.0,1,1.0,1,0.14582385644599768,47
3171,5,6317,2513,3804,0,0,0,1.0,1,1.0,1,1.0,1,0.19847631933276738,47
3172,3,6320,2514,3806,0,0,0,1.0,1,1.0,1,1.0,1,0.26181019734207384,46
3173,4,6324,2514,3810,0,0,0,1.0,1,1.0,1,1.0,1,0.25009324482071676,45
3174,6,6330,2515,3815,0,0,0,1.0,1,1.0,1,1.0,1,0.29967190705298247,43
3175,4,6334,2517,3817,0,0,0,1.0,1,1.0,1,1.0,1,0.2546256946924614,43
3176,4,6338,2517,3821,0,0,0,1.0,1,1.0,1,1.0,1,0.2572990780851001,44
3177,4,6342,2519,3823,0,0,0,1.0,1,1.0,1,1.0,1,0.2720515009789399,44
3178,3,6345,2520,3825,0,0,0,1.0,1,1.0,1,1.0,1,0.30736525054593267,47
3179,6,6351,2522,3829,0,0,0,1.0,1,1.0,1,1.0,1,0.2979371440438776,48
3180,5,6356,2523,3833,0,0,0,1.0,1,1.0,1,1.0,1,0.31524739212287844,48
3181,7,6363,2523,3840,0,0,0,1.0,1,1.0,1,1.0,1,0.16395407553559468,48
3182,3,6366,2523,3843,0,0,0,1.0,1,1.0,1,1.0,1,0.17249367646393074,51
3183,0,6366,2523,3843,0,0,0,1.0,1,1.0,1,1.0,1,0.17183668537335134,50
3184,0,6366,2523,3843,0,0,0,1.0,1,1.0,1,1.0,1,0.17621740313123982,50
3185,0,6366,2523,3843,0,0,0,1.0,1,1.0,1,1.0,1,0.18313456383728752,48
3186,2,6368,2524,3844,0,0,0,1.0,1,1.0,1,1.0,1,0.1896888026918552,48
3187,1,6369,2524,3845,0,0,0,1.0,1,1.0,1,1.0,1,0.20931824800451707,48
3188,2,6371,2525,3846,0,0,0,1.0,1,1.0,1,1.0,1,0.23119691504495263,48
3189,2,6373,2525,3848,0,0,0,1.0,1,1.0,1,1.0,1,0.21889089838167666,49
3190,1,6374,2525,3849,0,0,0,1.0,1,1.0,1,1.0,1,0.24113647228803797,51
3191,3,6377,2526,3851,0,0,0,1.0,1,1.0,1,1.0,1,0.2146886532033669,52
3192,1,6378,2526,3852,0,0,0,1.0,1,1.0,1,1.0,1,0.21457539416494337,52
3193,2,6380,2527,3853,0,0,0,1.0,1,1.0,1,1.0,1,0.22966119963184645,52
3194,4,6384,2527,3857,0,0,0,1.0,1,1.0,1,1.0,1,0.19942311621639242,54
3195,1,6385,2527,3858,0,0,0,1.0,1,1.0,1,1.0,1,0.19999742624145037,54
3196,5,6390,2527,3863,0,0,0,1.0,1,1.0,1,1.0,1,0.18325888030691478,54
3197,2,6392,2527,3865,0,0,0,1.0,1,1.0,1,1.0,1,0.19609790053935988,54
3198,1,6393,2527,3866,0,0,0,1.0,1,1.0,1,1.0,1,0.16694763122615366,54
3199,2,6395,2528,3867,0,0,0,1.0,1,1.0,1,1.0,1,0.16804979885797228,56
3200,1,6396,2529,3867,0,0,0,1.0,1,1.0,1,1.0,1,0.1982906225221619,56
3201,1,6397,2530,3867,0,0,0,1.0,1,1.0,1,1.0,1,0.20998397405919295,56
3202,2,6399,2530,3869,0,0,0,1.0,1,1.0,1,1.0,1,0.1938318176111669,57
3203,2,6401,2530,3871,0,0,0,1.0,1,1.0,1,1.0,1,0.159134536706505,56
3204,3,6404,2533,3871,0,0,0,1.0,1,1.0,1,1.0,1,0.19746060580908656,55
3205,0,6404,2533,3871,0,0,0,1.0,1,1.0,1,1.0,1,0.20743280787056917,54
3206,4,6408,2535,3873,0,0,0,1.0,1,1.0,1,1.0,1,0.264259939484326,56
3207,4,6412,2536,3876,0,0,0,1.0,1,1.0,1,1.0,1,0.23841653283164763,54
3208,2,6414,2537,3877,0,0,0,1.0,1,1.0,1,1.0,1,0.23045936011400553,53
3209,2,6416,2537,3879,0,0,0,1.0,1,1.0,1,1.0,1,0.2347385596216925,54
3210,1,6417,2538,3879,0,0,0,1.0,1,1.0,1,1.0,1,0.2617437886858782,53
3211,2,6419,2539,3880,0,0,0,1.0,1,1.0,1,1.0,1,0.27487066620992073,53
3212,6,6425,2539,3886,0,0,0,1.0,1,1.0,1,1.0,1,0.263268068170967,54
3213,5,6430,2539,3891,0,0,0,1.0,1,1.0,1,1.0,1,0.25264619926957027,54
3214,4,6434,2539,3895,0,0,0,1.0,1,1.0,1,1.0,1,0.28689203137019575,55
3215,2,6436,2539,3897,0,0,0,1.0,1,1.0,1,1.0,1,0.28117539642102746,55
3216,2,6438,2539,3899,0,0,0,1.0,1,1.0,1,1.0,1,0.28670333537393516,55
3217,5,6443,2542,3901,0,0,0,1.0,1,1.0,1,1.0,1,0.31873438676557553,54
3218,2,6445,2542,3903,0,0,0,1.0,1,1.0,1,1.0,1,0.3205899177905781,54
3219,3,6448,2543,3905,0,0,0,1.0,1,1.0,1,1.0,1,0.31947346270805355,55
3220,4,6452,2543,3909,0,0,0,1.0,1,1.0,1,1.0,1,0.30653273772573225,56
3221,4,6456,2544,3912,0,0,0,1.0,1,1.0,1,1.0,1,0.315148221177841,57
3222,0,6456,2544,3912,0,0,0,1.0,1,1.0,1,1.0,1,0.315148221177841,57
3223,2,6458,2545,3913,0,0,0,1.0,1,1.0,1,1.0,1,0.3165100156488693,56
3224,5,6463,2549,3914,0,0,0,1.0,1,1.0,1,1.0,1,0.31410131962209425,58
3225,3,6466,2550,3916,0,0,0,1.0,1,1.0,1,1.0,1,0.27374588773691777,55
3226,4,6470,2552,3918,0,0,0,1.0,1,1.0,1,1.0,1,0.29726419123957804,54
3227,1,6471,2553,3918,0,0,0,1.0,1,1.0,1,1.0,1,0.2880859772947284,53
3228,3,6474,2555,3919,0,0,0,1.0,1,1.0,1,1.0,1,0.32146774078069246,52
3229,4,6478,2557,3921,0,0,0,1.0,1,1.0,1,1.0,1,0.3423983739285606,52
3230,1,6479,2558,3921,0,0,0,1.0,1,1.0,1,1.0,1,0.33377448436167817,50
3231,0,6479,2558,3921,0,0,0,1.0,1,1.0,1,1.0,1,0.33377448436167817,50
3232,3,6482,2561,3921,0,0,0,1.0,1,1.0,1,1.0,1,0.3541655416694709,50
3233,2,6484,2562,3922,0,0,0,1.0,1,1.0,1,1.0,1,0.35050736821761486,50
3234,2,6486,2564,3922,0,0,0,1.0,1,1.0,1,1.0,1,0.35092629801584835,49
3235,3,6489,2566,3923,0,0,0,1.0,1,1.0,1,1.0,1,0.3539477696795095,49
3236,2,6491,2566,3925,0,0,0,1.0,1,1.0,1,1.0,1,0.3559749349033836,51
3237,2,6493,2567,3926,0,0,0,1.0,1,1.0,1,1.0,1,0.3590725371652445,53
3238,1,6494,2567,3927,0,0,0,1.0,1,1.0,1,1.0,1,0.36375173718939596,53
3239,0,6494,2567,3927,0,0,0,1.0,1,1.0,1,1.0,1,0.36375173718939596,53
3240,0,6494,2567,3927,0,0,0,1.0,1,1.0,1,1.0,1,0.364757289155307,53
3241,10,6504,2567,3937,0,0,0,1.0,1,1.0,1,1.0,1,0.23833042548481995,53
3242,0,6504,2567,3937,0,0,0,1.0,1,1.0,1,1.0,1,0.23833042548481995,53
3243,4,6508,2567,3941,0,0,0,1.0,1,1.0,1,1.0,1,0.23221135267784176,56
3244,3,6511,2567,3944,0,0,0,1.0,1,1.0,1,1.0,1,0.21173376035518401,57
3245,3,6514,2567,3947,0,0,0,1.0,1,1.0,1,1.0,1,0.19223278624634746,59
3246,0,6514,2567,3947,0,0,0,1.0,1,1.0,1,1.0,1,0.19223278624634746,59
3247,1,6515,2568,3947,0,0,0,1.0,1,1.0,1,1.0,1,0.20243056101983053,59
3248,0,6515,2568,3947,0,0,0,1.0,1,1.0,1,1.0,1,0.20243056101983053,59
3249,0,6515,2568,3947,0,0,0,1.0,1,1.0,1,1.0,1,0.22905469979558465,58
3250,1,6516,2569,3947,0,0,0,1.0,1,1.0,1,1.0,1,0.22761019082704476,58
3251,2,6518,2570,3948,0,0,0,1.0,1,1.0,1,1.0,1,0.24443785584713726,57
3252,3,6521,2571,3950,0,0,0,1.0,1,1.0,1,1.0,1,0.24350316682601905,57
3253,1,6522,2571,3951,0,0,0,1.0,1,1.0,1,1.0,1,0.26492294484756596,56
3254,2,6524,2572,3952,0,0,0,1.0,1,1.0,1,1.0,1,0.27554362461773646,57
3255,5,6529,2572,3957,0,0,0,1.0,1,1.0,1,1.0,1,0.2391532104040136,57
3256,2,6531,2572,3959,0,0,0,1.0,1,1.0,1,1.0,1,0.2394432700721759,57
3257,3,6534,2572,3962,0,0,0,1.0,1,1.0,1,1.0,1,0.22474809837234588,57
3258,2,6536,2572,3964,0,0,0,1.0,1,1.0,1,1.0,1,0.17732298148471223,58
3259,6,6542,2573,3969,0,0,0,1.0,1,1.0,1,1.0,1,0.1770455261720262,59
3260,0,6542,2573,3969,0,0,0,1.0,1,1.0,1,1.0,1,0.1810123379069706,60
3261,8,6550,2576,3974,0,0,0,1.0,1,1.0,1,1.0,1,0.14836659188771467,60
3262,4,6554,2578,3976,0,0,0,1.0,1,1.0,1,1.0,1,0.13338108864716705,61
3263,3,6557,2581,3976,0,0,0,1.0,1,1.0,1,1.0,1,0.12186859766740052,62
3264,3,6560,2584,3976,0,0,0,1.0,1,1.0,1,1.0,1,0.13308637776804202,60
3265,3,6563,2586,3977,0,0,0,1.0,1,1.0,1,1.0,1,0.12662870410344187,58
3266,8,6571,2590,3981,0,0,0,1.0,1,1.0,1,1.0,1,0.20683215691559872,59
3267,5,6576,2591,3985,0,0,0,1.0,1,1.0,1,1.0,1,0.19101383335038694,60
3268,6,6582,2596,3986,0,0,0,1.0,1,1.0,1,1.0,1,0.2647296976165389,58
3269,3,6585,2597,3988,0,0,0,1.0,1,1.0,1,1.0,1,0.24742809308932678,57
3270,2,6587,2599,3988,0,0,0,1.0,1,1.0,1,1.0,1,0.26810340366149915,56
3271,2,6589,2600,3989,0,0,0,1.0,1,1.0,1,1.0,1,0.26188292699623983,55
3272,1,6590,2600,3990,0,0,0,1.0,1,1.0,1,1.0,1,0.27280216315725664,55
3273,2,6592,2600,3992,0,0,0,1.0,1,1.0,1,1.0,1,0.25717566938537967,55
3274,1,6593,2601,3992,0,0,0,1.0,1,1.0,1,1.0,1,0.27820747491096615,55
3275,1,6594,2601,3993,0,0,0,1.0,1,1.0,1,1.0,1,0.26263148170886036,55
3276,1,6595,2601,3994,0,0,0,1.0,1,1.0,1,1.0,1,0.258225564783189,55
3277,2,6597,2601,3996,0,0,0,1.0,1,1.0,1,1.0,1,0.26059126007904043,57
3278,4,6601,2603,3998,0,0,0,1.0,1,1.0,1,1.0,1,0.30804989584680714,56
3279,1,6602,2603,3999,0,0,0,1.0,1,1.0,1,1.0,1,0.29215488090055564,54
3280,0,6602,2603,3999,0,0,0,1.0,1,1.0,1,1.0,1,0.31841516869852854,53
3281,11,6613,2604,4009,0,0,0,1.0,1,1.0,1,1.0,1,0.13235238782593134,52
3282,3,6616,2605,4011,0,0,0,1.0,1,1.0,1,1.0,1,0.17422423103404192,50
3283,3,6619,2606,4013,0,0,0,1.0,1,1.0,1,1.0,1,0.21623229406861574,50
3284,2,6621,2607,4014,0,0,0,1.0,1,1.0,1,1.0,1,0.2530645366491586,47
3285,1,6622,2607,4015,0,0,0,1.0,1,1.0,1,1.0,1,0.23211389249738376,48
3286,6,6628,2607,4021,0,0,0,1.0,1,1.0,1,1.0,1,0.2699176250471841,46
3287,9,6637,2610,4027,0,0,0,1.0,1,1.0,1,1.0,1,0.20936226311019718,46
3288,4,6641,2613,4028,0,0,0,1.0,1,1.0,1,1.0,1,0.3054836793299814,46
3289,6,6647,2615,4032,0,0,0,1.0,1,1.0,1,1.0,1,0.30887160257117985,48
3290,2,6649,2615,4034,0,0,0,1.0,1,1.0,1,1.0,1,0.2954207153776118,48
3291,6,6655,2616,4039,0,0,0,1.0,1,1.0,1,1.0,1,0.25968404342746476,50
3292,5,6660,2617,4043,0,0,0,1.0,1,1.0,1,1.0,1,0.29468365606091146,50
3293,10,6670,2618,4052,0,0,0,1.0,1,1.0,1,1.0,1,0.28922378111151203,51
3294,4,6674,2619,4055,0,0,0,1.0,1,1.0,1,1.0,1,0.2658456390550618,50
3295,7,6681,2620,4061,0,0,0,1.0,1,1.0,1,1.0,1,0.26849380980877086,50
3296,5,6686,2620,4066,0,0,0,1.0,1,1.0,1,1.0,1,0.3101362505094561,50
3297,8,6694,2621,4073,0,0,0,1.0,1,1.0,1,1.0,1,0.2747134147325826,51
3298,6,6700,2621,4079,0,0,0,1.0,1,1.0,1,1.0,1,0.27523968569967744,52
3299,8,6708,2621,4087,0,0,0,1.0,1,1.0,1,1.0,1,0.23130772654500306,53
3300,3,6711,2621,4090,0,0,0,1.0,1,1.0,1,1.0,1,0.1860944392256428,53
3301,2,6713,2622,4091,0,0,0,1.0,1,1.0,1,1.0,1,0.1890364707370591,53
3302,4,6717,2625,4092,0,0,0,1.0,1,1.0,1,1.0,1,0.18462226629257827,53
3303,0,6717,2625,4092,0,0,0,1.0,1,1.0,1,1.0,1,0.1737734316458421,52
3304,4,6721,2628,4093,0,0,0,1.0,1,1.0,1,1.0,1,0.20807151034388593,52
3305,0,6721,2628,4093,0,0,0,1.0,1,1.0,1,1.0,1,0.20327431955017558,51
3306,0,6721,2628,4093,0,0,0,1.0,1,1.0,1,1.0,1,0.21255273795942936,51
3307,0,6721,2628,4093,0,0,0,1.0,1,1.0,1,1.0,1,0.21066767774501924,48
3308,2,6723,2630,4093,0,0,0,1.0,1,1.0,1,1.0,1,0.2460112448490591,48
3309,0,6723,2630,4093,0,0,0,1.0,1,1.0,1,1.0,1,0.22834183749051398,48
3310,0,6723,2630,4093,0,0,0,1.0,1,1.0,1,1.0,1,0.24794839971486887,47
3311,4,6727,2632,4095,0,0,0,1.0,1,1.0,1,1.0,1,0.24514114320071256,49
3312,1,6728,2633,4095,0,0,0,1.0,1,1.0,1,1.0,1,0.24954575056739728,48
3313,4,6732,2637,4095,0,0,0,1.0,1,1.0,1,1.0,1,0.2787420289395264,49
3314,1,6733,2638,4095,0,0,0,1.0,1,1.0,1,1.0,1,0.3057664418462114,47
3315,1,6734,2639,4095,0,0,0,1.0,1,1.0,1,1.0,1,0.32635033964665855,47
3316,3,6737,2639,4098,0,0,0,1.0,1,1.0,1,1.0,1,0.3095861833356524,47
3317,4,6741,2640,4101,0,0,0,1.0,1,1.0,1,1.0,1,0.2663096524725447,46
3318,2,6743,2642,4101,0,0,0,1.0,1,1.0,1,1.0,1,0.27697336352082697,45
3319,0,6743,2642,4101,0,0,0,1.0,1,1.0,1,1.0,1,0.2706178011494607,44
3320,1,6744,2643,4101,0,0,0,1.0,1,1.0,1,1.0,1,0.2540681041109693,43
3321,6,6750,2646,4104,0,0,0,1.0,1,1.0,1,1.0,1,0.23078950887632593,43
3322,2,6752,2647,4105,0,0,0,1.0,1,1.0,1,1.0,1,0.21917050686768935,40
3323,0,6752,2647,4105,0,0,0,1.0,1,1.0,1,1.0,1,0.21254185212814308,40
3324,1,6753,2648,4105,0,0,0,1.0,1,1.0,1,1.0,1,0.17768711321341213,40
3325,3,6756,2651,4105,0,0,0,1.0,1,1.0,1,1.0,1,0.23064589346184178,40
3326,0,6756,2651,4105,0,0,0,1.0,1,1.0,1,1.0,1,0.18117395938423272,41
3327,1,6757,2652,4105,0,0,0,1.0,1,1.0,1,1.0,1,0.20426478455614114,39
3328,3,6760,2655,4105,0,0,0,1.0,1,1.0,1,1.0,1,0.26764283681977413,41
3329,3,6763,2656,4107,0,0,0,1.0,1,1.0,1,1.0,1,0.20841615954190706,39
3330,3,6766,2659,4107,0,0,0,1.0,1,1.0,1,1.0,1,0.24430078774428124,40
3331,1,6767,2659,4108,0,0,0,1.0,1,1.0,1,1.0,1,0.22102183817437016,38
3332,0,6767,2659,4108,0,0,0,1.0,1,1.0,1,1.0,1,0.26458187754443135,38
3333,0,6767,2659,4108,0,0,0,1.0,1,1.0,1,1.0,1,0.26458187754443135,38
3334,1,6768,2659,4109,0,0,0,1.0,1,1.0,1,1.0,1,0.28357129525136315,40
3335,1,6769,2659,4110,0,0,0,1.0,1,1.0,1,1.0,1,0.26086970075680127,40
3336,0,6769,2659,4110,0,0,0,1.0,1,1.0,1,1.0,1,0.29875485703314547,39
3337,2,6771,2659,4112,0,0,0,1.0,1,1.0,1,1.0,1,0.2421402660110131,40
3338,1,6772,2660,4112,0,0,0,1.0,1,1.0,1,1.0,1,0.2769643198259904,41
3339,0,6772,2660,4112,0,0,0,1.0,1,1.0,1,1.0,1,0.27595972256340595,42
3340,4,6776,2663,4113,0,0,0,1.0,1,1.0,1,1.0,1,0.24146682210172202,43
3341,3,6779,2663,4116,0,0,0,1.0,1,1.0,1,1.0,1,0.20077825897056564,43
3342,3,6782,2664,4118,0,0,0,1.0,1,1.0,1,1.0,1,0.2269373376376844,44
3343,3,6785,2666,4119,0,0,0,1.0,1,1.0,1,1.0,1,0.23127699061185583,44
3344,4,6789,2667,4122,0,0,0,1.0,1,1.0,1,1.0,1,0.22831420112390466,44
3345,1,6790,2667,4123,0,0,0,1.0,1,1.0,1,1.0,1,0.2534486742662953,43
3346,0,6790,2667,4123,0,0,0,1.0,1,1.0,1,1.0,1,0.27652444193105413,42
3347,0,6790,2667,4123,0,0,0,1.0,1,1.0,1,1.0,1,0.2595342598030581,44
3348,3,6793,2667,4126,0,0,0,1.0,1,1.0,1,1.0,1,0.2567916121812076,45
3349,2,6795,2668,4127,0,0,0,1.0,1,1.0,1,1.0,1,0.2540369139873951,45
3350,2,6797,2668,4129,0,0,0,1.0,1,1.0,1,1.0,1,0.23531796473525365,46
3351,4,6801,2670,4131,0,0,0,1.0,1,1.0,1,1.0,1,0.27595772005659813,47
3352,4,6805,2671,4134,0,0,0,1.0,1,1.0,1,1.0,1,0.26248421139389827,47
3353,1,6806,2671,4135,0,0,0,1.0,1,1.0,1,1.0,1,0.28561934401972866,48
3354,2,6808,2671,4137,0,0,0,1.0,1,1.0,1,1.0,1,0.28561934401972866,48
3355,5,6813,2671,4142,0,0,0,1.0,1,1.0,1,1.0,1,0.27069683383079973,48
3356,4,6817,2672,4145,0,0,0,1.0,1,1.0,1,1.0,1,0.2944612890559861,48
3357,4,6821,2673,4148,0,0,0,1.0,1,1.0,1,1.0,1,0.2930713342546193,47
3358,3,6824,2673,4151,0,0,0,1.0,1,1.0,1,1.0,1,0.3294044759351885,46
3359,7,6831,2675,4156,0,0,0,1.0,1,1.0,1,1.0,1,0.3342313109880675,45
3360,8,6839,2677,4162,0,0,0,1.0,1,1.0,1,1.0,1,0.3786835639584527,44
3361,6,6845,2677,4168,0,0,0,1.0,1,1.0,1,1.0,1,0.27058009204989186,43
3362,2,6847,2677,4170,0,0,0,1.0,1,1.0,1,1.0,1,0.26408232520062824,42
3363,1,6848,2677,4171,0,0,0,1.0,1,1.0,1,1.0,1,0.23998409895375436,41
3364,4,6852,2677,4175,0,0,0,1.0,1,1.0,1,1.0,1,0.1319417537466793,41
3365,1,6853,2678,4175,0,0,0,1.0,1,1.0,1,1.0,1,0.15706034793703272,41
3366,1,6854,2679,4175,0,0,0,1.0,1,1.0,1,1.0,1,0.17365523352203932,40
3367,0,6854,2679,4175,0,0,0,1.0,1,1.0,1,1.0,1,0.20906254886866002,39
3368,1,6855,2680,4175,0,0,0,1.0,1,1.0,1,1.0,1,0.21458014371379686,39
3369,0,6855,2680,4175,0,0,0,1.0,1,1.0,1,1.0,1,0.21510776410083074,40
3370,4,6859,2683,4176,0,0,0,1.0,1,1.0,1,1.0,1,0.22702929241828426,41
3371,3,6862,2685,4177,0,0,0,1.0,1,1.0,1,1.0,1,0.24480168563737925,41
3372,2,6864,2686,4178,0,0,0,1.0,1,1.0,1,1.0,1,0.23846689269425014,40
3373,4,6868,2686,4182,0,0,0,1.0,1,1.0,1,1.0,1,0.21533474882100154,41
3374,1,6869,2686,4183,0,0,0,1.0,1,1.0,1,1.0,1,0.2229641380562797,42
3375,1,6870,2686,4184,0,0,0,1.0,1,1.0,1,1.0,1,0.24868644485956,44
3376,4,6874,2686,4188,0,0,0,1.0,1,1.0,1,1.0,1,0.23028530193188115,46
3377,4,6878,2686,4192,0,0,0,1.0,1,1.0,1,1.0,1,0.17483019581355255,47
3378,2,6880,2687,4193,0,0,0,1.0,1,1.0,1,1.0,1,0.18503789896239095,48
3379,2,6882,2687,4195,0,0,0,1.0,1,1.0,1,1.0,1,0.18503789896239095,48
3380,1,6883,2687,4196,0,0,0,1.0,1,1.0,1,1.0,1,0.15593635832649105,48
3381,0,6883,2687,4196,0,0,0,1.0,1,1.0,1,1.0,1,0.15593635832649105,48
3382,4,6887,2689,4198,0,0,0,1.0,1,1.0,1,1.0,1,0.13149686505006444,49
3383,0,6887,2689,4198,0,0,0,1.0,1,1.0,1,1.0,1,0.12311280490495434,47
3384,4,6891,2692,4199,0,0,0,1.0,1,1.0,1,1.0,1,0.16193863678010162,48
3385,0,6891,2692,4199,0,0,0,1.0,1,1.0,1,1.0,1,0.1328022354815973,47
3386,1,6892,2693,4199,0,0,0,1.0,1,1.0,1,1.0,1,0.18469829668721452,49
3387,1,6893,2693,4200,0,0,0,1.0,1,1.0,1,1.0,1,0.17015306038754885,48
3388,2,6895,2694,4201,0,0,0,1.0,1,1.0,1,1.0,1,0.19699955581373757,48
3389,1,6896,2694,4202,0,0,0,1.0,1,1.0,1,1.0,1,0.22604922562962018,50
3390,1,6897,2694,4203,0,0,0,1.0,1,1.0,1,1.0,1,0.20232145190194464,51
3391,0,6897,2694,4203,0,0,0,1.0,1,1.0,1,1.0,1,0.20232145190194464,51
3392,0,6897,2694,4203,0,0,0,1.0,1,1.0,1,1.0,1,0.19994757278538608,52
3393,1,6898,2695,4203,0,0,0,1.0,1,1.0,1,1.0,1,0.20147637505427915,52
3394,2,6900,2696,4204,0,0,0,1.0,1,1.0,1,1.0,1,0.17080157642921315,52
3395,0,6900,2696,4204,0,0,0,1.0,1,1.0,1,1.0,1,0.1724562040734646,50
3396,1,6901,2697,4204,0,0,0,1.0,1,1.0,1,1.0,1,0.14683203534210718,49
3397,1,6902,2698,4204,0,0,0,1.0,1,1.0,1,1.0,1,0.17870061021432918,49
3398,0,6902,2698,4204,0,0,0,1.0,1,1.0,1,1.0,1,0.17449147353799582,48
3399,1,6903,2699,4204,0,0,0,1.0,1,1.0,1,1.0,1,0.18820593312819955,49
3400,1,6904,2700,4204,0,0,0,1.0,1,1.0,1,1.0,1,0.18728245823028264,50
3401,1,6905,2700,4205,0,0,0,1.0,1,1.0,1,1.0,1,0.17771483836433524,51
3402,1,6906,2701,4205,0,0,0,1.0,1,1.0,1,1.0,1,0.21312384257587588,51
3403,2,6908,2703,4205,0,0,0,1.0,1,1.0,1,1.0,1,0.22224099885390514,51
3404,2,6910,2704,4206,0,0,0,1.0,1,1.0,1,1.0,1,0.19908671410912965,51
3405,2,6912,2706,4206,0,0,0,1.0,1,1.0,1,1.0,1,0.23108248978810422,51
3406,0,6912,2706,4206,0,0,0,1.0,1,1.0,1,1.0,1,0.21763321322900706,51
3407,1,6913,2706,4207,0,0,0,1.0,1,1.0,1,1.0,1,0.21946095218002262,52
3408,1,6914,2706,4208,0,0,0,1.0,1,1.0,1,1.0,1,0.2227338003712857,53
3409,0,6914,2706,4208,0,0,0,1.0,1,1.0,1,1.0,1,0.20333211181458466,54
3410,4,6918,2709,4209,0,0,0,1.0,1,1.0,1,1.0,1,0.2014147746390549,54
3411,2,6920,2710,4210,0,0,0,1.0,1,1.0,1,1.0,1,0.19752174120791532,54
3412,2,6922,2710,4212,0,0,0,1.0,1,1.0,1,1.0,1,0.19092147130559417,55
3413,1,6923,2711,4212,0,0,0,1.0,1,1.0,1,1.0,1,0.2154919728169192,55
3414,1,6924,2711,4213,0,0,0,1.0,1,1.0,1,1.0,1,0.21601595055556672,55
3415,7,6931,2714,4217,0,0,0,1.0,1,1.0,1,1.0,1,0.21208605135164296,56
3416,1,6932,2714,4218,0,0,0,1.0,1,1.0,1,1.0,1,0.20684265458520584,55
3417,1,6933,2714,4219,0,0,0,1.0,1,1.0,1,1.0,1,0.21734667310726402,56
3418,4,6937,2717,4220,0,0,0,1.0,1,1.0,1,1.0,1,0.26102194235823567,55
3419,7,6944,2718,4226,0,0,0,1.0,1,1.0,1,1.0,1,0.26776644476596934,56
3420,6,6950,2719,4231,0,0,0,1.0,1,1.0,1,1.0,1,0.2855444101107966,55
3421,6,6956,2719,4237,0,0,0,1.0,1,1.0,1,1.0,1,0.2248604801164236,57
3422,1,6957,2719,4238,0,0,0,1.0,1,1.0,1,1.0,1,0.2085557152863913,56
3423,1,6958,2720,4238,0,0,0,1.0,1,1.0,1,1.0,1,0.222648665516324,56
3424,2,6960,2721,4239,0,0,0,1.0,1,1.0,1,1.0,1,0.20872492314741037,56
3425,0,6960,2721,4239,0,0,0,1.0,1,1.0,1,1.0,1,0.20872492314741037,56
3426,1,6961,2721,4240,0,0,0,1.0,1,1.0,1,1.0,1,0.2240580354559606,55
3427,0,6961,2721,4240,0,0,0,1.0,1,1.0,1,1.0,1,0.25623240240015643,55
3428,2,6963,2723,4240,0,0,0,1.0,1,1.0,1,1.0,1,0.2574534701979789,55
3429,0,6963,2723,4240,0,0,0,1.0,1,1.0,1,1.0,1,0.26683904129842295,54
3430,1,6964,2723,4241,0,0,0,1.0,1,1.0,1,1.0,1,0.26768882860408627,56
3431,0,6964,2723,4241,0,0,0,1.0,1,1.0,1,1.0,1,0.2476988700001973,54
3432,2,6966,2724,4242,0,0,0,1.0,1,1.0,1,1.0,1,0.2724429266947597,56
3433,5,6971,2726,4245,0,0,0,1.0,1,1.0,1,1.0,1,0.26244185068320786,53
3434,1,6972,2727,4245,0,0,0,1.0,1,1.0,1,1.0,1,0.22200870881794524,51
3435,1,6973,2728,4245,0,0,0,1.0,1,1.0,1,1.0,1,0.22906147863169624,51
3436,4,6977,2730,4247,0,0,0,1.0,1,1.0,1,1.0,1,0.22626181738340648,51
3437,5,6982,2731,4251,0,0,0,1.0,1,1.0,1,1.0,1,0.22083547506879217,53
3438,3,6985,2732,4253,0,0,0,1.0,1,1.0,1,1.0,1,0.21085847195834767,52
3439,0,6985,2732,4253,0,0,0,1.0,1,1.0,1,1.0,1,0.20491735669845704,54
3440,0,6985,2732,4253,0,0,0,1.0,1,1.0,1,1.0,1,0.17965168971759649,52
3441,4,6989,2732,4257,0,0,0,1.0,1,1.0,1,1.0,1,0.11783251429027095,53
3442,1,6990,2733,4257,0,0,0,1.0,1,1.0,1,1.0,1,0.13496868334994,53
3443,1,6991,2734,4257,0,0,0,1.0,1,1.0,1,1.0,1,0.19425458146704996,53
3444,0,6991,2734,4257,0,0,0,1.0,1,1.0,1,1.0,1,0.20473757367073095,52
3445,4,6995,2736,4259,0,0,0,1.0,1,1.0,1,1.0,1,0.23080121894416017,53
3446,4,6999,2737,4262,0,0,0,1.0,1,1.0,1,1.0,1,0.25913955574691766,53
3447,4,7003,2739,4264,0,0,0,1.0,1,1.0,1,1.0,1,0.24159246078366045,53
3448,1,7004,2739,4265,0,0,0,1.0,1,1.0,1,1.0,1,0.26625128166060436,52
3449,3,7007,2742,4265,0,0,0,1.0,1,1.0,1,1.0,1,0.25044936152087616,52
3450,2,7009,2744,4265,0,0,0,1.0,1,1.0,1,1.0,1,0.2610541116381514,52
3451,2,7011,2746,4265,0,0,0,1.0,1,1.0,1,1.0,1,0.2772509566456087,54
3452,3,7014,2747,4267,0,0,0,1.0,1,1.0,1,1.0,1,0.2784502661537949,54
3453,3,7017,2748,4269,0,0,0,1.0,1,1.0,1,1.0,1,0.29712231373706727,54
3454,4,7021,2748,4273,0,0,0,1.0,1,1.0,1,1.0,1,0.28529552885709375,57
3455,2,7023,2748,4275,0,0,0,1.0,1,1.0,1,1.0,1,0.28529552885709375,57
3456,2,7025,2748,4277,0,0,0,1.0,1,1.0,1,1.0,1,0.2932104042885054,58
3457,2,7027,2748,4279,0,0,0,1.0,1,1.0,1,1.0,1,0.30368738920878396,57
3458,1,7028,2748,4280,0,0,0,1.0,1,1.0,1,1.0,1,0.3020680275301424,57
3459,2,7030,2748,4282,0,0,0,1.0,1,1.0,1,1.0,1,0.3020680275301424,57
3460,1,7031,2748,4283,0,0,0,1.0,1,1.0,1,1.0,1,0.2938931441770377,58
3461,5,7036,2748,4288,0,0,0,1.0,1,1.0,1,1.0,1,0.22945428940284368,59
3462,1,7037,2748,4289,0,0,0,1.0,1,1.0,1,1.0,1,0.21389775296838806,59
3463,2,7039,2750,4289,0,0,0,1.0,1,1.0,1,1.0,1,0.2094216747158285,59
3464,2,7041,2752,4289,0,0,0,1.0,1,1.0,1,1.0,1,0.24019263680679134,59
3465,3,7044,2753,4291,0,0,0,1.0,1,1.0,1,1.0,1,0.23227535025156426,57
3466,3,7047,2756,4291,0,0,0,1.0,1,1.0,1,1.0,1,0.25339451442326266,57
3467,3,7050,2757,4293,0,0,0,1.0,1,1.0,1,1.0,1,0.2734927475158198,57
3468,1,7051,2758,4293,0,0,0,1.0,1,1.0,1,1.0,1,0.2685938147089358,57
3469,3,7054,2761,4293,0,0,0,1.0,1,1.0,1,1.0,1,0.2923932228590354,53
3470,5,7059,2766,4293,0,0,0,1.0,1,1.0,1,1.0,1,0.3123902089962073,50
3471,3,7062,2766,4296,0,0,0,1.0,1,1.0,1,1.0,1,0.231200483636817,49
3472,1,7063,2767,4296,0,0,0,1.0,1,1.0,1,1.0,1,0.2803383364384852,47
3473,1,7064,2767,4297,0,0,0,1.0,1,1.0,1,1.0,1,0.23210760082455587,45
3474,0,7064,2767,4297,0,0,0,1.0,1,1.0,1,1.0,1,0.24198998414432515,42
3475,3,7067,2769,4298,0,0,0,1.0,1,1.0,1,1.0,1,0.2770739732320153,43
3476,2,7069,2771,4298,0,0,0,1.0,1,1.0,1,1.0,1,0.2801467947561883,41
3477,5,7074,2775,4299,0,0,0,1.0,1,1.0,1,1.0,1,0.33787524303292044,42
3478,1,7075,2776,4299,0,0,0,1.0,1,1.0,1,1.0,1,0.3513222388373919,40
3479,1,7076,2777,4299,0,0,0,1.0,1,1.0,1,1.0,1,0.32418526562883015,40
3480,2,7078,2778,4300,0,0,0,1.0,1,1.0,1,1.0,1,0.3453948212710802,40
3481,6,7084,2778,4306,0,0,0,1.0,1,1.0,1,1.0,1,0.23024513742305386,40
3482,1,7085,2779,4306,0,0,0,1.0,1,1.0,1,1.0,1,0.22670919397266454,40
3483,0,7085,2779,4306,0,0,0,1.0,1,1.0,1,1.0,1,0.22036703490406487,39
3484,0,7085,2779,4306,0,0,0,1.0,1,1.0,1,1.0,1,0.22036703490406487,39
3485,3,7088,2780,4308,0,0,0,1.0,1,1.0,1,1.0,1,0.21743643085983286,40
3486,1,7089,2780,4309,0,0,0,1.0,1,1.0,1,1.0,1,0.20688751808788847,41
3487,0,7089,2780,4309,0,0,0,1.0,1,1.0,1,1.0,1,0.2301614655825761,41
3488,1,7090,2781,4309,0,0,0,1.0,1,1.0,1,1.0,1,0.2073135533536886,42
3489,1,7091,2782,4309,0,0,0,1.0,1,1.0,1,1.0,1,0.18603921433769674,44
3490,0,7091,2782,4309,0,0,0,1.0,1,1.0,1,1.0,1,0.18603921433769674,44
3491,1,7092,2782,4310,0,0,0,1.0,1,1.0,1,1.0,1,0.19694454658214905,45
3492,2,7094,2784,4310,0,0,0,1.0,1,1.0,1,1.0,1,0.18934600498720416,45
3493,1,7095,2785,4310,0,0,0,1.0,1,1.0,1,1.0,1,0.21609169634042594,45
3494,1,7096,2785,4311,0,0,0,1.0,1,1.0,1,1.0,1,0.20552692119585045,45
3495,0,7096,2785,4311,0,0,0,1.0,1,1.0,1,1.0,1,0.20552692119585045,45
3496,0,7096,2785,4311,0,0,0,1.0,1,1.0,1,1.0,1,0.2506707799209512,46
3497,2,7098,2786,4312,0,0,0,1.0,1,1.0,1,1.0,1,0.2687738646295301,47
3498,5,7103,2788,4315,0,0,0,1.0,1,1.0,1,1.0,1,0.24984288850550443,48
3499,0,7103,2788,4315,0,0,0,1.0,1,1.0,1,1.0,1,0.2648251723333957,47
3500,0,7103,2788,4315,0,0,0,1.0,1,1.0,1,1.0,1,0.2657629780144364,50
3501,4,7107,2790,4317,0,0,0,1.0,1,1.0,1,1.0,1,0.22490634519185154,50
3502,1,7108,2791,4317,0,0,0,1.0,1,1.0,1,1.0,1,0.23831191171722466,50
3503,3,7111,2793,4318,0,0,0,1.0,1,1.0,1,1.0,1,0.25375704673273514,50
3504,3,7114,2796,4318,0,0,0,1.0,1,1.0,1,1.0,1,0.33736380837076235,47
3505,4,7118,2797,4321,0,0,0,1.0,1,1.0,1,1.0,1,0.32271189167260955,48
3506,3,7121,2799,4322,0,0,0,1.0,1,1.0,1,1.0,1,0.36319141777213404,49
3507,0,7121,2799,4322,0,0,0,1.0,1,1.0,1,1.0,1,0.32742972694044575,46
3508,2,7123,2800,4323,0,0,0,1.0,1,1.0,1,1.0,1,0.36042179962803783,47
3509,0,7123,2800,4323,0,0,0,1.0,1,1.0,1,1.0,1,0.33007040212687305,44
3510,0,7123,2800,4323,0,0,0,1.0,1,1.0,1,1.0,1,0.36626186473911315,45
3511,1,7124,2801,4323,0,0,0,1.0,1,1.0,1,1.0,1,0.3848354313856756,44
3512,0,7124,2801,4323,0,0,0,1.0,1,1.0,1,1.0,1,0.4020167553002768,42
3513,0,7124,2801,4323,0,0,0,1.0,1,1.0,1,1.0,1,0.4020167553002768,42
3514,2,7126,2801,4325,0,0,0,1.0,1,1.0,1,1.0,1,0.38703879847524375,42
3515,2,7128,2801,4327,0,0,0,1.0,1,1.0,1,1.0,1,0.34795855538096876,42
3516,0,7128,2801,4327,0,0,0,1.0,1,1.0,1,1.0,1,0.3389584856624136,41
3517,1,7129,2802,4327,0,0,0,1.0,1,1.0,1,1.0,1,0.35608564592933145,44
3518,1,7130,2803,4327,0,0,0,1.0,1,1.0,1,1.0,1,0.3720135821718648,43
3519,0,7130,2803,4327,0,0,0,1.0,1,1.0,1,1.0,1,0.3772165930716571,44
3520,5,7135,2803,4332,0,0,0,1.0,1,1.0,1,1.0,1,0.30583972850384433,45
3521,4,7139,2803,4336,0,0,0,1.0,1,1.0,1,1.0,1,0.2601489582998094,45
3522,1,7140,2803,4337,0,0,0,1.0,1,1.0,1,1.0,1,0.2641985255053652,46
3523,0,7140,2803,4337,0,0,0,1.0,1,1.0,1,1.0,1,0.2641985255053652,46
3524,1,7141,2803,4338,0,0,0,1.0,1,1.0,1,1.0,1,0.2381573366591502,47
3525,1,7142,2803,4339,0,0,0,1.0,1,1.0,1,1.0,1,0.2741340227166126,48
3526,0,7142,2803,4339,0,0,0,1.0,1,1.0,1,1.0,1,0.26013163307187237,49
3527,3,7145,2805,4340,0,0,0,1.0,1,1.0,1,1.0,1,0.3003171603161797,49
3528,4,7149,2805,4344,0,0,0,1.0,1,1.0,1,1.0,1,0.28903133530104064,51
3529,1,7150,2805,4345,0,0,0,1.0,1,1.0,1,1.0,1,0.28993534042246827,51
3530,4,7154,2806,4348,0,0,0,1.0,1,1.0,1,1.0,1,0.2430750739062153,52
3531,7,7161,2807,4354,0,0,0,1.0,1,1.0,1,1.0,1,0.22946258567475183,52
3532,0,7161,2807,4354,0,0,0,1.0,1,1.0,1,1.0,1,0.22946258567475183,52
3533,0,7161,2807,4354,0,0,0,1.0,1,1.0,1,1.0,1,0.22946258567475183,52
3534,0,7161,2807,4354,0,0,0,1.0,1,1.0,1,1.0,1,0.22946258567475183,52
3535,1,7162,2808,4354,0,0,0,1.0,1,1.0,1,1.0,1,0.2414871529038173,52
3536,0,7162,2808,4354,0,0,0,1.0,1,1.0,1,1.0,1,0.2599747686012665,54
3537,0,7162,2808,4354,0,0,0,1.0,1,1.0,1,1.0,1,0.25539753077083543,55
3538,0,7162,2808,4354,0,0,0,1.0,1,1.0,1,1.0,1,0.25539753077083543,55
3539,0,7162,2808,4354,0,0,0,1.0,1,1.0,1,1.0,1,0.24207263423972838,58
3540,3,7165,2808,4357,0,0,0,1.0,1,1.0,1,1.0,1,0.2395777529229489,59
3541,2,7167,2808,4359,0,0,0,1.0,1,1.0,1,1.0,1,0.21066911599100419,59
3542,0,7167,2808,4359,0,0,0,1.0,1,1.0,1,1.0,1,0.22948911965744936,61
3543,4,7171,2810,4361,0,0,0,1.0,1,1.0,1,1.0,1,0.22896742406245155,62
3544,1,7172,2811,4361,0,0,0,1.0,1,1.0,1,1.0,1,0.2134903672017714,59
3545,2,7174,2813,4361,0,0,0,1.0,1,1.0,1,1.0,1,0.2476206345367928,59
3546,4,7178,2815,4363,0,0,0,1.0,1,1.0,1,1.0,1,0.2686485731377861,57
3547,2,7180,2817,4363,0,0,0,1.0,1,1.0,1,1.0,1,0.2879938323598192,53
3548,3,7183,2819,4364,0,0,0,1.0,1,1.0,1,1.0,1,0.32731990533900224,53
3549,1,7184,2820,4364,0,0,0,1.0,1,1.0,1,1.0,1,0.33013912384197674,52
3550,1,7185,2820,4365,0,0,0,1.0,1,1.0,1,1.0,1,0.30392324847104163,51
3551,1,7186,2821,4365,0,0,0,1.0,1,1.0,1,1.0,1,0.3163569206951861,51
3552,2,7188,2821,4367,0,0,0,1.0,1,1.0,1,1.0,1,0.31971906188300897,51
3553,0,7188,2821,4367,0,0,0,1.0,1,1.0,1,1.0,1,0.3305938250915922,49
3554,2,7190,2821,4369,0,0,0,1.0,1,1.0,1,1.0,1,0.30917209590362477,49
3555,1,7191,2821,4370,0,0,0,1.0,1,1.0,1,1.0,1,0.2971122006882095,51
3556,0,7191,2821,4370,0,0,0,1.0,1,1.0,1,1.0,1,0.2971122006882095,51
3557,1,7192,2822,4370,0,0,0,1.0,1,1.0,1,1.0,1,0.29812434743415883,52
3558,3,7195,2823,4372,0,0,0,1.0,1,1.0,1,1.0,1,0.2938217362966518,52
3559,4,7199,2824,4375,0,0,0,1.0,1,1.0,1,1.0,1,0.26058184559725683,52
3560,1,7200,2824,4376,0,0,0,1.0,1,1.0,1,1.0,1,0.22943859679989864,53
3561,3,7203,2825,4378,0,0,0,1.0,1,1.0,1,1.0,1,0.20604736566020315,54
3562,2,7205,2826,4379,0,0,0,1.0,1,1.0,1,1.0,1,0.20633663164604535,54
3563,0,7205,2826,4379,0,0,0,1.0,1,1.0,1,1.0,1,0.21460576628731007,55
3564,1,7206,2826,4380,0,0,0,1.0,1,1.0,1,1.0,1,0.1834715136409815,57
3565,0,7206,2826,4380,0,0,0,1.0,1,1.0,1,1.0,1,0.19590969044344678,56
3566,4,7210,2826,4384,0,0,0,1.0,1,1.0,1,1.0,1,0.17335000833172654,57
3567,1,7211,2827,4384,0,0,0,1.0,1,1.0,1,1.0,1,0.1936418478095684,57
3568,1,7212,2827,4385,0,0,0,1.0,1,1.0,1,1.0,1,0.18649988487248492,57
3569,2,7214,2827,4387,0,0,0,1.0,1,1.0,1,1.0,1,0.1280881668775137,57
3570,1,7215,2828,4387,0,0,0,1.0,1,1.0,1,1.0,1,0.18878550154463783,59
3571,2,7217,2829,4388,0,0,0,1.0,1,1.0,1,1.0,1,0.15649964003914862,60
3572,1,7218,2830,4388,0,0,0,1.0,1,1.0,1,1.0,1,0.18292101831865715,61
3573,1,7219,2830,4389,0,0,0,1.0,1,1.0,1,1.0,1,0.17680592438405962,62
3574,0,7219,2830,4389,0,0,0,1.0,1,1.0,1,1.0,1,0.18318569746779867,63
3575,0,7219,2830,4389,0,0,0,1.0,1,1.0,1,1.0,1,0.18318569746779867,63
3576,0,7219,2830,4389,0,0,0,1.0,1,1.0,1,1.0,1,0.18318569746779867,63
3577,0,7219,2830,4389,0,0,0,1.0,1,1.0,1,1.0,1,0.1934013569524074,64
3578,0,7219,2830,4389,0,0,0,1.0,1,1.0,1,1.0,1,0.19538673375910492,64
3579,0,7219,2830,4389,0,0,0,1.0,1,1.0,1,1.0,1,0.19538673375910492,64
3580,1,7220,2831,4389,0,0,0,1.0,1,1.0,1,1.0,1,0.22873226766509344,65
3581,7,7227,2832,4395,0,0,0,1.0,1,1.0,1,1.0,1,0.17392810208631346,68
3582,6,7233,2834,4399,0,0,0,1.0,1,1.0,1,1.0,1,0.16680417704235978,68
3583,3,7236,2836,4400,0,0,0,1.0,1,1.0,1,1.0,1,0.18532707391751396,65
3584,2,7238,2838,4400,0,0,0,1.0,1,1.0,1,1.0,1,0.2056183408044511,64
3585,4,7242,2840,4402,0,0,0,1.0,1,1.0,1,1.0,1,0.18197121741495687,64
3586,3,7245,2843,4402,0,0,0,1.0,1,1.0,1,1.0,1,0.18014808847480657,65
3587,2,7247,2844,4403,0,0,0,1.0,1,1.0,1,1.0,1,0.17615652065507037,64
3588,4,7251,2847,4404,0,0,0,1.0,1,1.0,1,1.0,1,0.18703604909819121,62
3589,5,7256,2850,4406,0,0,0,1.0,1,1.0,1,1.0,1,0.19653732340659066,63
3590,2,7258,2851,4407,0,0,0,1.0,1,1.0,1,1.0,1,0.2188812554133464,63
3591,5,7263,2852,4411,0,0,0,1.0,1,1.0,1,1.0,1,0.17806015732129507,62
3592,3,7266,2854,4412,0,0,0,1.0,1,1.0,1,1.0,1,0.18199384679201938,59
3593,1,7267,2854,4413,0,0,0,1.0,1,1.0,1,1.0,1,0.185738369813277,58
3594,2,7269,2854,4415,0,0,0,1.0,1,1.0,1,1.0,1,0.19999469891091984,57
3595,4,7273,2856,4417,0,0,0,1.0,1,1.0,1,1.0,1,0.17766286928604846,59
3596,2,7275,2857,4418,0,0,0,1.0,1,1.0,1,1.0,1,0.19922387789961513,57
3597,3,7278,2859,4419,0,0,0,1.0,1,1.0,1,1.0,1,0.23494628481497848,57
3598,3,7281,2860,4421,0,0,0,1.0,1,1.0,1,1.0,1,0.2343707102922238,57
3599,4,7285,2863,4422,0,0,0,1.0,1,1.0,1,1.0,1,0.2618350446547809,58
3600,2,7287,2863,4424,0,0,0,1.0,1,1.0,1,1.0,1,0.23169347323542494,58
3601,7,7294,2865,4429,0,0,0,1.0,1,1.0,1,1.0,1,0.20338471630571212,58
3602,4,7298,2866,4432,0,0,0,1.0,1,1.0,1,1.0,1,0.14523209607583717,60
3603,1,7299,2867,4432,0,0,0,1.0,1,1.0,1,1.0,1,0.14080538507270207,60
3604,0,7299,2867,4432,0,0,0,1.0,1,1.0,1,1.0,1,0.14080538507270207,60
3605,1,7300,2868,4432,0,0,0,1.0,1,1.0,1,1.0,1,0.1796639862911674,61
3606,1,7301,2868,4433,0,0,0,1.0,1,1.0,1,1.0,1,0.16600590546510982,63
3607,4,7305,2869,4436,0,0,0,1.0,1,1.0,1,1.0,1,0.1575574572716318,63
3608,1,7306,2869,4437,0,0,0,1.0,1,1.0,1,1.0,1,0.15820109811121388,64
3609,1,7307,2869,4438,0,0,0,1.0,1,1.0,1,1.0,1,0.16290279701356863,66
3610,2,7309,2871,4438,0,0,0,1.0,1,1.0,1,1.0,1,0.1609040463899263,67
3611,5,7314,2873,4441,0,0,0,1.0,1,1.0,1,1.0,1,0.19716223602012797,67
3612,2,7316,2874,4442,0,0,0,1.0,1,1.0,1,1.0,1,0.2356678702750118,66
3613,2,7318,2875,4443,0,0,0,1.0,1,1.0,1,1.0,1,0.24483021811409938,66
3614,3,7321,2877,4444,0,0,0,1.0,1,1.0,1,1.0,1,0.25219768718958263,65
3615,1,7322,2877,4445,0,0,0,1.0,1,1.0,1,1.0,1,0.25271261664533723,65
3616,4,7326,2877,4449,0,0,0,1.0,1,1.0,1,1.0,1,0.2526730500494004,65
3617,3,7329,2878,4451,0,0,0,1.0,1,1.0,1,1.0,1,0.25564763609849045,66
3618,2,7331,2878,4453,0,0,0,1.0,1,1.0,1,1.0,1,0.25564763609849045,66
3619,3,7334,2880,4454,0,0,0,1.0,1,1.0,1,1.0,1,0.2851099059451417,65
3620,9,7343,2881,4462,0,0,0,1.0,1,1.0,1,1.0,1,0.24648320952427177,66
3621,5,7348,2881,4467,0,0,0,1.0,1,1.0,1,1.0,1,0.1658003319191582,65
3622,2,7350,2882,4468,0,0,0,1.0,1,1.0,1,1.0,1,0.14996020325748524,65
3623,1,7351,2883,4468,0,0,0,1.0,1,1.0,1,1.0,1,0.1492883479056201,62
3624,4,7355,2886,4469,0,0,0,1.0,1,1.0,1,1.0,1,0.19881571027408412,62
3625,1,7356,2887,4469,0,0,0,1.0,1,1.0,1,1.0,1,0.20018399154119862,61
3626,1,7357,2888,4469,0,0,0,1.0,1,1.0,1,1.0,1,0.19146714042559754,58
3627,3,7360,2890,4470,0,0,0,1.0,1,1.0,1,1.0,1,0.20010803631590704,58
3628,4,7364,2892,4472,0,0,0,1.0,1,1.0,1,1.0,1,0.17557646262097784,57
3629,1,7365,2893,4472,0,0,0,1.0,1,1.0,1,1.0,1,0.1729961075671076,57
3630,2,7367,2895,4472,0,0,0,1.0,1,1.0,1,1.0,1,0.21230121278706796,56
3631,5,7372,2899,4473,0,0,0,1.0,1,1.0,1,1.0,1,0.16293792927972883,54
3632,0,7372,2899,4473,0,0,0,1.0,1,1.0,1,1.0,1,0.17209759784463644,52
3633,5,7377,2903,4474,0,0,0,1.0,1,1.0,1,1.0,1,0.28526863257087787,52
3634,1,7378,2904,4474,0,0,0,1.0,1,1.0,1,1.0,1,0.2594748960031877,49
3635,1,7379,2905,4474,0,0,0,1.0,1,1.0,1,1.0,1,0.2798228761618071,47
3636,0,7379,2905,4474,0,0,0,1.0,1,1.0,1,1.0,1,0.2914851027477427,48
3637,3,7382,2905,4477,0,0,0,1.0,1,1.0,1,1.0,1,0.2777264422925527,49
3638,0,7382,2905,4477,0,0,0,1.0,1,1.0,1,1.0,1,0.2752948227668622,50
3639,3,7385,2907,4478,0,0,0,1.0,1,1.0,1,1.0,1,0.2848378115648472,52
3640,1,7386,2908,4478,0,0,0,1.0,1,1.0,1,1.0,1,0.31197285313005707,52
3641,7,7393,2908,4485,0,0,0,1.0,1,1.0,1,1.0,1,0.21058700568615857,52
3642,1,7394,2908,4486,0,0,0,1.0,1,1.0,1,1.0,1,0.19505940576643904,52
3643,0,7394,2908,4486,0,0,0,1.0,1,1.0,1,1.0,1,0.19505940576643904,52
3644,0,7394,2908,4486,0,0,0,1.0,1,1.0,1,1.0,1,0.19505940576643904,52
3645,0,7394,2908,4486,0,0,0,1.0,1,1.0,1,1.0,1,0.17535646591989248,53
3646,0,7394,2908,4486,0,0,0,1.0,1,1.0,1,1.0,1,0.17535646591989248,53
3647,4,7398,2909,4489,0,0,0,1.0,1,1.0,1,1.0,1,0.15523399012210365,55
3648,3,7401,2909,4492,0,0,0,1.0,1,1.0,1,1.0,1,0.13735545847222044,57
3649,4,7405,2911,4494,0,0,0,1.0,1,1.0,1,1.0,1,0.1454121461787885,57
3650,8,7413,2912,4501,0,0,0,1.0,1,1.0,1,1.0,1,0.18180638453326983,59
3651,6,7419,2912,4507,0,0,0,1.0,1,1.0,1,1.0,1,0.19509466607644668,59
3652,6,7425,2912,4513,0,0,0,1.0,1,1.0,1,1.0,1,0.20528134394380568,59
3653,9,7434,2912,4522,0,0,0,1.0,1,1.0,1,1.0,1,0.19474540602186324,59
3654,3,7437,2912,4525,0,0,0,1.0,1,1.0,1,1.0,1,0.1890289963827391,59
3655,4,7441,2912,4529,0,0,0,1.0,1,1.0,1,1.0,1,0.16988755904068745,62
3656,4,7445,2912,4533,0,0,0,1.0,1,1.0,1,1.0,1,0.1822117891017054,62
3657,5,7450,2912,4538,0,0,0,1.0,1,1.0,1,1.0,1,0.19014715577976676,63
3658,5,7455,2913,4542,0,0,0,1.0,1,1.0,1,1.0,1,0.21559153536917225,63
3659,3,7458,2913,4545,0,0,0,1.0,1,1.0,1,1.0,1,0.2524806055548551,62
3660,7,7465,2916,4549,0,0,0,1.0,1,1.0,1,1.0,1,0.26690412740993363,62
3661,1,7466,2916,4550,0,0,0,1.0,1,1.0,1,1.0,1,0.2291561855403007,61
3662,5,7471,2918,4553,0,0,0,1.0,1,1.0,1,1.0,1,0.21923399681999056,60
3663,5,7476,2921,4555,0,0,0,1.0,1,1.0,1,1.0,1,0.2295149360926559,61
3664,0,7476,2921,4555,0,0,0,1.0,1,1.0,1,1.0,1,0.20560913145026405,58
3665,3,7479,2923,4556,0,0,0,1.0,1,1.0,1,1.0,1,0.19354796566139545,58
3666,2,7481,2924,4557,0,0,0,1.0,1,1.0,1,1.0,1,0.1799588644923011,58
3667,4,7485,2927,4558,0,0,0,1.0,1,1.0,1,1.0,1,0.1854412319954702,58
3668,2,7487,2927,4560,0,0,0,1.0,1,1.0,1,1.0,1,0.20288666866256536,58
3669,1,7488,2928,4560,0,0,0,1.0,1,1.0,1,1.0,1,0.20402323018710483,57
3670,2,7490,2928,4562,0,0,0,1.0,1,1.0,1,1.0,1,0.20673566527028864,56
3671,1,7491,2929,4562,0,0,0,1.0,1,1.0,1,1.0,1,0.23748895801459102,57
3672,1,7492,2930,4562,0,0,0,1.0,1,1.0,1,1.0,1,0.25990539688364583,57
3673,0,7492,2930,4562,0,0,0,1.0,1,1.0,1,1.0,1,0.2502354825437176,58
3674,0,7492,2930,4562,0,0,0,1.0,1,1.0,1,1.0,1,0.2593404830767591,57
3675,1,7493,2930,4563,0,0,0,1.0,1,1.0,1,1.0,1,0.26536197177719945,58
3676,1,7494,2931,4563,0,0,0,1.0,1,1.0,1,1.0,1,0.27671259901577,59
3677,5,7499,2932,4567,0,0,0,1.0,1,1.0,1,1.0,1,0.2403268637309809,60
3678,0,7499,2932,4567,0,0,0,1.0,1,1.0,1,1.0,1,0.24783613523144357,62
3679,1,7500,2932,4568,0,0,0,1.0,1,1.0,1,1.0,1,0.2392120034653267,62
3680,0,7500,2932,4568,0,0,0,1.0,1,1.0,1,1.0,1,0.21891293278861582,63
3681,4,7504,2932,4572,0,0,0,1.0,1,1.0,1,1.0,1,0.18735084113705203,64
3682,0,7504,2932,4572,0,0,0,1.0,1,1.0,1,1.0,1,0.18735084113705203,64
3683,0,7504,2932,4572,0,0,0,1.0,1,1.0,1,1.0,1,0.18735084113705203,64
3684,1,7505,2933,4572,0,0,0,1.0,1,1.0,1,1.0,1,0.20154861949495576,64
3685,0,7505,2933,4572,0,0,0,1.0,1,1.0,1,1.0,1,0.20154861949495576,64
3686,1,7506,2933,4573,0,0,0,1.0,1,1.0,1,1.0,1,0.18585145407312054,65
3687,0,7506,2933,4573,0,0,0,1.0,1,1.0,1,1.0,1,0.18585145407312054,65
3688,1,7507,2933,4574,0,0,0,1.0,1,1.0,1,1.0,1,0.1864708486531061,66
3689,0,7507,2933,4574,0,0,0,1.0,1,1.0,1,1.0,1,0.1864708486531061,66
3690,0,7507,2933,4574,0,0,0,1.0,1,1.0,1,1.0,1,0.1907554585429897,67
3691,0,7507,2933,4574,0,0,0,1.0,1,1.0,1,1.0,1,0.17931701061837663,68
3692,1,7508,2933,4575,0,0,0,1.0,1,1.0,1,1.0,1,0.16739728974459034,69
3693,4,7512,2934,4578,0,0,0,1.0,1,1.0,1,1.0,1,0.14105661516941184,69
3694,0,7512,2934,4578,0,0,0,1.0,1,1.0,1,1.0,1,0.1440331345834817,70
3695,1,7513,2934,4579,0,0,0,1.0,1,1.0,1,1.0,1,0.1375901769301848,70
3696,1,7514,2935,4579,0,0,0,1.0,1,1.0,1,1.0,1,0.13068206588827688,71
3697,2,7516,2937,4579,0,0,0,1.0,1,1.0,1,1.0,1,0.16422902779723023,70
3698,1,7517,2938,4579,0,0,0,1.0,1,1.0,1,1.0,1,0.18404607486427715,70
3699,1,7518,2939,4579,0,0,0,1.0,1,1.0,1,1.0,1,0.17799021098542542,70
3700,4,7522,2943,4579,0,0,0,1.0,1,1.0,1,1.0,1,0.2357326875707746,68
3701,6,7528,2943,4585,0,0,0,1.0,1,1.0,1,1.0,1,0.17535261811831593,69
3702,1,7529,2944,4585,0,0,0,1.0,1,1.0,1,1.0,1,0.18508844557606208,69
3703,0,7529,2944,4585,0,0,0,1.0,1,1.0,1,1.0,1,0.19687757394064334,70
3704,2,7531,2946,4585,0,0,0,1.0,1,1.0,1,1.0,1,0.21478343392400265,69
3705,1,7532,2946,4586,0,0,0,1.0,1,1.0,1,1.0,1,0.18707529934201741,69
3706,2,7534,2947,4587,0,0,0,1.0,1,1.0,1,1.0,1,0.18392782042415637,69
3707,1,7535,2947,4588,0,0,0,1.0,1,1.0,1,1.0,1,0.15666145648142377,67
3708,0,7535,2947,4588,0,0,0,1.0,1,1.0,1,1.0,1,0.1426897246513158,67
3709,1,7536,2947,4589,0,0,0,1.0,1,1.0,1,1.0,1,0.14036889595033494,67
3710,0,7536,2947,4589,0,0,0,1.0,1,1.0,1,1.0,1,0.13784914286121494,67
3711,0,7536,2947,4589,0,0,0,1.0,1,1.0,1,1.0,1,0.14842295219521523,68
3712,0,7536,2947,4589,0,0,0,1.0,1,1.0,1,1.0,1,0.14842295219521523,68
3713,2,7538,2949,4589,0,0,0,1.0,1,1.0,1,1.0,1,0.16176241290920382,68
3714,0,7538,2949,4589,0,0,0,1.0,1,1.0,1,1.0,1,0.17996106945104598,67
3715,1,7539,2950,4589,0,0,0,1.0,1,1.0,1,1.0,1,0.18589231405257636,68
3716,1,7540,2951,4589,0,0,0,1.0,1,1.0,1,1.0,1,0.19734800518414286,67
3717,0,7540,2951,4589,0,0,0,1.0,1,1.0,1,1.0,1,0.22814535221381027,68
3718,0,7540,2951,4589,0,0,0,1.0,1,1.0,1,1.0,1,0.23372060032340558,68
3719,6,7546,2953,4593,0,0,0,1.0,1,1.0,1,1.0,1,0.25587475142059446,68
3720,0,7546,2953,4593,0,0,0,1.0,1,1.0,1,1.0,1,0.25587475142059446,68
3721,11,7557,2957,4600,0,0,0,1.0,1,1.0,1,1.0,1,0.15822299770200138,70
3722,0,7557,2957,4600,0,0,0,1.0,1,1.0,1,1.0,1,0.16324160782343355,71
3723,2,7559,2959,4600,0,0,0,1.0,1,1.0,1,1.0,1,0.17808276812760263,71
3724,0,7559,2959,4600,0,0,0,1.0,1,1.0,1,1.0,1,0.1678990457862502,72
3725,2,7561,2961,4600,0,0,0,1.0,1,1.0,1,1.0,1,0.18666801400192076,72
3726,0,7561,2961,4600,0,0,0,1.0,1,1.0,1,1.0,1,0.19053675629422384,71
3727,0,7561,2961,4600,0,0,0,1.0,1,1.0,1,1.0,1,0.19053675629422384,71
3728,0,7561,2961,4600,0,0,0,1.0,1,1.0,1,1.0,1,0.19755358449869811,70
3729,1,7562,2962,4600,0,0,0,1.0,1,1.0,1,1.0,1,0.2027992862364996,70
3730,2,7564,2963,4601,0,0,0,1.0,1,1.0,1,1.0,1,0.2290798065550208,71
3731,0,7564,2963,4601,0,0,0,1.0,1,1.0,1,1.0,1,0.2290798065550208,71
3732,0,7564,2963,4601,0,0,0,1.0,1,1.0,1,1.0,1,0.21987391453269042,72
3733,2,7566,2964,4602,0,0,0,1.0,1,1.0,1,1.0,1,0.23447599276570275,73
3734,8,7574,2966,4608,0,0,0,1.0,1,1.0,1,1.0,1,0.22111030998830558,74
3735,2,7576,2967,4609,0,0,0,1.0,1,1.0,1,1.0,1,0.2044556096006422,72
3736,0,7576,2967,4609,0,0,0,1.0,1,1.0,1,1.0,1,0.18344825979443294,72
3737,2,7578,2967,4611,0,0,0,1.0,1,1.0,1,1.0,1,0.1613399428317279,73
3738,1,7579,2967,4612,0,0,0,1.0,1,1.0,1,1.0,1,0.145879346923722,72
3739,0,7579,2967,4612,0,0,0,1.0,1,1.0,1,1.0,1,0.13787759493793106,73
3740,0,7579,2967,4612,0,0,0,1.0,1,1.0,1,1.0,1,0.1629388625970093,70
3741,0,7579,2967,4612,0,0,0,1.0,1,1.0,1,1.0,1,0.1629388625970093,70
3742,1,7580,2968,4612,0,0,0,1.0,1,1.0,1,1.0,1,0.16493919565031467,70
3743,1,7581,2968,4613,0,0,0,1.0,1,1.0,1,1.0,1,0.1503638724492888,69
3744,6,7587,2973,4614,0,0,0,1.0,1,1.0,1,1.0,1,0.19914916644534872,69
3745,1,7588,2973,4615,0,0,0,1.0,1,1.0,1,1.0,1,0.16859561585691404,68
3746,1,7589,2974,4615,0,0,0,1.0,1,1.0,1,1.0,1,0.19575401763784964,66
3747,2,7591,2976,4615,0,0,0,1.0,1,1.0,1,1.0,1,0.20745404513547652,66
3748,2,7593,2978,4615,0,0,0,1.0,1,1.0,1,1.0,1,0.17522206683763533,65
3749,1,7594,2979,4615,0,0,0,1.0,1,1.0,1,1.0,1,0.17109607676491834,64
3750,2,7596,2981,4615,0,0,0,1.0,1,1.0,1,1.0,1,0.19833003352237621,63
3751,0,7596,2981,4615,0,0,0,1.0,1,1.0,1,1.0,1,0.1839532997721842,64
3752,3,7599,2983,4616,0,0,0,1.0,1,1.0,1,1.0,1,0.1917432918084586,64
3753,0,7599,2983,4616,0,0,0,1.0,1,1.0,1,1.0,1,0.20013092435057783,65
3754,2,7601,2985,4616,0,0,0,1.0,1,1.0,1,1.0,1,0.2061980433395658,65
3755,5,7606,2987,4619,0,0,0,1.0,1,1.0,1,1.0,1,0.18506825456432974,65
3756,0,7606,2987,4619,0,0,0,1.0,1,1.0,1,1.0,1,0.2013231605209255,65
3757,3,7609,2990,4619,0,0,0,1.0,1,1.0,1,1.0,1,0.22787510872077457,65
3758,0,7609,2990,4619,0,0,0,1.0,1,1.0,1,1.0,1,0.23644837217392073,64
3759,3,7612,2991,4621,0,0,0,1.0,1,1.0,1,1.0,1,0.24893511990057882,64
3760,1,7613,2991,4622,0,0,0,1.0,1,1.0,1,1.0,1,0.27412542060046313,63
3761,4,7617,2991,4626,0,0,0,1.0,1,1.0,1,1.0,1,0.2203004488034018,63
3762,6,7623,2991,4632,0,0,0,1.0,1,1.0,1,1.0,1,0.1610285053639362,65
3763,3,7626,2992,4634,0,0,0,1.0,1,1.0,1,1.0,1,0.17068514161470963,65
3764,3,7629,2992,4637,0,0,0,1.0,1,1.0,1,1.0,1,0.14465777273973396,66
3765,2,7631,2992,4639,0,0,0,1.0,1,1.0,1,1.0,1,0.16893186711832056,67
3766,2,7633,2993,4640,0,0,0,1.0,1,1.0,1,1.0,1,0.17197707746604643,67
3767,2,7635,2994,4641,0,0,0,1.0,1,1.0,1,1.0,1,0.17228108457332,68
3768,7,7642,2997,4645,0,0,0,1.0,1,1.0,1,1.0,1,0.21804474891190623,67
3769,5,7647,2997,4650,0,0,0,1.0,1,1.0,1,1.0,1,0.20795504430792072,69
3770,2,7649,2997,4652,0,0,0,1.0,1,1.0,1,1.0,1,0.225764965205566,69
3771,3,7652,2997,4655,0,0,0,1.0,1,1.0,1,1.0,1,0.22557369437661345,69
3772,6,7658,2997,4661,0,0,0,1.0,1,1.0,1,1.0,1,0.2034656563134143,70
3773,5,7663,2997,4666,0,0,0,1.0,1,1.0,1,1.0,1,0.17029058314942758,68
3774,4,7667,2997,4670,0,0,0,1.0,1,1.0,1,1.0,1,0.1440205336191615,68
3775,5,7672,2998,4674,0,0,0,1.0,1,1.0,1,1.0,1,0.17644295826256476,68
3776,2,7674,2998,4676,0,0,0,1.0,1,1.0,1,1.0,1,0.18132935671511471,66
3777,3,7677,3000,4677,0,0,0,1.0,1,1.0,1,1.0,1,0.16170758669606272,65
3778,1,7678,3001,4677,0,0,0,1.0,1,1.0,1,1.0,1,0.14678652446308213,65
3779,2,7680,3003,4677,0,0,0,1.0,1,1.0,1,1.0,1,0.16010115195876853,65
3780,3,7683,3005,4678,0,0,0,1.0,1,1.0,1,1.0,1,0.15539243804370292,64
3781,1,7684,3005,4679,0,0,0,1.0,1,1.0,1,1.0,1,0.14501138247401105,64
3782,4,7688,3006,4682,0,0,0,1.0,1,1.0,1,1.0,1,0.14526195654792898,67
3783,1,7689,3007,4682,0,0,0,1.0,1,1.0,1,1.0,1,0.14804962446981498,65
3784,3,7692,3009,4683,0,0,0,1.0,1,1.0,1,1.0,1,0.17605233330528425,65
3785,2,7694,3011,4683,0,0,0,1.0,1,1.0,1,1.0,1,0.20415306373950098,63
3786,3,7697,3011,4686,0,0,0,1.0,1,1.0,1,1.0,1,0.19496501413612863,66
3787,1,7698,3012,4686,0,0,0,1.0,1,1.0,1,1.0,1,0.21955902365082136,65
3788,0,7698,3012,4686,0,0,0,1.0,1,1.0,1,1.0,1,0.21955902365082136,65
3789,3,7701,3014,4687,0,0,0,1.0,1,1.0,1,1.0,1,0.2338980683052932,65
3790,4,7705,3014,4691,0,0,0,1.0,1,1.0,1,1.0,1,0.20477828482955573,64
3791,2,7707,3016,4691,0,0,0,1.0,1,1.0,1,1.0,1,0.21792077513498875,64
3792,2,7709,3018,4691,0,0,0,1.0,1,1.0,1,1.0,1,0.24153531983674129,65
3793,1,7710,3018,4692,0,0,0,1.0,1,1.0,1,1.0,1,0.25802033032106686,68
3794,5,7715,3020,4695,0,0,0,1.0,1,1.0,1,1.0,1,0.2400618381019899,68
3795,1,7716,3021,4695,0,0,0,1.0,1,1.0,1,1.0,1,0.25585172629671893,69
3796,2,7718,3022,4696,0,0,0,1.0,1,1.0,1,1.0,1,0.24140956194206328,69
3797,6,7724,3023,4701,0,0,0,1.0,1,1.0,1,1.0,1,0.2459802935457629,70
3798,2,7726,3023,4703,0,0,0,1.0,1,1.0,1,1.0,1,0.24535828133377535,70
3799,2,7728,3023,4705,0,0,0,1.0,1,1.0,1,1.0,1,0.25826292439368315,69
3800,1,7729,3023,4706,0,0,0,1.0,1,1.0,1,1.0,1,0.2503570357192901,69
3801,6,7735,3023,4712,0,0,0,1.0,1,1.0,1,1.0,1,0.17318192096842852,67
3802,2,7737,3023,4714,0,0,0,1.0,1,1.0,1,1.0,1,0.15622786753607712,67
3803,4,7741,3025,4716,0,0,0,1.0,1,1.0,1,1.0,1,0.15991922632911232,69
3804,4,7745,3025,4720,0,0,0,1.0,1,1.0,1,1.0,1,0.16525986665567644,70
3805,2,7747,3026,4721,0,0,0,1.0,1,1.0,1,1.0,1,0.18455922312918208,71
3806,1,7748,3027,4721,0,0,0,1.0,1,1.0,1,1.0,1,0.18656871015944573,71
3807,1,7749,3028,4721,0,0,0,1.0,1,1.0,1,1.0,1,0.21217092670908125,72
3808,0,7749,3028,4721,0,0,0,1.0,1,1.0,1,1.0,1,0.21217092670908125,72
3809,1,7750,3029,4721,0,0,0,1.0,1,1.0,1,1.0,1,0.2222750687115353,72
3810,1,7751,3030,4721,0,0,0,1.0,1,1.0,1,1.0,1,0.24702376726917355,72
3811,3,7754,3030,4724,0,0,0,1.0,1,1.0,1,1.0,1,0.2105358479925448,71
3812,2,7756,3030,4726,0,0,0,1.0,1,1.0,1,1.0,1,0.21770070385384682,72
3813,5,7761,3031,4730,0,0,0,1.0,1,1.0,1,1.0,1,0.25459521792676454,71
3814,4,7765,3032,4733,0,0,0,1.0,1,1.0,1,1.0,1,0.272714357618329,72
3815,2,7767,3032,4735,0,0,0,1.0,1,1.0,1,1.0,1,0.24534007990996032,71
3816,2,7769,3032,4737,0,0,0,1.0,1,1.0,1,1.0,1,0.2577348972279227,69
3817,2,7771,3032,4739,0,0,0,1.0,1,1.0,1,1.0,1,0.25651264131205787,72
3818,5,7776,3033,4743,0,0,0,1.0,1,1.0,1,1.0,1,0.25545613303274706,72
3819,5,7781,3034,4747,0,0,0,1.0,1,1.0,1,1.0,1,0.26374776239130526,72
3820,3,7784,3035,4749,0,0,0,1.0,1,1.0,1,1.0,1,0.29487497214145164,72
3821,8,7792,3037,4755,0,0,0,1.0,1,1.0,1,1.0,1,0.271146697953406,72
3822,6,7798,3039,4759,0,0,0,1.0,1,1.0,1,1.0,1,0.2515684721665066,69
3823,3,7801,3040,4761,0,0,0,1.0,1,1.0,1,1.0,1,0.2360941633349109,69
3824,1,7802,3041,4761,0,0,0,1.0,1,1.0,1,1.0,1,0.2561892836668825,65
3825,0,7802,3041,4761,0,0,0,1.0,1,1.0,1,1.0,1,0.25682779760899643,64
3826,2,7804,3041,4763,0,0,0,1.0,1,1.0,1,1.0,1,0.2506848075015919,65
3827,2,7806,3042,4764,0,0,0,1.0,1,1.0,1,1.0,1,0.24397257573565473,64
3828,0,7806,3042,4764,0,0,0,1.0,1,1.0,1,1.0,1,0.23115243451806686,65
3829,2,7808,3044,4764,0,0,0,1.0,1,1.0,1,1.0,1,0.2443919237522365,65
3830,0,7808,3044,4764,0,0,0,1.0,1,1.0,1,1.0,1,0.24472854781245815,64
3831,3,7811,3046,4765,0,0,0,1.0,1,1.0,1,1.0,1,0.25305519553731864,63
3832,2,7813,3047,4766,0,0,0,1.0,1,1.0,1,1.0,1,0.2776817072763211,64
3833,1,7814,3048,4766,0,0,0,1.0,1,1.0,1,1.0,1,0.28034867914119393,64
3834,2,7816,3049,4767,0,0,0,1.0,1,1.0,1,1.0,1,0.2955889572705843,63
3835,3,7819,3050,4769,0,0,0,1.0,1,1.0,1,1.0,1,0.30388229717229176,63
3836,1,7820,3051,4769,0,0,0,1.0,1,1.0,1,1.0,1,0.3071934283425614,63
3837,2,7822,3053,4769,0,0,0,1.0,1,1.0,1,1.0,1,0.3390377974802918,62
3838,2,7824,3054,4770,0,0,0,1.0,1,1.0,1,1.0,1,0.33879288340523117,62
3839,1,7825,3055,4770,0,0,0,1.0,1,1.0,1,1.0,1,0.3871222545169441,60
3840,2,7827,3055,4772,0,0,0,1.0,1,1.0,1,1.0,1,0.3903050100138642,62
3841,15,7842,3056,4786,0,0,0,1.0,1,1.0,1,1.0,1,0.29866694343012923,62
3842,5,7847,3056,4791,0,0,0,1.0,1,1.0,1,1.0,1,0.26008758361312106,63
3843,4,7851,3056,4795,0,0,0,1.0,1,1.0,1,1.0,1,0.2392930710261154,64
3844,2,7853,3056,4797,0,0,0,1.0,1,1.0,1,1.0,1,0.21736726702536271,65
3845,5,7858,3056,4802,0,0,0,1.0,1,1.0,1,1.0,1,0.21972843959427643,66
3846,5,7863,3056,4807,0,0,0,1.0,1,1.0,1,1.0,1,0.20860008442101305,67
3847,5,7868,3058,4810,0,0,0,1.0,1,1.0,1,1.0,1,0.19698160528505587,67
3848,3,7871,3058,4813,0,0,0,1.0,1,1.0,1,1.0,1,0.19478511466568402,67
3849,5,7876,3059,4817,0,0,0,1.0,1,1.0,1,1.0,1,0.18953443783589538,67
3850,7,7883,3061,4822,0,0,0,1.0,1,1.0,1,1.0,1,0.21787350773774192,68
3851,2,7885,3062,4823,0,0,0,1.0,1,1.0,1,1.0,1,0.20502404694348147,68
3852,1,7886,3062,4824,0,0,0,1.0,1,1.0,1,1.0,1,0.216919481993018,70
3853,4,7890,3063,4827,0,0,0,1.0,1,1.0,1,1.0,1,0.21410906755757422,70
3854,1,7891,3063,4828,0,0,0,1.0,1,1.0,1,1.0,1,0.22474498668051326,70
3855,2,7893,3064,4829,0,0,0,1.0,1,1.0,1,1.0,1,0.2350229570012913,69
3856,2,7895,3064,4831,0,0,0,1.0,1,1.0,1,1.0,1,0.22241454596664978,70
3857,2,7897,3065,4832,0,0,0,1.0,1,1.0,1,1.0,1,0.26434640552190963,68
3858,3,7900,3066,4834,0,0,0,1.0,1,1.0,1,1.0,1,0.23870034998098963,67
3859,3,7903,3066,4837,0,0,0,1.0,1,1.0,1,1.0,1,0.23963919198763428,66
3860,4,7907,3066,4841,0,0,0,1.0,1,1.0,1,1.0,1,0.24797155473177387,66
3861,4,7911,3066,4845,0,0,0,1.0,1,1.0,1,1.0,1,0.2164170655983737,66
3862,6,7917,3070,4847,0,0,0,1.0,1,1.0,1,1.0,1,0.20913823397992268,66
3863,0,7917,3070,4847,0,0,0,1.0,1,1.0,1,1.0,1,0.2025158490218355,63
3864,1,7918,3071,4847,0,0,0,1.0,1,1.0,1,1.0,1,0.20472283599883287,63
3865,2,7920,3073,4847,0,0,0,1.0,1,1.0,1,1.0,1,0.21788038000706472,61
3866,0,7920,3073,4847,0,0,0,1.0,1,1.0,1,1.0,1,0.210923254532984,61
3867,0,7920,3073,4847,0,0,0,1.0,1,1.0,1,1.0,1,0.20803684857336183,60
3868,0,7920,3073,4847,0,0,0,1.0,1,1.0,1,1.0,1,0.19936030873710078,59
3869,2,7922,3075,4847,0,0,0,1.0,1,1.0,1,1.0,1,0.19027291722307718,61
3870,0,7922,3075,4847,0,0,0,1.0,1,1.0,1,1.0,1,0.20152295946621462,61
3871,2,7924,3075,4849,0,0,0,1.0,1,1.0,1,1.0,1,0.19747095947404272,64
3872,1,7925,3076,4849,0,0,0,1.0,1,1.0,1,1.0,1,0.2183166273319666,63
3873,0,7925,3076,4849,0,0,0,1.0,1,1.0,1,1.0,1,0.2221978862333854,62
3874,0,7925,3076,4849,0,0,0,1.0,1,1.0,1,1.0,1,0.21934429605362474,63
3875,2,7927,3078,4849,0,0,0,1.0,1,1.0,1,1.0,1,0.2420717779011557,61
3876,0,7927,3078,4849,0,0,0,1.0,1,1.0,1,1.0,1,0.2347979683668356,62
3877,6,7933,3080,4853,0,0,0,1.0,1,1.0,1,1.0,1,0.2725239886575336,63
3878,0,7933,3080,4853,0,0,0,1.0,1,1.0,1,1.0,1,0.2725239886575336,63
3879,1,7934,3081,4853,0,0,0,1.0,1,1.0,1,1.0,1,0.28530505073164725,63
3880,0,7934,3081,4853,0,0,0,1.0,1,1.0,1,1.0,1,0.2691926521050503,65
3881,13,7947,3082,4865,0,0,0,1.0,1,1.0,1,1.0,1,0.1532352915294161,65
3882,3,7950,3084,4866,0,0,0,1.0,1,1.0,1,1.0,1,0.16869312360191255,66
3883,4,7954,3085,4869,0,0,0,1.0,1,1.0,1,1.0,1,0.15929364254150577,66
3884,3,7957,3086,4871,0,0,0,1.0,1,1.0,1,1.0,1,0.17930204576907294,66
3885,2,7959,3086,4873,0,0,0,1.0,1,1.0,1,1.0,1,0.17930204576907294,66
3886,5,7964,3088,4876,0,0,0,1.0,1,1.0,1,1.0,1,0.20657146159809245,65
3887,6,7970,3088,4882,0,0,0,1.0,1,1.0,1,1.0,1,0.2301138009200696,65
3888,3,7973,3088,4885,0,0,0,1.0,1,1.0,1,1.0,1,0.2339466191668077,66
3889,5,7978,3089,4889,0,0,0,1.0,1,1.0,1,1.0,1,0.22601706206730784,64
3890,5,7983,3090,4893,0,0,0,1.0,1,1.0,1,1.0,1,0.2497252242273187,63
3891,7,7990,3090,4900,0,0,0,1.0,1,1.0,1,1.0,1,0.24764978332859286,66
3892,4,7994,3090,4904,0,0,0,1.0,1,1.0,1,1.0,1,0.2347407161748863,67
3893,5,7999,3090,4909,0,0,0,1.0,1,1.0,1,1.0,1,0.2526571366455089,66
3894,12,8011,3090,4921,0,0,0,1.0,1,1.0,1,1.0,1,0.2626406048964056,67
3895,10,8021,3090,4931,0,0,0,1.0,1,1.0,1,1.0,1,0.26375911612963204,66
3896,9,8030,3091,4939,0,0,0,1.0,1,1.0,1,1.0,1,0.25196953210104905,66
3897,8,8038,3091,4947,0,0,0,1.0,1,1.0,1,1.0,1,0.23650524169945478,65
3898,14,8052,3093,4959,0,0,0,1.0,1,1.0,1,1.0,1,0.25644003395806475,65
3899,8,8060,3095,4965,0,0,0,1.0,1,1.0,1,1.0,1,0.33003727568518204,64
3900,13,8073,3095,4978,0,0,0,1.0,1,1.0,1,1.0,1,0.35387320727309046,63
3901,12,8085,3098,4987,0,0,0,1.0,1,1.0,1,1.0,1,0.27387531459569775,63
3902,4,8089,3098,4991,0,0,0,1.0,1,1.0,1,1.0,1,0.25950128762002395,64
3903,4,8093,3100,4993,0,0,0,1.0,1,1.0,1,1.0,1,0.24033058321974168,64
3904,3,8096,3103,4993,0,0,0,1.0,1,1.0,1,1.0,1,0.21696178279540068,63
3905,1,8097,3103,4994,0,0,0,1.0,1,1.0,1,1.0,1,0.21086136380193174,63
3906,3,8100,3105,4995,0,0,0,1.0,1,1.0,1,1.0,1,0.20294765663590109,64
3907,2,8102,3106,4996,0,0,0,1.0,1,1.0,1,1.0,1,0.2261303103168638,64
3908,3,8105,3107,4998,0,0,0,1.0,1,1.0,1,1.0,1,0.2163911443122627,63
3909,1,8106,3108,4998,0,0,0,1.0,1,1.0,1,1.0,1,0.21440634762594124,62
3910,1,8107,3108,4999,0,0,0,1.0,1,1.0,1,1.0,1,0.2272991770965356,62
3911,3,8110,3109,5001,0,0,0,1.0,1,1.0,1,1.0,1,0.25471611650034215,64
3912,2,8112,3109,5003,0,0,0,1.0,1,1.0,1,1.0,1,0.2367779367043596,64
3913,3,8115,3109,5006,0,0,0,1.0,1,1.0,1,1.0,1,0.22143510275414963,65
3914,2,8117,3109,5008,0,0,0,1.0,1,1.0,1,1.0,1,0.24906180868681208,65
3915,1,8118,3109,5009,0,0,0,1.0,1,1.0,1,1.0,1,0.24881037453141536,66
3916,3,8121,3109,5012,0,0,0,1.0,1,1.0,1,1.0,1,0.23613641903175506,66
3917,2,8123,3109,5014,0,0,0,1.0,1,1.0,1,1.0,1,0.23613641903175506,66
3918,3,8126,3109,5017,0,0,0,1.0,1,1.0,1,1.0,1,0.2341915096794825,67
3919,3,8129,3110,5019,0,0,0,1.0,1,1.0,1,1.0,1,0.2147740578317277,68
3920,1,8130,3110,5020,0,0,0,1.0,1,1.0,1,1.0,1,0.20963784306636404,69
3921,7,8137,3111,5026,0,0,0,1.0,1,1.0,1,1.0,1,0.17825640587706418,68
3922,4,8141,3114,5027,0,0,0,1.0,1,1.0,1,1.0,1,0.19586220629357032,68
3923,1,8142,3114,5028,0,0,0,1.0,1,1.0,1,1.0,1,0.19928192191679656,69
3924,1,8143,3114,5029,0,0,0,1.0,1,1.0,1,1.0,1,0.2159675979700103,69
3925,4,8147,3115,5032,0,0,0,1.0,1,1.0,1,1.0,1,0.22203547839844726,67
3926,1,8148,3115,5033,0,0,0,1.0,1,1.0,1,1.0,1,0.24648386346961737,67
3927,4,8152,3115,5037,0,0,0,1.0,1,1.0,1,1.0,1,0.26607006984923526,65
3928,3,8155,3116,5039,0,0,0,1.0,1,1.0,1,1.0,1,0.27225983213059946,65
3929,5,8160,3119,5041,0,0,0,1.0,1,1.0,1,1.0,1,0.2230949256702191,64
3930,0,8160,3119,5041,0,0,0,1.0,1,1.0,1,1.0,1,0.21631415986772096,64
3931,2,8162,3121,5041,0,0,0,1.0,1,1.0,1,1.0,1,0.22255435111980507,62
3932,1,8163,3122,5041,0,0,0,1.0,1,1.0,1,1.0,1,0.22422243901939706,62
3933,1,8164,3123,5041,0,0,0,1.0,1,1.0,1,1.0,1,0.2147628444743151,62
3934,1,8165,3124,5041,0,0,0,1.0,1,1.0,1,1.0,1,0.21796402379013616,61
3935,1,8166,3124,5042,0,0,0,1.0,1,1.0,1,1.0,1,0.21002953653710543,64
3936,0,8166,3124,5042,0,0,0,1.0,1,1.0,1,1.0,1,0.2184084101296178,65
3937,0,8166,3124,5042,0,0,0,1.0,1,1.0,1,1.0,1,0.21461802100057056,66
3938,0,8166,3124,5042,0,0,0,1.0,1,1.0,1,1.0,1,0.21461802100057056,66
3939,1,8167,3124,5043,0,0,0,1.0,1,1.0,1,1.0,1,0.216734737703207,67
3940,4,8171,3125,5046,0,0,0,1.0,1,1.0,1,1.0,1,0.22408674633330986,69
3941,2,8173,3125,5048,0,0,0,1.0,1,1.0,1,1.0,1,0.20090493862541137,69
3942,2,8175,3127,5048,0,0,0,1.0,1,1.0,1,1.0,1,0.22567806192490367,69
3943,3,8178,3128,5050,0,0,0,1.0,1,1.0,1,1.0,1,0.1959425848860821,68
3944,0,8178,3128,5050,0,0,0,1.0,1,1.0,1,1.0,1,0.2053937400536147,68
3945,2,8180,3130,5050,0,0,0,1.0,1,1.0,1,1.0,1,0.22217352697568302,67
3946,5,8185,3132,5053,0,0,0,1.0,1,1.0,1,1.0,1,0.19344794061313952,67
3947,0,8185,3132,5053,0,0,0,1.0,1,1.0,1,1.0,1,0.19759424831786793,66
3948,1,8186,3132,5054,0,0,0,1.0,1,1.0,1,1.0,1,0.2019410477187131,67
3949,5,8191,3137,5054,0,0,0,1.0,1,1.0,1,1.0,1,0.2776834793270045,66
3950,3,8194,3139,5055,0,0,0,1.0,1,1.0,1,1.0,1,0.28469381115222736,65
3951,1,8195,3139,5056,0,0,0,1.0,1,1.0,1,1.0,1,0.2721968889617544,65
3952,3,8198,3142,5056,0,0,0,1.0,1,1.0,1,1.0,1,0.26077239502877414,65
3953,1,8199,3143,5056,0,0,0,1.0,1,1.0,1,1.0,1,0.2789177648157444,65
3954,1,8200,3144,5056,0,0,0,1.0,1,1.0,1,1.0,1,0.28957665905065516,64
3955,4,8204,3145,5059,0,0,0,1.0,1,1.0,1,1.0,1,0.2820169866166587,64
3956,2,8206,3147,5059,0,0,0,1.0,1,1.0,1,1.0,1,0.2758853361273334,63
3957,1,8207,3147,5060,0,0,0,1.0,1,1.0,1,1.0,1,0.27350236237034753,63
3958,1,8208,3148,5060,0,0,0,1.0,1,1.0,1,1.0,1,0.2996741503820382,63
3959,2,8210,3149,5061,0,0,0,1.0,1,1.0,1,1.0,1,0.29081759217894176,62
3960,0,8210,3149,5061,0,0,0,1.0,1,1.0,1,1.0,1,0.29081759217894176,62
3961,10,8220,3150,5070,0,0,0,1.0,1,1.0,1,1.0,1,0.1903055484533631,64
3962,0,8220,3150,5070,0,0,0,1.0,1,1.0,1,1.0,1,0.1903055484533631,64
3963,2,8222,3151,5071,0,0,0,1.0,1,1.0,1,1.0,1,0.1907583170349429,62
3964,3,8225,3152,5073,0,0,0,1.0,1,1.0,1,1.0,1,0.18009932487203872,63
3965,4,8229,3152,5077,0,0,0,1.0,1,1.0,1,1.0,1,0.1660138541200005,63
3966,4,8233,3152,5081,0,0,0,1.0,1,1.0,1,1.0,1,0.17355697867153355,62
3967,7,8240,3152,5088,0,0,0,1.0,1,1.0,1,1.0,1,0.18983134265013119,64
3968,4,8244,3153,5091,0,0,0,1.0,1,1.0,1,1.0,1,0.21225013954829564,63
3969,4,8248,3153,5095,0,0,0,1.0,1,1.0,1,1.0,1,0.19774397541135955,63
3970,4,8252,3153,5099,0,0,0,1.0,1,1.0,1,1.0,1,0.1962732920203851,65
3971,3,8255,3153,5102,0,0,0,1.0,1,1.0,1,1.0,1,0.19018885554773413,65
3972,4,8259,3154,5105,0,0,0,1.0,1,1.0,1,1.0,1,0.2059485843088537,66
3973,3,8262,3154,5108,0,0,0,1.0,1,1.0,1,1.0,1,0.1935010740188786,66
3974,8,8270,3157,5113,0,0,0,1.0,1,1.0,1,1.0,1,0.22419043993896628,66
3975,9,8279,3159,5120,0,0,0,1.0,1,1.0,1,1.0,1,0.23511038381206126,66
3976,3,8282,3159,5123,0,0,0,1.0,1,1.0,1,1.0,1,0.25296204238698555,66
3977,8,8290,3160,5130,0,0,0,1.0,1,1.0,1,1.0,1,0.2792603407565833,64
3978,7,8297,3163,5134,0,0,0,1.0,1,1.0,1,1.0,1,0.3087066743048116,63
3979,8,8305,3163,5142,0,0,0,1.0,1,1.0,1,1.0,1,0.33470760286002776,63
3980,3,8308,3164,5144,0,0,0,1.0,1,1.0,1,1.0,1,0.3374496902800066,63
3981,10,8318,3164,5154,0,0,0,1.0,1,1.0,1,1.0,1,0.2759687884959255,64
3982,3,8321,3164,5157,0,0,0,1.0,1,1.0,1,1.0,1,0.2333505849729888,65
3983,0,8321,3164,5157,0,0,0,1.0,1,1.0,1,1.0,1,0.23539900766293345,64
3984,1,8322,3164,5158,0,0,0,1.0,1,1.0,1,1.0,1,0.23218567992743366,65
3985,5,8327,3168,5159,0,0,0,1.0,1,1.0,1,1.0,1,0.25187310477667424,64
3986,2,8329,3170,5159,0,0,0,1.0,1,1.0,1,1.0,1,0.25403183537144397,63
3987,2,8331,3172,5159,0,0,0,1.0,1,1.0,1,1.0,1,0.2877389591156081,63
3988,4,8335,3173,5162,0,0,0,1.0,1,1.0,1,1.0,1,0.24494428454743905,63
3989,4,8339,3175,5164,0,0,0,1.0,1,1.0,1,1.0,1,0.2673162593971249,63
3990,3,8342,3176,5166,0,0,0,1.0,1,1.0,1,1.0,1,0.3077622671085983,62
3991,2,8344,3176,5168,0,0,0,1.0,1,1.0,1,1.0,1,0.2928284896042322,62
3992,4,8348,3176,5172,0,0,0,1.0,1,1.0,1,1.0,1,0.29147895107782884,65
3993,3,8351,3176,5175,0,0,0,1.0,1,1.0,1,1.0,1,0.274201405664705,65
3994,2,8353,3176,5177,0,0,0,1.0,1,1.0,1,1.0,1,0.2749128577652398,64
3995,1,8354,3176,5178,0,0,0,1.0,1,1.0,1,1.0,1,0.24668342187709896,64
3996,2,8356,3176,5180,0,0,0,1.0,1,1.0,1,1.0,1,0.22577909886870198,67
3997,0,8356,3176,5180,0,0,0,1.0,1,1.0,1,1.0,1,0.2152271027158943,69
3998,2,8358,3177,5181,0,0,0,1.0,1,1.0,1,1.0,1,0.22012986957736608,69
3999,1,8359,3178,5181,0,0,0,1.0,1,1.0,1,1.0,1,0.23478799034293785,69
4000,1,8360,3178,5182,0,0,0,1.0,1,1.0,1,1.0,1,0.22502639356034315,69
4001,8,8368,3178,5190,0,0,0,1.0,1,1.0,1,1.0,1,0.1329286910194622,68
4002,6,8374,3180,5194,0,0,0,1.0,1,1.0,1,1.0,1,0.1519426469206299,68
4003,2,8376,3181,5195,0,0,0,1.0,1,1.0,1,1.0,1,0.1569152436386592,68
4004,1,8377,3181,5196,0,0,0,1.0,1,1.0,1,1.0,1,0.14267159651403513,67
4005,1,8378,3181,5197,0,0,0,1.0,1,1.0,1,1.0,1,0.13641560130334282,67
4006,5,8383,3183,5200,0,0,0,1.0,1,1.0,1,1.0,1,0.176178235837077,67
4007,6,8389,3185,5204,0,0,0,1.0,1,1.0,1,1.0,1,0.1874907436739088,67
4008,9,8398,3188,5210,0,0,0,1.0,1,1.0,1,1.0,1,0.23565172464463247,67
4009,2,8400,3188,5212,0,0,0,1.0,1,1.0,1,1.0,1,0.25192222756183463,67
4010,4,8404,3188,5216,0,0,0,1.0,1,1.0,1,1.0,1,0.26304873658171823,66
4011,2,8406,3188,5218,0,0,0,1.0,1,1.0,1,1.0,1,0.2492629103886882,66
4012,6,8412,3188,5224,0,0,0,1.0,1,1.0,1,1.0,1,0.2546665717547888,66
4013,3,8415,3188,5227,0,0,0,1.0,1,1.0,1,1.0,1,0.2614196294283449,66
4014,6,8421,3188,5233,0,0,0,1.0,1,1.0,1,1.0,1,0.2614196294283449,66
4015,6,8427,3188,5239,0,0,0,1.0,1,1.0,1,1.0,1,0.2864193919532017,64
4016,5,8432,3189,5243,0,0,0,1.0,1,1.0,1,1.0,1,0.31937408438173387,64
4017,9,8441,3190,5251,0,0,0,1.0,1,1.0,1,1.0,1,0.30872456359648304,66
4018,7,8448,3190,5258,0,0,0,1.0,1,1.0,1,1.0,1,0.3053799213634473,67
4019,5,8453,3192,5261,0,0,0,1.0,1,1.0,1,1.0,1,0.3377894590974603,67
4020,3,8456,3192,5264,0,0,0,1.0,1,1.0,1,1.0,1,0.3428075924143914,66
4021,7,8463,3193,5270,0,0,0,1.0,1,1.0,1,1.0,1,0.25463928439621486,66
4022,1,8464,3194,5270,0,0,0,1.0,1,1.0,1,1.0,1,0.27128296754478154,66
4023,1,8465,3194,5271,0,0,0,1.0,1,1.0,1,1.0,1,0.25304404627606786,66
4024,4,8469,3197,5272,0,0,0,1.0,1,1.0,1,1.0,1,0.27115983767220525,66
4025,0,8469,3197,5272,0,0,0,1.0,1,1.0,1,1.0,1,0.25954251378694115,66
4026,4,8473,3199,5274,0,0,0,1.0,1,1.0,1,1.0,1,0.27062795908181236,66
4027,3,8476,3201,5275,0,0,0,1.0,1,1.0,1,1.0,1,0.23944345470271763,64
4028,8,8484,3206,5278,0,0,0,1.0,1,1.0,1,1.0,1,0.2697079323145621,63
4029,1,8485,3206,5279,0,0,0,1.0,1,1.0,1,1.0,1,0.2530301144581883,62
4030,1,8486,3207,5279,0,0,0,1.0,1,1.0,1,1.0,1,0.26903449032262833,63
4031,2,8488,3207,5281,0,0,0,1.0,1,1.0,1,1.0,1,0.26594239334208497,62
4032,4,8492,3209,5283,0,0,0,1.0,1,1.0,1,1.0,1,0.28028600584296365,62
4033,2,8494,3210,5284,0,0,0,1.0,1,1.0,1,1.0,1,0.29086078358441,61
4034,3,8497,3212,5285,0,0,0,1.0,1,1.0,1,1.0,1,0.2668359334544708,60
4035,1,8498,3212,5286,0,0,0,1.0,1,1.0,1,1.0,1,0.29092826236853125,59
4036,5,8503,3215,5288,0,0,0,1.0,1,1.0,1,1.0,1,0.2673453072754269,58
4037,1,8504,3216,5288,0,0,0,1.0,1,1.0,1,1.0,1,0.2568922575667032,59
4038,1,8505,3217,5288,0,0,0,1.0,1,1.0,1,1.0,1,0.27042209714345355,58
4039,3,8508,3219,5289,0,0,0,1.0,1,1.0,1,1.0,1,0.3305764847587829,56
4040,0,8508,3219,5289,0,0,0,1.0,1,1.0,1,1.0,1,0.32834764696466734,55
4041,6,8514,3220,5294,0,0,0,1.0,1,1.0,1,1.0,1,0.3115231537419172,54
4042,3,8517,3221,5296,0,0,0,1.0,1,1.0,1,1.0,1,0.3122548201822761,56
4043,3,8520,3222,5298,0,0,0,1.0,1,1.0,1,1.0,1,0.33325021060496335,56
4044,2,8522,3223,5299,0,0,0,1.0,1,1.0,1,1.0,1,0.347080513280205,56
4045,4,8526,3224,5302,0,0,0,1.0,1,1.0,1,1.0,1,0.3359897710016366,57
4046,3,8529,3224,5305,0,0,0,1.0,1,1.0,1,1.0,1,0.3875510646404613,59
4047,6,8535,3225,5310,0,0,0,1.0,1,1.0,1,1.0,1,0.4006504290876908,59
4048,3,8538,3226,5312,0,0,0,1.0,1,1.0,1,1.0,1,0.40148955973935213,59
4049,2,8540,3226,5314,0,0,0,1.0,1,1.0,1,1.0,1,0.40758190799996113,60
4050,2,8542,3226,5316,0,0,0,1.0,1,1.0,1,1.0,1,0.3926280614073208,60
4051,2,8544,3226,5318,0,0,0,1.0,1,1.0,1,1.0,1,0.40758190799996113,60
4052,4,8548,3226,5322,0,0,0,1.0,1,1.0,1,1.0,1,0.40758190799996113,60
4053,2,8550,3226,5324,0,0,0,1.0,1,1.0,1,1.0,1,0.3926280614073208,60
4054,3,8553,3227,5326,0,0,0,1.0,1,1.0,1,1.0,1,0.4074445059523703,61
4055,5,8558,3227,5331,0,0,0,1.0,1,1.0,1,1.0,1,0.3939179162316746,61
4056,6,8564,3227,5337,0,0,0,1.0,1,1.0,1,1.0,1,0.3948642575452676,62
4057,5,8569,3227,5342,0,0,0,1.0,1,1.0,1,1.0,1,0.39289436828191765,63
4058,5,8574,3227,5347,0,0,0,1.0,1,1.0,1,1.0,1,0.406806533033379,64
4059,3,8577,3227,5350,0,0,0,1.0,1,1.0,1,1.0,1,0.409609740426583,63
4060,8,8585,3228,5357,0,0,0,1.0,1,1.0,1,1.0,1,0.41214403547382866,63
4061,7,8592,3228,5364,0,0,0,1.0,1,1.0,1,1.0,1,0.36132742017534186,63
4062,0,8592,3228,5364,0,0,0,1.0,1,1.0,1,1.0,1,0.35161420166066026,65
4063,1,8593,3229,5364,0,0,0,1.0,1,1.0,1,1.0,1,0.34338690585468246,64
4064,3,8596,3230,5366,0,0,0,1.0,1,1.0,1,1.0,1,0.3261048277541686,65
4065,2,8598,3231,5367,0,0,0,1.0,1,1.0,1,1.0,1,0.3111362700965951,64
4066,5,8603,3233,5370,0,0,0,1.0,1,1.0,1,1.0,1,0.3002566095098211,64
4067,6,8609,3235,5374,0,0,0,1.0,1,1.0,1,1.0,1,0.29913141080880157,63
4068,3,8612,3236,5376,0,0,0,1.0,1,1.0,1,1.0,1,0.281201601782339,64
4069,7,8619,3240,5379,0,0,0,1.0,1,1.0,1,1.0,1,0.26184938746694203,62
4070,2,8621,3241,5380,0,0,0,1.0,1,1.0,1,1.0,1,0.24954849288330166,61
4071,6,8627,3245,5382,0,0,0,1.0,1,1.0,1,1.0,1,0.2928018918859816,61
4072,3,8630,3246,5384,0,0,0,1.0,1,1.0,1,1.0,1,0.28823795617323666,60
4073,0,8630,3246,5384,0,0,0,1.0,1,1.0,1,1.0,1,0.2889072162967487,60
4074,5,8635,3249,5386,0,0,0,1.0,1,1.0,1,1.0,1,0.29772503522774685,60
4075,1,8636,3249,5387,0,0,0,1.0,1,1.0,1,1.0,1,0.2663139963788981,59
4076,2,8638,3251,5387,0,0,0,1.0,1,1.0,1,1.0,1,0.28210847585924853,60
4077,4,8642,3254,5388,0,0,0,1.0,1,1.0,1,1.0,1,0.3130639394858606,61
4078,1,8643,3255,5388,0,0,0,1.0,1,1.0,1,1.0,1,0.3178520148952626,60
4079,1,8644,3255,5389,0,0,0,1.0,1,1.0,1,1.0,1,0.32669336573639274,58
4080,0,8644,3255,5389,0,0,0,1.0,1,1.0,1,1.0,1,0.3382737810476952,56
4081,5,8649,3255,5394,0,0,0,1.0,1,1.0,1,1.0,1,0.26071394069618065,56
4082,1,8650,3255,5395,0,0,0,1.0,1,1.0,1,1.0,1,0.26562667962275066,55
4083,1,8651,3256,5395,0,0,0,1.0,1,1.0,1,1.0,1,0.2828797686193087,55
4084,1,8652,3256,5396,0,0,0,1.0,1,1.0,1,1.0,1,0.27318207689858387,55
4085,2,8654,3256,5398,0,0,0,1.0,1,1.0,1,1.0,1,0.24343091329240435,56
4086,2,8656,3257,5399,0,0,0,1.0,1,1.0,1,1.0,1,0.23181559259598336,57
4087,0,8656,3257,5399,0,0,0,1.0,1,1.0,1,1.0,1,0.24955775295863375,57
4088,0,8656,3257,5399,0,0,0,1.0,1,1.0,1,1.0,1,0.2652238702658554,57
4089,0,8656,3257,5399,0,0,0,1.0,1,1.0,1,1.0,1,0.2958080889569318,56
4090,1,8657,3258,5399,0,0,0,1.0,1,1.0,1,1.0,1,0.305761193194086,56
4091,3,8660,3258,5402,0,0,0,1.0,1,1.0,1,1.0,1,0.277207072019914,56
4092,0,8660,3258,5402,0,0,0,1.0,1,1.0,1,1.0,1,0.28195321073525337,57
4093,4,8664,3260,5404,0,0,0,1.0,1,1.0,1,1.0,1,0.28171379343008046,58
4094,3,8667,3262,5405,0,0,0,1.0,1,1.0,1,1.0,1,0.29028794453556245,57
4095,1,8668,3263,5405,0,0,0,1.0,1,1.0,1,1.0,1,0.2971584555270952,57
4096,8,8676,3265,5411,0,0,0,1.0,1,1.0,1,1.0,1,0.2606742189367706,59
4097,4,8680,3265,5415,0,0,0,1.0,1,1.0,1,1.0,1,0.25582678434785644,59
4098,4,8684,3267,5417,0,0,0,1.0,1,1.0,1,1.0,1,0.2250151645075372,59
4099,4,8688,3269,5419,0,0,0,1.0,1,1.0,1,1.0,1,0.24990339321788813,60
4100,10,8698,3272,5426,0,0,0,1.0,1,1.0,1,1.0,1,0.24329500972150445,60
4101,7,8705,3274,5431,0,0,0,1.0,1,1.0,1,1.0,1,0.22953925636347064,60
4102,6,8711,3278,5433,0,0,0,1.0,1,1.0,1,1.0,1,0.18365242911337398,60
4103,0,8711,3278,5433,0,0,0,1.0,1,1.0,1,1.0,1,0.17273587650456096,58
4104,4,8715,3280,5435,0,0,0,1.0,1,1.0,1,1.0,1,0.20041099593084488,60
4105,1,8716,3281,5435,0,0,0,1.0,1,1.0,1,1.0,1,0.18993828487549808,59
4106,2,8718,3281,5437,0,0,0,1.0,1,1.0,1,1.0,1,0.1758489760388917,61
4107,0,8718,3281,5437,0,0,0,1.0,1,1.0,1,1.0,1,0.1872147735604682,59
4108,0,8718,3281,5437,0,0,0,1.0,1,1.0,1,1.0,1,0.18236370228509582,60
4109,2,8720,3282,5438,0,0,0,1.0,1,1.0,1,1.0,1,0.18190739261781058,59
4110,3,8723,3284,5439,0,0,0,1.0,1,1.0,1,1.0,1,0.19109483904529978,60
4111,0,8723,3284,5439,0,0,0,1.0,1,1.0,1,1.0,1,0.19794606483195792,61
4112,2,8725,3285,5440,0,0,0,1.0,1,1.0,1,1.0,1,0.20108146499821627,60
4113,5,8730,3286,5444,0,0,0,1.0,1,1.0,1,1.0,1,0.14585805250106662,61
4114,0,8730,3286,5444,0,0,0,1.0,1,1.0,1,1.0,1,0.14021589712166152,62
4115,1,8731,3287,5444,0,0,0,1.0,1,1.0,1,1.0,1,0.16203261699023744,60
4116,0,8731,3287,5444,0,0,0,1.0,1,1.0,1,1.0,1,0.16323991027046397,59
4117,2,8733,3288,5445,0,0,0,1.0,1,1.0,1,1.0,1,0.15102142235722696,56
4118,1,8734,3289,5445,0,0,0,1.0,1,1.0,1,1.0,1,0.1750282769764712,55
4119,1,8735,3290,5445,0,0,0,1.0,1,1.0,1,1.0,1,0.19133197636670385,53
4120,1,8736,3291,5445,0,0,0,1.0,1,1.0,1,1.0,1,0.20642089426934573,52
4121,4,8740,3295,5445,0,0,0,1.0,1,1.0,1,1.0,1,0.22854893264606585,53
4122,3,8743,3296,5447,0,0,0,1.0,1,1.0,1,1.0,1,0.20977545758774382,52
4123,2,8745,3298,5447,0,0,0,1.0,1,1.0,1,1.0,1,0.25341130963739994,51
4124,3,8748,3300,5448,0,0,0,1.0,1,1.0,1,1.0,1,0.30771956095968095,51
4125,0,8748,3300,5448,0,0,0,1.0,1,1.0,1,1.0,1,0.2995727624232607,50
4126,6,8754,3303,5451,0,0,0,1.0,1,1.0,1,1.0,1,0.25627752310955626,50
4127,1,8755,3303,5452,0,0,0,1.0,1,1.0,1,1.0,1,0.24309394838612405,49
4128,1,8756,3303,5453,0,0,0,1.0,1,1.0,1,1.0,1,0.22482330202392647,49
4129,0,8756,3303,5453,0,0,0,1.0,1,1.0,1,1.0,1,0.22482330202392647,49
4130,1,8757,3304,5453,0,0,0,1.0,1,1.0,1,1.0,1,0.21875490249509066,50
4131,1,8758,3305,5453,0,0,0,1.0,1,1.0,1,1.0,1,0.22611019867847976,50
4132,0,8758,3305,5453,0,0,0,1.0,1,1.0,1,1.0,1,0.22611019867847976,50
4133,1,8759,3305,5454,0,0,0,1.0,1,1.0,1,1.0,1,0.203631837331556,51
4134,0,8759,3305,5454,0,0,0,1.0,1,1.0,1,1.0,1,0.1941672032617913,53
4135,2,8761,3307,5454,0,0,0,1.0,1,1.0,1,1.0,1,0.17752243371061024,54
4136,1,8762,3307,5455,0,0,0,1.0,1,1.0,1,1.0,1,0.14723779593955044,54
4137,1,8763,3308,5455,0,0,0,1.0,1,1.0,1,1.0,1,0.15815520827777496,55
4138,0,8763,3308,5455,0,0,0,1.0,1,1.0,1,1.0,1,0.15581782692855525,54
4139,0,8763,3308,5455,0,0,0,1.0,1,1.0,1,1.0,1,0.15581782692855525,54
4140,2,8765,3310,5455,0,0,0,1.0,1,1.0,1,1.0,1,0.21109822796824265,55
4141,4,8769,3310,5459,0,0,0,1.0,1,1.0,1,1.0,1,0.16194421336905868,55
4142,4,8773,3311,5462,0,0,0,1.0,1,1.0,1,1.0,1,0.17948686823636478,55
4143,1,8774,3311,5463,0,0,0,1.0,1,1.0,1,1.0,1,0.1955704202867099,53
4144,3,8777,3312,5465,0,0,0,1.0,1,1.0,1,1.0,1,0.19220485850349134,52
4145,3,8780,3312,5468,0,0,0,1.0,1,1.0,1,1.0,1,0.17497459441182756,51
4146,3,8783,3315,5468,0,0,0,1.0,1,1.0,1,1.0,1,0.22349585589581542,51
4147,2,8785,3316,5469,0,0,0,1.0,1,1.0,1,1.0,1,0.2194208440653457,50
4148,0,8785,3316,5469,0,0,0,1.0,1,1.0,1,1.0,1,0.23752524156821814,52
4149,0,8785,3316,5469,0,0,0,1.0,1,1.0,1,1.0,1,0.2134929553461018,53
4150,3,8788,3318,5470,0,0,0,1.0,1,1.0,1,1.0,1,0.22675231394994266,53
4151,1,8789,3318,5471,0,0,0,1.0,1,1.0,1,1.0,1,0.23412965461518714,53
4152,2,8791,3320,5471,0,0,0,1.0,1,1.0,1,1.0,1,0.2032100837110613,54
4153,0,8791,3320,5471,0,0,0,1.0,1,1.0,1,1.0,1,0.23789765201534926,51
4154,0,8791,3320,5471,0,0,0,1.0,1,1.0,1,1.0,1,0.23789765201534926,51
4155,6,8797,3323,5474,0,0,0,1.0,1,1.0,1,1.0,1,0.3071213345273309,51
4156,8,8805,3325,5480,0,0,0,1.0,1,1.0,1,1.0,1,0.30623331018221056,52
4157,6,8811,3326,5485,0,0,0,1.0,1,1.0,1,1.0,1,0.3203550954438424,52
4158,4,8815,3326,5489,0,0,0,1.0,1,1.0,1,1.0,1,0.31068838540948807,52
4159,5,8820,3327,5493,0,0,0,1.0,1,1.0,1,1.0,1,0.2958964427252235,52
4160,0,8820,3327,5493,0,0,0,1.0,1,1.0,1,1.0,1,0.28878839349842716,50
4161,5,8825,3328,5497,0,0,0,1.0,1,1.0,1,1.0,1,0.20656420548603838,50
4162,1,8826,3329,5497,0,0,0,1.0,1,1.0,1,1.0,1,0.23811773017545848,51
4163,3,8829,3330,5499,0,0,0,1.0,1,1.0,1,1.0,1,0.2208508272480127,48
4164,2,8831,3332,5499,0,0,0,1.0,1,1.0,1,1.0,1,0.30046352952892513,50
4165,0,8831,3332,5499,0,0,0,1.0,1,1.0,1,1.0,1,0.28479002262502695,49
4166,1,8832,3332,5500,0,0,0,1.0,1,1.0,1,1.0,1,0.2897747036502796,50
4167,0,8832,3332,5500,0,0,0,1.0,1,1.0,1,1.0,1,0.2915343415559328,50
4168,1,8833,3332,5501,0,0,0,1.0,1,1.0,1,1.0,1,0.2786980833838712,50
4169,1,8834,3333,5501,0,0,0,1.0,1,1.0,1,1.0,1,0.2763463199828081,51
4170,1,8835,3334,5501,0,0,0,1.0,1,1.0,1,1.0,1,0.32018798091530304,50
4171,3,8838,3336,5502,0,0,0,1.0,1,1.0,1,1.0,1,0.30696856650753895,50
4172,1,8839,3336,5503,0,0,0,1.0,1,1.0,1,1.0,1,0.3269532123895091,49
4173,4,8843,3337,5506,0,0,0,1.0,1,1.0,1,1.0,1,0.3484440677263369,48
4174,2,8845,3337,5508,0,0,0,1.0,1,1.0,1,1.0,1,0.32412902015149336,48
4175,1,8846,3338,5508,0,0,0,1.0,1,1.0,1,1.0,1,0.3125413090396133,48
4176,1,8847,3339,5508,0,0,0,1.0,1,1.0,1,1.0,1,0.35845593611487003,50
4177,7,8854,3341,5513,0,0,0,1.0,1,1.0,1,1.0,1,0.3100476067162466,52
4178,5,8859,3343,5516,0,0,0,1.0,1,1.0,1,1.0,1,0.3213180748593005,53
4179,3,8862,3344,5518,0,0,0,1.0,1,1.0,1,1.0,1,0.31179270687862415,54
4180,4,8866,3346,5520,0,0,0,1.0,1,1.0,1,1.0,1,0.3293306341433724,55
4181,10,8876,3346,5530,0,0,0,1.0,1,1.0,1,1.0,1,0.25886740835320193,56
4182,2,8878,3347,5531,0,0,0,1.0,1,1.0,1,1.0,1,0.23184748197550317,56
4183,2,8880,3348,5532,0,0,0,1.0,1,1.0,1,1.0,1,0.21992491404623205,57
4184,7,8887,3349,5538,0,0,0,1.0,1,1.0,1,1.0,1,0.22368660754209982,57
4185,5,8892,3349,5543,0,0,0,1.0,1,1.0,1,1.0,1,0.20737040180323582,54
4186,6,8898,3351,5547,0,0,0,1.0,1,1.0,1,1.0,1,0.1798108640313772,55
4187,0,8898,3351,5547,0,0,0,1.0,1,1.0,1,1.0,1,0.192143298349548,53
4188,2,8900,3353,5547,0,0,0,1.0,1,1.0,1,1.0,1,0.17076829845622404,53
4189,2,8902,3353,5549,0,0,0,1.0,1,1.0,1,1.0,1,0.14256710031619263,53
4190,2,8904,3355,5549,0,0,0,1.0,1,1.0,1,1.0,1,0.16745612614490082,53
4191,0,8904,3355,5549,0,0,0,1.0,1,1.0,1,1.0,1,0.19043750225854844,51
4192,4,8908,3359,5549,0,0,0,1.0,1,1.0,1,1.0,1,0.19313636540068352,51
4193,2,8910,3361,5549,0,0,0,1.0,1,1.0,1,1.0,1,0.2218065907342731,50
4194,1,8911,3361,5550,0,0,0,1.0,1,1.0,1,1.0,1,0.20100007080095467,50
4195,0,8911,3361,5550,0,0,0,1.0,1,1.0,1,1.0,1,0.2169386450477246,50
4196,3,8914,3361,5553,0,0,0,1.0,1,1.0,1,1.0,1,0.2086310612708058,51
4197,0,8914,3361,5553,0,0,0,1.0,1,1.0,1,1.0,1,0.217207276284838,50
4198,1,8915,3362,5553,0,0,0,1.0,1,1.0,1,1.0,1,0.2730567885984885,48
4199,3,8918,3362,5556,0,0,0,1.0,1,1.0,1,1.0,1,0.27088272418232107,48
4200,2,8920,3363,5557,0,0,0,1.0,1,1.0,1,1.0,1,0.3065029923923297,48
4201,3,8923,3363,5560,0,0,0,1.0,1,1.0,1,1.0,1,0.30102854733713547,47
4202,0,8923,3363,5560,0,0,0,1.0,1,1.0,1,1.0,1,0.30102854733713547,47
4203,0,8923,3363,5560,0,0,0,1.0,1,1.0,1,1.0,1,0.30102854733713547,47
4204,3,8926,3365,5561,0,0,0,1.0,1,1.0,1,1.0,1,0.31704949284881906,48
4205,0,8926,3365,5561,0,0,0,1.0,1,1.0,1,1.0,1,0.3007635536996191,49
4206,0,8926,3365,5561,0,0,0,1.0,1,1.0,1,1.0,1,0.3007635536996191,49
4207,0,8926,3365,5561,0,0,0,1.0,1,1.0,1,1.0,1,0.2930183833404981,48
4208,1,8927,3366,5561,0,0,0,1.0,1,1.0,1,1.0,1,0.2841373746389271,49
4209,2,8929,3368,5561,0,0,0,1.0,1,1.0,1,1.0,1,0.3028651615505678,51
4210,1,8930,3368,5562,0,0,0,1.0,1,1.0,1,1.0,1,0.2835991332591727,52
4211,1,8931,3368,5563,0,0,0,1.0,1,1.0,1,1.0,1,0.2826120012077587,53
4212,2,8933,3369,5564,0,0,0,1.0,1,1.0,1,1.0,1,0.28589201205117004,53
4213,1,8934,3369,5565,0,0,0,1.0,1,1.0,1,1.0,1,0.27106836058152406,54
4214,3,8937,3370,5567,0,0,0,1.0,1,1.0,1,1.0,1,0.28933370675354936,54
4215,1,8938,3371,5567,0,0,0,1.0,1,1.0,1,1.0,1,0.2808369325214764,54
4216,1,8939,3371,5568,0,0,0,1.0,1,1.0,1,1.0,1,0.2932878922055527,53
4217,1,8940,3372,5568,0,0,0,1.0,1,1.0,1,1.0,1,0.33696034602625285,54
4218,2,8942,3373,5569,0,0,0,1.0,1,1.0,1,1.0,1,0.35701642568376357,53
4219,6,8948,3374,5574,0,0,0,1.0,1,1.0,1,1.0,1,0.39093481246207956,53
4220,1,8949,3374,5575,0,0,0,1.0,1,1.0,1,1.0,1,0.4046340224792827,53
4221,5,8954,3375,5579,0,0,0,1.0,1,1.0,1,1.0,1,0.35725530591646504,54
4222,5,8959,3379,5580,0,0,0,1.0,1,1.0,1,1.0,1,0.37855572642234314,55
4223,6,8965,3381,5584,0,0,0,1.0,1,1.0,1,1.0,1,0.3595357945626039,56
4224,1,8966,3382,5584,0,0,0,1.0,1,1.0,1,1.0,1,0.3545427370057727,55
4225,1,8967,3383,5584,0,0,0,1.0,1,1.0,1,1.0,1,0.34398587439219164,53
4226,2,8969,3384,5585,0,0,0,1.0,1,1.0,1,1.0,1,0.35455091966485536,54
4227,1,8970,3385,5585,0,0,0,1.0,1,1.0,1,1.0,1,0.35266334096934115,52
4228,2,8972,3387,5585,0,0,0,1.0,1,1.0,1,1.0,1,0.3595270839091729,51
4229,1,8973,3388,5585,0,0,0,1.0,1,1.0,1,1.0,1,0.39385087797288537,48
4230,2,8975,3390,5585,0,0,0,1.0,1,1.0,1,1.0,1,0.423081209790428,48
4231,2,8977,3391,5586,0,0,0,1.0,1,1.0,1,1.0,1,0.3711977223683446,48
4232,1,8978,3392,5586,0,0,0,1.0,1,1.0,1,1.0,1,0.35470129091236685,48
4233,0,8978,3392,5586,0,0,0,1.0,1,1.0,1,1.0,1,0.336770964684625,48
4234,3,8981,3394,5587,0,0,0,1.0,1,1.0,1,1.0,1,0.33936075912557623,49
4235,2,8983,3395,5588,0,0,0,1.0,1,1.0,1,1.0,1,0.3044729328786803,47
4236,2,8985,3396,5589,0,0,0,1.0,1,1.0,1,1.0,1,0.34674225908578793,47
4237,2,8987,3396,5591,0,0,0,1.0,1,1.0,1,1.0,1,0.3200509227205145,48
4238,2,8989,3396,5593,0,0,0,1.0,1,1.0,1,1.0,1,0.3262556620420158,47
4239,1,8990,3396,5594,0,0,0,1.0,1,1.0,1,1.0,1,0.32471680437611816,48
4240,2,8992,3397,5595,0,0,0,1.0,1,1.0,1,1.0,1,0.2798776025794884,47
4241,3,8995,3397,5598,0,0,0,1.0,1,1.0,1,1.0,1,0.22347027477632628,49
4242,0,8995,3397,5598,0,0,0,1.0,1,1.0,1,1.0,1,0.2180213474534699,49
4243,4,8999,3399,5600,0,0,0,1.0,1,1.0,1,1.0,1,0.22811399314768252,50
4244,1,9000,3399,5601,0,0,0,1.0,1,1.0,1,1.0,1,0.2474933424138565,51
4245,1,9001,3399,5602,0,0,0,1.0,1,1.0,1,1.0,1,0.25995222175110927,51
4246,0,9001,3399,5602,0,0,0,1.0,1,1.0,1,1.0,1,0.25995222175110927,51
4247,0,9001,3399,5602,0,0,0,1.0,1,1.0,1,1.0,1,0.2685528518312142,52
4248,3,9004,3402,5602,0,0,0,1.0,1,1.0,1,1.0,1,0.3369605516384034,52
4249,6,9010,3402,5608,0,0,0,1.0,1,1.0,1,1.0,1,0.2649413272442577,52
4250,3,9013,3402,5611,0,0,0,1.0,1,1.0,1,1.0,1,0.23046638642122225,52
4251,4,9017,3403,5614,0,0,0,1.0,1,1.0,1,1.0,1,0.2186384260517974,53
4252,1,9018,3404,5614,0,0,0,1.0,1,1.0,1,1.0,1,0.22821463689574556,53
4253,4,9022,3406,5616,0,0,0,1.0,1,1.0,1,1.0,1,0.2518696515056559,54
4254,5,9027,3407,5620,0,0,0,1.0,1,1.0,1,1.0,1,0.24927555525291656,54
4255,2,9029,3407,5622,0,0,0,1.0,1,1.0,1,1.0,1,0.2289223706858328,55
4256,5,9034,3407,5627,0,0,0,1.0,1,1.0,1,1.0,1,0.2111047090704001,57
4257,1,9035,3407,5628,0,0,0,1.0,1,1.0,1,1.0,1,0.22547527546593718,57
4258,0,9035,3407,5628,0,0,0,1.0,1,1.0,1,1.0,1,0.2336261928059467,57
4259,1,9036,3407,5629,0,0,0,1.0,1,1.0,1,1.0,1,0.21282696060160033,57
4260,0,9036,3407,5629,0,0,0,1.0,1,1.0,1,1.0,1,0.22103449961927382,58
4261,2,9038,3407,5631,0,0,0,1.0,1,1.0,1,1.0,1,0.2041066768678653,59
4262,3,9041,3408,5633,0,0,0,1.0,1,1.0,1,1.0,1,0.2063055305138304,60
4263,2,9043,3409,5634,0,0,0,1.0,1,1.0,1,1.0,1,0.19798210523982132,59
4264,3,9046,3411,5635,0,0,0,1.0,1,1.0,1,1.0,1,0.22100866140535205,58
4265,2,9048,3412,5636,0,0,0,1.0,1,1.0,1,1.0,1,0.2145012130122129,58
4266,4,9052,3413,5639,0,0,0,1.0,1,1.0,1,1.0,1,0.19994408316575657,58
4267,0,9052,3413,5639,0,0,0,1.0,1,1.0,1,1.0,1,0.19957576546329972,55
4268,4,9056,3415,5641,0,0,0,1.0,1,1.0,1,1.0,1,0.2357258327596797,55
4269,5,9061,3418,5643,0,0,0,1.0,1,1.0,1,1.0,1,0.23420331046215684,50
4270,0,9061,3418,5643,0,0,0,1.0,1,1.0,1,1.0,1,0.24205685594248644,47
4271,1,9062,3419,5643,0,0,0,1.0,1,1.0,1,1.0,1,0.2617163852276671,47
4272,0,9062,3419,5643,0,0,0,1.0,1,1.0,1,1.0,1,0.29235626945989235,46
4273,1,9063,3420,5643,0,0,0,1.0,1,1.0,1,1.0,1,0.32877146910614286,47
4274,3,9066,3423,5643,0,0,0,1.0,1,1.0,1,1.0,1,0.32935768731226855,45
4275,5,9071,3427,5644,0,0,0,1.0,1,1.0,1,1.0,1,0.31439902148400667,44
4276,3,9074,3429,5645,0,0,0,1.0,1,1.0,1,1.0,1,0.28618573085047483,43
4277,1,9075,3430,5645,0,0,0,1.0,1,1.0,1,1.0,1,0.3048967130161688,42
4278,2,9077,3431,5646,0,0,0,1.0,1,1.0,1,1.0,1,0.25630902488069546,43
4279,4,9081,3434,5647,0,0,0,1.0,1,1.0,1,1.0,1,0.253199623677117,42
4280,3,9084,3436,5648,0,0,0,1.0,1,1.0,1,1.0,1,0.2958044762807533,44
4281,7,9091,3438,5653,0,0,0,1.0,1,1.0,1,1.0,1,0.17055135715280584,44
4282,0,9091,3438,5653,0,0,0,1.0,1,1.0,1,1.0,1,0.17055135715280584,44
4283,0,9091,3438,5653,0,0,0,1.0,1,1.0,1,1.0,1,0.1427826738226697,45
4284,0,9091,3438,5653,0,0,0,1.0,1,1.0,1,1.0,1,0.1427826738226697,45
4285,0,9091,3438,5653,0,0,0,1.0,1,1.0,1,1.0,1,0.12904502724695968,47
4286,1,9092,3438,5654,0,0,0,1.0,1,1.0,1,1.0,1,0.14617636639347906,47
4287,1,9093,3438,5655,0,0,0,1.0,1,1.0,1,1.0,1,0.15683144484948322,49
4288,0,9093,3438,5655,0,0,0,1.0,1,1.0,1,1.0,1,0.15683144484948322,49
4289,1,9094,3438,5656,0,0,0,1.0,1,1.0,1,1.0,1,0.15945557938818808,50
4290,2,9096,3439,5657,0,0,0,1.0,1,1.0,1,1.0,1,0.1672885206770698,51
4291,2,9098,3440,5658,0,0,0,1.0,1,1.0,1,1.0,1,0.20168303054308437,50
4292,5,9103,3441,5662,0,0,0,1.0,1,1.0,1,1.0,1,0.2666775858189116,51
4293,3,9106,3441,5665,0,0,0,1.0,1,1.0,1,1.0,1,0.23241343273173837,51
4294,4,9110,3443,5667,0,0,0,1.0,1,1.0,1,1.0,1,0.26709076807499027,50
4295,5,9115,3444,5671,0,0,0,1.0,1,1.0,1,1.0,1,0.29956579612589496,50
4296,5,9120,3445,5675,0,0,0,1.0,1,1.0,1,1.0,1,0.2803314109806789,49
4297,3,9123,3445,5678,0,0,0,1.0,1,1.0,1,1.0,1,0.27817685631367967,49
4298,2,9125,3445,5680,0,0,0,1.0,1,1.0,1,1.0,1,0.3051665470889248,49
4299,4,9129,3445,5684,0,0,0,1.0,1,1.0,1,1.0,1,0.30991449256482795,48
4300,5,9134,3447,5687,0,0,0,1.0,1,1.0,1,1.0,1,0.30599269433357207,49
4301,9,9143,3448,5695,0,0,0,1.0,1,1.0,1,1.0,1,0.19055836944830648,50
4302,3,9146,3448,5698,0,0,0,1.0,1,1.0,1,1.0,1,0.13437590314757863,51
4303,1,9147,3449,5698,0,0,0,1.0,1,1.0,1,1.0,1,0.15993682903892426,51
4304,4,9151,3451,5700,0,0,0,1.0,1,1.0,1,1.0,1,0.16656768454492926,51
4305,3,9154,3451,5703,0,0,0,1.0,1,1.0,1,1.0,1,0.17521431047576444,49
4306,2,9156,3453,5703,0,0,0,1.0,1,1.0,1,1.0,1,0.20686790203451255,49
4307,3,9159,3456,5703,0,0,0,1.0,1,1.0,1,1.0,1,0.2137927918720571,46
4308,2,9161,3458,5703,0,0,0,1.0,1,1.0,1,1.0,1,0.21572546815199206,44
4309,1,9162,3459,5703,0,0,0,1.0,1,1.0,1,1.0,1,0.22480376496059026,44
4310,1,9163,3460,5703,0,0,0,1.0,1,1.0,1,1.0,1,0.2339812065619497,42
4311,3,9166,3463,5703,0,0,0,1.0,1,1.0,1,1.0,1,0.2184553376210231,42
4312,1,9167,3464,5703,0,0,0,1.0,1,1.0,1,1.0,1,0.21451737321243722,40
4313,5,9172,3467,5705,0,0,0,1.0,1,1.0,1,1.0,1,0.21419116565718793,40
4314,1,9173,3468,5705,0,0,0,1.0,1,1.0,1,1.0,1,0.2692114962435383,36
4315,2,9175,3469,5706,0,0,0,1.0,1,1.0,1,1.0,1,0.28136956011515896,37
4316,5,9180,3472,5708,0,0,0,1.0,1,1.0,1,1.0,1,0.38952243044649604,37
4317,2,9182,3474,5708,0,0,0,1.0,1,1.0,1,1.0,1,0.4402872342294169,36
4318,2,9184,3475,5709,0,0,0,1.0,1,1.0,1,1.0,1,0.41137833415227654,34
4319,0,9184,3475,5709,0,0,0,1.0,1,1.0,1,1.0,1,0.4051689966608465,34
4320,0,9184,3475,5709,0,0,0,1.0,1,1.0,1,1.0,1,0.4051689966608465,34
4321,4,9188,3475,5713,0,0,0,1.0,1,1.0,1,1.0,1,0.3166406360281769,35
4322,0,9188,3475,5713,0,0,0,1.0,1,1.0,1,1.0,1,0.3166406360281769,35
4323,2,9190,3475,5715,0,0,0,1.0,1,1.0,1,1.0,1,0.2702383336740399,35
4324,2,9192,3475,5717,0,0,0,1.0,1,1.0,1,1.0,1,0.30438768217405515,34
4325,2,9194,3475,5719,0,0,0,1.0,1,1.0,1,1.0,1,0.26490762620838326,34
4326,3,9197,3476,5721,0,0,0,1.0,1,1.0,1,1.0,1,0.2773061668089354,36
4327,2,9199,3476,5723,0,0,0,1.0,1,1.0,1,1.0,1,0.26422625189582444,35
4328,3,9202,3476,5726,0,0,0,1.0,1,1.0,1,1.0,1,0.21603931380094155,35
4329,4,9206,3477,5729,0,0,0,1.0,1,1.0,1,1.0,1,0.2054426109181544,38
4330,3,9209,3479,5730,0,0,0,1.0,1,1.0,1,1.0,1,0.2196780127282573,38
4331,0,9209,3479,5730,0,0,0,1.0,1,1.0,1,1.0,1,0.23049500712078178,39
4332,4,9213,3479,5734,0,0,0,1.0,1,1.0,1,1.0,1,0.21436591244331937,40
4333,1,9214,3479,5735,0,0,0,1.0,1,1.0,1,1.0,1,0.2171058550434925,41
4334,0,9214,3479,5735,0,0,0,1.0,1,1.0,1,1.0,1,0.2171058550434925,41
4335,2,9216,3479,5737,0,0,0,1.0,1,1.0,1,1.0,1,0.1972860984312643,42
4336,2,9218,3479,5739,0,0,0,1.0,1,1.0,1,1.0,1,0.20879071519850723,43
4337,2,9220,3479,5741,0,0,0,1.0,1,1.0,1,1.0,1,0.19357832245804232,44
4338,3,9223,3479,5744,0,0,0,1.0,1,1.0,1,1.0,1,0.19244556199715743,44
4339,6,9229,3480,5749,0,0,0,1.0,1,1.0,1,1.0,1,0.21382675074793445,46
4340,4,9233,3480,5753,0,0,0,1.0,1,1.0,1,1.0,1,0.19255488580191282,47
4341,4,9237,3482,5755,0,0,0,1.0,1,1.0,1,1.0,1,0.17310982610824316,47
4342,6,9243,3485,5758,0,0,0,1.0,1,1.0,1,1.0,1,0.18480898827014153,47
4343,1,9244,3485,5759,0,0,0,1.0,1,1.0,1,1.0,1,0.1120753927072321,42
4344,4,9248,3488,5760,0,0,0,1.0,1,1.0,1,1.0,1,0.1901889406237052,42
4345,2,9250,3489,5761,0,0,0,1.0,1,1.0,1,1.0,1,0.15258812238411187,39
4346,1,9251,3490,5761,0,0,0,1.0,1,1.0,1,1.0,1,0.19751952445169915,37
4347,2,9253,3492,5761,0,0,0,1.0,1,1.0,1,1.0,1,0.2605601545916046,37
4348,3,9256,3495,5761,0,0,0,1.0,1,1.0,1,1.0,1,0.35703481802428116,38
4349,0,9256,3495,5761,0,0,0,1.0,1,1.0,1,1.0,1,0.34275996616148846,36
4350,5,9261,3499,5762,0,0,0,1.0,1,1.0,1,1.0,1,0.3317244664258566,37
4351,1,9262,3500,5762,0,0,0,1.0,1,1.0,1,1.0,1,0.3214188626158709,35
4352,0,9262,3500,5762,0,0,0,1.0,1,1.0,1,1.0,1,0.3226979830492243,34
4353,0,9262,3500,5762,0,0,0,1.0,1,1.0,1,1.0,1,0.369155681501071,34
4354,0,9262,3500,5762,0,0,0,1.0,1,1.0,1,1.0,1,0.37978598271507114,32
4355,1,9263,3501,5762,0,0,0,1.0,1,1.0,1,1.0,1,0.3517109240150537,32
4356,2,9265,3503,5762,0,0,0,1.0,1,1.0,1,1.0,1,0.3404630761229185,34
4357,0,9265,3503,5762,0,0,0,1.0,1,1.0,1,1.0,1,0.33909149399221133,35
4358,3,9268,3505,5763,0,0,0,1.0,1,1.0,1,1.0,1,0.3243020789238574,35
4359,1,9269,3506,5763,0,0,0,1.0,1,1.0,1,1.0,1,0.35087649119531733,37
4360,1,9270,3506,5764,0,0,0,1.0,1,1.0,1,1.0,1,0.35946984721785485,38
4361,7,9277,3507,5770,0,0,0,1.0,1,1.0,1,1.0,1,0.15313890432337562,39
4362,3,9280,3509,5771,0,0,0,1.0,1,1.0,1,1.0,1,0.1412751871983803,38
4363,1,9281,3510,5771,0,0,0,1.0,1,1.0,1,1.0,1,0.14975565826872891,38
4364,2,9283,3512,5771,0,0,0,1.0,1,1.0,1,1.0,1,0.19188800790518717,39
4365,3,9286,3512,5774,0,0,0,1.0,1,1.0,1,1.0,1,0.1481840078986606,39
4366,3,9289,3513,5776,0,0,0,1.0,1,1.0,1,1.0,1,0.18960404902708317,39
4367,3,9292,3513,5779,0,0,0,1.0,1,1.0,1,1.0,1,0.20408107405647763,41
4368,4,9296,3513,5783,0,0,0,1.0,1,1.0,1,1.0,1,0.20368822885622337,41
4369,4,9300,3513,5787,0,0,0,1.0,1,1.0,1,1.0,1,0.214607095222878,42
4370,7,9307,3514,5793,0,0,0,1.0,1,1.0,1,1.0,1,0.253429881478603,42
4371,2,9309,3514,5795,0,0,0,1.0,1,1.0,1,1.0,1,0.2726281969709131,43
4372,2,9311,3514,5797,0,0,0,1.0,1,1.0,1,1.0,1,0.2703770614536314,43
4373,9,9320,3514,5806,0,0,0,1.0,1,1.0,1,1.0,1,0.2599099081763046,43
4374,4,9324,3514,5810,0,0,0,1.0,1,1.0,1,1.0,1,0.2873161476554115,44
4375,11,9335,3515,5820,0,0,0,1.0,1,1.0,1,1.0,1,0.28024436274830417,45
4376,5,9340,3515,5825,0,0,0,1.0,1,1.0,1,1.0,1,0.26879235573487875,46
4377,15,9355,3517,5838,0,0,0,1.0,1,1.0,1,1.0,1,0.2602252116671812,47
4378,5,9360,3517,5843,0,0,0,1.0,1,1.0,1,1.0,1,0.3069527637039103,49
4379,8,9368,3520,5848,0,0,0,1.0,1,1.0,1,1.0,1,0.32015437713168227,51
4380,11,9379,3521,5858,0,0,0,1.0,1,1.0,1,1.0,1,0.3359379014010914,50
4381,7,9386,3521,5865,0,0,0,1.0,1,1.0,1,1.0,1,0.23532953322161837,49
4382,3,9389,3523,5866,0,0,0,1.0,1,1.0,1,1.0,1,0.24655514245935542,47
4383,2,9391,3524,5867,0,0,0,1.0,1,1.0,1,1.0,1,0.2378488642173464,47
4384,1,9392,3525,5867,0,0,0,1.0,1,1.0,1,1.0,1,0.2617750338435973,44
4385,1,9393,3525,5868,0,0,0,1.0,1,1.0,1,1.0,1,0.23356435743838855,42
4386,3,9396,3527,5869,0,0,0,1.0,1,1.0,1,1.0,1,0.2925501475577017,41
4387,0,9396,3527,5869,0,0,0,1.0,1,1.0,1,1.0,1,0.2782506040788493,39
4388,1,9397,3528,5869,0,0,0,1.0,1,1.0,1,1.0,1,0.286483727602205,39
4389,3,9400,3530,5870,0,0,0,1.0,1,1.0,1,1.0,1,0.3226537118472429,38
4390,1,9401,3530,5871,0,0,0,1.0,1,1.0,1,1.0,1,0.3119351466613785,38
4391,0,9401,3530,5871,0,0,0,1.0,1,1.0,1,1.0,1,0.2914603475370518,39
4392,2,9403,3530,5873,0,0,0,1.0,1,1.0,1,1.0,1,0.2714061918066922,39
4393,0,9403,3530,5873,0,0,0,1.0,1,1.0,1,1.0,1,0.25369883499979423,40
4394,0,9403,3530,5873,0,0,0,1.0,1,1.0,1,1.0,1,0.2543886305479025,39
4395,0,9403,3530,5873,0,0,0,1.0,1,1.0,1,1.0,1,0.2543886305479025,39
4396,0,9403,3530,5873,0,0,0,1.0,1,1.0,1,1.0,1,0.27743308218887774,39
4397,2,9405,3531,5874,0,0,0,1.0,1,1.0,1,1.0,1,0.27132859170804474,38
4398,0,9405,3531,5874,0,0,0,1.0,1,1.0,1,1.0,1,0.24844655073099164,39
4399,2,9407,3531,5876,0,0,0,1.0,1,1.0,1,1.0,1,0.24440614760564225,42
4400,0,9407,3531,5876,0,0,0,1.0,1,1.0,1,1.0,1,0.23833682325359712,43
4401,2,9409,3531,5878,0,0,0,1.0,1,1.0,1,1.0,1,0.20253795407520025,44
4402,0,9409,3531,5878,0,0,0,1.0,1,1.0,1,1.0,1,0.20253795407520025,44
4403,0,9409,3531,5878,0,0,0,1.0,1,1.0,1,1.0,1,0.1943759918912519,45
4404,0,9409,3531,5878,0,0,0,1.0,1,1.0,1,1.0,1,0.1943759918912519,45
4405,0,9409,3531,5878,0,0,0,1.0,1,1.0,1,1.0,1,0.20153628137975854,46
4406,1,9410,3532,5878,0,0,0,1.0,1,1.0,1,1.0,1,0.2291966909464249,46
4407,1,9411,3532,5879,0,0,0,1.0,1,1.0,1,1.0,1,0.21784171270513977,46
4408,0,9411,3532,5879,0,0,0,1.0,1,1.0,1,1.0,1,0.21374310072665606,47
4409,1,9412,3533,5879,0,0,0,1.0,1,1.0,1,1.0,1,0.24835800006229292,48
4410,0,9412,3533,5879,0,0,0,1.0,1,1.0,1,1.0,1,0.24835800006229292,48
4411,0,9412,3533,5879,0,0,0,1.0,1,1.0,1,1.0,1,0.25181794796816176,50
4412,1,9413,3534,5879,0,0,0,1.0,1,1.0,1,1.0,1,0.27418656487751114,50
4413,2,9415,3534,5881,0,0,0,1.0,1,1.0,1,1.0,1,0.2768070296091762,50
4414,3,9418,3537,5881,0,0,0,1.0,1,1.0,1,1.0,1,0.2348217789632753,51
4415,1,9419,3538,5881,0,0,0,1.0,1,1.0,1,1.0,1,0.21990973121888105,51
4416,0,9419,3538,5881,0,0,0,1.0,1,1.0,1,1.0,1,0.21990973121888105,51
4417,2,9421,3540,5881,0,0,0,1.0,1,1.0,1,1.0,1,0.24433554155810833,51
4418,1,9422,3541,5881,0,0,0,1.0,1,1.0,1,1.0,1,0.2536225483566098,51
4419,0,9422,3541,5881,0,0,0,1.0,1,1.0,1,1.0,1,0.24638361010725157,50
4420,1,9423,3542,5881,0,0,0,1.0,1,1.0,1,1.0,1,0.2571634324465596,50
4421,2,9425,3542,5883,0,0,0,1.0,1,1.0,1,1.0,1,0.20740505884949792,52
4422,0,9425,3542,5883,0,0,0,1.0,1,1.0,1,1.0,1,0.22019214219501437,51
4423,0,9425,3542,5883,0,0,0,1.0,1,1.0,1,1.0,1,0.22019214219501437,51
4424,0,9425,3542,5883,0,0,0,1.0,1,1.0,1,1.0,1,0.22961936528479168,53
4425,1,9426,3542,5884,0,0,0,1.0,1,1.0,1,1.0,1,0.22339606754393515,54
4426,2,9428,3543,5885,0,0,0,1.0,1,1.0,1,1.0,1,0.19614422059818537,55
4427,3,9431,3543,5888,0,0,0,1.0,1,1.0,1,1.0,1,0.17418966879511052,55
4428,0,9431,3543,5888,0,0,0,1.0,1,1.0,1,1.0,1,0.17418966879511052,55
4429,0,9431,3543,5888,0,0,0,1.0,1,1.0,1,1.0,1,0.1773978966694172,56
4430,2,9433,3543,5890,0,0,0,1.0,1,1.0,1,1.0,1,0.15987975622453024,55
4431,1,9434,3544,5890,0,0,0,1.0,1,1.0,1,1.0,1,0.1651394762289383,56
4432,2,9436,3544,5892,0,0,0,1.0,1,1.0,1,1.0,1,0.1651394762289383,56
4433,2,9438,3544,5894,0,0,0,1.0,1,1.0,1,1.0,1,0.17651579627168093,57
4434,1,9439,3544,5895,0,0,0,1.0,1,1.0,1,1.0,1,0.18122481211747365,56
4435,4,9443,3545,5898,0,0,0,1.0,1,1.0,1,1.0,1,0.1948064280126572,56
4436,5,9448,3548,5900,0,0,0,1.0,1,1.0,1,1.0,1,0.2151729649836882,55
4437,3,9451,3548,5903,0,0,0,1.0,1,1.0,1,1.0,1,0.22162957227123367,54
4438,6,9457,3549,5908,0,0,0,1.0,1,1.0,1,1.0,1,0.264922558177453,54
4439,7,9464,3550,5914,0,0,0,1.0,1,1.0,1,1.0,1,0.27166349952862257,55
4440,4,9468,3551,5917,0,0,0,1.0,1,1.0,1,1.0,1,0.26975409483842056,55
4441,6,9474,3552,5922,0,0,0,1.0,1,1.0,1,1.0,1,0.1882465630270541,59
4442,1,9475,3553,5922,0,0,0,1.0,1,1.0,1,1.0,1,0.18946255551095872,61
4443,2,9477,3555,5922,0,0,0,1.0,1,1.0,1,1.0,1,0.21140403619534678,60
4444,1,9478,3555,5923,0,0,0,1.0,1,1.0,1,1.0,1,0.2163888627013826,61
4445,2,9480,3555,5925,0,0,0,1.0,1,1.0,1,1.0,1,0.18054934271428918,61
4446,1,9481,3556,5925,0,0,0,1.0,1,1.0,1,1.0,1,0.19269041706776796,62
4447,0,9481,3556,5925,0,0,0,1.0,1,1.0,1,1.0,1,0.19076097468342565,63
4448,0,9481,3556,5925,0,0,0,1.0,1,1.0,1,1.0,1,0.19076097468342565,63
4449,1,9482,3556,5926,0,0,0,1.0,1,1.0,1,1.0,1,0.17123606552640497,63
4450,0,9482,3556,5926,0,0,0,1.0,1,1.0,1,1.0,1,0.17473229793918088,62
4451,0,9482,3556,5926,0,0,0,1.0,1,1.0,1,1.0,1,0.17027233295205055,63
4452,1,9483,3556,5927,0,0,0,1.0,1,1.0,1,1.0,1,0.17043582618612735,64
4453,1,9484,3556,5928,0,0,0,1.0,1,1.0,1,1.0,1,0.15152871270115786,65
4454,0,9484,3556,5928,0,0,0,1.0,1,1.0,1,1.0,1,0.1561971450310219,66
4455,2,9486,3556,5930,0,0,0,1.0,1,1.0,1,1.0,1,0.1497933771423493,67
4456,1,9487,3557,5930,0,0,0,1.0,1,1.0,1,1.0,1,0.16908686125309086,67
4457,1,9488,3558,5930,0,0,0,1.0,1,1.0,1,1.0,1,0.15989781963334024,65
4458,1,9489,3558,5931,0,0,0,1.0,1,1.0,1,1.0,1,0.16376251061742192,65
4459,2,9491,3560,5931,0,0,0,1.0,1,1.0,1,1.0,1,0.2213311645437809,64
4460,0,9491,3560,5931,0,0,0,1.0,1,1.0,1,1.0,1,0.23885372792297335,63
4461,5,9496,3563,5933,0,0,0,1.0,1,1.0,1,1.0,1,0.2353028912799514,62
4462,6,9502,3568,5934,0,0,0,1.0,1,1.0,1,1.0,1,0.3111890478595696,61
4463,5,9507,3571,5936,0,0,0,1.0,1,1.0,1,1.0,1,0.31706855731805006,61
4464,3,9510,3574,5936,0,0,0,1.0,1,1.0,1,1.0,1,0.32651912618727225,58
4465,3,9513,3575,5938,0,0,0,1.0,1,1.0,1,1.0,1,0.3414638708465571,57
4466,2,9515,3576,5939,0,0,0,1.0,1,1.0,1,1.0,1,0.34206657513673205,54
4467,2,9517,3578,5939,0,0,0,1.0,1,1.0,1,1.0,1,0.3221442663312689,52
4468,2,9519,3579,5940,0,0,0,1.0,1,1.0,1,1.0,1,0.3111586038663221,52
4469,2,9521,3581,5940,0,0,0,1.0,1,1.0,1,1.0,1,0.3076032070709503,51
4470,1,9522,3582,5940,0,0,0,1.0,1,1.0,1,1.0,1,0.2888085656068857,51
4471,2,9524,3584,5940,0,0,0,1.0,1,1.0,1,1.0,1,0.2799239709913873,50
4472,2,9526,3585,5941,0,0,0,1.0,1,1.0,1,1.0,1,0.26963916682272937,48
4473,0,9526,3585,5941,0,0,0,1.0,1,1.0,1,1.0,1,0.2800946102152024,47
4474,5,9531,3588,5943,0,0,0,1.0,1,1.0,1,1.0,1,0.2629097948692715,49
4475,0,9531,3588,5943,0,0,0,1.0,1,1.0,1,1.0,1,0.29980290522165676,47
4476,2,9533,3590,5943,0,0,0,1.0,1,1.0,1,1.0,1,0.29972810181090453,49
4477,1,9534,3590,5944,0,0,0,1.0,1,1.0,1,1.0,1,0.3298487130785758,48
4478,0,9534,3590,5944,0,0,0,1.0,1,1.0,1,1.0,1,0.3298487130785758,48
4479,1,9535,3591,5944,0,0,0,1.0,1,1.0,1,1.0,1,0.3463769750320627,48
4480,1,9536,3592,5944,0,0,0,1.0,1,1.0,1,1.0,1,0.358228517036621,49
4481,10,9546,3592,5954,0,0,0,1.0,1,1.0,1,1.0,1,0.1681175920719776,49
4482,1,9547,3592,5955,0,0,0,1.0,1,1.0,1,1.0,1,0.19396375854224646,49
4483,3,9550,3592,5958,0,0,0,1.0,1,1.0,1,1.0,1,0.14241474276011537,50
4484,3,9553,3593,5960,0,0,0,1.0,1,1.0,1,1.0,1,0.16310284940612,52
4485,4,9557,3593,5964,0,0,0,1.0,1,1.0,1,1.0,1,0.1705623878422374,53
4486,7,9564,3594,5970,0,0,0,1.0,1,1.0,1,1.0,1,0.18048115616112284,55
4487,5,9569,3596,5973,0,0,0,1.0,1,1.0,1,1.0,1,0.17789314935526596,55
4488,2,9571,3596,5975,0,0,0,1.0,1,1.0,1,1.0,1,0.17750830740654075,54
4489,4,9575,3596,5979,0,0,0,1.0,1,1.0,1,1.0,1,0.1903289095355444,53
4490,2,9577,3596,5981,0,0,0,1.0,1,1.0,1,1.0,1,0.1968810759867335,53
4491,4,9581,3596,5985,0,0,0,1.0,1,1.0,1,1.0,1,0.20612925015309277,52
4492,4,9585,3596,5989,0,0,0,1.0,1,1.0,1,1.0,1,0.20612925015309277,52
4493,4,9589,3596,5993,0,0,0,1.0,1,1.0,1,1.0,1,0.22929506795441382,52
4494,3,9592,3596,5996,0,0,0,1.0,1,1.0,1,1.0,1,0.24471567311527845,53
4495,9,9601,3601,6000,0,0,0,1.0,1,1.0,1,1.0,1,0.24092373177708565,50
4496,6,9607,3605,6002,0,0,0,1.0,1,1.0,1,1.0,1,0.2803018604063884,51
4497,3,9610,3607,6003,0,0,0,1.0,1,1.0,1,1.0,1,0.3001196891470833,50
4498,3,9613,3608,6005,0,0,0,1.0,1,1.0,1,1.0,1,0.29775138564165265,49
4499,0,9613,3608,6005,0,0,0,1.0,1,1.0,1,1.0,1,0.28568945112292443,48
4500,3,9616,3608,6008,0,0,0,1.0,1,1.0,1,1.0,1,0.2387303654224204,48
4501,4,9620,3609,6011,0,0,0,1.0,1,1.0,1,1.0,1,0.18940343960099354,48
4502,1,9621,3610,6011,0,0,0,1.0,1,1.0,1,1.0,1,0.21540419058582463,49
4503,4,9625,3613,6012,0,0,0,1.0,1,1.0,1,1.0,1,0.24748550537390535,49
4504,2,9627,3614,6013,0,0,0,1.0,1,1.0,1,1.0,1,0.25355430760695125,45
4505,2,9629,3615,6014,0,0,0,1.0,1,1.0,1,1.0,1,0.2383678047610769,46
4506,2,9631,3617,6014,0,0,0,1.0,1,1.0,1,1.0,1,0.2945630440910599,45
4507,4,9635,3618,6017,0,0,0,1.0,1,1.0,1,1.0,1,0.30678138722380166,45
4508,5,9640,3620,6020,0,0,0,1.0,1,1.0,1,1.0,1,0.2689782271276299,43
4509,0,9640,3620,6020,0,0,0,1.0,1,1.0,1,1.0,1,0.27483575487375234,41
4510,1,9641,3621,6020,0,0,0,1.0,1,1.0,1,1.0,1,0.2947126738394908,42
4511,1,9642,3621,6021,0,0,0,1.0,1,1.0,1,1.0,1,0.29719108748853257,41
4512,0,9642,3621,6021,0,0,0,1.0,1,1.0,1,1.0,1,0.29719108748853257,41
4513,0,9642,3621,6021,0,0,0,1.0,1,1.0,1,1.0,1,0.29719108748853257,41
4514,4,9646,3624,6022,0,0,0,1.0,1,1.0,1,1.0,1,0.31339729851178294,42
4515,2,9648,3624,6024,0,0,0,1.0,1,1.0,1,1.0,1,0.3241771662106363,41
4516,4,9652,3627,6025,0,0,0,1.0,1,1.0,1,1.0,1,0.28551368462424964,42
4517,1,9653,3627,6026,0,0,0,1.0,1,1.0,1,1.0,1,0.28241287197245657,43
4518,0,9653,3627,6026,0,0,0,1.0,1,1.0,1,1.0,1,0.29556202083083644,42
4519,2,9655,3629,6026,0,0,0,1.0,1,1.0,1,1.0,1,0.3306583712400139,42
4520,1,9656,3629,6027,0,0,0,1.0,1,1.0,1,1.0,1,0.3412021083012812,42
4521,7,9663,3630,6033,0,0,0,1.0,1,1.0,1,1.0,1,0.23491635053460788,42
4522,0,9663,3630,6033,0,0,0,1.0,1,1.0,1,1.0,1,0.23491635053460788,42
4523,0,9663,3630,6033,0,0,0,1.0,1,1.0,1,1.0,1,0.23491635053460788,42
4524,3,9666,3632,6034,0,0,0,1.0,1,1.0,1,1.0,1,0.22471012478234226,43
4525,5,9671,3632,6039,0,0,0,1.0,1,1.0,1,1.0,1,0.16036236047414235,46
4526,3,9674,3634,6040,0,0,0,1.0,1,1.0,1,1.0,1,0.2075576771344523,46
4527,3,9677,3636,6041,0,0,0,1.0,1,1.0,1,1.0,1,0.20549762586971723,47
4528,2,9679,3636,6043,0,0,0,1.0,1,1.0,1,1.0,1,0.21127618518953728,49
4529,1,9680,3636,6044,0,0,0,1.0,1,1.0,1,1.0,1,0.2058509898828693,50
4530,2,9682,3637,6045,0,0,0,1.0,1,1.0,1,1.0,1,0.20131915582159005,51
4531,2,9684,3637,6047,0,0,0,1.0,1,1.0,1,1.0,1,0.16640902194038454,51
4532,2,9686,3638,6048,0,0,0,1.0,1,1.0,1,1.0,1,0.17120662624176763,51
4533,0,9686,3638,6048,0,0,0,1.0,1,1.0,1,1.0,1,0.1597961615411081,50
4534,1,9687,3638,6049,0,0,0,1.0,1,1.0,1,1.0,1,0.12537236663130236,51
4535,1,9688,3639,6049,0,0,0,1.0,1,1.0,1,1.0,1,0.12428820867314293,50
4536,0,9688,3639,6049,0,0,0,1.0,1,1.0,1,1.0,1,0.14794667480410278,48
4537,2,9690,3639,6051,0,0,0,1.0,1,1.0,1,1.0,1,0.11532956126994946,49
4538,2,9692,3639,6053,0,0,0,1.0,1,1.0,1,1.0,1,0.1272518812751723,48
4539,1,9693,3640,6053,0,0,0,1.0,1,1.0,1,1.0,1,0.19219775040722292,50
4540,0,9693,3640,6053,0,0,0,1.0,1,1.0,1,1.0,1,0.16791214889458736,49
4541,3,9696,3642,6054,0,0,0,1.0,1,1.0,1,1.0,1,0.19022215445804233,49
4542,4,9700,3645,6055,0,0,0,1.0,1,1.0,1,1.0,1,0.23339708165294432,47
4543,1,9701,3646,6055,0,0,0,1.0,1,1.0,1,1.0,1,0.23449787444940962,45
4544,2,9703,3648,6055,0,0,0,1.0,1,1.0,1,1.0,1,0.23814459363288076,45
4545,4,9707,3651,6056,0,0,0,1.0,1,1.0,1,1.0,1,0.3118694357791455,43
4546,4,9711,3652,6059,0,0,0,1.0,1,1.0,1,1.0,1,0.2914583174865724,43
4547,1,9712,3653,6059,0,0,0,1.0,1,1.0,1,1.0,1,0.3093875922717682,41
4548,1,9713,3654,6059,0,0,0,1.0,1,1.0,1,1.0,1,0.30837214810775976,42
4549,0,9713,3654,6059,0,0,0,1.0,1,1.0,1,1.0,1,0.3062377531632075,41
4550,2,9715,3656,6059,0,0,0,1.0,1,1.0,1,1.0,1,0.3265863107578409,41
4551,0,9715,3656,6059,0,0,0,1.0,1,1.0,1,1.0,1,0.33886984845108153,39
4552,1,9716,3657,6059,0,0,0,1.0,1,1.0,1,1.0,1,0.33115072260486955,38
4553,1,9717,3657,6060,0,0,0,1.0,1,1.0,1,1.0,1,0.3334288231773069,39
4554,2,9719,3659,6060,0,0,0,1.0,1,1.0,1,1.0,1,0.3804123294042837,38
4555,1,9720,3660,6060,0,0,0,1.0,1,1.0,1,1.0,1,0.409356078075946,37
4556,1,9721,3661,6060,0,0,0,1.0,1,1.0,1,1.0,1,0.4672595826172618,36
4557,1,9722,3661,6061,0,0,0,1.0,1,1.0,1,1.0,1,0.433921970820059,38
4558,3,9725,3663,6062,0,0,0,1.0,1,1.0,1,1.0,1,0.418099721157592,39
4559,2,9727,3665,6062,0,0,0,1.0,1,1.0,1,1.0,1,0.42342458574066466,38
4560,1,9728,3666,6062,0,0,0,1.0,1,1.0,1,1.0,1,0.43090416336792287,41
4561,5,9733,3666,6067,0,0,0,1.0,1,1.0,1,1.0,1,0.34196379526512327,41
4562,0,9733,3666,6067,0,0,0,1.0,1,1.0,1,1.0,1,0.3415548006949682,43
4563,0,9733,3666,6067,0,0,0,1.0,1,1.0,1,1.0,1,0.32719952500289257,42
4564,0,9733,3666,6067,0,0,0,1.0,1,1.0,1,1.0,1,0.3239838462114305,43
4565,3,9736,3666,6070,0,0,0,1.0,1,1.0,1,1.0,1,0.27993043635718573,44
4566,4,9740,3666,6074,0,0,0,1.0,1,1.0,1,1.0,1,0.19332422286936773,45
4567,4,9744,3667,6077,0,0,0,1.0,1,1.0,1,1.0,1,0.19521701963110139,47
4568,2,9746,3667,6079,0,0,0,1.0,1,1.0,1,1.0,1,0.18035293323629914,47
4569,2,9748,3669,6079,0,0,0,1.0,1,1.0,1,1.0,1,0.18640856813431617,49
4570,1,9749,3670,6079,0,0,0,1.0,1,1.0,1,1.0,1,0.1897954449206856,49
4571,1,9750,3670,6080,0,0,0,1.0,1,1.0,1,1.0,1,0.2111056684253029,48
4572,0,9750,3670,6080,0,0,0,1.0,1,1.0,1,1.0,1,0.2111056684253029,48
4573,1,9751,3670,6081,0,0,0,1.0,1,1.0,1,1.0,1,0.20398295447491757,48
4574,2,9753,3670,6083,0,0,0,1.0,1,1.0,1,1.0,1,0.19383718196816416,50
4575,5,9758,3672,6086,0,0,0,1.0,1,1.0,1,1.0,1,0.19471081265367954,51
4576,1,9759,3673,6086,0,0,0,1.0,1,1.0,1,1.0,1,0.23004940387792683,48
4577,0,9759,3673,6086,0,0,0,1.0,1,1.0,1,1.0,1,0.2298734805839916,47
4578,2,9761,3674,6087,0,0,0,1.0,1,1.0,1,1.0,1,0.22317011880266158,46
4579,1,9762,3675,6087,0,0,0,1.0,1,1.0,1,1.0,1,0.23317082566012043,46
4580,0,9762,3675,6087,0,0,0,1.0,1,1.0,1,1.0,1,0.2187733805050425,47
4581,3,9765,3676,6089,0,0,0,1.0,1,1.0,1,1.0,1,0.21521748873098911,47
4582,1,9766,3676,6090,0,0,0,1.0,1,1.0,1,1.0,1,0.2119950146539006,48
4583,0,9766,3676,6090,0,0,0,1.0,1,1.0,1,1.0,1,0.2119950146539006,48
4584,2,9768,3676,6092,0,0,0,1.0,1,1.0,1,1.0,1,0.2280778738943763,50
4585,2,9770,3677,6093,0,0,0,1.0,1,1.0,1,1.0,1,0.22909960616620467,50
4586,0,9770,3677,6093,0,0,0,1.0,1,1.0,1,1.0,1,0.22909960616620467,50
4587,0,9770,3677,6093,0,0,0,1.0,1,1.0,1,1.0,1,0.22909960616620467,50
4588,0,9770,3677,6093,0,0,0,1.0,1,1.0,1,1.0,1,0.22909960616620467,50
4589,1,9771,3677,6094,0,0,0,1.0,1,1.0,1,1.0,1,0.23983277292947894,52
4590,0,9771,3677,6094,0,0,0,1.0,1,1.0,1,1.0,1,0.23983277292947894,52
4591,0,9771,3677,6094,0,0,0,1.0,1,1.0,1,1.0,1,0.2451488629527107,53
4592,0,9771,3677,6094,0,0,0,1.0,1,1.0,1,1.0,1,0.25302040798065395,54
4593,2,9773,3677,6096,0,0,0,1.0,1,1.0,1,1.0,1,0.22051828399594067,56
4594,2,9775,3677,6098,0,0,0,1.0,1,1.0,1,1.0,1,0.1972113666106715,57
4595,1,9776,3677,6099,0,0,0,1.0,1,1.0,1,1.0,1,0.21757718646788124,56
4596,0,9776,3677,6099,0,0,0,1.0,1,1.0,1,1.0,1,0.21757718646788124,56
4597,2,9778,3679,6099,0,0,0,1.0,1,1.0,1,1.0,1,0.22454061182430962,56
4598,5,9783,3681,6102,0,0,0,1.0,1,1.0,1,1.0,1,0.2714622029587467,57
4599,2,9785,3681,6104,0,0,0,1.0,1,1.0,1,1.0,1,0.23833173109785172,59
4600,4,9789,3681,6108,0,0,0,1.0,1,1.0,1,1.0,1,0.2492381991202101,60
4601,4,9793,3682,6111,0,0,0,1.0,1,1.0,1,1.0,1,0.21888196916499422,60
4602,2,9795,3682,6113,0,0,0,1.0,1,1.0,1,1.0,1,0.19379442731552624,62
4603,0,9795,3682,6113,0,0,0,1.0,1,1.0,1,1.0,1,0.19379442731552624,62
4604,0,9795,3682,6113,0,0,0,1.0,1,1.0,1,1.0,1,0.1866474003954971,63
4605,0,9795,3682,6113,0,0,0,1.0,1,1.0,1,1.0,1,0.1866474003954971,63
4606,0,9795,3682,6113,0,0,0,1.0,1,1.0,1,1.0,1,0.19330152708295126,64
4607,0,9795,3682,6113,0,0,0,1.0,1,1.0,1,1.0,1,0.18988037863162452,65
4608,4,9799,3683,6116,0,0,0,1.0,1,1.0,1,1.0,1,0.18441476581750296,66
4609,3,9802,3684,6118,0,0,0,1.0,1,1.0,1,1.0,1,0.17207402637090075,65
4610,0,9802,3684,6118,0,0,0,1.0,1,1.0,1,1.0,1,0.19416093383835195,63
4611,2,9804,3685,6119,0,0,0,1.0,1,1.0,1,1.0,1,0.2139817873252963,64
4612,0,9804,3685,6119,0,0,0,1.0,1,1.0,1,1.0,1,0.25191816679420503,62
4613,2,9806,3686,6120,0,0,0,1.0,1,1.0,1,1.0,1,0.27464843169853514,63
4614,3,9809,3688,6121,0,0,0,1.0,1,1.0,1,1.0,1,0.2727714499271899,61
4615,3,9812,3689,6123,0,0,0,1.0,1,1.0,1,1.0,1,0.27314717932550275,59
4616,2,9814,3690,6124,0,0,0,1.0,1,1.0,1,1.0,1,0.27395064682329684,58
4617,2,9816,3690,6126,0,0,0,1.0,1,1.0,1,1.0,1,0.2905853474898619,58
4618,3,9819,3691,6128,0,0,0,1.0,1,1.0,1,1.0,1,0.30513487800801503,57
4619,1,9820,3692,6128,0,0,0,1.0,1,1.0,1,1.0,1,0.3139809611978233,57
4620,0,9820,3692,6128,0,0,0,1.0,1,1.0,1,1.0,1,0.3139809611978233,57
4621,3,9823,3692,6131,0,0,0,1.0,1,1.0,1,1.0,1,0.27530353153084797,59
4622,3,9826,3693,6133,0,0,0,1.0,1,1.0,1,1.0,1,0.2719473800102081,60
4623,2,9828,3694,6134,0,0,0,1.0,1,1.0,1,1.0,1,0.2863849891507089,59
4624,4,9832,3696,6136,0,0,0,1.0,1,1.0,1,1.0,1,0.2726684587312144,59
4625,1,9833,3697,6136,0,0,0,1.0,1,1.0,1,1.0,1,0.27639806510228676,57
4626,3,9836,3700,6136,0,0,0,1.0,1,1.0,1,1.0,1,0.32697536574323177,56
4627,2,9838,3701,6137,0,0,0,1.0,1,1.0,1,1.0,1,0.33148002620155687,56
4628,4,9842,3702,6140,0,0,0,1.0,1,1.0,1,1.0,1,0.3531893651979623,56
4629,2,9844,3702,6142,0,0,0,1.0,1,1.0,1,1.0,1,0.37297204779365384,56
4630,3,9847,3703,6144,0,0,0,1.0,1,1.0,1,1.0,1,0.3628967313533812,57
4631,1,9848,3703,6145,0,0,0,1.0,1,1.0,1,1.0,1,0.39203849208052466,56
4632,2,9850,3704,6146,0,0,0,1.0,1,1.0,1,1.0,1,0.40433299054910177,57
4633,2,9852,3704,6148,0,0,0,1.0,1,1.0,1,1.0,1,0.3850388679445849,58
4634,2,9854,3704,6150,0,0,0,1.0,1,1.0,1,1.0,1,0.37549305174547803,58
4635,3,9857,3704,6153,0,0,0,1.0,1,1.0,1,1.0,1,0.33320141703146217,59
4636,0,9857,3704,6153,0,0,0,1.0,1,1.0,1,1.0,1,0.31056515658204215,60
4637,2,9859,3705,6154,0,0,0,1.0,1,1.0,1,1.0,1,0.3057064365925635,60
4638,2,9861,3705,6156,0,0,0,1.0,1,1.0,1,1.0,1,0.2997110089559038,61
4639,3,9864,3706,6158,0,0,0,1.0,1,1.0,1,1.0,1,0.29160520538392076,62
4640,1,9865,3706,6159,0,0,0,1.0,1,1.0,1,1.0,1,0.2997317749460013,63
4641,8,9873,3709,6164,0,0,0,1.0,1,1.0,1,1.0,1,0.24085884138937025,63
4642,2,9875,3709,6166,0,0,0,1.0,1,1.0,1,1.0,1,0.25111245341023386,62
4643,7,9882,3711,6171,0,0,0,1.0,1,1.0,1,1.0,1,0.24656594419855174,63
4644,1,9883,3711,6172,0,0,0,1.0,1,1.0,1,1.0,1,0.2594316420080699,62
4645,3,9886,3711,6175,0,0,0,1.0,1,1.0,1,1.0,1,0.26253348092529033,63
4646,5,9891,3712,6179,0,0,0,1.0,1,1.0,1,1.0,1,0.2671549344948304,63
4647,6,9897,3713,6184,0,0,0,1.0,1,1.0,1,1.0,1,0.2572400829461705,62
4648,5,9902,3714,6188,0,0,0,1.0,1,1.0,1,1.0,1,0.2888075899071427,63
4649,4,9906,3716,6190,0,0,0,1.0,1,1.0,1,1.0,1,0.26124724314411085,61
4650,3,9909,3718,6191,0,0,0,1.0,1,1.0,1,1.0,1,0.2420635109076299,63
4651,4,9913,3720,6193,0,0,0,1.0,1,1.0,1,1.0,1,0.23512864318036303,62
4652,1,9914,3721,6193,0,0,0,1.0,1,1.0,1,1.0,1,0.2720421410283966,59
4653,0,9914,3721,6193,0,0,0,1.0,1,1.0,1,1.0,1,0.2808555136350487,60
4654,2,9916,3722,6194,0,0,0,1.0,1,1.0,1,1.0,1,0.2789827984537442,60
4655,1,9917,3722,6195,0,0,0,1.0,1,1.0,1,1.0,1,0.27630197358703557,60
4656,3,9920,3723,6197,0,0,0,1.0,1,1.0,1,1.0,1,0.29459232670377355,61
4657,2,9922,3723,6199,0,0,0,1.0,1,1.0,1,1.0,1,0.29129385848681416,62
4658,3,9925,3724,6201,0,0,0,1.0,1,1.0,1,1.0,1,0.2942028921568921,62
4659,4,9929,3724,6205,0,0,0,1.0,1,1.0,1,1.0,1,0.3035048477262873,61
4660,8,9937,3726,6211,0,0,0,1.0,1,1.0,1,1.0,1,0.3537160299131411,61
4661,3,9940,3726,6214,0,0,0,1.0,1,1.0,1,1.0,1,0.32518738199788855,61
4662,0,9940,3726,6214,0,0,0,1.0,1,1.0,1,1.0,1,0.31398347686474315,62
4663,2,9942,3726,6216,0,0,0,1.0,1,1.0,1,1.0,1,0.26967837077545215,61
4664,3,9945,3727,6218,0,0,0,1.0,1,1.0,1,1.0,1,0.2502023557716848,62
4665,0,9945,3727,6218,0,0,0,1.0,1,1.0,1,1.0,1,0.2463376242335709,61
4666,5,9950,3728,6222,0,0,0,1.0,1,1.0,1,1.0,1,0.1907179415877067,61
4667,0,9950,3728,6222,0,0,0,1.0,1,1.0,1,1.0,1,0.1938183438268559,59
4668,5,9955,3733,6222,0,0,0,1.0,1,1.0,1,1.0,1,0.2074255020186829,59
4669,1,9956,3734,6222,0,0,0,1.0,1,1.0,1,1.0,1,0.2037945806069113,58
4670,2,9958,3736,6222,0,0,0,1.0,1,1.0,1,1.0,1,0.2034591416658925,57
4671,0,9958,3736,6222,0,0,0,1.0,1,1.0,1,1.0,1,0.20565090525165025,55
4672,1,9959,3737,6222,0,0,0,1.0,1,1.0,1,1.0,1,0.2340652723144546,56
4673,1,9960,3737,6223,0,0,0,1.0,1,1.0,1,1.0,1,0.20299180380902312,58
4674,3,9963,3739,6224,0,0,0,1.0,1,1.0,1,1.0,1,0.19859576752907712,58
4675,2,9965,3739,6226,0,0,0,1.0,1,1.0,1,1.0,1,0.21911536689495692,57
4676,2,9967,3740,6227,0,0,0,1.0,1,1.0,1,1.0,1,0.22325403370820462,58
4677,0,9967,3740,6227,0,0,0,1.0,1,1.0,1,1.0,1,0.2322365529924123,57
4678,2,9969,3742,6227,0,0,0,1.0,1,1.0,1,1.0,1,0.2353610301846248,57
4679,0,9969,3742,6227,0,0,0,1.0,1,1.0,1,1.0,1,0.2353610301846248,57
4680,1,9970,3743,6227,0,0,0,1.0,1,1.0,1,1.0,1,0.25679305637043487,59
4681,7,9977,3745,6232,0,0,0,1.0,1,1.0,1,1.0,1,0.2447494002385897,60
4682,6,9983,3746,6237,0,0,0,1.0,1,1.0,1,1.0,1,0.19384037071529545,60
4683,4,9987,3747,6240,0,0,0,1.0,1,1.0,1,1.0,1,0.20457590062956368,60
4684,2,9989,3748,6241,0,0,0,1.0,1,1.0,1,1.0,1,0.23297336278685396,60
4685,3,9992,3749,6243,0,0,0,1.0,1,1.0,1,1.0,1,0.2399839127885111,59
4686,4,9996,3750,6246,0,0,0,1.0,1,1.0,1,1.0,1,0.2498953332049033,60
4687,5,10001,3751,6250,0,0,0,1.0,1,1.0,1,1.0,1,0.25772183618775063,59
4688,3,10004,3751,6253,0,0,0,1.0,1,1.0,1,1.0,1,0.255437790422232,59
4689,6,10010,3753,6257,0,0,0,1.0,1,1.0,1,1.0,1,0.3088484157343623,59
4690,4,10014,3755,6259,0,0,0,1.0,1,1.0,1,1.0,1,0.3187319830101025,58
4691,6,10020,3756,6264,0,0,0,1.0,1,1.0,1,1.0,1,0.3057772654756191,57
4692,2,10022,3756,6266,0,0,0,1.0,1,1.0,1,1.0,1,0.2950635301114252,58
4693,2,10024,3756,6268,0,0,0,1.0,1,1.0,1,1.0,1,0.2926498752670984,57
4694,3,10027,3757,6270,0,0,0,1.0,1,1.0,1,1.0,1,0.2762460974339878,57
4695,1,10028,3757,6271,0,0,0,1.0,1,1.0,1,1.0,1,0.290203411016346,56
4696,3,10031,3758,6273,0,0,0,1.0,1,1.0,1,1.0,1,0.3115781703680143,57
4697,9,10040,3758,6282,0,0,0,1.0,1,1.0,1,1.0,1,0.2940370445007734,58
4698,5,10045,3760,6285,0,0,0,1.0,1,1.0,1,1.0,1,0.28344997169608416,59
4699,4,10049,3760,6289,0,0,0,1.0,1,1.0,1,1.0,1,0.30052157816097624,58
4700,7,10056,3761,6295,0,0,0,1.0,1,1.0,1,1.0,1,0.29700407304988113,59
4701,6,10062,3761,6301,0,0,0,1.0,1,1.0,1,1.0,1,0.25028260551766673,60
4702,1,10063,3762,6301,0,0,0,1.0,1,1.0,1,1.0,1,0.2630087877273131,61
4703,4,10067,3763,6304,0,0,0,1.0,1,1.0,1,1.0,1,0.24270094100264727,59
4704,0,10067,3763,6304,0,0,0,1.0,1,1.0,1,1.0,1,0.23382754324009836,58
4705,3,10070,3764,6306,0,0,0,1.0,1,1.0,1,1.0,1,0.24669705893335814,58
4706,1,10071,3765,6306,0,0,0,1.0,1,1.0,1,1.0,1,0.26635879361327974,60
4707,1,10072,3766,6306,0,0,0,1.0,1,1.0,1,1.0,1,0.28214149903803837,57
4708,4,10076,3769,6307,0,0,0,1.0,1,1.0,1,1.0,1,0.3093580587452478,57
4709,5,10081,3772,6309,0,0,0,1.0,1,1.0,1,1.0,1,0.3155737956916211,55
4710,2,10083,3772,6311,0,0,0,1.0,1,1.0,1,1.0,1,0.2844603486636201,53
4711,1,10084,3773,6311,0,0,0,1.0,1,1.0,1,1.0,1,0.30156895349796886,52
4712,1,10085,3774,6311,0,0,0,1.0,1,1.0,1,1.0,1,0.30883394648328305,52
4713,1,10086,3775,6311,0,0,0,1.0,1,1.0,1,1.0,1,0.3159491615418076,51
4714,0,10086,3775,6311,0,0,0,1.0,1,1.0,1,1.0,1,0.31785678565211256,50
4715,1,10087,3776,6311,0,0,0,1.0,1,1.0,1,1.0,1,0.32579579225064914,50
4716,1,10088,3777,6311,0,0,0,1.0,1,1.0,1,1.0,1,0.3338525035349742,49
4717,3,10091,3779,6312,0,0,0,1.0,1,1.0,1,1.0,1,0.35187313531902603,49
4718,2,10093,3779,6314,0,0,0,1.0,1,1.0,1,1.0,1,0.3483884894900153,50
4719,1,10094,3779,6315,0,0,0,1.0,1,1.0,1,1.0,1,0.33829847447016964,49
4720,0,10094,3779,6315,0,0,0,1.0,1,1.0,1,1.0,1,0.33829847447016964,49
4721,6,10100,3779,6321,0,0,0,1.0,1,1.0,1,1.0,1,0.22722829726592111,50
4722,2,10102,3780,6322,0,0,0,1.0,1,1.0,1,1.0,1,0.25760655015376405,51
4723,2,10104,3782,6322,0,0,0,1.0,1,1.0,1,1.0,1,0.25154284339665745,50
4724,2,10106,3782,6324,0,0,0,1.0,1,1.0,1,1.0,1,0.2742387778424782,50
4725,0,10106,3782,6324,0,0,0,1.0,1,1.0,1,1.0,1,0.287784725998232,52
4726,0,10106,3782,6324,0,0,0,1.0,1,1.0,1,1.0,1,0.30096359283180835,51
4727,0,10106,3782,6324,0,0,0,1.0,1,1.0,1,1.0,1,0.30924398240234685,52
4728,1,10107,3783,6324,0,0,0,1.0,1,1.0,1,1.0,1,0.33127824284512,52
4729,4,10111,3784,6327,0,0,0,1.0,1,1.0,1,1.0,1,0.3264996352996781,52
4730,2,10113,3785,6328,0,0,0,1.0,1,1.0,1,1.0,1,0.38753579019089696,50
4731,5,10118,3786,6332,0,0,0,1.0,1,1.0,1,1.0,1,0.3836558533888998,51
4732,3,10121,3787,6334,0,0,0,1.0,1,1.0,1,1.0,1,0.38493489654010543,52
4733,4,10125,3787,6338,0,0,0,1.0,1,1.0,1,1.0,1,0.3637767471423032,53
4734,3,10128,3788,6340,0,0,0,1.0,1,1.0,1,1.0,1,0.3925000954198391,53
4735,7,10135,3789,6346,0,0,0,1.0,1,1.0,1,1.0,1,0.36668225791655257,53
4736,4,10139,3790,6349,0,0,0,1.0,1,1.0,1,1.0,1,0.3736363092722639,55
4737,5,10144,3790,6354,0,0,0,1.0,1,1.0,1,1.0,1,0.3649117491552523,57
4738,4,10148,3790,6358,0,0,0,1.0,1,1.0,1,1.0,1,0.3373996809747306,57
4739,4,10152,3790,6362,0,0,0,1.0,1,1.0,1,1.0,1,0.3522556890183815,57
4740,5,10157,3790,6367,0,0,0,1.0,1,1.0,1,1.0,1,0.34279712174349847,57
4741,3,10160,3790,6370,0,0,0,1.0,1,1.0,1,1.0,1,0.3195849240393658,58
4742,3,10163,3792,6371,0,0,0,1.0,1,1.0,1,1.0,1,0.3278040096827935,58
4743,1,10164,3792,6372,0,0,0,1.0,1,1.0,1,1.0,1,0.2956695230684322,56
4744,2,10166,3794,6372,0,0,0,1.0,1,1.0,1,1.0,1,0.31882476615672084,57
4745,3,10169,3795,6374,0,0,0,1.0,1,1.0,1,1.0,1,0.29975352507345665,56
4746,2,10171,3797,6374,0,0,0,1.0,1,1.0,1,1.0,1,0.3259713121256106,56
4747,5,10176,3799,6377,0,0,0,1.0,1,1.0,1,1.0,1,0.3284340391570529,55
4748,2,10178,3801,6377,0,0,0,1.0,1,1.0,1,1.0,1,0.3664168692117922,55
4749,2,10180,3802,6378,0,0,0,1.0,1,1.0,1,1.0,1,0.3722355102775066,54
4750,2,10182,3804,6378,0,0,0,1.0,1,1.0,1,1.0,1,0.3622175085230772,53
4751,3,10185,3805,6380,0,0,0,1.0,1,1.0,1,1.0,1,0.3770084978613981,53
4752,3,10188,3806,6382,0,0,0,1.0,1,1.0,1,1.0,1,0.3344695049978095,53
4753,1,10189,3807,6382,0,0,0,1.0,1,1.0,1,1.0,1,0.3699958576099888,52
4754,2,10191,3807,6384,0,0,0,1.0,1,1.0,1,1.0,1,0.3362558540781541,52
4755,0,10191,3807,6384,0,0,0,1.0,1,1.0,1,1.0,1,0.3400166074081863,51
4756,3,10194,3807,6387,0,0,0,1.0,1,1.0,1,1.0,1,0.31922618359155375,52
4757,1,10195,3807,6388,0,0,0,1.0,1,1.0,1,1.0,1,0.3023710331985838,51
4758,1,10196,3807,6389,0,0,0,1.0,1,1.0,1,1.0,1,0.2916390925492983,51
4759,2,10198,3807,6391,0,0,0,1.0,1,1.0,1,1.0,1,0.2723556341967418,51
4760,1,10199,3807,6392,0,0,0,1.0,1,1.0,1,1.0,1,0.2705225604350343,52
4761,4,10203,3809,6394,0,0,0,1.0,1,1.0,1,1.0,1,0.2047091239251179,50
4762,1,10204,3809,6395,0,0,0,1.0,1,1.0,1,1.0,1,0.20150391415126892,51
4763,2,10206,3809,6397,0,0,0,1.0,1,1.0,1,1.0,1,0.18466784111847726,51
4764,1,10207,3810,6397,0,0,0,1.0,1,1.0,1,1.0,1,0.19534351975695954,53
4765,1,10208,3811,6397,0,0,0,1.0,1,1.0,1,1.0,1,0.22040365640148502,53
4766,2,10210,3812,6398,0,0,0,1.0,1,1.0,1,1.0,1,0.24033361395155917,55
4767,4,10214,3813,6401,0,0,0,1.0,1,1.0,1,1.0,1,0.21889145567222937,56
4768,0,10214,3813,6401,0,0,0,1.0,1,1.0,1,1.0,1,0.2112119072418337,56
4769,0,10214,3813,6401,0,0,0,1.0,1,1.0,1,1.0,1,0.2112119072418337,56
4770,0,10214,3813,6401,0,0,0,1.0,1,1.0,1,1.0,1,0.2112119072418337,56
4771,0,10214,3813,6401,0,0,0,1.0,1,1.0,1,1.0,1,0.21973086078295928,55
4772,5,10219,3815,6404,0,0,0,1.0,1,1.0,1,1.0,1,0.17817436810055143,56
4773,2,10221,3815,6406,0,0,0,1.0,1,1.0,1,1.0,1,0.1734990746242837,56
4774,0,10221,3815,6406,0,0,0,1.0,1,1.0,1,1.0,1,0.16931485463738083,58
4775,0,10221,3815,6406,0,0,0,1.0,1,1.0,1,1.0,1,0.17641365088005295,59
4776,0,10221,3815,6406,0,0,0,1.0,1,1.0,1,1.0,1,0.17641365088005295,59
4777,2,10223,3816,6407,0,0,0,1.0,1,1.0,1,1.0,1,0.18260000678472116,60
4778,2,10225,3816,6409,0,0,0,1.0,1,1.0,1,1.0,1,0.1563603979401332,60
4779,3,10228,3816,6412,0,0,0,1.0,1,1.0,1,1.0,1,0.1791104244108905,61
4780,0,10228,3816,6412,0,0,0,1.0,1,1.0,1,1.0,1,0.18965147043407363,63
4781,3,10231,3816,6415,0,0,0,1.0,1,1.0,1,1.0,1,0.16130965550378626,62
4782,1,10232,3817,6415,0,0,0,1.0,1,1.0,1,1.0,1,0.18027819011671514,63
4783,2,10234,3818,6416,0,0,0,1.0,1,1.0,1,1.0,1,0.1595197664116482,62
4784,8,10242,3822,6420,0,0,0,1.0,1,1.0,1,1.0,1,0.17194475030295917,62
4785,4,10246,3824,6422,0,0,0,1.0,1,1.0,1,1.0,1,0.11850828188166394,62
4786,1,10247,3825,6422,0,0,0,1.0,1,1.0,1,1.0,1,0.1398554333283872,63
4787,2,10249,3826,6423,0,0,0,1.0,1,1.0,1,1.0,1,0.12690793272564718,62
4788,7,10256,3832,6424,0,0,0,1.0,1,1.0,1,1.0,1,0.11349741529195573,62
4789,4,10260,3834,6426,0,0,0,1.0,1,1.0,1,1.0,1,0.12509556693254606,60
4790,3,10263,3836,6427,0,0,0,1.0,1,1.0,1,1.0,1,0.13343141431848185,61
4791,2,10265,3837,6428,0,0,0,1.0,1,1.0,1,1.0,1,0.13741900035737806,60
4792,4,10269,3841,6428,0,0,0,1.0,1,1.0,1,1.0,1,0.19463990931265157,60
4793,1,10270,3842,6428,0,0,0,1.0,1,1.0,1,1.0,1,0.18577423392050355,61
4794,4,10274,3845,6429,0,0,0,1.0,1,1.0,1,1.0,1,0.23076351362419242,59
4795,5,10279,3846,6433,0,0,0,1.0,1,1.0,1,1.0,1,0.22070837639770718,61
4796,1,10280,3847,6433,0,0,0,1.0,1,1.0,1,1.0,1,0.23064027807286255,59
4797,2,10282,3848,6434,0,0,0,1.0,1,1.0,1,1.0,1,0.2091724924760047,58
4798,1,10283,3849,6434,0,0,0,1.0,1,1.0,1,1.0,1,0.20058403259300062,59
4799,2,10285,3850,6435,0,0,0,1.0,1,1.0,1,1.0,1,0.1872019452327484,57
4800,4,10289,3851,6438,0,0,0,1.0,1,1.0,1,1.0,1,0.16600100071294627,58
4801,3,10292,3852,6440,0,0,0,1.0,1,1.0,1,1.0,1,0.1267048369494263,57
4802,2,10294,3853,6441,0,0,0,1.0,1,1.0,1,1.0,1,0.12313918225097363,57
4803,0,10294,3853,6441,0,0,0,1.0,1,1.0,1,1.0,1,0.11494973037144186,56
4804,1,10295,3853,6442,0,0,0,1.0,1,1.0,1,1.0,1,0.09292538278393636,54
4805,1,10296,3854,6442,0,0,0,1.0,1,1.0,1,1.0,1,0.13459760314827057,56
4806,0,10296,3854,6442,0,0,0,1.0,1,1.0,1,1.0,1,0.13680243392812114,55
4807,2,10298,3855,6443,0,0,0,1.0,1,1.0,1,1.0,1,0.11704799393412699,54
4808,0,10298,3855,6443,0,0,0,1.0,1,1.0,1,1.0,1,0.14105470196170428,53
4809,1,10299,3856,6443,0,0,0,1.0,1,1.0,1,1.0,1,0.1659097078551655,53
4810,1,10300,3857,6443,0,0,0,1.0,1,1.0,1,1.0,1,0.1720189756440287,51
4811,1,10301,3858,6443,0,0,0,1.0,1,1.0,1,1.0,1,0.17383060321789642,52
4812,0,10301,3858,6443,0,0,0,1.0,1,1.0,1,1.0,1,0.17935357730281784,52
4813,1,10302,3859,6443,0,0,0,1.0,1,1.0,1,1.0,1,0.18281445488493675,52
4814,6,10308,3863,6445,0,0,0,1.0,1,1.0,1,1.0,1,0.21838129207065565,53
4815,3,10311,3865,6446,0,0,0,1.0,1,1.0,1,1.0,1,0.21023967294642837,54
4816,1,10312,3865,6447,0,0,0,1.0,1,1.0,1,1.0,1,0.21371056386269402,54
4817,9,10321,3869,6452,0,0,0,1.0,1,1.0,1,1.0,1,0.293978646478821,55
4818,6,10327,3871,6456,0,0,0,1.0,1,1.0,1,1.0,1,0.25652532347437385,55
4819,2,10329,3872,6457,0,0,0,1.0,1,1.0,1,1.0,1,0.261381517609494,55
4820,2,10331,3873,6458,0,0,0,1.0,1,1.0,1,1.0,1,0.26899141387248343,55
4821,7,10338,3875,6463,0,0,0,1.0,1,1.0,1,1.0,1,0.20330141280479466,55
4822,1,10339,3876,6463,0,0,0,1.0,1,1.0,1,1.0,1,0.17824423582066104,54
4823,3,10342,3876,6466,0,0,0,1.0,1,1.0,1,1.0,1,0.11163536059879119,54
4824,2,10344,3877,6467,0,0,0,1.0,1,1.0,1,1.0,1,0.09236523551358025,55
4825,1,10345,3878,6467,0,0,0,1.0,1,1.0,1,1.0,1,0.12329902392619503,53
4826,2,10347,3880,6467,0,0,0,1.0,1,1.0,1,1.0,1,0.11357491384784162,54
4827,0,10347,3880,6467,0,0,0,1.0,1,1.0,1,1.0,1,0.1314642882232503,53
4828,2,10349,3881,6468,0,0,0,1.0,1,1.0,1,1.0,1,0.09000864267944582,54
4829,0,10349,3881,6468,0,0,0,1.0,1,1.0,1,1.0,1,0.09096325785296415,54
4830,2,10351,3883,6468,0,0,0,1.0,1,1.0,1,1.0,1,0.1419231823897472,53
4831,1,10352,3884,6468,0,0,0,1.0,1,1.0,1,1.0,1,0.1586019401145791,52
4832,0,10352,3884,6468,0,0,0,1.0,1,1.0,1,1.0,1,0.16849806049274113,50
4833,0,10352,3884,6468,0,0,0,1.0,1,1.0,1,1.0,1,0.1765215077480083,51
4834,1,10353,3885,6468,0,0,0,1.0,1,1.0,1,1.0,1,0.23397711653957093,51
4835,0,10353,3885,6468,0,0,0,1.0,1,1.0,1,1.0,1,0.22868665398928006,50
4836,1,10354,3886,6468,0,0,0,1.0,1,1.0,1,1.0,1,0.2918235114766606,50
4837,3,10357,3888,6469,0,0,0,1.0,1,1.0,1,1.0,1,0.24654573605428645,46
4838,3,10360,3891,6469,0,0,0,1.0,1,1.0,1,1.0,1,0.2746975876624547,47
4839,1,10361,3892,6469,0,0,0,1.0,1,1.0,1,1.0,1,0.2537578811478508,45
4840,1,10362,3893,6469,0,0,0,1.0,1,1.0,1,1.0,1,0.2764955723740398,45
4841,6,10368,3895,6473,0,0,0,1.0,1,1.0,1,1.0,1,0.24476248271358603,43
4842,0,10368,3895,6473,0,0,0,1.0,1,1.0,1,1.0,1,0.21605109000232436,43
4843,1,10369,3896,6473,0,0,0,1.0,1,1.0,1,1.0,1,0.23447312331343853,44
4844,2,10371,3896,6475,0,0,0,1.0,1,1.0,1,1.0,1,0.21260342850272018,43
4845,2,10373,3898,6475,0,0,0,1.0,1,1.0,1,1.0,1,0.2439829951837976,44
4846,1,10374,3898,6476,0,0,0,1.0,1,1.0,1,1.0,1,0.2087856220701946,43
4847,1,10375,3899,6476,0,0,0,1.0,1,1.0,1,1.0,1,0.2650896952589572,42
4848,3,10378,3902,6476,0,0,0,1.0,1,1.0,1,1.0,1,0.2953132735198182,41
4849,2,10380,3903,6477,0,0,0,1.0,1,1.0,1,1.0,1,0.2323109208760082,41
4850,0,10380,3903,6477,0,0,0,1.0,1,1.0,1,1.0,1,0.2726921738609058,41
4851,1,10381,3903,6478,0,0,0,1.0,1,1.0,1,1.0,1,0.236342172738146,41
4852,0,10381,3903,6478,0,0,0,1.0,1,1.0,1,1.0,1,0.25136930174535266,43
4853,1,10382,3904,6478,0,0,0,1.0,1,1.0,1,1.0,1,0.2880307685263384,44
4854,1,10383,3905,6478,0,0,0,1.0,1,1.0,1,1.0,1,0.3294940009361489,45
4855,1,10384,3906,6478,0,0,0,1.0,1,1.0,1,1.0,1,0.328989647175198,44
4856,0,10384,3906,6478,0,0,0,1.0,1,1.0,1,1.0,1,0.328989647175198,44
4857,2,10386,3906,6480,0,0,0,1.0,1,1.0,1,1.0,1,0.30161711057802326,44
4858,0,10386,3906,6480,0,0,0,1.0,1,1.0,1,1.0,1,0.3053774203341182,45
4859,1,10387,3906,6481,0,0,0,1.0,1,1.0,1,1.0,1,0.305626105912051,46
4860,1,10388,3906,6482,0,0,0,1.0,1,1.0,1,1.0,1,0.3052211131878319,46
4861,2,10390,3906,6484,0,0,0,1.0,1,1.0,1,1.0,1,0.25854220586923743,46
4862,2,10392,3906,6486,0,0,0,1.0,1,1.0,1,1.0,1,0.24833913289292536,47
4863,1,10393,3907,6486,0,0,0,1.0,1,1.0,1,1.0,1,0.2648607911042524,47
4864,1,10394,3907,6487,0,0,0,1.0,1,1.0,1,1.0,1,0.2527210744741217,47
4865,5,10399,3907,6492,0,0,0,1.0,1,1.0,1,1.0,1,0.1820814585850516,48
4866,0,10399,3907,6492,0,0,0,1.0,1,1.0,1,1.0,1,0.18549407838495127,49
4867,1,10400,3907,6493,0,0,0,1.0,1,1.0,1,1.0,1,0.18169406603683982,50
4868,2,10402,3909,6493,0,0,0,1.0,1,1.0,1,1.0,1,0.18246588760195204,50
4869,0,10402,3909,6493,0,0,0,1.0,1,1.0,1,1.0,1,0.18246588760195204,50
4870,6,10408,3912,6496,0,0,0,1.0,1,1.0,1,1.0,1,0.19716570213388668,52
4871,2,10410,3912,6498,0,0,0,1.0,1,1.0,1,1.0,1,0.17147895570421742,52
4872,2,10412,3913,6499,0,0,0,1.0,1,1.0,1,1.0,1,0.152019666388288,53
4873,7,10419,3914,6505,0,0,0,1.0,1,1.0,1,1.0,1,0.15630860579211203,55
4874,0,10419,3914,6505,0,0,0,1.0,1,1.0,1,1.0,1,0.16814584987475495,56
4875,2,10421,3915,6506,0,0,0,1.0,1,1.0,1,1.0,1,0.18343736507085592,55
4876,4,10425,3917,6508,0,0,0,1.0,1,1.0,1,1.0,1,0.2187588907206103,55
4877,1,10426,3918,6508,0,0,0,1.0,1,1.0,1,1.0,1,0.22948483885799995,54
4878,2,10428,3918,6510,0,0,0,1.0,1,1.0,1,1.0,1,0.24693071248483667,53
4879,5,10433,3920,6513,0,0,0,1.0,1,1.0,1,1.0,1,0.2793484076942894,54
4880,3,10436,3921,6515,0,0,0,1.0,1,1.0,1,1.0,1,0.2855910859181917,54
4881,1,10437,3921,6516,0,0,0,1.0,1,1.0,1,1.0,1,0.25535569992777546,53
4882,2,10439,3922,6517,0,0,0,1.0,1,1.0,1,1.0,1,0.2728276892008798,53
4883,2,10441,3923,6518,0,0,0,1.0,1,1.0,1,1.0,1,0.28863936234648124,53
4884,0,10441,3923,6518,0,0,0,1.0,1,1.0,1,1.0,1,0.2736663543088542,51
4885,1,10442,3924,6518,0,0,0,1.0,1,1.0,1,1.0,1,0.28695537581657554,50
4886,0,10442,3924,6518,0,0,0,1.0,1,1.0,1,1.0,1,0.2693096443287075,48
4887,0,10442,3924,6518,0,0,0,1.0,1,1.0,1,1.0,1,0.2693096443287075,48
4888,1,10443,3925,6518,0,0,0,1.0,1,1.0,1,1.0,1,0.2780335308557824,48
4889,0,10443,3925,6518,0,0,0,1.0,1,1.0,1,1.0,1,0.2780335308557824,48
4890,0,10443,3925,6518,0,0,0,1.0,1,1.0,1,1.0,1,0.28612688191958924,49
4891,1,10444,3926,6518,0,0,0,1.0,1,1.0,1,1.0,1,0.33101438960347795,50
4892,0,10444,3926,6518,0,0,0,1.0,1,1.0,1,1.0,1,0.3491690004379623,49
4893,0,10444,3926,6518,0,0,0,1.0,1,1.0,1,1.0,1,0.35718781188828,50
4894,1,10445,3926,6519,0,0,0,1.0,1,1.0,1,1.0,1,0.3447040494357262,51
4895,2,10447,3926,6521,0,0,0,1.0,1,1.0,1,1.0,1,0.3363749098293642,52
4896,3,10450,3927,6523,0,0,0,1.0,1,1.0,1,1.0,1,0.28563773389272723,53
4897,0,10450,3927,6523,0,0,0,1.0,1,1.0,1,1.0,1,0.28563773389272723,53
4898,2,10452,3929,6523,0,0,0,1.0,1,1.0,1,1.0,1,0.2751336935403744,53
4899,3,10455,3930,6525,0,0,0,1.0,1,1.0,1,1.0,1,0.24360127826450195,55
4900,3,10458,3931,6527,0,0,0,1.0,1,1.0,1,1.0,1,0.2649570815797261,55
4901,5,10463,3932,6531,0,0,0,1.0,1,1.0,1,1.0,1,0.1922571036729116,56
4902,3,10466,3934,6532,0,0,0,1.0,1,1.0,1,1.0,1,0.2371778292688977,58
4903,2,10468,3936,6532,0,0,0,1.0,1,1.0,1,1.0,1,0.22515200755067366,58
4904,2,10470,3937,6533,0,0,0,1.0,1,1.0,1,1.0,1,0.22894637071808688,57
4905,0,10470,3937,6533,0,0,0,1.0,1,1.0,1,1.0,1,0.25429954526115106,54
4906,1,10471,3938,6533,0,0,0,1.0,1,1.0,1,1.0,1,0.2588466354474187,55
4907,1,10472,3938,6534,0,0,0,1.0,1,1.0,1,1.0,1,0.28341032116505477,52
4908,2,10474,3939,6535,0,0,0,1.0,1,1.0,1,1.0,1,0.26259505628450047,53
4909,0,10474,3939,6535,0,0,0,1.0,1,1.0,1,1.0,1,0.26999354831317884,52
4910,1,10475,3939,6536,0,0,0,1.0,1,1.0,1,1.0,1,0.27293401564370906,53
4911,0,10475,3939,6536,0,0,0,1.0,1,1.0,1,1.0,1,0.26995388917016144,55
4912,2,10477,3940,6537,0,0,0,1.0,1,1.0,1,1.0,1,0.27448594967041956,54
4913,0,10477,3940,6537,0,0,0,1.0,1,1.0,1,1.0,1,0.2654770937207356,53
4914,1,10478,3941,6537,0,0,0,1.0,1,1.0,1,1.0,1,0.2689004869813468,53
4915,2,10480,3943,6537,0,0,0,1.0,1,1.0,1,1.0,1,0.27032220490384057,54
4916,1,10481,3944,6537,0,0,0,1.0,1,1.0,1,1.0,1,0.2576210823371277,52
4917,1,10482,3945,6537,0,0,0,1.0,1,1.0,1,1.0,1,0.2524382942791163,52
4918,0,10482,3945,6537,0,0,0,1.0,1,1.0,1,1.0,1,0.2488367487770428,51
4919,0,10482,3945,6537,0,0,0,1.0,1,1.0,1,1.0,1,0.26453451393779553,50
4920,1,10483,3945,6538,0,0,0,1.0,1,1.0,1,1.0,1,0.26127468542388166,51
4921,1,10484,3946,6538,0,0,0,1.0,1,1.0,1,1.0,1,0.26420742756740695,51
4922,3,10487,3947,6540,0,0,0,1.0,1,1.0,1,1.0,1,0.2895470604839848,53
4923,2,10489,3948,6541,0,0,0,1.0,1,1.0,1,1.0,1,0.2725300559189523,53
4924,3,10492,3949,6543,0,0,0,1.0,1,1.0,1,1.0,1,0.2532015968558848,55
4925,3,10495,3951,6544,0,0,0,1.0,1,1.0,1,1.0,1,0.24862442975977092,56
4926,1,10496,3951,6545,0,0,0,1.0,1,1.0,1,1.0,1,0.23193623953268325,55
4927,2,10498,3953,6545,0,0,0,1.0,1,1.0,1,1.0,1,0.2464884444101396,55
4928,0,10498,3953,6545,0,0,0,1.0,1,1.0,1,1.0,1,0.2464884444101396,55
4929,1,10499,3953,6546,0,0,0,1.0,1,1.0,1,1.0,1,0.21306026206522893,56
4930,2,10501,3955,6546,0,0,0,1.0,1,1.0,1,1.0,1,0.2557276702645112,58
4931,1,10502,3955,6547,0,0,0,1.0,1,1.0,1,1.0,1,0.23330418111905374,59
4932,1,10503,3955,6548,0,0,0,1.0,1,1.0,1,1.0,1,0.24388542593069215,60
4933,1,10504,3955,6549,0,0,0,1.0,1,1.0,1,1.0,1,0.2255693616544557,60
4934,0,10504,3955,6549,0,0,0,1.0,1,1.0,1,1.0,1,0.2255693616544557,60
4935,0,10504,3955,6549,0,0,0,1.0,1,1.0,1,1.0,1,0.2255693616544557,60
4936,0,10504,3955,6549,0,0,0,1.0,1,1.0,1,1.0,1,0.2107872847271974,61
4937,3,10507,3955,6552,0,0,0,1.0,1,1.0,1,1.0,1,0.19733851715618725,62
4938,3,10510,3956,6554,0,0,0,1.0,1,1.0,1,1.0,1,0.14668256774218297,62
4939,4,10514,3960,6554,0,0,0,1.0,1,1.0,1,1.0,1,0.1503189546607937,64
4940,2,10516,3960,6556,0,0,0,1.0,1,1.0,1,1.0,1,0.1300274288420741,67
4941,1,10517,3960,6557,0,0,0,1.0,1,1.0,1,1.0,1,0.13253096899471511,66
4942,2,10519,3962,6557,0,0,0,1.0,1,1.0,1,1.0,1,0.15601181315333354,67
4943,1,10520,3963,6557,0,0,0,1.0,1,1.0,1,1.0,1,0.18553703019289186,65
4944,4,10524,3965,6559,0,0,0,1.0,1,1.0,1,1.0,1,0.17224465440369074,65
4945,2,10526,3967,6559,0,0,0,1.0,1,1.0,1,1.0,1,0.19091260666054505,62
4946,3,10529,3969,6560,0,0,0,1.0,1,1.0,1,1.0,1,0.2003655192422806,61
4947,1,10530,3970,6560,0,0,0,1.0,1,1.0,1,1.0,1,0.20504204324922967,59
4948,3,10533,3973,6560,0,0,0,1.0,1,1.0,1,1.0,1,0.26002994565670934,59
4949,3,10536,3973,6563,0,0,0,1.0,1,1.0,1,1.0,1,0.22700153304030732,57
4950,10,10546,3979,6567,0,0,0,1.0,1,1.0,1,1.0,1,0.22498267062675917,58
4951,4,10550,3982,6568,0,0,0,1.0,1,1.0,1,1.0,1,0.21272528167384439,55
4952,4,10554,3985,6569,0,0,0,1.0,1,1.0,1,1.0,1,0.23106121628340653,53
4953,2,10556,3987,6569,0,0,0,1.0,1,1.0,1,1.0,1,0.2726762232280603,54
4954,1,10557,3987,6570,0,0,0,1.0,1,1.0,1,1.0,1,0.2322111794239935,52
4955,0,10557,3987,6570,0,0,0,1.0,1,1.0,1,1.0,1,0.2328466564138517,51
4956,0,10557,3987,6570,0,0,0,1.0,1,1.0,1,1.0,1,0.2568292380983902,47
4957,1,10558,3987,6571,0,0,0,1.0,1,1.0,1,1.0,1,0.2617645416653946,48
4958,0,10558,3987,6571,0,0,0,1.0,1,1.0,1,1.0,1,0.25692349788992314,47
4959,0,10558,3987,6571,0,0,0,1.0,1,1.0,1,1.0,1,0.25692349788992314,47
4960,0,10558,3987,6571,0,0,0,1.0,1,1.0,1,1.0,1,0.26290684226895855,48
4961,6,10564,3989,6575,0,0,0,1.0,1,1.0,1,1.0,1,0.21871437422595402,49
4962,2,10566,3989,6577,0,0,0,1.0,1,1.0,1,1.0,1,0.17433944694344108,49
4963,0,10566,3989,6577,0,0,0,1.0,1,1.0,1,1.0,1,0.18617909736592453,51
4964,5,10571,3991,6580,0,0,0,1.0,1,1.0,1,1.0,1,0.19176782078613186,51
4965,2,10573,3992,6581,0,0,0,1.0,1,1.0,1,1.0,1,0.18580730621926136,51
4966,2,10575,3992,6583,0,0,0,1.0,1,1.0,1,1.0,1,0.16635245454051628,51
4967,2,10577,3993,6584,0,0,0,1.0,1,1.0,1,1.0,1,0.19951519036121815,51
4968,4,10581,3994,6587,0,0,0,1.0,1,1.0,1,1.0,1,0.20902104173653682,52
4969,4,10585,3995,6590,0,0,0,1.0,1,1.0,1,1.0,1,0.21307990495702117,53
4970,2,10587,3995,6592,0,0,0,1.0,1,1.0,1,1.0,1,0.2252260614532751,54
4971,2,10589,3995,6594,0,0,0,1.0,1,1.0,1,1.0,1,0.19931216563424567,55
4972,4,10593,3995,6598,0,0,0,1.0,1,1.0,1,1.0,1,0.23350461221956056,56
4973,5,10598,3995,6603,0,0,0,1.0,1,1.0,1,1.0,1,0.22910878160326376,57
4974,2,10600,3995,6605,0,0,0,1.0,1,1.0,1,1.0,1,0.22503132727559594,56
4975,4,10604,3996,6608,0,0,0,1.0,1,1.0,1,1.0,1,0.22386056898504075,57
4976,4,10608,3998,6610,0,0,0,1.0,1,1.0,1,1.0,1,0.183037797734753,57
4977,4,10612,3998,6614,0,0,0,1.0,1,1.0,1,1.0,1,0.183037797734753,57
4978,6,10618,4000,6618,0,0,0,1.0,1,1.0,1,1.0,1,0.15768505742115121,58
4979,2,10620,4001,6619,0,0,0,1.0,1,1.0,1,1.0,1,0.20097713655838095,58
4980,4,10624,4002,6622,0,0,0,1.0,1,1.0,1,1.0,1,0.20582711961413686,59
4981,5,10629,4004,6625,0,0,0,1.0,1,1.0,1,1.0,1,0.18252940008242716,60
4982,1,10630,4005,6625,0,0,0,1.0,1,1.0,1,1.0,1,0.16897690061990794,61
4983,2,10632,4007,6625,0,0,0,1.0,1,1.0,1,1.0,1,0.15059734248137963,61
4984,1,10633,4008,6625,0,0,0,1.0,1,1.0,1,1.0,1,0.15812375974560153,59
4985,0,10633,4008,6625,0,0,0,1.0,1,1.0,1,1.0,1,0.1805971019034291,58
4986,1,10634,4009,6625,0,0,0,1.0,1,1.0,1,1.0,1,0.17200685407748786,59
4987,1,10635,4010,6625,0,0,0,1.0,1,1.0,1,1.0,1,0.189148704099156,58
4988,5,10640,4014,6626,0,0,0,1.0,1,1.0,1,1.0,1,0.2364480143952873,57
4989,4,10644,4015,6629,0,0,0,1.0,1,1.0,1,1.0,1,0.18384360890845583,54
4990,4,10648,4017,6631,0,0,0,1.0,1,1.0,1,1.0,1,0.18325386523785311,53
4991,4,10652,4020,6632,0,0,0,1.0,1,1.0,1,1.0,1,0.22780476075083483,52
4992,1,10653,4021,6632,0,0,0,1.0,1,1.0,1,1.0,1,0.23603847101247985,48
4993,0,10653,4021,6632,0,0,0,1.0,1,1.0,1,1.0,1,0.23603847101247985,48
4994,1,10654,4022,6632,0,0,0,1.0,1,1.0,1,1.0,1,0.24373417267178157,45
4995,3,10657,4024,6633,0,0,0,1.0,1,1.0,1,1.0,1,0.21565417722251704,45
4996,4,10661,4027,6634,0,0,0,1.0,1,1.0,1,1.0,1,0.2077406540483984,45
4997,1,10662,4028,6634,0,0,0,1.0,1,1.0,1,1.0,1,0.24353239803777701,42
4998,2,10664,4029,6635,0,0,0,1.0,1,1.0,1,1.0,1,0.25131331861783757,44
4999,4,10668,4031,6637,0,0,0,1.0,1,1.0,1,1.0,1,0.3056232301849134,44
5000,0,10668,4031,6637,0,0,0,1.0,1,1.0,1,1.0,1,0.3148270149145668,42
5001,3,10671,4032,6639,0,0,0,1.0,1,1.0,1,1.0,1,0.28586870166807354,42
5002,3,10674,4034,6640,0,0,0,1.0,1,1.0,1,1.0,1,0.25751658801596394,41
5003,2,10676,4035,6641,0,0,0,1.0,1,1.0,1,1.0,1,0.2895824667541486,41
5004,0,10676,4035,6641,0,0,0,1.0,1,1.0,1,1.0,1,0.31359964443209903,41
5005,0,10676,4035,6641,0,0,0,1.0,1,1.0,1,1.0,1,0.31359964443209903,41
5006,1,10677,4035,6642,0,0,0,1.0,1,1.0,1,1.0,1,0.28597062079734564,42
5007,0,10677,4035,6642,0,0,0,1.0,1,1.0,1,1.0,1,0.2920637693272912,43
5008,1,10678,4035,6643,0,0,0,1.0,1,1.0,1,1.0,1,0.258777463142399,46
5009,0,10678,4035,6643,0,0,0,1.0,1,1.0,1,1.0,1,0.258777463142399,46
5010,2,10680,4035,6645,0,0,0,1.0,1,1.0,1,1.0,1,0.2376560134294668,46
5011,0,10680,4035,6645,0,0,0,1.0,1,1.0,1,1.0,1,0.2491898545966119,47
5012,0,10680,4035,6645,0,0,0,1.0,1,1.0,1,1.0,1,0.25962041598801633,48
5013,0,10680,4035,6645,0,0,0,1.0,1,1.0,1,1.0,1,0.25962041598801633,48
5014,0,10680,4035,6645,0,0,0,1.0,1,1.0,1,1.0,1,0.2601529820001806,49
5015,3,10683,4036,6647,0,0,0,1.0,1,1.0,1,1.0,1,0.26078278542145666,50
5016,3,10686,4038,6648,0,0,0,1.0,1,1.0,1,1.0,1,0.3158665954211468,51
5017,2,10688,4038,6650,0,0,0,1.0,1,1.0,1,1.0,1,0.3158665954211468,51
5018,2,10690,4039,6651,0,0,0,1.0,1,1.0,1,1.0,1,0.29651710169586953,51
5019,3,10693,4040,6653,0,0,0,1.0,1,1.0,1,1.0,1,0.2968040450992618,51
5020,0,10693,4040,6653,0,0,0,1.0,1,1.0,1,1.0,1,0.2968040450992618,51
5021,5,10698,4040,6658,0,0,0,1.0,1,1.0,1,1.0,1,0.24905968608797732,52
5022,2,10700,4041,6659,0,0,0,1.0,1,1.0,1,1.0,1,0.22558257597580791,52
5023,4,10704,4044,6660,0,0,0,1.0,1,1.0,1,1.0,1,0.2643414410945229,52
5024,5,10709,4047,6662,0,0,0,1.0,1,1.0,1,1.0,1,0.28739774868191603,51
5025,0,10709,4047,6662,0,0,0,1.0,1,1.0,1,1.0,1,0.2743970081625117,50
5026,2,10711,4049,6662,0,0,0,1.0,1,1.0,1,1.0,1,0.3194234370101797,49
5027,0,10711,4049,6662,0,0,0,1.0,1,1.0,1,1.0,1,0.33104609845203836,47
5028,3,10714,4050,6664,0,0,0,1.0,1,1.0,1,1.0,1,0.34043910332085,47
5029,1,10715,4051,6664,0,0,0,1.0,1,1.0,1,1.0,1,0.34274620892837526,46
5030,0,10715,4051,6664,0,0,0,1.0,1,1.0,1,1.0,1,0.3264611754380111,48
5031,2,10717,4053,6664,0,0,0,1.0,1,1.0,1,1.0,1,0.3773845815428506,46
5032,2,10719,4054,6665,0,0,0,1.0,1,1.0,1,1.0,1,0.4108745318151205,46
5033,3,10722,4055,6667,0,0,0,1.0,1,1.0,1,1.0,1,0.37863021548712084,47
5034,1,10723,4056,6667,0,0,0,1.0,1,1.0,1,1.0,1,0.37177560946221583,48
5035,0,10723,4056,6667,0,0,0,1.0,1,1.0,1,1.0,1,0.3624137368576492,47
5036,0,10723,4056,6667,0,0,0,1.0,1,1.0,1,1.0,1,0.3624137368576492,47
5037,0,10723,4056,6667,0,0,0,1.0,1,1.0,1,1.0,1,0.36847054925023237,47
5038,1,10724,4057,6667,0,0,0,1.0,1,1.0,1,1.0,1,0.40091361163242833,48
5039,0,10724,4057,6667,0,0,0,1.0,1,1.0,1,1.0,1,0.39364106561695106,47
5040,0,10724,4057,6667,0,0,0,1.0,1,1.0,1,1.0,1,0.3975816204907758,48
5041,6,10730,4058,6672,0,0,0,1.0,1,1.0,1,1.0,1,0.2989770409358015,49
5042,1,10731,4058,6673,0,0,0,1.0,1,1.0,1,1.0,1,0.29151812622099976,50
5043,1,10732,4058,6674,0,0,0,1.0,1,1.0,1,1.0,1,0.2646025533000665,51
5044,1,10733,4058,6675,0,0,0,1.0,1,1.0,1,1.0,1,0.255296115953639,51
5045,0,10733,4058,6675,0,0,0,1.0,1,1.0,1,1.0,1,0.255296115953639,51
5046,3,10736,4058,6678,0,0,0,1.0,1,1.0,1,1.0,1,0.243164157566273,52
5047,5,10741,4058,6683,0,0,0,1.0,1,1.0,1,1.0,1,0.18927266769750334,52
5048,0,10741,4058,6683,0,0,0,1.0,1,1.0,1,1.0,1,0.18927266769750334,52
5049,0,10741,4058,6683,0,0,0,1.0,1,1.0,1,1.0,1,0.22444296399746225,52
5050,1,10742,4059,6683,0,0,0,1.0,1,1.0,1,1.0,1,0.22202670449398604,55
5051,0,10742,4059,6683,0,0,0,1.0,1,1.0,1,1.0,1,0.24182287346729578,55
5052,0,10742,4059,6683,0,0,0,1.0,1,1.0,1,1.0,1,0.24182287346729578,55
5053,1,10743,4059,6684,0,0,0,1.0,1,1.0,1,1.0,1,0.2366032385232523,54
5054,2,10745,4060,6685,0,0,0,1.0,1,1.0,1,1.0,1,0.23005232620932795,54
5055,1,10746,4060,6686,0,0,0,1.0,1,1.0,1,1.0,1,0.24040724345622322,54
5056,5,10751,4060,6691,0,0,0,1.0,1,1.0,1,1.0,1,0.1986179225647473,55
5057,2,10753,4060,6693,0,0,0,1.0,1,1.0,1,1.0,1,0.19455034924169426,56
5058,3,10756,4060,6696,0,0,0,1.0,1,1.0,1,1.0,1,0.19593225673443956,58
5059,4,10760,4060,6700,0,0,0,1.0,1,1.0,1,1.0,1,0.19718874266164924,58
5060,3,10763,4061,6702,0,0,0,1.0,1,1.0,1,1.0,1,0.18176365273310294,59
5061,3,10766,4061,6705,0,0,0,1.0,1,1.0,1,1.0,1,0.13788270326778224,58
5062,2,10768,4063,6705,0,0,0,1.0,1,1.0,1,1.0,1,0.1485540466533935,58
5063,2,10770,4065,6705,0,0,0,1.0,1,1.0,1,1.0,1,0.18529824599733133,57
5064,5,10775,4069,6706,0,0,0,1.0,1,1.0,1,1.0,1,0.24310107340451098,57
5065,1,10776,4070,6706,0,0,0,1.0,1,1.0,1,1.0,1,0.2504299117556626,56
5066,4,10780,4073,6707,0,0,0,1.0,1,1.0,1,1.0,1,0.3043460028861129,55
5067,5,10785,4074,6711,0,0,0,1.0,1,1.0,1,1.0,1,0.28077956807314974,54
5068,3,10788,4075,6713,0,0,0,1.0,1,1.0,1,1.0,1,0.32258703627311036,54
5069,4,10792,4075,6717,0,0,0,1.0,1,1.0,1,1.0,1,0.3020806640346801,53
5070,4,10796,4076,6720,0,0,0,1.0,1,1.0,1,1.0,1,0.32568900879249135,53
5071,4,10800,4076,6724,0,0,0,1.0,1,1.0,1,1.0,1,0.32913342714759614,53
5072,2,10802,4077,6725,0,0,0,1.0,1,1.0,1,1.0,1,0.26479683271574267,53
5073,2,10804,4078,6726,0,0,0,1.0,1,1.0,1,1.0,1,0.28596810883791807,53
5074,1,10805,4078,6727,0,0,0,1.0,1,1.0,1,1.0,1,0.23841783236121164,52
5075,0,10805,4078,6727,0,0,0,1.0,1,1.0,1,1.0,1,0.23841783236121164,52
5076,0,10805,4078,6727,0,0,0,1.0,1,1.0,1,1.0,1,0.24438587150715366,55
5077,3,10808,4079,6729,0,0,0,1.0,1,1.0,1,1.0,1,0.303461112647762,55
5078,1,10809,4079,6730,0,0,0,1.0,1,1.0,1,1.0,1,0.2970128136733405,55
5079,1,10810,4079,6731,0,0,0,1.0,1,1.0,1,1.0,1,0.31935020684062915,54
5080,5,10815,4079,6736,0,0,0,1.0,1,1.0,1,1.0,1,0.267844720302832,55
5081,7,10822,4079,6743,0,0,0,1.0,1,1.0,1,1.0,1,0.19189792047665216,57
5082,2,10824,4080,6744,0,0,0,1.0,1,1.0,1,1.0,1,0.18400525434329057,57
5083,1,10825,4080,6745,0,0,0,1.0,1,1.0,1,1.0,1,0.1842196079181056,58
5084,1,10826,4080,6746,0,0,0,1.0,1,1.0,1,1.0,1,0.1681100149417402,58
5085,1,10827,4080,6747,0,0,0,1.0,1,1.0,1,1.0,1,0.16940919392036888,59
5086,2,10829,4081,6748,0,0,0,1.0,1,1.0,1,1.0,1,0.16818004534019076,60
5087,3,10832,4084,6748,0,0,0,1.0,1,1.0,1,1.0,1,0.21468662403878377,61
5088,4,10836,4085,6751,0,0,0,1.0,1,1.0,1,1.0,1,0.22644593754358477,62
5089,7,10843,4089,6754,0,0,0,1.0,1,1.0,1,1.0,1,0.22915173008040646,63
5090,2,10845,4089,6756,0,0,0,1.0,1,1.0,1,1.0,1,0.22915173008040646,63
5091,4,10849,4091,6758,0,0,0,1.0,1,1.0,1,1.0,1,0.26137749689924167,63
5092,3,10852,4091,6761,0,0,0,1.0,1,1.0,1,1.0,1,0.2499472138005987,63
5093,1,10853,4091,6762,0,0,0,1.0,1,1.0,1,1.0,1,0.23780913734064174,63
5094,2,10855,4092,6763,0,0,0,1.0,1,1.0,1,1.0,1,0.23340901578095744,64
5095,3,10858,4092,6766,0,0,0,1.0,1,1.0,1,1.0,1,0.24924770850504888,64
5096,6,10864,4093,6771,0,0,0,1.0,1,1.0,1,1.0,1,0.22000283880670501,67
5097,3,10867,4093,6774,0,0,0,1.0,1,1.0,1,1.0,1,0.2019772610730925,67
5098,1,10868,4094,6774,0,0,0,1.0,1,1.0,1,1.0,1,0.1835339611051727,68
5099,2,10870,4094,6776,0,0,0,1.0,1,1.0,1,1.0,1,0.19741016369134526,70
5100,3,10873,4094,6779,0,0,0,1.0,1,1.0,1,1.0,1,0.18627692602124685,71
5101,4,10877,4095,6782,0,0,0,1.0,1,1.0,1,1.0,1,0.15293261535084673,71
5102,3,10880,4098,6782,0,0,0,1.0,1,1.0,1,1.0,1,0.17492903034596827,70
5103,1,10881,4098,6783,0,0,0,1.0,1,1.0,1,1.0,1,0.17513724928396618,67
5104,3,10884,4101,6783,0,0,0,1.0,1,1.0,1,1.0,1,0.21626120271443916,67
5105,4,10888,4104,6784,0,0,0,1.0,1,1.0,1,1.0,1,0.22072843894402133,63
5106,3,10891,4106,6785,0,0,0,1.0,1,1.0,1,1.0,1,0.25039552509318785,63
5107,4,10895,4110,6785,0,0,0,1.0,1,1.0,1,1.0,1,0.2902020380831381,60
5108,3,10898,4112,6786,0,0,0,1.0,1,1.0,1,1.0,1,0.2912382158824495,56
5109,2,10900,4113,6787,0,0,0,1.0,1,1.0,1,1.0,1,0.31439688322480164,56
5110,5,10905,4116,6789,0,0,0,1.0,1,1.0,1,1.0,1,0.2770856650680767,52
5111,2,10907,4118,6789,0,0,0,1.0,1,1.0,1,1.0,1,0.2975663034183463,51
5112,1,10908,4119,6789,0,0,0,1.0,1,1.0,1,1.0,1,0.3017875501738063,50
5113,4,10912,4123,6789,0,0,0,1.0,1,1.0,1,1.0,1,0.32423339554057046,48
5114,3,10915,4125,6790,0,0,0,1.0,1,1.0,1,1.0,1,0.26612369156205706,46
5115,0,10915,4125,6790,0,0,0,1.0,1,1.0,1,1.0,1,0.2528345143158243,44
5116,1,10916,4126,6790,0,0,0,1.0,1,1.0,1,1.0,1,0.24358096305382854,44
5117,1,10917,4126,6791,0,0,0,1.0,1,1.0,1,1.0,1,0.2310096581044984,46
5118,2,10919,4128,6791,0,0,0,1.0,1,1.0,1,1.0,1,0.25645530623779245,46
5119,0,10919,4128,6791,0,0,0,1.0,1,1.0,1,1.0,1,0.25645530623779245,46
5120,2,10921,4130,6791,0,0,0,1.0,1,1.0,1,1.0,1,0.25602162187994737,46
5121,6,10927,4131,6796,0,0,0,1.0,1,1.0,1,1.0,1,0.20770980500513506,46
5122,5,10932,4133,6799,0,0,0,1.0,1,1.0,1,1.0,1,0.22011513169531147,46
5123,2,10934,4134,6800,0,0,0,1.0,1,1.0,1,1.0,1,0.2498290604445156,45
5124,2,10936,4135,6801,0,0,0,1.0,1,1.0,1,1.0,1,0.2575756060286774,47
5125,2,10938,4135,6803,0,0,0,1.0,1,1.0,1,1.0,1,0.2488385222423453,50
5126,1,10939,4136,6803,0,0,0,1.0,1,1.0,1,1.0,1,0.2523255874432585,50
5127,4,10943,4137,6806,0,0,0,1.0,1,1.0,1,1.0,1,0.21428720989468425,52
5128,3,10946,4138,6808,0,0,0,1.0,1,1.0,1,1.0,1,0.21911348947070275,53
5129,1,10947,4138,6809,0,0,0,1.0,1,1.0,1,1.0,1,0.21836007108602343,55
5130,1,10948,4139,6809,0,0,0,1.0,1,1.0,1,1.0,1,0.22685868038796292,55
5131,0,10948,4139,6809,0,0,0,1.0,1,1.0,1,1.0,1,0.23477193324698337,54
5132,0,10948,4139,6809,0,0,0,1.0,1,1.0,1,1.0,1,0.2484298732361319,54
5133,1,10949,4140,6809,0,0,0,1.0,1,1.0,1,1.0,1,0.24152001008367216,54
5134,0,10949,4140,6809,0,0,0,1.0,1,1.0,1,1.0,1,0.24812197496829544,53
5135,2,10951,4140,6811,0,0,0,1.0,1,1.0,1,1.0,1,0.2205185131055336,54
5136,0,10951,4140,6811,0,0,0,1.0,1,1.0,1,1.0,1,0.247136219876232,54
5137,1,10952,4141,6811,0,0,0,1.0,1,1.0,1,1.0,1,0.24353323250864609,54
5138,3,10955,4143,6812,0,0,0,1.0,1,1.0,1,1.0,1,0.24428115820535,54
5139,1,10956,4144,6812,0,0,0,1.0,1,1.0,1,1.0,1,0.23842391024418352,55
5140,7,10963,4147,6816,0,0,0,1.0,1,1.0,1,1.0,1,0.19546877503554622,55
5141,3,10966,4148,6818,0,0,0,1.0,1,1.0,1,1.0,1,0.16630505426692715,53
5142,2,10968,4150,6818,0,0,0,1.0,1,1.0,1,1.0,1,0.1735785998825299,54
5143,2,10970,4152,6818,0,0,0,1.0,1,1.0,1,1.0,1,0.18446075937626677,52
5144,4,10974,4155,6819,0,0,0,1.0,1,1.0,1,1.0,1,0.20002543015904167,50
5145,1,10975,4156,6819,0,0,0,1.0,1,1.0,1,1.0,1,0.21114973693387348,49
5146,0,10975,4156,6819,0,0,0,1.0,1,1.0,1,1.0,1,0.21271921043493755,49
5147,1,10976,4157,6819,0,0,0,1.0,1,1.0,1,1.0,1,0.22712942604631217,46
5148,3,10979,4158,6821,0,0,0,1.0,1,1.0,1,1.0,1,0.20747481629131492,46
5149,0,10979,4158,6821,0,0,0,1.0,1,1.0,1,1.0,1,0.2045866348759662,45
5150,5,10984,4161,6823,0,0,0,1.0,1,1.0,1,1.0,1,0.2289308884976247,47
5151,0,10984,4161,6823,0,0,0,1.0,1,1.0,1,1.0,1,0.21493128780382478,46
5152,2,10986,4163,6823,0,0,0,1.0,1,1.0,1,1.0,1,0.22555897396789332,46
5153,1,10987,4164,6823,0,0,0,1.0,1,1.0,1,1.0,1,0.22280046429621467,45
5154,4,10991,4166,6825,0,0,0,1.0,1,1.0,1,1.0,1,0.26293606268092995,47
5155,2,10993,4167,6826,0,0,0,1.0,1,1.0,1,1.0,1,0.24260331787998793,47
5156,1,10994,4168,6826,0,0,0,1.0,1,1.0,1,1.0,1,0.2748114218073157,47
5157,3,10997,4170,6827,0,0,0,1.0,1,1.0,1,1.0,1,0.2849176375146694,46
5158,0,10997,4170,6827,0,0,0,1.0,1,1.0,1,1.0,1,0.2901764245778912,47
5159,2,10999,4170,6829,0,0,0,1.0,1,1.0,1,1.0,1,0.2482413610925292,49
5160,0,10999,4170,6829,0,0,0,1.0,1,1.0,1,1.0,1,0.24506858327021483,48
5161,3,11002,4170,6832,0,0,0,1.0,1,1.0,1,1.0,1,0.1822476597377119,48
5162,1,11003,4170,6833,0,0,0,1.0,1,1.0,1,1.0,1,0.17907189054192474,49
5163,0,11003,4170,6833,0,0,0,1.0,1,1.0,1,1.0,1,0.20617237835262042,51
5164,1,11004,4171,6833,0,0,0,1.0,1,1.0,1,1.0,1,0.19237349622367167,51
5165,1,11005,4171,6834,0,0,0,1.0,1,1.0,1,1.0,1,0.20547399912659398,52
5166,4,11009,4173,6836,0,0,0,1.0,1,1.0,1,1.0,1,0.18142696024039556,52
5167,2,11011,4174,6837,0,0,0,1.0,1,1.0,1,1.0,1,0.17276961018423967,52
5168,0,11011,4174,6837,0,0,0,1.0,1,1.0,1,1.0,1,0.17276961018423967,52
5169,3,11014,4176,6838,0,0,0,1.0,1,1.0,1,1.0,1,0.183971218452053,53
5170,0,11014,4176,6838,0,0,0,1.0,1,1.0,1,1.0,1,0.183971218452053,53
5171,0,11014,4176,6838,0,0,0,1.0,1,1.0,1,1.0,1,0.17412382330576576,52
5172,1,11015,4177,6838,0,0,0,1.0,1,1.0,1,1.0,1,0.171749551833652,53
5173,4,11019,4177,6842,0,0,0,1.0,1,1.0,1,1.0,1,0.14523189070970266,54
5174,2,11021,4177,6844,0,0,0,1.0,1,1.0,1,1.0,1,0.13015546517719198,56
5175,3,11024,4178,6846,0,0,0,1.0,1,1.0,1,1.0,1,0.13877987165393516,58
5176,3,11027,4179,6848,0,0,0,1.0,1,1.0,1,1.0,1,0.12327560801892798,58
5177,1,11028,4179,6849,0,0,0,1.0,1,1.0,1,1.0,1,0.13558307681026122,59
5178,2,11030,4180,6850,0,0,0,1.0,1,1.0,1,1.0,1,0.162218000895662,57
5179,3,11033,4180,6853,0,0,0,1.0,1,1.0,1,1.0,1,0.1680358815639733,58
5180,1,11034,4181,6853,0,0,0,1.0,1,1.0,1,1.0,1,0.16732856064134005,56
5181,1,11035,4181,6854,0,0,0,1.0,1,1.0,1,1.0,1,0.13539775304620705,57
5182,2,11037,4183,6854,0,0,0,1.0,1,1.0,1,1.0,1,0.1408048717516111,56
5183,3,11040,4186,6854,0,0,0,1.0,1,1.0,1,1.0,1,0.20086998311802948,57
5184,4,11044,4188,6856,0,0,0,1.0,1,1.0,1,1.0,1,0.20779617149651286,56
5185,2,11046,4189,6857,0,0,0,1.0,1,1.0,1,1.0,1,0.23949586948478327,56
5186,3,11049,4192,6857,0,0,0,1.0,1,1.0,1,1.0,1,0.29640654664420923,54
5187,0,11049,4192,6857,0,0,0,1.0,1,1.0,1,1.0,1,0.29243485984156653,51
5188,2,11051,4193,6858,0,0,0,1.0,1,1.0,1,1.0,1,0.29394663094279605,50
5189,1,11052,4193,6859,0,0,0,1.0,1,1.0,1,1.0,1,0.2846890849377675,49
5190,1,11053,4194,6859,0,0,0,1.0,1,1.0,1,1.0,1,0.2798134166851304,50
5191,1,11054,4194,6860,0,0,0,1.0,1,1.0,1,1.0,1,0.25082063536412647,50
5192,4,11058,4196,6862,0,0,0,1.0,1,1.0,1,1.0,1,0.25034627732666126,49
5193,0,11058,4196,6862,0,0,0,1.0,1,1.0,1,1.0,1,0.2663199463158034,50
5194,4,11062,4197,6865,0,0,0,1.0,1,1.0,1,1.0,1,0.2753603688557152,51
5195,1,11063,4198,6865,0,0,0,1.0,1,1.0,1,1.0,1,0.2836749911831241,51
5196,0,11063,4198,6865,0,0,0,1.0,1,1.0,1,1.0,1,0.2836749911831241,51
5197,0,11063,4198,6865,0,0,0,1.0,1,1.0,1,1.0,1,0.2836749911831241,51
5198,0,11063,4198,6865,0,0,0,1.0,1,1.0,1,1.0,1,0.2836749911831241,51
5199,2,11065,4198,6867,0,0,0,1.0,1,1.0,1,1.0,1,0.2664536104102042,54
5200,3,11068,4199,6869,0,0,0,1.0,1,1.0,1,1.0,1,0.25273578690590887,54
5201,8,11076,4200,6876,0,0,0,1.0,1,1.0,1,1.0,1,0.1416204068612017,55
5202,2,11078,4200,6878,0,0,0,1.0,1,1.0,1,1.0,1,0.12804867569815026,56
5203,0,11078,4200,6878,0,0,0,1.0,1,1.0,1,1.0,1,0.12804867569815026,56
5204,0,11078,4200,6878,0,0,0,1.0,1,1.0,1,1.0,1,0.13994170732144404,58
5205,0,11078,4200,6878,0,0,0,1.0,1,1.0,1,1.0,1,0.13994170732144404,58
5206,1,11079,4200,6879,0,0,0,1.0,1,1.0,1,1.0,1,0.14909785432561926,58
5207,1,11080,4200,6880,0,0,0,1.0,1,1.0,1,1.0,1,0.15014466217673442,59
5208,1,11081,4201,6880,0,0,0,1.0,1,1.0,1,1.0,1,0.14631994875453752,58
5209,0,11081,4201,6880,0,0,0,1.0,1,1.0,1,1.0,1,0.14631994875453752,58
5210,0,11081,4201,6880,0,0,0,1.0,1,1.0,1,1.0,1,0.1637201127168993,57
5211,1,11082,4202,6880,0,0,0,1.0,1,1.0,1,1.0,1,0.18030554884345235,57
5212,2,11084,4202,6882,0,0,0,1.0,1,1.0,1,1.0,1,0.18694088742197237,59
5213,6,11090,4205,6885,0,0,0,1.0,1,1.0,1,1.0,1,0.22575820879814645,59
5214,5,11095,4206,6889,0,0,0,1.0,1,1.0,1,1.0,1,0.24937855909338982,59
5215,6,11101,4207,6894,0,0,0,1.0,1,1.0,1,1.0,1,0.2692946897004988,58
5216,5,11106,4207,6899,0,0,0,1.0,1,1.0,1,1.0,1,0.25488629133958535,59
5217,9,11115,4210,6905,0,0,0,1.0,1,1.0,1,1.0,1,0.2044290729746331,58
5218,8,11123,4215,6908,0,0,0,1.0,1,1.0,1,1.0,1,0.30589521416768406,58
5219,4,11127,4215,6912,0,0,0,1.0,1,1.0,1,1.0,1,0.2695119624754001,57
5220,5,11132,4215,6917,0,0,0,1.0,1,1.0,1,1.0,1,0.24087092800570192,56
5221,6,11138,4216,6922,0,0,0,1.0,1,1.0,1,1.0,1,0.19240235402116845,58
5222,0,11138,4216,6922,0,0,0,1.0,1,1.0,1,1.0,1,0.19657312092827262,56
5223,2,11140,4218,6922,0,0,0,1.0,1,1.0,1,1.0,1,0.27331497903952207,55
5224,1,11141,4218,6923,0,0,0,1.0,1,1.0,1,1.0,1,0.27526524298061494,56
5225,2,11143,4220,6923,0,0,0,1.0,1,1.0,1,1.0,1,0.29243870079762174,55
5226,1,11144,4221,6923,0,0,0,1.0,1,1.0,1,1.0,1,0.28166638545549977,55
5227,0,11144,4221,6923,0,0,0,1.0,1,1.0,1,1.0,1,0.2790585459644706,53
5228,0,11144,4221,6923,0,0,0,1.0,1,1.0,1,1.0,1,0.26518769592868136,51
5229,1,11145,4221,6924,0,0,0,1.0,1,1.0,1,1.0,1,0.22680826361177042,51
5230,0,11145,4221,6924,0,0,0,1.0,1,1.0,1,1.0,1,0.22949203580376648,51
5231,3,11148,4223,6925,0,0,0,1.0,1,1.0,1,1.0,1,0.2278669758949727,52
5232,3,11151,4225,6926,0,0,0,1.0,1,1.0,1,1.0,1,0.24553302320360545,52
5233,1,11152,4226,6926,0,0,0,1.0,1,1.0,1,1.0,1,0.2692681142521863,53
5234,3,11155,4227,6928,0,0,0,1.0,1,1.0,1,1.0,1,0.2913435065512352,53
5235,1,11156,4228,6928,0,0,0,1.0,1,1.0,1,1.0,1,0.3001084258864249,53
5236,2,11158,4229,6929,0,0,0,1.0,1,1.0,1,1.0,1,0.2698649146061584,52
5237,0,11158,4229,6929,0,0,0,1.0,1,1.0,1,1.0,1,0.29495047545099035,52
5238,2,11160,4231,6929,0,0,0,1.0,1,1.0,1,1.0,1,0.297154986599274,52
5239,0,11160,4231,6929,0,0,0,1.0,1,1.0,1,1.0,1,0.3157441668016824,51
5240,1,11161,4232,6929,0,0,0,1.0,1,1.0,1,1.0,1,0.32116596772680794,53
5241,7,11168,4232,6936,0,0,0,1.0,1,1.0,1,1.0,1,0.27255359618124075,53
5242,1,11169,4232,6937,0,0,0,1.0,1,1.0,1,1.0,1,0.2736648121349327,51
5243,1,11170,4232,6938,0,0,0,1.0,1,1.0,1,1.0,1,0.2585690768453552,51
5244,6,11176,4234,6942,0,0,0,1.0,1,1.0,1,1.0,1,0.2631463234245217,52
5245,2,11178,4234,6944,0,0,0,1.0,1,1.0,1,1.0,1,0.25819300985217775,53
5246,7,11185,4237,6948,0,0,0,1.0,1,1.0,1,1.0,1,0.2566838542688919,53
5247,5,11190,4239,6951,0,0,0,1.0,1,1.0,1,1.0,1,0.305033535987369,54
5248,5,11195,4240,6955,0,0,0,1.0,1,1.0,1,1.0,1,0.2766999631858441,54
5249,6,11201,4241,6960,0,0,0,1.0,1,1.0,1,1.0,1,0.3105076643409577,55
5250,6,11207,4241,6966,0,0,0,1.0,1,1.0,1,1.0,1,0.28319234251803954,57
5251,3,11210,4241,6969,0,0,0,1.0,1,1.0,1,1.0,1,0.2626753757287166,58
5252,6,11216,4242,6974,0,0,0,1.0,1,1.0,1,1.0,1,0.2551055061183468,58
5253,5,11221,4243,6978,0,0,0,1.0,1,1.0,1,1.0,1,0.26471537135211476,58
5254,4,11225,4243,6982,0,0,0,1.0,1,1.0,1,1.0,1,0.2773301992009237,59
5255,6,11231,4246,6985,0,0,0,1.0,1,1.0,1,1.0,1,0.3000517959890911,58
5256,8,11239,4246,6993,0,0,0,1.0,1,1.0,1,1.0,1,0.28893450137277477,58
5257,5,11244,4247,6997,0,0,0,1.0,1,1.0,1,1.0,1,0.28826268767273766,57
5258,6,11250,4247,7003,0,0,0,1.0,1,1.0,1,1.0,1,0.2996312308778592,55
5259,3,11253,4247,7006,0,0,0,1.0,1,1.0,1,1.0,1,0.3061086635534191,56
5260,2,11255,4247,7008,0,0,0,1.0,1,1.0,1,1.0,1,0.2863130361698533,55
5261,4,11259,4248,7011,0,0,0,1.0,1,1.0,1,1.0,1,0.2646614483246324,54
5262,1,11260,4249,7011,0,0,0,1.0,1,1.0,1,1.0,1,0.2860457985873681,54
5263,7,11267,4253,7014,0,0,0,1.0,1,1.0,1,1.0,1,0.28167358616284827,55
5264,3,11270,4254,7016,0,0,0,1.0,1,1.0,1,1.0,1,0.31100951163506346,53
5265,4,11274,4257,7017,0,0,0,1.0,1,1.0,1,1.0,1,0.3300185254653891,52
5266,0,11274,4257,7017,0,0,0,1.0,1,1.0,1,1.0,1,0.32570609081758434,49
5267,2,11276,4258,7018,0,0,0,1.0,1,1.0,1,1.0,1,0.33335739091443356,49
5268,2,11278,4258,7020,0,0,0,1.0,1,1.0,1,1.0,1,0.3181934265713714,46
5269,0,11278,4258,7020,0,0,0,1.0,1,1.0,1,1.0,1,0.34182514730275015,45
5270,2,11280,4260,7020,0,0,0,1.0,1,1.0,1,1.0,1,0.3308969490981244,46
5271,3,11283,4263,7020,0,0,0,1.0,1,1.0,1,1.0,1,0.32790708535651203,46
5272,2,11285,4263,7022,0,0,0,1.0,1,1.0,1,1.0,1,0.27573778284340295,45
5273,2,11287,4265,7022,0,0,0,1.0,1,1.0,1,1.0,1,0.29161371375157236,45
5274,3,11290,4266,7024,0,0,0,1.0,1,1.0,1,1.0,1,0.2592867872798043,45
5275,3,11293,4268,7025,0,0,0,1.0,1,1.0,1,1.0,1,0.24899252562792656,46
5276,3,11296,4271,7025,0,0,0,1.0,1,1.0,1,1.0,1,0.31079994844930625,45
5277,1,11297,4272,7025,0,0,0,1.0,1,1.0,1,1.0,1,0.31677961186429787,45
5278,2,11299,4274,7025,0,0,0,1.0,1,1.0,1,1.0,1,0.31041932328079497,44
5279,1,11300,4275,7025,0,0,0,1.0,1,1.0,1,1.0,1,0.3428221616558658,45
5280,1,11301,4276,7025,0,0,0,1.0,1,1.0,1,1.0,1,0.33809407077748255,46
5281,7,11308,4276,7032,0,0,0,1.0,1,1.0,1,1.0,1,0.24940683872939046,46
5282,1,11309,4276,7033,0,0,0,1.0,1,1.0,1,1.0,1,0.2433032164069452,47
5283,1,11310,4276,7034,0,0,0,1.0,1,1.0,1,1.0,1,0.23813416071436874,48
5284,1,11311,4276,7035,0,0,0,1.0,1,1.0,1,1.0,1,0.2207061156699522,48
5285,0,11311,4276,7035,0,0,0,1.0,1,1.0,1,1.0,1,0.20025399535009766,48
5286,2,11313,4276,7037,0,0,0,1.0,1,1.0,1,1.0,1,0.18131309359209244,50
5287,1,11314,4276,7038,0,0,0,1.0,1,1.0,1,1.0,1,0.17787960104134437,50
5288,0,11314,4276,7038,0,0,0,1.0,1,1.0,1,1.0,1,0.1735771068921511,51
5289,0,11314,4276,7038,0,0,0,1.0,1,1.0,1,1.0,1,0.1735771068921511,51
5290,0,11314,4276,7038,0,0,0,1.0,1,1.0,1,1.0,1,0.18485840659936478,52
5291,2,11316,4277,7039,0,0,0,1.0,1,1.0,1,1.0,1,0.1965273682272144,52
5292,0,11316,4277,7039,0,0,0,1.0,1,1.0,1,1.0,1,0.20677426856380185,53
5293,1,11317,4278,7039,0,0,0,1.0,1,1.0,1,1.0,1,0.2526532071901703,51
5294,1,11318,4279,7039,0,0,0,1.0,1,1.0,1,1.0,1,0.2613825903045136,50
5295,0,11318,4279,7039,0,0,0,1.0,1,1.0,1,1.0,1,0.2951856565168313,49
5296,4,11322,4281,7041,0,0,0,1.0,1,1.0,1,1.0,1,0.3450158669091359,48
5297,1,11323,4281,7042,0,0,0,1.0,1,1.0,1,1.0,1,0.355283709981752,46
5298,1,11324,4281,7043,0,0,0,1.0,1,1.0,1,1.0,1,0.3520463173645944,46
5299,0,11324,4281,7043,0,0,0,1.0,1,1.0,1,1.0,1,0.3535244442830113,47
5300,2,11326,4281,7045,0,0,0,1.0,1,1.0,1,1.0,1,0.33727199802558355,48
5301,2,11328,4281,7047,0,0,0,1.0,1,1.0,1,1.0,1,0.3124619105062379,48
5302,6,11334,4285,7049,0,0,0,1.0,1,1.0,1,1.0,1,0.3002522255733311,49
5303,4,11338,4287,7051,0,0,0,1.0,1,1.0,1,1.0,1,0.2986371474762315,48
5304,0,11338,4287,7051,0,0,0,1.0,1,1.0,1,1.0,1,0.3089360471336375,48
5305,2,11340,4289,7051,0,0,0,1.0,1,1.0,1,1.0,1,0.3289179675714245,47
5306,4,11344,4291,7053,0,0,0,1.0,1,1.0,1,1.0,1,0.3268472596797006,48
5307,3,11347,4291,7056,0,0,0,1.0,1,1.0,1,1.0,1,0.29698777927878917,48
5308,2,11349,4292,7057,0,0,0,1.0,1,1.0,1,1.0,1,0.29836673703241595,47
5309,1,11350,4293,7057,0,0,0,1.0,1,1.0,1,1.0,1,0.3337509354729716,46
5310,1,11351,4293,7058,0,0,0,1.0,1,1.0,1,1.0,1,0.3163926125795431,46
5311,1,11352,4293,7059,0,0,0,1.0,1,1.0,1,1.0,1,0.29524079560076344,46
5312,1,11353,4294,7059,0,0,0,1.0,1,1.0,1,1.0,1,0.33431441841209597,46
5313,1,11354,4294,7060,0,0,0,1.0,1,1.0,1,1.0,1,0.33918178805536797,46
5314,1,11355,4294,7061,0,0,0,1.0,1,1.0,1,1.0,1,0.33006787139865795,46
5315,3,11358,4296,7062,0,0,0,1.0,1,1.0,1,1.0,1,0.3809309227277499,47
5316,3,11361,4296,7065,0,0,0,1.0,1,1.0,1,1.0,1,0.3434527683225742,48
5317,1,11362,4296,7066,0,0,0,1.0,1,1.0,1,1.0,1,0.3043305733117529,49
5318,4,11366,4298,7068,0,0,0,1.0,1,1.0,1,1.0,1,0.26179365373307156,49
5319,5,11371,4299,7072,0,0,0,1.0,1,1.0,1,1.0,1,0.24694212901509893,50
5320,6,11377,4300,7077,0,0,0,1.0,1,1.0,1,1.0,1,0.195815445901444,51
5321,3,11380,4300,7080,0,0,0,1.0,1,1.0,1,1.0,1,0.11903848726804285,52
5322,1,11381,4300,7081,0,0,0,1.0,1,1.0,1,1.0,1,0.12697579044400556,53
5323,2,11383,4300,7083,0,0,0,1.0,1,1.0,1,1.0,1,0.11248460406892517,53
5324,2,11385,4301,7084,0,0,0,1.0,1,1.0,1,1.0,1,0.13125730500915359,55
5325,0,11385,4301,7084,0,0,0,1.0,1,1.0,1,1.0,1,0.13125730500915359,55
5326,1,11386,4302,7084,0,0,0,1.0,1,1.0,1,1.0,1,0.11074921885185457,55
5327,5,11391,4303,7088,0,0,0,1.0,1,1.0,1,1.0,1,0.11839087636904783,56
5328,4,11395,4306,7089,0,0,0,1.0,1,1.0,1,1.0,1,0.15062842109182928,57
5329,0,11395,4306,7089,0,0,0,1.0,1,1.0,1,1.0,1,0.15062842109182928,57
5330,8,11403,4308,7095,0,0,0,1.0,1,1.0,1,1.0,1,0.16839124592701113,56
5331,7,11410,4308,7102,0,0,0,1.0,1,1.0,1,1.0,1,0.17238601510028756,57
5332,8,11418,4308,7110,0,0,0,1.0,1,1.0,1,1.0,1,0.17292690607108677,58
5333,9,11427,4308,7119,0,0,0,1.0,1,1.0,1,1.0,1,0.19147537483454524,59
5334,4,11431,4308,7123,0,0,0,1.0,1,1.0,1,1.0,1,0.193483351458721,59
5335,8,11439,4308,7131,0,0,0,1.0,1,1.0,1,1.0,1,0.1964514342553127,58
5336,7,11446,4308,7138,0,0,0,1.0,1,1.0,1,1.0,1,0.19769828070045203,59
5337,3,11449,4308,7141,0,0,0,1.0,1,1.0,1,1.0,1,0.20064479283681416,60
5338,3,11452,4308,7144,0,0,0,1.0,1,1.0,1,1.0,1,0.20849185355239508,60
5339,8,11460,4308,7152,0,0,0,1.0,1,1.0,1,1.0,1,0.20636571536826262,60
5340,6,11466,4310,7156,0,0,0,1.0,1,1.0,1,1.0,1,0.2111565490068032,60
5341,1,11467,4310,7157,0,0,0,1.0,1,1.0,1,1.0,1,0.1920344454644074,61
5342,2,11469,4311,7158,0,0,0,1.0,1,1.0,1,1.0,1,0.21188420103988134,59
5343,1,11470,4312,7158,0,0,0,1.0,1,1.0,1,1.0,1,0.2344707170492481,58
5344,0,11470,4312,7158,0,0,0,1.0,1,1.0,1,1.0,1,0.24976626519676087,58
5345,1,11471,4313,7158,0,0,0,1.0,1,1.0,1,1.0,1,0.27471242012214964,54
5346,2,11473,4314,7159,0,0,0,1.0,1,1.0,1,1.0,1,0.2580800409050857,54
5347,2,11475,4316,7159,0,0,0,1.0,1,1.0,1,1.0,1,0.25198600563302015,54
5348,2,11477,4317,7160,0,0,0,1.0,1,1.0,1,1.0,1,0.2142854470732256,55
5349,5,11482,4319,7163,0,0,0,1.0,1,1.0,1,1.0,1,0.20191467036583224,56
5350,0,11482,4319,7163,0,0,0,1.0,1,1.0,1,1.0,1,0.23394078198973392,56
5351,1,11483,4320,7163,0,0,0,1.0,1,1.0,1,1.0,1,0.21663796611951683,57
5352,2,11485,4321,7164,0,0,0,1.0,1,1.0,1,1.0,1,0.2370218705874626,57
5353,0,11485,4321,7164,0,0,0,1.0,1,1.0,1,1.0,1,0.2370218705874626,57
5354,1,11486,4322,7164,0,0,0,1.0,1,1.0,1,1.0,1,0.21215329385535212,56
5355,1,11487,4323,7164,0,0,0,1.0,1,1.0,1,1.0,1,0.21869446156665354,57
5356,0,11487,4323,7164,0,0,0,1.0,1,1.0,1,1.0,1,0.22848947385410653,56
5357,1,11488,4323,7165,0,0,0,1.0,1,1.0,1,1.0,1,0.23886384432921418,56
5358,1,11489,4323,7166,0,0,0,1.0,1,1.0,1,1.0,1,0.2191569161653025,57
5359,0,11489,4323,7166,0,0,0,1.0,1,1.0,1,1.0,1,0.2191569161653025,57
5360,0,11489,4323,7166,0,0,0,1.0,1,1.0,1,1.0,1,0.23731714888280248,55
5361,7,11496,4324,7172,0,0,0,1.0,1,1.0,1,1.0,1,0.20300477243189632,56
5362,2,11498,4325,7173,0,0,0,1.0,1,1.0,1,1.0,1,0.19024861717879724,57
5363,0,11498,4325,7173,0,0,0,1.0,1,1.0,1,1.0,1,0.19024861717879724,57
5364,0,11498,4325,7173,0,0,0,1.0,1,1.0,1,1.0,1,0.20113304152664752,58
5365,0,11498,4325,7173,0,0,0,1.0,1,1.0,1,1.0,1,0.2072419259048393,59
5366,8,11506,4327,7179,0,0,0,1.0,1,1.0,1,1.0,1,0.18027398784632329,60
5367,2,11508,4328,7180,0,0,0,1.0,1,1.0,1,1.0,1,0.19249729040614416,60
5368,1,11509,4329,7180,0,0,0,1.0,1,1.0,1,1.0,1,0.20679518716054454,58
5369,1,11510,4329,7181,0,0,0,1.0,1,1.0,1,1.0,1,0.17529783899257168,58
5370,1,11511,4330,7181,0,0,0,1.0,1,1.0,1,1.0,1,0.1968877214103583,57
5371,2,11513,4332,7181,0,0,0,1.0,1,1.0,1,1.0,1,0.21946819023974726,56
5372,3,11516,4335,7181,0,0,0,1.0,1,1.0,1,1.0,1,0.2474390982331209,55
5373,6,11522,4338,7184,0,0,0,1.0,1,1.0,1,1.0,1,0.27597854096433094,54
5374,0,11522,4338,7184,0,0,0,1.0,1,1.0,1,1.0,1,0.2659098553700025,53
5375,1,11523,4339,7184,0,0,0,1.0,1,1.0,1,1.0,1,0.2899854859018303,52
5376,1,11524,4339,7185,0,0,0,1.0,1,1.0,1,1.0,1,0.2721092050456606,52
5377,1,11525,4340,7185,0,0,0,1.0,1,1.0,1,1.0,1,0.28870076163239283,51
5378,2,11527,4341,7186,0,0,0,1.0,1,1.0,1,1.0,1,0.30450358952040296,52
5379,1,11528,4342,7186,0,0,0,1.0,1,1.0,1,1.0,1,0.29540689535022463,50
5380,5,11533,4344,7189,0,0,0,1.0,1,1.0,1,1.0,1,0.2952385794771613,51
5381,6,11539,4347,7192,0,0,0,1.0,1,1.0,1,1.0,1,0.20671682197034988,50
5382,1,11540,4348,7192,0,0,0,1.0,1,1.0,1,1.0,1,0.2008588922517425,48
5383,1,11541,4348,7193,0,0,0,1.0,1,1.0,1,1.0,1,0.19357426055634067,48
5384,1,11542,4348,7194,0,0,0,1.0,1,1.0,1,1.0,1,0.17987596167672565,48
5385,0,11542,4348,7194,0,0,0,1.0,1,1.0,1,1.0,1,0.1914466667742294,47
5386,2,11544,4350,7194,0,0,0,1.0,1,1.0,1,1.0,1,0.2264646589855222,48
5387,0,11544,4350,7194,0,0,0,1.0,1,1.0,1,1.0,1,0.2275380938546823,48
5388,2,11546,4350,7196,0,0,0,1.0,1,1.0,1,1.0,1,0.227007862341049,48
5389,0,11546,4350,7196,0,0,0,1.0,1,1.0,1,1.0,1,0.2175510535529254,50
5390,2,11548,4351,7197,0,0,0,1.0,1,1.0,1,1.0,1,0.23984936996989248,52
5391,1,11549,4352,7197,0,0,0,1.0,1,1.0,1,1.0,1,0.2308686960492406,52
5392,1,11550,4352,7198,0,0,0,1.0,1,1.0,1,1.0,1,0.23461050714039794,51
5393,3,11553,4355,7198,0,0,0,1.0,1,1.0,1,1.0,1,0.23180357294834825,50
5394,0,11553,4355,7198,0,0,0,1.0,1,1.0,1,1.0,1,0.23429219916962624,50
5395,2,11555,4357,7198,0,0,0,1.0,1,1.0,1,1.0,1,0.2708134118065418,49
5396,5,11560,4360,7200,0,0,0,1.0,1,1.0,1,1.0,1,0.3044564738744365,48
5397,5,11565,4363,7202,0,0,0,1.0,1,1.0,1,1.0,1,0.2898948646760019,48
5398,3,11568,4363,7205,0,0,0,1.0,1,1.0,1,1.0,1,0.2742624972068521,46
5399,2,11570,4365,7205,0,0,0,1.0,1,1.0,1,1.0,1,0.2558594138690074,46
5400,2,11572,4367,7205,0,0,0,1.0,1,1.0,1,1.0,1,0.2926476545857316,48
5401,4,11576,4367,7209,0,0,0,1.0,1,1.0,1,1.0,1,0.1954681240306671,49
5402,0,11576,4367,7209,0,0,0,1.0,1,1.0,1,1.0,1,0.0,0
