,SuccessfulHandoverCount,TotalSuccessfulHandoverCount,TotalSuccessfulHandoverCountRange,TotalSuccessfulHandoverCountLoadBalancing,TotalSuccessfulHandoverCountOverload,FailedHandoverCount,TotalFailedHandoverCount,AvgQoS,MinQoS,AvgQoS_LoadBased,MinQoS_LoadBased,AvgQoS_RangeBased,MinQoS_RangeBased,GiniLoad,VehicleCount
0,0,0,0,0,0,0,0,1.0,1,1.0,1,1.0,1,0.0,0
1,12,12,0,12,0,0,0,1.0,1,1.0,1,1.0,1,0.1671661592158646,26
2,13,25,0,25,0,0,0,1.0,1,1.0,1,1.0,1,0.10004035169416303,27
3,8,33,0,33,0,0,0,1.0,1,1.0,1,1.0,1,0.1512627947031473,28
4,11,44,0,44,0,0,0,1.0,1,1.0,1,1.0,1,0.09196232473349847,29
5,6,50,0,50,0,0,0,1.0,1,1.0,1,1.0,1,0.08976364464059733,29
6,0,50,0,50,0,0,0,1.0,1,1.0,1,1.0,1,0.0554085912198645,32
7,1,51,0,51,0,0,0,1.0,1,1.0,1,1.0,1,0.04854756703023481,33
8,2,53,1,52,0,0,0,1.0,1,1.0,1,1.0,1,0.05094672067973581,35
9,0,53,1,52,0,0,0,1.0,1,1.0,1,1.0,1,0.05094672067973581,35
10,1,54,2,52,0,0,0,1.0,1,1.0,1,1.0,1,0.052982460575960136,35
11,2,56,4,52,0,0,0,1.0,1,1.0,1,1.0,1,0.055129084823159966,35
12,0,56,4,52,0,0,0,1.0,1,1.0,1,1.0,1,0.04160537474875198,34
13,1,57,5,52,0,0,0,1.0,1,1.0,1,1.0,1,0.09571122032483964,32
14,2,59,7,52,0,0,0,1.0,1,1.0,1,1.0,1,0.1435085410407716,31
15,1,60,8,52,0,0,0,1.0,1,1.0,1,1.0,1,0.12092009317984018,30
16,1,61,8,53,0,0,0,1.0,1,1.0,1,1.0,1,0.09467988524626525,30
17,0,61,8,53,0,0,0,1.0,1,1.0,1,1.0,1,0.06825267651120055,29
18,0,61,8,53,0,0,0,1.0,1,1.0,1,1.0,1,0.06825267651120055,29
19,0,61,8,53,0,0,0,1.0,1,1.0,1,1.0,1,0.0429635478492802,28
20,2,63,10,53,0,0,0,1.0,1,1.0,1,1.0,1,0.15732322662631865,28
21,2,65,11,54,0,0,0,1.0,1,1.0,1,1.0,1,0.09651782836538296,28
22,1,66,12,54,0,0,0,1.0,1,1.0,1,1.0,1,0.10172828655379057,28
23,2,68,14,54,0,0,0,1.0,1,1.0,1,1.0,1,0.21320823775769074,27
24,6,74,18,56,0,0,0,1.0,1,1.0,1,1.0,1,0.19704708120230321,28
25,3,77,19,58,0,0,0,1.0,1,1.0,1,1.0,1,0.19755182315242983,28
26,4,81,20,61,0,0,0,1.0,1,1.0,1,1.0,1,0.0991083704625028,30
27,0,81,20,61,0,0,0,1.0,1,1.0,1,1.0,1,0.08810970556205092,30
28,2,83,21,62,0,0,0,1.0,1,1.0,1,1.0,1,0.09375048019146748,31
29,0,83,21,62,0,0,0,1.0,1,1.0,1,1.0,1,0.11332916453678217,30
30,0,83,21,62,0,0,0,1.0,1,1.0,1,1.0,1,0.11332916453678217,30
31,2,85,22,63,0,0,0,1.0,1,1.0,1,1.0,1,0.07648188905818717,31
32,0,85,22,63,0,0,0,1.0,1,1.0,1,1.0,1,0.10387556150072513,31
33,0,85,22,63,0,0,0,1.0,1,1.0,1,1.0,1,0.07190840584400227,31
34,2,87,23,64,0,0,0,1.0,1,1.0,1,1.0,1,0.14994557502172823,29
35,0,87,23,64,0,0,0,1.0,1,1.0,1,1.0,1,0.11597922970960466,30
36,2,89,23,66,0,0,0,1.0,1,1.0,1,1.0,1,0.11517704420256729,30
37,1,90,24,66,0,0,0,1.0,1,1.0,1,1.0,1,0.13559738625909726,31
38,3,93,26,67,0,0,0,1.0,1,1.0,1,1.0,1,0.11784499449228328,32
39,0,93,26,67,0,0,0,1.0,1,1.0,1,1.0,1,0.08561942945623549,36
40,1,94,26,68,0,0,0,1.0,1,1.0,1,1.0,1,0.08874587530310545,37
41,1,95,26,69,0,0,0,1.0,1,1.0,1,1.0,1,0.06298797636021569,37
42,1,96,27,69,0,0,0,1.0,1,1.0,1,1.0,1,0.08361697223016,38
43,1,97,28,69,0,0,0,1.0,1,1.0,1,1.0,1,0.1319904420921544,40
44,0,97,28,69,0,0,0,1.0,1,1.0,1,1.0,1,0.11442357927382474,39
45,0,97,28,69,0,0,0,1.0,1,1.0,1,1.0,1,0.09189234501290339,40
46,0,97,28,69,0,0,0,1.0,1,1.0,1,1.0,1,0.07002884253203095,39
47,2,99,30,69,0,0,0,1.0,1,1.0,1,1.0,1,0.08762208820261998,39
48,1,100,30,70,0,0,0,1.0,1,1.0,1,1.0,1,0.06563118515551246,39
49,0,100,30,70,0,0,0,1.0,1,1.0,1,1.0,1,0.02870144156187032,37
50,0,100,30,70,0,0,0,1.0,1,1.0,1,1.0,1,0.02701429843663568,35
51,0,100,30,70,0,0,0,1.0,1,1.0,1,1.0,1,0.03644039274624298,34
52,1,101,31,70,0,0,0,1.0,1,1.0,1,1.0,1,0.02879019219409418,34
53,0,101,31,70,0,0,0,1.0,1,1.0,1,1.0,1,0.0424635844478817,35
54,1,102,31,71,0,0,0,1.0,1,1.0,1,1.0,1,0.042604775235872236,36
55,1,103,32,71,0,0,0,1.0,1,1.0,1,1.0,1,0.057539692396027964,36
56,7,110,36,74,0,0,0,1.0,1,1.0,1,1.0,1,0.07337028591788892,36
57,0,110,36,74,0,0,0,1.0,1,1.0,1,1.0,1,0.07935429240627866,37
58,3,113,38,75,0,0,0,1.0,1,1.0,1,1.0,1,0.10954313108240721,38
59,2,115,39,76,0,0,0,1.0,1,1.0,1,1.0,1,0.14948071863086554,37
60,2,117,40,77,0,0,0,1.0,1,1.0,1,1.0,1,0.088278928225573,38
61,2,119,42,77,0,0,0,1.0,1,1.0,1,1.0,1,0.12185816088783528,37
62,5,124,44,80,0,0,0,1.0,1,1.0,1,1.0,1,0.08006993167472412,39
63,0,124,44,80,0,0,0,1.0,1,1.0,1,1.0,1,0.08006993167472412,39
64,2,126,46,80,0,0,0,1.0,1,1.0,1,1.0,1,0.13617062799595678,38
65,0,126,46,80,0,0,0,1.0,1,1.0,1,1.0,1,0.11058775915028533,39
66,2,128,46,82,0,0,0,1.0,1,1.0,1,1.0,1,0.0776896521737965,39
67,1,129,47,82,0,0,0,1.0,1,1.0,1,1.0,1,0.09515042415612368,36
68,2,131,48,83,0,0,0,1.0,1,1.0,1,1.0,1,0.06312760376413312,36
69,1,132,49,83,0,0,0,1.0,1,1.0,1,1.0,1,0.09622634134196235,37
70,0,132,49,83,0,0,0,1.0,1,1.0,1,1.0,1,0.1092133608640996,36
71,1,133,49,84,0,0,0,1.0,1,1.0,1,1.0,1,0.0485323479172834,38
72,1,134,49,85,0,0,0,1.0,1,1.0,1,1.0,1,0.019668939419258534,38
73,0,134,49,85,0,0,0,1.0,1,1.0,1,1.0,1,0.01990730839018119,37
74,1,135,50,85,0,0,0,1.0,1,1.0,1,1.0,1,0.04073407023930757,38
75,0,135,50,85,0,0,0,1.0,1,1.0,1,1.0,1,0.04073407023930757,38
76,1,136,51,85,0,0,0,1.0,1,1.0,1,1.0,1,0.08763503556397761,39
77,0,136,51,85,0,0,0,1.0,1,1.0,1,1.0,1,0.08105208485567716,40
78,0,136,51,85,0,0,0,1.0,1,1.0,1,1.0,1,0.057178471336045464,41
79,1,137,52,85,0,0,0,1.0,1,1.0,1,1.0,1,0.054435108125546576,41
80,0,137,52,85,0,0,0,1.0,1,1.0,1,1.0,1,0.054435108125546576,41
81,0,137,52,85,0,0,0,1.0,1,1.0,1,1.0,1,0.049662831537103186,41
82,0,137,52,85,0,0,0,1.0,1,1.0,1,1.0,1,0.05489523101149042,44
83,0,137,52,85,0,0,0,1.0,1,1.0,1,1.0,1,0.05489523101149042,44
84,2,139,53,86,0,0,0,1.0,1,1.0,1,1.0,1,0.09200367532490249,45
85,1,140,54,86,0,0,0,1.0,1,1.0,1,1.0,1,0.12152434299244741,45
86,1,141,54,87,0,0,0,1.0,1,1.0,1,1.0,1,0.10946631334386196,45
87,2,143,55,88,0,0,0,1.0,1,1.0,1,1.0,1,0.11523367819889091,44
88,0,143,55,88,0,0,0,1.0,1,1.0,1,1.0,1,0.11523367819889091,44
89,0,143,55,88,0,0,0,1.0,1,1.0,1,1.0,1,0.07805779202934567,43
90,0,143,55,88,0,0,0,1.0,1,1.0,1,1.0,1,0.09545036665995328,44
91,1,144,56,88,0,0,0,1.0,1,1.0,1,1.0,1,0.11816819864242618,44
92,0,144,56,88,0,0,0,1.0,1,1.0,1,1.0,1,0.11459916566801857,43
93,0,144,56,88,0,0,0,1.0,1,1.0,1,1.0,1,0.1317420059623394,44
94,0,144,56,88,0,0,0,1.0,1,1.0,1,1.0,1,0.1317420059623394,44
95,1,145,56,89,0,0,0,1.0,1,1.0,1,1.0,1,0.11880114496564313,43
96,0,145,56,89,0,0,0,1.0,1,1.0,1,1.0,1,0.12138874528524042,44
97,1,146,57,89,0,0,0,1.0,1,1.0,1,1.0,1,0.13713516176741106,44
98,2,148,59,89,0,0,0,1.0,1,1.0,1,1.0,1,0.20958364090598558,43
99,0,148,59,89,0,0,0,1.0,1,1.0,1,1.0,1,0.20958364090598558,43
100,3,151,61,90,0,0,0,1.0,1,1.0,1,1.0,1,0.2239520046749789,47
101,2,153,61,92,0,0,0,1.0,1,1.0,1,1.0,1,0.20668571447063985,47
102,1,154,62,92,0,0,0,1.0,1,1.0,1,1.0,1,0.2293828182767383,47
103,4,158,63,95,0,0,0,1.0,1,1.0,1,1.0,1,0.13853919150000998,46
104,3,161,65,96,0,0,0,1.0,1,1.0,1,1.0,1,0.10113493275421481,45
105,2,163,66,97,0,0,0,1.0,1,1.0,1,1.0,1,0.07649939531425985,44
106,4,167,68,99,0,0,0,1.0,1,1.0,1,1.0,1,0.06599885202841896,45
107,3,170,70,100,0,0,0,1.0,1,1.0,1,1.0,1,0.09623040307205726,44
108,1,171,71,100,0,0,0,1.0,1,1.0,1,1.0,1,0.07572746352381227,46
109,4,175,75,100,0,0,0,1.0,1,1.0,1,1.0,1,0.126045411019694,46
110,3,178,76,102,0,0,0,1.0,1,1.0,1,1.0,1,0.09895458332975664,46
111,4,182,78,104,0,0,0,1.0,1,1.0,1,1.0,1,0.030846789733890132,46
112,3,185,81,104,0,0,0,1.0,1,1.0,1,1.0,1,0.03239863277720957,46
113,1,186,82,104,0,0,0,1.0,1,1.0,1,1.0,1,0.04106413612696299,46
114,0,186,82,104,0,0,0,1.0,1,1.0,1,1.0,1,0.04106413612696299,46
115,0,186,82,104,0,0,0,1.0,1,1.0,1,1.0,1,0.03461835774367782,47
116,0,186,82,104,0,0,0,1.0,1,1.0,1,1.0,1,0.03461835774367782,47
117,2,188,84,104,0,0,0,1.0,1,1.0,1,1.0,1,0.062056611313943945,45
118,0,188,84,104,0,0,0,1.0,1,1.0,1,1.0,1,0.06599936201771511,46
119,1,189,85,104,0,0,0,1.0,1,1.0,1,1.0,1,0.079437542970412,46
120,2,191,87,104,0,0,0,1.0,1,1.0,1,1.0,1,0.0931325657916259,47
121,1,192,88,104,0,0,0,1.0,1,1.0,1,1.0,1,0.12671530537064626,46
122,1,193,88,105,0,0,0,1.0,1,1.0,1,1.0,1,0.11526777189230901,46
123,0,193,88,105,0,0,0,1.0,1,1.0,1,1.0,1,0.12450387295637104,45
124,1,194,89,105,0,0,0,1.0,1,1.0,1,1.0,1,0.13912409204702536,46
125,0,194,89,105,0,0,0,1.0,1,1.0,1,1.0,1,0.13483251502460103,44
126,2,196,89,107,0,0,0,1.0,1,1.0,1,1.0,1,0.11742773335464483,45
127,0,196,89,107,0,0,0,1.0,1,1.0,1,1.0,1,0.11735696142789256,45
128,0,196,89,107,0,0,0,1.0,1,1.0,1,1.0,1,0.10455502218955469,46
129,2,198,91,107,0,0,0,1.0,1,1.0,1,1.0,1,0.09611049189561989,48
130,0,198,91,107,0,0,0,1.0,1,1.0,1,1.0,1,0.09611049189561989,48
131,2,200,92,108,0,0,0,1.0,1,1.0,1,1.0,1,0.06877803177291923,49
132,3,203,93,110,0,0,0,1.0,1,1.0,1,1.0,1,0.04952177845999585,51
133,3,206,95,111,0,0,0,1.0,1,1.0,1,1.0,1,0.10512302680030877,49
134,5,211,99,112,0,0,0,1.0,1,1.0,1,1.0,1,0.12931428045297913,49
135,0,211,99,112,0,0,0,1.0,1,1.0,1,1.0,1,0.11369174958270324,49
136,4,215,102,113,0,0,0,1.0,1,1.0,1,1.0,1,0.090983578636365,48
137,0,215,102,113,0,0,0,1.0,1,1.0,1,1.0,1,0.09869120980814099,47
138,5,220,107,113,0,0,0,1.0,1,1.0,1,1.0,1,0.10212887497670443,48
139,3,223,110,113,0,0,0,1.0,1,1.0,1,1.0,1,0.15126643425149763,48
140,2,225,112,113,0,0,0,1.0,1,1.0,1,1.0,1,0.15008378674015038,49
141,4,229,112,117,0,0,0,1.0,1,1.0,1,1.0,1,0.06434418363578641,49
142,1,230,113,117,0,0,0,1.0,1,1.0,1,1.0,1,0.038570843315539616,49
143,0,230,113,117,0,0,0,1.0,1,1.0,1,1.0,1,0.045377096850667875,47
144,2,232,115,117,0,0,0,1.0,1,1.0,1,1.0,1,0.042535496088198156,46
145,1,233,116,117,0,0,0,1.0,1,1.0,1,1.0,1,0.08831918155140431,44
146,1,234,117,117,0,0,0,1.0,1,1.0,1,1.0,1,0.1031467047819318,44
147,1,235,117,118,0,0,0,1.0,1,1.0,1,1.0,1,0.10167144552733758,43
148,0,235,117,118,0,0,0,1.0,1,1.0,1,1.0,1,0.13874150570090338,43
149,2,237,118,119,0,0,0,1.0,1,1.0,1,1.0,1,0.13419350208759204,43
150,1,238,119,119,0,0,0,1.0,1,1.0,1,1.0,1,0.1464223495380823,42
151,1,239,120,119,0,0,0,1.0,1,1.0,1,1.0,1,0.16539237008636687,42
152,3,242,121,121,0,0,0,1.0,1,1.0,1,1.0,1,0.1332582648751422,42
153,0,242,121,121,0,0,0,1.0,1,1.0,1,1.0,1,0.10947535415106167,42
154,0,242,121,121,0,0,0,1.0,1,1.0,1,1.0,1,0.11562662765823827,43
155,0,242,121,121,0,0,0,1.0,1,1.0,1,1.0,1,0.10419903468471076,43
156,2,244,121,123,0,0,0,1.0,1,1.0,1,1.0,1,0.07404006563652873,42
157,0,244,121,123,0,0,0,1.0,1,1.0,1,1.0,1,0.09762972821679582,41
158,0,244,121,123,0,0,0,1.0,1,1.0,1,1.0,1,0.09063947803138228,42
159,0,244,121,123,0,0,0,1.0,1,1.0,1,1.0,1,0.09395104561335034,43
160,4,248,124,124,0,0,0,1.0,1,1.0,1,1.0,1,0.19471665163611726,44
161,5,253,125,128,0,0,0,1.0,1,1.0,1,1.0,1,0.1953160696065376,44
162,2,255,126,129,0,0,0,1.0,1,1.0,1,1.0,1,0.2072740273573239,45
163,1,256,127,129,0,0,0,1.0,1,1.0,1,1.0,1,0.2515931966675317,43
164,0,256,127,129,0,0,0,1.0,1,1.0,1,1.0,1,0.25163089800268157,42
165,3,259,130,129,0,0,0,1.0,1,1.0,1,1.0,1,0.23520575001723312,42
166,4,263,131,132,0,0,0,1.0,1,1.0,1,1.0,1,0.19647795741065616,42
167,1,264,132,132,0,0,0,1.0,1,1.0,1,1.0,1,0.17505318701399694,41
168,2,266,133,133,0,0,0,1.0,1,1.0,1,1.0,1,0.1391902274437946,40
169,2,268,135,133,0,0,0,1.0,1,1.0,1,1.0,1,0.09951294242176217,40
170,0,268,135,133,0,0,0,1.0,1,1.0,1,1.0,1,0.07914522492946643,38
171,3,271,138,133,0,0,0,1.0,1,1.0,1,1.0,1,0.07907676970840721,37
172,5,276,142,134,0,0,0,1.0,1,1.0,1,1.0,1,0.0789597169993164,35
173,1,277,143,134,0,0,0,1.0,1,1.0,1,1.0,1,0.10101290542592285,36
174,2,279,145,134,0,0,0,1.0,1,1.0,1,1.0,1,0.11775214757330336,34
175,0,279,145,134,0,0,0,1.0,1,1.0,1,1.0,1,0.08376529700573976,33
176,2,281,147,134,0,0,0,1.0,1,1.0,1,1.0,1,0.09800851510576326,34
177,0,281,147,134,0,0,0,1.0,1,1.0,1,1.0,1,0.09429074249252843,36
178,1,282,148,134,0,0,0,1.0,1,1.0,1,1.0,1,0.0921080500740168,37
179,2,284,149,135,0,0,0,1.0,1,1.0,1,1.0,1,0.06464013125224846,37
180,0,284,149,135,0,0,0,1.0,1,1.0,1,1.0,1,0.0767575419853321,36
181,1,285,150,135,0,0,0,1.0,1,1.0,1,1.0,1,0.06679168513717829,36
182,0,285,150,135,0,0,0,1.0,1,1.0,1,1.0,1,0.06691822791146497,38
183,1,286,151,135,0,0,0,1.0,1,1.0,1,1.0,1,0.07161082189537744,37
184,0,286,151,135,0,0,0,1.0,1,1.0,1,1.0,1,0.08449420544951423,36
185,1,287,152,135,0,0,0,1.0,1,1.0,1,1.0,1,0.11419462569441904,35
186,2,289,152,137,0,0,0,1.0,1,1.0,1,1.0,1,0.08811529284318821,34
187,2,291,154,137,0,0,0,1.0,1,1.0,1,1.0,1,0.11541722335288275,33
188,1,292,155,137,0,0,0,1.0,1,1.0,1,1.0,1,0.14015570348520387,33
189,2,294,157,137,0,0,0,1.0,1,1.0,1,1.0,1,0.11602366750974599,33
190,0,294,157,137,0,0,0,1.0,1,1.0,1,1.0,1,0.14183436572128919,32
191,4,298,159,139,0,0,0,1.0,1,1.0,1,1.0,1,0.11419515581227505,34
192,1,299,159,140,0,0,0,1.0,1,1.0,1,1.0,1,0.10364634472025154,34
193,0,299,159,140,0,0,0,1.0,1,1.0,1,1.0,1,0.09524232608356618,35
194,1,300,159,141,0,0,0,1.0,1,1.0,1,1.0,1,0.09196164718372679,37
195,0,300,159,141,0,0,0,1.0,1,1.0,1,1.0,1,0.11171589084832124,36
196,1,301,159,142,0,0,0,1.0,1,1.0,1,1.0,1,0.09426195768889593,36
197,0,301,159,142,0,0,0,1.0,1,1.0,1,1.0,1,0.0866973441983969,37
198,3,304,162,142,0,0,0,1.0,1,1.0,1,1.0,1,0.12403365467403399,37
199,0,304,162,142,0,0,0,1.0,1,1.0,1,1.0,1,0.12403365467403399,37
200,2,306,163,143,0,0,0,1.0,1,1.0,1,1.0,1,0.10714886343570926,37
201,2,308,165,143,0,0,0,1.0,1,1.0,1,1.0,1,0.11500448158625076,36
202,0,308,165,143,0,0,0,1.0,1,1.0,1,1.0,1,0.0831007214239001,36
203,3,311,168,143,0,0,0,1.0,1,1.0,1,1.0,1,0.13667246326926163,35
204,0,311,168,143,0,0,0,1.0,1,1.0,1,1.0,1,0.13597196138653755,35
205,3,314,171,143,0,0,0,1.0,1,1.0,1,1.0,1,0.1142965935801866,35
206,2,316,172,144,0,0,0,1.0,1,1.0,1,1.0,1,0.10106448629480003,34
207,0,316,172,144,0,0,0,1.0,1,1.0,1,1.0,1,0.08807269632690987,34
208,3,319,174,145,0,0,0,1.0,1,1.0,1,1.0,1,0.11557021194492553,33
209,1,320,174,146,0,0,0,1.0,1,1.0,1,1.0,1,0.13825142445579375,33
210,1,321,175,146,0,0,0,1.0,1,1.0,1,1.0,1,0.14097366763302208,34
211,4,325,176,149,0,0,0,1.0,1,1.0,1,1.0,1,0.0676243291660697,33
212,0,325,176,149,0,0,0,1.0,1,1.0,1,1.0,1,0.0676243291660697,33
213,0,325,176,149,0,0,0,1.0,1,1.0,1,1.0,1,0.08777082932390036,35
214,2,327,178,149,0,0,0,1.0,1,1.0,1,1.0,1,0.10160913675635531,34
215,1,328,179,149,0,0,0,1.0,1,1.0,1,1.0,1,0.13318798562679857,35
216,3,331,180,151,0,0,0,1.0,1,1.0,1,1.0,1,0.07241246678216061,36
217,1,332,181,151,0,0,0,1.0,1,1.0,1,1.0,1,0.10775146372052423,36
218,2,334,182,152,0,0,0,1.0,1,1.0,1,1.0,1,0.13917897453879216,36
219,0,334,182,152,0,0,0,1.0,1,1.0,1,1.0,1,0.11959283309068916,37
220,1,335,183,152,0,0,0,1.0,1,1.0,1,1.0,1,0.11453680456636645,38
221,2,337,184,153,0,0,0,1.0,1,1.0,1,1.0,1,0.10761441278604279,37
222,1,338,185,153,0,0,0,1.0,1,1.0,1,1.0,1,0.08823415020030764,38
223,0,338,185,153,0,0,0,1.0,1,1.0,1,1.0,1,0.08823415020030764,38
224,3,341,186,155,0,0,0,1.0,1,1.0,1,1.0,1,0.11284397891943332,38
225,1,342,187,155,0,0,0,1.0,1,1.0,1,1.0,1,0.13575529234466843,36
226,2,344,188,156,0,0,0,1.0,1,1.0,1,1.0,1,0.10586301304143952,37
227,2,346,190,156,0,0,0,1.0,1,1.0,1,1.0,1,0.17416103094214083,35
228,2,348,192,156,0,0,0,1.0,1,1.0,1,1.0,1,0.13432219117544578,35
229,3,351,195,156,0,0,0,1.0,1,1.0,1,1.0,1,0.1331460222406503,35
230,2,353,196,157,0,0,0,1.0,1,1.0,1,1.0,1,0.11652339002137882,35
231,4,357,199,158,0,0,0,1.0,1,1.0,1,1.0,1,0.08161557077608099,35
232,2,359,200,159,0,0,0,1.0,1,1.0,1,1.0,1,0.06294220191192813,36
233,1,360,201,159,0,0,0,1.0,1,1.0,1,1.0,1,0.04399816172525871,36
234,0,360,201,159,0,0,0,1.0,1,1.0,1,1.0,1,0.06943156458772652,34
235,1,361,202,159,0,0,0,1.0,1,1.0,1,1.0,1,0.08812056898732078,33
236,2,363,203,160,0,0,0,1.0,1,1.0,1,1.0,1,0.06240425611729416,31
237,0,363,203,160,0,0,0,1.0,1,1.0,1,1.0,1,0.06690384779498158,32
238,1,364,204,160,0,0,0,1.0,1,1.0,1,1.0,1,0.0892112388409892,31
239,1,365,205,160,0,0,0,1.0,1,1.0,1,1.0,1,0.12603129020169912,30
240,1,366,206,160,0,0,0,1.0,1,1.0,1,1.0,1,0.16427811455746927,27
241,5,371,210,161,0,0,0,1.0,1,1.0,1,1.0,1,0.16621282853720354,27
242,0,371,210,161,0,0,0,1.0,1,1.0,1,1.0,1,0.13821761145156858,28
243,1,372,211,161,0,0,0,1.0,1,1.0,1,1.0,1,0.14770797046061881,28
244,1,373,212,161,0,0,0,1.0,1,1.0,1,1.0,1,0.13120517523785347,27
245,1,374,212,162,0,0,0,1.0,1,1.0,1,1.0,1,0.10293549167297,27
246,1,375,213,162,0,0,0,1.0,1,1.0,1,1.0,1,0.11203082755096858,25
247,0,375,213,162,0,0,0,1.0,1,1.0,1,1.0,1,0.07903897917333805,24
248,0,375,213,162,0,0,0,1.0,1,1.0,1,1.0,1,0.08092731298612367,24
249,0,375,213,162,0,0,0,1.0,1,1.0,1,1.0,1,0.10839944504619278,25
250,0,375,213,162,0,0,0,1.0,1,1.0,1,1.0,1,0.0983759335945885,27
251,1,376,213,163,0,0,0,1.0,1,1.0,1,1.0,1,0.06164804200084931,27
252,2,378,215,163,0,0,0,1.0,1,1.0,1,1.0,1,0.07055828927302098,27
253,1,379,216,163,0,0,0,1.0,1,1.0,1,1.0,1,0.13525082672166885,29
254,3,382,219,163,0,0,0,1.0,1,1.0,1,1.0,1,0.1702435904133712,30
255,2,384,220,164,0,0,0,1.0,1,1.0,1,1.0,1,0.15692726434076848,31
256,3,387,222,165,0,0,0,1.0,1,1.0,1,1.0,1,0.12875856719242562,31
257,2,389,223,166,0,0,0,1.0,1,1.0,1,1.0,1,0.10989230765684435,33
258,1,390,224,166,0,0,0,1.0,1,1.0,1,1.0,1,0.13108560418180515,33
259,0,390,224,166,0,0,0,1.0,1,1.0,1,1.0,1,0.13108560418180515,33
260,2,392,225,167,0,0,0,1.0,1,1.0,1,1.0,1,0.14590450517232884,35
261,3,395,225,170,0,0,0,1.0,1,1.0,1,1.0,1,0.054567319836372176,35
262,0,395,225,170,0,0,0,1.0,1,1.0,1,1.0,1,0.054567319836372176,35
263,0,395,225,170,0,0,0,1.0,1,1.0,1,1.0,1,0.08439232450591373,34
264,0,395,225,170,0,0,0,1.0,1,1.0,1,1.0,1,0.11111248135594388,32
265,2,397,227,170,0,0,0,1.0,1,1.0,1,1.0,1,0.13130972982029,30
266,3,400,228,172,0,0,0,1.0,1,1.0,1,1.0,1,0.08423024802750811,31
267,1,401,229,172,0,0,0,1.0,1,1.0,1,1.0,1,0.029557367061430168,30
268,1,402,230,172,0,0,0,1.0,1,1.0,1,1.0,1,0.08093510147467232,31
269,1,403,231,172,0,0,0,1.0,1,1.0,1,1.0,1,0.12964595569041412,31
270,2,405,232,173,0,0,0,1.0,1,1.0,1,1.0,1,0.190781189251004,32
271,0,405,232,173,0,0,0,1.0,1,1.0,1,1.0,1,0.21394044986518954,31
272,1,406,233,173,0,0,0,1.0,1,1.0,1,1.0,1,0.30490952177461705,32
273,3,409,233,176,0,0,0,1.0,1,1.0,1,1.0,1,0.21935625964400232,32
274,0,409,233,176,0,0,0,1.0,1,1.0,1,1.0,1,0.21935625964400232,32
275,1,410,234,176,0,0,0,1.0,1,1.0,1,1.0,1,0.1837222934289684,33
276,4,414,235,179,0,0,0,1.0,1,1.0,1,1.0,1,0.1417517298629293,34
277,1,415,236,179,0,0,0,1.0,1,1.0,1,1.0,1,0.0989701264021047,32
278,0,415,236,179,0,0,0,1.0,1,1.0,1,1.0,1,0.0691793774247225,31
279,0,415,236,179,0,0,0,1.0,1,1.0,1,1.0,1,0.06780866768335284,31
280,0,415,236,179,0,0,0,1.0,1,1.0,1,1.0,1,0.06666209559414689,30
281,0,415,236,179,0,0,0,1.0,1,1.0,1,1.0,1,0.04491681710335837,31
282,0,415,236,179,0,0,0,1.0,1,1.0,1,1.0,1,0.0750824886721283,30
283,2,417,237,180,0,0,0,1.0,1,1.0,1,1.0,1,0.10119141934205804,31
284,1,418,238,180,0,0,0,1.0,1,1.0,1,1.0,1,0.11297819105150982,31
285,2,420,240,180,0,0,0,1.0,1,1.0,1,1.0,1,0.17721321221390263,31
286,3,423,240,183,0,0,0,1.0,1,1.0,1,1.0,1,0.09273241650896367,31
287,1,424,241,183,0,0,0,1.0,1,1.0,1,1.0,1,0.16550985932313172,33
288,0,424,241,183,0,0,0,1.0,1,1.0,1,1.0,1,0.11306860912979953,32
289,0,424,241,183,0,0,0,1.0,1,1.0,1,1.0,1,0.1012965349903918,32
290,0,424,241,183,0,0,0,1.0,1,1.0,1,1.0,1,0.08431408030412339,31
291,1,425,242,183,0,0,0,1.0,1,1.0,1,1.0,1,0.14951596489086247,30
292,1,426,242,184,0,0,0,1.0,1,1.0,1,1.0,1,0.07710690366284612,32
293,0,426,242,184,0,0,0,1.0,1,1.0,1,1.0,1,0.07710690366284612,32
294,0,426,242,184,0,0,0,1.0,1,1.0,1,1.0,1,0.07710690366284612,32
295,1,427,243,184,0,0,0,1.0,1,1.0,1,1.0,1,0.07802177648787993,34
296,0,427,243,184,0,0,0,1.0,1,1.0,1,1.0,1,0.07802177648787993,34
297,0,427,243,184,0,0,0,1.0,1,1.0,1,1.0,1,0.07802177648787993,34
298,0,427,243,184,0,0,0,1.0,1,1.0,1,1.0,1,0.06850462017459955,35
299,0,427,243,184,0,0,0,1.0,1,1.0,1,1.0,1,0.10380929617118298,35
300,2,429,245,184,0,0,0,1.0,1,1.0,1,1.0,1,0.14475436268180128,35
301,5,434,246,188,0,0,0,1.0,1,1.0,1,1.0,1,0.05644562062629424,38
302,1,435,247,188,0,0,0,1.0,1,1.0,1,1.0,1,0.0514905582594747,38
303,1,436,248,188,0,0,0,1.0,1,1.0,1,1.0,1,0.07287482382543219,37
304,2,438,248,190,0,0,0,1.0,1,1.0,1,1.0,1,0.10673913657570508,37
305,3,441,249,192,0,0,0,1.0,1,1.0,1,1.0,1,0.16575177824280532,36
306,3,444,250,194,0,0,0,1.0,1,1.0,1,1.0,1,0.15180511067863867,36
307,0,444,250,194,0,0,0,1.0,1,1.0,1,1.0,1,0.1620652146326242,35
308,0,444,250,194,0,0,0,1.0,1,1.0,1,1.0,1,0.15156230386665917,37
309,0,444,250,194,0,0,0,1.0,1,1.0,1,1.0,1,0.15156230386665917,37
310,0,444,250,194,0,0,0,1.0,1,1.0,1,1.0,1,0.15156230386665917,37
311,2,446,251,195,0,0,0,1.0,1,1.0,1,1.0,1,0.0999016124631543,39
312,0,446,251,195,0,0,0,1.0,1,1.0,1,1.0,1,0.08951307088832287,40
313,0,446,251,195,0,0,0,1.0,1,1.0,1,1.0,1,0.09744008796914441,39
314,2,448,253,195,0,0,0,1.0,1,1.0,1,1.0,1,0.12721155263955397,40
315,3,451,254,197,0,0,0,1.0,1,1.0,1,1.0,1,0.10794119412981895,39
316,0,451,254,197,0,0,0,1.0,1,1.0,1,1.0,1,0.10794119412981895,39
317,2,453,254,199,0,0,0,1.0,1,1.0,1,1.0,1,0.04445913035170609,40
318,0,453,254,199,0,0,0,1.0,1,1.0,1,1.0,1,0.050498976403860016,41
319,1,454,254,200,0,0,0,1.0,1,1.0,1,1.0,1,0.010136136028825203,41
320,0,454,254,200,0,0,0,1.0,1,1.0,1,1.0,1,0.00998333513301152,41
321,1,455,255,200,0,0,0,1.0,1,1.0,1,1.0,1,0.04100786074952476,41
322,1,456,256,200,0,0,0,1.0,1,1.0,1,1.0,1,0.05398543471008014,41
323,0,456,256,200,0,0,0,1.0,1,1.0,1,1.0,1,0.05398543471008014,41
324,3,459,258,201,0,0,0,1.0,1,1.0,1,1.0,1,0.10317010892695014,42
325,1,460,259,201,0,0,0,1.0,1,1.0,1,1.0,1,0.1408923961203235,42
326,4,464,260,204,0,0,0,1.0,1,1.0,1,1.0,1,0.1269378031689005,42
327,0,464,260,204,0,0,0,1.0,1,1.0,1,1.0,1,0.1269378031689005,42
328,0,464,260,204,0,0,0,1.0,1,1.0,1,1.0,1,0.1293432593816947,43
329,0,464,260,204,0,0,0,1.0,1,1.0,1,1.0,1,0.1293432593816947,43
330,1,465,260,205,0,0,0,1.0,1,1.0,1,1.0,1,0.11239913760104278,45
331,0,465,260,205,0,0,0,1.0,1,1.0,1,1.0,1,0.11239913760104278,45
332,1,466,260,206,0,0,0,1.0,1,1.0,1,1.0,1,0.09169617748901218,45
333,1,467,260,207,0,0,0,1.0,1,1.0,1,1.0,1,0.08346014521733888,46
334,0,467,260,207,0,0,0,1.0,1,1.0,1,1.0,1,0.057468506227066896,48
335,1,468,261,207,0,0,0,1.0,1,1.0,1,1.0,1,0.0806983901370525,48
336,1,469,262,207,0,0,0,1.0,1,1.0,1,1.0,1,0.11747121037638343,48
337,1,470,262,208,0,0,0,1.0,1,1.0,1,1.0,1,0.10792208191434331,49
338,1,471,262,209,0,0,0,1.0,1,1.0,1,1.0,1,0.09193376039922052,50
339,1,472,263,209,0,0,0,1.0,1,1.0,1,1.0,1,0.11870558640075857,50
340,0,472,263,209,0,0,0,1.0,1,1.0,1,1.0,1,0.11870558640075857,50
341,1,473,263,210,0,0,0,1.0,1,1.0,1,1.0,1,0.11833496478859012,51
342,0,473,263,210,0,0,0,1.0,1,1.0,1,1.0,1,0.11833496478859012,51
343,1,474,264,210,0,0,0,1.0,1,1.0,1,1.0,1,0.09504552308008289,51
344,1,475,264,211,0,0,0,1.0,1,1.0,1,1.0,1,0.07058680720463299,50
345,0,475,264,211,0,0,0,1.0,1,1.0,1,1.0,1,0.08441276958578893,51
346,2,477,265,212,0,0,0,1.0,1,1.0,1,1.0,1,0.08315103305758248,51
347,6,483,270,213,0,0,0,1.0,1,1.0,1,1.0,1,0.08892898177769372,51
348,1,484,271,213,0,0,0,1.0,1,1.0,1,1.0,1,0.06839563167599198,53
349,2,486,272,214,0,0,0,1.0,1,1.0,1,1.0,1,0.07532411786554999,55
350,0,486,272,214,0,0,0,1.0,1,1.0,1,1.0,1,0.09451389637335716,54
351,2,488,274,214,0,0,0,1.0,1,1.0,1,1.0,1,0.08298514535139596,54
352,2,490,275,215,0,0,0,1.0,1,1.0,1,1.0,1,0.10572070028415745,53
353,2,492,277,215,0,0,0,1.0,1,1.0,1,1.0,1,0.0953779299469659,53
354,1,493,278,215,0,0,0,1.0,1,1.0,1,1.0,1,0.11701935310998747,50
355,1,494,279,215,0,0,0,1.0,1,1.0,1,1.0,1,0.1250161681185891,51
356,4,498,280,218,0,0,0,1.0,1,1.0,1,1.0,1,0.07274322865481088,51
357,3,501,283,218,0,0,0,1.0,1,1.0,1,1.0,1,0.09912114964985962,50
358,2,503,285,218,0,0,0,1.0,1,1.0,1,1.0,1,0.12702347870421418,48
359,1,504,286,218,0,0,0,1.0,1,1.0,1,1.0,1,0.14253387459720676,47
360,0,504,286,218,0,0,0,1.0,1,1.0,1,1.0,1,0.13720131537153987,45
361,2,506,286,220,0,0,0,1.0,1,1.0,1,1.0,1,0.10575521580508217,44
362,1,507,286,221,0,0,0,1.0,1,1.0,1,1.0,1,0.12488359673311804,44
363,5,512,289,223,0,0,0,1.0,1,1.0,1,1.0,1,0.08605790915414858,44
364,0,512,289,223,0,0,0,1.0,1,1.0,1,1.0,1,0.10195268148604594,43
365,3,515,292,223,0,0,0,1.0,1,1.0,1,1.0,1,0.12983846953776088,43
366,3,518,293,225,0,0,0,1.0,1,1.0,1,1.0,1,0.060002385331935824,45
367,4,522,294,228,0,0,0,1.0,1,1.0,1,1.0,1,0.06793210490813106,44
368,0,522,294,228,0,0,0,1.0,1,1.0,1,1.0,1,0.05829960705020027,46
369,1,523,295,228,0,0,0,1.0,1,1.0,1,1.0,1,0.08665279729620241,45
370,1,524,295,229,0,0,0,1.0,1,1.0,1,1.0,1,0.08446825409229508,46
371,1,525,295,230,0,0,0,1.0,1,1.0,1,1.0,1,0.08334410843045341,47
372,1,526,295,231,0,0,0,1.0,1,1.0,1,1.0,1,0.06537142736075616,48
373,0,526,295,231,0,0,0,1.0,1,1.0,1,1.0,1,0.06537142736075616,48
374,2,528,296,232,0,0,0,1.0,1,1.0,1,1.0,1,0.06378182293041708,49
375,0,528,296,232,0,0,0,1.0,1,1.0,1,1.0,1,0.06378182293041708,49
376,3,531,298,233,0,0,0,1.0,1,1.0,1,1.0,1,0.06397256617135307,49
377,4,535,302,233,0,0,0,1.0,1,1.0,1,1.0,1,0.09760318392000282,49
378,2,537,303,234,0,0,0,1.0,1,1.0,1,1.0,1,0.07198932397151225,49
379,1,538,304,234,0,0,0,1.0,1,1.0,1,1.0,1,0.09500596646645279,50
380,2,540,305,235,0,0,0,1.0,1,1.0,1,1.0,1,0.09324504144495692,50
381,4,544,307,237,0,0,0,1.0,1,1.0,1,1.0,1,0.05476272587598448,51
382,1,545,308,237,0,0,0,1.0,1,1.0,1,1.0,1,0.059801991219111734,50
383,1,546,308,238,0,0,0,1.0,1,1.0,1,1.0,1,0.06376673398774703,51
384,1,547,309,238,0,0,0,1.0,1,1.0,1,1.0,1,0.07189092687786536,50
385,0,547,309,238,0,0,0,1.0,1,1.0,1,1.0,1,0.08040663817689746,50
386,3,550,309,241,0,0,0,1.0,1,1.0,1,1.0,1,0.0187659041146894,48
387,0,550,309,241,0,0,0,1.0,1,1.0,1,1.0,1,0.04578222395240641,47
388,0,550,309,241,0,0,0,1.0,1,1.0,1,1.0,1,0.06239033799005054,48
389,1,551,310,241,0,0,0,1.0,1,1.0,1,1.0,1,0.08456251328404346,47
390,1,552,311,241,0,0,0,1.0,1,1.0,1,1.0,1,0.10139902920444399,49
391,3,555,313,242,0,0,0,1.0,1,1.0,1,1.0,1,0.10424358785279096,46
392,0,555,313,242,0,0,0,1.0,1,1.0,1,1.0,1,0.13402765923725715,46
393,5,560,317,243,0,0,0,1.0,1,1.0,1,1.0,1,0.1680317452581071,44
394,0,560,317,243,0,0,0,1.0,1,1.0,1,1.0,1,0.17536679772748953,43
395,0,560,317,243,0,0,0,1.0,1,1.0,1,1.0,1,0.19242930895118762,42
396,4,564,318,246,0,0,0,1.0,1,1.0,1,1.0,1,0.1933898225518557,39
397,1,565,319,246,0,0,0,1.0,1,1.0,1,1.0,1,0.25034949411235935,39
398,0,565,319,246,0,0,0,1.0,1,1.0,1,1.0,1,0.25268114968144667,36
399,0,565,319,246,0,0,0,1.0,1,1.0,1,1.0,1,0.25268114968144667,36
400,2,567,321,246,0,0,0,1.0,1,1.0,1,1.0,1,0.25064388290636286,34
401,3,570,322,248,0,0,0,1.0,1,1.0,1,1.0,1,0.17494747289469142,33
402,0,570,322,248,0,0,0,1.0,1,1.0,1,1.0,1,0.1424090303537517,34
403,1,571,322,249,0,0,0,1.0,1,1.0,1,1.0,1,0.14610175484123464,36
404,0,571,322,249,0,0,0,1.0,1,1.0,1,1.0,1,0.14610175484123464,36
405,0,571,322,249,0,0,0,1.0,1,1.0,1,1.0,1,0.13169497577025344,37
406,1,572,322,250,0,0,0,1.0,1,1.0,1,1.0,1,0.11488446835136996,37
407,4,576,325,251,0,0,0,1.0,1,1.0,1,1.0,1,0.09488497585290097,39
408,2,578,327,251,0,0,0,1.0,1,1.0,1,1.0,1,0.15194723777392566,40
409,5,583,329,254,0,0,0,1.0,1,1.0,1,1.0,1,0.18207272509135453,41
410,7,590,331,259,0,0,0,1.0,1,1.0,1,1.0,1,0.18220968591920877,42
411,0,590,331,259,0,0,0,1.0,1,1.0,1,1.0,1,0.19861503004662576,43
412,2,592,332,260,0,0,0,1.0,1,1.0,1,1.0,1,0.18385780116672854,44
413,1,593,333,260,0,0,0,1.0,1,1.0,1,1.0,1,0.20106628068887047,44
414,2,595,333,262,0,0,0,1.0,1,1.0,1,1.0,1,0.1639562111525935,45
415,0,595,333,262,0,0,0,1.0,1,1.0,1,1.0,1,0.1639562111525935,45
416,1,596,333,263,0,0,0,1.0,1,1.0,1,1.0,1,0.1345510602232478,46
417,1,597,334,263,0,0,0,1.0,1,1.0,1,1.0,1,0.15460702377551636,46
418,0,597,334,263,0,0,0,1.0,1,1.0,1,1.0,1,0.14439536260242194,47
419,0,597,334,263,0,0,0,1.0,1,1.0,1,1.0,1,0.14439536260242194,47
420,1,598,334,264,0,0,0,1.0,1,1.0,1,1.0,1,0.1370474639531587,47
421,1,599,335,264,0,0,0,1.0,1,1.0,1,1.0,1,0.1295103987215161,47
422,0,599,335,264,0,0,0,1.0,1,1.0,1,1.0,1,0.13067806191374973,49
423,0,599,335,264,0,0,0,1.0,1,1.0,1,1.0,1,0.13328042535556153,47
424,1,600,335,265,0,0,0,1.0,1,1.0,1,1.0,1,0.12215119327744439,45
425,1,601,335,266,0,0,0,1.0,1,1.0,1,1.0,1,0.13579171591245487,46
426,2,603,337,266,0,0,0,1.0,1,1.0,1,1.0,1,0.14003307499837778,46
427,4,607,339,268,0,0,0,1.0,1,1.0,1,1.0,1,0.11416675781791948,45
428,0,607,339,268,0,0,0,1.0,1,1.0,1,1.0,1,0.13486928551529637,45
429,2,609,340,269,0,0,0,1.0,1,1.0,1,1.0,1,0.07748571183601727,42
430,0,609,340,269,0,0,0,1.0,1,1.0,1,1.0,1,0.1087747959007791,40
431,3,612,342,270,0,0,0,1.0,1,1.0,1,1.0,1,0.0738015623973226,39
432,0,612,342,270,0,0,0,1.0,1,1.0,1,1.0,1,0.07858404111397128,37
433,2,614,344,270,0,0,0,1.0,1,1.0,1,1.0,1,0.16318329120278152,35
434,2,616,345,271,0,0,0,1.0,1,1.0,1,1.0,1,0.18849596384031728,33
435,0,616,345,271,0,0,0,1.0,1,1.0,1,1.0,1,0.18849596384031728,33
436,3,619,345,274,0,0,0,1.0,1,1.0,1,1.0,1,0.10058967751387532,33
437,1,620,346,274,0,0,0,1.0,1,1.0,1,1.0,1,0.09835090621375162,33
438,1,621,346,275,0,0,0,1.0,1,1.0,1,1.0,1,0.06551958363949899,32
439,3,624,349,275,0,0,0,1.0,1,1.0,1,1.0,1,0.07694446019429997,34
440,2,626,350,276,0,0,0,1.0,1,1.0,1,1.0,1,0.07313193288203254,34
441,2,628,351,277,0,0,0,1.0,1,1.0,1,1.0,1,0.08645720259790281,35
442,3,631,354,277,0,0,0,1.0,1,1.0,1,1.0,1,0.15277239222089428,37
443,5,636,357,279,0,0,0,1.0,1,1.0,1,1.0,1,0.16159650852503266,37
444,2,638,358,280,0,0,0,1.0,1,1.0,1,1.0,1,0.09557073400626642,38
445,0,638,358,280,0,0,0,1.0,1,1.0,1,1.0,1,0.07302070006407857,39
446,0,638,358,280,0,0,0,1.0,1,1.0,1,1.0,1,0.07302070006407857,39
447,0,638,358,280,0,0,0,1.0,1,1.0,1,1.0,1,0.06348609112346185,41
448,0,638,358,280,0,0,0,1.0,1,1.0,1,1.0,1,0.06348609112346185,41
449,0,638,358,280,0,0,0,1.0,1,1.0,1,1.0,1,0.08223405121011294,40
450,0,638,358,280,0,0,0,1.0,1,1.0,1,1.0,1,0.04786188787529212,40
451,0,638,358,280,0,0,0,1.0,1,1.0,1,1.0,1,0.08719794233760626,41
452,0,638,358,280,0,0,0,1.0,1,1.0,1,1.0,1,0.08719794233760626,41
453,2,640,360,280,0,0,0,1.0,1,1.0,1,1.0,1,0.11761804332214186,40
454,0,640,360,280,0,0,0,1.0,1,1.0,1,1.0,1,0.10870275856128243,41
455,3,643,363,280,0,0,0,1.0,1,1.0,1,1.0,1,0.10462591861280476,41
456,2,645,363,282,0,0,0,1.0,1,1.0,1,1.0,1,0.06794305012098231,43
457,1,646,364,282,0,0,0,1.0,1,1.0,1,1.0,1,0.08350486396209732,43
458,1,647,365,282,0,0,0,1.0,1,1.0,1,1.0,1,0.07367557889524012,43
459,0,647,365,282,0,0,0,1.0,1,1.0,1,1.0,1,0.05421815992490549,44
460,1,648,365,283,0,0,0,1.0,1,1.0,1,1.0,1,0.05537806290226334,47
461,1,649,366,283,0,0,0,1.0,1,1.0,1,1.0,1,0.04715739826090879,48
462,0,649,366,283,0,0,0,1.0,1,1.0,1,1.0,1,0.050887285920978555,49
463,0,649,366,283,0,0,0,1.0,1,1.0,1,1.0,1,0.0632643810205476,47
464,1,650,367,283,0,0,0,1.0,1,1.0,1,1.0,1,0.030788958872963623,48
465,4,654,370,284,0,0,0,1.0,1,1.0,1,1.0,1,0.05918326698017372,47
466,3,657,373,284,0,0,0,1.0,1,1.0,1,1.0,1,0.07744279867398825,46
467,3,660,376,284,0,0,0,1.0,1,1.0,1,1.0,1,0.08013403034494618,44
468,3,663,379,284,0,0,0,1.0,1,1.0,1,1.0,1,0.12737943229073456,41
469,4,667,383,284,0,0,0,1.0,1,1.0,1,1.0,1,0.11999831268146359,40
470,3,670,385,285,0,0,0,1.0,1,1.0,1,1.0,1,0.10646246779374641,39
471,3,673,387,286,0,0,0,1.0,1,1.0,1,1.0,1,0.07959935817951239,38
472,2,675,388,287,0,0,0,1.0,1,1.0,1,1.0,1,0.06672902091748475,36
473,1,676,389,287,0,0,0,1.0,1,1.0,1,1.0,1,0.06289228396195187,36
474,1,677,390,287,0,0,0,1.0,1,1.0,1,1.0,1,0.10042499950365531,34
475,1,678,391,287,0,0,0,1.0,1,1.0,1,1.0,1,0.12405057454241256,34
476,2,680,392,288,0,0,0,1.0,1,1.0,1,1.0,1,0.1520291703033022,32
477,0,680,392,288,0,0,0,1.0,1,1.0,1,1.0,1,0.15226487766144742,32
478,1,681,393,288,0,0,0,1.0,1,1.0,1,1.0,1,0.16147284182737598,30
479,0,681,393,288,0,0,0,1.0,1,1.0,1,1.0,1,0.17551399728169087,31
480,0,681,393,288,0,0,0,1.0,1,1.0,1,1.0,1,0.17087979404233544,27
481,1,682,394,288,0,0,0,1.0,1,1.0,1,1.0,1,0.14298431206755682,28
482,2,684,396,288,0,0,0,1.0,1,1.0,1,1.0,1,0.16724533777541403,28
483,3,687,398,289,0,0,0,1.0,1,1.0,1,1.0,1,0.09657173019059082,29
484,1,688,399,289,0,0,0,1.0,1,1.0,1,1.0,1,0.1314691533833961,29
485,0,688,399,289,0,0,0,1.0,1,1.0,1,1.0,1,0.1314691533833961,29
486,3,691,400,291,0,0,0,1.0,1,1.0,1,1.0,1,0.06325887839582651,31
487,0,691,400,291,0,0,0,1.0,1,1.0,1,1.0,1,0.09526873239309795,33
488,1,692,400,292,0,0,0,1.0,1,1.0,1,1.0,1,0.06374412917606001,34
489,2,694,402,292,0,0,0,1.0,1,1.0,1,1.0,1,0.13740008898450762,34
490,0,694,402,292,0,0,0,1.0,1,1.0,1,1.0,1,0.13740008898450762,34
491,1,695,403,292,0,0,0,1.0,1,1.0,1,1.0,1,0.10330092889652627,34
492,0,695,403,292,0,0,0,1.0,1,1.0,1,1.0,1,0.10330092889652627,34
493,3,698,406,292,0,0,0,1.0,1,1.0,1,1.0,1,0.10168134753229928,34
494,1,699,407,292,0,0,0,1.0,1,1.0,1,1.0,1,0.12704407425904746,36
495,2,701,408,293,0,0,0,1.0,1,1.0,1,1.0,1,0.1217083827422133,36
496,2,703,408,295,0,0,0,1.0,1,1.0,1,1.0,1,0.053189573527997684,37
497,1,704,408,296,0,0,0,1.0,1,1.0,1,1.0,1,0.05273114032162811,39
498,1,705,409,296,0,0,0,1.0,1,1.0,1,1.0,1,0.08246118015328385,40
499,0,705,409,296,0,0,0,1.0,1,1.0,1,1.0,1,0.08246118015328385,40
500,1,706,409,297,0,0,0,1.0,1,1.0,1,1.0,1,0.08206861459929458,42
501,3,709,410,299,0,0,0,1.0,1,1.0,1,1.0,1,0.023678695709488964,42
502,0,709,410,299,0,0,0,1.0,1,1.0,1,1.0,1,0.044738550903506716,42
503,3,712,413,299,0,0,0,1.0,1,1.0,1,1.0,1,0.08554096384289174,41
504,1,713,413,300,0,0,0,1.0,1,1.0,1,1.0,1,0.09335567199498254,42
505,2,715,415,300,0,0,0,1.0,1,1.0,1,1.0,1,0.1447358027765828,38
506,1,716,415,301,0,0,0,1.0,1,1.0,1,1.0,1,0.14332750138124503,37
507,2,718,416,302,0,0,0,1.0,1,1.0,1,1.0,1,0.13054135273053105,35
508,2,720,418,302,0,0,0,1.0,1,1.0,1,1.0,1,0.16408549221652788,35
509,1,721,419,302,0,0,0,1.0,1,1.0,1,1.0,1,0.18941244854176956,34
510,1,722,419,303,0,0,0,1.0,1,1.0,1,1.0,1,0.17763552806772295,34
511,1,723,420,303,0,0,0,1.0,1,1.0,1,1.0,1,0.12178629267128659,32
512,0,723,420,303,0,0,0,1.0,1,1.0,1,1.0,1,0.13742578405043113,30
513,1,724,421,303,0,0,0,1.0,1,1.0,1,1.0,1,0.11492870932413268,31
514,0,724,421,303,0,0,0,1.0,1,1.0,1,1.0,1,0.11492870932413268,31
515,1,725,421,304,0,0,0,1.0,1,1.0,1,1.0,1,0.0827753475823264,32
516,1,726,421,305,0,0,0,1.0,1,1.0,1,1.0,1,0.03583109711626007,31
517,1,727,422,305,0,0,0,1.0,1,1.0,1,1.0,1,0.0374617799330139,32
518,0,727,422,305,0,0,0,1.0,1,1.0,1,1.0,1,0.048924045685474336,31
519,2,729,424,305,0,0,0,1.0,1,1.0,1,1.0,1,0.08165444954517687,31
520,2,731,426,305,0,0,0,1.0,1,1.0,1,1.0,1,0.06915022505265236,33
521,1,732,427,305,0,0,0,1.0,1,1.0,1,1.0,1,0.0682791030290968,34
522,1,733,428,305,0,0,0,1.0,1,1.0,1,1.0,1,0.0638884953479976,34
523,0,733,428,305,0,0,0,1.0,1,1.0,1,1.0,1,0.060121514658090035,33
524,3,736,430,306,0,0,0,1.0,1,1.0,1,1.0,1,0.02672785391585918,34
525,0,736,430,306,0,0,0,1.0,1,1.0,1,1.0,1,0.02407859924466349,32
526,1,737,431,306,0,0,0,1.0,1,1.0,1,1.0,1,0.047762801818524075,32
527,0,737,431,306,0,0,0,1.0,1,1.0,1,1.0,1,0.04973409838969317,31
528,0,737,431,306,0,0,0,1.0,1,1.0,1,1.0,1,0.04973409838969317,31
529,0,737,431,306,0,0,0,1.0,1,1.0,1,1.0,1,0.07351787121340485,30
530,1,738,432,306,0,0,0,1.0,1,1.0,1,1.0,1,0.12297745511192389,30
531,1,739,433,306,0,0,0,1.0,1,1.0,1,1.0,1,0.13309196136800214,32
532,2,741,435,306,0,0,0,1.0,1,1.0,1,1.0,1,0.18827869039959536,32
533,4,745,438,307,0,0,0,1.0,1,1.0,1,1.0,1,0.22217818502714048,34
534,4,749,439,310,0,0,0,1.0,1,1.0,1,1.0,1,0.19330939132044714,34
535,6,755,440,315,0,0,0,1.0,1,1.0,1,1.0,1,0.23646807310238138,37
536,2,757,440,317,0,0,0,1.0,1,1.0,1,1.0,1,0.21188125758029905,37
537,1,758,441,317,0,0,0,1.0,1,1.0,1,1.0,1,0.24695133419305554,37
538,0,758,441,317,0,0,0,1.0,1,1.0,1,1.0,1,0.23202576129007654,38
539,0,758,441,317,0,0,0,1.0,1,1.0,1,1.0,1,0.23202576129007654,38
540,3,761,443,318,0,0,0,1.0,1,1.0,1,1.0,1,0.19439637267652554,38
541,0,761,443,318,0,0,0,1.0,1,1.0,1,1.0,1,0.17812764411814985,39
542,3,764,446,318,0,0,0,1.0,1,1.0,1,1.0,1,0.20954571307314893,40
543,0,764,446,318,0,0,0,1.0,1,1.0,1,1.0,1,0.2211216273678466,37
544,0,764,446,318,0,0,0,1.0,1,1.0,1,1.0,1,0.22233584581332375,35
545,2,766,448,318,0,0,0,1.0,1,1.0,1,1.0,1,0.18362346430784313,35
546,1,767,449,318,0,0,0,1.0,1,1.0,1,1.0,1,0.17815110784196647,35
547,2,769,451,318,0,0,0,1.0,1,1.0,1,1.0,1,0.19674598861600354,34
548,1,770,452,318,0,0,0,1.0,1,1.0,1,1.0,1,0.2334703830886394,34
549,1,771,453,318,0,0,0,1.0,1,1.0,1,1.0,1,0.26759180782561826,31
550,0,771,453,318,0,0,0,1.0,1,1.0,1,1.0,1,0.25382544611173985,30
551,2,773,455,318,0,0,0,1.0,1,1.0,1,1.0,1,0.22801922880055825,31
552,0,773,455,318,0,0,0,1.0,1,1.0,1,1.0,1,0.19129987213535787,29
553,1,774,455,319,0,0,0,1.0,1,1.0,1,1.0,1,0.14785225995649634,30
554,0,774,455,319,0,0,0,1.0,1,1.0,1,1.0,1,0.1333821480674058,30
555,3,777,455,322,0,0,0,1.0,1,1.0,1,1.0,1,0.06628728902894682,30
556,0,777,455,322,0,0,0,1.0,1,1.0,1,1.0,1,0.05214286507235349,31
557,1,778,456,322,0,0,0,1.0,1,1.0,1,1.0,1,0.08489770910186094,31
558,1,779,457,322,0,0,0,1.0,1,1.0,1,1.0,1,0.09421152804092563,31
559,1,780,458,322,0,0,0,1.0,1,1.0,1,1.0,1,0.06882019344777425,31
560,2,782,459,323,0,0,0,1.0,1,1.0,1,1.0,1,0.08432718736443068,32
561,3,785,461,324,0,0,0,1.0,1,1.0,1,1.0,1,0.14621089723576713,33
562,1,786,462,324,0,0,0,1.0,1,1.0,1,1.0,1,0.19366571901772475,33
563,3,789,465,324,0,0,0,1.0,1,1.0,1,1.0,1,0.25594497089834456,33
564,1,790,465,325,0,0,0,1.0,1,1.0,1,1.0,1,0.23736142540875757,34
565,1,791,466,325,0,0,0,1.0,1,1.0,1,1.0,1,0.2088546301700175,35
566,3,794,468,326,0,0,0,1.0,1,1.0,1,1.0,1,0.15009223642085157,36
567,1,795,468,327,0,0,0,1.0,1,1.0,1,1.0,1,0.1050095801458196,37
568,4,799,471,328,0,0,0,1.0,1,1.0,1,1.0,1,0.0771194252203407,36
569,2,801,473,328,0,0,0,1.0,1,1.0,1,1.0,1,0.04466914179664225,37
570,0,801,473,328,0,0,0,1.0,1,1.0,1,1.0,1,0.034639736758571696,38
571,2,803,475,328,0,0,0,1.0,1,1.0,1,1.0,1,0.08053060553330275,38
572,0,803,475,328,0,0,0,1.0,1,1.0,1,1.0,1,0.06481327812254345,39
573,0,803,475,328,0,0,0,1.0,1,1.0,1,1.0,1,0.06481327812254345,39
574,0,803,475,328,0,0,0,1.0,1,1.0,1,1.0,1,0.0405682113890106,41
575,0,803,475,328,0,0,0,1.0,1,1.0,1,1.0,1,0.0405682113890106,41
576,0,803,475,328,0,0,0,1.0,1,1.0,1,1.0,1,0.030541328648148826,42
577,0,803,475,328,0,0,0,1.0,1,1.0,1,1.0,1,0.030541328648148826,42
578,1,804,476,328,0,0,0,1.0,1,1.0,1,1.0,1,0.029383161344267737,41
579,0,804,476,328,0,0,0,1.0,1,1.0,1,1.0,1,0.021358010405477412,42
580,2,806,478,328,0,0,0,1.0,1,1.0,1,1.0,1,0.0701450131993199,43
581,2,808,480,328,0,0,0,1.0,1,1.0,1,1.0,1,0.08390005224335054,42
582,0,808,480,328,0,0,0,1.0,1,1.0,1,1.0,1,0.07849903710293407,41
583,4,812,484,328,0,0,0,1.0,1,1.0,1,1.0,1,0.08016952688889735,40
584,0,812,484,328,0,0,0,1.0,1,1.0,1,1.0,1,0.08204353638255087,38
585,5,817,488,329,0,0,0,1.0,1,1.0,1,1.0,1,0.17795438262011098,38
586,5,822,491,331,0,0,0,1.0,1,1.0,1,1.0,1,0.12045176936295075,37
587,1,823,492,331,0,0,0,1.0,1,1.0,1,1.0,1,0.14330058307423213,35
588,3,826,494,332,0,0,0,1.0,1,1.0,1,1.0,1,0.11859199473601305,35
589,0,826,494,332,0,0,0,1.0,1,1.0,1,1.0,1,0.13662119575964732,34
590,0,826,494,332,0,0,0,1.0,1,1.0,1,1.0,1,0.12798380100357418,36
591,3,829,495,334,0,0,0,1.0,1,1.0,1,1.0,1,0.06580271732871802,35
592,1,830,495,335,0,0,0,1.0,1,1.0,1,1.0,1,0.041994028661162065,37
593,1,831,496,335,0,0,0,1.0,1,1.0,1,1.0,1,0.03159761434968792,36
594,1,832,497,335,0,0,0,1.0,1,1.0,1,1.0,1,0.07356341200808317,35
595,2,834,499,335,0,0,0,1.0,1,1.0,1,1.0,1,0.12673503927748356,34
596,3,837,500,337,0,0,0,1.0,1,1.0,1,1.0,1,0.10010477765078016,34
597,3,840,502,338,0,0,0,1.0,1,1.0,1,1.0,1,0.1180788883644604,33
598,1,841,502,339,0,0,0,1.0,1,1.0,1,1.0,1,0.15807620770564326,33
599,2,843,504,339,0,0,0,1.0,1,1.0,1,1.0,1,0.1737609358183628,33
600,2,845,505,340,0,0,0,1.0,1,1.0,1,1.0,1,0.15061279108789513,33
601,0,845,505,340,0,0,0,1.0,1,1.0,1,1.0,1,0.15283261390312625,34
602,0,845,505,340,0,0,0,1.0,1,1.0,1,1.0,1,0.17549715999936727,35
603,3,848,505,343,0,0,0,1.0,1,1.0,1,1.0,1,0.13182851602970797,35
604,0,848,505,343,0,0,0,1.0,1,1.0,1,1.0,1,0.10723492048037571,35
605,0,848,505,343,0,0,0,1.0,1,1.0,1,1.0,1,0.1379438952381638,35
606,2,850,505,345,0,0,0,1.0,1,1.0,1,1.0,1,0.061135019626843944,35
607,0,850,505,345,0,0,0,1.0,1,1.0,1,1.0,1,0.061135019626843944,35
608,1,851,505,346,0,0,0,1.0,1,1.0,1,1.0,1,0.0541836032739743,36
609,0,851,505,346,0,0,0,1.0,1,1.0,1,1.0,1,0.06919120057199862,37
610,0,851,505,346,0,0,0,1.0,1,1.0,1,1.0,1,0.06919120057199862,37
611,2,853,507,346,0,0,0,1.0,1,1.0,1,1.0,1,0.05235643731408398,39
612,1,854,508,346,0,0,0,1.0,1,1.0,1,1.0,1,0.07962413776991883,39
613,1,855,509,346,0,0,0,1.0,1,1.0,1,1.0,1,0.1096793885041697,39
614,1,856,510,346,0,0,0,1.0,1,1.0,1,1.0,1,0.15265231234779578,39
615,0,856,510,346,0,0,0,1.0,1,1.0,1,1.0,1,0.15265231234779578,39
616,2,858,511,347,0,0,0,1.0,1,1.0,1,1.0,1,0.204374684580161,38
617,2,860,513,347,0,0,0,1.0,1,1.0,1,1.0,1,0.1830692158607994,39
618,2,862,514,348,0,0,0,1.0,1,1.0,1,1.0,1,0.21282235241081818,40
619,4,866,516,350,0,0,0,1.0,1,1.0,1,1.0,1,0.1394354656910286,39
620,1,867,517,350,0,0,0,1.0,1,1.0,1,1.0,1,0.11583459098132212,38
621,2,869,519,350,0,0,0,1.0,1,1.0,1,1.0,1,0.1002107473474296,38
622,3,872,522,350,0,0,0,1.0,1,1.0,1,1.0,1,0.024505136851584966,38
623,1,873,523,350,0,0,0,1.0,1,1.0,1,1.0,1,0.04162788140287193,37
624,3,876,526,350,0,0,0,1.0,1,1.0,1,1.0,1,0.07463693978182029,33
625,2,878,528,350,0,0,0,1.0,1,1.0,1,1.0,1,0.05871753723694391,32
626,2,880,530,350,0,0,0,1.0,1,1.0,1,1.0,1,0.08388344681968567,31
627,2,882,532,350,0,0,0,1.0,1,1.0,1,1.0,1,0.15615970122613085,30
628,4,886,535,351,0,0,0,1.0,1,1.0,1,1.0,1,0.1338982469907555,32
629,0,886,535,351,0,0,0,1.0,1,1.0,1,1.0,1,0.1168836655809021,29
630,1,887,536,351,0,0,0,1.0,1,1.0,1,1.0,1,0.15524634460272654,29
631,4,891,538,353,0,0,0,1.0,1,1.0,1,1.0,1,0.19408072682508193,25
632,0,891,538,353,0,0,0,1.0,1,1.0,1,1.0,1,0.21162157175180143,24
633,1,892,539,353,0,0,0,1.0,1,1.0,1,1.0,1,0.27610061285515763,23
634,0,892,539,353,0,0,0,1.0,1,1.0,1,1.0,1,0.27610061285515763,23
635,0,892,539,353,0,0,0,1.0,1,1.0,1,1.0,1,0.3129719856526341,22
636,5,897,540,357,0,0,0,1.0,1,1.0,1,1.0,1,0.19000053569041178,22
637,0,897,540,357,0,0,0,1.0,1,1.0,1,1.0,1,0.20827924321299673,23
638,1,898,541,357,0,0,0,1.0,1,1.0,1,1.0,1,0.2318806008582595,23
639,0,898,541,357,0,0,0,1.0,1,1.0,1,1.0,1,0.23252752402200755,24
640,2,900,543,357,0,0,0,1.0,1,1.0,1,1.0,1,0.2358288516410961,24
641,1,901,543,358,0,0,0,1.0,1,1.0,1,1.0,1,0.241837604360995,25
642,0,901,543,358,0,0,0,1.0,1,1.0,1,1.0,1,0.1996548304612162,26
643,1,902,543,359,0,0,0,1.0,1,1.0,1,1.0,1,0.1267676297036757,28
644,2,904,544,360,0,0,0,1.0,1,1.0,1,1.0,1,0.07123104167687924,28
645,1,905,545,360,0,0,0,1.0,1,1.0,1,1.0,1,0.04461396473297447,28
646,0,905,545,360,0,0,0,1.0,1,1.0,1,1.0,1,0.06464211795397551,29
647,1,906,546,360,0,0,0,1.0,1,1.0,1,1.0,1,0.07257159982169978,30
648,1,907,547,360,0,0,0,1.0,1,1.0,1,1.0,1,0.05642580048790715,30
649,2,909,548,361,0,0,0,1.0,1,1.0,1,1.0,1,0.0966820205109923,31
650,1,910,549,361,0,0,0,1.0,1,1.0,1,1.0,1,0.08860396239142398,31
651,0,910,549,361,0,0,0,1.0,1,1.0,1,1.0,1,0.10445394723242622,32
652,1,911,550,361,0,0,0,1.0,1,1.0,1,1.0,1,0.0916134462729234,32
653,0,911,550,361,0,0,0,1.0,1,1.0,1,1.0,1,0.10099310915756377,33
654,2,913,552,361,0,0,0,1.0,1,1.0,1,1.0,1,0.08825181581308736,33
655,1,914,553,361,0,0,0,1.0,1,1.0,1,1.0,1,0.09331787720326087,36
656,1,915,554,361,0,0,0,1.0,1,1.0,1,1.0,1,0.12412261668598014,36
657,1,916,555,361,0,0,0,1.0,1,1.0,1,1.0,1,0.12312867551688672,35
658,2,918,556,362,0,0,0,1.0,1,1.0,1,1.0,1,0.15482889323213195,33
659,2,920,558,362,0,0,0,1.0,1,1.0,1,1.0,1,0.20753668846865964,35
660,0,920,558,362,0,0,0,1.0,1,1.0,1,1.0,1,0.16482288748460486,34
661,3,923,559,364,0,0,0,1.0,1,1.0,1,1.0,1,0.1411852099970015,33
662,1,924,560,364,0,0,0,1.0,1,1.0,1,1.0,1,0.09065745813280697,31
663,3,927,562,365,0,0,0,1.0,1,1.0,1,1.0,1,0.12531546098276958,29
664,0,927,562,365,0,0,0,1.0,1,1.0,1,1.0,1,0.11392181872490163,27
665,1,928,563,365,0,0,0,1.0,1,1.0,1,1.0,1,0.13908823218570016,27
666,2,930,563,367,0,0,0,1.0,1,1.0,1,1.0,1,0.08666166421938316,28
667,0,930,563,367,0,0,0,1.0,1,1.0,1,1.0,1,0.07545817319291181,26
668,2,932,564,368,0,0,0,1.0,1,1.0,1,1.0,1,0.11765387794147238,26
669,3,935,567,368,0,0,0,1.0,1,1.0,1,1.0,1,0.12944285033998168,25
670,0,935,567,368,0,0,0,1.0,1,1.0,1,1.0,1,0.1577544930768535,24
671,1,936,567,369,0,0,0,1.0,1,1.0,1,1.0,1,0.10163872601672379,24
672,1,937,568,369,0,0,0,1.0,1,1.0,1,1.0,1,0.17660534364264682,25
673,2,939,569,370,0,0,0,1.0,1,1.0,1,1.0,1,0.15128616882272392,25
674,1,940,569,371,0,0,0,1.0,1,1.0,1,1.0,1,0.08982497290579679,25
675,1,941,570,371,0,0,0,1.0,1,1.0,1,1.0,1,0.13756291633499484,26
676,3,944,573,371,0,0,0,1.0,1,1.0,1,1.0,1,0.10156580542090812,27
677,1,945,574,371,0,0,0,1.0,1,1.0,1,1.0,1,0.134487342472321,28
678,0,945,574,371,0,0,0,1.0,1,1.0,1,1.0,1,0.134487342472321,28
679,2,947,576,371,0,0,0,1.0,1,1.0,1,1.0,1,0.1335321213923052,30
680,0,947,576,371,0,0,0,1.0,1,1.0,1,1.0,1,0.15054918200531073,29
681,0,947,576,371,0,0,0,1.0,1,1.0,1,1.0,1,0.15054918200531073,29
682,0,947,576,371,0,0,0,1.0,1,1.0,1,1.0,1,0.13054478910242145,30
683,0,947,576,371,0,0,0,1.0,1,1.0,1,1.0,1,0.13054478910242145,30
684,0,947,576,371,0,0,0,1.0,1,1.0,1,1.0,1,0.1353536645748662,31
685,0,947,576,371,0,0,0,1.0,1,1.0,1,1.0,1,0.11501634574586378,30
686,4,951,580,371,0,0,0,1.0,1,1.0,1,1.0,1,0.05535659656735176,30
687,1,952,581,371,0,0,0,1.0,1,1.0,1,1.0,1,0.04123662111603085,30
688,0,952,581,371,0,0,0,1.0,1,1.0,1,1.0,1,0.060428603981972195,31
689,1,953,582,371,0,0,0,1.0,1,1.0,1,1.0,1,0.09278398858708882,32
690,0,953,582,371,0,0,0,1.0,1,1.0,1,1.0,1,0.09278398858708882,32
691,1,954,583,371,0,0,0,1.0,1,1.0,1,1.0,1,0.1440792638766488,32
692,3,957,586,371,0,0,0,1.0,1,1.0,1,1.0,1,0.19312699951988643,32
693,1,958,587,371,0,0,0,1.0,1,1.0,1,1.0,1,0.17860770806482903,34
694,2,960,589,371,0,0,0,1.0,1,1.0,1,1.0,1,0.2323008786046136,36
695,1,961,590,371,0,0,0,1.0,1,1.0,1,1.0,1,0.23834705907916665,34
696,2,963,590,373,0,0,0,1.0,1,1.0,1,1.0,1,0.15427297943623225,33
697,1,964,590,374,0,0,0,1.0,1,1.0,1,1.0,1,0.1394752195069668,33
698,2,966,592,374,0,0,0,1.0,1,1.0,1,1.0,1,0.19492239987795876,34
699,0,966,592,374,0,0,0,1.0,1,1.0,1,1.0,1,0.17792591956737802,33
700,1,967,593,374,0,0,0,1.0,1,1.0,1,1.0,1,0.16251626930644503,32
701,3,970,593,377,0,0,0,1.0,1,1.0,1,1.0,1,0.08307231169454204,33
702,1,971,594,377,0,0,0,1.0,1,1.0,1,1.0,1,0.10701189940341944,34
703,2,973,596,377,0,0,0,1.0,1,1.0,1,1.0,1,0.10619756639390468,32
704,0,973,596,377,0,0,0,1.0,1,1.0,1,1.0,1,0.06738655366192076,31
705,4,977,598,379,0,0,0,1.0,1,1.0,1,1.0,1,0.0331042350524267,33
706,1,978,599,379,0,0,0,1.0,1,1.0,1,1.0,1,0.09436075851041881,33
707,1,979,600,379,0,0,0,1.0,1,1.0,1,1.0,1,0.14461886165667176,31
708,1,980,601,379,0,0,0,1.0,1,1.0,1,1.0,1,0.1906227214319382,31
709,1,981,602,379,0,0,0,1.0,1,1.0,1,1.0,1,0.2009778131474401,30
710,0,981,602,379,0,0,0,1.0,1,1.0,1,1.0,1,0.2009778131474401,30
711,1,982,602,380,0,0,0,1.0,1,1.0,1,1.0,1,0.162474780851778,30
712,0,982,602,380,0,0,0,1.0,1,1.0,1,1.0,1,0.15806387836234595,30
713,0,982,602,380,0,0,0,1.0,1,1.0,1,1.0,1,0.1782946805031075,31
714,1,983,603,380,0,0,0,1.0,1,1.0,1,1.0,1,0.14672401984303102,31
715,1,984,603,381,0,0,0,1.0,1,1.0,1,1.0,1,0.12428493104779184,30
716,0,984,603,381,0,0,0,1.0,1,1.0,1,1.0,1,0.08689749746464043,31
717,0,984,603,381,0,0,0,1.0,1,1.0,1,1.0,1,0.1021626857621886,32
718,2,986,605,381,0,0,0,1.0,1,1.0,1,1.0,1,0.17829950397010064,32
719,3,989,607,382,0,0,0,1.0,1,1.0,1,1.0,1,0.1419568584024357,32
720,0,989,607,382,0,0,0,1.0,1,1.0,1,1.0,1,0.12092276647532088,34
721,1,990,608,382,0,0,0,1.0,1,1.0,1,1.0,1,0.15649358937273933,34
722,1,991,608,383,0,0,0,1.0,1,1.0,1,1.0,1,0.13903457037116254,34
723,1,992,608,384,0,0,0,1.0,1,1.0,1,1.0,1,0.139940043425139,35
724,1,993,608,385,0,0,0,1.0,1,1.0,1,1.0,1,0.1294424548662487,36
725,0,993,608,385,0,0,0,1.0,1,1.0,1,1.0,1,0.14540379116044094,37
726,1,994,608,386,0,0,0,1.0,1,1.0,1,1.0,1,0.12748456198630112,37
727,0,994,608,386,0,0,0,1.0,1,1.0,1,1.0,1,0.14350008760614644,38
728,1,995,608,387,0,0,0,1.0,1,1.0,1,1.0,1,0.13314138221528854,39
729,1,996,608,388,0,0,0,1.0,1,1.0,1,1.0,1,0.12334186927767209,39
730,0,996,608,388,0,0,0,1.0,1,1.0,1,1.0,1,0.1160517753566777,40
731,1,997,609,388,0,0,0,1.0,1,1.0,1,1.0,1,0.1419448140077587,40
732,1,998,609,389,0,0,0,1.0,1,1.0,1,1.0,1,0.15184383673299107,41
733,3,1001,611,390,0,0,0,1.0,1,1.0,1,1.0,1,0.16273317897997633,41
734,0,1001,611,390,0,0,0,1.0,1,1.0,1,1.0,1,0.15415531764293108,42
735,1,1002,612,390,0,0,0,1.0,1,1.0,1,1.0,1,0.13964067681810913,42
736,1,1003,612,391,0,0,0,1.0,1,1.0,1,1.0,1,0.11829195545469492,41
737,1,1004,613,391,0,0,0,1.0,1,1.0,1,1.0,1,0.16623829695915862,41
738,0,1004,613,391,0,0,0,1.0,1,1.0,1,1.0,1,0.14821027032219675,39
739,1,1005,614,391,0,0,0,1.0,1,1.0,1,1.0,1,0.11810108125541255,39
740,0,1005,614,391,0,0,0,1.0,1,1.0,1,1.0,1,0.12562231164751525,39
741,1,1006,614,392,0,0,0,1.0,1,1.0,1,1.0,1,0.1029624038209296,38
742,0,1006,614,392,0,0,0,1.0,1,1.0,1,1.0,1,0.10779964420233476,39
743,1,1007,615,392,0,0,0,1.0,1,1.0,1,1.0,1,0.10105266316168605,39
744,3,1010,618,392,0,0,0,1.0,1,1.0,1,1.0,1,0.08752741370843495,39
745,3,1013,621,392,0,0,0,1.0,1,1.0,1,1.0,1,0.11848460743900417,39
746,4,1017,624,393,0,0,0,1.0,1,1.0,1,1.0,1,0.11279558817565925,40
747,1,1018,625,393,0,0,0,1.0,1,1.0,1,1.0,1,0.11496746687502471,41
748,0,1018,625,393,0,0,0,1.0,1,1.0,1,1.0,1,0.11496746687502471,41
749,0,1018,625,393,0,0,0,1.0,1,1.0,1,1.0,1,0.11496746687502471,41
750,3,1021,628,393,0,0,0,1.0,1,1.0,1,1.0,1,0.1437882228477406,39
751,3,1024,630,394,0,0,0,1.0,1,1.0,1,1.0,1,0.09326762491434544,41
752,3,1027,633,394,0,0,0,1.0,1,1.0,1,1.0,1,0.16674912828936275,41
753,3,1030,633,397,0,0,0,1.0,1,1.0,1,1.0,1,0.1635155722466665,41
754,4,1034,635,399,0,0,0,1.0,1,1.0,1,1.0,1,0.18033152470162403,41
755,0,1034,635,399,0,0,0,1.0,1,1.0,1,1.0,1,0.21112235086256925,41
756,2,1036,635,401,0,0,0,1.0,1,1.0,1,1.0,1,0.18375631751360058,41
757,2,1038,636,402,0,0,0,1.0,1,1.0,1,1.0,1,0.22257393276917453,39
758,0,1038,636,402,0,0,0,1.0,1,1.0,1,1.0,1,0.2091020870512422,39
759,1,1039,636,403,0,0,0,1.0,1,1.0,1,1.0,1,0.1817676571289398,39
760,0,1039,636,403,0,0,0,1.0,1,1.0,1,1.0,1,0.20012750198708837,40
761,0,1039,636,403,0,0,0,1.0,1,1.0,1,1.0,1,0.1887605366943228,41
762,0,1039,636,403,0,0,0,1.0,1,1.0,1,1.0,1,0.19068982637639323,42
763,0,1039,636,403,0,0,0,1.0,1,1.0,1,1.0,1,0.20480524535423505,43
764,4,1043,636,407,0,0,0,1.0,1,1.0,1,1.0,1,0.16312294918310827,43
765,2,1045,636,409,0,0,0,1.0,1,1.0,1,1.0,1,0.1017601415902771,45
766,1,1046,637,409,0,0,0,1.0,1,1.0,1,1.0,1,0.1109083308204673,45
767,1,1047,637,410,0,0,0,1.0,1,1.0,1,1.0,1,0.100212218587151,46
768,0,1047,637,410,0,0,0,1.0,1,1.0,1,1.0,1,0.0915753391709916,45
769,1,1048,638,410,0,0,0,1.0,1,1.0,1,1.0,1,0.13137021714965455,46
770,0,1048,638,410,0,0,0,1.0,1,1.0,1,1.0,1,0.11766282845873607,47
771,3,1051,641,410,0,0,0,1.0,1,1.0,1,1.0,1,0.1328153182611585,47
772,0,1051,641,410,0,0,0,1.0,1,1.0,1,1.0,1,0.12230454104956773,46
773,2,1053,643,410,0,0,0,1.0,1,1.0,1,1.0,1,0.09723000329233245,45
774,0,1053,643,410,0,0,0,1.0,1,1.0,1,1.0,1,0.07438185533674418,45
775,2,1055,645,410,0,0,0,1.0,1,1.0,1,1.0,1,0.10887653591901422,45
776,1,1056,645,411,0,0,0,1.0,1,1.0,1,1.0,1,0.08913107395584324,43
777,0,1056,645,411,0,0,0,1.0,1,1.0,1,1.0,1,0.10251004467620288,44
778,2,1058,647,411,0,0,0,1.0,1,1.0,1,1.0,1,0.1422557984748092,45
779,0,1058,647,411,0,0,0,1.0,1,1.0,1,1.0,1,0.1422557984748092,45
780,2,1060,649,411,0,0,0,1.0,1,1.0,1,1.0,1,0.2054277808299191,45
781,0,1060,649,411,0,0,0,1.0,1,1.0,1,1.0,1,0.19144918697889976,46
782,1,1061,649,412,0,0,0,1.0,1,1.0,1,1.0,1,0.21574762290373195,47
783,1,1062,649,413,0,0,0,1.0,1,1.0,1,1.0,1,0.19496367671646117,46
784,0,1062,649,413,0,0,0,1.0,1,1.0,1,1.0,1,0.20243065782761638,45
785,0,1062,649,413,0,0,0,1.0,1,1.0,1,1.0,1,0.20035051573932133,43
786,1,1063,649,414,0,0,0,1.0,1,1.0,1,1.0,1,0.1701849375755551,43
787,2,1065,650,415,0,0,0,1.0,1,1.0,1,1.0,1,0.13342508988163027,43
788,1,1066,650,416,0,0,0,1.0,1,1.0,1,1.0,1,0.11910788439124347,44
789,1,1067,651,416,0,0,0,1.0,1,1.0,1,1.0,1,0.08684424045283595,46
790,2,1069,653,416,0,0,0,1.0,1,1.0,1,1.0,1,0.1469796715552083,46
791,2,1071,653,418,0,0,0,1.0,1,1.0,1,1.0,1,0.15489847844059476,46
792,1,1072,654,418,0,0,0,1.0,1,1.0,1,1.0,1,0.1763642594608384,47
793,1,1073,654,419,0,0,0,1.0,1,1.0,1,1.0,1,0.1809898589147522,48
794,2,1075,654,421,0,0,0,1.0,1,1.0,1,1.0,1,0.18111352997864122,48
795,2,1077,654,423,0,0,0,1.0,1,1.0,1,1.0,1,0.16952078625846914,47
796,2,1079,654,425,0,0,0,1.0,1,1.0,1,1.0,1,0.18602261694822042,45
797,2,1081,654,427,0,0,0,1.0,1,1.0,1,1.0,1,0.16882072323562522,47
798,2,1083,654,429,0,0,0,1.0,1,1.0,1,1.0,1,0.16276929615073238,48
799,0,1083,654,429,0,0,0,1.0,1,1.0,1,1.0,1,0.16276929615073238,48
800,1,1084,655,429,0,0,0,1.0,1,1.0,1,1.0,1,0.18495499463421794,48
801,3,1087,656,431,0,0,0,1.0,1,1.0,1,1.0,1,0.14379328648886594,49
802,3,1090,658,432,0,0,0,1.0,1,1.0,1,1.0,1,0.18838636881905532,50
803,1,1091,658,433,0,0,0,1.0,1,1.0,1,1.0,1,0.17819503132252443,50
804,0,1091,658,433,0,0,0,1.0,1,1.0,1,1.0,1,0.17819503132252443,50
805,1,1092,659,433,0,0,0,1.0,1,1.0,1,1.0,1,0.19724779643192247,50
806,3,1095,659,436,0,0,0,1.0,1,1.0,1,1.0,1,0.15875451667655,51
807,0,1095,659,436,0,0,0,1.0,1,1.0,1,1.0,1,0.15875451667655,51
808,0,1095,659,436,0,0,0,1.0,1,1.0,1,1.0,1,0.16705673500104656,53
809,1,1096,659,437,0,0,0,1.0,1,1.0,1,1.0,1,0.11327664964948703,51
810,1,1097,659,438,0,0,0,1.0,1,1.0,1,1.0,1,0.11353080563596203,52
811,2,1099,661,438,0,0,0,1.0,1,1.0,1,1.0,1,0.16233641860691025,50
812,2,1101,661,440,0,0,0,1.0,1,1.0,1,1.0,1,0.13603486188464062,51
813,5,1106,663,443,0,0,0,1.0,1,1.0,1,1.0,1,0.15408264209650452,51
814,1,1107,663,444,0,0,0,1.0,1,1.0,1,1.0,1,0.1463455736495495,52
815,1,1108,664,444,0,0,0,1.0,1,1.0,1,1.0,1,0.14346467260293613,50
816,2,1110,665,445,0,0,0,1.0,1,1.0,1,1.0,1,0.11683986700363572,50
817,1,1111,666,445,0,0,0,1.0,1,1.0,1,1.0,1,0.13852506711103044,49
818,0,1111,666,445,0,0,0,1.0,1,1.0,1,1.0,1,0.13797557061770652,49
819,0,1111,666,445,0,0,0,1.0,1,1.0,1,1.0,1,0.1337838778903445,50
820,1,1112,667,445,0,0,0,1.0,1,1.0,1,1.0,1,0.14559976018861162,49
821,2,1114,668,446,0,0,0,1.0,1,1.0,1,1.0,1,0.1621690144322681,49
822,1,1115,668,447,0,0,0,1.0,1,1.0,1,1.0,1,0.15212236015376954,49
823,1,1116,668,448,0,0,0,1.0,1,1.0,1,1.0,1,0.16132758171163172,47
824,0,1116,668,448,0,0,0,1.0,1,1.0,1,1.0,1,0.16458703171398195,45
825,0,1116,668,448,0,0,0,1.0,1,1.0,1,1.0,1,0.18226085757470792,43
826,2,1118,668,450,0,0,0,1.0,1,1.0,1,1.0,1,0.1528465423667472,44
827,0,1118,668,450,0,0,0,1.0,1,1.0,1,1.0,1,0.179050070538315,43
828,2,1120,670,450,0,0,0,1.0,1,1.0,1,1.0,1,0.1876100869441755,43
829,3,1123,671,452,0,0,0,1.0,1,1.0,1,1.0,1,0.17550716393466154,45
830,1,1124,671,453,0,0,0,1.0,1,1.0,1,1.0,1,0.16593893881641741,46
831,2,1126,671,455,0,0,0,1.0,1,1.0,1,1.0,1,0.13491437638822765,48
832,0,1126,671,455,0,0,0,1.0,1,1.0,1,1.0,1,0.14480670030347959,47
833,2,1128,672,456,0,0,0,1.0,1,1.0,1,1.0,1,0.13423287815642135,47
834,0,1128,672,456,0,0,0,1.0,1,1.0,1,1.0,1,0.1558840127367501,46
835,0,1128,672,456,0,0,0,1.0,1,1.0,1,1.0,1,0.16333597472038358,45
836,2,1130,672,458,0,0,0,1.0,1,1.0,1,1.0,1,0.1550719478759879,46
837,2,1132,673,459,0,0,0,1.0,1,1.0,1,1.0,1,0.13489745243434473,46
838,0,1132,673,459,0,0,0,1.0,1,1.0,1,1.0,1,0.14339328483573174,45
839,2,1134,674,460,0,0,0,1.0,1,1.0,1,1.0,1,0.1258404453473488,46
840,0,1134,674,460,0,0,0,1.0,1,1.0,1,1.0,1,0.13914330874660427,46
841,2,1136,674,462,0,0,0,1.0,1,1.0,1,1.0,1,0.11804024776182974,46
842,3,1139,676,463,0,0,0,1.0,1,1.0,1,1.0,1,0.134125800912078,46
843,1,1140,677,463,0,0,0,1.0,1,1.0,1,1.0,1,0.16140875498625315,46
844,3,1143,677,466,0,0,0,1.0,1,1.0,1,1.0,1,0.1307381674253028,47
845,3,1146,679,467,0,0,0,1.0,1,1.0,1,1.0,1,0.19175302205564124,48
846,1,1147,679,468,0,0,0,1.0,1,1.0,1,1.0,1,0.17139922649062758,47
847,2,1149,679,470,0,0,0,1.0,1,1.0,1,1.0,1,0.1497026243714497,48
848,3,1152,680,472,0,0,0,1.0,1,1.0,1,1.0,1,0.13153649865513178,48
849,0,1152,680,472,0,0,0,1.0,1,1.0,1,1.0,1,0.13278796229912673,48
850,0,1152,680,472,0,0,0,1.0,1,1.0,1,1.0,1,0.13766884272697608,46
851,0,1152,680,472,0,0,0,1.0,1,1.0,1,1.0,1,0.12845175501166856,45
852,1,1153,681,472,0,0,0,1.0,1,1.0,1,1.0,1,0.09813794311383081,44
853,1,1154,682,472,0,0,0,1.0,1,1.0,1,1.0,1,0.09831585264450769,44
854,2,1156,684,472,0,0,0,1.0,1,1.0,1,1.0,1,0.12742866177264245,45
855,1,1157,684,473,0,0,0,1.0,1,1.0,1,1.0,1,0.06958457663866613,46
856,2,1159,685,474,0,0,0,1.0,1,1.0,1,1.0,1,0.055972560339035804,46
857,1,1160,686,474,0,0,0,1.0,1,1.0,1,1.0,1,0.048185751236375016,47
858,0,1160,686,474,0,0,0,1.0,1,1.0,1,1.0,1,0.05141208419718944,48
859,1,1161,687,474,0,0,0,1.0,1,1.0,1,1.0,1,0.06911285705509194,48
860,1,1162,687,475,0,0,0,1.0,1,1.0,1,1.0,1,0.05158557638870124,49
861,2,1164,688,476,0,0,0,1.0,1,1.0,1,1.0,1,0.045212841074232686,49
862,0,1164,688,476,0,0,0,1.0,1,1.0,1,1.0,1,0.045212841074232686,49
863,1,1165,689,476,0,0,0,1.0,1,1.0,1,1.0,1,0.07067424670506892,48
864,0,1165,689,476,0,0,0,1.0,1,1.0,1,1.0,1,0.07881883107442403,49
865,1,1166,690,476,0,0,0,1.0,1,1.0,1,1.0,1,0.10880106545192088,48
866,2,1168,691,477,0,0,0,1.0,1,1.0,1,1.0,1,0.0732203405375478,50
867,2,1170,692,478,0,0,0,1.0,1,1.0,1,1.0,1,0.07507097173506562,50
868,4,1174,695,479,0,0,0,1.0,1,1.0,1,1.0,1,0.04126768091866726,51
869,0,1174,695,479,0,0,0,1.0,1,1.0,1,1.0,1,0.07588531086109744,49
870,1,1175,696,479,0,0,0,1.0,1,1.0,1,1.0,1,0.09152134857035948,49
871,3,1178,696,482,0,0,0,1.0,1,1.0,1,1.0,1,0.06578100232864947,49
872,0,1178,696,482,0,0,0,1.0,1,1.0,1,1.0,1,0.08778248460817886,48
873,2,1180,698,482,0,0,0,1.0,1,1.0,1,1.0,1,0.10152972080232983,49
874,1,1181,699,482,0,0,0,1.0,1,1.0,1,1.0,1,0.09469398962984166,49
875,1,1182,699,483,0,0,0,1.0,1,1.0,1,1.0,1,0.08028799924220816,50
876,4,1186,701,485,0,0,0,1.0,1,1.0,1,1.0,1,0.0913831629721428,50
877,2,1188,702,486,0,0,0,1.0,1,1.0,1,1.0,1,0.09525731412206255,50
878,2,1190,703,487,0,0,0,1.0,1,1.0,1,1.0,1,0.10562940750425372,49
879,1,1191,704,487,0,0,0,1.0,1,1.0,1,1.0,1,0.11788902885798982,49
880,1,1192,705,487,0,0,0,1.0,1,1.0,1,1.0,1,0.13725251135050104,48
881,5,1197,707,490,0,0,0,1.0,1,1.0,1,1.0,1,0.10617886173539855,49
882,0,1197,707,490,0,0,0,1.0,1,1.0,1,1.0,1,0.1023312355334774,48
883,1,1198,708,490,0,0,0,1.0,1,1.0,1,1.0,1,0.11780257836706477,50
884,1,1199,708,491,0,0,0,1.0,1,1.0,1,1.0,1,0.10447544447186724,50
885,3,1202,710,492,0,0,0,1.0,1,1.0,1,1.0,1,0.09976274337656131,49
886,2,1204,710,494,0,0,0,1.0,1,1.0,1,1.0,1,0.08201878714443167,49
887,3,1207,712,495,0,0,0,1.0,1,1.0,1,1.0,1,0.12191678462831901,49
888,0,1207,712,495,0,0,0,1.0,1,1.0,1,1.0,1,0.0922735380644575,47
889,1,1208,713,495,0,0,0,1.0,1,1.0,1,1.0,1,0.1339803664851157,46
890,0,1208,713,495,0,0,0,1.0,1,1.0,1,1.0,1,0.10228776967608331,44
891,2,1210,713,497,0,0,0,1.0,1,1.0,1,1.0,1,0.07053730112459838,45
892,1,1211,714,497,0,0,0,1.0,1,1.0,1,1.0,1,0.09203250127983739,45
893,0,1211,714,497,0,0,0,1.0,1,1.0,1,1.0,1,0.09203250127983739,45
894,0,1211,714,497,0,0,0,1.0,1,1.0,1,1.0,1,0.08157012566570897,44
895,2,1213,716,497,0,0,0,1.0,1,1.0,1,1.0,1,0.0890376030676396,45
896,2,1215,717,498,0,0,0,1.0,1,1.0,1,1.0,1,0.06510735752579766,44
897,0,1215,717,498,0,0,0,1.0,1,1.0,1,1.0,1,0.06510735752579766,44
898,1,1216,718,498,0,0,0,1.0,1,1.0,1,1.0,1,0.04981359149383939,45
899,0,1216,718,498,0,0,0,1.0,1,1.0,1,1.0,1,0.06631418706738362,44
900,1,1217,718,499,0,0,0,1.0,1,1.0,1,1.0,1,0.05814315741051251,46
901,2,1219,718,501,0,0,0,1.0,1,1.0,1,1.0,1,0.05152152008922606,45
902,2,1221,720,501,0,0,0,1.0,1,1.0,1,1.0,1,0.10572190545785537,45
903,1,1222,721,501,0,0,0,1.0,1,1.0,1,1.0,1,0.16816446309149954,44
904,1,1223,722,501,0,0,0,1.0,1,1.0,1,1.0,1,0.1979339827919129,45
905,3,1226,724,502,0,0,0,1.0,1,1.0,1,1.0,1,0.19951434039495944,45
906,4,1230,726,504,0,0,0,1.0,1,1.0,1,1.0,1,0.20210151098908544,45
907,1,1231,726,505,0,0,0,1.0,1,1.0,1,1.0,1,0.17697697401060117,46
908,0,1231,726,505,0,0,0,1.0,1,1.0,1,1.0,1,0.1780462001344827,46
909,1,1232,727,505,0,0,0,1.0,1,1.0,1,1.0,1,0.19829543878854045,46
910,0,1232,727,505,0,0,0,1.0,1,1.0,1,1.0,1,0.24525451878833554,44
911,5,1237,727,510,0,0,0,1.0,1,1.0,1,1.0,1,0.15138138970894366,45
912,0,1237,727,510,0,0,0,1.0,1,1.0,1,1.0,1,0.17273335564116718,44
913,0,1237,727,510,0,0,0,1.0,1,1.0,1,1.0,1,0.18517366191327522,45
914,1,1238,728,510,0,0,0,1.0,1,1.0,1,1.0,1,0.20388221370087106,45
915,1,1239,728,511,0,0,0,1.0,1,1.0,1,1.0,1,0.196680338230798,45
916,4,1243,728,515,0,0,0,1.0,1,1.0,1,1.0,1,0.12873203842723482,45
917,1,1244,728,516,0,0,0,1.0,1,1.0,1,1.0,1,0.13196844971846636,46
918,1,1245,728,517,0,0,0,1.0,1,1.0,1,1.0,1,0.1205864715338357,47
919,0,1245,728,517,0,0,0,1.0,1,1.0,1,1.0,1,0.1205864715338357,47
920,1,1246,729,517,0,0,0,1.0,1,1.0,1,1.0,1,0.1182242057585661,47
921,4,1250,731,519,0,0,0,1.0,1,1.0,1,1.0,1,0.1190933547192045,49
922,3,1253,733,520,0,0,0,1.0,1,1.0,1,1.0,1,0.09905509317038481,49
923,3,1256,735,521,0,0,0,1.0,1,1.0,1,1.0,1,0.09935839986052483,47
924,1,1257,736,521,0,0,0,1.0,1,1.0,1,1.0,1,0.1075447226235383,47
925,1,1258,737,521,0,0,0,1.0,1,1.0,1,1.0,1,0.132571841290986,47
926,3,1261,739,522,0,0,0,1.0,1,1.0,1,1.0,1,0.15007842913308453,46
927,3,1264,740,524,0,0,0,1.0,1,1.0,1,1.0,1,0.11213457158394989,45
928,0,1264,740,524,0,0,0,1.0,1,1.0,1,1.0,1,0.08899632977237303,43
929,0,1264,740,524,0,0,0,1.0,1,1.0,1,1.0,1,0.10872852780516766,42
930,0,1264,740,524,0,0,0,1.0,1,1.0,1,1.0,1,0.10211643511630591,41
931,3,1267,740,527,0,0,0,1.0,1,1.0,1,1.0,1,0.04697419128334979,40
932,0,1267,740,527,0,0,0,1.0,1,1.0,1,1.0,1,0.04697419128334979,40
933,0,1267,740,527,0,0,0,1.0,1,1.0,1,1.0,1,0.0602339143607408,39
934,0,1267,740,527,0,0,0,1.0,1,1.0,1,1.0,1,0.0602339143607408,39
935,4,1271,744,527,0,0,0,1.0,1,1.0,1,1.0,1,0.14910892232751116,41
936,3,1274,744,530,0,0,0,1.0,1,1.0,1,1.0,1,0.09525881528223652,42
937,3,1277,746,531,0,0,0,1.0,1,1.0,1,1.0,1,0.1753363021022393,43
938,2,1279,746,533,0,0,0,1.0,1,1.0,1,1.0,1,0.17057516789015578,44
939,0,1279,746,533,0,0,0,1.0,1,1.0,1,1.0,1,0.18246031853632944,46
940,1,1280,746,534,0,0,0,1.0,1,1.0,1,1.0,1,0.16141537693871896,46
941,2,1282,747,535,0,0,0,1.0,1,1.0,1,1.0,1,0.1740021370178698,46
942,1,1283,747,536,0,0,0,1.0,1,1.0,1,1.0,1,0.16154624555902117,46
943,0,1283,747,536,0,0,0,1.0,1,1.0,1,1.0,1,0.17287056362716044,45
944,1,1284,747,537,0,0,0,1.0,1,1.0,1,1.0,1,0.15215991869708562,45
945,3,1287,749,538,0,0,0,1.0,1,1.0,1,1.0,1,0.13883221477503035,44
946,3,1290,749,541,0,0,0,1.0,1,1.0,1,1.0,1,0.08365868053674869,46
947,0,1290,749,541,0,0,0,1.0,1,1.0,1,1.0,1,0.09530888906340418,44
948,0,1290,749,541,0,0,0,1.0,1,1.0,1,1.0,1,0.09530888906340418,44
949,1,1291,750,541,0,0,0,1.0,1,1.0,1,1.0,1,0.15636115506383835,44
950,1,1292,750,542,0,0,0,1.0,1,1.0,1,1.0,1,0.16871811344748033,43
951,4,1296,751,545,0,0,0,1.0,1,1.0,1,1.0,1,0.14345092319093802,42
952,1,1297,751,546,0,0,0,1.0,1,1.0,1,1.0,1,0.13429754422993484,42
953,0,1297,751,546,0,0,0,1.0,1,1.0,1,1.0,1,0.1308889901256076,41
954,1,1298,752,546,0,0,0,1.0,1,1.0,1,1.0,1,0.14855159197709578,40
955,0,1298,752,546,0,0,0,1.0,1,1.0,1,1.0,1,0.1422587652126798,42
956,2,1300,753,547,0,0,0,1.0,1,1.0,1,1.0,1,0.13497906698056894,43
957,0,1300,753,547,0,0,0,1.0,1,1.0,1,1.0,1,0.14725085882482983,42
958,1,1301,753,548,0,0,0,1.0,1,1.0,1,1.0,1,0.16571903160450116,43
959,4,1305,754,551,0,0,0,1.0,1,1.0,1,1.0,1,0.19573818406173932,45
960,1,1306,755,551,0,0,0,1.0,1,1.0,1,1.0,1,0.2108300400461313,47
961,2,1308,756,552,0,0,0,1.0,1,1.0,1,1.0,1,0.20979788416423753,45
962,0,1308,756,552,0,0,0,1.0,1,1.0,1,1.0,1,0.2002235027378813,45
963,2,1310,757,553,0,0,0,1.0,1,1.0,1,1.0,1,0.21801191965523958,44
964,0,1310,757,553,0,0,0,1.0,1,1.0,1,1.0,1,0.21087281100367053,44
965,1,1311,757,554,0,0,0,1.0,1,1.0,1,1.0,1,0.184803050505295,45
966,2,1313,758,555,0,0,0,1.0,1,1.0,1,1.0,1,0.16813117629034022,43
967,1,1314,758,556,0,0,0,1.0,1,1.0,1,1.0,1,0.15920594381948716,43
968,0,1314,758,556,0,0,0,1.0,1,1.0,1,1.0,1,0.15809237122399764,43
969,1,1315,758,557,0,0,0,1.0,1,1.0,1,1.0,1,0.15838318571950225,42
970,0,1315,758,557,0,0,0,1.0,1,1.0,1,1.0,1,0.159639638374462,42
971,1,1316,758,558,0,0,0,1.0,1,1.0,1,1.0,1,0.13355739708074144,42
972,0,1316,758,558,0,0,0,1.0,1,1.0,1,1.0,1,0.13355739708074144,42
973,1,1317,758,559,0,0,0,1.0,1,1.0,1,1.0,1,0.09705859730272441,43
974,0,1317,758,559,0,0,0,1.0,1,1.0,1,1.0,1,0.09705859730272441,43
975,0,1317,758,559,0,0,0,1.0,1,1.0,1,1.0,1,0.10125029705340763,43
976,1,1318,758,560,0,0,0,1.0,1,1.0,1,1.0,1,0.09585318729547604,45
977,0,1318,758,560,0,0,0,1.0,1,1.0,1,1.0,1,0.1108676706965624,44
978,0,1318,758,560,0,0,0,1.0,1,1.0,1,1.0,1,0.1108676706965624,44
979,0,1318,758,560,0,0,0,1.0,1,1.0,1,1.0,1,0.14297676370527265,45
980,1,1319,759,560,0,0,0,1.0,1,1.0,1,1.0,1,0.1350791547281821,45
981,1,1320,759,561,0,0,0,1.0,1,1.0,1,1.0,1,0.12445865117656922,45
982,3,1323,761,562,0,0,0,1.0,1,1.0,1,1.0,1,0.17745473333392192,46
983,1,1324,762,562,0,0,0,1.0,1,1.0,1,1.0,1,0.18895145205113129,45
984,1,1325,763,562,0,0,0,1.0,1,1.0,1,1.0,1,0.18717148335379458,45
985,5,1330,767,563,0,0,0,1.0,1,1.0,1,1.0,1,0.2348499422132775,45
986,4,1334,767,567,0,0,0,1.0,1,1.0,1,1.0,1,0.1646125050073409,44
987,1,1335,768,567,0,0,0,1.0,1,1.0,1,1.0,1,0.1884779032865248,45
988,2,1337,770,567,0,0,0,1.0,1,1.0,1,1.0,1,0.20629123167347788,44
989,1,1338,770,568,0,0,0,1.0,1,1.0,1,1.0,1,0.17326216679183998,43
990,1,1339,771,568,0,0,0,1.0,1,1.0,1,1.0,1,0.18212297768776112,42
991,0,1339,771,568,0,0,0,1.0,1,1.0,1,1.0,1,0.16114092707421632,42
992,0,1339,771,568,0,0,0,1.0,1,1.0,1,1.0,1,0.155926945370064,43
993,3,1342,772,570,0,0,0,1.0,1,1.0,1,1.0,1,0.15197655586860823,43
994,0,1342,772,570,0,0,0,1.0,1,1.0,1,1.0,1,0.16937633280819467,43
995,0,1342,772,570,0,0,0,1.0,1,1.0,1,1.0,1,0.12283829883752663,43
996,0,1342,772,570,0,0,0,1.0,1,1.0,1,1.0,1,0.13261547840998408,44
997,1,1343,773,570,0,0,0,1.0,1,1.0,1,1.0,1,0.1734716582700328,44
998,0,1343,773,570,0,0,0,1.0,1,1.0,1,1.0,1,0.1871811037522659,45
999,0,1343,773,570,0,0,0,1.0,1,1.0,1,1.0,1,0.1894707696113962,42
1000,0,1343,773,570,0,0,0,1.0,1,1.0,1,1.0,1,0.17880039848669374,43
1001,1,1344,773,571,0,0,0,1.0,1,1.0,1,1.0,1,0.14314500154043497,42
1002,0,1344,773,571,0,0,0,1.0,1,1.0,1,1.0,1,0.14178398379678858,43
1003,1,1345,773,572,0,0,0,1.0,1,1.0,1,1.0,1,0.1310389971804325,43
1004,1,1346,773,573,0,0,0,1.0,1,1.0,1,1.0,1,0.10751174571041919,43
1005,1,1347,773,574,0,0,0,1.0,1,1.0,1,1.0,1,0.10965227525133917,44
1006,1,1348,773,575,0,0,0,1.0,1,1.0,1,1.0,1,0.09166384958962363,46
1007,0,1348,773,575,0,0,0,1.0,1,1.0,1,1.0,1,0.09166384958962363,46
1008,0,1348,773,575,0,0,0,1.0,1,1.0,1,1.0,1,0.1038278334317499,47
1009,2,1350,775,575,0,0,0,1.0,1,1.0,1,1.0,1,0.10269642559473305,48
1010,1,1351,776,575,0,0,0,1.0,1,1.0,1,1.0,1,0.11840380640126816,48
1011,2,1353,777,576,0,0,0,1.0,1,1.0,1,1.0,1,0.12242561392763217,48
1012,2,1355,779,576,0,0,0,1.0,1,1.0,1,1.0,1,0.1593695603454579,49
1013,1,1356,780,576,0,0,0,1.0,1,1.0,1,1.0,1,0.16312188572613492,50
1014,1,1357,781,576,0,0,0,1.0,1,1.0,1,1.0,1,0.1845576374099855,50
1015,1,1358,781,577,0,0,0,1.0,1,1.0,1,1.0,1,0.1736608999860649,51
1016,1,1359,782,577,0,0,0,1.0,1,1.0,1,1.0,1,0.1648387700282729,51
1017,0,1359,782,577,0,0,0,1.0,1,1.0,1,1.0,1,0.17418922208820375,52
1018,1,1360,783,577,0,0,0,1.0,1,1.0,1,1.0,1,0.18675991966105376,52
1019,1,1361,783,578,0,0,0,1.0,1,1.0,1,1.0,1,0.17918166707648603,52
1020,0,1361,783,578,0,0,0,1.0,1,1.0,1,1.0,1,0.1550625505504623,53
1021,1,1362,783,579,0,0,0,1.0,1,1.0,1,1.0,1,0.1529156972227178,53
1022,0,1362,783,579,0,0,0,1.0,1,1.0,1,1.0,1,0.14522962256922828,54
1023,2,1364,783,581,0,0,0,1.0,1,1.0,1,1.0,1,0.1004848179886202,55
1024,0,1364,783,581,0,0,0,1.0,1,1.0,1,1.0,1,0.11924244788252666,55
1025,1,1365,783,582,0,0,0,1.0,1,1.0,1,1.0,1,0.10611557194253181,56
1026,1,1366,783,583,0,0,0,1.0,1,1.0,1,1.0,1,0.09425428938769606,57
1027,0,1366,783,583,0,0,0,1.0,1,1.0,1,1.0,1,0.0741512495058327,58
1028,3,1369,785,584,0,0,0,1.0,1,1.0,1,1.0,1,0.08968030314443155,58
1029,3,1372,787,585,0,0,0,1.0,1,1.0,1,1.0,1,0.10530809212901447,59
1030,0,1372,787,585,0,0,0,1.0,1,1.0,1,1.0,1,0.10037466365418828,60
1031,1,1373,788,585,0,0,0,1.0,1,1.0,1,1.0,1,0.1255708392633379,60
1032,0,1373,788,585,0,0,0,1.0,1,1.0,1,1.0,1,0.13290282834486322,61
1033,0,1373,788,585,0,0,0,1.0,1,1.0,1,1.0,1,0.1389499213484685,60
1034,4,1377,791,586,0,0,0,1.0,1,1.0,1,1.0,1,0.12617847552071604,60
1035,2,1379,793,586,0,0,0,1.0,1,1.0,1,1.0,1,0.16575038228378003,59
1036,5,1384,795,589,0,0,0,1.0,1,1.0,1,1.0,1,0.128660179758053,60
1037,4,1388,798,590,0,0,0,1.0,1,1.0,1,1.0,1,0.15340563962220258,59
1038,2,1390,799,591,0,0,0,1.0,1,1.0,1,1.0,1,0.14517753342595915,60
1039,4,1394,802,592,0,0,0,1.0,1,1.0,1,1.0,1,0.17220415575132253,60
1040,2,1396,803,593,0,0,0,1.0,1,1.0,1,1.0,1,0.1682662825477689,58
1041,6,1402,804,598,0,0,0,1.0,1,1.0,1,1.0,1,0.09601997695104071,56
1042,0,1402,804,598,0,0,0,1.0,1,1.0,1,1.0,1,0.09002967768750163,55
1043,0,1402,804,598,0,0,0,1.0,1,1.0,1,1.0,1,0.09002967768750163,55
1044,0,1402,804,598,0,0,0,1.0,1,1.0,1,1.0,1,0.07136022388995708,52
1045,0,1402,804,598,0,0,0,1.0,1,1.0,1,1.0,1,0.05239035972664839,52
1046,2,1404,805,599,0,0,0,1.0,1,1.0,1,1.0,1,0.06929280439686113,53
1047,1,1405,806,599,0,0,0,1.0,1,1.0,1,1.0,1,0.06082404742877796,54
1048,2,1407,807,600,0,0,0,1.0,1,1.0,1,1.0,1,0.07398982310064703,56
1049,2,1409,808,601,0,0,0,1.0,1,1.0,1,1.0,1,0.07387349635681943,55
1050,1,1410,809,601,0,0,0,1.0,1,1.0,1,1.0,1,0.08697024670992168,56
1051,1,1411,809,602,0,0,0,1.0,1,1.0,1,1.0,1,0.0559569805018462,55
1052,0,1411,809,602,0,0,0,1.0,1,1.0,1,1.0,1,0.07272377419399129,56
1053,1,1412,810,602,0,0,0,1.0,1,1.0,1,1.0,1,0.0866382894349506,56
1054,1,1413,811,602,0,0,0,1.0,1,1.0,1,1.0,1,0.06874802529135425,57
1055,0,1413,811,602,0,0,0,1.0,1,1.0,1,1.0,1,0.04915245498756836,58
1056,1,1414,811,603,0,0,0,1.0,1,1.0,1,1.0,1,0.05188324397266796,59
1057,0,1414,811,603,0,0,0,1.0,1,1.0,1,1.0,1,0.06651845906010131,60
1058,1,1415,812,603,0,0,0,1.0,1,1.0,1,1.0,1,0.08991525152871274,60
1059,3,1418,813,605,0,0,0,1.0,1,1.0,1,1.0,1,0.08531773688885516,60
1060,1,1419,814,605,0,0,0,1.0,1,1.0,1,1.0,1,0.10389472304860312,60
1061,6,1425,818,607,0,0,0,1.0,1,1.0,1,1.0,1,0.09272845316075597,59
1062,0,1425,818,607,0,0,0,1.0,1,1.0,1,1.0,1,0.09468039852108757,59
1063,1,1426,819,607,0,0,0,1.0,1,1.0,1,1.0,1,0.11373395666282607,58
1064,3,1429,821,608,0,0,0,1.0,1,1.0,1,1.0,1,0.1651250166594966,58
1065,1,1430,822,608,0,0,0,1.0,1,1.0,1,1.0,1,0.13900721441231426,60
1066,4,1434,822,612,0,0,0,1.0,1,1.0,1,1.0,1,0.10867178838704383,58
1067,0,1434,822,612,0,0,0,1.0,1,1.0,1,1.0,1,0.16208788343573574,59
1068,0,1434,822,612,0,0,0,1.0,1,1.0,1,1.0,1,0.16208788343573574,59
1069,0,1434,822,612,0,0,0,1.0,1,1.0,1,1.0,1,0.18783959371023976,58
1070,2,1436,822,614,0,0,0,1.0,1,1.0,1,1.0,1,0.16706430471609773,58
1071,4,1440,822,618,0,0,0,1.0,1,1.0,1,1.0,1,0.13639860341231966,57
1072,4,1444,823,621,0,0,0,1.0,1,1.0,1,1.0,1,0.11986453428154574,56
1073,1,1445,824,621,0,0,0,1.0,1,1.0,1,1.0,1,0.1393775452451484,54
1074,1,1446,825,621,0,0,0,1.0,1,1.0,1,1.0,1,0.15498991685755042,54
1075,1,1447,826,621,0,0,0,1.0,1,1.0,1,1.0,1,0.164938759095256,51
1076,5,1452,828,624,0,0,0,1.0,1,1.0,1,1.0,1,0.14589041778319806,51
1077,2,1454,830,624,0,0,0,1.0,1,1.0,1,1.0,1,0.15747148523531435,51
1078,1,1455,831,624,0,0,0,1.0,1,1.0,1,1.0,1,0.15982666740670443,52
1079,3,1458,834,624,0,0,0,1.0,1,1.0,1,1.0,1,0.18907975850945902,51
1080,2,1460,836,624,0,0,0,1.0,1,1.0,1,1.0,1,0.21636661713183386,51
1081,2,1462,837,625,0,0,0,1.0,1,1.0,1,1.0,1,0.23234974162427072,48
1082,1,1463,838,625,0,0,0,1.0,1,1.0,1,1.0,1,0.24724641524768035,47
1083,4,1467,839,628,0,0,0,1.0,1,1.0,1,1.0,1,0.2449866218798702,46
1084,0,1467,839,628,0,0,0,1.0,1,1.0,1,1.0,1,0.23612667952727953,45
1085,1,1468,839,629,0,0,0,1.0,1,1.0,1,1.0,1,0.206415611485519,46
1086,2,1470,839,631,0,0,0,1.0,1,1.0,1,1.0,1,0.17884051265622106,45
1087,1,1471,839,632,0,0,0,1.0,1,1.0,1,1.0,1,0.1956711672918871,44
1088,0,1471,839,632,0,0,0,1.0,1,1.0,1,1.0,1,0.18525355352770148,45
1089,1,1472,839,633,0,0,0,1.0,1,1.0,1,1.0,1,0.18781369817812926,46
1090,0,1472,839,633,0,0,0,1.0,1,1.0,1,1.0,1,0.1887060222949113,47
1091,1,1473,840,633,0,0,0,1.0,1,1.0,1,1.0,1,0.17449963754120668,47
1092,0,1473,840,633,0,0,0,1.0,1,1.0,1,1.0,1,0.16841225636641557,48
1093,2,1475,841,634,0,0,0,1.0,1,1.0,1,1.0,1,0.15216871491157632,48
1094,3,1478,843,635,0,0,0,1.0,1,1.0,1,1.0,1,0.20058383077776326,48
1095,1,1479,843,636,0,0,0,1.0,1,1.0,1,1.0,1,0.20522574484341133,49
1096,4,1483,844,639,0,0,0,1.0,1,1.0,1,1.0,1,0.1957206479986294,49
1097,3,1486,845,641,0,0,0,1.0,1,1.0,1,1.0,1,0.19767522727642298,50
1098,1,1487,845,642,0,0,0,1.0,1,1.0,1,1.0,1,0.19312970559561315,51
1099,2,1489,845,644,0,0,0,1.0,1,1.0,1,1.0,1,0.15305370628251094,54
1100,0,1489,845,644,0,0,0,1.0,1,1.0,1,1.0,1,0.15305370628251094,54
1101,1,1490,845,645,0,0,0,1.0,1,1.0,1,1.0,1,0.14137343911185365,54
1102,0,1490,845,645,0,0,0,1.0,1,1.0,1,1.0,1,0.1203551784883635,54
1103,0,1490,845,645,0,0,0,1.0,1,1.0,1,1.0,1,0.1286234915423229,53
1104,2,1492,847,645,0,0,0,1.0,1,1.0,1,1.0,1,0.14581383653798866,53
1105,2,1494,849,645,0,0,0,1.0,1,1.0,1,1.0,1,0.1381239158912474,52
1106,4,1498,849,649,0,0,0,1.0,1,1.0,1,1.0,1,0.11586474393896545,52
1107,1,1499,849,650,0,0,0,1.0,1,1.0,1,1.0,1,0.1177958678912793,52
1108,0,1499,849,650,0,0,0,1.0,1,1.0,1,1.0,1,0.12126858763411662,51
1109,2,1501,850,651,0,0,0,1.0,1,1.0,1,1.0,1,0.1585992505875214,49
1110,0,1501,850,651,0,0,0,1.0,1,1.0,1,1.0,1,0.1697588430693266,48
1111,4,1505,851,654,0,0,0,1.0,1,1.0,1,1.0,1,0.20104237630110589,47
1112,3,1508,852,656,0,0,0,1.0,1,1.0,1,1.0,1,0.23712168989846105,46
1113,2,1510,853,657,0,0,0,1.0,1,1.0,1,1.0,1,0.25368892092251477,43
1114,0,1510,853,657,0,0,0,1.0,1,1.0,1,1.0,1,0.26533898347195695,41
1115,2,1512,855,657,0,0,0,1.0,1,1.0,1,1.0,1,0.24097638549687747,40
1116,1,1513,855,658,0,0,0,1.0,1,1.0,1,1.0,1,0.21840460069306955,39
1117,2,1515,857,658,0,0,0,1.0,1,1.0,1,1.0,1,0.21515069381633323,40
1118,0,1515,857,658,0,0,0,1.0,1,1.0,1,1.0,1,0.21718545603728895,40
1119,0,1515,857,658,0,0,0,1.0,1,1.0,1,1.0,1,0.21718545603728895,40
1120,0,1515,857,658,0,0,0,1.0,1,1.0,1,1.0,1,0.21718545603728895,40
1121,2,1517,859,658,0,0,0,1.0,1,1.0,1,1.0,1,0.2539588927708581,40
1122,0,1517,859,658,0,0,0,1.0,1,1.0,1,1.0,1,0.25829376879788146,41
1123,3,1520,861,659,0,0,0,1.0,1,1.0,1,1.0,1,0.3120806985763619,41
1124,2,1522,861,661,0,0,0,1.0,1,1.0,1,1.0,1,0.28087099292779555,41
1125,2,1524,862,662,0,0,0,1.0,1,1.0,1,1.0,1,0.31089957576366717,41
1126,4,1528,862,666,0,0,0,1.0,1,1.0,1,1.0,1,0.23664618583382507,41
1127,1,1529,862,667,0,0,0,1.0,1,1.0,1,1.0,1,0.22837237202962157,41
1128,0,1529,862,667,0,0,0,1.0,1,1.0,1,1.0,1,0.2430099482095353,42
1129,2,1531,863,668,0,0,0,1.0,1,1.0,1,1.0,1,0.24747341570084555,42
1130,0,1531,863,668,0,0,0,1.0,1,1.0,1,1.0,1,0.24747341570084555,42
1131,2,1533,863,670,0,0,0,1.0,1,1.0,1,1.0,1,0.21860386966888712,42
1132,0,1533,863,670,0,0,0,1.0,1,1.0,1,1.0,1,0.18868936131267716,43
1133,1,1534,863,671,0,0,0,1.0,1,1.0,1,1.0,1,0.17292289032576416,45
1134,0,1534,863,671,0,0,0,1.0,1,1.0,1,1.0,1,0.18107032391919675,46
1135,0,1534,863,671,0,0,0,1.0,1,1.0,1,1.0,1,0.194682775759513,45
1136,0,1534,863,671,0,0,0,1.0,1,1.0,1,1.0,1,0.19625107185146262,48
1137,0,1534,863,671,0,0,0,1.0,1,1.0,1,1.0,1,0.20556067674939726,49
1138,7,1541,863,678,0,0,0,1.0,1,1.0,1,1.0,1,0.14334939656258902,49
1139,2,1543,863,680,0,0,0,1.0,1,1.0,1,1.0,1,0.14330554176090432,49
1140,1,1544,863,681,0,0,0,1.0,1,1.0,1,1.0,1,0.1339714664979597,49
1141,4,1548,864,684,0,0,0,1.0,1,1.0,1,1.0,1,0.14549401784980992,48
1142,0,1548,864,684,0,0,0,1.0,1,1.0,1,1.0,1,0.14549401784980992,48
1143,2,1550,865,685,0,0,0,1.0,1,1.0,1,1.0,1,0.1704714495866799,48
1144,0,1550,865,685,0,0,0,1.0,1,1.0,1,1.0,1,0.16201161418210974,48
1145,1,1551,865,686,0,0,0,1.0,1,1.0,1,1.0,1,0.18025251238131157,48
1146,4,1555,865,690,0,0,0,1.0,1,1.0,1,1.0,1,0.15737051277171418,48
1147,0,1555,865,690,0,0,0,1.0,1,1.0,1,1.0,1,0.1799095989452116,46
1148,0,1555,865,690,0,0,0,1.0,1,1.0,1,1.0,1,0.1799095989452116,46
1149,1,1556,865,691,0,0,0,1.0,1,1.0,1,1.0,1,0.22021860428349152,45
1150,0,1556,865,691,0,0,0,1.0,1,1.0,1,1.0,1,0.23498360143491584,46
1151,5,1561,867,694,0,0,0,1.0,1,1.0,1,1.0,1,0.22124709802703277,44
1152,0,1561,867,694,0,0,0,1.0,1,1.0,1,1.0,1,0.19588963772305626,44
1153,3,1564,870,694,0,0,0,1.0,1,1.0,1,1.0,1,0.27065363382501667,43
1154,2,1566,870,696,0,0,0,1.0,1,1.0,1,1.0,1,0.2367465850301995,43
1155,3,1569,871,698,0,0,0,1.0,1,1.0,1,1.0,1,0.24900158112475557,43
1156,2,1571,871,700,0,0,0,1.0,1,1.0,1,1.0,1,0.20981187617903202,42
1157,0,1571,871,700,0,0,0,1.0,1,1.0,1,1.0,1,0.21112643929385866,42
1158,0,1571,871,700,0,0,0,1.0,1,1.0,1,1.0,1,0.1981141587862178,41
1159,0,1571,871,700,0,0,0,1.0,1,1.0,1,1.0,1,0.19750214144417552,41
1160,0,1571,871,700,0,0,0,1.0,1,1.0,1,1.0,1,0.19750214144417552,41
1161,1,1572,871,701,0,0,0,1.0,1,1.0,1,1.0,1,0.18586657036045562,42
1162,0,1572,871,701,0,0,0,1.0,1,1.0,1,1.0,1,0.1754774313936763,43
1163,0,1572,871,701,0,0,0,1.0,1,1.0,1,1.0,1,0.1754774313936763,43
1164,0,1572,871,701,0,0,0,1.0,1,1.0,1,1.0,1,0.1606428265082304,44
1165,0,1572,871,701,0,0,0,1.0,1,1.0,1,1.0,1,0.1606428265082304,44
1166,3,1575,872,703,0,0,0,1.0,1,1.0,1,1.0,1,0.13521155609021662,46
1167,2,1577,873,704,0,0,0,1.0,1,1.0,1,1.0,1,0.1363902429230195,46
1168,2,1579,873,706,0,0,0,1.0,1,1.0,1,1.0,1,0.1071230119657246,47
1169,0,1579,873,706,0,0,0,1.0,1,1.0,1,1.0,1,0.08973088780171845,46
1170,1,1580,873,707,0,0,0,1.0,1,1.0,1,1.0,1,0.08453657443890142,48
1171,2,1582,874,708,0,0,0,1.0,1,1.0,1,1.0,1,0.10393035776192587,49
1172,0,1582,874,708,0,0,0,1.0,1,1.0,1,1.0,1,0.10393035776192587,49
1173,0,1582,874,708,0,0,0,1.0,1,1.0,1,1.0,1,0.10393035776192587,49
1174,1,1583,875,708,0,0,0,1.0,1,1.0,1,1.0,1,0.12548857374441744,49
1175,1,1584,875,709,0,0,0,1.0,1,1.0,1,1.0,1,0.12360213940563028,50
1176,1,1585,875,710,0,0,0,1.0,1,1.0,1,1.0,1,0.12483205005894184,52
1177,3,1588,877,711,0,0,0,1.0,1,1.0,1,1.0,1,0.1493030615787356,52
1178,0,1588,877,711,0,0,0,1.0,1,1.0,1,1.0,1,0.1493030615787356,52
1179,0,1588,877,711,0,0,0,1.0,1,1.0,1,1.0,1,0.13004019887495716,53
1180,2,1590,878,712,0,0,0,1.0,1,1.0,1,1.0,1,0.14316590229219783,54
1181,0,1590,878,712,0,0,0,1.0,1,1.0,1,1.0,1,0.15315082597796312,55
1182,0,1590,878,712,0,0,0,1.0,1,1.0,1,1.0,1,0.15315082597796312,55
1183,1,1591,879,712,0,0,0,1.0,1,1.0,1,1.0,1,0.19418818353360157,53
1184,1,1592,880,712,0,0,0,1.0,1,1.0,1,1.0,1,0.2008526625384442,54
1185,1,1593,880,713,0,0,0,1.0,1,1.0,1,1.0,1,0.19899985013263796,53
1186,4,1597,881,716,0,0,0,1.0,1,1.0,1,1.0,1,0.19990633737770394,54
1187,2,1599,882,717,0,0,0,1.0,1,1.0,1,1.0,1,0.2323273598679053,55
1188,1,1600,882,718,0,0,0,1.0,1,1.0,1,1.0,1,0.22602663670699893,55
1189,0,1600,882,718,0,0,0,1.0,1,1.0,1,1.0,1,0.22611758205949042,54
1190,0,1600,882,718,0,0,0,1.0,1,1.0,1,1.0,1,0.21023382861094964,55
1191,2,1602,882,720,0,0,0,1.0,1,1.0,1,1.0,1,0.18240204655561548,54
1192,1,1603,882,721,0,0,0,1.0,1,1.0,1,1.0,1,0.15524758509016648,52
1193,0,1603,882,721,0,0,0,1.0,1,1.0,1,1.0,1,0.1568347236599385,53
1194,1,1604,882,722,0,0,0,1.0,1,1.0,1,1.0,1,0.14936609059291336,53
1195,0,1604,882,722,0,0,0,1.0,1,1.0,1,1.0,1,0.13435676098250654,54
1196,2,1606,882,724,0,0,0,1.0,1,1.0,1,1.0,1,0.13173310721498757,56
1197,1,1607,883,724,0,0,0,1.0,1,1.0,1,1.0,1,0.12408837713441898,56
1198,2,1609,884,725,0,0,0,1.0,1,1.0,1,1.0,1,0.1058373765641125,58
1199,1,1610,885,725,0,0,0,1.0,1,1.0,1,1.0,1,0.1124874006717238,58
1200,0,1610,885,725,0,0,0,1.0,1,1.0,1,1.0,1,0.1124874006717238,58
1201,3,1613,886,727,0,0,0,1.0,1,1.0,1,1.0,1,0.10758021751261894,58
1202,0,1613,886,727,0,0,0,1.0,1,1.0,1,1.0,1,0.08834314003793668,60
1203,0,1613,886,727,0,0,0,1.0,1,1.0,1,1.0,1,0.09401744457605077,58
1204,1,1614,887,727,0,0,0,1.0,1,1.0,1,1.0,1,0.11639587384271696,59
1205,2,1616,888,728,0,0,0,1.0,1,1.0,1,1.0,1,0.128353279166051,59
1206,3,1619,888,731,0,0,0,1.0,1,1.0,1,1.0,1,0.11827271781688041,58
1207,2,1621,888,733,0,0,0,1.0,1,1.0,1,1.0,1,0.10573692363950168,60
1208,1,1622,888,734,0,0,0,1.0,1,1.0,1,1.0,1,0.09536047672412348,60
1209,0,1622,888,734,0,0,0,1.0,1,1.0,1,1.0,1,0.10423851073206812,61
1210,1,1623,888,735,0,0,0,1.0,1,1.0,1,1.0,1,0.09806297645420449,61
1211,0,1623,888,735,0,0,0,1.0,1,1.0,1,1.0,1,0.08332483537748896,63
1212,0,1623,888,735,0,0,0,1.0,1,1.0,1,1.0,1,0.08332483537748896,63
1213,0,1623,888,735,0,0,0,1.0,1,1.0,1,1.0,1,0.08332483537748896,63
1214,4,1627,890,737,0,0,0,1.0,1,1.0,1,1.0,1,0.1438505038402118,62
1215,3,1630,890,740,0,0,0,1.0,1,1.0,1,1.0,1,0.11562860154737899,63
1216,3,1633,891,742,0,0,0,1.0,1,1.0,1,1.0,1,0.14610782313782594,64
1217,1,1634,891,743,0,0,0,1.0,1,1.0,1,1.0,1,0.13826603663035925,65
1218,1,1635,891,744,0,0,0,1.0,1,1.0,1,1.0,1,0.14494686035862603,64
1219,1,1636,891,745,0,0,0,1.0,1,1.0,1,1.0,1,0.14815947295759424,65
1220,1,1637,891,746,0,0,0,1.0,1,1.0,1,1.0,1,0.14967867684706468,64
1221,2,1639,891,748,0,0,0,1.0,1,1.0,1,1.0,1,0.13368903503581867,65
1222,2,1641,892,749,0,0,0,1.0,1,1.0,1,1.0,1,0.11279943362206896,66
1223,0,1641,892,749,0,0,0,1.0,1,1.0,1,1.0,1,0.12214452344898424,64
1224,1,1642,893,749,0,0,0,1.0,1,1.0,1,1.0,1,0.11493566974041668,66
1225,2,1644,894,750,0,0,0,1.0,1,1.0,1,1.0,1,0.13242657785026804,66
1226,4,1648,895,753,0,0,0,1.0,1,1.0,1,1.0,1,0.1420517294427493,68
1227,1,1649,896,753,0,0,0,1.0,1,1.0,1,1.0,1,0.13729824727443532,64
1228,0,1649,896,753,0,0,0,1.0,1,1.0,1,1.0,1,0.14854609093491322,62
1229,0,1649,896,753,0,0,0,1.0,1,1.0,1,1.0,1,0.1374200537523867,61
1230,0,1649,896,753,0,0,0,1.0,1,1.0,1,1.0,1,0.1453051750960458,58
1231,1,1650,896,754,0,0,0,1.0,1,1.0,1,1.0,1,0.12782335449459478,57
1232,1,1651,897,754,0,0,0,1.0,1,1.0,1,1.0,1,0.1513655504891127,53
1233,1,1652,898,754,0,0,0,1.0,1,1.0,1,1.0,1,0.16917742302895444,53
1234,1,1653,898,755,0,0,0,1.0,1,1.0,1,1.0,1,0.14985151863435006,54
1235,0,1653,898,755,0,0,0,1.0,1,1.0,1,1.0,1,0.1777674913665991,55
1236,3,1656,900,756,0,0,0,1.0,1,1.0,1,1.0,1,0.1941478393207889,55
1237,3,1659,900,759,0,0,0,1.0,1,1.0,1,1.0,1,0.16505058530520775,55
1238,0,1659,900,759,0,0,0,1.0,1,1.0,1,1.0,1,0.17318240415376965,54
1239,1,1660,900,760,0,0,0,1.0,1,1.0,1,1.0,1,0.1650134589002689,55
1240,1,1661,901,760,0,0,0,1.0,1,1.0,1,1.0,1,0.158528060716837,55
1241,1,1662,901,761,0,0,0,1.0,1,1.0,1,1.0,1,0.1321836761421488,54
1242,0,1662,901,761,0,0,0,1.0,1,1.0,1,1.0,1,0.1409323737157127,54
1243,0,1662,901,761,0,0,0,1.0,1,1.0,1,1.0,1,0.14342822569880032,55
1244,2,1664,901,763,0,0,0,1.0,1,1.0,1,1.0,1,0.13669212487419388,55
1245,2,1666,902,764,0,0,0,1.0,1,1.0,1,1.0,1,0.1490119378826349,55
1246,2,1668,902,766,0,0,0,1.0,1,1.0,1,1.0,1,0.1510990611083392,55
1247,3,1671,903,768,0,0,0,1.0,1,1.0,1,1.0,1,0.17162317071952604,57
1248,1,1672,903,769,0,0,0,1.0,1,1.0,1,1.0,1,0.17137070409656635,56
1249,3,1675,905,770,0,0,0,1.0,1,1.0,1,1.0,1,0.22684337871080393,56
1250,3,1678,907,771,0,0,0,1.0,1,1.0,1,1.0,1,0.20186860421499025,56
1251,7,1685,907,778,0,0,0,1.0,1,1.0,1,1.0,1,0.14030465279481882,58
1252,0,1685,907,778,0,0,0,1.0,1,1.0,1,1.0,1,0.14030465279481882,58
1253,2,1687,909,778,0,0,0,1.0,1,1.0,1,1.0,1,0.16800842369089747,58
1254,0,1687,909,778,0,0,0,1.0,1,1.0,1,1.0,1,0.14272555987906665,60
1255,1,1688,909,779,0,0,0,1.0,1,1.0,1,1.0,1,0.14375660264839588,61
1256,1,1689,909,780,0,0,0,1.0,1,1.0,1,1.0,1,0.13411146665934756,61
1257,1,1690,910,780,0,0,0,1.0,1,1.0,1,1.0,1,0.1611469338418405,62
1258,4,1694,910,784,0,0,0,1.0,1,1.0,1,1.0,1,0.14273786529061544,63
1259,0,1694,910,784,0,0,0,1.0,1,1.0,1,1.0,1,0.14273786529061544,63
1260,1,1695,910,785,0,0,0,1.0,1,1.0,1,1.0,1,0.1266922003654004,63
1261,1,1696,910,786,0,0,0,1.0,1,1.0,1,1.0,1,0.11889008494499809,63
1262,1,1697,910,787,0,0,0,1.0,1,1.0,1,1.0,1,0.11905408397312123,64
1263,1,1698,911,787,0,0,0,1.0,1,1.0,1,1.0,1,0.15340077036527572,63
1264,0,1698,911,787,0,0,0,1.0,1,1.0,1,1.0,1,0.14209339538090981,63
1265,3,1701,914,787,0,0,0,1.0,1,1.0,1,1.0,1,0.182240605735038,60
1266,4,1705,915,790,0,0,0,1.0,1,1.0,1,1.0,1,0.15046024891307944,61
1267,2,1707,916,791,0,0,0,1.0,1,1.0,1,1.0,1,0.13541523313189024,58
1268,1,1708,917,791,0,0,0,1.0,1,1.0,1,1.0,1,0.17464692816089034,54
1269,1,1709,917,792,0,0,0,1.0,1,1.0,1,1.0,1,0.13397123281619064,54
1270,0,1709,917,792,0,0,0,1.0,1,1.0,1,1.0,1,0.12522618425955664,51
1271,1,1710,917,793,0,0,0,1.0,1,1.0,1,1.0,1,0.12172156582263349,50
1272,0,1710,917,793,0,0,0,1.0,1,1.0,1,1.0,1,0.1377210137166403,47
1273,0,1710,917,793,0,0,0,1.0,1,1.0,1,1.0,1,0.1377210137166403,47
1274,1,1711,917,794,0,0,0,1.0,1,1.0,1,1.0,1,0.14831221392793156,49
1275,2,1713,919,794,0,0,0,1.0,1,1.0,1,1.0,1,0.1772131190420746,48
1276,4,1717,920,797,0,0,0,1.0,1,1.0,1,1.0,1,0.18577568340368014,49
1277,6,1723,924,799,0,0,0,1.0,1,1.0,1,1.0,1,0.16570516896780216,50
1278,1,1724,924,800,0,0,0,1.0,1,1.0,1,1.0,1,0.1709628680445703,51
1279,0,1724,924,800,0,0,0,1.0,1,1.0,1,1.0,1,0.1709628680445703,51
1280,0,1724,924,800,0,0,0,1.0,1,1.0,1,1.0,1,0.16058076537199242,52
1281,2,1726,924,802,0,0,0,1.0,1,1.0,1,1.0,1,0.14053933870312235,52
1282,2,1728,925,803,0,0,0,1.0,1,1.0,1,1.0,1,0.12565223148044993,52
1283,1,1729,926,803,0,0,0,1.0,1,1.0,1,1.0,1,0.16217434718987686,52
1284,2,1731,927,804,0,0,0,1.0,1,1.0,1,1.0,1,0.17826460734593444,52
1285,1,1732,927,805,0,0,0,1.0,1,1.0,1,1.0,1,0.19895894418378515,51
1286,5,1737,927,810,0,0,0,1.0,1,1.0,1,1.0,1,0.16618652134915995,52
1287,3,1740,928,812,0,0,0,1.0,1,1.0,1,1.0,1,0.17532470598396133,54
1288,1,1741,928,813,0,0,0,1.0,1,1.0,1,1.0,1,0.16926789732368758,55
1289,0,1741,928,813,0,0,0,1.0,1,1.0,1,1.0,1,0.15920959883004537,56
1290,0,1741,928,813,0,0,0,1.0,1,1.0,1,1.0,1,0.1384971504302888,57
1291,2,1743,928,815,0,0,0,1.0,1,1.0,1,1.0,1,0.13112157849481484,58
1292,2,1745,930,815,0,0,0,1.0,1,1.0,1,1.0,1,0.10863268230470081,59
1293,0,1745,930,815,0,0,0,1.0,1,1.0,1,1.0,1,0.10863268230470081,59
1294,1,1746,931,815,0,0,0,1.0,1,1.0,1,1.0,1,0.10365638023697718,59
1295,0,1746,931,815,0,0,0,1.0,1,1.0,1,1.0,1,0.10365638023697718,59
1296,2,1748,931,817,0,0,0,1.0,1,1.0,1,1.0,1,0.10664908487928274,59
1297,1,1749,931,818,0,0,0,1.0,1,1.0,1,1.0,1,0.10563774805589679,61
1298,1,1750,931,819,0,0,0,1.0,1,1.0,1,1.0,1,0.1169170104160741,61
1299,1,1751,931,820,0,0,0,1.0,1,1.0,1,1.0,1,0.1170877991614517,60
1300,0,1751,931,820,0,0,0,1.0,1,1.0,1,1.0,1,0.11541546739487107,59
1301,5,1756,932,824,0,0,0,1.0,1,1.0,1,1.0,1,0.1321145716474654,59
1302,0,1756,932,824,0,0,0,1.0,1,1.0,1,1.0,1,0.1321145716474654,59
1303,2,1758,934,824,0,0,0,1.0,1,1.0,1,1.0,1,0.17283430126306806,55
1304,1,1759,935,824,0,0,0,1.0,1,1.0,1,1.0,1,0.15940991279418334,56
1305,1,1760,936,824,0,0,0,1.0,1,1.0,1,1.0,1,0.18110493315867907,54
1306,4,1764,937,827,0,0,0,1.0,1,1.0,1,1.0,1,0.12958250683787367,53
1307,3,1767,939,828,0,0,0,1.0,1,1.0,1,1.0,1,0.1353241356935736,52
1308,2,1769,941,828,0,0,0,1.0,1,1.0,1,1.0,1,0.19642556048562676,52
1309,1,1770,942,828,0,0,0,1.0,1,1.0,1,1.0,1,0.21868425930315183,54
1310,3,1773,943,830,0,0,0,1.0,1,1.0,1,1.0,1,0.2232039175806575,52
1311,3,1776,943,833,0,0,0,1.0,1,1.0,1,1.0,1,0.18176669005230678,51
1312,1,1777,944,833,0,0,0,1.0,1,1.0,1,1.0,1,0.22557506696736376,49
1313,0,1777,944,833,0,0,0,1.0,1,1.0,1,1.0,1,0.2269396876493529,47
1314,1,1778,944,834,0,0,0,1.0,1,1.0,1,1.0,1,0.19327709198494994,46
1315,0,1778,944,834,0,0,0,1.0,1,1.0,1,1.0,1,0.20440103139816582,45
1316,1,1779,944,835,0,0,0,1.0,1,1.0,1,1.0,1,0.1816834144984448,46
1317,1,1780,944,836,0,0,0,1.0,1,1.0,1,1.0,1,0.15651456215330833,45
1318,1,1781,944,837,0,0,0,1.0,1,1.0,1,1.0,1,0.15756399741442448,46
1319,1,1782,944,838,0,0,0,1.0,1,1.0,1,1.0,1,0.1466747305636188,46
1320,0,1782,944,838,0,0,0,1.0,1,1.0,1,1.0,1,0.1466747305636188,46
1321,1,1783,944,839,0,0,0,1.0,1,1.0,1,1.0,1,0.10910541157245184,48
1322,0,1783,944,839,0,0,0,1.0,1,1.0,1,1.0,1,0.12299325039418131,49
1323,1,1784,944,840,0,0,0,1.0,1,1.0,1,1.0,1,0.11787586850986934,49
1324,1,1785,944,841,0,0,0,1.0,1,1.0,1,1.0,1,0.1225866273708239,50
1325,1,1786,944,842,0,0,0,1.0,1,1.0,1,1.0,1,0.1296968313231513,49
1326,2,1788,945,843,0,0,0,1.0,1,1.0,1,1.0,1,0.17531373345646897,50
1327,4,1792,946,846,0,0,0,1.0,1,1.0,1,1.0,1,0.17120279083909204,50
1328,0,1792,946,846,0,0,0,1.0,1,1.0,1,1.0,1,0.18955618376344058,49
1329,1,1793,946,847,0,0,0,1.0,1,1.0,1,1.0,1,0.17776062011124635,50
1330,1,1794,946,848,0,0,0,1.0,1,1.0,1,1.0,1,0.1698959349261027,50
1331,3,1797,947,850,0,0,0,1.0,1,1.0,1,1.0,1,0.17510046864794018,50
1332,0,1797,947,850,0,0,0,1.0,1,1.0,1,1.0,1,0.1687223850624518,51
1333,1,1798,947,851,0,0,0,1.0,1,1.0,1,1.0,1,0.16361234401121447,52
1334,2,1800,947,853,0,0,0,1.0,1,1.0,1,1.0,1,0.1542143277020951,54
1335,1,1801,947,854,0,0,0,1.0,1,1.0,1,1.0,1,0.14151278750926743,54
1336,1,1802,947,855,0,0,0,1.0,1,1.0,1,1.0,1,0.11971471815820801,56
1337,2,1804,949,855,0,0,0,1.0,1,1.0,1,1.0,1,0.19498524989873786,57
1338,3,1807,950,857,0,0,0,1.0,1,1.0,1,1.0,1,0.18630021101422933,57
1339,5,1812,952,860,0,0,0,1.0,1,1.0,1,1.0,1,0.20860176888745555,58
1340,1,1813,952,861,0,0,0,1.0,1,1.0,1,1.0,1,0.20868424372241914,59
1341,1,1814,952,862,0,0,0,1.0,1,1.0,1,1.0,1,0.17778494046003337,57
1342,0,1814,952,862,0,0,0,1.0,1,1.0,1,1.0,1,0.1611224254117125,57
1343,0,1814,952,862,0,0,0,1.0,1,1.0,1,1.0,1,0.16047792939075878,55
1344,0,1814,952,862,0,0,0,1.0,1,1.0,1,1.0,1,0.14938466333054962,54
1345,0,1814,952,862,0,0,0,1.0,1,1.0,1,1.0,1,0.15995924904417788,53
1346,0,1814,952,862,0,0,0,1.0,1,1.0,1,1.0,1,0.1520320412976016,53
1347,0,1814,952,862,0,0,0,1.0,1,1.0,1,1.0,1,0.1636806639829465,51
1348,0,1814,952,862,0,0,0,1.0,1,1.0,1,1.0,1,0.17895510321009186,52
1349,1,1815,953,862,0,0,0,1.0,1,1.0,1,1.0,1,0.1884984709041094,50
1350,1,1816,954,862,0,0,0,1.0,1,1.0,1,1.0,1,0.17390637735925316,51
1351,1,1817,954,863,0,0,0,1.0,1,1.0,1,1.0,1,0.17799339758802218,50
1352,1,1818,954,864,0,0,0,1.0,1,1.0,1,1.0,1,0.16190426198866326,50
1353,0,1818,954,864,0,0,0,1.0,1,1.0,1,1.0,1,0.16190426198866326,50
1354,3,1821,955,866,0,0,0,1.0,1,1.0,1,1.0,1,0.17221546031588972,51
1355,2,1823,956,867,0,0,0,1.0,1,1.0,1,1.0,1,0.13663499458942935,53
1356,4,1827,957,870,0,0,0,1.0,1,1.0,1,1.0,1,0.14631288663865918,52
1357,0,1827,957,870,0,0,0,1.0,1,1.0,1,1.0,1,0.15445252421598615,52
1358,2,1829,958,871,0,0,0,1.0,1,1.0,1,1.0,1,0.12155135926926083,53
1359,3,1832,960,872,0,0,0,1.0,1,1.0,1,1.0,1,0.14163004508469038,54
1360,1,1833,961,872,0,0,0,1.0,1,1.0,1,1.0,1,0.1357961698584023,55
1361,2,1835,962,873,0,0,0,1.0,1,1.0,1,1.0,1,0.13741702347004822,55
1362,0,1835,962,873,0,0,0,1.0,1,1.0,1,1.0,1,0.11959673343080103,56
1363,0,1835,962,873,0,0,0,1.0,1,1.0,1,1.0,1,0.11959673343080103,56
1364,1,1836,962,874,0,0,0,1.0,1,1.0,1,1.0,1,0.11120084684602849,55
1365,1,1837,962,875,0,0,0,1.0,1,1.0,1,1.0,1,0.10928855555084441,56
1366,2,1839,962,877,0,0,0,1.0,1,1.0,1,1.0,1,0.10359215632041745,57
1367,0,1839,962,877,0,0,0,1.0,1,1.0,1,1.0,1,0.10359215632041745,57
1368,1,1840,962,878,0,0,0,1.0,1,1.0,1,1.0,1,0.10861097805205508,58
1369,3,1843,964,879,0,0,0,1.0,1,1.0,1,1.0,1,0.12114232176913377,59
1370,3,1846,966,880,0,0,0,1.0,1,1.0,1,1.0,1,0.11175636445282948,60
1371,3,1849,966,883,0,0,0,1.0,1,1.0,1,1.0,1,0.07326075111559639,59
1372,1,1850,967,883,0,0,0,1.0,1,1.0,1,1.0,1,0.08161404918320103,59
1373,1,1851,968,883,0,0,0,1.0,1,1.0,1,1.0,1,0.0951861773495874,59
1374,1,1852,969,883,0,0,0,1.0,1,1.0,1,1.0,1,0.10148279624426162,59
1375,2,1854,969,885,0,0,0,1.0,1,1.0,1,1.0,1,0.10354940539823827,62
1376,3,1857,970,887,0,0,0,1.0,1,1.0,1,1.0,1,0.10841651545444213,61
1377,2,1859,970,889,0,0,0,1.0,1,1.0,1,1.0,1,0.09561027008891672,63
1378,2,1861,972,889,0,0,0,1.0,1,1.0,1,1.0,1,0.15357943112750647,62
1379,7,1868,975,893,0,0,0,1.0,1,1.0,1,1.0,1,0.18277579251018605,61
1380,1,1869,975,894,0,0,0,1.0,1,1.0,1,1.0,1,0.1648883365048634,60
1381,4,1873,976,897,0,0,0,1.0,1,1.0,1,1.0,1,0.16988586525110178,58
1382,0,1873,976,897,0,0,0,1.0,1,1.0,1,1.0,1,0.15586965166380248,56
1383,1,1874,976,898,0,0,0,1.0,1,1.0,1,1.0,1,0.14411379311812883,57
1384,0,1874,976,898,0,0,0,1.0,1,1.0,1,1.0,1,0.14723291987762174,55
1385,1,1875,976,899,0,0,0,1.0,1,1.0,1,1.0,1,0.1513353217976478,55
1386,2,1877,976,901,0,0,0,1.0,1,1.0,1,1.0,1,0.09563256273266418,54
1387,0,1877,976,901,0,0,0,1.0,1,1.0,1,1.0,1,0.10200008929030253,53
1388,3,1880,978,902,0,0,0,1.0,1,1.0,1,1.0,1,0.12255081531638169,52
1389,0,1880,978,902,0,0,0,1.0,1,1.0,1,1.0,1,0.14688771116971364,52
1390,1,1881,978,903,0,0,0,1.0,1,1.0,1,1.0,1,0.14949894715350198,51
1391,1,1882,978,904,0,0,0,1.0,1,1.0,1,1.0,1,0.15064308720217606,52
1392,0,1882,978,904,0,0,0,1.0,1,1.0,1,1.0,1,0.14041153067243142,51
1393,1,1883,979,904,0,0,0,1.0,1,1.0,1,1.0,1,0.1618408575609709,51
1394,2,1885,979,906,0,0,0,1.0,1,1.0,1,1.0,1,0.1547017036588679,52
1395,0,1885,979,906,0,0,0,1.0,1,1.0,1,1.0,1,0.1547017036588679,52
1396,1,1886,979,907,0,0,0,1.0,1,1.0,1,1.0,1,0.14172711512087244,53
1397,0,1886,979,907,0,0,0,1.0,1,1.0,1,1.0,1,0.14536744120637726,56
1398,1,1887,980,907,0,0,0,1.0,1,1.0,1,1.0,1,0.13845169036845184,56
1399,3,1890,981,909,0,0,0,1.0,1,1.0,1,1.0,1,0.124149265252139,57
1400,3,1893,983,910,0,0,0,1.0,1,1.0,1,1.0,1,0.12730209514426066,57
1401,1,1894,983,911,0,0,0,1.0,1,1.0,1,1.0,1,0.11847376593191825,57
1402,4,1898,987,911,0,0,0,1.0,1,1.0,1,1.0,1,0.17418335499777726,57
1403,2,1900,987,913,0,0,0,1.0,1,1.0,1,1.0,1,0.17194959689777717,56
1404,3,1903,989,914,0,0,0,1.0,1,1.0,1,1.0,1,0.1653191217578615,58
1405,3,1906,990,916,0,0,0,1.0,1,1.0,1,1.0,1,0.20347829658534264,58
1406,2,1908,990,918,0,0,0,1.0,1,1.0,1,1.0,1,0.18867054368957503,58
1407,0,1908,990,918,0,0,0,1.0,1,1.0,1,1.0,1,0.2089014923024192,57
1408,1,1909,990,919,0,0,0,1.0,1,1.0,1,1.0,1,0.21099251175898182,58
1409,0,1909,990,919,0,0,0,1.0,1,1.0,1,1.0,1,0.2055962576878692,57
1410,1,1910,991,919,0,0,0,1.0,1,1.0,1,1.0,1,0.2113450222989354,57
1411,0,1910,991,919,0,0,0,1.0,1,1.0,1,1.0,1,0.22729366183320784,56
1412,0,1910,991,919,0,0,0,1.0,1,1.0,1,1.0,1,0.22699269292308388,55
1413,0,1910,991,919,0,0,0,1.0,1,1.0,1,1.0,1,0.22947951647654247,57
1414,0,1910,991,919,0,0,0,1.0,1,1.0,1,1.0,1,0.22947951647654247,57
1415,1,1911,992,919,0,0,0,1.0,1,1.0,1,1.0,1,0.2474540312925641,60
1416,1,1912,992,920,0,0,0,1.0,1,1.0,1,1.0,1,0.23598770177612313,61
1417,2,1914,992,922,0,0,0,1.0,1,1.0,1,1.0,1,0.19957919400114066,59
1418,2,1916,992,924,0,0,0,1.0,1,1.0,1,1.0,1,0.18274799639610087,60
1419,2,1918,993,925,0,0,0,1.0,1,1.0,1,1.0,1,0.18538400739403638,59
1420,0,1918,993,925,0,0,0,1.0,1,1.0,1,1.0,1,0.17348324234092735,58
1421,2,1920,993,927,0,0,0,1.0,1,1.0,1,1.0,1,0.14374198493428705,57
1422,0,1920,993,927,0,0,0,1.0,1,1.0,1,1.0,1,0.14374198493428705,57
1423,0,1920,993,927,0,0,0,1.0,1,1.0,1,1.0,1,0.13783462116040876,56
1424,0,1920,993,927,0,0,0,1.0,1,1.0,1,1.0,1,0.14086229040922443,57
1425,1,1921,993,928,0,0,0,1.0,1,1.0,1,1.0,1,0.14733762726533167,54
1426,2,1923,993,930,0,0,0,1.0,1,1.0,1,1.0,1,0.1460462869022586,54
1427,1,1924,994,930,0,0,0,1.0,1,1.0,1,1.0,1,0.20265369763274343,53
1428,1,1925,995,930,0,0,0,1.0,1,1.0,1,1.0,1,0.19808028733338529,52
1429,0,1925,995,930,0,0,0,1.0,1,1.0,1,1.0,1,0.19808028733338529,52
1430,2,1927,997,930,0,0,0,1.0,1,1.0,1,1.0,1,0.2271159825812565,51
1431,2,1929,997,932,0,0,0,1.0,1,1.0,1,1.0,1,0.20727917871057408,51
1432,4,1933,999,934,0,0,0,1.0,1,1.0,1,1.0,1,0.1865898865805037,52
1433,0,1933,999,934,0,0,0,1.0,1,1.0,1,1.0,1,0.1865898865805037,52
1434,2,1935,1001,934,0,0,0,1.0,1,1.0,1,1.0,1,0.20586506962596765,52
1435,0,1935,1001,934,0,0,0,1.0,1,1.0,1,1.0,1,0.22801526689209142,50
1436,4,1939,1002,937,0,0,0,1.0,1,1.0,1,1.0,1,0.19395284760589895,50
1437,1,1940,1003,937,0,0,0,1.0,1,1.0,1,1.0,1,0.22487497450942043,49
1438,1,1941,1004,937,0,0,0,1.0,1,1.0,1,1.0,1,0.24176133882888323,49
1439,1,1942,1005,937,0,0,0,1.0,1,1.0,1,1.0,1,0.2618250571123844,50
1440,2,1944,1007,937,0,0,0,1.0,1,1.0,1,1.0,1,0.29056403362874744,50
1441,2,1946,1008,938,0,0,0,1.0,1,1.0,1,1.0,1,0.28597038599553576,51
1442,0,1946,1008,938,0,0,0,1.0,1,1.0,1,1.0,1,0.2980799350145125,50
1443,1,1947,1008,939,0,0,0,1.0,1,1.0,1,1.0,1,0.2815140475592869,51
1444,3,1950,1008,942,0,0,0,1.0,1,1.0,1,1.0,1,0.23965598675455685,51
1445,3,1953,1009,944,0,0,0,1.0,1,1.0,1,1.0,1,0.2595411536528792,51
1446,4,1957,1011,946,0,0,0,1.0,1,1.0,1,1.0,1,0.21685079082736564,51
1447,2,1959,1011,948,0,0,0,1.0,1,1.0,1,1.0,1,0.19446984077120844,51
1448,3,1962,1011,951,0,0,0,1.0,1,1.0,1,1.0,1,0.14815145785984457,51
1449,0,1962,1011,951,0,0,0,1.0,1,1.0,1,1.0,1,0.14815145785984457,51
1450,1,1963,1011,952,0,0,0,1.0,1,1.0,1,1.0,1,0.14470903534537344,52
1451,2,1965,1011,954,0,0,0,1.0,1,1.0,1,1.0,1,0.1238635413018577,54
1452,2,1967,1011,956,0,0,0,1.0,1,1.0,1,1.0,1,0.13275633033825732,56
1453,5,1972,1013,959,0,0,0,1.0,1,1.0,1,1.0,1,0.13584155178896876,56
1454,1,1973,1013,960,0,0,0,1.0,1,1.0,1,1.0,1,0.15043660846220394,58
1455,5,1978,1015,963,0,0,0,1.0,1,1.0,1,1.0,1,0.17347421720842776,55
1456,3,1981,1015,966,0,0,0,1.0,1,1.0,1,1.0,1,0.15863516671714653,56
1457,2,1983,1016,967,0,0,0,1.0,1,1.0,1,1.0,1,0.19097469612245585,54
1458,1,1984,1017,967,0,0,0,1.0,1,1.0,1,1.0,1,0.19216341707250778,52
1459,1,1985,1017,968,0,0,0,1.0,1,1.0,1,1.0,1,0.19138313973045942,52
1460,0,1985,1017,968,0,0,0,1.0,1,1.0,1,1.0,1,0.17328873381131066,50
1461,3,1988,1018,970,0,0,0,1.0,1,1.0,1,1.0,1,0.1726058057531714,53
1462,2,1990,1019,971,0,0,0,1.0,1,1.0,1,1.0,1,0.17611330761181287,51
1463,0,1990,1019,971,0,0,0,1.0,1,1.0,1,1.0,1,0.18740072758619664,51
1464,0,1990,1019,971,0,0,0,1.0,1,1.0,1,1.0,1,0.18740072758619664,51
1465,0,1990,1019,971,0,0,0,1.0,1,1.0,1,1.0,1,0.18526883969582414,49
1466,4,1994,1020,974,0,0,0,1.0,1,1.0,1,1.0,1,0.16403838806496163,49
1467,1,1995,1021,974,0,0,0,1.0,1,1.0,1,1.0,1,0.205979606140021,47
1468,2,1997,1022,975,0,0,0,1.0,1,1.0,1,1.0,1,0.2258187086871995,48
1469,1,1998,1023,975,0,0,0,1.0,1,1.0,1,1.0,1,0.25851669364939267,47
1470,0,1998,1023,975,0,0,0,1.0,1,1.0,1,1.0,1,0.24866454040632788,49
1471,2,2000,1023,977,0,0,0,1.0,1,1.0,1,1.0,1,0.24538641050165078,48
1472,0,2000,1023,977,0,0,0,1.0,1,1.0,1,1.0,1,0.23575851065870287,48
1473,0,2000,1023,977,0,0,0,1.0,1,1.0,1,1.0,1,0.2439341674632659,49
1474,1,2001,1023,978,0,0,0,1.0,1,1.0,1,1.0,1,0.23243363233834227,49
1475,0,2001,1023,978,0,0,0,1.0,1,1.0,1,1.0,1,0.23243363233834227,49
1476,1,2002,1023,979,0,0,0,1.0,1,1.0,1,1.0,1,0.22486824274451567,51
1477,1,2003,1023,980,0,0,0,1.0,1,1.0,1,1.0,1,0.21244394566932637,51
1478,2,2005,1023,982,0,0,0,1.0,1,1.0,1,1.0,1,0.1762630307916976,52
1479,2,2007,1023,984,0,0,0,1.0,1,1.0,1,1.0,1,0.16473216831550566,53
1480,4,2011,1024,987,0,0,0,1.0,1,1.0,1,1.0,1,0.15637540122996987,53
1481,1,2012,1024,988,0,0,0,1.0,1,1.0,1,1.0,1,0.1464821772847329,53
1482,1,2013,1025,988,0,0,0,1.0,1,1.0,1,1.0,1,0.18685989914898346,52
1483,0,2013,1025,988,0,0,0,1.0,1,1.0,1,1.0,1,0.18685989914898346,52
1484,2,2015,1025,990,0,0,0,1.0,1,1.0,1,1.0,1,0.19602940315748207,53
1485,1,2016,1025,991,0,0,0,1.0,1,1.0,1,1.0,1,0.18717257843552185,53
1486,6,2022,1025,997,0,0,0,1.0,1,1.0,1,1.0,1,0.16214696803183445,54
1487,0,2022,1025,997,0,0,0,1.0,1,1.0,1,1.0,1,0.17006475589068293,55
1488,2,2024,1025,999,0,0,0,1.0,1,1.0,1,1.0,1,0.16085950444044295,57
1489,0,2024,1025,999,0,0,0,1.0,1,1.0,1,1.0,1,0.1524679627228708,58
1490,0,2024,1025,999,0,0,0,1.0,1,1.0,1,1.0,1,0.1524679627228708,58
1491,2,2026,1026,1000,0,0,0,1.0,1,1.0,1,1.0,1,0.16722231690646633,59
1492,2,2028,1026,1002,0,0,0,1.0,1,1.0,1,1.0,1,0.1466500589985448,59
1493,1,2029,1027,1002,0,0,0,1.0,1,1.0,1,1.0,1,0.14860130476478065,58
1494,1,2030,1028,1002,0,0,0,1.0,1,1.0,1,1.0,1,0.178395161489077,58
1495,1,2031,1029,1002,0,0,0,1.0,1,1.0,1,1.0,1,0.194142183635688,57
1496,2,2033,1029,1004,0,0,0,1.0,1,1.0,1,1.0,1,0.16589170004101936,59
1497,1,2034,1030,1004,0,0,0,1.0,1,1.0,1,1.0,1,0.18220787283268003,58
1498,2,2036,1031,1005,0,0,0,1.0,1,1.0,1,1.0,1,0.19220253020100042,58
1499,0,2036,1031,1005,0,0,0,1.0,1,1.0,1,1.0,1,0.16995534352110866,56
1500,1,2037,1031,1006,0,0,0,1.0,1,1.0,1,1.0,1,0.16488814856905107,57
1501,0,2037,1031,1006,0,0,0,1.0,1,1.0,1,1.0,1,0.15332163058019596,55
1502,0,2037,1031,1006,0,0,0,1.0,1,1.0,1,1.0,1,0.15433439079554115,55
1503,1,2038,1032,1006,0,0,0,1.0,1,1.0,1,1.0,1,0.17799049500776606,54
1504,1,2039,1032,1007,0,0,0,1.0,1,1.0,1,1.0,1,0.13838809884903425,55
1505,2,2041,1033,1008,0,0,0,1.0,1,1.0,1,1.0,1,0.13609551426800784,53
1506,1,2042,1033,1009,0,0,0,1.0,1,1.0,1,1.0,1,0.136493601460062,55
1507,0,2042,1033,1009,0,0,0,1.0,1,1.0,1,1.0,1,0.15990651463870828,53
1508,1,2043,1033,1010,0,0,0,1.0,1,1.0,1,1.0,1,0.14808365139158738,53
1509,1,2044,1033,1011,0,0,0,1.0,1,1.0,1,1.0,1,0.1753773451865663,52
1510,2,2046,1034,1012,0,0,0,1.0,1,1.0,1,1.0,1,0.17306968220522556,50
1511,1,2047,1034,1013,0,0,0,1.0,1,1.0,1,1.0,1,0.17380394467506338,49
1512,2,2049,1036,1013,0,0,0,1.0,1,1.0,1,1.0,1,0.23082628885383127,48
1513,1,2050,1036,1014,0,0,0,1.0,1,1.0,1,1.0,1,0.2599145357009122,47
1514,2,2052,1036,1016,0,0,0,1.0,1,1.0,1,1.0,1,0.2196514234301519,48
1515,0,2052,1036,1016,0,0,0,1.0,1,1.0,1,1.0,1,0.2196514234301519,48
1516,3,2055,1036,1019,0,0,0,1.0,1,1.0,1,1.0,1,0.1976962012431498,47
1517,1,2056,1036,1020,0,0,0,1.0,1,1.0,1,1.0,1,0.20143319406223703,48
1518,2,2058,1036,1022,0,0,0,1.0,1,1.0,1,1.0,1,0.1782320613579173,48
1519,0,2058,1036,1022,0,0,0,1.0,1,1.0,1,1.0,1,0.19240080461269804,47
1520,1,2059,1036,1023,0,0,0,1.0,1,1.0,1,1.0,1,0.19161911079975819,48
1521,1,2060,1036,1024,0,0,0,1.0,1,1.0,1,1.0,1,0.17123860778259803,49
1522,1,2061,1036,1025,0,0,0,1.0,1,1.0,1,1.0,1,0.15777921509285806,48
1523,0,2061,1036,1025,0,0,0,1.0,1,1.0,1,1.0,1,0.16980412377420673,49
1524,2,2063,1037,1026,0,0,0,1.0,1,1.0,1,1.0,1,0.1770306740092617,49
1525,0,2063,1037,1026,0,0,0,1.0,1,1.0,1,1.0,1,0.18120015386144472,51
1526,1,2064,1037,1027,0,0,0,1.0,1,1.0,1,1.0,1,0.1540642852154017,52
1527,0,2064,1037,1027,0,0,0,1.0,1,1.0,1,1.0,1,0.14677210239396324,54
1528,1,2065,1037,1028,0,0,0,1.0,1,1.0,1,1.0,1,0.13543637084758686,54
1529,0,2065,1037,1028,0,0,0,1.0,1,1.0,1,1.0,1,0.13543637084758686,54
1530,1,2066,1038,1028,0,0,0,1.0,1,1.0,1,1.0,1,0.147323241566512,54
1531,1,2067,1038,1029,0,0,0,1.0,1,1.0,1,1.0,1,0.12475805135257466,54
1532,2,2069,1039,1030,0,0,0,1.0,1,1.0,1,1.0,1,0.09339611877045456,54
1533,0,2069,1039,1030,0,0,0,1.0,1,1.0,1,1.0,1,0.10121113573168841,54
1534,1,2070,1039,1031,0,0,0,1.0,1,1.0,1,1.0,1,0.08932875461720846,54
1535,0,2070,1039,1031,0,0,0,1.0,1,1.0,1,1.0,1,0.08932875461720846,54
1536,1,2071,1039,1032,0,0,0,1.0,1,1.0,1,1.0,1,0.0891160071814002,55
1537,0,2071,1039,1032,0,0,0,1.0,1,1.0,1,1.0,1,0.0977055874735671,53
1538,0,2071,1039,1032,0,0,0,1.0,1,1.0,1,1.0,1,0.1086356278886065,54
1539,0,2071,1039,1032,0,0,0,1.0,1,1.0,1,1.0,1,0.12200154276712455,54
1540,1,2072,1040,1032,0,0,0,1.0,1,1.0,1,1.0,1,0.11890304593420316,54
1541,2,2074,1040,1034,0,0,0,1.0,1,1.0,1,1.0,1,0.09926175756815128,54
1542,3,2077,1041,1036,0,0,0,1.0,1,1.0,1,1.0,1,0.0905912422341795,57
1543,2,2079,1042,1037,0,0,0,1.0,1,1.0,1,1.0,1,0.11705928039253076,55
1544,4,2083,1045,1038,0,0,0,1.0,1,1.0,1,1.0,1,0.13311481105213,54
1545,1,2084,1045,1039,0,0,0,1.0,1,1.0,1,1.0,1,0.1326545056511746,54
1546,4,2088,1047,1041,0,0,0,1.0,1,1.0,1,1.0,1,0.10144850643510143,53
1547,2,2090,1049,1041,0,0,0,1.0,1,1.0,1,1.0,1,0.08492539015248575,53
1548,3,2093,1052,1041,0,0,0,1.0,1,1.0,1,1.0,1,0.08907584954394603,54
1549,2,2095,1054,1041,0,0,0,1.0,1,1.0,1,1.0,1,0.12991094065404418,52
1550,3,2098,1057,1041,0,0,0,1.0,1,1.0,1,1.0,1,0.15667119995003675,52
1551,8,2106,1059,1047,0,0,0,1.0,1,1.0,1,1.0,1,0.0953001772159389,52
1552,3,2109,1061,1048,0,0,0,1.0,1,1.0,1,1.0,1,0.11925315542865224,51
1553,1,2110,1061,1049,0,0,0,1.0,1,1.0,1,1.0,1,0.1435295438078482,51
1554,2,2112,1062,1050,0,0,0,1.0,1,1.0,1,1.0,1,0.11553770785683018,51
1555,1,2113,1063,1050,0,0,0,1.0,1,1.0,1,1.0,1,0.1571265928889202,50
1556,6,2119,1065,1054,0,0,0,1.0,1,1.0,1,1.0,1,0.10333941768459624,51
1557,2,2121,1067,1054,0,0,0,1.0,1,1.0,1,1.0,1,0.1133854768633851,51
1558,0,2121,1067,1054,0,0,0,1.0,1,1.0,1,1.0,1,0.12229823058553574,52
1559,0,2121,1067,1054,0,0,0,1.0,1,1.0,1,1.0,1,0.10598805253434222,53
1560,2,2123,1069,1054,0,0,0,1.0,1,1.0,1,1.0,1,0.12632740201096973,51
1561,2,2125,1070,1055,0,0,0,1.0,1,1.0,1,1.0,1,0.12818731236642666,51
1562,2,2127,1070,1057,0,0,0,1.0,1,1.0,1,1.0,1,0.11013323173906525,52
1563,0,2127,1070,1057,0,0,0,1.0,1,1.0,1,1.0,1,0.11013323173906525,52
1564,0,2127,1070,1057,0,0,0,1.0,1,1.0,1,1.0,1,0.09507664419146997,51
1565,0,2127,1070,1057,0,0,0,1.0,1,1.0,1,1.0,1,0.10490061705975286,53
1566,1,2128,1070,1058,0,0,0,1.0,1,1.0,1,1.0,1,0.08788366995886315,53
1567,2,2130,1071,1059,0,0,0,1.0,1,1.0,1,1.0,1,0.06694920756922768,52
1568,2,2132,1072,1060,0,0,0,1.0,1,1.0,1,1.0,1,0.07094698417049919,52
1569,1,2133,1073,1060,0,0,0,1.0,1,1.0,1,1.0,1,0.09955914930415917,49
1570,1,2134,1074,1060,0,0,0,1.0,1,1.0,1,1.0,1,0.11638170716346959,48
1571,4,2138,1076,1062,0,0,0,1.0,1,1.0,1,1.0,1,0.09882740807105633,46
1572,2,2140,1078,1062,0,0,0,1.0,1,1.0,1,1.0,1,0.1041656820361259,47
1573,1,2141,1079,1062,0,0,0,1.0,1,1.0,1,1.0,1,0.11840177657398022,48
1574,2,2143,1081,1062,0,0,0,1.0,1,1.0,1,1.0,1,0.11691495392681248,46
1575,1,2144,1082,1062,0,0,0,1.0,1,1.0,1,1.0,1,0.141841046924394,47
1576,4,2148,1085,1063,0,0,0,1.0,1,1.0,1,1.0,1,0.08988213218632998,46
1577,0,2148,1085,1063,0,0,0,1.0,1,1.0,1,1.0,1,0.076729342167748,45
1578,1,2149,1086,1063,0,0,0,1.0,1,1.0,1,1.0,1,0.07855095346741855,44
1579,1,2150,1086,1064,0,0,0,1.0,1,1.0,1,1.0,1,0.061400597136517826,43
1580,0,2150,1086,1064,0,0,0,1.0,1,1.0,1,1.0,1,0.061400597136517826,43
1581,0,2150,1086,1064,0,0,0,1.0,1,1.0,1,1.0,1,0.10764038284048694,42
1582,0,2150,1086,1064,0,0,0,1.0,1,1.0,1,1.0,1,0.10764038284048694,42
1583,1,2151,1087,1064,0,0,0,1.0,1,1.0,1,1.0,1,0.08266781352329242,43
1584,1,2152,1087,1065,0,0,0,1.0,1,1.0,1,1.0,1,0.0537044217371741,41
1585,6,2158,1092,1066,0,0,0,1.0,1,1.0,1,1.0,1,0.0634869541371073,43
1586,1,2159,1093,1066,0,0,0,1.0,1,1.0,1,1.0,1,0.10154421398381829,42
1587,3,2162,1094,1068,0,0,0,1.0,1,1.0,1,1.0,1,0.1495221649939965,42
1588,2,2164,1096,1068,0,0,0,1.0,1,1.0,1,1.0,1,0.1771907769204791,42
1589,1,2165,1097,1068,0,0,0,1.0,1,1.0,1,1.0,1,0.14096529175407577,42
1590,1,2166,1097,1069,0,0,0,1.0,1,1.0,1,1.0,1,0.19558143598549446,41
1591,3,2169,1098,1071,0,0,0,1.0,1,1.0,1,1.0,1,0.1384077372506803,40
1592,1,2170,1098,1072,0,0,0,1.0,1,1.0,1,1.0,1,0.1558751552154592,39
1593,0,2170,1098,1072,0,0,0,1.0,1,1.0,1,1.0,1,0.15965821095095506,39
1594,0,2170,1098,1072,0,0,0,1.0,1,1.0,1,1.0,1,0.18442148992465657,39
1595,1,2171,1098,1073,0,0,0,1.0,1,1.0,1,1.0,1,0.1778406344009789,42
1596,4,2175,1098,1077,0,0,0,1.0,1,1.0,1,1.0,1,0.1433516664099976,41
1597,2,2177,1098,1079,0,0,0,1.0,1,1.0,1,1.0,1,0.1240334110513883,41
1598,0,2177,1098,1079,0,0,0,1.0,1,1.0,1,1.0,1,0.163891639631374,39
1599,1,2178,1099,1079,0,0,0,1.0,1,1.0,1,1.0,1,0.17911786209879924,39
1600,0,2178,1099,1079,0,0,0,1.0,1,1.0,1,1.0,1,0.1904160928515049,40
1601,5,2183,1101,1082,0,0,0,1.0,1,1.0,1,1.0,1,0.18592777545335124,41
1602,1,2184,1101,1083,0,0,0,1.0,1,1.0,1,1.0,1,0.14482251848123895,41
1603,1,2185,1102,1083,0,0,0,1.0,1,1.0,1,1.0,1,0.1786937544602545,43
1604,1,2186,1103,1083,0,0,0,1.0,1,1.0,1,1.0,1,0.19198370922398283,43
1605,2,2188,1104,1084,0,0,0,1.0,1,1.0,1,1.0,1,0.1921914781411625,44
1606,4,2192,1105,1087,0,0,0,1.0,1,1.0,1,1.0,1,0.14385004467403856,44
1607,3,2195,1106,1089,0,0,0,1.0,1,1.0,1,1.0,1,0.10330658673720815,42
1608,0,2195,1106,1089,0,0,0,1.0,1,1.0,1,1.0,1,0.10314726910885098,41
1609,0,2195,1106,1089,0,0,0,1.0,1,1.0,1,1.0,1,0.06045855303554791,39
1610,0,2195,1106,1089,0,0,0,1.0,1,1.0,1,1.0,1,0.017235482249853665,39
1611,0,2195,1106,1089,0,0,0,1.0,1,1.0,1,1.0,1,0.02876404265570524,40
1612,0,2195,1106,1089,0,0,0,1.0,1,1.0,1,1.0,1,0.025338122060471324,39
1613,0,2195,1106,1089,0,0,0,1.0,1,1.0,1,1.0,1,0.027275410926014185,41
1614,2,2197,1108,1089,0,0,0,1.0,1,1.0,1,1.0,1,0.03207197149964138,41
1615,1,2198,1109,1089,0,0,0,1.0,1,1.0,1,1.0,1,0.038197768140047376,41
1616,1,2199,1110,1089,0,0,0,1.0,1,1.0,1,1.0,1,0.03657073037948266,43
1617,1,2200,1111,1089,0,0,0,1.0,1,1.0,1,1.0,1,0.06976397381568974,44
1618,0,2200,1111,1089,0,0,0,1.0,1,1.0,1,1.0,1,0.06976397381568974,44
1619,3,2203,1113,1090,0,0,0,1.0,1,1.0,1,1.0,1,0.11431835495030511,44
1620,1,2204,1114,1090,0,0,0,1.0,1,1.0,1,1.0,1,0.11252028221952524,45
1621,1,2205,1114,1091,0,0,0,1.0,1,1.0,1,1.0,1,0.09526729985293778,44
1622,1,2206,1115,1091,0,0,0,1.0,1,1.0,1,1.0,1,0.12687072081240308,44
1623,1,2207,1115,1092,0,0,0,1.0,1,1.0,1,1.0,1,0.13395612837881749,43
1624,1,2208,1116,1092,0,0,0,1.0,1,1.0,1,1.0,1,0.1095791393075097,43
1625,2,2210,1118,1092,0,0,0,1.0,1,1.0,1,1.0,1,0.12320162751605031,43
1626,2,2212,1118,1094,0,0,0,1.0,1,1.0,1,1.0,1,0.10817396036761781,42
1627,1,2213,1119,1094,0,0,0,1.0,1,1.0,1,1.0,1,0.1017445424736288,42
1628,0,2213,1119,1094,0,0,0,1.0,1,1.0,1,1.0,1,0.1159772215622364,42
1629,1,2214,1120,1094,0,0,0,1.0,1,1.0,1,1.0,1,0.1182947209808741,41
1630,1,2215,1121,1094,0,0,0,1.0,1,1.0,1,1.0,1,0.12474182103589951,41
1631,3,2218,1121,1097,0,0,0,1.0,1,1.0,1,1.0,1,0.08189146625690863,40
1632,0,2218,1121,1097,0,0,0,1.0,1,1.0,1,1.0,1,0.0956449049547683,39
1633,0,2218,1121,1097,0,0,0,1.0,1,1.0,1,1.0,1,0.0956449049547683,39
1634,0,2218,1121,1097,0,0,0,1.0,1,1.0,1,1.0,1,0.0956449049547683,39
1635,0,2218,1121,1097,0,0,0,1.0,1,1.0,1,1.0,1,0.11764319494957033,40
1636,1,2219,1121,1098,0,0,0,1.0,1,1.0,1,1.0,1,0.12282729718954731,41
1637,1,2220,1121,1099,0,0,0,1.0,1,1.0,1,1.0,1,0.126613842503949,41
1638,4,2224,1122,1102,0,0,0,1.0,1,1.0,1,1.0,1,0.09232536259986222,42
1639,1,2225,1123,1102,0,0,0,1.0,1,1.0,1,1.0,1,0.07414254009305268,43
1640,1,2226,1124,1102,0,0,0,1.0,1,1.0,1,1.0,1,0.06561595229969293,43
1641,1,2227,1125,1102,0,0,0,1.0,1,1.0,1,1.0,1,0.05100798325962506,44
1642,6,2233,1129,1104,0,0,0,1.0,1,1.0,1,1.0,1,0.09820849368523643,45
1643,1,2234,1130,1104,0,0,0,1.0,1,1.0,1,1.0,1,0.1275593825073199,44
1644,2,2236,1131,1105,0,0,0,1.0,1,1.0,1,1.0,1,0.10920648145065841,45
1645,0,2236,1131,1105,0,0,0,1.0,1,1.0,1,1.0,1,0.09607340556538674,44
1646,1,2237,1131,1106,0,0,0,1.0,1,1.0,1,1.0,1,0.06705502821196156,43
1647,1,2238,1132,1106,0,0,0,1.0,1,1.0,1,1.0,1,0.1065965421713783,43
1648,0,2238,1132,1106,0,0,0,1.0,1,1.0,1,1.0,1,0.12738723247701272,42
1649,0,2238,1132,1106,0,0,0,1.0,1,1.0,1,1.0,1,0.153113270509203,41
1650,0,2238,1132,1106,0,0,0,1.0,1,1.0,1,1.0,1,0.153113270509203,41
1651,1,2239,1132,1107,0,0,0,1.0,1,1.0,1,1.0,1,0.1187953342336026,40
1652,1,2240,1132,1108,0,0,0,1.0,1,1.0,1,1.0,1,0.07689309486679244,39
1653,1,2241,1132,1109,0,0,0,1.0,1,1.0,1,1.0,1,0.08021638649640259,39
1654,1,2242,1132,1110,0,0,0,1.0,1,1.0,1,1.0,1,0.03550171621601029,39
1655,2,2244,1134,1110,0,0,0,1.0,1,1.0,1,1.0,1,0.07979393949939426,40
1656,3,2247,1135,1112,0,0,0,1.0,1,1.0,1,1.0,1,0.10610686886064577,40
1657,0,2247,1135,1112,0,0,0,1.0,1,1.0,1,1.0,1,0.10610686886064577,40
1658,1,2248,1136,1112,0,0,0,1.0,1,1.0,1,1.0,1,0.09170183342753946,40
1659,3,2251,1139,1112,0,0,0,1.0,1,1.0,1,1.0,1,0.1562884170298799,40
1660,3,2254,1141,1113,0,0,0,1.0,1,1.0,1,1.0,1,0.110767874710002,41
1661,4,2258,1143,1115,0,0,0,1.0,1,1.0,1,1.0,1,0.06785073872117822,42
1662,1,2259,1144,1115,0,0,0,1.0,1,1.0,1,1.0,1,0.02041491685375778,44
1663,1,2260,1145,1115,0,0,0,1.0,1,1.0,1,1.0,1,0.06969133088693338,43
1664,1,2261,1146,1115,0,0,0,1.0,1,1.0,1,1.0,1,0.058807239320099174,42
1665,1,2262,1147,1115,0,0,0,1.0,1,1.0,1,1.0,1,0.0848844794858825,42
1666,3,2265,1150,1115,0,0,0,1.0,1,1.0,1,1.0,1,0.051488603928079565,43
1667,2,2267,1152,1115,0,0,0,1.0,1,1.0,1,1.0,1,0.0659066994303784,40
1668,0,2267,1152,1115,0,0,0,1.0,1,1.0,1,1.0,1,0.0740619740595411,40
1669,3,2270,1155,1115,0,0,0,1.0,1,1.0,1,1.0,1,0.08899005028231295,40
1670,1,2271,1156,1115,0,0,0,1.0,1,1.0,1,1.0,1,0.10076475384446648,39
1671,1,2272,1157,1115,0,0,0,1.0,1,1.0,1,1.0,1,0.11626261078709287,39
1672,2,2274,1159,1115,0,0,0,1.0,1,1.0,1,1.0,1,0.1594908234578741,38
1673,2,2276,1161,1115,0,0,0,1.0,1,1.0,1,1.0,1,0.1877964048739457,38
1674,2,2278,1162,1116,0,0,0,1.0,1,1.0,1,1.0,1,0.17308582382977605,38
1675,0,2278,1162,1116,0,0,0,1.0,1,1.0,1,1.0,1,0.151619888123614,39
1676,1,2279,1162,1117,0,0,0,1.0,1,1.0,1,1.0,1,0.1565388462276758,39
1677,0,2279,1162,1117,0,0,0,1.0,1,1.0,1,1.0,1,0.13932709443313024,40
1678,2,2281,1163,1118,0,0,0,1.0,1,1.0,1,1.0,1,0.16203245238356498,39
1679,0,2281,1163,1118,0,0,0,1.0,1,1.0,1,1.0,1,0.16203245238356498,39
1680,0,2281,1163,1118,0,0,0,1.0,1,1.0,1,1.0,1,0.17130852344840797,40
1681,1,2282,1164,1118,0,0,0,1.0,1,1.0,1,1.0,1,0.16818391843506408,41
1682,2,2284,1164,1120,0,0,0,1.0,1,1.0,1,1.0,1,0.12038222995420968,40
1683,5,2289,1168,1121,0,0,0,1.0,1,1.0,1,1.0,1,0.13442373249707407,43
1684,3,2292,1169,1123,0,0,0,1.0,1,1.0,1,1.0,1,0.13291843986873444,42
1685,3,2295,1171,1124,0,0,0,1.0,1,1.0,1,1.0,1,0.10634361237878873,41
1686,0,2295,1171,1124,0,0,0,1.0,1,1.0,1,1.0,1,0.08543520501505818,39
1687,5,2300,1175,1125,0,0,0,1.0,1,1.0,1,1.0,1,0.1376788754804438,41
1688,1,2301,1175,1126,0,0,0,1.0,1,1.0,1,1.0,1,0.11520722268077374,39
1689,3,2304,1178,1126,0,0,0,1.0,1,1.0,1,1.0,1,0.10369555778169945,37
1690,0,2304,1178,1126,0,0,0,1.0,1,1.0,1,1.0,1,0.11447142854217347,36
1691,3,2307,1179,1128,0,0,0,1.0,1,1.0,1,1.0,1,0.11504209475417942,36
1692,0,2307,1179,1128,0,0,0,1.0,1,1.0,1,1.0,1,0.11369089923092802,34
1693,1,2308,1180,1128,0,0,0,1.0,1,1.0,1,1.0,1,0.08493305056684165,33
1694,0,2308,1180,1128,0,0,0,1.0,1,1.0,1,1.0,1,0.12125196872629801,32
1695,0,2308,1180,1128,0,0,0,1.0,1,1.0,1,1.0,1,0.11368862983777887,32
1696,2,2310,1181,1129,0,0,0,1.0,1,1.0,1,1.0,1,0.12379558599088249,34
1697,1,2311,1182,1129,0,0,0,1.0,1,1.0,1,1.0,1,0.15729670545292407,34
1698,3,2314,1184,1130,0,0,0,1.0,1,1.0,1,1.0,1,0.16812598089302613,36
1699,3,2317,1186,1131,0,0,0,1.0,1,1.0,1,1.0,1,0.1960715932819148,36
1700,1,2318,1186,1132,0,0,0,1.0,1,1.0,1,1.0,1,0.18321610270346939,37
1701,1,2319,1186,1133,0,0,0,1.0,1,1.0,1,1.0,1,0.14426366653109007,39
1702,1,2320,1187,1133,0,0,0,1.0,1,1.0,1,1.0,1,0.1582276140274629,39
1703,1,2321,1188,1133,0,0,0,1.0,1,1.0,1,1.0,1,0.17098627346229092,38
1704,0,2321,1188,1133,0,0,0,1.0,1,1.0,1,1.0,1,0.13331731412620168,38
1705,2,2323,1189,1134,0,0,0,1.0,1,1.0,1,1.0,1,0.12854597362590317,37
1706,3,2326,1190,1136,0,0,0,1.0,1,1.0,1,1.0,1,0.08277337257438824,37
1707,2,2328,1191,1137,0,0,0,1.0,1,1.0,1,1.0,1,0.08938276305992339,36
1708,0,2328,1191,1137,0,0,0,1.0,1,1.0,1,1.0,1,0.13275850493577027,34
1709,0,2328,1191,1137,0,0,0,1.0,1,1.0,1,1.0,1,0.13275850493577027,34
1710,4,2332,1194,1138,0,0,0,1.0,1,1.0,1,1.0,1,0.26209810327454547,33
1711,3,2335,1194,1141,0,0,0,1.0,1,1.0,1,1.0,1,0.16019009529303,32
1712,1,2336,1195,1141,0,0,0,1.0,1,1.0,1,1.0,1,0.20527649069555312,31
1713,0,2336,1195,1141,0,0,0,1.0,1,1.0,1,1.0,1,0.2069877269023932,32
1714,0,2336,1195,1141,0,0,0,1.0,1,1.0,1,1.0,1,0.2069877269023932,32
1715,0,2336,1195,1141,0,0,0,1.0,1,1.0,1,1.0,1,0.2069877269023932,32
1716,4,2340,1196,1144,0,0,0,1.0,1,1.0,1,1.0,1,0.12748579901553542,34
1717,0,2340,1196,1144,0,0,0,1.0,1,1.0,1,1.0,1,0.12748579901553542,34
1718,1,2341,1196,1145,0,0,0,1.0,1,1.0,1,1.0,1,0.1129390716095192,34
1719,1,2342,1197,1145,0,0,0,1.0,1,1.0,1,1.0,1,0.15820950648931922,34
1720,3,2345,1198,1147,0,0,0,1.0,1,1.0,1,1.0,1,0.14601693051714915,34
1721,4,2349,1199,1150,0,0,0,1.0,1,1.0,1,1.0,1,0.13366070783947706,35
1722,1,2350,1199,1151,0,0,0,1.0,1,1.0,1,1.0,1,0.09184670561904065,35
1723,0,2350,1199,1151,0,0,0,1.0,1,1.0,1,1.0,1,0.0738508228418794,34
1724,0,2350,1199,1151,0,0,0,1.0,1,1.0,1,1.0,1,0.06236981405633519,33
1725,1,2351,1200,1151,0,0,0,1.0,1,1.0,1,1.0,1,0.03863539630918528,35
1726,1,2352,1200,1152,0,0,0,1.0,1,1.0,1,1.0,1,0.041259249406934505,34
1727,0,2352,1200,1152,0,0,0,1.0,1,1.0,1,1.0,1,0.041259249406934505,34
1728,1,2353,1201,1152,0,0,0,1.0,1,1.0,1,1.0,1,0.05491304115327406,35
1729,1,2354,1202,1152,0,0,0,1.0,1,1.0,1,1.0,1,0.04625238571865052,35
1730,0,2354,1202,1152,0,0,0,1.0,1,1.0,1,1.0,1,0.04625238571865052,35
1731,1,2355,1203,1152,0,0,0,1.0,1,1.0,1,1.0,1,0.09519351078968735,35
1732,0,2355,1203,1152,0,0,0,1.0,1,1.0,1,1.0,1,0.09519351078968735,35
1733,0,2355,1203,1152,0,0,0,1.0,1,1.0,1,1.0,1,0.10940741322471596,33
1734,1,2356,1204,1152,0,0,0,1.0,1,1.0,1,1.0,1,0.11548357348527696,34
1735,0,2356,1204,1152,0,0,0,1.0,1,1.0,1,1.0,1,0.14373701884433182,33
1736,2,2358,1206,1152,0,0,0,1.0,1,1.0,1,1.0,1,0.1517548989701643,33
1737,0,2358,1206,1152,0,0,0,1.0,1,1.0,1,1.0,1,0.13974231227973785,35
1738,1,2359,1207,1152,0,0,0,1.0,1,1.0,1,1.0,1,0.12027798760942257,36
1739,3,2362,1209,1153,0,0,0,1.0,1,1.0,1,1.0,1,0.08004775289515971,36
1740,1,2363,1210,1153,0,0,0,1.0,1,1.0,1,1.0,1,0.09385795631046319,37
1741,0,2363,1210,1153,0,0,0,1.0,1,1.0,1,1.0,1,0.09049558322304932,36
1742,1,2364,1211,1153,0,0,0,1.0,1,1.0,1,1.0,1,0.06780143186732926,36
1743,2,2366,1213,1153,0,0,0,1.0,1,1.0,1,1.0,1,0.13711329742205608,37
1744,1,2367,1213,1154,0,0,0,1.0,1,1.0,1,1.0,1,0.1301760682068526,37
1745,5,2372,1217,1155,0,0,0,1.0,1,1.0,1,1.0,1,0.2540965428148856,38
1746,3,2375,1217,1158,0,0,0,1.0,1,1.0,1,1.0,1,0.2213868664505328,38
1747,3,2378,1218,1160,0,0,0,1.0,1,1.0,1,1.0,1,0.22293360721250136,37
1748,1,2379,1219,1160,0,0,0,1.0,1,1.0,1,1.0,1,0.20950682645992907,38
1749,2,2381,1219,1162,0,0,0,1.0,1,1.0,1,1.0,1,0.19915053129481683,38
1750,0,2381,1219,1162,0,0,0,1.0,1,1.0,1,1.0,1,0.2137436671296838,39
1751,3,2384,1219,1165,0,0,0,1.0,1,1.0,1,1.0,1,0.1598218859187176,41
1752,1,2385,1220,1165,0,0,0,1.0,1,1.0,1,1.0,1,0.1566189571676386,41
1753,0,2385,1220,1165,0,0,0,1.0,1,1.0,1,1.0,1,0.16759784539746053,41
1754,1,2386,1220,1166,0,0,0,1.0,1,1.0,1,1.0,1,0.15125895324869187,40
1755,0,2386,1220,1166,0,0,0,1.0,1,1.0,1,1.0,1,0.15309954932889913,41
1756,3,2389,1220,1169,0,0,0,1.0,1,1.0,1,1.0,1,0.15417520736654391,41
1757,0,2389,1220,1169,0,0,0,1.0,1,1.0,1,1.0,1,0.1704875397734574,40
1758,1,2390,1220,1170,0,0,0,1.0,1,1.0,1,1.0,1,0.14775557568320374,41
1759,1,2391,1221,1170,0,0,0,1.0,1,1.0,1,1.0,1,0.18335557585165313,38
1760,0,2391,1221,1170,0,0,0,1.0,1,1.0,1,1.0,1,0.18335557585165313,38
1761,4,2395,1223,1172,0,0,0,1.0,1,1.0,1,1.0,1,0.17520218581048197,37
1762,2,2397,1224,1173,0,0,0,1.0,1,1.0,1,1.0,1,0.16550088533878052,37
1763,3,2400,1226,1174,0,0,0,1.0,1,1.0,1,1.0,1,0.15425878959467118,37
1764,2,2402,1227,1175,0,0,0,1.0,1,1.0,1,1.0,1,0.17675236539842146,36
1765,4,2406,1230,1176,0,0,0,1.0,1,1.0,1,1.0,1,0.212488780320718,36
1766,3,2409,1231,1178,0,0,0,1.0,1,1.0,1,1.0,1,0.17954916623891123,37
1767,3,2412,1232,1180,0,0,0,1.0,1,1.0,1,1.0,1,0.1871479437160737,37
1768,0,2412,1232,1180,0,0,0,1.0,1,1.0,1,1.0,1,0.1418882109628604,37
1769,1,2413,1233,1180,0,0,0,1.0,1,1.0,1,1.0,1,0.12893016409246338,38
1770,0,2413,1233,1180,0,0,0,1.0,1,1.0,1,1.0,1,0.14564492599040318,39
1771,1,2414,1233,1181,0,0,0,1.0,1,1.0,1,1.0,1,0.12364696326571228,39
1772,1,2415,1234,1181,0,0,0,1.0,1,1.0,1,1.0,1,0.13646234297846366,39
1773,2,2417,1235,1182,0,0,0,1.0,1,1.0,1,1.0,1,0.1038096809772349,41
1774,1,2418,1236,1182,0,0,0,1.0,1,1.0,1,1.0,1,0.13017049493730143,41
1775,0,2418,1236,1182,0,0,0,1.0,1,1.0,1,1.0,1,0.13385594158337363,42
1776,2,2420,1237,1183,0,0,0,1.0,1,1.0,1,1.0,1,0.13390754438990743,43
1777,1,2421,1237,1184,0,0,0,1.0,1,1.0,1,1.0,1,0.10993534310077682,43
1778,0,2421,1237,1184,0,0,0,1.0,1,1.0,1,1.0,1,0.12481814084914011,44
1779,1,2422,1237,1185,0,0,0,1.0,1,1.0,1,1.0,1,0.11388453330895483,46
1780,0,2422,1237,1185,0,0,0,1.0,1,1.0,1,1.0,1,0.11388453330895483,46
1781,1,2423,1237,1186,0,0,0,1.0,1,1.0,1,1.0,1,0.10449361933722191,46
1782,0,2423,1237,1186,0,0,0,1.0,1,1.0,1,1.0,1,0.1118728453557346,46
1783,0,2423,1237,1186,0,0,0,1.0,1,1.0,1,1.0,1,0.12829105680254993,44
1784,0,2423,1237,1186,0,0,0,1.0,1,1.0,1,1.0,1,0.11482031152424428,45
1785,1,2424,1238,1186,0,0,0,1.0,1,1.0,1,1.0,1,0.14271163584786795,42
1786,2,2426,1240,1186,0,0,0,1.0,1,1.0,1,1.0,1,0.13031820555796245,43
1787,1,2427,1241,1186,0,0,0,1.0,1,1.0,1,1.0,1,0.14924848228314275,41
1788,2,2429,1242,1187,0,0,0,1.0,1,1.0,1,1.0,1,0.1747614034498855,41
1789,0,2429,1242,1187,0,0,0,1.0,1,1.0,1,1.0,1,0.18695512360233874,41
1790,4,2433,1246,1187,0,0,0,1.0,1,1.0,1,1.0,1,0.16450333796196145,41
1791,3,2436,1248,1188,0,0,0,1.0,1,1.0,1,1.0,1,0.13557728748166664,40
1792,3,2439,1251,1188,0,0,0,1.0,1,1.0,1,1.0,1,0.11735542749555931,40
1793,2,2441,1252,1189,0,0,0,1.0,1,1.0,1,1.0,1,0.10114318555917755,41
1794,0,2441,1252,1189,0,0,0,1.0,1,1.0,1,1.0,1,0.10114318555917755,41
1795,4,2445,1256,1189,0,0,0,1.0,1,1.0,1,1.0,1,0.20552277459242815,40
1796,5,2450,1257,1193,0,0,0,1.0,1,1.0,1,1.0,1,0.10275162619672858,40
1797,1,2451,1258,1193,0,0,0,1.0,1,1.0,1,1.0,1,0.12411320047207733,37
1798,1,2452,1259,1193,0,0,0,1.0,1,1.0,1,1.0,1,0.15637245098998806,37
1799,0,2452,1259,1193,0,0,0,1.0,1,1.0,1,1.0,1,0.14123336405852038,36
1800,0,2452,1259,1193,0,0,0,1.0,1,1.0,1,1.0,1,0.14123336405852038,36
1801,1,2453,1259,1194,0,0,0,1.0,1,1.0,1,1.0,1,0.0923037987741655,34
1802,1,2454,1260,1194,0,0,0,1.0,1,1.0,1,1.0,1,0.0752482989419019,33
1803,2,2456,1262,1194,0,0,0,1.0,1,1.0,1,1.0,1,0.09634712783859604,33
1804,1,2457,1263,1194,0,0,0,1.0,1,1.0,1,1.0,1,0.13895475216636602,33
1805,2,2459,1265,1194,0,0,0,1.0,1,1.0,1,1.0,1,0.15945161835266128,35
1806,2,2461,1266,1195,0,0,0,1.0,1,1.0,1,1.0,1,0.15249223600510117,35
1807,2,2463,1266,1197,0,0,0,1.0,1,1.0,1,1.0,1,0.07111112225549966,35
1808,0,2463,1266,1197,0,0,0,1.0,1,1.0,1,1.0,1,0.036713293123969676,36
1809,0,2463,1266,1197,0,0,0,1.0,1,1.0,1,1.0,1,0.034656395621539854,36
1810,3,2466,1268,1198,0,0,0,1.0,1,1.0,1,1.0,1,0.11262705244308382,35
1811,4,2470,1269,1201,0,0,0,1.0,1,1.0,1,1.0,1,0.15235732466614643,36
1812,0,2470,1269,1201,0,0,0,1.0,1,1.0,1,1.0,1,0.14017028579026,36
1813,1,2471,1269,1202,0,0,0,1.0,1,1.0,1,1.0,1,0.10782885503148495,36
1814,0,2471,1269,1202,0,0,0,1.0,1,1.0,1,1.0,1,0.11453984564004757,34
1815,0,2471,1269,1202,0,0,0,1.0,1,1.0,1,1.0,1,0.1172370987442739,35
1816,0,2471,1269,1202,0,0,0,1.0,1,1.0,1,1.0,1,0.1258904260839799,34
1817,1,2472,1270,1202,0,0,0,1.0,1,1.0,1,1.0,1,0.09820691746514222,34
1818,0,2472,1270,1202,0,0,0,1.0,1,1.0,1,1.0,1,0.09820691746514222,34
1819,3,2475,1272,1203,0,0,0,1.0,1,1.0,1,1.0,1,0.06812258834182057,35
1820,0,2475,1272,1203,0,0,0,1.0,1,1.0,1,1.0,1,0.047753595528536426,36
1821,0,2475,1272,1203,0,0,0,1.0,1,1.0,1,1.0,1,0.047753595528536426,36
1822,1,2476,1273,1203,0,0,0,1.0,1,1.0,1,1.0,1,0.03603568841418553,37
1823,1,2477,1274,1203,0,0,0,1.0,1,1.0,1,1.0,1,0.10213889821232232,38
1824,1,2478,1275,1203,0,0,0,1.0,1,1.0,1,1.0,1,0.1010486137833985,37
1825,2,2480,1277,1203,0,0,0,1.0,1,1.0,1,1.0,1,0.12204762613622837,36
1826,1,2481,1278,1203,0,0,0,1.0,1,1.0,1,1.0,1,0.12796057002069128,35
1827,2,2483,1279,1204,0,0,0,1.0,1,1.0,1,1.0,1,0.11919337499877262,35
1828,0,2483,1279,1204,0,0,0,1.0,1,1.0,1,1.0,1,0.14554024679104863,33
1829,1,2484,1279,1205,0,0,0,1.0,1,1.0,1,1.0,1,0.13549217635839347,32
1830,1,2485,1280,1205,0,0,0,1.0,1,1.0,1,1.0,1,0.1484308548351785,32
1831,4,2489,1281,1208,0,0,0,1.0,1,1.0,1,1.0,1,0.15708037597850658,30
1832,0,2489,1281,1208,0,0,0,1.0,1,1.0,1,1.0,1,0.15708037597850658,30
1833,4,2493,1283,1210,0,0,0,1.0,1,1.0,1,1.0,1,0.2254131671800225,29
1834,1,2494,1283,1211,0,0,0,1.0,1,1.0,1,1.0,1,0.157129102270404,28
1835,2,2496,1285,1211,0,0,0,1.0,1,1.0,1,1.0,1,0.22064713082817924,28
1836,3,2499,1285,1214,0,0,0,1.0,1,1.0,1,1.0,1,0.16478892726247724,29
1837,2,2501,1286,1215,0,0,0,1.0,1,1.0,1,1.0,1,0.17401870913531822,28
1838,0,2501,1286,1215,0,0,0,1.0,1,1.0,1,1.0,1,0.13559141111076217,28
1839,0,2501,1286,1215,0,0,0,1.0,1,1.0,1,1.0,1,0.14857503716857598,27
1840,0,2501,1286,1215,0,0,0,1.0,1,1.0,1,1.0,1,0.2178476267325704,26
1841,1,2502,1286,1216,0,0,0,1.0,1,1.0,1,1.0,1,0.19851736781555634,25
1842,2,2504,1287,1217,0,0,0,1.0,1,1.0,1,1.0,1,0.13014813369983658,26
1843,0,2504,1287,1217,0,0,0,1.0,1,1.0,1,1.0,1,0.13014813369983658,26
1844,0,2504,1287,1217,0,0,0,1.0,1,1.0,1,1.0,1,0.13014813369983658,26
1845,0,2504,1287,1217,0,0,0,1.0,1,1.0,1,1.0,1,0.13014813369983658,26
1846,3,2507,1289,1218,0,0,0,1.0,1,1.0,1,1.0,1,0.11622282873108022,26
1847,1,2508,1289,1219,0,0,0,1.0,1,1.0,1,1.0,1,0.08149478933295803,26
1848,0,2508,1289,1219,0,0,0,1.0,1,1.0,1,1.0,1,0.07929674099285629,27
1849,0,2508,1289,1219,0,0,0,1.0,1,1.0,1,1.0,1,0.07929674099285629,27
1850,0,2508,1289,1219,0,0,0,1.0,1,1.0,1,1.0,1,0.08536974142653429,28
1851,0,2508,1289,1219,0,0,0,1.0,1,1.0,1,1.0,1,0.08536974142653429,28
1852,0,2508,1289,1219,0,0,0,1.0,1,1.0,1,1.0,1,0.08536974142653429,28
1853,0,2508,1289,1219,0,0,0,1.0,1,1.0,1,1.0,1,0.11577090587395432,27
1854,1,2509,1289,1220,0,0,0,1.0,1,1.0,1,1.0,1,0.11845305059538257,28
1855,0,2509,1289,1220,0,0,0,1.0,1,1.0,1,1.0,1,0.11845305059538257,28
1856,4,2513,1291,1222,0,0,0,1.0,1,1.0,1,1.0,1,0.15292745573889646,30
1857,1,2514,1291,1223,0,0,0,1.0,1,1.0,1,1.0,1,0.13402408599098936,31
1858,2,2516,1293,1223,0,0,0,1.0,1,1.0,1,1.0,1,0.23038615869469642,31
1859,1,2517,1293,1224,0,0,0,1.0,1,1.0,1,1.0,1,0.21534609861980947,31
1860,2,2519,1293,1226,0,0,0,1.0,1,1.0,1,1.0,1,0.2127860996874069,31
1861,1,2520,1293,1227,0,0,0,1.0,1,1.0,1,1.0,1,0.18723214208227554,31
1862,0,2520,1293,1227,0,0,0,1.0,1,1.0,1,1.0,1,0.18723214208227554,31
1863,0,2520,1293,1227,0,0,0,1.0,1,1.0,1,1.0,1,0.2012117511034337,31
1864,2,2522,1295,1227,0,0,0,1.0,1,1.0,1,1.0,1,0.16972982780846055,30
1865,1,2523,1296,1227,0,0,0,1.0,1,1.0,1,1.0,1,0.16862826270916123,27
1866,3,2526,1297,1229,0,0,0,1.0,1,1.0,1,1.0,1,0.12299774573969695,28
1867,0,2526,1297,1229,0,0,0,1.0,1,1.0,1,1.0,1,0.1554622931251024,26
1868,1,2527,1298,1229,0,0,0,1.0,1,1.0,1,1.0,1,0.19416294498696704,26
1869,0,2527,1298,1229,0,0,0,1.0,1,1.0,1,1.0,1,0.20811810806019965,25
1870,1,2528,1299,1229,0,0,0,1.0,1,1.0,1,1.0,1,0.17077991642159274,25
1871,2,2530,1300,1230,0,0,0,1.0,1,1.0,1,1.0,1,0.13720425787558302,26
1872,0,2530,1300,1230,0,0,0,1.0,1,1.0,1,1.0,1,0.12080212663364796,25
1873,0,2530,1300,1230,0,0,0,1.0,1,1.0,1,1.0,1,0.13605164204900497,23
1874,1,2531,1301,1230,0,0,0,1.0,1,1.0,1,1.0,1,0.14880122807281965,23
1875,0,2531,1301,1230,0,0,0,1.0,1,1.0,1,1.0,1,0.21762737163168583,21
1876,3,2534,1302,1232,0,0,0,1.0,1,1.0,1,1.0,1,0.1450435115885283,24
1877,0,2534,1302,1232,0,0,0,1.0,1,1.0,1,1.0,1,0.1450435115885283,24
1878,1,2535,1303,1232,0,0,0,1.0,1,1.0,1,1.0,1,0.11223283098765999,26
1879,0,2535,1303,1232,0,0,0,1.0,1,1.0,1,1.0,1,0.11223283098765999,26
1880,0,2535,1303,1232,0,0,0,1.0,1,1.0,1,1.0,1,0.11223283098765999,26
1881,0,2535,1303,1232,0,0,0,1.0,1,1.0,1,1.0,1,0.11223283098765999,26
1882,0,2535,1303,1232,0,0,0,1.0,1,1.0,1,1.0,1,0.13613463360906938,25
1883,0,2535,1303,1232,0,0,0,1.0,1,1.0,1,1.0,1,0.13613463360906938,25
1884,0,2535,1303,1232,0,0,0,1.0,1,1.0,1,1.0,1,0.13613463360906938,25
1885,0,2535,1303,1232,0,0,0,1.0,1,1.0,1,1.0,1,0.13613463360906938,25
1886,0,2535,1303,1232,0,0,0,1.0,1,1.0,1,1.0,1,0.0896013930852914,26
1887,0,2535,1303,1232,0,0,0,1.0,1,1.0,1,1.0,1,0.0896013930852914,26
1888,2,2537,1305,1232,0,0,0,1.0,1,1.0,1,1.0,1,0.1019118346704418,27
1889,0,2537,1305,1232,0,0,0,1.0,1,1.0,1,1.0,1,0.13091127842685754,28
1890,0,2537,1305,1232,0,0,0,1.0,1,1.0,1,1.0,1,0.13091127842685754,28
1891,2,2539,1305,1234,0,0,0,1.0,1,1.0,1,1.0,1,0.11339934335810907,29
1892,0,2539,1305,1234,0,0,0,1.0,1,1.0,1,1.0,1,0.11339934335810907,29
1893,0,2539,1305,1234,0,0,0,1.0,1,1.0,1,1.0,1,0.11339934335810907,29
1894,0,2539,1305,1234,0,0,0,1.0,1,1.0,1,1.0,1,0.11339934335810907,29
1895,1,2540,1305,1235,0,0,0,1.0,1,1.0,1,1.0,1,0.10686995420462402,31
1896,1,2541,1306,1235,0,0,0,1.0,1,1.0,1,1.0,1,0.11920798633217171,31
1897,0,2541,1306,1235,0,0,0,1.0,1,1.0,1,1.0,1,0.11920798633217171,31
1898,0,2541,1306,1235,0,0,0,1.0,1,1.0,1,1.0,1,0.11920798633217171,31
1899,0,2541,1306,1235,0,0,0,1.0,1,1.0,1,1.0,1,0.10651532887875226,32
1900,0,2541,1306,1235,0,0,0,1.0,1,1.0,1,1.0,1,0.10651532887875226,32
1901,1,2542,1306,1236,0,0,0,1.0,1,1.0,1,1.0,1,0.08359117021174547,32
1902,1,2543,1307,1236,0,0,0,1.0,1,1.0,1,1.0,1,0.10592700550438171,32
1903,0,2543,1307,1236,0,0,0,1.0,1,1.0,1,1.0,1,0.10592700550438171,32
1904,0,2543,1307,1236,0,0,0,1.0,1,1.0,1,1.0,1,0.071852780016617,34
1905,0,2543,1307,1236,0,0,0,1.0,1,1.0,1,1.0,1,0.071852780016617,34
1906,0,2543,1307,1236,0,0,0,1.0,1,1.0,1,1.0,1,0.08501372445434337,35
1907,0,2543,1307,1236,0,0,0,1.0,1,1.0,1,1.0,1,0.08216544939113318,36
1908,0,2543,1307,1236,0,0,0,1.0,1,1.0,1,1.0,1,0.08216544939113318,36
1909,0,2543,1307,1236,0,0,0,1.0,1,1.0,1,1.0,1,0.08476969925842996,37
1910,1,2544,1307,1237,0,0,0,1.0,1,1.0,1,1.0,1,0.05668454833272962,38
1911,0,2544,1307,1237,0,0,0,1.0,1,1.0,1,1.0,1,0.051065966123197984,37
1912,2,2546,1309,1237,0,0,0,1.0,1,1.0,1,1.0,1,0.05873352218011683,37
1913,0,2546,1309,1237,0,0,0,1.0,1,1.0,1,1.0,1,0.07452584359036604,36
1914,5,2551,1312,1239,0,0,0,1.0,1,1.0,1,1.0,1,0.07709913645623294,37
1915,1,2552,1313,1239,0,0,0,1.0,1,1.0,1,1.0,1,0.06772064889705616,37
1916,1,2553,1314,1239,0,0,0,1.0,1,1.0,1,1.0,1,0.11428361652629244,39
1917,3,2556,1316,1240,0,0,0,1.0,1,1.0,1,1.0,1,0.19967857137698614,38
1918,6,2562,1318,1244,0,0,0,1.0,1,1.0,1,1.0,1,0.18452679668856248,38
1919,0,2562,1318,1244,0,0,0,1.0,1,1.0,1,1.0,1,0.2193092549583414,38
1920,1,2563,1319,1244,0,0,0,1.0,1,1.0,1,1.0,1,0.2360191840501736,39
1921,2,2565,1319,1246,0,0,0,1.0,1,1.0,1,1.0,1,0.19050431544317334,38
1922,2,2567,1320,1247,0,0,0,1.0,1,1.0,1,1.0,1,0.17933451396179312,39
1923,2,2569,1322,1247,0,0,0,1.0,1,1.0,1,1.0,1,0.1917634267162901,40
1924,1,2570,1322,1248,0,0,0,1.0,1,1.0,1,1.0,1,0.16174495801282182,40
1925,0,2570,1322,1248,0,0,0,1.0,1,1.0,1,1.0,1,0.12715785479887912,40
1926,3,2573,1323,1250,0,0,0,1.0,1,1.0,1,1.0,1,0.07556297796387394,40
1927,0,2573,1323,1250,0,0,0,1.0,1,1.0,1,1.0,1,0.08096860317057317,41
1928,1,2574,1324,1250,0,0,0,1.0,1,1.0,1,1.0,1,0.06568525543920137,41
1929,1,2575,1325,1250,0,0,0,1.0,1,1.0,1,1.0,1,0.09606431162130533,40
1930,1,2576,1326,1250,0,0,0,1.0,1,1.0,1,1.0,1,0.11389920827170222,40
1931,1,2577,1326,1251,0,0,0,1.0,1,1.0,1,1.0,1,0.0736606130768735,40
1932,0,2577,1326,1251,0,0,0,1.0,1,1.0,1,1.0,1,0.0736606130768735,40
1933,0,2577,1326,1251,0,0,0,1.0,1,1.0,1,1.0,1,0.09159744030759107,42
1934,1,2578,1326,1252,0,0,0,1.0,1,1.0,1,1.0,1,0.07048211154983623,44
1935,1,2579,1326,1253,0,0,0,1.0,1,1.0,1,1.0,1,0.06185683805355661,44
1936,3,2582,1327,1255,0,0,0,1.0,1,1.0,1,1.0,1,0.0694041769667853,46
1937,1,2583,1328,1255,0,0,0,1.0,1,1.0,1,1.0,1,0.05239160405651919,47
1938,1,2584,1328,1256,0,0,0,1.0,1,1.0,1,1.0,1,0.03626344080445271,47
1939,1,2585,1329,1256,0,0,0,1.0,1,1.0,1,1.0,1,0.03678384960247325,47
1940,0,2585,1329,1256,0,0,0,1.0,1,1.0,1,1.0,1,0.03678384960247325,47
1941,2,2587,1331,1256,0,0,0,1.0,1,1.0,1,1.0,1,0.06928895554133677,47
1942,2,2589,1332,1257,0,0,0,1.0,1,1.0,1,1.0,1,0.05590656669463762,49
1943,2,2591,1333,1258,0,0,0,1.0,1,1.0,1,1.0,1,0.07389345061534183,47
1944,0,2591,1333,1258,0,0,0,1.0,1,1.0,1,1.0,1,0.07389345061534183,47
1945,1,2592,1334,1258,0,0,0,1.0,1,1.0,1,1.0,1,0.138036593227587,45
1946,2,2594,1334,1260,0,0,0,1.0,1,1.0,1,1.0,1,0.11041007933886338,45
1947,6,2600,1337,1263,0,0,0,1.0,1,1.0,1,1.0,1,0.1480519672343588,45
1948,2,2602,1337,1265,0,0,0,1.0,1,1.0,1,1.0,1,0.14177913227455982,45
1949,2,2604,1339,1265,0,0,0,1.0,1,1.0,1,1.0,1,0.1809805915789999,42
1950,0,2604,1339,1265,0,0,0,1.0,1,1.0,1,1.0,1,0.16950196464310413,42
1951,2,2606,1339,1267,0,0,0,1.0,1,1.0,1,1.0,1,0.14862101662078345,38
1952,3,2609,1340,1269,0,0,0,1.0,1,1.0,1,1.0,1,0.1080985291430335,36
1953,1,2610,1340,1270,0,0,0,1.0,1,1.0,1,1.0,1,0.10852986515360438,35
1954,0,2610,1340,1270,0,0,0,1.0,1,1.0,1,1.0,1,0.14842607935098115,32
1955,0,2610,1340,1270,0,0,0,1.0,1,1.0,1,1.0,1,0.13175133947416617,33
1956,5,2615,1342,1273,0,0,0,1.0,1,1.0,1,1.0,1,0.09233897093612366,31
1957,0,2615,1342,1273,0,0,0,1.0,1,1.0,1,1.0,1,0.08689180162861972,33
1958,3,2618,1344,1274,0,0,0,1.0,1,1.0,1,1.0,1,0.12770902033588832,34
1959,0,2618,1344,1274,0,0,0,1.0,1,1.0,1,1.0,1,0.10122802462820345,35
1960,2,2620,1346,1274,0,0,0,1.0,1,1.0,1,1.0,1,0.1194096938197211,36
1961,2,2622,1347,1275,0,0,0,1.0,1,1.0,1,1.0,1,0.1266943697538416,36
1962,0,2622,1347,1275,0,0,0,1.0,1,1.0,1,1.0,1,0.10458625448068999,35
1963,0,2622,1347,1275,0,0,0,1.0,1,1.0,1,1.0,1,0.11992303824693516,36
1964,2,2624,1349,1275,0,0,0,1.0,1,1.0,1,1.0,1,0.12928408306984118,35
1965,1,2625,1350,1275,0,0,0,1.0,1,1.0,1,1.0,1,0.10191714827327762,36
1966,4,2629,1352,1277,0,0,0,1.0,1,1.0,1,1.0,1,0.0763289066861893,36
1967,1,2630,1353,1277,0,0,0,1.0,1,1.0,1,1.0,1,0.07468288500696182,36
1968,1,2631,1354,1277,0,0,0,1.0,1,1.0,1,1.0,1,0.0961796952613955,37
1969,0,2631,1354,1277,0,0,0,1.0,1,1.0,1,1.0,1,0.0961796952613955,37
1970,1,2632,1355,1277,0,0,0,1.0,1,1.0,1,1.0,1,0.16462283823164775,38
1971,3,2635,1356,1279,0,0,0,1.0,1,1.0,1,1.0,1,0.14087172710628804,37
1972,0,2635,1356,1279,0,0,0,1.0,1,1.0,1,1.0,1,0.14087172710628804,37
1973,1,2636,1357,1279,0,0,0,1.0,1,1.0,1,1.0,1,0.1735488626556895,37
1974,2,2638,1357,1281,0,0,0,1.0,1,1.0,1,1.0,1,0.1183409067148087,38
1975,0,2638,1357,1281,0,0,0,1.0,1,1.0,1,1.0,1,0.1470152615955763,37
1976,3,2641,1357,1284,0,0,0,1.0,1,1.0,1,1.0,1,0.12025927129294438,39
1977,1,2642,1357,1285,0,0,0,1.0,1,1.0,1,1.0,1,0.09385367929674944,42
1978,0,2642,1357,1285,0,0,0,1.0,1,1.0,1,1.0,1,0.09385367929674944,42
1979,0,2642,1357,1285,0,0,0,1.0,1,1.0,1,1.0,1,0.09385367929674944,42
1980,0,2642,1357,1285,0,0,0,1.0,1,1.0,1,1.0,1,0.10655896600664226,43
1981,0,2642,1357,1285,0,0,0,1.0,1,1.0,1,1.0,1,0.11779992195415755,44
1982,3,2645,1359,1286,0,0,0,1.0,1,1.0,1,1.0,1,0.0814099421282383,44
1983,1,2646,1360,1286,0,0,0,1.0,1,1.0,1,1.0,1,0.08599107446205584,44
1984,1,2647,1361,1286,0,0,0,1.0,1,1.0,1,1.0,1,0.1200423903861126,42
1985,0,2647,1361,1286,0,0,0,1.0,1,1.0,1,1.0,1,0.11001934547490509,41
1986,2,2649,1361,1288,0,0,0,1.0,1,1.0,1,1.0,1,0.09428896553272788,40
1987,0,2649,1361,1288,0,0,0,1.0,1,1.0,1,1.0,1,0.0644275511760165,37
1988,2,2651,1363,1288,0,0,0,1.0,1,1.0,1,1.0,1,0.10088764430765405,35
1989,2,2653,1365,1288,0,0,0,1.0,1,1.0,1,1.0,1,0.1426203950744119,32
1990,2,2655,1367,1288,0,0,0,1.0,1,1.0,1,1.0,1,0.12345545303767418,31
1991,0,2655,1367,1288,0,0,0,1.0,1,1.0,1,1.0,1,0.14796497904106087,32
1992,2,2657,1369,1288,0,0,0,1.0,1,1.0,1,1.0,1,0.1908886788583336,32
1993,4,2661,1372,1289,0,0,0,1.0,1,1.0,1,1.0,1,0.15259680481848417,32
1994,0,2661,1372,1289,0,0,0,1.0,1,1.0,1,1.0,1,0.13949534425083096,31
1995,0,2661,1372,1289,0,0,0,1.0,1,1.0,1,1.0,1,0.12477257628485511,32
1996,2,2663,1372,1291,0,0,0,1.0,1,1.0,1,1.0,1,0.07581139996849462,32
1997,1,2664,1372,1292,0,0,0,1.0,1,1.0,1,1.0,1,0.09789260324206592,31
1998,0,2664,1372,1292,0,0,0,1.0,1,1.0,1,1.0,1,0.07089489639333758,32
1999,0,2664,1372,1292,0,0,0,1.0,1,1.0,1,1.0,1,0.10634892731044474,31
2000,0,2664,1372,1292,0,0,0,1.0,1,1.0,1,1.0,1,0.10081567070598137,30
2001,1,2665,1372,1293,0,0,0,1.0,1,1.0,1,1.0,1,0.12474881463103239,29
2002,0,2665,1372,1293,0,0,0,1.0,1,1.0,1,1.0,1,0.08367244340777188,31
2003,1,2666,1373,1293,0,0,0,1.0,1,1.0,1,1.0,1,0.1092056344560506,33
2004,2,2668,1374,1294,0,0,0,1.0,1,1.0,1,1.0,1,0.13775622336993446,34
2005,2,2670,1374,1296,0,0,0,1.0,1,1.0,1,1.0,1,0.1221058995633235,35
2006,1,2671,1375,1296,0,0,0,1.0,1,1.0,1,1.0,1,0.1114254271492147,36
2007,1,2672,1376,1296,0,0,0,1.0,1,1.0,1,1.0,1,0.10603036996011157,36
2008,3,2675,1378,1297,0,0,0,1.0,1,1.0,1,1.0,1,0.12361072900754888,36
2009,0,2675,1378,1297,0,0,0,1.0,1,1.0,1,1.0,1,0.11024206168218904,37
2010,1,2676,1379,1297,0,0,0,1.0,1,1.0,1,1.0,1,0.11751908533025088,37
2011,0,2676,1379,1297,0,0,0,1.0,1,1.0,1,1.0,1,0.11751908533025088,37
2012,1,2677,1380,1297,0,0,0,1.0,1,1.0,1,1.0,1,0.10668299785914166,37
2013,1,2678,1380,1298,0,0,0,1.0,1,1.0,1,1.0,1,0.0945193414608642,39
2014,1,2679,1380,1299,0,0,0,1.0,1,1.0,1,1.0,1,0.1215074016647244,39
2015,0,2679,1380,1299,0,0,0,1.0,1,1.0,1,1.0,1,0.1215074016647244,39
2016,2,2681,1381,1300,0,0,0,1.0,1,1.0,1,1.0,1,0.08307171592594821,41
2017,0,2681,1381,1300,0,0,0,1.0,1,1.0,1,1.0,1,0.08307171592594821,41
2018,5,2686,1384,1302,0,0,0,1.0,1,1.0,1,1.0,1,0.09522643421843031,42
2019,1,2687,1385,1302,0,0,0,1.0,1,1.0,1,1.0,1,0.09951390274931221,43
2020,2,2689,1387,1302,0,0,0,1.0,1,1.0,1,1.0,1,0.1275337485795466,43
2021,1,2690,1387,1303,0,0,0,1.0,1,1.0,1,1.0,1,0.11196987443654352,43
2022,0,2690,1387,1303,0,0,0,1.0,1,1.0,1,1.0,1,0.09486780419136326,44
2023,2,2692,1389,1303,0,0,0,1.0,1,1.0,1,1.0,1,0.19734647240273587,42
2024,5,2697,1392,1305,0,0,0,1.0,1,1.0,1,1.0,1,0.14905125853137147,41
2025,2,2699,1394,1305,0,0,0,1.0,1,1.0,1,1.0,1,0.2208806345557557,39
2026,3,2702,1394,1308,0,0,0,1.0,1,1.0,1,1.0,1,0.1614994758048369,39
2027,2,2704,1395,1309,0,0,0,1.0,1,1.0,1,1.0,1,0.2348414719564261,38
2028,0,2704,1395,1309,0,0,0,1.0,1,1.0,1,1.0,1,0.21674642372139927,37
2029,0,2704,1395,1309,0,0,0,1.0,1,1.0,1,1.0,1,0.21575076419104508,35
2030,0,2704,1395,1309,0,0,0,1.0,1,1.0,1,1.0,1,0.20587472010485272,32
2031,4,2708,1398,1310,0,0,0,1.0,1,1.0,1,1.0,1,0.1581467302836006,34
2032,0,2708,1398,1310,0,0,0,1.0,1,1.0,1,1.0,1,0.13633503932485103,35
2033,3,2711,1401,1310,0,0,0,1.0,1,1.0,1,1.0,1,0.1494601650393961,35
2034,3,2714,1402,1312,0,0,0,1.0,1,1.0,1,1.0,1,0.10969401599872783,35
2035,2,2716,1404,1312,0,0,0,1.0,1,1.0,1,1.0,1,0.128441470764396,36
2036,3,2719,1405,1314,0,0,0,1.0,1,1.0,1,1.0,1,0.11598768727683191,35
2037,2,2721,1406,1315,0,0,0,1.0,1,1.0,1,1.0,1,0.1081767176413408,36
2038,1,2722,1407,1315,0,0,0,1.0,1,1.0,1,1.0,1,0.12863232066852523,38
2039,1,2723,1408,1315,0,0,0,1.0,1,1.0,1,1.0,1,0.10408500063903446,38
2040,0,2723,1408,1315,0,0,0,1.0,1,1.0,1,1.0,1,0.08991716731349268,37
2041,0,2723,1408,1315,0,0,0,1.0,1,1.0,1,1.0,1,0.09392633931777683,38
2042,0,2723,1408,1315,0,0,0,1.0,1,1.0,1,1.0,1,0.09392633931777683,38
2043,2,2725,1410,1315,0,0,0,1.0,1,1.0,1,1.0,1,0.09935506695134867,38
2044,0,2725,1410,1315,0,0,0,1.0,1,1.0,1,1.0,1,0.09307033571637037,39
2045,0,2725,1410,1315,0,0,0,1.0,1,1.0,1,1.0,1,0.110826032633171,40
2046,2,2727,1412,1315,0,0,0,1.0,1,1.0,1,1.0,1,0.07145952683957088,41
2047,1,2728,1412,1316,0,0,0,1.0,1,1.0,1,1.0,1,0.052559031418748035,41
2048,1,2729,1413,1316,0,0,0,1.0,1,1.0,1,1.0,1,0.015222236635348163,43
2049,0,2729,1413,1316,0,0,0,1.0,1,1.0,1,1.0,1,0.015222236635348163,43
2050,0,2729,1413,1316,0,0,0,1.0,1,1.0,1,1.0,1,0.021902429795752184,43
2051,1,2730,1414,1316,0,0,0,1.0,1,1.0,1,1.0,1,0.07995616271923393,43
2052,0,2730,1414,1316,0,0,0,1.0,1,1.0,1,1.0,1,0.08357380990308379,44
2053,1,2731,1415,1316,0,0,0,1.0,1,1.0,1,1.0,1,0.13185596888772347,43
2054,2,2733,1417,1316,0,0,0,1.0,1,1.0,1,1.0,1,0.12889567802778193,44
2055,1,2734,1417,1317,0,0,0,1.0,1,1.0,1,1.0,1,0.13432052904350214,43
2056,4,2738,1417,1321,0,0,0,1.0,1,1.0,1,1.0,1,0.02026236173732874,44
2057,2,2740,1419,1321,0,0,0,1.0,1,1.0,1,1.0,1,0.048894912938978005,44
2058,2,2742,1421,1321,0,0,0,1.0,1,1.0,1,1.0,1,0.061405382046109465,44
2059,1,2743,1422,1321,0,0,0,1.0,1,1.0,1,1.0,1,0.07059582775048988,45
2060,1,2744,1423,1321,0,0,0,1.0,1,1.0,1,1.0,1,0.08977530120465944,46
2061,2,2746,1424,1322,0,0,0,1.0,1,1.0,1,1.0,1,0.0967926152403307,48
2062,1,2747,1424,1323,0,0,0,1.0,1,1.0,1,1.0,1,0.08648950051532586,48
2063,1,2748,1425,1323,0,0,0,1.0,1,1.0,1,1.0,1,0.10680549225917654,45
2064,1,2749,1426,1323,0,0,0,1.0,1,1.0,1,1.0,1,0.08105036594738868,44
2065,0,2749,1426,1323,0,0,0,1.0,1,1.0,1,1.0,1,0.10855945101829319,42
2066,3,2752,1429,1323,0,0,0,1.0,1,1.0,1,1.0,1,0.0669395961696998,42
2067,1,2753,1429,1324,0,0,0,1.0,1,1.0,1,1.0,1,0.03639091751606557,38
2068,0,2753,1429,1324,0,0,0,1.0,1,1.0,1,1.0,1,0.057613161116068574,37
2069,0,2753,1429,1324,0,0,0,1.0,1,1.0,1,1.0,1,0.07683315510603318,35
2070,2,2755,1431,1324,0,0,0,1.0,1,1.0,1,1.0,1,0.08080624249585835,35
2071,0,2755,1431,1324,0,0,0,1.0,1,1.0,1,1.0,1,0.10733493522920858,34
2072,3,2758,1433,1325,0,0,0,1.0,1,1.0,1,1.0,1,0.14015469450363255,35
2073,2,2760,1433,1327,0,0,0,1.0,1,1.0,1,1.0,1,0.11183980397312719,37
2074,0,2760,1433,1327,0,0,0,1.0,1,1.0,1,1.0,1,0.0949494405656753,36
2075,0,2760,1433,1327,0,0,0,1.0,1,1.0,1,1.0,1,0.08542043607262,38
2076,0,2760,1433,1327,0,0,0,1.0,1,1.0,1,1.0,1,0.06636676232723177,37
2077,0,2760,1433,1327,0,0,0,1.0,1,1.0,1,1.0,1,0.06636676232723177,37
2078,0,2760,1433,1327,0,0,0,1.0,1,1.0,1,1.0,1,0.06636676232723177,37
2079,0,2760,1433,1327,0,0,0,1.0,1,1.0,1,1.0,1,0.06636676232723177,37
2080,0,2760,1433,1327,0,0,0,1.0,1,1.0,1,1.0,1,0.06531276560791714,36
2081,2,2762,1435,1327,0,0,0,1.0,1,1.0,1,1.0,1,0.060891713783486845,37
2082,1,2763,1436,1327,0,0,0,1.0,1,1.0,1,1.0,1,0.09307116504767896,38
2083,2,2765,1437,1328,0,0,0,1.0,1,1.0,1,1.0,1,0.09422830482224846,39
2084,1,2766,1438,1328,0,0,0,1.0,1,1.0,1,1.0,1,0.1387224771526107,41
2085,3,2769,1441,1328,0,0,0,1.0,1,1.0,1,1.0,1,0.1609260714144768,41
2086,3,2772,1441,1331,0,0,0,1.0,1,1.0,1,1.0,1,0.09414406213121711,44
2087,2,2774,1443,1331,0,0,0,1.0,1,1.0,1,1.0,1,0.10900918084438653,44
2088,0,2774,1443,1331,0,0,0,1.0,1,1.0,1,1.0,1,0.11156125420767242,45
2089,2,2776,1444,1332,0,0,0,1.0,1,1.0,1,1.0,1,0.07962874469944409,46
2090,2,2778,1444,1334,0,0,0,1.0,1,1.0,1,1.0,1,0.03896796780105174,47
2091,2,2780,1446,1334,0,0,0,1.0,1,1.0,1,1.0,1,0.07726232427270868,48
2092,2,2782,1447,1335,0,0,0,1.0,1,1.0,1,1.0,1,0.07664053233641355,48
2093,1,2783,1447,1336,0,0,0,1.0,1,1.0,1,1.0,1,0.05201292992098658,48
2094,0,2783,1447,1336,0,0,0,1.0,1,1.0,1,1.0,1,0.06058359144350361,47
2095,1,2784,1448,1336,0,0,0,1.0,1,1.0,1,1.0,1,0.05898977549414573,49
2096,0,2784,1448,1336,0,0,0,1.0,1,1.0,1,1.0,1,0.0455246020451647,50
2097,0,2784,1448,1336,0,0,0,1.0,1,1.0,1,1.0,1,0.0455246020451647,50
2098,2,2786,1450,1336,0,0,0,1.0,1,1.0,1,1.0,1,0.05547264528142073,51
2099,1,2787,1451,1336,0,0,0,1.0,1,1.0,1,1.0,1,0.09620677941081963,50
2100,1,2788,1452,1336,0,0,0,1.0,1,1.0,1,1.0,1,0.10232555715630694,49
2101,3,2791,1452,1339,0,0,0,1.0,1,1.0,1,1.0,1,0.07462282557018027,48
2102,4,2795,1455,1340,0,0,0,1.0,1,1.0,1,1.0,1,0.12209235182619067,49
2103,1,2796,1456,1340,0,0,0,1.0,1,1.0,1,1.0,1,0.11083701556887474,44
2104,0,2796,1456,1340,0,0,0,1.0,1,1.0,1,1.0,1,0.12841864232241942,42
2105,2,2798,1458,1340,0,0,0,1.0,1,1.0,1,1.0,1,0.1466774168947014,40
2106,0,2798,1458,1340,0,0,0,1.0,1,1.0,1,1.0,1,0.17371398362434812,39
2107,1,2799,1459,1340,0,0,0,1.0,1,1.0,1,1.0,1,0.15605717231876656,37
2108,1,2800,1460,1340,0,0,0,1.0,1,1.0,1,1.0,1,0.14660079630315462,37
2109,0,2800,1460,1340,0,0,0,1.0,1,1.0,1,1.0,1,0.12843719044324198,36
2110,1,2801,1460,1341,0,0,0,1.0,1,1.0,1,1.0,1,0.06052418196035259,35
2111,2,2803,1462,1341,0,0,0,1.0,1,1.0,1,1.0,1,0.08764556808278819,35
2112,0,2803,1462,1341,0,0,0,1.0,1,1.0,1,1.0,1,0.08764556808278819,35
2113,1,2804,1463,1341,0,0,0,1.0,1,1.0,1,1.0,1,0.11603439836981311,35
2114,1,2805,1464,1341,0,0,0,1.0,1,1.0,1,1.0,1,0.10816448599252561,36
2115,1,2806,1464,1342,0,0,0,1.0,1,1.0,1,1.0,1,0.08965681020143813,37
2116,2,2808,1466,1342,0,0,0,1.0,1,1.0,1,1.0,1,0.10890810058788916,39
2117,0,2808,1466,1342,0,0,0,1.0,1,1.0,1,1.0,1,0.07882076211161096,39
2118,1,2809,1466,1343,0,0,0,1.0,1,1.0,1,1.0,1,0.0691689564906031,41
2119,1,2810,1467,1343,0,0,0,1.0,1,1.0,1,1.0,1,0.0909891034218715,42
2120,1,2811,1467,1344,0,0,0,1.0,1,1.0,1,1.0,1,0.06017032518468727,42
2121,1,2812,1468,1344,0,0,0,1.0,1,1.0,1,1.0,1,0.07405232940121002,42
2122,1,2813,1468,1345,0,0,0,1.0,1,1.0,1,1.0,1,0.06533987898866467,43
2123,0,2813,1468,1345,0,0,0,1.0,1,1.0,1,1.0,1,0.08785071135261993,42
2124,0,2813,1468,1345,0,0,0,1.0,1,1.0,1,1.0,1,0.08785071135261993,42
2125,0,2813,1468,1345,0,0,0,1.0,1,1.0,1,1.0,1,0.09396346102171735,41
2126,0,2813,1468,1345,0,0,0,1.0,1,1.0,1,1.0,1,0.09396346102171735,41
2127,0,2813,1468,1345,0,0,0,1.0,1,1.0,1,1.0,1,0.09396346102171735,41
2128,1,2814,1468,1346,0,0,0,1.0,1,1.0,1,1.0,1,0.05037588732304949,42
2129,0,2814,1468,1346,0,0,0,1.0,1,1.0,1,1.0,1,0.06299694802950175,43
2130,1,2815,1468,1347,0,0,0,1.0,1,1.0,1,1.0,1,0.04202544978672176,45
2131,2,2817,1469,1348,0,0,0,1.0,1,1.0,1,1.0,1,0.033915746569967375,44
2132,0,2817,1469,1348,0,0,0,1.0,1,1.0,1,1.0,1,0.033915746569967375,44
2133,1,2818,1470,1348,0,0,0,1.0,1,1.0,1,1.0,1,0.032347111294969005,45
2134,2,2820,1472,1348,0,0,0,1.0,1,1.0,1,1.0,1,0.0593645760354297,45
2135,2,2822,1474,1348,0,0,0,1.0,1,1.0,1,1.0,1,0.042246613839509936,46
2136,3,2825,1476,1349,0,0,0,1.0,1,1.0,1,1.0,1,0.07938989781185345,47
2137,4,2829,1480,1349,0,0,0,1.0,1,1.0,1,1.0,1,0.1717330633157488,47
2138,2,2831,1482,1349,0,0,0,1.0,1,1.0,1,1.0,1,0.19199882382655495,45
2139,3,2834,1483,1351,0,0,0,1.0,1,1.0,1,1.0,1,0.1815952222867213,45
2140,2,2836,1485,1351,0,0,0,1.0,1,1.0,1,1.0,1,0.17164693761748612,44
2141,5,2841,1487,1354,0,0,0,1.0,1,1.0,1,1.0,1,0.06979786379963122,45
2142,1,2842,1488,1354,0,0,0,1.0,1,1.0,1,1.0,1,0.0327330942945302,46
2143,3,2845,1490,1355,0,0,0,1.0,1,1.0,1,1.0,1,0.08193962466912555,46
2144,1,2846,1491,1355,0,0,0,1.0,1,1.0,1,1.0,1,0.03335153323186428,48
2145,3,2849,1493,1356,0,0,0,1.0,1,1.0,1,1.0,1,0.10273926977239911,46
2146,3,2852,1495,1357,0,0,0,1.0,1,1.0,1,1.0,1,0.04288264543659375,45
2147,2,2854,1497,1357,0,0,0,1.0,1,1.0,1,1.0,1,0.08492039814855212,44
2148,1,2855,1498,1357,0,0,0,1.0,1,1.0,1,1.0,1,0.04805035766791387,44
2149,3,2858,1501,1357,0,0,0,1.0,1,1.0,1,1.0,1,0.07184381180765426,42
2150,2,2860,1503,1357,0,0,0,1.0,1,1.0,1,1.0,1,0.0688809027544343,40
2151,2,2862,1505,1357,0,0,0,1.0,1,1.0,1,1.0,1,0.057624996506205346,39
2152,1,2863,1506,1357,0,0,0,1.0,1,1.0,1,1.0,1,0.04117449252129179,40
2153,2,2865,1508,1357,0,0,0,1.0,1,1.0,1,1.0,1,0.08888955355047339,42
2154,2,2867,1508,1359,0,0,0,1.0,1,1.0,1,1.0,1,0.08419735238655303,42
2155,0,2867,1508,1359,0,0,0,1.0,1,1.0,1,1.0,1,0.0837673678431463,41
2156,1,2868,1508,1360,0,0,0,1.0,1,1.0,1,1.0,1,0.10966145636637799,40
2157,0,2868,1508,1360,0,0,0,1.0,1,1.0,1,1.0,1,0.10966145636637799,40
2158,1,2869,1509,1360,0,0,0,1.0,1,1.0,1,1.0,1,0.11416813579431302,38
2159,0,2869,1509,1360,0,0,0,1.0,1,1.0,1,1.0,1,0.11869818234937264,38
2160,1,2870,1510,1360,0,0,0,1.0,1,1.0,1,1.0,1,0.1275256426634259,38
2161,4,2874,1512,1362,0,0,0,1.0,1,1.0,1,1.0,1,0.12323646315373253,38
2162,1,2875,1513,1362,0,0,0,1.0,1,1.0,1,1.0,1,0.15478949873918382,38
2163,2,2877,1515,1362,0,0,0,1.0,1,1.0,1,1.0,1,0.20822023418945176,40
2164,1,2878,1516,1362,0,0,0,1.0,1,1.0,1,1.0,1,0.26767102362879225,41
2165,2,2880,1518,1362,0,0,0,1.0,1,1.0,1,1.0,1,0.2467124030485596,42
2166,5,2885,1518,1367,0,0,0,1.0,1,1.0,1,1.0,1,0.18727493240772047,42
2167,0,2885,1518,1367,0,0,0,1.0,1,1.0,1,1.0,1,0.16436684752763595,43
2168,0,2885,1518,1367,0,0,0,1.0,1,1.0,1,1.0,1,0.1450486081965492,43
2169,2,2887,1518,1369,0,0,0,1.0,1,1.0,1,1.0,1,0.12289779316866062,45
2170,3,2890,1520,1370,0,0,0,1.0,1,1.0,1,1.0,1,0.1600045283589534,46
2171,3,2893,1521,1372,0,0,0,1.0,1,1.0,1,1.0,1,0.0983322771483072,48
2172,1,2894,1522,1372,0,0,0,1.0,1,1.0,1,1.0,1,0.10709431891880127,49
2173,1,2895,1523,1372,0,0,0,1.0,1,1.0,1,1.0,1,0.09603463703952039,49
2174,2,2897,1524,1373,0,0,0,1.0,1,1.0,1,1.0,1,0.08195205865632527,49
2175,0,2897,1524,1373,0,0,0,1.0,1,1.0,1,1.0,1,0.08195205865632527,49
2176,1,2898,1524,1374,0,0,0,1.0,1,1.0,1,1.0,1,0.0647107312832773,51
2177,1,2899,1525,1374,0,0,0,1.0,1,1.0,1,1.0,1,0.04391884637711313,51
2178,1,2900,1526,1374,0,0,0,1.0,1,1.0,1,1.0,1,0.05635065388831631,50
2179,4,2904,1530,1374,0,0,0,1.0,1,1.0,1,1.0,1,0.06914281080155617,49
2180,0,2904,1530,1374,0,0,0,1.0,1,1.0,1,1.0,1,0.081224567431589,47
2181,2,2906,1532,1374,0,0,0,1.0,1,1.0,1,1.0,1,0.040781665511217285,47
2182,1,2907,1533,1374,0,0,0,1.0,1,1.0,1,1.0,1,0.011432519931577434,45
2183,2,2909,1535,1374,0,0,0,1.0,1,1.0,1,1.0,1,0.03564037461852969,44
2184,2,2911,1537,1374,0,0,0,1.0,1,1.0,1,1.0,1,0.07499197661394112,43
2185,4,2915,1541,1374,0,0,0,1.0,1,1.0,1,1.0,1,0.13459029760891497,40
2186,4,2919,1545,1374,0,0,0,1.0,1,1.0,1,1.0,1,0.11391737215972979,38
2187,3,2922,1548,1374,0,0,0,1.0,1,1.0,1,1.0,1,0.1097485633410739,35
2188,1,2923,1549,1374,0,0,0,1.0,1,1.0,1,1.0,1,0.1345726808447345,34
2189,0,2923,1549,1374,0,0,0,1.0,1,1.0,1,1.0,1,0.0970426800209183,31
2190,1,2924,1550,1374,0,0,0,1.0,1,1.0,1,1.0,1,0.1514697148992697,29
2191,1,2925,1551,1374,0,0,0,1.0,1,1.0,1,1.0,1,0.17537882783758776,28
2192,2,2927,1552,1375,0,0,0,1.0,1,1.0,1,1.0,1,0.20952346592738966,29
2193,1,2928,1553,1375,0,0,0,1.0,1,1.0,1,1.0,1,0.23415560960251927,28
2194,0,2928,1553,1375,0,0,0,1.0,1,1.0,1,1.0,1,0.23374502034720404,27
2195,2,2930,1555,1375,0,0,0,1.0,1,1.0,1,1.0,1,0.24172266021945554,27
2196,4,2934,1556,1378,0,0,0,1.0,1,1.0,1,1.0,1,0.21823434262926839,27
2197,1,2935,1557,1378,0,0,0,1.0,1,1.0,1,1.0,1,0.23200322621398947,27
2198,0,2935,1557,1378,0,0,0,1.0,1,1.0,1,1.0,1,0.20238904058580576,28
2199,2,2937,1558,1379,0,0,0,1.0,1,1.0,1,1.0,1,0.22387258422645398,29
2200,1,2938,1558,1380,0,0,0,1.0,1,1.0,1,1.0,1,0.17304133367162064,31
2201,2,2940,1559,1381,0,0,0,1.0,1,1.0,1,1.0,1,0.1501078335473138,32
2202,1,2941,1560,1381,0,0,0,1.0,1,1.0,1,1.0,1,0.1903405683165242,31
2203,0,2941,1560,1381,0,0,0,1.0,1,1.0,1,1.0,1,0.15467618615732862,32
2204,0,2941,1560,1381,0,0,0,1.0,1,1.0,1,1.0,1,0.15467618615732862,32
2205,0,2941,1560,1381,0,0,0,1.0,1,1.0,1,1.0,1,0.15707394072539138,33
2206,3,2944,1561,1383,0,0,0,1.0,1,1.0,1,1.0,1,0.11514540474179433,32
2207,1,2945,1561,1384,0,0,0,1.0,1,1.0,1,1.0,1,0.0865577870171943,33
2208,0,2945,1561,1384,0,0,0,1.0,1,1.0,1,1.0,1,0.05851240697216207,35
2209,1,2946,1562,1384,0,0,0,1.0,1,1.0,1,1.0,1,0.10863859791305762,36
2210,2,2948,1562,1386,0,0,0,1.0,1,1.0,1,1.0,1,0.09931070426040015,35
2211,0,2948,1562,1386,0,0,0,1.0,1,1.0,1,1.0,1,0.11435354347984436,36
2212,1,2949,1562,1387,0,0,0,1.0,1,1.0,1,1.0,1,0.1250253364226528,37
2213,4,2953,1566,1387,0,0,0,1.0,1,1.0,1,1.0,1,0.12441286706398128,37
2214,0,2953,1566,1387,0,0,0,1.0,1,1.0,1,1.0,1,0.09546528632676016,39
2215,4,2957,1570,1387,0,0,0,1.0,1,1.0,1,1.0,1,0.10966387229123951,36
2216,3,2960,1572,1388,0,0,0,1.0,1,1.0,1,1.0,1,0.08358563577091602,37
2217,2,2962,1574,1388,0,0,0,1.0,1,1.0,1,1.0,1,0.10914115948940488,35
2218,0,2962,1574,1388,0,0,0,1.0,1,1.0,1,1.0,1,0.10914115948940488,35
2219,0,2962,1574,1388,0,0,0,1.0,1,1.0,1,1.0,1,0.08617290580879393,33
2220,0,2962,1574,1388,0,0,0,1.0,1,1.0,1,1.0,1,0.07471605689642871,31
2221,1,2963,1574,1389,0,0,0,1.0,1,1.0,1,1.0,1,0.05249248218697206,31
2222,1,2964,1575,1389,0,0,0,1.0,1,1.0,1,1.0,1,0.08608031246781625,30
2223,0,2964,1575,1389,0,0,0,1.0,1,1.0,1,1.0,1,0.08218382364764597,28
2224,3,2967,1578,1389,0,0,0,1.0,1,1.0,1,1.0,1,0.11249197429847595,29
2225,2,2969,1580,1389,0,0,0,1.0,1,1.0,1,1.0,1,0.12333880707134566,28
2226,1,2970,1581,1389,0,0,0,1.0,1,1.0,1,1.0,1,0.08345296643927204,30
2227,0,2970,1581,1389,0,0,0,1.0,1,1.0,1,1.0,1,0.1290684431862684,28
2228,2,2972,1583,1389,0,0,0,1.0,1,1.0,1,1.0,1,0.10127181670041611,29
2229,1,2973,1584,1389,0,0,0,1.0,1,1.0,1,1.0,1,0.10409773342252288,28
2230,0,2973,1584,1389,0,0,0,1.0,1,1.0,1,1.0,1,0.10143681405157325,28
2231,2,2975,1585,1390,0,0,0,1.0,1,1.0,1,1.0,1,0.16152420844866922,27
2232,0,2975,1585,1390,0,0,0,1.0,1,1.0,1,1.0,1,0.14796701583664829,27
2233,0,2975,1585,1390,0,0,0,1.0,1,1.0,1,1.0,1,0.1365921444894587,28
2234,3,2978,1588,1390,0,0,0,1.0,1,1.0,1,1.0,1,0.08027334265586344,26
2235,0,2978,1588,1390,0,0,0,1.0,1,1.0,1,1.0,1,0.08027334265586344,26
2236,1,2979,1589,1390,0,0,0,1.0,1,1.0,1,1.0,1,0.017525384786216205,26
2237,4,2983,1593,1390,0,0,0,1.0,1,1.0,1,1.0,1,0.1000584246602748,26
2238,1,2984,1594,1390,0,0,0,1.0,1,1.0,1,1.0,1,0.13078701483882402,27
2239,3,2987,1596,1391,0,0,0,1.0,1,1.0,1,1.0,1,0.13920711740710137,28
2240,4,2991,1599,1392,0,0,0,1.0,1,1.0,1,1.0,1,0.1311964415394928,30
2241,2,2993,1600,1393,0,0,0,1.0,1,1.0,1,1.0,1,0.10540751156930168,29
2242,2,2995,1602,1393,0,0,0,1.0,1,1.0,1,1.0,1,0.1422593524260437,29
2243,1,2996,1603,1393,0,0,0,1.0,1,1.0,1,1.0,1,0.1565379545505147,29
2244,0,2996,1603,1393,0,0,0,1.0,1,1.0,1,1.0,1,0.1565379545505147,29
2245,0,2996,1603,1393,0,0,0,1.0,1,1.0,1,1.0,1,0.17168716487750435,30
2246,2,2998,1603,1395,0,0,0,1.0,1,1.0,1,1.0,1,0.09242973448344785,33
2247,0,2998,1603,1395,0,0,0,1.0,1,1.0,1,1.0,1,0.07494733465778952,34
2248,0,2998,1603,1395,0,0,0,1.0,1,1.0,1,1.0,1,0.07494733465778952,34
2249,0,2998,1603,1395,0,0,0,1.0,1,1.0,1,1.0,1,0.07387828481834338,35
2250,1,2999,1604,1395,0,0,0,1.0,1,1.0,1,1.0,1,0.10847465050850322,35
2251,1,3000,1605,1395,0,0,0,1.0,1,1.0,1,1.0,1,0.11913827018845878,36
2252,1,3001,1606,1395,0,0,0,1.0,1,1.0,1,1.0,1,0.16909654596812615,37
2253,2,3003,1608,1395,0,0,0,1.0,1,1.0,1,1.0,1,0.19915110755218687,35
2254,0,3003,1608,1395,0,0,0,1.0,1,1.0,1,1.0,1,0.16705606286052027,33
2255,1,3004,1609,1395,0,0,0,1.0,1,1.0,1,1.0,1,0.19819675331470188,35
2256,5,3009,1611,1398,0,0,0,1.0,1,1.0,1,1.0,1,0.15683434238432467,34
2257,2,3011,1613,1398,0,0,0,1.0,1,1.0,1,1.0,1,0.1622479914919638,36
2258,2,3013,1614,1399,0,0,0,1.0,1,1.0,1,1.0,1,0.13001607461463852,35
2259,0,3013,1614,1399,0,0,0,1.0,1,1.0,1,1.0,1,0.13397243984514381,35
2260,3,3016,1615,1401,0,0,0,1.0,1,1.0,1,1.0,1,0.07404081969237102,33
2261,1,3017,1616,1401,0,0,0,1.0,1,1.0,1,1.0,1,0.0992726513991007,33
2262,1,3018,1616,1402,0,0,0,1.0,1,1.0,1,1.0,1,0.12491032460157518,32
2263,2,3020,1618,1402,0,0,0,1.0,1,1.0,1,1.0,1,0.1497971980294801,31
2264,1,3021,1618,1403,0,0,0,1.0,1,1.0,1,1.0,1,0.1322567644699647,30
2265,1,3022,1619,1403,0,0,0,1.0,1,1.0,1,1.0,1,0.09829982621785326,29
2266,1,3023,1620,1403,0,0,0,1.0,1,1.0,1,1.0,1,0.05290234273318982,30
2267,1,3024,1621,1403,0,0,0,1.0,1,1.0,1,1.0,1,0.055934999754539506,29
2268,4,3028,1625,1403,0,0,0,1.0,1,1.0,1,1.0,1,0.09755472001676217,30
2269,1,3029,1626,1403,0,0,0,1.0,1,1.0,1,1.0,1,0.09562747996027124,31
2270,3,3032,1629,1403,0,0,0,1.0,1,1.0,1,1.0,1,0.19337020924013823,31
2271,4,3036,1632,1404,0,0,0,1.0,1,1.0,1,1.0,1,0.12698016023744327,31
2272,2,3038,1633,1405,0,0,0,1.0,1,1.0,1,1.0,1,0.12289466760034523,31
2273,0,3038,1633,1405,0,0,0,1.0,1,1.0,1,1.0,1,0.11773519876583734,30
2274,1,3039,1634,1405,0,0,0,1.0,1,1.0,1,1.0,1,0.0721770712773069,31
2275,0,3039,1634,1405,0,0,0,1.0,1,1.0,1,1.0,1,0.08543089512350531,32
2276,0,3039,1634,1405,0,0,0,1.0,1,1.0,1,1.0,1,0.11400434766182377,31
2277,1,3040,1634,1406,0,0,0,1.0,1,1.0,1,1.0,1,0.10867310000986581,31
2278,2,3042,1636,1406,0,0,0,1.0,1,1.0,1,1.0,1,0.14363930757029172,32
2279,2,3044,1637,1407,0,0,0,1.0,1,1.0,1,1.0,1,0.152184499850719,32
2280,0,3044,1637,1407,0,0,0,1.0,1,1.0,1,1.0,1,0.13141927077609566,33
2281,2,3046,1637,1409,0,0,0,1.0,1,1.0,1,1.0,1,0.07411315176917556,34
2282,1,3047,1638,1409,0,0,0,1.0,1,1.0,1,1.0,1,0.11130605762271106,34
2283,0,3047,1638,1409,0,0,0,1.0,1,1.0,1,1.0,1,0.11130605762271106,34
2284,0,3047,1638,1409,0,0,0,1.0,1,1.0,1,1.0,1,0.11130605762271106,34
2285,0,3047,1638,1409,0,0,0,1.0,1,1.0,1,1.0,1,0.10414109148975123,35
2286,1,3048,1638,1410,0,0,0,1.0,1,1.0,1,1.0,1,0.08898757026515891,34
2287,1,3049,1639,1410,0,0,0,1.0,1,1.0,1,1.0,1,0.10228870402450396,35
2288,0,3049,1639,1410,0,0,0,1.0,1,1.0,1,1.0,1,0.06451165854411703,35
2289,2,3051,1641,1410,0,0,0,1.0,1,1.0,1,1.0,1,0.1328237017678609,37
2290,0,3051,1641,1410,0,0,0,1.0,1,1.0,1,1.0,1,0.12042992266667835,37
2291,2,3053,1643,1410,0,0,0,1.0,1,1.0,1,1.0,1,0.15059347988957408,35
2292,0,3053,1643,1410,0,0,0,1.0,1,1.0,1,1.0,1,0.15658928031454808,35
2293,1,3054,1644,1410,0,0,0,1.0,1,1.0,1,1.0,1,0.17181762158136696,34
2294,1,3055,1644,1411,0,0,0,1.0,1,1.0,1,1.0,1,0.12126264113208562,33
2295,0,3055,1644,1411,0,0,0,1.0,1,1.0,1,1.0,1,0.11220793553996654,34
2296,2,3057,1645,1412,0,0,0,1.0,1,1.0,1,1.0,1,0.0591772981656602,33
2297,0,3057,1645,1412,0,0,0,1.0,1,1.0,1,1.0,1,0.0847346654572754,32
2298,3,3060,1647,1413,0,0,0,1.0,1,1.0,1,1.0,1,0.12947743385669874,32
2299,0,3060,1647,1413,0,0,0,1.0,1,1.0,1,1.0,1,0.10589260556468442,33
2300,2,3062,1649,1413,0,0,0,1.0,1,1.0,1,1.0,1,0.11838839194177547,33
2301,1,3063,1650,1413,0,0,0,1.0,1,1.0,1,1.0,1,0.13848885990628426,33
2302,2,3065,1652,1413,0,0,0,1.0,1,1.0,1,1.0,1,0.19138890286514712,34
2303,2,3067,1654,1413,0,0,0,1.0,1,1.0,1,1.0,1,0.22216017438573923,34
2304,1,3068,1654,1414,0,0,0,1.0,1,1.0,1,1.0,1,0.1744788695662293,33
2305,2,3070,1655,1415,0,0,0,1.0,1,1.0,1,1.0,1,0.16435190532019175,33
2306,4,3074,1658,1416,0,0,0,1.0,1,1.0,1,1.0,1,0.23480763883708097,33
2307,0,3074,1658,1416,0,0,0,1.0,1,1.0,1,1.0,1,0.21642095885753326,35
2308,2,3076,1660,1416,0,0,0,1.0,1,1.0,1,1.0,1,0.23704902169506617,34
2309,3,3079,1662,1417,0,0,0,1.0,1,1.0,1,1.0,1,0.1879513502782379,34
2310,2,3081,1663,1418,0,0,0,1.0,1,1.0,1,1.0,1,0.1743140343025217,34
2311,0,3081,1663,1418,0,0,0,1.0,1,1.0,1,1.0,1,0.14429317798797925,35
2312,1,3082,1664,1418,0,0,0,1.0,1,1.0,1,1.0,1,0.13649249136143357,34
2313,0,3082,1664,1418,0,0,0,1.0,1,1.0,1,1.0,1,0.08340939099411189,35
2314,1,3083,1665,1418,0,0,0,1.0,1,1.0,1,1.0,1,0.1278207422956003,35
2315,0,3083,1665,1418,0,0,0,1.0,1,1.0,1,1.0,1,0.14788973935506566,34
2316,1,3084,1665,1419,0,0,0,1.0,1,1.0,1,1.0,1,0.10886445081504915,35
2317,2,3086,1666,1420,0,0,0,1.0,1,1.0,1,1.0,1,0.11382499208596601,32
2318,0,3086,1666,1420,0,0,0,1.0,1,1.0,1,1.0,1,0.11382499208596601,32
2319,1,3087,1667,1420,0,0,0,1.0,1,1.0,1,1.0,1,0.13314558718314146,32
2320,0,3087,1667,1420,0,0,0,1.0,1,1.0,1,1.0,1,0.13590618782729297,32
2321,1,3088,1667,1421,0,0,0,1.0,1,1.0,1,1.0,1,0.10248294870415336,33
2322,0,3088,1667,1421,0,0,0,1.0,1,1.0,1,1.0,1,0.10248294870415336,33
2323,0,3088,1667,1421,0,0,0,1.0,1,1.0,1,1.0,1,0.10248294870415336,33
2324,0,3088,1667,1421,0,0,0,1.0,1,1.0,1,1.0,1,0.10693527890511083,34
2325,0,3088,1667,1421,0,0,0,1.0,1,1.0,1,1.0,1,0.09776674024909547,35
2326,0,3088,1667,1421,0,0,0,1.0,1,1.0,1,1.0,1,0.09776674024909547,35
2327,0,3088,1667,1421,0,0,0,1.0,1,1.0,1,1.0,1,0.1188823755980398,36
2328,0,3088,1667,1421,0,0,0,1.0,1,1.0,1,1.0,1,0.12329152082503177,37
2329,0,3088,1667,1421,0,0,0,1.0,1,1.0,1,1.0,1,0.10328979037374356,37
2330,0,3088,1667,1421,0,0,0,1.0,1,1.0,1,1.0,1,0.10337054183340615,38
2331,0,3088,1667,1421,0,0,0,1.0,1,1.0,1,1.0,1,0.10322016582249322,40
2332,0,3088,1667,1421,0,0,0,1.0,1,1.0,1,1.0,1,0.10322016582249322,40
2333,1,3089,1668,1421,0,0,0,1.0,1,1.0,1,1.0,1,0.12047024502570265,41
2334,0,3089,1668,1421,0,0,0,1.0,1,1.0,1,1.0,1,0.12047024502570265,41
2335,0,3089,1668,1421,0,0,0,1.0,1,1.0,1,1.0,1,0.12047024502570265,41
2336,1,3090,1668,1422,0,0,0,1.0,1,1.0,1,1.0,1,0.09091958281238345,41
2337,1,3091,1668,1423,0,0,0,1.0,1,1.0,1,1.0,1,0.06982017043870128,42
2338,5,3096,1671,1425,0,0,0,1.0,1,1.0,1,1.0,1,0.09492178463107329,43
2339,2,3098,1671,1427,0,0,0,1.0,1,1.0,1,1.0,1,0.06449260712316969,43
2340,3,3101,1673,1428,0,0,0,1.0,1,1.0,1,1.0,1,0.07739210340699362,45
2341,0,3101,1673,1428,0,0,0,1.0,1,1.0,1,1.0,1,0.06995677799117596,45
2342,4,3105,1675,1430,0,0,0,1.0,1,1.0,1,1.0,1,0.09623396915797268,46
2343,0,3105,1675,1430,0,0,0,1.0,1,1.0,1,1.0,1,0.08465103210175597,45
2344,3,3108,1677,1431,0,0,0,1.0,1,1.0,1,1.0,1,0.11370991180269356,44
2345,2,3110,1678,1432,0,0,0,1.0,1,1.0,1,1.0,1,0.13503019294051183,44
2346,1,3111,1678,1433,0,0,0,1.0,1,1.0,1,1.0,1,0.12675198274057536,44
2347,3,3114,1679,1435,0,0,0,1.0,1,1.0,1,1.0,1,0.09938080488118879,44
2348,1,3115,1679,1436,0,0,0,1.0,1,1.0,1,1.0,1,0.08284438160379204,45
2349,0,3115,1679,1436,0,0,0,1.0,1,1.0,1,1.0,1,0.09143009378024224,46
2350,2,3117,1680,1437,0,0,0,1.0,1,1.0,1,1.0,1,0.10191897192751473,47
2351,1,3118,1680,1438,0,0,0,1.0,1,1.0,1,1.0,1,0.09378740143700665,47
2352,0,3118,1680,1438,0,0,0,1.0,1,1.0,1,1.0,1,0.09378740143700665,47
2353,1,3119,1681,1438,0,0,0,1.0,1,1.0,1,1.0,1,0.12877013095376622,46
2354,2,3121,1683,1438,0,0,0,1.0,1,1.0,1,1.0,1,0.12889353831872533,47
2355,0,3121,1683,1438,0,0,0,1.0,1,1.0,1,1.0,1,0.12889353831872533,47
2356,3,3124,1685,1439,0,0,0,1.0,1,1.0,1,1.0,1,0.11382456063028645,47
2357,2,3126,1686,1440,0,0,0,1.0,1,1.0,1,1.0,1,0.11123234223563562,47
2358,1,3127,1686,1441,0,0,0,1.0,1,1.0,1,1.0,1,0.07870274183998252,48
2359,1,3128,1686,1442,0,0,0,1.0,1,1.0,1,1.0,1,0.06203430028783102,49
2360,1,3129,1687,1442,0,0,0,1.0,1,1.0,1,1.0,1,0.07313151199687623,49
2361,1,3130,1687,1443,0,0,0,1.0,1,1.0,1,1.0,1,0.0346891435205025,50
2362,0,3130,1687,1443,0,0,0,1.0,1,1.0,1,1.0,1,0.026992348358872154,51
2363,0,3130,1687,1443,0,0,0,1.0,1,1.0,1,1.0,1,0.026992348358872154,51
2364,1,3131,1688,1443,0,0,0,1.0,1,1.0,1,1.0,1,0.03722384329601364,52
2365,2,3133,1690,1443,0,0,0,1.0,1,1.0,1,1.0,1,0.04398576240247573,53
2366,3,3136,1692,1444,0,0,0,1.0,1,1.0,1,1.0,1,0.05315183073297608,54
2367,3,3139,1695,1444,0,0,0,1.0,1,1.0,1,1.0,1,0.06931185518352577,52
2368,3,3142,1698,1444,0,0,0,1.0,1,1.0,1,1.0,1,0.1056049658059248,51
2369,2,3144,1700,1444,0,0,0,1.0,1,1.0,1,1.0,1,0.11981795177145606,51
2370,4,3148,1704,1444,0,0,0,1.0,1,1.0,1,1.0,1,0.1426228000674854,52
2371,7,3155,1707,1448,0,0,0,1.0,1,1.0,1,1.0,1,0.10471475075733881,52
2372,1,3156,1708,1448,0,0,0,1.0,1,1.0,1,1.0,1,0.12910270189563286,49
2373,1,3157,1709,1448,0,0,0,1.0,1,1.0,1,1.0,1,0.1279572890796128,47
2374,0,3157,1709,1448,0,0,0,1.0,1,1.0,1,1.0,1,0.10998804463056348,45
2375,0,3157,1709,1448,0,0,0,1.0,1,1.0,1,1.0,1,0.07594861884120126,45
2376,0,3157,1709,1448,0,0,0,1.0,1,1.0,1,1.0,1,0.07726864805453149,43
2377,2,3159,1711,1448,0,0,0,1.0,1,1.0,1,1.0,1,0.07651117041741783,44
2378,2,3161,1713,1448,0,0,0,1.0,1,1.0,1,1.0,1,0.09949021561104748,43
2379,2,3163,1714,1449,0,0,0,1.0,1,1.0,1,1.0,1,0.10292574812992618,43
2380,1,3164,1715,1449,0,0,0,1.0,1,1.0,1,1.0,1,0.07434968288440141,43
2381,3,3167,1718,1449,0,0,0,1.0,1,1.0,1,1.0,1,0.06750119908771463,44
2382,1,3168,1718,1450,0,0,0,1.0,1,1.0,1,1.0,1,0.04383448282337392,44
2383,2,3170,1720,1450,0,0,0,1.0,1,1.0,1,1.0,1,0.04305290052388125,45
2384,2,3172,1721,1451,0,0,0,1.0,1,1.0,1,1.0,1,0.051469339597218736,45
2385,2,3174,1722,1452,0,0,0,1.0,1,1.0,1,1.0,1,0.05190842587406472,45
2386,2,3176,1724,1452,0,0,0,1.0,1,1.0,1,1.0,1,0.03993566507065819,46
2387,1,3177,1725,1452,0,0,0,1.0,1,1.0,1,1.0,1,0.05528788781660264,44
2388,1,3178,1726,1452,0,0,0,1.0,1,1.0,1,1.0,1,0.03869635485034518,44
2389,1,3179,1727,1452,0,0,0,1.0,1,1.0,1,1.0,1,0.07270024947531109,43
2390,2,3181,1729,1452,0,0,0,1.0,1,1.0,1,1.0,1,0.07663902804208585,44
2391,1,3182,1730,1452,0,0,0,1.0,1,1.0,1,1.0,1,0.06493565212720831,43
2392,2,3184,1731,1453,0,0,0,1.0,1,1.0,1,1.0,1,0.08478802747532031,44
2393,2,3186,1733,1453,0,0,0,1.0,1,1.0,1,1.0,1,0.13844808470469422,45
2394,1,3187,1733,1454,0,0,0,1.0,1,1.0,1,1.0,1,0.15490216265790935,44
2395,1,3188,1734,1454,0,0,0,1.0,1,1.0,1,1.0,1,0.19328109537945393,44
2396,5,3193,1735,1458,0,0,0,1.0,1,1.0,1,1.0,1,0.17987798959543275,45
2397,1,3194,1735,1459,0,0,0,1.0,1,1.0,1,1.0,1,0.1935283048168742,44
2398,2,3196,1736,1460,0,0,0,1.0,1,1.0,1,1.0,1,0.21695171822514106,44
2399,1,3197,1736,1461,0,0,0,1.0,1,1.0,1,1.0,1,0.21044151425705418,45
2400,1,3198,1736,1462,0,0,0,1.0,1,1.0,1,1.0,1,0.19072831919466451,45
2401,3,3201,1736,1465,0,0,0,1.0,1,1.0,1,1.0,1,0.15383573489890137,46
2402,1,3202,1736,1466,0,0,0,1.0,1,1.0,1,1.0,1,0.11413024123159721,47
2403,1,3203,1736,1467,0,0,0,1.0,1,1.0,1,1.0,1,0.09823423999051355,48
2404,3,3206,1739,1467,0,0,0,1.0,1,1.0,1,1.0,1,0.10989811138082997,47
2405,0,3206,1739,1467,0,0,0,1.0,1,1.0,1,1.0,1,0.0900584984260061,45
2406,0,3206,1739,1467,0,0,0,1.0,1,1.0,1,1.0,1,0.0900584984260061,45
2407,2,3208,1741,1467,0,0,0,1.0,1,1.0,1,1.0,1,0.0691217020262771,42
2408,1,3209,1742,1467,0,0,0,1.0,1,1.0,1,1.0,1,0.0585942588978894,41
2409,3,3212,1745,1467,0,0,0,1.0,1,1.0,1,1.0,1,0.07946715084414802,41
2410,2,3214,1746,1468,0,0,0,1.0,1,1.0,1,1.0,1,0.05834759878868283,40
2411,2,3216,1748,1468,0,0,0,1.0,1,1.0,1,1.0,1,0.05872037361998135,40
2412,2,3218,1750,1468,0,0,0,1.0,1,1.0,1,1.0,1,0.054506332603372336,38
2413,2,3220,1752,1468,0,0,0,1.0,1,1.0,1,1.0,1,0.13000286569282327,38
2414,2,3222,1754,1468,0,0,0,1.0,1,1.0,1,1.0,1,0.16399872947510644,36
2415,2,3224,1755,1469,0,0,0,1.0,1,1.0,1,1.0,1,0.2078866202626986,36
2416,3,3227,1755,1472,0,0,0,1.0,1,1.0,1,1.0,1,0.12176677722901574,35
2417,0,3227,1755,1472,0,0,0,1.0,1,1.0,1,1.0,1,0.20018833533385366,33
2418,0,3227,1755,1472,0,0,0,1.0,1,1.0,1,1.0,1,0.20018833533385366,33
2419,2,3229,1755,1474,0,0,0,1.0,1,1.0,1,1.0,1,0.19934697122236816,33
2420,1,3230,1756,1474,0,0,0,1.0,1,1.0,1,1.0,1,0.11586342698625611,34
2421,1,3231,1756,1475,0,0,0,1.0,1,1.0,1,1.0,1,0.10634505142022192,34
2422,3,3234,1758,1476,0,0,0,1.0,1,1.0,1,1.0,1,0.03964433418278179,35
2423,1,3235,1759,1476,0,0,0,1.0,1,1.0,1,1.0,1,0.04186103515721184,36
2424,1,3236,1760,1476,0,0,0,1.0,1,1.0,1,1.0,1,0.04935493537654446,35
2425,4,3240,1763,1477,0,0,0,1.0,1,1.0,1,1.0,1,0.12168037121432156,33
2426,1,3241,1763,1478,0,0,0,1.0,1,1.0,1,1.0,1,0.11737047436463621,34
2427,0,3241,1763,1478,0,0,0,1.0,1,1.0,1,1.0,1,0.12203376743657765,34
2428,0,3241,1763,1478,0,0,0,1.0,1,1.0,1,1.0,1,0.12203376743657765,34
2429,1,3242,1764,1478,0,0,0,1.0,1,1.0,1,1.0,1,0.17823238783465703,34
2430,0,3242,1764,1478,0,0,0,1.0,1,1.0,1,1.0,1,0.2119958859909366,33
2431,2,3244,1765,1479,0,0,0,1.0,1,1.0,1,1.0,1,0.18647837351652535,33
2432,1,3245,1765,1480,0,0,0,1.0,1,1.0,1,1.0,1,0.2023073965864484,33
2433,3,3248,1767,1481,0,0,0,1.0,1,1.0,1,1.0,1,0.187990103005688,34
2434,0,3248,1767,1481,0,0,0,1.0,1,1.0,1,1.0,1,0.187990103005688,34
2435,2,3250,1768,1482,0,0,0,1.0,1,1.0,1,1.0,1,0.19739145530390642,34
2436,3,3253,1769,1484,0,0,0,1.0,1,1.0,1,1.0,1,0.14564544983502778,33
2437,1,3254,1770,1484,0,0,0,1.0,1,1.0,1,1.0,1,0.16069918085916648,33
2438,0,3254,1770,1484,0,0,0,1.0,1,1.0,1,1.0,1,0.14581051309096488,34
2439,1,3255,1770,1485,0,0,0,1.0,1,1.0,1,1.0,1,0.11829482473012548,35
2440,1,3256,1770,1486,0,0,0,1.0,1,1.0,1,1.0,1,0.09291748621550187,35
2441,1,3257,1771,1486,0,0,0,1.0,1,1.0,1,1.0,1,0.1247543265357125,35
2442,0,3257,1771,1486,0,0,0,1.0,1,1.0,1,1.0,1,0.10765633977761675,35
2443,3,3260,1774,1486,0,0,0,1.0,1,1.0,1,1.0,1,0.20386127833971626,35
2444,2,3262,1775,1487,0,0,0,1.0,1,1.0,1,1.0,1,0.21045349152422685,34
2445,2,3264,1776,1488,0,0,0,1.0,1,1.0,1,1.0,1,0.2339563426145263,33
2446,5,3269,1776,1493,0,0,0,1.0,1,1.0,1,1.0,1,0.13244235174357327,30
2447,0,3269,1776,1493,0,0,0,1.0,1,1.0,1,1.0,1,0.10956018618891383,29
2448,1,3270,1777,1493,0,0,0,1.0,1,1.0,1,1.0,1,0.07946900737347311,27
2449,0,3270,1777,1493,0,0,0,1.0,1,1.0,1,1.0,1,0.08810459228547986,26
2450,1,3271,1778,1493,0,0,0,1.0,1,1.0,1,1.0,1,0.12079625992106335,28
2451,0,3271,1778,1493,0,0,0,1.0,1,1.0,1,1.0,1,0.12079625992106335,28
2452,1,3272,1779,1493,0,0,0,1.0,1,1.0,1,1.0,1,0.11377488112018636,29
2453,1,3273,1780,1493,0,0,0,1.0,1,1.0,1,1.0,1,0.1165417163185371,30
2454,4,3277,1782,1495,0,0,0,1.0,1,1.0,1,1.0,1,0.05301241385936698,32
2455,2,3279,1783,1496,0,0,0,1.0,1,1.0,1,1.0,1,0.052817624942130756,33
2456,2,3281,1785,1496,0,0,0,1.0,1,1.0,1,1.0,1,0.08756461502034879,34
2457,2,3283,1786,1497,0,0,0,1.0,1,1.0,1,1.0,1,0.09625318208896637,34
2458,0,3283,1786,1497,0,0,0,1.0,1,1.0,1,1.0,1,0.10464301324942636,36
2459,0,3283,1786,1497,0,0,0,1.0,1,1.0,1,1.0,1,0.10464301324942636,36
2460,1,3284,1787,1497,0,0,0,1.0,1,1.0,1,1.0,1,0.1231381860159267,37
2461,3,3287,1789,1498,0,0,0,1.0,1,1.0,1,1.0,1,0.11466817681524061,37
2462,2,3289,1791,1498,0,0,0,1.0,1,1.0,1,1.0,1,0.16608450366987873,38
2463,0,3289,1791,1498,0,0,0,1.0,1,1.0,1,1.0,1,0.1479808534893106,38
2464,2,3291,1792,1499,0,0,0,1.0,1,1.0,1,1.0,1,0.10583730576425766,37
2465,1,3292,1793,1499,0,0,0,1.0,1,1.0,1,1.0,1,0.11851059699968906,36
2466,3,3295,1794,1501,0,0,0,1.0,1,1.0,1,1.0,1,0.07100889792487933,36
2467,0,3295,1794,1501,0,0,0,1.0,1,1.0,1,1.0,1,0.101425602397375,34
2468,1,3296,1795,1501,0,0,0,1.0,1,1.0,1,1.0,1,0.14667554571346314,33
2469,1,3297,1796,1501,0,0,0,1.0,1,1.0,1,1.0,1,0.15553430855264078,32
2470,0,3297,1796,1501,0,0,0,1.0,1,1.0,1,1.0,1,0.1386768366757602,33
2471,2,3299,1796,1503,0,0,0,1.0,1,1.0,1,1.0,1,0.11547241663052325,31
2472,0,3299,1796,1503,0,0,0,1.0,1,1.0,1,1.0,1,0.1257212482394223,32
2473,1,3300,1797,1503,0,0,0,1.0,1,1.0,1,1.0,1,0.13815510483338436,31
2474,2,3302,1798,1504,0,0,0,1.0,1,1.0,1,1.0,1,0.12811830186828574,33
2475,4,3306,1799,1507,0,0,0,1.0,1,1.0,1,1.0,1,0.1610586564193513,33
2476,2,3308,1800,1508,0,0,0,1.0,1,1.0,1,1.0,1,0.20103129501092856,33
2477,1,3309,1801,1508,0,0,0,1.0,1,1.0,1,1.0,1,0.23206869622529977,33
2478,0,3309,1801,1508,0,0,0,1.0,1,1.0,1,1.0,1,0.23206869622529977,33
2479,2,3311,1803,1508,0,0,0,1.0,1,1.0,1,1.0,1,0.26303231620247686,33
2480,2,3313,1804,1509,0,0,0,1.0,1,1.0,1,1.0,1,0.22954101516941433,34
2481,5,3318,1807,1511,0,0,0,1.0,1,1.0,1,1.0,1,0.16376169073291547,33
2482,2,3320,1808,1512,0,0,0,1.0,1,1.0,1,1.0,1,0.12104684940617648,34
2483,0,3320,1808,1512,0,0,0,1.0,1,1.0,1,1.0,1,0.10209609815830675,33
2484,1,3321,1809,1512,0,0,0,1.0,1,1.0,1,1.0,1,0.08912529870955721,32
2485,1,3322,1810,1512,0,0,0,1.0,1,1.0,1,1.0,1,0.0471670171104403,31
2486,2,3324,1812,1512,0,0,0,1.0,1,1.0,1,1.0,1,0.07743079370783942,29
2487,0,3324,1812,1512,0,0,0,1.0,1,1.0,1,1.0,1,0.07743079370783942,29
2488,2,3326,1814,1512,0,0,0,1.0,1,1.0,1,1.0,1,0.09844770400906677,30
2489,1,3327,1815,1512,0,0,0,1.0,1,1.0,1,1.0,1,0.034099089613991856,29
2490,0,3327,1815,1512,0,0,0,1.0,1,1.0,1,1.0,1,0.03693014419487243,30
2491,1,3328,1816,1512,0,0,0,1.0,1,1.0,1,1.0,1,0.03913459457493972,30
2492,0,3328,1816,1512,0,0,0,1.0,1,1.0,1,1.0,1,0.06830322750878114,29
2493,0,3328,1816,1512,0,0,0,1.0,1,1.0,1,1.0,1,0.06830322750878114,29
2494,1,3329,1817,1512,0,0,0,1.0,1,1.0,1,1.0,1,0.04022448684119389,28
2495,0,3329,1817,1512,0,0,0,1.0,1,1.0,1,1.0,1,0.029828197411195172,29
2496,0,3329,1817,1512,0,0,0,1.0,1,1.0,1,1.0,1,0.033076827980018604,28
2497,0,3329,1817,1512,0,0,0,1.0,1,1.0,1,1.0,1,0.05878160705921434,28
2498,0,3329,1817,1512,0,0,0,1.0,1,1.0,1,1.0,1,0.08478432861664846,29
2499,0,3329,1817,1512,0,0,0,1.0,1,1.0,1,1.0,1,0.09087053729586161,30
2500,1,3330,1818,1512,0,0,0,1.0,1,1.0,1,1.0,1,0.09923724451117542,29
2501,4,3334,1821,1513,0,0,0,1.0,1,1.0,1,1.0,1,0.05746007634166975,33
2502,1,3335,1822,1513,0,0,0,1.0,1,1.0,1,1.0,1,0.0715929603571923,33
2503,2,3337,1824,1513,0,0,0,1.0,1,1.0,1,1.0,1,0.09668752248951125,31
2504,2,3339,1826,1513,0,0,0,1.0,1,1.0,1,1.0,1,0.06714180120663626,31
2505,2,3341,1828,1513,0,0,0,1.0,1,1.0,1,1.0,1,0.040050577011630756,32
2506,2,3343,1830,1513,0,0,0,1.0,1,1.0,1,1.0,1,0.10099986457226252,31
2507,3,3346,1833,1513,0,0,0,1.0,1,1.0,1,1.0,1,0.18683204146879606,29
2508,3,3349,1835,1514,0,0,0,1.0,1,1.0,1,1.0,1,0.1553484696729587,31
2509,1,3350,1835,1515,0,0,0,1.0,1,1.0,1,1.0,1,0.1361124059810204,30
2510,0,3350,1835,1515,0,0,0,1.0,1,1.0,1,1.0,1,0.17666785492138146,31
2511,2,3352,1836,1516,0,0,0,1.0,1,1.0,1,1.0,1,0.09060293168694131,32
2512,3,3355,1838,1517,0,0,0,1.0,1,1.0,1,1.0,1,0.09305690205631637,32
2513,1,3356,1839,1517,0,0,0,1.0,1,1.0,1,1.0,1,0.07782074703577262,34
2514,2,3358,1840,1518,0,0,0,1.0,1,1.0,1,1.0,1,0.05920310363364826,35
2515,0,3358,1840,1518,0,0,0,1.0,1,1.0,1,1.0,1,0.05920310363364826,35
2516,1,3359,1841,1518,0,0,0,1.0,1,1.0,1,1.0,1,0.1625084111270908,34
2517,5,3364,1842,1522,0,0,0,1.0,1,1.0,1,1.0,1,0.09478111066381953,34
2518,1,3365,1843,1522,0,0,0,1.0,1,1.0,1,1.0,1,0.13460056686120309,33
2519,0,3365,1843,1522,0,0,0,1.0,1,1.0,1,1.0,1,0.10201022550926397,32
2520,1,3366,1844,1522,0,0,0,1.0,1,1.0,1,1.0,1,0.07971264881072765,31
2521,1,3367,1845,1522,0,0,0,1.0,1,1.0,1,1.0,1,0.07628155731414658,31
2522,0,3367,1845,1522,0,0,0,1.0,1,1.0,1,1.0,1,0.04312589688657807,30
2523,0,3367,1845,1522,0,0,0,1.0,1,1.0,1,1.0,1,0.06457262026488245,30
2524,1,3368,1845,1523,0,0,0,1.0,1,1.0,1,1.0,1,0.10052005202801116,29
2525,0,3368,1845,1523,0,0,0,1.0,1,1.0,1,1.0,1,0.10052005202801116,29
2526,0,3368,1845,1523,0,0,0,1.0,1,1.0,1,1.0,1,0.13728905113686407,27
2527,0,3368,1845,1523,0,0,0,1.0,1,1.0,1,1.0,1,0.1212148241804461,28
2528,0,3368,1845,1523,0,0,0,1.0,1,1.0,1,1.0,1,0.1212148241804461,28
2529,0,3368,1845,1523,0,0,0,1.0,1,1.0,1,1.0,1,0.1212148241804461,28
2530,1,3369,1845,1524,0,0,0,1.0,1,1.0,1,1.0,1,0.08298126094415657,29
2531,0,3369,1845,1524,0,0,0,1.0,1,1.0,1,1.0,1,0.08886065116336628,30
2532,0,3369,1845,1524,0,0,0,1.0,1,1.0,1,1.0,1,0.08051606824657428,31
2533,1,3370,1846,1524,0,0,0,1.0,1,1.0,1,1.0,1,0.12090990056692134,31
2534,0,3370,1846,1524,0,0,0,1.0,1,1.0,1,1.0,1,0.12090990056692134,31
2535,1,3371,1847,1524,0,0,0,1.0,1,1.0,1,1.0,1,0.14840996937538736,31
2536,1,3372,1847,1525,0,0,0,1.0,1,1.0,1,1.0,1,0.1623314437061323,32
2537,3,3375,1849,1526,0,0,0,1.0,1,1.0,1,1.0,1,0.12732542117602585,33
2538,0,3375,1849,1526,0,0,0,1.0,1,1.0,1,1.0,1,0.12164381175033688,35
2539,2,3377,1851,1526,0,0,0,1.0,1,1.0,1,1.0,1,0.15293856666932415,37
2540,7,3384,1855,1529,0,0,0,1.0,1,1.0,1,1.0,1,0.16000486578699855,38
2541,0,3384,1855,1529,0,0,0,1.0,1,1.0,1,1.0,1,0.15143873995365362,39
2542,3,3387,1858,1529,0,0,0,1.0,1,1.0,1,1.0,1,0.19876976129383497,38
2543,2,3389,1860,1529,0,0,0,1.0,1,1.0,1,1.0,1,0.17959767761772452,41
2544,1,3390,1861,1529,0,0,0,1.0,1,1.0,1,1.0,1,0.16648272391899016,39
2545,1,3391,1862,1529,0,0,0,1.0,1,1.0,1,1.0,1,0.1964751899485969,40
2546,1,3392,1863,1529,0,0,0,1.0,1,1.0,1,1.0,1,0.17352878429110485,38
2547,3,3395,1866,1529,0,0,0,1.0,1,1.0,1,1.0,1,0.1641384554800979,38
2548,0,3395,1866,1529,0,0,0,1.0,1,1.0,1,1.0,1,0.1441279960492192,35
2549,0,3395,1866,1529,0,0,0,1.0,1,1.0,1,1.0,1,0.13150372165720253,35
2550,0,3395,1866,1529,0,0,0,1.0,1,1.0,1,1.0,1,0.1344470346973982,33
2551,1,3396,1867,1529,0,0,0,1.0,1,1.0,1,1.0,1,0.19306211362615286,31
2552,0,3396,1867,1529,0,0,0,1.0,1,1.0,1,1.0,1,0.2008464373572543,30
2553,1,3397,1868,1529,0,0,0,1.0,1,1.0,1,1.0,1,0.23718493544276756,30
2554,0,3397,1868,1529,0,0,0,1.0,1,1.0,1,1.0,1,0.22452770400470887,32
2555,0,3397,1868,1529,0,0,0,1.0,1,1.0,1,1.0,1,0.2564081798750984,32
2556,2,3399,1870,1529,0,0,0,1.0,1,1.0,1,1.0,1,0.20766572422491147,32
2557,1,3400,1871,1529,0,0,0,1.0,1,1.0,1,1.0,1,0.20778725431280282,30
2558,0,3400,1871,1529,0,0,0,1.0,1,1.0,1,1.0,1,0.1717019809754598,31
2559,0,3400,1871,1529,0,0,0,1.0,1,1.0,1,1.0,1,0.15954741200548278,30
2560,0,3400,1871,1529,0,0,0,1.0,1,1.0,1,1.0,1,0.15954741200548278,30
2561,0,3400,1871,1529,0,0,0,1.0,1,1.0,1,1.0,1,0.15954741200548278,30
2562,0,3400,1871,1529,0,0,0,1.0,1,1.0,1,1.0,1,0.16646273489155242,33
2563,0,3400,1871,1529,0,0,0,1.0,1,1.0,1,1.0,1,0.16646273489155242,33
2564,0,3400,1871,1529,0,0,0,1.0,1,1.0,1,1.0,1,0.16646273489155242,33
2565,1,3401,1872,1529,0,0,0,1.0,1,1.0,1,1.0,1,0.14100354075954258,33
2566,1,3402,1873,1529,0,0,0,1.0,1,1.0,1,1.0,1,0.14074663476196111,35
2567,2,3404,1875,1529,0,0,0,1.0,1,1.0,1,1.0,1,0.1646074323090838,36
2568,2,3406,1876,1530,0,0,0,1.0,1,1.0,1,1.0,1,0.18581192482967052,37
2569,0,3406,1876,1530,0,0,0,1.0,1,1.0,1,1.0,1,0.18581192482967052,37
2570,0,3406,1876,1530,0,0,0,1.0,1,1.0,1,1.0,1,0.19714944090878272,37
2571,0,3406,1876,1530,0,0,0,1.0,1,1.0,1,1.0,1,0.19714944090878272,37
2572,0,3406,1876,1530,0,0,0,1.0,1,1.0,1,1.0,1,0.17665526384990732,39
2573,0,3406,1876,1530,0,0,0,1.0,1,1.0,1,1.0,1,0.17665526384990732,39
2574,0,3406,1876,1530,0,0,0,1.0,1,1.0,1,1.0,1,0.17471569501214215,38
2575,0,3406,1876,1530,0,0,0,1.0,1,1.0,1,1.0,1,0.17471569501214215,38
2576,0,3406,1876,1530,0,0,0,1.0,1,1.0,1,1.0,1,0.2031741225103959,37
2577,1,3407,1877,1530,0,0,0,1.0,1,1.0,1,1.0,1,0.2169964576149346,39
2578,4,3411,1879,1532,0,0,0,1.0,1,1.0,1,1.0,1,0.2287440614511133,40
2579,1,3412,1879,1533,0,0,0,1.0,1,1.0,1,1.0,1,0.19812359483420522,41
2580,3,3415,1880,1535,0,0,0,1.0,1,1.0,1,1.0,1,0.16638324356868536,42
2581,2,3417,1880,1537,0,0,0,1.0,1,1.0,1,1.0,1,0.11153900548983581,43
2582,2,3419,1880,1539,0,0,0,1.0,1,1.0,1,1.0,1,0.05868261317362092,43
2583,3,3422,1881,1541,0,0,0,1.0,1,1.0,1,1.0,1,0.04217154413257558,43
2584,2,3424,1881,1543,0,0,0,1.0,1,1.0,1,1.0,1,0.010370595696146902,43
2585,1,3425,1881,1544,0,0,0,1.0,1,1.0,1,1.0,1,0.045396511421368704,44
2586,0,3425,1881,1544,0,0,0,1.0,1,1.0,1,1.0,1,0.03663326872077377,43
2587,4,3429,1885,1544,0,0,0,1.0,1,1.0,1,1.0,1,0.0477098869398188,44
2588,0,3429,1885,1544,0,0,0,1.0,1,1.0,1,1.0,1,0.0477098869398188,44
2589,2,3431,1887,1544,0,0,0,1.0,1,1.0,1,1.0,1,0.06136735377912544,44
2590,1,3432,1888,1544,0,0,0,1.0,1,1.0,1,1.0,1,0.028529658752741893,44
2591,1,3433,1889,1544,0,0,0,1.0,1,1.0,1,1.0,1,0.04379938962032752,44
2592,2,3435,1890,1545,0,0,0,1.0,1,1.0,1,1.0,1,0.05047885371642912,44
2593,3,3438,1892,1546,0,0,0,1.0,1,1.0,1,1.0,1,0.04020715880578263,43
2594,1,3439,1893,1546,0,0,0,1.0,1,1.0,1,1.0,1,0.04846563361087153,48
2595,1,3440,1894,1546,0,0,0,1.0,1,1.0,1,1.0,1,0.04154606781473148,45
2596,0,3440,1894,1546,0,0,0,1.0,1,1.0,1,1.0,1,0.0534239493089685,46
2597,1,3441,1895,1546,0,0,0,1.0,1,1.0,1,1.0,1,0.04252578888585123,45
2598,1,3442,1896,1546,0,0,0,1.0,1,1.0,1,1.0,1,0.06611963309908594,45
2599,2,3444,1898,1546,0,0,0,1.0,1,1.0,1,1.0,1,0.09127133252881552,45
2600,1,3445,1899,1546,0,0,0,1.0,1,1.0,1,1.0,1,0.07798196240672603,48
2601,2,3447,1899,1548,0,0,0,1.0,1,1.0,1,1.0,1,0.040161798949849,47
2602,0,3447,1899,1548,0,0,0,1.0,1,1.0,1,1.0,1,0.034199453380580065,48
2603,0,3447,1899,1548,0,0,0,1.0,1,1.0,1,1.0,1,0.034199453380580065,48
2604,0,3447,1899,1548,0,0,0,1.0,1,1.0,1,1.0,1,0.03290214978697694,47
2605,0,3447,1899,1548,0,0,0,1.0,1,1.0,1,1.0,1,0.03290214978697694,47
2606,0,3447,1899,1548,0,0,0,1.0,1,1.0,1,1.0,1,0.019910867500892878,46
2607,0,3447,1899,1548,0,0,0,1.0,1,1.0,1,1.0,1,0.024926590305204926,45
2608,1,3448,1900,1548,0,0,0,1.0,1,1.0,1,1.0,1,0.01807813614613732,45
2609,1,3449,1901,1548,0,0,0,1.0,1,1.0,1,1.0,1,0.03882808800188829,44
2610,2,3451,1903,1548,0,0,0,1.0,1,1.0,1,1.0,1,0.10537851540752363,45
2611,7,3458,1908,1550,0,0,0,1.0,1,1.0,1,1.0,1,0.11514701916633586,46
2612,2,3460,1910,1550,0,0,0,1.0,1,1.0,1,1.0,1,0.12615226894085263,47
2613,1,3461,1911,1550,0,0,0,1.0,1,1.0,1,1.0,1,0.1590490115266324,48
2614,2,3463,1913,1550,0,0,0,1.0,1,1.0,1,1.0,1,0.22283311206419612,48
2615,3,3466,1916,1550,0,0,0,1.0,1,1.0,1,1.0,1,0.20292249024895712,49
2616,4,3470,1916,1554,0,0,0,1.0,1,1.0,1,1.0,1,0.16179482800814596,49
2617,0,3470,1916,1554,0,0,0,1.0,1,1.0,1,1.0,1,0.14725523609254954,48
2618,0,3470,1916,1554,0,0,0,1.0,1,1.0,1,1.0,1,0.1546889186933676,47
2619,0,3470,1916,1554,0,0,0,1.0,1,1.0,1,1.0,1,0.13083611841111703,50
2620,3,3473,1919,1554,0,0,0,1.0,1,1.0,1,1.0,1,0.15853919432308958,51
2621,4,3477,1920,1557,0,0,0,1.0,1,1.0,1,1.0,1,0.13482157402080544,52
2622,2,3479,1922,1557,0,0,0,1.0,1,1.0,1,1.0,1,0.12978709720790488,52
2623,1,3480,1922,1558,0,0,0,1.0,1,1.0,1,1.0,1,0.11374478940840549,53
2624,1,3481,1923,1558,0,0,0,1.0,1,1.0,1,1.0,1,0.14053611341248512,51
2625,3,3484,1925,1559,0,0,0,1.0,1,1.0,1,1.0,1,0.13729501519974105,50
2626,3,3487,1925,1562,0,0,0,1.0,1,1.0,1,1.0,1,0.10465833291027564,49
2627,0,3487,1925,1562,0,0,0,1.0,1,1.0,1,1.0,1,0.12662012710363552,48
2628,2,3489,1926,1563,0,0,0,1.0,1,1.0,1,1.0,1,0.12922050348950978,48
2629,0,3489,1926,1563,0,0,0,1.0,1,1.0,1,1.0,1,0.12756047643705978,47
2630,0,3489,1926,1563,0,0,0,1.0,1,1.0,1,1.0,1,0.14306909007977206,47
2631,1,3490,1927,1563,0,0,0,1.0,1,1.0,1,1.0,1,0.12568914775256945,47
2632,0,3490,1927,1563,0,0,0,1.0,1,1.0,1,1.0,1,0.14001099087874636,47
2633,2,3492,1929,1563,0,0,0,1.0,1,1.0,1,1.0,1,0.14360923060480302,44
2634,0,3492,1929,1563,0,0,0,1.0,1,1.0,1,1.0,1,0.1435725730036541,44
2635,4,3496,1931,1565,0,0,0,1.0,1,1.0,1,1.0,1,0.10029619471363872,45
2636,4,3500,1934,1566,0,0,0,1.0,1,1.0,1,1.0,1,0.15251710479839917,40
2637,5,3505,1937,1568,0,0,0,1.0,1,1.0,1,1.0,1,0.09606731997412606,41
2638,3,3508,1940,1568,0,0,0,1.0,1,1.0,1,1.0,1,0.14473137182491624,38
2639,0,3508,1940,1568,0,0,0,1.0,1,1.0,1,1.0,1,0.15566113769184087,39
2640,2,3510,1942,1568,0,0,0,1.0,1,1.0,1,1.0,1,0.17598646557271216,38
2641,3,3513,1943,1570,0,0,0,1.0,1,1.0,1,1.0,1,0.12156217581166448,37
2642,2,3515,1945,1570,0,0,0,1.0,1,1.0,1,1.0,1,0.1468522184963359,38
2643,1,3516,1945,1571,0,0,0,1.0,1,1.0,1,1.0,1,0.08156786730446777,37
2644,2,3518,1947,1571,0,0,0,1.0,1,1.0,1,1.0,1,0.09821647106780299,36
2645,0,3518,1947,1571,0,0,0,1.0,1,1.0,1,1.0,1,0.07547047403001593,35
2646,1,3519,1948,1571,0,0,0,1.0,1,1.0,1,1.0,1,0.1106513156461896,35
2647,3,3522,1951,1571,0,0,0,1.0,1,1.0,1,1.0,1,0.11284584902370175,35
2648,0,3522,1951,1571,0,0,0,1.0,1,1.0,1,1.0,1,0.08456827221565125,36
2649,1,3523,1951,1572,0,0,0,1.0,1,1.0,1,1.0,1,0.06058529855188086,37
2650,2,3525,1953,1572,0,0,0,1.0,1,1.0,1,1.0,1,0.07277407783995328,39
2651,1,3526,1954,1572,0,0,0,1.0,1,1.0,1,1.0,1,0.06552233584123468,39
2652,0,3526,1954,1572,0,0,0,1.0,1,1.0,1,1.0,1,0.06552233584123468,39
2653,0,3526,1954,1572,0,0,0,1.0,1,1.0,1,1.0,1,0.06552233584123468,39
2654,0,3526,1954,1572,0,0,0,1.0,1,1.0,1,1.0,1,0.08449822537680506,40
2655,0,3526,1954,1572,0,0,0,1.0,1,1.0,1,1.0,1,0.08449822537680506,40
2656,2,3528,1956,1572,0,0,0,1.0,1,1.0,1,1.0,1,0.06952308344626056,39
2657,1,3529,1956,1573,0,0,0,1.0,1,1.0,1,1.0,1,0.06443549362005785,40
2658,0,3529,1956,1573,0,0,0,1.0,1,1.0,1,1.0,1,0.08012617295626001,41
2659,0,3529,1956,1573,0,0,0,1.0,1,1.0,1,1.0,1,0.08012617295626001,41
2660,2,3531,1958,1573,0,0,0,1.0,1,1.0,1,1.0,1,0.09396901712887205,40
2661,3,3534,1960,1574,0,0,0,1.0,1,1.0,1,1.0,1,0.09124648400959152,40
2662,3,3537,1961,1576,0,0,0,1.0,1,1.0,1,1.0,1,0.029422063909418265,42
2663,2,3539,1963,1576,0,0,0,1.0,1,1.0,1,1.0,1,0.05121393359092733,41
2664,1,3540,1964,1576,0,0,0,1.0,1,1.0,1,1.0,1,0.08758282445849416,42
2665,4,3544,1967,1577,0,0,0,1.0,1,1.0,1,1.0,1,0.1326756944289375,43
2666,4,3548,1969,1579,0,0,0,1.0,1,1.0,1,1.0,1,0.09970622986504722,44
2667,1,3549,1970,1579,0,0,0,1.0,1,1.0,1,1.0,1,0.16889207840331855,42
2668,3,3552,1971,1581,0,0,0,1.0,1,1.0,1,1.0,1,0.1568113993840341,41
2669,1,3553,1971,1582,0,0,0,1.0,1,1.0,1,1.0,1,0.14265943969619507,42
2670,0,3553,1971,1582,0,0,0,1.0,1,1.0,1,1.0,1,0.17240947734638987,40
2671,3,3556,1972,1584,0,0,0,1.0,1,1.0,1,1.0,1,0.12480279773269631,39
2672,0,3556,1972,1584,0,0,0,1.0,1,1.0,1,1.0,1,0.12143364035066374,36
2673,2,3558,1974,1584,0,0,0,1.0,1,1.0,1,1.0,1,0.12369309434325344,35
2674,1,3559,1975,1584,0,0,0,1.0,1,1.0,1,1.0,1,0.1268359231097124,33
2675,3,3562,1977,1585,0,0,0,1.0,1,1.0,1,1.0,1,0.14230639879007767,34
2676,1,3563,1978,1585,0,0,0,1.0,1,1.0,1,1.0,1,0.07333181594074589,32
2677,4,3567,1981,1586,0,0,0,1.0,1,1.0,1,1.0,1,0.14742977787130696,33
2678,0,3567,1981,1586,0,0,0,1.0,1,1.0,1,1.0,1,0.1366666481653247,33
2679,2,3569,1983,1586,0,0,0,1.0,1,1.0,1,1.0,1,0.15287838923074432,32
2680,1,3570,1984,1586,0,0,0,1.0,1,1.0,1,1.0,1,0.1113901728632019,32
2681,0,3570,1984,1586,0,0,0,1.0,1,1.0,1,1.0,1,0.06310649233288694,32
2682,0,3570,1984,1586,0,0,0,1.0,1,1.0,1,1.0,1,0.030074809041087253,33
2683,0,3570,1984,1586,0,0,0,1.0,1,1.0,1,1.0,1,0.025301109712969956,32
2684,0,3570,1984,1586,0,0,0,1.0,1,1.0,1,1.0,1,0.01983310409856209,31
2685,0,3570,1984,1586,0,0,0,1.0,1,1.0,1,1.0,1,0.01983310409856209,31
2686,0,3570,1984,1586,0,0,0,1.0,1,1.0,1,1.0,1,0.04816975094692105,30
2687,0,3570,1984,1586,0,0,0,1.0,1,1.0,1,1.0,1,0.04816975094692105,30
2688,1,3571,1985,1586,0,0,0,1.0,1,1.0,1,1.0,1,0.07014191663674597,30
2689,2,3573,1987,1586,0,0,0,1.0,1,1.0,1,1.0,1,0.10441686649058472,31
2690,7,3580,1992,1588,0,0,0,1.0,1,1.0,1,1.0,1,0.12732436431745223,31
2691,2,3582,1993,1589,0,0,0,1.0,1,1.0,1,1.0,1,0.09346058484038677,32
2692,3,3585,1995,1590,0,0,0,1.0,1,1.0,1,1.0,1,0.13683001102336206,32
2693,1,3586,1996,1590,0,0,0,1.0,1,1.0,1,1.0,1,0.14387144972833696,33
2694,1,3587,1996,1591,0,0,0,1.0,1,1.0,1,1.0,1,0.13398403117934973,34
2695,2,3589,1996,1593,0,0,0,1.0,1,1.0,1,1.0,1,0.11013011030817585,35
2696,2,3591,1996,1595,0,0,0,1.0,1,1.0,1,1.0,1,0.062414317538821734,35
2697,2,3593,1998,1595,0,0,0,1.0,1,1.0,1,1.0,1,0.08791294236624862,35
2698,1,3594,1998,1596,0,0,0,1.0,1,1.0,1,1.0,1,0.05968871859554505,36
2699,0,3594,1998,1596,0,0,0,1.0,1,1.0,1,1.0,1,0.1097404915151986,36
2700,0,3594,1998,1596,0,0,0,1.0,1,1.0,1,1.0,1,0.11239663101499081,37
2701,1,3595,1999,1596,0,0,0,1.0,1,1.0,1,1.0,1,0.09455822708473471,37
2702,2,3597,2001,1596,0,0,0,1.0,1,1.0,1,1.0,1,0.14152906721771694,37
2703,1,3598,2002,1596,0,0,0,1.0,1,1.0,1,1.0,1,0.11979274651756829,38
2704,2,3600,2003,1597,0,0,0,1.0,1,1.0,1,1.0,1,0.1357966788238077,37
2705,1,3601,2004,1597,0,0,0,1.0,1,1.0,1,1.0,1,0.14520006693203397,36
2706,5,3606,2006,1600,0,0,0,1.0,1,1.0,1,1.0,1,0.11090162008699189,36
2707,1,3607,2007,1600,0,0,0,1.0,1,1.0,1,1.0,1,0.1438516443327856,35
2708,1,3608,2008,1600,0,0,0,1.0,1,1.0,1,1.0,1,0.16886952090307916,36
2709,2,3610,2010,1600,0,0,0,1.0,1,1.0,1,1.0,1,0.1924279092361594,32
2710,1,3611,2011,1600,0,0,0,1.0,1,1.0,1,1.0,1,0.15427373156184374,29
2711,1,3612,2012,1600,0,0,0,1.0,1,1.0,1,1.0,1,0.08663365520006189,29
2712,0,3612,2012,1600,0,0,0,1.0,1,1.0,1,1.0,1,0.09930872167168543,28
2713,0,3612,2012,1600,0,0,0,1.0,1,1.0,1,1.0,1,0.08224424665033847,28
2714,1,3613,2013,1600,0,0,0,1.0,1,1.0,1,1.0,1,0.09544652876788508,26
2715,0,3613,2013,1600,0,0,0,1.0,1,1.0,1,1.0,1,0.11910060528556309,24
2716,1,3614,2014,1600,0,0,0,1.0,1,1.0,1,1.0,1,0.11135823236390208,24
2717,5,3619,2018,1601,0,0,0,1.0,1,1.0,1,1.0,1,0.11780578417471763,25
2718,1,3620,2019,1601,0,0,0,1.0,1,1.0,1,1.0,1,0.1943199693947402,25
2719,3,3623,2021,1602,0,0,0,1.0,1,1.0,1,1.0,1,0.20189005182905143,25
2720,4,3627,2023,1604,0,0,0,1.0,1,1.0,1,1.0,1,0.25939886682824154,25
2721,5,3632,2026,1606,0,0,0,1.0,1,1.0,1,1.0,1,0.17504174274314477,25
2722,2,3634,2027,1607,0,0,0,1.0,1,1.0,1,1.0,1,0.17766337450943612,26
2723,0,3634,2027,1607,0,0,0,1.0,1,1.0,1,1.0,1,0.17766337450943612,26
2724,1,3635,2028,1607,0,0,0,1.0,1,1.0,1,1.0,1,0.12168840962330356,27
2725,0,3635,2028,1607,0,0,0,1.0,1,1.0,1,1.0,1,0.10104651230295698,28
2726,0,3635,2028,1607,0,0,0,1.0,1,1.0,1,1.0,1,0.10104651230295698,28
2727,0,3635,2028,1607,0,0,0,1.0,1,1.0,1,1.0,1,0.10723081185123906,29
2728,1,3636,2028,1608,0,0,0,1.0,1,1.0,1,1.0,1,0.09140666327789436,29
2729,0,3636,2028,1608,0,0,0,1.0,1,1.0,1,1.0,1,0.104008835705113,29
2730,1,3637,2029,1608,0,0,0,1.0,1,1.0,1,1.0,1,0.08896976016964143,29
2731,1,3638,2029,1609,0,0,0,1.0,1,1.0,1,1.0,1,0.03466199841322193,30
2732,1,3639,2030,1609,0,0,0,1.0,1,1.0,1,1.0,1,0.05276520504574002,29
2733,1,3640,2031,1609,0,0,0,1.0,1,1.0,1,1.0,1,0.07309674898249215,29
2734,0,3640,2031,1609,0,0,0,1.0,1,1.0,1,1.0,1,0.07309674898249215,29
2735,1,3641,2032,1609,0,0,0,1.0,1,1.0,1,1.0,1,0.12881425504133717,29
2736,2,3643,2032,1611,0,0,0,1.0,1,1.0,1,1.0,1,0.08686674813916294,30
2737,0,3643,2032,1611,0,0,0,1.0,1,1.0,1,1.0,1,0.11121905612103362,30
2738,2,3645,2034,1611,0,0,0,1.0,1,1.0,1,1.0,1,0.1606469291401483,30
2739,2,3647,2035,1612,0,0,0,1.0,1,1.0,1,1.0,1,0.1351905311836957,29
2740,0,3647,2035,1612,0,0,0,1.0,1,1.0,1,1.0,1,0.1351905311836957,29
2741,1,3648,2035,1613,0,0,0,1.0,1,1.0,1,1.0,1,0.146889923930814,28
2742,2,3650,2037,1613,0,0,0,1.0,1,1.0,1,1.0,1,0.17655277091263147,28
2743,2,3652,2038,1614,0,0,0,1.0,1,1.0,1,1.0,1,0.19915641456381927,29
2744,0,3652,2038,1614,0,0,0,1.0,1,1.0,1,1.0,1,0.1794867399613965,27
2745,2,3654,2040,1614,0,0,0,1.0,1,1.0,1,1.0,1,0.24453602441848543,25
2746,2,3656,2040,1616,0,0,0,1.0,1,1.0,1,1.0,1,0.1318030784398514,25
2747,1,3657,2041,1616,0,0,0,1.0,1,1.0,1,1.0,1,0.16752885665658496,23
2748,0,3657,2041,1616,0,0,0,1.0,1,1.0,1,1.0,1,0.1374893372389379,22
2749,0,3657,2041,1616,0,0,0,1.0,1,1.0,1,1.0,1,0.16410214528955425,19
2750,0,3657,2041,1616,0,0,0,1.0,1,1.0,1,1.0,1,0.13996664675650927,18
2751,0,3657,2041,1616,0,0,0,1.0,1,1.0,1,1.0,1,0.19284218737271253,16
2752,1,3658,2042,1616,0,0,0,1.0,1,1.0,1,1.0,1,0.16211180106105527,15
2753,0,3658,2042,1616,0,0,0,1.0,1,1.0,1,1.0,1,0.16211180106105527,15
2754,0,3658,2042,1616,0,0,0,1.0,1,1.0,1,1.0,1,0.16211180106105527,15
2755,0,3658,2042,1616,0,0,0,1.0,1,1.0,1,1.0,1,0.16211180106105527,15
2756,1,3659,2042,1617,0,0,0,1.0,1,1.0,1,1.0,1,0.12824168057583576,16
2757,0,3659,2042,1617,0,0,0,1.0,1,1.0,1,1.0,1,0.07752905412346474,17
2758,0,3659,2042,1617,0,0,0,1.0,1,1.0,1,1.0,1,0.07752905412346474,17
2759,0,3659,2042,1617,0,0,0,1.0,1,1.0,1,1.0,1,0.07271757591458759,18
2760,0,3659,2042,1617,0,0,0,1.0,1,1.0,1,1.0,1,0.07271757591458759,18
2761,0,3659,2042,1617,0,0,0,1.0,1,1.0,1,1.0,1,0.07271757591458759,18
2762,0,3659,2042,1617,0,0,0,1.0,1,1.0,1,1.0,1,0.07271757591458759,18
2763,0,3659,2042,1617,0,0,0,1.0,1,1.0,1,1.0,1,0.07803400305854893,17
2764,2,3661,2044,1617,0,0,0,1.0,1,1.0,1,1.0,1,0.22142638973461062,17
2765,1,3662,2045,1617,0,0,0,1.0,1,1.0,1,1.0,1,0.2243764412110456,18
2766,0,3662,2045,1617,0,0,0,1.0,1,1.0,1,1.0,1,0.2243764412110456,18
2767,0,3662,2045,1617,0,0,0,1.0,1,1.0,1,1.0,1,0.2243764412110456,18
2768,1,3663,2046,1617,0,0,0,1.0,1,1.0,1,1.0,1,0.20204123685961162,18
2769,1,3664,2047,1617,0,0,0,1.0,1,1.0,1,1.0,1,0.21161643441893813,18
2770,1,3665,2048,1617,0,0,0,1.0,1,1.0,1,1.0,1,0.2423432027038467,18
2771,2,3667,2048,1619,0,0,0,1.0,1,1.0,1,1.0,1,0.12170335215039514,18
2772,0,3667,2048,1619,0,0,0,1.0,1,1.0,1,1.0,1,0.12170335215039514,18
2773,0,3667,2048,1619,0,0,0,1.0,1,1.0,1,1.0,1,0.12170335215039514,18
2774,0,3667,2048,1619,0,0,0,1.0,1,1.0,1,1.0,1,0.16368986912201833,20
2775,2,3669,2050,1619,0,0,0,1.0,1,1.0,1,1.0,1,0.18023376031839586,21
2776,1,3670,2051,1619,0,0,0,1.0,1,1.0,1,1.0,1,0.14992566622316542,21
2777,0,3670,2051,1619,0,0,0,1.0,1,1.0,1,1.0,1,0.1334586679534875,22
2778,1,3671,2052,1619,0,0,0,1.0,1,1.0,1,1.0,1,0.1649917049892392,24
2779,2,3673,2054,1619,0,0,0,1.0,1,1.0,1,1.0,1,0.17382909218791726,24
2780,1,3674,2055,1619,0,0,0,1.0,1,1.0,1,1.0,1,0.12449919475374403,24
2781,0,3674,2055,1619,0,0,0,1.0,1,1.0,1,1.0,1,0.12449919475374403,24
2782,0,3674,2055,1619,0,0,0,1.0,1,1.0,1,1.0,1,0.12449919475374403,24
2783,0,3674,2055,1619,0,0,0,1.0,1,1.0,1,1.0,1,0.12449919475374403,24
2784,1,3675,2055,1620,0,0,0,1.0,1,1.0,1,1.0,1,0.15878243052761543,24
2785,0,3675,2055,1620,0,0,0,1.0,1,1.0,1,1.0,1,0.11784943567171635,22
2786,1,3676,2055,1621,0,0,0,1.0,1,1.0,1,1.0,1,0.12327586793925834,22
2787,0,3676,2055,1621,0,0,0,1.0,1,1.0,1,1.0,1,0.1124925434902004,21
2788,0,3676,2055,1621,0,0,0,1.0,1,1.0,1,1.0,1,0.10839850324062805,20
2789,1,3677,2056,1621,0,0,0,1.0,1,1.0,1,1.0,1,0.1455553602696606,20
2790,1,3678,2056,1622,0,0,0,1.0,1,1.0,1,1.0,1,0.12694850710400266,21
2791,1,3679,2057,1622,0,0,0,1.0,1,1.0,1,1.0,1,0.12625568689380018,21
2792,0,3679,2057,1622,0,0,0,1.0,1,1.0,1,1.0,1,0.12625568689380018,21
2793,0,3679,2057,1622,0,0,0,1.0,1,1.0,1,1.0,1,0.10751675156366487,18
2794,0,3679,2057,1622,0,0,0,1.0,1,1.0,1,1.0,1,0.10751675156366487,18
2795,1,3680,2058,1622,0,0,0,1.0,1,1.0,1,1.0,1,0.11395115248850278,20
2796,1,3681,2059,1622,0,0,0,1.0,1,1.0,1,1.0,1,0.09388484094596024,21
2797,0,3681,2059,1622,0,0,0,1.0,1,1.0,1,1.0,1,0.09388484094596024,21
2798,0,3681,2059,1622,0,0,0,1.0,1,1.0,1,1.0,1,0.09388484094596024,21
2799,0,3681,2059,1622,0,0,0,1.0,1,1.0,1,1.0,1,0.10825345303252093,22
2800,0,3681,2059,1622,0,0,0,1.0,1,1.0,1,1.0,1,0.10825345303252093,22
2801,3,3684,2061,1623,0,0,0,1.0,1,1.0,1,1.0,1,0.16492780027126777,22
2802,0,3684,2061,1623,0,0,0,1.0,1,1.0,1,1.0,1,0.16492780027126777,22
2803,1,3685,2062,1623,0,0,0,1.0,1,1.0,1,1.0,1,0.20275967141115447,22
2804,0,3685,2062,1623,0,0,0,1.0,1,1.0,1,1.0,1,0.21361126634119743,23
2805,0,3685,2062,1623,0,0,0,1.0,1,1.0,1,1.0,1,0.21361126634119743,23
2806,0,3685,2062,1623,0,0,0,1.0,1,1.0,1,1.0,1,0.21361126634119743,23
2807,1,3686,2062,1624,0,0,0,1.0,1,1.0,1,1.0,1,0.171492075557058,24
2808,0,3686,2062,1624,0,0,0,1.0,1,1.0,1,1.0,1,0.171492075557058,24
2809,0,3686,2062,1624,0,0,0,1.0,1,1.0,1,1.0,1,0.1871897422619123,25
2810,0,3686,2062,1624,0,0,0,1.0,1,1.0,1,1.0,1,0.18488639072155397,24
2811,1,3687,2063,1624,0,0,0,1.0,1,1.0,1,1.0,1,0.16084613044796112,26
2812,0,3687,2063,1624,0,0,0,1.0,1,1.0,1,1.0,1,0.16084613044796112,26
2813,1,3688,2064,1624,0,0,0,1.0,1,1.0,1,1.0,1,0.14274197905166247,27
2814,3,3691,2065,1626,0,0,0,1.0,1,1.0,1,1.0,1,0.17451707743546116,29
2815,1,3692,2066,1626,0,0,0,1.0,1,1.0,1,1.0,1,0.16267971216611918,29
2816,0,3692,2066,1626,0,0,0,1.0,1,1.0,1,1.0,1,0.16638034301714763,29
2817,1,3693,2067,1626,0,0,0,1.0,1,1.0,1,1.0,1,0.14310058173265625,29
2818,2,3695,2069,1626,0,0,0,1.0,1,1.0,1,1.0,1,0.159424994142891,29
2819,1,3696,2070,1626,0,0,0,1.0,1,1.0,1,1.0,1,0.13904865370495872,30
2820,2,3698,2071,1627,0,0,0,1.0,1,1.0,1,1.0,1,0.1837233094498894,30
2821,2,3700,2072,1628,0,0,0,1.0,1,1.0,1,1.0,1,0.14392807174751684,31
2822,0,3700,2072,1628,0,0,0,1.0,1,1.0,1,1.0,1,0.16225518075919473,30
2823,2,3702,2073,1629,0,0,0,1.0,1,1.0,1,1.0,1,0.05920019837151451,27
2824,0,3702,2073,1629,0,0,0,1.0,1,1.0,1,1.0,1,0.044180438083132274,28
2825,3,3705,2076,1629,0,0,0,1.0,1,1.0,1,1.0,1,0.11507043895310279,28
2826,2,3707,2077,1630,0,0,0,1.0,1,1.0,1,1.0,1,0.16235843425629248,27
2827,0,3707,2077,1630,0,0,0,1.0,1,1.0,1,1.0,1,0.18433495929213797,28
2828,0,3707,2077,1630,0,0,0,1.0,1,1.0,1,1.0,1,0.21145367189887795,28
2829,1,3708,2078,1630,0,0,0,1.0,1,1.0,1,1.0,1,0.20303635679128781,27
2830,1,3709,2079,1630,0,0,0,1.0,1,1.0,1,1.0,1,0.22254421262141827,27
2831,5,3714,2081,1633,0,0,0,1.0,1,1.0,1,1.0,1,0.1677167979890369,27
2832,1,3715,2081,1634,0,0,0,1.0,1,1.0,1,1.0,1,0.1999320519358917,27
2833,1,3716,2082,1634,0,0,0,1.0,1,1.0,1,1.0,1,0.21393009069017324,26
2834,1,3717,2083,1634,0,0,0,1.0,1,1.0,1,1.0,1,0.12093623932234537,26
2835,1,3718,2084,1634,0,0,0,1.0,1,1.0,1,1.0,1,0.08254133378591387,25
2836,0,3718,2084,1634,0,0,0,1.0,1,1.0,1,1.0,1,0.11561818237610517,27
2837,1,3719,2085,1634,0,0,0,1.0,1,1.0,1,1.0,1,0.15778487480783493,27
2838,0,3719,2085,1634,0,0,0,1.0,1,1.0,1,1.0,1,0.15778487480783493,27
2839,2,3721,2086,1635,0,0,0,1.0,1,1.0,1,1.0,1,0.18425821968354106,29
2840,0,3721,2086,1635,0,0,0,1.0,1,1.0,1,1.0,1,0.18425821968354106,29
2841,3,3724,2087,1637,0,0,0,1.0,1,1.0,1,1.0,1,0.17695920213700755,31
2842,0,3724,2087,1637,0,0,0,1.0,1,1.0,1,1.0,1,0.17695920213700755,31
2843,0,3724,2087,1637,0,0,0,1.0,1,1.0,1,1.0,1,0.11813646398684985,32
2844,5,3729,2090,1639,0,0,0,1.0,1,1.0,1,1.0,1,0.056510263444018514,33
2845,0,3729,2090,1639,0,0,0,1.0,1,1.0,1,1.0,1,0.07364571716366863,32
2846,2,3731,2092,1639,0,0,0,1.0,1,1.0,1,1.0,1,0.07570529687525836,33
2847,2,3733,2093,1640,0,0,0,1.0,1,1.0,1,1.0,1,0.136715007855712,32
2848,2,3735,2095,1640,0,0,0,1.0,1,1.0,1,1.0,1,0.16266832247554158,33
2849,1,3736,2095,1641,0,0,0,1.0,1,1.0,1,1.0,1,0.135986542450549,34
2850,1,3737,2096,1641,0,0,0,1.0,1,1.0,1,1.0,1,0.11522538462146865,34
2851,0,3737,2096,1641,0,0,0,1.0,1,1.0,1,1.0,1,0.11522538462146865,34
2852,7,3744,2101,1643,0,0,0,1.0,1,1.0,1,1.0,1,0.10288060641657121,35
2853,0,3744,2101,1643,0,0,0,1.0,1,1.0,1,1.0,1,0.10699684858266893,36
2854,0,3744,2101,1643,0,0,0,1.0,1,1.0,1,1.0,1,0.11232829428430145,37
2855,1,3745,2102,1643,0,0,0,1.0,1,1.0,1,1.0,1,0.09073267182331367,38
2856,1,3746,2102,1644,0,0,0,1.0,1,1.0,1,1.0,1,0.05175185774137703,38
2857,2,3748,2104,1644,0,0,0,1.0,1,1.0,1,1.0,1,0.056896843501536225,39
2858,0,3748,2104,1644,0,0,0,1.0,1,1.0,1,1.0,1,0.07440877921403145,40
2859,2,3750,2106,1644,0,0,0,1.0,1,1.0,1,1.0,1,0.1348576705809857,40
2860,1,3751,2107,1644,0,0,0,1.0,1,1.0,1,1.0,1,0.11238551399232219,40
2861,2,3753,2108,1645,0,0,0,1.0,1,1.0,1,1.0,1,0.09878951835719518,38
2862,3,3756,2110,1646,0,0,0,1.0,1,1.0,1,1.0,1,0.13699776015274795,38
2863,2,3758,2112,1646,0,0,0,1.0,1,1.0,1,1.0,1,0.1473315401940697,38
2864,1,3759,2113,1646,0,0,0,1.0,1,1.0,1,1.0,1,0.17132799808411278,36
2865,3,3762,2116,1646,0,0,0,1.0,1,1.0,1,1.0,1,0.18085534753186597,34
2866,0,3762,2116,1646,0,0,0,1.0,1,1.0,1,1.0,1,0.14444860942708176,31
2867,1,3763,2117,1646,0,0,0,1.0,1,1.0,1,1.0,1,0.1355597567490934,30
2868,2,3765,2119,1646,0,0,0,1.0,1,1.0,1,1.0,1,0.1837788385236374,27
2869,0,3765,2119,1646,0,0,0,1.0,1,1.0,1,1.0,1,0.2023437458289373,27
2870,1,3766,2120,1646,0,0,0,1.0,1,1.0,1,1.0,1,0.23217502759989575,25
2871,0,3766,2120,1646,0,0,0,1.0,1,1.0,1,1.0,1,0.2320714323354182,25
2872,3,3769,2121,1648,0,0,0,1.0,1,1.0,1,1.0,1,0.19306870483427163,23
2873,1,3770,2121,1649,0,0,0,1.0,1,1.0,1,1.0,1,0.15230218518831715,24
2874,1,3771,2121,1650,0,0,0,1.0,1,1.0,1,1.0,1,0.11548187565217274,24
2875,0,3771,2121,1650,0,0,0,1.0,1,1.0,1,1.0,1,0.18472462270540282,23
2876,2,3773,2122,1651,0,0,0,1.0,1,1.0,1,1.0,1,0.1977786897650785,24
2877,1,3774,2123,1651,0,0,0,1.0,1,1.0,1,1.0,1,0.18370723025223562,24
2878,1,3775,2124,1651,0,0,0,1.0,1,1.0,1,1.0,1,0.19910893436994415,24
2879,2,3777,2126,1651,0,0,0,1.0,1,1.0,1,1.0,1,0.2566610281712973,25
2880,0,3777,2126,1651,0,0,0,1.0,1,1.0,1,1.0,1,0.2564041340166888,26
2881,1,3778,2126,1652,0,0,0,1.0,1,1.0,1,1.0,1,0.24255113252747956,26
2882,0,3778,2126,1652,0,0,0,1.0,1,1.0,1,1.0,1,0.21625683381770397,27
2883,1,3779,2126,1653,0,0,0,1.0,1,1.0,1,1.0,1,0.1868012040942836,28
2884,1,3780,2126,1654,0,0,0,1.0,1,1.0,1,1.0,1,0.16711097671268618,29
2885,1,3781,2126,1655,0,0,0,1.0,1,1.0,1,1.0,1,0.14414632825607318,31
2886,1,3782,2127,1655,0,0,0,1.0,1,1.0,1,1.0,1,0.17207391870578467,31
2887,0,3782,2127,1655,0,0,0,1.0,1,1.0,1,1.0,1,0.1461015824966486,33
2888,5,3787,2129,1658,0,0,0,1.0,1,1.0,1,1.0,1,0.13397317281107993,34
2889,2,3789,2131,1658,0,0,0,1.0,1,1.0,1,1.0,1,0.16674704529221746,35
2890,0,3789,2131,1658,0,0,0,1.0,1,1.0,1,1.0,1,0.16674704529221746,35
2891,1,3790,2131,1659,0,0,0,1.0,1,1.0,1,1.0,1,0.1459183554800309,35
2892,2,3792,2133,1659,0,0,0,1.0,1,1.0,1,1.0,1,0.1842677567170531,35
2893,2,3794,2133,1661,0,0,0,1.0,1,1.0,1,1.0,1,0.1554529429238952,37
2894,0,3794,2133,1661,0,0,0,1.0,1,1.0,1,1.0,1,0.1554529429238952,37
2895,0,3794,2133,1661,0,0,0,1.0,1,1.0,1,1.0,1,0.1554529429238952,37
2896,2,3796,2134,1662,0,0,0,1.0,1,1.0,1,1.0,1,0.1944686186271169,38
2897,0,3796,2134,1662,0,0,0,1.0,1,1.0,1,1.0,1,0.22552674516284213,37
2898,0,3796,2134,1662,0,0,0,1.0,1,1.0,1,1.0,1,0.23956807542463743,38
2899,2,3798,2136,1662,0,0,0,1.0,1,1.0,1,1.0,1,0.263759822847514,37
2900,0,3798,2136,1662,0,0,0,1.0,1,1.0,1,1.0,1,0.24574313397518138,36
2901,1,3799,2136,1663,0,0,0,1.0,1,1.0,1,1.0,1,0.18672766791360335,37
2902,0,3799,2136,1663,0,0,0,1.0,1,1.0,1,1.0,1,0.17461431410509218,35
2903,0,3799,2136,1663,0,0,0,1.0,1,1.0,1,1.0,1,0.18477621971076133,35
2904,0,3799,2136,1663,0,0,0,1.0,1,1.0,1,1.0,1,0.1814644399308316,33
2905,0,3799,2136,1663,0,0,0,1.0,1,1.0,1,1.0,1,0.19677338175453993,34
2906,4,3803,2138,1665,0,0,0,1.0,1,1.0,1,1.0,1,0.2611136568886312,34
2907,0,3803,2138,1665,0,0,0,1.0,1,1.0,1,1.0,1,0.24965548480796623,35
2908,0,3803,2138,1665,0,0,0,1.0,1,1.0,1,1.0,1,0.2570370985441164,36
2909,0,3803,2138,1665,0,0,0,1.0,1,1.0,1,1.0,1,0.26131482906740117,38
2910,0,3803,2138,1665,0,0,0,1.0,1,1.0,1,1.0,1,0.26131482906740117,38
2911,1,3804,2139,1665,0,0,0,1.0,1,1.0,1,1.0,1,0.2794927929246266,37
2912,0,3804,2139,1665,0,0,0,1.0,1,1.0,1,1.0,1,0.2794927929246266,37
2913,1,3805,2139,1666,0,0,0,1.0,1,1.0,1,1.0,1,0.277105392408614,38
2914,0,3805,2139,1666,0,0,0,1.0,1,1.0,1,1.0,1,0.277105392408614,38
2915,1,3806,2139,1667,0,0,0,1.0,1,1.0,1,1.0,1,0.2525178294105276,39
2916,2,3808,2139,1669,0,0,0,1.0,1,1.0,1,1.0,1,0.2455557430188101,40
2917,1,3809,2139,1670,0,0,0,1.0,1,1.0,1,1.0,1,0.20895934497221466,41
2918,2,3811,2139,1672,0,0,0,1.0,1,1.0,1,1.0,1,0.2082086859797705,41
2919,0,3811,2139,1672,0,0,0,1.0,1,1.0,1,1.0,1,0.2082086859797705,41
2920,0,3811,2139,1672,0,0,0,1.0,1,1.0,1,1.0,1,0.20623143465117186,43
2921,2,3813,2139,1674,0,0,0,1.0,1,1.0,1,1.0,1,0.17952440742204914,42
2922,0,3813,2139,1674,0,0,0,1.0,1,1.0,1,1.0,1,0.15684410739833335,43
2923,0,3813,2139,1674,0,0,0,1.0,1,1.0,1,1.0,1,0.16759729857070096,44
2924,0,3813,2139,1674,0,0,0,1.0,1,1.0,1,1.0,1,0.1414784128472027,45
2925,2,3815,2140,1675,0,0,0,1.0,1,1.0,1,1.0,1,0.15923209820668363,45
2926,1,3816,2140,1676,0,0,0,1.0,1,1.0,1,1.0,1,0.12772737029713144,47
2927,0,3816,2140,1676,0,0,0,1.0,1,1.0,1,1.0,1,0.12772737029713144,47
2928,1,3817,2141,1676,0,0,0,1.0,1,1.0,1,1.0,1,0.15162335208771568,48
2929,0,3817,2141,1676,0,0,0,1.0,1,1.0,1,1.0,1,0.15162335208771568,48
2930,1,3818,2141,1677,0,0,0,1.0,1,1.0,1,1.0,1,0.14243750182170659,50
2931,0,3818,2141,1677,0,0,0,1.0,1,1.0,1,1.0,1,0.1366841859102089,51
2932,0,3818,2141,1677,0,0,0,1.0,1,1.0,1,1.0,1,0.1366841859102089,51
2933,0,3818,2141,1677,0,0,0,1.0,1,1.0,1,1.0,1,0.15075181200720192,52
2934,0,3818,2141,1677,0,0,0,1.0,1,1.0,1,1.0,1,0.15075181200720192,52
2935,0,3818,2141,1677,0,0,0,1.0,1,1.0,1,1.0,1,0.17033489474832575,51
2936,1,3819,2142,1677,0,0,0,1.0,1,1.0,1,1.0,1,0.18413669944098546,49
2937,0,3819,2142,1677,0,0,0,1.0,1,1.0,1,1.0,1,0.18757620786082127,50
2938,3,3822,2144,1678,0,0,0,1.0,1,1.0,1,1.0,1,0.19285187400925485,50
2939,0,3822,2144,1678,0,0,0,1.0,1,1.0,1,1.0,1,0.19412816488099574,51
2940,3,3825,2146,1679,0,0,0,1.0,1,1.0,1,1.0,1,0.2003014811439676,52
2941,5,3830,2148,1682,0,0,0,1.0,1,1.0,1,1.0,1,0.21233828878884065,53
2942,0,3830,2148,1682,0,0,0,1.0,1,1.0,1,1.0,1,0.21166366724146005,52
2943,2,3832,2150,1682,0,0,0,1.0,1,1.0,1,1.0,1,0.2481760350485358,51
2944,0,3832,2150,1682,0,0,0,1.0,1,1.0,1,1.0,1,0.22856331373919622,52
2945,2,3834,2151,1683,0,0,0,1.0,1,1.0,1,1.0,1,0.22004783482929488,50
2946,2,3836,2151,1685,0,0,0,1.0,1,1.0,1,1.0,1,0.20870093206445348,51
2947,1,3837,2152,1685,0,0,0,1.0,1,1.0,1,1.0,1,0.20457835552855705,50
2948,2,3839,2153,1686,0,0,0,1.0,1,1.0,1,1.0,1,0.16856106357658102,50
2949,0,3839,2153,1686,0,0,0,1.0,1,1.0,1,1.0,1,0.15718661487164004,49
2950,0,3839,2153,1686,0,0,0,1.0,1,1.0,1,1.0,1,0.17569879431510285,48
2951,1,3840,2153,1687,0,0,0,1.0,1,1.0,1,1.0,1,0.14906683247755764,48
2952,0,3840,2153,1687,0,0,0,1.0,1,1.0,1,1.0,1,0.14467007738054516,46
2953,0,3840,2153,1687,0,0,0,1.0,1,1.0,1,1.0,1,0.14467007738054516,46
2954,1,3841,2154,1687,0,0,0,1.0,1,1.0,1,1.0,1,0.17717376436982427,48
2955,4,3845,2154,1691,0,0,0,1.0,1,1.0,1,1.0,1,0.10685040208632852,48
2956,1,3846,2154,1692,0,0,0,1.0,1,1.0,1,1.0,1,0.1101302778934534,47
2957,2,3848,2154,1694,0,0,0,1.0,1,1.0,1,1.0,1,0.09227458908613202,48
2958,1,3849,2154,1695,0,0,0,1.0,1,1.0,1,1.0,1,0.06665446024340926,49
2959,1,3850,2155,1695,0,0,0,1.0,1,1.0,1,1.0,1,0.04986688050098925,49
2960,0,3850,2155,1695,0,0,0,1.0,1,1.0,1,1.0,1,0.04986688050098925,49
2961,2,3852,2157,1695,0,0,0,1.0,1,1.0,1,1.0,1,0.03627163540762955,51
2962,2,3854,2159,1695,0,0,0,1.0,1,1.0,1,1.0,1,0.050197430189412376,51
2963,2,3856,2161,1695,0,0,0,1.0,1,1.0,1,1.0,1,0.08111544205076596,51
2964,1,3857,2162,1695,0,0,0,1.0,1,1.0,1,1.0,1,0.1025539369615486,52
2965,2,3859,2164,1695,0,0,0,1.0,1,1.0,1,1.0,1,0.11244885644155851,53
2966,5,3864,2166,1698,0,0,0,1.0,1,1.0,1,1.0,1,0.04903076562522595,53
2967,0,3864,2166,1698,0,0,0,1.0,1,1.0,1,1.0,1,0.037203569778503816,53
2968,0,3864,2166,1698,0,0,0,1.0,1,1.0,1,1.0,1,0.02852282673420662,54
2969,2,3866,2168,1698,0,0,0,1.0,1,1.0,1,1.0,1,0.017664238116802598,55
2970,0,3866,2168,1698,0,0,0,1.0,1,1.0,1,1.0,1,0.017664238116802598,55
2971,1,3867,2169,1698,0,0,0,1.0,1,1.0,1,1.0,1,0.017559812174403062,55
2972,1,3868,2170,1698,0,0,0,1.0,1,1.0,1,1.0,1,0.04792462705525655,55
2973,0,3868,2170,1698,0,0,0,1.0,1,1.0,1,1.0,1,0.06632711973763775,55
2974,0,3868,2170,1698,0,0,0,1.0,1,1.0,1,1.0,1,0.06955837029789198,56
2975,0,3868,2170,1698,0,0,0,1.0,1,1.0,1,1.0,1,0.07364025969444432,55
2976,1,3869,2170,1699,0,0,0,1.0,1,1.0,1,1.0,1,0.062446141624155085,57
2977,1,3870,2170,1700,0,0,0,1.0,1,1.0,1,1.0,1,0.06356132569609997,59
2978,3,3873,2172,1701,0,0,0,1.0,1,1.0,1,1.0,1,0.08187135681586376,59
2979,0,3873,2172,1701,0,0,0,1.0,1,1.0,1,1.0,1,0.08187135681586376,59
2980,1,3874,2173,1701,0,0,0,1.0,1,1.0,1,1.0,1,0.11479151466833507,59
2981,4,3878,2175,1703,0,0,0,1.0,1,1.0,1,1.0,1,0.11389356738096452,59
2982,2,3880,2176,1704,0,0,0,1.0,1,1.0,1,1.0,1,0.10152455656161107,61
2983,3,3883,2179,1704,0,0,0,1.0,1,1.0,1,1.0,1,0.10026670823119077,61
2984,3,3886,2180,1706,0,0,0,1.0,1,1.0,1,1.0,1,0.08399048023948316,61
2985,5,3891,2184,1707,0,0,0,1.0,1,1.0,1,1.0,1,0.06908728215112843,57
2986,6,3897,2188,1709,0,0,0,1.0,1,1.0,1,1.0,1,0.04457542347903527,58
2987,1,3898,2189,1709,0,0,0,1.0,1,1.0,1,1.0,1,0.055208939500126064,56
2988,4,3902,2193,1709,0,0,0,1.0,1,1.0,1,1.0,1,0.0774947948322261,55
2989,2,3904,2195,1709,0,0,0,1.0,1,1.0,1,1.0,1,0.09457164000518026,53
2990,2,3906,2197,1709,0,0,0,1.0,1,1.0,1,1.0,1,0.09687320616198253,52
2991,3,3909,2199,1710,0,0,0,1.0,1,1.0,1,1.0,1,0.08647000290086126,54
2992,2,3911,2200,1711,0,0,0,1.0,1,1.0,1,1.0,1,0.07604321500756782,55
2993,2,3913,2202,1711,0,0,0,1.0,1,1.0,1,1.0,1,0.06814460432710388,53
2994,1,3914,2202,1712,0,0,0,1.0,1,1.0,1,1.0,1,0.08467792661255763,53
2995,0,3914,2202,1712,0,0,0,1.0,1,1.0,1,1.0,1,0.09949799506795524,51
2996,3,3917,2203,1714,0,0,0,1.0,1,1.0,1,1.0,1,0.09647784605233824,52
2997,1,3918,2204,1714,0,0,0,1.0,1,1.0,1,1.0,1,0.11489730639805552,50
2998,2,3920,2205,1715,0,0,0,1.0,1,1.0,1,1.0,1,0.09848119401813885,51
2999,0,3920,2205,1715,0,0,0,1.0,1,1.0,1,1.0,1,0.11896120045115734,48
3000,1,3921,2206,1715,0,0,0,1.0,1,1.0,1,1.0,1,0.1338913503133843,48
3001,4,3925,2206,1719,0,0,0,1.0,1,1.0,1,1.0,1,0.049360119179827605,49
3002,1,3926,2207,1719,0,0,0,1.0,1,1.0,1,1.0,1,0.07188343180388027,50
3003,0,3926,2207,1719,0,0,0,1.0,1,1.0,1,1.0,1,0.07188343180388027,50
3004,0,3926,2207,1719,0,0,0,1.0,1,1.0,1,1.0,1,0.06763848626667535,51
3005,0,3926,2207,1719,0,0,0,1.0,1,1.0,1,1.0,1,0.06433253046281737,50
3006,0,3926,2207,1719,0,0,0,1.0,1,1.0,1,1.0,1,0.08040646430163292,51
3007,0,3926,2207,1719,0,0,0,1.0,1,1.0,1,1.0,1,0.08120088137971032,51
3008,2,3928,2207,1721,0,0,0,1.0,1,1.0,1,1.0,1,0.03064596417203333,53
3009,0,3928,2207,1721,0,0,0,1.0,1,1.0,1,1.0,1,0.0499255618091782,52
3010,0,3928,2207,1721,0,0,0,1.0,1,1.0,1,1.0,1,0.0499255618091782,52
3011,1,3929,2208,1721,0,0,0,1.0,1,1.0,1,1.0,1,0.08610207964667316,51
3012,3,3932,2210,1722,0,0,0,1.0,1,1.0,1,1.0,1,0.10365034968201808,54
3013,4,3936,2214,1722,0,0,0,1.0,1,1.0,1,1.0,1,0.09913336013632376,52
3014,2,3938,2216,1722,0,0,0,1.0,1,1.0,1,1.0,1,0.12495271681164222,51
3015,2,3940,2218,1722,0,0,0,1.0,1,1.0,1,1.0,1,0.13567170721882021,50
3016,4,3944,2220,1724,0,0,0,1.0,1,1.0,1,1.0,1,0.10759661702093562,50
3017,3,3947,2223,1724,0,0,0,1.0,1,1.0,1,1.0,1,0.15028752480465454,48
3018,2,3949,2225,1724,0,0,0,1.0,1,1.0,1,1.0,1,0.1434995284967731,48
3019,1,3950,2226,1724,0,0,0,1.0,1,1.0,1,1.0,1,0.13431820951697643,47
3020,2,3952,2228,1724,0,0,0,1.0,1,1.0,1,1.0,1,0.14080804993738394,47
3021,4,3956,2230,1726,0,0,0,1.0,1,1.0,1,1.0,1,0.10947483237559319,46
3022,3,3959,2232,1727,0,0,0,1.0,1,1.0,1,1.0,1,0.13932158095331112,45
3023,2,3961,2234,1727,0,0,0,1.0,1,1.0,1,1.0,1,0.11350057888133468,41
3024,3,3964,2237,1727,0,0,0,1.0,1,1.0,1,1.0,1,0.1248442377732714,43
3025,1,3965,2238,1727,0,0,0,1.0,1,1.0,1,1.0,1,0.1772841660872588,39
3026,4,3969,2239,1730,0,0,0,1.0,1,1.0,1,1.0,1,0.13570802908603796,38
3027,1,3970,2240,1730,0,0,0,1.0,1,1.0,1,1.0,1,0.12602301807704827,38
3028,2,3972,2241,1731,0,0,0,1.0,1,1.0,1,1.0,1,0.14703210621800733,38
3029,1,3973,2242,1731,0,0,0,1.0,1,1.0,1,1.0,1,0.16562710085612892,37
3030,1,3974,2243,1731,0,0,0,1.0,1,1.0,1,1.0,1,0.20153771677441393,38
3031,2,3976,2243,1733,0,0,0,1.0,1,1.0,1,1.0,1,0.1583796671638856,39
3032,1,3977,2243,1734,0,0,0,1.0,1,1.0,1,1.0,1,0.13621129023930845,39
3033,1,3978,2243,1735,0,0,0,1.0,1,1.0,1,1.0,1,0.13568314479414972,39
3034,0,3978,2243,1735,0,0,0,1.0,1,1.0,1,1.0,1,0.14435316458504685,38
3035,0,3978,2243,1735,0,0,0,1.0,1,1.0,1,1.0,1,0.1232872390883653,39
3036,0,3978,2243,1735,0,0,0,1.0,1,1.0,1,1.0,1,0.13471989279043337,39
3037,0,3978,2243,1735,0,0,0,1.0,1,1.0,1,1.0,1,0.15852553669714814,39
3038,2,3980,2244,1736,0,0,0,1.0,1,1.0,1,1.0,1,0.121764430098706,40
3039,3,3983,2245,1738,0,0,0,1.0,1,1.0,1,1.0,1,0.1192889481387399,41
3040,4,3987,2247,1740,0,0,0,1.0,1,1.0,1,1.0,1,0.13287555433904988,42
3041,0,3987,2247,1740,0,0,0,1.0,1,1.0,1,1.0,1,0.12502011027612528,43
3042,1,3988,2248,1740,0,0,0,1.0,1,1.0,1,1.0,1,0.12896770481638353,45
3043,3,3991,2249,1742,0,0,0,1.0,1,1.0,1,1.0,1,0.10303566116761345,45
3044,2,3993,2250,1743,0,0,0,1.0,1,1.0,1,1.0,1,0.09836498922199997,45
3045,0,3993,2250,1743,0,0,0,1.0,1,1.0,1,1.0,1,0.09836498922199997,45
3046,1,3994,2250,1744,0,0,0,1.0,1,1.0,1,1.0,1,0.08837347236155652,46
3047,0,3994,2250,1744,0,0,0,1.0,1,1.0,1,1.0,1,0.08837347236155652,46
3048,3,3997,2250,1747,0,0,0,1.0,1,1.0,1,1.0,1,0.06053599930375055,49
3049,1,3998,2250,1748,0,0,0,1.0,1,1.0,1,1.0,1,0.05625195818600227,50
3050,0,3998,2250,1748,0,0,0,1.0,1,1.0,1,1.0,1,0.05625195818600227,50
3051,2,4000,2252,1748,0,0,0,1.0,1,1.0,1,1.0,1,0.08353469264305761,50
3052,1,4001,2252,1749,0,0,0,1.0,1,1.0,1,1.0,1,0.07393896172828254,50
3053,2,4003,2254,1749,0,0,0,1.0,1,1.0,1,1.0,1,0.09597034078205939,49
3054,1,4004,2255,1749,0,0,0,1.0,1,1.0,1,1.0,1,0.10516987688151129,47
3055,1,4005,2256,1749,0,0,0,1.0,1,1.0,1,1.0,1,0.1244025895035884,48
3056,3,4008,2257,1751,0,0,0,1.0,1,1.0,1,1.0,1,0.11666328191773988,47
3057,2,4010,2258,1752,0,0,0,1.0,1,1.0,1,1.0,1,0.1315265169700365,48
3058,1,4011,2259,1752,0,0,0,1.0,1,1.0,1,1.0,1,0.12184792752440822,46
3059,0,4011,2259,1752,0,0,0,1.0,1,1.0,1,1.0,1,0.1299168149148247,44
3060,1,4012,2260,1752,0,0,0,1.0,1,1.0,1,1.0,1,0.10096447942144911,44
3061,2,4014,2261,1753,0,0,0,1.0,1,1.0,1,1.0,1,0.0774015862541789,42
3062,3,4017,2263,1754,0,0,0,1.0,1,1.0,1,1.0,1,0.045866287180525836,42
3063,3,4020,2266,1754,0,0,0,1.0,1,1.0,1,1.0,1,0.10587745805310782,41
3064,0,4020,2266,1754,0,0,0,1.0,1,1.0,1,1.0,1,0.10823994837153773,42
3065,1,4021,2267,1754,0,0,0,1.0,1,1.0,1,1.0,1,0.11145983158790036,40
3066,4,4025,2269,1756,0,0,0,1.0,1,1.0,1,1.0,1,0.06281967357661421,42
3067,2,4027,2271,1756,0,0,0,1.0,1,1.0,1,1.0,1,0.1340955268639914,40
3068,2,4029,2273,1756,0,0,0,1.0,1,1.0,1,1.0,1,0.13078669884976982,39
3069,0,4029,2273,1756,0,0,0,1.0,1,1.0,1,1.0,1,0.16278067011637118,38
3070,0,4029,2273,1756,0,0,0,1.0,1,1.0,1,1.0,1,0.17986780552561582,39
3071,3,4032,2273,1759,0,0,0,1.0,1,1.0,1,1.0,1,0.13183837288678676,39
3072,2,4034,2274,1760,0,0,0,1.0,1,1.0,1,1.0,1,0.15690505900887475,40
3073,2,4036,2275,1761,0,0,0,1.0,1,1.0,1,1.0,1,0.20666579542825095,38
3074,0,4036,2275,1761,0,0,0,1.0,1,1.0,1,1.0,1,0.18343919521966234,38
3075,3,4039,2276,1763,0,0,0,1.0,1,1.0,1,1.0,1,0.20128530855699825,41
3076,5,4044,2277,1767,0,0,0,1.0,1,1.0,1,1.0,1,0.13173027845964339,42
3077,1,4045,2277,1768,0,0,0,1.0,1,1.0,1,1.0,1,0.11635560268987345,42
3078,0,4045,2277,1768,0,0,0,1.0,1,1.0,1,1.0,1,0.11635560268987345,42
3079,0,4045,2277,1768,0,0,0,1.0,1,1.0,1,1.0,1,0.11635560268987345,42
3080,0,4045,2277,1768,0,0,0,1.0,1,1.0,1,1.0,1,0.10978825208885988,43
3081,1,4046,2277,1769,0,0,0,1.0,1,1.0,1,1.0,1,0.09126274233616008,44
3082,0,4046,2277,1769,0,0,0,1.0,1,1.0,1,1.0,1,0.11150335433920462,45
3083,0,4046,2277,1769,0,0,0,1.0,1,1.0,1,1.0,1,0.11150335433920462,45
3084,1,4047,2278,1769,0,0,0,1.0,1,1.0,1,1.0,1,0.09839418005265879,45
3085,0,4047,2278,1769,0,0,0,1.0,1,1.0,1,1.0,1,0.1270718210987187,46
3086,1,4048,2279,1769,0,0,0,1.0,1,1.0,1,1.0,1,0.11795361715980475,46
3087,1,4049,2280,1769,0,0,0,1.0,1,1.0,1,1.0,1,0.14292286248823316,47
3088,3,4052,2281,1771,0,0,0,1.0,1,1.0,1,1.0,1,0.1531458014835805,48
3089,1,4053,2281,1772,0,0,0,1.0,1,1.0,1,1.0,1,0.13815720801143727,46
3090,1,4054,2281,1773,0,0,0,1.0,1,1.0,1,1.0,1,0.13324297299826632,46
3091,1,4055,2281,1774,0,0,0,1.0,1,1.0,1,1.0,1,0.10929070263885717,46
3092,3,4058,2283,1775,0,0,0,1.0,1,1.0,1,1.0,1,0.0862612501222826,47
3093,1,4059,2283,1776,0,0,0,1.0,1,1.0,1,1.0,1,0.06215741807080715,47
3094,0,4059,2283,1776,0,0,0,1.0,1,1.0,1,1.0,1,0.048939144890786476,45
3095,0,4059,2283,1776,0,0,0,1.0,1,1.0,1,1.0,1,0.04958505663977672,46
3096,0,4059,2283,1776,0,0,0,1.0,1,1.0,1,1.0,1,0.048014361786890045,46
3097,2,4061,2285,1776,0,0,0,1.0,1,1.0,1,1.0,1,0.08020455366799883,47
3098,0,4061,2285,1776,0,0,0,1.0,1,1.0,1,1.0,1,0.08020455366799883,47
3099,0,4061,2285,1776,0,0,0,1.0,1,1.0,1,1.0,1,0.08020455366799883,47
3100,1,4062,2286,1776,0,0,0,1.0,1,1.0,1,1.0,1,0.05614786910028184,47
3101,1,4063,2286,1777,0,0,0,1.0,1,1.0,1,1.0,1,0.023509472810688256,48
3102,0,4063,2286,1777,0,0,0,1.0,1,1.0,1,1.0,1,0.023509472810688256,48
3103,1,4064,2287,1777,0,0,0,1.0,1,1.0,1,1.0,1,0.03330622553814754,49
3104,1,4065,2288,1777,0,0,0,1.0,1,1.0,1,1.0,1,0.058563510469211884,48
3105,1,4066,2289,1777,0,0,0,1.0,1,1.0,1,1.0,1,0.11616535351488805,45
3106,3,4069,2290,1779,0,0,0,1.0,1,1.0,1,1.0,1,0.14238354357629393,46
3107,2,4071,2291,1780,0,0,0,1.0,1,1.0,1,1.0,1,0.15312045975554478,44
3108,2,4073,2293,1780,0,0,0,1.0,1,1.0,1,1.0,1,0.1682816607175877,45
3109,0,4073,2293,1780,0,0,0,1.0,1,1.0,1,1.0,1,0.18583562533457643,44
3110,3,4076,2296,1780,0,0,0,1.0,1,1.0,1,1.0,1,0.16108342409380572,46
3111,4,4080,2297,1783,0,0,0,1.0,1,1.0,1,1.0,1,0.1118375404407023,46
3112,0,4080,2297,1783,0,0,0,1.0,1,1.0,1,1.0,1,0.12412724821838556,47
3113,1,4081,2298,1783,0,0,0,1.0,1,1.0,1,1.0,1,0.11779562709581018,48
3114,0,4081,2298,1783,0,0,0,1.0,1,1.0,1,1.0,1,0.11732466706663011,48
3115,1,4082,2298,1784,0,0,0,1.0,1,1.0,1,1.0,1,0.1139474501512463,49
3116,2,4084,2298,1786,0,0,0,1.0,1,1.0,1,1.0,1,0.09280464575089999,48
3117,4,4088,2300,1788,0,0,0,1.0,1,1.0,1,1.0,1,0.12386999891832136,49
3118,3,4091,2300,1791,0,0,0,1.0,1,1.0,1,1.0,1,0.10198519936309976,50
3119,0,4091,2300,1791,0,0,0,1.0,1,1.0,1,1.0,1,0.10198519936309976,50
3120,0,4091,2300,1791,0,0,0,1.0,1,1.0,1,1.0,1,0.12511723735318367,50
3121,3,4094,2302,1792,0,0,0,1.0,1,1.0,1,1.0,1,0.09737628008153257,50
3122,0,4094,2302,1792,0,0,0,1.0,1,1.0,1,1.0,1,0.09737628008153257,50
3123,2,4096,2304,1792,0,0,0,1.0,1,1.0,1,1.0,1,0.09120252475351981,51
3124,1,4097,2305,1792,0,0,0,1.0,1,1.0,1,1.0,1,0.10616974446185719,51
3125,1,4098,2306,1792,0,0,0,1.0,1,1.0,1,1.0,1,0.11848825199769952,51
3126,4,4102,2307,1795,0,0,0,1.0,1,1.0,1,1.0,1,0.08107366977233035,54
3127,3,4105,2309,1796,0,0,0,1.0,1,1.0,1,1.0,1,0.08396591254665271,53
3128,0,4105,2309,1796,0,0,0,1.0,1,1.0,1,1.0,1,0.06670621931636316,52
3129,2,4107,2311,1796,0,0,0,1.0,1,1.0,1,1.0,1,0.08859733983784188,51
3130,0,4107,2311,1796,0,0,0,1.0,1,1.0,1,1.0,1,0.07332730521888607,50
3131,2,4109,2313,1796,0,0,0,1.0,1,1.0,1,1.0,1,0.12197529548768056,50
3132,0,4109,2313,1796,0,0,0,1.0,1,1.0,1,1.0,1,0.09661090390399098,49
3133,0,4109,2313,1796,0,0,0,1.0,1,1.0,1,1.0,1,0.09661090390399098,49
3134,0,4109,2313,1796,0,0,0,1.0,1,1.0,1,1.0,1,0.09153841879832968,46
3135,2,4111,2315,1796,0,0,0,1.0,1,1.0,1,1.0,1,0.1335182796724839,47
3136,1,4112,2316,1796,0,0,0,1.0,1,1.0,1,1.0,1,0.10481136891783441,46
3137,2,4114,2318,1796,0,0,0,1.0,1,1.0,1,1.0,1,0.13867904104532677,49
3138,1,4115,2319,1796,0,0,0,1.0,1,1.0,1,1.0,1,0.16603997347231841,49
3139,4,4119,2321,1798,0,0,0,1.0,1,1.0,1,1.0,1,0.15691662995053463,50
3140,2,4121,2322,1799,0,0,0,1.0,1,1.0,1,1.0,1,0.17175065118622027,51
3141,2,4123,2322,1801,0,0,0,1.0,1,1.0,1,1.0,1,0.16871518665317428,50
3142,0,4123,2322,1801,0,0,0,1.0,1,1.0,1,1.0,1,0.16871518665317428,50
3143,0,4123,2322,1801,0,0,0,1.0,1,1.0,1,1.0,1,0.18642375431808614,49
3144,1,4124,2322,1802,0,0,0,1.0,1,1.0,1,1.0,1,0.17714346042758067,49
3145,2,4126,2323,1803,0,0,0,1.0,1,1.0,1,1.0,1,0.20029241797083278,48
3146,5,4131,2323,1808,0,0,0,1.0,1,1.0,1,1.0,1,0.14374940293457567,49
3147,0,4131,2323,1808,0,0,0,1.0,1,1.0,1,1.0,1,0.18543644179237906,48
3148,0,4131,2323,1808,0,0,0,1.0,1,1.0,1,1.0,1,0.18543644179237906,48
3149,1,4132,2324,1808,0,0,0,1.0,1,1.0,1,1.0,1,0.19086385982525825,47
3150,1,4133,2325,1808,0,0,0,1.0,1,1.0,1,1.0,1,0.17804866193230476,47
3151,4,4137,2325,1812,0,0,0,1.0,1,1.0,1,1.0,1,0.14319024221403528,48
3152,0,4137,2325,1812,0,0,0,1.0,1,1.0,1,1.0,1,0.15353088874942983,47
3153,0,4137,2325,1812,0,0,0,1.0,1,1.0,1,1.0,1,0.15353088874942983,47
3154,3,4140,2326,1814,0,0,0,1.0,1,1.0,1,1.0,1,0.13568718551468553,48
3155,0,4140,2326,1814,0,0,0,1.0,1,1.0,1,1.0,1,0.13171644174918015,48
3156,2,4142,2326,1816,0,0,0,1.0,1,1.0,1,1.0,1,0.10561931806905074,48
3157,1,4143,2326,1817,0,0,0,1.0,1,1.0,1,1.0,1,0.12130981639935445,48
3158,0,4143,2326,1817,0,0,0,1.0,1,1.0,1,1.0,1,0.12130981639935445,48
3159,0,4143,2326,1817,0,0,0,1.0,1,1.0,1,1.0,1,0.11576644485312321,49
3160,2,4145,2326,1819,0,0,0,1.0,1,1.0,1,1.0,1,0.09687644917698804,51
3161,1,4146,2326,1820,0,0,0,1.0,1,1.0,1,1.0,1,0.07996900705711686,52
3162,1,4147,2327,1820,0,0,0,1.0,1,1.0,1,1.0,1,0.10118860216016053,51
3163,1,4148,2328,1820,0,0,0,1.0,1,1.0,1,1.0,1,0.0947486537281361,51
3164,2,4150,2329,1821,0,0,0,1.0,1,1.0,1,1.0,1,0.11318143649082746,52
3165,0,4150,2329,1821,0,0,0,1.0,1,1.0,1,1.0,1,0.08842247718289924,50
3166,1,4151,2329,1822,0,0,0,1.0,1,1.0,1,1.0,1,0.06587857690707269,50
3167,4,4155,2333,1822,0,0,0,1.0,1,1.0,1,1.0,1,0.08019656952794597,49
3168,1,4156,2334,1822,0,0,0,1.0,1,1.0,1,1.0,1,0.10877050794201225,47
3169,2,4158,2335,1823,0,0,0,1.0,1,1.0,1,1.0,1,0.143511113401826,48
3170,1,4159,2336,1823,0,0,0,1.0,1,1.0,1,1.0,1,0.20651962423941927,47
3171,5,4164,2337,1827,0,0,0,1.0,1,1.0,1,1.0,1,0.16953268074533076,47
3172,2,4166,2338,1828,0,0,0,1.0,1,1.0,1,1.0,1,0.16654668540812198,46
3173,0,4166,2338,1828,0,0,0,1.0,1,1.0,1,1.0,1,0.12575035703991946,45
3174,0,4166,2338,1828,0,0,0,1.0,1,1.0,1,1.0,1,0.14113804345106093,43
3175,1,4167,2339,1828,0,0,0,1.0,1,1.0,1,1.0,1,0.12854955559723133,43
3176,1,4168,2339,1829,0,0,0,1.0,1,1.0,1,1.0,1,0.09754956026922912,44
3177,2,4170,2341,1829,0,0,0,1.0,1,1.0,1,1.0,1,0.10402303429012966,44
3178,0,4170,2341,1829,0,0,0,1.0,1,1.0,1,1.0,1,0.09438743330543806,47
3179,1,4171,2342,1829,0,0,0,1.0,1,1.0,1,1.0,1,0.11947883837495814,48
3180,1,4172,2343,1829,0,0,0,1.0,1,1.0,1,1.0,1,0.10660034520154005,48
3181,1,4173,2343,1830,0,0,0,1.0,1,1.0,1,1.0,1,0.09266902690183558,48
3182,2,4175,2343,1832,0,0,0,1.0,1,1.0,1,1.0,1,0.047866005970333685,51
3183,1,4176,2344,1832,0,0,0,1.0,1,1.0,1,1.0,1,0.050397731014269365,50
3184,4,4180,2345,1835,0,0,0,1.0,1,1.0,1,1.0,1,0.061919578096772114,50
3185,1,4181,2345,1836,0,0,0,1.0,1,1.0,1,1.0,1,0.06061941808688727,48
3186,2,4183,2346,1837,0,0,0,1.0,1,1.0,1,1.0,1,0.04661525770509051,48
3187,0,4183,2346,1837,0,0,0,1.0,1,1.0,1,1.0,1,0.06371588326286408,48
3188,1,4184,2347,1837,0,0,0,1.0,1,1.0,1,1.0,1,0.08485581624847457,48
3189,0,4184,2347,1837,0,0,0,1.0,1,1.0,1,1.0,1,0.09527751609194221,49
3190,2,4186,2348,1838,0,0,0,1.0,1,1.0,1,1.0,1,0.10469871044854158,51
3191,2,4188,2349,1839,0,0,0,1.0,1,1.0,1,1.0,1,0.07124115752127358,52
3192,1,4189,2350,1839,0,0,0,1.0,1,1.0,1,1.0,1,0.061957130468054636,52
3193,2,4191,2351,1840,0,0,0,1.0,1,1.0,1,1.0,1,0.07347049053436772,52
3194,1,4192,2351,1841,0,0,0,1.0,1,1.0,1,1.0,1,0.05599396754028031,54
3195,0,4192,2351,1841,0,0,0,1.0,1,1.0,1,1.0,1,0.05599396754028031,54
3196,1,4193,2352,1841,0,0,0,1.0,1,1.0,1,1.0,1,0.04755381719775975,54
3197,0,4193,2352,1841,0,0,0,1.0,1,1.0,1,1.0,1,0.04568237367509258,54
3198,2,4195,2354,1841,0,0,0,1.0,1,1.0,1,1.0,1,0.06733584766868637,54
3199,3,4198,2356,1842,0,0,0,1.0,1,1.0,1,1.0,1,0.044926912182089454,56
3200,1,4199,2357,1842,0,0,0,1.0,1,1.0,1,1.0,1,0.06967960273412672,56
3201,0,4199,2357,1842,0,0,0,1.0,1,1.0,1,1.0,1,0.06967960273412672,56
3202,3,4202,2359,1843,0,0,0,1.0,1,1.0,1,1.0,1,0.08909612868075695,57
3203,2,4204,2360,1844,0,0,0,1.0,1,1.0,1,1.0,1,0.0845993097454112,56
3204,0,4204,2360,1844,0,0,0,1.0,1,1.0,1,1.0,1,0.07858110800010266,55
3205,0,4204,2360,1844,0,0,0,1.0,1,1.0,1,1.0,1,0.08948342176193266,54
3206,6,4210,2364,1846,0,0,0,1.0,1,1.0,1,1.0,1,0.10491842715278582,56
3207,0,4210,2364,1846,0,0,0,1.0,1,1.0,1,1.0,1,0.1327931859694306,54
3208,3,4213,2366,1847,0,0,0,1.0,1,1.0,1,1.0,1,0.16483460996081428,53
3209,0,4213,2366,1847,0,0,0,1.0,1,1.0,1,1.0,1,0.1573236417312364,54
3210,2,4215,2368,1847,0,0,0,1.0,1,1.0,1,1.0,1,0.1994209130139378,53
3211,1,4216,2369,1847,0,0,0,1.0,1,1.0,1,1.0,1,0.21397971958898224,53
3212,1,4217,2369,1848,0,0,0,1.0,1,1.0,1,1.0,1,0.20235760995131297,54
3213,0,4217,2369,1848,0,0,0,1.0,1,1.0,1,1.0,1,0.18820093640050523,54
3214,1,4218,2369,1849,0,0,0,1.0,1,1.0,1,1.0,1,0.18206585588173543,55
3215,2,4220,2370,1850,0,0,0,1.0,1,1.0,1,1.0,1,0.1626511333340056,55
3216,2,4222,2371,1851,0,0,0,1.0,1,1.0,1,1.0,1,0.17198288336909096,55
3217,4,4226,2374,1852,0,0,0,1.0,1,1.0,1,1.0,1,0.1945367725735888,54
3218,0,4226,2374,1852,0,0,0,1.0,1,1.0,1,1.0,1,0.1945367725735888,54
3219,1,4227,2375,1852,0,0,0,1.0,1,1.0,1,1.0,1,0.1991853580748012,55
3220,0,4227,2375,1852,0,0,0,1.0,1,1.0,1,1.0,1,0.17768010972785317,56
3221,0,4227,2375,1852,0,0,0,1.0,1,1.0,1,1.0,1,0.19102690557583238,57
3222,0,4227,2375,1852,0,0,0,1.0,1,1.0,1,1.0,1,0.19102690557583238,57
3223,1,4228,2376,1852,0,0,0,1.0,1,1.0,1,1.0,1,0.2045590397278665,56
3224,2,4230,2377,1853,0,0,0,1.0,1,1.0,1,1.0,1,0.17729821472100732,58
3225,3,4233,2380,1853,0,0,0,1.0,1,1.0,1,1.0,1,0.1888230033344756,55
3226,1,4234,2381,1853,0,0,0,1.0,1,1.0,1,1.0,1,0.19581452616560224,54
3227,1,4235,2382,1853,0,0,0,1.0,1,1.0,1,1.0,1,0.17406956288852166,53
3228,2,4237,2383,1854,0,0,0,1.0,1,1.0,1,1.0,1,0.14294747664071628,52
3229,0,4237,2383,1854,0,0,0,1.0,1,1.0,1,1.0,1,0.1251583364850813,52
3230,2,4239,2385,1854,0,0,0,1.0,1,1.0,1,1.0,1,0.12357070450900692,50
3231,1,4240,2386,1854,0,0,0,1.0,1,1.0,1,1.0,1,0.14513856885154303,50
3232,3,4243,2389,1854,0,0,0,1.0,1,1.0,1,1.0,1,0.16486401597116926,50
3233,0,4243,2389,1854,0,0,0,1.0,1,1.0,1,1.0,1,0.17385274326697134,50
3234,1,4244,2390,1854,0,0,0,1.0,1,1.0,1,1.0,1,0.19921991304839703,49
3235,2,4246,2392,1854,0,0,0,1.0,1,1.0,1,1.0,1,0.23718976253715582,49
3236,2,4248,2392,1856,0,0,0,1.0,1,1.0,1,1.0,1,0.20248432422140958,51
3237,0,4248,2392,1856,0,0,0,1.0,1,1.0,1,1.0,1,0.21068276487941007,53
3238,2,4250,2393,1857,0,0,0,1.0,1,1.0,1,1.0,1,0.2259643379497464,53
3239,0,4250,2393,1857,0,0,0,1.0,1,1.0,1,1.0,1,0.2259643379497464,53
3240,1,4251,2393,1858,0,0,0,1.0,1,1.0,1,1.0,1,0.20676557407431817,53
3241,0,4251,2393,1858,0,0,0,1.0,1,1.0,1,1.0,1,0.2005157183669031,53
3242,1,4252,2394,1858,0,0,0,1.0,1,1.0,1,1.0,1,0.210052138490412,53
3243,1,4253,2394,1859,0,0,0,1.0,1,1.0,1,1.0,1,0.1838505327855562,56
3244,0,4253,2394,1859,0,0,0,1.0,1,1.0,1,1.0,1,0.193171905080048,57
3245,1,4254,2394,1860,0,0,0,1.0,1,1.0,1,1.0,1,0.17381625993041572,59
3246,0,4254,2394,1860,0,0,0,1.0,1,1.0,1,1.0,1,0.17381625993041572,59
3247,1,4255,2395,1860,0,0,0,1.0,1,1.0,1,1.0,1,0.18501112463772443,59
3248,1,4256,2395,1861,0,0,0,1.0,1,1.0,1,1.0,1,0.16419354658251475,59
3249,1,4257,2395,1862,0,0,0,1.0,1,1.0,1,1.0,1,0.16351839986864444,58
3250,0,4257,2395,1862,0,0,0,1.0,1,1.0,1,1.0,1,0.16351839986864444,58
3251,2,4259,2396,1863,0,0,0,1.0,1,1.0,1,1.0,1,0.17560393754699918,57
3252,1,4260,2396,1864,0,0,0,1.0,1,1.0,1,1.0,1,0.185331964668278,57
3253,1,4261,2396,1865,0,0,0,1.0,1,1.0,1,1.0,1,0.17598413179247774,56
3254,1,4262,2396,1866,0,0,0,1.0,1,1.0,1,1.0,1,0.15086150452515426,57
3255,2,4264,2397,1867,0,0,0,1.0,1,1.0,1,1.0,1,0.14400993860738603,57
3256,2,4266,2397,1869,0,0,0,1.0,1,1.0,1,1.0,1,0.11658995897839336,57
3257,1,4267,2397,1870,0,0,0,1.0,1,1.0,1,1.0,1,0.09600629736861542,57
3258,4,4271,2399,1872,0,0,0,1.0,1,1.0,1,1.0,1,0.036048013360614896,58
3259,1,4272,2399,1873,0,0,0,1.0,1,1.0,1,1.0,1,0.014027574099465272,59
3260,3,4275,2401,1874,0,0,0,1.0,1,1.0,1,1.0,1,0.0275168931888898,60
3261,3,4278,2404,1874,0,0,0,1.0,1,1.0,1,1.0,1,0.06153100853259428,60
3262,3,4281,2407,1874,0,0,0,1.0,1,1.0,1,1.0,1,0.08247575420855427,61
3263,4,4285,2411,1874,0,0,0,1.0,1,1.0,1,1.0,1,0.06020592373920495,62
3264,2,4287,2413,1874,0,0,0,1.0,1,1.0,1,1.0,1,0.07547617183179355,60
3265,3,4290,2416,1874,0,0,0,1.0,1,1.0,1,1.0,1,0.08119675479790703,58
3266,5,4295,2419,1876,0,0,0,1.0,1,1.0,1,1.0,1,0.0802947071608812,59
3267,2,4297,2420,1877,0,0,0,1.0,1,1.0,1,1.0,1,0.1070252752242046,60
3268,1,4298,2421,1877,0,0,0,1.0,1,1.0,1,1.0,1,0.1390702601323464,58
3269,2,4300,2423,1877,0,0,0,1.0,1,1.0,1,1.0,1,0.08608365609803281,57
3270,2,4302,2425,1877,0,0,0,1.0,1,1.0,1,1.0,1,0.06436906364304891,56
3271,2,4304,2427,1877,0,0,0,1.0,1,1.0,1,1.0,1,0.05964324381131388,55
3272,1,4305,2428,1877,0,0,0,1.0,1,1.0,1,1.0,1,0.07608488578214137,55
3273,1,4306,2429,1877,0,0,0,1.0,1,1.0,1,1.0,1,0.06225427033075454,55
3274,0,4306,2429,1877,0,0,0,1.0,1,1.0,1,1.0,1,0.0689883021583452,55
3275,1,4307,2430,1877,0,0,0,1.0,1,1.0,1,1.0,1,0.062344240821104825,55
3276,2,4309,2430,1879,0,0,0,1.0,1,1.0,1,1.0,1,0.044155426876449515,55
3277,0,4309,2430,1879,0,0,0,1.0,1,1.0,1,1.0,1,0.02612658982125298,57
3278,0,4309,2430,1879,0,0,0,1.0,1,1.0,1,1.0,1,0.01750567737594502,56
3279,1,4310,2431,1879,0,0,0,1.0,1,1.0,1,1.0,1,0.017468960402149885,54
3280,0,4310,2431,1879,0,0,0,1.0,1,1.0,1,1.0,1,0.036106267728167704,53
3281,2,4312,2433,1879,0,0,0,1.0,1,1.0,1,1.0,1,0.08277402577021895,52
3282,0,4312,2433,1879,0,0,0,1.0,1,1.0,1,1.0,1,0.08290333322868594,50
3283,1,4313,2434,1879,0,0,0,1.0,1,1.0,1,1.0,1,0.11992240646317164,50
3284,5,4318,2439,1879,0,0,0,1.0,1,1.0,1,1.0,1,0.1191999460868515,47
3285,0,4318,2439,1879,0,0,0,1.0,1,1.0,1,1.0,1,0.1009620612796837,48
3286,5,4323,2444,1879,0,0,0,1.0,1,1.0,1,1.0,1,0.10018148728943099,46
3287,4,4327,2446,1881,0,0,0,1.0,1,1.0,1,1.0,1,0.13539766687952198,46
3288,4,4331,2449,1882,0,0,0,1.0,1,1.0,1,1.0,1,0.18448315232172582,46
3289,3,4334,2451,1883,0,0,0,1.0,1,1.0,1,1.0,1,0.18656649915581056,48
3290,5,4339,2453,1886,0,0,0,1.0,1,1.0,1,1.0,1,0.16903555511787033,48
3291,7,4346,2455,1891,0,0,0,1.0,1,1.0,1,1.0,1,0.0538251834990695,50
3292,2,4348,2456,1892,0,0,0,1.0,1,1.0,1,1.0,1,0.06944351650655697,50
3293,0,4348,2456,1892,0,0,0,1.0,1,1.0,1,1.0,1,0.06237446689229542,51
3294,1,4349,2457,1892,0,0,0,1.0,1,1.0,1,1.0,1,0.07865788961935291,50
3295,3,4352,2459,1893,0,0,0,1.0,1,1.0,1,1.0,1,0.07729392185007626,50
3296,1,4353,2459,1894,0,0,0,1.0,1,1.0,1,1.0,1,0.06124475875640393,50
3297,2,4355,2461,1894,0,0,0,1.0,1,1.0,1,1.0,1,0.03685575341338843,51
3298,1,4356,2462,1894,0,0,0,1.0,1,1.0,1,1.0,1,0.044960754809102464,52
3299,1,4357,2463,1894,0,0,0,1.0,1,1.0,1,1.0,1,0.04193135326041176,53
3300,2,4359,2464,1895,0,0,0,1.0,1,1.0,1,1.0,1,0.021148069652635212,53
3301,0,4359,2464,1895,0,0,0,1.0,1,1.0,1,1.0,1,0.021148069652635212,53
3302,2,4361,2466,1895,0,0,0,1.0,1,1.0,1,1.0,1,0.05297496684617891,53
3303,0,4361,2466,1895,0,0,0,1.0,1,1.0,1,1.0,1,0.049684242455379016,52
3304,0,4361,2466,1895,0,0,0,1.0,1,1.0,1,1.0,1,0.029183787403467446,52
3305,1,4362,2467,1895,0,0,0,1.0,1,1.0,1,1.0,1,0.06573724031820023,51
3306,0,4362,2467,1895,0,0,0,1.0,1,1.0,1,1.0,1,0.043247941607230965,51
3307,1,4363,2468,1895,0,0,0,1.0,1,1.0,1,1.0,1,0.05285405166655997,48
3308,1,4364,2469,1895,0,0,0,1.0,1,1.0,1,1.0,1,0.07011841128078684,48
3309,1,4365,2470,1895,0,0,0,1.0,1,1.0,1,1.0,1,0.0814176667700398,48
3310,0,4365,2470,1895,0,0,0,1.0,1,1.0,1,1.0,1,0.1002852220557473,47
3311,5,4370,2473,1897,0,0,0,1.0,1,1.0,1,1.0,1,0.10620743289013083,49
3312,1,4371,2474,1897,0,0,0,1.0,1,1.0,1,1.0,1,0.14466590679243466,48
3313,3,4374,2477,1897,0,0,0,1.0,1,1.0,1,1.0,1,0.18321838396296408,49
3314,3,4377,2478,1899,0,0,0,1.0,1,1.0,1,1.0,1,0.21532957248361426,47
3315,2,4379,2479,1900,0,0,0,1.0,1,1.0,1,1.0,1,0.22961263833980464,47
3316,4,4383,2479,1904,0,0,0,1.0,1,1.0,1,1.0,1,0.19154503436497847,47
3317,0,4383,2479,1904,0,0,0,1.0,1,1.0,1,1.0,1,0.16303787931381122,46
3318,0,4383,2479,1904,0,0,0,1.0,1,1.0,1,1.0,1,0.1469699832281758,45
3319,2,4385,2481,1904,0,0,0,1.0,1,1.0,1,1.0,1,0.1337813411738715,44
3320,0,4385,2481,1904,0,0,0,1.0,1,1.0,1,1.0,1,0.13086858451736438,43
3321,4,4389,2483,1906,0,0,0,1.0,1,1.0,1,1.0,1,0.09793197789289791,43
3322,1,4390,2484,1906,0,0,0,1.0,1,1.0,1,1.0,1,0.09133552767178692,40
3323,4,4394,2488,1906,0,0,0,1.0,1,1.0,1,1.0,1,0.1409115185767519,40
3324,1,4395,2489,1906,0,0,0,1.0,1,1.0,1,1.0,1,0.14102850504660866,40
3325,3,4398,2491,1907,0,0,0,1.0,1,1.0,1,1.0,1,0.1679103618491866,40
3326,5,4403,2494,1909,0,0,0,1.0,1,1.0,1,1.0,1,0.1170093140956382,41
3327,2,4405,2495,1910,0,0,0,1.0,1,1.0,1,1.0,1,0.09912479260275979,39
3328,3,4408,2497,1911,0,0,0,1.0,1,1.0,1,1.0,1,0.1333915713345776,41
3329,0,4408,2497,1911,0,0,0,1.0,1,1.0,1,1.0,1,0.10888636915936963,39
3330,2,4410,2498,1912,0,0,0,1.0,1,1.0,1,1.0,1,0.09147755175453043,40
3331,0,4410,2498,1912,0,0,0,1.0,1,1.0,1,1.0,1,0.06592723306686121,38
3332,1,4411,2498,1913,0,0,0,1.0,1,1.0,1,1.0,1,0.06261608689522001,38
3333,1,4412,2499,1913,0,0,0,1.0,1,1.0,1,1.0,1,0.08968715324195049,38
3334,1,4413,2499,1914,0,0,0,1.0,1,1.0,1,1.0,1,0.09356876292172286,40
3335,0,4413,2499,1914,0,0,0,1.0,1,1.0,1,1.0,1,0.09356876292172286,40
3336,0,4413,2499,1914,0,0,0,1.0,1,1.0,1,1.0,1,0.12065418664247031,39
3337,0,4413,2499,1914,0,0,0,1.0,1,1.0,1,1.0,1,0.1233736395422207,40
3338,4,4417,2502,1915,0,0,0,1.0,1,1.0,1,1.0,1,0.12643629894194555,41
3339,3,4420,2503,1917,0,0,0,1.0,1,1.0,1,1.0,1,0.0851244812713773,42
3340,2,4422,2505,1917,0,0,0,1.0,1,1.0,1,1.0,1,0.13877733492511593,43
3341,2,4424,2505,1919,0,0,0,1.0,1,1.0,1,1.0,1,0.11290495890115368,43
3342,1,4425,2506,1919,0,0,0,1.0,1,1.0,1,1.0,1,0.1536190723464609,44
3343,0,4425,2506,1919,0,0,0,1.0,1,1.0,1,1.0,1,0.1536190723464609,44
3344,1,4426,2506,1920,0,0,0,1.0,1,1.0,1,1.0,1,0.17203553846151906,44
3345,0,4426,2506,1920,0,0,0,1.0,1,1.0,1,1.0,1,0.18693309432854988,43
3346,1,4427,2506,1921,0,0,0,1.0,1,1.0,1,1.0,1,0.1700729730937802,42
3347,0,4427,2506,1921,0,0,0,1.0,1,1.0,1,1.0,1,0.15314283837553594,44
3348,1,4428,2506,1922,0,0,0,1.0,1,1.0,1,1.0,1,0.14762949571004655,45
3349,2,4430,2508,1922,0,0,0,1.0,1,1.0,1,1.0,1,0.129515669400173,45
3350,0,4430,2508,1922,0,0,0,1.0,1,1.0,1,1.0,1,0.10941497202237681,46
3351,0,4430,2508,1922,0,0,0,1.0,1,1.0,1,1.0,1,0.11492939951675404,47
3352,0,4430,2508,1922,0,0,0,1.0,1,1.0,1,1.0,1,0.11492939951675404,47
3353,1,4431,2508,1923,0,0,0,1.0,1,1.0,1,1.0,1,0.09873701868095328,48
3354,1,4432,2509,1923,0,0,0,1.0,1,1.0,1,1.0,1,0.124848726753315,48
3355,2,4434,2510,1924,0,0,0,1.0,1,1.0,1,1.0,1,0.11502244944368943,48
3356,0,4434,2510,1924,0,0,0,1.0,1,1.0,1,1.0,1,0.08815115318176328,48
3357,1,4435,2511,1924,0,0,0,1.0,1,1.0,1,1.0,1,0.0932524330461119,47
3358,1,4436,2512,1924,0,0,0,1.0,1,1.0,1,1.0,1,0.11448972619654253,46
3359,1,4437,2513,1924,0,0,0,1.0,1,1.0,1,1.0,1,0.13041686488230197,45
3360,2,4439,2515,1924,0,0,0,1.0,1,1.0,1,1.0,1,0.18094725450696267,44
3361,3,4442,2516,1926,0,0,0,1.0,1,1.0,1,1.0,1,0.16128945918763582,43
3362,1,4443,2517,1926,0,0,0,1.0,1,1.0,1,1.0,1,0.20078142984728276,42
3363,2,4445,2518,1927,0,0,0,1.0,1,1.0,1,1.0,1,0.21966539325838685,41
3364,1,4446,2518,1928,0,0,0,1.0,1,1.0,1,1.0,1,0.1795810816176022,41
3365,0,4446,2518,1928,0,0,0,1.0,1,1.0,1,1.0,1,0.18043716353134048,41
3366,2,4448,2518,1930,0,0,0,1.0,1,1.0,1,1.0,1,0.1417337348380498,40
3367,0,4448,2518,1930,0,0,0,1.0,1,1.0,1,1.0,1,0.12246314209227357,39
3368,0,4448,2518,1930,0,0,0,1.0,1,1.0,1,1.0,1,0.12246314209227357,39
3369,0,4448,2518,1930,0,0,0,1.0,1,1.0,1,1.0,1,0.10715116712130657,40
3370,2,4450,2520,1930,0,0,0,1.0,1,1.0,1,1.0,1,0.09392296519087996,41
3371,2,4452,2521,1931,0,0,0,1.0,1,1.0,1,1.0,1,0.10589535243017242,41
3372,2,4454,2523,1931,0,0,0,1.0,1,1.0,1,1.0,1,0.13358112974598446,40
3373,0,4454,2523,1931,0,0,0,1.0,1,1.0,1,1.0,1,0.14466783709768738,41
3374,0,4454,2523,1931,0,0,0,1.0,1,1.0,1,1.0,1,0.1384467754220618,42
3375,1,4455,2523,1932,0,0,0,1.0,1,1.0,1,1.0,1,0.12225133651304469,44
3376,3,4458,2523,1935,0,0,0,1.0,1,1.0,1,1.0,1,0.07771505100852155,46
3377,0,4458,2523,1935,0,0,0,1.0,1,1.0,1,1.0,1,0.09236080200016447,47
3378,2,4460,2524,1936,0,0,0,1.0,1,1.0,1,1.0,1,0.0750834883706829,48
3379,0,4460,2524,1936,0,0,0,1.0,1,1.0,1,1.0,1,0.0750834883706829,48
3380,0,4460,2524,1936,0,0,0,1.0,1,1.0,1,1.0,1,0.0750834883706829,48
3381,1,4461,2524,1937,0,0,0,1.0,1,1.0,1,1.0,1,0.06267227975839289,48
3382,2,4463,2525,1938,0,0,0,1.0,1,1.0,1,1.0,1,0.051738599311074114,49
3383,0,4463,2525,1938,0,0,0,1.0,1,1.0,1,1.0,1,0.0813668963728226,47
3384,3,4466,2527,1939,0,0,0,1.0,1,1.0,1,1.0,1,0.11809797900746814,48
3385,0,4466,2527,1939,0,0,0,1.0,1,1.0,1,1.0,1,0.13845447422008533,47
3386,5,4471,2528,1943,0,0,0,1.0,1,1.0,1,1.0,1,0.1439114866301394,49
3387,0,4471,2528,1943,0,0,0,1.0,1,1.0,1,1.0,1,0.15190027780284995,48
3388,1,4472,2529,1943,0,0,0,1.0,1,1.0,1,1.0,1,0.1840008589503649,48
3389,2,4474,2529,1945,0,0,0,1.0,1,1.0,1,1.0,1,0.18523645757635396,50
3390,1,4475,2530,1945,0,0,0,1.0,1,1.0,1,1.0,1,0.1789421010188831,51
3391,4,4479,2531,1948,0,0,0,1.0,1,1.0,1,1.0,1,0.1759304643892977,51
3392,1,4480,2531,1949,0,0,0,1.0,1,1.0,1,1.0,1,0.15359335735185664,52
3393,2,4482,2532,1950,0,0,0,1.0,1,1.0,1,1.0,1,0.12729571620870925,52
3394,0,4482,2532,1950,0,0,0,1.0,1,1.0,1,1.0,1,0.12729571620870925,52
3395,0,4482,2532,1950,0,0,0,1.0,1,1.0,1,1.0,1,0.11013891647084247,50
3396,1,4483,2533,1950,0,0,0,1.0,1,1.0,1,1.0,1,0.09538445865161824,49
3397,1,4484,2534,1950,0,0,0,1.0,1,1.0,1,1.0,1,0.08328210611903594,49
3398,0,4484,2534,1950,0,0,0,1.0,1,1.0,1,1.0,1,0.08078739511498276,48
3399,1,4485,2535,1950,0,0,0,1.0,1,1.0,1,1.0,1,0.09572436926610446,49
3400,1,4486,2536,1950,0,0,0,1.0,1,1.0,1,1.0,1,0.0878683105843363,50
3401,0,4486,2536,1950,0,0,0,1.0,1,1.0,1,1.0,1,0.09101217193511422,51
3402,1,4487,2537,1950,0,0,0,1.0,1,1.0,1,1.0,1,0.10565295373406096,51
3403,2,4489,2539,1950,0,0,0,1.0,1,1.0,1,1.0,1,0.13449752830785727,51
3404,4,4493,2540,1953,0,0,0,1.0,1,1.0,1,1.0,1,0.1021151952211993,51
3405,1,4494,2541,1953,0,0,0,1.0,1,1.0,1,1.0,1,0.1229959932803046,51
3406,0,4494,2541,1953,0,0,0,1.0,1,1.0,1,1.0,1,0.12809557312526157,51
3407,1,4495,2542,1953,0,0,0,1.0,1,1.0,1,1.0,1,0.13388205321285945,52
3408,1,4496,2542,1954,0,0,0,1.0,1,1.0,1,1.0,1,0.13709411908365876,53
3409,1,4497,2543,1954,0,0,0,1.0,1,1.0,1,1.0,1,0.1263393666789075,54
3410,1,4498,2544,1954,0,0,0,1.0,1,1.0,1,1.0,1,0.13481505903777558,54
3411,1,4499,2545,1954,0,0,0,1.0,1,1.0,1,1.0,1,0.13369339306171976,54
3412,3,4502,2546,1956,0,0,0,1.0,1,1.0,1,1.0,1,0.13312467115430243,55
3413,0,4502,2546,1956,0,0,0,1.0,1,1.0,1,1.0,1,0.13312467115430243,55
3414,0,4502,2546,1956,0,0,0,1.0,1,1.0,1,1.0,1,0.13886024750418258,55
3415,3,4505,2548,1957,0,0,0,1.0,1,1.0,1,1.0,1,0.13694657668211188,56
3416,3,4508,2548,1960,0,0,0,1.0,1,1.0,1,1.0,1,0.11152713180782585,55
3417,1,4509,2548,1961,0,0,0,1.0,1,1.0,1,1.0,1,0.11572521204012547,56
3418,1,4510,2549,1961,0,0,0,1.0,1,1.0,1,1.0,1,0.15948005097653092,55
3419,1,4511,2549,1962,0,0,0,1.0,1,1.0,1,1.0,1,0.16439177902199434,56
3420,0,4511,2549,1962,0,0,0,1.0,1,1.0,1,1.0,1,0.1853487641196126,55
3421,5,4516,2549,1967,0,0,0,1.0,1,1.0,1,1.0,1,0.14329350398260032,57
3422,0,4516,2549,1967,0,0,0,1.0,1,1.0,1,1.0,1,0.1489475682483683,56
3423,1,4517,2550,1967,0,0,0,1.0,1,1.0,1,1.0,1,0.1430731773573279,56
3424,1,4518,2551,1967,0,0,0,1.0,1,1.0,1,1.0,1,0.15861641499968737,56
3425,0,4518,2551,1967,0,0,0,1.0,1,1.0,1,1.0,1,0.15861641499968737,56
3426,3,4521,2551,1970,0,0,0,1.0,1,1.0,1,1.0,1,0.13036561051356593,55
3427,1,4522,2551,1971,0,0,0,1.0,1,1.0,1,1.0,1,0.13980672031836439,55
3428,1,4523,2551,1972,0,0,0,1.0,1,1.0,1,1.0,1,0.1306707431617475,55
3429,1,4524,2552,1972,0,0,0,1.0,1,1.0,1,1.0,1,0.16356609006180597,54
3430,1,4525,2552,1973,0,0,0,1.0,1,1.0,1,1.0,1,0.1435728829393164,56
3431,2,4527,2553,1974,0,0,0,1.0,1,1.0,1,1.0,1,0.13371746528490777,54
3432,3,4530,2554,1976,0,0,0,1.0,1,1.0,1,1.0,1,0.13753921880450012,56
3433,3,4533,2555,1978,0,0,0,1.0,1,1.0,1,1.0,1,0.12475273068654928,53
3434,3,4536,2557,1979,0,0,0,1.0,1,1.0,1,1.0,1,0.10607720931748185,51
3435,2,4538,2559,1979,0,0,0,1.0,1,1.0,1,1.0,1,0.12929030897901828,51
3436,3,4541,2560,1981,0,0,0,1.0,1,1.0,1,1.0,1,0.10540656999256515,51
3437,3,4544,2562,1982,0,0,0,1.0,1,1.0,1,1.0,1,0.10271391439468902,53
3438,1,4545,2562,1983,0,0,0,1.0,1,1.0,1,1.0,1,0.05416135514969918,52
3439,2,4547,2563,1984,0,0,0,1.0,1,1.0,1,1.0,1,0.05409550219813042,54
3440,1,4548,2564,1984,0,0,0,1.0,1,1.0,1,1.0,1,0.05925165094818869,52
3441,1,4549,2564,1985,0,0,0,1.0,1,1.0,1,1.0,1,0.03824025540919452,53
3442,0,4549,2564,1985,0,0,0,1.0,1,1.0,1,1.0,1,0.028374365839893088,53
3443,0,4549,2564,1985,0,0,0,1.0,1,1.0,1,1.0,1,0.034594764180949394,53
3444,0,4549,2564,1985,0,0,0,1.0,1,1.0,1,1.0,1,0.03846505272171862,52
3445,2,4551,2566,1985,0,0,0,1.0,1,1.0,1,1.0,1,0.051998160887416725,53
3446,1,4552,2567,1985,0,0,0,1.0,1,1.0,1,1.0,1,0.10916899436094608,53
3447,0,4552,2567,1985,0,0,0,1.0,1,1.0,1,1.0,1,0.10916899436094608,53
3448,2,4554,2569,1985,0,0,0,1.0,1,1.0,1,1.0,1,0.19160759320436394,52
3449,4,4558,2572,1986,0,0,0,1.0,1,1.0,1,1.0,1,0.15505591662346205,52
3450,2,4560,2574,1986,0,0,0,1.0,1,1.0,1,1.0,1,0.1638337110819467,52
3451,8,4568,2578,1990,0,0,0,1.0,1,1.0,1,1.0,1,0.15165946119212845,54
3452,1,4569,2579,1990,0,0,0,1.0,1,1.0,1,1.0,1,0.1427776114345582,54
3453,1,4570,2580,1990,0,0,0,1.0,1,1.0,1,1.0,1,0.13650780484536118,54
3454,0,4570,2580,1990,0,0,0,1.0,1,1.0,1,1.0,1,0.13060631011051027,57
3455,0,4570,2580,1990,0,0,0,1.0,1,1.0,1,1.0,1,0.13060631011051027,57
3456,4,4574,2580,1994,0,0,0,1.0,1,1.0,1,1.0,1,0.10176856365973919,58
3457,0,4574,2580,1994,0,0,0,1.0,1,1.0,1,1.0,1,0.11879552436252108,57
3458,0,4574,2580,1994,0,0,0,1.0,1,1.0,1,1.0,1,0.1192726982100791,57
3459,0,4574,2580,1994,0,0,0,1.0,1,1.0,1,1.0,1,0.1192726982100791,57
3460,0,4574,2580,1994,0,0,0,1.0,1,1.0,1,1.0,1,0.11339032066552489,58
3461,3,4577,2581,1996,0,0,0,1.0,1,1.0,1,1.0,1,0.09864892975737438,59
3462,2,4579,2582,1997,0,0,0,1.0,1,1.0,1,1.0,1,0.07446388903903485,59
3463,1,4580,2583,1997,0,0,0,1.0,1,1.0,1,1.0,1,0.06755264966664085,59
3464,0,4580,2583,1997,0,0,0,1.0,1,1.0,1,1.0,1,0.08996919999023537,59
3465,2,4582,2585,1997,0,0,0,1.0,1,1.0,1,1.0,1,0.08666758258243198,57
3466,2,4584,2585,1999,0,0,0,1.0,1,1.0,1,1.0,1,0.06245656184187575,57
3467,4,4588,2587,2001,0,0,0,1.0,1,1.0,1,1.0,1,0.10299223596658573,57
3468,0,4588,2587,2001,0,0,0,1.0,1,1.0,1,1.0,1,0.1071320744815018,57
3469,4,4592,2591,2001,0,0,0,1.0,1,1.0,1,1.0,1,0.10758099668150072,53
3470,1,4593,2592,2001,0,0,0,1.0,1,1.0,1,1.0,1,0.12796819075904953,50
3471,2,4595,2594,2001,0,0,0,1.0,1,1.0,1,1.0,1,0.17417022655438344,49
3472,2,4597,2595,2002,0,0,0,1.0,1,1.0,1,1.0,1,0.1514106264840409,47
3473,2,4599,2597,2002,0,0,0,1.0,1,1.0,1,1.0,1,0.20205339901343583,45
3474,1,4600,2598,2002,0,0,0,1.0,1,1.0,1,1.0,1,0.2137117224877206,42
3475,3,4603,2600,2003,0,0,0,1.0,1,1.0,1,1.0,1,0.27314316145998174,43
3476,6,4609,2602,2007,0,0,0,1.0,1,1.0,1,1.0,1,0.22554008684642826,41
3477,3,4612,2604,2008,0,0,0,1.0,1,1.0,1,1.0,1,0.18179643202706464,42
3478,3,4615,2606,2009,0,0,0,1.0,1,1.0,1,1.0,1,0.1855349059720196,40
3479,1,4616,2606,2010,0,0,0,1.0,1,1.0,1,1.0,1,0.13360113244381092,40
3480,1,4617,2607,2010,0,0,0,1.0,1,1.0,1,1.0,1,0.1372490782397185,40
3481,2,4619,2607,2012,0,0,0,1.0,1,1.0,1,1.0,1,0.09198182372274957,40
3482,0,4619,2607,2012,0,0,0,1.0,1,1.0,1,1.0,1,0.09198182372274957,40
3483,2,4621,2609,2012,0,0,0,1.0,1,1.0,1,1.0,1,0.15568791911458268,39
3484,0,4621,2609,2012,0,0,0,1.0,1,1.0,1,1.0,1,0.15568791911458268,39
3485,3,4624,2611,2013,0,0,0,1.0,1,1.0,1,1.0,1,0.24539379470013903,40
3486,4,4628,2611,2017,0,0,0,1.0,1,1.0,1,1.0,1,0.1913639774385806,41
3487,3,4631,2611,2020,0,0,0,1.0,1,1.0,1,1.0,1,0.1687342651058121,41
3488,1,4632,2611,2021,0,0,0,1.0,1,1.0,1,1.0,1,0.14207377059603177,42
3489,0,4632,2611,2021,0,0,0,1.0,1,1.0,1,1.0,1,0.13304021757432705,44
3490,1,4633,2611,2022,0,0,0,1.0,1,1.0,1,1.0,1,0.11351786674672232,44
3491,1,4634,2611,2023,0,0,0,1.0,1,1.0,1,1.0,1,0.11706094905061284,45
3492,1,4635,2611,2024,0,0,0,1.0,1,1.0,1,1.0,1,0.09291919458878574,45
3493,0,4635,2611,2024,0,0,0,1.0,1,1.0,1,1.0,1,0.09291919458878574,45
3494,0,4635,2611,2024,0,0,0,1.0,1,1.0,1,1.0,1,0.09291919458878574,45
3495,1,4636,2612,2024,0,0,0,1.0,1,1.0,1,1.0,1,0.08837255362044429,45
3496,2,4638,2612,2026,0,0,0,1.0,1,1.0,1,1.0,1,0.07355083020369216,46
3497,0,4638,2612,2026,0,0,0,1.0,1,1.0,1,1.0,1,0.06087609596472687,47
3498,1,4639,2613,2026,0,0,0,1.0,1,1.0,1,1.0,1,0.11291919721167598,48
3499,0,4639,2613,2026,0,0,0,1.0,1,1.0,1,1.0,1,0.12894063806022177,47
3500,1,4640,2613,2027,0,0,0,1.0,1,1.0,1,1.0,1,0.11828306329162373,50
3501,2,4642,2614,2028,0,0,0,1.0,1,1.0,1,1.0,1,0.12276528767580754,50
3502,1,4643,2615,2028,0,0,0,1.0,1,1.0,1,1.0,1,0.16112294274744504,50
3503,0,4643,2615,2028,0,0,0,1.0,1,1.0,1,1.0,1,0.16112294274744504,50
3504,2,4645,2617,2028,0,0,0,1.0,1,1.0,1,1.0,1,0.2029765260215758,47
3505,0,4645,2617,2028,0,0,0,1.0,1,1.0,1,1.0,1,0.21480104347359352,48
3506,0,4645,2617,2028,0,0,0,1.0,1,1.0,1,1.0,1,0.2200097317701307,49
3507,1,4646,2617,2029,0,0,0,1.0,1,1.0,1,1.0,1,0.19546149459685955,46
3508,2,4648,2619,2029,0,0,0,1.0,1,1.0,1,1.0,1,0.2620625748846111,47
3509,0,4648,2619,2029,0,0,0,1.0,1,1.0,1,1.0,1,0.23695757761490097,44
3510,1,4649,2620,2029,0,0,0,1.0,1,1.0,1,1.0,1,0.27033872989872293,45
3511,1,4650,2620,2030,0,0,0,1.0,1,1.0,1,1.0,1,0.2456129616254441,44
3512,0,4650,2620,2030,0,0,0,1.0,1,1.0,1,1.0,1,0.23418329430899218,42
3513,0,4650,2620,2030,0,0,0,1.0,1,1.0,1,1.0,1,0.23418329430899218,42
3514,0,4650,2620,2030,0,0,0,1.0,1,1.0,1,1.0,1,0.22719121993277366,42
3515,2,4652,2620,2032,0,0,0,1.0,1,1.0,1,1.0,1,0.17873606483034063,42
3516,0,4652,2620,2032,0,0,0,1.0,1,1.0,1,1.0,1,0.19222562133174845,41
3517,1,4653,2620,2033,0,0,0,1.0,1,1.0,1,1.0,1,0.168734943455881,44
3518,0,4653,2620,2033,0,0,0,1.0,1,1.0,1,1.0,1,0.17855960566110696,43
3519,0,4653,2620,2033,0,0,0,1.0,1,1.0,1,1.0,1,0.16799951384327955,44
3520,0,4653,2620,2033,0,0,0,1.0,1,1.0,1,1.0,1,0.18189626577092785,45
3521,1,4654,2620,2034,0,0,0,1.0,1,1.0,1,1.0,1,0.17442783333945436,45
3522,1,4655,2620,2035,0,0,0,1.0,1,1.0,1,1.0,1,0.16718469751606424,46
3523,0,4655,2620,2035,0,0,0,1.0,1,1.0,1,1.0,1,0.16718469751606424,46
3524,0,4655,2620,2035,0,0,0,1.0,1,1.0,1,1.0,1,0.14534472086335037,47
3525,0,4655,2620,2035,0,0,0,1.0,1,1.0,1,1.0,1,0.16151932059505847,48
3526,0,4655,2620,2035,0,0,0,1.0,1,1.0,1,1.0,1,0.14206911487312723,49
3527,3,4658,2622,2036,0,0,0,1.0,1,1.0,1,1.0,1,0.19308204903028114,49
3528,1,4659,2622,2037,0,0,0,1.0,1,1.0,1,1.0,1,0.18543880293928716,51
3529,1,4660,2622,2038,0,0,0,1.0,1,1.0,1,1.0,1,0.17889172537222792,51
3530,1,4661,2622,2039,0,0,0,1.0,1,1.0,1,1.0,1,0.17250565563452933,52
3531,1,4662,2622,2040,0,0,0,1.0,1,1.0,1,1.0,1,0.1660198202409562,52
3532,0,4662,2622,2040,0,0,0,1.0,1,1.0,1,1.0,1,0.1660198202409562,52
3533,0,4662,2622,2040,0,0,0,1.0,1,1.0,1,1.0,1,0.1660198202409562,52
3534,0,4662,2622,2040,0,0,0,1.0,1,1.0,1,1.0,1,0.1660198202409562,52
3535,0,4662,2622,2040,0,0,0,1.0,1,1.0,1,1.0,1,0.1660198202409562,52
3536,0,4662,2622,2040,0,0,0,1.0,1,1.0,1,1.0,1,0.17086684871460678,54
3537,0,4662,2622,2040,0,0,0,1.0,1,1.0,1,1.0,1,0.17052894195793422,55
3538,1,4663,2623,2040,0,0,0,1.0,1,1.0,1,1.0,1,0.1741421146829575,55
3539,2,4665,2623,2042,0,0,0,1.0,1,1.0,1,1.0,1,0.1376421060672231,58
3540,5,4670,2626,2044,0,0,0,1.0,1,1.0,1,1.0,1,0.1591712546628293,59
3541,1,4671,2626,2045,0,0,0,1.0,1,1.0,1,1.0,1,0.1506797866451806,59
3542,2,4673,2628,2045,0,0,0,1.0,1,1.0,1,1.0,1,0.17777855156907582,61
3543,1,4674,2628,2046,0,0,0,1.0,1,1.0,1,1.0,1,0.1619779408407617,62
3544,2,4676,2630,2046,0,0,0,1.0,1,1.0,1,1.0,1,0.17711171243199272,59
3545,1,4677,2631,2046,0,0,0,1.0,1,1.0,1,1.0,1,0.19384526653291226,59
3546,2,4679,2631,2048,0,0,0,1.0,1,1.0,1,1.0,1,0.16574933428646765,57
3547,2,4681,2633,2048,0,0,0,1.0,1,1.0,1,1.0,1,0.1670766274645039,53
3548,0,4681,2633,2048,0,0,0,1.0,1,1.0,1,1.0,1,0.1670766274645039,53
3549,0,4681,2633,2048,0,0,0,1.0,1,1.0,1,1.0,1,0.1531454378281786,52
3550,0,4681,2633,2048,0,0,0,1.0,1,1.0,1,1.0,1,0.17067686273037405,51
3551,3,4684,2633,2051,0,0,0,1.0,1,1.0,1,1.0,1,0.1386725993516863,51
3552,1,4685,2633,2052,0,0,0,1.0,1,1.0,1,1.0,1,0.1211010269651098,51
3553,1,4686,2633,2053,0,0,0,1.0,1,1.0,1,1.0,1,0.12277164452598312,49
3554,1,4687,2633,2054,0,0,0,1.0,1,1.0,1,1.0,1,0.09684960286483459,49
3555,2,4689,2633,2056,0,0,0,1.0,1,1.0,1,1.0,1,0.08002286038451638,51
3556,2,4691,2633,2058,0,0,0,1.0,1,1.0,1,1.0,1,0.04577588718416839,51
3557,1,4692,2634,2058,0,0,0,1.0,1,1.0,1,1.0,1,0.0590243373618652,52
3558,1,4693,2635,2058,0,0,0,1.0,1,1.0,1,1.0,1,0.0839187031461201,52
3559,1,4694,2636,2058,0,0,0,1.0,1,1.0,1,1.0,1,0.10380666243179001,52
3560,3,4697,2638,2059,0,0,0,1.0,1,1.0,1,1.0,1,0.05902083044854108,53
3561,1,4698,2639,2059,0,0,0,1.0,1,1.0,1,1.0,1,0.08092627557890905,54
3562,2,4700,2641,2059,0,0,0,1.0,1,1.0,1,1.0,1,0.1125150686356298,54
3563,1,4701,2642,2059,0,0,0,1.0,1,1.0,1,1.0,1,0.13970156373520506,55
3564,0,4701,2642,2059,0,0,0,1.0,1,1.0,1,1.0,1,0.11551324346500798,57
3565,0,4701,2642,2059,0,0,0,1.0,1,1.0,1,1.0,1,0.12232074229304962,56
3566,1,4702,2642,2060,0,0,0,1.0,1,1.0,1,1.0,1,0.12524867719484578,57
3567,0,4702,2642,2060,0,0,0,1.0,1,1.0,1,1.0,1,0.12524867719484578,57
3568,0,4702,2642,2060,0,0,0,1.0,1,1.0,1,1.0,1,0.12524867719484578,57
3569,1,4703,2642,2061,0,0,0,1.0,1,1.0,1,1.0,1,0.10297414244048572,57
3570,2,4705,2644,2061,0,0,0,1.0,1,1.0,1,1.0,1,0.1441391324696376,59
3571,2,4707,2644,2063,0,0,0,1.0,1,1.0,1,1.0,1,0.10992766446631028,60
3572,0,4707,2644,2063,0,0,0,1.0,1,1.0,1,1.0,1,0.10057797095544439,61
3573,2,4709,2645,2064,0,0,0,1.0,1,1.0,1,1.0,1,0.10197196862584208,62
3574,0,4709,2645,2064,0,0,0,1.0,1,1.0,1,1.0,1,0.09583103182727869,63
3575,0,4709,2645,2064,0,0,0,1.0,1,1.0,1,1.0,1,0.09583103182727869,63
3576,1,4710,2646,2064,0,0,0,1.0,1,1.0,1,1.0,1,0.11295471401904648,63
3577,0,4710,2646,2064,0,0,0,1.0,1,1.0,1,1.0,1,0.10539602768671727,64
3578,0,4710,2646,2064,0,0,0,1.0,1,1.0,1,1.0,1,0.09617769451833887,64
3579,0,4710,2646,2064,0,0,0,1.0,1,1.0,1,1.0,1,0.09617769451833887,64
3580,0,4710,2646,2064,0,0,0,1.0,1,1.0,1,1.0,1,0.10654248300984819,65
3581,1,4711,2647,2064,0,0,0,1.0,1,1.0,1,1.0,1,0.11443755545039899,68
3582,0,4711,2647,2064,0,0,0,1.0,1,1.0,1,1.0,1,0.13924128416666554,68
3583,4,4715,2651,2064,0,0,0,1.0,1,1.0,1,1.0,1,0.17321062747160829,65
3584,3,4718,2654,2064,0,0,0,1.0,1,1.0,1,1.0,1,0.21570268412884455,64
3585,2,4720,2656,2064,0,0,0,1.0,1,1.0,1,1.0,1,0.1990063660829884,64
3586,10,4730,2660,2070,0,0,0,1.0,1,1.0,1,1.0,1,0.16116685561497618,65
3587,2,4732,2661,2071,0,0,0,1.0,1,1.0,1,1.0,1,0.11872214725868366,64
3588,2,4734,2663,2071,0,0,0,1.0,1,1.0,1,1.0,1,0.12226214217415468,62
3589,4,4738,2666,2072,0,0,0,1.0,1,1.0,1,1.0,1,0.14390384329552613,63
3590,2,4740,2667,2073,0,0,0,1.0,1,1.0,1,1.0,1,0.14730510115948778,63
3591,6,4746,2668,2078,0,0,0,1.0,1,1.0,1,1.0,1,0.09986831212889574,62
3592,1,4747,2669,2078,0,0,0,1.0,1,1.0,1,1.0,1,0.09040024941766067,59
3593,0,4747,2669,2078,0,0,0,1.0,1,1.0,1,1.0,1,0.07869269829536836,58
3594,0,4747,2669,2078,0,0,0,1.0,1,1.0,1,1.0,1,0.09493232051537658,57
3595,0,4747,2669,2078,0,0,0,1.0,1,1.0,1,1.0,1,0.09436484237677457,59
3596,1,4748,2670,2078,0,0,0,1.0,1,1.0,1,1.0,1,0.0843804061976556,57
3597,1,4749,2670,2079,0,0,0,1.0,1,1.0,1,1.0,1,0.09836000714148994,57
3598,2,4751,2671,2080,0,0,0,1.0,1,1.0,1,1.0,1,0.10560235757165537,57
3599,0,4751,2671,2080,0,0,0,1.0,1,1.0,1,1.0,1,0.11542819323862878,58
3600,2,4753,2672,2081,0,0,0,1.0,1,1.0,1,1.0,1,0.10758364729340297,58
3601,2,4755,2673,2082,0,0,0,1.0,1,1.0,1,1.0,1,0.10258743016251624,58
3602,0,4755,2673,2082,0,0,0,1.0,1,1.0,1,1.0,1,0.08852138021558019,60
3603,2,4757,2674,2083,0,0,0,1.0,1,1.0,1,1.0,1,0.09149114693526128,60
3604,2,4759,2675,2084,0,0,0,1.0,1,1.0,1,1.0,1,0.09955614560284021,60
3605,3,4762,2677,2085,0,0,0,1.0,1,1.0,1,1.0,1,0.11693775154074265,61
3606,4,4766,2679,2087,0,0,0,1.0,1,1.0,1,1.0,1,0.0913989524078687,63
3607,3,4769,2680,2089,0,0,0,1.0,1,1.0,1,1.0,1,0.08685594883153215,63
3608,0,4769,2680,2089,0,0,0,1.0,1,1.0,1,1.0,1,0.09442463105492799,64
3609,0,4769,2680,2089,0,0,0,1.0,1,1.0,1,1.0,1,0.10666645899534069,66
3610,2,4771,2682,2089,0,0,0,1.0,1,1.0,1,1.0,1,0.12047980617710685,67
3611,3,4774,2684,2090,0,0,0,1.0,1,1.0,1,1.0,1,0.13920096179903266,67
3612,1,4775,2685,2090,0,0,0,1.0,1,1.0,1,1.0,1,0.1569636735654544,66
3613,1,4776,2685,2091,0,0,0,1.0,1,1.0,1,1.0,1,0.14930406186380307,66
3614,1,4777,2686,2091,0,0,0,1.0,1,1.0,1,1.0,1,0.1595486164405562,65
3615,0,4777,2686,2091,0,0,0,1.0,1,1.0,1,1.0,1,0.14453312584481137,65
3616,2,4779,2686,2093,0,0,0,1.0,1,1.0,1,1.0,1,0.1328499423504205,65
3617,0,4779,2686,2093,0,0,0,1.0,1,1.0,1,1.0,1,0.1253220857056991,66
3618,0,4779,2686,2093,0,0,0,1.0,1,1.0,1,1.0,1,0.1253220857056991,66
3619,1,4780,2687,2093,0,0,0,1.0,1,1.0,1,1.0,1,0.13198001143624882,65
3620,4,4784,2688,2096,0,0,0,1.0,1,1.0,1,1.0,1,0.12442179317209678,66
3621,2,4786,2690,2096,0,0,0,1.0,1,1.0,1,1.0,1,0.09303222140463278,65
3622,2,4788,2690,2098,0,0,0,1.0,1,1.0,1,1.0,1,0.07763878239054638,65
3623,1,4789,2691,2098,0,0,0,1.0,1,1.0,1,1.0,1,0.08833490123838778,62
3624,3,4792,2694,2098,0,0,0,1.0,1,1.0,1,1.0,1,0.12043713118453,62
3625,3,4795,2696,2099,0,0,0,1.0,1,1.0,1,1.0,1,0.13666691418820076,61
3626,3,4798,2697,2101,0,0,0,1.0,1,1.0,1,1.0,1,0.08997624026790885,58
3627,2,4800,2698,2102,0,0,0,1.0,1,1.0,1,1.0,1,0.12616385538501654,58
3628,1,4801,2698,2103,0,0,0,1.0,1,1.0,1,1.0,1,0.09254210824525227,57
3629,1,4802,2699,2103,0,0,0,1.0,1,1.0,1,1.0,1,0.1251320006592548,57
3630,2,4804,2701,2103,0,0,0,1.0,1,1.0,1,1.0,1,0.08366098353124683,56
3631,2,4806,2702,2104,0,0,0,1.0,1,1.0,1,1.0,1,0.06791639654408141,54
3632,1,4807,2702,2105,0,0,0,1.0,1,1.0,1,1.0,1,0.04564545001400302,52
3633,1,4808,2703,2105,0,0,0,1.0,1,1.0,1,1.0,1,0.06345160208548,52
3634,1,4809,2704,2105,0,0,0,1.0,1,1.0,1,1.0,1,0.09297151148254587,49
3635,1,4810,2705,2105,0,0,0,1.0,1,1.0,1,1.0,1,0.1400097509224165,47
3636,3,4813,2705,2108,0,0,0,1.0,1,1.0,1,1.0,1,0.1157429715276038,48
3637,4,4817,2708,2109,0,0,0,1.0,1,1.0,1,1.0,1,0.16735183248206978,49
3638,3,4820,2708,2112,0,0,0,1.0,1,1.0,1,1.0,1,0.13797491927339228,50
3639,4,4824,2710,2114,0,0,0,1.0,1,1.0,1,1.0,1,0.14286549310441685,52
3640,2,4826,2711,2115,0,0,0,1.0,1,1.0,1,1.0,1,0.13710240390021877,52
3641,1,4827,2711,2116,0,0,0,1.0,1,1.0,1,1.0,1,0.12596232061342252,52
3642,0,4827,2711,2116,0,0,0,1.0,1,1.0,1,1.0,1,0.12596232061342252,52
3643,0,4827,2711,2116,0,0,0,1.0,1,1.0,1,1.0,1,0.12596232061342252,52
3644,2,4829,2711,2118,0,0,0,1.0,1,1.0,1,1.0,1,0.09101594387946194,52
3645,2,4831,2712,2119,0,0,0,1.0,1,1.0,1,1.0,1,0.06976967407304328,53
3646,0,4831,2712,2119,0,0,0,1.0,1,1.0,1,1.0,1,0.06976967407304328,53
3647,0,4831,2712,2119,0,0,0,1.0,1,1.0,1,1.0,1,0.08507062339971579,55
3648,0,4831,2712,2119,0,0,0,1.0,1,1.0,1,1.0,1,0.0955311816946482,57
3649,0,4831,2712,2119,0,0,0,1.0,1,1.0,1,1.0,1,0.0955311816946482,57
3650,0,4831,2712,2119,0,0,0,1.0,1,1.0,1,1.0,1,0.09058147075651449,59
3651,0,4831,2712,2119,0,0,0,1.0,1,1.0,1,1.0,1,0.09058147075651449,59
3652,0,4831,2712,2119,0,0,0,1.0,1,1.0,1,1.0,1,0.09058147075651449,59
3653,0,4831,2712,2119,0,0,0,1.0,1,1.0,1,1.0,1,0.09058147075651449,59
3654,2,4833,2712,2121,0,0,0,1.0,1,1.0,1,1.0,1,0.07001582484702248,59
3655,2,4835,2712,2123,0,0,0,1.0,1,1.0,1,1.0,1,0.046039031877113404,62
3656,0,4835,2712,2123,0,0,0,1.0,1,1.0,1,1.0,1,0.046039031877113404,62
3657,1,4836,2713,2123,0,0,0,1.0,1,1.0,1,1.0,1,0.07206375032070282,63
3658,1,4837,2714,2123,0,0,0,1.0,1,1.0,1,1.0,1,0.09912402144292974,63
3659,3,4840,2716,2124,0,0,0,1.0,1,1.0,1,1.0,1,0.12454063037826114,62
3660,2,4842,2718,2124,0,0,0,1.0,1,1.0,1,1.0,1,0.17163765484544855,62
3661,7,4849,2719,2130,0,0,0,1.0,1,1.0,1,1.0,1,0.10070199877800656,61
3662,1,4850,2720,2130,0,0,0,1.0,1,1.0,1,1.0,1,0.13057652563744404,60
3663,3,4853,2721,2132,0,0,0,1.0,1,1.0,1,1.0,1,0.11804768892987375,61
3664,1,4854,2722,2132,0,0,0,1.0,1,1.0,1,1.0,1,0.12589617403647393,58
3665,1,4855,2723,2132,0,0,0,1.0,1,1.0,1,1.0,1,0.14816505083419185,58
3666,2,4857,2723,2134,0,0,0,1.0,1,1.0,1,1.0,1,0.1142788575920692,58
3667,1,4858,2724,2134,0,0,0,1.0,1,1.0,1,1.0,1,0.1007440165902222,58
3668,0,4858,2724,2134,0,0,0,1.0,1,1.0,1,1.0,1,0.10255875270591382,58
3669,1,4859,2725,2134,0,0,0,1.0,1,1.0,1,1.0,1,0.1039076275210903,57
3670,1,4860,2726,2134,0,0,0,1.0,1,1.0,1,1.0,1,0.11690852969169788,56
3671,1,4861,2727,2134,0,0,0,1.0,1,1.0,1,1.0,1,0.1537489189825003,57
3672,1,4862,2728,2134,0,0,0,1.0,1,1.0,1,1.0,1,0.18623027101519624,57
3673,1,4863,2728,2135,0,0,0,1.0,1,1.0,1,1.0,1,0.16469369477325335,58
3674,0,4863,2728,2135,0,0,0,1.0,1,1.0,1,1.0,1,0.17561344948603397,57
3675,0,4863,2728,2135,0,0,0,1.0,1,1.0,1,1.0,1,0.18264891087470875,58
3676,3,4866,2730,2136,0,0,0,1.0,1,1.0,1,1.0,1,0.17722793020835143,59
3677,0,4866,2730,2136,0,0,0,1.0,1,1.0,1,1.0,1,0.1689243911772072,60
3678,0,4866,2730,2136,0,0,0,1.0,1,1.0,1,1.0,1,0.19013280715050662,62
3679,0,4866,2730,2136,0,0,0,1.0,1,1.0,1,1.0,1,0.19013280715050662,62
3680,0,4866,2730,2136,0,0,0,1.0,1,1.0,1,1.0,1,0.17091432584451974,63
3681,1,4867,2730,2137,0,0,0,1.0,1,1.0,1,1.0,1,0.1723928763290162,64
3682,0,4867,2730,2137,0,0,0,1.0,1,1.0,1,1.0,1,0.1723928763290162,64
3683,0,4867,2730,2137,0,0,0,1.0,1,1.0,1,1.0,1,0.1723928763290162,64
3684,1,4868,2731,2137,0,0,0,1.0,1,1.0,1,1.0,1,0.1914137538762967,64
3685,0,4868,2731,2137,0,0,0,1.0,1,1.0,1,1.0,1,0.1914137538762967,64
3686,2,4870,2732,2138,0,0,0,1.0,1,1.0,1,1.0,1,0.19528088843474425,65
3687,0,4870,2732,2138,0,0,0,1.0,1,1.0,1,1.0,1,0.19528088843474425,65
3688,0,4870,2732,2138,0,0,0,1.0,1,1.0,1,1.0,1,0.20465822724804542,66
3689,0,4870,2732,2138,0,0,0,1.0,1,1.0,1,1.0,1,0.20465822724804542,66
3690,2,4872,2732,2140,0,0,0,1.0,1,1.0,1,1.0,1,0.1961651193731891,67
3691,1,4873,2732,2141,0,0,0,1.0,1,1.0,1,1.0,1,0.17959726730169534,68
3692,0,4873,2732,2141,0,0,0,1.0,1,1.0,1,1.0,1,0.17413261703826594,69
3693,0,4873,2732,2141,0,0,0,1.0,1,1.0,1,1.0,1,0.17153054511729945,69
3694,1,4874,2733,2141,0,0,0,1.0,1,1.0,1,1.0,1,0.18812036509101146,70
3695,0,4874,2733,2141,0,0,0,1.0,1,1.0,1,1.0,1,0.18812036509101146,70
3696,2,4876,2735,2141,0,0,0,1.0,1,1.0,1,1.0,1,0.17350221942635882,71
3697,2,4878,2737,2141,0,0,0,1.0,1,1.0,1,1.0,1,0.1954842488913082,70
3698,0,4878,2737,2141,0,0,0,1.0,1,1.0,1,1.0,1,0.19522706640436735,70
3699,2,4880,2738,2142,0,0,0,1.0,1,1.0,1,1.0,1,0.1829293665466663,70
3700,3,4883,2741,2142,0,0,0,1.0,1,1.0,1,1.0,1,0.20326397141788483,68
3701,2,4885,2742,2143,0,0,0,1.0,1,1.0,1,1.0,1,0.20653750916999883,69
3702,1,4886,2743,2143,0,0,0,1.0,1,1.0,1,1.0,1,0.21097519427851794,69
3703,1,4887,2744,2143,0,0,0,1.0,1,1.0,1,1.0,1,0.24141120749299705,70
3704,2,4889,2746,2143,0,0,0,1.0,1,1.0,1,1.0,1,0.26493277770718576,69
3705,1,4890,2746,2144,0,0,0,1.0,1,1.0,1,1.0,1,0.23383078555983167,69
3706,3,4893,2748,2145,0,0,0,1.0,1,1.0,1,1.0,1,0.23038241473106114,69
3707,0,4893,2748,2145,0,0,0,1.0,1,1.0,1,1.0,1,0.21380315220127352,67
3708,1,4894,2749,2145,0,0,0,1.0,1,1.0,1,1.0,1,0.19859561025230835,67
3709,0,4894,2749,2145,0,0,0,1.0,1,1.0,1,1.0,1,0.19859561025230835,67
3710,2,4896,2751,2145,0,0,0,1.0,1,1.0,1,1.0,1,0.19128109811869384,67
3711,0,4896,2751,2145,0,0,0,1.0,1,1.0,1,1.0,1,0.19218741503221592,68
3712,1,4897,2752,2145,0,0,0,1.0,1,1.0,1,1.0,1,0.19993354943308841,68
3713,3,4900,2753,2147,0,0,0,1.0,1,1.0,1,1.0,1,0.1765967364724852,68
3714,0,4900,2753,2147,0,0,0,1.0,1,1.0,1,1.0,1,0.1932203563549547,67
3715,1,4901,2753,2148,0,0,0,1.0,1,1.0,1,1.0,1,0.1860472544106501,68
3716,3,4904,2753,2151,0,0,0,1.0,1,1.0,1,1.0,1,0.1770244841530117,67
3717,1,4905,2754,2151,0,0,0,1.0,1,1.0,1,1.0,1,0.20884912772399034,68
3718,1,4906,2754,2152,0,0,0,1.0,1,1.0,1,1.0,1,0.21086518318879915,68
3719,2,4908,2755,2153,0,0,0,1.0,1,1.0,1,1.0,1,0.2488960631850927,68
3720,0,4908,2755,2153,0,0,0,1.0,1,1.0,1,1.0,1,0.2488960631850927,68
3721,3,4911,2757,2154,0,0,0,1.0,1,1.0,1,1.0,1,0.20628771111744226,70
3722,0,4911,2757,2154,0,0,0,1.0,1,1.0,1,1.0,1,0.21308397647322136,71
3723,4,4915,2757,2158,0,0,0,1.0,1,1.0,1,1.0,1,0.18679444409986748,71
3724,0,4915,2757,2158,0,0,0,1.0,1,1.0,1,1.0,1,0.18159305959752864,72
3725,5,4920,2759,2161,0,0,0,1.0,1,1.0,1,1.0,1,0.20475921471983538,72
3726,3,4923,2759,2164,0,0,0,1.0,1,1.0,1,1.0,1,0.18387131818195193,71
3727,2,4925,2760,2165,0,0,0,1.0,1,1.0,1,1.0,1,0.1978326549681985,71
3728,3,4928,2760,2168,0,0,0,1.0,1,1.0,1,1.0,1,0.189016857475565,70
3729,0,4928,2760,2168,0,0,0,1.0,1,1.0,1,1.0,1,0.189016857475565,70
3730,2,4930,2761,2169,0,0,0,1.0,1,1.0,1,1.0,1,0.21268100971863713,71
3731,0,4930,2761,2169,0,0,0,1.0,1,1.0,1,1.0,1,0.21268100971863713,71
3732,1,4931,2761,2170,0,0,0,1.0,1,1.0,1,1.0,1,0.20158317784501378,72
3733,1,4932,2762,2170,0,0,0,1.0,1,1.0,1,1.0,1,0.216089419088529,73
3734,2,4934,2763,2171,0,0,0,1.0,1,1.0,1,1.0,1,0.2338111686115033,74
3735,2,4936,2764,2172,0,0,0,1.0,1,1.0,1,1.0,1,0.23287506882506442,72
3736,1,4937,2764,2173,0,0,0,1.0,1,1.0,1,1.0,1,0.20269252070716165,72
3737,1,4938,2764,2174,0,0,0,1.0,1,1.0,1,1.0,1,0.19202929558518544,73
3738,0,4938,2764,2174,0,0,0,1.0,1,1.0,1,1.0,1,0.1795520317203613,72
3739,0,4938,2764,2174,0,0,0,1.0,1,1.0,1,1.0,1,0.17379986450924792,73
3740,1,4939,2764,2175,0,0,0,1.0,1,1.0,1,1.0,1,0.17343606394962502,70
3741,0,4939,2764,2175,0,0,0,1.0,1,1.0,1,1.0,1,0.17343606394962502,70
3742,0,4939,2764,2175,0,0,0,1.0,1,1.0,1,1.0,1,0.17343606394962502,70
3743,0,4939,2764,2175,0,0,0,1.0,1,1.0,1,1.0,1,0.20118142305969236,69
3744,5,4944,2766,2178,0,0,0,1.0,1,1.0,1,1.0,1,0.22198296145235064,69
3745,2,4946,2766,2180,0,0,0,1.0,1,1.0,1,1.0,1,0.20523786171142036,68
3746,3,4949,2766,2183,0,0,0,1.0,1,1.0,1,1.0,1,0.20069359657139088,66
3747,2,4951,2766,2185,0,0,0,1.0,1,1.0,1,1.0,1,0.18920971235616652,66
3748,2,4953,2766,2187,0,0,0,1.0,1,1.0,1,1.0,1,0.15717268619211486,65
3749,0,4953,2766,2187,0,0,0,1.0,1,1.0,1,1.0,1,0.16191835325106094,64
3750,0,4953,2766,2187,0,0,0,1.0,1,1.0,1,1.0,1,0.1681041120044499,63
3751,1,4954,2766,2188,0,0,0,1.0,1,1.0,1,1.0,1,0.15272213098474435,64
3752,1,4955,2767,2188,0,0,0,1.0,1,1.0,1,1.0,1,0.1433331842982538,64
3753,2,4957,2767,2190,0,0,0,1.0,1,1.0,1,1.0,1,0.1330564587139107,65
3754,1,4958,2768,2190,0,0,0,1.0,1,1.0,1,1.0,1,0.15507052441647567,65
3755,4,4962,2769,2193,0,0,0,1.0,1,1.0,1,1.0,1,0.1647104607233132,65
3756,2,4964,2769,2195,0,0,0,1.0,1,1.0,1,1.0,1,0.15526456382448592,65
3757,4,4968,2771,2197,0,0,0,1.0,1,1.0,1,1.0,1,0.17770269579039408,65
3758,0,4968,2771,2197,0,0,0,1.0,1,1.0,1,1.0,1,0.18591201763421714,64
3759,1,4969,2772,2197,0,0,0,1.0,1,1.0,1,1.0,1,0.20263885509596757,64
3760,0,4969,2772,2197,0,0,0,1.0,1,1.0,1,1.0,1,0.22764566027819635,63
3761,1,4970,2772,2198,0,0,0,1.0,1,1.0,1,1.0,1,0.21814038758409557,63
3762,0,4970,2772,2198,0,0,0,1.0,1,1.0,1,1.0,1,0.21870738768177309,65
3763,0,4970,2772,2198,0,0,0,1.0,1,1.0,1,1.0,1,0.21870738768177309,65
3764,4,4974,2773,2201,0,0,0,1.0,1,1.0,1,1.0,1,0.19342380348380722,66
3765,2,4976,2773,2203,0,0,0,1.0,1,1.0,1,1.0,1,0.1921476269974198,67
3766,3,4979,2773,2206,0,0,0,1.0,1,1.0,1,1.0,1,0.17289404337212239,67
3767,0,4979,2773,2206,0,0,0,1.0,1,1.0,1,1.0,1,0.1681320760794081,68
3768,4,4983,2775,2208,0,0,0,1.0,1,1.0,1,1.0,1,0.197985499350968,67
3769,3,4986,2775,2211,0,0,0,1.0,1,1.0,1,1.0,1,0.1554323825169871,69
3770,0,4986,2775,2211,0,0,0,1.0,1,1.0,1,1.0,1,0.1554323825169871,69
3771,4,4990,2776,2214,0,0,0,1.0,1,1.0,1,1.0,1,0.16635957646190885,69
3772,2,4992,2776,2216,0,0,0,1.0,1,1.0,1,1.0,1,0.15788440715896532,70
3773,3,4995,2777,2218,0,0,0,1.0,1,1.0,1,1.0,1,0.16227962365585555,68
3774,1,4996,2777,2219,0,0,0,1.0,1,1.0,1,1.0,1,0.15287441984723338,68
3775,2,4998,2778,2220,0,0,0,1.0,1,1.0,1,1.0,1,0.17796319673555389,68
3776,3,5001,2778,2223,0,0,0,1.0,1,1.0,1,1.0,1,0.14712819561263224,66
3777,1,5002,2778,2224,0,0,0,1.0,1,1.0,1,1.0,1,0.13085991079063042,65
3778,0,5002,2778,2224,0,0,0,1.0,1,1.0,1,1.0,1,0.1150113159116976,65
3779,1,5003,2779,2224,0,0,0,1.0,1,1.0,1,1.0,1,0.13913295652884342,65
3780,0,5003,2779,2224,0,0,0,1.0,1,1.0,1,1.0,1,0.12687727033240048,64
3781,0,5003,2779,2224,0,0,0,1.0,1,1.0,1,1.0,1,0.12687727033240048,64
3782,0,5003,2779,2224,0,0,0,1.0,1,1.0,1,1.0,1,0.13712825514810345,67
3783,0,5003,2779,2224,0,0,0,1.0,1,1.0,1,1.0,1,0.1327206199047142,65
3784,1,5004,2779,2225,0,0,0,1.0,1,1.0,1,1.0,1,0.12625265928972895,65
3785,2,5006,2781,2225,0,0,0,1.0,1,1.0,1,1.0,1,0.16394131662484077,63
3786,2,5008,2781,2227,0,0,0,1.0,1,1.0,1,1.0,1,0.1431210339104728,66
3787,1,5009,2782,2227,0,0,0,1.0,1,1.0,1,1.0,1,0.17492022455413359,65
3788,2,5011,2782,2229,0,0,0,1.0,1,1.0,1,1.0,1,0.15703872224243004,65
3789,2,5013,2784,2229,0,0,0,1.0,1,1.0,1,1.0,1,0.17708181544307747,65
3790,1,5014,2785,2229,0,0,0,1.0,1,1.0,1,1.0,1,0.21056921406264717,64
3791,2,5016,2786,2230,0,0,0,1.0,1,1.0,1,1.0,1,0.19895804138467285,64
3792,3,5019,2789,2230,0,0,0,1.0,1,1.0,1,1.0,1,0.21743114689699863,65
3793,3,5022,2790,2232,0,0,0,1.0,1,1.0,1,1.0,1,0.21441891647958908,68
3794,2,5024,2791,2233,0,0,0,1.0,1,1.0,1,1.0,1,0.20764296421388212,68
3795,2,5026,2791,2235,0,0,0,1.0,1,1.0,1,1.0,1,0.1862014830188953,69
3796,2,5028,2791,2237,0,0,0,1.0,1,1.0,1,1.0,1,0.17175680755314823,69
3797,3,5031,2791,2240,0,0,0,1.0,1,1.0,1,1.0,1,0.1684894357613999,70
3798,1,5032,2791,2241,0,0,0,1.0,1,1.0,1,1.0,1,0.1612593128557273,70
3799,1,5033,2791,2242,0,0,0,1.0,1,1.0,1,1.0,1,0.16305807448376403,69
3800,1,5034,2791,2243,0,0,0,1.0,1,1.0,1,1.0,1,0.15847863616784671,69
3801,4,5038,2791,2247,0,0,0,1.0,1,1.0,1,1.0,1,0.14258662507282413,67
3802,1,5039,2791,2248,0,0,0,1.0,1,1.0,1,1.0,1,0.1357794948139509,67
3803,2,5041,2791,2250,0,0,0,1.0,1,1.0,1,1.0,1,0.12673001334374445,69
3804,2,5043,2791,2252,0,0,0,1.0,1,1.0,1,1.0,1,0.11712601569654647,70
3805,0,5043,2791,2252,0,0,0,1.0,1,1.0,1,1.0,1,0.12560873426237185,71
3806,1,5044,2791,2253,0,0,0,1.0,1,1.0,1,1.0,1,0.11870522563576913,71
3807,1,5045,2791,2254,0,0,0,1.0,1,1.0,1,1.0,1,0.11904148476882569,72
3808,0,5045,2791,2254,0,0,0,1.0,1,1.0,1,1.0,1,0.11904148476882569,72
3809,1,5046,2792,2254,0,0,0,1.0,1,1.0,1,1.0,1,0.14494190826567552,72
3810,3,5049,2793,2256,0,0,0,1.0,1,1.0,1,1.0,1,0.151501153605642,72
3811,1,5050,2794,2256,0,0,0,1.0,1,1.0,1,1.0,1,0.15109370098928865,71
3812,1,5051,2794,2257,0,0,0,1.0,1,1.0,1,1.0,1,0.15379843453033276,72
3813,2,5053,2795,2258,0,0,0,1.0,1,1.0,1,1.0,1,0.15885217354762024,71
3814,0,5053,2795,2258,0,0,0,1.0,1,1.0,1,1.0,1,0.16894103703321853,72
3815,0,5053,2795,2258,0,0,0,1.0,1,1.0,1,1.0,1,0.1526362452293912,71
3816,0,5053,2795,2258,0,0,0,1.0,1,1.0,1,1.0,1,0.14969105254307655,69
3817,1,5054,2796,2258,0,0,0,1.0,1,1.0,1,1.0,1,0.17665048525386856,72
3818,1,5055,2797,2258,0,0,0,1.0,1,1.0,1,1.0,1,0.17635214883134145,72
3819,1,5056,2798,2258,0,0,0,1.0,1,1.0,1,1.0,1,0.18525806706066475,72
3820,2,5058,2799,2259,0,0,0,1.0,1,1.0,1,1.0,1,0.1808392144952182,72
3821,1,5059,2800,2259,0,0,0,1.0,1,1.0,1,1.0,1,0.19360018726014683,72
3822,0,5059,2800,2259,0,0,0,1.0,1,1.0,1,1.0,1,0.2049701084342714,69
3823,0,5059,2800,2259,0,0,0,1.0,1,1.0,1,1.0,1,0.2049701084342714,69
3824,3,5062,2800,2262,0,0,0,1.0,1,1.0,1,1.0,1,0.19959668488391058,65
3825,0,5062,2800,2262,0,0,0,1.0,1,1.0,1,1.0,1,0.21027894991329868,64
3826,1,5063,2800,2263,0,0,0,1.0,1,1.0,1,1.0,1,0.19717291309519994,65
3827,1,5064,2800,2264,0,0,0,1.0,1,1.0,1,1.0,1,0.19877570511656714,64
3828,2,5066,2801,2265,0,0,0,1.0,1,1.0,1,1.0,1,0.17604663506791585,65
3829,1,5067,2802,2265,0,0,0,1.0,1,1.0,1,1.0,1,0.19714329540018996,65
3830,0,5067,2802,2265,0,0,0,1.0,1,1.0,1,1.0,1,0.2039601975294662,64
3831,2,5069,2802,2267,0,0,0,1.0,1,1.0,1,1.0,1,0.19481763029216123,63
3832,0,5069,2802,2267,0,0,0,1.0,1,1.0,1,1.0,1,0.20915029556037423,64
3833,1,5070,2803,2267,0,0,0,1.0,1,1.0,1,1.0,1,0.20145567625038263,64
3834,1,5071,2803,2268,0,0,0,1.0,1,1.0,1,1.0,1,0.21318962386096155,63
3835,0,5071,2803,2268,0,0,0,1.0,1,1.0,1,1.0,1,0.21197626641511275,63
3836,3,5074,2805,2269,0,0,0,1.0,1,1.0,1,1.0,1,0.1948314139170701,63
3837,2,5076,2806,2270,0,0,0,1.0,1,1.0,1,1.0,1,0.2053465261413832,62
3838,3,5079,2808,2271,0,0,0,1.0,1,1.0,1,1.0,1,0.18918992197887657,62
3839,1,5080,2809,2271,0,0,0,1.0,1,1.0,1,1.0,1,0.21292214224222036,60
3840,0,5080,2809,2271,0,0,0,1.0,1,1.0,1,1.0,1,0.20528252405403752,62
3841,1,5081,2809,2272,0,0,0,1.0,1,1.0,1,1.0,1,0.19458961510306372,62
3842,2,5083,2809,2274,0,0,0,1.0,1,1.0,1,1.0,1,0.16120955120966085,63
3843,1,5084,2809,2275,0,0,0,1.0,1,1.0,1,1.0,1,0.14844126092114807,64
3844,2,5086,2809,2277,0,0,0,1.0,1,1.0,1,1.0,1,0.1261664694621915,65
3845,1,5087,2809,2278,0,0,0,1.0,1,1.0,1,1.0,1,0.11866412978698959,66
3846,5,5092,2809,2283,0,0,0,1.0,1,1.0,1,1.0,1,0.06676363210957494,67
3847,0,5092,2809,2283,0,0,0,1.0,1,1.0,1,1.0,1,0.06676363210957494,67
3848,1,5093,2810,2283,0,0,0,1.0,1,1.0,1,1.0,1,0.06273120439134751,67
3849,1,5094,2811,2283,0,0,0,1.0,1,1.0,1,1.0,1,0.06098149050382987,67
3850,3,5097,2813,2284,0,0,0,1.0,1,1.0,1,1.0,1,0.060693114268792016,68
3851,3,5100,2815,2285,0,0,0,1.0,1,1.0,1,1.0,1,0.0708747049105573,68
3852,1,5101,2815,2286,0,0,0,1.0,1,1.0,1,1.0,1,0.07344448544824357,70
3853,3,5104,2817,2287,0,0,0,1.0,1,1.0,1,1.0,1,0.10930998452994548,70
3854,3,5107,2819,2288,0,0,0,1.0,1,1.0,1,1.0,1,0.11759686562774707,70
3855,1,5108,2820,2288,0,0,0,1.0,1,1.0,1,1.0,1,0.12961652319967873,69
3856,2,5110,2821,2289,0,0,0,1.0,1,1.0,1,1.0,1,0.14388530530791666,70
3857,3,5113,2822,2291,0,0,0,1.0,1,1.0,1,1.0,1,0.16246272225983363,68
3858,0,5113,2822,2291,0,0,0,1.0,1,1.0,1,1.0,1,0.15201629989941978,67
3859,1,5114,2822,2292,0,0,0,1.0,1,1.0,1,1.0,1,0.12838298396284167,66
3860,0,5114,2822,2292,0,0,0,1.0,1,1.0,1,1.0,1,0.13168713870168058,66
3861,0,5114,2822,2292,0,0,0,1.0,1,1.0,1,1.0,1,0.13290673655086202,66
3862,0,5114,2822,2292,0,0,0,1.0,1,1.0,1,1.0,1,0.13290673655086202,66
3863,1,5115,2823,2292,0,0,0,1.0,1,1.0,1,1.0,1,0.13518569678205666,63
3864,1,5116,2824,2292,0,0,0,1.0,1,1.0,1,1.0,1,0.1468850422661828,63
3865,0,5116,2824,2292,0,0,0,1.0,1,1.0,1,1.0,1,0.15170462293483122,61
3866,2,5118,2824,2294,0,0,0,1.0,1,1.0,1,1.0,1,0.12097752906026757,61
3867,0,5118,2824,2294,0,0,0,1.0,1,1.0,1,1.0,1,0.12798646405265102,60
3868,2,5120,2826,2294,0,0,0,1.0,1,1.0,1,1.0,1,0.17762682391350995,59
3869,0,5120,2826,2294,0,0,0,1.0,1,1.0,1,1.0,1,0.17415367068131124,61
3870,0,5120,2826,2294,0,0,0,1.0,1,1.0,1,1.0,1,0.183116625815365,61
3871,3,5123,2827,2296,0,0,0,1.0,1,1.0,1,1.0,1,0.1666635665042753,64
3872,1,5124,2827,2297,0,0,0,1.0,1,1.0,1,1.0,1,0.16402311304980904,63
3873,1,5125,2827,2298,0,0,0,1.0,1,1.0,1,1.0,1,0.16426478307899042,62
3874,0,5125,2827,2298,0,0,0,1.0,1,1.0,1,1.0,1,0.15891742994858646,63
3875,0,5125,2827,2298,0,0,0,1.0,1,1.0,1,1.0,1,0.15638617734655388,61
3876,0,5125,2827,2298,0,0,0,1.0,1,1.0,1,1.0,1,0.14875415136804934,62
3877,3,5128,2829,2299,0,0,0,1.0,1,1.0,1,1.0,1,0.16132460312483513,63
3878,0,5128,2829,2299,0,0,0,1.0,1,1.0,1,1.0,1,0.16132460312483513,63
3879,1,5129,2830,2299,0,0,0,1.0,1,1.0,1,1.0,1,0.1671180533977048,63
3880,0,5129,2830,2299,0,0,0,1.0,1,1.0,1,1.0,1,0.15671104728593346,65
3881,1,5130,2831,2299,0,0,0,1.0,1,1.0,1,1.0,1,0.17514893371982926,65
3882,3,5133,2833,2300,0,0,0,1.0,1,1.0,1,1.0,1,0.16820287778047846,66
3883,1,5134,2834,2300,0,0,0,1.0,1,1.0,1,1.0,1,0.17857906888478892,66
3884,2,5136,2835,2301,0,0,0,1.0,1,1.0,1,1.0,1,0.2006244426498197,66
3885,2,5138,2836,2302,0,0,0,1.0,1,1.0,1,1.0,1,0.21014358416417667,66
3886,1,5139,2837,2302,0,0,0,1.0,1,1.0,1,1.0,1,0.2169593825828095,65
3887,1,5140,2837,2303,0,0,0,1.0,1,1.0,1,1.0,1,0.1975189809967696,65
3888,1,5141,2837,2304,0,0,0,1.0,1,1.0,1,1.0,1,0.20356013094359568,66
3889,1,5142,2838,2304,0,0,0,1.0,1,1.0,1,1.0,1,0.20394294529264273,64
3890,3,5145,2840,2305,0,0,0,1.0,1,1.0,1,1.0,1,0.20648503825933084,63
3891,3,5148,2840,2308,0,0,0,1.0,1,1.0,1,1.0,1,0.16189556278105532,66
3892,2,5150,2841,2309,0,0,0,1.0,1,1.0,1,1.0,1,0.1428539227776032,67
3893,1,5151,2841,2310,0,0,0,1.0,1,1.0,1,1.0,1,0.1317009780792866,66
3894,2,5153,2842,2311,0,0,0,1.0,1,1.0,1,1.0,1,0.13684461720016522,67
3895,1,5154,2842,2312,0,0,0,1.0,1,1.0,1,1.0,1,0.12890765882401006,66
3896,2,5156,2843,2313,0,0,0,1.0,1,1.0,1,1.0,1,0.13264507076631984,66
3897,2,5158,2843,2315,0,0,0,1.0,1,1.0,1,1.0,1,0.1190595123293922,65
3898,5,5163,2845,2318,0,0,0,1.0,1,1.0,1,1.0,1,0.15577038094876566,65
3899,2,5165,2847,2318,0,0,0,1.0,1,1.0,1,1.0,1,0.1788263240210184,64
3900,1,5166,2848,2318,0,0,0,1.0,1,1.0,1,1.0,1,0.21027111235514878,63
3901,4,5170,2850,2320,0,0,0,1.0,1,1.0,1,1.0,1,0.20285958351946332,63
3902,2,5172,2851,2321,0,0,0,1.0,1,1.0,1,1.0,1,0.21418685517250563,64
3903,3,5175,2851,2324,0,0,0,1.0,1,1.0,1,1.0,1,0.17467846654716854,64
3904,0,5175,2851,2324,0,0,0,1.0,1,1.0,1,1.0,1,0.18064610673597023,63
3905,1,5176,2851,2325,0,0,0,1.0,1,1.0,1,1.0,1,0.15874957660429978,63
3906,0,5176,2851,2325,0,0,0,1.0,1,1.0,1,1.0,1,0.146378335904179,64
3907,2,5178,2851,2327,0,0,0,1.0,1,1.0,1,1.0,1,0.1495606334822242,64
3908,1,5179,2852,2327,0,0,0,1.0,1,1.0,1,1.0,1,0.16176834529874484,63
3909,1,5180,2852,2328,0,0,0,1.0,1,1.0,1,1.0,1,0.17366853584581562,62
3910,0,5180,2852,2328,0,0,0,1.0,1,1.0,1,1.0,1,0.18607179762682996,62
3911,3,5183,2853,2330,0,0,0,1.0,1,1.0,1,1.0,1,0.1761605955553084,64
3912,1,5184,2854,2330,0,0,0,1.0,1,1.0,1,1.0,1,0.202726778341097,64
3913,1,5185,2854,2331,0,0,0,1.0,1,1.0,1,1.0,1,0.20258621963890872,65
3914,1,5186,2854,2332,0,0,0,1.0,1,1.0,1,1.0,1,0.20053820088350005,65
3915,1,5187,2855,2332,0,0,0,1.0,1,1.0,1,1.0,1,0.18380814078778163,66
3916,1,5188,2856,2332,0,0,0,1.0,1,1.0,1,1.0,1,0.20998140699357531,66
3917,1,5189,2856,2333,0,0,0,1.0,1,1.0,1,1.0,1,0.20307280402860667,66
3918,3,5192,2858,2334,0,0,0,1.0,1,1.0,1,1.0,1,0.18918062747057846,67
3919,0,5192,2858,2334,0,0,0,1.0,1,1.0,1,1.0,1,0.18364817898689717,68
3920,1,5193,2859,2334,0,0,0,1.0,1,1.0,1,1.0,1,0.16824010296976108,69
3921,1,5194,2859,2335,0,0,0,1.0,1,1.0,1,1.0,1,0.17239425242371229,68
3922,2,5196,2861,2335,0,0,0,1.0,1,1.0,1,1.0,1,0.20630258018970504,68
3923,2,5198,2861,2337,0,0,0,1.0,1,1.0,1,1.0,1,0.1995942868080831,69
3924,3,5201,2862,2339,0,0,0,1.0,1,1.0,1,1.0,1,0.1808416799771305,69
3925,4,5205,2864,2341,0,0,0,1.0,1,1.0,1,1.0,1,0.19682694570351653,67
3926,1,5206,2864,2342,0,0,0,1.0,1,1.0,1,1.0,1,0.19817355042754792,67
3927,2,5208,2864,2344,0,0,0,1.0,1,1.0,1,1.0,1,0.19275381458132682,65
3928,1,5209,2864,2345,0,0,0,1.0,1,1.0,1,1.0,1,0.1868652144148774,65
3929,2,5211,2865,2346,0,0,0,1.0,1,1.0,1,1.0,1,0.1838808456587436,64
3930,0,5211,2865,2346,0,0,0,1.0,1,1.0,1,1.0,1,0.17825755277746433,64
3931,0,5211,2865,2346,0,0,0,1.0,1,1.0,1,1.0,1,0.16558813472616302,62
3932,0,5211,2865,2346,0,0,0,1.0,1,1.0,1,1.0,1,0.16558813472616302,62
3933,1,5212,2866,2346,0,0,0,1.0,1,1.0,1,1.0,1,0.15494146763670577,62
3934,2,5214,2867,2347,0,0,0,1.0,1,1.0,1,1.0,1,0.12988530751067215,61
3935,0,5214,2867,2347,0,0,0,1.0,1,1.0,1,1.0,1,0.1352757815839797,64
3936,0,5214,2867,2347,0,0,0,1.0,1,1.0,1,1.0,1,0.14286617402981522,65
3937,1,5215,2867,2348,0,0,0,1.0,1,1.0,1,1.0,1,0.11918820766565304,66
3938,0,5215,2867,2348,0,0,0,1.0,1,1.0,1,1.0,1,0.11918820766565304,66
3939,0,5215,2867,2348,0,0,0,1.0,1,1.0,1,1.0,1,0.13016309544391041,67
3940,1,5216,2867,2349,0,0,0,1.0,1,1.0,1,1.0,1,0.10946694736058402,69
3941,0,5216,2867,2349,0,0,0,1.0,1,1.0,1,1.0,1,0.10946694736058402,69
3942,1,5217,2868,2349,0,0,0,1.0,1,1.0,1,1.0,1,0.12784314834149083,69
3943,1,5218,2869,2349,0,0,0,1.0,1,1.0,1,1.0,1,0.15843976918266622,68
3944,2,5220,2869,2351,0,0,0,1.0,1,1.0,1,1.0,1,0.15663328486034692,68
3945,3,5223,2872,2351,0,0,0,1.0,1,1.0,1,1.0,1,0.1665633493051452,67
3946,5,5228,2874,2354,0,0,0,1.0,1,1.0,1,1.0,1,0.17817657762436617,67
3947,2,5230,2875,2355,0,0,0,1.0,1,1.0,1,1.0,1,0.17175902922639638,66
3948,3,5233,2877,2356,0,0,0,1.0,1,1.0,1,1.0,1,0.15007332081468933,67
3949,6,5239,2881,2358,0,0,0,1.0,1,1.0,1,1.0,1,0.24426292175083292,66
3950,0,5239,2881,2358,0,0,0,1.0,1,1.0,1,1.0,1,0.2532460822253356,65
3951,3,5242,2881,2361,0,0,0,1.0,1,1.0,1,1.0,1,0.22448607987002023,65
3952,3,5245,2882,2363,0,0,0,1.0,1,1.0,1,1.0,1,0.2036121413777099,65
3953,2,5247,2883,2364,0,0,0,1.0,1,1.0,1,1.0,1,0.20145169837266005,65
3954,2,5249,2883,2366,0,0,0,1.0,1,1.0,1,1.0,1,0.19360593554029937,64
3955,0,5249,2883,2366,0,0,0,1.0,1,1.0,1,1.0,1,0.21071149882703502,64
3956,2,5251,2883,2368,0,0,0,1.0,1,1.0,1,1.0,1,0.19051837396562624,63
3957,1,5252,2883,2369,0,0,0,1.0,1,1.0,1,1.0,1,0.1839446885980462,63
3958,0,5252,2883,2369,0,0,0,1.0,1,1.0,1,1.0,1,0.1910434097366791,63
3959,0,5252,2883,2369,0,0,0,1.0,1,1.0,1,1.0,1,0.19021901714408254,62
3960,0,5252,2883,2369,0,0,0,1.0,1,1.0,1,1.0,1,0.19021901714408254,62
3961,3,5255,2885,2370,0,0,0,1.0,1,1.0,1,1.0,1,0.1891423177586967,64
3962,0,5255,2885,2370,0,0,0,1.0,1,1.0,1,1.0,1,0.1891423177586967,64
3963,4,5259,2888,2371,0,0,0,1.0,1,1.0,1,1.0,1,0.20507090080116452,62
3964,1,5260,2888,2372,0,0,0,1.0,1,1.0,1,1.0,1,0.18556201607509018,63
3965,3,5263,2888,2375,0,0,0,1.0,1,1.0,1,1.0,1,0.14220636758823174,63
3966,1,5264,2888,2376,0,0,0,1.0,1,1.0,1,1.0,1,0.12469612725094288,62
3967,3,5267,2888,2379,0,0,0,1.0,1,1.0,1,1.0,1,0.10394609890646878,64
3968,0,5267,2888,2379,0,0,0,1.0,1,1.0,1,1.0,1,0.09573484053707729,63
3969,1,5268,2888,2380,0,0,0,1.0,1,1.0,1,1.0,1,0.08464846587724872,63
3970,0,5268,2888,2380,0,0,0,1.0,1,1.0,1,1.0,1,0.0856718424987176,65
3971,0,5268,2888,2380,0,0,0,1.0,1,1.0,1,1.0,1,0.0856718424987176,65
3972,3,5271,2890,2381,0,0,0,1.0,1,1.0,1,1.0,1,0.12961555555281762,66
3973,2,5273,2890,2383,0,0,0,1.0,1,1.0,1,1.0,1,0.1129289929409695,66
3974,2,5275,2891,2384,0,0,0,1.0,1,1.0,1,1.0,1,0.12624401618932277,66
3975,3,5278,2894,2384,0,0,0,1.0,1,1.0,1,1.0,1,0.13476724219938732,66
3976,4,5282,2895,2387,0,0,0,1.0,1,1.0,1,1.0,1,0.12154936032748692,66
3977,2,5284,2897,2387,0,0,0,1.0,1,1.0,1,1.0,1,0.13337059416142963,64
3978,3,5287,2900,2387,0,0,0,1.0,1,1.0,1,1.0,1,0.1710196200360799,63
3979,3,5290,2900,2390,0,0,0,1.0,1,1.0,1,1.0,1,0.15957261689592628,63
3980,1,5291,2900,2391,0,0,0,1.0,1,1.0,1,1.0,1,0.14456517610644815,63
3981,2,5293,2900,2393,0,0,0,1.0,1,1.0,1,1.0,1,0.13597212494573865,64
3982,0,5293,2900,2393,0,0,0,1.0,1,1.0,1,1.0,1,0.13801220616939708,65
3983,0,5293,2900,2393,0,0,0,1.0,1,1.0,1,1.0,1,0.1358182542110615,64
3984,1,5294,2900,2394,0,0,0,1.0,1,1.0,1,1.0,1,0.13167168804700558,65
3985,0,5294,2900,2394,0,0,0,1.0,1,1.0,1,1.0,1,0.14543698304914998,64
3986,2,5296,2900,2396,0,0,0,1.0,1,1.0,1,1.0,1,0.12778658053750247,63
3987,0,5296,2900,2396,0,0,0,1.0,1,1.0,1,1.0,1,0.143168199890971,63
3988,0,5296,2900,2396,0,0,0,1.0,1,1.0,1,1.0,1,0.14117971426196763,63
3989,0,5296,2900,2396,0,0,0,1.0,1,1.0,1,1.0,1,0.15750256155192,63
3990,1,5297,2901,2396,0,0,0,1.0,1,1.0,1,1.0,1,0.18730691999138724,62
3991,1,5298,2901,2397,0,0,0,1.0,1,1.0,1,1.0,1,0.17483350233128098,62
3992,0,5298,2901,2397,0,0,0,1.0,1,1.0,1,1.0,1,0.16576815769834868,65
3993,0,5298,2901,2397,0,0,0,1.0,1,1.0,1,1.0,1,0.16576815769834868,65
3994,1,5299,2901,2398,0,0,0,1.0,1,1.0,1,1.0,1,0.1525562558264215,64
3995,0,5299,2901,2398,0,0,0,1.0,1,1.0,1,1.0,1,0.1525562558264215,64
3996,2,5301,2901,2400,0,0,0,1.0,1,1.0,1,1.0,1,0.12667790335303128,67
3997,2,5303,2902,2401,0,0,0,1.0,1,1.0,1,1.0,1,0.12314803583356981,69
3998,2,5305,2903,2402,0,0,0,1.0,1,1.0,1,1.0,1,0.1291480175745952,69
3999,2,5307,2905,2402,0,0,0,1.0,1,1.0,1,1.0,1,0.13321499338005077,69
4000,0,5307,2905,2402,0,0,0,1.0,1,1.0,1,1.0,1,0.11362646540513986,69
4001,0,5307,2905,2402,0,0,0,1.0,1,1.0,1,1.0,1,0.10493433899239218,68
4002,1,5308,2906,2402,0,0,0,1.0,1,1.0,1,1.0,1,0.0894800469685928,68
4003,2,5310,2908,2402,0,0,0,1.0,1,1.0,1,1.0,1,0.12393258125030013,68
4004,5,5315,2911,2404,0,0,0,1.0,1,1.0,1,1.0,1,0.08993609616170248,67
4005,1,5316,2912,2404,0,0,0,1.0,1,1.0,1,1.0,1,0.09745216265821306,67
4006,4,5320,2914,2406,0,0,0,1.0,1,1.0,1,1.0,1,0.09420582999528314,67
4007,1,5321,2915,2406,0,0,0,1.0,1,1.0,1,1.0,1,0.11347185388807657,67
4008,4,5325,2917,2408,0,0,0,1.0,1,1.0,1,1.0,1,0.11038702941068813,67
4009,1,5326,2918,2408,0,0,0,1.0,1,1.0,1,1.0,1,0.13612179261252874,67
4010,1,5327,2919,2408,0,0,0,1.0,1,1.0,1,1.0,1,0.14303960653610176,66
4011,5,5332,2921,2411,0,0,0,1.0,1,1.0,1,1.0,1,0.10559308645984491,66
4012,2,5334,2923,2411,0,0,0,1.0,1,1.0,1,1.0,1,0.11824126073408295,66
4013,1,5335,2923,2412,0,0,0,1.0,1,1.0,1,1.0,1,0.09075656915743453,66
4014,1,5336,2924,2412,0,0,0,1.0,1,1.0,1,1.0,1,0.09609838352066727,66
4015,0,5336,2924,2412,0,0,0,1.0,1,1.0,1,1.0,1,0.11743677012728092,64
4016,2,5338,2925,2413,0,0,0,1.0,1,1.0,1,1.0,1,0.1493160761564523,64
4017,3,5341,2927,2414,0,0,0,1.0,1,1.0,1,1.0,1,0.16698701447420494,66
4018,2,5343,2927,2416,0,0,0,1.0,1,1.0,1,1.0,1,0.17808185923760142,67
4019,2,5345,2928,2417,0,0,0,1.0,1,1.0,1,1.0,1,0.19093170089100045,67
4020,3,5348,2928,2420,0,0,0,1.0,1,1.0,1,1.0,1,0.20368202682332476,66
4021,1,5349,2929,2420,0,0,0,1.0,1,1.0,1,1.0,1,0.21443100764274553,66
4022,0,5349,2929,2420,0,0,0,1.0,1,1.0,1,1.0,1,0.21443100764274553,66
4023,1,5350,2930,2420,0,0,0,1.0,1,1.0,1,1.0,1,0.21419457982817824,66
4024,2,5352,2931,2421,0,0,0,1.0,1,1.0,1,1.0,1,0.21585445169533962,66
4025,1,5353,2931,2422,0,0,0,1.0,1,1.0,1,1.0,1,0.18868096122699624,66
4026,3,5356,2931,2425,0,0,0,1.0,1,1.0,1,1.0,1,0.16435681312301073,66
4027,1,5357,2932,2425,0,0,0,1.0,1,1.0,1,1.0,1,0.17990697287933202,64
4028,3,5360,2934,2426,0,0,0,1.0,1,1.0,1,1.0,1,0.19368347000477568,63
4029,0,5360,2934,2426,0,0,0,1.0,1,1.0,1,1.0,1,0.20948503407365437,62
4030,1,5361,2934,2427,0,0,0,1.0,1,1.0,1,1.0,1,0.1789944006505577,63
4031,2,5363,2934,2429,0,0,0,1.0,1,1.0,1,1.0,1,0.15711314800509357,62
4032,1,5364,2935,2429,0,0,0,1.0,1,1.0,1,1.0,1,0.1704031288561049,62
4033,0,5364,2935,2429,0,0,0,1.0,1,1.0,1,1.0,1,0.18238235277997714,61
4034,4,5368,2937,2431,0,0,0,1.0,1,1.0,1,1.0,1,0.1930664745228255,60
4035,0,5368,2937,2431,0,0,0,1.0,1,1.0,1,1.0,1,0.2066999592196631,59
4036,4,5372,2939,2433,0,0,0,1.0,1,1.0,1,1.0,1,0.19609505303191094,58
4037,3,5375,2941,2434,0,0,0,1.0,1,1.0,1,1.0,1,0.1960837038911663,59
4038,3,5378,2942,2436,0,0,0,1.0,1,1.0,1,1.0,1,0.18852509094704642,58
4039,0,5378,2942,2436,0,0,0,1.0,1,1.0,1,1.0,1,0.21654229859928087,56
4040,0,5378,2942,2436,0,0,0,1.0,1,1.0,1,1.0,1,0.22592022362649158,55
4041,4,5382,2944,2438,0,0,0,1.0,1,1.0,1,1.0,1,0.24699247710263939,54
4042,1,5383,2945,2438,0,0,0,1.0,1,1.0,1,1.0,1,0.25588549204589583,56
4043,2,5385,2946,2439,0,0,0,1.0,1,1.0,1,1.0,1,0.274375126308033,56
4044,3,5388,2947,2441,0,0,0,1.0,1,1.0,1,1.0,1,0.29964071816408994,56
4045,4,5392,2949,2443,0,0,0,1.0,1,1.0,1,1.0,1,0.3109942650226919,57
4046,0,5392,2949,2443,0,0,0,1.0,1,1.0,1,1.0,1,0.3172341945107111,59
4047,2,5394,2951,2443,0,0,0,1.0,1,1.0,1,1.0,1,0.3514022162675218,59
4048,1,5395,2951,2444,0,0,0,1.0,1,1.0,1,1.0,1,0.34434735912504133,59
4049,0,5395,2951,2444,0,0,0,1.0,1,1.0,1,1.0,1,0.32849055906923874,60
4050,1,5396,2951,2445,0,0,0,1.0,1,1.0,1,1.0,1,0.3073602914156134,60
4051,1,5397,2952,2445,0,0,0,1.0,1,1.0,1,1.0,1,0.3163039340818304,60
4052,0,5397,2952,2445,0,0,0,1.0,1,1.0,1,1.0,1,0.3163039340818304,60
4053,0,5397,2952,2445,0,0,0,1.0,1,1.0,1,1.0,1,0.3163039340818304,60
4054,1,5398,2953,2445,0,0,0,1.0,1,1.0,1,1.0,1,0.314227482525724,61
4055,0,5398,2953,2445,0,0,0,1.0,1,1.0,1,1.0,1,0.314227482525724,61
4056,0,5398,2953,2445,0,0,0,1.0,1,1.0,1,1.0,1,0.3225461857651012,62
4057,0,5398,2953,2445,0,0,0,1.0,1,1.0,1,1.0,1,0.3216517228114654,63
4058,0,5398,2953,2445,0,0,0,1.0,1,1.0,1,1.0,1,0.33699124542331343,64
4059,0,5398,2953,2445,0,0,0,1.0,1,1.0,1,1.0,1,0.3542960387056438,63
4060,0,5398,2953,2445,0,0,0,1.0,1,1.0,1,1.0,1,0.3542960387056438,63
4061,0,5398,2953,2445,0,0,0,1.0,1,1.0,1,1.0,1,0.3598823005035931,63
4062,0,5398,2953,2445,0,0,0,1.0,1,1.0,1,1.0,1,0.35009324209046777,65
4063,1,5399,2953,2446,0,0,0,1.0,1,1.0,1,1.0,1,0.31682567068738327,64
4064,1,5400,2953,2447,0,0,0,1.0,1,1.0,1,1.0,1,0.3003852299348394,65
4065,4,5404,2955,2449,0,0,0,1.0,1,1.0,1,1.0,1,0.2581491436753283,64
4066,1,5405,2955,2450,0,0,0,1.0,1,1.0,1,1.0,1,0.24587256575041214,64
4067,4,5409,2957,2452,0,0,0,1.0,1,1.0,1,1.0,1,0.21416324560722289,63
4068,1,5410,2957,2453,0,0,0,1.0,1,1.0,1,1.0,1,0.20223788685051272,64
4069,5,5415,2960,2455,0,0,0,1.0,1,1.0,1,1.0,1,0.24366251893788804,62
4070,2,5417,2962,2455,0,0,0,1.0,1,1.0,1,1.0,1,0.22837508228304038,61
4071,8,5425,2965,2460,0,0,0,1.0,1,1.0,1,1.0,1,0.25847445437968675,61
4072,4,5429,2967,2462,0,0,0,1.0,1,1.0,1,1.0,1,0.2546949605817405,60
4073,2,5431,2968,2463,0,0,0,1.0,1,1.0,1,1.0,1,0.23801981592191115,60
4074,3,5434,2970,2464,0,0,0,1.0,1,1.0,1,1.0,1,0.2778806696232642,60
4075,2,5436,2970,2466,0,0,0,1.0,1,1.0,1,1.0,1,0.23669460555059546,59
4076,4,5440,2970,2470,0,0,0,1.0,1,1.0,1,1.0,1,0.2013209909860427,60
4077,1,5441,2970,2471,0,0,0,1.0,1,1.0,1,1.0,1,0.20370174718144712,61
4078,1,5442,2970,2472,0,0,0,1.0,1,1.0,1,1.0,1,0.21273335931509105,60
4079,0,5442,2970,2472,0,0,0,1.0,1,1.0,1,1.0,1,0.22938966164943192,58
4080,1,5443,2971,2472,0,0,0,1.0,1,1.0,1,1.0,1,0.23542175750070513,56
4081,3,5446,2972,2474,0,0,0,1.0,1,1.0,1,1.0,1,0.21346193934720187,56
4082,1,5447,2972,2475,0,0,0,1.0,1,1.0,1,1.0,1,0.22173649411901614,55
4083,0,5447,2972,2475,0,0,0,1.0,1,1.0,1,1.0,1,0.22173649411901614,55
4084,1,5448,2973,2475,0,0,0,1.0,1,1.0,1,1.0,1,0.2345159286349683,55
4085,2,5450,2974,2476,0,0,0,1.0,1,1.0,1,1.0,1,0.23130426224872347,56
4086,2,5452,2975,2477,0,0,0,1.0,1,1.0,1,1.0,1,0.23336221642780192,57
4087,2,5454,2976,2478,0,0,0,1.0,1,1.0,1,1.0,1,0.2244469540746066,57
4088,1,5455,2976,2479,0,0,0,1.0,1,1.0,1,1.0,1,0.2196994616994771,57
4089,0,5455,2976,2479,0,0,0,1.0,1,1.0,1,1.0,1,0.2408015997000705,56
4090,1,5456,2977,2479,0,0,0,1.0,1,1.0,1,1.0,1,0.2694568352532455,56
4091,2,5458,2977,2481,0,0,0,1.0,1,1.0,1,1.0,1,0.263739369695113,56
4092,3,5461,2977,2484,0,0,0,1.0,1,1.0,1,1.0,1,0.23060596210992154,57
4093,5,5466,2977,2489,0,0,0,1.0,1,1.0,1,1.0,1,0.18746918746125765,58
4094,3,5469,2977,2492,0,0,0,1.0,1,1.0,1,1.0,1,0.18463026935110202,57
4095,1,5470,2977,2493,0,0,0,1.0,1,1.0,1,1.0,1,0.19658394395349668,57
4096,7,5477,2977,2500,0,0,0,1.0,1,1.0,1,1.0,1,0.1447811082004091,59
4097,0,5477,2977,2500,0,0,0,1.0,1,1.0,1,1.0,1,0.1447811082004091,59
4098,0,5477,2977,2500,0,0,0,1.0,1,1.0,1,1.0,1,0.1447811082004091,59
4099,3,5480,2980,2500,0,0,0,1.0,1,1.0,1,1.0,1,0.11355159874237938,60
4100,1,5481,2981,2500,0,0,0,1.0,1,1.0,1,1.0,1,0.09811285392685813,60
4101,2,5483,2982,2501,0,0,0,1.0,1,1.0,1,1.0,1,0.10929059647078085,60
4102,3,5486,2985,2501,0,0,0,1.0,1,1.0,1,1.0,1,0.1674138901044618,60
4103,2,5488,2986,2502,0,0,0,1.0,1,1.0,1,1.0,1,0.1989350570868264,58
4104,3,5491,2987,2504,0,0,0,1.0,1,1.0,1,1.0,1,0.16454979195034763,60
4105,0,5491,2987,2504,0,0,0,1.0,1,1.0,1,1.0,1,0.17050314596784535,59
4106,4,5495,2988,2507,0,0,0,1.0,1,1.0,1,1.0,1,0.14843338196716446,61
4107,0,5495,2988,2507,0,0,0,1.0,1,1.0,1,1.0,1,0.15122217159354226,59
4108,1,5496,2989,2507,0,0,0,1.0,1,1.0,1,1.0,1,0.1456088109629639,60
4109,1,5497,2989,2508,0,0,0,1.0,1,1.0,1,1.0,1,0.13354750334201307,59
4110,1,5498,2990,2508,0,0,0,1.0,1,1.0,1,1.0,1,0.12785446523323385,60
4111,0,5498,2990,2508,0,0,0,1.0,1,1.0,1,1.0,1,0.14838709002037834,61
4112,1,5499,2991,2508,0,0,0,1.0,1,1.0,1,1.0,1,0.15974801653556508,60
4113,3,5502,2991,2511,0,0,0,1.0,1,1.0,1,1.0,1,0.09534489785671951,61
4114,0,5502,2991,2511,0,0,0,1.0,1,1.0,1,1.0,1,0.08335538358856497,62
4115,2,5504,2991,2513,0,0,0,1.0,1,1.0,1,1.0,1,0.10137552302687751,60
4116,0,5504,2991,2513,0,0,0,1.0,1,1.0,1,1.0,1,0.09865305702374,59
4117,3,5507,2993,2514,0,0,0,1.0,1,1.0,1,1.0,1,0.100920961995229,56
4118,0,5507,2993,2514,0,0,0,1.0,1,1.0,1,1.0,1,0.12040637286828003,55
4119,1,5508,2994,2514,0,0,0,1.0,1,1.0,1,1.0,1,0.14865276750140677,53
4120,3,5511,2996,2515,0,0,0,1.0,1,1.0,1,1.0,1,0.12943788110724083,52
4121,6,5517,3002,2515,0,0,0,1.0,1,1.0,1,1.0,1,0.10425345007418639,53
4122,1,5518,3003,2515,0,0,0,1.0,1,1.0,1,1.0,1,0.13804295910397898,52
4123,4,5522,3006,2516,0,0,0,1.0,1,1.0,1,1.0,1,0.15224491132641524,51
4124,1,5523,3006,2517,0,0,0,1.0,1,1.0,1,1.0,1,0.1413714902485871,51
4125,1,5524,3007,2517,0,0,0,1.0,1,1.0,1,1.0,1,0.1497306341883124,50
4126,4,5528,3008,2520,0,0,0,1.0,1,1.0,1,1.0,1,0.14488386829845534,50
4127,0,5528,3008,2520,0,0,0,1.0,1,1.0,1,1.0,1,0.16531122159069153,49
4128,0,5528,3008,2520,0,0,0,1.0,1,1.0,1,1.0,1,0.16531122159069153,49
4129,0,5528,3008,2520,0,0,0,1.0,1,1.0,1,1.0,1,0.16531122159069153,49
4130,1,5529,3009,2520,0,0,0,1.0,1,1.0,1,1.0,1,0.14383854514167843,50
4131,2,5531,3011,2520,0,0,0,1.0,1,1.0,1,1.0,1,0.18106541536457255,50
4132,1,5532,3011,2521,0,0,0,1.0,1,1.0,1,1.0,1,0.15370743987381302,50
4133,2,5534,3013,2521,0,0,0,1.0,1,1.0,1,1.0,1,0.14041236871273294,51
4134,2,5536,3015,2521,0,0,0,1.0,1,1.0,1,1.0,1,0.14458977764381417,53
4135,1,5537,3016,2521,0,0,0,1.0,1,1.0,1,1.0,1,0.15526158088942965,54
4136,0,5537,3016,2521,0,0,0,1.0,1,1.0,1,1.0,1,0.15526158088942965,54
4137,1,5538,3017,2521,0,0,0,1.0,1,1.0,1,1.0,1,0.13114441215152808,55
4138,1,5539,3018,2521,0,0,0,1.0,1,1.0,1,1.0,1,0.14941512495289555,54
4139,1,5540,3019,2521,0,0,0,1.0,1,1.0,1,1.0,1,0.1610546407916468,54
4140,0,5540,3019,2521,0,0,0,1.0,1,1.0,1,1.0,1,0.14403227538184724,55
4141,0,5540,3019,2521,0,0,0,1.0,1,1.0,1,1.0,1,0.15218260754378068,55
4142,0,5540,3019,2521,0,0,0,1.0,1,1.0,1,1.0,1,0.15218260754378068,55
4143,2,5542,3019,2523,0,0,0,1.0,1,1.0,1,1.0,1,0.12645639821403756,53
4144,0,5542,3019,2523,0,0,0,1.0,1,1.0,1,1.0,1,0.1458406319560204,52
4145,2,5544,3019,2525,0,0,0,1.0,1,1.0,1,1.0,1,0.1259497204184825,51
4146,4,5548,3022,2526,0,0,0,1.0,1,1.0,1,1.0,1,0.14239294014871962,51
4147,2,5550,3023,2527,0,0,0,1.0,1,1.0,1,1.0,1,0.13945924232528784,50
4148,2,5552,3025,2527,0,0,0,1.0,1,1.0,1,1.0,1,0.17542883700839915,52
4149,0,5552,3025,2527,0,0,0,1.0,1,1.0,1,1.0,1,0.1554206457748603,53
4150,2,5554,3027,2527,0,0,0,1.0,1,1.0,1,1.0,1,0.17516327684424546,53
4151,1,5555,3028,2527,0,0,0,1.0,1,1.0,1,1.0,1,0.18184234608660826,53
4152,1,5556,3029,2527,0,0,0,1.0,1,1.0,1,1.0,1,0.1698383669642978,54
4153,2,5558,3031,2527,0,0,0,1.0,1,1.0,1,1.0,1,0.1962609123264006,51
4154,2,5560,3031,2529,0,0,0,1.0,1,1.0,1,1.0,1,0.1468816603145461,51
4155,2,5562,3033,2529,0,0,0,1.0,1,1.0,1,1.0,1,0.1706649075211903,51
4156,7,5569,3037,2532,0,0,0,1.0,1,1.0,1,1.0,1,0.18677457752560186,52
4157,1,5570,3037,2533,0,0,0,1.0,1,1.0,1,1.0,1,0.16441495616438515,52
4158,1,5571,3038,2533,0,0,0,1.0,1,1.0,1,1.0,1,0.18342746179317934,52
4159,2,5573,3040,2533,0,0,0,1.0,1,1.0,1,1.0,1,0.19030125585201785,52
4160,4,5577,3044,2533,0,0,0,1.0,1,1.0,1,1.0,1,0.22794575865120514,50
4161,2,5579,3045,2534,0,0,0,1.0,1,1.0,1,1.0,1,0.2400100036156399,50
4162,1,5580,3046,2534,0,0,0,1.0,1,1.0,1,1.0,1,0.2599095118457302,51
4163,2,5582,3047,2535,0,0,0,1.0,1,1.0,1,1.0,1,0.2407231276959775,48
4164,2,5584,3049,2535,0,0,0,1.0,1,1.0,1,1.0,1,0.2586086655387187,50
4165,1,5585,3049,2536,0,0,0,1.0,1,1.0,1,1.0,1,0.23822144005538737,49
4166,5,5590,3052,2538,0,0,0,1.0,1,1.0,1,1.0,1,0.2053456764248482,50
4167,0,5590,3052,2538,0,0,0,1.0,1,1.0,1,1.0,1,0.2055583720374316,50
4168,1,5591,3052,2539,0,0,0,1.0,1,1.0,1,1.0,1,0.20338624190375876,50
4169,1,5592,3052,2540,0,0,0,1.0,1,1.0,1,1.0,1,0.1923349085375172,51
4170,0,5592,3052,2540,0,0,0,1.0,1,1.0,1,1.0,1,0.210405138108431,50
4171,3,5595,3054,2541,0,0,0,1.0,1,1.0,1,1.0,1,0.22411441209826083,50
4172,1,5596,3054,2542,0,0,0,1.0,1,1.0,1,1.0,1,0.23037217421515718,49
4173,3,5599,3054,2545,0,0,0,1.0,1,1.0,1,1.0,1,0.20012839237031502,48
4174,1,5600,3055,2545,0,0,0,1.0,1,1.0,1,1.0,1,0.2230913465493919,48
4175,2,5602,3055,2547,0,0,0,1.0,1,1.0,1,1.0,1,0.1967475822296005,48
4176,2,5604,3055,2549,0,0,0,1.0,1,1.0,1,1.0,1,0.16973861447649324,50
4177,2,5606,3055,2551,0,0,0,1.0,1,1.0,1,1.0,1,0.13682936646468036,52
4178,1,5607,3056,2551,0,0,0,1.0,1,1.0,1,1.0,1,0.14518460392317442,53
4179,1,5608,3056,2552,0,0,0,1.0,1,1.0,1,1.0,1,0.13260451912021187,54
4180,0,5608,3056,2552,0,0,0,1.0,1,1.0,1,1.0,1,0.13415147223870563,55
4181,2,5610,3056,2554,0,0,0,1.0,1,1.0,1,1.0,1,0.09725039155476688,56
4182,0,5610,3056,2554,0,0,0,1.0,1,1.0,1,1.0,1,0.09725039155476688,56
4183,3,5613,3057,2556,0,0,0,1.0,1,1.0,1,1.0,1,0.08387918122881037,57
4184,1,5614,3057,2557,0,0,0,1.0,1,1.0,1,1.0,1,0.08591649345469232,57
4185,0,5614,3057,2557,0,0,0,1.0,1,1.0,1,1.0,1,0.08630627875692148,54
4186,2,5616,3058,2558,0,0,0,1.0,1,1.0,1,1.0,1,0.1043055452978996,55
4187,0,5616,3058,2558,0,0,0,1.0,1,1.0,1,1.0,1,0.10853081822023714,53
4188,1,5617,3058,2559,0,0,0,1.0,1,1.0,1,1.0,1,0.09027493911897869,53
4189,0,5617,3058,2559,0,0,0,1.0,1,1.0,1,1.0,1,0.08011091756060655,53
4190,4,5621,3061,2560,0,0,0,1.0,1,1.0,1,1.0,1,0.08877674556647909,53
4191,1,5622,3062,2560,0,0,0,1.0,1,1.0,1,1.0,1,0.09717674724472168,51
4192,4,5626,3065,2561,0,0,0,1.0,1,1.0,1,1.0,1,0.09427408433841329,51
4193,2,5628,3067,2561,0,0,0,1.0,1,1.0,1,1.0,1,0.09494640213227394,50
4194,1,5629,3068,2561,0,0,0,1.0,1,1.0,1,1.0,1,0.10770374652137334,50
4195,2,5631,3069,2562,0,0,0,1.0,1,1.0,1,1.0,1,0.11323605763294944,50
4196,5,5636,3071,2565,0,0,0,1.0,1,1.0,1,1.0,1,0.06774936283572351,51
4197,1,5637,3072,2565,0,0,0,1.0,1,1.0,1,1.0,1,0.09319731602455432,50
4198,1,5638,3073,2565,0,0,0,1.0,1,1.0,1,1.0,1,0.11768580009999903,48
4199,1,5639,3073,2566,0,0,0,1.0,1,1.0,1,1.0,1,0.15343974764841192,48
4200,0,5639,3073,2566,0,0,0,1.0,1,1.0,1,1.0,1,0.16563330537965584,48
4201,1,5640,3074,2566,0,0,0,1.0,1,1.0,1,1.0,1,0.20721078142900404,47
4202,0,5640,3074,2566,0,0,0,1.0,1,1.0,1,1.0,1,0.20721078142900404,47
4203,0,5640,3074,2566,0,0,0,1.0,1,1.0,1,1.0,1,0.20721078142900404,47
4204,3,5643,3076,2567,0,0,0,1.0,1,1.0,1,1.0,1,0.2378914051941325,48
4205,1,5644,3076,2568,0,0,0,1.0,1,1.0,1,1.0,1,0.2040147889717411,49
4206,1,5645,3077,2568,0,0,0,1.0,1,1.0,1,1.0,1,0.2361797973603601,49
4207,0,5645,3077,2568,0,0,0,1.0,1,1.0,1,1.0,1,0.225470906851085,48
4208,4,5649,3079,2570,0,0,0,1.0,1,1.0,1,1.0,1,0.20426676453883144,49
4209,3,5652,3081,2571,0,0,0,1.0,1,1.0,1,1.0,1,0.21274590709676472,51
4210,2,5654,3082,2572,0,0,0,1.0,1,1.0,1,1.0,1,0.2291385686200853,52
4211,3,5657,3083,2574,0,0,0,1.0,1,1.0,1,1.0,1,0.21605342633866853,53
4212,1,5658,3083,2575,0,0,0,1.0,1,1.0,1,1.0,1,0.1876803238628857,53
4213,0,5658,3083,2575,0,0,0,1.0,1,1.0,1,1.0,1,0.19526676119387928,54
4214,1,5659,3084,2575,0,0,0,1.0,1,1.0,1,1.0,1,0.19829896077880327,54
4215,0,5659,3084,2575,0,0,0,1.0,1,1.0,1,1.0,1,0.19829896077880327,54
4216,1,5660,3084,2576,0,0,0,1.0,1,1.0,1,1.0,1,0.18294396104428282,53
4217,1,5661,3085,2576,0,0,0,1.0,1,1.0,1,1.0,1,0.20869572026141842,54
4218,2,5663,3086,2577,0,0,0,1.0,1,1.0,1,1.0,1,0.22592594833179194,53
4219,0,5663,3086,2577,0,0,0,1.0,1,1.0,1,1.0,1,0.22592594833179194,53
4220,0,5663,3086,2577,0,0,0,1.0,1,1.0,1,1.0,1,0.2332714339762731,53
4221,1,5664,3087,2577,0,0,0,1.0,1,1.0,1,1.0,1,0.25389808128224545,54
4222,3,5667,3089,2578,0,0,0,1.0,1,1.0,1,1.0,1,0.2733719780662226,55
4223,1,5668,3090,2578,0,0,0,1.0,1,1.0,1,1.0,1,0.27368320707574206,56
4224,1,5669,3090,2579,0,0,0,1.0,1,1.0,1,1.0,1,0.2755697335598788,55
4225,1,5670,3091,2579,0,0,0,1.0,1,1.0,1,1.0,1,0.265998466363035,53
4226,2,5672,3092,2580,0,0,0,1.0,1,1.0,1,1.0,1,0.2810493631377093,54
4227,0,5672,3092,2580,0,0,0,1.0,1,1.0,1,1.0,1,0.2820394709610274,52
4228,1,5673,3093,2580,0,0,0,1.0,1,1.0,1,1.0,1,0.27036646063569647,51
4229,1,5674,3094,2580,0,0,0,1.0,1,1.0,1,1.0,1,0.2832432783398934,48
4230,1,5675,3094,2581,0,0,0,1.0,1,1.0,1,1.0,1,0.272962445146391,48
4231,1,5676,3095,2581,0,0,0,1.0,1,1.0,1,1.0,1,0.26049200647045173,48
4232,1,5677,3096,2581,0,0,0,1.0,1,1.0,1,1.0,1,0.23565831332119397,48
4233,1,5678,3096,2582,0,0,0,1.0,1,1.0,1,1.0,1,0.1869513095031778,48
4234,0,5678,3096,2582,0,0,0,1.0,1,1.0,1,1.0,1,0.1799649749344106,49
4235,0,5678,3096,2582,0,0,0,1.0,1,1.0,1,1.0,1,0.177297668327076,47
4236,1,5679,3096,2583,0,0,0,1.0,1,1.0,1,1.0,1,0.134365692637065,47
4237,1,5680,3096,2584,0,0,0,1.0,1,1.0,1,1.0,1,0.10913017816583077,48
4238,0,5680,3096,2584,0,0,0,1.0,1,1.0,1,1.0,1,0.12487275572153343,47
4239,1,5681,3096,2585,0,0,0,1.0,1,1.0,1,1.0,1,0.11292073482038983,48
4240,1,5682,3097,2585,0,0,0,1.0,1,1.0,1,1.0,1,0.10970828952415879,47
4241,0,5682,3097,2585,0,0,0,1.0,1,1.0,1,1.0,1,0.09894130237697575,49
4242,0,5682,3097,2585,0,0,0,1.0,1,1.0,1,1.0,1,0.09488303651224927,49
4243,2,5684,3098,2586,0,0,0,1.0,1,1.0,1,1.0,1,0.09420688224756518,50
4244,1,5685,3098,2587,0,0,0,1.0,1,1.0,1,1.0,1,0.09638969450699104,51
4245,1,5686,3098,2588,0,0,0,1.0,1,1.0,1,1.0,1,0.10146594497640651,51
4246,1,5687,3098,2589,0,0,0,1.0,1,1.0,1,1.0,1,0.07926248214388235,51
4247,0,5687,3098,2589,0,0,0,1.0,1,1.0,1,1.0,1,0.0819267342834568,52
4248,0,5687,3098,2589,0,0,0,1.0,1,1.0,1,1.0,1,0.0819267342834568,52
4249,0,5687,3098,2589,0,0,0,1.0,1,1.0,1,1.0,1,0.0819267342834568,52
4250,3,5690,3101,2589,0,0,0,1.0,1,1.0,1,1.0,1,0.1274043195572492,52
4251,6,5696,3105,2591,0,0,0,1.0,1,1.0,1,1.0,1,0.08935414034767744,53
4252,4,5700,3109,2591,0,0,0,1.0,1,1.0,1,1.0,1,0.1572418977530075,53
4253,4,5704,3111,2593,0,0,0,1.0,1,1.0,1,1.0,1,0.11426783232344694,54
4254,2,5706,3113,2593,0,0,0,1.0,1,1.0,1,1.0,1,0.14295393631044606,54
4255,3,5709,3114,2595,0,0,0,1.0,1,1.0,1,1.0,1,0.1314076103442554,55
4256,4,5713,3115,2598,0,0,0,1.0,1,1.0,1,1.0,1,0.06877432687866888,57
4257,0,5713,3115,2598,0,0,0,1.0,1,1.0,1,1.0,1,0.06877432687866888,57
4258,0,5713,3115,2598,0,0,0,1.0,1,1.0,1,1.0,1,0.0770882855704425,57
4259,0,5713,3115,2598,0,0,0,1.0,1,1.0,1,1.0,1,0.0770882855704425,57
4260,1,5714,3116,2598,0,0,0,1.0,1,1.0,1,1.0,1,0.09189721258910265,58
4261,4,5718,3118,2600,0,0,0,1.0,1,1.0,1,1.0,1,0.06650137589767001,59
4262,0,5718,3118,2600,0,0,0,1.0,1,1.0,1,1.0,1,0.05579084288267625,60
4263,0,5718,3118,2600,0,0,0,1.0,1,1.0,1,1.0,1,0.052180681665183214,59
4264,0,5718,3118,2600,0,0,0,1.0,1,1.0,1,1.0,1,0.048769310787349814,58
4265,1,5719,3119,2600,0,0,0,1.0,1,1.0,1,1.0,1,0.0405582775894186,58
4266,1,5720,3120,2600,0,0,0,1.0,1,1.0,1,1.0,1,0.04016520215733597,58
4267,0,5720,3120,2600,0,0,0,1.0,1,1.0,1,1.0,1,0.04915675842023008,55
4268,0,5720,3120,2600,0,0,0,1.0,1,1.0,1,1.0,1,0.04915675842023008,55
4269,2,5722,3122,2600,0,0,0,1.0,1,1.0,1,1.0,1,0.08404685038068171,50
4270,1,5723,3123,2600,0,0,0,1.0,1,1.0,1,1.0,1,0.08401529007547956,47
4271,4,5727,3125,2602,0,0,0,1.0,1,1.0,1,1.0,1,0.09730702827288418,47
4272,1,5728,3125,2603,0,0,0,1.0,1,1.0,1,1.0,1,0.059519405271702436,46
4273,2,5730,3127,2603,0,0,0,1.0,1,1.0,1,1.0,1,0.12838648942917325,47
4274,3,5733,3130,2603,0,0,0,1.0,1,1.0,1,1.0,1,0.09771428513544013,45
4275,4,5737,3134,2603,0,0,0,1.0,1,1.0,1,1.0,1,0.14021408836471003,44
4276,6,5743,3137,2606,0,0,0,1.0,1,1.0,1,1.0,1,0.13059698292225108,43
4277,4,5747,3140,2607,0,0,0,1.0,1,1.0,1,1.0,1,0.18899806856045434,42
4278,2,5749,3141,2608,0,0,0,1.0,1,1.0,1,1.0,1,0.1811209047253546,43
4279,2,5751,3143,2608,0,0,0,1.0,1,1.0,1,1.0,1,0.28561938568481743,42
4280,6,5757,3145,2612,0,0,0,1.0,1,1.0,1,1.0,1,0.2675598412302271,44
4281,7,5764,3146,2618,0,0,0,1.0,1,1.0,1,1.0,1,0.10816608904465617,44
4282,1,5765,3146,2619,0,0,0,1.0,1,1.0,1,1.0,1,0.07195307444606343,44
4283,1,5766,3146,2620,0,0,0,1.0,1,1.0,1,1.0,1,0.04282362758254452,45
4284,0,5766,3146,2620,0,0,0,1.0,1,1.0,1,1.0,1,0.04282362758254452,45
4285,0,5766,3146,2620,0,0,0,1.0,1,1.0,1,1.0,1,0.022445813324280372,47
4286,1,5767,3147,2620,0,0,0,1.0,1,1.0,1,1.0,1,0.050607333391901294,47
4287,1,5768,3148,2620,0,0,0,1.0,1,1.0,1,1.0,1,0.02678108529623563,49
4288,0,5768,3148,2620,0,0,0,1.0,1,1.0,1,1.0,1,0.02678108529623563,49
4289,0,5768,3148,2620,0,0,0,1.0,1,1.0,1,1.0,1,0.03057194712048758,50
4290,2,5770,3150,2620,0,0,0,1.0,1,1.0,1,1.0,1,0.036020149868939186,51
4291,1,5771,3151,2620,0,0,0,1.0,1,1.0,1,1.0,1,0.021163249692186255,50
4292,2,5773,3153,2620,0,0,0,1.0,1,1.0,1,1.0,1,0.05532343741550283,51
4293,0,5773,3153,2620,0,0,0,1.0,1,1.0,1,1.0,1,0.02697676019321111,51
4294,0,5773,3153,2620,0,0,0,1.0,1,1.0,1,1.0,1,0.03192737005784035,50
4295,0,5773,3153,2620,0,0,0,1.0,1,1.0,1,1.0,1,0.015195191468998063,50
4296,0,5773,3153,2620,0,0,0,1.0,1,1.0,1,1.0,1,0.03322219866265056,49
4297,0,5773,3153,2620,0,0,0,1.0,1,1.0,1,1.0,1,0.04736615063999971,49
4298,0,5773,3153,2620,0,0,0,1.0,1,1.0,1,1.0,1,0.04736615063999971,49
4299,0,5773,3153,2620,0,0,0,1.0,1,1.0,1,1.0,1,0.05891405457727046,48
4300,1,5774,3154,2620,0,0,0,1.0,1,1.0,1,1.0,1,0.02673657058121248,49
4301,2,5776,3156,2620,0,0,0,1.0,1,1.0,1,1.0,1,0.03895638249293357,50
4302,0,5776,3156,2620,0,0,0,1.0,1,1.0,1,1.0,1,0.05074544736351601,51
4303,2,5778,3158,2620,0,0,0,1.0,1,1.0,1,1.0,1,0.06509473697322438,51
4304,0,5778,3158,2620,0,0,0,1.0,1,1.0,1,1.0,1,0.0796088622202566,51
4305,5,5783,3163,2620,0,0,0,1.0,1,1.0,1,1.0,1,0.09705470048638001,49
4306,3,5786,3164,2622,0,0,0,1.0,1,1.0,1,1.0,1,0.06759170622863218,49
4307,4,5790,3168,2622,0,0,0,1.0,1,1.0,1,1.0,1,0.11893037118928522,46
4308,3,5793,3169,2624,0,0,0,1.0,1,1.0,1,1.0,1,0.09883743208959166,44
4309,4,5797,3172,2625,0,0,0,1.0,1,1.0,1,1.0,1,0.0953164473425712,44
4310,0,5797,3172,2625,0,0,0,1.0,1,1.0,1,1.0,1,0.12925290741949613,42
4311,5,5802,3174,2628,0,0,0,1.0,1,1.0,1,1.0,1,0.08876432726079196,42
4312,0,5802,3174,2628,0,0,0,1.0,1,1.0,1,1.0,1,0.12993201850980735,40
4313,1,5803,3175,2628,0,0,0,1.0,1,1.0,1,1.0,1,0.1168128431009093,40
4314,3,5806,3178,2628,0,0,0,1.0,1,1.0,1,1.0,1,0.10128418987558296,36
4315,1,5807,3179,2628,0,0,0,1.0,1,1.0,1,1.0,1,0.08935212405635683,37
4316,3,5810,3181,2629,0,0,0,1.0,1,1.0,1,1.0,1,0.06103538556045889,37
4317,0,5810,3181,2629,0,0,0,1.0,1,1.0,1,1.0,1,0.06893964357082348,36
4318,1,5811,3182,2629,0,0,0,1.0,1,1.0,1,1.0,1,0.08327743656801032,34
4319,1,5812,3183,2629,0,0,0,1.0,1,1.0,1,1.0,1,0.09040956117549413,34
4320,0,5812,3183,2629,0,0,0,1.0,1,1.0,1,1.0,1,0.09040956117549413,34
4321,2,5814,3184,2630,0,0,0,1.0,1,1.0,1,1.0,1,0.11849202970197019,35
4322,0,5814,3184,2630,0,0,0,1.0,1,1.0,1,1.0,1,0.11849202970197019,35
4323,1,5815,3185,2630,0,0,0,1.0,1,1.0,1,1.0,1,0.1755734986462998,35
4324,0,5815,3185,2630,0,0,0,1.0,1,1.0,1,1.0,1,0.20186007875174947,34
4325,3,5818,3187,2631,0,0,0,1.0,1,1.0,1,1.0,1,0.16479642549643625,34
4326,2,5820,3188,2632,0,0,0,1.0,1,1.0,1,1.0,1,0.16664106656381927,36
4327,0,5820,3188,2632,0,0,0,1.0,1,1.0,1,1.0,1,0.1843648246701603,35
4328,1,5821,3189,2632,0,0,0,1.0,1,1.0,1,1.0,1,0.16751520013289728,35
4329,2,5823,3190,2633,0,0,0,1.0,1,1.0,1,1.0,1,0.12243051781039922,38
4330,2,5825,3192,2633,0,0,0,1.0,1,1.0,1,1.0,1,0.14547181766619727,38
4331,2,5827,3192,2635,0,0,0,1.0,1,1.0,1,1.0,1,0.11013028823508708,39
4332,0,5827,3192,2635,0,0,0,1.0,1,1.0,1,1.0,1,0.12763421141522222,40
4333,0,5827,3192,2635,0,0,0,1.0,1,1.0,1,1.0,1,0.1092673032301774,41
4334,1,5828,3192,2636,0,0,0,1.0,1,1.0,1,1.0,1,0.08448296852238801,41
4335,4,5832,3194,2638,0,0,0,1.0,1,1.0,1,1.0,1,0.07257927114282099,42
4336,0,5832,3194,2638,0,0,0,1.0,1,1.0,1,1.0,1,0.08455359102144298,43
4337,1,5833,3194,2639,0,0,0,1.0,1,1.0,1,1.0,1,0.06015964530327211,44
4338,0,5833,3194,2639,0,0,0,1.0,1,1.0,1,1.0,1,0.06015964530327211,44
4339,1,5834,3195,2639,0,0,0,1.0,1,1.0,1,1.0,1,0.07371063634921231,46
4340,1,5835,3196,2639,0,0,0,1.0,1,1.0,1,1.0,1,0.06490338344590822,47
4341,3,5838,3198,2640,0,0,0,1.0,1,1.0,1,1.0,1,0.05745687578518926,47
4342,0,5838,3198,2640,0,0,0,1.0,1,1.0,1,1.0,1,0.05745687578518926,47
4343,0,5838,3198,2640,0,0,0,1.0,1,1.0,1,1.0,1,0.07017508562838963,42
4344,3,5841,3201,2640,0,0,0,1.0,1,1.0,1,1.0,1,0.08122176317583715,42
4345,0,5841,3201,2640,0,0,0,1.0,1,1.0,1,1.0,1,0.101874586527559,39
4346,2,5843,3203,2640,0,0,0,1.0,1,1.0,1,1.0,1,0.0946388575580783,37
4347,1,5844,3204,2640,0,0,0,1.0,1,1.0,1,1.0,1,0.14358248860856165,37
4348,3,5847,3206,2641,0,0,0,1.0,1,1.0,1,1.0,1,0.20215194199318703,38
4349,1,5848,3206,2642,0,0,0,1.0,1,1.0,1,1.0,1,0.19453521888108263,36
4350,2,5850,3208,2642,0,0,0,1.0,1,1.0,1,1.0,1,0.22888284264465533,37
4351,0,5850,3208,2642,0,0,0,1.0,1,1.0,1,1.0,1,0.2048352732555786,35
4352,0,5850,3208,2642,0,0,0,1.0,1,1.0,1,1.0,1,0.23227947565631624,34
4353,2,5852,3208,2644,0,0,0,1.0,1,1.0,1,1.0,1,0.16286261289248666,34
4354,1,5853,3209,2644,0,0,0,1.0,1,1.0,1,1.0,1,0.14484389493263053,32
4355,2,5855,3210,2645,0,0,0,1.0,1,1.0,1,1.0,1,0.143226932558233,32
4356,2,5857,3212,2645,0,0,0,1.0,1,1.0,1,1.0,1,0.12294635089690327,34
4357,0,5857,3212,2645,0,0,0,1.0,1,1.0,1,1.0,1,0.12573513903138953,35
4358,3,5860,3214,2646,0,0,0,1.0,1,1.0,1,1.0,1,0.11685868392308912,35
4359,1,5861,3215,2646,0,0,0,1.0,1,1.0,1,1.0,1,0.14987131670391546,37
4360,1,5862,3215,2647,0,0,0,1.0,1,1.0,1,1.0,1,0.15349332192041776,38
4361,2,5864,3215,2649,0,0,0,1.0,1,1.0,1,1.0,1,0.0654346478648431,39
4362,2,5866,3217,2649,0,0,0,1.0,1,1.0,1,1.0,1,0.06827764612299332,38
4363,2,5868,3218,2650,0,0,0,1.0,1,1.0,1,1.0,1,0.0651390579377384,38
4364,2,5870,3219,2651,0,0,0,1.0,1,1.0,1,1.0,1,0.042785948432803624,39
4365,0,5870,3219,2651,0,0,0,1.0,1,1.0,1,1.0,1,0.042785948432803624,39
4366,1,5871,3220,2651,0,0,0,1.0,1,1.0,1,1.0,1,0.041156576805382004,39
4367,1,5872,3221,2651,0,0,0,1.0,1,1.0,1,1.0,1,0.05468413833134639,41
4368,1,5873,3222,2651,0,0,0,1.0,1,1.0,1,1.0,1,0.08502890096405431,41
4369,0,5873,3222,2651,0,0,0,1.0,1,1.0,1,1.0,1,0.07966611279002675,42
4370,0,5873,3222,2651,0,0,0,1.0,1,1.0,1,1.0,1,0.07966611279002675,42
4371,0,5873,3222,2651,0,0,0,1.0,1,1.0,1,1.0,1,0.07083570581226298,43
4372,0,5873,3222,2651,0,0,0,1.0,1,1.0,1,1.0,1,0.07083570581226298,43
4373,0,5873,3222,2651,0,0,0,1.0,1,1.0,1,1.0,1,0.07083570581226298,43
4374,1,5874,3222,2652,0,0,0,1.0,1,1.0,1,1.0,1,0.04597142665288396,44
4375,5,5879,3225,2654,0,0,0,1.0,1,1.0,1,1.0,1,0.13517501018318592,45
4376,2,5881,3225,2656,0,0,0,1.0,1,1.0,1,1.0,1,0.11370407958038603,46
4377,5,5886,3229,2657,0,0,0,1.0,1,1.0,1,1.0,1,0.1787138341377434,47
4378,1,5887,3229,2658,0,0,0,1.0,1,1.0,1,1.0,1,0.15181915164500706,49
4379,4,5891,3232,2659,0,0,0,1.0,1,1.0,1,1.0,1,0.14004682849328212,51
4380,0,5891,3232,2659,0,0,0,1.0,1,1.0,1,1.0,1,0.12825888990623352,50
4381,2,5893,3233,2660,0,0,0,1.0,1,1.0,1,1.0,1,0.12595427910306403,49
4382,3,5896,3236,2660,0,0,0,1.0,1,1.0,1,1.0,1,0.1768809053476945,47
4383,1,5897,3236,2661,0,0,0,1.0,1,1.0,1,1.0,1,0.17018097912977223,47
4384,0,5897,3236,2661,0,0,0,1.0,1,1.0,1,1.0,1,0.20214594386897428,44
4385,1,5898,3237,2661,0,0,0,1.0,1,1.0,1,1.0,1,0.18941489566739828,42
4386,4,5902,3237,2665,0,0,0,1.0,1,1.0,1,1.0,1,0.19132307422569794,41
4387,2,5904,3239,2665,0,0,0,1.0,1,1.0,1,1.0,1,0.19999444859208818,39
4388,0,5904,3239,2665,0,0,0,1.0,1,1.0,1,1.0,1,0.19999444859208818,39
4389,2,5906,3241,2665,0,0,0,1.0,1,1.0,1,1.0,1,0.18592047007020426,38
4390,0,5906,3241,2665,0,0,0,1.0,1,1.0,1,1.0,1,0.19362615500157557,38
4391,4,5910,3241,2669,0,0,0,1.0,1,1.0,1,1.0,1,0.05859412742793886,39
4392,0,5910,3241,2669,0,0,0,1.0,1,1.0,1,1.0,1,0.05859412742793886,39
4393,1,5911,3242,2669,0,0,0,1.0,1,1.0,1,1.0,1,0.09850283112141296,40
4394,0,5911,3242,2669,0,0,0,1.0,1,1.0,1,1.0,1,0.08428070534961209,39
4395,0,5911,3242,2669,0,0,0,1.0,1,1.0,1,1.0,1,0.08428070534961209,39
4396,1,5912,3243,2669,0,0,0,1.0,1,1.0,1,1.0,1,0.08166120765215634,39
4397,1,5913,3243,2670,0,0,0,1.0,1,1.0,1,1.0,1,0.08481468597516563,38
4398,0,5913,3243,2670,0,0,0,1.0,1,1.0,1,1.0,1,0.08985976697558716,39
4399,1,5914,3243,2671,0,0,0,1.0,1,1.0,1,1.0,1,0.07102844305879898,42
4400,0,5914,3243,2671,0,0,0,1.0,1,1.0,1,1.0,1,0.06442679702008279,43
4401,0,5914,3243,2671,0,0,0,1.0,1,1.0,1,1.0,1,0.05144495554209748,44
4402,0,5914,3243,2671,0,0,0,1.0,1,1.0,1,1.0,1,0.05144495554209748,44
4403,0,5914,3243,2671,0,0,0,1.0,1,1.0,1,1.0,1,0.03904043887561463,45
4404,0,5914,3243,2671,0,0,0,1.0,1,1.0,1,1.0,1,0.03904043887561463,45
4405,0,5914,3243,2671,0,0,0,1.0,1,1.0,1,1.0,1,0.04107059760254611,46
4406,1,5915,3244,2671,0,0,0,1.0,1,1.0,1,1.0,1,0.08041821078142915,46
4407,1,5916,3245,2671,0,0,0,1.0,1,1.0,1,1.0,1,0.11169022862318459,46
4408,0,5916,3245,2671,0,0,0,1.0,1,1.0,1,1.0,1,0.10493028444162941,47
4409,2,5918,3246,2672,0,0,0,1.0,1,1.0,1,1.0,1,0.12794070986361833,48
4410,1,5919,3246,2673,0,0,0,1.0,1,1.0,1,1.0,1,0.11742622385484318,48
4411,1,5920,3246,2674,0,0,0,1.0,1,1.0,1,1.0,1,0.09587667674295397,50
4412,2,5922,3247,2675,0,0,0,1.0,1,1.0,1,1.0,1,0.10662025048502628,50
4413,1,5923,3247,2676,0,0,0,1.0,1,1.0,1,1.0,1,0.10134241002096638,50
4414,0,5923,3247,2676,0,0,0,1.0,1,1.0,1,1.0,1,0.09399860574711345,51
4415,0,5923,3247,2676,0,0,0,1.0,1,1.0,1,1.0,1,0.09399860574711345,51
4416,1,5924,3248,2676,0,0,0,1.0,1,1.0,1,1.0,1,0.12066667274575411,51
4417,2,5926,3250,2676,0,0,0,1.0,1,1.0,1,1.0,1,0.11621538222688772,51
4418,1,5927,3250,2677,0,0,0,1.0,1,1.0,1,1.0,1,0.08019450545353497,51
4419,0,5927,3250,2677,0,0,0,1.0,1,1.0,1,1.0,1,0.06535947672845899,50
4420,0,5927,3250,2677,0,0,0,1.0,1,1.0,1,1.0,1,0.0707589203241151,50
4421,1,5928,3250,2678,0,0,0,1.0,1,1.0,1,1.0,1,0.06231143663956986,52
4422,0,5928,3250,2678,0,0,0,1.0,1,1.0,1,1.0,1,0.06128253495113018,51
4423,0,5928,3250,2678,0,0,0,1.0,1,1.0,1,1.0,1,0.06128253495113018,51
4424,0,5928,3250,2678,0,0,0,1.0,1,1.0,1,1.0,1,0.05877805983436028,53
4425,0,5928,3250,2678,0,0,0,1.0,1,1.0,1,1.0,1,0.051110452766085064,54
4426,1,5929,3251,2678,0,0,0,1.0,1,1.0,1,1.0,1,0.049445189181084995,55
4427,0,5929,3251,2678,0,0,0,1.0,1,1.0,1,1.0,1,0.049445189181084995,55
4428,1,5930,3252,2678,0,0,0,1.0,1,1.0,1,1.0,1,0.041117723477552895,55
4429,0,5930,3252,2678,0,0,0,1.0,1,1.0,1,1.0,1,0.0376271102162041,56
4430,2,5932,3254,2678,0,0,0,1.0,1,1.0,1,1.0,1,0.05291086843956876,55
4431,1,5933,3254,2679,0,0,0,1.0,1,1.0,1,1.0,1,0.05151175161474104,56
4432,1,5934,3255,2679,0,0,0,1.0,1,1.0,1,1.0,1,0.0759048346405293,56
4433,0,5934,3255,2679,0,0,0,1.0,1,1.0,1,1.0,1,0.0820349371782693,57
4434,1,5935,3256,2679,0,0,0,1.0,1,1.0,1,1.0,1,0.06322976730649124,56
4435,1,5936,3257,2679,0,0,0,1.0,1,1.0,1,1.0,1,0.07034711864938524,56
4436,6,5942,3259,2683,0,0,0,1.0,1,1.0,1,1.0,1,0.04170263453847401,55
4437,1,5943,3260,2683,0,0,0,1.0,1,1.0,1,1.0,1,0.07486220238309188,54
4438,1,5944,3261,2683,0,0,0,1.0,1,1.0,1,1.0,1,0.0820343908833361,54
4439,4,5948,3264,2684,0,0,0,1.0,1,1.0,1,1.0,1,0.1338687960426622,55
4440,0,5948,3264,2684,0,0,0,1.0,1,1.0,1,1.0,1,0.1338687960426622,55
4441,4,5952,3268,2684,0,0,0,1.0,1,1.0,1,1.0,1,0.1136603924661386,59
4442,1,5953,3269,2684,0,0,0,1.0,1,1.0,1,1.0,1,0.09951241988451044,61
4443,2,5955,3271,2684,0,0,0,1.0,1,1.0,1,1.0,1,0.10386202979200004,60
4444,0,5955,3271,2684,0,0,0,1.0,1,1.0,1,1.0,1,0.11643442983572895,61
4445,0,5955,3271,2684,0,0,0,1.0,1,1.0,1,1.0,1,0.11643442983572895,61
4446,3,5958,3272,2686,0,0,0,1.0,1,1.0,1,1.0,1,0.101869194274759,62
4447,0,5958,3272,2686,0,0,0,1.0,1,1.0,1,1.0,1,0.0976215232500492,63
4448,0,5958,3272,2686,0,0,0,1.0,1,1.0,1,1.0,1,0.0976215232500492,63
4449,0,5958,3272,2686,0,0,0,1.0,1,1.0,1,1.0,1,0.0976215232500492,63
4450,0,5958,3272,2686,0,0,0,1.0,1,1.0,1,1.0,1,0.10843387469033335,62
4451,1,5959,3272,2687,0,0,0,1.0,1,1.0,1,1.0,1,0.08986679625210445,63
4452,2,5961,3272,2689,0,0,0,1.0,1,1.0,1,1.0,1,0.07740520969896182,64
4453,0,5961,3272,2689,0,0,0,1.0,1,1.0,1,1.0,1,0.08444555305877441,65
4454,1,5962,3273,2689,0,0,0,1.0,1,1.0,1,1.0,1,0.0770555594736637,66
4455,2,5964,3274,2690,0,0,0,1.0,1,1.0,1,1.0,1,0.08446829601904977,67
4456,3,5967,3276,2691,0,0,0,1.0,1,1.0,1,1.0,1,0.09701939931414978,67
4457,2,5969,3278,2691,0,0,0,1.0,1,1.0,1,1.0,1,0.09694293009169895,65
4458,1,5970,3279,2691,0,0,0,1.0,1,1.0,1,1.0,1,0.0737489333806962,65
4459,3,5973,3282,2691,0,0,0,1.0,1,1.0,1,1.0,1,0.10331442438933462,64
4460,0,5973,3282,2691,0,0,0,1.0,1,1.0,1,1.0,1,0.09273994012485694,63
4461,5,5978,3285,2693,0,0,0,1.0,1,1.0,1,1.0,1,0.12639835205760455,62
4462,3,5981,3287,2694,0,0,0,1.0,1,1.0,1,1.0,1,0.1347390591039708,61
4463,2,5983,3288,2695,0,0,0,1.0,1,1.0,1,1.0,1,0.16939322107331345,61
4464,0,5983,3288,2695,0,0,0,1.0,1,1.0,1,1.0,1,0.1750302589311124,58
4465,2,5985,3289,2696,0,0,0,1.0,1,1.0,1,1.0,1,0.1905508827205695,57
4466,6,5991,3290,2701,0,0,0,1.0,1,1.0,1,1.0,1,0.18067838738914452,54
4467,1,5992,3290,2702,0,0,0,1.0,1,1.0,1,1.0,1,0.14067930429241135,52
4468,2,5994,3291,2703,0,0,0,1.0,1,1.0,1,1.0,1,0.1378960639086144,52
4469,1,5995,3292,2703,0,0,0,1.0,1,1.0,1,1.0,1,0.15676895185055184,51
4470,1,5996,3293,2703,0,0,0,1.0,1,1.0,1,1.0,1,0.12857321747711367,51
4471,2,5998,3294,2704,0,0,0,1.0,1,1.0,1,1.0,1,0.13191940120152576,50
4472,0,5998,3294,2704,0,0,0,1.0,1,1.0,1,1.0,1,0.14763709458817081,48
4473,1,5999,3294,2705,0,0,0,1.0,1,1.0,1,1.0,1,0.1302970033354659,47
4474,1,6000,3295,2705,0,0,0,1.0,1,1.0,1,1.0,1,0.13727111239420361,49
4475,0,6000,3295,2705,0,0,0,1.0,1,1.0,1,1.0,1,0.1790830437171913,47
4476,3,6003,3295,2708,0,0,0,1.0,1,1.0,1,1.0,1,0.10356191376005139,49
4477,2,6005,3296,2709,0,0,0,1.0,1,1.0,1,1.0,1,0.14851686002847808,48
4478,0,6005,3296,2709,0,0,0,1.0,1,1.0,1,1.0,1,0.14851686002847808,48
4479,1,6006,3297,2709,0,0,0,1.0,1,1.0,1,1.0,1,0.17259843702512867,48
4480,0,6006,3297,2709,0,0,0,1.0,1,1.0,1,1.0,1,0.17378640411215687,49
4481,3,6009,3297,2712,0,0,0,1.0,1,1.0,1,1.0,1,0.18284601195065076,49
4482,1,6010,3298,2712,0,0,0,1.0,1,1.0,1,1.0,1,0.1753492280130541,49
4483,1,6011,3298,2713,0,0,0,1.0,1,1.0,1,1.0,1,0.1390711584024954,50
4484,3,6014,3300,2714,0,0,0,1.0,1,1.0,1,1.0,1,0.12781115802649998,52
4485,0,6014,3300,2714,0,0,0,1.0,1,1.0,1,1.0,1,0.12963515448845545,53
4486,5,6019,3303,2716,0,0,0,1.0,1,1.0,1,1.0,1,0.10375790195512591,55
4487,2,6021,3305,2716,0,0,0,1.0,1,1.0,1,1.0,1,0.10578435012609119,55
4488,3,6024,3306,2718,0,0,0,1.0,1,1.0,1,1.0,1,0.11871182985655705,54
4489,1,6025,3306,2719,0,0,0,1.0,1,1.0,1,1.0,1,0.12281439055365292,53
4490,0,6025,3306,2719,0,0,0,1.0,1,1.0,1,1.0,1,0.12281439055365292,53
4491,3,6028,3307,2721,0,0,0,1.0,1,1.0,1,1.0,1,0.11710548197190539,52
4492,1,6029,3307,2722,0,0,0,1.0,1,1.0,1,1.0,1,0.10302147588135518,52
4493,1,6030,3308,2722,0,0,0,1.0,1,1.0,1,1.0,1,0.11772980609552477,52
4494,0,6030,3308,2722,0,0,0,1.0,1,1.0,1,1.0,1,0.12845241909002705,53
4495,3,6033,3311,2722,0,0,0,1.0,1,1.0,1,1.0,1,0.15669235875662754,50
4496,4,6037,3312,2725,0,0,0,1.0,1,1.0,1,1.0,1,0.13132422254833065,51
4497,2,6039,3314,2725,0,0,0,1.0,1,1.0,1,1.0,1,0.1179179483917593,50
4498,0,6039,3314,2725,0,0,0,1.0,1,1.0,1,1.0,1,0.10748955771108751,49
4499,1,6040,3315,2725,0,0,0,1.0,1,1.0,1,1.0,1,0.11959256608587567,48
4500,2,6042,3317,2725,0,0,0,1.0,1,1.0,1,1.0,1,0.11610677183416596,48
4501,2,6044,3318,2726,0,0,0,1.0,1,1.0,1,1.0,1,0.07979329675788514,48
4502,3,6047,3320,2727,0,0,0,1.0,1,1.0,1,1.0,1,0.11187040084605199,49
4503,2,6049,3322,2727,0,0,0,1.0,1,1.0,1,1.0,1,0.1607801817688168,49
4504,0,6049,3322,2727,0,0,0,1.0,1,1.0,1,1.0,1,0.15533945902435858,45
4505,0,6049,3322,2727,0,0,0,1.0,1,1.0,1,1.0,1,0.15190703860853028,46
4506,4,6053,3324,2729,0,0,0,1.0,1,1.0,1,1.0,1,0.18534323835033545,45
4507,1,6054,3324,2730,0,0,0,1.0,1,1.0,1,1.0,1,0.17659338785322512,45
4508,1,6055,3325,2730,0,0,0,1.0,1,1.0,1,1.0,1,0.17878953682960144,43
4509,1,6056,3326,2730,0,0,0,1.0,1,1.0,1,1.0,1,0.1860087032623962,41
4510,2,6058,3328,2730,0,0,0,1.0,1,1.0,1,1.0,1,0.17824346986545447,42
4511,4,6062,3330,2732,0,0,0,1.0,1,1.0,1,1.0,1,0.15733580527021407,41
4512,0,6062,3330,2732,0,0,0,1.0,1,1.0,1,1.0,1,0.15733580527021407,41
4513,1,6063,3330,2733,0,0,0,1.0,1,1.0,1,1.0,1,0.13889650402434905,41
4514,1,6064,3331,2733,0,0,0,1.0,1,1.0,1,1.0,1,0.10963504900508543,42
4515,1,6065,3331,2734,0,0,0,1.0,1,1.0,1,1.0,1,0.1436513682093103,41
4516,5,6070,3334,2736,0,0,0,1.0,1,1.0,1,1.0,1,0.11492398924491179,42
4517,0,6070,3334,2736,0,0,0,1.0,1,1.0,1,1.0,1,0.11767763263802264,43
4518,0,6070,3334,2736,0,0,0,1.0,1,1.0,1,1.0,1,0.14072879300667343,42
4519,1,6071,3335,2736,0,0,0,1.0,1,1.0,1,1.0,1,0.18608219626066624,42
4520,0,6071,3335,2736,0,0,0,1.0,1,1.0,1,1.0,1,0.22194680280973195,42
4521,2,6073,3335,2738,0,0,0,1.0,1,1.0,1,1.0,1,0.19896395336931336,42
4522,1,6074,3336,2738,0,0,0,1.0,1,1.0,1,1.0,1,0.1842654074183893,42
4523,0,6074,3336,2738,0,0,0,1.0,1,1.0,1,1.0,1,0.1842654074183893,42
4524,2,6076,3338,2738,0,0,0,1.0,1,1.0,1,1.0,1,0.18503657358352757,43
4525,4,6080,3341,2739,0,0,0,1.0,1,1.0,1,1.0,1,0.11504859392843905,46
4526,5,6085,3344,2741,0,0,0,1.0,1,1.0,1,1.0,1,0.04983266230800357,46
4527,1,6086,3345,2741,0,0,0,1.0,1,1.0,1,1.0,1,0.05276908865490119,47
4528,0,6086,3345,2741,0,0,0,1.0,1,1.0,1,1.0,1,0.061197562094269936,49
4529,2,6088,3346,2742,0,0,0,1.0,1,1.0,1,1.0,1,0.04733359435574134,50
4530,1,6089,3347,2742,0,0,0,1.0,1,1.0,1,1.0,1,0.04852546296469709,51
4531,2,6091,3349,2742,0,0,0,1.0,1,1.0,1,1.0,1,0.07663049445116264,51
4532,0,6091,3349,2742,0,0,0,1.0,1,1.0,1,1.0,1,0.07663049445116264,51
4533,2,6093,3351,2742,0,0,0,1.0,1,1.0,1,1.0,1,0.09801475174814656,50
4534,2,6095,3352,2743,0,0,0,1.0,1,1.0,1,1.0,1,0.09119201209374236,51
4535,2,6097,3354,2743,0,0,0,1.0,1,1.0,1,1.0,1,0.12650624621552958,50
4536,3,6100,3355,2745,0,0,0,1.0,1,1.0,1,1.0,1,0.09110540736947809,48
4537,2,6102,3356,2746,0,0,0,1.0,1,1.0,1,1.0,1,0.10071939182885899,49
4538,0,6102,3356,2746,0,0,0,1.0,1,1.0,1,1.0,1,0.08800466483311191,48
4539,0,6102,3356,2746,0,0,0,1.0,1,1.0,1,1.0,1,0.10674388147327406,50
4540,1,6103,3356,2747,0,0,0,1.0,1,1.0,1,1.0,1,0.08524471314237801,49
4541,1,6104,3356,2748,0,0,0,1.0,1,1.0,1,1.0,1,0.07638257252410938,49
4542,0,6104,3356,2748,0,0,0,1.0,1,1.0,1,1.0,1,0.10447795105901468,47
4543,0,6104,3356,2748,0,0,0,1.0,1,1.0,1,1.0,1,0.1158018080609558,45
4544,1,6105,3357,2748,0,0,0,1.0,1,1.0,1,1.0,1,0.13015054285143052,45
4545,1,6106,3358,2748,0,0,0,1.0,1,1.0,1,1.0,1,0.13351122434135632,43
4546,1,6107,3358,2749,0,0,0,1.0,1,1.0,1,1.0,1,0.12268599071840089,43
4547,0,6107,3358,2749,0,0,0,1.0,1,1.0,1,1.0,1,0.14410788419787404,41
4548,0,6107,3358,2749,0,0,0,1.0,1,1.0,1,1.0,1,0.13727568511292637,42
4549,2,6109,3360,2749,0,0,0,1.0,1,1.0,1,1.0,1,0.12224528089091768,41
4550,4,6113,3363,2750,0,0,0,1.0,1,1.0,1,1.0,1,0.12049763014397384,41
4551,0,6113,3363,2750,0,0,0,1.0,1,1.0,1,1.0,1,0.09874095279788969,39
4552,0,6113,3363,2750,0,0,0,1.0,1,1.0,1,1.0,1,0.10427835578868368,38
4553,0,6113,3363,2750,0,0,0,1.0,1,1.0,1,1.0,1,0.11636697138006602,39
4554,0,6113,3363,2750,0,0,0,1.0,1,1.0,1,1.0,1,0.12363323136328624,38
4555,0,6113,3363,2750,0,0,0,1.0,1,1.0,1,1.0,1,0.13184681450863325,37
4556,5,6118,3366,2752,0,0,0,1.0,1,1.0,1,1.0,1,0.11125813687236923,36
4557,0,6118,3366,2752,0,0,0,1.0,1,1.0,1,1.0,1,0.11544347248133599,38
4558,3,6121,3367,2754,0,0,0,1.0,1,1.0,1,1.0,1,0.12881792420050023,39
4559,4,6125,3369,2756,0,0,0,1.0,1,1.0,1,1.0,1,0.15497740987620598,38
4560,6,6131,3370,2761,0,0,0,1.0,1,1.0,1,1.0,1,0.17738324096209176,41
4561,0,6131,3370,2761,0,0,0,1.0,1,1.0,1,1.0,1,0.17738324096209176,41
4562,3,6134,3371,2763,0,0,0,1.0,1,1.0,1,1.0,1,0.1566800984026893,43
4563,1,6135,3371,2764,0,0,0,1.0,1,1.0,1,1.0,1,0.12570640922409734,42
4564,1,6136,3371,2765,0,0,0,1.0,1,1.0,1,1.0,1,0.12062868044463702,43
4565,0,6136,3371,2765,0,0,0,1.0,1,1.0,1,1.0,1,0.13490650952858962,44
4566,1,6137,3372,2765,0,0,0,1.0,1,1.0,1,1.0,1,0.10392638164119669,45
4567,3,6140,3375,2765,0,0,0,1.0,1,1.0,1,1.0,1,0.13835405713831908,47
4568,2,6142,3376,2766,0,0,0,1.0,1,1.0,1,1.0,1,0.09269152479307541,47
4569,1,6143,3377,2766,0,0,0,1.0,1,1.0,1,1.0,1,0.08521332147409952,49
4570,2,6145,3378,2767,0,0,0,1.0,1,1.0,1,1.0,1,0.09995825932917714,49
4571,1,6146,3379,2767,0,0,0,1.0,1,1.0,1,1.0,1,0.11000476650565927,48
4572,1,6147,3380,2767,0,0,0,1.0,1,1.0,1,1.0,1,0.12292339175145982,48
4573,2,6149,3382,2767,0,0,0,1.0,1,1.0,1,1.0,1,0.1509544532126081,48
4574,2,6151,3384,2767,0,0,0,1.0,1,1.0,1,1.0,1,0.18005278924959248,50
4575,1,6152,3384,2768,0,0,0,1.0,1,1.0,1,1.0,1,0.14539021655693182,51
4576,1,6153,3384,2769,0,0,0,1.0,1,1.0,1,1.0,1,0.1314800957331911,48
4577,0,6153,3384,2769,0,0,0,1.0,1,1.0,1,1.0,1,0.12706826032807492,47
4578,1,6154,3385,2769,0,0,0,1.0,1,1.0,1,1.0,1,0.11984976816537607,46
4579,0,6154,3385,2769,0,0,0,1.0,1,1.0,1,1.0,1,0.11820686063370814,46
4580,0,6154,3385,2769,0,0,0,1.0,1,1.0,1,1.0,1,0.1032451446512668,47
4581,1,6155,3386,2769,0,0,0,1.0,1,1.0,1,1.0,1,0.12846291090554585,47
4582,0,6155,3386,2769,0,0,0,1.0,1,1.0,1,1.0,1,0.13134748496393525,48
4583,0,6155,3386,2769,0,0,0,1.0,1,1.0,1,1.0,1,0.13134748496393525,48
4584,0,6155,3386,2769,0,0,0,1.0,1,1.0,1,1.0,1,0.13481066044751144,50
4585,1,6156,3387,2769,0,0,0,1.0,1,1.0,1,1.0,1,0.15792832323118433,50
4586,1,6157,3387,2770,0,0,0,1.0,1,1.0,1,1.0,1,0.1510039123062005,50
4587,0,6157,3387,2770,0,0,0,1.0,1,1.0,1,1.0,1,0.1510039123062005,50
4588,0,6157,3387,2770,0,0,0,1.0,1,1.0,1,1.0,1,0.1510039123062005,50
4589,0,6157,3387,2770,0,0,0,1.0,1,1.0,1,1.0,1,0.14721756107412545,52
4590,0,6157,3387,2770,0,0,0,1.0,1,1.0,1,1.0,1,0.14721756107412545,52
4591,1,6158,3387,2771,0,0,0,1.0,1,1.0,1,1.0,1,0.1385361202907861,53
4592,0,6158,3387,2771,0,0,0,1.0,1,1.0,1,1.0,1,0.15213209725522742,54
4593,2,6160,3389,2771,0,0,0,1.0,1,1.0,1,1.0,1,0.18085385858970918,56
4594,1,6161,3389,2772,0,0,0,1.0,1,1.0,1,1.0,1,0.1845715392978812,57
4595,1,6162,3390,2772,0,0,0,1.0,1,1.0,1,1.0,1,0.17017014801624347,56
4596,0,6162,3390,2772,0,0,0,1.0,1,1.0,1,1.0,1,0.17017014801624347,56
4597,2,6164,3392,2772,0,0,0,1.0,1,1.0,1,1.0,1,0.16953364208760813,56
4598,2,6166,3394,2772,0,0,0,1.0,1,1.0,1,1.0,1,0.19585403759551948,57
4599,0,6166,3394,2772,0,0,0,1.0,1,1.0,1,1.0,1,0.1687159005495365,59
4600,0,6166,3394,2772,0,0,0,1.0,1,1.0,1,1.0,1,0.1707643937928811,60
4601,1,6167,3395,2772,0,0,0,1.0,1,1.0,1,1.0,1,0.17977651545116338,60
4602,0,6167,3395,2772,0,0,0,1.0,1,1.0,1,1.0,1,0.1651489443655743,62
4603,0,6167,3395,2772,0,0,0,1.0,1,1.0,1,1.0,1,0.1651489443655743,62
4604,1,6168,3396,2772,0,0,0,1.0,1,1.0,1,1.0,1,0.16640526651574905,63
4605,0,6168,3396,2772,0,0,0,1.0,1,1.0,1,1.0,1,0.16640526651574905,63
4606,0,6168,3396,2772,0,0,0,1.0,1,1.0,1,1.0,1,0.17414135138660713,64
4607,2,6170,3397,2773,0,0,0,1.0,1,1.0,1,1.0,1,0.16761427985805805,65
4608,1,6171,3398,2773,0,0,0,1.0,1,1.0,1,1.0,1,0.185793604846877,66
4609,1,6172,3399,2773,0,0,0,1.0,1,1.0,1,1.0,1,0.19816212992395632,65
4610,1,6173,3399,2774,0,0,0,1.0,1,1.0,1,1.0,1,0.1706646238897229,63
4611,5,6178,3403,2775,0,0,0,1.0,1,1.0,1,1.0,1,0.19751314936109443,64
4612,1,6179,3403,2776,0,0,0,1.0,1,1.0,1,1.0,1,0.17132141257419692,62
4613,2,6181,3405,2776,0,0,0,1.0,1,1.0,1,1.0,1,0.18536626151569202,63
4614,3,6184,3405,2779,0,0,0,1.0,1,1.0,1,1.0,1,0.13363479603622894,61
4615,1,6185,3406,2779,0,0,0,1.0,1,1.0,1,1.0,1,0.12715210705211946,59
4616,2,6187,3406,2781,0,0,0,1.0,1,1.0,1,1.0,1,0.10330373780634183,58
4617,1,6188,3407,2781,0,0,0,1.0,1,1.0,1,1.0,1,0.12143790597086536,58
4618,3,6191,3408,2783,0,0,0,1.0,1,1.0,1,1.0,1,0.141389859633464,57
4619,3,6194,3410,2784,0,0,0,1.0,1,1.0,1,1.0,1,0.18337088176366548,57
4620,0,6194,3410,2784,0,0,0,1.0,1,1.0,1,1.0,1,0.18337088176366548,57
4621,5,6199,3411,2788,0,0,0,1.0,1,1.0,1,1.0,1,0.15948821731287977,59
4622,1,6200,3411,2789,0,0,0,1.0,1,1.0,1,1.0,1,0.15300666476960456,60
4623,1,6201,3411,2790,0,0,0,1.0,1,1.0,1,1.0,1,0.16389962151011317,59
4624,2,6203,3413,2790,0,0,0,1.0,1,1.0,1,1.0,1,0.20604255936399815,59
4625,1,6204,3414,2790,0,0,0,1.0,1,1.0,1,1.0,1,0.20412184927225502,57
4626,3,6207,3416,2791,0,0,0,1.0,1,1.0,1,1.0,1,0.21780600738224468,56
4627,2,6209,3416,2793,0,0,0,1.0,1,1.0,1,1.0,1,0.20224780146432697,56
4628,0,6209,3416,2793,0,0,0,1.0,1,1.0,1,1.0,1,0.19565892706445195,56
4629,1,6210,3417,2793,0,0,0,1.0,1,1.0,1,1.0,1,0.24118359933757427,56
4630,1,6211,3417,2794,0,0,0,1.0,1,1.0,1,1.0,1,0.22401711571177824,57
4631,1,6212,3417,2795,0,0,0,1.0,1,1.0,1,1.0,1,0.249872208812783,56
4632,1,6213,3418,2795,0,0,0,1.0,1,1.0,1,1.0,1,0.28736741896771145,57
4633,1,6214,3418,2796,0,0,0,1.0,1,1.0,1,1.0,1,0.2698279826032741,58
4634,0,6214,3418,2796,0,0,0,1.0,1,1.0,1,1.0,1,0.2698279826032741,58
4635,1,6215,3418,2797,0,0,0,1.0,1,1.0,1,1.0,1,0.249493488950664,59
4636,0,6215,3418,2797,0,0,0,1.0,1,1.0,1,1.0,1,0.23088616317775942,60
4637,3,6218,3419,2799,0,0,0,1.0,1,1.0,1,1.0,1,0.20420385725971138,60
4638,1,6219,3419,2800,0,0,0,1.0,1,1.0,1,1.0,1,0.20966483755519758,61
4639,3,6222,3420,2802,0,0,0,1.0,1,1.0,1,1.0,1,0.19283483416766156,62
4640,0,6222,3420,2802,0,0,0,1.0,1,1.0,1,1.0,1,0.20421667431953777,63
4641,3,6225,3420,2805,0,0,0,1.0,1,1.0,1,1.0,1,0.18136064068978108,63
4642,0,6225,3420,2805,0,0,0,1.0,1,1.0,1,1.0,1,0.19521998342232097,62
4643,4,6229,3421,2808,0,0,0,1.0,1,1.0,1,1.0,1,0.17880239714322055,63
4644,1,6230,3421,2809,0,0,0,1.0,1,1.0,1,1.0,1,0.18643440555802324,62
4645,1,6231,3422,2809,0,0,0,1.0,1,1.0,1,1.0,1,0.20210478515552463,63
4646,7,6238,3424,2814,0,0,0,1.0,1,1.0,1,1.0,1,0.1971749983144302,63
4647,4,6242,3425,2817,0,0,0,1.0,1,1.0,1,1.0,1,0.18654134903111338,62
4648,2,6244,3426,2818,0,0,0,1.0,1,1.0,1,1.0,1,0.20500421602501945,63
4649,0,6244,3426,2818,0,0,0,1.0,1,1.0,1,1.0,1,0.18726249501647016,61
4650,0,6244,3426,2818,0,0,0,1.0,1,1.0,1,1.0,1,0.1617834642890938,63
4651,3,6247,3426,2821,0,0,0,1.0,1,1.0,1,1.0,1,0.13248070948345386,62
4652,0,6247,3426,2821,0,0,0,1.0,1,1.0,1,1.0,1,0.11566195456398337,59
4653,0,6247,3426,2821,0,0,0,1.0,1,1.0,1,1.0,1,0.11930123295735984,60
4654,0,6247,3426,2821,0,0,0,1.0,1,1.0,1,1.0,1,0.12255448853518879,60
4655,1,6248,3427,2821,0,0,0,1.0,1,1.0,1,1.0,1,0.14780720164833913,60
4656,4,6252,3429,2823,0,0,0,1.0,1,1.0,1,1.0,1,0.18731101470251624,61
4657,2,6254,3429,2825,0,0,0,1.0,1,1.0,1,1.0,1,0.1644723754811628,62
4658,3,6257,3432,2825,0,0,0,1.0,1,1.0,1,1.0,1,0.18050695960211627,62
4659,0,6257,3432,2825,0,0,0,1.0,1,1.0,1,1.0,1,0.17106079914580316,61
4660,2,6259,3434,2825,0,0,0,1.0,1,1.0,1,1.0,1,0.22867654957043307,61
4661,0,6259,3434,2825,0,0,0,1.0,1,1.0,1,1.0,1,0.22618572699295256,61
4662,0,6259,3434,2825,0,0,0,1.0,1,1.0,1,1.0,1,0.21462522965241213,62
4663,1,6260,3434,2826,0,0,0,1.0,1,1.0,1,1.0,1,0.21190920780637587,61
4664,3,6263,3434,2829,0,0,0,1.0,1,1.0,1,1.0,1,0.2017034166214099,62
4665,0,6263,3434,2829,0,0,0,1.0,1,1.0,1,1.0,1,0.21171756337659015,61
4666,3,6266,3435,2831,0,0,0,1.0,1,1.0,1,1.0,1,0.20484573678488174,61
4667,1,6267,3436,2831,0,0,0,1.0,1,1.0,1,1.0,1,0.21214143939861152,59
4668,3,6270,3437,2833,0,0,0,1.0,1,1.0,1,1.0,1,0.21222673527225538,59
4669,1,6271,3437,2834,0,0,0,1.0,1,1.0,1,1.0,1,0.22384662925592372,58
4670,1,6272,3438,2834,0,0,0,1.0,1,1.0,1,1.0,1,0.22975480449212604,57
4671,2,6274,3438,2836,0,0,0,1.0,1,1.0,1,1.0,1,0.2331784489171597,55
4672,4,6278,3440,2838,0,0,0,1.0,1,1.0,1,1.0,1,0.22902810641323693,56
4673,3,6281,3441,2840,0,0,0,1.0,1,1.0,1,1.0,1,0.18691265480711566,58
4674,2,6283,3442,2841,0,0,0,1.0,1,1.0,1,1.0,1,0.2018780554889284,58
4675,1,6284,3442,2842,0,0,0,1.0,1,1.0,1,1.0,1,0.22166253374432504,57
4676,3,6287,3442,2845,0,0,0,1.0,1,1.0,1,1.0,1,0.2042132877126049,58
4677,1,6288,3442,2846,0,0,0,1.0,1,1.0,1,1.0,1,0.2089712272578659,57
4678,1,6289,3442,2847,0,0,0,1.0,1,1.0,1,1.0,1,0.20246190520110033,57
4679,0,6289,3442,2847,0,0,0,1.0,1,1.0,1,1.0,1,0.20246190520110033,57
4680,2,6291,3442,2849,0,0,0,1.0,1,1.0,1,1.0,1,0.18745256608620608,59
4681,0,6291,3442,2849,0,0,0,1.0,1,1.0,1,1.0,1,0.18851629459013422,60
4682,0,6291,3442,2849,0,0,0,1.0,1,1.0,1,1.0,1,0.18851629459013422,60
4683,4,6295,3443,2852,0,0,0,1.0,1,1.0,1,1.0,1,0.1562285483756628,60
4684,1,6296,3444,2852,0,0,0,1.0,1,1.0,1,1.0,1,0.17577031739434654,60
4685,2,6298,3445,2853,0,0,0,1.0,1,1.0,1,1.0,1,0.17817792910745014,59
4686,3,6301,3447,2854,0,0,0,1.0,1,1.0,1,1.0,1,0.17780883904651648,60
4687,2,6303,3448,2855,0,0,0,1.0,1,1.0,1,1.0,1,0.18151899383938275,59
4688,1,6304,3449,2855,0,0,0,1.0,1,1.0,1,1.0,1,0.2051794755832528,59
4689,2,6306,3450,2856,0,0,0,1.0,1,1.0,1,1.0,1,0.22539500396239845,59
4690,3,6309,3451,2858,0,0,0,1.0,1,1.0,1,1.0,1,0.1901393445997544,58
4691,0,6309,3451,2858,0,0,0,1.0,1,1.0,1,1.0,1,0.18160049170124562,57
4692,0,6309,3451,2858,0,0,0,1.0,1,1.0,1,1.0,1,0.16581822521902365,58
4693,1,6310,3451,2859,0,0,0,1.0,1,1.0,1,1.0,1,0.15658030601199782,57
4694,1,6311,3451,2860,0,0,0,1.0,1,1.0,1,1.0,1,0.13719628456638983,57
4695,1,6312,3451,2861,0,0,0,1.0,1,1.0,1,1.0,1,0.14698807003789313,56
4696,3,6315,3453,2862,0,0,0,1.0,1,1.0,1,1.0,1,0.1559776007148664,57
4697,1,6316,3453,2863,0,0,0,1.0,1,1.0,1,1.0,1,0.13847946211540105,58
4698,2,6318,3453,2865,0,0,0,1.0,1,1.0,1,1.0,1,0.08737750537243305,59
4699,0,6318,3453,2865,0,0,0,1.0,1,1.0,1,1.0,1,0.10065589108668538,58
4700,0,6318,3453,2865,0,0,0,1.0,1,1.0,1,1.0,1,0.08178121296127705,59
4701,0,6318,3453,2865,0,0,0,1.0,1,1.0,1,1.0,1,0.09092443588379061,60
4702,0,6318,3453,2865,0,0,0,1.0,1,1.0,1,1.0,1,0.09932694455703842,61
4703,1,6319,3454,2865,0,0,0,1.0,1,1.0,1,1.0,1,0.12880432576560177,59
4704,1,6320,3454,2866,0,0,0,1.0,1,1.0,1,1.0,1,0.10505739144158822,58
4705,3,6323,3457,2866,0,0,0,1.0,1,1.0,1,1.0,1,0.14514287496118922,58
4706,4,6327,3459,2868,0,0,0,1.0,1,1.0,1,1.0,1,0.15522826286272096,60
4707,0,6327,3459,2868,0,0,0,1.0,1,1.0,1,1.0,1,0.16503580394700829,57
4708,3,6330,3461,2869,0,0,0,1.0,1,1.0,1,1.0,1,0.19373031752830322,57
4709,2,6332,3463,2869,0,0,0,1.0,1,1.0,1,1.0,1,0.2317351413519139,55
4710,1,6333,3464,2869,0,0,0,1.0,1,1.0,1,1.0,1,0.243086253097949,53
4711,1,6334,3464,2870,0,0,0,1.0,1,1.0,1,1.0,1,0.22010743469554814,52
4712,0,6334,3464,2870,0,0,0,1.0,1,1.0,1,1.0,1,0.2198303095248561,52
4713,2,6336,3465,2871,0,0,0,1.0,1,1.0,1,1.0,1,0.23063508761368637,51
4714,0,6336,3465,2871,0,0,0,1.0,1,1.0,1,1.0,1,0.23020591613708594,50
4715,2,6338,3465,2873,0,0,0,1.0,1,1.0,1,1.0,1,0.17065368698168445,50
4716,3,6341,3466,2875,0,0,0,1.0,1,1.0,1,1.0,1,0.17388867317171158,49
4717,3,6344,3467,2877,0,0,0,1.0,1,1.0,1,1.0,1,0.17851559147809226,49
4718,0,6344,3467,2877,0,0,0,1.0,1,1.0,1,1.0,1,0.179240362890903,50
4719,1,6345,3467,2878,0,0,0,1.0,1,1.0,1,1.0,1,0.1746089066553883,49
4720,1,6346,3467,2879,0,0,0,1.0,1,1.0,1,1.0,1,0.14258891904404886,49
4721,1,6347,3467,2880,0,0,0,1.0,1,1.0,1,1.0,1,0.12386960814089679,50
4722,1,6348,3467,2881,0,0,0,1.0,1,1.0,1,1.0,1,0.12849202150772024,51
4723,0,6348,3467,2881,0,0,0,1.0,1,1.0,1,1.0,1,0.09659671271704653,50
4724,2,6350,3469,2881,0,0,0,1.0,1,1.0,1,1.0,1,0.1342658575671943,50
4725,1,6351,3469,2882,0,0,0,1.0,1,1.0,1,1.0,1,0.13007349012066252,52
4726,1,6352,3470,2882,0,0,0,1.0,1,1.0,1,1.0,1,0.16249667536454132,51
4727,1,6353,3471,2882,0,0,0,1.0,1,1.0,1,1.0,1,0.1753848615804674,52
4728,2,6355,3472,2883,0,0,0,1.0,1,1.0,1,1.0,1,0.17662694621660122,52
4729,0,6355,3472,2883,0,0,0,1.0,1,1.0,1,1.0,1,0.17662694621660122,52
4730,1,6356,3472,2884,0,0,0,1.0,1,1.0,1,1.0,1,0.17215499830872222,50
4731,3,6359,3475,2884,0,0,0,1.0,1,1.0,1,1.0,1,0.2016942825971807,51
4732,1,6360,3475,2885,0,0,0,1.0,1,1.0,1,1.0,1,0.19018444258416864,52
4733,7,6367,3478,2889,0,0,0,1.0,1,1.0,1,1.0,1,0.2679494712498263,53
4734,4,6371,3478,2893,0,0,0,1.0,1,1.0,1,1.0,1,0.27019668409441205,53
4735,3,6374,3479,2895,0,0,0,1.0,1,1.0,1,1.0,1,0.2602043412969442,53
4736,1,6375,3480,2895,0,0,0,1.0,1,1.0,1,1.0,1,0.2778612601221048,55
4737,0,6375,3480,2895,0,0,0,1.0,1,1.0,1,1.0,1,0.2665931743706117,57
4738,0,6375,3480,2895,0,0,0,1.0,1,1.0,1,1.0,1,0.2665931743706117,57
4739,0,6375,3480,2895,0,0,0,1.0,1,1.0,1,1.0,1,0.2665931743706117,57
4740,1,6376,3480,2896,0,0,0,1.0,1,1.0,1,1.0,1,0.23865228086154006,57
4741,0,6376,3480,2896,0,0,0,1.0,1,1.0,1,1.0,1,0.24489382449717115,58
4742,1,6377,3481,2896,0,0,0,1.0,1,1.0,1,1.0,1,0.2534290421736039,58
4743,1,6378,3481,2897,0,0,0,1.0,1,1.0,1,1.0,1,0.2150752160378854,56
4744,0,6378,3481,2897,0,0,0,1.0,1,1.0,1,1.0,1,0.20482533529007352,57
4745,3,6381,3483,2898,0,0,0,1.0,1,1.0,1,1.0,1,0.1990591022515118,56
4746,1,6382,3484,2898,0,0,0,1.0,1,1.0,1,1.0,1,0.20938233915187637,56
4747,1,6383,3485,2898,0,0,0,1.0,1,1.0,1,1.0,1,0.1896935804263167,55
4748,1,6384,3486,2898,0,0,0,1.0,1,1.0,1,1.0,1,0.19845423348776287,55
4749,1,6385,3486,2899,0,0,0,1.0,1,1.0,1,1.0,1,0.17716129025110303,54
4750,1,6386,3487,2899,0,0,0,1.0,1,1.0,1,1.0,1,0.16335982292536863,53
4751,0,6386,3487,2899,0,0,0,1.0,1,1.0,1,1.0,1,0.19389215056798406,53
4752,1,6387,3488,2899,0,0,0,1.0,1,1.0,1,1.0,1,0.18240732352736883,53
4753,0,6387,3488,2899,0,0,0,1.0,1,1.0,1,1.0,1,0.20517829141041408,52
4754,2,6389,3488,2901,0,0,0,1.0,1,1.0,1,1.0,1,0.15477187391337802,52
4755,2,6391,3488,2903,0,0,0,1.0,1,1.0,1,1.0,1,0.11085036594628142,51
4756,2,6393,3488,2905,0,0,0,1.0,1,1.0,1,1.0,1,0.09987784081129995,52
4757,1,6394,3488,2906,0,0,0,1.0,1,1.0,1,1.0,1,0.08335696576620115,51
4758,1,6395,3488,2907,0,0,0,1.0,1,1.0,1,1.0,1,0.07367026989562625,51
4759,0,6395,3488,2907,0,0,0,1.0,1,1.0,1,1.0,1,0.07367026989562625,51
4760,1,6396,3489,2907,0,0,0,1.0,1,1.0,1,1.0,1,0.05763314691550077,52
4761,2,6398,3491,2907,0,0,0,1.0,1,1.0,1,1.0,1,0.060211503853394334,50
4762,7,6405,3496,2909,0,0,0,1.0,1,1.0,1,1.0,1,0.12314243262322627,51
4763,0,6405,3496,2909,0,0,0,1.0,1,1.0,1,1.0,1,0.12314243262322627,51
4764,5,6410,3500,2910,0,0,0,1.0,1,1.0,1,1.0,1,0.16118513690437883,53
4765,1,6411,3500,2911,0,0,0,1.0,1,1.0,1,1.0,1,0.14761285664721643,53
4766,6,6417,3501,2916,0,0,0,1.0,1,1.0,1,1.0,1,0.09244515622844898,55
4767,0,6417,3501,2916,0,0,0,1.0,1,1.0,1,1.0,1,0.07357343737668474,56
4768,0,6417,3501,2916,0,0,0,1.0,1,1.0,1,1.0,1,0.059431740598945036,56
4769,1,6418,3502,2916,0,0,0,1.0,1,1.0,1,1.0,1,0.07864636733167232,56
4770,1,6419,3503,2916,0,0,0,1.0,1,1.0,1,1.0,1,0.060950438901184845,56
4771,0,6419,3503,2916,0,0,0,1.0,1,1.0,1,1.0,1,0.0713745658493881,55
4772,1,6420,3504,2916,0,0,0,1.0,1,1.0,1,1.0,1,0.10572492643657637,56
4773,1,6421,3504,2917,0,0,0,1.0,1,1.0,1,1.0,1,0.0956199008762385,56
4774,0,6421,3504,2917,0,0,0,1.0,1,1.0,1,1.0,1,0.07404255607855875,58
4775,0,6421,3504,2917,0,0,0,1.0,1,1.0,1,1.0,1,0.07627695804898009,59
4776,0,6421,3504,2917,0,0,0,1.0,1,1.0,1,1.0,1,0.07627695804898009,59
4777,1,6422,3505,2917,0,0,0,1.0,1,1.0,1,1.0,1,0.08744840909359394,60
4778,0,6422,3505,2917,0,0,0,1.0,1,1.0,1,1.0,1,0.08744840909359394,60
4779,1,6423,3505,2918,0,0,0,1.0,1,1.0,1,1.0,1,0.08079886842697453,61
4780,2,6425,3506,2919,0,0,0,1.0,1,1.0,1,1.0,1,0.05642357837805455,63
4781,1,6426,3507,2919,0,0,0,1.0,1,1.0,1,1.0,1,0.05083241881049308,62
4782,2,6428,3508,2920,0,0,0,1.0,1,1.0,1,1.0,1,0.044313497190045084,63
4783,1,6429,3509,2920,0,0,0,1.0,1,1.0,1,1.0,1,0.03455801779960454,62
4784,1,6430,3510,2920,0,0,0,1.0,1,1.0,1,1.0,1,0.03144342413505648,62
4785,2,6432,3512,2920,0,0,0,1.0,1,1.0,1,1.0,1,0.03452982344388641,62
4786,4,6436,3516,2920,0,0,0,1.0,1,1.0,1,1.0,1,0.07981881549362743,63
4787,2,6438,3518,2920,0,0,0,1.0,1,1.0,1,1.0,1,0.09082573258133919,62
4788,3,6441,3521,2920,0,0,0,1.0,1,1.0,1,1.0,1,0.13722677215471224,62
4789,4,6445,3525,2920,0,0,0,1.0,1,1.0,1,1.0,1,0.15326322688123492,60
4790,6,6451,3530,2921,0,0,0,1.0,1,1.0,1,1.0,1,0.14188214356273784,61
4791,7,6458,3531,2927,0,0,0,1.0,1,1.0,1,1.0,1,0.06043436003927346,60
4792,2,6460,3533,2927,0,0,0,1.0,1,1.0,1,1.0,1,0.07610499529426776,60
4793,3,6463,3534,2929,0,0,0,1.0,1,1.0,1,1.0,1,0.0450220111256223,61
4794,1,6464,3535,2929,0,0,0,1.0,1,1.0,1,1.0,1,0.08029426402357488,59
4795,2,6466,3537,2929,0,0,0,1.0,1,1.0,1,1.0,1,0.0707905450361051,61
4796,3,6469,3538,2931,0,0,0,1.0,1,1.0,1,1.0,1,0.052960939999756165,59
4797,2,6471,3540,2931,0,0,0,1.0,1,1.0,1,1.0,1,0.09185149513490631,58
4798,1,6472,3540,2932,0,0,0,1.0,1,1.0,1,1.0,1,0.06877197892608107,59
4799,0,6472,3540,2932,0,0,0,1.0,1,1.0,1,1.0,1,0.07628594013769119,57
4800,2,6474,3541,2933,0,0,0,1.0,1,1.0,1,1.0,1,0.09018931064571879,58
4801,3,6477,3541,2936,0,0,0,1.0,1,1.0,1,1.0,1,0.07335089641187825,57
4802,0,6477,3541,2936,0,0,0,1.0,1,1.0,1,1.0,1,0.07335089641187825,57
4803,0,6477,3541,2936,0,0,0,1.0,1,1.0,1,1.0,1,0.07076843003012895,56
4804,0,6477,3541,2936,0,0,0,1.0,1,1.0,1,1.0,1,0.07572504150036677,54
4805,0,6477,3541,2936,0,0,0,1.0,1,1.0,1,1.0,1,0.07775461801710984,56
4806,2,6479,3541,2938,0,0,0,1.0,1,1.0,1,1.0,1,0.0602978786920468,55
4807,0,6479,3541,2938,0,0,0,1.0,1,1.0,1,1.0,1,0.056616238026189356,54
4808,0,6479,3541,2938,0,0,0,1.0,1,1.0,1,1.0,1,0.07341949103020967,53
4809,0,6479,3541,2938,0,0,0,1.0,1,1.0,1,1.0,1,0.07341949103020967,53
4810,1,6480,3542,2938,0,0,0,1.0,1,1.0,1,1.0,1,0.06456944124089713,51
4811,4,6484,3544,2940,0,0,0,1.0,1,1.0,1,1.0,1,0.04626209967203528,52
4812,1,6485,3545,2940,0,0,0,1.0,1,1.0,1,1.0,1,0.061962110324010236,52
4813,0,6485,3545,2940,0,0,0,1.0,1,1.0,1,1.0,1,0.061962110324010236,52
4814,2,6487,3547,2940,0,0,0,1.0,1,1.0,1,1.0,1,0.11899700260108809,53
4815,6,6493,3552,2941,0,0,0,1.0,1,1.0,1,1.0,1,0.14087266095805615,54
4816,4,6497,3553,2944,0,0,0,1.0,1,1.0,1,1.0,1,0.09725485743562702,54
4817,4,6501,3555,2946,0,0,0,1.0,1,1.0,1,1.0,1,0.13107706334548597,55
4818,3,6504,3558,2946,0,0,0,1.0,1,1.0,1,1.0,1,0.13303048521101013,55
4819,3,6507,3559,2948,0,0,0,1.0,1,1.0,1,1.0,1,0.11067667358140015,55
4820,2,6509,3559,2950,0,0,0,1.0,1,1.0,1,1.0,1,0.11135718696215029,55
4821,5,6514,3560,2954,0,0,0,1.0,1,1.0,1,1.0,1,0.0574284054110692,55
4822,1,6515,3561,2954,0,0,0,1.0,1,1.0,1,1.0,1,0.05476855219369878,54
4823,0,6515,3561,2954,0,0,0,1.0,1,1.0,1,1.0,1,0.037960346395989185,54
4824,1,6516,3562,2954,0,0,0,1.0,1,1.0,1,1.0,1,0.04073359154938788,55
4825,2,6518,3563,2955,0,0,0,1.0,1,1.0,1,1.0,1,0.05954050719886005,53
4826,0,6518,3563,2955,0,0,0,1.0,1,1.0,1,1.0,1,0.05578774100251465,54
4827,3,6521,3565,2956,0,0,0,1.0,1,1.0,1,1.0,1,0.12247673385958432,53
4828,0,6521,3565,2956,0,0,0,1.0,1,1.0,1,1.0,1,0.10319218358472562,54
4829,0,6521,3565,2956,0,0,0,1.0,1,1.0,1,1.0,1,0.09705483037115539,54
4830,1,6522,3566,2956,0,0,0,1.0,1,1.0,1,1.0,1,0.07600912353475568,53
4831,2,6524,3567,2957,0,0,0,1.0,1,1.0,1,1.0,1,0.07033498297476122,52
4832,0,6524,3567,2957,0,0,0,1.0,1,1.0,1,1.0,1,0.07788251042529865,50
4833,1,6525,3567,2958,0,0,0,1.0,1,1.0,1,1.0,1,0.07957289490916974,51
4834,0,6525,3567,2958,0,0,0,1.0,1,1.0,1,1.0,1,0.08800711922393722,51
4835,0,6525,3567,2958,0,0,0,1.0,1,1.0,1,1.0,1,0.12855837569140996,50
4836,3,6528,3567,2961,0,0,0,1.0,1,1.0,1,1.0,1,0.0727509782050294,50
4837,1,6529,3568,2961,0,0,0,1.0,1,1.0,1,1.0,1,0.1238393014843939,46
4838,3,6532,3570,2962,0,0,0,1.0,1,1.0,1,1.0,1,0.1419556766300778,47
4839,2,6534,3572,2962,0,0,0,1.0,1,1.0,1,1.0,1,0.16323819809511594,45
4840,1,6535,3572,2963,0,0,0,1.0,1,1.0,1,1.0,1,0.1401100735338109,45
4841,5,6540,3573,2967,0,0,0,1.0,1,1.0,1,1.0,1,0.13209016952835784,43
4842,0,6540,3573,2967,0,0,0,1.0,1,1.0,1,1.0,1,0.11050717920293415,43
4843,0,6540,3573,2967,0,0,0,1.0,1,1.0,1,1.0,1,0.10342594041529567,44
4844,0,6540,3573,2967,0,0,0,1.0,1,1.0,1,1.0,1,0.11195808816026319,43
4845,2,6542,3575,2967,0,0,0,1.0,1,1.0,1,1.0,1,0.08469490331184047,44
4846,2,6544,3576,2968,0,0,0,1.0,1,1.0,1,1.0,1,0.04507835898878515,43
4847,2,6546,3578,2968,0,0,0,1.0,1,1.0,1,1.0,1,0.08164936232509855,42
4848,2,6548,3579,2969,0,0,0,1.0,1,1.0,1,1.0,1,0.09851497061735418,41
4849,2,6550,3581,2969,0,0,0,1.0,1,1.0,1,1.0,1,0.10616356637531586,41
4850,2,6552,3581,2971,0,0,0,1.0,1,1.0,1,1.0,1,0.11148411864183079,41
4851,1,6553,3581,2972,0,0,0,1.0,1,1.0,1,1.0,1,0.08353667691381791,41
4852,1,6554,3582,2972,0,0,0,1.0,1,1.0,1,1.0,1,0.127519221090214,43
4853,0,6554,3582,2972,0,0,0,1.0,1,1.0,1,1.0,1,0.14462213605672414,44
4854,0,6554,3582,2972,0,0,0,1.0,1,1.0,1,1.0,1,0.14700376430935524,45
4855,0,6554,3582,2972,0,0,0,1.0,1,1.0,1,1.0,1,0.15614930060288781,44
4856,1,6555,3582,2973,0,0,0,1.0,1,1.0,1,1.0,1,0.14181924785367855,44
4857,1,6556,3582,2974,0,0,0,1.0,1,1.0,1,1.0,1,0.14003826436321512,44
4858,0,6556,3582,2974,0,0,0,1.0,1,1.0,1,1.0,1,0.14955328402953574,45
4859,1,6557,3582,2975,0,0,0,1.0,1,1.0,1,1.0,1,0.1450151827367332,46
4860,0,6557,3582,2975,0,0,0,1.0,1,1.0,1,1.0,1,0.1450151827367332,46
4861,0,6557,3582,2975,0,0,0,1.0,1,1.0,1,1.0,1,0.11855117027330793,46
4862,1,6558,3582,2976,0,0,0,1.0,1,1.0,1,1.0,1,0.10417483374390107,47
4863,2,6560,3583,2977,0,0,0,1.0,1,1.0,1,1.0,1,0.07032465497946713,47
4864,1,6561,3583,2978,0,0,0,1.0,1,1.0,1,1.0,1,0.05794061521566007,47
4865,0,6561,3583,2978,0,0,0,1.0,1,1.0,1,1.0,1,0.07281805349908983,48
4866,1,6562,3583,2979,0,0,0,1.0,1,1.0,1,1.0,1,0.059165332732722384,49
4867,0,6562,3583,2979,0,0,0,1.0,1,1.0,1,1.0,1,0.06382667883865696,50
4868,1,6563,3584,2979,0,0,0,1.0,1,1.0,1,1.0,1,0.06450767064974067,50
4869,0,6563,3584,2979,0,0,0,1.0,1,1.0,1,1.0,1,0.06450767064974067,50
4870,2,6565,3586,2979,0,0,0,1.0,1,1.0,1,1.0,1,0.0880487226944961,52
4871,1,6566,3586,2980,0,0,0,1.0,1,1.0,1,1.0,1,0.07609777614331019,52
4872,0,6566,3586,2980,0,0,0,1.0,1,1.0,1,1.0,1,0.05747683335151692,53
4873,2,6568,3588,2980,0,0,0,1.0,1,1.0,1,1.0,1,0.09509611829244162,55
4874,2,6570,3589,2981,0,0,0,1.0,1,1.0,1,1.0,1,0.08205430778941128,56
4875,1,6571,3590,2981,0,0,0,1.0,1,1.0,1,1.0,1,0.0914541642168352,55
4876,2,6573,3591,2982,0,0,0,1.0,1,1.0,1,1.0,1,0.09816975830766948,55
4877,5,6578,3594,2984,0,0,0,1.0,1,1.0,1,1.0,1,0.12849169818663356,54
4878,2,6580,3596,2984,0,0,0,1.0,1,1.0,1,1.0,1,0.1520361660519408,53
4879,2,6582,3597,2985,0,0,0,1.0,1,1.0,1,1.0,1,0.15787956322873062,54
4880,2,6584,3598,2986,0,0,0,1.0,1,1.0,1,1.0,1,0.16207047192691196,54
4881,4,6588,3599,2989,0,0,0,1.0,1,1.0,1,1.0,1,0.15012916588113268,53
4882,1,6589,3600,2989,0,0,0,1.0,1,1.0,1,1.0,1,0.15583416917230417,53
4883,0,6589,3600,2989,0,0,0,1.0,1,1.0,1,1.0,1,0.1562278709171014,53
4884,0,6589,3600,2989,0,0,0,1.0,1,1.0,1,1.0,1,0.14296402467061792,51
4885,0,6589,3600,2989,0,0,0,1.0,1,1.0,1,1.0,1,0.1341862247314446,50
4886,0,6589,3600,2989,0,0,0,1.0,1,1.0,1,1.0,1,0.1340039802520889,48
4887,0,6589,3600,2989,0,0,0,1.0,1,1.0,1,1.0,1,0.1340039802520889,48
4888,1,6590,3601,2989,0,0,0,1.0,1,1.0,1,1.0,1,0.15663628128530685,48
4889,1,6591,3601,2990,0,0,0,1.0,1,1.0,1,1.0,1,0.13280861515353745,48
4890,0,6591,3601,2990,0,0,0,1.0,1,1.0,1,1.0,1,0.13166678459062106,49
4891,2,6593,3602,2991,0,0,0,1.0,1,1.0,1,1.0,1,0.14846766803723319,50
4892,1,6594,3602,2992,0,0,0,1.0,1,1.0,1,1.0,1,0.13863291778457118,49
4893,1,6595,3602,2993,0,0,0,1.0,1,1.0,1,1.0,1,0.12947465820715623,50
4894,1,6596,3602,2994,0,0,0,1.0,1,1.0,1,1.0,1,0.10771998916527617,51
4895,0,6596,3602,2994,0,0,0,1.0,1,1.0,1,1.0,1,0.11766514369987234,52
4896,2,6598,3602,2996,0,0,0,1.0,1,1.0,1,1.0,1,0.09274856769667959,53
4897,0,6598,3602,2996,0,0,0,1.0,1,1.0,1,1.0,1,0.09274856769667959,53
4898,0,6598,3602,2996,0,0,0,1.0,1,1.0,1,1.0,1,0.09274856769667959,53
4899,2,6600,3603,2997,0,0,0,1.0,1,1.0,1,1.0,1,0.07847177474503565,55
4900,3,6603,3604,2999,0,0,0,1.0,1,1.0,1,1.0,1,0.08018398065594422,55
4901,0,6603,3604,2999,0,0,0,1.0,1,1.0,1,1.0,1,0.0937336286843342,56
4902,2,6605,3605,3000,0,0,0,1.0,1,1.0,1,1.0,1,0.12180159492396872,58
4903,2,6607,3606,3001,0,0,0,1.0,1,1.0,1,1.0,1,0.12900139356936446,58
4904,1,6608,3606,3002,0,0,0,1.0,1,1.0,1,1.0,1,0.11660141228397294,57
4905,1,6609,3607,3002,0,0,0,1.0,1,1.0,1,1.0,1,0.161394703195787,54
4906,3,6612,3607,3005,0,0,0,1.0,1,1.0,1,1.0,1,0.14937091526371502,55
4907,0,6612,3607,3005,0,0,0,1.0,1,1.0,1,1.0,1,0.1643252613971901,52
4908,1,6613,3608,3005,0,0,0,1.0,1,1.0,1,1.0,1,0.18535601040548894,53
4909,0,6613,3608,3005,0,0,0,1.0,1,1.0,1,1.0,1,0.19228769964313686,52
4910,3,6616,3610,3006,0,0,0,1.0,1,1.0,1,1.0,1,0.21488670732422455,53
4911,3,6619,3611,3008,0,0,0,1.0,1,1.0,1,1.0,1,0.18852158824360743,55
4912,2,6621,3612,3009,0,0,0,1.0,1,1.0,1,1.0,1,0.20738620590625656,54
4913,0,6621,3612,3009,0,0,0,1.0,1,1.0,1,1.0,1,0.19559345882261944,53
4914,2,6623,3613,3010,0,0,0,1.0,1,1.0,1,1.0,1,0.1679461406102399,53
4915,0,6623,3613,3010,0,0,0,1.0,1,1.0,1,1.0,1,0.16900552148611772,54
4916,3,6626,3613,3013,0,0,0,1.0,1,1.0,1,1.0,1,0.1301364615206852,52
4917,1,6627,3614,3013,0,0,0,1.0,1,1.0,1,1.0,1,0.13128453688869404,52
4918,1,6628,3614,3014,0,0,0,1.0,1,1.0,1,1.0,1,0.10814455182483108,51
4919,1,6629,3615,3014,0,0,0,1.0,1,1.0,1,1.0,1,0.13918680546494328,50
4920,1,6630,3615,3015,0,0,0,1.0,1,1.0,1,1.0,1,0.12845219424331517,51
4921,1,6631,3615,3016,0,0,0,1.0,1,1.0,1,1.0,1,0.10794837812291606,51
4922,2,6633,3616,3017,0,0,0,1.0,1,1.0,1,1.0,1,0.1356105182344159,53
4923,1,6634,3616,3018,0,0,0,1.0,1,1.0,1,1.0,1,0.12315565954848755,53
4924,0,6634,3616,3018,0,0,0,1.0,1,1.0,1,1.0,1,0.12413297564787032,55
4925,2,6636,3618,3018,0,0,0,1.0,1,1.0,1,1.0,1,0.09995429876465263,56
4926,0,6636,3618,3018,0,0,0,1.0,1,1.0,1,1.0,1,0.08488350352493983,55
4927,3,6639,3620,3019,0,0,0,1.0,1,1.0,1,1.0,1,0.08912635918937156,55
4928,0,6639,3620,3019,0,0,0,1.0,1,1.0,1,1.0,1,0.08912635918937156,55
4929,0,6639,3620,3019,0,0,0,1.0,1,1.0,1,1.0,1,0.0843183567546912,56
4930,1,6640,3620,3020,0,0,0,1.0,1,1.0,1,1.0,1,0.08063524822427588,58
4931,2,6642,3620,3022,0,0,0,1.0,1,1.0,1,1.0,1,0.06309907556938209,59
4932,0,6642,3620,3022,0,0,0,1.0,1,1.0,1,1.0,1,0.07753395246895146,60
4933,2,6644,3621,3023,0,0,0,1.0,1,1.0,1,1.0,1,0.09124991503751154,60
4934,1,6645,3622,3023,0,0,0,1.0,1,1.0,1,1.0,1,0.10947042470330108,60
4935,0,6645,3622,3023,0,0,0,1.0,1,1.0,1,1.0,1,0.10947042470330108,60
4936,2,6647,3623,3024,0,0,0,1.0,1,1.0,1,1.0,1,0.1293246015316374,61
4937,3,6650,3624,3026,0,0,0,1.0,1,1.0,1,1.0,1,0.1551206876194475,62
4938,1,6651,3624,3027,0,0,0,1.0,1,1.0,1,1.0,1,0.14690166980584124,62
4939,4,6655,3627,3028,0,0,0,1.0,1,1.0,1,1.0,1,0.13314849174919938,64
4940,1,6656,3627,3029,0,0,0,1.0,1,1.0,1,1.0,1,0.13169205652302876,67
4941,1,6657,3627,3030,0,0,0,1.0,1,1.0,1,1.0,1,0.13413746773422006,66
4942,2,6659,3627,3032,0,0,0,1.0,1,1.0,1,1.0,1,0.11568354133647356,67
4943,0,6659,3627,3032,0,0,0,1.0,1,1.0,1,1.0,1,0.13278556387459706,65
4944,0,6659,3627,3032,0,0,0,1.0,1,1.0,1,1.0,1,0.13278556387459706,65
4945,0,6659,3627,3032,0,0,0,1.0,1,1.0,1,1.0,1,0.15626289661287948,62
4946,3,6662,3627,3035,0,0,0,1.0,1,1.0,1,1.0,1,0.13826678393711161,61
4947,1,6663,3627,3036,0,0,0,1.0,1,1.0,1,1.0,1,0.15465156830877272,59
4948,1,6664,3628,3036,0,0,0,1.0,1,1.0,1,1.0,1,0.17980109217801776,59
4949,2,6666,3630,3036,0,0,0,1.0,1,1.0,1,1.0,1,0.17177790842356547,57
4950,4,6670,3633,3037,0,0,0,1.0,1,1.0,1,1.0,1,0.19247829796526653,58
4951,8,6678,3638,3040,0,0,0,1.0,1,1.0,1,1.0,1,0.17292373771063618,55
4952,1,6679,3639,3040,0,0,0,1.0,1,1.0,1,1.0,1,0.16743352085428134,53
4953,4,6683,3641,3042,0,0,0,1.0,1,1.0,1,1.0,1,0.1761388503280052,54
4954,0,6683,3641,3042,0,0,0,1.0,1,1.0,1,1.0,1,0.1548922988379914,52
4955,0,6683,3641,3042,0,0,0,1.0,1,1.0,1,1.0,1,0.16531206859585618,51
4956,3,6686,3641,3045,0,0,0,1.0,1,1.0,1,1.0,1,0.12047518579704364,47
4957,1,6687,3641,3046,0,0,0,1.0,1,1.0,1,1.0,1,0.11205446720632338,48
4958,0,6687,3641,3046,0,0,0,1.0,1,1.0,1,1.0,1,0.09940755342351135,47
4959,0,6687,3641,3046,0,0,0,1.0,1,1.0,1,1.0,1,0.09940755342351135,47
4960,0,6687,3641,3046,0,0,0,1.0,1,1.0,1,1.0,1,0.11375233825500639,48
4961,1,6688,3641,3047,0,0,0,1.0,1,1.0,1,1.0,1,0.09432073056691322,49
4962,2,6690,3643,3047,0,0,0,1.0,1,1.0,1,1.0,1,0.08670921577562558,49
4963,1,6691,3643,3048,0,0,0,1.0,1,1.0,1,1.0,1,0.08923613954252549,51
4964,1,6692,3644,3048,0,0,0,1.0,1,1.0,1,1.0,1,0.11422231363174523,51
4965,4,6696,3646,3050,0,0,0,1.0,1,1.0,1,1.0,1,0.1327990585856675,51
4966,3,6699,3647,3052,0,0,0,1.0,1,1.0,1,1.0,1,0.10979539306242907,51
4967,3,6702,3649,3053,0,0,0,1.0,1,1.0,1,1.0,1,0.14509452941758644,51
4968,2,6704,3650,3054,0,0,0,1.0,1,1.0,1,1.0,1,0.11629989280716013,52
4969,0,6704,3650,3054,0,0,0,1.0,1,1.0,1,1.0,1,0.1252973875187987,53
4970,1,6705,3651,3054,0,0,0,1.0,1,1.0,1,1.0,1,0.14399455158999588,54
4971,4,6709,3651,3058,0,0,0,1.0,1,1.0,1,1.0,1,0.1127216276770711,55
4972,3,6712,3653,3059,0,0,0,1.0,1,1.0,1,1.0,1,0.1170911446777647,56
4973,1,6713,3653,3060,0,0,0,1.0,1,1.0,1,1.0,1,0.08231291586407458,57
4974,0,6713,3653,3060,0,0,0,1.0,1,1.0,1,1.0,1,0.10811900536659297,56
4975,1,6714,3654,3060,0,0,0,1.0,1,1.0,1,1.0,1,0.13536893579653697,57
4976,2,6716,3655,3061,0,0,0,1.0,1,1.0,1,1.0,1,0.11872542782589673,57
4977,1,6717,3655,3062,0,0,0,1.0,1,1.0,1,1.0,1,0.10849777920380177,57
4978,1,6718,3656,3062,0,0,0,1.0,1,1.0,1,1.0,1,0.10846436940077592,58
4979,1,6719,3657,3062,0,0,0,1.0,1,1.0,1,1.0,1,0.11957933268644994,58
4980,1,6720,3658,3062,0,0,0,1.0,1,1.0,1,1.0,1,0.13804008957842256,59
4981,6,6726,3659,3067,0,0,0,1.0,1,1.0,1,1.0,1,0.10906035023238535,60
4982,0,6726,3659,3067,0,0,0,1.0,1,1.0,1,1.0,1,0.0965144664657593,61
4983,1,6727,3660,3067,0,0,0,1.0,1,1.0,1,1.0,1,0.0749940518977571,61
4984,0,6727,3660,3067,0,0,0,1.0,1,1.0,1,1.0,1,0.0998240792413509,59
4985,0,6727,3660,3067,0,0,0,1.0,1,1.0,1,1.0,1,0.1329763898741305,58
4986,3,6730,3660,3070,0,0,0,1.0,1,1.0,1,1.0,1,0.08536197895608617,59
4987,2,6732,3661,3071,0,0,0,1.0,1,1.0,1,1.0,1,0.1106001174530795,58
4988,1,6733,3661,3072,0,0,0,1.0,1,1.0,1,1.0,1,0.09989382995708303,57
4989,2,6735,3663,3072,0,0,0,1.0,1,1.0,1,1.0,1,0.14780226121699513,54
4990,1,6736,3664,3072,0,0,0,1.0,1,1.0,1,1.0,1,0.14496512282535606,53
4991,6,6742,3667,3075,0,0,0,1.0,1,1.0,1,1.0,1,0.1263448335164146,52
4992,2,6744,3668,3076,0,0,0,1.0,1,1.0,1,1.0,1,0.14138822820284266,48
4993,2,6746,3669,3077,0,0,0,1.0,1,1.0,1,1.0,1,0.14365667065356688,48
4994,1,6747,3670,3077,0,0,0,1.0,1,1.0,1,1.0,1,0.13220845553757787,45
4995,2,6749,3672,3077,0,0,0,1.0,1,1.0,1,1.0,1,0.17695165068730873,45
4996,4,6753,3673,3080,0,0,0,1.0,1,1.0,1,1.0,1,0.07147060917053918,45
4997,2,6755,3675,3080,0,0,0,1.0,1,1.0,1,1.0,1,0.12647382538499943,42
4998,2,6757,3676,3081,0,0,0,1.0,1,1.0,1,1.0,1,0.14007274704693337,44
4999,2,6759,3677,3082,0,0,0,1.0,1,1.0,1,1.0,1,0.16155584895740238,44
5000,1,6760,3678,3082,0,0,0,1.0,1,1.0,1,1.0,1,0.21085758745717492,42
5001,2,6762,3678,3084,0,0,0,1.0,1,1.0,1,1.0,1,0.17547776840432963,42
5002,1,6763,3679,3084,0,0,0,1.0,1,1.0,1,1.0,1,0.17929098533220247,41
5003,2,6765,3680,3085,0,0,0,1.0,1,1.0,1,1.0,1,0.2306908513779317,41
5004,0,6765,3680,3085,0,0,0,1.0,1,1.0,1,1.0,1,0.23818782954414422,41
5005,0,6765,3680,3085,0,0,0,1.0,1,1.0,1,1.0,1,0.23818782954414422,41
5006,0,6765,3680,3085,0,0,0,1.0,1,1.0,1,1.0,1,0.2245117971786109,42
5007,0,6765,3680,3085,0,0,0,1.0,1,1.0,1,1.0,1,0.21881086247165477,43
5008,0,6765,3680,3085,0,0,0,1.0,1,1.0,1,1.0,1,0.19780078875083187,46
5009,0,6765,3680,3085,0,0,0,1.0,1,1.0,1,1.0,1,0.19780078875083187,46
5010,1,6766,3680,3086,0,0,0,1.0,1,1.0,1,1.0,1,0.20276730386493932,46
5011,0,6766,3680,3086,0,0,0,1.0,1,1.0,1,1.0,1,0.19179829609346608,47
5012,0,6766,3680,3086,0,0,0,1.0,1,1.0,1,1.0,1,0.1929042747520659,48
5013,0,6766,3680,3086,0,0,0,1.0,1,1.0,1,1.0,1,0.1929042747520659,48
5014,0,6766,3680,3086,0,0,0,1.0,1,1.0,1,1.0,1,0.1855642910941162,49
5015,2,6768,3680,3088,0,0,0,1.0,1,1.0,1,1.0,1,0.15120945498850197,50
5016,1,6769,3681,3088,0,0,0,1.0,1,1.0,1,1.0,1,0.1905813750515018,51
5017,3,6772,3681,3091,0,0,0,1.0,1,1.0,1,1.0,1,0.14869029445131418,51
5018,0,6772,3681,3091,0,0,0,1.0,1,1.0,1,1.0,1,0.14869029445131418,51
5019,0,6772,3681,3091,0,0,0,1.0,1,1.0,1,1.0,1,0.1555623101217772,51
5020,0,6772,3681,3091,0,0,0,1.0,1,1.0,1,1.0,1,0.1555623101217772,51
5021,2,6774,3681,3093,0,0,0,1.0,1,1.0,1,1.0,1,0.13892004365733784,52
5022,1,6775,3682,3093,0,0,0,1.0,1,1.0,1,1.0,1,0.13653532399024487,52
5023,1,6776,3683,3093,0,0,0,1.0,1,1.0,1,1.0,1,0.14827845291615901,52
5024,0,6776,3683,3093,0,0,0,1.0,1,1.0,1,1.0,1,0.13381542108257516,51
5025,0,6776,3683,3093,0,0,0,1.0,1,1.0,1,1.0,1,0.1317613180680323,50
5026,3,6779,3684,3095,0,0,0,1.0,1,1.0,1,1.0,1,0.1687759874809975,49
5027,1,6780,3685,3095,0,0,0,1.0,1,1.0,1,1.0,1,0.17976339537330402,47
5028,1,6781,3686,3095,0,0,0,1.0,1,1.0,1,1.0,1,0.22197477455932774,47
5029,2,6783,3687,3096,0,0,0,1.0,1,1.0,1,1.0,1,0.16918265847736652,46
5030,1,6784,3688,3096,0,0,0,1.0,1,1.0,1,1.0,1,0.1559341323797669,48
5031,1,6785,3689,3096,0,0,0,1.0,1,1.0,1,1.0,1,0.16841389929196213,46
5032,0,6785,3689,3096,0,0,0,1.0,1,1.0,1,1.0,1,0.16841389929196213,46
5033,2,6787,3690,3097,0,0,0,1.0,1,1.0,1,1.0,1,0.17225383182609955,47
5034,0,6787,3690,3097,0,0,0,1.0,1,1.0,1,1.0,1,0.15572445480261582,48
5035,0,6787,3690,3097,0,0,0,1.0,1,1.0,1,1.0,1,0.1539702004769743,47
5036,0,6787,3690,3097,0,0,0,1.0,1,1.0,1,1.0,1,0.1539702004769743,47
5037,0,6787,3690,3097,0,0,0,1.0,1,1.0,1,1.0,1,0.1620993590028702,47
5038,0,6787,3690,3097,0,0,0,1.0,1,1.0,1,1.0,1,0.17225777229588132,48
5039,1,6788,3691,3097,0,0,0,1.0,1,1.0,1,1.0,1,0.22294411887800072,47
5040,0,6788,3691,3097,0,0,0,1.0,1,1.0,1,1.0,1,0.21550303133011764,48
5041,1,6789,3691,3098,0,0,0,1.0,1,1.0,1,1.0,1,0.19608851049586928,49
5042,0,6789,3691,3098,0,0,0,1.0,1,1.0,1,1.0,1,0.18428225722796263,50
5043,1,6790,3691,3099,0,0,0,1.0,1,1.0,1,1.0,1,0.14945490020901464,51
5044,0,6790,3691,3099,0,0,0,1.0,1,1.0,1,1.0,1,0.14945490020901464,51
5045,1,6791,3691,3100,0,0,0,1.0,1,1.0,1,1.0,1,0.13764218014223512,51
5046,2,6793,3692,3101,0,0,0,1.0,1,1.0,1,1.0,1,0.1414914419120692,52
5047,0,6793,3692,3101,0,0,0,1.0,1,1.0,1,1.0,1,0.13852286388502882,52
5048,1,6794,3692,3102,0,0,0,1.0,1,1.0,1,1.0,1,0.13036978115250036,52
5049,1,6795,3692,3103,0,0,0,1.0,1,1.0,1,1.0,1,0.14996580589796069,52
5050,1,6796,3692,3104,0,0,0,1.0,1,1.0,1,1.0,1,0.13319015694706848,55
5051,1,6797,3692,3105,0,0,0,1.0,1,1.0,1,1.0,1,0.14466952004503872,55
5052,0,6797,3692,3105,0,0,0,1.0,1,1.0,1,1.0,1,0.14466952004503872,55
5053,1,6798,3692,3106,0,0,0,1.0,1,1.0,1,1.0,1,0.14782001315184207,54
5054,2,6800,3693,3107,0,0,0,1.0,1,1.0,1,1.0,1,0.1413945730804686,54
5055,1,6801,3693,3108,0,0,0,1.0,1,1.0,1,1.0,1,0.13557185164016164,54
5056,2,6803,3693,3110,0,0,0,1.0,1,1.0,1,1.0,1,0.12287051534937392,55
5057,1,6804,3693,3111,0,0,0,1.0,1,1.0,1,1.0,1,0.12023438040781212,56
5058,4,6808,3695,3113,0,0,0,1.0,1,1.0,1,1.0,1,0.08314038863566219,58
5059,0,6808,3695,3113,0,0,0,1.0,1,1.0,1,1.0,1,0.08314038863566219,58
5060,4,6812,3698,3114,0,0,0,1.0,1,1.0,1,1.0,1,0.06671543071700992,59
5061,2,6814,3698,3116,0,0,0,1.0,1,1.0,1,1.0,1,0.03292834464656742,58
5062,1,6815,3699,3116,0,0,0,1.0,1,1.0,1,1.0,1,0.016255385398062122,58
5063,3,6818,3702,3116,0,0,0,1.0,1,1.0,1,1.0,1,0.07487631448415775,57
5064,2,6820,3703,3117,0,0,0,1.0,1,1.0,1,1.0,1,0.10428684502989849,57
5065,1,6821,3704,3117,0,0,0,1.0,1,1.0,1,1.0,1,0.14094645944705542,56
5066,4,6825,3706,3119,0,0,0,1.0,1,1.0,1,1.0,1,0.15756552612779298,55
5067,0,6825,3706,3119,0,0,0,1.0,1,1.0,1,1.0,1,0.14472252952462356,54
5068,2,6827,3707,3120,0,0,0,1.0,1,1.0,1,1.0,1,0.16216036113491084,54
5069,1,6828,3708,3120,0,0,0,1.0,1,1.0,1,1.0,1,0.1828308275975922,53
5070,2,6830,3709,3121,0,0,0,1.0,1,1.0,1,1.0,1,0.21333948278747258,53
5071,2,6832,3710,3122,0,0,0,1.0,1,1.0,1,1.0,1,0.18355762065499914,53
5072,2,6834,3710,3124,0,0,0,1.0,1,1.0,1,1.0,1,0.1499580556947023,53
5073,2,6836,3710,3126,0,0,0,1.0,1,1.0,1,1.0,1,0.12290424066402662,53
5074,0,6836,3710,3126,0,0,0,1.0,1,1.0,1,1.0,1,0.09984025874132246,52
5075,0,6836,3710,3126,0,0,0,1.0,1,1.0,1,1.0,1,0.09984025874132246,52
5076,1,6837,3710,3127,0,0,0,1.0,1,1.0,1,1.0,1,0.05907554056964293,55
5077,2,6839,3712,3127,0,0,0,1.0,1,1.0,1,1.0,1,0.10983909104582695,55
5078,0,6839,3712,3127,0,0,0,1.0,1,1.0,1,1.0,1,0.10983909104582695,55
5079,0,6839,3712,3127,0,0,0,1.0,1,1.0,1,1.0,1,0.12394363208283399,54
5080,1,6840,3713,3127,0,0,0,1.0,1,1.0,1,1.0,1,0.13787937000733405,55
5081,2,6842,3713,3129,0,0,0,1.0,1,1.0,1,1.0,1,0.13384214993746799,57
5082,0,6842,3713,3129,0,0,0,1.0,1,1.0,1,1.0,1,0.13384214993746799,57
5083,1,6843,3713,3130,0,0,0,1.0,1,1.0,1,1.0,1,0.11696007332504962,58
5084,1,6844,3713,3131,0,0,0,1.0,1,1.0,1,1.0,1,0.10757516329280044,58
5085,0,6844,3713,3131,0,0,0,1.0,1,1.0,1,1.0,1,0.1022929353492798,59
5086,2,6846,3715,3131,0,0,0,1.0,1,1.0,1,1.0,1,0.09429449466972643,60
5087,1,6847,3716,3131,0,0,0,1.0,1,1.0,1,1.0,1,0.11086128498835568,61
5088,3,6850,3718,3132,0,0,0,1.0,1,1.0,1,1.0,1,0.14287584059697483,62
5089,4,6854,3721,3133,0,0,0,1.0,1,1.0,1,1.0,1,0.13600911225568446,63
5090,1,6855,3721,3134,0,0,0,1.0,1,1.0,1,1.0,1,0.12812674931791868,63
5091,6,6861,3724,3137,0,0,0,1.0,1,1.0,1,1.0,1,0.13774408810560276,63
5092,1,6862,3724,3138,0,0,0,1.0,1,1.0,1,1.0,1,0.1249196336572222,63
5093,0,6862,3724,3138,0,0,0,1.0,1,1.0,1,1.0,1,0.1249196336572222,63
5094,1,6863,3725,3138,0,0,0,1.0,1,1.0,1,1.0,1,0.12364405543825052,64
5095,2,6865,3725,3140,0,0,0,1.0,1,1.0,1,1.0,1,0.09980638767778252,64
5096,3,6868,3725,3143,0,0,0,1.0,1,1.0,1,1.0,1,0.06654215839392118,67
5097,2,6870,3726,3144,0,0,0,1.0,1,1.0,1,1.0,1,0.0737207441828355,67
5098,1,6871,3727,3144,0,0,0,1.0,1,1.0,1,1.0,1,0.06952608689325632,68
5099,1,6872,3727,3145,0,0,0,1.0,1,1.0,1,1.0,1,0.06786822560676331,70
5100,1,6873,3727,3146,0,0,0,1.0,1,1.0,1,1.0,1,0.04468303741934489,71
5101,2,6875,3728,3147,0,0,0,1.0,1,1.0,1,1.0,1,0.043466875476615936,71
5102,1,6876,3729,3147,0,0,0,1.0,1,1.0,1,1.0,1,0.05757224695102824,70
5103,1,6877,3730,3147,0,0,0,1.0,1,1.0,1,1.0,1,0.059026389133778,67
5104,1,6878,3731,3147,0,0,0,1.0,1,1.0,1,1.0,1,0.08267797190221854,67
5105,3,6881,3734,3147,0,0,0,1.0,1,1.0,1,1.0,1,0.10574309810634427,63
5106,3,6884,3736,3148,0,0,0,1.0,1,1.0,1,1.0,1,0.12453769308009165,63
5107,3,6887,3739,3148,0,0,0,1.0,1,1.0,1,1.0,1,0.15853591727720315,60
5108,3,6890,3741,3149,0,0,0,1.0,1,1.0,1,1.0,1,0.17710092863906618,56
5109,2,6892,3742,3150,0,0,0,1.0,1,1.0,1,1.0,1,0.17432517243982296,56
5110,2,6894,3744,3150,0,0,0,1.0,1,1.0,1,1.0,1,0.19811802141412607,52
5111,5,6899,3748,3151,0,0,0,1.0,1,1.0,1,1.0,1,0.21511090498746935,51
5112,3,6902,3749,3153,0,0,0,1.0,1,1.0,1,1.0,1,0.2101202751308929,50
5113,5,6907,3751,3156,0,0,0,1.0,1,1.0,1,1.0,1,0.19903954919294312,48
5114,1,6908,3752,3156,0,0,0,1.0,1,1.0,1,1.0,1,0.19054124442694537,46
5115,0,6908,3752,3156,0,0,0,1.0,1,1.0,1,1.0,1,0.1686014656611951,44
5116,2,6910,3752,3158,0,0,0,1.0,1,1.0,1,1.0,1,0.12803182069182198,44
5117,2,6912,3752,3160,0,0,0,1.0,1,1.0,1,1.0,1,0.10157846822200511,46
5118,0,6912,3752,3160,0,0,0,1.0,1,1.0,1,1.0,1,0.10157846822200511,46
5119,1,6913,3753,3160,0,0,0,1.0,1,1.0,1,1.0,1,0.12440231413695045,46
5120,2,6915,3754,3161,0,0,0,1.0,1,1.0,1,1.0,1,0.14428324519680272,46
5121,3,6918,3755,3163,0,0,0,1.0,1,1.0,1,1.0,1,0.16972288831077426,46
5122,2,6920,3756,3164,0,0,0,1.0,1,1.0,1,1.0,1,0.183929234728318,46
5123,3,6923,3758,3165,0,0,0,1.0,1,1.0,1,1.0,1,0.16704262842855175,45
5124,2,6925,3759,3166,0,0,0,1.0,1,1.0,1,1.0,1,0.17917464561001692,47
5125,2,6927,3760,3167,0,0,0,1.0,1,1.0,1,1.0,1,0.1716212902231808,50
5126,5,6932,3760,3172,0,0,0,1.0,1,1.0,1,1.0,1,0.1076551187592765,50
5127,0,6932,3760,3172,0,0,0,1.0,1,1.0,1,1.0,1,0.11315195604961928,52
5128,0,6932,3760,3172,0,0,0,1.0,1,1.0,1,1.0,1,0.11569024624583701,53
5129,0,6932,3760,3172,0,0,0,1.0,1,1.0,1,1.0,1,0.11813342966482236,55
5130,0,6932,3760,3172,0,0,0,1.0,1,1.0,1,1.0,1,0.11813342966482236,55
5131,0,6932,3760,3172,0,0,0,1.0,1,1.0,1,1.0,1,0.13629218392146644,54
5132,1,6933,3760,3173,0,0,0,1.0,1,1.0,1,1.0,1,0.13576622439500866,54
5133,0,6933,3760,3173,0,0,0,1.0,1,1.0,1,1.0,1,0.13576622439500866,54
5134,0,6933,3760,3173,0,0,0,1.0,1,1.0,1,1.0,1,0.1506195249128335,53
5135,1,6934,3760,3174,0,0,0,1.0,1,1.0,1,1.0,1,0.15327850824582018,54
5136,4,6938,3760,3178,0,0,0,1.0,1,1.0,1,1.0,1,0.14848591925764054,54
5137,0,6938,3760,3178,0,0,0,1.0,1,1.0,1,1.0,1,0.14848591925764054,54
5138,2,6940,3761,3179,0,0,0,1.0,1,1.0,1,1.0,1,0.17691410441668315,54
5139,1,6941,3762,3179,0,0,0,1.0,1,1.0,1,1.0,1,0.15884089034273166,55
5140,4,6945,3765,3180,0,0,0,1.0,1,1.0,1,1.0,1,0.1642629875774197,55
5141,3,6948,3767,3181,0,0,0,1.0,1,1.0,1,1.0,1,0.1334642941564349,53
5142,0,6948,3767,3181,0,0,0,1.0,1,1.0,1,1.0,1,0.11797089124385743,54
5143,2,6950,3769,3181,0,0,0,1.0,1,1.0,1,1.0,1,0.1610958853523406,52
5144,0,6950,3769,3181,0,0,0,1.0,1,1.0,1,1.0,1,0.1346770800488533,50
5145,0,6950,3769,3181,0,0,0,1.0,1,1.0,1,1.0,1,0.14611231340589126,49
5146,2,6952,3769,3183,0,0,0,1.0,1,1.0,1,1.0,1,0.13061497086214874,49
5147,1,6953,3769,3184,0,0,0,1.0,1,1.0,1,1.0,1,0.12566279083139034,46
5148,0,6953,3769,3184,0,0,0,1.0,1,1.0,1,1.0,1,0.09624807212737455,46
5149,0,6953,3769,3184,0,0,0,1.0,1,1.0,1,1.0,1,0.1182455619193689,45
5150,2,6955,3771,3184,0,0,0,1.0,1,1.0,1,1.0,1,0.13432439380677055,47
5151,2,6957,3773,3184,0,0,0,1.0,1,1.0,1,1.0,1,0.16894226188407557,46
5152,4,6961,3775,3186,0,0,0,1.0,1,1.0,1,1.0,1,0.1883025639791023,46
5153,0,6961,3775,3186,0,0,0,1.0,1,1.0,1,1.0,1,0.1982060797474796,45
5154,1,6962,3776,3186,0,0,0,1.0,1,1.0,1,1.0,1,0.22822256145219794,47
5155,3,6965,3777,3188,0,0,0,1.0,1,1.0,1,1.0,1,0.2514948814960425,47
5156,4,6969,3777,3192,0,0,0,1.0,1,1.0,1,1.0,1,0.19257690001360828,47
5157,0,6969,3777,3192,0,0,0,1.0,1,1.0,1,1.0,1,0.20535175725311713,46
5158,0,6969,3777,3192,0,0,0,1.0,1,1.0,1,1.0,1,0.19804725983406693,47
5159,3,6972,3777,3195,0,0,0,1.0,1,1.0,1,1.0,1,0.17979338463878228,49
5160,0,6972,3777,3195,0,0,0,1.0,1,1.0,1,1.0,1,0.18794695572478887,48
5161,2,6974,3777,3197,0,0,0,1.0,1,1.0,1,1.0,1,0.1691804505502924,48
5162,1,6975,3777,3198,0,0,0,1.0,1,1.0,1,1.0,1,0.1494257061438541,49
5163,2,6977,3777,3200,0,0,0,1.0,1,1.0,1,1.0,1,0.13153016169694134,51
5164,1,6978,3777,3201,0,0,0,1.0,1,1.0,1,1.0,1,0.12442267818089685,51
5165,0,6978,3777,3201,0,0,0,1.0,1,1.0,1,1.0,1,0.1405854554187627,52
5166,5,6983,3779,3204,0,0,0,1.0,1,1.0,1,1.0,1,0.09746342550480101,52
5167,1,6984,3780,3204,0,0,0,1.0,1,1.0,1,1.0,1,0.10904214530338548,52
5168,0,6984,3780,3204,0,0,0,1.0,1,1.0,1,1.0,1,0.10904214530338548,52
5169,2,6986,3781,3205,0,0,0,1.0,1,1.0,1,1.0,1,0.10992149631205553,53
5170,0,6986,3781,3205,0,0,0,1.0,1,1.0,1,1.0,1,0.10992149631205553,53
5171,2,6988,3781,3207,0,0,0,1.0,1,1.0,1,1.0,1,0.08478678575036558,52
5172,1,6989,3782,3207,0,0,0,1.0,1,1.0,1,1.0,1,0.06892825513620389,53
5173,1,6990,3782,3208,0,0,0,1.0,1,1.0,1,1.0,1,0.07641348589095098,54
5174,2,6992,3782,3210,0,0,0,1.0,1,1.0,1,1.0,1,0.06733498873946944,56
5175,2,6994,3783,3211,0,0,0,1.0,1,1.0,1,1.0,1,0.04673616002979575,58
5176,1,6995,3784,3211,0,0,0,1.0,1,1.0,1,1.0,1,0.07332468850257734,58
5177,1,6996,3784,3212,0,0,0,1.0,1,1.0,1,1.0,1,0.0809709401017221,59
5178,3,6999,3786,3213,0,0,0,1.0,1,1.0,1,1.0,1,0.08259546511283797,57
5179,0,6999,3786,3213,0,0,0,1.0,1,1.0,1,1.0,1,0.09411647964150857,58
5180,0,6999,3786,3213,0,0,0,1.0,1,1.0,1,1.0,1,0.07264014299831534,56
5181,3,7002,3788,3214,0,0,0,1.0,1,1.0,1,1.0,1,0.09951643211694816,57
5182,0,7002,3788,3214,0,0,0,1.0,1,1.0,1,1.0,1,0.09096694259163647,56
5183,2,7004,3790,3214,0,0,0,1.0,1,1.0,1,1.0,1,0.14580731613950634,57
5184,0,7004,3790,3214,0,0,0,1.0,1,1.0,1,1.0,1,0.15087382541939776,56
5185,2,7006,3790,3216,0,0,0,1.0,1,1.0,1,1.0,1,0.16767716364510984,56
5186,3,7009,3791,3218,0,0,0,1.0,1,1.0,1,1.0,1,0.16013615653743132,54
5187,0,7009,3791,3218,0,0,0,1.0,1,1.0,1,1.0,1,0.15256621170058568,51
5188,0,7009,3791,3218,0,0,0,1.0,1,1.0,1,1.0,1,0.13777507146036636,50
5189,0,7009,3791,3218,0,0,0,1.0,1,1.0,1,1.0,1,0.15540934799430067,49
5190,1,7010,3792,3218,0,0,0,1.0,1,1.0,1,1.0,1,0.14110576101406322,50
5191,2,7012,3792,3220,0,0,0,1.0,1,1.0,1,1.0,1,0.11302493789513497,50
5192,2,7014,3794,3220,0,0,0,1.0,1,1.0,1,1.0,1,0.10975054490397139,49
5193,0,7014,3794,3220,0,0,0,1.0,1,1.0,1,1.0,1,0.125883732215145,50
5194,1,7015,3795,3220,0,0,0,1.0,1,1.0,1,1.0,1,0.15236194441383016,51
5195,1,7016,3796,3220,0,0,0,1.0,1,1.0,1,1.0,1,0.17390934611875417,51
5196,4,7020,3796,3224,0,0,0,1.0,1,1.0,1,1.0,1,0.12045645577598216,51
5197,0,7020,3796,3224,0,0,0,1.0,1,1.0,1,1.0,1,0.12045645577598216,51
5198,0,7020,3796,3224,0,0,0,1.0,1,1.0,1,1.0,1,0.12045645577598216,51
5199,0,7020,3796,3224,0,0,0,1.0,1,1.0,1,1.0,1,0.10149791670233256,54
5200,1,7021,3797,3224,0,0,0,1.0,1,1.0,1,1.0,1,0.1005141469791676,54
5201,2,7023,3799,3224,0,0,0,1.0,1,1.0,1,1.0,1,0.12340349323232404,55
5202,1,7024,3799,3225,0,0,0,1.0,1,1.0,1,1.0,1,0.12067193715334183,56
5203,0,7024,3799,3225,0,0,0,1.0,1,1.0,1,1.0,1,0.12067193715334183,56
5204,1,7025,3800,3225,0,0,0,1.0,1,1.0,1,1.0,1,0.11925883329826201,58
5205,1,7026,3800,3226,0,0,0,1.0,1,1.0,1,1.0,1,0.10513413384538985,58
5206,3,7029,3801,3228,0,0,0,1.0,1,1.0,1,1.0,1,0.08981691674350303,58
5207,0,7029,3801,3228,0,0,0,1.0,1,1.0,1,1.0,1,0.09836657347124592,59
5208,1,7030,3802,3228,0,0,0,1.0,1,1.0,1,1.0,1,0.10552629968848348,58
5209,0,7030,3802,3228,0,0,0,1.0,1,1.0,1,1.0,1,0.10552629968848348,58
5210,0,7030,3802,3228,0,0,0,1.0,1,1.0,1,1.0,1,0.10785028469481205,57
5211,2,7032,3802,3230,0,0,0,1.0,1,1.0,1,1.0,1,0.08544635321717084,57
5212,2,7034,3802,3232,0,0,0,1.0,1,1.0,1,1.0,1,0.07150655660911695,59
5213,3,7037,3804,3233,0,0,0,1.0,1,1.0,1,1.0,1,0.1147545360364592,59
5214,2,7039,3805,3234,0,0,0,1.0,1,1.0,1,1.0,1,0.16212568079644935,59
5215,2,7041,3806,3235,0,0,0,1.0,1,1.0,1,1.0,1,0.1935018533889041,58
5216,6,7047,3807,3240,0,0,0,1.0,1,1.0,1,1.0,1,0.1471772314888345,59
5217,2,7049,3808,3241,0,0,0,1.0,1,1.0,1,1.0,1,0.13447284470677973,58
5218,1,7050,3809,3241,0,0,0,1.0,1,1.0,1,1.0,1,0.16835206147923595,58
5219,2,7052,3810,3242,0,0,0,1.0,1,1.0,1,1.0,1,0.1599413334262079,57
5220,0,7052,3810,3242,0,0,0,1.0,1,1.0,1,1.0,1,0.14797204909497538,56
5221,3,7055,3810,3245,0,0,0,1.0,1,1.0,1,1.0,1,0.12756585605901272,58
5222,0,7055,3810,3245,0,0,0,1.0,1,1.0,1,1.0,1,0.11085679883844671,56
5223,3,7058,3812,3246,0,0,0,1.0,1,1.0,1,1.0,1,0.15725568190156347,55
5224,0,7058,3812,3246,0,0,0,1.0,1,1.0,1,1.0,1,0.16325467068760077,56
5225,1,7059,3813,3246,0,0,0,1.0,1,1.0,1,1.0,1,0.20199927645737747,55
5226,2,7061,3813,3248,0,0,0,1.0,1,1.0,1,1.0,1,0.18724316865862217,55
5227,1,7062,3813,3249,0,0,0,1.0,1,1.0,1,1.0,1,0.17059660346546635,53
5228,1,7063,3813,3250,0,0,0,1.0,1,1.0,1,1.0,1,0.1559583754617055,51
5229,0,7063,3813,3250,0,0,0,1.0,1,1.0,1,1.0,1,0.13480333102038375,51
5230,0,7063,3813,3250,0,0,0,1.0,1,1.0,1,1.0,1,0.13636172026972523,51
5231,1,7064,3814,3250,0,0,0,1.0,1,1.0,1,1.0,1,0.16806856407662754,52
5232,1,7065,3815,3250,0,0,0,1.0,1,1.0,1,1.0,1,0.20797944727324622,52
5233,2,7067,3816,3251,0,0,0,1.0,1,1.0,1,1.0,1,0.20120302741914642,53
5234,3,7070,3817,3253,0,0,0,1.0,1,1.0,1,1.0,1,0.20696963007012234,53
5235,1,7071,3818,3253,0,0,0,1.0,1,1.0,1,1.0,1,0.19975319467661784,53
5236,3,7074,3818,3256,0,0,0,1.0,1,1.0,1,1.0,1,0.1846640229917355,52
5237,1,7075,3818,3257,0,0,0,1.0,1,1.0,1,1.0,1,0.19672427920153165,52
5238,1,7076,3818,3258,0,0,0,1.0,1,1.0,1,1.0,1,0.186787297885157,52
5239,0,7076,3818,3258,0,0,0,1.0,1,1.0,1,1.0,1,0.20150261501183672,51
5240,1,7077,3818,3259,0,0,0,1.0,1,1.0,1,1.0,1,0.19870579746483036,53
5241,3,7080,3819,3261,0,0,0,1.0,1,1.0,1,1.0,1,0.18078481451527023,53
5242,2,7082,3820,3262,0,0,0,1.0,1,1.0,1,1.0,1,0.16963738519402308,51
5243,3,7085,3821,3264,0,0,0,1.0,1,1.0,1,1.0,1,0.1768190051702799,51
5244,1,7086,3822,3264,0,0,0,1.0,1,1.0,1,1.0,1,0.1787198324124374,52
5245,2,7088,3824,3264,0,0,0,1.0,1,1.0,1,1.0,1,0.18017901194833608,53
5246,3,7091,3825,3266,0,0,0,1.0,1,1.0,1,1.0,1,0.1483515288838538,53
5247,2,7093,3826,3267,0,0,0,1.0,1,1.0,1,1.0,1,0.13071319677840612,54
5248,1,7094,3826,3268,0,0,0,1.0,1,1.0,1,1.0,1,0.11455440949221524,54
5249,0,7094,3826,3268,0,0,0,1.0,1,1.0,1,1.0,1,0.097619474346371,55
5250,0,7094,3826,3268,0,0,0,1.0,1,1.0,1,1.0,1,0.11575073600118695,57
5251,2,7096,3826,3270,0,0,0,1.0,1,1.0,1,1.0,1,0.08037894958449314,58
5252,2,7098,3828,3270,0,0,0,1.0,1,1.0,1,1.0,1,0.09355615645293772,58
5253,2,7100,3830,3270,0,0,0,1.0,1,1.0,1,1.0,1,0.14633912648574443,58
5254,2,7102,3831,3271,0,0,0,1.0,1,1.0,1,1.0,1,0.16456668564388763,59
5255,3,7105,3833,3272,0,0,0,1.0,1,1.0,1,1.0,1,0.16500012471449882,58
5256,1,7106,3833,3273,0,0,0,1.0,1,1.0,1,1.0,1,0.16422575161887706,58
5257,1,7107,3834,3273,0,0,0,1.0,1,1.0,1,1.0,1,0.1811647711825117,57
5258,1,7108,3834,3274,0,0,0,1.0,1,1.0,1,1.0,1,0.1485241875358161,55
5259,0,7108,3834,3274,0,0,0,1.0,1,1.0,1,1.0,1,0.14371277258572399,56
5260,0,7108,3834,3274,0,0,0,1.0,1,1.0,1,1.0,1,0.1420223158367872,55
5261,1,7109,3834,3275,0,0,0,1.0,1,1.0,1,1.0,1,0.11759543503107404,54
5262,1,7110,3835,3275,0,0,0,1.0,1,1.0,1,1.0,1,0.1407906976803865,54
5263,0,7110,3835,3275,0,0,0,1.0,1,1.0,1,1.0,1,0.15492340668369642,55
5264,3,7113,3837,3276,0,0,0,1.0,1,1.0,1,1.0,1,0.14431238741492616,53
5265,2,7115,3839,3276,0,0,0,1.0,1,1.0,1,1.0,1,0.14116918750707974,52
5266,1,7116,3839,3277,0,0,0,1.0,1,1.0,1,1.0,1,0.1465105534370892,49
5267,4,7120,3840,3280,0,0,0,1.0,1,1.0,1,1.0,1,0.13878541298954014,49
5268,0,7120,3840,3280,0,0,0,1.0,1,1.0,1,1.0,1,0.1617003544862663,46
5269,1,7121,3841,3280,0,0,0,1.0,1,1.0,1,1.0,1,0.16374378034794212,45
5270,1,7122,3842,3280,0,0,0,1.0,1,1.0,1,1.0,1,0.165453018330368,46
5271,8,7130,3845,3285,0,0,0,1.0,1,1.0,1,1.0,1,0.1256885013307508,46
5272,1,7131,3845,3286,0,0,0,1.0,1,1.0,1,1.0,1,0.11938709935032149,45
5273,0,7131,3845,3286,0,0,0,1.0,1,1.0,1,1.0,1,0.12925459300965886,45
5274,0,7131,3845,3286,0,0,0,1.0,1,1.0,1,1.0,1,0.14803634766999435,45
5275,4,7135,3848,3287,0,0,0,1.0,1,1.0,1,1.0,1,0.16540259342966612,46
5276,7,7142,3851,3291,0,0,0,1.0,1,1.0,1,1.0,1,0.15745370653711893,45
5277,2,7144,3851,3293,0,0,0,1.0,1,1.0,1,1.0,1,0.138717080620044,45
5278,2,7146,3853,3293,0,0,0,1.0,1,1.0,1,1.0,1,0.17246957228399956,44
5279,1,7147,3854,3293,0,0,0,1.0,1,1.0,1,1.0,1,0.20152133229959912,45
5280,1,7148,3855,3293,0,0,0,1.0,1,1.0,1,1.0,1,0.19939626315836725,46
5281,1,7149,3855,3294,0,0,0,1.0,1,1.0,1,1.0,1,0.1827327067171252,46
5282,2,7151,3856,3295,0,0,0,1.0,1,1.0,1,1.0,1,0.1975479318120183,47
5283,0,7151,3856,3295,0,0,0,1.0,1,1.0,1,1.0,1,0.20934678781276883,48
5284,1,7152,3856,3296,0,0,0,1.0,1,1.0,1,1.0,1,0.1990391173799684,48
5285,0,7152,3856,3296,0,0,0,1.0,1,1.0,1,1.0,1,0.1762061464063716,48
5286,3,7155,3856,3299,0,0,0,1.0,1,1.0,1,1.0,1,0.15298131338546742,50
5287,0,7155,3856,3299,0,0,0,1.0,1,1.0,1,1.0,1,0.15298131338546742,50
5288,0,7155,3856,3299,0,0,0,1.0,1,1.0,1,1.0,1,0.14570793802146093,51
5289,0,7155,3856,3299,0,0,0,1.0,1,1.0,1,1.0,1,0.14570793802146093,51
5290,2,7157,3856,3301,0,0,0,1.0,1,1.0,1,1.0,1,0.09926258381301273,52
5291,2,7159,3857,3302,0,0,0,1.0,1,1.0,1,1.0,1,0.13147302180018536,52
5292,0,7159,3857,3302,0,0,0,1.0,1,1.0,1,1.0,1,0.14067155103209705,53
5293,1,7160,3858,3302,0,0,0,1.0,1,1.0,1,1.0,1,0.16111909684446157,51
5294,0,7160,3858,3302,0,0,0,1.0,1,1.0,1,1.0,1,0.14780631408650607,50
5295,1,7161,3858,3303,0,0,0,1.0,1,1.0,1,1.0,1,0.15149035641548764,49
5296,0,7161,3858,3303,0,0,0,1.0,1,1.0,1,1.0,1,0.15729808533142753,48
5297,0,7161,3858,3303,0,0,0,1.0,1,1.0,1,1.0,1,0.18309572478764932,46
5298,0,7161,3858,3303,0,0,0,1.0,1,1.0,1,1.0,1,0.1838097997294511,46
5299,1,7162,3859,3303,0,0,0,1.0,1,1.0,1,1.0,1,0.22451047216862363,47
5300,0,7162,3859,3303,0,0,0,1.0,1,1.0,1,1.0,1,0.20205607256231378,48
5301,0,7162,3859,3303,0,0,0,1.0,1,1.0,1,1.0,1,0.20205607256231378,48
5302,1,7163,3860,3303,0,0,0,1.0,1,1.0,1,1.0,1,0.2144540832982794,49
5303,0,7163,3860,3303,0,0,0,1.0,1,1.0,1,1.0,1,0.20969497469880158,48
5304,0,7163,3860,3303,0,0,0,1.0,1,1.0,1,1.0,1,0.20294396320397867,48
5305,0,7163,3860,3303,0,0,0,1.0,1,1.0,1,1.0,1,0.21035294624732648,47
5306,2,7165,3862,3303,0,0,0,1.0,1,1.0,1,1.0,1,0.2126511403115539,48
5307,1,7166,3863,3303,0,0,0,1.0,1,1.0,1,1.0,1,0.22570059890342348,48
5308,1,7167,3863,3304,0,0,0,1.0,1,1.0,1,1.0,1,0.20540879096304315,47
5309,0,7167,3863,3304,0,0,0,1.0,1,1.0,1,1.0,1,0.22075295893742736,46
5310,1,7168,3863,3305,0,0,0,1.0,1,1.0,1,1.0,1,0.2116612872779237,46
5311,2,7170,3864,3306,0,0,0,1.0,1,1.0,1,1.0,1,0.17464271931947392,46
5312,1,7171,3864,3307,0,0,0,1.0,1,1.0,1,1.0,1,0.1792773942958657,46
5313,2,7173,3864,3309,0,0,0,1.0,1,1.0,1,1.0,1,0.1730309052685108,46
5314,0,7173,3864,3309,0,0,0,1.0,1,1.0,1,1.0,1,0.1730309052685108,46
5315,2,7175,3864,3311,0,0,0,1.0,1,1.0,1,1.0,1,0.1453352236079394,47
5316,4,7179,3864,3315,0,0,0,1.0,1,1.0,1,1.0,1,0.12012047816855001,48
5317,0,7179,3864,3315,0,0,0,1.0,1,1.0,1,1.0,1,0.11187957250558672,49
5318,4,7183,3868,3315,0,0,0,1.0,1,1.0,1,1.0,1,0.10914878719153667,49
5319,2,7185,3869,3316,0,0,0,1.0,1,1.0,1,1.0,1,0.12028488741084743,50
5320,2,7187,3870,3317,0,0,0,1.0,1,1.0,1,1.0,1,0.11651649556330754,51
5321,1,7188,3870,3318,0,0,0,1.0,1,1.0,1,1.0,1,0.08433078998373666,52
5322,1,7189,3870,3319,0,0,0,1.0,1,1.0,1,1.0,1,0.07465551549585484,53
5323,1,7190,3871,3319,0,0,0,1.0,1,1.0,1,1.0,1,0.050038468745022956,53
5324,1,7191,3871,3320,0,0,0,1.0,1,1.0,1,1.0,1,0.028699314085398633,55
5325,1,7192,3872,3320,0,0,0,1.0,1,1.0,1,1.0,1,0.04494423427240637,55
5326,2,7194,3874,3320,0,0,0,1.0,1,1.0,1,1.0,1,0.04495240147143112,55
5327,2,7196,3875,3321,0,0,0,1.0,1,1.0,1,1.0,1,0.04684467184831029,56
5328,2,7198,3876,3322,0,0,0,1.0,1,1.0,1,1.0,1,0.049426472196996786,57
5329,2,7200,3877,3323,0,0,0,1.0,1,1.0,1,1.0,1,0.05104626881254219,57
5330,1,7201,3878,3323,0,0,0,1.0,1,1.0,1,1.0,1,0.07484381500734956,56
5331,2,7203,3879,3324,0,0,0,1.0,1,1.0,1,1.0,1,0.060389981140113444,57
5332,0,7203,3879,3324,0,0,0,1.0,1,1.0,1,1.0,1,0.06345264011381845,58
5333,1,7204,3880,3324,0,0,0,1.0,1,1.0,1,1.0,1,0.07244858522659442,59
5334,1,7205,3881,3324,0,0,0,1.0,1,1.0,1,1.0,1,0.08582914276436776,59
5335,0,7205,3881,3324,0,0,0,1.0,1,1.0,1,1.0,1,0.07530329215424246,58
5336,2,7207,3882,3325,0,0,0,1.0,1,1.0,1,1.0,1,0.07132538759976319,59
5337,0,7207,3882,3325,0,0,0,1.0,1,1.0,1,1.0,1,0.0661966378885611,60
5338,2,7209,3884,3325,0,0,0,1.0,1,1.0,1,1.0,1,0.09023896683650262,60
5339,0,7209,3884,3325,0,0,0,1.0,1,1.0,1,1.0,1,0.09023896683650262,60
5340,2,7211,3886,3325,0,0,0,1.0,1,1.0,1,1.0,1,0.12766679559919056,60
5341,3,7214,3887,3327,0,0,0,1.0,1,1.0,1,1.0,1,0.1355624504956713,61
5342,1,7215,3888,3327,0,0,0,1.0,1,1.0,1,1.0,1,0.11075314406664408,59
5343,2,7217,3890,3327,0,0,0,1.0,1,1.0,1,1.0,1,0.13446432655252077,58
5344,0,7217,3890,3327,0,0,0,1.0,1,1.0,1,1.0,1,0.12764602285867757,58
5345,3,7220,3893,3327,0,0,0,1.0,1,1.0,1,1.0,1,0.12130725378928955,54
5346,1,7221,3893,3328,0,0,0,1.0,1,1.0,1,1.0,1,0.11515369473514804,54
5347,4,7225,3897,3328,0,0,0,1.0,1,1.0,1,1.0,1,0.12843150255748229,54
5348,2,7227,3897,3330,0,0,0,1.0,1,1.0,1,1.0,1,0.12279476240900758,55
5349,2,7229,3898,3331,0,0,0,1.0,1,1.0,1,1.0,1,0.14828288395154263,56
5350,1,7230,3899,3331,0,0,0,1.0,1,1.0,1,1.0,1,0.16859958197696062,56
5351,4,7234,3899,3335,0,0,0,1.0,1,1.0,1,1.0,1,0.09325661849629935,57
5352,1,7235,3900,3335,0,0,0,1.0,1,1.0,1,1.0,1,0.11710268883134803,57
5353,4,7239,3901,3338,0,0,0,1.0,1,1.0,1,1.0,1,0.09589824539062936,57
5354,0,7239,3901,3338,0,0,0,1.0,1,1.0,1,1.0,1,0.11336163867158004,56
5355,0,7239,3901,3338,0,0,0,1.0,1,1.0,1,1.0,1,0.09608262172650694,57
5356,1,7240,3901,3339,0,0,0,1.0,1,1.0,1,1.0,1,0.09000776385641888,56
5357,1,7241,3901,3340,0,0,0,1.0,1,1.0,1,1.0,1,0.09691917717821442,56
5358,2,7243,3903,3340,0,0,0,1.0,1,1.0,1,1.0,1,0.09775053181001524,57
5359,1,7244,3904,3340,0,0,0,1.0,1,1.0,1,1.0,1,0.10866957076023653,57
5360,0,7244,3904,3340,0,0,0,1.0,1,1.0,1,1.0,1,0.12506699930759366,55
5361,5,7249,3907,3342,0,0,0,1.0,1,1.0,1,1.0,1,0.15768330713753018,56
5362,0,7249,3907,3342,0,0,0,1.0,1,1.0,1,1.0,1,0.1443280871096075,57
5363,1,7250,3908,3342,0,0,0,1.0,1,1.0,1,1.0,1,0.16722835272276346,57
5364,1,7251,3908,3343,0,0,0,1.0,1,1.0,1,1.0,1,0.15373086865009924,58
5365,0,7251,3908,3343,0,0,0,1.0,1,1.0,1,1.0,1,0.13770359125469023,59
5366,1,7252,3909,3343,0,0,0,1.0,1,1.0,1,1.0,1,0.15425227389601154,60
5367,2,7254,3910,3344,0,0,0,1.0,1,1.0,1,1.0,1,0.16788853464580325,60
5368,0,7254,3910,3344,0,0,0,1.0,1,1.0,1,1.0,1,0.16184766448158497,58
5369,2,7256,3912,3344,0,0,0,1.0,1,1.0,1,1.0,1,0.17056501915959366,58
5370,0,7256,3912,3344,0,0,0,1.0,1,1.0,1,1.0,1,0.16490909438024995,57
5371,3,7259,3915,3344,0,0,0,1.0,1,1.0,1,1.0,1,0.2225607055516338,56
5372,1,7260,3916,3344,0,0,0,1.0,1,1.0,1,1.0,1,0.19571116409888667,55
5373,6,7266,3920,3346,0,0,0,1.0,1,1.0,1,1.0,1,0.22116790879619083,54
5374,1,7267,3921,3346,0,0,0,1.0,1,1.0,1,1.0,1,0.21079671577592066,53
5375,4,7271,3923,3348,0,0,0,1.0,1,1.0,1,1.0,1,0.18423004122282452,52
5376,3,7274,3925,3349,0,0,0,1.0,1,1.0,1,1.0,1,0.19674471409642733,52
5377,3,7277,3926,3351,0,0,0,1.0,1,1.0,1,1.0,1,0.15388699437731262,51
5378,3,7280,3928,3352,0,0,0,1.0,1,1.0,1,1.0,1,0.20817386069026425,52
5379,0,7280,3928,3352,0,0,0,1.0,1,1.0,1,1.0,1,0.18846011164674567,50
5380,1,7281,3929,3352,0,0,0,1.0,1,1.0,1,1.0,1,0.223349195409385,51
5381,3,7284,3930,3354,0,0,0,1.0,1,1.0,1,1.0,1,0.2011974404882641,50
5382,0,7284,3930,3354,0,0,0,1.0,1,1.0,1,1.0,1,0.20971922948909028,48
5383,0,7284,3930,3354,0,0,0,1.0,1,1.0,1,1.0,1,0.2102797209673967,48
5384,3,7287,3931,3356,0,0,0,1.0,1,1.0,1,1.0,1,0.17674141988942693,48
5385,0,7287,3931,3356,0,0,0,1.0,1,1.0,1,1.0,1,0.18471405970058938,47
5386,5,7292,3935,3357,0,0,0,1.0,1,1.0,1,1.0,1,0.19129614276373302,48
5387,3,7295,3936,3359,0,0,0,1.0,1,1.0,1,1.0,1,0.17177265506719522,48
5388,0,7295,3936,3359,0,0,0,1.0,1,1.0,1,1.0,1,0.17177265506719522,48
5389,2,7297,3937,3360,0,0,0,1.0,1,1.0,1,1.0,1,0.13376484982820971,50
5390,1,7298,3938,3360,0,0,0,1.0,1,1.0,1,1.0,1,0.14834531404865217,52
5391,2,7300,3938,3362,0,0,0,1.0,1,1.0,1,1.0,1,0.10923523064557165,52
5392,0,7300,3938,3362,0,0,0,1.0,1,1.0,1,1.0,1,0.12720076350766427,51
5393,1,7301,3939,3362,0,0,0,1.0,1,1.0,1,1.0,1,0.13802020829695683,50
5394,0,7301,3939,3362,0,0,0,1.0,1,1.0,1,1.0,1,0.13577831361312978,50
5395,2,7303,3940,3363,0,0,0,1.0,1,1.0,1,1.0,1,0.1506446889460988,49
5396,1,7304,3940,3364,0,0,0,1.0,1,1.0,1,1.0,1,0.14782693889310006,48
5397,4,7308,3941,3367,0,0,0,1.0,1,1.0,1,1.0,1,0.09434315887288376,48
5398,1,7309,3942,3367,0,0,0,1.0,1,1.0,1,1.0,1,0.13788492799417468,46
5399,3,7312,3945,3367,0,0,0,1.0,1,1.0,1,1.0,1,0.1527785252293618,46
5400,2,7314,3947,3367,0,0,0,1.0,1,1.0,1,1.0,1,0.17422185084350025,48
5401,3,7317,3947,3370,0,0,0,1.0,1,1.0,1,1.0,1,0.0903602613722327,49
5402,0,7317,3947,3370,0,0,0,1.0,1,1.0,1,1.0,1,0.0,0
