,SuccessfulHandoverCount,TotalSuccessfulHandoverCount,TotalSuccessfulHandoverCountRange,TotalSuccessfulHandoverCountLoadBalancing,TotalSuccessfulHandoverCountOverload,FailedHandoverCount,TotalFailedHandoverCount,AvgQoS,MinQoS,AvgQoS_LoadBased,MinQoS_LoadBased,AvgQoS_RangeBased,MinQoS_RangeBased,GiniLoad,VehicleCount
0,0,0,0,0,0,0,0,1.0,1,1.0,1,1.0,1,0.0,0
1,11,11,0,11,0,0,0,1.0,1,1.0,1,1.0,1,0.2655473127736556,26
2,9,20,0,20,0,0,0,1.0,1,1.0,1,1.0,1,0.16272431613789476,27
3,4,24,0,24,0,0,0,1.0,1,1.0,1,1.0,1,0.20302059887784218,28
4,4,28,0,28,0,0,0,1.0,1,1.0,1,1.0,1,0.17522496120144904,29
5,4,32,0,32,0,0,0,1.0,1,1.0,1,1.0,1,0.18433204641349135,29
6,5,37,0,37,0,0,0,1.0,1,1.0,1,1.0,1,0.2300090305542564,32
7,9,46,0,46,0,0,0,1.0,1,1.0,1,1.0,1,0.24131979466071568,33
8,18,64,0,64,0,0,0,1.0,1,1.0,1,1.0,1,0.1870938481166688,35
9,11,75,0,75,0,0,0,1.0,1,1.0,1,1.0,1,0.18527939352749823,35
10,7,82,0,82,0,0,0,1.0,1,1.0,1,1.0,1,0.12050130628419259,35
11,0,82,0,82,0,0,0,1.0,1,1.0,1,1.0,1,0.11685467064983683,35
12,0,82,0,82,0,0,0,1.0,1,1.0,1,1.0,1,0.11784157030180559,34
13,0,82,0,82,0,0,0,1.0,1,1.0,1,1.0,1,0.17867361866681927,32
14,4,86,4,82,0,0,0,1.0,1,1.0,1,1.0,1,0.23620482680391308,31
15,1,87,5,82,0,0,0,1.0,1,1.0,1,1.0,1,0.22466653041421475,30
16,0,87,5,82,0,0,0,1.0,1,1.0,1,1.0,1,0.26806688613062646,30
17,0,87,5,82,0,0,0,1.0,1,1.0,1,1.0,1,0.29139973270971437,29
18,1,88,6,82,0,0,0,1.0,1,1.0,1,1.0,1,0.3194686144656071,29
19,0,88,6,82,0,0,0,1.0,1,1.0,1,1.0,1,0.3176818965281915,28
20,0,88,6,82,0,0,0,1.0,1,1.0,1,1.0,1,0.34179853166415,28
21,4,92,7,85,0,0,0,1.0,1,1.0,1,1.0,1,0.28666130630850134,28
22,2,94,9,85,0,0,0,1.0,1,1.0,1,1.0,1,0.3115043947619794,28
23,2,96,10,86,0,0,0,1.0,1,1.0,1,1.0,1,0.2583928003568914,27
24,2,98,12,86,0,0,0,1.0,1,1.0,1,1.0,1,0.3172265074552271,28
25,3,101,15,86,0,0,0,1.0,1,1.0,1,1.0,1,0.2552077959982196,28
26,4,105,17,88,0,0,0,1.0,1,1.0,1,1.0,1,0.21006032095683197,30
27,2,107,18,89,0,0,0,1.0,1,1.0,1,1.0,1,0.17179465340430602,30
28,3,110,19,91,0,0,0,1.0,1,1.0,1,1.0,1,0.17479922578805315,31
29,0,110,19,91,0,0,0,1.0,1,1.0,1,1.0,1,0.1747242114451674,30
30,1,111,20,91,0,0,0,1.0,1,1.0,1,1.0,1,0.17602447606448904,30
31,0,111,20,91,0,0,0,1.0,1,1.0,1,1.0,1,0.18220545622318868,31
32,2,113,21,92,0,0,0,1.0,1,1.0,1,1.0,1,0.2081805532669869,31
33,2,115,23,92,0,0,0,1.0,1,1.0,1,1.0,1,0.2939021940066559,31
34,1,116,24,92,0,0,0,1.0,1,1.0,1,1.0,1,0.29314231466868207,29
35,0,116,24,92,0,0,0,1.0,1,1.0,1,1.0,1,0.29117483383247605,30
36,0,116,24,92,0,0,0,1.0,1,1.0,1,1.0,1,0.28811049207293427,30
37,2,118,24,94,0,0,0,1.0,1,1.0,1,1.0,1,0.2770624486215068,31
38,1,119,24,95,0,0,0,1.0,1,1.0,1,1.0,1,0.27695787882582545,32
39,1,120,24,96,0,0,0,1.0,1,1.0,1,1.0,1,0.26009304495997154,36
40,1,121,24,97,0,0,0,1.0,1,1.0,1,1.0,1,0.25992246535536456,37
41,4,125,24,101,0,0,0,1.0,1,1.0,1,1.0,1,0.14532710391428216,37
42,0,125,24,101,0,0,0,1.0,1,1.0,1,1.0,1,0.1657197799765258,38
43,2,127,26,101,0,0,0,1.0,1,1.0,1,1.0,1,0.21457658441342248,40
44,1,128,26,102,0,0,0,1.0,1,1.0,1,1.0,1,0.2323087545203952,39
45,2,130,27,103,0,0,0,1.0,1,1.0,1,1.0,1,0.25349247065070535,40
46,0,130,27,103,0,0,0,1.0,1,1.0,1,1.0,1,0.24116069362643758,39
47,1,131,28,103,0,0,0,1.0,1,1.0,1,1.0,1,0.25457144240578716,39
48,0,131,28,103,0,0,0,1.0,1,1.0,1,1.0,1,0.25457144240578716,39
49,0,131,28,103,0,0,0,1.0,1,1.0,1,1.0,1,0.25301975939642735,37
50,1,132,29,103,0,0,0,1.0,1,1.0,1,1.0,1,0.27348271637971566,35
51,1,133,29,104,0,0,0,1.0,1,1.0,1,1.0,1,0.24379151242303543,34
52,0,133,29,104,0,0,0,1.0,1,1.0,1,1.0,1,0.2548608013491605,34
53,2,135,30,105,0,0,0,1.0,1,1.0,1,1.0,1,0.2638684311467113,35
54,1,136,30,106,0,0,0,1.0,1,1.0,1,1.0,1,0.28512612609962795,36
55,4,140,32,108,0,0,0,1.0,1,1.0,1,1.0,1,0.25899368497478964,36
56,3,143,34,109,0,0,0,1.0,1,1.0,1,1.0,1,0.24172669223512458,36
57,2,145,34,111,0,0,0,1.0,1,1.0,1,1.0,1,0.19075047420690894,37
58,1,146,35,111,0,0,0,1.0,1,1.0,1,1.0,1,0.19475348822050445,38
59,1,147,36,111,0,0,0,1.0,1,1.0,1,1.0,1,0.20834910312120916,37
60,2,149,36,113,0,0,0,1.0,1,1.0,1,1.0,1,0.18801011381417404,38
61,1,150,36,114,0,0,0,1.0,1,1.0,1,1.0,1,0.19479561691233394,37
62,2,152,37,115,0,0,0,1.0,1,1.0,1,1.0,1,0.18329791332900994,39
63,1,153,38,115,0,0,0,1.0,1,1.0,1,1.0,1,0.2041098451385487,39
64,1,154,39,115,0,0,0,1.0,1,1.0,1,1.0,1,0.2193929014196246,38
65,2,156,41,115,0,0,0,1.0,1,1.0,1,1.0,1,0.2437850841363657,39
66,2,158,43,115,0,0,0,1.0,1,1.0,1,1.0,1,0.29907810675256236,39
67,0,158,43,115,0,0,0,1.0,1,1.0,1,1.0,1,0.30660133982718013,36
68,1,159,44,115,0,0,0,1.0,1,1.0,1,1.0,1,0.3471325210543797,36
69,2,161,44,117,0,0,0,1.0,1,1.0,1,1.0,1,0.32770164284874304,37
70,0,161,44,117,0,0,0,1.0,1,1.0,1,1.0,1,0.36714179129558816,36
71,4,165,45,120,0,0,0,1.0,1,1.0,1,1.0,1,0.2802541519642744,38
72,2,167,46,121,0,0,0,1.0,1,1.0,1,1.0,1,0.25939100750128913,38
73,2,169,46,123,0,0,0,1.0,1,1.0,1,1.0,1,0.2128717567100779,37
74,0,169,46,123,0,0,0,1.0,1,1.0,1,1.0,1,0.21079048880386433,38
75,1,170,47,123,0,0,0,1.0,1,1.0,1,1.0,1,0.20409548652208157,38
76,2,172,48,124,0,0,0,1.0,1,1.0,1,1.0,1,0.23221695577574594,39
77,1,173,48,125,0,0,0,1.0,1,1.0,1,1.0,1,0.22179954902026322,40
78,0,173,48,125,0,0,0,1.0,1,1.0,1,1.0,1,0.23441551387457213,41
79,0,173,48,125,0,0,0,1.0,1,1.0,1,1.0,1,0.23441551387457213,41
80,0,173,48,125,0,0,0,1.0,1,1.0,1,1.0,1,0.23441551387457213,41
81,2,175,49,126,0,0,0,1.0,1,1.0,1,1.0,1,0.28309218866568486,41
82,3,178,49,129,0,0,0,1.0,1,1.0,1,1.0,1,0.23551323360380808,44
83,1,179,49,130,0,0,0,1.0,1,1.0,1,1.0,1,0.22796165712330646,44
84,0,179,49,130,0,0,0,1.0,1,1.0,1,1.0,1,0.21970014123321907,45
85,0,179,49,130,0,0,0,1.0,1,1.0,1,1.0,1,0.21970014123321907,45
86,0,179,49,130,0,0,0,1.0,1,1.0,1,1.0,1,0.21970014123321907,45
87,1,180,50,130,0,0,0,1.0,1,1.0,1,1.0,1,0.26970389721466403,44
88,0,180,50,130,0,0,0,1.0,1,1.0,1,1.0,1,0.26970389721466403,44
89,1,181,51,130,0,0,0,1.0,1,1.0,1,1.0,1,0.27354537450870403,43
90,1,182,51,131,0,0,0,1.0,1,1.0,1,1.0,1,0.3167283709669057,44
91,2,184,52,132,0,0,0,1.0,1,1.0,1,1.0,1,0.32144456103084806,44
92,0,184,52,132,0,0,0,1.0,1,1.0,1,1.0,1,0.3072309962872353,43
93,0,184,52,132,0,0,0,1.0,1,1.0,1,1.0,1,0.32292782156516747,44
94,1,185,53,132,0,0,0,1.0,1,1.0,1,1.0,1,0.3473539107918451,44
95,1,186,53,133,0,0,0,1.0,1,1.0,1,1.0,1,0.32190789043693724,43
96,0,186,53,133,0,0,0,1.0,1,1.0,1,1.0,1,0.3287091917404248,44
97,0,186,53,133,0,0,0,1.0,1,1.0,1,1.0,1,0.3287091917404248,44
98,0,186,53,133,0,0,0,1.0,1,1.0,1,1.0,1,0.3565982776672159,43
99,0,186,53,133,0,0,0,1.0,1,1.0,1,1.0,1,0.3565982776672159,43
100,2,188,53,135,0,0,0,1.0,1,1.0,1,1.0,1,0.33144665340482315,47
101,3,191,53,138,0,0,0,1.0,1,1.0,1,1.0,1,0.2898759841778861,47
102,1,192,54,138,0,0,0,1.0,1,1.0,1,1.0,1,0.3058283517364141,47
103,3,195,57,138,0,0,0,1.0,1,1.0,1,1.0,1,0.2910872866040298,46
104,2,197,59,138,0,0,0,1.0,1,1.0,1,1.0,1,0.3107453112538593,45
105,4,201,61,140,0,0,0,1.0,1,1.0,1,1.0,1,0.28257090413674046,44
106,4,205,65,140,0,0,0,1.0,1,1.0,1,1.0,1,0.30600469306347877,45
107,1,206,66,140,0,0,0,1.0,1,1.0,1,1.0,1,0.29162463206990685,44
108,4,210,67,143,0,0,0,1.0,1,1.0,1,1.0,1,0.22433304824630657,46
109,2,212,68,144,0,0,0,1.0,1,1.0,1,1.0,1,0.19006366274537906,46
110,4,216,70,146,0,0,0,1.0,1,1.0,1,1.0,1,0.17055363223630618,46
111,3,219,71,148,0,0,0,1.0,1,1.0,1,1.0,1,0.15271690103165078,46
112,2,221,73,148,0,0,0,1.0,1,1.0,1,1.0,1,0.16149396369882968,46
113,0,221,73,148,0,0,0,1.0,1,1.0,1,1.0,1,0.15407997184067976,46
114,1,222,74,148,0,0,0,1.0,1,1.0,1,1.0,1,0.14392940218702868,46
115,1,223,75,148,0,0,0,1.0,1,1.0,1,1.0,1,0.18427244815051305,47
116,4,227,78,149,0,0,0,1.0,1,1.0,1,1.0,1,0.23449460176738773,47
117,1,228,79,149,0,0,0,1.0,1,1.0,1,1.0,1,0.2590889920476763,45
118,1,229,80,149,0,0,0,1.0,1,1.0,1,1.0,1,0.26423241877305625,46
119,1,230,80,150,0,0,0,1.0,1,1.0,1,1.0,1,0.2729873710505256,46
120,1,231,81,150,0,0,0,1.0,1,1.0,1,1.0,1,0.2557973759957825,47
121,7,238,82,156,0,0,0,1.0,1,1.0,1,1.0,1,0.11354143557000604,46
122,0,238,82,156,0,0,0,1.0,1,1.0,1,1.0,1,0.11354143557000604,46
123,0,238,82,156,0,0,0,1.0,1,1.0,1,1.0,1,0.13509701404954397,45
124,1,239,82,157,0,0,0,1.0,1,1.0,1,1.0,1,0.11929377208223464,46
125,2,241,84,157,0,0,0,1.0,1,1.0,1,1.0,1,0.14535437980331403,44
126,0,241,84,157,0,0,0,1.0,1,1.0,1,1.0,1,0.15005846293153055,45
127,3,244,85,159,0,0,0,1.0,1,1.0,1,1.0,1,0.16011040490641607,45
128,0,244,85,159,0,0,0,1.0,1,1.0,1,1.0,1,0.1709385844278651,46
129,1,245,85,160,0,0,0,1.0,1,1.0,1,1.0,1,0.16138640945015387,48
130,2,247,86,161,0,0,0,1.0,1,1.0,1,1.0,1,0.19141649667353178,48
131,1,248,86,162,0,0,0,1.0,1,1.0,1,1.0,1,0.17476114383089397,49
132,5,253,88,165,0,0,0,1.0,1,1.0,1,1.0,1,0.1675760498901232,51
133,5,258,91,167,0,0,0,1.0,1,1.0,1,1.0,1,0.1832540123971768,49
134,1,259,91,168,0,0,0,1.0,1,1.0,1,1.0,1,0.1730833558098597,49
135,0,259,91,168,0,0,0,1.0,1,1.0,1,1.0,1,0.17583638150387212,49
136,5,264,94,170,0,0,0,1.0,1,1.0,1,1.0,1,0.1867559718355926,48
137,1,265,94,171,0,0,0,1.0,1,1.0,1,1.0,1,0.19663676273240968,47
138,2,267,95,172,0,0,0,1.0,1,1.0,1,1.0,1,0.20978617339279268,48
139,4,271,97,174,0,0,0,1.0,1,1.0,1,1.0,1,0.18421037639484392,48
140,3,274,99,175,0,0,0,1.0,1,1.0,1,1.0,1,0.1920084605074857,49
141,3,277,100,177,0,0,0,1.0,1,1.0,1,1.0,1,0.14306184236042832,49
142,2,279,102,177,0,0,0,1.0,1,1.0,1,1.0,1,0.16870115840827934,49
143,1,280,103,177,0,0,0,1.0,1,1.0,1,1.0,1,0.15972603153232762,47
144,2,282,105,177,0,0,0,1.0,1,1.0,1,1.0,1,0.17415841802142412,46
145,0,282,105,177,0,0,0,1.0,1,1.0,1,1.0,1,0.15994441342411023,44
146,2,284,107,177,0,0,0,1.0,1,1.0,1,1.0,1,0.1891675181454136,44
147,2,286,108,178,0,0,0,1.0,1,1.0,1,1.0,1,0.18281985019032757,43
148,1,287,109,178,0,0,0,1.0,1,1.0,1,1.0,1,0.2171550062049304,43
149,1,288,110,178,0,0,0,1.0,1,1.0,1,1.0,1,0.23798603104224642,43
150,0,288,110,178,0,0,0,1.0,1,1.0,1,1.0,1,0.22300566299275051,42
151,1,289,111,178,0,0,0,1.0,1,1.0,1,1.0,1,0.23282579226343786,42
152,1,290,112,178,0,0,0,1.0,1,1.0,1,1.0,1,0.25002865111299905,42
153,1,291,112,179,0,0,0,1.0,1,1.0,1,1.0,1,0.24771459628574002,42
154,2,293,114,179,0,0,0,1.0,1,1.0,1,1.0,1,0.32041638394200606,43
155,2,295,114,181,0,0,0,1.0,1,1.0,1,1.0,1,0.3065159039899801,43
156,0,295,114,181,0,0,0,1.0,1,1.0,1,1.0,1,0.2919496824575162,42
157,3,298,114,184,0,0,0,1.0,1,1.0,1,1.0,1,0.25448695157413115,41
158,4,302,116,186,0,0,0,1.0,1,1.0,1,1.0,1,0.24469317413635824,42
159,0,302,116,186,0,0,0,1.0,1,1.0,1,1.0,1,0.24981751737756028,43
160,7,309,119,190,0,0,0,1.0,1,1.0,1,1.0,1,0.23861363984729103,44
161,4,313,120,193,0,0,0,1.0,1,1.0,1,1.0,1,0.22959624308654128,44
162,2,315,121,194,0,0,0,1.0,1,1.0,1,1.0,1,0.22047749318106707,45
163,5,320,124,196,0,0,0,1.0,1,1.0,1,1.0,1,0.2487488505990087,43
164,1,321,125,196,0,0,0,1.0,1,1.0,1,1.0,1,0.2699077103203468,42
165,4,325,127,198,0,0,0,1.0,1,1.0,1,1.0,1,0.2338066684755488,42
166,0,325,127,198,0,0,0,1.0,1,1.0,1,1.0,1,0.23722439498721656,42
167,3,328,130,198,0,0,0,1.0,1,1.0,1,1.0,1,0.2335901310577689,41
168,0,328,130,198,0,0,0,1.0,1,1.0,1,1.0,1,0.21909952261804186,40
169,1,329,131,198,0,0,0,1.0,1,1.0,1,1.0,1,0.15832988704158124,40
170,0,329,131,198,0,0,0,1.0,1,1.0,1,1.0,1,0.1729179443515673,38
171,2,331,131,200,0,0,0,1.0,1,1.0,1,1.0,1,0.12396464385544143,37
172,2,333,133,200,0,0,0,1.0,1,1.0,1,1.0,1,0.22821345514170585,35
173,4,337,135,202,0,0,0,1.0,1,1.0,1,1.0,1,0.2694670846571796,36
174,1,338,136,202,0,0,0,1.0,1,1.0,1,1.0,1,0.23285331235667903,34
175,0,338,136,202,0,0,0,1.0,1,1.0,1,1.0,1,0.255788685496516,33
176,1,339,136,203,0,0,0,1.0,1,1.0,1,1.0,1,0.22448045070671985,34
177,1,340,137,203,0,0,0,1.0,1,1.0,1,1.0,1,0.15022688957068822,36
178,1,341,138,203,0,0,0,1.0,1,1.0,1,1.0,1,0.1518085362084903,37
179,0,341,138,203,0,0,0,1.0,1,1.0,1,1.0,1,0.1518085362084903,37
180,0,341,138,203,0,0,0,1.0,1,1.0,1,1.0,1,0.16779489248478816,36
181,0,341,138,203,0,0,0,1.0,1,1.0,1,1.0,1,0.16779489248478816,36
182,1,342,139,203,0,0,0,1.0,1,1.0,1,1.0,1,0.1915802294554368,38
183,2,344,140,204,0,0,0,1.0,1,1.0,1,1.0,1,0.16210865483084316,37
184,4,348,143,205,0,0,0,1.0,1,1.0,1,1.0,1,0.21977474503136896,36
185,0,348,143,205,0,0,0,1.0,1,1.0,1,1.0,1,0.21433964368398103,35
186,1,349,144,205,0,0,0,1.0,1,1.0,1,1.0,1,0.2551237495945342,34
187,2,351,146,205,0,0,0,1.0,1,1.0,1,1.0,1,0.2791405554534738,33
188,1,352,147,205,0,0,0,1.0,1,1.0,1,1.0,1,0.2710810464865301,33
189,5,357,151,206,0,0,0,1.0,1,1.0,1,1.0,1,0.34550957992894826,33
190,1,358,151,207,0,0,0,1.0,1,1.0,1,1.0,1,0.32487114400519107,32
191,2,360,152,208,0,0,0,1.0,1,1.0,1,1.0,1,0.3210801966675559,34
192,1,361,152,209,0,0,0,1.0,1,1.0,1,1.0,1,0.3009384988315579,34
193,0,361,152,209,0,0,0,1.0,1,1.0,1,1.0,1,0.28699982783204964,35
194,1,362,152,210,0,0,0,1.0,1,1.0,1,1.0,1,0.2806165181914791,37
195,0,362,152,210,0,0,0,1.0,1,1.0,1,1.0,1,0.2835178249179232,36
196,1,363,152,211,0,0,0,1.0,1,1.0,1,1.0,1,0.23033384265379528,36
197,1,364,153,211,0,0,0,1.0,1,1.0,1,1.0,1,0.26300896968493664,37
198,1,365,153,212,0,0,0,1.0,1,1.0,1,1.0,1,0.2443691692868537,37
199,1,366,154,212,0,0,0,1.0,1,1.0,1,1.0,1,0.2558931783322579,37
200,2,368,155,213,0,0,0,1.0,1,1.0,1,1.0,1,0.21795653380175783,37
201,0,368,155,213,0,0,0,1.0,1,1.0,1,1.0,1,0.18803967126151944,36
202,1,369,156,213,0,0,0,1.0,1,1.0,1,1.0,1,0.1728936974754741,36
203,1,370,157,213,0,0,0,1.0,1,1.0,1,1.0,1,0.19773566076387197,35
204,4,374,159,215,0,0,0,1.0,1,1.0,1,1.0,1,0.24623381808583053,35
205,5,379,162,217,0,0,0,1.0,1,1.0,1,1.0,1,0.26394890809218124,35
206,2,381,163,218,0,0,0,1.0,1,1.0,1,1.0,1,0.2872678136601186,34
207,0,381,163,218,0,0,0,1.0,1,1.0,1,1.0,1,0.3096953057508352,34
208,2,383,164,219,0,0,0,1.0,1,1.0,1,1.0,1,0.30645222267378286,33
209,2,385,164,221,0,0,0,1.0,1,1.0,1,1.0,1,0.3272007092279117,33
210,6,391,167,224,0,0,0,1.0,1,1.0,1,1.0,1,0.32731504350082363,34
211,2,393,168,225,0,0,0,1.0,1,1.0,1,1.0,1,0.34552377833788694,33
212,1,394,168,226,0,0,0,1.0,1,1.0,1,1.0,1,0.3012960130964526,33
213,1,395,168,227,0,0,0,1.0,1,1.0,1,1.0,1,0.27917745305983926,35
214,2,397,170,227,0,0,0,1.0,1,1.0,1,1.0,1,0.25348823119709246,34
215,2,399,171,228,0,0,0,1.0,1,1.0,1,1.0,1,0.21464915715340577,35
216,1,400,172,228,0,0,0,1.0,1,1.0,1,1.0,1,0.21273290531400807,36
217,3,403,173,230,0,0,0,1.0,1,1.0,1,1.0,1,0.18296359495380118,36
218,4,407,176,231,0,0,0,1.0,1,1.0,1,1.0,1,0.2782546490658398,36
219,4,411,176,235,0,0,0,1.0,1,1.0,1,1.0,1,0.22657550638450397,37
220,1,412,176,236,0,0,0,1.0,1,1.0,1,1.0,1,0.24102220961533183,38
221,3,415,176,239,0,0,0,1.0,1,1.0,1,1.0,1,0.18976318202582698,37
222,1,416,177,239,0,0,0,1.0,1,1.0,1,1.0,1,0.20203511373424032,38
223,3,419,179,240,0,0,0,1.0,1,1.0,1,1.0,1,0.22904783923791014,38
224,6,425,182,243,0,0,0,1.0,1,1.0,1,1.0,1,0.2299803576442116,38
225,0,425,182,243,0,0,0,1.0,1,1.0,1,1.0,1,0.22928610414613643,36
226,0,425,182,243,0,0,0,1.0,1,1.0,1,1.0,1,0.24567995513346785,37
227,2,427,184,243,0,0,0,1.0,1,1.0,1,1.0,1,0.2513287672773617,35
228,1,428,185,243,0,0,0,1.0,1,1.0,1,1.0,1,0.2478595193248868,35
229,3,431,188,243,0,0,0,1.0,1,1.0,1,1.0,1,0.2424419629425491,35
230,4,435,192,243,0,0,0,1.0,1,1.0,1,1.0,1,0.2842251133088898,35
231,5,440,195,245,0,0,0,1.0,1,1.0,1,1.0,1,0.15713396417097805,35
232,2,442,197,245,0,0,0,1.0,1,1.0,1,1.0,1,0.2252790259169803,36
233,2,444,197,247,0,0,0,1.0,1,1.0,1,1.0,1,0.15949507301155835,36
234,0,444,197,247,0,0,0,1.0,1,1.0,1,1.0,1,0.1608568619834647,34
235,2,446,199,247,0,0,0,1.0,1,1.0,1,1.0,1,0.22120527899326436,33
236,0,446,199,247,0,0,0,1.0,1,1.0,1,1.0,1,0.21405804506387324,31
237,1,447,199,248,0,0,0,1.0,1,1.0,1,1.0,1,0.17101095044689593,32
238,2,449,201,248,0,0,0,1.0,1,1.0,1,1.0,1,0.22280808827979895,31
239,1,450,202,248,0,0,0,1.0,1,1.0,1,1.0,1,0.20022536059924573,30
240,2,452,204,248,0,0,0,1.0,1,1.0,1,1.0,1,0.24434473731300324,27
241,2,454,205,249,0,0,0,1.0,1,1.0,1,1.0,1,0.23936273919245005,27
242,2,456,205,251,0,0,0,1.0,1,1.0,1,1.0,1,0.20692762940496148,28
243,0,456,205,251,0,0,0,1.0,1,1.0,1,1.0,1,0.20692762940496148,28
244,1,457,206,251,0,0,0,1.0,1,1.0,1,1.0,1,0.28222360552125225,27
245,1,458,207,251,0,0,0,1.0,1,1.0,1,1.0,1,0.33218037852744214,27
246,2,460,209,251,0,0,0,1.0,1,1.0,1,1.0,1,0.35264971954353413,25
247,0,460,209,251,0,0,0,1.0,1,1.0,1,1.0,1,0.3310682071118908,24
248,0,460,209,251,0,0,0,1.0,1,1.0,1,1.0,1,0.32784700501853276,24
249,1,461,210,251,0,0,0,1.0,1,1.0,1,1.0,1,0.4119707546671167,25
250,2,463,210,253,0,0,0,1.0,1,1.0,1,1.0,1,0.32190829703314056,27
251,1,464,210,254,0,0,0,1.0,1,1.0,1,1.0,1,0.28314463342747465,27
252,0,464,210,254,0,0,0,1.0,1,1.0,1,1.0,1,0.28314463342747465,27
253,0,464,210,254,0,0,0,1.0,1,1.0,1,1.0,1,0.3120140572725683,29
254,2,466,212,254,0,0,0,1.0,1,1.0,1,1.0,1,0.28171945573960416,30
255,2,468,213,255,0,0,0,1.0,1,1.0,1,1.0,1,0.3036867485882934,31
256,2,470,215,255,0,0,0,1.0,1,1.0,1,1.0,1,0.27687775268893344,31
257,1,471,215,256,0,0,0,1.0,1,1.0,1,1.0,1,0.2735657572143497,33
258,1,472,216,256,0,0,0,1.0,1,1.0,1,1.0,1,0.2795390019462919,33
259,0,472,216,256,0,0,0,1.0,1,1.0,1,1.0,1,0.2795390019462919,33
260,3,475,218,257,0,0,0,1.0,1,1.0,1,1.0,1,0.2830710825579568,35
261,2,477,219,258,0,0,0,1.0,1,1.0,1,1.0,1,0.3042593927743641,35
262,1,478,220,258,0,0,0,1.0,1,1.0,1,1.0,1,0.345564105240717,35
263,0,478,220,258,0,0,0,1.0,1,1.0,1,1.0,1,0.3486820059496932,34
264,2,480,222,258,0,0,0,1.0,1,1.0,1,1.0,1,0.4234809259140648,32
265,4,484,224,260,0,0,0,1.0,1,1.0,1,1.0,1,0.3873667157896551,30
266,0,484,224,260,0,0,0,1.0,1,1.0,1,1.0,1,0.37377865611420924,31
267,1,485,225,260,0,0,0,1.0,1,1.0,1,1.0,1,0.402616986179296,30
268,1,486,225,261,0,0,0,1.0,1,1.0,1,1.0,1,0.41922111627038317,31
269,1,487,226,261,0,0,0,1.0,1,1.0,1,1.0,1,0.4085865237830973,31
270,3,490,227,263,0,0,0,1.0,1,1.0,1,1.0,1,0.4177769497630243,32
271,2,492,228,264,0,0,0,1.0,1,1.0,1,1.0,1,0.40695697927636465,31
272,2,494,229,265,0,0,0,1.0,1,1.0,1,1.0,1,0.46043210303255944,32
273,3,497,229,268,0,0,0,1.0,1,1.0,1,1.0,1,0.39139158927183476,32
274,1,498,230,268,0,0,0,1.0,1,1.0,1,1.0,1,0.3973880837102713,32
275,0,498,230,268,0,0,0,1.0,1,1.0,1,1.0,1,0.3684426358967888,33
276,5,503,232,271,0,0,0,1.0,1,1.0,1,1.0,1,0.3811633722071391,34
277,1,504,233,271,0,0,0,1.0,1,1.0,1,1.0,1,0.33962417217537616,32
278,1,505,234,271,0,0,0,1.0,1,1.0,1,1.0,1,0.32641700781894106,31
279,0,505,234,271,0,0,0,1.0,1,1.0,1,1.0,1,0.29775603979105586,31
280,1,506,234,272,0,0,0,1.0,1,1.0,1,1.0,1,0.2772586944823438,30
281,4,510,234,276,0,0,0,1.0,1,1.0,1,1.0,1,0.15581093241157354,31
282,1,511,234,277,0,0,0,1.0,1,1.0,1,1.0,1,0.11504986260417258,30
283,1,512,234,278,0,0,0,1.0,1,1.0,1,1.0,1,0.09576037575673474,31
284,1,513,235,278,0,0,0,1.0,1,1.0,1,1.0,1,0.15673821730654103,31
285,2,515,237,278,0,0,0,1.0,1,1.0,1,1.0,1,0.26240715458067415,31
286,1,516,237,279,0,0,0,1.0,1,1.0,1,1.0,1,0.22462883588456464,31
287,1,517,237,280,0,0,0,1.0,1,1.0,1,1.0,1,0.20935092508122066,33
288,1,518,237,281,0,0,0,1.0,1,1.0,1,1.0,1,0.1917175761589842,32
289,1,519,238,281,0,0,0,1.0,1,1.0,1,1.0,1,0.2193210935218886,32
290,0,519,238,281,0,0,0,1.0,1,1.0,1,1.0,1,0.208594931163624,31
291,1,520,239,281,0,0,0,1.0,1,1.0,1,1.0,1,0.20872414698736963,30
292,1,521,239,282,0,0,0,1.0,1,1.0,1,1.0,1,0.16657470020009263,32
293,0,521,239,282,0,0,0,1.0,1,1.0,1,1.0,1,0.16657470020009263,32
294,0,521,239,282,0,0,0,1.0,1,1.0,1,1.0,1,0.16657470020009263,32
295,0,521,239,282,0,0,0,1.0,1,1.0,1,1.0,1,0.2003072980841882,34
296,1,522,240,282,0,0,0,1.0,1,1.0,1,1.0,1,0.16801222776720484,34
297,1,523,241,282,0,0,0,1.0,1,1.0,1,1.0,1,0.16537935989138947,34
298,1,524,241,283,0,0,0,1.0,1,1.0,1,1.0,1,0.1689400658202705,35
299,1,525,241,284,0,0,0,1.0,1,1.0,1,1.0,1,0.18660291554865954,35
300,1,526,242,284,0,0,0,1.0,1,1.0,1,1.0,1,0.20660411593559672,35
301,0,526,242,284,0,0,0,1.0,1,1.0,1,1.0,1,0.22914549642198084,38
302,2,528,244,284,0,0,0,1.0,1,1.0,1,1.0,1,0.2738336022391052,38
303,3,531,247,284,0,0,0,1.0,1,1.0,1,1.0,1,0.2653159553026573,37
304,4,535,248,287,0,0,0,1.0,1,1.0,1,1.0,1,0.28589601535531994,37
305,3,538,250,288,0,0,0,1.0,1,1.0,1,1.0,1,0.3333534829763385,36
306,5,543,250,293,0,0,0,1.0,1,1.0,1,1.0,1,0.29234649116971956,36
307,1,544,250,294,0,0,0,1.0,1,1.0,1,1.0,1,0.30102624231625996,35
308,1,545,251,294,0,0,0,1.0,1,1.0,1,1.0,1,0.2750575249470983,37
309,0,545,251,294,0,0,0,1.0,1,1.0,1,1.0,1,0.2750575249470983,37
310,0,545,251,294,0,0,0,1.0,1,1.0,1,1.0,1,0.2750575249470983,37
311,4,549,251,298,0,0,0,1.0,1,1.0,1,1.0,1,0.1887096381320775,39
312,0,549,251,298,0,0,0,1.0,1,1.0,1,1.0,1,0.201240797508166,40
313,0,549,251,298,0,0,0,1.0,1,1.0,1,1.0,1,0.19051231904922591,39
314,0,549,251,298,0,0,0,1.0,1,1.0,1,1.0,1,0.20274559296955183,40
315,1,550,252,298,0,0,0,1.0,1,1.0,1,1.0,1,0.2601201320314095,39
316,0,550,252,298,0,0,0,1.0,1,1.0,1,1.0,1,0.2601201320314095,39
317,0,550,252,298,0,0,0,1.0,1,1.0,1,1.0,1,0.2576542362358547,40
318,0,550,252,298,0,0,0,1.0,1,1.0,1,1.0,1,0.27639824949517733,41
319,1,551,252,299,0,0,0,1.0,1,1.0,1,1.0,1,0.2626052820802067,41
320,1,552,253,299,0,0,0,1.0,1,1.0,1,1.0,1,0.2787693585891194,41
321,2,554,253,301,0,0,0,1.0,1,1.0,1,1.0,1,0.23315582885991004,41
322,3,557,255,302,0,0,0,1.0,1,1.0,1,1.0,1,0.19922316630254638,41
323,0,557,255,302,0,0,0,1.0,1,1.0,1,1.0,1,0.19922316630254638,41
324,4,561,257,304,0,0,0,1.0,1,1.0,1,1.0,1,0.2197672473930795,42
325,1,562,258,304,0,0,0,1.0,1,1.0,1,1.0,1,0.23782097204164346,42
326,2,564,259,305,0,0,0,1.0,1,1.0,1,1.0,1,0.2740551546066073,42
327,2,566,259,307,0,0,0,1.0,1,1.0,1,1.0,1,0.2766187492818933,42
328,1,567,259,308,0,0,0,1.0,1,1.0,1,1.0,1,0.2884991218045989,43
329,2,569,259,310,0,0,0,1.0,1,1.0,1,1.0,1,0.2884991218045989,43
330,3,572,259,313,0,0,0,1.0,1,1.0,1,1.0,1,0.2561641261885868,45
331,5,577,259,318,0,0,0,1.0,1,1.0,1,1.0,1,0.17983874083551563,45
332,0,577,259,318,0,0,0,1.0,1,1.0,1,1.0,1,0.18691249042895078,45
333,0,577,259,318,0,0,0,1.0,1,1.0,1,1.0,1,0.19473789707407946,46
334,0,577,259,318,0,0,0,1.0,1,1.0,1,1.0,1,0.1850489415724164,48
335,0,577,259,318,0,0,0,1.0,1,1.0,1,1.0,1,0.1850489415724164,48
336,1,578,260,318,0,0,0,1.0,1,1.0,1,1.0,1,0.19121747685602183,48
337,1,579,260,319,0,0,0,1.0,1,1.0,1,1.0,1,0.18264059592862406,49
338,3,582,261,321,0,0,0,1.0,1,1.0,1,1.0,1,0.1341126781486779,50
339,0,582,261,321,0,0,0,1.0,1,1.0,1,1.0,1,0.1341126781486779,50
340,0,582,261,321,0,0,0,1.0,1,1.0,1,1.0,1,0.1341126781486779,50
341,1,583,261,322,0,0,0,1.0,1,1.0,1,1.0,1,0.1016048303082033,51
342,1,584,262,322,0,0,0,1.0,1,1.0,1,1.0,1,0.136964900016104,51
343,0,584,262,322,0,0,0,1.0,1,1.0,1,1.0,1,0.13541080394998828,51
344,0,584,262,322,0,0,0,1.0,1,1.0,1,1.0,1,0.12909374186586137,50
345,1,585,263,322,0,0,0,1.0,1,1.0,1,1.0,1,0.13978456534067285,51
346,1,586,263,323,0,0,0,1.0,1,1.0,1,1.0,1,0.145788074458186,51
347,3,589,266,323,0,0,0,1.0,1,1.0,1,1.0,1,0.17934910554001132,51
348,3,592,268,324,0,0,0,1.0,1,1.0,1,1.0,1,0.2082604875290253,53
349,1,593,268,325,0,0,0,1.0,1,1.0,1,1.0,1,0.18582121189774914,55
350,0,593,268,325,0,0,0,1.0,1,1.0,1,1.0,1,0.19596655635729393,54
351,7,600,272,328,0,0,0,1.0,1,1.0,1,1.0,1,0.16462209804009628,54
352,2,602,273,329,0,0,0,1.0,1,1.0,1,1.0,1,0.17225983754385854,53
353,3,605,276,329,0,0,0,1.0,1,1.0,1,1.0,1,0.19114683462015244,53
354,0,605,276,329,0,0,0,1.0,1,1.0,1,1.0,1,0.22396505798769736,50
355,0,605,276,329,0,0,0,1.0,1,1.0,1,1.0,1,0.24800526255705718,51
356,2,607,278,329,0,0,0,1.0,1,1.0,1,1.0,1,0.28137659561895506,51
357,4,611,281,330,0,0,0,1.0,1,1.0,1,1.0,1,0.26242696348992484,50
358,1,612,282,330,0,0,0,1.0,1,1.0,1,1.0,1,0.2893755112355617,48
359,1,613,283,330,0,0,0,1.0,1,1.0,1,1.0,1,0.2987218969540847,47
360,2,615,283,332,0,0,0,1.0,1,1.0,1,1.0,1,0.27683134118221103,45
361,2,617,284,333,0,0,0,1.0,1,1.0,1,1.0,1,0.2853979098982218,44
362,0,617,284,333,0,0,0,1.0,1,1.0,1,1.0,1,0.28412335131491023,44
363,2,619,285,334,0,0,0,1.0,1,1.0,1,1.0,1,0.265200338252949,44
364,0,619,285,334,0,0,0,1.0,1,1.0,1,1.0,1,0.2701780082345037,43
365,3,622,287,335,0,0,0,1.0,1,1.0,1,1.0,1,0.2572109376854057,43
366,1,623,288,335,0,0,0,1.0,1,1.0,1,1.0,1,0.2909956705485904,45
367,1,624,288,336,0,0,0,1.0,1,1.0,1,1.0,1,0.2987043282577636,44
368,1,625,289,336,0,0,0,1.0,1,1.0,1,1.0,1,0.26997458948830344,46
369,1,626,290,336,0,0,0,1.0,1,1.0,1,1.0,1,0.31626290192948053,45
370,0,626,290,336,0,0,0,1.0,1,1.0,1,1.0,1,0.3160240250359082,46
371,4,630,290,340,0,0,0,1.0,1,1.0,1,1.0,1,0.2691781637667991,47
372,0,630,290,340,0,0,0,1.0,1,1.0,1,1.0,1,0.27554946678163456,48
373,3,633,290,343,0,0,0,1.0,1,1.0,1,1.0,1,0.25221041939326916,48
374,2,635,291,344,0,0,0,1.0,1,1.0,1,1.0,1,0.24584044339049257,49
375,4,639,291,348,0,0,0,1.0,1,1.0,1,1.0,1,0.18835891638169786,49
376,1,640,292,348,0,0,0,1.0,1,1.0,1,1.0,1,0.1829720230872949,49
377,2,642,294,348,0,0,0,1.0,1,1.0,1,1.0,1,0.2001878783726955,49
378,4,646,296,350,0,0,0,1.0,1,1.0,1,1.0,1,0.17120117729126857,49
379,1,647,297,350,0,0,0,1.0,1,1.0,1,1.0,1,0.18137087777350813,50
380,2,649,298,351,0,0,0,1.0,1,1.0,1,1.0,1,0.2028460616170257,50
381,4,653,299,354,0,0,0,1.0,1,1.0,1,1.0,1,0.16552539280481787,51
382,1,654,300,354,0,0,0,1.0,1,1.0,1,1.0,1,0.1740738128086725,50
383,1,655,301,354,0,0,0,1.0,1,1.0,1,1.0,1,0.18051276629324933,51
384,0,655,301,354,0,0,0,1.0,1,1.0,1,1.0,1,0.21177105356527454,50
385,1,656,302,354,0,0,0,1.0,1,1.0,1,1.0,1,0.2038469576851099,50
386,0,656,302,354,0,0,0,1.0,1,1.0,1,1.0,1,0.22185170701238344,48
387,1,657,302,355,0,0,0,1.0,1,1.0,1,1.0,1,0.2361907068052048,47
388,4,661,304,357,0,0,0,1.0,1,1.0,1,1.0,1,0.21264648035817066,48
389,0,661,304,357,0,0,0,1.0,1,1.0,1,1.0,1,0.2257129476513939,47
390,0,661,304,357,0,0,0,1.0,1,1.0,1,1.0,1,0.2175793259703916,49
391,3,664,306,358,0,0,0,1.0,1,1.0,1,1.0,1,0.20849194258013498,46
392,1,665,307,358,0,0,0,1.0,1,1.0,1,1.0,1,0.24554241510297856,46
393,5,670,311,359,0,0,0,1.0,1,1.0,1,1.0,1,0.30564014959264824,44
394,6,676,313,363,0,0,0,1.0,1,1.0,1,1.0,1,0.27483272605507886,43
395,0,676,313,363,0,0,0,1.0,1,1.0,1,1.0,1,0.2795079000666145,42
396,1,677,314,363,0,0,0,1.0,1,1.0,1,1.0,1,0.40883931352493247,39
397,5,682,316,366,0,0,0,1.0,1,1.0,1,1.0,1,0.4076250232767855,39
398,0,682,316,366,0,0,0,1.0,1,1.0,1,1.0,1,0.4188129162385011,36
399,0,682,316,366,0,0,0,1.0,1,1.0,1,1.0,1,0.4188129162385011,36
400,3,685,318,367,0,0,0,1.0,1,1.0,1,1.0,1,0.3964304141312305,34
401,5,690,319,371,0,0,0,1.0,1,1.0,1,1.0,1,0.2939218868251154,33
402,1,691,319,372,0,0,0,1.0,1,1.0,1,1.0,1,0.25960887566264806,34
403,0,691,319,372,0,0,0,1.0,1,1.0,1,1.0,1,0.25722320288599115,36
404,2,693,321,372,0,0,0,1.0,1,1.0,1,1.0,1,0.2458358655222837,36
405,0,693,321,372,0,0,0,1.0,1,1.0,1,1.0,1,0.2432684128860416,37
406,0,693,321,372,0,0,0,1.0,1,1.0,1,1.0,1,0.2432684128860416,37
407,1,694,321,373,0,0,0,1.0,1,1.0,1,1.0,1,0.205989341554658,39
408,1,695,322,373,0,0,0,1.0,1,1.0,1,1.0,1,0.24032862070070352,40
409,2,697,323,374,0,0,0,1.0,1,1.0,1,1.0,1,0.24545328727062954,41
410,6,703,325,378,0,0,0,1.0,1,1.0,1,1.0,1,0.2699878253244728,42
411,2,705,325,380,0,0,0,1.0,1,1.0,1,1.0,1,0.25622257734753306,43
412,2,707,326,381,0,0,0,1.0,1,1.0,1,1.0,1,0.2328850064013825,44
413,0,707,326,381,0,0,0,1.0,1,1.0,1,1.0,1,0.2328850064013825,44
414,0,707,326,381,0,0,0,1.0,1,1.0,1,1.0,1,0.23026019899482314,45
415,0,707,326,381,0,0,0,1.0,1,1.0,1,1.0,1,0.23026019899482314,45
416,1,708,326,382,0,0,0,1.0,1,1.0,1,1.0,1,0.20838658955623968,46
417,2,710,328,382,0,0,0,1.0,1,1.0,1,1.0,1,0.21745512351053856,46
418,2,712,328,384,0,0,0,1.0,1,1.0,1,1.0,1,0.1942239793912326,47
419,0,712,328,384,0,0,0,1.0,1,1.0,1,1.0,1,0.1942239793912326,47
420,0,712,328,384,0,0,0,1.0,1,1.0,1,1.0,1,0.1942239793912326,47
421,1,713,329,384,0,0,0,1.0,1,1.0,1,1.0,1,0.19915828048456954,47
422,3,716,331,385,0,0,0,1.0,1,1.0,1,1.0,1,0.22618888943799573,49
423,2,718,333,385,0,0,0,1.0,1,1.0,1,1.0,1,0.25799970393290783,47
424,5,723,335,388,0,0,0,1.0,1,1.0,1,1.0,1,0.21940043167790246,45
425,0,723,335,388,0,0,0,1.0,1,1.0,1,1.0,1,0.24163293406339603,46
426,1,724,336,388,0,0,0,1.0,1,1.0,1,1.0,1,0.2754206207885449,46
427,3,727,337,390,0,0,0,1.0,1,1.0,1,1.0,1,0.25668155128226194,45
428,2,729,338,391,0,0,0,1.0,1,1.0,1,1.0,1,0.25042430523318704,45
429,2,731,339,392,0,0,0,1.0,1,1.0,1,1.0,1,0.2543836708686809,42
430,2,733,341,392,0,0,0,1.0,1,1.0,1,1.0,1,0.30894451945542073,40
431,7,740,343,397,0,0,0,1.0,1,1.0,1,1.0,1,0.16980381718459728,39
432,2,742,345,397,0,0,0,1.0,1,1.0,1,1.0,1,0.18778903593082605,37
433,2,744,347,397,0,0,0,1.0,1,1.0,1,1.0,1,0.2215658233495876,35
434,0,744,347,397,0,0,0,1.0,1,1.0,1,1.0,1,0.26029185766803853,33
435,0,744,347,397,0,0,0,1.0,1,1.0,1,1.0,1,0.26029185766803853,33
436,0,744,347,397,0,0,0,1.0,1,1.0,1,1.0,1,0.26029185766803853,33
437,1,745,348,397,0,0,0,1.0,1,1.0,1,1.0,1,0.2259665684842376,33
438,0,745,348,397,0,0,0,1.0,1,1.0,1,1.0,1,0.2609974323629808,32
439,2,747,350,397,0,0,0,1.0,1,1.0,1,1.0,1,0.1978547088265061,34
440,0,747,350,397,0,0,0,1.0,1,1.0,1,1.0,1,0.1978547088265061,34
441,2,749,351,398,0,0,0,1.0,1,1.0,1,1.0,1,0.20160425043353705,35
442,2,751,353,398,0,0,0,1.0,1,1.0,1,1.0,1,0.23540790964734848,37
443,6,757,357,400,0,0,0,1.0,1,1.0,1,1.0,1,0.27919034540351495,37
444,1,758,357,401,0,0,0,1.0,1,1.0,1,1.0,1,0.23905020992717807,38
445,4,762,358,404,0,0,0,1.0,1,1.0,1,1.0,1,0.21789688160837,39
446,2,764,358,406,0,0,0,1.0,1,1.0,1,1.0,1,0.21789688160837,39
447,4,768,359,409,0,0,0,1.0,1,1.0,1,1.0,1,0.2442458717946559,41
448,4,772,359,413,0,0,0,1.0,1,1.0,1,1.0,1,0.24749935942987494,41
449,4,776,359,417,0,0,0,1.0,1,1.0,1,1.0,1,0.25850563181844627,40
450,3,779,360,419,0,0,0,1.0,1,1.0,1,1.0,1,0.24123805285053918,40
451,2,781,360,421,0,0,0,1.0,1,1.0,1,1.0,1,0.24162182785185854,41
452,0,781,360,421,0,0,0,1.0,1,1.0,1,1.0,1,0.24162182785185854,41
453,1,782,361,421,0,0,0,1.0,1,1.0,1,1.0,1,0.24216275263472678,40
454,1,783,361,422,0,0,0,1.0,1,1.0,1,1.0,1,0.23496274402166628,41
455,3,786,364,422,0,0,0,1.0,1,1.0,1,1.0,1,0.26334456178695803,41
456,1,787,364,423,0,0,0,1.0,1,1.0,1,1.0,1,0.23355603159875424,43
457,3,790,365,425,0,0,0,1.0,1,1.0,1,1.0,1,0.22142414825115894,43
458,1,791,366,425,0,0,0,1.0,1,1.0,1,1.0,1,0.2036935567053852,43
459,0,791,366,425,0,0,0,1.0,1,1.0,1,1.0,1,0.18308951593089345,44
460,3,794,366,428,0,0,0,1.0,1,1.0,1,1.0,1,0.16632623813076333,47
461,1,795,367,428,0,0,0,1.0,1,1.0,1,1.0,1,0.160382457791304,48
462,1,796,368,428,0,0,0,1.0,1,1.0,1,1.0,1,0.16050380044588253,49
463,0,796,368,428,0,0,0,1.0,1,1.0,1,1.0,1,0.14928707245982928,47
464,3,799,371,428,0,0,0,1.0,1,1.0,1,1.0,1,0.15635044075353002,48
465,4,803,373,430,0,0,0,1.0,1,1.0,1,1.0,1,0.11140713054485488,47
466,1,804,374,430,0,0,0,1.0,1,1.0,1,1.0,1,0.11408033063164753,46
467,5,809,379,430,0,0,0,1.0,1,1.0,1,1.0,1,0.18131820085656764,44
468,2,811,381,430,0,0,0,1.0,1,1.0,1,1.0,1,0.1976249453940076,41
469,3,814,383,431,0,0,0,1.0,1,1.0,1,1.0,1,0.15073729693153343,40
470,2,816,385,431,0,0,0,1.0,1,1.0,1,1.0,1,0.1965232040787655,39
471,4,820,389,431,0,0,0,1.0,1,1.0,1,1.0,1,0.1831365202328623,38
472,4,824,393,431,0,0,0,1.0,1,1.0,1,1.0,1,0.23102003200544183,36
473,3,827,394,433,0,0,0,1.0,1,1.0,1,1.0,1,0.22820553412540176,36
474,3,830,396,434,0,0,0,1.0,1,1.0,1,1.0,1,0.20444326658730325,34
475,1,831,397,434,0,0,0,1.0,1,1.0,1,1.0,1,0.2421424166052903,34
476,0,831,397,434,0,0,0,1.0,1,1.0,1,1.0,1,0.21704710911691966,32
477,2,833,399,434,0,0,0,1.0,1,1.0,1,1.0,1,0.30745583648075725,32
478,0,833,399,434,0,0,0,1.0,1,1.0,1,1.0,1,0.2802761063485362,30
479,0,833,399,434,0,0,0,1.0,1,1.0,1,1.0,1,0.28689404032041205,31
480,1,834,399,435,0,0,0,1.0,1,1.0,1,1.0,1,0.34583813357418114,27
481,1,835,400,435,0,0,0,1.0,1,1.0,1,1.0,1,0.33951497538058417,28
482,1,836,401,435,0,0,0,1.0,1,1.0,1,1.0,1,0.31983247771108825,28
483,2,838,402,436,0,0,0,1.0,1,1.0,1,1.0,1,0.2873941974670218,29
484,1,839,403,436,0,0,0,1.0,1,1.0,1,1.0,1,0.30602210468249963,29
485,0,839,403,436,0,0,0,1.0,1,1.0,1,1.0,1,0.30602210468249963,29
486,6,845,404,441,0,0,0,1.0,1,1.0,1,1.0,1,0.1965037441193688,31
487,2,847,404,443,0,0,0,1.0,1,1.0,1,1.0,1,0.18669827389744098,33
488,2,849,405,444,0,0,0,1.0,1,1.0,1,1.0,1,0.19731935836889533,34
489,2,851,406,445,0,0,0,1.0,1,1.0,1,1.0,1,0.2261026458183799,34
490,0,851,406,445,0,0,0,1.0,1,1.0,1,1.0,1,0.2261026458183799,34
491,1,852,406,446,0,0,0,1.0,1,1.0,1,1.0,1,0.2005794849852141,34
492,0,852,406,446,0,0,0,1.0,1,1.0,1,1.0,1,0.2005794849852141,34
493,2,854,407,447,0,0,0,1.0,1,1.0,1,1.0,1,0.2178227338612481,34
494,3,857,408,449,0,0,0,1.0,1,1.0,1,1.0,1,0.21001605950429061,36
495,1,858,408,450,0,0,0,1.0,1,1.0,1,1.0,1,0.17842150127048495,36
496,0,858,408,450,0,0,0,1.0,1,1.0,1,1.0,1,0.17456165472289856,37
497,2,860,408,452,0,0,0,1.0,1,1.0,1,1.0,1,0.16890722059706217,39
498,3,863,409,454,0,0,0,1.0,1,1.0,1,1.0,1,0.17786434127287296,40
499,1,864,409,455,0,0,0,1.0,1,1.0,1,1.0,1,0.17305320522001832,40
500,5,869,411,458,0,0,0,1.0,1,1.0,1,1.0,1,0.21500463937698547,42
501,2,871,411,460,0,0,0,1.0,1,1.0,1,1.0,1,0.15574564678977004,42
502,1,872,412,460,0,0,0,1.0,1,1.0,1,1.0,1,0.19626222675069452,42
503,2,874,413,461,0,0,0,1.0,1,1.0,1,1.0,1,0.20864587064857643,41
504,2,876,415,461,0,0,0,1.0,1,1.0,1,1.0,1,0.2629329455688412,42
505,3,879,417,462,0,0,0,1.0,1,1.0,1,1.0,1,0.30177900240049815,38
506,0,879,417,462,0,0,0,1.0,1,1.0,1,1.0,1,0.3075297333140562,37
507,0,879,417,462,0,0,0,1.0,1,1.0,1,1.0,1,0.31689254752704255,35
508,3,882,420,462,0,0,0,1.0,1,1.0,1,1.0,1,0.46375238206916103,35
509,1,883,421,462,0,0,0,1.0,1,1.0,1,1.0,1,0.4237951742124141,34
510,1,884,421,463,0,0,0,1.0,1,1.0,1,1.0,1,0.37991655425515886,34
511,5,889,423,466,0,0,0,1.0,1,1.0,1,1.0,1,0.3651412857473525,32
512,1,890,424,466,0,0,0,1.0,1,1.0,1,1.0,1,0.38011118020072937,30
513,0,890,424,466,0,0,0,1.0,1,1.0,1,1.0,1,0.36977580332385385,31
514,0,890,424,466,0,0,0,1.0,1,1.0,1,1.0,1,0.36977580332385385,31
515,3,893,425,468,0,0,0,1.0,1,1.0,1,1.0,1,0.3414489432868158,32
516,2,895,425,470,0,0,0,1.0,1,1.0,1,1.0,1,0.2921867583566695,31
517,1,896,426,470,0,0,0,1.0,1,1.0,1,1.0,1,0.3007812611899478,32
518,0,896,426,470,0,0,0,1.0,1,1.0,1,1.0,1,0.28691364653505236,31
519,3,899,428,471,0,0,0,1.0,1,1.0,1,1.0,1,0.23438057735472642,31
520,1,900,429,471,0,0,0,1.0,1,1.0,1,1.0,1,0.29496288323693853,33
521,2,902,430,472,0,0,0,1.0,1,1.0,1,1.0,1,0.26084124620832033,34
522,1,903,430,473,0,0,0,1.0,1,1.0,1,1.0,1,0.24533594287104865,34
523,0,903,430,473,0,0,0,1.0,1,1.0,1,1.0,1,0.25479953533251687,33
524,0,903,430,473,0,0,0,1.0,1,1.0,1,1.0,1,0.265590790478745,34
525,0,903,430,473,0,0,0,1.0,1,1.0,1,1.0,1,0.3160743264540601,32
526,0,903,430,473,0,0,0,1.0,1,1.0,1,1.0,1,0.3160743264540601,32
527,1,904,430,474,0,0,0,1.0,1,1.0,1,1.0,1,0.35275732075290167,31
528,2,906,432,474,0,0,0,1.0,1,1.0,1,1.0,1,0.3676707749943755,31
529,0,906,432,474,0,0,0,1.0,1,1.0,1,1.0,1,0.39215380193270544,30
530,1,907,433,474,0,0,0,1.0,1,1.0,1,1.0,1,0.4426864235809078,30
531,3,910,433,477,0,0,0,1.0,1,1.0,1,1.0,1,0.38470791662878107,32
532,2,912,435,477,0,0,0,1.0,1,1.0,1,1.0,1,0.3574181701053054,32
533,0,912,435,477,0,0,0,1.0,1,1.0,1,1.0,1,0.36985059032426754,34
534,1,913,436,477,0,0,0,1.0,1,1.0,1,1.0,1,0.36635250047823453,34
535,2,915,438,477,0,0,0,1.0,1,1.0,1,1.0,1,0.4190029136321843,37
536,1,916,438,478,0,0,0,1.0,1,1.0,1,1.0,1,0.40743555080918886,37
537,1,917,439,478,0,0,0,1.0,1,1.0,1,1.0,1,0.4240567792547013,37
538,1,918,439,479,0,0,0,1.0,1,1.0,1,1.0,1,0.37892314065039373,38
539,2,920,439,481,0,0,0,1.0,1,1.0,1,1.0,1,0.31905667851871755,38
540,3,923,440,483,0,0,0,1.0,1,1.0,1,1.0,1,0.32107909766712955,38
541,2,925,440,485,0,0,0,1.0,1,1.0,1,1.0,1,0.2710914336566407,39
542,2,927,442,485,0,0,0,1.0,1,1.0,1,1.0,1,0.2774959078383818,40
543,1,928,443,485,0,0,0,1.0,1,1.0,1,1.0,1,0.28228999446499725,37
544,1,929,444,485,0,0,0,1.0,1,1.0,1,1.0,1,0.31152474033981203,35
545,1,930,445,485,0,0,0,1.0,1,1.0,1,1.0,1,0.27676903677056874,35
546,3,933,448,485,0,0,0,1.0,1,1.0,1,1.0,1,0.29767025327979074,35
547,1,934,449,485,0,0,0,1.0,1,1.0,1,1.0,1,0.279943470005569,34
548,4,938,451,487,0,0,0,1.0,1,1.0,1,1.0,1,0.3403841395365351,34
549,3,941,453,488,0,0,0,1.0,1,1.0,1,1.0,1,0.4133685401758095,31
550,0,941,453,488,0,0,0,1.0,1,1.0,1,1.0,1,0.402875581110934,30
551,5,946,454,492,0,0,0,1.0,1,1.0,1,1.0,1,0.3250987815038627,31
552,1,947,454,493,0,0,0,1.0,1,1.0,1,1.0,1,0.23148291016379177,29
553,2,949,454,495,0,0,0,1.0,1,1.0,1,1.0,1,0.170828911943791,30
554,1,950,454,496,0,0,0,1.0,1,1.0,1,1.0,1,0.14046571090006535,30
555,1,951,454,497,0,0,0,1.0,1,1.0,1,1.0,1,0.19695201756053302,30
556,1,952,454,498,0,0,0,1.0,1,1.0,1,1.0,1,0.2358870503933128,31
557,0,952,454,498,0,0,0,1.0,1,1.0,1,1.0,1,0.28829771198076665,31
558,0,952,454,498,0,0,0,1.0,1,1.0,1,1.0,1,0.28829771198076665,31
559,0,952,454,498,0,0,0,1.0,1,1.0,1,1.0,1,0.28829771198076665,31
560,1,953,454,499,0,0,0,1.0,1,1.0,1,1.0,1,0.23044434429206312,32
561,4,957,458,499,0,0,0,1.0,1,1.0,1,1.0,1,0.25618473859798924,33
562,0,957,458,499,0,0,0,1.0,1,1.0,1,1.0,1,0.25618473859798924,33
563,3,960,460,500,0,0,0,1.0,1,1.0,1,1.0,1,0.23997082656615512,33
564,1,961,461,500,0,0,0,1.0,1,1.0,1,1.0,1,0.264689905724572,34
565,3,964,461,503,0,0,0,1.0,1,1.0,1,1.0,1,0.17348662091765438,35
566,0,964,461,503,0,0,0,1.0,1,1.0,1,1.0,1,0.1908169800149102,36
567,2,966,463,503,0,0,0,1.0,1,1.0,1,1.0,1,0.24131306451077666,37
568,1,967,464,503,0,0,0,1.0,1,1.0,1,1.0,1,0.20836371961846775,36
569,1,968,464,504,0,0,0,1.0,1,1.0,1,1.0,1,0.18228277820560215,37
570,0,968,464,504,0,0,0,1.0,1,1.0,1,1.0,1,0.20032632197871006,38
571,1,969,465,504,0,0,0,1.0,1,1.0,1,1.0,1,0.2041017989018082,38
572,0,969,465,504,0,0,0,1.0,1,1.0,1,1.0,1,0.21281846831005996,39
573,0,969,465,504,0,0,0,1.0,1,1.0,1,1.0,1,0.21281846831005996,39
574,0,969,465,504,0,0,0,1.0,1,1.0,1,1.0,1,0.228297511866134,41
575,2,971,466,505,0,0,0,1.0,1,1.0,1,1.0,1,0.20778427880305816,41
576,0,971,466,505,0,0,0,1.0,1,1.0,1,1.0,1,0.21805737459179975,42
577,0,971,466,505,0,0,0,1.0,1,1.0,1,1.0,1,0.21805737459179975,42
578,2,973,467,506,0,0,0,1.0,1,1.0,1,1.0,1,0.21656525886840475,41
579,1,974,467,507,0,0,0,1.0,1,1.0,1,1.0,1,0.2012796590165063,42
580,5,979,469,510,0,0,0,1.0,1,1.0,1,1.0,1,0.19975688823876347,43
581,5,984,472,512,0,0,0,1.0,1,1.0,1,1.0,1,0.18291983320627117,42
582,3,987,473,514,0,0,0,1.0,1,1.0,1,1.0,1,0.16480230535347792,41
583,2,989,475,514,0,0,0,1.0,1,1.0,1,1.0,1,0.19842895457182547,40
584,1,990,476,514,0,0,0,1.0,1,1.0,1,1.0,1,0.2031027876123624,38
585,4,994,480,514,0,0,0,1.0,1,1.0,1,1.0,1,0.24931687709247574,38
586,3,997,483,514,0,0,0,1.0,1,1.0,1,1.0,1,0.3032799130334444,37
587,2,999,485,514,0,0,0,1.0,1,1.0,1,1.0,1,0.3022861242577455,35
588,2,1001,486,515,0,0,0,1.0,1,1.0,1,1.0,1,0.2749515895768773,35
589,1,1002,486,516,0,0,0,1.0,1,1.0,1,1.0,1,0.26137135368934966,34
590,3,1005,487,518,0,0,0,1.0,1,1.0,1,1.0,1,0.2349011400227837,36
591,3,1008,488,520,0,0,0,1.0,1,1.0,1,1.0,1,0.1607176060166342,35
592,3,1011,490,521,0,0,0,1.0,1,1.0,1,1.0,1,0.23526225654190627,37
593,2,1013,492,521,0,0,0,1.0,1,1.0,1,1.0,1,0.26580851642279235,36
594,1,1014,492,522,0,0,0,1.0,1,1.0,1,1.0,1,0.2212289858091671,35
595,0,1014,492,522,0,0,0,1.0,1,1.0,1,1.0,1,0.21016720221644164,34
596,1,1015,493,522,0,0,0,1.0,1,1.0,1,1.0,1,0.24849738381325082,34
597,1,1016,493,523,0,0,0,1.0,1,1.0,1,1.0,1,0.20579896351772817,33
598,0,1016,493,523,0,0,0,1.0,1,1.0,1,1.0,1,0.25655933388702973,33
599,0,1016,493,523,0,0,0,1.0,1,1.0,1,1.0,1,0.25655933388702973,33
600,2,1018,495,523,0,0,0,1.0,1,1.0,1,1.0,1,0.3116621884053707,33
601,2,1020,496,524,0,0,0,1.0,1,1.0,1,1.0,1,0.31375818878978223,34
602,3,1023,497,526,0,0,0,1.0,1,1.0,1,1.0,1,0.3172068247948125,35
603,0,1023,497,526,0,0,0,1.0,1,1.0,1,1.0,1,0.3312641812090164,35
604,0,1023,497,526,0,0,0,1.0,1,1.0,1,1.0,1,0.3002539791003151,35
605,0,1023,497,526,0,0,0,1.0,1,1.0,1,1.0,1,0.3290221600556171,35
606,1,1024,497,527,0,0,0,1.0,1,1.0,1,1.0,1,0.31468157110890166,35
607,1,1025,498,527,0,0,0,1.0,1,1.0,1,1.0,1,0.35900894034099007,35
608,1,1026,498,528,0,0,0,1.0,1,1.0,1,1.0,1,0.3373113358092659,36
609,2,1028,498,530,0,0,0,1.0,1,1.0,1,1.0,1,0.2953153334344807,37
610,2,1030,498,532,0,0,0,1.0,1,1.0,1,1.0,1,0.2612295606867828,37
611,3,1033,499,534,0,0,0,1.0,1,1.0,1,1.0,1,0.22147024055873613,39
612,3,1036,500,536,0,0,0,1.0,1,1.0,1,1.0,1,0.17783643772789604,39
613,1,1037,501,536,0,0,0,1.0,1,1.0,1,1.0,1,0.19475184927529585,39
614,2,1039,502,537,0,0,0,1.0,1,1.0,1,1.0,1,0.226236934632452,39
615,4,1043,504,539,0,0,0,1.0,1,1.0,1,1.0,1,0.20061594033825697,39
616,1,1044,505,539,0,0,0,1.0,1,1.0,1,1.0,1,0.25806745752339266,38
617,2,1046,506,540,0,0,0,1.0,1,1.0,1,1.0,1,0.262663537571099,39
618,2,1048,507,541,0,0,0,1.0,1,1.0,1,1.0,1,0.28258307175142944,40
619,2,1050,508,542,0,0,0,1.0,1,1.0,1,1.0,1,0.24461827687751087,39
620,0,1050,508,542,0,0,0,1.0,1,1.0,1,1.0,1,0.24987960834843723,38
621,2,1052,509,543,0,0,0,1.0,1,1.0,1,1.0,1,0.2094707151816268,38
622,1,1053,510,543,0,0,0,1.0,1,1.0,1,1.0,1,0.2278839425468998,38
623,3,1056,513,543,0,0,0,1.0,1,1.0,1,1.0,1,0.2352417955719151,37
624,6,1062,516,546,0,0,0,1.0,1,1.0,1,1.0,1,0.1841655849849452,33
625,1,1063,517,546,0,0,0,1.0,1,1.0,1,1.0,1,0.20492524581922847,32
626,2,1065,519,546,0,0,0,1.0,1,1.0,1,1.0,1,0.26431855008281696,31
627,4,1069,522,547,0,0,0,1.0,1,1.0,1,1.0,1,0.30486449038020114,30
628,4,1073,524,549,0,0,0,1.0,1,1.0,1,1.0,1,0.3033795485109258,32
629,2,1075,525,550,0,0,0,1.0,1,1.0,1,1.0,1,0.30531722188532195,29
630,3,1078,527,551,0,0,0,1.0,1,1.0,1,1.0,1,0.35555989161930873,29
631,2,1080,527,553,0,0,0,1.0,1,1.0,1,1.0,1,0.33622791353415127,25
632,0,1080,527,553,0,0,0,1.0,1,1.0,1,1.0,1,0.41625700962483825,24
633,0,1080,527,553,0,0,0,1.0,1,1.0,1,1.0,1,0.3992603860781529,23
634,1,1081,528,553,0,0,0,1.0,1,1.0,1,1.0,1,0.4157883098770546,23
635,2,1083,529,554,0,0,0,1.0,1,1.0,1,1.0,1,0.4165431511419533,22
636,0,1083,529,554,0,0,0,1.0,1,1.0,1,1.0,1,0.4563049902146687,22
637,1,1084,530,554,0,0,0,1.0,1,1.0,1,1.0,1,0.46908581772509117,23
638,1,1085,531,554,0,0,0,1.0,1,1.0,1,1.0,1,0.49101111729102437,23
639,1,1086,531,555,0,0,0,1.0,1,1.0,1,1.0,1,0.44393117313564356,24
640,1,1087,532,555,0,0,0,1.0,1,1.0,1,1.0,1,0.4824592867228661,24
641,4,1091,532,559,0,0,0,1.0,1,1.0,1,1.0,1,0.3825287625067378,25
642,2,1093,532,561,0,0,0,1.0,1,1.0,1,1.0,1,0.2842316885918902,26
643,1,1094,532,562,0,0,0,1.0,1,1.0,1,1.0,1,0.2061697355445525,28
644,0,1094,532,562,0,0,0,1.0,1,1.0,1,1.0,1,0.2061697355445525,28
645,3,1097,533,564,0,0,0,1.0,1,1.0,1,1.0,1,0.22113369162903437,28
646,1,1098,533,565,0,0,0,1.0,1,1.0,1,1.0,1,0.23899440045208123,29
647,6,1104,534,570,0,0,0,1.0,1,1.0,1,1.0,1,0.30103794657820715,30
648,2,1106,534,572,0,0,0,1.0,1,1.0,1,1.0,1,0.2780602043456824,30
649,7,1113,535,578,0,0,0,1.0,1,1.0,1,1.0,1,0.31192695391927916,31
650,4,1117,535,582,0,0,0,1.0,1,1.0,1,1.0,1,0.31192695391927916,31
651,4,1121,536,585,0,0,0,1.0,1,1.0,1,1.0,1,0.203154853143317,32
652,1,1122,536,586,0,0,0,1.0,1,1.0,1,1.0,1,0.1508729458318458,32
653,0,1122,536,586,0,0,0,1.0,1,1.0,1,1.0,1,0.1443559149084199,33
654,0,1122,536,586,0,0,0,1.0,1,1.0,1,1.0,1,0.1443559149084199,33
655,1,1123,537,586,0,0,0,1.0,1,1.0,1,1.0,1,0.18346692531008663,36
656,1,1124,538,586,0,0,0,1.0,1,1.0,1,1.0,1,0.2091041467792889,36
657,2,1126,539,587,0,0,0,1.0,1,1.0,1,1.0,1,0.22010444830193698,35
658,1,1127,540,587,0,0,0,1.0,1,1.0,1,1.0,1,0.23645094116122745,33
659,1,1128,541,587,0,0,0,1.0,1,1.0,1,1.0,1,0.255329681081832,35
660,1,1129,541,588,0,0,0,1.0,1,1.0,1,1.0,1,0.27362335826001405,34
661,1,1130,542,588,0,0,0,1.0,1,1.0,1,1.0,1,0.29939029106334597,33
662,2,1132,544,588,0,0,0,1.0,1,1.0,1,1.0,1,0.35745719950555555,31
663,0,1132,544,588,0,0,0,1.0,1,1.0,1,1.0,1,0.38327055675481675,29
664,2,1134,545,589,0,0,0,1.0,1,1.0,1,1.0,1,0.36854855159488764,27
665,2,1136,546,590,0,0,0,1.0,1,1.0,1,1.0,1,0.3087051052100208,27
666,3,1139,548,591,0,0,0,1.0,1,1.0,1,1.0,1,0.36084461150703445,28
667,3,1142,549,593,0,0,0,1.0,1,1.0,1,1.0,1,0.29763945382318785,26
668,1,1143,550,593,0,0,0,1.0,1,1.0,1,1.0,1,0.3433744373498725,26
669,3,1146,553,593,0,0,0,1.0,1,1.0,1,1.0,1,0.20715985286378263,25
670,0,1146,553,593,0,0,0,1.0,1,1.0,1,1.0,1,0.19236707634956582,24
671,0,1146,553,593,0,0,0,1.0,1,1.0,1,1.0,1,0.19236707634956582,24
672,1,1147,554,593,0,0,0,1.0,1,1.0,1,1.0,1,0.22045145822142617,25
673,1,1148,555,593,0,0,0,1.0,1,1.0,1,1.0,1,0.19878108492303947,25
674,0,1148,555,593,0,0,0,1.0,1,1.0,1,1.0,1,0.19878108492303947,25
675,4,1152,557,595,0,0,0,1.0,1,1.0,1,1.0,1,0.24623261301739605,26
676,4,1156,560,596,0,0,0,1.0,1,1.0,1,1.0,1,0.15891013140581825,27
677,0,1156,560,596,0,0,0,1.0,1,1.0,1,1.0,1,0.17883786299609894,28
678,1,1157,561,596,0,0,0,1.0,1,1.0,1,1.0,1,0.18406575591551377,28
679,1,1158,562,596,0,0,0,1.0,1,1.0,1,1.0,1,0.23532823230960245,30
680,0,1158,562,596,0,0,0,1.0,1,1.0,1,1.0,1,0.25916895954788916,29
681,1,1159,563,596,0,0,0,1.0,1,1.0,1,1.0,1,0.31420312939929823,29
682,1,1160,563,597,0,0,0,1.0,1,1.0,1,1.0,1,0.29219176476291725,30
683,1,1161,563,598,0,0,0,1.0,1,1.0,1,1.0,1,0.2514485739062274,30
684,1,1162,563,599,0,0,0,1.0,1,1.0,1,1.0,1,0.2418590969512122,31
685,3,1165,564,601,0,0,0,1.0,1,1.0,1,1.0,1,0.20573599037818718,30
686,1,1166,565,601,0,0,0,1.0,1,1.0,1,1.0,1,0.2262375233894782,30
687,1,1167,566,601,0,0,0,1.0,1,1.0,1,1.0,1,0.294412127572787,30
688,1,1168,566,602,0,0,0,1.0,1,1.0,1,1.0,1,0.2576537131749504,31
689,0,1168,566,602,0,0,0,1.0,1,1.0,1,1.0,1,0.253918051863939,32
690,0,1168,566,602,0,0,0,1.0,1,1.0,1,1.0,1,0.253918051863939,32
691,1,1169,566,603,0,0,0,1.0,1,1.0,1,1.0,1,0.22166077608433005,32
692,2,1171,568,603,0,0,0,1.0,1,1.0,1,1.0,1,0.2608837054619524,32
693,1,1172,569,603,0,0,0,1.0,1,1.0,1,1.0,1,0.27022549312486804,34
694,8,1180,573,607,0,0,0,1.0,1,1.0,1,1.0,1,0.321026397802309,36
695,4,1184,574,610,0,0,0,1.0,1,1.0,1,1.0,1,0.2167829558102729,34
696,0,1184,574,610,0,0,0,1.0,1,1.0,1,1.0,1,0.2240174236678952,33
697,0,1184,574,610,0,0,0,1.0,1,1.0,1,1.0,1,0.2240126222459294,33
698,3,1187,577,610,0,0,0,1.0,1,1.0,1,1.0,1,0.20826853508761417,34
699,0,1187,577,610,0,0,0,1.0,1,1.0,1,1.0,1,0.18734368299645893,33
700,1,1188,577,611,0,0,0,1.0,1,1.0,1,1.0,1,0.09909053705465681,32
701,0,1188,577,611,0,0,0,1.0,1,1.0,1,1.0,1,0.10826144130670311,33
702,2,1190,579,611,0,0,0,1.0,1,1.0,1,1.0,1,0.1732576895682068,34
703,2,1192,580,612,0,0,0,1.0,1,1.0,1,1.0,1,0.1402763068178876,32
704,0,1192,580,612,0,0,0,1.0,1,1.0,1,1.0,1,0.1084604446896628,31
705,5,1197,584,613,0,0,0,1.0,1,1.0,1,1.0,1,0.2045348323754546,33
706,2,1199,586,613,0,0,0,1.0,1,1.0,1,1.0,1,0.27636426968699374,33
707,1,1200,587,613,0,0,0,1.0,1,1.0,1,1.0,1,0.23326413165547794,31
708,1,1201,588,613,0,0,0,1.0,1,1.0,1,1.0,1,0.29099217026377533,31
709,2,1203,589,614,0,0,0,1.0,1,1.0,1,1.0,1,0.2824096490648625,30
710,0,1203,589,614,0,0,0,1.0,1,1.0,1,1.0,1,0.2824096490648625,30
711,1,1204,589,615,0,0,0,1.0,1,1.0,1,1.0,1,0.2539613764385927,30
712,0,1204,589,615,0,0,0,1.0,1,1.0,1,1.0,1,0.28292431341526825,30
713,0,1204,589,615,0,0,0,1.0,1,1.0,1,1.0,1,0.303634582284575,31
714,1,1205,589,616,0,0,0,1.0,1,1.0,1,1.0,1,0.30749413391370944,31
715,0,1205,589,616,0,0,0,1.0,1,1.0,1,1.0,1,0.3073355323822873,30
716,1,1206,590,616,0,0,0,1.0,1,1.0,1,1.0,1,0.3784283858897832,31
717,1,1207,590,617,0,0,0,1.0,1,1.0,1,1.0,1,0.3535577489304543,32
718,0,1207,590,617,0,0,0,1.0,1,1.0,1,1.0,1,0.3535577489304543,32
719,1,1208,591,617,0,0,0,1.0,1,1.0,1,1.0,1,0.34035378404110816,32
720,0,1208,591,617,0,0,0,1.0,1,1.0,1,1.0,1,0.3350820226728984,34
721,1,1209,592,617,0,0,0,1.0,1,1.0,1,1.0,1,0.36711022786950265,34
722,1,1210,592,618,0,0,0,1.0,1,1.0,1,1.0,1,0.35583591371625495,34
723,2,1212,592,620,0,0,0,1.0,1,1.0,1,1.0,1,0.3116936164426924,35
724,0,1212,592,620,0,0,0,1.0,1,1.0,1,1.0,1,0.31873723336746207,36
725,4,1216,592,624,0,0,0,1.0,1,1.0,1,1.0,1,0.2433421741709611,37
726,1,1217,592,625,0,0,0,1.0,1,1.0,1,1.0,1,0.2243617983912041,37
727,0,1217,592,625,0,0,0,1.0,1,1.0,1,1.0,1,0.2414581701746524,38
728,0,1217,592,625,0,0,0,1.0,1,1.0,1,1.0,1,0.22736981418204166,39
729,0,1217,592,625,0,0,0,1.0,1,1.0,1,1.0,1,0.22736981418204166,39
730,0,1217,592,625,0,0,0,1.0,1,1.0,1,1.0,1,0.2359477877359516,40
731,1,1218,592,626,0,0,0,1.0,1,1.0,1,1.0,1,0.22750912030131407,40
732,1,1219,592,627,0,0,0,1.0,1,1.0,1,1.0,1,0.24296520392453247,41
733,1,1220,593,627,0,0,0,1.0,1,1.0,1,1.0,1,0.23032836028309014,41
734,1,1221,594,627,0,0,0,1.0,1,1.0,1,1.0,1,0.2586787916717693,42
735,1,1222,595,627,0,0,0,1.0,1,1.0,1,1.0,1,0.25733990299643167,42
736,0,1222,595,627,0,0,0,1.0,1,1.0,1,1.0,1,0.2646738957963366,41
737,4,1226,596,630,0,0,0,1.0,1,1.0,1,1.0,1,0.30672373287373544,41
738,1,1227,596,631,0,0,0,1.0,1,1.0,1,1.0,1,0.2693612608291896,39
739,2,1229,597,632,0,0,0,1.0,1,1.0,1,1.0,1,0.2758390092330712,39
740,0,1229,597,632,0,0,0,1.0,1,1.0,1,1.0,1,0.3104446431707915,39
741,1,1230,597,633,0,0,0,1.0,1,1.0,1,1.0,1,0.2915554847031115,38
742,2,1232,598,634,0,0,0,1.0,1,1.0,1,1.0,1,0.2766245051677595,39
743,4,1236,600,636,0,0,0,1.0,1,1.0,1,1.0,1,0.20626497035220062,39
744,2,1238,601,637,0,0,0,1.0,1,1.0,1,1.0,1,0.18350206230593788,39
745,4,1242,604,638,0,0,0,1.0,1,1.0,1,1.0,1,0.23607358299712225,39
746,3,1245,605,640,0,0,0,1.0,1,1.0,1,1.0,1,0.2514635420682853,40
747,2,1247,606,641,0,0,0,1.0,1,1.0,1,1.0,1,0.23671758230752732,41
748,3,1250,608,642,0,0,0,1.0,1,1.0,1,1.0,1,0.19957830022780695,41
749,3,1253,610,643,0,0,0,1.0,1,1.0,1,1.0,1,0.18743019946175948,41
750,3,1256,612,644,0,0,0,1.0,1,1.0,1,1.0,1,0.1984228924716885,39
751,1,1257,613,644,0,0,0,1.0,1,1.0,1,1.0,1,0.18962961524981253,41
752,2,1259,614,645,0,0,0,1.0,1,1.0,1,1.0,1,0.19761951141030695,41
753,1,1260,614,646,0,0,0,1.0,1,1.0,1,1.0,1,0.18585656570186707,41
754,3,1263,617,646,0,0,0,1.0,1,1.0,1,1.0,1,0.22475554916737497,41
755,0,1263,617,646,0,0,0,1.0,1,1.0,1,1.0,1,0.24454322066713075,41
756,0,1263,617,646,0,0,0,1.0,1,1.0,1,1.0,1,0.24454322066713075,41
757,1,1264,618,646,0,0,0,1.0,1,1.0,1,1.0,1,0.31279930619150903,39
758,0,1264,618,646,0,0,0,1.0,1,1.0,1,1.0,1,0.2828014775535433,39
759,0,1264,618,646,0,0,0,1.0,1,1.0,1,1.0,1,0.2837292995113045,39
760,2,1266,618,648,0,0,0,1.0,1,1.0,1,1.0,1,0.2358397600021527,40
761,3,1269,618,651,0,0,0,1.0,1,1.0,1,1.0,1,0.14857616545958094,41
762,0,1269,618,651,0,0,0,1.0,1,1.0,1,1.0,1,0.16370048208106877,42
763,0,1269,618,651,0,0,0,1.0,1,1.0,1,1.0,1,0.18130711105251296,43
764,0,1269,618,651,0,0,0,1.0,1,1.0,1,1.0,1,0.18130711105251296,43
765,0,1269,618,651,0,0,0,1.0,1,1.0,1,1.0,1,0.1526282809140796,45
766,1,1270,619,651,0,0,0,1.0,1,1.0,1,1.0,1,0.14582074820695048,45
767,0,1270,619,651,0,0,0,1.0,1,1.0,1,1.0,1,0.15749047508340205,46
768,0,1270,619,651,0,0,0,1.0,1,1.0,1,1.0,1,0.16243600039080794,45
769,0,1270,619,651,0,0,0,1.0,1,1.0,1,1.0,1,0.17840928654819535,46
770,0,1270,619,651,0,0,0,1.0,1,1.0,1,1.0,1,0.16929188060959866,47
771,5,1275,623,652,0,0,0,1.0,1,1.0,1,1.0,1,0.2238604710585214,47
772,2,1277,624,653,0,0,0,1.0,1,1.0,1,1.0,1,0.24614822826198252,46
773,2,1279,626,653,0,0,0,1.0,1,1.0,1,1.0,1,0.2605633872208843,45
774,0,1279,626,653,0,0,0,1.0,1,1.0,1,1.0,1,0.29723001920359715,45
775,3,1282,628,654,0,0,0,1.0,1,1.0,1,1.0,1,0.2913170087253942,45
776,0,1282,628,654,0,0,0,1.0,1,1.0,1,1.0,1,0.2675292394183544,43
777,1,1283,628,655,0,0,0,1.0,1,1.0,1,1.0,1,0.2737711165907161,44
778,2,1285,629,656,0,0,0,1.0,1,1.0,1,1.0,1,0.2984633788159655,45
779,0,1285,629,656,0,0,0,1.0,1,1.0,1,1.0,1,0.2984633788159655,45
780,1,1286,630,656,0,0,0,1.0,1,1.0,1,1.0,1,0.3230003432318116,45
781,5,1291,630,661,0,0,0,1.0,1,1.0,1,1.0,1,0.23924922891740555,46
782,1,1292,631,661,0,0,0,1.0,1,1.0,1,1.0,1,0.3187857099110124,47
783,2,1294,632,662,0,0,0,1.0,1,1.0,1,1.0,1,0.28586509436462254,46
784,1,1295,632,663,0,0,0,1.0,1,1.0,1,1.0,1,0.2825352997461064,45
785,0,1295,632,663,0,0,0,1.0,1,1.0,1,1.0,1,0.29281378922666956,43
786,1,1296,633,663,0,0,0,1.0,1,1.0,1,1.0,1,0.28213733962145765,43
787,2,1298,634,664,0,0,0,1.0,1,1.0,1,1.0,1,0.2641566953703481,43
788,3,1301,636,665,0,0,0,1.0,1,1.0,1,1.0,1,0.2566601284976603,44
789,1,1302,636,666,0,0,0,1.0,1,1.0,1,1.0,1,0.22743911622305815,46
790,2,1304,637,667,0,0,0,1.0,1,1.0,1,1.0,1,0.23060074169387842,46
791,5,1309,638,671,0,0,0,1.0,1,1.0,1,1.0,1,0.19162061938882274,46
792,0,1309,638,671,0,0,0,1.0,1,1.0,1,1.0,1,0.19765125739250797,47
793,0,1309,638,671,0,0,0,1.0,1,1.0,1,1.0,1,0.21697344649506867,48
794,1,1310,639,671,0,0,0,1.0,1,1.0,1,1.0,1,0.2498246326480596,48
795,0,1310,639,671,0,0,0,1.0,1,1.0,1,1.0,1,0.24331771372045963,47
796,1,1311,640,671,0,0,0,1.0,1,1.0,1,1.0,1,0.2663382714378568,45
797,2,1313,641,672,0,0,0,1.0,1,1.0,1,1.0,1,0.27055059103499357,47
798,2,1315,642,673,0,0,0,1.0,1,1.0,1,1.0,1,0.27370280844106704,48
799,2,1317,644,673,0,0,0,1.0,1,1.0,1,1.0,1,0.2795394128396156,48
800,2,1319,646,673,0,0,0,1.0,1,1.0,1,1.0,1,0.2929414125217373,48
801,4,1323,647,676,0,0,0,1.0,1,1.0,1,1.0,1,0.2358459491989182,49
802,4,1327,649,678,0,0,0,1.0,1,1.0,1,1.0,1,0.21777977741481055,50
803,1,1328,649,679,0,0,0,1.0,1,1.0,1,1.0,1,0.2083897113916399,50
804,0,1328,649,679,0,0,0,1.0,1,1.0,1,1.0,1,0.2083897113916399,50
805,0,1328,649,679,0,0,0,1.0,1,1.0,1,1.0,1,0.2083897113916399,50
806,0,1328,649,679,0,0,0,1.0,1,1.0,1,1.0,1,0.20243259961555507,51
807,0,1328,649,679,0,0,0,1.0,1,1.0,1,1.0,1,0.20243259961555507,51
808,3,1331,649,682,0,0,0,1.0,1,1.0,1,1.0,1,0.20637992759856214,53
809,2,1333,649,684,0,0,0,1.0,1,1.0,1,1.0,1,0.20335600490137212,51
810,1,1334,649,685,0,0,0,1.0,1,1.0,1,1.0,1,0.2126132727512401,52
811,4,1338,651,687,0,0,0,1.0,1,1.0,1,1.0,1,0.23485953962513798,50
812,2,1340,652,688,0,0,0,1.0,1,1.0,1,1.0,1,0.2579735408052356,51
813,3,1343,654,689,0,0,0,1.0,1,1.0,1,1.0,1,0.28784555656251115,51
814,4,1347,654,693,0,0,0,1.0,1,1.0,1,1.0,1,0.25198927623508927,52
815,1,1348,655,693,0,0,0,1.0,1,1.0,1,1.0,1,0.2661873175020803,50
816,1,1349,655,694,0,0,0,1.0,1,1.0,1,1.0,1,0.2619818161822409,50
817,0,1349,655,694,0,0,0,1.0,1,1.0,1,1.0,1,0.26059762690206595,49
818,0,1349,655,694,0,0,0,1.0,1,1.0,1,1.0,1,0.25297503890093626,49
819,0,1349,655,694,0,0,0,1.0,1,1.0,1,1.0,1,0.25338397622205455,50
820,0,1349,655,694,0,0,0,1.0,1,1.0,1,1.0,1,0.27308546731915223,49
821,3,1352,655,697,0,0,0,1.0,1,1.0,1,1.0,1,0.2543022702835934,49
822,3,1355,656,699,0,0,0,1.0,1,1.0,1,1.0,1,0.21792219415717676,49
823,2,1357,658,699,0,0,0,1.0,1,1.0,1,1.0,1,0.256182825647963,47
824,3,1360,660,700,0,0,0,1.0,1,1.0,1,1.0,1,0.2521630753196362,45
825,0,1360,660,700,0,0,0,1.0,1,1.0,1,1.0,1,0.24904934263490733,43
826,3,1363,663,700,0,0,0,1.0,1,1.0,1,1.0,1,0.2409920329069177,44
827,2,1365,664,701,0,0,0,1.0,1,1.0,1,1.0,1,0.2117270162757892,43
828,3,1368,666,702,0,0,0,1.0,1,1.0,1,1.0,1,0.2706269279910319,43
829,3,1371,668,703,0,0,0,1.0,1,1.0,1,1.0,1,0.25792915372437275,45
830,3,1374,669,705,0,0,0,1.0,1,1.0,1,1.0,1,0.2504957568801897,46
831,4,1378,670,708,0,0,0,1.0,1,1.0,1,1.0,1,0.20249640892662135,48
832,1,1379,671,708,0,0,0,1.0,1,1.0,1,1.0,1,0.20974628969758646,47
833,1,1380,672,708,0,0,0,1.0,1,1.0,1,1.0,1,0.21762282715653705,47
834,0,1380,672,708,0,0,0,1.0,1,1.0,1,1.0,1,0.21986460284161263,46
835,0,1380,672,708,0,0,0,1.0,1,1.0,1,1.0,1,0.2157999307061324,45
836,1,1381,672,709,0,0,0,1.0,1,1.0,1,1.0,1,0.2181454953272022,46
837,1,1382,672,710,0,0,0,1.0,1,1.0,1,1.0,1,0.18811045484065028,46
838,0,1382,672,710,0,0,0,1.0,1,1.0,1,1.0,1,0.19113623146101094,45
839,3,1385,673,712,0,0,0,1.0,1,1.0,1,1.0,1,0.16585651832706627,46
840,1,1386,673,713,0,0,0,1.0,1,1.0,1,1.0,1,0.15589298173234514,46
841,2,1388,674,714,0,0,0,1.0,1,1.0,1,1.0,1,0.1755795338496375,46
842,1,1389,675,714,0,0,0,1.0,1,1.0,1,1.0,1,0.2007689053373824,46
843,0,1389,675,714,0,0,0,1.0,1,1.0,1,1.0,1,0.2007689053373824,46
844,2,1391,677,714,0,0,0,1.0,1,1.0,1,1.0,1,0.21842466634009688,47
845,2,1393,678,715,0,0,0,1.0,1,1.0,1,1.0,1,0.26756091810528077,48
846,1,1394,678,716,0,0,0,1.0,1,1.0,1,1.0,1,0.25016774697680455,47
847,0,1394,678,716,0,0,0,1.0,1,1.0,1,1.0,1,0.2869549200498339,48
848,2,1396,678,718,0,0,0,1.0,1,1.0,1,1.0,1,0.2284385646307679,48
849,1,1397,679,718,0,0,0,1.0,1,1.0,1,1.0,1,0.2755158915011536,48
850,0,1397,679,718,0,0,0,1.0,1,1.0,1,1.0,1,0.2749576681672555,46
851,4,1401,679,722,0,0,0,1.0,1,1.0,1,1.0,1,0.2353004013585399,45
852,2,1403,681,722,0,0,0,1.0,1,1.0,1,1.0,1,0.22099498901887807,44
853,1,1404,682,722,0,0,0,1.0,1,1.0,1,1.0,1,0.22736170186240168,44
854,3,1407,684,723,0,0,0,1.0,1,1.0,1,1.0,1,0.23606313025939116,45
855,1,1408,684,724,0,0,0,1.0,1,1.0,1,1.0,1,0.22001292065503636,46
856,0,1408,684,724,0,0,0,1.0,1,1.0,1,1.0,1,0.22001292065503636,46
857,0,1408,684,724,0,0,0,1.0,1,1.0,1,1.0,1,0.21148061770325322,47
858,4,1412,687,725,0,0,0,1.0,1,1.0,1,1.0,1,0.23200740827256952,48
859,1,1413,687,726,0,0,0,1.0,1,1.0,1,1.0,1,0.20737614220180664,48
860,0,1413,687,726,0,0,0,1.0,1,1.0,1,1.0,1,0.21692888551126768,49
861,3,1416,688,728,0,0,0,1.0,1,1.0,1,1.0,1,0.22472555322430082,49
862,1,1417,688,729,0,0,0,1.0,1,1.0,1,1.0,1,0.21041501997515097,49
863,1,1418,689,729,0,0,0,1.0,1,1.0,1,1.0,1,0.24043457939552387,48
864,2,1420,691,729,0,0,0,1.0,1,1.0,1,1.0,1,0.2835425257080332,49
865,3,1423,691,732,0,0,0,1.0,1,1.0,1,1.0,1,0.21614610603133544,48
866,1,1424,692,732,0,0,0,1.0,1,1.0,1,1.0,1,0.22833362408655217,50
867,1,1425,693,732,0,0,0,1.0,1,1.0,1,1.0,1,0.22444706777493756,50
868,3,1428,695,733,0,0,0,1.0,1,1.0,1,1.0,1,0.25171466426891703,51
869,3,1431,696,735,0,0,0,1.0,1,1.0,1,1.0,1,0.1791135980152343,49
870,0,1431,696,735,0,0,0,1.0,1,1.0,1,1.0,1,0.1791135980152343,49
871,2,1433,697,736,0,0,0,1.0,1,1.0,1,1.0,1,0.14593820223661957,49
872,2,1435,698,737,0,0,0,1.0,1,1.0,1,1.0,1,0.1340235691942305,48
873,4,1439,702,737,0,0,0,1.0,1,1.0,1,1.0,1,0.23363452240188406,49
874,5,1444,702,742,0,0,0,1.0,1,1.0,1,1.0,1,0.15330917343119943,49
875,0,1444,702,742,0,0,0,1.0,1,1.0,1,1.0,1,0.1638188296696944,50
876,1,1445,703,742,0,0,0,1.0,1,1.0,1,1.0,1,0.1804539415155126,50
877,4,1449,707,742,0,0,0,1.0,1,1.0,1,1.0,1,0.19503579022272177,50
878,1,1450,708,742,0,0,0,1.0,1,1.0,1,1.0,1,0.21203531288641173,49
879,1,1451,709,742,0,0,0,1.0,1,1.0,1,1.0,1,0.22508943967735645,49
880,2,1453,710,743,0,0,0,1.0,1,1.0,1,1.0,1,0.2707795615280255,48
881,6,1459,711,748,0,0,0,1.0,1,1.0,1,1.0,1,0.17448003030906364,49
882,0,1459,711,748,0,0,0,1.0,1,1.0,1,1.0,1,0.20303037647758676,48
883,2,1461,711,750,0,0,0,1.0,1,1.0,1,1.0,1,0.16703139725459556,50
884,1,1462,712,750,0,0,0,1.0,1,1.0,1,1.0,1,0.2113725337802257,50
885,2,1464,713,751,0,0,0,1.0,1,1.0,1,1.0,1,0.19475999634058624,49
886,0,1464,713,751,0,0,0,1.0,1,1.0,1,1.0,1,0.21957155776744774,49
887,1,1465,714,751,0,0,0,1.0,1,1.0,1,1.0,1,0.22378333662614747,49
888,0,1465,714,751,0,0,0,1.0,1,1.0,1,1.0,1,0.23933844710492722,47
889,2,1467,716,751,0,0,0,1.0,1,1.0,1,1.0,1,0.29518599303013765,46
890,0,1467,716,751,0,0,0,1.0,1,1.0,1,1.0,1,0.2976508337840287,44
891,4,1471,717,754,0,0,0,1.0,1,1.0,1,1.0,1,0.3064974171535626,45
892,4,1475,718,757,0,0,0,1.0,1,1.0,1,1.0,1,0.26199837380904095,45
893,0,1475,718,757,0,0,0,1.0,1,1.0,1,1.0,1,0.26199837380904095,45
894,0,1475,718,757,0,0,0,1.0,1,1.0,1,1.0,1,0.24962472688034473,44
895,1,1476,719,757,0,0,0,1.0,1,1.0,1,1.0,1,0.2805884347880384,45
896,2,1478,720,758,0,0,0,1.0,1,1.0,1,1.0,1,0.27232777297161337,44
897,1,1479,720,759,0,0,0,1.0,1,1.0,1,1.0,1,0.24608533412338512,44
898,2,1481,720,761,0,0,0,1.0,1,1.0,1,1.0,1,0.23333970887370867,45
899,0,1481,720,761,0,0,0,1.0,1,1.0,1,1.0,1,0.23458121160357265,44
900,3,1484,720,764,0,0,0,1.0,1,1.0,1,1.0,1,0.23253120459575233,46
901,2,1486,720,766,0,0,0,1.0,1,1.0,1,1.0,1,0.19955152151162256,45
902,3,1489,723,766,0,0,0,1.0,1,1.0,1,1.0,1,0.1962404996054449,45
903,0,1489,723,766,0,0,0,1.0,1,1.0,1,1.0,1,0.2346756837510325,44
904,2,1491,725,766,0,0,0,1.0,1,1.0,1,1.0,1,0.2753665264809975,45
905,5,1496,726,770,0,0,0,1.0,1,1.0,1,1.0,1,0.24989363124648606,45
906,2,1498,727,771,0,0,0,1.0,1,1.0,1,1.0,1,0.21449196731877418,45
907,1,1499,728,771,0,0,0,1.0,1,1.0,1,1.0,1,0.22466436524098105,46
908,2,1501,729,772,0,0,0,1.0,1,1.0,1,1.0,1,0.1879426162069847,46
909,4,1505,732,773,0,0,0,1.0,1,1.0,1,1.0,1,0.19722066256588622,46
910,1,1506,732,774,0,0,0,1.0,1,1.0,1,1.0,1,0.22121895423069338,44
911,3,1509,733,776,0,0,0,1.0,1,1.0,1,1.0,1,0.15661391886382428,45
912,0,1509,733,776,0,0,0,1.0,1,1.0,1,1.0,1,0.17781263714578824,44
913,1,1510,733,777,0,0,0,1.0,1,1.0,1,1.0,1,0.17702013106163866,45
914,2,1512,735,777,0,0,0,1.0,1,1.0,1,1.0,1,0.20488884134559204,45
915,0,1512,735,777,0,0,0,1.0,1,1.0,1,1.0,1,0.20488884134559204,45
916,0,1512,735,777,0,0,0,1.0,1,1.0,1,1.0,1,0.20488884134559204,45
917,3,1515,736,779,0,0,0,1.0,1,1.0,1,1.0,1,0.23878317678447344,46
918,2,1517,737,780,0,0,0,1.0,1,1.0,1,1.0,1,0.23302647580200675,47
919,0,1517,737,780,0,0,0,1.0,1,1.0,1,1.0,1,0.23302647580200675,47
920,0,1517,737,780,0,0,0,1.0,1,1.0,1,1.0,1,0.23302647580200675,47
921,6,1523,739,784,0,0,0,1.0,1,1.0,1,1.0,1,0.18267837343076176,49
922,3,1526,741,785,0,0,0,1.0,1,1.0,1,1.0,1,0.1492603329890201,49
923,1,1527,742,785,0,0,0,1.0,1,1.0,1,1.0,1,0.2025926044179395,47
924,1,1528,743,785,0,0,0,1.0,1,1.0,1,1.0,1,0.23593247602882464,47
925,2,1530,744,786,0,0,0,1.0,1,1.0,1,1.0,1,0.24840634759306077,47
926,1,1531,744,787,0,0,0,1.0,1,1.0,1,1.0,1,0.2604821715348587,46
927,2,1533,744,789,0,0,0,1.0,1,1.0,1,1.0,1,0.2485520295840348,45
928,0,1533,744,789,0,0,0,1.0,1,1.0,1,1.0,1,0.24966444672913002,43
929,0,1533,744,789,0,0,0,1.0,1,1.0,1,1.0,1,0.2716515539900456,42
930,1,1534,745,789,0,0,0,1.0,1,1.0,1,1.0,1,0.2779573888866258,41
931,4,1538,747,791,0,0,0,1.0,1,1.0,1,1.0,1,0.23895535259440012,40
932,1,1539,747,792,0,0,0,1.0,1,1.0,1,1.0,1,0.22662913791313768,40
933,2,1541,749,792,0,0,0,1.0,1,1.0,1,1.0,1,0.23216761063616775,39
934,2,1543,750,793,0,0,0,1.0,1,1.0,1,1.0,1,0.24404819861708515,39
935,4,1547,752,795,0,0,0,1.0,1,1.0,1,1.0,1,0.2910430853052778,41
936,1,1548,752,796,0,0,0,1.0,1,1.0,1,1.0,1,0.26941978723983034,42
937,2,1550,753,797,0,0,0,1.0,1,1.0,1,1.0,1,0.3179969856973379,43
938,2,1552,753,799,0,0,0,1.0,1,1.0,1,1.0,1,0.31656702095465694,44
939,1,1553,753,800,0,0,0,1.0,1,1.0,1,1.0,1,0.29407590461628097,46
940,0,1553,753,800,0,0,0,1.0,1,1.0,1,1.0,1,0.31132511318751055,46
941,0,1553,753,800,0,0,0,1.0,1,1.0,1,1.0,1,0.31132511318751055,46
942,2,1555,754,801,0,0,0,1.0,1,1.0,1,1.0,1,0.28553819212168097,46
943,3,1558,755,803,0,0,0,1.0,1,1.0,1,1.0,1,0.25248994558426924,45
944,2,1560,757,803,0,0,0,1.0,1,1.0,1,1.0,1,0.25378051751987807,45
945,3,1563,758,805,0,0,0,1.0,1,1.0,1,1.0,1,0.21256797228475946,44
946,2,1565,760,805,0,0,0,1.0,1,1.0,1,1.0,1,0.2373808877710687,46
947,0,1565,760,805,0,0,0,1.0,1,1.0,1,1.0,1,0.23176443751325546,44
948,1,1566,761,805,0,0,0,1.0,1,1.0,1,1.0,1,0.252874056050889,44
949,5,1571,762,809,0,0,0,1.0,1,1.0,1,1.0,1,0.30983633753365103,44
950,1,1572,762,810,0,0,0,1.0,1,1.0,1,1.0,1,0.31050912703881733,43
951,4,1576,762,814,0,0,0,1.0,1,1.0,1,1.0,1,0.2651161175920269,42
952,1,1577,763,814,0,0,0,1.0,1,1.0,1,1.0,1,0.2852286196143112,42
953,0,1577,763,814,0,0,0,1.0,1,1.0,1,1.0,1,0.2737719898916267,41
954,1,1578,764,814,0,0,0,1.0,1,1.0,1,1.0,1,0.26600975634059193,40
955,0,1578,764,814,0,0,0,1.0,1,1.0,1,1.0,1,0.25859587138322854,42
956,2,1580,766,814,0,0,0,1.0,1,1.0,1,1.0,1,0.2633095110702144,43
957,0,1580,766,814,0,0,0,1.0,1,1.0,1,1.0,1,0.2686354372856743,42
958,1,1581,766,815,0,0,0,1.0,1,1.0,1,1.0,1,0.29801364275034764,43
959,4,1585,766,819,0,0,0,1.0,1,1.0,1,1.0,1,0.2490863266193116,45
960,2,1587,767,820,0,0,0,1.0,1,1.0,1,1.0,1,0.2674442722096972,47
961,1,1588,767,821,0,0,0,1.0,1,1.0,1,1.0,1,0.27376085521017796,45
962,2,1590,769,821,0,0,0,1.0,1,1.0,1,1.0,1,0.3061600023764115,45
963,2,1592,770,822,0,0,0,1.0,1,1.0,1,1.0,1,0.30630930441923626,44
964,4,1596,771,825,0,0,0,1.0,1,1.0,1,1.0,1,0.2879608894692363,44
965,3,1599,771,828,0,0,0,1.0,1,1.0,1,1.0,1,0.23539104773594924,45
966,1,1600,771,829,0,0,0,1.0,1,1.0,1,1.0,1,0.2384039180303202,43
967,0,1600,771,829,0,0,0,1.0,1,1.0,1,1.0,1,0.2384039180303202,43
968,0,1600,771,829,0,0,0,1.0,1,1.0,1,1.0,1,0.23741806211674643,43
969,0,1600,771,829,0,0,0,1.0,1,1.0,1,1.0,1,0.25645516026891896,42
970,1,1601,771,830,0,0,0,1.0,1,1.0,1,1.0,1,0.28181463018971104,42
971,2,1603,772,831,0,0,0,1.0,1,1.0,1,1.0,1,0.2533877830133806,42
972,0,1603,772,831,0,0,0,1.0,1,1.0,1,1.0,1,0.2533877830133806,42
973,0,1603,772,831,0,0,0,1.0,1,1.0,1,1.0,1,0.2639153514945946,43
974,2,1605,774,831,0,0,0,1.0,1,1.0,1,1.0,1,0.27481369136655615,43
975,1,1606,774,832,0,0,0,1.0,1,1.0,1,1.0,1,0.2578092297106879,43
976,0,1606,774,832,0,0,0,1.0,1,1.0,1,1.0,1,0.27467659273355416,45
977,0,1606,774,832,0,0,0,1.0,1,1.0,1,1.0,1,0.29563585647104357,44
978,1,1607,774,833,0,0,0,1.0,1,1.0,1,1.0,1,0.2661415469446084,44
979,1,1608,775,833,0,0,0,1.0,1,1.0,1,1.0,1,0.26661568447864364,45
980,1,1609,776,833,0,0,0,1.0,1,1.0,1,1.0,1,0.29447177586040485,45
981,2,1611,778,833,0,0,0,1.0,1,1.0,1,1.0,1,0.2789880974666508,45
982,3,1614,780,834,0,0,0,1.0,1,1.0,1,1.0,1,0.34038989648313306,46
983,4,1618,782,836,0,0,0,1.0,1,1.0,1,1.0,1,0.33101519630059156,45
984,1,1619,783,836,0,0,0,1.0,1,1.0,1,1.0,1,0.3275098189957163,45
985,5,1624,786,838,0,0,0,1.0,1,1.0,1,1.0,1,0.33344520642499126,45
986,3,1627,789,838,0,0,0,1.0,1,1.0,1,1.0,1,0.3660560171373263,44
987,3,1630,789,841,0,0,0,1.0,1,1.0,1,1.0,1,0.3392383198847877,45
988,1,1631,790,841,0,0,0,1.0,1,1.0,1,1.0,1,0.35723256756484334,44
989,1,1632,791,841,0,0,0,1.0,1,1.0,1,1.0,1,0.3639704418211794,43
990,2,1634,793,841,0,0,0,1.0,1,1.0,1,1.0,1,0.38886333866484013,42
991,0,1634,793,841,0,0,0,1.0,1,1.0,1,1.0,1,0.3668192219063055,42
992,1,1635,793,842,0,0,0,1.0,1,1.0,1,1.0,1,0.3396585310153868,43
993,3,1638,796,842,0,0,0,1.0,1,1.0,1,1.0,1,0.36787568552440325,43
994,1,1639,796,843,0,0,0,1.0,1,1.0,1,1.0,1,0.35655275214562865,43
995,0,1639,796,843,0,0,0,1.0,1,1.0,1,1.0,1,0.3420337977179892,43
996,1,1640,796,844,0,0,0,1.0,1,1.0,1,1.0,1,0.34016151040973447,44
997,1,1641,796,845,0,0,0,1.0,1,1.0,1,1.0,1,0.32053599300942887,44
998,0,1641,796,845,0,0,0,1.0,1,1.0,1,1.0,1,0.33289145905798756,45
999,0,1641,796,845,0,0,0,1.0,1,1.0,1,1.0,1,0.3459325931369457,42
1000,0,1641,796,845,0,0,0,1.0,1,1.0,1,1.0,1,0.35914751620876373,43
1001,2,1643,796,847,0,0,0,1.0,1,1.0,1,1.0,1,0.36088852273646016,42
1002,0,1643,796,847,0,0,0,1.0,1,1.0,1,1.0,1,0.3485323950241554,43
1003,0,1643,796,847,0,0,0,1.0,1,1.0,1,1.0,1,0.3485323950241554,43
1004,0,1643,796,847,0,0,0,1.0,1,1.0,1,1.0,1,0.3485323950241554,43
1005,0,1643,796,847,0,0,0,1.0,1,1.0,1,1.0,1,0.35764204866062244,44
1006,4,1647,796,851,0,0,0,1.0,1,1.0,1,1.0,1,0.29566017042683795,46
1007,0,1647,796,851,0,0,0,1.0,1,1.0,1,1.0,1,0.29566017042683795,46
1008,2,1649,796,853,0,0,0,1.0,1,1.0,1,1.0,1,0.2830283571014805,47
1009,1,1650,796,854,0,0,0,1.0,1,1.0,1,1.0,1,0.25511344192924174,48
1010,0,1650,796,854,0,0,0,1.0,1,1.0,1,1.0,1,0.25511344192924174,48
1011,3,1653,797,856,0,0,0,1.0,1,1.0,1,1.0,1,0.21731357578454577,48
1012,3,1656,799,857,0,0,0,1.0,1,1.0,1,1.0,1,0.2054870692831272,49
1013,2,1658,800,858,0,0,0,1.0,1,1.0,1,1.0,1,0.1908990402727876,50
1014,1,1659,801,858,0,0,0,1.0,1,1.0,1,1.0,1,0.19991788866811405,50
1015,0,1659,801,858,0,0,0,1.0,1,1.0,1,1.0,1,0.21599482673266934,51
1016,3,1662,802,860,0,0,0,1.0,1,1.0,1,1.0,1,0.20737230701467624,51
1017,1,1663,802,861,0,0,0,1.0,1,1.0,1,1.0,1,0.2030529392168492,52
1018,5,1668,803,865,0,0,0,1.0,1,1.0,1,1.0,1,0.1732146652174291,52
1019,1,1669,804,865,0,0,0,1.0,1,1.0,1,1.0,1,0.2093049038092746,52
1020,1,1670,805,865,0,0,0,1.0,1,1.0,1,1.0,1,0.18309797797457594,53
1021,2,1672,805,867,0,0,0,1.0,1,1.0,1,1.0,1,0.1921884314738425,53
1022,0,1672,805,867,0,0,0,1.0,1,1.0,1,1.0,1,0.19701934646687863,54
1023,1,1673,806,867,0,0,0,1.0,1,1.0,1,1.0,1,0.21542160139051872,55
1024,1,1674,807,867,0,0,0,1.0,1,1.0,1,1.0,1,0.228040290741228,55
1025,0,1674,807,867,0,0,0,1.0,1,1.0,1,1.0,1,0.2193498261729026,56
1026,3,1677,808,869,0,0,0,1.0,1,1.0,1,1.0,1,0.2507117037455977,57
1027,1,1678,808,870,0,0,0,1.0,1,1.0,1,1.0,1,0.23648667109001914,58
1028,1,1679,809,870,0,0,0,1.0,1,1.0,1,1.0,1,0.254474922268728,58
1029,2,1681,810,871,0,0,0,1.0,1,1.0,1,1.0,1,0.2541032057137682,59
1030,1,1682,810,872,0,0,0,1.0,1,1.0,1,1.0,1,0.24338991927766462,60
1031,2,1684,810,874,0,0,0,1.0,1,1.0,1,1.0,1,0.2175550804220177,60
1032,1,1685,810,875,0,0,0,1.0,1,1.0,1,1.0,1,0.21475802249084924,61
1033,3,1688,810,878,0,0,0,1.0,1,1.0,1,1.0,1,0.1496308862808478,60
1034,2,1690,812,878,0,0,0,1.0,1,1.0,1,1.0,1,0.14246172975994126,60
1035,1,1691,813,878,0,0,0,1.0,1,1.0,1,1.0,1,0.1526383966293178,59
1036,3,1694,815,879,0,0,0,1.0,1,1.0,1,1.0,1,0.17877771512721133,60
1037,1,1695,816,879,0,0,0,1.0,1,1.0,1,1.0,1,0.20619955252150046,59
1038,6,1701,820,881,0,0,0,1.0,1,1.0,1,1.0,1,0.2072295489487616,60
1039,7,1708,823,885,0,0,0,1.0,1,1.0,1,1.0,1,0.22156460071636314,60
1040,8,1716,824,892,0,0,0,1.0,1,1.0,1,1.0,1,0.25237883075883427,58
1041,8,1724,825,899,0,0,0,1.0,1,1.0,1,1.0,1,0.14515841026180762,56
1042,0,1724,825,899,0,0,0,1.0,1,1.0,1,1.0,1,0.1910853158193162,55
1043,0,1724,825,899,0,0,0,1.0,1,1.0,1,1.0,1,0.1910853158193162,55
1044,1,1725,826,899,0,0,0,1.0,1,1.0,1,1.0,1,0.20938570473597168,52
1045,2,1727,826,901,0,0,0,1.0,1,1.0,1,1.0,1,0.23102181959356877,52
1046,3,1730,827,903,0,0,0,1.0,1,1.0,1,1.0,1,0.22784300819189424,53
1047,3,1733,827,906,0,0,0,1.0,1,1.0,1,1.0,1,0.20808414540382966,54
1048,2,1735,828,907,0,0,0,1.0,1,1.0,1,1.0,1,0.2217059751499283,56
1049,6,1741,829,912,0,0,0,1.0,1,1.0,1,1.0,1,0.25686708359634236,55
1050,5,1746,830,916,0,0,0,1.0,1,1.0,1,1.0,1,0.21667771462692068,56
1051,1,1747,830,917,0,0,0,1.0,1,1.0,1,1.0,1,0.18286401184703968,55
1052,2,1749,830,919,0,0,0,1.0,1,1.0,1,1.0,1,0.16546970610778464,56
1053,3,1752,831,921,0,0,0,1.0,1,1.0,1,1.0,1,0.14035999221500187,56
1054,0,1752,831,921,0,0,0,1.0,1,1.0,1,1.0,1,0.15158708345456312,57
1055,0,1752,831,921,0,0,0,1.0,1,1.0,1,1.0,1,0.16199366758896708,58
1056,0,1752,831,921,0,0,0,1.0,1,1.0,1,1.0,1,0.17344331082697692,59
1057,5,1757,832,925,0,0,0,1.0,1,1.0,1,1.0,1,0.14921118005273448,60
1058,1,1758,833,925,0,0,0,1.0,1,1.0,1,1.0,1,0.17822139092165565,60
1059,0,1758,833,925,0,0,0,1.0,1,1.0,1,1.0,1,0.17822139092165565,60
1060,2,1760,834,926,0,0,0,1.0,1,1.0,1,1.0,1,0.19373939598742848,60
1061,4,1764,836,928,0,0,0,1.0,1,1.0,1,1.0,1,0.16688461530708237,59
1062,1,1765,837,928,0,0,0,1.0,1,1.0,1,1.0,1,0.21063029083361826,59
1063,1,1766,838,928,0,0,0,1.0,1,1.0,1,1.0,1,0.19948160118525934,58
1064,3,1769,840,929,0,0,0,1.0,1,1.0,1,1.0,1,0.22327076722115133,58
1065,2,1771,841,930,0,0,0,1.0,1,1.0,1,1.0,1,0.21027527042047992,60
1066,2,1773,842,931,0,0,0,1.0,1,1.0,1,1.0,1,0.22689991664326692,58
1067,1,1774,843,931,0,0,0,1.0,1,1.0,1,1.0,1,0.2617457937530653,59
1068,1,1775,844,931,0,0,0,1.0,1,1.0,1,1.0,1,0.2655411814776059,59
1069,1,1776,845,931,0,0,0,1.0,1,1.0,1,1.0,1,0.30220175546933964,58
1070,5,1781,847,934,0,0,0,1.0,1,1.0,1,1.0,1,0.26127192623881135,58
1071,6,1787,848,939,0,0,0,1.0,1,1.0,1,1.0,1,0.2254629957958392,57
1072,1,1788,848,940,0,0,0,1.0,1,1.0,1,1.0,1,0.20561010008571612,56
1073,0,1788,848,940,0,0,0,1.0,1,1.0,1,1.0,1,0.22968511269312264,54
1074,1,1789,848,941,0,0,0,1.0,1,1.0,1,1.0,1,0.22407257779377016,54
1075,2,1791,849,942,0,0,0,1.0,1,1.0,1,1.0,1,0.20791556155769367,51
1076,0,1791,849,942,0,0,0,1.0,1,1.0,1,1.0,1,0.20934364726792437,51
1077,1,1792,850,942,0,0,0,1.0,1,1.0,1,1.0,1,0.19657971658508563,51
1078,5,1797,852,945,0,0,0,1.0,1,1.0,1,1.0,1,0.22922442351842104,52
1079,3,1800,855,945,0,0,0,1.0,1,1.0,1,1.0,1,0.22707615690024713,51
1080,3,1803,858,945,0,0,0,1.0,1,1.0,1,1.0,1,0.27395637461529077,51
1081,4,1807,859,948,0,0,0,1.0,1,1.0,1,1.0,1,0.2756650915943588,48
1082,2,1809,860,949,0,0,0,1.0,1,1.0,1,1.0,1,0.2858520724989197,47
1083,2,1811,862,949,0,0,0,1.0,1,1.0,1,1.0,1,0.3386573872711979,46
1084,0,1811,862,949,0,0,0,1.0,1,1.0,1,1.0,1,0.32897638701704673,45
1085,0,1811,862,949,0,0,0,1.0,1,1.0,1,1.0,1,0.31475081836225816,46
1086,0,1811,862,949,0,0,0,1.0,1,1.0,1,1.0,1,0.305142311862212,45
1087,1,1812,862,950,0,0,0,1.0,1,1.0,1,1.0,1,0.3094014968522039,44
1088,1,1813,863,950,0,0,0,1.0,1,1.0,1,1.0,1,0.29386757593275625,45
1089,2,1815,865,950,0,0,0,1.0,1,1.0,1,1.0,1,0.29706948845996695,46
1090,1,1816,865,951,0,0,0,1.0,1,1.0,1,1.0,1,0.2923513416118784,47
1091,2,1818,866,952,0,0,0,1.0,1,1.0,1,1.0,1,0.2792100657214384,47
1092,1,1819,866,953,0,0,0,1.0,1,1.0,1,1.0,1,0.2546022144652596,48
1093,1,1820,867,953,0,0,0,1.0,1,1.0,1,1.0,1,0.26839790337361513,48
1094,2,1822,869,953,0,0,0,1.0,1,1.0,1,1.0,1,0.29884381671531374,48
1095,4,1826,869,957,0,0,0,1.0,1,1.0,1,1.0,1,0.2525880755288083,49
1096,0,1826,869,957,0,0,0,1.0,1,1.0,1,1.0,1,0.2525880755288083,49
1097,3,1829,871,958,0,0,0,1.0,1,1.0,1,1.0,1,0.21662495335375923,50
1098,0,1829,871,958,0,0,0,1.0,1,1.0,1,1.0,1,0.22676418423753936,51
1099,1,1830,871,959,0,0,0,1.0,1,1.0,1,1.0,1,0.21075828720392217,54
1100,0,1830,871,959,0,0,0,1.0,1,1.0,1,1.0,1,0.21075828720392217,54
1101,4,1834,872,962,0,0,0,1.0,1,1.0,1,1.0,1,0.17243269425913949,54
1102,0,1834,872,962,0,0,0,1.0,1,1.0,1,1.0,1,0.18975942786804884,54
1103,1,1835,873,962,0,0,0,1.0,1,1.0,1,1.0,1,0.2114634549577578,53
1104,1,1836,874,962,0,0,0,1.0,1,1.0,1,1.0,1,0.18541003755602514,53
1105,1,1837,875,962,0,0,0,1.0,1,1.0,1,1.0,1,0.1843710315522963,52
1106,0,1837,875,962,0,0,0,1.0,1,1.0,1,1.0,1,0.19686601605963558,52
1107,2,1839,877,962,0,0,0,1.0,1,1.0,1,1.0,1,0.25150262989972866,52
1108,3,1842,880,962,0,0,0,1.0,1,1.0,1,1.0,1,0.2902589228995765,51
1109,3,1845,883,962,0,0,0,1.0,1,1.0,1,1.0,1,0.30578595068303144,49
1110,0,1845,883,962,0,0,0,1.0,1,1.0,1,1.0,1,0.30963822664601215,48
1111,9,1854,887,967,0,0,0,1.0,1,1.0,1,1.0,1,0.308227681214806,47
1112,1,1855,888,967,0,0,0,1.0,1,1.0,1,1.0,1,0.3410111316929982,46
1113,1,1856,889,967,0,0,0,1.0,1,1.0,1,1.0,1,0.33722406181599757,43
1114,0,1856,889,967,0,0,0,1.0,1,1.0,1,1.0,1,0.3620338379466263,41
1115,5,1861,892,969,0,0,0,1.0,1,1.0,1,1.0,1,0.29869195435170937,40
1116,1,1862,892,970,0,0,0,1.0,1,1.0,1,1.0,1,0.24894226738573214,39
1117,4,1866,895,971,0,0,0,1.0,1,1.0,1,1.0,1,0.2691946024372074,40
1118,4,1870,896,974,0,0,0,1.0,1,1.0,1,1.0,1,0.22989917913135752,40
1119,2,1872,896,976,0,0,0,1.0,1,1.0,1,1.0,1,0.2587345366368374,40
1120,2,1874,896,978,0,0,0,1.0,1,1.0,1,1.0,1,0.22357900598856523,40
1121,2,1876,897,979,0,0,0,1.0,1,1.0,1,1.0,1,0.23367415537405703,40
1122,1,1877,897,980,0,0,0,1.0,1,1.0,1,1.0,1,0.23985495896106565,41
1123,1,1878,898,980,0,0,0,1.0,1,1.0,1,1.0,1,0.26480016753500424,41
1124,0,1878,898,980,0,0,0,1.0,1,1.0,1,1.0,1,0.26480016753500424,41
1125,4,1882,899,983,0,0,0,1.0,1,1.0,1,1.0,1,0.2943009307919383,41
1126,0,1882,899,983,0,0,0,1.0,1,1.0,1,1.0,1,0.2665982349647383,41
1127,0,1882,899,983,0,0,0,1.0,1,1.0,1,1.0,1,0.2665982349647383,41
1128,1,1883,899,984,0,0,0,1.0,1,1.0,1,1.0,1,0.2519149811401369,42
1129,0,1883,899,984,0,0,0,1.0,1,1.0,1,1.0,1,0.2519149811401369,42
1130,0,1883,899,984,0,0,0,1.0,1,1.0,1,1.0,1,0.2519149811401369,42
1131,1,1884,899,985,0,0,0,1.0,1,1.0,1,1.0,1,0.22501919975357157,42
1132,1,1885,900,985,0,0,0,1.0,1,1.0,1,1.0,1,0.18813379876964265,43
1133,1,1886,900,986,0,0,0,1.0,1,1.0,1,1.0,1,0.14815017024226051,45
1134,0,1886,900,986,0,0,0,1.0,1,1.0,1,1.0,1,0.15865477715154738,46
1135,0,1886,900,986,0,0,0,1.0,1,1.0,1,1.0,1,0.17044791700668013,45
1136,1,1887,900,987,0,0,0,1.0,1,1.0,1,1.0,1,0.18887535402213138,48
1137,5,1892,900,992,0,0,0,1.0,1,1.0,1,1.0,1,0.15415394094044643,49
1138,0,1892,900,992,0,0,0,1.0,1,1.0,1,1.0,1,0.15415394094044643,49
1139,0,1892,900,992,0,0,0,1.0,1,1.0,1,1.0,1,0.19418546358430738,49
1140,0,1892,900,992,0,0,0,1.0,1,1.0,1,1.0,1,0.19418546358430738,49
1141,5,1897,902,995,0,0,0,1.0,1,1.0,1,1.0,1,0.19893062588103202,48
1142,5,1902,906,996,0,0,0,1.0,1,1.0,1,1.0,1,0.16810549495604063,48
1143,3,1905,909,996,0,0,0,1.0,1,1.0,1,1.0,1,0.22145500401020865,48
1144,6,1911,913,998,0,0,0,1.0,1,1.0,1,1.0,1,0.180900138534481,48
1145,3,1914,915,999,0,0,0,1.0,1,1.0,1,1.0,1,0.20785537448258495,48
1146,2,1916,916,1000,0,0,0,1.0,1,1.0,1,1.0,1,0.22318432389038093,48
1147,0,1916,916,1000,0,0,0,1.0,1,1.0,1,1.0,1,0.27695616229493375,46
1148,2,1918,918,1000,0,0,0,1.0,1,1.0,1,1.0,1,0.2466165308791085,46
1149,2,1920,918,1002,0,0,0,1.0,1,1.0,1,1.0,1,0.3021161593286713,45
1150,3,1923,920,1003,0,0,0,1.0,1,1.0,1,1.0,1,0.2823407006216624,46
1151,7,1930,923,1007,0,0,0,1.0,1,1.0,1,1.0,1,0.24009826482949337,44
1152,1,1931,923,1008,0,0,0,1.0,1,1.0,1,1.0,1,0.1804335253703254,44
1153,3,1934,926,1008,0,0,0,1.0,1,1.0,1,1.0,1,0.24168021936613884,43
1154,1,1935,926,1009,0,0,0,1.0,1,1.0,1,1.0,1,0.20737923339432116,43
1155,1,1936,927,1009,0,0,0,1.0,1,1.0,1,1.0,1,0.21263507109432597,43
1156,1,1937,927,1010,0,0,0,1.0,1,1.0,1,1.0,1,0.2060196163154483,42
1157,3,1940,928,1012,0,0,0,1.0,1,1.0,1,1.0,1,0.22491195915110573,42
1158,1,1941,928,1013,0,0,0,1.0,1,1.0,1,1.0,1,0.19586011939904568,41
1159,1,1942,928,1014,0,0,0,1.0,1,1.0,1,1.0,1,0.24340021702866033,41
1160,3,1945,928,1017,0,0,0,1.0,1,1.0,1,1.0,1,0.22532093601543354,41
1161,0,1945,928,1017,0,0,0,1.0,1,1.0,1,1.0,1,0.23141105870649223,42
1162,1,1946,928,1018,0,0,0,1.0,1,1.0,1,1.0,1,0.2296963206102237,43
1163,0,1946,928,1018,0,0,0,1.0,1,1.0,1,1.0,1,0.2296963206102237,43
1164,0,1946,928,1018,0,0,0,1.0,1,1.0,1,1.0,1,0.21891182549538848,44
1165,0,1946,928,1018,0,0,0,1.0,1,1.0,1,1.0,1,0.21891182549538848,44
1166,3,1949,929,1020,0,0,0,1.0,1,1.0,1,1.0,1,0.2201844729621127,46
1167,1,1950,930,1020,0,0,0,1.0,1,1.0,1,1.0,1,0.22500696521482336,46
1168,4,1954,931,1023,0,0,0,1.0,1,1.0,1,1.0,1,0.16345451462775437,47
1169,1,1955,932,1023,0,0,0,1.0,1,1.0,1,1.0,1,0.15320419604431135,46
1170,1,1956,932,1024,0,0,0,1.0,1,1.0,1,1.0,1,0.1438619407698867,48
1171,2,1958,934,1024,0,0,0,1.0,1,1.0,1,1.0,1,0.16067495490461114,49
1172,0,1958,934,1024,0,0,0,1.0,1,1.0,1,1.0,1,0.16067495490461114,49
1173,0,1958,934,1024,0,0,0,1.0,1,1.0,1,1.0,1,0.16067495490461114,49
1174,1,1959,935,1024,0,0,0,1.0,1,1.0,1,1.0,1,0.17209942258188138,49
1175,0,1959,935,1024,0,0,0,1.0,1,1.0,1,1.0,1,0.18129320051414224,50
1176,2,1961,935,1026,0,0,0,1.0,1,1.0,1,1.0,1,0.1879124547753457,52
1177,2,1963,937,1026,0,0,0,1.0,1,1.0,1,1.0,1,0.21082910869969324,52
1178,0,1963,937,1026,0,0,0,1.0,1,1.0,1,1.0,1,0.21082910869969324,52
1179,0,1963,937,1026,0,0,0,1.0,1,1.0,1,1.0,1,0.19231474034728907,53
1180,0,1963,937,1026,0,0,0,1.0,1,1.0,1,1.0,1,0.18942151504323412,54
1181,0,1963,937,1026,0,0,0,1.0,1,1.0,1,1.0,1,0.2003652531517275,55
1182,2,1965,939,1026,0,0,0,1.0,1,1.0,1,1.0,1,0.22912480071277064,55
1183,2,1967,941,1026,0,0,0,1.0,1,1.0,1,1.0,1,0.22382181006191618,53
1184,1,1968,942,1026,0,0,0,1.0,1,1.0,1,1.0,1,0.24087328051421697,54
1185,0,1968,942,1026,0,0,0,1.0,1,1.0,1,1.0,1,0.2365481494002118,53
1186,3,1971,943,1028,0,0,0,1.0,1,1.0,1,1.0,1,0.25510978055920225,54
1187,3,1974,944,1030,0,0,0,1.0,1,1.0,1,1.0,1,0.2697893820504557,55
1188,0,1974,944,1030,0,0,0,1.0,1,1.0,1,1.0,1,0.2697893820504557,55
1189,1,1975,944,1031,0,0,0,1.0,1,1.0,1,1.0,1,0.26202823337028175,54
1190,2,1977,945,1032,0,0,0,1.0,1,1.0,1,1.0,1,0.2577279957189653,55
1191,5,1982,945,1037,0,0,0,1.0,1,1.0,1,1.0,1,0.1730093987770339,54
1192,3,1985,946,1039,0,0,0,1.0,1,1.0,1,1.0,1,0.1340196331078992,52
1193,2,1987,946,1041,0,0,0,1.0,1,1.0,1,1.0,1,0.1429968994236937,53
1194,1,1988,947,1041,0,0,0,1.0,1,1.0,1,1.0,1,0.17584488874512508,53
1195,4,1992,949,1043,0,0,0,1.0,1,1.0,1,1.0,1,0.18023951296593613,54
1196,1,1993,949,1044,0,0,0,1.0,1,1.0,1,1.0,1,0.19826360766879772,56
1197,5,1998,951,1047,0,0,0,1.0,1,1.0,1,1.0,1,0.19854667297858103,56
1198,3,2001,952,1049,0,0,0,1.0,1,1.0,1,1.0,1,0.2115768891735605,58
1199,2,2003,953,1050,0,0,0,1.0,1,1.0,1,1.0,1,0.22528562037089903,58
1200,1,2004,953,1051,0,0,0,1.0,1,1.0,1,1.0,1,0.2350666770036845,58
1201,8,2012,954,1058,0,0,0,1.0,1,1.0,1,1.0,1,0.10683113969989091,58
1202,1,2013,954,1059,0,0,0,1.0,1,1.0,1,1.0,1,0.0896348087613351,60
1203,0,2013,954,1059,0,0,0,1.0,1,1.0,1,1.0,1,0.10751798831250464,58
1204,1,2014,955,1059,0,0,0,1.0,1,1.0,1,1.0,1,0.13135597443579355,59
1205,1,2015,956,1059,0,0,0,1.0,1,1.0,1,1.0,1,0.1525513112059759,59
1206,0,2015,956,1059,0,0,0,1.0,1,1.0,1,1.0,1,0.17366260383442145,58
1207,0,2015,956,1059,0,0,0,1.0,1,1.0,1,1.0,1,0.18620926799266554,60
1208,0,2015,956,1059,0,0,0,1.0,1,1.0,1,1.0,1,0.18620926799266554,60
1209,2,2017,956,1061,0,0,0,1.0,1,1.0,1,1.0,1,0.1814693748282134,61
1210,0,2017,956,1061,0,0,0,1.0,1,1.0,1,1.0,1,0.1814693748282134,61
1211,1,2018,956,1062,0,0,0,1.0,1,1.0,1,1.0,1,0.15167176342163843,63
1212,0,2018,956,1062,0,0,0,1.0,1,1.0,1,1.0,1,0.15167176342163843,63
1213,1,2019,957,1062,0,0,0,1.0,1,1.0,1,1.0,1,0.16004789746794912,63
1214,1,2020,958,1062,0,0,0,1.0,1,1.0,1,1.0,1,0.21146162306882704,62
1215,1,2021,958,1063,0,0,0,1.0,1,1.0,1,1.0,1,0.193135465903406,63
1216,2,2023,958,1065,0,0,0,1.0,1,1.0,1,1.0,1,0.1980160843797699,64
1217,0,2023,958,1065,0,0,0,1.0,1,1.0,1,1.0,1,0.20057847876248858,65
1218,0,2023,958,1065,0,0,0,1.0,1,1.0,1,1.0,1,0.21735725854669594,64
1219,2,2025,958,1067,0,0,0,1.0,1,1.0,1,1.0,1,0.21567571784164347,65
1220,1,2026,959,1067,0,0,0,1.0,1,1.0,1,1.0,1,0.23771827441771642,64
1221,5,2031,960,1071,0,0,0,1.0,1,1.0,1,1.0,1,0.1868898489924034,65
1222,2,2033,961,1072,0,0,0,1.0,1,1.0,1,1.0,1,0.1738193346770851,66
1223,1,2034,962,1072,0,0,0,1.0,1,1.0,1,1.0,1,0.16686668811716862,64
1224,4,2038,965,1073,0,0,0,1.0,1,1.0,1,1.0,1,0.16410092668570367,66
1225,3,2041,967,1074,0,0,0,1.0,1,1.0,1,1.0,1,0.1474229592923587,66
1226,2,2043,968,1075,0,0,0,1.0,1,1.0,1,1.0,1,0.16034644295240377,68
1227,1,2044,969,1075,0,0,0,1.0,1,1.0,1,1.0,1,0.13780368774368024,64
1228,0,2044,969,1075,0,0,0,1.0,1,1.0,1,1.0,1,0.14069373544316693,62
1229,1,2045,969,1076,0,0,0,1.0,1,1.0,1,1.0,1,0.11517205713830664,61
1230,1,2046,970,1076,0,0,0,1.0,1,1.0,1,1.0,1,0.1480838931268342,58
1231,2,2048,970,1078,0,0,0,1.0,1,1.0,1,1.0,1,0.11235835128741273,57
1232,1,2049,971,1078,0,0,0,1.0,1,1.0,1,1.0,1,0.19037509115242607,53
1233,2,2051,973,1078,0,0,0,1.0,1,1.0,1,1.0,1,0.19467974464631824,53
1234,1,2052,973,1079,0,0,0,1.0,1,1.0,1,1.0,1,0.16377352446353716,54
1235,0,2052,973,1079,0,0,0,1.0,1,1.0,1,1.0,1,0.2008705297858202,55
1236,1,2053,974,1079,0,0,0,1.0,1,1.0,1,1.0,1,0.2326015524424729,55
1237,3,2056,976,1080,0,0,0,1.0,1,1.0,1,1.0,1,0.22168868478093562,55
1238,1,2057,976,1081,0,0,0,1.0,1,1.0,1,1.0,1,0.22131484571859275,54
1239,0,2057,976,1081,0,0,0,1.0,1,1.0,1,1.0,1,0.2197430307725371,55
1240,0,2057,976,1081,0,0,0,1.0,1,1.0,1,1.0,1,0.2197430307725371,55
1241,3,2060,977,1083,0,0,0,1.0,1,1.0,1,1.0,1,0.1679781768367113,54
1242,0,2060,977,1083,0,0,0,1.0,1,1.0,1,1.0,1,0.17732723753663635,54
1243,2,2062,978,1084,0,0,0,1.0,1,1.0,1,1.0,1,0.18533915067108883,55
1244,0,2062,978,1084,0,0,0,1.0,1,1.0,1,1.0,1,0.2000698907638921,55
1245,1,2063,979,1084,0,0,0,1.0,1,1.0,1,1.0,1,0.20528465073832777,55
1246,1,2064,979,1085,0,0,0,1.0,1,1.0,1,1.0,1,0.21960563590331156,55
1247,6,2070,982,1088,0,0,0,1.0,1,1.0,1,1.0,1,0.24434039298990753,57
1248,0,2070,982,1088,0,0,0,1.0,1,1.0,1,1.0,1,0.2560659197550861,56
1249,4,2074,986,1088,0,0,0,1.0,1,1.0,1,1.0,1,0.2842536803762694,56
1250,4,2078,989,1089,0,0,0,1.0,1,1.0,1,1.0,1,0.29110012505264926,56
1251,8,2086,989,1097,0,0,0,1.0,1,1.0,1,1.0,1,0.18052389263285515,58
1252,0,2086,989,1097,0,0,0,1.0,1,1.0,1,1.0,1,0.18052389263285515,58
1253,2,2088,991,1097,0,0,0,1.0,1,1.0,1,1.0,1,0.1741245005830032,58
1254,0,2088,991,1097,0,0,0,1.0,1,1.0,1,1.0,1,0.17816755360149425,60
1255,2,2090,991,1099,0,0,0,1.0,1,1.0,1,1.0,1,0.16255597755770987,61
1256,3,2093,991,1102,0,0,0,1.0,1,1.0,1,1.0,1,0.1760140269979293,61
1257,4,2097,992,1105,0,0,0,1.0,1,1.0,1,1.0,1,0.19222485315744028,62
1258,0,2097,992,1105,0,0,0,1.0,1,1.0,1,1.0,1,0.1988497213764594,63
1259,0,2097,992,1105,0,0,0,1.0,1,1.0,1,1.0,1,0.1988497213764594,63
1260,3,2100,992,1108,0,0,0,1.0,1,1.0,1,1.0,1,0.19579337407537944,63
1261,4,2104,992,1112,0,0,0,1.0,1,1.0,1,1.0,1,0.1531790325433909,63
1262,0,2104,992,1112,0,0,0,1.0,1,1.0,1,1.0,1,0.1622556030218477,64
1263,5,2109,993,1116,0,0,0,1.0,1,1.0,1,1.0,1,0.14970072927325112,63
1264,2,2111,995,1116,0,0,0,1.0,1,1.0,1,1.0,1,0.1411416144457869,63
1265,4,2115,998,1117,0,0,0,1.0,1,1.0,1,1.0,1,0.22068375559530548,60
1266,2,2117,1000,1117,0,0,0,1.0,1,1.0,1,1.0,1,0.23218067674090243,61
1267,2,2119,1002,1117,0,0,0,1.0,1,1.0,1,1.0,1,0.267397342551778,58
1268,2,2121,1003,1118,0,0,0,1.0,1,1.0,1,1.0,1,0.28389918751388543,54
1269,3,2124,1005,1119,0,0,0,1.0,1,1.0,1,1.0,1,0.24170989212356347,54
1270,1,2125,1006,1119,0,0,0,1.0,1,1.0,1,1.0,1,0.21951486272872628,51
1271,5,2130,1007,1123,0,0,0,1.0,1,1.0,1,1.0,1,0.17324163890744207,50
1272,0,2130,1007,1123,0,0,0,1.0,1,1.0,1,1.0,1,0.1778121917356878,47
1273,0,2130,1007,1123,0,0,0,1.0,1,1.0,1,1.0,1,0.1778121917356878,47
1274,0,2130,1007,1123,0,0,0,1.0,1,1.0,1,1.0,1,0.20408052940486449,49
1275,3,2133,1008,1125,0,0,0,1.0,1,1.0,1,1.0,1,0.2044200027669857,48
1276,4,2137,1010,1127,0,0,0,1.0,1,1.0,1,1.0,1,0.18908827587752974,49
1277,3,2140,1013,1127,0,0,0,1.0,1,1.0,1,1.0,1,0.22679099219243115,50
1278,1,2141,1013,1128,0,0,0,1.0,1,1.0,1,1.0,1,0.23533061489377144,51
1279,1,2142,1013,1129,0,0,0,1.0,1,1.0,1,1.0,1,0.24191017556147693,51
1280,1,2143,1013,1130,0,0,0,1.0,1,1.0,1,1.0,1,0.20853782164982745,52
1281,1,2144,1013,1131,0,0,0,1.0,1,1.0,1,1.0,1,0.19087485673227356,52
1282,2,2146,1015,1131,0,0,0,1.0,1,1.0,1,1.0,1,0.1871734373150203,52
1283,2,2148,1016,1132,0,0,0,1.0,1,1.0,1,1.0,1,0.20137060316627473,52
1284,1,2149,1017,1132,0,0,0,1.0,1,1.0,1,1.0,1,0.2230205752487137,52
1285,3,2152,1017,1135,0,0,0,1.0,1,1.0,1,1.0,1,0.23352559878144805,51
1286,2,2154,1017,1137,0,0,0,1.0,1,1.0,1,1.0,1,0.22606953803625707,52
1287,0,2154,1017,1137,0,0,0,1.0,1,1.0,1,1.0,1,0.23289879382195858,54
1288,1,2155,1017,1138,0,0,0,1.0,1,1.0,1,1.0,1,0.23626448394575586,55
1289,2,2157,1017,1140,0,0,0,1.0,1,1.0,1,1.0,1,0.20403209081885249,56
1290,0,2157,1017,1140,0,0,0,1.0,1,1.0,1,1.0,1,0.17905998429796727,57
1291,3,2160,1017,1143,0,0,0,1.0,1,1.0,1,1.0,1,0.15044864001844313,58
1292,3,2163,1017,1146,0,0,0,1.0,1,1.0,1,1.0,1,0.13099016508918407,59
1293,1,2164,1017,1147,0,0,0,1.0,1,1.0,1,1.0,1,0.12453008331821606,59
1294,1,2165,1018,1147,0,0,0,1.0,1,1.0,1,1.0,1,0.11050486122876585,59
1295,1,2166,1019,1147,0,0,0,1.0,1,1.0,1,1.0,1,0.12109305524701891,59
1296,0,2166,1019,1147,0,0,0,1.0,1,1.0,1,1.0,1,0.14394924168779166,59
1297,3,2169,1020,1149,0,0,0,1.0,1,1.0,1,1.0,1,0.1365367195361196,61
1298,0,2169,1020,1149,0,0,0,1.0,1,1.0,1,1.0,1,0.15754218313046892,61
1299,0,2169,1020,1149,0,0,0,1.0,1,1.0,1,1.0,1,0.16941787534703076,60
1300,0,2169,1020,1149,0,0,0,1.0,1,1.0,1,1.0,1,0.1743596249772016,59
1301,1,2170,1020,1150,0,0,0,1.0,1,1.0,1,1.0,1,0.1789055863966812,59
1302,10,2180,1025,1155,0,0,0,1.0,1,1.0,1,1.0,1,0.12697816695003925,59
1303,4,2184,1029,1155,0,0,0,1.0,1,1.0,1,1.0,1,0.2033625073659383,55
1304,5,2189,1034,1155,0,0,0,1.0,1,1.0,1,1.0,1,0.19338176813041547,56
1305,3,2192,1036,1156,0,0,0,1.0,1,1.0,1,1.0,1,0.21172720537689282,54
1306,3,2195,1037,1158,0,0,0,1.0,1,1.0,1,1.0,1,0.20163759047592103,53
1307,2,2197,1039,1158,0,0,0,1.0,1,1.0,1,1.0,1,0.22830445734314495,52
1308,3,2200,1042,1158,0,0,0,1.0,1,1.0,1,1.0,1,0.2086261697222537,52
1309,2,2202,1044,1158,0,0,0,1.0,1,1.0,1,1.0,1,0.25346398613364873,54
1310,1,2203,1045,1158,0,0,0,1.0,1,1.0,1,1.0,1,0.2450854113437827,52
1311,3,2206,1046,1160,0,0,0,1.0,1,1.0,1,1.0,1,0.19051073624389217,51
1312,2,2208,1047,1161,0,0,0,1.0,1,1.0,1,1.0,1,0.23983738847009833,49
1313,0,2208,1047,1161,0,0,0,1.0,1,1.0,1,1.0,1,0.2235129298565713,47
1314,0,2208,1047,1161,0,0,0,1.0,1,1.0,1,1.0,1,0.2050283069823549,46
1315,0,2208,1047,1161,0,0,0,1.0,1,1.0,1,1.0,1,0.23303964746664133,45
1316,4,2212,1049,1163,0,0,0,1.0,1,1.0,1,1.0,1,0.21065549167802539,46
1317,0,2212,1049,1163,0,0,0,1.0,1,1.0,1,1.0,1,0.19686631619268263,45
1318,3,2215,1051,1164,0,0,0,1.0,1,1.0,1,1.0,1,0.21883264671564245,46
1319,0,2215,1051,1164,0,0,0,1.0,1,1.0,1,1.0,1,0.21883264671564245,46
1320,0,2215,1051,1164,0,0,0,1.0,1,1.0,1,1.0,1,0.21883264671564245,46
1321,0,2215,1051,1164,0,0,0,1.0,1,1.0,1,1.0,1,0.20533447927087065,48
1322,0,2215,1051,1164,0,0,0,1.0,1,1.0,1,1.0,1,0.22023792958980834,49
1323,0,2215,1051,1164,0,0,0,1.0,1,1.0,1,1.0,1,0.24055531702012348,49
1324,1,2216,1051,1165,0,0,0,1.0,1,1.0,1,1.0,1,0.2405768957296405,50
1325,0,2216,1051,1165,0,0,0,1.0,1,1.0,1,1.0,1,0.256310991413183,49
1326,3,2219,1053,1166,0,0,0,1.0,1,1.0,1,1.0,1,0.3059880862429813,50
1327,1,2220,1054,1166,0,0,0,1.0,1,1.0,1,1.0,1,0.33112758730091923,50
1328,0,2220,1054,1166,0,0,0,1.0,1,1.0,1,1.0,1,0.36158523052674724,49
1329,2,2222,1054,1168,0,0,0,1.0,1,1.0,1,1.0,1,0.3232981152317472,50
1330,0,2222,1054,1168,0,0,0,1.0,1,1.0,1,1.0,1,0.3232981152317472,50
1331,6,2228,1055,1173,0,0,0,1.0,1,1.0,1,1.0,1,0.25941773958825565,50
1332,1,2229,1056,1173,0,0,0,1.0,1,1.0,1,1.0,1,0.24524056977703154,51
1333,0,2229,1056,1173,0,0,0,1.0,1,1.0,1,1.0,1,0.2503348596598904,52
1334,1,2230,1056,1174,0,0,0,1.0,1,1.0,1,1.0,1,0.25351388664392477,54
1335,1,2231,1057,1174,0,0,0,1.0,1,1.0,1,1.0,1,0.24927448235388808,54
1336,1,2232,1057,1175,0,0,0,1.0,1,1.0,1,1.0,1,0.25231384601566104,56
1337,5,2237,1059,1178,0,0,0,1.0,1,1.0,1,1.0,1,0.23650290305211427,57
1338,2,2239,1060,1179,0,0,0,1.0,1,1.0,1,1.0,1,0.22905300744819365,57
1339,1,2240,1061,1179,0,0,0,1.0,1,1.0,1,1.0,1,0.239656090490456,58
1340,2,2242,1063,1179,0,0,0,1.0,1,1.0,1,1.0,1,0.23612801514382456,59
1341,1,2243,1064,1179,0,0,0,1.0,1,1.0,1,1.0,1,0.21325161055140915,57
1342,5,2248,1067,1181,0,0,0,1.0,1,1.0,1,1.0,1,0.22961598096743377,57
1343,1,2249,1068,1181,0,0,0,1.0,1,1.0,1,1.0,1,0.22319127844237108,55
1344,0,2249,1068,1181,0,0,0,1.0,1,1.0,1,1.0,1,0.21986250922525893,54
1345,0,2249,1068,1181,0,0,0,1.0,1,1.0,1,1.0,1,0.21239294492761512,53
1346,0,2249,1068,1181,0,0,0,1.0,1,1.0,1,1.0,1,0.22068874261203933,53
1347,0,2249,1068,1181,0,0,0,1.0,1,1.0,1,1.0,1,0.211773824834136,51
1348,1,2250,1069,1181,0,0,0,1.0,1,1.0,1,1.0,1,0.23545811065272995,52
1349,0,2250,1069,1181,0,0,0,1.0,1,1.0,1,1.0,1,0.23319423216134968,50
1350,1,2251,1070,1181,0,0,0,1.0,1,1.0,1,1.0,1,0.2530657086150026,51
1351,2,2253,1071,1182,0,0,0,1.0,1,1.0,1,1.0,1,0.24897435354363723,50
1352,1,2254,1072,1182,0,0,0,1.0,1,1.0,1,1.0,1,0.24624623620737038,50
1353,1,2255,1073,1182,0,0,0,1.0,1,1.0,1,1.0,1,0.2667056633076173,50
1354,6,2261,1074,1187,0,0,0,1.0,1,1.0,1,1.0,1,0.19291548079978596,51
1355,4,2265,1076,1189,0,0,0,1.0,1,1.0,1,1.0,1,0.1590070753859856,53
1356,1,2266,1077,1189,0,0,0,1.0,1,1.0,1,1.0,1,0.18282942554609363,52
1357,1,2267,1078,1189,0,0,0,1.0,1,1.0,1,1.0,1,0.2003001172368733,52
1358,3,2270,1079,1191,0,0,0,1.0,1,1.0,1,1.0,1,0.1734895607195236,53
1359,5,2275,1081,1194,0,0,0,1.0,1,1.0,1,1.0,1,0.22007624400530976,54
1360,1,2276,1082,1194,0,0,0,1.0,1,1.0,1,1.0,1,0.22310892998126874,55
1361,1,2277,1083,1194,0,0,0,1.0,1,1.0,1,1.0,1,0.2343331504875548,55
1362,1,2278,1083,1195,0,0,0,1.0,1,1.0,1,1.0,1,0.19892944333558912,56
1363,1,2279,1083,1196,0,0,0,1.0,1,1.0,1,1.0,1,0.1840286208334325,56
1364,2,2281,1083,1198,0,0,0,1.0,1,1.0,1,1.0,1,0.17250594205654574,55
1365,0,2281,1083,1198,0,0,0,1.0,1,1.0,1,1.0,1,0.18630023892820402,56
1366,3,2284,1083,1201,0,0,0,1.0,1,1.0,1,1.0,1,0.14263837505820592,57
1367,0,2284,1083,1201,0,0,0,1.0,1,1.0,1,1.0,1,0.14263837505820592,57
1368,1,2285,1083,1202,0,0,0,1.0,1,1.0,1,1.0,1,0.1458275214161749,58
1369,1,2286,1084,1202,0,0,0,1.0,1,1.0,1,1.0,1,0.11718282107615702,59
1370,2,2288,1085,1203,0,0,0,1.0,1,1.0,1,1.0,1,0.1290255926861902,60
1371,3,2291,1086,1205,0,0,0,1.0,1,1.0,1,1.0,1,0.10610531624750816,59
1372,3,2294,1089,1205,0,0,0,1.0,1,1.0,1,1.0,1,0.18620512599624134,59
1373,3,2297,1091,1206,0,0,0,1.0,1,1.0,1,1.0,1,0.1784109394578695,59
1374,0,2297,1091,1206,0,0,0,1.0,1,1.0,1,1.0,1,0.1784109394578695,59
1375,2,2299,1091,1208,0,0,0,1.0,1,1.0,1,1.0,1,0.18141517177686567,62
1376,3,2302,1094,1208,0,0,0,1.0,1,1.0,1,1.0,1,0.22755125067433513,61
1377,2,2304,1095,1209,0,0,0,1.0,1,1.0,1,1.0,1,0.2439007731852019,63
1378,2,2306,1096,1210,0,0,0,1.0,1,1.0,1,1.0,1,0.2524176621759129,62
1379,1,2307,1096,1211,0,0,0,1.0,1,1.0,1,1.0,1,0.2717593007832949,61
1380,0,2307,1096,1211,0,0,0,1.0,1,1.0,1,1.0,1,0.26626334537443375,60
1381,8,2315,1098,1217,0,0,0,1.0,1,1.0,1,1.0,1,0.22957478186723773,58
1382,4,2319,1101,1218,0,0,0,1.0,1,1.0,1,1.0,1,0.23328209117715376,56
1383,5,2324,1103,1221,0,0,0,1.0,1,1.0,1,1.0,1,0.16703654313902164,57
1384,5,2329,1104,1225,0,0,0,1.0,1,1.0,1,1.0,1,0.18116313591998792,55
1385,1,2330,1105,1225,0,0,0,1.0,1,1.0,1,1.0,1,0.20706442906691153,55
1386,0,2330,1105,1225,0,0,0,1.0,1,1.0,1,1.0,1,0.19244320690906527,54
1387,0,2330,1105,1225,0,0,0,1.0,1,1.0,1,1.0,1,0.21329287448648246,53
1388,4,2334,1108,1226,0,0,0,1.0,1,1.0,1,1.0,1,0.24430027367922402,52
1389,1,2335,1109,1226,0,0,0,1.0,1,1.0,1,1.0,1,0.263479658955245,52
1390,0,2335,1109,1226,0,0,0,1.0,1,1.0,1,1.0,1,0.2665618033235657,51
1391,7,2342,1109,1233,0,0,0,1.0,1,1.0,1,1.0,1,0.1596708107949062,52
1392,2,2344,1110,1234,0,0,0,1.0,1,1.0,1,1.0,1,0.13460718593628188,51
1393,2,2346,1111,1235,0,0,0,1.0,1,1.0,1,1.0,1,0.13467831445144537,51
1394,0,2346,1111,1235,0,0,0,1.0,1,1.0,1,1.0,1,0.15281849357234656,52
1395,0,2346,1111,1235,0,0,0,1.0,1,1.0,1,1.0,1,0.15281849357234656,52
1396,1,2347,1112,1235,0,0,0,1.0,1,1.0,1,1.0,1,0.15744827622404228,53
1397,3,2350,1112,1238,0,0,0,1.0,1,1.0,1,1.0,1,0.1362075482343222,56
1398,1,2351,1113,1238,0,0,0,1.0,1,1.0,1,1.0,1,0.17063653831505743,56
1399,2,2353,1113,1240,0,0,0,1.0,1,1.0,1,1.0,1,0.15120684414240435,57
1400,6,2359,1116,1243,0,0,0,1.0,1,1.0,1,1.0,1,0.19098945040986967,57
1401,2,2361,1116,1245,0,0,0,1.0,1,1.0,1,1.0,1,0.16603334541871795,57
1402,3,2364,1119,1245,0,0,0,1.0,1,1.0,1,1.0,1,0.20610569359577874,57
1403,1,2365,1119,1246,0,0,0,1.0,1,1.0,1,1.0,1,0.2115263660693461,56
1404,0,2365,1119,1246,0,0,0,1.0,1,1.0,1,1.0,1,0.2200414643935601,58
1405,2,2367,1119,1248,0,0,0,1.0,1,1.0,1,1.0,1,0.23131040865627647,58
1406,0,2367,1119,1248,0,0,0,1.0,1,1.0,1,1.0,1,0.23131040865627647,58
1407,0,2367,1119,1248,0,0,0,1.0,1,1.0,1,1.0,1,0.24610024054305676,57
1408,0,2367,1119,1248,0,0,0,1.0,1,1.0,1,1.0,1,0.25807280573029917,58
1409,0,2367,1119,1248,0,0,0,1.0,1,1.0,1,1.0,1,0.26057166916136,57
1410,0,2367,1119,1248,0,0,0,1.0,1,1.0,1,1.0,1,0.26057166916136,57
1411,1,2368,1119,1249,0,0,0,1.0,1,1.0,1,1.0,1,0.2731516466194603,56
1412,0,2368,1119,1249,0,0,0,1.0,1,1.0,1,1.0,1,0.2826591692029079,55
1413,2,2370,1119,1251,0,0,0,1.0,1,1.0,1,1.0,1,0.2667451369167598,57
1414,0,2370,1119,1251,0,0,0,1.0,1,1.0,1,1.0,1,0.2667451369167598,57
1415,4,2374,1119,1255,0,0,0,1.0,1,1.0,1,1.0,1,0.21262382942916808,60
1416,3,2377,1120,1257,0,0,0,1.0,1,1.0,1,1.0,1,0.1805204732864671,61
1417,0,2377,1120,1257,0,0,0,1.0,1,1.0,1,1.0,1,0.17430318678354012,59
1418,2,2379,1120,1259,0,0,0,1.0,1,1.0,1,1.0,1,0.17480210534094884,60
1419,1,2380,1121,1259,0,0,0,1.0,1,1.0,1,1.0,1,0.1583370966016716,59
1420,2,2382,1122,1260,0,0,0,1.0,1,1.0,1,1.0,1,0.17224599647424046,58
1421,1,2383,1122,1261,0,0,0,1.0,1,1.0,1,1.0,1,0.12729421340778146,57
1422,1,2384,1123,1261,0,0,0,1.0,1,1.0,1,1.0,1,0.13636382803174488,57
1423,0,2384,1123,1261,0,0,0,1.0,1,1.0,1,1.0,1,0.14843656231087457,56
1424,1,2385,1124,1261,0,0,0,1.0,1,1.0,1,1.0,1,0.16796099044605256,57
1425,2,2387,1126,1261,0,0,0,1.0,1,1.0,1,1.0,1,0.20105047697056203,54
1426,4,2391,1128,1263,0,0,0,1.0,1,1.0,1,1.0,1,0.202590928154791,54
1427,3,2394,1131,1263,0,0,0,1.0,1,1.0,1,1.0,1,0.2783298315586096,53
1428,1,2395,1132,1263,0,0,0,1.0,1,1.0,1,1.0,1,0.2869599507799256,52
1429,1,2396,1132,1264,0,0,0,1.0,1,1.0,1,1.0,1,0.2587122935528865,52
1430,3,2399,1135,1264,0,0,0,1.0,1,1.0,1,1.0,1,0.2805944757606123,51
1431,4,2403,1135,1268,0,0,0,1.0,1,1.0,1,1.0,1,0.22171895393694802,51
1432,4,2407,1136,1271,0,0,0,1.0,1,1.0,1,1.0,1,0.19281299163702123,52
1433,4,2411,1137,1274,0,0,0,1.0,1,1.0,1,1.0,1,0.1770215914705667,52
1434,3,2414,1138,1276,0,0,0,1.0,1,1.0,1,1.0,1,0.15467494246255023,52
1435,2,2416,1140,1276,0,0,0,1.0,1,1.0,1,1.0,1,0.16293575658081363,50
1436,3,2419,1143,1276,0,0,0,1.0,1,1.0,1,1.0,1,0.217891167045576,50
1437,2,2421,1144,1277,0,0,0,1.0,1,1.0,1,1.0,1,0.23830246987611103,49
1438,3,2424,1146,1278,0,0,0,1.0,1,1.0,1,1.0,1,0.27015221372420817,49
1439,2,2426,1148,1278,0,0,0,1.0,1,1.0,1,1.0,1,0.3127231514471063,50
1440,4,2430,1151,1279,0,0,0,1.0,1,1.0,1,1.0,1,0.319969574507175,50
1441,5,2435,1152,1283,0,0,0,1.0,1,1.0,1,1.0,1,0.28345002735769587,51
1442,0,2435,1152,1283,0,0,0,1.0,1,1.0,1,1.0,1,0.2844015409702229,50
1443,1,2436,1152,1284,0,0,0,1.0,1,1.0,1,1.0,1,0.2689410707293923,51
1444,0,2436,1152,1284,0,0,0,1.0,1,1.0,1,1.0,1,0.2689410707293923,51
1445,3,2439,1152,1287,0,0,0,1.0,1,1.0,1,1.0,1,0.23322091157308514,51
1446,1,2440,1152,1288,0,0,0,1.0,1,1.0,1,1.0,1,0.24533819778456678,51
1447,1,2441,1152,1289,0,0,0,1.0,1,1.0,1,1.0,1,0.23315973691019884,51
1448,3,2444,1154,1290,0,0,0,1.0,1,1.0,1,1.0,1,0.2179856284339432,51
1449,4,2448,1154,1294,0,0,0,1.0,1,1.0,1,1.0,1,0.18716304223643385,51
1450,3,2451,1154,1297,0,0,0,1.0,1,1.0,1,1.0,1,0.17319036871904425,52
1451,3,2454,1155,1299,0,0,0,1.0,1,1.0,1,1.0,1,0.1562457143073071,54
1452,1,2455,1155,1300,0,0,0,1.0,1,1.0,1,1.0,1,0.1726330501979234,56
1453,1,2456,1156,1300,0,0,0,1.0,1,1.0,1,1.0,1,0.1721893381354588,56
1454,3,2459,1157,1302,0,0,0,1.0,1,1.0,1,1.0,1,0.19630853919787505,58
1455,5,2464,1159,1305,0,0,0,1.0,1,1.0,1,1.0,1,0.23128054466605505,55
1456,5,2469,1159,1310,0,0,0,1.0,1,1.0,1,1.0,1,0.21401886259100272,56
1457,5,2474,1160,1314,0,0,0,1.0,1,1.0,1,1.0,1,0.26543329039486596,54
1458,3,2477,1161,1316,0,0,0,1.0,1,1.0,1,1.0,1,0.2902423221011676,52
1459,2,2479,1162,1317,0,0,0,1.0,1,1.0,1,1.0,1,0.28350152391253686,52
1460,1,2480,1163,1317,0,0,0,1.0,1,1.0,1,1.0,1,0.24413026596832574,50
1461,3,2483,1165,1318,0,0,0,1.0,1,1.0,1,1.0,1,0.23973290081430423,53
1462,4,2487,1169,1318,0,0,0,1.0,1,1.0,1,1.0,1,0.2581570747449574,51
1463,4,2491,1171,1320,0,0,0,1.0,1,1.0,1,1.0,1,0.2608729716039829,51
1464,1,2492,1172,1320,0,0,0,1.0,1,1.0,1,1.0,1,0.27184335928970565,51
1465,2,2494,1172,1322,0,0,0,1.0,1,1.0,1,1.0,1,0.26964402122496295,49
1466,3,2497,1175,1322,0,0,0,1.0,1,1.0,1,1.0,1,0.2863138339032155,49
1467,3,2500,1176,1324,0,0,0,1.0,1,1.0,1,1.0,1,0.29952712923408054,47
1468,2,2502,1177,1325,0,0,0,1.0,1,1.0,1,1.0,1,0.29283233366631284,48
1469,1,2503,1178,1325,0,0,0,1.0,1,1.0,1,1.0,1,0.3173658837515,47
1470,0,2503,1178,1325,0,0,0,1.0,1,1.0,1,1.0,1,0.3021422299765503,49
1471,8,2511,1178,1333,0,0,0,1.0,1,1.0,1,1.0,1,0.21690000665416082,48
1472,1,2512,1178,1334,0,0,0,1.0,1,1.0,1,1.0,1,0.2306640620759512,48
1473,1,2513,1178,1335,0,0,0,1.0,1,1.0,1,1.0,1,0.2236005135662701,49
1474,0,2513,1178,1335,0,0,0,1.0,1,1.0,1,1.0,1,0.2236005135662701,49
1475,1,2514,1178,1336,0,0,0,1.0,1,1.0,1,1.0,1,0.21313471442801474,49
1476,3,2517,1180,1337,0,0,0,1.0,1,1.0,1,1.0,1,0.22855052372164877,51
1477,3,2520,1180,1340,0,0,0,1.0,1,1.0,1,1.0,1,0.20611382040377246,51
1478,0,2520,1180,1340,0,0,0,1.0,1,1.0,1,1.0,1,0.19693408470724053,52
1479,0,2520,1180,1340,0,0,0,1.0,1,1.0,1,1.0,1,0.21023625439439772,53
1480,1,2521,1181,1340,0,0,0,1.0,1,1.0,1,1.0,1,0.20594704296722097,53
1481,2,2523,1181,1342,0,0,0,1.0,1,1.0,1,1.0,1,0.17318286912631356,53
1482,1,2524,1182,1342,0,0,0,1.0,1,1.0,1,1.0,1,0.2093416044867545,52
1483,2,2526,1183,1343,0,0,0,1.0,1,1.0,1,1.0,1,0.1690600591019199,52
1484,1,2527,1183,1344,0,0,0,1.0,1,1.0,1,1.0,1,0.18570911214728808,53
1485,0,2527,1183,1344,0,0,0,1.0,1,1.0,1,1.0,1,0.18570911214728808,53
1486,0,2527,1183,1344,0,0,0,1.0,1,1.0,1,1.0,1,0.21350352730377659,54
1487,5,2532,1186,1346,0,0,0,1.0,1,1.0,1,1.0,1,0.18867011316413684,55
1488,1,2533,1186,1347,0,0,0,1.0,1,1.0,1,1.0,1,0.18850923293709596,57
1489,6,2539,1189,1350,0,0,0,1.0,1,1.0,1,1.0,1,0.20437684471529421,58
1490,3,2542,1189,1353,0,0,0,1.0,1,1.0,1,1.0,1,0.18634427290172254,58
1491,5,2547,1190,1357,0,0,0,1.0,1,1.0,1,1.0,1,0.15704679822343612,59
1492,0,2547,1190,1357,0,0,0,1.0,1,1.0,1,1.0,1,0.15704679822343612,59
1493,0,2547,1190,1357,0,0,0,1.0,1,1.0,1,1.0,1,0.14851804439056188,58
1494,2,2549,1191,1358,0,0,0,1.0,1,1.0,1,1.0,1,0.1619615974181661,58
1495,2,2551,1193,1358,0,0,0,1.0,1,1.0,1,1.0,1,0.20081404216735704,57
1496,1,2552,1193,1359,0,0,0,1.0,1,1.0,1,1.0,1,0.19514301746195611,59
1497,1,2553,1194,1359,0,0,0,1.0,1,1.0,1,1.0,1,0.22873265526186082,58
1498,1,2554,1195,1359,0,0,0,1.0,1,1.0,1,1.0,1,0.25076381562750555,58
1499,1,2555,1195,1360,0,0,0,1.0,1,1.0,1,1.0,1,0.2180140335223163,56
1500,2,2557,1196,1361,0,0,0,1.0,1,1.0,1,1.0,1,0.23638931282503645,57
1501,1,2558,1196,1362,0,0,0,1.0,1,1.0,1,1.0,1,0.21229991145387542,55
1502,1,2559,1197,1362,0,0,0,1.0,1,1.0,1,1.0,1,0.23109394287479276,55
1503,3,2562,1198,1364,0,0,0,1.0,1,1.0,1,1.0,1,0.22586003854052686,54
1504,1,2563,1199,1364,0,0,0,1.0,1,1.0,1,1.0,1,0.2117323711778912,55
1505,0,2563,1199,1364,0,0,0,1.0,1,1.0,1,1.0,1,0.19667656762744912,53
1506,0,2563,1199,1364,0,0,0,1.0,1,1.0,1,1.0,1,0.21859432876812082,55
1507,1,2564,1199,1365,0,0,0,1.0,1,1.0,1,1.0,1,0.21305926519082863,53
1508,4,2568,1203,1365,0,0,0,1.0,1,1.0,1,1.0,1,0.24596837907860436,53
1509,5,2573,1204,1369,0,0,0,1.0,1,1.0,1,1.0,1,0.20207534354052828,52
1510,1,2574,1205,1369,0,0,0,1.0,1,1.0,1,1.0,1,0.2064107142086462,50
1511,5,2579,1206,1373,0,0,0,1.0,1,1.0,1,1.0,1,0.1615371023456556,49
1512,2,2581,1208,1373,0,0,0,1.0,1,1.0,1,1.0,1,0.20235178321501668,48
1513,3,2584,1209,1375,0,0,0,1.0,1,1.0,1,1.0,1,0.2067787756319594,47
1514,1,2585,1210,1375,0,0,0,1.0,1,1.0,1,1.0,1,0.19797827099760684,48
1515,0,2585,1210,1375,0,0,0,1.0,1,1.0,1,1.0,1,0.19797827099760684,48
1516,1,2586,1210,1376,0,0,0,1.0,1,1.0,1,1.0,1,0.15366948168929578,47
1517,0,2586,1210,1376,0,0,0,1.0,1,1.0,1,1.0,1,0.17170134680793975,48
1518,1,2587,1210,1377,0,0,0,1.0,1,1.0,1,1.0,1,0.1563401720127273,48
1519,0,2587,1210,1377,0,0,0,1.0,1,1.0,1,1.0,1,0.17217118412549934,47
1520,4,2591,1213,1378,0,0,0,1.0,1,1.0,1,1.0,1,0.22176293461261337,48
1521,2,2593,1213,1380,0,0,0,1.0,1,1.0,1,1.0,1,0.197222721403128,49
1522,2,2595,1214,1381,0,0,0,1.0,1,1.0,1,1.0,1,0.1973825787002411,48
1523,0,2595,1214,1381,0,0,0,1.0,1,1.0,1,1.0,1,0.21137316262701583,49
1524,1,2596,1215,1381,0,0,0,1.0,1,1.0,1,1.0,1,0.21811666000927618,49
1525,2,2598,1216,1382,0,0,0,1.0,1,1.0,1,1.0,1,0.24034815525599887,51
1526,0,2598,1216,1382,0,0,0,1.0,1,1.0,1,1.0,1,0.22641573115823999,52
1527,1,2599,1216,1383,0,0,0,1.0,1,1.0,1,1.0,1,0.23205495592876849,54
1528,0,2599,1216,1383,0,0,0,1.0,1,1.0,1,1.0,1,0.23205495592876849,54
1529,0,2599,1216,1383,0,0,0,1.0,1,1.0,1,1.0,1,0.23205495592876849,54
1530,0,2599,1216,1383,0,0,0,1.0,1,1.0,1,1.0,1,0.24920544451170484,54
1531,0,2599,1216,1383,0,0,0,1.0,1,1.0,1,1.0,1,0.2459334988441402,54
1532,1,2600,1217,1383,0,0,0,1.0,1,1.0,1,1.0,1,0.25842614041960926,54
1533,2,2602,1217,1385,0,0,0,1.0,1,1.0,1,1.0,1,0.23759642035486686,54
1534,2,2604,1218,1386,0,0,0,1.0,1,1.0,1,1.0,1,0.2110458212091709,54
1535,2,2606,1219,1387,0,0,0,1.0,1,1.0,1,1.0,1,0.19864870392167314,54
1536,0,2606,1219,1387,0,0,0,1.0,1,1.0,1,1.0,1,0.20879242651041083,55
1537,0,2606,1219,1387,0,0,0,1.0,1,1.0,1,1.0,1,0.21458345685085256,53
1538,1,2607,1220,1387,0,0,0,1.0,1,1.0,1,1.0,1,0.21504232110621335,54
1539,1,2608,1221,1387,0,0,0,1.0,1,1.0,1,1.0,1,0.24964524728528198,54
1540,1,2609,1222,1387,0,0,0,1.0,1,1.0,1,1.0,1,0.2610316456961851,54
1541,5,2614,1222,1392,0,0,0,1.0,1,1.0,1,1.0,1,0.19498738225579706,54
1542,6,2620,1224,1396,0,0,0,1.0,1,1.0,1,1.0,1,0.20611159681690983,57
1543,2,2622,1226,1396,0,0,0,1.0,1,1.0,1,1.0,1,0.23987366976237645,55
1544,5,2627,1229,1398,0,0,0,1.0,1,1.0,1,1.0,1,0.24507584619187509,54
1545,7,2634,1230,1404,0,0,0,1.0,1,1.0,1,1.0,1,0.1735710437970329,54
1546,2,2636,1232,1404,0,0,0,1.0,1,1.0,1,1.0,1,0.17061703354962557,53
1547,4,2640,1234,1406,0,0,0,1.0,1,1.0,1,1.0,1,0.10698563039792547,53
1548,3,2643,1236,1407,0,0,0,1.0,1,1.0,1,1.0,1,0.1643066651485708,54
1549,1,2644,1237,1407,0,0,0,1.0,1,1.0,1,1.0,1,0.13635684200672418,52
1550,6,2650,1242,1408,0,0,0,1.0,1,1.0,1,1.0,1,0.17819937071164707,52
1551,8,2658,1244,1414,0,0,0,1.0,1,1.0,1,1.0,1,0.10211736703657825,52
1552,4,2662,1247,1415,0,0,0,1.0,1,1.0,1,1.0,1,0.08840671483130076,51
1553,4,2666,1249,1417,0,0,0,1.0,1,1.0,1,1.0,1,0.14101851655959968,51
1554,2,2668,1251,1417,0,0,0,1.0,1,1.0,1,1.0,1,0.12714313752652798,51
1555,3,2671,1252,1419,0,0,0,1.0,1,1.0,1,1.0,1,0.15808677081548664,50
1556,3,2674,1253,1421,0,0,0,1.0,1,1.0,1,1.0,1,0.20500982089778344,51
1557,10,2684,1255,1429,0,0,0,1.0,1,1.0,1,1.0,1,0.2602880696878334,51
1558,7,2691,1256,1435,0,0,0,1.0,1,1.0,1,1.0,1,0.24166292361186106,52
1559,7,2698,1259,1439,0,0,0,1.0,1,1.0,1,1.0,1,0.23257825901785567,53
1560,4,2702,1262,1440,0,0,0,1.0,1,1.0,1,1.0,1,0.23234630428169661,51
1561,8,2710,1263,1447,0,0,0,1.0,1,1.0,1,1.0,1,0.09077740289612792,51
1562,1,2711,1263,1448,0,0,0,1.0,1,1.0,1,1.0,1,0.09615307173797258,52
1563,0,2711,1263,1448,0,0,0,1.0,1,1.0,1,1.0,1,0.09615307173797258,52
1564,0,2711,1263,1448,0,0,0,1.0,1,1.0,1,1.0,1,0.11222687572852284,51
1565,1,2712,1264,1448,0,0,0,1.0,1,1.0,1,1.0,1,0.12220550468440615,53
1566,1,2713,1264,1449,0,0,0,1.0,1,1.0,1,1.0,1,0.14552200767514695,53
1567,0,2713,1264,1449,0,0,0,1.0,1,1.0,1,1.0,1,0.1484828548212746,52
1568,1,2714,1264,1450,0,0,0,1.0,1,1.0,1,1.0,1,0.12988971621803197,52
1569,1,2715,1265,1450,0,0,0,1.0,1,1.0,1,1.0,1,0.15947659671467518,49
1570,1,2716,1266,1450,0,0,0,1.0,1,1.0,1,1.0,1,0.1970669917834298,48
1571,3,2719,1267,1452,0,0,0,1.0,1,1.0,1,1.0,1,0.1600771787189196,46
1572,1,2720,1268,1452,0,0,0,1.0,1,1.0,1,1.0,1,0.17131922287301388,47
1573,0,2720,1268,1452,0,0,0,1.0,1,1.0,1,1.0,1,0.16150942119745787,48
1574,2,2722,1270,1452,0,0,0,1.0,1,1.0,1,1.0,1,0.1831950273873116,46
1575,0,2722,1270,1452,0,0,0,1.0,1,1.0,1,1.0,1,0.18100557579271415,47
1576,4,2726,1273,1453,0,0,0,1.0,1,1.0,1,1.0,1,0.19283966870367752,46
1577,1,2727,1274,1453,0,0,0,1.0,1,1.0,1,1.0,1,0.226269165771195,45
1578,0,2727,1274,1453,0,0,0,1.0,1,1.0,1,1.0,1,0.21427359721987402,44
1579,0,2727,1274,1453,0,0,0,1.0,1,1.0,1,1.0,1,0.23298064306445238,43
1580,0,2727,1274,1453,0,0,0,1.0,1,1.0,1,1.0,1,0.23298064306445238,43
1581,2,2729,1274,1455,0,0,0,1.0,1,1.0,1,1.0,1,0.20716234582110896,42
1582,1,2730,1275,1455,0,0,0,1.0,1,1.0,1,1.0,1,0.19919925890874401,42
1583,6,2736,1278,1458,0,0,0,1.0,1,1.0,1,1.0,1,0.24614678271616608,43
1584,3,2739,1280,1459,0,0,0,1.0,1,1.0,1,1.0,1,0.24704904699355623,41
1585,4,2743,1282,1461,0,0,0,1.0,1,1.0,1,1.0,1,0.2169434917353195,43
1586,1,2744,1282,1462,0,0,0,1.0,1,1.0,1,1.0,1,0.20343298438718777,42
1587,3,2747,1284,1463,0,0,0,1.0,1,1.0,1,1.0,1,0.22447073783189445,42
1588,1,2748,1285,1463,0,0,0,1.0,1,1.0,1,1.0,1,0.26989602490320147,42
1589,2,2750,1285,1465,0,0,0,1.0,1,1.0,1,1.0,1,0.22310200878244393,42
1590,1,2751,1286,1465,0,0,0,1.0,1,1.0,1,1.0,1,0.2677866119193533,41
1591,2,2753,1287,1466,0,0,0,1.0,1,1.0,1,1.0,1,0.24734893375180425,40
1592,6,2759,1288,1471,0,0,0,1.0,1,1.0,1,1.0,1,0.18824451354969665,39
1593,3,2762,1290,1472,0,0,0,1.0,1,1.0,1,1.0,1,0.20968016524968777,39
1594,0,2762,1290,1472,0,0,0,1.0,1,1.0,1,1.0,1,0.21537315844133778,39
1595,2,2764,1291,1473,0,0,0,1.0,1,1.0,1,1.0,1,0.2085890349923486,42
1596,0,2764,1291,1473,0,0,0,1.0,1,1.0,1,1.0,1,0.215994414876671,41
1597,0,2764,1291,1473,0,0,0,1.0,1,1.0,1,1.0,1,0.215994414876671,41
1598,0,2764,1291,1473,0,0,0,1.0,1,1.0,1,1.0,1,0.23406405017732054,39
1599,1,2765,1292,1473,0,0,0,1.0,1,1.0,1,1.0,1,0.21968818802550946,39
1600,1,2766,1292,1474,0,0,0,1.0,1,1.0,1,1.0,1,0.22665434152807687,40
1601,4,2770,1294,1476,0,0,0,1.0,1,1.0,1,1.0,1,0.24931786102272638,41
1602,1,2771,1294,1477,0,0,0,1.0,1,1.0,1,1.0,1,0.1948516561840514,41
1603,2,2773,1295,1478,0,0,0,1.0,1,1.0,1,1.0,1,0.25216983911850105,43
1604,0,2773,1295,1478,0,0,0,1.0,1,1.0,1,1.0,1,0.25216983911850105,43
1605,1,2774,1296,1478,0,0,0,1.0,1,1.0,1,1.0,1,0.2816257398826297,44
1606,4,2778,1298,1480,0,0,0,1.0,1,1.0,1,1.0,1,0.26322637968585333,44
1607,1,2779,1299,1480,0,0,0,1.0,1,1.0,1,1.0,1,0.2627051177647546,42
1608,2,2781,1301,1480,0,0,0,1.0,1,1.0,1,1.0,1,0.27828570900415406,41
1609,0,2781,1301,1480,0,0,0,1.0,1,1.0,1,1.0,1,0.24666254285455205,39
1610,0,2781,1301,1480,0,0,0,1.0,1,1.0,1,1.0,1,0.2502812028397321,39
1611,3,2784,1301,1483,0,0,0,1.0,1,1.0,1,1.0,1,0.14836590431451813,40
1612,0,2784,1301,1483,0,0,0,1.0,1,1.0,1,1.0,1,0.1264613316385953,39
1613,0,2784,1301,1483,0,0,0,1.0,1,1.0,1,1.0,1,0.1614983491307903,41
1614,0,2784,1301,1483,0,0,0,1.0,1,1.0,1,1.0,1,0.1614983491307903,41
1615,0,2784,1301,1483,0,0,0,1.0,1,1.0,1,1.0,1,0.1614983491307903,41
1616,2,2786,1303,1483,0,0,0,1.0,1,1.0,1,1.0,1,0.20072776946828133,43
1617,2,2788,1304,1484,0,0,0,1.0,1,1.0,1,1.0,1,0.1970192768989877,44
1618,0,2788,1304,1484,0,0,0,1.0,1,1.0,1,1.0,1,0.1970192768989877,44
1619,2,2790,1305,1485,0,0,0,1.0,1,1.0,1,1.0,1,0.24215896689020283,44
1620,3,2793,1307,1486,0,0,0,1.0,1,1.0,1,1.0,1,0.2705852111701255,45
1621,2,2795,1307,1488,0,0,0,1.0,1,1.0,1,1.0,1,0.2603335596260711,44
1622,2,2797,1309,1488,0,0,0,1.0,1,1.0,1,1.0,1,0.29763624494120905,44
1623,3,2800,1310,1490,0,0,0,1.0,1,1.0,1,1.0,1,0.2861817425516034,43
1624,1,2801,1311,1490,0,0,0,1.0,1,1.0,1,1.0,1,0.2825749820115529,43
1625,3,2804,1313,1491,0,0,0,1.0,1,1.0,1,1.0,1,0.3390916088792317,43
1626,3,2807,1314,1493,0,0,0,1.0,1,1.0,1,1.0,1,0.30095706806963995,42
1627,0,2807,1314,1493,0,0,0,1.0,1,1.0,1,1.0,1,0.30236774525846766,42
1628,1,2808,1315,1493,0,0,0,1.0,1,1.0,1,1.0,1,0.336017727060404,42
1629,0,2808,1315,1493,0,0,0,1.0,1,1.0,1,1.0,1,0.32883997216235594,41
1630,4,2812,1317,1495,0,0,0,1.0,1,1.0,1,1.0,1,0.3328782929265211,41
1631,4,2816,1318,1498,0,0,0,1.0,1,1.0,1,1.0,1,0.28848824270248935,40
1632,1,2817,1318,1499,0,0,0,1.0,1,1.0,1,1.0,1,0.25210268109054135,39
1633,1,2818,1318,1500,0,0,0,1.0,1,1.0,1,1.0,1,0.23953431932872574,39
1634,0,2818,1318,1500,0,0,0,1.0,1,1.0,1,1.0,1,0.23953431932872574,39
1635,3,2821,1318,1503,0,0,0,1.0,1,1.0,1,1.0,1,0.19973924162616702,40
1636,0,2821,1318,1503,0,0,0,1.0,1,1.0,1,1.0,1,0.2157410495432426,41
1637,3,2824,1319,1505,0,0,0,1.0,1,1.0,1,1.0,1,0.172099081817144,41
1638,1,2825,1320,1505,0,0,0,1.0,1,1.0,1,1.0,1,0.20418612409956025,42
1639,2,2827,1320,1507,0,0,0,1.0,1,1.0,1,1.0,1,0.20646231733347198,43
1640,2,2829,1320,1509,0,0,0,1.0,1,1.0,1,1.0,1,0.20646231733347198,43
1641,1,2830,1321,1509,0,0,0,1.0,1,1.0,1,1.0,1,0.1860845229534098,44
1642,3,2833,1323,1510,0,0,0,1.0,1,1.0,1,1.0,1,0.24515538763130515,45
1643,4,2837,1325,1512,0,0,0,1.0,1,1.0,1,1.0,1,0.24291022078394436,44
1644,2,2839,1326,1513,0,0,0,1.0,1,1.0,1,1.0,1,0.2610673150436253,45
1645,1,2840,1326,1514,0,0,0,1.0,1,1.0,1,1.0,1,0.2862663226173018,44
1646,2,2842,1328,1514,0,0,0,1.0,1,1.0,1,1.0,1,0.2983198501323477,43
1647,4,2846,1330,1516,0,0,0,1.0,1,1.0,1,1.0,1,0.26451008727509023,43
1648,0,2846,1330,1516,0,0,0,1.0,1,1.0,1,1.0,1,0.29148048104493834,42
1649,0,2846,1330,1516,0,0,0,1.0,1,1.0,1,1.0,1,0.3199104512924128,41
1650,0,2846,1330,1516,0,0,0,1.0,1,1.0,1,1.0,1,0.3199104512924128,41
1651,2,2848,1331,1517,0,0,0,1.0,1,1.0,1,1.0,1,0.31893100520615775,40
1652,1,2849,1331,1518,0,0,0,1.0,1,1.0,1,1.0,1,0.32309013006568965,39
1653,1,2850,1331,1519,0,0,0,1.0,1,1.0,1,1.0,1,0.3619055641421269,39
1654,1,2851,1331,1520,0,0,0,1.0,1,1.0,1,1.0,1,0.31992688074689535,39
1655,3,2854,1332,1522,0,0,0,1.0,1,1.0,1,1.0,1,0.25742323102471143,40
1656,2,2856,1332,1524,0,0,0,1.0,1,1.0,1,1.0,1,0.20157707169427708,40
1657,1,2857,1332,1525,0,0,0,1.0,1,1.0,1,1.0,1,0.20342072611981912,40
1658,2,2859,1332,1527,0,0,0,1.0,1,1.0,1,1.0,1,0.17921707766228923,40
1659,4,2863,1334,1529,0,0,0,1.0,1,1.0,1,1.0,1,0.18553162095640258,40
1660,1,2864,1334,1530,0,0,0,1.0,1,1.0,1,1.0,1,0.15245784929497327,41
1661,2,2866,1336,1530,0,0,0,1.0,1,1.0,1,1.0,1,0.17699451267383612,42
1662,2,2868,1338,1530,0,0,0,1.0,1,1.0,1,1.0,1,0.17169545457008448,44
1663,4,2872,1340,1532,0,0,0,1.0,1,1.0,1,1.0,1,0.1944188547964139,43
1664,2,2874,1342,1532,0,0,0,1.0,1,1.0,1,1.0,1,0.23943557026928747,42
1665,3,2877,1344,1533,0,0,0,1.0,1,1.0,1,1.0,1,0.25225336102858004,42
1666,7,2884,1348,1536,0,0,0,1.0,1,1.0,1,1.0,1,0.26326021193805776,43
1667,6,2890,1351,1539,0,0,0,1.0,1,1.0,1,1.0,1,0.24623682675495714,40
1668,0,2890,1351,1539,0,0,0,1.0,1,1.0,1,1.0,1,0.23254094107484527,40
1669,1,2891,1352,1539,0,0,0,1.0,1,1.0,1,1.0,1,0.22463316114204437,40
1670,0,2891,1352,1539,0,0,0,1.0,1,1.0,1,1.0,1,0.22480152989120247,39
1671,5,2896,1354,1542,0,0,0,1.0,1,1.0,1,1.0,1,0.17367765490166523,39
1672,1,2897,1355,1542,0,0,0,1.0,1,1.0,1,1.0,1,0.21301687931493954,38
1673,0,2897,1355,1542,0,0,0,1.0,1,1.0,1,1.0,1,0.21301687931493954,38
1674,1,2898,1356,1542,0,0,0,1.0,1,1.0,1,1.0,1,0.24565583038360173,38
1675,1,2899,1357,1542,0,0,0,1.0,1,1.0,1,1.0,1,0.2276977079590535,39
1676,1,2900,1357,1543,0,0,0,1.0,1,1.0,1,1.0,1,0.20009818434470308,39
1677,0,2900,1357,1543,0,0,0,1.0,1,1.0,1,1.0,1,0.187860746748468,40
1678,0,2900,1357,1543,0,0,0,1.0,1,1.0,1,1.0,1,0.20761211584559822,39
1679,0,2900,1357,1543,0,0,0,1.0,1,1.0,1,1.0,1,0.20761211584559822,39
1680,0,2900,1357,1543,0,0,0,1.0,1,1.0,1,1.0,1,0.22415716366414717,40
1681,1,2901,1358,1543,0,0,0,1.0,1,1.0,1,1.0,1,0.22932837677956253,41
1682,2,2903,1359,1544,0,0,0,1.0,1,1.0,1,1.0,1,0.2167885520531674,40
1683,2,2905,1361,1544,0,0,0,1.0,1,1.0,1,1.0,1,0.24496457630462412,43
1684,2,2907,1362,1545,0,0,0,1.0,1,1.0,1,1.0,1,0.29923127973058544,42
1685,3,2910,1363,1547,0,0,0,1.0,1,1.0,1,1.0,1,0.26886714304722903,41
1686,2,2912,1363,1549,0,0,0,1.0,1,1.0,1,1.0,1,0.27016743445561336,39
1687,3,2915,1365,1550,0,0,0,1.0,1,1.0,1,1.0,1,0.27317264245553424,41
1688,3,2918,1367,1551,0,0,0,1.0,1,1.0,1,1.0,1,0.250589620332259,39
1689,3,2921,1369,1552,0,0,0,1.0,1,1.0,1,1.0,1,0.2804363946209384,37
1690,0,2921,1369,1552,0,0,0,1.0,1,1.0,1,1.0,1,0.30743977627251506,36
1691,5,2926,1371,1555,0,0,0,1.0,1,1.0,1,1.0,1,0.28099171044674204,36
1692,1,2927,1371,1556,0,0,0,1.0,1,1.0,1,1.0,1,0.27413190057233616,34
1693,2,2929,1373,1556,0,0,0,1.0,1,1.0,1,1.0,1,0.2783481958462422,33
1694,0,2929,1373,1556,0,0,0,1.0,1,1.0,1,1.0,1,0.2737807533869803,32
1695,0,2929,1373,1556,0,0,0,1.0,1,1.0,1,1.0,1,0.26151777899983897,32
1696,1,2930,1374,1556,0,0,0,1.0,1,1.0,1,1.0,1,0.3300799692640066,34
1697,1,2931,1375,1556,0,0,0,1.0,1,1.0,1,1.0,1,0.34657329529696373,34
1698,2,2933,1377,1556,0,0,0,1.0,1,1.0,1,1.0,1,0.34415778682903975,36
1699,3,2936,1379,1557,0,0,0,1.0,1,1.0,1,1.0,1,0.3773593317287602,36
1700,0,2936,1379,1557,0,0,0,1.0,1,1.0,1,1.0,1,0.38863701335343565,37
1701,8,2944,1380,1564,0,0,0,1.0,1,1.0,1,1.0,1,0.3106781417133408,39
1702,4,2948,1382,1566,0,0,0,1.0,1,1.0,1,1.0,1,0.3296141906192487,39
1703,1,2949,1382,1567,0,0,0,1.0,1,1.0,1,1.0,1,0.29005424052561785,38
1704,3,2952,1385,1567,0,0,0,1.0,1,1.0,1,1.0,1,0.30970926777278135,38
1705,1,2953,1385,1568,0,0,0,1.0,1,1.0,1,1.0,1,0.29126406826896367,37
1706,2,2955,1386,1569,0,0,0,1.0,1,1.0,1,1.0,1,0.24710181195248848,37
1707,1,2956,1387,1569,0,0,0,1.0,1,1.0,1,1.0,1,0.2637705053986614,36
1708,1,2957,1388,1569,0,0,0,1.0,1,1.0,1,1.0,1,0.30899696075537014,34
1709,3,2960,1390,1570,0,0,0,1.0,1,1.0,1,1.0,1,0.31481294201220095,34
1710,4,2964,1392,1572,0,0,0,1.0,1,1.0,1,1.0,1,0.36530080651467867,33
1711,3,2967,1394,1573,0,0,0,1.0,1,1.0,1,1.0,1,0.35390437908294947,32
1712,1,2968,1395,1573,0,0,0,1.0,1,1.0,1,1.0,1,0.3923222665878688,31
1713,1,2969,1395,1574,0,0,0,1.0,1,1.0,1,1.0,1,0.37286446996650935,32
1714,1,2970,1395,1575,0,0,0,1.0,1,1.0,1,1.0,1,0.3628311871915923,32
1715,0,2970,1395,1575,0,0,0,1.0,1,1.0,1,1.0,1,0.3628311871915923,32
1716,1,2971,1395,1576,0,0,0,1.0,1,1.0,1,1.0,1,0.3337290975736893,34
1717,1,2972,1395,1577,0,0,0,1.0,1,1.0,1,1.0,1,0.2982560190825599,34
1718,0,2972,1395,1577,0,0,0,1.0,1,1.0,1,1.0,1,0.3205761032475823,34
1719,1,2973,1396,1577,0,0,0,1.0,1,1.0,1,1.0,1,0.3574175227630415,34
1720,0,2973,1396,1577,0,0,0,1.0,1,1.0,1,1.0,1,0.332416857754938,34
1721,1,2974,1396,1578,0,0,0,1.0,1,1.0,1,1.0,1,0.3124787249264265,35
1722,0,2974,1396,1578,0,0,0,1.0,1,1.0,1,1.0,1,0.29655950033246753,35
1723,0,2974,1396,1578,0,0,0,1.0,1,1.0,1,1.0,1,0.3166525200340878,34
1724,1,2975,1397,1578,0,0,0,1.0,1,1.0,1,1.0,1,0.29897709581442533,33
1725,3,2978,1399,1579,0,0,0,1.0,1,1.0,1,1.0,1,0.3456373098059061,35
1726,3,2981,1400,1581,0,0,0,1.0,1,1.0,1,1.0,1,0.2789584474080075,34
1727,0,2981,1400,1581,0,0,0,1.0,1,1.0,1,1.0,1,0.2789584474080075,34
1728,0,2981,1400,1581,0,0,0,1.0,1,1.0,1,1.0,1,0.2803897089005805,35
1729,0,2981,1400,1581,0,0,0,1.0,1,1.0,1,1.0,1,0.2721719293744115,35
1730,1,2982,1401,1581,0,0,0,1.0,1,1.0,1,1.0,1,0.2808251481341338,35
1731,1,2983,1402,1581,0,0,0,1.0,1,1.0,1,1.0,1,0.32703999418637825,35
1732,0,2983,1402,1581,0,0,0,1.0,1,1.0,1,1.0,1,0.32703999418637825,35
1733,1,2984,1402,1582,0,0,0,1.0,1,1.0,1,1.0,1,0.3376677504605136,33
1734,2,2986,1403,1583,0,0,0,1.0,1,1.0,1,1.0,1,0.33013434966458816,34
1735,1,2987,1403,1584,0,0,0,1.0,1,1.0,1,1.0,1,0.3217364377050431,33
1736,5,2992,1406,1586,0,0,0,1.0,1,1.0,1,1.0,1,0.29124798449777023,33
1737,2,2994,1406,1588,0,0,0,1.0,1,1.0,1,1.0,1,0.25188154169507815,35
1738,1,2995,1407,1588,0,0,0,1.0,1,1.0,1,1.0,1,0.23049796211052717,36
1739,6,3001,1409,1592,0,0,0,1.0,1,1.0,1,1.0,1,0.2529572200072388,36
1740,1,3002,1409,1593,0,0,0,1.0,1,1.0,1,1.0,1,0.2663044658458042,37
1741,2,3004,1409,1595,0,0,0,1.0,1,1.0,1,1.0,1,0.2149764836048524,36
1742,0,3004,1409,1595,0,0,0,1.0,1,1.0,1,1.0,1,0.2149764836048524,36
1743,3,3007,1411,1596,0,0,0,1.0,1,1.0,1,1.0,1,0.194137049586699,37
1744,0,3007,1411,1596,0,0,0,1.0,1,1.0,1,1.0,1,0.21734820400321972,37
1745,5,3012,1414,1598,0,0,0,1.0,1,1.0,1,1.0,1,0.18391547674249914,38
1746,1,3013,1415,1598,0,0,0,1.0,1,1.0,1,1.0,1,0.20435957048272532,38
1747,0,3013,1415,1598,0,0,0,1.0,1,1.0,1,1.0,1,0.2137691931061589,37
1748,0,3013,1415,1598,0,0,0,1.0,1,1.0,1,1.0,1,0.21625423851299735,38
1749,1,3014,1416,1598,0,0,0,1.0,1,1.0,1,1.0,1,0.22739169265160988,38
1750,1,3015,1416,1599,0,0,0,1.0,1,1.0,1,1.0,1,0.22256898472456077,39
1751,1,3016,1416,1600,0,0,0,1.0,1,1.0,1,1.0,1,0.1856206084845695,41
1752,0,3016,1416,1600,0,0,0,1.0,1,1.0,1,1.0,1,0.1856206084845695,41
1753,3,3019,1417,1602,0,0,0,1.0,1,1.0,1,1.0,1,0.18478222695914406,41
1754,1,3020,1418,1602,0,0,0,1.0,1,1.0,1,1.0,1,0.18973494707914154,40
1755,2,3022,1419,1603,0,0,0,1.0,1,1.0,1,1.0,1,0.1875632121751487,41
1756,0,3022,1419,1603,0,0,0,1.0,1,1.0,1,1.0,1,0.21575118526204828,41
1757,0,3022,1419,1603,0,0,0,1.0,1,1.0,1,1.0,1,0.22439756159835586,40
1758,2,3024,1421,1603,0,0,0,1.0,1,1.0,1,1.0,1,0.24354928749759938,41
1759,2,3026,1423,1603,0,0,0,1.0,1,1.0,1,1.0,1,0.314986323018535,38
1760,8,3034,1425,1609,0,0,0,1.0,1,1.0,1,1.0,1,0.3426539838235157,38
1761,3,3037,1426,1611,0,0,0,1.0,1,1.0,1,1.0,1,0.31755778391781564,37
1762,3,3040,1427,1613,0,0,0,1.0,1,1.0,1,1.0,1,0.3268125858490854,37
1763,1,3041,1428,1613,0,0,0,1.0,1,1.0,1,1.0,1,0.3064142755671354,37
1764,2,3043,1429,1614,0,0,0,1.0,1,1.0,1,1.0,1,0.2890468647906033,36
1765,3,3046,1431,1615,0,0,0,1.0,1,1.0,1,1.0,1,0.26540654661951363,36
1766,0,3046,1431,1615,0,0,0,1.0,1,1.0,1,1.0,1,0.25934692807165766,37
1767,1,3047,1432,1615,0,0,0,1.0,1,1.0,1,1.0,1,0.25705184067409526,37
1768,3,3050,1433,1617,0,0,0,1.0,1,1.0,1,1.0,1,0.2566855758411741,37
1769,2,3052,1434,1618,0,0,0,1.0,1,1.0,1,1.0,1,0.21509206755342042,38
1770,1,3053,1435,1618,0,0,0,1.0,1,1.0,1,1.0,1,0.2631838416510527,39
1771,1,3054,1435,1619,0,0,0,1.0,1,1.0,1,1.0,1,0.2422788010732281,39
1772,1,3055,1436,1619,0,0,0,1.0,1,1.0,1,1.0,1,0.28172784465258055,39
1773,1,3056,1436,1620,0,0,0,1.0,1,1.0,1,1.0,1,0.2278275930443787,41
1774,1,3057,1436,1621,0,0,0,1.0,1,1.0,1,1.0,1,0.18789544550958082,41
1775,1,3058,1436,1622,0,0,0,1.0,1,1.0,1,1.0,1,0.18779493947605969,42
1776,1,3059,1437,1622,0,0,0,1.0,1,1.0,1,1.0,1,0.22631024493167679,43
1777,0,3059,1437,1622,0,0,0,1.0,1,1.0,1,1.0,1,0.22631024493167679,43
1778,2,3061,1437,1624,0,0,0,1.0,1,1.0,1,1.0,1,0.21622047999765248,44
1779,1,3062,1437,1625,0,0,0,1.0,1,1.0,1,1.0,1,0.1988542192533699,46
1780,1,3063,1438,1625,0,0,0,1.0,1,1.0,1,1.0,1,0.2076439822693499,46
1781,1,3064,1438,1626,0,0,0,1.0,1,1.0,1,1.0,1,0.19487593776038706,46
1782,2,3066,1439,1627,0,0,0,1.0,1,1.0,1,1.0,1,0.2253852617170801,46
1783,3,3069,1442,1627,0,0,0,1.0,1,1.0,1,1.0,1,0.23816283656852194,44
1784,3,3072,1443,1629,0,0,0,1.0,1,1.0,1,1.0,1,0.2341609720419776,45
1785,1,3073,1444,1629,0,0,0,1.0,1,1.0,1,1.0,1,0.24057290230934472,42
1786,3,3076,1446,1630,0,0,0,1.0,1,1.0,1,1.0,1,0.24699466571904063,43
1787,1,3077,1447,1630,0,0,0,1.0,1,1.0,1,1.0,1,0.2541977995809358,41
1788,2,3079,1447,1632,0,0,0,1.0,1,1.0,1,1.0,1,0.2492615750113918,41
1789,2,3081,1449,1632,0,0,0,1.0,1,1.0,1,1.0,1,0.2930749392603443,41
1790,1,3082,1450,1632,0,0,0,1.0,1,1.0,1,1.0,1,0.29962473503665665,41
1791,2,3084,1450,1634,0,0,0,1.0,1,1.0,1,1.0,1,0.25633794640702434,40
1792,5,3089,1454,1635,0,0,0,1.0,1,1.0,1,1.0,1,0.19483995745198715,40
1793,0,3089,1454,1635,0,0,0,1.0,1,1.0,1,1.0,1,0.20925692524448922,41
1794,2,3091,1456,1635,0,0,0,1.0,1,1.0,1,1.0,1,0.25305980855868676,41
1795,1,3092,1457,1635,0,0,0,1.0,1,1.0,1,1.0,1,0.29503591207290686,40
1796,3,3095,1459,1636,0,0,0,1.0,1,1.0,1,1.0,1,0.3169353446994428,40
1797,2,3097,1460,1637,0,0,0,1.0,1,1.0,1,1.0,1,0.3022230376332436,37
1798,0,3097,1460,1637,0,0,0,1.0,1,1.0,1,1.0,1,0.3022230376332436,37
1799,1,3098,1460,1638,0,0,0,1.0,1,1.0,1,1.0,1,0.35774578684694636,36
1800,4,3102,1461,1641,0,0,0,1.0,1,1.0,1,1.0,1,0.33409478589271707,36
1801,3,3105,1461,1644,0,0,0,1.0,1,1.0,1,1.0,1,0.2278893353263117,34
1802,0,3105,1461,1644,0,0,0,1.0,1,1.0,1,1.0,1,0.25225777044184167,33
1803,0,3105,1461,1644,0,0,0,1.0,1,1.0,1,1.0,1,0.25225777044184167,33
1804,2,3107,1462,1645,0,0,0,1.0,1,1.0,1,1.0,1,0.2748749530429128,33
1805,2,3109,1463,1646,0,0,0,1.0,1,1.0,1,1.0,1,0.30555572969675443,35
1806,2,3111,1465,1646,0,0,0,1.0,1,1.0,1,1.0,1,0.36436698219899305,35
1807,3,3114,1465,1649,0,0,0,1.0,1,1.0,1,1.0,1,0.2719946477892178,35
1808,1,3115,1465,1650,0,0,0,1.0,1,1.0,1,1.0,1,0.22423239061388725,36
1809,0,3115,1465,1650,0,0,0,1.0,1,1.0,1,1.0,1,0.2201332456435913,36
1810,0,3115,1465,1650,0,0,0,1.0,1,1.0,1,1.0,1,0.233180054395775,35
1811,2,3117,1466,1651,0,0,0,1.0,1,1.0,1,1.0,1,0.29917691328003515,36
1812,1,3118,1466,1652,0,0,0,1.0,1,1.0,1,1.0,1,0.2960935216195235,36
1813,1,3119,1467,1652,0,0,0,1.0,1,1.0,1,1.0,1,0.315079406287573,36
1814,0,3119,1467,1652,0,0,0,1.0,1,1.0,1,1.0,1,0.31494445016797207,34
1815,0,3119,1467,1652,0,0,0,1.0,1,1.0,1,1.0,1,0.326422666509713,35
1816,1,3120,1467,1653,0,0,0,1.0,1,1.0,1,1.0,1,0.33113668920937617,34
1817,3,3123,1469,1654,0,0,0,1.0,1,1.0,1,1.0,1,0.31446471191908176,34
1818,2,3125,1470,1655,0,0,0,1.0,1,1.0,1,1.0,1,0.26153922867337115,34
1819,3,3128,1472,1656,0,0,0,1.0,1,1.0,1,1.0,1,0.2612045174004792,35
1820,0,3128,1472,1656,0,0,0,1.0,1,1.0,1,1.0,1,0.23967416516460016,36
1821,2,3130,1473,1657,0,0,0,1.0,1,1.0,1,1.0,1,0.2192009764438608,36
1822,4,3134,1474,1660,0,0,0,1.0,1,1.0,1,1.0,1,0.18837219234882954,37
1823,4,3138,1476,1662,0,0,0,1.0,1,1.0,1,1.0,1,0.2523722182494326,38
1824,3,3141,1479,1662,0,0,0,1.0,1,1.0,1,1.0,1,0.2572294291019772,37
1825,6,3147,1481,1666,0,0,0,1.0,1,1.0,1,1.0,1,0.25222334988684925,36
1826,1,3148,1481,1667,0,0,0,1.0,1,1.0,1,1.0,1,0.24139508811652413,35
1827,0,3148,1481,1667,0,0,0,1.0,1,1.0,1,1.0,1,0.2428778341343868,35
1828,1,3149,1482,1667,0,0,0,1.0,1,1.0,1,1.0,1,0.2696366276862806,33
1829,2,3151,1482,1669,0,0,0,1.0,1,1.0,1,1.0,1,0.24956715650038824,32
1830,2,3153,1484,1669,0,0,0,1.0,1,1.0,1,1.0,1,0.3314683537821245,32
1831,2,3155,1484,1671,0,0,0,1.0,1,1.0,1,1.0,1,0.30201265505536334,30
1832,1,3156,1484,1672,0,0,0,1.0,1,1.0,1,1.0,1,0.27463296137609766,30
1833,2,3158,1485,1673,0,0,0,1.0,1,1.0,1,1.0,1,0.35257246203253584,29
1834,3,3161,1486,1675,0,0,0,1.0,1,1.0,1,1.0,1,0.29863608485983284,28
1835,0,3161,1486,1675,0,0,0,1.0,1,1.0,1,1.0,1,0.2874543795754479,28
1836,3,3164,1487,1677,0,0,0,1.0,1,1.0,1,1.0,1,0.28676303063651337,29
1837,2,3166,1487,1679,0,0,0,1.0,1,1.0,1,1.0,1,0.3122863581962628,28
1838,2,3168,1488,1680,0,0,0,1.0,1,1.0,1,1.0,1,0.29770888842822996,28
1839,2,3170,1489,1681,0,0,0,1.0,1,1.0,1,1.0,1,0.4386783080664335,27
1840,1,3171,1489,1682,0,0,0,1.0,1,1.0,1,1.0,1,0.46403781417321094,26
1841,2,3173,1489,1684,0,0,0,1.0,1,1.0,1,1.0,1,0.3649824555206548,25
1842,2,3175,1490,1685,0,0,0,1.0,1,1.0,1,1.0,1,0.3531977992976279,26
1843,1,3176,1490,1686,0,0,0,1.0,1,1.0,1,1.0,1,0.3190848119985369,26
1844,0,3176,1490,1686,0,0,0,1.0,1,1.0,1,1.0,1,0.3190848119985369,26
1845,1,3177,1491,1686,0,0,0,1.0,1,1.0,1,1.0,1,0.3542122596534972,26
1846,2,3179,1493,1686,0,0,0,1.0,1,1.0,1,1.0,1,0.36064033981115023,26
1847,1,3180,1493,1687,0,0,0,1.0,1,1.0,1,1.0,1,0.3182213375931646,26
1848,1,3181,1493,1688,0,0,0,1.0,1,1.0,1,1.0,1,0.3164221879493927,27
1849,1,3182,1493,1689,0,0,0,1.0,1,1.0,1,1.0,1,0.2865121744167523,27
1850,0,3182,1493,1689,0,0,0,1.0,1,1.0,1,1.0,1,0.30751522848382695,28
1851,1,3183,1493,1690,0,0,0,1.0,1,1.0,1,1.0,1,0.2779343024578,28
1852,0,3183,1493,1690,0,0,0,1.0,1,1.0,1,1.0,1,0.2779343024578,28
1853,0,3183,1493,1690,0,0,0,1.0,1,1.0,1,1.0,1,0.29638724570035807,27
1854,1,3184,1493,1691,0,0,0,1.0,1,1.0,1,1.0,1,0.3027585252600129,28
1855,0,3184,1493,1691,0,0,0,1.0,1,1.0,1,1.0,1,0.3027585252600129,28
1856,1,3185,1493,1692,0,0,0,1.0,1,1.0,1,1.0,1,0.29038728206536785,30
1857,1,3186,1494,1692,0,0,0,1.0,1,1.0,1,1.0,1,0.3174338448881244,31
1858,5,3191,1497,1694,0,0,0,1.0,1,1.0,1,1.0,1,0.3161745985046393,31
1859,0,3191,1497,1694,0,0,0,1.0,1,1.0,1,1.0,1,0.3161745985046393,31
1860,1,3192,1497,1695,0,0,0,1.0,1,1.0,1,1.0,1,0.3052095268276926,31
1861,1,3193,1498,1695,0,0,0,1.0,1,1.0,1,1.0,1,0.32631794459227964,31
1862,0,3193,1498,1695,0,0,0,1.0,1,1.0,1,1.0,1,0.32631794459227964,31
1863,0,3193,1498,1695,0,0,0,1.0,1,1.0,1,1.0,1,0.3362278964528878,31
1864,1,3194,1499,1695,0,0,0,1.0,1,1.0,1,1.0,1,0.3358462664030858,30
1865,1,3195,1500,1695,0,0,0,1.0,1,1.0,1,1.0,1,0.3643398370565923,27
1866,2,3197,1502,1695,0,0,0,1.0,1,1.0,1,1.0,1,0.4114556731638156,28
1867,1,3198,1503,1695,0,0,0,1.0,1,1.0,1,1.0,1,0.42423698130512955,26
1868,0,3198,1503,1695,0,0,0,1.0,1,1.0,1,1.0,1,0.42423698130512955,26
1869,0,3198,1503,1695,0,0,0,1.0,1,1.0,1,1.0,1,0.43366889015516613,25
1870,1,3199,1504,1695,0,0,0,1.0,1,1.0,1,1.0,1,0.40580122392346074,25
1871,4,3203,1504,1699,0,0,0,1.0,1,1.0,1,1.0,1,0.340886943351451,26
1872,0,3203,1504,1699,0,0,0,1.0,1,1.0,1,1.0,1,0.3737308269930087,25
1873,0,3203,1504,1699,0,0,0,1.0,1,1.0,1,1.0,1,0.3854056921401882,23
1874,0,3203,1504,1699,0,0,0,1.0,1,1.0,1,1.0,1,0.34818986773867483,23
1875,0,3203,1504,1699,0,0,0,1.0,1,1.0,1,1.0,1,0.43519657038657383,21
1876,2,3205,1505,1700,0,0,0,1.0,1,1.0,1,1.0,1,0.42924820320906387,24
1877,1,3206,1506,1700,0,0,0,1.0,1,1.0,1,1.0,1,0.47881436067138106,24
1878,1,3207,1507,1700,0,0,0,1.0,1,1.0,1,1.0,1,0.441103752977433,26
1879,0,3207,1507,1700,0,0,0,1.0,1,1.0,1,1.0,1,0.441103752977433,26
1880,0,3207,1507,1700,0,0,0,1.0,1,1.0,1,1.0,1,0.441103752977433,26
1881,3,3210,1507,1703,0,0,0,1.0,1,1.0,1,1.0,1,0.3205472914804969,26
1882,0,3210,1507,1703,0,0,0,1.0,1,1.0,1,1.0,1,0.3189882603481825,25
1883,0,3210,1507,1703,0,0,0,1.0,1,1.0,1,1.0,1,0.3189882603481825,25
1884,0,3210,1507,1703,0,0,0,1.0,1,1.0,1,1.0,1,0.3189882603481825,25
1885,0,3210,1507,1703,0,0,0,1.0,1,1.0,1,1.0,1,0.3189882603481825,25
1886,1,3211,1507,1704,0,0,0,1.0,1,1.0,1,1.0,1,0.261468495845371,26
1887,0,3211,1507,1704,0,0,0,1.0,1,1.0,1,1.0,1,0.261468495845371,26
1888,1,3212,1508,1704,0,0,0,1.0,1,1.0,1,1.0,1,0.31717204814379985,27
1889,0,3212,1508,1704,0,0,0,1.0,1,1.0,1,1.0,1,0.3320501271962814,28
1890,0,3212,1508,1704,0,0,0,1.0,1,1.0,1,1.0,1,0.3320501271962814,28
1891,0,3212,1508,1704,0,0,0,1.0,1,1.0,1,1.0,1,0.3569429308016501,29
1892,0,3212,1508,1704,0,0,0,1.0,1,1.0,1,1.0,1,0.3569429308016501,29
1893,0,3212,1508,1704,0,0,0,1.0,1,1.0,1,1.0,1,0.3569429308016501,29
1894,0,3212,1508,1704,0,0,0,1.0,1,1.0,1,1.0,1,0.3569429308016501,29
1895,1,3213,1509,1704,0,0,0,1.0,1,1.0,1,1.0,1,0.3701930122286828,31
1896,1,3214,1509,1705,0,0,0,1.0,1,1.0,1,1.0,1,0.3501594799775345,31
1897,0,3214,1509,1705,0,0,0,1.0,1,1.0,1,1.0,1,0.3501594799775345,31
1898,0,3214,1509,1705,0,0,0,1.0,1,1.0,1,1.0,1,0.3501594799775345,31
1899,1,3215,1509,1706,0,0,0,1.0,1,1.0,1,1.0,1,0.3453798009986116,32
1900,0,3215,1509,1706,0,0,0,1.0,1,1.0,1,1.0,1,0.3453798009986116,32
1901,1,3216,1509,1707,0,0,0,1.0,1,1.0,1,1.0,1,0.33054623744557127,32
1902,0,3216,1509,1707,0,0,0,1.0,1,1.0,1,1.0,1,0.33054623744557127,32
1903,0,3216,1509,1707,0,0,0,1.0,1,1.0,1,1.0,1,0.33054623744557127,32
1904,0,3216,1509,1707,0,0,0,1.0,1,1.0,1,1.0,1,0.305902720271267,34
1905,0,3216,1509,1707,0,0,0,1.0,1,1.0,1,1.0,1,0.305902720271267,34
1906,1,3217,1509,1708,0,0,0,1.0,1,1.0,1,1.0,1,0.30151231952094687,35
1907,2,3219,1510,1709,0,0,0,1.0,1,1.0,1,1.0,1,0.26839876882618063,36
1908,0,3219,1510,1709,0,0,0,1.0,1,1.0,1,1.0,1,0.26839876882618063,36
1909,1,3220,1510,1710,0,0,0,1.0,1,1.0,1,1.0,1,0.27163634682445875,37
1910,1,3221,1511,1710,0,0,0,1.0,1,1.0,1,1.0,1,0.29502253301958564,38
1911,1,3222,1511,1711,0,0,0,1.0,1,1.0,1,1.0,1,0.24435839515545152,37
1912,2,3224,1513,1711,0,0,0,1.0,1,1.0,1,1.0,1,0.26964104373550213,37
1913,1,3225,1513,1712,0,0,0,1.0,1,1.0,1,1.0,1,0.2439275179588414,36
1914,1,3226,1514,1712,0,0,0,1.0,1,1.0,1,1.0,1,0.26126168775698744,37
1915,1,3227,1515,1712,0,0,0,1.0,1,1.0,1,1.0,1,0.3060044320717126,37
1916,1,3228,1516,1712,0,0,0,1.0,1,1.0,1,1.0,1,0.27673059175791814,39
1917,3,3231,1518,1713,0,0,0,1.0,1,1.0,1,1.0,1,0.28041358748153117,38
1918,0,3231,1518,1713,0,0,0,1.0,1,1.0,1,1.0,1,0.2806935302406223,38
1919,3,3234,1519,1715,0,0,0,1.0,1,1.0,1,1.0,1,0.2737898498962066,38
1920,1,3235,1520,1715,0,0,0,1.0,1,1.0,1,1.0,1,0.2752197142144356,39
1921,2,3237,1520,1717,0,0,0,1.0,1,1.0,1,1.0,1,0.22521894931306044,38
1922,3,3240,1522,1718,0,0,0,1.0,1,1.0,1,1.0,1,0.18972381298106097,39
1923,3,3243,1525,1718,0,0,0,1.0,1,1.0,1,1.0,1,0.26715575359484167,40
1924,3,3246,1525,1721,0,0,0,1.0,1,1.0,1,1.0,1,0.2449908950237101,40
1925,0,3246,1525,1721,0,0,0,1.0,1,1.0,1,1.0,1,0.2612605615597804,40
1926,1,3247,1525,1722,0,0,0,1.0,1,1.0,1,1.0,1,0.26550904664159114,40
1927,0,3247,1525,1722,0,0,0,1.0,1,1.0,1,1.0,1,0.23350098245112225,41
1928,1,3248,1526,1722,0,0,0,1.0,1,1.0,1,1.0,1,0.240656138690848,41
1929,0,3248,1526,1722,0,0,0,1.0,1,1.0,1,1.0,1,0.25333342352228944,40
1930,0,3248,1526,1722,0,0,0,1.0,1,1.0,1,1.0,1,0.25333342352228944,40
1931,4,3252,1526,1726,0,0,0,1.0,1,1.0,1,1.0,1,0.14806271676683458,40
1932,0,3252,1526,1726,0,0,0,1.0,1,1.0,1,1.0,1,0.14806271676683458,40
1933,0,3252,1526,1726,0,0,0,1.0,1,1.0,1,1.0,1,0.17645899463107656,42
1934,1,3253,1526,1727,0,0,0,1.0,1,1.0,1,1.0,1,0.13952493928469573,44
1935,0,3253,1526,1727,0,0,0,1.0,1,1.0,1,1.0,1,0.13952493928469573,44
1936,5,3258,1527,1731,0,0,0,1.0,1,1.0,1,1.0,1,0.14110759946413817,46
1937,2,3260,1528,1732,0,0,0,1.0,1,1.0,1,1.0,1,0.11027921481480983,47
1938,0,3260,1528,1732,0,0,0,1.0,1,1.0,1,1.0,1,0.11027921481480983,47
1939,0,3260,1528,1732,0,0,0,1.0,1,1.0,1,1.0,1,0.11027921481480983,47
1940,0,3260,1528,1732,0,0,0,1.0,1,1.0,1,1.0,1,0.11027921481480983,47
1941,2,3262,1530,1732,0,0,0,1.0,1,1.0,1,1.0,1,0.10909783480760173,47
1942,2,3264,1532,1732,0,0,0,1.0,1,1.0,1,1.0,1,0.1386779263927158,49
1943,2,3266,1534,1732,0,0,0,1.0,1,1.0,1,1.0,1,0.1595825244789159,47
1944,6,3272,1538,1734,0,0,0,1.0,1,1.0,1,1.0,1,0.1922257174387794,47
1945,3,3275,1540,1735,0,0,0,1.0,1,1.0,1,1.0,1,0.2014543195512313,45
1946,0,3275,1540,1735,0,0,0,1.0,1,1.0,1,1.0,1,0.2194328118410446,45
1947,4,3279,1542,1737,0,0,0,1.0,1,1.0,1,1.0,1,0.23979070702033337,45
1948,3,3282,1543,1739,0,0,0,1.0,1,1.0,1,1.0,1,0.2749392136852556,45
1949,4,3286,1546,1740,0,0,0,1.0,1,1.0,1,1.0,1,0.2990199577449588,42
1950,7,3293,1550,1743,0,0,0,1.0,1,1.0,1,1.0,1,0.2683244225820649,42
1951,3,3296,1551,1745,0,0,0,1.0,1,1.0,1,1.0,1,0.294826313934365,38
1952,3,3299,1553,1746,0,0,0,1.0,1,1.0,1,1.0,1,0.31391690381214177,36
1953,2,3301,1553,1748,0,0,0,1.0,1,1.0,1,1.0,1,0.27929149417064875,35
1954,1,3302,1554,1748,0,0,0,1.0,1,1.0,1,1.0,1,0.24742662706574026,32
1955,1,3303,1555,1748,0,0,0,1.0,1,1.0,1,1.0,1,0.2667957673872255,33
1956,2,3305,1557,1748,0,0,0,1.0,1,1.0,1,1.0,1,0.3204958583237607,31
1957,2,3307,1558,1749,0,0,0,1.0,1,1.0,1,1.0,1,0.2992895603095389,33
1958,2,3309,1559,1750,0,0,0,1.0,1,1.0,1,1.0,1,0.29981599969996614,34
1959,0,3309,1559,1750,0,0,0,1.0,1,1.0,1,1.0,1,0.2921598585785005,35
1960,2,3311,1560,1751,0,0,0,1.0,1,1.0,1,1.0,1,0.3096960592279802,36
1961,5,3316,1561,1755,0,0,0,1.0,1,1.0,1,1.0,1,0.24383184260213334,36
1962,1,3317,1561,1756,0,0,0,1.0,1,1.0,1,1.0,1,0.25016224145408106,35
1963,2,3319,1562,1757,0,0,0,1.0,1,1.0,1,1.0,1,0.2660715258432469,36
1964,1,3320,1563,1757,0,0,0,1.0,1,1.0,1,1.0,1,0.2695152449642572,35
1965,0,3320,1563,1757,0,0,0,1.0,1,1.0,1,1.0,1,0.25402546178713875,36
1966,3,3323,1564,1759,0,0,0,1.0,1,1.0,1,1.0,1,0.27512370427576255,36
1967,2,3325,1565,1760,0,0,0,1.0,1,1.0,1,1.0,1,0.2654979483522097,36
1968,2,3327,1565,1762,0,0,0,1.0,1,1.0,1,1.0,1,0.279986557656331,37
1969,4,3331,1566,1765,0,0,0,1.0,1,1.0,1,1.0,1,0.29567649761977094,37
1970,3,3334,1567,1767,0,0,0,1.0,1,1.0,1,1.0,1,0.3084773593764782,38
1971,2,3336,1567,1769,0,0,0,1.0,1,1.0,1,1.0,1,0.27979347855783127,37
1972,0,3336,1567,1769,0,0,0,1.0,1,1.0,1,1.0,1,0.27979347855783127,37
1973,1,3337,1568,1769,0,0,0,1.0,1,1.0,1,1.0,1,0.31139947756949804,37
1974,0,3337,1568,1769,0,0,0,1.0,1,1.0,1,1.0,1,0.31443790240789543,38
1975,0,3337,1568,1769,0,0,0,1.0,1,1.0,1,1.0,1,0.323863946567185,37
1976,5,3342,1571,1771,0,0,0,1.0,1,1.0,1,1.0,1,0.3434209907532721,39
1977,2,3344,1571,1773,0,0,0,1.0,1,1.0,1,1.0,1,0.29594706062789494,42
1978,1,3345,1572,1773,0,0,0,1.0,1,1.0,1,1.0,1,0.3005664842124476,42
1979,0,3345,1572,1773,0,0,0,1.0,1,1.0,1,1.0,1,0.3005664842124476,42
1980,1,3346,1573,1773,0,0,0,1.0,1,1.0,1,1.0,1,0.29209478782942694,43
1981,3,3349,1573,1776,0,0,0,1.0,1,1.0,1,1.0,1,0.22404588447136492,44
1982,1,3350,1574,1776,0,0,0,1.0,1,1.0,1,1.0,1,0.22404460844976298,44
1983,3,3353,1577,1776,0,0,0,1.0,1,1.0,1,1.0,1,0.21884651519978743,44
1984,3,3356,1578,1778,0,0,0,1.0,1,1.0,1,1.0,1,0.21771478077616407,42
1985,1,3357,1579,1778,0,0,0,1.0,1,1.0,1,1.0,1,0.22677885188122104,41
1986,3,3360,1581,1779,0,0,0,1.0,1,1.0,1,1.0,1,0.23722368705274757,40
1987,3,3363,1583,1780,0,0,0,1.0,1,1.0,1,1.0,1,0.21205878033959796,37
1988,2,3365,1584,1781,0,0,0,1.0,1,1.0,1,1.0,1,0.2183960143584437,35
1989,0,3365,1584,1781,0,0,0,1.0,1,1.0,1,1.0,1,0.22842566065024883,32
1990,1,3366,1585,1781,0,0,0,1.0,1,1.0,1,1.0,1,0.19338375743047667,31
1991,1,3367,1586,1781,0,0,0,1.0,1,1.0,1,1.0,1,0.2326715341149882,32
1992,3,3370,1589,1781,0,0,0,1.0,1,1.0,1,1.0,1,0.3474207364581695,32
1993,1,3371,1590,1781,0,0,0,1.0,1,1.0,1,1.0,1,0.419565607366475,32
1994,2,3373,1591,1782,0,0,0,1.0,1,1.0,1,1.0,1,0.4192638827470889,31
1995,0,3373,1591,1782,0,0,0,1.0,1,1.0,1,1.0,1,0.41165297395061756,32
1996,2,3375,1591,1784,0,0,0,1.0,1,1.0,1,1.0,1,0.35788867185207296,32
1997,1,3376,1591,1785,0,0,0,1.0,1,1.0,1,1.0,1,0.3676926753668373,31
1998,0,3376,1591,1785,0,0,0,1.0,1,1.0,1,1.0,1,0.3667379976237067,32
1999,0,3376,1591,1785,0,0,0,1.0,1,1.0,1,1.0,1,0.3713393146977963,31
2000,0,3376,1591,1785,0,0,0,1.0,1,1.0,1,1.0,1,0.39406993610915175,30
2001,3,3379,1591,1788,0,0,0,1.0,1,1.0,1,1.0,1,0.29966459789426053,29
2002,3,3382,1592,1790,0,0,0,1.0,1,1.0,1,1.0,1,0.22367093730393028,31
2003,1,3383,1593,1790,0,0,0,1.0,1,1.0,1,1.0,1,0.2706566024035135,33
2004,2,3385,1594,1791,0,0,0,1.0,1,1.0,1,1.0,1,0.3025068312092392,34
2005,4,3389,1594,1795,0,0,0,1.0,1,1.0,1,1.0,1,0.2465880605283384,35
2006,3,3392,1595,1797,0,0,0,1.0,1,1.0,1,1.0,1,0.21962271332619235,36
2007,1,3393,1595,1798,0,0,0,1.0,1,1.0,1,1.0,1,0.23745557748295862,36
2008,2,3395,1597,1798,0,0,0,1.0,1,1.0,1,1.0,1,0.2590662636152009,36
2009,0,3395,1597,1798,0,0,0,1.0,1,1.0,1,1.0,1,0.23714018285791566,37
2010,1,3396,1598,1798,0,0,0,1.0,1,1.0,1,1.0,1,0.2506657884153223,37
2011,1,3397,1598,1799,0,0,0,1.0,1,1.0,1,1.0,1,0.2269325131917578,37
2012,1,3398,1598,1800,0,0,0,1.0,1,1.0,1,1.0,1,0.217277791990512,37
2013,0,3398,1598,1800,0,0,0,1.0,1,1.0,1,1.0,1,0.24313066921899246,39
2014,2,3400,1598,1802,0,0,0,1.0,1,1.0,1,1.0,1,0.24173109131900083,39
2015,1,3401,1598,1803,0,0,0,1.0,1,1.0,1,1.0,1,0.21627977828589545,39
2016,1,3402,1598,1804,0,0,0,1.0,1,1.0,1,1.0,1,0.20937963587481417,41
2017,1,3403,1598,1805,0,0,0,1.0,1,1.0,1,1.0,1,0.20040700732588562,41
2018,1,3404,1599,1805,0,0,0,1.0,1,1.0,1,1.0,1,0.22628072132166574,42
2019,0,3404,1599,1805,0,0,0,1.0,1,1.0,1,1.0,1,0.2067429496100523,43
2020,3,3407,1602,1805,0,0,0,1.0,1,1.0,1,1.0,1,0.25533306253729604,43
2021,4,3411,1603,1808,0,0,0,1.0,1,1.0,1,1.0,1,0.18549908955093042,43
2022,0,3411,1603,1808,0,0,0,1.0,1,1.0,1,1.0,1,0.19117574510880533,44
2023,4,3415,1606,1809,0,0,0,1.0,1,1.0,1,1.0,1,0.27332633741017553,42
2024,2,3417,1608,1809,0,0,0,1.0,1,1.0,1,1.0,1,0.2647695674655743,41
2025,1,3418,1609,1809,0,0,0,1.0,1,1.0,1,1.0,1,0.27293025336510385,39
2026,1,3419,1610,1809,0,0,0,1.0,1,1.0,1,1.0,1,0.31495121947766114,39
2027,5,3424,1613,1811,0,0,0,1.0,1,1.0,1,1.0,1,0.41189740081521825,38
2028,0,3424,1613,1811,0,0,0,1.0,1,1.0,1,1.0,1,0.39508809882231966,37
2029,4,3428,1615,1813,0,0,0,1.0,1,1.0,1,1.0,1,0.35174417238251626,35
2030,1,3429,1615,1814,0,0,0,1.0,1,1.0,1,1.0,1,0.32471836193022857,32
2031,3,3432,1617,1815,0,0,0,1.0,1,1.0,1,1.0,1,0.2865240844421655,34
2032,2,3434,1618,1816,0,0,0,1.0,1,1.0,1,1.0,1,0.30565493220092577,35
2033,4,3438,1621,1817,0,0,0,1.0,1,1.0,1,1.0,1,0.2505097362584621,35
2034,1,3439,1621,1818,0,0,0,1.0,1,1.0,1,1.0,1,0.2617969079573738,35
2035,2,3441,1623,1818,0,0,0,1.0,1,1.0,1,1.0,1,0.2279638162818948,36
2036,0,3441,1623,1818,0,0,0,1.0,1,1.0,1,1.0,1,0.2334266512009139,35
2037,2,3443,1624,1819,0,0,0,1.0,1,1.0,1,1.0,1,0.2423619237787253,36
2038,2,3445,1626,1819,0,0,0,1.0,1,1.0,1,1.0,1,0.2379663866647412,38
2039,1,3446,1627,1819,0,0,0,1.0,1,1.0,1,1.0,1,0.23390272320385713,38
2040,0,3446,1627,1819,0,0,0,1.0,1,1.0,1,1.0,1,0.21391805307941014,37
2041,1,3447,1628,1819,0,0,0,1.0,1,1.0,1,1.0,1,0.2612173069628838,38
2042,1,3448,1628,1820,0,0,0,1.0,1,1.0,1,1.0,1,0.23642393292390915,38
2043,1,3449,1629,1820,0,0,0,1.0,1,1.0,1,1.0,1,0.21819292434402235,38
2044,0,3449,1629,1820,0,0,0,1.0,1,1.0,1,1.0,1,0.20849629362262168,39
2045,1,3450,1629,1821,0,0,0,1.0,1,1.0,1,1.0,1,0.2150973794063405,40
2046,1,3451,1629,1822,0,0,0,1.0,1,1.0,1,1.0,1,0.19287831135363567,41
2047,1,3452,1630,1822,0,0,0,1.0,1,1.0,1,1.0,1,0.1887171576315769,41
2048,0,3452,1630,1822,0,0,0,1.0,1,1.0,1,1.0,1,0.20494920061786268,43
2049,2,3454,1632,1822,0,0,0,1.0,1,1.0,1,1.0,1,0.2017238355902834,43
2050,1,3455,1632,1823,0,0,0,1.0,1,1.0,1,1.0,1,0.17603302338299257,43
2051,1,3456,1632,1824,0,0,0,1.0,1,1.0,1,1.0,1,0.17603534173478963,43
2052,0,3456,1632,1824,0,0,0,1.0,1,1.0,1,1.0,1,0.19019807211691347,44
2053,1,3457,1633,1824,0,0,0,1.0,1,1.0,1,1.0,1,0.2315813817481135,43
2054,1,3458,1634,1824,0,0,0,1.0,1,1.0,1,1.0,1,0.21870909013021111,44
2055,0,3458,1634,1824,0,0,0,1.0,1,1.0,1,1.0,1,0.23604232467754105,43
2056,1,3459,1634,1825,0,0,0,1.0,1,1.0,1,1.0,1,0.20732478281845576,44
2057,4,3463,1638,1825,0,0,0,1.0,1,1.0,1,1.0,1,0.23052898042976347,44
2058,3,3466,1640,1826,0,0,0,1.0,1,1.0,1,1.0,1,0.22177554672020444,44
2059,1,3467,1641,1826,0,0,0,1.0,1,1.0,1,1.0,1,0.23485624011087836,45
2060,0,3467,1641,1826,0,0,0,1.0,1,1.0,1,1.0,1,0.24600781609355338,46
2061,8,3475,1643,1832,0,0,0,1.0,1,1.0,1,1.0,1,0.1976760944720234,48
2062,1,3476,1644,1832,0,0,0,1.0,1,1.0,1,1.0,1,0.18706281608124542,48
2063,1,3477,1644,1833,0,0,0,1.0,1,1.0,1,1.0,1,0.22389544546575849,45
2064,3,3480,1646,1834,0,0,0,1.0,1,1.0,1,1.0,1,0.23710518000396355,44
2065,1,3481,1647,1834,0,0,0,1.0,1,1.0,1,1.0,1,0.21811832003960008,42
2066,4,3485,1651,1834,0,0,0,1.0,1,1.0,1,1.0,1,0.33859931330413906,42
2067,5,3490,1652,1838,0,0,0,1.0,1,1.0,1,1.0,1,0.26398669323899193,38
2068,1,3491,1653,1838,0,0,0,1.0,1,1.0,1,1.0,1,0.2903113296774433,37
2069,0,3491,1653,1838,0,0,0,1.0,1,1.0,1,1.0,1,0.2934754447400506,35
2070,1,3492,1654,1838,0,0,0,1.0,1,1.0,1,1.0,1,0.306492740244979,35
2071,1,3493,1654,1839,0,0,0,1.0,1,1.0,1,1.0,1,0.3086528893705171,34
2072,2,3495,1655,1840,0,0,0,1.0,1,1.0,1,1.0,1,0.34430265418767714,35
2073,0,3495,1655,1840,0,0,0,1.0,1,1.0,1,1.0,1,0.3337065171030722,37
2074,0,3495,1655,1840,0,0,0,1.0,1,1.0,1,1.0,1,0.31893125671445555,36
2075,2,3497,1655,1842,0,0,0,1.0,1,1.0,1,1.0,1,0.2413221937026951,38
2076,1,3498,1655,1843,0,0,0,1.0,1,1.0,1,1.0,1,0.20498112698831086,37
2077,1,3499,1655,1844,0,0,0,1.0,1,1.0,1,1.0,1,0.1936386416616296,37
2078,1,3500,1656,1844,0,0,0,1.0,1,1.0,1,1.0,1,0.1655320470361893,37
2079,3,3503,1657,1846,0,0,0,1.0,1,1.0,1,1.0,1,0.15319873886059143,37
2080,1,3504,1657,1847,0,0,0,1.0,1,1.0,1,1.0,1,0.15666892404644664,36
2081,0,3504,1657,1847,0,0,0,1.0,1,1.0,1,1.0,1,0.15027944755440167,37
2082,3,3507,1659,1848,0,0,0,1.0,1,1.0,1,1.0,1,0.2282620079579684,38
2083,0,3507,1659,1848,0,0,0,1.0,1,1.0,1,1.0,1,0.24752135727185687,39
2084,3,3510,1660,1850,0,0,0,1.0,1,1.0,1,1.0,1,0.2858669998252399,41
2085,2,3512,1661,1851,0,0,0,1.0,1,1.0,1,1.0,1,0.2753576737173591,41
2086,0,3512,1661,1851,0,0,0,1.0,1,1.0,1,1.0,1,0.2719790358567804,44
2087,1,3513,1661,1852,0,0,0,1.0,1,1.0,1,1.0,1,0.26195127408863716,44
2088,1,3514,1661,1853,0,0,0,1.0,1,1.0,1,1.0,1,0.23600640367577408,45
2089,1,3515,1662,1853,0,0,0,1.0,1,1.0,1,1.0,1,0.21186649343122835,46
2090,3,3518,1662,1856,0,0,0,1.0,1,1.0,1,1.0,1,0.22163541412892074,47
2091,3,3521,1662,1859,0,0,0,1.0,1,1.0,1,1.0,1,0.17005533093726674,48
2092,1,3522,1663,1859,0,0,0,1.0,1,1.0,1,1.0,1,0.1689322446686666,48
2093,0,3522,1663,1859,0,0,0,1.0,1,1.0,1,1.0,1,0.1689322446686666,48
2094,1,3523,1664,1859,0,0,0,1.0,1,1.0,1,1.0,1,0.20051342365209554,47
2095,1,3524,1664,1860,0,0,0,1.0,1,1.0,1,1.0,1,0.20935421869631918,49
2096,1,3525,1665,1860,0,0,0,1.0,1,1.0,1,1.0,1,0.2279269423554505,50
2097,0,3525,1665,1860,0,0,0,1.0,1,1.0,1,1.0,1,0.2279269423554505,50
2098,1,3526,1666,1860,0,0,0,1.0,1,1.0,1,1.0,1,0.23966610096976929,51
2099,0,3526,1666,1860,0,0,0,1.0,1,1.0,1,1.0,1,0.2575820250876769,50
2100,2,3528,1668,1860,0,0,0,1.0,1,1.0,1,1.0,1,0.3171961389629971,49
2101,6,3534,1669,1865,0,0,0,1.0,1,1.0,1,1.0,1,0.2535324637133468,48
2102,7,3541,1673,1868,0,0,0,1.0,1,1.0,1,1.0,1,0.3159514568456583,49
2103,2,3543,1674,1869,0,0,0,1.0,1,1.0,1,1.0,1,0.30276280884478435,44
2104,2,3545,1676,1869,0,0,0,1.0,1,1.0,1,1.0,1,0.35627630394987814,42
2105,0,3545,1676,1869,0,0,0,1.0,1,1.0,1,1.0,1,0.3511707341321182,40
2106,1,3546,1676,1870,0,0,0,1.0,1,1.0,1,1.0,1,0.3278076156586812,39
2107,1,3547,1677,1870,0,0,0,1.0,1,1.0,1,1.0,1,0.29779980269896633,37
2108,2,3549,1678,1871,0,0,0,1.0,1,1.0,1,1.0,1,0.29556598853514604,37
2109,2,3551,1680,1871,0,0,0,1.0,1,1.0,1,1.0,1,0.3513732851738126,36
2110,1,3552,1680,1872,0,0,0,1.0,1,1.0,1,1.0,1,0.3031939699339317,35
2111,3,3555,1681,1874,0,0,0,1.0,1,1.0,1,1.0,1,0.23549759357642638,35
2112,0,3555,1681,1874,0,0,0,1.0,1,1.0,1,1.0,1,0.23549759357642638,35
2113,0,3555,1681,1874,0,0,0,1.0,1,1.0,1,1.0,1,0.23456255764362682,35
2114,2,3557,1682,1875,0,0,0,1.0,1,1.0,1,1.0,1,0.2608988856097699,36
2115,0,3557,1682,1875,0,0,0,1.0,1,1.0,1,1.0,1,0.25952143589821147,37
2116,3,3560,1684,1876,0,0,0,1.0,1,1.0,1,1.0,1,0.2763547401384147,39
2117,2,3562,1684,1878,0,0,0,1.0,1,1.0,1,1.0,1,0.2521121646503265,39
2118,1,3563,1684,1879,0,0,0,1.0,1,1.0,1,1.0,1,0.2623193756223899,41
2119,1,3564,1684,1880,0,0,0,1.0,1,1.0,1,1.0,1,0.24802349966971238,42
2120,0,3564,1684,1880,0,0,0,1.0,1,1.0,1,1.0,1,0.24802349966971238,42
2121,0,3564,1684,1880,0,0,0,1.0,1,1.0,1,1.0,1,0.24802349966971238,42
2122,1,3565,1684,1881,0,0,0,1.0,1,1.0,1,1.0,1,0.24552078695609586,43
2123,2,3567,1685,1882,0,0,0,1.0,1,1.0,1,1.0,1,0.25464971315260027,42
2124,1,3568,1685,1883,0,0,0,1.0,1,1.0,1,1.0,1,0.23751511711189746,42
2125,0,3568,1685,1883,0,0,0,1.0,1,1.0,1,1.0,1,0.25361827871558706,41
2126,0,3568,1685,1883,0,0,0,1.0,1,1.0,1,1.0,1,0.25361827871558706,41
2127,0,3568,1685,1883,0,0,0,1.0,1,1.0,1,1.0,1,0.25361827871558706,41
2128,0,3568,1685,1883,0,0,0,1.0,1,1.0,1,1.0,1,0.26235745078086703,42
2129,2,3570,1685,1885,0,0,0,1.0,1,1.0,1,1.0,1,0.267499101707986,43
2130,2,3572,1686,1886,0,0,0,1.0,1,1.0,1,1.0,1,0.2905960726088265,45
2131,5,3577,1688,1889,0,0,0,1.0,1,1.0,1,1.0,1,0.267405447748932,44
2132,0,3577,1688,1889,0,0,0,1.0,1,1.0,1,1.0,1,0.267405447748932,44
2133,1,3578,1688,1890,0,0,0,1.0,1,1.0,1,1.0,1,0.26685382614539094,45
2134,1,3579,1688,1891,0,0,0,1.0,1,1.0,1,1.0,1,0.2514565853699125,45
2135,4,3583,1689,1894,0,0,0,1.0,1,1.0,1,1.0,1,0.20949671392730068,46
2136,0,3583,1689,1894,0,0,0,1.0,1,1.0,1,1.0,1,0.21371606030426712,47
2137,5,3588,1692,1896,0,0,0,1.0,1,1.0,1,1.0,1,0.16694393536584973,47
2138,1,3589,1693,1896,0,0,0,1.0,1,1.0,1,1.0,1,0.1605503589300091,45
2139,1,3590,1694,1896,0,0,0,1.0,1,1.0,1,1.0,1,0.17999224198696145,45
2140,0,3590,1694,1896,0,0,0,1.0,1,1.0,1,1.0,1,0.180287037242314,44
2141,2,3592,1695,1897,0,0,0,1.0,1,1.0,1,1.0,1,0.14709979204396478,45
2142,3,3595,1698,1897,0,0,0,1.0,1,1.0,1,1.0,1,0.1812445697029038,46
2143,1,3596,1699,1897,0,0,0,1.0,1,1.0,1,1.0,1,0.19627205881769105,46
2144,7,3603,1703,1900,0,0,0,1.0,1,1.0,1,1.0,1,0.22154657058018978,48
2145,6,3609,1707,1902,0,0,0,1.0,1,1.0,1,1.0,1,0.21076314210629218,46
2146,2,3611,1709,1902,0,0,0,1.0,1,1.0,1,1.0,1,0.18325235459425906,45
2147,3,3614,1711,1903,0,0,0,1.0,1,1.0,1,1.0,1,0.23128926727783736,44
2148,5,3619,1713,1906,0,0,0,1.0,1,1.0,1,1.0,1,0.24801967054554144,44
2149,4,3623,1716,1907,0,0,0,1.0,1,1.0,1,1.0,1,0.2578543472248906,42
2150,3,3626,1717,1909,0,0,0,1.0,1,1.0,1,1.0,1,0.2576872705067716,40
2151,3,3629,1718,1911,0,0,0,1.0,1,1.0,1,1.0,1,0.2589420653486119,39
2152,3,3632,1719,1913,0,0,0,1.0,1,1.0,1,1.0,1,0.2506350776690963,40
2153,1,3633,1720,1913,0,0,0,1.0,1,1.0,1,1.0,1,0.2753045261151902,42
2154,4,3637,1721,1916,0,0,0,1.0,1,1.0,1,1.0,1,0.2629183725440352,42
2155,1,3638,1722,1916,0,0,0,1.0,1,1.0,1,1.0,1,0.27251058781358906,41
2156,1,3639,1722,1917,0,0,0,1.0,1,1.0,1,1.0,1,0.2551154754133639,40
2157,1,3640,1723,1917,0,0,0,1.0,1,1.0,1,1.0,1,0.2848336977548689,40
2158,2,3642,1723,1919,0,0,0,1.0,1,1.0,1,1.0,1,0.3045538214394815,38
2159,1,3643,1723,1920,0,0,0,1.0,1,1.0,1,1.0,1,0.2519312236085788,38
2160,1,3644,1724,1920,0,0,0,1.0,1,1.0,1,1.0,1,0.24116384704472313,38
2161,1,3645,1725,1920,0,0,0,1.0,1,1.0,1,1.0,1,0.23560833563861283,38
2162,1,3646,1726,1920,0,0,0,1.0,1,1.0,1,1.0,1,0.24191039080326174,38
2163,3,3649,1728,1921,0,0,0,1.0,1,1.0,1,1.0,1,0.26581179025199814,40
2164,3,3652,1729,1923,0,0,0,1.0,1,1.0,1,1.0,1,0.3019318665392671,41
2165,2,3654,1729,1925,0,0,0,1.0,1,1.0,1,1.0,1,0.276911163176728,42
2166,0,3654,1729,1925,0,0,0,1.0,1,1.0,1,1.0,1,0.276911163176728,42
2167,0,3654,1729,1925,0,0,0,1.0,1,1.0,1,1.0,1,0.25391518370873095,43
2168,3,3657,1729,1928,0,0,0,1.0,1,1.0,1,1.0,1,0.19906161431167377,43
2169,0,3657,1729,1928,0,0,0,1.0,1,1.0,1,1.0,1,0.22570739162895015,45
2170,0,3657,1729,1928,0,0,0,1.0,1,1.0,1,1.0,1,0.21036991504268704,46
2171,5,3662,1730,1932,0,0,0,1.0,1,1.0,1,1.0,1,0.13546046998078276,48
2172,2,3664,1730,1934,0,0,0,1.0,1,1.0,1,1.0,1,0.092295254821505,49
2173,0,3664,1730,1934,0,0,0,1.0,1,1.0,1,1.0,1,0.092295254821505,49
2174,0,3664,1730,1934,0,0,0,1.0,1,1.0,1,1.0,1,0.092295254821505,49
2175,1,3665,1730,1935,0,0,0,1.0,1,1.0,1,1.0,1,0.07609413368656134,49
2176,4,3669,1732,1937,0,0,0,1.0,1,1.0,1,1.0,1,0.10020880794766014,51
2177,1,3670,1733,1937,0,0,0,1.0,1,1.0,1,1.0,1,0.15679211867047238,51
2178,0,3670,1733,1937,0,0,0,1.0,1,1.0,1,1.0,1,0.1377889262337042,50
2179,0,3670,1733,1937,0,0,0,1.0,1,1.0,1,1.0,1,0.12744603647557662,49
2180,2,3672,1735,1937,0,0,0,1.0,1,1.0,1,1.0,1,0.2019693958769408,47
2181,6,3678,1738,1940,0,0,0,1.0,1,1.0,1,1.0,1,0.20315284521642124,47
2182,8,3686,1741,1945,0,0,0,1.0,1,1.0,1,1.0,1,0.20234018031021864,45
2183,3,3689,1743,1946,0,0,0,1.0,1,1.0,1,1.0,1,0.18677971164891685,44
2184,2,3691,1745,1946,0,0,0,1.0,1,1.0,1,1.0,1,0.23654482315890782,43
2185,2,3693,1747,1946,0,0,0,1.0,1,1.0,1,1.0,1,0.25208212072104763,40
2186,1,3694,1748,1946,0,0,0,1.0,1,1.0,1,1.0,1,0.2640568220387497,38
2187,4,3698,1751,1947,0,0,0,1.0,1,1.0,1,1.0,1,0.2103988465177974,35
2188,5,3703,1755,1948,0,0,0,1.0,1,1.0,1,1.0,1,0.2485894416472809,34
2189,2,3705,1756,1949,0,0,0,1.0,1,1.0,1,1.0,1,0.23877160972883407,31
2190,4,3709,1760,1949,0,0,0,1.0,1,1.0,1,1.0,1,0.24926238161992884,29
2191,2,3711,1760,1951,0,0,0,1.0,1,1.0,1,1.0,1,0.1963510511540881,28
2192,2,3713,1762,1951,0,0,0,1.0,1,1.0,1,1.0,1,0.27597482906409637,29
2193,1,3714,1762,1952,0,0,0,1.0,1,1.0,1,1.0,1,0.2899913614107537,28
2194,0,3714,1762,1952,0,0,0,1.0,1,1.0,1,1.0,1,0.28563125763907643,27
2195,3,3717,1764,1953,0,0,0,1.0,1,1.0,1,1.0,1,0.23973940514001704,27
2196,1,3718,1765,1953,0,0,0,1.0,1,1.0,1,1.0,1,0.3160709263464103,27
2197,1,3719,1765,1954,0,0,0,1.0,1,1.0,1,1.0,1,0.27888959722386536,27
2198,0,3719,1765,1954,0,0,0,1.0,1,1.0,1,1.0,1,0.24267670417514134,28
2199,1,3720,1765,1955,0,0,0,1.0,1,1.0,1,1.0,1,0.2570105839498723,29
2200,0,3720,1765,1955,0,0,0,1.0,1,1.0,1,1.0,1,0.2786916378968139,31
2201,2,3722,1767,1955,0,0,0,1.0,1,1.0,1,1.0,1,0.2549180163782295,32
2202,0,3722,1767,1955,0,0,0,1.0,1,1.0,1,1.0,1,0.25564361104184874,31
2203,0,3722,1767,1955,0,0,0,1.0,1,1.0,1,1.0,1,0.23900852784909585,32
2204,0,3722,1767,1955,0,0,0,1.0,1,1.0,1,1.0,1,0.23900852784909585,32
2205,1,3723,1768,1955,0,0,0,1.0,1,1.0,1,1.0,1,0.2881273727312613,33
2206,0,3723,1768,1955,0,0,0,1.0,1,1.0,1,1.0,1,0.27669812072338323,32
2207,0,3723,1768,1955,0,0,0,1.0,1,1.0,1,1.0,1,0.31219461370170803,33
2208,1,3724,1768,1956,0,0,0,1.0,1,1.0,1,1.0,1,0.28058092739868956,35
2209,2,3726,1768,1958,0,0,0,1.0,1,1.0,1,1.0,1,0.25269258258285215,36
2210,1,3727,1769,1958,0,0,0,1.0,1,1.0,1,1.0,1,0.24683779702243594,35
2211,1,3728,1769,1959,0,0,0,1.0,1,1.0,1,1.0,1,0.23388129829272364,36
2212,2,3730,1769,1961,0,0,0,1.0,1,1.0,1,1.0,1,0.22338144883035663,37
2213,2,3732,1771,1961,0,0,0,1.0,1,1.0,1,1.0,1,0.25278118960235546,37
2214,4,3736,1773,1963,0,0,0,1.0,1,1.0,1,1.0,1,0.27513028856633237,39
2215,2,3738,1775,1963,0,0,0,1.0,1,1.0,1,1.0,1,0.29201394861812563,36
2216,2,3740,1777,1963,0,0,0,1.0,1,1.0,1,1.0,1,0.3150940406457929,37
2217,2,3742,1779,1963,0,0,0,1.0,1,1.0,1,1.0,1,0.3004770401256093,35
2218,3,3745,1781,1964,0,0,0,1.0,1,1.0,1,1.0,1,0.34760534458527625,35
2219,0,3745,1781,1964,0,0,0,1.0,1,1.0,1,1.0,1,0.3201015797396096,33
2220,2,3747,1783,1964,0,0,0,1.0,1,1.0,1,1.0,1,0.32808568571792174,31
2221,2,3749,1783,1966,0,0,0,1.0,1,1.0,1,1.0,1,0.24498342082346433,31
2222,2,3751,1784,1967,0,0,0,1.0,1,1.0,1,1.0,1,0.2399796044579095,30
2223,3,3754,1786,1968,0,0,0,1.0,1,1.0,1,1.0,1,0.25945354906906865,28
2224,1,3755,1787,1968,0,0,0,1.0,1,1.0,1,1.0,1,0.29009920746251844,29
2225,2,3757,1789,1968,0,0,0,1.0,1,1.0,1,1.0,1,0.3200592132775784,28
2226,3,3760,1790,1970,0,0,0,1.0,1,1.0,1,1.0,1,0.317316039677888,30
2227,0,3760,1790,1970,0,0,0,1.0,1,1.0,1,1.0,1,0.28920141764229723,28
2228,3,3763,1792,1971,0,0,0,1.0,1,1.0,1,1.0,1,0.29077691027705443,29
2229,0,3763,1792,1971,0,0,0,1.0,1,1.0,1,1.0,1,0.2804894605292463,28
2230,0,3763,1792,1971,0,0,0,1.0,1,1.0,1,1.0,1,0.28030914350137026,28
2231,2,3765,1793,1972,0,0,0,1.0,1,1.0,1,1.0,1,0.17900123080124797,27
2232,0,3765,1793,1972,0,0,0,1.0,1,1.0,1,1.0,1,0.196228831376551,27
2233,3,3768,1795,1973,0,0,0,1.0,1,1.0,1,1.0,1,0.15312281230399308,28
2234,0,3768,1795,1973,0,0,0,1.0,1,1.0,1,1.0,1,0.18015286859311325,26
2235,1,3769,1795,1974,0,0,0,1.0,1,1.0,1,1.0,1,0.15009073155317126,26
2236,1,3770,1796,1974,0,0,0,1.0,1,1.0,1,1.0,1,0.18877954295165605,26
2237,1,3771,1797,1974,0,0,0,1.0,1,1.0,1,1.0,1,0.2396575545099878,26
2238,3,3774,1798,1976,0,0,0,1.0,1,1.0,1,1.0,1,0.2801175328383168,27
2239,1,3775,1798,1977,0,0,0,1.0,1,1.0,1,1.0,1,0.24463522193765921,28
2240,1,3776,1799,1977,0,0,0,1.0,1,1.0,1,1.0,1,0.25604800398774097,30
2241,3,3779,1801,1978,0,0,0,1.0,1,1.0,1,1.0,1,0.25650793942193983,29
2242,2,3781,1802,1979,0,0,0,1.0,1,1.0,1,1.0,1,0.24675925006674726,29
2243,1,3782,1803,1979,0,0,0,1.0,1,1.0,1,1.0,1,0.2872349937949689,29
2244,1,3783,1803,1980,0,0,0,1.0,1,1.0,1,1.0,1,0.253742369040153,29
2245,1,3784,1803,1981,0,0,0,1.0,1,1.0,1,1.0,1,0.25473944601478765,30
2246,0,3784,1803,1981,0,0,0,1.0,1,1.0,1,1.0,1,0.2412084261905055,33
2247,1,3785,1803,1982,0,0,0,1.0,1,1.0,1,1.0,1,0.2482152389379952,34
2248,0,3785,1803,1982,0,0,0,1.0,1,1.0,1,1.0,1,0.2482152389379952,34
2249,0,3785,1803,1982,0,0,0,1.0,1,1.0,1,1.0,1,0.2266203427167982,35
2250,1,3786,1804,1982,0,0,0,1.0,1,1.0,1,1.0,1,0.23179405872646278,35
2251,0,3786,1804,1982,0,0,0,1.0,1,1.0,1,1.0,1,0.22233102581366349,36
2252,3,3789,1805,1984,0,0,0,1.0,1,1.0,1,1.0,1,0.21166946712086493,37
2253,1,3790,1806,1984,0,0,0,1.0,1,1.0,1,1.0,1,0.2069040411064604,35
2254,0,3790,1806,1984,0,0,0,1.0,1,1.0,1,1.0,1,0.26990905976393964,33
2255,1,3791,1807,1984,0,0,0,1.0,1,1.0,1,1.0,1,0.3026513654817041,35
2256,2,3793,1809,1984,0,0,0,1.0,1,1.0,1,1.0,1,0.30698638947657636,34
2257,4,3797,1811,1986,0,0,0,1.0,1,1.0,1,1.0,1,0.2665201678408408,36
2258,1,3798,1812,1986,0,0,0,1.0,1,1.0,1,1.0,1,0.3056177935146638,35
2259,2,3800,1814,1986,0,0,0,1.0,1,1.0,1,1.0,1,0.33479661075643846,35
2260,2,3802,1814,1988,0,0,0,1.0,1,1.0,1,1.0,1,0.29984199909129416,33
2261,2,3804,1815,1989,0,0,0,1.0,1,1.0,1,1.0,1,0.2929498144320536,33
2262,3,3807,1816,1991,0,0,0,1.0,1,1.0,1,1.0,1,0.3573916943736249,32
2263,1,3808,1817,1991,0,0,0,1.0,1,1.0,1,1.0,1,0.3627983679875702,31
2264,0,3808,1817,1991,0,0,0,1.0,1,1.0,1,1.0,1,0.39666933646263614,30
2265,0,3808,1817,1991,0,0,0,1.0,1,1.0,1,1.0,1,0.36394970187902,29
2266,2,3810,1818,1992,0,0,0,1.0,1,1.0,1,1.0,1,0.3414609204874543,30
2267,2,3812,1820,1992,0,0,0,1.0,1,1.0,1,1.0,1,0.36933785450761036,29
2268,2,3814,1822,1992,0,0,0,1.0,1,1.0,1,1.0,1,0.2938954127294935,30
2269,2,3816,1824,1992,0,0,0,1.0,1,1.0,1,1.0,1,0.31875503116376336,31
2270,3,3819,1826,1993,0,0,0,1.0,1,1.0,1,1.0,1,0.27349087766296504,31
2271,5,3824,1829,1995,0,0,0,1.0,1,1.0,1,1.0,1,0.24534075438236944,31
2272,2,3826,1831,1995,0,0,0,1.0,1,1.0,1,1.0,1,0.27537277052837505,31
2273,0,3826,1831,1995,0,0,0,1.0,1,1.0,1,1.0,1,0.3157500752263024,30
2274,0,3826,1831,1995,0,0,0,1.0,1,1.0,1,1.0,1,0.31595648577647134,31
2275,1,3827,1831,1996,0,0,0,1.0,1,1.0,1,1.0,1,0.28748872962952826,32
2276,1,3828,1832,1996,0,0,0,1.0,1,1.0,1,1.0,1,0.30981324346313005,31
2277,0,3828,1832,1996,0,0,0,1.0,1,1.0,1,1.0,1,0.30026923117320065,31
2278,1,3829,1833,1996,0,0,0,1.0,1,1.0,1,1.0,1,0.3122801455593082,32
2279,0,3829,1833,1996,0,0,0,1.0,1,1.0,1,1.0,1,0.31424635089996666,32
2280,1,3830,1833,1997,0,0,0,1.0,1,1.0,1,1.0,1,0.2967220678254547,33
2281,3,3833,1833,2000,0,0,0,1.0,1,1.0,1,1.0,1,0.22800101683853935,34
2282,1,3834,1834,2000,0,0,0,1.0,1,1.0,1,1.0,1,0.2660786105799565,34
2283,0,3834,1834,2000,0,0,0,1.0,1,1.0,1,1.0,1,0.2660786105799565,34
2284,1,3835,1835,2000,0,0,0,1.0,1,1.0,1,1.0,1,0.2946492405067207,34
2285,2,3837,1836,2001,0,0,0,1.0,1,1.0,1,1.0,1,0.2585495925363669,35
2286,1,3838,1836,2002,0,0,0,1.0,1,1.0,1,1.0,1,0.28517488101554483,34
2287,2,3840,1837,2003,0,0,0,1.0,1,1.0,1,1.0,1,0.2282626254195323,35
2288,0,3840,1837,2003,0,0,0,1.0,1,1.0,1,1.0,1,0.2534503181207386,35
2289,5,3845,1839,2006,0,0,0,1.0,1,1.0,1,1.0,1,0.20368312936555366,37
2290,1,3846,1839,2007,0,0,0,1.0,1,1.0,1,1.0,1,0.20986271604140747,37
2291,1,3847,1840,2007,0,0,0,1.0,1,1.0,1,1.0,1,0.23431762677675258,35
2292,1,3848,1841,2007,0,0,0,1.0,1,1.0,1,1.0,1,0.28239104959695405,35
2293,1,3849,1842,2007,0,0,0,1.0,1,1.0,1,1.0,1,0.3024534642591295,34
2294,0,3849,1842,2007,0,0,0,1.0,1,1.0,1,1.0,1,0.3345458416201779,33
2295,2,3851,1843,2008,0,0,0,1.0,1,1.0,1,1.0,1,0.34291449277956826,34
2296,0,3851,1843,2008,0,0,0,1.0,1,1.0,1,1.0,1,0.38186919431324096,33
2297,0,3851,1843,2008,0,0,0,1.0,1,1.0,1,1.0,1,0.4149865727258476,32
2298,1,3852,1843,2009,0,0,0,1.0,1,1.0,1,1.0,1,0.42089077606098424,32
2299,1,3853,1843,2010,0,0,0,1.0,1,1.0,1,1.0,1,0.38035100623412166,33
2300,2,3855,1844,2011,0,0,0,1.0,1,1.0,1,1.0,1,0.34832953291433116,33
2301,1,3856,1845,2011,0,0,0,1.0,1,1.0,1,1.0,1,0.3521447941359093,33
2302,1,3857,1846,2011,0,0,0,1.0,1,1.0,1,1.0,1,0.3503077193338311,34
2303,6,3863,1851,2012,0,0,0,1.0,1,1.0,1,1.0,1,0.3550296416900559,34
2304,5,3868,1854,2014,0,0,0,1.0,1,1.0,1,1.0,1,0.32535494327187553,33
2305,2,3870,1855,2015,0,0,0,1.0,1,1.0,1,1.0,1,0.33216610508845495,33
2306,1,3871,1856,2015,0,0,0,1.0,1,1.0,1,1.0,1,0.32804701827518473,33
2307,2,3873,1856,2017,0,0,0,1.0,1,1.0,1,1.0,1,0.2576435271687387,35
2308,0,3873,1856,2017,0,0,0,1.0,1,1.0,1,1.0,1,0.24433275094155132,34
2309,1,3874,1857,2017,0,0,0,1.0,1,1.0,1,1.0,1,0.25955493779244154,34
2310,1,3875,1857,2018,0,0,0,1.0,1,1.0,1,1.0,1,0.22165679089069415,34
2311,3,3878,1858,2020,0,0,0,1.0,1,1.0,1,1.0,1,0.2382902539103801,35
2312,3,3881,1861,2020,0,0,0,1.0,1,1.0,1,1.0,1,0.3275817387162415,34
2313,2,3883,1862,2021,0,0,0,1.0,1,1.0,1,1.0,1,0.302816249336902,35
2314,0,3883,1862,2021,0,0,0,1.0,1,1.0,1,1.0,1,0.32453825189846275,35
2315,0,3883,1862,2021,0,0,0,1.0,1,1.0,1,1.0,1,0.34194770675720176,34
2316,0,3883,1862,2021,0,0,0,1.0,1,1.0,1,1.0,1,0.34235696922992653,35
2317,0,3883,1862,2021,0,0,0,1.0,1,1.0,1,1.0,1,0.370807992533134,32
2318,2,3885,1863,2022,0,0,0,1.0,1,1.0,1,1.0,1,0.398217102892274,32
2319,1,3886,1863,2023,0,0,0,1.0,1,1.0,1,1.0,1,0.4064748826481079,32
2320,1,3887,1863,2024,0,0,0,1.0,1,1.0,1,1.0,1,0.42707173859244557,32
2321,7,3894,1863,2031,0,0,0,1.0,1,1.0,1,1.0,1,0.29579805514124,33
2322,0,3894,1863,2031,0,0,0,1.0,1,1.0,1,1.0,1,0.29579805514124,33
2323,0,3894,1863,2031,0,0,0,1.0,1,1.0,1,1.0,1,0.29579805514124,33
2324,2,3896,1865,2031,0,0,0,1.0,1,1.0,1,1.0,1,0.3156652399317239,34
2325,1,3897,1865,2032,0,0,0,1.0,1,1.0,1,1.0,1,0.31242541702361987,35
2326,0,3897,1865,2032,0,0,0,1.0,1,1.0,1,1.0,1,0.31242541702361987,35
2327,0,3897,1865,2032,0,0,0,1.0,1,1.0,1,1.0,1,0.33108806233278115,36
2328,0,3897,1865,2032,0,0,0,1.0,1,1.0,1,1.0,1,0.34237270432461775,37
2329,2,3899,1865,2034,0,0,0,1.0,1,1.0,1,1.0,1,0.3410131575364831,37
2330,0,3899,1865,2034,0,0,0,1.0,1,1.0,1,1.0,1,0.3280984897405445,38
2331,1,3900,1865,2035,0,0,0,1.0,1,1.0,1,1.0,1,0.32175547775100605,40
2332,1,3901,1865,2036,0,0,0,1.0,1,1.0,1,1.0,1,0.3067324773376073,40
2333,0,3901,1865,2036,0,0,0,1.0,1,1.0,1,1.0,1,0.3150166615336812,41
2334,0,3901,1865,2036,0,0,0,1.0,1,1.0,1,1.0,1,0.3150166615336812,41
2335,0,3901,1865,2036,0,0,0,1.0,1,1.0,1,1.0,1,0.3150166615336812,41
2336,0,3901,1865,2036,0,0,0,1.0,1,1.0,1,1.0,1,0.3150166615336812,41
2337,2,3903,1865,2038,0,0,0,1.0,1,1.0,1,1.0,1,0.30739001622253603,42
2338,1,3904,1865,2039,0,0,0,1.0,1,1.0,1,1.0,1,0.3016069644948879,43
2339,1,3905,1865,2040,0,0,0,1.0,1,1.0,1,1.0,1,0.27666964610196004,43
2340,1,3906,1865,2041,0,0,0,1.0,1,1.0,1,1.0,1,0.2655712175577957,45
2341,3,3909,1865,2044,0,0,0,1.0,1,1.0,1,1.0,1,0.23083956996432442,45
2342,5,3914,1866,2048,0,0,0,1.0,1,1.0,1,1.0,1,0.20116058539181844,46
2343,3,3917,1867,2050,0,0,0,1.0,1,1.0,1,1.0,1,0.18976405619310108,45
2344,4,3921,1869,2052,0,0,0,1.0,1,1.0,1,1.0,1,0.19341148536740727,44
2345,0,3921,1869,2052,0,0,0,1.0,1,1.0,1,1.0,1,0.17370231947700895,44
2346,2,3923,1870,2053,0,0,0,1.0,1,1.0,1,1.0,1,0.2069978682709082,44
2347,3,3926,1872,2054,0,0,0,1.0,1,1.0,1,1.0,1,0.18918714699767686,44
2348,2,3928,1872,2056,0,0,0,1.0,1,1.0,1,1.0,1,0.1847521132197523,45
2349,3,3931,1872,2059,0,0,0,1.0,1,1.0,1,1.0,1,0.19104696458342002,46
2350,2,3933,1873,2060,0,0,0,1.0,1,1.0,1,1.0,1,0.2253609830659045,47
2351,5,3938,1873,2065,0,0,0,1.0,1,1.0,1,1.0,1,0.13596693809121776,47
2352,2,3940,1874,2066,0,0,0,1.0,1,1.0,1,1.0,1,0.15489475222640686,47
2353,2,3942,1874,2068,0,0,0,1.0,1,1.0,1,1.0,1,0.10289961251718084,46
2354,3,3945,1875,2070,0,0,0,1.0,1,1.0,1,1.0,1,0.10717311256259153,47
2355,0,3945,1875,2070,0,0,0,1.0,1,1.0,1,1.0,1,0.10717311256259153,47
2356,1,3946,1876,2070,0,0,0,1.0,1,1.0,1,1.0,1,0.13491758729278774,47
2357,2,3948,1877,2071,0,0,0,1.0,1,1.0,1,1.0,1,0.15249466667428516,47
2358,1,3949,1877,2072,0,0,0,1.0,1,1.0,1,1.0,1,0.15779372724179433,48
2359,2,3951,1877,2074,0,0,0,1.0,1,1.0,1,1.0,1,0.16618295457135093,49
2360,3,3954,1878,2076,0,0,0,1.0,1,1.0,1,1.0,1,0.16650106469907944,49
2361,2,3956,1878,2078,0,0,0,1.0,1,1.0,1,1.0,1,0.14613010030142515,50
2362,1,3957,1878,2079,0,0,0,1.0,1,1.0,1,1.0,1,0.13287209972719807,51
2363,1,3958,1879,2079,0,0,0,1.0,1,1.0,1,1.0,1,0.12277985442705787,51
2364,1,3959,1879,2080,0,0,0,1.0,1,1.0,1,1.0,1,0.10250648509900939,52
2365,1,3960,1880,2080,0,0,0,1.0,1,1.0,1,1.0,1,0.11034355795342171,53
2366,6,3966,1883,2083,0,0,0,1.0,1,1.0,1,1.0,1,0.15638053634343455,54
2367,2,3968,1884,2084,0,0,0,1.0,1,1.0,1,1.0,1,0.15180566556635539,52
2368,3,3971,1887,2084,0,0,0,1.0,1,1.0,1,1.0,1,0.19102666167711144,51
2369,2,3973,1888,2085,0,0,0,1.0,1,1.0,1,1.0,1,0.22585013052520203,51
2370,4,3977,1891,2086,0,0,0,1.0,1,1.0,1,1.0,1,0.2090930805556638,52
2371,9,3986,1893,2093,0,0,0,1.0,1,1.0,1,1.0,1,0.10716975451903044,52
2372,4,3990,1895,2095,0,0,0,1.0,1,1.0,1,1.0,1,0.1410085494716483,49
2373,3,3993,1897,2096,0,0,0,1.0,1,1.0,1,1.0,1,0.1611733830487467,47
2374,0,3993,1897,2096,0,0,0,1.0,1,1.0,1,1.0,1,0.1634499442530239,45
2375,0,3993,1897,2096,0,0,0,1.0,1,1.0,1,1.0,1,0.1291367085811505,45
2376,0,3993,1897,2096,0,0,0,1.0,1,1.0,1,1.0,1,0.1259013596110418,43
2377,0,3993,1897,2096,0,0,0,1.0,1,1.0,1,1.0,1,0.16017465981612958,44
2378,0,3993,1897,2096,0,0,0,1.0,1,1.0,1,1.0,1,0.17306677868412815,43
2379,0,3993,1897,2096,0,0,0,1.0,1,1.0,1,1.0,1,0.17306677868412815,43
2380,0,3993,1897,2096,0,0,0,1.0,1,1.0,1,1.0,1,0.17306677868412815,43
2381,2,3995,1899,2096,0,0,0,1.0,1,1.0,1,1.0,1,0.21031160918413797,44
2382,1,3996,1900,2096,0,0,0,1.0,1,1.0,1,1.0,1,0.1980241148183569,44
2383,4,4000,1902,2098,0,0,0,1.0,1,1.0,1,1.0,1,0.19399122154780074,45
2384,10,4010,1907,2103,0,0,0,1.0,1,1.0,1,1.0,1,0.22985781324529517,45
2385,2,4012,1908,2104,0,0,0,1.0,1,1.0,1,1.0,1,0.18760065996155215,45
2386,2,4014,1910,2104,0,0,0,1.0,1,1.0,1,1.0,1,0.24001322422332327,46
2387,3,4017,1913,2104,0,0,0,1.0,1,1.0,1,1.0,1,0.21212394481161725,44
2388,1,4018,1914,2104,0,0,0,1.0,1,1.0,1,1.0,1,0.21597875375381628,44
2389,2,4020,1914,2106,0,0,0,1.0,1,1.0,1,1.0,1,0.13903223662996336,43
2390,1,4021,1915,2106,0,0,0,1.0,1,1.0,1,1.0,1,0.12875250845115713,44
2391,0,4021,1915,2106,0,0,0,1.0,1,1.0,1,1.0,1,0.11125418724738442,43
2392,2,4023,1917,2106,0,0,0,1.0,1,1.0,1,1.0,1,0.1843654927728561,44
2393,2,4025,1918,2107,0,0,0,1.0,1,1.0,1,1.0,1,0.18686749193275157,45
2394,0,4025,1918,2107,0,0,0,1.0,1,1.0,1,1.0,1,0.1658597485162982,44
2395,0,4025,1918,2107,0,0,0,1.0,1,1.0,1,1.0,1,0.16289799700631608,44
2396,1,4026,1919,2107,0,0,0,1.0,1,1.0,1,1.0,1,0.13749670024966798,45
2397,0,4026,1919,2107,0,0,0,1.0,1,1.0,1,1.0,1,0.14442523931733692,44
2398,1,4027,1920,2107,0,0,0,1.0,1,1.0,1,1.0,1,0.17356264041098324,44
2399,0,4027,1920,2107,0,0,0,1.0,1,1.0,1,1.0,1,0.18778850862708477,45
2400,1,4028,1920,2108,0,0,0,1.0,1,1.0,1,1.0,1,0.17306952632857459,45
2401,0,4028,1920,2108,0,0,0,1.0,1,1.0,1,1.0,1,0.17529947061051598,46
2402,3,4031,1921,2110,0,0,0,1.0,1,1.0,1,1.0,1,0.17377778030807986,47
2403,3,4034,1923,2111,0,0,0,1.0,1,1.0,1,1.0,1,0.19095562067557575,48
2404,3,4037,1924,2113,0,0,0,1.0,1,1.0,1,1.0,1,0.15248034269371108,47
2405,0,4037,1924,2113,0,0,0,1.0,1,1.0,1,1.0,1,0.17471347779574778,45
2406,1,4038,1925,2113,0,0,0,1.0,1,1.0,1,1.0,1,0.19463593910717725,45
2407,3,4041,1927,2114,0,0,0,1.0,1,1.0,1,1.0,1,0.19902195608365364,42
2408,3,4044,1928,2116,0,0,0,1.0,1,1.0,1,1.0,1,0.2097131458812966,41
2409,2,4046,1930,2116,0,0,0,1.0,1,1.0,1,1.0,1,0.24306507978382638,41
2410,0,4046,1930,2116,0,0,0,1.0,1,1.0,1,1.0,1,0.2736550883815392,40
2411,5,4051,1933,2118,0,0,0,1.0,1,1.0,1,1.0,1,0.2329181142984155,40
2412,1,4052,1934,2118,0,0,0,1.0,1,1.0,1,1.0,1,0.2800551093419139,38
2413,8,4060,1937,2123,0,0,0,1.0,1,1.0,1,1.0,1,0.22588738966908434,38
2414,1,4061,1937,2124,0,0,0,1.0,1,1.0,1,1.0,1,0.20314434650362517,36
2415,0,4061,1937,2124,0,0,0,1.0,1,1.0,1,1.0,1,0.2300704870583373,36
2416,0,4061,1937,2124,0,0,0,1.0,1,1.0,1,1.0,1,0.24625305298223568,35
2417,1,4062,1937,2125,0,0,0,1.0,1,1.0,1,1.0,1,0.3354723277679814,33
2418,1,4063,1938,2125,0,0,0,1.0,1,1.0,1,1.0,1,0.3258861868585171,33
2419,2,4065,1939,2126,0,0,0,1.0,1,1.0,1,1.0,1,0.3130997723041629,33
2420,1,4066,1940,2126,0,0,0,1.0,1,1.0,1,1.0,1,0.19321130568753475,34
2421,2,4068,1941,2127,0,0,0,1.0,1,1.0,1,1.0,1,0.20014357658993995,34
2422,4,4072,1945,2127,0,0,0,1.0,1,1.0,1,1.0,1,0.20386300310971656,35
2423,6,4078,1947,2131,0,0,0,1.0,1,1.0,1,1.0,1,0.19785108788106434,36
2424,1,4079,1948,2131,0,0,0,1.0,1,1.0,1,1.0,1,0.19459042749519112,35
2425,2,4081,1949,2132,0,0,0,1.0,1,1.0,1,1.0,1,0.12798426860857665,33
2426,3,4084,1950,2134,0,0,0,1.0,1,1.0,1,1.0,1,0.16985777174811703,34
2427,0,4084,1950,2134,0,0,0,1.0,1,1.0,1,1.0,1,0.23250273498714225,34
2428,1,4085,1951,2134,0,0,0,1.0,1,1.0,1,1.0,1,0.23943902340697684,34
2429,2,4087,1952,2135,0,0,0,1.0,1,1.0,1,1.0,1,0.24304545340439362,34
2430,0,4087,1952,2135,0,0,0,1.0,1,1.0,1,1.0,1,0.25563304737139414,33
2431,3,4090,1954,2136,0,0,0,1.0,1,1.0,1,1.0,1,0.2405017164896346,33
2432,0,4090,1954,2136,0,0,0,1.0,1,1.0,1,1.0,1,0.27263680792651684,33
2433,3,4093,1956,2137,0,0,0,1.0,1,1.0,1,1.0,1,0.21319808152409075,34
2434,1,4094,1956,2138,0,0,0,1.0,1,1.0,1,1.0,1,0.16910478092881726,34
2435,0,4094,1956,2138,0,0,0,1.0,1,1.0,1,1.0,1,0.16910478092881726,34
2436,0,4094,1956,2138,0,0,0,1.0,1,1.0,1,1.0,1,0.18155014507508785,33
2437,0,4094,1956,2138,0,0,0,1.0,1,1.0,1,1.0,1,0.18155014507508785,33
2438,2,4096,1958,2138,0,0,0,1.0,1,1.0,1,1.0,1,0.25238669328604774,34
2439,0,4096,1958,2138,0,0,0,1.0,1,1.0,1,1.0,1,0.2676051973990001,35
2440,1,4097,1958,2139,0,0,0,1.0,1,1.0,1,1.0,1,0.22457367956220145,35
2441,4,4101,1960,2141,0,0,0,1.0,1,1.0,1,1.0,1,0.23370785918425163,35
2442,2,4103,1961,2142,0,0,0,1.0,1,1.0,1,1.0,1,0.23615053846907427,35
2443,4,4107,1963,2144,0,0,0,1.0,1,1.0,1,1.0,1,0.2618624116481075,35
2444,1,4108,1963,2145,0,0,0,1.0,1,1.0,1,1.0,1,0.2611421931473087,34
2445,3,4111,1965,2146,0,0,0,1.0,1,1.0,1,1.0,1,0.3345489253213353,33
2446,1,4112,1966,2146,0,0,0,1.0,1,1.0,1,1.0,1,0.41914544576668605,30
2447,2,4114,1968,2146,0,0,0,1.0,1,1.0,1,1.0,1,0.35732405247353083,29
2448,2,4116,1970,2146,0,0,0,1.0,1,1.0,1,1.0,1,0.33009391820300577,27
2449,1,4117,1971,2146,0,0,0,1.0,1,1.0,1,1.0,1,0.33993607957231414,26
2450,2,4119,1973,2146,0,0,0,1.0,1,1.0,1,1.0,1,0.42005202738320446,28
2451,4,4123,1973,2150,0,0,0,1.0,1,1.0,1,1.0,1,0.2846642268841242,28
2452,1,4124,1973,2151,0,0,0,1.0,1,1.0,1,1.0,1,0.25056329209146694,29
2453,2,4126,1974,2152,0,0,0,1.0,1,1.0,1,1.0,1,0.23056589142643122,30
2454,1,4127,1974,2153,0,0,0,1.0,1,1.0,1,1.0,1,0.2134476421158095,32
2455,1,4128,1975,2153,0,0,0,1.0,1,1.0,1,1.0,1,0.23455753044689087,33
2456,0,4128,1975,2153,0,0,0,1.0,1,1.0,1,1.0,1,0.2512523920061213,34
2457,1,4129,1975,2154,0,0,0,1.0,1,1.0,1,1.0,1,0.23080814679325357,34
2458,1,4130,1975,2155,0,0,0,1.0,1,1.0,1,1.0,1,0.2102543926898625,36
2459,0,4130,1975,2155,0,0,0,1.0,1,1.0,1,1.0,1,0.2102543926898625,36
2460,4,4134,1976,2158,0,0,0,1.0,1,1.0,1,1.0,1,0.21372053214251052,37
2461,2,4136,1976,2160,0,0,0,1.0,1,1.0,1,1.0,1,0.1945220114806744,37
2462,4,4140,1979,2161,0,0,0,1.0,1,1.0,1,1.0,1,0.2607526398009241,38
2463,1,4141,1980,2161,0,0,0,1.0,1,1.0,1,1.0,1,0.2694912368599078,38
2464,2,4143,1981,2162,0,0,0,1.0,1,1.0,1,1.0,1,0.2585666111383226,37
2465,1,4144,1982,2162,0,0,0,1.0,1,1.0,1,1.0,1,0.2485965590481472,36
2466,1,4145,1983,2162,0,0,0,1.0,1,1.0,1,1.0,1,0.2516936164441402,36
2467,1,4146,1983,2163,0,0,0,1.0,1,1.0,1,1.0,1,0.2707597472054776,34
2468,2,4148,1984,2164,0,0,0,1.0,1,1.0,1,1.0,1,0.2764124934390559,33
2469,1,4149,1985,2164,0,0,0,1.0,1,1.0,1,1.0,1,0.2625835544369745,32
2470,2,4151,1987,2164,0,0,0,1.0,1,1.0,1,1.0,1,0.3515151216414653,33
2471,0,4151,1987,2164,0,0,0,1.0,1,1.0,1,1.0,1,0.37720126863383246,31
2472,2,4153,1987,2166,0,0,0,1.0,1,1.0,1,1.0,1,0.2982004023346641,32
2473,1,4154,1987,2167,0,0,0,1.0,1,1.0,1,1.0,1,0.2752494186717606,31
2474,2,4156,1988,2168,0,0,0,1.0,1,1.0,1,1.0,1,0.28360781311406574,33
2475,0,4156,1988,2168,0,0,0,1.0,1,1.0,1,1.0,1,0.3032736213504108,33
2476,3,4159,1988,2171,0,0,0,1.0,1,1.0,1,1.0,1,0.21304571347695553,33
2477,2,4161,1989,2172,0,0,0,1.0,1,1.0,1,1.0,1,0.21561847392261024,33
2478,1,4162,1989,2173,0,0,0,1.0,1,1.0,1,1.0,1,0.1752164590742762,33
2479,2,4164,1991,2173,0,0,0,1.0,1,1.0,1,1.0,1,0.23244696935541306,33
2480,4,4168,1994,2174,0,0,0,1.0,1,1.0,1,1.0,1,0.2889262700316388,34
2481,4,4172,1996,2176,0,0,0,1.0,1,1.0,1,1.0,1,0.20158225277532366,33
2482,3,4175,1998,2177,0,0,0,1.0,1,1.0,1,1.0,1,0.22524755499113422,34
2483,1,4176,1998,2178,0,0,0,1.0,1,1.0,1,1.0,1,0.2227842472246035,33
2484,1,4177,1999,2178,0,0,0,1.0,1,1.0,1,1.0,1,0.2527467059205514,32
2485,1,4178,2000,2178,0,0,0,1.0,1,1.0,1,1.0,1,0.20874241959044798,31
2486,1,4179,2001,2178,0,0,0,1.0,1,1.0,1,1.0,1,0.26067636238880904,29
2487,1,4180,2002,2178,0,0,0,1.0,1,1.0,1,1.0,1,0.24587412114844115,29
2488,5,4185,2004,2181,0,0,0,1.0,1,1.0,1,1.0,1,0.29122145016188206,30
2489,1,4186,2005,2181,0,0,0,1.0,1,1.0,1,1.0,1,0.25323200714794813,29
2490,2,4188,2006,2182,0,0,0,1.0,1,1.0,1,1.0,1,0.2879633400530904,30
2491,1,4189,2006,2183,0,0,0,1.0,1,1.0,1,1.0,1,0.23998943062012515,30
2492,0,4189,2006,2183,0,0,0,1.0,1,1.0,1,1.0,1,0.23295931011561952,29
2493,0,4189,2006,2183,0,0,0,1.0,1,1.0,1,1.0,1,0.23295931011561952,29
2494,0,4189,2006,2183,0,0,0,1.0,1,1.0,1,1.0,1,0.23770964755697543,28
2495,1,4190,2007,2183,0,0,0,1.0,1,1.0,1,1.0,1,0.27247654232471324,29
2496,0,4190,2007,2183,0,0,0,1.0,1,1.0,1,1.0,1,0.25836424502112915,28
2497,0,4190,2007,2183,0,0,0,1.0,1,1.0,1,1.0,1,0.29012599914865966,28
2498,0,4190,2007,2183,0,0,0,1.0,1,1.0,1,1.0,1,0.3123758884799827,29
2499,1,4191,2008,2183,0,0,0,1.0,1,1.0,1,1.0,1,0.36876156239485913,30
2500,3,4194,2010,2184,0,0,0,1.0,1,1.0,1,1.0,1,0.3370322286403919,29
2501,9,4203,2012,2191,0,0,0,1.0,1,1.0,1,1.0,1,0.1825805373877197,33
2502,2,4205,2014,2191,0,0,0,1.0,1,1.0,1,1.0,1,0.19630822994605043,33
2503,0,4205,2014,2191,0,0,0,1.0,1,1.0,1,1.0,1,0.18915079749219083,31
2504,4,4209,2017,2192,0,0,0,1.0,1,1.0,1,1.0,1,0.23459627957409865,31
2505,2,4211,2018,2193,0,0,0,1.0,1,1.0,1,1.0,1,0.21773149064638464,32
2506,2,4213,2020,2193,0,0,0,1.0,1,1.0,1,1.0,1,0.20911002155816644,31
2507,1,4214,2021,2193,0,0,0,1.0,1,1.0,1,1.0,1,0.12855620283218516,29
2508,4,4218,2024,2194,0,0,0,1.0,1,1.0,1,1.0,1,0.17719412630244458,31
2509,0,4218,2024,2194,0,0,0,1.0,1,1.0,1,1.0,1,0.15575203772002758,30
2510,1,4219,2025,2194,0,0,0,1.0,1,1.0,1,1.0,1,0.15170508035672248,31
2511,1,4220,2026,2194,0,0,0,1.0,1,1.0,1,1.0,1,0.17548142133136796,32
2512,1,4221,2027,2194,0,0,0,1.0,1,1.0,1,1.0,1,0.21236728119030202,32
2513,2,4223,2029,2194,0,0,0,1.0,1,1.0,1,1.0,1,0.18351800616681907,34
2514,1,4224,2029,2195,0,0,0,1.0,1,1.0,1,1.0,1,0.14100568455958962,35
2515,1,4225,2030,2195,0,0,0,1.0,1,1.0,1,1.0,1,0.15244237779877326,35
2516,3,4228,2033,2195,0,0,0,1.0,1,1.0,1,1.0,1,0.22016769933906633,34
2517,3,4231,2036,2195,0,0,0,1.0,1,1.0,1,1.0,1,0.29010333839911506,34
2518,3,4234,2038,2196,0,0,0,1.0,1,1.0,1,1.0,1,0.3239444779107341,33
2519,3,4237,2039,2198,0,0,0,1.0,1,1.0,1,1.0,1,0.29351562077487614,32
2520,1,4238,2040,2198,0,0,0,1.0,1,1.0,1,1.0,1,0.3561005445820937,31
2521,2,4240,2041,2199,0,0,0,1.0,1,1.0,1,1.0,1,0.2950121538386978,31
2522,1,4241,2041,2200,0,0,0,1.0,1,1.0,1,1.0,1,0.3298176284534554,30
2523,0,4241,2041,2200,0,0,0,1.0,1,1.0,1,1.0,1,0.3411602465324477,30
2524,0,4241,2041,2200,0,0,0,1.0,1,1.0,1,1.0,1,0.39859235797557524,29
2525,2,4243,2041,2202,0,0,0,1.0,1,1.0,1,1.0,1,0.34639049118362125,29
2526,0,4243,2041,2202,0,0,0,1.0,1,1.0,1,1.0,1,0.36266909002449005,27
2527,0,4243,2041,2202,0,0,0,1.0,1,1.0,1,1.0,1,0.36606313483925423,28
2528,0,4243,2041,2202,0,0,0,1.0,1,1.0,1,1.0,1,0.36606313483925423,28
2529,0,4243,2041,2202,0,0,0,1.0,1,1.0,1,1.0,1,0.36606313483925423,28
2530,0,4243,2041,2202,0,0,0,1.0,1,1.0,1,1.0,1,0.37390662392611757,29
2531,2,4245,2041,2204,0,0,0,1.0,1,1.0,1,1.0,1,0.3296221612331607,30
2532,0,4245,2041,2204,0,0,0,1.0,1,1.0,1,1.0,1,0.3327285570389552,31
2533,0,4245,2041,2204,0,0,0,1.0,1,1.0,1,1.0,1,0.3327285570389552,31
2534,0,4245,2041,2204,0,0,0,1.0,1,1.0,1,1.0,1,0.3327285570389552,31
2535,1,4246,2042,2204,0,0,0,1.0,1,1.0,1,1.0,1,0.39393031745390134,31
2536,2,4248,2043,2205,0,0,0,1.0,1,1.0,1,1.0,1,0.36338861150459845,32
2537,0,4248,2043,2205,0,0,0,1.0,1,1.0,1,1.0,1,0.33934190627331945,33
2538,0,4248,2043,2205,0,0,0,1.0,1,1.0,1,1.0,1,0.35024109080697974,35
2539,2,4250,2045,2205,0,0,0,1.0,1,1.0,1,1.0,1,0.329045848014142,37
2540,1,4251,2046,2205,0,0,0,1.0,1,1.0,1,1.0,1,0.3201985540918685,38
2541,3,4254,2048,2206,0,0,0,1.0,1,1.0,1,1.0,1,0.2901269274126483,39
2542,5,4259,2050,2209,0,0,0,1.0,1,1.0,1,1.0,1,0.2946670513773121,38
2543,5,4264,2053,2211,0,0,0,1.0,1,1.0,1,1.0,1,0.31757525793094327,41
2544,1,4265,2054,2211,0,0,0,1.0,1,1.0,1,1.0,1,0.3133485611944747,39
2545,5,4270,2056,2214,0,0,0,1.0,1,1.0,1,1.0,1,0.33302270164093223,40
2546,1,4271,2056,2215,0,0,0,1.0,1,1.0,1,1.0,1,0.2925330977349485,38
2547,0,4271,2056,2215,0,0,0,1.0,1,1.0,1,1.0,1,0.2925330977349485,38
2548,0,4271,2056,2215,0,0,0,1.0,1,1.0,1,1.0,1,0.2786454006834969,35
2549,2,4273,2058,2215,0,0,0,1.0,1,1.0,1,1.0,1,0.3727378189100716,35
2550,0,4273,2058,2215,0,0,0,1.0,1,1.0,1,1.0,1,0.36142513932234877,33
2551,3,4276,2060,2216,0,0,0,1.0,1,1.0,1,1.0,1,0.4039521751915652,31
2552,0,4276,2060,2216,0,0,0,1.0,1,1.0,1,1.0,1,0.4490151813260523,30
2553,1,4277,2060,2217,0,0,0,1.0,1,1.0,1,1.0,1,0.43948379757209677,30
2554,4,4281,2060,2221,0,0,0,1.0,1,1.0,1,1.0,1,0.3376368374271479,32
2555,2,4283,2060,2223,0,0,0,1.0,1,1.0,1,1.0,1,0.3303920970021076,32
2556,1,4284,2060,2224,0,0,0,1.0,1,1.0,1,1.0,1,0.2827313226616943,32
2557,0,4284,2060,2224,0,0,0,1.0,1,1.0,1,1.0,1,0.33054979435613835,30
2558,2,4286,2062,2224,0,0,0,1.0,1,1.0,1,1.0,1,0.40198513474334485,31
2559,2,4288,2062,2226,0,0,0,1.0,1,1.0,1,1.0,1,0.3421808068261532,30
2560,0,4288,2062,2226,0,0,0,1.0,1,1.0,1,1.0,1,0.3421808068261532,30
2561,2,4290,2062,2228,0,0,0,1.0,1,1.0,1,1.0,1,0.29139634745447207,30
2562,2,4292,2062,2230,0,0,0,1.0,1,1.0,1,1.0,1,0.26881338047451847,33
2563,0,4292,2062,2230,0,0,0,1.0,1,1.0,1,1.0,1,0.26881338047451847,33
2564,0,4292,2062,2230,0,0,0,1.0,1,1.0,1,1.0,1,0.26881338047451847,33
2565,0,4292,2062,2230,0,0,0,1.0,1,1.0,1,1.0,1,0.26881338047451847,33
2566,2,4294,2063,2231,0,0,0,1.0,1,1.0,1,1.0,1,0.26876155502707993,35
2567,2,4296,2064,2232,0,0,0,1.0,1,1.0,1,1.0,1,0.2560393828783685,36
2568,1,4297,2065,2232,0,0,0,1.0,1,1.0,1,1.0,1,0.30297284269856783,37
2569,1,4298,2065,2233,0,0,0,1.0,1,1.0,1,1.0,1,0.2921940575559531,37
2570,1,4299,2065,2234,0,0,0,1.0,1,1.0,1,1.0,1,0.2888356785470216,37
2571,0,4299,2065,2234,0,0,0,1.0,1,1.0,1,1.0,1,0.2888356785470216,37
2572,0,4299,2065,2234,0,0,0,1.0,1,1.0,1,1.0,1,0.28123227677264795,39
2573,0,4299,2065,2234,0,0,0,1.0,1,1.0,1,1.0,1,0.28123227677264795,39
2574,0,4299,2065,2234,0,0,0,1.0,1,1.0,1,1.0,1,0.30616638292047765,38
2575,0,4299,2065,2234,0,0,0,1.0,1,1.0,1,1.0,1,0.30616638292047765,38
2576,0,4299,2065,2234,0,0,0,1.0,1,1.0,1,1.0,1,0.3204330917229075,37
2577,0,4299,2065,2234,0,0,0,1.0,1,1.0,1,1.0,1,0.3289324437298261,39
2578,2,4301,2065,2236,0,0,0,1.0,1,1.0,1,1.0,1,0.3230216265798946,40
2579,1,4302,2065,2237,0,0,0,1.0,1,1.0,1,1.0,1,0.2998846243022432,41
2580,2,4304,2065,2239,0,0,0,1.0,1,1.0,1,1.0,1,0.28736246191388587,42
2581,2,4306,2065,2241,0,0,0,1.0,1,1.0,1,1.0,1,0.2550464214094293,43
2582,1,4307,2066,2241,0,0,0,1.0,1,1.0,1,1.0,1,0.2800455459620816,43
2583,3,4310,2067,2243,0,0,0,1.0,1,1.0,1,1.0,1,0.297240624342978,43
2584,1,4311,2067,2244,0,0,0,1.0,1,1.0,1,1.0,1,0.25539079297478706,43
2585,2,4313,2068,2245,0,0,0,1.0,1,1.0,1,1.0,1,0.29060541894344966,44
2586,2,4315,2068,2247,0,0,0,1.0,1,1.0,1,1.0,1,0.21071283097550517,43
2587,2,4317,2069,2248,0,0,0,1.0,1,1.0,1,1.0,1,0.2185495153520256,44
2588,0,4317,2069,2248,0,0,0,1.0,1,1.0,1,1.0,1,0.2185495153520256,44
2589,6,4323,2071,2252,0,0,0,1.0,1,1.0,1,1.0,1,0.19344371823528347,44
2590,0,4323,2071,2252,0,0,0,1.0,1,1.0,1,1.0,1,0.19344371823528347,44
2591,2,4325,2071,2254,0,0,0,1.0,1,1.0,1,1.0,1,0.15650565827189208,44
2592,2,4327,2072,2255,0,0,0,1.0,1,1.0,1,1.0,1,0.16670822926232262,44
2593,1,4328,2073,2255,0,0,0,1.0,1,1.0,1,1.0,1,0.15534679800009613,43
2594,1,4329,2074,2255,0,0,0,1.0,1,1.0,1,1.0,1,0.19900468607026633,48
2595,1,4330,2075,2255,0,0,0,1.0,1,1.0,1,1.0,1,0.16744867793851287,45
2596,2,4332,2077,2255,0,0,0,1.0,1,1.0,1,1.0,1,0.20036522956985622,46
2597,2,4334,2078,2256,0,0,0,1.0,1,1.0,1,1.0,1,0.1721344476100867,45
2598,1,4335,2079,2256,0,0,0,1.0,1,1.0,1,1.0,1,0.2086016834990454,45
2599,1,4336,2080,2256,0,0,0,1.0,1,1.0,1,1.0,1,0.20680260367696834,45
2600,4,4340,2082,2258,0,0,0,1.0,1,1.0,1,1.0,1,0.22882796262374733,48
2601,9,4349,2083,2266,0,0,0,1.0,1,1.0,1,1.0,1,0.13514447973654495,47
2602,1,4350,2083,2267,0,0,0,1.0,1,1.0,1,1.0,1,0.13507527257642904,48
2603,0,4350,2083,2267,0,0,0,1.0,1,1.0,1,1.0,1,0.13507527257642904,48
2604,0,4350,2083,2267,0,0,0,1.0,1,1.0,1,1.0,1,0.15569351026081982,47
2605,3,4353,2085,2268,0,0,0,1.0,1,1.0,1,1.0,1,0.19552235818832767,47
2606,0,4353,2085,2268,0,0,0,1.0,1,1.0,1,1.0,1,0.18690446877809383,46
2607,0,4353,2085,2268,0,0,0,1.0,1,1.0,1,1.0,1,0.21866564530335184,45
2608,2,4355,2086,2269,0,0,0,1.0,1,1.0,1,1.0,1,0.21793630808593573,45
2609,1,4356,2086,2270,0,0,0,1.0,1,1.0,1,1.0,1,0.213970325221496,44
2610,1,4357,2087,2270,0,0,0,1.0,1,1.0,1,1.0,1,0.20262301728152748,45
2611,4,4361,2090,2271,0,0,0,1.0,1,1.0,1,1.0,1,0.2018219975293165,46
2612,2,4363,2091,2272,0,0,0,1.0,1,1.0,1,1.0,1,0.21112410194693684,47
2613,3,4366,2092,2274,0,0,0,1.0,1,1.0,1,1.0,1,0.21969707064711377,48
2614,3,4369,2094,2275,0,0,0,1.0,1,1.0,1,1.0,1,0.27088727275800306,48
2615,3,4372,2096,2276,0,0,0,1.0,1,1.0,1,1.0,1,0.24764138880541828,49
2616,1,4373,2096,2277,0,0,0,1.0,1,1.0,1,1.0,1,0.24283145314673,49
2617,4,4377,2096,2281,0,0,0,1.0,1,1.0,1,1.0,1,0.20459104291637648,48
2618,2,4379,2096,2283,0,0,0,1.0,1,1.0,1,1.0,1,0.2117621680126947,47
2619,1,4380,2096,2284,0,0,0,1.0,1,1.0,1,1.0,1,0.19887184988374623,50
2620,2,4382,2097,2285,0,0,0,1.0,1,1.0,1,1.0,1,0.18177369310052366,51
2621,2,4384,2099,2285,0,0,0,1.0,1,1.0,1,1.0,1,0.14227305424061698,52
2622,1,4385,2100,2285,0,0,0,1.0,1,1.0,1,1.0,1,0.12772537799558137,52
2623,4,4389,2103,2286,0,0,0,1.0,1,1.0,1,1.0,1,0.1848286851330619,53
2624,2,4391,2105,2286,0,0,0,1.0,1,1.0,1,1.0,1,0.22432533556827042,51
2625,3,4394,2108,2286,0,0,0,1.0,1,1.0,1,1.0,1,0.23214838704371357,50
2626,3,4397,2109,2288,0,0,0,1.0,1,1.0,1,1.0,1,0.21934535965694354,49
2627,2,4399,2110,2289,0,0,0,1.0,1,1.0,1,1.0,1,0.1836902816157289,48
2628,1,4400,2111,2289,0,0,0,1.0,1,1.0,1,1.0,1,0.19688450876003974,48
2629,0,4400,2111,2289,0,0,0,1.0,1,1.0,1,1.0,1,0.17039001523264316,47
2630,0,4400,2111,2289,0,0,0,1.0,1,1.0,1,1.0,1,0.20527119109011402,47
2631,4,4404,2112,2292,0,0,0,1.0,1,1.0,1,1.0,1,0.16930637441215948,47
2632,2,4406,2113,2293,0,0,0,1.0,1,1.0,1,1.0,1,0.1381768731725413,47
2633,0,4406,2113,2293,0,0,0,1.0,1,1.0,1,1.0,1,0.1262662316448707,44
2634,1,4407,2114,2293,0,0,0,1.0,1,1.0,1,1.0,1,0.15838646793190636,44
2635,3,4410,2116,2294,0,0,0,1.0,1,1.0,1,1.0,1,0.20552212777320042,45
2636,3,4413,2119,2294,0,0,0,1.0,1,1.0,1,1.0,1,0.2503463972108313,40
2637,5,4418,2123,2295,0,0,0,1.0,1,1.0,1,1.0,1,0.2993443630556523,41
2638,3,4421,2125,2296,0,0,0,1.0,1,1.0,1,1.0,1,0.3282819603617193,38
2639,0,4421,2125,2296,0,0,0,1.0,1,1.0,1,1.0,1,0.3320347786781195,39
2640,4,4425,2127,2298,0,0,0,1.0,1,1.0,1,1.0,1,0.3908411191771663,38
2641,10,4435,2129,2306,0,0,0,1.0,1,1.0,1,1.0,1,0.1769773142599592,37
2642,5,4440,2132,2308,0,0,0,1.0,1,1.0,1,1.0,1,0.2350627210619144,38
2643,0,4440,2132,2308,0,0,0,1.0,1,1.0,1,1.0,1,0.22858159214187013,37
2644,1,4441,2133,2308,0,0,0,1.0,1,1.0,1,1.0,1,0.2264876268875914,36
2645,1,4442,2134,2308,0,0,0,1.0,1,1.0,1,1.0,1,0.2684745156515621,35
2646,1,4443,2135,2308,0,0,0,1.0,1,1.0,1,1.0,1,0.28723855478204946,35
2647,1,4444,2136,2308,0,0,0,1.0,1,1.0,1,1.0,1,0.24294760804475968,35
2648,0,4444,2136,2308,0,0,0,1.0,1,1.0,1,1.0,1,0.24226838594284708,36
2649,2,4446,2137,2309,0,0,0,1.0,1,1.0,1,1.0,1,0.21857643231022342,37
2650,0,4446,2137,2309,0,0,0,1.0,1,1.0,1,1.0,1,0.2274747647576598,39
2651,2,4448,2138,2310,0,0,0,1.0,1,1.0,1,1.0,1,0.207963681736649,39
2652,0,4448,2138,2310,0,0,0,1.0,1,1.0,1,1.0,1,0.207963681736649,39
2653,0,4448,2138,2310,0,0,0,1.0,1,1.0,1,1.0,1,0.207963681736649,39
2654,0,4448,2138,2310,0,0,0,1.0,1,1.0,1,1.0,1,0.22137410769454233,40
2655,0,4448,2138,2310,0,0,0,1.0,1,1.0,1,1.0,1,0.22137410769454233,40
2656,0,4448,2138,2310,0,0,0,1.0,1,1.0,1,1.0,1,0.24072948021474272,39
2657,3,4451,2138,2313,0,0,0,1.0,1,1.0,1,1.0,1,0.1963335747313775,40
2658,1,4452,2139,2313,0,0,0,1.0,1,1.0,1,1.0,1,0.2761483647506595,41
2659,2,4454,2140,2314,0,0,0,1.0,1,1.0,1,1.0,1,0.26749026096273276,41
2660,0,4454,2140,2314,0,0,0,1.0,1,1.0,1,1.0,1,0.27798573053285486,40
2661,2,4456,2141,2315,0,0,0,1.0,1,1.0,1,1.0,1,0.268330515724753,40
2662,5,4461,2143,2318,0,0,0,1.0,1,1.0,1,1.0,1,0.2387724769337335,42
2663,1,4462,2144,2318,0,0,0,1.0,1,1.0,1,1.0,1,0.2206897614768979,41
2664,4,4466,2145,2321,0,0,0,1.0,1,1.0,1,1.0,1,0.15688813948110397,42
2665,1,4467,2145,2322,0,0,0,1.0,1,1.0,1,1.0,1,0.13723606619963616,43
2666,1,4468,2146,2322,0,0,0,1.0,1,1.0,1,1.0,1,0.14149614755604725,44
2667,3,4471,2149,2322,0,0,0,1.0,1,1.0,1,1.0,1,0.20848157398207376,42
2668,1,4472,2150,2322,0,0,0,1.0,1,1.0,1,1.0,1,0.2313830293051049,41
2669,1,4473,2151,2322,0,0,0,1.0,1,1.0,1,1.0,1,0.2627680068029274,42
2670,1,4474,2152,2322,0,0,0,1.0,1,1.0,1,1.0,1,0.33923206004328466,40
2671,2,4476,2154,2322,0,0,0,1.0,1,1.0,1,1.0,1,0.34112215303598176,39
2672,0,4476,2154,2322,0,0,0,1.0,1,1.0,1,1.0,1,0.33801966429391683,36
2673,3,4479,2155,2324,0,0,0,1.0,1,1.0,1,1.0,1,0.3096614753647939,35
2674,2,4481,2155,2326,0,0,0,1.0,1,1.0,1,1.0,1,0.21044464361994666,33
2675,0,4481,2155,2326,0,0,0,1.0,1,1.0,1,1.0,1,0.1976298491288865,34
2676,1,4482,2156,2326,0,0,0,1.0,1,1.0,1,1.0,1,0.16696836646690297,32
2677,2,4484,2158,2326,0,0,0,1.0,1,1.0,1,1.0,1,0.2217501019653135,33
2678,1,4485,2159,2326,0,0,0,1.0,1,1.0,1,1.0,1,0.21879793327982763,33
2679,2,4487,2160,2327,0,0,0,1.0,1,1.0,1,1.0,1,0.31785146385870067,32
2680,1,4488,2161,2327,0,0,0,1.0,1,1.0,1,1.0,1,0.33240288816329755,32
2681,0,4488,2161,2327,0,0,0,1.0,1,1.0,1,1.0,1,0.3084588014035783,32
2682,2,4490,2163,2327,0,0,0,1.0,1,1.0,1,1.0,1,0.3079098062979339,33
2683,0,4490,2163,2327,0,0,0,1.0,1,1.0,1,1.0,1,0.2852240368958023,32
2684,0,4490,2163,2327,0,0,0,1.0,1,1.0,1,1.0,1,0.29475384284380224,31
2685,2,4492,2163,2329,0,0,0,1.0,1,1.0,1,1.0,1,0.231525658637905,31
2686,0,4492,2163,2329,0,0,0,1.0,1,1.0,1,1.0,1,0.2696656809707738,30
2687,0,4492,2163,2329,0,0,0,1.0,1,1.0,1,1.0,1,0.2696656809707738,30
2688,4,4496,2164,2332,0,0,0,1.0,1,1.0,1,1.0,1,0.23206153712325,30
2689,2,4498,2165,2333,0,0,0,1.0,1,1.0,1,1.0,1,0.2660972353923088,31
2690,3,4501,2168,2333,0,0,0,1.0,1,1.0,1,1.0,1,0.24210640453929336,31
2691,3,4504,2170,2334,0,0,0,1.0,1,1.0,1,1.0,1,0.2882817713197908,32
2692,2,4506,2171,2335,0,0,0,1.0,1,1.0,1,1.0,1,0.27903536260130446,32
2693,2,4508,2172,2336,0,0,0,1.0,1,1.0,1,1.0,1,0.2554416422815562,33
2694,0,4508,2172,2336,0,0,0,1.0,1,1.0,1,1.0,1,0.2685402019323187,34
2695,1,4509,2172,2337,0,0,0,1.0,1,1.0,1,1.0,1,0.2590630697400261,35
2696,0,4509,2172,2337,0,0,0,1.0,1,1.0,1,1.0,1,0.2590630697400261,35
2697,0,4509,2172,2337,0,0,0,1.0,1,1.0,1,1.0,1,0.2590630697400261,35
2698,0,4509,2172,2337,0,0,0,1.0,1,1.0,1,1.0,1,0.2443197643866261,36
2699,3,4512,2173,2339,0,0,0,1.0,1,1.0,1,1.0,1,0.17146875546832654,36
2700,1,4513,2174,2339,0,0,0,1.0,1,1.0,1,1.0,1,0.1679717459349418,37
2701,2,4515,2175,2340,0,0,0,1.0,1,1.0,1,1.0,1,0.1664252917715403,37
2702,3,4518,2177,2341,0,0,0,1.0,1,1.0,1,1.0,1,0.20584977019134115,37
2703,2,4520,2178,2342,0,0,0,1.0,1,1.0,1,1.0,1,0.1897131735866095,38
2704,1,4521,2179,2342,0,0,0,1.0,1,1.0,1,1.0,1,0.24816672031904619,37
2705,2,4523,2180,2343,0,0,0,1.0,1,1.0,1,1.0,1,0.23081466353079572,36
2706,1,4524,2181,2343,0,0,0,1.0,1,1.0,1,1.0,1,0.2740384053260621,36
2707,1,4525,2182,2343,0,0,0,1.0,1,1.0,1,1.0,1,0.29567111834956733,35
2708,3,4528,2185,2343,0,0,0,1.0,1,1.0,1,1.0,1,0.3745738585514855,36
2709,3,4531,2187,2344,0,0,0,1.0,1,1.0,1,1.0,1,0.31498339576840156,32
2710,1,4532,2188,2344,0,0,0,1.0,1,1.0,1,1.0,1,0.3044886716637721,29
2711,4,4536,2189,2347,0,0,0,1.0,1,1.0,1,1.0,1,0.20617267518356233,29
2712,1,4537,2190,2347,0,0,0,1.0,1,1.0,1,1.0,1,0.32257636520343347,28
2713,1,4538,2190,2348,0,0,0,1.0,1,1.0,1,1.0,1,0.29426196140117666,28
2714,2,4540,2192,2348,0,0,0,1.0,1,1.0,1,1.0,1,0.3153230708549059,26
2715,1,4541,2193,2348,0,0,0,1.0,1,1.0,1,1.0,1,0.31278961232843044,24
2716,0,4541,2193,2348,0,0,0,1.0,1,1.0,1,1.0,1,0.31519710162903597,24
2717,5,4546,2196,2350,0,0,0,1.0,1,1.0,1,1.0,1,0.3880290177144916,25
2718,3,4549,2196,2353,0,0,0,1.0,1,1.0,1,1.0,1,0.39149115551825203,25
2719,4,4553,2198,2355,0,0,0,1.0,1,1.0,1,1.0,1,0.33810293048818674,25
2720,2,4555,2199,2356,0,0,0,1.0,1,1.0,1,1.0,1,0.383268249417235,25
2721,4,4559,2202,2357,0,0,0,1.0,1,1.0,1,1.0,1,0.2818150637497086,25
2722,1,4560,2203,2357,0,0,0,1.0,1,1.0,1,1.0,1,0.2558789277658156,26
2723,0,4560,2203,2357,0,0,0,1.0,1,1.0,1,1.0,1,0.2558789277658156,26
2724,2,4562,2204,2358,0,0,0,1.0,1,1.0,1,1.0,1,0.23371469358501978,27
2725,0,4562,2204,2358,0,0,0,1.0,1,1.0,1,1.0,1,0.2382515300525509,28
2726,1,4563,2205,2358,0,0,0,1.0,1,1.0,1,1.0,1,0.22822723851898122,28
2727,1,4564,2205,2359,0,0,0,1.0,1,1.0,1,1.0,1,0.15836599807903848,29
2728,1,4565,2206,2359,0,0,0,1.0,1,1.0,1,1.0,1,0.2160942366941089,29
2729,0,4565,2206,2359,0,0,0,1.0,1,1.0,1,1.0,1,0.20742817824834625,29
2730,0,4565,2206,2359,0,0,0,1.0,1,1.0,1,1.0,1,0.20742817824834625,29
2731,0,4565,2206,2359,0,0,0,1.0,1,1.0,1,1.0,1,0.21774097443803062,30
2732,2,4567,2208,2359,0,0,0,1.0,1,1.0,1,1.0,1,0.24946933412597974,29
2733,0,4567,2208,2359,0,0,0,1.0,1,1.0,1,1.0,1,0.24946933412597974,29
2734,0,4567,2208,2359,0,0,0,1.0,1,1.0,1,1.0,1,0.24946933412597974,29
2735,0,4567,2208,2359,0,0,0,1.0,1,1.0,1,1.0,1,0.24946933412597974,29
2736,2,4569,2209,2360,0,0,0,1.0,1,1.0,1,1.0,1,0.2557544023120821,30
2737,0,4569,2209,2360,0,0,0,1.0,1,1.0,1,1.0,1,0.2839624416882423,30
2738,2,4571,2211,2360,0,0,0,1.0,1,1.0,1,1.0,1,0.3436901917470405,30
2739,2,4573,2211,2362,0,0,0,1.0,1,1.0,1,1.0,1,0.3611457030848162,29
2740,1,4574,2212,2362,0,0,0,1.0,1,1.0,1,1.0,1,0.3757487319595192,29
2741,2,4576,2212,2364,0,0,0,1.0,1,1.0,1,1.0,1,0.36474988621949145,28
2742,2,4578,2213,2365,0,0,0,1.0,1,1.0,1,1.0,1,0.3709881354065982,28
2743,4,4582,2213,2369,0,0,0,1.0,1,1.0,1,1.0,1,0.2808971100889833,29
2744,1,4583,2214,2369,0,0,0,1.0,1,1.0,1,1.0,1,0.2711139250043886,27
2745,1,4584,2215,2369,0,0,0,1.0,1,1.0,1,1.0,1,0.28759432116190464,25
2746,2,4586,2217,2369,0,0,0,1.0,1,1.0,1,1.0,1,0.35700968647907244,25
2747,1,4587,2218,2369,0,0,0,1.0,1,1.0,1,1.0,1,0.38792936088948016,23
2748,2,4589,2219,2370,0,0,0,1.0,1,1.0,1,1.0,1,0.3914613528430757,22
2749,0,4589,2219,2370,0,0,0,1.0,1,1.0,1,1.0,1,0.41131449653484464,19
2750,0,4589,2219,2370,0,0,0,1.0,1,1.0,1,1.0,1,0.39164126101200963,18
2751,0,4589,2219,2370,0,0,0,1.0,1,1.0,1,1.0,1,0.3979638398262083,16
2752,0,4589,2219,2370,0,0,0,1.0,1,1.0,1,1.0,1,0.4479817566775091,15
2753,0,4589,2219,2370,0,0,0,1.0,1,1.0,1,1.0,1,0.4479817566775091,15
2754,0,4589,2219,2370,0,0,0,1.0,1,1.0,1,1.0,1,0.4479817566775091,15
2755,0,4589,2219,2370,0,0,0,1.0,1,1.0,1,1.0,1,0.4479817566775091,15
2756,0,4589,2219,2370,0,0,0,1.0,1,1.0,1,1.0,1,0.4290704467268759,16
2757,0,4589,2219,2370,0,0,0,1.0,1,1.0,1,1.0,1,0.39239027289157014,17
2758,0,4589,2219,2370,0,0,0,1.0,1,1.0,1,1.0,1,0.39239027289157014,17
2759,0,4589,2219,2370,0,0,0,1.0,1,1.0,1,1.0,1,0.3998378856610339,18
2760,0,4589,2219,2370,0,0,0,1.0,1,1.0,1,1.0,1,0.3998378856610339,18
2761,1,4590,2219,2371,0,0,0,1.0,1,1.0,1,1.0,1,0.3662835238853548,18
2762,0,4590,2219,2371,0,0,0,1.0,1,1.0,1,1.0,1,0.3662835238853548,18
2763,1,4591,2219,2372,0,0,0,1.0,1,1.0,1,1.0,1,0.31505398397744816,17
2764,2,4593,2221,2372,0,0,0,1.0,1,1.0,1,1.0,1,0.4605829941336416,17
2765,1,4594,2221,2373,0,0,0,1.0,1,1.0,1,1.0,1,0.40486729847151776,18
2766,0,4594,2221,2373,0,0,0,1.0,1,1.0,1,1.0,1,0.40486729847151776,18
2767,0,4594,2221,2373,0,0,0,1.0,1,1.0,1,1.0,1,0.40486729847151776,18
2768,0,4594,2221,2373,0,0,0,1.0,1,1.0,1,1.0,1,0.40486729847151776,18
2769,1,4595,2222,2373,0,0,0,1.0,1,1.0,1,1.0,1,0.3557208320821185,18
2770,1,4596,2223,2373,0,0,0,1.0,1,1.0,1,1.0,1,0.3465060936107102,18
2771,0,4596,2223,2373,0,0,0,1.0,1,1.0,1,1.0,1,0.3465060936107102,18
2772,0,4596,2223,2373,0,0,0,1.0,1,1.0,1,1.0,1,0.3465060936107102,18
2773,0,4596,2223,2373,0,0,0,1.0,1,1.0,1,1.0,1,0.3465060936107102,18
2774,2,4598,2223,2375,0,0,0,1.0,1,1.0,1,1.0,1,0.3124103501319238,20
2775,0,4598,2223,2375,0,0,0,1.0,1,1.0,1,1.0,1,0.28803882634546285,21
2776,1,4599,2224,2375,0,0,0,1.0,1,1.0,1,1.0,1,0.34725250551078607,21
2777,0,4599,2224,2375,0,0,0,1.0,1,1.0,1,1.0,1,0.33267840734338494,22
2778,2,4601,2225,2376,0,0,0,1.0,1,1.0,1,1.0,1,0.3527852558281553,24
2779,1,4602,2226,2376,0,0,0,1.0,1,1.0,1,1.0,1,0.38309667675562314,24
2780,0,4602,2226,2376,0,0,0,1.0,1,1.0,1,1.0,1,0.38309667675562314,24
2781,0,4602,2226,2376,0,0,0,1.0,1,1.0,1,1.0,1,0.38309667675562314,24
2782,1,4603,2226,2377,0,0,0,1.0,1,1.0,1,1.0,1,0.34046110274346286,24
2783,1,4604,2227,2377,0,0,0,1.0,1,1.0,1,1.0,1,0.3549512040067161,24
2784,4,4608,2229,2379,0,0,0,1.0,1,1.0,1,1.0,1,0.3426621382306571,24
2785,0,4608,2229,2379,0,0,0,1.0,1,1.0,1,1.0,1,0.29394132799117667,22
2786,0,4608,2229,2379,0,0,0,1.0,1,1.0,1,1.0,1,0.3572911677485475,22
2787,1,4609,2229,2380,0,0,0,1.0,1,1.0,1,1.0,1,0.28983202847489864,21
2788,0,4609,2229,2380,0,0,0,1.0,1,1.0,1,1.0,1,0.26321433900445884,20
2789,1,4610,2230,2380,0,0,0,1.0,1,1.0,1,1.0,1,0.3274854722082958,20
2790,0,4610,2230,2380,0,0,0,1.0,1,1.0,1,1.0,1,0.3481849499874203,21
2791,1,4611,2231,2380,0,0,0,1.0,1,1.0,1,1.0,1,0.3734751059286125,21
2792,0,4611,2231,2380,0,0,0,1.0,1,1.0,1,1.0,1,0.3734751059286125,21
2793,0,4611,2231,2380,0,0,0,1.0,1,1.0,1,1.0,1,0.40082642575051053,18
2794,0,4611,2231,2380,0,0,0,1.0,1,1.0,1,1.0,1,0.40082642575051053,18
2795,1,4612,2231,2381,0,0,0,1.0,1,1.0,1,1.0,1,0.32581603308692386,20
2796,1,4613,2232,2381,0,0,0,1.0,1,1.0,1,1.0,1,0.2966463949982836,21
2797,0,4613,2232,2381,0,0,0,1.0,1,1.0,1,1.0,1,0.2966463949982836,21
2798,0,4613,2232,2381,0,0,0,1.0,1,1.0,1,1.0,1,0.2966463949982836,21
2799,0,4613,2232,2381,0,0,0,1.0,1,1.0,1,1.0,1,0.3089501501155969,22
2800,0,4613,2232,2381,0,0,0,1.0,1,1.0,1,1.0,1,0.3089501501155969,22
2801,1,4614,2233,2381,0,0,0,1.0,1,1.0,1,1.0,1,0.33227241949282027,22
2802,0,4614,2233,2381,0,0,0,1.0,1,1.0,1,1.0,1,0.33227241949282027,22
2803,2,4616,2234,2382,0,0,0,1.0,1,1.0,1,1.0,1,0.34035337514584896,22
2804,1,4617,2234,2383,0,0,0,1.0,1,1.0,1,1.0,1,0.33430966014927666,23
2805,0,4617,2234,2383,0,0,0,1.0,1,1.0,1,1.0,1,0.33430966014927666,23
2806,0,4617,2234,2383,0,0,0,1.0,1,1.0,1,1.0,1,0.33430966014927666,23
2807,0,4617,2234,2383,0,0,0,1.0,1,1.0,1,1.0,1,0.3259972974979267,24
2808,0,4617,2234,2383,0,0,0,1.0,1,1.0,1,1.0,1,0.3259972974979267,24
2809,2,4619,2235,2384,0,0,0,1.0,1,1.0,1,1.0,1,0.36608517002508034,25
2810,0,4619,2235,2384,0,0,0,1.0,1,1.0,1,1.0,1,0.3610848033136115,24
2811,1,4620,2235,2385,0,0,0,1.0,1,1.0,1,1.0,1,0.34306472649795916,26
2812,0,4620,2235,2385,0,0,0,1.0,1,1.0,1,1.0,1,0.34306472649795916,26
2813,2,4622,2235,2387,0,0,0,1.0,1,1.0,1,1.0,1,0.2818372590076086,27
2814,3,4625,2236,2389,0,0,0,1.0,1,1.0,1,1.0,1,0.3096253321853636,29
2815,0,4625,2236,2389,0,0,0,1.0,1,1.0,1,1.0,1,0.3096253321853636,29
2816,0,4625,2236,2389,0,0,0,1.0,1,1.0,1,1.0,1,0.3221959644947119,29
2817,1,4626,2236,2390,0,0,0,1.0,1,1.0,1,1.0,1,0.3027029144706818,29
2818,0,4626,2236,2390,0,0,0,1.0,1,1.0,1,1.0,1,0.36449872168485636,29
2819,0,4626,2236,2390,0,0,0,1.0,1,1.0,1,1.0,1,0.3844035615651403,30
2820,2,4628,2237,2391,0,0,0,1.0,1,1.0,1,1.0,1,0.3746988047992611,30
2821,3,4631,2239,2392,0,0,0,1.0,1,1.0,1,1.0,1,0.3866705548801802,31
2822,5,4636,2242,2394,0,0,0,1.0,1,1.0,1,1.0,1,0.34199929012420666,30
2823,2,4638,2244,2394,0,0,0,1.0,1,1.0,1,1.0,1,0.2946775483692107,27
2824,0,4638,2244,2394,0,0,0,1.0,1,1.0,1,1.0,1,0.2941037043836062,28
2825,3,4641,2246,2395,0,0,0,1.0,1,1.0,1,1.0,1,0.2742685899450591,28
2826,1,4642,2247,2395,0,0,0,1.0,1,1.0,1,1.0,1,0.31749629457457473,27
2827,2,4644,2248,2396,0,0,0,1.0,1,1.0,1,1.0,1,0.3663372803166881,28
2828,3,4647,2248,2399,0,0,0,1.0,1,1.0,1,1.0,1,0.335413705332654,28
2829,2,4649,2249,2400,0,0,0,1.0,1,1.0,1,1.0,1,0.28435781898374285,27
2830,0,4649,2249,2400,0,0,0,1.0,1,1.0,1,1.0,1,0.28435781898374285,27
2831,0,4649,2249,2400,0,0,0,1.0,1,1.0,1,1.0,1,0.28435781898374285,27
2832,1,4650,2249,2401,0,0,0,1.0,1,1.0,1,1.0,1,0.30068859810648424,27
2833,0,4650,2249,2401,0,0,0,1.0,1,1.0,1,1.0,1,0.2765161668881324,26
2834,2,4652,2251,2401,0,0,0,1.0,1,1.0,1,1.0,1,0.2253615120738484,26
2835,0,4652,2251,2401,0,0,0,1.0,1,1.0,1,1.0,1,0.255496926919413,25
2836,3,4655,2253,2402,0,0,0,1.0,1,1.0,1,1.0,1,0.23939425270632667,27
2837,0,4655,2253,2402,0,0,0,1.0,1,1.0,1,1.0,1,0.2742595218183321,27
2838,0,4655,2253,2402,0,0,0,1.0,1,1.0,1,1.0,1,0.2742595218183321,27
2839,1,4656,2254,2402,0,0,0,1.0,1,1.0,1,1.0,1,0.316434182854058,29
2840,1,4657,2255,2402,0,0,0,1.0,1,1.0,1,1.0,1,0.331663855681588,29
2841,4,4661,2255,2406,0,0,0,1.0,1,1.0,1,1.0,1,0.22302689820864827,31
2842,0,4661,2255,2406,0,0,0,1.0,1,1.0,1,1.0,1,0.22302689820864827,31
2843,2,4663,2255,2408,0,0,0,1.0,1,1.0,1,1.0,1,0.20372803058922803,32
2844,1,4664,2256,2408,0,0,0,1.0,1,1.0,1,1.0,1,0.24169136947359057,33
2845,2,4666,2256,2410,0,0,0,1.0,1,1.0,1,1.0,1,0.24364600240107598,32
2846,0,4666,2256,2410,0,0,0,1.0,1,1.0,1,1.0,1,0.2601542105690896,33
2847,0,4666,2256,2410,0,0,0,1.0,1,1.0,1,1.0,1,0.28767858239692284,32
2848,1,4667,2257,2410,0,0,0,1.0,1,1.0,1,1.0,1,0.32528084728492807,33
2849,4,4671,2257,2414,0,0,0,1.0,1,1.0,1,1.0,1,0.3387852397603699,34
2850,4,4675,2259,2416,0,0,0,1.0,1,1.0,1,1.0,1,0.24454247285647573,34
2851,2,4677,2259,2418,0,0,0,1.0,1,1.0,1,1.0,1,0.19199412004078856,34
2852,4,4681,2263,2418,0,0,0,1.0,1,1.0,1,1.0,1,0.15740653276870853,35
2853,0,4681,2263,2418,0,0,0,1.0,1,1.0,1,1.0,1,0.18068582803194777,36
2854,0,4681,2263,2418,0,0,0,1.0,1,1.0,1,1.0,1,0.20660516577447277,37
2855,5,4686,2265,2421,0,0,0,1.0,1,1.0,1,1.0,1,0.14182589759461706,38
2856,0,4686,2265,2421,0,0,0,1.0,1,1.0,1,1.0,1,0.14182589759461706,38
2857,3,4689,2266,2423,0,0,0,1.0,1,1.0,1,1.0,1,0.11579304551733131,39
2858,1,4690,2267,2423,0,0,0,1.0,1,1.0,1,1.0,1,0.12432602823797043,40
2859,1,4691,2268,2423,0,0,0,1.0,1,1.0,1,1.0,1,0.1656336081609511,40
2860,0,4691,2268,2423,0,0,0,1.0,1,1.0,1,1.0,1,0.1656336081609511,40
2861,2,4693,2269,2424,0,0,0,1.0,1,1.0,1,1.0,1,0.158810901077973,38
2862,1,4694,2270,2424,0,0,0,1.0,1,1.0,1,1.0,1,0.182118450311207,38
2863,3,4697,2271,2426,0,0,0,1.0,1,1.0,1,1.0,1,0.22601593585928195,38
2864,4,4701,2275,2426,0,0,0,1.0,1,1.0,1,1.0,1,0.23830092350051904,36
2865,4,4705,2279,2426,0,0,0,1.0,1,1.0,1,1.0,1,0.29068084334221594,34
2866,2,4707,2280,2427,0,0,0,1.0,1,1.0,1,1.0,1,0.26792821619204354,31
2867,0,4707,2280,2427,0,0,0,1.0,1,1.0,1,1.0,1,0.257668401222118,30
2868,2,4709,2281,2428,0,0,0,1.0,1,1.0,1,1.0,1,0.27655979595679314,27
2869,2,4711,2282,2429,0,0,0,1.0,1,1.0,1,1.0,1,0.2756450470781102,27
2870,2,4713,2284,2429,0,0,0,1.0,1,1.0,1,1.0,1,0.2997128294771159,25
2871,2,4715,2285,2430,0,0,0,1.0,1,1.0,1,1.0,1,0.3279293382415448,25
2872,0,4715,2285,2430,0,0,0,1.0,1,1.0,1,1.0,1,0.39034471141488086,23
2873,1,4716,2286,2430,0,0,0,1.0,1,1.0,1,1.0,1,0.4502331627849961,24
2874,0,4716,2286,2430,0,0,0,1.0,1,1.0,1,1.0,1,0.4690590873868316,24
2875,1,4717,2286,2431,0,0,0,1.0,1,1.0,1,1.0,1,0.47384657264271374,23
2876,4,4721,2287,2434,0,0,0,1.0,1,1.0,1,1.0,1,0.4218716768026454,24
2877,1,4722,2288,2434,0,0,0,1.0,1,1.0,1,1.0,1,0.4584533511561264,24
2878,2,4724,2289,2435,0,0,0,1.0,1,1.0,1,1.0,1,0.3875587128677887,24
2879,2,4726,2291,2435,0,0,0,1.0,1,1.0,1,1.0,1,0.4514434882631358,25
2880,1,4727,2291,2436,0,0,0,1.0,1,1.0,1,1.0,1,0.4115791249484026,26
2881,1,4728,2291,2437,0,0,0,1.0,1,1.0,1,1.0,1,0.4028489466090617,26
2882,0,4728,2291,2437,0,0,0,1.0,1,1.0,1,1.0,1,0.38124591722250056,27
2883,1,4729,2291,2438,0,0,0,1.0,1,1.0,1,1.0,1,0.3313913671153171,28
2884,0,4729,2291,2438,0,0,0,1.0,1,1.0,1,1.0,1,0.3566110782877169,29
2885,1,4730,2291,2439,0,0,0,1.0,1,1.0,1,1.0,1,0.34602330851169666,31
2886,1,4731,2292,2439,0,0,0,1.0,1,1.0,1,1.0,1,0.3584625114859056,31
2887,0,4731,2292,2439,0,0,0,1.0,1,1.0,1,1.0,1,0.3517604106844053,33
2888,3,4734,2293,2441,0,0,0,1.0,1,1.0,1,1.0,1,0.31883105540291645,34
2889,0,4734,2293,2441,0,0,0,1.0,1,1.0,1,1.0,1,0.30643795855126005,35
2890,1,4735,2294,2441,0,0,0,1.0,1,1.0,1,1.0,1,0.324082698929997,35
2891,1,4736,2295,2441,0,0,0,1.0,1,1.0,1,1.0,1,0.3312957966369562,35
2892,2,4738,2297,2441,0,0,0,1.0,1,1.0,1,1.0,1,0.34706936073921474,35
2893,1,4739,2297,2442,0,0,0,1.0,1,1.0,1,1.0,1,0.34399460045088925,37
2894,0,4739,2297,2442,0,0,0,1.0,1,1.0,1,1.0,1,0.34399460045088925,37
2895,0,4739,2297,2442,0,0,0,1.0,1,1.0,1,1.0,1,0.34399460045088925,37
2896,0,4739,2297,2442,0,0,0,1.0,1,1.0,1,1.0,1,0.3571013764525556,38
2897,2,4741,2298,2443,0,0,0,1.0,1,1.0,1,1.0,1,0.3871671637409488,37
2898,1,4742,2298,2444,0,0,0,1.0,1,1.0,1,1.0,1,0.39487544625333687,38
2899,1,4743,2299,2444,0,0,0,1.0,1,1.0,1,1.0,1,0.39952863256112764,37
2900,0,4743,2299,2444,0,0,0,1.0,1,1.0,1,1.0,1,0.38136237058042244,36
2901,1,4744,2299,2445,0,0,0,1.0,1,1.0,1,1.0,1,0.3592345529715276,37
2902,1,4745,2300,2445,0,0,0,1.0,1,1.0,1,1.0,1,0.40722595150528174,35
2903,0,4745,2300,2445,0,0,0,1.0,1,1.0,1,1.0,1,0.40773979394732035,35
2904,0,4745,2300,2445,0,0,0,1.0,1,1.0,1,1.0,1,0.4196197422965683,33
2905,0,4745,2300,2445,0,0,0,1.0,1,1.0,1,1.0,1,0.4083206471493318,34
2906,2,4747,2302,2445,0,0,0,1.0,1,1.0,1,1.0,1,0.45132124598911183,34
2907,1,4748,2302,2446,0,0,0,1.0,1,1.0,1,1.0,1,0.43123991529097144,35
2908,1,4749,2302,2447,0,0,0,1.0,1,1.0,1,1.0,1,0.4221348032151443,36
2909,0,4749,2302,2447,0,0,0,1.0,1,1.0,1,1.0,1,0.4388253097539273,38
2910,0,4749,2302,2447,0,0,0,1.0,1,1.0,1,1.0,1,0.4388253097539273,38
2911,1,4750,2303,2447,0,0,0,1.0,1,1.0,1,1.0,1,0.45922860023326845,37
2912,1,4751,2303,2448,0,0,0,1.0,1,1.0,1,1.0,1,0.44924673115834046,37
2913,0,4751,2303,2448,0,0,0,1.0,1,1.0,1,1.0,1,0.4588849434048312,38
2914,3,4754,2303,2451,0,0,0,1.0,1,1.0,1,1.0,1,0.3770903271984383,38
2915,1,4755,2303,2452,0,0,0,1.0,1,1.0,1,1.0,1,0.37011121126272256,39
2916,1,4756,2304,2452,0,0,0,1.0,1,1.0,1,1.0,1,0.35914689921637566,40
2917,2,4758,2304,2454,0,0,0,1.0,1,1.0,1,1.0,1,0.32126269149287573,41
2918,2,4760,2305,2455,0,0,0,1.0,1,1.0,1,1.0,1,0.34132955458623326,41
2919,0,4760,2305,2455,0,0,0,1.0,1,1.0,1,1.0,1,0.34132955458623326,41
2920,1,4761,2305,2456,0,0,0,1.0,1,1.0,1,1.0,1,0.3598374488490369,43
2921,2,4763,2305,2458,0,0,0,1.0,1,1.0,1,1.0,1,0.34456875422340044,42
2922,0,4763,2305,2458,0,0,0,1.0,1,1.0,1,1.0,1,0.3307391072226424,43
2923,0,4763,2305,2458,0,0,0,1.0,1,1.0,1,1.0,1,0.3384073536976808,44
2924,1,4764,2306,2458,0,0,0,1.0,1,1.0,1,1.0,1,0.34872095009404575,45
2925,7,4771,2307,2464,0,0,0,1.0,1,1.0,1,1.0,1,0.2817591165747684,45
2926,1,4772,2307,2465,0,0,0,1.0,1,1.0,1,1.0,1,0.2648402392770174,47
2927,0,4772,2307,2465,0,0,0,1.0,1,1.0,1,1.0,1,0.2648402392770174,47
2928,2,4774,2308,2466,0,0,0,1.0,1,1.0,1,1.0,1,0.26508971543384974,48
2929,0,4774,2308,2466,0,0,0,1.0,1,1.0,1,1.0,1,0.26508971543384974,48
2930,0,4774,2308,2466,0,0,0,1.0,1,1.0,1,1.0,1,0.28261216724779475,50
2931,3,4777,2308,2469,0,0,0,1.0,1,1.0,1,1.0,1,0.24802638667781834,51
2932,0,4777,2308,2469,0,0,0,1.0,1,1.0,1,1.0,1,0.24802638667781834,51
2933,1,4778,2309,2469,0,0,0,1.0,1,1.0,1,1.0,1,0.2783187034248961,52
2934,1,4779,2310,2469,0,0,0,1.0,1,1.0,1,1.0,1,0.291765211592502,52
2935,0,4779,2310,2469,0,0,0,1.0,1,1.0,1,1.0,1,0.3036947617540676,51
2936,0,4779,2310,2469,0,0,0,1.0,1,1.0,1,1.0,1,0.29895557203363793,49
2937,0,4779,2310,2469,0,0,0,1.0,1,1.0,1,1.0,1,0.2975814204038735,50
2938,2,4781,2312,2469,0,0,0,1.0,1,1.0,1,1.0,1,0.3179071580489521,50
2939,1,4782,2312,2470,0,0,0,1.0,1,1.0,1,1.0,1,0.29534260778845606,51
2940,4,4786,2314,2472,0,0,0,1.0,1,1.0,1,1.0,1,0.2893514164757208,52
2941,2,4788,2314,2474,0,0,0,1.0,1,1.0,1,1.0,1,0.2714607635988625,53
2942,2,4790,2316,2474,0,0,0,1.0,1,1.0,1,1.0,1,0.2901821275600108,52
2943,2,4792,2318,2474,0,0,0,1.0,1,1.0,1,1.0,1,0.30835298899918206,51
2944,5,4797,2320,2477,0,0,0,1.0,1,1.0,1,1.0,1,0.2912498402256975,52
2945,2,4799,2321,2478,0,0,0,1.0,1,1.0,1,1.0,1,0.2561380812731291,50
2946,6,4805,2324,2481,0,0,0,1.0,1,1.0,1,1.0,1,0.2665391948319873,51
2947,5,4810,2326,2484,0,0,0,1.0,1,1.0,1,1.0,1,0.24140494202517843,50
2948,3,4813,2327,2486,0,0,0,1.0,1,1.0,1,1.0,1,0.23723254370330654,50
2949,2,4815,2327,2488,0,0,0,1.0,1,1.0,1,1.0,1,0.22728202188267957,49
2950,0,4815,2327,2488,0,0,0,1.0,1,1.0,1,1.0,1,0.24929556310554754,48
2951,6,4821,2328,2493,0,0,0,1.0,1,1.0,1,1.0,1,0.20168201099239486,48
2952,1,4822,2328,2494,0,0,0,1.0,1,1.0,1,1.0,1,0.202263583805435,46
2953,0,4822,2328,2494,0,0,0,1.0,1,1.0,1,1.0,1,0.202263583805435,46
2954,0,4822,2328,2494,0,0,0,1.0,1,1.0,1,1.0,1,0.22092029200215396,48
2955,0,4822,2328,2494,0,0,0,1.0,1,1.0,1,1.0,1,0.22092029200215396,48
2956,1,4823,2329,2494,0,0,0,1.0,1,1.0,1,1.0,1,0.24616182539028506,47
2957,5,4828,2331,2497,0,0,0,1.0,1,1.0,1,1.0,1,0.26752619878305883,48
2958,3,4831,2331,2500,0,0,0,1.0,1,1.0,1,1.0,1,0.25174649170102587,49
2959,2,4833,2331,2502,0,0,0,1.0,1,1.0,1,1.0,1,0.24912781246894547,49
2960,2,4835,2331,2504,0,0,0,1.0,1,1.0,1,1.0,1,0.22774792459982954,49
2961,6,4841,2333,2508,0,0,0,1.0,1,1.0,1,1.0,1,0.21591636850229443,51
2962,1,4842,2333,2509,0,0,0,1.0,1,1.0,1,1.0,1,0.2019675875055977,51
2963,1,4843,2334,2509,0,0,0,1.0,1,1.0,1,1.0,1,0.18551280879708007,51
2964,2,4845,2335,2510,0,0,0,1.0,1,1.0,1,1.0,1,0.1661382186939416,52
2965,1,4846,2335,2511,0,0,0,1.0,1,1.0,1,1.0,1,0.16021286125690382,53
2966,1,4847,2336,2511,0,0,0,1.0,1,1.0,1,1.0,1,0.15088436063452143,53
2967,0,4847,2336,2511,0,0,0,1.0,1,1.0,1,1.0,1,0.1771293183882721,53
2968,0,4847,2336,2511,0,0,0,1.0,1,1.0,1,1.0,1,0.18556647734002701,54
2969,2,4849,2337,2512,0,0,0,1.0,1,1.0,1,1.0,1,0.19554428373338528,55
2970,5,4854,2337,2517,0,0,0,1.0,1,1.0,1,1.0,1,0.1004888471274656,55
2971,0,4854,2337,2517,0,0,0,1.0,1,1.0,1,1.0,1,0.1004888471274656,55
2972,0,4854,2337,2517,0,0,0,1.0,1,1.0,1,1.0,1,0.1004888471274656,55
2973,0,4854,2337,2517,0,0,0,1.0,1,1.0,1,1.0,1,0.11189852374096997,55
2974,1,4855,2338,2517,0,0,0,1.0,1,1.0,1,1.0,1,0.11398568561387945,56
2975,0,4855,2338,2517,0,0,0,1.0,1,1.0,1,1.0,1,0.11490033042532061,55
2976,0,4855,2338,2517,0,0,0,1.0,1,1.0,1,1.0,1,0.1262728998968287,57
2977,0,4855,2338,2517,0,0,0,1.0,1,1.0,1,1.0,1,0.12438891300558033,59
2978,1,4856,2339,2517,0,0,0,1.0,1,1.0,1,1.0,1,0.14167805396009495,59
2979,0,4856,2339,2517,0,0,0,1.0,1,1.0,1,1.0,1,0.14167805396009495,59
2980,0,4856,2339,2517,0,0,0,1.0,1,1.0,1,1.0,1,0.14167805396009495,59
2981,3,4859,2342,2517,0,0,0,1.0,1,1.0,1,1.0,1,0.15556007731370128,59
2982,4,4863,2344,2519,0,0,0,1.0,1,1.0,1,1.0,1,0.1797039090091522,61
2983,8,4871,2350,2521,0,0,0,1.0,1,1.0,1,1.0,1,0.20090715698725858,61
2984,8,4879,2355,2524,0,0,0,1.0,1,1.0,1,1.0,1,0.27420348554527474,61
2985,8,4887,2359,2528,0,0,0,1.0,1,1.0,1,1.0,1,0.24302876118624572,57
2986,5,4892,2363,2529,0,0,0,1.0,1,1.0,1,1.0,1,0.25195116469994144,58
2987,6,4898,2365,2533,0,0,0,1.0,1,1.0,1,1.0,1,0.2706537839478296,56
2988,3,4901,2366,2535,0,0,0,1.0,1,1.0,1,1.0,1,0.24111020407095474,55
2989,3,4904,2369,2535,0,0,0,1.0,1,1.0,1,1.0,1,0.27266148043152305,53
2990,2,4906,2370,2536,0,0,0,1.0,1,1.0,1,1.0,1,0.21278984711719515,52
2991,4,4910,2370,2540,0,0,0,1.0,1,1.0,1,1.0,1,0.12837826626551027,54
2992,2,4912,2372,2540,0,0,0,1.0,1,1.0,1,1.0,1,0.14401769071535073,55
2993,1,4913,2372,2541,0,0,0,1.0,1,1.0,1,1.0,1,0.13295958265421653,53
2994,3,4916,2375,2541,0,0,0,1.0,1,1.0,1,1.0,1,0.1939721542607994,53
2995,2,4918,2376,2542,0,0,0,1.0,1,1.0,1,1.0,1,0.1489892376197422,51
2996,2,4920,2378,2542,0,0,0,1.0,1,1.0,1,1.0,1,0.16540191791979988,52
2997,4,4924,2380,2544,0,0,0,1.0,1,1.0,1,1.0,1,0.21809063752162577,50
2998,1,4925,2381,2544,0,0,0,1.0,1,1.0,1,1.0,1,0.2225141537043614,51
2999,2,4927,2381,2546,0,0,0,1.0,1,1.0,1,1.0,1,0.21378136885202056,48
3000,2,4929,2382,2547,0,0,0,1.0,1,1.0,1,1.0,1,0.20788312502253226,48
3001,2,4931,2382,2549,0,0,0,1.0,1,1.0,1,1.0,1,0.18107943112667615,49
3002,2,4933,2383,2550,0,0,0,1.0,1,1.0,1,1.0,1,0.17798656063174634,50
3003,0,4933,2383,2550,0,0,0,1.0,1,1.0,1,1.0,1,0.17798656063174634,50
3004,1,4934,2384,2550,0,0,0,1.0,1,1.0,1,1.0,1,0.1702046267863173,51
3005,0,4934,2384,2550,0,0,0,1.0,1,1.0,1,1.0,1,0.1840805127486555,50
3006,1,4935,2384,2551,0,0,0,1.0,1,1.0,1,1.0,1,0.18505237812345451,51
3007,1,4936,2384,2552,0,0,0,1.0,1,1.0,1,1.0,1,0.20601790843180134,51
3008,2,4938,2385,2553,0,0,0,1.0,1,1.0,1,1.0,1,0.22599142590855562,53
3009,2,4940,2385,2555,0,0,0,1.0,1,1.0,1,1.0,1,0.22905670448632656,52
3010,1,4941,2385,2556,0,0,0,1.0,1,1.0,1,1.0,1,0.2180632444235149,52
3011,5,4946,2385,2561,0,0,0,1.0,1,1.0,1,1.0,1,0.1693766501826646,51
3012,3,4949,2386,2563,0,0,0,1.0,1,1.0,1,1.0,1,0.1698158404888255,54
3013,2,4951,2388,2563,0,0,0,1.0,1,1.0,1,1.0,1,0.17248851102156756,52
3014,3,4954,2390,2564,0,0,0,1.0,1,1.0,1,1.0,1,0.16719453483640329,51
3015,2,4956,2391,2565,0,0,0,1.0,1,1.0,1,1.0,1,0.17319297137742434,50
3016,2,4958,2393,2565,0,0,0,1.0,1,1.0,1,1.0,1,0.21850929451415638,50
3017,4,4962,2397,2565,0,0,0,1.0,1,1.0,1,1.0,1,0.23141763791927258,48
3018,3,4965,2399,2566,0,0,0,1.0,1,1.0,1,1.0,1,0.24784006354091687,48
3019,3,4968,2402,2566,0,0,0,1.0,1,1.0,1,1.0,1,0.2645972100670579,47
3020,2,4970,2404,2566,0,0,0,1.0,1,1.0,1,1.0,1,0.2416490352154599,47
3021,3,4973,2405,2568,0,0,0,1.0,1,1.0,1,1.0,1,0.15520911038010052,46
3022,5,4978,2410,2568,0,0,0,1.0,1,1.0,1,1.0,1,0.22059444883413123,45
3023,1,4979,2411,2568,0,0,0,1.0,1,1.0,1,1.0,1,0.17312132580512243,41
3024,2,4981,2413,2568,0,0,0,1.0,1,1.0,1,1.0,1,0.21255685039823574,43
3025,2,4983,2414,2569,0,0,0,1.0,1,1.0,1,1.0,1,0.25430104252380226,39
3026,5,4988,2417,2571,0,0,0,1.0,1,1.0,1,1.0,1,0.29047957750792386,38
3027,3,4991,2418,2573,0,0,0,1.0,1,1.0,1,1.0,1,0.2491910294723884,38
3028,0,4991,2418,2573,0,0,0,1.0,1,1.0,1,1.0,1,0.25519374479449985,38
3029,0,4991,2418,2573,0,0,0,1.0,1,1.0,1,1.0,1,0.25659223718524504,37
3030,0,4991,2418,2573,0,0,0,1.0,1,1.0,1,1.0,1,0.2616489954838316,38
3031,4,4995,2419,2576,0,0,0,1.0,1,1.0,1,1.0,1,0.23154606819921195,39
3032,4,4999,2421,2578,0,0,0,1.0,1,1.0,1,1.0,1,0.20632039389542756,39
3033,0,4999,2421,2578,0,0,0,1.0,1,1.0,1,1.0,1,0.19752991844846793,39
3034,0,4999,2421,2578,0,0,0,1.0,1,1.0,1,1.0,1,0.20138493587295,38
3035,1,5000,2422,2578,0,0,0,1.0,1,1.0,1,1.0,1,0.2049892105211677,39
3036,1,5001,2422,2579,0,0,0,1.0,1,1.0,1,1.0,1,0.1886898124585547,39
3037,0,5001,2422,2579,0,0,0,1.0,1,1.0,1,1.0,1,0.2200909678933505,39
3038,1,5002,2423,2579,0,0,0,1.0,1,1.0,1,1.0,1,0.21051103542077054,40
3039,3,5005,2425,2580,0,0,0,1.0,1,1.0,1,1.0,1,0.18373227394543895,41
3040,2,5007,2427,2580,0,0,0,1.0,1,1.0,1,1.0,1,0.18709235761740226,42
3041,4,5011,2428,2583,0,0,0,1.0,1,1.0,1,1.0,1,0.18608810788664262,43
3042,3,5014,2430,2584,0,0,0,1.0,1,1.0,1,1.0,1,0.20574442689477299,45
3043,2,5016,2432,2584,0,0,0,1.0,1,1.0,1,1.0,1,0.2304456873651927,45
3044,2,5018,2433,2585,0,0,0,1.0,1,1.0,1,1.0,1,0.2227074654958739,45
3045,0,5018,2433,2585,0,0,0,1.0,1,1.0,1,1.0,1,0.2227074654958739,45
3046,0,5018,2433,2585,0,0,0,1.0,1,1.0,1,1.0,1,0.23343124460157552,46
3047,0,5018,2433,2585,0,0,0,1.0,1,1.0,1,1.0,1,0.23343124460157552,46
3048,5,5023,2434,2589,0,0,0,1.0,1,1.0,1,1.0,1,0.23990221861430155,49
3049,2,5025,2434,2591,0,0,0,1.0,1,1.0,1,1.0,1,0.20477612445615037,50
3050,0,5025,2434,2591,0,0,0,1.0,1,1.0,1,1.0,1,0.20477612445615037,50
3051,4,5029,2435,2594,0,0,0,1.0,1,1.0,1,1.0,1,0.18923893539026582,50
3052,0,5029,2435,2594,0,0,0,1.0,1,1.0,1,1.0,1,0.18923893539026582,50
3053,3,5032,2437,2595,0,0,0,1.0,1,1.0,1,1.0,1,0.1664740820845431,49
3054,0,5032,2437,2595,0,0,0,1.0,1,1.0,1,1.0,1,0.18522739048639456,47
3055,1,5033,2438,2595,0,0,0,1.0,1,1.0,1,1.0,1,0.21379964367905474,48
3056,1,5034,2439,2595,0,0,0,1.0,1,1.0,1,1.0,1,0.2850768643665514,47
3057,4,5038,2440,2598,0,0,0,1.0,1,1.0,1,1.0,1,0.2672459172984482,48
3058,0,5038,2440,2598,0,0,0,1.0,1,1.0,1,1.0,1,0.24704329122180746,46
3059,0,5038,2440,2598,0,0,0,1.0,1,1.0,1,1.0,1,0.25986536441249586,44
3060,0,5038,2440,2598,0,0,0,1.0,1,1.0,1,1.0,1,0.26082925506922733,44
3061,1,5039,2440,2599,0,0,0,1.0,1,1.0,1,1.0,1,0.2524491758981306,42
3062,4,5043,2444,2599,0,0,0,1.0,1,1.0,1,1.0,1,0.3026336540518199,42
3063,3,5046,2446,2600,0,0,0,1.0,1,1.0,1,1.0,1,0.28781021894849756,41
3064,5,5051,2449,2602,0,0,0,1.0,1,1.0,1,1.0,1,0.31193731819296616,42
3065,2,5053,2450,2603,0,0,0,1.0,1,1.0,1,1.0,1,0.278384878450319,40
3066,3,5056,2452,2604,0,0,0,1.0,1,1.0,1,1.0,1,0.2800871102426661,42
3067,1,5057,2453,2604,0,0,0,1.0,1,1.0,1,1.0,1,0.28289221103694673,40
3068,2,5059,2455,2604,0,0,0,1.0,1,1.0,1,1.0,1,0.2587975680775566,39
3069,1,5060,2456,2604,0,0,0,1.0,1,1.0,1,1.0,1,0.2866555049029166,38
3070,1,5061,2456,2605,0,0,0,1.0,1,1.0,1,1.0,1,0.28971772941041757,39
3071,6,5067,2456,2611,0,0,0,1.0,1,1.0,1,1.0,1,0.15508176404579974,39
3072,2,5069,2458,2611,0,0,0,1.0,1,1.0,1,1.0,1,0.2365572921939624,40
3073,4,5073,2459,2614,0,0,0,1.0,1,1.0,1,1.0,1,0.3025610208526165,38
3074,1,5074,2459,2615,0,0,0,1.0,1,1.0,1,1.0,1,0.26134431906198635,38
3075,2,5076,2459,2617,0,0,0,1.0,1,1.0,1,1.0,1,0.263533466927047,41
3076,0,5076,2459,2617,0,0,0,1.0,1,1.0,1,1.0,1,0.23137068197664254,42
3077,2,5078,2461,2617,0,0,0,1.0,1,1.0,1,1.0,1,0.27829882434620523,42
3078,1,5079,2461,2618,0,0,0,1.0,1,1.0,1,1.0,1,0.2922215879826727,42
3079,3,5082,2461,2621,0,0,0,1.0,1,1.0,1,1.0,1,0.26381755212678637,42
3080,3,5085,2461,2624,0,0,0,1.0,1,1.0,1,1.0,1,0.25591560398737606,43
3081,1,5086,2461,2625,0,0,0,1.0,1,1.0,1,1.0,1,0.23297960800766077,44
3082,2,5088,2461,2627,0,0,0,1.0,1,1.0,1,1.0,1,0.194174916988298,45
3083,0,5088,2461,2627,0,0,0,1.0,1,1.0,1,1.0,1,0.194174916988298,45
3084,0,5088,2461,2627,0,0,0,1.0,1,1.0,1,1.0,1,0.194174916988298,45
3085,1,5089,2462,2627,0,0,0,1.0,1,1.0,1,1.0,1,0.24415262312887737,46
3086,0,5089,2462,2627,0,0,0,1.0,1,1.0,1,1.0,1,0.24415262312887737,46
3087,0,5089,2462,2627,0,0,0,1.0,1,1.0,1,1.0,1,0.24037029336245622,47
3088,3,5092,2464,2628,0,0,0,1.0,1,1.0,1,1.0,1,0.2960325364231913,48
3089,1,5093,2465,2628,0,0,0,1.0,1,1.0,1,1.0,1,0.28565777506816925,46
3090,0,5093,2465,2628,0,0,0,1.0,1,1.0,1,1.0,1,0.2695899307509556,46
3091,0,5093,2465,2628,0,0,0,1.0,1,1.0,1,1.0,1,0.29881381415783786,46
3092,5,5098,2467,2631,0,0,0,1.0,1,1.0,1,1.0,1,0.2921334873916655,47
3093,3,5101,2467,2634,0,0,0,1.0,1,1.0,1,1.0,1,0.24519231669961764,47
3094,0,5101,2467,2634,0,0,0,1.0,1,1.0,1,1.0,1,0.24501412015859114,45
3095,3,5104,2469,2635,0,0,0,1.0,1,1.0,1,1.0,1,0.20840232638406841,46
3096,0,5104,2469,2635,0,0,0,1.0,1,1.0,1,1.0,1,0.21194203719282456,46
3097,2,5106,2471,2635,0,0,0,1.0,1,1.0,1,1.0,1,0.20835167553070297,47
3098,0,5106,2471,2635,0,0,0,1.0,1,1.0,1,1.0,1,0.20835167553070297,47
3099,0,5106,2471,2635,0,0,0,1.0,1,1.0,1,1.0,1,0.20835167553070297,47
3100,1,5107,2472,2635,0,0,0,1.0,1,1.0,1,1.0,1,0.19288811393350191,47
3101,0,5107,2472,2635,0,0,0,1.0,1,1.0,1,1.0,1,0.20428440070205134,48
3102,1,5108,2473,2635,0,0,0,1.0,1,1.0,1,1.0,1,0.19441864362543643,48
3103,3,5111,2474,2637,0,0,0,1.0,1,1.0,1,1.0,1,0.18463098165729389,49
3104,2,5113,2476,2637,0,0,0,1.0,1,1.0,1,1.0,1,0.20708841932446098,48
3105,1,5114,2476,2638,0,0,0,1.0,1,1.0,1,1.0,1,0.19042648787318098,45
3106,1,5115,2477,2638,0,0,0,1.0,1,1.0,1,1.0,1,0.2296204317476131,46
3107,0,5115,2477,2638,0,0,0,1.0,1,1.0,1,1.0,1,0.2363408535735171,44
3108,1,5116,2478,2638,0,0,0,1.0,1,1.0,1,1.0,1,0.25329152624451395,45
3109,1,5117,2478,2639,0,0,0,1.0,1,1.0,1,1.0,1,0.25309114728376736,44
3110,9,5126,2483,2643,0,0,0,1.0,1,1.0,1,1.0,1,0.22001451632863123,46
3111,3,5129,2484,2645,0,0,0,1.0,1,1.0,1,1.0,1,0.18163240766090694,46
3112,2,5131,2484,2647,0,0,0,1.0,1,1.0,1,1.0,1,0.16931056014137388,47
3113,1,5132,2484,2648,0,0,0,1.0,1,1.0,1,1.0,1,0.13974879755632544,48
3114,0,5132,2484,2648,0,0,0,1.0,1,1.0,1,1.0,1,0.146723891604595,48
3115,0,5132,2484,2648,0,0,0,1.0,1,1.0,1,1.0,1,0.16690964157098995,49
3116,0,5132,2484,2648,0,0,0,1.0,1,1.0,1,1.0,1,0.1937266350602261,48
3117,2,5134,2486,2648,0,0,0,1.0,1,1.0,1,1.0,1,0.23457424610892416,49
3118,1,5135,2486,2649,0,0,0,1.0,1,1.0,1,1.0,1,0.24705786675157818,50
3119,0,5135,2486,2649,0,0,0,1.0,1,1.0,1,1.0,1,0.24705786675157818,50
3120,0,5135,2486,2649,0,0,0,1.0,1,1.0,1,1.0,1,0.2737696259312098,50
3121,5,5140,2488,2652,0,0,0,1.0,1,1.0,1,1.0,1,0.20297230673902275,50
3122,2,5142,2488,2654,0,0,0,1.0,1,1.0,1,1.0,1,0.18851271303545006,50
3123,0,5142,2488,2654,0,0,0,1.0,1,1.0,1,1.0,1,0.1748486470305899,51
3124,1,5143,2489,2654,0,0,0,1.0,1,1.0,1,1.0,1,0.21194834755194514,51
3125,1,5144,2490,2654,0,0,0,1.0,1,1.0,1,1.0,1,0.22506932629285728,51
3126,2,5146,2490,2656,0,0,0,1.0,1,1.0,1,1.0,1,0.19828630849784196,54
3127,1,5147,2491,2656,0,0,0,1.0,1,1.0,1,1.0,1,0.23022651305596772,53
3128,1,5148,2491,2657,0,0,0,1.0,1,1.0,1,1.0,1,0.23540784973874995,52
3129,1,5149,2492,2657,0,0,0,1.0,1,1.0,1,1.0,1,0.23326632213253579,51
3130,0,5149,2492,2657,0,0,0,1.0,1,1.0,1,1.0,1,0.21824139925696612,50
3131,3,5152,2493,2659,0,0,0,1.0,1,1.0,1,1.0,1,0.1891564580781015,50
3132,2,5154,2493,2661,0,0,0,1.0,1,1.0,1,1.0,1,0.1928377386844826,49
3133,0,5154,2493,2661,0,0,0,1.0,1,1.0,1,1.0,1,0.1928377386844826,49
3134,2,5156,2494,2662,0,0,0,1.0,1,1.0,1,1.0,1,0.20840009536911216,46
3135,3,5159,2496,2663,0,0,0,1.0,1,1.0,1,1.0,1,0.258704569329202,47
3136,1,5160,2497,2663,0,0,0,1.0,1,1.0,1,1.0,1,0.24441304804129924,46
3137,1,5161,2497,2664,0,0,0,1.0,1,1.0,1,1.0,1,0.24248821417554814,49
3138,2,5163,2498,2665,0,0,0,1.0,1,1.0,1,1.0,1,0.27052323241728293,49
3139,2,5165,2500,2665,0,0,0,1.0,1,1.0,1,1.0,1,0.27601590619181904,50
3140,4,5169,2501,2668,0,0,0,1.0,1,1.0,1,1.0,1,0.249056096625475,51
3141,2,5171,2502,2669,0,0,0,1.0,1,1.0,1,1.0,1,0.2605545429684398,50
3142,0,5171,2502,2669,0,0,0,1.0,1,1.0,1,1.0,1,0.2605545429684398,50
3143,0,5171,2502,2669,0,0,0,1.0,1,1.0,1,1.0,1,0.2781934419137705,49
3144,0,5171,2502,2669,0,0,0,1.0,1,1.0,1,1.0,1,0.2781934419137705,49
3145,2,5173,2504,2669,0,0,0,1.0,1,1.0,1,1.0,1,0.3034610247328924,48
3146,1,5174,2504,2670,0,0,0,1.0,1,1.0,1,1.0,1,0.2922155327389508,49
3147,1,5175,2504,2671,0,0,0,1.0,1,1.0,1,1.0,1,0.29662277394404146,48
3148,4,5179,2507,2672,0,0,0,1.0,1,1.0,1,1.0,1,0.27043422898793534,48
3149,3,5182,2510,2672,0,0,0,1.0,1,1.0,1,1.0,1,0.266749184663719,47
3150,2,5184,2511,2673,0,0,0,1.0,1,1.0,1,1.0,1,0.24346317012648386,47
3151,2,5186,2512,2674,0,0,0,1.0,1,1.0,1,1.0,1,0.2712399156375717,48
3152,2,5188,2513,2675,0,0,0,1.0,1,1.0,1,1.0,1,0.2329839117332987,47
3153,4,5192,2514,2678,0,0,0,1.0,1,1.0,1,1.0,1,0.2023439316398487,47
3154,0,5192,2514,2678,0,0,0,1.0,1,1.0,1,1.0,1,0.2183939348599185,48
3155,1,5193,2514,2679,0,0,0,1.0,1,1.0,1,1.0,1,0.20292355313354624,48
3156,0,5193,2514,2679,0,0,0,1.0,1,1.0,1,1.0,1,0.21422441615707935,48
3157,1,5194,2514,2680,0,0,0,1.0,1,1.0,1,1.0,1,0.2415123953284792,48
3158,0,5194,2514,2680,0,0,0,1.0,1,1.0,1,1.0,1,0.2415123953284792,48
3159,0,5194,2514,2680,0,0,0,1.0,1,1.0,1,1.0,1,0.2412231805182941,49
3160,4,5198,2515,2683,0,0,0,1.0,1,1.0,1,1.0,1,0.24136766235278576,51
3161,3,5201,2515,2686,0,0,0,1.0,1,1.0,1,1.0,1,0.17393632192522085,52
3162,1,5202,2516,2686,0,0,0,1.0,1,1.0,1,1.0,1,0.18092234684977657,51
3163,0,5202,2516,2686,0,0,0,1.0,1,1.0,1,1.0,1,0.18092234684977657,51
3164,5,5207,2517,2690,0,0,0,1.0,1,1.0,1,1.0,1,0.15620512707147466,52
3165,2,5209,2518,2691,0,0,0,1.0,1,1.0,1,1.0,1,0.1488287717739473,50
3166,0,5209,2518,2691,0,0,0,1.0,1,1.0,1,1.0,1,0.1488287717739473,50
3167,3,5212,2521,2691,0,0,0,1.0,1,1.0,1,1.0,1,0.14128770125278292,49
3168,1,5213,2522,2691,0,0,0,1.0,1,1.0,1,1.0,1,0.15291014059288136,47
3169,1,5214,2523,2691,0,0,0,1.0,1,1.0,1,1.0,1,0.18729792806658482,48
3170,0,5214,2523,2691,0,0,0,1.0,1,1.0,1,1.0,1,0.20985179112015825,47
3171,6,5220,2525,2695,0,0,0,1.0,1,1.0,1,1.0,1,0.18516796054421814,47
3172,1,5221,2526,2695,0,0,0,1.0,1,1.0,1,1.0,1,0.244206970850627,46
3173,0,5221,2526,2695,0,0,0,1.0,1,1.0,1,1.0,1,0.2277320787936698,45
3174,1,5222,2527,2695,0,0,0,1.0,1,1.0,1,1.0,1,0.31580290789287224,43
3175,5,5227,2530,2697,0,0,0,1.0,1,1.0,1,1.0,1,0.24428136409896228,43
3176,1,5228,2531,2697,0,0,0,1.0,1,1.0,1,1.0,1,0.22966310699368536,44
3177,2,5230,2532,2698,0,0,0,1.0,1,1.0,1,1.0,1,0.20305850505626175,44
3178,3,5233,2533,2700,0,0,0,1.0,1,1.0,1,1.0,1,0.14938250429611846,47
3179,1,5234,2534,2700,0,0,0,1.0,1,1.0,1,1.0,1,0.1887730077443406,48
3180,0,5234,2534,2700,0,0,0,1.0,1,1.0,1,1.0,1,0.1887730077443406,48
3181,2,5236,2534,2702,0,0,0,1.0,1,1.0,1,1.0,1,0.1455300431967961,48
3182,0,5236,2534,2702,0,0,0,1.0,1,1.0,1,1.0,1,0.15613868055989594,51
3183,2,5238,2536,2702,0,0,0,1.0,1,1.0,1,1.0,1,0.1790947969152153,50
3184,2,5240,2537,2703,0,0,0,1.0,1,1.0,1,1.0,1,0.21707403545550857,50
3185,0,5240,2537,2703,0,0,0,1.0,1,1.0,1,1.0,1,0.22586850749183132,48
3186,4,5244,2539,2705,0,0,0,1.0,1,1.0,1,1.0,1,0.20884914063186183,48
3187,4,5248,2539,2709,0,0,0,1.0,1,1.0,1,1.0,1,0.1581271178376346,48
3188,1,5249,2540,2709,0,0,0,1.0,1,1.0,1,1.0,1,0.18343773224035353,48
3189,0,5249,2540,2709,0,0,0,1.0,1,1.0,1,1.0,1,0.1944102961971983,49
3190,0,5249,2540,2709,0,0,0,1.0,1,1.0,1,1.0,1,0.21604881834059686,51
3191,6,5255,2541,2714,0,0,0,1.0,1,1.0,1,1.0,1,0.1265759223333195,52
3192,1,5256,2542,2714,0,0,0,1.0,1,1.0,1,1.0,1,0.1357577618101274,52
3193,0,5256,2542,2714,0,0,0,1.0,1,1.0,1,1.0,1,0.1357577618101274,52
3194,2,5258,2543,2715,0,0,0,1.0,1,1.0,1,1.0,1,0.17187506683138468,54
3195,0,5258,2543,2715,0,0,0,1.0,1,1.0,1,1.0,1,0.17187506683138468,54
3196,1,5259,2544,2715,0,0,0,1.0,1,1.0,1,1.0,1,0.17769546396579528,54
3197,0,5259,2544,2715,0,0,0,1.0,1,1.0,1,1.0,1,0.2058818714845714,54
3198,3,5262,2546,2716,0,0,0,1.0,1,1.0,1,1.0,1,0.17217715791479174,54
3199,0,5262,2546,2716,0,0,0,1.0,1,1.0,1,1.0,1,0.1683498858088822,56
3200,2,5264,2546,2718,0,0,0,1.0,1,1.0,1,1.0,1,0.19584865474033114,56
3201,2,5266,2546,2720,0,0,0,1.0,1,1.0,1,1.0,1,0.18216518630101827,56
3202,1,5267,2546,2721,0,0,0,1.0,1,1.0,1,1.0,1,0.17257462304182286,57
3203,2,5269,2547,2722,0,0,0,1.0,1,1.0,1,1.0,1,0.15165805366097176,56
3204,4,5273,2551,2722,0,0,0,1.0,1,1.0,1,1.0,1,0.2353351604130331,55
3205,0,5273,2551,2722,0,0,0,1.0,1,1.0,1,1.0,1,0.24021296815795734,54
3206,5,5278,2554,2724,0,0,0,1.0,1,1.0,1,1.0,1,0.2624236322150239,56
3207,0,5278,2554,2724,0,0,0,1.0,1,1.0,1,1.0,1,0.2631044665363511,54
3208,0,5278,2554,2724,0,0,0,1.0,1,1.0,1,1.0,1,0.25629641942008563,53
3209,0,5278,2554,2724,0,0,0,1.0,1,1.0,1,1.0,1,0.26596212867816227,54
3210,3,5281,2556,2725,0,0,0,1.0,1,1.0,1,1.0,1,0.2673872708242549,53
3211,3,5284,2557,2727,0,0,0,1.0,1,1.0,1,1.0,1,0.2579347327373088,53
3212,0,5284,2557,2727,0,0,0,1.0,1,1.0,1,1.0,1,0.2655488771403875,54
3213,0,5284,2557,2727,0,0,0,1.0,1,1.0,1,1.0,1,0.26148753264139274,54
3214,1,5285,2557,2728,0,0,0,1.0,1,1.0,1,1.0,1,0.28688066998588596,55
3215,0,5285,2557,2728,0,0,0,1.0,1,1.0,1,1.0,1,0.28688066998588596,55
3216,0,5285,2557,2728,0,0,0,1.0,1,1.0,1,1.0,1,0.28688066998588596,55
3217,3,5288,2560,2728,0,0,0,1.0,1,1.0,1,1.0,1,0.31870768026734175,54
3218,1,5289,2561,2728,0,0,0,1.0,1,1.0,1,1.0,1,0.3186221695144621,54
3219,1,5290,2561,2729,0,0,0,1.0,1,1.0,1,1.0,1,0.3201582361251605,55
3220,1,5291,2562,2729,0,0,0,1.0,1,1.0,1,1.0,1,0.3038195186297969,56
3221,1,5292,2562,2730,0,0,0,1.0,1,1.0,1,1.0,1,0.28372897277647513,57
3222,0,5292,2562,2730,0,0,0,1.0,1,1.0,1,1.0,1,0.28372897277647513,57
3223,3,5295,2563,2732,0,0,0,1.0,1,1.0,1,1.0,1,0.2790031762046445,56
3224,4,5299,2567,2732,0,0,0,1.0,1,1.0,1,1.0,1,0.29398435733199224,58
3225,3,5302,2567,2735,0,0,0,1.0,1,1.0,1,1.0,1,0.23611497752909275,55
3226,1,5303,2568,2735,0,0,0,1.0,1,1.0,1,1.0,1,0.2582008911904835,54
3227,2,5305,2569,2736,0,0,0,1.0,1,1.0,1,1.0,1,0.23382649854152038,53
3228,3,5308,2572,2736,0,0,0,1.0,1,1.0,1,1.0,1,0.29008301810563,52
3229,6,5314,2575,2739,0,0,0,1.0,1,1.0,1,1.0,1,0.30607145132973607,52
3230,0,5314,2575,2739,0,0,0,1.0,1,1.0,1,1.0,1,0.28799095248528717,50
3231,5,5319,2577,2742,0,0,0,1.0,1,1.0,1,1.0,1,0.2659449310841965,50
3232,2,5321,2579,2742,0,0,0,1.0,1,1.0,1,1.0,1,0.2822427258412568,50
3233,1,5322,2579,2743,0,0,0,1.0,1,1.0,1,1.0,1,0.27787122370228445,50
3234,3,5325,2581,2744,0,0,0,1.0,1,1.0,1,1.0,1,0.2709234722790022,49
3235,1,5326,2582,2744,0,0,0,1.0,1,1.0,1,1.0,1,0.2730269778528875,49
3236,2,5328,2582,2746,0,0,0,1.0,1,1.0,1,1.0,1,0.26937977132668434,51
3237,2,5330,2583,2747,0,0,0,1.0,1,1.0,1,1.0,1,0.28001724276026935,53
3238,0,5330,2583,2747,0,0,0,1.0,1,1.0,1,1.0,1,0.26882358238675214,53
3239,0,5330,2583,2747,0,0,0,1.0,1,1.0,1,1.0,1,0.26882358238675214,53
3240,1,5331,2583,2748,0,0,0,1.0,1,1.0,1,1.0,1,0.27275902435768434,53
3241,1,5332,2583,2749,0,0,0,1.0,1,1.0,1,1.0,1,0.2537081956724379,53
3242,2,5334,2583,2751,0,0,0,1.0,1,1.0,1,1.0,1,0.2248830420566142,53
3243,0,5334,2583,2751,0,0,0,1.0,1,1.0,1,1.0,1,0.2263323544429185,56
3244,0,5334,2583,2751,0,0,0,1.0,1,1.0,1,1.0,1,0.23710381243405348,57
3245,0,5334,2583,2751,0,0,0,1.0,1,1.0,1,1.0,1,0.23755540740113743,59
3246,1,5335,2583,2752,0,0,0,1.0,1,1.0,1,1.0,1,0.22223490707099045,59
3247,1,5336,2584,2752,0,0,0,1.0,1,1.0,1,1.0,1,0.24457416316206465,59
3248,2,5338,2585,2753,0,0,0,1.0,1,1.0,1,1.0,1,0.2213858311986567,59
3249,0,5338,2585,2753,0,0,0,1.0,1,1.0,1,1.0,1,0.2565160245551295,58
3250,1,5339,2586,2753,0,0,0,1.0,1,1.0,1,1.0,1,0.25175122286243334,58
3251,2,5341,2587,2754,0,0,0,1.0,1,1.0,1,1.0,1,0.2739689892529015,57
3252,1,5342,2588,2754,0,0,0,1.0,1,1.0,1,1.0,1,0.26815504033568216,57
3253,0,5342,2588,2754,0,0,0,1.0,1,1.0,1,1.0,1,0.2843912292266805,56
3254,4,5346,2589,2757,0,0,0,1.0,1,1.0,1,1.0,1,0.25577343415315734,57
3255,2,5348,2590,2758,0,0,0,1.0,1,1.0,1,1.0,1,0.2641086936067611,57
3256,1,5349,2591,2758,0,0,0,1.0,1,1.0,1,1.0,1,0.2874672810715178,57
3257,5,5354,2591,2763,0,0,0,1.0,1,1.0,1,1.0,1,0.2212344911600181,57
3258,1,5355,2591,2764,0,0,0,1.0,1,1.0,1,1.0,1,0.2246193423141957,58
3259,2,5357,2592,2765,0,0,0,1.0,1,1.0,1,1.0,1,0.21792966161197772,59
3260,0,5357,2592,2765,0,0,0,1.0,1,1.0,1,1.0,1,0.22662131383893144,60
3261,8,5365,2595,2770,0,0,0,1.0,1,1.0,1,1.0,1,0.1955985370471626,60
3262,3,5368,2596,2772,0,0,0,1.0,1,1.0,1,1.0,1,0.18831926569063426,61
3263,3,5371,2599,2772,0,0,0,1.0,1,1.0,1,1.0,1,0.19085110215748408,62
3264,2,5373,2601,2772,0,0,0,1.0,1,1.0,1,1.0,1,0.1922208460901495,60
3265,1,5374,2602,2772,0,0,0,1.0,1,1.0,1,1.0,1,0.18637390853671176,58
3266,8,5382,2607,2775,0,0,0,1.0,1,1.0,1,1.0,1,0.1909445823236982,59
3267,2,5384,2609,2775,0,0,0,1.0,1,1.0,1,1.0,1,0.20115657633395728,60
3268,7,5391,2612,2779,0,0,0,1.0,1,1.0,1,1.0,1,0.18057547724663955,58
3269,1,5392,2612,2780,0,0,0,1.0,1,1.0,1,1.0,1,0.14601269691737148,57
3270,2,5394,2614,2780,0,0,0,1.0,1,1.0,1,1.0,1,0.1503600199355238,56
3271,0,5394,2614,2780,0,0,0,1.0,1,1.0,1,1.0,1,0.13785694758984876,55
3272,0,5394,2614,2780,0,0,0,1.0,1,1.0,1,1.0,1,0.1372140534503057,55
3273,4,5398,2616,2782,0,0,0,1.0,1,1.0,1,1.0,1,0.1755496063253488,55
3274,1,5399,2617,2782,0,0,0,1.0,1,1.0,1,1.0,1,0.17827799799558133,55
3275,0,5399,2617,2782,0,0,0,1.0,1,1.0,1,1.0,1,0.17827799799558133,55
3276,2,5401,2618,2783,0,0,0,1.0,1,1.0,1,1.0,1,0.15871802198629237,55
3277,4,5405,2619,2786,0,0,0,1.0,1,1.0,1,1.0,1,0.12991539241180217,57
3278,2,5407,2620,2787,0,0,0,1.0,1,1.0,1,1.0,1,0.1299877312493286,56
3279,0,5407,2620,2787,0,0,0,1.0,1,1.0,1,1.0,1,0.12746972095617226,54
3280,1,5408,2621,2787,0,0,0,1.0,1,1.0,1,1.0,1,0.15612395681080884,53
3281,3,5411,2621,2790,0,0,0,1.0,1,1.0,1,1.0,1,0.1258503748638909,52
3282,0,5411,2621,2790,0,0,0,1.0,1,1.0,1,1.0,1,0.13421275437405053,50
3283,3,5414,2624,2790,0,0,0,1.0,1,1.0,1,1.0,1,0.15608414498043133,50
3284,2,5416,2626,2790,0,0,0,1.0,1,1.0,1,1.0,1,0.20569920159756067,47
3285,3,5419,2628,2791,0,0,0,1.0,1,1.0,1,1.0,1,0.1971352996819715,48
3286,1,5420,2629,2791,0,0,0,1.0,1,1.0,1,1.0,1,0.21212870666241476,46
3287,6,5426,2633,2793,0,0,0,1.0,1,1.0,1,1.0,1,0.1547774216781331,46
3288,2,5428,2635,2793,0,0,0,1.0,1,1.0,1,1.0,1,0.19918153194822988,46
3289,4,5432,2638,2794,0,0,0,1.0,1,1.0,1,1.0,1,0.23274346134375182,48
3290,2,5434,2639,2795,0,0,0,1.0,1,1.0,1,1.0,1,0.21602855944492888,48
3291,6,5440,2641,2799,0,0,0,1.0,1,1.0,1,1.0,1,0.19304936687163254,50
3292,1,5441,2642,2799,0,0,0,1.0,1,1.0,1,1.0,1,0.21048461348819855,50
3293,1,5442,2643,2799,0,0,0,1.0,1,1.0,1,1.0,1,0.22798376093036612,51
3294,2,5444,2645,2799,0,0,0,1.0,1,1.0,1,1.0,1,0.2497870847240165,50
3295,3,5447,2646,2801,0,0,0,1.0,1,1.0,1,1.0,1,0.21887936142223127,50
3296,2,5449,2647,2802,0,0,0,1.0,1,1.0,1,1.0,1,0.18518609469482183,50
3297,4,5453,2649,2804,0,0,0,1.0,1,1.0,1,1.0,1,0.19344822805425185,51
3298,3,5456,2650,2806,0,0,0,1.0,1,1.0,1,1.0,1,0.15783139200999308,52
3299,4,5460,2651,2809,0,0,0,1.0,1,1.0,1,1.0,1,0.1538665026770682,53
3300,0,5460,2651,2809,0,0,0,1.0,1,1.0,1,1.0,1,0.1538665026770682,53
3301,3,5463,2652,2811,0,0,0,1.0,1,1.0,1,1.0,1,0.12150039330261583,53
3302,3,5466,2654,2812,0,0,0,1.0,1,1.0,1,1.0,1,0.10141378010081101,53
3303,0,5466,2654,2812,0,0,0,1.0,1,1.0,1,1.0,1,0.08813653919194446,52
3304,3,5469,2657,2812,0,0,0,1.0,1,1.0,1,1.0,1,0.13060923457995485,52
3305,1,5470,2658,2812,0,0,0,1.0,1,1.0,1,1.0,1,0.17201278743375953,51
3306,3,5473,2659,2814,0,0,0,1.0,1,1.0,1,1.0,1,0.13572296182750582,51
3307,0,5473,2659,2814,0,0,0,1.0,1,1.0,1,1.0,1,0.12127523129055083,48
3308,1,5474,2660,2814,0,0,0,1.0,1,1.0,1,1.0,1,0.1315090968540956,48
3309,1,5475,2661,2814,0,0,0,1.0,1,1.0,1,1.0,1,0.15770725649656633,48
3310,1,5476,2661,2815,0,0,0,1.0,1,1.0,1,1.0,1,0.17577374776609508,47
3311,2,5478,2663,2815,0,0,0,1.0,1,1.0,1,1.0,1,0.2037730782361509,49
3312,2,5480,2664,2816,0,0,0,1.0,1,1.0,1,1.0,1,0.21812485860583594,48
3313,3,5483,2667,2816,0,0,0,1.0,1,1.0,1,1.0,1,0.26274338705509886,49
3314,2,5485,2668,2817,0,0,0,1.0,1,1.0,1,1.0,1,0.29532640591763787,47
3315,1,5486,2669,2817,0,0,0,1.0,1,1.0,1,1.0,1,0.31884998608239834,47
3316,0,5486,2669,2817,0,0,0,1.0,1,1.0,1,1.0,1,0.31884998608239834,47
3317,0,5486,2669,2817,0,0,0,1.0,1,1.0,1,1.0,1,0.2680917544794631,46
3318,2,5488,2670,2818,0,0,0,1.0,1,1.0,1,1.0,1,0.2473038318917587,45
3319,1,5489,2670,2819,0,0,0,1.0,1,1.0,1,1.0,1,0.20510535829587093,44
3320,1,5490,2671,2819,0,0,0,1.0,1,1.0,1,1.0,1,0.22697644179261783,43
3321,4,5494,2673,2821,0,0,0,1.0,1,1.0,1,1.0,1,0.19005900769103298,43
3322,2,5496,2675,2821,0,0,0,1.0,1,1.0,1,1.0,1,0.23474371495654622,40
3323,4,5500,2677,2823,0,0,0,1.0,1,1.0,1,1.0,1,0.20874069852983407,40
3324,2,5502,2678,2824,0,0,0,1.0,1,1.0,1,1.0,1,0.16671405893995717,40
3325,2,5504,2680,2824,0,0,0,1.0,1,1.0,1,1.0,1,0.20941785972691293,40
3326,2,5506,2681,2825,0,0,0,1.0,1,1.0,1,1.0,1,0.20438078774012403,41
3327,0,5506,2681,2825,0,0,0,1.0,1,1.0,1,1.0,1,0.20542107810374372,39
3328,3,5509,2684,2825,0,0,0,1.0,1,1.0,1,1.0,1,0.2409882620192996,41
3329,1,5510,2685,2825,0,0,0,1.0,1,1.0,1,1.0,1,0.2379590318706103,39
3330,2,5512,2687,2825,0,0,0,1.0,1,1.0,1,1.0,1,0.29829389147798097,40
3331,2,5514,2687,2827,0,0,0,1.0,1,1.0,1,1.0,1,0.2647323901051089,38
3332,0,5514,2687,2827,0,0,0,1.0,1,1.0,1,1.0,1,0.308636992959679,38
3333,1,5515,2687,2828,0,0,0,1.0,1,1.0,1,1.0,1,0.26650860232546364,38
3334,0,5515,2687,2828,0,0,0,1.0,1,1.0,1,1.0,1,0.29471136992518987,40
3335,0,5515,2687,2828,0,0,0,1.0,1,1.0,1,1.0,1,0.29471136992518987,40
3336,0,5515,2687,2828,0,0,0,1.0,1,1.0,1,1.0,1,0.3036451515020013,39
3337,1,5516,2687,2829,0,0,0,1.0,1,1.0,1,1.0,1,0.27703943454173346,40
3338,5,5521,2690,2831,0,0,0,1.0,1,1.0,1,1.0,1,0.23061069998950545,41
3339,2,5523,2691,2832,0,0,0,1.0,1,1.0,1,1.0,1,0.24396088313557826,42
3340,3,5526,2693,2833,0,0,0,1.0,1,1.0,1,1.0,1,0.25276756466766365,43
3341,1,5527,2693,2834,0,0,0,1.0,1,1.0,1,1.0,1,0.22365430539430653,43
3342,2,5529,2694,2835,0,0,0,1.0,1,1.0,1,1.0,1,0.24766024260841896,44
3343,2,5531,2696,2835,0,0,0,1.0,1,1.0,1,1.0,1,0.2555831914240191,44
3344,1,5532,2697,2835,0,0,0,1.0,1,1.0,1,1.0,1,0.3026131607367583,44
3345,0,5532,2697,2835,0,0,0,1.0,1,1.0,1,1.0,1,0.31294032924172993,43
3346,0,5532,2697,2835,0,0,0,1.0,1,1.0,1,1.0,1,0.33428251258020286,42
3347,0,5532,2697,2835,0,0,0,1.0,1,1.0,1,1.0,1,0.31535720388510186,44
3348,0,5532,2697,2835,0,0,0,1.0,1,1.0,1,1.0,1,0.32616149315535403,45
3349,2,5534,2699,2835,0,0,0,1.0,1,1.0,1,1.0,1,0.3043449778832168,45
3350,0,5534,2699,2835,0,0,0,1.0,1,1.0,1,1.0,1,0.28686266628929574,46
3351,3,5537,2699,2838,0,0,0,1.0,1,1.0,1,1.0,1,0.2256442554678199,47
3352,0,5537,2699,2838,0,0,0,1.0,1,1.0,1,1.0,1,0.2256442554678199,47
3353,0,5537,2699,2838,0,0,0,1.0,1,1.0,1,1.0,1,0.2382344826650349,48
3354,5,5542,2701,2841,0,0,0,1.0,1,1.0,1,1.0,1,0.235475799061734,48
3355,2,5544,2703,2841,0,0,0,1.0,1,1.0,1,1.0,1,0.2409489444893407,48
3356,3,5547,2705,2842,0,0,0,1.0,1,1.0,1,1.0,1,0.2376614776922817,48
3357,2,5549,2706,2843,0,0,0,1.0,1,1.0,1,1.0,1,0.23062554213801456,47
3358,0,5549,2706,2843,0,0,0,1.0,1,1.0,1,1.0,1,0.2557234893600178,46
3359,3,5552,2708,2844,0,0,0,1.0,1,1.0,1,1.0,1,0.27775237719353746,45
3360,0,5552,2708,2844,0,0,0,1.0,1,1.0,1,1.0,1,0.2673402802838355,44
3361,1,5553,2708,2845,0,0,0,1.0,1,1.0,1,1.0,1,0.22962578836753209,43
3362,2,5555,2709,2846,0,0,0,1.0,1,1.0,1,1.0,1,0.25100685258331157,42
3363,1,5556,2710,2846,0,0,0,1.0,1,1.0,1,1.0,1,0.28170670761225963,41
3364,0,5556,2710,2846,0,0,0,1.0,1,1.0,1,1.0,1,0.31403402780581935,41
3365,0,5556,2710,2846,0,0,0,1.0,1,1.0,1,1.0,1,0.3467226389618514,41
3366,2,5558,2710,2848,0,0,0,1.0,1,1.0,1,1.0,1,0.31815045934318237,40
3367,2,5560,2710,2850,0,0,0,1.0,1,1.0,1,1.0,1,0.2791175705777137,39
3368,2,5562,2712,2850,0,0,0,1.0,1,1.0,1,1.0,1,0.23308907510625282,39
3369,0,5562,2712,2850,0,0,0,1.0,1,1.0,1,1.0,1,0.23492164481255925,40
3370,4,5566,2715,2851,0,0,0,1.0,1,1.0,1,1.0,1,0.2265327832834252,41
3371,2,5568,2716,2852,0,0,0,1.0,1,1.0,1,1.0,1,0.20735161180191783,41
3372,3,5571,2718,2853,0,0,0,1.0,1,1.0,1,1.0,1,0.20508963841288752,40
3373,0,5571,2718,2853,0,0,0,1.0,1,1.0,1,1.0,1,0.2172878758780184,41
3374,3,5574,2720,2854,0,0,0,1.0,1,1.0,1,1.0,1,0.18265385243205082,42
3375,3,5577,2720,2857,0,0,0,1.0,1,1.0,1,1.0,1,0.17085988924683332,44
3376,0,5577,2720,2857,0,0,0,1.0,1,1.0,1,1.0,1,0.1698583420300183,46
3377,3,5580,2720,2860,0,0,0,1.0,1,1.0,1,1.0,1,0.11797614396307281,47
3378,1,5581,2721,2860,0,0,0,1.0,1,1.0,1,1.0,1,0.15550910016923727,48
3379,1,5582,2721,2861,0,0,0,1.0,1,1.0,1,1.0,1,0.15375711646533788,48
3380,2,5584,2722,2862,0,0,0,1.0,1,1.0,1,1.0,1,0.1448478104035709,48
3381,0,5584,2722,2862,0,0,0,1.0,1,1.0,1,1.0,1,0.1448478104035709,48
3382,3,5587,2725,2862,0,0,0,1.0,1,1.0,1,1.0,1,0.23217618235622856,49
3383,0,5587,2725,2862,0,0,0,1.0,1,1.0,1,1.0,1,0.21077052788844683,47
3384,4,5591,2726,2865,0,0,0,1.0,1,1.0,1,1.0,1,0.21065609519302747,48
3385,0,5591,2726,2865,0,0,0,1.0,1,1.0,1,1.0,1,0.17626291749072298,47
3386,1,5592,2727,2865,0,0,0,1.0,1,1.0,1,1.0,1,0.24048658323190306,49
3387,0,5592,2727,2865,0,0,0,1.0,1,1.0,1,1.0,1,0.2319032075155263,48
3388,0,5592,2727,2865,0,0,0,1.0,1,1.0,1,1.0,1,0.2319032075155263,48
3389,1,5593,2727,2866,0,0,0,1.0,1,1.0,1,1.0,1,0.23187743053588616,50
3390,0,5593,2727,2866,0,0,0,1.0,1,1.0,1,1.0,1,0.2126589703770461,51
3391,1,5594,2727,2867,0,0,0,1.0,1,1.0,1,1.0,1,0.20781551432954545,51
3392,0,5594,2727,2867,0,0,0,1.0,1,1.0,1,1.0,1,0.23212291575636945,52
3393,1,5595,2727,2868,0,0,0,1.0,1,1.0,1,1.0,1,0.18838261356466082,52
3394,2,5597,2727,2870,0,0,0,1.0,1,1.0,1,1.0,1,0.1568858088237652,52
3395,0,5597,2727,2870,0,0,0,1.0,1,1.0,1,1.0,1,0.16077289617144075,50
3396,0,5597,2727,2870,0,0,0,1.0,1,1.0,1,1.0,1,0.17824007377537804,49
3397,1,5598,2728,2870,0,0,0,1.0,1,1.0,1,1.0,1,0.21414107821018546,49
3398,0,5598,2728,2870,0,0,0,1.0,1,1.0,1,1.0,1,0.2305931077144785,48
3399,2,5600,2729,2871,0,0,0,1.0,1,1.0,1,1.0,1,0.23124785796550656,49
3400,1,5601,2730,2871,0,0,0,1.0,1,1.0,1,1.0,1,0.233916188748995,50
3401,4,5605,2730,2875,0,0,0,1.0,1,1.0,1,1.0,1,0.14053998681376983,51
3402,1,5606,2731,2875,0,0,0,1.0,1,1.0,1,1.0,1,0.16327065273927896,51
3403,2,5608,2733,2875,0,0,0,1.0,1,1.0,1,1.0,1,0.18477669184885392,51
3404,1,5609,2734,2875,0,0,0,1.0,1,1.0,1,1.0,1,0.19948482891788427,51
3405,1,5610,2735,2875,0,0,0,1.0,1,1.0,1,1.0,1,0.23542085994053272,51
3406,0,5610,2735,2875,0,0,0,1.0,1,1.0,1,1.0,1,0.24406610865177103,51
3407,2,5612,2736,2876,0,0,0,1.0,1,1.0,1,1.0,1,0.2375614463092147,52
3408,3,5615,2736,2879,0,0,0,1.0,1,1.0,1,1.0,1,0.22585417685818515,53
3409,1,5616,2736,2880,0,0,0,1.0,1,1.0,1,1.0,1,0.19622143595615396,54
3410,4,5620,2739,2881,0,0,0,1.0,1,1.0,1,1.0,1,0.20955169560658132,54
3411,3,5623,2739,2884,0,0,0,1.0,1,1.0,1,1.0,1,0.13279468963675295,54
3412,1,5624,2739,2885,0,0,0,1.0,1,1.0,1,1.0,1,0.141550190332944,55
3413,0,5624,2739,2885,0,0,0,1.0,1,1.0,1,1.0,1,0.141550190332944,55
3414,1,5625,2739,2886,0,0,0,1.0,1,1.0,1,1.0,1,0.14352545903033256,55
3415,2,5627,2740,2887,0,0,0,1.0,1,1.0,1,1.0,1,0.15641714553940483,56
3416,1,5628,2740,2888,0,0,0,1.0,1,1.0,1,1.0,1,0.15716349822501305,55
3417,1,5629,2740,2889,0,0,0,1.0,1,1.0,1,1.0,1,0.163207235829981,56
3418,2,5631,2742,2889,0,0,0,1.0,1,1.0,1,1.0,1,0.2157345854778128,55
3419,7,5638,2744,2894,0,0,0,1.0,1,1.0,1,1.0,1,0.22821860571251662,56
3420,5,5643,2745,2898,0,0,0,1.0,1,1.0,1,1.0,1,0.23816528441570645,55
3421,6,5649,2746,2903,0,0,0,1.0,1,1.0,1,1.0,1,0.19806243524112593,57
3422,1,5650,2747,2903,0,0,0,1.0,1,1.0,1,1.0,1,0.20734835072021363,56
3423,1,5651,2748,2903,0,0,0,1.0,1,1.0,1,1.0,1,0.19787264592921333,56
3424,1,5652,2749,2903,0,0,0,1.0,1,1.0,1,1.0,1,0.21994882377428665,56
3425,1,5653,2750,2903,0,0,0,1.0,1,1.0,1,1.0,1,0.22108600897910002,56
3426,1,5654,2750,2904,0,0,0,1.0,1,1.0,1,1.0,1,0.22500703163548824,55
3427,2,5656,2751,2905,0,0,0,1.0,1,1.0,1,1.0,1,0.2552115853812226,55
3428,3,5659,2753,2906,0,0,0,1.0,1,1.0,1,1.0,1,0.238632433475781,55
3429,0,5659,2753,2906,0,0,0,1.0,1,1.0,1,1.0,1,0.2530964147174542,54
3430,1,5660,2753,2907,0,0,0,1.0,1,1.0,1,1.0,1,0.25521620176577337,56
3431,8,5668,2753,2915,0,0,0,1.0,1,1.0,1,1.0,1,0.11331968803155473,54
3432,5,5673,2756,2917,0,0,0,1.0,1,1.0,1,1.0,1,0.20262470208432895,56
3433,3,5676,2757,2919,0,0,0,1.0,1,1.0,1,1.0,1,0.19677543182895993,53
3434,3,5679,2757,2922,0,0,0,1.0,1,1.0,1,1.0,1,0.23970674571144543,51
3435,2,5681,2757,2924,0,0,0,1.0,1,1.0,1,1.0,1,0.261380244531834,51
3436,3,5684,2758,2926,0,0,0,1.0,1,1.0,1,1.0,1,0.24293006841915582,51
3437,10,5694,2760,2934,0,0,0,1.0,1,1.0,1,1.0,1,0.1695580553185584,53
3438,2,5696,2760,2936,0,0,0,1.0,1,1.0,1,1.0,1,0.1875783128170631,52
3439,2,5698,2760,2938,0,0,0,1.0,1,1.0,1,1.0,1,0.17327064616606214,54
3440,3,5701,2761,2940,0,0,0,1.0,1,1.0,1,1.0,1,0.14811044381906227,52
3441,2,5703,2761,2942,0,0,0,1.0,1,1.0,1,1.0,1,0.13404394658074711,53
3442,2,5705,2762,2943,0,0,0,1.0,1,1.0,1,1.0,1,0.1469704611318458,53
3443,1,5706,2762,2944,0,0,0,1.0,1,1.0,1,1.0,1,0.14385926658492904,53
3444,1,5707,2763,2944,0,0,0,1.0,1,1.0,1,1.0,1,0.1708615081733526,52
3445,1,5708,2764,2944,0,0,0,1.0,1,1.0,1,1.0,1,0.18986351586149505,53
3446,2,5710,2765,2945,0,0,0,1.0,1,1.0,1,1.0,1,0.2555132548123257,53
3447,1,5711,2765,2946,0,0,0,1.0,1,1.0,1,1.0,1,0.2255020418555618,53
3448,5,5716,2768,2948,0,0,0,1.0,1,1.0,1,1.0,1,0.26997541599259817,52
3449,3,5719,2771,2948,0,0,0,1.0,1,1.0,1,1.0,1,0.24788937589253895,52
3450,2,5721,2773,2948,0,0,0,1.0,1,1.0,1,1.0,1,0.24697932083265922,52
3451,5,5726,2775,2951,0,0,0,1.0,1,1.0,1,1.0,1,0.19670795792388024,54
3452,0,5726,2775,2951,0,0,0,1.0,1,1.0,1,1.0,1,0.19670795792388024,54
3453,1,5727,2776,2951,0,0,0,1.0,1,1.0,1,1.0,1,0.2055275141751306,54
3454,0,5727,2776,2951,0,0,0,1.0,1,1.0,1,1.0,1,0.19426120753204268,57
3455,0,5727,2776,2951,0,0,0,1.0,1,1.0,1,1.0,1,0.19426120753204268,57
3456,2,5729,2777,2952,0,0,0,1.0,1,1.0,1,1.0,1,0.23112425812095594,58
3457,2,5731,2777,2954,0,0,0,1.0,1,1.0,1,1.0,1,0.19179706742279193,57
3458,0,5731,2777,2954,0,0,0,1.0,1,1.0,1,1.0,1,0.20385589706767493,57
3459,1,5732,2777,2955,0,0,0,1.0,1,1.0,1,1.0,1,0.17659735525555553,57
3460,0,5732,2777,2955,0,0,0,1.0,1,1.0,1,1.0,1,0.1723605383785511,58
3461,3,5735,2777,2958,0,0,0,1.0,1,1.0,1,1.0,1,0.16658949234587217,59
3462,2,5737,2778,2959,0,0,0,1.0,1,1.0,1,1.0,1,0.153996573365919,59
3463,2,5739,2780,2959,0,0,0,1.0,1,1.0,1,1.0,1,0.17020971009818253,59
3464,2,5741,2782,2959,0,0,0,1.0,1,1.0,1,1.0,1,0.22287238575247934,59
3465,2,5743,2783,2960,0,0,0,1.0,1,1.0,1,1.0,1,0.21979855826600836,57
3466,1,5744,2784,2960,0,0,0,1.0,1,1.0,1,1.0,1,0.24713799657849764,57
3467,1,5745,2784,2961,0,0,0,1.0,1,1.0,1,1.0,1,0.22000985347112756,57
3468,3,5748,2787,2961,0,0,0,1.0,1,1.0,1,1.0,1,0.25973695693629073,57
3469,2,5750,2789,2961,0,0,0,1.0,1,1.0,1,1.0,1,0.2807206951265281,53
3470,3,5753,2792,2961,0,0,0,1.0,1,1.0,1,1.0,1,0.2969856517643171,50
3471,6,5759,2793,2966,0,0,0,1.0,1,1.0,1,1.0,1,0.2005753689402877,49
3472,2,5761,2794,2967,0,0,0,1.0,1,1.0,1,1.0,1,0.25776869952692444,47
3473,5,5766,2796,2970,0,0,0,1.0,1,1.0,1,1.0,1,0.27637061294746085,45
3474,0,5766,2796,2970,0,0,0,1.0,1,1.0,1,1.0,1,0.32160856318495445,42
3475,4,5770,2798,2972,0,0,0,1.0,1,1.0,1,1.0,1,0.3237366212099361,43
3476,5,5775,2799,2976,0,0,0,1.0,1,1.0,1,1.0,1,0.3121728703105016,41
3477,6,5781,2804,2977,0,0,0,1.0,1,1.0,1,1.0,1,0.2569095100456874,42
3478,2,5783,2806,2977,0,0,0,1.0,1,1.0,1,1.0,1,0.2908654875325175,40
3479,1,5784,2807,2977,0,0,0,1.0,1,1.0,1,1.0,1,0.27632248212320176,40
3480,2,5786,2808,2978,0,0,0,1.0,1,1.0,1,1.0,1,0.25154596576132604,40
3481,3,5789,2808,2981,0,0,0,1.0,1,1.0,1,1.0,1,0.17155282256295307,40
3482,0,5789,2808,2981,0,0,0,1.0,1,1.0,1,1.0,1,0.17155282256295307,40
3483,1,5790,2809,2981,0,0,0,1.0,1,1.0,1,1.0,1,0.1879085556991754,39
3484,0,5790,2809,2981,0,0,0,1.0,1,1.0,1,1.0,1,0.1879085556991754,39
3485,2,5792,2811,2981,0,0,0,1.0,1,1.0,1,1.0,1,0.2428937965100508,40
3486,4,5796,2812,2984,0,0,0,1.0,1,1.0,1,1.0,1,0.23833572114687096,41
3487,2,5798,2812,2986,0,0,0,1.0,1,1.0,1,1.0,1,0.2560858292912686,41
3488,3,5801,2813,2988,0,0,0,1.0,1,1.0,1,1.0,1,0.2154147780477113,42
3489,1,5802,2814,2988,0,0,0,1.0,1,1.0,1,1.0,1,0.20586225701527688,44
3490,0,5802,2814,2988,0,0,0,1.0,1,1.0,1,1.0,1,0.20586225701527688,44
3491,2,5804,2814,2990,0,0,0,1.0,1,1.0,1,1.0,1,0.21087455284775314,45
3492,2,5806,2815,2991,0,0,0,1.0,1,1.0,1,1.0,1,0.19712299179187953,45
3493,2,5808,2816,2992,0,0,0,1.0,1,1.0,1,1.0,1,0.1896919863340702,45
3494,1,5809,2816,2993,0,0,0,1.0,1,1.0,1,1.0,1,0.17337671677557717,45
3495,0,5809,2816,2993,0,0,0,1.0,1,1.0,1,1.0,1,0.17337671677557717,45
3496,1,5810,2817,2993,0,0,0,1.0,1,1.0,1,1.0,1,0.22780573575384605,46
3497,2,5812,2818,2994,0,0,0,1.0,1,1.0,1,1.0,1,0.2424769484958379,47
3498,2,5814,2819,2995,0,0,0,1.0,1,1.0,1,1.0,1,0.26831089910553624,48
3499,0,5814,2819,2995,0,0,0,1.0,1,1.0,1,1.0,1,0.29002776557777926,47
3500,3,5817,2819,2998,0,0,0,1.0,1,1.0,1,1.0,1,0.24462568468433019,50
3501,2,5819,2820,2999,0,0,0,1.0,1,1.0,1,1.0,1,0.23533967554969956,50
3502,0,5819,2820,2999,0,0,0,1.0,1,1.0,1,1.0,1,0.23533967554969956,50
3503,2,5821,2822,2999,0,0,0,1.0,1,1.0,1,1.0,1,0.2745625908461606,50
3504,2,5823,2824,2999,0,0,0,1.0,1,1.0,1,1.0,1,0.3395754723673486,47
3505,3,5826,2825,3001,0,0,0,1.0,1,1.0,1,1.0,1,0.34085726961704704,48
3506,3,5829,2827,3002,0,0,0,1.0,1,1.0,1,1.0,1,0.3786026621186147,49
3507,0,5829,2827,3002,0,0,0,1.0,1,1.0,1,1.0,1,0.3455555409902747,46
3508,1,5830,2827,3003,0,0,0,1.0,1,1.0,1,1.0,1,0.34588417650835074,47
3509,0,5830,2827,3003,0,0,0,1.0,1,1.0,1,1.0,1,0.34436832610230333,44
3510,1,5831,2828,3003,0,0,0,1.0,1,1.0,1,1.0,1,0.39233374121707665,45
3511,4,5835,2831,3004,0,0,0,1.0,1,1.0,1,1.0,1,0.32316145505962934,44
3512,0,5835,2831,3004,0,0,0,1.0,1,1.0,1,1.0,1,0.3203308737457082,42
3513,0,5835,2831,3004,0,0,0,1.0,1,1.0,1,1.0,1,0.3203308737457082,42
3514,0,5835,2831,3004,0,0,0,1.0,1,1.0,1,1.0,1,0.32458376502038155,42
3515,4,5839,2833,3006,0,0,0,1.0,1,1.0,1,1.0,1,0.3433295401604624,42
3516,1,5840,2833,3007,0,0,0,1.0,1,1.0,1,1.0,1,0.29563592073430467,41
3517,1,5841,2834,3007,0,0,0,1.0,1,1.0,1,1.0,1,0.2974032520814768,44
3518,2,5843,2835,3008,0,0,0,1.0,1,1.0,1,1.0,1,0.3202323787942078,43
3519,1,5844,2835,3009,0,0,0,1.0,1,1.0,1,1.0,1,0.3342189527870597,44
3520,0,5844,2835,3009,0,0,0,1.0,1,1.0,1,1.0,1,0.3423760165255233,45
3521,8,5852,2835,3017,0,0,0,1.0,1,1.0,1,1.0,1,0.25655810577290056,45
3522,1,5853,2835,3018,0,0,0,1.0,1,1.0,1,1.0,1,0.2549365334403773,46
3523,2,5855,2835,3020,0,0,0,1.0,1,1.0,1,1.0,1,0.2549365334403773,46
3524,3,5858,2835,3023,0,0,0,1.0,1,1.0,1,1.0,1,0.2291216622213554,47
3525,3,5861,2835,3026,0,0,0,1.0,1,1.0,1,1.0,1,0.2728410399592059,48
3526,6,5867,2835,3032,0,0,0,1.0,1,1.0,1,1.0,1,0.2590058700900081,49
3527,5,5872,2837,3035,0,0,0,1.0,1,1.0,1,1.0,1,0.2990444931173085,49
3528,5,5877,2837,3040,0,0,0,1.0,1,1.0,1,1.0,1,0.2972509547177766,51
3529,3,5880,2837,3043,0,0,0,1.0,1,1.0,1,1.0,1,0.28034973414739717,51
3530,1,5881,2838,3043,0,0,0,1.0,1,1.0,1,1.0,1,0.29784817471999625,52
3531,5,5886,2839,3047,0,0,0,1.0,1,1.0,1,1.0,1,0.2713085216675916,52
3532,1,5887,2839,3048,0,0,0,1.0,1,1.0,1,1.0,1,0.2578130216266606,52
3533,0,5887,2839,3048,0,0,0,1.0,1,1.0,1,1.0,1,0.2578130216266606,52
3534,0,5887,2839,3048,0,0,0,1.0,1,1.0,1,1.0,1,0.2578130216266606,52
3535,0,5887,2839,3048,0,0,0,1.0,1,1.0,1,1.0,1,0.2578130216266606,52
3536,2,5889,2839,3050,0,0,0,1.0,1,1.0,1,1.0,1,0.24633779701551925,54
3537,1,5890,2839,3051,0,0,0,1.0,1,1.0,1,1.0,1,0.23799299711510524,55
3538,0,5890,2839,3051,0,0,0,1.0,1,1.0,1,1.0,1,0.23799299711510524,55
3539,0,5890,2839,3051,0,0,0,1.0,1,1.0,1,1.0,1,0.22402685342789153,58
3540,0,5890,2839,3051,0,0,0,1.0,1,1.0,1,1.0,1,0.2344907206179229,59
3541,0,5890,2839,3051,0,0,0,1.0,1,1.0,1,1.0,1,0.2344907206179229,59
3542,1,5891,2839,3052,0,0,0,1.0,1,1.0,1,1.0,1,0.2342200019050669,61
3543,6,5897,2841,3056,0,0,0,1.0,1,1.0,1,1.0,1,0.22023185534320597,62
3544,4,5901,2844,3057,0,0,0,1.0,1,1.0,1,1.0,1,0.2099965033171842,59
3545,2,5903,2845,3058,0,0,0,1.0,1,1.0,1,1.0,1,0.2170164527315337,59
3546,3,5906,2847,3059,0,0,0,1.0,1,1.0,1,1.0,1,0.23950724744913585,57
3547,1,5907,2848,3059,0,0,0,1.0,1,1.0,1,1.0,1,0.23246309005005336,53
3548,2,5909,2849,3060,0,0,0,1.0,1,1.0,1,1.0,1,0.23562203520690306,53
3549,1,5910,2850,3060,0,0,0,1.0,1,1.0,1,1.0,1,0.2259512689593598,52
3550,2,5912,2851,3061,0,0,0,1.0,1,1.0,1,1.0,1,0.22992648824687387,51
3551,2,5914,2852,3062,0,0,0,1.0,1,1.0,1,1.0,1,0.2227816763092287,51
3552,3,5917,2853,3064,0,0,0,1.0,1,1.0,1,1.0,1,0.22205304974439863,51
3553,0,5917,2853,3064,0,0,0,1.0,1,1.0,1,1.0,1,0.23303439661871664,49
3554,2,5919,2853,3066,0,0,0,1.0,1,1.0,1,1.0,1,0.2081612736555444,49
3555,1,5920,2853,3067,0,0,0,1.0,1,1.0,1,1.0,1,0.20943412545090972,51
3556,0,5920,2853,3067,0,0,0,1.0,1,1.0,1,1.0,1,0.20943412545090972,51
3557,1,5921,2854,3067,0,0,0,1.0,1,1.0,1,1.0,1,0.21075825347060384,52
3558,2,5923,2855,3068,0,0,0,1.0,1,1.0,1,1.0,1,0.2239201568309236,52
3559,2,5925,2856,3069,0,0,0,1.0,1,1.0,1,1.0,1,0.21657310078090275,52
3560,0,5925,2856,3069,0,0,0,1.0,1,1.0,1,1.0,1,0.203730360537219,53
3561,3,5928,2857,3071,0,0,0,1.0,1,1.0,1,1.0,1,0.17297152902686533,54
3562,3,5931,2859,3072,0,0,0,1.0,1,1.0,1,1.0,1,0.1835717779494136,54
3563,3,5934,2860,3074,0,0,0,1.0,1,1.0,1,1.0,1,0.2086388199698667,55
3564,2,5936,2860,3076,0,0,0,1.0,1,1.0,1,1.0,1,0.17592002638916313,57
3565,0,5936,2860,3076,0,0,0,1.0,1,1.0,1,1.0,1,0.18307565899710418,56
3566,1,5937,2861,3076,0,0,0,1.0,1,1.0,1,1.0,1,0.2154506501950291,57
3567,1,5938,2862,3076,0,0,0,1.0,1,1.0,1,1.0,1,0.2266442218274491,57
3568,1,5939,2863,3076,0,0,0,1.0,1,1.0,1,1.0,1,0.24206514314286973,57
3569,1,5940,2863,3077,0,0,0,1.0,1,1.0,1,1.0,1,0.22689987348269444,57
3570,4,5944,2864,3080,0,0,0,1.0,1,1.0,1,1.0,1,0.23427880521784117,59
3571,4,5948,2865,3083,0,0,0,1.0,1,1.0,1,1.0,1,0.17616065093536662,60
3572,0,5948,2865,3083,0,0,0,1.0,1,1.0,1,1.0,1,0.16930939478458454,61
3573,0,5948,2865,3083,0,0,0,1.0,1,1.0,1,1.0,1,0.17765086373835137,62
3574,0,5948,2865,3083,0,0,0,1.0,1,1.0,1,1.0,1,0.18289420802886766,63
3575,0,5948,2865,3083,0,0,0,1.0,1,1.0,1,1.0,1,0.18289420802886766,63
3576,3,5951,2867,3084,0,0,0,1.0,1,1.0,1,1.0,1,0.19893180871445373,63
3577,0,5951,2867,3084,0,0,0,1.0,1,1.0,1,1.0,1,0.20279463012564236,64
3578,1,5952,2868,3084,0,0,0,1.0,1,1.0,1,1.0,1,0.20731666029865845,64
3579,0,5952,2868,3084,0,0,0,1.0,1,1.0,1,1.0,1,0.20731666029865845,64
3580,1,5953,2868,3085,0,0,0,1.0,1,1.0,1,1.0,1,0.20183535151859194,65
3581,2,5955,2868,3087,0,0,0,1.0,1,1.0,1,1.0,1,0.20671410404841822,68
3582,4,5959,2870,3089,0,0,0,1.0,1,1.0,1,1.0,1,0.18830167134443854,68
3583,2,5961,2872,3089,0,0,0,1.0,1,1.0,1,1.0,1,0.19071876418235492,65
3584,4,5965,2875,3090,0,0,0,1.0,1,1.0,1,1.0,1,0.22144626455859942,64
3585,3,5968,2877,3091,0,0,0,1.0,1,1.0,1,1.0,1,0.21081755494394855,64
3586,8,5976,2881,3095,0,0,0,1.0,1,1.0,1,1.0,1,0.19358166773787325,65
3587,3,5979,2882,3097,0,0,0,1.0,1,1.0,1,1.0,1,0.16436335251977044,64
3588,4,5983,2884,3099,0,0,0,1.0,1,1.0,1,1.0,1,0.15050499155338,62
3589,3,5986,2887,3099,0,0,0,1.0,1,1.0,1,1.0,1,0.17765145507225327,63
3590,2,5988,2888,3100,0,0,0,1.0,1,1.0,1,1.0,1,0.17801663823939598,63
3591,3,5991,2889,3102,0,0,0,1.0,1,1.0,1,1.0,1,0.16180864098302125,62
3592,0,5991,2889,3102,0,0,0,1.0,1,1.0,1,1.0,1,0.1478527462155619,59
3593,2,5993,2890,3103,0,0,0,1.0,1,1.0,1,1.0,1,0.11700501386717475,58
3594,0,5993,2890,3103,0,0,0,1.0,1,1.0,1,1.0,1,0.156097746891123,57
3595,2,5995,2891,3104,0,0,0,1.0,1,1.0,1,1.0,1,0.15175037142519907,59
3596,3,5998,2893,3105,0,0,0,1.0,1,1.0,1,1.0,1,0.1106669728132788,57
3597,3,6001,2896,3105,0,0,0,1.0,1,1.0,1,1.0,1,0.1431092956183475,57
3598,0,6001,2896,3105,0,0,0,1.0,1,1.0,1,1.0,1,0.1431092956183475,57
3599,2,6003,2898,3105,0,0,0,1.0,1,1.0,1,1.0,1,0.1467944663771662,58
3600,0,6003,2898,3105,0,0,0,1.0,1,1.0,1,1.0,1,0.14565704926091982,58
3601,3,6006,2899,3107,0,0,0,1.0,1,1.0,1,1.0,1,0.1407541608269845,58
3602,2,6008,2900,3108,0,0,0,1.0,1,1.0,1,1.0,1,0.10400673704519653,60
3603,1,6009,2901,3108,0,0,0,1.0,1,1.0,1,1.0,1,0.12788539240195249,60
3604,0,6009,2901,3108,0,0,0,1.0,1,1.0,1,1.0,1,0.12788539240195249,60
3605,2,6011,2902,3109,0,0,0,1.0,1,1.0,1,1.0,1,0.1634783604647466,61
3606,5,6016,2904,3112,0,0,0,1.0,1,1.0,1,1.0,1,0.1705913158426076,63
3607,2,6018,2905,3113,0,0,0,1.0,1,1.0,1,1.0,1,0.19879590841811587,63
3608,2,6020,2906,3114,0,0,0,1.0,1,1.0,1,1.0,1,0.1871686994516604,64
3609,3,6023,2906,3117,0,0,0,1.0,1,1.0,1,1.0,1,0.16171982666209225,66
3610,2,6025,2908,3117,0,0,0,1.0,1,1.0,1,1.0,1,0.17220760294474374,67
3611,4,6029,2910,3119,0,0,0,1.0,1,1.0,1,1.0,1,0.17662147606559267,67
3612,1,6030,2911,3119,0,0,0,1.0,1,1.0,1,1.0,1,0.16580584622413064,66
3613,1,6031,2912,3119,0,0,0,1.0,1,1.0,1,1.0,1,0.18723324929112217,66
3614,2,6033,2914,3119,0,0,0,1.0,1,1.0,1,1.0,1,0.1871581055990795,65
3615,1,6034,2914,3120,0,0,0,1.0,1,1.0,1,1.0,1,0.1534902964788965,65
3616,1,6035,2915,3120,0,0,0,1.0,1,1.0,1,1.0,1,0.1464362328165353,65
3617,1,6036,2916,3120,0,0,0,1.0,1,1.0,1,1.0,1,0.14786856498030646,66
3618,0,6036,2916,3120,0,0,0,1.0,1,1.0,1,1.0,1,0.14786856498030646,66
3619,2,6038,2918,3120,0,0,0,1.0,1,1.0,1,1.0,1,0.1694989092539039,65
3620,1,6039,2918,3121,0,0,0,1.0,1,1.0,1,1.0,1,0.15812389406078517,66
3621,2,6041,2918,3123,0,0,0,1.0,1,1.0,1,1.0,1,0.12306867682142851,65
3622,3,6044,2919,3125,0,0,0,1.0,1,1.0,1,1.0,1,0.09850410822006939,65
3623,0,6044,2919,3125,0,0,0,1.0,1,1.0,1,1.0,1,0.1102982448605186,62
3624,3,6047,2922,3125,0,0,0,1.0,1,1.0,1,1.0,1,0.13835801304389964,62
3625,4,6051,2925,3126,0,0,0,1.0,1,1.0,1,1.0,1,0.1544438955554171,61
3626,3,6054,2928,3126,0,0,0,1.0,1,1.0,1,1.0,1,0.2033985381462775,58
3627,4,6058,2930,3128,0,0,0,1.0,1,1.0,1,1.0,1,0.20525934944034344,58
3628,4,6062,2933,3129,0,0,0,1.0,1,1.0,1,1.0,1,0.17977632909627075,57
3629,0,6062,2933,3129,0,0,0,1.0,1,1.0,1,1.0,1,0.19025965585686297,57
3630,3,6065,2936,3129,0,0,0,1.0,1,1.0,1,1.0,1,0.24894325118020894,56
3631,10,6075,2940,3135,0,0,0,1.0,1,1.0,1,1.0,1,0.2054169507015188,54
3632,2,6077,2940,3137,0,0,0,1.0,1,1.0,1,1.0,1,0.2067675035878817,52
3633,7,6084,2945,3139,0,0,0,1.0,1,1.0,1,1.0,1,0.2840234334682466,52
3634,5,6089,2946,3143,0,0,0,1.0,1,1.0,1,1.0,1,0.2778932610526004,49
3635,2,6091,2947,3144,0,0,0,1.0,1,1.0,1,1.0,1,0.3125396817207548,47
3636,5,6096,2948,3148,0,0,0,1.0,1,1.0,1,1.0,1,0.2996157598632835,48
3637,5,6101,2948,3153,0,0,0,1.0,1,1.0,1,1.0,1,0.25547033763925997,49
3638,3,6104,2948,3156,0,0,0,1.0,1,1.0,1,1.0,1,0.24587647708928762,50
3639,4,6108,2949,3159,0,0,0,1.0,1,1.0,1,1.0,1,0.24158322928879972,52
3640,0,6108,2949,3159,0,0,0,1.0,1,1.0,1,1.0,1,0.24158322928879972,52
3641,5,6113,2949,3164,0,0,0,1.0,1,1.0,1,1.0,1,0.17758945745351062,52
3642,0,6113,2949,3164,0,0,0,1.0,1,1.0,1,1.0,1,0.17758945745351062,52
3643,0,6113,2949,3164,0,0,0,1.0,1,1.0,1,1.0,1,0.17758945745351062,52
3644,1,6114,2950,3164,0,0,0,1.0,1,1.0,1,1.0,1,0.1749769304710029,52
3645,1,6115,2951,3164,0,0,0,1.0,1,1.0,1,1.0,1,0.19545591253828398,53
3646,0,6115,2951,3164,0,0,0,1.0,1,1.0,1,1.0,1,0.19545591253828398,53
3647,1,6116,2951,3165,0,0,0,1.0,1,1.0,1,1.0,1,0.20812302833909765,55
3648,4,6120,2951,3169,0,0,0,1.0,1,1.0,1,1.0,1,0.1583960351046215,57
3649,0,6120,2951,3169,0,0,0,1.0,1,1.0,1,1.0,1,0.1583960351046215,57
3650,0,6120,2951,3169,0,0,0,1.0,1,1.0,1,1.0,1,0.1605947031715742,59
3651,2,6122,2952,3170,0,0,0,1.0,1,1.0,1,1.0,1,0.14806772069536447,59
3652,0,6122,2952,3170,0,0,0,1.0,1,1.0,1,1.0,1,0.14806772069536447,59
3653,0,6122,2952,3170,0,0,0,1.0,1,1.0,1,1.0,1,0.14806772069536447,59
3654,0,6122,2952,3170,0,0,0,1.0,1,1.0,1,1.0,1,0.14806772069536447,59
3655,0,6122,2952,3170,0,0,0,1.0,1,1.0,1,1.0,1,0.1532847823662918,62
3656,0,6122,2952,3170,0,0,0,1.0,1,1.0,1,1.0,1,0.1532847823662918,62
3657,1,6123,2952,3171,0,0,0,1.0,1,1.0,1,1.0,1,0.15710595579447584,63
3658,4,6127,2953,3174,0,0,0,1.0,1,1.0,1,1.0,1,0.15613888058451975,63
3659,1,6128,2954,3174,0,0,0,1.0,1,1.0,1,1.0,1,0.16167074420261382,62
3660,3,6131,2957,3174,0,0,0,1.0,1,1.0,1,1.0,1,0.20028713722499705,62
3661,3,6134,2957,3177,0,0,0,1.0,1,1.0,1,1.0,1,0.11397688510664766,61
3662,3,6137,2960,3177,0,0,0,1.0,1,1.0,1,1.0,1,0.18342315481467059,60
3663,1,6138,2960,3178,0,0,0,1.0,1,1.0,1,1.0,1,0.17728372793252636,61
3664,0,6138,2960,3178,0,0,0,1.0,1,1.0,1,1.0,1,0.15869590768221303,58
3665,1,6139,2961,3178,0,0,0,1.0,1,1.0,1,1.0,1,0.15746021200021543,58
3666,2,6141,2962,3179,0,0,0,1.0,1,1.0,1,1.0,1,0.15384865413998527,58
3667,4,6145,2965,3180,0,0,0,1.0,1,1.0,1,1.0,1,0.1987641843859383,58
3668,0,6145,2965,3180,0,0,0,1.0,1,1.0,1,1.0,1,0.234003775086617,58
3669,1,6146,2966,3180,0,0,0,1.0,1,1.0,1,1.0,1,0.24001417636185637,57
3670,1,6147,2967,3180,0,0,0,1.0,1,1.0,1,1.0,1,0.21770375125276026,56
3671,5,6152,2968,3184,0,0,0,1.0,1,1.0,1,1.0,1,0.18976822935785875,57
3672,2,6154,2969,3185,0,0,0,1.0,1,1.0,1,1.0,1,0.21010595672381507,57
3673,0,6154,2969,3185,0,0,0,1.0,1,1.0,1,1.0,1,0.20068116939156788,58
3674,0,6154,2969,3185,0,0,0,1.0,1,1.0,1,1.0,1,0.20970688922056663,57
3675,0,6154,2969,3185,0,0,0,1.0,1,1.0,1,1.0,1,0.2190923055855305,58
3676,0,6154,2969,3185,0,0,0,1.0,1,1.0,1,1.0,1,0.2112316646662304,59
3677,2,6156,2970,3186,0,0,0,1.0,1,1.0,1,1.0,1,0.2161515204899368,60
3678,5,6161,2970,3191,0,0,0,1.0,1,1.0,1,1.0,1,0.1667142962106563,62
3679,1,6162,2970,3192,0,0,0,1.0,1,1.0,1,1.0,1,0.15004693437755517,62
3680,0,6162,2970,3192,0,0,0,1.0,1,1.0,1,1.0,1,0.1332213145422604,63
3681,0,6162,2970,3192,0,0,0,1.0,1,1.0,1,1.0,1,0.13706833521741768,64
3682,0,6162,2970,3192,0,0,0,1.0,1,1.0,1,1.0,1,0.13706833521741768,64
3683,0,6162,2970,3192,0,0,0,1.0,1,1.0,1,1.0,1,0.13706833521741768,64
3684,1,6163,2971,3192,0,0,0,1.0,1,1.0,1,1.0,1,0.15352378971193573,64
3685,0,6163,2971,3192,0,0,0,1.0,1,1.0,1,1.0,1,0.15352378971193573,64
3686,0,6163,2971,3192,0,0,0,1.0,1,1.0,1,1.0,1,0.15408187630631343,65
3687,0,6163,2971,3192,0,0,0,1.0,1,1.0,1,1.0,1,0.15408187630631343,65
3688,0,6163,2971,3192,0,0,0,1.0,1,1.0,1,1.0,1,0.16659565467115645,66
3689,0,6163,2971,3192,0,0,0,1.0,1,1.0,1,1.0,1,0.16659565467115645,66
3690,0,6163,2971,3192,0,0,0,1.0,1,1.0,1,1.0,1,0.17657467609536578,67
3691,1,6164,2972,3192,0,0,0,1.0,1,1.0,1,1.0,1,0.17948046948638668,68
3692,1,6165,2972,3193,0,0,0,1.0,1,1.0,1,1.0,1,0.16330555364147548,69
3693,3,6168,2973,3195,0,0,0,1.0,1,1.0,1,1.0,1,0.13359774037937755,69
3694,1,6169,2974,3195,0,0,0,1.0,1,1.0,1,1.0,1,0.15647523040469566,70
3695,1,6170,2974,3196,0,0,0,1.0,1,1.0,1,1.0,1,0.14812818719616627,70
3696,1,6171,2975,3196,0,0,0,1.0,1,1.0,1,1.0,1,0.14083349611789597,71
3697,3,6174,2978,3196,0,0,0,1.0,1,1.0,1,1.0,1,0.15993031854101222,70
3698,2,6176,2980,3196,0,0,0,1.0,1,1.0,1,1.0,1,0.19656017685675575,70
3699,2,6178,2981,3197,0,0,0,1.0,1,1.0,1,1.0,1,0.1783293011515143,70
3700,3,6181,2984,3197,0,0,0,1.0,1,1.0,1,1.0,1,0.20765839048319995,68
3701,5,6186,2984,3202,0,0,0,1.0,1,1.0,1,1.0,1,0.18236982582801195,69
3702,2,6188,2985,3203,0,0,0,1.0,1,1.0,1,1.0,1,0.17448363639718564,69
3703,1,6189,2985,3204,0,0,0,1.0,1,1.0,1,1.0,1,0.17327786215240643,70
3704,2,6191,2987,3204,0,0,0,1.0,1,1.0,1,1.0,1,0.18662282192344012,69
3705,2,6193,2988,3205,0,0,0,1.0,1,1.0,1,1.0,1,0.21283525319310848,69
3706,2,6195,2989,3206,0,0,0,1.0,1,1.0,1,1.0,1,0.19622471404783512,69
3707,1,6196,2989,3207,0,0,0,1.0,1,1.0,1,1.0,1,0.15420957481511896,67
3708,0,6196,2989,3207,0,0,0,1.0,1,1.0,1,1.0,1,0.1414652997330497,67
3709,1,6197,2989,3208,0,0,0,1.0,1,1.0,1,1.0,1,0.13209734275688825,67
3710,0,6197,2989,3208,0,0,0,1.0,1,1.0,1,1.0,1,0.13032470106117405,67
3711,2,6199,2989,3210,0,0,0,1.0,1,1.0,1,1.0,1,0.11363918500820766,68
3712,0,6199,2989,3210,0,0,0,1.0,1,1.0,1,1.0,1,0.11363918500820766,68
3713,2,6201,2991,3210,0,0,0,1.0,1,1.0,1,1.0,1,0.1283493839588219,68
3714,0,6201,2991,3210,0,0,0,1.0,1,1.0,1,1.0,1,0.1391351755814324,67
3715,2,6203,2992,3211,0,0,0,1.0,1,1.0,1,1.0,1,0.1466401803739742,68
3716,0,6203,2992,3211,0,0,0,1.0,1,1.0,1,1.0,1,0.1523640956424286,67
3717,1,6204,2993,3211,0,0,0,1.0,1,1.0,1,1.0,1,0.1887454710632433,68
3718,0,6204,2993,3211,0,0,0,1.0,1,1.0,1,1.0,1,0.20350035440085557,68
3719,1,6205,2994,3211,0,0,0,1.0,1,1.0,1,1.0,1,0.24617314071079344,68
3720,0,6205,2994,3211,0,0,0,1.0,1,1.0,1,1.0,1,0.24617314071079344,68
3721,5,6210,2998,3212,0,0,0,1.0,1,1.0,1,1.0,1,0.20734045506657509,70
3722,0,6210,2998,3212,0,0,0,1.0,1,1.0,1,1.0,1,0.21836538122966664,71
3723,2,6212,3000,3212,0,0,0,1.0,1,1.0,1,1.0,1,0.22938640546202452,71
3724,2,6214,3001,3213,0,0,0,1.0,1,1.0,1,1.0,1,0.22158887320232987,72
3725,4,6218,3003,3215,0,0,0,1.0,1,1.0,1,1.0,1,0.2231274938848749,72
3726,0,6218,3003,3215,0,0,0,1.0,1,1.0,1,1.0,1,0.2308032570603731,71
3727,0,6218,3003,3215,0,0,0,1.0,1,1.0,1,1.0,1,0.2308032570603731,71
3728,0,6218,3003,3215,0,0,0,1.0,1,1.0,1,1.0,1,0.23793932608261326,70
3729,1,6219,3004,3215,0,0,0,1.0,1,1.0,1,1.0,1,0.24568600210385566,70
3730,4,6223,3005,3218,0,0,0,1.0,1,1.0,1,1.0,1,0.24795510983756316,71
3731,8,6231,3005,3226,0,0,0,1.0,1,1.0,1,1.0,1,0.1612567863612777,71
3732,0,6231,3005,3226,0,0,0,1.0,1,1.0,1,1.0,1,0.165910441252699,72
3733,2,6233,3006,3227,0,0,0,1.0,1,1.0,1,1.0,1,0.1887598179964708,73
3734,6,6239,3008,3231,0,0,0,1.0,1,1.0,1,1.0,1,0.19345394015422765,74
3735,2,6241,3009,3232,0,0,0,1.0,1,1.0,1,1.0,1,0.17318404096906814,72
3736,0,6241,3009,3232,0,0,0,1.0,1,1.0,1,1.0,1,0.15075189983715256,72
3737,1,6242,3009,3233,0,0,0,1.0,1,1.0,1,1.0,1,0.16312874447923698,73
3738,0,6242,3009,3233,0,0,0,1.0,1,1.0,1,1.0,1,0.15207178286061596,72
3739,1,6243,3009,3234,0,0,0,1.0,1,1.0,1,1.0,1,0.1519653519115996,73
3740,2,6245,3009,3236,0,0,0,1.0,1,1.0,1,1.0,1,0.18533902299701674,70
3741,2,6247,3009,3238,0,0,0,1.0,1,1.0,1,1.0,1,0.16500800709347277,70
3742,3,6250,3011,3239,0,0,0,1.0,1,1.0,1,1.0,1,0.1579039257956714,70
3743,1,6251,3011,3240,0,0,0,1.0,1,1.0,1,1.0,1,0.14369901619568115,69
3744,5,6256,3016,3240,0,0,0,1.0,1,1.0,1,1.0,1,0.20211352661174573,69
3745,1,6257,3016,3241,0,0,0,1.0,1,1.0,1,1.0,1,0.16551764429438043,68
3746,0,6257,3016,3241,0,0,0,1.0,1,1.0,1,1.0,1,0.1862003752545871,66
3747,1,6258,3017,3241,0,0,0,1.0,1,1.0,1,1.0,1,0.18941527972138217,66
3748,1,6259,3018,3241,0,0,0,1.0,1,1.0,1,1.0,1,0.17081646996498365,65
3749,1,6260,3019,3241,0,0,0,1.0,1,1.0,1,1.0,1,0.1848683080540217,64
3750,2,6262,3021,3241,0,0,0,1.0,1,1.0,1,1.0,1,0.21081198124219083,63
3751,4,6266,3021,3245,0,0,0,1.0,1,1.0,1,1.0,1,0.15045796781263251,64
3752,2,6268,3023,3245,0,0,0,1.0,1,1.0,1,1.0,1,0.1508219626810312,64
3753,1,6269,3023,3246,0,0,0,1.0,1,1.0,1,1.0,1,0.14334133839442753,65
3754,3,6272,3026,3246,0,0,0,1.0,1,1.0,1,1.0,1,0.154788633066759,65
3755,6,6278,3028,3250,0,0,0,1.0,1,1.0,1,1.0,1,0.14479271727722612,65
3756,1,6279,3028,3251,0,0,0,1.0,1,1.0,1,1.0,1,0.13844065755649385,65
3757,5,6284,3031,3253,0,0,0,1.0,1,1.0,1,1.0,1,0.1578998341034619,65
3758,0,6284,3031,3253,0,0,0,1.0,1,1.0,1,1.0,1,0.16188054371996424,64
3759,3,6287,3034,3253,0,0,0,1.0,1,1.0,1,1.0,1,0.19140617201102153,64
3760,1,6288,3034,3254,0,0,0,1.0,1,1.0,1,1.0,1,0.20829289625763436,63
3761,6,6294,3034,3260,0,0,0,1.0,1,1.0,1,1.0,1,0.1544055819138527,63
3762,2,6296,3034,3262,0,0,0,1.0,1,1.0,1,1.0,1,0.16012304582282433,65
3763,2,6298,3035,3263,0,0,0,1.0,1,1.0,1,1.0,1,0.1823368823867376,65
3764,2,6300,3035,3265,0,0,0,1.0,1,1.0,1,1.0,1,0.17084145909980503,66
3765,1,6301,3035,3266,0,0,0,1.0,1,1.0,1,1.0,1,0.1646181979543122,67
3766,2,6303,3037,3266,0,0,0,1.0,1,1.0,1,1.0,1,0.1805224957611632,67
3767,1,6304,3038,3266,0,0,0,1.0,1,1.0,1,1.0,1,0.17606093277875562,68
3768,2,6306,3040,3266,0,0,0,1.0,1,1.0,1,1.0,1,0.22335369457563314,67
3769,1,6307,3040,3267,0,0,0,1.0,1,1.0,1,1.0,1,0.20982627122398986,69
3770,1,6308,3040,3268,0,0,0,1.0,1,1.0,1,1.0,1,0.20865431071300136,69
3771,4,6312,3040,3272,0,0,0,1.0,1,1.0,1,1.0,1,0.1757557485789379,69
3772,0,6312,3040,3272,0,0,0,1.0,1,1.0,1,1.0,1,0.1838024742315508,70
3773,0,6312,3040,3272,0,0,0,1.0,1,1.0,1,1.0,1,0.17706690610682183,68
3774,3,6315,3041,3274,0,0,0,1.0,1,1.0,1,1.0,1,0.16666728010804482,68
3775,1,6316,3042,3274,0,0,0,1.0,1,1.0,1,1.0,1,0.20321747152345837,68
3776,0,6316,3042,3274,0,0,0,1.0,1,1.0,1,1.0,1,0.20747650111191657,66
3777,2,6318,3044,3274,0,0,0,1.0,1,1.0,1,1.0,1,0.19779553592980087,65
3778,1,6319,3045,3274,0,0,0,1.0,1,1.0,1,1.0,1,0.18891748055383853,65
3779,2,6321,3047,3274,0,0,0,1.0,1,1.0,1,1.0,1,0.21954934975388352,65
3780,4,6325,3049,3276,0,0,0,1.0,1,1.0,1,1.0,1,0.22642669747481523,64
3781,9,6334,3049,3285,0,0,0,1.0,1,1.0,1,1.0,1,0.10819390689685938,64
3782,3,6337,3051,3286,0,0,0,1.0,1,1.0,1,1.0,1,0.15831884255513268,67
3783,1,6338,3052,3286,0,0,0,1.0,1,1.0,1,1.0,1,0.1705404975113897,65
3784,3,6341,3053,3288,0,0,0,1.0,1,1.0,1,1.0,1,0.160718180319844,65
3785,3,6344,3055,3289,0,0,0,1.0,1,1.0,1,1.0,1,0.18563884773951708,63
3786,2,6346,3056,3290,0,0,0,1.0,1,1.0,1,1.0,1,0.22151809023192676,66
3787,1,6347,3057,3290,0,0,0,1.0,1,1.0,1,1.0,1,0.24457174699144152,65
3788,2,6349,3057,3292,0,0,0,1.0,1,1.0,1,1.0,1,0.21657375134771423,65
3789,1,6350,3058,3292,0,0,0,1.0,1,1.0,1,1.0,1,0.22574557306778723,65
3790,1,6351,3058,3293,0,0,0,1.0,1,1.0,1,1.0,1,0.2200991762169646,64
3791,8,6359,3060,3299,0,0,0,1.0,1,1.0,1,1.0,1,0.1854892335570761,64
3792,6,6365,3062,3303,0,0,0,1.0,1,1.0,1,1.0,1,0.16507846466310427,65
3793,2,6367,3062,3305,0,0,0,1.0,1,1.0,1,1.0,1,0.17655232738908025,68
3794,1,6368,3063,3305,0,0,0,1.0,1,1.0,1,1.0,1,0.19068497302107817,68
3795,2,6370,3063,3307,0,0,0,1.0,1,1.0,1,1.0,1,0.16467831467022087,69
3796,0,6370,3063,3307,0,0,0,1.0,1,1.0,1,1.0,1,0.16467831467022087,69
3797,0,6370,3063,3307,0,0,0,1.0,1,1.0,1,1.0,1,0.1793247237574549,70
3798,0,6370,3063,3307,0,0,0,1.0,1,1.0,1,1.0,1,0.1793247237574549,70
3799,0,6370,3063,3307,0,0,0,1.0,1,1.0,1,1.0,1,0.18894980640636633,69
3800,0,6370,3063,3307,0,0,0,1.0,1,1.0,1,1.0,1,0.18894980640636633,69
3801,3,6373,3063,3310,0,0,0,1.0,1,1.0,1,1.0,1,0.17392893924305988,67
3802,0,6373,3063,3310,0,0,0,1.0,1,1.0,1,1.0,1,0.17392893924305988,67
3803,2,6375,3064,3311,0,0,0,1.0,1,1.0,1,1.0,1,0.16488815262131318,69
3804,1,6376,3065,3311,0,0,0,1.0,1,1.0,1,1.0,1,0.17474724197734295,70
3805,4,6380,3067,3313,0,0,0,1.0,1,1.0,1,1.0,1,0.18337163684611107,71
3806,1,6381,3068,3313,0,0,0,1.0,1,1.0,1,1.0,1,0.19110073678880507,71
3807,1,6382,3069,3313,0,0,0,1.0,1,1.0,1,1.0,1,0.21364920848089786,72
3808,1,6383,3069,3314,0,0,0,1.0,1,1.0,1,1.0,1,0.21167175593535262,72
3809,2,6385,3070,3315,0,0,0,1.0,1,1.0,1,1.0,1,0.21406615756196745,72
3810,3,6388,3072,3316,0,0,0,1.0,1,1.0,1,1.0,1,0.23037114888741855,72
3811,5,6393,3072,3321,0,0,0,1.0,1,1.0,1,1.0,1,0.15135307645366441,71
3812,0,6393,3072,3321,0,0,0,1.0,1,1.0,1,1.0,1,0.1629382189606126,72
3813,1,6394,3073,3321,0,0,0,1.0,1,1.0,1,1.0,1,0.2341081577327412,71
3814,3,6397,3074,3323,0,0,0,1.0,1,1.0,1,1.0,1,0.21187579855993338,72
3815,2,6399,3074,3325,0,0,0,1.0,1,1.0,1,1.0,1,0.20293654307890888,71
3816,1,6400,3074,3326,0,0,0,1.0,1,1.0,1,1.0,1,0.2063583781578802,69
3817,1,6401,3074,3327,0,0,0,1.0,1,1.0,1,1.0,1,0.23209026730472046,72
3818,3,6404,3075,3329,0,0,0,1.0,1,1.0,1,1.0,1,0.23240030622550645,72
3819,3,6407,3076,3331,0,0,0,1.0,1,1.0,1,1.0,1,0.24422012941990284,72
3820,3,6410,3077,3333,0,0,0,1.0,1,1.0,1,1.0,1,0.24814857975570767,72
3821,4,6414,3079,3335,0,0,0,1.0,1,1.0,1,1.0,1,0.26302616106764565,72
3822,1,6415,3080,3335,0,0,0,1.0,1,1.0,1,1.0,1,0.25421437199458125,69
3823,2,6417,3081,3336,0,0,0,1.0,1,1.0,1,1.0,1,0.24603029468072163,69
3824,1,6418,3082,3336,0,0,0,1.0,1,1.0,1,1.0,1,0.2656510066350515,65
3825,2,6420,3084,3336,0,0,0,1.0,1,1.0,1,1.0,1,0.27352961881576965,64
3826,3,6423,3085,3338,0,0,0,1.0,1,1.0,1,1.0,1,0.26606582679264945,65
3827,4,6427,3087,3340,0,0,0,1.0,1,1.0,1,1.0,1,0.2590878657270239,64
3828,1,6428,3088,3340,0,0,0,1.0,1,1.0,1,1.0,1,0.2516376443643626,65
3829,4,6432,3091,3341,0,0,0,1.0,1,1.0,1,1.0,1,0.2723567334753042,65
3830,1,6433,3091,3342,0,0,0,1.0,1,1.0,1,1.0,1,0.2647416257252209,64
3831,8,6441,3094,3347,0,0,0,1.0,1,1.0,1,1.0,1,0.21562903474867237,63
3832,1,6442,3094,3348,0,0,0,1.0,1,1.0,1,1.0,1,0.21345379952952992,64
3833,0,6442,3094,3348,0,0,0,1.0,1,1.0,1,1.0,1,0.21345379952952992,64
3834,2,6444,3095,3349,0,0,0,1.0,1,1.0,1,1.0,1,0.21240359155638538,63
3835,2,6446,3096,3350,0,0,0,1.0,1,1.0,1,1.0,1,0.21696611739266453,63
3836,2,6448,3097,3351,0,0,0,1.0,1,1.0,1,1.0,1,0.2039145131202238,63
3837,4,6452,3099,3353,0,0,0,1.0,1,1.0,1,1.0,1,0.21392563729659358,62
3838,1,6453,3100,3353,0,0,0,1.0,1,1.0,1,1.0,1,0.20542403337882784,62
3839,1,6454,3101,3353,0,0,0,1.0,1,1.0,1,1.0,1,0.24904651842519313,60
3840,1,6455,3101,3354,0,0,0,1.0,1,1.0,1,1.0,1,0.25263755918325986,62
3841,2,6457,3102,3355,0,0,0,1.0,1,1.0,1,1.0,1,0.27612088644116217,62
3842,1,6458,3102,3356,0,0,0,1.0,1,1.0,1,1.0,1,0.2561041348579563,63
3843,2,6460,3102,3358,0,0,0,1.0,1,1.0,1,1.0,1,0.23728780770070218,64
3844,0,6460,3102,3358,0,0,0,1.0,1,1.0,1,1.0,1,0.2341373372994305,65
3845,2,6462,3102,3360,0,0,0,1.0,1,1.0,1,1.0,1,0.2197215885706182,66
3846,3,6465,3103,3362,0,0,0,1.0,1,1.0,1,1.0,1,0.21274129090374444,67
3847,0,6465,3103,3362,0,0,0,1.0,1,1.0,1,1.0,1,0.21274129090374444,67
3848,2,6467,3104,3363,0,0,0,1.0,1,1.0,1,1.0,1,0.21121361099870398,67
3849,4,6471,3105,3366,0,0,0,1.0,1,1.0,1,1.0,1,0.21865703382841284,67
3850,4,6475,3107,3368,0,0,0,1.0,1,1.0,1,1.0,1,0.2282326327145188,68
3851,7,6482,3109,3373,0,0,0,1.0,1,1.0,1,1.0,1,0.16516445824719075,68
3852,4,6486,3110,3376,0,0,0,1.0,1,1.0,1,1.0,1,0.19466819399004454,70
3853,3,6489,3111,3378,0,0,0,1.0,1,1.0,1,1.0,1,0.1812819104553893,70
3854,0,6489,3111,3378,0,0,0,1.0,1,1.0,1,1.0,1,0.1812819104553893,70
3855,0,6489,3111,3378,0,0,0,1.0,1,1.0,1,1.0,1,0.1751612978763186,69
3856,2,6491,3112,3379,0,0,0,1.0,1,1.0,1,1.0,1,0.1924930880235369,70
3857,4,6495,3115,3380,0,0,0,1.0,1,1.0,1,1.0,1,0.23795922961052918,68
3858,4,6499,3116,3383,0,0,0,1.0,1,1.0,1,1.0,1,0.22207664100513239,67
3859,1,6500,3116,3384,0,0,0,1.0,1,1.0,1,1.0,1,0.2555708312930033,66
3860,4,6504,3116,3388,0,0,0,1.0,1,1.0,1,1.0,1,0.2616941970196481,66
3861,3,6507,3116,3391,0,0,0,1.0,1,1.0,1,1.0,1,0.2219417527538406,66
3862,2,6509,3117,3392,0,0,0,1.0,1,1.0,1,1.0,1,0.22720185503872697,66
3863,0,6509,3117,3392,0,0,0,1.0,1,1.0,1,1.0,1,0.21230827746048417,63
3864,1,6510,3118,3392,0,0,0,1.0,1,1.0,1,1.0,1,0.22700900468818597,63
3865,0,6510,3118,3392,0,0,0,1.0,1,1.0,1,1.0,1,0.21457830771869943,61
3866,1,6511,3119,3392,0,0,0,1.0,1,1.0,1,1.0,1,0.2111482386812438,61
3867,2,6513,3121,3392,0,0,0,1.0,1,1.0,1,1.0,1,0.22734017980501253,60
3868,0,6513,3121,3392,0,0,0,1.0,1,1.0,1,1.0,1,0.21559110036943924,59
3869,1,6514,3122,3392,0,0,0,1.0,1,1.0,1,1.0,1,0.2227351563715441,61
3870,1,6515,3123,3392,0,0,0,1.0,1,1.0,1,1.0,1,0.24728871545331627,61
3871,7,6522,3124,3398,0,0,0,1.0,1,1.0,1,1.0,1,0.19603163926672368,64
3872,0,6522,3124,3398,0,0,0,1.0,1,1.0,1,1.0,1,0.19196759518612683,63
3873,2,6524,3125,3399,0,0,0,1.0,1,1.0,1,1.0,1,0.1954427106895871,62
3874,1,6525,3126,3399,0,0,0,1.0,1,1.0,1,1.0,1,0.19689885262045378,63
3875,1,6526,3127,3399,0,0,0,1.0,1,1.0,1,1.0,1,0.19074143528702328,61
3876,1,6527,3127,3400,0,0,0,1.0,1,1.0,1,1.0,1,0.18225144214006084,62
3877,1,6528,3128,3400,0,0,0,1.0,1,1.0,1,1.0,1,0.1931478286010544,63
3878,0,6528,3128,3400,0,0,0,1.0,1,1.0,1,1.0,1,0.1931478286010544,63
3879,1,6529,3129,3400,0,0,0,1.0,1,1.0,1,1.0,1,0.19910802554798368,63
3880,1,6530,3129,3401,0,0,0,1.0,1,1.0,1,1.0,1,0.1876617809193948,65
3881,5,6535,3130,3405,0,0,0,1.0,1,1.0,1,1.0,1,0.17670355384935438,65
3882,2,6537,3131,3406,0,0,0,1.0,1,1.0,1,1.0,1,0.15419711225093297,66
3883,0,6537,3131,3406,0,0,0,1.0,1,1.0,1,1.0,1,0.15419711225093297,66
3884,0,6537,3131,3406,0,0,0,1.0,1,1.0,1,1.0,1,0.15419711225093297,66
3885,1,6538,3132,3406,0,0,0,1.0,1,1.0,1,1.0,1,0.16723025837231262,66
3886,2,6540,3134,3406,0,0,0,1.0,1,1.0,1,1.0,1,0.19154686658257553,65
3887,3,6543,3134,3409,0,0,0,1.0,1,1.0,1,1.0,1,0.19190168980003153,65
3888,1,6544,3135,3409,0,0,0,1.0,1,1.0,1,1.0,1,0.22579467463155972,66
3889,1,6545,3136,3409,0,0,0,1.0,1,1.0,1,1.0,1,0.24422153466563826,64
3890,0,6545,3136,3409,0,0,0,1.0,1,1.0,1,1.0,1,0.23688912162306905,63
3891,4,6549,3137,3412,0,0,0,1.0,1,1.0,1,1.0,1,0.22326750200273102,66
3892,3,6552,3137,3415,0,0,0,1.0,1,1.0,1,1.0,1,0.19730593611633368,67
3893,3,6555,3137,3418,0,0,0,1.0,1,1.0,1,1.0,1,0.17064765675008386,66
3894,0,6555,3137,3418,0,0,0,1.0,1,1.0,1,1.0,1,0.18329597368937786,67
3895,1,6556,3137,3419,0,0,0,1.0,1,1.0,1,1.0,1,0.19655332302390885,66
3896,1,6557,3138,3419,0,0,0,1.0,1,1.0,1,1.0,1,0.20232482350292788,66
3897,0,6557,3138,3419,0,0,0,1.0,1,1.0,1,1.0,1,0.21645747384461522,65
3898,6,6563,3143,3420,0,0,0,1.0,1,1.0,1,1.0,1,0.273101346105518,65
3899,2,6565,3145,3420,0,0,0,1.0,1,1.0,1,1.0,1,0.2610094530326582,64
3900,3,6568,3146,3422,0,0,0,1.0,1,1.0,1,1.0,1,0.25797194606274537,63
3901,4,6572,3147,3425,0,0,0,1.0,1,1.0,1,1.0,1,0.2162841311517392,63
3902,1,6573,3147,3426,0,0,0,1.0,1,1.0,1,1.0,1,0.22035087705941045,64
3903,1,6574,3148,3426,0,0,0,1.0,1,1.0,1,1.0,1,0.21548050629666837,64
3904,2,6576,3150,3426,0,0,0,1.0,1,1.0,1,1.0,1,0.20978234650477182,63
3905,0,6576,3150,3426,0,0,0,1.0,1,1.0,1,1.0,1,0.23518065730900645,63
3906,3,6579,3153,3426,0,0,0,1.0,1,1.0,1,1.0,1,0.23795041557702223,64
3907,2,6581,3154,3427,0,0,0,1.0,1,1.0,1,1.0,1,0.24919491084332168,64
3908,1,6582,3155,3427,0,0,0,1.0,1,1.0,1,1.0,1,0.24166977495915068,63
3909,1,6583,3156,3427,0,0,0,1.0,1,1.0,1,1.0,1,0.250905255876631,62
3910,0,6583,3156,3427,0,0,0,1.0,1,1.0,1,1.0,1,0.2589821207512079,62
3911,6,6589,3157,3432,0,0,0,1.0,1,1.0,1,1.0,1,0.21568826604782185,64
3912,2,6591,3157,3434,0,0,0,1.0,1,1.0,1,1.0,1,0.1933966013729896,64
3913,0,6591,3157,3434,0,0,0,1.0,1,1.0,1,1.0,1,0.20561268826495108,65
3914,0,6591,3157,3434,0,0,0,1.0,1,1.0,1,1.0,1,0.2192102428137738,65
3915,0,6591,3157,3434,0,0,0,1.0,1,1.0,1,1.0,1,0.2192410076039949,66
3916,1,6592,3158,3434,0,0,0,1.0,1,1.0,1,1.0,1,0.23212607119698783,66
3917,2,6594,3158,3436,0,0,0,1.0,1,1.0,1,1.0,1,0.2015759869151894,66
3918,3,6597,3158,3439,0,0,0,1.0,1,1.0,1,1.0,1,0.18523826778207242,67
3919,2,6599,3159,3440,0,0,0,1.0,1,1.0,1,1.0,1,0.18763506244108288,68
3920,1,6600,3160,3440,0,0,0,1.0,1,1.0,1,1.0,1,0.1814183888734117,69
3921,3,6603,3160,3443,0,0,0,1.0,1,1.0,1,1.0,1,0.1687429282374754,68
3922,3,6606,3163,3443,0,0,0,1.0,1,1.0,1,1.0,1,0.19199854330711977,68
3923,2,6608,3163,3445,0,0,0,1.0,1,1.0,1,1.0,1,0.18650634824868972,69
3924,0,6608,3163,3445,0,0,0,1.0,1,1.0,1,1.0,1,0.19897583878235564,69
3925,2,6610,3165,3445,0,0,0,1.0,1,1.0,1,1.0,1,0.25036645010634695,67
3926,0,6610,3165,3445,0,0,0,1.0,1,1.0,1,1.0,1,0.2639473285879482,67
3927,2,6612,3165,3447,0,0,0,1.0,1,1.0,1,1.0,1,0.28161323081179734,65
3928,1,6613,3165,3448,0,0,0,1.0,1,1.0,1,1.0,1,0.26795728077747843,65
3929,3,6616,3168,3448,0,0,0,1.0,1,1.0,1,1.0,1,0.2601518389505823,64
3930,1,6617,3168,3449,0,0,0,1.0,1,1.0,1,1.0,1,0.26261412342098917,64
3931,6,6623,3170,3453,0,0,0,1.0,1,1.0,1,1.0,1,0.22975892065944825,62
3932,1,6624,3171,3453,0,0,0,1.0,1,1.0,1,1.0,1,0.22650263262049372,62
3933,1,6625,3172,3453,0,0,0,1.0,1,1.0,1,1.0,1,0.2210704208249842,62
3934,3,6628,3173,3455,0,0,0,1.0,1,1.0,1,1.0,1,0.19969222253440028,61
3935,0,6628,3173,3455,0,0,0,1.0,1,1.0,1,1.0,1,0.20438480638167345,64
3936,0,6628,3173,3455,0,0,0,1.0,1,1.0,1,1.0,1,0.21283335544029794,65
3937,0,6628,3173,3455,0,0,0,1.0,1,1.0,1,1.0,1,0.2080069329813624,66
3938,0,6628,3173,3455,0,0,0,1.0,1,1.0,1,1.0,1,0.2080069329813624,66
3939,0,6628,3173,3455,0,0,0,1.0,1,1.0,1,1.0,1,0.20940737487314068,67
3940,2,6630,3174,3456,0,0,0,1.0,1,1.0,1,1.0,1,0.20965077511909136,69
3941,3,6633,3174,3459,0,0,0,1.0,1,1.0,1,1.0,1,0.17299357765800616,69
3942,1,6634,3175,3459,0,0,0,1.0,1,1.0,1,1.0,1,0.1798006583083069,69
3943,1,6635,3176,3459,0,0,0,1.0,1,1.0,1,1.0,1,0.18877106170689617,68
3944,1,6636,3177,3459,0,0,0,1.0,1,1.0,1,1.0,1,0.20169081664125313,68
3945,3,6639,3180,3459,0,0,0,1.0,1,1.0,1,1.0,1,0.20699925802432811,67
3946,5,6644,3183,3461,0,0,0,1.0,1,1.0,1,1.0,1,0.19890656634411763,67
3947,2,6646,3184,3462,0,0,0,1.0,1,1.0,1,1.0,1,0.17898927466510947,66
3948,1,6647,3185,3462,0,0,0,1.0,1,1.0,1,1.0,1,0.18732787970568848,67
3949,3,6650,3188,3462,0,0,0,1.0,1,1.0,1,1.0,1,0.23338969202092885,66
3950,0,6650,3188,3462,0,0,0,1.0,1,1.0,1,1.0,1,0.23573441784070367,65
3951,2,6652,3188,3464,0,0,0,1.0,1,1.0,1,1.0,1,0.21017618339938032,65
3952,2,6654,3190,3464,0,0,0,1.0,1,1.0,1,1.0,1,0.2088135758575829,65
3953,0,6654,3190,3464,0,0,0,1.0,1,1.0,1,1.0,1,0.22368766164554238,65
3954,1,6655,3191,3464,0,0,0,1.0,1,1.0,1,1.0,1,0.23329520426962155,64
3955,4,6659,3192,3467,0,0,0,1.0,1,1.0,1,1.0,1,0.23634982515935535,64
3956,0,6659,3192,3467,0,0,0,1.0,1,1.0,1,1.0,1,0.2423016975330001,63
3957,0,6659,3192,3467,0,0,0,1.0,1,1.0,1,1.0,1,0.2423016975330001,63
3958,3,6662,3193,3469,0,0,0,1.0,1,1.0,1,1.0,1,0.2434548183326192,63
3959,4,6666,3194,3472,0,0,0,1.0,1,1.0,1,1.0,1,0.2224517617601284,62
3960,0,6666,3194,3472,0,0,0,1.0,1,1.0,1,1.0,1,0.2224517617601284,62
3961,4,6670,3195,3475,0,0,0,1.0,1,1.0,1,1.0,1,0.19694212694837898,64
3962,2,6672,3196,3476,0,0,0,1.0,1,1.0,1,1.0,1,0.18787570259371478,64
3963,4,6676,3199,3477,0,0,0,1.0,1,1.0,1,1.0,1,0.20878610269626266,62
3964,1,6677,3200,3477,0,0,0,1.0,1,1.0,1,1.0,1,0.21139180471007085,63
3965,1,6678,3200,3478,0,0,0,1.0,1,1.0,1,1.0,1,0.22782013376200974,63
3966,3,6681,3201,3480,0,0,0,1.0,1,1.0,1,1.0,1,0.2315511655358882,62
3967,1,6682,3201,3481,0,0,0,1.0,1,1.0,1,1.0,1,0.23247687053333024,64
3968,0,6682,3201,3481,0,0,0,1.0,1,1.0,1,1.0,1,0.22699250452920963,63
3969,2,6684,3202,3482,0,0,0,1.0,1,1.0,1,1.0,1,0.2418932131046144,63
3970,5,6689,3202,3487,0,0,0,1.0,1,1.0,1,1.0,1,0.23435621998487824,65
3971,5,6694,3202,3492,0,0,0,1.0,1,1.0,1,1.0,1,0.18823766166061565,65
3972,5,6699,3204,3495,0,0,0,1.0,1,1.0,1,1.0,1,0.173214407785032,66
3973,0,6699,3204,3495,0,0,0,1.0,1,1.0,1,1.0,1,0.173214407785032,66
3974,3,6702,3206,3496,0,0,0,1.0,1,1.0,1,1.0,1,0.19863701003942102,66
3975,2,6704,3208,3496,0,0,0,1.0,1,1.0,1,1.0,1,0.22267213045676088,66
3976,2,6706,3209,3497,0,0,0,1.0,1,1.0,1,1.0,1,0.2441550563173309,66
3977,3,6709,3210,3499,0,0,0,1.0,1,1.0,1,1.0,1,0.2461451915534853,64
3978,4,6713,3213,3500,0,0,0,1.0,1,1.0,1,1.0,1,0.2648834636289795,63
3979,1,6714,3213,3501,0,0,0,1.0,1,1.0,1,1.0,1,0.2908220346171574,63
3980,1,6715,3214,3501,0,0,0,1.0,1,1.0,1,1.0,1,0.2858743059569027,63
3981,6,6721,3214,3507,0,0,0,1.0,1,1.0,1,1.0,1,0.23700505079270948,64
3982,2,6723,3215,3508,0,0,0,1.0,1,1.0,1,1.0,1,0.22123810818767956,65
3983,4,6727,3217,3510,0,0,0,1.0,1,1.0,1,1.0,1,0.2146634148321104,64
3984,4,6731,3218,3513,0,0,0,1.0,1,1.0,1,1.0,1,0.2128550709216881,65
3985,4,6735,3220,3515,0,0,0,1.0,1,1.0,1,1.0,1,0.20696042266397938,64
3986,0,6735,3220,3515,0,0,0,1.0,1,1.0,1,1.0,1,0.21000925654774738,63
3987,1,6736,3220,3516,0,0,0,1.0,1,1.0,1,1.0,1,0.2160490402399831,63
3988,4,6740,3221,3519,0,0,0,1.0,1,1.0,1,1.0,1,0.2184852848331511,63
3989,4,6744,3222,3522,0,0,0,1.0,1,1.0,1,1.0,1,0.21609819219423218,63
3990,2,6746,3223,3523,0,0,0,1.0,1,1.0,1,1.0,1,0.24272578728002922,62
3991,5,6751,3223,3528,0,0,0,1.0,1,1.0,1,1.0,1,0.17947104122355637,62
3992,0,6751,3223,3528,0,0,0,1.0,1,1.0,1,1.0,1,0.1764748458593162,65
3993,0,6751,3223,3528,0,0,0,1.0,1,1.0,1,1.0,1,0.1764748458593162,65
3994,1,6752,3223,3529,0,0,0,1.0,1,1.0,1,1.0,1,0.1635391087808901,64
3995,1,6753,3223,3530,0,0,0,1.0,1,1.0,1,1.0,1,0.14717687121795228,64
3996,0,6753,3223,3530,0,0,0,1.0,1,1.0,1,1.0,1,0.17174268213062077,67
3997,3,6756,3223,3533,0,0,0,1.0,1,1.0,1,1.0,1,0.16098388529777044,69
3998,4,6760,3224,3536,0,0,0,1.0,1,1.0,1,1.0,1,0.14596730795484214,69
3999,1,6761,3224,3537,0,0,0,1.0,1,1.0,1,1.0,1,0.13837384077820009,69
4000,3,6764,3224,3540,0,0,0,1.0,1,1.0,1,1.0,1,0.13101315517844134,69
4001,1,6765,3224,3541,0,0,0,1.0,1,1.0,1,1.0,1,0.11170496434050477,68
4002,2,6767,3225,3542,0,0,0,1.0,1,1.0,1,1.0,1,0.13767114868377464,68
4003,1,6768,3226,3542,0,0,0,1.0,1,1.0,1,1.0,1,0.16235190661452653,68
4004,3,6771,3229,3542,0,0,0,1.0,1,1.0,1,1.0,1,0.1938767281669966,67
4005,1,6772,3229,3543,0,0,0,1.0,1,1.0,1,1.0,1,0.194503908240367,67
4006,1,6773,3230,3543,0,0,0,1.0,1,1.0,1,1.0,1,0.21905798439089094,67
4007,1,6774,3230,3544,0,0,0,1.0,1,1.0,1,1.0,1,0.22145012098476208,67
4008,3,6777,3232,3545,0,0,0,1.0,1,1.0,1,1.0,1,0.2254316146507407,67
4009,2,6779,3234,3545,0,0,0,1.0,1,1.0,1,1.0,1,0.22833089322109237,67
4010,2,6781,3236,3545,0,0,0,1.0,1,1.0,1,1.0,1,0.271151585042519,66
4011,4,6785,3237,3548,0,0,0,1.0,1,1.0,1,1.0,1,0.21013499000020636,66
4012,1,6786,3237,3549,0,0,0,1.0,1,1.0,1,1.0,1,0.21990037785988645,66
4013,1,6787,3237,3550,0,0,0,1.0,1,1.0,1,1.0,1,0.19998099643089842,66
4014,3,6790,3239,3551,0,0,0,1.0,1,1.0,1,1.0,1,0.20416469883327454,66
4015,0,6790,3239,3551,0,0,0,1.0,1,1.0,1,1.0,1,0.2218652406818141,64
4016,1,6791,3240,3551,0,0,0,1.0,1,1.0,1,1.0,1,0.27716406688437706,64
4017,1,6792,3240,3552,0,0,0,1.0,1,1.0,1,1.0,1,0.26040541695061664,66
4018,1,6793,3240,3553,0,0,0,1.0,1,1.0,1,1.0,1,0.25386067043147986,67
4019,2,6795,3242,3553,0,0,0,1.0,1,1.0,1,1.0,1,0.28086523106739797,67
4020,0,6795,3242,3553,0,0,0,1.0,1,1.0,1,1.0,1,0.2958658730562452,66
4021,4,6799,3244,3555,0,0,0,1.0,1,1.0,1,1.0,1,0.29929989537669743,66
4022,0,6799,3244,3555,0,0,0,1.0,1,1.0,1,1.0,1,0.29929989537669743,66
4023,3,6802,3247,3555,0,0,0,1.0,1,1.0,1,1.0,1,0.29051290641613053,66
4024,2,6804,3249,3555,0,0,0,1.0,1,1.0,1,1.0,1,0.30703302677543953,66
4025,2,6806,3250,3556,0,0,0,1.0,1,1.0,1,1.0,1,0.29829978296031934,66
4026,7,6813,3253,3560,0,0,0,1.0,1,1.0,1,1.0,1,0.28555979470865767,66
4027,1,6814,3254,3560,0,0,0,1.0,1,1.0,1,1.0,1,0.2818676558178047,64
4028,2,6816,3255,3561,0,0,0,1.0,1,1.0,1,1.0,1,0.29052807235596906,63
4029,2,6818,3256,3562,0,0,0,1.0,1,1.0,1,1.0,1,0.26720996937685365,62
4030,2,6820,3257,3563,0,0,0,1.0,1,1.0,1,1.0,1,0.2724633083529893,63
4031,1,6821,3257,3564,0,0,0,1.0,1,1.0,1,1.0,1,0.25613330674795864,62
4032,3,6824,3260,3564,0,0,0,1.0,1,1.0,1,1.0,1,0.2817994217996079,62
4033,4,6828,3262,3566,0,0,0,1.0,1,1.0,1,1.0,1,0.28396972650700797,61
4034,1,6829,3263,3566,0,0,0,1.0,1,1.0,1,1.0,1,0.27433485574204536,60
4035,0,6829,3263,3566,0,0,0,1.0,1,1.0,1,1.0,1,0.29211291696602887,59
4036,2,6831,3265,3566,0,0,0,1.0,1,1.0,1,1.0,1,0.3023860805552427,58
4037,1,6832,3266,3566,0,0,0,1.0,1,1.0,1,1.0,1,0.2883504470576278,59
4038,0,6832,3266,3566,0,0,0,1.0,1,1.0,1,1.0,1,0.29065833004411057,58
4039,5,6837,3268,3569,0,0,0,1.0,1,1.0,1,1.0,1,0.3135475493880591,56
4040,1,6838,3268,3570,0,0,0,1.0,1,1.0,1,1.0,1,0.3141188796763947,55
4041,3,6841,3270,3571,0,0,0,1.0,1,1.0,1,1.0,1,0.3597294706287034,54
4042,1,6842,3271,3571,0,0,0,1.0,1,1.0,1,1.0,1,0.36129041221014446,56
4043,0,6842,3271,3571,0,0,0,1.0,1,1.0,1,1.0,1,0.36129041221014446,56
4044,0,6842,3271,3571,0,0,0,1.0,1,1.0,1,1.0,1,0.3690001154181948,56
4045,4,6846,3274,3572,0,0,0,1.0,1,1.0,1,1.0,1,0.3777098143498622,57
4046,0,6846,3274,3572,0,0,0,1.0,1,1.0,1,1.0,1,0.41765750448385724,59
4047,1,6847,3275,3572,0,0,0,1.0,1,1.0,1,1.0,1,0.4254828994888057,59
4048,0,6847,3275,3572,0,0,0,1.0,1,1.0,1,1.0,1,0.4254828994888057,59
4049,0,6847,3275,3572,0,0,0,1.0,1,1.0,1,1.0,1,0.4160918248255483,60
4050,0,6847,3275,3572,0,0,0,1.0,1,1.0,1,1.0,1,0.4160918248255483,60
4051,2,6849,3275,3574,0,0,0,1.0,1,1.0,1,1.0,1,0.39856684198671805,60
4052,0,6849,3275,3574,0,0,0,1.0,1,1.0,1,1.0,1,0.39856684198671805,60
4053,0,6849,3275,3574,0,0,0,1.0,1,1.0,1,1.0,1,0.39856684198671805,60
4054,3,6852,3276,3576,0,0,0,1.0,1,1.0,1,1.0,1,0.3814053700247674,61
4055,0,6852,3276,3576,0,0,0,1.0,1,1.0,1,1.0,1,0.3814053700247674,61
4056,1,6853,3276,3577,0,0,0,1.0,1,1.0,1,1.0,1,0.3754812209495138,62
4057,0,6853,3276,3577,0,0,0,1.0,1,1.0,1,1.0,1,0.3816933993771976,63
4058,5,6858,3277,3581,0,0,0,1.0,1,1.0,1,1.0,1,0.36604682920305776,64
4059,1,6859,3277,3582,0,0,0,1.0,1,1.0,1,1.0,1,0.3686474156611354,63
4060,0,6859,3277,3582,0,0,0,1.0,1,1.0,1,1.0,1,0.3686474156611354,63
4061,2,6861,3277,3584,0,0,0,1.0,1,1.0,1,1.0,1,0.3506245014768251,63
4062,1,6862,3278,3584,0,0,0,1.0,1,1.0,1,1.0,1,0.3455120301162137,65
4063,2,6864,3278,3586,0,0,0,1.0,1,1.0,1,1.0,1,0.31043979880114686,64
4064,4,6868,3280,3588,0,0,0,1.0,1,1.0,1,1.0,1,0.2965511375692176,65
4065,2,6870,3282,3588,0,0,0,1.0,1,1.0,1,1.0,1,0.2886693615355028,64
4066,3,6873,3284,3589,0,0,0,1.0,1,1.0,1,1.0,1,0.2945812667194337,64
4067,3,6876,3285,3591,0,0,0,1.0,1,1.0,1,1.0,1,0.30828605109867757,63
4068,3,6879,3285,3594,0,0,0,1.0,1,1.0,1,1.0,1,0.28332547816190484,64
4069,8,6887,3288,3599,0,0,0,1.0,1,1.0,1,1.0,1,0.24398423499212168,62
4070,3,6890,3290,3600,0,0,0,1.0,1,1.0,1,1.0,1,0.25773071348738585,61
4071,3,6893,3292,3601,0,0,0,1.0,1,1.0,1,1.0,1,0.2530247298605889,61
4072,4,6897,3296,3601,0,0,0,1.0,1,1.0,1,1.0,1,0.24850122372671513,60
4073,1,6898,3297,3601,0,0,0,1.0,1,1.0,1,1.0,1,0.25255678128860587,60
4074,6,6904,3301,3603,0,0,0,1.0,1,1.0,1,1.0,1,0.2732738847660727,60
4075,0,6904,3301,3603,0,0,0,1.0,1,1.0,1,1.0,1,0.2525577262222049,59
4076,1,6905,3302,3603,0,0,0,1.0,1,1.0,1,1.0,1,0.2835256656005236,60
4077,3,6908,3304,3604,0,0,0,1.0,1,1.0,1,1.0,1,0.2865481328721015,61
4078,0,6908,3304,3604,0,0,0,1.0,1,1.0,1,1.0,1,0.29632761557549225,60
4079,0,6908,3304,3604,0,0,0,1.0,1,1.0,1,1.0,1,0.32391884354268047,58
4080,2,6910,3305,3605,0,0,0,1.0,1,1.0,1,1.0,1,0.3064106932436514,56
4081,5,6915,3305,3610,0,0,0,1.0,1,1.0,1,1.0,1,0.26271291836921645,56
4082,0,6915,3305,3610,0,0,0,1.0,1,1.0,1,1.0,1,0.2801238461581664,55
4083,1,6916,3306,3610,0,0,0,1.0,1,1.0,1,1.0,1,0.2965945323020393,55
4084,1,6917,3307,3610,0,0,0,1.0,1,1.0,1,1.0,1,0.30767912805932024,55
4085,2,6919,3307,3612,0,0,0,1.0,1,1.0,1,1.0,1,0.2863208180963316,56
4086,2,6921,3308,3613,0,0,0,1.0,1,1.0,1,1.0,1,0.27368056945809044,57
4087,1,6922,3309,3613,0,0,0,1.0,1,1.0,1,1.0,1,0.2736597987434649,57
4088,0,6922,3309,3613,0,0,0,1.0,1,1.0,1,1.0,1,0.28292452182971384,57
4089,0,6922,3309,3613,0,0,0,1.0,1,1.0,1,1.0,1,0.30456161552343186,56
4090,1,6923,3310,3613,0,0,0,1.0,1,1.0,1,1.0,1,0.3140010495167028,56
4091,3,6926,3310,3616,0,0,0,1.0,1,1.0,1,1.0,1,0.2976884729776837,56
4092,1,6927,3310,3617,0,0,0,1.0,1,1.0,1,1.0,1,0.28896378245192483,57
4093,3,6930,3311,3619,0,0,0,1.0,1,1.0,1,1.0,1,0.2775945780779108,58
4094,3,6933,3312,3621,0,0,0,1.0,1,1.0,1,1.0,1,0.26513054651717954,57
4095,1,6934,3313,3621,0,0,0,1.0,1,1.0,1,1.0,1,0.27414700058452907,57
4096,4,6938,3315,3623,0,0,0,1.0,1,1.0,1,1.0,1,0.23591729266352596,59
4097,0,6938,3315,3623,0,0,0,1.0,1,1.0,1,1.0,1,0.23591729266352596,59
4098,2,6940,3317,3623,0,0,0,1.0,1,1.0,1,1.0,1,0.22664399142101707,59
4099,4,6944,3319,3625,0,0,0,1.0,1,1.0,1,1.0,1,0.2359285715553872,60
4100,1,6945,3320,3625,0,0,0,1.0,1,1.0,1,1.0,1,0.24883419428570683,60
4101,7,6952,3323,3629,0,0,0,1.0,1,1.0,1,1.0,1,0.2259096089729869,60
4102,7,6959,3328,3631,0,0,0,1.0,1,1.0,1,1.0,1,0.17784721211089902,60
4103,2,6961,3329,3632,0,0,0,1.0,1,1.0,1,1.0,1,0.194874259881448,58
4104,1,6962,3330,3632,0,0,0,1.0,1,1.0,1,1.0,1,0.19140672009849122,60
4105,2,6964,3332,3632,0,0,0,1.0,1,1.0,1,1.0,1,0.1706793571082405,59
4106,2,6966,3333,3633,0,0,0,1.0,1,1.0,1,1.0,1,0.16797868213724673,61
4107,0,6966,3333,3633,0,0,0,1.0,1,1.0,1,1.0,1,0.17596701862624797,59
4108,0,6966,3333,3633,0,0,0,1.0,1,1.0,1,1.0,1,0.17291189409582627,60
4109,1,6967,3333,3634,0,0,0,1.0,1,1.0,1,1.0,1,0.14341901183080494,59
4110,2,6969,3334,3635,0,0,0,1.0,1,1.0,1,1.0,1,0.1442285870444283,60
4111,4,6973,3335,3638,0,0,0,1.0,1,1.0,1,1.0,1,0.13187959357513332,61
4112,1,6974,3336,3638,0,0,0,1.0,1,1.0,1,1.0,1,0.12503318452093343,60
4113,1,6975,3337,3638,0,0,0,1.0,1,1.0,1,1.0,1,0.1397591884951389,61
4114,0,6975,3337,3638,0,0,0,1.0,1,1.0,1,1.0,1,0.1310146390548249,62
4115,1,6976,3338,3638,0,0,0,1.0,1,1.0,1,1.0,1,0.16359034215037951,60
4116,1,6977,3339,3638,0,0,0,1.0,1,1.0,1,1.0,1,0.17002315281120242,59
4117,1,6978,3340,3638,0,0,0,1.0,1,1.0,1,1.0,1,0.2133690772240933,56
4118,0,6978,3340,3638,0,0,0,1.0,1,1.0,1,1.0,1,0.23085301445437345,55
4119,0,6978,3340,3638,0,0,0,1.0,1,1.0,1,1.0,1,0.2534927085600272,53
4120,1,6979,3341,3638,0,0,0,1.0,1,1.0,1,1.0,1,0.2978780923191155,52
4121,11,6990,3347,3643,0,0,0,1.0,1,1.0,1,1.0,1,0.21861386605623864,53
4122,4,6994,3348,3646,0,0,0,1.0,1,1.0,1,1.0,1,0.2017560712848092,52
4123,5,6999,3350,3649,0,0,0,1.0,1,1.0,1,1.0,1,0.19931991469438443,51
4124,1,7000,3350,3650,0,0,0,1.0,1,1.0,1,1.0,1,0.17857830666474456,51
4125,1,7001,3351,3650,0,0,0,1.0,1,1.0,1,1.0,1,0.19478342398126205,50
4126,1,7002,3352,3650,0,0,0,1.0,1,1.0,1,1.0,1,0.22749651590966616,50
4127,0,7002,3352,3650,0,0,0,1.0,1,1.0,1,1.0,1,0.24212071997344714,49
4128,0,7002,3352,3650,0,0,0,1.0,1,1.0,1,1.0,1,0.24212071997344714,49
4129,0,7002,3352,3650,0,0,0,1.0,1,1.0,1,1.0,1,0.24212071997344714,49
4130,1,7003,3353,3650,0,0,0,1.0,1,1.0,1,1.0,1,0.22777015302802095,50
4131,4,7007,3354,3653,0,0,0,1.0,1,1.0,1,1.0,1,0.17596147930956274,50
4132,1,7008,3355,3653,0,0,0,1.0,1,1.0,1,1.0,1,0.18451248634823877,50
4133,2,7010,3355,3655,0,0,0,1.0,1,1.0,1,1.0,1,0.1563146508354918,51
4134,0,7010,3355,3655,0,0,0,1.0,1,1.0,1,1.0,1,0.12489012189187716,53
4135,0,7010,3355,3655,0,0,0,1.0,1,1.0,1,1.0,1,0.1271221505277803,54
4136,0,7010,3355,3655,0,0,0,1.0,1,1.0,1,1.0,1,0.1271221505277803,54
4137,4,7014,3359,3655,0,0,0,1.0,1,1.0,1,1.0,1,0.16896269085355226,55
4138,0,7014,3359,3655,0,0,0,1.0,1,1.0,1,1.0,1,0.1641823898956242,54
4139,0,7014,3359,3655,0,0,0,1.0,1,1.0,1,1.0,1,0.1641823898956242,54
4140,1,7015,3360,3655,0,0,0,1.0,1,1.0,1,1.0,1,0.1911688874255702,55
4141,1,7016,3360,3656,0,0,0,1.0,1,1.0,1,1.0,1,0.18872553660763852,55
4142,1,7017,3361,3656,0,0,0,1.0,1,1.0,1,1.0,1,0.2032463591870648,55
4143,0,7017,3361,3656,0,0,0,1.0,1,1.0,1,1.0,1,0.22879621806821593,53
4144,3,7020,3363,3657,0,0,0,1.0,1,1.0,1,1.0,1,0.20238321711377197,52
4145,1,7021,3364,3657,0,0,0,1.0,1,1.0,1,1.0,1,0.22983956378682907,51
4146,1,7022,3365,3657,0,0,0,1.0,1,1.0,1,1.0,1,0.2175870480805006,51
4147,3,7025,3367,3658,0,0,0,1.0,1,1.0,1,1.0,1,0.20941754729071077,50
4148,4,7029,3369,3660,0,0,0,1.0,1,1.0,1,1.0,1,0.2575398598970925,52
4149,0,7029,3369,3660,0,0,0,1.0,1,1.0,1,1.0,1,0.2378217017239374,53
4150,2,7031,3371,3660,0,0,0,1.0,1,1.0,1,1.0,1,0.26683396522510644,53
4151,3,7034,3371,3663,0,0,0,1.0,1,1.0,1,1.0,1,0.21978922508480647,53
4152,4,7038,3373,3665,0,0,0,1.0,1,1.0,1,1.0,1,0.17591636775689054,54
4153,0,7038,3373,3665,0,0,0,1.0,1,1.0,1,1.0,1,0.21459704619886227,51
4154,1,7039,3373,3666,0,0,0,1.0,1,1.0,1,1.0,1,0.20552247960018427,51
4155,2,7041,3375,3666,0,0,0,1.0,1,1.0,1,1.0,1,0.25661158126731043,51
4156,4,7045,3378,3667,0,0,0,1.0,1,1.0,1,1.0,1,0.24783450140542712,52
4157,0,7045,3378,3667,0,0,0,1.0,1,1.0,1,1.0,1,0.25963921045737337,52
4158,2,7047,3379,3668,0,0,0,1.0,1,1.0,1,1.0,1,0.2710347896911016,52
4159,1,7048,3380,3668,0,0,0,1.0,1,1.0,1,1.0,1,0.24394486451731565,52
4160,1,7049,3381,3668,0,0,0,1.0,1,1.0,1,1.0,1,0.2691300528873037,50
4161,2,7051,3382,3669,0,0,0,1.0,1,1.0,1,1.0,1,0.2699883851935837,50
4162,2,7053,3382,3671,0,0,0,1.0,1,1.0,1,1.0,1,0.23655725417371282,51
4163,4,7057,3384,3673,0,0,0,1.0,1,1.0,1,1.0,1,0.25105046026700367,48
4164,1,7058,3384,3674,0,0,0,1.0,1,1.0,1,1.0,1,0.2600683831330047,50
4165,0,7058,3384,3674,0,0,0,1.0,1,1.0,1,1.0,1,0.26274567809976823,49
4166,0,7058,3384,3674,0,0,0,1.0,1,1.0,1,1.0,1,0.2598643841463156,50
4167,0,7058,3384,3674,0,0,0,1.0,1,1.0,1,1.0,1,0.28162645872181424,50
4168,0,7058,3384,3674,0,0,0,1.0,1,1.0,1,1.0,1,0.2941908014727523,50
4169,1,7059,3385,3674,0,0,0,1.0,1,1.0,1,1.0,1,0.2839511162022295,51
4170,1,7060,3386,3674,0,0,0,1.0,1,1.0,1,1.0,1,0.323082286666182,50
4171,3,7063,3388,3675,0,0,0,1.0,1,1.0,1,1.0,1,0.3020097094756564,50
4172,0,7063,3388,3675,0,0,0,1.0,1,1.0,1,1.0,1,0.3269651896824509,49
4173,2,7065,3389,3676,0,0,0,1.0,1,1.0,1,1.0,1,0.34845640489163127,48
4174,2,7067,3389,3678,0,0,0,1.0,1,1.0,1,1.0,1,0.32771513558082516,48
4175,1,7068,3390,3678,0,0,0,1.0,1,1.0,1,1.0,1,0.32243058099074673,48
4176,3,7071,3391,3680,0,0,0,1.0,1,1.0,1,1.0,1,0.3208981240781149,50
4177,4,7075,3393,3682,0,0,0,1.0,1,1.0,1,1.0,1,0.3125162636961494,52
4178,0,7075,3393,3682,0,0,0,1.0,1,1.0,1,1.0,1,0.3077175045711926,53
4179,2,7077,3395,3682,0,0,0,1.0,1,1.0,1,1.0,1,0.29990916183286237,54
4180,1,7078,3395,3683,0,0,0,1.0,1,1.0,1,1.0,1,0.3063740386282342,55
4181,3,7081,3396,3685,0,0,0,1.0,1,1.0,1,1.0,1,0.2633587872315407,56
4182,1,7082,3397,3685,0,0,0,1.0,1,1.0,1,1.0,1,0.2685970069076387,56
4183,5,7087,3399,3688,0,0,0,1.0,1,1.0,1,1.0,1,0.19703063999040119,57
4184,3,7090,3402,3688,0,0,0,1.0,1,1.0,1,1.0,1,0.25359600462126286,57
4185,1,7091,3402,3689,0,0,0,1.0,1,1.0,1,1.0,1,0.25034290145242816,54
4186,2,7093,3404,3689,0,0,0,1.0,1,1.0,1,1.0,1,0.22083265622759138,55
4187,0,7093,3404,3689,0,0,0,1.0,1,1.0,1,1.0,1,0.20928080282174114,53
4188,2,7095,3405,3690,0,0,0,1.0,1,1.0,1,1.0,1,0.21346430703476255,53
4189,0,7095,3405,3690,0,0,0,1.0,1,1.0,1,1.0,1,0.23101031425540766,53
4190,2,7097,3407,3690,0,0,0,1.0,1,1.0,1,1.0,1,0.2140521796646638,53
4191,3,7100,3407,3693,0,0,0,1.0,1,1.0,1,1.0,1,0.17859351114296343,51
4192,5,7105,3411,3694,0,0,0,1.0,1,1.0,1,1.0,1,0.2129937170521171,51
4193,3,7108,3413,3695,0,0,0,1.0,1,1.0,1,1.0,1,0.24665608819598345,50
4194,2,7110,3413,3697,0,0,0,1.0,1,1.0,1,1.0,1,0.21597386587175355,50
4195,0,7110,3413,3697,0,0,0,1.0,1,1.0,1,1.0,1,0.23371800110595164,50
4196,4,7114,3413,3701,0,0,0,1.0,1,1.0,1,1.0,1,0.2105640048044972,51
4197,2,7116,3414,3702,0,0,0,1.0,1,1.0,1,1.0,1,0.2320855969568455,50
4198,0,7116,3414,3702,0,0,0,1.0,1,1.0,1,1.0,1,0.25194565779245615,48
4199,0,7116,3414,3702,0,0,0,1.0,1,1.0,1,1.0,1,0.2898533815587685,48
4200,2,7118,3415,3703,0,0,0,1.0,1,1.0,1,1.0,1,0.33895998312147135,48
4201,2,7120,3415,3705,0,0,0,1.0,1,1.0,1,1.0,1,0.30133785612652375,47
4202,0,7120,3415,3705,0,0,0,1.0,1,1.0,1,1.0,1,0.30133785612652375,47
4203,0,7120,3415,3705,0,0,0,1.0,1,1.0,1,1.0,1,0.30133785612652375,47
4204,2,7122,3416,3706,0,0,0,1.0,1,1.0,1,1.0,1,0.30034887698035223,48
4205,1,7123,3416,3707,0,0,0,1.0,1,1.0,1,1.0,1,0.28179308189605834,49
4206,2,7125,3417,3708,0,0,0,1.0,1,1.0,1,1.0,1,0.28338934347590183,49
4207,0,7125,3417,3708,0,0,0,1.0,1,1.0,1,1.0,1,0.3013645609804807,48
4208,1,7126,3418,3708,0,0,0,1.0,1,1.0,1,1.0,1,0.2864253558255581,49
4209,4,7130,3420,3710,0,0,0,1.0,1,1.0,1,1.0,1,0.281558129124516,51
4210,3,7133,3422,3711,0,0,0,1.0,1,1.0,1,1.0,1,0.33104944440518663,52
4211,2,7135,3422,3713,0,0,0,1.0,1,1.0,1,1.0,1,0.32927113494432614,53
4212,0,7135,3422,3713,0,0,0,1.0,1,1.0,1,1.0,1,0.32927113494432614,53
4213,1,7136,3422,3714,0,0,0,1.0,1,1.0,1,1.0,1,0.31872190004645706,54
4214,0,7136,3422,3714,0,0,0,1.0,1,1.0,1,1.0,1,0.31541518873688285,54
4215,1,7137,3423,3714,0,0,0,1.0,1,1.0,1,1.0,1,0.3183820158695124,54
4216,0,7137,3423,3714,0,0,0,1.0,1,1.0,1,1.0,1,0.3390355641138118,53
4217,4,7141,3425,3716,0,0,0,1.0,1,1.0,1,1.0,1,0.34398431201137003,54
4218,2,7143,3426,3717,0,0,0,1.0,1,1.0,1,1.0,1,0.3562135425381338,53
4219,2,7145,3427,3718,0,0,0,1.0,1,1.0,1,1.0,1,0.3785536090692325,53
4220,1,7146,3427,3719,0,0,0,1.0,1,1.0,1,1.0,1,0.37072409116142124,53
4221,2,7148,3427,3721,0,0,0,1.0,1,1.0,1,1.0,1,0.36285948659921896,54
4222,3,7151,3429,3722,0,0,0,1.0,1,1.0,1,1.0,1,0.3610093615979261,55
4223,2,7153,3429,3724,0,0,0,1.0,1,1.0,1,1.0,1,0.34752119049150837,56
4224,2,7155,3431,3724,0,0,0,1.0,1,1.0,1,1.0,1,0.352221050290302,55
4225,1,7156,3432,3724,0,0,0,1.0,1,1.0,1,1.0,1,0.3513055015284297,53
4226,5,7161,3435,3726,0,0,0,1.0,1,1.0,1,1.0,1,0.3707502542380421,54
4227,1,7162,3436,3726,0,0,0,1.0,1,1.0,1,1.0,1,0.3734755040957995,52
4228,3,7165,3439,3726,0,0,0,1.0,1,1.0,1,1.0,1,0.3843719791615296,51
4229,1,7166,3440,3726,0,0,0,1.0,1,1.0,1,1.0,1,0.39297121991205747,48
4230,1,7167,3441,3726,0,0,0,1.0,1,1.0,1,1.0,1,0.4124857182754819,48
4231,5,7172,3441,3731,0,0,0,1.0,1,1.0,1,1.0,1,0.34426375035678275,48
4232,2,7174,3441,3733,0,0,0,1.0,1,1.0,1,1.0,1,0.30505748313919223,48
4233,2,7176,3441,3735,0,0,0,1.0,1,1.0,1,1.0,1,0.25633688757371176,48
4234,3,7179,3442,3737,0,0,0,1.0,1,1.0,1,1.0,1,0.23437808700054671,49
4235,0,7179,3442,3737,0,0,0,1.0,1,1.0,1,1.0,1,0.2175877549444643,47
4236,1,7180,3443,3737,0,0,0,1.0,1,1.0,1,1.0,1,0.23601265701628796,47
4237,1,7181,3443,3738,0,0,0,1.0,1,1.0,1,1.0,1,0.2136251399873259,48
4238,1,7182,3443,3739,0,0,0,1.0,1,1.0,1,1.0,1,0.21439050639561813,47
4239,1,7183,3443,3740,0,0,0,1.0,1,1.0,1,1.0,1,0.20372236894875398,48
4240,2,7185,3444,3741,0,0,0,1.0,1,1.0,1,1.0,1,0.19564868133943825,47
4241,0,7185,3444,3741,0,0,0,1.0,1,1.0,1,1.0,1,0.20440828711252412,49
4242,0,7185,3444,3741,0,0,0,1.0,1,1.0,1,1.0,1,0.1981559500803611,49
4243,3,7188,3446,3742,0,0,0,1.0,1,1.0,1,1.0,1,0.21683575150900739,50
4244,0,7188,3446,3742,0,0,0,1.0,1,1.0,1,1.0,1,0.2424916452997203,51
4245,1,7189,3446,3743,0,0,0,1.0,1,1.0,1,1.0,1,0.2615457315779849,51
4246,2,7191,3446,3745,0,0,0,1.0,1,1.0,1,1.0,1,0.24436159466531282,51
4247,0,7191,3446,3745,0,0,0,1.0,1,1.0,1,1.0,1,0.25241617221545753,52
4248,0,7191,3446,3745,0,0,0,1.0,1,1.0,1,1.0,1,0.25241617221545753,52
4249,0,7191,3446,3745,0,0,0,1.0,1,1.0,1,1.0,1,0.25241617221545753,52
4250,3,7194,3448,3746,0,0,0,1.0,1,1.0,1,1.0,1,0.2236312784815077,52
4251,5,7199,3450,3749,0,0,0,1.0,1,1.0,1,1.0,1,0.2097612223961066,53
4252,4,7203,3451,3752,0,0,0,1.0,1,1.0,1,1.0,1,0.20098816956966817,53
4253,5,7208,3454,3754,0,0,0,1.0,1,1.0,1,1.0,1,0.19116917860622287,54
4254,2,7210,3455,3755,0,0,0,1.0,1,1.0,1,1.0,1,0.19119333373474842,54
4255,1,7211,3456,3755,0,0,0,1.0,1,1.0,1,1.0,1,0.20985877659754335,55
4256,3,7214,3457,3757,0,0,0,1.0,1,1.0,1,1.0,1,0.2069744865545752,57
4257,2,7216,3457,3759,0,0,0,1.0,1,1.0,1,1.0,1,0.2077164645708928,57
4258,3,7219,3458,3761,0,0,0,1.0,1,1.0,1,1.0,1,0.23427311648684165,57
4259,4,7223,3458,3765,0,0,0,1.0,1,1.0,1,1.0,1,0.19222345919666275,57
4260,0,7223,3458,3765,0,0,0,1.0,1,1.0,1,1.0,1,0.20249643708171214,58
4261,4,7227,3459,3768,0,0,0,1.0,1,1.0,1,1.0,1,0.1843885582310646,59
4262,2,7229,3460,3769,0,0,0,1.0,1,1.0,1,1.0,1,0.1863731008053584,60
4263,1,7230,3461,3769,0,0,0,1.0,1,1.0,1,1.0,1,0.20737553777993645,59
4264,3,7233,3463,3770,0,0,0,1.0,1,1.0,1,1.0,1,0.22566086578260378,58
4265,4,7237,3465,3772,0,0,0,1.0,1,1.0,1,1.0,1,0.20005700742378044,58
4266,2,7239,3465,3774,0,0,0,1.0,1,1.0,1,1.0,1,0.18089861182839204,58
4267,0,7239,3465,3774,0,0,0,1.0,1,1.0,1,1.0,1,0.1863913651288422,55
4268,1,7240,3466,3774,0,0,0,1.0,1,1.0,1,1.0,1,0.20870992421694998,55
4269,1,7241,3466,3775,0,0,0,1.0,1,1.0,1,1.0,1,0.20585823834949493,50
4270,2,7243,3468,3775,0,0,0,1.0,1,1.0,1,1.0,1,0.23878896006126638,47
4271,4,7247,3470,3777,0,0,0,1.0,1,1.0,1,1.0,1,0.22091557285753782,47
4272,0,7247,3470,3777,0,0,0,1.0,1,1.0,1,1.0,1,0.22214857114687697,46
4273,4,7251,3473,3778,0,0,0,1.0,1,1.0,1,1.0,1,0.26097284257099135,47
4274,3,7254,3473,3781,0,0,0,1.0,1,1.0,1,1.0,1,0.20877445606196002,45
4275,4,7258,3477,3781,0,0,0,1.0,1,1.0,1,1.0,1,0.22907386390990728,44
4276,2,7260,3478,3782,0,0,0,1.0,1,1.0,1,1.0,1,0.24260957977241907,43
4277,4,7264,3482,3782,0,0,0,1.0,1,1.0,1,1.0,1,0.23574093428392634,42
4278,3,7267,3483,3784,0,0,0,1.0,1,1.0,1,1.0,1,0.2516711336503121,43
4279,4,7271,3485,3786,0,0,0,1.0,1,1.0,1,1.0,1,0.30169972530939754,42
4280,3,7274,3487,3787,0,0,0,1.0,1,1.0,1,1.0,1,0.32924662431653373,44
4281,7,7281,3488,3793,0,0,0,1.0,1,1.0,1,1.0,1,0.2438592894381327,44
4282,1,7282,3488,3794,0,0,0,1.0,1,1.0,1,1.0,1,0.233940937715283,44
4283,5,7287,3488,3799,0,0,0,1.0,1,1.0,1,1.0,1,0.1903339331051684,45
4284,1,7288,3488,3800,0,0,0,1.0,1,1.0,1,1.0,1,0.19822375393830446,45
4285,3,7291,3488,3803,0,0,0,1.0,1,1.0,1,1.0,1,0.1966365220490083,47
4286,4,7295,3488,3807,0,0,0,1.0,1,1.0,1,1.0,1,0.19422749264014758,47
4287,3,7298,3488,3810,0,0,0,1.0,1,1.0,1,1.0,1,0.16543279217148385,49
4288,3,7301,3488,3813,0,0,0,1.0,1,1.0,1,1.0,1,0.15485878654617166,49
4289,4,7305,3488,3817,0,0,0,1.0,1,1.0,1,1.0,1,0.1533264735798249,50
4290,6,7311,3489,3822,0,0,0,1.0,1,1.0,1,1.0,1,0.1728428076600495,51
4291,1,7312,3490,3822,0,0,0,1.0,1,1.0,1,1.0,1,0.20829476244514797,50
4292,2,7314,3491,3823,0,0,0,1.0,1,1.0,1,1.0,1,0.21689904714743896,51
4293,2,7316,3491,3825,0,0,0,1.0,1,1.0,1,1.0,1,0.17895526604008347,51
4294,3,7319,3493,3826,0,0,0,1.0,1,1.0,1,1.0,1,0.19564257265044957,50
4295,2,7321,3494,3827,0,0,0,1.0,1,1.0,1,1.0,1,0.19118082699294775,50
4296,2,7323,3495,3828,0,0,0,1.0,1,1.0,1,1.0,1,0.16515430482593915,49
4297,0,7323,3495,3828,0,0,0,1.0,1,1.0,1,1.0,1,0.17719397865673522,49
4298,0,7323,3495,3828,0,0,0,1.0,1,1.0,1,1.0,1,0.17719397865673522,49
4299,1,7324,3495,3829,0,0,0,1.0,1,1.0,1,1.0,1,0.17047022471833165,48
4300,1,7325,3496,3829,0,0,0,1.0,1,1.0,1,1.0,1,0.1531938412383779,49
4301,2,7327,3497,3830,0,0,0,1.0,1,1.0,1,1.0,1,0.15818534246719537,50
4302,2,7329,3498,3831,0,0,0,1.0,1,1.0,1,1.0,1,0.1663260972838338,51
4303,1,7330,3499,3831,0,0,0,1.0,1,1.0,1,1.0,1,0.1904937973773383,51
4304,4,7334,3502,3832,0,0,0,1.0,1,1.0,1,1.0,1,0.22417795981407662,51
4305,2,7336,3503,3833,0,0,0,1.0,1,1.0,1,1.0,1,0.19296559484882644,49
4306,3,7339,3505,3834,0,0,0,1.0,1,1.0,1,1.0,1,0.2208183506142212,49
4307,2,7341,3507,3834,0,0,0,1.0,1,1.0,1,1.0,1,0.23296910400656243,46
4308,1,7342,3507,3835,0,0,0,1.0,1,1.0,1,1.0,1,0.20192243708662957,44
4309,1,7343,3508,3835,0,0,0,1.0,1,1.0,1,1.0,1,0.26146852771550755,44
4310,1,7344,3509,3835,0,0,0,1.0,1,1.0,1,1.0,1,0.2739171457354173,42
4311,6,7350,3513,3837,0,0,0,1.0,1,1.0,1,1.0,1,0.24904671281006863,42
4312,1,7351,3514,3837,0,0,0,1.0,1,1.0,1,1.0,1,0.24396285539188484,40
4313,3,7354,3517,3837,0,0,0,1.0,1,1.0,1,1.0,1,0.28119064545959677,40
4314,1,7355,3518,3837,0,0,0,1.0,1,1.0,1,1.0,1,0.32804608688190134,36
4315,2,7357,3519,3838,0,0,0,1.0,1,1.0,1,1.0,1,0.32341936664807147,37
4316,3,7360,3522,3838,0,0,0,1.0,1,1.0,1,1.0,1,0.3533263800954159,37
4317,3,7363,3524,3839,0,0,0,1.0,1,1.0,1,1.0,1,0.36828590196187155,36
4318,0,7363,3524,3839,0,0,0,1.0,1,1.0,1,1.0,1,0.38013003110953864,34
4319,0,7363,3524,3839,0,0,0,1.0,1,1.0,1,1.0,1,0.368953440193188,34
4320,0,7363,3524,3839,0,0,0,1.0,1,1.0,1,1.0,1,0.368953440193188,34
4321,5,7368,3524,3844,0,0,0,1.0,1,1.0,1,1.0,1,0.3386835067643905,35
4322,0,7368,3524,3844,0,0,0,1.0,1,1.0,1,1.0,1,0.3386835067643905,35
4323,1,7369,3525,3844,0,0,0,1.0,1,1.0,1,1.0,1,0.35389370186858576,35
4324,1,7370,3525,3845,0,0,0,1.0,1,1.0,1,1.0,1,0.3662447652100762,34
4325,0,7370,3525,3845,0,0,0,1.0,1,1.0,1,1.0,1,0.3662447652100762,34
4326,1,7371,3526,3845,0,0,0,1.0,1,1.0,1,1.0,1,0.38068852300637107,36
4327,0,7371,3526,3845,0,0,0,1.0,1,1.0,1,1.0,1,0.3907473734720038,35
4328,2,7373,3528,3845,0,0,0,1.0,1,1.0,1,1.0,1,0.39574265603866743,35
4329,5,7378,3529,3849,0,0,0,1.0,1,1.0,1,1.0,1,0.31166317951558636,38
4330,5,7383,3531,3852,0,0,0,1.0,1,1.0,1,1.0,1,0.30343400732251946,38
4331,6,7389,3531,3858,0,0,0,1.0,1,1.0,1,1.0,1,0.18128126415638562,39
4332,0,7389,3531,3858,0,0,0,1.0,1,1.0,1,1.0,1,0.20058742788636458,40
4333,0,7389,3531,3858,0,0,0,1.0,1,1.0,1,1.0,1,0.17959150805190457,41
4334,0,7389,3531,3858,0,0,0,1.0,1,1.0,1,1.0,1,0.17959150805190457,41
4335,3,7392,3533,3859,0,0,0,1.0,1,1.0,1,1.0,1,0.17059378702168293,42
4336,0,7392,3533,3859,0,0,0,1.0,1,1.0,1,1.0,1,0.18325940871826968,43
4337,2,7394,3533,3861,0,0,0,1.0,1,1.0,1,1.0,1,0.16742174090606354,44
4338,0,7394,3533,3861,0,0,0,1.0,1,1.0,1,1.0,1,0.16742174090606354,44
4339,5,7399,3535,3864,0,0,0,1.0,1,1.0,1,1.0,1,0.20333025982476471,46
4340,3,7402,3535,3867,0,0,0,1.0,1,1.0,1,1.0,1,0.1750837837940671,47
4341,1,7403,3535,3868,0,0,0,1.0,1,1.0,1,1.0,1,0.16445809914556644,47
4342,3,7406,3537,3869,0,0,0,1.0,1,1.0,1,1.0,1,0.19538657123352762,47
4343,1,7407,3538,3869,0,0,0,1.0,1,1.0,1,1.0,1,0.1669571975291288,42
4344,4,7411,3540,3871,0,0,0,1.0,1,1.0,1,1.0,1,0.2121774032105258,42
4345,4,7415,3543,3872,0,0,0,1.0,1,1.0,1,1.0,1,0.2456324265282644,39
4346,1,7416,3544,3872,0,0,0,1.0,1,1.0,1,1.0,1,0.2383207174773742,37
4347,1,7417,3545,3872,0,0,0,1.0,1,1.0,1,1.0,1,0.28527492611333677,37
4348,5,7422,3549,3873,0,0,0,1.0,1,1.0,1,1.0,1,0.37882051338259815,38
4349,1,7423,3549,3874,0,0,0,1.0,1,1.0,1,1.0,1,0.3076805574428867,36
4350,3,7426,3551,3875,0,0,0,1.0,1,1.0,1,1.0,1,0.3653387509012157,37
4351,4,7430,3552,3878,0,0,0,1.0,1,1.0,1,1.0,1,0.31140462902770644,35
4352,0,7430,3552,3878,0,0,0,1.0,1,1.0,1,1.0,1,0.3329243401932689,34
4353,1,7431,3552,3879,0,0,0,1.0,1,1.0,1,1.0,1,0.30030740176322634,34
4354,1,7432,3552,3880,0,0,0,1.0,1,1.0,1,1.0,1,0.3134000181358487,32
4355,2,7434,3552,3882,0,0,0,1.0,1,1.0,1,1.0,1,0.24789341167881915,32
4356,3,7437,3553,3884,0,0,0,1.0,1,1.0,1,1.0,1,0.22684551906801037,34
4357,2,7439,3553,3886,0,0,0,1.0,1,1.0,1,1.0,1,0.2507028896884934,35
4358,5,7444,3555,3889,0,0,0,1.0,1,1.0,1,1.0,1,0.26019605810789187,35
4359,2,7446,3556,3890,0,0,0,1.0,1,1.0,1,1.0,1,0.29844092829673247,37
4360,2,7448,3556,3892,0,0,0,1.0,1,1.0,1,1.0,1,0.30335861435359784,38
4361,5,7453,3556,3897,0,0,0,1.0,1,1.0,1,1.0,1,0.1137616255881754,39
4362,3,7456,3558,3898,0,0,0,1.0,1,1.0,1,1.0,1,0.1449642784982366,38
4363,2,7458,3558,3900,0,0,0,1.0,1,1.0,1,1.0,1,0.11027018995531529,38
4364,0,7458,3558,3900,0,0,0,1.0,1,1.0,1,1.0,1,0.11668450652155761,39
4365,1,7459,3558,3901,0,0,0,1.0,1,1.0,1,1.0,1,0.10567380638363096,39
4366,1,7460,3558,3902,0,0,0,1.0,1,1.0,1,1.0,1,0.11131397670909571,39
4367,0,7460,3558,3902,0,0,0,1.0,1,1.0,1,1.0,1,0.13413768985050378,41
4368,2,7462,3559,3903,0,0,0,1.0,1,1.0,1,1.0,1,0.15057745803504294,41
4369,2,7464,3559,3905,0,0,0,1.0,1,1.0,1,1.0,1,0.19196648456016324,42
4370,1,7465,3559,3906,0,0,0,1.0,1,1.0,1,1.0,1,0.18249743495325882,42
4371,1,7466,3559,3907,0,0,0,1.0,1,1.0,1,1.0,1,0.1725166129635876,43
4372,1,7467,3559,3908,0,0,0,1.0,1,1.0,1,1.0,1,0.1660174127195823,43
4373,0,7467,3559,3908,0,0,0,1.0,1,1.0,1,1.0,1,0.1660174127195823,43
4374,0,7467,3559,3908,0,0,0,1.0,1,1.0,1,1.0,1,0.18333038889993905,44
4375,3,7470,3562,3908,0,0,0,1.0,1,1.0,1,1.0,1,0.20771704493536639,45
4376,1,7471,3562,3909,0,0,0,1.0,1,1.0,1,1.0,1,0.21622117009329925,46
4377,5,7476,3565,3911,0,0,0,1.0,1,1.0,1,1.0,1,0.22482905678118392,47
4378,1,7477,3565,3912,0,0,0,1.0,1,1.0,1,1.0,1,0.23023342411591377,49
4379,7,7484,3568,3916,0,0,0,1.0,1,1.0,1,1.0,1,0.26313720596587276,51
4380,7,7491,3568,3923,0,0,0,1.0,1,1.0,1,1.0,1,0.22380167430171993,50
4381,4,7495,3570,3925,0,0,0,1.0,1,1.0,1,1.0,1,0.22513650203852478,49
4382,2,7497,3572,3925,0,0,0,1.0,1,1.0,1,1.0,1,0.24893854875923702,47
4383,2,7499,3573,3926,0,0,0,1.0,1,1.0,1,1.0,1,0.2571142399786806,47
4384,2,7501,3575,3926,0,0,0,1.0,1,1.0,1,1.0,1,0.2926977115263938,44
4385,1,7502,3575,3927,0,0,0,1.0,1,1.0,1,1.0,1,0.24316302751859223,42
4386,2,7504,3576,3928,0,0,0,1.0,1,1.0,1,1.0,1,0.32066758965198067,41
4387,0,7504,3576,3928,0,0,0,1.0,1,1.0,1,1.0,1,0.29248528011555863,39
4388,0,7504,3576,3928,0,0,0,1.0,1,1.0,1,1.0,1,0.29248528011555863,39
4389,4,7508,3579,3929,0,0,0,1.0,1,1.0,1,1.0,1,0.3332352222038239,38
4390,0,7508,3579,3929,0,0,0,1.0,1,1.0,1,1.0,1,0.3097911374239153,38
4391,2,7510,3579,3931,0,0,0,1.0,1,1.0,1,1.0,1,0.22258807092767782,39
4392,0,7510,3579,3931,0,0,0,1.0,1,1.0,1,1.0,1,0.22258807092767782,39
4393,0,7510,3579,3931,0,0,0,1.0,1,1.0,1,1.0,1,0.22661218976960507,40
4394,1,7511,3580,3931,0,0,0,1.0,1,1.0,1,1.0,1,0.23934911856130356,39
4395,1,7512,3581,3931,0,0,0,1.0,1,1.0,1,1.0,1,0.2308520025095979,39
4396,0,7512,3581,3931,0,0,0,1.0,1,1.0,1,1.0,1,0.21969304117117003,39
4397,1,7513,3582,3931,0,0,0,1.0,1,1.0,1,1.0,1,0.24845379492919548,38
4398,0,7513,3582,3931,0,0,0,1.0,1,1.0,1,1.0,1,0.25632055543522114,39
4399,2,7515,3582,3933,0,0,0,1.0,1,1.0,1,1.0,1,0.2528103374470442,42
4400,1,7516,3582,3934,0,0,0,1.0,1,1.0,1,1.0,1,0.23389122334317725,43
4401,1,7517,3582,3935,0,0,0,1.0,1,1.0,1,1.0,1,0.21206909661902784,44
4402,0,7517,3582,3935,0,0,0,1.0,1,1.0,1,1.0,1,0.21206909661902784,44
4403,0,7517,3582,3935,0,0,0,1.0,1,1.0,1,1.0,1,0.20672450572743975,45
4404,0,7517,3582,3935,0,0,0,1.0,1,1.0,1,1.0,1,0.20672450572743975,45
4405,0,7517,3582,3935,0,0,0,1.0,1,1.0,1,1.0,1,0.2074920841308995,46
4406,1,7518,3583,3935,0,0,0,1.0,1,1.0,1,1.0,1,0.2305889076572265,46
4407,3,7521,3584,3937,0,0,0,1.0,1,1.0,1,1.0,1,0.22554539547248015,46
4408,0,7521,3584,3937,0,0,0,1.0,1,1.0,1,1.0,1,0.23095851893211214,47
4409,2,7523,3585,3938,0,0,0,1.0,1,1.0,1,1.0,1,0.26136952176954836,48
4410,0,7523,3585,3938,0,0,0,1.0,1,1.0,1,1.0,1,0.26136952176954836,48
4411,3,7526,3585,3941,0,0,0,1.0,1,1.0,1,1.0,1,0.21776895023379728,50
4412,1,7527,3585,3942,0,0,0,1.0,1,1.0,1,1.0,1,0.21226548262095854,50
4413,1,7528,3585,3943,0,0,0,1.0,1,1.0,1,1.0,1,0.20557293969508686,50
4414,1,7529,3585,3944,0,0,0,1.0,1,1.0,1,1.0,1,0.19647670058583316,51
4415,3,7532,3586,3946,0,0,0,1.0,1,1.0,1,1.0,1,0.18855715574546153,51
4416,1,7533,3586,3947,0,0,0,1.0,1,1.0,1,1.0,1,0.17922073759917498,51
4417,2,7535,3588,3947,0,0,0,1.0,1,1.0,1,1.0,1,0.17847333331682183,51
4418,2,7537,3588,3949,0,0,0,1.0,1,1.0,1,1.0,1,0.17285600517454622,51
4419,1,7538,3588,3950,0,0,0,1.0,1,1.0,1,1.0,1,0.15016679456737111,50
4420,1,7539,3589,3950,0,0,0,1.0,1,1.0,1,1.0,1,0.1636606434982922,50
4421,1,7540,3589,3951,0,0,0,1.0,1,1.0,1,1.0,1,0.14899868522221246,52
4422,0,7540,3589,3951,0,0,0,1.0,1,1.0,1,1.0,1,0.18784611874870166,51
4423,0,7540,3589,3951,0,0,0,1.0,1,1.0,1,1.0,1,0.18784611874870166,51
4424,0,7540,3589,3951,0,0,0,1.0,1,1.0,1,1.0,1,0.20357747324847597,53
4425,0,7540,3589,3951,0,0,0,1.0,1,1.0,1,1.0,1,0.2106832525598941,54
4426,3,7543,3590,3953,0,0,0,1.0,1,1.0,1,1.0,1,0.18951857867916497,55
4427,0,7543,3590,3953,0,0,0,1.0,1,1.0,1,1.0,1,0.18951857867916497,55
4428,0,7543,3590,3953,0,0,0,1.0,1,1.0,1,1.0,1,0.18951857867916497,55
4429,2,7545,3591,3954,0,0,0,1.0,1,1.0,1,1.0,1,0.18344379223963622,56
4430,0,7545,3591,3954,0,0,0,1.0,1,1.0,1,1.0,1,0.17481608445983415,55
4431,3,7548,3591,3957,0,0,0,1.0,1,1.0,1,1.0,1,0.14613937876748279,56
4432,0,7548,3591,3957,0,0,0,1.0,1,1.0,1,1.0,1,0.14613937876748279,56
4433,0,7548,3591,3957,0,0,0,1.0,1,1.0,1,1.0,1,0.15769709724177536,57
4434,0,7548,3591,3957,0,0,0,1.0,1,1.0,1,1.0,1,0.16022105101923936,56
4435,3,7551,3593,3958,0,0,0,1.0,1,1.0,1,1.0,1,0.14230599768940005,56
4436,1,7552,3594,3958,0,0,0,1.0,1,1.0,1,1.0,1,0.1690359324184494,55
4437,1,7553,3594,3959,0,0,0,1.0,1,1.0,1,1.0,1,0.18369809249629276,54
4438,1,7554,3595,3959,0,0,0,1.0,1,1.0,1,1.0,1,0.22493958829042746,54
4439,2,7556,3595,3961,0,0,0,1.0,1,1.0,1,1.0,1,0.21130761717474122,55
4440,2,7558,3596,3962,0,0,0,1.0,1,1.0,1,1.0,1,0.23467177633297018,55
4441,6,7564,3599,3965,0,0,0,1.0,1,1.0,1,1.0,1,0.16211688416379202,59
4442,2,7566,3600,3966,0,0,0,1.0,1,1.0,1,1.0,1,0.17969781887270309,61
4443,1,7567,3601,3966,0,0,0,1.0,1,1.0,1,1.0,1,0.19239642696691314,60
4444,2,7569,3601,3968,0,0,0,1.0,1,1.0,1,1.0,1,0.18217739375568517,61
4445,0,7569,3601,3968,0,0,0,1.0,1,1.0,1,1.0,1,0.18217739375568517,61
4446,2,7571,3602,3969,0,0,0,1.0,1,1.0,1,1.0,1,0.19246640251855673,62
4447,0,7571,3602,3969,0,0,0,1.0,1,1.0,1,1.0,1,0.17965122549538873,63
4448,0,7571,3602,3969,0,0,0,1.0,1,1.0,1,1.0,1,0.17965122549538873,63
4449,0,7571,3602,3969,0,0,0,1.0,1,1.0,1,1.0,1,0.17965122549538873,63
4450,0,7571,3602,3969,0,0,0,1.0,1,1.0,1,1.0,1,0.19589278281687675,62
4451,4,7575,3602,3973,0,0,0,1.0,1,1.0,1,1.0,1,0.1561706543325384,63
4452,2,7577,3602,3975,0,0,0,1.0,1,1.0,1,1.0,1,0.1472744928640368,64
4453,1,7578,3602,3976,0,0,0,1.0,1,1.0,1,1.0,1,0.14999258699002152,65
4454,1,7579,3602,3977,0,0,0,1.0,1,1.0,1,1.0,1,0.1414899766448415,66
4455,2,7581,3602,3979,0,0,0,1.0,1,1.0,1,1.0,1,0.1273968639363217,67
4456,2,7583,3604,3979,0,0,0,1.0,1,1.0,1,1.0,1,0.1593216035833319,67
4457,1,7584,3605,3979,0,0,0,1.0,1,1.0,1,1.0,1,0.17993377695068127,65
4458,2,7586,3605,3981,0,0,0,1.0,1,1.0,1,1.0,1,0.17633253417723652,65
4459,5,7591,3608,3983,0,0,0,1.0,1,1.0,1,1.0,1,0.23944076643525844,64
4460,0,7591,3608,3983,0,0,0,1.0,1,1.0,1,1.0,1,0.2584722360546272,63
4461,4,7595,3610,3985,0,0,0,1.0,1,1.0,1,1.0,1,0.2640248772550362,62
4462,9,7604,3615,3989,0,0,0,1.0,1,1.0,1,1.0,1,0.2900507084463957,61
4463,4,7608,3617,3991,0,0,0,1.0,1,1.0,1,1.0,1,0.3212689325379218,61
4464,4,7612,3620,3992,0,0,0,1.0,1,1.0,1,1.0,1,0.3221574333927463,58
4465,3,7615,3620,3995,0,0,0,1.0,1,1.0,1,1.0,1,0.2999314325235248,57
4466,4,7619,3623,3996,0,0,0,1.0,1,1.0,1,1.0,1,0.311195352688172,54
4467,1,7620,3624,3996,0,0,0,1.0,1,1.0,1,1.0,1,0.3081644224311621,52
4468,1,7621,3624,3997,0,0,0,1.0,1,1.0,1,1.0,1,0.30525039969049844,52
4469,2,7623,3626,3997,0,0,0,1.0,1,1.0,1,1.0,1,0.291513694461153,51
4470,3,7626,3628,3998,0,0,0,1.0,1,1.0,1,1.0,1,0.26060024387793473,51
4471,3,7629,3630,3999,0,0,0,1.0,1,1.0,1,1.0,1,0.21234279994578703,50
4472,1,7630,3631,3999,0,0,0,1.0,1,1.0,1,1.0,1,0.210233288174255,48
4473,0,7630,3631,3999,0,0,0,1.0,1,1.0,1,1.0,1,0.22098925143229134,47
4474,3,7633,3634,3999,0,0,0,1.0,1,1.0,1,1.0,1,0.19236169222415575,49
4475,0,7633,3634,3999,0,0,0,1.0,1,1.0,1,1.0,1,0.22832679694974972,47
4476,2,7635,3636,3999,0,0,0,1.0,1,1.0,1,1.0,1,0.23958619398641476,49
4477,1,7636,3637,3999,0,0,0,1.0,1,1.0,1,1.0,1,0.2799676738607075,48
4478,0,7636,3637,3999,0,0,0,1.0,1,1.0,1,1.0,1,0.2799676738607075,48
4479,1,7637,3638,3999,0,0,0,1.0,1,1.0,1,1.0,1,0.28930091400107366,48
4480,4,7641,3639,4002,0,0,0,1.0,1,1.0,1,1.0,1,0.22862083099630298,49
4481,2,7643,3639,4004,0,0,0,1.0,1,1.0,1,1.0,1,0.19515829262025106,49
4482,0,7643,3639,4004,0,0,0,1.0,1,1.0,1,1.0,1,0.19515829262025106,49
4483,0,7643,3639,4004,0,0,0,1.0,1,1.0,1,1.0,1,0.19979365641929947,50
4484,4,7647,3640,4007,0,0,0,1.0,1,1.0,1,1.0,1,0.1903287938823775,52
4485,2,7649,3642,4007,0,0,0,1.0,1,1.0,1,1.0,1,0.19141737536854578,53
4486,4,7653,3643,4010,0,0,0,1.0,1,1.0,1,1.0,1,0.207426000348606,55
4487,3,7656,3645,4011,0,0,0,1.0,1,1.0,1,1.0,1,0.19263721271697576,55
4488,4,7660,3646,4014,0,0,0,1.0,1,1.0,1,1.0,1,0.2031884034658493,54
4489,5,7665,3647,4018,0,0,0,1.0,1,1.0,1,1.0,1,0.2501915728391197,53
4490,3,7668,3647,4021,0,0,0,1.0,1,1.0,1,1.0,1,0.23892970433515287,53
4491,2,7670,3647,4023,0,0,0,1.0,1,1.0,1,1.0,1,0.20410820985365907,52
4492,0,7670,3647,4023,0,0,0,1.0,1,1.0,1,1.0,1,0.20410820985365907,52
4493,2,7672,3648,4024,0,0,0,1.0,1,1.0,1,1.0,1,0.2460152906922601,52
4494,3,7675,3648,4027,0,0,0,1.0,1,1.0,1,1.0,1,0.19915268516240353,53
4495,3,7678,3651,4027,0,0,0,1.0,1,1.0,1,1.0,1,0.24196224601060298,50
4496,4,7682,3654,4028,0,0,0,1.0,1,1.0,1,1.0,1,0.2736915897213368,51
4497,3,7685,3656,4029,0,0,0,1.0,1,1.0,1,1.0,1,0.27673391606002484,50
4498,0,7685,3656,4029,0,0,0,1.0,1,1.0,1,1.0,1,0.259275832673685,49
4499,1,7686,3657,4029,0,0,0,1.0,1,1.0,1,1.0,1,0.2604564607039742,48
4500,1,7687,3658,4029,0,0,0,1.0,1,1.0,1,1.0,1,0.2490185390501345,48
4501,3,7690,3659,4031,0,0,0,1.0,1,1.0,1,1.0,1,0.23831274677656766,48
4502,2,7692,3660,4032,0,0,0,1.0,1,1.0,1,1.0,1,0.23739109177613663,49
4503,6,7698,3663,4035,0,0,0,1.0,1,1.0,1,1.0,1,0.2329483161988949,49
4504,2,7700,3665,4035,0,0,0,1.0,1,1.0,1,1.0,1,0.25187952492385257,45
4505,1,7701,3666,4035,0,0,0,1.0,1,1.0,1,1.0,1,0.2619649815014269,46
4506,3,7704,3669,4035,0,0,0,1.0,1,1.0,1,1.0,1,0.3315473482066534,45
4507,1,7705,3670,4035,0,0,0,1.0,1,1.0,1,1.0,1,0.35219030316100197,45
4508,8,7713,3673,4040,0,0,0,1.0,1,1.0,1,1.0,1,0.3167480690043929,43
4509,1,7714,3673,4041,0,0,0,1.0,1,1.0,1,1.0,1,0.31434522138633175,41
4510,0,7714,3673,4041,0,0,0,1.0,1,1.0,1,1.0,1,0.32319703139634,42
4511,4,7718,3673,4045,0,0,0,1.0,1,1.0,1,1.0,1,0.26731151203492814,41
4512,0,7718,3673,4045,0,0,0,1.0,1,1.0,1,1.0,1,0.26731151203492814,41
4513,1,7719,3674,4045,0,0,0,1.0,1,1.0,1,1.0,1,0.24025916544072437,41
4514,3,7722,3677,4045,0,0,0,1.0,1,1.0,1,1.0,1,0.25262187315214046,42
4515,3,7725,3678,4047,0,0,0,1.0,1,1.0,1,1.0,1,0.27301416873807954,41
4516,1,7726,3678,4048,0,0,0,1.0,1,1.0,1,1.0,1,0.2902374711831839,42
4517,0,7726,3678,4048,0,0,0,1.0,1,1.0,1,1.0,1,0.298112987665116,43
4518,1,7727,3678,4049,0,0,0,1.0,1,1.0,1,1.0,1,0.30461068208061254,42
4519,2,7729,3680,4049,0,0,0,1.0,1,1.0,1,1.0,1,0.3510604575312022,42
4520,1,7730,3680,4050,0,0,0,1.0,1,1.0,1,1.0,1,0.36503680599423627,42
4521,6,7736,3681,4055,0,0,0,1.0,1,1.0,1,1.0,1,0.2836509384683755,42
4522,0,7736,3681,4055,0,0,0,1.0,1,1.0,1,1.0,1,0.2836509384683755,42
4523,0,7736,3681,4055,0,0,0,1.0,1,1.0,1,1.0,1,0.2836509384683755,42
4524,2,7738,3683,4055,0,0,0,1.0,1,1.0,1,1.0,1,0.2782230404603391,43
4525,5,7743,3683,4060,0,0,0,1.0,1,1.0,1,1.0,1,0.19562946606539874,46
4526,1,7744,3684,4060,0,0,0,1.0,1,1.0,1,1.0,1,0.20720174871230862,46
4527,2,7746,3686,4060,0,0,0,1.0,1,1.0,1,1.0,1,0.21824678472833872,47
4528,3,7749,3686,4063,0,0,0,1.0,1,1.0,1,1.0,1,0.22634879193571705,49
4529,2,7751,3687,4064,0,0,0,1.0,1,1.0,1,1.0,1,0.2073374856496444,50
4530,2,7753,3688,4065,0,0,0,1.0,1,1.0,1,1.0,1,0.20922251099627892,51
4531,5,7758,3689,4069,0,0,0,1.0,1,1.0,1,1.0,1,0.15997145076191968,51
4532,3,7761,3691,4070,0,0,0,1.0,1,1.0,1,1.0,1,0.2186518874420709,51
4533,1,7762,3691,4071,0,0,0,1.0,1,1.0,1,1.0,1,0.16892582769856912,50
4534,1,7763,3691,4072,0,0,0,1.0,1,1.0,1,1.0,1,0.15655972449219863,51
4535,1,7764,3692,4072,0,0,0,1.0,1,1.0,1,1.0,1,0.1735112439218757,50
4536,0,7764,3692,4072,0,0,0,1.0,1,1.0,1,1.0,1,0.20431575714456063,48
4537,0,7764,3692,4072,0,0,0,1.0,1,1.0,1,1.0,1,0.21631928270056167,49
4538,1,7765,3692,4073,0,0,0,1.0,1,1.0,1,1.0,1,0.23946091867925537,48
4539,1,7766,3693,4073,0,0,0,1.0,1,1.0,1,1.0,1,0.28655626588744815,50
4540,0,7766,3693,4073,0,0,0,1.0,1,1.0,1,1.0,1,0.2661831026610386,49
4541,3,7769,3695,4074,0,0,0,1.0,1,1.0,1,1.0,1,0.27707207790056976,49
4542,4,7773,3698,4075,0,0,0,1.0,1,1.0,1,1.0,1,0.3247499983595588,47
4543,1,7774,3698,4076,0,0,0,1.0,1,1.0,1,1.0,1,0.3168235949074005,45
4544,2,7776,3699,4077,0,0,0,1.0,1,1.0,1,1.0,1,0.3271533509296304,45
4545,1,7777,3700,4077,0,0,0,1.0,1,1.0,1,1.0,1,0.35492884148322934,43
4546,2,7779,3701,4078,0,0,0,1.0,1,1.0,1,1.0,1,0.35681406661626974,43
4547,2,7781,3702,4079,0,0,0,1.0,1,1.0,1,1.0,1,0.3619594280346565,41
4548,2,7783,3704,4079,0,0,0,1.0,1,1.0,1,1.0,1,0.38404577785369615,42
4549,0,7783,3704,4079,0,0,0,1.0,1,1.0,1,1.0,1,0.37237235773730804,41
4550,2,7785,3706,4079,0,0,0,1.0,1,1.0,1,1.0,1,0.40348883592377105,41
4551,2,7787,3706,4081,0,0,0,1.0,1,1.0,1,1.0,1,0.37608141616650925,39
4552,1,7788,3707,4081,0,0,0,1.0,1,1.0,1,1.0,1,0.3766258622418793,38
4553,2,7790,3707,4083,0,0,0,1.0,1,1.0,1,1.0,1,0.34878672955788537,39
4554,1,7791,3708,4083,0,0,0,1.0,1,1.0,1,1.0,1,0.3775567394912771,38
4555,2,7793,3709,4084,0,0,0,1.0,1,1.0,1,1.0,1,0.38037644654110786,37
4556,0,7793,3709,4084,0,0,0,1.0,1,1.0,1,1.0,1,0.3831721502934459,36
4557,1,7794,3709,4085,0,0,0,1.0,1,1.0,1,1.0,1,0.3417470406989161,38
4558,1,7795,3710,4085,0,0,0,1.0,1,1.0,1,1.0,1,0.3539033202131115,39
4559,1,7796,3711,4085,0,0,0,1.0,1,1.0,1,1.0,1,0.3223171347532948,38
4560,1,7797,3712,4085,0,0,0,1.0,1,1.0,1,1.0,1,0.36130242275723184,41
4561,2,7799,3712,4087,0,0,0,1.0,1,1.0,1,1.0,1,0.3368767357148207,41
4562,2,7801,3713,4088,0,0,0,1.0,1,1.0,1,1.0,1,0.32557150838538934,43
4563,0,7801,3713,4088,0,0,0,1.0,1,1.0,1,1.0,1,0.31388227172482736,42
4564,1,7802,3713,4089,0,0,0,1.0,1,1.0,1,1.0,1,0.3179397295979045,43
4565,3,7805,3713,4092,0,0,0,1.0,1,1.0,1,1.0,1,0.27061702107311025,44
4566,3,7808,3714,4094,0,0,0,1.0,1,1.0,1,1.0,1,0.22420205134636464,45
4567,4,7812,3716,4096,0,0,0,1.0,1,1.0,1,1.0,1,0.18453681540411063,47
4568,0,7812,3716,4096,0,0,0,1.0,1,1.0,1,1.0,1,0.18453681540411063,47
4569,2,7814,3717,4097,0,0,0,1.0,1,1.0,1,1.0,1,0.1512369529299383,49
4570,1,7815,3718,4097,0,0,0,1.0,1,1.0,1,1.0,1,0.13928186232055562,49
4571,1,7816,3718,4098,0,0,0,1.0,1,1.0,1,1.0,1,0.12137063559635713,48
4572,0,7816,3718,4098,0,0,0,1.0,1,1.0,1,1.0,1,0.12137063559635713,48
4573,0,7816,3718,4098,0,0,0,1.0,1,1.0,1,1.0,1,0.12137063559635713,48
4574,0,7816,3718,4098,0,0,0,1.0,1,1.0,1,1.0,1,0.12557243495498,50
4575,4,7820,3721,4099,0,0,0,1.0,1,1.0,1,1.0,1,0.18200757732717499,51
4576,1,7821,3721,4100,0,0,0,1.0,1,1.0,1,1.0,1,0.18902101426664275,48
4577,0,7821,3721,4100,0,0,0,1.0,1,1.0,1,1.0,1,0.20168422824590954,47
4578,2,7823,3722,4101,0,0,0,1.0,1,1.0,1,1.0,1,0.21240539395056318,46
4579,0,7823,3722,4101,0,0,0,1.0,1,1.0,1,1.0,1,0.24863684081780535,46
4580,0,7823,3722,4101,0,0,0,1.0,1,1.0,1,1.0,1,0.24408909829471132,47
4581,3,7826,3723,4103,0,0,0,1.0,1,1.0,1,1.0,1,0.23075976178398272,47
4582,0,7826,3723,4103,0,0,0,1.0,1,1.0,1,1.0,1,0.246665889476579,48
4583,0,7826,3723,4103,0,0,0,1.0,1,1.0,1,1.0,1,0.246665889476579,48
4584,0,7826,3723,4103,0,0,0,1.0,1,1.0,1,1.0,1,0.2558855283492627,50
4585,1,7827,3724,4103,0,0,0,1.0,1,1.0,1,1.0,1,0.2746000816478653,50
4586,2,7829,3724,4105,0,0,0,1.0,1,1.0,1,1.0,1,0.2586474212208747,50
4587,1,7830,3724,4106,0,0,0,1.0,1,1.0,1,1.0,1,0.2480790672703769,50
4588,0,7830,3724,4106,0,0,0,1.0,1,1.0,1,1.0,1,0.2480790672703769,50
4589,0,7830,3724,4106,0,0,0,1.0,1,1.0,1,1.0,1,0.2618026544912704,52
4590,0,7830,3724,4106,0,0,0,1.0,1,1.0,1,1.0,1,0.2618026544912704,52
4591,1,7831,3724,4107,0,0,0,1.0,1,1.0,1,1.0,1,0.2581858591758,53
4592,0,7831,3724,4107,0,0,0,1.0,1,1.0,1,1.0,1,0.26694740273368833,54
4593,1,7832,3724,4108,0,0,0,1.0,1,1.0,1,1.0,1,0.24578792169819944,56
4594,2,7834,3724,4110,0,0,0,1.0,1,1.0,1,1.0,1,0.23475730512702264,57
4595,1,7835,3725,4110,0,0,0,1.0,1,1.0,1,1.0,1,0.2407197081272375,56
4596,2,7837,3725,4112,0,0,0,1.0,1,1.0,1,1.0,1,0.22124486685624337,56
4597,1,7838,3726,4112,0,0,0,1.0,1,1.0,1,1.0,1,0.22474074902853347,56
4598,3,7841,3728,4113,0,0,0,1.0,1,1.0,1,1.0,1,0.2707638773665338,57
4599,2,7843,3728,4115,0,0,0,1.0,1,1.0,1,1.0,1,0.23740260501098212,59
4600,3,7846,3728,4118,0,0,0,1.0,1,1.0,1,1.0,1,0.2313595470705558,60
4601,7,7853,3730,4123,0,0,0,1.0,1,1.0,1,1.0,1,0.21191684173571199,60
4602,3,7856,3730,4126,0,0,0,1.0,1,1.0,1,1.0,1,0.16014197001181157,62
4603,0,7856,3730,4126,0,0,0,1.0,1,1.0,1,1.0,1,0.16014197001181157,62
4604,0,7856,3730,4126,0,0,0,1.0,1,1.0,1,1.0,1,0.1569271933985421,63
4605,0,7856,3730,4126,0,0,0,1.0,1,1.0,1,1.0,1,0.1569271933985421,63
4606,0,7856,3730,4126,0,0,0,1.0,1,1.0,1,1.0,1,0.16674570078233975,64
4607,1,7857,3731,4126,0,0,0,1.0,1,1.0,1,1.0,1,0.1978163027329693,65
4608,3,7860,3732,4128,0,0,0,1.0,1,1.0,1,1.0,1,0.21092244713198868,66
4609,2,7862,3733,4129,0,0,0,1.0,1,1.0,1,1.0,1,0.21602578338286121,65
4610,0,7862,3733,4129,0,0,0,1.0,1,1.0,1,1.0,1,0.23535659755363758,63
4611,1,7863,3733,4130,0,0,0,1.0,1,1.0,1,1.0,1,0.23786166457859997,64
4612,1,7864,3733,4131,0,0,0,1.0,1,1.0,1,1.0,1,0.22647036564156967,62
4613,1,7865,3734,4131,0,0,0,1.0,1,1.0,1,1.0,1,0.2600452362995046,63
4614,2,7867,3736,4131,0,0,0,1.0,1,1.0,1,1.0,1,0.2428759936350824,61
4615,1,7868,3737,4131,0,0,0,1.0,1,1.0,1,1.0,1,0.2843709922819058,59
4616,2,7870,3739,4131,0,0,0,1.0,1,1.0,1,1.0,1,0.28593003617567997,58
4617,0,7870,3739,4131,0,0,0,1.0,1,1.0,1,1.0,1,0.3038050666583577,58
4618,0,7870,3739,4131,0,0,0,1.0,1,1.0,1,1.0,1,0.3156426034149844,57
4619,0,7870,3739,4131,0,0,0,1.0,1,1.0,1,1.0,1,0.3156426034149844,57
4620,2,7872,3739,4133,0,0,0,1.0,1,1.0,1,1.0,1,0.2873581097888067,57
4621,5,7877,3741,4136,0,0,0,1.0,1,1.0,1,1.0,1,0.2740732328425868,59
4622,2,7879,3742,4137,0,0,0,1.0,1,1.0,1,1.0,1,0.29529690986076756,60
4623,2,7881,3743,4138,0,0,0,1.0,1,1.0,1,1.0,1,0.2955852760976127,59
4624,3,7884,3746,4138,0,0,0,1.0,1,1.0,1,1.0,1,0.3055967249488879,59
4625,2,7886,3748,4138,0,0,0,1.0,1,1.0,1,1.0,1,0.31287708302712297,57
4626,4,7890,3751,4139,0,0,0,1.0,1,1.0,1,1.0,1,0.3408035829789697,56
4627,1,7891,3752,4139,0,0,0,1.0,1,1.0,1,1.0,1,0.3475355037022525,56
4628,4,7895,3752,4143,0,0,0,1.0,1,1.0,1,1.0,1,0.29372303824961304,56
4629,0,7895,3752,4143,0,0,0,1.0,1,1.0,1,1.0,1,0.31600427291250827,56
4630,0,7895,3752,4143,0,0,0,1.0,1,1.0,1,1.0,1,0.3054109629464759,57
4631,3,7898,3752,4146,0,0,0,1.0,1,1.0,1,1.0,1,0.29030440975074007,56
4632,2,7900,3753,4147,0,0,0,1.0,1,1.0,1,1.0,1,0.32487573961160443,57
4633,1,7901,3753,4148,0,0,0,1.0,1,1.0,1,1.0,1,0.303325257714298,58
4634,1,7902,3753,4149,0,0,0,1.0,1,1.0,1,1.0,1,0.2967585497171643,58
4635,1,7903,3753,4150,0,0,0,1.0,1,1.0,1,1.0,1,0.2759696350424803,59
4636,0,7903,3753,4150,0,0,0,1.0,1,1.0,1,1.0,1,0.25829446858698496,60
4637,1,7904,3753,4151,0,0,0,1.0,1,1.0,1,1.0,1,0.24221047416856636,60
4638,1,7905,3753,4152,0,0,0,1.0,1,1.0,1,1.0,1,0.244481711514082,61
4639,1,7906,3753,4153,0,0,0,1.0,1,1.0,1,1.0,1,0.2515241830678202,62
4640,4,7910,3753,4157,0,0,0,1.0,1,1.0,1,1.0,1,0.21645821956100872,63
4641,5,7915,3755,4160,0,0,0,1.0,1,1.0,1,1.0,1,0.19740447794302537,63
4642,0,7915,3755,4160,0,0,0,1.0,1,1.0,1,1.0,1,0.20997311492225848,62
4643,2,7917,3757,4160,0,0,0,1.0,1,1.0,1,1.0,1,0.24158322528788267,63
4644,2,7919,3757,4162,0,0,0,1.0,1,1.0,1,1.0,1,0.2384617220765453,62
4645,3,7922,3758,4164,0,0,0,1.0,1,1.0,1,1.0,1,0.262046588309933,63
4646,4,7926,3759,4167,0,0,0,1.0,1,1.0,1,1.0,1,0.2828790373497027,63
4647,5,7931,3759,4172,0,0,0,1.0,1,1.0,1,1.0,1,0.26893271950899766,62
4648,3,7934,3761,4173,0,0,0,1.0,1,1.0,1,1.0,1,0.3113939253691612,63
4649,1,7935,3762,4173,0,0,0,1.0,1,1.0,1,1.0,1,0.2796089988209495,61
4650,2,7937,3763,4174,0,0,0,1.0,1,1.0,1,1.0,1,0.25115122296500186,63
4651,3,7940,3765,4175,0,0,0,1.0,1,1.0,1,1.0,1,0.22951831404461656,62
4652,0,7940,3765,4175,0,0,0,1.0,1,1.0,1,1.0,1,0.2508903123671806,59
4653,0,7940,3765,4175,0,0,0,1.0,1,1.0,1,1.0,1,0.2620446424828328,60
4654,2,7942,3766,4176,0,0,0,1.0,1,1.0,1,1.0,1,0.25418090981859937,60
4655,0,7942,3766,4176,0,0,0,1.0,1,1.0,1,1.0,1,0.25418090981859937,60
4656,4,7946,3769,4177,0,0,0,1.0,1,1.0,1,1.0,1,0.2871447415585321,61
4657,0,7946,3769,4177,0,0,0,1.0,1,1.0,1,1.0,1,0.2809927831005324,62
4658,3,7949,3770,4179,0,0,0,1.0,1,1.0,1,1.0,1,0.2965834497185419,62
4659,0,7949,3770,4179,0,0,0,1.0,1,1.0,1,1.0,1,0.30849069509166005,61
4660,0,7949,3770,4179,0,0,0,1.0,1,1.0,1,1.0,1,0.30967350077769196,61
4661,1,7950,3770,4180,0,0,0,1.0,1,1.0,1,1.0,1,0.307505784671659,61
4662,2,7952,3771,4181,0,0,0,1.0,1,1.0,1,1.0,1,0.2879139370727157,62
4663,2,7954,3771,4183,0,0,0,1.0,1,1.0,1,1.0,1,0.24633745682661493,61
4664,1,7955,3772,4183,0,0,0,1.0,1,1.0,1,1.0,1,0.2541367920479723,62
4665,1,7956,3773,4183,0,0,0,1.0,1,1.0,1,1.0,1,0.2592333516610293,61
4666,3,7959,3774,4185,0,0,0,1.0,1,1.0,1,1.0,1,0.23115230427335556,61
4667,0,7959,3774,4185,0,0,0,1.0,1,1.0,1,1.0,1,0.22955826402014295,59
4668,2,7961,3776,4185,0,0,0,1.0,1,1.0,1,1.0,1,0.24604668743526187,59
4669,4,7965,3779,4186,0,0,0,1.0,1,1.0,1,1.0,1,0.26017806506702745,58
4670,3,7968,3782,4186,0,0,0,1.0,1,1.0,1,1.0,1,0.3092465863563318,57
4671,7,7975,3782,4193,0,0,0,1.0,1,1.0,1,1.0,1,0.21078193308893595,55
4672,1,7976,3783,4193,0,0,0,1.0,1,1.0,1,1.0,1,0.24147283311064766,56
4673,3,7979,3783,4196,0,0,0,1.0,1,1.0,1,1.0,1,0.1902644770607692,58
4674,3,7982,3785,4197,0,0,0,1.0,1,1.0,1,1.0,1,0.2210305632517578,58
4675,5,7987,3785,4202,0,0,0,1.0,1,1.0,1,1.0,1,0.22847595902328063,57
4676,4,7991,3786,4205,0,0,0,1.0,1,1.0,1,1.0,1,0.23282230855836988,58
4677,0,7991,3786,4205,0,0,0,1.0,1,1.0,1,1.0,1,0.23840372243854555,57
4678,2,7993,3788,4205,0,0,0,1.0,1,1.0,1,1.0,1,0.25578040361846266,57
4679,0,7993,3788,4205,0,0,0,1.0,1,1.0,1,1.0,1,0.25578040361846266,57
4680,4,7997,3788,4209,0,0,0,1.0,1,1.0,1,1.0,1,0.22576243788804998,59
4681,4,8001,3790,4211,0,0,0,1.0,1,1.0,1,1.0,1,0.24420134565615134,60
4682,1,8002,3791,4211,0,0,0,1.0,1,1.0,1,1.0,1,0.24871953739000124,60
4683,2,8004,3792,4212,0,0,0,1.0,1,1.0,1,1.0,1,0.25395747569320004,60
4684,1,8005,3793,4212,0,0,0,1.0,1,1.0,1,1.0,1,0.2734377094730743,60
4685,0,8005,3793,4212,0,0,0,1.0,1,1.0,1,1.0,1,0.28841578884150776,59
4686,7,8012,3795,4217,0,0,0,1.0,1,1.0,1,1.0,1,0.2965826645942308,60
4687,1,8013,3796,4217,0,0,0,1.0,1,1.0,1,1.0,1,0.30535542472378197,59
4688,2,8015,3797,4218,0,0,0,1.0,1,1.0,1,1.0,1,0.3151910626524568,59
4689,3,8018,3799,4219,0,0,0,1.0,1,1.0,1,1.0,1,0.3530837820495074,59
4690,1,8019,3800,4219,0,0,0,1.0,1,1.0,1,1.0,1,0.3541255954418246,58
4691,6,8025,3801,4224,0,0,0,1.0,1,1.0,1,1.0,1,0.28708970215298296,57
4692,4,8029,3801,4228,0,0,0,1.0,1,1.0,1,1.0,1,0.24507463563121526,58
4693,1,8030,3801,4229,0,0,0,1.0,1,1.0,1,1.0,1,0.23963993827424396,57
4694,0,8030,3801,4229,0,0,0,1.0,1,1.0,1,1.0,1,0.2386030577705698,57
4695,0,8030,3801,4229,0,0,0,1.0,1,1.0,1,1.0,1,0.25665548926477566,56
4696,1,8031,3802,4229,0,0,0,1.0,1,1.0,1,1.0,1,0.26237523569486143,57
4697,1,8032,3802,4230,0,0,0,1.0,1,1.0,1,1.0,1,0.25226370788926095,58
4698,1,8033,3802,4231,0,0,0,1.0,1,1.0,1,1.0,1,0.24377494512397216,59
4699,0,8033,3802,4231,0,0,0,1.0,1,1.0,1,1.0,1,0.2523210084709631,58
4700,1,8034,3802,4232,0,0,0,1.0,1,1.0,1,1.0,1,0.2266989739666931,59
4701,0,8034,3802,4232,0,0,0,1.0,1,1.0,1,1.0,1,0.25055184486579807,60
4702,2,8036,3803,4233,0,0,0,1.0,1,1.0,1,1.0,1,0.2559428723838313,61
4703,5,8041,3806,4235,0,0,0,1.0,1,1.0,1,1.0,1,0.2408635708964411,59
4704,1,8042,3807,4235,0,0,0,1.0,1,1.0,1,1.0,1,0.24808085221175724,58
4705,2,8044,3808,4236,0,0,0,1.0,1,1.0,1,1.0,1,0.2756582181932083,58
4706,5,8049,3811,4238,0,0,0,1.0,1,1.0,1,1.0,1,0.2763898379494597,60
4707,3,8052,3813,4239,0,0,0,1.0,1,1.0,1,1.0,1,0.29852364240944435,57
4708,3,8055,3814,4241,0,0,0,1.0,1,1.0,1,1.0,1,0.2791888961419178,57
4709,1,8056,3815,4241,0,0,0,1.0,1,1.0,1,1.0,1,0.2725674679233372,55
4710,0,8056,3815,4241,0,0,0,1.0,1,1.0,1,1.0,1,0.26833735079350657,53
4711,2,8058,3817,4241,0,0,0,1.0,1,1.0,1,1.0,1,0.2856652142404698,52
4712,2,8060,3819,4241,0,0,0,1.0,1,1.0,1,1.0,1,0.3026130994204134,52
4713,1,8061,3820,4241,0,0,0,1.0,1,1.0,1,1.0,1,0.28491823096605046,51
4714,0,8061,3820,4241,0,0,0,1.0,1,1.0,1,1.0,1,0.27634177760281325,50
4715,1,8062,3821,4241,0,0,0,1.0,1,1.0,1,1.0,1,0.28825029698851956,50
4716,0,8062,3821,4241,0,0,0,1.0,1,1.0,1,1.0,1,0.28381328645385717,49
4717,3,8065,3822,4243,0,0,0,1.0,1,1.0,1,1.0,1,0.2601504311709609,49
4718,1,8066,3823,4243,0,0,0,1.0,1,1.0,1,1.0,1,0.3016846499100059,50
4719,2,8068,3823,4245,0,0,0,1.0,1,1.0,1,1.0,1,0.2689937325020625,49
4720,1,8069,3823,4246,0,0,0,1.0,1,1.0,1,1.0,1,0.2498968273286095,49
4721,2,8071,3823,4248,0,0,0,1.0,1,1.0,1,1.0,1,0.2336692642850613,50
4722,4,8075,3824,4251,0,0,0,1.0,1,1.0,1,1.0,1,0.259035068991364,51
4723,3,8078,3825,4253,0,0,0,1.0,1,1.0,1,1.0,1,0.2166216217498068,50
4724,1,8079,3825,4254,0,0,0,1.0,1,1.0,1,1.0,1,0.2301711330178178,50
4725,1,8080,3825,4255,0,0,0,1.0,1,1.0,1,1.0,1,0.2384651253400541,52
4726,0,8080,3825,4255,0,0,0,1.0,1,1.0,1,1.0,1,0.2561119069127651,51
4727,0,8080,3825,4255,0,0,0,1.0,1,1.0,1,1.0,1,0.26642797890317466,52
4728,0,8080,3825,4255,0,0,0,1.0,1,1.0,1,1.0,1,0.26642797890317466,52
4729,2,8082,3826,4256,0,0,0,1.0,1,1.0,1,1.0,1,0.27349251016170234,52
4730,3,8085,3827,4258,0,0,0,1.0,1,1.0,1,1.0,1,0.3322610714502645,50
4731,3,8088,3828,4260,0,0,0,1.0,1,1.0,1,1.0,1,0.27734410385196157,51
4732,3,8091,3830,4261,0,0,0,1.0,1,1.0,1,1.0,1,0.3499194328655449,52
4733,4,8095,3831,4264,0,0,0,1.0,1,1.0,1,1.0,1,0.3063396336668423,53
4734,1,8096,3832,4264,0,0,0,1.0,1,1.0,1,1.0,1,0.3304177326491768,53
4735,2,8098,3833,4265,0,0,0,1.0,1,1.0,1,1.0,1,0.3227121108482571,53
4736,1,8099,3834,4265,0,0,0,1.0,1,1.0,1,1.0,1,0.3426438334343676,55
4737,4,8103,3834,4269,0,0,0,1.0,1,1.0,1,1.0,1,0.318598087024476,57
4738,2,8105,3834,4271,0,0,0,1.0,1,1.0,1,1.0,1,0.29483274447134483,57
4739,0,8105,3834,4271,0,0,0,1.0,1,1.0,1,1.0,1,0.29483274447134483,57
4740,2,8107,3834,4273,0,0,0,1.0,1,1.0,1,1.0,1,0.29488211386130864,57
4741,0,8107,3834,4273,0,0,0,1.0,1,1.0,1,1.0,1,0.3001684207609569,58
4742,3,8110,3836,4274,0,0,0,1.0,1,1.0,1,1.0,1,0.29984362622459426,58
4743,1,8111,3836,4275,0,0,0,1.0,1,1.0,1,1.0,1,0.2681637230182679,56
4744,1,8112,3837,4275,0,0,0,1.0,1,1.0,1,1.0,1,0.27717029350107736,57
4745,2,8114,3838,4276,0,0,0,1.0,1,1.0,1,1.0,1,0.2649776439524584,56
4746,2,8116,3839,4277,0,0,0,1.0,1,1.0,1,1.0,1,0.27424984075100606,56
4747,4,8120,3841,4279,0,0,0,1.0,1,1.0,1,1.0,1,0.2650755518671192,55
4748,3,8123,3844,4279,0,0,0,1.0,1,1.0,1,1.0,1,0.2936431236788756,55
4749,1,8124,3845,4279,0,0,0,1.0,1,1.0,1,1.0,1,0.3097244220668822,54
4750,3,8127,3847,4280,0,0,0,1.0,1,1.0,1,1.0,1,0.2917098647841818,53
4751,6,8133,3848,4285,0,0,0,1.0,1,1.0,1,1.0,1,0.29196918525693066,53
4752,3,8136,3849,4287,0,0,0,1.0,1,1.0,1,1.0,1,0.2202786041415882,53
4753,0,8136,3849,4287,0,0,0,1.0,1,1.0,1,1.0,1,0.2388557723771661,52
4754,2,8138,3849,4289,0,0,0,1.0,1,1.0,1,1.0,1,0.22042285045292342,52
4755,0,8138,3849,4289,0,0,0,1.0,1,1.0,1,1.0,1,0.22968757987770794,51
4756,1,8139,3850,4289,0,0,0,1.0,1,1.0,1,1.0,1,0.250953551042705,52
4757,0,8139,3850,4289,0,0,0,1.0,1,1.0,1,1.0,1,0.24825914117007403,51
4758,0,8139,3850,4289,0,0,0,1.0,1,1.0,1,1.0,1,0.24825914117007403,51
4759,1,8140,3851,4289,0,0,0,1.0,1,1.0,1,1.0,1,0.26070561117057933,51
4760,4,8144,3851,4293,0,0,0,1.0,1,1.0,1,1.0,1,0.2013757728018027,52
4761,3,8147,3853,4294,0,0,0,1.0,1,1.0,1,1.0,1,0.21048009764215694,50
4762,2,8149,3853,4296,0,0,0,1.0,1,1.0,1,1.0,1,0.20226711122580776,51
4763,3,8152,3854,4298,0,0,0,1.0,1,1.0,1,1.0,1,0.2196399664598475,51
4764,2,8154,3856,4298,0,0,0,1.0,1,1.0,1,1.0,1,0.2304681687666302,53
4765,5,8159,3857,4302,0,0,0,1.0,1,1.0,1,1.0,1,0.20473628127927454,53
4766,3,8162,3858,4304,0,0,0,1.0,1,1.0,1,1.0,1,0.19130001565447702,55
4767,2,8164,3859,4305,0,0,0,1.0,1,1.0,1,1.0,1,0.18288695299436833,56
4768,1,8165,3859,4306,0,0,0,1.0,1,1.0,1,1.0,1,0.17918274060934533,56
4769,0,8165,3859,4306,0,0,0,1.0,1,1.0,1,1.0,1,0.17918274060934533,56
4770,1,8166,3859,4307,0,0,0,1.0,1,1.0,1,1.0,1,0.19191343598401078,56
4771,4,8170,3859,4311,0,0,0,1.0,1,1.0,1,1.0,1,0.13198917695744808,55
4772,1,8171,3859,4312,0,0,0,1.0,1,1.0,1,1.0,1,0.1217387088242216,56
4773,0,8171,3859,4312,0,0,0,1.0,1,1.0,1,1.0,1,0.1217387088242216,56
4774,1,8172,3859,4313,0,0,0,1.0,1,1.0,1,1.0,1,0.10823838880677245,58
4775,0,8172,3859,4313,0,0,0,1.0,1,1.0,1,1.0,1,0.11540138388948674,59
4776,0,8172,3859,4313,0,0,0,1.0,1,1.0,1,1.0,1,0.11540138388948674,59
4777,1,8173,3860,4313,0,0,0,1.0,1,1.0,1,1.0,1,0.1433938156831409,60
4778,1,8174,3860,4314,0,0,0,1.0,1,1.0,1,1.0,1,0.13749884905152565,60
4779,1,8175,3860,4315,0,0,0,1.0,1,1.0,1,1.0,1,0.1503666128037118,61
4780,1,8176,3860,4316,0,0,0,1.0,1,1.0,1,1.0,1,0.15485739233925416,63
4781,2,8178,3860,4318,0,0,0,1.0,1,1.0,1,1.0,1,0.15448007637406724,62
4782,2,8180,3862,4318,0,0,0,1.0,1,1.0,1,1.0,1,0.2043311895634416,63
4783,5,8185,3865,4320,0,0,0,1.0,1,1.0,1,1.0,1,0.17645011153428244,62
4784,4,8189,3867,4322,0,0,0,1.0,1,1.0,1,1.0,1,0.20418175747727937,62
4785,4,8193,3869,4324,0,0,0,1.0,1,1.0,1,1.0,1,0.19104323649386215,62
4786,2,8195,3870,4325,0,0,0,1.0,1,1.0,1,1.0,1,0.20306356264938347,63
4787,3,8198,3873,4325,0,0,0,1.0,1,1.0,1,1.0,1,0.20486781715709684,62
4788,6,8204,3876,4328,0,0,0,1.0,1,1.0,1,1.0,1,0.18895262317855538,62
4789,3,8207,3878,4329,0,0,0,1.0,1,1.0,1,1.0,1,0.1876525982360546,60
4790,6,8213,3882,4331,0,0,0,1.0,1,1.0,1,1.0,1,0.15075845826014875,61
4791,2,8215,3883,4332,0,0,0,1.0,1,1.0,1,1.0,1,0.1631988416604764,60
4792,2,8217,3885,4332,0,0,0,1.0,1,1.0,1,1.0,1,0.18835441969523228,60
4793,4,8221,3887,4334,0,0,0,1.0,1,1.0,1,1.0,1,0.15201836759110143,61
4794,1,8222,3888,4334,0,0,0,1.0,1,1.0,1,1.0,1,0.1623590161682642,59
4795,3,8225,3889,4336,0,0,0,1.0,1,1.0,1,1.0,1,0.13411432443062762,61
4796,2,8227,3890,4337,0,0,0,1.0,1,1.0,1,1.0,1,0.10320204613418338,59
4797,0,8227,3890,4337,0,0,0,1.0,1,1.0,1,1.0,1,0.11265660258262404,58
4798,1,8228,3890,4338,0,0,0,1.0,1,1.0,1,1.0,1,0.0738118766280322,59
4799,1,8229,3891,4338,0,0,0,1.0,1,1.0,1,1.0,1,0.10611714311725337,57
4800,3,8232,3892,4340,0,0,0,1.0,1,1.0,1,1.0,1,0.11208636669123186,58
4801,4,8236,3894,4342,0,0,0,1.0,1,1.0,1,1.0,1,0.0703698628752486,57
4802,1,8237,3895,4342,0,0,0,1.0,1,1.0,1,1.0,1,0.09370791826430096,57
4803,2,8239,3897,4342,0,0,0,1.0,1,1.0,1,1.0,1,0.10960907829977644,56
4804,0,8239,3897,4342,0,0,0,1.0,1,1.0,1,1.0,1,0.11255179156440111,54
4805,1,8240,3897,4343,0,0,0,1.0,1,1.0,1,1.0,1,0.09297243958062697,56
4806,0,8240,3897,4343,0,0,0,1.0,1,1.0,1,1.0,1,0.08781755595634455,55
4807,0,8240,3897,4343,0,0,0,1.0,1,1.0,1,1.0,1,0.0919588378038727,54
4808,0,8240,3897,4343,0,0,0,1.0,1,1.0,1,1.0,1,0.12836940287667278,53
4809,1,8241,3898,4343,0,0,0,1.0,1,1.0,1,1.0,1,0.12541216625737928,53
4810,1,8242,3899,4343,0,0,0,1.0,1,1.0,1,1.0,1,0.129784217071895,51
4811,1,8243,3900,4343,0,0,0,1.0,1,1.0,1,1.0,1,0.11627224223206432,52
4812,0,8243,3900,4343,0,0,0,1.0,1,1.0,1,1.0,1,0.14607019299151952,52
4813,0,8243,3900,4343,0,0,0,1.0,1,1.0,1,1.0,1,0.14607019299151952,52
4814,6,8249,3905,4344,0,0,0,1.0,1,1.0,1,1.0,1,0.19686616252019856,53
4815,6,8255,3908,4347,0,0,0,1.0,1,1.0,1,1.0,1,0.17880010917029504,54
4816,0,8255,3908,4347,0,0,0,1.0,1,1.0,1,1.0,1,0.17880010917029504,54
4817,6,8261,3913,4348,0,0,0,1.0,1,1.0,1,1.0,1,0.2724420853121344,55
4818,5,8266,3916,4350,0,0,0,1.0,1,1.0,1,1.0,1,0.21850931238210314,55
4819,2,8268,3917,4351,0,0,0,1.0,1,1.0,1,1.0,1,0.23895529078554573,55
4820,4,8272,3919,4353,0,0,0,1.0,1,1.0,1,1.0,1,0.2169863692213311,55
4821,4,8276,3921,4355,0,0,0,1.0,1,1.0,1,1.0,1,0.1829295086485207,55
4822,1,8277,3922,4355,0,0,0,1.0,1,1.0,1,1.0,1,0.18444254386293737,54
4823,2,8279,3922,4357,0,0,0,1.0,1,1.0,1,1.0,1,0.12838313090099582,54
4824,3,8282,3923,4359,0,0,0,1.0,1,1.0,1,1.0,1,0.09205871282553071,55
4825,1,8283,3924,4359,0,0,0,1.0,1,1.0,1,1.0,1,0.08517561282759155,53
4826,2,8285,3926,4359,0,0,0,1.0,1,1.0,1,1.0,1,0.09201464126862452,54
4827,1,8286,3926,4360,0,0,0,1.0,1,1.0,1,1.0,1,0.08318749132871107,53
4828,0,8286,3926,4360,0,0,0,1.0,1,1.0,1,1.0,1,0.07676235933246416,54
4829,0,8286,3926,4360,0,0,0,1.0,1,1.0,1,1.0,1,0.0794171180015508,54
4830,3,8289,3928,4361,0,0,0,1.0,1,1.0,1,1.0,1,0.11755364163927712,53
4831,1,8290,3929,4361,0,0,0,1.0,1,1.0,1,1.0,1,0.12662320218072995,52
4832,0,8290,3929,4361,0,0,0,1.0,1,1.0,1,1.0,1,0.1375830580003553,50
4833,1,8291,3929,4362,0,0,0,1.0,1,1.0,1,1.0,1,0.1391363378880936,51
4834,2,8293,3930,4363,0,0,0,1.0,1,1.0,1,1.0,1,0.1805431410946279,51
4835,0,8293,3930,4363,0,0,0,1.0,1,1.0,1,1.0,1,0.16966030925814266,50
4836,3,8296,3932,4364,0,0,0,1.0,1,1.0,1,1.0,1,0.23342954712843178,50
4837,1,8297,3933,4364,0,0,0,1.0,1,1.0,1,1.0,1,0.2461186444914514,46
4838,5,8302,3936,4366,0,0,0,1.0,1,1.0,1,1.0,1,0.24851017653698765,47
4839,1,8303,3937,4366,0,0,0,1.0,1,1.0,1,1.0,1,0.28339184714583904,45
4840,1,8304,3938,4366,0,0,0,1.0,1,1.0,1,1.0,1,0.28183777298374774,45
4841,3,8307,3939,4368,0,0,0,1.0,1,1.0,1,1.0,1,0.277163617359071,43
4842,1,8308,3939,4369,0,0,0,1.0,1,1.0,1,1.0,1,0.22784244173530113,43
4843,6,8314,3941,4373,0,0,0,1.0,1,1.0,1,1.0,1,0.19952038074423276,44
4844,0,8314,3941,4373,0,0,0,1.0,1,1.0,1,1.0,1,0.22663555913632946,43
4845,2,8316,3943,4373,0,0,0,1.0,1,1.0,1,1.0,1,0.26372796205144994,44
4846,0,8316,3943,4373,0,0,0,1.0,1,1.0,1,1.0,1,0.2495917803611865,43
4847,1,8317,3944,4373,0,0,0,1.0,1,1.0,1,1.0,1,0.2942806168630571,42
4848,2,8319,3946,4373,0,0,0,1.0,1,1.0,1,1.0,1,0.2502785324069912,41
4849,0,8319,3946,4373,0,0,0,1.0,1,1.0,1,1.0,1,0.19854123722635567,41
4850,0,8319,3946,4373,0,0,0,1.0,1,1.0,1,1.0,1,0.23743798890325027,41
4851,1,8320,3946,4374,0,0,0,1.0,1,1.0,1,1.0,1,0.21482639982039115,41
4852,2,8322,3947,4375,0,0,0,1.0,1,1.0,1,1.0,1,0.2700514731318223,43
4853,4,8326,3948,4378,0,0,0,1.0,1,1.0,1,1.0,1,0.29410436836471043,44
4854,2,8328,3949,4379,0,0,0,1.0,1,1.0,1,1.0,1,0.3359463425438535,45
4855,0,8328,3949,4379,0,0,0,1.0,1,1.0,1,1.0,1,0.32993656590908765,44
4856,0,8328,3949,4379,0,0,0,1.0,1,1.0,1,1.0,1,0.32993656590908765,44
4857,6,8334,3949,4385,0,0,0,1.0,1,1.0,1,1.0,1,0.30920504637394375,44
4858,1,8335,3949,4386,0,0,0,1.0,1,1.0,1,1.0,1,0.32188479707377887,45
4859,2,8337,3949,4388,0,0,0,1.0,1,1.0,1,1.0,1,0.3240401531101576,46
4860,0,8337,3949,4388,0,0,0,1.0,1,1.0,1,1.0,1,0.3240401531101576,46
4861,4,8341,3949,4392,0,0,0,1.0,1,1.0,1,1.0,1,0.21368427915693575,46
4862,4,8345,3949,4396,0,0,0,1.0,1,1.0,1,1.0,1,0.15154460211299986,47
4863,1,8346,3950,4396,0,0,0,1.0,1,1.0,1,1.0,1,0.16408235040683383,47
4864,2,8348,3950,4398,0,0,0,1.0,1,1.0,1,1.0,1,0.15936741859790157,47
4865,2,8350,3950,4400,0,0,0,1.0,1,1.0,1,1.0,1,0.12661621906529233,48
4866,2,8352,3950,4402,0,0,0,1.0,1,1.0,1,1.0,1,0.1185355475315212,49
4867,0,8352,3950,4402,0,0,0,1.0,1,1.0,1,1.0,1,0.13755069891228733,50
4868,1,8353,3951,4402,0,0,0,1.0,1,1.0,1,1.0,1,0.13708828365815842,50
4869,0,8353,3951,4402,0,0,0,1.0,1,1.0,1,1.0,1,0.13708828365815842,50
4870,6,8359,3954,4405,0,0,0,1.0,1,1.0,1,1.0,1,0.15777148495697332,52
4871,1,8360,3954,4406,0,0,0,1.0,1,1.0,1,1.0,1,0.14055539007187948,52
4872,0,8360,3954,4406,0,0,0,1.0,1,1.0,1,1.0,1,0.12346776495765277,53
4873,1,8361,3955,4406,0,0,0,1.0,1,1.0,1,1.0,1,0.1725666178503312,55
4874,0,8361,3955,4406,0,0,0,1.0,1,1.0,1,1.0,1,0.18005653569909114,56
4875,2,8363,3956,4407,0,0,0,1.0,1,1.0,1,1.0,1,0.20892767116162642,55
4876,1,8364,3956,4408,0,0,0,1.0,1,1.0,1,1.0,1,0.19640705884658627,55
4877,1,8365,3957,4408,0,0,0,1.0,1,1.0,1,1.0,1,0.18903552485405584,54
4878,2,8367,3958,4409,0,0,0,1.0,1,1.0,1,1.0,1,0.16449349455026482,53
4879,6,8373,3961,4412,0,0,0,1.0,1,1.0,1,1.0,1,0.24971785814041184,54
4880,4,8377,3962,4415,0,0,0,1.0,1,1.0,1,1.0,1,0.24930441698170078,54
4881,1,8378,3962,4416,0,0,0,1.0,1,1.0,1,1.0,1,0.22144036593220764,53
4882,1,8379,3963,4416,0,0,0,1.0,1,1.0,1,1.0,1,0.26143338304338587,53
4883,1,8380,3963,4417,0,0,0,1.0,1,1.0,1,1.0,1,0.24276258758223254,53
4884,0,8380,3963,4417,0,0,0,1.0,1,1.0,1,1.0,1,0.2499021676574589,51
4885,1,8381,3964,4417,0,0,0,1.0,1,1.0,1,1.0,1,0.2738216485841811,50
4886,0,8381,3964,4417,0,0,0,1.0,1,1.0,1,1.0,1,0.2788629637918026,48
4887,0,8381,3964,4417,0,0,0,1.0,1,1.0,1,1.0,1,0.2788629637918026,48
4888,1,8382,3965,4417,0,0,0,1.0,1,1.0,1,1.0,1,0.2862175002808224,48
4889,0,8382,3965,4417,0,0,0,1.0,1,1.0,1,1.0,1,0.2862175002808224,48
4890,0,8382,3965,4417,0,0,0,1.0,1,1.0,1,1.0,1,0.28461675078332077,49
4891,5,8387,3966,4421,0,0,0,1.0,1,1.0,1,1.0,1,0.2738582609641879,50
4892,0,8387,3966,4421,0,0,0,1.0,1,1.0,1,1.0,1,0.2854722303043433,49
4893,0,8387,3966,4421,0,0,0,1.0,1,1.0,1,1.0,1,0.2923322587702857,50
4894,0,8387,3966,4421,0,0,0,1.0,1,1.0,1,1.0,1,0.2954497445987065,51
4895,2,8389,3966,4423,0,0,0,1.0,1,1.0,1,1.0,1,0.28015866570110914,52
4896,4,8393,3967,4426,0,0,0,1.0,1,1.0,1,1.0,1,0.21646227028494372,53
4897,0,8393,3967,4426,0,0,0,1.0,1,1.0,1,1.0,1,0.21646227028494372,53
4898,2,8395,3969,4426,0,0,0,1.0,1,1.0,1,1.0,1,0.19257503812371263,53
4899,2,8397,3971,4426,0,0,0,1.0,1,1.0,1,1.0,1,0.16322289358193487,55
4900,1,8398,3972,4426,0,0,0,1.0,1,1.0,1,1.0,1,0.19306743702352286,55
4901,1,8399,3973,4426,0,0,0,1.0,1,1.0,1,1.0,1,0.1918221343971091,56
4902,1,8400,3974,4426,0,0,0,1.0,1,1.0,1,1.0,1,0.2366220701037998,58
4903,4,8404,3977,4427,0,0,0,1.0,1,1.0,1,1.0,1,0.21928997288561058,58
4904,3,8407,3980,4427,0,0,0,1.0,1,1.0,1,1.0,1,0.22887573421457888,57
4905,0,8407,3980,4427,0,0,0,1.0,1,1.0,1,1.0,1,0.23641578385466666,54
4906,1,8408,3981,4427,0,0,0,1.0,1,1.0,1,1.0,1,0.2629609930630599,55
4907,0,8408,3981,4427,0,0,0,1.0,1,1.0,1,1.0,1,0.27479466567725414,52
4908,4,8412,3982,4430,0,0,0,1.0,1,1.0,1,1.0,1,0.2508364093590027,53
4909,0,8412,3982,4430,0,0,0,1.0,1,1.0,1,1.0,1,0.255170306176957,52
4910,2,8414,3982,4432,0,0,0,1.0,1,1.0,1,1.0,1,0.26711419105985923,53
4911,4,8418,3982,4436,0,0,0,1.0,1,1.0,1,1.0,1,0.22380315291140404,55
4912,5,8423,3983,4440,0,0,0,1.0,1,1.0,1,1.0,1,0.2036955905028439,54
4913,2,8425,3983,4442,0,0,0,1.0,1,1.0,1,1.0,1,0.16578974066632013,53
4914,1,8426,3983,4443,0,0,0,1.0,1,1.0,1,1.0,1,0.1803412959704121,53
4915,2,8428,3984,4444,0,0,0,1.0,1,1.0,1,1.0,1,0.18303625706376436,54
4916,4,8432,3985,4447,0,0,0,1.0,1,1.0,1,1.0,1,0.2363875374570061,52
4917,3,8435,3985,4450,0,0,0,1.0,1,1.0,1,1.0,1,0.22077441189257394,52
4918,3,8438,3985,4453,0,0,0,1.0,1,1.0,1,1.0,1,0.23706292532047413,51
4919,3,8441,3985,4456,0,0,0,1.0,1,1.0,1,1.0,1,0.24151262370648102,50
4920,5,8446,3985,4461,0,0,0,1.0,1,1.0,1,1.0,1,0.22847417593870942,51
4921,3,8449,3986,4463,0,0,0,1.0,1,1.0,1,1.0,1,0.18939020796544243,51
4922,2,8451,3987,4464,0,0,0,1.0,1,1.0,1,1.0,1,0.21524120367669533,53
4923,0,8451,3987,4464,0,0,0,1.0,1,1.0,1,1.0,1,0.21524120367669533,53
4924,2,8453,3988,4465,0,0,0,1.0,1,1.0,1,1.0,1,0.19582175231527243,55
4925,2,8455,3990,4465,0,0,0,1.0,1,1.0,1,1.0,1,0.18734820988234757,56
4926,0,8455,3990,4465,0,0,0,1.0,1,1.0,1,1.0,1,0.17114638804167948,55
4927,2,8457,3992,4465,0,0,0,1.0,1,1.0,1,1.0,1,0.17501812462209623,55
4928,0,8457,3992,4465,0,0,0,1.0,1,1.0,1,1.0,1,0.17501812462209623,55
4929,1,8458,3992,4466,0,0,0,1.0,1,1.0,1,1.0,1,0.1443201757189714,56
4930,3,8461,3994,4467,0,0,0,1.0,1,1.0,1,1.0,1,0.17883714351386817,58
4931,0,8461,3994,4467,0,0,0,1.0,1,1.0,1,1.0,1,0.1698678299085799,59
4932,2,8463,3994,4469,0,0,0,1.0,1,1.0,1,1.0,1,0.17049774850806745,60
4933,0,8463,3994,4469,0,0,0,1.0,1,1.0,1,1.0,1,0.17049774850806745,60
4934,1,8464,3995,4469,0,0,0,1.0,1,1.0,1,1.0,1,0.17373298475332366,60
4935,0,8464,3995,4469,0,0,0,1.0,1,1.0,1,1.0,1,0.17373298475332366,60
4936,1,8465,3996,4469,0,0,0,1.0,1,1.0,1,1.0,1,0.20055643265695244,61
4937,2,8467,3996,4471,0,0,0,1.0,1,1.0,1,1.0,1,0.20205123864859553,62
4938,2,8469,3996,4473,0,0,0,1.0,1,1.0,1,1.0,1,0.17578597359704726,62
4939,5,8474,3999,4475,0,0,0,1.0,1,1.0,1,1.0,1,0.18731529157634402,64
4940,3,8477,3999,4478,0,0,0,1.0,1,1.0,1,1.0,1,0.1524966846580787,67
4941,1,8478,3999,4479,0,0,0,1.0,1,1.0,1,1.0,1,0.14939145312236252,66
4942,2,8480,4001,4479,0,0,0,1.0,1,1.0,1,1.0,1,0.17475220266682875,67
4943,1,8481,4001,4480,0,0,0,1.0,1,1.0,1,1.0,1,0.179377575519915,65
4944,1,8482,4002,4480,0,0,0,1.0,1,1.0,1,1.0,1,0.18639365821793477,65
4945,1,8483,4003,4480,0,0,0,1.0,1,1.0,1,1.0,1,0.20579849907545558,62
4946,1,8484,4004,4480,0,0,0,1.0,1,1.0,1,1.0,1,0.21855100336608338,61
4947,4,8488,4007,4481,0,0,0,1.0,1,1.0,1,1.0,1,0.24270762960380374,59
4948,3,8491,4008,4483,0,0,0,1.0,1,1.0,1,1.0,1,0.21594684375251078,59
4949,3,8494,4010,4484,0,0,0,1.0,1,1.0,1,1.0,1,0.21701398262529162,57
4950,7,8501,4014,4487,0,0,0,1.0,1,1.0,1,1.0,1,0.24109562869188458,58
4951,5,8506,4018,4488,0,0,0,1.0,1,1.0,1,1.0,1,0.19690930120602712,55
4952,2,8508,4019,4489,0,0,0,1.0,1,1.0,1,1.0,1,0.19459761360651093,53
4953,3,8511,4021,4490,0,0,0,1.0,1,1.0,1,1.0,1,0.21735511878339245,54
4954,0,8511,4021,4490,0,0,0,1.0,1,1.0,1,1.0,1,0.22193288982656792,52
4955,1,8512,4022,4490,0,0,0,1.0,1,1.0,1,1.0,1,0.228735201981358,51
4956,0,8512,4022,4490,0,0,0,1.0,1,1.0,1,1.0,1,0.27116216633015294,47
4957,2,8514,4023,4491,0,0,0,1.0,1,1.0,1,1.0,1,0.24414411383919843,48
4958,0,8514,4023,4491,0,0,0,1.0,1,1.0,1,1.0,1,0.23171762332389276,47
4959,0,8514,4023,4491,0,0,0,1.0,1,1.0,1,1.0,1,0.23171762332389276,47
4960,1,8515,4023,4492,0,0,0,1.0,1,1.0,1,1.0,1,0.23290712000794284,48
4961,4,8519,4024,4495,0,0,0,1.0,1,1.0,1,1.0,1,0.17574320467499335,49
4962,0,8519,4024,4495,0,0,0,1.0,1,1.0,1,1.0,1,0.17574320467499335,49
4963,1,8520,4025,4495,0,0,0,1.0,1,1.0,1,1.0,1,0.19733279427554326,51
4964,2,8522,4027,4495,0,0,0,1.0,1,1.0,1,1.0,1,0.2396299544054968,51
4965,3,8525,4029,4496,0,0,0,1.0,1,1.0,1,1.0,1,0.20361132963522754,51
4966,1,8526,4029,4497,0,0,0,1.0,1,1.0,1,1.0,1,0.17466036654154338,51
4967,4,8530,4033,4497,0,0,0,1.0,1,1.0,1,1.0,1,0.1916278228470112,51
4968,4,8534,4035,4499,0,0,0,1.0,1,1.0,1,1.0,1,0.23430282780503284,52
4969,5,8539,4037,4502,0,0,0,1.0,1,1.0,1,1.0,1,0.2566287967043822,53
4970,5,8544,4038,4506,0,0,0,1.0,1,1.0,1,1.0,1,0.25573265753259855,54
4971,4,8548,4038,4510,0,0,0,1.0,1,1.0,1,1.0,1,0.20585820592645124,55
4972,0,8548,4038,4510,0,0,0,1.0,1,1.0,1,1.0,1,0.23001891480088563,56
4973,2,8550,4040,4510,0,0,0,1.0,1,1.0,1,1.0,1,0.22169368842797205,57
4974,2,8552,4040,4512,0,0,0,1.0,1,1.0,1,1.0,1,0.20133693260087335,56
4975,1,8553,4040,4513,0,0,0,1.0,1,1.0,1,1.0,1,0.19088517547308992,57
4976,2,8555,4041,4514,0,0,0,1.0,1,1.0,1,1.0,1,0.20587922516737278,57
4977,1,8556,4041,4515,0,0,0,1.0,1,1.0,1,1.0,1,0.1784301403876719,57
4978,3,8559,4043,4516,0,0,0,1.0,1,1.0,1,1.0,1,0.1976578733510724,58
4979,1,8560,4044,4516,0,0,0,1.0,1,1.0,1,1.0,1,0.2241949839328603,58
4980,6,8566,4046,4520,0,0,0,1.0,1,1.0,1,1.0,1,0.21420127034688616,59
4981,6,8572,4047,4525,0,0,0,1.0,1,1.0,1,1.0,1,0.1921231300752108,60
4982,3,8575,4047,4528,0,0,0,1.0,1,1.0,1,1.0,1,0.13679115819357965,61
4983,5,8580,4050,4530,0,0,0,1.0,1,1.0,1,1.0,1,0.13062217311032667,61
4984,2,8582,4051,4531,0,0,0,1.0,1,1.0,1,1.0,1,0.13518604402682674,59
4985,0,8582,4051,4531,0,0,0,1.0,1,1.0,1,1.0,1,0.1376124513114908,58
4986,3,8585,4052,4533,0,0,0,1.0,1,1.0,1,1.0,1,0.13965517822543227,59
4987,1,8586,4053,4533,0,0,0,1.0,1,1.0,1,1.0,1,0.1761100655689815,58
4988,0,8586,4053,4533,0,0,0,1.0,1,1.0,1,1.0,1,0.17207496821295998,57
4989,4,8590,4056,4534,0,0,0,1.0,1,1.0,1,1.0,1,0.17804643701738535,54
4990,1,8591,4056,4535,0,0,0,1.0,1,1.0,1,1.0,1,0.19832348788118256,53
4991,9,8600,4061,4539,0,0,0,1.0,1,1.0,1,1.0,1,0.21103415794844937,52
4992,4,8604,4063,4541,0,0,0,1.0,1,1.0,1,1.0,1,0.21995204089936973,48
4993,0,8604,4063,4541,0,0,0,1.0,1,1.0,1,1.0,1,0.21995204089936973,48
4994,1,8605,4064,4541,0,0,0,1.0,1,1.0,1,1.0,1,0.20802643847457505,45
4995,1,8606,4065,4541,0,0,0,1.0,1,1.0,1,1.0,1,0.19156563920769631,45
4996,2,8608,4066,4542,0,0,0,1.0,1,1.0,1,1.0,1,0.14975155942655324,45
4997,1,8609,4067,4542,0,0,0,1.0,1,1.0,1,1.0,1,0.16886117061483277,42
4998,1,8610,4068,4542,0,0,0,1.0,1,1.0,1,1.0,1,0.21719225664144534,44
4999,4,8614,4070,4544,0,0,0,1.0,1,1.0,1,1.0,1,0.28157043868701376,44
5000,1,8615,4071,4544,0,0,0,1.0,1,1.0,1,1.0,1,0.3270521479213197,42
5001,1,8616,4071,4545,0,0,0,1.0,1,1.0,1,1.0,1,0.311456320536892,42
5002,1,8617,4072,4545,0,0,0,1.0,1,1.0,1,1.0,1,0.3462227369013041,41
5003,5,8622,4073,4549,0,0,0,1.0,1,1.0,1,1.0,1,0.3446722514345516,41
5004,1,8623,4073,4550,0,0,0,1.0,1,1.0,1,1.0,1,0.3319634080127273,41
5005,0,8623,4073,4550,0,0,0,1.0,1,1.0,1,1.0,1,0.3319634080127273,41
5006,1,8624,4073,4551,0,0,0,1.0,1,1.0,1,1.0,1,0.31006689948990007,42
5007,0,8624,4073,4551,0,0,0,1.0,1,1.0,1,1.0,1,0.3089553696988768,43
5008,1,8625,4073,4552,0,0,0,1.0,1,1.0,1,1.0,1,0.2805523862493707,46
5009,1,8626,4074,4552,0,0,0,1.0,1,1.0,1,1.0,1,0.29060452250549124,46
5010,0,8626,4074,4552,0,0,0,1.0,1,1.0,1,1.0,1,0.3006834749618509,46
5011,1,8627,4074,4553,0,0,0,1.0,1,1.0,1,1.0,1,0.29565866733428137,47
5012,0,8627,4074,4553,0,0,0,1.0,1,1.0,1,1.0,1,0.29994055844281864,48
5013,0,8627,4074,4553,0,0,0,1.0,1,1.0,1,1.0,1,0.29994055844281864,48
5014,0,8627,4074,4553,0,0,0,1.0,1,1.0,1,1.0,1,0.2986484253151264,49
5015,1,8628,4074,4554,0,0,0,1.0,1,1.0,1,1.0,1,0.2874786701503385,50
5016,1,8629,4075,4554,0,0,0,1.0,1,1.0,1,1.0,1,0.33428459151226214,51
5017,3,8632,4075,4557,0,0,0,1.0,1,1.0,1,1.0,1,0.2849152068628251,51
5018,1,8633,4076,4557,0,0,0,1.0,1,1.0,1,1.0,1,0.262282734687354,51
5019,1,8634,4077,4557,0,0,0,1.0,1,1.0,1,1.0,1,0.28257342032140104,51
5020,1,8635,4077,4558,0,0,0,1.0,1,1.0,1,1.0,1,0.2715452904224484,51
5021,3,8638,4077,4561,0,0,0,1.0,1,1.0,1,1.0,1,0.23009626325704627,52
5022,2,8640,4079,4561,0,0,0,1.0,1,1.0,1,1.0,1,0.23995671431181095,52
5023,3,8643,4082,4561,0,0,0,1.0,1,1.0,1,1.0,1,0.2973336514336104,52
5024,4,8647,4084,4563,0,0,0,1.0,1,1.0,1,1.0,1,0.3166091172661404,51
5025,0,8647,4084,4563,0,0,0,1.0,1,1.0,1,1.0,1,0.3039761113639627,50
5026,1,8648,4084,4564,0,0,0,1.0,1,1.0,1,1.0,1,0.2960916880214463,49
5027,2,8650,4085,4565,0,0,0,1.0,1,1.0,1,1.0,1,0.26803282093095543,47
5028,1,8651,4086,4565,0,0,0,1.0,1,1.0,1,1.0,1,0.291459307530395,47
5029,3,8654,4089,4565,0,0,0,1.0,1,1.0,1,1.0,1,0.3181354707076298,46
5030,2,8656,4090,4566,0,0,0,1.0,1,1.0,1,1.0,1,0.26811603618456487,48
5031,3,8659,4091,4568,0,0,0,1.0,1,1.0,1,1.0,1,0.2655608784491082,46
5032,1,8660,4092,4568,0,0,0,1.0,1,1.0,1,1.0,1,0.3050112140018052,46
5033,1,8661,4092,4569,0,0,0,1.0,1,1.0,1,1.0,1,0.2976028307380763,47
5034,1,8662,4093,4569,0,0,0,1.0,1,1.0,1,1.0,1,0.28467119026753557,48
5035,0,8662,4093,4569,0,0,0,1.0,1,1.0,1,1.0,1,0.2733390127169855,47
5036,1,8663,4094,4569,0,0,0,1.0,1,1.0,1,1.0,1,0.295826121098562,47
5037,0,8663,4094,4569,0,0,0,1.0,1,1.0,1,1.0,1,0.28579523215517927,47
5038,1,8664,4095,4569,0,0,0,1.0,1,1.0,1,1.0,1,0.32112047210855604,48
5039,0,8664,4095,4569,0,0,0,1.0,1,1.0,1,1.0,1,0.30512851239548594,47
5040,0,8664,4095,4569,0,0,0,1.0,1,1.0,1,1.0,1,0.31400183017824623,48
5041,4,8668,4095,4573,0,0,0,1.0,1,1.0,1,1.0,1,0.2501417985839886,49
5042,0,8668,4095,4573,0,0,0,1.0,1,1.0,1,1.0,1,0.26672890563193846,50
5043,0,8668,4095,4573,0,0,0,1.0,1,1.0,1,1.0,1,0.24645181227809201,51
5044,1,8669,4095,4574,0,0,0,1.0,1,1.0,1,1.0,1,0.2269016723921923,51
5045,1,8670,4096,4574,0,0,0,1.0,1,1.0,1,1.0,1,0.23999890337618385,51
5046,1,8671,4096,4575,0,0,0,1.0,1,1.0,1,1.0,1,0.2366497541232606,52
5047,0,8671,4096,4575,0,0,0,1.0,1,1.0,1,1.0,1,0.2345366853533385,52
5048,0,8671,4096,4575,0,0,0,1.0,1,1.0,1,1.0,1,0.2345366853533385,52
5049,1,8672,4096,4576,0,0,0,1.0,1,1.0,1,1.0,1,0.2534011310198459,52
5050,2,8674,4097,4577,0,0,0,1.0,1,1.0,1,1.0,1,0.2510275629319678,55
5051,3,8677,4097,4580,0,0,0,1.0,1,1.0,1,1.0,1,0.24664710198344986,55
5052,1,8678,4097,4581,0,0,0,1.0,1,1.0,1,1.0,1,0.23909830655618247,55
5053,0,8678,4097,4581,0,0,0,1.0,1,1.0,1,1.0,1,0.25482613022974215,54
5054,2,8680,4098,4582,0,0,0,1.0,1,1.0,1,1.0,1,0.2434514856125871,54
5055,0,8680,4098,4582,0,0,0,1.0,1,1.0,1,1.0,1,0.27737812282931024,54
5056,1,8681,4099,4582,0,0,0,1.0,1,1.0,1,1.0,1,0.278388791694239,55
5057,1,8682,4099,4583,0,0,0,1.0,1,1.0,1,1.0,1,0.27146046134672125,56
5058,1,8683,4099,4584,0,0,0,1.0,1,1.0,1,1.0,1,0.26386944456110206,58
5059,2,8685,4099,4586,0,0,0,1.0,1,1.0,1,1.0,1,0.22747128042468834,58
5060,4,8689,4100,4589,0,0,0,1.0,1,1.0,1,1.0,1,0.1859870798623667,59
5061,2,8691,4100,4591,0,0,0,1.0,1,1.0,1,1.0,1,0.1803030468363225,58
5062,4,8695,4102,4593,0,0,0,1.0,1,1.0,1,1.0,1,0.16331739439544463,58
5063,5,8700,4105,4595,0,0,0,1.0,1,1.0,1,1.0,1,0.1742750604721295,57
5064,2,8702,4107,4595,0,0,0,1.0,1,1.0,1,1.0,1,0.2250580918409747,57
5065,2,8704,4109,4595,0,0,0,1.0,1,1.0,1,1.0,1,0.241645489779441,56
5066,2,8706,4110,4596,0,0,0,1.0,1,1.0,1,1.0,1,0.24190528416484594,55
5067,2,8708,4110,4598,0,0,0,1.0,1,1.0,1,1.0,1,0.24570017392075058,54
5068,2,8710,4111,4599,0,0,0,1.0,1,1.0,1,1.0,1,0.27254238336892206,54
5069,1,8711,4111,4600,0,0,0,1.0,1,1.0,1,1.0,1,0.26333590764748604,53
5070,1,8712,4112,4600,0,0,0,1.0,1,1.0,1,1.0,1,0.29498685492697724,53
5071,7,8719,4113,4606,0,0,0,1.0,1,1.0,1,1.0,1,0.200048456381309,53
5072,2,8721,4115,4606,0,0,0,1.0,1,1.0,1,1.0,1,0.20526566405999283,53
5073,1,8722,4115,4607,0,0,0,1.0,1,1.0,1,1.0,1,0.20914442686931933,53
5074,0,8722,4115,4607,0,0,0,1.0,1,1.0,1,1.0,1,0.17375640462644226,52
5075,0,8722,4115,4607,0,0,0,1.0,1,1.0,1,1.0,1,0.17375640462644226,52
5076,1,8723,4115,4608,0,0,0,1.0,1,1.0,1,1.0,1,0.17859480881913026,55
5077,6,8729,4116,4613,0,0,0,1.0,1,1.0,1,1.0,1,0.18434263619398467,55
5078,0,8729,4116,4613,0,0,0,1.0,1,1.0,1,1.0,1,0.18434263619398467,55
5079,0,8729,4116,4613,0,0,0,1.0,1,1.0,1,1.0,1,0.20192041236482033,54
5080,3,8732,4117,4615,0,0,0,1.0,1,1.0,1,1.0,1,0.22600369391220468,55
5081,3,8735,4117,4618,0,0,0,1.0,1,1.0,1,1.0,1,0.18426654049704447,57
5082,2,8737,4117,4620,0,0,0,1.0,1,1.0,1,1.0,1,0.1615534807338466,57
5083,3,8740,4118,4622,0,0,0,1.0,1,1.0,1,1.0,1,0.13845749727036094,58
5084,1,8741,4118,4623,0,0,0,1.0,1,1.0,1,1.0,1,0.1191247605537409,58
5085,3,8744,4119,4625,0,0,0,1.0,1,1.0,1,1.0,1,0.1442346076328204,59
5086,1,8745,4119,4626,0,0,0,1.0,1,1.0,1,1.0,1,0.14873825771527474,60
5087,4,8749,4121,4628,0,0,0,1.0,1,1.0,1,1.0,1,0.14916784138257247,61
5088,3,8752,4122,4630,0,0,0,1.0,1,1.0,1,1.0,1,0.15759568466130128,62
5089,2,8754,4124,4630,0,0,0,1.0,1,1.0,1,1.0,1,0.1706989626261369,63
5090,3,8757,4124,4633,0,0,0,1.0,1,1.0,1,1.0,1,0.18420906146926605,63
5091,2,8759,4126,4633,0,0,0,1.0,1,1.0,1,1.0,1,0.22718480407198804,63
5092,1,8760,4126,4634,0,0,0,1.0,1,1.0,1,1.0,1,0.21665946936283528,63
5093,0,8760,4126,4634,0,0,0,1.0,1,1.0,1,1.0,1,0.21665946936283528,63
5094,1,8761,4127,4634,0,0,0,1.0,1,1.0,1,1.0,1,0.20846345230389854,64
5095,0,8761,4127,4634,0,0,0,1.0,1,1.0,1,1.0,1,0.20846345230389854,64
5096,4,8765,4128,4637,0,0,0,1.0,1,1.0,1,1.0,1,0.20646601809447102,67
5097,3,8768,4128,4640,0,0,0,1.0,1,1.0,1,1.0,1,0.18206254995302298,67
5098,1,8769,4129,4640,0,0,0,1.0,1,1.0,1,1.0,1,0.16083683164880078,68
5099,2,8771,4129,4642,0,0,0,1.0,1,1.0,1,1.0,1,0.17092562918494408,70
5100,1,8772,4130,4642,0,0,0,1.0,1,1.0,1,1.0,1,0.15430671384588288,71
5101,1,8773,4131,4642,0,0,0,1.0,1,1.0,1,1.0,1,0.16068425006913137,71
5102,5,8778,4135,4643,0,0,0,1.0,1,1.0,1,1.0,1,0.23045406565422316,70
5103,1,8779,4136,4643,0,0,0,1.0,1,1.0,1,1.0,1,0.2010401432032391,67
5104,6,8785,4139,4646,0,0,0,1.0,1,1.0,1,1.0,1,0.233500334654932,67
5105,2,8787,4140,4647,0,0,0,1.0,1,1.0,1,1.0,1,0.1967586064604334,63
5106,5,8792,4143,4649,0,0,0,1.0,1,1.0,1,1.0,1,0.2117509318384116,63
5107,5,8797,4148,4649,0,0,0,1.0,1,1.0,1,1.0,1,0.26166245374918967,60
5108,2,8799,4149,4650,0,0,0,1.0,1,1.0,1,1.0,1,0.23633641754868467,56
5109,3,8802,4152,4650,0,0,0,1.0,1,1.0,1,1.0,1,0.303743260752089,56
5110,4,8806,4154,4652,0,0,0,1.0,1,1.0,1,1.0,1,0.26362830436776163,52
5111,9,8815,4156,4659,0,0,0,1.0,1,1.0,1,1.0,1,0.14993747074142927,51
5112,3,8818,4157,4661,0,0,0,1.0,1,1.0,1,1.0,1,0.1380299485010029,50
5113,3,8821,4160,4661,0,0,0,1.0,1,1.0,1,1.0,1,0.19189707844394835,48
5114,1,8822,4161,4661,0,0,0,1.0,1,1.0,1,1.0,1,0.214762375192578,46
5115,0,8822,4161,4661,0,0,0,1.0,1,1.0,1,1.0,1,0.21313163698941034,44
5116,0,8822,4161,4661,0,0,0,1.0,1,1.0,1,1.0,1,0.2151801853292134,44
5117,0,8822,4161,4661,0,0,0,1.0,1,1.0,1,1.0,1,0.20016604568929522,46
5118,0,8822,4161,4661,0,0,0,1.0,1,1.0,1,1.0,1,0.20016604568929522,46
5119,0,8822,4161,4661,0,0,0,1.0,1,1.0,1,1.0,1,0.20016604568929522,46
5120,2,8824,4163,4661,0,0,0,1.0,1,1.0,1,1.0,1,0.2454498210587036,46
5121,7,8831,4165,4666,0,0,0,1.0,1,1.0,1,1.0,1,0.17591618754719499,46
5122,1,8832,4166,4666,0,0,0,1.0,1,1.0,1,1.0,1,0.1943678023567028,46
5123,5,8837,4168,4669,0,0,0,1.0,1,1.0,1,1.0,1,0.22453915639570646,45
5124,6,8843,4169,4674,0,0,0,1.0,1,1.0,1,1.0,1,0.17977540479043658,47
5125,3,8846,4170,4676,0,0,0,1.0,1,1.0,1,1.0,1,0.20831258426213908,50
5126,1,8847,4171,4676,0,0,0,1.0,1,1.0,1,1.0,1,0.19930948429661627,50
5127,2,8849,4171,4678,0,0,0,1.0,1,1.0,1,1.0,1,0.21293535354967086,52
5128,2,8851,4172,4679,0,0,0,1.0,1,1.0,1,1.0,1,0.23598346468713777,53
5129,4,8855,4172,4683,0,0,0,1.0,1,1.0,1,1.0,1,0.24561733832083388,55
5130,3,8858,4173,4685,0,0,0,1.0,1,1.0,1,1.0,1,0.24843240456789348,55
5131,4,8862,4173,4689,0,0,0,1.0,1,1.0,1,1.0,1,0.1861502281417913,54
5132,1,8863,4173,4690,0,0,0,1.0,1,1.0,1,1.0,1,0.19536906521008923,54
5133,0,8863,4173,4690,0,0,0,1.0,1,1.0,1,1.0,1,0.19536906521008923,54
5134,1,8864,4173,4691,0,0,0,1.0,1,1.0,1,1.0,1,0.20374361686147652,53
5135,1,8865,4173,4692,0,0,0,1.0,1,1.0,1,1.0,1,0.19343422529076124,54
5136,1,8866,4173,4693,0,0,0,1.0,1,1.0,1,1.0,1,0.2231179369508895,54
5137,1,8867,4173,4694,0,0,0,1.0,1,1.0,1,1.0,1,0.22534358305823318,54
5138,0,8867,4173,4694,0,0,0,1.0,1,1.0,1,1.0,1,0.22534358305823318,54
5139,1,8868,4174,4694,0,0,0,1.0,1,1.0,1,1.0,1,0.2163382858952614,55
5140,4,8872,4177,4695,0,0,0,1.0,1,1.0,1,1.0,1,0.22186883430592716,55
5141,3,8875,4178,4697,0,0,0,1.0,1,1.0,1,1.0,1,0.2140073342736953,53
5142,3,8878,4180,4698,0,0,0,1.0,1,1.0,1,1.0,1,0.19788854482278687,54
5143,2,8880,4182,4698,0,0,0,1.0,1,1.0,1,1.0,1,0.2152239817582386,52
5144,2,8882,4184,4698,0,0,0,1.0,1,1.0,1,1.0,1,0.227684661952988,50
5145,4,8886,4186,4700,0,0,0,1.0,1,1.0,1,1.0,1,0.21685138264011866,49
5146,0,8886,4186,4700,0,0,0,1.0,1,1.0,1,1.0,1,0.21840121250985908,49
5147,0,8886,4186,4700,0,0,0,1.0,1,1.0,1,1.0,1,0.22257578810991283,46
5148,2,8888,4188,4700,0,0,0,1.0,1,1.0,1,1.0,1,0.2251033958389508,46
5149,1,8889,4189,4700,0,0,0,1.0,1,1.0,1,1.0,1,0.21600793252189618,45
5150,2,8891,4191,4700,0,0,0,1.0,1,1.0,1,1.0,1,0.26797537946138655,47
5151,5,8896,4193,4703,0,0,0,1.0,1,1.0,1,1.0,1,0.17849003993426807,46
5152,1,8897,4194,4703,0,0,0,1.0,1,1.0,1,1.0,1,0.19805089811357426,46
5153,1,8898,4195,4703,0,0,0,1.0,1,1.0,1,1.0,1,0.18882891141810268,45
5154,1,8899,4195,4704,0,0,0,1.0,1,1.0,1,1.0,1,0.2101530298797708,47
5155,2,8901,4196,4705,0,0,0,1.0,1,1.0,1,1.0,1,0.24990474688483946,47
5156,1,8902,4197,4705,0,0,0,1.0,1,1.0,1,1.0,1,0.2596159222306513,47
5157,1,8903,4198,4705,0,0,0,1.0,1,1.0,1,1.0,1,0.27887469794749814,46
5158,0,8903,4198,4705,0,0,0,1.0,1,1.0,1,1.0,1,0.28421264858307804,47
5159,2,8905,4198,4707,0,0,0,1.0,1,1.0,1,1.0,1,0.2741285730971983,49
5160,0,8905,4198,4707,0,0,0,1.0,1,1.0,1,1.0,1,0.27152450084648666,48
5161,2,8907,4198,4709,0,0,0,1.0,1,1.0,1,1.0,1,0.226925665495094,48
5162,2,8909,4198,4711,0,0,0,1.0,1,1.0,1,1.0,1,0.21032332390063385,49
5163,1,8910,4198,4712,0,0,0,1.0,1,1.0,1,1.0,1,0.21101442901636094,51
5164,0,8910,4198,4712,0,0,0,1.0,1,1.0,1,1.0,1,0.21101442901636094,51
5165,1,8911,4198,4713,0,0,0,1.0,1,1.0,1,1.0,1,0.22497590774243634,52
5166,3,8914,4200,4714,0,0,0,1.0,1,1.0,1,1.0,1,0.20045733789206654,52
5167,3,8917,4202,4715,0,0,0,1.0,1,1.0,1,1.0,1,0.19728546988912934,52
5168,0,8917,4202,4715,0,0,0,1.0,1,1.0,1,1.0,1,0.19728546988912934,52
5169,2,8919,4204,4715,0,0,0,1.0,1,1.0,1,1.0,1,0.22060075664067272,53
5170,0,8919,4204,4715,0,0,0,1.0,1,1.0,1,1.0,1,0.22060075664067272,53
5171,2,8921,4204,4717,0,0,0,1.0,1,1.0,1,1.0,1,0.21699829799429995,52
5172,1,8922,4205,4717,0,0,0,1.0,1,1.0,1,1.0,1,0.21573885057095193,53
5173,1,8923,4205,4718,0,0,0,1.0,1,1.0,1,1.0,1,0.20542663345726989,54
5174,3,8926,4205,4721,0,0,0,1.0,1,1.0,1,1.0,1,0.17850894338397155,56
5175,1,8927,4206,4721,0,0,0,1.0,1,1.0,1,1.0,1,0.1942196515917016,58
5176,0,8927,4206,4721,0,0,0,1.0,1,1.0,1,1.0,1,0.1942196515917016,58
5177,2,8929,4206,4723,0,0,0,1.0,1,1.0,1,1.0,1,0.17497640517218133,59
5178,4,8933,4209,4724,0,0,0,1.0,1,1.0,1,1.0,1,0.16812735607497675,57
5179,2,8935,4209,4726,0,0,0,1.0,1,1.0,1,1.0,1,0.15270020883596197,58
5180,3,8938,4211,4727,0,0,0,1.0,1,1.0,1,1.0,1,0.1652461448396853,56
5181,0,8938,4211,4727,0,0,0,1.0,1,1.0,1,1.0,1,0.15244957568864217,57
5182,2,8940,4213,4727,0,0,0,1.0,1,1.0,1,1.0,1,0.19432778416950047,56
5183,2,8942,4214,4728,0,0,0,1.0,1,1.0,1,1.0,1,0.20145764624308074,57
5184,1,8943,4215,4728,0,0,0,1.0,1,1.0,1,1.0,1,0.20843257967906711,56
5185,1,8944,4216,4728,0,0,0,1.0,1,1.0,1,1.0,1,0.2372022173198588,56
5186,4,8948,4219,4729,0,0,0,1.0,1,1.0,1,1.0,1,0.29388955921815607,54
5187,0,8948,4219,4729,0,0,0,1.0,1,1.0,1,1.0,1,0.3122692491335424,51
5188,3,8951,4221,4730,0,0,0,1.0,1,1.0,1,1.0,1,0.3395428049791826,50
5189,3,8954,4221,4733,0,0,0,1.0,1,1.0,1,1.0,1,0.26515097338910115,49
5190,1,8955,4222,4733,0,0,0,1.0,1,1.0,1,1.0,1,0.2856298387206488,50
5191,7,8962,4222,4740,0,0,0,1.0,1,1.0,1,1.0,1,0.19429295051294979,50
5192,4,8966,4224,4742,0,0,0,1.0,1,1.0,1,1.0,1,0.12547464882849055,49
5193,0,8966,4224,4742,0,0,0,1.0,1,1.0,1,1.0,1,0.1402736612093453,50
5194,1,8967,4225,4742,0,0,0,1.0,1,1.0,1,1.0,1,0.1577133281612025,51
5195,1,8968,4226,4742,0,0,0,1.0,1,1.0,1,1.0,1,0.18811988827985437,51
5196,2,8970,4226,4744,0,0,0,1.0,1,1.0,1,1.0,1,0.18451271466714397,51
5197,0,8970,4226,4744,0,0,0,1.0,1,1.0,1,1.0,1,0.18451271466714397,51
5198,0,8970,4226,4744,0,0,0,1.0,1,1.0,1,1.0,1,0.18451271466714397,51
5199,0,8970,4226,4744,0,0,0,1.0,1,1.0,1,1.0,1,0.1721150216295409,54
5200,2,8972,4227,4745,0,0,0,1.0,1,1.0,1,1.0,1,0.17021067918646754,54
5201,6,8978,4229,4749,0,0,0,1.0,1,1.0,1,1.0,1,0.1497689425045203,55
5202,1,8979,4229,4750,0,0,0,1.0,1,1.0,1,1.0,1,0.16792260759091918,56
5203,0,8979,4229,4750,0,0,0,1.0,1,1.0,1,1.0,1,0.16792260759091918,56
5204,0,8979,4229,4750,0,0,0,1.0,1,1.0,1,1.0,1,0.17669101762236786,58
5205,1,8980,4229,4751,0,0,0,1.0,1,1.0,1,1.0,1,0.1677180420192868,58
5206,1,8981,4229,4752,0,0,0,1.0,1,1.0,1,1.0,1,0.15395527405532233,58
5207,1,8982,4229,4753,0,0,0,1.0,1,1.0,1,1.0,1,0.1491136020455636,59
5208,0,8982,4229,4753,0,0,0,1.0,1,1.0,1,1.0,1,0.1579343667392375,58
5209,0,8982,4229,4753,0,0,0,1.0,1,1.0,1,1.0,1,0.1579343667392375,58
5210,0,8982,4229,4753,0,0,0,1.0,1,1.0,1,1.0,1,0.17220265383287858,57
5211,2,8984,4230,4754,0,0,0,1.0,1,1.0,1,1.0,1,0.15184989778207889,57
5212,1,8985,4230,4755,0,0,0,1.0,1,1.0,1,1.0,1,0.16390004548915493,59
5213,2,8987,4232,4755,0,0,0,1.0,1,1.0,1,1.0,1,0.19443059158442508,59
5214,2,8989,4232,4757,0,0,0,1.0,1,1.0,1,1.0,1,0.18974653382526482,59
5215,1,8990,4233,4757,0,0,0,1.0,1,1.0,1,1.0,1,0.22687526673403288,58
5216,0,8990,4233,4757,0,0,0,1.0,1,1.0,1,1.0,1,0.21011202821513203,59
5217,4,8994,4237,4757,0,0,0,1.0,1,1.0,1,1.0,1,0.20441166204134883,58
5218,5,8999,4241,4758,0,0,0,1.0,1,1.0,1,1.0,1,0.2693941046939743,58
5219,0,8999,4241,4758,0,0,0,1.0,1,1.0,1,1.0,1,0.2261856322865699,57
5220,1,9000,4242,4758,0,0,0,1.0,1,1.0,1,1.0,1,0.23934187532906884,56
5221,4,9004,4243,4761,0,0,0,1.0,1,1.0,1,1.0,1,0.22713479358783928,58
5222,2,9006,4245,4761,0,0,0,1.0,1,1.0,1,1.0,1,0.21836240427778972,56
5223,3,9009,4247,4762,0,0,0,1.0,1,1.0,1,1.0,1,0.28210118875278156,55
5224,3,9012,4247,4765,0,0,0,1.0,1,1.0,1,1.0,1,0.23556219112100862,56
5225,1,9013,4248,4765,0,0,0,1.0,1,1.0,1,1.0,1,0.2647259869309232,55
5226,1,9014,4249,4765,0,0,0,1.0,1,1.0,1,1.0,1,0.26011492067937314,55
5227,1,9015,4249,4766,0,0,0,1.0,1,1.0,1,1.0,1,0.236959628247857,53
5228,0,9015,4249,4766,0,0,0,1.0,1,1.0,1,1.0,1,0.2280590590323753,51
5229,1,9016,4249,4767,0,0,0,1.0,1,1.0,1,1.0,1,0.19412400849166145,51
5230,0,9016,4249,4767,0,0,0,1.0,1,1.0,1,1.0,1,0.1949001468754987,51
5231,3,9019,4251,4768,0,0,0,1.0,1,1.0,1,1.0,1,0.230582026162068,52
5232,1,9020,4252,4768,0,0,0,1.0,1,1.0,1,1.0,1,0.2694920549206308,52
5233,1,9021,4252,4769,0,0,0,1.0,1,1.0,1,1.0,1,0.2748898979593636,53
5234,4,9025,4254,4771,0,0,0,1.0,1,1.0,1,1.0,1,0.27252696558508366,53
5235,1,9026,4255,4771,0,0,0,1.0,1,1.0,1,1.0,1,0.2838245687261247,53
5236,2,9028,4257,4771,0,0,0,1.0,1,1.0,1,1.0,1,0.29618914467237983,52
5237,4,9032,4257,4775,0,0,0,1.0,1,1.0,1,1.0,1,0.2681476730043097,52
5238,3,9035,4259,4776,0,0,0,1.0,1,1.0,1,1.0,1,0.2753531303974853,52
5239,3,9038,4259,4779,0,0,0,1.0,1,1.0,1,1.0,1,0.2555238586104967,51
5240,1,9039,4260,4779,0,0,0,1.0,1,1.0,1,1.0,1,0.2721829463943616,53
5241,1,9040,4260,4780,0,0,0,1.0,1,1.0,1,1.0,1,0.276398085852736,53
5242,3,9043,4261,4782,0,0,0,1.0,1,1.0,1,1.0,1,0.29112105600568655,51
5243,0,9043,4261,4782,0,0,0,1.0,1,1.0,1,1.0,1,0.29112105600568655,51
5244,3,9046,4263,4783,0,0,0,1.0,1,1.0,1,1.0,1,0.2915836213143663,52
5245,2,9048,4263,4785,0,0,0,1.0,1,1.0,1,1.0,1,0.25958390613962656,53
5246,1,9049,4264,4785,0,0,0,1.0,1,1.0,1,1.0,1,0.2607790963426953,53
5247,0,9049,4264,4785,0,0,0,1.0,1,1.0,1,1.0,1,0.2601538366577794,54
5248,1,9050,4265,4785,0,0,0,1.0,1,1.0,1,1.0,1,0.25440591469630947,54
5249,1,9051,4266,4785,0,0,0,1.0,1,1.0,1,1.0,1,0.25342301416133795,55
5250,4,9055,4266,4789,0,0,0,1.0,1,1.0,1,1.0,1,0.22958574027853357,57
5251,5,9060,4267,4793,0,0,0,1.0,1,1.0,1,1.0,1,0.17515729375052122,58
5252,0,9060,4267,4793,0,0,0,1.0,1,1.0,1,1.0,1,0.17515729375052122,58
5253,3,9063,4270,4793,0,0,0,1.0,1,1.0,1,1.0,1,0.23679808612681752,58
5254,1,9064,4270,4794,0,0,0,1.0,1,1.0,1,1.0,1,0.23234321688429252,59
5255,3,9067,4273,4794,0,0,0,1.0,1,1.0,1,1.0,1,0.2547285376401111,58
5256,2,9069,4273,4796,0,0,0,1.0,1,1.0,1,1.0,1,0.2541058773172548,58
5257,1,9070,4273,4797,0,0,0,1.0,1,1.0,1,1.0,1,0.24386323120955125,57
5258,1,9071,4274,4797,0,0,0,1.0,1,1.0,1,1.0,1,0.2453767043606243,55
5259,0,9071,4274,4797,0,0,0,1.0,1,1.0,1,1.0,1,0.25044947690997504,56
5260,0,9071,4274,4797,0,0,0,1.0,1,1.0,1,1.0,1,0.2510144658908299,55
5261,3,9074,4275,4799,0,0,0,1.0,1,1.0,1,1.0,1,0.2570668770110081,54
5262,1,9075,4276,4799,0,0,0,1.0,1,1.0,1,1.0,1,0.26940147829492705,54
5263,5,9080,4279,4801,0,0,0,1.0,1,1.0,1,1.0,1,0.3013429569146156,55
5264,0,9080,4279,4801,0,0,0,1.0,1,1.0,1,1.0,1,0.3036223054513515,53
5265,6,9086,4283,4803,0,0,0,1.0,1,1.0,1,1.0,1,0.3276351965688641,52
5266,2,9088,4284,4804,0,0,0,1.0,1,1.0,1,1.0,1,0.32762722511249653,49
5267,2,9090,4285,4805,0,0,0,1.0,1,1.0,1,1.0,1,0.349389986013482,49
5268,3,9093,4286,4807,0,0,0,1.0,1,1.0,1,1.0,1,0.3197615851849094,46
5269,2,9095,4287,4808,0,0,0,1.0,1,1.0,1,1.0,1,0.30241039261501096,45
5270,3,9098,4289,4809,0,0,0,1.0,1,1.0,1,1.0,1,0.2920804674259643,46
5271,2,9100,4289,4811,0,0,0,1.0,1,1.0,1,1.0,1,0.28919296576016507,46
5272,2,9102,4289,4813,0,0,0,1.0,1,1.0,1,1.0,1,0.2535179858677958,45
5273,6,9108,4293,4815,0,0,0,1.0,1,1.0,1,1.0,1,0.2401215832311213,45
5274,2,9110,4293,4817,0,0,0,1.0,1,1.0,1,1.0,1,0.21772771058566975,45
5275,3,9113,4295,4818,0,0,0,1.0,1,1.0,1,1.0,1,0.2139705513221042,46
5276,2,9115,4297,4818,0,0,0,1.0,1,1.0,1,1.0,1,0.2385418512203624,45
5277,0,9115,4297,4818,0,0,0,1.0,1,1.0,1,1.0,1,0.24260263169827007,45
5278,2,9117,4299,4818,0,0,0,1.0,1,1.0,1,1.0,1,0.2790120984614771,44
5279,0,9117,4299,4818,0,0,0,1.0,1,1.0,1,1.0,1,0.26774230081720785,45
5280,0,9117,4299,4818,0,0,0,1.0,1,1.0,1,1.0,1,0.2762234830449855,46
5281,1,9118,4299,4819,0,0,0,1.0,1,1.0,1,1.0,1,0.2664270459509091,46
5282,1,9119,4299,4820,0,0,0,1.0,1,1.0,1,1.0,1,0.26889624117703964,47
5283,2,9121,4299,4822,0,0,0,1.0,1,1.0,1,1.0,1,0.23829732290016642,48
5284,0,9121,4299,4822,0,0,0,1.0,1,1.0,1,1.0,1,0.23829732290016642,48
5285,0,9121,4299,4822,0,0,0,1.0,1,1.0,1,1.0,1,0.21868316413903352,48
5286,1,9122,4299,4823,0,0,0,1.0,1,1.0,1,1.0,1,0.21685200303244329,50
5287,1,9123,4299,4824,0,0,0,1.0,1,1.0,1,1.0,1,0.203985794468778,50
5288,0,9123,4299,4824,0,0,0,1.0,1,1.0,1,1.0,1,0.194335056741197,51
5289,2,9125,4299,4826,0,0,0,1.0,1,1.0,1,1.0,1,0.16924985564529285,51
5290,0,9125,4299,4826,0,0,0,1.0,1,1.0,1,1.0,1,0.18059940925526202,52
5291,2,9127,4300,4827,0,0,0,1.0,1,1.0,1,1.0,1,0.21613523331049594,52
5292,1,9128,4300,4828,0,0,0,1.0,1,1.0,1,1.0,1,0.22305482962963533,53
5293,1,9129,4301,4828,0,0,0,1.0,1,1.0,1,1.0,1,0.2802499751590909,51
5294,1,9130,4302,4828,0,0,0,1.0,1,1.0,1,1.0,1,0.31253561078042186,50
5295,0,9130,4302,4828,0,0,0,1.0,1,1.0,1,1.0,1,0.31593956655790284,49
5296,1,9131,4303,4828,0,0,0,1.0,1,1.0,1,1.0,1,0.3678628117683649,48
5297,0,9131,4303,4828,0,0,0,1.0,1,1.0,1,1.0,1,0.37503920160161974,46
5298,0,9131,4303,4828,0,0,0,1.0,1,1.0,1,1.0,1,0.3741880666041791,46
5299,0,9131,4303,4828,0,0,0,1.0,1,1.0,1,1.0,1,0.3724567199944448,47
5300,1,9132,4304,4828,0,0,0,1.0,1,1.0,1,1.0,1,0.3683520055641407,48
5301,1,9133,4305,4828,0,0,0,1.0,1,1.0,1,1.0,1,0.38959341293878785,48
5302,8,9141,4309,4832,0,0,0,1.0,1,1.0,1,1.0,1,0.3430389924865929,49
5303,1,9142,4310,4832,0,0,0,1.0,1,1.0,1,1.0,1,0.3427833522974345,48
5304,2,9144,4311,4833,0,0,0,1.0,1,1.0,1,1.0,1,0.31310666633495227,48
5305,0,9144,4311,4833,0,0,0,1.0,1,1.0,1,1.0,1,0.30560283308423436,47
5306,3,9147,4313,4834,0,0,0,1.0,1,1.0,1,1.0,1,0.30878638281346804,48
5307,1,9148,4313,4835,0,0,0,1.0,1,1.0,1,1.0,1,0.2892190321858445,48
5308,0,9148,4313,4835,0,0,0,1.0,1,1.0,1,1.0,1,0.2868263761713064,47
5309,1,9149,4314,4835,0,0,0,1.0,1,1.0,1,1.0,1,0.3202285248608662,46
5310,3,9152,4316,4836,0,0,0,1.0,1,1.0,1,1.0,1,0.3050505763858472,46
5311,5,9157,4317,4840,0,0,0,1.0,1,1.0,1,1.0,1,0.2833423400272884,46
5312,1,9158,4318,4840,0,0,0,1.0,1,1.0,1,1.0,1,0.31967514482415305,46
5313,0,9158,4318,4840,0,0,0,1.0,1,1.0,1,1.0,1,0.3264025818016098,46
5314,2,9160,4318,4842,0,0,0,1.0,1,1.0,1,1.0,1,0.30751684776260035,46
5315,4,9164,4319,4845,0,0,0,1.0,1,1.0,1,1.0,1,0.3153401912786401,47
5316,3,9167,4319,4848,0,0,0,1.0,1,1.0,1,1.0,1,0.30555578153092305,48
5317,3,9170,4319,4851,0,0,0,1.0,1,1.0,1,1.0,1,0.23099679033396234,49
5318,7,9177,4322,4855,0,0,0,1.0,1,1.0,1,1.0,1,0.19912915234665288,49
5319,2,9179,4323,4856,0,0,0,1.0,1,1.0,1,1.0,1,0.1852883460066317,50
5320,4,9183,4324,4859,0,0,0,1.0,1,1.0,1,1.0,1,0.19238860249428447,51
5321,2,9185,4324,4861,0,0,0,1.0,1,1.0,1,1.0,1,0.1334739191029858,52
5322,1,9186,4324,4862,0,0,0,1.0,1,1.0,1,1.0,1,0.13309315938523616,53
5323,0,9186,4324,4862,0,0,0,1.0,1,1.0,1,1.0,1,0.1179651055281768,53
5324,3,9189,4326,4863,0,0,0,1.0,1,1.0,1,1.0,1,0.1642675684865599,55
5325,3,9192,4327,4865,0,0,0,1.0,1,1.0,1,1.0,1,0.16810326094954658,55
5326,3,9195,4327,4868,0,0,0,1.0,1,1.0,1,1.0,1,0.1499498869731839,55
5327,4,9199,4327,4872,0,0,0,1.0,1,1.0,1,1.0,1,0.19241273577893928,56
5328,3,9202,4328,4874,0,0,0,1.0,1,1.0,1,1.0,1,0.1845996184238425,57
5329,4,9206,4328,4878,0,0,0,1.0,1,1.0,1,1.0,1,0.1845996184238425,57
5330,5,9211,4329,4882,0,0,0,1.0,1,1.0,1,1.0,1,0.18837789172856653,56
5331,2,9213,4329,4884,0,0,0,1.0,1,1.0,1,1.0,1,0.16591028197391472,57
5332,0,9213,4329,4884,0,0,0,1.0,1,1.0,1,1.0,1,0.16981542430565658,58
5333,4,9217,4330,4887,0,0,0,1.0,1,1.0,1,1.0,1,0.14194720262100213,59
5334,2,9219,4331,4888,0,0,0,1.0,1,1.0,1,1.0,1,0.14143130991936242,59
5335,0,9219,4331,4888,0,0,0,1.0,1,1.0,1,1.0,1,0.135581118112467,58
5336,1,9220,4331,4889,0,0,0,1.0,1,1.0,1,1.0,1,0.13636111089770844,59
5337,0,9220,4331,4889,0,0,0,1.0,1,1.0,1,1.0,1,0.13669685131903017,60
5338,1,9221,4331,4890,0,0,0,1.0,1,1.0,1,1.0,1,0.13695620834651848,60
5339,0,9221,4331,4890,0,0,0,1.0,1,1.0,1,1.0,1,0.13695620834651848,60
5340,1,9222,4332,4890,0,0,0,1.0,1,1.0,1,1.0,1,0.14995927925084326,60
5341,1,9223,4333,4890,0,0,0,1.0,1,1.0,1,1.0,1,0.16644675950308177,61
5342,2,9225,4335,4890,0,0,0,1.0,1,1.0,1,1.0,1,0.2165668392206838,59
5343,2,9227,4336,4891,0,0,0,1.0,1,1.0,1,1.0,1,0.22166303298125187,58
5344,2,9229,4337,4892,0,0,0,1.0,1,1.0,1,1.0,1,0.23177786551621465,58
5345,3,9232,4339,4893,0,0,0,1.0,1,1.0,1,1.0,1,0.26026404073616466,54
5346,0,9232,4339,4893,0,0,0,1.0,1,1.0,1,1.0,1,0.26026404073616466,54
5347,5,9237,4343,4894,0,0,0,1.0,1,1.0,1,1.0,1,0.22623649399422865,54
5348,3,9240,4344,4896,0,0,0,1.0,1,1.0,1,1.0,1,0.20988337384335812,55
5349,1,9241,4345,4896,0,0,0,1.0,1,1.0,1,1.0,1,0.226737443438724,56
5350,2,9243,4346,4897,0,0,0,1.0,1,1.0,1,1.0,1,0.23177499891167191,56
5351,6,9249,4347,4902,0,0,0,1.0,1,1.0,1,1.0,1,0.1752303758230866,57
5352,2,9251,4348,4903,0,0,0,1.0,1,1.0,1,1.0,1,0.18098034855032616,57
5353,0,9251,4348,4903,0,0,0,1.0,1,1.0,1,1.0,1,0.18098034855032616,57
5354,0,9251,4348,4903,0,0,0,1.0,1,1.0,1,1.0,1,0.18436576062260218,56
5355,1,9252,4348,4904,0,0,0,1.0,1,1.0,1,1.0,1,0.15451575560013983,57
5356,0,9252,4348,4904,0,0,0,1.0,1,1.0,1,1.0,1,0.1694509281506253,56
5357,1,9253,4348,4905,0,0,0,1.0,1,1.0,1,1.0,1,0.1740602041191816,56
5358,1,9254,4348,4906,0,0,0,1.0,1,1.0,1,1.0,1,0.1468985614212311,57
5359,1,9255,4349,4906,0,0,0,1.0,1,1.0,1,1.0,1,0.1498592749248332,57
5360,0,9255,4349,4906,0,0,0,1.0,1,1.0,1,1.0,1,0.18035685872524324,55
5361,3,9258,4350,4908,0,0,0,1.0,1,1.0,1,1.0,1,0.19930121734773737,56
5362,1,9259,4351,4908,0,0,0,1.0,1,1.0,1,1.0,1,0.20429068754340754,57
5363,0,9259,4351,4908,0,0,0,1.0,1,1.0,1,1.0,1,0.20429068754340754,57
5364,1,9260,4351,4909,0,0,0,1.0,1,1.0,1,1.0,1,0.1938369393876989,58
5365,0,9260,4351,4909,0,0,0,1.0,1,1.0,1,1.0,1,0.19773111954941178,59
5366,5,9265,4354,4911,0,0,0,1.0,1,1.0,1,1.0,1,0.19854259188780626,60
5367,3,9268,4355,4913,0,0,0,1.0,1,1.0,1,1.0,1,0.18217161588606473,60
5368,1,9269,4356,4913,0,0,0,1.0,1,1.0,1,1.0,1,0.204781677082326,58
5369,1,9270,4356,4914,0,0,0,1.0,1,1.0,1,1.0,1,0.17031240881648757,58
5370,3,9273,4357,4916,0,0,0,1.0,1,1.0,1,1.0,1,0.19277299261528016,57
5371,3,9276,4359,4917,0,0,0,1.0,1,1.0,1,1.0,1,0.1934904664897392,56
5372,3,9279,4362,4917,0,0,0,1.0,1,1.0,1,1.0,1,0.1879890364433289,55
5373,3,9282,4365,4917,0,0,0,1.0,1,1.0,1,1.0,1,0.23164737731198767,54
5374,3,9285,4366,4919,0,0,0,1.0,1,1.0,1,1.0,1,0.21895378397984366,53
5375,2,9287,4367,4920,0,0,0,1.0,1,1.0,1,1.0,1,0.23276965346935993,52
5376,1,9288,4367,4921,0,0,0,1.0,1,1.0,1,1.0,1,0.2098783657748436,52
5377,2,9290,4368,4922,0,0,0,1.0,1,1.0,1,1.0,1,0.21052807524349623,51
5378,1,9291,4369,4922,0,0,0,1.0,1,1.0,1,1.0,1,0.24174608746025336,52
5379,0,9291,4369,4922,0,0,0,1.0,1,1.0,1,1.0,1,0.2317536068660998,50
5380,3,9294,4372,4922,0,0,0,1.0,1,1.0,1,1.0,1,0.2945794086561016,51
5381,3,9297,4373,4924,0,0,0,1.0,1,1.0,1,1.0,1,0.19408740562508162,50
5382,0,9297,4373,4924,0,0,0,1.0,1,1.0,1,1.0,1,0.19728270175152185,48
5383,1,9298,4373,4925,0,0,0,1.0,1,1.0,1,1.0,1,0.2087492790826984,48
5384,1,9299,4373,4926,0,0,0,1.0,1,1.0,1,1.0,1,0.19130525558190684,48
5385,0,9299,4373,4926,0,0,0,1.0,1,1.0,1,1.0,1,0.19485077239310825,47
5386,1,9300,4374,4926,0,0,0,1.0,1,1.0,1,1.0,1,0.24096730778246694,48
5387,0,9300,4374,4926,0,0,0,1.0,1,1.0,1,1.0,1,0.24290500067781023,48
5388,2,9302,4374,4928,0,0,0,1.0,1,1.0,1,1.0,1,0.2353209357521631,48
5389,0,9302,4374,4928,0,0,0,1.0,1,1.0,1,1.0,1,0.22715758303653205,50
5390,2,9304,4375,4929,0,0,0,1.0,1,1.0,1,1.0,1,0.2488933936842818,52
5391,1,9305,4376,4929,0,0,0,1.0,1,1.0,1,1.0,1,0.23847619274323373,52
5392,1,9306,4376,4930,0,0,0,1.0,1,1.0,1,1.0,1,0.23551790110725773,51
5393,2,9308,4378,4930,0,0,0,1.0,1,1.0,1,1.0,1,0.27323492651184156,50
5394,1,9309,4378,4931,0,0,0,1.0,1,1.0,1,1.0,1,0.26798002025852913,50
5395,3,9312,4380,4932,0,0,0,1.0,1,1.0,1,1.0,1,0.2746360743368314,49
5396,3,9315,4382,4933,0,0,0,1.0,1,1.0,1,1.0,1,0.29351484578489,48
5397,4,9319,4384,4935,0,0,0,1.0,1,1.0,1,1.0,1,0.2520049902419935,48
5398,1,9320,4384,4936,0,0,0,1.0,1,1.0,1,1.0,1,0.2800146916068799,46
5399,3,9323,4386,4937,0,0,0,1.0,1,1.0,1,1.0,1,0.2584572540060685,46
5400,2,9325,4388,4937,0,0,0,1.0,1,1.0,1,1.0,1,0.2928255193712717,48
5401,5,9330,4388,4942,0,0,0,1.0,1,1.0,1,1.0,1,0.19824429370821772,49
5402,0,9330,4388,4942,0,0,0,1.0,1,1.0,1,1.0,1,0.0,0
