,SuccessfulHandoverCount,TotalSuccessfulHandoverCount,TotalSuccessfulHandoverCountRange,TotalSuccessfulHandoverCountLoadBalancing,TotalSuccessfulHandoverCountOverload,FailedHandoverCount,TotalFailedHandoverCount,AvgQoS,MinQoS,AvgQoS_LoadBased,MinQoS_LoadBased,AvgQoS_RangeBased,MinQoS_RangeBased,GiniLoad,VehicleCount
0,0,0,0,0,0,0,0,1.0,1.0,1.0,1.0,1.0,1,0.0,0
1,22,22,0,22,0,0,0,1.0,1.0,1.0,1.0,1.0,1,0.2666439998729147,30
2,23,45,0,45,0,0,0,1.0,1.0,1.0,1.0,1.0,1,0.2713985427960271,32
3,23,68,0,68,0,0,0,1.0,1.0,1.0,1.0,1.0,1,0.2399327401436092,33
4,28,96,0,96,0,0,0,1.0,1.0,1.0,1.0,1.0,1,0.27141421236761243,34
5,16,112,0,112,0,0,0,1.0,1.0,1.0,1.0,1.0,1,0.14082477159239884,36
6,23,135,0,135,0,0,0,1.0,1.0,1.0,1.0,1.0,1,0.1823917172995195,38
7,28,163,0,163,0,0,0,1.0,1.0,1.0,1.0,1.0,1,0.2320387596672611,40
8,23,186,0,186,0,0,0,1.0,1.0,1.0,1.0,1.0,1,0.3122499946416135,40
9,22,208,0,208,0,0,0,1.0,1.0,1.0,1.0,1.0,1,0.24646047920943756,40
10,14,222,0,222,0,0,0,1.0,1.0,1.0,1.0,1.0,1,0.2639526445969088,41
11,20,242,0,242,0,0,0,1.0,1.0,1.0,1.0,1.0,1,0.22089031114009008,40
12,24,266,1,265,0,0,0,1.0,1.0,1.0,1.0,1.0,1,0.2636761698919463,39
13,21,287,1,286,0,0,0,1.0,1.0,1.0,1.0,1.0,1,0.27702553114988576,37
14,19,306,1,305,0,0,0,1.0,1.0,1.0,1.0,1.0,1,0.33368970171557516,35
15,18,324,1,323,0,0,0,1.0,1.0,1.0,1.0,1.0,1,0.17058223034103026,36
16,11,335,1,334,0,0,0,1.0,1.0,1.0,1.0,1.0,1,0.3603095724776373,34
17,19,354,1,353,0,0,0,1.0,1.0,1.0,1.0,1.0,1,0.4432972460764609,33
18,24,378,1,377,0,0,0,1.0,1.0,1.0,1.0,1.0,1,0.4385882175685901,34
19,16,394,1,393,0,0,0,1.0,1.0,1.0,1.0,1.0,1,0.3190754687823387,34
20,10,404,1,403,0,0,0,1.0,1.0,1.0,1.0,1.0,1,0.33157895636610507,34
21,19,423,1,422,0,0,0,1.0,1.0,1.0,1.0,1.0,1,0.2761526499698995,36
22,15,438,1,437,0,0,0,1.0,1.0,1.0,1.0,1.0,1,0.3086930356890292,35
23,14,452,2,450,0,0,0,1.0,1.0,1.0,1.0,1.0,1,0.23091088631560786,35
24,15,467,2,465,0,0,0,1.0,1.0,1.0,1.0,1.0,1,0.26035762537236085,35
25,10,477,3,474,0,0,0,1.0,1.0,1.0,1.0,1.0,1,0.16952389113828925,35
26,3,480,3,477,0,0,0,1.0,1.0,1.0,1.0,1.0,1,0.10500309087347949,36
27,0,480,3,477,0,0,0,1.0,1.0,1.0,1.0,1.0,1,0.15058004226144525,34
28,2,482,5,477,0,0,0,1.0,1.0,1.0,1.0,1.0,1,0.1479156493077777,35
29,2,484,5,479,0,0,0,1.0,1.0,1.0,1.0,1.0,1,0.13292204806682592,33
30,4,488,7,481,0,0,0,1.0,1.0,1.0,1.0,1.0,1,0.18272271070375276,33
31,2,490,7,483,0,0,0,1.0,1.0,1.0,1.0,1.0,1,0.21813948728693153,33
32,0,490,7,483,0,0,0,1.0,1.0,1.0,1.0,1.0,1,0.23828751451030106,32
33,2,492,7,485,0,0,0,1.0,1.0,1.0,1.0,1.0,1,0.23416928664474806,33
34,0,492,7,485,0,0,0,1.0,1.0,1.0,1.0,1.0,1,0.23416928664474806,33
35,2,494,7,487,0,0,0,1.0,1.0,1.0,1.0,1.0,1,0.22305832271781248,35
36,2,496,8,488,0,0,0,1.0,1.0,1.0,1.0,1.0,1,0.23485153775287124,36
37,3,499,9,490,0,0,0,1.0,1.0,1.0,1.0,1.0,1,0.20573458836509004,37
38,1,500,9,491,0,0,0,1.0,1.0,1.0,1.0,1.0,1,0.21961184009466442,36
39,3,503,9,494,0,0,0,1.0,1.0,1.0,1.0,1.0,1,0.22745630132713537,38
40,3,506,9,497,0,0,0,1.0,1.0,1.0,1.0,1.0,1,0.18722570318773246,40
41,2,508,9,499,0,0,0,1.0,1.0,1.0,1.0,1.0,1,0.18722570318773246,40
42,3,511,10,501,0,0,0,1.0,1.0,1.0,1.0,1.0,1,0.21966663251388197,40
43,5,516,11,505,0,0,0,1.0,1.0,1.0,1.0,1.0,1,0.25069680238051995,43
44,9,525,11,514,0,0,0,1.0,1.0,1.0,1.0,1.0,1,0.254818004003732,43
45,5,530,12,518,0,0,0,1.0,1.0,1.0,1.0,1.0,1,0.2434595451903936,44
46,5,535,12,523,0,0,0,1.0,1.0,1.0,1.0,1.0,1,0.25025326732405323,44
47,5,540,13,527,0,0,0,1.0,1.0,1.0,1.0,1.0,1,0.2684466823903191,44
48,8,548,14,534,0,0,0,1.0,1.0,1.0,1.0,1.0,1,0.3043274234113835,44
49,4,552,14,538,0,0,0,1.0,1.0,1.0,1.0,1.0,1,0.3100020669500085,41
50,9,561,16,545,0,0,0,1.0,1.0,1.0,1.0,1.0,1,0.344545952901931,40
51,5,566,16,550,0,0,0,1.0,1.0,1.0,1.0,1.0,1,0.26411326645594513,38
52,4,570,17,553,0,0,0,1.0,1.0,1.0,1.0,1.0,1,0.264104668499322,37
53,1,571,17,554,0,0,0,1.0,1.0,1.0,1.0,1.0,1,0.2266793299521646,38
54,3,574,17,557,0,0,0,1.0,1.0,1.0,1.0,1.0,1,0.1702366166185485,38
55,1,575,17,558,0,0,0,1.0,1.0,1.0,1.0,1.0,1,0.18843811190249568,38
56,5,580,17,563,0,0,0,1.0,1.0,1.0,1.0,1.0,1,0.21908332299669045,38
57,4,584,18,566,0,0,0,1.0,1.0,1.0,1.0,1.0,1,0.20420542698275426,38
58,5,589,20,569,0,0,0,1.0,1.0,1.0,1.0,1.0,1,0.20439108284557148,38
59,2,591,20,571,0,0,0,1.0,1.0,1.0,1.0,1.0,1,0.23296034205621952,40
60,4,595,21,574,0,0,0,1.0,1.0,1.0,1.0,1.0,1,0.21729765495791464,40
61,0,595,21,574,0,0,0,1.0,1.0,1.0,1.0,1.0,1,0.2110922710048102,40
62,1,596,21,575,0,0,0,1.0,1.0,1.0,1.0,1.0,1,0.1961904305432297,42
63,3,599,21,578,0,0,0,1.0,1.0,1.0,1.0,1.0,1,0.2112394897733465,40
64,1,600,21,579,0,0,0,1.0,1.0,1.0,1.0,1.0,1,0.19257994693300712,41
65,1,601,21,580,0,0,0,1.0,1.0,1.0,1.0,1.0,1,0.1980665662584531,41
66,4,605,22,583,0,0,0,1.0,1.0,1.0,1.0,1.0,1,0.18222429807273852,41
67,6,611,22,589,0,0,0,1.0,1.0,1.0,1.0,1.0,1,0.18184394830504597,41
68,4,615,22,593,0,0,0,1.0,1.0,1.0,1.0,1.0,1,0.18005770054491257,41
69,1,616,22,594,0,0,0,1.0,1.0,1.0,1.0,1.0,1,0.18677795485710225,41
70,3,619,22,597,0,0,0,1.0,1.0,1.0,1.0,1.0,1,0.1948689736512473,42
71,3,622,23,599,0,0,0,1.0,1.0,1.0,1.0,1.0,1,0.18167332378395318,44
72,10,632,23,609,0,0,0,1.0,1.0,1.0,1.0,1.0,1,0.19552572042756877,44
73,8,640,23,617,0,0,0,1.0,1.0,1.0,1.0,1.0,1,0.2034935707169866,46
74,8,648,23,625,0,0,0,1.0,1.0,1.0,1.0,1.0,1,0.2586868672861589,44
75,10,658,23,635,0,0,0,1.0,1.0,1.0,1.0,1.0,1,0.25656989866829166,44
76,8,666,25,641,0,0,0,1.0,1.0,1.0,1.0,1.0,1,0.21799433890500508,45
77,2,668,25,643,0,0,0,1.0,1.0,1.0,1.0,1.0,1,0.15388046884799056,44
78,5,673,26,647,0,0,0,1.0,1.0,1.0,1.0,1.0,1,0.17904902168494896,44
79,1,674,26,648,0,0,0,1.0,1.0,1.0,1.0,1.0,1,0.21086867899700604,43
80,4,678,27,651,0,0,0,1.0,1.0,1.0,1.0,1.0,1,0.23121421199641679,43
81,8,686,29,657,0,0,0,1.0,1.0,1.0,1.0,1.0,1,0.2594428558704027,44
82,9,695,31,664,0,0,0,1.0,1.0,1.0,1.0,1.0,1,0.2472899288942445,45
83,5,700,32,668,0,0,0,1.0,1.0,1.0,1.0,1.0,1,0.26823263409690157,45
84,6,706,32,674,0,0,0,1.0,1.0,1.0,1.0,1.0,1,0.268509086257935,45
85,10,716,34,682,0,0,0,1.0,1.0,1.0,1.0,1.0,1,0.30086043381477595,45
86,8,724,34,690,0,0,0,1.0,1.0,1.0,1.0,1.0,1,0.315115062841917,45
87,9,733,34,699,0,0,0,1.0,1.0,1.0,1.0,1.0,1,0.3438789744832747,44
88,11,744,34,710,0,0,0,1.0,1.0,1.0,1.0,1.0,1,0.30015391128704966,45
89,8,752,35,717,0,0,0,1.0,1.0,1.0,1.0,1.0,1,0.29415958883970067,46
90,5,757,35,722,0,0,0,1.0,1.0,1.0,1.0,1.0,1,0.34130476342380395,44
91,9,766,36,730,0,0,0,1.0,1.0,1.0,1.0,1.0,1,0.31199312934564527,45
92,12,778,36,742,0,0,0,1.0,1.0,1.0,1.0,1.0,1,0.2757493249342309,46
93,11,789,36,753,0,0,0,1.0,1.0,1.0,1.0,1.0,1,0.27133479390675114,46
94,11,800,36,764,0,0,0,1.0,1.0,1.0,1.0,1.0,1,0.26613187864900073,46
95,9,809,36,773,0,0,0,1.0,1.0,1.0,1.0,1.0,1,0.2967375246552296,46
96,10,819,37,782,0,0,0,1.0,1.0,1.0,1.0,1.0,1,0.35600200582242275,46
97,9,828,37,791,0,0,0,1.0,1.0,1.0,1.0,1.0,1,0.24648207167804673,47
98,11,839,38,801,0,0,0,1.0,1.0,1.0,1.0,1.0,1,0.22143374871423074,47
99,7,846,38,808,0,0,0,1.0,1.0,1.0,1.0,1.0,1,0.27547413008082955,46
100,8,854,38,816,0,0,0,1.0,1.0,1.0,1.0,1.0,1,0.3113170525484756,48
101,9,863,38,825,0,0,0,1.0,1.0,1.0,1.0,1.0,1,0.17860784792442436,49
102,3,866,39,827,0,0,0,1.0,1.0,1.0,1.0,1.0,1,0.16212262267440206,49
103,5,871,39,832,0,0,0,1.0,1.0,1.0,1.0,1.0,1,0.11587240178940982,48
104,3,874,41,833,0,0,0,1.0,1.0,1.0,1.0,1.0,1,0.165629100750877,49
105,9,883,42,841,0,0,0,1.0,1.0,1.0,1.0,1.0,1,0.083473985950807,48
106,9,892,43,849,0,0,0,1.0,1.0,1.0,1.0,1.0,1,0.17686801546953268,48
107,7,899,44,855,0,0,0,1.0,1.0,1.0,1.0,1.0,1,0.13488759850503565,47
108,11,910,44,866,0,0,0,1.0,1.0,1.0,1.0,1.0,1,0.141870034566536,47
109,8,918,47,871,0,0,0,1.0,1.0,1.0,1.0,1.0,1,0.16247772728644552,47
110,3,921,48,873,0,0,0,1.0,1.0,1.0,1.0,1.0,1,0.1880628840061534,47
111,7,928,49,879,0,0,0,1.0,1.0,1.0,1.0,1.0,1,0.21285482374563228,46
112,6,934,50,884,0,0,0,1.0,1.0,1.0,1.0,1.0,1,0.1880793750502164,46
113,6,940,52,888,0,0,0,1.0,1.0,1.0,1.0,1.0,1,0.1998539152928005,45
114,2,942,53,889,0,0,0,1.0,1.0,1.0,1.0,1.0,1,0.13518511633024508,46
115,10,952,54,898,0,0,0,1.0,1.0,1.0,1.0,1.0,1,0.18793847429933397,47
116,4,956,55,901,0,0,0,1.0,1.0,1.0,1.0,1.0,1,0.15211914092412251,48
117,3,959,56,903,0,0,0,1.0,1.0,1.0,1.0,1.0,1,0.1424353827883262,48
118,4,963,56,907,0,0,0,1.0,1.0,1.0,1.0,1.0,1,0.14669891713044778,49
119,5,968,56,912,0,0,0,1.0,1.0,1.0,1.0,1.0,1,0.12352971404098483,50
120,4,972,56,916,0,0,0,1.0,1.0,1.0,1.0,1.0,1,0.13371854904649297,51
121,3,975,56,919,0,0,0,1.0,1.0,1.0,1.0,1.0,1,0.12875284060094813,51
122,4,979,56,923,0,0,0,1.0,1.0,1.0,1.0,1.0,1,0.1487147596988229,51
123,2,981,56,925,0,0,0,1.0,1.0,1.0,1.0,1.0,1,0.14592941724662883,51
124,5,986,56,930,0,0,0,1.0,1.0,1.0,1.0,1.0,1,0.13370910664597452,51
125,3,989,56,933,0,0,0,1.0,1.0,1.0,1.0,1.0,1,0.1606546451973293,50
126,7,996,57,939,0,0,0,1.0,1.0,1.0,1.0,1.0,1,0.07163234138591203,52
127,4,1000,57,943,0,0,0,1.0,1.0,1.0,1.0,1.0,1,0.09366265807439104,50
128,2,1002,58,944,0,0,0,1.0,1.0,1.0,1.0,1.0,1,0.11170215198160238,50
129,4,1006,59,947,0,0,0,1.0,1.0,1.0,1.0,1.0,1,0.12118779179317644,52
130,6,1012,60,952,0,0,0,1.0,1.0,1.0,1.0,1.0,1,0.15001790952657984,52
131,6,1018,61,957,0,0,0,1.0,1.0,1.0,1.0,1.0,1,0.2001722107766767,54
132,9,1027,61,966,0,0,0,1.0,1.0,1.0,1.0,1.0,1,0.16979956394949777,54
133,8,1035,61,974,0,0,0,1.0,1.0,1.0,1.0,1.0,1,0.17091146097443718,52
134,9,1044,63,981,0,0,0,1.0,1.0,1.0,1.0,1.0,1,0.20137476599786086,52
135,13,1057,66,991,0,0,0,1.0,1.0,1.0,1.0,1.0,1,0.20507124359968154,51
136,6,1063,67,996,0,0,0,1.0,1.0,1.0,1.0,1.0,1,0.19731522392338618,51
137,4,1067,67,1000,0,0,0,1.0,1.0,1.0,1.0,1.0,1,0.17507990621520916,50
138,6,1073,68,1005,0,0,0,1.0,1.0,1.0,1.0,1.0,1,0.16786199603398652,52
139,5,1078,68,1010,0,0,0,1.0,1.0,1.0,1.0,1.0,1,0.20023501123730367,51
140,4,1082,69,1013,0,0,0,1.0,1.0,1.0,1.0,1.0,1,0.21246207706617903,51
141,5,1087,70,1017,0,0,0,1.0,1.0,1.0,1.0,1.0,1,0.22677013999564433,50
142,12,1099,72,1027,0,0,0,1.0,1.0,1.0,1.0,1.0,1,0.24630768007137216,51
143,11,1110,72,1038,0,0,0,1.0,1.0,1.0,1.0,1.0,1,0.28374030074650625,48
144,12,1122,74,1048,0,0,0,1.0,1.0,1.0,1.0,1.0,1,0.28779927400793665,49
145,2,1124,75,1049,0,0,0,1.0,1.0,1.0,1.0,1.0,1,0.29541893401764374,47
146,9,1133,78,1055,0,0,0,1.0,1.0,1.0,1.0,1.0,1,0.276328194690333,49
147,4,1137,79,1058,0,0,0,1.0,1.0,1.0,1.0,1.0,1,0.27369808326699274,46
148,8,1145,82,1063,0,0,0,1.0,1.0,1.0,1.0,1.0,1,0.25978092475656483,47
149,6,1151,84,1067,0,0,0,1.0,1.0,1.0,1.0,1.0,1,0.24334885628067796,46
150,4,1155,85,1070,0,0,0,1.0,1.0,1.0,1.0,1.0,1,0.22115401387362413,47
151,9,1164,86,1078,0,0,0,1.0,1.0,1.0,1.0,1.0,1,0.11702566570707137,46
152,0,1164,86,1078,0,0,0,1.0,1.0,1.0,1.0,1.0,1,0.12654923835029647,45
153,0,1164,86,1078,0,0,0,1.0,1.0,1.0,1.0,1.0,1,0.12106534048396154,46
154,0,1164,86,1078,0,0,0,1.0,1.0,1.0,1.0,1.0,1,0.1153328569322269,44
155,3,1167,88,1079,0,0,0,1.0,1.0,1.0,1.0,1.0,1,0.14545711480620688,45
156,3,1170,90,1080,0,0,0,1.0,1.0,1.0,1.0,1.0,1,0.19945099038386208,43
157,5,1175,91,1084,0,0,0,1.0,1.0,1.0,1.0,1.0,1,0.16962031610668546,42
158,4,1179,91,1088,0,0,0,1.0,1.0,1.0,1.0,1.0,1,0.1854319733871577,43
159,4,1183,92,1091,0,0,0,1.0,1.0,1.0,1.0,1.0,1,0.23956620359326583,44
160,4,1187,92,1095,0,0,0,1.0,1.0,1.0,1.0,1.0,1,0.20497246437000505,44
161,12,1199,95,1104,0,0,0,1.0,1.0,1.0,1.0,1.0,1,0.2843547546738813,44
162,5,1204,96,1108,0,0,0,1.0,1.0,1.0,1.0,1.0,1,0.28726340510363885,44
163,12,1216,100,1116,0,0,0,1.0,1.0,1.0,1.0,1.0,1,0.3279922880950982,44
164,9,1225,101,1124,0,0,0,1.0,1.0,1.0,1.0,1.0,1,0.32103435734968516,44
165,3,1228,101,1127,0,0,0,1.0,1.0,1.0,1.0,1.0,1,0.29833803913059553,43
166,6,1234,103,1131,0,0,0,1.0,1.0,1.0,1.0,1.0,1,0.27074825987081064,43
167,4,1238,103,1135,0,0,0,1.0,1.0,1.0,1.0,1.0,1,0.262734578933758,42
168,4,1242,103,1139,0,0,0,1.0,1.0,1.0,1.0,1.0,1,0.25361817407416315,40
169,4,1246,103,1143,0,0,0,1.0,1.0,1.0,1.0,1.0,1,0.22924487269924154,41
170,2,1248,104,1144,0,0,0,1.0,1.0,1.0,1.0,1.0,1,0.21115364992306485,39
171,1,1249,104,1145,0,0,0,1.0,1.0,1.0,1.0,1.0,1,0.19561511665777848,39
172,1,1250,104,1146,0,0,0,1.0,1.0,1.0,1.0,1.0,1,0.20395881143277048,38
173,4,1254,107,1147,0,0,0,1.0,1.0,1.0,1.0,1.0,1,0.1965044472235911,38
174,4,1258,108,1150,0,0,0,1.0,1.0,1.0,1.0,1.0,1,0.23093737922164323,37
175,4,1262,110,1152,0,0,0,1.0,1.0,1.0,1.0,1.0,1,0.28975522166126133,36
176,5,1267,111,1156,0,0,0,1.0,1.0,1.0,1.0,1.0,1,0.2723289882745535,36
177,4,1271,111,1160,0,0,0,1.0,1.0,1.0,1.0,1.0,1,0.17228600222088197,38
178,4,1275,112,1163,0,0,0,1.0,1.0,1.0,1.0,1.0,1,0.1983529124748176,39
179,5,1280,112,1168,0,0,0,1.0,1.0,1.0,1.0,1.0,1,0.17536561725457445,40
180,2,1282,112,1170,0,0,0,1.0,1.0,1.0,1.0,1.0,1,0.1639794298214037,40
181,2,1284,112,1172,0,0,0,1.0,1.0,1.0,1.0,1.0,1,0.19676384217018994,39
182,3,1287,113,1174,0,0,0,1.0,1.0,1.0,1.0,1.0,1,0.2223889129118851,40
183,2,1289,114,1175,0,0,0,1.0,1.0,1.0,1.0,1.0,1,0.24288513993946392,40
184,6,1295,115,1180,0,0,0,1.0,1.0,1.0,1.0,1.0,1,0.25334391676334783,38
185,3,1298,116,1182,0,0,0,1.0,1.0,1.0,1.0,1.0,1,0.23683969921175438,38
186,6,1304,118,1186,0,0,0,1.0,1.0,1.0,1.0,1.0,1,0.25358074035201333,37
187,5,1309,120,1189,0,0,0,1.0,1.0,1.0,1.0,1.0,1,0.2517791783699995,36
188,4,1313,121,1192,0,0,0,1.0,1.0,1.0,1.0,1.0,1,0.268326040528222,36
189,6,1319,122,1197,0,0,0,1.0,1.0,1.0,1.0,1.0,1,0.29118195137315994,36
190,5,1324,123,1201,0,0,0,1.0,1.0,1.0,1.0,1.0,1,0.31570886094273864,36
191,9,1333,124,1209,0,0,0,1.0,1.0,1.0,1.0,1.0,1,0.3042264278384818,37
192,11,1344,124,1220,0,0,0,1.0,1.0,1.0,1.0,1.0,1,0.2995111177823495,37
193,9,1353,124,1229,0,0,0,1.0,1.0,1.0,1.0,1.0,1,0.2985663155865881,38
194,4,1357,125,1232,0,0,0,1.0,1.0,1.0,1.0,1.0,1,0.25960838634301586,39
195,12,1369,127,1242,0,0,0,1.0,1.0,1.0,1.0,1.0,1,0.292288990823036,40
196,10,1379,128,1251,0,0,0,1.0,1.0,1.0,1.0,1.0,1,0.2504842798769218,40
197,14,1393,128,1265,0,0,0,1.0,1.0,1.0,1.0,1.0,1,0.2969621241427534,40
198,6,1399,128,1271,0,0,0,1.0,1.0,1.0,1.0,1.0,1,0.35516372343092356,40
199,13,1412,129,1283,0,0,0,1.0,1.0,1.0,1.0,1.0,1,0.37835483028554556,40
200,11,1423,129,1294,0,0,0,1.0,1.0,1.0,1.0,1.0,1,0.34660876098133925,40
201,13,1436,131,1305,0,0,0,1.0,1.0,1.0,1.0,1.0,1,0.14183734946256657,39
202,2,1438,131,1307,0,0,0,1.0,1.0,1.0,1.0,1.0,1,0.13126068517803186,40
203,4,1442,132,1310,0,0,0,1.0,1.0,1.0,1.0,1.0,1,0.11715012531622034,39
204,0,1442,132,1310,0,0,0,1.0,1.0,1.0,1.0,1.0,1,0.108894087754332,38
205,0,1442,132,1310,0,0,0,1.0,1.0,1.0,1.0,1.0,1,0.12079621080700402,37
206,1,1443,132,1311,0,0,0,1.0,1.0,1.0,1.0,1.0,1,0.17805440968992078,36
207,1,1444,132,1312,0,0,0,1.0,1.0,1.0,1.0,1.0,1,0.14952468159571652,37
208,1,1445,132,1313,0,0,0,1.0,1.0,1.0,1.0,1.0,1,0.19629742383384624,36
209,3,1448,134,1314,0,0,0,1.0,1.0,1.0,1.0,1.0,1,0.1878799433825289,36
210,2,1450,134,1316,0,0,0,1.0,1.0,1.0,1.0,1.0,1,0.2126999600185627,36
211,3,1453,134,1319,0,0,0,1.0,1.0,1.0,1.0,1.0,1,0.18602183475926923,34
212,2,1455,135,1320,0,0,0,1.0,1.0,1.0,1.0,1.0,1,0.21095912001509903,34
213,4,1459,135,1324,0,0,0,1.0,1.0,1.0,1.0,1.0,1,0.1826654468324889,36
214,2,1461,135,1326,0,0,0,1.0,1.0,1.0,1.0,1.0,1,0.2132881450992138,35
215,3,1464,136,1328,0,0,0,1.0,1.0,1.0,1.0,1.0,1,0.19025595292525038,35
216,6,1470,136,1334,0,0,0,1.0,1.0,1.0,1.0,1.0,1,0.22717891062017737,37
217,6,1476,137,1339,0,0,0,1.0,1.0,1.0,1.0,1.0,1,0.19482120046738174,37
218,7,1483,140,1343,0,0,0,1.0,1.0,1.0,1.0,1.0,1,0.2222147144762543,37
219,4,1487,141,1346,0,0,0,1.0,1.0,1.0,1.0,1.0,1,0.18531319398011237,37
220,6,1493,142,1351,0,0,0,1.0,1.0,1.0,1.0,1.0,1,0.17374447321520484,38
221,5,1498,142,1356,0,0,0,1.0,1.0,1.0,1.0,1.0,1,0.18850870505519976,39
222,7,1505,144,1361,0,0,0,1.0,1.0,1.0,1.0,1.0,1,0.22724258081323717,39
223,7,1512,146,1366,0,0,0,1.0,1.0,1.0,1.0,1.0,1,0.2809440917872457,40
224,7,1519,149,1370,0,0,0,1.0,1.0,1.0,1.0,1.0,1,0.22476579930948348,40
225,4,1523,150,1373,0,0,0,1.0,1.0,1.0,1.0,1.0,1,0.2505603016534431,39
226,6,1529,150,1379,0,0,0,1.0,1.0,1.0,1.0,1.0,1,0.12827827865347718,39
227,4,1533,151,1382,0,0,0,1.0,1.0,1.0,1.0,1.0,1,0.12695948051410003,39
228,2,1535,152,1383,0,0,0,1.0,1.0,1.0,1.0,1.0,1,0.11040426590316356,38
229,2,1537,152,1385,0,0,0,1.0,1.0,1.0,1.0,1.0,1,0.11244112985318114,39
230,4,1541,155,1386,0,0,0,1.0,1.0,1.0,1.0,1.0,1,0.1363240200921251,38
231,4,1545,156,1389,0,0,0,1.0,1.0,1.0,1.0,1.0,1,0.1760328731870589,38
232,5,1550,158,1392,0,0,0,1.0,1.0,1.0,1.0,1.0,1,0.25624407264644616,37
233,3,1553,158,1395,0,0,0,1.0,1.0,1.0,1.0,1.0,1,0.2567238223984747,36
234,2,1555,158,1397,0,0,0,1.0,1.0,1.0,1.0,1.0,1,0.3130347723042436,34
235,6,1561,159,1402,0,0,0,1.0,1.0,1.0,1.0,1.0,1,0.344884668206647,34
236,6,1567,159,1408,0,0,0,1.0,1.0,1.0,1.0,1.0,1,0.3921863015823016,33
237,5,1572,160,1412,0,0,0,1.0,1.0,1.0,1.0,1.0,1,0.3823542514465239,32
238,5,1577,160,1417,0,0,0,1.0,1.0,1.0,1.0,1.0,1,0.40200132346919926,32
239,12,1589,163,1426,0,0,0,1.0,1.0,1.0,1.0,1.0,1,0.4051060004101039,31
240,4,1593,163,1430,0,0,0,1.0,1.0,1.0,1.0,1.0,1,0.4413086111257808,28
241,4,1597,163,1434,0,0,0,1.0,1.0,1.0,1.0,1.0,1,0.43414152201494716,27
242,5,1602,163,1439,0,0,0,1.0,1.0,1.0,1.0,1.0,1,0.3937144092411362,29
243,1,1603,163,1440,0,0,0,1.0,1.0,1.0,1.0,1.0,1,0.3836842113976426,28
244,3,1606,163,1443,0,0,0,1.0,1.0,1.0,1.0,1.0,1,0.37494011674859956,28
245,0,1606,163,1443,0,0,0,1.0,1.0,1.0,1.0,1.0,1,0.36859400638891676,27
246,2,1608,165,1443,0,0,0,1.0,1.0,1.0,1.0,1.0,1,0.40440776744463114,25
247,3,1611,165,1446,0,0,0,1.0,1.0,1.0,1.0,1.0,1,0.2930863921219249,26
248,0,1611,165,1446,0,0,0,1.0,1.0,1.0,1.0,1.0,1,0.299682501256575,27
249,0,1611,165,1446,0,0,0,1.0,1.0,1.0,1.0,1.0,1,0.31287568093281964,26
250,0,1611,165,1446,0,0,0,1.0,1.0,1.0,1.0,1.0,1,0.3230752820678396,27
251,5,1616,165,1451,0,0,0,1.0,1.0,1.0,1.0,1.0,1,0.17292842417077253,28
252,1,1617,166,1451,0,0,0,1.0,1.0,1.0,1.0,1.0,1,0.20613357547183642,28
253,0,1617,166,1451,0,0,0,1.0,1.0,1.0,1.0,1.0,1,0.1893700468388893,28
254,0,1617,166,1451,0,0,0,1.0,1.0,1.0,1.0,1.0,1,0.22090016999667006,29
255,1,1618,166,1452,0,0,0,1.0,1.0,1.0,1.0,1.0,1,0.19365246967133204,30
256,4,1622,167,1455,0,0,0,1.0,1.0,1.0,1.0,1.0,1,0.19157336834267696,30
257,3,1625,168,1457,0,0,0,1.0,1.0,1.0,1.0,1.0,1,0.24248345690712872,32
258,3,1628,169,1459,0,0,0,1.0,1.0,1.0,1.0,1.0,1,0.2794032733860999,32
259,2,1630,169,1461,0,0,0,1.0,1.0,1.0,1.0,1.0,1,0.2656465439142254,32
260,4,1634,169,1465,0,0,0,1.0,1.0,1.0,1.0,1.0,1,0.21116924242185067,34
261,2,1636,169,1467,0,0,0,1.0,1.0,1.0,1.0,1.0,1,0.24003122208934757,35
262,9,1645,172,1473,0,0,0,1.0,1.0,1.0,1.0,1.0,1,0.2743968692752077,36
263,4,1649,172,1477,0,0,0,1.0,1.0,1.0,1.0,1.0,1,0.2557891270928601,34
264,8,1657,174,1483,0,0,0,1.0,1.0,1.0,1.0,1.0,1,0.2169889016863278,34
265,1,1658,174,1484,0,0,0,1.0,1.0,1.0,1.0,1.0,1,0.23920316774743186,33
266,2,1660,174,1486,0,0,0,1.0,1.0,1.0,1.0,1.0,1,0.21676843415865935,34
267,1,1661,174,1487,0,0,0,1.0,1.0,1.0,1.0,1.0,1,0.22709935026377479,33
268,4,1665,174,1491,0,0,0,1.0,1.0,1.0,1.0,1.0,1,0.2610714705752682,34
269,7,1672,175,1497,0,0,0,1.0,1.0,1.0,1.0,1.0,1,0.23183980870304735,34
270,4,1676,175,1501,0,0,0,1.0,1.0,1.0,1.0,1.0,1,0.23981716030012498,36
271,4,1680,175,1505,0,0,0,1.0,1.0,1.0,1.0,1.0,1,0.23981716030012498,36
272,6,1686,175,1511,0,0,0,1.0,1.0,1.0,1.0,1.0,1,0.22975578185965706,38
273,5,1691,175,1516,0,0,0,1.0,1.0,1.0,1.0,1.0,1,0.22084656076769849,38
274,6,1697,176,1521,0,0,0,1.0,1.0,1.0,1.0,1.0,1,0.2837590379289942,38
275,6,1703,176,1527,0,0,0,1.0,1.0,1.0,1.0,1.0,1,0.26138353169047485,38
276,3,1706,176,1530,0,0,0,1.0,1.0,1.0,1.0,1.0,1,0.182237466224909,39
277,2,1708,177,1531,0,0,0,1.0,1.0,1.0,1.0,1.0,1,0.19280005380694942,38
278,3,1711,178,1533,0,0,0,1.0,1.0,1.0,1.0,1.0,1,0.1511142207989486,38
279,0,1711,178,1533,0,0,0,1.0,1.0,1.0,1.0,1.0,1,0.14219225441194427,38
280,1,1712,179,1533,0,0,0,1.0,1.0,1.0,1.0,1.0,1,0.18477456485449467,38
281,0,1712,179,1533,0,0,0,1.0,1.0,1.0,1.0,1.0,1,0.17711813612558544,38
282,2,1714,179,1535,0,0,0,1.0,1.0,1.0,1.0,1.0,1,0.15951956524892325,38
283,0,1714,179,1535,0,0,0,1.0,1.0,1.0,1.0,1.0,1,0.15951956524892325,38
284,0,1714,179,1535,0,0,0,1.0,1.0,1.0,1.0,1.0,1,0.1578174995751807,39
285,1,1715,180,1535,0,0,0,1.0,1.0,1.0,1.0,1.0,1,0.1856554697490783,39
286,0,1715,180,1535,0,0,0,1.0,1.0,1.0,1.0,1.0,1,0.1856554697490783,39
287,3,1718,181,1537,0,0,0,1.0,1.0,1.0,1.0,1.0,1,0.22772380556271085,39
288,6,1724,181,1543,0,0,0,1.0,1.0,1.0,1.0,1.0,1,0.21069550572133783,39
289,4,1728,181,1547,0,0,0,1.0,1.0,1.0,1.0,1.0,1,0.20375345766008685,39
290,5,1733,181,1552,0,0,0,1.0,1.0,1.0,1.0,1.0,1,0.1913766381943125,39
291,1,1734,181,1553,0,0,0,1.0,1.0,1.0,1.0,1.0,1,0.18910077049764754,39
292,3,1737,181,1556,0,0,0,1.0,1.0,1.0,1.0,1.0,1,0.18781888940608704,40
293,7,1744,182,1562,0,0,0,1.0,1.0,1.0,1.0,1.0,1,0.2248965752043088,41
294,11,1755,182,1573,0,0,0,1.0,1.0,1.0,1.0,1.0,1,0.2322682438623046,40
295,7,1762,184,1578,0,0,0,1.0,1.0,1.0,1.0,1.0,1,0.2747786112326676,42
296,11,1773,185,1588,0,0,0,1.0,1.0,1.0,1.0,1.0,1,0.30710136744772454,42
297,15,1788,186,1602,0,0,0,1.0,1.0,1.0,1.0,1.0,1,0.29349071084856393,43
298,15,1803,186,1617,0,0,0,1.0,1.0,1.0,1.0,1.0,1,0.349702163591897,44
299,10,1813,186,1627,0,0,0,1.0,1.0,1.0,1.0,1.0,1,0.2927369926978754,44
300,11,1824,186,1638,0,0,0,1.0,1.0,1.0,1.0,1.0,1,0.32491194861693645,45
301,13,1837,186,1651,0,0,0,1.0,1.0,1.0,1.0,1.0,1,0.13654928792595242,47
302,5,1842,187,1655,0,0,0,1.0,1.0,1.0,1.0,1.0,1,0.12879244363253778,46
303,3,1845,187,1658,0,0,0,1.0,1.0,1.0,1.0,1.0,1,0.1169821647231411,45
304,1,1846,188,1658,0,0,0,1.0,1.0,1.0,1.0,1.0,1,0.11597608303199892,45
305,1,1847,188,1659,0,0,0,1.0,1.0,1.0,1.0,1.0,1,0.0911003977734948,43
306,4,1851,188,1663,0,0,0,1.0,1.0,1.0,1.0,1.0,1,0.13187237133147642,44
307,1,1852,189,1663,0,0,0,1.0,1.0,1.0,1.0,1.0,1,0.12855156025560197,42
308,2,1854,191,1663,0,0,0,1.0,1.0,1.0,1.0,1.0,1,0.1169219462646354,41
309,0,1854,191,1663,0,0,0,1.0,1.0,1.0,1.0,1.0,1,0.11990568273592367,42
310,0,1854,191,1663,0,0,0,1.0,1.0,1.0,1.0,1.0,1,0.15269014424851257,41
311,0,1854,191,1663,0,0,0,1.0,1.0,1.0,1.0,1.0,1,0.15269014424851257,41
312,3,1857,192,1665,0,0,0,1.0,1.0,1.0,1.0,1.0,1,0.1620892456758578,44
313,2,1859,192,1667,0,0,0,1.0,1.0,1.0,1.0,1.0,1,0.18455396384301162,43
314,2,1861,193,1668,0,0,0,1.0,1.0,1.0,1.0,1.0,1,0.19860104551698077,43
315,1,1862,193,1669,0,0,0,1.0,1.0,1.0,1.0,1.0,1,0.16694492367375954,43
316,2,1864,194,1670,0,0,0,1.0,1.0,1.0,1.0,1.0,1,0.19104046564950122,43
317,1,1865,194,1671,0,0,0,1.0,1.0,1.0,1.0,1.0,1,0.1812972209128547,44
318,5,1870,196,1674,0,0,0,1.0,1.0,1.0,1.0,1.0,1,0.1975368299373251,45
319,2,1872,196,1676,0,0,0,1.0,1.0,1.0,1.0,1.0,1,0.1809390348114641,46
320,4,1876,197,1679,0,0,0,1.0,1.0,1.0,1.0,1.0,1,0.2024023455997739,45
321,6,1882,197,1685,0,0,0,1.0,1.0,1.0,1.0,1.0,1,0.21339836273647703,44
322,2,1884,197,1687,0,0,0,1.0,1.0,1.0,1.0,1.0,1,0.2221754108728119,42
323,0,1884,197,1687,0,0,0,1.0,1.0,1.0,1.0,1.0,1,0.2221754108728119,42
324,2,1886,197,1689,0,0,0,1.0,1.0,1.0,1.0,1.0,1,0.1962964693688989,43
325,2,1888,199,1689,0,0,0,1.0,1.0,1.0,1.0,1.0,1,0.19604421130065097,43
326,5,1893,199,1694,0,0,0,1.0,1.0,1.0,1.0,1.0,1,0.13170590583692254,43
327,2,1895,200,1695,0,0,0,1.0,1.0,1.0,1.0,1.0,1,0.12116084688196377,44
328,0,1895,200,1695,0,0,0,1.0,1.0,1.0,1.0,1.0,1,0.12116084688196377,44
329,0,1895,200,1695,0,0,0,1.0,1.0,1.0,1.0,1.0,1,0.11643888814256709,45
330,0,1895,200,1695,0,0,0,1.0,1.0,1.0,1.0,1.0,1,0.10906017711825147,46
331,0,1895,200,1695,0,0,0,1.0,1.0,1.0,1.0,1.0,1,0.10906017711825147,46
332,2,1897,200,1697,0,0,0,1.0,1.0,1.0,1.0,1.0,1,0.09811095331189525,47
333,1,1898,200,1698,0,0,0,1.0,1.0,1.0,1.0,1.0,1,0.11907935561605922,48
334,2,1900,200,1700,0,0,0,1.0,1.0,1.0,1.0,1.0,1,0.10793956052895454,48
335,2,1902,201,1701,0,0,0,1.0,1.0,1.0,1.0,1.0,1,0.1223111453927219,49
336,0,1902,201,1701,0,0,0,1.0,1.0,1.0,1.0,1.0,1,0.12811836442381175,50
337,1,1903,201,1702,0,0,0,1.0,1.0,1.0,1.0,1.0,1,0.1327157531511964,51
338,2,1905,201,1704,0,0,0,1.0,1.0,1.0,1.0,1.0,1,0.1345586790456536,51
339,2,1907,202,1705,0,0,0,1.0,1.0,1.0,1.0,1.0,1,0.0940467551204439,51
340,3,1910,203,1707,0,0,0,1.0,1.0,1.0,1.0,1.0,1,0.10267982543614035,51
341,2,1912,204,1708,0,0,0,1.0,1.0,1.0,1.0,1.0,1,0.1084005840026204,51
342,5,1917,206,1711,0,0,0,1.0,1.0,1.0,1.0,1.0,1,0.14273366001357735,51
343,2,1919,206,1713,0,0,0,1.0,1.0,1.0,1.0,1.0,1,0.1522406132416581,51
344,1,1920,206,1714,0,0,0,1.0,1.0,1.0,1.0,1.0,1,0.17500227863178597,50
345,1,1921,206,1715,0,0,0,1.0,1.0,1.0,1.0,1.0,1,0.159312179778868,50
346,3,1924,208,1716,0,0,0,1.0,1.0,1.0,1.0,1.0,1,0.21702478601665479,50
347,6,1930,208,1722,0,0,0,1.0,1.0,1.0,1.0,1.0,1,0.2159626642033958,51
348,5,1935,209,1726,0,0,0,1.0,1.0,1.0,1.0,1.0,1,0.17513557664641363,52
349,5,1940,211,1729,0,0,0,1.0,1.0,1.0,1.0,1.0,1,0.18591635763806408,54
350,6,1946,211,1735,0,0,0,1.0,1.0,1.0,1.0,1.0,1,0.19118891795730375,54
351,7,1953,212,1741,0,0,0,1.0,1.0,1.0,1.0,1.0,1,0.1593573135428193,54
352,4,1957,214,1743,0,0,0,1.0,1.0,1.0,1.0,1.0,1,0.1714890057502376,56
353,3,1960,216,1744,0,0,0,1.0,1.0,1.0,1.0,1.0,1,0.17118680436114153,54
354,0,1960,216,1744,0,0,0,1.0,1.0,1.0,1.0,1.0,1,0.1775883609675728,53
355,1,1961,217,1744,0,0,0,1.0,1.0,1.0,1.0,1.0,1,0.1710578562834522,54
356,0,1961,217,1744,0,0,0,1.0,1.0,1.0,1.0,1.0,1,0.17148919331375828,54
357,4,1965,220,1745,0,0,0,1.0,1.0,1.0,1.0,1.0,1,0.17891461968202985,53
358,0,1965,220,1745,0,0,0,1.0,1.0,1.0,1.0,1.0,1,0.18928957628554002,49
359,1,1966,221,1745,0,0,0,1.0,1.0,1.0,1.0,1.0,1,0.19242613499860295,48
360,1,1967,221,1746,0,0,0,1.0,1.0,1.0,1.0,1.0,1,0.1857923621179886,47
361,1,1968,222,1746,0,0,0,1.0,1.0,1.0,1.0,1.0,1,0.1584302964583984,46
362,1,1969,222,1747,0,0,0,1.0,1.0,1.0,1.0,1.0,1,0.14741984037153896,46
363,2,1971,224,1747,0,0,0,1.0,1.0,1.0,1.0,1.0,1,0.1848329685431596,47
364,2,1973,225,1748,0,0,0,1.0,1.0,1.0,1.0,1.0,1,0.2336810775064453,47
365,3,1976,225,1751,0,0,0,1.0,1.0,1.0,1.0,1.0,1,0.19686242475350568,47
366,3,1979,225,1754,0,0,0,1.0,1.0,1.0,1.0,1.0,1,0.16652394715201943,50
367,3,1982,226,1756,0,0,0,1.0,1.0,1.0,1.0,1.0,1,0.18531568063668286,50
368,3,1985,226,1759,0,0,0,1.0,1.0,1.0,1.0,1.0,1,0.1483890332455404,51
369,0,1985,226,1759,0,0,0,1.0,1.0,1.0,1.0,1.0,1,0.1641598539362576,51
370,2,1987,226,1761,0,0,0,1.0,1.0,1.0,1.0,1.0,1,0.17046474639435857,51
371,2,1989,226,1763,0,0,0,1.0,1.0,1.0,1.0,1.0,1,0.20289179392797962,52
372,2,1991,226,1765,0,0,0,1.0,1.0,1.0,1.0,1.0,1,0.1966933461393327,53
373,5,1996,228,1768,0,0,0,1.0,1.0,1.0,1.0,1.0,1,0.1779353178465874,53
374,4,2000,229,1771,0,0,0,1.0,1.0,1.0,1.0,1.0,1,0.1659631542797745,53
375,2,2002,231,1771,0,0,0,1.0,1.0,1.0,1.0,1.0,1,0.21053252242503134,53
376,10,2012,231,1781,0,0,0,1.0,1.0,1.0,1.0,1.0,1,0.13718413886237193,53
377,4,2016,231,1785,0,0,0,1.0,1.0,1.0,1.0,1.0,1,0.13889399157809618,53
378,2,2018,231,1787,0,0,0,1.0,1.0,1.0,1.0,1.0,1,0.13889399157809618,53
379,3,2021,233,1788,0,0,0,1.0,1.0,1.0,1.0,1.0,1,0.12232109979983573,54
380,1,2022,233,1789,0,0,0,1.0,1.0,1.0,1.0,1.0,1,0.13615399463378738,54
381,2,2024,234,1790,0,0,0,1.0,1.0,1.0,1.0,1.0,1,0.12599380733388826,54
382,7,2031,235,1796,0,0,0,1.0,1.0,1.0,1.0,1.0,1,0.11791095538151079,55
383,5,2036,236,1800,0,0,0,1.0,1.0,1.0,1.0,1.0,1,0.1563129105025645,55
384,6,2042,237,1805,0,0,0,1.0,1.0,1.0,1.0,1.0,1,0.16195071379498274,54
385,8,2050,239,1811,0,0,0,1.0,1.0,1.0,1.0,1.0,1,0.15831797424181812,52
386,6,2056,239,1817,0,0,0,1.0,1.0,1.0,1.0,1.0,1,0.16206481157789632,52
387,6,2062,240,1822,0,0,0,1.0,1.0,1.0,1.0,1.0,1,0.18804242609259278,50
388,4,2066,243,1823,0,0,0,1.0,1.0,1.0,1.0,1.0,1,0.1298293903470034,52
389,4,2070,244,1826,0,0,0,1.0,1.0,1.0,1.0,1.0,1,0.125858229929235,51
390,4,2074,246,1828,0,0,0,1.0,1.0,1.0,1.0,1.0,1,0.13753743521423226,50
391,5,2079,248,1831,0,0,0,1.0,1.0,1.0,1.0,1.0,1,0.14286100839289795,49
392,3,2082,249,1833,0,0,0,1.0,1.0,1.0,1.0,1.0,1,0.1887006187564337,47
393,3,2085,249,1836,0,0,0,1.0,1.0,1.0,1.0,1.0,1,0.19284722821063613,47
394,3,2088,250,1838,0,0,0,1.0,1.0,1.0,1.0,1.0,1,0.22780534217156823,48
395,3,2091,252,1839,0,0,0,1.0,1.0,1.0,1.0,1.0,1,0.2670730573393162,46
396,4,2095,254,1841,0,0,0,1.0,1.0,1.0,1.0,1.0,1,0.2864696792357645,43
397,1,2096,254,1842,0,0,0,1.0,1.0,1.0,1.0,1.0,1,0.317500764986613,42
398,6,2102,256,1846,0,0,0,1.0,1.0,1.0,1.0,1.0,1,0.35618185015707887,40
399,5,2107,257,1850,0,0,0,1.0,1.0,1.0,1.0,1.0,1,0.3973477105433602,39
400,5,2112,257,1855,0,0,0,1.0,1.0,1.0,1.0,1.0,1,0.33889459375275155,38
401,10,2122,258,1864,0,0,0,1.0,1.0,1.0,1.0,1.0,1,0.20286595679883382,37
402,3,2125,259,1866,0,0,0,1.0,1.0,1.0,1.0,1.0,1,0.13410610815954419,36
403,3,2128,259,1869,0,0,0,1.0,1.0,1.0,1.0,1.0,1,0.1344162534213514,38
404,5,2133,262,1871,0,0,0,1.0,1.0,1.0,1.0,1.0,1,0.18394016249889972,39
405,6,2139,262,1877,0,0,0,1.0,1.0,1.0,1.0,1.0,1,0.20167750337848106,40
406,4,2143,262,1881,0,0,0,1.0,1.0,1.0,1.0,1.0,1,0.18367766696649754,41
407,3,2146,262,1884,0,0,0,1.0,1.0,1.0,1.0,1.0,1,0.16270253531298354,42
408,5,2151,262,1889,0,0,0,1.0,1.0,1.0,1.0,1.0,1,0.19803025663845605,43
409,8,2159,263,1896,0,0,0,1.0,1.0,1.0,1.0,1.0,1,0.19957217278599707,44
410,9,2168,263,1905,0,0,0,1.0,1.0,1.0,1.0,1.0,1,0.18399084171871438,46
411,9,2177,263,1914,0,0,0,1.0,1.0,1.0,1.0,1.0,1,0.18121002935872013,46
412,8,2185,264,1921,0,0,0,1.0,1.0,1.0,1.0,1.0,1,0.15166553293124388,47
413,4,2189,264,1925,0,0,0,1.0,1.0,1.0,1.0,1.0,1,0.1698901743999619,47
414,8,2197,264,1933,0,0,0,1.0,1.0,1.0,1.0,1.0,1,0.1698901743999619,47
415,12,2209,264,1945,0,0,0,1.0,1.0,1.0,1.0,1.0,1,0.15071906895177165,48
416,7,2216,265,1951,0,0,0,1.0,1.0,1.0,1.0,1.0,1,0.16236530959936135,49
417,6,2222,265,1957,0,0,0,1.0,1.0,1.0,1.0,1.0,1,0.1424086647562292,49
418,14,2236,267,1969,0,0,0,1.0,1.0,1.0,1.0,1.0,1,0.17604512652684537,50
419,12,2248,267,1981,0,0,0,1.0,1.0,1.0,1.0,1.0,1,0.1923251686121446,50
420,11,2259,268,1991,0,0,0,1.0,1.0,1.0,1.0,1.0,1,0.15251499302614646,50
421,8,2267,269,1998,0,0,0,1.0,1.0,1.0,1.0,1.0,1,0.1772122313411396,50
422,7,2274,269,2005,0,0,0,1.0,1.0,1.0,1.0,1.0,1,0.1716925714162796,50
423,8,2282,269,2013,0,0,0,1.0,1.0,1.0,1.0,1.0,1,0.18737221222700415,51
424,6,2288,270,2018,0,0,0,1.0,1.0,1.0,1.0,1.0,1,0.1670915536255117,49
425,3,2291,270,2021,0,0,0,1.0,1.0,1.0,1.0,1.0,1,0.19238699668019676,48
426,5,2296,270,2026,0,0,0,1.0,1.0,1.0,1.0,1.0,1,0.12880562625810996,50
427,7,2303,272,2031,0,0,0,1.0,1.0,1.0,1.0,1.0,1,0.11582355512537794,48
428,7,2310,274,2036,0,0,0,1.0,1.0,1.0,1.0,1.0,1,0.12201376058755105,49
429,5,2315,274,2041,0,0,0,1.0,1.0,1.0,1.0,1.0,1,0.1467849597181238,45
430,5,2320,276,2044,0,0,0,1.0,1.0,1.0,1.0,1.0,1,0.1917203641498487,44
431,1,2321,276,2045,0,0,0,1.0,1.0,1.0,1.0,1.0,1,0.1837313265854383,42
432,2,2323,277,2046,0,0,0,1.0,1.0,1.0,1.0,1.0,1,0.22636307738916242,40
433,3,2326,278,2048,0,0,0,1.0,1.0,1.0,1.0,1.0,1,0.26594179938522516,39
434,4,2330,279,2051,0,0,0,1.0,1.0,1.0,1.0,1.0,1,0.24693599903395258,39
435,5,2335,282,2053,0,0,0,1.0,1.0,1.0,1.0,1.0,1,0.291099111050416,38
436,4,2339,283,2056,0,0,0,1.0,1.0,1.0,1.0,1.0,1,0.2817249948833516,38
437,8,2347,284,2063,0,0,0,1.0,1.0,1.0,1.0,1.0,1,0.2298862842394258,39
438,3,2350,284,2066,0,0,0,1.0,1.0,1.0,1.0,1.0,1,0.20534436375128606,38
439,2,2352,284,2068,0,0,0,1.0,1.0,1.0,1.0,1.0,1,0.17741269753216984,39
440,0,2352,284,2068,0,0,0,1.0,1.0,1.0,1.0,1.0,1,0.17741269753216984,39
441,1,2353,284,2069,0,0,0,1.0,1.0,1.0,1.0,1.0,1,0.16346968537916115,41
442,0,2353,284,2069,0,0,0,1.0,1.0,1.0,1.0,1.0,1,0.19675934461407754,42
443,4,2357,285,2072,0,0,0,1.0,1.0,1.0,1.0,1.0,1,0.19185252100642627,42
444,2,2359,285,2074,0,0,0,1.0,1.0,1.0,1.0,1.0,1,0.1889603610266606,43
445,3,2362,287,2075,0,0,0,1.0,1.0,1.0,1.0,1.0,1,0.18800465999964736,44
446,1,2363,287,2076,0,0,0,1.0,1.0,1.0,1.0,1.0,1,0.16016020710093085,44
447,2,2365,287,2078,0,0,0,1.0,1.0,1.0,1.0,1.0,1,0.15833457611651972,47
448,1,2366,287,2079,0,0,0,1.0,1.0,1.0,1.0,1.0,1,0.16577767622436868,46
449,2,2368,287,2081,0,0,0,1.0,1.0,1.0,1.0,1.0,1,0.16577767622436868,46
450,2,2370,287,2083,0,0,0,1.0,1.0,1.0,1.0,1.0,1,0.20308714926867635,46
451,7,2377,287,2090,0,0,0,1.0,1.0,1.0,1.0,1.0,1,0.12943250853479327,47
452,2,2379,287,2092,0,0,0,1.0,1.0,1.0,1.0,1.0,1,0.15033027364284865,47
453,1,2380,287,2093,0,0,0,1.0,1.0,1.0,1.0,1.0,1,0.14735452882783234,47
454,1,2381,287,2094,0,0,0,1.0,1.0,1.0,1.0,1.0,1,0.14307006106968154,46
455,6,2387,289,2098,0,0,0,1.0,1.0,1.0,1.0,1.0,1,0.14974154642765766,47
456,5,2392,290,2102,0,0,0,1.0,1.0,1.0,1.0,1.0,1,0.1244330807709498,49
457,4,2396,291,2105,0,0,0,1.0,1.0,1.0,1.0,1.0,1,0.1291445929462344,50
458,3,2399,291,2108,0,0,0,1.0,1.0,1.0,1.0,1.0,1,0.1503531085927859,50
459,2,2401,291,2110,0,0,0,1.0,1.0,1.0,1.0,1.0,1,0.1435676775517491,52
460,2,2403,291,2112,0,0,0,1.0,1.0,1.0,1.0,1.0,1,0.1434204556598653,53
461,2,2405,291,2114,0,0,0,1.0,1.0,1.0,1.0,1.0,1,0.15101224346818917,54
462,1,2406,291,2115,0,0,0,1.0,1.0,1.0,1.0,1.0,1,0.15051147084428693,54
463,2,2408,293,2115,0,0,0,1.0,1.0,1.0,1.0,1.0,1,0.12685463347314607,55
464,9,2417,294,2123,0,0,0,1.0,1.0,1.0,1.0,1.0,1,0.12684770214965077,56
465,6,2423,295,2128,0,0,0,1.0,1.0,1.0,1.0,1.0,1,0.1751915959153305,54
466,7,2430,298,2132,0,0,0,1.0,1.0,1.0,1.0,1.0,1,0.15320802563110086,54
467,10,2440,300,2140,0,0,0,1.0,1.0,1.0,1.0,1.0,1,0.2559956209944021,51
468,11,2451,304,2147,0,0,0,1.0,1.0,1.0,1.0,1.0,1,0.19792934619016617,51
469,4,2455,307,2148,0,0,0,1.0,1.0,1.0,1.0,1.0,1,0.2347688772701514,48
470,4,2459,309,2150,0,0,0,1.0,1.0,1.0,1.0,1.0,1,0.23971700749014863,47
471,2,2461,310,2151,0,0,0,1.0,1.0,1.0,1.0,1.0,1,0.22995783823388513,44
472,6,2467,314,2153,0,0,0,1.0,1.0,1.0,1.0,1.0,1,0.18475388498547554,43
473,3,2470,315,2155,0,0,0,1.0,1.0,1.0,1.0,1.0,1,0.2153949456339859,41
474,1,2471,316,2155,0,0,0,1.0,1.0,1.0,1.0,1.0,1,0.20208857048833523,39
475,1,2472,317,2155,0,0,0,1.0,1.0,1.0,1.0,1.0,1,0.18636139249147818,40
476,7,2479,320,2159,0,0,0,1.0,1.0,1.0,1.0,1.0,1,0.20687881902339214,38
477,3,2482,321,2161,0,0,0,1.0,1.0,1.0,1.0,1.0,1,0.2521318557720269,35
478,3,2485,321,2164,0,0,0,1.0,1.0,1.0,1.0,1.0,1,0.18770949820096478,35
479,1,2486,322,2164,0,0,0,1.0,1.0,1.0,1.0,1.0,1,0.23470834512748864,32
480,1,2487,322,2165,0,0,0,1.0,1.0,1.0,1.0,1.0,1,0.25430043474256286,32
481,0,2487,322,2165,0,0,0,1.0,1.0,1.0,1.0,1.0,1,0.24602453547397046,33
482,2,2489,323,2166,0,0,0,1.0,1.0,1.0,1.0,1.0,1,0.2436217420692899,34
483,1,2490,324,2166,0,0,0,1.0,1.0,1.0,1.0,1.0,1,0.24200548683513068,32
484,3,2493,325,2168,0,0,0,1.0,1.0,1.0,1.0,1.0,1,0.2215757768876115,33
485,4,2497,326,2171,0,0,0,1.0,1.0,1.0,1.0,1.0,1,0.2741257231194558,34
486,4,2501,327,2174,0,0,0,1.0,1.0,1.0,1.0,1.0,1,0.30519495828857945,36
487,4,2505,327,2178,0,0,0,1.0,1.0,1.0,1.0,1.0,1,0.24488118578536927,36
488,2,2507,327,2180,0,0,0,1.0,1.0,1.0,1.0,1.0,1,0.27589656146222513,37
489,8,2515,328,2187,0,0,0,1.0,1.0,1.0,1.0,1.0,1,0.30123055200926957,38
490,3,2518,328,2190,0,0,0,1.0,1.0,1.0,1.0,1.0,1,0.27193698586482784,38
491,3,2521,328,2193,0,0,0,1.0,1.0,1.0,1.0,1.0,1,0.287689697450484,37
492,4,2525,328,2197,0,0,0,1.0,1.0,1.0,1.0,1.0,1,0.287689697450484,37
493,5,2530,328,2202,0,0,0,1.0,1.0,1.0,1.0,1.0,1,0.2614300508384516,37
494,8,2538,330,2208,0,0,0,1.0,1.0,1.0,1.0,1.0,1,0.28050314455003167,39
495,9,2547,330,2217,0,0,0,1.0,1.0,1.0,1.0,1.0,1,0.2817441818326895,40
496,4,2551,330,2221,0,0,0,1.0,1.0,1.0,1.0,1.0,1,0.20035763824471797,40
497,14,2565,330,2235,0,0,0,1.0,1.0,1.0,1.0,1.0,1,0.2154482192965595,43
498,6,2571,330,2241,0,0,0,1.0,1.0,1.0,1.0,1.0,1,0.2471401562462906,43
499,4,2575,330,2245,0,0,0,1.0,1.0,1.0,1.0,1.0,1,0.1970190803511617,44
500,8,2583,331,2252,0,0,0,1.0,1.0,1.0,1.0,1.0,1,0.2548783417494913,45
501,7,2590,331,2259,0,0,0,1.0,1.0,1.0,1.0,1.0,1,0.118693957125947,45
502,3,2593,333,2260,0,0,0,1.0,1.0,1.0,1.0,1.0,1,0.10478872190642873,45
503,2,2595,334,2261,0,0,0,1.0,1.0,1.0,1.0,1.0,1,0.12258083551405655,46
504,5,2600,336,2264,0,0,0,1.0,1.0,1.0,1.0,1.0,1,0.15954339953707894,47
505,1,2601,336,2265,0,0,0,1.0,1.0,1.0,1.0,1.0,1,0.11479513668036023,42
506,2,2603,338,2265,0,0,0,1.0,1.0,1.0,1.0,1.0,1,0.1558335218054843,41
507,1,2604,339,2265,0,0,0,1.0,1.0,1.0,1.0,1.0,1,0.19714963020557322,38
508,3,2607,341,2266,0,0,0,1.0,1.0,1.0,1.0,1.0,1,0.23297437329784934,38
509,1,2608,341,2267,0,0,0,1.0,1.0,1.0,1.0,1.0,1,0.2605335705599679,37
510,0,2608,341,2267,0,0,0,1.0,1.0,1.0,1.0,1.0,1,0.2613256871610022,36
511,0,2608,341,2267,0,0,0,1.0,1.0,1.0,1.0,1.0,1,0.2850400892717133,34
512,0,2608,341,2267,0,0,0,1.0,1.0,1.0,1.0,1.0,1,0.30796511513190783,32
513,0,2608,341,2267,0,0,0,1.0,1.0,1.0,1.0,1.0,1,0.30796511513190783,32
514,0,2608,341,2267,0,0,0,1.0,1.0,1.0,1.0,1.0,1,0.33186241823069623,35
515,2,2610,341,2269,0,0,0,1.0,1.0,1.0,1.0,1.0,1,0.28808480608135245,35
516,2,2612,341,2271,0,0,0,1.0,1.0,1.0,1.0,1.0,1,0.2635974652032276,36
517,2,2614,341,2273,0,0,0,1.0,1.0,1.0,1.0,1.0,1,0.2784036032979079,36
518,0,2614,341,2273,0,0,0,1.0,1.0,1.0,1.0,1.0,1,0.28614487206375505,39
519,1,2615,341,2274,0,0,0,1.0,1.0,1.0,1.0,1.0,1,0.2539916951820202,39
520,2,2617,342,2275,0,0,0,1.0,1.0,1.0,1.0,1.0,1,0.2699487394713824,39
521,0,2617,342,2275,0,0,0,1.0,1.0,1.0,1.0,1.0,1,0.25221578533301836,40
522,1,2618,343,2275,0,0,0,1.0,1.0,1.0,1.0,1.0,1,0.2472036405600691,40
523,4,2622,343,2279,0,0,0,1.0,1.0,1.0,1.0,1.0,1,0.22503841280963266,41
524,1,2623,343,2280,0,0,0,1.0,1.0,1.0,1.0,1.0,1,0.19648199792534563,41
525,1,2624,344,2280,0,0,0,1.0,1.0,1.0,1.0,1.0,1,0.19676314782448256,40
526,8,2632,345,2287,0,0,0,1.0,1.0,1.0,1.0,1.0,1,0.15160326802078544,40
527,2,2634,345,2289,0,0,0,1.0,1.0,1.0,1.0,1.0,1,0.13648934530865597,40
528,1,2635,346,2289,0,0,0,1.0,1.0,1.0,1.0,1.0,1,0.15421749997994372,40
529,0,2635,346,2289,0,0,0,1.0,1.0,1.0,1.0,1.0,1,0.17779458319260966,39
530,0,2635,346,2289,0,0,0,1.0,1.0,1.0,1.0,1.0,1,0.17779458319260966,39
531,0,2635,346,2289,0,0,0,1.0,1.0,1.0,1.0,1.0,1,0.20274099397637832,39
532,2,2637,347,2290,0,0,0,1.0,1.0,1.0,1.0,1.0,1,0.25176602046940955,40
533,4,2641,347,2294,0,0,0,1.0,1.0,1.0,1.0,1.0,1,0.26497860421991815,40
534,4,2645,347,2298,0,0,0,1.0,1.0,1.0,1.0,1.0,1,0.27381483192289124,42
535,2,2647,347,2300,0,0,0,1.0,1.0,1.0,1.0,1.0,1,0.29259137194216667,42
536,5,2652,347,2305,0,0,0,1.0,1.0,1.0,1.0,1.0,1,0.2813204409745329,43
537,2,2654,347,2307,0,0,0,1.0,1.0,1.0,1.0,1.0,1,0.29481914489558153,43
538,6,2660,347,2313,0,0,0,1.0,1.0,1.0,1.0,1.0,1,0.24512189300457066,44
539,3,2663,347,2316,0,0,0,1.0,1.0,1.0,1.0,1.0,1,0.22311121926022584,44
540,2,2665,347,2318,0,0,0,1.0,1.0,1.0,1.0,1.0,1,0.22805168929020903,44
541,4,2669,347,2322,0,0,0,1.0,1.0,1.0,1.0,1.0,1,0.2000130015115815,45
542,6,2675,347,2328,0,0,0,1.0,1.0,1.0,1.0,1.0,1,0.15952778782640384,46
543,5,2680,349,2331,0,0,0,1.0,1.0,1.0,1.0,1.0,1,0.21815097567261793,43
544,6,2686,352,2334,0,0,0,1.0,1.0,1.0,1.0,1.0,1,0.1799547374411406,42
545,3,2689,353,2336,0,0,0,1.0,1.0,1.0,1.0,1.0,1,0.1514185808620173,43
546,2,2691,355,2336,0,0,0,1.0,1.0,1.0,1.0,1.0,1,0.19875139347988965,41
547,0,2691,355,2336,0,0,0,1.0,1.0,1.0,1.0,1.0,1,0.16887021343744316,40
548,4,2695,358,2337,0,0,0,1.0,1.0,1.0,1.0,1.0,1,0.2183669565857029,40
549,7,2702,360,2342,0,0,0,1.0,1.0,1.0,1.0,1.0,1,0.2452275144748473,39
550,5,2707,361,2346,0,0,0,1.0,1.0,1.0,1.0,1.0,1,0.245295883800635,38
551,6,2713,362,2351,0,0,0,1.0,1.0,1.0,1.0,1.0,1,0.2018994252167166,38
552,6,2719,362,2357,0,0,0,1.0,1.0,1.0,1.0,1.0,1,0.1890593751868463,39
553,4,2723,362,2361,0,0,0,1.0,1.0,1.0,1.0,1.0,1,0.20422277762820207,38
554,5,2728,362,2366,0,0,0,1.0,1.0,1.0,1.0,1.0,1,0.23543294990547284,39
555,4,2732,362,2370,0,0,0,1.0,1.0,1.0,1.0,1.0,1,0.1899313813545066,39
556,5,2737,362,2375,0,0,0,1.0,1.0,1.0,1.0,1.0,1,0.1994442070118715,40
557,4,2741,362,2379,0,0,0,1.0,1.0,1.0,1.0,1.0,1,0.20207329334974666,40
558,2,2743,362,2381,0,0,0,1.0,1.0,1.0,1.0,1.0,1,0.2235327168316902,40
559,5,2748,363,2385,0,0,0,1.0,1.0,1.0,1.0,1.0,1,0.17496414513608394,40
560,5,2753,363,2390,0,0,0,1.0,1.0,1.0,1.0,1.0,1,0.16659363845466182,41
561,2,2755,363,2392,0,0,0,1.0,1.0,1.0,1.0,1.0,1,0.18550046778651028,42
562,3,2758,364,2394,0,0,0,1.0,1.0,1.0,1.0,1.0,1,0.21520089410521293,42
563,6,2764,366,2398,0,0,0,1.0,1.0,1.0,1.0,1.0,1,0.25267786994971364,42
564,5,2769,366,2403,0,0,0,1.0,1.0,1.0,1.0,1.0,1,0.24752491287318262,43
565,10,2779,367,2412,0,0,0,1.0,1.0,1.0,1.0,1.0,1,0.2685221318140705,44
566,6,2785,367,2418,0,0,0,1.0,1.0,1.0,1.0,1.0,1,0.2950691366311738,45
567,11,2796,368,2428,0,0,0,1.0,1.0,1.0,1.0,1.0,1,0.23942354885575434,45
568,9,2805,368,2437,0,0,0,1.0,1.0,1.0,1.0,1.0,1,0.25205036565902295,46
569,12,2817,368,2449,0,0,0,1.0,1.0,1.0,1.0,1.0,1,0.22019574197178127,47
570,10,2827,369,2458,0,0,0,1.0,1.0,1.0,1.0,1.0,1,0.25146450031234346,48
571,9,2836,371,2465,0,0,0,1.0,1.0,1.0,1.0,1.0,1,0.316576886326301,48
572,11,2847,371,2476,0,0,0,1.0,1.0,1.0,1.0,1.0,1,0.3258643712666946,47
573,12,2859,371,2488,0,0,0,1.0,1.0,1.0,1.0,1.0,1,0.30028282589434335,49
574,9,2868,371,2497,0,0,0,1.0,1.0,1.0,1.0,1.0,1,0.2947882780901194,49
575,12,2880,371,2509,0,0,0,1.0,1.0,1.0,1.0,1.0,1,0.23653406550129547,50
576,9,2889,371,2518,0,0,0,1.0,1.0,1.0,1.0,1.0,1,0.15010244529151234,51
577,1,2890,371,2519,0,0,0,1.0,1.0,1.0,1.0,1.0,1,0.16110811552920207,51
578,1,2891,371,2520,0,0,0,1.0,1.0,1.0,1.0,1.0,1,0.13479242426037258,51
579,0,2891,371,2520,0,0,0,1.0,1.0,1.0,1.0,1.0,1,0.12882585544479128,52
580,1,2892,371,2521,0,0,0,1.0,1.0,1.0,1.0,1.0,1,0.1321123209135563,52
581,9,2901,372,2529,0,0,0,1.0,1.0,1.0,1.0,1.0,1,0.1420332434205942,52
582,0,2901,372,2529,0,0,0,1.0,1.0,1.0,1.0,1.0,1,0.15279223484819218,53
583,3,2904,374,2530,0,0,0,1.0,1.0,1.0,1.0,1.0,1,0.14326296900446345,51
584,2,2906,376,2530,0,0,0,1.0,1.0,1.0,1.0,1.0,1,0.18009058864972055,51
585,6,2912,379,2533,0,0,0,1.0,1.0,1.0,1.0,1.0,1,0.12376565013758921,49
586,2,2914,379,2535,0,0,0,1.0,1.0,1.0,1.0,1.0,1,0.11124589195414138,49
587,0,2914,379,2535,0,0,0,1.0,1.0,1.0,1.0,1.0,1,0.10291864351720437,48
588,2,2916,380,2536,0,0,0,1.0,1.0,1.0,1.0,1.0,1,0.10826676052445044,46
589,2,2918,382,2536,0,0,0,1.0,1.0,1.0,1.0,1.0,1,0.11280337412064688,48
590,2,2920,382,2538,0,0,0,1.0,1.0,1.0,1.0,1.0,1,0.14350946263180997,47
591,6,2926,386,2540,0,0,0,1.0,1.0,1.0,1.0,1.0,1,0.16785751067844745,48
592,3,2929,388,2541,0,0,0,1.0,1.0,1.0,1.0,1.0,1,0.19196719518426075,47
593,6,2935,389,2546,0,0,0,1.0,1.0,1.0,1.0,1.0,1,0.2155069059070165,45
594,5,2940,391,2549,0,0,0,1.0,1.0,1.0,1.0,1.0,1,0.2045435807772016,44
595,4,2944,391,2553,0,0,0,1.0,1.0,1.0,1.0,1.0,1,0.19778765419624658,43
596,4,2948,392,2556,0,0,0,1.0,1.0,1.0,1.0,1.0,1,0.22016019861979388,44
597,4,2952,392,2560,0,0,0,1.0,1.0,1.0,1.0,1.0,1,0.22746890949789167,43
598,5,2957,393,2564,0,0,0,1.0,1.0,1.0,1.0,1.0,1,0.2277935617036752,45
599,7,2964,395,2569,0,0,0,1.0,1.0,1.0,1.0,1.0,1,0.27631423355875084,44
600,7,2971,395,2576,0,0,0,1.0,1.0,1.0,1.0,1.0,1,0.2885519128850427,44
601,6,2977,396,2581,0,0,0,1.0,1.0,1.0,1.0,1.0,1,0.20363262564427373,45
602,4,2981,397,2584,0,0,0,1.0,1.0,1.0,1.0,1.0,1,0.20073565863025025,46
603,0,2981,397,2584,0,0,0,1.0,1.0,1.0,1.0,1.0,1,0.19553774498806806,46
604,1,2982,397,2585,0,0,0,1.0,1.0,1.0,1.0,1.0,1,0.16916941833440527,47
605,0,2982,397,2585,0,0,0,1.0,1.0,1.0,1.0,1.0,1,0.16916941833440527,47
606,0,2982,397,2585,0,0,0,1.0,1.0,1.0,1.0,1.0,1,0.1886141960572747,47
607,2,2984,397,2587,0,0,0,1.0,1.0,1.0,1.0,1.0,1,0.17928403855166009,48
608,2,2986,397,2589,0,0,0,1.0,1.0,1.0,1.0,1.0,1,0.16246331748672185,47
609,2,2988,397,2591,0,0,0,1.0,1.0,1.0,1.0,1.0,1,0.17928042743407277,48
610,5,2993,397,2596,0,0,0,1.0,1.0,1.0,1.0,1.0,1,0.1730342482223677,48
611,2,2995,397,2598,0,0,0,1.0,1.0,1.0,1.0,1.0,1,0.17123725165767878,49
612,5,3000,397,2603,0,0,0,1.0,1.0,1.0,1.0,1.0,1,0.12594732808989512,50
613,2,3002,398,2604,0,0,0,1.0,1.0,1.0,1.0,1.0,1,0.13720208519495414,50
614,3,3005,398,2607,0,0,0,1.0,1.0,1.0,1.0,1.0,1,0.15137013194233723,50
615,2,3007,398,2609,0,0,0,1.0,1.0,1.0,1.0,1.0,1,0.11678041140625368,50
616,4,3011,399,2612,0,0,0,1.0,1.0,1.0,1.0,1.0,1,0.11688492486126459,50
617,3,3014,400,2614,0,0,0,1.0,1.0,1.0,1.0,1.0,1,0.15020454937667557,52
618,3,3017,401,2616,0,0,0,1.0,1.0,1.0,1.0,1.0,1,0.15068520628982526,52
619,2,3019,402,2617,0,0,0,1.0,1.0,1.0,1.0,1.0,1,0.14444771489088476,50
620,0,3019,402,2617,0,0,0,1.0,1.0,1.0,1.0,1.0,1,0.1351306160879137,50
621,3,3022,404,2618,0,0,0,1.0,1.0,1.0,1.0,1.0,1,0.16750796783146374,49
622,2,3024,404,2620,0,0,0,1.0,1.0,1.0,1.0,1.0,1,0.18910504477802467,49
623,3,3027,405,2622,0,0,0,1.0,1.0,1.0,1.0,1.0,1,0.1743394275255395,48
624,1,3028,405,2623,0,0,0,1.0,1.0,1.0,1.0,1.0,1,0.1701557169011016,46
625,3,3031,405,2626,0,0,0,1.0,1.0,1.0,1.0,1.0,1,0.11654933486804045,45
626,2,3033,406,2627,0,0,0,1.0,1.0,1.0,1.0,1.0,1,0.11169020274898588,44
627,2,3035,408,2627,0,0,0,1.0,1.0,1.0,1.0,1.0,1,0.11034423366209763,44
628,4,3039,410,2629,0,0,0,1.0,1.0,1.0,1.0,1.0,1,0.10873545402599544,44
629,0,3039,410,2629,0,0,0,1.0,1.0,1.0,1.0,1.0,1,0.13943471620272557,41
630,2,3041,411,2630,0,0,0,1.0,1.0,1.0,1.0,1.0,1,0.20665343932878505,40
631,6,3047,414,2633,0,0,0,1.0,1.0,1.0,1.0,1.0,1,0.3191505994578602,38
632,4,3051,416,2635,0,0,0,1.0,1.0,1.0,1.0,1.0,1,0.31049224497604944,38
633,2,3053,417,2636,0,0,0,1.0,1.0,1.0,1.0,1.0,1,0.30597931514825144,36
634,4,3057,418,2639,0,0,0,1.0,1.0,1.0,1.0,1.0,1,0.30658993276251656,35
635,0,3057,418,2639,0,0,0,1.0,1.0,1.0,1.0,1.0,1,0.30658993276251656,35
636,2,3059,419,2640,0,0,0,1.0,1.0,1.0,1.0,1.0,1,0.35880242246241184,36
637,3,3062,419,2643,0,0,0,1.0,1.0,1.0,1.0,1.0,1,0.35623427281038345,35
638,3,3065,420,2645,0,0,0,1.0,1.0,1.0,1.0,1.0,1,0.38752414529557,34
639,3,3068,421,2647,0,0,0,1.0,1.0,1.0,1.0,1.0,1,0.3904185968750567,36
640,2,3070,421,2649,0,0,0,1.0,1.0,1.0,1.0,1.0,1,0.39029758019781785,37
641,3,3073,421,2652,0,0,0,1.0,1.0,1.0,1.0,1.0,1,0.3999365930951607,37
642,10,3083,422,2661,0,0,0,1.0,1.0,1.0,1.0,1.0,1,0.3529478322612808,38
643,4,3087,422,2665,0,0,0,1.0,1.0,1.0,1.0,1.0,1,0.36004673651698876,39
644,2,3089,422,2667,0,0,0,1.0,1.0,1.0,1.0,1.0,1,0.3446386054010351,39
645,3,3092,422,2670,0,0,0,1.0,1.0,1.0,1.0,1.0,1,0.33613875312834257,39
646,4,3096,425,2671,0,0,0,1.0,1.0,1.0,1.0,1.0,1,0.3690134253819061,40
647,5,3101,425,2676,0,0,0,1.0,1.0,1.0,1.0,1.0,1,0.3797221165757237,40
648,7,3108,426,2682,0,0,0,1.0,1.0,1.0,1.0,1.0,1,0.39724567319246645,40
649,5,3113,426,2687,0,0,0,1.0,1.0,1.0,1.0,1.0,1,0.3946644197563157,40
650,12,3125,429,2696,0,0,0,1.0,1.0,1.0,1.0,1.0,1,0.38386147404981424,41
651,16,3141,429,2712,0,0,0,1.0,1.0,1.0,1.0,1.0,1,0.1263481231535248,42
652,3,3144,429,2715,0,0,0,1.0,1.0,1.0,1.0,1.0,1,0.12076995071736951,41
653,3,3147,429,2718,0,0,0,1.0,1.0,1.0,1.0,1.0,1,0.1937962950981884,41
654,6,3153,429,2724,0,0,0,1.0,1.0,1.0,1.0,1.0,1,0.13633456689703768,42
655,7,3160,429,2731,0,0,0,1.0,1.0,1.0,1.0,1.0,1,0.13180757953644254,45
656,9,3169,431,2738,0,0,0,1.0,1.0,1.0,1.0,1.0,1,0.19250089752780508,45
657,4,3173,432,2741,0,0,0,1.0,1.0,1.0,1.0,1.0,1,0.1655787332387431,43
658,2,3175,432,2743,0,0,0,1.0,1.0,1.0,1.0,1.0,1,0.14143860964193958,43
659,10,3185,434,2751,0,0,0,1.0,1.0,1.0,1.0,1.0,1,0.16178467814677872,43
660,9,3194,435,2759,0,0,0,1.0,1.0,1.0,1.0,1.0,1,0.20561266521249535,43
661,8,3202,435,2767,0,0,0,1.0,1.0,1.0,1.0,1.0,1,0.24508695598124103,41
662,7,3209,437,2772,0,0,0,1.0,1.0,1.0,1.0,1.0,1,0.23554813792827772,40
663,7,3216,437,2779,0,0,0,1.0,1.0,1.0,1.0,1.0,1,0.23657063397624514,39
664,5,3221,439,2782,0,0,0,1.0,1.0,1.0,1.0,1.0,1,0.17928473509116738,36
665,4,3225,440,2785,0,0,0,1.0,1.0,1.0,1.0,1.0,1,0.16996371361598203,36
666,3,3228,442,2786,0,0,0,1.0,1.0,1.0,1.0,1.0,1,0.18980285907761607,36
667,2,3230,443,2787,0,0,0,1.0,1.0,1.0,1.0,1.0,1,0.19255332647074377,35
668,2,3232,444,2788,0,0,0,1.0,1.0,1.0,1.0,1.0,1,0.2026404651190699,34
669,3,3235,447,2788,0,0,0,1.0,1.0,1.0,1.0,1.0,1,0.15262213360931634,34
670,5,3240,449,2791,0,0,0,1.0,1.0,1.0,1.0,1.0,1,0.21625911825349012,32
671,2,3242,450,2792,0,0,0,1.0,1.0,1.0,1.0,1.0,1,0.16310140363577286,33
672,1,3243,451,2792,0,0,0,1.0,1.0,1.0,1.0,1.0,1,0.20848886830464877,32
673,0,3243,451,2792,0,0,0,1.0,1.0,1.0,1.0,1.0,1,0.20848886830464877,32
674,0,3243,451,2792,0,0,0,1.0,1.0,1.0,1.0,1.0,1,0.25882272225658093,32
675,2,3245,453,2792,0,0,0,1.0,1.0,1.0,1.0,1.0,1,0.23296982001836714,34
676,8,3253,454,2799,0,0,0,1.0,1.0,1.0,1.0,1.0,1,0.164207707514742,35
677,3,3256,454,2802,0,0,0,1.0,1.0,1.0,1.0,1.0,1,0.17159077017206048,35
678,4,3260,454,2806,0,0,0,1.0,1.0,1.0,1.0,1.0,1,0.2001116325506849,35
679,6,3266,455,2811,0,0,0,1.0,1.0,1.0,1.0,1.0,1,0.23727708902858777,36
680,5,3271,456,2815,0,0,0,1.0,1.0,1.0,1.0,1.0,1,0.1707549151028445,37
681,9,3280,457,2823,0,0,0,1.0,1.0,1.0,1.0,1.0,1,0.22423764887692205,37
682,5,3285,457,2828,0,0,0,1.0,1.0,1.0,1.0,1.0,1,0.21063759283469372,37
683,9,3294,457,2837,0,0,0,1.0,1.0,1.0,1.0,1.0,1,0.2437853561344473,38
684,10,3304,458,2846,0,0,0,1.0,1.0,1.0,1.0,1.0,1,0.26428248882090233,39
685,7,3311,459,2852,0,0,0,1.0,1.0,1.0,1.0,1.0,1,0.30731065130109214,38
686,6,3317,459,2858,0,0,0,1.0,1.0,1.0,1.0,1.0,1,0.266292021659261,37
687,11,3328,461,2867,0,0,0,1.0,1.0,1.0,1.0,1.0,1,0.33935127826567196,38
688,15,3343,461,2882,0,0,0,1.0,1.0,1.0,1.0,1.0,1,0.3194394209544092,37
689,15,3358,462,2896,0,0,0,1.0,1.0,1.0,1.0,1.0,1,0.2849190548053749,39
690,9,3367,462,2905,0,0,0,1.0,1.0,1.0,1.0,1.0,1,0.28531743457638276,38
691,3,3370,462,2908,0,0,0,1.0,1.0,1.0,1.0,1.0,1,0.2512944634911444,38
692,4,3374,462,2912,0,0,0,1.0,1.0,1.0,1.0,1.0,1,0.2780017193598908,38
693,9,3383,462,2921,0,0,0,1.0,1.0,1.0,1.0,1.0,1,0.25820054714,40
694,13,3396,463,2933,0,0,0,1.0,1.0,1.0,1.0,1.0,1,0.33138712223780054,42
695,8,3404,463,2941,0,0,0,1.0,1.0,1.0,1.0,1.0,1,0.2775940801895213,40
696,12,3416,463,2953,0,0,0,1.0,1.0,1.0,1.0,1.0,1,0.3101205093239135,39
697,14,3430,463,2967,0,0,0,1.0,1.0,1.0,1.0,1.0,1,0.30084354481210723,39
698,18,3448,465,2983,0,0,0,1.0,1.0,1.0,1.0,1.0,1,0.34943795892761476,37
699,9,3457,465,2992,0,0,0,1.0,1.0,1.0,1.0,1.0,1,0.4177338453087129,37
700,15,3472,465,3007,0,0,0,1.0,1.0,1.0,1.0,1.0,1,0.47398311866839593,37
701,17,3489,465,3024,0,0,0,1.0,1.0,1.0,1.0,1.0,1,0.22837428006153687,37
702,4,3493,465,3028,0,0,0,1.0,1.0,1.0,1.0,1.0,1,0.20331826670975153,38
703,3,3496,465,3031,0,0,0,1.0,1.0,1.0,1.0,1.0,1,0.25970001548652377,36
704,2,3498,465,3033,0,0,0,1.0,1.0,1.0,1.0,1.0,1,0.22805260479031947,36
705,2,3500,465,3035,0,0,0,1.0,1.0,1.0,1.0,1.0,1,0.17966051340582542,36
706,5,3505,467,3038,0,0,0,1.0,1.0,1.0,1.0,1.0,1,0.16916416084937047,35
707,5,3510,467,3043,0,0,0,1.0,1.0,1.0,1.0,1.0,1,0.16433169462558583,36
708,4,3514,470,3044,0,0,0,1.0,1.0,1.0,1.0,1.0,1,0.20430349348130544,36
709,3,3517,470,3047,0,0,0,1.0,1.0,1.0,1.0,1.0,1,0.16378323721972163,34
710,4,3521,471,3050,0,0,0,1.0,1.0,1.0,1.0,1.0,1,0.1668117194931851,34
711,4,3525,471,3054,0,0,0,1.0,1.0,1.0,1.0,1.0,1,0.1652106566830103,34
712,6,3531,472,3059,0,0,0,1.0,1.0,1.0,1.0,1.0,1,0.16251984589382046,35
713,8,3539,475,3064,0,0,0,1.0,1.0,1.0,1.0,1.0,1,0.1523094960683396,34
714,3,3542,476,3066,0,0,0,1.0,1.0,1.0,1.0,1.0,1,0.14968682460980806,34
715,4,3546,476,3070,0,0,0,1.0,1.0,1.0,1.0,1.0,1,0.15001393104557562,35
716,1,3547,476,3071,0,0,0,1.0,1.0,1.0,1.0,1.0,1,0.16817615440715253,33
717,3,3550,479,3071,0,0,0,1.0,1.0,1.0,1.0,1.0,1,0.1582613256813417,33
718,1,3551,479,3072,0,0,0,1.0,1.0,1.0,1.0,1.0,1,0.17258531969704885,32
719,1,3552,479,3073,0,0,0,1.0,1.0,1.0,1.0,1.0,1,0.15798347532396723,32
720,2,3554,480,3074,0,0,0,1.0,1.0,1.0,1.0,1.0,1,0.1607757155425092,33
721,2,3556,481,3075,0,0,0,1.0,1.0,1.0,1.0,1.0,1,0.21398769003072396,33
722,5,3561,483,3078,0,0,0,1.0,1.0,1.0,1.0,1.0,1,0.29272819489308566,34
723,3,3564,484,3080,0,0,0,1.0,1.0,1.0,1.0,1.0,1,0.3056324445779755,34
724,3,3567,484,3083,0,0,0,1.0,1.0,1.0,1.0,1.0,1,0.32128005799308257,36
725,3,3570,484,3086,0,0,0,1.0,1.0,1.0,1.0,1.0,1,0.34200551428834436,36
726,8,3578,484,3094,0,0,0,1.0,1.0,1.0,1.0,1.0,1,0.18087675432686443,36
727,3,3581,484,3097,0,0,0,1.0,1.0,1.0,1.0,1.0,1,0.12794765951476061,36
728,4,3585,485,3100,0,0,0,1.0,1.0,1.0,1.0,1.0,1,0.15557689887571166,37
729,1,3586,485,3101,0,0,0,1.0,1.0,1.0,1.0,1.0,1,0.18324256699579095,37
730,2,3588,485,3103,0,0,0,1.0,1.0,1.0,1.0,1.0,1,0.16913000798724862,38
731,2,3590,485,3105,0,0,0,1.0,1.0,1.0,1.0,1.0,1,0.18174711324407308,39
732,3,3593,486,3107,0,0,0,1.0,1.0,1.0,1.0,1.0,1,0.18056741070574803,41
733,8,3601,486,3115,0,0,0,1.0,1.0,1.0,1.0,1.0,1,0.1388474257355286,39
734,6,3607,486,3121,0,0,0,1.0,1.0,1.0,1.0,1.0,1,0.18472787068353805,39
735,2,3609,486,3123,0,0,0,1.0,1.0,1.0,1.0,1.0,1,0.13777625756810563,39
736,6,3615,486,3129,0,0,0,1.0,1.0,1.0,1.0,1.0,1,0.14808698135420356,38
737,7,3622,487,3135,0,0,0,1.0,1.0,1.0,1.0,1.0,1,0.23158524180116913,39
738,6,3628,487,3141,0,0,0,1.0,1.0,1.0,1.0,1.0,1,0.2876054714798517,37
739,9,3637,489,3148,0,0,0,1.0,1.0,1.0,1.0,1.0,1,0.3010077279753782,37
740,3,3640,489,3151,0,0,0,1.0,1.0,1.0,1.0,1.0,1,0.2936312921948103,35
741,4,3644,489,3155,0,0,0,1.0,1.0,1.0,1.0,1.0,1,0.27862232481058435,33
742,7,3651,490,3161,0,0,0,1.0,1.0,1.0,1.0,1.0,1,0.2580688482641747,35
743,3,3654,491,3163,0,0,0,1.0,1.0,1.0,1.0,1.0,1,0.2768866167400281,35
744,3,3657,491,3166,0,0,0,1.0,1.0,1.0,1.0,1.0,1,0.26392517479186917,34
745,5,3662,492,3170,0,0,0,1.0,1.0,1.0,1.0,1.0,1,0.3089526485598314,34
746,4,3666,492,3174,0,0,0,1.0,1.0,1.0,1.0,1.0,1,0.27797493303555687,33
747,5,3671,492,3179,0,0,0,1.0,1.0,1.0,1.0,1.0,1,0.28532718715649596,32
748,5,3676,492,3184,0,0,0,1.0,1.0,1.0,1.0,1.0,1,0.2796111275800913,33
749,3,3679,492,3187,0,0,0,1.0,1.0,1.0,1.0,1.0,1,0.25751321261522964,33
750,8,3687,493,3194,0,0,0,1.0,1.0,1.0,1.0,1.0,1,0.2641472166196097,34
751,4,3691,493,3198,0,0,0,1.0,1.0,1.0,1.0,1.0,1,0.11801618220060037,36
752,2,3693,494,3199,0,0,0,1.0,1.0,1.0,1.0,1.0,1,0.11784404335760817,35
753,1,3694,495,3199,0,0,0,1.0,1.0,1.0,1.0,1.0,1,0.16260021297082103,37
754,1,3695,495,3200,0,0,0,1.0,1.0,1.0,1.0,1.0,1,0.1346976522111479,37
755,0,3695,495,3200,0,0,0,1.0,1.0,1.0,1.0,1.0,1,0.11631430371856111,35
756,3,3698,496,3202,0,0,0,1.0,1.0,1.0,1.0,1.0,1,0.16066274987229923,36
757,0,3698,496,3202,0,0,0,1.0,1.0,1.0,1.0,1.0,1,0.14290066288416142,35
758,0,3698,496,3202,0,0,0,1.0,1.0,1.0,1.0,1.0,1,0.1587089866531271,36
759,3,3701,497,3204,0,0,0,1.0,1.0,1.0,1.0,1.0,1,0.13302861344032585,37
760,0,3701,497,3204,0,0,0,1.0,1.0,1.0,1.0,1.0,1,0.12439043743767055,36
761,0,3701,497,3204,0,0,0,1.0,1.0,1.0,1.0,1.0,1,0.12439043743767055,36
762,0,3701,497,3204,0,0,0,1.0,1.0,1.0,1.0,1.0,1,0.14461475870565357,37
763,1,3702,497,3205,0,0,0,1.0,1.0,1.0,1.0,1.0,1,0.13661842602581228,38
764,0,3702,497,3205,0,0,0,1.0,1.0,1.0,1.0,1.0,1,0.13661842602581228,38
765,0,3702,497,3205,0,0,0,1.0,1.0,1.0,1.0,1.0,1,0.13661842602581228,38
766,1,3703,497,3206,0,0,0,1.0,1.0,1.0,1.0,1.0,1,0.09006273507615953,40
767,1,3704,497,3207,0,0,0,1.0,1.0,1.0,1.0,1.0,1,0.1252441636521061,41
768,5,3709,500,3209,0,0,0,1.0,1.0,1.0,1.0,1.0,1,0.16706008349810633,41
769,0,3709,500,3209,0,0,0,1.0,1.0,1.0,1.0,1.0,1,0.17645191702191437,42
770,4,3713,501,3212,0,0,0,1.0,1.0,1.0,1.0,1.0,1,0.15108182991152141,41
771,4,3717,501,3216,0,0,0,1.0,1.0,1.0,1.0,1.0,1,0.12563817668724936,41
772,4,3721,503,3218,0,0,0,1.0,1.0,1.0,1.0,1.0,1,0.1757604034501219,41
773,3,3724,503,3221,0,0,0,1.0,1.0,1.0,1.0,1.0,1,0.16866010533215287,41
774,9,3733,505,3228,0,0,0,1.0,1.0,1.0,1.0,1.0,1,0.23969274581030472,42
775,3,3736,505,3231,0,0,0,1.0,1.0,1.0,1.0,1.0,1,0.22793894218469551,42
776,9,3745,505,3240,0,0,0,1.0,1.0,1.0,1.0,1.0,1,0.13855093951929756,42
777,3,3748,505,3243,0,0,0,1.0,1.0,1.0,1.0,1.0,1,0.16029787139537943,42
778,5,3753,505,3248,0,0,0,1.0,1.0,1.0,1.0,1.0,1,0.16203983288686016,44
779,5,3758,505,3253,0,0,0,1.0,1.0,1.0,1.0,1.0,1,0.17596747642432378,44
780,5,3763,506,3257,0,0,0,1.0,1.0,1.0,1.0,1.0,1,0.17744342902427046,44
781,6,3769,506,3263,0,0,0,1.0,1.0,1.0,1.0,1.0,1,0.1623475148388546,46
782,6,3775,508,3267,0,0,0,1.0,1.0,1.0,1.0,1.0,1,0.19643112668181975,45
783,4,3779,509,3270,0,0,0,1.0,1.0,1.0,1.0,1.0,1,0.25227555384690015,44
784,4,3783,509,3274,0,0,0,1.0,1.0,1.0,1.0,1.0,1,0.212174121488436,44
785,8,3791,510,3281,0,0,0,1.0,1.0,1.0,1.0,1.0,1,0.19097294162362222,43
786,4,3795,511,3284,0,0,0,1.0,1.0,1.0,1.0,1.0,1,0.16690398776494958,43
787,4,3799,511,3288,0,0,0,1.0,1.0,1.0,1.0,1.0,1,0.16698193565342132,43
788,4,3803,512,3291,0,0,0,1.0,1.0,1.0,1.0,1.0,1,0.20214620976793285,45
789,13,3816,513,3303,0,0,0,1.0,1.0,1.0,1.0,1.0,1,0.18076781841798134,46
790,7,3823,513,3310,0,0,0,1.0,1.0,1.0,1.0,1.0,1,0.20326846451200964,45
791,9,3832,513,3319,0,0,0,1.0,1.0,1.0,1.0,1.0,1,0.21645442753904776,46
792,8,3840,514,3326,0,0,0,1.0,1.0,1.0,1.0,1.0,1,0.24955664363325555,46
793,8,3848,514,3334,0,0,0,1.0,1.0,1.0,1.0,1.0,1,0.24507943765243986,46
794,14,3862,514,3348,0,0,0,1.0,1.0,1.0,1.0,1.0,1,0.27727622903229066,47
795,8,3870,514,3356,0,0,0,1.0,1.0,1.0,1.0,1.0,1,0.23057680775455677,47
796,14,3884,515,3369,0,0,0,1.0,1.0,1.0,1.0,1.0,1,0.2397289579828044,46
797,14,3898,515,3383,0,0,0,1.0,1.0,1.0,1.0,1.0,1,0.2758591263071939,47
798,9,3907,515,3392,0,0,0,1.0,1.0,1.0,1.0,1.0,1,0.3070048957105637,48
799,12,3919,516,3403,0,0,0,1.0,1.0,1.0,1.0,1.0,1,0.3055746135860609,48
800,10,3929,517,3412,0,0,0,1.0,1.0,1.0,1.0,1.0,1,0.22396579365829877,48
801,10,3939,518,3421,0,0,0,1.0,1.0,1.0,1.0,1.0,1,0.12378254288485575,49
802,1,3940,518,3422,0,0,0,1.0,1.0,1.0,1.0,1.0,1,0.10657743513351092,50
803,0,3940,518,3422,0,0,0,1.0,1.0,1.0,1.0,1.0,1,0.09665756235359597,49
804,0,3940,518,3422,0,0,0,1.0,1.0,1.0,1.0,1.0,1,0.08583461169159437,50
805,0,3940,518,3422,0,0,0,1.0,1.0,1.0,1.0,1.0,1,0.08583461169159437,50
806,2,3942,518,3424,0,0,0,1.0,1.0,1.0,1.0,1.0,1,0.08520097463980644,50
807,2,3944,519,3425,0,0,0,1.0,1.0,1.0,1.0,1.0,1,0.09854777525546943,51
808,2,3946,520,3426,0,0,0,1.0,1.0,1.0,1.0,1.0,1,0.09862561254356365,51
809,1,3947,520,3427,0,0,0,1.0,1.0,1.0,1.0,1.0,1,0.04523135984129093,51
810,4,3951,521,3430,0,0,0,1.0,1.0,1.0,1.0,1.0,1,0.06671537490836184,52
811,4,3955,522,3433,0,0,0,1.0,1.0,1.0,1.0,1.0,1,0.08062981413996428,50
812,2,3957,523,3434,0,0,0,1.0,1.0,1.0,1.0,1.0,1,0.0711934971633468,48
813,2,3959,524,3435,0,0,0,1.0,1.0,1.0,1.0,1.0,1,0.10787574042339129,49
814,2,3961,524,3437,0,0,0,1.0,1.0,1.0,1.0,1.0,1,0.12830329478021174,48
815,2,3963,526,3437,0,0,0,1.0,1.0,1.0,1.0,1.0,1,0.1832251191874646,48
816,2,3965,528,3437,0,0,0,1.0,1.0,1.0,1.0,1.0,1,0.22358212990190154,46
817,0,3965,528,3437,0,0,0,1.0,1.0,1.0,1.0,1.0,1,0.25437580498276174,44
818,3,3968,528,3440,0,0,0,1.0,1.0,1.0,1.0,1.0,1,0.22802824248390266,46
819,3,3971,529,3442,0,0,0,1.0,1.0,1.0,1.0,1.0,1,0.232849079173677,44
820,3,3974,529,3445,0,0,0,1.0,1.0,1.0,1.0,1.0,1,0.1973565383957048,44
821,1,3975,529,3446,0,0,0,1.0,1.0,1.0,1.0,1.0,1,0.21790076160535155,44
822,7,3982,532,3450,0,0,0,1.0,1.0,1.0,1.0,1.0,1,0.21194751334732984,44
823,0,3982,532,3450,0,0,0,1.0,1.0,1.0,1.0,1.0,1,0.1904907768765756,42
824,3,3985,535,3450,0,0,0,1.0,1.0,1.0,1.0,1.0,1,0.25492575320285676,42
825,4,3989,538,3451,0,0,0,1.0,1.0,1.0,1.0,1.0,1,0.21096290341191046,40
826,4,3993,540,3453,0,0,0,1.0,1.0,1.0,1.0,1.0,1,0.14362877659791576,41
827,0,3993,540,3453,0,0,0,1.0,1.0,1.0,1.0,1.0,1,0.1403642251842512,40
828,3,3996,543,3453,0,0,0,1.0,1.0,1.0,1.0,1.0,1,0.13597650284536963,40
829,6,4002,545,3457,0,0,0,1.0,1.0,1.0,1.0,1.0,1,0.14634417218535076,42
830,6,4008,546,3462,0,0,0,1.0,1.0,1.0,1.0,1.0,1,0.17629845972831543,42
831,5,4013,547,3466,0,0,0,1.0,1.0,1.0,1.0,1.0,1,0.15664064147289022,43
832,5,4018,548,3470,0,0,0,1.0,1.0,1.0,1.0,1.0,1,0.1543182394455844,42
833,1,4019,548,3471,0,0,0,1.0,1.0,1.0,1.0,1.0,1,0.18852312835598387,41
834,3,4022,550,3472,0,0,0,1.0,1.0,1.0,1.0,1.0,1,0.18419431555686716,41
835,2,4024,550,3474,0,0,0,1.0,1.0,1.0,1.0,1.0,1,0.18336897121588117,41
836,1,4025,550,3475,0,0,0,1.0,1.0,1.0,1.0,1.0,1,0.19380189280514135,40
837,0,4025,550,3475,0,0,0,1.0,1.0,1.0,1.0,1.0,1,0.17996913267379114,41
838,3,4028,551,3477,0,0,0,1.0,1.0,1.0,1.0,1.0,1,0.20382104986493657,41
839,1,4029,552,3477,0,0,0,1.0,1.0,1.0,1.0,1.0,1,0.17295659382630132,41
840,4,4033,553,3480,0,0,0,1.0,1.0,1.0,1.0,1.0,1,0.17709394807203171,42
841,3,4036,554,3482,0,0,0,1.0,1.0,1.0,1.0,1.0,1,0.16247035433119092,42
842,0,4036,554,3482,0,0,0,1.0,1.0,1.0,1.0,1.0,1,0.16247035433119092,42
843,2,4038,556,3482,0,0,0,1.0,1.0,1.0,1.0,1.0,1,0.20042643338895255,42
844,4,4042,557,3485,0,0,0,1.0,1.0,1.0,1.0,1.0,1,0.21356808887159434,42
845,3,4045,558,3487,0,0,0,1.0,1.0,1.0,1.0,1.0,1,0.2625191854161258,44
846,8,4053,559,3494,0,0,0,1.0,1.0,1.0,1.0,1.0,1,0.2646964027442037,44
847,8,4061,560,3501,0,0,0,1.0,1.0,1.0,1.0,1.0,1,0.24987902389336827,42
848,4,4065,560,3505,0,0,0,1.0,1.0,1.0,1.0,1.0,1,0.2892377410134045,43
849,5,4070,560,3510,0,0,0,1.0,1.0,1.0,1.0,1.0,1,0.23627681764948558,43
850,7,4077,561,3516,0,0,0,1.0,1.0,1.0,1.0,1.0,1,0.2206845369546026,41
851,5,4082,562,3520,0,0,0,1.0,1.0,1.0,1.0,1.0,1,0.16710754395616043,40
852,3,4085,562,3523,0,0,0,1.0,1.0,1.0,1.0,1.0,1,0.13447900240474647,40
853,3,4088,563,3525,0,0,0,1.0,1.0,1.0,1.0,1.0,1,0.13914397399553302,40
854,2,4090,564,3526,0,0,0,1.0,1.0,1.0,1.0,1.0,1,0.12549289979342704,40
855,0,4090,564,3526,0,0,0,1.0,1.0,1.0,1.0,1.0,1,0.12149304367100543,41
856,1,4091,565,3526,0,0,0,1.0,1.0,1.0,1.0,1.0,1,0.14702198311703685,41
857,2,4093,566,3527,0,0,0,1.0,1.0,1.0,1.0,1.0,1,0.14911927552663476,42
858,2,4095,566,3529,0,0,0,1.0,1.0,1.0,1.0,1.0,1,0.1414969278269387,43
859,2,4097,566,3531,0,0,0,1.0,1.0,1.0,1.0,1.0,1,0.1414969278269387,43
860,3,4100,568,3532,0,0,0,1.0,1.0,1.0,1.0,1.0,1,0.12653936544134026,44
861,1,4101,569,3532,0,0,0,1.0,1.0,1.0,1.0,1.0,1,0.14363551402122596,44
862,0,4101,569,3532,0,0,0,1.0,1.0,1.0,1.0,1.0,1,0.14363551402122596,44
863,7,4108,570,3538,0,0,0,1.0,1.0,1.0,1.0,1.0,1,0.09032137146685464,44
864,2,4110,570,3540,0,0,0,1.0,1.0,1.0,1.0,1.0,1,0.09527848293015861,44
865,3,4113,570,3543,0,0,0,1.0,1.0,1.0,1.0,1.0,1,0.10658620349623427,43
866,8,4121,574,3547,0,0,0,1.0,1.0,1.0,1.0,1.0,1,0.15811446369938076,45
867,5,4126,574,3552,0,0,0,1.0,1.0,1.0,1.0,1.0,1,0.18357436695396304,44
868,6,4132,577,3555,0,0,0,1.0,1.0,1.0,1.0,1.0,1,0.1518286699742787,45
869,4,4136,579,3557,0,0,0,1.0,1.0,1.0,1.0,1.0,1,0.19392439906429482,44
870,3,4139,580,3559,0,0,0,1.0,1.0,1.0,1.0,1.0,1,0.18633273475228695,44
871,6,4145,580,3565,0,0,0,1.0,1.0,1.0,1.0,1.0,1,0.2361160772432112,43
872,7,4152,580,3572,0,0,0,1.0,1.0,1.0,1.0,1.0,1,0.230873571605407,43
873,14,4166,581,3585,0,0,0,1.0,1.0,1.0,1.0,1.0,1,0.22636222515399645,43
874,11,4177,583,3594,0,0,0,1.0,1.0,1.0,1.0,1.0,1,0.25525949898480116,46
875,11,4188,584,3604,0,0,0,1.0,1.0,1.0,1.0,1.0,1,0.27768583651174245,43
876,8,4196,585,3611,0,0,0,1.0,1.0,1.0,1.0,1.0,1,0.12450937611343489,44
877,5,4201,586,3615,0,0,0,1.0,1.0,1.0,1.0,1.0,1,0.11616647189998679,44
878,1,4202,586,3616,0,0,0,1.0,1.0,1.0,1.0,1.0,1,0.13971333771692598,44
879,1,4203,586,3617,0,0,0,1.0,1.0,1.0,1.0,1.0,1,0.11616647189998679,44
880,2,4205,588,3617,0,0,0,1.0,1.0,1.0,1.0,1.0,1,0.15324906032196034,44
881,1,4206,589,3617,0,0,0,1.0,1.0,1.0,1.0,1.0,1,0.15116856477596574,43
882,6,4212,591,3621,0,0,0,1.0,1.0,1.0,1.0,1.0,1,0.21492697103489908,45
883,5,4217,591,3626,0,0,0,1.0,1.0,1.0,1.0,1.0,1,0.20584502643977176,45
884,4,4221,592,3629,0,0,0,1.0,1.0,1.0,1.0,1.0,1,0.18605697110384242,45
885,0,4221,592,3629,0,0,0,1.0,1.0,1.0,1.0,1.0,1,0.19391061151420605,43
886,2,4223,592,3631,0,0,0,1.0,1.0,1.0,1.0,1.0,1,0.22158833936899283,43
887,2,4225,592,3633,0,0,0,1.0,1.0,1.0,1.0,1.0,1,0.22178359495995675,41
888,1,4226,592,3634,0,0,0,1.0,1.0,1.0,1.0,1.0,1,0.1930185161513809,40
889,1,4227,592,3635,0,0,0,1.0,1.0,1.0,1.0,1.0,1,0.15087166951805903,40
890,0,4227,592,3635,0,0,0,1.0,1.0,1.0,1.0,1.0,1,0.20796573703224974,38
891,4,4231,595,3636,0,0,0,1.0,1.0,1.0,1.0,1.0,1,0.18904205352686515,39
892,4,4235,595,3640,0,0,0,1.0,1.0,1.0,1.0,1.0,1,0.26345944736808785,39
893,3,4238,596,3642,0,0,0,1.0,1.0,1.0,1.0,1.0,1,0.2195903488066474,37
894,4,4242,596,3646,0,0,0,1.0,1.0,1.0,1.0,1.0,1,0.23027501012646567,36
895,4,4246,596,3650,0,0,0,1.0,1.0,1.0,1.0,1.0,1,0.22021092737706055,37
896,4,4250,598,3652,0,0,0,1.0,1.0,1.0,1.0,1.0,1,0.26196086925671047,36
897,4,4254,600,3654,0,0,0,1.0,1.0,1.0,1.0,1.0,1,0.265476673216958,36
898,5,4259,600,3659,0,0,0,1.0,1.0,1.0,1.0,1.0,1,0.2817502189297861,35
899,5,4264,601,3663,0,0,0,1.0,1.0,1.0,1.0,1.0,1,0.27189763494400343,35
900,5,4269,602,3667,0,0,0,1.0,1.0,1.0,1.0,1.0,1,0.30284586437347705,36
901,5,4274,603,3671,0,0,0,1.0,1.0,1.0,1.0,1.0,1,0.3005046278508388,36
902,6,4280,606,3674,0,0,0,1.0,1.0,1.0,1.0,1.0,1,0.2818481432669962,36
903,2,4282,607,3675,0,0,0,1.0,1.0,1.0,1.0,1.0,1,0.2364321979173288,35
904,5,4287,610,3677,0,0,0,1.0,1.0,1.0,1.0,1.0,1,0.2216187979357631,37
905,3,4290,610,3680,0,0,0,1.0,1.0,1.0,1.0,1.0,1,0.17101732948131554,36
906,1,4291,610,3681,0,0,0,1.0,1.0,1.0,1.0,1.0,1,0.17941188277886938,37
907,3,4294,612,3682,0,0,0,1.0,1.0,1.0,1.0,1.0,1,0.14576233457400392,37
908,4,4298,615,3683,0,0,0,1.0,1.0,1.0,1.0,1.0,1,0.2401506644064836,36
909,1,4299,615,3684,0,0,0,1.0,1.0,1.0,1.0,1.0,1,0.25019943667911515,36
910,11,4310,617,3693,0,0,0,1.0,1.0,1.0,1.0,1.0,1,0.14997031205416345,37
911,5,4315,618,3697,0,0,0,1.0,1.0,1.0,1.0,1.0,1,0.23556879367571534,36
912,7,4322,619,3703,0,0,0,1.0,1.0,1.0,1.0,1.0,1,0.26851868934419293,34
913,4,4326,620,3706,0,0,0,1.0,1.0,1.0,1.0,1.0,1,0.3270543073547747,34
914,6,4332,621,3711,0,0,0,1.0,1.0,1.0,1.0,1.0,1,0.40729700258951873,33
915,3,4335,621,3714,0,0,0,1.0,1.0,1.0,1.0,1.0,1,0.357434742325039,33
916,7,4342,622,3720,0,0,0,1.0,1.0,1.0,1.0,1.0,1,0.4329024013755004,34
917,14,4356,622,3734,0,0,0,1.0,1.0,1.0,1.0,1.0,1,0.38450253123125194,34
918,10,4366,622,3744,0,0,0,1.0,1.0,1.0,1.0,1.0,1,0.3563601981042073,36
919,6,4372,622,3750,0,0,0,1.0,1.0,1.0,1.0,1.0,1,0.33807972012017906,36
920,2,4374,622,3752,0,0,0,1.0,1.0,1.0,1.0,1.0,1,0.30018054910361697,37
921,7,4381,622,3759,0,0,0,1.0,1.0,1.0,1.0,1.0,1,0.28526773933357896,37
922,8,4389,622,3767,0,0,0,1.0,1.0,1.0,1.0,1.0,1,0.3024214189413924,38
923,4,4393,622,3771,0,0,0,1.0,1.0,1.0,1.0,1.0,1,0.28544600419118377,36
924,4,4397,623,3774,0,0,0,1.0,1.0,1.0,1.0,1.0,1,0.3134241198497653,35
925,3,4400,623,3777,0,0,0,1.0,1.0,1.0,1.0,1.0,1,0.3531745741243254,35
926,9,4409,624,3785,0,0,0,1.0,1.0,1.0,1.0,1.0,1,0.18729917980788716,34
927,5,4414,624,3790,0,0,0,1.0,1.0,1.0,1.0,1.0,1,0.14193204154379552,32
928,5,4419,624,3795,0,0,0,1.0,1.0,1.0,1.0,1.0,1,0.21087385649626203,32
929,8,4427,626,3801,0,0,0,1.0,1.0,1.0,1.0,1.0,1,0.2472825312538357,31
930,4,4431,627,3804,0,0,0,1.0,1.0,1.0,1.0,1.0,1,0.2722465302892317,30
931,4,4435,629,3806,0,0,0,1.0,1.0,1.0,1.0,1.0,1,0.33036709129050557,29
932,2,4437,629,3808,0,0,0,1.0,1.0,1.0,1.0,1.0,1,0.2923702909914915,29
933,2,4439,629,3810,0,0,0,1.0,1.0,1.0,1.0,1.0,1,0.33036709129050557,29
934,5,4444,630,3814,0,0,0,1.0,1.0,1.0,1.0,1.0,1,0.34150101840467795,29
935,3,4447,630,3817,0,0,0,1.0,1.0,1.0,1.0,1.0,1,0.28780657973751367,31
936,2,4449,631,3818,0,0,0,1.0,1.0,1.0,1.0,1.0,1,0.3407522694793246,31
937,4,4453,632,3821,0,0,0,1.0,1.0,1.0,1.0,1.0,1,0.31590046734597055,34
938,7,4460,632,3828,0,0,0,1.0,1.0,1.0,1.0,1.0,1,0.22209983149551016,33
939,4,4464,633,3831,0,0,0,1.0,1.0,1.0,1.0,1.0,1,0.3003317904524024,36
940,3,4467,633,3834,0,0,0,1.0,1.0,1.0,1.0,1.0,1,0.30904888453141494,36
941,7,4474,635,3839,0,0,0,1.0,1.0,1.0,1.0,1.0,1,0.345423864246024,36
942,2,4476,636,3840,0,0,0,1.0,1.0,1.0,1.0,1.0,1,0.3463184080727076,36
943,2,4478,636,3842,0,0,0,1.0,1.0,1.0,1.0,1.0,1,0.33930572345446725,35
944,4,4482,638,3844,0,0,0,1.0,1.0,1.0,1.0,1.0,1,0.28923384259842017,35
945,0,4482,638,3844,0,0,0,1.0,1.0,1.0,1.0,1.0,1,0.26796201413370485,33
946,5,4487,638,3849,0,0,0,1.0,1.0,1.0,1.0,1.0,1,0.13571450627924048,36
947,3,4490,639,3851,0,0,0,1.0,1.0,1.0,1.0,1.0,1,0.19431395645372876,34
948,1,4491,640,3851,0,0,0,1.0,1.0,1.0,1.0,1.0,1,0.20130825954598505,33
949,1,4492,641,3851,0,0,0,1.0,1.0,1.0,1.0,1.0,1,0.22772337868105677,34
950,0,4492,641,3851,0,0,0,1.0,1.0,1.0,1.0,1.0,1,0.27126923491574706,33
951,3,4495,641,3854,0,0,0,1.0,1.0,1.0,1.0,1.0,1,0.19439035671735788,33
952,1,4496,641,3855,0,0,0,1.0,1.0,1.0,1.0,1.0,1,0.18375405996965177,32
953,0,4496,641,3855,0,0,0,1.0,1.0,1.0,1.0,1.0,1,0.18375405996965177,32
954,1,4497,642,3855,0,0,0,1.0,1.0,1.0,1.0,1.0,1,0.20902546330639424,31
955,2,4499,642,3857,0,0,0,1.0,1.0,1.0,1.0,1.0,1,0.21425957647646285,32
956,2,4501,643,3858,0,0,0,1.0,1.0,1.0,1.0,1.0,1,0.2264658236408923,32
957,1,4502,643,3859,0,0,0,1.0,1.0,1.0,1.0,1.0,1,0.2289222435786309,33
958,0,4502,643,3859,0,0,0,1.0,1.0,1.0,1.0,1.0,1,0.2544712115686821,35
959,3,4505,644,3861,0,0,0,1.0,1.0,1.0,1.0,1.0,1,0.26904168813546697,36
960,1,4506,644,3862,0,0,0,1.0,1.0,1.0,1.0,1.0,1,0.2636273653261092,38
961,4,4510,645,3865,0,0,0,1.0,1.0,1.0,1.0,1.0,1,0.30962516131668627,37
962,2,4512,645,3867,0,0,0,1.0,1.0,1.0,1.0,1.0,1,0.3011669500738414,35
963,4,4516,646,3870,0,0,0,1.0,1.0,1.0,1.0,1.0,1,0.3000621842795605,35
964,9,4525,646,3879,0,0,0,1.0,1.0,1.0,1.0,1.0,1,0.299724340872879,34
965,7,4532,646,3886,0,0,0,1.0,1.0,1.0,1.0,1.0,1,0.2501030347117641,35
966,6,4538,646,3892,0,0,0,1.0,1.0,1.0,1.0,1.0,1,0.25783603604533956,34
967,5,4543,647,3896,0,0,0,1.0,1.0,1.0,1.0,1.0,1,0.23466844769818082,35
968,3,4546,647,3899,0,0,0,1.0,1.0,1.0,1.0,1.0,1,0.24616453179234904,36
969,5,4551,648,3903,0,0,0,1.0,1.0,1.0,1.0,1.0,1,0.24584482791854398,35
970,4,4555,648,3907,0,0,0,1.0,1.0,1.0,1.0,1.0,1,0.2791966698736032,34
971,9,4564,648,3916,0,0,0,1.0,1.0,1.0,1.0,1.0,1,0.24211713728478615,35
972,9,4573,649,3924,0,0,0,1.0,1.0,1.0,1.0,1.0,1,0.23165332601621624,35
973,4,4577,649,3928,0,0,0,1.0,1.0,1.0,1.0,1.0,1,0.22925835698176464,36
974,6,4583,649,3934,0,0,0,1.0,1.0,1.0,1.0,1.0,1,0.2621351229343473,35
975,6,4589,649,3940,0,0,0,1.0,1.0,1.0,1.0,1.0,1,0.2370125926098731,36
976,2,4591,649,3942,0,0,0,1.0,1.0,1.0,1.0,1.0,1,0.19386870428493835,38
977,1,4592,650,3942,0,0,0,1.0,1.0,1.0,1.0,1.0,1,0.2191367456568453,38
978,1,4593,650,3943,0,0,0,1.0,1.0,1.0,1.0,1.0,1,0.20899548104753524,38
979,1,4594,650,3944,0,0,0,1.0,1.0,1.0,1.0,1.0,1,0.17697214347212134,39
980,1,4595,651,3944,0,0,0,1.0,1.0,1.0,1.0,1.0,1,0.20946811162175033,39
981,2,4597,651,3946,0,0,0,1.0,1.0,1.0,1.0,1.0,1,0.1695453862590304,40
982,6,4603,654,3949,0,0,0,1.0,1.0,1.0,1.0,1.0,1,0.23305413235351083,40
983,1,4604,654,3950,0,0,0,1.0,1.0,1.0,1.0,1.0,1,0.19879844322367715,38
984,2,4606,655,3951,0,0,0,1.0,1.0,1.0,1.0,1.0,1,0.22027819746360977,39
985,9,4615,658,3957,0,0,0,1.0,1.0,1.0,1.0,1.0,1,0.258370529686161,38
986,6,4621,660,3961,0,0,0,1.0,1.0,1.0,1.0,1.0,1,0.23873671333436822,38
987,5,4626,661,3965,0,0,0,1.0,1.0,1.0,1.0,1.0,1,0.20303388156537258,38
988,6,4632,662,3970,0,0,0,1.0,1.0,1.0,1.0,1.0,1,0.27316067987115444,38
989,10,4642,662,3980,0,0,0,1.0,1.0,1.0,1.0,1.0,1,0.3000969996656753,38
990,6,4648,662,3986,0,0,0,1.0,1.0,1.0,1.0,1.0,1,0.2171209975209022,38
991,6,4654,663,3991,0,0,0,1.0,1.0,1.0,1.0,1.0,1,0.2626166762478484,40
992,5,4659,664,3995,0,0,0,1.0,1.0,1.0,1.0,1.0,1,0.26892982383438796,39
993,2,4661,664,3997,0,0,0,1.0,1.0,1.0,1.0,1.0,1,0.27807945340340223,38
994,6,4667,664,4003,0,0,0,1.0,1.0,1.0,1.0,1.0,1,0.269456948812738,39
995,6,4673,664,4009,0,0,0,1.0,1.0,1.0,1.0,1.0,1,0.2978987137158702,41
996,5,4678,664,4014,0,0,0,1.0,1.0,1.0,1.0,1.0,1,0.2815172577844493,40
997,6,4684,664,4020,0,0,0,1.0,1.0,1.0,1.0,1.0,1,0.2719441183941007,41
998,5,4689,664,4025,0,0,0,1.0,1.0,1.0,1.0,1.0,1,0.2634560170705952,40
999,4,4693,664,4029,0,0,0,1.0,1.0,1.0,1.0,1.0,1,0.29659023040640564,40
1000,2,4695,664,4031,0,0,0,1.0,1.0,1.0,1.0,1.0,1,0.280622812590709,40
1001,8,4703,664,4039,0,0,0,1.0,1.0,1.0,1.0,1.0,1,0.13658537892099476,39
1002,2,4705,664,4041,0,0,0,1.0,1.0,1.0,1.0,1.0,1,0.13658537892099476,39
1003,3,4708,664,4044,0,0,0,1.0,1.0,1.0,1.0,1.0,1,0.10657304895552122,39
1004,0,4708,664,4044,0,0,0,1.0,1.0,1.0,1.0,1.0,1,0.10657304895552122,39
1005,1,4709,664,4045,0,0,0,1.0,1.0,1.0,1.0,1.0,1,0.11583879057287244,40
1006,1,4710,664,4046,0,0,0,1.0,1.0,1.0,1.0,1.0,1,0.09317204483123694,41
1007,2,4712,664,4048,0,0,0,1.0,1.0,1.0,1.0,1.0,1,0.07924951291104201,42
1008,1,4713,664,4049,0,0,0,1.0,1.0,1.0,1.0,1.0,1,0.1092603200230413,43
1009,3,4716,664,4052,0,0,0,1.0,1.0,1.0,1.0,1.0,1,0.08073247080903363,44
1010,1,4717,664,4053,0,0,0,1.0,1.0,1.0,1.0,1.0,1,0.07205230039737795,44
1011,1,4718,664,4054,0,0,0,1.0,1.0,1.0,1.0,1.0,1,0.08073247080903363,44
1012,4,4722,667,4055,0,0,0,1.0,1.0,1.0,1.0,1.0,1,0.16928965179672692,46
1013,5,4727,668,4059,0,0,0,1.0,1.0,1.0,1.0,1.0,1,0.18434416768938444,46
1014,1,4728,668,4060,0,0,0,1.0,1.0,1.0,1.0,1.0,1,0.16794256200814545,46
1015,2,4730,668,4062,0,0,0,1.0,1.0,1.0,1.0,1.0,1,0.16794256200814545,46
1016,4,4734,669,4065,0,0,0,1.0,1.0,1.0,1.0,1.0,1,0.18389810169144732,47
1017,4,4738,670,4068,0,0,0,1.0,1.0,1.0,1.0,1.0,1,0.1849827930780593,47
1018,10,4748,671,4077,0,0,0,1.0,1.0,1.0,1.0,1.0,1,0.19925054682410148,48
1019,6,4754,672,4082,0,0,0,1.0,1.0,1.0,1.0,1.0,1,0.20296954082065022,49
1020,8,4762,672,4090,0,0,0,1.0,1.0,1.0,1.0,1.0,1,0.20211509328820357,51
1021,8,4770,672,4098,0,0,0,1.0,1.0,1.0,1.0,1.0,1,0.20211509328820357,51
1022,7,4777,673,4104,0,0,0,1.0,1.0,1.0,1.0,1.0,1,0.2082821264284661,52
1023,10,4787,673,4114,0,0,0,1.0,1.0,1.0,1.0,1.0,1,0.24554663705277707,52
1024,6,4793,673,4120,0,0,0,1.0,1.0,1.0,1.0,1.0,1,0.23913911619088044,52
1025,14,4807,673,4134,0,0,0,1.0,1.0,1.0,1.0,1.0,1,0.21039239888092795,54
1026,8,4815,674,4141,0,0,0,1.0,1.0,1.0,1.0,1.0,1,0.16751254452784192,54
1027,4,4819,674,4145,0,0,0,1.0,1.0,1.0,1.0,1.0,1,0.1449203819635697,55
1028,3,4822,675,4147,0,0,0,1.0,1.0,1.0,1.0,1.0,1,0.16742133294565628,56
1029,3,4825,675,4150,0,0,0,1.0,1.0,1.0,1.0,1.0,1,0.12883888135853808,56
1030,5,4830,676,4154,0,0,0,1.0,1.0,1.0,1.0,1.0,1,0.16164184742048482,57
1031,4,4834,676,4158,0,0,0,1.0,1.0,1.0,1.0,1.0,1,0.15453503134760024,58
1032,4,4838,677,4161,0,0,0,1.0,1.0,1.0,1.0,1.0,1,0.1599714674570167,58
1033,10,4848,678,4170,0,0,0,1.0,1.0,1.0,1.0,1.0,1,0.09770341334296417,57
1034,3,4851,678,4173,0,0,0,1.0,1.0,1.0,1.0,1.0,1,0.12968215735541272,57
1035,8,4859,679,4180,0,0,0,1.0,1.0,1.0,1.0,1.0,1,0.11473866165838176,57
1036,7,4866,680,4186,0,0,0,1.0,1.0,1.0,1.0,1.0,1,0.13424019069803803,59
1037,8,4874,682,4192,0,0,0,1.0,1.0,1.0,1.0,1.0,1,0.15311407988708176,57
1038,10,4884,684,4200,0,0,0,1.0,1.0,1.0,1.0,1.0,1,0.15008103962567432,59
1039,8,4892,686,4206,0,0,0,1.0,1.0,1.0,1.0,1.0,1,0.17841149445466087,57
1040,5,4897,686,4211,0,0,0,1.0,1.0,1.0,1.0,1.0,1,0.2130575822901185,56
1041,10,4907,687,4220,0,0,0,1.0,1.0,1.0,1.0,1.0,1,0.231729185309401,54
1042,5,4912,687,4225,0,0,0,1.0,1.0,1.0,1.0,1.0,1,0.20925579779314274,52
1043,8,4920,688,4232,0,0,0,1.0,1.0,1.0,1.0,1.0,1,0.22849075312899217,52
1044,1,4921,688,4233,0,0,0,1.0,1.0,1.0,1.0,1.0,1,0.22530307674075217,50
1045,6,4927,690,4237,0,0,0,1.0,1.0,1.0,1.0,1.0,1,0.25712185578444835,51
1046,5,4932,691,4241,0,0,0,1.0,1.0,1.0,1.0,1.0,1,0.22848337760529555,50
1047,3,4935,692,4243,0,0,0,1.0,1.0,1.0,1.0,1.0,1,0.20231778449803922,50
1048,4,4939,692,4247,0,0,0,1.0,1.0,1.0,1.0,1.0,1,0.1793466947058862,50
1049,3,4942,693,4249,0,0,0,1.0,1.0,1.0,1.0,1.0,1,0.18914874237300966,50
1050,1,4943,693,4250,0,0,0,1.0,1.0,1.0,1.0,1.0,1,0.1840879465934432,50
1051,8,4951,693,4258,0,0,0,1.0,1.0,1.0,1.0,1.0,1,0.11961323712600942,50
1052,3,4954,693,4261,0,0,0,1.0,1.0,1.0,1.0,1.0,1,0.09022286473069392,51
1053,1,4955,693,4262,0,0,0,1.0,1.0,1.0,1.0,1.0,1,0.09530814219639527,51
1054,3,4958,693,4265,0,0,0,1.0,1.0,1.0,1.0,1.0,1,0.11016202828925153,53
1055,7,4965,694,4271,0,0,0,1.0,1.0,1.0,1.0,1.0,1,0.130462957820522,54
1056,6,4971,694,4277,0,0,0,1.0,1.0,1.0,1.0,1.0,1,0.1287784996783984,54
1057,4,4975,696,4279,0,0,0,1.0,1.0,1.0,1.0,1.0,1,0.16144761831422091,55
1058,5,4980,696,4284,0,0,0,1.0,1.0,1.0,1.0,1.0,1,0.14776480325127866,54
1059,3,4983,696,4287,0,0,0,1.0,1.0,1.0,1.0,1.0,1,0.18568979302266359,53
1060,3,4986,696,4290,0,0,0,1.0,1.0,1.0,1.0,1.0,1,0.17071038800186955,53
1061,5,4991,697,4294,0,0,0,1.0,1.0,1.0,1.0,1.0,1,0.21025139402257925,53
1062,5,4996,699,4297,0,0,0,1.0,1.0,1.0,1.0,1.0,1,0.21830992506634767,54
1063,4,5000,699,4301,0,0,0,1.0,1.0,1.0,1.0,1.0,1,0.2319452391442878,53
1064,6,5006,702,4304,0,0,0,1.0,1.0,1.0,1.0,1.0,1,0.22099736433575362,55
1065,1,5007,702,4305,0,0,0,1.0,1.0,1.0,1.0,1.0,1,0.269702723826672,54
1066,9,5016,704,4312,0,0,0,1.0,1.0,1.0,1.0,1.0,1,0.228307918940609,55
1067,5,5021,705,4316,0,0,0,1.0,1.0,1.0,1.0,1.0,1,0.2556329549730762,55
1068,7,5028,705,4323,0,0,0,1.0,1.0,1.0,1.0,1.0,1,0.27838452365484073,55
1069,6,5034,706,4328,0,0,0,1.0,1.0,1.0,1.0,1.0,1,0.30247528757641695,55
1070,5,5039,706,4333,0,0,0,1.0,1.0,1.0,1.0,1.0,1,0.3143014220326085,54
1071,4,5043,706,4337,0,0,0,1.0,1.0,1.0,1.0,1.0,1,0.2821842634985742,55
1072,3,5046,707,4339,0,0,0,1.0,1.0,1.0,1.0,1.0,1,0.2750890846816383,54
1073,6,5052,709,4343,0,0,0,1.0,1.0,1.0,1.0,1.0,1,0.2620577376290686,54
1074,3,5055,711,4344,0,0,0,1.0,1.0,1.0,1.0,1.0,1,0.27314576715978683,52
1075,4,5059,711,4348,0,0,0,1.0,1.0,1.0,1.0,1.0,1,0.26872228270841286,51
1076,15,5074,712,4362,0,0,0,1.0,1.0,1.0,1.0,1.0,1,0.13848030075327708,52
1077,7,5081,714,4367,0,0,0,1.0,1.0,1.0,1.0,1.0,1,0.1283712404564906,49
1078,3,5084,715,4369,0,0,0,1.0,1.0,1.0,1.0,1.0,1,0.1500916606503817,48
1079,5,5089,716,4373,0,0,0,1.0,1.0,1.0,1.0,1.0,1,0.15396841994925262,47
1080,8,5097,718,4379,0,0,0,1.0,1.0,1.0,1.0,1.0,1,0.20187285662208027,47
1081,7,5104,719,4385,0,0,0,1.0,1.0,1.0,1.0,1.0,1,0.21146166780758052,45
1082,3,5107,719,4388,0,0,0,1.0,1.0,1.0,1.0,1.0,1,0.22753204586496342,42
1083,4,5111,720,4391,0,0,0,1.0,1.0,1.0,1.0,1.0,1,0.27926093682909653,42
1084,4,5115,720,4395,0,0,0,1.0,1.0,1.0,1.0,1.0,1,0.3114605965587861,40
1085,8,5123,720,4403,0,0,0,1.0,1.0,1.0,1.0,1.0,1,0.25919469451375493,43
1086,11,5134,721,4413,0,0,0,1.0,1.0,1.0,1.0,1.0,1,0.27489765055058596,41
1087,8,5142,721,4421,0,0,0,1.0,1.0,1.0,1.0,1.0,1,0.23608414389409674,41
1088,7,5149,721,4428,0,0,0,1.0,1.0,1.0,1.0,1.0,1,0.2002512081856368,41
1089,5,5154,721,4433,0,0,0,1.0,1.0,1.0,1.0,1.0,1,0.2416627361342215,42
1090,8,5162,721,4441,0,0,0,1.0,1.0,1.0,1.0,1.0,1,0.23561751846751647,43
1091,6,5168,722,4446,0,0,0,1.0,1.0,1.0,1.0,1.0,1,0.22312059895278685,43
1092,4,5172,722,4450,0,0,0,1.0,1.0,1.0,1.0,1.0,1,0.26166671687796805,43
1093,7,5179,724,4455,0,0,0,1.0,1.0,1.0,1.0,1.0,1,0.2359357121764703,43
1094,6,5185,724,4461,0,0,0,1.0,1.0,1.0,1.0,1.0,1,0.2759891294980013,43
1095,11,5196,726,4470,0,0,0,1.0,1.0,1.0,1.0,1.0,1,0.2870491673142352,44
1096,5,5201,727,4474,0,0,0,1.0,1.0,1.0,1.0,1.0,1,0.28054526162099264,44
1097,9,5210,728,4482,0,0,0,1.0,1.0,1.0,1.0,1.0,1,0.32929797905594776,45
1098,7,5217,728,4489,0,0,0,1.0,1.0,1.0,1.0,1.0,1,0.3483577064892635,46
1099,8,5225,729,4496,0,0,0,1.0,1.0,1.0,1.0,1.0,1,0.31904885706984637,48
1100,8,5233,729,4504,0,0,0,1.0,1.0,1.0,1.0,1.0,1,0.3221918662615242,49
1101,10,5243,729,4514,0,0,0,1.0,1.0,1.0,1.0,1.0,1,0.21054385490378053,49
1102,6,5249,729,4520,0,0,0,1.0,1.0,1.0,1.0,1.0,1,0.16182124731288652,50
1103,6,5255,729,4526,0,0,0,1.0,1.0,1.0,1.0,1.0,1,0.09441687922257219,48
1104,7,5262,730,4532,0,0,0,1.0,1.0,1.0,1.0,1.0,1,0.09631054521504556,50
1105,2,5264,730,4534,0,0,0,1.0,1.0,1.0,1.0,1.0,1,0.10503898738399892,48
1106,3,5267,730,4537,0,0,0,1.0,1.0,1.0,1.0,1.0,1,0.1163392363726966,48
1107,5,5272,733,4539,0,0,0,1.0,1.0,1.0,1.0,1.0,1,0.08289320479735195,47
1108,3,5275,734,4541,0,0,0,1.0,1.0,1.0,1.0,1.0,1,0.07571192165273938,47
1109,3,5278,737,4541,0,0,0,1.0,1.0,1.0,1.0,1.0,1,0.11460776110383825,46
1110,2,5280,738,4542,0,0,0,1.0,1.0,1.0,1.0,1.0,1,0.17988392390052646,43
1111,3,5283,739,4544,0,0,0,1.0,1.0,1.0,1.0,1.0,1,0.13638082084048822,44
1112,6,5289,743,4546,0,0,0,1.0,1.0,1.0,1.0,1.0,1,0.19729896587232473,43
1113,1,5290,743,4547,0,0,0,1.0,1.0,1.0,1.0,1.0,1,0.2283559148269948,39
1114,0,5290,743,4547,0,0,0,1.0,1.0,1.0,1.0,1.0,1,0.2283559148269948,39
1115,2,5292,745,4547,0,0,0,1.0,1.0,1.0,1.0,1.0,1,0.247071473159115,37
1116,3,5295,747,4548,0,0,0,1.0,1.0,1.0,1.0,1.0,1,0.2196274156236221,37
1117,2,5297,749,4548,0,0,0,1.0,1.0,1.0,1.0,1.0,1,0.27078363994214677,36
1118,2,5299,749,4550,0,0,0,1.0,1.0,1.0,1.0,1.0,1,0.21055439241034637,36
1119,0,5299,749,4550,0,0,0,1.0,1.0,1.0,1.0,1.0,1,0.21055439241034637,36
1120,0,5299,749,4550,0,0,0,1.0,1.0,1.0,1.0,1.0,1,0.21055439241034637,36
1121,1,5300,750,4550,0,0,0,1.0,1.0,1.0,1.0,1.0,1,0.24456654798368438,36
1122,0,5300,750,4550,0,0,0,1.0,1.0,1.0,1.0,1.0,1,0.2510646967088985,37
1123,2,5302,751,4551,0,0,0,1.0,1.0,1.0,1.0,1.0,1,0.2986719801339799,37
1124,3,5305,752,4553,0,0,0,1.0,1.0,1.0,1.0,1.0,1,0.2890050188392681,37
1125,4,5309,753,4556,0,0,0,1.0,1.0,1.0,1.0,1.0,1,0.2964004337222524,38
1126,8,5317,753,4564,0,0,0,1.0,1.0,1.0,1.0,1.0,1,0.16268587760708933,38
1127,6,5323,754,4569,0,0,0,1.0,1.0,1.0,1.0,1.0,1,0.160784561076649,39
1128,1,5324,754,4570,0,0,0,1.0,1.0,1.0,1.0,1.0,1,0.1591314541665609,39
1129,0,5324,754,4570,0,0,0,1.0,1.0,1.0,1.0,1.0,1,0.1591314541665609,39
1130,4,5328,755,4573,0,0,0,1.0,1.0,1.0,1.0,1.0,1,0.18704978974796385,39
1131,1,5329,755,4574,0,0,0,1.0,1.0,1.0,1.0,1.0,1,0.1620982880036666,39
1132,1,5330,755,4575,0,0,0,1.0,1.0,1.0,1.0,1.0,1,0.13818358620769677,39
1133,2,5332,755,4577,0,0,0,1.0,1.0,1.0,1.0,1.0,1,0.10455942668092996,42
1134,1,5333,755,4578,0,0,0,1.0,1.0,1.0,1.0,1.0,1,0.1119346368175643,42
1135,3,5336,756,4580,0,0,0,1.0,1.0,1.0,1.0,1.0,1,0.16422253804145973,44
1136,8,5344,756,4588,0,0,0,1.0,1.0,1.0,1.0,1.0,1,0.14716875052064343,46
1137,5,5349,756,4593,0,0,0,1.0,1.0,1.0,1.0,1.0,1,0.1524306805446268,45
1138,9,5358,756,4602,0,0,0,1.0,1.0,1.0,1.0,1.0,1,0.14955842149580661,46
1139,8,5366,757,4609,0,0,0,1.0,1.0,1.0,1.0,1.0,1,0.1852321889287399,47
1140,3,5369,757,4612,0,0,0,1.0,1.0,1.0,1.0,1.0,1,0.19199909785124003,46
1141,3,5372,757,4615,0,0,0,1.0,1.0,1.0,1.0,1.0,1,0.20640808882849945,45
1142,13,5385,761,4624,0,0,0,1.0,1.0,1.0,1.0,1.0,1,0.1587809417537846,45
1143,6,5391,764,4627,0,0,0,1.0,1.0,1.0,1.0,1.0,1,0.19752441842098648,43
1144,13,5404,766,4638,0,0,0,1.0,1.0,1.0,1.0,1.0,1,0.20902169738260082,45
1145,11,5415,767,4648,0,0,0,1.0,1.0,1.0,1.0,1.0,1,0.16547500662174355,44
1146,5,5420,767,4653,0,0,0,1.0,1.0,1.0,1.0,1.0,1,0.1804683243372631,45
1147,5,5425,768,4657,0,0,0,1.0,1.0,1.0,1.0,1.0,1,0.22295439875719048,44
1148,6,5431,769,4662,0,0,0,1.0,1.0,1.0,1.0,1.0,1,0.24646648191783374,43
1149,8,5439,771,4668,0,0,0,1.0,1.0,1.0,1.0,1.0,1,0.2915492022163567,42
1150,7,5446,773,4673,0,0,0,1.0,1.0,1.0,1.0,1.0,1,0.2888548240677997,45
1151,9,5455,773,4682,0,0,0,1.0,1.0,1.0,1.0,1.0,1,0.16642895071203645,40
1152,5,5460,774,4686,0,0,0,1.0,1.0,1.0,1.0,1.0,1,0.12213016703548414,41
1153,2,5462,775,4687,0,0,0,1.0,1.0,1.0,1.0,1.0,1,0.15451455004623627,38
1154,6,5468,776,4692,0,0,0,1.0,1.0,1.0,1.0,1.0,1,0.1431680084752192,37
1155,9,5477,777,4700,0,0,0,1.0,1.0,1.0,1.0,1.0,1,0.17023107125512243,38
1156,3,5480,777,4703,0,0,0,1.0,1.0,1.0,1.0,1.0,1,0.1462961214703544,38
1157,5,5485,777,4708,0,0,0,1.0,1.0,1.0,1.0,1.0,1,0.17174323494827512,37
1158,6,5491,778,4713,0,0,0,1.0,1.0,1.0,1.0,1.0,1,0.15896832961051663,36
1159,9,5500,778,4722,0,0,0,1.0,1.0,1.0,1.0,1.0,1,0.21949916217514215,35
1160,6,5506,778,4728,0,0,0,1.0,1.0,1.0,1.0,1.0,1,0.24170904654825884,35
1161,4,5510,778,4732,0,0,0,1.0,1.0,1.0,1.0,1.0,1,0.2102067661052397,36
1162,6,5516,778,4738,0,0,0,1.0,1.0,1.0,1.0,1.0,1,0.21705001083121572,37
1163,6,5522,778,4744,0,0,0,1.0,1.0,1.0,1.0,1.0,1,0.21705001083121572,37
1164,4,5526,778,4748,0,0,0,1.0,1.0,1.0,1.0,1.0,1,0.2245956330473873,38
1165,6,5532,778,4754,0,0,0,1.0,1.0,1.0,1.0,1.0,1,0.2245956330473873,38
1166,4,5536,778,4758,0,0,0,1.0,1.0,1.0,1.0,1.0,1,0.22635375624650272,40
1167,9,5545,780,4765,0,0,0,1.0,1.0,1.0,1.0,1.0,1,0.21619958121764848,40
1168,6,5551,780,4771,0,0,0,1.0,1.0,1.0,1.0,1.0,1,0.21619958121764848,40
1169,6,5557,780,4777,0,0,0,1.0,1.0,1.0,1.0,1.0,1,0.25330928766591565,41
1170,7,5564,782,4782,0,0,0,1.0,1.0,1.0,1.0,1.0,1,0.2932797413196664,41
1171,15,5579,784,4795,0,0,0,1.0,1.0,1.0,1.0,1.0,1,0.26208359266911013,43
1172,10,5589,784,4805,0,0,0,1.0,1.0,1.0,1.0,1.0,1,0.2534966950140049,43
1173,5,5594,784,4810,0,0,0,1.0,1.0,1.0,1.0,1.0,1,0.23665759186434654,43
1174,6,5600,785,4815,0,0,0,1.0,1.0,1.0,1.0,1.0,1,0.2655170367519391,43
1175,12,5612,785,4827,0,0,0,1.0,1.0,1.0,1.0,1.0,1,0.2746323835374597,44
1176,12,5624,786,4838,0,0,0,1.0,1.0,1.0,1.0,1.0,1,0.15478395518318583,45
1177,7,5631,786,4845,0,0,0,1.0,1.0,1.0,1.0,1.0,1,0.15990701322462178,45
1178,4,5635,786,4849,0,0,0,1.0,1.0,1.0,1.0,1.0,1,0.13476222955515055,45
1179,5,5640,786,4854,0,0,0,1.0,1.0,1.0,1.0,1.0,1,0.16613567307063576,46
1180,5,5645,786,4859,0,0,0,1.0,1.0,1.0,1.0,1.0,1,0.14265320432992773,47
1181,4,5649,786,4863,0,0,0,1.0,1.0,1.0,1.0,1.0,1,0.12260797906879867,48
1182,3,5652,786,4866,0,0,0,1.0,1.0,1.0,1.0,1.0,1,0.16523803421811745,48
1183,2,5654,786,4868,0,0,0,1.0,1.0,1.0,1.0,1.0,1,0.14097355051293364,46
1184,5,5659,788,4871,0,0,0,1.0,1.0,1.0,1.0,1.0,1,0.14449235417811276,47
1185,4,5663,789,4874,0,0,0,1.0,1.0,1.0,1.0,1.0,1,0.15542289188952513,44
1186,5,5668,789,4879,0,0,0,1.0,1.0,1.0,1.0,1.0,1,0.16876510783511636,47
1187,10,5678,789,4889,0,0,0,1.0,1.0,1.0,1.0,1.0,1,0.1668125211088134,49
1188,4,5682,789,4893,0,0,0,1.0,1.0,1.0,1.0,1.0,1,0.17566240167531158,50
1189,8,5690,789,4901,0,0,0,1.0,1.0,1.0,1.0,1.0,1,0.15185437037706692,48
1190,4,5694,790,4904,0,0,0,1.0,1.0,1.0,1.0,1.0,1,0.17943505760719153,48
1191,0,5694,790,4904,0,0,0,1.0,1.0,1.0,1.0,1.0,1,0.17331950788609635,46
1192,0,5694,790,4904,0,0,0,1.0,1.0,1.0,1.0,1.0,1,0.17331950788609635,46
1193,1,5695,790,4905,0,0,0,1.0,1.0,1.0,1.0,1.0,1,0.17009349375927746,45
1194,3,5698,790,4908,0,0,0,1.0,1.0,1.0,1.0,1.0,1,0.13930079261973197,45
1195,3,5701,790,4911,0,0,0,1.0,1.0,1.0,1.0,1.0,1,0.1361515943940485,47
1196,4,5705,791,4914,0,0,0,1.0,1.0,1.0,1.0,1.0,1,0.14925216463306476,48
1197,3,5708,791,4917,0,0,0,1.0,1.0,1.0,1.0,1.0,1,0.12431263285498281,49
1198,5,5713,793,4920,0,0,0,1.0,1.0,1.0,1.0,1.0,1,0.1785899665384379,49
1199,10,5723,793,4930,0,0,0,1.0,1.0,1.0,1.0,1.0,1,0.19553455187428978,50
1200,15,5738,794,4944,0,0,0,1.0,1.0,1.0,1.0,1.0,1,0.17613684136547397,50
1201,2,5740,794,4946,0,0,0,1.0,1.0,1.0,1.0,1.0,1,0.12634415491985307,50
1202,1,5741,794,4947,0,0,0,1.0,1.0,1.0,1.0,1.0,1,0.11150463135270844,51
1203,0,5741,794,4947,0,0,0,1.0,1.0,1.0,1.0,1.0,1,0.09963318079716679,52
1204,0,5741,794,4947,0,0,0,1.0,1.0,1.0,1.0,1.0,1,0.09963318079716679,52
1205,3,5744,795,4949,0,0,0,1.0,1.0,1.0,1.0,1.0,1,0.13001826537910544,53
1206,2,5746,795,4951,0,0,0,1.0,1.0,1.0,1.0,1.0,1,0.11294237421029356,53
1207,0,5746,795,4951,0,0,0,1.0,1.0,1.0,1.0,1.0,1,0.12129098803000887,55
1208,4,5750,796,4954,0,0,0,1.0,1.0,1.0,1.0,1.0,1,0.12103456765483296,56
1209,1,5751,796,4955,0,0,0,1.0,1.0,1.0,1.0,1.0,1,0.12589453810759474,55
1210,1,5752,796,4956,0,0,0,1.0,1.0,1.0,1.0,1.0,1,0.13185791871742988,55
1211,2,5754,796,4958,0,0,0,1.0,1.0,1.0,1.0,1.0,1,0.09740478798669608,57
1212,2,5756,796,4960,0,0,0,1.0,1.0,1.0,1.0,1.0,1,0.10821943934039763,57
1213,1,5757,796,4961,0,0,0,1.0,1.0,1.0,1.0,1.0,1,0.10243271512255046,57
1214,3,5760,799,4961,0,0,0,1.0,1.0,1.0,1.0,1.0,1,0.1554758692623596,57
1215,6,5766,799,4967,0,0,0,1.0,1.0,1.0,1.0,1.0,1,0.13743152677112425,59
1216,8,5774,799,4975,0,0,0,1.0,1.0,1.0,1.0,1.0,1,0.1253791487516148,61
1217,6,5780,799,4981,0,0,0,1.0,1.0,1.0,1.0,1.0,1,0.10973179858574154,61
1218,7,5787,799,4988,0,0,0,1.0,1.0,1.0,1.0,1.0,1,0.1470023803081152,61
1219,6,5793,800,4993,0,0,0,1.0,1.0,1.0,1.0,1.0,1,0.14228066715684715,61
1220,5,5798,800,4998,0,0,0,1.0,1.0,1.0,1.0,1.0,1,0.1824685552735147,60
1221,7,5805,800,5005,0,0,0,1.0,1.0,1.0,1.0,1.0,1,0.1807604859662496,61
1222,4,5809,800,5009,0,0,0,1.0,1.0,1.0,1.0,1.0,1,0.14273548910625636,61
1223,7,5816,803,5013,0,0,0,1.0,1.0,1.0,1.0,1.0,1,0.1707020079216981,59
1224,7,5823,805,5018,0,0,0,1.0,1.0,1.0,1.0,1.0,1,0.1484972645925998,60
1225,7,5830,806,5024,0,0,0,1.0,1.0,1.0,1.0,1.0,1,0.1958643830877201,60
1226,11,5841,807,5034,0,0,0,1.0,1.0,1.0,1.0,1.0,1,0.10262389732517307,61
1227,3,5844,808,5036,0,0,0,1.0,1.0,1.0,1.0,1.0,1,0.08081493908002822,59
1228,3,5847,809,5038,0,0,0,1.0,1.0,1.0,1.0,1.0,1,0.08470884604058519,58
1229,3,5850,810,5040,0,0,0,1.0,1.0,1.0,1.0,1.0,1,0.10168139792874385,57
1230,5,5855,810,5045,0,0,0,1.0,1.0,1.0,1.0,1.0,1,0.10321013789513298,55
1231,3,5858,811,5047,0,0,0,1.0,1.0,1.0,1.0,1.0,1,0.10274083470466516,54
1232,5,5863,814,5049,0,0,0,1.0,1.0,1.0,1.0,1.0,1,0.1486819192833641,51
1233,1,5864,815,5049,0,0,0,1.0,1.0,1.0,1.0,1.0,1,0.15749430452440286,49
1234,2,5866,817,5049,0,0,0,1.0,1.0,1.0,1.0,1.0,1,0.2000293752413372,49
1235,5,5871,818,5053,0,0,0,1.0,1.0,1.0,1.0,1.0,1,0.20252011012772458,48
1236,2,5873,818,5055,0,0,0,1.0,1.0,1.0,1.0,1.0,1,0.2181662374933285,49
1237,2,5875,819,5056,0,0,0,1.0,1.0,1.0,1.0,1.0,1,0.2879096684878469,48
1238,1,5876,819,5057,0,0,0,1.0,1.0,1.0,1.0,1.0,1,0.27780529672163656,47
1239,0,5876,819,5057,0,0,0,1.0,1.0,1.0,1.0,1.0,1,0.26426599879359325,48
1240,5,5881,820,5061,0,0,0,1.0,1.0,1.0,1.0,1.0,1,0.2436381320650302,49
1241,3,5884,821,5063,0,0,0,1.0,1.0,1.0,1.0,1.0,1,0.23827314168256927,49
1242,4,5888,821,5067,0,0,0,1.0,1.0,1.0,1.0,1.0,1,0.20041139058983992,49
1243,6,5894,822,5072,0,0,0,1.0,1.0,1.0,1.0,1.0,1,0.1809115558619363,50
1244,4,5898,823,5075,0,0,0,1.0,1.0,1.0,1.0,1.0,1,0.20898680287921237,50
1245,3,5901,823,5078,0,0,0,1.0,1.0,1.0,1.0,1.0,1,0.22222011721042964,51
1246,4,5905,825,5080,0,0,0,1.0,1.0,1.0,1.0,1.0,1,0.2964373831669615,52
1247,6,5911,825,5086,0,0,0,1.0,1.0,1.0,1.0,1.0,1,0.21382256130860622,52
1248,2,5913,825,5088,0,0,0,1.0,1.0,1.0,1.0,1.0,1,0.23938516041690486,51
1249,5,5918,826,5092,0,0,0,1.0,1.0,1.0,1.0,1.0,1,0.23204933356595572,51
1250,4,5922,829,5093,0,0,0,1.0,1.0,1.0,1.0,1.0,1,0.24767175183805298,51
1251,10,5932,829,5103,0,0,0,1.0,1.0,1.0,1.0,1.0,1,0.16068691705208243,53
1252,3,5935,830,5105,0,0,0,1.0,1.0,1.0,1.0,1.0,1,0.11209713439522158,52
1253,1,5936,831,5105,0,0,0,1.0,1.0,1.0,1.0,1.0,1,0.12064920182250001,52
1254,3,5939,831,5108,0,0,0,1.0,1.0,1.0,1.0,1.0,1,0.1360733968568032,53
1255,5,5944,831,5113,0,0,0,1.0,1.0,1.0,1.0,1.0,1,0.1245371230797181,55
1256,4,5948,831,5117,0,0,0,1.0,1.0,1.0,1.0,1.0,1,0.1245371230797181,55
1257,4,5952,831,5121,0,0,0,1.0,1.0,1.0,1.0,1.0,1,0.14938012797863173,57
1258,2,5954,831,5123,0,0,0,1.0,1.0,1.0,1.0,1.0,1,0.11845974482165815,57
1259,2,5956,831,5125,0,0,0,1.0,1.0,1.0,1.0,1.0,1,0.16257167224989538,57
1260,4,5960,831,5129,0,0,0,1.0,1.0,1.0,1.0,1.0,1,0.11467113204834259,56
1261,3,5963,831,5132,0,0,0,1.0,1.0,1.0,1.0,1.0,1,0.0923566864797165,57
1262,6,5969,831,5138,0,0,0,1.0,1.0,1.0,1.0,1.0,1,0.09888130710522436,58
1263,4,5973,831,5142,0,0,0,1.0,1.0,1.0,1.0,1.0,1,0.07178571821168617,58
1264,3,5976,831,5145,0,0,0,1.0,1.0,1.0,1.0,1.0,1,0.10856971630249417,57
1265,4,5980,834,5146,0,0,0,1.0,1.0,1.0,1.0,1.0,1,0.1265909888938245,56
1266,7,5987,838,5149,0,0,0,1.0,1.0,1.0,1.0,1.0,1,0.1495411522173867,55
1267,2,5989,839,5150,0,0,0,1.0,1.0,1.0,1.0,1.0,1,0.15567145450063877,53
1268,7,5996,843,5153,0,0,0,1.0,1.0,1.0,1.0,1.0,1,0.25617579146334063,52
1269,2,5998,843,5155,0,0,0,1.0,1.0,1.0,1.0,1.0,1,0.19114369553515564,51
1270,5,6003,844,5159,0,0,0,1.0,1.0,1.0,1.0,1.0,1,0.1698939372618014,47
1271,1,6004,844,5160,0,0,0,1.0,1.0,1.0,1.0,1.0,1,0.1487182765280296,46
1272,0,6004,844,5160,0,0,0,1.0,1.0,1.0,1.0,1.0,1,0.14827050668812553,43
1273,1,6005,845,5160,0,0,0,1.0,1.0,1.0,1.0,1.0,1,0.15972690505798814,44
1274,1,6006,846,5160,0,0,0,1.0,1.0,1.0,1.0,1.0,1,0.15647183021994326,44
1275,2,6008,846,5162,0,0,0,1.0,1.0,1.0,1.0,1.0,1,0.173164295752599,45
1276,5,6013,846,5167,0,0,0,1.0,1.0,1.0,1.0,1.0,1,0.11886387335701905,43
1277,4,6017,848,5169,0,0,0,1.0,1.0,1.0,1.0,1.0,1,0.13828903677229848,44
1278,3,6020,851,5169,0,0,0,1.0,1.0,1.0,1.0,1.0,1,0.1356545090650591,45
1279,2,6022,851,5171,0,0,0,1.0,1.0,1.0,1.0,1.0,1,0.12339689048263001,47
1280,6,6028,852,5176,0,0,0,1.0,1.0,1.0,1.0,1.0,1,0.1255161302745345,47
1281,2,6030,852,5178,0,0,0,1.0,1.0,1.0,1.0,1.0,1,0.1255161302745345,47
1282,1,6031,853,5178,0,0,0,1.0,1.0,1.0,1.0,1.0,1,0.1416545382956524,46
1283,2,6033,854,5179,0,0,0,1.0,1.0,1.0,1.0,1.0,1,0.15949556287635877,46
1284,0,6033,854,5179,0,0,0,1.0,1.0,1.0,1.0,1.0,1,0.15949556287635877,46
1285,1,6034,855,5179,0,0,0,1.0,1.0,1.0,1.0,1.0,1,0.2110647187500241,46
1286,0,6034,855,5179,0,0,0,1.0,1.0,1.0,1.0,1.0,1,0.21451678212989905,45
1287,6,6040,856,5184,0,0,0,1.0,1.0,1.0,1.0,1.0,1,0.18145113758005657,49
1288,4,6044,856,5188,0,0,0,1.0,1.0,1.0,1.0,1.0,1,0.13540858724852894,49
1289,5,6049,856,5193,0,0,0,1.0,1.0,1.0,1.0,1.0,1,0.14894667496144223,52
1290,6,6055,856,5199,0,0,0,1.0,1.0,1.0,1.0,1.0,1,0.1385699454553165,52
1291,6,6061,856,5205,0,0,0,1.0,1.0,1.0,1.0,1.0,1,0.12459551079483652,52
1292,9,6070,857,5213,0,0,0,1.0,1.0,1.0,1.0,1.0,1,0.11157425106231257,53
1293,6,6076,857,5219,0,0,0,1.0,1.0,1.0,1.0,1.0,1,0.12361349367699088,53
1294,5,6081,858,5223,0,0,0,1.0,1.0,1.0,1.0,1.0,1,0.11278495013351889,53
1295,8,6089,858,5231,0,0,0,1.0,1.0,1.0,1.0,1.0,1,0.11868010997100617,54
1296,9,6098,858,5240,0,0,0,1.0,1.0,1.0,1.0,1.0,1,0.10287132949361567,55
1297,7,6105,859,5246,0,0,0,1.0,1.0,1.0,1.0,1.0,1,0.13371258725729776,54
1298,4,6109,859,5250,0,0,0,1.0,1.0,1.0,1.0,1.0,1,0.14004303855646758,55
1299,7,6116,859,5257,0,0,0,1.0,1.0,1.0,1.0,1.0,1,0.16226858790543652,54
1300,8,6124,859,5265,0,0,0,1.0,1.0,1.0,1.0,1.0,1,0.15174474971782642,55
1301,7,6131,859,5272,0,0,0,1.0,1.0,1.0,1.0,1.0,1,0.0875112275283023,54
1302,1,6132,860,5272,0,0,0,1.0,1.0,1.0,1.0,1.0,1,0.07638993932876068,54
1303,4,6136,863,5273,0,0,0,1.0,1.0,1.0,1.0,1.0,1,0.2092875404077645,50
1304,3,6139,864,5275,0,0,0,1.0,1.0,1.0,1.0,1.0,1,0.18377801576666591,51
1305,4,6143,866,5277,0,0,0,1.0,1.0,1.0,1.0,1.0,1,0.2593461277341814,48
1306,3,6146,869,5277,0,0,0,1.0,1.0,1.0,1.0,1.0,1,0.2550323498613126,48
1307,1,6147,870,5277,0,0,0,1.0,1.0,1.0,1.0,1.0,1,0.22137405837117644,48
1308,3,6150,873,5277,0,0,0,1.0,1.0,1.0,1.0,1.0,1,0.22019488578038174,46
1309,0,6150,873,5277,0,0,0,1.0,1.0,1.0,1.0,1.0,1,0.21493583933545532,47
1310,2,6152,874,5278,0,0,0,1.0,1.0,1.0,1.0,1.0,1,0.21456518440389669,46
1311,1,6153,875,5278,0,0,0,1.0,1.0,1.0,1.0,1.0,1,0.21060373424857945,46
1312,3,6156,877,5279,0,0,0,1.0,1.0,1.0,1.0,1.0,1,0.23617403971257017,45
1313,2,6158,879,5279,0,0,0,1.0,1.0,1.0,1.0,1.0,1,0.28503137807070517,44
1314,1,6159,879,5280,0,0,0,1.0,1.0,1.0,1.0,1.0,1,0.27446832954514394,42
1315,2,6161,881,5280,0,0,0,1.0,1.0,1.0,1.0,1.0,1,0.3519662967497616,40
1316,1,6162,881,5281,0,0,0,1.0,1.0,1.0,1.0,1.0,1,0.3011295310036528,42
1317,0,6162,881,5281,0,0,0,1.0,1.0,1.0,1.0,1.0,1,0.31259915891924916,42
1318,0,6162,881,5281,0,0,0,1.0,1.0,1.0,1.0,1.0,1,0.31259915891924916,42
1319,0,6162,881,5281,0,0,0,1.0,1.0,1.0,1.0,1.0,1,0.31259915891924916,42
1320,2,6164,882,5282,0,0,0,1.0,1.0,1.0,1.0,1.0,1,0.30821512007599466,42
1321,1,6165,882,5283,0,0,0,1.0,1.0,1.0,1.0,1.0,1,0.271795835341178,45
1322,0,6165,882,5283,0,0,0,1.0,1.0,1.0,1.0,1.0,1,0.271795835341178,45
1323,1,6166,883,5283,0,0,0,1.0,1.0,1.0,1.0,1.0,1,0.2577559161743737,46
1324,1,6167,884,5283,0,0,0,1.0,1.0,1.0,1.0,1.0,1,0.2586718717052698,45
1325,4,6171,885,5286,0,0,0,1.0,1.0,1.0,1.0,1.0,1,0.2630805084924727,46
1326,12,6183,886,5297,0,0,0,1.0,1.0,1.0,1.0,1.0,1,0.20356582616044583,45
1327,3,6186,886,5300,0,0,0,1.0,1.0,1.0,1.0,1.0,1,0.15538586960620537,46
1328,5,6191,886,5305,0,0,0,1.0,1.0,1.0,1.0,1.0,1,0.17095127029704058,47
1329,6,6197,887,5310,0,0,0,1.0,1.0,1.0,1.0,1.0,1,0.17185289961212874,47
1330,4,6201,887,5314,0,0,0,1.0,1.0,1.0,1.0,1.0,1,0.18149298600982872,46
1331,4,6205,888,5317,0,0,0,1.0,1.0,1.0,1.0,1.0,1,0.19401247241830633,46
1332,7,6212,889,5323,0,0,0,1.0,1.0,1.0,1.0,1.0,1,0.2641298276215283,49
1333,7,6219,889,5330,0,0,0,1.0,1.0,1.0,1.0,1.0,1,0.24526972410824985,50
1334,6,6225,889,5336,0,0,0,1.0,1.0,1.0,1.0,1.0,1,0.24215513009614434,50
1335,7,6232,889,5343,0,0,0,1.0,1.0,1.0,1.0,1.0,1,0.2789268128730034,52
1336,8,6240,889,5351,0,0,0,1.0,1.0,1.0,1.0,1.0,1,0.22683213285807804,53
1337,8,6248,890,5358,0,0,0,1.0,1.0,1.0,1.0,1.0,1,0.25141850602283494,54
1338,8,6256,891,5365,0,0,0,1.0,1.0,1.0,1.0,1.0,1,0.24195285253486484,54
1339,8,6264,892,5372,0,0,0,1.0,1.0,1.0,1.0,1.0,1,0.2684945377030249,54
1340,6,6270,892,5378,0,0,0,1.0,1.0,1.0,1.0,1.0,1,0.22889419795545626,53
1341,7,6277,893,5384,0,0,0,1.0,1.0,1.0,1.0,1.0,1,0.2373004581357101,53
1342,8,6285,893,5392,0,0,0,1.0,1.0,1.0,1.0,1.0,1,0.1914101492626218,52
1343,7,6292,894,5398,0,0,0,1.0,1.0,1.0,1.0,1.0,1,0.191574294901166,50
1344,7,6299,895,5404,0,0,0,1.0,1.0,1.0,1.0,1.0,1,0.15577753504812422,51
1345,6,6305,895,5410,0,0,0,1.0,1.0,1.0,1.0,1.0,1,0.21714684607206103,50
1346,4,6309,896,5413,0,0,0,1.0,1.0,1.0,1.0,1.0,1,0.197505332797335,50
1347,5,6314,896,5418,0,0,0,1.0,1.0,1.0,1.0,1.0,1,0.2416479809969483,48
1348,8,6322,897,5425,0,0,0,1.0,1.0,1.0,1.0,1.0,1,0.22712341352901996,49
1349,5,6327,897,5430,0,0,0,1.0,1.0,1.0,1.0,1.0,1,0.26014634044770063,48
1350,3,6330,898,5432,0,0,0,1.0,1.0,1.0,1.0,1.0,1,0.19460503926460543,49
1351,6,6336,898,5438,0,0,0,1.0,1.0,1.0,1.0,1.0,1,0.12009852465947161,48
1352,1,6337,899,5438,0,0,0,1.0,1.0,1.0,1.0,1.0,1,0.08982131823094763,49
1353,1,6338,899,5439,0,0,0,1.0,1.0,1.0,1.0,1.0,1,0.11532325395024068,49
1354,5,6343,900,5443,0,0,0,1.0,1.0,1.0,1.0,1.0,1,0.09045317071984747,49
1355,5,6348,901,5447,0,0,0,1.0,1.0,1.0,1.0,1.0,1,0.13381035136955288,50
1356,3,6351,901,5450,0,0,0,1.0,1.0,1.0,1.0,1.0,1,0.13094283004095503,50
1357,4,6355,902,5453,0,0,0,1.0,1.0,1.0,1.0,1.0,1,0.12276759905064805,50
1358,7,6362,904,5458,0,0,0,1.0,1.0,1.0,1.0,1.0,1,0.1383698960935,51
1359,9,6371,904,5467,0,0,0,1.0,1.0,1.0,1.0,1.0,1,0.1612425578146302,53
1360,7,6378,904,5474,0,0,0,1.0,1.0,1.0,1.0,1.0,1,0.20551041520581806,54
1361,4,6382,904,5478,0,0,0,1.0,1.0,1.0,1.0,1.0,1,0.17015995131139314,54
1362,6,6388,905,5483,0,0,0,1.0,1.0,1.0,1.0,1.0,1,0.1496149779640869,55
1363,8,6396,905,5491,0,0,0,1.0,1.0,1.0,1.0,1.0,1,0.14162645786380862,55
1364,5,6401,905,5496,0,0,0,1.0,1.0,1.0,1.0,1.0,1,0.1529359678782697,55
1365,9,6410,906,5504,0,0,0,1.0,1.0,1.0,1.0,1.0,1,0.16382709639734586,56
1366,4,6414,907,5507,0,0,0,1.0,1.0,1.0,1.0,1.0,1,0.19872840280577642,56
1367,13,6427,909,5518,0,0,0,1.0,1.0,1.0,1.0,1.0,1,0.24930296191346663,56
1368,11,6438,909,5529,0,0,0,1.0,1.0,1.0,1.0,1.0,1,0.2221319278683187,58
1369,12,6450,910,5540,0,0,0,1.0,1.0,1.0,1.0,1.0,1,0.22840015076209935,59
1370,7,6457,911,5546,0,0,0,1.0,1.0,1.0,1.0,1.0,1,0.2680726485051036,59
1371,11,6468,912,5556,0,0,0,1.0,1.0,1.0,1.0,1.0,1,0.1935935835933533,59
1372,8,6476,912,5564,0,0,0,1.0,1.0,1.0,1.0,1.0,1,0.2460897966234058,59
1373,12,6488,912,5576,0,0,0,1.0,1.0,1.0,1.0,1.0,1,0.21195662392147788,59
1374,20,6508,913,5595,0,0,0,1.0,1.0,1.0,1.0,1.0,1,0.22821029492443226,60
1375,16,6524,913,5611,0,0,0,1.0,1.0,1.0,1.0,1.0,1,0.21024082049398612,61
1376,13,6537,913,5624,0,0,0,1.0,1.0,1.0,1.0,1.0,1,0.09879472995196031,61
1377,2,6539,913,5626,0,0,0,1.0,1.0,1.0,1.0,1.0,1,0.10530489615989355,61
1378,5,6544,914,5630,0,0,0,1.0,1.0,1.0,1.0,1.0,1,0.13289070871811884,61
1379,6,6550,915,5635,0,0,0,1.0,1.0,1.0,1.0,1.0,1,0.15613890866212118,60
1380,8,6558,915,5643,0,0,0,1.0,1.0,1.0,1.0,1.0,1,0.1438866375549092,60
1381,5,6563,916,5647,0,0,0,1.0,1.0,1.0,1.0,1.0,1,0.16640524201916645,58
1382,5,6568,916,5652,0,0,0,1.0,1.0,1.0,1.0,1.0,1,0.16200308356187995,58
1383,5,6573,917,5656,0,0,0,1.0,1.0,1.0,1.0,1.0,1,0.16374707456326457,57
1384,8,6581,918,5663,0,0,0,1.0,1.0,1.0,1.0,1.0,1,0.14250775108641223,54
1385,2,6583,918,5665,0,0,0,1.0,1.0,1.0,1.0,1.0,1,0.15981709558604756,52
1386,3,6586,920,5666,0,0,0,1.0,1.0,1.0,1.0,1.0,1,0.13320275427583408,51
1387,5,6591,921,5670,0,0,0,1.0,1.0,1.0,1.0,1.0,1,0.1932223175299717,51
1388,6,6597,923,5674,0,0,0,1.0,1.0,1.0,1.0,1.0,1,0.1182165507468718,52
1389,3,6600,923,5677,0,0,0,1.0,1.0,1.0,1.0,1.0,1,0.18543522808829246,50
1390,2,6602,923,5679,0,0,0,1.0,1.0,1.0,1.0,1.0,1,0.16752914827623355,51
1391,2,6604,923,5681,0,0,0,1.0,1.0,1.0,1.0,1.0,1,0.19365006966401657,50
1392,6,6610,925,5685,0,0,0,1.0,1.0,1.0,1.0,1.0,1,0.20610207276080522,50
1393,2,6612,925,5687,0,0,0,1.0,1.0,1.0,1.0,1.0,1,0.23444182039960737,49
1394,4,6616,927,5689,0,0,0,1.0,1.0,1.0,1.0,1.0,1,0.25578815463761856,50
1395,2,6618,927,5691,0,0,0,1.0,1.0,1.0,1.0,1.0,1,0.2653095281298933,51
1396,6,6624,928,5696,0,0,0,1.0,1.0,1.0,1.0,1.0,1,0.24712868752202755,52
1397,2,6626,928,5698,0,0,0,1.0,1.0,1.0,1.0,1.0,1,0.24712868752202755,52
1398,3,6629,928,5701,0,0,0,1.0,1.0,1.0,1.0,1.0,1,0.2350695568260209,53
1399,2,6631,929,5702,0,0,0,1.0,1.0,1.0,1.0,1.0,1,0.24211705993045635,54
1400,4,6635,929,5706,0,0,0,1.0,1.0,1.0,1.0,1.0,1,0.2407557131232218,54
1401,16,6651,932,5719,0,0,0,1.0,1.0,1.0,1.0,1.0,1,0.17973130408339,54
1402,6,6657,933,5724,0,0,0,1.0,1.0,1.0,1.0,1.0,1,0.16098134313614762,53
1403,3,6660,933,5727,0,0,0,1.0,1.0,1.0,1.0,1.0,1,0.18733623940187324,52
1404,4,6664,933,5731,0,0,0,1.0,1.0,1.0,1.0,1.0,1,0.1904900372742362,53
1405,2,6666,933,5733,0,0,0,1.0,1.0,1.0,1.0,1.0,1,0.19964726106526776,52
1406,3,6669,933,5736,0,0,0,1.0,1.0,1.0,1.0,1.0,1,0.2050618319263866,53
1407,5,6674,934,5740,0,0,0,1.0,1.0,1.0,1.0,1.0,1,0.217459323257507,54
1408,5,6679,934,5745,0,0,0,1.0,1.0,1.0,1.0,1.0,1,0.24087628156831634,53
1409,3,6682,934,5748,0,0,0,1.0,1.0,1.0,1.0,1.0,1,0.22547395925717542,55
1410,3,6685,934,5751,0,0,0,1.0,1.0,1.0,1.0,1.0,1,0.24757734239970025,54
1411,2,6687,934,5753,0,0,0,1.0,1.0,1.0,1.0,1.0,1,0.24481185448032652,54
1412,3,6690,934,5756,0,0,0,1.0,1.0,1.0,1.0,1.0,1,0.25976476788119124,53
1413,5,6695,934,5761,0,0,0,1.0,1.0,1.0,1.0,1.0,1,0.26482353582982765,54
1414,6,6701,934,5767,0,0,0,1.0,1.0,1.0,1.0,1.0,1,0.2708709649442203,55
1415,9,6710,936,5774,0,0,0,1.0,1.0,1.0,1.0,1.0,1,0.2380743521596453,57
1416,10,6720,936,5784,0,0,0,1.0,1.0,1.0,1.0,1.0,1,0.22903953674276817,59
1417,8,6728,938,5790,0,0,0,1.0,1.0,1.0,1.0,1.0,1,0.2483572883616152,58
1418,6,6734,939,5795,0,0,0,1.0,1.0,1.0,1.0,1.0,1,0.23491589485986947,57
1419,5,6739,940,5799,0,0,0,1.0,1.0,1.0,1.0,1.0,1,0.23763659979375146,56
1420,4,6743,940,5803,0,0,0,1.0,1.0,1.0,1.0,1.0,1,0.26664973637623307,54
1421,8,6751,942,5809,0,0,0,1.0,1.0,1.0,1.0,1.0,1,0.2614124146045613,55
1422,2,6753,942,5811,0,0,0,1.0,1.0,1.0,1.0,1.0,1,0.23755714344630852,52
1423,3,6756,942,5814,0,0,0,1.0,1.0,1.0,1.0,1.0,1,0.239149380561991,52
1424,6,6762,944,5818,0,0,0,1.0,1.0,1.0,1.0,1.0,1,0.24741938286929707,51
1425,1,6763,944,5819,0,0,0,1.0,1.0,1.0,1.0,1.0,1,0.2617133686251438,50
1426,15,6778,944,5834,0,0,0,1.0,1.0,1.0,1.0,1.0,1,0.146167587972261,50
1427,3,6781,944,5837,0,0,0,1.0,1.0,1.0,1.0,1.0,1,0.19280586226719795,48
1428,5,6786,947,5839,0,0,0,1.0,1.0,1.0,1.0,1.0,1,0.2313396297630451,48
1429,3,6789,947,5842,0,0,0,1.0,1.0,1.0,1.0,1.0,1,0.2029205664632237,48
1430,1,6790,947,5843,0,0,0,1.0,1.0,1.0,1.0,1.0,1,0.20629908976810368,48
1431,5,6795,947,5848,0,0,0,1.0,1.0,1.0,1.0,1.0,1,0.1970665878827459,48
1432,3,6798,948,5850,0,0,0,1.0,1.0,1.0,1.0,1.0,1,0.1764860886683526,50
1433,3,6801,948,5853,0,0,0,1.0,1.0,1.0,1.0,1.0,1,0.16333664709446694,51
1434,2,6803,948,5855,0,0,0,1.0,1.0,1.0,1.0,1.0,1,0.19040612104255142,51
1435,4,6807,949,5858,0,0,0,1.0,1.0,1.0,1.0,1.0,1,0.18193073318173156,50
1436,6,6813,951,5862,0,0,0,1.0,1.0,1.0,1.0,1.0,1,0.21882302011088828,51
1437,1,6814,951,5863,0,0,0,1.0,1.0,1.0,1.0,1.0,1,0.22399336360245742,51
1438,3,6817,951,5866,0,0,0,1.0,1.0,1.0,1.0,1.0,1,0.21911554792559865,51
1439,8,6825,954,5871,0,0,0,1.0,1.0,1.0,1.0,1.0,1,0.24720241142249433,50
1440,5,6830,956,5874,0,0,0,1.0,1.0,1.0,1.0,1.0,1,0.2669075266412388,51
1441,2,6832,956,5876,0,0,0,1.0,1.0,1.0,1.0,1.0,1,0.24849323269411266,51
1442,1,6833,956,5877,0,0,0,1.0,1.0,1.0,1.0,1.0,1,0.2286819696927966,52
1443,2,6835,956,5879,0,0,0,1.0,1.0,1.0,1.0,1.0,1,0.22431762161500637,53
1444,1,6836,956,5880,0,0,0,1.0,1.0,1.0,1.0,1.0,1,0.19841559455120833,54
1445,1,6837,957,5880,0,0,0,1.0,1.0,1.0,1.0,1.0,1,0.19659980478439842,54
1446,2,6839,957,5882,0,0,0,1.0,1.0,1.0,1.0,1.0,1,0.1994040208910566,54
1447,4,6843,957,5886,0,0,0,1.0,1.0,1.0,1.0,1.0,1,0.1894206975535887,55
1448,3,6846,957,5889,0,0,0,1.0,1.0,1.0,1.0,1.0,1,0.18454148133923076,55
1449,3,6849,958,5891,0,0,0,1.0,1.0,1.0,1.0,1.0,1,0.19367846343354186,55
1450,5,6854,958,5896,0,0,0,1.0,1.0,1.0,1.0,1.0,1,0.2014268468430934,57
1451,10,6864,958,5906,0,0,0,1.0,1.0,1.0,1.0,1.0,1,0.07796787829960815,57
1452,3,6867,958,5909,0,0,0,1.0,1.0,1.0,1.0,1.0,1,0.08263956491661846,57
1453,8,6875,959,5916,0,0,0,1.0,1.0,1.0,1.0,1.0,1,0.09879218805998963,57
1454,11,6886,961,5925,0,0,0,1.0,1.0,1.0,1.0,1.0,1,0.14953334082859943,58
1455,5,6891,962,5929,0,0,0,1.0,1.0,1.0,1.0,1.0,1,0.1415181175976387,56
1456,10,6901,963,5938,0,0,0,1.0,1.0,1.0,1.0,1.0,1,0.14360036858487069,55
1457,6,6907,963,5944,0,0,0,1.0,1.0,1.0,1.0,1.0,1,0.12764632101606033,54
1458,8,6915,965,5950,0,0,0,1.0,1.0,1.0,1.0,1.0,1,0.19603535914791298,53
1459,6,6921,965,5956,0,0,0,1.0,1.0,1.0,1.0,1.0,1,0.18037564613085294,52
1460,4,6925,966,5959,0,0,0,1.0,1.0,1.0,1.0,1.0,1,0.16075531400369036,51
1461,5,6930,966,5964,0,0,0,1.0,1.0,1.0,1.0,1.0,1,0.1690371017380411,51
1462,7,6937,968,5969,0,0,0,1.0,1.0,1.0,1.0,1.0,1,0.19759122210521723,51
1463,8,6945,971,5974,0,0,0,1.0,1.0,1.0,1.0,1.0,1,0.19889685384755493,52
1464,5,6950,974,5976,0,0,0,1.0,1.0,1.0,1.0,1.0,1,0.1992083703157683,52
1465,5,6955,974,5981,0,0,0,1.0,1.0,1.0,1.0,1.0,1,0.21694684654387067,51
1466,6,6961,976,5985,0,0,0,1.0,1.0,1.0,1.0,1.0,1,0.21008303280501997,50
1467,4,6965,976,5989,0,0,0,1.0,1.0,1.0,1.0,1.0,1,0.2602170515505843,48
1468,10,6975,979,5996,0,0,0,1.0,1.0,1.0,1.0,1.0,1,0.22606011446743313,48
1469,6,6981,981,6000,0,0,0,1.0,1.0,1.0,1.0,1.0,1,0.23663363336197327,48
1470,5,6986,982,6004,0,0,0,1.0,1.0,1.0,1.0,1.0,1,0.22010245913054888,48
1471,7,6993,985,6008,0,0,0,1.0,1.0,1.0,1.0,1.0,1,0.24994305464046912,45
1472,6,6999,985,6014,0,0,0,1.0,1.0,1.0,1.0,1.0,1,0.2603527624758312,45
1473,7,7006,987,6019,0,0,0,1.0,1.0,1.0,1.0,1.0,1,0.24829509383809475,46
1474,5,7011,987,6024,0,0,0,1.0,1.0,1.0,1.0,1.0,1,0.24667947620857864,46
1475,3,7014,989,6025,0,0,0,1.0,1.0,1.0,1.0,1.0,1,0.2544331568941341,46
1476,9,7023,989,6034,0,0,0,1.0,1.0,1.0,1.0,1.0,1,0.13011787156032478,47
1477,1,7024,990,6034,0,0,0,1.0,1.0,1.0,1.0,1.0,1,0.12000125093042358,47
1478,3,7027,990,6037,0,0,0,1.0,1.0,1.0,1.0,1.0,1,0.09238251133754206,47
1479,0,7027,990,6037,0,0,0,1.0,1.0,1.0,1.0,1.0,1,0.09254056912557464,48
1480,2,7029,991,6038,0,0,0,1.0,1.0,1.0,1.0,1.0,1,0.12202035115361662,47
1481,1,7030,992,6038,0,0,0,1.0,1.0,1.0,1.0,1.0,1,0.10485855942831109,47
1482,0,7030,992,6038,0,0,0,1.0,1.0,1.0,1.0,1.0,1,0.12246602184613972,46
1483,2,7032,993,6039,0,0,0,1.0,1.0,1.0,1.0,1.0,1,0.10305259854796989,47
1484,3,7035,993,6042,0,0,0,1.0,1.0,1.0,1.0,1.0,1,0.10728100509088126,47
1485,3,7038,993,6045,0,0,0,1.0,1.0,1.0,1.0,1.0,1,0.13081080753962745,47
1486,7,7045,993,6052,0,0,0,1.0,1.0,1.0,1.0,1.0,1,0.1418482615193188,49
1487,4,7049,994,6055,0,0,0,1.0,1.0,1.0,1.0,1.0,1,0.14831643339603637,49
1488,7,7056,995,6061,0,0,0,1.0,1.0,1.0,1.0,1.0,1,0.1143193970437326,51
1489,3,7059,996,6063,0,0,0,1.0,1.0,1.0,1.0,1.0,1,0.13406109020562784,52
1490,4,7063,997,6066,0,0,0,1.0,1.0,1.0,1.0,1.0,1,0.1413786724506196,52
1491,11,7074,1002,6072,0,0,0,1.0,1.0,1.0,1.0,1.0,1,0.21341923512186042,53
1492,13,7087,1006,6081,0,0,0,1.0,1.0,1.0,1.0,1.0,1,0.26938115313851924,53
1493,13,7100,1010,6090,0,0,0,1.0,1.0,1.0,1.0,1.0,1,0.298404515162809,52
1494,8,7108,1012,6096,0,0,0,1.0,1.0,1.0,1.0,1.0,1,0.27814575996456475,50
1495,6,7114,1012,6102,0,0,0,1.0,1.0,1.0,1.0,1.0,1,0.2634417283489545,50
1496,7,7121,1012,6109,0,0,0,1.0,1.0,1.0,1.0,1.0,1,0.21635126865748847,52
1497,7,7128,1012,6116,0,0,0,1.0,1.0,1.0,1.0,1.0,1,0.21727460918592229,51
1498,10,7138,1013,6125,0,0,0,1.0,1.0,1.0,1.0,1.0,1,0.21131045413879365,50
1499,8,7146,1013,6133,0,0,0,1.0,1.0,1.0,1.0,1.0,1,0.20417774253073567,50
1500,8,7154,1016,6138,0,0,0,1.0,1.0,1.0,1.0,1.0,1,0.26436305884332867,49
1501,14,7168,1016,6152,0,0,0,1.0,1.0,1.0,1.0,1.0,1,0.14901983774777125,47
1502,6,7174,1018,6156,0,0,0,1.0,1.0,1.0,1.0,1.0,1,0.1686253503939273,47
1503,5,7179,1018,6161,0,0,0,1.0,1.0,1.0,1.0,1.0,1,0.16827929621898582,47
1504,6,7185,1020,6165,0,0,0,1.0,1.0,1.0,1.0,1.0,1,0.17963670039488314,48
1505,4,7189,1020,6169,0,0,0,1.0,1.0,1.0,1.0,1.0,1,0.18072228607426974,47
1506,6,7195,1021,6174,0,0,0,1.0,1.0,1.0,1.0,1.0,1,0.12644649055217194,47
1507,4,7199,1023,6176,0,0,0,1.0,1.0,1.0,1.0,1.0,1,0.14018861130993118,45
1508,8,7207,1026,6181,0,0,0,1.0,1.0,1.0,1.0,1.0,1,0.13334002485394775,45
1509,3,7210,1027,6183,0,0,0,1.0,1.0,1.0,1.0,1.0,1,0.17220389406641096,44
1510,7,7217,1030,6187,0,0,0,1.0,1.0,1.0,1.0,1.0,1,0.20903519995324799,42
1511,0,7217,1030,6187,0,0,0,1.0,1.0,1.0,1.0,1.0,1,0.19610641253341315,40
1512,3,7220,1032,6188,0,0,0,1.0,1.0,1.0,1.0,1.0,1,0.2730231028541165,39
1513,2,7222,1033,6189,0,0,0,1.0,1.0,1.0,1.0,1.0,1,0.2924447220998112,39
1514,6,7228,1033,6195,0,0,0,1.0,1.0,1.0,1.0,1.0,1,0.2917641621778175,38
1515,2,7230,1033,6197,0,0,0,1.0,1.0,1.0,1.0,1.0,1,0.32471104563754644,39
1516,4,7234,1033,6201,0,0,0,1.0,1.0,1.0,1.0,1.0,1,0.28679407389343803,39
1517,4,7238,1033,6205,0,0,0,1.0,1.0,1.0,1.0,1.0,1,0.32956584455448956,39
1518,5,7243,1034,6209,0,0,0,1.0,1.0,1.0,1.0,1.0,1,0.34555596384268666,39
1519,2,7245,1034,6211,0,0,0,1.0,1.0,1.0,1.0,1.0,1,0.32177865888927454,39
1520,6,7251,1036,6215,0,0,0,1.0,1.0,1.0,1.0,1.0,1,0.3775914230211089,39
1521,5,7256,1037,6219,0,0,0,1.0,1.0,1.0,1.0,1.0,1,0.3501584370697849,40
1522,6,7262,1038,6224,0,0,0,1.0,1.0,1.0,1.0,1.0,1,0.26045785161547275,40
1523,6,7268,1038,6230,0,0,0,1.0,1.0,1.0,1.0,1.0,1,0.32882719298453383,41
1524,7,7275,1039,6236,0,0,0,1.0,1.0,1.0,1.0,1.0,1,0.2878574452113716,42
1525,6,7281,1040,6241,0,0,0,1.0,1.0,1.0,1.0,1.0,1,0.24987529183129123,45
1526,8,7289,1040,6249,0,0,0,1.0,1.0,1.0,1.0,1.0,1,0.07052514797422263,46
1527,1,7290,1040,6250,0,0,0,1.0,1.0,1.0,1.0,1.0,1,0.08744221509776832,46
1528,5,7295,1040,6255,0,0,0,1.0,1.0,1.0,1.0,1.0,1,0.10020193036778542,47
1529,3,7298,1040,6258,0,0,0,1.0,1.0,1.0,1.0,1.0,1,0.07354481728619411,47
1530,4,7302,1041,6261,0,0,0,1.0,1.0,1.0,1.0,1.0,1,0.10166138791136681,48
1531,2,7304,1041,6263,0,0,0,1.0,1.0,1.0,1.0,1.0,1,0.07873198829797787,46
1532,3,7307,1041,6266,0,0,0,1.0,1.0,1.0,1.0,1.0,1,0.11245048841786372,47
1533,3,7310,1041,6269,0,0,0,1.0,1.0,1.0,1.0,1.0,1,0.08631084377844349,46
1534,4,7314,1041,6273,0,0,0,1.0,1.0,1.0,1.0,1.0,1,0.07751579957503779,47
1535,2,7316,1042,6274,0,0,0,1.0,1.0,1.0,1.0,1.0,1,0.08534644601891633,47
1536,2,7318,1042,6276,0,0,0,1.0,1.0,1.0,1.0,1.0,1,0.06911094105428103,48
1537,2,7320,1042,6278,0,0,0,1.0,1.0,1.0,1.0,1.0,1,0.07378630239092657,46
1538,6,7326,1043,6283,0,0,0,1.0,1.0,1.0,1.0,1.0,1,0.07134198037369216,47
1539,4,7330,1043,6287,0,0,0,1.0,1.0,1.0,1.0,1.0,1,0.09675853227475124,47
1540,5,7335,1044,6291,0,0,0,1.0,1.0,1.0,1.0,1.0,1,0.10253466226462918,47
1541,4,7339,1044,6295,0,0,0,1.0,1.0,1.0,1.0,1.0,1,0.10796198519722952,47
1542,7,7346,1046,6300,0,0,0,1.0,1.0,1.0,1.0,1.0,1,0.1414054345332337,50
1543,8,7354,1048,6306,0,0,0,1.0,1.0,1.0,1.0,1.0,1,0.1310526331258353,47
1544,6,7360,1051,6309,0,0,0,1.0,1.0,1.0,1.0,1.0,1,0.13699564633978617,48
1545,3,7363,1052,6311,0,0,0,1.0,1.0,1.0,1.0,1.0,1,0.12372354479308262,47
1546,1,7364,1053,6311,0,0,0,1.0,1.0,1.0,1.0,1.0,1,0.1299397722998013,47
1547,6,7370,1057,6313,0,0,0,1.0,1.0,1.0,1.0,1.0,1,0.15897913895563673,47
1548,2,7372,1058,6314,0,0,0,1.0,1.0,1.0,1.0,1.0,1,0.1725190328517218,47
1549,7,7379,1062,6317,0,0,0,1.0,1.0,1.0,1.0,1.0,1,0.15090133556056584,46
1550,7,7386,1063,6323,0,0,0,1.0,1.0,1.0,1.0,1.0,1,0.15584833258413344,44
1551,15,7401,1065,6336,0,0,0,1.0,1.0,1.0,1.0,1.0,1,0.04045428284358041,45
1552,8,7409,1066,6343,0,0,0,1.0,1.0,1.0,1.0,1.0,1,0.1510253046425325,43
1553,8,7417,1068,6349,0,0,0,1.0,1.0,1.0,1.0,1.0,1,0.2228523911201523,43
1554,4,7421,1068,6353,0,0,0,1.0,1.0,1.0,1.0,1.0,1,0.20358738373291815,41
1555,8,7429,1069,6360,0,0,0,1.0,1.0,1.0,1.0,1.0,1,0.22917063691598277,44
1556,7,7436,1070,6366,0,0,0,1.0,1.0,1.0,1.0,1.0,1,0.22852185173365916,45
1557,8,7444,1070,6374,0,0,0,1.0,1.0,1.0,1.0,1.0,1,0.2019287499515323,45
1558,10,7454,1070,6384,0,0,0,1.0,1.0,1.0,1.0,1.0,1,0.21125694336116072,46
1559,12,7466,1071,6395,0,0,0,1.0,1.0,1.0,1.0,1.0,1,0.2523434175519682,47
1560,12,7478,1072,6406,0,0,0,1.0,1.0,1.0,1.0,1.0,1,0.2555262436727845,46
1561,14,7492,1073,6419,0,0,0,1.0,1.0,1.0,1.0,1.0,1,0.24737889235561616,47
1562,14,7506,1073,6433,0,0,0,1.0,1.0,1.0,1.0,1.0,1,0.2304980622702055,47
1563,11,7517,1074,6443,0,0,0,1.0,1.0,1.0,1.0,1.0,1,0.22067701835209175,47
1564,7,7524,1074,6450,0,0,0,1.0,1.0,1.0,1.0,1.0,1,0.22896661237420957,47
1565,7,7531,1074,6457,0,0,0,1.0,1.0,1.0,1.0,1.0,1,0.2649906204458971,48
1566,7,7538,1074,6464,0,0,0,1.0,1.0,1.0,1.0,1.0,1,0.224167022380815,48
1567,7,7545,1074,6471,0,0,0,1.0,1.0,1.0,1.0,1.0,1,0.2742335413558533,48
1568,12,7557,1074,6483,0,0,0,1.0,1.0,1.0,1.0,1.0,1,0.2530105267364429,48
1569,10,7567,1075,6492,0,0,0,1.0,1.0,1.0,1.0,1.0,1,0.22060653519664203,45
1570,6,7573,1075,6498,0,0,0,1.0,1.0,1.0,1.0,1.0,1,0.2353136145372371,44
1571,8,7581,1076,6505,0,0,0,1.0,1.0,1.0,1.0,1.0,1,0.2252637088846262,42
1572,8,7589,1077,6512,0,0,0,1.0,1.0,1.0,1.0,1.0,1,0.24951399236512942,43
1573,7,7596,1077,6519,0,0,0,1.0,1.0,1.0,1.0,1.0,1,0.2594866218759749,43
1574,6,7602,1078,6524,0,0,0,1.0,1.0,1.0,1.0,1.0,1,0.2786226655673028,42
1575,4,7606,1078,6528,0,0,0,1.0,1.0,1.0,1.0,1.0,1,0.2429379166830933,43
1576,9,7615,1079,6536,0,0,0,1.0,1.0,1.0,1.0,1.0,1,0.14403406701438054,41
1577,3,7618,1081,6537,0,0,0,1.0,1.0,1.0,1.0,1.0,1,0.21087188084182873,40
1578,0,7618,1081,6537,0,0,0,1.0,1.0,1.0,1.0,1.0,1,0.20305461375962677,40
1579,0,7618,1081,6537,0,0,0,1.0,1.0,1.0,1.0,1.0,1,0.2033525097082078,40
1580,0,7618,1081,6537,0,0,0,1.0,1.0,1.0,1.0,1.0,1,0.2033525097082078,40
1581,1,7619,1081,6538,0,0,0,1.0,1.0,1.0,1.0,1.0,1,0.20997793731548506,40
1582,8,7627,1085,6542,0,0,0,1.0,1.0,1.0,1.0,1.0,1,0.21975000868305322,40
1583,2,7629,1085,6544,0,0,0,1.0,1.0,1.0,1.0,1.0,1,0.20425633180117622,38
1584,2,7631,1087,6544,0,0,0,1.0,1.0,1.0,1.0,1.0,1,0.18012452816843777,39
1585,5,7636,1088,6548,0,0,0,1.0,1.0,1.0,1.0,1.0,1,0.11704477137312154,38
1586,3,7639,1089,6550,0,0,0,1.0,1.0,1.0,1.0,1.0,1,0.12699856501970258,38
1587,3,7642,1092,6550,0,0,0,1.0,1.0,1.0,1.0,1.0,1,0.17475623726814699,37
1588,4,7646,1095,6551,0,0,0,1.0,1.0,1.0,1.0,1.0,1,0.14187890780476847,39
1589,1,7647,1096,6551,0,0,0,1.0,1.0,1.0,1.0,1.0,1,0.13174786953970508,37
1590,3,7650,1097,6553,0,0,0,1.0,1.0,1.0,1.0,1.0,1,0.11363919586874555,37
1591,4,7654,1100,6554,0,0,0,1.0,1.0,1.0,1.0,1.0,1,0.15052314850631296,36
1592,0,7654,1100,6554,0,0,0,1.0,1.0,1.0,1.0,1.0,1,0.21648566188721055,34
1593,3,7657,1102,6555,0,0,0,1.0,1.0,1.0,1.0,1.0,1,0.23661215381003864,33
1594,0,7657,1102,6555,0,0,0,1.0,1.0,1.0,1.0,1.0,1,0.29083167454434417,31
1595,1,7658,1103,6555,0,0,0,1.0,1.0,1.0,1.0,1.0,1,0.28834493390398935,34
1596,0,7658,1103,6555,0,0,0,1.0,1.0,1.0,1.0,1.0,1,0.3038833938158754,33
1597,0,7658,1103,6555,0,0,0,1.0,1.0,1.0,1.0,1.0,1,0.3038833938158754,33
1598,1,7659,1103,6556,0,0,0,1.0,1.0,1.0,1.0,1.0,1,0.23750000108092192,33
1599,1,7660,1104,6556,0,0,0,1.0,1.0,1.0,1.0,1.0,1,0.267648028998155,33
1600,2,7662,1106,6556,0,0,0,1.0,1.0,1.0,1.0,1.0,1,0.30123333314463613,34
1601,9,7671,1106,6565,0,0,0,1.0,1.0,1.0,1.0,1.0,1,0.18826318709972586,35
1602,3,7674,1106,6568,0,0,0,1.0,1.0,1.0,1.0,1.0,1,0.16959869785641124,36
1603,3,7677,1106,6571,0,0,0,1.0,1.0,1.0,1.0,1.0,1,0.1669948638143971,38
1604,2,7679,1106,6573,0,0,0,1.0,1.0,1.0,1.0,1.0,1,0.1669948638143971,38
1605,2,7681,1107,6574,0,0,0,1.0,1.0,1.0,1.0,1.0,1,0.10340609941828013,38
1606,4,7685,1109,6576,0,0,0,1.0,1.0,1.0,1.0,1.0,1,0.17890690995576752,39
1607,4,7689,1110,6579,0,0,0,1.0,1.0,1.0,1.0,1.0,1,0.20336701444374275,37
1608,4,7693,1112,6581,0,0,0,1.0,1.0,1.0,1.0,1.0,1,0.269971442589467,36
1609,2,7695,1112,6583,0,0,0,1.0,1.0,1.0,1.0,1.0,1,0.17316229544609735,34
1610,5,7700,1113,6587,0,0,0,1.0,1.0,1.0,1.0,1.0,1,0.21596079686416453,34
1611,9,7709,1113,6596,0,0,0,1.0,1.0,1.0,1.0,1.0,1,0.19707409317540087,35
1612,7,7716,1113,6603,0,0,0,1.0,1.0,1.0,1.0,1.0,1,0.26430899664949786,33
1613,7,7723,1113,6610,0,0,0,1.0,1.0,1.0,1.0,1.0,1,0.2736044030748738,34
1614,3,7726,1113,6613,0,0,0,1.0,1.0,1.0,1.0,1.0,1,0.22861230023164267,35
1615,7,7733,1114,6619,0,0,0,1.0,1.0,1.0,1.0,1.0,1,0.2448035326485494,35
1616,5,7738,1114,6624,0,0,0,1.0,1.0,1.0,1.0,1.0,1,0.1950707550083784,37
1617,6,7744,1116,6628,0,0,0,1.0,1.0,1.0,1.0,1.0,1,0.2395962433721417,38
1618,4,7748,1116,6632,0,0,0,1.0,1.0,1.0,1.0,1.0,1,0.24237130799082118,38
1619,5,7753,1117,6636,0,0,0,1.0,1.0,1.0,1.0,1.0,1,0.2702271306108869,38
1620,4,7757,1118,6639,0,0,0,1.0,1.0,1.0,1.0,1.0,1,0.27211824481115526,39
1621,1,7758,1118,6640,0,0,0,1.0,1.0,1.0,1.0,1.0,1,0.24898623873083536,37
1622,1,7759,1118,6641,0,0,0,1.0,1.0,1.0,1.0,1.0,1,0.282770918144047,37
1623,1,7760,1119,6641,0,0,0,1.0,1.0,1.0,1.0,1.0,1,0.2754851459589268,37
1624,3,7763,1120,6643,0,0,0,1.0,1.0,1.0,1.0,1.0,1,0.27060231068360246,37
1625,4,7767,1121,6646,0,0,0,1.0,1.0,1.0,1.0,1.0,1,0.28904187738017534,35
1626,7,7774,1123,6651,0,0,0,1.0,1.0,1.0,1.0,1.0,1,0.1534515720571587,35
1627,0,7774,1123,6651,0,0,0,1.0,1.0,1.0,1.0,1.0,1,0.1631939339417988,34
1628,3,7777,1125,6652,0,0,0,1.0,1.0,1.0,1.0,1.0,1,0.17620210183714216,35
1629,6,7783,1127,6656,0,0,0,1.0,1.0,1.0,1.0,1.0,1,0.1359438087495285,34
1630,0,7783,1127,6656,0,0,0,1.0,1.0,1.0,1.0,1.0,1,0.16562847336622913,32
1631,1,7784,1127,6657,0,0,0,1.0,1.0,1.0,1.0,1.0,1,0.15841048986810283,33
1632,3,7787,1129,6658,0,0,0,1.0,1.0,1.0,1.0,1.0,1,0.1555065311523249,32
1633,0,7787,1129,6658,0,0,0,1.0,1.0,1.0,1.0,1.0,1,0.17013605928979986,31
1634,0,7787,1129,6658,0,0,0,1.0,1.0,1.0,1.0,1.0,1,0.17013605928979986,31
1635,1,7788,1129,6659,0,0,0,1.0,1.0,1.0,1.0,1.0,1,0.2213294844658128,31
1636,1,7789,1130,6659,0,0,0,1.0,1.0,1.0,1.0,1.0,1,0.15643011533132212,33
1637,0,7789,1130,6659,0,0,0,1.0,1.0,1.0,1.0,1.0,1,0.15643011533132212,33
1638,1,7790,1130,6660,0,0,0,1.0,1.0,1.0,1.0,1.0,1,0.1200637004008261,36
1639,0,7790,1130,6660,0,0,0,1.0,1.0,1.0,1.0,1.0,1,0.1200637004008261,36
1640,0,7790,1130,6660,0,0,0,1.0,1.0,1.0,1.0,1.0,1,0.1200637004008261,36
1641,7,7797,1130,6667,0,0,0,1.0,1.0,1.0,1.0,1.0,1,0.19248172660845278,38
1642,4,7801,1132,6669,0,0,0,1.0,1.0,1.0,1.0,1.0,1,0.2499793482957564,37
1643,3,7804,1134,6670,0,0,0,1.0,1.0,1.0,1.0,1.0,1,0.24424859532452392,37
1644,3,7807,1136,6671,0,0,0,1.0,1.0,1.0,1.0,1.0,1,0.2878091759601296,38
1645,3,7810,1136,6674,0,0,0,1.0,1.0,1.0,1.0,1.0,1,0.22657081684458458,36
1646,1,7811,1137,6674,0,0,0,1.0,1.0,1.0,1.0,1.0,1,0.25308420989661556,37
1647,2,7813,1138,6675,0,0,0,1.0,1.0,1.0,1.0,1.0,1,0.19409638007026522,35
1648,1,7814,1138,6676,0,0,0,1.0,1.0,1.0,1.0,1.0,1,0.22799271315864336,38
1649,1,7815,1139,6676,0,0,0,1.0,1.0,1.0,1.0,1.0,1,0.19899404533923956,35
1650,0,7815,1139,6676,0,0,0,1.0,1.0,1.0,1.0,1.0,1,0.21916410927412147,34
1651,3,7818,1139,6679,0,0,0,1.0,1.0,1.0,1.0,1.0,1,0.16641320193338016,32
1652,1,7819,1139,6680,0,0,0,1.0,1.0,1.0,1.0,1.0,1,0.18176117953954946,33
1653,1,7820,1139,6681,0,0,0,1.0,1.0,1.0,1.0,1.0,1,0.17099417189542254,33
1654,1,7821,1139,6682,0,0,0,1.0,1.0,1.0,1.0,1.0,1,0.17142395919250467,34
1655,8,7829,1141,6688,0,0,0,1.0,1.0,1.0,1.0,1.0,1,0.16888561832045576,35
1656,4,7833,1141,6692,0,0,0,1.0,1.0,1.0,1.0,1.0,1,0.21820689277548747,35
1657,4,7837,1142,6695,0,0,0,1.0,1.0,1.0,1.0,1.0,1,0.22007540923530933,36
1658,7,7844,1143,6701,0,0,0,1.0,1.0,1.0,1.0,1.0,1,0.19655533480809112,36
1659,7,7851,1143,6708,0,0,0,1.0,1.0,1.0,1.0,1.0,1,0.19937163992797916,36
1660,6,7857,1144,6713,0,0,0,1.0,1.0,1.0,1.0,1.0,1,0.23120344766323675,38
1661,2,7859,1144,6715,0,0,0,1.0,1.0,1.0,1.0,1.0,1,0.1816141016812847,38
1662,7,7866,1145,6721,0,0,0,1.0,1.0,1.0,1.0,1.0,1,0.18146772120187976,39
1663,9,7875,1146,6729,0,0,0,1.0,1.0,1.0,1.0,1.0,1,0.25747073245765234,40
1664,11,7886,1147,6739,0,0,0,1.0,1.0,1.0,1.0,1.0,1,0.2509862461775522,39
1665,11,7897,1148,6749,0,0,0,1.0,1.0,1.0,1.0,1.0,1,0.2416449766866018,40
1666,6,7903,1148,6755,0,0,0,1.0,1.0,1.0,1.0,1.0,1,0.2416789705813365,40
1667,8,7911,1149,6762,0,0,0,1.0,1.0,1.0,1.0,1.0,1,0.2564612809862513,40
1668,7,7918,1151,6767,0,0,0,1.0,1.0,1.0,1.0,1.0,1,0.22843365798586213,41
1669,6,7924,1151,6773,0,0,0,1.0,1.0,1.0,1.0,1.0,1,0.18633887306465358,40
1670,7,7931,1154,6777,0,0,0,1.0,1.0,1.0,1.0,1.0,1,0.21440399334830532,40
1671,4,7935,1154,6781,0,0,0,1.0,1.0,1.0,1.0,1.0,1,0.21336867618401348,41
1672,12,7947,1154,6793,0,0,0,1.0,1.0,1.0,1.0,1.0,1,0.26659757384129645,40
1673,5,7952,1154,6798,0,0,0,1.0,1.0,1.0,1.0,1.0,1,0.29163571876619004,39
1674,14,7966,1155,6811,0,0,0,1.0,1.0,1.0,1.0,1.0,1,0.2888491876486659,40
1675,9,7975,1155,6820,0,0,0,1.0,1.0,1.0,1.0,1.0,1,0.25145597772917494,38
1676,9,7984,1156,6828,0,0,0,1.0,1.0,1.0,1.0,1.0,1,0.16377490980526324,39
1677,1,7985,1156,6829,0,0,0,1.0,1.0,1.0,1.0,1.0,1,0.14881176582297817,39
1678,1,7986,1156,6830,0,0,0,1.0,1.0,1.0,1.0,1.0,1,0.15279784743058375,39
1679,0,7986,1156,6830,0,0,0,1.0,1.0,1.0,1.0,1.0,1,0.15279784743058375,39
1680,5,7991,1156,6835,0,0,0,1.0,1.0,1.0,1.0,1.0,1,0.167644441946813,41
1681,4,7995,1156,6839,0,0,0,1.0,1.0,1.0,1.0,1.0,1,0.167644441946813,41
1682,5,8000,1156,6844,0,0,0,1.0,1.0,1.0,1.0,1.0,1,0.10385696324431486,43
1683,7,8007,1156,6851,0,0,0,1.0,1.0,1.0,1.0,1.0,1,0.08071291186989041,43
1684,4,8011,1158,6853,0,0,0,1.0,1.0,1.0,1.0,1.0,1,0.05166860092991023,42
1685,3,8014,1159,6855,0,0,0,1.0,1.0,1.0,1.0,1.0,1,0.14179140454512493,41
1686,9,8023,1162,6861,0,0,0,1.0,1.0,1.0,1.0,1.0,1,0.180128816863099,41
1687,6,8029,1164,6865,0,0,0,1.0,1.0,1.0,1.0,1.0,1,0.22411748922272792,40
1688,5,8034,1166,6868,0,0,0,1.0,1.0,1.0,1.0,1.0,1,0.17721906297973375,39
1689,1,8035,1166,6869,0,0,0,1.0,1.0,1.0,1.0,1.0,1,0.18625396976039396,38
1690,2,8037,1166,6871,0,0,0,1.0,1.0,1.0,1.0,1.0,1,0.18405543649974687,38
1691,2,8039,1167,6872,0,0,0,1.0,1.0,1.0,1.0,1.0,1,0.21430788818629165,36
1692,2,8041,1168,6873,0,0,0,1.0,1.0,1.0,1.0,1.0,1,0.25163264952124936,36
1693,2,8043,1169,6874,0,0,0,1.0,1.0,1.0,1.0,1.0,1,0.2829501621434347,35
1694,4,8047,1169,6878,0,0,0,1.0,1.0,1.0,1.0,1.0,1,0.30085355974392386,33
1695,2,8049,1169,6880,0,0,0,1.0,1.0,1.0,1.0,1.0,1,0.2884326218630625,34
1696,5,8054,1169,6885,0,0,0,1.0,1.0,1.0,1.0,1.0,1,0.30587757729888865,35
1697,3,8057,1169,6888,0,0,0,1.0,1.0,1.0,1.0,1.0,1,0.29875146678251696,36
1698,7,8064,1170,6894,0,0,0,1.0,1.0,1.0,1.0,1.0,1,0.3055919528101101,38
1699,7,8071,1171,6900,0,0,0,1.0,1.0,1.0,1.0,1.0,1,0.3066703467062276,38
1700,6,8077,1172,6905,0,0,0,1.0,1.0,1.0,1.0,1.0,1,0.28613304626448294,39
1701,9,8086,1172,6914,0,0,0,1.0,1.0,1.0,1.0,1.0,1,0.19958465062391872,40
1702,2,8088,1173,6915,0,0,0,1.0,1.0,1.0,1.0,1.0,1,0.22570959024064677,41
1703,3,8091,1173,6918,0,0,0,1.0,1.0,1.0,1.0,1.0,1,0.2316881644370805,41
1704,3,8094,1174,6920,0,0,0,1.0,1.0,1.0,1.0,1.0,1,0.22035956788965708,41
1705,5,8099,1175,6924,0,0,0,1.0,1.0,1.0,1.0,1.0,1,0.1387569966240897,40
1706,11,8110,1177,6933,0,0,0,1.0,1.0,1.0,1.0,1.0,1,0.15766089750459533,40
1707,4,8114,1178,6936,0,0,0,1.0,1.0,1.0,1.0,1.0,1,0.21704262386367226,39
1708,5,8119,1179,6940,0,0,0,1.0,1.0,1.0,1.0,1.0,1,0.1642810038401868,39
1709,5,8124,1179,6945,0,0,0,1.0,1.0,1.0,1.0,1.0,1,0.19300121866234193,38
1710,5,8129,1180,6949,0,0,0,1.0,1.0,1.0,1.0,1.0,1,0.16832352970154793,39
1711,4,8133,1180,6953,0,0,0,1.0,1.0,1.0,1.0,1.0,1,0.18680812854194126,38
1712,5,8138,1181,6957,0,0,0,1.0,1.0,1.0,1.0,1.0,1,0.19366938087129146,38
1713,6,8144,1181,6963,0,0,0,1.0,1.0,1.0,1.0,1.0,1,0.2247631487054659,37
1714,6,8150,1181,6969,0,0,0,1.0,1.0,1.0,1.0,1.0,1,0.22645854440180074,38
1715,5,8155,1182,6973,0,0,0,1.0,1.0,1.0,1.0,1.0,1,0.20565369774056066,40
1716,7,8162,1183,6979,0,0,0,1.0,1.0,1.0,1.0,1.0,1,0.23932763884016928,39
1717,5,8167,1184,6983,0,0,0,1.0,1.0,1.0,1.0,1.0,1,0.2740488629287087,38
1718,4,8171,1184,6987,0,0,0,1.0,1.0,1.0,1.0,1.0,1,0.2737514256850662,38
1719,6,8177,1185,6992,0,0,0,1.0,1.0,1.0,1.0,1.0,1,0.294359949978852,38
1720,7,8184,1186,6998,0,0,0,1.0,1.0,1.0,1.0,1.0,1,0.2963268634047817,41
1721,8,8192,1186,7006,0,0,0,1.0,1.0,1.0,1.0,1.0,1,0.2860258510232855,39
1722,9,8201,1187,7014,0,0,0,1.0,1.0,1.0,1.0,1.0,1,0.284059791530991,40
1723,8,8209,1189,7020,0,0,0,1.0,1.0,1.0,1.0,1.0,1,0.2857215318828135,38
1724,4,8213,1189,7024,0,0,0,1.0,1.0,1.0,1.0,1.0,1,0.23330737200042723,37
1725,5,8218,1189,7029,0,0,0,1.0,1.0,1.0,1.0,1.0,1,0.24513378614858425,38
1726,6,8224,1189,7035,0,0,0,1.0,1.0,1.0,1.0,1.0,1,0.12852572246011174,37
1727,1,8225,1189,7036,0,0,0,1.0,1.0,1.0,1.0,1.0,1,0.07745170524738293,37
1728,1,8226,1189,7037,0,0,0,1.0,1.0,1.0,1.0,1.0,1,0.10895716785078986,35
1729,0,8226,1189,7037,0,0,0,1.0,1.0,1.0,1.0,1.0,1,0.10527922144949385,37
1730,2,8228,1190,7038,0,0,0,1.0,1.0,1.0,1.0,1.0,1,0.1522470378909185,37
1731,2,8230,1190,7040,0,0,0,1.0,1.0,1.0,1.0,1.0,1,0.14615781687530918,37
1732,4,8234,1191,7043,0,0,0,1.0,1.0,1.0,1.0,1.0,1,0.2151507752225521,37
1733,7,8241,1193,7048,0,0,0,1.0,1.0,1.0,1.0,1.0,1,0.19782537095517488,36
1734,1,8242,1193,7049,0,0,0,1.0,1.0,1.0,1.0,1.0,1,0.19687115769359773,35
1735,4,8246,1194,7052,0,0,0,1.0,1.0,1.0,1.0,1.0,1,0.1870344121000379,34
1736,0,8246,1194,7052,0,0,0,1.0,1.0,1.0,1.0,1.0,1,0.19710368446521132,35
1737,3,8249,1196,7053,0,0,0,1.0,1.0,1.0,1.0,1.0,1,0.23455337859191516,36
1738,5,8254,1196,7058,0,0,0,1.0,1.0,1.0,1.0,1.0,1,0.24775997337000877,37
1739,4,8258,1197,7061,0,0,0,1.0,1.0,1.0,1.0,1.0,1,0.21288940364811,38
1740,2,8260,1197,7063,0,0,0,1.0,1.0,1.0,1.0,1.0,1,0.16662646249844432,37
1741,3,8263,1197,7066,0,0,0,1.0,1.0,1.0,1.0,1.0,1,0.17156160609281018,38
1742,5,8268,1200,7068,0,0,0,1.0,1.0,1.0,1.0,1.0,1,0.18385127389388772,39
1743,2,8270,1201,7069,0,0,0,1.0,1.0,1.0,1.0,1.0,1,0.20667417740505722,37
1744,7,8277,1203,7074,0,0,0,1.0,1.0,1.0,1.0,1.0,1,0.17466043632774156,38
1745,2,8279,1204,7075,0,0,0,1.0,1.0,1.0,1.0,1.0,1,0.25867468661218684,37
1746,6,8285,1206,7079,0,0,0,1.0,1.0,1.0,1.0,1.0,1,0.22757102193674303,38
1747,5,8290,1207,7083,0,0,0,1.0,1.0,1.0,1.0,1.0,1,0.2507765346743192,38
1748,2,8292,1207,7085,0,0,0,1.0,1.0,1.0,1.0,1.0,1,0.2507765346743192,38
1749,2,8294,1207,7087,0,0,0,1.0,1.0,1.0,1.0,1.0,1,0.2926515804023202,37
1750,10,8304,1207,7097,0,0,0,1.0,1.0,1.0,1.0,1.0,1,0.2568700407194647,39
1751,8,8312,1207,7105,0,0,0,1.0,1.0,1.0,1.0,1.0,1,0.11617218477178565,38
1752,0,8312,1207,7105,0,0,0,1.0,1.0,1.0,1.0,1.0,1,0.11822563464756822,39
1753,0,8312,1207,7105,0,0,0,1.0,1.0,1.0,1.0,1.0,1,0.1008669957007366,40
1754,0,8312,1207,7105,0,0,0,1.0,1.0,1.0,1.0,1.0,1,0.12005458333435937,41
1755,1,8313,1207,7106,0,0,0,1.0,1.0,1.0,1.0,1.0,1,0.1200775894285576,41
1756,2,8315,1208,7107,0,0,0,1.0,1.0,1.0,1.0,1.0,1,0.11392881152952536,42
1757,2,8317,1209,7108,0,0,0,1.0,1.0,1.0,1.0,1.0,1,0.12249269558344453,42
1758,4,8321,1211,7110,0,0,0,1.0,1.0,1.0,1.0,1.0,1,0.1596194108914605,42
1759,3,8324,1211,7113,0,0,0,1.0,1.0,1.0,1.0,1.0,1,0.18734866842886744,39
1760,4,8328,1212,7116,0,0,0,1.0,1.0,1.0,1.0,1.0,1,0.21117271953670647,39
1761,4,8332,1213,7119,0,0,0,1.0,1.0,1.0,1.0,1.0,1,0.17557719535660143,38
1762,4,8336,1215,7121,0,0,0,1.0,1.0,1.0,1.0,1.0,1,0.12277281555178836,37
1763,3,8339,1217,7122,0,0,0,1.0,1.0,1.0,1.0,1.0,1,0.11374303316816098,37
1764,4,8343,1218,7125,0,0,0,1.0,1.0,1.0,1.0,1.0,1,0.16460691057471585,36
1765,5,8348,1221,7127,0,0,0,1.0,1.0,1.0,1.0,1.0,1,0.16373680512456368,37
1766,2,8350,1221,7129,0,0,0,1.0,1.0,1.0,1.0,1.0,1,0.13272152973828302,36
1767,4,8354,1222,7132,0,0,0,1.0,1.0,1.0,1.0,1.0,1,0.16887508258293238,36
1768,2,8356,1222,7134,0,0,0,1.0,1.0,1.0,1.0,1.0,1,0.1765045478068599,36
1769,7,8363,1223,7140,0,0,0,1.0,1.0,1.0,1.0,1.0,1,0.15268969879248342,38
1770,8,8371,1224,7147,0,0,0,1.0,1.0,1.0,1.0,1.0,1,0.1901603843994393,38
1771,7,8378,1224,7154,0,0,0,1.0,1.0,1.0,1.0,1.0,1,0.16781326731868748,38
1772,8,8386,1226,7160,0,0,0,1.0,1.0,1.0,1.0,1.0,1,0.17897641168982614,40
1773,3,8389,1226,7163,0,0,0,1.0,1.0,1.0,1.0,1.0,1,0.19739600469149668,40
1774,4,8393,1226,7167,0,0,0,1.0,1.0,1.0,1.0,1.0,1,0.14975993116883995,40
1775,6,8399,1227,7172,0,0,0,1.0,1.0,1.0,1.0,1.0,1,0.14372045245715542,41
1776,0,8399,1227,7172,0,0,0,1.0,1.0,1.0,1.0,1.0,1,0.1215849342703808,43
1777,1,8400,1227,7173,0,0,0,1.0,1.0,1.0,1.0,1.0,1,0.1120591259551637,44
1778,2,8402,1228,7174,0,0,0,1.0,1.0,1.0,1.0,1.0,1,0.11322089743898375,44
1779,1,8403,1228,7175,0,0,0,1.0,1.0,1.0,1.0,1.0,1,0.08611163255101695,44
1780,2,8405,1228,7177,0,0,0,1.0,1.0,1.0,1.0,1.0,1,0.09651602258005952,46
1781,3,8408,1229,7179,0,0,0,1.0,1.0,1.0,1.0,1.0,1,0.10413893347626757,46
1782,5,8413,1231,7182,0,0,0,1.0,1.0,1.0,1.0,1.0,1,0.1454553141332805,45
1783,3,8416,1232,7184,0,0,0,1.0,1.0,1.0,1.0,1.0,1,0.16532856949693317,44
1784,5,8421,1234,7187,0,0,0,1.0,1.0,1.0,1.0,1.0,1,0.196998217709879,44
1785,2,8423,1235,7188,0,0,0,1.0,1.0,1.0,1.0,1.0,1,0.24639560882107645,42
1786,5,8428,1238,7190,0,0,0,1.0,1.0,1.0,1.0,1.0,1,0.2942588553911659,42
1787,3,8431,1238,7193,0,0,0,1.0,1.0,1.0,1.0,1.0,1,0.27073236066116446,41
1788,7,8438,1239,7199,0,0,0,1.0,1.0,1.0,1.0,1.0,1,0.23139981811253493,41
1789,4,8442,1240,7202,0,0,0,1.0,1.0,1.0,1.0,1.0,1,0.2297444334678304,41
1790,4,8446,1243,7203,0,0,0,1.0,1.0,1.0,1.0,1.0,1,0.2733383970093408,41
1791,4,8450,1244,7206,0,0,0,1.0,1.0,1.0,1.0,1.0,1,0.25768315369709216,41
1792,7,8457,1245,7212,0,0,0,1.0,1.0,1.0,1.0,1.0,1,0.20575929695760967,43
1793,8,8465,1248,7217,0,0,0,1.0,1.0,1.0,1.0,1.0,1,0.14535589866164406,43
1794,2,8467,1249,7218,0,0,0,1.0,1.0,1.0,1.0,1.0,1,0.14195084251878745,41
1795,3,8470,1249,7221,0,0,0,1.0,1.0,1.0,1.0,1.0,1,0.1363953541491363,41
1796,3,8473,1250,7223,0,0,0,1.0,1.0,1.0,1.0,1.0,1,0.20910200941919166,40
1797,3,8476,1251,7225,0,0,0,1.0,1.0,1.0,1.0,1.0,1,0.24121667150363738,38
1798,4,8480,1253,7227,0,0,0,1.0,1.0,1.0,1.0,1.0,1,0.31094918383257336,38
1799,1,8481,1253,7228,0,0,0,1.0,1.0,1.0,1.0,1.0,1,0.34145945110672343,37
1800,5,8486,1254,7232,0,0,0,1.0,1.0,1.0,1.0,1.0,1,0.32380778889269646,35
1801,11,8497,1254,7243,0,0,0,1.0,1.0,1.0,1.0,1.0,1,0.23152563393074063,34
1802,4,8501,1254,7247,0,0,0,1.0,1.0,1.0,1.0,1.0,1,0.15793479613635125,33
1803,2,8503,1254,7249,0,0,0,1.0,1.0,1.0,1.0,1.0,1,0.19874787608850306,33
1804,2,8505,1255,7250,0,0,0,1.0,1.0,1.0,1.0,1.0,1,0.19482893555470746,33
1805,1,8506,1255,7251,0,0,0,1.0,1.0,1.0,1.0,1.0,1,0.21854877077531404,35
1806,1,8507,1256,7251,0,0,0,1.0,1.0,1.0,1.0,1.0,1,0.19781506088892598,36
1807,1,8508,1256,7252,0,0,0,1.0,1.0,1.0,1.0,1.0,1,0.1664852922769884,35
1808,1,8509,1256,7253,0,0,0,1.0,1.0,1.0,1.0,1.0,1,0.1700618743222558,37
1809,1,8510,1256,7254,0,0,0,1.0,1.0,1.0,1.0,1.0,1,0.1662811967502522,35
1810,3,8513,1256,7257,0,0,0,1.0,1.0,1.0,1.0,1.0,1,0.17295979420506882,36
1811,6,8519,1258,7261,0,0,0,1.0,1.0,1.0,1.0,1.0,1,0.2779924641026799,34
1812,6,8525,1259,7266,0,0,0,1.0,1.0,1.0,1.0,1.0,1,0.30993494948083766,36
1813,8,8533,1261,7272,0,0,0,1.0,1.0,1.0,1.0,1.0,1,0.38462544571817286,35
1814,7,8540,1261,7279,0,0,0,1.0,1.0,1.0,1.0,1.0,1,0.34876226123191895,36
1815,4,8544,1261,7283,0,0,0,1.0,1.0,1.0,1.0,1.0,1,0.3296002248565322,35
1816,7,8551,1261,7290,0,0,0,1.0,1.0,1.0,1.0,1.0,1,0.2970429768045431,35
1817,6,8557,1262,7295,0,0,0,1.0,1.0,1.0,1.0,1.0,1,0.31394095965395086,35
1818,5,8562,1262,7300,0,0,0,1.0,1.0,1.0,1.0,1.0,1,0.24316785187069248,36
1819,3,8565,1263,7302,0,0,0,1.0,1.0,1.0,1.0,1.0,1,0.29656088649672674,37
1820,3,8568,1263,7305,0,0,0,1.0,1.0,1.0,1.0,1.0,1,0.27438622025797277,37
1821,5,8573,1264,7309,0,0,0,1.0,1.0,1.0,1.0,1.0,1,0.26129827589910964,38
1822,3,8576,1264,7312,0,0,0,1.0,1.0,1.0,1.0,1.0,1,0.262538216468144,37
1823,5,8581,1266,7315,0,0,0,1.0,1.0,1.0,1.0,1.0,1,0.2928976587994642,36
1824,7,8588,1269,7319,0,0,0,1.0,1.0,1.0,1.0,1.0,1,0.33304902117948676,36
1825,2,8590,1269,7321,0,0,0,1.0,1.0,1.0,1.0,1.0,1,0.31127741833255046,34
1826,5,8595,1269,7326,0,0,0,1.0,1.0,1.0,1.0,1.0,1,0.22064100907006684,35
1827,2,8597,1270,7327,0,0,0,1.0,1.0,1.0,1.0,1.0,1,0.21370939992979915,34
1828,2,8599,1271,7328,0,0,0,1.0,1.0,1.0,1.0,1.0,1,0.14383260143830137,33
1829,1,8600,1272,7328,0,0,0,1.0,1.0,1.0,1.0,1.0,1,0.13149636309269025,31
1830,1,8601,1273,7328,0,0,0,1.0,1.0,1.0,1.0,1.0,1,0.16060135440313317,31
1831,1,8602,1274,7328,0,0,0,1.0,1.0,1.0,1.0,1.0,1,0.1782122488811582,30
1832,0,8602,1274,7328,0,0,0,1.0,1.0,1.0,1.0,1.0,1,0.186013884819761,29
1833,3,8605,1276,7329,0,0,0,1.0,1.0,1.0,1.0,1.0,1,0.2361724137516979,28
1834,1,8606,1276,7330,0,0,0,1.0,1.0,1.0,1.0,1.0,1,0.2759847220706401,27
1835,4,8610,1278,7332,0,0,0,1.0,1.0,1.0,1.0,1.0,1,0.3113752049358137,26
1836,1,8611,1278,7333,0,0,0,1.0,1.0,1.0,1.0,1.0,1,0.3579820748059424,26
1837,3,8614,1279,7335,0,0,0,1.0,1.0,1.0,1.0,1.0,1,0.4112738901011399,25
1838,1,8615,1279,7336,0,0,0,1.0,1.0,1.0,1.0,1.0,1,0.40184475119137686,25
1839,3,8618,1280,7338,0,0,0,1.0,1.0,1.0,1.0,1.0,1,0.4112763765469634,24
1840,2,8620,1281,7339,0,0,0,1.0,1.0,1.0,1.0,1.0,1,0.41891123441632955,23
1841,0,8620,1281,7339,0,0,0,1.0,1.0,1.0,1.0,1.0,1,0.4293320281898558,22
1842,1,8621,1281,7340,0,0,0,1.0,1.0,1.0,1.0,1.0,1,0.3844881536950437,23
1843,2,8623,1283,7340,0,0,0,1.0,1.0,1.0,1.0,1.0,1,0.4183756759258458,23
1844,1,8624,1283,7341,0,0,0,1.0,1.0,1.0,1.0,1.0,1,0.3916079254819144,23
1845,2,8626,1285,7341,0,0,0,1.0,1.0,1.0,1.0,1.0,1,0.3858285485542518,23
1846,0,8626,1285,7341,0,0,0,1.0,1.0,1.0,1.0,1.0,1,0.3858285485542518,23
1847,0,8626,1285,7341,0,0,0,1.0,1.0,1.0,1.0,1.0,1,0.3527911851385395,24
1848,0,8626,1285,7341,0,0,0,1.0,1.0,1.0,1.0,1.0,1,0.3527911851385395,24
1849,0,8626,1285,7341,0,0,0,1.0,1.0,1.0,1.0,1.0,1,0.3322531481074217,25
1850,0,8626,1285,7341,0,0,0,1.0,1.0,1.0,1.0,1.0,1,0.3322531481074217,25
1851,2,8628,1285,7343,0,0,0,1.0,1.0,1.0,1.0,1.0,1,0.21818824325946914,25
1852,0,8628,1285,7343,0,0,0,1.0,1.0,1.0,1.0,1.0,1,0.21818824325946914,25
1853,0,8628,1285,7343,0,0,0,1.0,1.0,1.0,1.0,1.0,1,0.2597198228361046,25
1854,1,8629,1285,7344,0,0,0,1.0,1.0,1.0,1.0,1.0,1,0.23560828564287492,25
1855,7,8636,1285,7351,0,0,0,1.0,1.0,1.0,1.0,1.0,1,0.2053440865006073,26
1856,5,8641,1286,7355,0,0,0,1.0,1.0,1.0,1.0,1.0,1,0.313638998825872,27
1857,4,8645,1286,7359,0,0,0,1.0,1.0,1.0,1.0,1.0,1,0.31005674052069,28
1858,5,8650,1286,7364,0,0,0,1.0,1.0,1.0,1.0,1.0,1,0.27269447404893166,28
1859,7,8657,1287,7370,0,0,0,1.0,1.0,1.0,1.0,1.0,1,0.254160398787799,28
1860,4,8661,1287,7374,0,0,0,1.0,1.0,1.0,1.0,1.0,1,0.254160398787799,28
1861,2,8663,1287,7376,0,0,0,1.0,1.0,1.0,1.0,1.0,1,0.254160398787799,28
1862,2,8665,1287,7378,0,0,0,1.0,1.0,1.0,1.0,1.0,1,0.254160398787799,28
1863,5,8670,1289,7381,0,0,0,1.0,1.0,1.0,1.0,1.0,1,0.22827545118634723,29
1864,3,8673,1290,7383,0,0,0,1.0,1.0,1.0,1.0,1.0,1,0.28555260801860555,27
1865,0,8673,1290,7383,0,0,0,1.0,1.0,1.0,1.0,1.0,1,0.3744376272790259,26
1866,3,8676,1291,7385,0,0,0,1.0,1.0,1.0,1.0,1.0,1,0.34372626667849515,26
1867,1,8677,1291,7386,0,0,0,1.0,1.0,1.0,1.0,1.0,1,0.30772523932448764,26
1868,0,8677,1291,7386,0,0,0,1.0,1.0,1.0,1.0,1.0,1,0.30772523932448764,26
1869,0,8677,1291,7386,0,0,0,1.0,1.0,1.0,1.0,1.0,1,0.30772523932448764,26
1870,0,8677,1291,7386,0,0,0,1.0,1.0,1.0,1.0,1.0,1,0.31944741910120095,27
1871,0,8677,1291,7386,0,0,0,1.0,1.0,1.0,1.0,1.0,1,0.31944741910120095,27
1872,0,8677,1291,7386,0,0,0,1.0,1.0,1.0,1.0,1.0,1,0.34367744276361223,25
1873,0,8677,1291,7386,0,0,0,1.0,1.0,1.0,1.0,1.0,1,0.34367744276361223,25
1874,0,8677,1291,7386,0,0,0,1.0,1.0,1.0,1.0,1.0,1,0.299504164859959,25
1875,0,8677,1291,7386,0,0,0,1.0,1.0,1.0,1.0,1.0,1,0.299504164859959,25
1876,3,8680,1291,7389,0,0,0,1.0,1.0,1.0,1.0,1.0,1,0.22083188434966916,26
1877,1,8681,1291,7390,0,0,0,1.0,1.0,1.0,1.0,1.0,1,0.1778886234353018,27
1878,1,8682,1292,7390,0,0,0,1.0,1.0,1.0,1.0,1.0,1,0.2071192653267909,28
1879,2,8684,1293,7391,0,0,0,1.0,1.0,1.0,1.0,1.0,1,0.18520804598396756,29
1880,0,8684,1293,7391,0,0,0,1.0,1.0,1.0,1.0,1.0,1,0.18520804598396756,29
1881,0,8684,1293,7391,0,0,0,1.0,1.0,1.0,1.0,1.0,1,0.18520804598396756,29
1882,0,8684,1293,7391,0,0,0,1.0,1.0,1.0,1.0,1.0,1,0.18348270731068259,28
1883,0,8684,1293,7391,0,0,0,1.0,1.0,1.0,1.0,1.0,1,0.18348270731068259,28
1884,2,8686,1293,7393,0,0,0,1.0,1.0,1.0,1.0,1.0,1,0.18348270731068259,28
1885,2,8688,1293,7395,0,0,0,1.0,1.0,1.0,1.0,1.0,1,0.18348270731068259,28
1886,1,8689,1293,7396,0,0,0,1.0,1.0,1.0,1.0,1.0,1,0.19630096111578166,29
1887,1,8690,1293,7397,0,0,0,1.0,1.0,1.0,1.0,1.0,1,0.18510102101532794,29
1888,3,8693,1293,7400,0,0,0,1.0,1.0,1.0,1.0,1.0,1,0.20509756385979036,31
1889,4,8697,1293,7404,0,0,0,1.0,1.0,1.0,1.0,1.0,1,0.20509756385979036,31
1890,5,8702,1294,7408,0,0,0,1.0,1.0,1.0,1.0,1.0,1,0.24253186332965362,31
1891,1,8703,1294,7409,0,0,0,1.0,1.0,1.0,1.0,1.0,1,0.24984894378657554,32
1892,2,8705,1294,7411,0,0,0,1.0,1.0,1.0,1.0,1.0,1,0.24984894378657554,32
1893,3,8708,1294,7414,0,0,0,1.0,1.0,1.0,1.0,1.0,1,0.21412190986897547,32
1894,1,8709,1295,7414,0,0,0,1.0,1.0,1.0,1.0,1.0,1,0.2076499838079832,33
1895,3,8712,1295,7417,0,0,0,1.0,1.0,1.0,1.0,1.0,1,0.20885861336066103,35
1896,3,8715,1295,7420,0,0,0,1.0,1.0,1.0,1.0,1.0,1,0.1989787954651355,34
1897,1,8716,1295,7421,0,0,0,1.0,1.0,1.0,1.0,1.0,1,0.19587292650038884,34
1898,1,8717,1295,7422,0,0,0,1.0,1.0,1.0,1.0,1.0,1,0.1989787954651355,34
1899,1,8718,1295,7423,0,0,0,1.0,1.0,1.0,1.0,1.0,1,0.19587292650038884,34
1900,3,8721,1295,7426,0,0,0,1.0,1.0,1.0,1.0,1.0,1,0.22538487967523227,35
1901,3,8724,1295,7429,0,0,0,1.0,1.0,1.0,1.0,1.0,1,0.16275311356731265,35
1902,2,8726,1296,7430,0,0,0,1.0,1.0,1.0,1.0,1.0,1,0.16913542373260138,35
1903,0,8726,1296,7430,0,0,0,1.0,1.0,1.0,1.0,1.0,1,0.16913542373260138,35
1904,0,8726,1296,7430,0,0,0,1.0,1.0,1.0,1.0,1.0,1,0.16913542373260138,35
1905,1,8727,1296,7431,0,0,0,1.0,1.0,1.0,1.0,1.0,1,0.13072875064155792,37
1906,0,8727,1296,7431,0,0,0,1.0,1.0,1.0,1.0,1.0,1,0.13072875064155792,37
1907,0,8727,1296,7431,0,0,0,1.0,1.0,1.0,1.0,1.0,1,0.15641822391859067,39
1908,2,8729,1296,7433,0,0,0,1.0,1.0,1.0,1.0,1.0,1,0.11190581761825114,39
1909,3,8732,1296,7436,0,0,0,1.0,1.0,1.0,1.0,1.0,1,0.10678593730269655,41
1910,2,8734,1297,7437,0,0,0,1.0,1.0,1.0,1.0,1.0,1,0.12212963496734973,41
1911,3,8737,1298,7439,0,0,0,1.0,1.0,1.0,1.0,1.0,1,0.17397341908462755,40
1912,2,8739,1299,7440,0,0,0,1.0,1.0,1.0,1.0,1.0,1,0.1947701241157618,39
1913,2,8741,1299,7442,0,0,0,1.0,1.0,1.0,1.0,1.0,1,0.19503032275899557,40
1914,2,8743,1299,7444,0,0,0,1.0,1.0,1.0,1.0,1.0,1,0.18772810106521498,41
1915,4,8747,1301,7446,0,0,0,1.0,1.0,1.0,1.0,1.0,1,0.217459542218714,42
1916,3,8750,1302,7448,0,0,0,1.0,1.0,1.0,1.0,1.0,1,0.19687208373826448,42
1917,4,8754,1302,7452,0,0,0,1.0,1.0,1.0,1.0,1.0,1,0.21362610303545637,41
1918,4,8758,1304,7454,0,0,0,1.0,1.0,1.0,1.0,1.0,1,0.2522895117129422,38
1919,9,8767,1306,7461,0,0,0,1.0,1.0,1.0,1.0,1.0,1,0.32194242308190035,38
1920,8,8775,1307,7468,0,0,0,1.0,1.0,1.0,1.0,1.0,1,0.32808901240043087,38
1921,3,8778,1307,7471,0,0,0,1.0,1.0,1.0,1.0,1.0,1,0.29199795286314056,39
1922,7,8785,1308,7477,0,0,0,1.0,1.0,1.0,1.0,1.0,1,0.2537238896800842,40
1923,5,8790,1309,7481,0,0,0,1.0,1.0,1.0,1.0,1.0,1,0.2587504348670223,41
1924,4,8794,1311,7483,0,0,0,1.0,1.0,1.0,1.0,1.0,1,0.24651157588244516,41
1925,6,8800,1311,7489,0,0,0,1.0,1.0,1.0,1.0,1.0,1,0.19458911280035832,41
1926,4,8804,1312,7492,0,0,0,1.0,1.0,1.0,1.0,1.0,1,0.14282983364684623,41
1927,0,8804,1312,7492,0,0,0,1.0,1.0,1.0,1.0,1.0,1,0.14282983364684623,41
1928,2,8806,1314,7492,0,0,0,1.0,1.0,1.0,1.0,1.0,1,0.13528647896504245,42
1929,0,8806,1314,7492,0,0,0,1.0,1.0,1.0,1.0,1.0,1,0.15493564220178552,41
1930,0,8806,1314,7492,0,0,0,1.0,1.0,1.0,1.0,1.0,1,0.15493564220178552,41
1931,0,8806,1314,7492,0,0,0,1.0,1.0,1.0,1.0,1.0,1,0.15493564220178552,41
1932,0,8806,1314,7492,0,0,0,1.0,1.0,1.0,1.0,1.0,1,0.15493564220178552,41
1933,2,8808,1314,7494,0,0,0,1.0,1.0,1.0,1.0,1.0,1,0.14900802911929956,43
1934,2,8810,1314,7496,0,0,0,1.0,1.0,1.0,1.0,1.0,1,0.1537100538965496,44
1935,4,8814,1314,7500,0,0,0,1.0,1.0,1.0,1.0,1.0,1,0.1463870974726764,45
1936,5,8819,1314,7505,0,0,0,1.0,1.0,1.0,1.0,1.0,1,0.14543348585060376,48
1937,6,8825,1316,7509,0,0,0,1.0,1.0,1.0,1.0,1.0,1,0.14467820732867967,48
1938,2,8827,1317,7510,0,0,0,1.0,1.0,1.0,1.0,1.0,1,0.11774160052589684,48
1939,0,8827,1317,7510,0,0,0,1.0,1.0,1.0,1.0,1.0,1,0.11774160052589684,48
1940,0,8827,1317,7510,0,0,0,1.0,1.0,1.0,1.0,1.0,1,0.11774160052589684,48
1941,0,8827,1317,7510,0,0,0,1.0,1.0,1.0,1.0,1.0,1,0.11774160052589684,48
1942,1,8828,1318,7510,0,0,0,1.0,1.0,1.0,1.0,1.0,1,0.18542310833180087,49
1943,1,8829,1318,7511,0,0,0,1.0,1.0,1.0,1.0,1.0,1,0.1571363268481829,48
1944,4,8833,1321,7512,0,0,0,1.0,1.0,1.0,1.0,1.0,1,0.2603934514458774,47
1945,1,8834,1321,7513,0,0,0,1.0,1.0,1.0,1.0,1.0,1,0.22861910995809492,46
1946,0,8834,1321,7513,0,0,0,1.0,1.0,1.0,1.0,1.0,1,0.23983970877125094,46
1947,7,8841,1323,7518,0,0,0,1.0,1.0,1.0,1.0,1.0,1,0.2969001586254147,45
1948,7,8848,1324,7524,0,0,0,1.0,1.0,1.0,1.0,1.0,1,0.2037133871614259,46
1949,4,8852,1326,7526,0,0,0,1.0,1.0,1.0,1.0,1.0,1,0.2509490352748392,42
1950,2,8854,1326,7528,0,0,0,1.0,1.0,1.0,1.0,1.0,1,0.2811885217286919,40
1951,5,8859,1329,7530,0,0,0,1.0,1.0,1.0,1.0,1.0,1,0.22344985132385975,39
1952,1,8860,1330,7530,0,0,0,1.0,1.0,1.0,1.0,1.0,1,0.2467774926887533,35
1953,4,8864,1332,7532,0,0,0,1.0,1.0,1.0,1.0,1.0,1,0.19459513091661357,36
1954,2,8866,1333,7533,0,0,0,1.0,1.0,1.0,1.0,1.0,1,0.2608501724916984,34
1955,1,8867,1334,7533,0,0,0,1.0,1.0,1.0,1.0,1.0,1,0.2800500809849687,35
1956,2,8869,1335,7534,0,0,0,1.0,1.0,1.0,1.0,1.0,1,0.26864116426092577,37
1957,1,8870,1336,7534,0,0,0,1.0,1.0,1.0,1.0,1.0,1,0.26591934739605533,37
1958,1,8871,1336,7535,0,0,0,1.0,1.0,1.0,1.0,1.0,1,0.21330276088760883,39
1959,0,8871,1336,7535,0,0,0,1.0,1.0,1.0,1.0,1.0,1,0.22549489136427656,41
1960,1,8872,1337,7535,0,0,0,1.0,1.0,1.0,1.0,1.0,1,0.23909395214850584,40
1961,5,8877,1337,7540,0,0,0,1.0,1.0,1.0,1.0,1.0,1,0.19506002061962235,41
1962,2,8879,1338,7541,0,0,0,1.0,1.0,1.0,1.0,1.0,1,0.23123472988316898,40
1963,3,8882,1339,7543,0,0,0,1.0,1.0,1.0,1.0,1.0,1,0.22137261575958703,41
1964,0,8882,1339,7543,0,0,0,1.0,1.0,1.0,1.0,1.0,1,0.24961652396267917,40
1965,1,8883,1340,7543,0,0,0,1.0,1.0,1.0,1.0,1.0,1,0.22192806060479378,41
1966,0,8883,1340,7543,0,0,0,1.0,1.0,1.0,1.0,1.0,1,0.22192806060479378,41
1967,5,8888,1342,7546,0,0,0,1.0,1.0,1.0,1.0,1.0,1,0.22141322991540474,42
1968,3,8891,1342,7549,0,0,0,1.0,1.0,1.0,1.0,1.0,1,0.22484521445190916,42
1969,2,8893,1344,7549,0,0,0,1.0,1.0,1.0,1.0,1.0,1,0.21701810768792876,43
1970,2,8895,1344,7551,0,0,0,1.0,1.0,1.0,1.0,1.0,1,0.21460103716435866,42
1971,0,8895,1344,7551,0,0,0,1.0,1.0,1.0,1.0,1.0,1,0.21460103716435866,42
1972,0,8895,1344,7551,0,0,0,1.0,1.0,1.0,1.0,1.0,1,0.21460103716435866,42
1973,2,8897,1345,7552,0,0,0,1.0,1.0,1.0,1.0,1.0,1,0.22857320635965425,43
1974,1,8898,1345,7553,0,0,0,1.0,1.0,1.0,1.0,1.0,1,0.25221849696689935,43
1975,3,8901,1345,7556,0,0,0,1.0,1.0,1.0,1.0,1.0,1,0.21618306759046266,43
1976,5,8906,1346,7560,0,0,0,1.0,1.0,1.0,1.0,1.0,1,0.11528900087743242,43
1977,5,8911,1346,7565,0,0,0,1.0,1.0,1.0,1.0,1.0,1,0.11213721876504482,48
1978,5,8916,1349,7567,0,0,0,1.0,1.0,1.0,1.0,1.0,1,0.10299015560191592,48
1979,5,8921,1350,7571,0,0,0,1.0,1.0,1.0,1.0,1.0,1,0.14680524639781226,49
1980,2,8923,1350,7573,0,0,0,1.0,1.0,1.0,1.0,1.0,1,0.15254706547769772,50
1981,3,8926,1352,7574,0,0,0,1.0,1.0,1.0,1.0,1.0,1,0.17496904004203112,50
1982,2,8928,1353,7575,0,0,0,1.0,1.0,1.0,1.0,1.0,1,0.17708587196525916,50
1983,0,8928,1353,7575,0,0,0,1.0,1.0,1.0,1.0,1.0,1,0.1958040896376899,49
1984,2,8930,1355,7575,0,0,0,1.0,1.0,1.0,1.0,1.0,1,0.15732364682480157,48
1985,1,8931,1356,7575,0,0,0,1.0,1.0,1.0,1.0,1.0,1,0.17013192296555915,46
1986,2,8933,1358,7575,0,0,0,1.0,1.0,1.0,1.0,1.0,1,0.17386033170102355,46
1987,3,8936,1361,7575,0,0,0,1.0,1.0,1.0,1.0,1.0,1,0.23500036394811322,42
1988,3,8939,1361,7578,0,0,0,1.0,1.0,1.0,1.0,1.0,1,0.2959556569705537,40
1989,6,8945,1365,7580,0,0,0,1.0,1.0,1.0,1.0,1.0,1,0.27476374656833075,38
1990,1,8946,1365,7581,0,0,0,1.0,1.0,1.0,1.0,1.0,1,0.29683941730853064,38
1991,6,8952,1367,7585,0,0,0,1.0,1.0,1.0,1.0,1.0,1,0.2726545955273048,38
1992,3,8955,1368,7587,0,0,0,1.0,1.0,1.0,1.0,1.0,1,0.27318794086887754,39
1993,5,8960,1369,7591,0,0,0,1.0,1.0,1.0,1.0,1.0,1,0.3033046370323374,38
1994,4,8964,1371,7593,0,0,0,1.0,1.0,1.0,1.0,1.0,1,0.2045620429465874,37
1995,2,8966,1372,7594,0,0,0,1.0,1.0,1.0,1.0,1.0,1,0.2630442111375855,37
1996,2,8968,1372,7596,0,0,0,1.0,1.0,1.0,1.0,1.0,1,0.2648902235089508,37
1997,1,8969,1372,7597,0,0,0,1.0,1.0,1.0,1.0,1.0,1,0.25169935117461373,35
1998,2,8971,1372,7599,0,0,0,1.0,1.0,1.0,1.0,1.0,1,0.2864051455454777,34
1999,4,8975,1375,7600,0,0,0,1.0,1.0,1.0,1.0,1.0,1,0.2593743660849607,35
2000,0,8975,1375,7600,0,0,0,1.0,1.0,1.0,1.0,1.0,1,0.28512616968806737,34
2001,5,8980,1375,7605,0,0,0,1.0,1.0,1.0,1.0,1.0,1,0.15695770897179478,35
2002,2,8982,1375,7607,0,0,0,1.0,1.0,1.0,1.0,1.0,1,0.1270968028265505,36
2003,4,8986,1375,7611,0,0,0,1.0,1.0,1.0,1.0,1.0,1,0.1282486024964264,37
2004,4,8990,1377,7613,0,0,0,1.0,1.0,1.0,1.0,1.0,1,0.11390991627690218,38
2005,2,8992,1378,7614,0,0,0,1.0,1.0,1.0,1.0,1.0,1,0.13427256461024362,38
2006,2,8994,1378,7616,0,0,0,1.0,1.0,1.0,1.0,1.0,1,0.12283814201049362,38
2007,5,8999,1379,7620,0,0,0,1.0,1.0,1.0,1.0,1.0,1,0.16737289758396967,40
2008,1,9000,1379,7621,0,0,0,1.0,1.0,1.0,1.0,1.0,1,0.1559625203662939,40
2009,3,9003,1380,7623,0,0,0,1.0,1.0,1.0,1.0,1.0,1,0.15274399717726214,41
2010,1,9004,1380,7624,0,0,0,1.0,1.0,1.0,1.0,1.0,1,0.17321586247503104,41
2011,3,9007,1380,7627,0,0,0,1.0,1.0,1.0,1.0,1.0,1,0.15886662106092717,41
2012,3,9010,1380,7630,0,0,0,1.0,1.0,1.0,1.0,1.0,1,0.17950777425756356,41
2013,2,9012,1380,7632,0,0,0,1.0,1.0,1.0,1.0,1.0,1,0.20350694267674344,43
2014,7,9019,1382,7637,0,0,0,1.0,1.0,1.0,1.0,1.0,1,0.21426456800280266,43
2015,4,9023,1382,7641,0,0,0,1.0,1.0,1.0,1.0,1.0,1,0.1933414964818861,43
2016,5,9028,1383,7645,0,0,0,1.0,1.0,1.0,1.0,1.0,1,0.20556113991635686,44
2017,10,9038,1384,7654,0,0,0,1.0,1.0,1.0,1.0,1.0,1,0.18548080680375997,45
2018,10,9048,1386,7662,0,0,0,1.0,1.0,1.0,1.0,1.0,1,0.16542301343733185,46
2019,7,9055,1387,7668,0,0,0,1.0,1.0,1.0,1.0,1.0,1,0.1780801013776445,47
2020,6,9061,1388,7673,0,0,0,1.0,1.0,1.0,1.0,1.0,1,0.20227793058700308,47
2021,5,9066,1390,7676,0,0,0,1.0,1.0,1.0,1.0,1.0,1,0.27975034785214564,47
2022,6,9072,1390,7682,0,0,0,1.0,1.0,1.0,1.0,1.0,1,0.17868310439616314,48
2023,4,9076,1391,7685,0,0,0,1.0,1.0,1.0,1.0,1.0,1,0.18674552102184555,48
2024,4,9080,1392,7688,0,0,0,1.0,1.0,1.0,1.0,1.0,1,0.18519717814160924,45
2025,3,9083,1393,7690,0,0,0,1.0,1.0,1.0,1.0,1.0,1,0.23540127920251772,42
2026,11,9094,1394,7700,0,0,0,1.0,1.0,1.0,1.0,1.0,1,0.15202083200764038,44
2027,2,9096,1394,7702,0,0,0,1.0,1.0,1.0,1.0,1.0,1,0.17671120194056225,40
2028,6,9102,1395,7707,0,0,0,1.0,1.0,1.0,1.0,1.0,1,0.20725797661108677,39
2029,4,9106,1397,7709,0,0,0,1.0,1.0,1.0,1.0,1.0,1,0.17786097135872883,37
2030,5,9111,1399,7712,0,0,0,1.0,1.0,1.0,1.0,1.0,1,0.3187927425742207,34
2031,6,9117,1400,7717,0,0,0,1.0,1.0,1.0,1.0,1.0,1,0.3207654964893832,35
2032,7,9124,1400,7724,0,0,0,1.0,1.0,1.0,1.0,1.0,1,0.38045445723814364,34
2033,6,9130,1400,7730,0,0,0,1.0,1.0,1.0,1.0,1.0,1,0.36805491382185346,36
2034,5,9135,1400,7735,0,0,0,1.0,1.0,1.0,1.0,1.0,1,0.3681603846492704,34
2035,7,9142,1401,7741,0,0,0,1.0,1.0,1.0,1.0,1.0,1,0.3263720854931773,35
2036,5,9147,1401,7746,0,0,0,1.0,1.0,1.0,1.0,1.0,1,0.2455181707902392,34
2037,2,9149,1401,7748,0,0,0,1.0,1.0,1.0,1.0,1.0,1,0.24370497225440063,35
2038,1,9150,1401,7749,0,0,0,1.0,1.0,1.0,1.0,1.0,1,0.2453729628860708,36
2039,2,9152,1401,7751,0,0,0,1.0,1.0,1.0,1.0,1.0,1,0.244955607415291,38
2040,2,9154,1401,7753,0,0,0,1.0,1.0,1.0,1.0,1.0,1,0.24663351659906774,38
2041,2,9156,1401,7755,0,0,0,1.0,1.0,1.0,1.0,1.0,1,0.25612135894562654,39
2042,6,9162,1401,7761,0,0,0,1.0,1.0,1.0,1.0,1.0,1,0.25612135894562654,39
2043,7,9169,1402,7767,0,0,0,1.0,1.0,1.0,1.0,1.0,1,0.26409358010422385,39
2044,3,9172,1402,7770,0,0,0,1.0,1.0,1.0,1.0,1.0,1,0.2794742615120329,39
2045,4,9176,1403,7773,0,0,0,1.0,1.0,1.0,1.0,1.0,1,0.3026151472361484,41
2046,5,9181,1403,7778,0,0,0,1.0,1.0,1.0,1.0,1.0,1,0.2890980171616747,42
2047,4,9185,1403,7782,0,0,0,1.0,1.0,1.0,1.0,1.0,1,0.3094159292609247,42
2048,9,9194,1404,7790,0,0,0,1.0,1.0,1.0,1.0,1.0,1,0.3243288782236431,43
2049,8,9202,1405,7797,0,0,0,1.0,1.0,1.0,1.0,1.0,1,0.3042895619769872,44
2050,2,9204,1405,7799,0,0,0,1.0,1.0,1.0,1.0,1.0,1,0.2919537534605765,44
2051,13,9217,1405,7812,0,0,0,1.0,1.0,1.0,1.0,1.0,1,0.11131227553146548,45
2052,4,9221,1405,7816,0,0,0,1.0,1.0,1.0,1.0,1.0,1,0.11131227553146548,45
2053,2,9223,1405,7818,0,0,0,1.0,1.0,1.0,1.0,1.0,1,0.1640065066840016,45
2054,4,9227,1405,7822,0,0,0,1.0,1.0,1.0,1.0,1.0,1,0.14707733676003357,46
2055,5,9232,1406,7826,0,0,0,1.0,1.0,1.0,1.0,1.0,1,0.17259596964807963,46
2056,6,9238,1407,7831,0,0,0,1.0,1.0,1.0,1.0,1.0,1,0.18159055082484094,46
2057,12,9250,1409,7841,0,0,0,1.0,1.0,1.0,1.0,1.0,1,0.14344435132234024,47
2058,7,9257,1410,7847,0,0,0,1.0,1.0,1.0,1.0,1.0,1,0.12776786221218348,47
2059,7,9264,1411,7853,0,0,0,1.0,1.0,1.0,1.0,1.0,1,0.14131948967877617,48
2060,9,9273,1413,7860,0,0,0,1.0,1.0,1.0,1.0,1.0,1,0.1604111036469675,50
2061,6,9279,1413,7866,0,0,0,1.0,1.0,1.0,1.0,1.0,1,0.13047627100684908,51
2062,9,9288,1415,7873,0,0,0,1.0,1.0,1.0,1.0,1.0,1,0.1900931502261778,49
2063,4,9292,1416,7876,0,0,0,1.0,1.0,1.0,1.0,1.0,1,0.1583650849394888,48
2064,5,9297,1417,7880,0,0,0,1.0,1.0,1.0,1.0,1.0,1,0.22249705676399248,45
2065,2,9299,1417,7882,0,0,0,1.0,1.0,1.0,1.0,1.0,1,0.24696941679705475,44
2066,2,9301,1418,7883,0,0,0,1.0,1.0,1.0,1.0,1.0,1,0.19722569184294314,42
2067,2,9303,1419,7884,0,0,0,1.0,1.0,1.0,1.0,1.0,1,0.25539510152247424,41
2068,2,9305,1420,7885,0,0,0,1.0,1.0,1.0,1.0,1.0,1,0.2302160150076867,40
2069,3,9308,1421,7887,0,0,0,1.0,1.0,1.0,1.0,1.0,1,0.20960708761619834,40
2070,2,9310,1421,7889,0,0,0,1.0,1.0,1.0,1.0,1.0,1,0.2815902398546693,40
2071,3,9313,1424,7889,0,0,0,1.0,1.0,1.0,1.0,1.0,1,0.2871704525533428,40
2072,1,9314,1424,7890,0,0,0,1.0,1.0,1.0,1.0,1.0,1,0.30930124932466774,41
2073,1,9315,1425,7890,0,0,0,1.0,1.0,1.0,1.0,1.0,1,0.28397332665083475,41
2074,0,9315,1425,7890,0,0,0,1.0,1.0,1.0,1.0,1.0,1,0.282174173754308,41
2075,2,9317,1425,7892,0,0,0,1.0,1.0,1.0,1.0,1.0,1,0.27186554989769623,41
2076,8,9325,1427,7898,0,0,0,1.0,1.0,1.0,1.0,1.0,1,0.0841865798639257,41
2077,3,9328,1428,7900,0,0,0,1.0,1.0,1.0,1.0,1.0,1,0.07071678838626673,40
2078,5,9333,1429,7904,0,0,0,1.0,1.0,1.0,1.0,1.0,1,0.05548098412936975,40
2079,1,9334,1429,7905,0,0,0,1.0,1.0,1.0,1.0,1.0,1,0.08446459276725668,39
2080,1,9335,1429,7906,0,0,0,1.0,1.0,1.0,1.0,1.0,1,0.09142983604177002,38
2081,2,9337,1430,7907,0,0,0,1.0,1.0,1.0,1.0,1.0,1,0.11814052019965106,40
2082,6,9343,1434,7909,0,0,0,1.0,1.0,1.0,1.0,1.0,1,0.15965144713447577,41
2083,4,9347,1436,7911,0,0,0,1.0,1.0,1.0,1.0,1.0,1,0.23478278087091026,40
2084,6,9353,1438,7915,0,0,0,1.0,1.0,1.0,1.0,1.0,1,0.2750949772321848,42
2085,6,9359,1438,7921,0,0,0,1.0,1.0,1.0,1.0,1.0,1,0.314828823340432,42
2086,7,9366,1439,7927,0,0,0,1.0,1.0,1.0,1.0,1.0,1,0.2837833389730332,43
2087,7,9373,1440,7933,0,0,0,1.0,1.0,1.0,1.0,1.0,1,0.27646912685872155,45
2088,11,9384,1441,7943,0,0,0,1.0,1.0,1.0,1.0,1.0,1,0.2888504110714824,46
2089,8,9392,1441,7951,0,0,0,1.0,1.0,1.0,1.0,1.0,1,0.2917760037656165,47
2090,10,9402,1441,7961,0,0,0,1.0,1.0,1.0,1.0,1.0,1,0.2614810803241419,49
2091,9,9411,1441,7970,0,0,0,1.0,1.0,1.0,1.0,1.0,1,0.2793688714734099,49
2092,17,9428,1442,7986,0,0,0,1.0,1.0,1.0,1.0,1.0,1,0.2459858785029897,49
2093,12,9440,1442,7998,0,0,0,1.0,1.0,1.0,1.0,1.0,1,0.23094289616789357,49
2094,12,9452,1442,8010,0,0,0,1.0,1.0,1.0,1.0,1.0,1,0.23094289616789357,49
2095,10,9462,1443,8019,0,0,0,1.0,1.0,1.0,1.0,1.0,1,0.20634523288551798,49
2096,13,9475,1443,8032,0,0,0,1.0,1.0,1.0,1.0,1.0,1,0.21031038613358002,51
2097,14,9489,1444,8045,0,0,0,1.0,1.0,1.0,1.0,1.0,1,0.15842226272791998,51
2098,6,9495,1445,8050,0,0,0,1.0,1.0,1.0,1.0,1.0,1,0.14671953366213147,52
2099,3,9498,1445,8053,0,0,0,1.0,1.0,1.0,1.0,1.0,1,0.14907429991953516,51
2100,5,9503,1445,8058,0,0,0,1.0,1.0,1.0,1.0,1.0,1,0.1695708841484899,51
2101,4,9507,1445,8062,0,0,0,1.0,1.0,1.0,1.0,1.0,1,0.07743674089912299,48
2102,3,9510,1447,8063,0,0,0,1.0,1.0,1.0,1.0,1.0,1,0.12977323253536316,49
2103,1,9511,1447,8064,0,0,0,1.0,1.0,1.0,1.0,1.0,1,0.13504130846960857,48
2104,0,9511,1447,8064,0,0,0,1.0,1.0,1.0,1.0,1.0,1,0.15217762318417372,43
2105,0,9511,1447,8064,0,0,0,1.0,1.0,1.0,1.0,1.0,1,0.1683683265191826,42
2106,0,9511,1447,8064,0,0,0,1.0,1.0,1.0,1.0,1.0,1,0.20028917143191474,40
2107,3,9514,1449,8065,0,0,0,1.0,1.0,1.0,1.0,1.0,1,0.22337296843657364,39
2108,2,9516,1451,8065,0,0,0,1.0,1.0,1.0,1.0,1.0,1,0.20969786224623568,38
2109,0,9516,1451,8065,0,0,0,1.0,1.0,1.0,1.0,1.0,1,0.2137183965687326,37
2110,1,9517,1452,8065,0,0,0,1.0,1.0,1.0,1.0,1.0,1,0.21746725297457592,38
2111,1,9518,1453,8065,0,0,0,1.0,1.0,1.0,1.0,1.0,1,0.21548668388684492,37
2112,2,9520,1455,8065,0,0,0,1.0,1.0,1.0,1.0,1.0,1,0.22048771397867434,36
2113,2,9522,1457,8065,0,0,0,1.0,1.0,1.0,1.0,1.0,1,0.2878408625990251,36
2114,3,9525,1458,8067,0,0,0,1.0,1.0,1.0,1.0,1.0,1,0.2962525621486728,36
2115,1,9526,1458,8068,0,0,0,1.0,1.0,1.0,1.0,1.0,1,0.2713229689169299,35
2116,1,9527,1459,8068,0,0,0,1.0,1.0,1.0,1.0,1.0,1,0.2838618439448548,37
2117,3,9530,1459,8071,0,0,0,1.0,1.0,1.0,1.0,1.0,1,0.2592590460516986,38
2118,2,9532,1460,8072,0,0,0,1.0,1.0,1.0,1.0,1.0,1,0.2983128092653431,40
2119,4,9536,1460,8076,0,0,0,1.0,1.0,1.0,1.0,1.0,1,0.297806273270818,40
2120,2,9538,1460,8078,0,0,0,1.0,1.0,1.0,1.0,1.0,1,0.2724945119248452,41
2121,3,9541,1460,8081,0,0,0,1.0,1.0,1.0,1.0,1.0,1,0.2746814513669599,41
2122,2,9543,1460,8083,0,0,0,1.0,1.0,1.0,1.0,1.0,1,0.2508338695063298,42
2123,3,9546,1461,8085,0,0,0,1.0,1.0,1.0,1.0,1.0,1,0.2716774569217936,43
2124,3,9549,1461,8088,0,0,0,1.0,1.0,1.0,1.0,1.0,1,0.2603961241650146,41
2125,2,9551,1461,8090,0,0,0,1.0,1.0,1.0,1.0,1.0,1,0.2684091175240947,41
2126,6,9557,1461,8096,0,0,0,1.0,1.0,1.0,1.0,1.0,1,0.19274798690374037,40
2127,0,9557,1461,8096,0,0,0,1.0,1.0,1.0,1.0,1.0,1,0.19274798690374037,40
2128,1,9558,1461,8097,0,0,0,1.0,1.0,1.0,1.0,1.0,1,0.1827259632300572,41
2129,1,9559,1461,8098,0,0,0,1.0,1.0,1.0,1.0,1.0,1,0.1482840129232137,42
2130,2,9561,1461,8100,0,0,0,1.0,1.0,1.0,1.0,1.0,1,0.15735306200237553,45
2131,2,9563,1461,8102,0,0,0,1.0,1.0,1.0,1.0,1.0,1,0.15735306200237553,45
2132,3,9566,1461,8105,0,0,0,1.0,1.0,1.0,1.0,1.0,1,0.2156607889457246,46
2133,3,9569,1461,8108,0,0,0,1.0,1.0,1.0,1.0,1.0,1,0.16726524296425174,46
2134,5,9574,1461,8113,0,0,0,1.0,1.0,1.0,1.0,1.0,1,0.1681249914810647,47
2135,9,9583,1462,8121,0,0,0,1.0,1.0,1.0,1.0,1.0,1,0.15792876390500868,47
2136,5,9588,1463,8125,0,0,0,1.0,1.0,1.0,1.0,1.0,1,0.17982434222851437,47
2137,7,9595,1464,8131,0,0,0,1.0,1.0,1.0,1.0,1.0,1,0.19629882074520974,49
2138,9,9604,1464,8140,0,0,0,1.0,1.0,1.0,1.0,1.0,1,0.19326612829256373,49
2139,4,9608,1465,8143,0,0,0,1.0,1.0,1.0,1.0,1.0,1,0.20602765330842499,47
2140,11,9619,1467,8152,0,0,0,1.0,1.0,1.0,1.0,1.0,1,0.20785262927287929,48
2141,5,9624,1467,8157,0,0,0,1.0,1.0,1.0,1.0,1.0,1,0.17592067583359927,47
2142,4,9628,1467,8161,0,0,0,1.0,1.0,1.0,1.0,1.0,1,0.17926311302946862,47
2143,6,9634,1467,8167,0,0,0,1.0,1.0,1.0,1.0,1.0,1,0.20638266954551693,48
2144,13,9647,1470,8177,0,0,0,1.0,1.0,1.0,1.0,1.0,1,0.18896478476001075,48
2145,9,9656,1471,8185,0,0,0,1.0,1.0,1.0,1.0,1.0,1,0.20916851583402718,46
2146,9,9665,1472,8193,0,0,0,1.0,1.0,1.0,1.0,1.0,1,0.16100104543311447,47
2147,7,9672,1473,8199,0,0,0,1.0,1.0,1.0,1.0,1.0,1,0.16975383797403434,48
2148,4,9676,1473,8203,0,0,0,1.0,1.0,1.0,1.0,1.0,1,0.16446214166650708,46
2149,5,9681,1477,8204,0,0,0,1.0,1.0,1.0,1.0,1.0,1,0.14555515783318826,46
2150,8,9689,1478,8211,0,0,0,1.0,1.0,1.0,1.0,1.0,1,0.09730953685058456,46
2151,1,9690,1479,8211,0,0,0,1.0,1.0,1.0,1.0,1.0,1,0.11141009806668042,44
2152,1,9691,1480,8211,0,0,0,1.0,1.0,1.0,1.0,1.0,1,0.17581649814772354,45
2153,4,9695,1480,8215,0,0,0,1.0,1.0,1.0,1.0,1.0,1,0.12515193911575792,48
2154,2,9697,1481,8216,0,0,0,1.0,1.0,1.0,1.0,1.0,1,0.14727310899543436,47
2155,1,9698,1482,8216,0,0,0,1.0,1.0,1.0,1.0,1.0,1,0.15707441047244286,48
2156,1,9699,1483,8216,0,0,0,1.0,1.0,1.0,1.0,1.0,1,0.19198101485660476,45
2157,0,9699,1483,8216,0,0,0,1.0,1.0,1.0,1.0,1.0,1,0.1957628930046775,43
2158,1,9700,1484,8216,0,0,0,1.0,1.0,1.0,1.0,1.0,1,0.1896840810231966,43
2159,6,9706,1487,8219,0,0,0,1.0,1.0,1.0,1.0,1.0,1,0.2538035961165089,43
2160,1,9707,1487,8220,0,0,0,1.0,1.0,1.0,1.0,1.0,1,0.2271780023058605,41
2161,2,9709,1489,8220,0,0,0,1.0,1.0,1.0,1.0,1.0,1,0.21177425898757632,41
2162,1,9710,1490,8220,0,0,0,1.0,1.0,1.0,1.0,1.0,1,0.22820634255456296,42
2163,4,9714,1491,8223,0,0,0,1.0,1.0,1.0,1.0,1.0,1,0.241039753644523,43
2164,7,9721,1493,8228,0,0,0,1.0,1.0,1.0,1.0,1.0,1,0.22637366797235184,44
2165,2,9723,1493,8230,0,0,0,1.0,1.0,1.0,1.0,1.0,1,0.2332293430831044,44
2166,1,9724,1493,8231,0,0,0,1.0,1.0,1.0,1.0,1.0,1,0.21476731354219902,46
2167,3,9727,1494,8233,0,0,0,1.0,1.0,1.0,1.0,1.0,1,0.20651804985110037,46
2168,2,9729,1494,8235,0,0,0,1.0,1.0,1.0,1.0,1.0,1,0.19478785729946643,45
2169,6,9735,1494,8241,0,0,0,1.0,1.0,1.0,1.0,1.0,1,0.19206284734371387,49
2170,3,9738,1494,8244,0,0,0,1.0,1.0,1.0,1.0,1.0,1,0.16108729637168284,49
2171,3,9741,1494,8247,0,0,0,1.0,1.0,1.0,1.0,1.0,1,0.17430133071300263,51
2172,1,9742,1494,8248,0,0,0,1.0,1.0,1.0,1.0,1.0,1,0.17528026377294653,52
2173,1,9743,1494,8249,0,0,0,1.0,1.0,1.0,1.0,1.0,1,0.18197195609096256,52
2174,4,9747,1495,8252,0,0,0,1.0,1.0,1.0,1.0,1.0,1,0.19584999917901996,52
2175,6,9753,1495,8258,0,0,0,1.0,1.0,1.0,1.0,1.0,1,0.19001065215962604,53
2176,8,9761,1496,8265,0,0,0,1.0,1.0,1.0,1.0,1.0,1,0.13412722887708614,54
2177,5,9766,1496,8270,0,0,0,1.0,1.0,1.0,1.0,1.0,1,0.1057096730022894,55
2178,5,9771,1498,8273,0,0,0,1.0,1.0,1.0,1.0,1.0,1,0.09420470839710808,54
2179,3,9774,1500,8274,0,0,0,1.0,1.0,1.0,1.0,1.0,1,0.14365634182548428,52
2180,2,9776,1500,8276,0,0,0,1.0,1.0,1.0,1.0,1.0,1,0.14648110539231118,51
2181,2,9778,1501,8277,0,0,0,1.0,1.0,1.0,1.0,1.0,1,0.14762028321513462,49
2182,6,9784,1504,8280,0,0,0,1.0,1.0,1.0,1.0,1.0,1,0.12202522739172307,49
2183,6,9790,1508,8282,0,0,0,1.0,1.0,1.0,1.0,1.0,1,0.17352724306706904,46
2184,2,9792,1509,8283,0,0,0,1.0,1.0,1.0,1.0,1.0,1,0.16881472590475768,45
2185,2,9794,1511,8283,0,0,0,1.0,1.0,1.0,1.0,1.0,1,0.2080168001297898,44
2186,7,9801,1516,8285,0,0,0,1.0,1.0,1.0,1.0,1.0,1,0.22514074328140823,42
2187,3,9804,1518,8286,0,0,0,1.0,1.0,1.0,1.0,1.0,1,0.22032194167553731,40
2188,4,9808,1521,8287,0,0,0,1.0,1.0,1.0,1.0,1.0,1,0.15302892372749755,38
2189,1,9809,1521,8288,0,0,0,1.0,1.0,1.0,1.0,1.0,1,0.18485488682898663,36
2190,1,9810,1522,8288,0,0,0,1.0,1.0,1.0,1.0,1.0,1,0.2824258900156418,34
2191,3,9813,1524,8289,0,0,0,1.0,1.0,1.0,1.0,1.0,1,0.2516829372366519,34
2192,1,9814,1525,8289,0,0,0,1.0,1.0,1.0,1.0,1.0,1,0.26728204105816306,33
2193,0,9814,1525,8289,0,0,0,1.0,1.0,1.0,1.0,1.0,1,0.2893423184978814,32
2194,1,9815,1526,8289,0,0,0,1.0,1.0,1.0,1.0,1.0,1,0.27291985528220336,32
2195,0,9815,1526,8289,0,0,0,1.0,1.0,1.0,1.0,1.0,1,0.29572819768339814,31
2196,4,9819,1528,8291,0,0,0,1.0,1.0,1.0,1.0,1.0,1,0.2540995911547177,32
2197,1,9820,1529,8291,0,0,0,1.0,1.0,1.0,1.0,1.0,1,0.2958109917436359,31
2198,0,9820,1529,8291,0,0,0,1.0,1.0,1.0,1.0,1.0,1,0.2958109917436359,31
2199,3,9823,1532,8291,0,0,0,1.0,1.0,1.0,1.0,1.0,1,0.2990295576755775,32
2200,0,9823,1532,8291,0,0,0,1.0,1.0,1.0,1.0,1.0,1,0.3349794036051882,35
2201,9,9832,1532,8300,0,0,0,1.0,1.0,1.0,1.0,1.0,1,0.11524824419941974,36
2202,4,9836,1533,8303,0,0,0,1.0,1.0,1.0,1.0,1.0,1,0.13097367393972725,36
2203,2,9838,1533,8305,0,0,0,1.0,1.0,1.0,1.0,1.0,1,0.13403224321888435,37
2204,4,9842,1535,8307,0,0,0,1.0,1.0,1.0,1.0,1.0,1,0.22821538891437648,36
2205,8,9850,1536,8314,0,0,0,1.0,1.0,1.0,1.0,1.0,1,0.22823412245389924,37
2206,4,9854,1537,8317,0,0,0,1.0,1.0,1.0,1.0,1.0,1,0.23672376405091666,35
2207,7,9861,1537,8324,0,0,0,1.0,1.0,1.0,1.0,1.0,1,0.24222456636599166,37
2208,2,9863,1538,8325,0,0,0,1.0,1.0,1.0,1.0,1.0,1,0.24510599054353616,36
2209,3,9866,1538,8328,0,0,0,1.0,1.0,1.0,1.0,1.0,1,0.23823973101027365,35
2210,3,9869,1538,8331,0,0,0,1.0,1.0,1.0,1.0,1.0,1,0.23407176545792846,38
2211,3,9872,1538,8334,0,0,0,1.0,1.0,1.0,1.0,1.0,1,0.2357246097206575,37
2212,1,9873,1539,8334,0,0,0,1.0,1.0,1.0,1.0,1.0,1,0.24638154902630094,38
2213,0,9873,1539,8334,0,0,0,1.0,1.0,1.0,1.0,1.0,1,0.24638154902630094,38
2214,2,9875,1539,8336,0,0,0,1.0,1.0,1.0,1.0,1.0,1,0.24940444818262186,39
2215,4,9879,1539,8340,0,0,0,1.0,1.0,1.0,1.0,1.0,1,0.23716437310527935,39
2216,8,9887,1542,8345,0,0,0,1.0,1.0,1.0,1.0,1.0,1,0.22143695190690812,39
2217,8,9895,1543,8352,0,0,0,1.0,1.0,1.0,1.0,1.0,1,0.2735995005849717,38
2218,6,9901,1544,8357,0,0,0,1.0,1.0,1.0,1.0,1.0,1,0.30453698120589895,37
2219,5,9906,1546,8360,0,0,0,1.0,1.0,1.0,1.0,1.0,1,0.3203784281484544,36
2220,4,9910,1547,8363,0,0,0,1.0,1.0,1.0,1.0,1.0,1,0.3845837997400249,34
2221,5,9915,1548,8367,0,0,0,1.0,1.0,1.0,1.0,1.0,1,0.3577081907631255,35
2222,4,9919,1548,8371,0,0,0,1.0,1.0,1.0,1.0,1.0,1,0.4028405698933169,33
2223,5,9924,1548,8376,0,0,0,1.0,1.0,1.0,1.0,1.0,1,0.30310239519603505,34
2224,3,9927,1548,8379,0,0,0,1.0,1.0,1.0,1.0,1.0,1,0.2885527534608935,32
2225,2,9929,1549,8380,0,0,0,1.0,1.0,1.0,1.0,1.0,1,0.2604870739384587,33
2226,3,9932,1550,8382,0,0,0,1.0,1.0,1.0,1.0,1.0,1,0.1678963899908159,32
2227,4,9936,1551,8385,0,0,0,1.0,1.0,1.0,1.0,1.0,1,0.1646218291462701,31
2228,0,9936,1551,8385,0,0,0,1.0,1.0,1.0,1.0,1.0,1,0.20720810415612728,32
2229,2,9938,1552,8386,0,0,0,1.0,1.0,1.0,1.0,1.0,1,0.15792682469022323,32
2230,0,9938,1552,8386,0,0,0,1.0,1.0,1.0,1.0,1.0,1,0.18801376768332842,31
2231,1,9939,1552,8387,0,0,0,1.0,1.0,1.0,1.0,1.0,1,0.15643394482503306,32
2232,1,9940,1553,8387,0,0,0,1.0,1.0,1.0,1.0,1.0,1,0.21385485229726273,32
2233,0,9940,1553,8387,0,0,0,1.0,1.0,1.0,1.0,1.0,1,0.2052173050513372,31
2234,1,9941,1554,8387,0,0,0,1.0,1.0,1.0,1.0,1.0,1,0.16986196309409726,32
2235,1,9942,1554,8388,0,0,0,1.0,1.0,1.0,1.0,1.0,1,0.22908824622588442,31
2236,5,9947,1556,8391,0,0,0,1.0,1.0,1.0,1.0,1.0,1,0.16460775962380178,31
2237,2,9949,1558,8391,0,0,0,1.0,1.0,1.0,1.0,1.0,1,0.2133975465666957,31
2238,2,9951,1559,8392,0,0,0,1.0,1.0,1.0,1.0,1.0,1,0.2400557644953493,31
2239,1,9952,1559,8393,0,0,0,1.0,1.0,1.0,1.0,1.0,1,0.18188692043396898,31
2240,0,9952,1559,8393,0,0,0,1.0,1.0,1.0,1.0,1.0,1,0.20323473597937936,32
2241,0,9952,1559,8393,0,0,0,1.0,1.0,1.0,1.0,1.0,1,0.20323473597937936,32
2242,1,9953,1560,8393,0,0,0,1.0,1.0,1.0,1.0,1.0,1,0.19959187794870523,34
2243,2,9955,1562,8393,0,0,0,1.0,1.0,1.0,1.0,1.0,1,0.225876647979404,34
2244,1,9956,1562,8394,0,0,0,1.0,1.0,1.0,1.0,1.0,1,0.21493663982166647,36
2245,3,9959,1563,8396,0,0,0,1.0,1.0,1.0,1.0,1.0,1,0.19325710733762366,36
2246,2,9961,1563,8398,0,0,0,1.0,1.0,1.0,1.0,1.0,1,0.215801445152913,39
2247,4,9965,1563,8402,0,0,0,1.0,1.0,1.0,1.0,1.0,1,0.17766394157652818,40
2248,3,9968,1563,8405,0,0,0,1.0,1.0,1.0,1.0,1.0,1,0.1737771008430894,40
2249,1,9969,1563,8406,0,0,0,1.0,1.0,1.0,1.0,1.0,1,0.1739163911904973,41
2250,0,9969,1563,8406,0,0,0,1.0,1.0,1.0,1.0,1.0,1,0.1739163911904973,41
2251,2,9971,1563,8408,0,0,0,1.0,1.0,1.0,1.0,1.0,1,0.12682531561505042,42
2252,0,9971,1563,8408,0,0,0,1.0,1.0,1.0,1.0,1.0,1,0.1123953603134215,41
2253,1,9972,1564,8408,0,0,0,1.0,1.0,1.0,1.0,1.0,1,0.1261153952090847,40
2254,1,9973,1565,8408,0,0,0,1.0,1.0,1.0,1.0,1.0,1,0.13557412520372772,39
2255,1,9974,1565,8409,0,0,0,1.0,1.0,1.0,1.0,1.0,1,0.10415259626385445,39
2256,1,9975,1566,8409,0,0,0,1.0,1.0,1.0,1.0,1.0,1,0.09944944536398692,40
2257,3,9978,1567,8411,0,0,0,1.0,1.0,1.0,1.0,1.0,1,0.12146578244657635,40
2258,1,9979,1568,8411,0,0,0,1.0,1.0,1.0,1.0,1.0,1,0.14354729430917326,39
2259,2,9981,1570,8411,0,0,0,1.0,1.0,1.0,1.0,1.0,1,0.18522219901207002,41
2260,1,9982,1570,8412,0,0,0,1.0,1.0,1.0,1.0,1.0,1,0.20623594325226063,38
2261,5,9987,1573,8414,0,0,0,1.0,1.0,1.0,1.0,1.0,1,0.2394332230945769,38
2262,1,9988,1574,8414,0,0,0,1.0,1.0,1.0,1.0,1.0,1,0.3006551118709289,36
2263,4,9992,1577,8415,0,0,0,1.0,1.0,1.0,1.0,1.0,1,0.3321507432185379,35
2264,6,9998,1580,8418,0,0,0,1.0,1.0,1.0,1.0,1.0,1,0.2901962743334503,33
2265,0,9998,1580,8418,0,0,0,1.0,1.0,1.0,1.0,1.0,1,0.26029166326771774,33
2266,3,10001,1581,8420,0,0,0,1.0,1.0,1.0,1.0,1.0,1,0.22269876773774488,33
2267,4,10005,1584,8421,0,0,0,1.0,1.0,1.0,1.0,1.0,1,0.19264125305644073,33
2268,3,10008,1586,8422,0,0,0,1.0,1.0,1.0,1.0,1.0,1,0.2196404726592645,35
2269,5,10013,1590,8423,0,0,0,1.0,1.0,1.0,1.0,1.0,1,0.238768934413554,36
2270,4,10017,1592,8425,0,0,0,1.0,1.0,1.0,1.0,1.0,1,0.26121472237883087,34
2271,3,10020,1594,8426,0,0,0,1.0,1.0,1.0,1.0,1.0,1,0.28461229644245806,34
2272,1,10021,1595,8426,0,0,0,1.0,1.0,1.0,1.0,1.0,1,0.25148875406966004,33
2273,0,10021,1595,8426,0,0,0,1.0,1.0,1.0,1.0,1.0,1,0.2734386424833509,32
2274,2,10023,1596,8427,0,0,0,1.0,1.0,1.0,1.0,1.0,1,0.2033440657505556,32
2275,0,10023,1596,8427,0,0,0,1.0,1.0,1.0,1.0,1.0,1,0.2574924461779291,32
2276,4,10027,1598,8429,0,0,0,1.0,1.0,1.0,1.0,1.0,1,0.1729890456121795,31
2277,0,10027,1598,8429,0,0,0,1.0,1.0,1.0,1.0,1.0,1,0.19219046372252788,30
2278,3,10030,1600,8430,0,0,0,1.0,1.0,1.0,1.0,1.0,1,0.15737903423161703,33
2279,0,10030,1600,8430,0,0,0,1.0,1.0,1.0,1.0,1.0,1,0.15737903423161703,33
2280,2,10032,1600,8432,0,0,0,1.0,1.0,1.0,1.0,1.0,1,0.14309804969369058,35
2281,1,10033,1600,8433,0,0,0,1.0,1.0,1.0,1.0,1.0,1,0.1392312623590615,36
2282,0,10033,1600,8433,0,0,0,1.0,1.0,1.0,1.0,1.0,1,0.1392312623590615,36
2283,2,10035,1601,8434,0,0,0,1.0,1.0,1.0,1.0,1.0,1,0.14513559185594768,36
2284,2,10037,1602,8435,0,0,0,1.0,1.0,1.0,1.0,1.0,1,0.1552251239648913,36
2285,0,10037,1602,8435,0,0,0,1.0,1.0,1.0,1.0,1.0,1,0.15058088579337053,37
2286,2,10039,1603,8436,0,0,0,1.0,1.0,1.0,1.0,1.0,1,0.13554698585533448,38
2287,1,10040,1603,8437,0,0,0,1.0,1.0,1.0,1.0,1.0,1,0.15905613961928,38
2288,8,10048,1606,8442,0,0,0,1.0,1.0,1.0,1.0,1.0,1,0.21315272430555696,40
2289,3,10051,1607,8444,0,0,0,1.0,1.0,1.0,1.0,1.0,1,0.24242217776095448,40
2290,3,10054,1609,8445,0,0,0,1.0,1.0,1.0,1.0,1.0,1,0.2741792010476307,39
2291,1,10055,1609,8446,0,0,0,1.0,1.0,1.0,1.0,1.0,1,0.2601000343962118,37
2292,0,10055,1609,8446,0,0,0,1.0,1.0,1.0,1.0,1.0,1,0.2861783024194129,35
2293,0,10055,1609,8446,0,0,0,1.0,1.0,1.0,1.0,1.0,1,0.2866451946084166,35
2294,1,10056,1609,8447,0,0,0,1.0,1.0,1.0,1.0,1.0,1,0.30609797422751067,35
2295,4,10060,1610,8450,0,0,0,1.0,1.0,1.0,1.0,1.0,1,0.2746054838435879,36
2296,2,10062,1610,8452,0,0,0,1.0,1.0,1.0,1.0,1.0,1,0.3545188116299208,34
2297,8,10070,1610,8460,0,0,0,1.0,1.0,1.0,1.0,1.0,1,0.27878574917706744,35
2298,1,10071,1610,8461,0,0,0,1.0,1.0,1.0,1.0,1.0,1,0.29136589864403284,34
2299,4,10075,1611,8464,0,0,0,1.0,1.0,1.0,1.0,1.0,1,0.24096625603355878,35
2300,0,10075,1611,8464,0,0,0,1.0,1.0,1.0,1.0,1.0,1,0.24096625603355878,35
2301,2,10077,1611,8466,0,0,0,1.0,1.0,1.0,1.0,1.0,1,0.2057119968255864,35
2302,0,10077,1611,8466,0,0,0,1.0,1.0,1.0,1.0,1.0,1,0.1802079524935161,37
2303,2,10079,1612,8467,0,0,0,1.0,1.0,1.0,1.0,1.0,1,0.1268738067322736,35
2304,2,10081,1614,8467,0,0,0,1.0,1.0,1.0,1.0,1.0,1,0.1996448049637671,36
2305,0,10081,1614,8467,0,0,0,1.0,1.0,1.0,1.0,1.0,1,0.18066093410017067,34
2306,3,10084,1615,8469,0,0,0,1.0,1.0,1.0,1.0,1.0,1,0.194260315180054,35
2307,1,10085,1615,8470,0,0,0,1.0,1.0,1.0,1.0,1.0,1,0.20564817642388258,35
2308,0,10085,1615,8470,0,0,0,1.0,1.0,1.0,1.0,1.0,1,0.20564817642388258,35
2309,1,10086,1615,8471,0,0,0,1.0,1.0,1.0,1.0,1.0,1,0.24503143918459916,34
2310,3,10089,1615,8474,0,0,0,1.0,1.0,1.0,1.0,1.0,1,0.2369347710838077,36
2311,7,10096,1615,8481,0,0,0,1.0,1.0,1.0,1.0,1.0,1,0.18024894289037904,38
2312,8,10104,1616,8488,0,0,0,1.0,1.0,1.0,1.0,1.0,1,0.22151916651956424,39
2313,7,10111,1616,8495,0,0,0,1.0,1.0,1.0,1.0,1.0,1,0.18976720949069945,39
2314,5,10116,1617,8499,0,0,0,1.0,1.0,1.0,1.0,1.0,1,0.15410136413295342,39
2315,6,10122,1619,8503,0,0,0,1.0,1.0,1.0,1.0,1.0,1,0.24061519420660896,40
2316,5,10127,1619,8508,0,0,0,1.0,1.0,1.0,1.0,1.0,1,0.2007931352096551,40
2317,11,10138,1621,8517,0,0,0,1.0,1.0,1.0,1.0,1.0,1,0.2566705167763238,41
2318,3,10141,1621,8520,0,0,0,1.0,1.0,1.0,1.0,1.0,1,0.19897509918464354,41
2319,2,10143,1621,8522,0,0,0,1.0,1.0,1.0,1.0,1.0,1,0.23330062860971787,41
2320,2,10145,1621,8524,0,0,0,1.0,1.0,1.0,1.0,1.0,1,0.23299850160210797,42
2321,6,10151,1621,8530,0,0,0,1.0,1.0,1.0,1.0,1.0,1,0.21456995439999696,43
2322,5,10156,1621,8535,0,0,0,1.0,1.0,1.0,1.0,1.0,1,0.18187365840750414,42
2323,6,10162,1622,8540,0,0,0,1.0,1.0,1.0,1.0,1.0,1,0.2228790350781839,43
2324,6,10168,1622,8546,0,0,0,1.0,1.0,1.0,1.0,1.0,1,0.2377301101287778,44
2325,5,10173,1623,8550,0,0,0,1.0,1.0,1.0,1.0,1.0,1,0.2563341313261645,44
2326,6,10179,1623,8556,0,0,0,1.0,1.0,1.0,1.0,1.0,1,0.16568213416518213,45
2327,3,10182,1623,8559,0,0,0,1.0,1.0,1.0,1.0,1.0,1,0.14525674460991878,45
2328,3,10185,1624,8561,0,0,0,1.0,1.0,1.0,1.0,1.0,1,0.13373485043795297,46
2329,8,10193,1625,8568,0,0,0,1.0,1.0,1.0,1.0,1.0,1,0.13133671043431563,45
2330,8,10201,1625,8576,0,0,0,1.0,1.0,1.0,1.0,1.0,1,0.09837665986456115,47
2331,5,10206,1625,8581,0,0,0,1.0,1.0,1.0,1.0,1.0,1,0.13650508671047318,48
2332,8,10214,1626,8588,0,0,0,1.0,1.0,1.0,1.0,1.0,1,0.18950279610716278,48
2333,10,10224,1628,8596,0,0,0,1.0,1.0,1.0,1.0,1.0,1,0.20307119505301477,49
2334,7,10231,1629,8602,0,0,0,1.0,1.0,1.0,1.0,1.0,1,0.2630755001023776,47
2335,5,10236,1629,8607,0,0,0,1.0,1.0,1.0,1.0,1.0,1,0.21037146199767856,46
2336,3,10239,1629,8610,0,0,0,1.0,1.0,1.0,1.0,1.0,1,0.2116809405671742,46
2337,8,10247,1629,8618,0,0,0,1.0,1.0,1.0,1.0,1.0,1,0.14363154826702715,45
2338,5,10252,1629,8623,0,0,0,1.0,1.0,1.0,1.0,1.0,1,0.17530962923211385,44
2339,4,10256,1629,8627,0,0,0,1.0,1.0,1.0,1.0,1.0,1,0.14202754878470078,45
2340,2,10258,1629,8629,0,0,0,1.0,1.0,1.0,1.0,1.0,1,0.1867426394673089,44
2341,2,10260,1629,8631,0,0,0,1.0,1.0,1.0,1.0,1.0,1,0.15909678670687605,45
2342,4,10264,1629,8635,0,0,0,1.0,1.0,1.0,1.0,1.0,1,0.14973005416851926,47
2343,2,10266,1630,8636,0,0,0,1.0,1.0,1.0,1.0,1.0,1,0.17913959638793867,46
2344,3,10269,1630,8639,0,0,0,1.0,1.0,1.0,1.0,1.0,1,0.13291979625004177,46
2345,2,10271,1630,8641,0,0,0,1.0,1.0,1.0,1.0,1.0,1,0.11910569065973464,45
2346,1,10272,1630,8642,0,0,0,1.0,1.0,1.0,1.0,1.0,1,0.11901973426990205,46
2347,2,10274,1630,8644,0,0,0,1.0,1.0,1.0,1.0,1.0,1,0.11508198547823519,47
2348,4,10278,1631,8647,0,0,0,1.0,1.0,1.0,1.0,1.0,1,0.14446321091435788,49
2349,4,10282,1632,8650,0,0,0,1.0,1.0,1.0,1.0,1.0,1,0.1675228093423974,49
2350,4,10286,1633,8653,0,0,0,1.0,1.0,1.0,1.0,1.0,1,0.1461343629968751,50
2351,6,10292,1634,8658,0,0,0,1.0,1.0,1.0,1.0,1.0,1,0.08395967638563538,50
2352,1,10293,1634,8659,0,0,0,1.0,1.0,1.0,1.0,1.0,1,0.0872009965971308,51
2353,1,10294,1635,8659,0,0,0,1.0,1.0,1.0,1.0,1.0,1,0.09762784813277052,51
2354,1,10295,1636,8659,0,0,0,1.0,1.0,1.0,1.0,1.0,1,0.12136090811644895,51
2355,2,10297,1636,8661,0,0,0,1.0,1.0,1.0,1.0,1.0,1,0.08153983885215241,50
2356,1,10298,1636,8662,0,0,0,1.0,1.0,1.0,1.0,1.0,1,0.07235920142679587,50
2357,1,10299,1636,8663,0,0,0,1.0,1.0,1.0,1.0,1.0,1,0.07283037237257503,49
2358,0,10299,1636,8663,0,0,0,1.0,1.0,1.0,1.0,1.0,1,0.08367021856396936,51
2359,1,10300,1636,8664,0,0,0,1.0,1.0,1.0,1.0,1.0,1,0.08414298616774,51
2360,1,10301,1636,8665,0,0,0,1.0,1.0,1.0,1.0,1.0,1,0.10736650749081499,51
2361,3,10304,1638,8666,0,0,0,1.0,1.0,1.0,1.0,1.0,1,0.16576102883611157,52
2362,5,10309,1638,8671,0,0,0,1.0,1.0,1.0,1.0,1.0,1,0.13033313031866892,53
2363,3,10312,1638,8674,0,0,0,1.0,1.0,1.0,1.0,1.0,1,0.14291300948887867,54
2364,2,10314,1638,8676,0,0,0,1.0,1.0,1.0,1.0,1.0,1,0.15800632726717068,55
2365,5,10319,1640,8679,0,0,0,1.0,1.0,1.0,1.0,1.0,1,0.15991481150108106,53
2366,7,10326,1643,8683,0,0,0,1.0,1.0,1.0,1.0,1.0,1,0.17366169020946473,53
2367,8,10334,1645,8689,0,0,0,1.0,1.0,1.0,1.0,1.0,1,0.3036556466518382,51
2368,7,10341,1646,8695,0,0,0,1.0,1.0,1.0,1.0,1.0,1,0.3167006173585709,50
2369,6,10347,1647,8700,0,0,0,1.0,1.0,1.0,1.0,1.0,1,0.3248856321202097,47
2370,5,10352,1647,8705,0,0,0,1.0,1.0,1.0,1.0,1.0,1,0.33842028887778614,48
2371,5,10357,1650,8707,0,0,0,1.0,1.0,1.0,1.0,1.0,1,0.33589202752903347,49
2372,2,10359,1650,8709,0,0,0,1.0,1.0,1.0,1.0,1.0,1,0.32832357889528935,48
2373,8,10367,1651,8716,0,0,0,1.0,1.0,1.0,1.0,1.0,1,0.31572429021479487,49
2374,5,10372,1651,8721,0,0,0,1.0,1.0,1.0,1.0,1.0,1,0.3305514736915995,50
2375,5,10377,1651,8726,0,0,0,1.0,1.0,1.0,1.0,1.0,1,0.317090553679384,50
2376,13,10390,1651,8739,0,0,0,1.0,1.0,1.0,1.0,1.0,1,0.15687710715363679,50
2377,1,10391,1651,8740,0,0,0,1.0,1.0,1.0,1.0,1.0,1,0.14429317588049384,49
2378,2,10393,1651,8742,0,0,0,1.0,1.0,1.0,1.0,1.0,1,0.18173658683377392,49
2379,4,10397,1652,8745,0,0,0,1.0,1.0,1.0,1.0,1.0,1,0.18101171864320906,50
2380,2,10399,1653,8746,0,0,0,1.0,1.0,1.0,1.0,1.0,1,0.17669399200440405,50
2381,4,10403,1654,8749,0,0,0,1.0,1.0,1.0,1.0,1.0,1,0.18522969512726165,51
2382,1,10404,1654,8750,0,0,0,1.0,1.0,1.0,1.0,1.0,1,0.18659799212873188,51
2383,6,10410,1655,8755,0,0,0,1.0,1.0,1.0,1.0,1.0,1,0.16702693394073406,52
2384,6,10416,1656,8760,0,0,0,1.0,1.0,1.0,1.0,1.0,1,0.16188887325962148,52
2385,9,10425,1658,8767,0,0,0,1.0,1.0,1.0,1.0,1.0,1,0.17101263710515271,51
2386,5,10430,1660,8770,0,0,0,1.0,1.0,1.0,1.0,1.0,1,0.23116303753998263,52
2387,4,10434,1660,8774,0,0,0,1.0,1.0,1.0,1.0,1.0,1,0.22297172558605083,49
2388,5,10439,1662,8777,0,0,0,1.0,1.0,1.0,1.0,1.0,1,0.20984234515678601,48
2389,4,10443,1664,8779,0,0,0,1.0,1.0,1.0,1.0,1.0,1,0.2110098727468566,48
2390,7,10450,1665,8785,0,0,0,1.0,1.0,1.0,1.0,1.0,1,0.1986719935334944,49
2391,6,10456,1668,8788,0,0,0,1.0,1.0,1.0,1.0,1.0,1,0.1928286988089185,48
2392,7,10463,1669,8794,0,0,0,1.0,1.0,1.0,1.0,1.0,1,0.1734406535557131,49
2393,7,10470,1670,8800,0,0,0,1.0,1.0,1.0,1.0,1.0,1,0.1533030392070558,50
2394,5,10475,1671,8804,0,0,0,1.0,1.0,1.0,1.0,1.0,1,0.16594177282319467,50
2395,6,10481,1672,8809,0,0,0,1.0,1.0,1.0,1.0,1.0,1,0.13697898375807407,49
2396,5,10486,1672,8814,0,0,0,1.0,1.0,1.0,1.0,1.0,1,0.15861992343361714,50
2397,10,10496,1676,8820,0,0,0,1.0,1.0,1.0,1.0,1.0,1,0.21080241798134358,51
2398,5,10501,1677,8824,0,0,0,1.0,1.0,1.0,1.0,1.0,1,0.16586200389658287,49
2399,3,10504,1677,8827,0,0,0,1.0,1.0,1.0,1.0,1.0,1,0.1782102714098444,50
2400,7,10511,1678,8833,0,0,0,1.0,1.0,1.0,1.0,1.0,1,0.21735941115197555,51
2401,9,10520,1678,8842,0,0,0,1.0,1.0,1.0,1.0,1.0,1,0.13188607653993187,50
2402,3,10523,1678,8845,0,0,0,1.0,1.0,1.0,1.0,1.0,1,0.13083122724899332,51
2403,0,10523,1678,8845,0,0,0,1.0,1.0,1.0,1.0,1.0,1,0.12687940339401726,52
2404,5,10528,1678,8850,0,0,0,1.0,1.0,1.0,1.0,1.0,1,0.11125587369734567,53
2405,1,10529,1678,8851,0,0,0,1.0,1.0,1.0,1.0,1.0,1,0.1047616275183851,52
2406,0,10529,1678,8851,0,0,0,1.0,1.0,1.0,1.0,1.0,1,0.1047616275183851,52
2407,0,10529,1678,8851,0,0,0,1.0,1.0,1.0,1.0,1.0,1,0.13705442189764996,51
2408,1,10530,1678,8852,0,0,0,1.0,1.0,1.0,1.0,1.0,1,0.1904274956241333,50
2409,3,10533,1678,8855,0,0,0,1.0,1.0,1.0,1.0,1.0,1,0.1649556092885256,50
2410,1,10534,1679,8855,0,0,0,1.0,1.0,1.0,1.0,1.0,1,0.18010454864798509,49
2411,3,10537,1680,8857,0,0,0,1.0,1.0,1.0,1.0,1.0,1,0.2157021474735812,48
2412,3,10540,1680,8860,0,0,0,1.0,1.0,1.0,1.0,1.0,1,0.2144712479400593,47
2413,0,10540,1680,8860,0,0,0,1.0,1.0,1.0,1.0,1.0,1,0.1994782103493112,47
2414,1,10541,1680,8861,0,0,0,1.0,1.0,1.0,1.0,1.0,1,0.23804141452627353,47
2415,1,10542,1680,8862,0,0,0,1.0,1.0,1.0,1.0,1.0,1,0.2290393254204455,46
2416,2,10544,1681,8863,0,0,0,1.0,1.0,1.0,1.0,1.0,1,0.21824288231914962,47
2417,2,10546,1681,8865,0,0,0,1.0,1.0,1.0,1.0,1.0,1,0.20805103934472405,46
2418,1,10547,1682,8865,0,0,0,1.0,1.0,1.0,1.0,1.0,1,0.2069164158876088,48
2419,3,10550,1684,8866,0,0,0,1.0,1.0,1.0,1.0,1.0,1,0.22552605170216933,47
2420,1,10551,1684,8867,0,0,0,1.0,1.0,1.0,1.0,1.0,1,0.18920485192348763,49
2421,4,10555,1686,8869,0,0,0,1.0,1.0,1.0,1.0,1.0,1,0.20053717694041098,50
2422,3,10558,1688,8870,0,0,0,1.0,1.0,1.0,1.0,1.0,1,0.18082609820851672,50
2423,6,10564,1690,8874,0,0,0,1.0,1.0,1.0,1.0,1.0,1,0.18770322184251886,51
2424,4,10568,1694,8874,0,0,0,1.0,1.0,1.0,1.0,1.0,1,0.19474059355357837,50
2425,3,10571,1694,8877,0,0,0,1.0,1.0,1.0,1.0,1.0,1,0.20681330967257522,48
2426,7,10578,1697,8881,0,0,0,1.0,1.0,1.0,1.0,1.0,1,0.14013911050373942,51
2427,2,10580,1698,8882,0,0,0,1.0,1.0,1.0,1.0,1.0,1,0.14642007723961478,50
2428,5,10585,1699,8886,0,0,0,1.0,1.0,1.0,1.0,1.0,1,0.16525218213118098,49
2429,5,10590,1701,8889,0,0,0,1.0,1.0,1.0,1.0,1.0,1,0.2026669356326861,49
2430,2,10592,1701,8891,0,0,0,1.0,1.0,1.0,1.0,1.0,1,0.24881014819913402,46
2431,3,10595,1703,8892,0,0,0,1.0,1.0,1.0,1.0,1.0,1,0.2512846837241004,45
2432,3,10598,1704,8894,0,0,0,1.0,1.0,1.0,1.0,1.0,1,0.3146780247886367,44
2433,3,10601,1704,8897,0,0,0,1.0,1.0,1.0,1.0,1.0,1,0.2808525126366211,45
2434,1,10602,1704,8898,0,0,0,1.0,1.0,1.0,1.0,1.0,1,0.2837167896334875,44
2435,3,10605,1704,8901,0,0,0,1.0,1.0,1.0,1.0,1.0,1,0.2363038262904359,44
2436,5,10610,1705,8905,0,0,0,1.0,1.0,1.0,1.0,1.0,1,0.2395389857301901,44
2437,3,10613,1705,8908,0,0,0,1.0,1.0,1.0,1.0,1.0,1,0.22287165058350464,45
2438,3,10616,1706,8910,0,0,0,1.0,1.0,1.0,1.0,1.0,1,0.24420566833991736,45
2439,1,10617,1706,8911,0,0,0,1.0,1.0,1.0,1.0,1.0,1,0.25957643236586814,46
2440,3,10620,1707,8913,0,0,0,1.0,1.0,1.0,1.0,1.0,1,0.28357654998271187,45
2441,4,10624,1708,8916,0,0,0,1.0,1.0,1.0,1.0,1.0,1,0.28090292133859135,45
2442,1,10625,1708,8917,0,0,0,1.0,1.0,1.0,1.0,1.0,1,0.25807704685829197,46
2443,4,10629,1708,8921,0,0,0,1.0,1.0,1.0,1.0,1.0,1,0.2286897396367871,45
2444,8,10637,1713,8924,0,0,0,1.0,1.0,1.0,1.0,1.0,1,0.32749037564587063,46
2445,6,10643,1715,8928,0,0,0,1.0,1.0,1.0,1.0,1.0,1,0.2944896178186247,44
2446,4,10647,1716,8931,0,0,0,1.0,1.0,1.0,1.0,1.0,1,0.22719517586787955,44
2447,3,10650,1717,8933,0,0,0,1.0,1.0,1.0,1.0,1.0,1,0.212638169287572,42
2448,4,10654,1720,8934,0,0,0,1.0,1.0,1.0,1.0,1.0,1,0.20850988269032172,41
2449,3,10657,1721,8936,0,0,0,1.0,1.0,1.0,1.0,1.0,1,0.19709155020231078,40
2450,1,10658,1722,8936,0,0,0,1.0,1.0,1.0,1.0,1.0,1,0.1952658223948951,42
2451,5,10663,1723,8940,0,0,0,1.0,1.0,1.0,1.0,1.0,1,0.1462792042078232,43
2452,4,10667,1725,8942,0,0,0,1.0,1.0,1.0,1.0,1.0,1,0.17342505699575858,43
2453,7,10674,1725,8949,0,0,0,1.0,1.0,1.0,1.0,1.0,1,0.16642506448734856,45
2454,9,10683,1728,8955,0,0,0,1.0,1.0,1.0,1.0,1.0,1,0.23081721136661326,47
2455,7,10690,1728,8962,0,0,0,1.0,1.0,1.0,1.0,1.0,1,0.23584384533510835,48
2456,10,10700,1729,8971,0,0,0,1.0,1.0,1.0,1.0,1.0,1,0.20369623738944412,49
2457,9,10709,1731,8978,0,0,0,1.0,1.0,1.0,1.0,1.0,1,0.27292126495954827,48
2458,6,10715,1731,8984,0,0,0,1.0,1.0,1.0,1.0,1.0,1,0.24133331327510063,49
2459,8,10723,1731,8992,0,0,0,1.0,1.0,1.0,1.0,1.0,1,0.24296420089411946,49
2460,9,10732,1731,9001,0,0,0,1.0,1.0,1.0,1.0,1.0,1,0.2166189406886416,50
2461,11,10743,1733,9010,0,0,0,1.0,1.0,1.0,1.0,1.0,1,0.26395244309486915,50
2462,13,10756,1735,9021,0,0,0,1.0,1.0,1.0,1.0,1.0,1,0.2411624121225977,51
2463,8,10764,1735,9029,0,0,0,1.0,1.0,1.0,1.0,1.0,1,0.20560040779943925,51
2464,7,10771,1736,9035,0,0,0,1.0,1.0,1.0,1.0,1.0,1,0.17578897482305733,50
2465,9,10780,1737,9043,0,0,0,1.0,1.0,1.0,1.0,1.0,1,0.1765021413471561,49
2466,8,10788,1738,9050,0,0,0,1.0,1.0,1.0,1.0,1.0,1,0.19690862902011347,49
2467,7,10795,1738,9057,0,0,0,1.0,1.0,1.0,1.0,1.0,1,0.22075772919194211,48
2468,5,10800,1739,9061,0,0,0,1.0,1.0,1.0,1.0,1.0,1,0.21743537412895242,47
2469,4,10804,1739,9065,0,0,0,1.0,1.0,1.0,1.0,1.0,1,0.1792394511639827,46
2470,2,10806,1739,9067,0,0,0,1.0,1.0,1.0,1.0,1.0,1,0.212829090487091,44
2471,4,10810,1739,9071,0,0,0,1.0,1.0,1.0,1.0,1.0,1,0.23264995937887722,44
2472,3,10813,1739,9074,0,0,0,1.0,1.0,1.0,1.0,1.0,1,0.22418323570338164,44
2473,1,10814,1739,9075,0,0,0,1.0,1.0,1.0,1.0,1.0,1,0.22196081722853198,43
2474,3,10817,1741,9076,0,0,0,1.0,1.0,1.0,1.0,1.0,1,0.2215919014695498,44
2475,1,10818,1741,9077,0,0,0,1.0,1.0,1.0,1.0,1.0,1,0.19381977730750213,46
2476,4,10822,1741,9081,0,0,0,1.0,1.0,1.0,1.0,1.0,1,0.11038908099359626,46
2477,0,10822,1741,9081,0,0,0,1.0,1.0,1.0,1.0,1.0,1,0.11038908099359626,46
2478,1,10823,1741,9082,0,0,0,1.0,1.0,1.0,1.0,1.0,1,0.10542974264664819,46
2479,2,10825,1742,9083,0,0,0,1.0,1.0,1.0,1.0,1.0,1,0.09925209716744741,46
2480,2,10827,1742,9085,0,0,0,1.0,1.0,1.0,1.0,1.0,1,0.09577354026889871,47
2481,2,10829,1744,9085,0,0,0,1.0,1.0,1.0,1.0,1.0,1,0.08005272675803271,47
2482,0,10829,1744,9085,0,0,0,1.0,1.0,1.0,1.0,1.0,1,0.0924800994978433,45
2483,2,10831,1745,9086,0,0,0,1.0,1.0,1.0,1.0,1.0,1,0.11776520762340563,45
2484,2,10833,1746,9087,0,0,0,1.0,1.0,1.0,1.0,1.0,1,0.13542737927853699,46
2485,3,10836,1748,9088,0,0,0,1.0,1.0,1.0,1.0,1.0,1,0.13843285132953065,44
2486,1,10837,1748,9089,0,0,0,1.0,1.0,1.0,1.0,1.0,1,0.13007195212812156,43
2487,0,10837,1748,9089,0,0,0,1.0,1.0,1.0,1.0,1.0,1,0.12848926985305192,44
2488,1,10838,1748,9090,0,0,0,1.0,1.0,1.0,1.0,1.0,1,0.1376810609925206,45
2489,1,10839,1749,9090,0,0,0,1.0,1.0,1.0,1.0,1.0,1,0.19569574198541537,44
2490,5,10844,1752,9092,0,0,0,1.0,1.0,1.0,1.0,1.0,1,0.17588711906804533,44
2491,1,10845,1753,9092,0,0,0,1.0,1.0,1.0,1.0,1.0,1,0.18935373708103054,44
2492,3,10848,1754,9094,0,0,0,1.0,1.0,1.0,1.0,1.0,1,0.21336572059294445,44
2493,1,10849,1754,9095,0,0,0,1.0,1.0,1.0,1.0,1.0,1,0.23726786458352886,42
2494,1,10850,1755,9095,0,0,0,1.0,1.0,1.0,1.0,1.0,1,0.2500782330231668,42
2495,2,10852,1756,9096,0,0,0,1.0,1.0,1.0,1.0,1.0,1,0.26260408692857945,42
2496,1,10853,1757,9096,0,0,0,1.0,1.0,1.0,1.0,1.0,1,0.28734428117641203,42
2497,1,10854,1758,9096,0,0,0,1.0,1.0,1.0,1.0,1.0,1,0.27611164390062276,44
2498,3,10857,1759,9098,0,0,0,1.0,1.0,1.0,1.0,1.0,1,0.2769568464135419,43
2499,1,10858,1760,9098,0,0,0,1.0,1.0,1.0,1.0,1.0,1,0.2682662880364641,43
2500,2,10860,1761,9099,0,0,0,1.0,1.0,1.0,1.0,1.0,1,0.25734446074695233,44
2501,10,10870,1761,9109,0,0,0,1.0,1.0,1.0,1.0,1.0,1,0.1390464296969785,46
2502,2,10872,1762,9110,0,0,0,1.0,1.0,1.0,1.0,1.0,1,0.12914877175472322,47
2503,2,10874,1763,9111,0,0,0,1.0,1.0,1.0,1.0,1.0,1,0.15331336341019214,47
2504,2,10876,1764,9112,0,0,0,1.0,1.0,1.0,1.0,1.0,1,0.15087575214502055,46
2505,7,10883,1767,9116,0,0,0,1.0,1.0,1.0,1.0,1.0,1,0.1675042897746898,46
2506,2,10885,1768,9117,0,0,0,1.0,1.0,1.0,1.0,1.0,1,0.21711856553911385,45
2507,0,10885,1768,9117,0,0,0,1.0,1.0,1.0,1.0,1.0,1,0.24909944559715583,45
2508,3,10888,1768,9120,0,0,0,1.0,1.0,1.0,1.0,1.0,1,0.23859174471658964,46
2509,4,10892,1770,9122,0,0,0,1.0,1.0,1.0,1.0,1.0,1,0.24919349837390736,45
2510,5,10897,1771,9126,0,0,0,1.0,1.0,1.0,1.0,1.0,1,0.24307579953513261,46
2511,3,10900,1771,9129,0,0,0,1.0,1.0,1.0,1.0,1.0,1,0.20848726072755805,47
2512,4,10904,1772,9132,0,0,0,1.0,1.0,1.0,1.0,1.0,1,0.2087925170527943,47
2513,3,10907,1773,9134,0,0,0,1.0,1.0,1.0,1.0,1.0,1,0.20579278982116875,48
2514,8,10915,1776,9139,0,0,0,1.0,1.0,1.0,1.0,1.0,1,0.24690305455114625,48
2515,9,10924,1778,9146,0,0,0,1.0,1.0,1.0,1.0,1.0,1,0.21309267695647585,49
2516,6,10930,1779,9151,0,0,0,1.0,1.0,1.0,1.0,1.0,1,0.25036514688250716,49
2517,4,10934,1779,9155,0,0,0,1.0,1.0,1.0,1.0,1.0,1,0.22992289075134612,49
2518,3,10937,1779,9158,0,0,0,1.0,1.0,1.0,1.0,1.0,1,0.23506971168503912,48
2519,6,10943,1779,9164,0,0,0,1.0,1.0,1.0,1.0,1.0,1,0.24148773599572465,48
2520,4,10947,1779,9168,0,0,0,1.0,1.0,1.0,1.0,1.0,1,0.2528121434778377,46
2521,8,10955,1780,9175,0,0,0,1.0,1.0,1.0,1.0,1.0,1,0.23633731354228626,47
2522,1,10956,1781,9175,0,0,0,1.0,1.0,1.0,1.0,1.0,1,0.2467489579380279,45
2523,4,10960,1782,9178,0,0,0,1.0,1.0,1.0,1.0,1.0,1,0.27956771337524267,44
2524,5,10965,1782,9183,0,0,0,1.0,1.0,1.0,1.0,1.0,1,0.30623260235079497,42
2525,1,10966,1782,9184,0,0,0,1.0,1.0,1.0,1.0,1.0,1,0.32004838312436207,42
2526,8,10974,1782,9192,0,0,0,1.0,1.0,1.0,1.0,1.0,1,0.18005586692163636,41
2527,0,10974,1782,9192,0,0,0,1.0,1.0,1.0,1.0,1.0,1,0.18005586692163636,41
2528,1,10975,1782,9193,0,0,0,1.0,1.0,1.0,1.0,1.0,1,0.18462994517923245,41
2529,2,10977,1783,9194,0,0,0,1.0,1.0,1.0,1.0,1.0,1,0.13968472822566758,42
2530,0,10977,1783,9194,0,0,0,1.0,1.0,1.0,1.0,1.0,1,0.15918531566651398,41
2531,0,10977,1783,9194,0,0,0,1.0,1.0,1.0,1.0,1.0,1,0.15918531566651398,41
2532,3,10980,1783,9197,0,0,0,1.0,1.0,1.0,1.0,1.0,1,0.1671160523171594,43
2533,3,10983,1783,9200,0,0,0,1.0,1.0,1.0,1.0,1.0,1,0.16675619794188729,43
2534,1,10984,1783,9201,0,0,0,1.0,1.0,1.0,1.0,1.0,1,0.15808678632396453,43
2535,3,10987,1784,9203,0,0,0,1.0,1.0,1.0,1.0,1.0,1,0.180811283603961,44
2536,2,10989,1784,9205,0,0,0,1.0,1.0,1.0,1.0,1.0,1,0.180811283603961,44
2537,4,10993,1785,9208,0,0,0,1.0,1.0,1.0,1.0,1.0,1,0.21047772876640808,45
2538,5,10998,1785,9213,0,0,0,1.0,1.0,1.0,1.0,1.0,1,0.13695851069636053,48
2539,9,11007,1787,9220,0,0,0,1.0,1.0,1.0,1.0,1.0,1,0.18505045561735903,48
2540,11,11018,1790,9228,0,0,0,1.0,1.0,1.0,1.0,1.0,1,0.21769861222457904,50
2541,11,11029,1791,9238,0,0,0,1.0,1.0,1.0,1.0,1.0,1,0.22704053673117622,52
2542,15,11044,1796,9248,0,0,0,1.0,1.0,1.0,1.0,1.0,1,0.30925681474267663,52
2543,12,11056,1797,9259,0,0,0,1.0,1.0,1.0,1.0,1.0,1,0.26526025549217436,51
2544,9,11065,1799,9266,0,0,0,1.0,1.0,1.0,1.0,1.0,1,0.25114002186114925,51
2545,10,11075,1799,9276,0,0,0,1.0,1.0,1.0,1.0,1.0,1,0.2483852820402136,50
2546,11,11086,1800,9286,0,0,0,1.0,1.0,1.0,1.0,1.0,1,0.26741716854363384,50
2547,11,11097,1801,9296,0,0,0,1.0,1.0,1.0,1.0,1.0,1,0.21934462169768104,47
2548,9,11106,1801,9305,0,0,0,1.0,1.0,1.0,1.0,1.0,1,0.22351853009836448,46
2549,13,11119,1803,9316,0,0,0,1.0,1.0,1.0,1.0,1.0,1,0.22425285488551436,46
2550,4,11123,1804,9319,0,0,0,1.0,1.0,1.0,1.0,1.0,1,0.26703444460118136,44
2551,7,11130,1804,9326,0,0,0,1.0,1.0,1.0,1.0,1.0,1,0.11336587517503838,43
2552,0,11130,1804,9326,0,0,0,1.0,1.0,1.0,1.0,1.0,1,0.13166091057306792,43
2553,0,11130,1804,9326,0,0,0,1.0,1.0,1.0,1.0,1.0,1,0.1498844515320418,44
2554,1,11131,1805,9326,0,0,0,1.0,1.0,1.0,1.0,1.0,1,0.1435852143172804,45
2555,2,11133,1806,9327,0,0,0,1.0,1.0,1.0,1.0,1.0,1,0.16555985970616843,44
2556,2,11135,1806,9329,0,0,0,1.0,1.0,1.0,1.0,1.0,1,0.11658253498594073,44
2557,3,11138,1807,9331,0,0,0,1.0,1.0,1.0,1.0,1.0,1,0.11681564382393163,41
2558,2,11140,1807,9333,0,0,0,1.0,1.0,1.0,1.0,1.0,1,0.11082854148436257,40
2559,1,11141,1807,9334,0,0,0,1.0,1.0,1.0,1.0,1.0,1,0.17780917451482486,41
2560,1,11142,1807,9335,0,0,0,1.0,1.0,1.0,1.0,1.0,1,0.13271215378068985,41
2561,2,11144,1807,9337,0,0,0,1.0,1.0,1.0,1.0,1.0,1,0.12546241100948213,43
2562,3,11147,1808,9339,0,0,0,1.0,1.0,1.0,1.0,1.0,1,0.12266217448955366,44
2563,2,11149,1808,9341,0,0,0,1.0,1.0,1.0,1.0,1.0,1,0.12266217448955366,44
2564,7,11156,1811,9345,0,0,0,1.0,1.0,1.0,1.0,1.0,1,0.19261661781211095,44
2565,1,11157,1811,9346,0,0,0,1.0,1.0,1.0,1.0,1.0,1,0.1894706529910519,45
2566,7,11164,1813,9351,0,0,0,1.0,1.0,1.0,1.0,1.0,1,0.2578301912078476,46
2567,10,11174,1813,9361,0,0,0,1.0,1.0,1.0,1.0,1.0,1,0.21932483079422244,48
2568,4,11178,1814,9364,0,0,0,1.0,1.0,1.0,1.0,1.0,1,0.22676902249102704,48
2569,4,11182,1814,9368,0,0,0,1.0,1.0,1.0,1.0,1.0,1,0.2111214220576773,49
2570,3,11185,1814,9371,0,0,0,1.0,1.0,1.0,1.0,1.0,1,0.21154289562765563,48
2571,4,11189,1814,9375,0,0,0,1.0,1.0,1.0,1.0,1.0,1,0.19988883210764935,48
2572,7,11196,1815,9381,0,0,0,1.0,1.0,1.0,1.0,1.0,1,0.19620029286410276,49
2573,3,11199,1815,9384,0,0,0,1.0,1.0,1.0,1.0,1.0,1,0.19286782911423664,50
2574,4,11203,1816,9387,0,0,0,1.0,1.0,1.0,1.0,1.0,1,0.23524324859641968,49
2575,7,11210,1816,9394,0,0,0,1.0,1.0,1.0,1.0,1.0,1,0.19862061165239472,48
2576,5,11215,1816,9399,0,0,0,1.0,1.0,1.0,1.0,1.0,1,0.13455716805437934,48
2577,3,11218,1816,9402,0,0,0,1.0,1.0,1.0,1.0,1.0,1,0.1285084605512413,50
2578,1,11219,1816,9403,0,0,0,1.0,1.0,1.0,1.0,1.0,1,0.12059777329832,50
2579,2,11221,1816,9405,0,0,0,1.0,1.0,1.0,1.0,1.0,1,0.12149643305589422,51
2580,1,11222,1816,9406,0,0,0,1.0,1.0,1.0,1.0,1.0,1,0.12510454539143062,52
2581,1,11223,1816,9407,0,0,0,1.0,1.0,1.0,1.0,1.0,1,0.1441995011042062,51
2582,3,11226,1817,9409,0,0,0,1.0,1.0,1.0,1.0,1.0,1,0.13645260254958474,51
2583,5,11231,1819,9412,0,0,0,1.0,1.0,1.0,1.0,1.0,1,0.17240241357672886,51
2584,8,11239,1822,9417,0,0,0,1.0,1.0,1.0,1.0,1.0,1,0.15864151968426957,51
2585,3,11242,1823,9419,0,0,0,1.0,1.0,1.0,1.0,1.0,1,0.16730946588950202,50
2586,8,11250,1826,9424,0,0,0,1.0,1.0,1.0,1.0,1.0,1,0.2338989032591898,50
2587,9,11259,1826,9433,0,0,0,1.0,1.0,1.0,1.0,1.0,1,0.14785659659693695,48
2588,8,11267,1828,9439,0,0,0,1.0,1.0,1.0,1.0,1.0,1,0.21183384137108324,50
2589,1,11268,1828,9440,0,0,0,1.0,1.0,1.0,1.0,1.0,1,0.18067647856774072,48
2590,0,11268,1828,9440,0,0,0,1.0,1.0,1.0,1.0,1.0,1,0.18557255393562264,47
2591,6,11274,1829,9445,0,0,0,1.0,1.0,1.0,1.0,1.0,1,0.11313753277652336,47
2592,0,11274,1829,9445,0,0,0,1.0,1.0,1.0,1.0,1.0,1,0.11313753277652336,47
2593,1,11275,1830,9445,0,0,0,1.0,1.0,1.0,1.0,1.0,1,0.15120855093110785,47
2594,6,11281,1832,9449,0,0,0,1.0,1.0,1.0,1.0,1.0,1,0.21306713182466883,49
2595,8,11289,1834,9455,0,0,0,1.0,1.0,1.0,1.0,1.0,1,0.1945511905249562,48
2596,3,11292,1835,9457,0,0,0,1.0,1.0,1.0,1.0,1.0,1,0.22318659023865628,47
2597,5,11297,1838,9459,0,0,0,1.0,1.0,1.0,1.0,1.0,1,0.24706983436440771,48
2598,3,11300,1838,9462,0,0,0,1.0,1.0,1.0,1.0,1.0,1,0.24607425949966436,48
2599,5,11305,1839,9466,0,0,0,1.0,1.0,1.0,1.0,1.0,1,0.20510771182500673,49
2600,7,11312,1840,9472,0,0,0,1.0,1.0,1.0,1.0,1.0,1,0.2723807025686669,52
2601,14,11326,1842,9484,0,0,0,1.0,1.0,1.0,1.0,1.0,1,0.1198226786727476,51
2602,10,11336,1843,9493,0,0,0,1.0,1.0,1.0,1.0,1.0,1,0.1626298197802551,52
2603,5,11341,1843,9498,0,0,0,1.0,1.0,1.0,1.0,1.0,1,0.16697630325785676,53
2604,7,11348,1843,9505,0,0,0,1.0,1.0,1.0,1.0,1.0,1,0.14227503041451214,53
2605,13,11361,1844,9517,0,0,0,1.0,1.0,1.0,1.0,1.0,1,0.20843807672189696,52
2606,12,11373,1844,9529,0,0,0,1.0,1.0,1.0,1.0,1.0,1,0.20843807672189696,52
2607,9,11382,1844,9538,0,0,0,1.0,1.0,1.0,1.0,1.0,1,0.19317163915577154,52
2608,10,11392,1844,9548,0,0,0,1.0,1.0,1.0,1.0,1.0,1,0.23240874677480455,52
2609,12,11404,1844,9560,0,0,0,1.0,1.0,1.0,1.0,1.0,1,0.23476921362844508,53
2610,9,11413,1844,9569,0,0,0,1.0,1.0,1.0,1.0,1.0,1,0.18817290128779146,54
2611,9,11422,1845,9577,0,0,0,1.0,1.0,1.0,1.0,1.0,1,0.16553468278234262,54
2612,16,11438,1847,9591,0,0,0,1.0,1.0,1.0,1.0,1.0,1,0.1725946063748375,56
2613,9,11447,1848,9599,0,0,0,1.0,1.0,1.0,1.0,1.0,1,0.23883186737544398,56
2614,9,11456,1848,9608,0,0,0,1.0,1.0,1.0,1.0,1.0,1,0.17632251580290714,56
2615,11,11467,1848,9619,0,0,0,1.0,1.0,1.0,1.0,1.0,1,0.19544344694992094,57
2616,7,11474,1849,9625,0,0,0,1.0,1.0,1.0,1.0,1.0,1,0.23532176263356736,57
2617,12,11486,1849,9637,0,0,0,1.0,1.0,1.0,1.0,1.0,1,0.21469436420559668,58
2618,8,11494,1849,9645,0,0,0,1.0,1.0,1.0,1.0,1.0,1,0.1793031189112243,58
2619,10,11504,1849,9655,0,0,0,1.0,1.0,1.0,1.0,1.0,1,0.16735029913336907,58
2620,6,11510,1849,9661,0,0,0,1.0,1.0,1.0,1.0,1.0,1,0.2116455797736278,60
2621,10,11520,1849,9671,0,0,0,1.0,1.0,1.0,1.0,1.0,1,0.18338344393036562,59
2622,9,11529,1850,9679,0,0,0,1.0,1.0,1.0,1.0,1.0,1,0.2058047745384035,60
2623,10,11539,1851,9688,0,0,0,1.0,1.0,1.0,1.0,1.0,1,0.20818301829168206,59
2624,12,11551,1854,9697,0,0,0,1.0,1.0,1.0,1.0,1.0,1,0.1883592756967411,58
2625,9,11560,1855,9705,0,0,0,1.0,1.0,1.0,1.0,1.0,1,0.16422939723103722,58
2626,9,11569,1857,9712,0,0,0,1.0,1.0,1.0,1.0,1.0,1,0.10731804431915694,57
2627,1,11570,1857,9713,0,0,0,1.0,1.0,1.0,1.0,1.0,1,0.09753040547675353,55
2628,4,11574,1860,9714,0,0,0,1.0,1.0,1.0,1.0,1.0,1,0.14056956731005393,55
2629,0,11574,1860,9714,0,0,0,1.0,1.0,1.0,1.0,1.0,1,0.13926137218781987,54
2630,7,11581,1862,9719,0,0,0,1.0,1.0,1.0,1.0,1.0,1,0.15121584326290932,55
2631,3,11584,1862,9722,0,0,0,1.0,1.0,1.0,1.0,1.0,1,0.15590167818836126,55
2632,2,11586,1862,9724,0,0,0,1.0,1.0,1.0,1.0,1.0,1,0.14185602225407767,55
2633,1,11587,1863,9724,0,0,0,1.0,1.0,1.0,1.0,1.0,1,0.15244246120997323,53
2634,2,11589,1864,9725,0,0,0,1.0,1.0,1.0,1.0,1.0,1,0.16050144335138256,52
2635,0,11589,1864,9725,0,0,0,1.0,1.0,1.0,1.0,1.0,1,0.14878894440755558,52
2636,3,11592,1867,9725,0,0,0,1.0,1.0,1.0,1.0,1.0,1,0.18498972382261147,51
2637,4,11596,1869,9727,0,0,0,1.0,1.0,1.0,1.0,1.0,1,0.1872639816552543,50
2638,6,11602,1872,9730,0,0,0,1.0,1.0,1.0,1.0,1.0,1,0.260306958158343,48
2639,3,11605,1873,9732,0,0,0,1.0,1.0,1.0,1.0,1.0,1,0.24705653328343663,48
2640,3,11608,1875,9733,0,0,0,1.0,1.0,1.0,1.0,1.0,1,0.30995624788753595,46
2641,10,11618,1879,9739,0,0,0,1.0,1.0,1.0,1.0,1.0,1,0.279499067584687,46
2642,9,11627,1884,9743,0,0,0,1.0,1.0,1.0,1.0,1.0,1,0.30575022560104587,47
2643,3,11630,1884,9746,0,0,0,1.0,1.0,1.0,1.0,1.0,1,0.2834874750504152,45
2644,2,11632,1885,9747,0,0,0,1.0,1.0,1.0,1.0,1.0,1,0.2976807436031486,44
2645,3,11635,1886,9749,0,0,0,1.0,1.0,1.0,1.0,1.0,1,0.30937774983399313,42
2646,2,11637,1886,9751,0,0,0,1.0,1.0,1.0,1.0,1.0,1,0.30987389855240505,43
2647,3,11640,1888,9752,0,0,0,1.0,1.0,1.0,1.0,1.0,1,0.3629009136927314,40
2648,5,11645,1888,9757,0,0,0,1.0,1.0,1.0,1.0,1.0,1,0.2895791668166623,41
2649,2,11647,1888,9759,0,0,0,1.0,1.0,1.0,1.0,1.0,1,0.2664110375596458,43
2650,3,11650,1888,9762,0,0,0,1.0,1.0,1.0,1.0,1.0,1,0.2745572832533618,43
2651,15,11665,1888,9777,0,0,0,1.0,1.0,1.0,1.0,1.0,1,0.1364598636946704,44
2652,6,11671,1888,9783,0,0,0,1.0,1.0,1.0,1.0,1.0,1,0.1364598636946704,44
2653,3,11674,1888,9786,0,0,0,1.0,1.0,1.0,1.0,1.0,1,0.1654613348065753,44
2654,3,11677,1888,9789,0,0,0,1.0,1.0,1.0,1.0,1.0,1,0.1360556145922852,45
2655,7,11684,1889,9795,0,0,0,1.0,1.0,1.0,1.0,1.0,1,0.18164844409888747,45
2656,8,11692,1889,9803,0,0,0,1.0,1.0,1.0,1.0,1.0,1,0.1803905483158128,45
2657,8,11700,1889,9811,0,0,0,1.0,1.0,1.0,1.0,1.0,1,0.16317446396458887,45
2658,6,11706,1889,9817,0,0,0,1.0,1.0,1.0,1.0,1.0,1,0.13840478490383057,47
2659,9,11715,1890,9825,0,0,0,1.0,1.0,1.0,1.0,1.0,1,0.15147474237893813,46
2660,6,11721,1890,9831,0,0,0,1.0,1.0,1.0,1.0,1.0,1,0.16572780305869003,46
2661,6,11727,1891,9836,0,0,0,1.0,1.0,1.0,1.0,1.0,1,0.1808999827358208,46
2662,9,11736,1892,9844,0,0,0,1.0,1.0,1.0,1.0,1.0,1,0.1476014027722695,47
2663,6,11742,1893,9849,0,0,0,1.0,1.0,1.0,1.0,1.0,1,0.14054570897145371,46
2664,11,11753,1897,9856,0,0,0,1.0,1.0,1.0,1.0,1.0,1,0.1557895521658231,45
2665,9,11762,1899,9863,0,0,0,1.0,1.0,1.0,1.0,1.0,1,0.16918114615415783,47
2666,11,11773,1904,9869,0,0,0,1.0,1.0,1.0,1.0,1.0,1,0.21796369214563074,47
2667,10,11783,1906,9877,0,0,0,1.0,1.0,1.0,1.0,1.0,1,0.2745840679449176,45
2668,11,11794,1908,9886,0,0,0,1.0,1.0,1.0,1.0,1.0,1,0.2595225780438692,45
2669,12,11806,1909,9897,0,0,0,1.0,1.0,1.0,1.0,1.0,1,0.2990480403774986,45
2670,17,11823,1913,9910,0,0,0,1.0,1.0,1.0,1.0,1.0,1,0.33400372531975553,45
2671,11,11834,1914,9920,0,0,0,1.0,1.0,1.0,1.0,1.0,1,0.3703905510840024,41
2672,7,11841,1916,9925,0,0,0,1.0,1.0,1.0,1.0,1.0,1,0.3241112410650991,40
2673,4,11845,1916,9929,0,0,0,1.0,1.0,1.0,1.0,1.0,1,0.3251133948829252,39
2674,7,11852,1918,9934,0,0,0,1.0,1.0,1.0,1.0,1.0,1,0.26048737675718736,37
2675,6,11858,1918,9940,0,0,0,1.0,1.0,1.0,1.0,1.0,1,0.2944752668044368,35
2676,9,11867,1919,9948,0,0,0,1.0,1.0,1.0,1.0,1.0,1,0.15225836751789312,34
2677,0,11867,1919,9948,0,0,0,1.0,1.0,1.0,1.0,1.0,1,0.1733341405924771,32
2678,2,11869,1920,9949,0,0,0,1.0,1.0,1.0,1.0,1.0,1,0.19626916958532883,33
2679,1,11870,1921,9949,0,0,0,1.0,1.0,1.0,1.0,1.0,1,0.1927252381410893,33
2680,4,11874,1922,9952,0,0,0,1.0,1.0,1.0,1.0,1.0,1,0.18019228281703062,33
2681,3,11877,1923,9954,0,0,0,1.0,1.0,1.0,1.0,1.0,1,0.17860497263418612,32
2682,3,11880,1924,9956,0,0,0,1.0,1.0,1.0,1.0,1.0,1,0.22189705461963494,32
2683,3,11883,1925,9958,0,0,0,1.0,1.0,1.0,1.0,1.0,1,0.2240936650295054,32
2684,2,11885,1926,9959,0,0,0,1.0,1.0,1.0,1.0,1.0,1,0.20788026341492907,31
2685,2,11887,1927,9960,0,0,0,1.0,1.0,1.0,1.0,1.0,1,0.27302730385447377,30
2686,4,11891,1927,9964,0,0,0,1.0,1.0,1.0,1.0,1.0,1,0.2790171970359877,29
2687,1,11892,1927,9965,0,0,0,1.0,1.0,1.0,1.0,1.0,1,0.25184222215178653,28
2688,0,11892,1927,9965,0,0,0,1.0,1.0,1.0,1.0,1.0,1,0.25184222215178653,28
2689,3,11895,1927,9968,0,0,0,1.0,1.0,1.0,1.0,1.0,1,0.33385156296411167,29
2690,3,11898,1927,9971,0,0,0,1.0,1.0,1.0,1.0,1.0,1,0.22955827121411565,29
2691,2,11900,1929,9971,0,0,0,1.0,1.0,1.0,1.0,1.0,1,0.2804050861617783,29
2692,2,11902,1929,9973,0,0,0,1.0,1.0,1.0,1.0,1.0,1,0.2879698105816559,31
2693,3,11905,1929,9976,0,0,0,1.0,1.0,1.0,1.0,1.0,1,0.29167312885277574,32
2694,9,11914,1930,9984,0,0,0,1.0,1.0,1.0,1.0,1.0,1,0.27521675896915326,32
2695,2,11916,1930,9986,0,0,0,1.0,1.0,1.0,1.0,1.0,1,0.2695514381500384,33
2696,3,11919,1930,9989,0,0,0,1.0,1.0,1.0,1.0,1.0,1,0.2671618074762037,33
2697,4,11923,1930,9993,0,0,0,1.0,1.0,1.0,1.0,1.0,1,0.2873852121008308,34
2698,7,11930,1930,10000,0,0,0,1.0,1.0,1.0,1.0,1.0,1,0.282605565089285,34
2699,8,11938,1931,10007,0,0,0,1.0,1.0,1.0,1.0,1.0,1,0.29555199584136815,36
2700,4,11942,1931,10011,0,0,0,1.0,1.0,1.0,1.0,1.0,1,0.28666049623482026,36
2701,9,11951,1931,10020,0,0,0,1.0,1.0,1.0,1.0,1.0,1,0.14273168964260377,36
2702,2,11953,1931,10022,0,0,0,1.0,1.0,1.0,1.0,1.0,1,0.09870324332194752,36
2703,1,11954,1931,10023,0,0,0,1.0,1.0,1.0,1.0,1.0,1,0.11421087261297522,38
2704,2,11956,1932,10024,0,0,0,1.0,1.0,1.0,1.0,1.0,1,0.1707512757964081,37
2705,7,11963,1935,10028,0,0,0,1.0,1.0,1.0,1.0,1.0,1,0.24724316884568143,36
2706,4,11967,1936,10031,0,0,0,1.0,1.0,1.0,1.0,1.0,1,0.2662005870734193,34
2707,3,11970,1937,10033,0,0,0,1.0,1.0,1.0,1.0,1.0,1,0.2522185320446361,36
2708,8,11978,1939,10039,0,0,0,1.0,1.0,1.0,1.0,1.0,1,0.26440402802770335,36
2709,4,11982,1939,10043,0,0,0,1.0,1.0,1.0,1.0,1.0,1,0.25455730920148756,33
2710,4,11986,1941,10045,0,0,0,1.0,1.0,1.0,1.0,1.0,1,0.2601696075392241,32
2711,1,11987,1942,10045,0,0,0,1.0,1.0,1.0,1.0,1.0,1,0.2631506419100969,29
2712,1,11988,1942,10046,0,0,0,1.0,1.0,1.0,1.0,1.0,1,0.23581745166757134,28
2713,1,11989,1942,10047,0,0,0,1.0,1.0,1.0,1.0,1.0,1,0.23271324508709348,28
2714,2,11991,1942,10049,0,0,0,1.0,1.0,1.0,1.0,1.0,1,0.22653644354829605,25
2715,3,11994,1944,10050,0,0,0,1.0,1.0,1.0,1.0,1.0,1,0.13909802000008836,24
2716,2,11996,1946,10050,0,0,0,1.0,1.0,1.0,1.0,1.0,1,0.2700560002619302,23
2717,2,11998,1947,10051,0,0,0,1.0,1.0,1.0,1.0,1.0,1,0.261121155404761,24
2718,0,11998,1947,10051,0,0,0,1.0,1.0,1.0,1.0,1.0,1,0.261121155404761,24
2719,2,12000,1949,10051,0,0,0,1.0,1.0,1.0,1.0,1.0,1,0.2655434818671869,25
2720,2,12002,1950,10052,0,0,0,1.0,1.0,1.0,1.0,1.0,1,0.2992373169062363,25
2721,3,12005,1951,10054,0,0,0,1.0,1.0,1.0,1.0,1.0,1,0.27153631178373167,26
2722,3,12008,1952,10056,0,0,0,1.0,1.0,1.0,1.0,1.0,1,0.26745339895435716,26
2723,2,12010,1954,10056,0,0,0,1.0,1.0,1.0,1.0,1.0,1,0.27149580996040235,26
2724,2,12012,1955,10057,0,0,0,1.0,1.0,1.0,1.0,1.0,1,0.28633632828911043,27
2725,2,12014,1955,10059,0,0,0,1.0,1.0,1.0,1.0,1.0,1,0.31351674362678306,27
2726,6,12020,1955,10065,0,0,0,1.0,1.0,1.0,1.0,1.0,1,0.14786399670228487,28
2727,1,12021,1955,10066,0,0,0,1.0,1.0,1.0,1.0,1.0,1,0.14837757651037173,29
2728,2,12023,1955,10068,0,0,0,1.0,1.0,1.0,1.0,1.0,1,0.14284992325515788,28
2729,2,12025,1956,10069,0,0,0,1.0,1.0,1.0,1.0,1.0,1,0.15757515943542888,28
2730,2,12027,1956,10071,0,0,0,1.0,1.0,1.0,1.0,1.0,1,0.17363901433691029,29
2731,2,12029,1957,10072,0,0,0,1.0,1.0,1.0,1.0,1.0,1,0.2185528785317827,30
2732,4,12033,1958,10075,0,0,0,1.0,1.0,1.0,1.0,1.0,1,0.24578642481215182,29
2733,2,12035,1958,10077,0,0,0,1.0,1.0,1.0,1.0,1.0,1,0.266148360946753,29
2734,2,12037,1958,10079,0,0,0,1.0,1.0,1.0,1.0,1.0,1,0.25326552597569374,29
2735,7,12044,1961,10083,0,0,0,1.0,1.0,1.0,1.0,1.0,1,0.2890877867439913,29
2736,5,12049,1961,10088,0,0,0,1.0,1.0,1.0,1.0,1.0,1,0.19755317593150956,30
2737,6,12055,1961,10094,0,0,0,1.0,1.0,1.0,1.0,1.0,1,0.25667474410522023,30
2738,5,12060,1962,10098,0,0,0,1.0,1.0,1.0,1.0,1.0,1,0.23762395451335414,29
2739,8,12068,1963,10105,0,0,0,1.0,1.0,1.0,1.0,1.0,1,0.21951530202454267,30
2740,5,12073,1963,10110,0,0,0,1.0,1.0,1.0,1.0,1.0,1,0.3301519165647226,29
2741,11,12084,1964,10120,0,0,0,1.0,1.0,1.0,1.0,1.0,1,0.33023236481476204,29
2742,6,12090,1964,10126,0,0,0,1.0,1.0,1.0,1.0,1.0,1,0.277548409212968,29
2743,8,12098,1964,10134,0,0,0,1.0,1.0,1.0,1.0,1.0,1,0.2731926672158605,30
2744,7,12105,1966,10139,0,0,0,1.0,1.0,1.0,1.0,1.0,1,0.324763562790814,28
2745,3,12108,1966,10142,0,0,0,1.0,1.0,1.0,1.0,1.0,1,0.354774677443255,27
2746,4,12112,1968,10144,0,0,0,1.0,1.0,1.0,1.0,1.0,1,0.4297481981746962,26
2747,1,12113,1969,10144,0,0,0,1.0,1.0,1.0,1.0,1.0,1,0.48644342851192934,22
2748,2,12115,1971,10144,0,0,0,1.0,1.0,1.0,1.0,1.0,1,0.4240707425936649,22
2749,0,12115,1971,10144,0,0,0,1.0,1.0,1.0,1.0,1.0,1,0.40476725125211405,20
2750,1,12116,1972,10144,0,0,0,1.0,1.0,1.0,1.0,1.0,1,0.4824212956986871,17
2751,5,12121,1973,10148,0,0,0,1.0,1.0,1.0,1.0,1.0,1,0.2615076956328827,17
2752,3,12124,1974,10150,0,0,0,1.0,1.0,1.0,1.0,1.0,1,0.24292846475955246,16
2753,0,12124,1974,10150,0,0,0,1.0,1.0,1.0,1.0,1.0,1,0.24292846475955246,16
2754,0,12124,1974,10150,0,0,0,1.0,1.0,1.0,1.0,1.0,1,0.24292846475955246,16
2755,0,12124,1974,10150,0,0,0,1.0,1.0,1.0,1.0,1.0,1,0.24292846475955246,16
2756,2,12126,1974,10152,0,0,0,1.0,1.0,1.0,1.0,1.0,1,0.1976305382189153,17
2757,0,12126,1974,10152,0,0,0,1.0,1.0,1.0,1.0,1.0,1,0.2187596950515259,18
2758,0,12126,1974,10152,0,0,0,1.0,1.0,1.0,1.0,1.0,1,0.2187596950515259,18
2759,2,12128,1975,10153,0,0,0,1.0,1.0,1.0,1.0,1.0,1,0.23018879670684922,19
2760,1,12129,1975,10154,0,0,0,1.0,1.0,1.0,1.0,1.0,1,0.21058302307017224,18
2761,0,12129,1975,10154,0,0,0,1.0,1.0,1.0,1.0,1.0,1,0.21058302307017224,18
2762,0,12129,1975,10154,0,0,0,1.0,1.0,1.0,1.0,1.0,1,0.21058302307017224,18
2763,0,12129,1975,10154,0,0,0,1.0,1.0,1.0,1.0,1.0,1,0.21058302307017224,18
2764,0,12129,1975,10154,0,0,0,1.0,1.0,1.0,1.0,1.0,1,0.21058302307017224,18
2765,1,12130,1976,10154,0,0,0,1.0,1.0,1.0,1.0,1.0,1,0.25574832943931725,18
2766,0,12130,1976,10154,0,0,0,1.0,1.0,1.0,1.0,1.0,1,0.25574832943931725,18
2767,0,12130,1976,10154,0,0,0,1.0,1.0,1.0,1.0,1.0,1,0.2894086861428109,17
2768,1,12131,1976,10155,0,0,0,1.0,1.0,1.0,1.0,1.0,1,0.22040828394343573,17
2769,0,12131,1976,10155,0,0,0,1.0,1.0,1.0,1.0,1.0,1,0.22040828394343573,17
2770,0,12131,1976,10155,0,0,0,1.0,1.0,1.0,1.0,1.0,1,0.22040828394343573,17
2771,0,12131,1976,10155,0,0,0,1.0,1.0,1.0,1.0,1.0,1,0.22040828394343573,17
2772,0,12131,1976,10155,0,0,0,1.0,1.0,1.0,1.0,1.0,1,0.22040828394343573,17
2773,1,12132,1977,10155,0,0,0,1.0,1.0,1.0,1.0,1.0,1,0.2133487620384268,17
2774,0,12132,1977,10155,0,0,0,1.0,1.0,1.0,1.0,1.0,1,0.16806929496299805,18
2775,3,12135,1978,10157,0,0,0,1.0,1.0,1.0,1.0,1.0,1,0.2211450052112422,20
2776,1,12136,1979,10157,0,0,0,1.0,1.0,1.0,1.0,1.0,1,0.2716897659784507,21
2777,2,12138,1980,10158,0,0,0,1.0,1.0,1.0,1.0,1.0,1,0.2675316437272717,21
2778,2,12140,1981,10159,0,0,0,1.0,1.0,1.0,1.0,1.0,1,0.30490797129074615,21
2779,1,12141,1981,10160,0,0,0,1.0,1.0,1.0,1.0,1.0,1,0.3286452522916727,22
2780,4,12145,1982,10163,0,0,0,1.0,1.0,1.0,1.0,1.0,1,0.31403211506418566,22
2781,3,12148,1982,10166,0,0,0,1.0,1.0,1.0,1.0,1.0,1,0.24242369465090588,22
2782,1,12149,1983,10166,0,0,0,1.0,1.0,1.0,1.0,1.0,1,0.2177676937649851,23
2783,1,12150,1984,10166,0,0,0,1.0,1.0,1.0,1.0,1.0,1,0.2200189057457498,22
2784,3,12153,1986,10167,0,0,0,1.0,1.0,1.0,1.0,1.0,1,0.2733189129272412,21
2785,0,12153,1986,10167,0,0,0,1.0,1.0,1.0,1.0,1.0,1,0.25896402045274264,19
2786,1,12154,1987,10167,0,0,0,1.0,1.0,1.0,1.0,1.0,1,0.31447186037815883,19
2787,2,12156,1987,10169,0,0,0,1.0,1.0,1.0,1.0,1.0,1,0.3103521762247792,20
2788,2,12158,1987,10171,0,0,0,1.0,1.0,1.0,1.0,1.0,1,0.3103521762247792,20
2789,1,12159,1987,10172,0,0,0,1.0,1.0,1.0,1.0,1.0,1,0.34785958878654916,19
2790,4,12163,1988,10175,0,0,0,1.0,1.0,1.0,1.0,1.0,1,0.329482769218817,20
2791,2,12165,1988,10177,0,0,0,1.0,1.0,1.0,1.0,1.0,1,0.3277585188110557,20
2792,0,12165,1988,10177,0,0,0,1.0,1.0,1.0,1.0,1.0,1,0.3277585188110557,20
2793,0,12165,1988,10177,0,0,0,1.0,1.0,1.0,1.0,1.0,1,0.36724906493767656,19
2794,1,12166,1988,10178,0,0,0,1.0,1.0,1.0,1.0,1.0,1,0.3870660757637165,20
2795,0,12166,1988,10178,0,0,0,1.0,1.0,1.0,1.0,1.0,1,0.3948870432858993,21
2796,0,12166,1988,10178,0,0,0,1.0,1.0,1.0,1.0,1.0,1,0.3785862126691287,22
2797,1,12167,1988,10179,0,0,0,1.0,1.0,1.0,1.0,1.0,1,0.4203048895361826,21
2798,2,12169,1988,10181,0,0,0,1.0,1.0,1.0,1.0,1.0,1,0.4203048895361826,21
2799,1,12170,1988,10182,0,0,0,1.0,1.0,1.0,1.0,1.0,1,0.42564560881985836,20
2800,2,12172,1988,10184,0,0,0,1.0,1.0,1.0,1.0,1.0,1,0.42564560881985836,20
2801,2,12174,1988,10186,0,0,0,1.0,1.0,1.0,1.0,1.0,1,0.2849038389437714,20
2802,1,12175,1988,10187,0,0,0,1.0,1.0,1.0,1.0,1.0,1,0.2607723664140254,20
2803,1,12176,1988,10188,0,0,0,1.0,1.0,1.0,1.0,1.0,1,0.2249019427517212,21
2804,2,12178,1988,10190,0,0,0,1.0,1.0,1.0,1.0,1.0,1,0.20428885807758645,22
2805,2,12180,1988,10192,0,0,0,1.0,1.0,1.0,1.0,1.0,1,0.17106265585386052,22
2806,3,12183,1989,10194,0,0,0,1.0,1.0,1.0,1.0,1.0,1,0.19469764975769763,23
2807,5,12188,1990,10198,0,0,0,1.0,1.0,1.0,1.0,1.0,1,0.24041349045773205,24
2808,3,12191,1992,10199,0,0,0,1.0,1.0,1.0,1.0,1.0,1,0.31385314104829964,24
2809,2,12193,1992,10201,0,0,0,1.0,1.0,1.0,1.0,1.0,1,0.2892182914100815,26
2810,3,12196,1992,10204,0,0,0,1.0,1.0,1.0,1.0,1.0,1,0.2503527414627913,26
2811,5,12201,1992,10209,0,0,0,1.0,1.0,1.0,1.0,1.0,1,0.2176241608208534,27
2812,3,12204,1992,10212,0,0,0,1.0,1.0,1.0,1.0,1.0,1,0.2154402381557938,27
2813,2,12206,1992,10214,0,0,0,1.0,1.0,1.0,1.0,1.0,1,0.21995939052793442,28
2814,4,12210,1992,10218,0,0,0,1.0,1.0,1.0,1.0,1.0,1,0.24474000264996038,29
2815,4,12214,1992,10222,0,0,0,1.0,1.0,1.0,1.0,1.0,1,0.2002005707506509,30
2816,8,12222,1992,10230,0,0,0,1.0,1.0,1.0,1.0,1.0,1,0.18110062159856408,31
2817,6,12228,1992,10236,0,0,0,1.0,1.0,1.0,1.0,1.0,1,0.22483380264230263,31
2818,8,12236,1993,10243,0,0,0,1.0,1.0,1.0,1.0,1.0,1,0.15353606768324857,32
2819,9,12245,1993,10252,0,0,0,1.0,1.0,1.0,1.0,1.0,1,0.22740902527930762,32
2820,6,12251,1993,10258,0,0,0,1.0,1.0,1.0,1.0,1.0,1,0.13877243692750774,33
2821,8,12259,1994,10265,0,0,0,1.0,1.0,1.0,1.0,1.0,1,0.18212018666171692,34
2822,5,12264,1995,10269,0,0,0,1.0,1.0,1.0,1.0,1.0,1,0.1992353809480902,35
2823,3,12267,1996,10271,0,0,0,1.0,1.0,1.0,1.0,1.0,1,0.1734717791124424,31
2824,3,12270,1997,10273,0,0,0,1.0,1.0,1.0,1.0,1.0,1,0.184759134972818,33
2825,2,12272,1997,10275,0,0,0,1.0,1.0,1.0,1.0,1.0,1,0.14509039966092713,31
2826,2,12274,1998,10276,0,0,0,1.0,1.0,1.0,1.0,1.0,1,0.11838281897987026,31
2827,2,12276,1998,10278,0,0,0,1.0,1.0,1.0,1.0,1.0,1,0.0827458968133009,32
2828,2,12278,1999,10279,0,0,0,1.0,1.0,1.0,1.0,1.0,1,0.12654222908320203,33
2829,1,12279,1999,10280,0,0,0,1.0,1.0,1.0,1.0,1.0,1,0.14635107329695674,33
2830,0,12279,1999,10280,0,0,0,1.0,1.0,1.0,1.0,1.0,1,0.13706304326130875,32
2831,6,12285,2003,10282,0,0,0,1.0,1.0,1.0,1.0,1.0,1,0.24415958341233546,31
2832,2,12287,2004,10283,0,0,0,1.0,1.0,1.0,1.0,1.0,1,0.25464939652562496,30
2833,1,12288,2005,10283,0,0,0,1.0,1.0,1.0,1.0,1.0,1,0.3093482029739439,29
2834,9,12297,2007,10290,0,0,0,1.0,1.0,1.0,1.0,1.0,1,0.30450859743166414,29
2835,6,12303,2009,10294,0,0,0,1.0,1.0,1.0,1.0,1.0,1,0.33655672860647784,27
2836,4,12307,2009,10298,0,0,0,1.0,1.0,1.0,1.0,1.0,1,0.30043750702142813,27
2837,7,12314,2010,10304,0,0,0,1.0,1.0,1.0,1.0,1.0,1,0.2739488666338929,28
2838,5,12319,2011,10308,0,0,0,1.0,1.0,1.0,1.0,1.0,1,0.3397638722632125,29
2839,3,12322,2011,10311,0,0,0,1.0,1.0,1.0,1.0,1.0,1,0.3456105119417333,29
2840,2,12324,2011,10313,0,0,0,1.0,1.0,1.0,1.0,1.0,1,0.3443334530168562,29
2841,2,12326,2011,10315,0,0,0,1.0,1.0,1.0,1.0,1.0,1,0.3545407345940228,31
2842,7,12333,2012,10321,0,0,0,1.0,1.0,1.0,1.0,1.0,1,0.35712817138440306,32
2843,6,12339,2012,10327,0,0,0,1.0,1.0,1.0,1.0,1.0,1,0.35352719046864256,32
2844,7,12346,2012,10334,0,0,0,1.0,1.0,1.0,1.0,1.0,1,0.3114564479137931,33
2845,7,12353,2013,10340,0,0,0,1.0,1.0,1.0,1.0,1.0,1,0.3296154697716796,34
2846,7,12360,2013,10347,0,0,0,1.0,1.0,1.0,1.0,1.0,1,0.278647305631233,34
2847,5,12365,2013,10352,0,0,0,1.0,1.0,1.0,1.0,1.0,1,0.310646764843527,35
2848,8,12373,2014,10359,0,0,0,1.0,1.0,1.0,1.0,1.0,1,0.298863389674751,37
2849,7,12380,2014,10366,0,0,0,1.0,1.0,1.0,1.0,1.0,1,0.3105092893501922,37
2850,6,12386,2014,10372,0,0,0,1.0,1.0,1.0,1.0,1.0,1,0.31317182446299435,37
2851,11,12397,2014,10383,0,0,0,1.0,1.0,1.0,1.0,1.0,1,0.16016637032713502,38
2852,1,12398,2014,10384,0,0,0,1.0,1.0,1.0,1.0,1.0,1,0.1494822907145026,36
2853,0,12398,2014,10384,0,0,0,1.0,1.0,1.0,1.0,1.0,1,0.17959838994164964,36
2854,1,12399,2014,10385,0,0,0,1.0,1.0,1.0,1.0,1.0,1,0.21309379134712172,37
2855,4,12403,2014,10389,0,0,0,1.0,1.0,1.0,1.0,1.0,1,0.22056322606713558,37
2856,4,12407,2014,10393,0,0,0,1.0,1.0,1.0,1.0,1.0,1,0.2203956529118764,38
2857,6,12413,2015,10398,0,0,0,1.0,1.0,1.0,1.0,1.0,1,0.22634181656963864,39
2858,5,12418,2015,10403,0,0,0,1.0,1.0,1.0,1.0,1.0,1,0.23373875735517025,39
2859,7,12425,2015,10410,0,0,0,1.0,1.0,1.0,1.0,1.0,1,0.25789221487313924,39
2860,4,12429,2015,10414,0,0,0,1.0,1.0,1.0,1.0,1.0,1,0.2292168688855204,40
2861,3,12432,2016,10416,0,0,0,1.0,1.0,1.0,1.0,1.0,1,0.20040668673648207,38
2862,9,12441,2021,10420,0,0,0,1.0,1.0,1.0,1.0,1.0,1,0.2211471667332569,38
2863,8,12449,2023,10426,0,0,0,1.0,1.0,1.0,1.0,1.0,1,0.20407675076016574,37
2864,7,12456,2026,10430,0,0,0,1.0,1.0,1.0,1.0,1.0,1,0.18921624329423828,35
2865,4,12460,2028,10432,0,0,0,1.0,1.0,1.0,1.0,1.0,1,0.2569945745717019,33
2866,4,12464,2030,10434,0,0,0,1.0,1.0,1.0,1.0,1.0,1,0.2510236746947426,31
2867,4,12468,2031,10437,0,0,0,1.0,1.0,1.0,1.0,1.0,1,0.2913478477783998,30
2868,4,12472,2033,10439,0,0,0,1.0,1.0,1.0,1.0,1.0,1,0.2939236365901846,31
2869,6,12478,2033,10445,0,0,0,1.0,1.0,1.0,1.0,1.0,1,0.32973061875901255,30
2870,2,12480,2033,10447,0,0,0,1.0,1.0,1.0,1.0,1.0,1,0.34672616124984207,26
2871,3,12483,2034,10449,0,0,0,1.0,1.0,1.0,1.0,1.0,1,0.30597660670764953,27
2872,2,12485,2034,10451,0,0,0,1.0,1.0,1.0,1.0,1.0,1,0.32178891534077275,25
2873,0,12485,2034,10451,0,0,0,1.0,1.0,1.0,1.0,1.0,1,0.31246944490123396,24
2874,1,12486,2035,10451,0,0,0,1.0,1.0,1.0,1.0,1.0,1,0.2444549066037398,25
2875,2,12488,2035,10453,0,0,0,1.0,1.0,1.0,1.0,1.0,1,0.3006661767868131,26
2876,4,12492,2036,10456,0,0,0,1.0,1.0,1.0,1.0,1.0,1,0.2594245297668936,28
2877,0,12492,2036,10456,0,0,0,1.0,1.0,1.0,1.0,1.0,1,0.24570108913075475,29
2878,3,12495,2037,10458,0,0,0,1.0,1.0,1.0,1.0,1.0,1,0.21005899620287014,31
2879,0,12495,2037,10458,0,0,0,1.0,1.0,1.0,1.0,1.0,1,0.21005899620287014,31
2880,4,12499,2039,10460,0,0,0,1.0,1.0,1.0,1.0,1.0,1,0.20810933044390775,32
2881,3,12502,2039,10463,0,0,0,1.0,1.0,1.0,1.0,1.0,1,0.25332271209437013,31
2882,5,12507,2039,10468,0,0,0,1.0,1.0,1.0,1.0,1.0,1,0.20081304119354426,31
2883,5,12512,2040,10472,0,0,0,1.0,1.0,1.0,1.0,1.0,1,0.2601832203223673,32
2884,5,12517,2040,10477,0,0,0,1.0,1.0,1.0,1.0,1.0,1,0.2539886590574052,32
2885,6,12523,2040,10483,0,0,0,1.0,1.0,1.0,1.0,1.0,1,0.23158139204709607,33
2886,7,12530,2041,10489,0,0,0,1.0,1.0,1.0,1.0,1.0,1,0.21330951662829895,34
2887,7,12537,2041,10496,0,0,0,1.0,1.0,1.0,1.0,1.0,1,0.19922441044155076,34
2888,7,12544,2043,10501,0,0,0,1.0,1.0,1.0,1.0,1.0,1,0.21034469883275453,34
2889,10,12554,2045,10509,0,0,0,1.0,1.0,1.0,1.0,1.0,1,0.2459764667620426,37
2890,8,12562,2045,10517,0,0,0,1.0,1.0,1.0,1.0,1.0,1,0.24074709734747352,37
2891,10,12572,2046,10526,0,0,0,1.0,1.0,1.0,1.0,1.0,1,0.2522472124495998,37
2892,9,12581,2046,10535,0,0,0,1.0,1.0,1.0,1.0,1.0,1,0.21507152896764062,37
2893,9,12590,2046,10544,0,0,0,1.0,1.0,1.0,1.0,1.0,1,0.2553681518263768,38
2894,10,12600,2046,10554,0,0,0,1.0,1.0,1.0,1.0,1.0,1,0.20749647882575123,39
2895,6,12606,2047,10559,0,0,0,1.0,1.0,1.0,1.0,1.0,1,0.20910196426492772,40
2896,13,12619,2048,10571,0,0,0,1.0,1.0,1.0,1.0,1.0,1,0.2156187351361454,41
2897,8,12627,2048,10579,0,0,0,1.0,1.0,1.0,1.0,1.0,1,0.1917662293714251,41
2898,11,12638,2048,10590,0,0,0,1.0,1.0,1.0,1.0,1.0,1,0.20325490216355635,41
2899,7,12645,2049,10596,0,0,0,1.0,1.0,1.0,1.0,1.0,1,0.2116368181379998,39
2900,7,12652,2050,10602,0,0,0,1.0,1.0,1.0,1.0,1.0,1,0.28193716885654824,40
2901,6,12658,2050,10608,0,0,0,1.0,1.0,1.0,1.0,1.0,1,0.17955455557620761,40
2902,5,12663,2051,10612,0,0,0,1.0,1.0,1.0,1.0,1.0,1,0.1955286192213733,38
2903,1,12664,2051,10613,0,0,0,1.0,1.0,1.0,1.0,1.0,1,0.12324332782742989,36
2904,3,12667,2052,10615,0,0,0,1.0,1.0,1.0,1.0,1.0,1,0.1280538017183007,36
2905,3,12670,2053,10617,0,0,0,1.0,1.0,1.0,1.0,1.0,1,0.14229050479559868,35
2906,1,12671,2053,10618,0,0,0,1.0,1.0,1.0,1.0,1.0,1,0.13633837205728946,36
2907,1,12672,2054,10618,0,0,0,1.0,1.0,1.0,1.0,1.0,1,0.16915465979784025,37
2908,1,12673,2055,10618,0,0,0,1.0,1.0,1.0,1.0,1.0,1,0.19180811997209954,38
2909,0,12673,2055,10618,0,0,0,1.0,1.0,1.0,1.0,1.0,1,0.17940547979955737,37
2910,0,12673,2055,10618,0,0,0,1.0,1.0,1.0,1.0,1.0,1,0.1702688659788489,37
2911,0,12673,2055,10618,0,0,0,1.0,1.0,1.0,1.0,1.0,1,0.20060738351553883,36
2912,3,12676,2058,10618,0,0,0,1.0,1.0,1.0,1.0,1.0,1,0.2533198346699807,36
2913,3,12679,2059,10620,0,0,0,1.0,1.0,1.0,1.0,1.0,1,0.22270777272450024,36
2914,2,12681,2060,10621,0,0,0,1.0,1.0,1.0,1.0,1.0,1,0.23112916341756715,38
2915,0,12681,2060,10621,0,0,0,1.0,1.0,1.0,1.0,1.0,1,0.22455165474632846,37
2916,2,12683,2060,10623,0,0,0,1.0,1.0,1.0,1.0,1.0,1,0.21225827444619752,39
2917,4,12687,2061,10626,0,0,0,1.0,1.0,1.0,1.0,1.0,1,0.2182480792363408,40
2918,3,12690,2061,10629,0,0,0,1.0,1.0,1.0,1.0,1.0,1,0.2098311653887089,40
2919,4,12694,2062,10632,0,0,0,1.0,1.0,1.0,1.0,1.0,1,0.2401774674706081,42
2920,2,12696,2062,10634,0,0,0,1.0,1.0,1.0,1.0,1.0,1,0.2454626433586828,42
2921,1,12697,2062,10635,0,0,0,1.0,1.0,1.0,1.0,1.0,1,0.23694462743736353,42
2922,2,12699,2063,10636,0,0,0,1.0,1.0,1.0,1.0,1.0,1,0.23172270975326054,43
2923,4,12703,2063,10640,0,0,0,1.0,1.0,1.0,1.0,1.0,1,0.25678104390731044,45
2924,8,12711,2063,10648,0,0,0,1.0,1.0,1.0,1.0,1.0,1,0.1958624639961282,46
2925,7,12718,2063,10655,0,0,0,1.0,1.0,1.0,1.0,1.0,1,0.1953991762638227,46
2926,5,12723,2063,10660,0,0,0,1.0,1.0,1.0,1.0,1.0,1,0.11021368618610716,46
2927,3,12726,2064,10662,0,0,0,1.0,1.0,1.0,1.0,1.0,1,0.0917810396302731,48
2928,4,12730,2064,10666,0,0,0,1.0,1.0,1.0,1.0,1.0,1,0.09157862676975144,48
2929,2,12732,2064,10668,0,0,0,1.0,1.0,1.0,1.0,1.0,1,0.07508693023543261,48
2930,3,12735,2064,10671,0,0,0,1.0,1.0,1.0,1.0,1.0,1,0.09033905117558963,50
2931,6,12741,2065,10676,0,0,0,1.0,1.0,1.0,1.0,1.0,1,0.11878208300061023,51
2932,3,12744,2065,10679,0,0,0,1.0,1.0,1.0,1.0,1.0,1,0.11080296293248927,52
2933,2,12746,2065,10681,0,0,0,1.0,1.0,1.0,1.0,1.0,1,0.11495804933267655,53
2934,4,12750,2066,10684,0,0,0,1.0,1.0,1.0,1.0,1.0,1,0.153542292616109,54
2935,8,12758,2067,10691,0,0,0,1.0,1.0,1.0,1.0,1.0,1,0.19934169518122818,53
2936,4,12762,2067,10695,0,0,0,1.0,1.0,1.0,1.0,1.0,1,0.19934169518122818,53
2937,4,12766,2068,10698,0,0,0,1.0,1.0,1.0,1.0,1.0,1,0.1959584958520405,51
2938,3,12769,2068,10701,0,0,0,1.0,1.0,1.0,1.0,1.0,1,0.20907340826652496,53
2939,6,12775,2068,10707,0,0,0,1.0,1.0,1.0,1.0,1.0,1,0.20540826507105983,52
2940,7,12782,2069,10713,0,0,0,1.0,1.0,1.0,1.0,1.0,1,0.23047926481431538,52
2941,4,12786,2069,10717,0,0,0,1.0,1.0,1.0,1.0,1.0,1,0.23103425056533566,50
2942,6,12792,2071,10721,0,0,0,1.0,1.0,1.0,1.0,1.0,1,0.23710918298682662,50
2943,2,12794,2072,10722,0,0,0,1.0,1.0,1.0,1.0,1.0,1,0.2226708635225882,49
2944,5,12799,2073,10726,0,0,0,1.0,1.0,1.0,1.0,1.0,1,0.17948673760916764,48
2945,3,12802,2074,10728,0,0,0,1.0,1.0,1.0,1.0,1.0,1,0.18775763202743329,48
2946,5,12807,2077,10730,0,0,0,1.0,1.0,1.0,1.0,1.0,1,0.15445201935119648,47
2947,4,12811,2077,10734,0,0,0,1.0,1.0,1.0,1.0,1.0,1,0.17576940698252227,47
2948,3,12814,2078,10736,0,0,0,1.0,1.0,1.0,1.0,1.0,1,0.22386320502357593,48
2949,3,12817,2078,10739,0,0,0,1.0,1.0,1.0,1.0,1.0,1,0.23007339621993972,48
2950,2,12819,2078,10741,0,0,0,1.0,1.0,1.0,1.0,1.0,1,0.23007339621993972,48
2951,10,12829,2078,10751,0,0,0,1.0,1.0,1.0,1.0,1.0,1,0.11724761402410055,50
2952,0,12829,2078,10751,0,0,0,1.0,1.0,1.0,1.0,1.0,1,0.11724761402410055,50
2953,2,12831,2078,10753,0,0,0,1.0,1.0,1.0,1.0,1.0,1,0.13882524997474383,51
2954,2,12833,2078,10755,0,0,0,1.0,1.0,1.0,1.0,1.0,1,0.13904288011008878,51
2955,2,12835,2079,10756,0,0,0,1.0,1.0,1.0,1.0,1.0,1,0.15437224742738792,51
2956,6,12841,2080,10761,0,0,0,1.0,1.0,1.0,1.0,1.0,1,0.1369032363320748,51
2957,6,12847,2081,10766,0,0,0,1.0,1.0,1.0,1.0,1.0,1,0.1417881744783006,52
2958,2,12849,2081,10768,0,0,0,1.0,1.0,1.0,1.0,1.0,1,0.1417881744783006,52
2959,4,12853,2083,10770,0,0,0,1.0,1.0,1.0,1.0,1.0,1,0.19313797238721037,53
2960,8,12861,2083,10778,0,0,0,1.0,1.0,1.0,1.0,1.0,1,0.17544409072196906,52
2961,3,12864,2084,10780,0,0,0,1.0,1.0,1.0,1.0,1.0,1,0.1418294905750849,53
2962,5,12869,2084,10785,0,0,0,1.0,1.0,1.0,1.0,1.0,1,0.14625053416056927,54
2963,5,12874,2085,10789,0,0,0,1.0,1.0,1.0,1.0,1.0,1,0.15406099809471002,55
2964,9,12883,2085,10798,0,0,0,1.0,1.0,1.0,1.0,1.0,1,0.1419918094575011,55
2965,11,12894,2085,10809,0,0,0,1.0,1.0,1.0,1.0,1.0,1,0.16357498366251885,55
2966,10,12904,2085,10819,0,0,0,1.0,1.0,1.0,1.0,1.0,1,0.1584646786094288,55
2967,9,12913,2085,10828,0,0,0,1.0,1.0,1.0,1.0,1.0,1,0.18424842708140304,56
2968,9,12922,2085,10837,0,0,0,1.0,1.0,1.0,1.0,1.0,1,0.17527456408626946,56
2969,8,12930,2086,10844,0,0,0,1.0,1.0,1.0,1.0,1.0,1,0.21133324120758126,55
2970,8,12938,2087,10851,0,0,0,1.0,1.0,1.0,1.0,1.0,1,0.18911626561065126,57
2971,8,12946,2087,10859,0,0,0,1.0,1.0,1.0,1.0,1.0,1,0.18937035136342958,56
2972,7,12953,2088,10865,0,0,0,1.0,1.0,1.0,1.0,1.0,1,0.21664798129844554,57
2973,19,12972,2089,10883,0,0,0,1.0,1.0,1.0,1.0,1.0,1,0.22735482910787463,59
2974,8,12980,2089,10891,0,0,0,1.0,1.0,1.0,1.0,1.0,1,0.16296602983454808,60
2975,13,12993,2090,10903,0,0,0,1.0,1.0,1.0,1.0,1.0,1,0.1967522190292011,58
2976,8,13001,2092,10909,0,0,0,1.0,1.0,1.0,1.0,1.0,1,0.1478969737156468,59
2977,5,13006,2093,10913,0,0,0,1.0,1.0,1.0,1.0,1.0,1,0.11589685262737046,59
2978,3,13009,2093,10916,0,0,0,1.0,1.0,1.0,1.0,1.0,1,0.11871933074537451,58
2979,2,13011,2093,10918,0,0,0,1.0,1.0,1.0,1.0,1.0,1,0.1270170868252581,57
2980,1,13012,2093,10919,0,0,0,1.0,1.0,1.0,1.0,1.0,1,0.13682341441824067,56
2981,0,13012,2093,10919,0,0,0,1.0,1.0,1.0,1.0,1.0,1,0.13682341441824067,56
2982,0,13012,2093,10919,0,0,0,1.0,1.0,1.0,1.0,1.0,1,0.13834198579197923,57
2983,4,13016,2095,10921,0,0,0,1.0,1.0,1.0,1.0,1.0,1,0.11043531134157708,57
2984,1,13017,2096,10921,0,0,0,1.0,1.0,1.0,1.0,1.0,1,0.1169806921303416,56
2985,1,13018,2097,10921,0,0,0,1.0,1.0,1.0,1.0,1.0,1,0.18651698790269144,55
2986,9,13027,2100,10927,0,0,0,1.0,1.0,1.0,1.0,1.0,1,0.21031029923622743,55
2987,1,13028,2100,10928,0,0,0,1.0,1.0,1.0,1.0,1.0,1,0.19289748266522222,51
2988,4,13032,2101,10931,0,0,0,1.0,1.0,1.0,1.0,1.0,1,0.22426828760899079,52
2989,1,13033,2101,10932,0,0,0,1.0,1.0,1.0,1.0,1.0,1,0.20431074719957426,50
2990,2,13035,2102,10933,0,0,0,1.0,1.0,1.0,1.0,1.0,1,0.20894130809992462,50
2991,2,13037,2103,10934,0,0,0,1.0,1.0,1.0,1.0,1.0,1,0.21694967148117913,50
2992,1,13038,2104,10934,0,0,0,1.0,1.0,1.0,1.0,1.0,1,0.2225350072173283,50
2993,1,13039,2104,10935,0,0,0,1.0,1.0,1.0,1.0,1.0,1,0.23109821300367614,51
2994,2,13041,2106,10935,0,0,0,1.0,1.0,1.0,1.0,1.0,1,0.26205022781797715,51
2995,3,13044,2107,10937,0,0,0,1.0,1.0,1.0,1.0,1.0,1,0.2488415074306319,51
2996,3,13047,2108,10939,0,0,0,1.0,1.0,1.0,1.0,1.0,1,0.26947572869880887,52
2997,5,13052,2109,10943,0,0,0,1.0,1.0,1.0,1.0,1.0,1,0.2453300343003851,52
2998,2,13054,2111,10943,0,0,0,1.0,1.0,1.0,1.0,1.0,1,0.25357163564023794,51
2999,1,13055,2111,10944,0,0,0,1.0,1.0,1.0,1.0,1.0,1,0.24388813198935708,51
3000,5,13060,2113,10947,0,0,0,1.0,1.0,1.0,1.0,1.0,1,0.23211138667501421,52
3001,8,13068,2113,10955,0,0,0,1.0,1.0,1.0,1.0,1.0,1,0.12678247763324837,52
3002,2,13070,2114,10956,0,0,0,1.0,1.0,1.0,1.0,1.0,1,0.1572032391805278,53
3003,2,13072,2114,10958,0,0,0,1.0,1.0,1.0,1.0,1.0,1,0.13902842820092545,54
3004,4,13076,2114,10962,0,0,0,1.0,1.0,1.0,1.0,1.0,1,0.12743410152392212,55
3005,1,13077,2114,10963,0,0,0,1.0,1.0,1.0,1.0,1.0,1,0.1486385023599797,56
3006,7,13084,2115,10969,0,0,0,1.0,1.0,1.0,1.0,1.0,1,0.15753017814526735,57
3007,7,13091,2115,10976,0,0,0,1.0,1.0,1.0,1.0,1.0,1,0.1583735794745735,58
3008,8,13099,2117,10982,0,0,0,1.0,1.0,1.0,1.0,1.0,1,0.22717226067209878,59
3009,12,13111,2117,10994,0,0,0,1.0,1.0,1.0,1.0,1.0,1,0.2252149078253424,59
3010,15,13126,2118,11008,0,0,0,1.0,1.0,1.0,1.0,1.0,1,0.1832633401530828,59
3011,14,13140,2119,11021,0,0,0,1.0,1.0,1.0,1.0,1.0,1,0.20562054118044906,59
3012,14,13154,2121,11033,0,0,0,1.0,1.0,1.0,1.0,1.0,1,0.2477395512127839,61
3013,7,13161,2122,11039,0,0,0,1.0,1.0,1.0,1.0,1.0,1,0.20953700348652918,59
3014,8,13169,2123,11046,0,0,0,1.0,1.0,1.0,1.0,1.0,1,0.2739587645001916,60
3015,12,13181,2123,11058,0,0,0,1.0,1.0,1.0,1.0,1.0,1,0.23012828720332285,58
3016,10,13191,2123,11068,0,0,0,1.0,1.0,1.0,1.0,1.0,1,0.24170123352200404,57
3017,7,13198,2124,11074,0,0,0,1.0,1.0,1.0,1.0,1.0,1,0.20079354388314846,58
3018,12,13210,2124,11086,0,0,0,1.0,1.0,1.0,1.0,1.0,1,0.23916094628479384,55
3019,8,13218,2124,11094,0,0,0,1.0,1.0,1.0,1.0,1.0,1,0.23407172223105094,56
3020,5,13223,2124,11099,0,0,0,1.0,1.0,1.0,1.0,1.0,1,0.3146741136710314,55
3021,11,13234,2126,11108,0,0,0,1.0,1.0,1.0,1.0,1.0,1,0.2950314544957364,55
3022,12,13246,2127,11119,0,0,0,1.0,1.0,1.0,1.0,1.0,1,0.35289786480786206,55
3023,12,13258,2127,11131,0,0,0,1.0,1.0,1.0,1.0,1.0,1,0.34701069993859557,54
3024,21,13279,2128,11151,0,0,0,1.0,1.0,1.0,1.0,1.0,1,0.3270023412074027,54
3025,18,13297,2131,11166,0,0,0,1.0,1.0,1.0,1.0,1.0,1,0.2907522423451452,54
3026,14,13311,2131,11180,0,0,0,1.0,1.0,1.0,1.0,1.0,1,0.17992853242172152,53
3027,6,13317,2132,11185,0,0,0,1.0,1.0,1.0,1.0,1.0,1,0.20675181901094536,53
3028,6,13323,2133,11190,0,0,0,1.0,1.0,1.0,1.0,1.0,1,0.22224686068612617,51
3029,5,13328,2133,11195,0,0,0,1.0,1.0,1.0,1.0,1.0,1,0.21370656211346975,51
3030,10,13338,2135,11203,0,0,0,1.0,1.0,1.0,1.0,1.0,1,0.24558998472688198,52
3031,5,13343,2136,11207,0,0,0,1.0,1.0,1.0,1.0,1.0,1,0.26481820447643667,51
3032,6,13349,2136,11213,0,0,0,1.0,1.0,1.0,1.0,1.0,1,0.24116072236189004,50
3033,5,13354,2136,11218,0,0,0,1.0,1.0,1.0,1.0,1.0,1,0.24178061411955584,52
3034,5,13359,2136,11223,0,0,0,1.0,1.0,1.0,1.0,1.0,1,0.24587193128763885,51
3035,4,13363,2136,11227,0,0,0,1.0,1.0,1.0,1.0,1.0,1,0.21703044781040132,51
3036,5,13368,2136,11232,0,0,0,1.0,1.0,1.0,1.0,1.0,1,0.2059328845037409,53
3037,3,13371,2136,11235,0,0,0,1.0,1.0,1.0,1.0,1.0,1,0.2193139177998266,52
3038,6,13377,2136,11241,0,0,0,1.0,1.0,1.0,1.0,1.0,1,0.1980184436187804,52
3039,4,13381,2136,11245,0,0,0,1.0,1.0,1.0,1.0,1.0,1,0.19747715785253003,54
3040,5,13386,2136,11250,0,0,0,1.0,1.0,1.0,1.0,1.0,1,0.16003866643738354,55
3041,9,13395,2136,11259,0,0,0,1.0,1.0,1.0,1.0,1.0,1,0.1612566937423321,56
3042,11,13406,2138,11268,0,0,0,1.0,1.0,1.0,1.0,1.0,1,0.1574464375204613,56
3043,6,13412,2138,11274,0,0,0,1.0,1.0,1.0,1.0,1.0,1,0.15897718010504713,57
3044,4,13416,2139,11277,0,0,0,1.0,1.0,1.0,1.0,1.0,1,0.1870538026310562,57
3045,4,13420,2139,11281,0,0,0,1.0,1.0,1.0,1.0,1.0,1,0.1601477713365145,56
3046,4,13424,2140,11284,0,0,0,1.0,1.0,1.0,1.0,1.0,1,0.1682424709586772,57
3047,8,13432,2140,11292,0,0,0,1.0,1.0,1.0,1.0,1.0,1,0.17918121162660539,56
3048,7,13439,2141,11298,0,0,0,1.0,1.0,1.0,1.0,1.0,1,0.1723689445719334,58
3049,8,13447,2142,11305,0,0,0,1.0,1.0,1.0,1.0,1.0,1,0.2118361874799193,59
3050,9,13456,2142,11314,0,0,0,1.0,1.0,1.0,1.0,1.0,1,0.2249167487497787,60
3051,12,13468,2143,11325,0,0,0,1.0,1.0,1.0,1.0,1.0,1,0.13536618949926538,59
3052,5,13473,2143,11330,0,0,0,1.0,1.0,1.0,1.0,1.0,1,0.1164438125484253,58
3053,5,13478,2144,11334,0,0,0,1.0,1.0,1.0,1.0,1.0,1,0.13863120697486134,57
3054,2,13480,2145,11335,0,0,0,1.0,1.0,1.0,1.0,1.0,1,0.13549517233988534,55
3055,3,13483,2147,11336,0,0,0,1.0,1.0,1.0,1.0,1.0,1,0.15000487491153966,54
3056,7,13490,2149,11341,0,0,0,1.0,1.0,1.0,1.0,1.0,1,0.1752232378503557,55
3057,4,13494,2150,11344,0,0,0,1.0,1.0,1.0,1.0,1.0,1,0.20778267706954365,54
3058,8,13502,2152,11350,0,0,0,1.0,1.0,1.0,1.0,1.0,1,0.24369438283789285,55
3059,6,13508,2152,11356,0,0,0,1.0,1.0,1.0,1.0,1.0,1,0.23949256651253067,56
3060,7,13515,2152,11363,0,0,0,1.0,1.0,1.0,1.0,1.0,1,0.24358393608116796,56
3061,6,13521,2153,11368,0,0,0,1.0,1.0,1.0,1.0,1.0,1,0.27908616288841165,56
3062,10,13531,2156,11375,0,0,0,1.0,1.0,1.0,1.0,1.0,1,0.269954905846961,57
3063,7,13538,2156,11382,0,0,0,1.0,1.0,1.0,1.0,1.0,1,0.24484318592540205,55
3064,16,13554,2159,11395,0,0,0,1.0,1.0,1.0,1.0,1.0,1,0.2599392119524064,56
3065,16,13570,2159,11411,0,0,0,1.0,1.0,1.0,1.0,1.0,1,0.28790536549383067,55
3066,9,13579,2161,11418,0,0,0,1.0,1.0,1.0,1.0,1.0,1,0.2748503240982054,55
3067,5,13584,2162,11422,0,0,0,1.0,1.0,1.0,1.0,1.0,1,0.24484710433943102,54
3068,9,13593,2164,11429,0,0,0,1.0,1.0,1.0,1.0,1.0,1,0.25309381760048305,53
3069,7,13600,2166,11434,0,0,0,1.0,1.0,1.0,1.0,1.0,1,0.2705956558935247,51
3070,6,13606,2166,11440,0,0,0,1.0,1.0,1.0,1.0,1.0,1,0.27926809949415166,50
3071,3,13609,2166,11443,0,0,0,1.0,1.0,1.0,1.0,1.0,1,0.22848779883727305,51
3072,4,13613,2168,11445,0,0,0,1.0,1.0,1.0,1.0,1.0,1,0.27185002643159006,53
3073,11,13624,2168,11456,0,0,0,1.0,1.0,1.0,1.0,1.0,1,0.25890017574278107,51
3074,7,13631,2169,11462,0,0,0,1.0,1.0,1.0,1.0,1.0,1,0.2355207008134421,50
3075,9,13640,2170,11470,0,0,0,1.0,1.0,1.0,1.0,1.0,1,0.20925068951421333,52
3076,7,13647,2170,11477,0,0,0,1.0,1.0,1.0,1.0,1.0,1,0.1318874691607752,53
3077,2,13649,2170,11479,0,0,0,1.0,1.0,1.0,1.0,1.0,1,0.12239120059135805,52
3078,1,13650,2170,11480,0,0,0,1.0,1.0,1.0,1.0,1.0,1,0.14741171367675643,53
3079,2,13652,2170,11482,0,0,0,1.0,1.0,1.0,1.0,1.0,1,0.13520063283389633,53
3080,0,13652,2170,11482,0,0,0,1.0,1.0,1.0,1.0,1.0,1,0.1525586403852628,52
3081,1,13653,2171,11482,0,0,0,1.0,1.0,1.0,1.0,1.0,1,0.16333174546178492,54
3082,6,13659,2174,11485,0,0,0,1.0,1.0,1.0,1.0,1.0,1,0.17736693516286334,54
3083,3,13662,2175,11487,0,0,0,1.0,1.0,1.0,1.0,1.0,1,0.21154296714995977,54
3084,1,13663,2176,11487,0,0,0,1.0,1.0,1.0,1.0,1.0,1,0.23116858856149006,55
3085,0,13663,2176,11487,0,0,0,1.0,1.0,1.0,1.0,1.0,1,0.23116858856149006,55
3086,3,13666,2177,11489,0,0,0,1.0,1.0,1.0,1.0,1.0,1,0.20846908230497932,56
3087,2,13668,2177,11491,0,0,0,1.0,1.0,1.0,1.0,1.0,1,0.21819090821624867,57
3088,1,13669,2177,11492,0,0,0,1.0,1.0,1.0,1.0,1.0,1,0.20596336792418315,56
3089,3,13672,2178,11494,0,0,0,1.0,1.0,1.0,1.0,1.0,1,0.19675497993423477,55
3090,4,13676,2179,11497,0,0,0,1.0,1.0,1.0,1.0,1.0,1,0.20212129691591296,54
3091,3,13679,2179,11500,0,0,0,1.0,1.0,1.0,1.0,1.0,1,0.21201806203521634,53
3092,7,13686,2179,11507,0,0,0,1.0,1.0,1.0,1.0,1.0,1,0.1965750884060848,56
3093,4,13690,2180,11510,0,0,0,1.0,1.0,1.0,1.0,1.0,1,0.21050031588708276,56
3094,7,13697,2180,11517,0,0,0,1.0,1.0,1.0,1.0,1.0,1,0.19091147866575506,58
3095,4,13701,2180,11521,0,0,0,1.0,1.0,1.0,1.0,1.0,1,0.19498779477087572,59
3096,3,13704,2180,11524,0,0,0,1.0,1.0,1.0,1.0,1.0,1,0.2033659888017387,60
3097,3,13707,2180,11527,0,0,0,1.0,1.0,1.0,1.0,1.0,1,0.18500820603614115,60
3098,0,13707,2180,11527,0,0,0,1.0,1.0,1.0,1.0,1.0,1,0.21294021254202897,58
3099,0,13707,2180,11527,0,0,0,1.0,1.0,1.0,1.0,1.0,1,0.2260394941178514,57
3100,2,13709,2180,11529,0,0,0,1.0,1.0,1.0,1.0,1.0,1,0.23212896910932623,57
3101,7,13716,2180,11536,0,0,0,1.0,1.0,1.0,1.0,1.0,1,0.1719797299283232,58
3102,5,13721,2182,11539,0,0,0,1.0,1.0,1.0,1.0,1.0,1,0.19174331255085963,59
3103,5,13726,2182,11544,0,0,0,1.0,1.0,1.0,1.0,1.0,1,0.14381968175813803,58
3104,5,13731,2185,11546,0,0,0,1.0,1.0,1.0,1.0,1.0,1,0.12378183479875182,58
3105,4,13735,2188,11547,0,0,0,1.0,1.0,1.0,1.0,1.0,1,0.11884648589321034,56
3106,2,13737,2190,11547,0,0,0,1.0,1.0,1.0,1.0,1.0,1,0.10850276501136295,57
3107,2,13739,2192,11547,0,0,0,1.0,1.0,1.0,1.0,1.0,1,0.09251980440531786,55
3108,6,13745,2196,11549,0,0,0,1.0,1.0,1.0,1.0,1.0,1,0.12650840856645018,55
3109,6,13751,2198,11553,0,0,0,1.0,1.0,1.0,1.0,1.0,1,0.0868425372281596,54
3110,6,13757,2198,11559,0,0,0,1.0,1.0,1.0,1.0,1.0,1,0.12497501607660706,54
3111,5,13762,2201,11561,0,0,0,1.0,1.0,1.0,1.0,1.0,1,0.12238570986467727,54
3112,4,13766,2204,11562,0,0,0,1.0,1.0,1.0,1.0,1.0,1,0.14902681070113974,56
3113,5,13771,2206,11565,0,0,0,1.0,1.0,1.0,1.0,1.0,1,0.14362457768247855,55
3114,8,13779,2207,11572,0,0,0,1.0,1.0,1.0,1.0,1.0,1,0.19923583032587208,54
3115,6,13785,2207,11578,0,0,0,1.0,1.0,1.0,1.0,1.0,1,0.136146171324034,56
3116,8,13793,2210,11583,0,0,0,1.0,1.0,1.0,1.0,1.0,1,0.12073191888428728,56
3117,4,13797,2210,11587,0,0,0,1.0,1.0,1.0,1.0,1.0,1,0.13091514739751575,58
3118,3,13800,2211,11589,0,0,0,1.0,1.0,1.0,1.0,1.0,1,0.12799259146911962,57
3119,4,13804,2212,11592,0,0,0,1.0,1.0,1.0,1.0,1.0,1,0.1518413568194918,57
3120,5,13809,2212,11597,0,0,0,1.0,1.0,1.0,1.0,1.0,1,0.1166374900642635,56
3121,3,13812,2212,11600,0,0,0,1.0,1.0,1.0,1.0,1.0,1,0.14453178503582928,57
3122,7,13819,2212,11607,0,0,0,1.0,1.0,1.0,1.0,1.0,1,0.1556887149821895,57
3123,5,13824,2212,11612,0,0,0,1.0,1.0,1.0,1.0,1.0,1,0.12328318925848121,57
3124,4,13828,2212,11616,0,0,0,1.0,1.0,1.0,1.0,1.0,1,0.08900720328560258,59
3125,6,13834,2212,11622,0,0,0,1.0,1.0,1.0,1.0,1.0,1,0.08861869481148393,61
3126,2,13836,2212,11624,0,0,0,1.0,1.0,1.0,1.0,1.0,1,0.06748221746502897,60
3127,0,13836,2212,11624,0,0,0,1.0,1.0,1.0,1.0,1.0,1,0.05454502889735457,58
3128,3,13839,2213,11626,0,0,0,1.0,1.0,1.0,1.0,1.0,1,0.08385846586751032,58
3129,1,13840,2213,11627,0,0,0,1.0,1.0,1.0,1.0,1.0,1,0.05902674452622228,56
3130,0,13840,2213,11627,0,0,0,1.0,1.0,1.0,1.0,1.0,1,0.12635158360036697,56
3131,0,13840,2213,11627,0,0,0,1.0,1.0,1.0,1.0,1.0,1,0.13614233382752328,55
3132,2,13842,2215,11627,0,0,0,1.0,1.0,1.0,1.0,1.0,1,0.1741251906569893,53
3133,2,13844,2216,11628,0,0,0,1.0,1.0,1.0,1.0,1.0,1,0.1892317033031915,52
3134,4,13848,2219,11629,0,0,0,1.0,1.0,1.0,1.0,1.0,1,0.23709148221520923,52
3135,6,13854,2221,11633,0,0,0,1.0,1.0,1.0,1.0,1.0,1,0.200476691220729,53
3136,7,13861,2225,11636,0,0,0,1.0,1.0,1.0,1.0,1.0,1,0.24454858790138867,54
3137,8,13869,2229,11640,0,0,0,1.0,1.0,1.0,1.0,1.0,1,0.2744330068136501,55
3138,8,13877,2229,11648,0,0,0,1.0,1.0,1.0,1.0,1.0,1,0.26219053500390643,57
3139,4,13881,2229,11652,0,0,0,1.0,1.0,1.0,1.0,1.0,1,0.2439742298144073,56
3140,3,13884,2229,11655,0,0,0,1.0,1.0,1.0,1.0,1.0,1,0.2264201107072711,56
3141,4,13888,2231,11657,0,0,0,1.0,1.0,1.0,1.0,1.0,1,0.22718392713999755,56
3142,2,13890,2232,11658,0,0,0,1.0,1.0,1.0,1.0,1.0,1,0.25079408759050237,56
3143,4,13894,2235,11659,0,0,0,1.0,1.0,1.0,1.0,1.0,1,0.2821335162880407,56
3144,5,13899,2236,11663,0,0,0,1.0,1.0,1.0,1.0,1.0,1,0.2871802688925465,54
3145,6,13905,2237,11668,0,0,0,1.0,1.0,1.0,1.0,1.0,1,0.25485457403033657,55
3146,2,13907,2237,11670,0,0,0,1.0,1.0,1.0,1.0,1.0,1,0.2611961560240361,53
3147,2,13909,2237,11672,0,0,0,1.0,1.0,1.0,1.0,1.0,1,0.2696456414020924,54
3148,1,13910,2237,11673,0,0,0,1.0,1.0,1.0,1.0,1.0,1,0.26585017370768804,54
3149,0,13910,2237,11673,0,0,0,1.0,1.0,1.0,1.0,1.0,1,0.2672644480646942,53
3150,1,13911,2237,11674,0,0,0,1.0,1.0,1.0,1.0,1.0,1,0.2500376109601124,53
3151,17,13928,2238,11690,0,0,0,1.0,1.0,1.0,1.0,1.0,1,0.11523152831613664,53
3152,7,13935,2238,11697,0,0,0,1.0,1.0,1.0,1.0,1.0,1,0.12692886869210349,54
3153,9,13944,2239,11705,0,0,0,1.0,1.0,1.0,1.0,1.0,1,0.16263737883246532,53
3154,11,13955,2241,11714,0,0,0,1.0,1.0,1.0,1.0,1.0,1,0.20683272024313284,55
3155,7,13962,2241,11721,0,0,0,1.0,1.0,1.0,1.0,1.0,1,0.30130100319620484,56
3156,16,13978,2242,11736,0,0,0,1.0,1.0,1.0,1.0,1.0,1,0.3259250032082931,56
3157,8,13986,2242,11744,0,0,0,1.0,1.0,1.0,1.0,1.0,1,0.27620521060935666,56
3158,12,13998,2242,11756,0,0,0,1.0,1.0,1.0,1.0,1.0,1,0.288188723364009,57
3159,12,14010,2243,11767,0,0,0,1.0,1.0,1.0,1.0,1.0,1,0.3088042558511068,56
3160,17,14027,2244,11783,0,0,0,1.0,1.0,1.0,1.0,1.0,1,0.2997799180448211,58
3161,12,14039,2244,11795,0,0,0,1.0,1.0,1.0,1.0,1.0,1,0.25705957175006633,59
3162,19,14058,2245,11813,0,0,0,1.0,1.0,1.0,1.0,1.0,1,0.25757670408236405,59
3163,11,14069,2246,11823,0,0,0,1.0,1.0,1.0,1.0,1.0,1,0.18717122305504366,59
3164,11,14080,2247,11833,0,0,0,1.0,1.0,1.0,1.0,1.0,1,0.22300857898070456,60
3165,12,14092,2248,11844,0,0,0,1.0,1.0,1.0,1.0,1.0,1,0.26852584703099913,58
3166,13,14105,2248,11857,0,0,0,1.0,1.0,1.0,1.0,1.0,1,0.28381654120314076,59
3167,9,14114,2248,11866,0,0,0,1.0,1.0,1.0,1.0,1.0,1,0.20536621677017072,57
3168,6,14120,2249,11871,0,0,0,1.0,1.0,1.0,1.0,1.0,1,0.2197668674683549,58
3169,14,14134,2251,11883,0,0,0,1.0,1.0,1.0,1.0,1.0,1,0.22065798876839496,57
3170,9,14143,2253,11890,0,0,0,1.0,1.0,1.0,1.0,1.0,1,0.2040887471466967,55
3171,14,14157,2256,11901,0,0,0,1.0,1.0,1.0,1.0,1.0,1,0.1904266234104328,56
3172,6,14163,2256,11907,0,0,0,1.0,1.0,1.0,1.0,1.0,1,0.228170069460454,54
3173,7,14170,2256,11914,0,0,0,1.0,1.0,1.0,1.0,1.0,1,0.22657961693091727,53
3174,12,14182,2257,11925,0,0,0,1.0,1.0,1.0,1.0,1.0,1,0.2038605001681954,53
3175,6,14188,2259,11929,0,0,0,1.0,1.0,1.0,1.0,1.0,1,0.26398718051245906,52
3176,15,14203,2262,11941,0,0,0,1.0,1.0,1.0,1.0,1.0,1,0.2593175490539672,53
3177,12,14215,2265,11950,0,0,0,1.0,1.0,1.0,1.0,1.0,1,0.1857942836733584,52
3178,17,14232,2265,11967,0,0,0,1.0,1.0,1.0,1.0,1.0,1,0.09965066130650037,53
3179,7,14239,2265,11974,0,0,0,1.0,1.0,1.0,1.0,1.0,1,0.18607135481313328,54
3180,13,14252,2265,11987,0,0,0,1.0,1.0,1.0,1.0,1.0,1,0.1677404654715159,54
3181,13,14265,2265,12000,0,0,0,1.0,1.0,1.0,1.0,1.0,1,0.15533889658154,55
3182,8,14273,2265,12008,0,0,0,1.0,1.0,1.0,1.0,1.0,1,0.1136102071905604,54
3183,18,14291,2266,12025,0,0,0,1.0,1.0,1.0,1.0,1.0,1,0.14680477521682447,56
3184,17,14308,2268,12040,0,0,0,1.0,1.0,1.0,1.0,1.0,1,0.22221882161045806,54
3185,15,14323,2268,12055,0,0,0,1.0,1.0,1.0,1.0,1.0,1,0.18349445394294694,53
3186,14,14337,2270,12067,0,0,0,1.0,1.0,1.0,1.0,1.0,1,0.213236107103858,52
3187,14,14351,2270,12081,0,0,0,1.0,1.0,1.0,1.0,1.0,1,0.24423360698760255,50
3188,12,14363,2270,12093,0,0,0,1.0,1.0,1.0,1.0,1.0,1,0.1785877360860955,50
3189,11,14374,2271,12103,0,0,0,1.0,1.0,1.0,1.0,1.0,1,0.22852439405106506,49
3190,9,14383,2271,12112,0,0,0,1.0,1.0,1.0,1.0,1.0,1,0.22517910232688504,50
3191,7,14390,2272,12118,0,0,0,1.0,1.0,1.0,1.0,1.0,1,0.23328238549998395,49
3192,7,14397,2272,12125,0,0,0,1.0,1.0,1.0,1.0,1.0,1,0.265313894006134,49
3193,6,14403,2272,12131,0,0,0,1.0,1.0,1.0,1.0,1.0,1,0.21504021080640673,49
3194,14,14417,2273,12144,0,0,0,1.0,1.0,1.0,1.0,1.0,1,0.2624698932292905,50
3195,13,14430,2273,12157,0,0,0,1.0,1.0,1.0,1.0,1.0,1,0.2985817532751038,49
3196,16,14446,2274,12172,0,0,0,1.0,1.0,1.0,1.0,1.0,1,0.2959241823617456,49
3197,13,14459,2274,12185,0,0,0,1.0,1.0,1.0,1.0,1.0,1,0.31572360021124996,50
3198,15,14474,2274,12200,0,0,0,1.0,1.0,1.0,1.0,1.0,1,0.28531512619461435,50
3199,19,14493,2275,12218,0,0,0,1.0,1.0,1.0,1.0,1.0,1,0.28625836747187083,52
3200,21,14514,2275,12239,0,0,0,1.0,1.0,1.0,1.0,1.0,1,0.31963653391270175,53
3201,19,14533,2275,12258,0,0,0,1.0,1.0,1.0,1.0,1.0,1,0.11018651586572556,55
3202,9,14542,2276,12266,0,0,0,1.0,1.0,1.0,1.0,1.0,1,0.10234994591229583,55
3203,10,14552,2278,12274,0,0,0,1.0,1.0,1.0,1.0,1.0,1,0.14437536380126484,53
3204,6,14558,2278,12280,0,0,0,1.0,1.0,1.0,1.0,1.0,1,0.13169342447502247,53
3205,7,14565,2278,12287,0,0,0,1.0,1.0,1.0,1.0,1.0,1,0.19877199665313575,53
3206,12,14577,2278,12299,0,0,0,1.0,1.0,1.0,1.0,1.0,1,0.21275284828049218,52
3207,15,14592,2279,12313,0,0,0,1.0,1.0,1.0,1.0,1.0,1,0.24310280620559901,53
3208,10,14602,2279,12323,0,0,0,1.0,1.0,1.0,1.0,1.0,1,0.2557342595763692,51
3209,11,14613,2280,12333,0,0,0,1.0,1.0,1.0,1.0,1.0,1,0.24234172276042132,52
3210,9,14622,2280,12342,0,0,0,1.0,1.0,1.0,1.0,1.0,1,0.235234779140563,49
3211,11,14633,2281,12352,0,0,0,1.0,1.0,1.0,1.0,1.0,1,0.2703335537787317,48
3212,12,14645,2281,12364,0,0,0,1.0,1.0,1.0,1.0,1.0,1,0.27744997087752216,48
3213,16,14661,2282,12379,0,0,0,1.0,1.0,1.0,1.0,1.0,1,0.21100783098317485,49
3214,7,14668,2282,12386,0,0,0,1.0,1.0,1.0,1.0,1.0,1,0.22763993807949098,51
3215,10,14678,2282,12396,0,0,0,1.0,1.0,1.0,1.0,1.0,1,0.20019999874187278,51
3216,17,14695,2283,12412,0,0,0,1.0,1.0,1.0,1.0,1.0,1,0.1886019253027151,51
3217,10,14705,2284,12421,0,0,0,1.0,1.0,1.0,1.0,1.0,1,0.2099018249811851,51
3218,7,14712,2284,12428,0,0,0,1.0,1.0,1.0,1.0,1.0,1,0.17971946109060422,51
3219,8,14720,2285,12435,0,0,0,1.0,1.0,1.0,1.0,1.0,1,0.18112204706951274,52
3220,7,14727,2285,12442,0,0,0,1.0,1.0,1.0,1.0,1.0,1,0.1825050269644716,52
3221,12,14739,2285,12454,0,0,0,1.0,1.0,1.0,1.0,1.0,1,0.18988290604322966,54
3222,9,14748,2285,12463,0,0,0,1.0,1.0,1.0,1.0,1.0,1,0.18913095273067765,54
3223,13,14761,2285,12476,0,0,0,1.0,1.0,1.0,1.0,1.0,1,0.20607023252795628,56
3224,12,14773,2286,12487,0,0,0,1.0,1.0,1.0,1.0,1.0,1,0.17206529332585752,57
3225,14,14787,2286,12501,0,0,0,1.0,1.0,1.0,1.0,1.0,1,0.178152389416342,58
3226,8,14795,2286,12509,0,0,0,1.0,1.0,1.0,1.0,1.0,1,0.10903300919864765,58
3227,5,14800,2286,12514,0,0,0,1.0,1.0,1.0,1.0,1.0,1,0.11554793481514164,58
3228,4,14804,2286,12518,0,0,0,1.0,1.0,1.0,1.0,1.0,1,0.08887439519840358,58
3229,2,14806,2286,12520,0,0,0,1.0,1.0,1.0,1.0,1.0,1,0.11623048765940172,60
3230,6,14812,2286,12526,0,0,0,1.0,1.0,1.0,1.0,1.0,1,0.12694764803587574,61
3231,6,14818,2288,12530,0,0,0,1.0,1.0,1.0,1.0,1.0,1,0.15666539919062358,61
3232,3,14821,2288,12533,0,0,0,1.0,1.0,1.0,1.0,1.0,1,0.11881263128218175,61
3233,3,14824,2288,12536,0,0,0,1.0,1.0,1.0,1.0,1.0,1,0.13259491046128322,63
3234,4,14828,2289,12539,0,0,0,1.0,1.0,1.0,1.0,1.0,1,0.16617198751133394,64
3235,6,14834,2289,12545,0,0,0,1.0,1.0,1.0,1.0,1.0,1,0.1487831136334032,65
3236,6,14840,2289,12551,0,0,0,1.0,1.0,1.0,1.0,1.0,1,0.14345271542164226,66
3237,10,14850,2289,12561,0,0,0,1.0,1.0,1.0,1.0,1.0,1,0.1295179971096103,67
3238,5,14855,2289,12566,0,0,0,1.0,1.0,1.0,1.0,1.0,1,0.1621815259918328,67
3239,13,14868,2290,12578,0,0,0,1.0,1.0,1.0,1.0,1.0,1,0.16549227694989285,69
3240,13,14881,2291,12590,0,0,0,1.0,1.0,1.0,1.0,1.0,1,0.16575941390704188,69
3241,9,14890,2291,12599,0,0,0,1.0,1.0,1.0,1.0,1.0,1,0.19466997759860263,68
3242,12,14902,2291,12611,0,0,0,1.0,1.0,1.0,1.0,1.0,1,0.16136557067844967,67
3243,11,14913,2292,12621,0,0,0,1.0,1.0,1.0,1.0,1.0,1,0.13163080596861915,68
3244,7,14920,2292,12628,0,0,0,1.0,1.0,1.0,1.0,1.0,1,0.17201418381410247,68
3245,12,14932,2292,12640,0,0,0,1.0,1.0,1.0,1.0,1.0,1,0.1660312910488689,69
3246,7,14939,2292,12647,0,0,0,1.0,1.0,1.0,1.0,1.0,1,0.16399665974262206,68
3247,7,14946,2292,12654,0,0,0,1.0,1.0,1.0,1.0,1.0,1,0.16658881579452095,68
3248,7,14953,2292,12661,0,0,0,1.0,1.0,1.0,1.0,1.0,1,0.14153467643879353,68
3249,11,14964,2292,12672,0,0,0,1.0,1.0,1.0,1.0,1.0,1,0.18945037836976883,69
3250,8,14972,2292,12680,0,0,0,1.0,1.0,1.0,1.0,1.0,1,0.14187512875649985,69
3251,8,14980,2294,12686,0,0,0,1.0,1.0,1.0,1.0,1.0,1,0.09531741937817668,68
3252,1,14981,2294,12687,0,0,0,1.0,1.0,1.0,1.0,1.0,1,0.09433772297035406,68
3253,0,14981,2294,12687,0,0,0,1.0,1.0,1.0,1.0,1.0,1,0.09723586457300802,69
3254,0,14981,2294,12687,0,0,0,1.0,1.0,1.0,1.0,1.0,1,0.09723586457300802,69
3255,0,14981,2294,12687,0,0,0,1.0,1.0,1.0,1.0,1.0,1,0.10988199050206233,70
3256,3,14984,2294,12690,0,0,0,1.0,1.0,1.0,1.0,1.0,1,0.10120735833967753,70
3257,1,14985,2294,12691,0,0,0,1.0,1.0,1.0,1.0,1.0,1,0.09443625515971045,71
3258,4,14989,2296,12693,0,0,0,1.0,1.0,1.0,1.0,1.0,1,0.12815112634158934,72
3259,1,14990,2296,12694,0,0,0,1.0,1.0,1.0,1.0,1.0,1,0.12888070725739756,71
3260,6,14996,2296,12700,0,0,0,1.0,1.0,1.0,1.0,1.0,1,0.11771523764470485,72
3261,8,15004,2296,12708,0,0,0,1.0,1.0,1.0,1.0,1.0,1,0.1134422937162728,74
3262,7,15011,2298,12713,0,0,0,1.0,1.0,1.0,1.0,1.0,1,0.14000892625146255,73
3263,5,15016,2300,12716,0,0,0,1.0,1.0,1.0,1.0,1.0,1,0.19706690830673856,73
3264,7,15023,2301,12722,0,0,0,1.0,1.0,1.0,1.0,1.0,1,0.23666444760900682,71
3265,4,15027,2301,12726,0,0,0,1.0,1.0,1.0,1.0,1.0,1,0.21986845269565858,70
3266,8,15035,2304,12731,0,0,0,1.0,1.0,1.0,1.0,1.0,1,0.23841156375394756,69
3267,7,15042,2305,12737,0,0,0,1.0,1.0,1.0,1.0,1.0,1,0.22964423946406465,69
3268,6,15048,2308,12740,0,0,0,1.0,1.0,1.0,1.0,1.0,1,0.2741084414372115,68
3269,8,15056,2309,12747,0,0,0,1.0,1.0,1.0,1.0,1.0,1,0.2659651531012425,68
3270,5,15061,2310,12751,0,0,0,1.0,1.0,1.0,1.0,1.0,1,0.27013908398440284,67
3271,6,15067,2311,12756,0,0,0,1.0,1.0,1.0,1.0,1.0,1,0.24485176204216358,66
3272,9,15076,2312,12764,0,0,0,1.0,1.0,1.0,1.0,1.0,1,0.22944464739183199,67
3273,9,15085,2312,12773,0,0,0,1.0,1.0,1.0,1.0,1.0,1,0.2536236198447314,66
3274,9,15094,2312,12782,0,0,0,1.0,1.0,1.0,1.0,1.0,1,0.2650171926850791,68
3275,10,15104,2312,12792,0,0,0,1.0,1.0,1.0,1.0,1.0,1,0.275598829812379,68
3276,14,15118,2313,12805,0,0,0,1.0,1.0,1.0,1.0,1.0,1,0.16456355560540062,69
3277,5,15123,2314,12809,0,0,0,1.0,1.0,1.0,1.0,1.0,1,0.15262115855172875,68
3278,6,15129,2315,12814,0,0,0,1.0,1.0,1.0,1.0,1.0,1,0.15483776694558832,69
3279,4,15133,2315,12818,0,0,0,1.0,1.0,1.0,1.0,1.0,1,0.11485861628125531,67
3280,3,15136,2315,12821,0,0,0,1.0,1.0,1.0,1.0,1.0,1,0.11400255864534783,66
3281,4,15140,2317,12823,0,0,0,1.0,1.0,1.0,1.0,1.0,1,0.13961318683846066,67
3282,6,15146,2318,12828,0,0,0,1.0,1.0,1.0,1.0,1.0,1,0.11598603129043877,66
3283,5,15151,2320,12831,0,0,0,1.0,1.0,1.0,1.0,1.0,1,0.15960406293434684,67
3284,2,15153,2320,12833,0,0,0,1.0,1.0,1.0,1.0,1.0,1,0.14884076087281112,66
3285,3,15156,2321,12835,0,0,0,1.0,1.0,1.0,1.0,1.0,1,0.15468056861199275,66
3286,1,15157,2321,12836,0,0,0,1.0,1.0,1.0,1.0,1.0,1,0.16083903713592954,63
3287,2,15159,2321,12838,0,0,0,1.0,1.0,1.0,1.0,1.0,1,0.18204017423033972,61
3288,6,15165,2321,12844,0,0,0,1.0,1.0,1.0,1.0,1.0,1,0.2016707322713732,63
3289,5,15170,2321,12849,0,0,0,1.0,1.0,1.0,1.0,1.0,1,0.2279630172213454,62
3290,6,15176,2322,12854,0,0,0,1.0,1.0,1.0,1.0,1.0,1,0.19061312914674178,63
3291,6,15182,2323,12859,0,0,0,1.0,1.0,1.0,1.0,1.0,1,0.23229003558081737,62
3292,6,15188,2324,12864,0,0,0,1.0,1.0,1.0,1.0,1.0,1,0.2222301714602514,63
3293,10,15198,2325,12873,0,0,0,1.0,1.0,1.0,1.0,1.0,1,0.20311749324798017,65
3294,5,15203,2325,12878,0,0,0,1.0,1.0,1.0,1.0,1.0,1,0.22102980861509575,65
3295,7,15210,2326,12884,0,0,0,1.0,1.0,1.0,1.0,1.0,1,0.21832645935340386,65
3296,7,15217,2327,12890,0,0,0,1.0,1.0,1.0,1.0,1.0,1,0.22961423088703634,65
3297,8,15225,2329,12896,0,0,0,1.0,1.0,1.0,1.0,1.0,1,0.21841376491775716,66
3298,5,15230,2330,12900,0,0,0,1.0,1.0,1.0,1.0,1.0,1,0.22479230687349464,66
3299,7,15237,2331,12906,0,0,0,1.0,1.0,1.0,1.0,1.0,1,0.23755062829763374,67
3300,7,15244,2331,12913,0,0,0,1.0,1.0,1.0,1.0,1.0,1,0.24446483641554553,67
3301,8,15252,2332,12920,0,0,0,1.0,1.0,1.0,1.0,1.0,1,0.19819857718116618,68
3302,1,15253,2332,12921,0,0,0,1.0,1.0,1.0,1.0,1.0,1,0.197084239345926,67
3303,1,15254,2333,12921,0,0,0,1.0,1.0,1.0,1.0,1.0,1,0.19113650654264866,67
3304,0,15254,2333,12921,0,0,0,1.0,1.0,1.0,1.0,1.0,1,0.19208648022384875,67
3305,4,15258,2333,12925,0,0,0,1.0,1.0,1.0,1.0,1.0,1,0.19644417429644218,69
3306,2,15260,2334,12926,0,0,0,1.0,1.0,1.0,1.0,1.0,1,0.1897790567877982,70
3307,1,15261,2334,12927,0,0,0,1.0,1.0,1.0,1.0,1.0,1,0.19200074671880732,70
3308,0,15261,2334,12927,0,0,0,1.0,1.0,1.0,1.0,1.0,1,0.19200074671880732,70
3309,1,15262,2334,12928,0,0,0,1.0,1.0,1.0,1.0,1.0,1,0.2085596025029177,72
3310,2,15264,2334,12930,0,0,0,1.0,1.0,1.0,1.0,1.0,1,0.19561145494512275,74
3311,1,15265,2334,12931,0,0,0,1.0,1.0,1.0,1.0,1.0,1,0.18837769921650097,74
3312,1,15266,2334,12932,0,0,0,1.0,1.0,1.0,1.0,1.0,1,0.19585922428043667,74
3313,3,15269,2334,12935,0,0,0,1.0,1.0,1.0,1.0,1.0,1,0.18207454663526507,75
3314,5,15274,2334,12940,0,0,0,1.0,1.0,1.0,1.0,1.0,1,0.16049881243471006,76
3315,2,15276,2334,12942,0,0,0,1.0,1.0,1.0,1.0,1.0,1,0.15931449546420448,75
3316,4,15280,2336,12944,0,0,0,1.0,1.0,1.0,1.0,1.0,1,0.17691429872617365,76
3317,4,15284,2337,12947,0,0,0,1.0,1.0,1.0,1.0,1.0,1,0.16972629470628103,73
3318,4,15288,2339,12949,0,0,0,1.0,1.0,1.0,1.0,1.0,1,0.192518951803805,72
3319,5,15293,2339,12954,0,0,0,1.0,1.0,1.0,1.0,1.0,1,0.18785794216030197,71
3320,4,15297,2339,12958,0,0,0,1.0,1.0,1.0,1.0,1.0,1,0.19144655612215541,70
3321,5,15302,2342,12960,0,0,0,1.0,1.0,1.0,1.0,1.0,1,0.23380928720784885,69
3322,2,15304,2343,12961,0,0,0,1.0,1.0,1.0,1.0,1.0,1,0.21176396723440793,68
3323,1,15305,2343,12962,0,0,0,1.0,1.0,1.0,1.0,1.0,1,0.20780093094142557,69
3324,3,15308,2344,12964,0,0,0,1.0,1.0,1.0,1.0,1.0,1,0.2000355204901801,69
3325,1,15309,2344,12965,0,0,0,1.0,1.0,1.0,1.0,1.0,1,0.19926795510977133,70
3326,12,15321,2347,12974,0,0,0,1.0,1.0,1.0,1.0,1.0,1,0.19128291267476807,69
3327,4,15325,2347,12978,0,0,0,1.0,1.0,1.0,1.0,1.0,1,0.15115291555718313,70
3328,5,15330,2349,12981,0,0,0,1.0,1.0,1.0,1.0,1.0,1,0.16898854473647512,73
3329,3,15333,2349,12984,0,0,0,1.0,1.0,1.0,1.0,1.0,1,0.19188550715465463,72
3330,5,15338,2350,12988,0,0,0,1.0,1.0,1.0,1.0,1.0,1,0.20001483265693534,72
3331,7,15345,2352,12993,0,0,0,1.0,1.0,1.0,1.0,1.0,1,0.17549697779515672,72
3332,4,15349,2352,12997,0,0,0,1.0,1.0,1.0,1.0,1.0,1,0.17736977505279802,73
3333,2,15351,2352,12999,0,0,0,1.0,1.0,1.0,1.0,1.0,1,0.18381961769623173,72
3334,3,15354,2352,13002,0,0,0,1.0,1.0,1.0,1.0,1.0,1,0.17518853860101027,73
3335,3,15357,2353,13004,0,0,0,1.0,1.0,1.0,1.0,1.0,1,0.19541635940190336,74
3336,2,15359,2353,13006,0,0,0,1.0,1.0,1.0,1.0,1.0,1,0.19266599038932167,74
3337,7,15366,2354,13012,0,0,0,1.0,1.0,1.0,1.0,1.0,1,0.18692126125236805,74
3338,7,15373,2354,13019,0,0,0,1.0,1.0,1.0,1.0,1.0,1,0.16930831843191868,74
3339,5,15378,2355,13023,0,0,0,1.0,1.0,1.0,1.0,1.0,1,0.17589151191392288,75
3340,5,15383,2355,13028,0,0,0,1.0,1.0,1.0,1.0,1.0,1,0.19645502076479954,75
3341,4,15387,2355,13032,0,0,0,1.0,1.0,1.0,1.0,1.0,1,0.19818845762861295,76
3342,9,15396,2355,13041,0,0,0,1.0,1.0,1.0,1.0,1.0,1,0.20802861611144874,76
3343,12,15408,2356,13052,0,0,0,1.0,1.0,1.0,1.0,1.0,1,0.18342920191138148,75
3344,7,15415,2356,13059,0,0,0,1.0,1.0,1.0,1.0,1.0,1,0.18458016952036244,75
3345,4,15419,2356,13063,0,0,0,1.0,1.0,1.0,1.0,1.0,1,0.21760001392778103,72
3346,7,15426,2358,13068,0,0,0,1.0,1.0,1.0,1.0,1.0,1,0.19179006579634011,73
3347,8,15434,2360,13074,0,0,0,1.0,1.0,1.0,1.0,1.0,1,0.18789423876687758,73
3348,5,15439,2360,13079,0,0,0,1.0,1.0,1.0,1.0,1.0,1,0.19712521868697233,73
3349,4,15443,2360,13083,0,0,0,1.0,1.0,1.0,1.0,1.0,1,0.20346082939761184,74
3350,6,15449,2361,13088,0,0,0,1.0,1.0,1.0,1.0,1.0,1,0.24041033538598203,73
3351,10,15459,2363,13096,0,0,0,1.0,1.0,1.0,1.0,1.0,1,0.1571113154029718,72
3352,3,15462,2364,13098,0,0,0,1.0,1.0,1.0,1.0,1.0,1,0.16349076405143242,72
3353,4,15466,2366,13100,0,0,0,1.0,1.0,1.0,1.0,1.0,1,0.1864355159059191,72
3354,2,15468,2366,13102,0,0,0,1.0,1.0,1.0,1.0,1.0,1,0.19847542567571766,70
3355,2,15470,2367,13103,0,0,0,1.0,1.0,1.0,1.0,1.0,1,0.22239401474678022,69
3356,3,15473,2368,13105,0,0,0,1.0,1.0,1.0,1.0,1.0,1,0.2041477147392244,69
3357,6,15479,2371,13108,0,0,0,1.0,1.0,1.0,1.0,1.0,1,0.17246855028485947,68
3358,7,15486,2372,13114,0,0,0,1.0,1.0,1.0,1.0,1.0,1,0.15571803367588313,68
3359,3,15489,2373,13116,0,0,0,1.0,1.0,1.0,1.0,1.0,1,0.20614703293795608,66
3360,9,15498,2377,13121,0,0,0,1.0,1.0,1.0,1.0,1.0,1,0.24421739837615905,65
3361,4,15502,2377,13125,0,0,0,1.0,1.0,1.0,1.0,1.0,1,0.2389523188927949,64
3362,3,15505,2377,13128,0,0,0,1.0,1.0,1.0,1.0,1.0,1,0.22804539883769256,64
3363,1,15506,2377,13129,0,0,0,1.0,1.0,1.0,1.0,1.0,1,0.22600190543706053,65
3364,4,15510,2377,13133,0,0,0,1.0,1.0,1.0,1.0,1.0,1,0.2332573962274616,66
3365,5,15515,2377,13138,0,0,0,1.0,1.0,1.0,1.0,1.0,1,0.23093333270161998,68
3366,4,15519,2378,13141,0,0,0,1.0,1.0,1.0,1.0,1.0,1,0.24396887131457265,66
3367,3,15522,2378,13144,0,0,0,1.0,1.0,1.0,1.0,1.0,1,0.2678990887924993,68
3368,4,15526,2378,13148,0,0,0,1.0,1.0,1.0,1.0,1.0,1,0.23860115346007754,68
3369,9,15535,2378,13157,0,0,0,1.0,1.0,1.0,1.0,1.0,1,0.23179473945868523,69
3370,5,15540,2378,13162,0,0,0,1.0,1.0,1.0,1.0,1.0,1,0.21511575561147087,71
3371,3,15543,2378,13165,0,0,0,1.0,1.0,1.0,1.0,1.0,1,0.21093994477129127,71
3372,6,15549,2379,13170,0,0,0,1.0,1.0,1.0,1.0,1.0,1,0.20567471386944128,71
3373,5,15554,2379,13175,0,0,0,1.0,1.0,1.0,1.0,1.0,1,0.199924672358417,72
3374,2,15556,2379,13177,0,0,0,1.0,1.0,1.0,1.0,1.0,1,0.1982160533671442,72
3375,4,15560,2379,13181,0,0,0,1.0,1.0,1.0,1.0,1.0,1,0.20106150058251684,73
3376,14,15574,2379,13195,0,0,0,1.0,1.0,1.0,1.0,1.0,1,0.10291990348846498,75
3377,8,15582,2379,13203,0,0,0,1.0,1.0,1.0,1.0,1.0,1,0.0811468900312935,77
3378,4,15586,2379,13207,0,0,0,1.0,1.0,1.0,1.0,1.0,1,0.11452922991833914,77
3379,8,15594,2382,13212,0,0,0,1.0,1.0,1.0,1.0,1.0,1,0.1490147157854682,77
3380,6,15600,2382,13218,0,0,0,1.0,1.0,1.0,1.0,1.0,1,0.12253451783796288,76
3381,7,15607,2385,13222,0,0,0,1.0,1.0,1.0,1.0,1.0,1,0.14417942880251527,76
3382,6,15613,2386,13227,0,0,0,1.0,1.0,1.0,1.0,1.0,1,0.1198919982319152,78
3383,1,15614,2386,13228,0,0,0,1.0,1.0,1.0,1.0,1.0,1,0.1213250726654074,77
3384,7,15621,2389,13232,0,0,0,1.0,1.0,1.0,1.0,1.0,1,0.14195140148588448,77
3385,3,15624,2390,13234,0,0,0,1.0,1.0,1.0,1.0,1.0,1,0.1430753342169831,75
3386,6,15630,2393,13237,0,0,0,1.0,1.0,1.0,1.0,1.0,1,0.18177629189282168,76
3387,4,15634,2394,13240,0,0,0,1.0,1.0,1.0,1.0,1.0,1,0.18981449226613364,75
3388,5,15639,2395,13244,0,0,0,1.0,1.0,1.0,1.0,1.0,1,0.1848313197236656,76
3389,4,15643,2395,13248,0,0,0,1.0,1.0,1.0,1.0,1.0,1,0.17690019163928605,77
3390,2,15645,2395,13250,0,0,0,1.0,1.0,1.0,1.0,1.0,1,0.16826267278992998,76
3391,2,15647,2395,13252,0,0,0,1.0,1.0,1.0,1.0,1.0,1,0.16468410087779406,77
3392,3,15650,2396,13254,0,0,0,1.0,1.0,1.0,1.0,1.0,1,0.147635611834004,78
3393,0,15650,2396,13254,0,0,0,1.0,1.0,1.0,1.0,1.0,1,0.15546077282207038,76
3394,2,15652,2397,13255,0,0,0,1.0,1.0,1.0,1.0,1.0,1,0.1573438339241235,75
3395,2,15654,2397,13257,0,0,0,1.0,1.0,1.0,1.0,1.0,1,0.11597519555434663,73
3396,0,15654,2397,13257,0,0,0,1.0,1.0,1.0,1.0,1.0,1,0.11597519555434663,73
3397,3,15657,2397,13260,0,0,0,1.0,1.0,1.0,1.0,1.0,1,0.11855704660179162,74
3398,0,15657,2397,13260,0,0,0,1.0,1.0,1.0,1.0,1.0,1,0.11855704660179162,74
3399,3,15660,2400,13260,0,0,0,1.0,1.0,1.0,1.0,1.0,1,0.15761916297478726,75
3400,6,15666,2401,13265,0,0,0,1.0,1.0,1.0,1.0,1.0,1,0.1692275223186755,75
3401,12,15678,2402,13276,0,0,0,1.0,1.0,1.0,1.0,1.0,1,0.06961114189064885,77
3402,2,15680,2403,13277,0,0,0,1.0,1.0,1.0,1.0,1.0,1,0.07214991568527676,77
3403,2,15682,2403,13279,0,0,0,1.0,1.0,1.0,1.0,1.0,1,0.07754581425678195,78
3404,2,15684,2404,13280,0,0,0,1.0,1.0,1.0,1.0,1.0,1,0.08764554487547378,78
3405,2,15686,2404,13282,0,0,0,1.0,1.0,1.0,1.0,1.0,1,0.08764554487547378,78
3406,10,15696,2406,13290,0,0,0,1.0,1.0,1.0,1.0,1.0,1,0.09035114141345761,78
3407,6,15702,2406,13296,0,0,0,1.0,1.0,1.0,1.0,1.0,1,0.13842776821783614,78
3408,5,15707,2406,13301,0,0,0,1.0,1.0,1.0,1.0,1.0,1,0.09792508502338512,79
3409,5,15712,2406,13306,0,0,0,1.0,1.0,1.0,1.0,1.0,1,0.14791981017126515,81
3410,8,15720,2406,13314,0,0,0,1.0,1.0,1.0,1.0,1.0,1,0.09097887785111543,82
3411,11,15731,2407,13324,0,0,0,1.0,1.0,1.0,1.0,1.0,1,0.12631960454028815,84
3412,9,15740,2408,13332,0,0,0,1.0,1.0,1.0,1.0,1.0,1,0.12318473799198952,84
3413,10,15750,2408,13342,0,0,0,1.0,1.0,1.0,1.0,1.0,1,0.10735833425302911,84
3414,5,15755,2408,13347,0,0,0,1.0,1.0,1.0,1.0,1.0,1,0.12751018980834408,84
3415,4,15759,2408,13351,0,0,0,1.0,1.0,1.0,1.0,1.0,1,0.10909828035294376,85
3416,6,15765,2409,13356,0,0,0,1.0,1.0,1.0,1.0,1.0,1,0.14143387483864664,85
3417,9,15774,2410,13364,0,0,0,1.0,1.0,1.0,1.0,1.0,1,0.11658020841220797,86
3418,11,15785,2411,13374,0,0,0,1.0,1.0,1.0,1.0,1.0,1,0.14606572523479314,86
3419,15,15800,2413,13387,0,0,0,1.0,1.0,1.0,1.0,1.0,1,0.1272132603465539,87
3420,16,15816,2414,13402,0,0,0,1.0,1.0,1.0,1.0,1.0,1,0.1386230468057993,88
3421,15,15831,2415,13416,0,0,0,1.0,1.0,1.0,1.0,1.0,1,0.17042513993437908,89
3422,12,15843,2416,13427,0,0,0,1.0,1.0,1.0,1.0,1.0,1,0.17678215405308084,90
3423,12,15855,2416,13439,0,0,0,1.0,1.0,1.0,1.0,1.0,1,0.18552262258705704,90
3424,12,15867,2416,13451,0,0,0,1.0,1.0,1.0,1.0,1.0,1,0.18702098843225826,91
3425,10,15877,2417,13460,0,0,0,1.0,1.0,1.0,1.0,1.0,1,0.15516874988051008,90
3426,10,15887,2419,13468,0,0,0,1.0,1.0,1.0,1.0,1.0,1,0.07024276550198365,92
3427,2,15889,2419,13470,0,0,0,1.0,1.0,1.0,1.0,1.0,1,0.08749021349904938,92
3428,1,15890,2419,13471,0,0,0,1.0,1.0,1.0,1.0,1.0,1,0.09160134938801927,91
3429,1,15891,2420,13471,0,0,0,1.0,1.0,1.0,1.0,1.0,1,0.09549820610196066,91
3430,3,15894,2423,13471,0,0,0,1.0,1.0,1.0,1.0,1.0,1,0.11622056011000957,91
3431,2,15896,2424,13472,0,0,0,1.0,1.0,1.0,1.0,1.0,1,0.11786828642690217,90
3432,3,15899,2426,13473,0,0,0,1.0,1.0,1.0,1.0,1.0,1,0.11294814864546551,91
3433,6,15905,2427,13478,0,0,0,1.0,1.0,1.0,1.0,1.0,1,0.1323686310251357,90
3434,12,15917,2428,13489,0,0,0,1.0,1.0,1.0,1.0,1.0,1,0.15726227329012332,89
3435,5,15922,2428,13494,0,0,0,1.0,1.0,1.0,1.0,1.0,1,0.15145885893900055,88
3436,6,15928,2428,13500,0,0,0,1.0,1.0,1.0,1.0,1.0,1,0.1458474224656968,86
3437,3,15931,2429,13502,0,0,0,1.0,1.0,1.0,1.0,1.0,1,0.14257502702964853,86
3438,2,15933,2429,13504,0,0,0,1.0,1.0,1.0,1.0,1.0,1,0.13534491669846282,87
3439,3,15936,2430,13506,0,0,0,1.0,1.0,1.0,1.0,1.0,1,0.15845367150902032,86
3440,1,15937,2430,13507,0,0,0,1.0,1.0,1.0,1.0,1.0,1,0.15741413522927714,86
3441,2,15939,2431,13508,0,0,0,1.0,1.0,1.0,1.0,1.0,1,0.17023863012230897,85
3442,4,15943,2432,13511,0,0,0,1.0,1.0,1.0,1.0,1.0,1,0.16802656917843906,85
3443,4,15947,2432,13515,0,0,0,1.0,1.0,1.0,1.0,1.0,1,0.17356372646197651,85
3444,3,15950,2434,13516,0,0,0,1.0,1.0,1.0,1.0,1.0,1,0.17825497539824606,85
3445,3,15953,2436,13517,0,0,0,1.0,1.0,1.0,1.0,1.0,1,0.19809838128599241,84
3446,5,15958,2436,13522,0,0,0,1.0,1.0,1.0,1.0,1.0,1,0.195733422645276,85
3447,3,15961,2436,13525,0,0,0,1.0,1.0,1.0,1.0,1.0,1,0.19533828655327476,85
3448,5,15966,2439,13527,0,0,0,1.0,1.0,1.0,1.0,1.0,1,0.22430806091369868,85
3449,9,15975,2439,13536,0,0,0,1.0,1.0,1.0,1.0,1.0,1,0.24009910905624796,84
3450,8,15983,2440,13543,0,0,0,1.0,1.0,1.0,1.0,1.0,1,0.23050436094794033,84
3451,11,15994,2442,13552,0,0,0,1.0,1.0,1.0,1.0,1.0,1,0.18395839077147094,85
3452,4,15998,2443,13555,0,0,0,1.0,1.0,1.0,1.0,1.0,1,0.1709472833042977,86
3453,3,16001,2443,13558,0,0,0,1.0,1.0,1.0,1.0,1.0,1,0.16832532379749493,85
3454,5,16006,2443,13563,0,0,0,1.0,1.0,1.0,1.0,1.0,1,0.14569695339851585,88
3455,4,16010,2444,13566,0,0,0,1.0,1.0,1.0,1.0,1.0,1,0.1368738132382153,88
3456,3,16013,2445,13568,0,0,0,1.0,1.0,1.0,1.0,1.0,1,0.1397087668944675,88
3457,2,16015,2445,13570,0,0,0,1.0,1.0,1.0,1.0,1.0,1,0.13563336631746029,89
3458,2,16017,2445,13572,0,0,0,1.0,1.0,1.0,1.0,1.0,1,0.14100656443872348,88
3459,0,16017,2445,13572,0,0,0,1.0,1.0,1.0,1.0,1.0,1,0.14100656443872348,88
3460,0,16017,2445,13572,0,0,0,1.0,1.0,1.0,1.0,1.0,1,0.13380210867905068,89
3461,0,16017,2445,13572,0,0,0,1.0,1.0,1.0,1.0,1.0,1,0.13380210867905068,89
3462,0,16017,2445,13572,0,0,0,1.0,1.0,1.0,1.0,1.0,1,0.13907046244189047,90
3463,0,16017,2445,13572,0,0,0,1.0,1.0,1.0,1.0,1.0,1,0.13621596824241175,89
3464,2,16019,2447,13572,0,0,0,1.0,1.0,1.0,1.0,1.0,1,0.1314544499895553,88
3465,1,16020,2447,13573,0,0,0,1.0,1.0,1.0,1.0,1.0,1,0.1430195457143332,87
3466,0,16020,2447,13573,0,0,0,1.0,1.0,1.0,1.0,1.0,1,0.1430195457143332,87
3467,2,16022,2448,13574,0,0,0,1.0,1.0,1.0,1.0,1.0,1,0.14259153710818748,87
3468,4,16026,2451,13575,0,0,0,1.0,1.0,1.0,1.0,1.0,1,0.1610544207819087,88
3469,4,16030,2452,13578,0,0,0,1.0,1.0,1.0,1.0,1.0,1,0.19181741760346632,85
3470,8,16038,2454,13584,0,0,0,1.0,1.0,1.0,1.0,1.0,1,0.17684665808118627,86
3471,4,16042,2455,13587,0,0,0,1.0,1.0,1.0,1.0,1.0,1,0.18772015018267163,84
3472,2,16044,2455,13589,0,0,0,1.0,1.0,1.0,1.0,1.0,1,0.175585495807854,83
3473,2,16046,2456,13590,0,0,0,1.0,1.0,1.0,1.0,1.0,1,0.19082853940609942,81
3474,2,16048,2457,13591,0,0,0,1.0,1.0,1.0,1.0,1.0,1,0.16443422219553902,80
3475,4,16052,2459,13593,0,0,0,1.0,1.0,1.0,1.0,1.0,1,0.19793355504812002,82
3476,7,16059,2460,13599,0,0,0,1.0,1.0,1.0,1.0,1.0,1,0.1461751102623508,81
3477,3,16062,2460,13602,0,0,0,1.0,1.0,1.0,1.0,1.0,1,0.1445016920883498,83
3478,4,16066,2461,13605,0,0,0,1.0,1.0,1.0,1.0,1.0,1,0.14410816547104305,83
3479,5,16071,2462,13609,0,0,0,1.0,1.0,1.0,1.0,1.0,1,0.14909961541099742,83
3480,2,16073,2462,13611,0,0,0,1.0,1.0,1.0,1.0,1.0,1,0.13697185190140512,83
3481,4,16077,2465,13612,0,0,0,1.0,1.0,1.0,1.0,1.0,1,0.15029582566335234,83
3482,1,16078,2465,13613,0,0,0,1.0,1.0,1.0,1.0,1.0,1,0.16105401519364865,83
3483,7,16085,2468,13617,0,0,0,1.0,1.0,1.0,1.0,1.0,1,0.17758856239030418,82
3484,1,16086,2468,13618,0,0,0,1.0,1.0,1.0,1.0,1.0,1,0.17507798976221206,82
3485,4,16090,2470,13620,0,0,0,1.0,1.0,1.0,1.0,1.0,1,0.1809344870875902,83
3486,1,16091,2470,13621,0,0,0,1.0,1.0,1.0,1.0,1.0,1,0.18307493327298444,83
3487,1,16092,2470,13622,0,0,0,1.0,1.0,1.0,1.0,1.0,1,0.18699677011615665,84
3488,3,16095,2470,13625,0,0,0,1.0,1.0,1.0,1.0,1.0,1,0.18807673877441008,84
3489,4,16099,2470,13629,0,0,0,1.0,1.0,1.0,1.0,1.0,1,0.17414909748208376,84
3490,4,16103,2470,13633,0,0,0,1.0,1.0,1.0,1.0,1.0,1,0.1758997169980686,84
3491,5,16108,2470,13638,0,0,0,1.0,1.0,1.0,1.0,1.0,1,0.16324913704024863,86
3492,3,16111,2470,13641,0,0,0,1.0,1.0,1.0,1.0,1.0,1,0.15406090002918552,86
3493,5,16116,2470,13646,0,0,0,1.0,1.0,1.0,1.0,1.0,1,0.1601299134261904,86
3494,2,16118,2470,13648,0,0,0,1.0,1.0,1.0,1.0,1.0,1,0.13934853174827372,86
3495,3,16121,2470,13651,0,0,0,1.0,1.0,1.0,1.0,1.0,1,0.13004867953826466,87
3496,2,16123,2470,13653,0,0,0,1.0,1.0,1.0,1.0,1.0,1,0.14259226538217998,88
3497,8,16131,2471,13660,0,0,0,1.0,1.0,1.0,1.0,1.0,1,0.12674822778417216,89
3498,3,16134,2471,13663,0,0,0,1.0,1.0,1.0,1.0,1.0,1,0.14272140447680004,89
3499,8,16142,2472,13670,0,0,0,1.0,1.0,1.0,1.0,1.0,1,0.12898773544200612,91
3500,2,16144,2472,13672,0,0,0,1.0,1.0,1.0,1.0,1.0,1,0.13462933650958953,90
3501,6,16150,2472,13678,0,0,0,1.0,1.0,1.0,1.0,1.0,1,0.1003685039512712,90
3502,0,16150,2472,13678,0,0,0,1.0,1.0,1.0,1.0,1.0,1,0.10773067009950404,91
3503,6,16156,2474,13682,0,0,0,1.0,1.0,1.0,1.0,1.0,1,0.08130632193511556,91
3504,3,16159,2476,13683,0,0,0,1.0,1.0,1.0,1.0,1.0,1,0.12341587718494863,89
3505,2,16161,2477,13684,0,0,0,1.0,1.0,1.0,1.0,1.0,1,0.1282689265089944,87
3506,4,16165,2480,13685,0,0,0,1.0,1.0,1.0,1.0,1.0,1,0.14115809605680427,87
3507,3,16168,2481,13687,0,0,0,1.0,1.0,1.0,1.0,1.0,1,0.13264513994989027,84
3508,4,16172,2484,13688,0,0,0,1.0,1.0,1.0,1.0,1.0,1,0.15855634723256276,83
3509,3,16175,2486,13689,0,0,0,1.0,1.0,1.0,1.0,1.0,1,0.16114965530254569,80
3510,1,16176,2486,13690,0,0,0,1.0,1.0,1.0,1.0,1.0,1,0.17216495661611142,78
3511,2,16178,2488,13690,0,0,0,1.0,1.0,1.0,1.0,1.0,1,0.17002954946509172,77
3512,0,16178,2488,13690,0,0,0,1.0,1.0,1.0,1.0,1.0,1,0.18678748094241315,74
3513,3,16181,2489,13692,0,0,0,1.0,1.0,1.0,1.0,1.0,1,0.1819906006961221,76
3514,1,16182,2490,13692,0,0,0,1.0,1.0,1.0,1.0,1.0,1,0.17157223639110428,76
3515,1,16183,2491,13692,0,0,0,1.0,1.0,1.0,1.0,1.0,1,0.17061126842054194,75
3516,1,16184,2492,13692,0,0,0,1.0,1.0,1.0,1.0,1.0,1,0.2109946860445121,73
3517,7,16191,2495,13696,0,0,0,1.0,1.0,1.0,1.0,1.0,1,0.2185267481759308,74
3518,1,16192,2495,13697,0,0,0,1.0,1.0,1.0,1.0,1.0,1,0.22667353350942426,74
3519,1,16193,2495,13698,0,0,0,1.0,1.0,1.0,1.0,1.0,1,0.2175826037554862,73
3520,1,16194,2495,13699,0,0,0,1.0,1.0,1.0,1.0,1.0,1,0.18906859613807292,74
3521,0,16194,2495,13699,0,0,0,1.0,1.0,1.0,1.0,1.0,1,0.19570401385612518,75
3522,3,16197,2497,13700,0,0,0,1.0,1.0,1.0,1.0,1.0,1,0.17922606915870704,75
3523,1,16198,2498,13700,0,0,0,1.0,1.0,1.0,1.0,1.0,1,0.19399935095488496,75
3524,2,16200,2499,13701,0,0,0,1.0,1.0,1.0,1.0,1.0,1,0.15160073810219643,75
3525,1,16201,2499,13702,0,0,0,1.0,1.0,1.0,1.0,1.0,1,0.16118839602289906,75
3526,8,16209,2501,13708,0,0,0,1.0,1.0,1.0,1.0,1.0,1,0.09511403704870625,76
3527,5,16214,2502,13712,0,0,0,1.0,1.0,1.0,1.0,1.0,1,0.10151736904015675,77
3528,0,16214,2502,13712,0,0,0,1.0,1.0,1.0,1.0,1.0,1,0.11763644928242248,77
3529,2,16216,2503,13713,0,0,0,1.0,1.0,1.0,1.0,1.0,1,0.13680946938959399,78
3530,2,16218,2503,13715,0,0,0,1.0,1.0,1.0,1.0,1.0,1,0.16068066246749294,78
3531,6,16224,2504,13720,0,0,0,1.0,1.0,1.0,1.0,1.0,1,0.172553567618712,79
3532,6,16230,2505,13725,0,0,0,1.0,1.0,1.0,1.0,1.0,1,0.18107486396280317,79
3533,5,16235,2506,13729,0,0,0,1.0,1.0,1.0,1.0,1.0,1,0.19678510805644778,79
3534,9,16244,2508,13736,0,0,0,1.0,1.0,1.0,1.0,1.0,1,0.19969204722506917,80
3535,7,16251,2508,13743,0,0,0,1.0,1.0,1.0,1.0,1.0,1,0.21441237753232226,81
3536,10,16261,2509,13752,0,0,0,1.0,1.0,1.0,1.0,1.0,1,0.22274501189375462,82
3537,11,16272,2509,13763,0,0,0,1.0,1.0,1.0,1.0,1.0,1,0.22911474347149952,82
3538,14,16286,2510,13776,0,0,0,1.0,1.0,1.0,1.0,1.0,1,0.23910715865430304,83
3539,7,16293,2510,13783,0,0,0,1.0,1.0,1.0,1.0,1.0,1,0.23714203425623656,83
3540,11,16304,2512,13792,0,0,0,1.0,1.0,1.0,1.0,1.0,1,0.24309745283612882,85
3541,9,16313,2513,13800,0,0,0,1.0,1.0,1.0,1.0,1.0,1,0.23844707284911676,85
3542,18,16331,2513,13818,0,0,0,1.0,1.0,1.0,1.0,1.0,1,0.21796157405656574,88
3543,16,16347,2515,13832,0,0,0,1.0,1.0,1.0,1.0,1.0,1,0.21299603377775206,87
3544,12,16359,2515,13844,0,0,0,1.0,1.0,1.0,1.0,1.0,1,0.20558867155685157,87
3545,10,16369,2517,13852,0,0,0,1.0,1.0,1.0,1.0,1.0,1,0.21029512022647756,85
3546,12,16381,2518,13863,0,0,0,1.0,1.0,1.0,1.0,1.0,1,0.20321900446403438,83
3547,12,16393,2518,13875,0,0,0,1.0,1.0,1.0,1.0,1.0,1,0.18420195195464537,82
3548,9,16402,2519,13883,0,0,0,1.0,1.0,1.0,1.0,1.0,1,0.17516150390212576,82
3549,8,16410,2520,13890,0,0,0,1.0,1.0,1.0,1.0,1.0,1,0.18146989335913316,81
3550,7,16417,2521,13896,0,0,0,1.0,1.0,1.0,1.0,1.0,1,0.18591847464644914,79
3551,6,16423,2522,13901,0,0,0,1.0,1.0,1.0,1.0,1.0,1,0.15615525050163603,80
3552,4,16427,2522,13905,0,0,0,1.0,1.0,1.0,1.0,1.0,1,0.1335024040815417,78
3553,1,16428,2523,13905,0,0,0,1.0,1.0,1.0,1.0,1.0,1,0.13572284448782052,79
3554,0,16428,2523,13905,0,0,0,1.0,1.0,1.0,1.0,1.0,1,0.1495614543049521,77
3555,3,16431,2524,13907,0,0,0,1.0,1.0,1.0,1.0,1.0,1,0.13362642743488132,77
3556,1,16432,2525,13907,0,0,0,1.0,1.0,1.0,1.0,1.0,1,0.1551661560833274,76
3557,2,16434,2525,13909,0,0,0,1.0,1.0,1.0,1.0,1.0,1,0.14106130019017263,76
3558,4,16438,2526,13912,0,0,0,1.0,1.0,1.0,1.0,1.0,1,0.14278040911576892,76
3559,2,16440,2526,13914,0,0,0,1.0,1.0,1.0,1.0,1.0,1,0.11930805711757904,76
3560,5,16445,2527,13918,0,0,0,1.0,1.0,1.0,1.0,1.0,1,0.12484678077431374,78
3561,5,16450,2528,13922,0,0,0,1.0,1.0,1.0,1.0,1.0,1,0.127876878638265,79
3562,5,16455,2529,13926,0,0,0,1.0,1.0,1.0,1.0,1.0,1,0.1450046876418948,79
3563,4,16459,2530,13929,0,0,0,1.0,1.0,1.0,1.0,1.0,1,0.137887234745809,79
3564,3,16462,2531,13931,0,0,0,1.0,1.0,1.0,1.0,1.0,1,0.13948274708719038,80
3565,7,16469,2531,13938,0,0,0,1.0,1.0,1.0,1.0,1.0,1,0.1481800825175913,83
3566,6,16475,2532,13943,0,0,0,1.0,1.0,1.0,1.0,1.0,1,0.18921078348868556,84
3567,6,16481,2532,13949,0,0,0,1.0,1.0,1.0,1.0,1.0,1,0.14309843042120243,84
3568,2,16483,2533,13950,0,0,0,1.0,1.0,1.0,1.0,1.0,1,0.14700616008847747,84
3569,5,16488,2534,13954,0,0,0,1.0,1.0,1.0,1.0,1.0,1,0.1442800900061575,84
3570,11,16499,2537,13962,0,0,0,1.0,1.0,1.0,1.0,1.0,1,0.1411442984590856,87
3571,6,16505,2539,13966,0,0,0,1.0,1.0,1.0,1.0,1.0,1,0.15297278860185828,86
3572,11,16516,2541,13975,0,0,0,1.0,1.0,1.0,1.0,1.0,1,0.1628098981700839,87
3573,10,16526,2542,13984,0,0,0,1.0,1.0,1.0,1.0,1.0,1,0.17151938113024515,87
3574,8,16534,2543,13991,0,0,0,1.0,1.0,1.0,1.0,1.0,1,0.16653259579291416,88
3575,3,16537,2543,13994,0,0,0,1.0,1.0,1.0,1.0,1.0,1,0.173018535623856,88
3576,8,16545,2543,14002,0,0,0,1.0,1.0,1.0,1.0,1.0,1,0.10503023591102255,90
3577,2,16547,2543,14004,0,0,0,1.0,1.0,1.0,1.0,1.0,1,0.10579329344174174,90
3578,4,16551,2543,14008,0,0,0,1.0,1.0,1.0,1.0,1.0,1,0.11472840800124258,91
3579,2,16553,2544,14009,0,0,0,1.0,1.0,1.0,1.0,1.0,1,0.10499939904262556,91
3580,6,16559,2544,14015,0,0,0,1.0,1.0,1.0,1.0,1.0,1,0.10126367887925364,91
3581,6,16565,2544,14021,0,0,0,1.0,1.0,1.0,1.0,1.0,1,0.09373260691228429,91
3582,7,16572,2545,14027,0,0,0,1.0,1.0,1.0,1.0,1.0,1,0.0939225645544062,92
3583,6,16578,2546,14032,0,0,0,1.0,1.0,1.0,1.0,1.0,1,0.08847925696591971,88
3584,8,16586,2549,14037,0,0,0,1.0,1.0,1.0,1.0,1.0,1,0.10068550122462669,87
3585,5,16591,2551,14040,0,0,0,1.0,1.0,1.0,1.0,1.0,1,0.12356301060830367,84
3586,8,16599,2555,14044,0,0,0,1.0,1.0,1.0,1.0,1.0,1,0.10814571527784263,83
3587,4,16603,2556,14047,0,0,0,1.0,1.0,1.0,1.0,1.0,1,0.11964665800952179,82
3588,5,16608,2558,14050,0,0,0,1.0,1.0,1.0,1.0,1.0,1,0.14108676742844176,81
3589,7,16615,2562,14053,0,0,0,1.0,1.0,1.0,1.0,1.0,1,0.11542307796821588,80
3590,3,16618,2563,14055,0,0,0,1.0,1.0,1.0,1.0,1.0,1,0.17782910728069812,78
3591,5,16623,2564,14059,0,0,0,1.0,1.0,1.0,1.0,1.0,1,0.16332736562892,77
3592,4,16627,2566,14061,0,0,0,1.0,1.0,1.0,1.0,1.0,1,0.1797014293877057,75
3593,5,16632,2567,14065,0,0,0,1.0,1.0,1.0,1.0,1.0,1,0.1729255518742897,76
3594,4,16636,2568,14068,0,0,0,1.0,1.0,1.0,1.0,1.0,1,0.1949927981551293,74
3595,3,16639,2568,14071,0,0,0,1.0,1.0,1.0,1.0,1.0,1,0.19231136931684759,74
3596,3,16642,2569,14073,0,0,0,1.0,1.0,1.0,1.0,1.0,1,0.1905894123230424,73
3597,5,16647,2571,14076,0,0,0,1.0,1.0,1.0,1.0,1.0,1,0.21921565487156422,73
3598,5,16652,2573,14079,0,0,0,1.0,1.0,1.0,1.0,1.0,1,0.22234210418380523,73
3599,5,16657,2575,14082,0,0,0,1.0,1.0,1.0,1.0,1.0,1,0.2174072328491065,73
3600,3,16660,2575,14085,0,0,0,1.0,1.0,1.0,1.0,1.0,1,0.21862055242709538,74
3601,9,16669,2576,14093,0,0,0,1.0,1.0,1.0,1.0,1.0,1,0.15708856126583876,75
3602,7,16676,2576,14100,0,0,0,1.0,1.0,1.0,1.0,1.0,1,0.07853420122245607,76
3603,6,16682,2578,14104,0,0,0,1.0,1.0,1.0,1.0,1.0,1,0.11485487436325074,77
3604,5,16687,2580,14107,0,0,0,1.0,1.0,1.0,1.0,1.0,1,0.13830240331792362,78
3605,7,16694,2581,14113,0,0,0,1.0,1.0,1.0,1.0,1.0,1,0.1224375951137479,77
3606,5,16699,2582,14117,0,0,0,1.0,1.0,1.0,1.0,1.0,1,0.11701959874308354,79
3607,6,16705,2582,14123,0,0,0,1.0,1.0,1.0,1.0,1.0,1,0.11920247238016969,79
3608,9,16714,2582,14132,0,0,0,1.0,1.0,1.0,1.0,1.0,1,0.09795707440633945,79
3609,7,16721,2582,14139,0,0,0,1.0,1.0,1.0,1.0,1.0,1,0.07497023283651635,79
3610,5,16726,2583,14143,0,0,0,1.0,1.0,1.0,1.0,1.0,1,0.06844774321406186,80
3611,4,16730,2583,14147,0,0,0,1.0,1.0,1.0,1.0,1.0,1,0.0797478261408259,80
3612,6,16736,2583,14153,0,0,0,1.0,1.0,1.0,1.0,1.0,1,0.09384568002611035,79
3613,4,16740,2583,14157,0,0,0,1.0,1.0,1.0,1.0,1.0,1,0.09594199972951077,79
3614,5,16745,2584,14161,0,0,0,1.0,1.0,1.0,1.0,1.0,1,0.11343206294660156,78
3615,9,16754,2585,14169,0,0,0,1.0,1.0,1.0,1.0,1.0,1,0.11225191914851232,79
3616,8,16762,2585,14177,0,0,0,1.0,1.0,1.0,1.0,1.0,1,0.12282688905228002,79
3617,7,16769,2585,14184,0,0,0,1.0,1.0,1.0,1.0,1.0,1,0.13223650458400346,80
3618,6,16775,2586,14189,0,0,0,1.0,1.0,1.0,1.0,1.0,1,0.15320078324099098,82
3619,6,16781,2586,14195,0,0,0,1.0,1.0,1.0,1.0,1.0,1,0.16793465382347486,82
3620,6,16787,2586,14201,0,0,0,1.0,1.0,1.0,1.0,1.0,1,0.16089007562964383,81
3621,7,16794,2586,14208,0,0,0,1.0,1.0,1.0,1.0,1.0,1,0.16307459983848724,83
3622,5,16799,2586,14213,0,0,0,1.0,1.0,1.0,1.0,1.0,1,0.1374981260950143,81
3623,3,16802,2587,14215,0,0,0,1.0,1.0,1.0,1.0,1.0,1,0.13766711739110526,81
3624,3,16805,2589,14216,0,0,0,1.0,1.0,1.0,1.0,1.0,1,0.15809000084765015,79
3625,9,16814,2591,14223,0,0,0,1.0,1.0,1.0,1.0,1.0,1,0.15666854279529818,80
3626,9,16823,2591,14232,0,0,0,1.0,1.0,1.0,1.0,1.0,1,0.09176401634006412,78
3627,9,16832,2592,14240,0,0,0,1.0,1.0,1.0,1.0,1.0,1,0.10763133486388331,78
3628,3,16835,2593,14242,0,0,0,1.0,1.0,1.0,1.0,1.0,1,0.11790448026740026,77
3629,3,16838,2594,14244,0,0,0,1.0,1.0,1.0,1.0,1.0,1,0.12468119467633142,76
3630,8,16846,2597,14249,0,0,0,1.0,1.0,1.0,1.0,1.0,1,0.12933349760916263,77
3631,5,16851,2598,14253,0,0,0,1.0,1.0,1.0,1.0,1.0,1,0.13884115007099432,75
3632,5,16856,2600,14256,0,0,0,1.0,1.0,1.0,1.0,1.0,1,0.17088456288062448,74
3633,3,16859,2600,14259,0,0,0,1.0,1.0,1.0,1.0,1.0,1,0.14319818860908218,75
3634,3,16862,2600,14262,0,0,0,1.0,1.0,1.0,1.0,1.0,1,0.15282219525624904,74
3635,3,16865,2602,14263,0,0,0,1.0,1.0,1.0,1.0,1.0,1,0.1581049381838247,74
3636,3,16868,2603,14265,0,0,0,1.0,1.0,1.0,1.0,1.0,1,0.16187315259774782,74
3637,1,16869,2603,14266,0,0,0,1.0,1.0,1.0,1.0,1.0,1,0.16951040883800092,74
3638,3,16872,2603,14269,0,0,0,1.0,1.0,1.0,1.0,1.0,1,0.16793359400738425,75
3639,4,16876,2605,14271,0,0,0,1.0,1.0,1.0,1.0,1.0,1,0.1713064618559724,76
3640,3,16879,2605,14274,0,0,0,1.0,1.0,1.0,1.0,1.0,1,0.16225894180141406,76
3641,3,16882,2607,14275,0,0,0,1.0,1.0,1.0,1.0,1.0,1,0.19221948010492,75
3642,1,16883,2608,14275,0,0,0,1.0,1.0,1.0,1.0,1.0,1,0.20699572502207947,75
3643,0,16883,2608,14275,0,0,0,1.0,1.0,1.0,1.0,1.0,1,0.20407583302431095,74
3644,0,16883,2608,14275,0,0,0,1.0,1.0,1.0,1.0,1.0,1,0.20407583302431095,74
3645,0,16883,2608,14275,0,0,0,1.0,1.0,1.0,1.0,1.0,1,0.20407583302431095,74
3646,1,16884,2608,14276,0,0,0,1.0,1.0,1.0,1.0,1.0,1,0.1931980240797221,75
3647,2,16886,2608,14278,0,0,0,1.0,1.0,1.0,1.0,1.0,1,0.1747944252401743,77
3648,2,16888,2608,14280,0,0,0,1.0,1.0,1.0,1.0,1.0,1,0.1815371235797596,78
3649,2,16890,2608,14282,0,0,0,1.0,1.0,1.0,1.0,1.0,1,0.17435449809485393,80
3650,3,16893,2608,14285,0,0,0,1.0,1.0,1.0,1.0,1.0,1,0.18705924757463488,81
3651,12,16905,2608,14297,0,0,0,1.0,1.0,1.0,1.0,1.0,1,0.1080474418697669,81
3652,6,16911,2609,14302,0,0,0,1.0,1.0,1.0,1.0,1.0,1,0.11059213057773899,83
3653,5,16916,2609,14307,0,0,0,1.0,1.0,1.0,1.0,1.0,1,0.11313049481927014,83
3654,3,16919,2610,14309,0,0,0,1.0,1.0,1.0,1.0,1.0,1,0.10542847836123863,83
3655,3,16922,2610,14312,0,0,0,1.0,1.0,1.0,1.0,1.0,1,0.11363262982991651,84
3656,2,16924,2610,14314,0,0,0,1.0,1.0,1.0,1.0,1.0,1,0.10666698739940302,85
3657,4,16928,2610,14318,0,0,0,1.0,1.0,1.0,1.0,1.0,1,0.11598216882407811,86
3658,6,16934,2611,14323,0,0,0,1.0,1.0,1.0,1.0,1.0,1,0.10586705498529596,87
3659,8,16942,2613,14329,0,0,0,1.0,1.0,1.0,1.0,1.0,1,0.1556454600771399,87
3660,8,16950,2613,14337,0,0,0,1.0,1.0,1.0,1.0,1.0,1,0.127575732885971,86
3661,11,16961,2614,14347,0,0,0,1.0,1.0,1.0,1.0,1.0,1,0.13818854427559532,86
3662,8,16969,2615,14354,0,0,0,1.0,1.0,1.0,1.0,1.0,1,0.14544466067174042,83
3663,11,16980,2620,14360,0,0,0,1.0,1.0,1.0,1.0,1.0,1,0.18055517593845644,85
3664,7,16987,2622,14365,0,0,0,1.0,1.0,1.0,1.0,1.0,1,0.17558848603078456,82
3665,7,16994,2623,14371,0,0,0,1.0,1.0,1.0,1.0,1.0,1,0.18087624909720845,81
3666,7,17001,2625,14376,0,0,0,1.0,1.0,1.0,1.0,1.0,1,0.1582909976067698,79
3667,9,17010,2625,14385,0,0,0,1.0,1.0,1.0,1.0,1.0,1,0.15298633478667312,79
3668,9,17019,2626,14393,0,0,0,1.0,1.0,1.0,1.0,1.0,1,0.14426580088207028,77
3669,5,17024,2626,14398,0,0,0,1.0,1.0,1.0,1.0,1.0,1,0.16182916497885083,75
3670,6,17030,2629,14401,0,0,0,1.0,1.0,1.0,1.0,1.0,1,0.18789250317186446,76
3671,4,17034,2630,14404,0,0,0,1.0,1.0,1.0,1.0,1.0,1,0.16158118056907675,74
3672,6,17040,2631,14409,0,0,0,1.0,1.0,1.0,1.0,1.0,1,0.13495286621619496,75
3673,3,17043,2632,14411,0,0,0,1.0,1.0,1.0,1.0,1.0,1,0.16017925900867064,75
3674,4,17047,2632,14415,0,0,0,1.0,1.0,1.0,1.0,1.0,1,0.14553813898614132,75
3675,1,17048,2632,14416,0,0,0,1.0,1.0,1.0,1.0,1.0,1,0.14501441822632727,75
3676,8,17056,2633,14423,0,0,0,1.0,1.0,1.0,1.0,1.0,1,0.10835723199023624,75
3677,0,17056,2633,14423,0,0,0,1.0,1.0,1.0,1.0,1.0,1,0.11143941271420289,75
3678,3,17059,2634,14425,0,0,0,1.0,1.0,1.0,1.0,1.0,1,0.12453369817894927,77
3679,3,17062,2635,14427,0,0,0,1.0,1.0,1.0,1.0,1.0,1,0.14829186877756456,78
3680,4,17066,2635,14431,0,0,0,1.0,1.0,1.0,1.0,1.0,1,0.14699175087197935,80
3681,2,17068,2635,14433,0,0,0,1.0,1.0,1.0,1.0,1.0,1,0.14659668677368387,81
3682,5,17073,2635,14438,0,0,0,1.0,1.0,1.0,1.0,1.0,1,0.15465010455855466,81
3683,6,17079,2636,14443,0,0,0,1.0,1.0,1.0,1.0,1.0,1,0.15307209561658341,81
3684,3,17082,2636,14446,0,0,0,1.0,1.0,1.0,1.0,1.0,1,0.16015651550390644,81
3685,5,17087,2636,14451,0,0,0,1.0,1.0,1.0,1.0,1.0,1,0.15404794969536495,81
3686,4,17091,2636,14455,0,0,0,1.0,1.0,1.0,1.0,1.0,1,0.15307209561658341,81
3687,5,17096,2636,14460,0,0,0,1.0,1.0,1.0,1.0,1.0,1,0.14954155491825313,82
3688,6,17102,2636,14466,0,0,0,1.0,1.0,1.0,1.0,1.0,1,0.1552340617252683,84
3689,7,17109,2636,14473,0,0,0,1.0,1.0,1.0,1.0,1.0,1,0.17481200758475882,84
3690,11,17120,2636,14484,0,0,0,1.0,1.0,1.0,1.0,1.0,1,0.1768677153664062,85
3691,10,17130,2636,14494,0,0,0,1.0,1.0,1.0,1.0,1.0,1,0.16992400830677515,86
3692,9,17139,2636,14503,0,0,0,1.0,1.0,1.0,1.0,1.0,1,0.16632240908537976,86
3693,9,17148,2636,14512,0,0,0,1.0,1.0,1.0,1.0,1.0,1,0.14021402958217594,86
3694,7,17155,2637,14518,0,0,0,1.0,1.0,1.0,1.0,1.0,1,0.15807280894483638,86
3695,5,17160,2638,14522,0,0,0,1.0,1.0,1.0,1.0,1.0,1,0.15257907149390823,86
3696,9,17169,2639,14530,0,0,0,1.0,1.0,1.0,1.0,1.0,1,0.14977498567005235,87
3697,8,17177,2639,14538,0,0,0,1.0,1.0,1.0,1.0,1.0,1,0.14263706810254073,85
3698,4,17181,2639,14542,0,0,0,1.0,1.0,1.0,1.0,1.0,1,0.14620541693489525,85
3699,7,17188,2640,14548,0,0,0,1.0,1.0,1.0,1.0,1.0,1,0.13230764185886562,85
3700,12,17200,2643,14557,0,0,0,1.0,1.0,1.0,1.0,1.0,1,0.16750339524916114,84
3701,6,17206,2643,14563,0,0,0,1.0,1.0,1.0,1.0,1.0,1,0.15140510786576375,85
3702,3,17209,2644,14565,0,0,0,1.0,1.0,1.0,1.0,1.0,1,0.14444006573342455,85
3703,5,17214,2644,14570,0,0,0,1.0,1.0,1.0,1.0,1.0,1,0.1548366737020538,85
3704,7,17221,2645,14576,0,0,0,1.0,1.0,1.0,1.0,1.0,1,0.16643963111030183,85
3705,6,17227,2645,14582,0,0,0,1.0,1.0,1.0,1.0,1.0,1,0.1597424601511892,86
3706,9,17236,2646,14590,0,0,0,1.0,1.0,1.0,1.0,1.0,1,0.16649613995378512,86
3707,6,17242,2648,14594,0,0,0,1.0,1.0,1.0,1.0,1.0,1,0.1678289172124363,85
3708,4,17246,2648,14598,0,0,0,1.0,1.0,1.0,1.0,1.0,1,0.17138647389084344,84
3709,6,17252,2648,14604,0,0,0,1.0,1.0,1.0,1.0,1.0,1,0.1622710051162613,85
3710,4,17256,2648,14608,0,0,0,1.0,1.0,1.0,1.0,1.0,1,0.15093633771188406,84
3711,5,17261,2648,14613,0,0,0,1.0,1.0,1.0,1.0,1.0,1,0.1665334199687165,85
3712,10,17271,2650,14621,0,0,0,1.0,1.0,1.0,1.0,1.0,1,0.17167846877142529,85
3713,6,17277,2650,14627,0,0,0,1.0,1.0,1.0,1.0,1.0,1,0.15485236891055554,85
3714,9,17286,2652,14634,0,0,0,1.0,1.0,1.0,1.0,1.0,1,0.145289857240303,85
3715,6,17292,2653,14639,0,0,0,1.0,1.0,1.0,1.0,1.0,1,0.1754383002667994,85
3716,4,17296,2653,14643,0,0,0,1.0,1.0,1.0,1.0,1.0,1,0.14972391583753691,84
3717,7,17303,2653,14650,0,0,0,1.0,1.0,1.0,1.0,1.0,1,0.13227321904052164,86
3718,4,17307,2653,14654,0,0,0,1.0,1.0,1.0,1.0,1.0,1,0.17113673227397955,85
3719,7,17314,2655,14659,0,0,0,1.0,1.0,1.0,1.0,1.0,1,0.15477804719752275,84
3720,8,17322,2655,14667,0,0,0,1.0,1.0,1.0,1.0,1.0,1,0.17737390039624226,84
3721,11,17333,2659,14674,0,0,0,1.0,1.0,1.0,1.0,1.0,1,0.20725621551003048,85
3722,10,17343,2659,14684,0,0,0,1.0,1.0,1.0,1.0,1.0,1,0.22062295429925285,85
3723,12,17355,2660,14695,0,0,0,1.0,1.0,1.0,1.0,1.0,1,0.23490188609699292,85
3724,13,17368,2660,14708,0,0,0,1.0,1.0,1.0,1.0,1.0,1,0.2022377813733851,86
3725,10,17378,2662,14716,0,0,0,1.0,1.0,1.0,1.0,1.0,1,0.21147627127460142,86
3726,13,17391,2663,14728,0,0,0,1.0,1.0,1.0,1.0,1.0,1,0.12853825942796254,86
3727,0,17391,2663,14728,0,0,0,1.0,1.0,1.0,1.0,1.0,1,0.12853825942796254,86
3728,3,17394,2665,14729,0,0,0,1.0,1.0,1.0,1.0,1.0,1,0.166837490093358,86
3729,4,17398,2665,14733,0,0,0,1.0,1.0,1.0,1.0,1.0,1,0.159658867290872,86
3730,3,17401,2665,14736,0,0,0,1.0,1.0,1.0,1.0,1.0,1,0.15757095047793643,85
3731,2,17403,2665,14738,0,0,0,1.0,1.0,1.0,1.0,1.0,1,0.16841479982837754,86
3732,1,17404,2665,14739,0,0,0,1.0,1.0,1.0,1.0,1.0,1,0.17308909756476687,87
3733,1,17405,2665,14740,0,0,0,1.0,1.0,1.0,1.0,1.0,1,0.1639538868479022,87
3734,3,17408,2665,14743,0,0,0,1.0,1.0,1.0,1.0,1.0,1,0.16146559397199292,87
3735,7,17415,2667,14748,0,0,0,1.0,1.0,1.0,1.0,1.0,1,0.17964000078732606,86
3736,7,17422,2667,14755,0,0,0,1.0,1.0,1.0,1.0,1.0,1,0.17048268206945236,87
3737,7,17429,2668,14761,0,0,0,1.0,1.0,1.0,1.0,1.0,1,0.18728818978531314,87
3738,10,17439,2669,14770,0,0,0,1.0,1.0,1.0,1.0,1.0,1,0.16765319753081914,87
3739,3,17442,2669,14773,0,0,0,1.0,1.0,1.0,1.0,1.0,1,0.16053839562583308,88
3740,4,17446,2670,14776,0,0,0,1.0,1.0,1.0,1.0,1.0,1,0.1555966707000142,87
3741,1,17447,2670,14777,0,0,0,1.0,1.0,1.0,1.0,1.0,1,0.1505880202313409,87
3742,2,17449,2671,14778,0,0,0,1.0,1.0,1.0,1.0,1.0,1,0.13707358984196058,86
3743,2,17451,2671,14780,0,0,0,1.0,1.0,1.0,1.0,1.0,1,0.14862676678467834,84
3744,4,17455,2672,14783,0,0,0,1.0,1.0,1.0,1.0,1.0,1,0.17809423861655702,83
3745,3,17458,2673,14785,0,0,0,1.0,1.0,1.0,1.0,1.0,1,0.17306782153732034,83
3746,5,17463,2674,14789,0,0,0,1.0,1.0,1.0,1.0,1.0,1,0.2037004227154173,83
3747,2,17465,2676,14789,0,0,0,1.0,1.0,1.0,1.0,1.0,1,0.19321239395414214,81
3748,2,17467,2678,14789,0,0,0,1.0,1.0,1.0,1.0,1.0,1,0.1771513846040487,81
3749,2,17469,2679,14790,0,0,0,1.0,1.0,1.0,1.0,1.0,1,0.188744454498117,80
3750,4,17473,2681,14792,0,0,0,1.0,1.0,1.0,1.0,1.0,1,0.19451950321397035,79
3751,20,17493,2685,14808,0,0,0,1.0,1.0,1.0,1.0,1.0,1,0.21953031027997186,80
3752,8,17501,2685,14816,0,0,0,1.0,1.0,1.0,1.0,1.0,1,0.205947348754365,80
3753,14,17515,2687,14828,0,0,0,1.0,1.0,1.0,1.0,1.0,1,0.21114919435901205,81
3754,12,17527,2687,14840,0,0,0,1.0,1.0,1.0,1.0,1.0,1,0.22913550334674324,81
3755,14,17541,2689,14852,0,0,0,1.0,1.0,1.0,1.0,1.0,1,0.20360084149209576,80
3756,11,17552,2691,14861,0,0,0,1.0,1.0,1.0,1.0,1.0,1,0.2815313660161592,79
3757,12,17564,2691,14873,0,0,0,1.0,1.0,1.0,1.0,1.0,1,0.2663019925719037,80
3758,12,17576,2692,14884,0,0,0,1.0,1.0,1.0,1.0,1.0,1,0.2889197470683428,79
3759,11,17587,2693,14894,0,0,0,0.99954350925678,0.9981968615642811,0.99954350925678,0.9981968615642811,1.0,1,0.3176285268207399,79
3760,11,17598,2693,14905,0,0,0,1.0,1.0,1.0,1.0,1.0,1,0.2935258195674095,79
3761,14,17612,2693,14919,0,0,0,1.0,1.0,1.0,1.0,1.0,1,0.30171973891444265,78
3762,19,17631,2694,14937,0,0,0,1.0,1.0,1.0,1.0,1.0,1,0.273295568049024,80
3763,12,17643,2694,14949,0,0,0,1.0,1.0,1.0,1.0,1.0,1,0.2721493913603353,80
3764,13,17656,2694,14962,0,0,0,1.0,1.0,1.0,1.0,1.0,1,0.2799424992535175,80
3765,15,17671,2694,14977,0,0,0,1.0,1.0,1.0,1.0,1.0,1,0.2572059275814467,81
3766,10,17681,2695,14986,0,3,3,1.0,1.0,1.0,1.0,1.0,1,0.30970066654501804,83
3767,10,17691,2696,14995,0,0,3,1.0,1.0,1.0,1.0,1.0,1,0.2418929362980163,83
3768,16,17707,2697,15010,0,0,3,1.0,1.0,1.0,1.0,1.0,1,0.23531790727539753,84
3769,12,17719,2697,15022,0,0,3,1.0,1.0,1.0,1.0,1.0,1,0.21549335572310832,86
3770,14,17733,2698,15035,0,0,3,1.0,1.0,1.0,1.0,1.0,1,0.22267283565035517,87
3771,17,17750,2700,15050,0,0,3,1.0,1.0,1.0,1.0,1.0,1,0.22435980817349718,87
3772,13,17763,2700,15063,0,0,3,1.0,1.0,1.0,1.0,1.0,1,0.21969931796515568,88
3773,11,17774,2700,15074,0,0,3,1.0,1.0,1.0,1.0,1.0,1,0.2526226499585967,85
3774,14,17788,2700,15088,0,0,3,1.0,1.0,1.0,1.0,1.0,1,0.24875120778425258,85
3775,10,17798,2701,15097,0,0,3,1.0,1.0,1.0,1.0,1.0,1,0.22914262950790168,83
3776,12,17810,2702,15108,0,0,3,1.0,1.0,1.0,1.0,1.0,1,0.16280339259578389,82
3777,4,17814,2702,15112,0,0,3,1.0,1.0,1.0,1.0,1.0,1,0.1580341976202892,81
3778,3,17817,2702,15115,0,0,3,1.0,1.0,1.0,1.0,1.0,1,0.1691332814741282,81
3779,5,17822,2703,15119,0,0,3,1.0,1.0,1.0,1.0,1.0,1,0.18694820502462353,80
3780,4,17826,2703,15123,0,0,3,1.0,1.0,1.0,1.0,1.0,1,0.18507257027670293,80
3781,4,17830,2703,15127,0,0,3,1.0,1.0,1.0,1.0,1.0,1,0.18507257027670293,80
3782,6,17836,2704,15132,0,0,3,1.0,1.0,1.0,1.0,1.0,1,0.19107923250277134,80
3783,2,17838,2704,15134,0,0,3,1.0,1.0,1.0,1.0,1.0,1,0.1618051706757457,80
3784,2,17840,2704,15136,0,0,3,1.0,1.0,1.0,1.0,1.0,1,0.16845358830795812,79
3785,0,17840,2704,15136,0,0,3,1.0,1.0,1.0,1.0,1.0,1,0.18664212388087448,77
3786,2,17842,2705,15137,0,0,3,1.0,1.0,1.0,1.0,1.0,1,0.15671244386530356,78
3787,3,17845,2707,15138,0,0,3,1.0,1.0,1.0,1.0,1.0,1,0.20763001936067382,77
3788,5,17850,2708,15142,0,0,3,1.0,1.0,1.0,1.0,1.0,1,0.20276544152716255,78
3789,4,17854,2710,15144,0,0,3,1.0,1.0,1.0,1.0,1.0,1,0.19457452673738704,77
3790,2,17856,2711,15145,0,0,3,1.0,1.0,1.0,1.0,1.0,1,0.20448292597032947,77
3791,0,17856,2711,15145,0,0,3,1.0,1.0,1.0,1.0,1.0,1,0.20448292597032947,77
3792,0,17856,2711,15145,0,0,3,1.0,1.0,1.0,1.0,1.0,1,0.1942706930729457,78
3793,4,17860,2712,15148,0,0,3,1.0,1.0,1.0,1.0,1.0,1,0.1900335986523981,80
3794,2,17862,2712,15150,0,0,3,1.0,1.0,1.0,1.0,1.0,1,0.18446265007746557,82
3795,1,17863,2712,15151,0,0,3,1.0,1.0,1.0,1.0,1.0,1,0.19185691675473626,83
3796,6,17869,2713,15156,0,0,3,1.0,1.0,1.0,1.0,1.0,1,0.17111397388290642,83
3797,4,17873,2714,15159,0,0,3,1.0,1.0,1.0,1.0,1.0,1,0.1732943049835058,82
3798,3,17876,2714,15162,0,0,3,1.0,1.0,1.0,1.0,1.0,1,0.1868610271681067,82
3799,2,17878,2714,15164,0,0,3,1.0,1.0,1.0,1.0,1.0,1,0.18710449689275485,83
3800,5,17883,2715,15168,0,0,3,1.0,1.0,1.0,1.0,1.0,1,0.22617623665068332,83
3801,15,17898,2716,15182,0,0,3,1.0,1.0,1.0,1.0,1.0,1,0.14527850377441978,83
3802,3,17901,2716,15185,0,0,3,1.0,1.0,1.0,1.0,1.0,1,0.17804397758208387,82
3803,5,17906,2716,15190,0,0,3,1.0,1.0,1.0,1.0,1.0,1,0.15205415948650922,84
3804,4,17910,2716,15194,0,0,3,1.0,1.0,1.0,1.0,1.0,1,0.12183792274435086,84
3805,6,17916,2717,15199,0,0,3,1.0,1.0,1.0,1.0,1.0,1,0.15109743558524671,86
3806,3,17919,2717,15202,0,0,3,1.0,1.0,1.0,1.0,1.0,1,0.13043821997418764,86
3807,3,17922,2718,15204,0,0,3,1.0,1.0,1.0,1.0,1.0,1,0.14810185766965536,86
3808,2,17924,2718,15206,0,0,3,1.0,1.0,1.0,1.0,1.0,1,0.15072954718845458,85
3809,1,17925,2718,15207,0,0,3,1.0,1.0,1.0,1.0,1.0,1,0.1452680870157856,85
3810,1,17926,2718,15208,0,0,3,1.0,1.0,1.0,1.0,1.0,1,0.15072954718845458,85
3811,3,17929,2719,15210,0,0,3,1.0,1.0,1.0,1.0,1.0,1,0.1535988422065648,84
3812,4,17933,2721,15212,0,0,3,1.0,1.0,1.0,1.0,1.0,1,0.1587597115930224,83
3813,5,17938,2721,15217,0,0,3,1.0,1.0,1.0,1.0,1.0,1,0.15766757270424953,82
3814,7,17945,2722,15223,0,0,3,1.0,1.0,1.0,1.0,1.0,1,0.18626206684656574,81
3815,4,17949,2722,15227,0,0,3,1.0,1.0,1.0,1.0,1.0,1,0.1352812682765908,82
3816,3,17952,2723,15229,0,0,3,1.0,1.0,1.0,1.0,1.0,1,0.13920835496461265,81
3817,7,17959,2725,15234,0,0,3,1.0,1.0,1.0,1.0,1.0,1,0.12953259126510927,81
3818,10,17969,2726,15243,0,0,3,1.0,1.0,1.0,1.0,1.0,1,0.1410730784928182,81
3819,3,17972,2727,15245,0,0,3,1.0,1.0,1.0,1.0,1.0,1,0.17779781717866497,82
3820,9,17981,2727,15254,0,0,3,1.0,1.0,1.0,1.0,1.0,1,0.1383564398635612,84
3821,6,17987,2729,15258,0,0,3,1.0,1.0,1.0,1.0,1.0,1,0.16418058113154235,84
3822,3,17990,2729,15261,0,0,3,1.0,1.0,1.0,1.0,1.0,1,0.14108511983123445,82
3823,8,17998,2732,15266,0,0,3,1.0,1.0,1.0,1.0,1.0,1,0.14278649578953231,81
3824,7,18005,2733,15272,0,0,3,1.0,1.0,1.0,1.0,1.0,1,0.15158465449393216,78
3825,4,18009,2733,15276,0,0,3,1.0,1.0,1.0,1.0,1.0,1,0.15442349533384434,76
3826,4,18013,2734,15279,0,0,3,1.0,1.0,1.0,1.0,1.0,1,0.14962766494787402,76
3827,6,18019,2737,15282,0,0,3,1.0,1.0,1.0,1.0,1.0,1,0.16681872220512067,75
3828,1,18020,2737,15283,0,0,3,1.0,1.0,1.0,1.0,1.0,1,0.16313996261022626,74
3829,3,18023,2738,15285,0,0,3,1.0,1.0,1.0,1.0,1.0,1,0.18875292043533506,74
3830,2,18025,2738,15287,0,0,3,1.0,1.0,1.0,1.0,1.0,1,0.18862717692831668,74
3831,3,18028,2739,15289,0,0,3,1.0,1.0,1.0,1.0,1.0,1,0.221029634683371,74
3832,4,18032,2739,15293,0,0,3,1.0,1.0,1.0,1.0,1.0,1,0.22879941929061892,73
3833,7,18039,2739,15300,0,0,3,1.0,1.0,1.0,1.0,1.0,1,0.23682457854155592,73
3834,8,18047,2739,15308,0,0,3,1.0,1.0,1.0,1.0,1.0,1,0.2289193779003734,74
3835,9,18056,2740,15316,0,0,3,1.0,1.0,1.0,1.0,1.0,1,0.24649509616640336,75
3836,8,18064,2740,15324,0,0,3,1.0,1.0,1.0,1.0,1.0,1,0.24555372922340432,75
3837,9,18073,2741,15332,0,0,3,1.0,1.0,1.0,1.0,1.0,1,0.2735296619009445,78
3838,9,18082,2742,15340,0,0,3,1.0,1.0,1.0,1.0,1.0,1,0.25322617372992906,78
3839,9,18091,2742,15349,0,0,3,1.0,1.0,1.0,1.0,1.0,1,0.22738529250122827,79
3840,12,18103,2743,15360,0,0,3,1.0,1.0,1.0,1.0,1.0,1,0.2307234866960862,82
3841,5,18108,2743,15365,0,0,3,1.0,1.0,1.0,1.0,1.0,1,0.2147429152194913,82
3842,9,18117,2743,15374,0,0,3,1.0,1.0,1.0,1.0,1.0,1,0.1962631154150093,82
3843,6,18123,2743,15380,0,0,3,1.0,1.0,1.0,1.0,1.0,1,0.19722647241971483,82
3844,7,18130,2744,15386,0,0,3,1.0,1.0,1.0,1.0,1.0,1,0.18875288218757375,83
3845,6,18136,2744,15392,0,0,3,1.0,1.0,1.0,1.0,1.0,1,0.18759750599487943,84
3846,5,18141,2744,15397,0,0,3,1.0,1.0,1.0,1.0,1.0,1,0.18274205052708023,85
3847,8,18149,2744,15405,0,0,3,1.0,1.0,1.0,1.0,1.0,1,0.19473036602273106,84
3848,9,18158,2745,15413,0,0,3,1.0,1.0,1.0,1.0,1.0,1,0.19637338807875243,84
3849,4,18162,2745,15417,0,0,3,1.0,1.0,1.0,1.0,1.0,1,0.1970806710601469,83
3850,4,18166,2745,15421,0,0,3,1.0,1.0,1.0,1.0,1.0,1,0.17799590353223044,80
3851,9,18175,2745,15430,0,0,3,1.0,1.0,1.0,1.0,1.0,1,0.14393277983252023,80
3852,5,18180,2746,15434,0,0,3,1.0,1.0,1.0,1.0,1.0,1,0.14688480488398978,79
3853,7,18187,2747,15440,0,0,3,1.0,1.0,1.0,1.0,1.0,1,0.14981861305967709,79
3854,5,18192,2748,15444,0,0,3,1.0,1.0,1.0,1.0,1.0,1,0.1608671711338631,78
3855,4,18196,2749,15447,0,0,3,1.0,1.0,1.0,1.0,1.0,1,0.18161807071240388,78
3856,4,18200,2750,15450,0,0,3,1.0,1.0,1.0,1.0,1.0,1,0.21202988769632333,80
3857,8,18208,2751,15457,0,0,3,1.0,1.0,1.0,1.0,1.0,1,0.20450542912275108,81
3858,6,18214,2752,15462,0,0,3,1.0,1.0,1.0,1.0,1.0,1,0.21251363633107284,81
3859,5,18219,2752,15467,0,0,3,1.0,1.0,1.0,1.0,1.0,1,0.20852783053623553,83
3860,11,18230,2753,15477,0,0,3,1.0,1.0,1.0,1.0,1.0,1,0.200874805115965,82
3861,12,18242,2753,15489,0,0,3,1.0,1.0,1.0,1.0,1.0,1,0.21333783753069333,84
3862,9,18251,2754,15497,0,0,3,1.0,1.0,1.0,1.0,1.0,1,0.23816391732704412,85
3863,13,18264,2754,15510,0,0,3,1.0,1.0,1.0,1.0,1.0,1,0.22432085946667185,84
3864,10,18274,2754,15520,0,0,3,1.0,1.0,1.0,1.0,1.0,1,0.21915204402336047,83
3865,13,18287,2756,15531,0,0,3,1.0,1.0,1.0,1.0,1.0,1,0.2346776548818027,82
3866,8,18295,2756,15539,0,0,3,1.0,1.0,1.0,1.0,1.0,1,0.21916996476738773,81
3867,9,18304,2757,15547,0,0,3,1.0,1.0,1.0,1.0,1.0,1,0.21222258446392717,81
3868,8,18312,2758,15554,0,0,3,1.0,1.0,1.0,1.0,1.0,1,0.25399109425004535,81
3869,15,18327,2759,15568,0,0,3,1.0,1.0,1.0,1.0,1.0,1,0.24308497478249552,81
3870,5,18332,2759,15573,0,0,3,1.0,1.0,1.0,1.0,1.0,1,0.21864997489101456,80
3871,12,18344,2759,15585,0,0,3,1.0,1.0,1.0,1.0,1.0,1,0.22580409743226296,82
3872,10,18354,2760,15594,0,0,3,1.0,1.0,1.0,1.0,1.0,1,0.24641578740603745,81
3873,7,18361,2760,15601,0,0,3,1.0,1.0,1.0,1.0,1.0,1,0.2376545690971969,81
3874,6,18367,2760,15607,0,0,3,1.0,1.0,1.0,1.0,1.0,1,0.21769838179072573,78
3875,8,18375,2760,15615,0,0,3,1.0,1.0,1.0,1.0,1.0,1,0.21289274280808507,77
3876,17,18392,2762,15630,0,0,3,1.0,1.0,1.0,1.0,1.0,1,0.09210097687801522,78
3877,2,18394,2762,15632,0,0,3,1.0,1.0,1.0,1.0,1.0,1,0.11828242499860996,75
3878,6,18400,2764,15636,0,0,3,1.0,1.0,1.0,1.0,1.0,1,0.10732810332325485,75
3879,3,18403,2764,15639,0,0,3,1.0,1.0,1.0,1.0,1.0,1,0.12240677113072967,73
3880,5,18408,2764,15644,0,0,3,1.0,1.0,1.0,1.0,1.0,1,0.12468811872151789,74
3881,4,18412,2764,15648,0,0,3,1.0,1.0,1.0,1.0,1.0,1,0.10660295585268563,75
3882,6,18418,2764,15654,0,0,3,1.0,1.0,1.0,1.0,1.0,1,0.11408800569601678,76
3883,3,18421,2764,15657,0,0,3,1.0,1.0,1.0,1.0,1.0,1,0.10047756159707844,77
3884,5,18426,2766,15660,0,0,3,1.0,1.0,1.0,1.0,1.0,1,0.1240631403546029,78
3885,2,18428,2766,15662,0,0,3,1.0,1.0,1.0,1.0,1.0,1,0.11539562394017258,78
3886,6,18434,2766,15668,0,0,3,1.0,1.0,1.0,1.0,1.0,1,0.1272891831034253,79
3887,6,18440,2767,15673,0,0,3,1.0,1.0,1.0,1.0,1.0,1,0.13217341202693908,78
3888,6,18446,2768,15678,0,0,3,1.0,1.0,1.0,1.0,1.0,1,0.10408971135074872,80
3889,6,18452,2768,15684,0,0,3,1.0,1.0,1.0,1.0,1.0,1,0.11811966626534842,82
3890,5,18457,2769,15688,0,0,3,1.0,1.0,1.0,1.0,1.0,1,0.14607634429237012,82
3891,10,18467,2770,15697,0,0,3,1.0,1.0,1.0,1.0,1.0,1,0.1554674943847644,85
3892,12,18479,2771,15708,0,0,3,1.0,1.0,1.0,1.0,1.0,1,0.13861503511589773,87
3893,12,18491,2771,15720,0,0,3,1.0,1.0,1.0,1.0,1.0,1,0.12945487325057073,86
3894,10,18501,2771,15730,0,0,3,1.0,1.0,1.0,1.0,1.0,1,0.13165420227909289,87
3895,8,18509,2773,15736,0,0,3,1.0,1.0,1.0,1.0,1.0,1,0.1303868546358426,87
3896,7,18516,2773,15743,0,0,3,1.0,1.0,1.0,1.0,1.0,1,0.17181421387862533,85
3897,8,18524,2774,15750,0,0,3,1.0,1.0,1.0,1.0,1.0,1,0.1593916981776889,85
3898,19,18543,2776,15767,0,0,3,1.0,1.0,1.0,1.0,1.0,1,0.23902692775909593,86
3899,15,18558,2777,15781,0,0,3,1.0,1.0,1.0,1.0,1.0,1,0.23188346043466582,86
3900,15,18573,2777,15796,0,0,3,1.0,1.0,1.0,1.0,1.0,1,0.19729159942563107,86
3901,17,18590,2778,15812,0,0,3,1.0,1.0,1.0,1.0,1.0,1,0.20678700257555518,86
3902,14,18604,2778,15826,0,0,3,1.0,1.0,1.0,1.0,1.0,1,0.14927444044763075,87
3903,10,18614,2779,15835,0,0,3,1.0,1.0,1.0,1.0,1.0,1,0.13630881925115096,87
3904,13,18627,2781,15846,0,0,3,1.0,1.0,1.0,1.0,1.0,1,0.168117866196658,85
3905,8,18635,2781,15854,0,0,3,1.0,1.0,1.0,1.0,1.0,1,0.18475312761235713,84
3906,17,18652,2782,15870,0,0,3,1.0,1.0,1.0,1.0,1.0,1,0.17825166805745635,86
3907,15,18667,2783,15884,0,0,3,1.0,1.0,1.0,1.0,1.0,1,0.19054334904725745,84
3908,13,18680,2784,15896,0,0,3,1.0,1.0,1.0,1.0,1.0,1,0.21417611290588687,83
3909,12,18692,2784,15908,0,0,3,1.0,1.0,1.0,1.0,1.0,1,0.18060350707284728,81
3910,15,18707,2784,15923,0,0,3,1.0,1.0,1.0,1.0,1.0,1,0.1820570081980497,82
3911,13,18720,2785,15935,0,0,3,1.0,1.0,1.0,1.0,1.0,1,0.15743354703236448,81
3912,17,18737,2786,15951,0,0,3,1.0,1.0,1.0,1.0,1.0,1,0.1709062136341219,80
3913,18,18755,2788,15967,0,0,3,1.0,1.0,1.0,1.0,1.0,1,0.1691697058800231,80
3914,14,18769,2789,15980,0,0,3,1.0,1.0,1.0,1.0,1.0,1,0.22262157506627397,81
3915,16,18785,2791,15994,0,0,3,1.0,1.0,1.0,1.0,1.0,1,0.18231219172828556,81
3916,17,18802,2792,16010,0,0,3,1.0,1.0,1.0,1.0,1.0,1,0.23619841816219006,81
3917,14,18816,2793,16023,0,0,3,1.0,1.0,1.0,1.0,1.0,1,0.24798180098654563,82
3918,14,18830,2794,16036,0,8,11,1.0,1.0,1.0,1.0,1.0,1,0.2360085222431306,85
3919,16,18846,2795,16051,0,10,21,1.0,1.0,1.0,1.0,1.0,1,0.3038808256500862,85
3920,17,18863,2795,16068,0,8,29,1.0,1.0,1.0,1.0,1.0,1,0.2372707707443819,85
3921,22,18885,2796,16089,0,16,45,1.0,1.0,1.0,1.0,1.0,1,0.2389041677272523,88
3922,25,18910,2796,16114,0,6,51,1.0,1.0,1.0,1.0,1.0,1,0.23152208446200634,88
3923,21,18931,2796,16135,0,0,51,1.0,1.0,1.0,1.0,1.0,1,0.21720003833898663,89
3924,19,18950,2796,16154,0,4,55,1.0,1.0,1.0,1.0,1.0,1,0.23125066201965108,90
3925,12,18962,2798,16164,0,4,59,1.0,1.0,1.0,1.0,1.0,1,0.267171950065571,88
3926,23,18985,2798,16187,0,0,59,1.0,1.0,1.0,1.0,1.0,1,0.11240239315925074,89
3927,9,18994,2798,16196,0,0,59,1.0,1.0,1.0,1.0,1.0,1,0.16424261491539505,89
3928,7,19001,2798,16203,0,0,59,1.0,1.0,1.0,1.0,1.0,1,0.12824075657916606,88
3929,12,19013,2798,16215,0,0,59,1.0,1.0,1.0,1.0,1.0,1,0.12808343174821846,88
3930,11,19024,2798,16226,0,0,59,1.0,1.0,1.0,1.0,1.0,1,0.11477970332675619,87
3931,10,19034,2798,16236,0,0,59,1.0,1.0,1.0,1.0,1.0,1,0.1474822916368579,86
3932,10,19044,2798,16246,0,0,59,1.0,1.0,1.0,1.0,1.0,1,0.131513192894095,85
3933,11,19055,2798,16257,0,0,59,1.0,1.0,1.0,1.0,1.0,1,0.18973281010188622,84
3934,13,19068,2799,16269,0,0,59,1.0,1.0,1.0,1.0,1.0,1,0.15928420882482672,85
3935,13,19081,2799,16282,0,0,59,1.0,1.0,1.0,1.0,1.0,1,0.17405685119107184,84
3936,13,19094,2800,16294,0,0,59,1.0,1.0,1.0,1.0,1.0,1,0.19985922858857952,84
3937,9,19103,2800,16303,0,0,59,1.0,1.0,1.0,1.0,1.0,1,0.16981811223656607,82
3938,11,19114,2800,16314,0,0,59,1.0,1.0,1.0,1.0,1.0,1,0.1495942970412386,82
3939,10,19124,2800,16324,0,0,59,1.0,1.0,1.0,1.0,1.0,1,0.15169346994470762,84
3940,9,19133,2801,16332,0,0,59,1.0,1.0,1.0,1.0,1.0,1,0.19513789091027067,84
3941,12,19145,2801,16344,0,0,59,1.0,1.0,1.0,1.0,1.0,1,0.1839842246461032,85
3942,13,19158,2804,16354,0,0,59,1.0,1.0,1.0,1.0,1.0,1,0.1883861921639332,85
3943,14,19172,2805,16367,0,0,59,1.0,1.0,1.0,1.0,1.0,1,0.19201753067417707,84
3944,18,19190,2809,16381,0,0,59,1.0,1.0,1.0,1.0,1.0,1,0.23594086742160483,83
3945,14,19204,2811,16393,0,0,59,1.0,1.0,1.0,1.0,1.0,1,0.20484570021700121,83
3946,12,19216,2813,16403,0,0,59,1.0,1.0,1.0,1.0,1.0,1,0.17490357161938874,83
3947,9,19225,2815,16410,0,0,59,1.0,1.0,1.0,1.0,1.0,1,0.22207907036603633,83
3948,15,19240,2817,16423,0,0,59,1.0,1.0,1.0,1.0,1.0,1,0.2462474339958392,84
3949,22,19262,2817,16445,0,0,59,1.0,1.0,1.0,1.0,1.0,1,0.2547983884223502,84
3950,15,19277,2818,16459,0,0,59,1.0,1.0,1.0,1.0,1.0,1,0.2537338500991424,86
3951,29,19306,2818,16488,0,0,59,1.0,1.0,1.0,1.0,1.0,1,0.15770208254381007,87
3952,4,19310,2818,16492,0,0,59,1.0,1.0,1.0,1.0,1.0,1,0.1664219688274984,86
3953,5,19315,2819,16496,0,0,59,1.0,1.0,1.0,1.0,1.0,1,0.14307782133443447,86
3954,11,19326,2819,16507,0,0,59,1.0,1.0,1.0,1.0,1.0,1,0.10080293880249519,85
3955,6,19332,2820,16512,0,0,59,1.0,1.0,1.0,1.0,1.0,1,0.1432490620259817,85
3956,4,19336,2820,16516,0,0,59,1.0,1.0,1.0,1.0,1.0,1,0.12719669043202622,84
3957,6,19342,2820,16522,0,0,59,1.0,1.0,1.0,1.0,1.0,1,0.13502167434709716,85
3958,4,19346,2821,16525,0,0,59,1.0,1.0,1.0,1.0,1.0,1,0.14848857535513146,84
3959,4,19350,2821,16529,0,0,59,1.0,1.0,1.0,1.0,1.0,1,0.1518513717361635,83
3960,9,19359,2822,16537,0,0,59,1.0,1.0,1.0,1.0,1.0,1,0.15535343172429242,84
3961,4,19363,2822,16541,0,0,59,1.0,1.0,1.0,1.0,1.0,1,0.18389589855982932,83
3962,5,19368,2822,16546,0,0,59,1.0,1.0,1.0,1.0,1.0,1,0.17758396078763683,84
3963,7,19375,2822,16553,0,0,59,1.0,1.0,1.0,1.0,1.0,1,0.17254366531334667,81
3964,9,19384,2822,16562,0,0,59,1.0,1.0,1.0,1.0,1.0,1,0.1559950313783057,81
3965,10,19394,2822,16572,0,0,59,1.0,1.0,1.0,1.0,1.0,1,0.10129740909859661,81
3966,9,19403,2823,16580,0,0,59,1.0,1.0,1.0,1.0,1.0,1,0.1597165811020792,79
3967,4,19407,2823,16584,0,0,59,1.0,1.0,1.0,1.0,1.0,1,0.1244186163381943,81
3968,6,19413,2823,16590,0,0,59,1.0,1.0,1.0,1.0,1.0,1,0.10602390012341434,79
3969,5,19418,2824,16594,0,0,59,1.0,1.0,1.0,1.0,1.0,1,0.1622369615217115,79
3970,4,19422,2824,16598,0,0,59,1.0,1.0,1.0,1.0,1.0,1,0.1121294675061899,78
3971,9,19431,2824,16607,0,0,59,1.0,1.0,1.0,1.0,1.0,1,0.15982079475923236,77
3972,11,19442,2825,16617,0,0,59,1.0,1.0,1.0,1.0,1.0,1,0.18275222244675762,78
3973,11,19453,2828,16625,0,0,59,1.0,1.0,1.0,1.0,1.0,1,0.13395802212095081,77
3974,7,19460,2828,16632,0,0,59,1.0,1.0,1.0,1.0,1.0,1,0.18945443257698275,77
3975,10,19470,2830,16640,0,0,59,1.0,1.0,1.0,1.0,1.0,1,0.1495297879165168,76
3976,8,19478,2830,16648,0,0,59,1.0,1.0,1.0,1.0,1.0,1,0.13285104594940617,77
3977,6,19484,2830,16654,0,0,59,1.0,1.0,1.0,1.0,1.0,1,0.13616928136998804,78
3978,6,19490,2831,16659,0,0,59,1.0,1.0,1.0,1.0,1.0,1,0.1467137031807835,79
3979,5,19495,2831,16664,0,0,59,1.0,1.0,1.0,1.0,1.0,1,0.13966156847023628,79
3980,4,19499,2831,16668,0,0,59,1.0,1.0,1.0,1.0,1.0,1,0.1385570272105505,79
3981,11,19510,2832,16678,0,0,59,1.0,1.0,1.0,1.0,1.0,1,0.1564226009284123,83
3982,9,19519,2834,16685,0,0,59,1.0,1.0,1.0,1.0,1.0,1,0.17091975212048555,83
3983,8,19527,2835,16692,0,0,59,1.0,1.0,1.0,1.0,1.0,1,0.15815281584393248,82
3984,7,19534,2835,16699,0,0,59,1.0,1.0,1.0,1.0,1.0,1,0.15733948386222982,83
3985,5,19539,2836,16703,0,0,59,1.0,1.0,1.0,1.0,1.0,1,0.16776097182719796,84
3986,8,19547,2836,16711,0,0,59,1.0,1.0,1.0,1.0,1.0,1,0.18454435771214428,83
3987,9,19556,2839,16717,0,0,59,1.0,1.0,1.0,1.0,1.0,1,0.1927797689859758,82
3988,10,19566,2840,16726,0,0,59,1.0,1.0,1.0,1.0,1.0,1,0.17402244353532287,83
3989,10,19576,2840,16736,0,0,59,1.0,1.0,1.0,1.0,1.0,1,0.1953436647873983,81
3990,11,19587,2841,16746,0,0,59,1.0,1.0,1.0,1.0,1.0,1,0.191522455172249,81
3991,5,19592,2842,16750,0,0,59,1.0,1.0,1.0,1.0,1.0,1,0.20879545826759266,79
3992,11,19603,2844,16759,0,0,59,1.0,1.0,1.0,1.0,1.0,1,0.1855081009590151,81
3993,6,19609,2845,16764,0,0,59,1.0,1.0,1.0,1.0,1.0,1,0.1976129864717758,80
3994,5,19614,2846,16768,0,0,59,1.0,1.0,1.0,1.0,1.0,1,0.20855770909269525,80
3995,11,19625,2849,16776,0,0,59,1.0,1.0,1.0,1.0,1.0,1,0.18096554847332888,81
3996,9,19634,2849,16785,0,0,59,1.0,1.0,1.0,1.0,1.0,1,0.21466734277640911,80
3997,14,19648,2850,16798,0,0,59,1.0,1.0,1.0,1.0,1.0,1,0.21062444322553953,81
3998,14,19662,2850,16812,0,0,59,1.0,1.0,1.0,1.0,1.0,1,0.19268483518552768,82
3999,10,19672,2850,16822,0,0,59,1.0,1.0,1.0,1.0,1.0,1,0.18209696451088717,82
4000,8,19680,2851,16829,0,0,59,1.0,1.0,1.0,1.0,1.0,1,0.18585042560123008,82
4001,10,19690,2852,16838,0,0,59,1.0,1.0,1.0,1.0,1.0,1,0.11188282348407098,81
4002,4,19694,2853,16841,0,0,59,1.0,1.0,1.0,1.0,1.0,1,0.1209780283510187,81
4003,7,19701,2855,16846,0,0,59,1.0,1.0,1.0,1.0,1.0,1,0.15293342770981821,81
4004,6,19707,2856,16851,0,0,59,1.0,1.0,1.0,1.0,1.0,1,0.13120160504495723,80
4005,8,19715,2859,16856,0,0,59,1.0,1.0,1.0,1.0,1.0,1,0.14983574144155679,78
4006,3,19718,2860,16858,0,0,59,1.0,1.0,1.0,1.0,1.0,1,0.14440980385373306,76
4007,4,19722,2861,16861,0,0,59,1.0,1.0,1.0,1.0,1.0,1,0.16246149930044923,75
4008,4,19726,2862,16864,0,0,59,1.0,1.0,1.0,1.0,1.0,1,0.13842672262946565,74
4009,1,19727,2863,16864,0,0,59,1.0,1.0,1.0,1.0,1.0,1,0.15442165601945979,75
4010,1,19728,2863,16865,0,0,59,1.0,1.0,1.0,1.0,1.0,1,0.15425565111120787,75
4011,2,19730,2865,16865,0,0,59,1.0,1.0,1.0,1.0,1.0,1,0.15112841655223222,74
4012,1,19731,2866,16865,0,0,59,1.0,1.0,1.0,1.0,1.0,1,0.1567046843827702,74
4013,1,19732,2867,16865,0,0,59,1.0,1.0,1.0,1.0,1.0,1,0.1660275817463139,74
4014,4,19736,2869,16867,0,0,59,1.0,1.0,1.0,1.0,1.0,1,0.18898242189569278,73
4015,4,19740,2869,16871,0,0,59,1.0,1.0,1.0,1.0,1.0,1,0.19626408004994986,74
4016,3,19743,2869,16874,0,0,59,1.0,1.0,1.0,1.0,1.0,1,0.2230074379228052,74
4017,10,19753,2869,16884,0,0,59,1.0,1.0,1.0,1.0,1.0,1,0.219340300573438,78
4018,16,19769,2870,16899,0,0,59,1.0,1.0,1.0,1.0,1.0,1,0.20861247997266041,78
4019,9,19778,2870,16908,0,0,59,1.0,1.0,1.0,1.0,1.0,1,0.21931080449781168,78
4020,7,19785,2870,16915,0,0,59,1.0,1.0,1.0,1.0,1.0,1,0.21101732044994911,78
4021,8,19793,2870,16923,0,0,59,1.0,1.0,1.0,1.0,1.0,1,0.22811256478356223,78
4022,11,19804,2871,16933,0,0,59,1.0,1.0,1.0,1.0,1.0,1,0.1880112870749926,79
4023,5,19809,2871,16938,0,0,59,1.0,1.0,1.0,1.0,1.0,1,0.18129512208968765,78
4024,6,19815,2871,16944,0,0,59,1.0,1.0,1.0,1.0,1.0,1,0.18322097343744137,77
4025,9,19824,2872,16952,0,0,59,1.0,1.0,1.0,1.0,1.0,1,0.18635692590158642,76
4026,9,19833,2872,16961,0,0,59,1.0,1.0,1.0,1.0,1.0,1,0.09469742854039905,76
4027,1,19834,2873,16961,0,0,59,1.0,1.0,1.0,1.0,1.0,1,0.11081222182072435,75
4028,5,19839,2873,16966,0,0,59,1.0,1.0,1.0,1.0,1.0,1,0.07914006057612696,76
4029,2,19841,2874,16967,0,0,59,1.0,1.0,1.0,1.0,1.0,1,0.08325083310628706,75
4030,3,19844,2875,16969,0,0,59,1.0,1.0,1.0,1.0,1.0,1,0.08793046679614104,74
4031,4,19848,2876,16972,0,0,59,1.0,1.0,1.0,1.0,1.0,1,0.0982791510516169,73
4032,4,19852,2876,16976,0,0,59,1.0,1.0,1.0,1.0,1.0,1,0.12349679743420103,71
4033,4,19856,2876,16980,0,0,59,1.0,1.0,1.0,1.0,1.0,1,0.13225404889109085,73
4034,2,19858,2877,16981,0,0,59,1.0,1.0,1.0,1.0,1.0,1,0.13247657215761607,72
4035,1,19859,2877,16982,0,0,59,1.0,1.0,1.0,1.0,1.0,1,0.14133582152850274,71
4036,2,19861,2877,16984,0,0,59,1.0,1.0,1.0,1.0,1.0,1,0.15209893245716047,71
4037,2,19863,2878,16985,0,0,59,1.0,1.0,1.0,1.0,1.0,1,0.13553575666522083,70
4038,2,19865,2879,16986,0,0,59,1.0,1.0,1.0,1.0,1.0,1,0.15885379984944356,69
4039,5,19870,2880,16990,0,0,59,1.0,1.0,1.0,1.0,1.0,1,0.1526536170545132,68
4040,2,19872,2881,16991,0,0,59,1.0,1.0,1.0,1.0,1.0,1,0.16465844497725693,69
4041,1,19873,2882,16991,0,0,59,1.0,1.0,1.0,1.0,1.0,1,0.18797698449723552,67
4042,4,19877,2883,16994,0,0,59,1.0,1.0,1.0,1.0,1.0,1,0.19969981230018927,67
4043,3,19880,2884,16996,0,0,59,1.0,1.0,1.0,1.0,1.0,1,0.21771729403240098,66
4044,0,19880,2884,16996,0,0,59,1.0,1.0,1.0,1.0,1.0,1,0.2146411749472064,65
4045,1,19881,2885,16996,0,0,59,1.0,1.0,1.0,1.0,1.0,1,0.22771550276189986,66
4046,1,19882,2885,16997,0,0,59,1.0,1.0,1.0,1.0,1.0,1,0.2256200678926494,68
4047,0,19882,2885,16997,0,0,59,1.0,1.0,1.0,1.0,1.0,1,0.2256200678926494,68
4048,0,19882,2885,16997,0,0,59,1.0,1.0,1.0,1.0,1.0,1,0.2339263488848245,69
4049,1,19883,2886,16997,0,0,59,1.0,1.0,1.0,1.0,1.0,1,0.23640945066913427,69
4050,3,19886,2886,17000,0,0,59,1.0,1.0,1.0,1.0,1.0,1,0.22334187618716295,69
4051,7,19893,2886,17007,0,0,59,1.0,1.0,1.0,1.0,1.0,1,0.16519740708317782,69
4052,2,19895,2886,17009,0,0,59,1.0,1.0,1.0,1.0,1.0,1,0.1395418299343998,69
4053,0,19895,2886,17009,0,0,59,1.0,1.0,1.0,1.0,1.0,1,0.1395418299343998,69
4054,1,19896,2887,17009,0,0,59,1.0,1.0,1.0,1.0,1.0,1,0.14226141575009218,70
4055,4,19900,2888,17012,0,0,59,1.0,1.0,1.0,1.0,1.0,1,0.12432826287475131,70
4056,1,19901,2888,17013,0,0,59,1.0,1.0,1.0,1.0,1.0,1,0.11844194797890743,70
4057,1,19902,2888,17014,0,0,59,1.0,1.0,1.0,1.0,1.0,1,0.10949948714006434,71
4058,1,19903,2888,17015,0,0,59,1.0,1.0,1.0,1.0,1.0,1,0.1085843968156841,71
4059,1,19904,2889,17015,0,0,59,1.0,1.0,1.0,1.0,1.0,1,0.12069894562277526,72
4060,0,19904,2889,17015,0,0,59,1.0,1.0,1.0,1.0,1.0,1,0.13128814202987443,71
4061,6,19910,2891,17019,0,0,59,1.0,1.0,1.0,1.0,1.0,1,0.128719297514822,72
4062,3,19913,2893,17020,0,0,59,1.0,1.0,1.0,1.0,1.0,1,0.15620427566734635,72
4063,6,19919,2894,17025,0,0,59,1.0,1.0,1.0,1.0,1.0,1,0.1625206226841032,72
4064,6,19925,2897,17028,0,0,59,1.0,1.0,1.0,1.0,1.0,1,0.1748574027653327,71
4065,6,19931,2897,17034,0,0,59,1.0,1.0,1.0,1.0,1.0,1,0.1392457359698301,70
4066,6,19937,2897,17040,0,0,59,1.0,1.0,1.0,1.0,1.0,1,0.12100399170718029,70
4067,2,19939,2897,17042,0,0,59,1.0,1.0,1.0,1.0,1.0,1,0.10426919231717555,68
4068,5,19944,2899,17045,0,0,59,1.0,1.0,1.0,1.0,1.0,1,0.13766882340643052,70
4069,4,19948,2899,17049,0,0,59,1.0,1.0,1.0,1.0,1.0,1,0.09574300933895658,68
4070,5,19953,2901,17052,0,0,59,1.0,1.0,1.0,1.0,1.0,1,0.12521983933014388,67
4071,5,19958,2902,17056,0,0,59,1.0,1.0,1.0,1.0,1.0,1,0.1413216135299654,68
4072,5,19963,2904,17059,0,0,59,1.0,1.0,1.0,1.0,1.0,1,0.10295047569068962,70
4073,6,19969,2907,17062,0,0,59,1.0,1.0,1.0,1.0,1.0,1,0.16737154167694973,70
4074,9,19978,2912,17066,0,0,59,1.0,1.0,1.0,1.0,1.0,1,0.14612657661203063,71
4075,11,19989,2914,17075,0,0,59,1.0,1.0,1.0,1.0,1.0,1,0.14386106520215355,72
4076,7,19996,2915,17081,0,0,59,1.0,1.0,1.0,1.0,1.0,1,0.10990327541324289,73
4077,5,20001,2915,17086,0,0,59,1.0,1.0,1.0,1.0,1.0,1,0.11385332408363359,72
4078,5,20006,2919,17087,0,0,59,1.0,1.0,1.0,1.0,1.0,1,0.1358311466711359,71
4079,2,20008,2920,17088,0,0,59,1.0,1.0,1.0,1.0,1.0,1,0.15020636987351044,69
4080,0,20008,2920,17088,0,0,59,1.0,1.0,1.0,1.0,1.0,1,0.1597954043790646,67
4081,1,20009,2920,17089,0,0,59,1.0,1.0,1.0,1.0,1.0,1,0.1589450945404925,66
4082,1,20010,2920,17090,0,0,59,1.0,1.0,1.0,1.0,1.0,1,0.16294903859976217,65
4083,4,20014,2923,17091,0,0,59,1.0,1.0,1.0,1.0,1.0,1,0.197093054750342,64
4084,1,20015,2923,17092,0,0,59,1.0,1.0,1.0,1.0,1.0,1,0.20619341458975413,64
4085,2,20017,2924,17093,0,0,59,1.0,1.0,1.0,1.0,1.0,1,0.20065764522081792,65
4086,5,20022,2926,17096,0,0,59,1.0,1.0,1.0,1.0,1.0,1,0.17755825734749298,66
4087,1,20023,2927,17096,0,0,59,1.0,1.0,1.0,1.0,1.0,1,0.16454152392020693,66
4088,0,20023,2927,17096,0,0,59,1.0,1.0,1.0,1.0,1.0,1,0.19799320758972536,65
4089,0,20023,2927,17096,0,0,59,1.0,1.0,1.0,1.0,1.0,1,0.19799320758972536,65
4090,0,20023,2927,17096,0,0,59,1.0,1.0,1.0,1.0,1.0,1,0.2061734343604487,65
4091,0,20023,2927,17096,0,0,59,1.0,1.0,1.0,1.0,1.0,1,0.2061734343604487,65
4092,0,20023,2927,17096,0,0,59,1.0,1.0,1.0,1.0,1.0,1,0.21280821283861295,64
4093,3,20026,2928,17098,0,0,59,1.0,1.0,1.0,1.0,1.0,1,0.20677320389417378,66
4094,2,20028,2928,17100,0,0,59,1.0,1.0,1.0,1.0,1.0,1,0.21871850261583314,65
4095,3,20031,2930,17101,0,0,59,1.0,1.0,1.0,1.0,1.0,1,0.21303876845485,65
4096,2,20033,2930,17103,0,0,59,1.0,1.0,1.0,1.0,1.0,1,0.21518984232102087,67
4097,3,20036,2932,17104,0,0,59,1.0,1.0,1.0,1.0,1.0,1,0.1862761405824326,67
4098,3,20039,2935,17104,0,0,59,1.0,1.0,1.0,1.0,1.0,1,0.20257798795079088,68
4099,5,20044,2937,17107,0,0,59,1.0,1.0,1.0,1.0,1.0,1,0.18956276583508447,69
4100,6,20050,2938,17112,0,0,59,1.0,1.0,1.0,1.0,1.0,1,0.17617248576995256,70
4101,11,20061,2939,17122,0,0,59,1.0,1.0,1.0,1.0,1.0,1,0.10317157451674591,71
4102,2,20063,2940,17123,0,0,59,1.0,1.0,1.0,1.0,1.0,1,0.11567417775183547,71
4103,0,20063,2940,17123,0,0,59,1.0,1.0,1.0,1.0,1.0,1,0.1147799278167593,71
4104,0,20063,2940,17123,0,0,59,1.0,1.0,1.0,1.0,1.0,1,0.1337033181552102,69
4105,0,20063,2940,17123,0,0,59,1.0,1.0,1.0,1.0,1.0,1,0.15856865867026523,67
4106,5,20068,2941,17127,0,0,59,1.0,1.0,1.0,1.0,1.0,1,0.1595004465742119,68
4107,4,20072,2941,17131,0,0,59,1.0,1.0,1.0,1.0,1.0,1,0.1397080271581892,70
4108,0,20072,2941,17131,0,0,59,1.0,1.0,1.0,1.0,1.0,1,0.1376744989236919,70
4109,0,20072,2941,17131,0,0,59,1.0,1.0,1.0,1.0,1.0,1,0.14528466756224595,69
4110,3,20075,2942,17133,0,0,59,1.0,1.0,1.0,1.0,1.0,1,0.13866865385953783,71
4111,2,20077,2943,17134,0,0,59,1.0,1.0,1.0,1.0,1.0,1,0.1428726156986259,70
4112,2,20079,2943,17136,0,0,59,1.0,1.0,1.0,1.0,1.0,1,0.13702148559044441,72
4113,1,20080,2944,17136,0,0,59,1.0,1.0,1.0,1.0,1.0,1,0.13613775442587916,72
4114,3,20083,2946,17137,0,0,59,1.0,1.0,1.0,1.0,1.0,1,0.1503518373611114,72
4115,3,20086,2947,17139,0,0,59,1.0,1.0,1.0,1.0,1.0,1,0.16951022890410328,70
4116,1,20087,2948,17139,0,0,59,1.0,1.0,1.0,1.0,1.0,1,0.17008712654324934,67
4117,1,20088,2949,17139,0,0,59,1.0,1.0,1.0,1.0,1.0,1,0.17792904228516004,67
4118,2,20090,2949,17141,0,0,59,1.0,1.0,1.0,1.0,1.0,1,0.19708986808258053,66
4119,5,20095,2950,17145,0,0,59,1.0,1.0,1.0,1.0,1.0,1,0.21013554751173466,67
4120,2,20097,2950,17147,0,0,59,1.0,1.0,1.0,1.0,1.0,1,0.2008059290378111,64
4121,3,20100,2952,17148,0,0,59,1.0,1.0,1.0,1.0,1.0,1,0.20836771978685356,63
4122,7,20107,2954,17153,0,0,59,1.0,1.0,1.0,1.0,1.0,1,0.17036764676113098,63
4123,2,20109,2956,17153,0,0,59,1.0,1.0,1.0,1.0,1.0,1,0.1793833162367338,61
4124,2,20111,2958,17153,0,0,59,1.0,1.0,1.0,1.0,1.0,1,0.20398981362637822,62
4125,1,20112,2958,17154,0,0,59,1.0,1.0,1.0,1.0,1.0,1,0.18272189217916454,60
4126,8,20120,2960,17160,0,0,59,1.0,1.0,1.0,1.0,1.0,1,0.10205377734058231,59
4127,0,20120,2960,17160,0,0,59,1.0,1.0,1.0,1.0,1.0,1,0.11072957835095851,60
4128,2,20122,2962,17160,0,0,59,1.0,1.0,1.0,1.0,1.0,1,0.12473222963853851,60
4129,2,20124,2962,17162,0,0,59,1.0,1.0,1.0,1.0,1.0,1,0.13616748486185243,60
4130,6,20130,2967,17163,0,0,59,1.0,1.0,1.0,1.0,1.0,1,0.18496327841307367,61
4131,7,20137,2969,17168,0,0,59,1.0,1.0,1.0,1.0,1.0,1,0.18105613405536314,60
4132,3,20140,2971,17169,0,0,59,1.0,1.0,1.0,1.0,1.0,1,0.18343838828711997,60
4133,5,20145,2972,17173,0,0,59,1.0,1.0,1.0,1.0,1.0,1,0.18791460162171533,62
4134,1,20146,2973,17173,0,0,59,1.0,1.0,1.0,1.0,1.0,1,0.1776227423448101,63
4135,4,20150,2973,17177,0,0,59,1.0,1.0,1.0,1.0,1.0,1,0.16807828085505647,65
4136,3,20153,2973,17180,0,0,59,1.0,1.0,1.0,1.0,1.0,1,0.16731283402387484,65
4137,2,20155,2974,17181,0,0,59,1.0,1.0,1.0,1.0,1.0,1,0.15932296694283393,66
4138,3,20158,2974,17184,0,0,59,1.0,1.0,1.0,1.0,1.0,1,0.15221147973497445,67
4139,5,20163,2975,17188,0,0,59,1.0,1.0,1.0,1.0,1.0,1,0.1606302209837831,67
4140,3,20166,2975,17191,0,0,59,1.0,1.0,1.0,1.0,1.0,1,0.16279759537190344,66
4141,5,20171,2975,17196,0,0,59,1.0,1.0,1.0,1.0,1.0,1,0.16591070616693196,67
4142,2,20173,2975,17198,0,0,59,1.0,1.0,1.0,1.0,1.0,1,0.1661133731010225,67
4143,2,20175,2975,17200,0,0,59,1.0,1.0,1.0,1.0,1.0,1,0.1684848350707262,66
4144,1,20176,2975,17201,0,0,59,1.0,1.0,1.0,1.0,1.0,1,0.19146125065106057,64
4145,5,20181,2978,17203,0,0,59,1.0,1.0,1.0,1.0,1.0,1,0.23324841081112688,63
4146,9,20190,2982,17208,0,0,59,1.0,1.0,1.0,1.0,1.0,1,0.23154741323058817,62
4147,3,20193,2982,17211,0,0,59,1.0,1.0,1.0,1.0,1.0,1,0.2474481809809559,60
4148,9,20202,2983,17219,0,0,59,1.0,1.0,1.0,1.0,1.0,1,0.18746693619620458,62
4149,4,20206,2984,17222,0,0,59,1.0,1.0,1.0,1.0,1.0,1,0.18978595814812704,61
4150,5,20211,2986,17225,0,0,59,1.0,1.0,1.0,1.0,1.0,1,0.18112964587440597,60
4151,7,20218,2987,17231,0,0,59,1.0,1.0,1.0,1.0,1.0,1,0.1454134141363427,60
4152,3,20221,2988,17233,0,0,59,1.0,1.0,1.0,1.0,1.0,1,0.14356951110402566,60
4153,1,20222,2989,17233,0,0,59,1.0,1.0,1.0,1.0,1.0,1,0.14844270996142966,58
4154,2,20224,2989,17235,0,0,59,1.0,1.0,1.0,1.0,1.0,1,0.12971765120574374,57
4155,3,20227,2991,17236,0,0,59,1.0,1.0,1.0,1.0,1.0,1,0.13743442462798963,57
4156,4,20231,2992,17239,0,0,59,1.0,1.0,1.0,1.0,1.0,1,0.13523971628414866,58
4157,0,20231,2992,17239,0,0,59,1.0,1.0,1.0,1.0,1.0,1,0.14761414589832214,57
4158,0,20231,2992,17239,0,0,59,1.0,1.0,1.0,1.0,1.0,1,0.15487689553733144,55
4159,5,20236,2993,17243,0,0,59,1.0,1.0,1.0,1.0,1.0,1,0.13931121065675522,57
4160,4,20240,2994,17246,0,0,59,1.0,1.0,1.0,1.0,1.0,1,0.12926113064971495,58
4161,1,20241,2994,17247,0,0,59,1.0,1.0,1.0,1.0,1.0,1,0.11484399657365807,58
4162,1,20242,2995,17247,0,0,59,1.0,1.0,1.0,1.0,1.0,1,0.12853101450309395,57
4163,0,20242,2995,17247,0,0,59,1.0,1.0,1.0,1.0,1.0,1,0.13930063371768656,58
4164,3,20245,2998,17247,0,0,59,1.0,1.0,1.0,1.0,1.0,1,0.18762528580352006,56
4165,2,20247,2999,17248,0,0,59,1.0,1.0,1.0,1.0,1.0,1,0.19245610553064524,58
4166,3,20250,2999,17251,0,0,59,1.0,1.0,1.0,1.0,1.0,1,0.1806050353812262,57
4167,5,20255,3000,17255,0,0,59,1.0,1.0,1.0,1.0,1.0,1,0.15226208260557816,57
4168,0,20255,3000,17255,0,0,59,1.0,1.0,1.0,1.0,1.0,1,0.15337744078982146,58
4169,3,20258,3001,17257,0,0,59,1.0,1.0,1.0,1.0,1.0,1,0.1704999327141595,58
4170,1,20259,3001,17258,0,0,59,1.0,1.0,1.0,1.0,1.0,1,0.1661138642965221,58
4171,0,20259,3001,17258,0,0,59,1.0,1.0,1.0,1.0,1.0,1,0.18762179122521827,57
4172,0,20259,3001,17258,0,0,59,1.0,1.0,1.0,1.0,1.0,1,0.18762179122521827,57
4173,5,20264,3003,17261,0,0,59,1.0,1.0,1.0,1.0,1.0,1,0.21370458391971978,56
4174,5,20269,3005,17264,0,0,59,1.0,1.0,1.0,1.0,1.0,1,0.20502138324664856,56
4175,2,20271,3005,17266,0,0,59,1.0,1.0,1.0,1.0,1.0,1,0.22065835836876382,55
4176,3,20274,3005,17269,0,0,59,1.0,1.0,1.0,1.0,1.0,1,0.17821647842238902,57
4177,4,20278,3006,17272,0,0,59,1.0,1.0,1.0,1.0,1.0,1,0.16971392469757812,58
4178,7,20285,3009,17276,0,0,59,1.0,1.0,1.0,1.0,1.0,1,0.17368414476369198,60
4179,2,20287,3010,17277,0,0,59,1.0,1.0,1.0,1.0,1.0,1,0.15441914906695914,61
4180,2,20289,3010,17279,0,0,59,1.0,1.0,1.0,1.0,1.0,1,0.13257866232331322,62
4181,2,20291,3010,17281,0,0,59,1.0,1.0,1.0,1.0,1.0,1,0.13521434735144994,63
4182,3,20294,3011,17283,0,0,59,1.0,1.0,1.0,1.0,1.0,1,0.15469694210974244,63
4183,4,20298,3013,17285,0,0,59,1.0,1.0,1.0,1.0,1.0,1,0.10422051596561126,63
4184,4,20302,3015,17287,0,0,59,1.0,1.0,1.0,1.0,1.0,1,0.1179303364150933,63
4185,3,20305,3015,17290,0,0,59,1.0,1.0,1.0,1.0,1.0,1,0.122967596857536,61
4186,6,20311,3018,17293,0,0,59,1.0,1.0,1.0,1.0,1.0,1,0.11343747808755349,62
4187,2,20313,3018,17295,0,0,59,1.0,1.0,1.0,1.0,1.0,1,0.14135981716749638,60
4188,3,20316,3018,17298,0,0,59,1.0,1.0,1.0,1.0,1.0,1,0.14854493807215302,60
4189,4,20320,3019,17301,0,0,59,1.0,1.0,1.0,1.0,1.0,1,0.16135979264223796,60
4190,7,20327,3022,17305,0,0,59,1.0,1.0,1.0,1.0,1.0,1,0.1513654451291425,61
4191,3,20330,3023,17307,0,0,59,1.0,1.0,1.0,1.0,1.0,1,0.14006815070647383,59
4192,2,20332,3024,17308,0,0,59,1.0,1.0,1.0,1.0,1.0,1,0.14538105128888884,58
4193,4,20336,3027,17309,0,0,59,1.0,1.0,1.0,1.0,1.0,1,0.17237645841118207,57
4194,4,20340,3029,17311,0,0,59,1.0,1.0,1.0,1.0,1.0,1,0.19407378756940938,54
4195,2,20342,3029,17313,0,0,59,1.0,1.0,1.0,1.0,1.0,1,0.20411940180326943,55
4196,6,20348,3030,17318,0,0,59,1.0,1.0,1.0,1.0,1.0,1,0.21440916496847595,56
4197,6,20354,3030,17324,0,0,59,1.0,1.0,1.0,1.0,1.0,1,0.21656385847958703,55
4198,8,20362,3031,17331,0,0,59,1.0,1.0,1.0,1.0,1.0,1,0.2702206291531879,56
4199,8,20370,3033,17337,0,0,59,1.0,1.0,1.0,1.0,1.0,1,0.25555318594918985,55
4200,8,20378,3033,17345,0,0,59,1.0,1.0,1.0,1.0,1.0,1,0.24816338381407574,55
4201,12,20390,3033,17357,0,0,59,1.0,1.0,1.0,1.0,1.0,1,0.172746970180823,56
4202,3,20393,3033,17360,0,0,59,1.0,1.0,1.0,1.0,1.0,1,0.17813735189580024,56
4203,3,20396,3033,17363,0,0,59,1.0,1.0,1.0,1.0,1.0,1,0.16895604165316122,57
4204,2,20398,3035,17363,0,0,59,1.0,1.0,1.0,1.0,1.0,1,0.18308233920579042,57
4205,8,20406,3036,17370,0,0,59,1.0,1.0,1.0,1.0,1.0,1,0.14626911248189475,58
4206,6,20412,3038,17374,0,0,59,1.0,1.0,1.0,1.0,1.0,1,0.13226270157362505,58
4207,3,20415,3039,17376,0,0,59,1.0,1.0,1.0,1.0,1.0,1,0.13632065146738187,58
4208,7,20422,3040,17382,0,0,59,1.0,1.0,1.0,1.0,1.0,1,0.15184673706765123,60
4209,9,20431,3042,17389,0,0,59,1.0,1.0,1.0,1.0,1.0,1,0.17188165928555516,61
4210,7,20438,3043,17395,0,0,59,1.0,1.0,1.0,1.0,1.0,1,0.15630498430330797,62
4211,9,20447,3043,17404,0,0,59,1.0,1.0,1.0,1.0,1.0,1,0.15994424640552435,63
4212,9,20456,3043,17413,0,0,59,1.0,1.0,1.0,1.0,1.0,1,0.1359962765055542,64
4213,12,20468,3043,17425,0,0,59,1.0,1.0,1.0,1.0,1.0,1,0.13849045737435578,65
4214,10,20478,3043,17435,0,0,59,1.0,1.0,1.0,1.0,1.0,1,0.12134037637703624,65
4215,14,20492,3043,17449,0,0,59,1.0,1.0,1.0,1.0,1.0,1,0.15124101538610718,65
4216,12,20504,3043,17461,0,0,59,1.0,1.0,1.0,1.0,1.0,1,0.1312302782268782,64
4217,19,20523,3044,17479,0,0,59,1.0,1.0,1.0,1.0,1.0,1,0.14817116865212834,65
4218,14,20537,3044,17493,0,0,59,1.0,1.0,1.0,1.0,1.0,1,0.13712080887285222,65
4219,16,20553,3045,17508,0,0,59,1.0,1.0,1.0,1.0,1.0,1,0.14214783059679997,65
4220,10,20563,3046,17517,0,0,59,1.0,1.0,1.0,1.0,1.0,1,0.207555653711892,65
4221,18,20581,3047,17534,0,0,59,1.0,1.0,1.0,1.0,1.0,1,0.2064051780113161,67
4222,12,20593,3049,17544,0,0,59,1.0,1.0,1.0,1.0,1.0,1,0.21772665253502788,68
4223,12,20605,3051,17554,0,0,59,1.0,1.0,1.0,1.0,1.0,1,0.26678226256574006,68
4224,9,20614,3052,17562,0,0,59,1.0,1.0,1.0,1.0,1.0,1,0.22893921181061166,68
4225,15,20629,3052,17577,0,0,59,1.0,1.0,1.0,1.0,1.0,1,0.241812958341325,66
4226,11,20640,3052,17588,0,0,59,1.0,1.0,1.0,1.0,1.0,1,0.1605926585442938,66
4227,1,20641,3052,17589,0,0,59,1.0,1.0,1.0,1.0,1.0,1,0.15496432102718485,66
4228,4,20645,3052,17593,0,0,59,1.0,1.0,1.0,1.0,1.0,1,0.14879487841663455,65
4229,4,20649,3053,17596,0,0,59,1.0,1.0,1.0,1.0,1.0,1,0.14978633875450717,65
4230,3,20652,3053,17599,0,0,59,1.0,1.0,1.0,1.0,1.0,1,0.15315416427570516,64
4231,4,20656,3054,17602,0,0,59,1.0,1.0,1.0,1.0,1.0,1,0.13755913463038233,64
4232,3,20659,3055,17604,0,0,59,1.0,1.0,1.0,1.0,1.0,1,0.14315753490749844,65
4233,5,20664,3055,17609,0,0,59,1.0,1.0,1.0,1.0,1.0,1,0.15138557819104886,64
4234,6,20670,3055,17615,0,0,59,1.0,1.0,1.0,1.0,1.0,1,0.1481943451684534,63
4235,4,20674,3055,17619,0,0,59,1.0,1.0,1.0,1.0,1.0,1,0.14069959873730192,63
4236,3,20677,3055,17622,0,0,59,1.0,1.0,1.0,1.0,1.0,1,0.150397794943942,63
4237,5,20682,3055,17627,0,0,59,1.0,1.0,1.0,1.0,1.0,1,0.12602063671217978,65
4238,3,20685,3055,17630,0,0,59,1.0,1.0,1.0,1.0,1.0,1,0.1041977133454327,65
4239,5,20690,3055,17635,0,0,59,1.0,1.0,1.0,1.0,1.0,1,0.12343425329855541,65
4240,5,20695,3056,17639,0,0,59,1.0,1.0,1.0,1.0,1.0,1,0.10163617847450765,66
4241,2,20697,3056,17641,0,0,59,1.0,1.0,1.0,1.0,1.0,1,0.13668024427419098,66
4242,6,20703,3057,17646,0,0,59,1.0,1.0,1.0,1.0,1.0,1,0.12169370218677945,69
4243,3,20706,3057,17649,0,0,59,1.0,1.0,1.0,1.0,1.0,1,0.09155263958663577,71
4244,5,20711,3057,17654,0,0,59,1.0,1.0,1.0,1.0,1.0,1,0.08937253309702621,71
4245,4,20715,3057,17658,0,0,59,1.0,1.0,1.0,1.0,1.0,1,0.11566923027908091,73
4246,5,20720,3057,17663,0,0,59,1.0,1.0,1.0,1.0,1.0,1,0.10394487285476871,74
4247,6,20726,3057,17669,0,0,59,1.0,1.0,1.0,1.0,1.0,1,0.10394487285476871,74
4248,6,20732,3057,17675,0,0,59,1.0,1.0,1.0,1.0,1.0,1,0.10394487285476871,74
4249,4,20736,3057,17679,0,0,59,1.0,1.0,1.0,1.0,1.0,1,0.10514846623313565,74
4250,1,20737,3057,17680,0,0,59,1.0,1.0,1.0,1.0,1.0,1,0.08617470998077822,74
4251,3,20740,3057,17683,0,0,59,1.0,1.0,1.0,1.0,1.0,1,0.05880564164164826,75
4252,6,20746,3060,17686,0,0,59,1.0,1.0,1.0,1.0,1.0,1,0.130711093212242,75
4253,6,20752,3061,17691,0,0,59,1.0,1.0,1.0,1.0,1.0,1,0.12857725343645507,76
4254,2,20754,3062,17692,0,0,59,1.0,1.0,1.0,1.0,1.0,1,0.15406554983006301,75
4255,10,20764,3064,17700,0,0,59,1.0,1.0,1.0,1.0,1.0,1,0.17978051946398843,76
4256,9,20773,3064,17709,0,0,59,1.0,1.0,1.0,1.0,1.0,1,0.13736862272251252,78
4257,10,20783,3067,17716,0,0,59,1.0,1.0,1.0,1.0,1.0,1,0.15282123028714098,78
4258,5,20788,3067,17721,0,0,59,1.0,1.0,1.0,1.0,1.0,1,0.1852412783270515,77
4259,9,20797,3068,17729,0,0,59,1.0,1.0,1.0,1.0,1.0,1,0.15685418372800133,78
4260,5,20802,3068,17734,0,0,59,1.0,1.0,1.0,1.0,1.0,1,0.15367936866840007,77
4261,8,20810,3070,17740,0,0,59,1.0,1.0,1.0,1.0,1.0,1,0.14611026916658468,76
4262,4,20814,3070,17744,0,0,59,1.0,1.0,1.0,1.0,1.0,1,0.16044906761387706,75
4263,5,20819,3071,17748,0,0,59,1.0,1.0,1.0,1.0,1.0,1,0.16237185043282826,74
4264,11,20830,3071,17759,0,0,59,1.0,1.0,1.0,1.0,1.0,1,0.20117091475162274,74
4265,11,20841,3074,17767,0,0,59,1.0,1.0,1.0,1.0,1.0,1,0.19735063533101088,73
4266,8,20849,3075,17774,0,0,59,1.0,1.0,1.0,1.0,1.0,1,0.226867076242251,71
4267,7,20856,3077,17779,0,0,59,1.0,1.0,1.0,1.0,1.0,1,0.21154050051949266,69
4268,3,20859,3078,17781,0,0,59,1.0,1.0,1.0,1.0,1.0,1,0.23317647380115952,67
4269,5,20864,3079,17785,0,0,59,1.0,1.0,1.0,1.0,1.0,1,0.21846433230584186,64
4270,1,20865,3079,17786,0,0,59,1.0,1.0,1.0,1.0,1.0,1,0.19694533510591458,63
4271,3,20868,3080,17788,0,0,59,1.0,1.0,1.0,1.0,1.0,1,0.20181063000875749,63
4272,1,20869,3081,17788,0,0,59,1.0,1.0,1.0,1.0,1.0,1,0.20905532033515395,62
4273,4,20873,3083,17790,0,0,59,1.0,1.0,1.0,1.0,1.0,1,0.21115722174284046,62
4274,0,20873,3083,17790,0,0,59,1.0,1.0,1.0,1.0,1.0,1,0.22209747684996187,62
4275,1,20874,3084,17790,0,0,59,1.0,1.0,1.0,1.0,1.0,1,0.22234351945781985,61
4276,11,20885,3084,17801,0,0,59,1.0,1.0,1.0,1.0,1.0,1,0.13579776072273797,62
4277,4,20889,3085,17804,0,0,59,1.0,1.0,1.0,1.0,1.0,1,0.14256921168780523,63
4278,4,20893,3086,17807,0,0,59,1.0,1.0,1.0,1.0,1.0,1,0.1194027850394433,64
4279,8,20901,3087,17814,0,0,59,1.0,1.0,1.0,1.0,1.0,1,0.12340254769330944,65
4280,3,20904,3087,17817,0,0,59,1.0,1.0,1.0,1.0,1.0,1,0.1457645132908515,65
4281,3,20907,3088,17819,0,0,59,1.0,1.0,1.0,1.0,1.0,1,0.1447081999556562,65
4282,6,20913,3090,17823,0,0,59,1.0,1.0,1.0,1.0,1.0,1,0.17576742576682017,66
4283,5,20918,3090,17828,0,0,59,1.0,1.0,1.0,1.0,1.0,1,0.16522886279119756,66
4284,4,20922,3091,17831,0,0,59,1.0,1.0,1.0,1.0,1.0,1,0.1725761862395834,66
4285,4,20926,3091,17835,0,0,59,1.0,1.0,1.0,1.0,1.0,1,0.18293279062835915,67
4286,5,20931,3092,17839,0,0,59,1.0,1.0,1.0,1.0,1.0,1,0.2179263345764914,67
4287,5,20936,3092,17844,0,0,59,1.0,1.0,1.0,1.0,1.0,1,0.19857257893051883,67
4288,3,20939,3094,17845,0,0,59,1.0,1.0,1.0,1.0,1.0,1,0.18015437868015652,68
4289,6,20945,3095,17850,0,0,59,1.0,1.0,1.0,1.0,1.0,1,0.18916017996624665,68
4290,9,20954,3096,17858,0,0,59,1.0,1.0,1.0,1.0,1.0,1,0.17770797381940318,70
4291,6,20960,3096,17864,0,0,59,1.0,1.0,1.0,1.0,1.0,1,0.1812478444135091,71
4292,5,20965,3096,17869,0,0,59,1.0,1.0,1.0,1.0,1.0,1,0.18486900475997164,71
4293,5,20970,3096,17874,0,0,59,1.0,1.0,1.0,1.0,1.0,1,0.1662234518122515,71
4294,10,20980,3099,17881,0,0,59,1.0,1.0,1.0,1.0,1.0,1,0.19094284691390695,71
4295,10,20990,3099,17891,0,0,59,1.0,1.0,1.0,1.0,1.0,1,0.19571941884225097,72
4296,14,21004,3099,17905,0,0,59,1.0,1.0,1.0,1.0,1.0,1,0.23143701245328085,73
4297,7,21011,3099,17912,0,0,59,1.0,1.0,1.0,1.0,1.0,1,0.22382546989758262,73
4298,9,21020,3100,17920,0,0,59,1.0,1.0,1.0,1.0,1.0,1,0.23198328689200015,74
4299,15,21035,3100,17935,0,0,59,1.0,1.0,1.0,1.0,1.0,1,0.22416212030152335,75
4300,12,21047,3101,17946,0,0,59,1.0,1.0,1.0,1.0,1.0,1,0.21466819048429717,75
4301,10,21057,3101,17956,0,0,59,1.0,1.0,1.0,1.0,1.0,1,0.156898610561691,76
4302,1,21058,3101,17957,0,0,59,1.0,1.0,1.0,1.0,1.0,1,0.14990246088063966,76
4303,2,21060,3101,17959,0,0,59,1.0,1.0,1.0,1.0,1.0,1,0.12781229418964496,75
4304,2,21062,3103,17959,0,0,59,1.0,1.0,1.0,1.0,1.0,1,0.13703952703139718,75
4305,1,21063,3104,17959,0,0,59,1.0,1.0,1.0,1.0,1.0,1,0.14764815627591135,73
4306,4,21067,3105,17962,0,0,59,1.0,1.0,1.0,1.0,1.0,1,0.13610756381323996,74
4307,4,21071,3107,17964,0,0,59,1.0,1.0,1.0,1.0,1.0,1,0.15604652679023623,73
4308,3,21074,3108,17966,0,0,59,1.0,1.0,1.0,1.0,1.0,1,0.13947213538355158,71
4309,2,21076,3108,17968,0,0,59,1.0,1.0,1.0,1.0,1.0,1,0.13171890429645863,70
4310,6,21082,3109,17973,0,0,59,1.0,1.0,1.0,1.0,1.0,1,0.1590595210120089,69
4311,9,21091,3111,17980,0,0,59,1.0,1.0,1.0,1.0,1.0,1,0.16632677211033092,69
4312,5,21096,3113,17983,0,0,59,1.0,1.0,1.0,1.0,1.0,1,0.1521700478389636,66
4313,3,21099,3114,17985,0,0,59,1.0,1.0,1.0,1.0,1.0,1,0.16831031999379029,64
4314,1,21100,3115,17985,0,0,59,1.0,1.0,1.0,1.0,1.0,1,0.22332738220422746,61
4315,3,21103,3117,17986,0,0,59,1.0,1.0,1.0,1.0,1.0,1,0.1959934739371186,61
4316,1,21104,3118,17986,0,0,59,1.0,1.0,1.0,1.0,1.0,1,0.1939343522930883,60
4317,2,21106,3119,17987,0,0,59,1.0,1.0,1.0,1.0,1.0,1,0.18003627915168757,62
4318,2,21108,3120,17988,0,0,59,1.0,1.0,1.0,1.0,1.0,1,0.18232447096722254,59
4319,2,21110,3122,17988,0,0,59,1.0,1.0,1.0,1.0,1.0,1,0.20681622924684198,60
4320,1,21111,3122,17989,0,0,59,1.0,1.0,1.0,1.0,1.0,1,0.1966190371971386,60
4321,4,21115,3125,17990,0,0,59,1.0,1.0,1.0,1.0,1.0,1,0.24895652628986803,61
4322,3,21118,3126,17992,0,0,59,1.0,1.0,1.0,1.0,1.0,1,0.2213850538744824,61
4323,4,21122,3127,17995,0,0,59,1.0,1.0,1.0,1.0,1.0,1,0.24081144856388595,61
4324,1,21123,3127,17996,0,0,59,1.0,1.0,1.0,1.0,1.0,1,0.2177426948503883,60
4325,4,21127,3129,17998,0,0,59,1.0,1.0,1.0,1.0,1.0,1,0.26105602765842384,60
4326,16,21143,3129,18014,0,0,59,1.0,1.0,1.0,1.0,1.0,1,0.16166496685779558,61
4327,4,21147,3129,18018,0,0,59,1.0,1.0,1.0,1.0,1.0,1,0.1656489475763974,62
4328,5,21152,3129,18023,0,0,59,1.0,1.0,1.0,1.0,1.0,1,0.13139017007230355,62
4329,7,21159,3129,18030,0,0,59,1.0,1.0,1.0,1.0,1.0,1,0.11965839435279157,65
4330,7,21166,3129,18037,0,0,59,1.0,1.0,1.0,1.0,1.0,1,0.14927579526755194,65
4331,6,21172,3129,18043,0,0,59,1.0,1.0,1.0,1.0,1.0,1,0.14898591604596736,65
4332,8,21180,3130,18050,0,0,59,1.0,1.0,1.0,1.0,1.0,1,0.11358088525115921,66
4333,6,21186,3130,18056,0,0,59,1.0,1.0,1.0,1.0,1.0,1,0.13848200104912425,66
4334,8,21194,3131,18063,0,0,59,1.0,1.0,1.0,1.0,1.0,1,0.12860456499788817,66
4335,4,21198,3131,18067,0,0,59,1.0,1.0,1.0,1.0,1.0,1,0.16781870321558812,65
4336,4,21202,3132,18070,0,0,59,1.0,1.0,1.0,1.0,1.0,1,0.16132853362122315,67
4337,15,21217,3133,18084,0,0,59,1.0,1.0,1.0,1.0,1.0,1,0.15495943768776302,69
4338,7,21224,3133,18091,0,0,59,1.0,1.0,1.0,1.0,1.0,1,0.18827945273989394,70
4339,10,21234,3133,18101,0,0,59,1.0,1.0,1.0,1.0,1.0,1,0.18672023403665247,70
4340,11,21245,3133,18112,0,0,59,1.0,1.0,1.0,1.0,1.0,1,0.211593267949916,71
4341,14,21259,3133,18126,0,0,59,1.0,1.0,1.0,1.0,1.0,1,0.22639820062638538,70
4342,12,21271,3133,18138,0,0,59,1.0,1.0,1.0,1.0,1.0,1,0.23165950515243092,71
4343,12,21283,3133,18150,0,0,59,1.0,1.0,1.0,1.0,1.0,1,0.25056180708163345,67
4344,12,21295,3137,18158,0,0,59,1.0,1.0,1.0,1.0,1.0,1,0.2603554281756691,67
4345,18,21313,3142,18171,0,0,59,1.0,1.0,1.0,1.0,1.0,1,0.2715850948501442,64
4346,16,21329,3147,18182,0,0,59,1.0,1.0,1.0,1.0,1.0,1,0.25974340262845436,64
4347,14,21343,3152,18191,0,0,59,1.0,1.0,1.0,1.0,1.0,1,0.3081563161745413,62
4348,19,21362,3155,18207,0,0,59,1.0,1.0,1.0,1.0,1.0,1,0.3180609709238091,62
4349,7,21369,3155,18214,0,0,59,1.0,1.0,1.0,1.0,1.0,1,0.3328870231636999,61
4350,16,21385,3157,18228,0,0,59,1.0,1.0,1.0,1.0,1.0,1,0.3309087622539444,60
4351,11,21396,3159,18237,0,0,59,1.0,1.0,1.0,1.0,1.0,1,0.21288598223544494,60
4352,2,21398,3159,18239,0,0,59,1.0,1.0,1.0,1.0,1.0,1,0.24496425197670446,57
4353,2,21400,3159,18241,0,0,59,1.0,1.0,1.0,1.0,1.0,1,0.2588196905409808,55
4354,6,21406,3161,18245,0,0,59,1.0,1.0,1.0,1.0,1.0,1,0.2573101362472119,55
4355,2,21408,3161,18247,0,0,59,1.0,1.0,1.0,1.0,1.0,1,0.2488256439303899,53
4356,2,21410,3161,18249,0,0,59,1.0,1.0,1.0,1.0,1.0,1,0.22457961720166963,55
4357,1,21411,3162,18249,0,0,59,1.0,1.0,1.0,1.0,1.0,1,0.2203992295166176,55
4358,2,21413,3163,18250,0,0,59,1.0,1.0,1.0,1.0,1.0,1,0.21780381127187987,55
4359,2,21415,3164,18251,0,0,59,1.0,1.0,1.0,1.0,1.0,1,0.252884592174859,54
4360,1,21416,3164,18252,0,0,59,1.0,1.0,1.0,1.0,1.0,1,0.240511778315659,55
4361,3,21419,3165,18254,0,0,59,1.0,1.0,1.0,1.0,1.0,1,0.23095907615445974,54
4362,2,21421,3165,18256,0,0,59,1.0,1.0,1.0,1.0,1.0,1,0.2198300023617478,55
4363,3,21424,3167,18257,0,0,59,1.0,1.0,1.0,1.0,1.0,1,0.227623789689096,55
4364,1,21425,3167,18258,0,0,59,1.0,1.0,1.0,1.0,1.0,1,0.22016077503646594,55
4365,1,21426,3167,18259,0,0,59,1.0,1.0,1.0,1.0,1.0,1,0.240607540005167,54
4366,6,21432,3169,18263,0,0,59,1.0,1.0,1.0,1.0,1.0,1,0.2505548535888944,54
4367,5,21437,3169,18268,0,0,59,1.0,1.0,1.0,1.0,1.0,1,0.21767332297188924,57
4368,6,21443,3169,18274,0,0,59,1.0,1.0,1.0,1.0,1.0,1,0.19004938497455456,57
4369,1,21444,3169,18275,0,0,59,1.0,1.0,1.0,1.0,1.0,1,0.1735163319237023,58
4370,2,21446,3169,18277,0,0,59,1.0,1.0,1.0,1.0,1.0,1,0.18586859392444055,59
4371,3,21449,3169,18280,0,0,59,1.0,1.0,1.0,1.0,1.0,1,0.19512737742630543,60
4372,5,21454,3171,18283,0,0,59,1.0,1.0,1.0,1.0,1.0,1,0.2002263033063794,60
4373,0,21454,3171,18283,0,0,59,1.0,1.0,1.0,1.0,1.0,1,0.2002263033063794,60
4374,1,21455,3172,18283,0,0,59,1.0,1.0,1.0,1.0,1.0,1,0.2443972429114916,59
4375,2,21457,3172,18285,0,0,59,1.0,1.0,1.0,1.0,1.0,1,0.23582058860554667,60
4376,10,21467,3172,18295,0,0,59,1.0,1.0,1.0,1.0,1.0,1,0.1727866193007302,60
4377,6,21473,3175,18298,0,0,59,1.0,1.0,1.0,1.0,1.0,1,0.21856916289497355,61
4378,11,21484,3175,18309,0,0,59,1.0,1.0,1.0,1.0,1.0,1,0.19126990118301185,64
4379,13,21497,3175,18322,0,0,59,1.0,1.0,1.0,1.0,1.0,1,0.20412762535727016,64
4380,5,21502,3175,18327,0,0,59,1.0,1.0,1.0,1.0,1.0,1,0.17675791343158992,65
4381,6,21508,3175,18333,0,0,59,1.0,1.0,1.0,1.0,1.0,1,0.21071200182496969,64
4382,10,21518,3175,18343,0,0,59,1.0,1.0,1.0,1.0,1.0,1,0.20943071054454837,64
4383,9,21527,3177,18350,0,0,59,1.0,1.0,1.0,1.0,1.0,1,0.2290098867120441,64
4384,14,21541,3178,18363,0,0,59,1.0,1.0,1.0,1.0,1.0,1,0.2583335054805804,60
4385,9,21550,3179,18371,0,0,59,1.0,1.0,1.0,1.0,1.0,1,0.2500142170691358,58
4386,7,21557,3181,18376,0,0,59,1.0,1.0,1.0,1.0,1.0,1,0.2537364532617284,58
4387,7,21564,3182,18382,0,0,59,1.0,1.0,1.0,1.0,1.0,1,0.23189379959867418,55
4388,4,21568,3182,18386,0,0,59,1.0,1.0,1.0,1.0,1.0,1,0.23746429027377852,56
4389,6,21574,3182,18392,0,0,59,1.0,1.0,1.0,1.0,1.0,1,0.2660592114080898,55
4390,6,21580,3182,18398,0,0,59,1.0,1.0,1.0,1.0,1.0,1,0.2534802325145697,55
4391,4,21584,3183,18401,0,0,59,1.0,1.0,1.0,1.0,1.0,1,0.2550890970440474,56
4392,3,21587,3184,18403,0,0,59,1.0,1.0,1.0,1.0,1.0,1,0.22264583435371207,56
4393,2,21589,3185,18404,0,0,59,1.0,1.0,1.0,1.0,1.0,1,0.2662901770639171,55
4394,2,21591,3186,18405,0,0,59,1.0,1.0,1.0,1.0,1.0,1,0.27717628963067514,53
4395,4,21595,3187,18408,0,0,59,1.0,1.0,1.0,1.0,1.0,1,0.3043418542216353,53
4396,3,21598,3188,18410,0,0,59,1.0,1.0,1.0,1.0,1.0,1,0.279805078190027,53
4397,4,21602,3189,18413,0,0,59,1.0,1.0,1.0,1.0,1.0,1,0.33348376173826944,50
4398,4,21606,3190,18416,0,0,59,1.0,1.0,1.0,1.0,1.0,1,0.3318883193820178,50
4399,3,21609,3190,18419,0,0,59,1.0,1.0,1.0,1.0,1.0,1,0.3499421281045244,52
4400,5,21614,3190,18424,0,0,59,1.0,1.0,1.0,1.0,1.0,1,0.3146019070953261,55
4401,10,21624,3190,18434,0,0,59,1.0,1.0,1.0,1.0,1.0,1,0.18060030812261,56
4402,0,21624,3190,18434,0,0,59,1.0,1.0,1.0,1.0,1.0,1,0.18060030812261,56
4403,4,21628,3191,18437,0,0,59,1.0,1.0,1.0,1.0,1.0,1,0.1770959612422564,57
4404,4,21632,3192,18440,0,0,59,1.0,1.0,1.0,1.0,1.0,1,0.15293380404667395,57
4405,4,21636,3192,18444,0,0,59,1.0,1.0,1.0,1.0,1.0,1,0.14557915046994616,58
4406,2,21638,3192,18446,0,0,59,1.0,1.0,1.0,1.0,1.0,1,0.15020146140884535,58
4407,2,21640,3192,18448,0,0,59,1.0,1.0,1.0,1.0,1.0,1,0.15020146140884535,58
4408,2,21642,3192,18450,0,0,59,1.0,1.0,1.0,1.0,1.0,1,0.14816764117493633,59
4409,0,21642,3192,18450,0,0,59,1.0,1.0,1.0,1.0,1.0,1,0.14816764117493633,59
4410,0,21642,3192,18450,0,0,59,1.0,1.0,1.0,1.0,1.0,1,0.14816764117493633,59
4411,2,21644,3192,18452,0,0,59,1.0,1.0,1.0,1.0,1.0,1,0.11290557485169803,62
4412,4,21648,3192,18456,0,0,59,1.0,1.0,1.0,1.0,1.0,1,0.11112231112142656,63
4413,5,21653,3192,18461,0,0,59,1.0,1.0,1.0,1.0,1.0,1,0.1115143413431117,63
4414,4,21657,3192,18465,0,0,59,1.0,1.0,1.0,1.0,1.0,1,0.12620559621536617,64
4415,8,21665,3193,18472,0,0,59,1.0,1.0,1.0,1.0,1.0,1,0.1699653455051652,64
4416,7,21672,3193,18479,0,0,59,1.0,1.0,1.0,1.0,1.0,1,0.10981331521734312,64
4417,9,21681,3195,18486,0,0,59,1.0,1.0,1.0,1.0,1.0,1,0.15563234732657727,65
4418,10,21691,3196,18495,0,0,59,1.0,1.0,1.0,1.0,1.0,1,0.13967208201043765,65
4419,9,21700,3196,18504,0,0,59,1.0,1.0,1.0,1.0,1.0,1,0.17935572355596893,62
4420,8,21708,3196,18512,0,0,59,1.0,1.0,1.0,1.0,1.0,1,0.1776023697617709,62
4421,10,21718,3196,18522,0,0,59,1.0,1.0,1.0,1.0,1.0,1,0.16800556734681882,65
4422,12,21730,3197,18533,0,0,59,1.0,1.0,1.0,1.0,1.0,1,0.18479145476001627,64
4423,7,21737,3197,18540,0,0,59,1.0,1.0,1.0,1.0,1.0,1,0.1678452966403883,63
4424,8,21745,3197,18548,0,0,59,1.0,1.0,1.0,1.0,1.0,1,0.176532114114678,63
4425,15,21760,3198,18562,0,0,59,1.0,1.0,1.0,1.0,1.0,1,0.16507832598966948,63
4426,7,21767,3198,18569,0,0,59,1.0,1.0,1.0,1.0,1.0,1,0.08911926550877886,63
4427,1,21768,3198,18570,0,0,59,1.0,1.0,1.0,1.0,1.0,1,0.10219487709607847,62
4428,2,21770,3198,18572,0,0,59,1.0,1.0,1.0,1.0,1.0,1,0.11341878600327804,61
4429,4,21774,3199,18575,0,0,59,1.0,1.0,1.0,1.0,1.0,1,0.08031369997840553,62
4430,1,21775,3200,18575,0,0,59,1.0,1.0,1.0,1.0,1.0,1,0.0969666904443886,60
4431,3,21778,3203,18575,0,0,59,1.0,1.0,1.0,1.0,1.0,1,0.1466176421932528,59
4432,5,21783,3204,18579,0,0,59,1.0,1.0,1.0,1.0,1.0,1,0.12743331133569047,60
4433,3,21786,3205,18581,0,0,59,1.0,1.0,1.0,1.0,1.0,1,0.1404931390423514,61
4434,3,21789,3206,18583,0,0,59,1.0,1.0,1.0,1.0,1.0,1,0.15001675462013028,61
4435,0,21789,3206,18583,0,0,59,1.0,1.0,1.0,1.0,1.0,1,0.15001675462013028,61
4436,0,21789,3206,18583,0,0,59,1.0,1.0,1.0,1.0,1.0,1,0.15001675462013028,61
4437,3,21792,3209,18583,0,0,59,1.0,1.0,1.0,1.0,1.0,1,0.18168931544194386,61
4438,1,21793,3209,18584,0,0,59,1.0,1.0,1.0,1.0,1.0,1,0.16791430711792193,62
4439,3,21796,3209,18587,0,0,59,1.0,1.0,1.0,1.0,1.0,1,0.17638484478827382,63
4440,6,21802,3211,18591,0,0,59,1.0,1.0,1.0,1.0,1.0,1,0.14987473153165617,64
4441,3,21805,3211,18594,0,0,59,1.0,1.0,1.0,1.0,1.0,1,0.14704405684341965,64
4442,6,21811,3213,18598,0,0,59,1.0,1.0,1.0,1.0,1.0,1,0.1744812087934783,67
4443,5,21816,3214,18602,0,0,59,1.0,1.0,1.0,1.0,1.0,1,0.1795468433789435,68
4444,14,21830,3216,18614,0,0,59,1.0,1.0,1.0,1.0,1.0,1,0.20714728586529885,69
4445,15,21845,3218,18627,0,0,59,1.0,1.0,1.0,1.0,1.0,1,0.2238442062467416,71
4446,6,21851,3218,18633,0,0,59,1.0,1.0,1.0,1.0,1.0,1,0.17648722417994953,71
4447,12,21863,3219,18644,0,0,59,1.0,1.0,1.0,1.0,1.0,1,0.19847576433553019,72
4448,10,21873,3219,18654,0,0,59,1.0,1.0,1.0,1.0,1.0,1,0.2222975432893213,71
4449,9,21882,3219,18663,0,0,59,1.0,1.0,1.0,1.0,1.0,1,0.20181818200458415,70
4450,7,21889,3219,18670,0,0,59,1.0,1.0,1.0,1.0,1.0,1,0.17273225660822034,69
4451,7,21896,3219,18677,0,0,59,1.0,1.0,1.0,1.0,1.0,1,0.10395208214237815,69
4452,4,21900,3219,18681,0,0,59,1.0,1.0,1.0,1.0,1.0,1,0.1008259315081977,70
4453,6,21906,3219,18687,0,0,59,1.0,1.0,1.0,1.0,1.0,1,0.07862016406618817,70
4454,6,21912,3222,18690,0,0,59,1.0,1.0,1.0,1.0,1.0,1,0.10108280409588921,71
4455,6,21918,3223,18695,0,0,59,1.0,1.0,1.0,1.0,1.0,1,0.0664536319553065,71
4456,4,21922,3224,18698,0,0,59,1.0,1.0,1.0,1.0,1.0,1,0.10346248080361015,71
4457,6,21928,3226,18702,0,0,59,1.0,1.0,1.0,1.0,1.0,1,0.1087854072978507,69
4458,6,21934,3228,18706,0,0,59,1.0,1.0,1.0,1.0,1.0,1,0.11110941469886983,70
4459,3,21937,3229,18708,0,0,59,1.0,1.0,1.0,1.0,1.0,1,0.13229038138692226,68
4460,2,21939,3229,18710,0,0,59,1.0,1.0,1.0,1.0,1.0,1,0.15108233585540826,68
4461,2,21941,3229,18712,0,0,59,1.0,1.0,1.0,1.0,1.0,1,0.14722405971672575,67
4462,3,21944,3230,18714,0,0,59,1.0,1.0,1.0,1.0,1.0,1,0.15777423525321507,66
4463,7,21951,3234,18717,0,0,59,1.0,1.0,1.0,1.0,1.0,1,0.1351127066841993,65
4464,1,21952,3235,18717,0,0,59,1.0,1.0,1.0,1.0,1.0,1,0.15772283283068952,62
4465,1,21953,3236,18717,0,0,59,1.0,1.0,1.0,1.0,1.0,1,0.16828145279958068,61
4466,2,21955,3237,18718,0,0,59,1.0,1.0,1.0,1.0,1.0,1,0.19509056681219378,60
4467,3,21958,3239,18719,0,0,59,1.0,1.0,1.0,1.0,1.0,1,0.1959679369416138,58
4468,4,21962,3241,18721,0,0,59,1.0,1.0,1.0,1.0,1.0,1,0.21741825501348194,57
4469,6,21968,3245,18723,0,0,59,1.0,1.0,1.0,1.0,1.0,1,0.20400829155535039,56
4470,6,21974,3247,18727,0,0,59,1.0,1.0,1.0,1.0,1.0,1,0.19775600572300436,55
4471,4,21978,3250,18728,0,0,59,1.0,1.0,1.0,1.0,1.0,1,0.21721898862744268,55
4472,5,21983,3253,18730,0,0,59,1.0,1.0,1.0,1.0,1.0,1,0.24243662653609171,55
4473,8,21991,3257,18734,0,0,59,1.0,1.0,1.0,1.0,1.0,1,0.2532578342365589,55
4474,3,21994,3258,18736,0,0,59,1.0,1.0,1.0,1.0,1.0,1,0.27177305411256564,55
4475,5,21999,3260,18739,0,0,59,1.0,1.0,1.0,1.0,1.0,1,0.23985536679479935,56
4476,12,22011,3260,18751,0,0,59,1.0,1.0,1.0,1.0,1.0,1,0.133203168985153,56
4477,7,22018,3261,18757,0,0,59,1.0,1.0,1.0,1.0,1.0,1,0.1555434739024695,57
4478,3,22021,3261,18760,0,0,59,1.0,1.0,1.0,1.0,1.0,1,0.16383474698944817,55
4479,6,22027,3263,18764,0,0,59,1.0,1.0,1.0,1.0,1.0,1,0.16033030640858778,55
4480,7,22034,3263,18771,0,0,59,1.0,1.0,1.0,1.0,1.0,1,0.18276708233592434,54
4481,4,22038,3263,18775,0,0,59,1.0,1.0,1.0,1.0,1.0,1,0.2136264964690464,53
4482,10,22048,3266,18782,0,0,59,1.0,1.0,1.0,1.0,1.0,1,0.22569343890987353,54
4483,6,22054,3266,18788,0,0,59,1.0,1.0,1.0,1.0,1.0,1,0.20421236283335426,55
4484,8,22062,3266,18796,0,0,59,1.0,1.0,1.0,1.0,1.0,1,0.15767951317564477,57
4485,13,22075,3268,18807,0,0,59,1.0,1.0,1.0,1.0,1.0,1,0.12484330797494234,60
4486,5,22080,3268,18812,0,0,59,1.0,1.0,1.0,1.0,1.0,1,0.1960496194100093,60
4487,10,22090,3268,18822,0,0,59,1.0,1.0,1.0,1.0,1.0,1,0.1960496194100093,60
4488,5,22095,3268,18827,0,0,59,1.0,1.0,1.0,1.0,1.0,1,0.12484330797494234,60
4489,6,22101,3268,18833,0,0,59,1.0,1.0,1.0,1.0,1.0,1,0.1315790510544454,60
4490,6,22107,3268,18839,0,0,59,1.0,1.0,1.0,1.0,1.0,1,0.16833798175897025,60
4491,9,22116,3268,18848,0,0,59,1.0,1.0,1.0,1.0,1.0,1,0.18475810367364295,61
4492,10,22126,3268,18858,0,0,59,1.0,1.0,1.0,1.0,1.0,1,0.18475810367364295,61
4493,9,22135,3270,18865,0,0,59,1.0,1.0,1.0,1.0,1.0,1,0.16775846906308767,60
4494,7,22142,3271,18871,0,0,59,1.0,1.0,1.0,1.0,1.0,1,0.2349771765285536,61
4495,8,22150,3271,18879,0,0,59,1.0,1.0,1.0,1.0,1.0,1,0.18916767996979664,59
4496,18,22168,3271,18897,0,0,59,1.0,1.0,1.0,1.0,1.0,1,0.20366988174673373,60
4497,10,22178,3271,18907,0,0,59,1.0,1.0,1.0,1.0,1.0,1,0.23673879258753072,59
4498,12,22190,3272,18918,0,0,59,1.0,1.0,1.0,1.0,1.0,1,0.22910516219694735,57
4499,10,22200,3274,18926,0,0,59,1.0,1.0,1.0,1.0,1.0,1,0.2751114446573733,58
4500,7,22207,3275,18932,0,0,59,1.0,1.0,1.0,1.0,1.0,1,0.2694109213715905,56
4501,13,22220,3278,18942,0,0,59,1.0,1.0,1.0,1.0,1.0,1,0.19336977072773082,57
4502,7,22227,3281,18946,0,0,59,1.0,1.0,1.0,1.0,1.0,1,0.21134302095717428,56
4503,4,22231,3282,18949,0,0,59,1.0,1.0,1.0,1.0,1.0,1,0.22355358413077037,54
4504,2,22233,3282,18951,0,0,59,1.0,1.0,1.0,1.0,1.0,1,0.19752409426297832,54
4505,3,22236,3284,18952,0,0,59,1.0,1.0,1.0,1.0,1.0,1,0.23286236120464052,51
4506,4,22240,3284,18956,0,0,59,1.0,1.0,1.0,1.0,1.0,1,0.215990294440751,49
4507,5,22245,3287,18958,0,0,59,1.0,1.0,1.0,1.0,1.0,1,0.2204213604471433,48
4508,0,22245,3287,18958,0,0,59,1.0,1.0,1.0,1.0,1.0,1,0.23734857919257676,48
4509,5,22250,3290,18960,0,0,59,1.0,1.0,1.0,1.0,1.0,1,0.21568428821036686,46
4510,1,22251,3290,18961,0,0,59,1.0,1.0,1.0,1.0,1.0,1,0.24623543440443157,44
4511,2,22253,3290,18963,0,0,59,1.0,1.0,1.0,1.0,1.0,1,0.26254624419181755,45
4512,2,22255,3290,18965,0,0,59,1.0,1.0,1.0,1.0,1.0,1,0.24632015002832208,46
4513,3,22258,3291,18967,0,0,59,1.0,1.0,1.0,1.0,1.0,1,0.25819829717327514,45
4514,0,22258,3291,18967,0,0,59,1.0,1.0,1.0,1.0,1.0,1,0.24091341048180231,46
4515,2,22260,3291,18969,0,0,59,1.0,1.0,1.0,1.0,1.0,1,0.20327904759594617,48
4516,0,22260,3291,18969,0,0,59,1.0,1.0,1.0,1.0,1.0,1,0.19360603913159288,49
4517,0,22260,3291,18969,0,0,59,1.0,1.0,1.0,1.0,1.0,1,0.19731885898345655,50
4518,1,22261,3292,18969,0,0,59,1.0,1.0,1.0,1.0,1.0,1,0.19772631448389216,50
4519,4,22265,3294,18971,0,0,59,1.0,1.0,1.0,1.0,1.0,1,0.25015004852917905,49
4520,3,22268,3294,18974,0,0,59,1.0,1.0,1.0,1.0,1.0,1,0.23420191528375758,50
4521,4,22272,3295,18977,0,0,59,1.0,1.0,1.0,1.0,1.0,1,0.2483796093790743,50
4522,3,22275,3295,18980,0,0,59,1.0,1.0,1.0,1.0,1.0,1,0.2082968736120236,50
4523,2,22277,3295,18982,0,0,59,1.0,1.0,1.0,1.0,1.0,1,0.21065974483431513,51
4524,5,22282,3296,18986,0,0,59,1.0,1.0,1.0,1.0,1.0,1,0.1693924275969587,52
4525,3,22285,3296,18989,0,0,59,1.0,1.0,1.0,1.0,1.0,1,0.15157830699001323,53
4526,6,22291,3296,18995,0,0,59,1.0,1.0,1.0,1.0,1.0,1,0.08105377382954343,54
4527,1,22292,3296,18996,0,0,59,1.0,1.0,1.0,1.0,1.0,1,0.07345668917331206,55
4528,0,22292,3296,18996,0,0,59,1.0,1.0,1.0,1.0,1.0,1,0.07345668917331206,55
4529,1,22293,3297,18996,0,0,59,1.0,1.0,1.0,1.0,1.0,1,0.12345111768037728,55
4530,0,22293,3297,18996,0,0,59,1.0,1.0,1.0,1.0,1.0,1,0.10530542180018475,56
4531,1,22294,3297,18997,0,0,59,1.0,1.0,1.0,1.0,1.0,1,0.07800852519124692,56
4532,2,22296,3298,18998,0,0,59,1.0,1.0,1.0,1.0,1.0,1,0.09017714184183827,55
4533,1,22297,3299,18998,0,0,59,1.0,1.0,1.0,1.0,1.0,1,0.11181413759834241,54
4534,0,22297,3299,18998,0,0,59,1.0,1.0,1.0,1.0,1.0,1,0.12010494184686955,55
4535,2,22299,3301,18998,0,0,59,1.0,1.0,1.0,1.0,1.0,1,0.2073586817579263,52
4536,5,22304,3303,19001,0,0,59,1.0,1.0,1.0,1.0,1.0,1,0.2331486166429022,53
4537,7,22311,3304,19007,0,0,59,1.0,1.0,1.0,1.0,1.0,1,0.1641037078825827,52
4538,1,22312,3305,19007,0,0,59,1.0,1.0,1.0,1.0,1.0,1,0.1987506482847764,52
4539,1,22313,3306,19007,0,0,59,1.0,1.0,1.0,1.0,1.0,1,0.22607250259394027,53
4540,3,22316,3307,19009,0,0,59,1.0,1.0,1.0,1.0,1.0,1,0.2427089296284002,54
4541,0,22316,3307,19009,0,0,59,1.0,1.0,1.0,1.0,1.0,1,0.23761148471000376,53
4542,6,22322,3311,19011,0,0,59,1.0,1.0,1.0,1.0,1.0,1,0.2082736235738753,53
4543,2,22324,3311,19013,0,0,59,1.0,1.0,1.0,1.0,1.0,1,0.20873529797694196,53
4544,2,22326,3313,19013,0,0,59,1.0,1.0,1.0,1.0,1.0,1,0.25685681933326504,52
4545,2,22328,3314,19014,0,0,59,1.0,1.0,1.0,1.0,1.0,1,0.23702914825617194,50
4546,1,22329,3315,19014,0,0,59,1.0,1.0,1.0,1.0,1.0,1,0.2229422770683716,49
4547,2,22331,3317,19014,0,0,59,1.0,1.0,1.0,1.0,1.0,1,0.21507697341211096,49
4548,1,22332,3317,19015,0,0,59,1.0,1.0,1.0,1.0,1.0,1,0.21641609465656006,49
4549,1,22333,3318,19015,0,0,59,1.0,1.0,1.0,1.0,1.0,1,0.2439779605151978,50
4550,1,22334,3319,19015,0,0,59,1.0,1.0,1.0,1.0,1.0,1,0.2553062126131556,49
4551,10,22344,3320,19024,0,0,59,1.0,1.0,1.0,1.0,1.0,1,0.16710879564010925,49
4552,4,22348,3320,19028,0,0,59,1.0,1.0,1.0,1.0,1.0,1,0.13152398743990906,49
4553,5,22353,3322,19031,0,0,59,1.0,1.0,1.0,1.0,1.0,1,0.1464286074057707,49
4554,6,22359,3323,19036,0,0,59,1.0,1.0,1.0,1.0,1.0,1,0.15484364867593847,49
4555,3,22362,3324,19038,0,0,59,1.0,1.0,1.0,1.0,1.0,1,0.16387520764782434,48
4556,1,22363,3324,19039,0,0,59,1.0,1.0,1.0,1.0,1.0,1,0.18079822547519797,48
4557,6,22369,3325,19044,0,0,59,1.0,1.0,1.0,1.0,1.0,1,0.19599553827232088,49
4558,6,22375,3327,19048,0,0,59,1.0,1.0,1.0,1.0,1.0,1,0.16673751775236875,49
4559,5,22380,3327,19053,0,0,59,1.0,1.0,1.0,1.0,1.0,1,0.18040422946701118,50
4560,8,22388,3328,19060,0,0,59,1.0,1.0,1.0,1.0,1.0,1,0.20091552261763243,51
4561,7,22395,3328,19067,0,0,59,1.0,1.0,1.0,1.0,1.0,1,0.19222540255625917,52
4562,10,22405,3330,19075,0,0,59,1.0,1.0,1.0,1.0,1.0,1,0.23812817067271447,53
4563,7,22412,3331,19081,0,0,59,1.0,1.0,1.0,1.0,1.0,1,0.17740400887633254,52
4564,7,22419,3331,19088,0,0,59,1.0,1.0,1.0,1.0,1.0,1,0.19414363861688047,54
4565,7,22426,3331,19095,0,0,59,1.0,1.0,1.0,1.0,1.0,1,0.20178728680311991,55
4566,5,22431,3332,19099,0,0,59,1.0,1.0,1.0,1.0,1.0,1,0.1426093337434456,55
4567,11,22442,3333,19109,0,0,59,1.0,1.0,1.0,1.0,1.0,1,0.16066388983674051,56
4568,9,22451,3333,19118,0,0,59,1.0,1.0,1.0,1.0,1.0,1,0.1717797645231636,58
4569,10,22461,3333,19128,0,0,59,1.0,1.0,1.0,1.0,1.0,1,0.1309846705447284,59
4570,7,22468,3334,19134,0,0,59,1.0,1.0,1.0,1.0,1.0,1,0.16784802871197085,59
4571,7,22475,3334,19141,0,0,59,1.0,1.0,1.0,1.0,1.0,1,0.15987966098097758,57
4572,9,22484,3335,19149,0,0,59,1.0,1.0,1.0,1.0,1.0,1,0.13124201739598748,56
4573,10,22494,3336,19158,0,0,59,1.0,1.0,1.0,1.0,1.0,1,0.154381902329015,56
4574,5,22499,3336,19163,0,0,59,1.0,1.0,1.0,1.0,1.0,1,0.19982993472200883,55
4575,5,22504,3336,19168,0,0,59,1.0,1.0,1.0,1.0,1.0,1,0.18862090938092554,55
4576,6,22510,3336,19174,0,0,59,1.0,1.0,1.0,1.0,1.0,1,0.12114253626533031,55
4577,0,22510,3336,19174,0,0,59,1.0,1.0,1.0,1.0,1.0,1,0.12853512308984671,54
4578,0,22510,3336,19174,0,0,59,1.0,1.0,1.0,1.0,1.0,1,0.14093649588055285,54
4579,1,22511,3336,19175,0,0,59,1.0,1.0,1.0,1.0,1.0,1,0.12260442023668548,54
4580,0,22511,3336,19175,0,0,59,1.0,1.0,1.0,1.0,1.0,1,0.11696431277356567,55
4581,7,22518,3339,19179,0,0,59,1.0,1.0,1.0,1.0,1.0,1,0.18354905035523197,56
4582,3,22521,3339,19182,0,0,59,1.0,1.0,1.0,1.0,1.0,1,0.19219833561011437,56
4583,3,22524,3340,19184,0,0,59,1.0,1.0,1.0,1.0,1.0,1,0.18274814224303004,57
4584,6,22530,3342,19188,0,0,59,1.0,1.0,1.0,1.0,1.0,1,0.21603205296932768,57
4585,5,22535,3342,19193,0,0,59,1.0,1.0,1.0,1.0,1.0,1,0.22275101222476767,57
4586,4,22539,3342,19197,0,0,59,1.0,1.0,1.0,1.0,1.0,1,0.22275101222476767,57
4587,4,22543,3342,19201,0,0,59,1.0,1.0,1.0,1.0,1.0,1,0.22275101222476767,57
4588,4,22547,3342,19205,0,0,59,1.0,1.0,1.0,1.0,1.0,1,0.23925164873884106,58
4589,7,22554,3343,19211,0,0,59,1.0,1.0,1.0,1.0,1.0,1,0.24625243600721627,59
4590,10,22564,3343,19221,0,0,59,1.0,1.0,1.0,1.0,1.0,1,0.2526449069331938,60
4591,6,22570,3343,19227,0,0,59,1.0,1.0,1.0,1.0,1.0,1,0.2585502492693097,61
4592,12,22582,3343,19239,0,0,59,1.0,1.0,1.0,1.0,1.0,1,0.24936143495645666,62
4593,12,22594,3344,19250,0,0,59,1.0,1.0,1.0,1.0,1.0,1,0.22536900498636758,64
4594,6,22600,3344,19256,0,0,59,1.0,1.0,1.0,1.0,1.0,1,0.2150792001912692,64
4595,7,22607,3345,19262,0,0,59,1.0,1.0,1.0,1.0,1.0,1,0.2190302030613469,63
4596,8,22615,3345,19270,0,0,59,1.0,1.0,1.0,1.0,1.0,1,0.22671493802943746,63
4597,7,22622,3345,19277,0,0,59,1.0,1.0,1.0,1.0,1.0,1,0.21417806676467838,63
4598,7,22629,3346,19283,0,0,59,1.0,1.0,1.0,1.0,1.0,1,0.2140556266886123,65
4599,8,22637,3347,19290,0,0,59,1.0,1.0,1.0,1.0,1.0,1,0.20495615156477087,66
4600,12,22649,3348,19301,0,0,59,1.0,1.0,1.0,1.0,1.0,1,0.2350851516908724,67
4601,12,22661,3349,19312,0,0,59,1.0,1.0,1.0,1.0,1.0,1,0.12775325294247428,67
4602,6,22667,3349,19318,0,0,59,1.0,1.0,1.0,1.0,1.0,1,0.13339732512795263,69
4603,7,22674,3349,19325,0,0,59,1.0,1.0,1.0,1.0,1.0,1,0.10663938687661575,69
4604,4,22678,3349,19329,0,0,59,1.0,1.0,1.0,1.0,1.0,1,0.10663938687661575,69
4605,4,22682,3349,19333,0,0,59,1.0,1.0,1.0,1.0,1.0,1,0.12167543102753332,70
4606,3,22685,3349,19336,0,0,59,1.0,1.0,1.0,1.0,1.0,1,0.1037772550891663,70
4607,4,22689,3350,19339,0,0,59,1.0,1.0,1.0,1.0,1.0,1,0.14518848640110224,72
4608,4,22693,3350,19343,0,0,59,1.0,1.0,1.0,1.0,1.0,1,0.1172796098539253,73
4609,5,22698,3351,19347,0,0,59,1.0,1.0,1.0,1.0,1.0,1,0.12419579580888074,72
4610,7,22705,3351,19354,0,0,59,1.0,1.0,1.0,1.0,1.0,1,0.10894439377162557,72
4611,1,22706,3351,19355,0,0,59,1.0,1.0,1.0,1.0,1.0,1,0.11218135019781128,71
4612,2,22708,3353,19355,0,0,59,1.0,1.0,1.0,1.0,1.0,1,0.11455262208121136,70
4613,1,22709,3353,19356,0,0,59,1.0,1.0,1.0,1.0,1.0,1,0.11633294572570962,69
4614,0,22709,3353,19356,0,0,59,1.0,1.0,1.0,1.0,1.0,1,0.1261575577395358,68
4615,3,22712,3354,19358,0,0,59,1.0,1.0,1.0,1.0,1.0,1,0.11023405475081728,68
4616,0,22712,3354,19358,0,0,59,1.0,1.0,1.0,1.0,1.0,1,0.14246187656880566,65
4617,1,22713,3355,19358,0,0,59,1.0,1.0,1.0,1.0,1.0,1,0.12647114905846343,66
4618,2,22715,3356,19359,0,0,59,1.0,1.0,1.0,1.0,1.0,1,0.16401076910890897,66
4619,2,22717,3356,19361,0,0,59,1.0,1.0,1.0,1.0,1.0,1,0.17587871675107142,65
4620,1,22718,3356,19362,0,0,59,1.0,1.0,1.0,1.0,1.0,1,0.1702244197784322,65
4621,10,22728,3359,19369,0,0,59,1.0,1.0,1.0,1.0,1.0,1,0.20275045940111144,67
4622,3,22731,3359,19372,0,0,59,1.0,1.0,1.0,1.0,1.0,1,0.1998604726959188,65
4623,9,22740,3361,19379,0,0,59,1.0,1.0,1.0,1.0,1.0,1,0.20800379644045078,66
4624,6,22746,3362,19384,0,0,59,1.0,1.0,1.0,1.0,1.0,1,0.18054727153111597,65
4625,2,22748,3362,19386,0,0,59,1.0,1.0,1.0,1.0,1.0,1,0.17870298035464718,64
4626,9,22757,3366,19391,0,0,59,1.0,1.0,1.0,1.0,1.0,1,0.13985383116209055,63
4627,1,22758,3366,19392,0,0,59,1.0,1.0,1.0,1.0,1.0,1,0.12266279315387711,65
4628,0,22758,3366,19392,0,0,59,1.0,1.0,1.0,1.0,1.0,1,0.1338943656343673,64
4629,2,22760,3368,19392,0,0,59,1.0,1.0,1.0,1.0,1.0,1,0.1108287204292292,64
4630,1,22761,3369,19392,0,0,59,1.0,1.0,1.0,1.0,1.0,1,0.0967761729712372,64
4631,3,22764,3372,19392,0,0,59,1.0,1.0,1.0,1.0,1.0,1,0.1684101997104628,66
4632,3,22767,3372,19395,0,0,59,1.0,1.0,1.0,1.0,1.0,1,0.15301163761691652,65
4633,1,22768,3372,19396,0,0,59,1.0,1.0,1.0,1.0,1.0,1,0.1324211541517959,66
4634,0,22768,3372,19396,0,0,59,1.0,1.0,1.0,1.0,1.0,1,0.1324211541517959,66
4635,0,22768,3372,19396,0,0,59,1.0,1.0,1.0,1.0,1.0,1,0.13490266841404763,66
4636,0,22768,3372,19396,0,0,59,1.0,1.0,1.0,1.0,1.0,1,0.13490266841404763,66
4637,1,22769,3372,19397,0,0,59,1.0,1.0,1.0,1.0,1.0,1,0.12092807995111282,68
4638,1,22770,3372,19398,0,0,59,1.0,1.0,1.0,1.0,1.0,1,0.1123131874755387,68
4639,2,22772,3372,19400,0,0,59,1.0,1.0,1.0,1.0,1.0,1,0.11980724468109301,69
4640,2,22774,3373,19401,0,0,59,1.0,1.0,1.0,1.0,1.0,1,0.11397183908799868,69
4641,3,22777,3373,19404,0,0,59,1.0,1.0,1.0,1.0,1.0,1,0.12076176083865311,70
4642,1,22778,3373,19405,0,0,59,1.0,1.0,1.0,1.0,1.0,1,0.11137025830314759,69
4643,2,22780,3374,19406,0,0,59,1.0,1.0,1.0,1.0,1.0,1,0.09422435607884379,70
4644,5,22785,3375,19410,0,0,59,1.0,1.0,1.0,1.0,1.0,1,0.13909778864325684,69
4645,7,22792,3376,19416,0,0,59,1.0,1.0,1.0,1.0,1.0,1,0.11082331450560956,70
4646,1,22793,3376,19417,0,0,59,1.0,1.0,1.0,1.0,1.0,1,0.1400729346288008,68
4647,6,22799,3379,19420,0,0,59,1.0,1.0,1.0,1.0,1.0,1,0.18803343928598698,68
4648,4,22803,3379,19424,0,0,59,1.0,1.0,1.0,1.0,1.0,1,0.2032932016045771,67
4649,6,22809,3383,19426,0,0,59,1.0,1.0,1.0,1.0,1.0,1,0.27055562471664685,67
4650,4,22813,3384,19429,0,0,59,1.0,1.0,1.0,1.0,1.0,1,0.21635325220880516,67
4651,8,22821,3387,19434,0,0,59,1.0,1.0,1.0,1.0,1.0,1,0.15262869442590232,68
4652,0,22821,3387,19434,0,0,59,1.0,1.0,1.0,1.0,1.0,1,0.15571879600484556,66
4653,2,22823,3389,19434,0,0,59,1.0,1.0,1.0,1.0,1.0,1,0.18133099595328514,64
4654,3,22826,3390,19436,0,0,59,1.0,1.0,1.0,1.0,1.0,1,0.19009866929074123,65
4655,2,22828,3391,19437,0,0,59,1.0,1.0,1.0,1.0,1.0,1,0.1866558997149636,64
4656,1,22829,3391,19438,0,0,59,1.0,1.0,1.0,1.0,1.0,1,0.15785609955385072,65
4657,1,22830,3392,19438,0,0,59,1.0,1.0,1.0,1.0,1.0,1,0.1494108140046399,66
4658,3,22833,3394,19439,0,0,59,1.0,1.0,1.0,1.0,1.0,1,0.16456129970530717,65
4659,1,22834,3394,19440,0,0,59,1.0,1.0,1.0,1.0,1.0,1,0.15844282009776775,65
4660,2,22836,3396,19440,0,0,59,1.0,1.0,1.0,1.0,1.0,1,0.17090953274814136,66
4661,0,22836,3396,19440,0,0,59,1.0,1.0,1.0,1.0,1.0,1,0.1845044803958822,66
4662,3,22839,3397,19442,0,0,59,1.0,1.0,1.0,1.0,1.0,1,0.1716422341372092,68
4663,1,22840,3398,19442,0,0,59,1.0,1.0,1.0,1.0,1.0,1,0.1732570957765953,67
4664,2,22842,3399,19443,0,0,59,1.0,1.0,1.0,1.0,1.0,1,0.1870329446838132,67
4665,0,22842,3399,19443,0,0,59,1.0,1.0,1.0,1.0,1.0,1,0.18693094446924136,67
4666,4,22846,3400,19446,0,0,59,1.0,1.0,1.0,1.0,1.0,1,0.1803281178599334,67
4667,0,22846,3400,19446,0,0,59,1.0,1.0,1.0,1.0,1.0,1,0.182988851103799,66
4668,1,22847,3401,19446,0,0,59,1.0,1.0,1.0,1.0,1.0,1,0.1899033674141796,66
4669,4,22851,3402,19449,0,0,59,1.0,1.0,1.0,1.0,1.0,1,0.20059737510768647,66
4670,0,22851,3402,19449,0,0,59,1.0,1.0,1.0,1.0,1.0,1,0.21885365989570457,64
4671,2,22853,3403,19450,0,0,59,1.0,1.0,1.0,1.0,1.0,1,0.19736425002032243,64
4672,3,22856,3404,19452,0,0,59,1.0,1.0,1.0,1.0,1.0,1,0.21061376412124827,64
4673,2,22858,3404,19454,0,0,59,1.0,1.0,1.0,1.0,1.0,1,0.2064126985632744,65
4674,4,22862,3406,19456,0,0,59,1.0,1.0,1.0,1.0,1.0,1,0.22347954133595982,66
4675,3,22865,3407,19458,0,0,59,1.0,1.0,1.0,1.0,1.0,1,0.25397107399054736,65
4676,9,22874,3407,19467,0,0,59,1.0,1.0,1.0,1.0,1.0,1,0.18962035257129156,65
4677,3,22877,3409,19468,0,0,59,1.0,1.0,1.0,1.0,1.0,1,0.18749661623876357,65
4678,0,22877,3409,19468,0,0,59,1.0,1.0,1.0,1.0,1.0,1,0.20800332581251665,64
4679,2,22879,3410,19469,0,0,59,1.0,1.0,1.0,1.0,1.0,1,0.19926463387156282,66
4680,5,22884,3411,19473,0,0,59,1.0,1.0,1.0,1.0,1.0,1,0.1925881679733725,67
4681,8,22892,3412,19480,0,0,59,1.0,1.0,1.0,1.0,1.0,1,0.19716049110501518,67
4682,8,22900,3416,19484,0,0,59,1.0,1.0,1.0,1.0,1.0,1,0.21571728104918556,67
4683,6,22906,3418,19488,0,0,59,1.0,1.0,1.0,1.0,1.0,1,0.1988011806783475,67
4684,11,22917,3421,19496,0,0,59,1.0,1.0,1.0,1.0,1.0,1,0.2700966484979749,66
4685,4,22921,3421,19500,0,0,59,1.0,1.0,1.0,1.0,1.0,1,0.2683189895235543,65
4686,4,22925,3422,19503,0,0,59,1.0,1.0,1.0,1.0,1.0,1,0.2652778627171301,65
4687,10,22935,3422,19513,0,0,59,1.0,1.0,1.0,1.0,1.0,1,0.23104152075021567,65
4688,8,22943,3426,19517,0,0,59,1.0,1.0,1.0,1.0,1.0,1,0.35193913515494507,64
4689,17,22960,3429,19531,0,0,59,1.0,1.0,1.0,1.0,1.0,1,0.358856741140806,65
4690,14,22974,3429,19545,0,0,59,1.0,1.0,1.0,1.0,1.0,1,0.33028778600492514,63
4691,12,22986,3430,19556,0,0,59,1.0,1.0,1.0,1.0,1.0,1,0.29742008084718047,64
4692,8,22994,3430,19564,0,0,59,1.0,1.0,1.0,1.0,1.0,1,0.32157775703157554,63
4693,10,23004,3431,19573,0,0,59,1.0,1.0,1.0,1.0,1.0,1,0.27964044149566447,64
4694,15,23019,3431,19588,0,0,59,1.0,1.0,1.0,1.0,1.0,1,0.2506723018975133,63
4695,9,23028,3431,19597,0,0,59,1.0,1.0,1.0,1.0,1.0,1,0.26395176518501806,62
4696,9,23037,3431,19606,0,0,59,1.0,1.0,1.0,1.0,1.0,1,0.2966811994528676,61
4697,10,23047,3431,19616,0,0,59,1.0,1.0,1.0,1.0,1.0,1,0.2721219252334867,63
4698,7,23054,3431,19623,0,0,59,1.0,1.0,1.0,1.0,1.0,1,0.23391696158146488,63
4699,9,23063,3431,19632,0,0,59,1.0,1.0,1.0,1.0,1.0,1,0.22307220716683973,65
4700,8,23071,3431,19640,0,0,59,1.0,1.0,1.0,1.0,1.0,1,0.2705199044964667,64
4701,13,23084,3431,19653,0,0,59,1.0,1.0,1.0,1.0,1.0,1,0.17475116206516492,64
4702,6,23090,3431,19659,0,0,59,1.0,1.0,1.0,1.0,1.0,1,0.16560550334751392,66
4703,3,23093,3432,19661,0,0,59,1.0,1.0,1.0,1.0,1.0,1,0.17810453370052126,65
4704,4,23097,3433,19664,0,0,59,1.0,1.0,1.0,1.0,1.0,1,0.13578117461221276,64
4705,4,23101,3433,19668,0,0,59,1.0,1.0,1.0,1.0,1.0,1,0.1566456312060286,65
4706,3,23104,3434,19670,0,0,59,1.0,1.0,1.0,1.0,1.0,1,0.16993046116460697,65
4707,8,23112,3436,19676,0,0,59,1.0,1.0,1.0,1.0,1.0,1,0.19022558726329747,63
4708,7,23119,3438,19681,0,0,59,1.0,1.0,1.0,1.0,1.0,1,0.15759243026840483,62
4709,7,23126,3441,19685,0,0,59,1.0,1.0,1.0,1.0,1.0,1,0.20602588733531946,61
4710,5,23131,3441,19690,0,0,59,1.0,1.0,1.0,1.0,1.0,1,0.21905928049729886,60
4711,5,23136,3442,19694,0,0,59,1.0,1.0,1.0,1.0,1.0,1,0.22884242879325317,59
4712,4,23140,3442,19698,0,0,59,1.0,1.0,1.0,1.0,1.0,1,0.2346309077687573,58
4713,9,23149,3444,19705,0,0,59,1.0,1.0,1.0,1.0,1.0,1,0.23547682994090657,58
4714,4,23153,3444,19709,0,0,59,1.0,1.0,1.0,1.0,1.0,1,0.24055377966657018,57
4715,5,23158,3444,19714,0,0,59,1.0,1.0,1.0,1.0,1.0,1,0.22856218837204512,57
4716,5,23163,3445,19718,0,0,59,1.0,1.0,1.0,1.0,1.0,1,0.21518276953241397,55
4717,6,23169,3446,19723,0,0,59,1.0,1.0,1.0,1.0,1.0,1,0.24883841523996086,57
4718,3,23172,3446,19726,0,0,59,1.0,1.0,1.0,1.0,1.0,1,0.23512685119419993,56
4719,13,23185,3448,19737,0,0,59,1.0,1.0,1.0,1.0,1.0,1,0.2308858112295856,56
4720,6,23191,3449,19742,0,0,59,1.0,1.0,1.0,1.0,1.0,1,0.2139991497827611,57
4721,8,23199,3450,19749,0,0,59,1.0,1.0,1.0,1.0,1.0,1,0.19419304150578706,57
4722,7,23206,3451,19755,0,0,59,1.0,1.0,1.0,1.0,1.0,1,0.24170020503421233,57
4723,9,23215,3452,19763,0,0,59,1.0,1.0,1.0,1.0,1.0,1,0.25006892415597004,57
4724,6,23221,3452,19769,0,0,59,1.0,1.0,1.0,1.0,1.0,1,0.20668936060913204,57
4725,8,23229,3453,19776,0,0,59,1.0,1.0,1.0,1.0,1.0,1,0.2274983392637386,57
4726,14,23243,3455,19788,0,0,59,1.0,1.0,1.0,1.0,1.0,1,0.16720770424819675,57
4727,3,23246,3455,19791,0,0,59,1.0,1.0,1.0,1.0,1.0,1,0.14490898451980766,56
4728,5,23251,3455,19796,0,0,59,1.0,1.0,1.0,1.0,1.0,1,0.17038557642300742,57
4729,8,23259,3455,19804,0,0,59,1.0,1.0,1.0,1.0,1.0,1,0.19203887331012331,56
4730,9,23268,3456,19812,0,0,59,1.0,1.0,1.0,1.0,1.0,1,0.1808375153201073,54
4731,6,23274,3456,19818,0,0,59,1.0,1.0,1.0,1.0,1.0,1,0.1168759018528387,54
4732,7,23281,3459,19822,0,0,59,1.0,1.0,1.0,1.0,1.0,1,0.22712507774031,54
4733,6,23287,3459,19828,0,0,59,1.0,1.0,1.0,1.0,1.0,1,0.19108555628168458,55
4734,13,23300,3462,19838,0,0,59,1.0,1.0,1.0,1.0,1.0,1,0.3074668220683225,56
4735,16,23316,3463,19853,0,0,59,1.0,1.0,1.0,1.0,1.0,1,0.3312549573955788,56
4736,16,23332,3466,19866,0,0,59,1.0,1.0,1.0,1.0,1.0,1,0.3512842618953394,58
4737,14,23346,3466,19880,0,0,59,1.0,1.0,1.0,1.0,1.0,1,0.39613828516723054,59
4738,19,23365,3467,19898,0,0,59,1.0,1.0,1.0,1.0,1.0,1,0.35383613656277235,60
4739,17,23382,3467,19915,0,0,59,1.0,1.0,1.0,1.0,1.0,1,0.37916186542132263,60
4740,12,23394,3467,19927,0,0,59,1.0,1.0,1.0,1.0,1.0,1,0.3294735372556148,60
4741,23,23417,3467,19950,0,0,59,1.0,1.0,1.0,1.0,1.0,1,0.30789043657516346,61
4742,24,23441,3468,19973,0,0,59,1.0,1.0,1.0,1.0,1.0,1,0.3044133696771432,61
4743,20,23461,3468,19993,0,0,59,1.0,1.0,1.0,1.0,1.0,1,0.2897056513802638,60
4744,17,23478,3469,20009,0,0,59,1.0,1.0,1.0,1.0,1.0,1,0.29058521893589434,60
4745,14,23492,3469,20023,0,0,59,1.0,1.0,1.0,1.0,1.0,1,0.3884417397577876,59
4746,15,23507,3469,20038,0,0,59,1.0,1.0,1.0,1.0,1.0,1,0.2917641147960181,59
4747,13,23520,3470,20050,0,0,59,1.0,1.0,1.0,1.0,1.0,1,0.3170034770674343,58
4748,10,23530,3470,20060,0,0,59,1.0,1.0,1.0,1.0,1.0,1,0.3364924881220082,58
4749,9,23539,3472,20067,0,0,59,1.0,1.0,1.0,1.0,1.0,1,0.28433776533881094,58
4750,8,23547,3472,20075,0,0,59,1.0,1.0,1.0,1.0,1.0,1,0.2788925443443186,56
4751,12,23559,3473,20086,0,0,59,1.0,1.0,1.0,1.0,1.0,1,0.1455399673259683,58
4752,3,23562,3474,20088,0,0,59,1.0,1.0,1.0,1.0,1.0,1,0.1553240574717496,55
4753,2,23564,3474,20090,0,0,59,1.0,1.0,1.0,1.0,1.0,1,0.1553240574717496,55
4754,2,23566,3475,20091,0,0,59,1.0,1.0,1.0,1.0,1.0,1,0.1650793512534446,54
4755,5,23571,3476,20095,0,0,59,1.0,1.0,1.0,1.0,1.0,1,0.1542414176734879,54
4756,2,23573,3476,20097,0,0,59,1.0,1.0,1.0,1.0,1.0,1,0.1490181692590436,54
4757,3,23576,3476,20100,0,0,59,1.0,1.0,1.0,1.0,1.0,1,0.15279199720500217,53
4758,4,23580,3476,20104,0,0,59,1.0,1.0,1.0,1.0,1.0,1,0.11847914293788132,53
4759,3,23583,3476,20107,0,0,59,1.0,1.0,1.0,1.0,1.0,1,0.07694815873894134,53
4760,6,23589,3476,20113,0,0,59,1.0,1.0,1.0,1.0,1.0,1,0.14851625476471964,53
4761,7,23596,3479,20117,0,0,59,1.0,1.0,1.0,1.0,1.0,1,0.24757509989524612,52
4762,9,23605,3479,20126,0,0,59,1.0,1.0,1.0,1.0,1.0,1,0.15635722130491217,54
4763,7,23612,3482,20130,0,0,59,1.0,1.0,1.0,1.0,1.0,1,0.21096282531929128,54
4764,8,23620,3484,20136,0,0,59,1.0,1.0,1.0,1.0,1.0,1,0.19214857904370292,55
4765,8,23628,3485,20143,0,0,59,1.0,1.0,1.0,1.0,1.0,1,0.23421250954847517,56
4766,6,23634,3485,20149,0,0,59,1.0,1.0,1.0,1.0,1.0,1,0.2005893715916386,58
4767,9,23643,3485,20158,0,0,59,1.0,1.0,1.0,1.0,1.0,1,0.2074003718698776,59
4768,9,23652,3486,20166,0,0,59,1.0,1.0,1.0,1.0,1.0,1,0.2083634132830359,60
4769,6,23658,3486,20172,0,0,59,1.0,1.0,1.0,1.0,1.0,1,0.2026386873761131,59
4770,7,23665,3486,20179,0,0,59,1.0,1.0,1.0,1.0,1.0,1,0.22468564081217998,60
4771,7,23672,3486,20186,0,0,59,1.0,1.0,1.0,1.0,1.0,1,0.21395888028879603,59
4772,10,23682,3487,20195,0,0,59,1.0,1.0,1.0,1.0,1.0,1,0.19186388071219332,59
4773,11,23693,3488,20205,0,0,59,1.0,1.0,1.0,1.0,1.0,1,0.18985142639928315,60
4774,4,23697,3488,20209,0,0,59,1.0,1.0,1.0,1.0,1.0,1,0.2034811205229009,60
4775,5,23702,3488,20214,0,0,59,1.0,1.0,1.0,1.0,1.0,1,0.19243094598020744,62
4776,12,23714,3488,20226,0,0,59,1.0,1.0,1.0,1.0,1.0,1,0.07673162498715475,63
4777,2,23716,3488,20228,0,0,59,1.0,1.0,1.0,1.0,1.0,1,0.09687139152414477,63
4778,4,23720,3488,20232,0,0,59,1.0,1.0,1.0,1.0,1.0,1,0.09687139152414477,63
4779,3,23723,3488,20235,0,0,59,1.0,1.0,1.0,1.0,1.0,1,0.0684740197507557,63
4780,4,23727,3488,20239,0,0,59,1.0,1.0,1.0,1.0,1.0,1,0.06925389776038207,65
4781,1,23728,3488,20240,0,0,59,1.0,1.0,1.0,1.0,1.0,1,0.10909507538674407,64
4782,5,23733,3489,20244,0,0,59,1.0,1.0,1.0,1.0,1.0,1,0.135686603374282,65
4783,7,23740,3491,20249,0,0,59,1.0,1.0,1.0,1.0,1.0,1,0.09009535004802878,66
4784,5,23745,3492,20253,0,0,59,1.0,1.0,1.0,1.0,1.0,1,0.12854460120945532,64
4785,6,23751,3493,20258,0,0,59,1.0,1.0,1.0,1.0,1.0,1,0.13936264226018297,65
4786,5,23756,3495,20261,0,0,59,1.0,1.0,1.0,1.0,1.0,1,0.11553745731110084,66
4787,3,23759,3496,20263,0,0,59,1.0,1.0,1.0,1.0,1.0,1,0.11952474426559181,63
4788,4,23763,3497,20266,0,0,59,1.0,1.0,1.0,1.0,1.0,1,0.14913413775700507,63
4789,3,23766,3499,20267,0,0,59,1.0,1.0,1.0,1.0,1.0,1,0.19377680310273018,60
4790,5,23771,3501,20270,0,0,59,1.0,1.0,1.0,1.0,1.0,1,0.18854836064737612,61
4791,4,23775,3505,20270,0,0,59,1.0,1.0,1.0,1.0,1.0,1,0.23675147537611158,59
4792,3,23778,3507,20271,0,0,59,1.0,1.0,1.0,1.0,1.0,1,0.22525932529546772,59
4793,5,23783,3509,20274,0,0,59,1.0,1.0,1.0,1.0,1.0,1,0.2143137590695616,61
4794,8,23791,3511,20280,0,0,59,1.0,1.0,1.0,1.0,1.0,1,0.24490574539068707,60
4795,6,23797,3511,20286,0,0,59,1.0,1.0,1.0,1.0,1.0,1,0.24595555558599996,61
4796,6,23803,3513,20290,0,0,59,1.0,1.0,1.0,1.0,1.0,1,0.26386104275051514,60
4797,7,23810,3515,20295,0,0,59,1.0,1.0,1.0,1.0,1.0,1,0.24456734951865022,61
4798,10,23820,3517,20303,0,0,59,1.0,1.0,1.0,1.0,1.0,1,0.26294772394835864,61
4799,4,23824,3518,20306,0,0,59,1.0,1.0,1.0,1.0,1.0,1,0.25876717298923135,59
4800,2,23826,3519,20307,0,0,59,1.0,1.0,1.0,1.0,1.0,1,0.2707627685268125,57
4801,12,23838,3519,20319,0,0,59,1.0,1.0,1.0,1.0,1.0,1,0.10685945537008157,58
4802,4,23842,3519,20323,0,0,59,1.0,1.0,1.0,1.0,1.0,1,0.12840968372038528,56
4803,10,23852,3520,20332,0,0,59,1.0,1.0,1.0,1.0,1.0,1,0.13491517941939338,57
4804,9,23861,3521,20340,0,0,59,1.0,1.0,1.0,1.0,1.0,1,0.14784175262625937,55
4805,11,23872,3523,20349,0,0,59,1.0,1.0,1.0,1.0,1.0,1,0.09592067922486094,56
4806,8,23880,3524,20356,0,0,59,1.0,1.0,1.0,1.0,1.0,1,0.13240538317104128,55
4807,8,23888,3525,20363,0,0,59,1.0,1.0,1.0,1.0,1.0,1,0.1283013035488936,53
4808,9,23897,3525,20372,0,0,59,1.0,1.0,1.0,1.0,1.0,1,0.15489787695429072,54
4809,5,23902,3525,20377,0,0,59,1.0,1.0,1.0,1.0,1.0,1,0.15485351128798977,53
4810,6,23908,3525,20383,0,0,59,1.0,1.0,1.0,1.0,1.0,1,0.17633731919101167,53
4811,5,23913,3525,20388,0,0,59,1.0,1.0,1.0,1.0,1.0,1,0.14066007785022988,54
4812,5,23918,3525,20393,0,0,59,1.0,1.0,1.0,1.0,1.0,1,0.12323400874516159,54
4813,10,23928,3527,20401,0,0,59,1.0,1.0,1.0,1.0,1.0,1,0.1251093931280116,55
4814,5,23933,3529,20404,0,0,59,1.0,1.0,1.0,1.0,1.0,1,0.18363299393141896,55
4815,7,23940,3529,20411,0,0,59,1.0,1.0,1.0,1.0,1.0,1,0.1507832266066064,56
4816,5,23945,3530,20415,0,0,59,1.0,1.0,1.0,1.0,1.0,1,0.15757639537056037,56
4817,10,23955,3531,20424,0,0,59,1.0,1.0,1.0,1.0,1.0,1,0.20385949181866864,58
4818,8,23963,3531,20432,0,0,59,1.0,1.0,1.0,1.0,1.0,1,0.22906142635558308,58
4819,7,23970,3531,20439,0,0,59,1.0,1.0,1.0,1.0,1.0,1,0.20049899943144028,58
4820,8,23978,3531,20447,0,0,59,1.0,1.0,1.0,1.0,1.0,1,0.18397883665586506,58
4821,11,23989,3531,20458,0,0,59,1.0,1.0,1.0,1.0,1.0,1,0.18583262549646581,58
4822,7,23996,3532,20464,0,0,59,1.0,1.0,1.0,1.0,1.0,1,0.2124505162935273,58
4823,8,24004,3534,20470,0,0,59,1.0,1.0,1.0,1.0,1.0,1,0.2159543370243424,57
4824,12,24016,3535,20481,0,0,59,1.0,1.0,1.0,1.0,1.0,1,0.22546628941647362,56
4825,13,24029,3535,20494,0,0,59,1.0,1.0,1.0,1.0,1.0,1,0.22037146837754817,57
4826,9,24038,3536,20502,0,0,59,1.0,1.0,1.0,1.0,1.0,1,0.12450699014999039,57
4827,0,24038,3536,20502,0,0,59,1.0,1.0,1.0,1.0,1.0,1,0.15883209085867603,56
4828,3,24041,3537,20504,0,0,59,1.0,1.0,1.0,1.0,1.0,1,0.1450638097073301,57
4829,2,24043,3537,20506,0,0,59,1.0,1.0,1.0,1.0,1.0,1,0.15386049935424342,56
4830,3,24046,3538,20508,0,0,59,1.0,1.0,1.0,1.0,1.0,1,0.13421594471631534,57
4831,2,24048,3538,20510,0,0,59,1.0,1.0,1.0,1.0,1.0,1,0.16015919054016825,57
4832,3,24051,3538,20513,0,0,59,1.0,1.0,1.0,1.0,1.0,1,0.20624282284802511,55
4833,5,24056,3540,20516,0,0,59,1.0,1.0,1.0,1.0,1.0,1,0.19739329279231016,55
4834,2,24058,3540,20518,0,0,59,1.0,1.0,1.0,1.0,1.0,1,0.22298204483507783,55
4835,3,24061,3540,20521,0,0,59,1.0,1.0,1.0,1.0,1.0,1,0.22505712935362013,55
4836,3,24064,3540,20524,0,0,59,1.0,1.0,1.0,1.0,1.0,1,0.213208697608889,55
4837,6,24070,3542,20528,0,0,59,1.0,1.0,1.0,1.0,1.0,1,0.22536234565436467,53
4838,2,24072,3543,20529,0,0,59,1.0,1.0,1.0,1.0,1.0,1,0.2210761845413867,54
4839,3,24075,3545,20530,0,0,59,1.0,1.0,1.0,1.0,1.0,1,0.1811346324756355,53
4840,4,24079,3546,20533,0,0,59,1.0,1.0,1.0,1.0,1.0,1,0.18044038682482239,52
4841,2,24081,3547,20534,0,0,59,1.0,1.0,1.0,1.0,1.0,1,0.21188876754710795,51
4842,4,24085,3549,20536,0,0,59,1.0,1.0,1.0,1.0,1.0,1,0.23314442204858712,50
4843,2,24087,3550,20537,0,0,59,1.0,1.0,1.0,1.0,1.0,1,0.23255292232980632,51
4844,1,24088,3550,20538,0,0,59,1.0,1.0,1.0,1.0,1.0,1,0.21324076124194383,50
4845,2,24090,3552,20538,0,0,59,1.0,1.0,1.0,1.0,1.0,1,0.2211087934898578,49
4846,4,24094,3554,20540,0,0,59,1.0,1.0,1.0,1.0,1.0,1,0.226579589441822,49
4847,5,24099,3556,20543,0,0,59,1.0,1.0,1.0,1.0,1.0,1,0.2769008994357218,48
4848,3,24102,3557,20545,0,0,59,1.0,1.0,1.0,1.0,1.0,1,0.291421276095152,48
4849,6,24108,3559,20549,0,0,59,1.0,1.0,1.0,1.0,1.0,1,0.26848220196195766,48
4850,3,24111,3559,20552,0,0,59,1.0,1.0,1.0,1.0,1.0,1,0.2680123713136403,49
4851,10,24121,3560,20561,0,0,59,1.0,1.0,1.0,1.0,1.0,1,0.13257452266759362,49
4852,2,24123,3560,20563,0,0,59,1.0,1.0,1.0,1.0,1.0,1,0.1693160078214676,49
4853,2,24125,3560,20565,0,0,59,1.0,1.0,1.0,1.0,1.0,1,0.16717259897228431,50
4854,1,24126,3560,20566,0,0,59,1.0,1.0,1.0,1.0,1.0,1,0.1758439691418244,51
4855,1,24127,3560,20567,0,0,59,1.0,1.0,1.0,1.0,1.0,1,0.17317398486170052,51
4856,3,24130,3561,20569,0,0,59,1.0,1.0,1.0,1.0,1.0,1,0.19881877741069814,50
4857,4,24134,3561,20573,0,0,59,1.0,1.0,1.0,1.0,1.0,1,0.1767582891341131,51
4858,4,24138,3561,20577,0,0,59,1.0,1.0,1.0,1.0,1.0,1,0.1917130920998235,51
4859,3,24141,3561,20580,0,0,59,1.0,1.0,1.0,1.0,1.0,1,0.19703404710269617,52
4860,2,24143,3561,20582,0,0,59,1.0,1.0,1.0,1.0,1.0,1,0.20234455745102914,52
4861,7,24150,3561,20589,0,0,59,1.0,1.0,1.0,1.0,1.0,1,0.19731169349294236,53
4862,6,24156,3563,20593,0,0,59,1.0,1.0,1.0,1.0,1.0,1,0.2115233537665324,53
4863,2,24158,3563,20595,0,0,59,1.0,1.0,1.0,1.0,1.0,1,0.20750321591126883,51
4864,6,24164,3564,20600,0,0,59,1.0,1.0,1.0,1.0,1.0,1,0.22869896605010043,53
4865,4,24168,3564,20604,0,0,59,1.0,1.0,1.0,1.0,1.0,1,0.19410535484164976,52
4866,6,24174,3565,20609,0,0,59,1.0,1.0,1.0,1.0,1.0,1,0.15564969437508763,53
4867,4,24178,3566,20612,0,0,59,1.0,1.0,1.0,1.0,1.0,1,0.14189205956059775,51
4868,7,24185,3567,20618,0,0,59,1.0,1.0,1.0,1.0,1.0,1,0.17012964051974733,53
4869,5,24190,3568,20622,0,0,59,1.0,1.0,1.0,1.0,1.0,1,0.19071197593551825,53
4870,8,24198,3571,20627,0,0,59,1.0,1.0,1.0,1.0,1.0,1,0.19862564363897095,55
4871,6,24204,3571,20633,0,0,59,1.0,1.0,1.0,1.0,1.0,1,0.16499804733641285,55
4872,7,24211,3571,20640,0,0,59,1.0,1.0,1.0,1.0,1.0,1,0.2049261675764908,56
4873,5,24216,3571,20645,0,0,59,1.0,1.0,1.0,1.0,1.0,1,0.1945567986477428,56
4874,9,24225,3571,20654,0,0,59,1.0,1.0,1.0,1.0,1.0,1,0.21204379129543882,58
4875,7,24232,3571,20661,0,0,59,1.0,1.0,1.0,1.0,1.0,1,0.23481165514262362,56
4876,12,24244,3572,20672,0,0,59,1.0,1.0,1.0,1.0,1.0,1,0.12615523450365776,56
4877,8,24252,3574,20678,0,0,59,1.0,1.0,1.0,1.0,1.0,1,0.1579945675119096,54
4878,10,24262,3577,20685,0,0,59,1.0,1.0,1.0,1.0,1.0,1,0.16915239361747011,54
4879,7,24269,3578,20691,0,0,59,1.0,1.0,1.0,1.0,1.0,1,0.16094567132507703,54
4880,4,24273,3578,20695,0,0,59,1.0,1.0,1.0,1.0,1.0,1,0.17098109190747166,53
4881,2,24275,3578,20697,0,0,59,1.0,1.0,1.0,1.0,1.0,1,0.11150101529703145,54
4882,4,24279,3578,20701,0,0,59,1.0,1.0,1.0,1.0,1.0,1,0.11757969605910946,52
4883,10,24289,3581,20708,0,0,59,1.0,1.0,1.0,1.0,1.0,1,0.1787991100786377,54
4884,6,24295,3581,20714,0,0,59,1.0,1.0,1.0,1.0,1.0,1,0.16744399995747272,52
4885,5,24300,3582,20718,0,0,59,1.0,1.0,1.0,1.0,1.0,1,0.19015485399570398,51
4886,3,24303,3582,20721,0,0,59,1.0,1.0,1.0,1.0,1.0,1,0.19304392710914672,50
4887,4,24307,3582,20725,0,0,59,1.0,1.0,1.0,1.0,1.0,1,0.17833466890108193,49
4888,2,24309,3582,20727,0,0,59,1.0,1.0,1.0,1.0,1.0,1,0.17782579443027474,48
4889,2,24311,3582,20729,0,0,59,1.0,1.0,1.0,1.0,1.0,1,0.17782579443027474,48
4890,2,24313,3582,20731,0,0,59,1.0,1.0,1.0,1.0,1.0,1,0.17782579443027474,48
4891,6,24319,3584,20735,0,0,59,1.0,1.0,1.0,1.0,1.0,1,0.18411484503435926,49
4892,3,24322,3584,20738,0,0,59,1.0,1.0,1.0,1.0,1.0,1,0.1948180911593505,51
4893,1,24323,3584,20739,0,0,59,1.0,1.0,1.0,1.0,1.0,1,0.17987321241708054,51
4894,3,24326,3584,20742,0,0,59,1.0,1.0,1.0,1.0,1.0,1,0.16584155358008593,52
4895,6,24332,3585,20747,0,0,59,1.0,1.0,1.0,1.0,1.0,1,0.18561881088054072,52
4896,2,24334,3585,20749,0,0,59,1.0,1.0,1.0,1.0,1.0,1,0.18737748392070927,51
4897,8,24342,3585,20757,0,0,59,1.0,1.0,1.0,1.0,1.0,1,0.19369452437505325,52
4898,6,24348,3585,20763,0,0,59,1.0,1.0,1.0,1.0,1.0,1,0.2187058081636108,52
4899,6,24354,3585,20769,0,0,59,1.0,1.0,1.0,1.0,1.0,1,0.22675521947610958,53
4900,4,24358,3585,20773,0,0,59,1.0,1.0,1.0,1.0,1.0,1,0.1811224553023612,54
4901,9,24367,3587,20780,0,0,59,1.0,1.0,1.0,1.0,1.0,1,0.08084896706938018,54
4902,2,24369,3588,20781,0,0,59,1.0,1.0,1.0,1.0,1.0,1,0.11784534800302333,55
4903,8,24377,3588,20789,0,0,59,1.0,1.0,1.0,1.0,1.0,1,0.12591769113417664,56
4904,5,24382,3588,20794,0,0,59,1.0,1.0,1.0,1.0,1.0,1,0.12120248948946677,55
4905,4,24386,3589,20797,0,0,59,1.0,1.0,1.0,1.0,1.0,1,0.13161375719863605,54
4906,5,24391,3590,20801,0,0,59,1.0,1.0,1.0,1.0,1.0,1,0.13479202552760094,54
4907,3,24394,3590,20804,0,0,59,1.0,1.0,1.0,1.0,1.0,1,0.1270833314935558,54
4908,4,24398,3590,20808,0,0,59,1.0,1.0,1.0,1.0,1.0,1,0.12647108224714868,53
4909,3,24401,3592,20809,0,0,59,1.0,1.0,1.0,1.0,1.0,1,0.12623817461101924,54
4910,5,24406,3592,20814,0,0,59,1.0,1.0,1.0,1.0,1.0,1,0.09786903429376984,55
4911,6,24412,3594,20818,0,0,59,1.0,1.0,1.0,1.0,1.0,1,0.16300935501577393,57
4912,10,24422,3597,20825,0,0,59,1.0,1.0,1.0,1.0,1.0,1,0.16027904490845205,57
4913,8,24430,3597,20833,0,0,59,1.0,1.0,1.0,1.0,1.0,1,0.19579900303306078,56
4914,9,24439,3599,20840,0,0,59,1.0,1.0,1.0,1.0,1.0,1,0.20636789411848006,56
4915,8,24447,3600,20847,0,0,59,1.0,1.0,1.0,1.0,1.0,1,0.2584042303414321,56
4916,8,24455,3600,20855,0,0,59,1.0,1.0,1.0,1.0,1.0,1,0.23315043754712336,54
4917,5,24460,3601,20859,0,0,59,1.0,1.0,1.0,1.0,1.0,1,0.24655937468184339,53
4918,7,24467,3601,20866,0,0,59,1.0,1.0,1.0,1.0,1.0,1,0.2498100733194947,52
4919,7,24474,3602,20872,0,0,59,1.0,1.0,1.0,1.0,1.0,1,0.30500689427334277,49
4920,5,24479,3602,20877,0,0,59,1.0,1.0,1.0,1.0,1.0,1,0.29772227594247097,49
4921,13,24492,3604,20888,0,0,59,1.0,1.0,1.0,1.0,1.0,1,0.3415796122088198,50
4922,10,24502,3604,20898,0,0,59,1.0,1.0,1.0,1.0,1.0,1,0.3411468914840596,50
4923,12,24514,3605,20909,0,0,59,1.0,1.0,1.0,1.0,1.0,1,0.34602414426656924,52
4924,12,24526,3606,20920,0,0,59,1.0,1.0,1.0,1.0,1.0,1,0.35342530284849155,53
4925,16,24542,3607,20935,0,0,59,1.0,1.0,1.0,1.0,1.0,1,0.35248592753894503,54
4926,16,24558,3607,20951,0,0,59,1.0,1.0,1.0,1.0,1.0,1,0.1398957856236708,54
4927,5,24563,3608,20955,0,0,59,1.0,1.0,1.0,1.0,1.0,1,0.12149762276997973,54
4928,3,24566,3608,20958,0,0,59,1.0,1.0,1.0,1.0,1.0,1,0.1376591723165302,54
4929,1,24567,3608,20959,0,0,59,1.0,1.0,1.0,1.0,1.0,1,0.16538262955914113,55
4930,4,24571,3608,20963,0,0,59,1.0,1.0,1.0,1.0,1.0,1,0.17877341292187013,58
4931,3,24574,3608,20966,0,0,59,1.0,1.0,1.0,1.0,1.0,1,0.12427751686904677,58
4932,1,24575,3608,20967,0,0,59,1.0,1.0,1.0,1.0,1.0,1,0.144186708167603,59
4933,2,24577,3608,20969,0,0,59,1.0,1.0,1.0,1.0,1.0,1,0.13661354286947774,59
4934,2,24579,3608,20971,0,0,59,1.0,1.0,1.0,1.0,1.0,1,0.13422924421791388,59
4935,4,24583,3608,20975,0,0,59,1.0,1.0,1.0,1.0,1.0,1,0.12459444782677409,59
4936,4,24587,3608,20979,0,0,59,1.0,1.0,1.0,1.0,1.0,1,0.1066746495902368,59
4937,5,24592,3608,20984,0,0,59,1.0,1.0,1.0,1.0,1.0,1,0.15469914621179995,61
4938,4,24596,3608,20988,0,0,59,1.0,1.0,1.0,1.0,1.0,1,0.15467493774508656,62
4939,12,24608,3609,20999,0,0,59,1.0,1.0,1.0,1.0,1.0,1,0.13379877980639174,63
4940,10,24618,3609,21009,0,0,59,1.0,1.0,1.0,1.0,1.0,1,0.21521780983367084,65
4941,9,24627,3609,21018,0,0,59,1.0,1.0,1.0,1.0,1.0,1,0.17197575882436908,65
4942,13,24640,3610,21030,0,0,59,1.0,1.0,1.0,1.0,1.0,1,0.16245555944816248,67
4943,10,24650,3610,21040,0,0,59,1.0,1.0,1.0,1.0,1.0,1,0.19368281611386182,66
4944,13,24663,3613,21050,0,0,59,1.0,1.0,1.0,1.0,1.0,1,0.25981470256988676,63
4945,13,24676,3613,21063,0,0,59,1.0,1.0,1.0,1.0,1.0,1,0.24555634600302031,61
4946,10,24686,3613,21073,0,0,59,1.0,1.0,1.0,1.0,1.0,1,0.28505396069818656,60
4947,8,24694,3613,21081,0,0,59,1.0,1.0,1.0,1.0,1.0,1,0.26053268924644346,58
4948,10,24704,3614,21090,0,0,59,1.0,1.0,1.0,1.0,1.0,1,0.30285964182560754,57
4949,16,24720,3614,21106,0,0,59,1.0,1.0,1.0,1.0,1.0,1,0.2711050459195961,56
4950,12,24732,3614,21118,0,0,59,1.0,1.0,1.0,1.0,1.0,1,0.2324278306752102,57
4951,9,24741,3614,21127,0,0,59,1.0,1.0,1.0,1.0,1.0,1,0.1018853145813056,55
4952,2,24743,3615,21128,0,0,59,1.0,1.0,1.0,1.0,1.0,1,0.1117269492469945,55
4953,3,24746,3616,21130,0,0,59,1.0,1.0,1.0,1.0,1.0,1,0.09391310595281412,54
4954,2,24748,3616,21132,0,0,59,1.0,1.0,1.0,1.0,1.0,1,0.122730382736719,54
4955,0,24748,3616,21132,0,0,59,1.0,1.0,1.0,1.0,1.0,1,0.09441083044009081,52
4956,3,24751,3617,21134,0,0,59,1.0,1.0,1.0,1.0,1.0,1,0.09690762120227857,52
4957,0,24751,3617,21134,0,0,59,1.0,1.0,1.0,1.0,1.0,1,0.07722217628035301,53
4958,1,24752,3617,21135,0,0,59,1.0,1.0,1.0,1.0,1.0,1,0.09143627224494416,52
4959,0,24752,3617,21135,0,0,59,1.0,1.0,1.0,1.0,1.0,1,0.10362074738335263,51
4960,0,24752,3617,21135,0,0,59,1.0,1.0,1.0,1.0,1.0,1,0.09403557877716029,53
4961,3,24755,3620,21135,0,0,59,1.0,1.0,1.0,1.0,1.0,1,0.15785935134147805,53
4962,2,24757,3620,21137,0,0,59,1.0,1.0,1.0,1.0,1.0,1,0.14692675482046294,55
4963,3,24760,3620,21140,0,0,59,1.0,1.0,1.0,1.0,1.0,1,0.13949988233485167,54
4964,3,24763,3621,21142,0,0,59,1.0,1.0,1.0,1.0,1.0,1,0.16473371613231047,54
4965,3,24766,3621,21145,0,0,59,1.0,1.0,1.0,1.0,1.0,1,0.18609292340745007,54
4966,5,24771,3623,21148,0,0,59,1.0,1.0,1.0,1.0,1.0,1,0.1717089293109872,54
4967,4,24775,3624,21151,0,0,59,1.0,1.0,1.0,1.0,1.0,1,0.16646761838602034,55
4968,7,24782,3625,21157,0,0,59,1.0,1.0,1.0,1.0,1.0,1,0.1689288841033683,55
4969,6,24788,3626,21162,0,0,59,1.0,1.0,1.0,1.0,1.0,1,0.1795787708780751,57
4970,7,24795,3627,21168,0,0,59,1.0,1.0,1.0,1.0,1.0,1,0.17959156603257254,56
4971,8,24803,3628,21175,0,0,59,1.0,1.0,1.0,1.0,1.0,1,0.14751673535212567,57
4972,8,24811,3629,21182,0,0,59,1.0,1.0,1.0,1.0,1.0,1,0.15658297941169744,57
4973,6,24817,3630,21187,0,0,59,1.0,1.0,1.0,1.0,1.0,1,0.21531739609353767,60
4974,10,24827,3632,21195,0,0,59,1.0,1.0,1.0,1.0,1.0,1,0.22886866758476723,58
4975,11,24838,3633,21205,0,0,59,1.0,1.0,1.0,1.0,1.0,1,0.22552460058696422,59
4976,13,24851,3635,21216,0,0,59,1.0,1.0,1.0,1.0,1.0,1,0.09772616629246605,59
4977,2,24853,3635,21218,0,0,59,1.0,1.0,1.0,1.0,1.0,1,0.10009365174399354,59
4978,1,24854,3636,21218,0,0,59,1.0,1.0,1.0,1.0,1.0,1,0.10322601080519632,59
4979,3,24857,3636,21221,0,0,59,1.0,1.0,1.0,1.0,1.0,1,0.1023114579602336,61
4980,2,24859,3636,21223,0,0,59,1.0,1.0,1.0,1.0,1.0,1,0.1073850192888098,62
4981,1,24860,3637,21223,0,0,59,1.0,1.0,1.0,1.0,1.0,1,0.12628062988423333,62
4982,7,24867,3638,21229,0,0,59,1.0,1.0,1.0,1.0,1.0,1,0.0951445295746674,63
4983,4,24871,3638,21233,0,0,59,1.0,1.0,1.0,1.0,1.0,1,0.09596708403944389,63
4984,6,24877,3640,21237,0,0,59,1.0,1.0,1.0,1.0,1.0,1,0.10858259793910963,61
4985,5,24882,3641,21241,0,0,59,1.0,1.0,1.0,1.0,1.0,1,0.10662872701542005,59
4986,11,24893,3644,21249,0,0,59,1.0,1.0,1.0,1.0,1.0,1,0.11518166439966826,62
4987,5,24898,3646,21252,0,0,59,1.0,1.0,1.0,1.0,1.0,1,0.15079109196860624,60
4988,4,24902,3646,21256,0,0,59,1.0,1.0,1.0,1.0,1.0,1,0.15976270512735516,59
4989,6,24908,3647,21261,0,0,59,1.0,1.0,1.0,1.0,1.0,1,0.19016159204723143,57
4990,5,24913,3649,21264,0,0,59,1.0,1.0,1.0,1.0,1.0,1,0.19482554294487167,55
4991,3,24916,3650,21266,0,0,59,1.0,1.0,1.0,1.0,1.0,1,0.19076883957155305,54
4992,5,24921,3652,21269,0,0,59,1.0,1.0,1.0,1.0,1.0,1,0.2035612164324169,52
4993,2,24923,3653,21270,0,0,59,1.0,1.0,1.0,1.0,1.0,1,0.22733696777551834,51
4994,3,24926,3654,21272,0,0,59,1.0,1.0,1.0,1.0,1.0,1,0.1955457576738114,49
4995,6,24932,3656,21276,0,0,59,1.0,1.0,1.0,1.0,1.0,1,0.23359931421947994,48
4996,4,24936,3659,21277,0,0,59,1.0,1.0,1.0,1.0,1.0,1,0.23958276815213467,48
4997,2,24938,3660,21278,0,0,59,1.0,1.0,1.0,1.0,1.0,1,0.2715006020452223,46
4998,3,24941,3661,21280,0,0,59,1.0,1.0,1.0,1.0,1.0,1,0.2647339667594563,48
4999,4,24945,3664,21281,0,0,59,1.0,1.0,1.0,1.0,1.0,1,0.2947017614198868,48
5000,4,24949,3665,21284,0,0,59,1.0,1.0,1.0,1.0,1.0,1,0.27464748546326423,47
5001,12,24961,3665,21296,0,0,59,1.0,1.0,1.0,1.0,1.0,1,0.10845819027994683,45
5002,3,24964,3666,21298,0,0,59,1.0,1.0,1.0,1.0,1.0,1,0.10491203146680282,46
5003,7,24971,3666,21305,0,0,59,1.0,1.0,1.0,1.0,1.0,1,0.17408961195297204,46
5004,4,24975,3666,21309,0,0,59,1.0,1.0,1.0,1.0,1.0,1,0.11247753004550042,46
5005,9,24984,3666,21318,0,0,59,1.0,1.0,1.0,1.0,1.0,1,0.1628962214285369,45
5006,6,24990,3666,21324,0,0,59,1.0,1.0,1.0,1.0,1.0,1,0.2416598045805769,45
5007,8,24998,3666,21332,0,0,59,1.0,1.0,1.0,1.0,1.0,1,0.17073384650077988,46
5008,8,25006,3666,21340,0,0,59,1.0,1.0,1.0,1.0,1.0,1,0.21207636172516775,49
5009,8,25014,3666,21348,0,0,59,1.0,1.0,1.0,1.0,1.0,1,0.17746985225535536,49
5010,12,25026,3666,21360,0,0,59,1.0,1.0,1.0,1.0,1.0,1,0.1948886406275997,50
5011,10,25036,3666,21370,0,0,59,1.0,1.0,1.0,1.0,1.0,1,0.19399368010012025,51
5012,7,25043,3666,21377,0,0,59,1.0,1.0,1.0,1.0,1.0,1,0.1772138127453847,52
5013,11,25054,3666,21388,0,0,59,1.0,1.0,1.0,1.0,1.0,1,0.20298200784032497,52
5014,6,25060,3666,21394,0,0,59,1.0,1.0,1.0,1.0,1.0,1,0.21090787929981591,53
5015,10,25070,3667,21403,0,0,59,1.0,1.0,1.0,1.0,1.0,1,0.23096314447402486,54
5016,17,25087,3668,21419,0,0,59,1.0,1.0,1.0,1.0,1.0,1,0.24652357587264523,55
5017,18,25105,3670,21435,0,0,59,1.0,1.0,1.0,1.0,1.0,1,0.2420702885416587,55
5018,20,25125,3671,21454,0,0,59,1.0,1.0,1.0,1.0,1.0,1,0.2409643332542917,56
5019,16,25141,3671,21470,0,0,59,1.0,1.0,1.0,1.0,1.0,1,0.24870640635211508,56
5020,15,25156,3672,21484,0,0,59,1.0,1.0,1.0,1.0,1.0,1,0.22292940880776016,55
5021,14,25170,3672,21498,0,0,59,1.0,1.0,1.0,1.0,1.0,1,0.20989380449852074,56
5022,13,25183,3672,21511,0,0,59,1.0,1.0,1.0,1.0,1.0,1,0.20767941365824782,56
5023,13,25196,3672,21524,0,0,59,1.0,1.0,1.0,1.0,1.0,1,0.19150991012929433,55
5024,7,25203,3673,21530,0,0,59,1.0,1.0,1.0,1.0,1.0,1,0.20376866208797,55
5025,12,25215,3674,21541,0,0,59,1.0,1.0,1.0,1.0,1.0,1,0.20089836430642385,53
5026,4,25219,3677,21542,0,0,59,1.0,1.0,1.0,1.0,1.0,1,0.19850388430832078,52
5027,4,25223,3678,21545,0,0,59,1.0,1.0,1.0,1.0,1.0,1,0.21555888484043034,51
5028,2,25225,3679,21546,0,0,59,1.0,1.0,1.0,1.0,1.0,1,0.22262383465286398,51
5029,4,25229,3681,21548,0,0,59,1.0,1.0,1.0,1.0,1.0,1,0.24018964645990828,50
5030,1,25230,3682,21548,0,0,59,1.0,1.0,1.0,1.0,1.0,1,0.2153245377908754,49
5031,3,25233,3682,21551,0,0,59,1.0,1.0,1.0,1.0,1.0,1,0.19106882074410475,49
5032,0,25233,3682,21551,0,0,59,1.0,1.0,1.0,1.0,1.0,1,0.2136870221233311,48
5033,1,25234,3682,21552,0,0,59,1.0,1.0,1.0,1.0,1.0,1,0.2163686749221932,50
5034,4,25238,3682,21556,0,0,59,1.0,1.0,1.0,1.0,1.0,1,0.18013616201340843,49
5035,2,25240,3683,21557,0,0,59,1.0,1.0,1.0,1.0,1.0,1,0.1828557625274876,49
5036,1,25241,3684,21557,0,0,59,1.0,1.0,1.0,1.0,1.0,1,0.18901111861544828,47
5037,1,25242,3685,21557,0,0,59,1.0,1.0,1.0,1.0,1.0,1,0.2001257061745862,47
5038,1,25243,3685,21558,0,0,59,1.0,1.0,1.0,1.0,1.0,1,0.21342124370528456,47
5039,1,25244,3685,21559,0,0,59,1.0,1.0,1.0,1.0,1.0,1,0.19813353625769686,48
5040,1,25245,3685,21560,0,0,59,1.0,1.0,1.0,1.0,1.0,1,0.18353363792417154,48
5041,0,25245,3685,21560,0,0,59,1.0,1.0,1.0,1.0,1.0,1,0.18353363792417154,48
5042,2,25247,3685,21562,0,0,59,1.0,1.0,1.0,1.0,1.0,1,0.16403834912272544,50
5043,3,25250,3685,21565,0,0,59,1.0,1.0,1.0,1.0,1.0,1,0.16916558922808678,51
5044,2,25252,3686,21566,0,0,59,1.0,1.0,1.0,1.0,1.0,1,0.17559369357491278,51
5045,1,25253,3686,21567,0,0,59,1.0,1.0,1.0,1.0,1.0,1,0.16863994685095177,52
5046,1,25254,3687,21567,0,0,59,1.0,1.0,1.0,1.0,1.0,1,0.1778365647131665,51
5047,1,25255,3687,21568,0,0,59,1.0,1.0,1.0,1.0,1.0,1,0.1473170382366256,51
5048,2,25257,3687,21570,0,0,59,1.0,1.0,1.0,1.0,1.0,1,0.14660212432536993,52
5049,2,25259,3687,21572,0,0,59,1.0,1.0,1.0,1.0,1.0,1,0.1629443607104539,54
5050,2,25261,3687,21574,0,0,59,1.0,1.0,1.0,1.0,1.0,1,0.15473193864133172,56
5051,5,25266,3687,21579,0,0,59,1.0,1.0,1.0,1.0,1.0,1,0.09610848988366626,55
5052,0,25266,3687,21579,0,0,59,1.0,1.0,1.0,1.0,1.0,1,0.09610848988366626,55
5053,0,25266,3687,21579,0,0,59,1.0,1.0,1.0,1.0,1.0,1,0.09610848988366626,55
5054,2,25268,3688,21580,0,0,59,1.0,1.0,1.0,1.0,1.0,1,0.10804072599159371,55
5055,1,25269,3688,21581,0,0,59,1.0,1.0,1.0,1.0,1.0,1,0.09801525434789476,55
5056,2,25271,3688,21583,0,0,59,1.0,1.0,1.0,1.0,1.0,1,0.09976683317671832,56
5057,0,25271,3688,21583,0,0,59,1.0,1.0,1.0,1.0,1.0,1,0.10176403338003973,58
5058,2,25273,3689,21584,0,0,59,1.0,1.0,1.0,1.0,1.0,1,0.10389849661320694,59
5059,3,25276,3689,21587,0,0,59,1.0,1.0,1.0,1.0,1.0,1,0.07403449783897434,59
5060,3,25279,3689,21590,0,0,59,1.0,1.0,1.0,1.0,1.0,1,0.1018878573959862,59
5061,3,25282,3690,21592,0,0,59,1.0,1.0,1.0,1.0,1.0,1,0.15637067406803462,59
5062,10,25292,3694,21598,0,0,59,1.0,1.0,1.0,1.0,1.0,1,0.2109066384743768,59
5063,5,25297,3696,21601,0,0,59,1.0,1.0,1.0,1.0,1.0,1,0.2354412499896371,59
5064,10,25307,3699,21608,0,0,59,1.0,1.0,1.0,1.0,1.0,1,0.2889838977894999,57
5065,5,25312,3699,21613,0,0,59,1.0,1.0,1.0,1.0,1.0,1,0.26355822024417386,55
5066,2,25314,3699,21615,0,0,59,1.0,1.0,1.0,1.0,1.0,1,0.251151723269597,55
5067,4,25318,3699,21619,0,0,59,1.0,1.0,1.0,1.0,1.0,1,0.26287772623996075,54
5068,5,25323,3699,21624,0,0,59,1.0,1.0,1.0,1.0,1.0,1,0.23857991813528592,54
5069,2,25325,3699,21626,0,0,59,1.0,1.0,1.0,1.0,1.0,1,0.19423846324881539,54
5070,1,25326,3699,21627,0,0,59,1.0,1.0,1.0,1.0,1.0,1,0.2112734586686544,52
5071,5,25331,3701,21630,0,0,59,1.0,1.0,1.0,1.0,1.0,1,0.18257828343360175,54
5072,2,25333,3701,21632,0,0,59,1.0,1.0,1.0,1.0,1.0,1,0.16404518998086473,52
5073,2,25335,3701,21634,0,0,59,1.0,1.0,1.0,1.0,1.0,1,0.1692265204364526,51
5074,3,25338,3701,21637,0,0,59,1.0,1.0,1.0,1.0,1.0,1,0.1676480376850266,52
5075,2,25340,3701,21639,0,0,59,1.0,1.0,1.0,1.0,1.0,1,0.15744654940799158,53
5076,5,25345,3701,21644,0,0,59,1.0,1.0,1.0,1.0,1.0,1,0.08224595022611014,53
5077,4,25349,3702,21647,0,0,59,1.0,1.0,1.0,1.0,1.0,1,0.10407745597202299,56
5078,1,25350,3702,21648,0,0,59,1.0,1.0,1.0,1.0,1.0,1,0.10497111741645403,55
5079,1,25351,3702,21649,0,0,59,1.0,1.0,1.0,1.0,1.0,1,0.10089716628089093,56
5080,0,25351,3702,21649,0,0,59,1.0,1.0,1.0,1.0,1.0,1,0.09137707818074468,57
5081,0,25351,3702,21649,0,0,59,1.0,1.0,1.0,1.0,1.0,1,0.103889616757755,58
5082,0,25351,3702,21649,0,0,59,1.0,1.0,1.0,1.0,1.0,1,0.103889616757755,58
5083,0,25351,3702,21649,0,0,59,1.0,1.0,1.0,1.0,1.0,1,0.10184569955489851,59
5084,5,25356,3703,21653,0,0,59,1.0,1.0,1.0,1.0,1.0,1,0.1105369687343109,59
5085,0,25356,3703,21653,0,0,59,1.0,1.0,1.0,1.0,1.0,1,0.10094566146610176,60
5086,7,25363,3707,21656,0,0,59,1.0,1.0,1.0,1.0,1.0,1,0.15342097618755024,61
5087,1,25364,3707,21657,0,0,59,1.0,1.0,1.0,1.0,1.0,1,0.14166812994152456,62
5088,8,25372,3710,21662,0,0,59,1.0,1.0,1.0,1.0,1.0,1,0.20115428100344698,64
5089,14,25386,3713,21673,0,0,59,1.0,1.0,1.0,1.0,1.0,1,0.15705249023505966,64
5090,9,25395,3714,21681,0,0,59,1.0,1.0,1.0,1.0,1.0,1,0.1518997594313884,64
5091,10,25405,3717,21688,0,0,59,1.0,1.0,1.0,1.0,1.0,1,0.16850089895706274,64
5092,8,25413,3718,21695,0,0,59,1.0,1.0,1.0,1.0,1.0,1,0.17010462832741371,64
5093,6,25419,3718,21701,0,0,59,1.0,1.0,1.0,1.0,1.0,1,0.16392167827929835,64
5094,11,25430,3720,21710,0,0,59,1.0,1.0,1.0,1.0,1.0,1,0.1843521779911585,65
5095,12,25442,3721,21721,0,0,59,1.0,1.0,1.0,1.0,1.0,1,0.19552055267463805,66
5096,8,25450,3721,21729,0,0,59,1.0,1.0,1.0,1.0,1.0,1,0.1889033404334906,66
5097,12,25462,3721,21741,0,0,59,1.0,1.0,1.0,1.0,1.0,1,0.18185681344197507,67
5098,9,25471,3722,21749,0,0,59,1.0,1.0,1.0,1.0,1.0,1,0.19489906060568454,67
5099,8,25479,3722,21757,0,0,59,1.0,1.0,1.0,1.0,1.0,1,0.1945832332007998,70
5100,11,25490,3723,21767,0,0,59,1.0,1.0,1.0,1.0,1.0,1,0.16547892546107146,71
5101,12,25502,3723,21779,0,0,59,1.0,1.0,1.0,1.0,1.0,1,0.09437390272955612,72
5102,6,25508,3727,21781,0,0,59,1.0,1.0,1.0,1.0,1.0,1,0.09361631033074491,72
5103,3,25511,3727,21784,0,0,59,1.0,1.0,1.0,1.0,1.0,1,0.0915647660256965,70
5104,4,25515,3728,21787,0,0,59,1.0,1.0,1.0,1.0,1.0,1,0.1025548371502638,67
5105,5,25520,3731,21789,0,0,59,1.0,1.0,1.0,1.0,1.0,1,0.12680596203989883,66
5106,1,25521,3731,21790,0,0,59,1.0,1.0,1.0,1.0,1.0,1,0.1400530960454811,64
5107,3,25524,3733,21791,0,0,59,1.0,1.0,1.0,1.0,1.0,1,0.1438991832007651,61
5108,2,25526,3735,21791,0,0,59,1.0,1.0,1.0,1.0,1.0,1,0.1440165414065923,57
5109,3,25529,3737,21792,0,0,59,1.0,1.0,1.0,1.0,1.0,1,0.1827576040744395,55
5110,2,25531,3738,21793,0,0,59,1.0,1.0,1.0,1.0,1.0,1,0.18782265292791733,53
5111,1,25532,3739,21793,0,0,59,1.0,1.0,1.0,1.0,1.0,1,0.19574572143514563,52
5112,3,25535,3742,21793,0,0,59,1.0,1.0,1.0,1.0,1.0,1,0.16952128168102037,52
5113,3,25538,3744,21794,0,0,59,1.0,1.0,1.0,1.0,1.0,1,0.1823840776752227,49
5114,4,25542,3748,21794,0,0,59,1.0,1.0,1.0,1.0,1.0,1,0.2141539303514296,49
5115,1,25543,3749,21794,0,0,59,1.0,1.0,1.0,1.0,1.0,1,0.23151255173256344,48
5116,4,25547,3751,21796,0,0,59,1.0,1.0,1.0,1.0,1.0,1,0.25411978524562323,47
5117,0,25547,3751,21796,0,0,59,1.0,1.0,1.0,1.0,1.0,1,0.26410828195359104,48
5118,0,25547,3751,21796,0,0,59,1.0,1.0,1.0,1.0,1.0,1,0.24585995402784708,49
5119,0,25547,3751,21796,0,0,59,1.0,1.0,1.0,1.0,1.0,1,0.24585995402784708,49
5120,1,25548,3752,21796,0,0,59,1.0,1.0,1.0,1.0,1.0,1,0.24463981319880548,48
5121,1,25549,3753,21796,0,0,59,1.0,1.0,1.0,1.0,1.0,1,0.28277389404242276,48
5122,2,25551,3755,21796,0,0,59,1.0,1.0,1.0,1.0,1.0,1,0.31294758740374623,46
5123,1,25552,3756,21796,0,0,59,1.0,1.0,1.0,1.0,1.0,1,0.29907831362567494,46
5124,0,25552,3756,21796,0,0,59,1.0,1.0,1.0,1.0,1.0,1,0.2929438025903962,47
5125,6,25558,3759,21799,0,0,59,1.0,1.0,1.0,1.0,1.0,1,0.3011388109992906,49
5126,10,25568,3759,21809,0,0,59,1.0,1.0,1.0,1.0,1.0,1,0.18985967826180333,49
5127,6,25574,3759,21815,0,0,59,1.0,1.0,1.0,1.0,1.0,1,0.13110897014975376,51
5128,6,25580,3759,21821,0,0,59,1.0,1.0,1.0,1.0,1.0,1,0.12627136596382324,53
5129,8,25588,3759,21829,0,0,59,1.0,1.0,1.0,1.0,1.0,1,0.1349073017788353,55
5130,3,25591,3759,21832,0,0,59,1.0,1.0,1.0,1.0,1.0,1,0.10895712369407404,55
5131,9,25600,3759,21841,0,0,59,1.0,1.0,1.0,1.0,1.0,1,0.10488166657949431,55
5132,6,25606,3759,21847,0,0,59,1.0,1.0,1.0,1.0,1.0,1,0.11777598094237174,55
5133,7,25613,3759,21854,0,0,59,1.0,1.0,1.0,1.0,1.0,1,0.13665145496266864,56
5134,5,25618,3759,21859,0,0,59,1.0,1.0,1.0,1.0,1.0,1,0.16060935629179715,56
5135,8,25626,3759,21867,0,0,59,1.0,1.0,1.0,1.0,1.0,1,0.16060935629179715,56
5136,4,25630,3759,21871,0,0,59,1.0,1.0,1.0,1.0,1.0,1,0.18852900218657276,55
5137,8,25638,3760,21878,0,0,59,1.0,1.0,1.0,1.0,1.0,1,0.16565668068224065,55
5138,5,25643,3761,21882,0,0,59,1.0,1.0,1.0,1.0,1.0,1,0.1984111942706727,54
5139,6,25649,3761,21888,0,0,59,1.0,1.0,1.0,1.0,1.0,1,0.1351203232230113,54
5140,7,25656,3762,21894,0,0,59,1.0,1.0,1.0,1.0,1.0,1,0.13113937119812438,54
5141,6,25662,3764,21898,0,0,59,1.0,1.0,1.0,1.0,1.0,1,0.20618030846267493,53
5142,13,25675,3770,21905,0,0,59,1.0,1.0,1.0,1.0,1.0,1,0.20442383790116272,55
5143,8,25683,3771,21912,0,0,59,1.0,1.0,1.0,1.0,1.0,1,0.21839689724728278,54
5144,5,25688,3771,21917,0,0,59,1.0,1.0,1.0,1.0,1.0,1,0.22927202960126433,50
5145,4,25692,3771,21921,0,0,59,1.0,1.0,1.0,1.0,1.0,1,0.2624535643359306,51
5146,4,25696,3772,21924,0,0,59,1.0,1.0,1.0,1.0,1.0,1,0.20997830425546754,48
5147,2,25698,3773,21925,0,0,59,1.0,1.0,1.0,1.0,1.0,1,0.21036750332460705,49
5148,3,25701,3774,21927,0,0,59,1.0,1.0,1.0,1.0,1.0,1,0.17617293912999485,47
5149,4,25705,3776,21929,0,0,59,1.0,1.0,1.0,1.0,1.0,1,0.20294485052970143,46
5150,6,25711,3778,21933,0,0,59,1.0,1.0,1.0,1.0,1.0,1,0.1706034172999136,46
5151,6,25717,3780,21937,0,0,59,1.0,1.0,1.0,1.0,1.0,1,0.1455273629034168,45
5152,5,25722,3784,21938,0,0,59,1.0,1.0,1.0,1.0,1.0,1,0.19801297010824814,45
5153,3,25725,3784,21941,0,0,59,1.0,1.0,1.0,1.0,1.0,1,0.1982314510874199,45
5154,6,25731,3786,21945,0,0,59,1.0,1.0,1.0,1.0,1.0,1,0.18931238698392466,45
5155,3,25734,3787,21947,0,0,59,1.0,1.0,1.0,1.0,1.0,1,0.20222102658516028,44
5156,3,25737,3787,21950,0,0,59,1.0,1.0,1.0,1.0,1.0,1,0.18492545116364242,44
5157,1,25738,3788,21950,0,0,59,1.0,1.0,1.0,1.0,1.0,1,0.17358995724886672,42
5158,1,25739,3788,21951,0,0,59,1.0,1.0,1.0,1.0,1.0,1,0.15274133670683568,43
5159,2,25741,3788,21953,0,0,59,1.0,1.0,1.0,1.0,1.0,1,0.18943706081740241,43
5160,1,25742,3788,21954,0,0,59,1.0,1.0,1.0,1.0,1.0,1,0.1758913821324416,43
5161,1,25743,3788,21955,0,0,59,1.0,1.0,1.0,1.0,1.0,1,0.18474926244153075,43
5162,1,25744,3788,21956,0,0,59,1.0,1.0,1.0,1.0,1.0,1,0.16122625802367668,44
5163,5,25749,3790,21959,0,0,59,1.0,1.0,1.0,1.0,1.0,1,0.1662973098316197,46
5164,2,25751,3790,21961,0,0,59,1.0,1.0,1.0,1.0,1.0,1,0.151824120600363,46
5165,3,25754,3791,21963,0,0,59,1.0,1.0,1.0,1.0,1.0,1,0.15391631074469556,46
5166,2,25756,3792,21964,0,0,59,1.0,1.0,1.0,1.0,1.0,1,0.16875186433560901,47
5167,2,25758,3792,21966,0,0,59,1.0,1.0,1.0,1.0,1.0,1,0.19366309443247506,47
5168,4,25762,3793,21969,0,0,59,1.0,1.0,1.0,1.0,1.0,1,0.2182331495064468,47
5169,4,25766,3794,21972,0,0,59,1.0,1.0,1.0,1.0,1.0,1,0.23180570931834027,47
5170,4,25770,3795,21975,0,0,59,1.0,1.0,1.0,1.0,1.0,1,0.23984276097506538,48
5171,4,25774,3796,21978,0,0,59,1.0,1.0,1.0,1.0,1.0,1,0.23086106737848322,48
5172,3,25777,3796,21981,0,0,59,1.0,1.0,1.0,1.0,1.0,1,0.23153571962120165,49
5173,4,25781,3796,21985,0,0,59,1.0,1.0,1.0,1.0,1.0,1,0.18542933255380017,49
5174,2,25783,3797,21986,0,0,59,1.0,1.0,1.0,1.0,1.0,1,0.17073033188605546,52
5175,3,25786,3798,21988,0,0,59,1.0,1.0,1.0,1.0,1.0,1,0.16667520372978306,53
5176,6,25792,3798,21994,0,0,59,1.0,1.0,1.0,1.0,1.0,1,0.07688587677896251,54
5177,2,25794,3799,21995,0,0,59,1.0,1.0,1.0,1.0,1.0,1,0.07874068806734515,54
5178,1,25795,3800,21995,0,0,59,1.0,1.0,1.0,1.0,1.0,1,0.10309005193808093,55
5179,0,25795,3800,21995,0,0,59,1.0,1.0,1.0,1.0,1.0,1,0.09499307293671805,53
5180,1,25796,3801,21995,0,0,59,1.0,1.0,1.0,1.0,1.0,1,0.10377789905363248,52
5181,2,25798,3803,21995,0,0,59,1.0,1.0,1.0,1.0,1.0,1,0.12249641686777132,52
5182,3,25801,3805,21996,0,0,59,1.0,1.0,1.0,1.0,1.0,1,0.10100906924603081,52
5183,3,25804,3808,21996,0,0,59,1.0,1.0,1.0,1.0,1.0,1,0.14636629583076977,52
5184,1,25805,3808,21997,0,0,59,1.0,1.0,1.0,1.0,1.0,1,0.13096582097817158,52
5185,4,25809,3811,21998,0,0,59,1.0,1.0,1.0,1.0,1.0,1,0.16526215154388085,50
5186,2,25811,3813,21998,0,0,59,1.0,1.0,1.0,1.0,1.0,1,0.16847687378069376,48
5187,2,25813,3814,21999,0,0,59,1.0,1.0,1.0,1.0,1.0,1,0.16297490059368477,46
5188,0,25813,3814,21999,0,0,59,1.0,1.0,1.0,1.0,1.0,1,0.16492462501855887,44
5189,1,25814,3814,22000,0,0,59,1.0,1.0,1.0,1.0,1.0,1,0.20993363040344326,44
5190,0,25814,3814,22000,0,0,59,1.0,1.0,1.0,1.0,1.0,1,0.19888495222773425,45
5191,0,25814,3814,22000,0,0,59,1.0,1.0,1.0,1.0,1.0,1,0.20140754059452756,45
5192,1,25815,3815,22000,0,0,59,1.0,1.0,1.0,1.0,1.0,1,0.20722758426930532,45
5193,0,25815,3815,22000,0,0,59,1.0,1.0,1.0,1.0,1.0,1,0.20722758426930532,45
5194,1,25816,3816,22000,0,0,59,1.0,1.0,1.0,1.0,1.0,1,0.19266866179326922,45
5195,3,25819,3818,22001,0,0,59,1.0,1.0,1.0,1.0,1.0,1,0.2009554840797047,46
5196,0,25819,3818,22001,0,0,59,1.0,1.0,1.0,1.0,1.0,1,0.2009554840797047,46
5197,2,25821,3820,22001,0,0,59,1.0,1.0,1.0,1.0,1.0,1,0.1961560420257187,46
5198,0,25821,3820,22001,0,0,59,1.0,1.0,1.0,1.0,1.0,1,0.18035087819761128,47
5199,2,25823,3821,22002,0,0,59,1.0,1.0,1.0,1.0,1.0,1,0.20256198969361247,49
5200,2,25825,3822,22003,0,0,59,1.0,1.0,1.0,1.0,1.0,1,0.20982699731989765,49
5201,10,25835,3824,22011,0,0,59,1.0,1.0,1.0,1.0,1.0,1,0.16757833974206646,50
5202,7,25842,3824,22018,0,0,59,1.0,1.0,1.0,1.0,1.0,1,0.1636242613032723,52
5203,6,25848,3824,22024,0,0,59,1.0,1.0,1.0,1.0,1.0,1,0.09773842418499687,52
5204,8,25856,3824,22032,0,0,59,1.0,1.0,1.0,1.0,1.0,1,0.06893022204676866,54
5205,2,25858,3824,22034,0,0,59,1.0,1.0,1.0,1.0,1.0,1,0.10830316654082084,54
5206,2,25860,3824,22036,0,0,59,1.0,1.0,1.0,1.0,1.0,1,0.07878195338988916,55
5207,2,25862,3824,22038,0,0,59,1.0,1.0,1.0,1.0,1.0,1,0.09035599932796617,54
5208,2,25864,3824,22040,0,0,59,1.0,1.0,1.0,1.0,1.0,1,0.13729781711019717,54
5209,4,25868,3826,22042,0,0,59,1.0,1.0,1.0,1.0,1.0,1,0.13852242249548538,54
5210,2,25870,3826,22044,0,0,59,1.0,1.0,1.0,1.0,1.0,1,0.16921150663596557,54
5211,2,25872,3826,22046,0,0,59,1.0,1.0,1.0,1.0,1.0,1,0.13455285640280426,56
5212,3,25875,3826,22049,0,0,59,1.0,1.0,1.0,1.0,1.0,1,0.15196213236442674,57
5213,7,25882,3828,22054,0,0,59,1.0,1.0,1.0,1.0,1.0,1,0.14554344458071936,57
5214,7,25889,3830,22059,0,0,59,1.0,1.0,1.0,1.0,1.0,1,0.17848470397793348,58
5215,3,25892,3831,22061,0,0,59,1.0,1.0,1.0,1.0,1.0,1,0.19101099519217474,57
5216,7,25899,3833,22066,0,0,59,1.0,1.0,1.0,1.0,1.0,1,0.2041652795691344,57
5217,5,25904,3834,22070,0,0,59,1.0,1.0,1.0,1.0,1.0,1,0.19456223253434907,56
5218,5,25909,3836,22073,0,0,59,1.0,1.0,1.0,1.0,1.0,1,0.209579966848192,56
5219,8,25917,3837,22080,0,0,59,1.0,1.0,1.0,1.0,1.0,1,0.2580804098496113,54
5220,9,25926,3838,22088,0,0,59,1.0,1.0,1.0,1.0,1.0,1,0.2612780332820221,53
5221,7,25933,3838,22095,0,0,59,1.0,1.0,1.0,1.0,1.0,1,0.2508824112273176,52
5222,6,25939,3838,22101,0,0,59,1.0,1.0,1.0,1.0,1.0,1,0.21176566518157672,52
5223,4,25943,3839,22104,0,0,59,1.0,1.0,1.0,1.0,1.0,1,0.25430402668325897,52
5224,6,25949,3841,22108,0,0,59,1.0,1.0,1.0,1.0,1.0,1,0.19521629210122635,52
5225,2,25951,3841,22110,0,0,59,1.0,1.0,1.0,1.0,1.0,1,0.1860507609717116,50
5226,6,25957,3845,22112,0,0,59,1.0,1.0,1.0,1.0,1.0,1,0.13508048164028646,51
5227,1,25958,3845,22113,0,0,59,1.0,1.0,1.0,1.0,1.0,1,0.14361563740798886,49
5228,0,25958,3845,22113,0,0,59,1.0,1.0,1.0,1.0,1.0,1,0.164161384406909,48
5229,2,25960,3846,22114,0,0,59,1.0,1.0,1.0,1.0,1.0,1,0.1302903747051492,49
5230,0,25960,3846,22114,0,0,59,1.0,1.0,1.0,1.0,1.0,1,0.1302903747051492,49
5231,3,25963,3847,22116,0,0,59,1.0,1.0,1.0,1.0,1.0,1,0.12085384802925969,49
5232,3,25966,3849,22117,0,0,59,1.0,1.0,1.0,1.0,1.0,1,0.1695132968881851,51
5233,5,25971,3850,22121,0,0,59,1.0,1.0,1.0,1.0,1.0,1,0.1576439031772323,51
5234,6,25977,3853,22124,0,0,59,1.0,1.0,1.0,1.0,1.0,1,0.1798383336057603,52
5235,4,25981,3853,22128,0,0,59,1.0,1.0,1.0,1.0,1.0,1,0.15492791371038778,52
5236,1,25982,3853,22129,0,0,59,1.0,1.0,1.0,1.0,1.0,1,0.15818137396017107,52
5237,5,25987,3854,22133,0,0,59,1.0,1.0,1.0,1.0,1.0,1,0.19005595095435215,53
5238,4,25991,3854,22137,0,0,59,1.0,1.0,1.0,1.0,1.0,1,0.19538798052110026,53
5239,5,25996,3854,22142,0,0,59,1.0,1.0,1.0,1.0,1.0,1,0.14661511500273358,53
5240,1,25997,3855,22142,0,0,59,1.0,1.0,1.0,1.0,1.0,1,0.1539956996483804,55
5241,4,26001,3855,22146,0,0,59,1.0,1.0,1.0,1.0,1.0,1,0.1597877740718088,56
5242,5,26006,3857,22149,0,0,59,1.0,1.0,1.0,1.0,1.0,1,0.22056404745722197,54
5243,3,26009,3858,22151,0,0,59,1.0,1.0,1.0,1.0,1.0,1,0.20956970846353604,55
5244,5,26014,3858,22156,0,0,59,1.0,1.0,1.0,1.0,1.0,1,0.20175062153368056,55
5245,3,26017,3859,22158,0,0,59,1.0,1.0,1.0,1.0,1.0,1,0.1805186639283136,55
5246,5,26022,3860,22162,0,0,59,1.0,1.0,1.0,1.0,1.0,1,0.21714530302870047,55
5247,11,26033,3861,22172,0,0,59,1.0,1.0,1.0,1.0,1.0,1,0.17392831443327156,54
5248,3,26036,3862,22174,0,0,59,1.0,1.0,1.0,1.0,1.0,1,0.2203959051986017,53
5249,3,26039,3863,22176,0,0,59,1.0,1.0,1.0,1.0,1.0,1,0.23093689459628142,55
5250,3,26042,3863,22179,0,0,59,1.0,1.0,1.0,1.0,1.0,1,0.2110289985170846,55
5251,11,26053,3864,22189,0,0,59,1.0,1.0,1.0,1.0,1.0,1,0.06806706837110932,57
5252,3,26056,3866,22190,0,0,59,1.0,1.0,1.0,1.0,1.0,1,0.07295969734940719,58
5253,8,26064,3867,22197,0,0,59,1.0,1.0,1.0,1.0,1.0,1,0.13583642693862688,59
5254,9,26073,3867,22206,0,0,59,1.0,1.0,1.0,1.0,1.0,1,0.12782778682281679,59
5255,8,26081,3867,22214,0,0,59,1.0,1.0,1.0,1.0,1.0,1,0.11998952491805297,58
5256,8,26089,3869,22220,0,0,59,1.0,1.0,1.0,1.0,1.0,1,0.1643907438345975,59
5257,7,26096,3869,22227,0,0,59,1.0,1.0,1.0,1.0,1.0,1,0.18602529119739253,58
5258,6,26102,3869,22233,0,0,59,1.0,1.0,1.0,1.0,1.0,1,0.15891309452498165,56
5259,6,26108,3869,22239,0,0,59,1.0,1.0,1.0,1.0,1.0,1,0.1650517027595096,56
5260,7,26115,3869,22246,0,0,59,1.0,1.0,1.0,1.0,1.0,1,0.17301162704670064,55
5261,2,26117,3869,22248,0,0,59,1.0,1.0,1.0,1.0,1.0,1,0.17160044161377844,54
5262,2,26119,3869,22250,0,0,59,1.0,1.0,1.0,1.0,1.0,1,0.17517689284996885,54
5263,9,26128,3871,22257,0,0,59,1.0,1.0,1.0,1.0,1.0,1,0.19423429620843033,53
5264,9,26137,3872,22265,0,0,59,1.0,1.0,1.0,1.0,1.0,1,0.20118261191461653,51
5265,9,26146,3873,22273,0,0,59,1.0,1.0,1.0,1.0,1.0,1,0.18228502788832723,50
5266,6,26152,3875,22277,0,0,59,1.0,1.0,1.0,1.0,1.0,1,0.21782501718704378,49
5267,7,26159,3876,22283,0,0,59,1.0,1.0,1.0,1.0,1.0,1,0.2511946274227214,48
5268,5,26164,3878,22286,0,0,59,1.0,1.0,1.0,1.0,1.0,1,0.2640345163626397,47
5269,4,26168,3878,22290,0,0,59,1.0,1.0,1.0,1.0,1.0,1,0.2729443097564839,45
5270,3,26171,3879,22292,0,0,59,1.0,1.0,1.0,1.0,1.0,1,0.2764875087394681,47
5271,6,26177,3880,22297,0,0,59,1.0,1.0,1.0,1.0,1.0,1,0.3179983849915557,45
5272,10,26187,3883,22304,0,0,59,1.0,1.0,1.0,1.0,1.0,1,0.3180154337760657,46
5273,5,26192,3883,22309,0,0,59,1.0,1.0,1.0,1.0,1.0,1,0.3570090165046045,44
5274,4,26196,3885,22311,0,0,59,1.0,1.0,1.0,1.0,1.0,1,0.3422637712045011,44
5275,8,26204,3886,22318,0,0,59,1.0,1.0,1.0,1.0,1.0,1,0.40078118699739,46
5276,22,26226,3888,22338,0,0,59,1.0,1.0,1.0,1.0,1.0,1,0.13910487902621738,46
5277,7,26233,3891,22342,0,0,59,1.0,1.0,1.0,1.0,1.0,1,0.11687365913777185,46
5278,5,26238,3891,22347,0,0,59,1.0,1.0,1.0,1.0,1.0,1,0.10673970102991992,46
5279,7,26245,3892,22353,0,0,59,1.0,1.0,1.0,1.0,1.0,1,0.20156944141073327,47
5280,5,26250,3892,22358,0,0,59,1.0,1.0,1.0,1.0,1.0,1,0.1690344730758221,47
5281,4,26254,3892,22362,0,0,59,1.0,1.0,1.0,1.0,1.0,1,0.18286740376659294,48
5282,6,26260,3892,22368,0,0,59,1.0,1.0,1.0,1.0,1.0,1,0.14677063442474853,48
5283,8,26268,3893,22375,0,0,59,1.0,1.0,1.0,1.0,1.0,1,0.20959537447593787,49
5284,6,26274,3893,22381,0,0,59,1.0,1.0,1.0,1.0,1.0,1,0.17540316799097241,49
5285,11,26285,3893,22392,0,0,59,1.0,1.0,1.0,1.0,1.0,1,0.20659370067060204,50
5286,11,26296,3893,22403,0,0,59,1.0,1.0,1.0,1.0,1.0,1,0.17627265588433397,51
5287,12,26308,3893,22415,0,0,59,1.0,1.0,1.0,1.0,1.0,1,0.211812474470922,51
5288,10,26318,3893,22425,0,0,59,1.0,1.0,1.0,1.0,1.0,1,0.12553371163024474,51
5289,11,26329,3893,22436,0,0,59,1.0,1.0,1.0,1.0,1.0,1,0.21164815787623542,53
5290,13,26342,3893,22449,0,0,59,1.0,1.0,1.0,1.0,1.0,1,0.1956066252383483,53
5291,11,26353,3894,22459,0,0,59,1.0,1.0,1.0,1.0,1.0,1,0.1910631714142614,53
5292,7,26360,3894,22466,0,0,59,1.0,1.0,1.0,1.0,1.0,1,0.17249710975907517,53
5293,7,26367,3895,22472,0,0,59,1.0,1.0,1.0,1.0,1.0,1,0.21536796390563392,53
5294,9,26376,3897,22479,0,0,59,1.0,1.0,1.0,1.0,1.0,1,0.19598231901677785,54
5295,8,26384,3899,22485,0,0,59,1.0,1.0,1.0,1.0,1.0,1,0.2371916698497819,52
5296,7,26391,3900,22491,0,0,59,1.0,1.0,1.0,1.0,1.0,1,0.25977954371770945,49
5297,5,26396,3901,22495,0,0,59,1.0,1.0,1.0,1.0,1.0,1,0.2865765151717477,49
5298,9,26405,3902,22503,0,0,59,1.0,1.0,1.0,1.0,1.0,1,0.21235628873006723,49
5299,15,26420,3904,22516,0,0,59,1.0,1.0,1.0,1.0,1.0,1,0.1992836119844155,50
5300,11,26431,3904,22527,0,0,59,1.0,1.0,1.0,1.0,1.0,1,0.27792656172470276,48
5301,13,26444,3904,22540,0,0,59,1.0,1.0,1.0,1.0,1.0,1,0.08496341730299076,46
5302,2,26446,3904,22542,0,0,59,1.0,1.0,1.0,1.0,1.0,1,0.09597695747186595,47
5303,7,26453,3905,22548,0,0,59,1.0,1.0,1.0,1.0,1.0,1,0.1286796885508782,46
5304,3,26456,3906,22550,0,0,59,1.0,1.0,1.0,1.0,1.0,1,0.14506325003928852,45
5305,4,26460,3906,22554,0,0,59,1.0,1.0,1.0,1.0,1.0,1,0.15193308996259652,44
5306,3,26463,3907,22556,0,0,59,1.0,1.0,1.0,1.0,1.0,1,0.18582171004819192,42
5307,6,26469,3908,22561,0,0,59,1.0,1.0,1.0,1.0,1.0,1,0.18672525880843202,42
5308,5,26474,3910,22564,0,0,59,1.0,1.0,1.0,1.0,1.0,1,0.2062127440570506,43
5309,5,26479,3911,22568,0,0,59,1.0,1.0,1.0,1.0,1.0,1,0.19312167332967992,41
5310,3,26482,3911,22571,0,0,59,1.0,1.0,1.0,1.0,1.0,1,0.233712480281447,41
5311,7,26489,3912,22577,0,0,59,1.0,1.0,1.0,1.0,1.0,1,0.22100241070121737,42
5312,9,26498,3912,22586,0,0,59,1.0,1.0,1.0,1.0,1.0,1,0.22271986828455856,43
5313,9,26507,3912,22595,0,0,59,1.0,1.0,1.0,1.0,1.0,1,0.24313086764970537,44
5314,3,26510,3912,22598,0,0,59,1.0,1.0,1.0,1.0,1.0,1,0.21551002413166065,44
5315,4,26514,3913,22601,0,0,59,1.0,1.0,1.0,1.0,1.0,1,0.2192749839025807,45
5316,8,26522,3913,22609,0,0,59,1.0,1.0,1.0,1.0,1.0,1,0.19374721844178439,46
5317,7,26529,3913,22616,0,0,59,1.0,1.0,1.0,1.0,1.0,1,0.21732579484852138,46
5318,4,26533,3914,22619,0,0,59,1.0,1.0,1.0,1.0,1.0,1,0.2080180434568804,46
5319,15,26548,3915,22633,0,0,59,1.0,1.0,1.0,1.0,1.0,1,0.2112097980890145,47
5320,10,26558,3915,22643,0,0,59,1.0,1.0,1.0,1.0,1.0,1,0.2178654468095894,48
5321,13,26571,3916,22655,0,0,59,1.0,1.0,1.0,1.0,1.0,1,0.23190087659643105,49
5322,5,26576,3916,22660,0,0,59,1.0,1.0,1.0,1.0,1.0,1,0.2445140614654623,49
5323,11,26587,3916,22671,0,0,59,1.0,1.0,1.0,1.0,1.0,1,0.2462961425636632,51
5324,8,26595,3917,22678,0,0,59,1.0,1.0,1.0,1.0,1.0,1,0.2567390607406556,53
5325,6,26601,3917,22684,0,0,59,1.0,1.0,1.0,1.0,1.0,1,0.2567390607406556,53
5326,9,26610,3917,22693,0,0,59,1.0,1.0,1.0,1.0,1.0,1,0.10948943307025856,53
5327,3,26613,3917,22696,0,0,59,1.0,1.0,1.0,1.0,1.0,1,0.10861107410830587,53
5328,6,26619,3919,22700,0,0,59,1.0,1.0,1.0,1.0,1.0,1,0.09934337602536474,54
5329,3,26622,3920,22702,0,0,59,1.0,1.0,1.0,1.0,1.0,1,0.09684388857968135,53
5330,4,26626,3922,22704,0,0,59,1.0,1.0,1.0,1.0,1.0,1,0.15372607905828514,52
5331,1,26627,3922,22705,0,0,59,1.0,1.0,1.0,1.0,1.0,1,0.14418502426087654,51
5332,1,26628,3922,22706,0,0,59,1.0,1.0,1.0,1.0,1.0,1,0.15008241404476608,52
5333,7,26635,3922,22713,0,0,59,1.0,1.0,1.0,1.0,1.0,1,0.11351594762358952,53
5334,6,26641,3923,22718,0,0,59,1.0,1.0,1.0,1.0,1.0,1,0.11476322579379031,54
5335,7,26648,3923,22725,0,0,59,1.0,1.0,1.0,1.0,1.0,1,0.12439879109504552,55
5336,4,26652,3923,22729,0,0,59,1.0,1.0,1.0,1.0,1.0,1,0.14955630347647905,54
5337,8,26660,3924,22736,0,0,59,1.0,1.0,1.0,1.0,1.0,1,0.17224561500490526,55
5338,10,26670,3924,22746,0,0,59,1.0,1.0,1.0,1.0,1.0,1,0.17104696001925482,55
5339,7,26677,3924,22753,0,0,59,1.0,1.0,1.0,1.0,1.0,1,0.18792398643853123,55
5340,8,26685,3925,22760,0,0,59,1.0,1.0,1.0,1.0,1.0,1,0.17630831900561958,55
5341,12,26697,3925,22772,0,0,59,1.0,1.0,1.0,1.0,1.0,1,0.2002603647697444,54
5342,5,26702,3925,22777,0,0,59,1.0,1.0,1.0,1.0,1.0,1,0.24062730941383617,55
5343,8,26710,3926,22784,0,0,59,1.0,1.0,1.0,1.0,1.0,1,0.2324892301115679,54
5344,9,26719,3926,22793,0,0,59,1.0,1.0,1.0,1.0,1.0,1,0.2087451683722792,55
5345,13,26732,3928,22804,0,0,59,1.0,1.0,1.0,1.0,1.0,1,0.20482742063108075,53
5346,13,26745,3929,22816,0,0,59,1.0,1.0,1.0,1.0,1.0,1,0.2515095469074899,53
5347,16,26761,3930,22831,0,0,59,1.0,1.0,1.0,1.0,1.0,1,0.26440065960312537,51
5348,14,26775,3930,22845,0,0,59,1.0,1.0,1.0,1.0,1.0,1,0.18607011529439332,53
5349,6,26781,3931,22850,0,0,59,1.0,1.0,1.0,1.0,1.0,1,0.17380935675756884,52
5350,6,26787,3932,22855,0,0,59,1.0,1.0,1.0,1.0,1.0,1,0.21048178642605697,50
5351,9,26796,3933,22863,0,0,59,1.0,1.0,1.0,1.0,1.0,1,0.15678171213945946,52
5352,2,26798,3934,22864,0,0,59,1.0,1.0,1.0,1.0,1.0,1,0.11533583324663449,49
5353,0,26798,3934,22864,0,0,59,1.0,1.0,1.0,1.0,1.0,1,0.11533583324663449,49
5354,1,26799,3934,22865,0,0,59,1.0,1.0,1.0,1.0,1.0,1,0.07804826321362318,49
5355,0,26799,3934,22865,0,0,59,1.0,1.0,1.0,1.0,1.0,1,0.0925700120182188,48
5356,1,26800,3935,22865,0,0,59,1.0,1.0,1.0,1.0,1.0,1,0.11951587997086562,49
5357,1,26801,3935,22866,0,0,59,1.0,1.0,1.0,1.0,1.0,1,0.12926243653508665,47
5358,1,26802,3936,22866,0,0,59,1.0,1.0,1.0,1.0,1.0,1,0.14051059757446352,48
5359,1,26803,3936,22867,0,0,59,1.0,1.0,1.0,1.0,1.0,1,0.12414513199925835,48
5360,1,26804,3937,22867,0,0,59,1.0,1.0,1.0,1.0,1.0,1,0.1254752888323293,48
5361,2,26806,3938,22868,0,0,59,1.0,1.0,1.0,1.0,1.0,1,0.1510675364678007,50
5362,1,26807,3938,22869,0,0,59,1.0,1.0,1.0,1.0,1.0,1,0.16185573659839592,50
5363,3,26810,3939,22871,0,0,59,1.0,1.0,1.0,1.0,1.0,1,0.1550202247083114,50
5364,1,26811,3939,22872,0,0,59,1.0,1.0,1.0,1.0,1.0,1,0.16097761400037602,51
5365,3,26814,3939,22875,0,0,59,1.0,1.0,1.0,1.0,1.0,1,0.1635094333527502,52
5366,2,26816,3939,22877,0,0,59,1.0,1.0,1.0,1.0,1.0,1,0.18912461982551207,52
5367,1,26817,3939,22878,0,0,59,1.0,1.0,1.0,1.0,1.0,1,0.18694891677016115,54
5368,2,26819,3939,22880,0,0,59,1.0,1.0,1.0,1.0,1.0,1,0.20105632568714812,55
5369,8,26827,3941,22886,0,0,59,1.0,1.0,1.0,1.0,1.0,1,0.17759841366642481,53
5370,10,26837,3943,22894,0,0,59,1.0,1.0,1.0,1.0,1.0,1,0.2081524817719376,54
5371,11,26848,3946,22902,0,0,59,1.0,1.0,1.0,1.0,1.0,1,0.2874000129894182,53
5372,10,26858,3946,22912,0,0,59,1.0,1.0,1.0,1.0,1.0,1,0.26309535314504995,53
5373,9,26867,3946,22921,0,0,59,1.0,1.0,1.0,1.0,1.0,1,0.24831870829200117,52
5374,6,26873,3948,22925,0,0,59,1.0,1.0,1.0,1.0,1.0,1,0.23001569973936986,51
5375,6,26879,3948,22931,0,0,59,1.0,1.0,1.0,1.0,1.0,1,0.1996741372243527,52
5376,5,26884,3950,22934,0,0,59,1.0,1.0,1.0,1.0,1.0,1,0.19688829688489673,51
5377,3,26887,3950,22937,0,0,59,1.0,1.0,1.0,1.0,1.0,1,0.15742270122535015,52
5378,0,26887,3950,22937,0,0,59,1.0,1.0,1.0,1.0,1.0,1,0.1755393876359407,50
5379,1,26888,3951,22937,0,0,59,1.0,1.0,1.0,1.0,1.0,1,0.1728245260182331,50
5380,2,26890,3951,22939,0,0,59,1.0,1.0,1.0,1.0,1.0,1,0.17484731428280284,52
5381,0,26890,3951,22939,0,0,59,1.0,1.0,1.0,1.0,1.0,1,0.17484731428280284,52
5382,4,26894,3952,22942,0,0,59,1.0,1.0,1.0,1.0,1.0,1,0.15791609797421954,52
5383,3,26897,3952,22945,0,0,59,1.0,1.0,1.0,1.0,1.0,1,0.13512877327875003,51
5384,2,26899,3953,22946,0,0,59,1.0,1.0,1.0,1.0,1.0,1,0.09174571006471417,52
5385,1,26900,3954,22946,0,0,59,1.0,1.0,1.0,1.0,1.0,1,0.13005077847651783,51
5386,3,26903,3956,22947,0,0,59,1.0,1.0,1.0,1.0,1.0,1,0.10745081579290149,52
5387,1,26904,3956,22948,0,0,59,1.0,1.0,1.0,1.0,1.0,1,0.08208938713873942,53
5388,1,26905,3957,22948,0,0,59,1.0,1.0,1.0,1.0,1.0,1,0.08065861293005465,54
5389,2,26907,3959,22948,0,0,59,1.0,1.0,1.0,1.0,1.0,1,0.07987607590845987,55
5390,2,26909,3961,22948,0,0,59,1.0,1.0,1.0,1.0,1.0,1,0.1448627656275127,56
5391,5,26914,3961,22953,0,0,59,1.0,1.0,1.0,1.0,1.0,1,0.14066732780314498,56
5392,4,26918,3963,22955,0,0,59,1.0,1.0,1.0,1.0,1.0,1,0.14220200101893501,56
5393,3,26921,3964,22957,0,0,59,1.0,1.0,1.0,1.0,1.0,1,0.1283600359085653,54
5394,3,26924,3965,22959,0,0,59,1.0,1.0,1.0,1.0,1.0,1,0.12520543919756866,53
5395,3,26927,3967,22960,0,0,59,1.0,1.0,1.0,1.0,1.0,1,0.15733637739227707,53
5396,5,26932,3969,22963,0,0,59,1.0,1.0,1.0,1.0,1.0,1,0.17900571223660253,54
5397,6,26938,3970,22968,0,0,59,1.0,1.0,1.0,1.0,1.0,1,0.1590973538770551,53
5398,4,26942,3970,22972,0,0,59,1.0,1.0,1.0,1.0,1.0,1,0.11208795489444791,53
5399,2,26944,3971,22973,0,0,59,1.0,1.0,1.0,1.0,1.0,1,0.13710164081985834,55
5400,3,26947,3971,22976,0,0,59,1.0,1.0,1.0,1.0,1.0,1,0.13546064314966005,55
5401,12,26959,3974,22985,0,0,59,1.0,1.0,1.0,1.0,1.0,1,0.06740320951070143,56
5402,0,26959,3974,22985,0,0,59,1.0,1.0,1.0,1.0,1.0,1,0.0,0
