,SuccessfulHandoverCount,TotalSuccessfulHandoverCount,TotalSuccessfulHandoverCountRange,TotalSuccessfulHandoverCountLoadBalancing,TotalSuccessfulHandoverCountOverload,FailedHandoverCount,TotalFailedHandoverCount,AvgQoS,MinQoS,AvgQoS_LoadBased,MinQoS_LoadBased,AvgQoS_RangeBased,MinQoS_RangeBased,GiniLoad,VehicleCount
0,0,0,0,0,0,0,0,1.0,1,1.0,1,1.0,1,0.0,0
1,14,14,0,14,0,0,0,1.0,1,1.0,1,1.0,1,0.17914486793509235,26
2,11,25,0,25,0,0,0,1.0,1,1.0,1,1.0,1,0.0877328818033471,27
3,7,32,0,32,0,0,0,1.0,1,1.0,1,1.0,1,0.0496452199194441,28
4,12,44,0,44,0,0,0,1.0,1,1.0,1,1.0,1,0.07696510794267118,29
5,8,52,0,52,0,0,0,1.0,1,1.0,1,1.0,1,0.1006315499694059,29
6,6,58,0,58,0,0,0,1.0,1,1.0,1,1.0,1,0.12911101076049306,32
7,5,63,0,63,0,0,0,1.0,1,1.0,1,1.0,1,0.06791211056163107,33
8,9,72,0,72,0,0,0,1.0,1,1.0,1,1.0,1,0.11971137267425182,35
9,5,77,0,77,0,0,0,1.0,1,1.0,1,1.0,1,0.14010851647622377,35
10,7,84,0,84,0,0,0,1.0,1,1.0,1,1.0,1,0.14256155923477165,35
11,8,92,0,92,0,0,0,1.0,1,1.0,1,1.0,1,0.1413952781179207,35
12,7,99,0,99,0,0,0,1.0,1,1.0,1,1.0,1,0.1376679571086656,34
13,6,105,0,105,0,0,0,1.0,1,1.0,1,1.0,1,0.09480933019446325,32
14,4,109,0,109,0,0,0,1.0,1,1.0,1,1.0,1,0.12382082641976698,31
15,6,115,0,115,0,0,0,1.0,1,1.0,1,1.0,1,0.1095633769852326,30
16,9,124,0,124,0,0,0,1.0,1,1.0,1,1.0,1,0.14968115269620902,30
17,5,129,0,129,0,0,0,1.0,1,1.0,1,1.0,1,0.1639083032917552,29
18,3,132,0,132,0,0,0,1.0,1,1.0,1,1.0,1,0.13893609925417946,29
19,1,133,0,133,0,0,0,1.0,1,1.0,1,1.0,1,0.10690993329407109,28
20,4,137,0,137,0,0,0,1.0,1,1.0,1,1.0,1,0.15314209822698535,28
21,2,139,0,139,0,0,0,1.0,1,1.0,1,1.0,1,0.07981500749769231,28
22,0,139,0,139,0,0,0,1.0,1,1.0,1,1.0,1,0.07981500749769231,28
23,3,142,3,139,0,0,0,1.0,1,1.0,1,1.0,1,0.12449955186929708,27
24,2,144,4,140,0,0,0,1.0,1,1.0,1,1.0,1,0.19704719775309407,28
25,1,145,5,140,0,0,0,1.0,1,1.0,1,1.0,1,0.21745517022078215,28
26,4,149,6,143,0,0,0,1.0,1,1.0,1,1.0,1,0.19682132851109788,30
27,0,149,6,143,0,0,0,1.0,1,1.0,1,1.0,1,0.1845569619987305,30
28,2,151,7,144,0,0,0,1.0,1,1.0,1,1.0,1,0.2079369560106164,31
29,3,154,9,145,0,0,0,1.0,1,1.0,1,1.0,1,0.09737940946880998,30
30,0,154,9,145,0,0,0,1.0,1,1.0,1,1.0,1,0.09737940946880998,30
31,1,155,10,145,0,0,0,1.0,1,1.0,1,1.0,1,0.0875807358463035,31
32,0,155,10,145,0,0,0,1.0,1,1.0,1,1.0,1,0.10984947724134389,31
33,0,155,10,145,0,0,0,1.0,1,1.0,1,1.0,1,0.08254517782773253,31
34,1,156,11,145,0,0,0,1.0,1,1.0,1,1.0,1,0.18327101061263484,29
35,1,157,11,146,0,0,0,1.0,1,1.0,1,1.0,1,0.13098946897498834,30
36,0,157,11,146,0,0,0,1.0,1,1.0,1,1.0,1,0.16464253909798873,30
37,1,158,12,146,0,0,0,1.0,1,1.0,1,1.0,1,0.1899178086864639,31
38,3,161,14,147,0,0,0,1.0,1,1.0,1,1.0,1,0.21009583883432795,32
39,1,162,14,148,0,0,0,1.0,1,1.0,1,1.0,1,0.14298647772957016,36
40,5,167,14,153,0,0,0,1.0,1,1.0,1,1.0,1,0.13623534005951224,37
41,2,169,15,154,0,0,0,1.0,1,1.0,1,1.0,1,0.10395815253776089,37
42,0,169,15,154,0,0,0,1.0,1,1.0,1,1.0,1,0.1070546185071329,38
43,1,170,16,154,0,0,0,1.0,1,1.0,1,1.0,1,0.12874607706316202,40
44,0,170,16,154,0,0,0,1.0,1,1.0,1,1.0,1,0.12529944435316698,39
45,0,170,16,154,0,0,0,1.0,1,1.0,1,1.0,1,0.10248472057560915,40
46,0,170,16,154,0,0,0,1.0,1,1.0,1,1.0,1,0.10092869725672343,39
47,1,171,17,154,0,0,0,1.0,1,1.0,1,1.0,1,0.12446695170044897,39
48,0,171,17,154,0,0,0,1.0,1,1.0,1,1.0,1,0.12446695170044897,39
49,0,171,17,154,0,0,0,1.0,1,1.0,1,1.0,1,0.09071207385659665,37
50,1,172,18,154,0,0,0,1.0,1,1.0,1,1.0,1,0.09905990090798265,35
51,0,172,18,154,0,0,0,1.0,1,1.0,1,1.0,1,0.08622532332290857,34
52,0,172,18,154,0,0,0,1.0,1,1.0,1,1.0,1,0.06615474021088076,34
53,0,172,18,154,0,0,0,1.0,1,1.0,1,1.0,1,0.0668890907567361,35
54,0,172,18,154,0,0,0,1.0,1,1.0,1,1.0,1,0.03942953260138573,36
55,1,173,19,154,0,0,0,1.0,1,1.0,1,1.0,1,0.07036177263204854,36
56,5,178,23,155,0,0,0,1.0,1,1.0,1,1.0,1,0.14351527597465086,36
57,1,179,23,156,0,0,0,1.0,1,1.0,1,1.0,1,0.13709854457037332,37
58,4,183,26,157,0,0,0,1.0,1,1.0,1,1.0,1,0.12939605587147993,38
59,2,185,28,157,0,0,0,1.0,1,1.0,1,1.0,1,0.1580127096918024,37
60,0,185,28,157,0,0,0,1.0,1,1.0,1,1.0,1,0.14153494898570113,38
61,7,192,31,161,0,0,0,1.0,1,1.0,1,1.0,1,0.07463881646359709,37
62,1,193,32,161,0,0,0,1.0,1,1.0,1,1.0,1,0.09491091869724722,39
63,0,193,32,161,0,0,0,1.0,1,1.0,1,1.0,1,0.09491091869724722,39
64,1,194,33,161,0,0,0,1.0,1,1.0,1,1.0,1,0.11020080030638,38
65,1,195,34,161,0,0,0,1.0,1,1.0,1,1.0,1,0.10774157287663937,39
66,0,195,34,161,0,0,0,1.0,1,1.0,1,1.0,1,0.10638749265728119,39
67,1,196,35,161,0,0,0,1.0,1,1.0,1,1.0,1,0.08268118955616875,36
68,2,198,37,161,0,0,0,1.0,1,1.0,1,1.0,1,0.14256570430642573,36
69,1,199,38,161,0,0,0,1.0,1,1.0,1,1.0,1,0.1415245520171945,37
70,0,199,38,161,0,0,0,1.0,1,1.0,1,1.0,1,0.15949249356393108,36
71,1,200,39,161,0,0,0,1.0,1,1.0,1,1.0,1,0.11460401018978146,38
72,1,201,40,161,0,0,0,1.0,1,1.0,1,1.0,1,0.10051584960178878,38
73,1,202,41,161,0,0,0,1.0,1,1.0,1,1.0,1,0.10756988669356292,37
74,2,204,43,161,0,0,0,1.0,1,1.0,1,1.0,1,0.07305225452581858,38
75,0,204,43,161,0,0,0,1.0,1,1.0,1,1.0,1,0.07305225452581858,38
76,1,205,44,161,0,0,0,1.0,1,1.0,1,1.0,1,0.07982385285858824,39
77,1,206,44,162,0,0,0,1.0,1,1.0,1,1.0,1,0.09072524414879167,40
78,0,206,44,162,0,0,0,1.0,1,1.0,1,1.0,1,0.06686666578147804,41
79,1,207,45,162,0,0,0,1.0,1,1.0,1,1.0,1,0.08097896257695064,41
80,0,207,45,162,0,0,0,1.0,1,1.0,1,1.0,1,0.08097896257695064,41
81,2,209,46,163,0,0,0,1.0,1,1.0,1,1.0,1,0.08088851257465603,41
82,0,209,46,163,0,0,0,1.0,1,1.0,1,1.0,1,0.0760534629844638,44
83,0,209,46,163,0,0,0,1.0,1,1.0,1,1.0,1,0.0760534629844638,44
84,0,209,46,163,0,0,0,1.0,1,1.0,1,1.0,1,0.08995449064507416,45
85,1,210,47,163,0,0,0,1.0,1,1.0,1,1.0,1,0.10963494336077201,45
86,0,210,47,163,0,0,0,1.0,1,1.0,1,1.0,1,0.10963494336077201,45
87,2,212,48,164,0,0,0,1.0,1,1.0,1,1.0,1,0.10843912625334903,44
88,2,214,49,165,0,0,0,1.0,1,1.0,1,1.0,1,0.11523372429093512,44
89,0,214,49,165,0,0,0,1.0,1,1.0,1,1.0,1,0.07805782420678054,43
90,0,214,49,165,0,0,0,1.0,1,1.0,1,1.0,1,0.09545040473407032,44
91,1,215,50,165,0,0,0,1.0,1,1.0,1,1.0,1,0.11816824577844023,44
92,0,215,50,165,0,0,0,1.0,1,1.0,1,1.0,1,0.1145992126179383,43
93,0,215,50,165,0,0,0,1.0,1,1.0,1,1.0,1,0.131742058479305,44
94,0,215,50,165,0,0,0,1.0,1,1.0,1,1.0,1,0.131742058479305,44
95,0,215,50,165,0,0,0,1.0,1,1.0,1,1.0,1,0.13194365650595152,43
96,1,216,51,165,0,0,0,1.0,1,1.0,1,1.0,1,0.12138879382261682,44
97,1,217,52,165,0,0,0,1.0,1,1.0,1,1.0,1,0.13713521660100328,44
98,2,219,54,165,0,0,0,1.0,1,1.0,1,1.0,1,0.2095837266470095,43
99,0,219,54,165,0,0,0,1.0,1,1.0,1,1.0,1,0.2095837266470095,43
100,3,222,56,166,0,0,0,1.0,1,1.0,1,1.0,1,0.22395208701088481,47
101,2,224,56,168,0,0,0,1.0,1,1.0,1,1.0,1,0.2066857904585979,47
102,1,225,57,168,0,0,0,1.0,1,1.0,1,1.0,1,0.22938290260928162,47
103,3,228,58,170,0,0,0,1.0,1,1.0,1,1.0,1,0.15018149315355028,46
104,3,231,60,171,0,0,0,1.0,1,1.0,1,1.0,1,0.10790901764613241,45
105,3,234,62,172,0,0,0,1.0,1,1.0,1,1.0,1,0.07649942536649726,44
106,5,239,64,175,0,0,0,1.0,1,1.0,1,1.0,1,0.060752439358865706,45
107,6,245,65,180,0,0,0,1.0,1,1.0,1,1.0,1,0.05295803066506867,44
108,3,248,66,182,0,0,0,1.0,1,1.0,1,1.0,1,0.03207646244760288,46
109,4,252,69,183,0,0,0,1.0,1,1.0,1,1.0,1,0.049399081222248176,46
110,1,253,70,183,0,0,0,1.0,1,1.0,1,1.0,1,0.04472366420523883,46
111,2,255,72,183,0,0,0,1.0,1,1.0,1,1.0,1,0.042590105950038905,46
112,4,259,75,184,0,0,0,1.0,1,1.0,1,1.0,1,0.08132628297644387,46
113,1,260,76,184,0,0,0,1.0,1,1.0,1,1.0,1,0.08058214497461538,46
114,2,262,76,186,0,0,0,1.0,1,1.0,1,1.0,1,0.06977396881593179,46
115,0,262,76,186,0,0,0,1.0,1,1.0,1,1.0,1,0.07783161994176598,47
116,0,262,76,186,0,0,0,1.0,1,1.0,1,1.0,1,0.07783161994176598,47
117,0,262,76,186,0,0,0,1.0,1,1.0,1,1.0,1,0.08707608919572932,45
118,2,264,77,187,0,0,0,1.0,1,1.0,1,1.0,1,0.10690024045990358,46
119,1,265,78,187,0,0,0,1.0,1,1.0,1,1.0,1,0.11626396191644485,46
120,3,268,79,189,0,0,0,1.0,1,1.0,1,1.0,1,0.13309603036124468,47
121,2,270,79,191,0,0,0,1.0,1,1.0,1,1.0,1,0.12047166656517536,46
122,0,270,79,191,0,0,0,1.0,1,1.0,1,1.0,1,0.12047166656517536,46
123,0,270,79,191,0,0,0,1.0,1,1.0,1,1.0,1,0.128743348588057,45
124,1,271,80,191,0,0,0,1.0,1,1.0,1,1.0,1,0.14341351829300925,46
125,0,271,80,191,0,0,0,1.0,1,1.0,1,1.0,1,0.13928796677423771,44
126,0,271,80,191,0,0,0,1.0,1,1.0,1,1.0,1,0.1410210407906701,45
127,0,271,80,191,0,0,0,1.0,1,1.0,1,1.0,1,0.14096286381282855,45
128,0,271,80,191,0,0,0,1.0,1,1.0,1,1.0,1,0.12781250337381356,46
129,2,273,82,191,0,0,0,1.0,1,1.0,1,1.0,1,0.11844920878391711,48
130,1,274,83,191,0,0,0,1.0,1,1.0,1,1.0,1,0.10991308795598552,48
131,3,277,84,193,0,0,0,1.0,1,1.0,1,1.0,1,0.08814711052989631,49
132,3,280,86,194,0,0,0,1.0,1,1.0,1,1.0,1,0.09024073609106087,51
133,3,283,88,195,0,0,0,1.0,1,1.0,1,1.0,1,0.06919600681894363,49
134,6,289,93,196,0,0,0,1.0,1,1.0,1,1.0,1,0.09670439034763134,49
135,0,289,93,196,0,0,0,1.0,1,1.0,1,1.0,1,0.0703051556094025,49
136,3,292,96,196,0,0,0,1.0,1,1.0,1,1.0,1,0.1014566648735655,48
137,1,293,96,197,0,0,0,1.0,1,1.0,1,1.0,1,0.08507492388677579,47
138,4,297,100,197,0,0,0,1.0,1,1.0,1,1.0,1,0.11259759021124613,48
139,3,300,103,197,0,0,0,1.0,1,1.0,1,1.0,1,0.16178601345411286,48
140,4,304,104,200,0,0,0,1.0,1,1.0,1,1.0,1,0.13207371944541815,49
141,3,307,104,203,0,0,0,1.0,1,1.0,1,1.0,1,0.07424893035250076,49
142,2,309,106,203,0,0,0,1.0,1,1.0,1,1.0,1,0.029080875559881,49
143,0,309,106,203,0,0,0,1.0,1,1.0,1,1.0,1,0.051071889315155966,47
144,2,311,108,203,0,0,0,1.0,1,1.0,1,1.0,1,0.04021232259140942,46
145,1,312,109,203,0,0,0,1.0,1,1.0,1,1.0,1,0.09827958669006173,44
146,1,313,110,203,0,0,0,1.0,1,1.0,1,1.0,1,0.10627376335452536,44
147,0,313,110,203,0,0,0,1.0,1,1.0,1,1.0,1,0.12297651661805672,43
148,0,313,110,203,0,0,0,1.0,1,1.0,1,1.0,1,0.16034613535164843,43
149,1,314,111,203,0,0,0,1.0,1,1.0,1,1.0,1,0.1674432460564712,43
150,1,315,112,203,0,0,0,1.0,1,1.0,1,1.0,1,0.18063164106013405,42
151,1,316,113,203,0,0,0,1.0,1,1.0,1,1.0,1,0.21584006094001465,42
152,1,317,114,203,0,0,0,1.0,1,1.0,1,1.0,1,0.2287094514248041,42
153,0,317,114,203,0,0,0,1.0,1,1.0,1,1.0,1,0.21044604940850958,42
154,0,317,114,203,0,0,0,1.0,1,1.0,1,1.0,1,0.22706116543741567,43
155,0,317,114,203,0,0,0,1.0,1,1.0,1,1.0,1,0.21494814345041033,43
156,0,317,114,203,0,0,0,1.0,1,1.0,1,1.0,1,0.2270821572509228,42
157,0,317,114,203,0,0,0,1.0,1,1.0,1,1.0,1,0.25149703506923105,41
158,2,319,116,203,0,0,0,1.0,1,1.0,1,1.0,1,0.17824262835599314,42
159,0,319,116,203,0,0,0,1.0,1,1.0,1,1.0,1,0.17973377232025076,43
160,6,325,120,205,0,0,0,1.0,1,1.0,1,1.0,1,0.23953557592342317,44
161,5,330,121,209,0,0,0,1.0,1,1.0,1,1.0,1,0.19668204823227606,44
162,2,332,122,210,0,0,0,1.0,1,1.0,1,1.0,1,0.2131352213661899,45
163,1,333,123,210,0,0,0,1.0,1,1.0,1,1.0,1,0.25776412396805876,43
164,3,336,124,212,0,0,0,1.0,1,1.0,1,1.0,1,0.2294086719840785,42
165,4,340,127,213,0,0,0,1.0,1,1.0,1,1.0,1,0.18557104657029846,42
166,2,342,128,214,0,0,0,1.0,1,1.0,1,1.0,1,0.16622448765216244,42
167,2,344,130,214,0,0,0,1.0,1,1.0,1,1.0,1,0.12878318798303556,41
168,0,344,130,214,0,0,0,1.0,1,1.0,1,1.0,1,0.12468394521738066,40
169,2,346,132,214,0,0,0,1.0,1,1.0,1,1.0,1,0.11416656325125905,40
170,1,347,133,214,0,0,0,1.0,1,1.0,1,1.0,1,0.09449678140867965,38
171,3,350,136,214,0,0,0,1.0,1,1.0,1,1.0,1,0.10835460018704424,37
172,4,354,140,214,0,0,0,1.0,1,1.0,1,1.0,1,0.11365803383941013,35
173,0,354,140,214,0,0,0,1.0,1,1.0,1,1.0,1,0.13411660741252618,36
174,2,356,142,214,0,0,0,1.0,1,1.0,1,1.0,1,0.1379239142656809,34
175,0,356,142,214,0,0,0,1.0,1,1.0,1,1.0,1,0.10192300482078562,33
176,1,357,143,214,0,0,0,1.0,1,1.0,1,1.0,1,0.1255137328550208,34
177,0,357,143,214,0,0,0,1.0,1,1.0,1,1.0,1,0.11359642684103258,36
178,3,360,146,214,0,0,0,1.0,1,1.0,1,1.0,1,0.1359605529927957,37
179,2,362,147,215,0,0,0,1.0,1,1.0,1,1.0,1,0.10406826349031928,37
180,0,362,147,215,0,0,0,1.0,1,1.0,1,1.0,1,0.1138043779299967,36
181,2,364,149,215,0,0,0,1.0,1,1.0,1,1.0,1,0.0667917171566158,36
182,0,364,149,215,0,0,0,1.0,1,1.0,1,1.0,1,0.06691825870041347,38
183,1,365,150,215,0,0,0,1.0,1,1.0,1,1.0,1,0.07161085556876551,37
184,0,365,150,215,0,0,0,1.0,1,1.0,1,1.0,1,0.08449424592407717,36
185,1,366,151,215,0,0,0,1.0,1,1.0,1,1.0,1,0.11419468176096932,35
186,0,366,151,215,0,0,0,1.0,1,1.0,1,1.0,1,0.12987755318754476,34
187,2,368,153,215,0,0,0,1.0,1,1.0,1,1.0,1,0.16614028275806444,33
188,1,369,154,215,0,0,0,1.0,1,1.0,1,1.0,1,0.19104441665469046,33
189,2,371,156,215,0,0,0,1.0,1,1.0,1,1.0,1,0.16691236828682068,33
190,0,371,156,215,0,0,0,1.0,1,1.0,1,1.0,1,0.19423975185326617,32
191,2,373,158,215,0,0,0,1.0,1,1.0,1,1.0,1,0.2198455517353631,34
192,0,373,158,215,0,0,0,1.0,1,1.0,1,1.0,1,0.2198455517353631,34
193,0,373,158,215,0,0,0,1.0,1,1.0,1,1.0,1,0.20841607213739385,35
194,1,374,158,216,0,0,0,1.0,1,1.0,1,1.0,1,0.19786814717600773,37
195,0,374,158,216,0,0,0,1.0,1,1.0,1,1.0,1,0.22010719713097054,36
196,0,374,158,216,0,0,0,1.0,1,1.0,1,1.0,1,0.22010719713097054,36
197,0,374,158,216,0,0,0,1.0,1,1.0,1,1.0,1,0.20888079189758854,37
198,3,377,161,216,0,0,0,1.0,1,1.0,1,1.0,1,0.24621711928497303,37
199,1,378,161,217,0,0,0,1.0,1,1.0,1,1.0,1,0.22855574152852529,37
200,2,380,163,217,0,0,0,1.0,1,1.0,1,1.0,1,0.2514566331414763,37
201,5,385,164,221,0,0,0,1.0,1,1.0,1,1.0,1,0.16223096346867785,36
202,1,386,165,221,0,0,0,1.0,1,1.0,1,1.0,1,0.15218860932224693,36
203,3,389,167,222,0,0,0,1.0,1,1.0,1,1.0,1,0.12737863791405932,35
204,0,389,167,222,0,0,0,1.0,1,1.0,1,1.0,1,0.1266675208975,35
205,4,393,171,222,0,0,0,1.0,1,1.0,1,1.0,1,0.07920941209514717,35
206,2,395,172,223,0,0,0,1.0,1,1.0,1,1.0,1,0.042756504929849885,34
207,0,395,172,223,0,0,0,1.0,1,1.0,1,1.0,1,0.06874429081400182,34
208,2,397,173,224,0,0,0,1.0,1,1.0,1,1.0,1,0.10848168655781394,33
209,0,397,173,224,0,0,0,1.0,1,1.0,1,1.0,1,0.1317394148152542,33
210,1,398,174,224,0,0,0,1.0,1,1.0,1,1.0,1,0.14694416360730903,34
211,1,399,175,224,0,0,0,1.0,1,1.0,1,1.0,1,0.20055724267911157,33
212,0,399,175,224,0,0,0,1.0,1,1.0,1,1.0,1,0.20055724267911157,33
213,2,401,176,225,0,0,0,1.0,1,1.0,1,1.0,1,0.14390356307608412,35
214,3,404,179,225,0,0,0,1.0,1,1.0,1,1.0,1,0.09927688868291211,34
215,1,405,180,225,0,0,0,1.0,1,1.0,1,1.0,1,0.07142404434476869,35
216,1,406,181,225,0,0,0,1.0,1,1.0,1,1.0,1,0.08302479771887594,36
217,1,407,182,225,0,0,0,1.0,1,1.0,1,1.0,1,0.10303574270853624,36
218,1,408,183,225,0,0,0,1.0,1,1.0,1,1.0,1,0.1399036514121203,36
219,4,412,183,229,0,0,0,1.0,1,1.0,1,1.0,1,0.11742871768305972,37
220,1,413,184,229,0,0,0,1.0,1,1.0,1,1.0,1,0.11269049615842136,38
221,1,414,184,230,0,0,0,1.0,1,1.0,1,1.0,1,0.09895393528811336,37
222,1,415,185,230,0,0,0,1.0,1,1.0,1,1.0,1,0.05855217775615347,38
223,0,415,185,230,0,0,0,1.0,1,1.0,1,1.0,1,0.05855217775615347,38
224,1,416,186,230,0,0,0,1.0,1,1.0,1,1.0,1,0.15038894061808405,38
225,3,419,188,231,0,0,0,1.0,1,1.0,1,1.0,1,0.1631274617523531,36
226,1,420,189,231,0,0,0,1.0,1,1.0,1,1.0,1,0.1647539978199313,37
227,4,424,193,231,0,0,0,1.0,1,1.0,1,1.0,1,0.17416111416627245,35
228,2,426,195,231,0,0,0,1.0,1,1.0,1,1.0,1,0.13432225536229436,35
229,3,429,198,231,0,0,0,1.0,1,1.0,1,1.0,1,0.13314608594278135,35
230,2,431,199,232,0,0,0,1.0,1,1.0,1,1.0,1,0.11652344577060912,35
231,4,435,202,233,0,0,0,1.0,1,1.0,1,1.0,1,0.12452892180888267,35
232,2,437,204,233,0,0,0,1.0,1,1.0,1,1.0,1,0.08724612265527007,36
233,1,438,205,233,0,0,0,1.0,1,1.0,1,1.0,1,0.07670142736531359,36
234,0,438,205,233,0,0,0,1.0,1,1.0,1,1.0,1,0.10886666213224033,34
235,2,440,207,233,0,0,0,1.0,1,1.0,1,1.0,1,0.08930946414662007,33
236,1,441,208,233,0,0,0,1.0,1,1.0,1,1.0,1,0.1152633666850188,31
237,0,441,208,233,0,0,0,1.0,1,1.0,1,1.0,1,0.12025025369981952,32
238,1,442,209,233,0,0,0,1.0,1,1.0,1,1.0,1,0.14428289568359332,31
239,1,443,210,233,0,0,0,1.0,1,1.0,1,1.0,1,0.17930878961074423,30
240,1,444,211,233,0,0,0,1.0,1,1.0,1,1.0,1,0.19775918291541353,27
241,6,450,215,235,0,0,0,1.0,1,1.0,1,1.0,1,0.18865667078725404,27
242,0,450,215,235,0,0,0,1.0,1,1.0,1,1.0,1,0.13886320423333526,28
243,2,452,217,235,0,0,0,1.0,1,1.0,1,1.0,1,0.14770806188887536,28
244,1,453,218,235,0,0,0,1.0,1,1.0,1,1.0,1,0.13120525922155177,27
245,1,454,218,236,0,0,0,1.0,1,1.0,1,1.0,1,0.10293555756140205,27
246,1,455,219,236,0,0,0,1.0,1,1.0,1,1.0,1,0.11203090377221656,25
247,0,455,219,236,0,0,0,1.0,1,1.0,1,1.0,1,0.07903903572917664,24
248,0,455,219,236,0,0,0,1.0,1,1.0,1,1.0,1,0.08092737122547251,24
249,0,455,219,236,0,0,0,1.0,1,1.0,1,1.0,1,0.10839951985278404,25
250,0,455,219,236,0,0,0,1.0,1,1.0,1,1.0,1,0.09837599589036768,27
251,1,456,219,237,0,0,0,1.0,1,1.0,1,1.0,1,0.06390011877654891,27
252,1,457,220,237,0,0,0,1.0,1,1.0,1,1.0,1,0.09504361052108763,27
253,1,458,221,237,0,0,0,1.0,1,1.0,1,1.0,1,0.15802538000785715,29
254,3,461,224,237,0,0,0,1.0,1,1.0,1,1.0,1,0.16855403698451815,30
255,1,462,225,237,0,0,0,1.0,1,1.0,1,1.0,1,0.18921420648469392,31
256,2,464,227,237,0,0,0,1.0,1,1.0,1,1.0,1,0.20257276040669242,31
257,2,466,228,238,0,0,0,1.0,1,1.0,1,1.0,1,0.16792833123798764,33
258,1,467,229,238,0,0,0,1.0,1,1.0,1,1.0,1,0.19198266726619576,33
259,0,467,229,238,0,0,0,1.0,1,1.0,1,1.0,1,0.19198266726619576,33
260,3,470,232,238,0,0,0,1.0,1,1.0,1,1.0,1,0.13871598262189427,35
261,4,474,233,241,0,0,0,1.0,1,1.0,1,1.0,1,0.08505846438440745,35
262,0,474,233,241,0,0,0,1.0,1,1.0,1,1.0,1,0.08505846438440745,35
263,0,474,233,241,0,0,0,1.0,1,1.0,1,1.0,1,0.10554819404408171,34
264,0,474,233,241,0,0,0,1.0,1,1.0,1,1.0,1,0.13498511027456978,32
265,2,476,235,241,0,0,0,1.0,1,1.0,1,1.0,1,0.1575266692475877,30
266,1,477,236,241,0,0,0,1.0,1,1.0,1,1.0,1,0.15876460570465173,31
267,2,479,238,241,0,0,0,1.0,1,1.0,1,1.0,1,0.10567027579403773,30
268,2,481,239,242,0,0,0,1.0,1,1.0,1,1.0,1,0.10914411274416207,31
269,1,482,240,242,0,0,0,1.0,1,1.0,1,1.0,1,0.1482519117223054,31
270,1,483,241,242,0,0,0,1.0,1,1.0,1,1.0,1,0.21552920402289785,32
271,0,483,241,242,0,0,0,1.0,1,1.0,1,1.0,1,0.23929770096432096,31
272,2,485,242,243,0,0,0,1.0,1,1.0,1,1.0,1,0.3166054345234442,32
273,1,486,242,244,0,0,0,1.0,1,1.0,1,1.0,1,0.2869573929462173,32
274,0,486,242,244,0,0,0,1.0,1,1.0,1,1.0,1,0.2869573929462173,32
275,1,487,243,244,0,0,0,1.0,1,1.0,1,1.0,1,0.25830815293591514,33
276,3,490,244,246,0,0,0,1.0,1,1.0,1,1.0,1,0.26767067933971,34
277,2,492,245,247,0,0,0,1.0,1,1.0,1,1.0,1,0.2423013749953929,32
278,2,494,245,249,0,0,0,1.0,1,1.0,1,1.0,1,0.2073061049753173,31
279,1,495,245,250,0,0,0,1.0,1,1.0,1,1.0,1,0.1713970864877599,31
280,0,495,245,250,0,0,0,1.0,1,1.0,1,1.0,1,0.16775580275046556,30
281,2,497,245,252,0,0,0,1.0,1,1.0,1,1.0,1,0.08432652827894946,31
282,0,497,245,252,0,0,0,1.0,1,1.0,1,1.0,1,0.030508556516476618,30
283,2,499,246,253,0,0,0,1.0,1,1.0,1,1.0,1,0.048045824288828386,31
284,2,501,248,253,0,0,0,1.0,1,1.0,1,1.0,1,0.059999595948971876,31
285,3,504,251,253,0,0,0,1.0,1,1.0,1,1.0,1,0.14861975449517512,31
286,1,505,251,254,0,0,0,1.0,1,1.0,1,1.0,1,0.14985088785132178,31
287,1,506,252,254,0,0,0,1.0,1,1.0,1,1.0,1,0.20672557845933154,33
288,0,506,252,254,0,0,0,1.0,1,1.0,1,1.0,1,0.15582958051518725,32
289,0,506,252,254,0,0,0,1.0,1,1.0,1,1.0,1,0.14484782947654087,32
290,0,506,252,254,0,0,0,1.0,1,1.0,1,1.0,1,0.12966569184176432,31
291,0,506,252,254,0,0,0,1.0,1,1.0,1,1.0,1,0.14316052173859464,30
292,0,506,252,254,0,0,0,1.0,1,1.0,1,1.0,1,0.09461159106467955,32
293,0,506,252,254,0,0,0,1.0,1,1.0,1,1.0,1,0.09461159106467955,32
294,0,506,252,254,0,0,0,1.0,1,1.0,1,1.0,1,0.09461159106467955,32
295,2,508,253,255,0,0,0,1.0,1,1.0,1,1.0,1,0.13296776473829316,34
296,2,510,254,256,0,0,0,1.0,1,1.0,1,1.0,1,0.14212121408772663,34
297,0,510,254,256,0,0,0,1.0,1,1.0,1,1.0,1,0.14212121408772663,34
298,1,511,254,257,0,0,0,1.0,1,1.0,1,1.0,1,0.11509850675277038,35
299,0,511,254,257,0,0,0,1.0,1,1.0,1,1.0,1,0.14375881050919326,35
300,3,514,256,258,0,0,0,1.0,1,1.0,1,1.0,1,0.15284253165771383,35
301,4,518,257,261,0,0,0,1.0,1,1.0,1,1.0,1,0.0773028863097161,38
302,2,520,258,262,0,0,0,1.0,1,1.0,1,1.0,1,0.05149058107380435,38
303,1,521,259,262,0,0,0,1.0,1,1.0,1,1.0,1,0.0728748567922354,37
304,1,522,259,263,0,0,0,1.0,1,1.0,1,1.0,1,0.11063303440964706,37
305,1,523,260,263,0,0,0,1.0,1,1.0,1,1.0,1,0.1693905633264861,36
306,2,525,261,264,0,0,0,1.0,1,1.0,1,1.0,1,0.17369313990289048,36
307,2,527,261,266,0,0,0,1.0,1,1.0,1,1.0,1,0.20345597693782363,35
308,1,528,262,266,0,0,0,1.0,1,1.0,1,1.0,1,0.17896671581485785,37
309,0,528,262,266,0,0,0,1.0,1,1.0,1,1.0,1,0.17896671581485785,37
310,1,529,262,267,0,0,0,1.0,1,1.0,1,1.0,1,0.16701765570548774,37
311,1,530,263,267,0,0,0,1.0,1,1.0,1,1.0,1,0.14144768107810174,39
312,0,530,263,267,0,0,0,1.0,1,1.0,1,1.0,1,0.11498068363428282,40
313,0,530,263,267,0,0,0,1.0,1,1.0,1,1.0,1,0.13517642898333673,39
314,1,531,264,267,0,0,0,1.0,1,1.0,1,1.0,1,0.1640169360941125,40
315,2,533,266,267,0,0,0,1.0,1,1.0,1,1.0,1,0.14137453417898657,39
316,0,533,266,267,0,0,0,1.0,1,1.0,1,1.0,1,0.14137453417898657,39
317,2,535,266,269,0,0,0,1.0,1,1.0,1,1.0,1,0.12246338143419541,40
318,1,536,266,270,0,0,0,1.0,1,1.0,1,1.0,1,0.10369935447317802,41
319,0,536,266,270,0,0,0,1.0,1,1.0,1,1.0,1,0.11183865521954205,41
320,1,537,267,270,0,0,0,1.0,1,1.0,1,1.0,1,0.1048185876489041,41
321,3,540,268,272,0,0,0,1.0,1,1.0,1,1.0,1,0.06925450017996657,41
322,2,542,270,272,0,0,0,1.0,1,1.0,1,1.0,1,0.08527193452401605,41
323,0,542,270,272,0,0,0,1.0,1,1.0,1,1.0,1,0.08527193452401605,41
324,2,544,272,272,0,0,0,1.0,1,1.0,1,1.0,1,0.12273617715885016,42
325,1,545,273,272,0,0,0,1.0,1,1.0,1,1.0,1,0.16045847935628962,42
326,1,546,274,272,0,0,0,1.0,1,1.0,1,1.0,1,0.20399223087655716,42
327,1,547,275,272,0,0,0,1.0,1,1.0,1,1.0,1,0.17543833850830973,42
328,0,547,275,272,0,0,0,1.0,1,1.0,1,1.0,1,0.16852477143580646,43
329,0,547,275,272,0,0,0,1.0,1,1.0,1,1.0,1,0.16852477143580646,43
330,0,547,275,272,0,0,0,1.0,1,1.0,1,1.0,1,0.16341774633709846,45
331,0,547,275,272,0,0,0,1.0,1,1.0,1,1.0,1,0.16341774633709846,45
332,0,547,275,272,0,0,0,1.0,1,1.0,1,1.0,1,0.1486618482621665,45
333,0,547,275,272,0,0,0,1.0,1,1.0,1,1.0,1,0.1442373244564097,46
334,1,548,276,272,0,0,0,1.0,1,1.0,1,1.0,1,0.13964951219561006,48
335,1,549,277,272,0,0,0,1.0,1,1.0,1,1.0,1,0.1504621896680105,48
336,1,550,278,272,0,0,0,1.0,1,1.0,1,1.0,1,0.17492564752690806,48
337,1,551,278,273,0,0,0,1.0,1,1.0,1,1.0,1,0.17995298512843555,49
338,0,551,278,273,0,0,0,1.0,1,1.0,1,1.0,1,0.1699735562031135,50
339,1,552,279,273,0,0,0,1.0,1,1.0,1,1.0,1,0.19292196210835372,50
340,0,552,279,273,0,0,0,1.0,1,1.0,1,1.0,1,0.19292196210835372,50
341,4,556,279,277,0,0,0,1.0,1,1.0,1,1.0,1,0.16218445088941127,51
342,0,556,279,277,0,0,0,1.0,1,1.0,1,1.0,1,0.16218445088941127,51
343,2,558,280,278,0,0,0,1.0,1,1.0,1,1.0,1,0.12953162053080153,51
344,0,558,280,278,0,0,0,1.0,1,1.0,1,1.0,1,0.12487165039298274,50
345,0,558,280,278,0,0,0,1.0,1,1.0,1,1.0,1,0.1375929282495389,51
346,1,559,281,278,0,0,0,1.0,1,1.0,1,1.0,1,0.13599468025977365,51
347,5,564,286,278,0,0,0,1.0,1,1.0,1,1.0,1,0.1690495945898622,51
348,3,567,288,279,0,0,0,1.0,1,1.0,1,1.0,1,0.09870578027837262,53
349,2,569,289,280,0,0,0,1.0,1,1.0,1,1.0,1,0.10515143642094757,55
350,0,569,289,280,0,0,0,1.0,1,1.0,1,1.0,1,0.12503474244989116,54
351,3,572,292,280,0,0,0,1.0,1,1.0,1,1.0,1,0.10738061432629739,54
352,1,573,293,280,0,0,0,1.0,1,1.0,1,1.0,1,0.14069404154867227,53
353,6,579,296,283,0,0,0,1.0,1,1.0,1,1.0,1,0.08355595585673335,53
354,2,581,297,284,0,0,0,1.0,1,1.0,1,1.0,1,0.12078486304775439,50
355,3,584,298,286,0,0,0,1.0,1,1.0,1,1.0,1,0.126002299262737,51
356,3,587,299,288,0,0,0,1.0,1,1.0,1,1.0,1,0.12402526799144349,51
357,4,591,302,289,0,0,0,1.0,1,1.0,1,1.0,1,0.15981603085000137,50
358,4,595,305,290,0,0,0,1.0,1,1.0,1,1.0,1,0.17215611631739552,48
359,3,598,306,292,0,0,0,1.0,1,1.0,1,1.0,1,0.14590213631522078,47
360,1,599,306,293,0,0,0,1.0,1,1.0,1,1.0,1,0.16510743517224194,45
361,2,601,306,295,0,0,0,1.0,1,1.0,1,1.0,1,0.13040463570396815,44
362,4,605,307,298,0,0,0,1.0,1,1.0,1,1.0,1,0.08997772247737633,44
363,2,607,309,298,0,0,0,1.0,1,1.0,1,1.0,1,0.11630196464968469,44
364,0,607,309,298,0,0,0,1.0,1,1.0,1,1.0,1,0.13277173080564716,43
365,2,609,311,298,0,0,0,1.0,1,1.0,1,1.0,1,0.15140355916917142,43
366,1,610,312,298,0,0,0,1.0,1,1.0,1,1.0,1,0.10032315776479536,45
367,1,611,313,298,0,0,0,1.0,1,1.0,1,1.0,1,0.170342026433235,44
368,2,613,314,299,0,0,0,1.0,1,1.0,1,1.0,1,0.16997262315077138,46
369,1,614,315,299,0,0,0,1.0,1,1.0,1,1.0,1,0.22204358270006347,45
370,2,616,315,301,0,0,0,1.0,1,1.0,1,1.0,1,0.1912284392108444,46
371,1,617,315,302,0,0,0,1.0,1,1.0,1,1.0,1,0.1885363126786248,47
372,0,617,315,302,0,0,0,1.0,1,1.0,1,1.0,1,0.1899897959190756,48
373,0,617,315,302,0,0,0,1.0,1,1.0,1,1.0,1,0.1899897959190756,48
374,3,620,317,303,0,0,0,1.0,1,1.0,1,1.0,1,0.17246113595893944,49
375,0,620,317,303,0,0,0,1.0,1,1.0,1,1.0,1,0.17246113595893944,49
376,4,624,321,303,0,0,0,1.0,1,1.0,1,1.0,1,0.15674194598013097,49
377,5,629,325,304,0,0,0,1.0,1,1.0,1,1.0,1,0.16668380958325443,49
378,1,630,326,304,0,0,0,1.0,1,1.0,1,1.0,1,0.1422398875320332,49
379,1,631,326,305,0,0,0,1.0,1,1.0,1,1.0,1,0.13683939576716397,50
380,1,632,327,305,0,0,0,1.0,1,1.0,1,1.0,1,0.13177197983746972,50
381,5,637,328,309,0,0,0,1.0,1,1.0,1,1.0,1,0.07997458882250481,51
382,1,638,329,309,0,0,0,1.0,1,1.0,1,1.0,1,0.0846405689820578,50
383,0,638,329,309,0,0,0,1.0,1,1.0,1,1.0,1,0.09826464995304428,51
384,1,639,330,309,0,0,0,1.0,1,1.0,1,1.0,1,0.10189496698372418,50
385,0,639,330,309,0,0,0,1.0,1,1.0,1,1.0,1,0.11695514168125233,50
386,0,639,330,309,0,0,0,1.0,1,1.0,1,1.0,1,0.12778053848487406,48
387,2,641,331,310,0,0,0,1.0,1,1.0,1,1.0,1,0.13565922449421577,47
388,1,642,331,311,0,0,0,1.0,1,1.0,1,1.0,1,0.12846878516344976,48
389,1,643,332,311,0,0,0,1.0,1,1.0,1,1.0,1,0.15184278485110747,47
390,2,645,334,311,0,0,0,1.0,1,1.0,1,1.0,1,0.11906970441526116,49
391,3,648,337,311,0,0,0,1.0,1,1.0,1,1.0,1,0.13441726523899666,46
392,0,648,337,311,0,0,0,1.0,1,1.0,1,1.0,1,0.16415434272946128,46
393,3,651,340,311,0,0,0,1.0,1,1.0,1,1.0,1,0.20762615426874736,44
394,0,651,340,311,0,0,0,1.0,1,1.0,1,1.0,1,0.2217637602081731,43
395,0,651,340,311,0,0,0,1.0,1,1.0,1,1.0,1,0.24634841639171828,42
396,1,652,341,311,0,0,0,1.0,1,1.0,1,1.0,1,0.2774460397007886,39
397,1,653,342,311,0,0,0,1.0,1,1.0,1,1.0,1,0.31021591922496616,39
398,0,653,342,311,0,0,0,1.0,1,1.0,1,1.0,1,0.34815811118708173,36
399,0,653,342,311,0,0,0,1.0,1,1.0,1,1.0,1,0.34815811118708173,36
400,2,655,344,311,0,0,0,1.0,1,1.0,1,1.0,1,0.36782945258009675,34
401,7,662,345,317,0,0,0,1.0,1,1.0,1,1.0,1,0.18586078115197205,33
402,0,662,345,317,0,0,0,1.0,1,1.0,1,1.0,1,0.16043459158030987,34
403,0,662,345,317,0,0,0,1.0,1,1.0,1,1.0,1,0.16585573625948233,36
404,0,662,345,317,0,0,0,1.0,1,1.0,1,1.0,1,0.16585573625948233,36
405,0,662,345,317,0,0,0,1.0,1,1.0,1,1.0,1,0.1507304698851014,37
406,0,662,345,317,0,0,0,1.0,1,1.0,1,1.0,1,0.1507304698851014,37
407,5,667,349,318,0,0,0,1.0,1,1.0,1,1.0,1,0.10821401408717085,39
408,4,671,352,319,0,0,0,1.0,1,1.0,1,1.0,1,0.14383754414057745,40
409,6,677,354,323,0,0,0,1.0,1,1.0,1,1.0,1,0.21151330480395542,41
410,12,689,356,333,0,0,0,1.0,1,1.0,1,1.0,1,0.20825421330855476,42
411,4,693,356,337,0,0,0,1.0,1,1.0,1,1.0,1,0.1900229933071799,43
412,7,700,357,343,0,0,0,1.0,1,1.0,1,1.0,1,0.22522858472683455,44
413,6,706,358,348,0,0,0,1.0,1,1.0,1,1.0,1,0.18181447493151917,44
414,10,716,358,358,0,0,0,1.0,1,1.0,1,1.0,1,0.17849249088498056,45
415,5,721,358,363,0,0,0,1.0,1,1.0,1,1.0,1,0.1899384862317402,45
416,7,728,358,370,0,0,0,1.0,1,1.0,1,1.0,1,0.1589925406749706,46
417,4,732,359,373,0,0,0,1.0,1,1.0,1,1.0,1,0.14323551236533208,46
418,5,737,359,378,0,0,0,1.0,1,1.0,1,1.0,1,0.18701123985137555,47
419,4,741,359,382,0,0,0,1.0,1,1.0,1,1.0,1,0.12900923295194186,47
420,3,744,359,385,0,0,0,1.0,1,1.0,1,1.0,1,0.17084074383358397,47
421,2,746,359,387,0,0,0,1.0,1,1.0,1,1.0,1,0.14197260437565268,47
422,0,746,359,387,0,0,0,1.0,1,1.0,1,1.0,1,0.13447312742862802,49
423,0,746,359,387,0,0,0,1.0,1,1.0,1,1.0,1,0.14648540660593032,47
424,1,747,359,388,0,0,0,1.0,1,1.0,1,1.0,1,0.15297909288665898,45
425,2,749,360,389,0,0,0,1.0,1,1.0,1,1.0,1,0.11361258133580011,46
426,1,750,361,389,0,0,0,1.0,1,1.0,1,1.0,1,0.1400331266816003,46
427,4,754,363,391,0,0,0,1.0,1,1.0,1,1.0,1,0.11416680053125453,45
428,1,755,363,392,0,0,0,1.0,1,1.0,1,1.0,1,0.10706118177244674,45
429,1,756,364,392,0,0,0,1.0,1,1.0,1,1.0,1,0.0774857432710997,42
430,0,756,364,392,0,0,0,1.0,1,1.0,1,1.0,1,0.10877484211685817,40
431,2,758,366,392,0,0,0,1.0,1,1.0,1,1.0,1,0.09954396844577225,39
432,0,758,366,392,0,0,0,1.0,1,1.0,1,1.0,1,0.11421535746708572,37
433,3,761,369,392,0,0,0,1.0,1,1.0,1,1.0,1,0.16318336934406857,35
434,1,762,370,392,0,0,0,1.0,1,1.0,1,1.0,1,0.22212737955837747,33
435,0,762,370,392,0,0,0,1.0,1,1.0,1,1.0,1,0.22212737955837747,33
436,0,762,370,392,0,0,0,1.0,1,1.0,1,1.0,1,0.22212737955837747,33
437,2,764,372,392,0,0,0,1.0,1,1.0,1,1.0,1,0.22486595822768057,33
438,0,764,372,392,0,0,0,1.0,1,1.0,1,1.0,1,0.2560705814416427,32
439,3,767,375,392,0,0,0,1.0,1,1.0,1,1.0,1,0.2558633433509547,34
440,1,768,376,392,0,0,0,1.0,1,1.0,1,1.0,1,0.26740887643012207,34
441,7,775,377,398,0,0,0,1.0,1,1.0,1,1.0,1,0.08857215973945859,35
442,4,779,380,399,0,0,0,1.0,1,1.0,1,1.0,1,0.11681689070356495,37
443,4,783,383,400,0,0,0,1.0,1,1.0,1,1.0,1,0.16238739804243782,37
444,1,784,383,401,0,0,0,1.0,1,1.0,1,1.0,1,0.12196517035902484,38
445,0,784,383,401,0,0,0,1.0,1,1.0,1,1.0,1,0.09871122871326181,39
446,0,784,383,401,0,0,0,1.0,1,1.0,1,1.0,1,0.09871122871326181,39
447,1,785,383,402,0,0,0,1.0,1,1.0,1,1.0,1,0.06348611679303659,41
448,0,785,383,402,0,0,0,1.0,1,1.0,1,1.0,1,0.06348611679303659,41
449,0,785,383,402,0,0,0,1.0,1,1.0,1,1.0,1,0.08223408522641705,40
450,0,785,383,402,0,0,0,1.0,1,1.0,1,1.0,1,0.04786190755897426,40
451,0,785,383,402,0,0,0,1.0,1,1.0,1,1.0,1,0.08719797740611089,41
452,1,786,383,403,0,0,0,1.0,1,1.0,1,1.0,1,0.06543028950486147,41
453,2,788,385,403,0,0,0,1.0,1,1.0,1,1.0,1,0.09542016127470573,40
454,0,788,385,403,0,0,0,1.0,1,1.0,1,1.0,1,0.08704320482039525,41
455,3,791,388,403,0,0,0,1.0,1,1.0,1,1.0,1,0.07088602590558599,41
456,0,791,388,403,0,0,0,1.0,1,1.0,1,1.0,1,0.09352721972997825,43
457,1,792,389,403,0,0,0,1.0,1,1.0,1,1.0,1,0.10720158316069804,43
458,2,794,390,404,0,0,0,1.0,1,1.0,1,1.0,1,0.09337279766512281,43
459,0,794,390,404,0,0,0,1.0,1,1.0,1,1.0,1,0.07345007031613113,44
460,1,795,390,405,0,0,0,1.0,1,1.0,1,1.0,1,0.06951318789700815,47
461,1,796,391,405,0,0,0,1.0,1,1.0,1,1.0,1,0.06560662517088268,48
462,0,796,391,405,0,0,0,1.0,1,1.0,1,1.0,1,0.047427806349736985,49
463,1,797,392,405,0,0,0,1.0,1,1.0,1,1.0,1,0.0730680830205019,47
464,1,798,393,405,0,0,0,1.0,1,1.0,1,1.0,1,0.029863155140118978,48
465,3,801,396,405,0,0,0,1.0,1,1.0,1,1.0,1,0.06860217996331926,47
466,3,804,399,405,0,0,0,1.0,1,1.0,1,1.0,1,0.09984410682213041,46
467,3,807,402,405,0,0,0,1.0,1,1.0,1,1.0,1,0.08013406041636253,44
468,3,810,405,405,0,0,0,1.0,1,1.0,1,1.0,1,0.12737948401643961,41
469,4,814,409,405,0,0,0,1.0,1,1.0,1,1.0,1,0.11999836243288788,40
470,2,816,411,405,0,0,0,1.0,1,1.0,1,1.0,1,0.1313250822394215,39
471,3,819,414,405,0,0,0,1.0,1,1.0,1,1.0,1,0.10427845553216744,38
472,1,820,415,405,0,0,0,1.0,1,1.0,1,1.0,1,0.14518281032801145,36
473,2,822,417,405,0,0,0,1.0,1,1.0,1,1.0,1,0.11142416233639599,36
474,2,824,419,405,0,0,0,1.0,1,1.0,1,1.0,1,0.10042504840107347,34
475,1,825,420,405,0,0,0,1.0,1,1.0,1,1.0,1,0.12405063421644037,34
476,1,826,421,405,0,0,0,1.0,1,1.0,1,1.0,1,0.16797121794237535,32
477,0,826,421,405,0,0,0,1.0,1,1.0,1,1.0,1,0.1681685705369494,32
478,1,827,422,405,0,0,0,1.0,1,1.0,1,1.0,1,0.17840033542897327,30
479,0,827,422,405,0,0,0,1.0,1,1.0,1,1.0,1,0.1920376398691379,31
480,0,827,422,405,0,0,0,1.0,1,1.0,1,1.0,1,0.20795634673511276,27
481,2,829,423,406,0,0,0,1.0,1,1.0,1,1.0,1,0.1429843977504343,28
482,3,832,425,407,0,0,0,1.0,1,1.0,1,1.0,1,0.1243121287178331,28
483,2,834,427,407,0,0,0,1.0,1,1.0,1,1.0,1,0.09657178597733995,29
484,1,835,428,407,0,0,0,1.0,1,1.0,1,1.0,1,0.1314692293293967,29
485,0,835,428,407,0,0,0,1.0,1,1.0,1,1.0,1,0.1314692293293967,29
486,1,836,429,407,0,0,0,1.0,1,1.0,1,1.0,1,0.13839485327979886,31
487,2,838,429,409,0,0,0,1.0,1,1.0,1,1.0,1,0.10962811999533646,33
488,0,838,429,409,0,0,0,1.0,1,1.0,1,1.0,1,0.12274976810457748,34
489,2,840,431,409,0,0,0,1.0,1,1.0,1,1.0,1,0.18802543130662508,34
490,1,841,431,410,0,0,0,1.0,1,1.0,1,1.0,1,0.15392625468767945,34
491,1,842,431,411,0,0,0,1.0,1,1.0,1,1.0,1,0.1517978815258106,34
492,1,843,431,412,0,0,0,1.0,1,1.0,1,1.0,1,0.11794530226315039,34
493,2,845,433,412,0,0,0,1.0,1,1.0,1,1.0,1,0.13525708422882132,34
494,1,846,433,413,0,0,0,1.0,1,1.0,1,1.0,1,0.1506213676781016,36
495,0,846,433,413,0,0,0,1.0,1,1.0,1,1.0,1,0.1506213676781016,36
496,0,846,433,413,0,0,0,1.0,1,1.0,1,1.0,1,0.12340650620636404,37
497,2,848,433,415,0,0,0,1.0,1,1.0,1,1.0,1,0.1010916043275071,39
498,0,848,433,415,0,0,0,1.0,1,1.0,1,1.0,1,0.1206239220972866,40
499,0,848,433,415,0,0,0,1.0,1,1.0,1,1.0,1,0.1206239220972866,40
500,2,850,435,415,0,0,0,1.0,1,1.0,1,1.0,1,0.10876076754736365,42
501,3,853,437,416,0,0,0,1.0,1,1.0,1,1.0,1,0.09441794391360406,42
502,1,854,437,417,0,0,0,1.0,1,1.0,1,1.0,1,0.06005946422675862,42
503,4,858,440,418,0,0,0,1.0,1,1.0,1,1.0,1,0.0914687136035884,41
504,1,859,440,419,0,0,0,1.0,1,1.0,1,1.0,1,0.09335570846794969,42
505,2,861,442,419,0,0,0,1.0,1,1.0,1,1.0,1,0.14473586554733606,38
506,0,861,442,419,0,0,0,1.0,1,1.0,1,1.0,1,0.16179610651424747,37
507,1,862,443,419,0,0,0,1.0,1,1.0,1,1.0,1,0.16798579847329329,35
508,2,864,445,419,0,0,0,1.0,1,1.0,1,1.0,1,0.20707046808047191,35
509,1,865,446,419,0,0,0,1.0,1,1.0,1,1.0,1,0.23829901180114685,34
510,0,865,446,419,0,0,0,1.0,1,1.0,1,1.0,1,0.25198087609623715,34
511,2,867,448,419,0,0,0,1.0,1,1.0,1,1.0,1,0.18248928813693338,32
512,1,868,448,420,0,0,0,1.0,1,1.0,1,1.0,1,0.17588362735967017,30
513,1,869,449,420,0,0,0,1.0,1,1.0,1,1.0,1,0.17390598071407723,31
514,0,869,449,420,0,0,0,1.0,1,1.0,1,1.0,1,0.17390598071407723,31
515,1,870,450,420,0,0,0,1.0,1,1.0,1,1.0,1,0.18284640171376385,32
516,0,870,450,420,0,0,0,1.0,1,1.0,1,1.0,1,0.16722507545866605,31
517,2,872,452,420,0,0,0,1.0,1,1.0,1,1.0,1,0.13107124159575143,32
518,0,872,452,420,0,0,0,1.0,1,1.0,1,1.0,1,0.12231445263299986,31
519,2,874,454,420,0,0,0,1.0,1,1.0,1,1.0,1,0.10831563034260729,31
520,2,876,456,420,0,0,0,1.0,1,1.0,1,1.0,1,0.1402797019481183,33
521,2,878,457,421,0,0,0,1.0,1,1.0,1,1.0,1,0.08510986103500583,34
522,2,880,459,421,0,0,0,1.0,1,1.0,1,1.0,1,0.03850642542916328,34
523,0,880,459,421,0,0,0,1.0,1,1.0,1,1.0,1,0.05446615840061515,33
524,2,882,461,421,0,0,0,1.0,1,1.0,1,1.0,1,0.06558318660461446,34
525,0,882,461,421,0,0,0,1.0,1,1.0,1,1.0,1,0.06328433466407994,32
526,1,883,462,421,0,0,0,1.0,1,1.0,1,1.0,1,0.09587396497272539,32
527,0,883,462,421,0,0,0,1.0,1,1.0,1,1.0,1,0.09844476483426307,31
528,0,883,462,421,0,0,0,1.0,1,1.0,1,1.0,1,0.09844476483426307,31
529,0,883,462,421,0,0,0,1.0,1,1.0,1,1.0,1,0.12367718664579994,30
530,1,884,463,421,0,0,0,1.0,1,1.0,1,1.0,1,0.1581869291313832,30
531,1,885,464,421,0,0,0,1.0,1,1.0,1,1.0,1,0.1839070862662053,32
532,7,892,467,425,0,0,0,1.0,1,1.0,1,1.0,1,0.13771097187133258,32
533,5,897,470,427,0,0,0,1.0,1,1.0,1,1.0,1,0.1919598724664597,34
534,2,899,471,428,0,0,0,1.0,1,1.0,1,1.0,1,0.20379885386413363,34
535,5,904,472,432,0,0,0,1.0,1,1.0,1,1.0,1,0.23042054664121978,37
536,2,906,472,434,0,0,0,1.0,1,1.0,1,1.0,1,0.25500737289506165,37
537,4,910,473,437,0,0,0,1.0,1,1.0,1,1.0,1,0.2520746853651775,37
538,2,912,473,439,0,0,0,1.0,1,1.0,1,1.0,1,0.2608436083877906,38
539,2,914,473,441,0,0,0,1.0,1,1.0,1,1.0,1,0.23277087789190307,38
540,0,914,473,441,0,0,0,1.0,1,1.0,1,1.0,1,0.23277087789190307,38
541,1,915,473,442,0,0,0,1.0,1,1.0,1,1.0,1,0.1842033177326474,39
542,1,916,474,442,0,0,0,1.0,1,1.0,1,1.0,1,0.18687846022559945,40
543,2,918,476,442,0,0,0,1.0,1,1.0,1,1.0,1,0.22112172378023864,37
544,0,918,476,442,0,0,0,1.0,1,1.0,1,1.0,1,0.2223359485539295,35
545,3,921,478,443,0,0,0,1.0,1,1.0,1,1.0,1,0.17815119010292116,35
546,0,921,478,443,0,0,0,1.0,1,1.0,1,1.0,1,0.17815119010292116,35
547,2,923,480,443,0,0,0,1.0,1,1.0,1,1.0,1,0.1967460847843238,34
548,1,924,481,443,0,0,0,1.0,1,1.0,1,1.0,1,0.23347049720763488,34
549,1,925,482,443,0,0,0,1.0,1,1.0,1,1.0,1,0.26759195463034485,31
550,0,925,482,443,0,0,0,1.0,1,1.0,1,1.0,1,0.25382558933785204,30
551,2,927,484,443,0,0,0,1.0,1,1.0,1,1.0,1,0.22801935165494414,31
552,0,927,484,443,0,0,0,1.0,1,1.0,1,1.0,1,0.191299982456349,29
553,1,928,484,444,0,0,0,1.0,1,1.0,1,1.0,1,0.14785234173123843,30
554,0,928,484,444,0,0,0,1.0,1,1.0,1,1.0,1,0.13338222223234134,30
555,2,930,484,446,0,0,0,1.0,1,1.0,1,1.0,1,0.06464924118061795,30
556,0,930,484,446,0,0,0,1.0,1,1.0,1,1.0,1,0.048988800085576385,31
557,2,932,485,447,0,0,0,1.0,1,1.0,1,1.0,1,0.08699171736658287,31
558,1,933,486,447,0,0,0,1.0,1,1.0,1,1.0,1,0.12073599975439786,31
559,0,933,486,447,0,0,0,1.0,1,1.0,1,1.0,1,0.12073599975439786,31
560,1,934,487,447,0,0,0,1.0,1,1.0,1,1.0,1,0.1547875912402699,32
561,5,939,489,450,0,0,0,1.0,1,1.0,1,1.0,1,0.14242993141950028,33
562,1,940,490,450,0,0,0,1.0,1,1.0,1,1.0,1,0.18988477676534415,33
563,3,943,492,451,0,0,0,1.0,1,1.0,1,1.0,1,0.2559450979888691,33
564,1,944,492,452,0,0,0,1.0,1,1.0,1,1.0,1,0.23736154060517525,34
565,2,946,493,453,0,0,0,1.0,1,1.0,1,1.0,1,0.1983474821742953,35
566,4,950,495,455,0,0,0,1.0,1,1.0,1,1.0,1,0.14891399421508666,36
567,0,950,495,455,0,0,0,1.0,1,1.0,1,1.0,1,0.12089275725542493,37
568,2,952,497,455,0,0,0,1.0,1,1.0,1,1.0,1,0.1191187914193293,36
569,2,954,499,455,0,0,0,1.0,1,1.0,1,1.0,1,0.08808819793420014,37
570,1,955,500,455,0,0,0,1.0,1,1.0,1,1.0,1,0.09657107863424731,38
571,1,956,501,455,0,0,0,1.0,1,1.0,1,1.0,1,0.09915630349871678,38
572,0,956,501,455,0,0,0,1.0,1,1.0,1,1.0,1,0.0830864883544552,39
573,0,956,501,455,0,0,0,1.0,1,1.0,1,1.0,1,0.0830864883544552,39
574,2,958,501,457,0,0,0,1.0,1,1.0,1,1.0,1,0.0509818099468061,41
575,0,958,501,457,0,0,0,1.0,1,1.0,1,1.0,1,0.0509818099468061,41
576,0,958,501,457,0,0,0,1.0,1,1.0,1,1.0,1,0.04991875378127174,42
577,0,958,501,457,0,0,0,1.0,1,1.0,1,1.0,1,0.04991875378127174,42
578,1,959,502,457,0,0,0,1.0,1,1.0,1,1.0,1,0.07023597031414508,41
579,1,960,502,458,0,0,0,1.0,1,1.0,1,1.0,1,0.07845650251684591,42
580,5,965,504,461,0,0,0,1.0,1,1.0,1,1.0,1,0.12212975509530002,43
581,2,967,506,461,0,0,0,1.0,1,1.0,1,1.0,1,0.11964777917667362,42
582,0,967,506,461,0,0,0,1.0,1,1.0,1,1.0,1,0.09915082347444147,41
583,5,972,511,461,0,0,0,1.0,1,1.0,1,1.0,1,0.11161963796188061,40
584,0,972,511,461,0,0,0,1.0,1,1.0,1,1.0,1,0.10965786872387118,38
585,4,976,515,461,0,0,0,1.0,1,1.0,1,1.0,1,0.237251987588313,38
586,2,978,517,461,0,0,0,1.0,1,1.0,1,1.0,1,0.21960154021268966,37
587,2,980,519,461,0,0,0,1.0,1,1.0,1,1.0,1,0.2432513090074876,35
588,3,983,522,461,0,0,0,1.0,1,1.0,1,1.0,1,0.18401347348296573,35
589,0,983,522,461,0,0,0,1.0,1,1.0,1,1.0,1,0.18403894725194161,34
590,1,984,523,461,0,0,0,1.0,1,1.0,1,1.0,1,0.13954920412492208,36
591,2,986,525,461,0,0,0,1.0,1,1.0,1,1.0,1,0.07342846351038194,35
592,0,986,525,461,0,0,0,1.0,1,1.0,1,1.0,1,0.06913772829974851,37
593,3,989,528,461,0,0,0,1.0,1,1.0,1,1.0,1,0.053102235851889286,36
594,1,990,529,461,0,0,0,1.0,1,1.0,1,1.0,1,0.09190455360723752,35
595,2,992,531,461,0,0,0,1.0,1,1.0,1,1.0,1,0.13434580433130172,34
596,2,994,533,461,0,0,0,1.0,1,1.0,1,1.0,1,0.15238123492377598,34
597,2,996,535,461,0,0,0,1.0,1,1.0,1,1.0,1,0.1781636372624469,33
598,0,996,535,461,0,0,0,1.0,1,1.0,1,1.0,1,0.23782053053274757,33
599,2,998,537,461,0,0,0,1.0,1,1.0,1,1.0,1,0.27176182581855446,33
600,1,999,538,461,0,0,0,1.0,1,1.0,1,1.0,1,0.28296365966277787,33
601,4,1003,538,465,0,0,0,1.0,1,1.0,1,1.0,1,0.1645121915507096,34
602,1,1004,538,466,0,0,0,1.0,1,1.0,1,1.0,1,0.1754972452827586,35
603,2,1006,538,468,0,0,0,1.0,1,1.0,1,1.0,1,0.1417365278777921,35
604,0,1006,538,468,0,0,0,1.0,1,1.0,1,1.0,1,0.1316769414721553,35
605,0,1006,538,468,0,0,0,1.0,1,1.0,1,1.0,1,0.1678579869992065,35
606,0,1006,538,468,0,0,0,1.0,1,1.0,1,1.0,1,0.1529787250324066,35
607,0,1006,538,468,0,0,0,1.0,1,1.0,1,1.0,1,0.1529787250324066,35
608,0,1006,538,468,0,0,0,1.0,1,1.0,1,1.0,1,0.17746278387616507,36
609,0,1006,538,468,0,0,0,1.0,1,1.0,1,1.0,1,0.17945033815025288,37
610,0,1006,538,468,0,0,0,1.0,1,1.0,1,1.0,1,0.17945033815025288,37
611,4,1010,540,470,0,0,0,1.0,1,1.0,1,1.0,1,0.10993524390072505,39
612,2,1012,541,471,0,0,0,1.0,1,1.0,1,1.0,1,0.11984086408915949,39
613,2,1014,543,471,0,0,0,1.0,1,1.0,1,1.0,1,0.1051087062457562,39
614,2,1016,544,472,0,0,0,1.0,1,1.0,1,1.0,1,0.12734556957146645,39
615,3,1019,545,474,0,0,0,1.0,1,1.0,1,1.0,1,0.0798454189640344,39
616,1,1020,546,474,0,0,0,1.0,1,1.0,1,1.0,1,0.13812825565618236,38
617,3,1023,548,475,0,0,0,1.0,1,1.0,1,1.0,1,0.10838436575480959,39
618,1,1024,549,475,0,0,0,1.0,1,1.0,1,1.0,1,0.14948679656935998,40
619,3,1027,551,476,0,0,0,1.0,1,1.0,1,1.0,1,0.1172559144463278,39
620,2,1029,552,477,0,0,0,1.0,1,1.0,1,1.0,1,0.09681197033627639,38
621,3,1032,554,478,0,0,0,1.0,1,1.0,1,1.0,1,0.08961264602902742,38
622,2,1034,556,478,0,0,0,1.0,1,1.0,1,1.0,1,0.04438996418689264,38
623,1,1035,557,478,0,0,0,1.0,1,1.0,1,1.0,1,0.04181611886464583,37
624,3,1038,560,478,0,0,0,1.0,1,1.0,1,1.0,1,0.071139156518158,33
625,2,1040,562,478,0,0,0,1.0,1,1.0,1,1.0,1,0.06412776439625609,32
626,1,1041,563,478,0,0,0,1.0,1,1.0,1,1.0,1,0.05144856353665945,31
627,3,1044,566,478,0,0,0,1.0,1,1.0,1,1.0,1,0.15615979140854133,30
628,3,1047,569,478,0,0,0,1.0,1,1.0,1,1.0,1,0.16281396897490302,32
629,0,1047,569,478,0,0,0,1.0,1,1.0,1,1.0,1,0.1433277699134884,29
630,1,1048,570,478,0,0,0,1.0,1,1.0,1,1.0,1,0.16846502406131514,29
631,2,1050,572,478,0,0,0,1.0,1,1.0,1,1.0,1,0.27100311189400944,25
632,0,1050,572,478,0,0,0,1.0,1,1.0,1,1.0,1,0.2690580566994503,24
633,1,1051,573,478,0,0,0,1.0,1,1.0,1,1.0,1,0.33560265931491073,23
634,0,1051,573,478,0,0,0,1.0,1,1.0,1,1.0,1,0.33560265931491073,23
635,2,1053,575,478,0,0,0,1.0,1,1.0,1,1.0,1,0.33074928501454365,22
636,1,1054,576,478,0,0,0,1.0,1,1.0,1,1.0,1,0.34798576494519956,22
637,0,1054,576,478,0,0,0,1.0,1,1.0,1,1.0,1,0.3226629439790837,23
638,2,1056,578,478,0,0,0,1.0,1,1.0,1,1.0,1,0.3395842064328738,23
639,0,1056,578,478,0,0,0,1.0,1,1.0,1,1.0,1,0.3185340621593815,24
640,2,1058,580,478,0,0,0,1.0,1,1.0,1,1.0,1,0.3201847272064885,24
641,2,1060,580,480,0,0,0,1.0,1,1.0,1,1.0,1,0.2589891886449998,25
642,0,1060,580,480,0,0,0,1.0,1,1.0,1,1.0,1,0.21607692980890558,26
643,2,1062,581,481,0,0,0,1.0,1,1.0,1,1.0,1,0.13470832406270034,28
644,2,1064,582,482,0,0,0,1.0,1,1.0,1,1.0,1,0.08857084151805905,28
645,3,1067,583,484,0,0,0,1.0,1,1.0,1,1.0,1,0.05476092796550906,28
646,1,1068,583,485,0,0,0,1.0,1,1.0,1,1.0,1,0.08206386122797639,29
647,4,1072,584,488,0,0,0,1.0,1,1.0,1,1.0,1,0.12420280675525863,30
648,5,1077,585,492,0,0,0,1.0,1,1.0,1,1.0,1,0.10106118628321278,30
649,2,1079,587,492,0,0,0,1.0,1,1.0,1,1.0,1,0.12098375167341503,31
650,3,1082,589,493,0,0,0,1.0,1,1.0,1,1.0,1,0.053344334072542014,31
651,0,1082,589,493,0,0,0,1.0,1,1.0,1,1.0,1,0.07654201402821215,32
652,0,1082,589,493,0,0,0,1.0,1,1.0,1,1.0,1,0.07654201402821215,32
653,1,1083,589,494,0,0,0,1.0,1,1.0,1,1.0,1,0.07745889618270012,33
654,2,1085,591,494,0,0,0,1.0,1,1.0,1,1.0,1,0.06628832567497522,33
655,1,1086,592,494,0,0,0,1.0,1,1.0,1,1.0,1,0.09579539569000564,36
656,1,1087,593,494,0,0,0,1.0,1,1.0,1,1.0,1,0.12660015001686573,36
657,1,1088,594,494,0,0,0,1.0,1,1.0,1,1.0,1,0.10722175406976601,35
658,1,1089,595,494,0,0,0,1.0,1,1.0,1,1.0,1,0.14945537913950044,33
659,2,1091,597,494,0,0,0,1.0,1,1.0,1,1.0,1,0.19121558817237697,35
660,2,1093,598,495,0,0,0,1.0,1,1.0,1,1.0,1,0.1398805574626185,34
661,1,1094,598,496,0,0,0,1.0,1,1.0,1,1.0,1,0.12833124283038572,33
662,0,1094,598,496,0,0,0,1.0,1,1.0,1,1.0,1,0.0906575073827096,31
663,2,1096,600,496,0,0,0,1.0,1,1.0,1,1.0,1,0.1665114225375518,29
664,1,1097,600,497,0,0,0,1.0,1,1.0,1,1.0,1,0.11392188840146467,27
665,1,1098,601,497,0,0,0,1.0,1,1.0,1,1.0,1,0.13908831571334782,27
666,0,1098,601,497,0,0,0,1.0,1,1.0,1,1.0,1,0.14288256841849967,28
667,0,1098,601,497,0,0,0,1.0,1,1.0,1,1.0,1,0.13228219462679197,26
668,1,1099,602,497,0,0,0,1.0,1,1.0,1,1.0,1,0.14361463723257836,26
669,5,1104,607,497,0,0,0,1.0,1,1.0,1,1.0,1,0.09046120522668415,25
670,0,1104,607,497,0,0,0,1.0,1,1.0,1,1.0,1,0.11751794171965141,24
671,0,1104,607,497,0,0,0,1.0,1,1.0,1,1.0,1,0.11751794171965141,24
672,2,1106,608,498,0,0,0,1.0,1,1.0,1,1.0,1,0.2223172781885099,25
673,3,1109,610,499,0,0,0,1.0,1,1.0,1,1.0,1,0.23310950059405902,25
674,0,1109,610,499,0,0,0,1.0,1,1.0,1,1.0,1,0.23310950059405902,25
675,2,1111,611,500,0,0,0,1.0,1,1.0,1,1.0,1,0.24087215396532496,26
676,1,1112,612,500,0,0,0,1.0,1,1.0,1,1.0,1,0.2199824098216003,27
677,0,1112,612,500,0,0,0,1.0,1,1.0,1,1.0,1,0.2071152515621504,28
678,1,1113,613,500,0,0,0,1.0,1,1.0,1,1.0,1,0.22410113178222393,28
679,1,1114,614,500,0,0,0,1.0,1,1.0,1,1.0,1,0.18959134333345107,30
680,0,1114,614,500,0,0,0,1.0,1,1.0,1,1.0,1,0.18691105055432142,29
681,1,1115,614,501,0,0,0,1.0,1,1.0,1,1.0,1,0.16217385012719915,29
682,0,1115,614,501,0,0,0,1.0,1,1.0,1,1.0,1,0.1419112204643695,30
683,0,1115,614,501,0,0,0,1.0,1,1.0,1,1.0,1,0.1419112204643695,30
684,0,1115,614,501,0,0,0,1.0,1,1.0,1,1.0,1,0.14626252304218562,31
685,0,1115,614,501,0,0,0,1.0,1,1.0,1,1.0,1,0.1262861433936027,30
686,5,1120,618,502,0,0,0,1.0,1,1.0,1,1.0,1,0.06738129052710023,30
687,1,1121,619,502,0,0,0,1.0,1,1.0,1,1.0,1,0.057792914965697585,30
688,0,1121,619,502,0,0,0,1.0,1,1.0,1,1.0,1,0.07114129508069483,31
689,2,1123,620,503,0,0,0,1.0,1,1.0,1,1.0,1,0.08330530087234211,32
690,0,1123,620,503,0,0,0,1.0,1,1.0,1,1.0,1,0.08330530087234211,32
691,1,1124,621,503,0,0,0,1.0,1,1.0,1,1.0,1,0.13561556086980497,32
692,3,1127,624,503,0,0,0,1.0,1,1.0,1,1.0,1,0.17619954290189052,32
693,1,1128,625,503,0,0,0,1.0,1,1.0,1,1.0,1,0.1625088402038178,34
694,2,1130,627,503,0,0,0,1.0,1,1.0,1,1.0,1,0.2174004936703553,36
695,1,1131,628,503,0,0,0,1.0,1,1.0,1,1.0,1,0.2225949956789678,34
696,0,1131,628,503,0,0,0,1.0,1,1.0,1,1.0,1,0.20879570498996985,33
697,0,1131,628,503,0,0,0,1.0,1,1.0,1,1.0,1,0.20961067950978046,33
698,4,1135,631,504,0,0,0,1.0,1,1.0,1,1.0,1,0.206374649118726,34
699,0,1135,631,504,0,0,0,1.0,1,1.0,1,1.0,1,0.18972882828404578,33
700,1,1136,632,504,0,0,0,1.0,1,1.0,1,1.0,1,0.15062388976311486,32
701,0,1136,632,504,0,0,0,1.0,1,1.0,1,1.0,1,0.1393932827892999,33
702,3,1139,634,505,0,0,0,1.0,1,1.0,1,1.0,1,0.14067163381756223,34
703,2,1141,636,505,0,0,0,1.0,1,1.0,1,1.0,1,0.1475176471613171,32
704,0,1141,636,505,0,0,0,1.0,1,1.0,1,1.0,1,0.13286816742941512,31
705,2,1143,638,505,0,0,0,1.0,1,1.0,1,1.0,1,0.11680505978446883,33
706,1,1144,639,505,0,0,0,1.0,1,1.0,1,1.0,1,0.1520397481141731,33
707,1,1145,640,505,0,0,0,1.0,1,1.0,1,1.0,1,0.20798894357926997,31
708,2,1147,641,506,0,0,0,1.0,1,1.0,1,1.0,1,0.1919277058213304,31
709,1,1148,642,506,0,0,0,1.0,1,1.0,1,1.0,1,0.24288171943455322,30
710,1,1149,642,507,0,0,0,1.0,1,1.0,1,1.0,1,0.20653022790717807,30
711,0,1149,642,507,0,0,0,1.0,1,1.0,1,1.0,1,0.1910504644786487,30
712,0,1149,642,507,0,0,0,1.0,1,1.0,1,1.0,1,0.1916808564793908,30
713,1,1150,642,508,0,0,0,1.0,1,1.0,1,1.0,1,0.18561645942976523,31
714,1,1151,643,508,0,0,0,1.0,1,1.0,1,1.0,1,0.16824580753498689,31
715,0,1151,643,508,0,0,0,1.0,1,1.0,1,1.0,1,0.16621012979214314,30
716,0,1151,643,508,0,0,0,1.0,1,1.0,1,1.0,1,0.13817395295964113,31
717,0,1151,643,508,0,0,0,1.0,1,1.0,1,1.0,1,0.1522587206339194,32
718,3,1154,645,509,0,0,0,1.0,1,1.0,1,1.0,1,0.1430137047584368,32
719,2,1156,647,509,0,0,0,1.0,1,1.0,1,1.0,1,0.19501201896484882,32
720,1,1157,647,510,0,0,0,1.0,1,1.0,1,1.0,1,0.13359750822244335,34
721,3,1160,648,512,0,0,0,1.0,1,1.0,1,1.0,1,0.13903463899736904,34
722,0,1160,648,512,0,0,0,1.0,1,1.0,1,1.0,1,0.13903463899736904,34
723,1,1161,648,513,0,0,0,1.0,1,1.0,1,1.0,1,0.13994011111297483,35
724,1,1162,648,514,0,0,0,1.0,1,1.0,1,1.0,1,0.12944251542508917,36
725,0,1162,648,514,0,0,0,1.0,1,1.0,1,1.0,1,0.14540385743699116,37
726,0,1162,648,514,0,0,0,1.0,1,1.0,1,1.0,1,0.14540385743699116,37
727,1,1163,648,515,0,0,0,1.0,1,1.0,1,1.0,1,0.14350015133218788,38
728,0,1163,648,515,0,0,0,1.0,1,1.0,1,1.0,1,0.14556178321384308,39
729,0,1163,648,515,0,0,0,1.0,1,1.0,1,1.0,1,0.14556178321384308,39
730,0,1163,648,515,0,0,0,1.0,1,1.0,1,1.0,1,0.1378378068271364,40
731,1,1164,649,515,0,0,0,1.0,1,1.0,1,1.0,1,0.1637308565341165,40
732,1,1165,649,516,0,0,0,1.0,1,1.0,1,1.0,1,0.17294116628582348,41
733,4,1169,651,518,0,0,0,1.0,1,1.0,1,1.0,1,0.1940787903931494,41
734,3,1172,651,521,0,0,0,1.0,1,1.0,1,1.0,1,0.17557642894522432,42
735,3,1175,652,523,0,0,0,1.0,1,1.0,1,1.0,1,0.15508720744994856,42
736,1,1176,652,524,0,0,0,1.0,1,1.0,1,1.0,1,0.1339869115931134,41
737,1,1177,653,524,0,0,0,1.0,1,1.0,1,1.0,1,0.1848364709706275,41
738,0,1177,653,524,0,0,0,1.0,1,1.0,1,1.0,1,0.1542409022792749,39
739,0,1177,653,524,0,0,0,1.0,1,1.0,1,1.0,1,0.1542409022792749,39
740,0,1177,653,524,0,0,0,1.0,1,1.0,1,1.0,1,0.15445201725983815,39
741,1,1178,653,525,0,0,0,1.0,1,1.0,1,1.0,1,0.13277026016483948,38
742,0,1178,653,525,0,0,0,1.0,1,1.0,1,1.0,1,0.13662688390641275,39
743,1,1179,654,525,0,0,0,1.0,1,1.0,1,1.0,1,0.12209015276181535,39
744,4,1183,658,525,0,0,0,1.0,1,1.0,1,1.0,1,0.09957161629675916,39
745,3,1186,661,525,0,0,0,1.0,1,1.0,1,1.0,1,0.13161175005030476,39
746,3,1189,664,525,0,0,0,1.0,1,1.0,1,1.0,1,0.12044019120031577,40
747,1,1190,665,525,0,0,0,1.0,1,1.0,1,1.0,1,0.11221943190182937,41
748,1,1191,666,525,0,0,0,1.0,1,1.0,1,1.0,1,0.08878676876472832,41
749,0,1191,666,525,0,0,0,1.0,1,1.0,1,1.0,1,0.08878676876472832,41
750,3,1194,669,525,0,0,0,1.0,1,1.0,1,1.0,1,0.15561715461698747,39
751,2,1196,671,525,0,0,0,1.0,1,1.0,1,1.0,1,0.12477723475958756,41
752,5,1201,675,526,0,0,0,1.0,1,1.0,1,1.0,1,0.2015067676678345,41
753,0,1201,675,526,0,0,0,1.0,1,1.0,1,1.0,1,0.22882953689078844,41
754,1,1202,676,526,0,0,0,1.0,1,1.0,1,1.0,1,0.2580059698525745,41
755,2,1204,676,528,0,0,0,1.0,1,1.0,1,1.0,1,0.2886956016626668,41
756,0,1204,676,528,0,0,0,1.0,1,1.0,1,1.0,1,0.2886956016626668,41
757,1,1205,677,528,0,0,0,1.0,1,1.0,1,1.0,1,0.36220908104374644,39
758,1,1206,677,529,0,0,0,1.0,1,1.0,1,1.0,1,0.3281827569641669,39
759,1,1207,677,530,0,0,0,1.0,1,1.0,1,1.0,1,0.3142754264303079,39
760,0,1207,677,530,0,0,0,1.0,1,1.0,1,1.0,1,0.3283538912679894,40
761,6,1213,677,536,0,0,0,1.0,1,1.0,1,1.0,1,0.22856583882127665,41
762,2,1215,677,538,0,0,0,1.0,1,1.0,1,1.0,1,0.20487603207862992,42
763,1,1216,677,539,0,0,0,1.0,1,1.0,1,1.0,1,0.20530988701387448,43
764,1,1217,677,540,0,0,0,1.0,1,1.0,1,1.0,1,0.1939924534954497,43
765,0,1217,677,540,0,0,0,1.0,1,1.0,1,1.0,1,0.1584114591180136,45
766,2,1219,678,541,0,0,0,1.0,1,1.0,1,1.0,1,0.1563083303868677,45
767,2,1221,678,543,0,0,0,1.0,1,1.0,1,1.0,1,0.1425866650926755,46
768,0,1221,678,543,0,0,0,1.0,1,1.0,1,1.0,1,0.1315207305606963,45
769,1,1222,679,543,0,0,0,1.0,1,1.0,1,1.0,1,0.17354580011347032,46
770,0,1222,679,543,0,0,0,1.0,1,1.0,1,1.0,1,0.15918247623407253,47
771,3,1225,681,544,0,0,0,1.0,1,1.0,1,1.0,1,0.1710903041549342,47
772,0,1225,681,544,0,0,0,1.0,1,1.0,1,1.0,1,0.16123135385263215,46
773,1,1226,682,544,0,0,0,1.0,1,1.0,1,1.0,1,0.13462438838295887,45
774,0,1226,682,544,0,0,0,1.0,1,1.0,1,1.0,1,0.11427776164817037,45
775,4,1230,684,546,0,0,0,1.0,1,1.0,1,1.0,1,0.1473876371714837,45
776,1,1231,684,547,0,0,0,1.0,1,1.0,1,1.0,1,0.11391872389217793,43
777,2,1233,684,549,0,0,0,1.0,1,1.0,1,1.0,1,0.11667362435746295,44
778,2,1235,686,549,0,0,0,1.0,1,1.0,1,1.0,1,0.1886608020139254,45
779,0,1235,686,549,0,0,0,1.0,1,1.0,1,1.0,1,0.1886608020139254,45
780,3,1238,688,550,0,0,0,1.0,1,1.0,1,1.0,1,0.24292989364114,45
781,3,1241,688,553,0,0,0,1.0,1,1.0,1,1.0,1,0.18896318156329145,46
782,1,1242,688,554,0,0,0,1.0,1,1.0,1,1.0,1,0.21078755435570823,47
783,1,1243,689,554,0,0,0,1.0,1,1.0,1,1.0,1,0.18916266663969994,46
784,0,1243,689,554,0,0,0,1.0,1,1.0,1,1.0,1,0.196532303187732,45
785,1,1244,690,554,0,0,0,1.0,1,1.0,1,1.0,1,0.19776945175286473,43
786,1,1245,690,555,0,0,0,1.0,1,1.0,1,1.0,1,0.15279088405223412,43
787,1,1246,691,555,0,0,0,1.0,1,1.0,1,1.0,1,0.16146458037594713,43
788,0,1246,691,555,0,0,0,1.0,1,1.0,1,1.0,1,0.16362228768689577,44
789,1,1247,692,555,0,0,0,1.0,1,1.0,1,1.0,1,0.15380827581806228,46
790,2,1249,694,555,0,0,0,1.0,1,1.0,1,1.0,1,0.179420617478969,46
791,0,1249,694,555,0,0,0,1.0,1,1.0,1,1.0,1,0.20336795434198607,46
792,1,1250,695,555,0,0,0,1.0,1,1.0,1,1.0,1,0.21465818045594157,47
793,2,1252,695,557,0,0,0,1.0,1,1.0,1,1.0,1,0.2037825729283721,48
794,1,1253,695,558,0,0,0,1.0,1,1.0,1,1.0,1,0.21271065992115545,48
795,0,1253,695,558,0,0,0,1.0,1,1.0,1,1.0,1,0.21995047701494125,47
796,0,1253,695,558,0,0,0,1.0,1,1.0,1,1.0,1,0.2588692327591839,45
797,1,1254,695,559,0,0,0,1.0,1,1.0,1,1.0,1,0.2515773612596404,47
798,1,1255,696,559,0,0,0,1.0,1,1.0,1,1.0,1,0.25354068233257815,48
799,1,1256,697,559,0,0,0,1.0,1,1.0,1,1.0,1,0.24714238774001032,48
800,2,1258,699,559,0,0,0,1.0,1,1.0,1,1.0,1,0.27060144224175314,48
801,6,1264,700,564,0,0,0,1.0,1,1.0,1,1.0,1,0.186923978493904,49
802,4,1268,703,565,0,0,0,1.0,1,1.0,1,1.0,1,0.21802596861508455,50
803,1,1269,703,566,0,0,0,1.0,1,1.0,1,1.0,1,0.20829501083752078,50
804,0,1269,703,566,0,0,0,1.0,1,1.0,1,1.0,1,0.20829501083752078,50
805,1,1270,704,566,0,0,0,1.0,1,1.0,1,1.0,1,0.22734778225137667,50
806,0,1270,704,566,0,0,0,1.0,1,1.0,1,1.0,1,0.21636623600670898,51
807,0,1270,704,566,0,0,0,1.0,1,1.0,1,1.0,1,0.21636623600670898,51
808,3,1273,704,569,0,0,0,1.0,1,1.0,1,1.0,1,0.21160212238919643,53
809,1,1274,704,570,0,0,0,1.0,1,1.0,1,1.0,1,0.1627011827072545,51
810,0,1274,704,570,0,0,0,1.0,1,1.0,1,1.0,1,0.17325570912000565,52
811,2,1276,706,570,0,0,0,1.0,1,1.0,1,1.0,1,0.22400755585866763,50
812,2,1278,706,572,0,0,0,1.0,1,1.0,1,1.0,1,0.21013083857379328,51
813,4,1282,709,573,0,0,0,1.0,1,1.0,1,1.0,1,0.2367361745841245,51
814,1,1283,709,574,0,0,0,1.0,1,1.0,1,1.0,1,0.22788128186201415,52
815,1,1284,710,574,0,0,0,1.0,1,1.0,1,1.0,1,0.22874843468702818,50
816,3,1287,711,576,0,0,0,1.0,1,1.0,1,1.0,1,0.21127959304174826,50
817,2,1289,713,576,0,0,0,1.0,1,1.0,1,1.0,1,0.22545040868819902,49
818,0,1289,713,576,0,0,0,1.0,1,1.0,1,1.0,1,0.22484715417726167,49
819,0,1289,713,576,0,0,0,1.0,1,1.0,1,1.0,1,0.2175163925933031,50
820,1,1290,714,576,0,0,0,1.0,1,1.0,1,1.0,1,0.227758870842735,49
821,5,1295,715,580,0,0,0,1.0,1,1.0,1,1.0,1,0.21801473021786213,49
822,2,1297,715,582,0,0,0,1.0,1,1.0,1,1.0,1,0.19547388521982623,49
823,0,1297,715,582,0,0,0,1.0,1,1.0,1,1.0,1,0.2180261719001359,47
824,1,1298,716,582,0,0,0,1.0,1,1.0,1,1.0,1,0.21053351744124543,45
825,1,1299,717,582,0,0,0,1.0,1,1.0,1,1.0,1,0.21828595886848495,43
826,0,1299,717,582,0,0,0,1.0,1,1.0,1,1.0,1,0.21099225987528838,44
827,1,1300,718,582,0,0,0,1.0,1,1.0,1,1.0,1,0.23775170010510577,43
828,3,1303,721,582,0,0,0,1.0,1,1.0,1,1.0,1,0.25825946489237145,43
829,1,1304,722,582,0,0,0,1.0,1,1.0,1,1.0,1,0.2541032345667903,45
830,1,1305,723,582,0,0,0,1.0,1,1.0,1,1.0,1,0.2546192179170825,46
831,1,1306,724,582,0,0,0,1.0,1,1.0,1,1.0,1,0.22367717691380398,48
832,1,1307,725,582,0,0,0,1.0,1,1.0,1,1.0,1,0.2235749430182318,47
833,2,1309,727,582,0,0,0,1.0,1,1.0,1,1.0,1,0.20937868609326055,47
834,0,1309,727,582,0,0,0,1.0,1,1.0,1,1.0,1,0.2206269368922853,46
835,1,1310,728,582,0,0,0,1.0,1,1.0,1,1.0,1,0.246538873964529,45
836,1,1311,728,583,0,0,0,1.0,1,1.0,1,1.0,1,0.2266700200738214,46
837,1,1312,729,583,0,0,0,1.0,1,1.0,1,1.0,1,0.2342668658221786,46
838,1,1313,729,584,0,0,0,1.0,1,1.0,1,1.0,1,0.22886806439619384,45
839,0,1313,729,584,0,0,0,1.0,1,1.0,1,1.0,1,0.23957700630488551,46
840,1,1314,729,585,0,0,0,1.0,1,1.0,1,1.0,1,0.24110689398006294,46
841,6,1320,729,591,0,0,0,1.0,1,1.0,1,1.0,1,0.13552622780416893,46
842,1,1321,730,591,0,0,0,1.0,1,1.0,1,1.0,1,0.15636460747864056,46
843,2,1323,731,592,0,0,0,1.0,1,1.0,1,1.0,1,0.1701345810466027,46
844,1,1324,731,593,0,0,0,1.0,1,1.0,1,1.0,1,0.1624282914851084,47
845,4,1328,733,595,0,0,0,1.0,1,1.0,1,1.0,1,0.21144086158609435,48
846,0,1328,733,595,0,0,0,1.0,1,1.0,1,1.0,1,0.19886795663147366,47
847,0,1328,733,595,0,0,0,1.0,1,1.0,1,1.0,1,0.1961286537556762,48
848,1,1329,734,595,0,0,0,1.0,1,1.0,1,1.0,1,0.21279182686793008,48
849,0,1329,734,595,0,0,0,1.0,1,1.0,1,1.0,1,0.21387887035326714,48
850,0,1329,734,595,0,0,0,1.0,1,1.0,1,1.0,1,0.2224998735750529,46
851,0,1329,734,595,0,0,0,1.0,1,1.0,1,1.0,1,0.2145596984212636,45
852,3,1332,737,595,0,0,0,1.0,1,1.0,1,1.0,1,0.1644523166286425,44
853,1,1333,738,595,0,0,0,1.0,1,1.0,1,1.0,1,0.1547435316589151,44
854,4,1337,741,596,0,0,0,1.0,1,1.0,1,1.0,1,0.11817537315522074,45
855,0,1337,741,596,0,0,0,1.0,1,1.0,1,1.0,1,0.10908447224463586,46
856,2,1339,743,596,0,0,0,1.0,1,1.0,1,1.0,1,0.11383709275270883,46
857,2,1341,744,597,0,0,0,1.0,1,1.0,1,1.0,1,0.09041268206692117,47
858,1,1342,744,598,0,0,0,1.0,1,1.0,1,1.0,1,0.1189553846683824,48
859,4,1346,745,601,0,0,0,1.0,1,1.0,1,1.0,1,0.05457140337428343,48
860,5,1351,745,606,0,0,0,1.0,1,1.0,1,1.0,1,0.0906107160857311,49
861,3,1354,746,608,0,0,0,1.0,1,1.0,1,1.0,1,0.05914631689490734,49
862,0,1354,746,608,0,0,0,1.0,1,1.0,1,1.0,1,0.05914631689490734,49
863,1,1355,747,608,0,0,0,1.0,1,1.0,1,1.0,1,0.0848696898376139,48
864,1,1356,748,608,0,0,0,1.0,1,1.0,1,1.0,1,0.0755142461172833,49
865,1,1357,749,608,0,0,0,1.0,1,1.0,1,1.0,1,0.10209727208778382,48
866,2,1359,750,609,0,0,0,1.0,1,1.0,1,1.0,1,0.0730979187416041,50
867,2,1361,752,609,0,0,0,1.0,1,1.0,1,1.0,1,0.08313324859480047,50
868,2,1363,754,609,0,0,0,1.0,1,1.0,1,1.0,1,0.05780635784809633,51
869,0,1363,754,609,0,0,0,1.0,1,1.0,1,1.0,1,0.09314755955116552,49
870,1,1364,755,609,0,0,0,1.0,1,1.0,1,1.0,1,0.1030845703724087,49
871,2,1366,757,609,0,0,0,1.0,1,1.0,1,1.0,1,0.11453153348948741,49
872,0,1366,757,609,0,0,0,1.0,1,1.0,1,1.0,1,0.13784781763170176,48
873,3,1369,760,609,0,0,0,1.0,1,1.0,1,1.0,1,0.1347765755135067,49
874,1,1370,761,609,0,0,0,1.0,1,1.0,1,1.0,1,0.13533498753377382,49
875,1,1371,761,610,0,0,0,1.0,1,1.0,1,1.0,1,0.12917530297667867,50
876,3,1374,763,611,0,0,0,1.0,1,1.0,1,1.0,1,0.1885049356916114,50
877,1,1375,764,611,0,0,0,1.0,1,1.0,1,1.0,1,0.20023992273252056,50
878,1,1376,765,611,0,0,0,1.0,1,1.0,1,1.0,1,0.23251014164011202,49
879,1,1377,766,611,0,0,0,1.0,1,1.0,1,1.0,1,0.2447697670350924,49
880,1,1378,767,611,0,0,0,1.0,1,1.0,1,1.0,1,0.2655372927414948,48
881,9,1387,769,618,0,0,0,1.0,1,1.0,1,1.0,1,0.18322807139235567,49
882,0,1387,769,618,0,0,0,1.0,1,1.0,1,1.0,1,0.18144173099728264,48
883,3,1390,770,620,0,0,0,1.0,1,1.0,1,1.0,1,0.15349880646028208,50
884,1,1391,770,621,0,0,0,1.0,1,1.0,1,1.0,1,0.14598162870455222,50
885,2,1393,772,621,0,0,0,1.0,1,1.0,1,1.0,1,0.14210363023650158,49
886,0,1393,772,621,0,0,0,1.0,1,1.0,1,1.0,1,0.1439929790540435,49
887,3,1396,774,622,0,0,0,1.0,1,1.0,1,1.0,1,0.1834679061215474,49
888,0,1396,774,622,0,0,0,1.0,1,1.0,1,1.0,1,0.15672963949369803,47
889,1,1397,775,622,0,0,0,1.0,1,1.0,1,1.0,1,0.19936369646819146,46
890,0,1397,775,622,0,0,0,1.0,1,1.0,1,1.0,1,0.17103489007757214,44
891,1,1398,775,623,0,0,0,1.0,1,1.0,1,1.0,1,0.16295142745998523,45
892,3,1401,778,623,0,0,0,1.0,1,1.0,1,1.0,1,0.14888740221524396,45
893,0,1401,778,623,0,0,0,1.0,1,1.0,1,1.0,1,0.14888740221524396,45
894,0,1401,778,623,0,0,0,1.0,1,1.0,1,1.0,1,0.13656332688257608,44
895,3,1404,781,623,0,0,0,1.0,1,1.0,1,1.0,1,0.10870323640852383,45
896,1,1405,782,623,0,0,0,1.0,1,1.0,1,1.0,1,0.11607146544913424,44
897,2,1407,783,624,0,0,0,1.0,1,1.0,1,1.0,1,0.08854218415035918,44
898,2,1409,784,625,0,0,0,1.0,1,1.0,1,1.0,1,0.10381026157242323,45
899,1,1410,784,626,0,0,0,1.0,1,1.0,1,1.0,1,0.09715032462606774,44
900,1,1411,784,627,0,0,0,1.0,1,1.0,1,1.0,1,0.07978883736174232,46
901,2,1413,784,629,0,0,0,1.0,1,1.0,1,1.0,1,0.08368862999585074,45
902,2,1415,786,629,0,0,0,1.0,1,1.0,1,1.0,1,0.13788903517562448,45
903,2,1417,788,629,0,0,0,1.0,1,1.0,1,1.0,1,0.18806995864710782,44
904,1,1418,789,629,0,0,0,1.0,1,1.0,1,1.0,1,0.21739516788207228,45
905,4,1422,791,631,0,0,0,1.0,1,1.0,1,1.0,1,0.20990032266316913,45
906,1,1423,792,631,0,0,0,1.0,1,1.0,1,1.0,1,0.2387221642555589,45
907,1,1424,792,632,0,0,0,1.0,1,1.0,1,1.0,1,0.21302357583269735,46
908,2,1426,794,632,0,0,0,1.0,1,1.0,1,1.0,1,0.1898563956604955,46
909,1,1427,795,632,0,0,0,1.0,1,1.0,1,1.0,1,0.19348193664586152,46
910,0,1427,795,632,0,0,0,1.0,1,1.0,1,1.0,1,0.2401997504402392,44
911,1,1428,795,633,0,0,0,1.0,1,1.0,1,1.0,1,0.23460519689690174,45
912,0,1428,795,633,0,0,0,1.0,1,1.0,1,1.0,1,0.2579285813690714,44
913,1,1429,796,633,0,0,0,1.0,1,1.0,1,1.0,1,0.24795250885004533,45
914,2,1431,797,634,0,0,0,1.0,1,1.0,1,1.0,1,0.25925927936822774,45
915,0,1431,797,634,0,0,0,1.0,1,1.0,1,1.0,1,0.25925927936822774,45
916,0,1431,797,634,0,0,0,1.0,1,1.0,1,1.0,1,0.25925927936822774,45
917,1,1432,797,635,0,0,0,1.0,1,1.0,1,1.0,1,0.26393529692179657,46
918,1,1433,798,635,0,0,0,1.0,1,1.0,1,1.0,1,0.2752447756638204,47
919,2,1435,798,637,0,0,0,1.0,1,1.0,1,1.0,1,0.25109935853979476,47
920,1,1436,799,637,0,0,0,1.0,1,1.0,1,1.0,1,0.26269884022886714,47
921,9,1445,800,645,0,0,0,1.0,1,1.0,1,1.0,1,0.14394533806654042,49
922,3,1448,803,645,0,0,0,1.0,1,1.0,1,1.0,1,0.11223705485573238,49
923,3,1451,805,646,0,0,0,1.0,1,1.0,1,1.0,1,0.09844186095593141,47
924,0,1451,805,646,0,0,0,1.0,1,1.0,1,1.0,1,0.09844186095593141,47
925,2,1453,807,646,0,0,0,1.0,1,1.0,1,1.0,1,0.1304540101465232,47
926,4,1457,810,647,0,0,0,1.0,1,1.0,1,1.0,1,0.14272096974972304,46
927,1,1458,811,647,0,0,0,1.0,1,1.0,1,1.0,1,0.12796484551856055,45
928,0,1458,811,647,0,0,0,1.0,1,1.0,1,1.0,1,0.1067332992949978,43
929,0,1458,811,647,0,0,0,1.0,1,1.0,1,1.0,1,0.12688265772034943,42
930,0,1458,811,647,0,0,0,1.0,1,1.0,1,1.0,1,0.13144415896048217,41
931,0,1458,811,647,0,0,0,1.0,1,1.0,1,1.0,1,0.1507390371722956,40
932,1,1459,812,647,0,0,0,1.0,1,1.0,1,1.0,1,0.12423755746263503,40
933,2,1461,814,647,0,0,0,1.0,1,1.0,1,1.0,1,0.11762724574947724,39
934,0,1461,814,647,0,0,0,1.0,1,1.0,1,1.0,1,0.11762724574947724,39
935,4,1465,818,647,0,0,0,1.0,1,1.0,1,1.0,1,0.1742341435974225,41
936,0,1465,818,647,0,0,0,1.0,1,1.0,1,1.0,1,0.1562359513096141,42
937,2,1467,820,647,0,0,0,1.0,1,1.0,1,1.0,1,0.24944329352367442,43
938,0,1467,820,647,0,0,0,1.0,1,1.0,1,1.0,1,0.2616389757121206,44
939,2,1469,820,649,0,0,0,1.0,1,1.0,1,1.0,1,0.27192524828635506,46
940,2,1471,820,651,0,0,0,1.0,1,1.0,1,1.0,1,0.2378233180133409,46
941,4,1475,821,654,0,0,0,1.0,1,1.0,1,1.0,1,0.20966839494661643,46
942,2,1477,821,656,0,0,0,1.0,1,1.0,1,1.0,1,0.1836626409900126,46
943,0,1477,821,656,0,0,0,1.0,1,1.0,1,1.0,1,0.19559552956088844,45
944,1,1478,821,657,0,0,0,1.0,1,1.0,1,1.0,1,0.18115162659898396,45
945,2,1480,822,658,0,0,0,1.0,1,1.0,1,1.0,1,0.1984167295578598,44
946,1,1481,822,659,0,0,0,1.0,1,1.0,1,1.0,1,0.16289524356689133,46
947,0,1481,822,659,0,0,0,1.0,1,1.0,1,1.0,1,0.18950814949247788,44
948,0,1481,822,659,0,0,0,1.0,1,1.0,1,1.0,1,0.18950814949247788,44
949,1,1482,822,660,0,0,0,1.0,1,1.0,1,1.0,1,0.23611010692172232,44
950,1,1483,823,660,0,0,0,1.0,1,1.0,1,1.0,1,0.2741112909476069,43
951,1,1484,823,661,0,0,0,1.0,1,1.0,1,1.0,1,0.2799952554630197,42
952,2,1486,824,662,0,0,0,1.0,1,1.0,1,1.0,1,0.2554568714137528,42
953,0,1486,824,662,0,0,0,1.0,1,1.0,1,1.0,1,0.25561762901262164,41
954,0,1486,824,662,0,0,0,1.0,1,1.0,1,1.0,1,0.26792833758150286,40
955,0,1486,824,662,0,0,0,1.0,1,1.0,1,1.0,1,0.25619539621019793,42
956,1,1487,825,662,0,0,0,1.0,1,1.0,1,1.0,1,0.2348038465619158,43
957,0,1487,825,662,0,0,0,1.0,1,1.0,1,1.0,1,0.26619597575694925,42
958,1,1488,825,663,0,0,0,1.0,1,1.0,1,1.0,1,0.2676036728007315,43
959,2,1490,826,664,0,0,0,1.0,1,1.0,1,1.0,1,0.27064735574121124,45
960,2,1492,827,665,0,0,0,1.0,1,1.0,1,1.0,1,0.27449036679710626,47
961,6,1498,828,670,0,0,0,1.0,1,1.0,1,1.0,1,0.23078726538368297,45
962,0,1498,828,670,0,0,0,1.0,1,1.0,1,1.0,1,0.2213373263711488,45
963,1,1499,829,670,0,0,0,1.0,1,1.0,1,1.0,1,0.24871419296928562,44
964,1,1500,829,671,0,0,0,1.0,1,1.0,1,1.0,1,0.22696031070883624,44
965,1,1501,829,672,0,0,0,1.0,1,1.0,1,1.0,1,0.2006192188709132,45
966,1,1502,830,672,0,0,0,1.0,1,1.0,1,1.0,1,0.19800999551783902,43
967,1,1503,830,673,0,0,0,1.0,1,1.0,1,1.0,1,0.18908475962973745,43
968,0,1503,830,673,0,0,0,1.0,1,1.0,1,1.0,1,0.182205233497417,43
969,1,1504,830,674,0,0,0,1.0,1,1.0,1,1.0,1,0.17349542006424373,42
970,0,1504,830,674,0,0,0,1.0,1,1.0,1,1.0,1,0.18137760748309348,42
971,1,1505,830,675,0,0,0,1.0,1,1.0,1,1.0,1,0.15529535597760113,42
972,0,1505,830,675,0,0,0,1.0,1,1.0,1,1.0,1,0.15529535597760113,42
973,0,1505,830,675,0,0,0,1.0,1,1.0,1,1.0,1,0.1501259586404039,43
974,1,1506,831,675,0,0,0,1.0,1,1.0,1,1.0,1,0.13501071665856737,43
975,0,1506,831,675,0,0,0,1.0,1,1.0,1,1.0,1,0.13939022552365035,43
976,0,1506,831,675,0,0,0,1.0,1,1.0,1,1.0,1,0.15215629490559635,45
977,1,1507,832,675,0,0,0,1.0,1,1.0,1,1.0,1,0.1434517941903834,44
978,0,1507,832,675,0,0,0,1.0,1,1.0,1,1.0,1,0.1434517941903834,44
979,0,1507,832,675,0,0,0,1.0,1,1.0,1,1.0,1,0.163613916755297,45
980,2,1509,833,676,0,0,0,1.0,1,1.0,1,1.0,1,0.16656673464309127,45
981,2,1511,834,677,0,0,0,1.0,1,1.0,1,1.0,1,0.13928294302221428,45
982,3,1514,836,678,0,0,0,1.0,1,1.0,1,1.0,1,0.1774547988518534,46
983,1,1515,837,678,0,0,0,1.0,1,1.0,1,1.0,1,0.1889515229831726,45
984,1,1516,838,678,0,0,0,1.0,1,1.0,1,1.0,1,0.18717155415595757,45
985,5,1521,842,679,0,0,0,1.0,1,1.0,1,1.0,1,0.23485003180308456,45
986,0,1521,842,679,0,0,0,1.0,1,1.0,1,1.0,1,0.2344188508964921,44
987,2,1523,843,680,0,0,0,1.0,1,1.0,1,1.0,1,0.24028116811597358,45
988,2,1525,845,680,0,0,0,1.0,1,1.0,1,1.0,1,0.29711598571193687,44
989,1,1526,845,681,0,0,0,1.0,1,1.0,1,1.0,1,0.28160763271529815,43
990,1,1527,846,681,0,0,0,1.0,1,1.0,1,1.0,1,0.2928675692509125,42
991,0,1527,846,681,0,0,0,1.0,1,1.0,1,1.0,1,0.27132677566979085,42
992,0,1527,846,681,0,0,0,1.0,1,1.0,1,1.0,1,0.259663514879527,43
993,0,1527,846,681,0,0,0,1.0,1,1.0,1,1.0,1,0.259663514879527,43
994,0,1527,846,681,0,0,0,1.0,1,1.0,1,1.0,1,0.2675827794800427,43
995,0,1527,846,681,0,0,0,1.0,1,1.0,1,1.0,1,0.22005471234084395,43
996,0,1527,846,681,0,0,0,1.0,1,1.0,1,1.0,1,0.22831633346644478,44
997,1,1528,847,681,0,0,0,1.0,1,1.0,1,1.0,1,0.26917253003107294,44
998,1,1529,847,682,0,0,0,1.0,1,1.0,1,1.0,1,0.26035263780038354,45
999,0,1529,847,682,0,0,0,1.0,1,1.0,1,1.0,1,0.26707088866227097,42
1000,0,1529,847,682,0,0,0,1.0,1,1.0,1,1.0,1,0.2666564065049054,43
1001,4,1533,847,686,0,0,0,1.0,1,1.0,1,1.0,1,0.1599605797172623,42
1002,0,1533,847,686,0,0,0,1.0,1,1.0,1,1.0,1,0.15107413086125543,43
1003,1,1534,847,687,0,0,0,1.0,1,1.0,1,1.0,1,0.13926456080134508,43
1004,1,1535,847,688,0,0,0,1.0,1,1.0,1,1.0,1,0.11782051807668084,43
1005,1,1536,847,689,0,0,0,1.0,1,1.0,1,1.0,1,0.11768972812528973,44
1006,3,1539,847,692,0,0,0,1.0,1,1.0,1,1.0,1,0.11485268095228203,46
1007,1,1540,847,693,0,0,0,1.0,1,1.0,1,1.0,1,0.10672566446411028,46
1008,1,1541,847,694,0,0,0,1.0,1,1.0,1,1.0,1,0.10765390831323418,47
1009,2,1543,848,695,0,0,0,1.0,1,1.0,1,1.0,1,0.09258966948422499,48
1010,1,1544,849,695,0,0,0,1.0,1,1.0,1,1.0,1,0.10666715871035264,48
1011,1,1545,850,695,0,0,0,1.0,1,1.0,1,1.0,1,0.11420770646264648,48
1012,2,1547,852,695,0,0,0,1.0,1,1.0,1,1.0,1,0.14756199134570197,49
1013,2,1549,853,696,0,0,0,1.0,1,1.0,1,1.0,1,0.13642198957435805,50
1014,1,1550,854,696,0,0,0,1.0,1,1.0,1,1.0,1,0.15082491928826294,50
1015,2,1552,854,698,0,0,0,1.0,1,1.0,1,1.0,1,0.1746140150517681,51
1016,3,1555,855,700,0,0,0,1.0,1,1.0,1,1.0,1,0.19958775625080055,51
1017,4,1559,856,703,0,0,0,1.0,1,1.0,1,1.0,1,0.1939791730017111,52
1018,2,1561,856,705,0,0,0,1.0,1,1.0,1,1.0,1,0.17601141817972502,52
1019,3,1564,857,707,0,0,0,1.0,1,1.0,1,1.0,1,0.21758311384320503,52
1020,2,1566,857,709,0,0,0,1.0,1,1.0,1,1.0,1,0.18417166487100137,53
1021,0,1566,857,709,0,0,0,1.0,1,1.0,1,1.0,1,0.1765202886745403,53
1022,0,1566,857,709,0,0,0,1.0,1,1.0,1,1.0,1,0.16838392692733065,54
1023,2,1568,857,711,0,0,0,1.0,1,1.0,1,1.0,1,0.1155276858630103,55
1024,0,1568,857,711,0,0,0,1.0,1,1.0,1,1.0,1,0.12712452900688545,55
1025,1,1569,857,712,0,0,0,1.0,1,1.0,1,1.0,1,0.11196916436459951,56
1026,0,1569,857,712,0,0,0,1.0,1,1.0,1,1.0,1,0.12085277277974597,57
1027,0,1569,857,712,0,0,0,1.0,1,1.0,1,1.0,1,0.10011637420906305,58
1028,2,1571,859,712,0,0,0,1.0,1,1.0,1,1.0,1,0.1336427880155225,58
1029,3,1574,860,714,0,0,0,1.0,1,1.0,1,1.0,1,0.14619884173733383,59
1030,0,1574,860,714,0,0,0,1.0,1,1.0,1,1.0,1,0.14069764635156642,60
1031,1,1575,861,714,0,0,0,1.0,1,1.0,1,1.0,1,0.16589382955875925,60
1032,1,1576,861,715,0,0,0,1.0,1,1.0,1,1.0,1,0.16685265453321943,61
1033,0,1576,861,715,0,0,0,1.0,1,1.0,1,1.0,1,0.17343591103393904,60
1034,5,1581,864,717,0,0,0,1.0,1,1.0,1,1.0,1,0.13138939471823535,60
1035,2,1583,866,717,0,0,0,1.0,1,1.0,1,1.0,1,0.1707217782612075,59
1036,3,1586,868,718,0,0,0,1.0,1,1.0,1,1.0,1,0.16769313859068616,60
1037,3,1589,871,718,0,0,0,1.0,1,1.0,1,1.0,1,0.20041339579698164,59
1038,1,1590,872,718,0,0,0,1.0,1,1.0,1,1.0,1,0.2007997938643321,60
1039,3,1593,875,718,0,0,0,1.0,1,1.0,1,1.0,1,0.24393273060854637,60
1040,2,1595,876,719,0,0,0,1.0,1,1.0,1,1.0,1,0.25025311499229125,58
1041,7,1602,877,725,0,0,0,1.0,1,1.0,1,1.0,1,0.15189428038566394,56
1042,0,1602,877,725,0,0,0,1.0,1,1.0,1,1.0,1,0.1464157744750811,55
1043,0,1602,877,725,0,0,0,1.0,1,1.0,1,1.0,1,0.1464157744750811,55
1044,0,1602,877,725,0,0,0,1.0,1,1.0,1,1.0,1,0.1236497148933583,52
1045,0,1602,877,725,0,0,0,1.0,1,1.0,1,1.0,1,0.10294591265282987,52
1046,1,1603,878,725,0,0,0,1.0,1,1.0,1,1.0,1,0.1383677302402978,53
1047,1,1604,879,725,0,0,0,1.0,1,1.0,1,1.0,1,0.12742085899330585,54
1048,1,1605,880,725,0,0,0,1.0,1,1.0,1,1.0,1,0.14871519374841283,56
1049,3,1608,882,726,0,0,0,1.0,1,1.0,1,1.0,1,0.14652921483883702,55
1050,0,1608,882,726,0,0,0,1.0,1,1.0,1,1.0,1,0.14812528957411406,56
1051,1,1609,882,727,0,0,0,1.0,1,1.0,1,1.0,1,0.11824472086637533,55
1052,0,1609,882,727,0,0,0,1.0,1,1.0,1,1.0,1,0.13350676292587008,56
1053,1,1610,883,727,0,0,0,1.0,1,1.0,1,1.0,1,0.15024935590070504,56
1054,0,1610,883,727,0,0,0,1.0,1,1.0,1,1.0,1,0.14108693204389675,57
1055,0,1610,883,727,0,0,0,1.0,1,1.0,1,1.0,1,0.12580382924414885,58
1056,0,1610,883,727,0,0,0,1.0,1,1.0,1,1.0,1,0.13564610352312154,59
1057,1,1611,883,728,0,0,0,1.0,1,1.0,1,1.0,1,0.12213633112165839,60
1058,1,1612,884,728,0,0,0,1.0,1,1.0,1,1.0,1,0.1332647611973669,60
1059,1,1613,885,728,0,0,0,1.0,1,1.0,1,1.0,1,0.1388334301779771,60
1060,1,1614,886,728,0,0,0,1.0,1,1.0,1,1.0,1,0.15741042171087957,60
1061,12,1626,890,736,0,0,0,1.0,1,1.0,1,1.0,1,0.09836422331864479,59
1062,0,1626,890,736,0,0,0,1.0,1,1.0,1,1.0,1,0.10031703893845055,59
1063,1,1627,891,736,0,0,0,1.0,1,1.0,1,1.0,1,0.11949854373858713,58
1064,3,1630,893,737,0,0,0,1.0,1,1.0,1,1.0,1,0.17084970239600805,58
1065,1,1631,894,737,0,0,0,1.0,1,1.0,1,1.0,1,0.14456043339154329,60
1066,0,1631,894,737,0,0,0,1.0,1,1.0,1,1.0,1,0.17756086900823184,58
1067,4,1635,896,739,0,0,0,1.0,1,1.0,1,1.0,1,0.18392158449937068,59
1068,2,1637,896,741,0,0,0,1.0,1,1.0,1,1.0,1,0.18045776573195796,59
1069,0,1637,896,741,0,0,0,1.0,1,1.0,1,1.0,1,0.20656468259145577,58
1070,1,1638,897,741,0,0,0,1.0,1,1.0,1,1.0,1,0.1892284985851909,58
1071,0,1638,897,741,0,0,0,1.0,1,1.0,1,1.0,1,0.20462579657956156,57
1072,1,1639,898,741,0,0,0,1.0,1,1.0,1,1.0,1,0.23511675801983964,56
1073,2,1641,898,743,0,0,0,1.0,1,1.0,1,1.0,1,0.2543118678806091,54
1074,2,1643,900,743,0,0,0,1.0,1,1.0,1,1.0,1,0.28125710042693836,54
1075,1,1644,901,743,0,0,0,1.0,1,1.0,1,1.0,1,0.2993032915338421,51
1076,1,1645,902,743,0,0,0,1.0,1,1.0,1,1.0,1,0.3197746609844149,51
1077,3,1648,904,744,0,0,0,1.0,1,1.0,1,1.0,1,0.3230428977092557,51
1078,1,1649,905,744,0,0,0,1.0,1,1.0,1,1.0,1,0.3213472459704684,52
1079,3,1652,908,744,0,0,0,1.0,1,1.0,1,1.0,1,0.3539096595044289,51
1080,4,1656,911,745,0,0,0,1.0,1,1.0,1,1.0,1,0.3604471176393641,51
1081,7,1663,911,752,0,0,0,1.0,1,1.0,1,1.0,1,0.2529670921580048,48
1082,1,1664,912,752,0,0,0,1.0,1,1.0,1,1.0,1,0.26847335139407713,47
1083,4,1668,913,755,0,0,0,1.0,1,1.0,1,1.0,1,0.2715088902377396,46
1084,2,1670,913,757,0,0,0,1.0,1,1.0,1,1.0,1,0.2676189128352176,45
1085,1,1671,913,758,0,0,0,1.0,1,1.0,1,1.0,1,0.2355636533732604,46
1086,1,1672,913,759,0,0,0,1.0,1,1.0,1,1.0,1,0.24234999677445815,45
1087,2,1674,913,761,0,0,0,1.0,1,1.0,1,1.0,1,0.2531103432651402,44
1088,1,1675,913,762,0,0,0,1.0,1,1.0,1,1.0,1,0.23207874754679203,45
1089,1,1676,913,763,0,0,0,1.0,1,1.0,1,1.0,1,0.2568461362813769,46
1090,0,1676,913,763,0,0,0,1.0,1,1.0,1,1.0,1,0.25674789961793787,47
1091,1,1677,914,763,0,0,0,1.0,1,1.0,1,1.0,1,0.24254150953431908,47
1092,0,1677,914,763,0,0,0,1.0,1,1.0,1,1.0,1,0.23547839626744363,48
1093,2,1679,915,764,0,0,0,1.0,1,1.0,1,1.0,1,0.2192348488057869,48
1094,2,1681,917,764,0,0,0,1.0,1,1.0,1,1.0,1,0.27866556152968025,48
1095,1,1682,917,765,0,0,0,1.0,1,1.0,1,1.0,1,0.2784054059550327,49
1096,1,1683,918,765,0,0,0,1.0,1,1.0,1,1.0,1,0.29935279547710575,49
1097,2,1685,919,766,0,0,0,1.0,1,1.0,1,1.0,1,0.30731558850513974,50
1098,1,1686,919,767,0,0,0,1.0,1,1.0,1,1.0,1,0.30321719928882046,51
1099,1,1687,919,768,0,0,0,1.0,1,1.0,1,1.0,1,0.26522836629087304,54
1100,2,1689,920,769,0,0,0,1.0,1,1.0,1,1.0,1,0.2303875714407546,54
1101,7,1696,920,776,0,0,0,1.0,1,1.0,1,1.0,1,0.16239194323135175,54
1102,2,1698,920,778,0,0,0,1.0,1,1.0,1,1.0,1,0.11948200189768579,54
1103,0,1698,920,778,0,0,0,1.0,1,1.0,1,1.0,1,0.12945828497797224,53
1104,2,1700,921,779,0,0,0,1.0,1,1.0,1,1.0,1,0.13677945591531232,53
1105,0,1700,921,779,0,0,0,1.0,1,1.0,1,1.0,1,0.14993955631135747,52
1106,1,1701,921,780,0,0,0,1.0,1,1.0,1,1.0,1,0.17554546370397583,52
1107,1,1702,922,780,0,0,0,1.0,1,1.0,1,1.0,1,0.1853967720371249,52
1108,0,1702,922,780,0,0,0,1.0,1,1.0,1,1.0,1,0.19019390603671846,51
1109,3,1705,925,780,0,0,0,1.0,1,1.0,1,1.0,1,0.1987366261143769,49
1110,0,1705,925,780,0,0,0,1.0,1,1.0,1,1.0,1,0.2139410204526149,48
1111,3,1708,927,781,0,0,0,1.0,1,1.0,1,1.0,1,0.2512657988396971,47
1112,1,1709,928,781,0,0,0,1.0,1,1.0,1,1.0,1,0.3083758332654506,46
1113,1,1710,929,781,0,0,0,1.0,1,1.0,1,1.0,1,0.33669775010418185,43
1114,0,1710,929,781,0,0,0,1.0,1,1.0,1,1.0,1,0.3512753363956783,41
1115,2,1712,931,781,0,0,0,1.0,1,1.0,1,1.0,1,0.3297751990855179,40
1116,0,1712,931,781,0,0,0,1.0,1,1.0,1,1.0,1,0.31807507225459525,39
1117,2,1714,933,781,0,0,0,1.0,1,1.0,1,1.0,1,0.32086634562611044,40
1118,0,1714,933,781,0,0,0,1.0,1,1.0,1,1.0,1,0.30753095094114,40
1119,0,1714,933,781,0,0,0,1.0,1,1.0,1,1.0,1,0.30753095094114,40
1120,0,1714,933,781,0,0,0,1.0,1,1.0,1,1.0,1,0.30753095094114,40
1121,9,1723,935,788,0,0,0,1.0,1,1.0,1,1.0,1,0.26224916694574946,40
1122,0,1723,935,788,0,0,0,1.0,1,1.0,1,1.0,1,0.28263517551321177,41
1123,2,1725,937,788,0,0,0,1.0,1,1.0,1,1.0,1,0.34553560434834324,41
1124,3,1728,937,791,0,0,0,1.0,1,1.0,1,1.0,1,0.3033104845613117,41
1125,3,1731,938,793,0,0,0,1.0,1,1.0,1,1.0,1,0.3226028913698501,41
1126,1,1732,938,794,0,0,0,1.0,1,1.0,1,1.0,1,0.286500438239214,41
1127,0,1732,938,794,0,0,0,1.0,1,1.0,1,1.0,1,0.286500438239214,41
1128,0,1732,938,794,0,0,0,1.0,1,1.0,1,1.0,1,0.2995068675275205,42
1129,1,1733,939,794,0,0,0,1.0,1,1.0,1,1.0,1,0.3193578020439949,42
1130,1,1734,940,794,0,0,0,1.0,1,1.0,1,1.0,1,0.31131615942038227,42
1131,1,1735,941,794,0,0,0,1.0,1,1.0,1,1.0,1,0.2959286941803351,42
1132,0,1735,941,794,0,0,0,1.0,1,1.0,1,1.0,1,0.26362606173290437,43
1133,2,1737,942,795,0,0,0,1.0,1,1.0,1,1.0,1,0.22667799136266473,45
1134,0,1737,942,795,0,0,0,1.0,1,1.0,1,1.0,1,0.2340664890195813,46
1135,0,1737,942,795,0,0,0,1.0,1,1.0,1,1.0,1,0.24845376172709935,45
1136,2,1739,942,797,0,0,0,1.0,1,1.0,1,1.0,1,0.23004393481353833,48
1137,0,1739,942,797,0,0,0,1.0,1,1.0,1,1.0,1,0.23846799186709228,49
1138,0,1739,942,797,0,0,0,1.0,1,1.0,1,1.0,1,0.23846799186709228,49
1139,1,1740,942,798,0,0,0,1.0,1,1.0,1,1.0,1,0.2621021666616624,49
1140,0,1740,942,798,0,0,0,1.0,1,1.0,1,1.0,1,0.2621021666616624,49
1141,8,1748,943,805,0,0,0,1.0,1,1.0,1,1.0,1,0.22617847576050668,48
1142,3,1751,945,806,0,0,0,1.0,1,1.0,1,1.0,1,0.1910204732562699,48
1143,2,1753,946,807,0,0,0,1.0,1,1.0,1,1.0,1,0.2152524026837327,48
1144,1,1754,947,807,0,0,0,1.0,1,1.0,1,1.0,1,0.19497622813105953,48
1145,1,1755,948,807,0,0,0,1.0,1,1.0,1,1.0,1,0.21463342877395775,48
1146,2,1757,949,808,0,0,0,1.0,1,1.0,1,1.0,1,0.21792003788514347,48
1147,0,1757,949,808,0,0,0,1.0,1,1.0,1,1.0,1,0.2697474222810888,46
1148,0,1757,949,808,0,0,0,1.0,1,1.0,1,1.0,1,0.2697474222810888,46
1149,1,1758,949,809,0,0,0,1.0,1,1.0,1,1.0,1,0.31100024832841167,45
1150,2,1760,950,810,0,0,0,1.0,1,1.0,1,1.0,1,0.2909955297354588,46
1151,2,1762,952,810,0,0,0,1.0,1,1.0,1,1.0,1,0.32134978108186907,44
1152,0,1762,952,810,0,0,0,1.0,1,1.0,1,1.0,1,0.28581789304693,44
1153,3,1765,955,810,0,0,0,1.0,1,1.0,1,1.0,1,0.36226045466672296,43
1154,0,1765,955,810,0,0,0,1.0,1,1.0,1,1.0,1,0.34718961584937924,43
1155,1,1766,956,810,0,0,0,1.0,1,1.0,1,1.0,1,0.3866166742516368,43
1156,0,1766,956,810,0,0,0,1.0,1,1.0,1,1.0,1,0.37771009913229414,42
1157,0,1766,956,810,0,0,0,1.0,1,1.0,1,1.0,1,0.3786160775182069,42
1158,0,1766,956,810,0,0,0,1.0,1,1.0,1,1.0,1,0.36964819696594425,41
1159,0,1766,956,810,0,0,0,1.0,1,1.0,1,1.0,1,0.3692264032249628,41
1160,1,1767,957,810,0,0,0,1.0,1,1.0,1,1.0,1,0.3530508316592957,41
1161,7,1774,957,817,0,0,0,1.0,1,1.0,1,1.0,1,0.27135895708403684,42
1162,0,1774,957,817,0,0,0,1.0,1,1.0,1,1.0,1,0.2589320514641984,43
1163,0,1774,957,817,0,0,0,1.0,1,1.0,1,1.0,1,0.2589320514641984,43
1164,0,1774,957,817,0,0,0,1.0,1,1.0,1,1.0,1,0.24275973490998168,44
1165,2,1776,957,819,0,0,0,1.0,1,1.0,1,1.0,1,0.20787891814497747,44
1166,5,1781,957,824,0,0,0,1.0,1,1.0,1,1.0,1,0.2132707732391004,46
1167,6,1787,958,829,0,0,0,1.0,1,1.0,1,1.0,1,0.20261721388542975,46
1168,4,1791,958,833,0,0,0,1.0,1,1.0,1,1.0,1,0.18640367227146787,47
1169,2,1793,958,835,0,0,0,1.0,1,1.0,1,1.0,1,0.17115636836262604,46
1170,1,1794,958,836,0,0,0,1.0,1,1.0,1,1.0,1,0.16403010044844432,48
1171,2,1796,959,837,0,0,0,1.0,1,1.0,1,1.0,1,0.1967036447823783,49
1172,2,1798,959,839,0,0,0,1.0,1,1.0,1,1.0,1,0.1967036447823783,49
1173,2,1800,959,841,0,0,0,1.0,1,1.0,1,1.0,1,0.1967036447823783,49
1174,3,1803,960,843,0,0,0,1.0,1,1.0,1,1.0,1,0.2003671365921799,49
1175,2,1805,960,845,0,0,0,1.0,1,1.0,1,1.0,1,0.20168859095331595,50
1176,2,1807,960,847,0,0,0,1.0,1,1.0,1,1.0,1,0.21238154617351182,52
1177,4,1811,962,849,0,0,0,1.0,1,1.0,1,1.0,1,0.2296513427015855,52
1178,2,1813,962,851,0,0,0,1.0,1,1.0,1,1.0,1,0.2296513427015855,52
1179,2,1815,962,853,0,0,0,1.0,1,1.0,1,1.0,1,0.2086674319174101,53
1180,3,1818,962,856,0,0,0,1.0,1,1.0,1,1.0,1,0.20495675020812548,54
1181,3,1821,962,859,0,0,0,1.0,1,1.0,1,1.0,1,0.1911306517576674,55
1182,1,1822,962,860,0,0,0,1.0,1,1.0,1,1.0,1,0.18431234855591272,55
1183,1,1823,963,860,0,0,0,1.0,1,1.0,1,1.0,1,0.2262902674372006,53
1184,2,1825,964,861,0,0,0,1.0,1,1.0,1,1.0,1,0.22475171960670962,54
1185,0,1825,964,861,0,0,0,1.0,1,1.0,1,1.0,1,0.23499336249877403,53
1186,3,1828,965,863,0,0,0,1.0,1,1.0,1,1.0,1,0.23536560935699777,54
1187,2,1830,966,864,0,0,0,1.0,1,1.0,1,1.0,1,0.2628498596908829,55
1188,0,1830,966,864,0,0,0,1.0,1,1.0,1,1.0,1,0.2628498596908829,55
1189,0,1830,966,864,0,0,0,1.0,1,1.0,1,1.0,1,0.2632133532418082,54
1190,0,1830,966,864,0,0,0,1.0,1,1.0,1,1.0,1,0.24686440390331915,55
1191,2,1832,966,866,0,0,0,1.0,1,1.0,1,1.0,1,0.2102585084141721,54
1192,0,1832,966,866,0,0,0,1.0,1,1.0,1,1.0,1,0.1871052489925079,52
1193,0,1832,966,866,0,0,0,1.0,1,1.0,1,1.0,1,0.1965339506022435,53
1194,2,1834,967,867,0,0,0,1.0,1,1.0,1,1.0,1,0.17793087689904694,53
1195,0,1834,967,867,0,0,0,1.0,1,1.0,1,1.0,1,0.16244483091836268,54
1196,0,1834,967,867,0,0,0,1.0,1,1.0,1,1.0,1,0.1778939543981893,56
1197,3,1837,969,868,0,0,0,1.0,1,1.0,1,1.0,1,0.17940405073658566,56
1198,2,1839,970,869,0,0,0,1.0,1,1.0,1,1.0,1,0.1630413266679119,58
1199,1,1840,971,869,0,0,0,1.0,1,1.0,1,1.0,1,0.16775430447473955,58
1200,0,1840,971,869,0,0,0,1.0,1,1.0,1,1.0,1,0.16775430447473955,58
1201,5,1845,972,873,0,0,0,1.0,1,1.0,1,1.0,1,0.15084977927537158,58
1202,0,1845,972,873,0,0,0,1.0,1,1.0,1,1.0,1,0.12593291123769926,60
1203,0,1845,972,873,0,0,0,1.0,1,1.0,1,1.0,1,0.13734123005168622,58
1204,3,1848,973,875,0,0,0,1.0,1,1.0,1,1.0,1,0.13888212342954168,59
1205,2,1850,974,876,0,0,0,1.0,1,1.0,1,1.0,1,0.15161430451387875,59
1206,0,1850,974,876,0,0,0,1.0,1,1.0,1,1.0,1,0.16807500068001122,58
1207,1,1851,974,877,0,0,0,1.0,1,1.0,1,1.0,1,0.16630243388738566,60
1208,0,1851,974,877,0,0,0,1.0,1,1.0,1,1.0,1,0.16630243388738566,60
1209,1,1852,975,877,0,0,0,1.0,1,1.0,1,1.0,1,0.16808575503202017,61
1210,0,1852,975,877,0,0,0,1.0,1,1.0,1,1.0,1,0.16808575503202017,61
1211,1,1853,976,877,0,0,0,1.0,1,1.0,1,1.0,1,0.1442206086791594,63
1212,1,1854,977,877,0,0,0,1.0,1,1.0,1,1.0,1,0.13819678415630016,63
1213,0,1854,977,877,0,0,0,1.0,1,1.0,1,1.0,1,0.13819678415630016,63
1214,5,1859,979,880,0,0,0,1.0,1,1.0,1,1.0,1,0.18958579918749313,62
1215,2,1861,979,882,0,0,0,1.0,1,1.0,1,1.0,1,0.18408141852351198,63
1216,1,1862,980,882,0,0,0,1.0,1,1.0,1,1.0,1,0.22921698868008547,64
1217,1,1863,980,883,0,0,0,1.0,1,1.0,1,1.0,1,0.20851055247882674,65
1218,0,1863,980,883,0,0,0,1.0,1,1.0,1,1.0,1,0.2225892386898669,64
1219,1,1864,980,884,0,0,0,1.0,1,1.0,1,1.0,1,0.2246257397774553,65
1220,1,1865,981,884,0,0,0,1.0,1,1.0,1,1.0,1,0.2306814493738709,64
1221,7,1872,982,890,0,0,0,1.0,1,1.0,1,1.0,1,0.17584267854750713,65
1222,2,1874,982,892,0,0,0,1.0,1,1.0,1,1.0,1,0.15153082070315516,66
1223,1,1875,983,892,0,0,0,1.0,1,1.0,1,1.0,1,0.1535899910208518,64
1224,0,1875,983,892,0,0,0,1.0,1,1.0,1,1.0,1,0.14861363306306688,66
1225,3,1878,985,893,0,0,0,1.0,1,1.0,1,1.0,1,0.16059895957760054,66
1226,2,1880,986,894,0,0,0,1.0,1,1.0,1,1.0,1,0.18121032888158234,68
1227,1,1881,987,894,0,0,0,1.0,1,1.0,1,1.0,1,0.17856638452823942,64
1228,0,1881,987,894,0,0,0,1.0,1,1.0,1,1.0,1,0.191012733092231,62
1229,0,1881,987,894,0,0,0,1.0,1,1.0,1,1.0,1,0.18067226523451327,61
1230,0,1881,987,894,0,0,0,1.0,1,1.0,1,1.0,1,0.21138315357494233,58
1231,0,1881,987,894,0,0,0,1.0,1,1.0,1,1.0,1,0.20403458505791694,57
1232,1,1882,988,894,0,0,0,1.0,1,1.0,1,1.0,1,0.24968568839262487,53
1233,2,1884,990,894,0,0,0,1.0,1,1.0,1,1.0,1,0.23695169624223916,53
1234,0,1884,990,894,0,0,0,1.0,1,1.0,1,1.0,1,0.21257488326742868,54
1235,1,1885,990,895,0,0,0,1.0,1,1.0,1,1.0,1,0.240990587112141,55
1236,2,1887,992,895,0,0,0,1.0,1,1.0,1,1.0,1,0.2742689068378985,55
1237,1,1888,992,896,0,0,0,1.0,1,1.0,1,1.0,1,0.26744795603866306,55
1238,0,1888,992,896,0,0,0,1.0,1,1.0,1,1.0,1,0.2873821648384674,54
1239,0,1888,992,896,0,0,0,1.0,1,1.0,1,1.0,1,0.28079189310503966,55
1240,1,1889,992,897,0,0,0,1.0,1,1.0,1,1.0,1,0.27147627758890336,55
1241,6,1895,992,903,0,0,0,1.0,1,1.0,1,1.0,1,0.15504987647790933,54
1242,0,1895,992,903,0,0,0,1.0,1,1.0,1,1.0,1,0.15940969558618015,54
1243,0,1895,992,903,0,0,0,1.0,1,1.0,1,1.0,1,0.1614827219155586,55
1244,1,1896,992,904,0,0,0,1.0,1,1.0,1,1.0,1,0.16128127787465152,55
1245,2,1898,993,905,0,0,0,1.0,1,1.0,1,1.0,1,0.17540731094487022,55
1246,2,1900,993,907,0,0,0,1.0,1,1.0,1,1.0,1,0.1837049285016042,55
1247,3,1903,994,909,0,0,0,1.0,1,1.0,1,1.0,1,0.20351528590710774,57
1248,0,1903,994,909,0,0,0,1.0,1,1.0,1,1.0,1,0.21574156667893632,56
1249,6,1909,999,910,0,0,0,1.0,1,1.0,1,1.0,1,0.23284390843963979,56
1250,4,1913,1001,912,0,0,0,1.0,1,1.0,1,1.0,1,0.21707810545559345,56
1251,0,1913,1001,912,0,0,0,1.0,1,1.0,1,1.0,1,0.21394375059033022,58
1252,1,1914,1002,912,0,0,0,1.0,1,1.0,1,1.0,1,0.2045567806034767,58
1253,3,1917,1004,913,0,0,0,1.0,1,1.0,1,1.0,1,0.22654738798154714,58
1254,1,1918,1004,914,0,0,0,1.0,1,1.0,1,1.0,1,0.20458910940537237,60
1255,2,1920,1004,916,0,0,0,1.0,1,1.0,1,1.0,1,0.21225402276955024,61
1256,1,1921,1004,917,0,0,0,1.0,1,1.0,1,1.0,1,0.2068305439244966,61
1257,4,1925,1005,920,0,0,0,1.0,1,1.0,1,1.0,1,0.22664327439695733,62
1258,3,1928,1005,923,0,0,0,1.0,1,1.0,1,1.0,1,0.2253336477130991,63
1259,0,1928,1005,923,0,0,0,1.0,1,1.0,1,1.0,1,0.2253336477130991,63
1260,0,1928,1005,923,0,0,0,1.0,1,1.0,1,1.0,1,0.21605228841505422,63
1261,7,1935,1006,929,0,0,0,1.0,1,1.0,1,1.0,1,0.1647852883551772,63
1262,2,1937,1007,930,0,0,0,1.0,1,1.0,1,1.0,1,0.15399478768526792,64
1263,2,1939,1008,931,0,0,0,1.0,1,1.0,1,1.0,1,0.18247738996320084,63
1264,0,1939,1008,931,0,0,0,1.0,1,1.0,1,1.0,1,0.17110948228723444,63
1265,4,1943,1012,931,0,0,0,1.0,1,1.0,1,1.0,1,0.2044308695464947,60
1266,1,1944,1013,931,0,0,0,1.0,1,1.0,1,1.0,1,0.1951178108560626,61
1267,1,1945,1014,931,0,0,0,1.0,1,1.0,1,1.0,1,0.22172270295186228,58
1268,1,1946,1015,931,0,0,0,1.0,1,1.0,1,1.0,1,0.2638550300231308,54
1269,4,1950,1017,933,0,0,0,1.0,1,1.0,1,1.0,1,0.1872447714218964,54
1270,0,1950,1017,933,0,0,0,1.0,1,1.0,1,1.0,1,0.18392019397473394,51
1271,0,1950,1017,933,0,0,0,1.0,1,1.0,1,1.0,1,0.19209330653334938,50
1272,0,1950,1017,933,0,0,0,1.0,1,1.0,1,1.0,1,0.21604482224258942,47
1273,0,1950,1017,933,0,0,0,1.0,1,1.0,1,1.0,1,0.21604482224258942,47
1274,0,1950,1017,933,0,0,0,1.0,1,1.0,1,1.0,1,0.2361193079757291,49
1275,2,1952,1019,933,0,0,0,1.0,1,1.0,1,1.0,1,0.28925246617908695,48
1276,1,1953,1020,933,0,0,0,1.0,1,1.0,1,1.0,1,0.31517594984733976,49
1277,5,1958,1024,934,0,0,0,1.0,1,1.0,1,1.0,1,0.34231491574058687,50
1278,0,1958,1024,934,0,0,0,1.0,1,1.0,1,1.0,1,0.3524887916246654,51
1279,0,1958,1024,934,0,0,0,1.0,1,1.0,1,1.0,1,0.3524887916246654,51
1280,0,1958,1024,934,0,0,0,1.0,1,1.0,1,1.0,1,0.32529837541722395,52
1281,10,1968,1025,943,0,0,0,1.0,1,1.0,1,1.0,1,0.20093517675099967,52
1282,1,1969,1026,943,0,0,0,1.0,1,1.0,1,1.0,1,0.1934338731863783,52
1283,1,1970,1027,943,0,0,0,1.0,1,1.0,1,1.0,1,0.229956000893115,52
1284,2,1972,1028,944,0,0,0,1.0,1,1.0,1,1.0,1,0.2459304932163987,52
1285,1,1973,1028,945,0,0,0,1.0,1,1.0,1,1.0,1,0.26891100398259915,51
1286,1,1974,1028,946,0,0,0,1.0,1,1.0,1,1.0,1,0.26887772926171544,52
1287,3,1977,1029,948,0,0,0,1.0,1,1.0,1,1.0,1,0.27269364540238994,54
1288,2,1979,1030,949,0,0,0,1.0,1,1.0,1,1.0,1,0.2686803508725478,55
1289,0,1979,1030,949,0,0,0,1.0,1,1.0,1,1.0,1,0.2562371291689432,56
1290,1,1980,1031,949,0,0,0,1.0,1,1.0,1,1.0,1,0.22644411571537684,57
1291,2,1982,1032,950,0,0,0,1.0,1,1.0,1,1.0,1,0.2095479847316186,58
1292,1,1983,1033,950,0,0,0,1.0,1,1.0,1,1.0,1,0.19576956563706774,59
1293,0,1983,1033,950,0,0,0,1.0,1,1.0,1,1.0,1,0.19576956563706774,59
1294,1,1984,1034,950,0,0,0,1.0,1,1.0,1,1.0,1,0.1954495765343556,59
1295,0,1984,1034,950,0,0,0,1.0,1,1.0,1,1.0,1,0.1954495765343556,59
1296,1,1985,1035,950,0,0,0,1.0,1,1.0,1,1.0,1,0.20997999444304039,59
1297,0,1985,1035,950,0,0,0,1.0,1,1.0,1,1.0,1,0.2113827288481876,61
1298,2,1987,1035,952,0,0,0,1.0,1,1.0,1,1.0,1,0.2177907927315541,61
1299,1,1988,1036,952,0,0,0,1.0,1,1.0,1,1.0,1,0.21877653720864287,60
1300,0,1988,1036,952,0,0,0,1.0,1,1.0,1,1.0,1,0.21838367633264635,59
1301,10,1998,1037,961,0,0,0,1.0,1,1.0,1,1.0,1,0.1748598722825999,59
1302,0,1998,1037,961,0,0,0,1.0,1,1.0,1,1.0,1,0.1748598722825999,59
1303,2,2000,1039,961,0,0,0,1.0,1,1.0,1,1.0,1,0.21886276301745017,55
1304,1,2001,1040,961,0,0,0,1.0,1,1.0,1,1.0,1,0.20981470991171683,56
1305,1,2002,1041,961,0,0,0,1.0,1,1.0,1,1.0,1,0.233091609074633,54
1306,1,2003,1042,961,0,0,0,1.0,1,1.0,1,1.0,1,0.23387448023209445,53
1307,2,2005,1044,961,0,0,0,1.0,1,1.0,1,1.0,1,0.25057608495489064,52
1308,4,2009,1046,963,0,0,0,1.0,1,1.0,1,1.0,1,0.26221203558973916,52
1309,1,2010,1047,963,0,0,0,1.0,1,1.0,1,1.0,1,0.28253896691993763,54
1310,1,2011,1048,963,0,0,0,1.0,1,1.0,1,1.0,1,0.30821549675427273,52
1311,1,2012,1049,963,0,0,0,1.0,1,1.0,1,1.0,1,0.29347537007315583,51
1312,1,2013,1050,963,0,0,0,1.0,1,1.0,1,1.0,1,0.34311188280429644,49
1313,0,2013,1050,963,0,0,0,1.0,1,1.0,1,1.0,1,0.35032206449466774,47
1314,1,2014,1050,964,0,0,0,1.0,1,1.0,1,1.0,1,0.32020045751028864,46
1315,1,2015,1051,964,0,0,0,1.0,1,1.0,1,1.0,1,0.34056462401840504,45
1316,1,2016,1051,965,0,0,0,1.0,1,1.0,1,1.0,1,0.2991624716848019,46
1317,0,2016,1051,965,0,0,0,1.0,1,1.0,1,1.0,1,0.2877501570921626,45
1318,1,2017,1051,966,0,0,0,1.0,1,1.0,1,1.0,1,0.28810837628758673,46
1319,0,2017,1051,966,0,0,0,1.0,1,1.0,1,1.0,1,0.28810837628758673,46
1320,1,2018,1051,967,0,0,0,1.0,1,1.0,1,1.0,1,0.275118580699262,46
1321,7,2025,1051,974,0,0,0,1.0,1,1.0,1,1.0,1,0.16514000575355614,48
1322,2,2027,1051,976,0,0,0,1.0,1,1.0,1,1.0,1,0.13927394470913862,49
1323,2,2029,1051,978,0,0,0,1.0,1,1.0,1,1.0,1,0.149292787707027,49
1324,1,2030,1051,979,0,0,0,1.0,1,1.0,1,1.0,1,0.1505946151430935,50
1325,0,2030,1051,979,0,0,0,1.0,1,1.0,1,1.0,1,0.16611900845581792,49
1326,3,2033,1052,981,0,0,0,1.0,1,1.0,1,1.0,1,0.20619803458340707,50
1327,3,2036,1053,983,0,0,0,1.0,1,1.0,1,1.0,1,0.21018101333445227,50
1328,2,2038,1053,985,0,0,0,1.0,1,1.0,1,1.0,1,0.20807125596189363,49
1329,0,2038,1053,985,0,0,0,1.0,1,1.0,1,1.0,1,0.20890153757863755,50
1330,0,2038,1053,985,0,0,0,1.0,1,1.0,1,1.0,1,0.20890153757863755,50
1331,1,2039,1054,985,0,0,0,1.0,1,1.0,1,1.0,1,0.2371225000189002,50
1332,1,2040,1055,985,0,0,0,1.0,1,1.0,1,1.0,1,0.22206716513297647,51
1333,1,2041,1055,986,0,0,0,1.0,1,1.0,1,1.0,1,0.21029963260611437,52
1334,2,2043,1055,988,0,0,0,1.0,1,1.0,1,1.0,1,0.20168244475809222,54
1335,0,2043,1055,988,0,0,0,1.0,1,1.0,1,1.0,1,0.20168244475809222,54
1336,1,2044,1055,989,0,0,0,1.0,1,1.0,1,1.0,1,0.19752564487651028,56
1337,5,2049,1057,992,0,0,0,1.0,1,1.0,1,1.0,1,0.2411045653512845,57
1338,1,2050,1057,993,0,0,0,1.0,1,1.0,1,1.0,1,0.23193460497922344,57
1339,4,2054,1059,995,0,0,0,1.0,1,1.0,1,1.0,1,0.28028138561900784,58
1340,2,2056,1059,997,0,0,0,1.0,1,1.0,1,1.0,1,0.2675229524537118,59
1341,3,2059,1059,1000,0,0,0,1.0,1,1.0,1,1.0,1,0.2192994364624496,57
1342,0,2059,1059,1000,0,0,0,1.0,1,1.0,1,1.0,1,0.20281803904238477,57
1343,0,2059,1059,1000,0,0,0,1.0,1,1.0,1,1.0,1,0.19766324999097795,55
1344,0,2059,1059,1000,0,0,0,1.0,1,1.0,1,1.0,1,0.18473730556516182,54
1345,1,2060,1060,1000,0,0,0,1.0,1,1.0,1,1.0,1,0.17843374329317951,53
1346,0,2060,1060,1000,0,0,0,1.0,1,1.0,1,1.0,1,0.18447871662567103,53
1347,0,2060,1060,1000,0,0,0,1.0,1,1.0,1,1.0,1,0.19706746533160047,51
1348,0,2060,1060,1000,0,0,0,1.0,1,1.0,1,1.0,1,0.2115954140380158,52
1349,1,2061,1061,1000,0,0,0,1.0,1,1.0,1,1.0,1,0.22245001249388602,50
1350,1,2062,1062,1000,0,0,0,1.0,1,1.0,1,1.0,1,0.20728888686830607,51
1351,0,2062,1062,1000,0,0,0,1.0,1,1.0,1,1.0,1,0.219561443349606,50
1352,1,2063,1063,1000,0,0,0,1.0,1,1.0,1,1.0,1,0.20847064991153744,50
1353,1,2064,1063,1001,0,0,0,1.0,1,1.0,1,1.0,1,0.1997704755500055,50
1354,0,2064,1063,1001,0,0,0,1.0,1,1.0,1,1.0,1,0.22584101392580272,51
1355,0,2064,1063,1001,0,0,0,1.0,1,1.0,1,1.0,1,0.19813567484798167,53
1356,1,2065,1064,1001,0,0,0,1.0,1,1.0,1,1.0,1,0.23613532454539146,52
1357,2,2067,1065,1002,0,0,0,1.0,1,1.0,1,1.0,1,0.25194939191040866,52
1358,1,2068,1066,1002,0,0,0,1.0,1,1.0,1,1.0,1,0.2507801044490805,53
1359,3,2071,1068,1003,0,0,0,1.0,1,1.0,1,1.0,1,0.26986020724271376,54
1360,1,2072,1069,1003,0,0,0,1.0,1,1.0,1,1.0,1,0.2617335310850152,55
1361,9,2081,1070,1011,0,0,0,1.0,1,1.0,1,1.0,1,0.15151474807290335,55
1362,0,2081,1070,1011,0,0,0,1.0,1,1.0,1,1.0,1,0.13341135502478868,56
1363,0,2081,1070,1011,0,0,0,1.0,1,1.0,1,1.0,1,0.13341135502478868,56
1364,1,2082,1070,1012,0,0,0,1.0,1,1.0,1,1.0,1,0.140596459069728,55
1365,1,2083,1070,1013,0,0,0,1.0,1,1.0,1,1.0,1,0.14086877005870202,56
1366,1,2084,1070,1014,0,0,0,1.0,1,1.0,1,1.0,1,0.14850839753010797,57
1367,0,2084,1070,1014,0,0,0,1.0,1,1.0,1,1.0,1,0.14850839753010797,57
1368,1,2085,1070,1015,0,0,0,1.0,1,1.0,1,1.0,1,0.1500302444188376,58
1369,4,2089,1073,1016,0,0,0,1.0,1,1.0,1,1.0,1,0.1547914638959771,59
1370,2,2091,1075,1016,0,0,0,1.0,1,1.0,1,1.0,1,0.16761142149714975,60
1371,1,2092,1075,1017,0,0,0,1.0,1,1.0,1,1.0,1,0.16246779037235137,59
1372,1,2093,1076,1017,0,0,0,1.0,1,1.0,1,1.0,1,0.17917439132736773,59
1373,1,2094,1077,1017,0,0,0,1.0,1,1.0,1,1.0,1,0.18596045736832173,59
1374,1,2095,1078,1017,0,0,0,1.0,1,1.0,1,1.0,1,0.19855369879078466,59
1375,2,2097,1078,1019,0,0,0,1.0,1,1.0,1,1.0,1,0.18177760830013376,62
1376,1,2098,1079,1019,0,0,0,1.0,1,1.0,1,1.0,1,0.20119402976231285,61
1377,1,2099,1079,1020,0,0,0,1.0,1,1.0,1,1.0,1,0.18357380089272857,63
1378,3,2102,1081,1021,0,0,0,1.0,1,1.0,1,1.0,1,0.23232221678032539,62
1379,4,2106,1084,1022,0,0,0,1.0,1,1.0,1,1.0,1,0.2829865755440781,61
1380,1,2107,1085,1022,0,0,0,1.0,1,1.0,1,1.0,1,0.26820243549849954,60
1381,11,2118,1086,1032,0,0,0,1.0,1,1.0,1,1.0,1,0.21458416009896908,58
1382,0,2118,1086,1032,0,0,0,1.0,1,1.0,1,1.0,1,0.20000361166600342,56
1383,0,2118,1086,1032,0,0,0,1.0,1,1.0,1,1.0,1,0.18951922605473323,57
1384,0,2118,1086,1032,0,0,0,1.0,1,1.0,1,1.0,1,0.1807456885502031,55
1385,1,2119,1087,1032,0,0,0,1.0,1,1.0,1,1.0,1,0.17058828995562916,55
1386,1,2120,1088,1032,0,0,0,1.0,1,1.0,1,1.0,1,0.18571374814316158,54
1387,0,2120,1088,1032,0,0,0,1.0,1,1.0,1,1.0,1,0.2029522397130498,53
1388,2,2122,1090,1032,0,0,0,1.0,1,1.0,1,1.0,1,0.24862483984591957,52
1389,0,2122,1090,1032,0,0,0,1.0,1,1.0,1,1.0,1,0.2722094770446072,52
1390,1,2123,1090,1033,0,0,0,1.0,1,1.0,1,1.0,1,0.27109113597864337,51
1391,0,2123,1090,1033,0,0,0,1.0,1,1.0,1,1.0,1,0.28020447672484683,52
1392,0,2123,1090,1033,0,0,0,1.0,1,1.0,1,1.0,1,0.27218464594978803,51
1393,1,2124,1091,1033,0,0,0,1.0,1,1.0,1,1.0,1,0.2936139797961678,51
1394,1,2125,1091,1034,0,0,0,1.0,1,1.0,1,1.0,1,0.29634206796513224,52
1395,0,2125,1091,1034,0,0,0,1.0,1,1.0,1,1.0,1,0.29634206796513224,52
1396,0,2125,1091,1034,0,0,0,1.0,1,1.0,1,1.0,1,0.27816010385159984,53
1397,2,2127,1091,1036,0,0,0,1.0,1,1.0,1,1.0,1,0.24702946470920323,56
1398,2,2129,1092,1037,0,0,0,1.0,1,1.0,1,1.0,1,0.2480701877416614,56
1399,3,2132,1093,1039,0,0,0,1.0,1,1.0,1,1.0,1,0.235547769916497,57
1400,1,2133,1094,1039,0,0,0,1.0,1,1.0,1,1.0,1,0.2522768592981698,57
1401,7,2140,1094,1046,0,0,0,1.0,1,1.0,1,1.0,1,0.1514279649246034,57
1402,5,2145,1097,1048,0,0,0,1.0,1,1.0,1,1.0,1,0.1829681414192549,57
1403,1,2146,1097,1049,0,0,0,1.0,1,1.0,1,1.0,1,0.18890089256018586,56
1404,1,2147,1098,1049,0,0,0,1.0,1,1.0,1,1.0,1,0.1964211936363398,58
1405,3,2150,1099,1051,0,0,0,1.0,1,1.0,1,1.0,1,0.23459859757843735,58
1406,1,2151,1099,1052,0,0,0,1.0,1,1.0,1,1.0,1,0.22840341402590866,58
1407,0,2151,1099,1052,0,0,0,1.0,1,1.0,1,1.0,1,0.24949072213264228,57
1408,1,2152,1099,1053,0,0,0,1.0,1,1.0,1,1.0,1,0.2510900717707279,58
1409,0,2152,1099,1053,0,0,0,1.0,1,1.0,1,1.0,1,0.24609069463268196,57
1410,0,2152,1099,1053,0,0,0,1.0,1,1.0,1,1.0,1,0.24609069463268196,57
1411,0,2152,1099,1053,0,0,0,1.0,1,1.0,1,1.0,1,0.26261576703791495,56
1412,0,2152,1099,1053,0,0,0,1.0,1,1.0,1,1.0,1,0.2627829870783419,55
1413,1,2153,1099,1054,0,0,0,1.0,1,1.0,1,1.0,1,0.2563367272248398,57
1414,0,2153,1099,1054,0,0,0,1.0,1,1.0,1,1.0,1,0.2563367272248398,57
1415,2,2155,1100,1055,0,0,0,1.0,1,1.0,1,1.0,1,0.25895591815882074,60
1416,5,2160,1100,1060,0,0,0,1.0,1,1.0,1,1.0,1,0.26412440994732445,61
1417,2,2162,1100,1062,0,0,0,1.0,1,1.0,1,1.0,1,0.2366253441046442,59
1418,1,2163,1100,1063,0,0,0,1.0,1,1.0,1,1.0,1,0.2272585604251757,60
1419,1,2164,1101,1063,0,0,0,1.0,1,1.0,1,1.0,1,0.23942544945438327,59
1420,1,2165,1102,1063,0,0,0,1.0,1,1.0,1,1.0,1,0.21736386573280142,58
1421,3,2168,1103,1065,0,0,0,1.0,1,1.0,1,1.0,1,0.17855426682001654,57
1422,0,2168,1103,1065,0,0,0,1.0,1,1.0,1,1.0,1,0.17855426682001654,57
1423,0,2168,1103,1065,0,0,0,1.0,1,1.0,1,1.0,1,0.1688677389411304,56
1424,0,2168,1103,1065,0,0,0,1.0,1,1.0,1,1.0,1,0.17581217916673142,57
1425,1,2169,1104,1065,0,0,0,1.0,1,1.0,1,1.0,1,0.18769763694763025,54
1426,1,2170,1104,1066,0,0,0,1.0,1,1.0,1,1.0,1,0.19638906628476463,54
1427,1,2171,1105,1066,0,0,0,1.0,1,1.0,1,1.0,1,0.25416178847866167,53
1428,2,2173,1107,1066,0,0,0,1.0,1,1.0,1,1.0,1,0.24033574066249563,52
1429,1,2174,1107,1067,0,0,0,1.0,1,1.0,1,1.0,1,0.22988945271155153,52
1430,5,2179,1110,1069,0,0,0,1.0,1,1.0,1,1.0,1,0.22011284571837048,51
1431,0,2179,1110,1069,0,0,0,1.0,1,1.0,1,1.0,1,0.21997692570054567,51
1432,3,2182,1112,1070,0,0,0,1.0,1,1.0,1,1.0,1,0.2108539280056631,52
1433,0,2182,1112,1070,0,0,0,1.0,1,1.0,1,1.0,1,0.2108539280056631,52
1434,2,2184,1114,1070,0,0,0,1.0,1,1.0,1,1.0,1,0.2144138562455457,52
1435,1,2185,1115,1070,0,0,0,1.0,1,1.0,1,1.0,1,0.21501136718490002,50
1436,1,2186,1116,1070,0,0,0,1.0,1,1.0,1,1.0,1,0.23896107166988256,50
1437,1,2187,1117,1070,0,0,0,1.0,1,1.0,1,1.0,1,0.26572566327480635,49
1438,1,2188,1118,1070,0,0,0,1.0,1,1.0,1,1.0,1,0.27416884830220584,49
1439,1,2189,1119,1070,0,0,0,1.0,1,1.0,1,1.0,1,0.3026993390152894,50
1440,2,2191,1121,1070,0,0,0,1.0,1,1.0,1,1.0,1,0.3308760673053678,50
1441,4,2195,1122,1073,0,0,0,1.0,1,1.0,1,1.0,1,0.28597047819517446,51
1442,0,2195,1122,1073,0,0,0,1.0,1,1.0,1,1.0,1,0.2980800332897296,50
1443,1,2196,1122,1074,0,0,0,1.0,1,1.0,1,1.0,1,0.28151413872020203,51
1444,3,2199,1122,1077,0,0,0,1.0,1,1.0,1,1.0,1,0.2396560643608407,51
1445,3,2202,1123,1079,0,0,0,1.0,1,1.0,1,1.0,1,0.25954123769845105,51
1446,4,2206,1125,1081,0,0,0,1.0,1,1.0,1,1.0,1,0.21685086065628803,51
1447,2,2208,1125,1083,0,0,0,1.0,1,1.0,1,1.0,1,0.1916025952214,51
1448,1,2209,1126,1083,0,0,0,1.0,1,1.0,1,1.0,1,0.17873312400185334,51
1449,0,2209,1126,1083,0,0,0,1.0,1,1.0,1,1.0,1,0.17873312400185334,51
1450,0,2209,1126,1083,0,0,0,1.0,1,1.0,1,1.0,1,0.16719686495809338,52
1451,2,2211,1127,1084,0,0,0,1.0,1,1.0,1,1.0,1,0.16197995959926423,54
1452,1,2212,1127,1085,0,0,0,1.0,1,1.0,1,1.0,1,0.17411441516995896,56
1453,3,2215,1129,1086,0,0,0,1.0,1,1.0,1,1.0,1,0.19652986302811248,56
1454,1,2216,1129,1087,0,0,0,1.0,1,1.0,1,1.0,1,0.2088594728682257,58
1455,2,2218,1131,1087,0,0,0,1.0,1,1.0,1,1.0,1,0.24625228443979352,55
1456,3,2221,1131,1090,0,0,0,1.0,1,1.0,1,1.0,1,0.24710147932669005,56
1457,2,2223,1132,1091,0,0,0,1.0,1,1.0,1,1.0,1,0.27483147135263003,54
1458,1,2224,1133,1091,0,0,0,1.0,1,1.0,1,1.0,1,0.2791401732179955,52
1459,0,2224,1133,1091,0,0,0,1.0,1,1.0,1,1.0,1,0.28404661566295747,52
1460,1,2225,1134,1091,0,0,0,1.0,1,1.0,1,1.0,1,0.2562477860424887,50
1461,9,2234,1136,1098,0,0,0,1.0,1,1.0,1,1.0,1,0.1989346859182509,53
1462,2,2236,1137,1099,0,0,0,1.0,1,1.0,1,1.0,1,0.20358233433192077,51
1463,1,2237,1137,1100,0,0,0,1.0,1,1.0,1,1.0,1,0.20442383402666564,51
1464,0,2237,1137,1100,0,0,0,1.0,1,1.0,1,1.0,1,0.20442383402666564,51
1465,0,2237,1137,1100,0,0,0,1.0,1,1.0,1,1.0,1,0.2202199569113491,49
1466,1,2238,1138,1100,0,0,0,1.0,1,1.0,1,1.0,1,0.2384652153835346,49
1467,1,2239,1139,1100,0,0,0,1.0,1,1.0,1,1.0,1,0.29350551909381956,47
1468,2,2241,1140,1101,0,0,0,1.0,1,1.0,1,1.0,1,0.2841654855949805,48
1469,2,2243,1141,1102,0,0,0,1.0,1,1.0,1,1.0,1,0.30801164315174107,47
1470,1,2244,1141,1103,0,0,0,1.0,1,1.0,1,1.0,1,0.27930372406426895,49
1471,1,2245,1141,1104,0,0,0,1.0,1,1.0,1,1.0,1,0.2876307446233856,48
1472,0,2245,1141,1104,0,0,0,1.0,1,1.0,1,1.0,1,0.27817166487171446,48
1473,0,2245,1141,1104,0,0,0,1.0,1,1.0,1,1.0,1,0.2856730195658483,49
1474,1,2246,1141,1105,0,0,0,1.0,1,1.0,1,1.0,1,0.26267194173557973,49
1475,0,2246,1141,1105,0,0,0,1.0,1,1.0,1,1.0,1,0.26267194173557973,49
1476,1,2247,1141,1106,0,0,0,1.0,1,1.0,1,1.0,1,0.23974538509720497,51
1477,0,2247,1141,1106,0,0,0,1.0,1,1.0,1,1.0,1,0.23974538509720497,51
1478,1,2248,1141,1107,0,0,0,1.0,1,1.0,1,1.0,1,0.21349248955167527,52
1479,0,2248,1141,1107,0,0,0,1.0,1,1.0,1,1.0,1,0.22383307914663012,53
1480,1,2249,1142,1107,0,0,0,1.0,1,1.0,1,1.0,1,0.2398403131081989,53
1481,5,2254,1142,1112,0,0,0,1.0,1,1.0,1,1.0,1,0.19564077828973161,53
1482,3,2257,1143,1114,0,0,0,1.0,1,1.0,1,1.0,1,0.21676444948532347,52
1483,1,2258,1143,1115,0,0,0,1.0,1,1.0,1,1.0,1,0.20665722891131194,52
1484,2,2260,1143,1117,0,0,0,1.0,1,1.0,1,1.0,1,0.2165377108970423,53
1485,0,2260,1143,1117,0,0,0,1.0,1,1.0,1,1.0,1,0.2165377108970423,53
1486,2,2262,1143,1119,0,0,0,1.0,1,1.0,1,1.0,1,0.2208774661424316,54
1487,0,2262,1143,1119,0,0,0,1.0,1,1.0,1,1.0,1,0.22800421550966635,55
1488,1,2263,1143,1120,0,0,0,1.0,1,1.0,1,1.0,1,0.22680635682557737,57
1489,3,2266,1145,1121,0,0,0,1.0,1,1.0,1,1.0,1,0.1928130045490248,58
1490,0,2266,1145,1121,0,0,0,1.0,1,1.0,1,1.0,1,0.1928130045490248,58
1491,1,2267,1146,1121,0,0,0,1.0,1,1.0,1,1.0,1,0.2159792333717993,59
1492,0,2267,1146,1121,0,0,0,1.0,1,1.0,1,1.0,1,0.2159792333717993,59
1493,1,2268,1147,1121,0,0,0,1.0,1,1.0,1,1.0,1,0.21879244829471678,58
1494,1,2269,1148,1121,0,0,0,1.0,1,1.0,1,1.0,1,0.2485863134216491,58
1495,2,2271,1149,1122,0,0,0,1.0,1,1.0,1,1.0,1,0.25764946615904183,57
1496,0,2271,1149,1122,0,0,0,1.0,1,1.0,1,1.0,1,0.243771699629813,59
1497,1,2272,1150,1122,0,0,0,1.0,1,1.0,1,1.0,1,0.26116716414012414,58
1498,1,2273,1151,1122,0,0,0,1.0,1,1.0,1,1.0,1,0.2825703727071826,58
1499,0,2273,1151,1122,0,0,0,1.0,1,1.0,1,1.0,1,0.2639274103280911,56
1500,2,2275,1152,1123,0,0,0,1.0,1,1.0,1,1.0,1,0.2435739581061548,57
1501,3,2278,1153,1125,0,0,0,1.0,1,1.0,1,1.0,1,0.20357771289029836,55
1502,0,2278,1153,1125,0,0,0,1.0,1,1.0,1,1.0,1,0.20450517221822526,55
1503,2,2280,1154,1126,0,0,0,1.0,1,1.0,1,1.0,1,0.2203622583963855,54
1504,1,2281,1154,1127,0,0,0,1.0,1,1.0,1,1.0,1,0.18023622727273358,55
1505,2,2283,1155,1128,0,0,0,1.0,1,1.0,1,1.0,1,0.1772183729805803,53
1506,1,2284,1155,1129,0,0,0,1.0,1,1.0,1,1.0,1,0.1749018414690653,55
1507,1,2285,1156,1129,0,0,0,1.0,1,1.0,1,1.0,1,0.18967197121389948,53
1508,3,2288,1158,1130,0,0,0,1.0,1,1.0,1,1.0,1,0.15964661621116302,53
1509,0,2288,1158,1130,0,0,0,1.0,1,1.0,1,1.0,1,0.1969312940361932,52
1510,2,2290,1159,1131,0,0,0,1.0,1,1.0,1,1.0,1,0.19528823268913129,50
1511,0,2290,1159,1131,0,0,0,1.0,1,1.0,1,1.0,1,0.20513468614426947,49
1512,3,2293,1161,1132,0,0,0,1.0,1,1.0,1,1.0,1,0.2500583732275529,48
1513,0,2293,1161,1132,0,0,0,1.0,1,1.0,1,1.0,1,0.29262041636509084,47
1514,0,2293,1161,1132,0,0,0,1.0,1,1.0,1,1.0,1,0.2774727458146394,48
1515,0,2293,1161,1132,0,0,0,1.0,1,1.0,1,1.0,1,0.2774727458146394,48
1516,0,2293,1161,1132,0,0,0,1.0,1,1.0,1,1.0,1,0.286104774738739,47
1517,1,2294,1161,1133,0,0,0,1.0,1,1.0,1,1.0,1,0.2894370514922266,48
1518,1,2295,1161,1134,0,0,0,1.0,1,1.0,1,1.0,1,0.2770228168260934,48
1519,0,2295,1161,1134,0,0,0,1.0,1,1.0,1,1.0,1,0.28506741455984563,47
1520,0,2295,1161,1134,0,0,0,1.0,1,1.0,1,1.0,1,0.2922037884106859,48
1521,7,2302,1162,1140,0,0,0,1.0,1,1.0,1,1.0,1,0.2053774234302778,49
1522,1,2303,1162,1141,0,0,0,1.0,1,1.0,1,1.0,1,0.19156293555905549,48
1523,0,2303,1162,1141,0,0,0,1.0,1,1.0,1,1.0,1,0.20290187720819144,49
1524,1,2304,1163,1141,0,0,0,1.0,1,1.0,1,1.0,1,0.22193533170537344,49
1525,2,2306,1164,1142,0,0,0,1.0,1,1.0,1,1.0,1,0.22417092352068185,51
1526,1,2307,1164,1143,0,0,0,1.0,1,1.0,1,1.0,1,0.19261467464728105,52
1527,4,2311,1165,1146,0,0,0,1.0,1,1.0,1,1.0,1,0.1868659116743063,54
1528,4,2315,1166,1149,0,0,0,1.0,1,1.0,1,1.0,1,0.14390794953340255,54
1529,4,2319,1166,1153,0,0,0,1.0,1,1.0,1,1.0,1,0.14390794953340255,54
1530,7,2326,1167,1159,0,0,0,1.0,1,1.0,1,1.0,1,0.15869591018175064,54
1531,4,2330,1167,1163,0,0,0,1.0,1,1.0,1,1.0,1,0.14407253195362504,54
1532,5,2335,1168,1167,0,0,0,1.0,1,1.0,1,1.0,1,0.1072021337490396,54
1533,3,2338,1168,1170,0,0,0,1.0,1,1.0,1,1.0,1,0.12173930172606269,54
1534,4,2342,1168,1174,0,0,0,1.0,1,1.0,1,1.0,1,0.09259147423480027,54
1535,4,2346,1169,1177,0,0,0,1.0,1,1.0,1,1.0,1,0.09737010762799254,54
1536,2,2348,1169,1179,0,0,0,1.0,1,1.0,1,1.0,1,0.1069909518560427,55
1537,1,2349,1169,1180,0,0,0,1.0,1,1.0,1,1.0,1,0.1247786044897987,53
1538,1,2350,1169,1181,0,0,0,1.0,1,1.0,1,1.0,1,0.12681970184784777,54
1539,0,2350,1169,1181,0,0,0,1.0,1,1.0,1,1.0,1,0.1484979066397702,54
1540,0,2350,1169,1181,0,0,0,1.0,1,1.0,1,1.0,1,0.1484979066397702,54
1541,4,2354,1169,1185,0,0,0,1.0,1,1.0,1,1.0,1,0.10450081504674388,54
1542,3,2357,1170,1187,0,0,0,1.0,1,1.0,1,1.0,1,0.09831829458643208,57
1543,3,2360,1171,1189,0,0,0,1.0,1,1.0,1,1.0,1,0.12670348633282794,55
1544,4,2364,1174,1190,0,0,0,1.0,1,1.0,1,1.0,1,0.1325666767066924,54
1545,1,2365,1174,1191,0,0,0,1.0,1,1.0,1,1.0,1,0.13238118065425922,54
1546,2,2367,1176,1191,0,0,0,1.0,1,1.0,1,1.0,1,0.13868848757902985,53
1547,2,2369,1178,1191,0,0,0,1.0,1,1.0,1,1.0,1,0.1392815463933178,53
1548,3,2372,1181,1191,0,0,0,1.0,1,1.0,1,1.0,1,0.1566826757222101,54
1549,4,2376,1184,1192,0,0,0,1.0,1,1.0,1,1.0,1,0.1453086869548221,52
1550,5,2381,1187,1194,0,0,0,1.0,1,1.0,1,1.0,1,0.14496544857387292,52
1551,3,2384,1190,1194,0,0,0,1.0,1,1.0,1,1.0,1,0.14284019103778722,52
1552,4,2388,1193,1195,0,0,0,1.0,1,1.0,1,1.0,1,0.15570334835488286,51
1553,4,2392,1194,1198,0,0,0,1.0,1,1.0,1,1.0,1,0.17420008273146181,51
1554,4,2396,1197,1199,0,0,0,1.0,1,1.0,1,1.0,1,0.16217960663081982,51
1555,3,2399,1200,1199,0,0,0,1.0,1,1.0,1,1.0,1,0.17717794222572375,50
1556,1,2400,1201,1199,0,0,0,1.0,1,1.0,1,1.0,1,0.16905065678372164,51
1557,3,2403,1203,1200,0,0,0,1.0,1,1.0,1,1.0,1,0.1917947298921883,51
1558,1,2404,1203,1201,0,0,0,1.0,1,1.0,1,1.0,1,0.19782795639870943,52
1559,1,2405,1204,1201,0,0,0,1.0,1,1.0,1,1.0,1,0.19497460603883943,53
1560,4,2409,1205,1204,0,0,0,1.0,1,1.0,1,1.0,1,0.22682746494322786,51
1561,6,2415,1205,1210,0,0,0,1.0,1,1.0,1,1.0,1,0.15543157277523748,51
1562,1,2416,1205,1211,0,0,0,1.0,1,1.0,1,1.0,1,0.1386849079152119,52
1563,1,2417,1205,1212,0,0,0,1.0,1,1.0,1,1.0,1,0.13222909215470244,52
1564,0,2417,1205,1212,0,0,0,1.0,1,1.0,1,1.0,1,0.12918525775338865,51
1565,0,2417,1205,1212,0,0,0,1.0,1,1.0,1,1.0,1,0.1381670436416298,53
1566,0,2417,1205,1212,0,0,0,1.0,1,1.0,1,1.0,1,0.1464836603803971,53
1567,1,2418,1206,1212,0,0,0,1.0,1,1.0,1,1.0,1,0.14150280069856072,52
1568,2,2420,1207,1213,0,0,0,1.0,1,1.0,1,1.0,1,0.14136777800754402,52
1569,1,2421,1208,1213,0,0,0,1.0,1,1.0,1,1.0,1,0.1716910583752575,49
1570,1,2422,1209,1213,0,0,0,1.0,1,1.0,1,1.0,1,0.18987716030893245,48
1571,2,2424,1211,1213,0,0,0,1.0,1,1.0,1,1.0,1,0.21561327400810698,46
1572,3,2427,1213,1214,0,0,0,1.0,1,1.0,1,1.0,1,0.16048270109139742,47
1573,1,2428,1214,1214,0,0,0,1.0,1,1.0,1,1.0,1,0.1775367175555753,48
1574,3,2431,1217,1214,0,0,0,1.0,1,1.0,1,1.0,1,0.16087600576978997,46
1575,1,2432,1218,1214,0,0,0,1.0,1,1.0,1,1.0,1,0.18590471191812874,47
1576,4,2436,1221,1215,0,0,0,1.0,1,1.0,1,1.0,1,0.1374031666792223,46
1577,0,2436,1221,1215,0,0,0,1.0,1,1.0,1,1.0,1,0.1251972244752559,45
1578,1,2437,1222,1215,0,0,0,1.0,1,1.0,1,1.0,1,0.11914170313370846,44
1579,0,2437,1222,1215,0,0,0,1.0,1,1.0,1,1.0,1,0.11795703152296777,43
1580,0,2437,1222,1215,0,0,0,1.0,1,1.0,1,1.0,1,0.11795703152296777,43
1581,4,2441,1222,1219,0,0,0,1.0,1,1.0,1,1.0,1,0.04301088824279179,42
1582,1,2442,1222,1220,0,0,0,1.0,1,1.0,1,1.0,1,0.03405119252863003,42
1583,1,2443,1223,1220,0,0,0,1.0,1,1.0,1,1.0,1,0.055408044932369005,43
1584,1,2444,1223,1221,0,0,0,1.0,1,1.0,1,1.0,1,0.0643841183081837,41
1585,5,2449,1227,1222,0,0,0,1.0,1,1.0,1,1.0,1,0.05956669243385573,43
1586,1,2450,1228,1222,0,0,0,1.0,1,1.0,1,1.0,1,0.09506078245122317,42
1587,1,2451,1229,1222,0,0,0,1.0,1,1.0,1,1.0,1,0.1608201788488822,42
1588,2,2453,1231,1222,0,0,0,1.0,1,1.0,1,1.0,1,0.18719440565305323,42
1589,1,2454,1232,1222,0,0,0,1.0,1,1.0,1,1.0,1,0.16611827391360376,42
1590,0,2454,1232,1222,0,0,0,1.0,1,1.0,1,1.0,1,0.23486741227237007,41
1591,1,2455,1233,1222,0,0,0,1.0,1,1.0,1,1.0,1,0.23935244731789682,40
1592,1,2456,1233,1223,0,0,0,1.0,1,1.0,1,1.0,1,0.23816167048185913,39
1593,1,2457,1234,1223,0,0,0,1.0,1,1.0,1,1.0,1,0.23143988026684034,39
1594,0,2457,1234,1223,0,0,0,1.0,1,1.0,1,1.0,1,0.22364662584981898,39
1595,0,2457,1234,1223,0,0,0,1.0,1,1.0,1,1.0,1,0.2207411742420037,42
1596,0,2457,1234,1223,0,0,0,1.0,1,1.0,1,1.0,1,0.2534938507404736,41
1597,0,2457,1234,1223,0,0,0,1.0,1,1.0,1,1.0,1,0.2534938507404736,41
1598,0,2457,1234,1223,0,0,0,1.0,1,1.0,1,1.0,1,0.30186307791407485,39
1599,2,2459,1236,1223,0,0,0,1.0,1,1.0,1,1.0,1,0.31773297370152026,39
1600,2,2461,1238,1223,0,0,0,1.0,1,1.0,1,1.0,1,0.29941444567888126,40
1601,10,2471,1240,1231,0,0,0,1.0,1,1.0,1,1.0,1,0.19440968095005676,41
1602,0,2471,1240,1231,0,0,0,1.0,1,1.0,1,1.0,1,0.16692305723633682,41
1603,2,2473,1242,1231,0,0,0,1.0,1,1.0,1,1.0,1,0.1819550685122273,43
1604,1,2474,1243,1231,0,0,0,1.0,1,1.0,1,1.0,1,0.19524502858641696,43
1605,1,2475,1244,1231,0,0,0,1.0,1,1.0,1,1.0,1,0.22118608414658034,44
1606,2,2477,1246,1231,0,0,0,1.0,1,1.0,1,1.0,1,0.2225328505708171,44
1607,1,2478,1247,1231,0,0,0,1.0,1,1.0,1,1.0,1,0.21355005450993117,42
1608,2,2480,1248,1232,0,0,0,1.0,1,1.0,1,1.0,1,0.19147065203806857,41
1609,0,2480,1248,1232,0,0,0,1.0,1,1.0,1,1.0,1,0.15461077592743863,39
1610,1,2481,1248,1233,0,0,0,1.0,1,1.0,1,1.0,1,0.09340239283879477,39
1611,0,2481,1248,1233,0,0,0,1.0,1,1.0,1,1.0,1,0.09650332038815584,40
1612,0,2481,1248,1233,0,0,0,1.0,1,1.0,1,1.0,1,0.08489272701339788,39
1613,0,2481,1248,1233,0,0,0,1.0,1,1.0,1,1.0,1,0.08072456364940965,41
1614,2,2483,1250,1233,0,0,0,1.0,1,1.0,1,1.0,1,0.10106007769649569,41
1615,2,2485,1251,1234,0,0,0,1.0,1,1.0,1,1.0,1,0.07781310955150263,41
1616,1,2486,1252,1234,0,0,0,1.0,1,1.0,1,1.0,1,0.09597214739851688,43
1617,1,2487,1253,1234,0,0,0,1.0,1,1.0,1,1.0,1,0.11939363125573874,44
1618,1,2488,1253,1235,0,0,0,1.0,1,1.0,1,1.0,1,0.11046228126546224,44
1619,2,2490,1255,1235,0,0,0,1.0,1,1.0,1,1.0,1,0.15150750581335193,44
1620,1,2491,1256,1235,0,0,0,1.0,1,1.0,1,1.0,1,0.14898778065250232,45
1621,3,2494,1256,1238,0,0,0,1.0,1,1.0,1,1.0,1,0.10849971067053732,44
1622,4,2498,1259,1239,0,0,0,1.0,1,1.0,1,1.0,1,0.11093824710584987,44
1623,0,2498,1259,1239,0,0,0,1.0,1,1.0,1,1.0,1,0.126136398189236,43
1624,1,2499,1260,1239,0,0,0,1.0,1,1.0,1,1.0,1,0.11434241741344568,43
1625,2,2501,1262,1239,0,0,0,1.0,1,1.0,1,1.0,1,0.134003385776613,43
1626,1,2502,1262,1240,0,0,0,1.0,1,1.0,1,1.0,1,0.12637849469138693,42
1627,1,2503,1263,1240,0,0,0,1.0,1,1.0,1,1.0,1,0.13887276484379946,42
1628,1,2504,1263,1241,0,0,0,1.0,1,1.0,1,1.0,1,0.13291617863546445,42
1629,0,2504,1263,1241,0,0,0,1.0,1,1.0,1,1.0,1,0.1548708475654707,41
1630,1,2505,1264,1241,0,0,0,1.0,1,1.0,1,1.0,1,0.1353884360183311,41
1631,1,2506,1264,1242,0,0,0,1.0,1,1.0,1,1.0,1,0.17267124091008831,40
1632,1,2507,1265,1242,0,0,0,1.0,1,1.0,1,1.0,1,0.17788494189320006,39
1633,1,2508,1266,1242,0,0,0,1.0,1,1.0,1,1.0,1,0.1679906710539385,39
1634,0,2508,1266,1242,0,0,0,1.0,1,1.0,1,1.0,1,0.1679906710539385,39
1635,0,2508,1266,1242,0,0,0,1.0,1,1.0,1,1.0,1,0.18814118367322752,40
1636,2,2510,1267,1243,0,0,0,1.0,1,1.0,1,1.0,1,0.1722140285771875,41
1637,0,2510,1267,1243,0,0,0,1.0,1,1.0,1,1.0,1,0.1920602274883461,41
1638,3,2513,1270,1243,0,0,0,1.0,1,1.0,1,1.0,1,0.16622904446719944,42
1639,1,2514,1271,1243,0,0,0,1.0,1,1.0,1,1.0,1,0.15725615794047393,43
1640,1,2515,1272,1243,0,0,0,1.0,1,1.0,1,1.0,1,0.14872956683355953,43
1641,4,2519,1273,1246,0,0,0,1.0,1,1.0,1,1.0,1,0.09266684722225432,44
1642,6,2525,1277,1248,0,0,0,1.0,1,1.0,1,1.0,1,0.12565681467128137,45
1643,4,2529,1279,1250,0,0,0,1.0,1,1.0,1,1.0,1,0.12192461567374568,44
1644,3,2532,1280,1252,0,0,0,1.0,1,1.0,1,1.0,1,0.1139021975205787,45
1645,0,2532,1280,1252,0,0,0,1.0,1,1.0,1,1.0,1,0.10570924054975836,44
1646,1,2533,1280,1253,0,0,0,1.0,1,1.0,1,1.0,1,0.07685182767950019,43
1647,2,2535,1281,1254,0,0,0,1.0,1,1.0,1,1.0,1,0.09514003382284636,43
1648,2,2537,1281,1256,0,0,0,1.0,1,1.0,1,1.0,1,0.14103926740671938,42
1649,1,2538,1281,1257,0,0,0,1.0,1,1.0,1,1.0,1,0.15829521782627573,41
1650,1,2539,1281,1258,0,0,0,1.0,1,1.0,1,1.0,1,0.16729033782279662,41
1651,2,2541,1281,1260,0,0,0,1.0,1,1.0,1,1.0,1,0.16930559683770194,40
1652,1,2542,1281,1261,0,0,0,1.0,1,1.0,1,1.0,1,0.15223344061243846,39
1653,2,2544,1281,1263,0,0,0,1.0,1,1.0,1,1.0,1,0.16421482348107916,39
1654,0,2544,1281,1263,0,0,0,1.0,1,1.0,1,1.0,1,0.16421482348107916,39
1655,2,2546,1283,1263,0,0,0,1.0,1,1.0,1,1.0,1,0.20494696239962457,40
1656,3,2549,1285,1264,0,0,0,1.0,1,1.0,1,1.0,1,0.19252812716807258,40
1657,2,2551,1287,1264,0,0,0,1.0,1,1.0,1,1.0,1,0.1352977996044796,40
1658,1,2552,1288,1264,0,0,0,1.0,1,1.0,1,1.0,1,0.11060463844757597,40
1659,3,2555,1291,1264,0,0,0,1.0,1,1.0,1,1.0,1,0.1262455044671348,40
1660,2,2557,1293,1264,0,0,0,1.0,1,1.0,1,1.0,1,0.10677747055477313,41
1661,4,2561,1295,1266,0,0,0,1.0,1,1.0,1,1.0,1,0.061235177572444746,42
1662,1,2562,1296,1266,0,0,0,1.0,1,1.0,1,1.0,1,0.037748597817730725,44
1663,0,2562,1296,1266,0,0,0,1.0,1,1.0,1,1.0,1,0.05296231435191166,43
1664,1,2563,1297,1266,0,0,0,1.0,1,1.0,1,1.0,1,0.051163626357315674,42
1665,2,2565,1298,1267,0,0,0,1.0,1,1.0,1,1.0,1,0.04416015652333045,42
1666,2,2567,1300,1267,0,0,0,1.0,1,1.0,1,1.0,1,0.05498352974780667,43
1667,3,2570,1303,1267,0,0,0,1.0,1,1.0,1,1.0,1,0.06590369731664059,40
1668,0,2570,1303,1267,0,0,0,1.0,1,1.0,1,1.0,1,0.07405897226705156,40
1669,3,2573,1306,1267,0,0,0,1.0,1,1.0,1,1.0,1,0.10449475653590563,40
1670,1,2574,1307,1267,0,0,0,1.0,1,1.0,1,1.0,1,0.11668515963963365,39
1671,1,2575,1308,1267,0,0,0,1.0,1,1.0,1,1.0,1,0.1322865319981519,39
1672,2,2577,1310,1267,0,0,0,1.0,1,1.0,1,1.0,1,0.17596241204884933,38
1673,3,2580,1312,1268,0,0,0,1.0,1,1.0,1,1.0,1,0.18779648973708915,38
1674,1,2581,1313,1268,0,0,0,1.0,1,1.0,1,1.0,1,0.18795983352708318,38
1675,0,2581,1313,1268,0,0,0,1.0,1,1.0,1,1.0,1,0.16612646138090725,39
1676,0,2581,1313,1268,0,0,0,1.0,1,1.0,1,1.0,1,0.1863568152438,39
1677,0,2581,1313,1268,0,0,0,1.0,1,1.0,1,1.0,1,0.16874092533841276,40
1678,2,2583,1313,1270,0,0,0,1.0,1,1.0,1,1.0,1,0.18564777242209232,39
1679,0,2583,1313,1270,0,0,0,1.0,1,1.0,1,1.0,1,0.18564777242209232,39
1680,0,2583,1313,1270,0,0,0,1.0,1,1.0,1,1.0,1,0.1877165634300515,40
1681,1,2584,1314,1270,0,0,0,1.0,1,1.0,1,1.0,1,0.16818398945211957,41
1682,3,2587,1314,1273,0,0,0,1.0,1,1.0,1,1.0,1,0.11189556567017522,40
1683,5,2592,1318,1274,0,0,0,1.0,1,1.0,1,1.0,1,0.11521102272299669,43
1684,3,2595,1319,1276,0,0,0,1.0,1,1.0,1,1.0,1,0.11979421524410111,42
1685,2,2597,1321,1276,0,0,0,1.0,1,1.0,1,1.0,1,0.10434836647390686,41
1686,0,2597,1321,1276,0,0,0,1.0,1,1.0,1,1.0,1,0.08648048390066665,39
1687,5,2602,1325,1277,0,0,0,1.0,1,1.0,1,1.0,1,0.1529309323086089,41
1688,1,2603,1326,1277,0,0,0,1.0,1,1.0,1,1.0,1,0.13317935288261024,39
1689,2,2605,1328,1277,0,0,0,1.0,1,1.0,1,1.0,1,0.1449368550025999,37
1690,0,2605,1328,1277,0,0,0,1.0,1,1.0,1,1.0,1,0.15484213166065278,36
1691,2,2607,1329,1278,0,0,0,1.0,1,1.0,1,1.0,1,0.18723839544669932,36
1692,0,2607,1329,1278,0,0,0,1.0,1,1.0,1,1.0,1,0.18426585609212548,34
1693,1,2608,1330,1278,0,0,0,1.0,1,1.0,1,1.0,1,0.18438915176923804,33
1694,2,2610,1331,1279,0,0,0,1.0,1,1.0,1,1.0,1,0.1858753849649181,32
1695,1,2611,1331,1280,0,0,0,1.0,1,1.0,1,1.0,1,0.15451284601331797,32
1696,2,2613,1332,1281,0,0,0,1.0,1,1.0,1,1.0,1,0.16357081227166087,34
1697,1,2614,1333,1281,0,0,0,1.0,1,1.0,1,1.0,1,0.19707195016556944,34
1698,5,2619,1335,1284,0,0,0,1.0,1,1.0,1,1.0,1,0.20324957267654567,36
1699,1,2620,1336,1284,0,0,0,1.0,1,1.0,1,1.0,1,0.23074208602934693,36
1700,0,2620,1336,1284,0,0,0,1.0,1,1.0,1,1.0,1,0.23141434430864985,37
1701,3,2623,1336,1287,0,0,0,1.0,1,1.0,1,1.0,1,0.1591469836780747,39
1702,1,2624,1337,1287,0,0,0,1.0,1,1.0,1,1.0,1,0.1436649481152099,39
1703,1,2625,1338,1287,0,0,0,1.0,1,1.0,1,1.0,1,0.15485544748396615,38
1704,0,2625,1338,1287,0,0,0,1.0,1,1.0,1,1.0,1,0.11849073272829165,38
1705,3,2628,1340,1288,0,0,0,1.0,1,1.0,1,1.0,1,0.12854603545802867,37
1706,2,2630,1341,1289,0,0,0,1.0,1,1.0,1,1.0,1,0.11656496081524556,37
1707,1,2631,1342,1289,0,0,0,1.0,1,1.0,1,1.0,1,0.1524208896005367,36
1708,0,2631,1342,1289,0,0,0,1.0,1,1.0,1,1.0,1,0.18243623789646116,34
1709,0,2631,1342,1289,0,0,0,1.0,1,1.0,1,1.0,1,0.18243623789646116,34
1710,4,2635,1345,1290,0,0,0,1.0,1,1.0,1,1.0,1,0.29577824456110086,33
1711,0,2635,1345,1290,0,0,0,1.0,1,1.0,1,1.0,1,0.284960238372158,32
1712,1,2636,1346,1290,0,0,0,1.0,1,1.0,1,1.0,1,0.3385473675707801,31
1713,0,2636,1346,1290,0,0,0,1.0,1,1.0,1,1.0,1,0.33515931631804785,32
1714,0,2636,1346,1290,0,0,0,1.0,1,1.0,1,1.0,1,0.33515931631804785,32
1715,0,2636,1346,1290,0,0,0,1.0,1,1.0,1,1.0,1,0.33515931631804785,32
1716,1,2637,1347,1290,0,0,0,1.0,1,1.0,1,1.0,1,0.31487734943223145,34
1717,1,2638,1347,1291,0,0,0,1.0,1,1.0,1,1.0,1,0.29037603657666294,34
1718,0,2638,1347,1291,0,0,0,1.0,1,1.0,1,1.0,1,0.309844321465588,34
1719,1,2639,1348,1291,0,0,0,1.0,1,1.0,1,1.0,1,0.3467919968069246,34
1720,2,2641,1349,1292,0,0,0,1.0,1,1.0,1,1.0,1,0.3446487306213703,34
1721,10,2651,1350,1301,0,0,0,1.0,1,1.0,1,1.0,1,0.2006834942235478,35
1722,0,2651,1350,1301,0,0,0,1.0,1,1.0,1,1.0,1,0.17542796260852306,35
1723,1,2652,1351,1301,0,0,0,1.0,1,1.0,1,1.0,1,0.14973223979537034,34
1724,1,2653,1352,1301,0,0,0,1.0,1,1.0,1,1.0,1,0.08058518536111561,33
1725,0,2653,1352,1301,0,0,0,1.0,1,1.0,1,1.0,1,0.09031205920839824,35
1726,1,2654,1352,1302,0,0,0,1.0,1,1.0,1,1.0,1,0.05503821917477522,34
1727,0,2654,1352,1302,0,0,0,1.0,1,1.0,1,1.0,1,0.05503821917477522,34
1728,1,2655,1353,1302,0,0,0,1.0,1,1.0,1,1.0,1,0.020553431080425132,35
1729,1,2656,1354,1302,0,0,0,1.0,1,1.0,1,1.0,1,0.04484049685383823,35
1730,0,2656,1354,1302,0,0,0,1.0,1,1.0,1,1.0,1,0.04484049685383823,35
1731,1,2657,1355,1302,0,0,0,1.0,1,1.0,1,1.0,1,0.13337273309290232,35
1732,0,2657,1355,1302,0,0,0,1.0,1,1.0,1,1.0,1,0.13337273309290232,35
1733,0,2657,1355,1302,0,0,0,1.0,1,1.0,1,1.0,1,0.14970700863012687,33
1734,1,2658,1356,1302,0,0,0,1.0,1,1.0,1,1.0,1,0.1498542306265169,34
1735,0,2658,1356,1302,0,0,0,1.0,1,1.0,1,1.0,1,0.17974546430102203,33
1736,3,2661,1359,1302,0,0,0,1.0,1,1.0,1,1.0,1,0.17168020492072622,33
1737,0,2661,1359,1302,0,0,0,1.0,1,1.0,1,1.0,1,0.15849742488919463,35
1738,1,2662,1360,1302,0,0,0,1.0,1,1.0,1,1.0,1,0.13835605463894649,36
1739,2,2664,1362,1302,0,0,0,1.0,1,1.0,1,1.0,1,0.1329107118657069,36
1740,1,2665,1363,1302,0,0,0,1.0,1,1.0,1,1.0,1,0.14487327259403998,37
1741,1,2666,1364,1302,0,0,0,1.0,1,1.0,1,1.0,1,0.12086469241421695,36
1742,1,2667,1365,1302,0,0,0,1.0,1,1.0,1,1.0,1,0.1152349868529625,36
1743,3,2670,1367,1303,0,0,0,1.0,1,1.0,1,1.0,1,0.14565875830335953,37
1744,1,2671,1367,1304,0,0,0,1.0,1,1.0,1,1.0,1,0.13184491508178042,37
1745,4,2675,1371,1304,0,0,0,1.0,1,1.0,1,1.0,1,0.27106859895150304,38
1746,3,2678,1371,1307,0,0,0,1.0,1,1.0,1,1.0,1,0.23485017649624537,38
1747,2,2680,1372,1308,0,0,0,1.0,1,1.0,1,1.0,1,0.2505864545663543,37
1748,2,2682,1374,1308,0,0,0,1.0,1,1.0,1,1.0,1,0.2339873881664364,38
1749,1,2683,1374,1309,0,0,0,1.0,1,1.0,1,1.0,1,0.22363108842119325,38
1750,0,2683,1374,1309,0,0,0,1.0,1,1.0,1,1.0,1,0.23757568993113115,39
1751,1,2684,1374,1310,0,0,0,1.0,1,1.0,1,1.0,1,0.20667795257545749,41
1752,0,2684,1374,1310,0,0,0,1.0,1,1.0,1,1.0,1,0.20667795257545749,41
1753,1,2685,1374,1311,0,0,0,1.0,1,1.0,1,1.0,1,0.20951151000541982,41
1754,1,2686,1375,1311,0,0,0,1.0,1,1.0,1,1.0,1,0.19415484417628728,40
1755,0,2686,1375,1311,0,0,0,1.0,1,1.0,1,1.0,1,0.19519583392443504,41
1756,0,2686,1375,1311,0,0,0,1.0,1,1.0,1,1.0,1,0.22272092648637598,41
1757,0,2686,1375,1311,0,0,0,1.0,1,1.0,1,1.0,1,0.2331334314609599,40
1758,0,2686,1375,1311,0,0,0,1.0,1,1.0,1,1.0,1,0.222314734635827,41
1759,1,2687,1376,1311,0,0,0,1.0,1,1.0,1,1.0,1,0.26346564308328774,38
1760,2,2689,1378,1311,0,0,0,1.0,1,1.0,1,1.0,1,0.2524976702967669,38
1761,7,2696,1380,1316,0,0,0,1.0,1,1.0,1,1.0,1,0.19266381304983454,37
1762,1,2697,1381,1316,0,0,0,1.0,1,1.0,1,1.0,1,0.2102079330586581,37
1763,4,2701,1384,1317,0,0,0,1.0,1,1.0,1,1.0,1,0.18147924459345913,37
1764,2,2703,1385,1318,0,0,0,1.0,1,1.0,1,1.0,1,0.18331599572772103,36
1765,3,2706,1388,1318,0,0,0,1.0,1,1.0,1,1.0,1,0.2371796765492733,36
1766,2,2708,1389,1319,0,0,0,1.0,1,1.0,1,1.0,1,0.21935845369943877,37
1767,2,2710,1391,1319,0,0,0,1.0,1,1.0,1,1.0,1,0.2533676652412087,37
1768,0,2710,1391,1319,0,0,0,1.0,1,1.0,1,1.0,1,0.20760757043892047,37
1769,1,2711,1392,1319,0,0,0,1.0,1,1.0,1,1.0,1,0.19197147503168963,38
1770,2,2713,1393,1320,0,0,0,1.0,1,1.0,1,1.0,1,0.19594772521025114,39
1771,0,2713,1393,1320,0,0,0,1.0,1,1.0,1,1.0,1,0.19594772521025114,39
1772,1,2714,1394,1320,0,0,0,1.0,1,1.0,1,1.0,1,0.2087631103672247,39
1773,1,2715,1395,1320,0,0,0,1.0,1,1.0,1,1.0,1,0.19406902378164906,41
1774,2,2717,1396,1321,0,0,0,1.0,1,1.0,1,1.0,1,0.18117222419486684,41
1775,1,2718,1397,1321,0,0,0,1.0,1,1.0,1,1.0,1,0.17309056443270496,42
1776,1,2719,1398,1321,0,0,0,1.0,1,1.0,1,1.0,1,0.17559531214742197,43
1777,1,2720,1398,1322,0,0,0,1.0,1,1.0,1,1.0,1,0.13963699653339393,43
1778,0,2720,1398,1322,0,0,0,1.0,1,1.0,1,1.0,1,0.1422031605172254,44
1779,2,2722,1399,1323,0,0,0,1.0,1,1.0,1,1.0,1,0.11714110669983999,46
1780,0,2722,1399,1323,0,0,0,1.0,1,1.0,1,1.0,1,0.11714110669983999,46
1781,0,2722,1399,1323,0,0,0,1.0,1,1.0,1,1.0,1,0.11714110669983999,46
1782,1,2723,1399,1324,0,0,0,1.0,1,1.0,1,1.0,1,0.11187288553848888,46
1783,0,2723,1399,1324,0,0,0,1.0,1,1.0,1,1.0,1,0.12829110497308677,44
1784,0,2723,1399,1324,0,0,0,1.0,1,1.0,1,1.0,1,0.11482035365781504,45
1785,1,2724,1400,1324,0,0,0,1.0,1,1.0,1,1.0,1,0.14271169259349165,42
1786,2,2726,1402,1324,0,0,0,1.0,1,1.0,1,1.0,1,0.13031825599615052,43
1787,1,2727,1403,1324,0,0,0,1.0,1,1.0,1,1.0,1,0.14924854257515388,41
1788,2,2729,1404,1325,0,0,0,1.0,1,1.0,1,1.0,1,0.17476147402544437,41
1789,0,2729,1404,1325,0,0,0,1.0,1,1.0,1,1.0,1,0.18695519914464376,41
1790,4,2733,1408,1325,0,0,0,1.0,1,1.0,1,1.0,1,0.16450340557798873,41
1791,2,2735,1410,1325,0,0,0,1.0,1,1.0,1,1.0,1,0.1458753659692759,40
1792,4,2739,1414,1325,0,0,0,1.0,1,1.0,1,1.0,1,0.1173554764500605,40
1793,2,2741,1415,1326,0,0,0,1.0,1,1.0,1,1.0,1,0.12620892775514012,41
1794,0,2741,1415,1326,0,0,0,1.0,1,1.0,1,1.0,1,0.12620892775514012,41
1795,4,2745,1419,1326,0,0,0,1.0,1,1.0,1,1.0,1,0.2312151599354329,40
1796,1,2746,1420,1326,0,0,0,1.0,1,1.0,1,1.0,1,0.257136116978859,40
1797,1,2747,1421,1326,0,0,0,1.0,1,1.0,1,1.0,1,0.30143691582647736,37
1798,1,2748,1422,1326,0,0,0,1.0,1,1.0,1,1.0,1,0.3121900042367996,37
1799,0,2748,1422,1326,0,0,0,1.0,1,1.0,1,1.0,1,0.3137760160759354,36
1800,0,2748,1422,1326,0,0,0,1.0,1,1.0,1,1.0,1,0.3137760160759354,36
1801,5,2753,1422,1331,0,0,0,1.0,1,1.0,1,1.0,1,0.09749055633406727,34
1802,1,2754,1423,1331,0,0,0,1.0,1,1.0,1,1.0,1,0.08069454100311102,33
1803,2,2756,1425,1331,0,0,0,1.0,1,1.0,1,1.0,1,0.09762878495595334,33
1804,1,2757,1426,1331,0,0,0,1.0,1,1.0,1,1.0,1,0.1402364314166501,33
1805,1,2758,1427,1331,0,0,0,1.0,1,1.0,1,1.0,1,0.17587642580976068,35
1806,2,2760,1429,1331,0,0,0,1.0,1,1.0,1,1.0,1,0.18926462738407904,35
1807,0,2760,1429,1331,0,0,0,1.0,1,1.0,1,1.0,1,0.14471915517840747,35
1808,1,2761,1430,1331,0,0,0,1.0,1,1.0,1,1.0,1,0.07838796233559815,36
1809,0,2761,1430,1331,0,0,0,1.0,1,1.0,1,1.0,1,0.07191105722472982,36
1810,3,2764,1432,1332,0,0,0,1.0,1,1.0,1,1.0,1,0.10942102633372269,35
1811,4,2768,1433,1335,0,0,0,1.0,1,1.0,1,1.0,1,0.14665203163089127,36
1812,1,2769,1433,1336,0,0,0,1.0,1,1.0,1,1.0,1,0.1352732967071088,36
1813,1,2770,1434,1336,0,0,0,1.0,1,1.0,1,1.0,1,0.17887318241210917,36
1814,0,2770,1434,1336,0,0,0,1.0,1,1.0,1,1.0,1,0.18187624039760414,34
1815,1,2771,1434,1337,0,0,0,1.0,1,1.0,1,1.0,1,0.1790092718251835,35
1816,1,2772,1434,1338,0,0,0,1.0,1,1.0,1,1.0,1,0.16618684815915274,34
1817,1,2773,1435,1338,0,0,0,1.0,1,1.0,1,1.0,1,0.14624959450663585,34
1818,0,2773,1435,1338,0,0,0,1.0,1,1.0,1,1.0,1,0.14624959450663585,34
1819,2,2775,1437,1338,0,0,0,1.0,1,1.0,1,1.0,1,0.11342893213920104,35
1820,0,2775,1437,1338,0,0,0,1.0,1,1.0,1,1.0,1,0.10381103900672366,36
1821,1,2776,1437,1339,0,0,0,1.0,1,1.0,1,1.0,1,0.07646318896910728,36
1822,2,2778,1439,1339,0,0,0,1.0,1,1.0,1,1.0,1,0.11653642693126516,37
1823,1,2779,1440,1339,0,0,0,1.0,1,1.0,1,1.0,1,0.1279880001512692,38
1824,0,2779,1440,1339,0,0,0,1.0,1,1.0,1,1.0,1,0.13904170184249287,37
1825,1,2780,1441,1339,0,0,0,1.0,1,1.0,1,1.0,1,0.16640966934988166,36
1826,1,2781,1442,1339,0,0,0,1.0,1,1.0,1,1.0,1,0.16236666144934211,35
1827,1,2782,1443,1339,0,0,0,1.0,1,1.0,1,1.0,1,0.16780676547899578,35
1828,1,2783,1444,1339,0,0,0,1.0,1,1.0,1,1.0,1,0.16672932816102387,33
1829,1,2784,1445,1339,0,0,0,1.0,1,1.0,1,1.0,1,0.17122173657455056,32
1830,1,2785,1446,1339,0,0,0,1.0,1,1.0,1,1.0,1,0.18145118742289834,32
1831,1,2786,1447,1339,0,0,0,1.0,1,1.0,1,1.0,1,0.24648447508483623,30
1832,0,2786,1447,1339,0,0,0,1.0,1,1.0,1,1.0,1,0.24648447508483623,30
1833,1,2787,1448,1339,0,0,0,1.0,1,1.0,1,1.0,1,0.2897537499744878,29
1834,2,2789,1450,1339,0,0,0,1.0,1,1.0,1,1.0,1,0.25804906797543165,28
1835,3,2792,1453,1339,0,0,0,1.0,1,1.0,1,1.0,1,0.30723562358013545,28
1836,0,2792,1453,1339,0,0,0,1.0,1,1.0,1,1.0,1,0.30482422220688815,29
1837,1,2793,1454,1339,0,0,0,1.0,1,1.0,1,1.0,1,0.3559774317638245,28
1838,0,2793,1454,1339,0,0,0,1.0,1,1.0,1,1.0,1,0.3199331451678108,28
1839,0,2793,1454,1339,0,0,0,1.0,1,1.0,1,1.0,1,0.3404876723266401,27
1840,1,2794,1454,1340,0,0,0,1.0,1,1.0,1,1.0,1,0.32040856637799225,26
1841,3,2797,1454,1343,0,0,0,1.0,1,1.0,1,1.0,1,0.23127967058452625,25
1842,2,2799,1455,1344,0,0,0,1.0,1,1.0,1,1.0,1,0.18238236967718863,26
1843,0,2799,1455,1344,0,0,0,1.0,1,1.0,1,1.0,1,0.18238236967718863,26
1844,4,2803,1458,1345,0,0,0,1.0,1,1.0,1,1.0,1,0.17442844831387766,26
1845,1,2804,1458,1346,0,0,0,1.0,1,1.0,1,1.0,1,0.13621938750823145,26
1846,2,2806,1460,1346,0,0,0,1.0,1,1.0,1,1.0,1,0.17512345176186403,26
1847,1,2807,1460,1347,0,0,0,1.0,1,1.0,1,1.0,1,0.1554423465355932,26
1848,0,2807,1460,1347,0,0,0,1.0,1,1.0,1,1.0,1,0.15907570072725435,27
1849,0,2807,1460,1347,0,0,0,1.0,1,1.0,1,1.0,1,0.15907570072725435,27
1850,0,2807,1460,1347,0,0,0,1.0,1,1.0,1,1.0,1,0.16231045823935417,28
1851,0,2807,1460,1347,0,0,0,1.0,1,1.0,1,1.0,1,0.16231045823935417,28
1852,0,2807,1460,1347,0,0,0,1.0,1,1.0,1,1.0,1,0.16231045823935417,28
1853,0,2807,1460,1347,0,0,0,1.0,1,1.0,1,1.0,1,0.1791865121970694,27
1854,0,2807,1460,1347,0,0,0,1.0,1,1.0,1,1.0,1,0.2028151241125913,28
1855,0,2807,1460,1347,0,0,0,1.0,1,1.0,1,1.0,1,0.2028151241125913,28
1856,4,2811,1463,1348,0,0,0,1.0,1,1.0,1,1.0,1,0.20997470727527762,30
1857,1,2812,1463,1349,0,0,0,1.0,1,1.0,1,1.0,1,0.1917405801177793,31
1858,3,2815,1465,1350,0,0,0,1.0,1,1.0,1,1.0,1,0.26433769816340363,31
1859,4,2819,1465,1354,0,0,0,1.0,1,1.0,1,1.0,1,0.27024050945357325,31
1860,2,2821,1465,1356,0,0,0,1.0,1,1.0,1,1.0,1,0.2335275547862285,31
1861,2,2823,1465,1358,0,0,0,1.0,1,1.0,1,1.0,1,0.19056513138211928,31
1862,0,2823,1465,1358,0,0,0,1.0,1,1.0,1,1.0,1,0.19056513138211928,31
1863,0,2823,1465,1358,0,0,0,1.0,1,1.0,1,1.0,1,0.20900871377781652,31
1864,1,2824,1466,1358,0,0,0,1.0,1,1.0,1,1.0,1,0.19066310273750534,30
1865,1,2825,1467,1358,0,0,0,1.0,1,1.0,1,1.0,1,0.19767002360036756,27
1866,1,2826,1468,1358,0,0,0,1.0,1,1.0,1,1.0,1,0.22945428994607678,28
1867,0,2826,1468,1358,0,0,0,1.0,1,1.0,1,1.0,1,0.27858374125023305,26
1868,2,2828,1470,1358,0,0,0,1.0,1,1.0,1,1.0,1,0.2612149037527047,26
1869,0,2828,1470,1358,0,0,0,1.0,1,1.0,1,1.0,1,0.2772767844185492,25
1870,1,2829,1471,1358,0,0,0,1.0,1,1.0,1,1.0,1,0.23134093752361765,25
1871,1,2830,1472,1358,0,0,0,1.0,1,1.0,1,1.0,1,0.23619324757443244,26
1872,0,2830,1472,1358,0,0,0,1.0,1,1.0,1,1.0,1,0.23560743455751734,25
1873,0,2830,1472,1358,0,0,0,1.0,1,1.0,1,1.0,1,0.2740447729478935,23
1874,1,2831,1473,1358,0,0,0,1.0,1,1.0,1,1.0,1,0.2704237034910991,23
1875,0,2831,1473,1358,0,0,0,1.0,1,1.0,1,1.0,1,0.3465461177249753,21
1876,1,2832,1474,1358,0,0,0,1.0,1,1.0,1,1.0,1,0.378600787868562,24
1877,1,2833,1475,1358,0,0,0,1.0,1,1.0,1,1.0,1,0.4384210159817139,24
1878,2,2835,1476,1359,0,0,0,1.0,1,1.0,1,1.0,1,0.3462373601960427,26
1879,0,2835,1476,1359,0,0,0,1.0,1,1.0,1,1.0,1,0.3462373601960427,26
1880,0,2835,1476,1359,0,0,0,1.0,1,1.0,1,1.0,1,0.3462373601960427,26
1881,4,2839,1476,1363,0,0,0,1.0,1,1.0,1,1.0,1,0.09931856229922285,26
1882,0,2839,1476,1363,0,0,0,1.0,1,1.0,1,1.0,1,0.1228623874759325,25
1883,0,2839,1476,1363,0,0,0,1.0,1,1.0,1,1.0,1,0.1228623874759325,25
1884,0,2839,1476,1363,0,0,0,1.0,1,1.0,1,1.0,1,0.1228623874759325,25
1885,0,2839,1476,1363,0,0,0,1.0,1,1.0,1,1.0,1,0.1228623874759325,25
1886,0,2839,1476,1363,0,0,0,1.0,1,1.0,1,1.0,1,0.08179656450870054,26
1887,0,2839,1476,1363,0,0,0,1.0,1,1.0,1,1.0,1,0.08179656450870054,26
1888,1,2840,1477,1363,0,0,0,1.0,1,1.0,1,1.0,1,0.11265554364820791,27
1889,0,2840,1477,1363,0,0,0,1.0,1,1.0,1,1.0,1,0.1411742655484279,28
1890,0,2840,1477,1363,0,0,0,1.0,1,1.0,1,1.0,1,0.1411742655484279,28
1891,1,2841,1477,1364,0,0,0,1.0,1,1.0,1,1.0,1,0.12537219348602846,29
1892,0,2841,1477,1364,0,0,0,1.0,1,1.0,1,1.0,1,0.12537219348602846,29
1893,0,2841,1477,1364,0,0,0,1.0,1,1.0,1,1.0,1,0.12537219348602846,29
1894,0,2841,1477,1364,0,0,0,1.0,1,1.0,1,1.0,1,0.12537219348602846,29
1895,2,2843,1478,1365,0,0,0,1.0,1,1.0,1,1.0,1,0.10665313668395515,31
1896,1,2844,1479,1365,0,0,0,1.0,1,1.0,1,1.0,1,0.11899117557870931,31
1897,0,2844,1479,1365,0,0,0,1.0,1,1.0,1,1.0,1,0.11899117557870931,31
1898,0,2844,1479,1365,0,0,0,1.0,1,1.0,1,1.0,1,0.11899117557870931,31
1899,0,2844,1479,1365,0,0,0,1.0,1,1.0,1,1.0,1,0.10630596494179435,32
1900,0,2844,1479,1365,0,0,0,1.0,1,1.0,1,1.0,1,0.10630596494179435,32
1901,1,2845,1479,1366,0,0,0,1.0,1,1.0,1,1.0,1,0.08317237378309965,32
1902,1,2846,1480,1366,0,0,0,1.0,1,1.0,1,1.0,1,0.10550822090541159,32
1903,0,2846,1480,1366,0,0,0,1.0,1,1.0,1,1.0,1,0.10550822090541159,32
1904,0,2846,1480,1366,0,0,0,1.0,1,1.0,1,1.0,1,0.07145753618615062,34
1905,0,2846,1480,1366,0,0,0,1.0,1,1.0,1,1.0,1,0.07145753618615062,34
1906,0,2846,1480,1366,0,0,0,1.0,1,1.0,1,1.0,1,0.08462615765766036,35
1907,2,2848,1480,1368,0,0,0,1.0,1,1.0,1,1.0,1,0.013575057969658093,36
1908,0,2848,1480,1368,0,0,0,1.0,1,1.0,1,1.0,1,0.013575057969658093,36
1909,2,2850,1481,1369,0,0,0,1.0,1,1.0,1,1.0,1,0.040246460731545655,37
1910,0,2850,1481,1369,0,0,0,1.0,1,1.0,1,1.0,1,0.04594020054872702,38
1911,0,2850,1481,1369,0,0,0,1.0,1,1.0,1,1.0,1,0.0367523173129304,37
1912,1,2851,1482,1369,0,0,0,1.0,1,1.0,1,1.0,1,0.04424957852611874,37
1913,0,2851,1482,1369,0,0,0,1.0,1,1.0,1,1.0,1,0.05975907589186457,36
1914,3,2854,1485,1369,0,0,0,1.0,1,1.0,1,1.0,1,0.10229375555307221,37
1915,2,2856,1486,1370,0,0,0,1.0,1,1.0,1,1.0,1,0.08317660374663045,37
1916,2,2858,1487,1371,0,0,0,1.0,1,1.0,1,1.0,1,0.12042685168395897,39
1917,5,2863,1489,1374,0,0,0,1.0,1,1.0,1,1.0,1,0.16579246055464847,38
1918,3,2866,1491,1375,0,0,0,1.0,1,1.0,1,1.0,1,0.22101626331231397,38
1919,3,2869,1491,1378,0,0,0,1.0,1,1.0,1,1.0,1,0.22147872063266755,38
1920,3,2872,1492,1380,0,0,0,1.0,1,1.0,1,1.0,1,0.18944836711874374,39
1921,3,2875,1492,1383,0,0,0,1.0,1,1.0,1,1.0,1,0.12735191877173088,38
1922,0,2875,1492,1383,0,0,0,1.0,1,1.0,1,1.0,1,0.09988048254278345,39
1923,1,2876,1493,1383,0,0,0,1.0,1,1.0,1,1.0,1,0.09958060533333991,40
1924,0,2876,1493,1383,0,0,0,1.0,1,1.0,1,1.0,1,0.09958060533333991,40
1925,0,2876,1493,1383,0,0,0,1.0,1,1.0,1,1.0,1,0.0653444743500817,40
1926,0,2876,1493,1383,0,0,0,1.0,1,1.0,1,1.0,1,0.0653444743500817,40
1927,1,2877,1494,1383,0,0,0,1.0,1,1.0,1,1.0,1,0.07068841846007923,41
1928,1,2878,1495,1383,0,0,0,1.0,1,1.0,1,1.0,1,0.05384887472494595,41
1929,2,2880,1496,1384,0,0,0,1.0,1,1.0,1,1.0,1,0.05336691539419027,40
1930,1,2881,1497,1384,0,0,0,1.0,1,1.0,1,1.0,1,0.09543127530634615,40
1931,0,2881,1497,1384,0,0,0,1.0,1,1.0,1,1.0,1,0.09543127530634615,40
1932,0,2881,1497,1384,0,0,0,1.0,1,1.0,1,1.0,1,0.09543127530634615,40
1933,0,2881,1497,1384,0,0,0,1.0,1,1.0,1,1.0,1,0.11477358262737954,42
1934,0,2881,1497,1384,0,0,0,1.0,1,1.0,1,1.0,1,0.11511867699371271,44
1935,0,2881,1497,1384,0,0,0,1.0,1,1.0,1,1.0,1,0.11511867699371271,44
1936,2,2883,1498,1385,0,0,0,1.0,1,1.0,1,1.0,1,0.13886286445452395,46
1937,2,2885,1500,1385,0,0,0,1.0,1,1.0,1,1.0,1,0.09942779688735519,47
1938,0,2885,1500,1385,0,0,0,1.0,1,1.0,1,1.0,1,0.09942779688735519,47
1939,1,2886,1501,1385,0,0,0,1.0,1,1.0,1,1.0,1,0.10509580409224649,47
1940,2,2888,1503,1385,0,0,0,1.0,1,1.0,1,1.0,1,0.11919770501317076,47
1941,4,2892,1505,1387,0,0,0,1.0,1,1.0,1,1.0,1,0.07440336189906088,47
1942,3,2895,1506,1389,0,0,0,1.0,1,1.0,1,1.0,1,0.06841073451405226,49
1943,1,2896,1507,1389,0,0,0,1.0,1,1.0,1,1.0,1,0.1032477427117093,47
1944,0,2896,1507,1389,0,0,0,1.0,1,1.0,1,1.0,1,0.1032477427117093,47
1945,2,2898,1508,1390,0,0,0,1.0,1,1.0,1,1.0,1,0.13860923558907318,45
1946,0,2898,1508,1390,0,0,0,1.0,1,1.0,1,1.0,1,0.1554451083880766,45
1947,4,2902,1512,1390,0,0,0,1.0,1,1.0,1,1.0,1,0.2204600328586442,45
1948,1,2903,1512,1391,0,0,0,1.0,1,1.0,1,1.0,1,0.21455248607794034,45
1949,4,2907,1516,1391,0,0,0,1.0,1,1.0,1,1.0,1,0.23451147398558872,42
1950,2,2909,1518,1391,0,0,0,1.0,1,1.0,1,1.0,1,0.17928131833810756,42
1951,1,2910,1519,1391,0,0,0,1.0,1,1.0,1,1.0,1,0.1831142521343792,38
1952,2,2912,1521,1391,0,0,0,1.0,1,1.0,1,1.0,1,0.17814606918642695,36
1953,1,2913,1522,1391,0,0,0,1.0,1,1.0,1,1.0,1,0.1603475297763321,35
1954,0,2913,1522,1391,0,0,0,1.0,1,1.0,1,1.0,1,0.1785665749916889,32
1955,0,2913,1522,1391,0,0,0,1.0,1,1.0,1,1.0,1,0.17748574570050768,33
1956,2,2915,1524,1391,0,0,0,1.0,1,1.0,1,1.0,1,0.2642216623359866,31
1957,0,2915,1524,1391,0,0,0,1.0,1,1.0,1,1.0,1,0.24861419466101617,33
1958,4,2919,1526,1393,0,0,0,1.0,1,1.0,1,1.0,1,0.23369008099476488,34
1959,0,2919,1526,1393,0,0,0,1.0,1,1.0,1,1.0,1,0.21909686119923832,35
1960,2,2921,1527,1394,0,0,0,1.0,1,1.0,1,1.0,1,0.2201317801549005,36
1961,6,2927,1529,1398,0,0,0,1.0,1,1.0,1,1.0,1,0.18243411575575694,36
1962,1,2928,1530,1398,0,0,0,1.0,1,1.0,1,1.0,1,0.14886354038710117,35
1963,1,2929,1530,1399,0,0,0,1.0,1,1.0,1,1.0,1,0.1516451686005947,36
1964,2,2931,1532,1399,0,0,0,1.0,1,1.0,1,1.0,1,0.16219186004567984,35
1965,1,2932,1533,1399,0,0,0,1.0,1,1.0,1,1.0,1,0.14344749580148253,36
1966,5,2937,1535,1402,0,0,0,1.0,1,1.0,1,1.0,1,0.07404685012090727,36
1967,1,2938,1536,1402,0,0,0,1.0,1,1.0,1,1.0,1,0.07125978257678352,36
1968,2,2940,1537,1403,0,0,0,1.0,1,1.0,1,1.0,1,0.076782266523433,37
1969,0,2940,1537,1403,0,0,0,1.0,1,1.0,1,1.0,1,0.076782266523433,37
1970,2,2942,1538,1404,0,0,0,1.0,1,1.0,1,1.0,1,0.14751979592216288,38
1971,1,2943,1539,1404,0,0,0,1.0,1,1.0,1,1.0,1,0.15389443058182153,37
1972,0,2943,1539,1404,0,0,0,1.0,1,1.0,1,1.0,1,0.15389443058182153,37
1973,1,2944,1540,1404,0,0,0,1.0,1,1.0,1,1.0,1,0.18255052765545438,37
1974,0,2944,1540,1404,0,0,0,1.0,1,1.0,1,1.0,1,0.1722275184071389,38
1975,0,2944,1540,1404,0,0,0,1.0,1,1.0,1,1.0,1,0.20268133025332322,37
1976,4,2948,1542,1406,0,0,0,1.0,1,1.0,1,1.0,1,0.1597130073685131,39
1977,1,2949,1543,1406,0,0,0,1.0,1,1.0,1,1.0,1,0.12820047912681415,42
1978,1,2950,1544,1406,0,0,0,1.0,1,1.0,1,1.0,1,0.12019409366019443,42
1979,0,2950,1544,1406,0,0,0,1.0,1,1.0,1,1.0,1,0.12019409366019443,42
1980,0,2950,1544,1406,0,0,0,1.0,1,1.0,1,1.0,1,0.12406399379893839,43
1981,1,2951,1544,1407,0,0,0,1.0,1,1.0,1,1.0,1,0.11779996543570977,44
1982,3,2954,1546,1408,0,0,0,1.0,1,1.0,1,1.0,1,0.08140997217775432,44
1983,1,2955,1547,1408,0,0,0,1.0,1,1.0,1,1.0,1,0.0859911062025301,44
1984,1,2956,1548,1408,0,0,0,1.0,1,1.0,1,1.0,1,0.12004243611775399,42
1985,0,2956,1548,1408,0,0,0,1.0,1,1.0,1,1.0,1,0.11001938838805722,41
1986,0,2956,1548,1408,0,0,0,1.0,1,1.0,1,1.0,1,0.12369655782797706,40
1987,0,2956,1548,1408,0,0,0,1.0,1,1.0,1,1.0,1,0.1265974510208669,37
1988,3,2959,1551,1408,0,0,0,1.0,1,1.0,1,1.0,1,0.13052817870893116,35
1989,2,2961,1553,1408,0,0,0,1.0,1,1.0,1,1.0,1,0.17008323484758947,32
1990,2,2963,1555,1408,0,0,0,1.0,1,1.0,1,1.0,1,0.14680346405456446,31
1991,0,2963,1555,1408,0,0,0,1.0,1,1.0,1,1.0,1,0.17039966090369874,32
1992,2,2965,1557,1408,0,0,0,1.0,1,1.0,1,1.0,1,0.21792165789967813,32
1993,3,2968,1560,1408,0,0,0,1.0,1,1.0,1,1.0,1,0.22509438527714812,32
1994,0,2968,1560,1408,0,0,0,1.0,1,1.0,1,1.0,1,0.22454818782644398,31
1995,0,2968,1560,1408,0,0,0,1.0,1,1.0,1,1.0,1,0.20075266413659232,32
1996,1,2969,1560,1409,0,0,0,1.0,1,1.0,1,1.0,1,0.2016058092963759,32
1997,0,2969,1560,1409,0,0,0,1.0,1,1.0,1,1.0,1,0.2195325963221692,31
1998,0,2969,1560,1409,0,0,0,1.0,1,1.0,1,1.0,1,0.20458222409230342,32
1999,0,2969,1560,1409,0,0,0,1.0,1,1.0,1,1.0,1,0.22421540868420745,31
2000,0,2969,1560,1409,0,0,0,1.0,1,1.0,1,1.0,1,0.20396284350364421,30
2001,3,2972,1560,1412,0,0,0,1.0,1,1.0,1,1.0,1,0.12843602044569186,29
2002,1,2973,1561,1412,0,0,0,1.0,1,1.0,1,1.0,1,0.07614263974150443,31
2003,2,2975,1563,1412,0,0,0,1.0,1,1.0,1,1.0,1,0.12888419774303275,33
2004,1,2976,1564,1412,0,0,0,1.0,1,1.0,1,1.0,1,0.1807810892949512,34
2005,0,2976,1564,1412,0,0,0,1.0,1,1.0,1,1.0,1,0.20209291162154666,35
2006,3,2979,1566,1413,0,0,0,1.0,1,1.0,1,1.0,1,0.16012965653310693,36
2007,1,2980,1567,1413,0,0,0,1.0,1,1.0,1,1.0,1,0.14058043384187416,36
2008,2,2982,1569,1413,0,0,0,1.0,1,1.0,1,1.0,1,0.180715044049944,36
2009,1,2983,1570,1413,0,0,0,1.0,1,1.0,1,1.0,1,0.1503946820457647,37
2010,2,2985,1571,1414,0,0,0,1.0,1,1.0,1,1.0,1,0.13427660487581725,37
2011,0,2985,1571,1414,0,0,0,1.0,1,1.0,1,1.0,1,0.13427660487581725,37
2012,1,2986,1572,1414,0,0,0,1.0,1,1.0,1,1.0,1,0.12344051244289282,37
2013,0,2986,1572,1414,0,0,0,1.0,1,1.0,1,1.0,1,0.14157434420488874,39
2014,0,2986,1572,1414,0,0,0,1.0,1,1.0,1,1.0,1,0.16987427730717708,39
2015,0,2986,1572,1414,0,0,0,1.0,1,1.0,1,1.0,1,0.16987427730717708,39
2016,1,2987,1572,1415,0,0,0,1.0,1,1.0,1,1.0,1,0.11391647400699355,41
2017,1,2988,1572,1416,0,0,0,1.0,1,1.0,1,1.0,1,0.10085028108800775,41
2018,3,2991,1575,1416,0,0,0,1.0,1,1.0,1,1.0,1,0.1514393158813867,42
2019,1,2992,1575,1417,0,0,0,1.0,1,1.0,1,1.0,1,0.13089504673938782,43
2020,2,2994,1577,1417,0,0,0,1.0,1,1.0,1,1.0,1,0.16203117864502134,43
2021,3,2997,1577,1420,0,0,0,1.0,1,1.0,1,1.0,1,0.11196991832202492,43
2022,0,2997,1577,1420,0,0,0,1.0,1,1.0,1,1.0,1,0.09486784063613159,44
2023,3,3000,1579,1421,0,0,0,1.0,1,1.0,1,1.0,1,0.18801288981561914,42
2024,3,3003,1581,1422,0,0,0,1.0,1,1.0,1,1.0,1,0.1600528051629714,41
2025,3,3006,1583,1423,0,0,0,1.0,1,1.0,1,1.0,1,0.22088072863533126,39
2026,0,3006,1583,1423,0,0,0,1.0,1,1.0,1,1.0,1,0.19961674525015918,39
2027,1,3007,1584,1423,0,0,0,1.0,1,1.0,1,1.0,1,0.28328367511041,38
2028,0,3007,1584,1423,0,0,0,1.0,1,1.0,1,1.0,1,0.2668901617164469,37
2029,0,3007,1584,1423,0,0,0,1.0,1,1.0,1,1.0,1,0.2688697405594297,35
2030,1,3008,1585,1423,0,0,0,1.0,1,1.0,1,1.0,1,0.27353908381206155,32
2031,4,3012,1589,1423,0,0,0,1.0,1,1.0,1,1.0,1,0.2507507825889724,34
2032,0,3012,1589,1423,0,0,0,1.0,1,1.0,1,1.0,1,0.2286017272641246,35
2033,3,3015,1592,1423,0,0,0,1.0,1,1.0,1,1.0,1,0.26301134454992686,35
2034,2,3017,1594,1423,0,0,0,1.0,1,1.0,1,1.0,1,0.24976771045624074,35
2035,5,3022,1596,1426,0,0,0,1.0,1,1.0,1,1.0,1,0.18718124374414313,36
2036,1,3023,1597,1426,0,0,0,1.0,1,1.0,1,1.0,1,0.24521550624371205,35
2037,1,3024,1598,1426,0,0,0,1.0,1,1.0,1,1.0,1,0.2545870327175173,36
2038,2,3026,1599,1427,0,0,0,1.0,1,1.0,1,1.0,1,0.21120306085483062,38
2039,1,3027,1600,1427,0,0,0,1.0,1,1.0,1,1.0,1,0.22846605119034205,38
2040,0,3027,1600,1427,0,0,0,1.0,1,1.0,1,1.0,1,0.2170264508375764,37
2041,6,3033,1600,1433,0,0,0,1.0,1,1.0,1,1.0,1,0.07513374982768244,38
2042,0,3033,1600,1433,0,0,0,1.0,1,1.0,1,1.0,1,0.07513374982768244,38
2043,2,3035,1601,1434,0,0,0,1.0,1,1.0,1,1.0,1,0.08048479774666616,38
2044,0,3035,1601,1434,0,0,0,1.0,1,1.0,1,1.0,1,0.07453953105089146,39
2045,2,3037,1601,1436,0,0,0,1.0,1,1.0,1,1.0,1,0.0575421415317292,40
2046,0,3037,1601,1436,0,0,0,1.0,1,1.0,1,1.0,1,0.041381652008337426,41
2047,0,3037,1601,1436,0,0,0,1.0,1,1.0,1,1.0,1,0.041381652008337426,41
2048,0,3037,1601,1436,0,0,0,1.0,1,1.0,1,1.0,1,0.03720556063404352,43
2049,1,3038,1602,1436,0,0,0,1.0,1,1.0,1,1.0,1,0.01442910171417243,43
2050,0,3038,1602,1436,0,0,0,1.0,1,1.0,1,1.0,1,0.03454421010364072,43
2051,2,3040,1604,1436,0,0,0,1.0,1,1.0,1,1.0,1,0.12384676463108507,43
2052,0,3040,1604,1436,0,0,0,1.0,1,1.0,1,1.0,1,0.127522545730993,44
2053,1,3041,1605,1436,0,0,0,1.0,1,1.0,1,1.0,1,0.17660723606624087,43
2054,3,3044,1607,1437,0,0,0,1.0,1,1.0,1,1.0,1,0.13780340259573773,44
2055,0,3044,1607,1437,0,0,0,1.0,1,1.0,1,1.0,1,0.15439705320266156,43
2056,0,3044,1607,1437,0,0,0,1.0,1,1.0,1,1.0,1,0.14033389681802685,44
2057,4,3048,1611,1437,0,0,0,1.0,1,1.0,1,1.0,1,0.13658145992233514,44
2058,2,3050,1613,1437,0,0,0,1.0,1,1.0,1,1.0,1,0.11364759069292125,44
2059,0,3050,1613,1437,0,0,0,1.0,1,1.0,1,1.0,1,0.12864552039518518,45
2060,2,3052,1614,1438,0,0,0,1.0,1,1.0,1,1.0,1,0.16037657525990645,46
2061,2,3054,1616,1438,0,0,0,1.0,1,1.0,1,1.0,1,0.13140990909144717,48
2062,0,3054,1616,1438,0,0,0,1.0,1,1.0,1,1.0,1,0.13140990909144717,48
2063,2,3056,1617,1439,0,0,0,1.0,1,1.0,1,1.0,1,0.13267882494397681,45
2064,1,3057,1618,1439,0,0,0,1.0,1,1.0,1,1.0,1,0.14471324273585523,44
2065,0,3057,1618,1439,0,0,0,1.0,1,1.0,1,1.0,1,0.1583190894098776,42
2066,3,3060,1621,1439,0,0,0,1.0,1,1.0,1,1.0,1,0.0863662591962499,42
2067,0,3060,1621,1439,0,0,0,1.0,1,1.0,1,1.0,1,0.08470088458258547,38
2068,1,3061,1622,1439,0,0,0,1.0,1,1.0,1,1.0,1,0.12491286767006257,37
2069,0,3061,1622,1439,0,0,0,1.0,1,1.0,1,1.0,1,0.1348387420268676,35
2070,2,3063,1624,1439,0,0,0,1.0,1,1.0,1,1.0,1,0.15452088064022432,35
2071,0,3063,1624,1439,0,0,0,1.0,1,1.0,1,1.0,1,0.18340338873954543,34
2072,2,3065,1626,1439,0,0,0,1.0,1,1.0,1,1.0,1,0.25141579007499715,35
2073,0,3065,1626,1439,0,0,0,1.0,1,1.0,1,1.0,1,0.2399628594855989,37
2074,0,3065,1626,1439,0,0,0,1.0,1,1.0,1,1.0,1,0.22646355849610283,36
2075,0,3065,1626,1439,0,0,0,1.0,1,1.0,1,1.0,1,0.20950350690446423,38
2076,0,3065,1626,1439,0,0,0,1.0,1,1.0,1,1.0,1,0.19400732114016936,37
2077,0,3065,1626,1439,0,0,0,1.0,1,1.0,1,1.0,1,0.19400732114016936,37
2078,0,3065,1626,1439,0,0,0,1.0,1,1.0,1,1.0,1,0.19400732114016936,37
2079,0,3065,1626,1439,0,0,0,1.0,1,1.0,1,1.0,1,0.19400732114016936,37
2080,0,3065,1626,1439,0,0,0,1.0,1,1.0,1,1.0,1,0.1928068591987697,36
2081,5,3070,1628,1442,0,0,0,1.0,1,1.0,1,1.0,1,0.09544230984306004,37
2082,2,3072,1630,1442,0,0,0,1.0,1,1.0,1,1.0,1,0.08808300392978594,38
2083,2,3074,1631,1443,0,0,0,1.0,1,1.0,1,1.0,1,0.08404845559587247,39
2084,3,3077,1633,1444,0,0,0,1.0,1,1.0,1,1.0,1,0.15131688372282207,41
2085,8,3085,1635,1450,0,0,0,1.0,1,1.0,1,1.0,1,0.15419733562594654,41
2086,3,3088,1635,1453,0,0,0,1.0,1,1.0,1,1.0,1,0.16878140834573216,44
2087,8,3096,1637,1459,0,0,0,1.0,1,1.0,1,1.0,1,0.1839293016300194,44
2088,4,3100,1637,1463,0,0,0,1.0,1,1.0,1,1.0,1,0.157223197769791,45
2089,5,3105,1638,1467,0,0,0,1.0,1,1.0,1,1.0,1,0.18229161751214187,46
2090,8,3113,1639,1474,0,0,0,1.0,1,1.0,1,1.0,1,0.12890369049320222,47
2091,10,3123,1641,1482,0,0,0,1.0,1,1.0,1,1.0,1,0.15375762072140212,48
2092,5,3128,1642,1486,0,0,0,1.0,1,1.0,1,1.0,1,0.06459272605978131,48
2093,9,3137,1642,1495,0,0,0,1.0,1,1.0,1,1.0,1,0.046452886073550984,48
2094,0,3137,1642,1495,0,0,0,1.0,1,1.0,1,1.0,1,0.046524379239502305,47
2095,0,3137,1642,1495,0,0,0,1.0,1,1.0,1,1.0,1,0.06982456700459906,49
2096,0,3137,1642,1495,0,0,0,1.0,1,1.0,1,1.0,1,0.06797895016246991,50
2097,9,3146,1644,1502,0,0,0,1.0,1,1.0,1,1.0,1,0.038281902521822,50
2098,4,3150,1645,1505,0,0,0,1.0,1,1.0,1,1.0,1,0.08394175381059035,51
2099,5,3155,1646,1509,0,0,0,1.0,1,1.0,1,1.0,1,0.1521330918138365,50
2100,2,3157,1647,1510,0,0,0,1.0,1,1.0,1,1.0,1,0.13810260474090957,49
2101,2,3159,1647,1512,0,0,0,1.0,1,1.0,1,1.0,1,0.140632772453555,48
2102,4,3163,1650,1513,0,0,0,1.0,1,1.0,1,1.0,1,0.15533562509833307,49
2103,2,3165,1652,1513,0,0,0,1.0,1,1.0,1,1.0,1,0.15621659948617514,44
2104,0,3165,1652,1513,0,0,0,1.0,1,1.0,1,1.0,1,0.16957361941319637,42
2105,2,3167,1654,1513,0,0,0,1.0,1,1.0,1,1.0,1,0.19641443952700313,40
2106,0,3167,1654,1513,0,0,0,1.0,1,1.0,1,1.0,1,0.2224054958479682,39
2107,1,3168,1655,1513,0,0,0,1.0,1,1.0,1,1.0,1,0.18202297085894556,37
2108,1,3169,1656,1513,0,0,0,1.0,1,1.0,1,1.0,1,0.1940514088645175,37
2109,0,3169,1656,1513,0,0,0,1.0,1,1.0,1,1.0,1,0.17731616012934714,36
2110,0,3169,1656,1513,0,0,0,1.0,1,1.0,1,1.0,1,0.147520460772648,35
2111,2,3171,1658,1513,0,0,0,1.0,1,1.0,1,1.0,1,0.159230241381449,35
2112,0,3171,1658,1513,0,0,0,1.0,1,1.0,1,1.0,1,0.159230241381449,35
2113,2,3173,1660,1513,0,0,0,1.0,1,1.0,1,1.0,1,0.1781346576870071,35
2114,2,3175,1661,1514,0,0,0,1.0,1,1.0,1,1.0,1,0.15025864177649328,36
2115,2,3177,1662,1515,0,0,0,1.0,1,1.0,1,1.0,1,0.1386577011026564,37
2116,4,3181,1664,1517,0,0,0,1.0,1,1.0,1,1.0,1,0.14436470954906697,39
2117,0,3181,1664,1517,0,0,0,1.0,1,1.0,1,1.0,1,0.13028253695070757,39
2118,2,3183,1664,1519,0,0,0,1.0,1,1.0,1,1.0,1,0.1344095030964661,41
2119,1,3184,1665,1519,0,0,0,1.0,1,1.0,1,1.0,1,0.11572945011514271,42
2120,1,3185,1665,1520,0,0,0,1.0,1,1.0,1,1.0,1,0.09290241270575604,42
2121,1,3186,1666,1520,0,0,0,1.0,1,1.0,1,1.0,1,0.09530800389356321,42
2122,1,3187,1666,1521,0,0,0,1.0,1,1.0,1,1.0,1,0.08437623630716065,43
2123,0,3187,1666,1521,0,0,0,1.0,1,1.0,1,1.0,1,0.09749816167409511,42
2124,0,3187,1666,1521,0,0,0,1.0,1,1.0,1,1.0,1,0.09749816167409511,42
2125,0,3187,1666,1521,0,0,0,1.0,1,1.0,1,1.0,1,0.11283199414620655,41
2126,0,3187,1666,1521,0,0,0,1.0,1,1.0,1,1.0,1,0.11283199414620655,41
2127,0,3187,1666,1521,0,0,0,1.0,1,1.0,1,1.0,1,0.11283199414620655,41
2128,1,3188,1666,1522,0,0,0,1.0,1,1.0,1,1.0,1,0.07039235823120644,42
2129,0,3188,1666,1522,0,0,0,1.0,1,1.0,1,1.0,1,0.08298635458548533,43
2130,2,3190,1666,1524,0,0,0,1.0,1,1.0,1,1.0,1,0.037113811154221826,45
2131,1,3191,1667,1524,0,0,0,1.0,1,1.0,1,1.0,1,0.09100827525084716,44
2132,0,3191,1667,1524,0,0,0,1.0,1,1.0,1,1.0,1,0.09100827525084716,44
2133,1,3192,1668,1524,0,0,0,1.0,1,1.0,1,1.0,1,0.08792629778033265,45
2134,2,3194,1670,1524,0,0,0,1.0,1,1.0,1,1.0,1,0.10627275549179925,45
2135,2,3196,1672,1524,0,0,0,1.0,1,1.0,1,1.0,1,0.07811102605674097,46
2136,2,3198,1674,1524,0,0,0,1.0,1,1.0,1,1.0,1,0.09985238566575093,47
2137,8,3206,1678,1528,0,0,0,1.0,1,1.0,1,1.0,1,0.10388773573291947,47
2138,3,3209,1680,1529,0,0,0,1.0,1,1.0,1,1.0,1,0.10087262855829925,45
2139,1,3210,1681,1529,0,0,0,1.0,1,1.0,1,1.0,1,0.135700710396677,45
2140,3,3213,1683,1530,0,0,0,1.0,1,1.0,1,1.0,1,0.12468297190264525,44
2141,5,3218,1685,1533,0,0,0,1.0,1,1.0,1,1.0,1,0.0578441883882797,45
2142,1,3219,1686,1533,0,0,0,1.0,1,1.0,1,1.0,1,0.07327119944546424,46
2143,2,3221,1687,1534,0,0,0,1.0,1,1.0,1,1.0,1,0.08364138370163286,46
2144,1,3222,1688,1534,0,0,0,1.0,1,1.0,1,1.0,1,0.030686261741615116,48
2145,2,3224,1690,1534,0,0,0,1.0,1,1.0,1,1.0,1,0.06638361846255986,46
2146,0,3224,1690,1534,0,0,0,1.0,1,1.0,1,1.0,1,0.08132539608011359,45
2147,3,3227,1693,1534,0,0,0,1.0,1,1.0,1,1.0,1,0.11789432002855171,44
2148,1,3228,1694,1534,0,0,0,1.0,1,1.0,1,1.0,1,0.09017383467595337,44
2149,3,3231,1697,1534,0,0,0,1.0,1,1.0,1,1.0,1,0.10708916127399086,42
2150,3,3234,1699,1535,0,0,0,1.0,1,1.0,1,1.0,1,0.11197977938322999,40
2151,4,3238,1702,1536,0,0,0,1.0,1,1.0,1,1.0,1,0.028865460304377498,39
2152,1,3239,1703,1536,0,0,0,1.0,1,1.0,1,1.0,1,0.07485594293264601,40
2153,1,3240,1704,1536,0,0,0,1.0,1,1.0,1,1.0,1,0.09689369012787251,42
2154,1,3241,1705,1536,0,0,0,1.0,1,1.0,1,1.0,1,0.10303968070072532,42
2155,1,3242,1705,1537,0,0,0,1.0,1,1.0,1,1.0,1,0.10771949688005249,41
2156,1,3243,1705,1538,0,0,0,1.0,1,1.0,1,1.0,1,0.1735282938221731,40
2157,0,3243,1705,1538,0,0,0,1.0,1,1.0,1,1.0,1,0.1735282938221731,40
2158,2,3245,1707,1538,0,0,0,1.0,1,1.0,1,1.0,1,0.140491190919855,38
2159,1,3246,1708,1538,0,0,0,1.0,1,1.0,1,1.0,1,0.15034154837841462,38
2160,4,3250,1710,1540,0,0,0,1.0,1,1.0,1,1.0,1,0.1679450288002017,38
2161,3,3253,1711,1542,0,0,0,1.0,1,1.0,1,1.0,1,0.13168860725834197,38
2162,2,3255,1713,1542,0,0,0,1.0,1,1.0,1,1.0,1,0.1736738876328072,38
2163,3,3258,1715,1543,0,0,0,1.0,1,1.0,1,1.0,1,0.19483464862415908,40
2164,3,3261,1717,1544,0,0,0,1.0,1,1.0,1,1.0,1,0.20282988110421438,41
2165,2,3263,1719,1544,0,0,0,1.0,1,1.0,1,1.0,1,0.18331782245767206,42
2166,1,3264,1719,1545,0,0,0,1.0,1,1.0,1,1.0,1,0.17029058926736926,42
2167,0,3264,1719,1545,0,0,0,1.0,1,1.0,1,1.0,1,0.14779761255392004,43
2168,0,3264,1719,1545,0,0,0,1.0,1,1.0,1,1.0,1,0.12861132239462003,43
2169,0,3264,1719,1545,0,0,0,1.0,1,1.0,1,1.0,1,0.1410488248596962,45
2170,2,3266,1721,1545,0,0,0,1.0,1,1.0,1,1.0,1,0.16921793106881525,46
2171,1,3267,1722,1545,0,0,0,1.0,1,1.0,1,1.0,1,0.15231048406158584,48
2172,1,3268,1723,1545,0,0,0,1.0,1,1.0,1,1.0,1,0.15945668128193521,49
2173,2,3270,1724,1546,0,0,0,1.0,1,1.0,1,1.0,1,0.12450878218200288,49
2174,2,3272,1726,1546,0,0,0,1.0,1,1.0,1,1.0,1,0.14148371766206874,49
2175,0,3272,1726,1546,0,0,0,1.0,1,1.0,1,1.0,1,0.14148371766206874,49
2176,2,3274,1728,1546,0,0,0,1.0,1,1.0,1,1.0,1,0.12410198093793781,51
2177,1,3275,1729,1546,0,0,0,1.0,1,1.0,1,1.0,1,0.10341826805884784,51
2178,2,3277,1731,1546,0,0,0,1.0,1,1.0,1,1.0,1,0.11608637093137641,50
2179,6,3283,1734,1549,0,0,0,1.0,1,1.0,1,1.0,1,0.05591454669530202,49
2180,0,3283,1734,1549,0,0,0,1.0,1,1.0,1,1.0,1,0.06408332464288671,47
2181,2,3285,1736,1549,0,0,0,1.0,1,1.0,1,1.0,1,0.06427800294520661,47
2182,2,3287,1738,1549,0,0,0,1.0,1,1.0,1,1.0,1,0.04807814872471797,45
2183,2,3289,1740,1549,0,0,0,1.0,1,1.0,1,1.0,1,0.08411274297892936,44
2184,0,3289,1740,1549,0,0,0,1.0,1,1.0,1,1.0,1,0.07499200515506475,43
2185,4,3293,1744,1549,0,0,0,1.0,1,1.0,1,1.0,1,0.13459035280758858,40
2186,4,3297,1748,1549,0,0,0,1.0,1,1.0,1,1.0,1,0.1139174208729509,38
2187,3,3300,1751,1549,0,0,0,1.0,1,1.0,1,1.0,1,0.10974861462857481,35
2188,1,3301,1752,1549,0,0,0,1.0,1,1.0,1,1.0,1,0.13457274699248292,34
2189,0,3301,1752,1549,0,0,0,1.0,1,1.0,1,1.0,1,0.09704273217210674,31
2190,1,3302,1753,1549,0,0,0,1.0,1,1.0,1,1.0,1,0.1514698017979191,29
2191,1,3303,1754,1549,0,0,0,1.0,1,1.0,1,1.0,1,0.17537893307264604,28
2192,1,3304,1755,1549,0,0,0,1.0,1,1.0,1,1.0,1,0.22566935841315022,29
2193,1,3305,1756,1549,0,0,0,1.0,1,1.0,1,1.0,1,0.26781312554856396,28
2194,0,3305,1756,1549,0,0,0,1.0,1,1.0,1,1.0,1,0.26827473261177126,27
2195,2,3307,1758,1549,0,0,0,1.0,1,1.0,1,1.0,1,0.258987594292541,27
2196,1,3308,1759,1549,0,0,0,1.0,1,1.0,1,1.0,1,0.3582176056009315,27
2197,1,3309,1760,1549,0,0,0,1.0,1,1.0,1,1.0,1,0.3404667312435635,27
2198,0,3309,1760,1549,0,0,0,1.0,1,1.0,1,1.0,1,0.30462285414739576,28
2199,1,3310,1761,1549,0,0,0,1.0,1,1.0,1,1.0,1,0.32889468822715673,29
2200,0,3310,1761,1549,0,0,0,1.0,1,1.0,1,1.0,1,0.3185503804928362,31
2201,6,3316,1763,1553,0,0,0,1.0,1,1.0,1,1.0,1,0.22234913692302008,32
2202,1,3317,1763,1554,0,0,0,1.0,1,1.0,1,1.0,1,0.21894749846550135,31
2203,1,3318,1763,1555,0,0,0,1.0,1,1.0,1,1.0,1,0.17045237411568603,32
2204,0,3318,1763,1555,0,0,0,1.0,1,1.0,1,1.0,1,0.17045237411568603,32
2205,2,3320,1764,1556,0,0,0,1.0,1,1.0,1,1.0,1,0.18019989105151432,33
2206,0,3320,1764,1556,0,0,0,1.0,1,1.0,1,1.0,1,0.1780862398259918,32
2207,1,3321,1764,1557,0,0,0,1.0,1,1.0,1,1.0,1,0.15123385279444546,33
2208,1,3322,1765,1557,0,0,0,1.0,1,1.0,1,1.0,1,0.15759755634517586,35
2209,2,3324,1765,1559,0,0,0,1.0,1,1.0,1,1.0,1,0.11174975879182722,36
2210,2,3326,1766,1560,0,0,0,1.0,1,1.0,1,1.0,1,0.09931075148923384,35
2211,1,3327,1766,1561,0,0,0,1.0,1,1.0,1,1.0,1,0.1170285373599374,36
2212,0,3327,1766,1561,0,0,0,1.0,1,1.0,1,1.0,1,0.13940505253639296,37
2213,6,3333,1771,1562,0,0,0,1.0,1,1.0,1,1.0,1,0.0932729916746803,37
2214,0,3333,1771,1562,0,0,0,1.0,1,1.0,1,1.0,1,0.07926722429096562,39
2215,4,3337,1775,1562,0,0,0,1.0,1,1.0,1,1.0,1,0.08126944029035221,36
2216,2,3339,1777,1562,0,0,0,1.0,1,1.0,1,1.0,1,0.06123177143064908,37
2217,2,3341,1779,1562,0,0,0,1.0,1,1.0,1,1.0,1,0.09175012025423741,35
2218,0,3341,1779,1562,0,0,0,1.0,1,1.0,1,1.0,1,0.09175012025423741,35
2219,0,3341,1779,1562,0,0,0,1.0,1,1.0,1,1.0,1,0.05811546728290926,33
2220,0,3341,1779,1562,0,0,0,1.0,1,1.0,1,1.0,1,0.050826984470641504,31
2221,1,3342,1780,1562,0,0,0,1.0,1,1.0,1,1.0,1,0.048539631561809245,31
2222,0,3342,1780,1562,0,0,0,1.0,1,1.0,1,1.0,1,0.08383327412139405,30
2223,1,3343,1781,1562,0,0,0,1.0,1,1.0,1,1.0,1,0.09513356430294366,28
2224,2,3345,1783,1562,0,0,0,1.0,1,1.0,1,1.0,1,0.1249760270448826,29
2225,3,3348,1786,1562,0,0,0,1.0,1,1.0,1,1.0,1,0.12333888152690521,28
2226,1,3349,1787,1562,0,0,0,1.0,1,1.0,1,1.0,1,0.0834530134009647,30
2227,0,3349,1787,1562,0,0,0,1.0,1,1.0,1,1.0,1,0.1290685219021603,28
2228,2,3351,1789,1562,0,0,0,1.0,1,1.0,1,1.0,1,0.10127187664007987,29
2229,1,3352,1790,1562,0,0,0,1.0,1,1.0,1,1.0,1,0.10409779688566856,28
2230,0,3352,1790,1562,0,0,0,1.0,1,1.0,1,1.0,1,0.10143687569982657,28
2231,1,3353,1791,1562,0,0,0,1.0,1,1.0,1,1.0,1,0.19161568155415573,27
2232,0,3353,1791,1562,0,0,0,1.0,1,1.0,1,1.0,1,0.17922803784601374,27
2233,0,3353,1791,1562,0,0,0,1.0,1,1.0,1,1.0,1,0.16695964249716636,28
2234,3,3356,1794,1562,0,0,0,1.0,1,1.0,1,1.0,1,0.11095692601995095,26
2235,1,3357,1795,1562,0,0,0,1.0,1,1.0,1,1.0,1,0.08027339579301251,26
2236,1,3358,1796,1562,0,0,0,1.0,1,1.0,1,1.0,1,0.017525396528723626,26
2237,4,3362,1800,1562,0,0,0,1.0,1,1.0,1,1.0,1,0.10005849170227163,26
2238,1,3363,1801,1562,0,0,0,1.0,1,1.0,1,1.0,1,0.13078709841855024,27
2239,2,3365,1803,1562,0,0,0,1.0,1,1.0,1,1.0,1,0.16956969053494989,28
2240,3,3368,1806,1562,0,0,0,1.0,1,1.0,1,1.0,1,0.21431491861926164,30
2241,4,3372,1807,1565,0,0,0,1.0,1,1.0,1,1.0,1,0.10977542119738305,29
2242,2,3374,1809,1565,0,0,0,1.0,1,1.0,1,1.0,1,0.14662728450414847,29
2243,1,3375,1810,1565,0,0,0,1.0,1,1.0,1,1.0,1,0.1609058953270981,29
2244,0,3375,1810,1565,0,0,0,1.0,1,1.0,1,1.0,1,0.1609058953270981,29
2245,0,3375,1810,1565,0,0,0,1.0,1,1.0,1,1.0,1,0.17451967662944545,30
2246,0,3375,1810,1565,0,0,0,1.0,1,1.0,1,1.0,1,0.16201815996079275,33
2247,0,3375,1810,1565,0,0,0,1.0,1,1.0,1,1.0,1,0.14604144317387205,34
2248,0,3375,1810,1565,0,0,0,1.0,1,1.0,1,1.0,1,0.14604144317387205,34
2249,0,3375,1810,1565,0,0,0,1.0,1,1.0,1,1.0,1,0.11662450656508096,35
2250,2,3377,1811,1566,0,0,0,1.0,1,1.0,1,1.0,1,0.1324163184009349,35
2251,0,3377,1811,1566,0,0,0,1.0,1,1.0,1,1.0,1,0.1035205163571582,36
2252,1,3378,1812,1566,0,0,0,1.0,1,1.0,1,1.0,1,0.1573241268170843,37
2253,2,3380,1814,1566,0,0,0,1.0,1,1.0,1,1.0,1,0.15246944298771647,35
2254,0,3380,1814,1566,0,0,0,1.0,1,1.0,1,1.0,1,0.11765448710894323,33
2255,1,3381,1815,1566,0,0,0,1.0,1,1.0,1,1.0,1,0.1512183003443294,35
2256,2,3383,1817,1566,0,0,0,1.0,1,1.0,1,1.0,1,0.1278095249714667,34
2257,2,3385,1819,1566,0,0,0,1.0,1,1.0,1,1.0,1,0.1371137660110586,36
2258,0,3385,1819,1566,0,0,0,1.0,1,1.0,1,1.0,1,0.11715268854643472,35
2259,0,3385,1819,1566,0,0,0,1.0,1,1.0,1,1.0,1,0.1307443815943687,35
2260,1,3386,1820,1566,0,0,0,1.0,1,1.0,1,1.0,1,0.11075962693989377,33
2261,4,3390,1822,1568,0,0,0,1.0,1,1.0,1,1.0,1,0.1267895143965214,33
2262,1,3391,1822,1569,0,0,0,1.0,1,1.0,1,1.0,1,0.11051871581855276,32
2263,2,3393,1824,1569,0,0,0,1.0,1,1.0,1,1.0,1,0.17278672097844638,31
2264,1,3394,1824,1570,0,0,0,1.0,1,1.0,1,1.0,1,0.1549136851435401,30
2265,1,3395,1825,1570,0,0,0,1.0,1,1.0,1,1.0,1,0.16367063556810174,29
2266,2,3397,1827,1570,0,0,0,1.0,1,1.0,1,1.0,1,0.05521459300521275,30
2267,1,3398,1828,1570,0,0,0,1.0,1,1.0,1,1.0,1,0.06202871925367662,29
2268,4,3402,1832,1570,0,0,0,1.0,1,1.0,1,1.0,1,0.1250438578955448,30
2269,1,3403,1833,1570,0,0,0,1.0,1,1.0,1,1.0,1,0.13992214665430613,31
2270,3,3406,1836,1570,0,0,0,1.0,1,1.0,1,1.0,1,0.2424045688794936,31
2271,4,3410,1840,1570,0,0,0,1.0,1,1.0,1,1.0,1,0.20802985320324255,31
2272,2,3412,1841,1571,0,0,0,1.0,1,1.0,1,1.0,1,0.24787651002555047,31
2273,2,3414,1843,1571,0,0,0,1.0,1,1.0,1,1.0,1,0.1760197077342877,30
2274,3,3417,1844,1573,0,0,0,1.0,1,1.0,1,1.0,1,0.1196033960532368,31
2275,0,3417,1844,1573,0,0,0,1.0,1,1.0,1,1.0,1,0.13656959103516336,32
2276,0,3417,1844,1573,0,0,0,1.0,1,1.0,1,1.0,1,0.16689210928542983,31
2277,0,3417,1844,1573,0,0,0,1.0,1,1.0,1,1.0,1,0.18068006082264731,31
2278,0,3417,1844,1573,0,0,0,1.0,1,1.0,1,1.0,1,0.18156580963027685,32
2279,1,3418,1845,1573,0,0,0,1.0,1,1.0,1,1.0,1,0.21231968499072282,32
2280,0,3418,1845,1573,0,0,0,1.0,1,1.0,1,1.0,1,0.17490129088293796,33
2281,3,3421,1846,1575,0,0,0,1.0,1,1.0,1,1.0,1,0.15028385139484537,34
2282,1,3422,1846,1576,0,0,0,1.0,1,1.0,1,1.0,1,0.13958451311096484,34
2283,0,3422,1846,1576,0,0,0,1.0,1,1.0,1,1.0,1,0.13958451311096484,34
2284,1,3423,1847,1576,0,0,0,1.0,1,1.0,1,1.0,1,0.1397815686671596,34
2285,0,3423,1847,1576,0,0,0,1.0,1,1.0,1,1.0,1,0.1320519082318956,35
2286,1,3424,1847,1577,0,0,0,1.0,1,1.0,1,1.0,1,0.1032119134639305,34
2287,2,3426,1848,1578,0,0,0,1.0,1,1.0,1,1.0,1,0.10207080455689929,35
2288,0,3426,1848,1578,0,0,0,1.0,1,1.0,1,1.0,1,0.06588809703291279,35
2289,3,3429,1850,1579,0,0,0,1.0,1,1.0,1,1.0,1,0.11531064908003835,37
2290,0,3429,1850,1579,0,0,0,1.0,1,1.0,1,1.0,1,0.1250038974279185,37
2291,2,3431,1852,1579,0,0,0,1.0,1,1.0,1,1.0,1,0.17357757735210663,35
2292,0,3431,1852,1579,0,0,0,1.0,1,1.0,1,1.0,1,0.17934347310904097,35
2293,1,3432,1853,1579,0,0,0,1.0,1,1.0,1,1.0,1,0.1954716369237399,34
2294,0,3432,1853,1579,0,0,0,1.0,1,1.0,1,1.0,1,0.18318752940557967,33
2295,0,3432,1853,1579,0,0,0,1.0,1,1.0,1,1.0,1,0.17262253547532916,34
2296,0,3432,1853,1579,0,0,0,1.0,1,1.0,1,1.0,1,0.1438195008545403,33
2297,0,3432,1853,1579,0,0,0,1.0,1,1.0,1,1.0,1,0.17205025551342587,32
2298,4,3436,1855,1581,0,0,0,1.0,1,1.0,1,1.0,1,0.1652875024629079,32
2299,2,3438,1856,1582,0,0,0,1.0,1,1.0,1,1.0,1,0.14382040943862343,33
2300,2,3440,1858,1582,0,0,0,1.0,1,1.0,1,1.0,1,0.149004284984543,33
2301,2,3442,1860,1582,0,0,0,1.0,1,1.0,1,1.0,1,0.1674754079307856,33
2302,2,3444,1862,1582,0,0,0,1.0,1,1.0,1,1.0,1,0.2194101164459644,34
2303,2,3446,1864,1582,0,0,0,1.0,1,1.0,1,1.0,1,0.25018140360339736,34
2304,2,3448,1864,1584,0,0,0,1.0,1,1.0,1,1.0,1,0.16004031977004102,33
2305,2,3450,1865,1585,0,0,0,1.0,1,1.0,1,1.0,1,0.1501286021170434,33
2306,3,3453,1868,1585,0,0,0,1.0,1,1.0,1,1.0,1,0.23312048836688568,33
2307,1,3454,1868,1586,0,0,0,1.0,1,1.0,1,1.0,1,0.197196487937075,35
2308,4,3458,1870,1588,0,0,0,1.0,1,1.0,1,1.0,1,0.2054192719740202,34
2309,0,3458,1870,1588,0,0,0,1.0,1,1.0,1,1.0,1,0.18754197397207403,34
2310,0,3458,1870,1588,0,0,0,1.0,1,1.0,1,1.0,1,0.18493477092426291,34
2311,2,3460,1870,1590,0,0,0,1.0,1,1.0,1,1.0,1,0.13223652254941978,35
2312,1,3461,1871,1590,0,0,0,1.0,1,1.0,1,1.0,1,0.13698487740418416,34
2313,0,3461,1871,1590,0,0,0,1.0,1,1.0,1,1.0,1,0.06404470563354514,35
2314,1,3462,1872,1590,0,0,0,1.0,1,1.0,1,1.0,1,0.1105960725450552,35
2315,0,3462,1872,1590,0,0,0,1.0,1,1.0,1,1.0,1,0.12474712149578028,34
2316,1,3463,1872,1591,0,0,0,1.0,1,1.0,1,1.0,1,0.07630071932574506,35
2317,2,3465,1873,1592,0,0,0,1.0,1,1.0,1,1.0,1,0.07638395929237189,32
2318,1,3466,1874,1592,0,0,0,1.0,1,1.0,1,1.0,1,0.08846488946499308,32
2319,1,3467,1875,1592,0,0,0,1.0,1,1.0,1,1.0,1,0.10778549449431518,32
2320,0,3467,1875,1592,0,0,0,1.0,1,1.0,1,1.0,1,0.12921477523280536,32
2321,1,3468,1875,1593,0,0,0,1.0,1,1.0,1,1.0,1,0.11472065144842945,33
2322,0,3468,1875,1593,0,0,0,1.0,1,1.0,1,1.0,1,0.11472065144842945,33
2323,0,3468,1875,1593,0,0,0,1.0,1,1.0,1,1.0,1,0.11472065144842945,33
2324,1,3469,1876,1593,0,0,0,1.0,1,1.0,1,1.0,1,0.10693533035803172,34
2325,0,3469,1876,1593,0,0,0,1.0,1,1.0,1,1.0,1,0.09776678608214218,35
2326,0,3469,1876,1593,0,0,0,1.0,1,1.0,1,1.0,1,0.09776678608214218,35
2327,0,3469,1876,1593,0,0,0,1.0,1,1.0,1,1.0,1,0.11888242952580556,36
2328,0,3469,1876,1593,0,0,0,1.0,1,1.0,1,1.0,1,0.12329157487217733,37
2329,0,3469,1876,1593,0,0,0,1.0,1,1.0,1,1.0,1,0.1032898357405673,37
2330,0,3469,1876,1593,0,0,0,1.0,1,1.0,1,1.0,1,0.10337058594231811,38
2331,0,3469,1876,1593,0,0,0,1.0,1,1.0,1,1.0,1,0.103220207956776,40
2332,0,3469,1876,1593,0,0,0,1.0,1,1.0,1,1.0,1,0.103220207956776,40
2333,1,3470,1877,1593,0,0,0,1.0,1,1.0,1,1.0,1,0.1204702928026918,41
2334,0,3470,1877,1593,0,0,0,1.0,1,1.0,1,1.0,1,0.1204702928026918,41
2335,0,3470,1877,1593,0,0,0,1.0,1,1.0,1,1.0,1,0.1204702928026918,41
2336,3,3473,1877,1596,0,0,0,1.0,1,1.0,1,1.0,1,0.06031742506527093,41
2337,3,3476,1877,1599,0,0,0,1.0,1,1.0,1,1.0,1,0.044784249735787596,42
2338,5,3481,1879,1602,0,0,0,1.0,1,1.0,1,1.0,1,0.03643357763096166,43
2339,1,3482,1879,1603,0,0,0,1.0,1,1.0,1,1.0,1,0.027007532872619377,43
2340,3,3485,1881,1604,0,0,0,1.0,1,1.0,1,1.0,1,0.07565137197871404,45
2341,0,3485,1881,1604,0,0,0,1.0,1,1.0,1,1.0,1,0.06647063029095517,45
2342,2,3487,1882,1605,0,0,0,1.0,1,1.0,1,1.0,1,0.0962340024940915,46
2343,0,3487,1882,1605,0,0,0,1.0,1,1.0,1,1.0,1,0.0846510619450002,45
2344,2,3489,1884,1605,0,0,0,1.0,1,1.0,1,1.0,1,0.12657499328442642,44
2345,3,3492,1885,1607,0,0,0,1.0,1,1.0,1,1.0,1,0.13965047569027886,44
2346,0,3492,1885,1607,0,0,0,1.0,1,1.0,1,1.0,1,0.13965047569027886,44
2347,2,3494,1886,1608,0,0,0,1.0,1,1.0,1,1.0,1,0.12015381702499435,44
2348,0,3494,1886,1608,0,0,0,1.0,1,1.0,1,1.0,1,0.11289109435744375,45
2349,1,3495,1886,1609,0,0,0,1.0,1,1.0,1,1.0,1,0.10894855100791576,46
2350,2,3497,1887,1610,0,0,0,1.0,1,1.0,1,1.0,1,0.12612406161337772,47
2351,1,3498,1887,1611,0,0,0,1.0,1,1.0,1,1.0,1,0.11434212395451844,47
2352,0,3498,1887,1611,0,0,0,1.0,1,1.0,1,1.0,1,0.11434212395451844,47
2353,1,3499,1888,1611,0,0,0,1.0,1,1.0,1,1.0,1,0.14979894030617957,46
2354,4,3503,1891,1612,0,0,0,1.0,1,1.0,1,1.0,1,0.15327729020667571,47
2355,1,3504,1891,1613,0,0,0,1.0,1,1.0,1,1.0,1,0.14111039171568138,47
2356,3,3507,1894,1613,0,0,0,1.0,1,1.0,1,1.0,1,0.13688478029880477,47
2357,3,3510,1895,1615,0,0,0,1.0,1,1.0,1,1.0,1,0.14311448814072505,47
2358,2,3512,1895,1617,0,0,0,1.0,1,1.0,1,1.0,1,0.1337208688830242,48
2359,0,3512,1895,1617,0,0,0,1.0,1,1.0,1,1.0,1,0.13091421256469837,49
2360,2,3514,1896,1618,0,0,0,1.0,1,1.0,1,1.0,1,0.10771259734123724,49
2361,0,3514,1896,1618,0,0,0,1.0,1,1.0,1,1.0,1,0.08850700731393413,50
2362,2,3516,1897,1619,0,0,0,1.0,1,1.0,1,1.0,1,0.08945800954068137,51
2363,0,3516,1897,1619,0,0,0,1.0,1,1.0,1,1.0,1,0.08945800954068137,51
2364,3,3519,1898,1621,0,0,0,1.0,1,1.0,1,1.0,1,0.07153600188263973,52
2365,1,3520,1899,1621,0,0,0,1.0,1,1.0,1,1.0,1,0.07686978616983632,53
2366,5,3525,1901,1624,0,0,0,1.0,1,1.0,1,1.0,1,0.06978513342758237,54
2367,3,3528,1904,1624,0,0,0,1.0,1,1.0,1,1.0,1,0.09224773988438888,52
2368,4,3532,1908,1624,0,0,0,1.0,1,1.0,1,1.0,1,0.10891661502248778,51
2369,3,3535,1910,1625,0,0,0,1.0,1,1.0,1,1.0,1,0.1049051115604699,51
2370,5,3540,1914,1626,0,0,0,1.0,1,1.0,1,1.0,1,0.1330728673310472,52
2371,4,3544,1917,1627,0,0,0,1.0,1,1.0,1,1.0,1,0.1566753332986752,52
2372,1,3545,1918,1627,0,0,0,1.0,1,1.0,1,1.0,1,0.151138134038941,49
2373,0,3545,1918,1627,0,0,0,1.0,1,1.0,1,1.0,1,0.1583389078157026,47
2374,0,3545,1918,1627,0,0,0,1.0,1,1.0,1,1.0,1,0.14299882383877147,45
2375,0,3545,1918,1627,0,0,0,1.0,1,1.0,1,1.0,1,0.1092454996559482,45
2376,0,3545,1918,1627,0,0,0,1.0,1,1.0,1,1.0,1,0.11011176812485446,43
2377,2,3547,1920,1627,0,0,0,1.0,1,1.0,1,1.0,1,0.1165941228097626,44
2378,2,3549,1922,1627,0,0,0,1.0,1,1.0,1,1.0,1,0.1576703567687068,43
2379,2,3551,1924,1627,0,0,0,1.0,1,1.0,1,1.0,1,0.13421784865384948,43
2380,2,3553,1926,1627,0,0,0,1.0,1,1.0,1,1.0,1,0.09371431708987386,43
2381,3,3556,1929,1627,0,0,0,1.0,1,1.0,1,1.0,1,0.0864701585401211,44
2382,1,3557,1930,1627,0,0,0,1.0,1,1.0,1,1.0,1,0.07696803992798067,44
2383,3,3560,1932,1628,0,0,0,1.0,1,1.0,1,1.0,1,0.05771308380443674,45
2384,3,3563,1933,1630,0,0,0,1.0,1,1.0,1,1.0,1,0.05146935821380219,45
2385,2,3565,1934,1631,0,0,0,1.0,1,1.0,1,1.0,1,0.051908444791822834,45
2386,2,3567,1936,1631,0,0,0,1.0,1,1.0,1,1.0,1,0.03993567920440178,46
2387,1,3568,1937,1631,0,0,0,1.0,1,1.0,1,1.0,1,0.05528790809546943,44
2388,1,3569,1938,1631,0,0,0,1.0,1,1.0,1,1.0,1,0.03869636904365685,44
2389,1,3570,1939,1631,0,0,0,1.0,1,1.0,1,1.0,1,0.07270027670698256,43
2390,2,3572,1941,1631,0,0,0,1.0,1,1.0,1,1.0,1,0.07663905625027637,44
2391,1,3573,1942,1631,0,0,0,1.0,1,1.0,1,1.0,1,0.06493567677026221,43
2392,2,3575,1943,1632,0,0,0,1.0,1,1.0,1,1.0,1,0.08478805880756453,44
2393,3,3578,1945,1633,0,0,0,1.0,1,1.0,1,1.0,1,0.1295392790313785,45
2394,0,3578,1945,1633,0,0,0,1.0,1,1.0,1,1.0,1,0.15490222126297712,44
2395,1,3579,1946,1633,0,0,0,1.0,1,1.0,1,1.0,1,0.19328116940590673,44
2396,1,3580,1947,1633,0,0,0,1.0,1,1.0,1,1.0,1,0.22200538824445917,45
2397,1,3581,1947,1634,0,0,0,1.0,1,1.0,1,1.0,1,0.2409182559251674,44
2398,1,3582,1948,1634,0,0,0,1.0,1,1.0,1,1.0,1,0.2757080201843663,44
2399,0,3582,1948,1634,0,0,0,1.0,1,1.0,1,1.0,1,0.2750543695862582,45
2400,0,3582,1948,1634,0,0,0,1.0,1,1.0,1,1.0,1,0.2750543695862582,45
2401,6,3588,1948,1640,0,0,0,1.0,1,1.0,1,1.0,1,0.20398545904759274,46
2402,1,3589,1948,1641,0,0,0,1.0,1,1.0,1,1.0,1,0.16299780379692214,47
2403,2,3591,1949,1642,0,0,0,1.0,1,1.0,1,1.0,1,0.13424826405678822,48
2404,3,3594,1952,1642,0,0,0,1.0,1,1.0,1,1.0,1,0.1467965786286745,47
2405,2,3596,1953,1643,0,0,0,1.0,1,1.0,1,1.0,1,0.08972043571294407,45
2406,1,3597,1954,1643,0,0,0,1.0,1,1.0,1,1.0,1,0.10540022342332805,45
2407,2,3599,1956,1643,0,0,0,1.0,1,1.0,1,1.0,1,0.06876045874039906,42
2408,0,3599,1956,1643,0,0,0,1.0,1,1.0,1,1.0,1,0.04961008938469326,41
2409,5,3604,1959,1645,0,0,0,1.0,1,1.0,1,1.0,1,0.07284515755643517,41
2410,0,3604,1959,1645,0,0,0,1.0,1,1.0,1,1.0,1,0.06213498760976174,40
2411,3,3607,1962,1645,0,0,0,1.0,1,1.0,1,1.0,1,0.10530734748109044,40
2412,3,3610,1964,1646,0,0,0,1.0,1,1.0,1,1.0,1,0.09559629884112535,38
2413,4,3614,1966,1648,0,0,0,1.0,1,1.0,1,1.0,1,0.16070376994091568,38
2414,5,3619,1968,1651,0,0,0,1.0,1,1.0,1,1.0,1,0.10851272269958698,36
2415,5,3624,1969,1655,0,0,0,1.0,1,1.0,1,1.0,1,0.16706981274848817,36
2416,4,3628,1969,1659,0,0,0,1.0,1,1.0,1,1.0,1,0.17456515958033847,35
2417,3,3631,1969,1662,0,0,0,1.0,1,1.0,1,1.0,1,0.27257458062327705,33
2418,4,3635,1969,1666,0,0,0,1.0,1,1.0,1,1.0,1,0.23572483654781692,33
2419,4,3639,1972,1667,0,0,0,1.0,1,1.0,1,1.0,1,0.2299881036798338,33
2420,2,3641,1973,1668,0,0,0,1.0,1,1.0,1,1.0,1,0.1475761276751892,34
2421,3,3644,1973,1671,0,0,0,1.0,1,1.0,1,1.0,1,0.10310399029876376,34
2422,0,3644,1973,1671,0,0,0,1.0,1,1.0,1,1.0,1,0.08199354667098362,35
2423,2,3646,1975,1671,0,0,0,1.0,1,1.0,1,1.0,1,0.08144309277229195,36
2424,1,3647,1976,1671,0,0,0,1.0,1,1.0,1,1.0,1,0.0492816285434746,35
2425,3,3650,1979,1671,0,0,0,1.0,1,1.0,1,1.0,1,0.10370366042448102,33
2426,0,3650,1979,1671,0,0,0,1.0,1,1.0,1,1.0,1,0.11742339491982692,34
2427,2,3652,1981,1671,0,0,0,1.0,1,1.0,1,1.0,1,0.1089291692301382,34
2428,0,3652,1981,1671,0,0,0,1.0,1,1.0,1,1.0,1,0.1089291692301382,34
2429,1,3653,1982,1671,0,0,0,1.0,1,1.0,1,1.0,1,0.1772566030806139,34
2430,0,3653,1982,1671,0,0,0,1.0,1,1.0,1,1.0,1,0.21098462605984902,33
2431,2,3655,1984,1671,0,0,0,1.0,1,1.0,1,1.0,1,0.18856615713099315,33
2432,0,3655,1984,1671,0,0,0,1.0,1,1.0,1,1.0,1,0.23718332409189075,33
2433,3,3658,1987,1671,0,0,0,1.0,1,1.0,1,1.0,1,0.21956317032384498,34
2434,0,3658,1987,1671,0,0,0,1.0,1,1.0,1,1.0,1,0.21956317032384498,34
2435,1,3659,1988,1671,0,0,0,1.0,1,1.0,1,1.0,1,0.24977980740767905,34
2436,2,3661,1990,1671,0,0,0,1.0,1,1.0,1,1.0,1,0.1991977823852751,33
2437,0,3661,1990,1671,0,0,0,1.0,1,1.0,1,1.0,1,0.1991977823852751,33
2438,3,3664,1992,1672,0,0,0,1.0,1,1.0,1,1.0,1,0.21310477149221022,34
2439,0,3664,1992,1672,0,0,0,1.0,1,1.0,1,1.0,1,0.21683049256835218,35
2440,0,3664,1992,1672,0,0,0,1.0,1,1.0,1,1.0,1,0.21683049256835218,35
2441,6,3670,1994,1676,0,0,0,1.0,1,1.0,1,1.0,1,0.14440660916940157,35
2442,1,3671,1994,1677,0,0,0,1.0,1,1.0,1,1.0,1,0.10765639219209343,35
2443,3,3674,1997,1677,0,0,0,1.0,1,1.0,1,1.0,1,0.20386137622404593,35
2444,3,3677,1998,1679,0,0,0,1.0,1,1.0,1,1.0,1,0.19486998603043285,34
2445,1,3678,1999,1679,0,0,0,1.0,1,1.0,1,1.0,1,0.23395646279314736,33
2446,0,3678,1999,1679,0,0,0,1.0,1,1.0,1,1.0,1,0.242395978778256,30
2447,2,3680,2001,1679,0,0,0,1.0,1,1.0,1,1.0,1,0.1985354081660569,29
2448,2,3682,2003,1679,0,0,0,1.0,1,1.0,1,1.0,1,0.13751720846875526,27
2449,0,3682,2003,1679,0,0,0,1.0,1,1.0,1,1.0,1,0.12146364851353063,26
2450,1,3683,2004,1679,0,0,0,1.0,1,1.0,1,1.0,1,0.09619213307595686,28
2451,0,3683,2004,1679,0,0,0,1.0,1,1.0,1,1.0,1,0.09619213307595686,28
2452,1,3684,2005,1679,0,0,0,1.0,1,1.0,1,1.0,1,0.11480468430783289,29
2453,1,3685,2006,1679,0,0,0,1.0,1,1.0,1,1.0,1,0.14658519288269753,30
2454,4,3689,2008,1681,0,0,0,1.0,1,1.0,1,1.0,1,0.10570792102895141,32
2455,6,3695,2009,1686,0,0,0,1.0,1,1.0,1,1.0,1,0.1392448844813699,33
2456,7,3702,2011,1691,0,0,0,1.0,1,1.0,1,1.0,1,0.16160040745529544,34
2457,2,3704,2012,1692,0,0,0,1.0,1,1.0,1,1.0,1,0.16023442785897885,34
2458,1,3705,2013,1692,0,0,0,1.0,1,1.0,1,1.0,1,0.10786642477788545,36
2459,0,3705,2013,1692,0,0,0,1.0,1,1.0,1,1.0,1,0.10786642477788545,36
2460,2,3707,2015,1692,0,0,0,1.0,1,1.0,1,1.0,1,0.1427268237973096,37
2461,3,3710,2017,1693,0,0,0,1.0,1,1.0,1,1.0,1,0.12446251980628559,37
2462,2,3712,2018,1694,0,0,0,1.0,1,1.0,1,1.0,1,0.15336029252633937,38
2463,0,3712,2018,1694,0,0,0,1.0,1,1.0,1,1.0,1,0.12939705761545983,38
2464,3,3715,2019,1696,0,0,0,1.0,1,1.0,1,1.0,1,0.06233719164505006,37
2465,1,3716,2020,1696,0,0,0,1.0,1,1.0,1,1.0,1,0.07687888026825387,36
2466,1,3717,2021,1696,0,0,0,1.0,1,1.0,1,1.0,1,0.09477515633475339,36
2467,0,3717,2021,1696,0,0,0,1.0,1,1.0,1,1.0,1,0.12911012864050375,34
2468,1,3718,2022,1696,0,0,0,1.0,1,1.0,1,1.0,1,0.16294810800906065,33
2469,1,3719,2023,1696,0,0,0,1.0,1,1.0,1,1.0,1,0.1839337474072423,32
2470,0,3719,2023,1696,0,0,0,1.0,1,1.0,1,1.0,1,0.1690055221666548,33
2471,1,3720,2023,1697,0,0,0,1.0,1,1.0,1,1.0,1,0.17288138224193186,31
2472,0,3720,2023,1697,0,0,0,1.0,1,1.0,1,1.0,1,0.14556833305844974,32
2473,1,3721,2024,1697,0,0,0,1.0,1,1.0,1,1.0,1,0.20015325144426557,31
2474,0,3721,2024,1697,0,0,0,1.0,1,1.0,1,1.0,1,0.18850698312193193,33
2475,1,3722,2025,1697,0,0,0,1.0,1,1.0,1,1.0,1,0.23502752664166868,33
2476,1,3723,2026,1697,0,0,0,1.0,1,1.0,1,1.0,1,0.2721977064892404,33
2477,3,3726,2028,1698,0,0,0,1.0,1,1.0,1,1.0,1,0.2511900250519069,33
2478,0,3726,2028,1698,0,0,0,1.0,1,1.0,1,1.0,1,0.2511900250519069,33
2479,4,3730,2031,1699,0,0,0,1.0,1,1.0,1,1.0,1,0.27665403909677255,33
2480,1,3731,2032,1699,0,0,0,1.0,1,1.0,1,1.0,1,0.2566566540765781,34
2481,8,3739,2036,1703,0,0,0,1.0,1,1.0,1,1.0,1,0.13675377953466414,33
2482,2,3741,2037,1704,0,0,0,1.0,1,1.0,1,1.0,1,0.0895723120582441,34
2483,1,3742,2037,1705,0,0,0,1.0,1,1.0,1,1.0,1,0.05407301133861999,33
2484,1,3743,2038,1705,0,0,0,1.0,1,1.0,1,1.0,1,0.043514169732525164,32
2485,2,3745,2040,1705,0,0,0,1.0,1,1.0,1,1.0,1,0.027816740649972613,31
2486,2,3747,2042,1705,0,0,0,1.0,1,1.0,1,1.0,1,0.063051787881055,29
2487,1,3748,2043,1705,0,0,0,1.0,1,1.0,1,1.0,1,0.058196280136303714,29
2488,1,3749,2044,1705,0,0,0,1.0,1,1.0,1,1.0,1,0.10687382209800694,30
2489,1,3750,2045,1705,0,0,0,1.0,1,1.0,1,1.0,1,0.11094471835210291,29
2490,0,3750,2045,1705,0,0,0,1.0,1,1.0,1,1.0,1,0.09830938892694537,30
2491,0,3750,2045,1705,0,0,0,1.0,1,1.0,1,1.0,1,0.10147977039521386,30
2492,1,3751,2046,1705,0,0,0,1.0,1,1.0,1,1.0,1,0.09971370049204951,29
2493,0,3751,2046,1705,0,0,0,1.0,1,1.0,1,1.0,1,0.09971370049204951,29
2494,1,3752,2047,1705,0,0,0,1.0,1,1.0,1,1.0,1,0.07752992094582828,28
2495,0,3752,2047,1705,0,0,0,1.0,1,1.0,1,1.0,1,0.08085055432991686,29
2496,0,3752,2047,1705,0,0,0,1.0,1,1.0,1,1.0,1,0.07557908630873277,28
2497,0,3752,2047,1705,0,0,0,1.0,1,1.0,1,1.0,1,0.10228262824350458,28
2498,0,3752,2047,1705,0,0,0,1.0,1,1.0,1,1.0,1,0.10866963370321431,29
2499,0,3752,2047,1705,0,0,0,1.0,1,1.0,1,1.0,1,0.13103898551602441,30
2500,1,3753,2048,1705,0,0,0,1.0,1,1.0,1,1.0,1,0.12896460087519218,29
2501,4,3757,2051,1706,0,0,0,1.0,1,1.0,1,1.0,1,0.08196449368220714,33
2502,1,3758,2052,1706,0,0,0,1.0,1,1.0,1,1.0,1,0.1137251991031379,33
2503,1,3759,2053,1706,0,0,0,1.0,1,1.0,1,1.0,1,0.09668757514734316,31
2504,2,3761,2055,1706,0,0,0,1.0,1,1.0,1,1.0,1,0.0671418377733161,31
2505,3,3764,2057,1707,0,0,0,1.0,1,1.0,1,1.0,1,0.026654158794307475,32
2506,2,3766,2059,1707,0,0,0,1.0,1,1.0,1,1.0,1,0.05233375068739436,31
2507,4,3770,2062,1708,0,0,0,1.0,1,1.0,1,1.0,1,0.1800348783321583,29
2508,5,3775,2064,1711,0,0,0,1.0,1,1.0,1,1.0,1,0.1697915313870294,31
2509,2,3777,2065,1712,0,0,0,1.0,1,1.0,1,1.0,1,0.1357581586659071,30
2510,0,3777,2065,1712,0,0,0,1.0,1,1.0,1,1.0,1,0.16021290675346714,31
2511,2,3779,2067,1712,0,0,0,1.0,1,1.0,1,1.0,1,0.03077783552528302,32
2512,2,3781,2069,1712,0,0,0,1.0,1,1.0,1,1.0,1,0.03464713351342944,32
2513,1,3782,2069,1713,0,0,0,1.0,1,1.0,1,1.0,1,0.051911904376437154,34
2514,0,3782,2069,1713,0,0,0,1.0,1,1.0,1,1.0,1,0.05644555063312517,35
2515,0,3782,2069,1713,0,0,0,1.0,1,1.0,1,1.0,1,0.05644555063312517,35
2516,2,3784,2071,1713,0,0,0,1.0,1,1.0,1,1.0,1,0.14346363935933004,34
2517,4,3788,2073,1715,0,0,0,1.0,1,1.0,1,1.0,1,0.1395933650709483,34
2518,3,3791,2075,1716,0,0,0,1.0,1,1.0,1,1.0,1,0.1656646727162461,33
2519,3,3794,2076,1718,0,0,0,1.0,1,1.0,1,1.0,1,0.15269198602938977,32
2520,0,3794,2076,1718,0,0,0,1.0,1,1.0,1,1.0,1,0.12355998176840657,31
2521,2,3796,2076,1720,0,0,0,1.0,1,1.0,1,1.0,1,0.07552156279616781,31
2522,0,3796,2076,1720,0,0,0,1.0,1,1.0,1,1.0,1,0.06497023004781655,30
2523,0,3796,2076,1720,0,0,0,1.0,1,1.0,1,1.0,1,0.08143651562806038,30
2524,0,3796,2076,1720,0,0,0,1.0,1,1.0,1,1.0,1,0.1493585308184702,29
2525,0,3796,2076,1720,0,0,0,1.0,1,1.0,1,1.0,1,0.1493585308184702,29
2526,0,3796,2076,1720,0,0,0,1.0,1,1.0,1,1.0,1,0.18945174572815335,27
2527,0,3796,2076,1720,0,0,0,1.0,1,1.0,1,1.0,1,0.17121252280448282,28
2528,0,3796,2076,1720,0,0,0,1.0,1,1.0,1,1.0,1,0.17121252280448282,28
2529,0,3796,2076,1720,0,0,0,1.0,1,1.0,1,1.0,1,0.17121252280448282,28
2530,0,3796,2076,1720,0,0,0,1.0,1,1.0,1,1.0,1,0.17303541600748637,29
2531,1,3797,2076,1721,0,0,0,1.0,1,1.0,1,1.0,1,0.13598224507332668,30
2532,0,3797,2076,1721,0,0,0,1.0,1,1.0,1,1.0,1,0.12647726827664058,31
2533,0,3797,2076,1721,0,0,0,1.0,1,1.0,1,1.0,1,0.12647726827664058,31
2534,0,3797,2076,1721,0,0,0,1.0,1,1.0,1,1.0,1,0.12647726827664058,31
2535,1,3798,2077,1721,0,0,0,1.0,1,1.0,1,1.0,1,0.15954465322451722,31
2536,1,3799,2077,1722,0,0,0,1.0,1,1.0,1,1.0,1,0.17436273186420773,32
2537,3,3802,2079,1723,0,0,0,1.0,1,1.0,1,1.0,1,0.20549195738516146,33
2538,5,3807,2079,1728,0,0,0,1.0,1,1.0,1,1.0,1,0.12589648329781822,35
2539,2,3809,2081,1728,0,0,0,1.0,1,1.0,1,1.0,1,0.1569548051564044,37
2540,4,3813,2084,1729,0,0,0,1.0,1,1.0,1,1.0,1,0.17054435330588102,38
2541,1,3814,2085,1729,0,0,0,1.0,1,1.0,1,1.0,1,0.15143880609513302,39
2542,4,3818,2088,1730,0,0,0,1.0,1,1.0,1,1.0,1,0.1781014065143409,38
2543,1,3819,2089,1730,0,0,0,1.0,1,1.0,1,1.0,1,0.179597751340392,41
2544,1,3820,2090,1730,0,0,0,1.0,1,1.0,1,1.0,1,0.16648279533138532,39
2545,1,3821,2091,1730,0,0,0,1.0,1,1.0,1,1.0,1,0.196475271632427,40
2546,2,3823,2092,1731,0,0,0,1.0,1,1.0,1,1.0,1,0.1579727553624345,38
2547,2,3825,2094,1731,0,0,0,1.0,1,1.0,1,1.0,1,0.16413852779077404,38
2548,0,3825,2094,1731,0,0,0,1.0,1,1.0,1,1.0,1,0.1441280650490825,35
2549,0,3825,2094,1731,0,0,0,1.0,1,1.0,1,1.0,1,0.1315037844999947,35
2550,0,3825,2094,1731,0,0,0,1.0,1,1.0,1,1.0,1,0.13444710234582258,33
2551,1,3826,2095,1731,0,0,0,1.0,1,1.0,1,1.0,1,0.1930622171648777,31
2552,0,3826,2095,1731,0,0,0,1.0,1,1.0,1,1.0,1,0.20084654989971032,30
2553,1,3827,2096,1731,0,0,0,1.0,1,1.0,1,1.0,1,0.23718506834716704,30
2554,0,3827,2096,1731,0,0,0,1.0,1,1.0,1,1.0,1,0.22452782321145887,32
2555,0,3827,2096,1731,0,0,0,1.0,1,1.0,1,1.0,1,0.25640831757411225,32
2556,2,3829,2098,1731,0,0,0,1.0,1,1.0,1,1.0,1,0.20766583614205536,32
2557,1,3830,2099,1731,0,0,0,1.0,1,1.0,1,1.0,1,0.20778737403151906,30
2558,0,3830,2099,1731,0,0,0,1.0,1,1.0,1,1.0,1,0.17170207553857939,31
2559,0,3830,2099,1731,0,0,0,1.0,1,1.0,1,1.0,1,0.1595474999675855,30
2560,0,3830,2099,1731,0,0,0,1.0,1,1.0,1,1.0,1,0.1595474999675855,30
2561,0,3830,2099,1731,0,0,0,1.0,1,1.0,1,1.0,1,0.1595474999675855,30
2562,0,3830,2099,1731,0,0,0,1.0,1,1.0,1,1.0,1,0.16646281755435033,33
2563,0,3830,2099,1731,0,0,0,1.0,1,1.0,1,1.0,1,0.16646281755435033,33
2564,0,3830,2099,1731,0,0,0,1.0,1,1.0,1,1.0,1,0.16646281755435033,33
2565,1,3831,2100,1731,0,0,0,1.0,1,1.0,1,1.0,1,0.14100361077970172,33
2566,1,3832,2101,1731,0,0,0,1.0,1,1.0,1,1.0,1,0.14074670059277647,35
2567,2,3834,2103,1731,0,0,0,1.0,1,1.0,1,1.0,1,0.16460750718361275,36
2568,1,3835,2104,1731,0,0,0,1.0,1,1.0,1,1.0,1,0.20262694772526046,37
2569,1,3836,2104,1732,0,0,0,1.0,1,1.0,1,1.0,1,0.1858120066218728,37
2570,0,3836,2104,1732,0,0,0,1.0,1,1.0,1,1.0,1,0.19714952747264086,37
2571,0,3836,2104,1732,0,0,0,1.0,1,1.0,1,1.0,1,0.19714952747264086,37
2572,0,3836,2104,1732,0,0,0,1.0,1,1.0,1,1.0,1,0.17665533703049527,39
2573,0,3836,2104,1732,0,0,0,1.0,1,1.0,1,1.0,1,0.17665533703049527,39
2574,0,3836,2104,1732,0,0,0,1.0,1,1.0,1,1.0,1,0.1747157693032323,38
2575,0,3836,2104,1732,0,0,0,1.0,1,1.0,1,1.0,1,0.1747157693032323,38
2576,0,3836,2104,1732,0,0,0,1.0,1,1.0,1,1.0,1,0.20317421156107257,37
2577,1,3837,2105,1732,0,0,0,1.0,1,1.0,1,1.0,1,0.21699654663107437,39
2578,5,3842,2107,1735,0,0,0,1.0,1,1.0,1,1.0,1,0.23844143493313097,40
2579,2,3844,2107,1737,0,0,0,1.0,1,1.0,1,1.0,1,0.2193360398495679,41
2580,4,3848,2108,1740,0,0,0,1.0,1,1.0,1,1.0,1,0.17785430044728584,42
2581,3,3851,2108,1743,0,0,0,1.0,1,1.0,1,1.0,1,0.11153904723466976,43
2582,2,3853,2108,1745,0,0,0,1.0,1,1.0,1,1.0,1,0.05868263513630504,43
2583,2,3855,2109,1746,0,0,0,1.0,1,1.0,1,1.0,1,0.0422620006233754,43
2584,1,3856,2109,1747,0,0,0,1.0,1,1.0,1,1.0,1,0.04022888194771428,43
2585,3,3859,2110,1749,0,0,0,1.0,1,1.0,1,1.0,1,0.024988293610305374,44
2586,0,3859,2110,1749,0,0,0,1.0,1,1.0,1,1.0,1,0.0338631295650059,43
2587,3,3862,2113,1749,0,0,0,1.0,1,1.0,1,1.0,1,0.07504204346875468,44
2588,0,3862,2113,1749,0,0,0,1.0,1,1.0,1,1.0,1,0.07504204346875468,44
2589,3,3865,2115,1750,0,0,0,1.0,1,1.0,1,1.0,1,0.0651877323183348,44
2590,1,3866,2116,1750,0,0,0,1.0,1,1.0,1,1.0,1,0.032350025382823895,44
2591,1,3867,2117,1750,0,0,0,1.0,1,1.0,1,1.0,1,0.04761976178822729,44
2592,1,3868,2118,1750,0,0,0,1.0,1,1.0,1,1.0,1,0.07961369460847906,44
2593,3,3871,2120,1751,0,0,0,1.0,1,1.0,1,1.0,1,0.08521479186502671,43
2594,2,3873,2121,1752,0,0,0,1.0,1,1.0,1,1.0,1,0.08135005272294915,48
2595,2,3875,2122,1753,0,0,0,1.0,1,1.0,1,1.0,1,0.055964042425733426,45
2596,1,3876,2123,1753,0,0,0,1.0,1,1.0,1,1.0,1,0.03592042049093107,46
2597,2,3878,2124,1754,0,0,0,1.0,1,1.0,1,1.0,1,0.04875580468499367,45
2598,2,3880,2125,1755,0,0,0,1.0,1,1.0,1,1.0,1,0.03473264970676213,45
2599,0,3880,2125,1755,0,0,0,1.0,1,1.0,1,1.0,1,0.0548676032224518,45
2600,1,3881,2126,1755,0,0,0,1.0,1,1.0,1,1.0,1,0.05673804675212853,48
2601,2,3883,2127,1756,0,0,0,1.0,1,1.0,1,1.0,1,0.043568231866176754,47
2602,0,3883,2127,1756,0,0,0,1.0,1,1.0,1,1.0,1,0.037512064093357916,48
2603,0,3883,2127,1756,0,0,0,1.0,1,1.0,1,1.0,1,0.037512064093357916,48
2604,1,3884,2128,1756,0,0,0,1.0,1,1.0,1,1.0,1,0.05040874845553098,47
2605,0,3884,2128,1756,0,0,0,1.0,1,1.0,1,1.0,1,0.05040874845553098,47
2606,0,3884,2128,1756,0,0,0,1.0,1,1.0,1,1.0,1,0.039531701032616044,46
2607,0,3884,2128,1756,0,0,0,1.0,1,1.0,1,1.0,1,0.01482693666497602,45
2608,1,3885,2129,1756,0,0,0,1.0,1,1.0,1,1.0,1,0.026290007860561706,45
2609,2,3887,2131,1756,0,0,0,1.0,1,1.0,1,1.0,1,0.038828102666754356,44
2610,2,3889,2133,1756,0,0,0,1.0,1,1.0,1,1.0,1,0.10537855460326725,45
2611,5,3894,2138,1756,0,0,0,1.0,1,1.0,1,1.0,1,0.15303238129907432,46
2612,2,3896,2140,1756,0,0,0,1.0,1,1.0,1,1.0,1,0.146865359181066,47
2613,2,3898,2141,1757,0,0,0,1.0,1,1.0,1,1.0,1,0.16729850507453192,48
2614,3,3901,2143,1758,0,0,0,1.0,1,1.0,1,1.0,1,0.22411643574929796,48
2615,3,3904,2146,1758,0,0,0,1.0,1,1.0,1,1.0,1,0.20417311755825215,49
2616,0,3904,2146,1758,0,0,0,1.0,1,1.0,1,1.0,1,0.20417311755825215,49
2617,0,3904,2146,1758,0,0,0,1.0,1,1.0,1,1.0,1,0.19068105168574687,48
2618,2,3906,2148,1758,0,0,0,1.0,1,1.0,1,1.0,1,0.17435154340939163,47
2619,0,3906,2148,1758,0,0,0,1.0,1,1.0,1,1.0,1,0.14939624122321285,50
2620,6,3912,2152,1760,0,0,0,1.0,1,1.0,1,1.0,1,0.13938359638320233,51
2621,2,3914,2153,1761,0,0,0,1.0,1,1.0,1,1.0,1,0.1618444747102511,52
2622,3,3917,2156,1761,0,0,0,1.0,1,1.0,1,1.0,1,0.14331614778774046,52
2623,2,3919,2157,1762,0,0,0,1.0,1,1.0,1,1.0,1,0.13597808058557811,53
2624,2,3921,2159,1762,0,0,0,1.0,1,1.0,1,1.0,1,0.1405361602351711,51
2625,2,3923,2161,1762,0,0,0,1.0,1,1.0,1,1.0,1,0.1470444271446025,50
2626,0,3923,2161,1762,0,0,0,1.0,1,1.0,1,1.0,1,0.16161906651948812,49
2627,2,3925,2163,1762,0,0,0,1.0,1,1.0,1,1.0,1,0.1609670114251384,48
2628,1,3926,2164,1762,0,0,0,1.0,1,1.0,1,1.0,1,0.1694024068760566,48
2629,1,3927,2164,1763,0,0,0,1.0,1,1.0,1,1.0,1,0.16193634847385996,47
2630,1,3928,2164,1764,0,0,0,1.0,1,1.0,1,1.0,1,0.14529074151005553,47
2631,2,3930,2166,1764,0,0,0,1.0,1,1.0,1,1.0,1,0.11528414501523927,47
2632,1,3931,2166,1765,0,0,0,1.0,1,1.0,1,1.0,1,0.14915092251817993,47
2633,4,3935,2170,1765,0,0,0,1.0,1,1.0,1,1.0,1,0.13026464516632102,44
2634,0,3935,2170,1765,0,0,0,1.0,1,1.0,1,1.0,1,0.13005111141400216,44
2635,2,3937,2172,1765,0,0,0,1.0,1,1.0,1,1.0,1,0.14308447971191834,45
2636,3,3940,2175,1765,0,0,0,1.0,1,1.0,1,1.0,1,0.18833784999120162,40
2637,3,3943,2178,1765,0,0,0,1.0,1,1.0,1,1.0,1,0.20108334728614308,41
2638,2,3945,2180,1765,0,0,0,1.0,1,1.0,1,1.0,1,0.23369395387783745,38
2639,1,3946,2180,1766,0,0,0,1.0,1,1.0,1,1.0,1,0.19920383841971484,39
2640,3,3949,2183,1766,0,0,0,1.0,1,1.0,1,1.0,1,0.20927127165720377,38
2641,5,3954,2186,1768,0,0,0,1.0,1,1.0,1,1.0,1,0.1331902342396293,37
2642,2,3956,2188,1768,0,0,0,1.0,1,1.0,1,1.0,1,0.17234655148579178,38
2643,0,3956,2188,1768,0,0,0,1.0,1,1.0,1,1.0,1,0.11834918587388397,37
2644,2,3958,2190,1768,0,0,0,1.0,1,1.0,1,1.0,1,0.1333278437262778,36
2645,0,3958,2190,1768,0,0,0,1.0,1,1.0,1,1.0,1,0.11180715566033314,35
2646,1,3959,2191,1768,0,0,0,1.0,1,1.0,1,1.0,1,0.1431624988006874,35
2647,3,3962,2194,1768,0,0,0,1.0,1,1.0,1,1.0,1,0.1441619286573336,35
2648,0,3962,2194,1768,0,0,0,1.0,1,1.0,1,1.0,1,0.11485803295024037,36
2649,1,3963,2195,1768,0,0,0,1.0,1,1.0,1,1.0,1,0.14757513501804348,37
2650,1,3964,2196,1768,0,0,0,1.0,1,1.0,1,1.0,1,0.11996051754837149,39
2651,2,3966,2197,1769,0,0,0,1.0,1,1.0,1,1.0,1,0.09550355896429302,39
2652,0,3966,2197,1769,0,0,0,1.0,1,1.0,1,1.0,1,0.09550355896429302,39
2653,0,3966,2197,1769,0,0,0,1.0,1,1.0,1,1.0,1,0.09550355896429302,39
2654,2,3968,2198,1770,0,0,0,1.0,1,1.0,1,1.0,1,0.08652482937403191,40
2655,0,3968,2198,1770,0,0,0,1.0,1,1.0,1,1.0,1,0.08652482937403191,40
2656,2,3970,2200,1770,0,0,0,1.0,1,1.0,1,1.0,1,0.046805301240842756,39
2657,3,3973,2200,1773,0,0,0,1.0,1,1.0,1,1.0,1,0.07884785115664798,40
2658,0,3973,2200,1773,0,0,0,1.0,1,1.0,1,1.0,1,0.09690326193391388,41
2659,0,3973,2200,1773,0,0,0,1.0,1,1.0,1,1.0,1,0.09690326193391388,41
2660,1,3974,2201,1773,0,0,0,1.0,1,1.0,1,1.0,1,0.11884512109235197,40
2661,4,3978,2202,1776,0,0,0,1.0,1,1.0,1,1.0,1,0.06442028378285823,40
2662,1,3979,2203,1776,0,0,0,1.0,1,1.0,1,1.0,1,0.036606590950026614,42
2663,2,3981,2205,1776,0,0,0,1.0,1,1.0,1,1.0,1,0.02349961951775136,41
2664,1,3982,2206,1776,0,0,0,1.0,1,1.0,1,1.0,1,0.06041612687184398,42
2665,3,3985,2209,1776,0,0,0,1.0,1,1.0,1,1.0,1,0.11406468757460861,43
2666,3,3988,2211,1777,0,0,0,1.0,1,1.0,1,1.0,1,0.12956913872993583,44
2667,1,3989,2212,1777,0,0,0,1.0,1,1.0,1,1.0,1,0.18983555810936262,42
2668,1,3990,2213,1777,0,0,0,1.0,1,1.0,1,1.0,1,0.2020275565230774,41
2669,0,3990,2213,1777,0,0,0,1.0,1,1.0,1,1.0,1,0.20955337613511063,42
2670,0,3990,2213,1777,0,0,0,1.0,1,1.0,1,1.0,1,0.22728013685492027,40
2671,1,3991,2214,1777,0,0,0,1.0,1,1.0,1,1.0,1,0.22241508475988536,39
2672,1,3992,2215,1777,0,0,0,1.0,1,1.0,1,1.0,1,0.21481413633319962,36
2673,2,3994,2217,1777,0,0,0,1.0,1,1.0,1,1.0,1,0.23331206925054085,35
2674,1,3995,2218,1777,0,0,0,1.0,1,1.0,1,1.0,1,0.21611786546168837,33
2675,3,3998,2220,1778,0,0,0,1.0,1,1.0,1,1.0,1,0.22742241343471872,34
2676,1,3999,2221,1778,0,0,0,1.0,1,1.0,1,1.0,1,0.18086411705774122,32
2677,3,4002,2224,1778,0,0,0,1.0,1,1.0,1,1.0,1,0.2369684488368301,33
2678,0,4002,2224,1778,0,0,0,1.0,1,1.0,1,1.0,1,0.20014628933334463,33
2679,1,4003,2225,1778,0,0,0,1.0,1,1.0,1,1.0,1,0.22296406190564913,32
2680,1,4004,2226,1778,0,0,0,1.0,1,1.0,1,1.0,1,0.20325917655137155,32
2681,3,4007,2226,1781,0,0,0,1.0,1,1.0,1,1.0,1,0.11669029037302409,32
2682,1,4008,2226,1782,0,0,0,1.0,1,1.0,1,1.0,1,0.061569330832991126,33
2683,0,4008,2226,1782,0,0,0,1.0,1,1.0,1,1.0,1,0.04055829943771622,32
2684,0,4008,2226,1782,0,0,0,1.0,1,1.0,1,1.0,1,0.03543919703619766,31
2685,1,4009,2227,1782,0,0,0,1.0,1,1.0,1,1.0,1,0.01983311476707806,31
2686,0,4009,2227,1782,0,0,0,1.0,1,1.0,1,1.0,1,0.0481697778118943,30
2687,0,4009,2227,1782,0,0,0,1.0,1,1.0,1,1.0,1,0.0481697778118943,30
2688,2,4011,2228,1783,0,0,0,1.0,1,1.0,1,1.0,1,0.06330708726230967,30
2689,2,4013,2230,1783,0,0,0,1.0,1,1.0,1,1.0,1,0.08843926606641268,31
2690,5,4018,2235,1783,0,0,0,1.0,1,1.0,1,1.0,1,0.14168147406221296,31
2691,4,4022,2236,1786,0,0,0,1.0,1,1.0,1,1.0,1,0.11068617811037099,32
2692,2,4024,2238,1786,0,0,0,1.0,1,1.0,1,1.0,1,0.1741889894842906,32
2693,2,4026,2240,1786,0,0,0,1.0,1,1.0,1,1.0,1,0.16053461658399565,33
2694,0,4026,2240,1786,0,0,0,1.0,1,1.0,1,1.0,1,0.1633651263982543,34
2695,1,4027,2240,1787,0,0,0,1.0,1,1.0,1,1.0,1,0.09279297787710943,35
2696,0,4027,2240,1787,0,0,0,1.0,1,1.0,1,1.0,1,0.09279297787710943,35
2697,1,4028,2241,1787,0,0,0,1.0,1,1.0,1,1.0,1,0.11148325538871819,35
2698,0,4028,2241,1787,0,0,0,1.0,1,1.0,1,1.0,1,0.0935443147917293,36
2699,2,4030,2242,1788,0,0,0,1.0,1,1.0,1,1.0,1,0.05097879509325072,36
2700,0,4030,2242,1788,0,0,0,1.0,1,1.0,1,1.0,1,0.06421639093237132,37
2701,0,4030,2242,1788,0,0,0,1.0,1,1.0,1,1.0,1,0.06421639093237132,37
2702,3,4033,2245,1788,0,0,0,1.0,1,1.0,1,1.0,1,0.13371460279180208,37
2703,1,4034,2246,1788,0,0,0,1.0,1,1.0,1,1.0,1,0.11270031212910551,38
2704,3,4037,2248,1789,0,0,0,1.0,1,1.0,1,1.0,1,0.1357967412464019,37
2705,1,4038,2249,1789,0,0,0,1.0,1,1.0,1,1.0,1,0.14520013506856652,36
2706,2,4040,2251,1789,0,0,0,1.0,1,1.0,1,1.0,1,0.18117273877028656,36
2707,1,4041,2252,1789,0,0,0,1.0,1,1.0,1,1.0,1,0.23653557788208274,35
2708,1,4042,2253,1789,0,0,0,1.0,1,1.0,1,1.0,1,0.2316010660699862,36
2709,2,4044,2255,1789,0,0,0,1.0,1,1.0,1,1.0,1,0.2742647223562623,32
2710,1,4045,2256,1789,0,0,0,1.0,1,1.0,1,1.0,1,0.26396182717465677,29
2711,2,4047,2258,1789,0,0,0,1.0,1,1.0,1,1.0,1,0.17805258287592443,29
2712,0,4047,2258,1789,0,0,0,1.0,1,1.0,1,1.0,1,0.1876738016342131,28
2713,0,4047,2258,1789,0,0,0,1.0,1,1.0,1,1.0,1,0.17112962712440558,28
2714,2,4049,2260,1789,0,0,0,1.0,1,1.0,1,1.0,1,0.13439505364653612,26
2715,0,4049,2260,1789,0,0,0,1.0,1,1.0,1,1.0,1,0.15168143121363942,24
2716,2,4051,2262,1789,0,0,0,1.0,1,1.0,1,1.0,1,0.11135830845170147,24
2717,4,4055,2266,1789,0,0,0,1.0,1,1.0,1,1.0,1,0.19284087688153848,25
2718,1,4056,2267,1789,0,0,0,1.0,1,1.0,1,1.0,1,0.2632410143470604,25
2719,2,4058,2269,1789,0,0,0,1.0,1,1.0,1,1.0,1,0.33728185021136864,25
2720,2,4060,2271,1789,0,0,0,1.0,1,1.0,1,1.0,1,0.42330343300770157,25
2721,8,4068,2274,1794,0,0,0,1.0,1,1.0,1,1.0,1,0.1262897909434536,25
2722,1,4069,2275,1794,0,0,0,1.0,1,1.0,1,1.0,1,0.16764573498028587,26
2723,0,4069,2275,1794,0,0,0,1.0,1,1.0,1,1.0,1,0.16764573498028587,26
2724,2,4071,2277,1794,0,0,0,1.0,1,1.0,1,1.0,1,0.17013954431705286,27
2725,1,4072,2277,1795,0,0,0,1.0,1,1.0,1,1.0,1,0.11943176887948015,28
2726,0,4072,2277,1795,0,0,0,1.0,1,1.0,1,1.0,1,0.11943176887948015,28
2727,0,4072,2277,1795,0,0,0,1.0,1,1.0,1,1.0,1,0.1248527463777733,29
2728,1,4073,2278,1795,0,0,0,1.0,1,1.0,1,1.0,1,0.09874919796024599,29
2729,0,4073,2278,1795,0,0,0,1.0,1,1.0,1,1.0,1,0.11006338167376398,29
2730,0,4073,2278,1795,0,0,0,1.0,1,1.0,1,1.0,1,0.11006338167376398,29
2731,0,4073,2278,1795,0,0,0,1.0,1,1.0,1,1.0,1,0.07999701826967179,30
2732,3,4076,2281,1795,0,0,0,1.0,1,1.0,1,1.0,1,0.03698798500209661,29
2733,1,4077,2282,1795,0,0,0,1.0,1,1.0,1,1.0,1,0.06567377224796617,29
2734,0,4077,2282,1795,0,0,0,1.0,1,1.0,1,1.0,1,0.06567377224796617,29
2735,1,4078,2283,1795,0,0,0,1.0,1,1.0,1,1.0,1,0.1235552438111646,29
2736,0,4078,2283,1795,0,0,0,1.0,1,1.0,1,1.0,1,0.14947439410445648,30
2737,1,4079,2283,1796,0,0,0,1.0,1,1.0,1,1.0,1,0.1311448920077502,30
2738,1,4080,2284,1796,0,0,0,1.0,1,1.0,1,1.0,1,0.16761556584803364,30
2739,0,4080,2284,1796,0,0,0,1.0,1,1.0,1,1.0,1,0.2054344321368577,29
2740,1,4081,2285,1796,0,0,0,1.0,1,1.0,1,1.0,1,0.22692688313302425,29
2741,5,4086,2285,1801,0,0,0,1.0,1,1.0,1,1.0,1,0.09946245963570945,28
2742,1,4087,2286,1801,0,0,0,1.0,1,1.0,1,1.0,1,0.13021326353388296,28
2743,2,4089,2287,1802,0,0,0,1.0,1,1.0,1,1.0,1,0.1739060073234486,29
2744,0,4089,2287,1802,0,0,0,1.0,1,1.0,1,1.0,1,0.133321614210531,27
2745,2,4091,2289,1802,0,0,0,1.0,1,1.0,1,1.0,1,0.19076647501084024,25
2746,0,4091,2289,1802,0,0,0,1.0,1,1.0,1,1.0,1,0.2009486928437806,25
2747,1,4092,2290,1802,0,0,0,1.0,1,1.0,1,1.0,1,0.21832572119629906,23
2748,0,4092,2290,1802,0,0,0,1.0,1,1.0,1,1.0,1,0.1909059049089515,22
2749,0,4092,2290,1802,0,0,0,1.0,1,1.0,1,1.0,1,0.2051723121713435,19
2750,0,4092,2290,1802,0,0,0,1.0,1,1.0,1,1.0,1,0.18272863932451983,18
2751,0,4092,2290,1802,0,0,0,1.0,1,1.0,1,1.0,1,0.2240138230127508,16
2752,1,4093,2291,1802,0,0,0,1.0,1,1.0,1,1.0,1,0.14230439233612466,15
2753,0,4093,2291,1802,0,0,0,1.0,1,1.0,1,1.0,1,0.14230439233612466,15
2754,0,4093,2291,1802,0,0,0,1.0,1,1.0,1,1.0,1,0.14230439233612466,15
2755,0,4093,2291,1802,0,0,0,1.0,1,1.0,1,1.0,1,0.14230439233612466,15
2756,0,4093,2291,1802,0,0,0,1.0,1,1.0,1,1.0,1,0.13671610594733424,16
2757,0,4093,2291,1802,0,0,0,1.0,1,1.0,1,1.0,1,0.08546955981592387,17
2758,0,4093,2291,1802,0,0,0,1.0,1,1.0,1,1.0,1,0.08546955981592387,17
2759,0,4093,2291,1802,0,0,0,1.0,1,1.0,1,1.0,1,0.08784784815344433,18
2760,0,4093,2291,1802,0,0,0,1.0,1,1.0,1,1.0,1,0.08784784815344433,18
2761,0,4093,2291,1802,0,0,0,1.0,1,1.0,1,1.0,1,0.08784784815344433,18
2762,0,4093,2291,1802,0,0,0,1.0,1,1.0,1,1.0,1,0.08784784815344433,18
2763,0,4093,2291,1802,0,0,0,1.0,1,1.0,1,1.0,1,0.08598675105538385,17
2764,2,4095,2293,1802,0,0,0,1.0,1,1.0,1,1.0,1,0.25835246837232245,17
2765,2,4097,2295,1802,0,0,0,1.0,1,1.0,1,1.0,1,0.22437664581283776,18
2766,0,4097,2295,1802,0,0,0,1.0,1,1.0,1,1.0,1,0.22437664581283776,18
2767,0,4097,2295,1802,0,0,0,1.0,1,1.0,1,1.0,1,0.22437664581283776,18
2768,1,4098,2296,1802,0,0,0,1.0,1,1.0,1,1.0,1,0.20204142109463616,18
2769,1,4099,2297,1802,0,0,0,1.0,1,1.0,1,1.0,1,0.21161662738528297,18
2770,1,4100,2298,1802,0,0,0,1.0,1,1.0,1,1.0,1,0.2423434236889614,18
2771,0,4100,2298,1802,0,0,0,1.0,1,1.0,1,1.0,1,0.2423434236889614,18
2772,0,4100,2298,1802,0,0,0,1.0,1,1.0,1,1.0,1,0.2423434236889614,18
2773,0,4100,2298,1802,0,0,0,1.0,1,1.0,1,1.0,1,0.2423434236889614,18
2774,0,4100,2298,1802,0,0,0,1.0,1,1.0,1,1.0,1,0.23681666526967038,20
2775,2,4102,2300,1802,0,0,0,1.0,1,1.0,1,1.0,1,0.2743177415364928,21
2776,1,4103,2301,1802,0,0,0,1.0,1,1.0,1,1.0,1,0.24973095130942893,21
2777,1,4104,2301,1803,0,0,0,1.0,1,1.0,1,1.0,1,0.1841081073521189,22
2778,1,4105,2302,1803,0,0,0,1.0,1,1.0,1,1.0,1,0.21099831881822073,24
2779,2,4107,2303,1804,0,0,0,1.0,1,1.0,1,1.0,1,0.20563096599922676,24
2780,1,4108,2303,1805,0,0,0,1.0,1,1.0,1,1.0,1,0.22842172507669092,24
2781,1,4109,2303,1806,0,0,0,1.0,1,1.0,1,1.0,1,0.184448235266547,24
2782,0,4109,2303,1806,0,0,0,1.0,1,1.0,1,1.0,1,0.184448235266547,24
2783,0,4109,2303,1806,0,0,0,1.0,1,1.0,1,1.0,1,0.184448235266547,24
2784,1,4110,2303,1807,0,0,0,1.0,1,1.0,1,1.0,1,0.2195173066460753,24
2785,0,4110,2303,1807,0,0,0,1.0,1,1.0,1,1.0,1,0.17220079091871515,22
2786,0,4110,2303,1807,0,0,0,1.0,1,1.0,1,1.0,1,0.24785962324346128,22
2787,1,4111,2304,1807,0,0,0,1.0,1,1.0,1,1.0,1,0.15268200680684385,21
2788,0,4111,2304,1807,0,0,0,1.0,1,1.0,1,1.0,1,0.14626385147408943,20
2789,1,4112,2305,1807,0,0,0,1.0,1,1.0,1,1.0,1,0.1794323882203737,20
2790,0,4112,2305,1807,0,0,0,1.0,1,1.0,1,1.0,1,0.2041729818204047,21
2791,0,4112,2305,1807,0,0,0,1.0,1,1.0,1,1.0,1,0.2041729818204047,21
2792,0,4112,2305,1807,0,0,0,1.0,1,1.0,1,1.0,1,0.2041729818204047,21
2793,0,4112,2305,1807,0,0,0,1.0,1,1.0,1,1.0,1,0.26513764480811974,18
2794,0,4112,2305,1807,0,0,0,1.0,1,1.0,1,1.0,1,0.26513764480811974,18
2795,1,4113,2306,1807,0,0,0,1.0,1,1.0,1,1.0,1,0.25423341205680433,20
2796,1,4114,2307,1807,0,0,0,1.0,1,1.0,1,1.0,1,0.22773177631124172,21
2797,0,4114,2307,1807,0,0,0,1.0,1,1.0,1,1.0,1,0.22773177631124172,21
2798,0,4114,2307,1807,0,0,0,1.0,1,1.0,1,1.0,1,0.22773177631124172,21
2799,1,4115,2307,1808,0,0,0,1.0,1,1.0,1,1.0,1,0.17084048844970465,22
2800,0,4115,2307,1808,0,0,0,1.0,1,1.0,1,1.0,1,0.17084048844970465,22
2801,3,4118,2309,1809,0,0,0,1.0,1,1.0,1,1.0,1,0.19700624461649335,22
2802,1,4119,2309,1810,0,0,0,1.0,1,1.0,1,1.0,1,0.1381871193858653,22
2803,1,4120,2310,1810,0,0,0,1.0,1,1.0,1,1.0,1,0.18221603028903818,22
2804,0,4120,2310,1810,0,0,0,1.0,1,1.0,1,1.0,1,0.20067571562241462,23
2805,0,4120,2310,1810,0,0,0,1.0,1,1.0,1,1.0,1,0.20067571562241462,23
2806,0,4120,2310,1810,0,0,0,1.0,1,1.0,1,1.0,1,0.20067571562241462,23
2807,0,4120,2310,1810,0,0,0,1.0,1,1.0,1,1.0,1,0.1796117663963411,24
2808,0,4120,2310,1810,0,0,0,1.0,1,1.0,1,1.0,1,0.1796117663963411,24
2809,1,4121,2310,1811,0,0,0,1.0,1,1.0,1,1.0,1,0.167236113580934,25
2810,0,4121,2310,1811,0,0,0,1.0,1,1.0,1,1.0,1,0.1825368328264676,24
2811,0,4121,2310,1811,0,0,0,1.0,1,1.0,1,1.0,1,0.2011997952603685,26
2812,0,4121,2310,1811,0,0,0,1.0,1,1.0,1,1.0,1,0.2011997952603685,26
2813,1,4122,2311,1811,0,0,0,1.0,1,1.0,1,1.0,1,0.16218311945092034,27
2814,2,4124,2313,1811,0,0,0,1.0,1,1.0,1,1.0,1,0.2394414025725918,29
2815,1,4125,2313,1812,0,0,0,1.0,1,1.0,1,1.0,1,0.19787725509739396,29
2816,2,4127,2315,1812,0,0,0,1.0,1,1.0,1,1.0,1,0.15146376421936272,29
2817,0,4127,2315,1812,0,0,0,1.0,1,1.0,1,1.0,1,0.15146376421936272,29
2818,2,4129,2316,1813,0,0,0,1.0,1,1.0,1,1.0,1,0.12953193906029886,29
2819,1,4130,2317,1813,0,0,0,1.0,1,1.0,1,1.0,1,0.1654360331226098,30
2820,1,4131,2318,1813,0,0,0,1.0,1,1.0,1,1.0,1,0.18622875212425166,30
2821,5,4136,2319,1817,0,0,0,1.0,1,1.0,1,1.0,1,0.06265241904788281,31
2822,0,4136,2319,1817,0,0,0,1.0,1,1.0,1,1.0,1,0.09041040361532103,30
2823,1,4137,2320,1817,0,0,0,1.0,1,1.0,1,1.0,1,0.05529411206882535,27
2824,0,4137,2320,1817,0,0,0,1.0,1,1.0,1,1.0,1,0.06450876200662113,28
2825,2,4139,2322,1817,0,0,0,1.0,1,1.0,1,1.0,1,0.0894561210036957,28
2826,1,4140,2323,1817,0,0,0,1.0,1,1.0,1,1.0,1,0.15421275624963796,27
2827,0,4140,2323,1817,0,0,0,1.0,1,1.0,1,1.0,1,0.17649392656404075,28
2828,0,4140,2323,1817,0,0,0,1.0,1,1.0,1,1.0,1,0.20368182506204185,28
2829,1,4141,2324,1817,0,0,0,1.0,1,1.0,1,1.0,1,0.1950487733239159,27
2830,1,4142,2325,1817,0,0,0,1.0,1,1.0,1,1.0,1,0.21455664210330386,27
2831,2,4144,2327,1817,0,0,0,1.0,1,1.0,1,1.0,1,0.23282883769306303,27
2832,2,4146,2327,1819,0,0,0,1.0,1,1.0,1,1.0,1,0.2512030289068481,27
2833,1,4147,2328,1819,0,0,0,1.0,1,1.0,1,1.0,1,0.2576974714107855,26
2834,1,4148,2329,1819,0,0,0,1.0,1,1.0,1,1.0,1,0.18518989360789515,26
2835,0,4148,2329,1819,0,0,0,1.0,1,1.0,1,1.0,1,0.16488737278885687,25
2836,1,4149,2330,1819,0,0,0,1.0,1,1.0,1,1.0,1,0.21823165181170992,27
2837,3,4152,2332,1820,0,0,0,1.0,1,1.0,1,1.0,1,0.23182781370442962,27
2838,0,4152,2332,1820,0,0,0,1.0,1,1.0,1,1.0,1,0.23182781370442962,27
2839,0,4152,2332,1820,0,0,0,1.0,1,1.0,1,1.0,1,0.228100207267774,29
2840,1,4153,2333,1820,0,0,0,1.0,1,1.0,1,1.0,1,0.24792428684096535,29
2841,3,4156,2333,1823,0,0,0,1.0,1,1.0,1,1.0,1,0.17695930542069133,31
2842,0,4156,2333,1823,0,0,0,1.0,1,1.0,1,1.0,1,0.17695930542069133,31
2843,1,4157,2333,1824,0,0,0,1.0,1,1.0,1,1.0,1,0.10864291618700274,32
2844,3,4160,2336,1824,0,0,0,1.0,1,1.0,1,1.0,1,0.07802996521865782,33
2845,1,4161,2336,1825,0,0,0,1.0,1,1.0,1,1.0,1,0.07364575905711127,32
2846,2,4163,2338,1825,0,0,0,1.0,1,1.0,1,1.0,1,0.07570533843848272,33
2847,2,4165,2339,1826,0,0,0,1.0,1,1.0,1,1.0,1,0.13671508635531615,32
2848,3,4168,2341,1827,0,0,0,1.0,1,1.0,1,1.0,1,0.1575741313919139,33
2849,0,4168,2341,1827,0,0,0,1.0,1,1.0,1,1.0,1,0.17352165497187463,34
2850,2,4170,2343,1827,0,0,0,1.0,1,1.0,1,1.0,1,0.10029428159453546,34
2851,0,4170,2343,1827,0,0,0,1.0,1,1.0,1,1.0,1,0.10029428159453546,34
2852,6,4176,2348,1828,0,0,0,1.0,1,1.0,1,1.0,1,0.12262854332713824,35
2853,1,4177,2348,1829,0,0,0,1.0,1,1.0,1,1.0,1,0.09303346422447238,36
2854,0,4177,2348,1829,0,0,0,1.0,1,1.0,1,1.0,1,0.08362143053102232,37
2855,8,4185,2349,1836,0,0,0,1.0,1,1.0,1,1.0,1,0.07982465606414674,38
2856,7,4192,2350,1842,0,0,0,1.0,1,1.0,1,1.0,1,0.044938965553370375,38
2857,5,4197,2351,1846,0,0,0,1.0,1,1.0,1,1.0,1,0.1765580338161222,39
2858,8,4205,2351,1854,0,0,0,1.0,1,1.0,1,1.0,1,0.178413618442203,40
2859,8,4213,2353,1860,0,0,0,1.0,1,1.0,1,1.0,1,0.19309503247855003,40
2860,4,4217,2354,1863,0,0,0,1.0,1,1.0,1,1.0,1,0.11903535508232939,40
2861,3,4220,2356,1864,0,0,0,1.0,1,1.0,1,1.0,1,0.0979878185282215,38
2862,2,4222,2357,1865,0,0,0,1.0,1,1.0,1,1.0,1,0.14913685207542046,38
2863,3,4225,2360,1865,0,0,0,1.0,1,1.0,1,1.0,1,0.15004896233785156,38
2864,2,4227,2362,1865,0,0,0,1.0,1,1.0,1,1.0,1,0.17675278142138093,36
2865,2,4229,2364,1865,0,0,0,1.0,1,1.0,1,1.0,1,0.18085544172036014,34
2866,0,4229,2364,1865,0,0,0,1.0,1,1.0,1,1.0,1,0.14444869107281824,31
2867,1,4230,2365,1865,0,0,0,1.0,1,1.0,1,1.0,1,0.13555983534926744,30
2868,2,4232,2367,1865,0,0,0,1.0,1,1.0,1,1.0,1,0.18377895424696572,27
2869,0,4232,2367,1865,0,0,0,1.0,1,1.0,1,1.0,1,0.20234387179107882,27
2870,1,4233,2368,1865,0,0,0,1.0,1,1.0,1,1.0,1,0.2321751811276038,25
2871,0,4233,2368,1865,0,0,0,1.0,1,1.0,1,1.0,1,0.23207158668649863,25
2872,1,4234,2369,1865,0,0,0,1.0,1,1.0,1,1.0,1,0.27211411983898326,23
2873,0,4234,2369,1865,0,0,0,1.0,1,1.0,1,1.0,1,0.2917831795470706,24
2874,0,4234,2369,1865,0,0,0,1.0,1,1.0,1,1.0,1,0.3045008960473111,24
2875,0,4234,2369,1865,0,0,0,1.0,1,1.0,1,1.0,1,0.3499971473502589,23
2876,1,4235,2370,1865,0,0,0,1.0,1,1.0,1,1.0,1,0.3835529136450626,24
2877,2,4237,2372,1865,0,0,0,1.0,1,1.0,1,1.0,1,0.3274176738340759,24
2878,1,4238,2373,1865,0,0,0,1.0,1,1.0,1,1.0,1,0.34652484929947047,24
2879,3,4241,2375,1866,0,0,0,1.0,1,1.0,1,1.0,1,0.3961891057693364,25
2880,0,4241,2375,1866,0,0,0,1.0,1,1.0,1,1.0,1,0.3905510645906777,26
2881,4,4245,2375,1870,0,0,0,1.0,1,1.0,1,1.0,1,0.23439859212038958,26
2882,0,4245,2375,1870,0,0,0,1.0,1,1.0,1,1.0,1,0.2083202510231081,27
2883,1,4246,2375,1871,0,0,0,1.0,1,1.0,1,1.0,1,0.17913591494696904,28
2884,2,4248,2375,1873,0,0,0,1.0,1,1.0,1,1.0,1,0.1810992433609701,29
2885,1,4249,2375,1874,0,0,0,1.0,1,1.0,1,1.0,1,0.15811020875709353,31
2886,2,4251,2376,1875,0,0,0,1.0,1,1.0,1,1.0,1,0.15672927236937156,31
2887,0,4251,2376,1875,0,0,0,1.0,1,1.0,1,1.0,1,0.1316048715535411,33
2888,3,4254,2378,1876,0,0,0,1.0,1,1.0,1,1.0,1,0.14801885433209971,34
2889,3,4257,2380,1877,0,0,0,1.0,1,1.0,1,1.0,1,0.16674712492198576,35
2890,2,4259,2380,1879,0,0,0,1.0,1,1.0,1,1.0,1,0.16674712492198576,35
2891,2,4261,2380,1881,0,0,0,1.0,1,1.0,1,1.0,1,0.1595814377011633,35
2892,4,4265,2382,1883,0,0,0,1.0,1,1.0,1,1.0,1,0.17501209994441505,35
2893,5,4270,2382,1888,0,0,0,1.0,1,1.0,1,1.0,1,0.19439491108726747,37
2894,4,4274,2382,1892,0,0,0,1.0,1,1.0,1,1.0,1,0.24184371733676607,37
2895,3,4277,2382,1895,0,0,0,1.0,1,1.0,1,1.0,1,0.20220638705085742,37
2896,6,4283,2383,1900,0,0,0,1.0,1,1.0,1,1.0,1,0.2882514848085531,38
2897,4,4287,2383,1904,0,0,0,1.0,1,1.0,1,1.0,1,0.26921838852239294,37
2898,6,4293,2383,1910,0,0,0,1.0,1,1.0,1,1.0,1,0.3338415958595163,38
2899,5,4298,2384,1914,0,0,0,1.0,1,1.0,1,1.0,1,0.27709942997009107,37
2900,4,4302,2384,1918,0,0,0,1.0,1,1.0,1,1.0,1,0.3140559553155774,36
2901,4,4306,2384,1922,0,0,0,1.0,1,1.0,1,1.0,1,0.213396204537644,37
2902,0,4306,2384,1922,0,0,0,1.0,1,1.0,1,1.0,1,0.18920999145151604,35
2903,0,4306,2384,1922,0,0,0,1.0,1,1.0,1,1.0,1,0.20052302280557455,35
2904,0,4306,2384,1922,0,0,0,1.0,1,1.0,1,1.0,1,0.19682548694031973,33
2905,0,4306,2384,1922,0,0,0,1.0,1,1.0,1,1.0,1,0.21172080960049638,34
2906,2,4308,2386,1922,0,0,0,1.0,1,1.0,1,1.0,1,0.2997058388062487,34
2907,0,4308,2386,1922,0,0,0,1.0,1,1.0,1,1.0,1,0.2873824992838072,35
2908,0,4308,2386,1922,0,0,0,1.0,1,1.0,1,1.0,1,0.2862164795883997,36
2909,0,4308,2386,1922,0,0,0,1.0,1,1.0,1,1.0,1,0.27427062492966997,38
2910,0,4308,2386,1922,0,0,0,1.0,1,1.0,1,1.0,1,0.27427062492966997,38
2911,1,4309,2387,1922,0,0,0,1.0,1,1.0,1,1.0,1,0.29585812025842784,37
2912,0,4309,2387,1922,0,0,0,1.0,1,1.0,1,1.0,1,0.29585812025842784,37
2913,2,4311,2387,1924,0,0,0,1.0,1,1.0,1,1.0,1,0.27099909437173925,38
2914,0,4311,2387,1924,0,0,0,1.0,1,1.0,1,1.0,1,0.27099909437173925,38
2915,2,4313,2387,1926,0,0,0,1.0,1,1.0,1,1.0,1,0.23466304744803074,39
2916,2,4315,2387,1928,0,0,0,1.0,1,1.0,1,1.0,1,0.2258567732925672,40
2917,1,4316,2387,1929,0,0,0,1.0,1,1.0,1,1.0,1,0.20111105900859338,41
2918,0,4316,2387,1929,0,0,0,1.0,1,1.0,1,1.0,1,0.222233415356882,41
2919,0,4316,2387,1929,0,0,0,1.0,1,1.0,1,1.0,1,0.222233415356882,41
2920,2,4318,2387,1931,0,0,0,1.0,1,1.0,1,1.0,1,0.21777374068489316,43
2921,1,4319,2387,1932,0,0,0,1.0,1,1.0,1,1.0,1,0.20700471776078325,42
2922,0,4319,2387,1932,0,0,0,1.0,1,1.0,1,1.0,1,0.18365389183957784,43
2923,0,4319,2387,1932,0,0,0,1.0,1,1.0,1,1.0,1,0.19392105834607612,44
2924,0,4319,2387,1932,0,0,0,1.0,1,1.0,1,1.0,1,0.16705287171561897,45
2925,1,4320,2388,1932,0,0,0,1.0,1,1.0,1,1.0,1,0.20912065982339237,45
2926,2,4322,2389,1933,0,0,0,1.0,1,1.0,1,1.0,1,0.15189248347793502,47
2927,1,4323,2389,1934,0,0,0,1.0,1,1.0,1,1.0,1,0.14484881964625695,47
2928,1,4324,2390,1934,0,0,0,1.0,1,1.0,1,1.0,1,0.16848114924492447,48
2929,0,4324,2390,1934,0,0,0,1.0,1,1.0,1,1.0,1,0.16848114924492447,48
2930,0,4324,2390,1934,0,0,0,1.0,1,1.0,1,1.0,1,0.16808787355511395,50
2931,0,4324,2390,1934,0,0,0,1.0,1,1.0,1,1.0,1,0.16195850922878868,51
2932,0,4324,2390,1934,0,0,0,1.0,1,1.0,1,1.0,1,0.16195850922878868,51
2933,1,4325,2390,1935,0,0,0,1.0,1,1.0,1,1.0,1,0.1636802103862461,52
2934,1,4326,2390,1936,0,0,0,1.0,1,1.0,1,1.0,1,0.159549512829651,52
2935,1,4327,2390,1937,0,0,0,1.0,1,1.0,1,1.0,1,0.18354437376699448,51
2936,2,4329,2391,1938,0,0,0,1.0,1,1.0,1,1.0,1,0.20034585496403076,49
2937,2,4331,2391,1940,0,0,0,1.0,1,1.0,1,1.0,1,0.19124410640017528,50
2938,4,4335,2392,1943,0,0,0,1.0,1,1.0,1,1.0,1,0.21563469540337746,50
2939,0,4335,2392,1943,0,0,0,1.0,1,1.0,1,1.0,1,0.20523565788794404,51
2940,1,4336,2393,1943,0,0,0,1.0,1,1.0,1,1.0,1,0.21901824691117566,52
2941,6,4342,2395,1947,0,0,0,1.0,1,1.0,1,1.0,1,0.21233835516507457,53
2942,0,4342,2395,1947,0,0,0,1.0,1,1.0,1,1.0,1,0.21166373459200752,52
2943,2,4344,2397,1947,0,0,0,1.0,1,1.0,1,1.0,1,0.2481761150099534,51
2944,0,4344,2397,1947,0,0,0,1.0,1,1.0,1,1.0,1,0.2285633860767224,52
2945,2,4346,2398,1948,0,0,0,1.0,1,1.0,1,1.0,1,0.22004790816975905,50
2946,0,4346,2398,1948,0,0,0,1.0,1,1.0,1,1.0,1,0.23054610692201075,51
2947,1,4347,2399,1948,0,0,0,1.0,1,1.0,1,1.0,1,0.22702492216889597,50
2948,1,4348,2400,1948,0,0,0,1.0,1,1.0,1,1.0,1,0.215401831831209,50
2949,0,4348,2400,1948,0,0,0,1.0,1,1.0,1,1.0,1,0.2049437060483781,49
2950,0,4348,2400,1948,0,0,0,1.0,1,1.0,1,1.0,1,0.21422735545362806,48
2951,0,4348,2400,1948,0,0,0,1.0,1,1.0,1,1.0,1,0.2196429401146535,48
2952,0,4348,2400,1948,0,0,0,1.0,1,1.0,1,1.0,1,0.22917560776713597,46
2953,0,4348,2400,1948,0,0,0,1.0,1,1.0,1,1.0,1,0.22917560776713597,46
2954,2,4350,2401,1949,0,0,0,1.0,1,1.0,1,1.0,1,0.24061761736603735,48
2955,2,4352,2401,1951,0,0,0,1.0,1,1.0,1,1.0,1,0.2105857891628623,48
2956,1,4353,2401,1952,0,0,0,1.0,1,1.0,1,1.0,1,0.219130760714416,47
2957,3,4356,2403,1953,0,0,0,1.0,1,1.0,1,1.0,1,0.16984760593148884,48
2958,3,4359,2404,1955,0,0,0,1.0,1,1.0,1,1.0,1,0.1124950306943963,49
2959,2,4361,2406,1955,0,0,0,1.0,1,1.0,1,1.0,1,0.08390248373980959,49
2960,2,4363,2408,1955,0,0,0,1.0,1,1.0,1,1.0,1,0.05911911562027167,49
2961,2,4365,2410,1955,0,0,0,1.0,1,1.0,1,1.0,1,0.03627164776975905,51
2962,2,4367,2412,1955,0,0,0,1.0,1,1.0,1,1.0,1,0.050197447297743045,51
2963,3,4370,2414,1956,0,0,0,1.0,1,1.0,1,1.0,1,0.05771093315482975,51
2964,2,4372,2415,1957,0,0,0,1.0,1,1.0,1,1.0,1,0.07359753814952708,52
2965,2,4374,2417,1957,0,0,0,1.0,1,1.0,1,1.0,1,0.08414174273466156,53
2966,2,4376,2418,1958,0,0,0,1.0,1,1.0,1,1.0,1,0.07433486427611118,53
2967,0,4376,2418,1958,0,0,0,1.0,1,1.0,1,1.0,1,0.06611181232016677,53
2968,1,4377,2418,1959,0,0,0,1.0,1,1.0,1,1.0,1,0.03888361079322923,54
2969,1,4378,2419,1959,0,0,0,1.0,1,1.0,1,1.0,1,0.0455879918904448,55
2970,1,4379,2419,1960,0,0,0,1.0,1,1.0,1,1.0,1,0.03249596867899308,55
2971,0,4379,2419,1960,0,0,0,1.0,1,1.0,1,1.0,1,0.03249596867899308,55
2972,1,4380,2420,1960,0,0,0,1.0,1,1.0,1,1.0,1,0.04818509646566872,55
2973,0,4380,2420,1960,0,0,0,1.0,1,1.0,1,1.0,1,0.05715921244286701,55
2974,0,4380,2420,1960,0,0,0,1.0,1,1.0,1,1.0,1,0.058716844984002974,56
2975,0,4380,2420,1960,0,0,0,1.0,1,1.0,1,1.0,1,0.05627348250055801,55
2976,0,4380,2420,1960,0,0,0,1.0,1,1.0,1,1.0,1,0.0560556801314012,57
2977,0,4380,2420,1960,0,0,0,1.0,1,1.0,1,1.0,1,0.07650387824791802,59
2978,3,4383,2422,1961,0,0,0,1.0,1,1.0,1,1.0,1,0.07020140465386482,59
2979,1,4384,2423,1961,0,0,0,1.0,1,1.0,1,1.0,1,0.09017557644295358,59
2980,4,4388,2426,1962,0,0,0,1.0,1,1.0,1,1.0,1,0.10552998171432046,59
2981,4,4392,2428,1964,0,0,0,1.0,1,1.0,1,1.0,1,0.10463203416160696,59
2982,3,4395,2429,1966,0,0,0,1.0,1,1.0,1,1.0,1,0.09698823112115496,61
2983,5,4400,2432,1968,0,0,0,1.0,1,1.0,1,1.0,1,0.07368742931050253,61
2984,3,4403,2434,1969,0,0,0,1.0,1,1.0,1,1.0,1,0.08547712796516652,61
2985,4,4407,2438,1969,0,0,0,1.0,1,1.0,1,1.0,1,0.056218199521643863,57
2986,4,4411,2441,1970,0,0,0,1.0,1,1.0,1,1.0,1,0.07851464373336227,58
2987,1,4412,2442,1970,0,0,0,1.0,1,1.0,1,1.0,1,0.08183668962803266,56
2988,6,4418,2448,1970,0,0,0,1.0,1,1.0,1,1.0,1,0.07352116680060988,55
2989,3,4421,2450,1971,0,0,0,1.0,1,1.0,1,1.0,1,0.07591614856330763,53
2990,7,4428,2453,1975,0,0,0,1.0,1,1.0,1,1.0,1,0.10930467071577966,52
2991,3,4431,2455,1976,0,0,0,1.0,1,1.0,1,1.0,1,0.09775198545640093,54
2992,1,4432,2455,1977,0,0,0,1.0,1,1.0,1,1.0,1,0.1225676522620015,55
2993,4,4436,2457,1979,0,0,0,1.0,1,1.0,1,1.0,1,0.10064453181559822,53
2994,2,4438,2457,1981,0,0,0,1.0,1,1.0,1,1.0,1,0.13036096923732088,53
2995,0,4438,2457,1981,0,0,0,1.0,1,1.0,1,1.0,1,0.15614746530374277,51
2996,2,4440,2458,1982,0,0,0,1.0,1,1.0,1,1.0,1,0.15449317602321516,52
2997,2,4442,2459,1983,0,0,0,1.0,1,1.0,1,1.0,1,0.17988432670834817,50
2998,3,4445,2460,1985,0,0,0,1.0,1,1.0,1,1.0,1,0.14844030907932462,51
2999,2,4447,2460,1987,0,0,0,1.0,1,1.0,1,1.0,1,0.187812684840757,48
3000,2,4449,2461,1988,0,0,0,1.0,1,1.0,1,1.0,1,0.19741227027712688,48
3001,5,4454,2461,1993,0,0,0,1.0,1,1.0,1,1.0,1,0.09574696982678088,49
3002,1,4455,2462,1993,0,0,0,1.0,1,1.0,1,1.0,1,0.11685116006357209,50
3003,0,4455,2462,1993,0,0,0,1.0,1,1.0,1,1.0,1,0.11685116006357209,50
3004,0,4455,2462,1993,0,0,0,1.0,1,1.0,1,1.0,1,0.1054192663169822,51
3005,0,4455,2462,1993,0,0,0,1.0,1,1.0,1,1.0,1,0.1027982216226232,50
3006,0,4455,2462,1993,0,0,0,1.0,1,1.0,1,1.0,1,0.11797041875828669,51
3007,0,4455,2462,1993,0,0,0,1.0,1,1.0,1,1.0,1,0.11689148220842371,51
3008,3,4458,2462,1996,0,0,0,1.0,1,1.0,1,1.0,1,0.08373121260596826,53
3009,0,4458,2462,1996,0,0,0,1.0,1,1.0,1,1.0,1,0.10051008890562964,52
3010,0,4458,2462,1996,0,0,0,1.0,1,1.0,1,1.0,1,0.10051008890562964,52
3011,2,4460,2464,1996,0,0,0,1.0,1,1.0,1,1.0,1,0.12741888951983768,51
3012,1,4461,2464,1997,0,0,0,1.0,1,1.0,1,1.0,1,0.11820392601140933,54
3013,4,4465,2467,1998,0,0,0,1.0,1,1.0,1,1.0,1,0.07441119239080511,52
3014,2,4467,2469,1998,0,0,0,1.0,1,1.0,1,1.0,1,0.09985691476989798,51
3015,2,4469,2471,1998,0,0,0,1.0,1,1.0,1,1.0,1,0.10999569746264305,50
3016,2,4471,2473,1998,0,0,0,1.0,1,1.0,1,1.0,1,0.12347669094047607,50
3017,3,4474,2476,1998,0,0,0,1.0,1,1.0,1,1.0,1,0.16625494611610112,48
3018,2,4476,2478,1998,0,0,0,1.0,1,1.0,1,1.0,1,0.16179490341890143,48
3019,1,4477,2479,1998,0,0,0,1.0,1,1.0,1,1.0,1,0.16024049425365638,47
3020,2,4479,2481,1998,0,0,0,1.0,1,1.0,1,1.0,1,0.1618741788985684,47
3021,4,4483,2484,1999,0,0,0,1.0,1,1.0,1,1.0,1,0.12372555962476278,46
3022,2,4485,2486,1999,0,0,0,1.0,1,1.0,1,1.0,1,0.16152421129068578,45
3023,3,4488,2489,1999,0,0,0,1.0,1,1.0,1,1.0,1,0.1330337189901984,41
3024,3,4491,2492,1999,0,0,0,1.0,1,1.0,1,1.0,1,0.17067272670405603,43
3025,1,4492,2493,1999,0,0,0,1.0,1,1.0,1,1.0,1,0.22822634798916494,39
3026,1,4493,2494,1999,0,0,0,1.0,1,1.0,1,1.0,1,0.2552507789219593,38
3027,2,4495,2495,2000,0,0,0,1.0,1,1.0,1,1.0,1,0.2434355671264995,38
3028,1,4496,2496,2000,0,0,0,1.0,1,1.0,1,1.0,1,0.27830807902133864,38
3029,1,4497,2497,2000,0,0,0,1.0,1,1.0,1,1.0,1,0.3121984993636173,37
3030,0,4497,2497,2000,0,0,0,1.0,1,1.0,1,1.0,1,0.310804551353354,38
3031,2,4499,2499,2000,0,0,0,1.0,1,1.0,1,1.0,1,0.29190261985335964,39
3032,0,4499,2499,2000,0,0,0,1.0,1,1.0,1,1.0,1,0.29190261985335964,39
3033,0,4499,2499,2000,0,0,0,1.0,1,1.0,1,1.0,1,0.29492761580027405,39
3034,0,4499,2499,2000,0,0,0,1.0,1,1.0,1,1.0,1,0.2959737541363437,38
3035,0,4499,2499,2000,0,0,0,1.0,1,1.0,1,1.0,1,0.2713364901924507,39
3036,0,4499,2499,2000,0,0,0,1.0,1,1.0,1,1.0,1,0.25750152157549727,39
3037,0,4499,2499,2000,0,0,0,1.0,1,1.0,1,1.0,1,0.2697453464008183,39
3038,1,4500,2500,2000,0,0,0,1.0,1,1.0,1,1.0,1,0.2591192646842228,40
3039,2,4502,2501,2001,0,0,0,1.0,1,1.0,1,1.0,1,0.26225086131323444,41
3040,4,4506,2503,2003,0,0,0,1.0,1,1.0,1,1.0,1,0.24386533975942104,42
3041,3,4509,2504,2005,0,0,0,1.0,1,1.0,1,1.0,1,0.1766148973331228,43
3042,1,4510,2505,2005,0,0,0,1.0,1,1.0,1,1.0,1,0.17472835394726527,45
3043,3,4513,2506,2007,0,0,0,1.0,1,1.0,1,1.0,1,0.14415663061226375,45
3044,3,4516,2508,2008,0,0,0,1.0,1,1.0,1,1.0,1,0.12473710681351173,45
3045,1,4517,2508,2009,0,0,0,1.0,1,1.0,1,1.0,1,0.09843084746198194,45
3046,0,4517,2508,2009,0,0,0,1.0,1,1.0,1,1.0,1,0.10893230593345893,46
3047,0,4517,2508,2009,0,0,0,1.0,1,1.0,1,1.0,1,0.10893230593345893,46
3048,1,4518,2509,2009,0,0,0,1.0,1,1.0,1,1.0,1,0.10884571867443678,49
3049,2,4520,2510,2010,0,0,0,1.0,1,1.0,1,1.0,1,0.09657439475013954,50
3050,0,4520,2510,2010,0,0,0,1.0,1,1.0,1,1.0,1,0.09657439475013954,50
3051,3,4523,2512,2011,0,0,0,1.0,1,1.0,1,1.0,1,0.1276089348755806,50
3052,1,4524,2512,2012,0,0,0,1.0,1,1.0,1,1.0,1,0.13436337934141115,50
3053,2,4526,2514,2012,0,0,0,1.0,1,1.0,1,1.0,1,0.15107978237838582,49
3054,1,4527,2515,2012,0,0,0,1.0,1,1.0,1,1.0,1,0.16183005582058715,47
3055,2,4529,2516,2013,0,0,0,1.0,1,1.0,1,1.0,1,0.18291532264531898,48
3056,4,4533,2519,2014,0,0,0,1.0,1,1.0,1,1.0,1,0.17697657687431176,47
3057,1,4534,2520,2014,0,0,0,1.0,1,1.0,1,1.0,1,0.20591674023792567,48
3058,7,4541,2522,2019,0,0,0,1.0,1,1.0,1,1.0,1,0.20009957096701728,46
3059,4,4545,2522,2023,0,0,0,1.0,1,1.0,1,1.0,1,0.16454013287037497,44
3060,3,4548,2522,2026,0,0,0,1.0,1,1.0,1,1.0,1,0.16356642257802595,44
3061,5,4553,2522,2031,0,0,0,1.0,1,1.0,1,1.0,1,0.05254197284526407,42
3062,2,4555,2523,2032,0,0,0,1.0,1,1.0,1,1.0,1,0.02057297329852365,42
3063,3,4558,2526,2032,0,0,0,1.0,1,1.0,1,1.0,1,0.0921291338820756,41
3064,1,4559,2526,2033,0,0,0,1.0,1,1.0,1,1.0,1,0.07940623525757798,42
3065,0,4559,2526,2033,0,0,0,1.0,1,1.0,1,1.0,1,0.11369180637655718,40
3066,0,4559,2526,2033,0,0,0,1.0,1,1.0,1,1.0,1,0.1053864573043646,42
3067,2,4561,2528,2033,0,0,0,1.0,1,1.0,1,1.0,1,0.15262879806477997,40
3068,2,4563,2530,2033,0,0,0,1.0,1,1.0,1,1.0,1,0.15650922073093407,39
3069,0,4563,2530,2033,0,0,0,1.0,1,1.0,1,1.0,1,0.1894375598445298,38
3070,0,4563,2530,2033,0,0,0,1.0,1,1.0,1,1.0,1,0.2057490299339829,39
3071,0,4563,2530,2033,0,0,0,1.0,1,1.0,1,1.0,1,0.22417122692435537,39
3072,1,4564,2531,2033,0,0,0,1.0,1,1.0,1,1.0,1,0.27260447830026485,40
3073,2,4566,2533,2033,0,0,0,1.0,1,1.0,1,1.0,1,0.32743318828245255,38
3074,0,4566,2533,2033,0,0,0,1.0,1,1.0,1,1.0,1,0.292520343388379,38
3075,2,4568,2534,2034,0,0,0,1.0,1,1.0,1,1.0,1,0.31420197156758867,41
3076,1,4569,2535,2034,0,0,0,1.0,1,1.0,1,1.0,1,0.30032389845376145,42
3077,1,4570,2535,2035,0,0,0,1.0,1,1.0,1,1.0,1,0.3129721341566857,42
3078,1,4571,2535,2036,0,0,0,1.0,1,1.0,1,1.0,1,0.2979540827488279,42
3079,1,4572,2536,2036,0,0,0,1.0,1,1.0,1,1.0,1,0.28660581872495955,42
3080,0,4572,2536,2036,0,0,0,1.0,1,1.0,1,1.0,1,0.26802344540400186,43
3081,4,4576,2536,2040,0,0,0,1.0,1,1.0,1,1.0,1,0.19003742232075288,44
3082,2,4578,2537,2041,0,0,0,1.0,1,1.0,1,1.0,1,0.19026721357626022,45
3083,0,4578,2537,2041,0,0,0,1.0,1,1.0,1,1.0,1,0.19026721357626022,45
3084,2,4580,2538,2042,0,0,0,1.0,1,1.0,1,1.0,1,0.16653664413614347,45
3085,0,4580,2538,2042,0,0,0,1.0,1,1.0,1,1.0,1,0.19338934018489293,46
3086,1,4581,2539,2042,0,0,0,1.0,1,1.0,1,1.0,1,0.18427113285354071,46
3087,2,4583,2541,2042,0,0,0,1.0,1,1.0,1,1.0,1,0.19459308454562427,47
3088,4,4587,2542,2045,0,0,0,1.0,1,1.0,1,1.0,1,0.20932985670394108,48
3089,1,4588,2542,2046,0,0,0,1.0,1,1.0,1,1.0,1,0.17802289157621204,46
3090,2,4590,2542,2048,0,0,0,1.0,1,1.0,1,1.0,1,0.1614671555000469,46
3091,2,4592,2542,2050,0,0,0,1.0,1,1.0,1,1.0,1,0.13464856171448947,46
3092,1,4593,2543,2050,0,0,0,1.0,1,1.0,1,1.0,1,0.13301259698827955,47
3093,0,4593,2543,2050,0,0,0,1.0,1,1.0,1,1.0,1,0.11681831918757218,47
3094,0,4593,2543,2050,0,0,0,1.0,1,1.0,1,1.0,1,0.08430106173678216,45
3095,2,4595,2545,2050,0,0,0,1.0,1,1.0,1,1.0,1,0.055165277975367605,46
3096,0,4595,2545,2050,0,0,0,1.0,1,1.0,1,1.0,1,0.05880822912565913,46
3097,2,4597,2547,2050,0,0,0,1.0,1,1.0,1,1.0,1,0.08435025301280404,47
3098,2,4599,2548,2051,0,0,0,1.0,1,1.0,1,1.0,1,0.0817109915316863,47
3099,0,4599,2548,2051,0,0,0,1.0,1,1.0,1,1.0,1,0.0817109915316863,47
3100,0,4599,2548,2051,0,0,0,1.0,1,1.0,1,1.0,1,0.0817109915316863,47
3101,1,4600,2548,2052,0,0,0,1.0,1,1.0,1,1.0,1,0.07743807761300843,48
3102,1,4601,2549,2052,0,0,0,1.0,1,1.0,1,1.0,1,0.06517011601642098,48
3103,0,4601,2549,2052,0,0,0,1.0,1,1.0,1,1.0,1,0.08544275587080198,49
3104,1,4602,2550,2052,0,0,0,1.0,1,1.0,1,1.0,1,0.1156133095796227,48
3105,2,4604,2552,2052,0,0,0,1.0,1,1.0,1,1.0,1,0.16091109492167868,45
3106,2,4606,2553,2053,0,0,0,1.0,1,1.0,1,1.0,1,0.1908811218348689,46
3107,2,4608,2555,2053,0,0,0,1.0,1,1.0,1,1.0,1,0.21408944518262385,44
3108,1,4609,2556,2053,0,0,0,1.0,1,1.0,1,1.0,1,0.21465777347637485,45
3109,0,4609,2556,2053,0,0,0,1.0,1,1.0,1,1.0,1,0.23309827572264297,44
3110,5,4614,2561,2053,0,0,0,1.0,1,1.0,1,1.0,1,0.18402517305283567,46
3111,0,4614,2561,2053,0,0,0,1.0,1,1.0,1,1.0,1,0.18402517305283567,46
3112,0,4614,2561,2053,0,0,0,1.0,1,1.0,1,1.0,1,0.194924698219004,47
3113,2,4616,2562,2054,0,0,0,1.0,1,1.0,1,1.0,1,0.18801085581574145,48
3114,0,4616,2562,2054,0,0,0,1.0,1,1.0,1,1.0,1,0.18957121025156087,48
3115,0,4616,2562,2054,0,0,0,1.0,1,1.0,1,1.0,1,0.20492777500894324,49
3116,0,4616,2562,2054,0,0,0,1.0,1,1.0,1,1.0,1,0.21657126133668653,48
3117,3,4619,2564,2055,0,0,0,1.0,1,1.0,1,1.0,1,0.21073813257796822,49
3118,1,4620,2564,2056,0,0,0,1.0,1,1.0,1,1.0,1,0.19889155764966665,50
3119,0,4620,2564,2056,0,0,0,1.0,1,1.0,1,1.0,1,0.19889155764966665,50
3120,1,4621,2565,2056,0,0,0,1.0,1,1.0,1,1.0,1,0.214613751668561,50
3121,6,4627,2567,2060,0,0,0,1.0,1,1.0,1,1.0,1,0.16177151929522868,50
3122,0,4627,2567,2060,0,0,0,1.0,1,1.0,1,1.0,1,0.16177151929522868,50
3123,2,4629,2569,2060,0,0,0,1.0,1,1.0,1,1.0,1,0.1645804471681052,51
3124,3,4632,2570,2062,0,0,0,1.0,1,1.0,1,1.0,1,0.1653879607219053,51
3125,1,4633,2571,2062,0,0,0,1.0,1,1.0,1,1.0,1,0.17650144310045823,51
3126,3,4636,2572,2064,0,0,0,1.0,1,1.0,1,1.0,1,0.1427272631818592,54
3127,2,4638,2574,2064,0,0,0,1.0,1,1.0,1,1.0,1,0.1582477918997399,53
3128,0,4638,2574,2064,0,0,0,1.0,1,1.0,1,1.0,1,0.14291304371579241,52
3129,2,4640,2576,2064,0,0,0,1.0,1,1.0,1,1.0,1,0.17053091083818772,51
3130,0,4640,2576,2064,0,0,0,1.0,1,1.0,1,1.0,1,0.15715250057423835,50
3131,2,4642,2578,2064,0,0,0,1.0,1,1.0,1,1.0,1,0.1990687453034049,50
3132,2,4644,2578,2066,0,0,0,1.0,1,1.0,1,1.0,1,0.15640041073112257,49
3133,0,4644,2578,2066,0,0,0,1.0,1,1.0,1,1.0,1,0.15640041073112257,49
3134,1,4645,2579,2066,0,0,0,1.0,1,1.0,1,1.0,1,0.14727358981510258,46
3135,2,4647,2581,2066,0,0,0,1.0,1,1.0,1,1.0,1,0.18778835855394724,47
3136,1,4648,2582,2066,0,0,0,1.0,1,1.0,1,1.0,1,0.16655725493408738,46
3137,2,4650,2584,2066,0,0,0,1.0,1,1.0,1,1.0,1,0.19168437600334842,49
3138,1,4651,2585,2066,0,0,0,1.0,1,1.0,1,1.0,1,0.21858243463161517,49
3139,2,4653,2587,2066,0,0,0,1.0,1,1.0,1,1.0,1,0.2387715421635539,50
3140,3,4656,2589,2067,0,0,0,1.0,1,1.0,1,1.0,1,0.237069180232579,51
3141,6,4662,2589,2073,0,0,0,1.0,1,1.0,1,1.0,1,0.1765368306220526,50
3142,0,4662,2589,2073,0,0,0,1.0,1,1.0,1,1.0,1,0.1765368306220526,50
3143,0,4662,2589,2073,0,0,0,1.0,1,1.0,1,1.0,1,0.19439616947949678,49
3144,1,4663,2589,2074,0,0,0,1.0,1,1.0,1,1.0,1,0.18511587238040103,49
3145,1,4664,2590,2074,0,0,0,1.0,1,1.0,1,1.0,1,0.2154573817622319,48
3146,1,4665,2590,2075,0,0,0,1.0,1,1.0,1,1.0,1,0.19521221863596944,49
3147,1,4666,2590,2076,0,0,0,1.0,1,1.0,1,1.0,1,0.22958787801244046,48
3148,2,4668,2592,2076,0,0,0,1.0,1,1.0,1,1.0,1,0.20899790198661555,48
3149,2,4670,2593,2077,0,0,0,1.0,1,1.0,1,1.0,1,0.21800178156693115,47
3150,2,4672,2595,2077,0,0,0,1.0,1,1.0,1,1.0,1,0.20206771257682818,47
3151,0,4672,2595,2077,0,0,0,1.0,1,1.0,1,1.0,1,0.20919828150818015,48
3152,1,4673,2596,2077,0,0,0,1.0,1,1.0,1,1.0,1,0.2109105014589398,47
3153,0,4673,2596,2077,0,0,0,1.0,1,1.0,1,1.0,1,0.2109105014589398,47
3154,2,4675,2597,2078,0,0,0,1.0,1,1.0,1,1.0,1,0.20629302315470077,48
3155,0,4675,2597,2078,0,0,0,1.0,1,1.0,1,1.0,1,0.20143019036670085,48
3156,0,4675,2597,2078,0,0,0,1.0,1,1.0,1,1.0,1,0.21008155147830745,48
3157,1,4676,2598,2078,0,0,0,1.0,1,1.0,1,1.0,1,0.22905526607689192,48
3158,1,4677,2599,2078,0,0,0,1.0,1,1.0,1,1.0,1,0.21990926589693416,48
3159,0,4677,2599,2078,0,0,0,1.0,1,1.0,1,1.0,1,0.2128938775763391,49
3160,0,4677,2599,2078,0,0,0,1.0,1,1.0,1,1.0,1,0.22597184473291618,51
3161,7,4684,2600,2084,0,0,0,1.0,1,1.0,1,1.0,1,0.11842170376067274,52
3162,1,4685,2601,2084,0,0,0,1.0,1,1.0,1,1.0,1,0.13977075655738253,51
3163,2,4687,2603,2084,0,0,0,1.0,1,1.0,1,1.0,1,0.1536208585674169,51
3164,1,4688,2603,2085,0,0,0,1.0,1,1.0,1,1.0,1,0.1522779870741622,52
3165,0,4688,2603,2085,0,0,0,1.0,1,1.0,1,1.0,1,0.12903906039098983,50
3166,1,4689,2604,2085,0,0,0,1.0,1,1.0,1,1.0,1,0.11585555128578302,50
3167,4,4693,2608,2085,0,0,0,1.0,1,1.0,1,1.0,1,0.12518248620437675,49
3168,1,4694,2609,2085,0,0,0,1.0,1,1.0,1,1.0,1,0.14332232872461198,47
3169,3,4697,2611,2086,0,0,0,1.0,1,1.0,1,1.0,1,0.16393539908569218,48
3170,2,4699,2613,2086,0,0,0,1.0,1,1.0,1,1.0,1,0.21841934500299293,47
3171,2,4701,2614,2087,0,0,0,1.0,1,1.0,1,1.0,1,0.21441326323220616,47
3172,1,4702,2615,2087,0,0,0,1.0,1,1.0,1,1.0,1,0.22467205094434248,46
3173,0,4702,2615,2087,0,0,0,1.0,1,1.0,1,1.0,1,0.17631496075852568,45
3174,0,4702,2615,2087,0,0,0,1.0,1,1.0,1,1.0,1,0.20306113000443887,43
3175,3,4705,2618,2087,0,0,0,1.0,1,1.0,1,1.0,1,0.1637502001880061,43
3176,0,4705,2618,2087,0,0,0,1.0,1,1.0,1,1.0,1,0.14758562765191266,44
3177,2,4707,2620,2087,0,0,0,1.0,1,1.0,1,1.0,1,0.1580202615281282,44
3178,1,4708,2621,2087,0,0,0,1.0,1,1.0,1,1.0,1,0.1209929463166423,47
3179,1,4709,2622,2087,0,0,0,1.0,1,1.0,1,1.0,1,0.14359843140683565,48
3180,1,4710,2623,2087,0,0,0,1.0,1,1.0,1,1.0,1,0.125687348266848,48
3181,3,4713,2624,2089,0,0,0,1.0,1,1.0,1,1.0,1,0.07512826823043336,48
3182,0,4713,2624,2089,0,0,0,1.0,1,1.0,1,1.0,1,0.07517503548371841,51
3183,2,4715,2625,2090,0,0,0,1.0,1,1.0,1,1.0,1,0.05802579123744332,50
3184,1,4716,2626,2090,0,0,0,1.0,1,1.0,1,1.0,1,0.06383920890573046,50
3185,0,4716,2626,2090,0,0,0,1.0,1,1.0,1,1.0,1,0.09333736502753612,48
3186,1,4717,2627,2090,0,0,0,1.0,1,1.0,1,1.0,1,0.10782672687818494,48
3187,1,4718,2627,2091,0,0,0,1.0,1,1.0,1,1.0,1,0.10712498806587492,48
3188,2,4720,2629,2091,0,0,0,1.0,1,1.0,1,1.0,1,0.13575770897946413,48
3189,0,4720,2629,2091,0,0,0,1.0,1,1.0,1,1.0,1,0.14538186431325112,49
3190,2,4722,2630,2092,0,0,0,1.0,1,1.0,1,1.0,1,0.15462352578230024,51
3191,1,4723,2631,2092,0,0,0,1.0,1,1.0,1,1.0,1,0.1421134173221722,52
3192,1,4724,2632,2092,0,0,0,1.0,1,1.0,1,1.0,1,0.12960512610982233,52
3193,2,4726,2633,2093,0,0,0,1.0,1,1.0,1,1.0,1,0.13536180796048267,52
3194,1,4727,2634,2093,0,0,0,1.0,1,1.0,1,1.0,1,0.12263220094068303,54
3195,0,4727,2634,2093,0,0,0,1.0,1,1.0,1,1.0,1,0.12263220094068303,54
3196,3,4730,2636,2094,0,0,0,1.0,1,1.0,1,1.0,1,0.12660659609763597,54
3197,3,4733,2636,2097,0,0,0,1.0,1,1.0,1,1.0,1,0.08447391501517096,54
3198,2,4735,2638,2097,0,0,0,1.0,1,1.0,1,1.0,1,0.10426154621224519,54
3199,2,4737,2639,2098,0,0,0,1.0,1,1.0,1,1.0,1,0.13189242495162248,56
3200,3,4740,2640,2100,0,0,0,1.0,1,1.0,1,1.0,1,0.12125930926788055,56
3201,2,4742,2640,2102,0,0,0,1.0,1,1.0,1,1.0,1,0.1069922650259438,56
3202,4,4746,2642,2104,0,0,0,1.0,1,1.0,1,1.0,1,0.10099377687423441,57
3203,1,4747,2643,2104,0,0,0,1.0,1,1.0,1,1.0,1,0.10475049068507657,56
3204,0,4747,2643,2104,0,0,0,1.0,1,1.0,1,1.0,1,0.10036038507755084,55
3205,0,4747,2643,2104,0,0,0,1.0,1,1.0,1,1.0,1,0.11147186267642983,54
3206,6,4753,2647,2106,0,0,0,1.0,1,1.0,1,1.0,1,0.13002171959295786,56
3207,1,4754,2647,2107,0,0,0,1.0,1,1.0,1,1.0,1,0.17138917365983056,54
3208,7,4761,2649,2112,0,0,0,1.0,1,1.0,1,1.0,1,0.1901527070191635,53
3209,1,4762,2649,2113,0,0,0,1.0,1,1.0,1,1.0,1,0.17263419931245258,54
3210,4,4766,2651,2115,0,0,0,1.0,1,1.0,1,1.0,1,0.21508809575320353,53
3211,4,4770,2652,2118,0,0,0,1.0,1,1.0,1,1.0,1,0.21863694674276532,53
3212,4,4774,2652,2122,0,0,0,1.0,1,1.0,1,1.0,1,0.2191872778619146,54
3213,3,4777,2652,2125,0,0,0,1.0,1,1.0,1,1.0,1,0.20885919070422776,54
3214,3,4780,2652,2128,0,0,0,1.0,1,1.0,1,1.0,1,0.20194317209495316,55
3215,4,4784,2653,2131,0,0,0,1.0,1,1.0,1,1.0,1,0.17483402329631273,55
3216,5,4789,2654,2135,0,0,0,1.0,1,1.0,1,1.0,1,0.1936587959599698,55
3217,3,4792,2655,2137,0,0,0,1.0,1,1.0,1,1.0,1,0.20366933020074737,54
3218,1,4793,2655,2138,0,0,0,1.0,1,1.0,1,1.0,1,0.19405944723206997,54
3219,3,4796,2656,2140,0,0,0,1.0,1,1.0,1,1.0,1,0.2055926276201959,55
3220,2,4798,2656,2142,0,0,0,1.0,1,1.0,1,1.0,1,0.18249609340579703,56
3221,1,4799,2657,2142,0,0,0,1.0,1,1.0,1,1.0,1,0.19564947045332093,57
3222,0,4799,2657,2142,0,0,0,1.0,1,1.0,1,1.0,1,0.19564947045332093,57
3223,1,4800,2658,2142,0,0,0,1.0,1,1.0,1,1.0,1,0.20885076161480717,56
3224,2,4802,2659,2143,0,0,0,1.0,1,1.0,1,1.0,1,0.17268458390428096,58
3225,2,4804,2661,2143,0,0,0,1.0,1,1.0,1,1.0,1,0.19464454657445648,55
3226,0,4804,2661,2143,0,0,0,1.0,1,1.0,1,1.0,1,0.18650980856580537,54
3227,1,4805,2662,2143,0,0,0,1.0,1,1.0,1,1.0,1,0.19219544066178484,53
3228,2,4807,2663,2144,0,0,0,1.0,1,1.0,1,1.0,1,0.14408254789631122,52
3229,0,4807,2663,2144,0,0,0,1.0,1,1.0,1,1.0,1,0.13341744496907398,52
3230,2,4809,2665,2144,0,0,0,1.0,1,1.0,1,1.0,1,0.13219226118168306,50
3231,1,4810,2666,2144,0,0,0,1.0,1,1.0,1,1.0,1,0.15376013280315748,50
3232,3,4813,2669,2144,0,0,0,1.0,1,1.0,1,1.0,1,0.17353175873707818,50
3233,0,4813,2669,2144,0,0,0,1.0,1,1.0,1,1.0,1,0.18248248224600974,50
3234,1,4814,2670,2144,0,0,0,1.0,1,1.0,1,1.0,1,0.20803307836329277,49
3235,2,4816,2672,2144,0,0,0,1.0,1,1.0,1,1.0,1,0.24609680135039808,49
3236,0,4816,2672,2144,0,0,0,1.0,1,1.0,1,1.0,1,0.23692236227676894,51
3237,0,4816,2672,2144,0,0,0,1.0,1,1.0,1,1.0,1,0.24409869644983836,53
3238,1,4817,2673,2144,0,0,0,1.0,1,1.0,1,1.0,1,0.26956922285143464,53
3239,0,4817,2673,2144,0,0,0,1.0,1,1.0,1,1.0,1,0.26956922285143464,53
3240,1,4818,2673,2145,0,0,0,1.0,1,1.0,1,1.0,1,0.25068450345152565,53
3241,5,4823,2673,2150,0,0,0,1.0,1,1.0,1,1.0,1,0.2053012027678302,53
3242,1,4824,2674,2150,0,0,0,1.0,1,1.0,1,1.0,1,0.21483762602564474,53
3243,1,4825,2674,2151,0,0,0,1.0,1,1.0,1,1.0,1,0.17933824159205905,56
3244,0,4825,2674,2151,0,0,0,1.0,1,1.0,1,1.0,1,0.18873390940379656,57
3245,1,4826,2674,2152,0,0,0,1.0,1,1.0,1,1.0,1,0.16953107361513617,59
3246,0,4826,2674,2152,0,0,0,1.0,1,1.0,1,1.0,1,0.16953107361513617,59
3247,1,4827,2675,2152,0,0,0,1.0,1,1.0,1,1.0,1,0.18072594161725045,59
3248,1,4828,2675,2153,0,0,0,1.0,1,1.0,1,1.0,1,0.15990835743513576,59
3249,1,4829,2675,2154,0,0,0,1.0,1,1.0,1,1.0,1,0.1591513587406437,58
3250,0,4829,2675,2154,0,0,0,1.0,1,1.0,1,1.0,1,0.1591513587406437,58
3251,1,4830,2676,2154,0,0,0,1.0,1,1.0,1,1.0,1,0.17894518911209847,57
3252,0,4830,2676,2154,0,0,0,1.0,1,1.0,1,1.0,1,0.20060914194793436,57
3253,1,4831,2676,2155,0,0,0,1.0,1,1.0,1,1.0,1,0.19150656315245682,56
3254,1,4832,2676,2156,0,0,0,1.0,1,1.0,1,1.0,1,0.1660322733904809,57
3255,2,4834,2677,2157,0,0,0,1.0,1,1.0,1,1.0,1,0.14802141668430313,57
3256,2,4836,2677,2159,0,0,0,1.0,1,1.0,1,1.0,1,0.10689143479778991,57
3257,1,4837,2677,2160,0,0,0,1.0,1,1.0,1,1.0,1,0.08085060520133928,57
3258,2,4839,2677,2162,0,0,0,1.0,1,1.0,1,1.0,1,0.03707854651850464,58
3259,0,4839,2677,2162,0,0,0,1.0,1,1.0,1,1.0,1,0.033625239148622345,59
3260,1,4840,2678,2162,0,0,0,1.0,1,1.0,1,1.0,1,0.0185587059887796,60
3261,3,4843,2681,2162,0,0,0,1.0,1,1.0,1,1.0,1,0.08054945383400565,60
3262,5,4848,2686,2162,0,0,0,1.0,1,1.0,1,1.0,1,0.08247577780779486,61
3263,4,4852,2690,2162,0,0,0,1.0,1,1.0,1,1.0,1,0.06020594063332939,62
3264,2,4854,2692,2162,0,0,0,1.0,1,1.0,1,1.0,1,0.0754761935799248,60
3265,3,4857,2695,2162,0,0,0,1.0,1,1.0,1,1.0,1,0.08119677875906997,58
3266,4,4861,2698,2163,0,0,0,1.0,1,1.0,1,1.0,1,0.11671305329749004,59
3267,2,4863,2700,2163,0,0,0,1.0,1,1.0,1,1.0,1,0.14392840633376294,60
3268,2,4865,2701,2164,0,0,0,1.0,1,1.0,1,1.0,1,0.1733731157115209,58
3269,3,4868,2704,2164,0,0,0,1.0,1,1.0,1,1.0,1,0.0896843953941433,57
3270,1,4869,2705,2164,0,0,0,1.0,1,1.0,1,1.0,1,0.07984011546760583,56
3271,2,4871,2707,2164,0,0,0,1.0,1,1.0,1,1.0,1,0.08537500022490864,55
3272,2,4873,2708,2165,0,0,0,1.0,1,1.0,1,1.0,1,0.06911059240866589,55
3273,1,4874,2709,2165,0,0,0,1.0,1,1.0,1,1.0,1,0.06219528250629729,55
3274,0,4874,2709,2165,0,0,0,1.0,1,1.0,1,1.0,1,0.083865537110416,55
3275,1,4875,2710,2165,0,0,0,1.0,1,1.0,1,1.0,1,0.08062686883612365,55
3276,0,4875,2710,2165,0,0,0,1.0,1,1.0,1,1.0,1,0.10882283770129786,55
3277,1,4876,2711,2165,0,0,0,1.0,1,1.0,1,1.0,1,0.07164177433784386,57
3278,1,4877,2712,2165,0,0,0,1.0,1,1.0,1,1.0,1,0.06084732327634048,56
3279,1,4878,2713,2165,0,0,0,1.0,1,1.0,1,1.0,1,0.06621224241414199,54
3280,0,4878,2713,2165,0,0,0,1.0,1,1.0,1,1.0,1,0.074526874499588,53
3281,3,4881,2715,2166,0,0,0,1.0,1,1.0,1,1.0,1,0.09394933193274825,52
3282,0,4881,2715,2166,0,0,0,1.0,1,1.0,1,1.0,1,0.09399558384574085,50
3283,3,4884,2718,2166,0,0,0,1.0,1,1.0,1,1.0,1,0.10571766909819073,50
3284,4,4888,2722,2166,0,0,0,1.0,1,1.0,1,1.0,1,0.12443255889997279,47
3285,0,4888,2722,2166,0,0,0,1.0,1,1.0,1,1.0,1,0.10608487491832422,48
3286,6,4894,2727,2167,0,0,0,1.0,1,1.0,1,1.0,1,0.08157389353476535,46
3287,3,4897,2729,2168,0,0,0,1.0,1,1.0,1,1.0,1,0.13153493223302073,46
3288,4,4901,2732,2169,0,0,0,1.0,1,1.0,1,1.0,1,0.17492103359068564,46
3289,2,4903,2734,2169,0,0,0,1.0,1,1.0,1,1.0,1,0.1919778911461073,48
3290,2,4905,2736,2169,0,0,0,1.0,1,1.0,1,1.0,1,0.22552058485037843,48
3291,4,4909,2739,2170,0,0,0,1.0,1,1.0,1,1.0,1,0.1582300496318049,50
3292,5,4914,2740,2174,0,0,0,1.0,1,1.0,1,1.0,1,0.16289357016880845,50
3293,3,4917,2741,2176,0,0,0,1.0,1,1.0,1,1.0,1,0.09108831420784085,51
3294,3,4920,2743,2177,0,0,0,1.0,1,1.0,1,1.0,1,0.09424426940907628,50
3295,1,4921,2744,2177,0,0,0,1.0,1,1.0,1,1.0,1,0.12371099313193987,50
3296,0,4921,2744,2177,0,0,0,1.0,1,1.0,1,1.0,1,0.12371099313193987,50
3297,3,4924,2747,2177,0,0,0,1.0,1,1.0,1,1.0,1,0.09555017601675157,51
3298,3,4927,2749,2178,0,0,0,1.0,1,1.0,1,1.0,1,0.11686937738724794,52
3299,5,4932,2751,2181,0,0,0,1.0,1,1.0,1,1.0,1,0.10528993087317388,53
3300,2,4934,2751,2183,0,0,0,1.0,1,1.0,1,1.0,1,0.06492285500361847,53
3301,2,4936,2751,2185,0,0,0,1.0,1,1.0,1,1.0,1,0.026785338749909245,53
3302,2,4938,2753,2185,0,0,0,1.0,1,1.0,1,1.0,1,0.03567314068485972,53
3303,0,4938,2753,2185,0,0,0,1.0,1,1.0,1,1.0,1,0.04879550671313885,52
3304,0,4938,2753,2185,0,0,0,1.0,1,1.0,1,1.0,1,0.030771772497543808,52
3305,0,4938,2753,2185,0,0,0,1.0,1,1.0,1,1.0,1,0.06691249078004599,51
3306,0,4938,2753,2185,0,0,0,1.0,1,1.0,1,1.0,1,0.03945272506100831,51
3307,1,4939,2754,2185,0,0,0,1.0,1,1.0,1,1.0,1,0.05371156573803188,48
3308,1,4940,2755,2185,0,0,0,1.0,1,1.0,1,1.0,1,0.048247974853033726,48
3309,1,4941,2756,2185,0,0,0,1.0,1,1.0,1,1.0,1,0.07156417840753537,48
3310,1,4942,2757,2185,0,0,0,1.0,1,1.0,1,1.0,1,0.1103369660230585,47
3311,2,4944,2759,2185,0,0,0,1.0,1,1.0,1,1.0,1,0.14093381509441483,49
3312,1,4945,2760,2185,0,0,0,1.0,1,1.0,1,1.0,1,0.18024250655926152,48
3313,3,4948,2763,2185,0,0,0,1.0,1,1.0,1,1.0,1,0.2179621455958717,49
3314,2,4950,2765,2185,0,0,0,1.0,1,1.0,1,1.0,1,0.28880541166945745,47
3315,2,4952,2766,2186,0,0,0,1.0,1,1.0,1,1.0,1,0.31397504578281454,47
3316,0,4952,2766,2186,0,0,0,1.0,1,1.0,1,1.0,1,0.31397504578281454,47
3317,1,4953,2767,2186,0,0,0,1.0,1,1.0,1,1.0,1,0.27235927540794247,46
3318,0,4953,2767,2186,0,0,0,1.0,1,1.0,1,1.0,1,0.27428887108447614,45
3319,2,4955,2769,2186,0,0,0,1.0,1,1.0,1,1.0,1,0.29885149648884646,44
3320,3,4958,2772,2186,0,0,0,1.0,1,1.0,1,1.0,1,0.20419587536836878,43
3321,3,4961,2772,2189,0,0,0,1.0,1,1.0,1,1.0,1,0.1582691677229131,43
3322,4,4965,2776,2189,0,0,0,1.0,1,1.0,1,1.0,1,0.13516761107007616,40
3323,3,4968,2779,2189,0,0,0,1.0,1,1.0,1,1.0,1,0.169671815141078,40
3324,2,4970,2781,2189,0,0,0,1.0,1,1.0,1,1.0,1,0.18992753775790994,40
3325,4,4974,2783,2191,0,0,0,1.0,1,1.0,1,1.0,1,0.17078378395834812,40
3326,2,4976,2785,2191,0,0,0,1.0,1,1.0,1,1.0,1,0.159813377459197,41
3327,1,4977,2786,2191,0,0,0,1.0,1,1.0,1,1.0,1,0.16441307415759598,39
3328,3,4980,2788,2192,0,0,0,1.0,1,1.0,1,1.0,1,0.18190587564775332,41
3329,0,4980,2788,2192,0,0,0,1.0,1,1.0,1,1.0,1,0.1542565865481783,39
3330,1,4981,2789,2192,0,0,0,1.0,1,1.0,1,1.0,1,0.15500368878436196,40
3331,0,4981,2789,2192,0,0,0,1.0,1,1.0,1,1.0,1,0.13891438014859103,38
3332,0,4981,2789,2192,0,0,0,1.0,1,1.0,1,1.0,1,0.14715625544926692,38
3333,1,4982,2790,2192,0,0,0,1.0,1,1.0,1,1.0,1,0.15828920511215563,38
3334,1,4983,2790,2193,0,0,0,1.0,1,1.0,1,1.0,1,0.14449530069609776,40
3335,0,4983,2790,2193,0,0,0,1.0,1,1.0,1,1.0,1,0.14449530069609776,40
3336,0,4983,2790,2193,0,0,0,1.0,1,1.0,1,1.0,1,0.17321589340229215,39
3337,1,4984,2790,2194,0,0,0,1.0,1,1.0,1,1.0,1,0.1154783089166637,40
3338,4,4988,2794,2194,0,0,0,1.0,1,1.0,1,1.0,1,0.17180807647928406,41
3339,0,4988,2794,2194,0,0,0,1.0,1,1.0,1,1.0,1,0.16425385433347067,42
3340,4,4992,2797,2195,0,0,0,1.0,1,1.0,1,1.0,1,0.15080430373174253,43
3341,4,4996,2797,2199,0,0,0,1.0,1,1.0,1,1.0,1,0.08408126214462143,43
3342,2,4998,2798,2200,0,0,0,1.0,1,1.0,1,1.0,1,0.0988601889360309,44
3343,0,4998,2798,2200,0,0,0,1.0,1,1.0,1,1.0,1,0.0988601889360309,44
3344,1,4999,2798,2201,0,0,0,1.0,1,1.0,1,1.0,1,0.11431714303703323,44
3345,0,4999,2798,2201,0,0,0,1.0,1,1.0,1,1.0,1,0.12828213411415754,43
3346,0,4999,2798,2201,0,0,0,1.0,1,1.0,1,1.0,1,0.15245293786830344,42
3347,1,5000,2798,2202,0,0,0,1.0,1,1.0,1,1.0,1,0.12241401972758521,44
3348,0,5000,2798,2202,0,0,0,1.0,1,1.0,1,1.0,1,0.1339810357009861,45
3349,0,5000,2798,2202,0,0,0,1.0,1,1.0,1,1.0,1,0.1339810357009861,45
3350,0,5000,2798,2202,0,0,0,1.0,1,1.0,1,1.0,1,0.11377827809534624,46
3351,0,5000,2798,2202,0,0,0,1.0,1,1.0,1,1.0,1,0.11629158333483305,47
3352,1,5001,2799,2202,0,0,0,1.0,1,1.0,1,1.0,1,0.13751883595101716,47
3353,3,5004,2799,2205,0,0,0,1.0,1,1.0,1,1.0,1,0.12377267128617042,48
3354,2,5006,2800,2206,0,0,0,1.0,1,1.0,1,1.0,1,0.1430144343772949,48
3355,3,5009,2801,2208,0,0,0,1.0,1,1.0,1,1.0,1,0.14435797867372518,48
3356,1,5010,2801,2209,0,0,0,1.0,1,1.0,1,1.0,1,0.11391494494885246,48
3357,2,5012,2802,2210,0,0,0,1.0,1,1.0,1,1.0,1,0.12658567945684182,47
3358,2,5014,2803,2211,0,0,0,1.0,1,1.0,1,1.0,1,0.14123923928403687,46
3359,3,5017,2804,2213,0,0,0,1.0,1,1.0,1,1.0,1,0.15774562010116053,45
3360,5,5022,2806,2216,0,0,0,1.0,1,1.0,1,1.0,1,0.2013862644128359,44
3361,5,5027,2807,2220,0,0,0,1.0,1,1.0,1,1.0,1,0.14755077156864047,43
3362,1,5028,2808,2220,0,0,0,1.0,1,1.0,1,1.0,1,0.18681420187998046,42
3363,1,5029,2809,2220,0,0,0,1.0,1,1.0,1,1.0,1,0.21324460024391861,41
3364,0,5029,2809,2220,0,0,0,1.0,1,1.0,1,1.0,1,0.18872326911099774,41
3365,0,5029,2809,2220,0,0,0,1.0,1,1.0,1,1.0,1,0.18956563082165423,41
3366,0,5029,2809,2220,0,0,0,1.0,1,1.0,1,1.0,1,0.17449736991304415,40
3367,0,5029,2809,2220,0,0,0,1.0,1,1.0,1,1.0,1,0.1562647598138919,39
3368,2,5031,2811,2220,0,0,0,1.0,1,1.0,1,1.0,1,0.14381802592875126,39
3369,0,5031,2811,2220,0,0,0,1.0,1,1.0,1,1.0,1,0.13690640519542224,40
3370,2,5033,2813,2220,0,0,0,1.0,1,1.0,1,1.0,1,0.13678611485237935,41
3371,3,5036,2814,2222,0,0,0,1.0,1,1.0,1,1.0,1,0.14260228609815379,41
3372,2,5038,2816,2222,0,0,0,1.0,1,1.0,1,1.0,1,0.1597474405856885,40
3373,1,5039,2816,2223,0,0,0,1.0,1,1.0,1,1.0,1,0.15581754436631193,41
3374,0,5039,2816,2223,0,0,0,1.0,1,1.0,1,1.0,1,0.15759976305697035,42
3375,0,5039,2816,2223,0,0,0,1.0,1,1.0,1,1.0,1,0.1561463690654964,44
3376,1,5040,2816,2224,0,0,0,1.0,1,1.0,1,1.0,1,0.14274025809642982,46
3377,0,5040,2816,2224,0,0,0,1.0,1,1.0,1,1.0,1,0.161742006126785,47
3378,2,5042,2818,2224,0,0,0,1.0,1,1.0,1,1.0,1,0.15291830135691703,48
3379,0,5042,2818,2224,0,0,0,1.0,1,1.0,1,1.0,1,0.15291830135691703,48
3380,2,5044,2820,2224,0,0,0,1.0,1,1.0,1,1.0,1,0.137765732469245,48
3381,2,5046,2820,2226,0,0,0,1.0,1,1.0,1,1.0,1,0.1086425308363953,48
3382,2,5048,2821,2227,0,0,0,1.0,1,1.0,1,1.0,1,0.10330259276995415,49
3383,0,5048,2821,2227,0,0,0,1.0,1,1.0,1,1.0,1,0.11853877802281268,47
3384,2,5050,2823,2227,0,0,0,1.0,1,1.0,1,1.0,1,0.18164883235879994,48
3385,1,5051,2823,2228,0,0,0,1.0,1,1.0,1,1.0,1,0.19106117620652266,47
3386,2,5053,2824,2229,0,0,0,1.0,1,1.0,1,1.0,1,0.21772062529307537,49
3387,0,5053,2824,2229,0,0,0,1.0,1,1.0,1,1.0,1,0.22720631901951652,48
3388,1,5054,2825,2229,0,0,0,1.0,1,1.0,1,1.0,1,0.2593069114630748,48
3389,5,5059,2825,2234,0,0,0,1.0,1,1.0,1,1.0,1,0.2484816215017493,50
3390,2,5061,2825,2236,0,0,0,1.0,1,1.0,1,1.0,1,0.22698402358469144,51
3391,2,5063,2826,2237,0,0,0,1.0,1,1.0,1,1.0,1,0.24937372087766693,51
3392,2,5065,2826,2239,0,0,0,1.0,1,1.0,1,1.0,1,0.23812032942543862,52
3393,4,5069,2827,2242,0,0,0,1.0,1,1.0,1,1.0,1,0.21330089202144215,52
3394,0,5069,2827,2242,0,0,0,1.0,1,1.0,1,1.0,1,0.21330089202144215,52
3395,1,5070,2828,2242,0,0,0,1.0,1,1.0,1,1.0,1,0.1782708837006058,50
3396,1,5071,2829,2242,0,0,0,1.0,1,1.0,1,1.0,1,0.16494160698952584,49
3397,1,5072,2830,2242,0,0,0,1.0,1,1.0,1,1.0,1,0.15324125046396056,49
3398,0,5072,2830,2242,0,0,0,1.0,1,1.0,1,1.0,1,0.15179338427309186,48
3399,1,5073,2831,2242,0,0,0,1.0,1,1.0,1,1.0,1,0.15561569250772866,49
3400,1,5074,2832,2242,0,0,0,1.0,1,1.0,1,1.0,1,0.14652554712264343,50
3401,4,5078,2832,2246,0,0,0,1.0,1,1.0,1,1.0,1,0.0885863841089824,51
3402,1,5079,2833,2246,0,0,0,1.0,1,1.0,1,1.0,1,0.091595642024834,51
3403,2,5081,2835,2246,0,0,0,1.0,1,1.0,1,1.0,1,0.11901294206473301,51
3404,2,5083,2836,2247,0,0,0,1.0,1,1.0,1,1.0,1,0.12420555202939418,51
3405,1,5084,2837,2247,0,0,0,1.0,1,1.0,1,1.0,1,0.15552675951014255,51
3406,0,5084,2837,2247,0,0,0,1.0,1,1.0,1,1.0,1,0.169166375847018,51
3407,3,5087,2840,2247,0,0,0,1.0,1,1.0,1,1.0,1,0.15978495234375967,52
3408,1,5088,2840,2248,0,0,0,1.0,1,1.0,1,1.0,1,0.16253570514931878,53
3409,1,5089,2841,2248,0,0,0,1.0,1,1.0,1,1.0,1,0.151275995949582,54
3410,1,5090,2842,2248,0,0,0,1.0,1,1.0,1,1.0,1,0.15975169098964373,54
3411,1,5091,2843,2248,0,0,0,1.0,1,1.0,1,1.0,1,0.15845880740697452,54
3412,1,5092,2844,2248,0,0,0,1.0,1,1.0,1,1.0,1,0.19114018161389817,55
3413,0,5092,2844,2248,0,0,0,1.0,1,1.0,1,1.0,1,0.19114018161389817,55
3414,1,5093,2844,2249,0,0,0,1.0,1,1.0,1,1.0,1,0.18114020879454884,55
3415,2,5095,2846,2249,0,0,0,1.0,1,1.0,1,1.0,1,0.20258742513626588,56
3416,1,5096,2846,2250,0,0,0,1.0,1,1.0,1,1.0,1,0.19672102952170956,55
3417,2,5098,2846,2252,0,0,0,1.0,1,1.0,1,1.0,1,0.17866154128095202,56
3418,1,5099,2847,2252,0,0,0,1.0,1,1.0,1,1.0,1,0.20603136802060487,55
3419,1,5100,2847,2253,0,0,0,1.0,1,1.0,1,1.0,1,0.20819296655143976,56
3420,1,5101,2848,2253,0,0,0,1.0,1,1.0,1,1.0,1,0.22310851348103766,55
3421,7,5108,2848,2260,0,0,0,1.0,1,1.0,1,1.0,1,0.16148211579936228,57
3422,1,5109,2848,2261,0,0,0,1.0,1,1.0,1,1.0,1,0.15796886188827364,56
3423,1,5110,2849,2261,0,0,0,1.0,1,1.0,1,1.0,1,0.15208832331887992,56
3424,1,5111,2850,2261,0,0,0,1.0,1,1.0,1,1.0,1,0.16761572535267807,56
3425,0,5111,2850,2261,0,0,0,1.0,1,1.0,1,1.0,1,0.16761572535267807,56
3426,1,5112,2850,2262,0,0,0,1.0,1,1.0,1,1.0,1,0.1869418013899912,55
3427,1,5113,2850,2263,0,0,0,1.0,1,1.0,1,1.0,1,0.20900510674701972,55
3428,1,5114,2851,2263,0,0,0,1.0,1,1.0,1,1.0,1,0.1970208459850965,55
3429,2,5116,2852,2264,0,0,0,1.0,1,1.0,1,1.0,1,0.22227903467280272,54
3430,0,5116,2852,2264,0,0,0,1.0,1,1.0,1,1.0,1,0.210521181674896,56
3431,3,5119,2853,2266,0,0,0,1.0,1,1.0,1,1.0,1,0.18856426495030312,54
3432,3,5122,2854,2268,0,0,0,1.0,1,1.0,1,1.0,1,0.19134907504973003,56
3433,1,5123,2855,2268,0,0,0,1.0,1,1.0,1,1.0,1,0.21392956419050133,53
3434,2,5125,2857,2268,0,0,0,1.0,1,1.0,1,1.0,1,0.22325193313283756,51
3435,3,5128,2860,2268,0,0,0,1.0,1,1.0,1,1.0,1,0.2541804934548461,51
3436,2,5130,2861,2269,0,0,0,1.0,1,1.0,1,1.0,1,0.2247743803946106,51
3437,1,5131,2862,2269,0,0,0,1.0,1,1.0,1,1.0,1,0.24012440421167133,53
3438,0,5131,2862,2269,0,0,0,1.0,1,1.0,1,1.0,1,0.1966236737290327,52
3439,2,5133,2863,2270,0,0,0,1.0,1,1.0,1,1.0,1,0.2072377181143994,54
3440,0,5133,2863,2270,0,0,0,1.0,1,1.0,1,1.0,1,0.18729247552665781,52
3441,5,5138,2863,2275,0,0,0,1.0,1,1.0,1,1.0,1,0.11929602886600398,53
3442,0,5138,2863,2275,0,0,0,1.0,1,1.0,1,1.0,1,0.10675872757637798,53
3443,0,5138,2863,2275,0,0,0,1.0,1,1.0,1,1.0,1,0.11590187359284401,53
3444,1,5139,2864,2275,0,0,0,1.0,1,1.0,1,1.0,1,0.11032553181569424,52
3445,2,5141,2866,2275,0,0,0,1.0,1,1.0,1,1.0,1,0.1139789701673189,53
3446,2,5143,2867,2276,0,0,0,1.0,1,1.0,1,1.0,1,0.16271529274800828,53
3447,1,5144,2868,2276,0,0,0,1.0,1,1.0,1,1.0,1,0.15219675095347018,53
3448,3,5147,2871,2276,0,0,0,1.0,1,1.0,1,1.0,1,0.22468465993538914,52
3449,4,5151,2874,2277,0,0,0,1.0,1,1.0,1,1.0,1,0.18781467243000524,52
3450,3,5154,2876,2278,0,0,0,1.0,1,1.0,1,1.0,1,0.1870484077826221,52
3451,3,5157,2879,2278,0,0,0,1.0,1,1.0,1,1.0,1,0.20043086230142165,54
3452,1,5158,2880,2278,0,0,0,1.0,1,1.0,1,1.0,1,0.19971610061954992,54
3453,1,5159,2881,2278,0,0,0,1.0,1,1.0,1,1.0,1,0.20659731716789567,54
3454,0,5159,2881,2278,0,0,0,1.0,1,1.0,1,1.0,1,0.19756318177995744,57
3455,0,5159,2881,2278,0,0,0,1.0,1,1.0,1,1.0,1,0.19756318177995744,57
3456,0,5159,2881,2278,0,0,0,1.0,1,1.0,1,1.0,1,0.20605369225045483,58
3457,0,5159,2881,2278,0,0,0,1.0,1,1.0,1,1.0,1,0.21517026563806455,57
3458,0,5159,2881,2278,0,0,0,1.0,1,1.0,1,1.0,1,0.21529693695189867,57
3459,0,5159,2881,2278,0,0,0,1.0,1,1.0,1,1.0,1,0.21529693695189867,57
3460,1,5160,2882,2278,0,0,0,1.0,1,1.0,1,1.0,1,0.18855050270081344,58
3461,8,5168,2882,2286,0,0,0,1.0,1,1.0,1,1.0,1,0.10996253847013088,59
3462,1,5169,2883,2286,0,0,0,1.0,1,1.0,1,1.0,1,0.0973849937738153,59
3463,1,5170,2884,2286,0,0,0,1.0,1,1.0,1,1.0,1,0.09080571522363204,59
3464,1,5171,2884,2287,0,0,0,1.0,1,1.0,1,1.0,1,0.10145979495936332,59
3465,1,5172,2885,2287,0,0,0,1.0,1,1.0,1,1.0,1,0.1123449844011388,57
3466,0,5172,2885,2287,0,0,0,1.0,1,1.0,1,1.0,1,0.1123449844011388,57
3467,2,5174,2887,2287,0,0,0,1.0,1,1.0,1,1.0,1,0.1716657924103776,57
3468,1,5175,2888,2287,0,0,0,1.0,1,1.0,1,1.0,1,0.16098327406185445,57
3469,4,5179,2892,2287,0,0,0,1.0,1,1.0,1,1.0,1,0.15598112502008898,53
3470,2,5181,2894,2287,0,0,0,1.0,1,1.0,1,1.0,1,0.16919727928249428,50
3471,3,5184,2897,2287,0,0,0,1.0,1,1.0,1,1.0,1,0.20582707597512984,49
3472,1,5185,2898,2287,0,0,0,1.0,1,1.0,1,1.0,1,0.19619874528171297,47
3473,3,5188,2901,2287,0,0,0,1.0,1,1.0,1,1.0,1,0.23687116863421814,45
3474,1,5189,2902,2287,0,0,0,1.0,1,1.0,1,1.0,1,0.25061226083123783,42
3475,2,5191,2904,2287,0,0,0,1.0,1,1.0,1,1.0,1,0.3199332545298474,43
3476,3,5194,2907,2287,0,0,0,1.0,1,1.0,1,1.0,1,0.32047971263869,41
3477,3,5197,2910,2287,0,0,0,1.0,1,1.0,1,1.0,1,0.27146199488402617,42
3478,2,5199,2912,2287,0,0,0,1.0,1,1.0,1,1.0,1,0.30218355318641343,40
3479,0,5199,2912,2287,0,0,0,1.0,1,1.0,1,1.0,1,0.2687466305857457,40
3480,1,5200,2913,2287,0,0,0,1.0,1,1.0,1,1.0,1,0.2715501166993658,40
3481,5,5205,2913,2292,0,0,0,1.0,1,1.0,1,1.0,1,0.17771598995350318,40
3482,1,5206,2913,2293,0,0,0,1.0,1,1.0,1,1.0,1,0.15203325951072333,40
3483,2,5208,2915,2293,0,0,0,1.0,1,1.0,1,1.0,1,0.2006742213278413,39
3484,1,5209,2915,2294,0,0,0,1.0,1,1.0,1,1.0,1,0.18768707324069298,39
3485,4,5213,2917,2296,0,0,0,1.0,1,1.0,1,1.0,1,0.2718129266250251,40
3486,1,5214,2917,2297,0,0,0,1.0,1,1.0,1,1.0,1,0.2607489909349116,41
3487,1,5215,2918,2297,0,0,0,1.0,1,1.0,1,1.0,1,0.25839771604027245,41
3488,2,5217,2920,2297,0,0,0,1.0,1,1.0,1,1.0,1,0.22337282518251175,42
3489,1,5218,2921,2297,0,0,0,1.0,1,1.0,1,1.0,1,0.20647353976893418,44
3490,0,5218,2921,2297,0,0,0,1.0,1,1.0,1,1.0,1,0.20647353976893418,44
3491,2,5220,2921,2299,0,0,0,1.0,1,1.0,1,1.0,1,0.16842376773328754,45
3492,1,5221,2922,2299,0,0,0,1.0,1,1.0,1,1.0,1,0.1592085979734302,45
3493,2,5223,2923,2300,0,0,0,1.0,1,1.0,1,1.0,1,0.18335036132888052,45
3494,0,5223,2923,2300,0,0,0,1.0,1,1.0,1,1.0,1,0.18335036132888052,45
3495,1,5224,2924,2300,0,0,0,1.0,1,1.0,1,1.0,1,0.1986316529766301,45
3496,0,5224,2924,2300,0,0,0,1.0,1,1.0,1,1.0,1,0.21901312987317384,46
3497,1,5225,2924,2301,0,0,0,1.0,1,1.0,1,1.0,1,0.20340301536783248,47
3498,4,5229,2925,2304,0,0,0,1.0,1,1.0,1,1.0,1,0.17413419041170125,48
3499,0,5229,2925,2304,0,0,0,1.0,1,1.0,1,1.0,1,0.1904390143412495,47
3500,0,5229,2925,2304,0,0,0,1.0,1,1.0,1,1.0,1,0.19435674876943176,50
3501,4,5233,2925,2308,0,0,0,1.0,1,1.0,1,1.0,1,0.13611937018633824,50
3502,1,5234,2926,2308,0,0,0,1.0,1,1.0,1,1.0,1,0.1616911488995,50
3503,0,5234,2926,2308,0,0,0,1.0,1,1.0,1,1.0,1,0.1616911488995,50
3504,1,5235,2927,2308,0,0,0,1.0,1,1.0,1,1.0,1,0.22895250962086153,47
3505,1,5236,2927,2309,0,0,0,1.0,1,1.0,1,1.0,1,0.22661193630533444,48
3506,0,5236,2927,2309,0,0,0,1.0,1,1.0,1,1.0,1,0.23155877805519937,49
3507,1,5237,2927,2310,0,0,0,1.0,1,1.0,1,1.0,1,0.2078458969093777,46
3508,2,5239,2929,2310,0,0,0,1.0,1,1.0,1,1.0,1,0.2742060600890518,47
3509,0,5239,2929,2310,0,0,0,1.0,1,1.0,1,1.0,1,0.24995298633316476,44
3510,1,5240,2930,2310,0,0,0,1.0,1,1.0,1,1.0,1,0.28290999398644445,45
3511,0,5240,2930,2310,0,0,0,1.0,1,1.0,1,1.0,1,0.2722986491870517,44
3512,0,5240,2930,2310,0,0,0,1.0,1,1.0,1,1.0,1,0.2527082932272471,42
3513,0,5240,2930,2310,0,0,0,1.0,1,1.0,1,1.0,1,0.2527082932272471,42
3514,0,5240,2930,2310,0,0,0,1.0,1,1.0,1,1.0,1,0.23752937800980045,42
3515,2,5242,2930,2312,0,0,0,1.0,1,1.0,1,1.0,1,0.1950490439744942,42
3516,0,5242,2930,2312,0,0,0,1.0,1,1.0,1,1.0,1,0.20905187046887858,41
3517,1,5243,2930,2313,0,0,0,1.0,1,1.0,1,1.0,1,0.19521783282095143,44
3518,0,5243,2930,2313,0,0,0,1.0,1,1.0,1,1.0,1,0.2056638598107795,43
3519,0,5243,2930,2313,0,0,0,1.0,1,1.0,1,1.0,1,0.19443589066883868,44
3520,0,5243,2930,2313,0,0,0,1.0,1,1.0,1,1.0,1,0.20770141132954567,45
3521,3,5246,2930,2316,0,0,0,1.0,1,1.0,1,1.0,1,0.18350047329769353,45
3522,0,5246,2930,2316,0,0,0,1.0,1,1.0,1,1.0,1,0.1850702821446962,46
3523,0,5246,2930,2316,0,0,0,1.0,1,1.0,1,1.0,1,0.1850702821446962,46
3524,1,5247,2930,2317,0,0,0,1.0,1,1.0,1,1.0,1,0.1532722250949378,47
3525,0,5247,2930,2317,0,0,0,1.0,1,1.0,1,1.0,1,0.1692906727190921,48
3526,0,5247,2930,2317,0,0,0,1.0,1,1.0,1,1.0,1,0.1496746334657402,49
3527,2,5249,2932,2317,0,0,0,1.0,1,1.0,1,1.0,1,0.21047332975108998,49
3528,2,5251,2932,2319,0,0,0,1.0,1,1.0,1,1.0,1,0.19375241681944028,51
3529,2,5253,2932,2321,0,0,0,1.0,1,1.0,1,1.0,1,0.19375241681944028,51
3530,3,5256,2932,2324,0,0,0,1.0,1,1.0,1,1.0,1,0.1871818528301564,52
3531,2,5258,2932,2326,0,0,0,1.0,1,1.0,1,1.0,1,0.18937553254165898,52
3532,1,5259,2932,2327,0,0,0,1.0,1,1.0,1,1.0,1,0.18290973338901018,52
3533,1,5260,2932,2328,0,0,0,1.0,1,1.0,1,1.0,1,0.1893793720367833,52
3534,1,5261,2932,2329,0,0,0,1.0,1,1.0,1,1.0,1,0.18403093950438854,52
3535,2,5263,2932,2331,0,0,0,1.0,1,1.0,1,1.0,1,0.18403093950438854,52
3536,3,5266,2932,2334,0,0,0,1.0,1,1.0,1,1.0,1,0.18922375826075438,54
3537,1,5267,2932,2335,0,0,0,1.0,1,1.0,1,1.0,1,0.191375714808075,55
3538,2,5269,2932,2337,0,0,0,1.0,1,1.0,1,1.0,1,0.1877807152313155,55
3539,2,5271,2932,2339,0,0,0,1.0,1,1.0,1,1.0,1,0.15005547527375385,58
3540,4,5275,2935,2340,0,0,0,1.0,1,1.0,1,1.0,1,0.1942317113410206,59
3541,3,5278,2935,2343,0,0,0,1.0,1,1.0,1,1.0,1,0.15067982969038957,59
3542,2,5280,2937,2343,0,0,0,1.0,1,1.0,1,1.0,1,0.17777860061134912,61
3543,1,5281,2937,2344,0,0,0,1.0,1,1.0,1,1.0,1,0.16197798489712,62
3544,2,5283,2939,2344,0,0,0,1.0,1,1.0,1,1.0,1,0.17711176330551565,59
3545,1,5284,2940,2344,0,0,0,1.0,1,1.0,1,1.0,1,0.19384532176498684,59
3546,0,5284,2940,2344,0,0,0,1.0,1,1.0,1,1.0,1,0.18433436982203594,57
3547,2,5286,2942,2344,0,0,0,1.0,1,1.0,1,1.0,1,0.1867072145851345,53
3548,0,5286,2942,2344,0,0,0,1.0,1,1.0,1,1.0,1,0.1867072145851345,53
3549,0,5286,2942,2344,0,0,0,1.0,1,1.0,1,1.0,1,0.17324516884837168,52
3550,0,5286,2942,2344,0,0,0,1.0,1,1.0,1,1.0,1,0.1911667658545238,51
3551,0,5286,2942,2344,0,0,0,1.0,1,1.0,1,1.0,1,0.19121910594984848,51
3552,1,5287,2942,2345,0,0,0,1.0,1,1.0,1,1.0,1,0.19823251993065122,51
3553,0,5287,2942,2345,0,0,0,1.0,1,1.0,1,1.0,1,0.21999933011027925,49
3554,2,5289,2942,2347,0,0,0,1.0,1,1.0,1,1.0,1,0.1837715966350651,49
3555,2,5291,2942,2349,0,0,0,1.0,1,1.0,1,1.0,1,0.16175514217919282,51
3556,1,5292,2943,2349,0,0,0,1.0,1,1.0,1,1.0,1,0.1510262689930597,51
3557,3,5295,2945,2350,0,0,0,1.0,1,1.0,1,1.0,1,0.142407056265931,52
3558,1,5296,2946,2350,0,0,0,1.0,1,1.0,1,1.0,1,0.1603297134984443,52
3559,1,5297,2947,2350,0,0,0,1.0,1,1.0,1,1.0,1,0.17027369628778305,52
3560,1,5298,2948,2350,0,0,0,1.0,1,1.0,1,1.0,1,0.14231851272157015,53
3561,5,5303,2949,2354,0,0,0,1.0,1,1.0,1,1.0,1,0.10315168088369962,54
3562,2,5305,2951,2354,0,0,0,1.0,1,1.0,1,1.0,1,0.12266565203081461,54
3563,2,5307,2952,2355,0,0,0,1.0,1,1.0,1,1.0,1,0.1331330176931907,55
3564,1,5308,2952,2356,0,0,0,1.0,1,1.0,1,1.0,1,0.0993325340390425,57
3565,1,5309,2952,2357,0,0,0,1.0,1,1.0,1,1.0,1,0.10514354814007401,56
3566,0,5309,2952,2357,0,0,0,1.0,1,1.0,1,1.0,1,0.1181870136574265,57
3567,2,5311,2953,2358,0,0,0,1.0,1,1.0,1,1.0,1,0.11579558146885152,57
3568,0,5311,2953,2358,0,0,0,1.0,1,1.0,1,1.0,1,0.11579558146885152,57
3569,2,5313,2954,2359,0,0,0,1.0,1,1.0,1,1.0,1,0.12465820513273601,57
3570,2,5315,2955,2360,0,0,0,1.0,1,1.0,1,1.0,1,0.15433354181706627,59
3571,2,5317,2956,2361,0,0,0,1.0,1,1.0,1,1.0,1,0.14010417404733283,60
3572,1,5318,2956,2362,0,0,0,1.0,1,1.0,1,1.0,1,0.12043981314091301,61
3573,2,5320,2957,2363,0,0,0,1.0,1,1.0,1,1.0,1,0.12561068066561853,62
3574,0,5320,2957,2363,0,0,0,1.0,1,1.0,1,1.0,1,0.11512349700491746,63
3575,0,5320,2957,2363,0,0,0,1.0,1,1.0,1,1.0,1,0.11512349700491746,63
3576,1,5321,2958,2363,0,0,0,1.0,1,1.0,1,1.0,1,0.13601922351777307,63
3577,0,5321,2958,2363,0,0,0,1.0,1,1.0,1,1.0,1,0.12428672144888586,64
3578,0,5321,2958,2363,0,0,0,1.0,1,1.0,1,1.0,1,0.1134258269751018,64
3579,0,5321,2958,2363,0,0,0,1.0,1,1.0,1,1.0,1,0.1134258269751018,64
3580,0,5321,2958,2363,0,0,0,1.0,1,1.0,1,1.0,1,0.12351719018398397,65
3581,0,5321,2958,2363,0,0,0,1.0,1,1.0,1,1.0,1,0.11443758340242197,68
3582,0,5321,2958,2363,0,0,0,1.0,1,1.0,1,1.0,1,0.13924131825348132,68
3583,4,5325,2962,2363,0,0,0,1.0,1,1.0,1,1.0,1,0.17321067190523412,65
3584,3,5328,2965,2363,0,0,0,1.0,1,1.0,1,1.0,1,0.21570274016218854,64
3585,2,5330,2967,2363,0,0,0,1.0,1,1.0,1,1.0,1,0.19900641734782246,64
3586,6,5336,2971,2365,0,0,0,1.0,1,1.0,1,1.0,1,0.2121222074816441,65
3587,3,5339,2972,2367,0,0,0,1.0,1,1.0,1,1.0,1,0.16188242640147527,64
3588,3,5342,2974,2368,0,0,0,1.0,1,1.0,1,1.0,1,0.15449637855061063,62
3589,5,5347,2977,2370,0,0,0,1.0,1,1.0,1,1.0,1,0.16987169307269168,63
3590,2,5349,2978,2371,0,0,0,1.0,1,1.0,1,1.0,1,0.18249006434283638,63
3591,1,5350,2979,2371,0,0,0,1.0,1,1.0,1,1.0,1,0.1883779121321574,62
3592,1,5351,2980,2371,0,0,0,1.0,1,1.0,1,1.0,1,0.19178273785024913,59
3593,0,5351,2980,2371,0,0,0,1.0,1,1.0,1,1.0,1,0.18187467011389324,58
3594,0,5351,2980,2371,0,0,0,1.0,1,1.0,1,1.0,1,0.2009346585988796,57
3595,1,5352,2980,2372,0,0,0,1.0,1,1.0,1,1.0,1,0.1872796097929709,59
3596,1,5353,2981,2372,0,0,0,1.0,1,1.0,1,1.0,1,0.17876392316195966,57
3597,0,5353,2981,2372,0,0,0,1.0,1,1.0,1,1.0,1,0.2031779191297896,57
3598,2,5355,2982,2373,0,0,0,1.0,1,1.0,1,1.0,1,0.2043846572145322,57
3599,0,5355,2982,2373,0,0,0,1.0,1,1.0,1,1.0,1,0.21270425354442304,58
3600,1,5356,2983,2373,0,0,0,1.0,1,1.0,1,1.0,1,0.22460173364373184,58
3601,8,5364,2985,2379,0,0,0,1.0,1,1.0,1,1.0,1,0.1535298727854869,58
3602,0,5364,2985,2379,0,0,0,1.0,1,1.0,1,1.0,1,0.14103084631104842,60
3603,1,5365,2986,2379,0,0,0,1.0,1,1.0,1,1.0,1,0.15054358628706474,60
3604,2,5367,2987,2380,0,0,0,1.0,1,1.0,1,1.0,1,0.14737921573734952,60
3605,3,5370,2988,2382,0,0,0,1.0,1,1.0,1,1.0,1,0.14034667653560626,61
3606,3,5373,2990,2383,0,0,0,1.0,1,1.0,1,1.0,1,0.12406217267065382,63
3607,0,5373,2990,2383,0,0,0,1.0,1,1.0,1,1.0,1,0.12406217267065382,63
3608,0,5373,2990,2383,0,0,0,1.0,1,1.0,1,1.0,1,0.1312062098461326,64
3609,2,5375,2990,2385,0,0,0,1.0,1,1.0,1,1.0,1,0.12715600116820608,66
3610,2,5377,2992,2385,0,0,0,1.0,1,1.0,1,1.0,1,0.13395260550804658,67
3611,2,5379,2994,2385,0,0,0,1.0,1,1.0,1,1.0,1,0.15761236596354478,67
3612,1,5380,2995,2385,0,0,0,1.0,1,1.0,1,1.0,1,0.17572103695440758,66
3613,1,5381,2995,2386,0,0,0,1.0,1,1.0,1,1.0,1,0.16806142328538237,66
3614,1,5382,2996,2386,0,0,0,1.0,1,1.0,1,1.0,1,0.1785878956269767,65
3615,0,5382,2996,2386,0,0,0,1.0,1,1.0,1,1.0,1,0.1636814786307735,65
3616,0,5382,2996,2386,0,0,0,1.0,1,1.0,1,1.0,1,0.1636814786307735,65
3617,0,5382,2996,2386,0,0,0,1.0,1,1.0,1,1.0,1,0.1554805921959332,66
3618,0,5382,2996,2386,0,0,0,1.0,1,1.0,1,1.0,1,0.1554805921959332,66
3619,1,5383,2997,2386,0,0,0,1.0,1,1.0,1,1.0,1,0.17300237411044345,65
3620,2,5385,2998,2387,0,0,0,1.0,1,1.0,1,1.0,1,0.19261254647871714,66
3621,7,5392,3002,2390,0,0,0,1.0,1,1.0,1,1.0,1,0.12450191450485319,65
3622,2,5394,3002,2392,0,0,0,1.0,1,1.0,1,1.0,1,0.1078769216999462,65
3623,1,5395,3003,2392,0,0,0,1.0,1,1.0,1,1.0,1,0.11949329086455171,62
3624,3,5398,3006,2392,0,0,0,1.0,1,1.0,1,1.0,1,0.14496180743277817,62
3625,3,5401,3008,2393,0,0,0,1.0,1,1.0,1,1.0,1,0.16028274040970145,61
3626,1,5402,3009,2393,0,0,0,1.0,1,1.0,1,1.0,1,0.14381856753121358,58
3627,1,5403,3010,2393,0,0,0,1.0,1,1.0,1,1.0,1,0.18981514866973784,58
3628,1,5404,3011,2393,0,0,0,1.0,1,1.0,1,1.0,1,0.14848429652147796,57
3629,3,5407,3013,2394,0,0,0,1.0,1,1.0,1,1.0,1,0.16695550150882893,57
3630,2,5409,3015,2394,0,0,0,1.0,1,1.0,1,1.0,1,0.12065554474164766,56
3631,2,5411,3017,2394,0,0,0,1.0,1,1.0,1,1.0,1,0.1197447064547149,54
3632,2,5413,3018,2395,0,0,0,1.0,1,1.0,1,1.0,1,0.11233520740340631,52
3633,1,5414,3019,2395,0,0,0,1.0,1,1.0,1,1.0,1,0.12983168833465808,52
3634,0,5414,3019,2395,0,0,0,1.0,1,1.0,1,1.0,1,0.14963347824786477,49
3635,1,5415,3020,2395,0,0,0,1.0,1,1.0,1,1.0,1,0.20327605390948122,47
3636,0,5415,3020,2395,0,0,0,1.0,1,1.0,1,1.0,1,0.22283351561005887,48
3637,3,5418,3023,2395,0,0,0,1.0,1,1.0,1,1.0,1,0.2842804973726598,49
3638,0,5418,3023,2395,0,0,0,1.0,1,1.0,1,1.0,1,0.28345171000007896,50
3639,2,5420,3025,2395,0,0,0,1.0,1,1.0,1,1.0,1,0.29180987003048736,52
3640,2,5422,3026,2396,0,0,0,1.0,1,1.0,1,1.0,1,0.30923286818711,52
3641,10,5432,3027,2405,0,0,0,1.0,1,1.0,1,1.0,1,0.21061344074375732,52
3642,2,5434,3027,2407,0,0,0,1.0,1,1.0,1,1.0,1,0.17940960168790715,52
3643,0,5434,3027,2407,0,0,0,1.0,1,1.0,1,1.0,1,0.17940960168790715,52
3644,1,5435,3027,2408,0,0,0,1.0,1,1.0,1,1.0,1,0.16119012440896127,52
3645,1,5436,3028,2408,0,0,0,1.0,1,1.0,1,1.0,1,0.1519902927815536,53
3646,1,5437,3028,2409,0,0,0,1.0,1,1.0,1,1.0,1,0.1397620734178056,53
3647,1,5438,3028,2410,0,0,0,1.0,1,1.0,1,1.0,1,0.13737678994591587,55
3648,1,5439,3028,2411,0,0,0,1.0,1,1.0,1,1.0,1,0.12701714199955313,57
3649,1,5440,3028,2412,0,0,0,1.0,1,1.0,1,1.0,1,0.12226996217984207,57
3650,0,5440,3028,2412,0,0,0,1.0,1,1.0,1,1.0,1,0.12924555843634147,59
3651,0,5440,3028,2412,0,0,0,1.0,1,1.0,1,1.0,1,0.12924555843634147,59
3652,0,5440,3028,2412,0,0,0,1.0,1,1.0,1,1.0,1,0.12924555843634147,59
3653,0,5440,3028,2412,0,0,0,1.0,1,1.0,1,1.0,1,0.12924555843634147,59
3654,0,5440,3028,2412,0,0,0,1.0,1,1.0,1,1.0,1,0.12924555843634147,59
3655,5,5445,3028,2417,0,0,0,1.0,1,1.0,1,1.0,1,0.14310015191095013,62
3656,3,5448,3028,2420,0,0,0,1.0,1,1.0,1,1.0,1,0.10962786949552719,62
3657,6,5454,3028,2426,0,0,0,1.0,1,1.0,1,1.0,1,0.11957860871316593,63
3658,10,5464,3030,2434,0,0,0,1.0,1,1.0,1,1.0,1,0.13580309821128222,63
3659,3,5467,3031,2436,0,0,0,1.0,1,1.0,1,1.0,1,0.15496643661684645,62
3660,7,5474,3033,2441,0,0,0,1.0,1,1.0,1,1.0,1,0.15467927657777059,62
3661,6,5480,3034,2446,0,0,0,1.0,1,1.0,1,1.0,1,0.09745888406150582,61
3662,1,5481,3035,2446,0,0,0,1.0,1,1.0,1,1.0,1,0.1137987977650229,60
3663,1,5482,3036,2446,0,0,0,1.0,1,1.0,1,1.0,1,0.13178155616078,61
3664,1,5483,3037,2446,0,0,0,1.0,1,1.0,1,1.0,1,0.1252127755692539,58
3665,1,5484,3038,2446,0,0,0,1.0,1,1.0,1,1.0,1,0.15861610026620895,58
3666,0,5484,3038,2446,0,0,0,1.0,1,1.0,1,1.0,1,0.1409335529439501,58
3667,2,5486,3040,2446,0,0,0,1.0,1,1.0,1,1.0,1,0.12540307465890674,58
3668,0,5486,3040,2446,0,0,0,1.0,1,1.0,1,1.0,1,0.13081552080830552,58
3669,1,5487,3041,2446,0,0,0,1.0,1,1.0,1,1.0,1,0.11164333158302994,57
3670,1,5488,3042,2446,0,0,0,1.0,1,1.0,1,1.0,1,0.14647972405171836,56
3671,2,5490,3043,2447,0,0,0,1.0,1,1.0,1,1.0,1,0.17163958392404924,57
3672,2,5492,3044,2448,0,0,0,1.0,1,1.0,1,1.0,1,0.195492185011231,57
3673,0,5492,3044,2448,0,0,0,1.0,1,1.0,1,1.0,1,0.18196925848803935,58
3674,0,5492,3044,2448,0,0,0,1.0,1,1.0,1,1.0,1,0.19309525474636471,57
3675,0,5492,3044,2448,0,0,0,1.0,1,1.0,1,1.0,1,0.1943011164080583,58
3676,3,5495,3046,2449,0,0,0,1.0,1,1.0,1,1.0,1,0.21345673720723324,59
3677,1,5496,3046,2450,0,0,0,1.0,1,1.0,1,1.0,1,0.2073266705325016,60
3678,4,5500,3046,2454,0,0,0,1.0,1,1.0,1,1.0,1,0.2271334642320751,62
3679,4,5504,3046,2458,0,0,0,1.0,1,1.0,1,1.0,1,0.2271334642320751,62
3680,4,5508,3046,2462,0,0,0,1.0,1,1.0,1,1.0,1,0.20715859912152948,63
3681,3,5511,3046,2465,0,0,0,1.0,1,1.0,1,1.0,1,0.19061952590264647,64
3682,0,5511,3046,2465,0,0,0,1.0,1,1.0,1,1.0,1,0.19061952590264647,64
3683,0,5511,3046,2465,0,0,0,1.0,1,1.0,1,1.0,1,0.19061952590264647,64
3684,2,5513,3047,2466,0,0,0,1.0,1,1.0,1,1.0,1,0.20340611375150405,64
3685,0,5513,3047,2466,0,0,0,1.0,1,1.0,1,1.0,1,0.20340611375150405,64
3686,0,5513,3047,2466,0,0,0,1.0,1,1.0,1,1.0,1,0.19528093669575508,65
3687,0,5513,3047,2466,0,0,0,1.0,1,1.0,1,1.0,1,0.19528093669575508,65
3688,0,5513,3047,2466,0,0,0,1.0,1,1.0,1,1.0,1,0.20465827697152528,66
3689,0,5513,3047,2466,0,0,0,1.0,1,1.0,1,1.0,1,0.20465827697152528,66
3690,2,5515,3047,2468,0,0,0,1.0,1,1.0,1,1.0,1,0.19616516637951684,67
3691,1,5516,3047,2469,0,0,0,1.0,1,1.0,1,1.0,1,0.17959730955532144,68
3692,0,5516,3047,2469,0,0,0,1.0,1,1.0,1,1.0,1,0.17413265748510148,69
3693,1,5517,3047,2470,0,0,0,1.0,1,1.0,1,1.0,1,0.1745196359737635,69
3694,2,5519,3048,2471,0,0,0,1.0,1,1.0,1,1.0,1,0.18812040822308995,70
3695,2,5521,3048,2473,0,0,0,1.0,1,1.0,1,1.0,1,0.18812040822308995,70
3696,4,5525,3050,2475,0,0,0,1.0,1,1.0,1,1.0,1,0.17350225877707856,71
3697,5,5530,3052,2478,0,0,0,1.0,1,1.0,1,1.0,1,0.1774421383566735,70
3698,0,5530,3052,2478,0,0,0,1.0,1,1.0,1,1.0,1,0.17486548564915963,70
3699,1,5531,3053,2478,0,0,0,1.0,1,1.0,1,1.0,1,0.17103363893841117,70
3700,4,5535,3056,2479,0,0,0,1.0,1,1.0,1,1.0,1,0.1853809670938108,68
3701,1,5536,3057,2479,0,0,0,1.0,1,1.0,1,1.0,1,0.21399861270169734,69
3702,1,5537,3058,2479,0,0,0,1.0,1,1.0,1,1.0,1,0.22481712238006155,69
3703,1,5538,3059,2479,0,0,0,1.0,1,1.0,1,1.0,1,0.2551651281188781,70
3704,3,5541,3061,2480,0,0,0,1.0,1,1.0,1,1.0,1,0.2726814937216687,69
3705,1,5542,3061,2481,0,0,0,1.0,1,1.0,1,1.0,1,0.2415721083457053,69
3706,4,5546,3064,2482,0,0,0,1.0,1,1.0,1,1.0,1,0.23038246896988027,69
3707,0,5546,3064,2482,0,0,0,1.0,1,1.0,1,1.0,1,0.21380320414288548,67
3708,1,5547,3065,2482,0,0,0,1.0,1,1.0,1,1.0,1,0.19859565861823922,67
3709,0,5547,3065,2482,0,0,0,1.0,1,1.0,1,1.0,1,0.19859565861823922,67
3710,2,5549,3067,2482,0,0,0,1.0,1,1.0,1,1.0,1,0.1912811449249392,67
3711,0,5549,3067,2482,0,0,0,1.0,1,1.0,1,1.0,1,0.1921874613343657,68
3712,1,5550,3068,2482,0,0,0,1.0,1,1.0,1,1.0,1,0.19993359760145135,68
3713,3,5553,3069,2484,0,0,0,1.0,1,1.0,1,1.0,1,0.17659677901849974,68
3714,0,5553,3069,2484,0,0,0,1.0,1,1.0,1,1.0,1,0.1932204037411118,67
3715,1,5554,3069,2485,0,0,0,1.0,1,1.0,1,1.0,1,0.18604729940862186,68
3716,1,5555,3069,2486,0,0,0,1.0,1,1.0,1,1.0,1,0.18975874339012416,67
3717,1,5556,3070,2486,0,0,0,1.0,1,1.0,1,1.0,1,0.22139224081341977,68
3718,1,5557,3070,2487,0,0,0,1.0,1,1.0,1,1.0,1,0.22339321786435032,68
3719,1,5558,3071,2487,0,0,0,1.0,1,1.0,1,1.0,1,0.2652203812902327,68
3720,0,5558,3071,2487,0,0,0,1.0,1,1.0,1,1.0,1,0.2652203812902327,68
3721,5,5563,3074,2489,0,0,0,1.0,1,1.0,1,1.0,1,0.20995360287376244,70
3722,0,5563,3074,2489,0,0,0,1.0,1,1.0,1,1.0,1,0.21858156850580476,71
3723,4,5567,3074,2493,0,0,0,1.0,1,1.0,1,1.0,1,0.19229203009985946,71
3724,0,5567,3074,2493,0,0,0,1.0,1,1.0,1,1.0,1,0.18702517869285284,72
3725,5,5572,3076,2496,0,0,0,1.0,1,1.0,1,1.0,1,0.21019588591508626,72
3726,2,5574,3076,2498,0,0,0,1.0,1,1.0,1,1.0,1,0.19855599021825865,71
3727,1,5575,3077,2498,0,0,0,1.0,1,1.0,1,1.0,1,0.22132838445463443,71
3728,0,5575,3077,2498,0,0,0,1.0,1,1.0,1,1.0,1,0.233777148673558,70
3729,0,5575,3077,2498,0,0,0,1.0,1,1.0,1,1.0,1,0.233777148673558,70
3730,4,5579,3078,2501,0,0,0,1.0,1,1.0,1,1.0,1,0.243529296496414,71
3731,0,5579,3078,2501,0,0,0,1.0,1,1.0,1,1.0,1,0.243529296496414,71
3732,0,5579,3078,2501,0,0,0,1.0,1,1.0,1,1.0,1,0.2385193528030039,72
3733,1,5580,3079,2501,0,0,0,1.0,1,1.0,1,1.0,1,0.25250532842193557,73
3734,2,5582,3080,2502,0,0,0,1.0,1,1.0,1,1.0,1,0.2718181496961706,74
3735,2,5584,3081,2503,0,0,0,1.0,1,1.0,1,1.0,1,0.27186809967274095,72
3736,1,5585,3081,2504,0,0,0,1.0,1,1.0,1,1.0,1,0.24182253349759786,72
3737,0,5585,3081,2504,0,0,0,1.0,1,1.0,1,1.0,1,0.23659245002234003,73
3738,0,5585,3081,2504,0,0,0,1.0,1,1.0,1,1.0,1,0.22466802574461345,72
3739,1,5586,3082,2504,0,0,0,1.0,1,1.0,1,1.0,1,0.21013615680488565,73
3740,0,5586,3082,2504,0,0,0,1.0,1,1.0,1,1.0,1,0.20529511250919238,70
3741,3,5589,3082,2507,0,0,0,1.0,1,1.0,1,1.0,1,0.18471356735986874,70
3742,0,5589,3082,2507,0,0,0,1.0,1,1.0,1,1.0,1,0.18471356735986874,70
3743,1,5590,3082,2508,0,0,0,1.0,1,1.0,1,1.0,1,0.2176841207053593,69
3744,4,5594,3084,2510,0,0,0,1.0,1,1.0,1,1.0,1,0.24758294708039655,69
3745,3,5597,3084,2513,0,0,0,1.0,1,1.0,1,1.0,1,0.22352044094208243,68
3746,0,5597,3084,2513,0,0,0,1.0,1,1.0,1,1.0,1,0.24583094001418934,66
3747,0,5597,3084,2513,0,0,0,1.0,1,1.0,1,1.0,1,0.24563330162570976,66
3748,0,5597,3084,2513,0,0,0,1.0,1,1.0,1,1.0,1,0.23049221932777436,65
3749,0,5597,3084,2513,0,0,0,1.0,1,1.0,1,1.0,1,0.23609243944710698,64
3750,2,5599,3086,2513,0,0,0,1.0,1,1.0,1,1.0,1,0.23946463090436101,63
3751,0,5599,3086,2513,0,0,0,1.0,1,1.0,1,1.0,1,0.2228284637714548,64
3752,2,5601,3088,2513,0,0,0,1.0,1,1.0,1,1.0,1,0.21168500481076719,64
3753,0,5601,3088,2513,0,0,0,1.0,1,1.0,1,1.0,1,0.21238565523434969,65
3754,2,5603,3090,2513,0,0,0,1.0,1,1.0,1,1.0,1,0.22257907113414543,65
3755,2,5605,3091,2514,0,0,0,1.0,1,1.0,1,1.0,1,0.248978485420901,65
3756,0,5605,3091,2514,0,0,0,1.0,1,1.0,1,1.0,1,0.25759360917792834,65
3757,3,5608,3093,2515,0,0,0,1.0,1,1.0,1,1.0,1,0.2873205563963177,65
3758,0,5608,3093,2515,0,0,0,1.0,1,1.0,1,1.0,1,0.29763388508883526,64
3759,1,5609,3094,2515,0,0,0,1.0,1,1.0,1,1.0,1,0.31436072673549315,64
3760,1,5610,3095,2515,0,0,0,1.0,1,1.0,1,1.0,1,0.337099635216477,63
3761,8,5618,3095,2523,0,0,0,1.0,1,1.0,1,1.0,1,0.25317698923443266,63
3762,2,5620,3096,2524,0,0,0,1.0,1,1.0,1,1.0,1,0.23451563657908986,65
3763,0,5620,3096,2524,0,0,0,1.0,1,1.0,1,1.0,1,0.23451563657908986,65
3764,3,5623,3096,2527,0,0,0,1.0,1,1.0,1,1.0,1,0.22135079790049242,66
3765,2,5625,3096,2529,0,0,0,1.0,1,1.0,1,1.0,1,0.21583885846449297,67
3766,2,5627,3096,2531,0,0,0,1.0,1,1.0,1,1.0,1,0.20255178180625122,67
3767,1,5628,3096,2532,0,0,0,1.0,1,1.0,1,1.0,1,0.20475786084533049,68
3768,6,5634,3098,2536,0,0,0,1.0,1,1.0,1,1.0,1,0.2367480128050094,67
3769,4,5638,3098,2540,0,0,0,1.0,1,1.0,1,1.0,1,0.23258956617293788,69
3770,6,5644,3098,2546,0,0,0,1.0,1,1.0,1,1.0,1,0.23258956617293788,69
3771,7,5651,3099,2552,0,0,0,1.0,1,1.0,1,1.0,1,0.2634757999393462,69
3772,3,5654,3099,2555,0,0,0,1.0,1,1.0,1,1.0,1,0.24315586426104266,70
3773,1,5655,3100,2555,0,0,0,1.0,1,1.0,1,1.0,1,0.2661239467235796,68
3774,0,5655,3100,2555,0,0,0,1.0,1,1.0,1,1.0,1,0.26564515162958197,68
3775,1,5656,3101,2555,0,0,0,1.0,1,1.0,1,1.0,1,0.29561232853043623,68
3776,1,5657,3101,2556,0,0,0,1.0,1,1.0,1,1.0,1,0.2826526057374053,66
3777,2,5659,3103,2556,0,0,0,1.0,1,1.0,1,1.0,1,0.2628452060281915,65
3778,1,5660,3104,2556,0,0,0,1.0,1,1.0,1,1.0,1,0.24198340332164384,65
3779,1,5661,3105,2556,0,0,0,1.0,1,1.0,1,1.0,1,0.2661050498816087,65
3780,1,5662,3106,2556,0,0,0,1.0,1,1.0,1,1.0,1,0.24644486346193248,64
3781,7,5669,3106,2563,0,0,0,1.0,1,1.0,1,1.0,1,0.18873077867691532,64
3782,4,5673,3106,2567,0,0,0,1.0,1,1.0,1,1.0,1,0.16387723326378703,67
3783,0,5673,3106,2567,0,0,0,1.0,1,1.0,1,1.0,1,0.1602829471300103,65
3784,0,5673,3106,2567,0,0,0,1.0,1,1.0,1,1.0,1,0.16170840163877315,65
3785,1,5674,3107,2567,0,0,0,1.0,1,1.0,1,1.0,1,0.1924958449973723,63
3786,0,5674,3107,2567,0,0,0,1.0,1,1.0,1,1.0,1,0.18390610181765632,66
3787,2,5676,3108,2568,0,0,0,1.0,1,1.0,1,1.0,1,0.20940065748480005,65
3788,1,5677,3108,2569,0,0,0,1.0,1,1.0,1,1.0,1,0.20136828597047135,65
3789,3,5680,3110,2570,0,0,0,1.0,1,1.0,1,1.0,1,0.21120009820655009,65
3790,1,5681,3111,2570,0,0,0,1.0,1,1.0,1,1.0,1,0.24153805056419964,64
3791,1,5682,3111,2571,0,0,0,1.0,1,1.0,1,1.0,1,0.23318453618232718,64
3792,3,5685,3114,2571,0,0,0,1.0,1,1.0,1,1.0,1,0.2512717368442712,65
3793,3,5688,3115,2573,0,0,0,1.0,1,1.0,1,1.0,1,0.24828649325257168,68
3794,1,5689,3116,2573,0,0,0,1.0,1,1.0,1,1.0,1,0.2577335557106773,68
3795,1,5690,3116,2574,0,0,0,1.0,1,1.0,1,1.0,1,0.23801856189923778,69
3796,0,5690,3116,2574,0,0,0,1.0,1,1.0,1,1.0,1,0.23801856189923778,69
3797,1,5691,3117,2574,0,0,0,1.0,1,1.0,1,1.0,1,0.2500784182665134,70
3798,0,5691,3117,2574,0,0,0,1.0,1,1.0,1,1.0,1,0.2500784182665134,70
3799,0,5691,3117,2574,0,0,0,1.0,1,1.0,1,1.0,1,0.26145135673218256,69
3800,0,5691,3117,2574,0,0,0,1.0,1,1.0,1,1.0,1,0.26145135673218256,69
3801,10,5701,3117,2584,0,0,0,1.0,1,1.0,1,1.0,1,0.2044641577260819,67
3802,3,5704,3117,2587,0,0,0,1.0,1,1.0,1,1.0,1,0.18366646767173017,67
3803,1,5705,3117,2588,0,0,0,1.0,1,1.0,1,1.0,1,0.17979078264765455,69
3804,0,5705,3117,2588,0,0,0,1.0,1,1.0,1,1.0,1,0.18061277154531977,70
3805,2,5707,3117,2590,0,0,0,1.0,1,1.0,1,1.0,1,0.17524909074753725,71
3806,0,5707,3117,2590,0,0,0,1.0,1,1.0,1,1.0,1,0.17524909074753725,71
3807,0,5707,3117,2590,0,0,0,1.0,1,1.0,1,1.0,1,0.18131056135875676,72
3808,0,5707,3117,2590,0,0,0,1.0,1,1.0,1,1.0,1,0.18131056135875676,72
3809,1,5708,3118,2590,0,0,0,1.0,1,1.0,1,1.0,1,0.20721099082527306,72
3810,1,5709,3119,2590,0,0,0,1.0,1,1.0,1,1.0,1,0.22888811877812357,72
3811,2,5711,3120,2591,0,0,0,1.0,1,1.0,1,1.0,1,0.22232623997116815,71
3812,1,5712,3120,2592,0,0,0,1.0,1,1.0,1,1.0,1,0.22391770067047248,72
3813,2,5714,3121,2593,0,0,0,1.0,1,1.0,1,1.0,1,0.22281562654341805,71
3814,1,5715,3122,2593,0,0,0,1.0,1,1.0,1,1.0,1,0.22531365467876255,72
3815,0,5715,3122,2593,0,0,0,1.0,1,1.0,1,1.0,1,0.2050628911996536,71
3816,0,5715,3122,2593,0,0,0,1.0,1,1.0,1,1.0,1,0.18857888048700983,69
3817,2,5717,3123,2594,0,0,0,1.0,1,1.0,1,1.0,1,0.22156798545239406,72
3818,1,5718,3124,2594,0,0,0,1.0,1,1.0,1,1.0,1,0.21828611639127754,72
3819,1,5719,3125,2594,0,0,0,1.0,1,1.0,1,1.0,1,0.23164499685043768,72
3820,2,5721,3126,2595,0,0,0,1.0,1,1.0,1,1.0,1,0.22501671645661026,72
3821,5,5726,3127,2599,0,0,0,1.0,1,1.0,1,1.0,1,0.21104205287328548,72
3822,0,5726,3127,2599,0,0,0,1.0,1,1.0,1,1.0,1,0.20985956630525998,69
3823,0,5726,3127,2599,0,0,0,1.0,1,1.0,1,1.0,1,0.20985956630525998,69
3824,1,5727,3127,2600,0,0,0,1.0,1,1.0,1,1.0,1,0.2305884633256532,65
3825,0,5727,3127,2600,0,0,0,1.0,1,1.0,1,1.0,1,0.24200708552210234,64
3826,2,5729,3128,2601,0,0,0,1.0,1,1.0,1,1.0,1,0.2280341850207414,65
3827,0,5729,3128,2601,0,0,0,1.0,1,1.0,1,1.0,1,0.23767504631456027,64
3828,0,5729,3128,2601,0,0,0,1.0,1,1.0,1,1.0,1,0.22534461963060098,65
3829,1,5730,3129,2601,0,0,0,1.0,1,1.0,1,1.0,1,0.25241425697442665,65
3830,0,5730,3129,2601,0,0,0,1.0,1,1.0,1,1.0,1,0.26007379199514685,64
3831,2,5732,3130,2602,0,0,0,1.0,1,1.0,1,1.0,1,0.25477061725649947,63
3832,2,5734,3132,2602,0,0,0,1.0,1,1.0,1,1.0,1,0.2503505075552215,64
3833,3,5737,3135,2602,0,0,0,1.0,1,1.0,1,1.0,1,0.2518506705217692,64
3834,0,5737,3135,2602,0,0,0,1.0,1,1.0,1,1.0,1,0.2644257833462345,63
3835,0,5737,3135,2602,0,0,0,1.0,1,1.0,1,1.0,1,0.2630782088549279,63
3836,2,5739,3137,2602,0,0,0,1.0,1,1.0,1,1.0,1,0.27851668903937604,63
3837,2,5741,3138,2603,0,0,0,1.0,1,1.0,1,1.0,1,0.28563620512123833,62
3838,2,5743,3140,2603,0,0,0,1.0,1,1.0,1,1.0,1,0.3015270971515689,62
3839,2,5745,3141,2604,0,0,0,1.0,1,1.0,1,1.0,1,0.31067032655126736,60
3840,1,5746,3141,2605,0,0,0,1.0,1,1.0,1,1.0,1,0.28899871752462747,62
3841,5,5751,3141,2610,0,0,0,1.0,1,1.0,1,1.0,1,0.1965928866669593,62
3842,2,5753,3141,2612,0,0,0,1.0,1,1.0,1,1.0,1,0.16317186523647853,63
3843,1,5754,3141,2613,0,0,0,1.0,1,1.0,1,1.0,1,0.15038175530474052,64
3844,2,5756,3141,2615,0,0,0,1.0,1,1.0,1,1.0,1,0.12808109263695136,65
3845,3,5759,3141,2618,0,0,0,1.0,1,1.0,1,1.0,1,0.12055855319629499,66
3846,3,5762,3141,2621,0,0,0,1.0,1,1.0,1,1.0,1,0.12751769637787505,67
3847,2,5764,3141,2623,0,0,0,1.0,1,1.0,1,1.0,1,0.11607418952650811,67
3848,2,5766,3142,2624,0,0,0,1.0,1,1.0,1,1.0,1,0.10050466727420201,67
3849,0,5766,3142,2624,0,0,0,1.0,1,1.0,1,1.0,1,0.09755479904767478,67
3850,1,5767,3143,2624,0,0,0,1.0,1,1.0,1,1.0,1,0.1058568166556435,68
3851,2,5769,3145,2624,0,0,0,1.0,1,1.0,1,1.0,1,0.13569089018775568,68
3852,1,5770,3145,2625,0,0,0,1.0,1,1.0,1,1.0,1,0.13055743367600012,70
3853,3,5773,3147,2626,0,0,0,1.0,1,1.0,1,1.0,1,0.16499946636737217,70
3854,4,5777,3149,2628,0,0,0,1.0,1,1.0,1,1.0,1,0.16746660980510916,70
3855,3,5780,3150,2630,0,0,0,1.0,1,1.0,1,1.0,1,0.18022831833241035,69
3856,3,5783,3151,2632,0,0,0,1.0,1,1.0,1,1.0,1,0.1984646527734576,70
3857,2,5785,3153,2632,0,0,0,1.0,1,1.0,1,1.0,1,0.2257667394957784,68
3858,1,5786,3154,2632,0,0,0,1.0,1,1.0,1,1.0,1,0.2353767396358889,67
3859,4,5790,3155,2635,0,0,0,1.0,1,1.0,1,1.0,1,0.1932667452561405,66
3860,5,5795,3155,2640,0,0,0,1.0,1,1.0,1,1.0,1,0.19061899257380976,66
3861,4,5799,3155,2644,0,0,0,1.0,1,1.0,1,1.0,1,0.1530310000063057,66
3862,0,5799,3155,2644,0,0,0,1.0,1,1.0,1,1.0,1,0.1530310000063057,66
3863,1,5800,3156,2644,0,0,0,1.0,1,1.0,1,1.0,1,0.1681740961012218,63
3864,1,5801,3157,2644,0,0,0,1.0,1,1.0,1,1.0,1,0.17402377039942932,63
3865,0,5801,3157,2644,0,0,0,1.0,1,1.0,1,1.0,1,0.18846790760529705,61
3866,1,5802,3158,2644,0,0,0,1.0,1,1.0,1,1.0,1,0.18203111785933485,61
3867,0,5802,3158,2644,0,0,0,1.0,1,1.0,1,1.0,1,0.19019354990357137,60
3868,2,5804,3160,2644,0,0,0,1.0,1,1.0,1,1.0,1,0.22735511482983833,59
3869,0,5804,3160,2644,0,0,0,1.0,1,1.0,1,1.0,1,0.2158106847821162,61
3870,1,5805,3161,2644,0,0,0,1.0,1,1.0,1,1.0,1,0.2145037366361581,61
3871,1,5806,3162,2644,0,0,0,1.0,1,1.0,1,1.0,1,0.210656769343018,64
3872,0,5806,3162,2644,0,0,0,1.0,1,1.0,1,1.0,1,0.21823128796215316,63
3873,0,5806,3162,2644,0,0,0,1.0,1,1.0,1,1.0,1,0.22779664944627118,62
3874,1,5807,3163,2644,0,0,0,1.0,1,1.0,1,1.0,1,0.214823202491778,63
3875,1,5808,3164,2644,0,0,0,1.0,1,1.0,1,1.0,1,0.23506112305166565,61
3876,0,5808,3164,2644,0,0,0,1.0,1,1.0,1,1.0,1,0.21656144319781942,62
3877,2,5810,3166,2644,0,0,0,1.0,1,1.0,1,1.0,1,0.256073973683967,63
3878,0,5810,3166,2644,0,0,0,1.0,1,1.0,1,1.0,1,0.256073973683967,63
3879,1,5811,3167,2644,0,0,0,1.0,1,1.0,1,1.0,1,0.2618674255382473,63
3880,1,5812,3168,2644,0,0,0,1.0,1,1.0,1,1.0,1,0.2467671141812643,65
3881,8,5820,3169,2651,0,0,0,1.0,1,1.0,1,1.0,1,0.18727906473408748,65
3882,3,5823,3171,2652,0,0,0,1.0,1,1.0,1,1.0,1,0.19848338255510306,66
3883,1,5824,3172,2652,0,0,0,1.0,1,1.0,1,1.0,1,0.21404767323446452,66
3884,2,5826,3173,2653,0,0,0,1.0,1,1.0,1,1.0,1,0.23768296755990326,66
3885,2,5828,3174,2654,0,0,0,1.0,1,1.0,1,1.0,1,0.2472021115346693,66
3886,1,5829,3175,2654,0,0,0,1.0,1,1.0,1,1.0,1,0.25470057059997164,65
3887,1,5830,3176,2654,0,0,0,1.0,1,1.0,1,1.0,1,0.23653362074539924,65
3888,1,5831,3177,2654,0,0,0,1.0,1,1.0,1,1.0,1,0.24004484659918834,66
3889,2,5833,3179,2654,0,0,0,1.0,1,1.0,1,1.0,1,0.2358102206353259,64
3890,3,5836,3181,2655,0,0,0,1.0,1,1.0,1,1.0,1,0.20245636134986406,63
3891,2,5838,3182,2656,0,0,0,1.0,1,1.0,1,1.0,1,0.16881301963402687,66
3892,3,5841,3184,2657,0,0,0,1.0,1,1.0,1,1.0,1,0.13978878327106828,67
3893,0,5841,3184,2657,0,0,0,1.0,1,1.0,1,1.0,1,0.13246136959100976,66
3894,4,5845,3187,2658,0,0,0,1.0,1,1.0,1,1.0,1,0.13246804981652358,67
3895,2,5847,3188,2659,0,0,0,1.0,1,1.0,1,1.0,1,0.13348207953892977,66
3896,1,5848,3189,2659,0,0,0,1.0,1,1.0,1,1.0,1,0.144088911015993,66
3897,3,5851,3189,2662,0,0,0,1.0,1,1.0,1,1.0,1,0.14827082337286432,65
3898,4,5855,3192,2663,0,0,0,1.0,1,1.0,1,1.0,1,0.20834271442784094,65
3899,3,5858,3194,2664,0,0,0,1.0,1,1.0,1,1.0,1,0.21515257766688284,64
3900,2,5860,3195,2665,0,0,0,1.0,1,1.0,1,1.0,1,0.24138707315169336,63
3901,7,5867,3197,2670,0,0,0,1.0,1,1.0,1,1.0,1,0.20910815210155206,63
3902,1,5868,3197,2671,0,0,0,1.0,1,1.0,1,1.0,1,0.21168611857177222,64
3903,1,5869,3197,2672,0,0,0,1.0,1,1.0,1,1.0,1,0.1974089862010359,64
3904,0,5869,3197,2672,0,0,0,1.0,1,1.0,1,1.0,1,0.20369604044010609,63
3905,0,5869,3197,2672,0,0,0,1.0,1,1.0,1,1.0,1,0.19465085363917684,63
3906,1,5870,3198,2672,0,0,0,1.0,1,1.0,1,1.0,1,0.1767449326831215,64
3907,0,5870,3198,2672,0,0,0,1.0,1,1.0,1,1.0,1,0.19779047235656175,64
3908,1,5871,3199,2672,0,0,0,1.0,1,1.0,1,1.0,1,0.1931426262821525,63
3909,0,5871,3199,2672,0,0,0,1.0,1,1.0,1,1.0,1,0.20254539500824828,62
3910,0,5871,3199,2672,0,0,0,1.0,1,1.0,1,1.0,1,0.22120811822480757,62
3911,1,5872,3200,2672,0,0,0,1.0,1,1.0,1,1.0,1,0.22509642107920708,64
3912,1,5873,3201,2672,0,0,0,1.0,1,1.0,1,1.0,1,0.24280721429704374,64
3913,1,5874,3201,2673,0,0,0,1.0,1,1.0,1,1.0,1,0.24461697909433539,65
3914,0,5874,3201,2673,0,0,0,1.0,1,1.0,1,1.0,1,0.26022822968463083,65
3915,0,5874,3201,2673,0,0,0,1.0,1,1.0,1,1.0,1,0.2550365929807744,66
3916,2,5876,3203,2673,0,0,0,1.0,1,1.0,1,1.0,1,0.26631818024223347,66
3917,1,5877,3203,2674,0,0,0,1.0,1,1.0,1,1.0,1,0.25732559127224053,66
3918,2,5879,3204,2675,0,0,0,1.0,1,1.0,1,1.0,1,0.2678311812468625,67
3919,0,5879,3204,2675,0,0,0,1.0,1,1.0,1,1.0,1,0.2550093497703065,68
3920,0,5879,3204,2675,0,0,0,1.0,1,1.0,1,1.0,1,0.23923675383390547,69
3921,7,5886,3205,2681,0,0,0,1.0,1,1.0,1,1.0,1,0.1798488386155486,68
3922,2,5888,3207,2681,0,0,0,1.0,1,1.0,1,1.0,1,0.21375717487798873,68
3923,1,5889,3207,2682,0,0,0,1.0,1,1.0,1,1.0,1,0.21582754680112512,69
3924,3,5892,3208,2684,0,0,0,1.0,1,1.0,1,1.0,1,0.19520243659063602,69
3925,4,5896,3211,2685,0,0,0,1.0,1,1.0,1,1.0,1,0.21346396394964903,67
3926,1,5897,3211,2686,0,0,0,1.0,1,1.0,1,1.0,1,0.2148633469446533,67
3927,1,5898,3212,2686,0,0,0,1.0,1,1.0,1,1.0,1,0.2161397467423057,65
3928,1,5899,3212,2687,0,0,0,1.0,1,1.0,1,1.0,1,0.21025114503202672,65
3929,2,5901,3214,2687,0,0,0,1.0,1,1.0,1,1.0,1,0.20946703180553808,64
3930,0,5901,3214,2687,0,0,0,1.0,1,1.0,1,1.0,1,0.203812202828169,64
3931,2,5903,3216,2687,0,0,0,1.0,1,1.0,1,1.0,1,0.17378160764665118,62
3932,0,5903,3216,2687,0,0,0,1.0,1,1.0,1,1.0,1,0.17378160764665118,62
3933,1,5904,3217,2687,0,0,0,1.0,1,1.0,1,1.0,1,0.1631349376183467,62
3934,2,5906,3218,2688,0,0,0,1.0,1,1.0,1,1.0,1,0.1381685690152648,61
3935,0,5906,3218,2688,0,0,0,1.0,1,1.0,1,1.0,1,0.14310736089285678,64
3936,0,5906,3218,2688,0,0,0,1.0,1,1.0,1,1.0,1,0.1506010537809945,65
3937,1,5907,3218,2689,0,0,0,1.0,1,1.0,1,1.0,1,0.12677975245990003,66
3938,0,5907,3218,2689,0,0,0,1.0,1,1.0,1,1.0,1,0.12677975245990003,66
3939,0,5907,3218,2689,0,0,0,1.0,1,1.0,1,1.0,1,0.13762256497527633,67
3940,0,5907,3218,2689,0,0,0,1.0,1,1.0,1,1.0,1,0.12187948918798487,69
3941,2,5909,3218,2691,0,0,0,1.0,1,1.0,1,1.0,1,0.10946697416550094,69
3942,1,5910,3219,2691,0,0,0,1.0,1,1.0,1,1.0,1,0.1278431796461454,69
3943,1,5911,3220,2691,0,0,0,1.0,1,1.0,1,1.0,1,0.15843980869054336,68
3944,2,5913,3220,2693,0,0,0,1.0,1,1.0,1,1.0,1,0.15663332387568746,68
3945,3,5916,3223,2693,0,0,0,1.0,1,1.0,1,1.0,1,0.16656339125155054,67
3946,3,5919,3225,2694,0,0,0,1.0,1,1.0,1,1.0,1,0.1941683888191848,67
3947,1,5920,3226,2694,0,0,0,1.0,1,1.0,1,1.0,1,0.19473926570737862,66
3948,3,5923,3228,2695,0,0,0,1.0,1,1.0,1,1.0,1,0.17473332846376755,67
3949,4,5927,3232,2695,0,0,0,1.0,1,1.0,1,1.0,1,0.2776917112971963,66
3950,3,5930,3233,2697,0,0,0,1.0,1,1.0,1,1.0,1,0.26109561963203876,65
3951,0,5930,3233,2697,0,0,0,1.0,1,1.0,1,1.0,1,0.25498757687870743,65
3952,1,5931,3234,2697,0,0,0,1.0,1,1.0,1,1.0,1,0.2673829643597714,65
3953,1,5932,3234,2698,0,0,0,1.0,1,1.0,1,1.0,1,0.26436863261781235,65
3954,0,5932,3234,2698,0,0,0,1.0,1,1.0,1,1.0,1,0.2741416874907753,64
3955,0,5932,3234,2698,0,0,0,1.0,1,1.0,1,1.0,1,0.2860589443932933,64
3956,2,5934,3236,2698,0,0,0,1.0,1,1.0,1,1.0,1,0.25762294261432594,63
3957,0,5934,3236,2698,0,0,0,1.0,1,1.0,1,1.0,1,0.25762294261432594,63
3958,1,5935,3237,2698,0,0,0,1.0,1,1.0,1,1.0,1,0.26455472192450696,63
3959,1,5936,3238,2698,0,0,0,1.0,1,1.0,1,1.0,1,0.2623108682103068,62
3960,0,5936,3238,2698,0,0,0,1.0,1,1.0,1,1.0,1,0.2623108682103068,62
3961,7,5943,3240,2703,0,0,0,1.0,1,1.0,1,1.0,1,0.21279961979749792,64
3962,0,5943,3240,2703,0,0,0,1.0,1,1.0,1,1.0,1,0.21279961979749792,64
3963,5,5948,3244,2704,0,0,0,1.0,1,1.0,1,1.0,1,0.2186263081268327,62
3964,2,5950,3244,2706,0,0,0,1.0,1,1.0,1,1.0,1,0.18944854401277733,63
3965,2,5952,3244,2708,0,0,0,1.0,1,1.0,1,1.0,1,0.15563303506304896,63
3966,2,5954,3244,2710,0,0,0,1.0,1,1.0,1,1.0,1,0.1460598925946379,62
3967,3,5957,3244,2713,0,0,0,1.0,1,1.0,1,1.0,1,0.13819612446296348,64
3968,2,5959,3244,2715,0,0,0,1.0,1,1.0,1,1.0,1,0.13042017723925678,63
3969,2,5961,3244,2717,0,0,0,1.0,1,1.0,1,1.0,1,0.1110998185278017,63
3970,1,5962,3244,2718,0,0,0,1.0,1,1.0,1,1.0,1,0.10885996952095371,65
3971,0,5962,3244,2718,0,0,0,1.0,1,1.0,1,1.0,1,0.10885996952095371,65
3972,3,5965,3246,2719,0,0,0,1.0,1,1.0,1,1.0,1,0.15249598272593584,66
3973,0,5965,3246,2719,0,0,0,1.0,1,1.0,1,1.0,1,0.15249598272593584,66
3974,2,5967,3248,2719,0,0,0,1.0,1,1.0,1,1.0,1,0.16734040806697323,66
3975,4,5971,3251,2720,0,0,0,1.0,1,1.0,1,1.0,1,0.16433970483944285,66
3976,3,5974,3252,2722,0,0,0,1.0,1,1.0,1,1.0,1,0.16554516001271716,66
3977,3,5977,3254,2723,0,0,0,1.0,1,1.0,1,1.0,1,0.19294110615578752,64
3978,6,5983,3257,2726,0,0,0,1.0,1,1.0,1,1.0,1,0.21706746347157177,63
3979,3,5986,3257,2729,0,0,0,1.0,1,1.0,1,1.0,1,0.23006240490334207,63
3980,2,5988,3257,2731,0,0,0,1.0,1,1.0,1,1.0,1,0.19921856728904563,63
3981,6,5994,3257,2737,0,0,0,1.0,1,1.0,1,1.0,1,0.14424062072234128,64
3982,0,5994,3257,2737,0,0,0,1.0,1,1.0,1,1.0,1,0.13718723054065746,65
3983,0,5994,3257,2737,0,0,0,1.0,1,1.0,1,1.0,1,0.1447726144106763,64
3984,1,5995,3257,2738,0,0,0,1.0,1,1.0,1,1.0,1,0.1414954399675115,65
3985,1,5996,3258,2738,0,0,0,1.0,1,1.0,1,1.0,1,0.16300494563144285,64
3986,0,5996,3258,2738,0,0,0,1.0,1,1.0,1,1.0,1,0.16899667265997229,63
3987,0,5996,3258,2738,0,0,0,1.0,1,1.0,1,1.0,1,0.1776501286992459,63
3988,0,5996,3258,2738,0,0,0,1.0,1,1.0,1,1.0,1,0.17652069187717573,63
3989,1,5997,3259,2738,0,0,0,1.0,1,1.0,1,1.0,1,0.20935661025221594,63
3990,1,5998,3260,2738,0,0,0,1.0,1,1.0,1,1.0,1,0.24031299741453113,62
3991,0,5998,3260,2738,0,0,0,1.0,1,1.0,1,1.0,1,0.24031299741453113,62
3992,0,5998,3260,2738,0,0,0,1.0,1,1.0,1,1.0,1,0.22030199969658248,65
3993,0,5998,3260,2738,0,0,0,1.0,1,1.0,1,1.0,1,0.22030199969658248,65
3994,1,5999,3260,2739,0,0,0,1.0,1,1.0,1,1.0,1,0.20866195273580113,64
3995,0,5999,3260,2739,0,0,0,1.0,1,1.0,1,1.0,1,0.20866195273580113,64
3996,2,6001,3260,2741,0,0,0,1.0,1,1.0,1,1.0,1,0.17769021528552778,67
3997,1,6002,3261,2741,0,0,0,1.0,1,1.0,1,1.0,1,0.18181160747164793,69
3998,1,6003,3262,2741,0,0,0,1.0,1,1.0,1,1.0,1,0.19354181033102036,69
3999,0,6003,3262,2741,0,0,0,1.0,1,1.0,1,1.0,1,0.19354181033102036,69
4000,1,6004,3262,2742,0,0,0,1.0,1,1.0,1,1.0,1,0.1589801716403057,69
4001,3,6007,3262,2745,0,0,0,1.0,1,1.0,1,1.0,1,0.1018590469160969,68
4002,0,6007,3262,2745,0,0,0,1.0,1,1.0,1,1.0,1,0.09532081742555551,68
4003,3,6010,3264,2746,0,0,0,1.0,1,1.0,1,1.0,1,0.1285483068189854,68
4004,5,6015,3267,2748,0,0,0,1.0,1,1.0,1,1.0,1,0.09895526861798666,67
4005,1,6016,3268,2748,0,0,0,1.0,1,1.0,1,1.0,1,0.11480489263859134,67
4006,3,6019,3271,2748,0,0,0,1.0,1,1.0,1,1.0,1,0.12499333165278008,67
4007,3,6022,3272,2750,0,0,0,1.0,1,1.0,1,1.0,1,0.13067086584899187,67
4008,4,6026,3275,2751,0,0,0,1.0,1,1.0,1,1.0,1,0.13056640240377568,67
4009,2,6028,3277,2751,0,0,0,1.0,1,1.0,1,1.0,1,0.14714998655444325,67
4010,1,6029,3278,2751,0,0,0,1.0,1,1.0,1,1.0,1,0.15450624852990869,66
4011,2,6031,3280,2751,0,0,0,1.0,1,1.0,1,1.0,1,0.1498759319219683,66
4012,2,6033,3282,2751,0,0,0,1.0,1,1.0,1,1.0,1,0.16286219908302987,66
4013,1,6034,3282,2752,0,0,0,1.0,1,1.0,1,1.0,1,0.14464569333866154,66
4014,3,6037,3283,2754,0,0,0,1.0,1,1.0,1,1.0,1,0.1455772524526832,66
4015,0,6037,3283,2754,0,0,0,1.0,1,1.0,1,1.0,1,0.16980190054705627,64
4016,2,6039,3284,2755,0,0,0,1.0,1,1.0,1,1.0,1,0.20307696265562186,64
4017,4,6043,3285,2758,0,0,0,1.0,1,1.0,1,1.0,1,0.20934509635492074,66
4018,2,6045,3285,2760,0,0,0,1.0,1,1.0,1,1.0,1,0.19955130371589253,67
4019,5,6050,3286,2764,0,0,0,1.0,1,1.0,1,1.0,1,0.208374082135482,67
4020,4,6054,3286,2768,0,0,0,1.0,1,1.0,1,1.0,1,0.22798284110779743,66
4021,2,6056,3287,2769,0,0,0,1.0,1,1.0,1,1.0,1,0.21891050857276984,66
4022,0,6056,3287,2769,0,0,0,1.0,1,1.0,1,1.0,1,0.21891050857276984,66
4023,1,6057,3288,2769,0,0,0,1.0,1,1.0,1,1.0,1,0.21870090474992385,66
4024,2,6059,3289,2770,0,0,0,1.0,1,1.0,1,1.0,1,0.21380841548320081,66
4025,1,6060,3289,2771,0,0,0,1.0,1,1.0,1,1.0,1,0.1866541204223869,66
4026,0,6060,3289,2771,0,0,0,1.0,1,1.0,1,1.0,1,0.18705712888351517,66
4027,2,6062,3291,2771,0,0,0,1.0,1,1.0,1,1.0,1,0.1952559153966099,64
4028,3,6065,3293,2772,0,0,0,1.0,1,1.0,1,1.0,1,0.22292910491635176,63
4029,0,6065,3293,2772,0,0,0,1.0,1,1.0,1,1.0,1,0.23916732768507926,62
4030,2,6067,3294,2773,0,0,0,1.0,1,1.0,1,1.0,1,0.18823874589107428,63
4031,0,6067,3294,2773,0,0,0,1.0,1,1.0,1,1.0,1,0.19599966765118768,62
4032,3,6070,3296,2774,0,0,0,1.0,1,1.0,1,1.0,1,0.18408891993944207,62
4033,0,6070,3296,2774,0,0,0,1.0,1,1.0,1,1.0,1,0.19633351343947467,61
4034,2,6072,3298,2774,0,0,0,1.0,1,1.0,1,1.0,1,0.23632351247731304,60
4035,0,6072,3298,2774,0,0,0,1.0,1,1.0,1,1.0,1,0.250582348873093,59
4036,2,6074,3300,2774,0,0,0,1.0,1,1.0,1,1.0,1,0.2790068876165575,58
4037,2,6076,3302,2774,0,0,0,1.0,1,1.0,1,1.0,1,0.28298202081261853,59
4038,1,6077,3302,2775,0,0,0,1.0,1,1.0,1,1.0,1,0.2693913463271304,58
4039,0,6077,3302,2775,0,0,0,1.0,1,1.0,1,1.0,1,0.2957655644330011,56
4040,0,6077,3302,2775,0,0,0,1.0,1,1.0,1,1.0,1,0.2966854942529331,55
4041,9,6086,3304,2782,0,0,0,1.0,1,1.0,1,1.0,1,0.23769648668713167,54
4042,1,6087,3305,2782,0,0,0,1.0,1,1.0,1,1.0,1,0.24695105897918873,56
4043,2,6089,3307,2782,0,0,0,1.0,1,1.0,1,1.0,1,0.2875004531264489,56
4044,2,6091,3308,2783,0,0,0,1.0,1,1.0,1,1.0,1,0.2905430429402254,56
4045,6,6097,3310,2787,0,0,0,1.0,1,1.0,1,1.0,1,0.31491634755539893,57
4046,8,6105,3310,2795,0,0,0,1.0,1,1.0,1,1.0,1,0.32404849104588496,59
4047,10,6115,3312,2803,0,0,0,1.0,1,1.0,1,1.0,1,0.34239950416914844,59
4048,6,6121,3312,2809,0,0,0,1.0,1,1.0,1,1.0,1,0.37683726474000323,59
4049,5,6126,3312,2814,0,0,0,1.0,1,1.0,1,1.0,1,0.33348259064781477,60
4050,10,6136,3312,2824,0,0,0,1.0,1,1.0,1,1.0,1,0.3120809485876795,60
4051,9,6145,3313,2832,0,0,0,1.0,1,1.0,1,1.0,1,0.32102459386456556,60
4052,4,6149,3313,2836,0,0,0,1.0,1,1.0,1,1.0,1,0.34743429657470826,60
4053,4,6153,3313,2840,0,0,0,1.0,1,1.0,1,1.0,1,0.32102459386456556,60
4054,5,6158,3314,2844,0,0,0,1.0,1,1.0,1,1.0,1,0.34480358998334737,61
4055,8,6166,3314,2852,0,0,0,1.0,1,1.0,1,1.0,1,0.34480358998334737,61
4056,4,6170,3314,2856,0,0,0,1.0,1,1.0,1,1.0,1,0.3270942883639185,62
4057,9,6179,3314,2865,0,0,0,1.0,1,1.0,1,1.0,1,0.3327057953549912,63
4058,5,6184,3314,2870,0,0,0,1.0,1,1.0,1,1.0,1,0.3606895303402202,64
4059,5,6189,3314,2875,0,0,0,1.0,1,1.0,1,1.0,1,0.3653241223001833,63
4060,6,6195,3314,2881,0,0,0,1.0,1,1.0,1,1.0,1,0.3653241223001833,63
4061,0,6195,3314,2881,0,0,0,1.0,1,1.0,1,1.0,1,0.3708869460726584,63
4062,0,6195,3314,2881,0,0,0,1.0,1,1.0,1,1.0,1,0.36082186573469716,65
4063,1,6196,3314,2882,0,0,0,1.0,1,1.0,1,1.0,1,0.31417065986085635,64
4064,1,6197,3314,2883,0,0,0,1.0,1,1.0,1,1.0,1,0.30832537262066273,65
4065,3,6200,3315,2885,0,0,0,1.0,1,1.0,1,1.0,1,0.2581492142189423,64
4066,1,6201,3315,2886,0,0,0,1.0,1,1.0,1,1.0,1,0.24587263293924388,64
4067,4,6205,3317,2888,0,0,0,1.0,1,1.0,1,1.0,1,0.21416330475685721,63
4068,1,6206,3317,2889,0,0,0,1.0,1,1.0,1,1.0,1,0.202237942120413,64
4069,6,6212,3320,2892,0,0,0,1.0,1,1.0,1,1.0,1,0.24347598941590567,62
4070,4,6216,3322,2894,0,0,0,1.0,1,1.0,1,1.0,1,0.22816115604695644,61
4071,6,6222,3325,2897,0,0,0,1.0,1,1.0,1,1.0,1,0.2707340812070551,61
4072,5,6227,3326,2901,0,0,0,1.0,1,1.0,1,1.0,1,0.30527609122423677,60
4073,1,6228,3326,2902,0,0,0,1.0,1,1.0,1,1.0,1,0.31428519641005165,60
4074,5,6233,3329,2904,0,0,0,1.0,1,1.0,1,1.0,1,0.338306180165557,60
4075,0,6233,3329,2904,0,0,0,1.0,1,1.0,1,1.0,1,0.33642900716619334,59
4076,1,6234,3330,2904,0,0,0,1.0,1,1.0,1,1.0,1,0.30319307009901514,60
4077,1,6235,3331,2904,0,0,0,1.0,1,1.0,1,1.0,1,0.3000348287766268,61
4078,2,6237,3332,2905,0,0,0,1.0,1,1.0,1,1.0,1,0.2970141123881169,60
4079,0,6237,3332,2905,0,0,0,1.0,1,1.0,1,1.0,1,0.31564151627921283,58
4080,1,6238,3333,2905,0,0,0,1.0,1,1.0,1,1.0,1,0.3243121202181967,56
4081,10,6248,3334,2914,0,0,0,1.0,1,1.0,1,1.0,1,0.21936681688712223,56
4082,2,6250,3334,2916,0,0,0,1.0,1,1.0,1,1.0,1,0.22173656388802065,55
4083,0,6250,3334,2916,0,0,0,1.0,1,1.0,1,1.0,1,0.22173656388802065,55
4084,1,6251,3335,2916,0,0,0,1.0,1,1.0,1,1.0,1,0.23451600242499981,55
4085,3,6254,3336,2918,0,0,0,1.0,1,1.0,1,1.0,1,0.22308362588613737,56
4086,1,6255,3337,2918,0,0,0,1.0,1,1.0,1,1.0,1,0.23548966574313598,57
4087,1,6256,3338,2918,0,0,0,1.0,1,1.0,1,1.0,1,0.23257504269962617,57
4088,1,6257,3338,2919,0,0,0,1.0,1,1.0,1,1.0,1,0.22780107587597684,57
4089,0,6257,3338,2919,0,0,0,1.0,1,1.0,1,1.0,1,0.2489886630985632,56
4090,2,6259,3339,2920,0,0,0,1.0,1,1.0,1,1.0,1,0.26747791430013,56
4091,2,6261,3339,2922,0,0,0,1.0,1,1.0,1,1.0,1,0.26175702014694113,56
4092,1,6262,3339,2923,0,0,0,1.0,1,1.0,1,1.0,1,0.24956500881965826,57
4093,0,6262,3339,2923,0,0,0,1.0,1,1.0,1,1.0,1,0.23524460013254656,58
4094,0,6262,3339,2923,0,0,0,1.0,1,1.0,1,1.0,1,0.22547464748974913,57
4095,0,6262,3339,2923,0,0,0,1.0,1,1.0,1,1.0,1,0.22547464748974913,57
4096,2,6264,3341,2923,0,0,0,1.0,1,1.0,1,1.0,1,0.2057473326154447,59
4097,1,6265,3342,2923,0,0,0,1.0,1,1.0,1,1.0,1,0.19692156387366042,59
4098,2,6267,3344,2923,0,0,0,1.0,1,1.0,1,1.0,1,0.18467541195402232,59
4099,3,6270,3347,2923,0,0,0,1.0,1,1.0,1,1.0,1,0.16316943285484067,60
4100,2,6272,3349,2923,0,0,0,1.0,1,1.0,1,1.0,1,0.16210127719331396,60
4101,5,6277,3350,2927,0,0,0,1.0,1,1.0,1,1.0,1,0.12513892245887753,60
4102,4,6281,3354,2927,0,0,0,1.0,1,1.0,1,1.0,1,0.16741393816946898,60
4103,2,6283,3355,2928,0,0,0,1.0,1,1.0,1,1.0,1,0.19893511621777724,58
4104,3,6286,3356,2930,0,0,0,1.0,1,1.0,1,1.0,1,0.16454983920655467,60
4105,0,6286,3356,2930,0,0,0,1.0,1,1.0,1,1.0,1,0.170503196042828,59
4106,2,6288,3357,2931,0,0,0,1.0,1,1.0,1,1.0,1,0.1721530008045767,61
4107,0,6288,3357,2931,0,0,0,1.0,1,1.0,1,1.0,1,0.17898488667962245,59
4108,1,6289,3358,2931,0,0,0,1.0,1,1.0,1,1.0,1,0.17773811469421846,60
4109,1,6290,3358,2932,0,0,0,1.0,1,1.0,1,1.0,1,0.16639406814259253,59
4110,1,6291,3359,2932,0,0,0,1.0,1,1.0,1,1.0,1,0.16661834092556158,60
4111,1,6292,3359,2933,0,0,0,1.0,1,1.0,1,1.0,1,0.16722788033867417,61
4112,1,6293,3360,2933,0,0,0,1.0,1,1.0,1,1.0,1,0.17779837422975414,60
4113,1,6294,3360,2934,0,0,0,1.0,1,1.0,1,1.0,1,0.14726263886651286,61
4114,1,6295,3360,2935,0,0,0,1.0,1,1.0,1,1.0,1,0.12698795378232988,62
4115,2,6297,3361,2936,0,0,0,1.0,1,1.0,1,1.0,1,0.1307014225081004,60
4116,0,6297,3361,2936,0,0,0,1.0,1,1.0,1,1.0,1,0.1376750179853623,59
4117,2,6299,3363,2936,0,0,0,1.0,1,1.0,1,1.0,1,0.1435081611054838,56
4118,0,6299,3363,2936,0,0,0,1.0,1,1.0,1,1.0,1,0.1425588862303667,55
4119,1,6300,3364,2936,0,0,0,1.0,1,1.0,1,1.0,1,0.151793405149141,53
4120,3,6303,3366,2937,0,0,0,1.0,1,1.0,1,1.0,1,0.16798064311710628,52
4121,9,6312,3372,2940,0,0,0,1.0,1,1.0,1,1.0,1,0.12326253404267905,53
4122,1,6313,3373,2940,0,0,0,1.0,1,1.0,1,1.0,1,0.12591028304863103,52
4123,4,6317,3376,2941,0,0,0,1.0,1,1.0,1,1.0,1,0.14131915583269747,51
4124,1,6318,3376,2942,0,0,0,1.0,1,1.0,1,1.0,1,0.12802338034633365,51
4125,1,6319,3377,2942,0,0,0,1.0,1,1.0,1,1.0,1,0.15706044485828383,50
4126,2,6321,3378,2943,0,0,0,1.0,1,1.0,1,1.0,1,0.18252659193772,50
4127,1,6322,3379,2943,0,0,0,1.0,1,1.0,1,1.0,1,0.1769816985039462,49
4128,1,6323,3380,2943,0,0,0,1.0,1,1.0,1,1.0,1,0.16166875868357242,49
4129,0,6323,3380,2943,0,0,0,1.0,1,1.0,1,1.0,1,0.16166875868357242,49
4130,1,6324,3381,2943,0,0,0,1.0,1,1.0,1,1.0,1,0.13891749256686506,50
4131,2,6326,3383,2943,0,0,0,1.0,1,1.0,1,1.0,1,0.15397476473064975,50
4132,1,6327,3383,2944,0,0,0,1.0,1,1.0,1,1.0,1,0.13156457524078377,50
4133,1,6328,3384,2944,0,0,0,1.0,1,1.0,1,1.0,1,0.1404124167698323,51
4134,2,6330,3386,2944,0,0,0,1.0,1,1.0,1,1.0,1,0.14458982529300993,53
4135,1,6331,3387,2944,0,0,0,1.0,1,1.0,1,1.0,1,0.15526163122493805,54
4136,0,6331,3387,2944,0,0,0,1.0,1,1.0,1,1.0,1,0.15526163122493805,54
4137,1,6332,3388,2944,0,0,0,1.0,1,1.0,1,1.0,1,0.13114445426426746,55
4138,1,6333,3389,2944,0,0,0,1.0,1,1.0,1,1.0,1,0.14941517406587734,54
4139,1,6334,3390,2944,0,0,0,1.0,1,1.0,1,1.0,1,0.16105469373055542,54
4140,0,6334,3390,2944,0,0,0,1.0,1,1.0,1,1.0,1,0.14403232184089795,55
4141,0,6334,3390,2944,0,0,0,1.0,1,1.0,1,1.0,1,0.1521826566629522,55
4142,0,6334,3390,2944,0,0,0,1.0,1,1.0,1,1.0,1,0.1521826566629522,55
4143,2,6336,3390,2946,0,0,0,1.0,1,1.0,1,1.0,1,0.12645644072289328,53
4144,0,6336,3390,2946,0,0,0,1.0,1,1.0,1,1.0,1,0.1458406820652341,52
4145,2,6338,3390,2948,0,0,0,1.0,1,1.0,1,1.0,1,0.12594976448705866,51
4146,4,6342,3393,2949,0,0,0,1.0,1,1.0,1,1.0,1,0.14239298930164465,51
4147,2,6344,3394,2950,0,0,0,1.0,1,1.0,1,1.0,1,0.139459291382747,50
4148,2,6346,3396,2950,0,0,0,1.0,1,1.0,1,1.0,1,0.1754288959761611,52
4149,0,6346,3396,2950,0,0,0,1.0,1,1.0,1,1.0,1,0.15542069688766727,53
4150,2,6348,3398,2950,0,0,0,1.0,1,1.0,1,1.0,1,0.17516333444976306,53
4151,1,6349,3399,2950,0,0,0,1.0,1,1.0,1,1.0,1,0.18184240588865502,53
4152,1,6350,3400,2950,0,0,0,1.0,1,1.0,1,1.0,1,0.16983842159484902,54
4153,2,6352,3402,2950,0,0,0,1.0,1,1.0,1,1.0,1,0.1962609789233358,51
4154,2,6354,3402,2952,0,0,0,1.0,1,1.0,1,1.0,1,0.1468817101556902,51
4155,2,6356,3404,2952,0,0,0,1.0,1,1.0,1,1.0,1,0.1706649649425517,51
4156,7,6363,3408,2955,0,0,0,1.0,1,1.0,1,1.0,1,0.18677463887733536,52
4157,1,6364,3408,2956,0,0,0,1.0,1,1.0,1,1.0,1,0.16441501071373635,52
4158,1,6365,3409,2956,0,0,0,1.0,1,1.0,1,1.0,1,0.18342752237609392,52
4159,2,6367,3411,2956,0,0,0,1.0,1,1.0,1,1.0,1,0.19030131894328606,52
4160,4,6371,3415,2956,0,0,0,1.0,1,1.0,1,1.0,1,0.22794583761195505,50
4161,2,6373,3416,2957,0,0,0,1.0,1,1.0,1,1.0,1,0.24001008675546218,50
4162,1,6374,3417,2957,0,0,0,1.0,1,1.0,1,1.0,1,0.2599096003976378,51
4163,2,6376,3418,2958,0,0,0,1.0,1,1.0,1,1.0,1,0.24072321452150186,48
4164,2,6378,3420,2958,0,0,0,1.0,1,1.0,1,1.0,1,0.2586087555071758,50
4165,1,6379,3420,2959,0,0,0,1.0,1,1.0,1,1.0,1,0.23822152574052707,49
4166,4,6383,3423,2960,0,0,0,1.0,1,1.0,1,1.0,1,0.2169033967495594,50
4167,0,6383,3423,2960,0,0,0,1.0,1,1.0,1,1.0,1,0.21706104116565436,50
4168,1,6384,3423,2961,0,0,0,1.0,1,1.0,1,1.0,1,0.22625370898653027,50
4169,1,6385,3423,2962,0,0,0,1.0,1,1.0,1,1.0,1,0.19997659127283132,51
4170,0,6385,3423,2962,0,0,0,1.0,1,1.0,1,1.0,1,0.2181933642214656,50
4171,2,6387,3425,2962,0,0,0,1.0,1,1.0,1,1.0,1,0.2634157360637752,50
4172,0,6387,3425,2962,0,0,0,1.0,1,1.0,1,1.0,1,0.2783949388188822,49
4173,2,6389,3425,2964,0,0,0,1.0,1,1.0,1,1.0,1,0.27362838942397744,48
4174,2,6391,3426,2965,0,0,0,1.0,1,1.0,1,1.0,1,0.28142775514992224,48
4175,2,6393,3427,2966,0,0,0,1.0,1,1.0,1,1.0,1,0.242594515822106,48
4176,1,6394,3427,2967,0,0,0,1.0,1,1.0,1,1.0,1,0.23157901659703117,50
4177,2,6396,3429,2967,0,0,0,1.0,1,1.0,1,1.0,1,0.19986372710449443,52
4178,1,6397,3430,2967,0,0,0,1.0,1,1.0,1,1.0,1,0.2072586501551147,53
4179,2,6399,3432,2967,0,0,0,1.0,1,1.0,1,1.0,1,0.17277921075139166,54
4180,0,6399,3432,2967,0,0,0,1.0,1,1.0,1,1.0,1,0.17379677102818808,55
4181,4,6403,3432,2971,0,0,0,1.0,1,1.0,1,1.0,1,0.11089444662962064,56
4182,1,6404,3432,2972,0,0,0,1.0,1,1.0,1,1.0,1,0.09725042122555465,56
4183,3,6407,3433,2974,0,0,0,1.0,1,1.0,1,1.0,1,0.08387920636119513,57
4184,3,6410,3433,2977,0,0,0,1.0,1,1.0,1,1.0,1,0.08591651901057491,57
4185,0,6410,3433,2977,0,0,0,1.0,1,1.0,1,1.0,1,0.08630630557966294,54
4186,2,6412,3434,2978,0,0,0,1.0,1,1.0,1,1.0,1,0.10430557730029526,55
4187,0,6412,3434,2978,0,0,0,1.0,1,1.0,1,1.0,1,0.10853085236673651,53
4188,0,6412,3434,2978,0,0,0,1.0,1,1.0,1,1.0,1,0.10853085236673651,53
4189,0,6412,3434,2978,0,0,0,1.0,1,1.0,1,1.0,1,0.11108478027533608,53
4190,3,6415,3437,2978,0,0,0,1.0,1,1.0,1,1.0,1,0.13051031154938877,53
4191,1,6416,3438,2978,0,0,0,1.0,1,1.0,1,1.0,1,0.16003395475920412,51
4192,3,6419,3441,2978,0,0,0,1.0,1,1.0,1,1.0,1,0.17789445290508032,51
4193,4,6423,3443,2980,0,0,0,1.0,1,1.0,1,1.0,1,0.15398637397559717,50
4194,1,6424,3444,2980,0,0,0,1.0,1,1.0,1,1.0,1,0.1645397737366177,50
4195,1,6425,3445,2980,0,0,0,1.0,1,1.0,1,1.0,1,0.18599168522804121,50
4196,2,6427,3447,2980,0,0,0,1.0,1,1.0,1,1.0,1,0.17987124240480648,51
4197,1,6428,3448,2980,0,0,0,1.0,1,1.0,1,1.0,1,0.20165228720716688,50
4198,1,6429,3449,2980,0,0,0,1.0,1,1.0,1,1.0,1,0.22474640802544704,48
4199,1,6430,3449,2981,0,0,0,1.0,1,1.0,1,1.0,1,0.25827779459328837,48
4200,1,6431,3449,2982,0,0,0,1.0,1,1.0,1,1.0,1,0.26196588540401045,48
4201,4,6435,3449,2986,0,0,0,1.0,1,1.0,1,1.0,1,0.21837335955720802,47
4202,0,6435,3449,2986,0,0,0,1.0,1,1.0,1,1.0,1,0.21837335955720802,47
4203,0,6435,3449,2986,0,0,0,1.0,1,1.0,1,1.0,1,0.21837335955720802,47
4204,2,6437,3451,2986,0,0,0,1.0,1,1.0,1,1.0,1,0.26101712382341763,48
4205,2,6439,3451,2988,0,0,0,1.0,1,1.0,1,1.0,1,0.21462661953822124,49
4206,1,6440,3452,2988,0,0,0,1.0,1,1.0,1,1.0,1,0.2467916386391869,49
4207,0,6440,3452,2988,0,0,0,1.0,1,1.0,1,1.0,1,0.23630391345907245,48
4208,3,6443,3454,2989,0,0,0,1.0,1,1.0,1,1.0,1,0.21492579692210176,49
4209,2,6445,3456,2989,0,0,0,1.0,1,1.0,1,1.0,1,0.2350414729450132,51
4210,2,6447,3457,2990,0,0,0,1.0,1,1.0,1,1.0,1,0.24097925059568462,52
4211,2,6449,3458,2991,0,0,0,1.0,1,1.0,1,1.0,1,0.23573333423193682,53
4212,1,6450,3458,2992,0,0,0,1.0,1,1.0,1,1.0,1,0.19856616511324798,53
4213,0,6450,3458,2992,0,0,0,1.0,1,1.0,1,1.0,1,0.19926007589232084,54
4214,1,6451,3459,2992,0,0,0,1.0,1,1.0,1,1.0,1,0.20636515431506453,54
4215,0,6451,3459,2992,0,0,0,1.0,1,1.0,1,1.0,1,0.20636515431506453,54
4216,1,6452,3459,2993,0,0,0,1.0,1,1.0,1,1.0,1,0.19100220177079358,53
4217,1,6453,3460,2993,0,0,0,1.0,1,1.0,1,1.0,1,0.21657113747349752,54
4218,2,6455,3461,2994,0,0,0,1.0,1,1.0,1,1.0,1,0.23391293260184823,53
4219,0,6455,3461,2994,0,0,0,1.0,1,1.0,1,1.0,1,0.23391293260184823,53
4220,0,6455,3461,2994,0,0,0,1.0,1,1.0,1,1.0,1,0.24125882092549739,53
4221,2,6457,3462,2995,0,0,0,1.0,1,1.0,1,1.0,1,0.25389815847018726,54
4222,3,6460,3464,2996,0,0,0,1.0,1,1.0,1,1.0,1,0.2733720594064731,55
4223,1,6461,3465,2996,0,0,0,1.0,1,1.0,1,1.0,1,0.2736832875317814,56
4224,1,6462,3465,2997,0,0,0,1.0,1,1.0,1,1.0,1,0.2755698165423388,55
4225,1,6463,3466,2997,0,0,0,1.0,1,1.0,1,1.0,1,0.2659985502577733,53
4226,1,6464,3467,2997,0,0,0,1.0,1,1.0,1,1.0,1,0.28760954446760156,54
4227,0,6464,3467,2997,0,0,0,1.0,1,1.0,1,1.0,1,0.2888088449486667,52
4228,1,6465,3468,2997,0,0,0,1.0,1,1.0,1,1.0,1,0.27729315573456315,51
4229,1,6466,3469,2997,0,0,0,1.0,1,1.0,1,1.0,1,0.29065583772213477,48
4230,2,6468,3470,2998,0,0,0,1.0,1,1.0,1,1.0,1,0.2729625405967002,48
4231,1,6469,3471,2998,0,0,0,1.0,1,1.0,1,1.0,1,0.2604920970448188,48
4232,1,6470,3472,2998,0,0,0,1.0,1,1.0,1,1.0,1,0.23565839569878472,48
4233,1,6471,3472,2999,0,0,0,1.0,1,1.0,1,1.0,1,0.18695137572058393,48
4234,0,6471,3472,2999,0,0,0,1.0,1,1.0,1,1.0,1,0.17996503765811145,49
4235,0,6471,3472,2999,0,0,0,1.0,1,1.0,1,1.0,1,0.17729773247458047,47
4236,1,6472,3472,3000,0,0,0,1.0,1,1.0,1,1.0,1,0.13436574125148823,47
4237,1,6473,3472,3001,0,0,0,1.0,1,1.0,1,1.0,1,0.10913021707388575,48
4238,0,6473,3472,3001,0,0,0,1.0,1,1.0,1,1.0,1,0.12487280105806302,47
4239,1,6474,3472,3002,0,0,0,1.0,1,1.0,1,1.0,1,0.11292077470010721,48
4240,1,6475,3473,3002,0,0,0,1.0,1,1.0,1,1.0,1,0.10970832884482475,47
4241,0,6475,3473,3002,0,0,0,1.0,1,1.0,1,1.0,1,0.09894133628969652,49
4242,0,6475,3473,3002,0,0,0,1.0,1,1.0,1,1.0,1,0.09488306887850877,49
4243,2,6477,3474,3003,0,0,0,1.0,1,1.0,1,1.0,1,0.09420691353632649,50
4244,1,6478,3474,3004,0,0,0,1.0,1,1.0,1,1.0,1,0.09638972592543912,51
4245,1,6479,3474,3005,0,0,0,1.0,1,1.0,1,1.0,1,0.1014659780728062,51
4246,0,6479,3474,3005,0,0,0,1.0,1,1.0,1,1.0,1,0.1014659780728062,51
4247,0,6479,3474,3005,0,0,0,1.0,1,1.0,1,1.0,1,0.10378375929485255,52
4248,1,6480,3475,3005,0,0,0,1.0,1,1.0,1,1.0,1,0.08192676058951429,52
4249,0,6480,3475,3005,0,0,0,1.0,1,1.0,1,1.0,1,0.08192676058951429,52
4250,3,6483,3478,3005,0,0,0,1.0,1,1.0,1,1.0,1,0.1274043604658168,52
4251,6,6489,3482,3007,0,0,0,1.0,1,1.0,1,1.0,1,0.09761152078865797,53
4252,4,6493,3486,3007,0,0,0,1.0,1,1.0,1,1.0,1,0.16556417560101228,53
4253,4,6497,3488,3009,0,0,0,1.0,1,1.0,1,1.0,1,0.12954258230105745,54
4254,3,6500,3490,3010,0,0,0,1.0,1,1.0,1,1.0,1,0.14499836053040813,54
4255,1,6501,3491,3010,0,0,0,1.0,1,1.0,1,1.0,1,0.16805970148864557,55
4256,1,6502,3492,3010,0,0,0,1.0,1,1.0,1,1.0,1,0.13072057838227175,57
4257,0,6502,3492,3010,0,0,0,1.0,1,1.0,1,1.0,1,0.13072057838227175,57
4258,2,6504,3493,3011,0,0,0,1.0,1,1.0,1,1.0,1,0.09786337208425445,57
4259,1,6505,3493,3012,0,0,0,1.0,1,1.0,1,1.0,1,0.11442429257499215,57
4260,2,6507,3494,3013,0,0,0,1.0,1,1.0,1,1.0,1,0.08139390896312204,58
4261,3,6510,3495,3015,0,0,0,1.0,1,1.0,1,1.0,1,0.08767112453307173,59
4262,0,6510,3495,3015,0,0,0,1.0,1,1.0,1,1.0,1,0.07668289231027867,60
4263,0,6510,3495,3015,0,0,0,1.0,1,1.0,1,1.0,1,0.07376991223498337,59
4264,0,6510,3495,3015,0,0,0,1.0,1,1.0,1,1.0,1,0.070730844225413,58
4265,1,6511,3496,3015,0,0,0,1.0,1,1.0,1,1.0,1,0.054742996178084695,58
4266,1,6512,3497,3015,0,0,0,1.0,1,1.0,1,1.0,1,0.06224205716441435,58
4267,1,6513,3498,3015,0,0,0,1.0,1,1.0,1,1.0,1,0.06940042931094481,55
4268,0,6513,3498,3015,0,0,0,1.0,1,1.0,1,1.0,1,0.06940042931094481,55
4269,2,6515,3500,3015,0,0,0,1.0,1,1.0,1,1.0,1,0.11100907893290113,50
4270,1,6516,3501,3015,0,0,0,1.0,1,1.0,1,1.0,1,0.11122132936430845,47
4271,2,6518,3503,3015,0,0,0,1.0,1,1.0,1,1.0,1,0.15520535786643605,47
4272,0,6518,3503,3015,0,0,0,1.0,1,1.0,1,1.0,1,0.14440818825516089,46
4273,2,6520,3505,3015,0,0,0,1.0,1,1.0,1,1.0,1,0.1854551232289858,47
4274,5,6525,3510,3015,0,0,0,1.0,1,1.0,1,1.0,1,0.14686719949836485,45
4275,4,6529,3514,3015,0,0,0,1.0,1,1.0,1,1.0,1,0.18664536370640328,44
4276,4,6533,3517,3016,0,0,0,1.0,1,1.0,1,1.0,1,0.23474943638255008,43
4277,3,6536,3520,3016,0,0,0,1.0,1,1.0,1,1.0,1,0.3088088226754491,42
4278,1,6537,3521,3016,0,0,0,1.0,1,1.0,1,1.0,1,0.3316973157270993,43
4279,2,6539,3523,3016,0,0,0,1.0,1,1.0,1,1.0,1,0.4201359746923157,42
4280,2,6541,3525,3016,0,0,0,1.0,1,1.0,1,1.0,1,0.4485415533049965,44
4281,18,6559,3527,3032,0,0,0,1.0,1,1.0,1,1.0,1,0.0761543455437548,44
4282,0,6559,3527,3032,0,0,0,1.0,1,1.0,1,1.0,1,0.0761543455437548,44
4283,0,6559,3527,3032,0,0,0,1.0,1,1.0,1,1.0,1,0.05235823062774084,45
4284,0,6559,3527,3032,0,0,0,1.0,1,1.0,1,1.0,1,0.05235823062774084,45
4285,1,6560,3528,3032,0,0,0,1.0,1,1.0,1,1.0,1,0.017704746349782426,47
4286,1,6561,3529,3032,0,0,0,1.0,1,1.0,1,1.0,1,0.025317782095605243,47
4287,2,6563,3530,3033,0,0,0,1.0,1,1.0,1,1.0,1,0.0032613775042443305,49
4288,0,6563,3530,3033,0,0,0,1.0,1,1.0,1,1.0,1,0.0032613775042443305,49
4289,1,6564,3531,3033,0,0,0,1.0,1,1.0,1,1.0,1,0.02797257466312087,50
4290,2,6566,3533,3033,0,0,0,1.0,1,1.0,1,1.0,1,0.01990119553945494,51
4291,2,6568,3535,3033,0,0,0,1.0,1,1.0,1,1.0,1,0.02116325658610803,50
4292,3,6571,3537,3034,0,0,0,1.0,1,1.0,1,1.0,1,0.04699347769357907,51
4293,0,6571,3537,3034,0,0,0,1.0,1,1.0,1,1.0,1,0.03382448726119048,51
4294,0,6571,3537,3034,0,0,0,1.0,1,1.0,1,1.0,1,0.03542000811415666,50
4295,0,6571,3537,3034,0,0,0,1.0,1,1.0,1,1.0,1,0.04245829891668547,50
4296,0,6571,3537,3034,0,0,0,1.0,1,1.0,1,1.0,1,0.05466371713492325,49
4297,0,6571,3537,3034,0,0,0,1.0,1,1.0,1,1.0,1,0.061661364915547294,49
4298,0,6571,3537,3034,0,0,0,1.0,1,1.0,1,1.0,1,0.061661364915547294,49
4299,0,6571,3537,3034,0,0,0,1.0,1,1.0,1,1.0,1,0.07341630419975058,48
4300,1,6572,3538,3034,0,0,0,1.0,1,1.0,1,1.0,1,0.023057684245084045,49
4301,2,6574,3540,3034,0,0,0,1.0,1,1.0,1,1.0,1,0.02421985177799546,50
4302,0,6574,3540,3034,0,0,0,1.0,1,1.0,1,1.0,1,0.02340688462037901,51
4303,1,6575,3541,3034,0,0,0,1.0,1,1.0,1,1.0,1,0.0650947579546285,51
4304,0,6575,3541,3034,0,0,0,1.0,1,1.0,1,1.0,1,0.07960888805632307,51
4305,5,6580,3546,3034,0,0,0,1.0,1,1.0,1,1.0,1,0.09705473364665902,49
4306,1,6581,3547,3034,0,0,0,1.0,1,1.0,1,1.0,1,0.10650381487301151,49
4307,4,6585,3551,3034,0,0,0,1.0,1,1.0,1,1.0,1,0.1758366213148267,46
4308,1,6586,3552,3034,0,0,0,1.0,1,1.0,1,1.0,1,0.21150383808301923,44
4309,6,6592,3556,3036,0,0,0,1.0,1,1.0,1,1.0,1,0.16584233510326327,44
4310,0,6592,3556,3036,0,0,0,1.0,1,1.0,1,1.0,1,0.19852871023463914,42
4311,2,6594,3558,3036,0,0,0,1.0,1,1.0,1,1.0,1,0.2044578854237518,42
4312,3,6597,3560,3037,0,0,0,1.0,1,1.0,1,1.0,1,0.16001426084353118,40
4313,2,6599,3562,3037,0,0,0,1.0,1,1.0,1,1.0,1,0.10234083523287625,40
4314,2,6601,3564,3037,0,0,0,1.0,1,1.0,1,1.0,1,0.1415062662897325,36
4315,1,6602,3565,3037,0,0,0,1.0,1,1.0,1,1.0,1,0.13233578794062845,37
4316,2,6604,3567,3037,0,0,0,1.0,1,1.0,1,1.0,1,0.12348464803237354,37
4317,0,6604,3567,3037,0,0,0,1.0,1,1.0,1,1.0,1,0.14568228671811517,36
4318,2,6606,3569,3037,0,0,0,1.0,1,1.0,1,1.0,1,0.14445540027547,34
4319,0,6606,3569,3037,0,0,0,1.0,1,1.0,1,1.0,1,0.17076928957881465,34
4320,0,6606,3569,3037,0,0,0,1.0,1,1.0,1,1.0,1,0.17076928957881465,34
4321,4,6610,3570,3040,0,0,0,1.0,1,1.0,1,1.0,1,0.10316245313915552,35
4322,0,6610,3570,3040,0,0,0,1.0,1,1.0,1,1.0,1,0.10316245313915552,35
4323,2,6612,3571,3041,0,0,0,1.0,1,1.0,1,1.0,1,0.14957415462183624,35
4324,0,6612,3571,3041,0,0,0,1.0,1,1.0,1,1.0,1,0.1751223577350285,34
4325,3,6615,3573,3042,0,0,0,1.0,1,1.0,1,1.0,1,0.13805868619870157,34
4326,1,6616,3574,3042,0,0,0,1.0,1,1.0,1,1.0,1,0.15340128119768126,36
4327,0,6616,3574,3042,0,0,0,1.0,1,1.0,1,1.0,1,0.17086904906486952,35
4328,2,6618,3576,3042,0,0,0,1.0,1,1.0,1,1.0,1,0.14567215424456442,35
4329,1,6619,3577,3042,0,0,0,1.0,1,1.0,1,1.0,1,0.1277294419689406,38
4330,2,6621,3579,3042,0,0,0,1.0,1,1.0,1,1.0,1,0.15234102595280602,38
4331,1,6622,3579,3043,0,0,0,1.0,1,1.0,1,1.0,1,0.1295525700237627,39
4332,0,6622,3579,3043,0,0,0,1.0,1,1.0,1,1.0,1,0.1465251949308471,40
4333,0,6622,3579,3043,0,0,0,1.0,1,1.0,1,1.0,1,0.12776293345461132,41
4334,0,6622,3579,3043,0,0,0,1.0,1,1.0,1,1.0,1,0.12776293345461132,41
4335,2,6624,3581,3043,0,0,0,1.0,1,1.0,1,1.0,1,0.1263395600968351,42
4336,2,6626,3581,3045,0,0,0,1.0,1,1.0,1,1.0,1,0.10987031820564275,43
4337,1,6627,3581,3046,0,0,0,1.0,1,1.0,1,1.0,1,0.09042585708828739,44
4338,0,6627,3581,3046,0,0,0,1.0,1,1.0,1,1.0,1,0.09042585708828739,44
4339,0,6627,3581,3046,0,0,0,1.0,1,1.0,1,1.0,1,0.09650785915654349,46
4340,0,6627,3581,3046,0,0,0,1.0,1,1.0,1,1.0,1,0.07623734072868962,47
4341,3,6630,3583,3047,0,0,0,1.0,1,1.0,1,1.0,1,0.0873423817740591,47
4342,1,6631,3584,3047,0,0,0,1.0,1,1.0,1,1.0,1,0.07464357136984738,47
4343,1,6632,3585,3047,0,0,0,1.0,1,1.0,1,1.0,1,0.09077161067613151,42
4344,3,6635,3588,3047,0,0,0,1.0,1,1.0,1,1.0,1,0.11616721207654589,42
4345,0,6635,3588,3047,0,0,0,1.0,1,1.0,1,1.0,1,0.12399685057493699,39
4346,1,6636,3589,3047,0,0,0,1.0,1,1.0,1,1.0,1,0.09257558435831957,37
4347,1,6637,3590,3047,0,0,0,1.0,1,1.0,1,1.0,1,0.14255916122842247,37
4348,2,6639,3592,3047,0,0,0,1.0,1,1.0,1,1.0,1,0.2350422358248963,38
4349,1,6640,3592,3048,0,0,0,1.0,1,1.0,1,1.0,1,0.21916106350799847,36
4350,2,6642,3594,3048,0,0,0,1.0,1,1.0,1,1.0,1,0.27929048981213334,37
4351,0,6642,3594,3048,0,0,0,1.0,1,1.0,1,1.0,1,0.25756903111645546,35
4352,0,6642,3594,3048,0,0,0,1.0,1,1.0,1,1.0,1,0.27058888073354725,34
4353,0,6642,3594,3048,0,0,0,1.0,1,1.0,1,1.0,1,0.2390291268695359,34
4354,1,6643,3595,3048,0,0,0,1.0,1,1.0,1,1.0,1,0.19794764241091542,32
4355,2,6645,3597,3048,0,0,0,1.0,1,1.0,1,1.0,1,0.18342271873339436,32
4356,2,6647,3599,3048,0,0,0,1.0,1,1.0,1,1.0,1,0.22337891331291967,34
4357,0,6647,3599,3048,0,0,0,1.0,1,1.0,1,1.0,1,0.2239632381744522,35
4358,2,6649,3601,3048,0,0,0,1.0,1,1.0,1,1.0,1,0.24731648545147025,35
4359,1,6650,3602,3048,0,0,0,1.0,1,1.0,1,1.0,1,0.2741624617052048,37
4360,1,6651,3602,3049,0,0,0,1.0,1,1.0,1,1.0,1,0.2533197054295989,38
4361,4,6655,3602,3053,0,0,0,1.0,1,1.0,1,1.0,1,0.14019538162662584,39
4362,1,6656,3603,3053,0,0,0,1.0,1,1.0,1,1.0,1,0.14872827602855312,38
4363,2,6658,3604,3054,0,0,0,1.0,1,1.0,1,1.0,1,0.13122548055065447,38
4364,4,6662,3607,3055,0,0,0,1.0,1,1.0,1,1.0,1,0.08145048547254477,39
4365,2,6664,3608,3056,0,0,0,1.0,1,1.0,1,1.0,1,0.049536440476698154,39
4366,3,6667,3609,3058,0,0,0,1.0,1,1.0,1,1.0,1,0.06071224798874479,39
4367,3,6670,3610,3060,0,0,0,1.0,1,1.0,1,1.0,1,0.06358087022673324,41
4368,1,6671,3611,3060,0,0,0,1.0,1,1.0,1,1.0,1,0.07956604965789046,41
4369,1,6672,3611,3061,0,0,0,1.0,1,1.0,1,1.0,1,0.08351414209031395,42
4370,0,6672,3611,3061,0,0,0,1.0,1,1.0,1,1.0,1,0.08351414209031395,42
4371,0,6672,3611,3061,0,0,0,1.0,1,1.0,1,1.0,1,0.07458065865587998,43
4372,0,6672,3611,3061,0,0,0,1.0,1,1.0,1,1.0,1,0.07458065865587998,43
4373,0,6672,3611,3061,0,0,0,1.0,1,1.0,1,1.0,1,0.07458065865587998,43
4374,0,6672,3611,3061,0,0,0,1.0,1,1.0,1,1.0,1,0.0926198315581947,44
4375,3,6675,3614,3061,0,0,0,1.0,1,1.0,1,1.0,1,0.15385463909461083,45
4376,2,6677,3614,3063,0,0,0,1.0,1,1.0,1,1.0,1,0.17587131965887565,46
4377,11,6688,3619,3069,0,0,0,1.0,1,1.0,1,1.0,1,0.23940671036562475,47
4378,12,6700,3619,3081,0,0,0,1.0,1,1.0,1,1.0,1,0.21711939936053928,49
4379,17,6717,3622,3095,0,0,0,1.0,1,1.0,1,1.0,1,0.22911015020944664,51
4380,6,6723,3622,3101,0,0,0,1.0,1,1.0,1,1.0,1,0.1799955685489878,50
4381,4,6727,3623,3104,0,0,0,1.0,1,1.0,1,1.0,1,0.13065773287548632,49
4382,2,6729,3625,3104,0,0,0,1.0,1,1.0,1,1.0,1,0.1827625077857135,47
4383,1,6730,3625,3105,0,0,0,1.0,1,1.0,1,1.0,1,0.17386229711162554,47
4384,2,6732,3625,3107,0,0,0,1.0,1,1.0,1,1.0,1,0.1626195952046402,44
4385,0,6732,3625,3107,0,0,0,1.0,1,1.0,1,1.0,1,0.1576719474750016,42
4386,0,6732,3625,3107,0,0,0,1.0,1,1.0,1,1.0,1,0.2148850506339064,41
4387,2,6734,3627,3107,0,0,0,1.0,1,1.0,1,1.0,1,0.26754669022444055,39
4388,0,6734,3627,3107,0,0,0,1.0,1,1.0,1,1.0,1,0.26754669022444055,39
4389,2,6736,3629,3107,0,0,0,1.0,1,1.0,1,1.0,1,0.30857893238987033,38
4390,0,6736,3629,3107,0,0,0,1.0,1,1.0,1,1.0,1,0.2896920164859451,38
4391,0,6736,3629,3107,0,0,0,1.0,1,1.0,1,1.0,1,0.26650027494154066,39
4392,0,6736,3629,3107,0,0,0,1.0,1,1.0,1,1.0,1,0.26650027494154066,39
4393,0,6736,3629,3107,0,0,0,1.0,1,1.0,1,1.0,1,0.24782131761802326,40
4394,0,6736,3629,3107,0,0,0,1.0,1,1.0,1,1.0,1,0.23685879665102816,39
4395,1,6737,3630,3107,0,0,0,1.0,1,1.0,1,1.0,1,0.21960490467937904,39
4396,0,6737,3630,3107,0,0,0,1.0,1,1.0,1,1.0,1,0.21064581370381336,39
4397,0,6737,3630,3107,0,0,0,1.0,1,1.0,1,1.0,1,0.20943088466765264,38
4398,0,6737,3630,3107,0,0,0,1.0,1,1.0,1,1.0,1,0.18343330033765423,39
4399,0,6737,3630,3107,0,0,0,1.0,1,1.0,1,1.0,1,0.1706971004208971,42
4400,0,6737,3630,3107,0,0,0,1.0,1,1.0,1,1.0,1,0.1620458593782775,43
4401,3,6740,3630,3110,0,0,0,1.0,1,1.0,1,1.0,1,0.08185358997278115,44
4402,0,6740,3630,3110,0,0,0,1.0,1,1.0,1,1.0,1,0.08185358997278115,44
4403,0,6740,3630,3110,0,0,0,1.0,1,1.0,1,1.0,1,0.07671726097981442,45
4404,0,6740,3630,3110,0,0,0,1.0,1,1.0,1,1.0,1,0.07671726097981442,45
4405,0,6740,3630,3110,0,0,0,1.0,1,1.0,1,1.0,1,0.0531266110487069,46
4406,2,6742,3632,3110,0,0,0,1.0,1,1.0,1,1.0,1,0.0758589153678671,46
4407,1,6743,3633,3110,0,0,0,1.0,1,1.0,1,1.0,1,0.09670693500531419,46
4408,0,6743,3633,3110,0,0,0,1.0,1,1.0,1,1.0,1,0.09022702430630689,47
4409,2,6745,3634,3111,0,0,0,1.0,1,1.0,1,1.0,1,0.1051051035416836,48
4410,0,6745,3634,3111,0,0,0,1.0,1,1.0,1,1.0,1,0.1051051035416836,48
4411,0,6745,3634,3111,0,0,0,1.0,1,1.0,1,1.0,1,0.09186779089479487,50
4412,1,6746,3635,3111,0,0,0,1.0,1,1.0,1,1.0,1,0.1133700743770402,50
4413,0,6746,3635,3111,0,0,0,1.0,1,1.0,1,1.0,1,0.11932976387195969,50
4414,2,6748,3637,3111,0,0,0,1.0,1,1.0,1,1.0,1,0.0964993618898287,51
4415,1,6749,3638,3111,0,0,0,1.0,1,1.0,1,1.0,1,0.08764700222534132,51
4416,1,6750,3639,3111,0,0,0,1.0,1,1.0,1,1.0,1,0.11273222190933013,51
4417,2,6752,3641,3111,0,0,0,1.0,1,1.0,1,1.0,1,0.12697354941889444,51
4418,1,6753,3641,3112,0,0,0,1.0,1,1.0,1,1.0,1,0.10204472631943928,51
4419,0,6753,3641,3112,0,0,0,1.0,1,1.0,1,1.0,1,0.08440661127304107,50
4420,1,6754,3641,3113,0,0,0,1.0,1,1.0,1,1.0,1,0.0641069340585965,50
4421,1,6755,3641,3114,0,0,0,1.0,1,1.0,1,1.0,1,0.045040989833632264,52
4422,0,6755,3641,3114,0,0,0,1.0,1,1.0,1,1.0,1,0.04391741182641471,51
4423,0,6755,3641,3114,0,0,0,1.0,1,1.0,1,1.0,1,0.04391741182641471,51
4424,0,6755,3641,3114,0,0,0,1.0,1,1.0,1,1.0,1,0.0421597255318644,53
4425,1,6756,3641,3115,0,0,0,1.0,1,1.0,1,1.0,1,0.023967822882797134,54
4426,1,6757,3642,3115,0,0,0,1.0,1,1.0,1,1.0,1,0.024766751799384073,55
4427,0,6757,3642,3115,0,0,0,1.0,1,1.0,1,1.0,1,0.024766751799384073,55
4428,1,6758,3643,3115,0,0,0,1.0,1,1.0,1,1.0,1,0.023404227110769057,55
4429,0,6758,3643,3115,0,0,0,1.0,1,1.0,1,1.0,1,0.014130810731052755,56
4430,2,6760,3645,3115,0,0,0,1.0,1,1.0,1,1.0,1,0.06733767950710447,55
4431,0,6760,3645,3115,0,0,0,1.0,1,1.0,1,1.0,1,0.06949689979625599,56
4432,4,6764,3647,3117,0,0,0,1.0,1,1.0,1,1.0,1,0.0795818115805777,56
4433,0,6764,3647,3117,0,0,0,1.0,1,1.0,1,1.0,1,0.08225959480580738,57
4434,1,6765,3648,3117,0,0,0,1.0,1,1.0,1,1.0,1,0.06055642679520313,56
4435,4,6769,3650,3119,0,0,0,1.0,1,1.0,1,1.0,1,0.059750461600728555,56
4436,3,6772,3652,3120,0,0,0,1.0,1,1.0,1,1.0,1,0.06754877225640456,55
4437,2,6774,3653,3121,0,0,0,1.0,1,1.0,1,1.0,1,0.08752923759835961,54
4438,0,6774,3653,3121,0,0,0,1.0,1,1.0,1,1.0,1,0.08752923759835961,54
4439,4,6778,3656,3122,0,0,0,1.0,1,1.0,1,1.0,1,0.13931060051119196,55
4440,0,6778,3656,3122,0,0,0,1.0,1,1.0,1,1.0,1,0.13931060051119196,55
4441,5,6783,3660,3123,0,0,0,1.0,1,1.0,1,1.0,1,0.09473382470935844,59
4442,1,6784,3661,3123,0,0,0,1.0,1,1.0,1,1.0,1,0.08102332031026505,61
4443,2,6786,3663,3123,0,0,0,1.0,1,1.0,1,1.0,1,0.07745010781363816,60
4444,0,6786,3663,3123,0,0,0,1.0,1,1.0,1,1.0,1,0.08940564082656122,61
4445,0,6786,3663,3123,0,0,0,1.0,1,1.0,1,1.0,1,0.08940564082656122,61
4446,1,6787,3664,3123,0,0,0,1.0,1,1.0,1,1.0,1,0.09199273965349701,62
4447,0,6787,3664,3123,0,0,0,1.0,1,1.0,1,1.0,1,0.08524136218905064,63
4448,0,6787,3664,3123,0,0,0,1.0,1,1.0,1,1.0,1,0.08524136218905064,63
4449,0,6787,3664,3123,0,0,0,1.0,1,1.0,1,1.0,1,0.08524136218905064,63
4450,0,6787,3664,3123,0,0,0,1.0,1,1.0,1,1.0,1,0.09589579391253578,62
4451,0,6787,3664,3123,0,0,0,1.0,1,1.0,1,1.0,1,0.08427837198304623,63
4452,1,6788,3664,3124,0,0,0,1.0,1,1.0,1,1.0,1,0.07766185944823174,64
4453,0,6788,3664,3124,0,0,0,1.0,1,1.0,1,1.0,1,0.08469951822166397,65
4454,1,6789,3665,3124,0,0,0,1.0,1,1.0,1,1.0,1,0.07730542135173132,66
4455,1,6790,3666,3124,0,0,0,1.0,1,1.0,1,1.0,1,0.08868835562289668,67
4456,3,6793,3667,3126,0,0,0,1.0,1,1.0,1,1.0,1,0.09633344544166686,67
4457,2,6795,3669,3126,0,0,0,1.0,1,1.0,1,1.0,1,0.09724469655578022,65
4458,0,6795,3669,3126,0,0,0,1.0,1,1.0,1,1.0,1,0.09199765659847887,65
4459,3,6798,3672,3126,0,0,0,1.0,1,1.0,1,1.0,1,0.12091089163474798,64
4460,0,6798,3672,3126,0,0,0,1.0,1,1.0,1,1.0,1,0.11050866076707327,63
4461,7,6805,3675,3130,0,0,0,1.0,1,1.0,1,1.0,1,0.11408889285256323,62
4462,3,6808,3677,3131,0,0,0,1.0,1,1.0,1,1.0,1,0.12220221230774235,61
4463,3,6811,3679,3132,0,0,0,1.0,1,1.0,1,1.0,1,0.1690734616202709,61
4464,0,6811,3679,3132,0,0,0,1.0,1,1.0,1,1.0,1,0.17469092884172593,58
4465,2,6813,3680,3133,0,0,0,1.0,1,1.0,1,1.0,1,0.19020668387973869,57
4466,2,6815,3681,3134,0,0,0,1.0,1,1.0,1,1.0,1,0.23359073675692718,54
4467,1,6816,3682,3134,0,0,0,1.0,1,1.0,1,1.0,1,0.20414336190732454,52
4468,2,6818,3684,3134,0,0,0,1.0,1,1.0,1,1.0,1,0.19139911893599998,52
4469,2,6820,3686,3134,0,0,0,1.0,1,1.0,1,1.0,1,0.19171152491695342,51
4470,2,6822,3688,3134,0,0,0,1.0,1,1.0,1,1.0,1,0.1528263366121911,51
4471,3,6825,3691,3134,0,0,0,1.0,1,1.0,1,1.0,1,0.1556969844405314,50
4472,1,6826,3692,3134,0,0,0,1.0,1,1.0,1,1.0,1,0.14763714818873755,48
4473,0,6826,3692,3134,0,0,0,1.0,1,1.0,1,1.0,1,0.15775156951002045,47
4474,1,6827,3693,3134,0,0,0,1.0,1,1.0,1,1.0,1,0.1705973307668473,49
4475,0,6827,3693,3134,0,0,0,1.0,1,1.0,1,1.0,1,0.2139797492066534,47
4476,1,6828,3693,3135,0,0,0,1.0,1,1.0,1,1.0,1,0.18285746521405685,49
4477,1,6829,3694,3135,0,0,0,1.0,1,1.0,1,1.0,1,0.2419792580917175,48
4478,0,6829,3694,3135,0,0,0,1.0,1,1.0,1,1.0,1,0.2419792580917175,48
4479,1,6830,3695,3135,0,0,0,1.0,1,1.0,1,1.0,1,0.2581472514825819,48
4480,1,6831,3696,3135,0,0,0,1.0,1,1.0,1,1.0,1,0.2708227796775126,49
4481,6,6837,3696,3141,0,0,0,1.0,1,1.0,1,1.0,1,0.19176693212490695,49
4482,1,6838,3697,3141,0,0,0,1.0,1,1.0,1,1.0,1,0.19926371881949465,49
4483,1,6839,3697,3142,0,0,0,1.0,1,1.0,1,1.0,1,0.16383056843072302,50
4484,0,6839,3697,3142,0,0,0,1.0,1,1.0,1,1.0,1,0.15410701905507115,52
4485,0,6839,3697,3142,0,0,0,1.0,1,1.0,1,1.0,1,0.15266646014504462,53
4486,6,6845,3701,3144,0,0,0,1.0,1,1.0,1,1.0,1,0.12093251139990019,55
4487,2,6847,3703,3144,0,0,0,1.0,1,1.0,1,1.0,1,0.11750952668007787,55
4488,4,6851,3705,3146,0,0,0,1.0,1,1.0,1,1.0,1,0.12553565878043227,54
4489,2,6853,3705,3148,0,0,0,1.0,1,1.0,1,1.0,1,0.12333160483915433,53
4490,0,6853,3705,3148,0,0,0,1.0,1,1.0,1,1.0,1,0.12333160483915433,53
4491,2,6855,3707,3148,0,0,0,1.0,1,1.0,1,1.0,1,0.1302046064947382,52
4492,1,6856,3707,3149,0,0,0,1.0,1,1.0,1,1.0,1,0.11612059560354615,52
4493,2,6858,3708,3150,0,0,0,1.0,1,1.0,1,1.0,1,0.11968273204512858,52
4494,0,6858,3708,3150,0,0,0,1.0,1,1.0,1,1.0,1,0.1303722291746224,53
4495,3,6861,3711,3150,0,0,0,1.0,1,1.0,1,1.0,1,0.1566924145523075,50
4496,1,6862,3712,3150,0,0,0,1.0,1,1.0,1,1.0,1,0.15821178950748738,51
4497,2,6864,3714,3150,0,0,0,1.0,1,1.0,1,1.0,1,0.14837157727059894,50
4498,0,6864,3714,3150,0,0,0,1.0,1,1.0,1,1.0,1,0.13844562145617095,49
4499,1,6865,3715,3150,0,0,0,1.0,1,1.0,1,1.0,1,0.14643511393227257,48
4500,3,6868,3718,3150,0,0,0,1.0,1,1.0,1,1.0,1,0.12550373978065735,48
4501,2,6870,3719,3151,0,0,0,1.0,1,1.0,1,1.0,1,0.09096431508732526,48
4502,2,6872,3721,3151,0,0,0,1.0,1,1.0,1,1.0,1,0.14508556317542498,49
4503,2,6874,3723,3151,0,0,0,1.0,1,1.0,1,1.0,1,0.1939953615622576,49
4504,0,6874,3723,3151,0,0,0,1.0,1,1.0,1,1.0,1,0.19178626618700667,45
4505,0,6874,3723,3151,0,0,0,1.0,1,1.0,1,1.0,1,0.1870070292585508,46
4506,4,6878,3726,3152,0,0,0,1.0,1,1.0,1,1.0,1,0.2106387765598879,45
4507,1,6879,3727,3152,0,0,0,1.0,1,1.0,1,1.0,1,0.21345547812900642,45
4508,1,6880,3728,3152,0,0,0,1.0,1,1.0,1,1.0,1,0.21697698947161784,43
4509,2,6882,3730,3152,0,0,0,1.0,1,1.0,1,1.0,1,0.21687091108072137,41
4510,2,6884,3732,3152,0,0,0,1.0,1,1.0,1,1.0,1,0.18950866069405917,42
4511,2,6886,3734,3152,0,0,0,1.0,1,1.0,1,1.0,1,0.21198614827054865,41
4512,0,6886,3734,3152,0,0,0,1.0,1,1.0,1,1.0,1,0.21198614827054865,41
4513,1,6887,3735,3152,0,0,0,1.0,1,1.0,1,1.0,1,0.19592185560247946,41
4514,2,6889,3737,3152,0,0,0,1.0,1,1.0,1,1.0,1,0.15436386631002655,42
4515,0,6889,3737,3152,0,0,0,1.0,1,1.0,1,1.0,1,0.20760771285813914,41
4516,3,6892,3740,3152,0,0,0,1.0,1,1.0,1,1.0,1,0.21981577168954244,42
4517,1,6893,3740,3153,0,0,0,1.0,1,1.0,1,1.0,1,0.19664272105089223,43
4518,0,6893,3740,3153,0,0,0,1.0,1,1.0,1,1.0,1,0.21774510233906086,42
4519,1,6894,3741,3153,0,0,0,1.0,1,1.0,1,1.0,1,0.2479807171309443,42
4520,0,6894,3741,3153,0,0,0,1.0,1,1.0,1,1.0,1,0.2728972346146494,42
4521,4,6898,3741,3157,0,0,0,1.0,1,1.0,1,1.0,1,0.20345921133342998,42
4522,3,6901,3744,3157,0,0,0,1.0,1,1.0,1,1.0,1,0.18656586733124686,42
4523,0,6901,3744,3157,0,0,0,1.0,1,1.0,1,1.0,1,0.18656586733124686,42
4524,2,6903,3746,3157,0,0,0,1.0,1,1.0,1,1.0,1,0.18909259450385812,43
4525,4,6907,3749,3158,0,0,0,1.0,1,1.0,1,1.0,1,0.17115056203536652,46
4526,5,6912,3752,3160,0,0,0,1.0,1,1.0,1,1.0,1,0.13343230459619826,46
4527,2,6914,3753,3161,0,0,0,1.0,1,1.0,1,1.0,1,0.09721667813387154,47
4528,0,6914,3753,3161,0,0,0,1.0,1,1.0,1,1.0,1,0.10289911256917633,49
4529,1,6915,3754,3161,0,0,0,1.0,1,1.0,1,1.0,1,0.10988116214279878,50
4530,2,6917,3755,3162,0,0,0,1.0,1,1.0,1,1.0,1,0.06504597189292745,51
4531,2,6919,3757,3162,0,0,0,1.0,1,1.0,1,1.0,1,0.0909575004783447,51
4532,0,6919,3757,3162,0,0,0,1.0,1,1.0,1,1.0,1,0.0909575004783447,51
4533,4,6923,3759,3164,0,0,0,1.0,1,1.0,1,1.0,1,0.07930339122467132,50
4534,0,6923,3759,3164,0,0,0,1.0,1,1.0,1,1.0,1,0.09828464440272884,51
4535,3,6926,3761,3165,0,0,0,1.0,1,1.0,1,1.0,1,0.10638446722972503,50
4536,0,6926,3761,3165,0,0,0,1.0,1,1.0,1,1.0,1,0.11555817143026863,48
4537,2,6928,3762,3166,0,0,0,1.0,1,1.0,1,1.0,1,0.11730091316487028,49
4538,0,6928,3762,3166,0,0,0,1.0,1,1.0,1,1.0,1,0.11247068160756046,48
4539,0,6928,3762,3166,0,0,0,1.0,1,1.0,1,1.0,1,0.13026374388931758,50
4540,2,6930,3762,3168,0,0,0,1.0,1,1.0,1,1.0,1,0.08766560046653712,49
4541,1,6931,3762,3169,0,0,0,1.0,1,1.0,1,1.0,1,0.07880345670349419,49
4542,0,6931,3762,3169,0,0,0,1.0,1,1.0,1,1.0,1,0.10701685367800391,47
4543,0,6931,3762,3169,0,0,0,1.0,1,1.0,1,1.0,1,0.11842532851892676,45
4544,1,6932,3763,3169,0,0,0,1.0,1,1.0,1,1.0,1,0.13276339639317017,45
4545,1,6933,3764,3169,0,0,0,1.0,1,1.0,1,1.0,1,0.13623754048178874,43
4546,0,6933,3764,3169,0,0,0,1.0,1,1.0,1,1.0,1,0.1358589321070532,43
4547,1,6934,3765,3169,0,0,0,1.0,1,1.0,1,1.0,1,0.14701274514467413,41
4548,0,6934,3765,3169,0,0,0,1.0,1,1.0,1,1.0,1,0.14013018491744667,42
4549,2,6936,3767,3169,0,0,0,1.0,1,1.0,1,1.0,1,0.12518582167938785,41
4550,3,6939,3770,3169,0,0,0,1.0,1,1.0,1,1.0,1,0.13577488881677655,41
4551,0,6939,3770,3169,0,0,0,1.0,1,1.0,1,1.0,1,0.11717434714280785,39
4552,0,6939,3770,3169,0,0,0,1.0,1,1.0,1,1.0,1,0.1260451257831661,38
4553,0,6939,3770,3169,0,0,0,1.0,1,1.0,1,1.0,1,0.13772624894666402,39
4554,0,6939,3770,3169,0,0,0,1.0,1,1.0,1,1.0,1,0.1454161371067865,38
4555,0,6939,3770,3169,0,0,0,1.0,1,1.0,1,1.0,1,0.15410857821715748,37
4556,3,6942,3773,3169,0,0,0,1.0,1,1.0,1,1.0,1,0.19646111700605584,36
4557,0,6942,3773,3169,0,0,0,1.0,1,1.0,1,1.0,1,0.17388068168482101,38
4558,1,6943,3774,3169,0,0,0,1.0,1,1.0,1,1.0,1,0.18842816764710588,39
4559,2,6945,3776,3169,0,0,0,1.0,1,1.0,1,1.0,1,0.23310666217283185,38
4560,1,6946,3777,3169,0,0,0,1.0,1,1.0,1,1.0,1,0.2510427892236314,41
4561,5,6951,3777,3174,0,0,0,1.0,1,1.0,1,1.0,1,0.18818309409320655,41
4562,3,6954,3778,3176,0,0,0,1.0,1,1.0,1,1.0,1,0.17427843000611637,43
4563,0,6954,3778,3176,0,0,0,1.0,1,1.0,1,1.0,1,0.159487778097148,42
4564,2,6956,3778,3178,0,0,0,1.0,1,1.0,1,1.0,1,0.14336185489250022,43
4565,0,6956,3778,3178,0,0,0,1.0,1,1.0,1,1.0,1,0.15905508001153243,44
4566,1,6957,3779,3178,0,0,0,1.0,1,1.0,1,1.0,1,0.12060650136168205,45
4567,3,6960,3782,3178,0,0,0,1.0,1,1.0,1,1.0,1,0.12801567865531394,47
4568,2,6962,3783,3179,0,0,0,1.0,1,1.0,1,1.0,1,0.10220092196277443,47
4569,2,6964,3784,3180,0,0,0,1.0,1,1.0,1,1.0,1,0.08521335138170014,49
4570,2,6966,3785,3181,0,0,0,1.0,1,1.0,1,1.0,1,0.0999582944118573,49
4571,1,6967,3786,3181,0,0,0,1.0,1,1.0,1,1.0,1,0.11000480584191197,48
4572,1,6968,3787,3181,0,0,0,1.0,1,1.0,1,1.0,1,0.12292343570724236,48
4573,2,6970,3789,3181,0,0,0,1.0,1,1.0,1,1.0,1,0.15095450719192827,48
4574,3,6973,3791,3182,0,0,0,1.0,1,1.0,1,1.0,1,0.1876558390241665,50
4575,1,6974,3791,3183,0,0,0,1.0,1,1.0,1,1.0,1,0.15285385662183215,51
4576,0,6974,3791,3183,0,0,0,1.0,1,1.0,1,1.0,1,0.15424690349028156,48
4577,0,6974,3791,3183,0,0,0,1.0,1,1.0,1,1.0,1,0.16824635426642193,47
4578,1,6975,3792,3183,0,0,0,1.0,1,1.0,1,1.0,1,0.16809522563788226,46
4579,1,6976,3792,3184,0,0,0,1.0,1,1.0,1,1.0,1,0.15123423310734313,46
4580,0,6976,3792,3184,0,0,0,1.0,1,1.0,1,1.0,1,0.13570335414716514,47
4581,2,6978,3793,3185,0,0,0,1.0,1,1.0,1,1.0,1,0.13667081818278162,47
4582,0,6978,3793,3185,0,0,0,1.0,1,1.0,1,1.0,1,0.13936058588700417,48
4583,0,6978,3793,3185,0,0,0,1.0,1,1.0,1,1.0,1,0.13936058588700417,48
4584,1,6979,3793,3186,0,0,0,1.0,1,1.0,1,1.0,1,0.13556198140061038,50
4585,1,6980,3794,3186,0,0,0,1.0,1,1.0,1,1.0,1,0.15867965225764072,50
4586,0,6980,3794,3186,0,0,0,1.0,1,1.0,1,1.0,1,0.15867965225764072,50
4587,0,6980,3794,3186,0,0,0,1.0,1,1.0,1,1.0,1,0.15867965225764072,50
4588,0,6980,3794,3186,0,0,0,1.0,1,1.0,1,1.0,1,0.15867965225764072,50
4589,0,6980,3794,3186,0,0,0,1.0,1,1.0,1,1.0,1,0.15463853358392082,52
4590,0,6980,3794,3186,0,0,0,1.0,1,1.0,1,1.0,1,0.15463853358392082,52
4591,0,6980,3794,3186,0,0,0,1.0,1,1.0,1,1.0,1,0.1563150306276547,53
4592,0,6980,3794,3186,0,0,0,1.0,1,1.0,1,1.0,1,0.16951569554580875,54
4593,3,6983,3796,3187,0,0,0,1.0,1,1.0,1,1.0,1,0.18950051198549167,56
4594,1,6984,3796,3188,0,0,0,1.0,1,1.0,1,1.0,1,0.19306271817677467,57
4595,1,6985,3797,3188,0,0,0,1.0,1,1.0,1,1.0,1,0.17702752303452948,56
4596,0,6985,3797,3188,0,0,0,1.0,1,1.0,1,1.0,1,0.17702752303452948,56
4597,2,6987,3799,3188,0,0,0,1.0,1,1.0,1,1.0,1,0.16267637305517987,56
4598,3,6990,3801,3189,0,0,0,1.0,1,1.0,1,1.0,1,0.18730699422167293,57
4599,0,6990,3801,3189,0,0,0,1.0,1,1.0,1,1.0,1,0.1604923121364878,59
4600,0,6990,3801,3189,0,0,0,1.0,1,1.0,1,1.0,1,0.1704007461510514,60
4601,1,6991,3802,3189,0,0,0,1.0,1,1.0,1,1.0,1,0.1794128704052392,60
4602,0,6991,3802,3189,0,0,0,1.0,1,1.0,1,1.0,1,0.15999614838300516,62
4603,0,6991,3802,3189,0,0,0,1.0,1,1.0,1,1.0,1,0.15999614838300516,62
4604,1,6992,3803,3189,0,0,0,1.0,1,1.0,1,1.0,1,0.15467712318552682,63
4605,0,6992,3803,3189,0,0,0,1.0,1,1.0,1,1.0,1,0.15467712318552682,63
4606,0,6992,3803,3189,0,0,0,1.0,1,1.0,1,1.0,1,0.16256867752056045,64
4607,1,6993,3804,3189,0,0,0,1.0,1,1.0,1,1.0,1,0.16178384110676275,65
4608,1,6994,3805,3189,0,0,0,1.0,1,1.0,1,1.0,1,0.18699847323411378,66
4609,2,6996,3807,3189,0,0,0,1.0,1,1.0,1,1.0,1,0.19816218284478104,65
4610,1,6997,3807,3190,0,0,0,1.0,1,1.0,1,1.0,1,0.17066467124619472,63
4611,5,7002,3811,3191,0,0,0,1.0,1,1.0,1,1.0,1,0.19751320355559124,64
4612,1,7003,3811,3192,0,0,0,1.0,1,1.0,1,1.0,1,0.17132146121228134,62
4613,2,7005,3813,3192,0,0,0,1.0,1,1.0,1,1.0,1,0.1853663135625341,63
4614,2,7007,3813,3194,0,0,0,1.0,1,1.0,1,1.0,1,0.14385269670718895,61
4615,1,7008,3814,3194,0,0,0,1.0,1,1.0,1,1.0,1,0.1376712128799078,59
4616,1,7009,3814,3195,0,0,0,1.0,1,1.0,1,1.0,1,0.12207490269414026,58
4617,2,7011,3815,3196,0,0,0,1.0,1,1.0,1,1.0,1,0.1411577869587527,58
4618,1,7012,3816,3196,0,0,0,1.0,1,1.0,1,1.0,1,0.18201250497099597,57
4619,3,7015,3818,3197,0,0,0,1.0,1,1.0,1,1.0,1,0.2166293664012091,57
4620,0,7015,3818,3197,0,0,0,1.0,1,1.0,1,1.0,1,0.2166293664012091,57
4621,8,7023,3819,3204,0,0,0,1.0,1,1.0,1,1.0,1,0.15948826428017507,59
4622,1,7024,3819,3205,0,0,0,1.0,1,1.0,1,1.0,1,0.15300670903073196,60
4623,0,7024,3819,3205,0,0,0,1.0,1,1.0,1,1.0,1,0.17121064645091763,59
4624,2,7026,3821,3205,0,0,0,1.0,1,1.0,1,1.0,1,0.21340921847302924,59
4625,1,7027,3822,3205,0,0,0,1.0,1,1.0,1,1.0,1,0.2117280089061162,57
4626,2,7029,3824,3205,0,0,0,1.0,1,1.0,1,1.0,1,0.24324403623613056,56
4627,0,7029,3824,3205,0,0,0,1.0,1,1.0,1,1.0,1,0.24596253262336126,56
4628,0,7029,3824,3205,0,0,0,1.0,1,1.0,1,1.0,1,0.2546757286445066,56
4629,1,7030,3825,3205,0,0,0,1.0,1,1.0,1,1.0,1,0.30085334687011506,56
4630,1,7031,3825,3206,0,0,0,1.0,1,1.0,1,1.0,1,0.27743451348292913,57
4631,0,7031,3825,3206,0,0,0,1.0,1,1.0,1,1.0,1,0.3096010156605696,56
4632,2,7033,3826,3207,0,0,0,1.0,1,1.0,1,1.0,1,0.32700822608960545,57
4633,1,7034,3826,3208,0,0,0,1.0,1,1.0,1,1.0,1,0.3052390370048807,58
4634,0,7034,3826,3208,0,0,0,1.0,1,1.0,1,1.0,1,0.3052390370048807,58
4635,0,7034,3826,3208,0,0,0,1.0,1,1.0,1,1.0,1,0.2933265537463833,59
4636,0,7034,3826,3208,0,0,0,1.0,1,1.0,1,1.0,1,0.273903192847646,60
4637,2,7036,3828,3208,0,0,0,1.0,1,1.0,1,1.0,1,0.25916052253729355,60
4638,0,7036,3828,3208,0,0,0,1.0,1,1.0,1,1.0,1,0.2695472765351486,61
4639,4,7040,3831,3209,0,0,0,1.0,1,1.0,1,1.0,1,0.25154416274853697,62
4640,0,7040,3831,3209,0,0,0,1.0,1,1.0,1,1.0,1,0.2617266841564141,63
4641,8,7048,3833,3215,0,0,0,1.0,1,1.0,1,1.0,1,0.1868136332652176,63
4642,0,7048,3833,3215,0,0,0,1.0,1,1.0,1,1.0,1,0.20075412451093513,62
4643,3,7051,3834,3217,0,0,0,1.0,1,1.0,1,1.0,1,0.19363229269978605,63
4644,2,7053,3835,3218,0,0,0,1.0,1,1.0,1,1.0,1,0.19484658951226727,62
4645,2,7055,3836,3219,0,0,0,1.0,1,1.0,1,1.0,1,0.2047641106802587,63
4646,3,7058,3838,3220,0,0,0,1.0,1,1.0,1,1.0,1,0.2336147213271263,63
4647,2,7060,3839,3221,0,0,0,1.0,1,1.0,1,1.0,1,0.2367001755331233,62
4648,1,7061,3840,3221,0,0,0,1.0,1,1.0,1,1.0,1,0.2645438726312981,63
4649,0,7061,3840,3221,0,0,0,1.0,1,1.0,1,1.0,1,0.24874039326696018,61
4650,1,7062,3841,3221,0,0,0,1.0,1,1.0,1,1.0,1,0.21484128044920286,63
4651,1,7063,3842,3221,0,0,0,1.0,1,1.0,1,1.0,1,0.19685386567827856,62
4652,1,7064,3843,3221,0,0,0,1.0,1,1.0,1,1.0,1,0.17399400037956925,59
4653,0,7064,3843,3221,0,0,0,1.0,1,1.0,1,1.0,1,0.1753211847363635,60
4654,1,7065,3844,3221,0,0,0,1.0,1,1.0,1,1.0,1,0.1726228469414327,60
4655,1,7066,3845,3221,0,0,0,1.0,1,1.0,1,1.0,1,0.19787556731769604,60
4656,2,7068,3847,3221,0,0,0,1.0,1,1.0,1,1.0,1,0.25203983449832745,61
4657,2,7070,3848,3222,0,0,0,1.0,1,1.0,1,1.0,1,0.230260041812975,62
4658,3,7073,3851,3222,0,0,0,1.0,1,1.0,1,1.0,1,0.24629463040362481,62
4659,1,7074,3851,3223,0,0,0,1.0,1,1.0,1,1.0,1,0.22812390057328003,61
4660,2,7076,3853,3223,0,0,0,1.0,1,1.0,1,1.0,1,0.28555135662588355,61
4661,5,7081,3853,3228,0,0,0,1.0,1,1.0,1,1.0,1,0.24517420160750664,61
4662,0,7081,3853,3228,0,0,0,1.0,1,1.0,1,1.0,1,0.23338882962141622,62
4663,1,7082,3853,3229,0,0,0,1.0,1,1.0,1,1.0,1,0.22260396331004892,61
4664,3,7085,3854,3231,0,0,0,1.0,1,1.0,1,1.0,1,0.2071298461183522,62
4665,0,7085,3854,3231,0,0,0,1.0,1,1.0,1,1.0,1,0.21726429826620947,61
4666,1,7086,3855,3231,0,0,0,1.0,1,1.0,1,1.0,1,0.23078534301700554,61
4667,1,7087,3856,3231,0,0,0,1.0,1,1.0,1,1.0,1,0.23898735741188887,59
4668,2,7089,3857,3232,0,0,0,1.0,1,1.0,1,1.0,1,0.24446445677970965,59
4669,1,7090,3857,3233,0,0,0,1.0,1,1.0,1,1.0,1,0.25633917747676394,58
4670,2,7092,3859,3233,0,0,0,1.0,1,1.0,1,1.0,1,0.2737663166044266,57
4671,1,7093,3860,3233,0,0,0,1.0,1,1.0,1,1.0,1,0.27006501361394464,55
4672,3,7096,3862,3234,0,0,0,1.0,1,1.0,1,1.0,1,0.28759561065749306,56
4673,2,7098,3863,3235,0,0,0,1.0,1,1.0,1,1.0,1,0.26381147700011476,58
4674,1,7099,3864,3235,0,0,0,1.0,1,1.0,1,1.0,1,0.27974604234590456,58
4675,0,7099,3864,3235,0,0,0,1.0,1,1.0,1,1.0,1,0.30588125002085953,57
4676,0,7099,3864,3235,0,0,0,1.0,1,1.0,1,1.0,1,0.3060479664983658,58
4677,1,7100,3865,3235,0,0,0,1.0,1,1.0,1,1.0,1,0.3194163556956102,57
4678,2,7102,3867,3235,0,0,0,1.0,1,1.0,1,1.0,1,0.33773286686656173,57
4679,0,7102,3867,3235,0,0,0,1.0,1,1.0,1,1.0,1,0.33773286686656173,57
4680,0,7102,3867,3235,0,0,0,1.0,1,1.0,1,1.0,1,0.3174622355412942,59
4681,10,7112,3868,3244,0,0,0,1.0,1,1.0,1,1.0,1,0.22474370924820722,60
4682,2,7114,3869,3245,0,0,0,1.0,1,1.0,1,1.0,1,0.21286539098540253,60
4683,4,7118,3871,3247,0,0,0,1.0,1,1.0,1,1.0,1,0.17749473743791477,60
4684,2,7120,3872,3248,0,0,0,1.0,1,1.0,1,1.0,1,0.1865413157488599,60
4685,4,7124,3873,3251,0,0,0,1.0,1,1.0,1,1.0,1,0.18917452720643665,59
4686,4,7128,3875,3253,0,0,0,1.0,1,1.0,1,1.0,1,0.19858568996391532,60
4687,4,7132,3876,3256,0,0,0,1.0,1,1.0,1,1.0,1,0.20275416149869263,59
4688,3,7135,3877,3258,0,0,0,1.0,1,1.0,1,1.0,1,0.22641465029205782,59
4689,2,7137,3878,3259,0,0,0,1.0,1,1.0,1,1.0,1,0.24657981725224695,59
4690,5,7142,3879,3263,0,0,0,1.0,1,1.0,1,1.0,1,0.21167811218618904,58
4691,3,7145,3879,3266,0,0,0,1.0,1,1.0,1,1.0,1,0.210062517264782,57
4692,3,7148,3879,3269,0,0,0,1.0,1,1.0,1,1.0,1,0.1765459213787266,58
4693,3,7151,3879,3272,0,0,0,1.0,1,1.0,1,1.0,1,0.1725668444213554,57
4694,5,7156,3880,3276,0,0,0,1.0,1,1.0,1,1.0,1,0.15623185154140318,57
4695,2,7158,3880,3278,0,0,0,1.0,1,1.0,1,1.0,1,0.17663890960058123,56
4696,6,7164,3882,3282,0,0,0,1.0,1,1.0,1,1.0,1,0.1812778969388933,57
4697,5,7169,3882,3287,0,0,0,1.0,1,1.0,1,1.0,1,0.15978499034418608,58
4698,7,7176,3882,3294,0,0,0,1.0,1,1.0,1,1.0,1,0.15052220268146752,59
4699,2,7178,3882,3296,0,0,0,1.0,1,1.0,1,1.0,1,0.16082785089421825,58
4700,2,7180,3882,3298,0,0,0,1.0,1,1.0,1,1.0,1,0.14061804840793965,59
4701,3,7183,3882,3301,0,0,0,1.0,1,1.0,1,1.0,1,0.1271780186595467,60
4702,1,7184,3882,3302,0,0,0,1.0,1,1.0,1,1.0,1,0.11693179706279007,61
4703,1,7185,3883,3302,0,0,0,1.0,1,1.0,1,1.0,1,0.14696939551719151,59
4704,1,7186,3883,3303,0,0,0,1.0,1,1.0,1,1.0,1,0.1424512080892339,58
4705,3,7189,3886,3303,0,0,0,1.0,1,1.0,1,1.0,1,0.18284838787890456,58
4706,2,7191,3888,3303,0,0,0,1.0,1,1.0,1,1.0,1,0.18570871568608974,60
4707,1,7192,3888,3304,0,0,0,1.0,1,1.0,1,1.0,1,0.1949708372693532,57
4708,3,7195,3891,3304,0,0,0,1.0,1,1.0,1,1.0,1,0.21819107630901294,57
4709,2,7197,3893,3304,0,0,0,1.0,1,1.0,1,1.0,1,0.25661864244911403,55
4710,1,7198,3894,3304,0,0,0,1.0,1,1.0,1,1.0,1,0.2877630732281495,53
4711,2,7200,3896,3304,0,0,0,1.0,1,1.0,1,1.0,1,0.24498488385749223,52
4712,0,7200,3896,3304,0,0,0,1.0,1,1.0,1,1.0,1,0.24957374449071207,52
4713,2,7202,3898,3304,0,0,0,1.0,1,1.0,1,1.0,1,0.25134200865559275,51
4714,0,7202,3898,3304,0,0,0,1.0,1,1.0,1,1.0,1,0.259492429921623,50
4715,1,7203,3898,3305,0,0,0,1.0,1,1.0,1,1.0,1,0.2199641362949896,50
4716,2,7205,3899,3306,0,0,0,1.0,1,1.0,1,1.0,1,0.2552137314388191,49
4717,3,7208,3900,3308,0,0,0,1.0,1,1.0,1,1.0,1,0.24744248710101793,49
4718,0,7208,3900,3308,0,0,0,1.0,1,1.0,1,1.0,1,0.2465778727517522,50
4719,1,7209,3900,3309,0,0,0,1.0,1,1.0,1,1.0,1,0.22172028489469897,49
4720,1,7210,3900,3310,0,0,0,1.0,1,1.0,1,1.0,1,0.1989386737620773,49
4721,5,7215,3901,3314,0,0,0,1.0,1,1.0,1,1.0,1,0.1458944682238758,50
4722,1,7216,3901,3315,0,0,0,1.0,1,1.0,1,1.0,1,0.15002114037131914,51
4723,0,7216,3901,3315,0,0,0,1.0,1,1.0,1,1.0,1,0.11468602508042373,50
4724,3,7219,3903,3316,0,0,0,1.0,1,1.0,1,1.0,1,0.11055657647667971,50
4725,0,7219,3903,3316,0,0,0,1.0,1,1.0,1,1.0,1,0.1212943966962892,52
4726,1,7220,3904,3316,0,0,0,1.0,1,1.0,1,1.0,1,0.1633912838084506,51
4727,2,7222,3905,3317,0,0,0,1.0,1,1.0,1,1.0,1,0.15900343453375534,52
4728,2,7224,3907,3317,0,0,0,1.0,1,1.0,1,1.0,1,0.18997207552748002,52
4729,2,7226,3907,3319,0,0,0,1.0,1,1.0,1,1.0,1,0.18997207552748002,52
4730,1,7227,3907,3320,0,0,0,1.0,1,1.0,1,1.0,1,0.17995442692435232,50
4731,3,7230,3910,3320,0,0,0,1.0,1,1.0,1,1.0,1,0.20928584708542614,51
4732,4,7234,3910,3324,0,0,0,1.0,1,1.0,1,1.0,1,0.19197734741155667,52
4733,10,7244,3913,3331,0,0,0,1.0,1,1.0,1,1.0,1,0.2984650202200856,53
4734,10,7254,3913,3341,0,0,0,1.0,1,1.0,1,1.0,1,0.2984650202200856,53
4735,11,7265,3914,3351,0,0,0,1.0,1,1.0,1,1.0,1,0.30760320369635497,53
4736,11,7276,3915,3361,0,0,0,1.0,1,1.0,1,1.0,1,0.32386341705324034,55
4737,10,7286,3915,3371,0,0,0,1.0,1,1.0,1,1.0,1,0.31075302987395137,57
4738,9,7295,3915,3380,0,0,0,1.0,1,1.0,1,1.0,1,0.30007848117116664,57
4739,5,7300,3915,3385,0,0,0,1.0,1,1.0,1,1.0,1,0.2654095547835281,57
4740,6,7306,3915,3391,0,0,0,1.0,1,1.0,1,1.0,1,0.23754101869663155,57
4741,0,7306,3915,3391,0,0,0,1.0,1,1.0,1,1.0,1,0.24377122639725776,58
4742,1,7307,3916,3391,0,0,0,1.0,1,1.0,1,1.0,1,0.2523064466153927,58
4743,3,7310,3918,3392,0,0,0,1.0,1,1.0,1,1.0,1,0.23188377591955045,56
4744,0,7310,3918,3392,0,0,0,1.0,1,1.0,1,1.0,1,0.22126344494805156,57
4745,1,7311,3918,3393,0,0,0,1.0,1,1.0,1,1.0,1,0.19905916319231096,56
4746,1,7312,3919,3393,0,0,0,1.0,1,1.0,1,1.0,1,0.20938240325307514,56
4747,1,7313,3920,3393,0,0,0,1.0,1,1.0,1,1.0,1,0.189693639014463,55
4748,1,7314,3921,3393,0,0,0,1.0,1,1.0,1,1.0,1,0.19845429431421266,55
4749,1,7315,3921,3394,0,0,0,1.0,1,1.0,1,1.0,1,0.1771613454763247,54
4750,1,7316,3922,3394,0,0,0,1.0,1,1.0,1,1.0,1,0.1633598748310553,53
4751,0,7316,3922,3394,0,0,0,1.0,1,1.0,1,1.0,1,0.19389221231771117,53
4752,1,7317,3923,3394,0,0,0,1.0,1,1.0,1,1.0,1,0.1824073820875526,53
4753,0,7317,3923,3394,0,0,0,1.0,1,1.0,1,1.0,1,0.20517835888967842,52
4754,1,7318,3923,3395,0,0,0,1.0,1,1.0,1,1.0,1,0.16508249855968696,52
4755,2,7320,3923,3397,0,0,0,1.0,1,1.0,1,1.0,1,0.11972235353064822,51
4756,2,7322,3923,3399,0,0,0,1.0,1,1.0,1,1.0,1,0.09987787333199555,52
4757,1,7323,3923,3400,0,0,0,1.0,1,1.0,1,1.0,1,0.0833569932811827,51
4758,0,7323,3923,3400,0,0,0,1.0,1,1.0,1,1.0,1,0.0833569932811827,51
4759,0,7323,3923,3400,0,0,0,1.0,1,1.0,1,1.0,1,0.0833569932811827,51
4760,1,7324,3924,3400,0,0,0,1.0,1,1.0,1,1.0,1,0.064787743199739,52
4761,3,7327,3927,3400,0,0,0,1.0,1,1.0,1,1.0,1,0.060211524217214846,50
4762,7,7334,3932,3402,0,0,0,1.0,1,1.0,1,1.0,1,0.12314247356784024,51
4763,0,7334,3932,3402,0,0,0,1.0,1,1.0,1,1.0,1,0.12314247356784024,51
4764,5,7339,3936,3403,0,0,0,1.0,1,1.0,1,1.0,1,0.19784581501173554,53
4765,2,7341,3936,3405,0,0,0,1.0,1,1.0,1,1.0,1,0.1382248371256833,53
4766,3,7344,3938,3406,0,0,0,1.0,1,1.0,1,1.0,1,0.132937572022724,55
4767,2,7346,3938,3408,0,0,0,1.0,1,1.0,1,1.0,1,0.11259571472498259,56
4768,0,7346,3938,3408,0,0,0,1.0,1,1.0,1,1.0,1,0.09153227344902817,56
4769,2,7348,3939,3409,0,0,0,1.0,1,1.0,1,1.0,1,0.1018989390736885,56
4770,0,7348,3939,3409,0,0,0,1.0,1,1.0,1,1.0,1,0.1018989390736885,56
4771,0,7348,3939,3409,0,0,0,1.0,1,1.0,1,1.0,1,0.11284942995185313,55
4772,2,7350,3940,3410,0,0,0,1.0,1,1.0,1,1.0,1,0.10495588509013958,56
4773,0,7350,3940,3410,0,0,0,1.0,1,1.0,1,1.0,1,0.10495588509013958,56
4774,1,7351,3940,3411,0,0,0,1.0,1,1.0,1,1.0,1,0.08099168460208338,58
4775,0,7351,3940,3411,0,0,0,1.0,1,1.0,1,1.0,1,0.07678857351820818,59
4776,0,7351,3940,3411,0,0,0,1.0,1,1.0,1,1.0,1,0.07678857351820818,59
4777,1,7352,3941,3411,0,0,0,1.0,1,1.0,1,1.0,1,0.08795137208372958,60
4778,2,7354,3942,3412,0,0,0,1.0,1,1.0,1,1.0,1,0.06150392765334904,60
4779,2,7356,3943,3413,0,0,0,1.0,1,1.0,1,1.0,1,0.06038760521226383,61
4780,3,7359,3945,3414,0,0,0,1.0,1,1.0,1,1.0,1,0.04733384775541533,63
4781,2,7361,3946,3415,0,0,0,1.0,1,1.0,1,1.0,1,0.05717508715587068,62
4782,1,7362,3946,3416,0,0,0,1.0,1,1.0,1,1.0,1,0.04997998756169598,63
4783,3,7365,3949,3416,0,0,0,1.0,1,1.0,1,1.0,1,0.031076513061069507,62
4784,2,7367,3951,3416,0,0,0,1.0,1,1.0,1,1.0,1,0.053977421223649284,62
4785,2,7369,3953,3416,0,0,0,1.0,1,1.0,1,1.0,1,0.05271437663791592,62
4786,4,7373,3957,3416,0,0,0,1.0,1,1.0,1,1.0,1,0.08093688200961348,63
4787,2,7375,3959,3416,0,0,0,1.0,1,1.0,1,1.0,1,0.08048659702052155,62
4788,3,7378,3962,3416,0,0,0,1.0,1,1.0,1,1.0,1,0.1327078050782286,62
4789,4,7382,3966,3416,0,0,0,1.0,1,1.0,1,1.0,1,0.15033939804652555,60
4790,6,7388,3971,3417,0,0,0,1.0,1,1.0,1,1.0,1,0.13899170989370613,61
4791,1,7389,3972,3417,0,0,0,1.0,1,1.0,1,1.0,1,0.1581172220595114,60
4792,4,7393,3976,3417,0,0,0,1.0,1,1.0,1,1.0,1,0.14009035424343416,60
4793,2,7395,3977,3418,0,0,0,1.0,1,1.0,1,1.0,1,0.1517029967880106,61
4794,1,7396,3978,3418,0,0,0,1.0,1,1.0,1,1.0,1,0.1836367276536906,59
4795,3,7399,3978,3421,0,0,0,1.0,1,1.0,1,1.0,1,0.15991717658410198,61
4796,0,7399,3978,3421,0,0,0,1.0,1,1.0,1,1.0,1,0.19995639804453094,59
4797,0,7399,3978,3421,0,0,0,1.0,1,1.0,1,1.0,1,0.24074549498539552,58
4798,4,7403,3979,3424,0,0,0,1.0,1,1.0,1,1.0,1,0.21660715017667254,59
4799,3,7406,3980,3426,0,0,0,1.0,1,1.0,1,1.0,1,0.1922672916876035,57
4800,2,7408,3981,3427,0,0,0,1.0,1,1.0,1,1.0,1,0.2178525181647185,58
4801,9,7417,3984,3433,0,0,0,1.0,1,1.0,1,1.0,1,0.10936438430735793,57
4802,0,7417,3984,3433,0,0,0,1.0,1,1.0,1,1.0,1,0.10936438430735793,57
4803,1,7418,3985,3433,0,0,0,1.0,1,1.0,1,1.0,1,0.09937836401802637,56
4804,0,7418,3985,3433,0,0,0,1.0,1,1.0,1,1.0,1,0.10548677794568785,54
4805,0,7418,3985,3433,0,0,0,1.0,1,1.0,1,1.0,1,0.10475041657883884,56
4806,0,7418,3985,3433,0,0,0,1.0,1,1.0,1,1.0,1,0.102646041068434,55
4807,1,7419,3986,3433,0,0,0,1.0,1,1.0,1,1.0,1,0.0910627266496904,54
4808,0,7419,3986,3433,0,0,0,1.0,1,1.0,1,1.0,1,0.10975088876271556,53
4809,0,7419,3986,3433,0,0,0,1.0,1,1.0,1,1.0,1,0.10975088876271556,53
4810,3,7422,3989,3433,0,0,0,1.0,1,1.0,1,1.0,1,0.10295852943304805,51
4811,2,7424,3991,3433,0,0,0,1.0,1,1.0,1,1.0,1,0.11916708515162475,52
4812,1,7425,3992,3433,0,0,0,1.0,1,1.0,1,1.0,1,0.10200457069683595,52
4813,1,7426,3993,3433,0,0,0,1.0,1,1.0,1,1.0,1,0.09195816847069306,52
4814,1,7427,3994,3433,0,0,0,1.0,1,1.0,1,1.0,1,0.11057813971783773,53
4815,5,7432,3999,3433,0,0,0,1.0,1,1.0,1,1.0,1,0.1330002716318621,54
4816,2,7434,4000,3434,0,0,0,1.0,1,1.0,1,1.0,1,0.12539860629617575,54
4817,3,7437,4002,3435,0,0,0,1.0,1,1.0,1,1.0,1,0.17993338412036403,55
4818,6,7443,4005,3438,0,0,0,1.0,1,1.0,1,1.0,1,0.15263361196492228,55
4819,1,7444,4006,3438,0,0,0,1.0,1,1.0,1,1.0,1,0.1615962412970541,55
4820,2,7446,4006,3440,0,0,0,1.0,1,1.0,1,1.0,1,0.13957617557812318,55
4821,5,7451,4007,3444,0,0,0,1.0,1,1.0,1,1.0,1,0.07389812515430348,55
4822,1,7452,4007,3445,0,0,0,1.0,1,1.0,1,1.0,1,0.06110833162965541,54
4823,1,7453,4008,3445,0,0,0,1.0,1,1.0,1,1.0,1,0.05182232135162369,54
4824,2,7455,4009,3446,0,0,0,1.0,1,1.0,1,1.0,1,0.04181831692502982,55
4825,1,7456,4010,3446,0,0,0,1.0,1,1.0,1,1.0,1,0.08918406150805329,53
4826,0,7456,4010,3446,0,0,0,1.0,1,1.0,1,1.0,1,0.08507190541524569,54
4827,2,7458,4012,3446,0,0,0,1.0,1,1.0,1,1.0,1,0.14593408582156578,53
4828,1,7459,4012,3447,0,0,0,1.0,1,1.0,1,1.0,1,0.11580510179254634,54
4829,0,7459,4012,3447,0,0,0,1.0,1,1.0,1,1.0,1,0.10957701684861373,54
4830,2,7461,4014,3447,0,0,0,1.0,1,1.0,1,1.0,1,0.0760091480024374,53
4831,1,7462,4015,3447,0,0,0,1.0,1,1.0,1,1.0,1,0.08043205447989664,52
4832,0,7462,4015,3447,0,0,0,1.0,1,1.0,1,1.0,1,0.09129328758997375,50
4833,0,7462,4015,3447,0,0,0,1.0,1,1.0,1,1.0,1,0.10534371641431767,51
4834,0,7462,4015,3447,0,0,0,1.0,1,1.0,1,1.0,1,0.11377731282446327,51
4835,0,7462,4015,3447,0,0,0,1.0,1,1.0,1,1.0,1,0.15503880008329776,50
4836,0,7462,4015,3447,0,0,0,1.0,1,1.0,1,1.0,1,0.1281859162918527,50
4837,1,7463,4016,3447,0,0,0,1.0,1,1.0,1,1.0,1,0.16010441330544473,46
4838,3,7466,4019,3447,0,0,0,1.0,1,1.0,1,1.0,1,0.21238565260971792,47
4839,3,7469,4021,3448,0,0,0,1.0,1,1.0,1,1.0,1,0.19629148819232303,45
4840,0,7469,4021,3448,0,0,0,1.0,1,1.0,1,1.0,1,0.19629148819232303,45
4841,5,7474,4022,3452,0,0,0,1.0,1,1.0,1,1.0,1,0.19802047082129232,43
4842,1,7475,4022,3453,0,0,0,1.0,1,1.0,1,1.0,1,0.16387967523714417,43
4843,0,7475,4022,3453,0,0,0,1.0,1,1.0,1,1.0,1,0.1535515697653196,44
4844,0,7475,4022,3453,0,0,0,1.0,1,1.0,1,1.0,1,0.15122318215379565,43
4845,2,7477,4024,3453,0,0,0,1.0,1,1.0,1,1.0,1,0.14032003420185626,44
4846,2,7479,4025,3454,0,0,0,1.0,1,1.0,1,1.0,1,0.09986073343679464,43
4847,2,7481,4027,3454,0,0,0,1.0,1,1.0,1,1.0,1,0.10142394448995644,42
4848,3,7484,4029,3455,0,0,0,1.0,1,1.0,1,1.0,1,0.10261981155677469,41
4849,2,7486,4031,3455,0,0,0,1.0,1,1.0,1,1.0,1,0.11372999852761129,41
4850,1,7487,4031,3456,0,0,0,1.0,1,1.0,1,1.0,1,0.13230038605959948,41
4851,0,7487,4031,3456,0,0,0,1.0,1,1.0,1,1.0,1,0.13230038605959948,41
4852,2,7489,4032,3457,0,0,0,1.0,1,1.0,1,1.0,1,0.16845837935490363,43
4853,2,7491,4032,3459,0,0,0,1.0,1,1.0,1,1.0,1,0.17534881939348704,44
4854,1,7492,4032,3460,0,0,0,1.0,1,1.0,1,1.0,1,0.16761415787935613,45
4855,0,7492,4032,3460,0,0,0,1.0,1,1.0,1,1.0,1,0.17281564609933048,44
4856,2,7494,4032,3462,0,0,0,1.0,1,1.0,1,1.0,1,0.17257793163147692,44
4857,2,7496,4032,3464,0,0,0,1.0,1,1.0,1,1.0,1,0.18507750789899174,44
4858,1,7497,4032,3465,0,0,0,1.0,1,1.0,1,1.0,1,0.1730305773617469,45
4859,3,7500,4032,3468,0,0,0,1.0,1,1.0,1,1.0,1,0.1731589364954845,46
4860,1,7501,4032,3469,0,0,0,1.0,1,1.0,1,1.0,1,0.1927164189856379,46
4861,2,7503,4032,3471,0,0,0,1.0,1,1.0,1,1.0,1,0.1338043518097483,46
4862,2,7505,4032,3473,0,0,0,1.0,1,1.0,1,1.0,1,0.09974361149767412,47
4863,2,7507,4033,3474,0,0,0,1.0,1,1.0,1,1.0,1,0.06561441309571496,47
4864,1,7508,4033,3475,0,0,0,1.0,1,1.0,1,1.0,1,0.053519588190598696,47
4865,1,7509,4033,3476,0,0,0,1.0,1,1.0,1,1.0,1,0.07436594355767973,48
4866,0,7509,4033,3476,0,0,0,1.0,1,1.0,1,1.0,1,0.06375789634745758,49
4867,0,7509,4033,3476,0,0,0,1.0,1,1.0,1,1.0,1,0.06830706554448837,50
4868,0,7509,4033,3476,0,0,0,1.0,1,1.0,1,1.0,1,0.06830706554448837,50
4869,0,7509,4033,3476,0,0,0,1.0,1,1.0,1,1.0,1,0.06830706554448837,50
4870,2,7511,4035,3476,0,0,0,1.0,1,1.0,1,1.0,1,0.09297535428218924,52
4871,1,7512,4035,3477,0,0,0,1.0,1,1.0,1,1.0,1,0.08324305215991296,52
4872,0,7512,4035,3477,0,0,0,1.0,1,1.0,1,1.0,1,0.06446104297124186,53
4873,4,7516,4037,3479,0,0,0,1.0,1,1.0,1,1.0,1,0.10519250968048698,55
4874,1,7517,4038,3479,0,0,0,1.0,1,1.0,1,1.0,1,0.11799258128669754,56
4875,3,7520,4039,3481,0,0,0,1.0,1,1.0,1,1.0,1,0.11869830975786473,55
4876,1,7521,4040,3481,0,0,0,1.0,1,1.0,1,1.0,1,0.1421559505982795,55
4877,4,7525,4043,3482,0,0,0,1.0,1,1.0,1,1.0,1,0.14688555282970384,54
4878,3,7528,4045,3483,0,0,0,1.0,1,1.0,1,1.0,1,0.1570982476258411,53
4879,3,7531,4046,3485,0,0,0,1.0,1,1.0,1,1.0,1,0.1679295222020631,54
4880,1,7532,4047,3485,0,0,0,1.0,1,1.0,1,1.0,1,0.17802916335937294,54
4881,5,7537,4048,3489,0,0,0,1.0,1,1.0,1,1.0,1,0.15967468930168222,53
4882,1,7538,4049,3489,0,0,0,1.0,1,1.0,1,1.0,1,0.16542347484063327,53
4883,0,7538,4049,3489,0,0,0,1.0,1,1.0,1,1.0,1,0.1658108227137335,53
4884,0,7538,4049,3489,0,0,0,1.0,1,1.0,1,1.0,1,0.15294693073304425,51
4885,0,7538,4049,3489,0,0,0,1.0,1,1.0,1,1.0,1,0.1392571418743802,50
4886,1,7539,4050,3489,0,0,0,1.0,1,1.0,1,1.0,1,0.13384523831657014,48
4887,0,7539,4050,3489,0,0,0,1.0,1,1.0,1,1.0,1,0.13384523831657014,48
4888,0,7539,4050,3489,0,0,0,1.0,1,1.0,1,1.0,1,0.13384523831657014,48
4889,0,7539,4050,3489,0,0,0,1.0,1,1.0,1,1.0,1,0.13384523831657014,48
4890,0,7539,4050,3489,0,0,0,1.0,1,1.0,1,1.0,1,0.13368850040220284,49
4891,1,7540,4051,3489,0,0,0,1.0,1,1.0,1,1.0,1,0.17106702159646492,50
4892,1,7541,4051,3490,0,0,0,1.0,1,1.0,1,1.0,1,0.16175752773370386,49
4893,0,7541,4051,3490,0,0,0,1.0,1,1.0,1,1.0,1,0.1632422464141444,50
4894,1,7542,4051,3491,0,0,0,1.0,1,1.0,1,1.0,1,0.141807084376164,51
4895,0,7542,4051,3491,0,0,0,1.0,1,1.0,1,1.0,1,0.14417352468455916,52
4896,1,7543,4051,3492,0,0,0,1.0,1,1.0,1,1.0,1,0.12832544426811113,53
4897,0,7543,4051,3492,0,0,0,1.0,1,1.0,1,1.0,1,0.12832544426811113,53
4898,1,7544,4052,3492,0,0,0,1.0,1,1.0,1,1.0,1,0.11693949190440789,53
4899,3,7547,4054,3493,0,0,0,1.0,1,1.0,1,1.0,1,0.1168017505694703,55
4900,2,7549,4055,3494,0,0,0,1.0,1,1.0,1,1.0,1,0.1302567904985276,55
4901,2,7551,4056,3495,0,0,0,1.0,1,1.0,1,1.0,1,0.10999943117820866,56
4902,2,7553,4057,3496,0,0,0,1.0,1,1.0,1,1.0,1,0.13756329515554477,58
4903,2,7555,4058,3497,0,0,0,1.0,1,1.0,1,1.0,1,0.14476309584391098,58
4904,0,7555,4058,3497,0,0,0,1.0,1,1.0,1,1.0,1,0.14222561792622262,57
4905,1,7556,4059,3497,0,0,0,1.0,1,1.0,1,1.0,1,0.1881812828333146,54
4906,1,7557,4059,3498,0,0,0,1.0,1,1.0,1,1.0,1,0.19002190225085047,55
4907,1,7558,4059,3499,0,0,0,1.0,1,1.0,1,1.0,1,0.20724598716560022,52
4908,1,7559,4060,3499,0,0,0,1.0,1,1.0,1,1.0,1,0.20864197192673295,53
4909,0,7559,4060,3499,0,0,0,1.0,1,1.0,1,1.0,1,0.22390536593651097,52
4910,2,7561,4062,3499,0,0,0,1.0,1,1.0,1,1.0,1,0.24492255985709424,53
4911,2,7563,4063,3500,0,0,0,1.0,1,1.0,1,1.0,1,0.228624957315063,55
4912,2,7565,4065,3500,0,0,0,1.0,1,1.0,1,1.0,1,0.24670072261713394,54
4913,0,7565,4065,3500,0,0,0,1.0,1,1.0,1,1.0,1,0.23576240333970114,53
4914,1,7566,4066,3500,0,0,0,1.0,1,1.0,1,1.0,1,0.21754797577554638,53
4915,1,7567,4066,3501,0,0,0,1.0,1,1.0,1,1.0,1,0.21220020594050218,54
4916,1,7568,4067,3501,0,0,0,1.0,1,1.0,1,1.0,1,0.20705822534877238,52
4917,1,7569,4068,3501,0,0,0,1.0,1,1.0,1,1.0,1,0.2154868010149052,52
4918,1,7570,4068,3502,0,0,0,1.0,1,1.0,1,1.0,1,0.19822932162635415,51
4919,1,7571,4069,3502,0,0,0,1.0,1,1.0,1,1.0,1,0.23125609840104625,50
4920,1,7572,4069,3503,0,0,0,1.0,1,1.0,1,1.0,1,0.21110462019454065,51
4921,5,7577,4069,3508,0,0,0,1.0,1,1.0,1,1.0,1,0.13177591578563516,51
4922,2,7579,4070,3509,0,0,0,1.0,1,1.0,1,1.0,1,0.16591554423271324,53
4923,0,7579,4070,3509,0,0,0,1.0,1,1.0,1,1.0,1,0.16591554423271324,53
4924,0,7579,4070,3509,0,0,0,1.0,1,1.0,1,1.0,1,0.16544019758107292,55
4925,2,7581,4072,3509,0,0,0,1.0,1,1.0,1,1.0,1,0.14038913298938446,56
4926,0,7581,4072,3509,0,0,0,1.0,1,1.0,1,1.0,1,0.1262557831294227,55
4927,2,7583,4074,3509,0,0,0,1.0,1,1.0,1,1.0,1,0.142049560007247,55
4928,0,7583,4074,3509,0,0,0,1.0,1,1.0,1,1.0,1,0.142049560007247,55
4929,1,7584,4074,3510,0,0,0,1.0,1,1.0,1,1.0,1,0.1176586636941653,56
4930,0,7584,4074,3510,0,0,0,1.0,1,1.0,1,1.0,1,0.13084650444656717,58
4931,0,7584,4074,3510,0,0,0,1.0,1,1.0,1,1.0,1,0.12534593000414,59
4932,0,7584,4074,3510,0,0,0,1.0,1,1.0,1,1.0,1,0.13847272425970727,60
4933,1,7585,4075,3510,0,0,0,1.0,1,1.0,1,1.0,1,0.15870079046240607,60
4934,1,7586,4076,3510,0,0,0,1.0,1,1.0,1,1.0,1,0.17692130518760243,60
4935,0,7586,4076,3510,0,0,0,1.0,1,1.0,1,1.0,1,0.17692130518760243,60
4936,3,7589,4078,3511,0,0,0,1.0,1,1.0,1,1.0,1,0.1859919875683263,61
4937,4,7593,4080,3513,0,0,0,1.0,1,1.0,1,1.0,1,0.19832144401251822,62
4938,1,7594,4080,3514,0,0,0,1.0,1,1.0,1,1.0,1,0.17691992399460832,62
4939,2,7596,4082,3514,0,0,0,1.0,1,1.0,1,1.0,1,0.18074634732730113,64
4940,1,7597,4082,3515,0,0,0,1.0,1,1.0,1,1.0,1,0.17926893075127878,67
4941,4,7601,4083,3518,0,0,0,1.0,1,1.0,1,1.0,1,0.15986492370945946,66
4942,2,7603,4083,3520,0,0,0,1.0,1,1.0,1,1.0,1,0.13881893621923785,67
4943,0,7603,4083,3520,0,0,0,1.0,1,1.0,1,1.0,1,0.15643229843461112,65
4944,0,7603,4083,3520,0,0,0,1.0,1,1.0,1,1.0,1,0.15643229843461112,65
4945,1,7604,4084,3520,0,0,0,1.0,1,1.0,1,1.0,1,0.1734367142013968,62
4946,0,7604,4084,3520,0,0,0,1.0,1,1.0,1,1.0,1,0.18061092647349195,61
4947,2,7606,4086,3520,0,0,0,1.0,1,1.0,1,1.0,1,0.18812427577629479,59
4948,1,7607,4087,3520,0,0,0,1.0,1,1.0,1,1.0,1,0.2132738066600709,59
4949,2,7609,4089,3520,0,0,0,1.0,1,1.0,1,1.0,1,0.20318188936112722,57
4950,5,7614,4094,3520,0,0,0,1.0,1,1.0,1,1.0,1,0.22117315811308783,58
4951,5,7619,4099,3520,0,0,0,1.0,1,1.0,1,1.0,1,0.23158261786112275,55
4952,2,7621,4101,3520,0,0,0,1.0,1,1.0,1,1.0,1,0.2309666935264681,53
4953,3,7624,4103,3521,0,0,0,1.0,1,1.0,1,1.0,1,0.25371278681904436,54
4954,0,7624,4103,3521,0,0,0,1.0,1,1.0,1,1.0,1,0.23567686790183506,52
4955,0,7624,4103,3521,0,0,0,1.0,1,1.0,1,1.0,1,0.25171604608433823,51
4956,0,7624,4103,3521,0,0,0,1.0,1,1.0,1,1.0,1,0.2751061008136055,47
4957,1,7625,4103,3522,0,0,0,1.0,1,1.0,1,1.0,1,0.26161150765794494,48
4958,0,7625,4103,3522,0,0,0,1.0,1,1.0,1,1.0,1,0.24666954366003147,47
4959,0,7625,4103,3522,0,0,0,1.0,1,1.0,1,1.0,1,0.24666954366003147,47
4960,0,7625,4103,3522,0,0,0,1.0,1,1.0,1,1.0,1,0.25776738164522567,48
4961,6,7631,4103,3528,0,0,0,1.0,1,1.0,1,1.0,1,0.1395852745092028,49
4962,1,7632,4104,3528,0,0,0,1.0,1,1.0,1,1.0,1,0.15244055387766586,49
4963,2,7634,4105,3529,0,0,0,1.0,1,1.0,1,1.0,1,0.14430738133295012,51
4964,2,7636,4106,3530,0,0,0,1.0,1,1.0,1,1.0,1,0.1501325617505085,51
4965,3,7639,4108,3531,0,0,0,1.0,1,1.0,1,1.0,1,0.15648076942186603,51
4966,0,7639,4108,3531,0,0,0,1.0,1,1.0,1,1.0,1,0.15648076942186603,51
4967,2,7641,4110,3531,0,0,0,1.0,1,1.0,1,1.0,1,0.19323014489131096,51
4968,4,7645,4111,3534,0,0,0,1.0,1,1.0,1,1.0,1,0.14907405028671,52
4969,0,7645,4111,3534,0,0,0,1.0,1,1.0,1,1.0,1,0.15760620874223502,53
4970,3,7648,4114,3534,0,0,0,1.0,1,1.0,1,1.0,1,0.15433415926205435,54
4971,2,7650,4114,3536,0,0,0,1.0,1,1.0,1,1.0,1,0.1394091698103805,55
4972,2,7652,4116,3536,0,0,0,1.0,1,1.0,1,1.0,1,0.14188960802962458,56
4973,1,7653,4116,3537,0,0,0,1.0,1,1.0,1,1.0,1,0.12156667703467891,57
4974,1,7654,4116,3538,0,0,0,1.0,1,1.0,1,1.0,1,0.1363680630184378,56
4975,1,7655,4117,3538,0,0,0,1.0,1,1.0,1,1.0,1,0.15944155718384898,57
4976,2,7657,4119,3538,0,0,0,1.0,1,1.0,1,1.0,1,0.14235200769759707,57
4977,1,7658,4120,3538,0,0,0,1.0,1,1.0,1,1.0,1,0.13627445873854419,57
4978,3,7661,4122,3539,0,0,0,1.0,1,1.0,1,1.0,1,0.09950864221904897,58
4979,3,7664,4123,3541,0,0,0,1.0,1,1.0,1,1.0,1,0.11369862932329428,58
4980,1,7665,4124,3541,0,0,0,1.0,1,1.0,1,1.0,1,0.13195958052150333,59
4981,5,7670,4125,3545,0,0,0,1.0,1,1.0,1,1.0,1,0.10241100789021566,60
4982,1,7671,4125,3546,0,0,0,1.0,1,1.0,1,1.0,1,0.08084313987189141,61
4983,1,7672,4126,3546,0,0,0,1.0,1,1.0,1,1.0,1,0.059890507882459164,61
4984,0,7672,4126,3546,0,0,0,1.0,1,1.0,1,1.0,1,0.08426596723676935,59
4985,0,7672,4126,3546,0,0,0,1.0,1,1.0,1,1.0,1,0.1171859814098866,58
4986,0,7672,4126,3546,0,0,0,1.0,1,1.0,1,1.0,1,0.10067868423995653,59
4987,2,7674,4128,3546,0,0,0,1.0,1,1.0,1,1.0,1,0.1348220187316003,58
4988,1,7675,4128,3547,0,0,0,1.0,1,1.0,1,1.0,1,0.13310476468925486,57
4989,4,7679,4132,3547,0,0,0,1.0,1,1.0,1,1.0,1,0.17695260869626384,54
4990,2,7681,4133,3548,0,0,0,1.0,1,1.0,1,1.0,1,0.1529069957253528,53
4991,2,7683,4135,3548,0,0,0,1.0,1,1.0,1,1.0,1,0.20807237653974886,52
4992,4,7687,4138,3549,0,0,0,1.0,1,1.0,1,1.0,1,0.19943787674520877,48
4993,0,7687,4138,3549,0,0,0,1.0,1,1.0,1,1.0,1,0.19943787674520877,48
4994,1,7688,4139,3549,0,0,0,1.0,1,1.0,1,1.0,1,0.19441697068641586,45
4995,3,7691,4142,3549,0,0,0,1.0,1,1.0,1,1.0,1,0.23178203085820764,45
4996,1,7692,4143,3549,0,0,0,1.0,1,1.0,1,1.0,1,0.16642429452392973,45
4997,1,7693,4144,3549,0,0,0,1.0,1,1.0,1,1.0,1,0.1957056142067626,42
4998,1,7694,4145,3549,0,0,0,1.0,1,1.0,1,1.0,1,0.20384664160067614,44
4999,1,7695,4146,3549,0,0,0,1.0,1,1.0,1,1.0,1,0.23922213675080295,44
5000,1,7696,4147,3549,0,0,0,1.0,1,1.0,1,1.0,1,0.2924595126637731,42
5001,5,7701,4147,3554,0,0,0,1.0,1,1.0,1,1.0,1,0.22276710093527735,42
5002,3,7704,4148,3556,0,0,0,1.0,1,1.0,1,1.0,1,0.20444857636537198,41
5003,2,7706,4149,3557,0,0,0,1.0,1,1.0,1,1.0,1,0.25940930790682165,41
5004,1,7707,4149,3558,0,0,0,1.0,1,1.0,1,1.0,1,0.2813519139130203,41
5005,2,7709,4149,3560,0,0,0,1.0,1,1.0,1,1.0,1,0.2778040868729662,41
5006,2,7711,4149,3562,0,0,0,1.0,1,1.0,1,1.0,1,0.2630182439257911,42
5007,3,7714,4149,3565,0,0,0,1.0,1,1.0,1,1.0,1,0.26887354164939975,43
5008,2,7716,4149,3567,0,0,0,1.0,1,1.0,1,1.0,1,0.22500349352373547,46
5009,2,7718,4149,3569,0,0,0,1.0,1,1.0,1,1.0,1,0.24612774702263093,46
5010,3,7721,4149,3572,0,0,0,1.0,1,1.0,1,1.0,1,0.22442580753593377,46
5011,2,7723,4149,3574,0,0,0,1.0,1,1.0,1,1.0,1,0.23445106546954864,47
5012,5,7728,4149,3579,0,0,0,1.0,1,1.0,1,1.0,1,0.24643243461497644,48
5013,8,7736,4149,3587,0,0,0,1.0,1,1.0,1,1.0,1,0.24643243461497644,48
5014,8,7744,4149,3595,0,0,0,1.0,1,1.0,1,1.0,1,0.25477775691420274,49
5015,6,7750,4149,3601,0,0,0,1.0,1,1.0,1,1.0,1,0.1624872091425671,50
5016,5,7755,4150,3605,0,0,0,1.0,1,1.0,1,1.0,1,0.21206168926305038,51
5017,8,7763,4150,3613,0,0,0,1.0,1,1.0,1,1.0,1,0.16619984305771018,51
5018,2,7765,4150,3615,0,0,0,1.0,1,1.0,1,1.0,1,0.1560354710761513,51
5019,0,7765,4150,3615,0,0,0,1.0,1,1.0,1,1.0,1,0.16539582254280943,51
5020,0,7765,4150,3615,0,0,0,1.0,1,1.0,1,1.0,1,0.16539582254280943,51
5021,2,7767,4150,3617,0,0,0,1.0,1,1.0,1,1.0,1,0.1613904895082846,52
5022,1,7768,4151,3617,0,0,0,1.0,1,1.0,1,1.0,1,0.15492837759753977,52
5023,1,7769,4152,3617,0,0,0,1.0,1,1.0,1,1.0,1,0.1589724982314078,52
5024,0,7769,4152,3617,0,0,0,1.0,1,1.0,1,1.0,1,0.14557521099112508,51
5025,0,7769,4152,3617,0,0,0,1.0,1,1.0,1,1.0,1,0.1552819813095,50
5026,1,7770,4153,3617,0,0,0,1.0,1,1.0,1,1.0,1,0.21361731958131797,49
5027,1,7771,4154,3617,0,0,0,1.0,1,1.0,1,1.0,1,0.2248386072300357,47
5028,1,7772,4155,3617,0,0,0,1.0,1,1.0,1,1.0,1,0.2509715055301524,47
5029,2,7774,4156,3618,0,0,0,1.0,1,1.0,1,1.0,1,0.209988327792178,46
5030,1,7775,4157,3618,0,0,0,1.0,1,1.0,1,1.0,1,0.21090985835623002,48
5031,1,7776,4158,3618,0,0,0,1.0,1,1.0,1,1.0,1,0.19411178757838782,46
5032,0,7776,4158,3618,0,0,0,1.0,1,1.0,1,1.0,1,0.19411178757838782,46
5033,1,7777,4159,3618,0,0,0,1.0,1,1.0,1,1.0,1,0.22132184059081114,47
5034,0,7777,4159,3618,0,0,0,1.0,1,1.0,1,1.0,1,0.19810496081123738,48
5035,0,7777,4159,3618,0,0,0,1.0,1,1.0,1,1.0,1,0.19713931135282212,47
5036,0,7777,4159,3618,0,0,0,1.0,1,1.0,1,1.0,1,0.19713931135282212,47
5037,0,7777,4159,3618,0,0,0,1.0,1,1.0,1,1.0,1,0.20910839982639598,47
5038,1,7778,4159,3619,0,0,0,1.0,1,1.0,1,1.0,1,0.1947193045868046,48
5039,1,7779,4160,3619,0,0,0,1.0,1,1.0,1,1.0,1,0.23208069343000234,47
5040,0,7779,4160,3619,0,0,0,1.0,1,1.0,1,1.0,1,0.22449585251414422,48
5041,2,7781,4160,3621,0,0,0,1.0,1,1.0,1,1.0,1,0.19648771807962717,49
5042,0,7781,4160,3621,0,0,0,1.0,1,1.0,1,1.0,1,0.18467089535175565,50
5043,1,7782,4160,3622,0,0,0,1.0,1,1.0,1,1.0,1,0.1498353081966959,51
5044,0,7782,4160,3622,0,0,0,1.0,1,1.0,1,1.0,1,0.1498353081966959,51
5045,3,7785,4161,3624,0,0,0,1.0,1,1.0,1,1.0,1,0.13764222535165538,51
5046,1,7786,4162,3624,0,0,0,1.0,1,1.0,1,1.0,1,0.15799110525844698,52
5047,0,7786,4162,3624,0,0,0,1.0,1,1.0,1,1.0,1,0.1551030190613049,52
5048,1,7787,4162,3625,0,0,0,1.0,1,1.0,1,1.0,1,0.14694993368110582,52
5049,1,7788,4162,3626,0,0,0,1.0,1,1.0,1,1.0,1,0.16677118072546918,52
5050,1,7789,4162,3627,0,0,0,1.0,1,1.0,1,1.0,1,0.14536837519182752,55
5051,0,7789,4162,3627,0,0,0,1.0,1,1.0,1,1.0,1,0.17341453747958327,55
5052,0,7789,4162,3627,0,0,0,1.0,1,1.0,1,1.0,1,0.17341453747958327,55
5053,1,7790,4162,3628,0,0,0,1.0,1,1.0,1,1.0,1,0.16968882196265792,54
5054,2,7792,4163,3629,0,0,0,1.0,1,1.0,1,1.0,1,0.16647610093643894,54
5055,1,7793,4163,3630,0,0,0,1.0,1,1.0,1,1.0,1,0.15877071838882606,54
5056,3,7796,4163,3633,0,0,0,1.0,1,1.0,1,1.0,1,0.1311317497813515,55
5057,1,7797,4163,3634,0,0,0,1.0,1,1.0,1,1.0,1,0.13124281682478778,56
5058,3,7800,4165,3635,0,0,0,1.0,1,1.0,1,1.0,1,0.13316990553127214,58
5059,3,7803,4165,3638,0,0,0,1.0,1,1.0,1,1.0,1,0.09406995460584194,58
5060,3,7806,4167,3639,0,0,0,1.0,1,1.0,1,1.0,1,0.12081699274349009,59
5061,5,7811,4167,3644,0,0,0,1.0,1,1.0,1,1.0,1,0.04357163314172173,58
5062,1,7812,4168,3644,0,0,0,1.0,1,1.0,1,1.0,1,0.027149851449659545,58
5063,4,7816,4171,3645,0,0,0,1.0,1,1.0,1,1.0,1,0.06656284025633111,57
5064,0,7816,4171,3645,0,0,0,1.0,1,1.0,1,1.0,1,0.09695011818651632,57
5065,1,7817,4172,3645,0,0,0,1.0,1,1.0,1,1.0,1,0.133438968122673,56
5066,2,7819,4174,3645,0,0,0,1.0,1,1.0,1,1.0,1,0.18874188564856764,55
5067,0,7819,4174,3645,0,0,0,1.0,1,1.0,1,1.0,1,0.17657473701203347,54
5068,2,7821,4175,3646,0,0,0,1.0,1,1.0,1,1.0,1,0.18969742580643645,54
5069,3,7824,4176,3648,0,0,0,1.0,1,1.0,1,1.0,1,0.18521549240934018,53
5070,5,7829,4178,3651,0,0,0,1.0,1,1.0,1,1.0,1,0.22650247288806283,53
5071,2,7831,4178,3653,0,0,0,1.0,1,1.0,1,1.0,1,0.18224707338946494,53
5072,0,7831,4178,3653,0,0,0,1.0,1,1.0,1,1.0,1,0.16143638548173525,53
5073,0,7831,4178,3653,0,0,0,1.0,1,1.0,1,1.0,1,0.16143638548173525,53
5074,0,7831,4178,3653,0,0,0,1.0,1,1.0,1,1.0,1,0.13387692347632574,52
5075,0,7831,4178,3653,0,0,0,1.0,1,1.0,1,1.0,1,0.13387692347632574,52
5076,2,7833,4179,3654,0,0,0,1.0,1,1.0,1,1.0,1,0.11429923813872583,55
5077,1,7834,4180,3654,0,0,0,1.0,1,1.0,1,1.0,1,0.16373247483911468,55
5078,0,7834,4180,3654,0,0,0,1.0,1,1.0,1,1.0,1,0.16373247483911468,55
5079,0,7834,4180,3654,0,0,0,1.0,1,1.0,1,1.0,1,0.17872107144548435,54
5080,1,7835,4181,3654,0,0,0,1.0,1,1.0,1,1.0,1,0.19175177825244072,55
5081,4,7839,4181,3658,0,0,0,1.0,1,1.0,1,1.0,1,0.15638669813906944,57
5082,0,7839,4181,3658,0,0,0,1.0,1,1.0,1,1.0,1,0.15638669813906944,57
5083,2,7841,4181,3660,0,0,0,1.0,1,1.0,1,1.0,1,0.1318294517132375,58
5084,1,7842,4181,3661,0,0,0,1.0,1,1.0,1,1.0,1,0.12244453890312797,58
5085,0,7842,4181,3661,0,0,0,1.0,1,1.0,1,1.0,1,0.1169426536312221,59
5086,3,7845,4183,3662,0,0,0,1.0,1,1.0,1,1.0,1,0.11147000709719994,60
5087,1,7846,4184,3662,0,0,0,1.0,1,1.0,1,1.0,1,0.12778768225334705,61
5088,3,7849,4186,3663,0,0,0,1.0,1,1.0,1,1.0,1,0.15958120584161817,62
5089,3,7852,4189,3663,0,0,0,1.0,1,1.0,1,1.0,1,0.17302426913696914,63
5090,1,7853,4189,3664,0,0,0,1.0,1,1.0,1,1.0,1,0.16200346792769424,63
5091,4,7857,4192,3665,0,0,0,1.0,1,1.0,1,1.0,1,0.1923549340835145,63
5092,0,7857,4192,3665,0,0,0,1.0,1,1.0,1,1.0,1,0.1923549340835145,63
5093,0,7857,4192,3665,0,0,0,1.0,1,1.0,1,1.0,1,0.1923549340835145,63
5094,1,7858,4193,3665,0,0,0,1.0,1,1.0,1,1.0,1,0.19896101788763343,64
5095,2,7860,4193,3667,0,0,0,1.0,1,1.0,1,1.0,1,0.1786985594595753,64
5096,0,7860,4193,3667,0,0,0,1.0,1,1.0,1,1.0,1,0.1681961011730083,67
5097,4,7864,4194,3670,0,0,0,1.0,1,1.0,1,1.0,1,0.1696815126790517,67
5098,1,7865,4195,3670,0,0,0,1.0,1,1.0,1,1.0,1,0.15133805407149412,68
5099,1,7866,4196,3670,0,0,0,1.0,1,1.0,1,1.0,1,0.16109584600810872,70
5100,1,7867,4197,3670,0,0,0,1.0,1,1.0,1,1.0,1,0.12885284895701332,71
5101,7,7874,4200,3674,0,0,0,1.0,1,1.0,1,1.0,1,0.07666701053922972,71
5102,1,7875,4201,3674,0,0,0,1.0,1,1.0,1,1.0,1,0.09058120503588027,70
5103,1,7876,4202,3674,0,0,0,1.0,1,1.0,1,1.0,1,0.09498173364015766,67
5104,0,7876,4202,3674,0,0,0,1.0,1,1.0,1,1.0,1,0.10681675846555448,67
5105,3,7879,4205,3674,0,0,0,1.0,1,1.0,1,1.0,1,0.1300267327799857,63
5106,2,7881,4207,3674,0,0,0,1.0,1,1.0,1,1.0,1,0.15783422267512184,63
5107,3,7884,4210,3674,0,0,0,1.0,1,1.0,1,1.0,1,0.19332918899332793,60
5108,3,7887,4213,3674,0,0,0,1.0,1,1.0,1,1.0,1,0.22671156697868944,56
5109,1,7888,4214,3674,0,0,0,1.0,1,1.0,1,1.0,1,0.24160869650015626,56
5110,3,7891,4217,3674,0,0,0,1.0,1,1.0,1,1.0,1,0.2622766890030892,52
5111,4,7895,4221,3674,0,0,0,1.0,1,1.0,1,1.0,1,0.28989228490969615,51
5112,1,7896,4222,3674,0,0,0,1.0,1,1.0,1,1.0,1,0.29756851900761594,50
5113,2,7898,4224,3674,0,0,0,1.0,1,1.0,1,1.0,1,0.3289067065918813,48
5114,1,7899,4225,3674,0,0,0,1.0,1,1.0,1,1.0,1,0.32670373423109966,46
5115,0,7899,4225,3674,0,0,0,1.0,1,1.0,1,1.0,1,0.31102905543906695,44
5116,0,7899,4225,3674,0,0,0,1.0,1,1.0,1,1.0,1,0.3130124373017872,44
5117,0,7899,4225,3674,0,0,0,1.0,1,1.0,1,1.0,1,0.30354037083383245,46
5118,0,7899,4225,3674,0,0,0,1.0,1,1.0,1,1.0,1,0.30354037083383245,46
5119,2,7901,4227,3674,0,0,0,1.0,1,1.0,1,1.0,1,0.30796489733906124,46
5120,1,7902,4228,3674,0,0,0,1.0,1,1.0,1,1.0,1,0.3292478169701053,46
5121,10,7912,4229,3683,0,0,0,1.0,1,1.0,1,1.0,1,0.20634806602405628,46
5122,3,7915,4232,3683,0,0,0,1.0,1,1.0,1,1.0,1,0.20065753098538003,46
5123,0,7915,4232,3683,0,0,0,1.0,1,1.0,1,1.0,1,0.21601749284991534,45
5124,3,7918,4235,3683,0,0,0,1.0,1,1.0,1,1.0,1,0.21457212708033585,47
5125,1,7919,4235,3684,0,0,0,1.0,1,1.0,1,1.0,1,0.21191001968952092,50
5126,2,7921,4236,3685,0,0,0,1.0,1,1.0,1,1.0,1,0.19591422163127908,50
5127,2,7923,4237,3686,0,0,0,1.0,1,1.0,1,1.0,1,0.18182948545229535,52
5128,2,7925,4239,3686,0,0,0,1.0,1,1.0,1,1.0,1,0.15184813813338488,53
5129,1,7926,4239,3687,0,0,0,1.0,1,1.0,1,1.0,1,0.13939406104691146,55
5130,0,7926,4239,3687,0,0,0,1.0,1,1.0,1,1.0,1,0.13939406104691146,55
5131,0,7926,4239,3687,0,0,0,1.0,1,1.0,1,1.0,1,0.15799753018007698,54
5132,3,7929,4239,3690,0,0,0,1.0,1,1.0,1,1.0,1,0.1751249296382137,54
5133,2,7931,4239,3692,0,0,0,1.0,1,1.0,1,1.0,1,0.155817698924078,54
5134,0,7931,4239,3692,0,0,0,1.0,1,1.0,1,1.0,1,0.17100724510168003,53
5135,0,7931,4239,3692,0,0,0,1.0,1,1.0,1,1.0,1,0.18099225395775503,54
5136,1,7932,4240,3692,0,0,0,1.0,1,1.0,1,1.0,1,0.20423450028272971,54
5137,0,7932,4240,3692,0,0,0,1.0,1,1.0,1,1.0,1,0.20423450028272971,54
5138,2,7934,4242,3692,0,0,0,1.0,1,1.0,1,1.0,1,0.2213203926360497,54
5139,1,7935,4243,3692,0,0,0,1.0,1,1.0,1,1.0,1,0.20233995512560565,55
5140,5,7940,4246,3694,0,0,0,1.0,1,1.0,1,1.0,1,0.2266224639369511,55
5141,8,7948,4247,3701,0,0,0,1.0,1,1.0,1,1.0,1,0.1419795466456224,53
5142,0,7948,4247,3701,0,0,0,1.0,1,1.0,1,1.0,1,0.12633680582652254,54
5143,3,7951,4249,3702,0,0,0,1.0,1,1.0,1,1.0,1,0.16163743855227813,52
5144,0,7951,4249,3702,0,0,0,1.0,1,1.0,1,1.0,1,0.13524086733770366,50
5145,0,7951,4249,3702,0,0,0,1.0,1,1.0,1,1.0,1,0.14669286447091676,49
5146,0,7951,4249,3702,0,0,0,1.0,1,1.0,1,1.0,1,0.1487721315028418,49
5147,0,7951,4249,3702,0,0,0,1.0,1,1.0,1,1.0,1,0.1713748434651747,46
5148,0,7951,4249,3702,0,0,0,1.0,1,1.0,1,1.0,1,0.14804127077028595,46
5149,0,7951,4249,3702,0,0,0,1.0,1,1.0,1,1.0,1,0.17138508937071753,45
5150,3,7954,4252,3702,0,0,0,1.0,1,1.0,1,1.0,1,0.158705644163678,47
5151,2,7956,4254,3702,0,0,0,1.0,1,1.0,1,1.0,1,0.18919128165349267,46
5152,2,7958,4256,3702,0,0,0,1.0,1,1.0,1,1.0,1,0.2350554918800702,46
5153,1,7959,4257,3702,0,0,0,1.0,1,1.0,1,1.0,1,0.2314894388525964,45
5154,1,7960,4258,3702,0,0,0,1.0,1,1.0,1,1.0,1,0.25982879048316454,47
5155,2,7962,4259,3703,0,0,0,1.0,1,1.0,1,1.0,1,0.27835732505641236,47
5156,1,7963,4259,3704,0,0,0,1.0,1,1.0,1,1.0,1,0.2664076106636991,47
5157,0,7963,4259,3704,0,0,0,1.0,1,1.0,1,1.0,1,0.2800956534913176,46
5158,0,7963,4259,3704,0,0,0,1.0,1,1.0,1,1.0,1,0.27279053878065146,47
5159,0,7963,4259,3704,0,0,0,1.0,1,1.0,1,1.0,1,0.2816963615653693,49
5160,0,7963,4259,3704,0,0,0,1.0,1,1.0,1,1.0,1,0.29178312856808936,48
5161,10,7973,4259,3714,0,0,0,1.0,1,1.0,1,1.0,1,0.18299934957084069,48
5162,0,7973,4259,3714,0,0,0,1.0,1,1.0,1,1.0,1,0.17232226725428645,49
5163,2,7975,4259,3716,0,0,0,1.0,1,1.0,1,1.0,1,0.17725875403013158,51
5164,0,7975,4259,3716,0,0,0,1.0,1,1.0,1,1.0,1,0.17725875403013158,51
5165,2,7977,4259,3718,0,0,0,1.0,1,1.0,1,1.0,1,0.17270282860782252,52
5166,1,7978,4260,3718,0,0,0,1.0,1,1.0,1,1.0,1,0.17799995935765542,52
5167,2,7980,4261,3719,0,0,0,1.0,1,1.0,1,1.0,1,0.17760858515562172,52
5168,0,7980,4261,3719,0,0,0,1.0,1,1.0,1,1.0,1,0.17760858515562172,52
5169,2,7982,4262,3720,0,0,0,1.0,1,1.0,1,1.0,1,0.15934440629977287,53
5170,0,7982,4262,3720,0,0,0,1.0,1,1.0,1,1.0,1,0.15934440629977287,53
5171,0,7982,4262,3720,0,0,0,1.0,1,1.0,1,1.0,1,0.16839097151509363,52
5172,1,7983,4263,3720,0,0,0,1.0,1,1.0,1,1.0,1,0.15685023691887887,53
5173,2,7985,4263,3722,0,0,0,1.0,1,1.0,1,1.0,1,0.14737141553194005,54
5174,0,7985,4263,3722,0,0,0,1.0,1,1.0,1,1.0,1,0.14996077837588231,56
5175,1,7986,4264,3722,0,0,0,1.0,1,1.0,1,1.0,1,0.14570210816086185,58
5176,3,7989,4265,3724,0,0,0,1.0,1,1.0,1,1.0,1,0.15462004837372573,58
5177,2,7991,4265,3726,0,0,0,1.0,1,1.0,1,1.0,1,0.15196697606000387,59
5178,3,7994,4267,3727,0,0,0,1.0,1,1.0,1,1.0,1,0.1731288397055469,57
5179,2,7996,4267,3729,0,0,0,1.0,1,1.0,1,1.0,1,0.16344818557934848,58
5180,2,7998,4267,3731,0,0,0,1.0,1,1.0,1,1.0,1,0.14424204959019338,56
5181,6,8004,4269,3735,0,0,0,1.0,1,1.0,1,1.0,1,0.1444156097960455,57
5182,1,8005,4270,3735,0,0,0,1.0,1,1.0,1,1.0,1,0.12834403230999483,56
5183,3,8008,4272,3736,0,0,0,1.0,1,1.0,1,1.0,1,0.17627296110806967,57
5184,0,8008,4272,3736,0,0,0,1.0,1,1.0,1,1.0,1,0.18172944580262393,56
5185,1,8009,4272,3737,0,0,0,1.0,1,1.0,1,1.0,1,0.19278026233387344,56
5186,1,8010,4273,3737,0,0,0,1.0,1,1.0,1,1.0,1,0.20419062828432424,54
5187,0,8010,4273,3737,0,0,0,1.0,1,1.0,1,1.0,1,0.19818381862243487,51
5188,0,8010,4273,3737,0,0,0,1.0,1,1.0,1,1.0,1,0.18668377644212836,50
5189,0,8010,4273,3737,0,0,0,1.0,1,1.0,1,1.0,1,0.21368154556022118,49
5190,3,8013,4276,3737,0,0,0,1.0,1,1.0,1,1.0,1,0.18652603269105092,50
5191,0,8013,4276,3737,0,0,0,1.0,1,1.0,1,1.0,1,0.18652603269105092,50
5192,2,8015,4278,3737,0,0,0,1.0,1,1.0,1,1.0,1,0.20459905988791843,49
5193,0,8015,4278,3737,0,0,0,1.0,1,1.0,1,1.0,1,0.2154131656503063,50
5194,1,8016,4279,3737,0,0,0,1.0,1,1.0,1,1.0,1,0.23972519888925473,51
5195,1,8017,4280,3737,0,0,0,1.0,1,1.0,1,1.0,1,0.25219095404343517,51
5196,0,8017,4280,3737,0,0,0,1.0,1,1.0,1,1.0,1,0.25219095404343517,51
5197,0,8017,4280,3737,0,0,0,1.0,1,1.0,1,1.0,1,0.25219095404343517,51
5198,0,8017,4280,3737,0,0,0,1.0,1,1.0,1,1.0,1,0.25219095404343517,51
5199,1,8018,4280,3738,0,0,0,1.0,1,1.0,1,1.0,1,0.20990540165616378,54
5200,1,8019,4281,3738,0,0,0,1.0,1,1.0,1,1.0,1,0.21988057978661515,54
5201,8,8027,4283,3744,0,0,0,1.0,1,1.0,1,1.0,1,0.14665331221685998,55
5202,1,8028,4283,3745,0,0,0,1.0,1,1.0,1,1.0,1,0.1460859314990823,56
5203,1,8029,4284,3745,0,0,0,1.0,1,1.0,1,1.0,1,0.15466594991531457,56
5204,0,8029,4284,3745,0,0,0,1.0,1,1.0,1,1.0,1,0.14597972870130374,58
5205,1,8030,4284,3746,0,0,0,1.0,1,1.0,1,1.0,1,0.13185502530644133,58
5206,2,8032,4285,3747,0,0,0,1.0,1,1.0,1,1.0,1,0.1369270778698412,58
5207,1,8033,4285,3748,0,0,0,1.0,1,1.0,1,1.0,1,0.13051669198503218,59
5208,1,8034,4286,3748,0,0,0,1.0,1,1.0,1,1.0,1,0.15032413850015458,58
5209,0,8034,4286,3748,0,0,0,1.0,1,1.0,1,1.0,1,0.15032413850015458,58
5210,0,8034,4286,3748,0,0,0,1.0,1,1.0,1,1.0,1,0.14863799943178035,57
5211,0,8034,4286,3748,0,0,0,1.0,1,1.0,1,1.0,1,0.14863799943178035,57
5212,0,8034,4286,3748,0,0,0,1.0,1,1.0,1,1.0,1,0.1454972751403831,59
5213,4,8038,4288,3750,0,0,0,1.0,1,1.0,1,1.0,1,0.16677756795974757,59
5214,1,8039,4289,3750,0,0,0,1.0,1,1.0,1,1.0,1,0.2221976672852112,59
5215,3,8042,4290,3752,0,0,0,1.0,1,1.0,1,1.0,1,0.24937671198172345,58
5216,2,8044,4291,3753,0,0,0,1.0,1,1.0,1,1.0,1,0.23934856077228206,59
5217,5,8049,4295,3754,0,0,0,1.0,1,1.0,1,1.0,1,0.19951756556758915,58
5218,2,8051,4297,3754,0,0,0,1.0,1,1.0,1,1.0,1,0.22650355971671915,58
5219,1,8052,4298,3754,0,0,0,1.0,1,1.0,1,1.0,1,0.22571011844389538,57
5220,0,8052,4298,3754,0,0,0,1.0,1,1.0,1,1.0,1,0.20849092931222962,56
5221,7,8059,4299,3760,0,0,0,1.0,1,1.0,1,1.0,1,0.15914775598785222,58
5222,0,8059,4299,3760,0,0,0,1.0,1,1.0,1,1.0,1,0.13525394997658283,56
5223,2,8061,4301,3760,0,0,0,1.0,1,1.0,1,1.0,1,0.19800877363933447,55
5224,1,8062,4301,3761,0,0,0,1.0,1,1.0,1,1.0,1,0.1931173554669622,56
5225,1,8063,4302,3761,0,0,0,1.0,1,1.0,1,1.0,1,0.23231755740317125,55
5226,1,8064,4303,3761,0,0,0,1.0,1,1.0,1,1.0,1,0.2205063462155857,55
5227,0,8064,4303,3761,0,0,0,1.0,1,1.0,1,1.0,1,0.21612612142106344,53
5228,0,8064,4303,3761,0,0,0,1.0,1,1.0,1,1.0,1,0.21094621164094857,51
5229,0,8064,4303,3761,0,0,0,1.0,1,1.0,1,1.0,1,0.18980923965542865,51
5230,0,8064,4303,3761,0,0,0,1.0,1,1.0,1,1.0,1,0.19159039423073548,51
5231,2,8066,4305,3761,0,0,0,1.0,1,1.0,1,1.0,1,0.21255421320963747,52
5232,2,8068,4307,3761,0,0,0,1.0,1,1.0,1,1.0,1,0.24361142553678378,52
5233,1,8069,4308,3761,0,0,0,1.0,1,1.0,1,1.0,1,0.24611305682987988,53
5234,1,8070,4309,3761,0,0,0,1.0,1,1.0,1,1.0,1,0.2723400384378872,53
5235,2,8072,4310,3762,0,0,0,1.0,1,1.0,1,1.0,1,0.25346401271259567,53
5236,1,8073,4310,3763,0,0,0,1.0,1,1.0,1,1.0,1,0.24977192087022768,52
5237,0,8073,4310,3763,0,0,0,1.0,1,1.0,1,1.0,1,0.2710592325858052,52
5238,0,8073,4310,3763,0,0,0,1.0,1,1.0,1,1.0,1,0.2710592325858052,52
5239,0,8073,4310,3763,0,0,0,1.0,1,1.0,1,1.0,1,0.28709832204608693,51
5240,0,8073,4310,3763,0,0,0,1.0,1,1.0,1,1.0,1,0.2936850959941249,53
5241,6,8079,4311,3768,0,0,0,1.0,1,1.0,1,1.0,1,0.2495488018912321,53
5242,6,8085,4313,3772,0,0,0,1.0,1,1.0,1,1.0,1,0.1991918473573253,51
5243,2,8087,4314,3773,0,0,0,1.0,1,1.0,1,1.0,1,0.213761150823221,51
5244,3,8090,4316,3774,0,0,0,1.0,1,1.0,1,1.0,1,0.1942831672343459,52
5245,5,8095,4318,3777,0,0,0,1.0,1,1.0,1,1.0,1,0.18285631237021432,53
5246,1,8096,4319,3777,0,0,0,1.0,1,1.0,1,1.0,1,0.17029983619337893,53
5247,1,8097,4320,3777,0,0,0,1.0,1,1.0,1,1.0,1,0.17641341163543334,54
5248,1,8098,4321,3777,0,0,0,1.0,1,1.0,1,1.0,1,0.14973384970531728,54
5249,1,8099,4322,3777,0,0,0,1.0,1,1.0,1,1.0,1,0.1259772815607229,55
5250,0,8099,4322,3777,0,0,0,1.0,1,1.0,1,1.0,1,0.14295680871125493,57
5251,0,8099,4322,3777,0,0,0,1.0,1,1.0,1,1.0,1,0.12603735695835672,58
5252,2,8101,4324,3777,0,0,0,1.0,1,1.0,1,1.0,1,0.164850061807988,58
5253,3,8104,4326,3778,0,0,0,1.0,1,1.0,1,1.0,1,0.1817789027746413,58
5254,1,8105,4327,3778,0,0,0,1.0,1,1.0,1,1.0,1,0.20276123194940426,59
5255,5,8110,4329,3781,0,0,0,1.0,1,1.0,1,1.0,1,0.201888705205032,58
5256,2,8112,4329,3783,0,0,0,1.0,1,1.0,1,1.0,1,0.2081297657886194,58
5257,2,8114,4330,3784,0,0,0,1.0,1,1.0,1,1.0,1,0.21824243504362612,57
5258,1,8115,4330,3785,0,0,0,1.0,1,1.0,1,1.0,1,0.17554853037271317,55
5259,0,8115,4330,3785,0,0,0,1.0,1,1.0,1,1.0,1,0.17041084683347799,56
5260,0,8115,4330,3785,0,0,0,1.0,1,1.0,1,1.0,1,0.16784378023771113,55
5261,2,8117,4330,3787,0,0,0,1.0,1,1.0,1,1.0,1,0.13655882693086296,54
5262,1,8118,4331,3787,0,0,0,1.0,1,1.0,1,1.0,1,0.1607986474245898,54
5263,0,8118,4331,3787,0,0,0,1.0,1,1.0,1,1.0,1,0.17446720711496394,55
5264,3,8121,4333,3788,0,0,0,1.0,1,1.0,1,1.0,1,0.16357689351020938,53
5265,1,8122,4334,3788,0,0,0,1.0,1,1.0,1,1.0,1,0.18227513474196624,52
5266,1,8123,4334,3789,0,0,0,1.0,1,1.0,1,1.0,1,0.1899582019301374,49
5267,3,8126,4336,3790,0,0,0,1.0,1,1.0,1,1.0,1,0.18999666754273264,49
5268,1,8127,4337,3790,0,0,0,1.0,1,1.0,1,1.0,1,0.22443382160306927,46
5269,2,8129,4339,3790,0,0,0,1.0,1,1.0,1,1.0,1,0.2001498610588867,45
5270,1,8130,4340,3790,0,0,0,1.0,1,1.0,1,1.0,1,0.20124904767560442,46
5271,5,8135,4345,3790,0,0,0,1.0,1,1.0,1,1.0,1,0.20402929757871058,46
5272,0,8135,4345,3790,0,0,0,1.0,1,1.0,1,1.0,1,0.2168007111885944,45
5273,3,8138,4348,3790,0,0,0,1.0,1,1.0,1,1.0,1,0.22170458611004273,45
5274,0,8138,4348,3790,0,0,0,1.0,1,1.0,1,1.0,1,0.24163246221955634,45
5275,3,8141,4351,3790,0,0,0,1.0,1,1.0,1,1.0,1,0.2874743839189015,46
5276,4,8145,4354,3791,0,0,0,1.0,1,1.0,1,1.0,1,0.34492010013702207,45
5277,0,8145,4354,3791,0,0,0,1.0,1,1.0,1,1.0,1,0.3486318470275284,45
5278,2,8147,4356,3791,0,0,0,1.0,1,1.0,1,1.0,1,0.3869223825398703,44
5279,1,8148,4357,3791,0,0,0,1.0,1,1.0,1,1.0,1,0.3778460642598614,45
5280,1,8149,4358,3791,0,0,0,1.0,1,1.0,1,1.0,1,0.3900044797158878,46
5281,10,8159,4359,3800,0,0,0,1.0,1,1.0,1,1.0,1,0.19974469859636582,46
5282,3,8162,4360,3802,0,0,0,1.0,1,1.0,1,1.0,1,0.1975480014953933,47
5283,0,8162,4360,3802,0,0,0,1.0,1,1.0,1,1.0,1,0.20934686008095788,48
5284,1,8163,4360,3803,0,0,0,1.0,1,1.0,1,1.0,1,0.19903918608986698,48
5285,0,8163,4360,3803,0,0,0,1.0,1,1.0,1,1.0,1,0.1762062073581814,48
5286,1,8164,4360,3804,0,0,0,1.0,1,1.0,1,1.0,1,0.17186590462108997,50
5287,0,8164,4360,3804,0,0,0,1.0,1,1.0,1,1.0,1,0.17186590462108997,50
5288,0,8164,4360,3804,0,0,0,1.0,1,1.0,1,1.0,1,0.16425168041044844,51
5289,0,8164,4360,3804,0,0,0,1.0,1,1.0,1,1.0,1,0.16425168041044844,51
5290,2,8166,4360,3806,0,0,0,1.0,1,1.0,1,1.0,1,0.11751243019614654,52
5291,3,8169,4361,3808,0,0,0,1.0,1,1.0,1,1.0,1,0.1614347788716753,52
5292,2,8171,4361,3810,0,0,0,1.0,1,1.0,1,1.0,1,0.17018772951400032,53
5293,2,8173,4362,3811,0,0,0,1.0,1,1.0,1,1.0,1,0.20491640751804097,51
5294,0,8173,4362,3811,0,0,0,1.0,1,1.0,1,1.0,1,0.19259374290203776,50
5295,2,8175,4363,3812,0,0,0,1.0,1,1.0,1,1.0,1,0.1779308664233688,49
5296,0,8175,4363,3812,0,0,0,1.0,1,1.0,1,1.0,1,0.17029406531212612,48
5297,0,8175,4363,3812,0,0,0,1.0,1,1.0,1,1.0,1,0.1937670473958132,46
5298,0,8175,4363,3812,0,0,0,1.0,1,1.0,1,1.0,1,0.1944987171515488,46
5299,0,8175,4363,3812,0,0,0,1.0,1,1.0,1,1.0,1,0.1998823775663836,47
5300,0,8175,4363,3812,0,0,0,1.0,1,1.0,1,1.0,1,0.1779954440635206,48
5301,0,8175,4363,3812,0,0,0,1.0,1,1.0,1,1.0,1,0.1779954440635206,48
5302,1,8176,4364,3812,0,0,0,1.0,1,1.0,1,1.0,1,0.19779735165930765,49
5303,0,8176,4364,3812,0,0,0,1.0,1,1.0,1,1.0,1,0.20476296051378526,48
5304,1,8177,4365,3812,0,0,0,1.0,1,1.0,1,1.0,1,0.2036432199536828,48
5305,0,8177,4365,3812,0,0,0,1.0,1,1.0,1,1.0,1,0.21106364362296393,47
5306,3,8180,4367,3813,0,0,0,1.0,1,1.0,1,1.0,1,0.21110031590754255,48
5307,1,8181,4368,3813,0,0,0,1.0,1,1.0,1,1.0,1,0.23102217744058856,48
5308,0,8181,4368,3813,0,0,0,1.0,1,1.0,1,1.0,1,0.2306894388375619,47
5309,0,8181,4368,3813,0,0,0,1.0,1,1.0,1,1.0,1,0.2374658045060611,46
5310,1,8182,4368,3814,0,0,0,1.0,1,1.0,1,1.0,1,0.2247514486873009,46
5311,2,8184,4369,3815,0,0,0,1.0,1,1.0,1,1.0,1,0.200765662770346,46
5312,1,8185,4369,3816,0,0,0,1.0,1,1.0,1,1.0,1,0.19378148408533197,46
5313,1,8186,4369,3817,0,0,0,1.0,1,1.0,1,1.0,1,0.19799049177970268,46
5314,1,8187,4369,3818,0,0,0,1.0,1,1.0,1,1.0,1,0.19079765770821902,46
5315,1,8188,4369,3819,0,0,0,1.0,1,1.0,1,1.0,1,0.16153860561375136,47
5316,1,8189,4370,3819,0,0,0,1.0,1,1.0,1,1.0,1,0.198232959691367,48
5317,0,8189,4370,3819,0,0,0,1.0,1,1.0,1,1.0,1,0.17712010179752863,49
5318,6,8195,4375,3820,0,0,0,1.0,1,1.0,1,1.0,1,0.17471525171056912,49
5319,1,8196,4376,3820,0,0,0,1.0,1,1.0,1,1.0,1,0.19700297258363497,50
5320,1,8197,4377,3820,0,0,0,1.0,1,1.0,1,1.0,1,0.2116458397747338,51
5321,5,8202,4377,3825,0,0,0,1.0,1,1.0,1,1.0,1,0.12579688244655357,52
5322,2,8204,4377,3827,0,0,0,1.0,1,1.0,1,1.0,1,0.0997975610112824,53
5323,1,8205,4378,3827,0,0,0,1.0,1,1.0,1,1.0,1,0.06436410985843727,53
5324,3,8208,4379,3829,0,0,0,1.0,1,1.0,1,1.0,1,0.032551894603799814,55
5325,2,8210,4380,3830,0,0,0,1.0,1,1.0,1,1.0,1,0.048453613902504376,55
5326,4,8214,4382,3832,0,0,0,1.0,1,1.0,1,1.0,1,0.0341443497673806,55
5327,0,8214,4382,3832,0,0,0,1.0,1,1.0,1,1.0,1,0.03783617737367701,56
5328,1,8215,4383,3832,0,0,0,1.0,1,1.0,1,1.0,1,0.058132103811752524,57
5329,4,8219,4384,3835,0,0,0,1.0,1,1.0,1,1.0,1,0.041939892843231526,57
5330,4,8223,4385,3838,0,0,0,1.0,1,1.0,1,1.0,1,0.08230899855483383,56
5331,3,8226,4386,3840,0,0,0,1.0,1,1.0,1,1.0,1,0.0817620071729659,57
5332,2,8228,4386,3842,0,0,0,1.0,1,1.0,1,1.0,1,0.04905929153721172,58
5333,3,8231,4387,3844,0,0,0,1.0,1,1.0,1,1.0,1,0.09397495854934831,59
5334,4,8235,4388,3847,0,0,0,1.0,1,1.0,1,1.0,1,0.07872734845119518,59
5335,1,8236,4388,3848,0,0,0,1.0,1,1.0,1,1.0,1,0.05564046943077666,58
5336,3,8239,4389,3850,0,0,0,1.0,1,1.0,1,1.0,1,0.07227539088167341,59
5337,0,8239,4389,3850,0,0,0,1.0,1,1.0,1,1.0,1,0.06713147649737605,60
5338,4,8243,4391,3852,0,0,0,1.0,1,1.0,1,1.0,1,0.13425256812702122,60
5339,4,8247,4391,3856,0,0,0,1.0,1,1.0,1,1.0,1,0.13425256812702122,60
5340,4,8251,4393,3858,0,0,0,1.0,1,1.0,1,1.0,1,0.12860165151630204,60
5341,4,8255,4394,3861,0,0,0,1.0,1,1.0,1,1.0,1,0.10954325708466474,61
5342,1,8256,4394,3862,0,0,0,1.0,1,1.0,1,1.0,1,0.07876506018119431,59
5343,2,8258,4396,3862,0,0,0,1.0,1,1.0,1,1.0,1,0.11289004690656365,58
5344,1,8259,4396,3863,0,0,0,1.0,1,1.0,1,1.0,1,0.08793258366245223,58
5345,2,8261,4398,3863,0,0,0,1.0,1,1.0,1,1.0,1,0.0857522729014946,54
5346,0,8261,4398,3863,0,0,0,1.0,1,1.0,1,1.0,1,0.0857522729014946,54
5347,4,8265,4402,3863,0,0,0,1.0,1,1.0,1,1.0,1,0.08568428086561944,54
5348,0,8265,4402,3863,0,0,0,1.0,1,1.0,1,1.0,1,0.09904898459465884,55
5349,2,8267,4403,3864,0,0,0,1.0,1,1.0,1,1.0,1,0.11891552951885807,56
5350,2,8269,4404,3865,0,0,0,1.0,1,1.0,1,1.0,1,0.129453731644323,56
5351,0,8269,4404,3865,0,0,0,1.0,1,1.0,1,1.0,1,0.11387931413599879,57
5352,2,8271,4406,3865,0,0,0,1.0,1,1.0,1,1.0,1,0.12554793557867383,57
5353,2,8273,4407,3866,0,0,0,1.0,1,1.0,1,1.0,1,0.12378261977726732,57
5354,0,8273,4407,3866,0,0,0,1.0,1,1.0,1,1.0,1,0.13149928651461115,56
5355,1,8274,4408,3866,0,0,0,1.0,1,1.0,1,1.0,1,0.10610228533321306,57
5356,0,8274,4408,3866,0,0,0,1.0,1,1.0,1,1.0,1,0.11881198441111034,56
5357,0,8274,4408,3866,0,0,0,1.0,1,1.0,1,1.0,1,0.13806936374202466,56
5358,1,8275,4409,3866,0,0,0,1.0,1,1.0,1,1.0,1,0.13588941480994277,57
5359,1,8276,4410,3866,0,0,0,1.0,1,1.0,1,1.0,1,0.14769923669344406,57
5360,0,8276,4410,3866,0,0,0,1.0,1,1.0,1,1.0,1,0.1717226350304594,55
5361,7,8283,4413,3870,0,0,0,1.0,1,1.0,1,1.0,1,0.1745200777660251,56
5362,1,8284,4413,3871,0,0,0,1.0,1,1.0,1,1.0,1,0.14432812972970452,57
5363,1,8285,4414,3871,0,0,0,1.0,1,1.0,1,1.0,1,0.16722840210531098,57
5364,0,8285,4414,3871,0,0,0,1.0,1,1.0,1,1.0,1,0.1763076633146765,58
5365,0,8285,4414,3871,0,0,0,1.0,1,1.0,1,1.0,1,0.15114232141932388,59
5366,2,8287,4415,3872,0,0,0,1.0,1,1.0,1,1.0,1,0.15425231757474514,60
5367,1,8288,4416,3872,0,0,0,1.0,1,1.0,1,1.0,1,0.17650967875127152,60
5368,0,8288,4416,3872,0,0,0,1.0,1,1.0,1,1.0,1,0.17073925316924227,58
5369,2,8290,4418,3872,0,0,0,1.0,1,1.0,1,1.0,1,0.17945416454066887,58
5370,0,8290,4418,3872,0,0,0,1.0,1,1.0,1,1.0,1,0.17388500598589202,57
5371,4,8294,4421,3873,0,0,0,1.0,1,1.0,1,1.0,1,0.22203339378286868,56
5372,1,8295,4422,3873,0,0,0,1.0,1,1.0,1,1.0,1,0.19516711917519108,55
5373,6,8301,4426,3875,0,0,0,1.0,1,1.0,1,1.0,1,0.22061371068227537,54
5374,1,8302,4427,3875,0,0,0,1.0,1,1.0,1,1.0,1,0.2102324509688489,53
5375,4,8306,4429,3877,0,0,0,1.0,1,1.0,1,1.0,1,0.18364963587235586,52
5376,2,8308,4431,3877,0,0,0,1.0,1,1.0,1,1.0,1,0.20572788579795454,52
5377,1,8309,4432,3877,0,0,0,1.0,1,1.0,1,1.0,1,0.2009148584006844,51
5378,2,8311,4434,3877,0,0,0,1.0,1,1.0,1,1.0,1,0.24754957566515687,52
5379,0,8311,4434,3877,0,0,0,1.0,1,1.0,1,1.0,1,0.22926846253798241,50
5380,1,8312,4435,3877,0,0,0,1.0,1,1.0,1,1.0,1,0.2634497525849882,51
5381,4,8316,4437,3879,0,0,0,1.0,1,1.0,1,1.0,1,0.22638031923264096,50
5382,1,8317,4437,3880,0,0,0,1.0,1,1.0,1,1.0,1,0.22335507708953972,48
5383,0,8317,4437,3880,0,0,0,1.0,1,1.0,1,1.0,1,0.22388204424478342,48
5384,3,8320,4438,3882,0,0,0,1.0,1,1.0,1,1.0,1,0.195069745544188,48
5385,0,8320,4438,3882,0,0,0,1.0,1,1.0,1,1.0,1,0.20338480918487786,47
5386,3,8323,4441,3882,0,0,0,1.0,1,1.0,1,1.0,1,0.22367161396049012,48
5387,2,8325,4442,3883,0,0,0,1.0,1,1.0,1,1.0,1,0.2232364235619146,48
5388,1,8326,4442,3884,0,0,0,1.0,1,1.0,1,1.0,1,0.2116245660841584,48
5389,2,8328,4443,3885,0,0,0,1.0,1,1.0,1,1.0,1,0.18060473569871427,50
5390,0,8328,4443,3885,0,0,0,1.0,1,1.0,1,1.0,1,0.18246940765735736,52
5391,0,8328,4443,3885,0,0,0,1.0,1,1.0,1,1.0,1,0.18246940765735736,52
5392,0,8328,4443,3885,0,0,0,1.0,1,1.0,1,1.0,1,0.19295556216529275,51
5393,5,8333,4448,3885,0,0,0,1.0,1,1.0,1,1.0,1,0.15599837682007656,50
5394,1,8334,4448,3886,0,0,0,1.0,1,1.0,1,1.0,1,0.13346573043717033,50
5395,1,8335,4449,3886,0,0,0,1.0,1,1.0,1,1.0,1,0.15843299369960293,49
5396,0,8335,4449,3886,0,0,0,1.0,1,1.0,1,1.0,1,0.16448444225128803,48
5397,1,8336,4450,3886,0,0,0,1.0,1,1.0,1,1.0,1,0.1633906130118009,48
5398,1,8337,4451,3886,0,0,0,1.0,1,1.0,1,1.0,1,0.2234630506824832,46
5399,5,8342,4456,3886,0,0,0,1.0,1,1.0,1,1.0,1,0.2714974748855289,46
5400,3,8345,4458,3887,0,0,0,1.0,1,1.0,1,1.0,1,0.24632135503569566,48
5401,6,8351,4458,3893,0,0,0,1.0,1,1.0,1,1.0,1,0.09036029361930538,49
5402,0,8351,4458,3893,0,0,0,1.0,1,1.0,1,1.0,1,0.0,0
