,SuccessfulHandoverCount,TotalSuccessfulHandoverCount,TotalSuccessfulHandoverCountRange,TotalSuccessfulHandoverCountLoadBalancing,TotalSuccessfulHandoverCountOverload,FailedHandoverCount,TotalFailedHandoverCount,AvgQoS,MinQoS,AvgQoS_LoadBased,MinQoS_LoadBased,AvgQoS_RangeBased,MinQoS_RangeBased,GiniLoad,VehicleCount
0,0,0,0,0,0,0,0,1.0,1,1.0,1,1.0,1,0.0,0
1,12,12,0,12,0,0,0,1.0,1,1.0,1,1.0,1,0.1671661592158646,26
2,13,25,0,25,0,0,0,1.0,1,1.0,1,1.0,1,0.10004035169416303,27
3,8,33,0,33,0,0,0,1.0,1,1.0,1,1.0,1,0.1512627947031473,28
4,11,44,0,44,0,0,0,1.0,1,1.0,1,1.0,1,0.09196232473349847,29
5,6,50,0,50,0,0,0,1.0,1,1.0,1,1.0,1,0.08976364464059733,29
6,8,58,0,58,0,0,0,1.0,1,1.0,1,1.0,1,0.12274968438468314,32
7,6,64,0,64,0,0,0,1.0,1,1.0,1,1.0,1,0.11953143808208459,33
8,11,75,0,75,0,0,0,1.0,1,1.0,1,1.0,1,0.10698566060958929,35
9,10,85,0,85,0,0,0,1.0,1,1.0,1,1.0,1,0.14010845173512843,35
10,4,89,0,89,0,0,0,1.0,1,1.0,1,1.0,1,0.13233634204381844,35
11,5,94,0,94,0,0,0,1.0,1,1.0,1,1.0,1,0.11954258074276168,35
12,7,101,0,101,0,0,0,1.0,1,1.0,1,1.0,1,0.11332528056463567,34
13,10,111,0,111,0,0,0,1.0,1,1.0,1,1.0,1,0.1391618070651072,32
14,4,115,0,115,0,0,0,1.0,1,1.0,1,1.0,1,0.13523105059182589,31
15,4,119,0,119,0,0,0,1.0,1,1.0,1,1.0,1,0.0994916219042507,30
16,7,126,0,126,0,0,0,1.0,1,1.0,1,1.0,1,0.1551403582525191,30
17,7,133,0,133,0,0,0,1.0,1,1.0,1,1.0,1,0.11040041239043628,29
18,3,136,0,136,0,0,0,1.0,1,1.0,1,1.0,1,0.1329773536301689,29
19,7,143,0,143,0,0,0,1.0,1,1.0,1,1.0,1,0.1327322246339555,28
20,3,146,0,146,0,0,0,1.0,1,1.0,1,1.0,1,0.14060911407383417,28
21,2,148,0,148,0,0,0,1.0,1,1.0,1,1.0,1,0.042216281261490095,28
22,0,148,0,148,0,0,0,1.0,1,1.0,1,1.0,1,0.042216281261490095,28
23,3,151,3,148,0,0,0,1.0,1,1.0,1,1.0,1,0.15015660980457926,27
24,3,154,5,149,0,0,0,1.0,1,1.0,1,1.0,1,0.19704708120230321,28
25,1,155,6,149,0,0,0,1.0,1,1.0,1,1.0,1,0.21745504097709256,28
26,4,159,7,152,0,0,0,1.0,1,1.0,1,1.0,1,0.1968212183868635,30
27,0,159,7,152,0,0,0,1.0,1,1.0,1,1.0,1,0.18455686007415212,30
28,2,161,8,153,0,0,0,1.0,1,1.0,1,1.0,1,0.20793684389771971,31
29,3,164,10,154,0,0,0,1.0,1,1.0,1,1.0,1,0.09737935574665725,30
30,0,164,10,154,0,0,0,1.0,1,1.0,1,1.0,1,0.09737935574665725,30
31,1,165,11,154,0,0,0,1.0,1,1.0,1,1.0,1,0.08758068873921078,31
32,0,165,11,154,0,0,0,1.0,1,1.0,1,1.0,1,0.10984941768606107,31
33,0,165,11,154,0,0,0,1.0,1,1.0,1,1.0,1,0.08254513288943179,31
34,2,167,12,155,0,0,0,1.0,1,1.0,1,1.0,1,0.16554448402532101,29
35,0,167,12,155,0,0,0,1.0,1,1.0,1,1.0,1,0.13098939429974152,30
36,0,167,12,155,0,0,0,1.0,1,1.0,1,1.0,1,0.16464244575419995,30
37,1,168,13,155,0,0,0,1.0,1,1.0,1,1.0,1,0.18991770518548862,31
38,3,171,15,156,0,0,0,1.0,1,1.0,1,1.0,1,0.2100957278152457,32
39,0,171,15,156,0,0,0,1.0,1,1.0,1,1.0,1,0.16920710999614724,36
40,3,174,15,159,0,0,0,1.0,1,1.0,1,1.0,1,0.14958405727094287,37
41,2,176,16,160,0,0,0,1.0,1,1.0,1,1.0,1,0.1306556647650945,37
42,0,176,16,160,0,0,0,1.0,1,1.0,1,1.0,1,0.12006371712898045,38
43,2,178,17,161,0,0,0,1.0,1,1.0,1,1.0,1,0.12874602258383364,40
44,0,178,17,161,0,0,0,1.0,1,1.0,1,1.0,1,0.12529938982517932,39
45,0,178,17,161,0,0,0,1.0,1,1.0,1,1.0,1,0.10248467713865113,40
46,0,178,17,161,0,0,0,1.0,1,1.0,1,1.0,1,0.10092865305812496,39
47,1,179,18,161,0,0,0,1.0,1,1.0,1,1.0,1,0.12446689719400064,39
48,0,179,18,161,0,0,0,1.0,1,1.0,1,1.0,1,0.12446689719400064,39
49,0,179,18,161,0,0,0,1.0,1,1.0,1,1.0,1,0.09071203198844592,37
50,1,180,19,161,0,0,0,1.0,1,1.0,1,1.0,1,0.09905985293932826,35
51,0,180,19,161,0,0,0,1.0,1,1.0,1,1.0,1,0.08622528074599972,34
52,0,180,19,161,0,0,0,1.0,1,1.0,1,1.0,1,0.06615470774670268,34
53,0,180,19,161,0,0,0,1.0,1,1.0,1,1.0,1,0.06688905855450897,35
54,0,180,19,161,0,0,0,1.0,1,1.0,1,1.0,1,0.03942951411754428,36
55,1,181,20,161,0,0,0,1.0,1,1.0,1,1.0,1,0.07036173964774056,36
56,5,186,24,162,0,0,0,1.0,1,1.0,1,1.0,1,0.14351520813342028,36
57,3,189,24,165,0,0,0,1.0,1,1.0,1,1.0,1,0.12803819254353407,37
58,4,193,27,166,0,0,0,1.0,1,1.0,1,1.0,1,0.12733334928333426,38
59,2,195,29,166,0,0,0,1.0,1,1.0,1,1.0,1,0.15749821929568236,37
60,1,196,29,167,0,0,0,1.0,1,1.0,1,1.0,1,0.11514867402288025,38
61,4,200,31,169,0,0,0,1.0,1,1.0,1,1.0,1,0.07327629610853457,37
62,3,203,32,171,0,0,0,1.0,1,1.0,1,1.0,1,0.057539681397118965,39
63,0,203,32,171,0,0,0,1.0,1,1.0,1,1.0,1,0.057539681397118965,39
64,2,205,34,171,0,0,0,1.0,1,1.0,1,1.0,1,0.1016120779599207,38
65,1,206,35,171,0,0,0,1.0,1,1.0,1,1.0,1,0.11058775915028533,39
66,0,206,35,171,0,0,0,1.0,1,1.0,1,1.0,1,0.10960178128493926,39
67,1,207,36,171,0,0,0,1.0,1,1.0,1,1.0,1,0.12978028627462038,36
68,3,210,38,172,0,0,0,1.0,1,1.0,1,1.0,1,0.09422743521919329,36
69,1,211,39,172,0,0,0,1.0,1,1.0,1,1.0,1,0.13074583829428607,37
70,1,212,39,173,0,0,0,1.0,1,1.0,1,1.0,1,0.10021455527144553,36
71,0,212,39,173,0,0,0,1.0,1,1.0,1,1.0,1,0.07310183491857525,38
72,0,212,39,173,0,0,0,1.0,1,1.0,1,1.0,1,0.07310183491857525,38
73,1,213,40,173,0,0,0,1.0,1,1.0,1,1.0,1,0.05229956938724963,37
74,1,214,41,173,0,0,0,1.0,1,1.0,1,1.0,1,0.06683493620432239,38
75,0,214,41,173,0,0,0,1.0,1,1.0,1,1.0,1,0.06683493620432239,38
76,1,215,42,173,0,0,0,1.0,1,1.0,1,1.0,1,0.08755803472879332,39
77,0,215,42,173,0,0,0,1.0,1,1.0,1,1.0,1,0.09072520441707402,40
78,0,215,42,173,0,0,0,1.0,1,1.0,1,1.0,1,0.06686663733947425,41
79,1,216,43,173,0,0,0,1.0,1,1.0,1,1.0,1,0.08097892813222493,41
80,0,216,43,173,0,0,0,1.0,1,1.0,1,1.0,1,0.08097892813222493,41
81,2,218,44,174,0,0,0,1.0,1,1.0,1,1.0,1,0.08088847837251724,41
82,0,218,44,174,0,0,0,1.0,1,1.0,1,1.0,1,0.07605343298056802,44
83,0,218,44,174,0,0,0,1.0,1,1.0,1,1.0,1,0.07605343298056802,44
84,0,218,44,174,0,0,0,1.0,1,1.0,1,1.0,1,0.08995445588906191,45
85,1,219,45,174,0,0,0,1.0,1,1.0,1,1.0,1,0.10963490100075851,45
86,0,219,45,174,0,0,0,1.0,1,1.0,1,1.0,1,0.10963490100075851,45
87,2,221,46,175,0,0,0,1.0,1,1.0,1,1.0,1,0.10843908287905885,44
88,2,223,47,176,0,0,0,1.0,1,1.0,1,1.0,1,0.11523367819889091,44
89,0,223,47,176,0,0,0,1.0,1,1.0,1,1.0,1,0.07805779202934567,43
90,0,223,47,176,0,0,0,1.0,1,1.0,1,1.0,1,0.09545036665995328,44
91,1,224,48,176,0,0,0,1.0,1,1.0,1,1.0,1,0.11816819864242618,44
92,0,224,48,176,0,0,0,1.0,1,1.0,1,1.0,1,0.11459916566801857,43
93,0,224,48,176,0,0,0,1.0,1,1.0,1,1.0,1,0.1317420059623394,44
94,0,224,48,176,0,0,0,1.0,1,1.0,1,1.0,1,0.1317420059623394,44
95,0,224,48,176,0,0,0,1.0,1,1.0,1,1.0,1,0.13194360268674551,43
96,1,225,49,176,0,0,0,1.0,1,1.0,1,1.0,1,0.12138874528524042,44
97,1,226,50,176,0,0,0,1.0,1,1.0,1,1.0,1,0.13713516176741106,44
98,2,228,52,176,0,0,0,1.0,1,1.0,1,1.0,1,0.20958364090598558,43
99,0,228,52,176,0,0,0,1.0,1,1.0,1,1.0,1,0.20958364090598558,43
100,3,231,54,177,0,0,0,1.0,1,1.0,1,1.0,1,0.2239520046749789,47
101,2,233,54,179,0,0,0,1.0,1,1.0,1,1.0,1,0.20668571447063985,47
102,1,234,55,179,0,0,0,1.0,1,1.0,1,1.0,1,0.2293828182767383,47
103,4,238,56,182,0,0,0,1.0,1,1.0,1,1.0,1,0.13853919150000998,46
104,3,241,58,183,0,0,0,1.0,1,1.0,1,1.0,1,0.10113493275421481,45
105,2,243,59,184,0,0,0,1.0,1,1.0,1,1.0,1,0.07649939531425985,44
106,6,249,61,188,0,0,0,1.0,1,1.0,1,1.0,1,0.07094675398043075,45
107,3,252,62,190,0,0,0,1.0,1,1.0,1,1.0,1,0.10128662061453104,44
108,4,256,63,193,0,0,0,1.0,1,1.0,1,1.0,1,0.0436546638851041,46
109,5,261,66,195,0,0,0,1.0,1,1.0,1,1.0,1,0.04939906254159325,46
110,1,262,67,195,0,0,0,1.0,1,1.0,1,1.0,1,0.04472364729262999,46
111,2,264,69,195,0,0,0,1.0,1,1.0,1,1.0,1,0.042590089986385395,46
112,4,268,72,196,0,0,0,1.0,1,1.0,1,1.0,1,0.08132625249366914,46
113,1,269,73,196,0,0,0,1.0,1,1.0,1,1.0,1,0.08058211446242278,46
114,1,270,73,197,0,0,0,1.0,1,1.0,1,1.0,1,0.06318283944568605,46
115,1,271,73,198,0,0,0,1.0,1,1.0,1,1.0,1,0.07783159158702772,47
116,0,271,73,198,0,0,0,1.0,1,1.0,1,1.0,1,0.07783159158702772,47
117,0,271,73,198,0,0,0,1.0,1,1.0,1,1.0,1,0.08707605608833449,45
118,2,273,74,199,0,0,0,1.0,1,1.0,1,1.0,1,0.10690020066778605,46
119,1,274,75,199,0,0,0,1.0,1,1.0,1,1.0,1,0.11626391900352105,46
120,2,276,76,200,0,0,0,1.0,1,1.0,1,1.0,1,0.15415950646196713,47
121,3,279,76,203,0,0,0,1.0,1,1.0,1,1.0,1,0.12047162217751825,46
122,0,279,76,203,0,0,0,1.0,1,1.0,1,1.0,1,0.12047162217751825,46
123,0,279,76,203,0,0,0,1.0,1,1.0,1,1.0,1,0.12874330009359813,45
124,1,280,77,203,0,0,0,1.0,1,1.0,1,1.0,1,0.1434134655747343,46
125,0,280,77,203,0,0,0,1.0,1,1.0,1,1.0,1,0.13928791359067916,44
126,0,280,77,203,0,0,0,1.0,1,1.0,1,1.0,1,0.14102098778826933,45
127,0,280,77,203,0,0,0,1.0,1,1.0,1,1.0,1,0.14096281080401055,45
128,0,280,77,203,0,0,0,1.0,1,1.0,1,1.0,1,0.12781245601956934,46
129,2,282,79,203,0,0,0,1.0,1,1.0,1,1.0,1,0.11844916663238708,48
130,1,283,80,203,0,0,0,1.0,1,1.0,1,1.0,1,0.10991304884213349,48
131,2,285,81,204,0,0,0,1.0,1,1.0,1,1.0,1,0.09683490446286669,49
132,4,289,83,206,0,0,0,1.0,1,1.0,1,1.0,1,0.09024070560085193,51
133,3,292,85,207,0,0,0,1.0,1,1.0,1,1.0,1,0.06919598232484699,49
134,5,297,90,207,0,0,0,1.0,1,1.0,1,1.0,1,0.10412494083069586,49
135,1,298,90,208,0,0,0,1.0,1,1.0,1,1.0,1,0.07030513083142584,49
136,3,301,93,208,0,0,0,1.0,1,1.0,1,1.0,1,0.10145662840636625,48
137,1,302,93,209,0,0,0,1.0,1,1.0,1,1.0,1,0.08507489261655607,47
138,4,306,97,209,0,0,0,1.0,1,1.0,1,1.0,1,0.11259754975650142,48
139,3,309,100,209,0,0,0,1.0,1,1.0,1,1.0,1,0.1617859550443301,48
140,3,312,101,211,0,0,0,1.0,1,1.0,1,1.0,1,0.14966562119826998,49
141,5,317,101,216,0,0,0,1.0,1,1.0,1,1.0,1,0.046895427102698284,49
142,1,318,102,216,0,0,0,1.0,1,1.0,1,1.0,1,0.029080865273279227,49
143,0,318,102,216,0,0,0,1.0,1,1.0,1,1.0,1,0.051071870434524096,47
144,2,320,104,216,0,0,0,1.0,1,1.0,1,1.0,1,0.04021230735257609,46
145,1,321,105,216,0,0,0,1.0,1,1.0,1,1.0,1,0.09827954831778009,44
146,1,322,106,216,0,0,0,1.0,1,1.0,1,1.0,1,0.10627372198994006,44
147,0,322,106,216,0,0,0,1.0,1,1.0,1,1.0,1,0.1229764678186297,43
148,0,322,106,216,0,0,0,1.0,1,1.0,1,1.0,1,0.16034607082864596,43
149,1,323,107,216,0,0,0,1.0,1,1.0,1,1.0,1,0.16744317912232262,43
150,1,324,108,216,0,0,0,1.0,1,1.0,1,1.0,1,0.18063156677025657,42
151,1,325,109,216,0,0,0,1.0,1,1.0,1,1.0,1,0.2158399721696774,42
152,2,327,110,217,0,0,0,1.0,1,1.0,1,1.0,1,0.235200595212959,42
153,0,327,110,217,0,0,0,1.0,1,1.0,1,1.0,1,0.22327459645942435,42
154,0,327,110,217,0,0,0,1.0,1,1.0,1,1.0,1,0.2394946616068975,43
155,0,327,110,217,0,0,0,1.0,1,1.0,1,1.0,1,0.22730516702345885,43
156,0,327,110,217,0,0,0,1.0,1,1.0,1,1.0,1,0.23976166400312057,42
157,0,327,110,217,0,0,0,1.0,1,1.0,1,1.0,1,0.2645456687134579,41
158,2,329,112,217,0,0,0,1.0,1,1.0,1,1.0,1,0.1910289057206555,42
159,0,329,112,217,0,0,0,1.0,1,1.0,1,1.0,1,0.19225434575860365,43
160,4,333,116,217,0,0,0,1.0,1,1.0,1,1.0,1,0.25051064596996886,44
161,7,340,117,223,0,0,0,1.0,1,1.0,1,1.0,1,0.18858522316735132,44
162,2,342,118,224,0,0,0,1.0,1,1.0,1,1.0,1,0.20521317155188876,45
163,1,343,119,224,0,0,0,1.0,1,1.0,1,1.0,1,0.2494234417622828,43
164,3,346,120,226,0,0,0,1.0,1,1.0,1,1.0,1,0.22624255582590752,42
165,4,350,123,227,0,0,0,1.0,1,1.0,1,1.0,1,0.1825533651116314,42
166,2,352,124,228,0,0,0,1.0,1,1.0,1,1.0,1,0.1747074986126765,42
167,4,356,126,230,0,0,0,1.0,1,1.0,1,1.0,1,0.11613483343068833,41
168,0,356,126,230,0,0,0,1.0,1,1.0,1,1.0,1,0.12417931230902973,40
169,3,359,128,231,0,0,0,1.0,1,1.0,1,1.0,1,0.1386080744218678,40
170,2,361,129,232,0,0,0,1.0,1,1.0,1,1.0,1,0.07536727524643333,38
171,3,364,131,233,0,0,0,1.0,1,1.0,1,1.0,1,0.118082781695381,37
172,4,368,135,233,0,0,0,1.0,1,1.0,1,1.0,1,0.12152706561767636,35
173,0,368,135,233,0,0,0,1.0,1,1.0,1,1.0,1,0.14173263783511195,36
174,2,370,137,233,0,0,0,1.0,1,1.0,1,1.0,1,0.14841617631810414,34
175,0,370,137,233,0,0,0,1.0,1,1.0,1,1.0,1,0.11543741258344183,33
176,1,371,138,233,0,0,0,1.0,1,1.0,1,1.0,1,0.14677695805431237,34
177,0,371,138,233,0,0,0,1.0,1,1.0,1,1.0,1,0.1337509884680495,36
178,3,374,141,233,0,0,0,1.0,1,1.0,1,1.0,1,0.16510870218916304,37
179,3,377,142,235,0,0,0,1.0,1,1.0,1,1.0,1,0.10411897392584107,37
180,1,378,143,235,0,0,0,1.0,1,1.0,1,1.0,1,0.08390675282858841,36
181,1,379,144,235,0,0,0,1.0,1,1.0,1,1.0,1,0.06679168513717829,36
182,0,379,144,235,0,0,0,1.0,1,1.0,1,1.0,1,0.06691822791146497,38
183,1,380,145,235,0,0,0,1.0,1,1.0,1,1.0,1,0.07161082189537744,37
184,0,380,145,235,0,0,0,1.0,1,1.0,1,1.0,1,0.08449420544951423,36
185,1,381,146,235,0,0,0,1.0,1,1.0,1,1.0,1,0.11419462569441904,35
186,0,381,146,235,0,0,0,1.0,1,1.0,1,1.0,1,0.12987748774939864,34
187,2,383,148,235,0,0,0,1.0,1,1.0,1,1.0,1,0.1661401977185681,33
188,1,384,149,235,0,0,0,1.0,1,1.0,1,1.0,1,0.19104431854859244,33
189,2,386,151,235,0,0,0,1.0,1,1.0,1,1.0,1,0.16691228257313453,33
190,0,386,151,235,0,0,0,1.0,1,1.0,1,1.0,1,0.19423964913345557,32
191,3,389,153,236,0,0,0,1.0,1,1.0,1,1.0,1,0.19010286900966275,34
192,0,389,153,236,0,0,0,1.0,1,1.0,1,1.0,1,0.19010286900966275,34
193,0,389,153,236,0,0,0,1.0,1,1.0,1,1.0,1,0.1806780949777779,35
194,0,389,153,236,0,0,0,1.0,1,1.0,1,1.0,1,0.1978680564113038,37
195,0,389,153,236,0,0,0,1.0,1,1.0,1,1.0,1,0.22010709379604182,36
196,0,389,153,236,0,0,0,1.0,1,1.0,1,1.0,1,0.22010709379604182,36
197,0,389,153,236,0,0,0,1.0,1,1.0,1,1.0,1,0.20888069728359096,37
198,4,393,156,237,0,0,0,1.0,1,1.0,1,1.0,1,0.2285556380026234,37
199,0,393,156,237,0,0,0,1.0,1,1.0,1,1.0,1,0.2285556380026234,37
200,3,396,158,238,0,0,0,1.0,1,1.0,1,1.0,1,0.22132679955286702,37
201,4,400,159,241,0,0,0,1.0,1,1.0,1,1.0,1,0.16223088741417982,36
202,1,401,160,241,0,0,0,1.0,1,1.0,1,1.0,1,0.15218853756767636,36
203,3,404,162,242,0,0,0,1.0,1,1.0,1,1.0,1,0.12737857614855597,35
204,0,404,162,242,0,0,0,1.0,1,1.0,1,1.0,1,0.12666745940666446,35
205,4,408,166,242,0,0,0,1.0,1,1.0,1,1.0,1,0.07920937380773577,35
206,2,410,167,243,0,0,0,1.0,1,1.0,1,1.0,1,0.04275648399068238,34
207,0,410,167,243,0,0,0,1.0,1,1.0,1,1.0,1,0.06874425748046056,34
208,2,412,168,244,0,0,0,1.0,1,1.0,1,1.0,1,0.10848163241247795,33
209,0,412,168,244,0,0,0,1.0,1,1.0,1,1.0,1,0.13173935013355204,33
210,1,413,169,244,0,0,0,1.0,1,1.0,1,1.0,1,0.14694409318636317,34
211,1,414,170,244,0,0,0,1.0,1,1.0,1,1.0,1,0.20055714289059873,33
212,0,414,170,244,0,0,0,1.0,1,1.0,1,1.0,1,0.20055714289059873,33
213,2,416,171,245,0,0,0,1.0,1,1.0,1,1.0,1,0.14390349590702717,35
214,3,419,174,245,0,0,0,1.0,1,1.0,1,1.0,1,0.09927684076500672,34
215,1,420,175,245,0,0,0,1.0,1,1.0,1,1.0,1,0.07142401055673084,35
216,1,421,176,245,0,0,0,1.0,1,1.0,1,1.0,1,0.08302475969615311,36
217,1,422,177,245,0,0,0,1.0,1,1.0,1,1.0,1,0.10303569552143561,36
218,1,423,178,245,0,0,0,1.0,1,1.0,1,1.0,1,0.1399035873406874,36
219,2,425,178,247,0,0,0,1.0,1,1.0,1,1.0,1,0.1059370818476518,37
220,1,426,179,247,0,0,0,1.0,1,1.0,1,1.0,1,0.09660838006241627,38
221,0,426,179,247,0,0,0,1.0,1,1.0,1,1.0,1,0.10266195874788502,37
222,2,428,181,247,0,0,0,1.0,1,1.0,1,1.0,1,0.09185937444723019,38
223,1,429,181,248,0,0,0,1.0,1,1.0,1,1.0,1,0.058552152507935676,38
224,2,431,182,249,0,0,0,1.0,1,1.0,1,1.0,1,0.1406557604353425,38
225,2,433,184,249,0,0,0,1.0,1,1.0,1,1.0,1,0.1631273871690173,36
226,1,434,185,249,0,0,0,1.0,1,1.0,1,1.0,1,0.16475392319153714,37
227,4,438,189,249,0,0,0,1.0,1,1.0,1,1.0,1,0.17416103094214083,35
228,2,440,191,249,0,0,0,1.0,1,1.0,1,1.0,1,0.13432219117544578,35
229,3,443,194,249,0,0,0,1.0,1,1.0,1,1.0,1,0.1331460222406503,35
230,2,445,195,250,0,0,0,1.0,1,1.0,1,1.0,1,0.11652339002137882,35
231,3,448,198,250,0,0,0,1.0,1,1.0,1,1.0,1,0.12653159782005835,35
232,3,451,200,251,0,0,0,1.0,1,1.0,1,1.0,1,0.08724608180443165,36
233,1,452,201,251,0,0,0,1.0,1,1.0,1,1.0,1,0.07670139145176788,36
234,0,452,201,251,0,0,0,1.0,1,1.0,1,1.0,1,0.10886660755302228,34
235,2,454,203,251,0,0,0,1.0,1,1.0,1,1.0,1,0.0893094182724935,33
236,1,455,204,251,0,0,0,1.0,1,1.0,1,1.0,1,0.11526330426026357,31
237,0,455,204,251,0,0,0,1.0,1,1.0,1,1.0,1,0.12025019098468132,32
238,1,456,205,251,0,0,0,1.0,1,1.0,1,1.0,1,0.14428281800092987,31
239,1,457,206,251,0,0,0,1.0,1,1.0,1,1.0,1,0.17930869026966634,30
240,1,458,207,251,0,0,0,1.0,1,1.0,1,1.0,1,0.1977590600893724,27
241,6,464,211,253,0,0,0,1.0,1,1.0,1,1.0,1,0.1886565536146825,27
242,0,464,211,253,0,0,0,1.0,1,1.0,1,1.0,1,0.138863118279864,28
243,2,466,213,253,0,0,0,1.0,1,1.0,1,1.0,1,0.14770797046061881,28
244,1,467,214,253,0,0,0,1.0,1,1.0,1,1.0,1,0.13120517523785347,27
245,1,468,214,254,0,0,0,1.0,1,1.0,1,1.0,1,0.10293549167297,27
246,1,469,215,254,0,0,0,1.0,1,1.0,1,1.0,1,0.11203082755096858,25
247,0,469,215,254,0,0,0,1.0,1,1.0,1,1.0,1,0.07903897917333805,24
248,0,469,215,254,0,0,0,1.0,1,1.0,1,1.0,1,0.08092731298612367,24
249,0,469,215,254,0,0,0,1.0,1,1.0,1,1.0,1,0.10839944504619278,25
250,0,469,215,254,0,0,0,1.0,1,1.0,1,1.0,1,0.0983759335945885,27
251,1,470,215,255,0,0,0,1.0,1,1.0,1,1.0,1,0.06390007831233147,27
252,1,471,216,255,0,0,0,1.0,1,1.0,1,1.0,1,0.0950435503355137,27
253,1,472,217,255,0,0,0,1.0,1,1.0,1,1.0,1,0.15802528693143572,29
254,3,475,220,255,0,0,0,1.0,1,1.0,1,1.0,1,0.16855394154848047,30
255,1,476,221,255,0,0,0,1.0,1,1.0,1,1.0,1,0.18921410339811492,31
256,2,478,223,255,0,0,0,1.0,1,1.0,1,1.0,1,0.20257265004218403,31
257,2,480,224,256,0,0,0,1.0,1,1.0,1,1.0,1,0.167928243885534,33
258,1,481,225,256,0,0,0,1.0,1,1.0,1,1.0,1,0.19198256740123013,33
259,0,481,225,256,0,0,0,1.0,1,1.0,1,1.0,1,0.19198256740123013,33
260,3,484,228,256,0,0,0,1.0,1,1.0,1,1.0,1,0.13871591510837558,35
261,4,488,229,259,0,0,0,1.0,1,1.0,1,1.0,1,0.08505842287150638,35
262,0,488,229,259,0,0,0,1.0,1,1.0,1,1.0,1,0.08505842287150638,35
263,0,488,229,259,0,0,0,1.0,1,1.0,1,1.0,1,0.10554814062157454,34
264,0,488,229,259,0,0,0,1.0,1,1.0,1,1.0,1,0.13498503645686158,32
265,2,490,231,259,0,0,0,1.0,1,1.0,1,1.0,1,0.15752657575141335,30
266,1,491,232,259,0,0,0,1.0,1,1.0,1,1.0,1,0.15876451503213984,31
267,2,493,234,259,0,0,0,1.0,1,1.0,1,1.0,1,0.10567021408158842,30
268,2,495,235,260,0,0,0,1.0,1,1.0,1,1.0,1,0.1091440517973062,31
269,1,496,236,260,0,0,0,1.0,1,1.0,1,1.0,1,0.14825182893737385,31
270,1,497,237,260,0,0,0,1.0,1,1.0,1,1.0,1,0.21552908782034877,32
271,0,497,237,260,0,0,0,1.0,1,1.0,1,1.0,1,0.23929756877096253,31
272,2,499,238,261,0,0,0,1.0,1,1.0,1,1.0,1,0.31660526353716334,32
273,1,500,238,262,0,0,0,1.0,1,1.0,1,1.0,1,0.2869572379716906,32
274,0,500,238,262,0,0,0,1.0,1,1.0,1,1.0,1,0.2869572379716906,32
275,1,501,239,262,0,0,0,1.0,1,1.0,1,1.0,1,0.25830801815762644,33
276,3,504,240,264,0,0,0,1.0,1,1.0,1,1.0,1,0.26767054271019214,34
277,4,508,241,267,0,0,0,1.0,1,1.0,1,1.0,1,0.23105271175777378,32
278,1,509,241,268,0,0,0,1.0,1,1.0,1,1.0,1,0.18500098592788614,31
279,0,509,241,268,0,0,0,1.0,1,1.0,1,1.0,1,0.17139698787984078,31
280,0,509,241,268,0,0,0,1.0,1,1.0,1,1.0,1,0.16775570563006578,30
281,2,511,241,270,0,0,0,1.0,1,1.0,1,1.0,1,0.08432648118471636,31
282,0,511,241,270,0,0,0,1.0,1,1.0,1,1.0,1,0.0305085393608668,30
283,2,513,242,271,0,0,0,1.0,1,1.0,1,1.0,1,0.04804579832443457,31
284,2,515,244,271,0,0,0,1.0,1,1.0,1,1.0,1,0.059999563524652785,31
285,4,519,247,272,0,0,0,1.0,1,1.0,1,1.0,1,0.1498508068705597,31
286,0,519,247,272,0,0,0,1.0,1,1.0,1,1.0,1,0.1498508068705597,31
287,1,520,248,272,0,0,0,1.0,1,1.0,1,1.0,1,0.20672547403030456,33
288,0,520,248,272,0,0,0,1.0,1,1.0,1,1.0,1,0.15582949884531644,32
289,0,520,248,272,0,0,0,1.0,1,1.0,1,1.0,1,0.1448477521590907,32
290,0,520,248,272,0,0,0,1.0,1,1.0,1,1.0,1,0.12966562081635155,31
291,0,520,248,272,0,0,0,1.0,1,1.0,1,1.0,1,0.14316044053401977,30
292,0,520,248,272,0,0,0,1.0,1,1.0,1,1.0,1,0.09461154147575629,32
293,0,520,248,272,0,0,0,1.0,1,1.0,1,1.0,1,0.09461154147575629,32
294,0,520,248,272,0,0,0,1.0,1,1.0,1,1.0,1,0.09461154147575629,32
295,2,522,249,273,0,0,0,1.0,1,1.0,1,1.0,1,0.13296769879415726,34
296,2,524,250,274,0,0,0,1.0,1,1.0,1,1.0,1,0.14212114360402203,34
297,0,524,250,274,0,0,0,1.0,1,1.0,1,1.0,1,0.14212114360402203,34
298,1,525,250,275,0,0,0,1.0,1,1.0,1,1.0,1,0.11509845141923408,35
299,0,525,250,275,0,0,0,1.0,1,1.0,1,1.0,1,0.14375874152398285,35
300,3,528,252,276,0,0,0,1.0,1,1.0,1,1.0,1,0.152842458313519,35
301,5,533,253,280,0,0,0,1.0,1,1.0,1,1.0,1,0.05644562062629424,38
302,1,534,254,280,0,0,0,1.0,1,1.0,1,1.0,1,0.0514905582594747,38
303,1,535,255,280,0,0,0,1.0,1,1.0,1,1.0,1,0.07287482382543219,37
304,1,536,255,281,0,0,0,1.0,1,1.0,1,1.0,1,0.11063298464205962,37
305,2,538,256,282,0,0,0,1.0,1,1.0,1,1.0,1,0.15959930800882643,36
306,2,540,257,283,0,0,0,1.0,1,1.0,1,1.0,1,0.1912799994056384,36
307,1,541,257,284,0,0,0,1.0,1,1.0,1,1.0,1,0.20345588230236708,35
308,1,542,258,284,0,0,0,1.0,1,1.0,1,1.0,1,0.17896663647629696,37
309,0,542,258,284,0,0,0,1.0,1,1.0,1,1.0,1,0.17896663647629696,37
310,1,543,258,285,0,0,0,1.0,1,1.0,1,1.0,1,0.16701758166411987,37
311,1,544,259,285,0,0,0,1.0,1,1.0,1,1.0,1,0.1414476214826147,39
312,0,544,259,285,0,0,0,1.0,1,1.0,1,1.0,1,0.11498063662831676,40
313,0,544,259,285,0,0,0,1.0,1,1.0,1,1.0,1,0.13517637243074762,39
314,1,545,260,285,0,0,0,1.0,1,1.0,1,1.0,1,0.1640168686753742,40
315,2,547,262,285,0,0,0,1.0,1,1.0,1,1.0,1,0.1413744746735562,39
316,0,547,262,285,0,0,0,1.0,1,1.0,1,1.0,1,0.1413744746735562,39
317,1,548,262,286,0,0,0,1.0,1,1.0,1,1.0,1,0.09943360214654418,40
318,1,549,262,287,0,0,0,1.0,1,1.0,1,1.0,1,0.11151844564235845,41
319,1,550,262,288,0,0,0,1.0,1,1.0,1,1.0,1,0.11183860993282042,41
320,1,551,263,288,0,0,0,1.0,1,1.0,1,1.0,1,0.10481854519604601,41
321,3,554,264,290,0,0,0,1.0,1,1.0,1,1.0,1,0.06925447213101518,41
322,2,556,266,290,0,0,0,1.0,1,1.0,1,1.0,1,0.08527189998780048,41
323,0,556,266,290,0,0,0,1.0,1,1.0,1,1.0,1,0.08527189998780048,41
324,2,558,268,290,0,0,0,1.0,1,1.0,1,1.0,1,0.1227361283404693,42
325,1,559,269,290,0,0,0,1.0,1,1.0,1,1.0,1,0.16045841553384269,42
326,2,561,270,291,0,0,0,1.0,1,1.0,1,1.0,1,0.17543826872761567,42
327,0,561,270,291,0,0,0,1.0,1,1.0,1,1.0,1,0.17543826872761567,42
328,0,561,270,291,0,0,0,1.0,1,1.0,1,1.0,1,0.16852470571521683,43
329,0,561,270,291,0,0,0,1.0,1,1.0,1,1.0,1,0.16852470571521683,43
330,0,561,270,291,0,0,0,1.0,1,1.0,1,1.0,1,0.1634176847118922,45
331,0,561,270,291,0,0,0,1.0,1,1.0,1,1.0,1,0.1634176847118922,45
332,0,561,270,291,0,0,0,1.0,1,1.0,1,1.0,1,0.14866179163152837,45
333,0,561,270,291,0,0,0,1.0,1,1.0,1,1.0,1,0.14423727034442888,46
334,1,562,271,291,0,0,0,1.0,1,1.0,1,1.0,1,0.1396494614386092,48
335,1,563,272,291,0,0,0,1.0,1,1.0,1,1.0,1,0.15046213498103475,48
336,1,564,273,291,0,0,0,1.0,1,1.0,1,1.0,1,0.1749255839484458,48
337,1,565,273,292,0,0,0,1.0,1,1.0,1,1.0,1,0.17995292118884323,49
338,0,565,273,292,0,0,0,1.0,1,1.0,1,1.0,1,0.1699734972111096,50
339,1,566,274,292,0,0,0,1.0,1,1.0,1,1.0,1,0.19292189515174354,50
340,0,566,274,292,0,0,0,1.0,1,1.0,1,1.0,1,0.19292189515174354,50
341,4,570,274,296,0,0,0,1.0,1,1.0,1,1.0,1,0.16218439565001655,51
342,0,570,274,296,0,0,0,1.0,1,1.0,1,1.0,1,0.16218439565001655,51
343,1,571,275,296,0,0,0,1.0,1,1.0,1,1.0,1,0.13901428215037787,51
344,0,571,275,296,0,0,0,1.0,1,1.0,1,1.0,1,0.13457790272723608,50
345,0,571,275,296,0,0,0,1.0,1,1.0,1,1.0,1,0.1471016553650334,51
346,2,573,276,297,0,0,0,1.0,1,1.0,1,1.0,1,0.13199599540606963,51
347,5,578,281,297,0,0,0,1.0,1,1.0,1,1.0,1,0.16505089845079837,51
348,2,580,283,297,0,0,0,1.0,1,1.0,1,1.0,1,0.11695473656220623,53
349,4,584,284,300,0,0,0,1.0,1,1.0,1,1.0,1,0.12285441731147445,55
350,1,585,284,301,0,0,0,1.0,1,1.0,1,1.0,1,0.11875299534598234,54
351,3,588,287,301,0,0,0,1.0,1,1.0,1,1.0,1,0.10104482642646159,54
352,1,589,288,301,0,0,0,1.0,1,1.0,1,1.0,1,0.13426797645195632,53
353,5,594,291,303,0,0,0,1.0,1,1.0,1,1.0,1,0.09849197392974886,53
354,2,596,292,304,0,0,0,1.0,1,1.0,1,1.0,1,0.10699545368219582,50
355,2,598,293,305,0,0,0,1.0,1,1.0,1,1.0,1,0.12999543308851724,51
356,3,601,294,307,0,0,0,1.0,1,1.0,1,1.0,1,0.1280360063039122,51
357,5,606,297,309,0,0,0,1.0,1,1.0,1,1.0,1,0.18589069866350583,50
358,5,611,300,311,0,0,0,1.0,1,1.0,1,1.0,1,0.1345960294172156,48
359,3,614,301,313,0,0,0,1.0,1,1.0,1,1.0,1,0.19269749085181093,47
360,3,617,302,315,0,0,0,1.0,1,1.0,1,1.0,1,0.15631797263171496,45
361,4,621,302,319,0,0,0,1.0,1,1.0,1,1.0,1,0.07494566415841895,44
362,0,621,302,319,0,0,0,1.0,1,1.0,1,1.0,1,0.11054565109603956,44
363,3,624,304,320,0,0,0,1.0,1,1.0,1,1.0,1,0.11223352355920609,44
364,0,624,304,320,0,0,0,1.0,1,1.0,1,1.0,1,0.1286259353812158,43
365,3,627,307,320,0,0,0,1.0,1,1.0,1,1.0,1,0.15140349585934784,43
366,1,628,308,320,0,0,0,1.0,1,1.0,1,1.0,1,0.10032311781045651,45
367,2,630,309,321,0,0,0,1.0,1,1.0,1,1.0,1,0.16006600156847625,44
368,2,632,310,322,0,0,0,1.0,1,1.0,1,1.0,1,0.16175835807572223,46
369,1,633,311,322,0,0,0,1.0,1,1.0,1,1.0,1,0.21364923683524492,45
370,1,634,311,323,0,0,0,1.0,1,1.0,1,1.0,1,0.19238255148436703,46
371,2,636,311,325,0,0,0,1.0,1,1.0,1,1.0,1,0.18064363500598063,47
372,0,636,311,325,0,0,0,1.0,1,1.0,1,1.0,1,0.1822837624047886,48
373,0,636,311,325,0,0,0,1.0,1,1.0,1,1.0,1,0.1822837624047886,48
374,2,638,313,325,0,0,0,1.0,1,1.0,1,1.0,1,0.17246107503259678,49
375,0,638,313,325,0,0,0,1.0,1,1.0,1,1.0,1,0.17246107503259678,49
376,5,643,317,326,0,0,0,1.0,1,1.0,1,1.0,1,0.14763967074960072,49
377,4,647,321,326,0,0,0,1.0,1,1.0,1,1.0,1,0.16668375069790128,49
378,1,648,322,326,0,0,0,1.0,1,1.0,1,1.0,1,0.14223983728212572,49
379,1,649,322,327,0,0,0,1.0,1,1.0,1,1.0,1,0.1368393481612361,50
380,1,650,323,327,0,0,0,1.0,1,1.0,1,1.0,1,0.13177193399447742,50
381,5,655,324,331,0,0,0,1.0,1,1.0,1,1.0,1,0.0799745615755563,51
382,1,656,325,331,0,0,0,1.0,1,1.0,1,1.0,1,0.0846405394102982,50
383,0,656,325,331,0,0,0,1.0,1,1.0,1,1.0,1,0.09826461632428315,51
384,1,657,326,331,0,0,0,1.0,1,1.0,1,1.0,1,0.10189493137850479,50
385,0,657,326,331,0,0,0,1.0,1,1.0,1,1.0,1,0.1169551007766874,50
386,0,657,326,331,0,0,0,1.0,1,1.0,1,1.0,1,0.12778049194189461,48
387,2,659,327,332,0,0,0,1.0,1,1.0,1,1.0,1,0.1356591741892568,47
388,1,660,327,333,0,0,0,1.0,1,1.0,1,1.0,1,0.1284687386483375,48
389,1,661,328,333,0,0,0,1.0,1,1.0,1,1.0,1,0.15184272887296696,47
390,2,663,330,333,0,0,0,1.0,1,1.0,1,1.0,1,0.11906966211429212,49
391,3,666,333,333,0,0,0,1.0,1,1.0,1,1.0,1,0.13441721511570442,46
392,0,666,333,333,0,0,0,1.0,1,1.0,1,1.0,1,0.16415428161277026,46
393,3,669,336,333,0,0,0,1.0,1,1.0,1,1.0,1,0.20762607391199778,44
394,0,669,336,333,0,0,0,1.0,1,1.0,1,1.0,1,0.22176367219101228,43
395,0,669,336,333,0,0,0,1.0,1,1.0,1,1.0,1,0.24634831529661652,42
396,1,670,337,333,0,0,0,1.0,1,1.0,1,1.0,1,0.2774459157285018,39
397,1,671,338,333,0,0,0,1.0,1,1.0,1,1.0,1,0.31021578135027356,39
398,0,671,338,333,0,0,0,1.0,1,1.0,1,1.0,1,0.3481579395253851,36
399,0,671,338,333,0,0,0,1.0,1,1.0,1,1.0,1,0.3481579395253851,36
400,2,673,340,333,0,0,0,1.0,1,1.0,1,1.0,1,0.3678292584109049,34
401,7,680,341,339,0,0,0,1.0,1,1.0,1,1.0,1,0.18586068014105162,33
402,0,680,341,339,0,0,0,1.0,1,1.0,1,1.0,1,0.16043450745523383,34
403,0,680,341,339,0,0,0,1.0,1,1.0,1,1.0,1,0.1658556547960794,36
404,0,680,341,339,0,0,0,1.0,1,1.0,1,1.0,1,0.1658556547960794,36
405,0,680,341,339,0,0,0,1.0,1,1.0,1,1.0,1,0.1507303985435119,37
406,0,680,341,339,0,0,0,1.0,1,1.0,1,1.0,1,0.1507303985435119,37
407,5,685,345,340,0,0,0,1.0,1,1.0,1,1.0,1,0.10821396541209964,39
408,5,690,348,342,0,0,0,1.0,1,1.0,1,1.0,1,0.1563773713130048,40
409,6,696,350,346,0,0,0,1.0,1,1.0,1,1.0,1,0.1857029696656849,41
410,10,706,352,354,0,0,0,1.0,1,1.0,1,1.0,1,0.1757039497634886,42
411,7,713,352,361,0,0,0,1.0,1,1.0,1,1.0,1,0.1900229171668525,43
412,6,719,353,366,0,0,0,1.0,1,1.0,1,1.0,1,0.20950854522616474,44
413,5,724,354,370,0,0,0,1.0,1,1.0,1,1.0,1,0.18181440380771147,44
414,5,729,354,375,0,0,0,1.0,1,1.0,1,1.0,1,0.18993841376832413,45
415,4,733,354,379,0,0,0,1.0,1,1.0,1,1.0,1,0.15550983548380068,45
416,8,741,354,387,0,0,0,1.0,1,1.0,1,1.0,1,0.12317949519556012,46
417,7,748,355,393,0,0,0,1.0,1,1.0,1,1.0,1,0.14636061908513742,46
418,7,755,355,400,0,0,0,1.0,1,1.0,1,1.0,1,0.13271012023185255,47
419,4,759,355,404,0,0,0,1.0,1,1.0,1,1.0,1,0.18701117161405367,47
420,4,763,355,408,0,0,0,1.0,1,1.0,1,1.0,1,0.1290091858785972,47
421,0,763,355,408,0,0,0,1.0,1,1.0,1,1.0,1,0.1290091858785972,47
422,0,763,355,408,0,0,0,1.0,1,1.0,1,1.0,1,0.12836244650828194,49
423,0,763,355,408,0,0,0,1.0,1,1.0,1,1.0,1,0.13361003724384846,47
424,1,764,355,409,0,0,0,1.0,1,1.0,1,1.0,1,0.12622742533704745,45
425,1,765,355,410,0,0,0,1.0,1,1.0,1,1.0,1,0.1136125398616512,46
426,1,766,356,410,0,0,0,1.0,1,1.0,1,1.0,1,0.14003307499837778,46
427,4,770,358,412,0,0,0,1.0,1,1.0,1,1.0,1,0.11416675781791948,45
428,1,771,358,413,0,0,0,1.0,1,1.0,1,1.0,1,0.10706114117756856,45
429,1,772,359,413,0,0,0,1.0,1,1.0,1,1.0,1,0.07748571183601727,42
430,0,772,359,413,0,0,0,1.0,1,1.0,1,1.0,1,0.1087747959007791,40
431,2,774,361,413,0,0,0,1.0,1,1.0,1,1.0,1,0.09954392561793231,39
432,0,774,361,413,0,0,0,1.0,1,1.0,1,1.0,1,0.11421530567113203,37
433,3,777,364,413,0,0,0,1.0,1,1.0,1,1.0,1,0.16318329120278152,35
434,1,778,365,413,0,0,0,1.0,1,1.0,1,1.0,1,0.22212726634478658,33
435,0,778,365,413,0,0,0,1.0,1,1.0,1,1.0,1,0.22212726634478658,33
436,0,778,365,413,0,0,0,1.0,1,1.0,1,1.0,1,0.22212726634478658,33
437,2,780,367,413,0,0,0,1.0,1,1.0,1,1.0,1,0.2248658416603668,33
438,0,780,367,413,0,0,0,1.0,1,1.0,1,1.0,1,0.25607044444929783,32
439,3,783,370,413,0,0,0,1.0,1,1.0,1,1.0,1,0.2558632166757864,34
440,1,784,371,413,0,0,0,1.0,1,1.0,1,1.0,1,0.2674087440388855,34
441,7,791,372,419,0,0,0,1.0,1,1.0,1,1.0,1,0.08857211721868055,35
442,4,795,375,420,0,0,0,1.0,1,1.0,1,1.0,1,0.11681683883264024,37
443,3,798,378,420,0,0,0,1.0,1,1.0,1,1.0,1,0.18636660891720047,37
444,2,800,378,422,0,0,0,1.0,1,1.0,1,1.0,1,0.12196511735064364,38
445,0,800,378,422,0,0,0,1.0,1,1.0,1,1.0,1,0.09871118695560813,39
446,0,800,378,422,0,0,0,1.0,1,1.0,1,1.0,1,0.09871118695560813,39
447,1,801,378,423,0,0,0,1.0,1,1.0,1,1.0,1,0.06348609112346185,41
448,0,801,378,423,0,0,0,1.0,1,1.0,1,1.0,1,0.06348609112346185,41
449,0,801,378,423,0,0,0,1.0,1,1.0,1,1.0,1,0.08223405121011294,40
450,0,801,378,423,0,0,0,1.0,1,1.0,1,1.0,1,0.04786188787529212,40
451,0,801,378,423,0,0,0,1.0,1,1.0,1,1.0,1,0.08719794233760626,41
452,1,802,378,424,0,0,0,1.0,1,1.0,1,1.0,1,0.06543026319069137,41
453,2,804,380,424,0,0,0,1.0,1,1.0,1,1.0,1,0.09542012187174945,40
454,0,804,380,424,0,0,0,1.0,1,1.0,1,1.0,1,0.08704316974832267,41
455,3,807,383,424,0,0,0,1.0,1,1.0,1,1.0,1,0.0708859974544976,41
456,0,807,383,424,0,0,0,1.0,1,1.0,1,1.0,1,0.09352718406380542,43
457,1,808,384,424,0,0,0,1.0,1,1.0,1,1.0,1,0.10720154227986994,43
458,2,810,385,425,0,0,0,1.0,1,1.0,1,1.0,1,0.09337276205783816,43
459,0,810,385,425,0,0,0,1.0,1,1.0,1,1.0,1,0.07345004296795381,44
460,1,811,385,426,0,0,0,1.0,1,1.0,1,1.0,1,0.06951316350118064,47
461,1,812,386,426,0,0,0,1.0,1,1.0,1,1.0,1,0.06560660247886285,48
462,0,812,386,426,0,0,0,1.0,1,1.0,1,1.0,1,0.047427790311038324,49
463,1,813,387,426,0,0,0,1.0,1,1.0,1,1.0,1,0.07306805715831784,47
464,1,814,388,426,0,0,0,1.0,1,1.0,1,1.0,1,0.029863144774832966,48
465,3,817,391,426,0,0,0,1.0,1,1.0,1,1.0,1,0.06860215574018134,47
466,4,821,394,427,0,0,0,1.0,1,1.0,1,1.0,1,0.08502804802464997,46
467,3,824,397,427,0,0,0,1.0,1,1.0,1,1.0,1,0.07478454547186532,44
468,2,826,399,427,0,0,0,1.0,1,1.0,1,1.0,1,0.12737943229073456,41
469,4,830,403,427,0,0,0,1.0,1,1.0,1,1.0,1,0.11999831268146359,40
470,2,832,405,427,0,0,0,1.0,1,1.0,1,1.0,1,0.131325026285991,39
471,3,835,408,427,0,0,0,1.0,1,1.0,1,1.0,1,0.1042784097873819,38
472,1,836,409,427,0,0,0,1.0,1,1.0,1,1.0,1,0.14518274434317507,36
473,2,838,411,427,0,0,0,1.0,1,1.0,1,1.0,1,0.11142411169469056,36
474,2,840,413,427,0,0,0,1.0,1,1.0,1,1.0,1,0.10042499950365531,34
475,1,841,414,427,0,0,0,1.0,1,1.0,1,1.0,1,0.12405057454241256,34
476,1,842,415,427,0,0,0,1.0,1,1.0,1,1.0,1,0.16797113153231766,32
477,0,842,415,427,0,0,0,1.0,1,1.0,1,1.0,1,0.16816848423350453,32
478,1,843,416,427,0,0,0,1.0,1,1.0,1,1.0,1,0.17840023798084548,30
479,0,843,416,427,0,0,0,1.0,1,1.0,1,1.0,1,0.19203753747451846,31
480,0,843,416,427,0,0,0,1.0,1,1.0,1,1.0,1,0.20795621871734685,27
481,2,845,417,428,0,0,0,1.0,1,1.0,1,1.0,1,0.14298431206755682,28
482,2,847,419,428,0,0,0,1.0,1,1.0,1,1.0,1,0.16724533777541403,28
483,3,850,421,429,0,0,0,1.0,1,1.0,1,1.0,1,0.09657173019059082,29
484,1,851,422,429,0,0,0,1.0,1,1.0,1,1.0,1,0.1314691533833961,29
485,0,851,422,429,0,0,0,1.0,1,1.0,1,1.0,1,0.1314691533833961,29
486,1,852,423,429,0,0,0,1.0,1,1.0,1,1.0,1,0.13839477864648436,31
487,2,854,423,431,0,0,0,1.0,1,1.0,1,1.0,1,0.1096280650021754,33
488,0,854,423,431,0,0,0,1.0,1,1.0,1,1.0,1,0.12274970864938567,34
489,2,856,425,431,0,0,0,1.0,1,1.0,1,1.0,1,0.1880253401536419,34
490,1,857,425,432,0,0,0,1.0,1,1.0,1,1.0,1,0.15392618006566053,34
491,1,858,425,433,0,0,0,1.0,1,1.0,1,1.0,1,0.1517978079356072,34
492,1,859,425,434,0,0,0,1.0,1,1.0,1,1.0,1,0.11794524508436302,34
493,2,861,427,434,0,0,0,1.0,1,1.0,1,1.0,1,0.13525701865744277,34
494,1,862,427,435,0,0,0,1.0,1,1.0,1,1.0,1,0.15062129910676725,36
495,0,862,427,435,0,0,0,1.0,1,1.0,1,1.0,1,0.15062129910676725,36
496,0,862,427,435,0,0,0,1.0,1,1.0,1,1.0,1,0.12340645172245575,37
497,2,864,427,437,0,0,0,1.0,1,1.0,1,1.0,1,0.10109156196626863,39
498,0,864,427,437,0,0,0,1.0,1,1.0,1,1.0,1,0.12062387307271026,40
499,0,864,427,437,0,0,0,1.0,1,1.0,1,1.0,1,0.12062387307271026,40
500,2,866,429,437,0,0,0,1.0,1,1.0,1,1.0,1,0.1087607252073036,42
501,4,870,431,439,0,0,0,1.0,1,1.0,1,1.0,1,0.05415606344029814,42
502,0,870,431,439,0,0,0,1.0,1,1.0,1,1.0,1,0.05495789118357888,42
503,3,873,434,439,0,0,0,1.0,1,1.0,1,1.0,1,0.1026343475141231,41
504,1,874,434,440,0,0,0,1.0,1,1.0,1,1.0,1,0.11254816513273015,42
505,2,876,436,440,0,0,0,1.0,1,1.0,1,1.0,1,0.15605350264021692,38
506,1,877,437,440,0,0,0,1.0,1,1.0,1,1.0,1,0.16179603500665976,37
507,1,878,438,440,0,0,0,1.0,1,1.0,1,1.0,1,0.16798572045999832,35
508,2,880,440,440,0,0,0,1.0,1,1.0,1,1.0,1,0.20707037168266024,35
509,1,881,441,440,0,0,0,1.0,1,1.0,1,1.0,1,0.238298897052491,34
510,0,881,441,440,0,0,0,1.0,1,1.0,1,1.0,1,0.25198075422414823,34
511,2,883,443,440,0,0,0,1.0,1,1.0,1,1.0,1,0.1824891947589402,32
512,1,884,443,441,0,0,0,1.0,1,1.0,1,1.0,1,0.17588353068439122,30
513,1,885,444,441,0,0,0,1.0,1,1.0,1,1.0,1,0.1739058877249032,31
514,0,885,444,441,0,0,0,1.0,1,1.0,1,1.0,1,0.1739058877249032,31
515,1,886,445,441,0,0,0,1.0,1,1.0,1,1.0,1,0.1828463078071349,32
516,0,886,445,441,0,0,0,1.0,1,1.0,1,1.0,1,0.16722498720934115,31
517,2,888,447,441,0,0,0,1.0,1,1.0,1,1.0,1,0.13107117411424607,32
518,0,888,447,441,0,0,0,1.0,1,1.0,1,1.0,1,0.1223143881749833,31
519,2,890,449,441,0,0,0,1.0,1,1.0,1,1.0,1,0.10831557355866274,31
520,2,892,451,441,0,0,0,1.0,1,1.0,1,1.0,1,0.1402796329422678,33
521,2,894,452,442,0,0,0,1.0,1,1.0,1,1.0,1,0.08510982062869844,34
522,2,896,454,442,0,0,0,1.0,1,1.0,1,1.0,1,0.038506407148056476,34
523,0,896,454,442,0,0,0,1.0,1,1.0,1,1.0,1,0.05446613201917107,33
524,2,898,456,442,0,0,0,1.0,1,1.0,1,1.0,1,0.06558315548038467,34
525,0,898,456,442,0,0,0,1.0,1,1.0,1,1.0,1,0.06328430275484305,32
526,1,899,457,442,0,0,0,1.0,1,1.0,1,1.0,1,0.09587391663114013,32
527,0,899,457,442,0,0,0,1.0,1,1.0,1,1.0,1,0.09844471477011303,31
528,0,899,457,442,0,0,0,1.0,1,1.0,1,1.0,1,0.09844471477011303,31
529,0,899,457,442,0,0,0,1.0,1,1.0,1,1.0,1,0.1236771218791798,30
530,1,900,458,442,0,0,0,1.0,1,1.0,1,1.0,1,0.15818684629288216,30
531,1,901,459,442,0,0,0,1.0,1,1.0,1,1.0,1,0.18390699617771666,32
532,3,904,462,442,0,0,0,1.0,1,1.0,1,1.0,1,0.22206741095354118,32
533,4,908,465,443,0,0,0,1.0,1,1.0,1,1.0,1,0.2533151691051836,34
534,4,912,466,446,0,0,0,1.0,1,1.0,1,1.0,1,0.22444637539849033,34
535,4,916,467,449,0,0,0,1.0,1,1.0,1,1.0,1,0.26581518318347097,37
536,3,919,467,452,0,0,0,1.0,1,1.0,1,1.0,1,0.22781242032090185,37
537,3,922,468,454,0,0,0,1.0,1,1.0,1,1.0,1,0.2874693124557407,37
538,3,925,468,457,0,0,0,1.0,1,1.0,1,1.0,1,0.24117949793041477,38
539,1,926,468,458,0,0,0,1.0,1,1.0,1,1.0,1,0.24935008279430262,38
540,3,929,468,461,0,0,0,1.0,1,1.0,1,1.0,1,0.21284860395717048,38
541,0,929,468,461,0,0,0,1.0,1,1.0,1,1.0,1,0.19427375807805936,39
542,2,931,470,461,0,0,0,1.0,1,1.0,1,1.0,1,0.18687838502422874,40
543,2,933,472,461,0,0,0,1.0,1,1.0,1,1.0,1,0.2211216273678466,37
544,0,933,472,461,0,0,0,1.0,1,1.0,1,1.0,1,0.22233584581332375,35
545,3,936,474,462,0,0,0,1.0,1,1.0,1,1.0,1,0.17815110784196647,35
546,0,936,474,462,0,0,0,1.0,1,1.0,1,1.0,1,0.17815110784196647,35
547,2,938,476,462,0,0,0,1.0,1,1.0,1,1.0,1,0.19674598861600354,34
548,1,939,477,462,0,0,0,1.0,1,1.0,1,1.0,1,0.2334703830886394,34
549,1,940,478,462,0,0,0,1.0,1,1.0,1,1.0,1,0.26759180782561826,31
550,0,940,478,462,0,0,0,1.0,1,1.0,1,1.0,1,0.25382544611173985,30
551,2,942,480,462,0,0,0,1.0,1,1.0,1,1.0,1,0.22801922880055825,31
552,0,942,480,462,0,0,0,1.0,1,1.0,1,1.0,1,0.19129987213535787,29
553,1,943,480,463,0,0,0,1.0,1,1.0,1,1.0,1,0.14785225995649634,30
554,0,943,480,463,0,0,0,1.0,1,1.0,1,1.0,1,0.1333821480674058,30
555,2,945,480,465,0,0,0,1.0,1,1.0,1,1.0,1,0.06464920581066283,30
556,0,945,480,465,0,0,0,1.0,1,1.0,1,1.0,1,0.04898877428222528,31
557,2,947,481,466,0,0,0,1.0,1,1.0,1,1.0,1,0.08699167159531287,31
558,1,948,482,466,0,0,0,1.0,1,1.0,1,1.0,1,0.12073593622834947,31
559,0,948,482,466,0,0,0,1.0,1,1.0,1,1.0,1,0.12073593622834947,31
560,1,949,483,466,0,0,0,1.0,1,1.0,1,1.0,1,0.15478751283125874,32
561,5,954,485,469,0,0,0,1.0,1,1.0,1,1.0,1,0.14242986069536906,33
562,1,955,486,469,0,0,0,1.0,1,1.0,1,1.0,1,0.18988468247732662,33
563,3,958,488,470,0,0,0,1.0,1,1.0,1,1.0,1,0.25594497089834456,33
564,1,959,488,471,0,0,0,1.0,1,1.0,1,1.0,1,0.23736142540875757,34
565,1,960,489,471,0,0,0,1.0,1,1.0,1,1.0,1,0.2088546301700175,35
566,2,962,491,471,0,0,0,1.0,1,1.0,1,1.0,1,0.18131099494955025,36
567,0,962,491,471,0,0,0,1.0,1,1.0,1,1.0,1,0.15227988123543415,37
568,5,967,494,473,0,0,0,1.0,1,1.0,1,1.0,1,0.12110367539709659,36
569,2,969,496,473,0,0,0,1.0,1,1.0,1,1.0,1,0.09097953804091541,37
570,1,970,497,473,0,0,0,1.0,1,1.0,1,1.0,1,0.09750397807556846,38
571,1,971,498,473,0,0,0,1.0,1,1.0,1,1.0,1,0.10102214299048361,38
572,0,971,498,473,0,0,0,1.0,1,1.0,1,1.0,1,0.08491702468891471,39
573,0,971,498,473,0,0,0,1.0,1,1.0,1,1.0,1,0.08491702468891471,39
574,1,972,498,474,0,0,0,1.0,1,1.0,1,1.0,1,0.09675136556267283,41
575,1,973,498,475,0,0,0,1.0,1,1.0,1,1.0,1,0.05249437516551364,41
576,0,973,498,475,0,0,0,1.0,1,1.0,1,1.0,1,0.05066018496300026,42
577,0,973,498,475,0,0,0,1.0,1,1.0,1,1.0,1,0.05066018496300026,42
578,1,974,499,475,0,0,0,1.0,1,1.0,1,1.0,1,0.07174775409614784,41
579,4,978,500,478,0,0,0,1.0,1,1.0,1,1.0,1,0.0507822098767963,42
580,3,981,501,480,0,0,0,1.0,1,1.0,1,1.0,1,0.11294886330622439,43
581,3,984,503,481,0,0,0,1.0,1,1.0,1,1.0,1,0.08279183788904244,42
582,0,984,503,481,0,0,0,1.0,1,1.0,1,1.0,1,0.06291544440047432,41
583,3,987,506,481,0,0,0,1.0,1,1.0,1,1.0,1,0.11161959117980816,40
584,0,987,506,481,0,0,0,1.0,1,1.0,1,1.0,1,0.10965782072853736,38
585,4,991,510,481,0,0,0,1.0,1,1.0,1,1.0,1,0.23725188205038344,38
586,2,993,512,481,0,0,0,1.0,1,1.0,1,1.0,1,0.21960143961014034,37
587,2,995,514,481,0,0,0,1.0,1,1.0,1,1.0,1,0.24325118959625877,35
588,3,998,517,481,0,0,0,1.0,1,1.0,1,1.0,1,0.184013384201924,35
589,0,998,517,481,0,0,0,1.0,1,1.0,1,1.0,1,0.18403885359086902,34
590,1,999,518,481,0,0,0,1.0,1,1.0,1,1.0,1,0.13954913614317505,36
591,2,1001,520,481,0,0,0,1.0,1,1.0,1,1.0,1,0.0734284264105954,35
592,0,1001,520,481,0,0,0,1.0,1,1.0,1,1.0,1,0.0691376956295525,37
593,3,1004,523,481,0,0,0,1.0,1,1.0,1,1.0,1,0.05310220993090571,36
594,1,1005,524,481,0,0,0,1.0,1,1.0,1,1.0,1,0.09190450713633266,35
595,2,1007,526,481,0,0,0,1.0,1,1.0,1,1.0,1,0.13434573470439604,34
596,2,1009,528,481,0,0,0,1.0,1,1.0,1,1.0,1,0.1523811571886078,34
597,2,1011,530,481,0,0,0,1.0,1,1.0,1,1.0,1,0.17816354321586506,33
598,0,1011,530,481,0,0,0,1.0,1,1.0,1,1.0,1,0.2378204076594885,33
599,2,1013,532,481,0,0,0,1.0,1,1.0,1,1.0,1,0.2717616854090569,33
600,1,1014,533,481,0,0,0,1.0,1,1.0,1,1.0,1,0.28296351346569826,33
601,4,1018,533,485,0,0,0,1.0,1,1.0,1,1.0,1,0.16451210845164277,34
602,1,1019,533,486,0,0,0,1.0,1,1.0,1,1.0,1,0.17549715999936727,35
603,2,1021,533,488,0,0,0,1.0,1,1.0,1,1.0,1,0.14173645832735868,35
604,0,1021,533,488,0,0,0,1.0,1,1.0,1,1.0,1,0.13167687664722663,35
605,0,1021,533,488,0,0,0,1.0,1,1.0,1,1.0,1,0.16785790410389723,35
606,0,1021,533,488,0,0,0,1.0,1,1.0,1,1.0,1,0.15297865048781348,35
607,0,1021,533,488,0,0,0,1.0,1,1.0,1,1.0,1,0.15297865048781348,35
608,0,1021,533,488,0,0,0,1.0,1,1.0,1,1.0,1,0.17746269996874553,36
609,0,1021,533,488,0,0,0,1.0,1,1.0,1,1.0,1,0.17945025562793568,37
610,0,1021,533,488,0,0,0,1.0,1,1.0,1,1.0,1,0.17945025562793568,37
611,3,1024,535,489,0,0,0,1.0,1,1.0,1,1.0,1,0.13417617967731532,39
612,3,1027,536,491,0,0,0,1.0,1,1.0,1,1.0,1,0.11984081170831974,39
613,3,1030,538,492,0,0,0,1.0,1,1.0,1,1.0,1,0.09593914502640612,39
614,1,1031,539,492,0,0,0,1.0,1,1.0,1,1.0,1,0.12828232953710283,39
615,2,1033,540,493,0,0,0,1.0,1,1.0,1,1.0,1,0.10763131208362826,39
616,2,1035,541,494,0,0,0,1.0,1,1.0,1,1.0,1,0.13955232408202664,38
617,2,1037,543,494,0,0,0,1.0,1,1.0,1,1.0,1,0.1288318010857689,39
618,3,1040,544,496,0,0,0,1.0,1,1.0,1,1.0,1,0.15899489686313867,40
619,4,1044,546,498,0,0,0,1.0,1,1.0,1,1.0,1,0.15928138292807983,39
620,1,1045,547,498,0,0,0,1.0,1,1.0,1,1.0,1,0.11278863793672328,38
621,4,1049,549,500,0,0,0,1.0,1,1.0,1,1.0,1,0.0737852125707135,38
622,1,1050,550,500,0,0,0,1.0,1,1.0,1,1.0,1,0.024505136851584966,38
623,1,1051,551,500,0,0,0,1.0,1,1.0,1,1.0,1,0.04162788140287193,37
624,3,1054,554,500,0,0,0,1.0,1,1.0,1,1.0,1,0.07463693978182029,33
625,2,1056,556,500,0,0,0,1.0,1,1.0,1,1.0,1,0.05871753723694391,32
626,2,1058,558,500,0,0,0,1.0,1,1.0,1,1.0,1,0.08388344681968567,31
627,2,1060,560,500,0,0,0,1.0,1,1.0,1,1.0,1,0.15615970122613085,30
628,3,1063,563,500,0,0,0,1.0,1,1.0,1,1.0,1,0.16281388021191173,32
629,0,1063,563,500,0,0,0,1.0,1,1.0,1,1.0,1,0.143327684466787,29
630,1,1064,564,500,0,0,0,1.0,1,1.0,1,1.0,1,0.1684649236547718,29
631,2,1066,566,500,0,0,0,1.0,1,1.0,1,1.0,1,0.2710029170639935,25
632,0,1066,566,500,0,0,0,1.0,1,1.0,1,1.0,1,0.2690578529576851,24
633,1,1067,567,500,0,0,0,1.0,1,1.0,1,1.0,1,0.33560239604384895,23
634,0,1067,567,500,0,0,0,1.0,1,1.0,1,1.0,1,0.33560239604384895,23
635,2,1069,569,500,0,0,0,1.0,1,1.0,1,1.0,1,0.3307490162273843,22
636,1,1070,570,500,0,0,0,1.0,1,1.0,1,1.0,1,0.34798548197120877,22
637,0,1070,570,500,0,0,0,1.0,1,1.0,1,1.0,1,0.32266269311027257,23
638,2,1072,572,500,0,0,0,1.0,1,1.0,1,1.0,1,0.3395839424078663,23
639,0,1072,572,500,0,0,0,1.0,1,1.0,1,1.0,1,0.31853382334299657,24
640,2,1074,574,500,0,0,0,1.0,1,1.0,1,1.0,1,0.32018448715254094,24
641,2,1076,574,502,0,0,0,1.0,1,1.0,1,1.0,1,0.25898900313588225,25
642,0,1076,574,502,0,0,0,1.0,1,1.0,1,1.0,1,0.21607678161947255,26
643,2,1078,575,503,0,0,0,1.0,1,1.0,1,1.0,1,0.1347082394139571,28
644,2,1080,576,504,0,0,0,1.0,1,1.0,1,1.0,1,0.0885707858614359,28
645,2,1082,577,505,0,0,0,1.0,1,1.0,1,1.0,1,0.07851642433160239,28
646,1,1083,577,506,0,0,0,1.0,1,1.0,1,1.0,1,0.06980481033866155,29
647,3,1086,578,508,0,0,0,1.0,1,1.0,1,1.0,1,0.14163912983243165,30
648,4,1090,579,511,0,0,0,1.0,1,1.0,1,1.0,1,0.12952555057110904,30
649,3,1093,581,512,0,0,0,1.0,1,1.0,1,1.0,1,0.11970361821942006,31
650,2,1095,583,512,0,0,0,1.0,1,1.0,1,1.0,1,0.07257586008122627,31
651,0,1095,583,512,0,0,0,1.0,1,1.0,1,1.0,1,0.09513314429741351,32
652,1,1096,584,512,0,0,0,1.0,1,1.0,1,1.0,1,0.08229264333791068,32
653,1,1097,584,513,0,0,0,1.0,1,1.0,1,1.0,1,0.07273370816559359,33
654,2,1099,586,513,0,0,0,1.0,1,1.0,1,1.0,1,0.06070833030432983,33
655,1,1100,587,513,0,0,0,1.0,1,1.0,1,1.0,1,0.08614916307182544,36
656,1,1101,588,513,0,0,0,1.0,1,1.0,1,1.0,1,0.11639561370789252,36
657,1,1102,589,513,0,0,0,1.0,1,1.0,1,1.0,1,0.1019669018896417,35
658,2,1104,591,513,0,0,0,1.0,1,1.0,1,1.0,1,0.16100574881706486,33
659,2,1106,593,513,0,0,0,1.0,1,1.0,1,1.0,1,0.19875953596573437,35
660,1,1107,593,514,0,0,0,1.0,1,1.0,1,1.0,1,0.1398804876320909,34
661,1,1108,593,515,0,0,0,1.0,1,1.0,1,1.0,1,0.12833117709760686,33
662,0,1108,593,515,0,0,0,1.0,1,1.0,1,1.0,1,0.09065745813280697,31
663,3,1111,595,516,0,0,0,1.0,1,1.0,1,1.0,1,0.12531546098276958,29
664,0,1111,595,516,0,0,0,1.0,1,1.0,1,1.0,1,0.11392181872490163,27
665,1,1112,596,516,0,0,0,1.0,1,1.0,1,1.0,1,0.13908823218570016,27
666,0,1112,596,516,0,0,0,1.0,1,1.0,1,1.0,1,0.1428824855476655,28
667,0,1112,596,516,0,0,0,1.0,1,1.0,1,1.0,1,0.1322821126416328,26
668,1,1113,597,516,0,0,0,1.0,1,1.0,1,1.0,1,0.14361454624319867,26
669,5,1118,602,516,0,0,0,1.0,1,1.0,1,1.0,1,0.09046114598077586,25
670,0,1118,602,516,0,0,0,1.0,1,1.0,1,1.0,1,0.11751786227567874,24
671,0,1118,602,516,0,0,0,1.0,1,1.0,1,1.0,1,0.11751786227567874,24
672,2,1120,603,517,0,0,0,1.0,1,1.0,1,1.0,1,0.22231713196381261,25
673,3,1123,605,518,0,0,0,1.0,1,1.0,1,1.0,1,0.23310934727099558,25
674,0,1123,605,518,0,0,0,1.0,1,1.0,1,1.0,1,0.23310934727099558,25
675,2,1125,606,519,0,0,0,1.0,1,1.0,1,1.0,1,0.24087200104269266,26
676,1,1126,607,519,0,0,0,1.0,1,1.0,1,1.0,1,0.21998227341738041,27
677,0,1126,607,519,0,0,0,1.0,1,1.0,1,1.0,1,0.20711512665248452,28
678,1,1127,608,519,0,0,0,1.0,1,1.0,1,1.0,1,0.2241009966285002,28
679,1,1128,609,519,0,0,0,1.0,1,1.0,1,1.0,1,0.18959123676014183,30
680,0,1128,609,519,0,0,0,1.0,1,1.0,1,1.0,1,0.18691094082592494,29
681,1,1129,609,520,0,0,0,1.0,1,1.0,1,1.0,1,0.16217375492107583,29
682,0,1129,609,520,0,0,0,1.0,1,1.0,1,1.0,1,0.1419111390042947,30
683,0,1129,609,520,0,0,0,1.0,1,1.0,1,1.0,1,0.1419111390042947,30
684,0,1129,609,520,0,0,0,1.0,1,1.0,1,1.0,1,0.1462624424642367,31
685,0,1129,609,520,0,0,0,1.0,1,1.0,1,1.0,1,0.126286071518894,30
686,4,1133,613,520,0,0,0,1.0,1,1.0,1,1.0,1,0.08446468620502237,30
687,2,1135,614,521,0,0,0,1.0,1,1.0,1,1.0,1,0.021608708444012296,30
688,0,1135,614,521,0,0,0,1.0,1,1.0,1,1.0,1,0.04304668176404738,31
689,1,1136,615,521,0,0,0,1.0,1,1.0,1,1.0,1,0.08330525651227591,32
690,0,1136,615,521,0,0,0,1.0,1,1.0,1,1.0,1,0.08330525651227591,32
691,1,1137,616,521,0,0,0,1.0,1,1.0,1,1.0,1,0.13561548865452944,32
692,3,1140,619,521,0,0,0,1.0,1,1.0,1,1.0,1,0.1761994490756477,32
693,2,1142,620,522,0,0,0,1.0,1,1.0,1,1.0,1,0.12349067640486608,34
694,2,1144,622,522,0,0,0,1.0,1,1.0,1,1.0,1,0.19327731771269133,36
695,1,1145,623,522,0,0,0,1.0,1,1.0,1,1.0,1,0.1844172656489345,34
696,0,1145,623,522,0,0,0,1.0,1,1.0,1,1.0,1,0.1696190810897076,33
697,1,1146,623,523,0,0,0,1.0,1,1.0,1,1.0,1,0.15958240930999923,33
698,3,1149,626,523,0,0,0,1.0,1,1.0,1,1.0,1,0.19492239987795876,34
699,1,1150,626,524,0,0,0,1.0,1,1.0,1,1.0,1,0.19101721750435266,33
700,1,1151,627,524,0,0,0,1.0,1,1.0,1,1.0,1,0.15196225006297107,32
701,2,1153,627,526,0,0,0,1.0,1,1.0,1,1.0,1,0.11524914700539339,33
702,1,1154,628,526,0,0,0,1.0,1,1.0,1,1.0,1,0.120577753302998,34
703,2,1156,630,526,0,0,0,1.0,1,1.0,1,1.0,1,0.09879735035731,32
704,1,1157,631,526,0,0,0,1.0,1,1.0,1,1.0,1,0.12077181602904702,31
705,4,1161,633,528,0,0,0,1.0,1,1.0,1,1.0,1,0.053946642405306215,33
706,1,1162,634,528,0,0,0,1.0,1,1.0,1,1.0,1,0.11396186725394652,33
707,1,1163,635,528,0,0,0,1.0,1,1.0,1,1.0,1,0.174011476251378,31
708,1,1164,636,528,0,0,0,1.0,1,1.0,1,1.0,1,0.21176223962636054,31
709,2,1166,637,529,0,0,0,1.0,1,1.0,1,1.0,1,0.2009778131474401,30
710,0,1166,637,529,0,0,0,1.0,1,1.0,1,1.0,1,0.2009778131474401,30
711,0,1166,637,529,0,0,0,1.0,1,1.0,1,1.0,1,0.18423515992871028,30
712,0,1166,637,529,0,0,0,1.0,1,1.0,1,1.0,1,0.18493843273532531,30
713,0,1166,637,529,0,0,0,1.0,1,1.0,1,1.0,1,0.20425073409151454,31
714,1,1167,638,529,0,0,0,1.0,1,1.0,1,1.0,1,0.18655051986398077,31
715,0,1167,638,529,0,0,0,1.0,1,1.0,1,1.0,1,0.18497062997132077,30
716,0,1167,638,529,0,0,0,1.0,1,1.0,1,1.0,1,0.1449880669774046,31
717,0,1167,638,529,0,0,0,1.0,1,1.0,1,1.0,1,0.1589159605452034,32
718,2,1169,640,529,0,0,0,1.0,1,1.0,1,1.0,1,0.19551213029212774,32
719,3,1172,642,530,0,0,0,1.0,1,1.0,1,1.0,1,0.19501191709063198,32
720,0,1172,642,530,0,0,0,1.0,1,1.0,1,1.0,1,0.1569744844441963,34
721,2,1174,643,531,0,0,0,1.0,1,1.0,1,1.0,1,0.16902693928015677,34
722,1,1175,643,532,0,0,0,1.0,1,1.0,1,1.0,1,0.15156792027858,34
723,1,1176,643,533,0,0,0,1.0,1,1.0,1,1.0,1,0.140874224044457,35
724,1,1177,643,534,0,0,0,1.0,1,1.0,1,1.0,1,0.11624237088788625,36
725,0,1177,643,534,0,0,0,1.0,1,1.0,1,1.0,1,0.13254322602467805,37
726,0,1177,643,534,0,0,0,1.0,1,1.0,1,1.0,1,0.13254322602467805,37
727,1,1178,643,535,0,0,0,1.0,1,1.0,1,1.0,1,0.13097038769530822,38
728,1,1179,644,535,0,0,0,1.0,1,1.0,1,1.0,1,0.1455617198236009,39
729,1,1180,644,536,0,0,0,1.0,1,1.0,1,1.0,1,0.13031245114642687,39
730,1,1181,644,537,0,0,0,1.0,1,1.0,1,1.0,1,0.1132780836672833,40
731,1,1182,645,537,0,0,0,1.0,1,1.0,1,1.0,1,0.13917112231836426,40
732,1,1183,645,538,0,0,0,1.0,1,1.0,1,1.0,1,0.1491578290739504,41
733,2,1185,647,538,0,0,0,1.0,1,1.0,1,1.0,1,0.16987259448236994,41
734,1,1186,647,539,0,0,0,1.0,1,1.0,1,1.0,1,0.15147837076955478,42
735,2,1188,648,540,0,0,0,1.0,1,1.0,1,1.0,1,0.14621893862671184,42
736,0,1188,648,540,0,0,0,1.0,1,1.0,1,1.0,1,0.13488079483993393,41
737,1,1189,649,540,0,0,0,1.0,1,1.0,1,1.0,1,0.1857402513240486,41
738,0,1189,649,540,0,0,0,1.0,1,1.0,1,1.0,1,0.1551936230803859,39
739,1,1190,650,540,0,0,0,1.0,1,1.0,1,1.0,1,0.1536771289395425,39
740,0,1190,650,540,0,0,0,1.0,1,1.0,1,1.0,1,0.13174142983380877,39
741,2,1192,650,542,0,0,0,1.0,1,1.0,1,1.0,1,0.08544380176832601,38
742,0,1192,650,542,0,0,0,1.0,1,1.0,1,1.0,1,0.09415295616079257,39
743,0,1192,650,542,0,0,0,1.0,1,1.0,1,1.0,1,0.09415295616079257,39
744,4,1196,654,542,0,0,0,1.0,1,1.0,1,1.0,1,0.0771967481342148,39
745,3,1199,657,542,0,0,0,1.0,1,1.0,1,1.0,1,0.08543061412280255,39
746,3,1202,660,542,0,0,0,1.0,1,1.0,1,1.0,1,0.08945997775926282,40
747,1,1203,661,542,0,0,0,1.0,1,1.0,1,1.0,1,0.09060335110320067,41
748,1,1204,662,542,0,0,0,1.0,1,1.0,1,1.0,1,0.07398062395354559,41
749,0,1204,662,542,0,0,0,1.0,1,1.0,1,1.0,1,0.07398062395354559,41
750,3,1207,665,542,0,0,0,1.0,1,1.0,1,1.0,1,0.1248154040141929,39
751,2,1209,667,542,0,0,0,1.0,1,1.0,1,1.0,1,0.09531866395039179,41
752,5,1214,671,543,0,0,0,1.0,1,1.0,1,1.0,1,0.18677742374506803,41
753,1,1215,671,544,0,0,0,1.0,1,1.0,1,1.0,1,0.1935505245023386,41
754,1,1216,672,544,0,0,0,1.0,1,1.0,1,1.0,1,0.22272694505453605,41
755,1,1217,672,545,0,0,0,1.0,1,1.0,1,1.0,1,0.2411583426183975,41
756,0,1217,672,545,0,0,0,1.0,1,1.0,1,1.0,1,0.2411583426183975,41
757,1,1218,673,545,0,0,0,1.0,1,1.0,1,1.0,1,0.30945361268184535,39
758,0,1218,673,545,0,0,0,1.0,1,1.0,1,1.0,1,0.28361610424648487,39
759,1,1219,673,546,0,0,0,1.0,1,1.0,1,1.0,1,0.26981727315630377,39
760,1,1220,673,547,0,0,0,1.0,1,1.0,1,1.0,1,0.2769344315861497,40
761,6,1226,674,552,0,0,0,1.0,1,1.0,1,1.0,1,0.21368749500074855,41
762,1,1227,674,553,0,0,0,1.0,1,1.0,1,1.0,1,0.20487594777102397,42
763,0,1227,674,553,0,0,0,1.0,1,1.0,1,1.0,1,0.21863334886076194,43
764,3,1230,674,556,0,0,0,1.0,1,1.0,1,1.0,1,0.18665534022262523,43
765,1,1231,674,557,0,0,0,1.0,1,1.0,1,1.0,1,0.1387488204454635,45
766,1,1232,675,557,0,0,0,1.0,1,1.0,1,1.0,1,0.1478970096756537,45
767,3,1235,675,560,0,0,0,1.0,1,1.0,1,1.0,1,0.11766896993459645,46
768,0,1235,675,560,0,0,0,1.0,1,1.0,1,1.0,1,0.10614908599503257,45
769,1,1236,676,560,0,0,0,1.0,1,1.0,1,1.0,1,0.1487450391152859,46
770,0,1236,676,560,0,0,0,1.0,1,1.0,1,1.0,1,0.1347674309031217,47
771,3,1239,678,561,0,0,0,1.0,1,1.0,1,1.0,1,0.14664991197953167,47
772,0,1239,678,561,0,0,0,1.0,1,1.0,1,1.0,1,0.13637474063550226,46
773,1,1240,679,561,0,0,0,1.0,1,1.0,1,1.0,1,0.10906868864766095,45
774,0,1240,679,561,0,0,0,1.0,1,1.0,1,1.0,1,0.0888997242146777,45
775,4,1244,681,563,0,0,0,1.0,1,1.0,1,1.0,1,0.12200958714937286,45
776,0,1244,681,563,0,0,0,1.0,1,1.0,1,1.0,1,0.11197585737563313,43
777,0,1244,681,563,0,0,0,1.0,1,1.0,1,1.0,1,0.12489234654111647,44
778,2,1246,683,563,0,0,0,1.0,1,1.0,1,1.0,1,0.17415428598791918,45
779,0,1246,683,563,0,0,0,1.0,1,1.0,1,1.0,1,0.17415428598791918,45
780,2,1248,685,563,0,0,0,1.0,1,1.0,1,1.0,1,0.23732626834302908,45
781,3,1251,685,566,0,0,0,1.0,1,1.0,1,1.0,1,0.18846070484646693,46
782,1,1252,685,567,0,0,0,1.0,1,1.0,1,1.0,1,0.21284058236296197,47
783,1,1253,686,567,0,0,0,1.0,1,1.0,1,1.0,1,0.1912793888898174,46
784,0,1253,686,567,0,0,0,1.0,1,1.0,1,1.0,1,0.19868454358895482,45
785,1,1254,687,567,0,0,0,1.0,1,1.0,1,1.0,1,0.20001580618741016,43
786,1,1255,687,568,0,0,0,1.0,1,1.0,1,1.0,1,0.15503725620935405,43
787,1,1256,688,568,0,0,0,1.0,1,1.0,1,1.0,1,0.16371094911543427,43
788,0,1256,688,568,0,0,0,1.0,1,1.0,1,1.0,1,0.16581390909648194,44
789,1,1257,689,568,0,0,0,1.0,1,1.0,1,1.0,1,0.15592800868496728,46
790,2,1259,691,568,0,0,0,1.0,1,1.0,1,1.0,1,0.17730076071433537,46
791,0,1259,691,568,0,0,0,1.0,1,1.0,1,1.0,1,0.20125400593281248,46
792,1,1260,692,568,0,0,0,1.0,1,1.0,1,1.0,1,0.21259389353196317,47
793,1,1261,692,569,0,0,0,1.0,1,1.0,1,1.0,1,0.21620441832440293,48
794,2,1263,692,571,0,0,0,1.0,1,1.0,1,1.0,1,0.2160950879141577,48
795,0,1263,692,571,0,0,0,1.0,1,1.0,1,1.0,1,0.22338785697908994,47
796,0,1263,692,571,0,0,0,1.0,1,1.0,1,1.0,1,0.26249533145135845,45
797,1,1264,692,572,0,0,0,1.0,1,1.0,1,1.0,1,0.25503686527347347,47
798,1,1265,693,572,0,0,0,1.0,1,1.0,1,1.0,1,0.25690837078046547,48
799,1,1266,694,572,0,0,0,1.0,1,1.0,1,1.0,1,0.2538778550583076,48
800,2,1268,696,572,0,0,0,1.0,1,1.0,1,1.0,1,0.27733690139957007,48
801,6,1274,697,577,0,0,0,1.0,1,1.0,1,1.0,1,0.18845232331902723,49
802,3,1277,700,577,0,0,0,1.0,1,1.0,1,1.0,1,0.22970577559039604,50
803,2,1279,700,579,0,0,0,1.0,1,1.0,1,1.0,1,0.20921217377123222,50
804,0,1279,700,579,0,0,0,1.0,1,1.0,1,1.0,1,0.20921217377123222,50
805,2,1281,701,580,0,0,0,1.0,1,1.0,1,1.0,1,0.23799589343827335,50
806,2,1283,701,582,0,0,0,1.0,1,1.0,1,1.0,1,0.2267693874445254,51
807,2,1285,701,584,0,0,0,1.0,1,1.0,1,1.0,1,0.2267693874445254,51
808,3,1288,701,587,0,0,0,1.0,1,1.0,1,1.0,1,0.2049307766846657,53
809,0,1288,701,587,0,0,0,1.0,1,1.0,1,1.0,1,0.16359586012714764,51
810,1,1289,701,588,0,0,0,1.0,1,1.0,1,1.0,1,0.1517571243232131,52
811,2,1291,703,588,0,0,0,1.0,1,1.0,1,1.0,1,0.2018083938446782,50
812,3,1294,703,591,0,0,0,1.0,1,1.0,1,1.0,1,0.17892800174609338,51
813,2,1296,705,591,0,0,0,1.0,1,1.0,1,1.0,1,0.22320192521258544,51
814,2,1298,705,593,0,0,0,1.0,1,1.0,1,1.0,1,0.20984249465652666,52
815,1,1299,706,593,0,0,0,1.0,1,1.0,1,1.0,1,0.2098804357708022,50
816,1,1300,706,594,0,0,0,1.0,1,1.0,1,1.0,1,0.1915684965250543,50
817,4,1304,708,596,0,0,0,1.0,1,1.0,1,1.0,1,0.20352065515298545,49
818,2,1306,708,598,0,0,0,1.0,1,1.0,1,1.0,1,0.20293096300392532,49
819,0,1306,708,598,0,0,0,1.0,1,1.0,1,1.0,1,0.19621402218440837,50
820,2,1308,709,599,0,0,0,1.0,1,1.0,1,1.0,1,0.21714910262894765,49
821,5,1313,710,603,0,0,0,1.0,1,1.0,1,1.0,1,0.20738388222686935,49
822,1,1314,710,604,0,0,0,1.0,1,1.0,1,1.0,1,0.1973372279483708,49
823,0,1314,710,604,0,0,0,1.0,1,1.0,1,1.0,1,0.219947724497078,47
824,1,1315,711,604,0,0,0,1.0,1,1.0,1,1.0,1,0.2125306914498862,45
825,0,1315,711,604,0,0,0,1.0,1,1.0,1,1.0,1,0.23224835329312024,43
826,1,1316,712,604,0,0,0,1.0,1,1.0,1,1.0,1,0.21099218401071707,44
827,1,1317,713,604,0,0,0,1.0,1,1.0,1,1.0,1,0.23775161218240728,43
828,3,1320,716,604,0,0,0,1.0,1,1.0,1,1.0,1,0.25825936971537,43
829,1,1321,717,604,0,0,0,1.0,1,1.0,1,1.0,1,0.25410314547131135,45
830,1,1322,718,604,0,0,0,1.0,1,1.0,1,1.0,1,0.25461913084337434,46
831,1,1323,719,604,0,0,0,1.0,1,1.0,1,1.0,1,0.22367710360888915,48
832,1,1324,720,604,0,0,0,1.0,1,1.0,1,1.0,1,0.2235748678637418,47
833,2,1326,722,604,0,0,0,1.0,1,1.0,1,1.0,1,0.20937861577083033,47
834,0,1326,722,604,0,0,0,1.0,1,1.0,1,1.0,1,0.2206268609775867,46
835,1,1327,723,604,0,0,0,1.0,1,1.0,1,1.0,1,0.24653878757641248,45
836,1,1328,723,605,0,0,0,1.0,1,1.0,1,1.0,1,0.22666994232539223,46
837,1,1329,724,605,0,0,0,1.0,1,1.0,1,1.0,1,0.23426678540971663,46
838,1,1330,724,606,0,0,0,1.0,1,1.0,1,1.0,1,0.22886798410284084,45
839,0,1330,724,606,0,0,0,1.0,1,1.0,1,1.0,1,0.23957692447088974,46
840,1,1331,724,607,0,0,0,1.0,1,1.0,1,1.0,1,0.2411068122545884,46
841,6,1337,724,613,0,0,0,1.0,1,1.0,1,1.0,1,0.13552618186626517,46
842,1,1338,725,613,0,0,0,1.0,1,1.0,1,1.0,1,0.15636455447736983,46
843,1,1339,726,613,0,0,0,1.0,1,1.0,1,1.0,1,0.18364750855154494,46
844,2,1341,726,615,0,0,0,1.0,1,1.0,1,1.0,1,0.16242823715846608,47
845,3,1344,728,616,0,0,0,1.0,1,1.0,1,1.0,1,0.22304999382289295,48
846,1,1345,728,617,0,0,0,1.0,1,1.0,1,1.0,1,0.19886788940855232,47
847,0,1345,728,617,0,0,0,1.0,1,1.0,1,1.0,1,0.1961285886229477,48
848,1,1346,729,617,0,0,0,1.0,1,1.0,1,1.0,1,0.2127917564198637,48
849,0,1346,729,617,0,0,0,1.0,1,1.0,1,1.0,1,0.21387879968859824,48
850,0,1346,729,617,0,0,0,1.0,1,1.0,1,1.0,1,0.2224997966714333,46
851,0,1346,729,617,0,0,0,1.0,1,1.0,1,1.0,1,0.2145596231457636,45
852,3,1349,732,617,0,0,0,1.0,1,1.0,1,1.0,1,0.16445225732402122,44
853,1,1350,733,617,0,0,0,1.0,1,1.0,1,1.0,1,0.15474347585546566,44
854,3,1353,736,617,0,0,0,1.0,1,1.0,1,1.0,1,0.15306735653060913,45
855,1,1354,736,618,0,0,0,1.0,1,1.0,1,1.0,1,0.11058631884539834,46
856,2,1356,738,618,0,0,0,1.0,1,1.0,1,1.0,1,0.11834270578495845,46
857,3,1359,739,620,0,0,0,1.0,1,1.0,1,1.0,1,0.12001637037050804,47
858,2,1361,739,622,0,0,0,1.0,1,1.0,1,1.0,1,0.1255697398541987,48
859,2,1363,740,623,0,0,0,1.0,1,1.0,1,1.0,1,0.11047997616433795,48
860,4,1367,740,627,0,0,0,1.0,1,1.0,1,1.0,1,0.10350781756657408,49
861,3,1370,741,629,0,0,0,1.0,1,1.0,1,1.0,1,0.07623733325212835,49
862,0,1370,741,629,0,0,0,1.0,1,1.0,1,1.0,1,0.07623733325212835,49
863,1,1371,742,629,0,0,0,1.0,1,1.0,1,1.0,1,0.10087758775003114,48
864,0,1371,742,629,0,0,0,1.0,1,1.0,1,1.0,1,0.10273434908619138,49
865,2,1373,744,629,0,0,0,1.0,1,1.0,1,1.0,1,0.1299147830111486,48
866,3,1376,745,631,0,0,0,1.0,1,1.0,1,1.0,1,0.07279915077349394,50
867,1,1377,746,631,0,0,0,1.0,1,1.0,1,1.0,1,0.12112961583077894,50
868,3,1380,748,632,0,0,0,1.0,1,1.0,1,1.0,1,0.07402348746754084,51
869,0,1380,748,632,0,0,0,1.0,1,1.0,1,1.0,1,0.11007417024015642,49
870,1,1381,749,632,0,0,0,1.0,1,1.0,1,1.0,1,0.1289725003142552,49
871,1,1382,750,632,0,0,0,1.0,1,1.0,1,1.0,1,0.11453149576596243,49
872,0,1382,750,632,0,0,0,1.0,1,1.0,1,1.0,1,0.1378477710039178,48
873,3,1385,753,632,0,0,0,1.0,1,1.0,1,1.0,1,0.13477653104014456,49
874,1,1386,754,632,0,0,0,1.0,1,1.0,1,1.0,1,0.13533494248929245,49
875,0,1386,754,632,0,0,0,1.0,1,1.0,1,1.0,1,0.14624873171737374,50
876,2,1388,756,632,0,0,0,1.0,1,1.0,1,1.0,1,0.19690318945593271,50
877,2,1390,757,633,0,0,0,1.0,1,1.0,1,1.0,1,0.20237864390278348,50
878,1,1391,758,633,0,0,0,1.0,1,1.0,1,1.0,1,0.21941512174198732,49
879,1,1392,759,633,0,0,0,1.0,1,1.0,1,1.0,1,0.23167474309572347,49
880,1,1393,760,633,0,0,0,1.0,1,1.0,1,1.0,1,0.25221203641623047,48
881,10,1403,762,641,0,0,0,1.0,1,1.0,1,1.0,1,0.14608341632876506,49
882,0,1403,762,641,0,0,0,1.0,1,1.0,1,1.0,1,0.14330335092967217,48
883,1,1404,763,641,0,0,0,1.0,1,1.0,1,1.0,1,0.1567164708526126,50
884,0,1404,763,641,0,0,0,1.0,1,1.0,1,1.0,1,0.16243667805398151,50
885,2,1406,765,641,0,0,0,1.0,1,1.0,1,1.0,1,0.15910115982665388,49
886,0,1406,765,641,0,0,0,1.0,1,1.0,1,1.0,1,0.16093767951057633,49
887,2,1408,767,641,0,0,0,1.0,1,1.0,1,1.0,1,0.20543126062830824,49
888,0,1408,767,641,0,0,0,1.0,1,1.0,1,1.0,1,0.17972959400661156,47
889,2,1410,768,642,0,0,0,1.0,1,1.0,1,1.0,1,0.20774060034273767,46
890,0,1410,768,642,0,0,0,1.0,1,1.0,1,1.0,1,0.17984277439003551,44
891,1,1411,768,643,0,0,0,1.0,1,1.0,1,1.0,1,0.1715259649457882,45
892,3,1414,771,643,0,0,0,1.0,1,1.0,1,1.0,1,0.1659497316613868,45
893,0,1414,771,643,0,0,0,1.0,1,1.0,1,1.0,1,0.1659497316613868,45
894,0,1414,771,643,0,0,0,1.0,1,1.0,1,1.0,1,0.1539754745067874,44
895,3,1417,774,643,0,0,0,1.0,1,1.0,1,1.0,1,0.11723352126982328,45
896,1,1418,775,643,0,0,0,1.0,1,1.0,1,1.0,1,0.12481462200940234,44
897,1,1419,776,643,0,0,0,1.0,1,1.0,1,1.0,1,0.11118764999983043,44
898,2,1421,777,644,0,0,0,1.0,1,1.0,1,1.0,1,0.08094833633388585,45
899,0,1421,777,644,0,0,0,1.0,1,1.0,1,1.0,1,0.09809125886755532,44
900,0,1421,777,644,0,0,0,1.0,1,1.0,1,1.0,1,0.09150932519494351,46
901,2,1423,778,645,0,0,0,1.0,1,1.0,1,1.0,1,0.1053570798785533,45
902,2,1425,780,645,0,0,0,1.0,1,1.0,1,1.0,1,0.1595574652471826,45
903,4,1429,783,646,0,0,0,1.0,1,1.0,1,1.0,1,0.18427596160866455,44
904,1,1430,784,646,0,0,0,1.0,1,1.0,1,1.0,1,0.2136858479807873,45
905,2,1432,785,647,0,0,0,1.0,1,1.0,1,1.0,1,0.2292871932839541,45
906,1,1433,786,647,0,0,0,1.0,1,1.0,1,1.0,1,0.2581090243879937,45
907,3,1436,787,649,0,0,0,1.0,1,1.0,1,1.0,1,0.21201294654749991,46
908,1,1437,788,649,0,0,0,1.0,1,1.0,1,1.0,1,0.19797261487469237,46
909,1,1438,789,649,0,0,0,1.0,1,1.0,1,1.0,1,0.18725221268115017,46
910,0,1438,789,649,0,0,0,1.0,1,1.0,1,1.0,1,0.2336577343934122,44
911,0,1438,789,649,0,0,0,1.0,1,1.0,1,1.0,1,0.24119102110083604,45
912,0,1438,789,649,0,0,0,1.0,1,1.0,1,1.0,1,0.2646704019228705,44
913,2,1440,791,649,0,0,0,1.0,1,1.0,1,1.0,1,0.2404920003035623,45
914,1,1441,792,649,0,0,0,1.0,1,1.0,1,1.0,1,0.2592005520911581,45
915,0,1441,792,649,0,0,0,1.0,1,1.0,1,1.0,1,0.2592005520911581,45
916,0,1441,792,649,0,0,0,1.0,1,1.0,1,1.0,1,0.2592005520911581,45
917,1,1442,792,650,0,0,0,1.0,1,1.0,1,1.0,1,0.26387796880343195,46
918,3,1445,795,650,0,0,0,1.0,1,1.0,1,1.0,1,0.2752446764932779,47
919,2,1447,795,652,0,0,0,1.0,1,1.0,1,1.0,1,0.25109926806883287,47
920,1,1448,796,652,0,0,0,1.0,1,1.0,1,1.0,1,0.2626987455786183,47
921,8,1456,797,659,0,0,0,1.0,1,1.0,1,1.0,1,0.15067054322666354,49
922,4,1460,800,660,0,0,0,1.0,1,1.0,1,1.0,1,0.10650022411654965,49
923,2,1462,802,660,0,0,0,1.0,1,1.0,1,1.0,1,0.10078607648064963,47
924,1,1463,803,660,0,0,0,1.0,1,1.0,1,1.0,1,0.10428967509131994,47
925,1,1464,804,660,0,0,0,1.0,1,1.0,1,1.0,1,0.1206519821971008,47
926,3,1467,807,660,0,0,0,1.0,1,1.0,1,1.0,1,0.15057457510271816,46
927,2,1469,808,661,0,0,0,1.0,1,1.0,1,1.0,1,0.1240145378687362,45
928,0,1469,808,661,0,0,0,1.0,1,1.0,1,1.0,1,0.10130723575127845,43
929,0,1469,808,661,0,0,0,1.0,1,1.0,1,1.0,1,0.12132897168324941,42
930,0,1469,808,661,0,0,0,1.0,1,1.0,1,1.0,1,0.12711778924019185,41
931,0,1469,808,661,0,0,0,1.0,1,1.0,1,1.0,1,0.1463023964898164,40
932,1,1470,809,661,0,0,0,1.0,1,1.0,1,1.0,1,0.11673699695358197,40
933,2,1472,811,661,0,0,0,1.0,1,1.0,1,1.0,1,0.10762360879997347,39
934,0,1472,811,661,0,0,0,1.0,1,1.0,1,1.0,1,0.10762360879997347,39
935,5,1477,815,662,0,0,0,1.0,1,1.0,1,1.0,1,0.15476903784633525,41
936,1,1478,815,663,0,0,0,1.0,1,1.0,1,1.0,1,0.15126891464981088,42
937,2,1480,817,663,0,0,0,1.0,1,1.0,1,1.0,1,0.2445952555337231,43
938,0,1480,817,663,0,0,0,1.0,1,1.0,1,1.0,1,0.2569090519034541,44
939,1,1481,817,664,0,0,0,1.0,1,1.0,1,1.0,1,0.2588949768059045,46
940,1,1482,817,665,0,0,0,1.0,1,1.0,1,1.0,1,0.2380522648261672,46
941,4,1486,818,668,0,0,0,1.0,1,1.0,1,1.0,1,0.22296200112791395,46
942,1,1487,818,669,0,0,0,1.0,1,1.0,1,1.0,1,0.20941214795406032,46
943,0,1487,818,669,0,0,0,1.0,1,1.0,1,1.0,1,0.22205356880029356,45
944,1,1488,818,670,0,0,0,1.0,1,1.0,1,1.0,1,0.19586043438756107,45
945,3,1491,820,671,0,0,0,1.0,1,1.0,1,1.0,1,0.19220599907594044,44
946,1,1492,820,672,0,0,0,1.0,1,1.0,1,1.0,1,0.1494762376647987,46
947,0,1492,820,672,0,0,0,1.0,1,1.0,1,1.0,1,0.17486102323570032,44
948,0,1492,820,672,0,0,0,1.0,1,1.0,1,1.0,1,0.17486102323570032,44
949,2,1494,820,674,0,0,0,1.0,1,1.0,1,1.0,1,0.22187949957781275,44
950,0,1494,820,674,0,0,0,1.0,1,1.0,1,1.0,1,0.24759994581667286,43
951,0,1494,820,674,0,0,0,1.0,1,1.0,1,1.0,1,0.27664834548800943,42
952,1,1495,821,674,0,0,0,1.0,1,1.0,1,1.0,1,0.2608767953754366,42
953,0,1495,821,674,0,0,0,1.0,1,1.0,1,1.0,1,0.26119722198412115,41
954,1,1496,822,674,0,0,0,1.0,1,1.0,1,1.0,1,0.2661565141634089,40
955,0,1496,822,674,0,0,0,1.0,1,1.0,1,1.0,1,0.25450432109793114,42
956,1,1497,823,674,0,0,0,1.0,1,1.0,1,1.0,1,0.2331649088229049,43
957,1,1498,823,675,0,0,0,1.0,1,1.0,1,1.0,1,0.2540684496295557,42
958,0,1498,823,675,0,0,0,1.0,1,1.0,1,1.0,1,0.2659624693736219,43
959,4,1502,825,677,0,0,0,1.0,1,1.0,1,1.0,1,0.27455676932667583,45
960,2,1504,826,678,0,0,0,1.0,1,1.0,1,1.0,1,0.2744902705615636,47
961,5,1509,827,682,0,0,0,1.0,1,1.0,1,1.0,1,0.23929364497640948,45
962,1,1510,827,683,0,0,0,1.0,1,1.0,1,1.0,1,0.22133724512395517,45
963,1,1511,828,683,0,0,0,1.0,1,1.0,1,1.0,1,0.2487140994627113,44
964,1,1512,828,684,0,0,0,1.0,1,1.0,1,1.0,1,0.2269602265695228,44
965,1,1513,828,685,0,0,0,1.0,1,1.0,1,1.0,1,0.20061914575118434,45
966,1,1514,829,685,0,0,0,1.0,1,1.0,1,1.0,1,0.19800991970478776,43
967,1,1515,829,686,0,0,0,1.0,1,1.0,1,1.0,1,0.1890846872339348,43
968,0,1515,829,686,0,0,0,1.0,1,1.0,1,1.0,1,0.18220516287999608,43
969,1,1516,829,687,0,0,0,1.0,1,1.0,1,1.0,1,0.17349535119539294,42
970,0,1516,829,687,0,0,0,1.0,1,1.0,1,1.0,1,0.18137753646979443,42
971,1,1517,829,688,0,0,0,1.0,1,1.0,1,1.0,1,0.15529529517607385,42
972,0,1517,829,688,0,0,0,1.0,1,1.0,1,1.0,1,0.15529529517607385,42
973,0,1517,829,688,0,0,0,1.0,1,1.0,1,1.0,1,0.15012590082338778,43
974,1,1518,830,688,0,0,0,1.0,1,1.0,1,1.0,1,0.13501066466278425,43
975,0,1518,830,688,0,0,0,1.0,1,1.0,1,1.0,1,0.13939017157556657,43
976,0,1518,830,688,0,0,0,1.0,1,1.0,1,1.0,1,0.15215623798476297,45
977,1,1519,831,688,0,0,0,1.0,1,1.0,1,1.0,1,0.14345173957327317,44
978,0,1519,831,688,0,0,0,1.0,1,1.0,1,1.0,1,0.14345173957327317,44
979,0,1519,831,688,0,0,0,1.0,1,1.0,1,1.0,1,0.1636138560553416,45
980,2,1521,832,689,0,0,0,1.0,1,1.0,1,1.0,1,0.16656667284765503,45
981,2,1523,833,690,0,0,0,1.0,1,1.0,1,1.0,1,0.13928289134893007,45
982,3,1526,835,691,0,0,0,1.0,1,1.0,1,1.0,1,0.17745473333392192,46
983,1,1527,836,691,0,0,0,1.0,1,1.0,1,1.0,1,0.18895145205113129,45
984,1,1528,837,691,0,0,0,1.0,1,1.0,1,1.0,1,0.18717148335379458,45
985,4,1532,841,691,0,0,0,1.0,1,1.0,1,1.0,1,0.26348630687547875,45
986,1,1533,841,692,0,0,0,1.0,1,1.0,1,1.0,1,0.2344187589260512,44
987,2,1535,842,693,0,0,0,1.0,1,1.0,1,1.0,1,0.2402810757629176,45
988,2,1537,844,693,0,0,0,1.0,1,1.0,1,1.0,1,0.2971158680406677,44
989,1,1538,844,694,0,0,0,1.0,1,1.0,1,1.0,1,0.2816075166082289,43
990,1,1539,845,694,0,0,0,1.0,1,1.0,1,1.0,1,0.292867445827574,42
991,0,1539,845,694,0,0,0,1.0,1,1.0,1,1.0,1,0.27132666190130156,42
992,0,1539,845,694,0,0,0,1.0,1,1.0,1,1.0,1,0.2596634080411957,43
993,0,1539,845,694,0,0,0,1.0,1,1.0,1,1.0,1,0.2596634080411957,43
994,0,1539,845,694,0,0,0,1.0,1,1.0,1,1.0,1,0.26758266893412946,43
995,0,1539,845,694,0,0,0,1.0,1,1.0,1,1.0,1,0.22005462094381578,43
996,0,1539,845,694,0,0,0,1.0,1,1.0,1,1.0,1,0.22831624011638713,44
997,1,1540,846,694,0,0,0,1.0,1,1.0,1,1.0,1,0.2691724199764358,44
998,1,1541,846,695,0,0,0,1.0,1,1.0,1,1.0,1,0.2603525338831445,45
999,0,1541,846,695,0,0,0,1.0,1,1.0,1,1.0,1,0.2670707756117988,42
1000,0,1541,846,695,0,0,0,1.0,1,1.0,1,1.0,1,0.2666562963704935,43
1001,4,1545,846,699,0,0,0,1.0,1,1.0,1,1.0,1,0.15996051178113263,42
1002,0,1545,846,699,0,0,0,1.0,1,1.0,1,1.0,1,0.15107406809004653,43
1003,1,1546,846,700,0,0,0,1.0,1,1.0,1,1.0,1,0.1392645029370053,43
1004,1,1547,846,701,0,0,0,1.0,1,1.0,1,1.0,1,0.11782046912232767,43
1005,1,1548,846,702,0,0,0,1.0,1,1.0,1,1.0,1,0.11768968034352399,44
1006,2,1550,846,704,0,0,0,1.0,1,1.0,1,1.0,1,0.10672562353911329,46
1007,0,1550,846,704,0,0,0,1.0,1,1.0,1,1.0,1,0.10672562353911329,46
1008,1,1551,846,705,0,0,0,1.0,1,1.0,1,1.0,1,0.10765386779503512,47
1009,2,1553,847,706,0,0,0,1.0,1,1.0,1,1.0,1,0.09258963530124197,48
1010,1,1554,848,706,0,0,0,1.0,1,1.0,1,1.0,1,0.10666711933013137,48
1011,1,1555,849,706,0,0,0,1.0,1,1.0,1,1.0,1,0.11420766429854641,48
1012,2,1557,851,706,0,0,0,1.0,1,1.0,1,1.0,1,0.14756193782272178,49
1013,2,1559,852,707,0,0,0,1.0,1,1.0,1,1.0,1,0.13642194111808253,50
1014,1,1560,853,707,0,0,0,1.0,1,1.0,1,1.0,1,0.1508248657161529,50
1015,1,1561,853,708,0,0,0,1.0,1,1.0,1,1.0,1,0.16774570586821047,51
1016,2,1563,854,709,0,0,0,1.0,1,1.0,1,1.0,1,0.19832708073615005,51
1017,4,1567,855,712,0,0,0,1.0,1,1.0,1,1.0,1,0.17743941493325127,52
1018,4,1571,855,716,0,0,0,1.0,1,1.0,1,1.0,1,0.1760113581092182,52
1019,5,1576,856,720,0,0,0,1.0,1,1.0,1,1.0,1,0.20601427461771088,52
1020,4,1580,856,724,0,0,0,1.0,1,1.0,1,1.0,1,0.1811986540484896,53
1021,0,1580,856,724,0,0,0,1.0,1,1.0,1,1.0,1,0.17951621364830006,53
1022,0,1580,856,724,0,0,0,1.0,1,1.0,1,1.0,1,0.1713227039247011,54
1023,2,1582,856,726,0,0,0,1.0,1,1.0,1,1.0,1,0.11840155437297563,55
1024,0,1582,856,726,0,0,0,1.0,1,1.0,1,1.0,1,0.1300128714229042,55
1025,1,1583,856,727,0,0,0,1.0,1,1.0,1,1.0,1,0.11482029615260234,56
1026,0,1583,856,727,0,0,0,1.0,1,1.0,1,1.0,1,0.12366420409309599,57
1027,0,1583,856,727,0,0,0,1.0,1,1.0,1,1.0,1,0.10286086727975519,58
1028,3,1586,858,728,0,0,0,1.0,1,1.0,1,1.0,1,0.12751683316337611,58
1029,2,1588,859,729,0,0,0,1.0,1,1.0,1,1.0,1,0.1475587088683355,59
1030,0,1588,859,729,0,0,0,1.0,1,1.0,1,1.0,1,0.142038633479695,60
1031,2,1590,860,730,0,0,0,1.0,1,1.0,1,1.0,1,0.1599239871924694,60
1032,0,1590,860,730,0,0,0,1.0,1,1.0,1,1.0,1,0.16685260480871061,61
1033,0,1590,860,730,0,0,0,1.0,1,1.0,1,1.0,1,0.17343585853125318,60
1034,5,1595,863,732,0,0,0,1.0,1,1.0,1,1.0,1,0.13138935494391135,60
1035,2,1597,865,732,0,0,0,1.0,1,1.0,1,1.0,1,0.1707217257091262,59
1036,3,1600,867,733,0,0,0,1.0,1,1.0,1,1.0,1,0.16769308764146848,60
1037,3,1603,870,733,0,0,0,1.0,1,1.0,1,1.0,1,0.200413333771937,59
1038,1,1604,871,733,0,0,0,1.0,1,1.0,1,1.0,1,0.2007997326349706,60
1039,4,1608,874,734,0,0,0,1.0,1,1.0,1,1.0,1,0.2336764440700484,60
1040,2,1610,875,735,0,0,0,1.0,1,1.0,1,1.0,1,0.23405535542568326,58
1041,8,1618,876,742,0,0,0,1.0,1,1.0,1,1.0,1,0.12384038537048028,56
1042,0,1618,876,742,0,0,0,1.0,1,1.0,1,1.0,1,0.11810491433745718,55
1043,0,1618,876,742,0,0,0,1.0,1,1.0,1,1.0,1,0.11810491433745718,55
1044,0,1618,876,742,0,0,0,1.0,1,1.0,1,1.0,1,0.09377105084835173,52
1045,0,1618,876,742,0,0,0,1.0,1,1.0,1,1.0,1,0.08452912708644904,52
1046,1,1619,877,742,0,0,0,1.0,1,1.0,1,1.0,1,0.1195778170166297,53
1047,1,1620,878,742,0,0,0,1.0,1,1.0,1,1.0,1,0.1061623253423819,54
1048,1,1621,879,742,0,0,0,1.0,1,1.0,1,1.0,1,0.12489621378701181,56
1049,1,1622,880,742,0,0,0,1.0,1,1.0,1,1.0,1,0.13719112003199502,55
1050,2,1624,882,742,0,0,0,1.0,1,1.0,1,1.0,1,0.14072823512204544,56
1051,0,1624,882,742,0,0,0,1.0,1,1.0,1,1.0,1,0.1294433691508465,55
1052,0,1624,882,742,0,0,0,1.0,1,1.0,1,1.0,1,0.14443486782086243,56
1053,1,1625,883,742,0,0,0,1.0,1,1.0,1,1.0,1,0.15392882205726252,56
1054,0,1625,883,742,0,0,0,1.0,1,1.0,1,1.0,1,0.13563684956104347,57
1055,0,1625,883,742,0,0,0,1.0,1,1.0,1,1.0,1,0.11444039031703958,58
1056,0,1625,883,742,0,0,0,1.0,1,1.0,1,1.0,1,0.12446183941298725,59
1057,0,1625,883,742,0,0,0,1.0,1,1.0,1,1.0,1,0.1375755276987185,60
1058,1,1626,884,742,0,0,0,1.0,1,1.0,1,1.0,1,0.1522017894145577,60
1059,3,1629,885,744,0,0,0,1.0,1,1.0,1,1.0,1,0.13012840318187288,60
1060,1,1630,886,744,0,0,0,1.0,1,1.0,1,1.0,1,0.14870538934162078,60
1061,9,1639,890,749,0,0,0,1.0,1,1.0,1,1.0,1,0.12991022850215211,59
1062,2,1641,890,751,0,0,0,1.0,1,1.0,1,1.0,1,0.10163181908834061,59
1063,1,1642,891,751,0,0,0,1.0,1,1.0,1,1.0,1,0.12218781451496194,58
1064,2,1644,893,751,0,0,0,1.0,1,1.0,1,1.0,1,0.18068700075078267,58
1065,5,1649,895,754,0,0,0,1.0,1,1.0,1,1.0,1,0.11389007495084745,60
1066,0,1649,895,754,0,0,0,1.0,1,1.0,1,1.0,1,0.14575906794864293,58
1067,2,1651,896,755,0,0,0,1.0,1,1.0,1,1.0,1,0.17400245834319053,59
1068,0,1651,896,755,0,0,0,1.0,1,1.0,1,1.0,1,0.17400245834319053,59
1069,0,1651,896,755,0,0,0,1.0,1,1.0,1,1.0,1,0.19998454786882355,58
1070,1,1652,897,755,0,0,0,1.0,1,1.0,1,1.0,1,0.18437557568519916,58
1071,0,1652,897,755,0,0,0,1.0,1,1.0,1,1.0,1,0.1996933122088334,57
1072,2,1654,898,756,0,0,0,1.0,1,1.0,1,1.0,1,0.22181981497192918,56
1073,0,1654,898,756,0,0,0,1.0,1,1.0,1,1.0,1,0.2553202159398069,54
1074,2,1656,900,756,0,0,0,1.0,1,1.0,1,1.0,1,0.2822654395431593,54
1075,2,1658,902,756,0,0,0,1.0,1,1.0,1,1.0,1,0.2917526877306844,51
1076,1,1659,903,756,0,0,0,1.0,1,1.0,1,1.0,1,0.31222147285832924,51
1077,2,1661,905,756,0,0,0,1.0,1,1.0,1,1.0,1,0.322292064517191,51
1078,3,1664,906,758,0,0,0,1.0,1,1.0,1,1.0,1,0.30654517022028527,52
1079,3,1667,909,758,0,0,0,1.0,1,1.0,1,1.0,1,0.3388043003781284,51
1080,2,1669,911,758,0,0,0,1.0,1,1.0,1,1.0,1,0.3455614518338629,51
1081,8,1677,912,765,0,0,0,1.0,1,1.0,1,1.0,1,0.25296699834876163,48
1082,1,1678,913,765,0,0,0,1.0,1,1.0,1,1.0,1,0.2684732488909475,47
1083,4,1682,914,768,0,0,0,1.0,1,1.0,1,1.0,1,0.2715087861232699,46
1084,0,1682,914,768,0,0,0,1.0,1,1.0,1,1.0,1,0.2631141479714059,45
1085,2,1684,914,770,0,0,0,1.0,1,1.0,1,1.0,1,0.25070249745392836,46
1086,1,1685,914,771,0,0,0,1.0,1,1.0,1,1.0,1,0.23474363170734713,45
1087,1,1686,914,772,0,0,0,1.0,1,1.0,1,1.0,1,0.2531102415156958,44
1088,0,1686,914,772,0,0,0,1.0,1,1.0,1,1.0,1,0.2413499829179391,45
1089,0,1686,914,772,0,0,0,1.0,1,1.0,1,1.0,1,0.2568460385156935,46
1090,0,1686,914,772,0,0,0,1.0,1,1.0,1,1.0,1,0.25674780329197056,47
1091,1,1687,915,772,0,0,0,1.0,1,1.0,1,1.0,1,0.24254141853826594,47
1092,0,1687,915,772,0,0,0,1.0,1,1.0,1,1.0,1,0.23547830918820511,48
1093,2,1689,916,773,0,0,0,1.0,1,1.0,1,1.0,1,0.21923476773336584,48
1094,2,1691,918,773,0,0,0,1.0,1,1.0,1,1.0,1,0.2786654584799513,48
1095,1,1692,918,774,0,0,0,1.0,1,1.0,1,1.0,1,0.2784053059630518,49
1096,1,1693,919,774,0,0,0,1.0,1,1.0,1,1.0,1,0.29935268796166836,49
1097,2,1695,920,775,0,0,0,1.0,1,1.0,1,1.0,1,0.3073154805648572,50
1098,1,1696,920,776,0,0,0,1.0,1,1.0,1,1.0,1,0.3032170943887996,51
1099,0,1696,920,776,0,0,0,1.0,1,1.0,1,1.0,1,0.2728395592377199,54
1100,3,1699,922,777,0,0,0,1.0,1,1.0,1,1.0,1,0.23038749718592216,54
1101,4,1703,922,781,0,0,0,1.0,1,1.0,1,1.0,1,0.18454149912933307,54
1102,3,1706,922,784,0,0,0,1.0,1,1.0,1,1.0,1,0.13540215520924237,54
1103,0,1706,922,784,0,0,0,1.0,1,1.0,1,1.0,1,0.15516907794487353,53
1104,1,1707,923,784,0,0,0,1.0,1,1.0,1,1.0,1,0.17036459313469854,53
1105,2,1709,925,784,0,0,0,1.0,1,1.0,1,1.0,1,0.1632526029176861,52
1106,1,1710,925,785,0,0,0,1.0,1,1.0,1,1.0,1,0.18887540231814404,52
1107,1,1711,926,785,0,0,0,1.0,1,1.0,1,1.0,1,0.1986854991007657,52
1108,0,1711,926,785,0,0,0,1.0,1,1.0,1,1.0,1,0.20374297941317676,51
1109,4,1715,929,786,0,0,0,1.0,1,1.0,1,1.0,1,0.2057516578382168,49
1110,0,1715,929,786,0,0,0,1.0,1,1.0,1,1.0,1,0.21719040263852363,48
1111,3,1718,931,787,0,0,0,1.0,1,1.0,1,1.0,1,0.24405236171892244,47
1112,2,1720,932,788,0,0,0,1.0,1,1.0,1,1.0,1,0.2884334294287854,46
1113,1,1721,933,788,0,0,0,1.0,1,1.0,1,1.0,1,0.31557047700599017,43
1114,0,1721,933,788,0,0,0,1.0,1,1.0,1,1.0,1,0.32940295025936533,41
1115,2,1723,935,788,0,0,0,1.0,1,1.0,1,1.0,1,0.3190009131631729,40
1116,0,1723,935,788,0,0,0,1.0,1,1.0,1,1.0,1,0.30700080800920904,39
1117,2,1725,937,788,0,0,0,1.0,1,1.0,1,1.0,1,0.31480555563351986,40
1118,0,1725,937,788,0,0,0,1.0,1,1.0,1,1.0,1,0.3014657901571488,40
1119,0,1725,937,788,0,0,0,1.0,1,1.0,1,1.0,1,0.3014657901571488,40
1120,0,1725,937,788,0,0,0,1.0,1,1.0,1,1.0,1,0.3014657901571488,40
1121,6,1731,939,792,0,0,0,1.0,1,1.0,1,1.0,1,0.2882799714177386,40
1122,2,1733,939,794,0,0,0,1.0,1,1.0,1,1.0,1,0.27450333949762146,41
1123,3,1736,941,795,0,0,0,1.0,1,1.0,1,1.0,1,0.3263883456600814,41
1124,2,1738,941,797,0,0,0,1.0,1,1.0,1,1.0,1,0.29517864001151506,41
1125,2,1740,942,798,0,0,0,1.0,1,1.0,1,1.0,1,0.32508106244978335,41
1126,0,1740,942,798,0,0,0,1.0,1,1.0,1,1.0,1,0.29709924908010754,41
1127,0,1740,942,798,0,0,0,1.0,1,1.0,1,1.0,1,0.29709924908010754,41
1128,1,1741,942,799,0,0,0,1.0,1,1.0,1,1.0,1,0.2995067477429395,42
1129,1,1742,943,799,0,0,0,1.0,1,1.0,1,1.0,1,0.3193576743202441,42
1130,2,1744,944,800,0,0,0,1.0,1,1.0,1,1.0,1,0.2973768099118835,42
1131,1,1745,945,800,0,0,0,1.0,1,1.0,1,1.0,1,0.28143481019610955,42
1132,0,1745,945,800,0,0,0,1.0,1,1.0,1,1.0,1,0.24957982157310846,43
1133,1,1746,946,800,0,0,0,1.0,1,1.0,1,1.0,1,0.2251633222679953,45
1134,0,1746,946,800,0,0,0,1.0,1,1.0,1,1.0,1,0.23257320200076298,46
1135,0,1746,946,800,0,0,0,1.0,1,1.0,1,1.0,1,0.24693863718671089,45
1136,2,1748,946,802,0,0,0,1.0,1,1.0,1,1.0,1,0.22862721644797965,48
1137,0,1748,946,802,0,0,0,1.0,1,1.0,1,1.0,1,0.23776027801441027,49
1138,0,1748,946,802,0,0,0,1.0,1,1.0,1,1.0,1,0.23776027801441027,49
1139,2,1750,946,804,0,0,0,1.0,1,1.0,1,1.0,1,0.2605362487575453,49
1140,0,1750,946,804,0,0,0,1.0,1,1.0,1,1.0,1,0.2605362487575453,49
1141,9,1759,947,812,0,0,0,1.0,1,1.0,1,1.0,1,0.20071505669519177,48
1142,1,1760,948,812,0,0,0,1.0,1,1.0,1,1.0,1,0.18777176673438176,48
1143,2,1762,949,813,0,0,0,1.0,1,1.0,1,1.0,1,0.21525232831324612,48
1144,1,1763,950,813,0,0,0,1.0,1,1.0,1,1.0,1,0.19497616089502423,48
1145,2,1765,951,814,0,0,0,1.0,1,1.0,1,1.0,1,0.200845131416696,48
1146,1,1766,952,814,0,0,0,1.0,1,1.0,1,1.0,1,0.21233545345092616,48
1147,0,1766,952,814,0,0,0,1.0,1,1.0,1,1.0,1,0.263863791849215,46
1148,0,1766,952,814,0,0,0,1.0,1,1.0,1,1.0,1,0.263863791849215,46
1149,0,1766,952,814,0,0,0,1.0,1,1.0,1,1.0,1,0.3134017613825673,45
1150,2,1768,953,815,0,0,0,1.0,1,1.0,1,1.0,1,0.29333011993799246,46
1151,2,1770,955,815,0,0,0,1.0,1,1.0,1,1.0,1,0.3237639939101226,44
1152,0,1770,955,815,0,0,0,1.0,1,1.0,1,1.0,1,0.2853206312824526,44
1153,3,1773,958,815,0,0,0,1.0,1,1.0,1,1.0,1,0.35268839145491987,43
1154,0,1773,958,815,0,0,0,1.0,1,1.0,1,1.0,1,0.33760126166197124,43
1155,2,1775,960,815,0,0,0,1.0,1,1.0,1,1.0,1,0.36249138694453503,43
1156,0,1775,960,815,0,0,0,1.0,1,1.0,1,1.0,1,0.3529935014776412,42
1157,0,1775,960,815,0,0,0,1.0,1,1.0,1,1.0,1,0.353959628047793,42
1158,0,1775,960,815,0,0,0,1.0,1,1.0,1,1.0,1,0.3443963672237892,41
1159,0,1775,960,815,0,0,0,1.0,1,1.0,1,1.0,1,0.34394657047468524,41
1160,0,1775,960,815,0,0,0,1.0,1,1.0,1,1.0,1,0.34394657047468524,41
1161,7,1782,960,822,0,0,0,1.0,1,1.0,1,1.0,1,0.2619627952047821,42
1162,0,1782,960,822,0,0,0,1.0,1,1.0,1,1.0,1,0.24975985745526708,43
1163,0,1782,960,822,0,0,0,1.0,1,1.0,1,1.0,1,0.24975985745526708,43
1164,0,1782,960,822,0,0,0,1.0,1,1.0,1,1.0,1,0.23373456935791762,44
1165,1,1783,960,823,0,0,0,1.0,1,1.0,1,1.0,1,0.19035357015410997,44
1166,4,1787,960,827,0,0,0,1.0,1,1.0,1,1.0,1,0.20522853404350344,46
1167,4,1791,961,830,0,0,0,1.0,1,1.0,1,1.0,1,0.2281305229227045,46
1168,4,1795,961,834,0,0,0,1.0,1,1.0,1,1.0,1,0.1942447698704188,47
1169,1,1796,961,835,0,0,0,1.0,1,1.0,1,1.0,1,0.17115630720807112,46
1170,1,1797,961,836,0,0,0,1.0,1,1.0,1,1.0,1,0.16403004364693852,48
1171,4,1801,962,839,0,0,0,1.0,1,1.0,1,1.0,1,0.17554073301591916,49
1172,2,1803,962,841,0,0,0,1.0,1,1.0,1,1.0,1,0.17554073301591916,49
1173,1,1804,962,842,0,0,0,1.0,1,1.0,1,1.0,1,0.18316223080072777,49
1174,3,1807,963,844,0,0,0,1.0,1,1.0,1,1.0,1,0.20472044678321935,49
1175,2,1809,963,846,0,0,0,1.0,1,1.0,1,1.0,1,0.19416636760867126,50
1176,3,1812,963,849,0,0,0,1.0,1,1.0,1,1.0,1,0.19695072852426593,52
1177,4,1816,965,851,0,0,0,1.0,1,1.0,1,1.0,1,0.22960087589334288,52
1178,4,1820,965,855,0,0,0,1.0,1,1.0,1,1.0,1,0.22960087589334288,52
1179,4,1824,965,859,0,0,0,1.0,1,1.0,1,1.0,1,0.20861805265719352,53
1180,3,1827,965,862,0,0,0,1.0,1,1.0,1,1.0,1,0.21356460255033446,54
1181,3,1830,965,865,0,0,0,1.0,1,1.0,1,1.0,1,0.19083805956959984,55
1182,0,1830,965,865,0,0,0,1.0,1,1.0,1,1.0,1,0.19083805956959984,55
1183,1,1831,966,865,0,0,0,1.0,1,1.0,1,1.0,1,0.23301293101598805,53
1184,2,1833,967,866,0,0,0,1.0,1,1.0,1,1.0,1,0.23245030654405346,54
1185,1,1834,967,867,0,0,0,1.0,1,1.0,1,1.0,1,0.2349932893728354,53
1186,3,1837,968,869,0,0,0,1.0,1,1.0,1,1.0,1,0.23536553764463733,54
1187,1,1838,969,869,0,0,0,1.0,1,1.0,1,1.0,1,0.27399873640223993,55
1188,1,1839,969,870,0,0,0,1.0,1,1.0,1,1.0,1,0.2628497809335535,55
1189,0,1839,969,870,0,0,0,1.0,1,1.0,1,1.0,1,0.2632132737918352,54
1190,0,1839,969,870,0,0,0,1.0,1,1.0,1,1.0,1,0.2468643303226553,55
1191,3,1842,969,873,0,0,0,1.0,1,1.0,1,1.0,1,0.19915546649411398,54
1192,1,1843,969,874,0,0,0,1.0,1,1.0,1,1.0,1,0.16360436626460834,52
1193,0,1843,969,874,0,0,0,1.0,1,1.0,1,1.0,1,0.17342671357188247,53
1194,0,1843,969,874,0,0,0,1.0,1,1.0,1,1.0,1,0.17342671357188247,53
1195,0,1843,969,874,0,0,0,1.0,1,1.0,1,1.0,1,0.15801584133639737,54
1196,0,1843,969,874,0,0,0,1.0,1,1.0,1,1.0,1,0.17358141565543517,56
1197,2,1845,971,874,0,0,0,1.0,1,1.0,1,1.0,1,0.17746863812142244,56
1198,2,1847,972,875,0,0,0,1.0,1,1.0,1,1.0,1,0.1633822238597825,58
1199,2,1849,973,876,0,0,0,1.0,1,1.0,1,1.0,1,0.1594246618419184,58
1200,0,1849,973,876,0,0,0,1.0,1,1.0,1,1.0,1,0.1594246618419184,58
1201,6,1855,974,881,0,0,0,1.0,1,1.0,1,1.0,1,0.1397142558613507,58
1202,0,1855,974,881,0,0,0,1.0,1,1.0,1,1.0,1,0.11518810156302622,60
1203,0,1855,974,881,0,0,0,1.0,1,1.0,1,1.0,1,0.12624596976294403,58
1204,1,1856,975,881,0,0,0,1.0,1,1.0,1,1.0,1,0.1482400390036273,59
1205,1,1857,976,881,0,0,0,1.0,1,1.0,1,1.0,1,0.17141540248552417,59
1206,0,1857,976,881,0,0,0,1.0,1,1.0,1,1.0,1,0.18823760079025267,58
1207,2,1859,977,882,0,0,0,1.0,1,1.0,1,1.0,1,0.17176343376863548,60
1208,1,1860,977,883,0,0,0,1.0,1,1.0,1,1.0,1,0.16079849315883785,60
1209,1,1861,978,883,0,0,0,1.0,1,1.0,1,1.0,1,0.16265645668845657,61
1210,0,1861,978,883,0,0,0,1.0,1,1.0,1,1.0,1,0.16265645668845657,61
1211,1,1862,979,883,0,0,0,1.0,1,1.0,1,1.0,1,0.1389246956071576,63
1212,1,1863,980,883,0,0,0,1.0,1,1.0,1,1.0,1,0.13290087268303943,63
1213,0,1863,980,883,0,0,0,1.0,1,1.0,1,1.0,1,0.13290087268303943,63
1214,4,1867,982,885,0,0,0,1.0,1,1.0,1,1.0,1,0.19666907489395072,62
1215,0,1867,982,885,0,0,0,1.0,1,1.0,1,1.0,1,0.18951070680148988,63
1216,3,1870,983,887,0,0,0,1.0,1,1.0,1,1.0,1,0.21949923455410217,64
1217,1,1871,983,888,0,0,0,1.0,1,1.0,1,1.0,1,0.21301558253302633,65
1218,0,1871,983,888,0,0,0,1.0,1,1.0,1,1.0,1,0.22716043529433447,64
1219,0,1871,983,888,0,0,0,1.0,1,1.0,1,1.0,1,0.2350803099790716,65
1220,1,1872,984,888,0,0,0,1.0,1,1.0,1,1.0,1,0.24126047647609977,64
1221,9,1881,985,896,0,0,0,1.0,1,1.0,1,1.0,1,0.16916515027828996,65
1222,1,1882,985,897,0,0,0,1.0,1,1.0,1,1.0,1,0.15460695688031803,66
1223,0,1882,985,897,0,0,0,1.0,1,1.0,1,1.0,1,0.16502893664718893,64
1224,0,1882,985,897,0,0,0,1.0,1,1.0,1,1.0,1,0.15975850642221645,66
1225,2,1884,987,897,0,0,0,1.0,1,1.0,1,1.0,1,0.18267721758636013,66
1226,4,1888,989,899,0,0,0,1.0,1,1.0,1,1.0,1,0.18268665962136066,68
1227,1,1889,990,899,0,0,0,1.0,1,1.0,1,1.0,1,0.1801222483351141,64
1228,0,1889,990,899,0,0,0,1.0,1,1.0,1,1.0,1,0.1939443584286078,62
1229,1,1890,991,899,0,0,0,1.0,1,1.0,1,1.0,1,0.17540103086321504,61
1230,0,1890,991,899,0,0,0,1.0,1,1.0,1,1.0,1,0.2002624300883888,58
1231,0,1890,991,899,0,0,0,1.0,1,1.0,1,1.0,1,0.19276213921169633,57
1232,1,1891,992,899,0,0,0,1.0,1,1.0,1,1.0,1,0.231271622082641,53
1233,2,1893,994,899,0,0,0,1.0,1,1.0,1,1.0,1,0.2246756296187445,53
1234,0,1893,994,899,0,0,0,1.0,1,1.0,1,1.0,1,0.20195845571980028,54
1235,0,1893,994,899,0,0,0,1.0,1,1.0,1,1.0,1,0.23512948034876374,55
1236,2,1895,996,899,0,0,0,1.0,1,1.0,1,1.0,1,0.2684077899697213,55
1237,1,1896,996,900,0,0,0,1.0,1,1.0,1,1.0,1,0.26158199618315925,55
1238,1,1897,997,900,0,0,0,1.0,1,1.0,1,1.0,1,0.28738207579305,54
1239,0,1897,997,900,0,0,0,1.0,1,1.0,1,1.0,1,0.28079180700733003,55
1240,1,1898,997,901,0,0,0,1.0,1,1.0,1,1.0,1,0.27147619434759085,55
1241,6,1904,997,907,0,0,0,1.0,1,1.0,1,1.0,1,0.15504982779805584,54
1242,0,1904,997,907,0,0,0,1.0,1,1.0,1,1.0,1,0.15940964504116947,54
1243,0,1904,997,907,0,0,0,1.0,1,1.0,1,1.0,1,0.16148267188493037,55
1244,1,1905,997,908,0,0,0,1.0,1,1.0,1,1.0,1,0.1612812278665383,55
1245,1,1906,998,908,0,0,0,1.0,1,1.0,1,1.0,1,0.18378420714096824,55
1246,2,1908,998,910,0,0,0,1.0,1,1.0,1,1.0,1,0.19018010221637774,55
1247,3,1911,999,912,0,0,0,1.0,1,1.0,1,1.0,1,0.211233388056448,57
1248,2,1913,999,914,0,0,0,1.0,1,1.0,1,1.0,1,0.20088761551175432,56
1249,5,1918,1003,915,0,0,0,1.0,1,1.0,1,1.0,1,0.22938229500798343,56
1250,2,1920,1005,915,0,0,0,1.0,1,1.0,1,1.0,1,0.21495636627838643,56
1251,1,1921,1005,916,0,0,0,1.0,1,1.0,1,1.0,1,0.2186172359816866,58
1252,1,1922,1006,916,0,0,0,1.0,1,1.0,1,1.0,1,0.20923026874111816,58
1253,3,1925,1008,917,0,0,0,1.0,1,1.0,1,1.0,1,0.2289194419673494,58
1254,0,1925,1008,917,0,0,0,1.0,1,1.0,1,1.0,1,0.20137220589380836,60
1255,0,1925,1008,917,0,0,0,1.0,1,1.0,1,1.0,1,0.20908232576053598,61
1256,0,1925,1008,917,0,0,0,1.0,1,1.0,1,1.0,1,0.20908232576053598,61
1257,1,1926,1009,917,0,0,0,1.0,1,1.0,1,1.0,1,0.23501441232048628,62
1258,3,1929,1009,920,0,0,0,1.0,1,1.0,1,1.0,1,0.22533358715280788,63
1259,0,1929,1009,920,0,0,0,1.0,1,1.0,1,1.0,1,0.22533358715280788,63
1260,0,1929,1009,920,0,0,0,1.0,1,1.0,1,1.0,1,0.21605223073392774,63
1261,6,1935,1010,925,0,0,0,1.0,1,1.0,1,1.0,1,0.16999877365152344,63
1262,2,1937,1011,926,0,0,0,1.0,1,1.0,1,1.0,1,0.15914390322620822,64
1263,2,1939,1013,926,0,0,0,1.0,1,1.0,1,1.0,1,0.18908153207686534,63
1264,1,1940,1013,927,0,0,0,1.0,1,1.0,1,1.0,1,0.1711094363091226,63
1265,4,1944,1017,927,0,0,0,1.0,1,1.0,1,1.0,1,0.20443081216308642,60
1266,1,1945,1018,927,0,0,0,1.0,1,1.0,1,1.0,1,0.19511775723065558,61
1267,1,1946,1019,927,0,0,0,1.0,1,1.0,1,1.0,1,0.22172263756016555,58
1268,1,1947,1020,927,0,0,0,1.0,1,1.0,1,1.0,1,0.2638549464305369,54
1269,4,1951,1022,929,0,0,0,1.0,1,1.0,1,1.0,1,0.18724471179029287,54
1270,0,1951,1022,929,0,0,0,1.0,1,1.0,1,1.0,1,0.18392013189671574,51
1271,0,1951,1022,929,0,0,0,1.0,1,1.0,1,1.0,1,0.19209324047545373,50
1272,0,1951,1022,929,0,0,0,1.0,1,1.0,1,1.0,1,0.21604474281987524,47
1273,0,1951,1022,929,0,0,0,1.0,1,1.0,1,1.0,1,0.21604474281987524,47
1274,0,1951,1022,929,0,0,0,1.0,1,1.0,1,1.0,1,0.23611922445865133,49
1275,2,1953,1024,929,0,0,0,1.0,1,1.0,1,1.0,1,0.2892523620730552,48
1276,1,1954,1025,929,0,0,0,1.0,1,1.0,1,1.0,1,0.3151758383553909,49
1277,4,1958,1029,929,0,0,0,1.0,1,1.0,1,1.0,1,0.3542334713967392,50
1278,1,1959,1029,930,0,0,0,1.0,1,1.0,1,1.0,1,0.3524886729061926,51
1279,0,1959,1029,930,0,0,0,1.0,1,1.0,1,1.0,1,0.3524886729061926,51
1280,0,1959,1029,930,0,0,0,1.0,1,1.0,1,1.0,1,0.32529826855857136,52
1281,9,1968,1030,938,0,0,0,1.0,1,1.0,1,1.0,1,0.20981030945217236,52
1282,1,1969,1031,938,0,0,0,1.0,1,1.0,1,1.0,1,0.2023090083516862,52
1283,1,1970,1032,938,0,0,0,1.0,1,1.0,1,1.0,1,0.23883112406111304,52
1284,3,1973,1033,940,0,0,0,1.0,1,1.0,1,1.0,1,0.24674875961433052,52
1285,1,1974,1033,941,0,0,0,1.0,1,1.0,1,1.0,1,0.2697512162482776,51
1286,1,1975,1033,942,0,0,0,1.0,1,1.0,1,1.0,1,0.2697011283512348,52
1287,4,1979,1034,945,0,0,0,1.0,1,1.0,1,1.0,1,0.2807982031238925,54
1288,1,1980,1035,945,0,0,0,1.0,1,1.0,1,1.0,1,0.2694668531986824,55
1289,0,1980,1035,945,0,0,0,1.0,1,1.0,1,1.0,1,0.2570047670232853,56
1290,1,1981,1036,945,0,0,0,1.0,1,1.0,1,1.0,1,0.22719427519962598,57
1291,2,1983,1037,946,0,0,0,1.0,1,1.0,1,1.0,1,0.21028245285110822,58
1292,1,1984,1038,946,0,0,0,1.0,1,1.0,1,1.0,1,0.19649127478911083,59
1293,1,1985,1039,946,0,0,0,1.0,1,1.0,1,1.0,1,0.18123755567254657,59
1294,0,1985,1039,946,0,0,0,1.0,1,1.0,1,1.0,1,0.18123755567254657,59
1295,0,1985,1039,946,0,0,0,1.0,1,1.0,1,1.0,1,0.18123755567254657,59
1296,1,1986,1040,946,0,0,0,1.0,1,1.0,1,1.0,1,0.20285293879248337,59
1297,0,1986,1040,946,0,0,0,1.0,1,1.0,1,1.0,1,0.20449826780445982,61
1298,1,1987,1040,947,0,0,0,1.0,1,1.0,1,1.0,1,0.21902780995248416,61
1299,2,1989,1041,948,0,0,0,1.0,1,1.0,1,1.0,1,0.21183527540558095,60
1300,0,1989,1041,948,0,0,0,1.0,1,1.0,1,1.0,1,0.21174857092015062,59
1301,11,2000,1042,958,0,0,0,1.0,1,1.0,1,1.0,1,0.1613331051594366,59
1302,0,2000,1042,958,0,0,0,1.0,1,1.0,1,1.0,1,0.1613331051594366,59
1303,2,2002,1044,958,0,0,0,1.0,1,1.0,1,1.0,1,0.2042970289633929,55
1304,1,2003,1045,958,0,0,0,1.0,1,1.0,1,1.0,1,0.1879516375720981,56
1305,1,2004,1046,958,0,0,0,1.0,1,1.0,1,1.0,1,0.2105423929185019,54
1306,1,2005,1047,958,0,0,0,1.0,1,1.0,1,1.0,1,0.2109366762920082,53
1307,2,2007,1049,958,0,0,0,1.0,1,1.0,1,1.0,1,0.22736070131179023,52
1308,2,2009,1051,958,0,0,0,1.0,1,1.0,1,1.0,1,0.2677065763292075,52
1309,1,2010,1052,958,0,0,0,1.0,1,1.0,1,1.0,1,0.28678882146798573,54
1310,3,2013,1054,959,0,0,0,1.0,1,1.0,1,1.0,1,0.29260650654258546,52
1311,1,2014,1055,959,0,0,0,1.0,1,1.0,1,1.0,1,0.27764183254062497,51
1312,1,2015,1056,959,0,0,0,1.0,1,1.0,1,1.0,1,0.32645225286982565,49
1313,0,2015,1056,959,0,0,0,1.0,1,1.0,1,1.0,1,0.3328338843502647,47
1314,1,2016,1056,960,0,0,0,1.0,1,1.0,1,1.0,1,0.30221038860176724,46
1315,1,2017,1057,960,0,0,0,1.0,1,1.0,1,1.0,1,0.31238287535941733,45
1316,0,2017,1057,960,0,0,0,1.0,1,1.0,1,1.0,1,0.29186799156711657,46
1317,0,2017,1057,960,0,0,0,1.0,1,1.0,1,1.0,1,0.2806474575858395,45
1318,1,2018,1057,961,0,0,0,1.0,1,1.0,1,1.0,1,0.2702892330275282,46
1319,1,2019,1058,961,0,0,0,1.0,1,1.0,1,1.0,1,0.27951443795044423,46
1320,1,2020,1058,962,0,0,0,1.0,1,1.0,1,1.0,1,0.2665246473157442,46
1321,6,2026,1058,968,0,0,0,1.0,1,1.0,1,1.0,1,0.16479456021909822,48
1322,2,2028,1058,970,0,0,0,1.0,1,1.0,1,1.0,1,0.13893599404474444,49
1323,1,2029,1058,971,0,0,0,1.0,1,1.0,1,1.0,1,0.17295396689142836,49
1324,2,2031,1058,973,0,0,0,1.0,1,1.0,1,1.0,1,0.153364752876471,50
1325,0,2031,1058,973,0,0,0,1.0,1,1.0,1,1.0,1,0.16893689214755722,49
1326,3,2034,1059,975,0,0,0,1.0,1,1.0,1,1.0,1,0.20768012032652766,50
1327,4,2038,1060,978,0,0,0,1.0,1,1.0,1,1.0,1,0.20397431818290865,50
1328,1,2039,1060,979,0,0,0,1.0,1,1.0,1,1.0,1,0.20807118337380415,49
1329,0,2039,1060,979,0,0,0,1.0,1,1.0,1,1.0,1,0.20890146614403413,50
1330,0,2039,1060,979,0,0,0,1.0,1,1.0,1,1.0,1,0.20890146614403413,50
1331,1,2040,1061,979,0,0,0,1.0,1,1.0,1,1.0,1,0.23712241893404107,50
1332,1,2041,1062,979,0,0,0,1.0,1,1.0,1,1.0,1,0.22206709033567237,51
1333,1,2042,1062,980,0,0,0,1.0,1,1.0,1,1.0,1,0.2102995635636802,52
1334,2,2044,1062,982,0,0,0,1.0,1,1.0,1,1.0,1,0.20168238050068624,54
1335,0,2044,1062,982,0,0,0,1.0,1,1.0,1,1.0,1,0.20168238050068624,54
1336,2,2046,1062,984,0,0,0,1.0,1,1.0,1,1.0,1,0.18551238696155928,56
1337,2,2048,1064,984,0,0,0,1.0,1,1.0,1,1.0,1,0.25950897663889033,57
1338,2,2050,1064,986,0,0,0,1.0,1,1.0,1,1.0,1,0.24110449288959998,57
1339,6,2056,1066,990,0,0,0,1.0,1,1.0,1,1.0,1,0.25064020601134324,58
1340,2,2058,1066,992,0,0,0,1.0,1,1.0,1,1.0,1,0.2427409466186594,59
1341,3,2061,1066,995,0,0,0,1.0,1,1.0,1,1.0,1,0.19352610933761757,57
1342,0,2061,1066,995,0,0,0,1.0,1,1.0,1,1.0,1,0.17693227105450943,57
1343,0,2061,1066,995,0,0,0,1.0,1,1.0,1,1.0,1,0.17385578080311948,55
1344,0,2061,1066,995,0,0,0,1.0,1,1.0,1,1.0,1,0.1629311853955956,54
1345,0,2061,1066,995,0,0,0,1.0,1,1.0,1,1.0,1,0.17386444501899245,53
1346,0,2061,1066,995,0,0,0,1.0,1,1.0,1,1.0,1,0.16908947184269682,53
1347,1,2062,1067,995,0,0,0,1.0,1,1.0,1,1.0,1,0.1709544022365837,51
1348,0,2062,1067,995,0,0,0,1.0,1,1.0,1,1.0,1,0.18616844998429857,52
1349,2,2064,1069,995,0,0,0,1.0,1,1.0,1,1.0,1,0.22244993659854334,50
1350,1,2065,1070,995,0,0,0,1.0,1,1.0,1,1.0,1,0.20728881733093618,51
1351,0,2065,1070,995,0,0,0,1.0,1,1.0,1,1.0,1,0.21956136771856194,50
1352,1,2066,1071,995,0,0,0,1.0,1,1.0,1,1.0,1,0.20847057759468038,50
1353,0,2066,1071,995,0,0,0,1.0,1,1.0,1,1.0,1,0.20847057759468038,50
1354,0,2066,1071,995,0,0,0,1.0,1,1.0,1,1.0,1,0.22670693941585898,51
1355,1,2067,1072,995,0,0,0,1.0,1,1.0,1,1.0,1,0.1981356098432267,53
1356,2,2069,1073,996,0,0,0,1.0,1,1.0,1,1.0,1,0.226355291554527,52
1357,1,2070,1074,996,0,0,0,1.0,1,1.0,1,1.0,1,0.2519493091034427,52
1358,1,2071,1075,996,0,0,0,1.0,1,1.0,1,1.0,1,0.2507800234003919,53
1359,3,2074,1077,997,0,0,0,1.0,1,1.0,1,1.0,1,0.2698601219246612,54
1360,1,2075,1078,997,0,0,0,1.0,1,1.0,1,1.0,1,0.2617334498158394,55
1361,9,2084,1079,1005,0,0,0,1.0,1,1.0,1,1.0,1,0.1515147010270448,55
1362,0,2084,1079,1005,0,0,0,1.0,1,1.0,1,1.0,1,0.13341131443194937,56
1363,0,2084,1079,1005,0,0,0,1.0,1,1.0,1,1.0,1,0.13341131443194937,56
1364,1,2085,1079,1006,0,0,0,1.0,1,1.0,1,1.0,1,0.1405964155255455,55
1365,2,2087,1079,1008,0,0,0,1.0,1,1.0,1,1.0,1,0.13789737377836436,56
1366,0,2087,1079,1008,0,0,0,1.0,1,1.0,1,1.0,1,0.14850835320388725,57
1367,0,2087,1079,1008,0,0,0,1.0,1,1.0,1,1.0,1,0.14850835320388725,57
1368,1,2088,1079,1009,0,0,0,1.0,1,1.0,1,1.0,1,0.15003020066067208,58
1369,4,2092,1082,1010,0,0,0,1.0,1,1.0,1,1.0,1,0.1547914194309933,59
1370,3,2095,1084,1011,0,0,0,1.0,1,1.0,1,1.0,1,0.1573169321586109,60
1371,0,2095,1084,1011,0,0,0,1.0,1,1.0,1,1.0,1,0.1624677435008539,59
1372,1,2096,1085,1011,0,0,0,1.0,1,1.0,1,1.0,1,0.17917433963606313,59
1373,1,2097,1086,1011,0,0,0,1.0,1,1.0,1,1.0,1,0.1859604037192563,59
1374,1,2098,1087,1011,0,0,0,1.0,1,1.0,1,1.0,1,0.19855364150860472,59
1375,1,2099,1087,1012,0,0,0,1.0,1,1.0,1,1.0,1,0.19349200074489362,62
1376,3,2102,1088,1014,0,0,0,1.0,1,1.0,1,1.0,1,0.19435494210671334,61
1377,0,2102,1088,1014,0,0,0,1.0,1,1.0,1,1.0,1,0.1835737512762792,63
1378,2,2104,1090,1014,0,0,0,1.0,1,1.0,1,1.0,1,0.23784613930718052,62
1379,6,2110,1093,1017,0,0,0,1.0,1,1.0,1,1.0,1,0.2892850571160179,61
1380,2,2112,1094,1018,0,0,0,1.0,1,1.0,1,1.0,1,0.2618156037542746,60
1381,8,2120,1095,1025,0,0,0,1.0,1,1.0,1,1.0,1,0.2292851709878209,58
1382,2,2122,1096,1026,0,0,0,1.0,1,1.0,1,1.0,1,0.20000355219888824,56
1383,0,2122,1096,1026,0,0,0,1.0,1,1.0,1,1.0,1,0.18951917091871534,57
1384,0,2122,1096,1026,0,0,0,1.0,1,1.0,1,1.0,1,0.18074563370292632,55
1385,1,2123,1097,1026,0,0,0,1.0,1,1.0,1,1.0,1,0.1705882385719115,55
1386,1,2124,1098,1026,0,0,0,1.0,1,1.0,1,1.0,1,0.18571369068721283,54
1387,0,2124,1098,1026,0,0,0,1.0,1,1.0,1,1.0,1,0.20295217576711866,53
1388,2,2126,1100,1026,0,0,0,1.0,1,1.0,1,1.0,1,0.24862476019363028,52
1389,0,2126,1100,1026,0,0,0,1.0,1,1.0,1,1.0,1,0.2722093903568334,52
1390,1,2127,1100,1027,0,0,0,1.0,1,1.0,1,1.0,1,0.2710910477572572,51
1391,0,2127,1100,1027,0,0,0,1.0,1,1.0,1,1.0,1,0.2802043872729341,52
1392,0,2127,1100,1027,0,0,0,1.0,1,1.0,1,1.0,1,0.27218455757479165,51
1393,1,2128,1101,1027,0,0,0,1.0,1,1.0,1,1.0,1,0.29361388446333114,51
1394,1,2129,1101,1028,0,0,0,1.0,1,1.0,1,1.0,1,0.29634197407715257,52
1395,0,2129,1101,1028,0,0,0,1.0,1,1.0,1,1.0,1,0.29634197407715257,52
1396,0,2129,1101,1028,0,0,0,1.0,1,1.0,1,1.0,1,0.27816001725544864,53
1397,2,2131,1101,1030,0,0,0,1.0,1,1.0,1,1.0,1,0.247029391742572,56
1398,2,2133,1102,1031,0,0,0,1.0,1,1.0,1,1.0,1,0.24807011446762542,56
1399,2,2135,1103,1032,0,0,0,1.0,1,1.0,1,1.0,1,0.24490540259723442,57
1400,2,2137,1104,1033,0,0,0,1.0,1,1.0,1,1.0,1,0.2522767860088988,57
1401,7,2144,1104,1040,0,0,0,1.0,1,1.0,1,1.0,1,0.15142792093307286,57
1402,3,2147,1107,1040,0,0,0,1.0,1,1.0,1,1.0,1,0.2045722752211989,57
1403,3,2150,1107,1043,0,0,0,1.0,1,1.0,1,1.0,1,0.19362229773689513,56
1404,1,2151,1108,1043,0,0,0,1.0,1,1.0,1,1.0,1,0.20102688047684975,58
1405,4,2155,1109,1046,0,0,0,1.0,1,1.0,1,1.0,1,0.22840334880869287,58
1406,0,2155,1109,1046,0,0,0,1.0,1,1.0,1,1.0,1,0.22840334880869287,58
1407,0,2155,1109,1046,0,0,0,1.0,1,1.0,1,1.0,1,0.24949064935887325,57
1408,1,2156,1109,1047,0,0,0,1.0,1,1.0,1,1.0,1,0.251089999909899,58
1409,0,2156,1109,1047,0,0,0,1.0,1,1.0,1,1.0,1,0.24609062350554825,57
1410,0,2156,1109,1047,0,0,0,1.0,1,1.0,1,1.0,1,0.24609062350554825,57
1411,0,2156,1109,1047,0,0,0,1.0,1,1.0,1,1.0,1,0.26261568987533984,56
1412,0,2156,1109,1047,0,0,0,1.0,1,1.0,1,1.0,1,0.2627829088432048,55
1413,1,2157,1109,1048,0,0,0,1.0,1,1.0,1,1.0,1,0.25633665291771796,57
1414,0,2157,1109,1048,0,0,0,1.0,1,1.0,1,1.0,1,0.25633665291771796,57
1415,2,2159,1110,1049,0,0,0,1.0,1,1.0,1,1.0,1,0.2589558470488366,60
1416,1,2160,1110,1050,0,0,0,1.0,1,1.0,1,1.0,1,0.2540806759766891,61
1417,1,2161,1110,1051,0,0,0,1.0,1,1.0,1,1.0,1,0.22882653701628486,59
1418,0,2161,1110,1051,0,0,0,1.0,1,1.0,1,1.0,1,0.23033605847173194,60
1419,1,2162,1111,1051,0,0,0,1.0,1,1.0,1,1.0,1,0.2425723130276131,59
1420,1,2163,1112,1051,0,0,0,1.0,1,1.0,1,1.0,1,0.2205612148408904,58
1421,3,2166,1113,1053,0,0,0,1.0,1,1.0,1,1.0,1,0.18182254843316722,57
1422,1,2167,1113,1054,0,0,0,1.0,1,1.0,1,1.0,1,0.173728620830378,57
1423,0,2167,1113,1054,0,0,0,1.0,1,1.0,1,1.0,1,0.1639613193173343,56
1424,0,2167,1113,1054,0,0,0,1.0,1,1.0,1,1.0,1,0.17096745893467985,57
1425,1,2168,1113,1055,0,0,0,1.0,1,1.0,1,1.0,1,0.16696817520027454,54
1426,1,2169,1113,1056,0,0,0,1.0,1,1.0,1,1.0,1,0.17586029353689542,54
1427,1,2170,1114,1056,0,0,0,1.0,1,1.0,1,1.0,1,0.23315781442985323,53
1428,2,2172,1116,1056,0,0,0,1.0,1,1.0,1,1.0,1,0.21895225021862455,52
1429,0,2172,1116,1056,0,0,0,1.0,1,1.0,1,1.0,1,0.21895225021862455,52
1430,4,2176,1119,1057,0,0,0,1.0,1,1.0,1,1.0,1,0.22748361000288245,51
1431,1,2177,1119,1058,0,0,0,1.0,1,1.0,1,1.0,1,0.21791183753654841,51
1432,3,2180,1121,1059,0,0,0,1.0,1,1.0,1,1.0,1,0.20532795078992047,52
1433,0,2180,1121,1059,0,0,0,1.0,1,1.0,1,1.0,1,0.20532795078992047,52
1434,3,2183,1124,1059,0,0,0,1.0,1,1.0,1,1.0,1,0.20198395129357538,52
1435,1,2184,1125,1059,0,0,0,1.0,1,1.0,1,1.0,1,0.22801526689209142,50
1436,1,2185,1126,1059,0,0,0,1.0,1,1.0,1,1.0,1,0.25198096335756237,50
1437,2,2187,1127,1060,0,0,0,1.0,1,1.0,1,1.0,1,0.2657255730229634,49
1438,1,2188,1128,1060,0,0,0,1.0,1,1.0,1,1.0,1,0.2741687551826948,49
1439,1,2189,1129,1060,0,0,0,1.0,1,1.0,1,1.0,1,0.3026992384108847,50
1440,2,2191,1131,1060,0,0,0,1.0,1,1.0,1,1.0,1,0.3308759578260316,50
1441,4,2195,1132,1063,0,0,0,1.0,1,1.0,1,1.0,1,0.28597038599553576,51
1442,0,2195,1132,1063,0,0,0,1.0,1,1.0,1,1.0,1,0.2980799350145125,50
1443,1,2196,1132,1064,0,0,0,1.0,1,1.0,1,1.0,1,0.2815140475592869,51
1444,3,2199,1132,1067,0,0,0,1.0,1,1.0,1,1.0,1,0.23965598675455685,51
1445,3,2202,1133,1069,0,0,0,1.0,1,1.0,1,1.0,1,0.2595411536528792,51
1446,4,2206,1135,1071,0,0,0,1.0,1,1.0,1,1.0,1,0.21685079082736564,51
1447,2,2208,1135,1073,0,0,0,1.0,1,1.0,1,1.0,1,0.1916025335227619,51
1448,1,2209,1136,1073,0,0,0,1.0,1,1.0,1,1.0,1,0.17873306644735984,51
1449,0,2209,1136,1073,0,0,0,1.0,1,1.0,1,1.0,1,0.17873306644735984,51
1450,0,2209,1136,1073,0,0,0,1.0,1,1.0,1,1.0,1,0.16719681178720117,52
1451,2,2211,1137,1074,0,0,0,1.0,1,1.0,1,1.0,1,0.16197991013402546,54
1452,1,2212,1137,1075,0,0,0,1.0,1,1.0,1,1.0,1,0.1741143638900867,56
1453,3,2215,1139,1076,0,0,0,1.0,1,1.0,1,1.0,1,0.19652980513811574,56
1454,1,2216,1139,1077,0,0,0,1.0,1,1.0,1,1.0,1,0.20885941354664445,58
1455,2,2218,1141,1077,0,0,0,1.0,1,1.0,1,1.0,1,0.24625221125739452,55
1456,3,2221,1141,1080,0,0,0,1.0,1,1.0,1,1.0,1,0.2471014072018966,56
1457,2,2223,1142,1081,0,0,0,1.0,1,1.0,1,1.0,1,0.27483138772565624,54
1458,1,2224,1143,1081,0,0,0,1.0,1,1.0,1,1.0,1,0.2791400851197409,52
1459,0,2224,1143,1081,0,0,0,1.0,1,1.0,1,1.0,1,0.2840465264753129,52
1460,1,2225,1144,1081,0,0,0,1.0,1,1.0,1,1.0,1,0.25624770297719734,50
1461,7,2232,1146,1086,0,0,0,1.0,1,1.0,1,1.0,1,0.21622048302933897,53
1462,4,2236,1147,1089,0,0,0,1.0,1,1.0,1,1.0,1,0.2048537986355766,51
1463,1,2237,1147,1090,0,0,0,1.0,1,1.0,1,1.0,1,0.2059602742198208,51
1464,0,2237,1147,1090,0,0,0,1.0,1,1.0,1,1.0,1,0.2059602742198208,51
1465,0,2237,1147,1090,0,0,0,1.0,1,1.0,1,1.0,1,0.22283123376480118,49
1466,1,2238,1148,1090,0,0,0,1.0,1,1.0,1,1.0,1,0.24107491635736744,49
1467,1,2239,1149,1090,0,0,0,1.0,1,1.0,1,1.0,1,0.29621439487291473,47
1468,2,2241,1150,1091,0,0,0,1.0,1,1.0,1,1.0,1,0.2809598446750079,48
1469,2,2243,1151,1092,0,0,0,1.0,1,1.0,1,1.0,1,0.3107287378547836,47
1470,1,2244,1151,1093,0,0,0,1.0,1,1.0,1,1.0,1,0.2806053599769616,49
1471,1,2245,1151,1094,0,0,0,1.0,1,1.0,1,1.0,1,0.28896610181988286,48
1472,0,2245,1151,1094,0,0,0,1.0,1,1.0,1,1.0,1,0.27951236179433325,48
1473,0,2245,1151,1094,0,0,0,1.0,1,1.0,1,1.0,1,0.2869923989762535,49
1474,1,2246,1151,1095,0,0,0,1.0,1,1.0,1,1.0,1,0.2639913287264062,49
1475,0,2246,1151,1095,0,0,0,1.0,1,1.0,1,1.0,1,0.2639913287264062,49
1476,1,2247,1151,1096,0,0,0,1.0,1,1.0,1,1.0,1,0.24101632771407808,51
1477,0,2247,1151,1096,0,0,0,1.0,1,1.0,1,1.0,1,0.24101632771407808,51
1478,1,2248,1151,1097,0,0,0,1.0,1,1.0,1,1.0,1,0.21474397885577756,52
1479,0,2248,1151,1097,0,0,0,1.0,1,1.0,1,1.0,1,0.2250604442140773,53
1480,1,2249,1152,1097,0,0,0,1.0,1,1.0,1,1.0,1,0.24106767326816322,53
1481,5,2254,1152,1102,0,0,0,1.0,1,1.0,1,1.0,1,0.19579086194861942,53
1482,4,2258,1153,1105,0,0,0,1.0,1,1.0,1,1.0,1,0.20665716446817076,52
1483,0,2258,1153,1105,0,0,0,1.0,1,1.0,1,1.0,1,0.20665716446817076,52
1484,1,2259,1153,1106,0,0,0,1.0,1,1.0,1,1.0,1,0.22539446878187813,53
1485,1,2260,1153,1107,0,0,0,1.0,1,1.0,1,1.0,1,0.2165376440599179,53
1486,2,2262,1153,1109,0,0,0,1.0,1,1.0,1,1.0,1,0.22087739938380616,54
1487,0,2262,1153,1109,0,0,0,1.0,1,1.0,1,1.0,1,0.22800414752521597,55
1488,1,2263,1153,1110,0,0,0,1.0,1,1.0,1,1.0,1,0.226806290978914,57
1489,3,2266,1155,1111,0,0,0,1.0,1,1.0,1,1.0,1,0.19281294971465585,58
1490,0,2266,1155,1111,0,0,0,1.0,1,1.0,1,1.0,1,0.19281294971465585,58
1491,1,2267,1156,1111,0,0,0,1.0,1,1.0,1,1.0,1,0.21597917320811696,59
1492,0,2267,1156,1111,0,0,0,1.0,1,1.0,1,1.0,1,0.21597917320811696,59
1493,1,2268,1157,1111,0,0,0,1.0,1,1.0,1,1.0,1,0.21879238658962152,58
1494,2,2270,1158,1112,0,0,0,1.0,1,1.0,1,1.0,1,0.2395763344407367,58
1495,1,2271,1159,1112,0,0,0,1.0,1,1.0,1,1.0,1,0.25663606483162643,57
1496,0,2271,1159,1112,0,0,0,1.0,1,1.0,1,1.0,1,0.24278777127455717,59
1497,1,2272,1160,1112,0,0,0,1.0,1,1.0,1,1.0,1,0.26016959524744493,58
1498,2,2274,1162,1112,0,0,0,1.0,1,1.0,1,1.0,1,0.2735108580229225,58
1499,1,2275,1162,1113,0,0,0,1.0,1,1.0,1,1.0,1,0.24685540314132515,56
1500,2,2277,1163,1114,0,0,0,1.0,1,1.0,1,1.0,1,0.22672352656162123,57
1501,3,2280,1164,1116,0,0,0,1.0,1,1.0,1,1.0,1,0.18459525914908917,55
1502,0,2280,1164,1116,0,0,0,1.0,1,1.0,1,1.0,1,0.18555493769024056,55
1503,1,2281,1165,1116,0,0,0,1.0,1,1.0,1,1.0,1,0.20916331835301824,54
1504,1,2282,1165,1117,0,0,0,1.0,1,1.0,1,1.0,1,0.16929569775815387,55
1505,3,2285,1167,1118,0,0,0,1.0,1,1.0,1,1.0,1,0.15783537636505202,53
1506,0,2285,1167,1118,0,0,0,1.0,1,1.0,1,1.0,1,0.16721047897921198,55
1507,1,2286,1168,1118,0,0,0,1.0,1,1.0,1,1.0,1,0.18168228018647725,53
1508,2,2288,1169,1119,0,0,0,1.0,1,1.0,1,1.0,1,0.15964656705103022,53
1509,0,2288,1169,1119,0,0,0,1.0,1,1.0,1,1.0,1,0.1969312317141747,52
1510,2,2290,1170,1120,0,0,0,1.0,1,1.0,1,1.0,1,0.19528816898145915,50
1511,0,2290,1170,1120,0,0,0,1.0,1,1.0,1,1.0,1,0.20513461774468306,49
1512,2,2292,1172,1120,0,0,0,1.0,1,1.0,1,1.0,1,0.26285989587945924,48
1513,2,2294,1172,1122,0,0,0,1.0,1,1.0,1,1.0,1,0.28207321017475717,47
1514,0,2294,1172,1122,0,0,0,1.0,1,1.0,1,1.0,1,0.26707845942713637,48
1515,0,2294,1172,1122,0,0,0,1.0,1,1.0,1,1.0,1,0.26707845942713637,48
1516,0,2294,1172,1122,0,0,0,1.0,1,1.0,1,1.0,1,0.2755403841619037,47
1517,0,2294,1172,1122,0,0,0,1.0,1,1.0,1,1.0,1,0.2872663848286197,48
1518,1,2295,1172,1123,0,0,0,1.0,1,1.0,1,1.0,1,0.27485215434821153,48
1519,0,2295,1172,1123,0,0,0,1.0,1,1.0,1,1.0,1,0.28286361584718134,47
1520,0,2295,1172,1123,0,0,0,1.0,1,1.0,1,1.0,1,0.29003381397350186,48
1521,7,2302,1173,1129,0,0,0,1.0,1,1.0,1,1.0,1,0.20537735548732083,49
1522,1,2303,1173,1130,0,0,0,1.0,1,1.0,1,1.0,1,0.19156287093750549,48
1523,0,2303,1173,1130,0,0,0,1.0,1,1.0,1,1.0,1,0.20290181015137299,49
1524,1,2304,1174,1130,0,0,0,1.0,1,1.0,1,1.0,1,0.22193525835820954,49
1525,2,2306,1175,1131,0,0,0,1.0,1,1.0,1,1.0,1,0.2241708524047585,51
1526,1,2307,1175,1132,0,0,0,1.0,1,1.0,1,1.0,1,0.19261461478966638,52
1527,4,2311,1176,1135,0,0,0,1.0,1,1.0,1,1.0,1,0.1745900400366923,54
1528,4,2315,1177,1138,0,0,0,1.0,1,1.0,1,1.0,1,0.15452119249038324,54
1529,4,2319,1177,1142,0,0,0,1.0,1,1.0,1,1.0,1,0.15452119249038324,54
1530,6,2325,1178,1147,0,0,0,1.0,1,1.0,1,1.0,1,0.16897428477988002,54
1531,4,2329,1178,1151,0,0,0,1.0,1,1.0,1,1.0,1,0.1385640348379828,54
1532,5,2334,1179,1155,0,0,0,1.0,1,1.0,1,1.0,1,0.11417152199576452,54
1533,3,2337,1179,1158,0,0,0,1.0,1,1.0,1,1.0,1,0.11485279792965161,54
1534,3,2340,1179,1161,0,0,0,1.0,1,1.0,1,1.0,1,0.10133506957135895,54
1535,3,2343,1180,1163,0,0,0,1.0,1,1.0,1,1.0,1,0.10578454639856015,54
1536,2,2345,1180,1165,0,0,0,1.0,1,1.0,1,1.0,1,0.11528134516346064,55
1537,2,2347,1180,1167,0,0,0,1.0,1,1.0,1,1.0,1,0.12477856756544103,53
1538,1,2348,1180,1168,0,0,0,1.0,1,1.0,1,1.0,1,0.12681966494832717,54
1539,0,2348,1180,1168,0,0,0,1.0,1,1.0,1,1.0,1,0.14849786317294517,54
1540,0,2348,1180,1168,0,0,0,1.0,1,1.0,1,1.0,1,0.14849786317294517,54
1541,4,2352,1180,1172,0,0,0,1.0,1,1.0,1,1.0,1,0.10450078415124174,54
1542,3,2355,1181,1174,0,0,0,1.0,1,1.0,1,1.0,1,0.09831826707198266,57
1543,2,2357,1182,1175,0,0,0,1.0,1,1.0,1,1.0,1,0.13328955904675557,55
1544,6,2363,1185,1178,0,0,0,1.0,1,1.0,1,1.0,1,0.11354077836343937,54
1545,1,2364,1185,1179,0,0,0,1.0,1,1.0,1,1.0,1,0.12289329597241387,54
1546,2,2366,1187,1179,0,0,0,1.0,1,1.0,1,1.0,1,0.11933214565854482,53
1547,1,2367,1188,1179,0,0,0,1.0,1,1.0,1,1.0,1,0.13928150446111068,53
1548,3,2370,1191,1179,0,0,0,1.0,1,1.0,1,1.0,1,0.1566826290052849,54
1549,4,2374,1194,1180,0,0,0,1.0,1,1.0,1,1.0,1,0.1453086416930495,52
1550,3,2377,1197,1180,0,0,0,1.0,1,1.0,1,1.0,1,0.17206890098904204,52
1551,4,2381,1200,1181,0,0,0,1.0,1,1.0,1,1.0,1,0.15778238400459907,52
1552,7,2388,1203,1185,0,0,0,1.0,1,1.0,1,1.0,1,0.12078817477316971,51
1553,2,2390,1204,1186,0,0,0,1.0,1,1.0,1,1.0,1,0.1752186870051695,51
1554,4,2394,1207,1187,0,0,0,1.0,1,1.0,1,1.0,1,0.16421541016139402,51
1555,2,2396,1209,1187,0,0,0,1.0,1,1.0,1,1.0,1,0.15588113746310242,50
1556,2,2398,1210,1188,0,0,0,1.0,1,1.0,1,1.0,1,0.15492116520769494,51
1557,3,2401,1213,1188,0,0,0,1.0,1,1.0,1,1.0,1,0.19179466879364943,51
1558,1,2402,1213,1189,0,0,0,1.0,1,1.0,1,1.0,1,0.19782789426051484,52
1559,2,2404,1214,1190,0,0,0,1.0,1,1.0,1,1.0,1,0.18680249395666004,53
1560,3,2407,1215,1192,0,0,0,1.0,1,1.0,1,1.0,1,0.22682739261996496,51
1561,6,2413,1215,1198,0,0,0,1.0,1,1.0,1,1.0,1,0.15543152321634246,51
1562,2,2415,1215,1200,0,0,0,1.0,1,1.0,1,1.0,1,0.13222905053702325,52
1563,0,2415,1215,1200,0,0,0,1.0,1,1.0,1,1.0,1,0.13222905053702325,52
1564,0,2415,1215,1200,0,0,0,1.0,1,1.0,1,1.0,1,0.12918521604285907,51
1565,0,2415,1215,1200,0,0,0,1.0,1,1.0,1,1.0,1,0.13816700013261385,53
1566,0,2415,1215,1200,0,0,0,1.0,1,1.0,1,1.0,1,0.14648361399025825,53
1567,2,2417,1216,1201,0,0,0,1.0,1,1.0,1,1.0,1,0.12314719139511382,52
1568,1,2418,1217,1201,0,0,0,1.0,1,1.0,1,1.0,1,0.1413677329493213,52
1569,1,2419,1218,1201,0,0,0,1.0,1,1.0,1,1.0,1,0.171691000014046,49
1570,1,2420,1219,1201,0,0,0,1.0,1,1.0,1,1.0,1,0.18987709454582033,48
1571,2,2422,1221,1201,0,0,0,1.0,1,1.0,1,1.0,1,0.21561319515486624,46
1572,3,2425,1223,1202,0,0,0,1.0,1,1.0,1,1.0,1,0.16048264324984196,47
1573,1,2426,1224,1202,0,0,0,1.0,1,1.0,1,1.0,1,0.17753665459275553,48
1574,3,2429,1227,1202,0,0,0,1.0,1,1.0,1,1.0,1,0.1608759460863116,46
1575,1,2430,1228,1202,0,0,0,1.0,1,1.0,1,1.0,1,0.18590464406416674,47
1576,3,2433,1231,1202,0,0,0,1.0,1,1.0,1,1.0,1,0.15404869896806136,46
1577,1,2434,1231,1203,0,0,0,1.0,1,1.0,1,1.0,1,0.1251971774313188,45
1578,1,2435,1232,1203,0,0,0,1.0,1,1.0,1,1.0,1,0.11914165734554504,44
1579,0,2435,1232,1203,0,0,0,1.0,1,1.0,1,1.0,1,0.11795698577969127,43
1580,0,2435,1232,1203,0,0,0,1.0,1,1.0,1,1.0,1,0.11795698577969127,43
1581,4,2439,1232,1207,0,0,0,1.0,1,1.0,1,1.0,1,0.04301087118548109,42
1582,1,2440,1232,1208,0,0,0,1.0,1,1.0,1,1.0,1,0.034051179024566405,42
1583,1,2441,1233,1208,0,0,0,1.0,1,1.0,1,1.0,1,0.055408023574652424,43
1584,1,2442,1233,1209,0,0,0,1.0,1,1.0,1,1.0,1,0.06438409221517077,41
1585,5,2447,1237,1210,0,0,0,1.0,1,1.0,1,1.0,1,0.059566669457496446,43
1586,1,2448,1238,1210,0,0,0,1.0,1,1.0,1,1.0,1,0.09506074516588812,42
1587,1,2449,1239,1210,0,0,0,1.0,1,1.0,1,1.0,1,0.16082011525242815,42
1588,2,2451,1241,1210,0,0,0,1.0,1,1.0,1,1.0,1,0.18719433152743065,42
1589,1,2452,1242,1210,0,0,0,1.0,1,1.0,1,1.0,1,0.16611820765787438,42
1590,0,2452,1242,1210,0,0,0,1.0,1,1.0,1,1.0,1,0.23486731595792537,41
1591,1,2453,1243,1210,0,0,0,1.0,1,1.0,1,1.0,1,0.23935234743970707,40
1592,1,2454,1243,1211,0,0,0,1.0,1,1.0,1,1.0,1,0.23816156992087764,39
1593,1,2455,1244,1211,0,0,0,1.0,1,1.0,1,1.0,1,0.23143978163320786,39
1594,0,2455,1244,1211,0,0,0,1.0,1,1.0,1,1.0,1,0.22364653006760754,39
1595,0,2455,1244,1211,0,0,0,1.0,1,1.0,1,1.0,1,0.2207410857622384,42
1596,0,2455,1244,1211,0,0,0,1.0,1,1.0,1,1.0,1,0.25349374527473145,41
1597,0,2455,1244,1211,0,0,0,1.0,1,1.0,1,1.0,1,0.25349374527473145,41
1598,0,2455,1244,1211,0,0,0,1.0,1,1.0,1,1.0,1,0.30186294406788056,39
1599,2,2457,1246,1211,0,0,0,1.0,1,1.0,1,1.0,1,0.3177328328186086,39
1600,2,2459,1248,1211,0,0,0,1.0,1,1.0,1,1.0,1,0.29941431554585124,40
1601,8,2467,1250,1217,0,0,0,1.0,1,1.0,1,1.0,1,0.2449003483841277,41
1602,2,2469,1250,1219,0,0,0,1.0,1,1.0,1,1.0,1,0.16692298673580686,41
1603,2,2471,1252,1219,0,0,0,1.0,1,1.0,1,1.0,1,0.18195499580581262,43
1604,1,2472,1253,1219,0,0,0,1.0,1,1.0,1,1.0,1,0.19524495056954091,43
1605,1,2473,1254,1219,0,0,0,1.0,1,1.0,1,1.0,1,0.22118599728710572,44
1606,2,2475,1256,1219,0,0,0,1.0,1,1.0,1,1.0,1,0.2225327631824691,44
1607,1,2476,1257,1219,0,0,0,1.0,1,1.0,1,1.0,1,0.21354996663338682,42
1608,1,2477,1258,1219,0,0,0,1.0,1,1.0,1,1.0,1,0.21336727464639818,41
1609,1,2478,1258,1220,0,0,0,1.0,1,1.0,1,1.0,1,0.15461070609705768,39
1610,1,2479,1258,1221,0,0,0,1.0,1,1.0,1,1.0,1,0.0934023506382486,39
1611,0,2479,1258,1221,0,0,0,1.0,1,1.0,1,1.0,1,0.09650327779410686,40
1612,0,2479,1258,1221,0,0,0,1.0,1,1.0,1,1.0,1,0.0848926888782476,39
1613,0,2479,1258,1221,0,0,0,1.0,1,1.0,1,1.0,1,0.08072452973941406,41
1614,2,2481,1260,1221,0,0,0,1.0,1,1.0,1,1.0,1,0.10106003524415366,41
1615,2,2483,1261,1222,0,0,0,1.0,1,1.0,1,1.0,1,0.07781307686452259,41
1616,1,2484,1262,1222,0,0,0,1.0,1,1.0,1,1.0,1,0.09597210903684777,43
1617,1,2485,1263,1222,0,0,0,1.0,1,1.0,1,1.0,1,0.11939358441983536,44
1618,1,2486,1263,1223,0,0,0,1.0,1,1.0,1,1.0,1,0.11046223793316151,44
1619,2,2488,1265,1223,0,0,0,1.0,1,1.0,1,1.0,1,0.1515074462164152,44
1620,1,2489,1266,1223,0,0,0,1.0,1,1.0,1,1.0,1,0.1489877231839626,45
1621,3,2492,1266,1226,0,0,0,1.0,1,1.0,1,1.0,1,0.10849966805523331,44
1622,3,2495,1269,1226,0,0,0,1.0,1,1.0,1,1.0,1,0.12882309069382675,44
1623,1,2496,1269,1227,0,0,0,1.0,1,1.0,1,1.0,1,0.126136347772218,43
1624,1,2497,1270,1227,0,0,0,1.0,1,1.0,1,1.0,1,0.11434237158107158,43
1625,2,2499,1272,1227,0,0,0,1.0,1,1.0,1,1.0,1,0.1340033320634465,43
1626,1,2500,1272,1228,0,0,0,1.0,1,1.0,1,1.0,1,0.12637844305129994,42
1627,1,2501,1273,1228,0,0,0,1.0,1,1.0,1,1.0,1,0.1388727080091028,42
1628,1,2502,1273,1229,0,0,0,1.0,1,1.0,1,1.0,1,0.13291612419995624,42
1629,0,2502,1273,1229,0,0,0,1.0,1,1.0,1,1.0,1,0.15487078206807808,41
1630,1,2503,1274,1229,0,0,0,1.0,1,1.0,1,1.0,1,0.1353883787603662,41
1631,1,2504,1274,1230,0,0,0,1.0,1,1.0,1,1.0,1,0.1726711672885698,40
1632,1,2505,1275,1230,0,0,0,1.0,1,1.0,1,1.0,1,0.17788486458891034,39
1633,1,2506,1276,1230,0,0,0,1.0,1,1.0,1,1.0,1,0.16799059804944824,39
1634,0,2506,1276,1230,0,0,0,1.0,1,1.0,1,1.0,1,0.16799059804944824,39
1635,0,2506,1276,1230,0,0,0,1.0,1,1.0,1,1.0,1,0.18814110400010564,40
1636,1,2507,1277,1230,0,0,0,1.0,1,1.0,1,1.0,1,0.18666677151897462,41
1637,1,2508,1277,1231,0,0,0,1.0,1,1.0,1,1.0,1,0.19000666343363168,41
1638,4,2512,1280,1232,0,0,0,1.0,1,1.0,1,1.0,1,0.15497312254038365,42
1639,0,2512,1280,1232,0,0,0,1.0,1,1.0,1,1.0,1,0.15725609682849245,43
1640,1,2513,1281,1232,0,0,0,1.0,1,1.0,1,1.0,1,0.14872950903513268,43
1641,3,2516,1282,1234,0,0,0,1.0,1,1.0,1,1.0,1,0.10865127985789613,44
1642,7,2523,1286,1237,0,0,0,1.0,1,1.0,1,1.0,1,0.1256567677346088,45
1643,3,2526,1288,1238,0,0,0,1.0,1,1.0,1,1.0,1,0.13386090986403507,44
1644,2,2528,1289,1239,0,0,0,1.0,1,1.0,1,1.0,1,0.11442218813046348,45
1645,0,2528,1289,1239,0,0,0,1.0,1,1.0,1,1.0,1,0.10677633795733625,44
1646,1,2529,1289,1240,0,0,0,1.0,1,1.0,1,1.0,1,0.07793676313410824,43
1647,3,2532,1290,1242,0,0,0,1.0,1,1.0,1,1.0,1,0.11636189941584693,43
1648,1,2533,1290,1243,0,0,0,1.0,1,1.0,1,1.0,1,0.14103921172641734,42
1649,2,2535,1290,1245,0,0,0,1.0,1,1.0,1,1.0,1,0.1672902692390702,41
1650,1,2536,1290,1246,0,0,0,1.0,1,1.0,1,1.0,1,0.15829515293026294,41
1651,2,2538,1290,1248,0,0,0,1.0,1,1.0,1,1.0,1,0.1600312879646292,40
1652,0,2538,1290,1248,0,0,0,1.0,1,1.0,1,1.0,1,0.15223337433108258,39
1653,2,2540,1290,1250,0,0,0,1.0,1,1.0,1,1.0,1,0.16421475207700942,39
1654,0,2540,1290,1250,0,0,0,1.0,1,1.0,1,1.0,1,0.16421475207700942,39
1655,4,2544,1292,1252,0,0,0,1.0,1,1.0,1,1.0,1,0.14643726585853514,40
1656,1,2545,1293,1252,0,0,0,1.0,1,1.0,1,1.0,1,0.19252804576334837,40
1657,2,2547,1295,1252,0,0,0,1.0,1,1.0,1,1.0,1,0.13529774239787698,40
1658,1,2548,1296,1252,0,0,0,1.0,1,1.0,1,1.0,1,0.11060459168173342,40
1659,3,2551,1299,1252,0,0,0,1.0,1,1.0,1,1.0,1,0.1262454510880227,40
1660,2,2553,1301,1252,0,0,0,1.0,1,1.0,1,1.0,1,0.10677742680812825,41
1661,4,2557,1303,1254,0,0,0,1.0,1,1.0,1,1.0,1,0.06123515306636334,42
1662,1,2558,1304,1254,0,0,0,1.0,1,1.0,1,1.0,1,0.03774858348999257,44
1663,0,2558,1304,1254,0,0,0,1.0,1,1.0,1,1.0,1,0.052962293699884325,43
1664,1,2559,1305,1254,0,0,0,1.0,1,1.0,1,1.0,1,0.05116360593569164,42
1665,2,2561,1306,1255,0,0,0,1.0,1,1.0,1,1.0,1,0.04416013882937942,42
1666,2,2563,1308,1255,0,0,0,1.0,1,1.0,1,1.0,1,0.05498350811883884,43
1667,3,2566,1311,1255,0,0,0,1.0,1,1.0,1,1.0,1,0.06590366927419991,40
1668,0,2566,1311,1255,0,0,0,1.0,1,1.0,1,1.0,1,0.07405894072139843,40
1669,3,2569,1314,1255,0,0,0,1.0,1,1.0,1,1.0,1,0.10449471208761633,40
1670,1,2570,1315,1255,0,0,0,1.0,1,1.0,1,1.0,1,0.1166851086752681,39
1671,1,2571,1316,1255,0,0,0,1.0,1,1.0,1,1.0,1,0.13228647384394854,39
1672,3,2574,1318,1256,0,0,0,1.0,1,1.0,1,1.0,1,0.1594908234578741,38
1673,2,2576,1320,1256,0,0,0,1.0,1,1.0,1,1.0,1,0.1877964048739457,38
1674,1,2577,1321,1256,0,0,0,1.0,1,1.0,1,1.0,1,0.1879597484566008,38
1675,0,2577,1321,1256,0,0,0,1.0,1,1.0,1,1.0,1,0.1661263880495502,39
1676,0,2577,1321,1256,0,0,0,1.0,1,1.0,1,1.0,1,0.18635673285306217,39
1677,0,2577,1321,1256,0,0,0,1.0,1,1.0,1,1.0,1,0.16874085215230625,40
1678,1,2578,1321,1257,0,0,0,1.0,1,1.0,1,1.0,1,0.17668975431913125,39
1679,1,2579,1321,1258,0,0,0,1.0,1,1.0,1,1.0,1,0.18564768962176678,39
1680,0,2579,1321,1258,0,0,0,1.0,1,1.0,1,1.0,1,0.1877164823985502,40
1681,1,2580,1322,1258,0,0,0,1.0,1,1.0,1,1.0,1,0.16818391843506408,41
1682,2,2582,1322,1260,0,0,0,1.0,1,1.0,1,1.0,1,0.12038222995420968,40
1683,5,2587,1326,1261,0,0,0,1.0,1,1.0,1,1.0,1,0.13442373249707407,43
1684,3,2590,1327,1263,0,0,0,1.0,1,1.0,1,1.0,1,0.13291843986873444,42
1685,3,2593,1329,1264,0,0,0,1.0,1,1.0,1,1.0,1,0.10634361237878873,41
1686,0,2593,1329,1264,0,0,0,1.0,1,1.0,1,1.0,1,0.08543520501505818,39
1687,5,2598,1333,1265,0,0,0,1.0,1,1.0,1,1.0,1,0.1376788754804438,41
1688,2,2600,1333,1267,0,0,0,1.0,1,1.0,1,1.0,1,0.10241741300472246,39
1689,3,2603,1336,1267,0,0,0,1.0,1,1.0,1,1.0,1,0.13277212197974408,37
1690,0,2603,1336,1267,0,0,0,1.0,1,1.0,1,1.0,1,0.14401722050478835,36
1691,1,2604,1337,1267,0,0,0,1.0,1,1.0,1,1.0,1,0.15853194916665778,36
1692,0,2604,1337,1267,0,0,0,1.0,1,1.0,1,1.0,1,0.15341452641074774,34
1693,1,2605,1338,1267,0,0,0,1.0,1,1.0,1,1.0,1,0.14554562509581145,33
1694,0,2605,1338,1267,0,0,0,1.0,1,1.0,1,1.0,1,0.1665425998618713,32
1695,0,2605,1338,1267,0,0,0,1.0,1,1.0,1,1.0,1,0.16483293929170914,32
1696,2,2607,1339,1268,0,0,0,1.0,1,1.0,1,1.0,1,0.17693662622065845,34
1697,2,2609,1340,1269,0,0,0,1.0,1,1.0,1,1.0,1,0.17840630310214056,34
1698,5,2614,1343,1271,0,0,0,1.0,1,1.0,1,1.0,1,0.22839374366406673,36
1699,3,2617,1345,1272,0,0,0,1.0,1,1.0,1,1.0,1,0.24205378355857526,36
1700,2,2619,1345,1274,0,0,0,1.0,1,1.0,1,1.0,1,0.2423311711892208,37
1701,4,2623,1345,1278,0,0,0,1.0,1,1.0,1,1.0,1,0.1421538699293567,39
1702,1,2624,1346,1278,0,0,0,1.0,1,1.0,1,1.0,1,0.1452663398246534,39
1703,0,2624,1346,1278,0,0,0,1.0,1,1.0,1,1.0,1,0.13387638538376556,38
1704,0,2624,1346,1278,0,0,0,1.0,1,1.0,1,1.0,1,0.1040615478273211,38
1705,3,2627,1348,1279,0,0,0,1.0,1,1.0,1,1.0,1,0.10748948607587315,37
1706,2,2629,1349,1280,0,0,0,1.0,1,1.0,1,1.0,1,0.08498017342111017,37
1707,1,2630,1350,1280,0,0,0,1.0,1,1.0,1,1.0,1,0.11970952740117648,36
1708,0,2630,1350,1280,0,0,0,1.0,1,1.0,1,1.0,1,0.15950169776037243,34
1709,1,2631,1351,1280,0,0,0,1.0,1,1.0,1,1.0,1,0.18243614231604974,34
1710,4,2635,1354,1281,0,0,0,1.0,1,1.0,1,1.0,1,0.2957780873827616,33
1711,0,2635,1354,1281,0,0,0,1.0,1,1.0,1,1.0,1,0.2849600833360403,32
1712,1,2636,1355,1281,0,0,0,1.0,1,1.0,1,1.0,1,0.3385471809800637,31
1713,0,2636,1355,1281,0,0,0,1.0,1,1.0,1,1.0,1,0.33515913866265007,32
1714,0,2636,1355,1281,0,0,0,1.0,1,1.0,1,1.0,1,0.33515913866265007,32
1715,0,2636,1355,1281,0,0,0,1.0,1,1.0,1,1.0,1,0.33515913866265007,32
1716,2,2638,1356,1282,0,0,0,1.0,1,1.0,1,1.0,1,0.2903758922068021,34
1717,0,2638,1356,1282,0,0,0,1.0,1,1.0,1,1.0,1,0.2903758922068021,34
1718,0,2638,1356,1282,0,0,0,1.0,1,1.0,1,1.0,1,0.3098441670531628,34
1719,1,2639,1357,1282,0,0,0,1.0,1,1.0,1,1.0,1,0.34679182398144554,34
1720,3,2642,1358,1284,0,0,0,1.0,1,1.0,1,1.0,1,0.32614462990372184,34
1721,9,2651,1359,1292,0,0,0,1.0,1,1.0,1,1.0,1,0.2006833986308026,35
1722,0,2651,1359,1292,0,0,0,1.0,1,1.0,1,1.0,1,0.17542787917557567,35
1723,1,2652,1360,1292,0,0,0,1.0,1,1.0,1,1.0,1,0.1497321666360686,34
1724,1,2653,1361,1292,0,0,0,1.0,1,1.0,1,1.0,1,0.0805851447025498,33
1725,0,2653,1361,1292,0,0,0,1.0,1,1.0,1,1.0,1,0.09031201572963965,35
1726,1,2654,1361,1293,0,0,0,1.0,1,1.0,1,1.0,1,0.05503819176998494,34
1727,0,2654,1361,1293,0,0,0,1.0,1,1.0,1,1.0,1,0.05503819176998494,34
1728,1,2655,1362,1293,0,0,0,1.0,1,1.0,1,1.0,1,0.020553421058221593,35
1729,1,2656,1363,1293,0,0,0,1.0,1,1.0,1,1.0,1,0.04484047518885111,35
1730,0,2656,1363,1293,0,0,0,1.0,1,1.0,1,1.0,1,0.04484047518885111,35
1731,1,2657,1364,1293,0,0,0,1.0,1,1.0,1,1.0,1,0.1333726693349212,35
1732,0,2657,1364,1293,0,0,0,1.0,1,1.0,1,1.0,1,0.1333726693349212,35
1733,0,2657,1364,1293,0,0,0,1.0,1,1.0,1,1.0,1,0.14970693308905242,33
1734,1,2658,1365,1293,0,0,0,1.0,1,1.0,1,1.0,1,0.14985415698979915,34
1735,0,2658,1365,1293,0,0,0,1.0,1,1.0,1,1.0,1,0.1797453717673693,33
1736,3,2661,1368,1293,0,0,0,1.0,1,1.0,1,1.0,1,0.17168011653909995,33
1737,0,2661,1368,1293,0,0,0,1.0,1,1.0,1,1.0,1,0.1584973480860855,35
1738,1,2662,1369,1293,0,0,0,1.0,1,1.0,1,1.0,1,0.13835599001591867,36
1739,2,2664,1371,1293,0,0,0,1.0,1,1.0,1,1.0,1,0.13291064978607728,36
1740,2,2666,1372,1294,0,0,0,1.0,1,1.0,1,1.0,1,0.11277898272732016,37
1741,2,2668,1373,1295,0,0,0,1.0,1,1.0,1,1.0,1,0.08395802004578605,36
1742,0,2668,1373,1295,0,0,0,1.0,1,1.0,1,1.0,1,0.08395802004578605,36
1743,3,2671,1375,1296,0,0,0,1.0,1,1.0,1,1.0,1,0.12861003018189218,37
1744,0,2671,1375,1296,0,0,0,1.0,1,1.0,1,1.0,1,0.13184485578137956,37
1745,5,2676,1379,1297,0,0,0,1.0,1,1.0,1,1.0,1,0.25371420478174844,38
1746,2,2678,1379,1299,0,0,0,1.0,1,1.0,1,1.0,1,0.2348500729527408,38
1747,2,2680,1380,1300,0,0,0,1.0,1,1.0,1,1.0,1,0.2505863404137857,37
1748,2,2682,1382,1300,0,0,0,1.0,1,1.0,1,1.0,1,0.23398728468421826,38
1749,1,2683,1382,1301,0,0,0,1.0,1,1.0,1,1.0,1,0.223630989519106,38
1750,1,2684,1382,1302,0,0,0,1.0,1,1.0,1,1.0,1,0.22091178607935527,39
1751,1,2685,1382,1303,0,0,0,1.0,1,1.0,1,1.0,1,0.19073052606830557,41
1752,0,2685,1382,1303,0,0,0,1.0,1,1.0,1,1.0,1,0.19073052606830557,41
1753,0,2685,1382,1303,0,0,0,1.0,1,1.0,1,1.0,1,0.20177798163454977,41
1754,0,2685,1382,1303,0,0,0,1.0,1,1.0,1,1.0,1,0.2025662444842905,40
1755,0,2685,1382,1303,0,0,0,1.0,1,1.0,1,1.0,1,0.2034504399363766,41
1756,1,2686,1382,1304,0,0,0,1.0,1,1.0,1,1.0,1,0.22272083460359293,41
1757,0,2686,1382,1304,0,0,0,1.0,1,1.0,1,1.0,1,0.2331333335473659,40
1758,0,2686,1382,1304,0,0,0,1.0,1,1.0,1,1.0,1,0.22231464335678097,41
1759,1,2687,1383,1304,0,0,0,1.0,1,1.0,1,1.0,1,0.2634655268547347,38
1760,3,2690,1385,1305,0,0,0,1.0,1,1.0,1,1.0,1,0.23252055203900382,38
1761,5,2695,1387,1308,0,0,0,1.0,1,1.0,1,1.0,1,0.2073396535031058,37
1762,2,2697,1388,1309,0,0,0,1.0,1,1.0,1,1.0,1,0.21020783793667264,37
1763,5,2702,1391,1311,0,0,0,1.0,1,1.0,1,1.0,1,0.14645053611234862,37
1764,1,2703,1392,1311,0,0,0,1.0,1,1.0,1,1.0,1,0.18331590987170032,36
1765,4,2707,1395,1312,0,0,0,1.0,1,1.0,1,1.0,1,0.22719882054046597,36
1766,1,2708,1396,1312,0,0,0,1.0,1,1.0,1,1.0,1,0.21935835383446825,37
1767,3,2711,1398,1313,0,0,0,1.0,1,1.0,1,1.0,1,0.2349709428811297,37
1768,0,2711,1398,1313,0,0,0,1.0,1,1.0,1,1.0,1,0.18934987026496972,37
1769,2,2713,1399,1314,0,0,0,1.0,1,1.0,1,1.0,1,0.14629031780286475,38
1770,1,2714,1400,1314,0,0,0,1.0,1,1.0,1,1.0,1,0.1738539581594227,39
1771,0,2714,1400,1314,0,0,0,1.0,1,1.0,1,1.0,1,0.1738539581594227,39
1772,1,2715,1401,1314,0,0,0,1.0,1,1.0,1,1.0,1,0.19429823947401287,39
1773,1,2716,1402,1314,0,0,0,1.0,1,1.0,1,1.0,1,0.18253646319873923,41
1774,2,2718,1403,1315,0,0,0,1.0,1,1.0,1,1.0,1,0.1706042425691171,41
1775,1,2719,1404,1315,0,0,0,1.0,1,1.0,1,1.0,1,0.16284761222171554,42
1776,1,2720,1405,1315,0,0,0,1.0,1,1.0,1,1.0,1,0.1657021712600993,43
1777,1,2721,1405,1316,0,0,0,1.0,1,1.0,1,1.0,1,0.1365726211964073,43
1778,0,2721,1405,1316,0,0,0,1.0,1,1.0,1,1.0,1,0.15083604835745415,44
1779,2,2723,1406,1317,0,0,0,1.0,1,1.0,1,1.0,1,0.1265319783673985,46
1780,0,2723,1406,1317,0,0,0,1.0,1,1.0,1,1.0,1,0.1265319783673985,46
1781,1,2724,1406,1318,0,0,0,1.0,1,1.0,1,1.0,1,0.11714106439566557,46
1782,1,2725,1406,1319,0,0,0,1.0,1,1.0,1,1.0,1,0.1118728453557346,46
1783,0,2725,1406,1319,0,0,0,1.0,1,1.0,1,1.0,1,0.12829105680254993,44
1784,0,2725,1406,1319,0,0,0,1.0,1,1.0,1,1.0,1,0.11482031152424428,45
1785,1,2726,1407,1319,0,0,0,1.0,1,1.0,1,1.0,1,0.14271163584786795,42
1786,2,2728,1409,1319,0,0,0,1.0,1,1.0,1,1.0,1,0.13031820555796245,43
1787,1,2729,1410,1319,0,0,0,1.0,1,1.0,1,1.0,1,0.14924848228314275,41
1788,2,2731,1411,1320,0,0,0,1.0,1,1.0,1,1.0,1,0.1747614034498855,41
1789,0,2731,1411,1320,0,0,0,1.0,1,1.0,1,1.0,1,0.18695512360233874,41
1790,4,2735,1415,1320,0,0,0,1.0,1,1.0,1,1.0,1,0.16450333796196145,41
1791,2,2737,1417,1320,0,0,0,1.0,1,1.0,1,1.0,1,0.14587530461365467,40
1792,5,2742,1421,1321,0,0,0,1.0,1,1.0,1,1.0,1,0.10595895824319679,40
1793,1,2743,1422,1321,0,0,0,1.0,1,1.0,1,1.0,1,0.12620887617853993,41
1794,0,2743,1422,1321,0,0,0,1.0,1,1.0,1,1.0,1,0.12620887617853993,41
1795,4,2747,1426,1321,0,0,0,1.0,1,1.0,1,1.0,1,0.23121506308489104,40
1796,1,2748,1427,1321,0,0,0,1.0,1,1.0,1,1.0,1,0.25713600927064356,40
1797,1,2749,1428,1321,0,0,0,1.0,1,1.0,1,1.0,1,0.30143677834478955,37
1798,1,2750,1429,1321,0,0,0,1.0,1,1.0,1,1.0,1,0.31218986185075975,37
1799,0,2750,1429,1321,0,0,0,1.0,1,1.0,1,1.0,1,0.3137758693168633,36
1800,0,2750,1429,1321,0,0,0,1.0,1,1.0,1,1.0,1,0.3137758693168633,36
1801,5,2755,1429,1326,0,0,0,1.0,1,1.0,1,1.0,1,0.09749050810463349,34
1802,1,2756,1430,1326,0,0,0,1.0,1,1.0,1,1.0,1,0.08069449908560287,33
1803,2,2758,1432,1326,0,0,0,1.0,1,1.0,1,1.0,1,0.09762873424179927,33
1804,1,2759,1433,1326,0,0,0,1.0,1,1.0,1,1.0,1,0.14023635856956929,33
1805,1,2760,1434,1326,0,0,0,1.0,1,1.0,1,1.0,1,0.17587634022627632,35
1806,2,2762,1436,1326,0,0,0,1.0,1,1.0,1,1.0,1,0.1892645352857423,35
1807,0,2762,1436,1326,0,0,0,1.0,1,1.0,1,1.0,1,0.14471908574810222,35
1808,1,2763,1437,1326,0,0,0,1.0,1,1.0,1,1.0,1,0.07838792642425667,36
1809,0,2763,1437,1326,0,0,0,1.0,1,1.0,1,1.0,1,0.07191102396290162,36
1810,3,2766,1439,1327,0,0,0,1.0,1,1.0,1,1.0,1,0.10942097440969749,35
1811,4,2770,1440,1330,0,0,0,1.0,1,1.0,1,1.0,1,0.14665196516961193,36
1812,2,2772,1440,1332,0,0,0,1.0,1,1.0,1,1.0,1,0.14394624735424072,36
1813,3,2775,1441,1334,0,0,0,1.0,1,1.0,1,1.0,1,0.1648498053541952,36
1814,3,2778,1441,1337,0,0,0,1.0,1,1.0,1,1.0,1,0.1467161382819779,34
1815,1,2779,1441,1338,0,0,0,1.0,1,1.0,1,1.0,1,0.12162588059328386,35
1816,0,2779,1441,1338,0,0,0,1.0,1,1.0,1,1.0,1,0.13038262222880012,34
1817,0,2779,1441,1338,0,0,0,1.0,1,1.0,1,1.0,1,0.13038262222880012,34
1818,0,2779,1441,1338,0,0,0,1.0,1,1.0,1,1.0,1,0.13038262222880012,34
1819,2,2781,1443,1338,0,0,0,1.0,1,1.0,1,1.0,1,0.08276323816843496,35
1820,0,2781,1443,1338,0,0,0,1.0,1,1.0,1,1.0,1,0.07646315435448559,36
1821,0,2781,1443,1338,0,0,0,1.0,1,1.0,1,1.0,1,0.07646315435448559,36
1822,2,2783,1445,1338,0,0,0,1.0,1,1.0,1,1.0,1,0.11653637561488958,37
1823,1,2784,1446,1338,0,0,0,1.0,1,1.0,1,1.0,1,0.12798794570148614,38
1824,0,2784,1446,1338,0,0,0,1.0,1,1.0,1,1.0,1,0.13904164096032423,37
1825,1,2785,1447,1338,0,0,0,1.0,1,1.0,1,1.0,1,0.16640959387177542,36
1826,1,2786,1448,1338,0,0,0,1.0,1,1.0,1,1.0,1,0.16236658528109713,35
1827,1,2787,1449,1338,0,0,0,1.0,1,1.0,1,1.0,1,0.1678066873254549,35
1828,1,2788,1450,1338,0,0,0,1.0,1,1.0,1,1.0,1,0.16672924522486812,33
1829,1,2789,1451,1338,0,0,0,1.0,1,1.0,1,1.0,1,0.1712216483543704,32
1830,1,2790,1452,1338,0,0,0,1.0,1,1.0,1,1.0,1,0.18145109393210232,32
1831,1,2791,1453,1338,0,0,0,1.0,1,1.0,1,1.0,1,0.24648433895798996,30
1832,0,2791,1453,1338,0,0,0,1.0,1,1.0,1,1.0,1,0.24648433895798996,30
1833,1,2792,1454,1338,0,0,0,1.0,1,1.0,1,1.0,1,0.28975358356086256,29
1834,2,2794,1456,1338,0,0,0,1.0,1,1.0,1,1.0,1,0.2580489130757258,28
1835,3,2797,1459,1338,0,0,0,1.0,1,1.0,1,1.0,1,0.30723543510971224,28
1836,0,2797,1459,1338,0,0,0,1.0,1,1.0,1,1.0,1,0.3048240430938579,29
1837,1,2798,1460,1338,0,0,0,1.0,1,1.0,1,1.0,1,0.3559772151992549,28
1838,0,2798,1460,1338,0,0,0,1.0,1,1.0,1,1.0,1,0.31993294798229166,28
1839,0,2798,1460,1338,0,0,0,1.0,1,1.0,1,1.0,1,0.34048745385400564,27
1840,1,2799,1460,1339,0,0,0,1.0,1,1.0,1,1.0,1,0.32040835417501023,26
1841,3,2802,1460,1342,0,0,0,1.0,1,1.0,1,1.0,1,0.23127951269427113,25
1842,2,2804,1461,1343,0,0,0,1.0,1,1.0,1,1.0,1,0.18238224840456457,26
1843,0,2804,1461,1343,0,0,0,1.0,1,1.0,1,1.0,1,0.18238224840456457,26
1844,4,2808,1464,1344,0,0,0,1.0,1,1.0,1,1.0,1,0.1744283323301031,26
1845,1,2809,1464,1345,0,0,0,1.0,1,1.0,1,1.0,1,0.13621929693104132,26
1846,2,2811,1466,1345,0,0,0,1.0,1,1.0,1,1.0,1,0.17512333531595656,26
1847,1,2812,1466,1346,0,0,0,1.0,1,1.0,1,1.0,1,0.15544224317636338,26
1848,0,2812,1466,1346,0,0,0,1.0,1,1.0,1,1.0,1,0.15907559901645835,27
1849,0,2812,1466,1346,0,0,0,1.0,1,1.0,1,1.0,1,0.15907559901645835,27
1850,0,2812,1466,1346,0,0,0,1.0,1,1.0,1,1.0,1,0.16231035815238,28
1851,0,2812,1466,1346,0,0,0,1.0,1,1.0,1,1.0,1,0.16231035815238,28
1852,0,2812,1466,1346,0,0,0,1.0,1,1.0,1,1.0,1,0.16231035815238,28
1853,0,2812,1466,1346,0,0,0,1.0,1,1.0,1,1.0,1,0.17918639718111815,27
1854,0,2812,1466,1346,0,0,0,1.0,1,1.0,1,1.0,1,0.20281499931880345,28
1855,0,2812,1466,1346,0,0,0,1.0,1,1.0,1,1.0,1,0.20281499931880345,28
1856,5,2817,1469,1348,0,0,0,1.0,1,1.0,1,1.0,1,0.1899282949268329,30
1857,0,2817,1469,1348,0,0,0,1.0,1,1.0,1,1.0,1,0.19174047303362943,31
1858,2,2819,1471,1348,0,0,0,1.0,1,1.0,1,1.0,1,0.27718667119815915,31
1859,2,2821,1471,1350,0,0,0,1.0,1,1.0,1,1.0,1,0.2518076583271647,31
1860,4,2825,1471,1354,0,0,0,1.0,1,1.0,1,1.0,1,0.24605731657242008,31
1861,3,2828,1471,1357,0,0,0,1.0,1,1.0,1,1.0,1,0.19056502495443925,31
1862,0,2828,1471,1357,0,0,0,1.0,1,1.0,1,1.0,1,0.19056502495443925,31
1863,0,2828,1471,1357,0,0,0,1.0,1,1.0,1,1.0,1,0.20900859846003536,31
1864,1,2829,1472,1357,0,0,0,1.0,1,1.0,1,1.0,1,0.19066299527022199,30
1865,1,2830,1473,1357,0,0,0,1.0,1,1.0,1,1.0,1,0.19766990023002023,27
1866,1,2831,1474,1357,0,0,0,1.0,1,1.0,1,1.0,1,0.2294541502072389,28
1867,0,2831,1474,1357,0,0,0,1.0,1,1.0,1,1.0,1,0.27858355682473,26
1868,2,2833,1476,1357,0,0,0,1.0,1,1.0,1,1.0,1,0.2612147308255631,26
1869,0,2833,1476,1357,0,0,0,1.0,1,1.0,1,1.0,1,0.2772765950909822,25
1870,1,2834,1477,1357,0,0,0,1.0,1,1.0,1,1.0,1,0.23134077956154037,25
1871,1,2835,1478,1357,0,0,0,1.0,1,1.0,1,1.0,1,0.2361930924032354,26
1872,0,2835,1478,1357,0,0,0,1.0,1,1.0,1,1.0,1,0.2356072732036843,25
1873,0,2835,1478,1357,0,0,0,1.0,1,1.0,1,1.0,1,0.27404456735400656,23
1874,1,2836,1479,1357,0,0,0,1.0,1,1.0,1,1.0,1,0.2704235021339565,23
1875,0,2836,1479,1357,0,0,0,1.0,1,1.0,1,1.0,1,0.3465458330340639,21
1876,1,2837,1480,1357,0,0,0,1.0,1,1.0,1,1.0,1,0.37860050834512066,24
1877,1,2838,1481,1357,0,0,0,1.0,1,1.0,1,1.0,1,0.4384206922926063,24
1878,2,2840,1482,1358,0,0,0,1.0,1,1.0,1,1.0,1,0.3462371212898001,26
1879,0,2840,1482,1358,0,0,0,1.0,1,1.0,1,1.0,1,0.3462371212898001,26
1880,0,2840,1482,1358,0,0,0,1.0,1,1.0,1,1.0,1,0.3462371212898001,26
1881,4,2844,1482,1362,0,0,0,1.0,1,1.0,1,1.0,1,0.09931849376870801,26
1882,0,2844,1482,1362,0,0,0,1.0,1,1.0,1,1.0,1,0.12286230034995256,25
1883,0,2844,1482,1362,0,0,0,1.0,1,1.0,1,1.0,1,0.12286230034995256,25
1884,0,2844,1482,1362,0,0,0,1.0,1,1.0,1,1.0,1,0.12286230034995256,25
1885,0,2844,1482,1362,0,0,0,1.0,1,1.0,1,1.0,1,0.12286230034995256,25
1886,0,2844,1482,1362,0,0,0,1.0,1,1.0,1,1.0,1,0.08179650954990217,26
1887,0,2844,1482,1362,0,0,0,1.0,1,1.0,1,1.0,1,0.08179650954990217,26
1888,1,2845,1483,1362,0,0,0,1.0,1,1.0,1,1.0,1,0.11265547066286241,27
1889,0,2845,1483,1362,0,0,0,1.0,1,1.0,1,1.0,1,0.14117417817941308,28
1890,0,2845,1483,1362,0,0,0,1.0,1,1.0,1,1.0,1,0.14117417817941308,28
1891,1,2846,1483,1363,0,0,0,1.0,1,1.0,1,1.0,1,0.1253721195262985,29
1892,0,2846,1483,1363,0,0,0,1.0,1,1.0,1,1.0,1,0.1253721195262985,29
1893,0,2846,1483,1363,0,0,0,1.0,1,1.0,1,1.0,1,0.1253721195262985,29
1894,0,2846,1483,1363,0,0,0,1.0,1,1.0,1,1.0,1,0.1253721195262985,29
1895,2,2848,1484,1364,0,0,0,1.0,1,1.0,1,1.0,1,0.10665307818650695,31
1896,1,2849,1485,1364,0,0,0,1.0,1,1.0,1,1.0,1,0.11899111031405464,31
1897,0,2849,1485,1364,0,0,0,1.0,1,1.0,1,1.0,1,0.11899111031405464,31
1898,0,2849,1485,1364,0,0,0,1.0,1,1.0,1,1.0,1,0.11899111031405464,31
1899,0,2849,1485,1364,0,0,0,1.0,1,1.0,1,1.0,1,0.10630590863924708,32
1900,0,2849,1485,1364,0,0,0,1.0,1,1.0,1,1.0,1,0.10630590863924708,32
1901,1,2850,1485,1365,0,0,0,1.0,1,1.0,1,1.0,1,0.0831723297327351,32
1902,1,2851,1486,1365,0,0,0,1.0,1,1.0,1,1.0,1,0.10550816502537136,32
1903,0,2851,1486,1365,0,0,0,1.0,1,1.0,1,1.0,1,0.10550816502537136,32
1904,0,2851,1486,1365,0,0,0,1.0,1,1.0,1,1.0,1,0.07145750046921893,34
1905,0,2851,1486,1365,0,0,0,1.0,1,1.0,1,1.0,1,0.07145750046921893,34
1906,0,2851,1486,1365,0,0,0,1.0,1,1.0,1,1.0,1,0.08462611617950588,35
1907,2,2853,1486,1367,0,0,0,1.0,1,1.0,1,1.0,1,0.013575051508277484,36
1908,0,2853,1486,1367,0,0,0,1.0,1,1.0,1,1.0,1,0.013575051508277484,36
1909,1,2854,1487,1367,0,0,0,1.0,1,1.0,1,1.0,1,0.059155865951912266,37
1910,1,2855,1487,1368,0,0,0,1.0,1,1.0,1,1.0,1,0.04594018021852593,38
1911,0,2855,1487,1368,0,0,0,1.0,1,1.0,1,1.0,1,0.036752300621458324,37
1912,1,2856,1488,1368,0,0,0,1.0,1,1.0,1,1.0,1,0.044249558429682374,37
1913,0,2856,1488,1368,0,0,0,1.0,1,1.0,1,1.0,1,0.05975904822164445,36
1914,3,2859,1491,1368,0,0,0,1.0,1,1.0,1,1.0,1,0.10229370931062708,37
1915,2,2861,1492,1369,0,0,0,1.0,1,1.0,1,1.0,1,0.08317656614619713,37
1916,1,2862,1493,1369,0,0,0,1.0,1,1.0,1,1.0,1,0.12896775535026161,39
1917,4,2866,1495,1371,0,0,0,1.0,1,1.0,1,1.0,1,0.20233103380503661,38
1918,9,2875,1497,1378,0,0,0,1.0,1,1.0,1,1.0,1,0.15047803585399774,38
1919,2,2877,1497,1380,0,0,0,1.0,1,1.0,1,1.0,1,0.14738949957502603,38
1920,1,2878,1498,1380,0,0,0,1.0,1,1.0,1,1.0,1,0.16528709309226725,39
1921,1,2879,1498,1381,0,0,0,1.0,1,1.0,1,1.0,1,0.13070336365463242,38
1922,1,2880,1499,1381,0,0,0,1.0,1,1.0,1,1.0,1,0.13329765409506353,39
1923,2,2882,1501,1381,0,0,0,1.0,1,1.0,1,1.0,1,0.13919918639614579,40
1924,1,2883,1501,1382,0,0,0,1.0,1,1.0,1,1.0,1,0.10918071769267752,40
1925,0,2883,1501,1382,0,0,0,1.0,1,1.0,1,1.0,1,0.07891236805597798,40
1926,1,2884,1502,1382,0,0,0,1.0,1,1.0,1,1.0,1,0.0882629568082406,40
1927,0,2884,1502,1382,0,0,0,1.0,1,1.0,1,1.0,1,0.07778053315486871,41
1928,1,2885,1503,1382,0,0,0,1.0,1,1.0,1,1.0,1,0.06909775435965072,41
1929,1,2886,1504,1382,0,0,0,1.0,1,1.0,1,1.0,1,0.11523556497107845,40
1930,2,2888,1505,1383,0,0,0,1.0,1,1.0,1,1.0,1,0.10445394492787674,40
1931,0,2888,1505,1383,0,0,0,1.0,1,1.0,1,1.0,1,0.10445394492787674,40
1932,0,2888,1505,1383,0,0,0,1.0,1,1.0,1,1.0,1,0.10445394492787674,40
1933,0,2888,1505,1383,0,0,0,1.0,1,1.0,1,1.0,1,0.1233806838175791,42
1934,0,2888,1505,1383,0,0,0,1.0,1,1.0,1,1.0,1,0.12340707521606227,44
1935,0,2888,1505,1383,0,0,0,1.0,1,1.0,1,1.0,1,0.12340707521606227,44
1936,2,2890,1506,1384,0,0,0,1.0,1,1.0,1,1.0,1,0.14676107470053829,46
1937,3,2893,1509,1384,0,0,0,1.0,1,1.0,1,1.0,1,0.1256746407611271,47
1938,1,2894,1509,1385,0,0,0,1.0,1,1.0,1,1.0,1,0.10645938568527746,47
1939,1,2895,1510,1385,0,0,0,1.0,1,1.0,1,1.0,1,0.1121273908756798,47
1940,1,2896,1511,1385,0,0,0,1.0,1,1.0,1,1.0,1,0.11919766264864042,47
1941,4,2900,1513,1387,0,0,0,1.0,1,1.0,1,1.0,1,0.07440333545506618,47
1942,2,2902,1514,1388,0,0,0,1.0,1,1.0,1,1.0,1,0.08413571761449475,49
1943,2,2904,1515,1389,0,0,0,1.0,1,1.0,1,1.0,1,0.10493601575552765,47
1944,1,2905,1515,1390,0,0,0,1.0,1,1.0,1,1.0,1,0.07165437688485202,47
1945,1,2906,1516,1390,0,0,0,1.0,1,1.0,1,1.0,1,0.1403644028447193,45
1946,0,2906,1516,1390,0,0,0,1.0,1,1.0,1,1.0,1,0.1571842020971308,45
1947,5,2911,1520,1391,0,0,0,1.0,1,1.0,1,1.0,1,0.20006977033158047,45
1948,0,2911,1520,1391,0,0,0,1.0,1,1.0,1,1.0,1,0.21455240826650326,45
1949,4,2915,1524,1391,0,0,0,1.0,1,1.0,1,1.0,1,0.23451138211256187,42
1950,2,2917,1526,1391,0,0,0,1.0,1,1.0,1,1.0,1,0.17928124845845514,42
1951,1,2918,1527,1391,0,0,0,1.0,1,1.0,1,1.0,1,0.1831141735690283,38
1952,2,2920,1529,1391,0,0,0,1.0,1,1.0,1,1.0,1,0.17814598855388872,36
1953,1,2921,1530,1391,0,0,0,1.0,1,1.0,1,1.0,1,0.16034745441521375,35
1954,0,2921,1530,1391,0,0,0,1.0,1,1.0,1,1.0,1,0.1785664850527539,32
1955,0,2921,1530,1391,0,0,0,1.0,1,1.0,1,1.0,1,0.17748565942364594,33
1956,2,2923,1532,1391,0,0,0,1.0,1,1.0,1,1.0,1,0.26422152653223974,31
1957,0,2923,1532,1391,0,0,0,1.0,1,1.0,1,1.0,1,0.24861407443255548,33
1958,3,2926,1534,1392,0,0,0,1.0,1,1.0,1,1.0,1,0.2505301204351847,34
1959,0,2926,1534,1392,0,0,0,1.0,1,1.0,1,1.0,1,0.2354288332617445,35
1960,3,2929,1535,1394,0,0,0,1.0,1,1.0,1,1.0,1,0.22743425226450034,36
1961,5,2934,1536,1398,0,0,0,1.0,1,1.0,1,1.0,1,0.16624816354472544,36
1962,1,2935,1537,1398,0,0,0,1.0,1,1.0,1,1.0,1,0.13210350137014212,35
1963,0,2935,1537,1398,0,0,0,1.0,1,1.0,1,1.0,1,0.14678640060368908,36
1964,3,2938,1540,1398,0,0,0,1.0,1,1.0,1,1.0,1,0.1372172865212633,35
1965,1,2939,1541,1398,0,0,0,1.0,1,1.0,1,1.0,1,0.10191714827327762,36
1966,4,2943,1543,1400,0,0,0,1.0,1,1.0,1,1.0,1,0.0763289066861893,36
1967,1,2944,1544,1400,0,0,0,1.0,1,1.0,1,1.0,1,0.07468288500696182,36
1968,1,2945,1545,1400,0,0,0,1.0,1,1.0,1,1.0,1,0.0961796952613955,37
1969,0,2945,1545,1400,0,0,0,1.0,1,1.0,1,1.0,1,0.0961796952613955,37
1970,1,2946,1546,1400,0,0,0,1.0,1,1.0,1,1.0,1,0.16462283823164775,38
1971,1,2947,1547,1400,0,0,0,1.0,1,1.0,1,1.0,1,0.17129303757303596,37
1972,0,2947,1547,1400,0,0,0,1.0,1,1.0,1,1.0,1,0.17129303757303596,37
1973,2,2949,1548,1401,0,0,0,1.0,1,1.0,1,1.0,1,0.1902896718380647,37
1974,0,2949,1548,1401,0,0,0,1.0,1,1.0,1,1.0,1,0.1797819689015785,38
1975,0,2949,1548,1401,0,0,0,1.0,1,1.0,1,1.0,1,0.21048523064112823,37
1976,4,2953,1550,1403,0,0,0,1.0,1,1.0,1,1.0,1,0.1646436738121763,39
1977,1,2954,1551,1403,0,0,0,1.0,1,1.0,1,1.0,1,0.13288087108090277,42
1978,2,2956,1552,1404,0,0,0,1.0,1,1.0,1,1.0,1,0.15269839201991806,42
1979,1,2957,1552,1405,0,0,0,1.0,1,1.0,1,1.0,1,0.11789402500747699,42
1980,0,2957,1552,1405,0,0,0,1.0,1,1.0,1,1.0,1,0.12183249555406703,43
1981,1,2958,1552,1406,0,0,0,1.0,1,1.0,1,1.0,1,0.11779992195415755,44
1982,3,2961,1554,1407,0,0,0,1.0,1,1.0,1,1.0,1,0.0814099421282383,44
1983,1,2962,1555,1407,0,0,0,1.0,1,1.0,1,1.0,1,0.08599107446205584,44
1984,1,2963,1556,1407,0,0,0,1.0,1,1.0,1,1.0,1,0.1200423903861126,42
1985,0,2963,1556,1407,0,0,0,1.0,1,1.0,1,1.0,1,0.11001934547490509,41
1986,0,2963,1556,1407,0,0,0,1.0,1,1.0,1,1.0,1,0.12369650808371789,40
1987,0,2963,1556,1407,0,0,0,1.0,1,1.0,1,1.0,1,0.12659739642720344,37
1988,3,2966,1559,1407,0,0,0,1.0,1,1.0,1,1.0,1,0.13052811872656153,35
1989,2,2968,1561,1407,0,0,0,1.0,1,1.0,1,1.0,1,0.1700831497400219,32
1990,2,2970,1563,1407,0,0,0,1.0,1,1.0,1,1.0,1,0.14680338880200774,31
1991,0,2970,1563,1407,0,0,0,1.0,1,1.0,1,1.0,1,0.17039957697248892,32
1992,2,2972,1565,1407,0,0,0,1.0,1,1.0,1,1.0,1,0.2179215505612697,32
1993,3,2975,1568,1407,0,0,0,1.0,1,1.0,1,1.0,1,0.22509426846508604,32
1994,0,2975,1568,1407,0,0,0,1.0,1,1.0,1,1.0,1,0.22454806874227726,31
1995,0,2975,1568,1407,0,0,0,1.0,1,1.0,1,1.0,1,0.20075255932286398,32
1996,1,2976,1568,1408,0,0,0,1.0,1,1.0,1,1.0,1,0.20160570441608258,32
1997,0,2976,1568,1408,0,0,0,1.0,1,1.0,1,1.0,1,0.21953247758243197,31
1998,0,2976,1568,1408,0,0,0,1.0,1,1.0,1,1.0,1,0.20458211696216289,32
1999,0,2976,1568,1408,0,0,0,1.0,1,1.0,1,1.0,1,0.22421528620216033,31
2000,0,2976,1568,1408,0,0,0,1.0,1,1.0,1,1.0,1,0.20396272779325034,30
2001,4,2980,1568,1412,0,0,0,1.0,1,1.0,1,1.0,1,0.11672331438236067,29
2002,0,2980,1568,1412,0,0,0,1.0,1,1.0,1,1.0,1,0.07614259744410687,31
2003,2,2982,1570,1412,0,0,0,1.0,1,1.0,1,1.0,1,0.12888413118213657,33
2004,1,2983,1571,1412,0,0,0,1.0,1,1.0,1,1.0,1,0.18078099939756706,34
2005,0,2983,1571,1412,0,0,0,1.0,1,1.0,1,1.0,1,0.20209281488897268,35
2006,3,2986,1573,1413,0,0,0,1.0,1,1.0,1,1.0,1,0.16012958177560238,36
2007,1,2987,1574,1413,0,0,0,1.0,1,1.0,1,1.0,1,0.14058036821104317,36
2008,2,2989,1576,1413,0,0,0,1.0,1,1.0,1,1.0,1,0.18071495968202603,36
2009,1,2990,1577,1413,0,0,0,1.0,1,1.0,1,1.0,1,0.15039461318047767,37
2010,2,2992,1578,1414,0,0,0,1.0,1,1.0,1,1.0,1,0.13427654339095085,37
2011,0,2992,1578,1414,0,0,0,1.0,1,1.0,1,1.0,1,0.13427654339095085,37
2012,1,2993,1579,1414,0,0,0,1.0,1,1.0,1,1.0,1,0.12344045591984162,37
2013,0,2993,1579,1414,0,0,0,1.0,1,1.0,1,1.0,1,0.14157428233159422,39
2014,0,2993,1579,1414,0,0,0,1.0,1,1.0,1,1.0,1,0.16987420408197512,39
2015,0,2993,1579,1414,0,0,0,1.0,1,1.0,1,1.0,1,0.16987420408197512,39
2016,1,2994,1579,1415,0,0,0,1.0,1,1.0,1,1.0,1,0.11391642740885217,41
2017,1,2995,1579,1416,0,0,0,1.0,1,1.0,1,1.0,1,0.10085023983466228,41
2018,3,2998,1582,1416,0,0,0,1.0,1,1.0,1,1.0,1,0.15143925544105344,42
2019,1,2999,1582,1417,0,0,0,1.0,1,1.0,1,1.0,1,0.13089499543639302,43
2020,2,3001,1584,1417,0,0,0,1.0,1,1.0,1,1.0,1,0.16203111513853335,43
2021,3,3004,1584,1420,0,0,0,1.0,1,1.0,1,1.0,1,0.11196987443654352,43
2022,0,3004,1584,1420,0,0,0,1.0,1,1.0,1,1.0,1,0.09486780419136326,44
2023,2,3006,1586,1420,0,0,0,1.0,1,1.0,1,1.0,1,0.19734647240273587,42
2024,5,3011,1589,1422,0,0,0,1.0,1,1.0,1,1.0,1,0.14905125853137147,41
2025,2,3013,1591,1422,0,0,0,1.0,1,1.0,1,1.0,1,0.2208806345557557,39
2026,0,3013,1591,1422,0,0,0,1.0,1,1.0,1,1.0,1,0.19961666065613212,39
2027,1,3014,1592,1422,0,0,0,1.0,1,1.0,1,1.0,1,0.28328355136940125,38
2028,0,3014,1592,1422,0,0,0,1.0,1,1.0,1,1.0,1,0.2668900410413789,37
2029,0,3014,1592,1422,0,0,0,1.0,1,1.0,1,1.0,1,0.26886961177602586,35
2030,1,3015,1593,1422,0,0,0,1.0,1,1.0,1,1.0,1,0.2735389391800252,32
2031,4,3019,1597,1422,0,0,0,1.0,1,1.0,1,1.0,1,0.25075065809763775,34
2032,0,3019,1597,1422,0,0,0,1.0,1,1.0,1,1.0,1,0.22860161409296761,35
2033,3,3022,1600,1422,0,0,0,1.0,1,1.0,1,1.0,1,0.26301121434400715,35
2034,2,3024,1602,1422,0,0,0,1.0,1,1.0,1,1.0,1,0.24976758790985146,35
2035,2,3026,1604,1422,0,0,0,1.0,1,1.0,1,1.0,1,0.25496574620791096,36
2036,3,3029,1605,1424,0,0,0,1.0,1,1.0,1,1.0,1,0.2466719101293926,35
2037,1,3030,1606,1424,0,0,0,1.0,1,1.0,1,1.0,1,0.2560043416842369,36
2038,2,3032,1607,1425,0,0,0,1.0,1,1.0,1,1.0,1,0.20910945549919438,38
2039,1,3033,1608,1425,0,0,0,1.0,1,1.0,1,1.0,1,0.22980835261565868,38
2040,0,3033,1608,1425,0,0,0,1.0,1,1.0,1,1.0,1,0.21839820025076262,37
2041,4,3037,1608,1429,0,0,0,1.0,1,1.0,1,1.0,1,0.09600871939475034,38
2042,0,3037,1608,1429,0,0,0,1.0,1,1.0,1,1.0,1,0.09600871939475034,38
2043,3,3040,1610,1430,0,0,0,1.0,1,1.0,1,1.0,1,0.08048476170126594,38
2044,0,3040,1610,1430,0,0,0,1.0,1,1.0,1,1.0,1,0.07453949826864038,39
2045,0,3040,1610,1430,0,0,0,1.0,1,1.0,1,1.0,1,0.09279605235665,40
2046,1,3041,1611,1430,0,0,0,1.0,1,1.0,1,1.0,1,0.05576923404573529,41
2047,1,3042,1611,1431,0,0,0,1.0,1,1.0,1,1.0,1,0.04469936451459954,41
2048,0,3042,1611,1431,0,0,0,1.0,1,1.0,1,1.0,1,0.03402809675779953,43
2049,1,3043,1612,1431,0,0,0,1.0,1,1.0,1,1.0,1,0.020783993787033578,43
2050,0,3043,1612,1431,0,0,0,1.0,1,1.0,1,1.0,1,0.02516049307824233,43
2051,1,3044,1613,1431,0,0,0,1.0,1,1.0,1,1.0,1,0.0832097273920687,43
2052,0,3044,1613,1431,0,0,0,1.0,1,1.0,1,1.0,1,0.08806956546843997,44
2053,1,3045,1614,1431,0,0,0,1.0,1,1.0,1,1.0,1,0.13643381779635166,43
2054,2,3047,1616,1431,0,0,0,1.0,1,1.0,1,1.0,1,0.1361222567269271,44
2055,1,3048,1616,1432,0,0,0,1.0,1,1.0,1,1.0,1,0.13740049464072956,43
2056,0,3048,1616,1432,0,0,0,1.0,1,1.0,1,1.0,1,0.12360163592982841,44
2057,4,3052,1620,1432,0,0,0,1.0,1,1.0,1,1.0,1,0.11043862481973785,44
2058,2,3054,1622,1432,0,0,0,1.0,1,1.0,1,1.0,1,0.09964230279097346,44
2059,0,3054,1622,1432,0,0,0,1.0,1,1.0,1,1.0,1,0.10330304813746535,45
2060,2,3056,1623,1433,0,0,0,1.0,1,1.0,1,1.0,1,0.12310288102564654,46
2061,2,3058,1625,1433,0,0,0,1.0,1,1.0,1,1.0,1,0.10677139208951457,48
2062,0,3058,1625,1433,0,0,0,1.0,1,1.0,1,1.0,1,0.10677139208951457,48
2063,1,3059,1626,1433,0,0,0,1.0,1,1.0,1,1.0,1,0.11610992836788064,45
2064,1,3060,1627,1433,0,0,0,1.0,1,1.0,1,1.0,1,0.12368005372202483,44
2065,0,3060,1627,1433,0,0,0,1.0,1,1.0,1,1.0,1,0.1406525719905597,42
2066,3,3063,1630,1433,0,0,0,1.0,1,1.0,1,1.0,1,0.05569432161281428,42
2067,0,3063,1630,1433,0,0,0,1.0,1,1.0,1,1.0,1,0.06377368967579879,38
2068,2,3065,1632,1433,0,0,0,1.0,1,1.0,1,1.0,1,0.12103963763926083,37
2069,0,3065,1632,1433,0,0,0,1.0,1,1.0,1,1.0,1,0.14382277371198834,35
2070,2,3067,1634,1433,0,0,0,1.0,1,1.0,1,1.0,1,0.14742128602565213,35
2071,0,3067,1634,1433,0,0,0,1.0,1,1.0,1,1.0,1,0.176077081241901,34
2072,2,3069,1636,1433,0,0,0,1.0,1,1.0,1,1.0,1,0.23546590840497406,35
2073,0,3069,1636,1433,0,0,0,1.0,1,1.0,1,1.0,1,0.22478778884541717,37
2074,0,3069,1636,1433,0,0,0,1.0,1,1.0,1,1.0,1,0.21088685116916836,36
2075,0,3069,1636,1433,0,0,0,1.0,1,1.0,1,1.0,1,0.19480694909967508,38
2076,0,3069,1636,1433,0,0,0,1.0,1,1.0,1,1.0,1,0.1788894159226883,37
2077,0,3069,1636,1433,0,0,0,1.0,1,1.0,1,1.0,1,0.1788894159226883,37
2078,0,3069,1636,1433,0,0,0,1.0,1,1.0,1,1.0,1,0.1788894159226883,37
2079,0,3069,1636,1433,0,0,0,1.0,1,1.0,1,1.0,1,0.1788894159226883,37
2080,0,3069,1636,1433,0,0,0,1.0,1,1.0,1,1.0,1,0.17736483247476717,36
2081,5,3074,1638,1436,0,0,0,1.0,1,1.0,1,1.0,1,0.10045024942627359,37
2082,4,3078,1640,1438,0,0,0,1.0,1,1.0,1,1.0,1,0.04987268554399858,38
2083,2,3080,1641,1439,0,0,0,1.0,1,1.0,1,1.0,1,0.048532642382455624,39
2084,2,3082,1643,1439,0,0,0,1.0,1,1.0,1,1.0,1,0.11801647679551483,41
2085,3,3085,1645,1440,0,0,0,1.0,1,1.0,1,1.0,1,0.1486735255317574,41
2086,7,3092,1645,1447,0,0,0,1.0,1,1.0,1,1.0,1,0.12052375036099792,44
2087,8,3100,1647,1453,0,0,0,1.0,1,1.0,1,1.0,1,0.1288032051130412,44
2088,7,3107,1647,1460,0,0,0,1.0,1,1.0,1,1.0,1,0.13024154702993426,45
2089,10,3117,1648,1469,0,0,0,1.0,1,1.0,1,1.0,1,0.08574263933176164,46
2090,10,3127,1648,1479,0,0,0,1.0,1,1.0,1,1.0,1,0.06306419555360102,47
2091,9,3136,1651,1485,0,0,0,1.0,1,1.0,1,1.0,1,0.16604914026283088,48
2092,12,3148,1653,1495,0,0,0,1.0,1,1.0,1,1.0,1,0.15396890349196948,48
2093,5,3153,1653,1500,0,0,0,1.0,1,1.0,1,1.0,1,0.061430055804428084,48
2094,1,3154,1654,1500,0,0,0,1.0,1,1.0,1,1.0,1,0.02771856790685461,47
2095,0,3154,1654,1500,0,0,0,1.0,1,1.0,1,1.0,1,0.05035690472117028,49
2096,0,3154,1654,1500,0,0,0,1.0,1,1.0,1,1.0,1,0.05256222260155588,50
2097,4,3158,1655,1503,0,0,0,1.0,1,1.0,1,1.0,1,0.0995496205208569,50
2098,6,3164,1656,1508,0,0,0,1.0,1,1.0,1,1.0,1,0.07384598059406285,51
2099,6,3170,1657,1513,0,0,0,1.0,1,1.0,1,1.0,1,0.1494846117545741,50
2100,1,3171,1658,1513,0,0,0,1.0,1,1.0,1,1.0,1,0.14469637549725206,49
2101,3,3174,1658,1516,0,0,0,1.0,1,1.0,1,1.0,1,0.12310889535722376,48
2102,2,3176,1660,1516,0,0,0,1.0,1,1.0,1,1.0,1,0.155335572344099,49
2103,2,3178,1662,1516,0,0,0,1.0,1,1.0,1,1.0,1,0.15621654068880025,44
2104,0,3178,1662,1516,0,0,0,1.0,1,1.0,1,1.0,1,0.16957355338550573,42
2105,2,3180,1664,1516,0,0,0,1.0,1,1.0,1,1.0,1,0.19641435850120864,40
2106,0,3180,1664,1516,0,0,0,1.0,1,1.0,1,1.0,1,0.222405400545165,39
2107,1,3181,1665,1516,0,0,0,1.0,1,1.0,1,1.0,1,0.18202288875945627,37
2108,1,3182,1666,1516,0,0,0,1.0,1,1.0,1,1.0,1,0.1940513216942047,37
2109,0,3182,1666,1516,0,0,0,1.0,1,1.0,1,1.0,1,0.17731607807900232,36
2110,0,3182,1666,1516,0,0,0,1.0,1,1.0,1,1.0,1,0.1475203905062075,35
2111,2,3184,1668,1516,0,0,0,1.0,1,1.0,1,1.0,1,0.15923016553744596,35
2112,0,3184,1668,1516,0,0,0,1.0,1,1.0,1,1.0,1,0.15923016553744596,35
2113,2,3186,1670,1516,0,0,0,1.0,1,1.0,1,1.0,1,0.17813457271641644,35
2114,1,3187,1671,1516,0,0,0,1.0,1,1.0,1,1.0,1,0.17430204561453502,36
2115,3,3190,1673,1517,0,0,0,1.0,1,1.0,1,1.0,1,0.13865763880386714,37
2116,2,3192,1675,1517,0,0,0,1.0,1,1.0,1,1.0,1,0.18805698365660375,39
2117,3,3195,1675,1520,0,0,0,1.0,1,1.0,1,1.0,1,0.09981094715054813,39
2118,0,3195,1675,1520,0,0,0,1.0,1,1.0,1,1.0,1,0.12316649290553768,41
2119,1,3196,1676,1520,0,0,0,1.0,1,1.0,1,1.0,1,0.13782346526040942,42
2120,2,3198,1676,1522,0,0,0,1.0,1,1.0,1,1.0,1,0.09290237591850871,42
2121,1,3199,1677,1522,0,0,0,1.0,1,1.0,1,1.0,1,0.09530796615375633,42
2122,1,3200,1677,1523,0,0,0,1.0,1,1.0,1,1.0,1,0.08437620383215488,43
2123,0,3200,1677,1523,0,0,0,1.0,1,1.0,1,1.0,1,0.09749812283344554,42
2124,0,3200,1677,1523,0,0,0,1.0,1,1.0,1,1.0,1,0.09749812283344554,42
2125,0,3200,1677,1523,0,0,0,1.0,1,1.0,1,1.0,1,0.11283194838370113,41
2126,0,3200,1677,1523,0,0,0,1.0,1,1.0,1,1.0,1,0.11283194838370113,41
2127,0,3200,1677,1523,0,0,0,1.0,1,1.0,1,1.0,1,0.11283194838370113,41
2128,1,3201,1677,1524,0,0,0,1.0,1,1.0,1,1.0,1,0.07039233028598874,42
2129,0,3201,1677,1524,0,0,0,1.0,1,1.0,1,1.0,1,0.08298632220511311,43
2130,2,3203,1677,1526,0,0,0,1.0,1,1.0,1,1.0,1,0.037113797231986004,45
2131,1,3204,1678,1526,0,0,0,1.0,1,1.0,1,1.0,1,0.09100824011068223,44
2132,0,3204,1678,1526,0,0,0,1.0,1,1.0,1,1.0,1,0.09100824011068223,44
2133,1,3205,1679,1526,0,0,0,1.0,1,1.0,1,1.0,1,0.0879262647221992,45
2134,2,3207,1681,1526,0,0,0,1.0,1,1.0,1,1.0,1,0.10627271553584738,45
2135,2,3209,1683,1526,0,0,0,1.0,1,1.0,1,1.0,1,0.07811099724520937,46
2136,2,3211,1685,1526,0,0,0,1.0,1,1.0,1,1.0,1,0.09985234949680544,47
2137,4,3215,1689,1526,0,0,0,1.0,1,1.0,1,1.0,1,0.1759927349790678,47
2138,4,3219,1692,1527,0,0,0,1.0,1,1.0,1,1.0,1,0.134387237635231,45
2139,1,3220,1693,1527,0,0,0,1.0,1,1.0,1,1.0,1,0.16060644818121655,45
2140,4,3224,1695,1529,0,0,0,1.0,1,1.0,1,1.0,1,0.13011395699057665,44
2141,5,3229,1697,1532,0,0,0,1.0,1,1.0,1,1.0,1,0.062449471001265744,45
2142,1,3230,1698,1532,0,0,0,1.0,1,1.0,1,1.0,1,0.06875385556373695,46
2143,3,3233,1700,1533,0,0,0,1.0,1,1.0,1,1.0,1,0.10877617229664006,46
2144,1,3234,1701,1533,0,0,0,1.0,1,1.0,1,1.0,1,0.045882200979876143,48
2145,2,3236,1703,1533,0,0,0,1.0,1,1.0,1,1.0,1,0.08613444867425474,46
2146,0,3236,1703,1533,0,0,0,1.0,1,1.0,1,1.0,1,0.09252682787357691,45
2147,3,3239,1706,1533,0,0,0,1.0,1,1.0,1,1.0,1,0.13852490220650354,44
2148,1,3240,1707,1533,0,0,0,1.0,1,1.0,1,1.0,1,0.12084994668849558,44
2149,5,3245,1711,1534,0,0,0,1.0,1,1.0,1,1.0,1,0.09368579241199854,42
2150,3,3248,1714,1534,0,0,0,1.0,1,1.0,1,1.0,1,0.13630650697121888,40
2151,3,3251,1717,1534,0,0,0,1.0,1,1.0,1,1.0,1,0.03301032297751239,39
2152,0,3251,1717,1534,0,0,0,1.0,1,1.0,1,1.0,1,0.04467459142856716,40
2153,2,3253,1719,1534,0,0,0,1.0,1,1.0,1,1.0,1,0.09689365133570728,42
2154,1,3254,1720,1534,0,0,0,1.0,1,1.0,1,1.0,1,0.10303963978280163,42
2155,1,3255,1720,1535,0,0,0,1.0,1,1.0,1,1.0,1,0.1077194532434614,41
2156,1,3256,1720,1536,0,0,0,1.0,1,1.0,1,1.0,1,0.173528221527822,40
2157,0,3256,1720,1536,0,0,0,1.0,1,1.0,1,1.0,1,0.173528221527822,40
2158,2,3258,1722,1536,0,0,0,1.0,1,1.0,1,1.0,1,0.1404911297352298,38
2159,1,3259,1723,1536,0,0,0,1.0,1,1.0,1,1.0,1,0.1503414820894429,38
2160,3,3262,1725,1537,0,0,0,1.0,1,1.0,1,1.0,1,0.15519014367560732,38
2161,2,3264,1726,1538,0,0,0,1.0,1,1.0,1,1.0,1,0.1434537822539238,38
2162,2,3266,1728,1538,0,0,0,1.0,1,1.0,1,1.0,1,0.19619818058954228,38
2163,4,3270,1730,1540,0,0,0,1.0,1,1.0,1,1.0,1,0.193728698409282,40
2164,3,3273,1732,1541,0,0,0,1.0,1,1.0,1,1.0,1,0.2247616308751615,41
2165,2,3275,1733,1542,0,0,0,1.0,1,1.0,1,1.0,1,0.20256279984483472,42
2166,0,3275,1733,1542,0,0,0,1.0,1,1.0,1,1.0,1,0.20256279984483472,42
2167,0,3275,1733,1542,0,0,0,1.0,1,1.0,1,1.0,1,0.17928106177850175,43
2168,0,3275,1733,1542,0,0,0,1.0,1,1.0,1,1.0,1,0.15984404629876037,43
2169,0,3275,1733,1542,0,0,0,1.0,1,1.0,1,1.0,1,0.16375422484193855,45
2170,4,3279,1735,1544,0,0,0,1.0,1,1.0,1,1.0,1,0.15564770828139493,46
2171,1,3280,1735,1545,0,0,0,1.0,1,1.0,1,1.0,1,0.1468409288955723,48
2172,1,3281,1736,1545,0,0,0,1.0,1,1.0,1,1.0,1,0.15413569265388213,49
2173,1,3282,1737,1545,0,0,0,1.0,1,1.0,1,1.0,1,0.13201632889532036,49
2174,2,3284,1739,1545,0,0,0,1.0,1,1.0,1,1.0,1,0.14899125862369006,49
2175,0,3284,1739,1545,0,0,0,1.0,1,1.0,1,1.0,1,0.14899125862369006,49
2176,2,3286,1741,1545,0,0,0,1.0,1,1.0,1,1.0,1,0.13124471950597022,51
2177,3,3289,1742,1547,0,0,0,1.0,1,1.0,1,1.0,1,0.11046642665260256,51
2178,3,3292,1745,1547,0,0,0,1.0,1,1.0,1,1.0,1,0.1158655393884914,50
2179,5,3297,1748,1549,0,0,0,1.0,1,1.0,1,1.0,1,0.07237787358598234,49
2180,1,3298,1748,1550,0,0,0,1.0,1,1.0,1,1.0,1,0.05830650113374541,47
2181,2,3300,1750,1550,0,0,0,1.0,1,1.0,1,1.0,1,0.05850117936761501,47
2182,2,3302,1752,1550,0,0,0,1.0,1,1.0,1,1.0,1,0.05109865150741276,45
2183,2,3304,1754,1550,0,0,0,1.0,1,1.0,1,1.0,1,0.08718326317546969,44
2184,0,3304,1754,1550,0,0,0,1.0,1,1.0,1,1.0,1,0.08241325760408684,43
2185,4,3308,1758,1550,0,0,0,1.0,1,1.0,1,1.0,1,0.11506691115546995,40
2186,3,3311,1761,1550,0,0,0,1.0,1,1.0,1,1.0,1,0.11391737215972979,38
2187,3,3314,1764,1550,0,0,0,1.0,1,1.0,1,1.0,1,0.1097485633410739,35
2188,1,3315,1765,1550,0,0,0,1.0,1,1.0,1,1.0,1,0.1345726808447345,34
2189,0,3315,1765,1550,0,0,0,1.0,1,1.0,1,1.0,1,0.0970426800209183,31
2190,1,3316,1766,1550,0,0,0,1.0,1,1.0,1,1.0,1,0.1514697148992697,29
2191,1,3317,1767,1550,0,0,0,1.0,1,1.0,1,1.0,1,0.17537882783758776,28
2192,1,3318,1768,1550,0,0,0,1.0,1,1.0,1,1.0,1,0.22566922666462003,29
2193,1,3319,1769,1550,0,0,0,1.0,1,1.0,1,1.0,1,0.26781296258275683,28
2194,0,3319,1769,1550,0,0,0,1.0,1,1.0,1,1.0,1,0.2682745651347222,27
2195,2,3321,1771,1550,0,0,0,1.0,1,1.0,1,1.0,1,0.25898743261321466,27
2196,1,3322,1772,1550,0,0,0,1.0,1,1.0,1,1.0,1,0.358217384728844,27
2197,1,3323,1773,1550,0,0,0,1.0,1,1.0,1,1.0,1,0.3404665213164229,27
2198,0,3323,1773,1550,0,0,0,1.0,1,1.0,1,1.0,1,0.30462267249498787,28
2199,1,3324,1774,1550,0,0,0,1.0,1,1.0,1,1.0,1,0.3288945003218371,29
2200,0,3324,1774,1550,0,0,0,1.0,1,1.0,1,1.0,1,0.3185502095435528,31
2201,6,3330,1776,1554,0,0,0,1.0,1,1.0,1,1.0,1,0.2223490204440406,32
2202,1,3331,1776,1555,0,0,0,1.0,1,1.0,1,1.0,1,0.2189473792970132,31
2203,1,3332,1776,1556,0,0,0,1.0,1,1.0,1,1.0,1,0.17045228486070083,32
2204,0,3332,1776,1556,0,0,0,1.0,1,1.0,1,1.0,1,0.17045228486070083,32
2205,2,3334,1777,1557,0,0,0,1.0,1,1.0,1,1.0,1,0.18019979906586853,33
2206,0,3334,1777,1557,0,0,0,1.0,1,1.0,1,1.0,1,0.17808614616650106,32
2207,1,3335,1777,1558,0,0,0,1.0,1,1.0,1,1.0,1,0.1512337756619761,33
2208,1,3336,1778,1558,0,0,0,1.0,1,1.0,1,1.0,1,0.1575974812982736,35
2209,2,3338,1778,1560,0,0,0,1.0,1,1.0,1,1.0,1,0.11174970676722557,36
2210,2,3340,1779,1561,0,0,0,1.0,1,1.0,1,1.0,1,0.09931070426040015,35
2211,1,3341,1779,1562,0,0,0,1.0,1,1.0,1,1.0,1,0.11702848299176966,36
2212,0,3341,1779,1562,0,0,0,1.0,1,1.0,1,1.0,1,0.13940499006221974,37
2213,5,3346,1784,1562,0,0,0,1.0,1,1.0,1,1.0,1,0.10873512322067191,37
2214,1,3347,1784,1563,0,0,0,1.0,1,1.0,1,1.0,1,0.07625382616222989,39
2215,4,3351,1788,1563,0,0,0,1.0,1,1.0,1,1.0,1,0.08158927076187845,36
2216,2,3353,1790,1563,0,0,0,1.0,1,1.0,1,1.0,1,0.06445304550652266,37
2217,2,3355,1792,1563,0,0,0,1.0,1,1.0,1,1.0,1,0.09514423347632221,35
2218,0,3355,1792,1563,0,0,0,1.0,1,1.0,1,1.0,1,0.09514423347632221,35
2219,0,3355,1792,1563,0,0,0,1.0,1,1.0,1,1.0,1,0.06168302676368195,33
2220,0,3355,1792,1563,0,0,0,1.0,1,1.0,1,1.0,1,0.05464403648732707,31
2221,0,3355,1792,1563,0,0,0,1.0,1,1.0,1,1.0,1,0.05464403648732707,31
2222,1,3356,1793,1563,0,0,0,1.0,1,1.0,1,1.0,1,0.08383322666273434,30
2223,1,3357,1794,1563,0,0,0,1.0,1,1.0,1,1.0,1,0.09513350656517312,28
2224,2,3359,1796,1563,0,0,0,1.0,1,1.0,1,1.0,1,0.12497595392308272,29
2225,3,3362,1799,1563,0,0,0,1.0,1,1.0,1,1.0,1,0.12333880707134566,28
2226,1,3363,1800,1563,0,0,0,1.0,1,1.0,1,1.0,1,0.08345296643927204,30
2227,0,3363,1800,1563,0,0,0,1.0,1,1.0,1,1.0,1,0.1290684431862684,28
2228,2,3365,1802,1563,0,0,0,1.0,1,1.0,1,1.0,1,0.10127181670041611,29
2229,1,3366,1803,1563,0,0,0,1.0,1,1.0,1,1.0,1,0.10409773342252288,28
2230,0,3366,1803,1563,0,0,0,1.0,1,1.0,1,1.0,1,0.10143681405157325,28
2231,1,3367,1804,1563,0,0,0,1.0,1,1.0,1,1.0,1,0.19161556150489975,27
2232,0,3367,1804,1563,0,0,0,1.0,1,1.0,1,1.0,1,0.1792279253489788,27
2233,0,3367,1804,1563,0,0,0,1.0,1,1.0,1,1.0,1,0.16695954069604116,28
2234,3,3370,1807,1563,0,0,0,1.0,1,1.0,1,1.0,1,0.11095685257177229,26
2235,1,3371,1808,1563,0,0,0,1.0,1,1.0,1,1.0,1,0.08027334265586344,26
2236,1,3372,1809,1563,0,0,0,1.0,1,1.0,1,1.0,1,0.017525384786216205,26
2237,4,3376,1813,1563,0,0,0,1.0,1,1.0,1,1.0,1,0.1000584246602748,26
2238,1,3377,1814,1563,0,0,0,1.0,1,1.0,1,1.0,1,0.13078701483882402,27
2239,2,3379,1816,1563,0,0,0,1.0,1,1.0,1,1.0,1,0.1695695849933779,28
2240,3,3382,1819,1563,0,0,0,1.0,1,1.0,1,1.0,1,0.21431479358445832,30
2241,4,3386,1820,1566,0,0,0,1.0,1,1.0,1,1.0,1,0.10977535432258902,29
2242,2,3388,1822,1566,0,0,0,1.0,1,1.0,1,1.0,1,0.14662719517933107,29
2243,1,3389,1823,1566,0,0,0,1.0,1,1.0,1,1.0,1,0.16090579730380206,29
2244,0,3389,1823,1566,0,0,0,1.0,1,1.0,1,1.0,1,0.16090579730380206,29
2245,0,3389,1823,1566,0,0,0,1.0,1,1.0,1,1.0,1,0.17451957321484157,30
2246,0,3389,1823,1566,0,0,0,1.0,1,1.0,1,1.0,1,0.16201807227467027,33
2247,0,3389,1823,1566,0,0,0,1.0,1,1.0,1,1.0,1,0.14604136719942082,34
2248,0,3389,1823,1566,0,0,0,1.0,1,1.0,1,1.0,1,0.14604136719942082,34
2249,0,3389,1823,1566,0,0,0,1.0,1,1.0,1,1.0,1,0.11662444788588543,35
2250,2,3391,1824,1567,0,0,0,1.0,1,1.0,1,1.0,1,0.1324162517761468,35
2251,0,3391,1824,1567,0,0,0,1.0,1,1.0,1,1.0,1,0.10352046597680557,36
2252,1,3392,1825,1567,0,0,0,1.0,1,1.0,1,1.0,1,0.15732405310978595,37
2253,2,3394,1827,1567,0,0,0,1.0,1,1.0,1,1.0,1,0.15246936820358523,35
2254,0,3394,1827,1567,0,0,0,1.0,1,1.0,1,1.0,1,0.11765442603872903,33
2255,1,3395,1828,1567,0,0,0,1.0,1,1.0,1,1.0,1,0.15121822611537444,35
2256,2,3397,1830,1567,0,0,0,1.0,1,1.0,1,1.0,1,0.1278094607829688,34
2257,2,3399,1832,1567,0,0,0,1.0,1,1.0,1,1.0,1,0.13711370098485082,36
2258,0,3399,1832,1567,0,0,0,1.0,1,1.0,1,1.0,1,0.11715263117724797,35
2259,0,3399,1832,1567,0,0,0,1.0,1,1.0,1,1.0,1,0.13074431733184136,35
2260,1,3400,1833,1567,0,0,0,1.0,1,1.0,1,1.0,1,0.11075956965125142,33
2261,4,3404,1835,1569,0,0,0,1.0,1,1.0,1,1.0,1,0.1267894488166766,33
2262,1,3405,1835,1570,0,0,0,1.0,1,1.0,1,1.0,1,0.11051865586157282,32
2263,2,3407,1837,1570,0,0,0,1.0,1,1.0,1,1.0,1,0.17278662335516728,31
2264,1,3408,1837,1571,0,0,0,1.0,1,1.0,1,1.0,1,0.15491359456408024,30
2265,1,3409,1838,1571,0,0,0,1.0,1,1.0,1,1.0,1,0.1636705370867102,29
2266,2,3411,1840,1571,0,0,0,1.0,1,1.0,1,1.0,1,0.05521456089708213,30
2267,1,3412,1841,1571,0,0,0,1.0,1,1.0,1,1.0,1,0.06202868148429079,29
2268,4,3416,1845,1571,0,0,0,1.0,1,1.0,1,1.0,1,0.06257234332028266,30
2269,1,3417,1846,1571,0,0,0,1.0,1,1.0,1,1.0,1,0.08016974789981665,31
2270,4,3421,1849,1572,0,0,0,1.0,1,1.0,1,1.0,1,0.19337020924013823,31
2271,3,3424,1852,1572,0,0,0,1.0,1,1.0,1,1.0,1,0.15276769120749462,31
2272,1,3425,1853,1572,0,0,0,1.0,1,1.0,1,1.0,1,0.19186555973941316,31
2273,2,3427,1855,1572,0,0,0,1.0,1,1.0,1,1.0,1,0.11773519876583734,30
2274,1,3428,1856,1572,0,0,0,1.0,1,1.0,1,1.0,1,0.0721770712773069,31
2275,0,3428,1856,1572,0,0,0,1.0,1,1.0,1,1.0,1,0.08543089512350531,32
2276,0,3428,1856,1572,0,0,0,1.0,1,1.0,1,1.0,1,0.11400434766182377,31
2277,0,3428,1856,1572,0,0,0,1.0,1,1.0,1,1.0,1,0.12444703372332586,31
2278,2,3430,1858,1572,0,0,0,1.0,1,1.0,1,1.0,1,0.15866971699654292,32
2279,1,3431,1859,1572,0,0,0,1.0,1,1.0,1,1.0,1,0.19251663829508772,32
2280,0,3431,1859,1572,0,0,0,1.0,1,1.0,1,1.0,1,0.15586827599109254,33
2281,2,3433,1859,1574,0,0,0,1.0,1,1.0,1,1.0,1,0.11328792414300502,34
2282,1,3434,1860,1574,0,0,0,1.0,1,1.0,1,1.0,1,0.15028377454111808,34
2283,0,3434,1860,1574,0,0,0,1.0,1,1.0,1,1.0,1,0.15028377454111808,34
2284,1,3435,1861,1574,0,0,0,1.0,1,1.0,1,1.0,1,0.15048082999654053,34
2285,0,3435,1861,1574,0,0,0,1.0,1,1.0,1,1.0,1,0.14253899917669519,35
2286,2,3437,1861,1576,0,0,0,1.0,1,1.0,1,1.0,1,0.10321186025068059,34
2287,1,3438,1862,1576,0,0,0,1.0,1,1.0,1,1.0,1,0.1131036729342495,35
2288,0,3438,1862,1576,0,0,0,1.0,1,1.0,1,1.0,1,0.07700243036459369,35
2289,3,3441,1864,1577,0,0,0,1.0,1,1.0,1,1.0,1,0.108237658306116,37
2290,0,3441,1864,1577,0,0,0,1.0,1,1.0,1,1.0,1,0.10642199172414676,37
2291,2,3443,1866,1577,0,0,0,1.0,1,1.0,1,1.0,1,0.16267134622237397,35
2292,0,3443,1866,1577,0,0,0,1.0,1,1.0,1,1.0,1,0.16854633301976574,35
2293,1,3444,1867,1577,0,0,0,1.0,1,1.0,1,1.0,1,0.18424751579186266,34
2294,1,3445,1867,1578,0,0,0,1.0,1,1.0,1,1.0,1,0.13643044512830002,33
2295,0,3445,1867,1578,0,0,0,1.0,1,1.0,1,1.0,1,0.13920028720143607,34
2296,0,3445,1867,1578,0,0,0,1.0,1,1.0,1,1.0,1,0.12173076464146206,33
2297,0,3445,1867,1578,0,0,0,1.0,1,1.0,1,1.0,1,0.14926384469925344,32
2298,2,3447,1869,1578,0,0,0,1.0,1,1.0,1,1.0,1,0.21244645101429374,32
2299,1,3448,1870,1578,0,0,0,1.0,1,1.0,1,1.0,1,0.21581190897326538,33
2300,2,3450,1872,1578,0,0,0,1.0,1,1.0,1,1.0,1,0.2254961196579641,33
2301,3,3453,1873,1580,0,0,0,1.0,1,1.0,1,1.0,1,0.16747531989396225,33
2302,2,3455,1875,1580,0,0,0,1.0,1,1.0,1,1.0,1,0.21941000494978147,34
2303,3,3458,1877,1581,0,0,0,1.0,1,1.0,1,1.0,1,0.2081496233434221,34
2304,1,3459,1877,1582,0,0,0,1.0,1,1.0,1,1.0,1,0.16004023595853561,33
2305,2,3461,1878,1583,0,0,0,1.0,1,1.0,1,1.0,1,0.1501285246682941,33
2306,3,3464,1881,1583,0,0,0,1.0,1,1.0,1,1.0,1,0.23312037029318605,33
2307,2,3466,1881,1585,0,0,0,1.0,1,1.0,1,1.0,1,0.2089421203859308,35
2308,3,3469,1883,1586,0,0,0,1.0,1,1.0,1,1.0,1,0.2054191720721744,34
2309,0,3469,1883,1586,0,0,0,1.0,1,1.0,1,1.0,1,0.18754188391695226,34
2310,0,3469,1883,1586,0,0,0,1.0,1,1.0,1,1.0,1,0.1849346817094491,34
2311,2,3471,1883,1588,0,0,0,1.0,1,1.0,1,1.0,1,0.13223646082881246,35
2312,1,3472,1884,1588,0,0,0,1.0,1,1.0,1,1.0,1,0.13698481124273854,34
2313,0,3472,1884,1588,0,0,0,1.0,1,1.0,1,1.0,1,0.06404467558998032,35
2314,1,3473,1885,1588,0,0,0,1.0,1,1.0,1,1.0,1,0.11059602059447557,35
2315,0,3473,1885,1588,0,0,0,1.0,1,1.0,1,1.0,1,0.12474706155831183,34
2316,1,3474,1885,1589,0,0,0,1.0,1,1.0,1,1.0,1,0.07630068349452984,35
2317,2,3476,1886,1590,0,0,0,1.0,1,1.0,1,1.0,1,0.07638392002565739,32
2318,1,3477,1887,1590,0,0,0,1.0,1,1.0,1,1.0,1,0.08846484398783283,32
2319,1,3478,1888,1590,0,0,0,1.0,1,1.0,1,1.0,1,0.10778543908500827,32
2320,0,3478,1888,1590,0,0,0,1.0,1,1.0,1,1.0,1,0.12921470917656663,32
2321,1,3479,1888,1591,0,0,0,1.0,1,1.0,1,1.0,1,0.1147205945316794,33
2322,0,3479,1888,1591,0,0,0,1.0,1,1.0,1,1.0,1,0.1147205945316794,33
2323,0,3479,1888,1591,0,0,0,1.0,1,1.0,1,1.0,1,0.1147205945316794,33
2324,1,3480,1889,1591,0,0,0,1.0,1,1.0,1,1.0,1,0.10693527890511083,34
2325,0,3480,1889,1591,0,0,0,1.0,1,1.0,1,1.0,1,0.09776674024909547,35
2326,0,3480,1889,1591,0,0,0,1.0,1,1.0,1,1.0,1,0.09776674024909547,35
2327,0,3480,1889,1591,0,0,0,1.0,1,1.0,1,1.0,1,0.1188823755980398,36
2328,0,3480,1889,1591,0,0,0,1.0,1,1.0,1,1.0,1,0.12329152082503177,37
2329,0,3480,1889,1591,0,0,0,1.0,1,1.0,1,1.0,1,0.10328979037374356,37
2330,0,3480,1889,1591,0,0,0,1.0,1,1.0,1,1.0,1,0.10337054183340615,38
2331,0,3480,1889,1591,0,0,0,1.0,1,1.0,1,1.0,1,0.10322016582249322,40
2332,0,3480,1889,1591,0,0,0,1.0,1,1.0,1,1.0,1,0.10322016582249322,40
2333,1,3481,1890,1591,0,0,0,1.0,1,1.0,1,1.0,1,0.12047024502570265,41
2334,0,3481,1890,1591,0,0,0,1.0,1,1.0,1,1.0,1,0.12047024502570265,41
2335,0,3481,1890,1591,0,0,0,1.0,1,1.0,1,1.0,1,0.12047024502570265,41
2336,2,3483,1890,1593,0,0,0,1.0,1,1.0,1,1.0,1,0.07497083050987047,41
2337,3,3486,1890,1596,0,0,0,1.0,1,1.0,1,1.0,1,0.02516497103166039,42
2338,5,3491,1892,1599,0,0,0,1.0,1,1.0,1,1.0,1,0.04843156047847772,43
2339,2,3493,1892,1601,0,0,0,1.0,1,1.0,1,1.0,1,0.027007522753071653,43
2340,4,3497,1894,1603,0,0,0,1.0,1,1.0,1,1.0,1,0.061278865021829956,45
2341,0,3497,1894,1603,0,0,0,1.0,1,1.0,1,1.0,1,0.06492966265829649,45
2342,1,3498,1895,1603,0,0,0,1.0,1,1.0,1,1.0,1,0.09623396915797268,46
2343,0,3498,1895,1603,0,0,0,1.0,1,1.0,1,1.0,1,0.08465103210175597,45
2344,3,3501,1897,1604,0,0,0,1.0,1,1.0,1,1.0,1,0.11370991180269356,44
2345,2,3503,1898,1605,0,0,0,1.0,1,1.0,1,1.0,1,0.13503019294051183,44
2346,0,3503,1898,1605,0,0,0,1.0,1,1.0,1,1.0,1,0.13503019294051183,44
2347,1,3504,1899,1605,0,0,0,1.0,1,1.0,1,1.0,1,0.14047811165843832,44
2348,0,3504,1899,1605,0,0,0,1.0,1,1.0,1,1.0,1,0.1328166123029552,45
2349,4,3508,1900,1608,0,0,0,1.0,1,1.0,1,1.0,1,0.09421677084821994,46
2350,2,3510,1901,1609,0,0,0,1.0,1,1.0,1,1.0,1,0.09623484308742047,47
2351,2,3512,1901,1611,0,0,0,1.0,1,1.0,1,1.0,1,0.09785941837472768,47
2352,1,3513,1901,1612,0,0,0,1.0,1,1.0,1,1.0,1,0.12123999201050484,47
2353,2,3515,1902,1613,0,0,0,1.0,1,1.0,1,1.0,1,0.13077473033467757,46
2354,1,3516,1903,1613,0,0,0,1.0,1,1.0,1,1.0,1,0.1409421678947025,47
2355,0,3516,1903,1613,0,0,0,1.0,1,1.0,1,1.0,1,0.1409421678947025,47
2356,3,3519,1906,1613,0,0,0,1.0,1,1.0,1,1.0,1,0.1370529098470017,47
2357,2,3521,1907,1614,0,0,0,1.0,1,1.0,1,1.0,1,0.13730589027086076,47
2358,2,3523,1907,1616,0,0,0,1.0,1,1.0,1,1.0,1,0.12529805444711253,48
2359,0,3523,1907,1616,0,0,0,1.0,1,1.0,1,1.0,1,0.12264618866379158,49
2360,3,3526,1908,1618,0,0,0,1.0,1,1.0,1,1.0,1,0.10596225590391144,49
2361,0,3526,1908,1618,0,0,0,1.0,1,1.0,1,1.0,1,0.08679586496204614,50
2362,0,3526,1908,1618,0,0,0,1.0,1,1.0,1,1.0,1,0.08945798165530615,51
2363,0,3526,1908,1618,0,0,0,1.0,1,1.0,1,1.0,1,0.08945798165530615,51
2364,2,3528,1909,1619,0,0,0,1.0,1,1.0,1,1.0,1,0.08325896491248398,52
2365,2,3530,1910,1620,0,0,0,1.0,1,1.0,1,1.0,1,0.07686976313926644,53
2366,6,3536,1912,1624,0,0,0,1.0,1,1.0,1,1.0,1,0.0592664332744538,54
2367,3,3539,1915,1624,0,0,0,1.0,1,1.0,1,1.0,1,0.07558512044007375,52
2368,5,3544,1919,1625,0,0,0,1.0,1,1.0,1,1.0,1,0.08741456362468726,51
2369,2,3546,1921,1625,0,0,0,1.0,1,1.0,1,1.0,1,0.1039084146680078,51
2370,3,3549,1924,1625,0,0,0,1.0,1,1.0,1,1.0,1,0.13364366229221383,52
2371,3,3552,1927,1625,0,0,0,1.0,1,1.0,1,1.0,1,0.1395557894796319,52
2372,1,3553,1928,1625,0,0,0,1.0,1,1.0,1,1.0,1,0.16225830452229667,49
2373,1,3554,1929,1625,0,0,0,1.0,1,1.0,1,1.0,1,0.16154176959318872,47
2374,0,3554,1929,1625,0,0,0,1.0,1,1.0,1,1.0,1,0.14969025476513065,45
2375,0,3554,1929,1625,0,0,0,1.0,1,1.0,1,1.0,1,0.11744137959965038,45
2376,0,3554,1929,1625,0,0,0,1.0,1,1.0,1,1.0,1,0.1171919015879047,43
2377,2,3556,1931,1625,0,0,0,1.0,1,1.0,1,1.0,1,0.12357084333942384,44
2378,2,3558,1933,1625,0,0,0,1.0,1,1.0,1,1.0,1,0.16567501047129257,43
2379,3,3561,1935,1626,0,0,0,1.0,1,1.0,1,1.0,1,0.13693277500338288,43
2380,4,3565,1938,1627,0,0,0,1.0,1,1.0,1,1.0,1,0.055021123603143575,43
2381,3,3568,1941,1627,0,0,0,1.0,1,1.0,1,1.0,1,0.04856757475224159,44
2382,0,3568,1941,1627,0,0,0,1.0,1,1.0,1,1.0,1,0.04856757475224159,44
2383,2,3570,1943,1627,0,0,0,1.0,1,1.0,1,1.0,1,0.05373916026440687,45
2384,2,3572,1944,1628,0,0,0,1.0,1,1.0,1,1.0,1,0.07114824412560247,45
2385,1,3573,1945,1628,0,0,0,1.0,1,1.0,1,1.0,1,0.06998999876824294,45
2386,2,3575,1947,1628,0,0,0,1.0,1,1.0,1,1.0,1,0.05950532207681075,46
2387,1,3576,1948,1628,0,0,0,1.0,1,1.0,1,1.0,1,0.08579593199122558,44
2388,1,3577,1949,1628,0,0,0,1.0,1,1.0,1,1.0,1,0.07750016550809684,44
2389,2,3579,1950,1629,0,0,0,1.0,1,1.0,1,1.0,1,0.07856301832696956,43
2390,2,3581,1952,1629,0,0,0,1.0,1,1.0,1,1.0,1,0.08816080894588472,44
2391,2,3583,1954,1629,0,0,0,1.0,1,1.0,1,1.0,1,0.05572988895173377,43
2392,1,3584,1955,1629,0,0,0,1.0,1,1.0,1,1.0,1,0.09084384964015141,44
2393,2,3586,1957,1629,0,0,0,1.0,1,1.0,1,1.0,1,0.1421392019834008,45
2394,1,3587,1958,1629,0,0,0,1.0,1,1.0,1,1.0,1,0.15490216265790935,44
2395,1,3588,1959,1629,0,0,0,1.0,1,1.0,1,1.0,1,0.19328109537945393,44
2396,1,3589,1960,1629,0,0,0,1.0,1,1.0,1,1.0,1,0.22200530570241914,45
2397,0,3589,1960,1629,0,0,0,1.0,1,1.0,1,1.0,1,0.25131149666735564,44
2398,2,3591,1961,1630,0,0,0,1.0,1,1.0,1,1.0,1,0.2757079145849178,44
2399,0,3591,1961,1630,0,0,0,1.0,1,1.0,1,1.0,1,0.27505426691576446,45
2400,0,3591,1961,1630,0,0,0,1.0,1,1.0,1,1.0,1,0.27505426691576446,45
2401,6,3597,1961,1636,0,0,0,1.0,1,1.0,1,1.0,1,0.20398538470797872,46
2402,1,3598,1961,1637,0,0,0,1.0,1,1.0,1,1.0,1,0.16299774591337954,47
2403,3,3601,1962,1639,0,0,0,1.0,1,1.0,1,1.0,1,0.14276819208308736,48
2404,4,3605,1965,1640,0,0,0,1.0,1,1.0,1,1.0,1,0.14209241364454325,47
2405,4,3609,1966,1643,0,0,0,1.0,1,1.0,1,1.0,1,0.0842966125176034,45
2406,3,3612,1967,1645,0,0,0,1.0,1,1.0,1,1.0,1,0.09997639438064607,45
2407,2,3614,1969,1645,0,0,0,1.0,1,1.0,1,1.0,1,0.07455599012294147,42
2408,0,3614,1969,1645,0,0,0,1.0,1,1.0,1,1.0,1,0.05556854710834039,41
2409,4,3618,1972,1646,0,0,0,1.0,1,1.0,1,1.0,1,0.08060776288041487,41
2410,0,3618,1972,1646,0,0,0,1.0,1,1.0,1,1.0,1,0.07002037402160052,40
2411,4,3622,1976,1646,0,0,0,1.0,1,1.0,1,1.0,1,0.09238067945089899,40
2412,1,3623,1977,1646,0,0,0,1.0,1,1.0,1,1.0,1,0.06802806013139448,38
2413,3,3626,1979,1647,0,0,0,1.0,1,1.0,1,1.0,1,0.14095561978437368,38
2414,3,3629,1981,1648,0,0,0,1.0,1,1.0,1,1.0,1,0.12916846873624377,36
2415,4,3633,1982,1651,0,0,0,1.0,1,1.0,1,1.0,1,0.17323309552518426,36
2416,3,3636,1982,1654,0,0,0,1.0,1,1.0,1,1.0,1,0.1904852020059895,35
2417,4,3640,1982,1658,0,0,0,1.0,1,1.0,1,1.0,1,0.24764566933260507,33
2418,0,3640,1982,1658,0,0,0,1.0,1,1.0,1,1.0,1,0.24764566933260507,33
2419,3,3643,1985,1658,0,0,0,1.0,1,1.0,1,1.0,1,0.23916249191895425,33
2420,2,3645,1986,1659,0,0,0,1.0,1,1.0,1,1.0,1,0.14383872877763573,34
2421,2,3647,1986,1661,0,0,0,1.0,1,1.0,1,1.0,1,0.1038209554872991,34
2422,1,3648,1986,1662,0,0,0,1.0,1,1.0,1,1.0,1,0.07340994108676979,35
2423,2,3650,1988,1662,0,0,0,1.0,1,1.0,1,1.0,1,0.08984619479845249,36
2424,1,3651,1989,1662,0,0,0,1.0,1,1.0,1,1.0,1,0.04055860039164795,35
2425,3,3654,1992,1662,0,0,0,1.0,1,1.0,1,1.0,1,0.08497664464995865,33
2426,0,3654,1992,1662,0,0,0,1.0,1,1.0,1,1.0,1,0.09909391359557847,34
2427,2,3656,1994,1662,0,0,0,1.0,1,1.0,1,1.0,1,0.09057093407537488,34
2428,0,3656,1994,1662,0,0,0,1.0,1,1.0,1,1.0,1,0.09057093407537488,34
2429,1,3657,1995,1662,0,0,0,1.0,1,1.0,1,1.0,1,0.1586441234180281,34
2430,0,3657,1995,1662,0,0,0,1.0,1,1.0,1,1.0,1,0.19169511860825805,33
2431,2,3659,1997,1662,0,0,0,1.0,1,1.0,1,1.0,1,0.1789213590961113,33
2432,0,3659,1997,1662,0,0,0,1.0,1,1.0,1,1.0,1,0.2274030966925406,33
2433,3,3662,2000,1662,0,0,0,1.0,1,1.0,1,1.0,1,0.2200312685537915,34
2434,0,3662,2000,1662,0,0,0,1.0,1,1.0,1,1.0,1,0.2200312685537915,34
2435,0,3662,2000,1662,0,0,0,1.0,1,1.0,1,1.0,1,0.2200312685537915,34
2436,2,3664,2002,1662,0,0,0,1.0,1,1.0,1,1.0,1,0.16953817211896313,33
2437,2,3666,2004,1662,0,0,0,1.0,1,1.0,1,1.0,1,0.22418109553224702,33
2438,2,3668,2005,1663,0,0,0,1.0,1,1.0,1,1.0,1,0.21310466243806916,34
2439,0,3668,2005,1663,0,0,0,1.0,1,1.0,1,1.0,1,0.21683038664629337,35
2440,0,3668,2005,1663,0,0,0,1.0,1,1.0,1,1.0,1,0.21683038664629337,35
2441,5,3673,2007,1666,0,0,0,1.0,1,1.0,1,1.0,1,0.1628837815807058,35
2442,2,3675,2007,1668,0,0,0,1.0,1,1.0,1,1.0,1,0.10765633977761675,35
2443,3,3678,2010,1668,0,0,0,1.0,1,1.0,1,1.0,1,0.20386127833971626,35
2444,2,3680,2011,1669,0,0,0,1.0,1,1.0,1,1.0,1,0.21045349152422685,34
2445,2,3682,2012,1670,0,0,0,1.0,1,1.0,1,1.0,1,0.2339563426145263,33
2446,0,3682,2012,1670,0,0,0,1.0,1,1.0,1,1.0,1,0.24239584589192548,30
2447,2,3684,2014,1670,0,0,0,1.0,1,1.0,1,1.0,1,0.19853529529211564,29
2448,2,3686,2016,1670,0,0,0,1.0,1,1.0,1,1.0,1,0.13751712461112317,27
2449,0,3686,2016,1670,0,0,0,1.0,1,1.0,1,1.0,1,0.12146357250394384,26
2450,1,3687,2017,1670,0,0,0,1.0,1,1.0,1,1.0,1,0.09619207584481615,28
2451,0,3687,2017,1670,0,0,0,1.0,1,1.0,1,1.0,1,0.09619207584481615,28
2452,1,3688,2018,1670,0,0,0,1.0,1,1.0,1,1.0,1,0.11480461880037195,29
2453,1,3689,2019,1670,0,0,0,1.0,1,1.0,1,1.0,1,0.14658511152107623,30
2454,4,3693,2021,1672,0,0,0,1.0,1,1.0,1,1.0,1,0.18290626403024585,32
2455,6,3699,2022,1677,0,0,0,1.0,1,1.0,1,1.0,1,0.1905797332738775,33
2456,4,3703,2024,1679,0,0,0,1.0,1,1.0,1,1.0,1,0.1829609404243996,34
2457,3,3706,2025,1681,0,0,0,1.0,1,1.0,1,1.0,1,0.16023434855354693,34
2458,1,3707,2026,1681,0,0,0,1.0,1,1.0,1,1.0,1,0.10786637488324605,36
2459,0,3707,2026,1681,0,0,0,1.0,1,1.0,1,1.0,1,0.10786637488324605,36
2460,2,3709,2028,1681,0,0,0,1.0,1,1.0,1,1.0,1,0.14272675901718332,37
2461,3,3712,2030,1682,0,0,0,1.0,1,1.0,1,1.0,1,0.12446246331586892,37
2462,1,3713,2031,1682,0,0,0,1.0,1,1.0,1,1.0,1,0.16608450366987873,38
2463,0,3713,2031,1682,0,0,0,1.0,1,1.0,1,1.0,1,0.1479808534893106,38
2464,3,3716,2032,1684,0,0,0,1.0,1,1.0,1,1.0,1,0.07646801520366227,37
2465,1,3717,2033,1684,0,0,0,1.0,1,1.0,1,1.0,1,0.08051010149748043,36
2466,1,3718,2034,1684,0,0,0,1.0,1,1.0,1,1.0,1,0.10842693116056493,36
2467,0,3718,2034,1684,0,0,0,1.0,1,1.0,1,1.0,1,0.12961250886703252,34
2468,1,3719,2035,1684,0,0,0,1.0,1,1.0,1,1.0,1,0.1777100066233712,33
2469,1,3720,2036,1684,0,0,0,1.0,1,1.0,1,1.0,1,0.19909901800158764,32
2470,0,3720,2036,1684,0,0,0,1.0,1,1.0,1,1.0,1,0.1817694070598784,33
2471,1,3721,2036,1685,0,0,0,1.0,1,1.0,1,1.0,1,0.17030724505205358,31
2472,0,3721,2036,1685,0,0,0,1.0,1,1.0,1,1.0,1,0.17563006734928308,32
2473,1,3722,2037,1685,0,0,0,1.0,1,1.0,1,1.0,1,0.16894264098653783,31
2474,1,3723,2038,1685,0,0,0,1.0,1,1.0,1,1.0,1,0.18850688790908401,33
2475,1,3724,2039,1685,0,0,0,1.0,1,1.0,1,1.0,1,0.23502740907938102,33
2476,2,3726,2040,1686,0,0,0,1.0,1,1.0,1,1.0,1,0.25901260697975187,33
2477,2,3728,2042,1686,0,0,0,1.0,1,1.0,1,1.0,1,0.2511898994050331,33
2478,0,3728,2042,1686,0,0,0,1.0,1,1.0,1,1.0,1,0.2511898994050331,33
2479,3,3731,2045,1686,0,0,0,1.0,1,1.0,1,1.0,1,0.26437215675942727,33
2480,3,3734,2046,1688,0,0,0,1.0,1,1.0,1,1.0,1,0.28220278947170496,34
2481,8,3742,2050,1692,0,0,0,1.0,1,1.0,1,1.0,1,0.16335538612849224,33
2482,2,3744,2051,1693,0,0,0,1.0,1,1.0,1,1.0,1,0.10425153446051016,34
2483,0,3744,2051,1693,0,0,0,1.0,1,1.0,1,1.0,1,0.06595724616273793,33
2484,1,3745,2052,1693,0,0,0,1.0,1,1.0,1,1.0,1,0.05182114461416233,32
2485,2,3747,2054,1693,0,0,0,1.0,1,1.0,1,1.0,1,0.049644882639310155,31
2486,2,3749,2056,1693,0,0,0,1.0,1,1.0,1,1.0,1,0.07752837465467488,29
2487,1,3750,2057,1693,0,0,0,1.0,1,1.0,1,1.0,1,0.05989067601133351,29
2488,1,3751,2058,1693,0,0,0,1.0,1,1.0,1,1.0,1,0.11657629158002424,30
2489,1,3752,2059,1693,0,0,0,1.0,1,1.0,1,1.0,1,0.09611102060971005,29
2490,0,3752,2059,1693,0,0,0,1.0,1,1.0,1,1.0,1,0.06824206647942954,30
2491,0,3752,2059,1693,0,0,0,1.0,1,1.0,1,1.0,1,0.06640959107503651,30
2492,2,3754,2061,1693,0,0,0,1.0,1,1.0,1,1.0,1,0.06830322750878114,29
2493,0,3754,2061,1693,0,0,0,1.0,1,1.0,1,1.0,1,0.06830322750878114,29
2494,1,3755,2062,1693,0,0,0,1.0,1,1.0,1,1.0,1,0.04022448684119389,28
2495,0,3755,2062,1693,0,0,0,1.0,1,1.0,1,1.0,1,0.029828197411195172,29
2496,0,3755,2062,1693,0,0,0,1.0,1,1.0,1,1.0,1,0.033076827980018604,28
2497,0,3755,2062,1693,0,0,0,1.0,1,1.0,1,1.0,1,0.05878160705921434,28
2498,0,3755,2062,1693,0,0,0,1.0,1,1.0,1,1.0,1,0.08478432861664846,29
2499,0,3755,2062,1693,0,0,0,1.0,1,1.0,1,1.0,1,0.09087053729586161,30
2500,1,3756,2063,1693,0,0,0,1.0,1,1.0,1,1.0,1,0.09923724451117542,29
2501,4,3760,2066,1694,0,0,0,1.0,1,1.0,1,1.0,1,0.05746007634166975,33
2502,1,3761,2067,1694,0,0,0,1.0,1,1.0,1,1.0,1,0.0715929603571923,33
2503,2,3763,2069,1694,0,0,0,1.0,1,1.0,1,1.0,1,0.09668752248951125,31
2504,2,3765,2071,1694,0,0,0,1.0,1,1.0,1,1.0,1,0.06714180120663626,31
2505,2,3767,2073,1694,0,0,0,1.0,1,1.0,1,1.0,1,0.040050577011630756,32
2506,3,3770,2075,1695,0,0,0,1.0,1,1.0,1,1.0,1,0.05233372248354251,31
2507,3,3773,2078,1695,0,0,0,1.0,1,1.0,1,1.0,1,0.1674363703910232,29
2508,4,3777,2080,1697,0,0,0,1.0,1,1.0,1,1.0,1,0.17274940758480323,31
2509,2,3779,2081,1698,0,0,0,1.0,1,1.0,1,1.0,1,0.1404489839072664,30
2510,1,3780,2081,1699,0,0,0,1.0,1,1.0,1,1.0,1,0.20150181197981254,31
2511,3,3783,2083,1700,0,0,0,1.0,1,1.0,1,1.0,1,0.03077781944779216,32
2512,2,3785,2085,1700,0,0,0,1.0,1,1.0,1,1.0,1,0.034647115414724226,32
2513,1,3786,2085,1701,0,0,0,1.0,1,1.0,1,1.0,1,0.05191187905190724,34
2514,0,3786,2085,1701,0,0,0,1.0,1,1.0,1,1.0,1,0.05644552393223265,35
2515,1,3787,2085,1702,0,0,0,1.0,1,1.0,1,1.0,1,0.07044666432969154,35
2516,2,3789,2087,1702,0,0,0,1.0,1,1.0,1,1.0,1,0.15780429466394505,34
2517,1,3790,2088,1702,0,0,0,1.0,1,1.0,1,1.0,1,0.14769121843693947,34
2518,3,3793,2090,1703,0,0,0,1.0,1,1.0,1,1.0,1,0.15042548263598116,33
2519,1,3794,2091,1703,0,0,0,1.0,1,1.0,1,1.0,1,0.11973917519717395,32
2520,1,3795,2092,1703,0,0,0,1.0,1,1.0,1,1.0,1,0.10543998331921618,31
2521,2,3797,2093,1704,0,0,0,1.0,1,1.0,1,1.0,1,0.096316994369443,31
2522,0,3797,2093,1704,0,0,0,1.0,1,1.0,1,1.0,1,0.061915609531603924,30
2523,0,3797,2093,1704,0,0,0,1.0,1,1.0,1,1.0,1,0.09984386397912601,30
2524,0,3797,2093,1704,0,0,0,1.0,1,1.0,1,1.0,1,0.11167405659755997,29
2525,0,3797,2093,1704,0,0,0,1.0,1,1.0,1,1.0,1,0.11167405659755997,29
2526,0,3797,2093,1704,0,0,0,1.0,1,1.0,1,1.0,1,0.1414755932731592,27
2527,0,3797,2093,1704,0,0,0,1.0,1,1.0,1,1.0,1,0.1336480471000878,28
2528,0,3797,2093,1704,0,0,0,1.0,1,1.0,1,1.0,1,0.1336480471000878,28
2529,0,3797,2093,1704,0,0,0,1.0,1,1.0,1,1.0,1,0.1336480471000878,28
2530,0,3797,2093,1704,0,0,0,1.0,1,1.0,1,1.0,1,0.13363745984283323,29
2531,0,3797,2093,1704,0,0,0,1.0,1,1.0,1,1.0,1,0.1553346413122469,30
2532,0,3797,2093,1704,0,0,0,1.0,1,1.0,1,1.0,1,0.15766581470817173,31
2533,0,3797,2093,1704,0,0,0,1.0,1,1.0,1,1.0,1,0.15766581470817173,31
2534,0,3797,2093,1704,0,0,0,1.0,1,1.0,1,1.0,1,0.15766581470817173,31
2535,1,3798,2094,1704,0,0,0,1.0,1,1.0,1,1.0,1,0.2142258556029809,31
2536,4,3802,2094,1708,0,0,0,1.0,1,1.0,1,1.0,1,0.14757923709956236,32
2537,2,3804,2095,1709,0,0,0,1.0,1,1.0,1,1.0,1,0.1612113904226794,33
2538,0,3804,2095,1709,0,0,0,1.0,1,1.0,1,1.0,1,0.15995102453922797,35
2539,3,3807,2098,1709,0,0,0,1.0,1,1.0,1,1.0,1,0.1215182200456759,37
2540,4,3811,2102,1709,0,0,0,1.0,1,1.0,1,1.0,1,0.18135623773278106,38
2541,2,3813,2103,1710,0,0,0,1.0,1,1.0,1,1.0,1,0.11799723311062615,39
2542,3,3816,2106,1710,0,0,0,1.0,1,1.0,1,1.0,1,0.16104954696011145,38
2543,2,3818,2108,1710,0,0,0,1.0,1,1.0,1,1.0,1,0.14816732476479755,41
2544,1,3819,2109,1710,0,0,0,1.0,1,1.0,1,1.0,1,0.13363892752069262,39
2545,1,3820,2110,1710,0,0,0,1.0,1,1.0,1,1.0,1,0.16464220922896047,40
2546,3,3823,2112,1711,0,0,0,1.0,1,1.0,1,1.0,1,0.1579726857680686,38
2547,2,3825,2114,1711,0,0,0,1.0,1,1.0,1,1.0,1,0.1641384554800979,38
2548,0,3825,2114,1711,0,0,0,1.0,1,1.0,1,1.0,1,0.1441279960492192,35
2549,0,3825,2114,1711,0,0,0,1.0,1,1.0,1,1.0,1,0.13150372165720253,35
2550,0,3825,2114,1711,0,0,0,1.0,1,1.0,1,1.0,1,0.1344470346973982,33
2551,1,3826,2115,1711,0,0,0,1.0,1,1.0,1,1.0,1,0.19306211362615286,31
2552,0,3826,2115,1711,0,0,0,1.0,1,1.0,1,1.0,1,0.2008464373572543,30
2553,1,3827,2116,1711,0,0,0,1.0,1,1.0,1,1.0,1,0.23718493544276756,30
2554,0,3827,2116,1711,0,0,0,1.0,1,1.0,1,1.0,1,0.22452770400470887,32
2555,0,3827,2116,1711,0,0,0,1.0,1,1.0,1,1.0,1,0.2564081798750984,32
2556,2,3829,2118,1711,0,0,0,1.0,1,1.0,1,1.0,1,0.20766572422491147,32
2557,1,3830,2119,1711,0,0,0,1.0,1,1.0,1,1.0,1,0.20778725431280282,30
2558,0,3830,2119,1711,0,0,0,1.0,1,1.0,1,1.0,1,0.1717019809754598,31
2559,0,3830,2119,1711,0,0,0,1.0,1,1.0,1,1.0,1,0.15954741200548278,30
2560,0,3830,2119,1711,0,0,0,1.0,1,1.0,1,1.0,1,0.15954741200548278,30
2561,0,3830,2119,1711,0,0,0,1.0,1,1.0,1,1.0,1,0.15954741200548278,30
2562,0,3830,2119,1711,0,0,0,1.0,1,1.0,1,1.0,1,0.16646273489155242,33
2563,0,3830,2119,1711,0,0,0,1.0,1,1.0,1,1.0,1,0.16646273489155242,33
2564,0,3830,2119,1711,0,0,0,1.0,1,1.0,1,1.0,1,0.16646273489155242,33
2565,1,3831,2120,1711,0,0,0,1.0,1,1.0,1,1.0,1,0.14100354075954258,33
2566,1,3832,2121,1711,0,0,0,1.0,1,1.0,1,1.0,1,0.14074663476196111,35
2567,2,3834,2123,1711,0,0,0,1.0,1,1.0,1,1.0,1,0.1646074323090838,36
2568,2,3836,2124,1712,0,0,0,1.0,1,1.0,1,1.0,1,0.18581192482967052,37
2569,0,3836,2124,1712,0,0,0,1.0,1,1.0,1,1.0,1,0.18581192482967052,37
2570,0,3836,2124,1712,0,0,0,1.0,1,1.0,1,1.0,1,0.19714944090878272,37
2571,0,3836,2124,1712,0,0,0,1.0,1,1.0,1,1.0,1,0.19714944090878272,37
2572,0,3836,2124,1712,0,0,0,1.0,1,1.0,1,1.0,1,0.17665526384990732,39
2573,0,3836,2124,1712,0,0,0,1.0,1,1.0,1,1.0,1,0.17665526384990732,39
2574,0,3836,2124,1712,0,0,0,1.0,1,1.0,1,1.0,1,0.17471569501214215,38
2575,0,3836,2124,1712,0,0,0,1.0,1,1.0,1,1.0,1,0.17471569501214215,38
2576,0,3836,2124,1712,0,0,0,1.0,1,1.0,1,1.0,1,0.2031741225103959,37
2577,1,3837,2125,1712,0,0,0,1.0,1,1.0,1,1.0,1,0.2169964576149346,39
2578,4,3841,2127,1714,0,0,0,1.0,1,1.0,1,1.0,1,0.2287440614511133,40
2579,1,3842,2127,1715,0,0,0,1.0,1,1.0,1,1.0,1,0.21933595413935364,41
2580,4,3846,2128,1718,0,0,0,1.0,1,1.0,1,1.0,1,0.17785423232197387,42
2581,3,3849,2128,1721,0,0,0,1.0,1,1.0,1,1.0,1,0.11153900548983581,43
2582,2,3851,2128,1723,0,0,0,1.0,1,1.0,1,1.0,1,0.05868261317362092,43
2583,3,3854,2129,1725,0,0,0,1.0,1,1.0,1,1.0,1,0.04217154413257558,43
2584,1,3855,2129,1726,0,0,0,1.0,1,1.0,1,1.0,1,0.04174756707147123,43
2585,2,3857,2129,1728,0,0,0,1.0,1,1.0,1,1.0,1,0.024988284538034516,44
2586,0,3857,2129,1728,0,0,0,1.0,1,1.0,1,1.0,1,0.03386311703461542,43
2587,3,3860,2132,1728,0,0,0,1.0,1,1.0,1,1.0,1,0.07504201625823569,44
2588,0,3860,2132,1728,0,0,0,1.0,1,1.0,1,1.0,1,0.07504201625823569,44
2589,3,3863,2134,1729,0,0,0,1.0,1,1.0,1,1.0,1,0.06518770867694577,44
2590,1,3864,2135,1729,0,0,0,1.0,1,1.0,1,1.0,1,0.032350013650562184,44
2591,1,3865,2136,1729,0,0,0,1.0,1,1.0,1,1.0,1,0.04761974451814784,44
2592,1,3866,2137,1729,0,0,0,1.0,1,1.0,1,1.0,1,0.07961366573528067,44
2593,3,3869,2139,1730,0,0,0,1.0,1,1.0,1,1.0,1,0.08521476003738272,43
2594,2,3871,2140,1731,0,0,0,1.0,1,1.0,1,1.0,1,0.08135002510190166,48
2595,2,3873,2141,1732,0,0,0,1.0,1,1.0,1,1.0,1,0.05596402188174763,45
2596,2,3875,2142,1733,0,0,0,1.0,1,1.0,1,1.0,1,0.052588098328669626,46
2597,1,3876,2143,1733,0,0,0,1.0,1,1.0,1,1.0,1,0.04875578681129094,45
2598,1,3877,2144,1733,0,0,0,1.0,1,1.0,1,1.0,1,0.04132387363937702,45
2599,1,3878,2145,1733,0,0,0,1.0,1,1.0,1,1.0,1,0.054867583157152726,45
2600,1,3879,2146,1733,0,0,0,1.0,1,1.0,1,1.0,1,0.0567380270951023,48
2601,2,3881,2147,1734,0,0,0,1.0,1,1.0,1,1.0,1,0.043568216508687245,47
2602,0,3881,2147,1734,0,0,0,1.0,1,1.0,1,1.0,1,0.03751205108286066,48
2603,0,3881,2147,1734,0,0,0,1.0,1,1.0,1,1.0,1,0.03751205108286066,48
2604,1,3882,2148,1734,0,0,0,1.0,1,1.0,1,1.0,1,0.05040873059265599,47
2605,0,3882,2148,1734,0,0,0,1.0,1,1.0,1,1.0,1,0.05040873059265599,47
2606,0,3882,2148,1734,0,0,0,1.0,1,1.0,1,1.0,1,0.039531686770354,46
2607,0,3882,2148,1734,0,0,0,1.0,1,1.0,1,1.0,1,0.014826931199661693,45
2608,1,3883,2149,1734,0,0,0,1.0,1,1.0,1,1.0,1,0.026289998169877656,45
2609,2,3885,2151,1734,0,0,0,1.0,1,1.0,1,1.0,1,0.03882808800188829,44
2610,2,3887,2153,1734,0,0,0,1.0,1,1.0,1,1.0,1,0.10537851540752363,45
2611,5,3892,2158,1734,0,0,0,1.0,1,1.0,1,1.0,1,0.1530323252211021,46
2612,2,3894,2160,1734,0,0,0,1.0,1,1.0,1,1.0,1,0.1468653065715096,47
2613,2,3896,2161,1735,0,0,0,1.0,1,1.0,1,1.0,1,0.16729844597110663,48
2614,2,3898,2163,1735,0,0,0,1.0,1,1.0,1,1.0,1,0.23108254650867027,48
2615,3,3901,2166,1735,0,0,0,1.0,1,1.0,1,1.0,1,0.21520994871965513,49
2616,0,3901,2166,1735,0,0,0,1.0,1,1.0,1,1.0,1,0.21520994871965513,49
2617,0,3901,2166,1735,0,0,0,1.0,1,1.0,1,1.0,1,0.2019907023131567,48
2618,2,3903,2168,1735,0,0,0,1.0,1,1.0,1,1.0,1,0.18143820743749803,47
2619,0,3903,2168,1735,0,0,0,1.0,1,1.0,1,1.0,1,0.15608556083573857,50
2620,5,3908,2172,1736,0,0,0,1.0,1,1.0,1,1.0,1,0.16288894118568104,51
2621,5,3913,2173,1740,0,0,0,1.0,1,1.0,1,1.0,1,0.14905713653859415,52
2622,4,3917,2176,1741,0,0,0,1.0,1,1.0,1,1.0,1,0.11209104657709706,52
2623,2,3919,2177,1742,0,0,0,1.0,1,1.0,1,1.0,1,0.10133460666219489,53
2624,1,3920,2178,1742,0,0,0,1.0,1,1.0,1,1.0,1,0.12756045615794034,51
2625,3,3923,2180,1743,0,0,0,1.0,1,1.0,1,1.0,1,0.11063000158274662,50
2626,1,3924,2180,1744,0,0,0,1.0,1,1.0,1,1.0,1,0.13243325457700839,49
2627,1,3925,2181,1744,0,0,0,1.0,1,1.0,1,1.0,1,0.1481511761850102,48
2628,2,3927,2182,1745,0,0,0,1.0,1,1.0,1,1.0,1,0.13953643701318286,48
2629,1,3928,2182,1746,0,0,0,1.0,1,1.0,1,1.0,1,0.1290803643822976,47
2630,0,3928,2182,1746,0,0,0,1.0,1,1.0,1,1.0,1,0.1515055863629851,47
2631,3,3931,2184,1747,0,0,0,1.0,1,1.0,1,1.0,1,0.11748675678703928,47
2632,0,3931,2184,1747,0,0,0,1.0,1,1.0,1,1.0,1,0.1313417644075547,47
2633,3,3934,2187,1747,0,0,0,1.0,1,1.0,1,1.0,1,0.10324811607110893,44
2634,1,3935,2187,1748,0,0,0,1.0,1,1.0,1,1.0,1,0.11039398183220576,44
2635,3,3938,2190,1748,0,0,0,1.0,1,1.0,1,1.0,1,0.12439355425297634,45
2636,2,3940,2192,1748,0,0,0,1.0,1,1.0,1,1.0,1,0.17350295975801103,40
2637,3,3943,2195,1748,0,0,0,1.0,1,1.0,1,1.0,1,0.18663579481993814,41
2638,2,3945,2197,1748,0,0,0,1.0,1,1.0,1,1.0,1,0.21791852321807548,38
2639,0,3945,2197,1748,0,0,0,1.0,1,1.0,1,1.0,1,0.19510393974825574,39
2640,4,3949,2201,1748,0,0,0,1.0,1,1.0,1,1.0,1,0.23662567572163323,38
2641,3,3952,2203,1749,0,0,0,1.0,1,1.0,1,1.0,1,0.15930084850358678,37
2642,3,3955,2205,1750,0,0,0,1.0,1,1.0,1,1.0,1,0.17234647425258612,38
2643,0,3955,2205,1750,0,0,0,1.0,1,1.0,1,1.0,1,0.11834913092269911,37
2644,2,3957,2207,1750,0,0,0,1.0,1,1.0,1,1.0,1,0.13332777968354412,36
2645,0,3957,2207,1750,0,0,0,1.0,1,1.0,1,1.0,1,0.11180710008063438,35
2646,1,3958,2208,1750,0,0,0,1.0,1,1.0,1,1.0,1,0.14316242759545886,35
2647,3,3961,2211,1750,0,0,0,1.0,1,1.0,1,1.0,1,0.14416185700906695,35
2648,0,3961,2211,1750,0,0,0,1.0,1,1.0,1,1.0,1,0.11485797773675857,36
2649,2,3963,2212,1751,0,0,0,1.0,1,1.0,1,1.0,1,0.12221754055795017,37
2650,3,3966,2213,1753,0,0,0,1.0,1,1.0,1,1.0,1,0.10180450386808268,39
2651,2,3968,2215,1753,0,0,0,1.0,1,1.0,1,1.0,1,0.12922574106392012,39
2652,0,3968,2215,1753,0,0,0,1.0,1,1.0,1,1.0,1,0.12922574106392012,39
2653,0,3968,2215,1753,0,0,0,1.0,1,1.0,1,1.0,1,0.12922574106392012,39
2654,1,3969,2216,1753,0,0,0,1.0,1,1.0,1,1.0,1,0.1094133465902505,40
2655,0,3969,2216,1753,0,0,0,1.0,1,1.0,1,1.0,1,0.1094133465902505,40
2656,2,3971,2218,1753,0,0,0,1.0,1,1.0,1,1.0,1,0.08367646742021248,39
2657,1,3972,2218,1754,0,0,0,1.0,1,1.0,1,1.0,1,0.09662943154726915,40
2658,1,3973,2218,1755,0,0,0,1.0,1,1.0,1,1.0,1,0.12197288593353331,41
2659,0,3973,2218,1755,0,0,0,1.0,1,1.0,1,1.0,1,0.12197288593353331,41
2660,2,3975,2220,1755,0,0,0,1.0,1,1.0,1,1.0,1,0.15706460135126457,40
2661,5,3980,2221,1759,0,0,0,1.0,1,1.0,1,1.0,1,0.016979541665583298,40
2662,0,3980,2221,1759,0,0,0,1.0,1,1.0,1,1.0,1,0.032311727094694806,42
2663,1,3981,2222,1759,0,0,0,1.0,1,1.0,1,1.0,1,0.05208405856598566,41
2664,1,3982,2223,1759,0,0,0,1.0,1,1.0,1,1.0,1,0.06952989467219417,42
2665,3,3985,2226,1759,0,0,0,1.0,1,1.0,1,1.0,1,0.12848276226035832,43
2666,2,3987,2228,1759,0,0,0,1.0,1,1.0,1,1.0,1,0.15159260162849358,44
2667,3,3990,2229,1761,0,0,0,1.0,1,1.0,1,1.0,1,0.17718945924723278,42
2668,3,3993,2230,1763,0,0,0,1.0,1,1.0,1,1.0,1,0.17959052239546228,41
2669,1,3994,2230,1764,0,0,0,1.0,1,1.0,1,1.0,1,0.17103145820332014,42
2670,0,3994,2230,1764,0,0,0,1.0,1,1.0,1,1.0,1,0.1829492451420488,40
2671,0,3994,2230,1764,0,0,0,1.0,1,1.0,1,1.0,1,0.16724311670110484,39
2672,0,3994,2230,1764,0,0,0,1.0,1,1.0,1,1.0,1,0.16751558197489108,36
2673,2,3996,2232,1764,0,0,0,1.0,1,1.0,1,1.0,1,0.20184344687277447,35
2674,2,3998,2233,1765,0,0,0,1.0,1,1.0,1,1.0,1,0.17794146829722074,33
2675,3,4001,2235,1766,0,0,0,1.0,1,1.0,1,1.0,1,0.18536331333969544,34
2676,1,4002,2235,1767,0,0,0,1.0,1,1.0,1,1.0,1,0.14240558555145574,32
2677,2,4004,2237,1767,0,0,0,1.0,1,1.0,1,1.0,1,0.20658165601627565,33
2678,0,4004,2237,1767,0,0,0,1.0,1,1.0,1,1.0,1,0.1740624729871032,33
2679,1,4005,2238,1767,0,0,0,1.0,1,1.0,1,1.0,1,0.19620114516297513,32
2680,1,4006,2239,1767,0,0,0,1.0,1,1.0,1,1.0,1,0.17649627053944966,32
2681,2,4008,2239,1769,0,0,0,1.0,1,1.0,1,1.0,1,0.0901162702349011,32
2682,0,4008,2239,1769,0,0,0,1.0,1,1.0,1,1.0,1,0.06156929922186592,33
2683,0,4008,2239,1769,0,0,0,1.0,1,1.0,1,1.0,1,0.04055827825957732,32
2684,0,4008,2239,1769,0,0,0,1.0,1,1.0,1,1.0,1,0.03543917797294689,31
2685,1,4009,2240,1769,0,0,0,1.0,1,1.0,1,1.0,1,0.01983310409856209,31
2686,0,4009,2240,1769,0,0,0,1.0,1,1.0,1,1.0,1,0.04816975094692105,30
2687,0,4009,2240,1769,0,0,0,1.0,1,1.0,1,1.0,1,0.04816975094692105,30
2688,1,4010,2241,1769,0,0,0,1.0,1,1.0,1,1.0,1,0.07014191663674597,30
2689,3,4013,2243,1770,0,0,0,1.0,1,1.0,1,1.0,1,0.09223507529281201,31
2690,7,4020,2248,1772,0,0,0,1.0,1,1.0,1,1.0,1,0.09227915675886636,31
2691,1,4021,2249,1772,0,0,0,1.0,1,1.0,1,1.0,1,0.09346058484038677,32
2692,2,4023,2251,1772,0,0,0,1.0,1,1.0,1,1.0,1,0.15832190644396954,32
2693,2,4025,2253,1772,0,0,0,1.0,1,1.0,1,1.0,1,0.14387144972833696,33
2694,1,4026,2253,1773,0,0,0,1.0,1,1.0,1,1.0,1,0.15919276203718355,34
2695,1,4027,2253,1774,0,0,0,1.0,1,1.0,1,1.0,1,0.09346927611147321,35
2696,0,4027,2253,1774,0,0,0,1.0,1,1.0,1,1.0,1,0.09346927611147321,35
2697,1,4028,2254,1774,0,0,0,1.0,1,1.0,1,1.0,1,0.11215954470610456,35
2698,0,4028,2254,1774,0,0,0,1.0,1,1.0,1,1.0,1,0.09420652990784012,36
2699,1,4029,2254,1775,0,0,0,1.0,1,1.0,1,1.0,1,0.09187734275660894,36
2700,1,4030,2255,1775,0,0,0,1.0,1,1.0,1,1.0,1,0.0642163614520101,37
2701,0,4030,2255,1775,0,0,0,1.0,1,1.0,1,1.0,1,0.0642163614520101,37
2702,3,4033,2258,1775,0,0,0,1.0,1,1.0,1,1.0,1,0.13371454140630967,37
2703,1,4034,2259,1775,0,0,0,1.0,1,1.0,1,1.0,1,0.11270026210787189,38
2704,3,4037,2261,1776,0,0,0,1.0,1,1.0,1,1.0,1,0.1357966788238077,37
2705,1,4038,2262,1776,0,0,0,1.0,1,1.0,1,1.0,1,0.14520006693203397,36
2706,2,4040,2264,1776,0,0,0,1.0,1,1.0,1,1.0,1,0.181172653808255,36
2707,1,4041,2265,1776,0,0,0,1.0,1,1.0,1,1.0,1,0.23653546243386545,35
2708,2,4043,2266,1777,0,0,0,1.0,1,1.0,1,1.0,1,0.2097039362799244,36
2709,2,4045,2268,1777,0,0,0,1.0,1,1.0,1,1.0,1,0.2500406957035886,32
2710,1,4046,2269,1777,0,0,0,1.0,1,1.0,1,1.0,1,0.22836706095920825,29
2711,2,4048,2271,1777,0,0,0,1.0,1,1.0,1,1.0,1,0.13859444130223314,29
2712,0,4048,2271,1777,0,0,0,1.0,1,1.0,1,1.0,1,0.14723225118340155,28
2713,0,4048,2271,1777,0,0,0,1.0,1,1.0,1,1.0,1,0.13044995887938188,28
2714,1,4049,2272,1777,0,0,0,1.0,1,1.0,1,1.0,1,0.13439496833866094,26
2715,0,4049,2272,1777,0,0,0,1.0,1,1.0,1,1.0,1,0.1516813271393362,24
2716,2,4051,2274,1777,0,0,0,1.0,1,1.0,1,1.0,1,0.11135823236390208,24
2717,4,4055,2278,1777,0,0,0,1.0,1,1.0,1,1.0,1,0.19284075194247005,25
2718,1,4056,2279,1777,0,0,0,1.0,1,1.0,1,1.0,1,0.2632408428781509,25
2719,2,4058,2281,1777,0,0,0,1.0,1,1.0,1,1.0,1,0.33728163051402715,25
2720,2,4060,2283,1777,0,0,0,1.0,1,1.0,1,1.0,1,0.42330315727795564,25
2721,8,4068,2286,1782,0,0,0,1.0,1,1.0,1,1.0,1,0.1262897086813001,25
2722,1,4069,2287,1782,0,0,0,1.0,1,1.0,1,1.0,1,0.16764562903596503,26
2723,0,4069,2287,1782,0,0,0,1.0,1,1.0,1,1.0,1,0.16764562903596503,26
2724,3,4072,2289,1783,0,0,0,1.0,1,1.0,1,1.0,1,0.14780917931843612,27
2725,0,4072,2289,1783,0,0,0,1.0,1,1.0,1,1.0,1,0.11943169907370964,28
2726,0,4072,2289,1783,0,0,0,1.0,1,1.0,1,1.0,1,0.11943169907370964,28
2727,0,4072,2289,1783,0,0,0,1.0,1,1.0,1,1.0,1,0.12485267643330486,29
2728,1,4073,2290,1783,0,0,0,1.0,1,1.0,1,1.0,1,0.09874914263939516,29
2729,0,4073,2290,1783,0,0,0,1.0,1,1.0,1,1.0,1,0.11006331962017407,29
2730,0,4073,2290,1783,0,0,0,1.0,1,1.0,1,1.0,1,0.11006331962017407,29
2731,0,4073,2290,1783,0,0,0,1.0,1,1.0,1,1.0,1,0.0799969747441544,30
2732,3,4076,2293,1783,0,0,0,1.0,1,1.0,1,1.0,1,0.036987964344960496,29
2733,1,4077,2294,1783,0,0,0,1.0,1,1.0,1,1.0,1,0.06567373557032477,29
2734,0,4077,2294,1783,0,0,0,1.0,1,1.0,1,1.0,1,0.06567373557032477,29
2735,1,4078,2295,1783,0,0,0,1.0,1,1.0,1,1.0,1,0.12355517480774404,29
2736,0,4078,2295,1783,0,0,0,1.0,1,1.0,1,1.0,1,0.1494743140795821,30
2737,1,4079,2295,1784,0,0,0,1.0,1,1.0,1,1.0,1,0.13114482188584672,30
2738,1,4080,2296,1784,0,0,0,1.0,1,1.0,1,1.0,1,0.16761547622561412,30
2739,0,4080,2296,1784,0,0,0,1.0,1,1.0,1,1.0,1,0.20543431776592588,29
2740,1,4081,2297,1784,0,0,0,1.0,1,1.0,1,1.0,1,0.22692675679666077,29
2741,5,4086,2297,1789,0,0,0,1.0,1,1.0,1,1.0,1,0.0994624024124021,28
2742,1,4087,2298,1789,0,0,0,1.0,1,1.0,1,1.0,1,0.13021318861884856,28
2743,2,4089,2299,1790,0,0,0,1.0,1,1.0,1,1.0,1,0.1739059110053919,29
2744,0,4089,2299,1790,0,0,0,1.0,1,1.0,1,1.0,1,0.13332153516832465,27
2745,2,4091,2301,1790,0,0,0,1.0,1,1.0,1,1.0,1,0.19076635114691312,25
2746,0,4091,2301,1790,0,0,0,1.0,1,1.0,1,1.0,1,0.20094856474419873,25
2747,1,4092,2302,1790,0,0,0,1.0,1,1.0,1,1.0,1,0.21832556622702234,23
2748,0,4092,2302,1790,0,0,0,1.0,1,1.0,1,1.0,1,0.19090576241405732,22
2749,0,4092,2302,1790,0,0,0,1.0,1,1.0,1,1.0,1,0.20517213365767833,19
2750,0,4092,2302,1790,0,0,0,1.0,1,1.0,1,1.0,1,0.1827284737890724,18
2751,0,4092,2302,1790,0,0,0,1.0,1,1.0,1,1.0,1,0.22401359749781474,16
2752,1,4093,2303,1790,0,0,0,1.0,1,1.0,1,1.0,1,0.14230424234768846,15
2753,0,4093,2303,1790,0,0,0,1.0,1,1.0,1,1.0,1,0.14230424234768846,15
2754,0,4093,2303,1790,0,0,0,1.0,1,1.0,1,1.0,1,0.14230424234768846,15
2755,0,4093,2303,1790,0,0,0,1.0,1,1.0,1,1.0,1,0.14230424234768846,15
2756,0,4093,2303,1790,0,0,0,1.0,1,1.0,1,1.0,1,0.13671596793196705,16
2757,0,4093,2303,1790,0,0,0,1.0,1,1.0,1,1.0,1,0.08546947896969151,17
2758,0,4093,2303,1790,0,0,0,1.0,1,1.0,1,1.0,1,0.08546947896969151,17
2759,0,4093,2303,1790,0,0,0,1.0,1,1.0,1,1.0,1,0.08784776898535188,18
2760,0,4093,2303,1790,0,0,0,1.0,1,1.0,1,1.0,1,0.08784776898535188,18
2761,0,4093,2303,1790,0,0,0,1.0,1,1.0,1,1.0,1,0.08784776898535188,18
2762,0,4093,2303,1790,0,0,0,1.0,1,1.0,1,1.0,1,0.08784776898535188,18
2763,0,4093,2303,1790,0,0,0,1.0,1,1.0,1,1.0,1,0.0859866695945426,17
2764,3,4096,2305,1791,0,0,0,1.0,1,1.0,1,1.0,1,0.22174499048024046,17
2765,2,4098,2307,1791,0,0,0,1.0,1,1.0,1,1.0,1,0.2596120139937886,18
2766,1,4099,2307,1792,0,0,0,1.0,1,1.0,1,1.0,1,0.22148042859855363,18
2767,0,4099,2307,1792,0,0,0,1.0,1,1.0,1,1.0,1,0.22148042859855363,18
2768,1,4100,2308,1792,0,0,0,1.0,1,1.0,1,1.0,1,0.19914522424711967,18
2769,1,4101,2309,1792,0,0,0,1.0,1,1.0,1,1.0,1,0.1896546291088287,18
2770,1,4102,2310,1792,0,0,0,1.0,1,1.0,1,1.0,1,0.22038139739373722,18
2771,0,4102,2310,1792,0,0,0,1.0,1,1.0,1,1.0,1,0.22038139739373722,18
2772,0,4102,2310,1792,0,0,0,1.0,1,1.0,1,1.0,1,0.22038139739373722,18
2773,0,4102,2310,1792,0,0,0,1.0,1,1.0,1,1.0,1,0.22038139739373722,18
2774,0,4102,2310,1792,0,0,0,1.0,1,1.0,1,1.0,1,0.1997272431515674,20
2775,2,4104,2312,1792,0,0,0,1.0,1,1.0,1,1.0,1,0.21121031516998484,21
2776,0,4104,2312,1792,0,0,0,1.0,1,1.0,1,1.0,1,0.21121031516998484,21
2777,0,4104,2312,1792,0,0,0,1.0,1,1.0,1,1.0,1,0.19305236132646741,22
2778,1,4105,2313,1792,0,0,0,1.0,1,1.0,1,1.0,1,0.21912266820349255,24
2779,2,4107,2315,1792,0,0,0,1.0,1,1.0,1,1.0,1,0.2279600554021706,24
2780,2,4109,2316,1793,0,0,0,1.0,1,1.0,1,1.0,1,0.1998019627771495,24
2781,2,4111,2316,1795,0,0,0,1.0,1,1.0,1,1.0,1,0.12850453587380317,24
2782,0,4111,2316,1795,0,0,0,1.0,1,1.0,1,1.0,1,0.12850453587380317,24
2783,0,4111,2316,1795,0,0,0,1.0,1,1.0,1,1.0,1,0.12850453587380317,24
2784,0,4111,2316,1795,0,0,0,1.0,1,1.0,1,1.0,1,0.1912848277971792,24
2785,0,4111,2316,1795,0,0,0,1.0,1,1.0,1,1.0,1,0.14145014681027404,22
2786,0,4111,2316,1795,0,0,0,1.0,1,1.0,1,1.0,1,0.21670849687491292,22
2787,1,4112,2317,1795,0,0,0,1.0,1,1.0,1,1.0,1,0.12108621425292374,21
2788,0,4112,2317,1795,0,0,0,1.0,1,1.0,1,1.0,1,0.09632745637149767,20
2789,1,4113,2318,1795,0,0,0,1.0,1,1.0,1,1.0,1,0.15127520942988987,20
2790,0,4113,2318,1795,0,0,0,1.0,1,1.0,1,1.0,1,0.1615943682895622,21
2791,0,4113,2318,1795,0,0,0,1.0,1,1.0,1,1.0,1,0.1615943682895622,21
2792,0,4113,2318,1795,0,0,0,1.0,1,1.0,1,1.0,1,0.1615943682895622,21
2793,0,4113,2318,1795,0,0,0,1.0,1,1.0,1,1.0,1,0.2083199095149536,18
2794,0,4113,2318,1795,0,0,0,1.0,1,1.0,1,1.0,1,0.2083199095149536,18
2795,1,4114,2319,1795,0,0,0,1.0,1,1.0,1,1.0,1,0.20292339671939114,20
2796,1,4115,2320,1795,0,0,0,1.0,1,1.0,1,1.0,1,0.17877557552511947,21
2797,0,4115,2320,1795,0,0,0,1.0,1,1.0,1,1.0,1,0.17877557552511947,21
2798,0,4115,2320,1795,0,0,0,1.0,1,1.0,1,1.0,1,0.17877557552511947,21
2799,0,4115,2320,1795,0,0,0,1.0,1,1.0,1,1.0,1,0.19776967036511553,22
2800,0,4115,2320,1795,0,0,0,1.0,1,1.0,1,1.0,1,0.19776967036511553,22
2801,4,4119,2322,1797,0,0,0,1.0,1,1.0,1,1.0,1,0.16545398955187743,22
2802,0,4119,2322,1797,0,0,0,1.0,1,1.0,1,1.0,1,0.16545398955187743,22
2803,1,4120,2323,1797,0,0,0,1.0,1,1.0,1,1.0,1,0.20328586069176416,22
2804,0,4120,2323,1797,0,0,0,1.0,1,1.0,1,1.0,1,0.21386580730442323,23
2805,0,4120,2323,1797,0,0,0,1.0,1,1.0,1,1.0,1,0.21386580730442323,23
2806,0,4120,2323,1797,0,0,0,1.0,1,1.0,1,1.0,1,0.21386580730442323,23
2807,0,4120,2323,1797,0,0,0,1.0,1,1.0,1,1.0,1,0.19218538682744452,24
2808,0,4120,2323,1797,0,0,0,1.0,1,1.0,1,1.0,1,0.19218538682744452,24
2809,1,4121,2323,1798,0,0,0,1.0,1,1.0,1,1.0,1,0.15500344035638985,25
2810,0,4121,2323,1798,0,0,0,1.0,1,1.0,1,1.0,1,0.1698555573797787,24
2811,0,4121,2323,1798,0,0,0,1.0,1,1.0,1,1.0,1,0.189304843257748,26
2812,0,4121,2323,1798,0,0,0,1.0,1,1.0,1,1.0,1,0.189304843257748,26
2813,1,4122,2324,1798,0,0,0,1.0,1,1.0,1,1.0,1,0.15071648073274888,27
2814,2,4124,2325,1799,0,0,0,1.0,1,1.0,1,1.0,1,0.21464183091393096,29
2815,1,4125,2326,1799,0,0,0,1.0,1,1.0,1,1.0,1,0.1899208163926944,29
2816,1,4126,2327,1799,0,0,0,1.0,1,1.0,1,1.0,1,0.16986878917333234,29
2817,0,4126,2327,1799,0,0,0,1.0,1,1.0,1,1.0,1,0.16986878917333234,29
2818,2,4128,2329,1799,0,0,0,1.0,1,1.0,1,1.0,1,0.18161949113376832,29
2819,1,4129,2330,1799,0,0,0,1.0,1,1.0,1,1.0,1,0.1714131412444357,30
2820,2,4131,2331,1800,0,0,0,1.0,1,1.0,1,1.0,1,0.22828974832092583,30
2821,5,4136,2331,1805,0,0,0,1.0,1,1.0,1,1.0,1,0.05925048620619183,31
2822,0,4136,2331,1805,0,0,0,1.0,1,1.0,1,1.0,1,0.09361201809912217,30
2823,1,4137,2332,1805,0,0,0,1.0,1,1.0,1,1.0,1,0.058830609372595176,27
2824,0,4137,2332,1805,0,0,0,1.0,1,1.0,1,1.0,1,0.07094511256540892,28
2825,3,4140,2335,1805,0,0,0,1.0,1,1.0,1,1.0,1,0.16577373775685325,28
2826,1,4141,2336,1805,0,0,0,1.0,1,1.0,1,1.0,1,0.2333678813032896,27
2827,0,4141,2336,1805,0,0,0,1.0,1,1.0,1,1.0,1,0.25268880642622754,28
2828,0,4141,2336,1805,0,0,0,1.0,1,1.0,1,1.0,1,0.2792045472410528,28
2829,1,4142,2337,1805,0,0,0,1.0,1,1.0,1,1.0,1,0.26004942888983473,27
2830,1,4143,2338,1805,0,0,0,1.0,1,1.0,1,1.0,1,0.26630264425865124,27
2831,3,4146,2340,1806,0,0,0,1.0,1,1.0,1,1.0,1,0.27875994749300803,27
2832,0,4146,2340,1806,0,0,0,1.0,1,1.0,1,1.0,1,0.3025944274592376,27
2833,1,4147,2341,1806,0,0,0,1.0,1,1.0,1,1.0,1,0.2983566360677558,26
2834,2,4149,2343,1806,0,0,0,1.0,1,1.0,1,1.0,1,0.21213002387921495,26
2835,0,4149,2343,1806,0,0,0,1.0,1,1.0,1,1.0,1,0.19279589999313573,25
2836,0,4149,2343,1806,0,0,0,1.0,1,1.0,1,1.0,1,0.21823150826779766,27
2837,3,4152,2345,1807,0,0,0,1.0,1,1.0,1,1.0,1,0.23182765941746447,27
2838,0,4152,2345,1807,0,0,0,1.0,1,1.0,1,1.0,1,0.23182765941746447,27
2839,0,4152,2345,1807,0,0,0,1.0,1,1.0,1,1.0,1,0.22810006603909047,29
2840,1,4153,2346,1807,0,0,0,1.0,1,1.0,1,1.0,1,0.24792413333816468,29
2841,3,4156,2346,1810,0,0,0,1.0,1,1.0,1,1.0,1,0.17695920213700755,31
2842,0,4156,2346,1810,0,0,0,1.0,1,1.0,1,1.0,1,0.17695920213700755,31
2843,1,4157,2346,1811,0,0,0,1.0,1,1.0,1,1.0,1,0.10864285530631883,32
2844,4,4161,2349,1812,0,0,0,1.0,1,1.0,1,1.0,1,0.056510263444018514,33
2845,0,4161,2349,1812,0,0,0,1.0,1,1.0,1,1.0,1,0.07364571716366863,32
2846,3,4164,2351,1813,0,0,0,1.0,1,1.0,1,1.0,1,0.07267723626977193,33
2847,2,4166,2352,1814,0,0,0,1.0,1,1.0,1,1.0,1,0.14713288021138723,32
2848,2,4168,2354,1814,0,0,0,1.0,1,1.0,1,1.0,1,0.15757404443026365,33
2849,0,4168,2354,1814,0,0,0,1.0,1,1.0,1,1.0,1,0.1735215617869791,34
2850,2,4170,2356,1814,0,0,0,1.0,1,1.0,1,1.0,1,0.100294227734329,34
2851,0,4170,2356,1814,0,0,0,1.0,1,1.0,1,1.0,1,0.100294227734329,34
2852,6,4176,2361,1815,0,0,0,1.0,1,1.0,1,1.0,1,0.12262847990466225,35
2853,1,4177,2361,1816,0,0,0,1.0,1,1.0,1,1.0,1,0.09303341766931149,36
2854,0,4177,2361,1816,0,0,0,1.0,1,1.0,1,1.0,1,0.0836213902458415,37
2855,8,4185,2362,1823,0,0,0,1.0,1,1.0,1,1.0,1,0.07982461902800347,38
2856,7,4192,2363,1829,0,0,0,1.0,1,1.0,1,1.0,1,0.044938944703096215,38
2857,9,4201,2364,1837,0,0,0,1.0,1,1.0,1,1.0,1,0.06427087665796398,39
2858,8,4209,2364,1845,0,0,0,1.0,1,1.0,1,1.0,1,0.0815965001406469,40
2859,6,4215,2366,1849,0,0,0,1.0,1,1.0,1,1.0,1,0.19309494688350823,40
2860,5,4220,2367,1853,0,0,0,1.0,1,1.0,1,1.0,1,0.13244863982968133,40
2861,2,4222,2369,1853,0,0,0,1.0,1,1.0,1,1.0,1,0.12410842085150568,38
2862,3,4225,2370,1855,0,0,0,1.0,1,1.0,1,1.0,1,0.16662917186230866,38
2863,3,4228,2373,1855,0,0,0,1.0,1,1.0,1,1.0,1,0.17609960291320254,38
2864,1,4229,2374,1855,0,0,0,1.0,1,1.0,1,1.0,1,0.19305115824363742,36
2865,4,4233,2378,1855,0,0,0,1.0,1,1.0,1,1.0,1,0.18085534753186597,34
2866,0,4233,2378,1855,0,0,0,1.0,1,1.0,1,1.0,1,0.14444860942708176,31
2867,1,4234,2379,1855,0,0,0,1.0,1,1.0,1,1.0,1,0.1355597567490934,30
2868,2,4236,2381,1855,0,0,0,1.0,1,1.0,1,1.0,1,0.1837788385236374,27
2869,0,4236,2381,1855,0,0,0,1.0,1,1.0,1,1.0,1,0.2023437458289373,27
2870,1,4237,2382,1855,0,0,0,1.0,1,1.0,1,1.0,1,0.23217502759989575,25
2871,0,4237,2382,1855,0,0,0,1.0,1,1.0,1,1.0,1,0.2320714323354182,25
2872,1,4238,2383,1855,0,0,0,1.0,1,1.0,1,1.0,1,0.2721139197476293,23
2873,0,4238,2383,1855,0,0,0,1.0,1,1.0,1,1.0,1,0.29178297382336443,24
2874,0,4238,2383,1855,0,0,0,1.0,1,1.0,1,1.0,1,0.3045006847833239,24
2875,0,4238,2383,1855,0,0,0,1.0,1,1.0,1,1.0,1,0.34999689306182913,23
2876,1,4239,2384,1855,0,0,0,1.0,1,1.0,1,1.0,1,0.38355264289744356,24
2877,2,4241,2386,1855,0,0,0,1.0,1,1.0,1,1.0,1,0.3274174427119738,24
2878,1,4242,2387,1855,0,0,0,1.0,1,1.0,1,1.0,1,0.3465246072337052,24
2879,2,4244,2389,1855,0,0,0,1.0,1,1.0,1,1.0,1,0.4225378579180917,25
2880,0,4244,2389,1855,0,0,0,1.0,1,1.0,1,1.0,1,0.415883634875044,26
2881,4,4248,2389,1859,0,0,0,1.0,1,1.0,1,1.0,1,0.24825144142814162,26
2882,1,4249,2389,1860,0,0,0,1.0,1,1.0,1,1.0,1,0.20832011935581146,27
2883,1,4250,2389,1861,0,0,0,1.0,1,1.0,1,1.0,1,0.17913580559588915,28
2884,2,4252,2389,1863,0,0,0,1.0,1,1.0,1,1.0,1,0.1810991378006674,29
2885,2,4254,2389,1865,0,0,0,1.0,1,1.0,1,1.0,1,0.18225140259900802,31
2886,2,4256,2390,1866,0,0,0,1.0,1,1.0,1,1.0,1,0.18363233824192696,31
2887,3,4259,2391,1868,0,0,0,1.0,1,1.0,1,1.0,1,0.1391413128347645,33
2888,3,4262,2391,1871,0,0,0,1.0,1,1.0,1,1.0,1,0.1413782322886774,34
2889,4,4266,2393,1873,0,0,0,1.0,1,1.0,1,1.0,1,0.16908495416890512,35
2890,2,4268,2393,1875,0,0,0,1.0,1,1.0,1,1.0,1,0.18631894311654432,35
2891,3,4271,2393,1878,0,0,0,1.0,1,1.0,1,1.0,1,0.1453272097007326,35
2892,2,4273,2394,1879,0,0,0,1.0,1,1.0,1,1.0,1,0.1696060484929141,35
2893,3,4276,2394,1882,0,0,0,1.0,1,1.0,1,1.0,1,0.19513996498847583,37
2894,3,4279,2394,1885,0,0,0,1.0,1,1.0,1,1.0,1,0.20387758326552596,37
2895,4,4283,2394,1889,0,0,0,1.0,1,1.0,1,1.0,1,0.20387758326552596,37
2896,5,4288,2395,1893,0,0,0,1.0,1,1.0,1,1.0,1,0.21810375380833716,38
2897,4,4292,2395,1897,0,0,0,1.0,1,1.0,1,1.0,1,0.27405759914888345,37
2898,4,4296,2395,1901,0,0,0,1.0,1,1.0,1,1.0,1,0.24192317597170968,38
2899,9,4305,2397,1908,0,0,0,1.0,1,1.0,1,1.0,1,0.2770993055617362,37
2900,6,4311,2397,1914,0,0,0,1.0,1,1.0,1,1.0,1,0.25957688540900514,36
2901,1,4312,2397,1915,0,0,0,1.0,1,1.0,1,1.0,1,0.20587689057129255,37
2902,0,4312,2397,1915,0,0,0,1.0,1,1.0,1,1.0,1,0.20320163286190177,35
2903,0,4312,2397,1915,0,0,0,1.0,1,1.0,1,1.0,1,0.2134087599273486,35
2904,0,4312,2397,1915,0,0,0,1.0,1,1.0,1,1.0,1,0.21155081596185363,33
2905,0,4312,2397,1915,0,0,0,1.0,1,1.0,1,1.0,1,0.2260496227426649,34
2906,2,4314,2399,1915,0,0,0,1.0,1,1.0,1,1.0,1,0.31403460860042104,34
2907,0,4314,2399,1915,0,0,0,1.0,1,1.0,1,1.0,1,0.3013900519197485,35
2908,0,4314,2399,1915,0,0,0,1.0,1,1.0,1,1.0,1,0.2997871150943753,36
2909,0,4314,2399,1915,0,0,0,1.0,1,1.0,1,1.0,1,0.2871651428889078,38
2910,0,4314,2399,1915,0,0,0,1.0,1,1.0,1,1.0,1,0.2871651428889078,38
2911,1,4315,2400,1915,0,0,0,1.0,1,1.0,1,1.0,1,0.3091014140458361,37
2912,0,4315,2400,1915,0,0,0,1.0,1,1.0,1,1.0,1,0.3091014140458361,37
2913,2,4317,2400,1917,0,0,0,1.0,1,1.0,1,1.0,1,0.2605658043487272,38
2914,0,4317,2400,1917,0,0,0,1.0,1,1.0,1,1.0,1,0.2605658043487272,38
2915,2,4319,2400,1919,0,0,0,1.0,1,1.0,1,1.0,1,0.22200913227549604,39
2916,1,4320,2400,1920,0,0,0,1.0,1,1.0,1,1.0,1,0.2239757437521055,40
2917,1,4321,2400,1921,0,0,0,1.0,1,1.0,1,1.0,1,0.19928321404537877,41
2918,0,4321,2400,1921,0,0,0,1.0,1,1.0,1,1.0,1,0.22041622443700645,41
2919,1,4322,2400,1922,0,0,0,1.0,1,1.0,1,1.0,1,0.2082086859797705,41
2920,0,4322,2400,1922,0,0,0,1.0,1,1.0,1,1.0,1,0.20623143465117186,43
2921,2,4324,2400,1924,0,0,0,1.0,1,1.0,1,1.0,1,0.17952440742204914,42
2922,0,4324,2400,1924,0,0,0,1.0,1,1.0,1,1.0,1,0.15684410739833335,43
2923,0,4324,2400,1924,0,0,0,1.0,1,1.0,1,1.0,1,0.16759729857070096,44
2924,0,4324,2400,1924,0,0,0,1.0,1,1.0,1,1.0,1,0.1414784128472027,45
2925,2,4326,2401,1925,0,0,0,1.0,1,1.0,1,1.0,1,0.15923209820668363,45
2926,0,4326,2401,1925,0,0,0,1.0,1,1.0,1,1.0,1,0.14116546843862995,47
2927,0,4326,2401,1925,0,0,0,1.0,1,1.0,1,1.0,1,0.14116546843862995,47
2928,3,4329,2402,1927,0,0,0,1.0,1,1.0,1,1.0,1,0.14468815918114994,48
2929,0,4329,2402,1927,0,0,0,1.0,1,1.0,1,1.0,1,0.14468815918114994,48
2930,1,4330,2402,1928,0,0,0,1.0,1,1.0,1,1.0,1,0.15538866838476048,50
2931,1,4331,2402,1929,0,0,0,1.0,1,1.0,1,1.0,1,0.14521450110937245,51
2932,1,4332,2402,1930,0,0,0,1.0,1,1.0,1,1.0,1,0.14944548236066196,51
2933,2,4334,2402,1932,0,0,0,1.0,1,1.0,1,1.0,1,0.14476237354783594,52
2934,1,4335,2402,1933,0,0,0,1.0,1,1.0,1,1.0,1,0.15410024642981177,52
2935,1,4336,2402,1934,0,0,0,1.0,1,1.0,1,1.0,1,0.16421524098729834,51
2936,3,4339,2403,1936,0,0,0,1.0,1,1.0,1,1.0,1,0.1801864527848816,49
2937,3,4342,2403,1939,0,0,0,1.0,1,1.0,1,1.0,1,0.19099678983200483,50
2938,3,4345,2404,1941,0,0,0,1.0,1,1.0,1,1.0,1,0.19606197266673586,50
2939,0,4345,2404,1941,0,0,0,1.0,1,1.0,1,1.0,1,0.1908448286063496,51
2940,1,4346,2405,1941,0,0,0,1.0,1,1.0,1,1.0,1,0.2003014811439676,52
2941,5,4351,2407,1944,0,0,0,1.0,1,1.0,1,1.0,1,0.21233828878884065,53
2942,0,4351,2407,1944,0,0,0,1.0,1,1.0,1,1.0,1,0.21166366724146005,52
2943,2,4353,2409,1944,0,0,0,1.0,1,1.0,1,1.0,1,0.2481760350485358,51
2944,0,4353,2409,1944,0,0,0,1.0,1,1.0,1,1.0,1,0.22856331373919622,52
2945,2,4355,2410,1945,0,0,0,1.0,1,1.0,1,1.0,1,0.22004783482929488,50
2946,0,4355,2410,1945,0,0,0,1.0,1,1.0,1,1.0,1,0.23054603160473539,51
2947,1,4356,2411,1945,0,0,0,1.0,1,1.0,1,1.0,1,0.22702484596015904,50
2948,1,4357,2412,1945,0,0,0,1.0,1,1.0,1,1.0,1,0.21540175919716525,50
2949,0,4357,2412,1945,0,0,0,1.0,1,1.0,1,1.0,1,0.2049436355889187,49
2950,0,4357,2412,1945,0,0,0,1.0,1,1.0,1,1.0,1,0.21422728029952223,48
2951,0,4357,2412,1945,0,0,0,1.0,1,1.0,1,1.0,1,0.2196428619997921,48
2952,0,4357,2412,1945,0,0,0,1.0,1,1.0,1,1.0,1,0.22917552273976274,46
2953,0,4357,2412,1945,0,0,0,1.0,1,1.0,1,1.0,1,0.22917552273976274,46
2954,2,4359,2413,1946,0,0,0,1.0,1,1.0,1,1.0,1,0.24061753209840875,48
2955,2,4361,2413,1948,0,0,0,1.0,1,1.0,1,1.0,1,0.21058571453760813,48
2956,1,4362,2413,1949,0,0,0,1.0,1,1.0,1,1.0,1,0.21913068113987985,47
2957,3,4365,2415,1950,0,0,0,1.0,1,1.0,1,1.0,1,0.16984754513114939,48
2958,3,4368,2416,1952,0,0,0,1.0,1,1.0,1,1.0,1,0.11249499103022029,49
2959,2,4370,2418,1952,0,0,0,1.0,1,1.0,1,1.0,1,0.08390245415696618,49
2960,2,4372,2420,1952,0,0,0,1.0,1,1.0,1,1.0,1,0.05911909477569753,49
2961,2,4374,2422,1952,0,0,0,1.0,1,1.0,1,1.0,1,0.03627163540762955,51
2962,3,4377,2424,1953,0,0,0,1.0,1,1.0,1,1.0,1,0.016135792752393737,51
2963,2,4379,2426,1953,0,0,0,1.0,1,1.0,1,1.0,1,0.057710913485747375,51
2964,2,4381,2427,1954,0,0,0,1.0,1,1.0,1,1.0,1,0.0735975133988692,52
2965,2,4383,2429,1954,0,0,0,1.0,1,1.0,1,1.0,1,0.08414171484414079,53
2966,2,4385,2430,1955,0,0,0,1.0,1,1.0,1,1.0,1,0.07433483963628307,53
2967,0,4385,2430,1955,0,0,0,1.0,1,1.0,1,1.0,1,0.06611179049416631,53
2968,1,4386,2430,1956,0,0,0,1.0,1,1.0,1,1.0,1,0.0388835981826492,54
2969,1,4387,2431,1956,0,0,0,1.0,1,1.0,1,1.0,1,0.045587977352675585,55
2970,1,4388,2431,1957,0,0,0,1.0,1,1.0,1,1.0,1,0.03249595831620074,55
2971,0,4388,2431,1957,0,0,0,1.0,1,1.0,1,1.0,1,0.03249595831620074,55
2972,1,4389,2432,1957,0,0,0,1.0,1,1.0,1,1.0,1,0.048185081099696554,55
2973,0,4389,2432,1957,0,0,0,1.0,1,1.0,1,1.0,1,0.05715919417401475,55
2974,0,4389,2432,1957,0,0,0,1.0,1,1.0,1,1.0,1,0.05871682634228159,56
2975,0,4389,2432,1957,0,0,0,1.0,1,1.0,1,1.0,1,0.05627346440635591,55
2976,0,4389,2432,1957,0,0,0,1.0,1,1.0,1,1.0,1,0.05605566275919654,57
2977,0,4389,2432,1957,0,0,0,1.0,1,1.0,1,1.0,1,0.0765038556410694,59
2978,3,4392,2434,1958,0,0,0,1.0,1,1.0,1,1.0,1,0.07020138390939326,59
2979,1,4393,2435,1958,0,0,0,1.0,1,1.0,1,1.0,1,0.09017554979612666,59
2980,4,4397,2438,1959,0,0,0,1.0,1,1.0,1,1.0,1,0.1055299505302763,59
2981,4,4401,2440,1961,0,0,0,1.0,1,1.0,1,1.0,1,0.10463200324290577,59
2982,3,4404,2441,1963,0,0,0,1.0,1,1.0,1,1.0,1,0.09698820344256276,61
2983,4,4408,2444,1964,0,0,0,1.0,1,1.0,1,1.0,1,0.08288240460157648,61
2984,3,4411,2446,1965,0,0,0,1.0,1,1.0,1,1.0,1,0.10375422250342972,61
2985,5,4416,2450,1966,0,0,0,1.0,1,1.0,1,1.0,1,0.07871810655519468,57
2986,5,4421,2453,1968,0,0,0,1.0,1,1.0,1,1.0,1,0.07584712237314087,58
2987,1,4422,2454,1968,0,0,0,1.0,1,1.0,1,1.0,1,0.08235386543298909,56
2988,5,4427,2459,1968,0,0,0,1.0,1,1.0,1,1.0,1,0.08488634011203976,55
2989,3,4430,2461,1969,0,0,0,1.0,1,1.0,1,1.0,1,0.08627611221515445,53
2990,5,4435,2464,1971,0,0,0,1.0,1,1.0,1,1.0,1,0.101017652194481,52
2991,5,4440,2466,1974,0,0,0,1.0,1,1.0,1,1.0,1,0.10782216524821094,54
2992,2,4442,2467,1975,0,0,0,1.0,1,1.0,1,1.0,1,0.10584729752780477,55
2993,3,4445,2469,1976,0,0,0,1.0,1,1.0,1,1.0,1,0.10698755112645468,53
2994,2,4447,2469,1978,0,0,0,1.0,1,1.0,1,1.0,1,0.12197992787415578,53
2995,2,4449,2469,1980,0,0,0,1.0,1,1.0,1,1.0,1,0.14743378787235634,51
2996,2,4451,2470,1981,0,0,0,1.0,1,1.0,1,1.0,1,0.1629786237278035,52
2997,2,4453,2471,1982,0,0,0,1.0,1,1.0,1,1.0,1,0.1710641963681378,50
2998,2,4455,2472,1983,0,0,0,1.0,1,1.0,1,1.0,1,0.14844025985651532,51
2999,2,4457,2472,1985,0,0,0,1.0,1,1.0,1,1.0,1,0.187812618930938,48
3000,2,4459,2473,1986,0,0,0,1.0,1,1.0,1,1.0,1,0.187335416719084,48
3001,4,4463,2473,1990,0,0,0,1.0,1,1.0,1,1.0,1,0.1034125316307834,49
3002,1,4464,2474,1990,0,0,0,1.0,1,1.0,1,1.0,1,0.11126887467286886,50
3003,0,4464,2474,1990,0,0,0,1.0,1,1.0,1,1.0,1,0.11126887467286886,50
3004,0,4464,2474,1990,0,0,0,1.0,1,1.0,1,1.0,1,0.09991060299859476,51
3005,0,4464,2474,1990,0,0,0,1.0,1,1.0,1,1.0,1,0.10937260701112983,50
3006,0,4464,2474,1990,0,0,0,1.0,1,1.0,1,1.0,1,0.12439067741366276,51
3007,0,4464,2474,1990,0,0,0,1.0,1,1.0,1,1.0,1,0.12939430870336738,51
3008,1,4465,2474,1991,0,0,0,1.0,1,1.0,1,1.0,1,0.11188052800186386,53
3009,1,4466,2474,1992,0,0,0,1.0,1,1.0,1,1.0,1,0.13564498396876895,52
3010,0,4466,2474,1992,0,0,0,1.0,1,1.0,1,1.0,1,0.13564498396876895,52
3011,2,4468,2476,1992,0,0,0,1.0,1,1.0,1,1.0,1,0.16299825921663738,51
3012,2,4470,2476,1994,0,0,0,1.0,1,1.0,1,1.0,1,0.13657515664108932,54
3013,2,4472,2478,1994,0,0,0,1.0,1,1.0,1,1.0,1,0.08581632015153866,52
3014,2,4474,2480,1994,0,0,0,1.0,1,1.0,1,1.0,1,0.11143440746964518,51
3015,3,4477,2483,1994,0,0,0,1.0,1,1.0,1,1.0,1,0.10999566028361733,50
3016,2,4479,2485,1994,0,0,0,1.0,1,1.0,1,1.0,1,0.12347664913283456,50
3017,3,4482,2488,1994,0,0,0,1.0,1,1.0,1,1.0,1,0.16625488759485763,48
3018,2,4484,2490,1994,0,0,0,1.0,1,1.0,1,1.0,1,0.16179484598265467,48
3019,1,4485,2491,1994,0,0,0,1.0,1,1.0,1,1.0,1,0.1602404358389131,47
3020,2,4487,2493,1994,0,0,0,1.0,1,1.0,1,1.0,1,0.1618741200695515,47
3021,4,4491,2496,1995,0,0,0,1.0,1,1.0,1,1.0,1,0.12372551405943459,46
3022,2,4493,2498,1995,0,0,0,1.0,1,1.0,1,1.0,1,0.16152415006135018,45
3023,3,4496,2501,1995,0,0,0,1.0,1,1.0,1,1.0,1,0.13303366374985837,41
3024,3,4499,2504,1995,0,0,0,1.0,1,1.0,1,1.0,1,0.17067265932619685,43
3025,1,4500,2505,1995,0,0,0,1.0,1,1.0,1,1.0,1,0.22822624783692871,39
3026,1,4501,2506,1995,0,0,0,1.0,1,1.0,1,1.0,1,0.25525066250784795,38
3027,2,4503,2507,1996,0,0,0,1.0,1,1.0,1,1.0,1,0.24343545515069373,38
3028,1,4504,2508,1996,0,0,0,1.0,1,1.0,1,1.0,1,0.2783079511022211,38
3029,1,4505,2509,1996,0,0,0,1.0,1,1.0,1,1.0,1,0.3121983531968407,37
3030,0,4505,2509,1996,0,0,0,1.0,1,1.0,1,1.0,1,0.31080440910036033,38
3031,2,4507,2511,1996,0,0,0,1.0,1,1.0,1,1.0,1,0.2919024897844927,39
3032,0,4507,2511,1996,0,0,0,1.0,1,1.0,1,1.0,1,0.2919024897844927,39
3033,0,4507,2511,1996,0,0,0,1.0,1,1.0,1,1.0,1,0.29492748453709644,39
3034,0,4507,2511,1996,0,0,0,1.0,1,1.0,1,1.0,1,0.29597361934026234,38
3035,0,4507,2511,1996,0,0,0,1.0,1,1.0,1,1.0,1,0.27133636952772366,39
3036,0,4507,2511,1996,0,0,0,1.0,1,1.0,1,1.0,1,0.2575014077603556,39
3037,0,4507,2511,1996,0,0,0,1.0,1,1.0,1,1.0,1,0.2697452273938621,39
3038,1,4508,2512,1996,0,0,0,1.0,1,1.0,1,1.0,1,0.2591191539291359,40
3039,2,4510,2513,1997,0,0,0,1.0,1,1.0,1,1.0,1,0.2622507515163026,41
3040,4,4514,2515,1999,0,0,0,1.0,1,1.0,1,1.0,1,0.2438652409330417,42
3041,3,4517,2516,2001,0,0,0,1.0,1,1.0,1,1.0,1,0.17661482776931312,43
3042,2,4519,2517,2002,0,0,0,1.0,1,1.0,1,1.0,1,0.18782938776290414,45
3043,3,4522,2518,2004,0,0,0,1.0,1,1.0,1,1.0,1,0.1572576757867723,45
3044,3,4525,2520,2005,0,0,0,1.0,1,1.0,1,1.0,1,0.13783815920331005,45
3045,1,4526,2520,2006,0,0,0,1.0,1,1.0,1,1.0,1,0.10908366341649008,45
3046,0,4526,2520,2006,0,0,0,1.0,1,1.0,1,1.0,1,0.11941342474064749,46
3047,0,4526,2520,2006,0,0,0,1.0,1,1.0,1,1.0,1,0.11941342474064749,46
3048,1,4527,2521,2006,0,0,0,1.0,1,1.0,1,1.0,1,0.12094682619512405,49
3049,1,4528,2522,2006,0,0,0,1.0,1,1.0,1,1.0,1,0.12723940428965327,50
3050,3,4531,2523,2008,0,0,0,1.0,1,1.0,1,1.0,1,0.11367964803570343,50
3051,2,4533,2524,2009,0,0,0,1.0,1,1.0,1,1.0,1,0.13512673521832508,50
3052,1,4534,2524,2010,0,0,0,1.0,1,1.0,1,1.0,1,0.12186786578792878,50
3053,2,4536,2526,2010,0,0,0,1.0,1,1.0,1,1.0,1,0.13815603839473725,49
3054,1,4537,2527,2010,0,0,0,1.0,1,1.0,1,1.0,1,0.1484998852752827,47
3055,2,4539,2528,2011,0,0,0,1.0,1,1.0,1,1.0,1,0.17193157709250353,48
3056,3,4542,2530,2012,0,0,0,1.0,1,1.0,1,1.0,1,0.17779435777431182,47
3057,1,4543,2531,2012,0,0,0,1.0,1,1.0,1,1.0,1,0.20672286118311484,48
3058,3,4546,2533,2013,0,0,0,1.0,1,1.0,1,1.0,1,0.2092959099517783,46
3059,0,4546,2533,2013,0,0,0,1.0,1,1.0,1,1.0,1,0.20336806383482514,44
3060,0,4546,2533,2013,0,0,0,1.0,1,1.0,1,1.0,1,0.20139531009131376,44
3061,6,4552,2533,2019,0,0,0,1.0,1,1.0,1,1.0,1,0.05712936577151696,42
3062,2,4554,2534,2020,0,0,0,1.0,1,1.0,1,1.0,1,0.02282274195576347,42
3063,2,4556,2536,2020,0,0,0,1.0,1,1.0,1,1.0,1,0.07896081513759802,41
3064,0,4556,2536,2020,0,0,0,1.0,1,1.0,1,1.0,1,0.08176452934393272,42
3065,1,4557,2537,2020,0,0,0,1.0,1,1.0,1,1.0,1,0.08494631601946839,40
3066,1,4558,2538,2020,0,0,0,1.0,1,1.0,1,1.0,1,0.10538641443106292,42
3067,2,4560,2540,2020,0,0,0,1.0,1,1.0,1,1.0,1,0.15262873290839352,40
3068,2,4562,2542,2020,0,0,0,1.0,1,1.0,1,1.0,1,0.1565091522798052,39
3069,0,4562,2542,2020,0,0,0,1.0,1,1.0,1,1.0,1,0.18943747398224053,38
3070,0,4562,2542,2020,0,0,0,1.0,1,1.0,1,1.0,1,0.20574893939212727,39
3071,0,4562,2542,2020,0,0,0,1.0,1,1.0,1,1.0,1,0.22417112766665537,39
3072,2,4564,2543,2021,0,0,0,1.0,1,1.0,1,1.0,1,0.2568658549430452,40
3073,2,4566,2545,2021,0,0,0,1.0,1,1.0,1,1.0,1,0.3106827158234857,38
3074,0,4566,2545,2021,0,0,0,1.0,1,1.0,1,1.0,1,0.27589556247932084,38
3075,1,4567,2546,2021,0,0,0,1.0,1,1.0,1,1.0,1,0.30799532651878253,41
3076,1,4568,2547,2021,0,0,0,1.0,1,1.0,1,1.0,1,0.29430983545159217,42
3077,1,4569,2547,2022,0,0,0,1.0,1,1.0,1,1.0,1,0.3069580659883295,42
3078,1,4570,2548,2022,0,0,0,1.0,1,1.0,1,1.0,1,0.2979539610491258,42
3079,1,4571,2549,2022,0,0,0,1.0,1,1.0,1,1.0,1,0.2866057016604696,42
3080,0,4571,2549,2022,0,0,0,1.0,1,1.0,1,1.0,1,0.2680233378919622,43
3081,5,4576,2549,2027,0,0,0,1.0,1,1.0,1,1.0,1,0.18217418853433195,44
3082,2,4578,2550,2028,0,0,0,1.0,1,1.0,1,1.0,1,0.1796457547575161,45
3083,0,4578,2550,2028,0,0,0,1.0,1,1.0,1,1.0,1,0.1796457547575161,45
3084,1,4579,2551,2028,0,0,0,1.0,1,1.0,1,1.0,1,0.1665365804709703,45
3085,0,4579,2551,2028,0,0,0,1.0,1,1.0,1,1.0,1,0.19338926823419358,46
3086,1,4580,2552,2028,0,0,0,1.0,1,1.0,1,1.0,1,0.18427106429527967,46
3087,3,4583,2554,2029,0,0,0,1.0,1,1.0,1,1.0,1,0.18210661942193723,47
3088,4,4587,2555,2032,0,0,0,1.0,1,1.0,1,1.0,1,0.19994898911940104,48
3089,2,4589,2555,2034,0,0,0,1.0,1,1.0,1,1.0,1,0.19605720745891292,46
3090,2,4591,2555,2036,0,0,0,1.0,1,1.0,1,1.0,1,0.158562888576919,46
3091,4,4595,2555,2040,0,0,0,1.0,1,1.0,1,1.0,1,0.13095928268633078,46
3092,1,4596,2556,2040,0,0,0,1.0,1,1.0,1,1.0,1,0.1294281729108019,47
3093,1,4597,2556,2041,0,0,0,1.0,1,1.0,1,1.0,1,0.10515509546097904,47
3094,0,4597,2556,2041,0,0,0,1.0,1,1.0,1,1.0,1,0.07203888185650002,45
3095,1,4598,2557,2041,0,0,0,1.0,1,1.0,1,1.0,1,0.05148597798300258,46
3096,0,4598,2557,2041,0,0,0,1.0,1,1.0,1,1.0,1,0.05514821798708425,46
3097,2,4600,2559,2041,0,0,0,1.0,1,1.0,1,1.0,1,0.07697655655549761,47
3098,0,4600,2559,2041,0,0,0,1.0,1,1.0,1,1.0,1,0.07697655655549761,47
3099,0,4600,2559,2041,0,0,0,1.0,1,1.0,1,1.0,1,0.07697655655549761,47
3100,0,4600,2559,2041,0,0,0,1.0,1,1.0,1,1.0,1,0.07697655655549761,47
3101,1,4601,2559,2042,0,0,0,1.0,1,1.0,1,1.0,1,0.07393799788616166,48
3102,0,4601,2559,2042,0,0,0,1.0,1,1.0,1,1.0,1,0.07393799788616166,48
3103,1,4602,2560,2042,0,0,0,1.0,1,1.0,1,1.0,1,0.08544272603710182,49
3104,1,4603,2561,2042,0,0,0,1.0,1,1.0,1,1.0,1,0.11561326812161977,48
3105,2,4605,2563,2042,0,0,0,1.0,1,1.0,1,1.0,1,0.16091103370260698,45
3106,1,4606,2564,2042,0,0,0,1.0,1,1.0,1,1.0,1,0.20434285743978514,46
3107,3,4609,2566,2043,0,0,0,1.0,1,1.0,1,1.0,1,0.21408936195100023,44
3108,1,4610,2567,2043,0,0,0,1.0,1,1.0,1,1.0,1,0.21465769133055743,45
3109,0,4610,2567,2043,0,0,0,1.0,1,1.0,1,1.0,1,0.23309818481475686,44
3110,5,4615,2572,2043,0,0,0,1.0,1,1.0,1,1.0,1,0.1840251041183492,46
3111,0,4615,2572,2043,0,0,0,1.0,1,1.0,1,1.0,1,0.1840251041183492,46
3112,0,4615,2572,2043,0,0,0,1.0,1,1.0,1,1.0,1,0.1949246266078006,47
3113,1,4616,2573,2043,0,0,0,1.0,1,1.0,1,1.0,1,0.18502386268523055,48
3114,1,4617,2573,2044,0,0,0,1.0,1,1.0,1,1.0,1,0.18957114200888078,48
3115,0,4617,2573,2044,0,0,0,1.0,1,1.0,1,1.0,1,0.204927703259566,49
3116,0,4617,2573,2044,0,0,0,1.0,1,1.0,1,1.0,1,0.21657118356998742,48
3117,3,4620,2575,2045,0,0,0,1.0,1,1.0,1,1.0,1,0.2107380587546727,49
3118,1,4621,2575,2046,0,0,0,1.0,1,1.0,1,1.0,1,0.19889148913648727,50
3119,0,4621,2575,2046,0,0,0,1.0,1,1.0,1,1.0,1,0.19889148913648727,50
3120,1,4622,2576,2046,0,0,0,1.0,1,1.0,1,1.0,1,0.21461367803747994,50
3121,6,4628,2578,2050,0,0,0,1.0,1,1.0,1,1.0,1,0.1617714637936042,50
3122,0,4628,2578,2050,0,0,0,1.0,1,1.0,1,1.0,1,0.1617714637936042,50
3123,2,4630,2580,2050,0,0,0,1.0,1,1.0,1,1.0,1,0.1645803917235249,51
3124,2,4632,2581,2051,0,0,0,1.0,1,1.0,1,1.0,1,0.17263289027258408,51
3125,2,4634,2582,2052,0,0,0,1.0,1,1.0,1,1.0,1,0.1765013834861842,51
3126,2,4636,2583,2053,0,0,0,1.0,1,1.0,1,1.0,1,0.16613403262514181,54
3127,3,4639,2585,2054,0,0,0,1.0,1,1.0,1,1.0,1,0.15824774005432973,53
3128,0,4639,2585,2054,0,0,0,1.0,1,1.0,1,1.0,1,0.14291299568104235,52
3129,2,4641,2587,2054,0,0,0,1.0,1,1.0,1,1.0,1,0.17053085272115429,51
3130,0,4641,2587,2054,0,0,0,1.0,1,1.0,1,1.0,1,0.15715244578007043,50
3131,2,4643,2589,2054,0,0,0,1.0,1,1.0,1,1.0,1,0.1990686758943517,50
3132,2,4645,2589,2056,0,0,0,1.0,1,1.0,1,1.0,1,0.15640035542186823,49
3133,0,4645,2589,2056,0,0,0,1.0,1,1.0,1,1.0,1,0.15640035542186823,49
3134,1,4646,2590,2056,0,0,0,1.0,1,1.0,1,1.0,1,0.14727353436670038,46
3135,2,4648,2592,2056,0,0,0,1.0,1,1.0,1,1.0,1,0.18778828971030725,47
3136,1,4649,2593,2056,0,0,0,1.0,1,1.0,1,1.0,1,0.16655719207253333,46
3137,2,4651,2595,2056,0,0,0,1.0,1,1.0,1,1.0,1,0.19168430796844957,49
3138,1,4652,2596,2056,0,0,0,1.0,1,1.0,1,1.0,1,0.2185823570497375,49
3139,3,4655,2598,2057,0,0,0,1.0,1,1.0,1,1.0,1,0.22886571301549993,50
3140,2,4657,2600,2057,0,0,0,1.0,1,1.0,1,1.0,1,0.23706910094913683,51
3141,5,4662,2600,2062,0,0,0,1.0,1,1.0,1,1.0,1,0.18884916424911263,50
3142,1,4663,2600,2063,0,0,0,1.0,1,1.0,1,1.0,1,0.18007165957765137,50
3143,0,4663,2600,2063,0,0,0,1.0,1,1.0,1,1.0,1,0.1979991273675851,49
3144,1,4664,2600,2064,0,0,0,1.0,1,1.0,1,1.0,1,0.18871883347707963,49
3145,0,4664,2600,2064,0,0,0,1.0,1,1.0,1,1.0,1,0.22828335721028495,48
3146,0,4664,2600,2064,0,0,0,1.0,1,1.0,1,1.0,1,0.21568389757869227,49
3147,2,4666,2601,2065,0,0,0,1.0,1,1.0,1,1.0,1,0.23768542270882304,48
3148,2,4668,2603,2065,0,0,0,1.0,1,1.0,1,1.0,1,0.21709545386811008,48
3149,3,4671,2605,2066,0,0,0,1.0,1,1.0,1,1.0,1,0.2180017033718805,47
3150,2,4673,2607,2066,0,0,0,1.0,1,1.0,1,1.0,1,0.2020676400971681,47
3151,0,4673,2607,2066,0,0,0,1.0,1,1.0,1,1.0,1,0.2091982076638078,48
3152,1,4674,2608,2066,0,0,0,1.0,1,1.0,1,1.0,1,0.21091042505222143,47
3153,0,4674,2608,2066,0,0,0,1.0,1,1.0,1,1.0,1,0.21091042505222143,47
3154,2,4676,2609,2067,0,0,0,1.0,1,1.0,1,1.0,1,0.20629295078306026,48
3155,0,4676,2609,2067,0,0,0,1.0,1,1.0,1,1.0,1,0.20143012006037836,48
3156,0,4676,2609,2067,0,0,0,1.0,1,1.0,1,1.0,1,0.21008147805130756,48
3157,1,4677,2610,2067,0,0,0,1.0,1,1.0,1,1.0,1,0.22905518614775397,48
3158,1,4678,2611,2067,0,0,0,1.0,1,1.0,1,1.0,1,0.21990918915930513,48
3159,0,4678,2611,2067,0,0,0,1.0,1,1.0,1,1.0,1,0.21289380439582598,49
3160,0,4678,2611,2067,0,0,0,1.0,1,1.0,1,1.0,1,0.22597177036553848,51
3161,6,4684,2612,2072,0,0,0,1.0,1,1.0,1,1.0,1,0.13634213231973474,52
3162,1,4685,2613,2072,0,0,0,1.0,1,1.0,1,1.0,1,0.1504833147401983,51
3163,2,4687,2615,2072,0,0,0,1.0,1,1.0,1,1.0,1,0.16273479523161535,51
3164,1,4688,2615,2073,0,0,0,1.0,1,1.0,1,1.0,1,0.16117393347744383,52
3165,0,4688,2615,2073,0,0,0,1.0,1,1.0,1,1.0,1,0.1382808812709507,50
3166,1,4689,2616,2073,0,0,0,1.0,1,1.0,1,1.0,1,0.1284633097552143,50
3167,5,4694,2620,2074,0,0,0,1.0,1,1.0,1,1.0,1,0.12104080523931939,49
3168,1,4695,2621,2074,0,0,0,1.0,1,1.0,1,1.0,1,0.14118566277895464,47
3169,2,4697,2623,2074,0,0,0,1.0,1,1.0,1,1.0,1,0.16863140454702005,48
3170,3,4700,2625,2075,0,0,0,1.0,1,1.0,1,1.0,1,0.21515461494506485,47
3171,1,4701,2626,2075,0,0,0,1.0,1,1.0,1,1.0,1,0.21917981640424522,47
3172,1,4702,2627,2075,0,0,0,1.0,1,1.0,1,1.0,1,0.22955048942394715,46
3173,1,4703,2627,2076,0,0,0,1.0,1,1.0,1,1.0,1,0.17411113950180673,45
3174,0,4703,2627,2076,0,0,0,1.0,1,1.0,1,1.0,1,0.20074810484134925,43
3175,3,4706,2630,2076,0,0,0,1.0,1,1.0,1,1.0,1,0.16141800429604775,43
3176,0,4706,2630,2076,0,0,0,1.0,1,1.0,1,1.0,1,0.14529469519089094,44
3177,2,4708,2632,2076,0,0,0,1.0,1,1.0,1,1.0,1,0.15343844798053807,44
3178,0,4708,2632,2076,0,0,0,1.0,1,1.0,1,1.0,1,0.1404255508422528,47
3179,1,4709,2633,2076,0,0,0,1.0,1,1.0,1,1.0,1,0.1627237706381739,48
3180,1,4710,2634,2076,0,0,0,1.0,1,1.0,1,1.0,1,0.1369667842913377,48
3181,2,4712,2635,2077,0,0,0,1.0,1,1.0,1,1.0,1,0.10121929012868512,48
3182,2,4714,2635,2079,0,0,0,1.0,1,1.0,1,1.0,1,0.06854798071282586,51
3183,1,4715,2636,2079,0,0,0,1.0,1,1.0,1,1.0,1,0.0672380005083137,50
3184,2,4717,2637,2080,0,0,0,1.0,1,1.0,1,1.0,1,0.06451307044758518,50
3185,0,4717,2637,2080,0,0,0,1.0,1,1.0,1,1.0,1,0.09473842966916847,48
3186,2,4719,2639,2080,0,0,0,1.0,1,1.0,1,1.0,1,0.09962332657570433,48
3187,1,4720,2639,2081,0,0,0,1.0,1,1.0,1,1.0,1,0.1027460354739471,48
3188,1,4721,2640,2081,0,0,0,1.0,1,1.0,1,1.0,1,0.1218541006982413,48
3189,0,4721,2640,2081,0,0,0,1.0,1,1.0,1,1.0,1,0.13169609914060226,49
3190,1,4722,2641,2081,0,0,0,1.0,1,1.0,1,1.0,1,0.15727059000610125,51
3191,1,4723,2642,2081,0,0,0,1.0,1,1.0,1,1.0,1,0.14470362341016135,52
3192,1,4724,2643,2081,0,0,0,1.0,1,1.0,1,1.0,1,0.13219533614693835,52
3193,2,4726,2644,2082,0,0,0,1.0,1,1.0,1,1.0,1,0.13795201618009492,52
3194,1,4727,2645,2082,0,0,0,1.0,1,1.0,1,1.0,1,0.12513166400980852,54
3195,1,4728,2645,2083,0,0,0,1.0,1,1.0,1,1.0,1,0.10388324738143752,54
3196,1,4729,2646,2083,0,0,0,1.0,1,1.0,1,1.0,1,0.09647709035247495,54
3197,0,4729,2646,2083,0,0,0,1.0,1,1.0,1,1.0,1,0.09152459762271359,54
3198,5,4734,2650,2084,0,0,0,1.0,1,1.0,1,1.0,1,0.10802101134124066,54
3199,4,4738,2651,2087,0,0,0,1.0,1,1.0,1,1.0,1,0.09292252511379721,56
3200,2,4740,2652,2088,0,0,0,1.0,1,1.0,1,1.0,1,0.09864053239855165,56
3201,1,4741,2652,2089,0,0,0,1.0,1,1.0,1,1.0,1,0.09046715463452766,56
3202,3,4744,2654,2090,0,0,0,1.0,1,1.0,1,1.0,1,0.1096472881203254,57
3203,1,4745,2655,2090,0,0,0,1.0,1,1.0,1,1.0,1,0.11347897916651468,56
3204,0,4745,2655,2090,0,0,0,1.0,1,1.0,1,1.0,1,0.10864903679107979,55
3205,0,4745,2655,2090,0,0,0,1.0,1,1.0,1,1.0,1,0.11984011221290138,54
3206,5,4750,2659,2091,0,0,0,1.0,1,1.0,1,1.0,1,0.15144269796806348,56
3207,2,4752,2659,2093,0,0,0,1.0,1,1.0,1,1.0,1,0.13579634005231486,54
3208,3,4755,2661,2094,0,0,0,1.0,1,1.0,1,1.0,1,0.16787917483046558,53
3209,2,4757,2661,2096,0,0,0,1.0,1,1.0,1,1.0,1,0.16031308190911953,54
3210,3,4760,2663,2097,0,0,0,1.0,1,1.0,1,1.0,1,0.2122515263018252,53
3211,5,4765,2664,2101,0,0,0,1.0,1,1.0,1,1.0,1,0.22553302829681743,53
3212,4,4769,2664,2105,0,0,0,1.0,1,1.0,1,1.0,1,0.2068003996690648,54
3213,3,4772,2664,2108,0,0,0,1.0,1,1.0,1,1.0,1,0.21852926080272506,54
3214,3,4775,2664,2111,0,0,0,1.0,1,1.0,1,1.0,1,0.17743520073135813,55
3215,4,4779,2665,2114,0,0,0,1.0,1,1.0,1,1.0,1,0.18432898662963126,55
3216,4,4783,2666,2117,0,0,0,1.0,1,1.0,1,1.0,1,0.17471248569962927,55
3217,6,4789,2668,2121,0,0,0,1.0,1,1.0,1,1.0,1,0.1961705852861767,54
3218,3,4792,2668,2124,0,0,0,1.0,1,1.0,1,1.0,1,0.2113503603269985,54
3219,3,4795,2669,2126,0,0,0,1.0,1,1.0,1,1.0,1,0.20370103233757358,55
3220,2,4797,2669,2128,0,0,0,1.0,1,1.0,1,1.0,1,0.20048211953510583,56
3221,2,4799,2669,2130,0,0,0,1.0,1,1.0,1,1.0,1,0.1847622821793423,57
3222,0,4799,2669,2130,0,0,0,1.0,1,1.0,1,1.0,1,0.1847622821793423,57
3223,1,4800,2670,2130,0,0,0,1.0,1,1.0,1,1.0,1,0.21097648669069105,56
3224,2,4802,2671,2131,0,0,0,1.0,1,1.0,1,1.0,1,0.1835508753606668,58
3225,2,4804,2673,2131,0,0,0,1.0,1,1.0,1,1.0,1,0.20608577065331096,55
3226,1,4805,2674,2131,0,0,0,1.0,1,1.0,1,1.0,1,0.18650975071815162,54
3227,1,4806,2675,2131,0,0,0,1.0,1,1.0,1,1.0,1,0.19219537897402658,53
3228,2,4808,2676,2132,0,0,0,1.0,1,1.0,1,1.0,1,0.1440825009972745,52
3229,0,4808,2676,2132,0,0,0,1.0,1,1.0,1,1.0,1,0.13341740183496498,52
3230,2,4810,2678,2132,0,0,0,1.0,1,1.0,1,1.0,1,0.1321922165681331,50
3231,1,4811,2679,2132,0,0,0,1.0,1,1.0,1,1.0,1,0.15376008091066926,50
3232,3,4814,2682,2132,0,0,0,1.0,1,1.0,1,1.0,1,0.17353169985822503,50
3233,0,4814,2682,2132,0,0,0,1.0,1,1.0,1,1.0,1,0.18248242060169242,50
3234,1,4815,2683,2132,0,0,0,1.0,1,1.0,1,1.0,1,0.208033006594096,49
3235,2,4817,2685,2132,0,0,0,1.0,1,1.0,1,1.0,1,0.24609671554542883,49
3236,0,4817,2685,2132,0,0,0,1.0,1,1.0,1,1.0,1,0.23692228234733376,51
3237,0,4817,2685,2132,0,0,0,1.0,1,1.0,1,1.0,1,0.24409861654348874,53
3238,1,4818,2686,2132,0,0,0,1.0,1,1.0,1,1.0,1,0.269569135152419,53
3239,0,4818,2686,2132,0,0,0,1.0,1,1.0,1,1.0,1,0.269569135152419,53
3240,1,4819,2686,2133,0,0,0,1.0,1,1.0,1,1.0,1,0.2506844213089036,53
3241,5,4824,2686,2138,0,0,0,1.0,1,1.0,1,1.0,1,0.20530113529214142,53
3242,1,4825,2687,2138,0,0,0,1.0,1,1.0,1,1.0,1,0.2148375554156503,53
3243,1,4826,2687,2139,0,0,0,1.0,1,1.0,1,1.0,1,0.1793381860129699,56
3244,0,4826,2687,2139,0,0,0,1.0,1,1.0,1,1.0,1,0.18873385187590053,57
3245,1,4827,2687,2140,0,0,0,1.0,1,1.0,1,1.0,1,0.16953102371977974,59
3246,0,4827,2687,2140,0,0,0,1.0,1,1.0,1,1.0,1,0.16953102371977974,59
3247,1,4828,2688,2140,0,0,0,1.0,1,1.0,1,1.0,1,0.18072588842708845,59
3248,1,4829,2688,2141,0,0,0,1.0,1,1.0,1,1.0,1,0.15990831037187875,59
3249,1,4830,2688,2142,0,0,0,1.0,1,1.0,1,1.0,1,0.15915131100547836,58
3250,0,4830,2688,2142,0,0,0,1.0,1,1.0,1,1.0,1,0.15915131100547836,58
3251,1,4831,2689,2142,0,0,0,1.0,1,1.0,1,1.0,1,0.1789451346886005,57
3252,0,4831,2689,2142,0,0,0,1.0,1,1.0,1,1.0,1,0.2006090807716563,57
3253,1,4832,2689,2143,0,0,0,1.0,1,1.0,1,1.0,1,0.19150650381448445,56
3254,1,4833,2689,2144,0,0,0,1.0,1,1.0,1,1.0,1,0.16603222311113508,57
3255,2,4835,2690,2145,0,0,0,1.0,1,1.0,1,1.0,1,0.14802137190348907,57
3256,2,4837,2690,2147,0,0,0,1.0,1,1.0,1,1.0,1,0.10689140246000006,57
3257,1,4838,2690,2148,0,0,0,1.0,1,1.0,1,1.0,1,0.08085058074166311,57
3258,2,4840,2690,2150,0,0,0,1.0,1,1.0,1,1.0,1,0.03707853550800313,58
3259,0,4840,2690,2150,0,0,0,1.0,1,1.0,1,1.0,1,0.033625229283694345,59
3260,1,4841,2691,2150,0,0,0,1.0,1,1.0,1,1.0,1,0.018558700615435915,60
3261,3,4844,2694,2150,0,0,0,1.0,1,1.0,1,1.0,1,0.08054943051234185,60
3262,5,4849,2699,2150,0,0,0,1.0,1,1.0,1,1.0,1,0.08247575420855427,61
3263,4,4853,2703,2150,0,0,0,1.0,1,1.0,1,1.0,1,0.06020592373920495,62
3264,2,4855,2705,2150,0,0,0,1.0,1,1.0,1,1.0,1,0.07547617183179355,60
3265,3,4858,2708,2150,0,0,0,1.0,1,1.0,1,1.0,1,0.08119675479790703,58
3266,4,4862,2711,2151,0,0,0,1.0,1,1.0,1,1.0,1,0.11671301935888603,59
3267,2,4864,2713,2151,0,0,0,1.0,1,1.0,1,1.0,1,0.14392836489983968,60
3268,2,4866,2714,2152,0,0,0,1.0,1,1.0,1,1.0,1,0.17337306360723212,58
3269,3,4869,2717,2152,0,0,0,1.0,1,1.0,1,1.0,1,0.08968436816529837,57
3270,1,4870,2718,2152,0,0,0,1.0,1,1.0,1,1.0,1,0.07984009083348852,56
3271,2,4872,2720,2152,0,0,0,1.0,1,1.0,1,1.0,1,0.08537497338492564,55
3272,2,4874,2721,2153,0,0,0,1.0,1,1.0,1,1.0,1,0.0704019207975471,55
3273,1,4875,2722,2153,0,0,0,1.0,1,1.0,1,1.0,1,0.06348661307185367,55
3274,0,4875,2722,2153,0,0,0,1.0,1,1.0,1,1.0,1,0.08474321053693396,55
3275,1,4876,2723,2153,0,0,0,1.0,1,1.0,1,1.0,1,0.08106569313228067,55
3276,0,4876,2723,2153,0,0,0,1.0,1,1.0,1,1.0,1,0.10925784553830283,55
3277,2,4878,2725,2153,0,0,0,1.0,1,1.0,1,1.0,1,0.08111448695631181,57
3278,1,4879,2726,2153,0,0,0,1.0,1,1.0,1,1.0,1,0.0699144232034092,56
3279,1,4880,2727,2153,0,0,0,1.0,1,1.0,1,1.0,1,0.07474958784749766,54
3280,0,4880,2727,2153,0,0,0,1.0,1,1.0,1,1.0,1,0.07261492399651603,53
3281,3,4883,2729,2154,0,0,0,1.0,1,1.0,1,1.0,1,0.08521824710254038,52
3282,0,4883,2729,2154,0,0,0,1.0,1,1.0,1,1.0,1,0.087958852425703,50
3283,2,4885,2731,2154,0,0,0,1.0,1,1.0,1,1.0,1,0.1057176331530581,50
3284,4,4889,2735,2154,0,0,0,1.0,1,1.0,1,1.0,1,0.12443251389650523,47
3285,0,4889,2735,2154,0,0,0,1.0,1,1.0,1,1.0,1,0.10608483735570032,48
3286,5,4894,2740,2154,0,0,0,1.0,1,1.0,1,1.0,1,0.11629677861818308,46
3287,4,4898,2742,2156,0,0,0,1.0,1,1.0,1,1.0,1,0.13380819901831673,46
3288,3,4901,2745,2156,0,0,0,1.0,1,1.0,1,1.0,1,0.19808901946253774,46
3289,3,4904,2747,2157,0,0,0,1.0,1,1.0,1,1.0,1,0.19954182967296874,48
3290,3,4907,2749,2158,0,0,0,1.0,1,1.0,1,1.0,1,0.20657324717756634,48
3291,3,4910,2752,2158,0,0,0,1.0,1,1.0,1,1.0,1,0.16774494496134973,50
3292,3,4913,2753,2160,0,0,0,1.0,1,1.0,1,1.0,1,0.16762246292546756,50
3293,3,4916,2754,2162,0,0,0,1.0,1,1.0,1,1.0,1,0.12558240606328905,51
3294,3,4919,2756,2163,0,0,0,1.0,1,1.0,1,1.0,1,0.1221883748287581,50
3295,2,4921,2758,2163,0,0,0,1.0,1,1.0,1,1.0,1,0.13523468139928632,50
3296,0,4921,2758,2163,0,0,0,1.0,1,1.0,1,1.0,1,0.13523468139928632,50
3297,3,4924,2760,2164,0,0,0,1.0,1,1.0,1,1.0,1,0.10585027302675555,51
3298,4,4928,2762,2166,0,0,0,1.0,1,1.0,1,1.0,1,0.10348562323732408,52
3299,3,4931,2764,2167,0,0,0,1.0,1,1.0,1,1.0,1,0.07494428603922154,53
3300,2,4933,2764,2169,0,0,0,1.0,1,1.0,1,1.0,1,0.06521782871480131,53
3301,2,4935,2764,2171,0,0,0,1.0,1,1.0,1,1.0,1,0.027080324568947312,53
3302,2,4937,2766,2171,0,0,0,1.0,1,1.0,1,1.0,1,0.03714154121589747,53
3303,0,4937,2766,2171,0,0,0,1.0,1,1.0,1,1.0,1,0.050288428325763884,52
3304,0,4937,2766,2171,0,0,0,1.0,1,1.0,1,1.0,1,0.032263498955890514,52
3305,0,4937,2766,2171,0,0,0,1.0,1,1.0,1,1.0,1,0.06767575430222394,51
3306,0,4937,2766,2171,0,0,0,1.0,1,1.0,1,1.0,1,0.03868166110351535,51
3307,1,4938,2767,2171,0,0,0,1.0,1,1.0,1,1.0,1,0.05289621645260577,48
3308,1,4939,2768,2171,0,0,0,1.0,1,1.0,1,1.0,1,0.04743262749384015,48
3309,1,4940,2769,2171,0,0,0,1.0,1,1.0,1,1.0,1,0.07074365327513271,48
3310,1,4941,2770,2171,0,0,0,1.0,1,1.0,1,1.0,1,0.1095034441061776,47
3311,2,4943,2772,2171,0,0,0,1.0,1,1.0,1,1.0,1,0.14013131287577044,49
3312,1,4944,2773,2171,0,0,0,1.0,1,1.0,1,1.0,1,0.17942034276122057,48
3313,4,4948,2776,2172,0,0,0,1.0,1,1.0,1,1.0,1,0.22569811182687022,49
3314,2,4950,2777,2173,0,0,0,1.0,1,1.0,1,1.0,1,0.29553329014644275,47
3315,1,4951,2778,2173,0,0,0,1.0,1,1.0,1,1.0,1,0.3131387309788472,47
3316,0,4951,2778,2173,0,0,0,1.0,1,1.0,1,1.0,1,0.3131387309788472,47
3317,1,4952,2779,2173,0,0,0,1.0,1,1.0,1,1.0,1,0.27150558198202934,46
3318,0,4952,2779,2173,0,0,0,1.0,1,1.0,1,1.0,1,0.27341379946851685,45
3319,1,4953,2780,2173,0,0,0,1.0,1,1.0,1,1.0,1,0.2856101225969038,44
3320,3,4956,2783,2173,0,0,0,1.0,1,1.0,1,1.0,1,0.20778270926620795,43
3321,4,4960,2784,2176,0,0,0,1.0,1,1.0,1,1.0,1,0.1582691035660529,43
3322,4,4964,2788,2176,0,0,0,1.0,1,1.0,1,1.0,1,0.13516755308110012,40
3323,3,4967,2791,2176,0,0,0,1.0,1,1.0,1,1.0,1,0.1696717416379278,40
3324,2,4969,2793,2176,0,0,0,1.0,1,1.0,1,1.0,1,0.18992745605710035,40
3325,2,4971,2795,2176,0,0,0,1.0,1,1.0,1,1.0,1,0.22419448816274318,40
3326,3,4974,2797,2177,0,0,0,1.0,1,1.0,1,1.0,1,0.18157111653744473,41
3327,0,4974,2797,2177,0,0,0,1.0,1,1.0,1,1.0,1,0.1529870410636238,39
3328,3,4977,2800,2177,0,0,0,1.0,1,1.0,1,1.0,1,0.21196280513962182,41
3329,0,4977,2800,2177,0,0,0,1.0,1,1.0,1,1.0,1,0.18577640619146685,39
3330,1,4978,2801,2177,0,0,0,1.0,1,1.0,1,1.0,1,0.179680325147786,40
3331,0,4978,2801,2177,0,0,0,1.0,1,1.0,1,1.0,1,0.17785708595748692,38
3332,0,4978,2801,2177,0,0,0,1.0,1,1.0,1,1.0,1,0.18626574655036457,38
3333,1,4979,2802,2177,0,0,0,1.0,1,1.0,1,1.0,1,0.1973986911767077,38
3334,1,4980,2802,2178,0,0,0,1.0,1,1.0,1,1.0,1,0.1769669756107339,40
3335,0,4980,2802,2178,0,0,0,1.0,1,1.0,1,1.0,1,0.1769669756107339,40
3336,0,4980,2802,2178,0,0,0,1.0,1,1.0,1,1.0,1,0.19671351735305437,39
3337,1,4981,2802,2179,0,0,0,1.0,1,1.0,1,1.0,1,0.13662357473652909,40
3338,4,4985,2806,2179,0,0,0,1.0,1,1.0,1,1.0,1,0.19436532290188463,41
3339,0,4985,2806,2179,0,0,0,1.0,1,1.0,1,1.0,1,0.18640712304154075,42
3340,4,4989,2809,2180,0,0,0,1.0,1,1.0,1,1.0,1,0.18210512001542833,43
3341,6,4995,2809,2186,0,0,0,1.0,1,1.0,1,1.0,1,0.056737653197598624,43
3342,2,4997,2810,2187,0,0,0,1.0,1,1.0,1,1.0,1,0.09340296985200121,44
3343,0,4997,2810,2187,0,0,0,1.0,1,1.0,1,1.0,1,0.09340296985200121,44
3344,1,4998,2810,2188,0,0,0,1.0,1,1.0,1,1.0,1,0.1221121687507693,44
3345,0,4998,2810,2188,0,0,0,1.0,1,1.0,1,1.0,1,0.1362031004061376,43
3346,0,4998,2810,2188,0,0,0,1.0,1,1.0,1,1.0,1,0.16059188346858916,42
3347,0,4998,2810,2188,0,0,0,1.0,1,1.0,1,1.0,1,0.1224139723716548,44
3348,0,4998,2810,2188,0,0,0,1.0,1,1.0,1,1.0,1,0.1339809848256376,45
3349,0,4998,2810,2188,0,0,0,1.0,1,1.0,1,1.0,1,0.1339809848256376,45
3350,0,4998,2810,2188,0,0,0,1.0,1,1.0,1,1.0,1,0.11377823587879443,46
3351,0,4998,2810,2188,0,0,0,1.0,1,1.0,1,1.0,1,0.11629154098184384,47
3352,2,5000,2811,2189,0,0,0,1.0,1,1.0,1,1.0,1,0.13051865584482333,47
3353,3,5003,2811,2192,0,0,0,1.0,1,1.0,1,1.0,1,0.11690267518818187,48
3354,1,5004,2812,2192,0,0,0,1.0,1,1.0,1,1.0,1,0.14301438326054364,48
3355,3,5007,2813,2194,0,0,0,1.0,1,1.0,1,1.0,1,0.13051479590453652,48
3356,2,5009,2813,2196,0,0,0,1.0,1,1.0,1,1.0,1,0.12064687748467337,48
3357,2,5011,2814,2197,0,0,0,1.0,1,1.0,1,1.0,1,0.119680165808952,47
3358,2,5013,2815,2198,0,0,0,1.0,1,1.0,1,1.0,1,0.1482287226725882,46
3359,1,5014,2816,2198,0,0,0,1.0,1,1.0,1,1.0,1,0.16488644816426073,45
3360,2,5016,2818,2198,0,0,0,1.0,1,1.0,1,1.0,1,0.21637849453059446,44
3361,6,5022,2819,2203,0,0,0,1.0,1,1.0,1,1.0,1,0.1554090710216692,43
3362,2,5024,2820,2204,0,0,0,1.0,1,1.0,1,1.0,1,0.18681412739769243,42
3363,1,5025,2821,2204,0,0,0,1.0,1,1.0,1,1.0,1,0.21324451337887504,41
3364,0,5025,2821,2204,0,0,0,1.0,1,1.0,1,1.0,1,0.1887231912411049,41
3365,0,5025,2821,2204,0,0,0,1.0,1,1.0,1,1.0,1,0.18956555272157938,41
3366,0,5025,2821,2204,0,0,0,1.0,1,1.0,1,1.0,1,0.17449729608807366,40
3367,0,5025,2821,2204,0,0,0,1.0,1,1.0,1,1.0,1,0.1562646916081475,39
3368,2,5027,2823,2204,0,0,0,1.0,1,1.0,1,1.0,1,0.14381796315570167,39
3369,0,5027,2823,2204,0,0,0,1.0,1,1.0,1,1.0,1,0.1369063464878659,40
3370,2,5029,2825,2204,0,0,0,1.0,1,1.0,1,1.0,1,0.13678605808267635,41
3371,3,5032,2826,2206,0,0,0,1.0,1,1.0,1,1.0,1,0.14260222691459234,41
3372,2,5034,2828,2206,0,0,0,1.0,1,1.0,1,1.0,1,0.1597473730412258,40
3373,1,5035,2828,2207,0,0,0,1.0,1,1.0,1,1.0,1,0.15581747966843598,41
3374,0,5035,2828,2207,0,0,0,1.0,1,1.0,1,1.0,1,0.15759969885737274,42
3375,0,5035,2828,2207,0,0,0,1.0,1,1.0,1,1.0,1,0.1561463082483845,44
3376,1,5036,2828,2208,0,0,0,1.0,1,1.0,1,1.0,1,0.14274020547173188,46
3377,0,5036,2828,2208,0,0,0,1.0,1,1.0,1,1.0,1,0.16174194732881364,47
3378,2,5038,2830,2208,0,0,0,1.0,1,1.0,1,1.0,1,0.1529182470460013,48
3379,0,5038,2830,2208,0,0,0,1.0,1,1.0,1,1.0,1,0.1529182470460013,48
3380,2,5040,2832,2208,0,0,0,1.0,1,1.0,1,1.0,1,0.13776568353996038,48
3381,2,5042,2832,2210,0,0,0,1.0,1,1.0,1,1.0,1,0.10864249225059305,48
3382,2,5044,2833,2211,0,0,0,1.0,1,1.0,1,1.0,1,0.10330255697219112,49
3383,0,5044,2833,2211,0,0,0,1.0,1,1.0,1,1.0,1,0.1185387351737355,47
3384,3,5047,2835,2212,0,0,0,1.0,1,1.0,1,1.0,1,0.17050064141020016,48
3385,0,5047,2835,2212,0,0,0,1.0,1,1.0,1,1.0,1,0.19106110759774042,47
3386,2,5049,2836,2213,0,0,0,1.0,1,1.0,1,1.0,1,0.21772055020115377,49
3387,0,5049,2836,2213,0,0,0,1.0,1,1.0,1,1.0,1,0.22720623906671028,48
3388,4,5053,2837,2216,0,0,0,1.0,1,1.0,1,1.0,1,0.25563896473456066,48
3389,4,5057,2837,2220,0,0,0,1.0,1,1.0,1,1.0,1,0.2475620145866386,50
3390,2,5059,2837,2222,0,0,0,1.0,1,1.0,1,1.0,1,0.2269839491839508,51
3391,2,5061,2838,2223,0,0,0,1.0,1,1.0,1,1.0,1,0.2493736391380394,51
3392,1,5062,2838,2224,0,0,0,1.0,1,1.0,1,1.0,1,0.24589125461153166,52
3393,3,5065,2839,2226,0,0,0,1.0,1,1.0,1,1.0,1,0.21330082313964752,52
3394,0,5065,2839,2226,0,0,0,1.0,1,1.0,1,1.0,1,0.21330082313964752,52
3395,1,5066,2840,2226,0,0,0,1.0,1,1.0,1,1.0,1,0.17827082363833546,50
3396,1,5067,2841,2226,0,0,0,1.0,1,1.0,1,1.0,1,0.16494155025565485,49
3397,1,5068,2842,2226,0,0,0,1.0,1,1.0,1,1.0,1,0.15324119744995393,49
3398,0,5068,2842,2226,0,0,0,1.0,1,1.0,1,1.0,1,0.15179333097418762,48
3399,1,5069,2843,2226,0,0,0,1.0,1,1.0,1,1.0,1,0.15561563874712567,49
3400,1,5070,2844,2226,0,0,0,1.0,1,1.0,1,1.0,1,0.14652549754546504,50
3401,4,5074,2844,2230,0,0,0,1.0,1,1.0,1,1.0,1,0.08858635471682949,51
3402,1,5075,2845,2230,0,0,0,1.0,1,1.0,1,1.0,1,0.09159561163423684,51
3403,2,5077,2847,2230,0,0,0,1.0,1,1.0,1,1.0,1,0.11901290257732616,51
3404,2,5079,2848,2231,0,0,0,1.0,1,1.0,1,1.0,1,0.12420551081912681,51
3405,1,5080,2849,2231,0,0,0,1.0,1,1.0,1,1.0,1,0.1555267079077847,51
3406,0,5080,2849,2231,0,0,0,1.0,1,1.0,1,1.0,1,0.16916631951623595,51
3407,3,5083,2852,2231,0,0,0,1.0,1,1.0,1,1.0,1,0.15978489983892338,52
3408,1,5084,2852,2232,0,0,0,1.0,1,1.0,1,1.0,1,0.1625356526917687,53
3409,1,5085,2853,2232,0,0,0,1.0,1,1.0,1,1.0,1,0.15127594809507205,54
3410,1,5086,2854,2232,0,0,0,1.0,1,1.0,1,1.0,1,0.15975164045394014,54
3411,1,5087,2855,2232,0,0,0,1.0,1,1.0,1,1.0,1,0.15845875762443515,54
3412,1,5088,2856,2232,0,0,0,1.0,1,1.0,1,1.0,1,0.1911401227817486,55
3413,0,5088,2856,2232,0,0,0,1.0,1,1.0,1,1.0,1,0.1911401227817486,55
3414,1,5089,2856,2233,0,0,0,1.0,1,1.0,1,1.0,1,0.18114015291947905,55
3415,2,5091,2858,2233,0,0,0,1.0,1,1.0,1,1.0,1,0.20258736387790172,56
3416,1,5092,2858,2234,0,0,0,1.0,1,1.0,1,1.0,1,0.19672096924769122,55
3417,1,5093,2858,2235,0,0,0,1.0,1,1.0,1,1.0,1,0.1997858663866024,56
3418,2,5095,2859,2236,0,0,0,1.0,1,1.0,1,1.0,1,0.2045750034972732,55
3419,1,5096,2859,2237,0,0,0,1.0,1,1.0,1,1.0,1,0.20676467754221664,56
3420,1,5097,2860,2237,0,0,0,1.0,1,1.0,1,1.0,1,0.22164748489406252,55
3421,7,5104,2861,2243,0,0,0,1.0,1,1.0,1,1.0,1,0.16115380681883162,57
3422,1,5105,2862,2243,0,0,0,1.0,1,1.0,1,1.0,1,0.15796881470032534,56
3423,1,5106,2863,2243,0,0,0,1.0,1,1.0,1,1.0,1,0.15208827791849802,56
3424,1,5107,2864,2243,0,0,0,1.0,1,1.0,1,1.0,1,0.16761567540507663,56
3425,0,5107,2864,2243,0,0,0,1.0,1,1.0,1,1.0,1,0.16761567540507663,56
3426,1,5108,2864,2244,0,0,0,1.0,1,1.0,1,1.0,1,0.18694174473532166,55
3427,1,5109,2864,2245,0,0,0,1.0,1,1.0,1,1.0,1,0.20900504362963393,55
3428,1,5110,2865,2245,0,0,0,1.0,1,1.0,1,1.0,1,0.19702078624856087,55
3429,1,5111,2866,2245,0,0,0,1.0,1,1.0,1,1.0,1,0.23442167747125314,54
3430,1,5112,2866,2246,0,0,0,1.0,1,1.0,1,1.0,1,0.21052111864594447,56
3431,3,5115,2867,2248,0,0,0,1.0,1,1.0,1,1.0,1,0.18856420668330054,54
3432,3,5118,2868,2250,0,0,0,1.0,1,1.0,1,1.0,1,0.19134901797830053,56
3433,1,5119,2869,2250,0,0,0,1.0,1,1.0,1,1.0,1,0.21392949633397249,53
3434,2,5121,2871,2250,0,0,0,1.0,1,1.0,1,1.0,1,0.22325185897237243,51
3435,3,5124,2874,2250,0,0,0,1.0,1,1.0,1,1.0,1,0.2541804090204434,51
3436,2,5126,2875,2251,0,0,0,1.0,1,1.0,1,1.0,1,0.22477430637207377,51
3437,1,5127,2876,2251,0,0,0,1.0,1,1.0,1,1.0,1,0.2401243280316394,53
3438,0,5127,2876,2251,0,0,0,1.0,1,1.0,1,1.0,1,0.19662360944501012,52
3439,1,5128,2877,2251,0,0,0,1.0,1,1.0,1,1.0,1,0.19948722016346856,54
3440,1,5129,2877,2252,0,0,0,1.0,1,1.0,1,1.0,1,0.18729241488458198,52
3441,5,5134,2877,2257,0,0,0,1.0,1,1.0,1,1.0,1,0.11929599097689202,53
3442,0,5134,2877,2257,0,0,0,1.0,1,1.0,1,1.0,1,0.10675869383224447,53
3443,0,5134,2877,2257,0,0,0,1.0,1,1.0,1,1.0,1,0.11590183693593809,53
3444,1,5135,2878,2257,0,0,0,1.0,1,1.0,1,1.0,1,0.11032549649188196,52
3445,2,5137,2880,2257,0,0,0,1.0,1,1.0,1,1.0,1,0.11397893418217465,53
3446,2,5139,2881,2258,0,0,0,1.0,1,1.0,1,1.0,1,0.16271524102760207,53
3447,1,5140,2882,2258,0,0,0,1.0,1,1.0,1,1.0,1,0.15219670257646972,53
3448,3,5143,2885,2258,0,0,0,1.0,1,1.0,1,1.0,1,0.2246845868543708,52
3449,4,5147,2888,2259,0,0,0,1.0,1,1.0,1,1.0,1,0.18781461134133315,52
3450,3,5150,2890,2260,0,0,0,1.0,1,1.0,1,1.0,1,0.18704834694318553,52
3451,3,5153,2893,2260,0,0,0,1.0,1,1.0,1,1.0,1,0.20043079979092454,54
3452,1,5154,2894,2260,0,0,0,1.0,1,1.0,1,1.0,1,0.1997160383319731,54
3453,1,5155,2895,2260,0,0,0,1.0,1,1.0,1,1.0,1,0.20659725273420096,54
3454,0,5155,2895,2260,0,0,0,1.0,1,1.0,1,1.0,1,0.1975631229177556,57
3455,0,5155,2895,2260,0,0,0,1.0,1,1.0,1,1.0,1,0.1975631229177556,57
3456,0,5155,2895,2260,0,0,0,1.0,1,1.0,1,1.0,1,0.20605363180212408,58
3457,0,5155,2895,2260,0,0,0,1.0,1,1.0,1,1.0,1,0.21517020125344483,57
3458,0,5155,2895,2260,0,0,0,1.0,1,1.0,1,1.0,1,0.21529687276367196,57
3459,0,5155,2895,2260,0,0,0,1.0,1,1.0,1,1.0,1,0.21529687276367196,57
3460,1,5156,2896,2260,0,0,0,1.0,1,1.0,1,1.0,1,0.18855044738218846,58
3461,8,5164,2896,2268,0,0,0,1.0,1,1.0,1,1.0,1,0.10996250686448071,59
3462,1,5165,2897,2268,0,0,0,1.0,1,1.0,1,1.0,1,0.0973849657832279,59
3463,1,5166,2898,2268,0,0,0,1.0,1,1.0,1,1.0,1,0.09080568912407393,59
3464,1,5167,2898,2269,0,0,0,1.0,1,1.0,1,1.0,1,0.10145976595976638,59
3465,1,5168,2899,2269,0,0,0,1.0,1,1.0,1,1.0,1,0.11234495130406619,57
3466,0,5168,2899,2269,0,0,0,1.0,1,1.0,1,1.0,1,0.11234495130406619,57
3467,3,5171,2901,2270,0,0,0,1.0,1,1.0,1,1.0,1,0.15794657910049686,57
3468,1,5172,2902,2270,0,0,0,1.0,1,1.0,1,1.0,1,0.15409035337442137,57
3469,4,5176,2906,2270,0,0,0,1.0,1,1.0,1,1.0,1,0.14848852227769727,53
3470,2,5178,2908,2270,0,0,0,1.0,1,1.0,1,1.0,1,0.16124048413041067,50
3471,2,5180,2910,2270,0,0,0,1.0,1,1.0,1,1.0,1,0.20582700358072423,49
3472,1,5181,2911,2270,0,0,0,1.0,1,1.0,1,1.0,1,0.19619867340679742,47
3473,3,5184,2914,2270,0,0,0,1.0,1,1.0,1,1.0,1,0.23687107700208174,45
3474,1,5185,2915,2270,0,0,0,1.0,1,1.0,1,1.0,1,0.25061215808412857,42
3475,2,5187,2917,2270,0,0,0,1.0,1,1.0,1,1.0,1,0.31993312651993017,43
3476,3,5190,2920,2270,0,0,0,1.0,1,1.0,1,1.0,1,0.32047957788886755,41
3477,3,5193,2923,2270,0,0,0,1.0,1,1.0,1,1.0,1,0.2714618833973527,42
3478,2,5195,2925,2270,0,0,0,1.0,1,1.0,1,1.0,1,0.3021834226111069,40
3479,0,5195,2925,2270,0,0,0,1.0,1,1.0,1,1.0,1,0.26874651461964094,40
3480,1,5196,2926,2270,0,0,0,1.0,1,1.0,1,1.0,1,0.2715500002557135,40
3481,6,5202,2926,2276,0,0,0,1.0,1,1.0,1,1.0,1,0.15203319525846426,40
3482,0,5202,2926,2276,0,0,0,1.0,1,1.0,1,1.0,1,0.15203319525846426,40
3483,2,5204,2928,2276,0,0,0,1.0,1,1.0,1,1.0,1,0.2006741345511968,39
3484,1,5205,2928,2277,0,0,0,1.0,1,1.0,1,1.0,1,0.18768699208002199,39
3485,2,5207,2930,2277,0,0,0,1.0,1,1.0,1,1.0,1,0.28902169773881875,40
3486,2,5209,2930,2279,0,0,0,1.0,1,1.0,1,1.0,1,0.2688659351237892,41
3487,2,5211,2931,2280,0,0,0,1.0,1,1.0,1,1.0,1,0.2558942915037538,41
3488,2,5213,2933,2280,0,0,0,1.0,1,1.0,1,1.0,1,0.21852134974632198,42
3489,1,5214,2934,2280,0,0,0,1.0,1,1.0,1,1.0,1,0.1995763368299475,44
3490,0,5214,2934,2280,0,0,0,1.0,1,1.0,1,1.0,1,0.1995763368299475,44
3491,1,5215,2934,2281,0,0,0,1.0,1,1.0,1,1.0,1,0.19064234719238898,45
3492,1,5216,2935,2281,0,0,0,1.0,1,1.0,1,1.0,1,0.1814271808273229,45
3493,2,5218,2936,2282,0,0,0,1.0,1,1.0,1,1.0,1,0.20556893528915005,45
3494,0,5218,2936,2282,0,0,0,1.0,1,1.0,1,1.0,1,0.20556893528915005,45
3495,2,5220,2937,2283,0,0,0,1.0,1,1.0,1,1.0,1,0.2035513095899803,45
3496,1,5221,2937,2284,0,0,0,1.0,1,1.0,1,1.0,1,0.20533882596433226,46
3497,0,5221,2937,2284,0,0,0,1.0,1,1.0,1,1.0,1,0.1983310027722253,47
3498,4,5225,2938,2287,0,0,0,1.0,1,1.0,1,1.0,1,0.17830603768463812,48
3499,0,5225,2938,2287,0,0,0,1.0,1,1.0,1,1.0,1,0.19554148721475678,47
3500,0,5225,2938,2287,0,0,0,1.0,1,1.0,1,1.0,1,0.1991732554756914,50
3501,6,5231,2939,2292,0,0,0,1.0,1,1.0,1,1.0,1,0.15149673363834917,50
3502,0,5231,2939,2292,0,0,0,1.0,1,1.0,1,1.0,1,0.15149673363834917,50
3503,0,5231,2939,2292,0,0,0,1.0,1,1.0,1,1.0,1,0.15149673363834917,50
3504,1,5232,2940,2292,0,0,0,1.0,1,1.0,1,1.0,1,0.2181074591865487,47
3505,1,5233,2940,2293,0,0,0,1.0,1,1.0,1,1.0,1,0.2160013144573761,48
3506,0,5233,2940,2293,0,0,0,1.0,1,1.0,1,1.0,1,0.22118339266910447,49
3507,1,5234,2940,2294,0,0,0,1.0,1,1.0,1,1.0,1,0.19672004865276904,46
3508,3,5237,2943,2294,0,0,0,1.0,1,1.0,1,1.0,1,0.27420596065331854,47
3509,0,5237,2943,2294,0,0,0,1.0,1,1.0,1,1.0,1,0.24995288933340215,44
3510,1,5238,2944,2294,0,0,0,1.0,1,1.0,1,1.0,1,0.28290988778040577,45
3511,0,5238,2944,2294,0,0,0,1.0,1,1.0,1,1.0,1,0.2722985446422848,44
3512,0,5238,2944,2294,0,0,0,1.0,1,1.0,1,1.0,1,0.25270819222499746,42
3513,0,5238,2944,2294,0,0,0,1.0,1,1.0,1,1.0,1,0.25270819222499746,42
3514,0,5238,2944,2294,0,0,0,1.0,1,1.0,1,1.0,1,0.23752928199500467,42
3515,2,5240,2944,2296,0,0,0,1.0,1,1.0,1,1.0,1,0.19504896513121905,42
3516,0,5240,2944,2296,0,0,0,1.0,1,1.0,1,1.0,1,0.2090517833065605,41
3517,1,5241,2944,2297,0,0,0,1.0,1,1.0,1,1.0,1,0.195217758439654,44
3518,0,5241,2944,2297,0,0,0,1.0,1,1.0,1,1.0,1,0.20566377961079693,43
3519,0,5241,2944,2297,0,0,0,1.0,1,1.0,1,1.0,1,0.19443581671558796,44
3520,0,5241,2944,2297,0,0,0,1.0,1,1.0,1,1.0,1,0.20770133421708192,45
3521,3,5244,2944,2300,0,0,0,1.0,1,1.0,1,1.0,1,0.1835004051702143,45
3522,0,5244,2944,2300,0,0,0,1.0,1,1.0,1,1.0,1,0.18507021505639676,46
3523,0,5244,2944,2300,0,0,0,1.0,1,1.0,1,1.0,1,0.18507021505639676,46
3524,1,5245,2944,2301,0,0,0,1.0,1,1.0,1,1.0,1,0.15327217085651704,47
3525,0,5245,2944,2301,0,0,0,1.0,1,1.0,1,1.0,1,0.16929061399228376,48
3526,0,5245,2944,2301,0,0,0,1.0,1,1.0,1,1.0,1,0.14967458265164502,49
3527,3,5248,2946,2302,0,0,0,1.0,1,1.0,1,1.0,1,0.19824499616260302,49
3528,2,5250,2946,2304,0,0,0,1.0,1,1.0,1,1.0,1,0.1856989970375022,51
3529,2,5252,2946,2306,0,0,0,1.0,1,1.0,1,1.0,1,0.19937759486342094,51
3530,3,5255,2946,2309,0,0,0,1.0,1,1.0,1,1.0,1,0.18222973034671996,52
3531,4,5259,2946,2313,0,0,0,1.0,1,1.0,1,1.0,1,0.1841885996612004,52
3532,2,5261,2946,2315,0,0,0,1.0,1,1.0,1,1.0,1,0.1927371976684317,52
3533,2,5263,2946,2317,0,0,0,1.0,1,1.0,1,1.0,1,0.19247534059633772,52
3534,4,5267,2946,2321,0,0,0,1.0,1,1.0,1,1.0,1,0.19247534059633772,52
3535,2,5269,2946,2323,0,0,0,1.0,1,1.0,1,1.0,1,0.1927371976684317,52
3536,1,5270,2946,2324,0,0,0,1.0,1,1.0,1,1.0,1,0.1924690745216718,54
3537,3,5273,2946,2327,0,0,0,1.0,1,1.0,1,1.0,1,0.19456514974711925,55
3538,4,5277,2946,2331,0,0,0,1.0,1,1.0,1,1.0,1,0.1884000361037138,55
3539,3,5280,2947,2333,0,0,0,1.0,1,1.0,1,1.0,1,0.15356864703366035,58
3540,4,5284,2949,2335,0,0,0,1.0,1,1.0,1,1.0,1,0.1766794640863098,59
3541,2,5286,2949,2337,0,0,0,1.0,1,1.0,1,1.0,1,0.1506797866451806,59
3542,2,5288,2951,2337,0,0,0,1.0,1,1.0,1,1.0,1,0.17777855156907582,61
3543,1,5289,2951,2338,0,0,0,1.0,1,1.0,1,1.0,1,0.1619779408407617,62
3544,2,5291,2953,2338,0,0,0,1.0,1,1.0,1,1.0,1,0.17711171243199272,59
3545,1,5292,2954,2338,0,0,0,1.0,1,1.0,1,1.0,1,0.19384526653291226,59
3546,0,5292,2954,2338,0,0,0,1.0,1,1.0,1,1.0,1,0.18433431578928922,57
3547,2,5294,2956,2338,0,0,0,1.0,1,1.0,1,1.0,1,0.18670715677796518,53
3548,0,5294,2956,2338,0,0,0,1.0,1,1.0,1,1.0,1,0.18670715677796518,53
3549,0,5294,2956,2338,0,0,0,1.0,1,1.0,1,1.0,1,0.1732451139273276,52
3550,0,5294,2956,2338,0,0,0,1.0,1,1.0,1,1.0,1,0.19116670407570757,51
3551,0,5294,2956,2338,0,0,0,1.0,1,1.0,1,1.0,1,0.19121904453259445,51
3552,1,5295,2956,2339,0,0,0,1.0,1,1.0,1,1.0,1,0.19823245664334044,51
3553,0,5295,2956,2339,0,0,0,1.0,1,1.0,1,1.0,1,0.21999925686654695,49
3554,2,5297,2956,2341,0,0,0,1.0,1,1.0,1,1.0,1,0.18377153545252595,49
3555,2,5299,2956,2343,0,0,0,1.0,1,1.0,1,1.0,1,0.16175509035438396,51
3556,1,5300,2957,2343,0,0,0,1.0,1,1.0,1,1.0,1,0.15102622060567977,51
3557,3,5303,2959,2344,0,0,0,1.0,1,1.0,1,1.0,1,0.1424070112050785,52
3558,1,5304,2960,2344,0,0,0,1.0,1,1.0,1,1.0,1,0.16032966276645277,52
3559,1,5305,2961,2344,0,0,0,1.0,1,1.0,1,1.0,1,0.1702736424092878,52
3560,1,5306,2962,2344,0,0,0,1.0,1,1.0,1,1.0,1,0.14231846837875503,53
3561,6,5312,2963,2349,0,0,0,1.0,1,1.0,1,1.0,1,0.09525479372373238,54
3562,2,5314,2965,2349,0,0,0,1.0,1,1.0,1,1.0,1,0.11883808777863065,54
3563,3,5317,2966,2351,0,0,0,1.0,1,1.0,1,1.0,1,0.11752740163432862,55
3564,1,5318,2966,2352,0,0,0,1.0,1,1.0,1,1.0,1,0.08432155728007072,57
3565,0,5318,2966,2352,0,0,0,1.0,1,1.0,1,1.0,1,0.08985299782827591,56
3566,0,5318,2966,2352,0,0,0,1.0,1,1.0,1,1.0,1,0.10320574034094392,57
3567,2,5320,2967,2353,0,0,0,1.0,1,1.0,1,1.0,1,0.10081430884666655,57
3568,1,5321,2968,2353,0,0,0,1.0,1,1.0,1,1.0,1,0.11579554785025181,57
3569,3,5324,2969,2355,0,0,0,1.0,1,1.0,1,1.0,1,0.11352090156389609,57
3570,1,5325,2970,2355,0,0,0,1.0,1,1.0,1,1.0,1,0.15433349856155346,59
3571,3,5328,2971,2357,0,0,0,1.0,1,1.0,1,1.0,1,0.1300077980557291,60
3572,0,5328,2971,2357,0,0,0,1.0,1,1.0,1,1.0,1,0.12043978025727937,61
3573,2,5330,2972,2358,0,0,0,1.0,1,1.0,1,1.0,1,0.12561064676179776,62
3574,0,5330,2972,2358,0,0,0,1.0,1,1.0,1,1.0,1,0.11512346647385405,63
3575,0,5330,2972,2358,0,0,0,1.0,1,1.0,1,1.0,1,0.11512346647385405,63
3576,1,5331,2973,2358,0,0,0,1.0,1,1.0,1,1.0,1,0.13601918744510622,63
3577,0,5331,2973,2358,0,0,0,1.0,1,1.0,1,1.0,1,0.12428668917414093,64
3578,0,5331,2973,2358,0,0,0,1.0,1,1.0,1,1.0,1,0.11342579734727884,64
3579,0,5331,2973,2358,0,0,0,1.0,1,1.0,1,1.0,1,0.11342579734727884,64
3580,0,5331,2973,2358,0,0,0,1.0,1,1.0,1,1.0,1,0.12351715843167323,65
3581,0,5331,2973,2358,0,0,0,1.0,1,1.0,1,1.0,1,0.11443755545039899,68
3582,0,5331,2973,2358,0,0,0,1.0,1,1.0,1,1.0,1,0.13924128416666554,68
3583,4,5335,2977,2358,0,0,0,1.0,1,1.0,1,1.0,1,0.17321062747160829,65
3584,3,5338,2980,2358,0,0,0,1.0,1,1.0,1,1.0,1,0.21570268412884455,64
3585,2,5340,2982,2358,0,0,0,1.0,1,1.0,1,1.0,1,0.1990063660829884,64
3586,7,5347,2986,2361,0,0,0,1.0,1,1.0,1,1.0,1,0.19217650924720095,65
3587,3,5350,2987,2363,0,0,0,1.0,1,1.0,1,1.0,1,0.1480018295627289,64
3588,3,5353,2989,2364,0,0,0,1.0,1,1.0,1,1.0,1,0.14648549654285664,62
3589,4,5357,2992,2365,0,0,0,1.0,1,1.0,1,1.0,1,0.16987164791563208,63
3590,2,5359,2993,2366,0,0,0,1.0,1,1.0,1,1.0,1,0.1824900160805263,63
3591,1,5360,2994,2366,0,0,0,1.0,1,1.0,1,1.0,1,0.18837786167319576,62
3592,1,5361,2995,2366,0,0,0,1.0,1,1.0,1,1.0,1,0.19178268382501273,59
3593,0,5361,2995,2366,0,0,0,1.0,1,1.0,1,1.0,1,0.18187461797038249,58
3594,0,5361,2995,2366,0,0,0,1.0,1,1.0,1,1.0,1,0.20093459941621677,57
3595,1,5362,2995,2367,0,0,0,1.0,1,1.0,1,1.0,1,0.18727955597256324,59
3596,1,5363,2996,2367,0,0,0,1.0,1,1.0,1,1.0,1,0.17876387010672004,57
3597,0,5363,2996,2367,0,0,0,1.0,1,1.0,1,1.0,1,0.20317785888710355,57
3598,2,5365,2997,2368,0,0,0,1.0,1,1.0,1,1.0,1,0.20438459661404576,57
3599,0,5365,2997,2368,0,0,0,1.0,1,1.0,1,1.0,1,0.2127041914388142,58
3600,1,5366,2998,2368,0,0,0,1.0,1,1.0,1,1.0,1,0.22460166815543045,58
3601,8,5374,3000,2374,0,0,0,1.0,1,1.0,1,1.0,1,0.1535298280199794,58
3602,0,5374,3000,2374,0,0,0,1.0,1,1.0,1,1.0,1,0.14103080649329258,60
3603,1,5375,3001,2374,0,0,0,1.0,1,1.0,1,1.0,1,0.15054354378354215,60
3604,1,5376,3002,2374,0,0,0,1.0,1,1.0,1,1.0,1,0.16164089566230844,60
3605,3,5379,3003,2376,0,0,0,1.0,1,1.0,1,1.0,1,0.1584096279724688,61
3606,4,5383,3005,2378,0,0,0,1.0,1,1.0,1,1.0,1,0.1240621396227655,63
3607,0,5383,3005,2378,0,0,0,1.0,1,1.0,1,1.0,1,0.1240621396227655,63
3608,0,5383,3005,2378,0,0,0,1.0,1,1.0,1,1.0,1,0.13120617529411024,64
3609,2,5385,3005,2380,0,0,0,1.0,1,1.0,1,1.0,1,0.12715596876883464,66
3610,2,5387,3007,2380,0,0,0,1.0,1,1.0,1,1.0,1,0.13395257173685163,67
3611,2,5389,3009,2380,0,0,0,1.0,1,1.0,1,1.0,1,0.1576123262274164,67
3612,1,5390,3010,2380,0,0,0,1.0,1,1.0,1,1.0,1,0.17572099182041095,66
3613,1,5391,3010,2381,0,0,0,1.0,1,1.0,1,1.0,1,0.16806138011875962,66
3614,1,5392,3011,2381,0,0,0,1.0,1,1.0,1,1.0,1,0.17858784906721514,65
3615,0,5392,3011,2381,0,0,0,1.0,1,1.0,1,1.0,1,0.16368143571279334,65
3616,0,5392,3011,2381,0,0,0,1.0,1,1.0,1,1.0,1,0.16368143571279334,65
3617,0,5392,3011,2381,0,0,0,1.0,1,1.0,1,1.0,1,0.15548055231818592,66
3618,0,5392,3011,2381,0,0,0,1.0,1,1.0,1,1.0,1,0.15548055231818592,66
3619,2,5394,3012,2382,0,0,0,1.0,1,1.0,1,1.0,1,0.16650730892342197,65
3620,2,5396,3013,2383,0,0,0,1.0,1,1.0,1,1.0,1,0.18261810134497122,66
3621,8,5404,3016,2388,0,0,0,1.0,1,1.0,1,1.0,1,0.10621475647981984,65
3622,1,5405,3016,2389,0,0,0,1.0,1,1.0,1,1.0,1,0.0994867788961259,65
3623,1,5406,3017,2389,0,0,0,1.0,1,1.0,1,1.0,1,0.11059642077933594,62
3624,2,5408,3019,2389,0,0,0,1.0,1,1.0,1,1.0,1,0.14144057397655838,62
3625,3,5411,3021,2390,0,0,0,1.0,1,1.0,1,1.0,1,0.15305499935623879,61
3626,1,5412,3022,2390,0,0,0,1.0,1,1.0,1,1.0,1,0.13627540918411918,58
3627,2,5414,3024,2390,0,0,0,1.0,1,1.0,1,1.0,1,0.17763547295390097,58
3628,1,5415,3025,2390,0,0,0,1.0,1,1.0,1,1.0,1,0.13804293590406913,57
3629,1,5416,3026,2390,0,0,0,1.0,1,1.0,1,1.0,1,0.1726283992434108,57
3630,2,5418,3028,2390,0,0,0,1.0,1,1.0,1,1.0,1,0.1321525728385895,56
3631,2,5420,3030,2390,0,0,0,1.0,1,1.0,1,1.0,1,0.11899329155717756,54
3632,2,5422,3031,2391,0,0,0,1.0,1,1.0,1,1.0,1,0.12176635210646958,52
3633,1,5423,3032,2391,0,0,0,1.0,1,1.0,1,1.0,1,0.13590325154830352,52
3634,0,5423,3032,2391,0,0,0,1.0,1,1.0,1,1.0,1,0.1485314934415936,49
3635,1,5424,3033,2391,0,0,0,1.0,1,1.0,1,1.0,1,0.19265149728832062,47
3636,0,5424,3033,2391,0,0,0,1.0,1,1.0,1,1.0,1,0.21617479350773802,48
3637,3,5427,3036,2391,0,0,0,1.0,1,1.0,1,1.0,1,0.27842967170048966,49
3638,0,5427,3036,2391,0,0,0,1.0,1,1.0,1,1.0,1,0.2771102747413586,50
3639,2,5429,3038,2391,0,0,0,1.0,1,1.0,1,1.0,1,0.2965301459077351,52
3640,3,5432,3039,2393,0,0,0,1.0,1,1.0,1,1.0,1,0.2930415625196212,52
3641,9,5441,3039,2402,0,0,0,1.0,1,1.0,1,1.0,1,0.1777947330010516,52
3642,0,5441,3039,2402,0,0,0,1.0,1,1.0,1,1.0,1,0.1777947330010516,52
3643,0,5441,3039,2402,0,0,0,1.0,1,1.0,1,1.0,1,0.1777947330010516,52
3644,2,5443,3039,2404,0,0,0,1.0,1,1.0,1,1.0,1,0.14064964331155985,52
3645,1,5444,3040,2404,0,0,0,1.0,1,1.0,1,1.0,1,0.13978679603737473,53
3646,0,5444,3040,2404,0,0,0,1.0,1,1.0,1,1.0,1,0.13978679603737473,53
3647,1,5445,3040,2405,0,0,0,1.0,1,1.0,1,1.0,1,0.1374005946898106,55
3648,1,5446,3040,2406,0,0,0,1.0,1,1.0,1,1.0,1,0.1328183554320766,57
3649,0,5446,3040,2406,0,0,0,1.0,1,1.0,1,1.0,1,0.1328183554320766,57
3650,1,5447,3040,2407,0,0,0,1.0,1,1.0,1,1.0,1,0.12926782905925632,59
3651,1,5448,3040,2408,0,0,0,1.0,1,1.0,1,1.0,1,0.1271917956809819,59
3652,0,5448,3040,2408,0,0,0,1.0,1,1.0,1,1.0,1,0.1271917956809819,59
3653,0,5448,3040,2408,0,0,0,1.0,1,1.0,1,1.0,1,0.1271917956809819,59
3654,0,5448,3040,2408,0,0,0,1.0,1,1.0,1,1.0,1,0.1271917956809819,59
3655,8,5456,3040,2416,0,0,0,1.0,1,1.0,1,1.0,1,0.11010184283556813,62
3656,8,5464,3040,2424,0,0,0,1.0,1,1.0,1,1.0,1,0.11010184283556813,62
3657,5,5469,3041,2428,0,0,0,1.0,1,1.0,1,1.0,1,0.1606550354160625,63
3658,8,5477,3043,2434,0,0,0,1.0,1,1.0,1,1.0,1,0.14669954470923616,63
3659,4,5481,3044,2437,0,0,0,1.0,1,1.0,1,1.0,1,0.1582350527476968,62
3660,5,5486,3046,2440,0,0,0,1.0,1,1.0,1,1.0,1,0.19352803034435895,62
3661,9,5495,3047,2448,0,0,0,1.0,1,1.0,1,1.0,1,0.0971343120928519,61
3662,1,5496,3048,2448,0,0,0,1.0,1,1.0,1,1.0,1,0.11259881065268122,60
3663,1,5497,3049,2448,0,0,0,1.0,1,1.0,1,1.0,1,0.130600047974245,61
3664,1,5498,3050,2448,0,0,0,1.0,1,1.0,1,1.0,1,0.12395345598745323,58
3665,1,5499,3051,2448,0,0,0,1.0,1,1.0,1,1.0,1,0.15735677118403008,58
3666,0,5499,3051,2448,0,0,0,1.0,1,1.0,1,1.0,1,0.13968050247873848,58
3667,2,5501,3053,2448,0,0,0,1.0,1,1.0,1,1.0,1,0.1292518801884762,58
3668,0,5501,3053,2448,0,0,0,1.0,1,1.0,1,1.0,1,0.13463097299180393,58
3669,1,5502,3054,2448,0,0,0,1.0,1,1.0,1,1.0,1,0.1294203119798855,57
3670,1,5503,3055,2448,0,0,0,1.0,1,1.0,1,1.0,1,0.14517675137882577,56
3671,1,5504,3056,2448,0,0,0,1.0,1,1.0,1,1.0,1,0.18141002489409544,57
3672,2,5506,3057,2449,0,0,0,1.0,1,1.0,1,1.0,1,0.20590446581064287,57
3673,0,5506,3057,2449,0,0,0,1.0,1,1.0,1,1.0,1,0.19223262125151597,58
3674,0,5506,3057,2449,0,0,0,1.0,1,1.0,1,1.0,1,0.2034811399252972,57
3675,0,5506,3057,2449,0,0,0,1.0,1,1.0,1,1.0,1,0.20446691525720284,58
3676,4,5510,3059,2451,0,0,0,1.0,1,1.0,1,1.0,1,0.20577380512407728,59
3677,1,5511,3059,2452,0,0,0,1.0,1,1.0,1,1.0,1,0.18915400750161818,60
3678,1,5512,3059,2453,0,0,0,1.0,1,1.0,1,1.0,1,0.19962935281602526,62
3679,0,5512,3059,2453,0,0,0,1.0,1,1.0,1,1.0,1,0.19962935281602526,62
3680,0,5512,3059,2453,0,0,0,1.0,1,1.0,1,1.0,1,0.1802167402299085,63
3681,2,5514,3059,2455,0,0,0,1.0,1,1.0,1,1.0,1,0.1723928763290162,64
3682,0,5514,3059,2455,0,0,0,1.0,1,1.0,1,1.0,1,0.1723928763290162,64
3683,0,5514,3059,2455,0,0,0,1.0,1,1.0,1,1.0,1,0.1723928763290162,64
3684,1,5515,3060,2455,0,0,0,1.0,1,1.0,1,1.0,1,0.1914137538762967,64
3685,0,5515,3060,2455,0,0,0,1.0,1,1.0,1,1.0,1,0.1914137538762967,64
3686,2,5517,3061,2456,0,0,0,1.0,1,1.0,1,1.0,1,0.19528088843474425,65
3687,0,5517,3061,2456,0,0,0,1.0,1,1.0,1,1.0,1,0.19528088843474425,65
3688,0,5517,3061,2456,0,0,0,1.0,1,1.0,1,1.0,1,0.20465822724804542,66
3689,0,5517,3061,2456,0,0,0,1.0,1,1.0,1,1.0,1,0.20465822724804542,66
3690,2,5519,3061,2458,0,0,0,1.0,1,1.0,1,1.0,1,0.1961651193731891,67
3691,1,5520,3061,2459,0,0,0,1.0,1,1.0,1,1.0,1,0.19388023340493019,68
3692,3,5523,3061,2462,0,0,0,1.0,1,1.0,1,1.0,1,0.1798870388466788,69
3693,0,5523,3061,2462,0,0,0,1.0,1,1.0,1,1.0,1,0.1745195955657601,69
3694,2,5525,3062,2463,0,0,0,1.0,1,1.0,1,1.0,1,0.19774247540352527,70
3695,2,5527,3062,2465,0,0,0,1.0,1,1.0,1,1.0,1,0.18812036509101146,70
3696,5,5532,3064,2468,0,0,0,1.0,1,1.0,1,1.0,1,0.18090680606166898,71
3697,2,5534,3066,2468,0,0,0,1.0,1,1.0,1,1.0,1,0.17744209740834943,70
3698,0,5534,3066,2468,0,0,0,1.0,1,1.0,1,1.0,1,0.17486544510507787,70
3699,2,5536,3067,2469,0,0,0,1.0,1,1.0,1,1.0,1,0.16334300514545053,70
3700,3,5539,3070,2469,0,0,0,1.0,1,1.0,1,1.0,1,0.18538092305484066,68
3701,1,5540,3071,2469,0,0,0,1.0,1,1.0,1,1.0,1,0.21399856244320598,69
3702,1,5541,3072,2469,0,0,0,1.0,1,1.0,1,1.0,1,0.22481706961703124,69
3703,2,5543,3073,2470,0,0,0,1.0,1,1.0,1,1.0,1,0.249056632616519,70
3704,2,5545,3075,2470,0,0,0,1.0,1,1.0,1,1.0,1,0.27268142994141664,69
3705,1,5546,3075,2471,0,0,0,1.0,1,1.0,1,1.0,1,0.24157205189580272,69
3706,4,5550,3078,2472,0,0,0,1.0,1,1.0,1,1.0,1,0.23038241473106114,69
3707,0,5550,3078,2472,0,0,0,1.0,1,1.0,1,1.0,1,0.21380315220127352,67
3708,1,5551,3079,2472,0,0,0,1.0,1,1.0,1,1.0,1,0.19859561025230835,67
3709,0,5551,3079,2472,0,0,0,1.0,1,1.0,1,1.0,1,0.19859561025230835,67
3710,2,5553,3081,2472,0,0,0,1.0,1,1.0,1,1.0,1,0.19128109811869384,67
3711,0,5553,3081,2472,0,0,0,1.0,1,1.0,1,1.0,1,0.19218741503221592,68
3712,1,5554,3082,2472,0,0,0,1.0,1,1.0,1,1.0,1,0.19993354943308841,68
3713,3,5557,3083,2474,0,0,0,1.0,1,1.0,1,1.0,1,0.1765967364724852,68
3714,0,5557,3083,2474,0,0,0,1.0,1,1.0,1,1.0,1,0.1932203563549547,67
3715,1,5558,3083,2475,0,0,0,1.0,1,1.0,1,1.0,1,0.1860472544106501,68
3716,1,5559,3083,2476,0,0,0,1.0,1,1.0,1,1.0,1,0.18975869705305828,67
3717,1,5560,3084,2476,0,0,0,1.0,1,1.0,1,1.0,1,0.22139218756330864,68
3718,1,5561,3084,2477,0,0,0,1.0,1,1.0,1,1.0,1,0.22339316419755056,68
3719,1,5562,3085,2477,0,0,0,1.0,1,1.0,1,1.0,1,0.26522031749798497,68
3720,0,5562,3085,2477,0,0,0,1.0,1,1.0,1,1.0,1,0.26522031749798497,68
3721,5,5567,3088,2479,0,0,0,1.0,1,1.0,1,1.0,1,0.209953553914063,70
3722,0,5567,3088,2479,0,0,0,1.0,1,1.0,1,1.0,1,0.21858151834846543,71
3723,4,5571,3088,2483,0,0,0,1.0,1,1.0,1,1.0,1,0.19229198597511155,71
3724,0,5571,3088,2483,0,0,0,1.0,1,1.0,1,1.0,1,0.1870251362877249,72
3725,5,5576,3090,2486,0,0,0,1.0,1,1.0,1,1.0,1,0.2101958382164594,72
3726,2,5578,3090,2488,0,0,0,1.0,1,1.0,1,1.0,1,0.19855594432693652,71
3727,1,5579,3091,2488,0,0,0,1.0,1,1.0,1,1.0,1,0.2213283333000347,71
3728,0,5579,3091,2488,0,0,0,1.0,1,1.0,1,1.0,1,0.23377709394924948,70
3729,0,5579,3091,2488,0,0,0,1.0,1,1.0,1,1.0,1,0.23377709394924948,70
3730,3,5582,3092,2490,0,0,0,1.0,1,1.0,1,1.0,1,0.2502079027447138,71
3731,1,5583,3092,2491,0,0,0,1.0,1,1.0,1,1.0,1,0.2435292404624274,71
3732,0,5583,3092,2491,0,0,0,1.0,1,1.0,1,1.0,1,0.2385192984788756,72
3733,1,5584,3093,2491,0,0,0,1.0,1,1.0,1,1.0,1,0.25250527172247933,73
3734,4,5588,3094,2494,0,0,0,1.0,1,1.0,1,1.0,1,0.25570409881972955,74
3735,1,5589,3095,2494,0,0,0,1.0,1,1.0,1,1.0,1,0.2616546943993746,72
3736,0,5589,3095,2494,0,0,0,1.0,1,1.0,1,1.0,1,0.23965282699864937,72
3737,0,5589,3095,2494,0,0,0,1.0,1,1.0,1,1.0,1,0.23444660700373166,73
3738,0,5589,3095,2494,0,0,0,1.0,1,1.0,1,1.0,1,0.22249556450309843,72
3739,1,5590,3096,2494,0,0,0,1.0,1,1.0,1,1.0,1,0.20799279043316204,73
3740,0,5590,3096,2494,0,0,0,1.0,1,1.0,1,1.0,1,0.2030739664398052,70
3741,4,5594,3096,2498,0,0,0,1.0,1,1.0,1,1.0,1,0.17818090543735368,70
3742,0,5594,3096,2498,0,0,0,1.0,1,1.0,1,1.0,1,0.17818090543735368,70
3743,1,5595,3096,2499,0,0,0,1.0,1,1.0,1,1.0,1,0.21010625714808118,69
3744,4,5599,3098,2501,0,0,0,1.0,1,1.0,1,1.0,1,0.24001317973035438,69
3745,2,5601,3098,2503,0,0,0,1.0,1,1.0,1,1.0,1,0.2235203879381893,68
3746,0,5601,3098,2503,0,0,0,1.0,1,1.0,1,1.0,1,0.2458308800673776,66
3747,0,5601,3098,2503,0,0,0,1.0,1,1.0,1,1.0,1,0.2456332417509685,66
3748,0,5601,3098,2503,0,0,0,1.0,1,1.0,1,1.0,1,0.23049216218395455,65
3749,0,5601,3098,2503,0,0,0,1.0,1,1.0,1,1.0,1,0.23609238023267284,64
3750,2,5603,3100,2503,0,0,0,1.0,1,1.0,1,1.0,1,0.23946456994222484,63
3751,0,5603,3100,2503,0,0,0,1.0,1,1.0,1,1.0,1,0.22282840807607235,64
3752,2,5605,3102,2503,0,0,0,1.0,1,1.0,1,1.0,1,0.21168495190066275,64
3753,0,5605,3102,2503,0,0,0,1.0,1,1.0,1,1.0,1,0.21238560302556522,65
3754,2,5607,3104,2503,0,0,0,1.0,1,1.0,1,1.0,1,0.22257901641960864,65
3755,2,5609,3105,2504,0,0,0,1.0,1,1.0,1,1.0,1,0.24897842444159532,65
3756,0,5609,3105,2504,0,0,0,1.0,1,1.0,1,1.0,1,0.2575935459440028,65
3757,3,5612,3107,2505,0,0,0,1.0,1,1.0,1,1.0,1,0.2873204858650389,65
3758,0,5612,3107,2505,0,0,0,1.0,1,1.0,1,1.0,1,0.29763381062347627,64
3759,1,5613,3108,2505,0,0,0,1.0,1,1.0,1,1.0,1,0.3143606480852267,64
3760,1,5614,3109,2505,0,0,0,1.0,1,1.0,1,1.0,1,0.33709954929547226,63
3761,9,5623,3109,2514,0,0,0,1.0,1,1.0,1,1.0,1,0.24367165200979252,63
3762,1,5624,3109,2515,0,0,0,1.0,1,1.0,1,1.0,1,0.23451557887215063,65
3763,0,5624,3109,2515,0,0,0,1.0,1,1.0,1,1.0,1,0.23451557887215063,65
3764,2,5626,3109,2517,0,0,0,1.0,1,1.0,1,1.0,1,0.22651342654500525,66
3765,3,5629,3109,2520,0,0,0,1.0,1,1.0,1,1.0,1,0.21583880704535904,67
3766,1,5630,3109,2521,0,0,0,1.0,1,1.0,1,1.0,1,0.20993689825274112,67
3767,1,5631,3109,2522,0,0,0,1.0,1,1.0,1,1.0,1,0.19745580801933538,68
3768,7,5638,3111,2527,0,0,0,1.0,1,1.0,1,1.0,1,0.2367479563713689,67
3769,4,5642,3111,2531,0,0,0,1.0,1,1.0,1,1.0,1,0.23258951215414594,69
3770,3,5645,3111,2534,0,0,0,1.0,1,1.0,1,1.0,1,0.207916908668286,69
3771,7,5652,3112,2540,0,0,0,1.0,1,1.0,1,1.0,1,0.23865619624250675,69
3772,2,5654,3112,2542,0,0,0,1.0,1,1.0,1,1.0,1,0.2600922260929169,70
3773,3,5657,3113,2544,0,0,0,1.0,1,1.0,1,1.0,1,0.2661238840967486,68
3774,0,5657,3113,2544,0,0,0,1.0,1,1.0,1,1.0,1,0.2656450890535678,68
3775,1,5658,3114,2544,0,0,0,1.0,1,1.0,1,1.0,1,0.2956122591638014,68
3776,1,5659,3114,2545,0,0,0,1.0,1,1.0,1,1.0,1,0.28265253730610357,66
3777,2,5661,3116,2545,0,0,0,1.0,1,1.0,1,1.0,1,0.2628451416981682,65
3778,1,5662,3117,2545,0,0,0,1.0,1,1.0,1,1.0,1,0.241983343704504,65
3779,1,5663,3118,2545,0,0,0,1.0,1,1.0,1,1.0,1,0.26610498432164975,65
3780,1,5664,3119,2545,0,0,0,1.0,1,1.0,1,1.0,1,0.24644480152749096,64
3781,8,5672,3119,2553,0,0,0,1.0,1,1.0,1,1.0,1,0.181206923764069,64
3782,3,5675,3119,2556,0,0,0,1.0,1,1.0,1,1.0,1,0.16387719384254054,67
3783,0,5675,3119,2556,0,0,0,1.0,1,1.0,1,1.0,1,0.16028290740099949,65
3784,0,5675,3119,2556,0,0,0,1.0,1,1.0,1,1.0,1,0.16170836141717895,65
3785,1,5676,3120,2556,0,0,0,1.0,1,1.0,1,1.0,1,0.19249579556621557,63
3786,0,5676,3120,2556,0,0,0,1.0,1,1.0,1,1.0,1,0.18390605673509375,66
3787,1,5677,3121,2556,0,0,0,1.0,1,1.0,1,1.0,1,0.2162067207193588,65
3788,1,5678,3121,2557,0,0,0,1.0,1,1.0,1,1.0,1,0.20940060552136971,65
3789,3,5681,3123,2558,0,0,0,1.0,1,1.0,1,1.0,1,0.2273481636063006,65
3790,1,5682,3124,2558,0,0,0,1.0,1,1.0,1,1.0,1,0.2578773850025916,64
3791,1,5683,3124,2559,0,0,0,1.0,1,1.0,1,1.0,1,0.24952387272911086,64
3792,4,5687,3127,2560,0,0,0,1.0,1,1.0,1,1.0,1,0.24947234530116785,65
3793,3,5690,3128,2562,0,0,0,1.0,1,1.0,1,1.0,1,0.24828643402063888,68
3794,2,5692,3129,2563,0,0,0,1.0,1,1.0,1,1.0,1,0.2451842949781859,68
3795,0,5692,3129,2563,0,0,0,1.0,1,1.0,1,1.0,1,0.23869182334292852,69
3796,0,5692,3129,2563,0,0,0,1.0,1,1.0,1,1.0,1,0.23869182334292852,69
3797,1,5693,3130,2563,0,0,0,1.0,1,1.0,1,1.0,1,0.2507494003550643,70
3798,0,5693,3130,2563,0,0,0,1.0,1,1.0,1,1.0,1,0.2507494003550643,70
3799,0,5693,3130,2563,0,0,0,1.0,1,1.0,1,1.0,1,0.26212996655937026,69
3800,0,5693,3130,2563,0,0,0,1.0,1,1.0,1,1.0,1,0.26212996655937026,69
3801,13,5706,3130,2576,0,0,0,1.0,1,1.0,1,1.0,1,0.1835716070131541,67
3802,1,5707,3130,2577,0,0,0,1.0,1,1.0,1,1.0,1,0.19047355282607512,67
3803,2,5709,3130,2579,0,0,0,1.0,1,1.0,1,1.0,1,0.17979073969499734,69
3804,0,5709,3130,2579,0,0,0,1.0,1,1.0,1,1.0,1,0.1806127289014626,70
3805,2,5711,3130,2581,0,0,0,1.0,1,1.0,1,1.0,1,0.1752490499246824,71
3806,0,5711,3130,2581,0,0,0,1.0,1,1.0,1,1.0,1,0.1752490499246824,71
3807,0,5711,3130,2581,0,0,0,1.0,1,1.0,1,1.0,1,0.18131051956935065,72
3808,0,5711,3130,2581,0,0,0,1.0,1,1.0,1,1.0,1,0.18131051956935065,72
3809,1,5712,3131,2581,0,0,0,1.0,1,1.0,1,1.0,1,0.20721094306620058,72
3810,4,5716,3132,2584,0,0,0,1.0,1,1.0,1,1.0,1,0.20882328233747685,72
3811,1,5717,3133,2584,0,0,0,1.0,1,1.0,1,1.0,1,0.20918225726408413,71
3812,0,5717,3133,2584,0,0,0,1.0,1,1.0,1,1.0,1,0.2176345448255175,72
3813,3,5720,3134,2586,0,0,0,1.0,1,1.0,1,1.0,1,0.20977430739309774,71
3814,0,5720,3134,2586,0,0,0,1.0,1,1.0,1,1.0,1,0.21899410491283522,72
3815,0,5720,3134,2586,0,0,0,1.0,1,1.0,1,1.0,1,0.19862841398708111,71
3816,0,5720,3134,2586,0,0,0,1.0,1,1.0,1,1.0,1,0.1819497683617875,69
3817,1,5721,3135,2586,0,0,0,1.0,1,1.0,1,1.0,1,0.22085318254368322,72
3818,1,5722,3136,2586,0,0,0,1.0,1,1.0,1,1.0,1,0.21756647205403734,72
3819,1,5723,3137,2586,0,0,0,1.0,1,1.0,1,1.0,1,0.23092534939802228,72
3820,2,5725,3138,2587,0,0,0,1.0,1,1.0,1,1.0,1,0.22429707054985246,72
3821,5,5730,3139,2591,0,0,0,1.0,1,1.0,1,1.0,1,0.2110420036601057,72
3822,0,5730,3139,2591,0,0,0,1.0,1,1.0,1,1.0,1,0.20985951540353873,69
3823,0,5730,3139,2591,0,0,0,1.0,1,1.0,1,1.0,1,0.20985951540353873,69
3824,1,5731,3139,2592,0,0,0,1.0,1,1.0,1,1.0,1,0.2305884040895876,65
3825,0,5731,3139,2592,0,0,0,1.0,1,1.0,1,1.0,1,0.2420070218755733,64
3826,2,5733,3140,2593,0,0,0,1.0,1,1.0,1,1.0,1,0.2280341256651482,65
3827,0,5733,3140,2593,0,0,0,1.0,1,1.0,1,1.0,1,0.2376749832018463,64
3828,0,5733,3140,2593,0,0,0,1.0,1,1.0,1,1.0,1,0.22534456053917443,65
3829,1,5734,3141,2593,0,0,0,1.0,1,1.0,1,1.0,1,0.25241419075160104,65
3830,0,5734,3141,2593,0,0,0,1.0,1,1.0,1,1.0,1,0.26007372272254986,64
3831,2,5736,3142,2594,0,0,0,1.0,1,1.0,1,1.0,1,0.25477054811506383,63
3832,2,5738,3144,2594,0,0,0,1.0,1,1.0,1,1.0,1,0.25035044065644596,64
3833,3,5741,3147,2594,0,0,0,1.0,1,1.0,1,1.0,1,0.25185060322211944,64
3834,0,5741,3147,2594,0,0,0,1.0,1,1.0,1,1.0,1,0.26442571233126333,63
3835,0,5741,3147,2594,0,0,0,1.0,1,1.0,1,1.0,1,0.26307813838694594,63
3836,2,5743,3149,2594,0,0,0,1.0,1,1.0,1,1.0,1,0.27851661443605147,63
3837,2,5745,3150,2595,0,0,0,1.0,1,1.0,1,1.0,1,0.2856361272881161,62
3838,3,5748,3152,2596,0,0,0,1.0,1,1.0,1,1.0,1,0.2832111808066883,62
3839,1,5749,3153,2596,0,0,0,1.0,1,1.0,1,1.0,1,0.3097857581159823,60
3840,1,5750,3153,2597,0,0,0,1.0,1,1.0,1,1.0,1,0.28814437180531915,62
3841,5,5755,3153,2602,0,0,0,1.0,1,1.0,1,1.0,1,0.1965928333630809,62
3842,2,5757,3153,2604,0,0,0,1.0,1,1.0,1,1.0,1,0.1631718218986712,63
3843,1,5758,3153,2605,0,0,0,1.0,1,1.0,1,1.0,1,0.1503817158079833,64
3844,2,5760,3153,2607,0,0,0,1.0,1,1.0,1,1.0,1,0.12808105944570614,65
3845,2,5762,3153,2609,0,0,0,1.0,1,1.0,1,1.0,1,0.1275910625481347,66
3846,4,5766,3153,2613,0,0,0,1.0,1,1.0,1,1.0,1,0.12751766432273745,67
3847,2,5768,3153,2615,0,0,0,1.0,1,1.0,1,1.0,1,0.11607416034801592,67
3848,2,5770,3154,2616,0,0,0,1.0,1,1.0,1,1.0,1,0.1005046420095444,67
3849,0,5770,3154,2616,0,0,0,1.0,1,1.0,1,1.0,1,0.0975547746596507,67
3850,1,5771,3155,2616,0,0,0,1.0,1,1.0,1,1.0,1,0.10585679067069018,68
3851,2,5773,3157,2616,0,0,0,1.0,1,1.0,1,1.0,1,0.13569085687935326,68
3852,1,5774,3157,2617,0,0,0,1.0,1,1.0,1,1.0,1,0.13055740258126497,70
3853,3,5777,3159,2618,0,0,0,1.0,1,1.0,1,1.0,1,0.1649994270696121,70
3854,3,5780,3161,2619,0,0,0,1.0,1,1.0,1,1.0,1,0.17328630816741375,70
3855,3,5783,3162,2621,0,0,0,1.0,1,1.0,1,1.0,1,0.18613460909693028,69
3856,3,5786,3163,2623,0,0,0,1.0,1,1.0,1,1.0,1,0.20424923894022298,70
3857,3,5789,3165,2624,0,0,0,1.0,1,1.0,1,1.0,1,0.2257666845790478,68
3858,1,5790,3166,2624,0,0,0,1.0,1,1.0,1,1.0,1,0.23293369193897728,67
3859,3,5793,3167,2626,0,0,0,1.0,1,1.0,1,1.0,1,0.2166458908360269,66
3860,2,5795,3167,2628,0,0,0,1.0,1,1.0,1,1.0,1,0.19610798768208737,66
3861,4,5799,3167,2632,0,0,0,1.0,1,1.0,1,1.0,1,0.13858790421289482,66
3862,0,5799,3167,2632,0,0,0,1.0,1,1.0,1,1.0,1,0.13858790421289482,66
3863,1,5800,3168,2632,0,0,0,1.0,1,1.0,1,1.0,1,0.1530107409329276,63
3864,1,5801,3169,2632,0,0,0,1.0,1,1.0,1,1.0,1,0.15886041367499065,63
3865,0,5801,3169,2632,0,0,0,1.0,1,1.0,1,1.0,1,0.17278801561829332,61
3866,1,5802,3170,2632,0,0,0,1.0,1,1.0,1,1.0,1,0.16630659503579087,61
3867,0,5802,3170,2632,0,0,0,1.0,1,1.0,1,1.0,1,0.17417193897966174,60
3868,2,5804,3172,2632,0,0,0,1.0,1,1.0,1,1.0,1,0.21210308743603692,59
3869,0,5804,3172,2632,0,0,0,1.0,1,1.0,1,1.0,1,0.20774348078044802,61
3870,1,5805,3173,2632,0,0,0,1.0,1,1.0,1,1.0,1,0.20655746345844095,61
3871,1,5806,3174,2632,0,0,0,1.0,1,1.0,1,1.0,1,0.20305076336435415,64
3872,0,5806,3174,2632,0,0,0,1.0,1,1.0,1,1.0,1,0.21050021540764752,63
3873,0,5806,3174,2632,0,0,0,1.0,1,1.0,1,1.0,1,0.21990763844376346,62
3874,1,5807,3175,2632,0,0,0,1.0,1,1.0,1,1.0,1,0.20681504870554623,63
3875,1,5808,3176,2632,0,0,0,1.0,1,1.0,1,1.0,1,0.21886238545879344,61
3876,0,5808,3176,2632,0,0,0,1.0,1,1.0,1,1.0,1,0.20066692678522813,62
3877,2,5810,3178,2632,0,0,0,1.0,1,1.0,1,1.0,1,0.2405148548983212,63
3878,0,5810,3178,2632,0,0,0,1.0,1,1.0,1,1.0,1,0.2405148548983212,63
3879,1,5811,3179,2632,0,0,0,1.0,1,1.0,1,1.0,1,0.2463083051711909,63
3880,1,5812,3180,2632,0,0,0,1.0,1,1.0,1,1.0,1,0.22626875563100152,65
3881,7,5819,3181,2638,0,0,0,1.0,1,1.0,1,1.0,1,0.1872790153915196,65
3882,2,5821,3183,2638,0,0,0,1.0,1,1.0,1,1.0,1,0.19281524406826464,66
3883,1,5822,3184,2638,0,0,0,1.0,1,1.0,1,1.0,1,0.2083795307247304,66
3884,2,5824,3185,2639,0,0,0,1.0,1,1.0,1,1.0,1,0.23201481894116432,66
3885,3,5827,3186,2641,0,0,0,1.0,1,1.0,1,1.0,1,0.23559249863195875,66
3886,1,5828,3187,2641,0,0,0,1.0,1,1.0,1,1.0,1,0.24287709393510346,65
3887,1,5829,3188,2641,0,0,0,1.0,1,1.0,1,1.0,1,0.22468996637960773,65
3888,1,5830,3189,2641,0,0,0,1.0,1,1.0,1,1.0,1,0.22844555310268916,66
3889,1,5831,3190,2641,0,0,0,1.0,1,1.0,1,1.0,1,0.22967259386621708,64
3890,3,5834,3192,2642,0,0,0,1.0,1,1.0,1,1.0,1,0.19624858271422183,63
3891,2,5836,3193,2643,0,0,0,1.0,1,1.0,1,1.0,1,0.1629409046436299,66
3892,2,5838,3194,2644,0,0,0,1.0,1,1.0,1,1.0,1,0.13978874816122994,67
3893,0,5838,3194,2644,0,0,0,1.0,1,1.0,1,1.0,1,0.1324613359220507,66
3894,4,5842,3197,2645,0,0,0,1.0,1,1.0,1,1.0,1,0.13246801674002,67
3895,2,5844,3198,2646,0,0,0,1.0,1,1.0,1,1.0,1,0.13348204574638037,66
3896,1,5845,3199,2646,0,0,0,1.0,1,1.0,1,1.0,1,0.1440888745382001,66
3897,2,5847,3199,2648,0,0,0,1.0,1,1.0,1,1.0,1,0.13956976610962887,65
3898,5,5852,3202,2650,0,0,0,1.0,1,1.0,1,1.0,1,0.17982062997590184,65
3899,2,5854,3204,2650,0,0,0,1.0,1,1.0,1,1.0,1,0.20332047030053893,64
3900,1,5855,3205,2650,0,0,0,1.0,1,1.0,1,1.0,1,0.23513849607373558,63
3901,7,5862,3207,2655,0,0,0,1.0,1,1.0,1,1.0,1,0.20285958351946332,63
3902,2,5864,3208,2656,0,0,0,1.0,1,1.0,1,1.0,1,0.21418685517250563,64
3903,3,5867,3208,2659,0,0,0,1.0,1,1.0,1,1.0,1,0.17467846654716854,64
3904,0,5867,3208,2659,0,0,0,1.0,1,1.0,1,1.0,1,0.18064610673597023,63
3905,0,5867,3208,2659,0,0,0,1.0,1,1.0,1,1.0,1,0.17152401925102653,63
3906,0,5867,3208,2659,0,0,0,1.0,1,1.0,1,1.0,1,0.15897887398042654,64
3907,0,5867,3208,2659,0,0,0,1.0,1,1.0,1,1.0,1,0.17914486729975404,64
3908,0,5867,3208,2659,0,0,0,1.0,1,1.0,1,1.0,1,0.19057747646454992,63
3909,0,5867,3208,2659,0,0,0,1.0,1,1.0,1,1.0,1,0.19992581431149212,62
3910,0,5867,3208,2659,0,0,0,1.0,1,1.0,1,1.0,1,0.21858805464058556,62
3911,1,5868,3209,2659,0,0,0,1.0,1,1.0,1,1.0,1,0.22255621406156403,64
3912,1,5869,3210,2659,0,0,0,1.0,1,1.0,1,1.0,1,0.24026700258542316,64
3913,1,5870,3210,2660,0,0,0,1.0,1,1.0,1,1.0,1,0.2421213586425073,65
3914,0,5870,3210,2660,0,0,0,1.0,1,1.0,1,1.0,1,0.25771955148913234,65
3915,0,5870,3210,2660,0,0,0,1.0,1,1.0,1,1.0,1,0.2525534422413253,66
3916,1,5871,3211,2660,0,0,0,1.0,1,1.0,1,1.0,1,0.27000228637852114,66
3917,2,5873,3211,2662,0,0,0,1.0,1,1.0,1,1.0,1,0.25568010172197786,66
3918,2,5875,3213,2662,0,0,0,1.0,1,1.0,1,1.0,1,0.2622468058000391,67
3919,0,5875,3213,2662,0,0,0,1.0,1,1.0,1,1.0,1,0.24949532507532343,68
3920,0,5875,3213,2662,0,0,0,1.0,1,1.0,1,1.0,1,0.23380927001600285,69
3921,6,5881,3213,2668,0,0,0,1.0,1,1.0,1,1.0,1,0.17984879355063627,68
3922,2,5883,3215,2668,0,0,0,1.0,1,1.0,1,1.0,1,0.21375712131662894,68
3923,1,5884,3215,2669,0,0,0,1.0,1,1.0,1,1.0,1,0.21582749347545493,69
3924,3,5887,3216,2671,0,0,0,1.0,1,1.0,1,1.0,1,0.1952023885997303,69
3925,5,5892,3219,2673,0,0,0,1.0,1,1.0,1,1.0,1,0.2059399154013441,67
3926,0,5892,3219,2673,0,0,0,1.0,1,1.0,1,1.0,1,0.21536182587072691,67
3927,1,5893,3220,2673,0,0,0,1.0,1,1.0,1,1.0,1,0.21665368620397388,65
3928,1,5894,3220,2674,0,0,0,1.0,1,1.0,1,1.0,1,0.2107650860375245,65
3929,3,5897,3223,2674,0,0,0,1.0,1,1.0,1,1.0,1,0.2015432448046326,64
3930,0,5897,3223,2674,0,0,0,1.0,1,1.0,1,1.0,1,0.19589818328288197,64
3931,2,5899,3225,2674,0,0,0,1.0,1,1.0,1,1.0,1,0.16558813472616302,62
3932,1,5900,3225,2675,0,0,0,1.0,1,1.0,1,1.0,1,0.17378155967694936,62
3933,1,5901,3226,2675,0,0,0,1.0,1,1.0,1,1.0,1,0.1631348925874921,62
3934,2,5903,3227,2676,0,0,0,1.0,1,1.0,1,1.0,1,0.13816853045798932,61
3935,0,5903,3227,2676,0,0,0,1.0,1,1.0,1,1.0,1,0.1431073231350328,64
3936,0,5903,3227,2676,0,0,0,1.0,1,1.0,1,1.0,1,0.15060101453664798,65
3937,1,5904,3227,2677,0,0,0,1.0,1,1.0,1,1.0,1,0.12677972003520266,66
3938,0,5904,3227,2677,0,0,0,1.0,1,1.0,1,1.0,1,0.12677972003520266,66
3939,0,5904,3227,2677,0,0,0,1.0,1,1.0,1,1.0,1,0.13762253038983624,67
3940,0,5904,3227,2677,0,0,0,1.0,1,1.0,1,1.0,1,0.12187945934364501,69
3941,2,5906,3227,2679,0,0,0,1.0,1,1.0,1,1.0,1,0.10946694736058402,69
3942,1,5907,3228,2679,0,0,0,1.0,1,1.0,1,1.0,1,0.12784314834149083,69
3943,1,5908,3229,2679,0,0,0,1.0,1,1.0,1,1.0,1,0.15843976918266622,68
3944,1,5909,3229,2680,0,0,0,1.0,1,1.0,1,1.0,1,0.16558827204646148,68
3945,4,5913,3232,2681,0,0,0,1.0,1,1.0,1,1.0,1,0.1665633493051452,67
3946,2,5915,3234,2681,0,0,0,1.0,1,1.0,1,1.0,1,0.19931590041378683,67
3947,2,5917,3235,2682,0,0,0,1.0,1,1.0,1,1.0,1,0.1947392162309568,66
3948,3,5920,3237,2683,0,0,0,1.0,1,1.0,1,1.0,1,0.17473328481328473,67
3949,8,5928,3241,2687,0,0,0,1.0,1,1.0,1,1.0,1,0.26704690876290155,66
3950,1,5929,3242,2687,0,0,0,1.0,1,1.0,1,1.0,1,0.2696132977546261,65
3951,0,5929,3242,2687,0,0,0,1.0,1,1.0,1,1.0,1,0.26345380116864114,65
3952,1,5930,3243,2687,0,0,0,1.0,1,1.0,1,1.0,1,0.2585655779185287,65
3953,1,5931,3244,2687,0,0,0,1.0,1,1.0,1,1.0,1,0.2716708820433498,65
3954,0,5931,3244,2687,0,0,0,1.0,1,1.0,1,1.0,1,0.2815826777581625,64
3955,1,5932,3245,2687,0,0,0,1.0,1,1.0,1,1.0,1,0.3003872468662365,64
3956,2,5934,3247,2687,0,0,0,1.0,1,1.0,1,1.0,1,0.2720002660344443,63
3957,0,5934,3247,2687,0,0,0,1.0,1,1.0,1,1.0,1,0.2720002660344443,63
3958,2,5936,3248,2688,0,0,0,1.0,1,1.0,1,1.0,1,0.2590188937101371,63
3959,1,5937,3249,2688,0,0,0,1.0,1,1.0,1,1.0,1,0.2538910504774889,62
3960,0,5937,3249,2688,0,0,0,1.0,1,1.0,1,1.0,1,0.2538910504774889,62
3961,7,5944,3251,2693,0,0,0,1.0,1,1.0,1,1.0,1,0.2127995641333976,64
3962,0,5944,3251,2693,0,0,0,1.0,1,1.0,1,1.0,1,0.2127995641333976,64
3963,5,5949,3255,2694,0,0,0,1.0,1,1.0,1,1.0,1,0.21862624919167045,62
3964,1,5950,3255,2695,0,0,0,1.0,1,1.0,1,1.0,1,0.1989479929742183,63
3965,4,5954,3255,2699,0,0,0,1.0,1,1.0,1,1.0,1,0.1483280389459244,63
3966,0,5954,3255,2699,0,0,0,1.0,1,1.0,1,1.0,1,0.1386372415438383,62
3967,1,5955,3255,2700,0,0,0,1.0,1,1.0,1,1.0,1,0.12876089489102865,64
3968,0,5955,3255,2700,0,0,0,1.0,1,1.0,1,1.0,1,0.12086502924795313,63
3969,1,5956,3255,2701,0,0,0,1.0,1,1.0,1,1.0,1,0.10707524612255322,63
3970,2,5958,3256,2702,0,0,0,1.0,1,1.0,1,1.0,1,0.1152477664602241,65
3971,1,5959,3256,2703,0,0,0,1.0,1,1.0,1,1.0,1,0.10885994117634826,65
3972,3,5962,3258,2704,0,0,0,1.0,1,1.0,1,1.0,1,0.1524959435464389,66
3973,0,5962,3258,2704,0,0,0,1.0,1,1.0,1,1.0,1,0.1524959435464389,66
3974,2,5964,3260,2704,0,0,0,1.0,1,1.0,1,1.0,1,0.16734036507362424,66
3975,3,5967,3263,2704,0,0,0,1.0,1,1.0,1,1.0,1,0.17916240888899213,66
3976,3,5970,3264,2706,0,0,0,1.0,1,1.0,1,1.0,1,0.17467723186363354,66
3977,3,5973,3266,2707,0,0,0,1.0,1,1.0,1,1.0,1,0.18346508512283818,64
3978,5,5978,3269,2709,0,0,0,1.0,1,1.0,1,1.0,1,0.21706740518868964,63
3979,4,5982,3269,2713,0,0,0,1.0,1,1.0,1,1.0,1,0.21104610266324025,63
3980,1,5983,3269,2714,0,0,0,1.0,1,1.0,1,1.0,1,0.19921851420851958,63
3981,6,5989,3269,2720,0,0,0,1.0,1,1.0,1,1.0,1,0.1442405830308583,64
3982,0,5989,3269,2720,0,0,0,1.0,1,1.0,1,1.0,1,0.13718719533365994,65
3983,0,5989,3269,2720,0,0,0,1.0,1,1.0,1,1.0,1,0.1447725765291292,64
3984,1,5990,3269,2721,0,0,0,1.0,1,1.0,1,1.0,1,0.1414954033212545,65
3985,1,5991,3270,2721,0,0,0,1.0,1,1.0,1,1.0,1,0.16300490276872834,64
3986,0,5991,3270,2721,0,0,0,1.0,1,1.0,1,1.0,1,0.16899662757701833,63
3987,0,5991,3270,2721,0,0,0,1.0,1,1.0,1,1.0,1,0.1776500811095609,63
3988,0,5991,3270,2721,0,0,0,1.0,1,1.0,1,1.0,1,0.17652064417429963,63
3989,1,5992,3271,2721,0,0,0,1.0,1,1.0,1,1.0,1,0.20935655359524685,63
3990,1,5993,3272,2721,0,0,0,1.0,1,1.0,1,1.0,1,0.2403129309351687,62
3991,0,5993,3272,2721,0,0,0,1.0,1,1.0,1,1.0,1,0.2403129309351687,62
3992,0,5993,3272,2721,0,0,0,1.0,1,1.0,1,1.0,1,0.22030194134229203,65
3993,0,5993,3272,2721,0,0,0,1.0,1,1.0,1,1.0,1,0.22030194134229203,65
3994,1,5994,3272,2722,0,0,0,1.0,1,1.0,1,1.0,1,0.20866189669808735,64
3995,0,5994,3272,2722,0,0,0,1.0,1,1.0,1,1.0,1,0.20866189669808735,64
3996,2,5996,3272,2724,0,0,0,1.0,1,1.0,1,1.0,1,0.1776901697826278,67
3997,1,5997,3273,2724,0,0,0,1.0,1,1.0,1,1.0,1,0.18181156203473234,69
3998,1,5998,3274,2724,0,0,0,1.0,1,1.0,1,1.0,1,0.19354176196258543,69
3999,0,5998,3274,2724,0,0,0,1.0,1,1.0,1,1.0,1,0.19354176196258543,69
4000,1,5999,3274,2725,0,0,0,1.0,1,1.0,1,1.0,1,0.15898013182434323,69
4001,3,6002,3274,2728,0,0,0,1.0,1,1.0,1,1.0,1,0.10185902105745702,68
4002,0,6002,3274,2728,0,0,0,1.0,1,1.0,1,1.0,1,0.09532079318718911,68
4003,3,6005,3276,2729,0,0,0,1.0,1,1.0,1,1.0,1,0.12854827392206286,68
4004,5,6010,3279,2731,0,0,0,1.0,1,1.0,1,1.0,1,0.09895524298636627,67
4005,1,6011,3280,2731,0,0,0,1.0,1,1.0,1,1.0,1,0.11480486290156489,67
4006,4,6015,3283,2732,0,0,0,1.0,1,1.0,1,1.0,1,0.11553374737216174,67
4007,1,6016,3284,2732,0,0,0,1.0,1,1.0,1,1.0,1,0.1347997712649552,67
4008,5,6021,3287,2734,0,0,0,1.0,1,1.0,1,1.0,1,0.12625911527269312,67
4009,2,6023,3289,2734,0,0,0,1.0,1,1.0,1,1.0,1,0.14499632171646207,67
4010,1,6024,3290,2734,0,0,0,1.0,1,1.0,1,1.0,1,0.15206808096197474,66
4011,2,6026,3292,2734,0,0,0,1.0,1,1.0,1,1.0,1,0.14549392172715506,66
4012,2,6028,3294,2734,0,0,0,1.0,1,1.0,1,1.0,1,0.1584467297804443,66
4013,1,6029,3294,2735,0,0,0,1.0,1,1.0,1,1.0,1,0.14243243658065274,66
4014,1,6030,3295,2735,0,0,0,1.0,1,1.0,1,1.0,1,0.15311606530711805,66
4015,0,6030,3295,2735,0,0,0,1.0,1,1.0,1,1.0,1,0.17762594279983315,64
4016,1,6031,3296,2735,0,0,0,1.0,1,1.0,1,1.0,1,0.21964203895593656,64
4017,3,6034,3297,2737,0,0,0,1.0,1,1.0,1,1.0,1,0.22679476786756683,66
4018,1,6035,3297,2738,0,0,0,1.0,1,1.0,1,1.0,1,0.21942116673947226,67
4019,2,6037,3298,2739,0,0,0,1.0,1,1.0,1,1.0,1,0.23987584588744762,67
4020,2,6039,3298,2741,0,0,0,1.0,1,1.0,1,1.0,1,0.2623131020881581,66
4021,4,6043,3299,2744,0,0,0,1.0,1,1.0,1,1.0,1,0.22830412533716718,66
4022,0,6043,3299,2744,0,0,0,1.0,1,1.0,1,1.0,1,0.22830412533716718,66
4023,1,6044,3300,2744,0,0,0,1.0,1,1.0,1,1.0,1,0.22815077222083993,66
4024,2,6046,3301,2745,0,0,0,1.0,1,1.0,1,1.0,1,0.2233134665459732,66
4025,1,6047,3301,2746,0,0,0,1.0,1,1.0,1,1.0,1,0.19606997051059,66
4026,0,6047,3301,2746,0,0,0,1.0,1,1.0,1,1.0,1,0.19641307494711513,66
4027,2,6049,3303,2746,0,0,0,1.0,1,1.0,1,1.0,1,0.20170579629452517,64
4028,4,6053,3306,2747,0,0,0,1.0,1,1.0,1,1.0,1,0.20752038270560558,63
4029,0,6053,3306,2747,0,0,0,1.0,1,1.0,1,1.0,1,0.22352853978528214,62
4030,2,6055,3307,2748,0,0,0,1.0,1,1.0,1,1.0,1,0.17288737737523233,63
4031,0,6055,3307,2748,0,0,0,1.0,1,1.0,1,1.0,1,0.1803764342833945,62
4032,2,6057,3309,2748,0,0,0,1.0,1,1.0,1,1.0,1,0.17986386843130955,62
4033,1,6058,3309,2749,0,0,0,1.0,1,1.0,1,1.0,1,0.1989255833974522,61
4034,2,6060,3311,2749,0,0,0,1.0,1,1.0,1,1.0,1,0.22013154054702214,60
4035,0,6060,3311,2749,0,0,0,1.0,1,1.0,1,1.0,1,0.2341562926395611,59
4036,2,6062,3313,2749,0,0,0,1.0,1,1.0,1,1.0,1,0.26222359020012465,58
4037,2,6064,3315,2749,0,0,0,1.0,1,1.0,1,1.0,1,0.26648278540674153,59
4038,2,6066,3316,2750,0,0,0,1.0,1,1.0,1,1.0,1,0.2626654239504575,58
4039,0,6066,3316,2750,0,0,0,1.0,1,1.0,1,1.0,1,0.28880703265487034,56
4040,1,6067,3317,2750,0,0,0,1.0,1,1.0,1,1.0,1,0.2966853970179512,55
4041,9,6076,3319,2757,0,0,0,1.0,1,1.0,1,1.0,1,0.2376964077563485,54
4042,1,6077,3320,2757,0,0,0,1.0,1,1.0,1,1.0,1,0.2469509801647081,56
4043,4,6081,3322,2759,0,0,0,1.0,1,1.0,1,1.0,1,0.27265822080112484,56
4044,3,6084,3323,2761,0,0,0,1.0,1,1.0,1,1.0,1,0.3021552014818201,56
4045,4,6088,3325,2763,0,0,0,1.0,1,1.0,1,1.0,1,0.3126706481436086,57
4046,5,6093,3325,2768,0,0,0,1.0,1,1.0,1,1.0,1,0.3195840873410166,59
4047,5,6098,3327,2771,0,0,0,1.0,1,1.0,1,1.0,1,0.3715531750853411,59
4048,4,6102,3327,2775,0,0,0,1.0,1,1.0,1,1.0,1,0.34498995212669437,59
4049,4,6106,3327,2779,0,0,0,1.0,1,1.0,1,1.0,1,0.35508392211194956,60
4050,9,6115,3327,2788,0,0,0,1.0,1,1.0,1,1.0,1,0.34057832564140367,60
4051,9,6124,3328,2796,0,0,0,1.0,1,1.0,1,1.0,1,0.3495219683076206,60
4052,8,6132,3328,2804,0,0,0,1.0,1,1.0,1,1.0,1,0.3495219683076206,60
4053,8,6140,3328,2812,0,0,0,1.0,1,1.0,1,1.0,1,0.3495219683076206,60
4054,9,6149,3329,2820,0,0,0,1.0,1,1.0,1,1.0,1,0.3468540929388026,61
4055,4,6153,3329,2824,0,0,0,1.0,1,1.0,1,1.0,1,0.314227482525724,61
4056,5,6158,3329,2829,0,0,0,1.0,1,1.0,1,1.0,1,0.3510962565808026,62
4057,6,6164,3329,2835,0,0,0,1.0,1,1.0,1,1.0,1,0.3324712024990539,63
4058,6,6170,3329,2841,0,0,0,1.0,1,1.0,1,1.0,1,0.37154460109382736,64
4059,6,6176,3329,2847,0,0,0,1.0,1,1.0,1,1.0,1,0.36509007214246925,63
4060,8,6184,3329,2855,0,0,0,1.0,1,1.0,1,1.0,1,0.3653240210647759,63
4061,0,6184,3329,2855,0,0,0,1.0,1,1.0,1,1.0,1,0.37088684351417667,63
4062,0,6184,3329,2855,0,0,0,1.0,1,1.0,1,1.0,1,0.3608217684620033,65
4063,1,6185,3329,2856,0,0,0,1.0,1,1.0,1,1.0,1,0.31417057433623446,64
4064,1,6186,3329,2857,0,0,0,1.0,1,1.0,1,1.0,1,0.3083252895809746,65
4065,3,6189,3330,2859,0,0,0,1.0,1,1.0,1,1.0,1,0.2581491436753283,64
4066,1,6190,3330,2860,0,0,0,1.0,1,1.0,1,1.0,1,0.24587256575041214,64
4067,4,6194,3332,2862,0,0,0,1.0,1,1.0,1,1.0,1,0.21416324560722289,63
4068,1,6195,3332,2863,0,0,0,1.0,1,1.0,1,1.0,1,0.20223788685051272,64
4069,5,6200,3335,2865,0,0,0,1.0,1,1.0,1,1.0,1,0.24366251893788804,62
4070,5,6205,3337,2868,0,0,0,1.0,1,1.0,1,1.0,1,0.21727462370669084,61
4071,8,6213,3340,2873,0,0,0,1.0,1,1.0,1,1.0,1,0.2795455211047944,61
4072,5,6218,3341,2877,0,0,0,1.0,1,1.0,1,1.0,1,0.31724696355567744,60
4073,2,6220,3342,2878,0,0,0,1.0,1,1.0,1,1.0,1,0.2885139961887606,60
4074,3,6223,3344,2879,0,0,0,1.0,1,1.0,1,1.0,1,0.33830608024025105,60
4075,0,6223,3344,2879,0,0,0,1.0,1,1.0,1,1.0,1,0.3364289065199396,59
4076,1,6224,3345,2879,0,0,0,1.0,1,1.0,1,1.0,1,0.3031929811783523,60
4077,1,6225,3346,2879,0,0,0,1.0,1,1.0,1,1.0,1,0.3000347423197447,61
4078,2,6227,3347,2880,0,0,0,1.0,1,1.0,1,1.0,1,0.2970140254078599,60
4079,0,6227,3347,2880,0,0,0,1.0,1,1.0,1,1.0,1,0.3156414216821332,58
4080,1,6228,3348,2880,0,0,0,1.0,1,1.0,1,1.0,1,0.3243120200492723,56
4081,9,6237,3349,2888,0,0,0,1.0,1,1.0,1,1.0,1,0.2317315850337062,56
4082,3,6240,3349,2891,0,0,0,1.0,1,1.0,1,1.0,1,0.22173649411901614,55
4083,0,6240,3349,2891,0,0,0,1.0,1,1.0,1,1.0,1,0.22173649411901614,55
4084,1,6241,3350,2891,0,0,0,1.0,1,1.0,1,1.0,1,0.2345159286349683,55
4085,2,6243,3351,2892,0,0,0,1.0,1,1.0,1,1.0,1,0.23130426224872347,56
4086,2,6245,3352,2893,0,0,0,1.0,1,1.0,1,1.0,1,0.23336221642780192,57
4087,1,6246,3353,2893,0,0,0,1.0,1,1.0,1,1.0,1,0.2304685693022783,57
4088,1,6247,3353,2894,0,0,0,1.0,1,1.0,1,1.0,1,0.22570146465195687,57
4089,0,6247,3353,2894,0,0,0,1.0,1,1.0,1,1.0,1,0.24686690212422333,56
4090,1,6248,3354,2894,0,0,0,1.0,1,1.0,1,1.0,1,0.2755221376773983,56
4091,3,6251,3354,2897,0,0,0,1.0,1,1.0,1,1.0,1,0.2616079016406779,56
4092,1,6252,3354,2898,0,0,0,1.0,1,1.0,1,1.0,1,0.24941776080595124,57
4093,0,6252,3354,2898,0,0,0,1.0,1,1.0,1,1.0,1,0.2350994659241826,58
4094,0,6252,3354,2898,0,0,0,1.0,1,1.0,1,1.0,1,0.22532676160972998,57
4095,0,6252,3354,2898,0,0,0,1.0,1,1.0,1,1.0,1,0.22532676160972998,57
4096,2,6254,3356,2898,0,0,0,1.0,1,1.0,1,1.0,1,0.2056045477118311,59
4097,1,6255,3357,2898,0,0,0,1.0,1,1.0,1,1.0,1,0.19677878153897538,59
4098,2,6257,3359,2898,0,0,0,1.0,1,1.0,1,1.0,1,0.18438990816738507,59
4099,4,6261,3362,2899,0,0,0,1.0,1,1.0,1,1.0,1,0.14795867813789007,60
4100,1,6262,3363,2899,0,0,0,1.0,1,1.0,1,1.0,1,0.16167889351663733,60
4101,5,6267,3364,2903,0,0,0,1.0,1,1.0,1,1.0,1,0.12513888653114488,60
4102,4,6271,3368,2903,0,0,0,1.0,1,1.0,1,1.0,1,0.1674138901044618,60
4103,2,6273,3369,2904,0,0,0,1.0,1,1.0,1,1.0,1,0.1989350570868264,58
4104,3,6276,3370,2906,0,0,0,1.0,1,1.0,1,1.0,1,0.16454979195034763,60
4105,0,6276,3370,2906,0,0,0,1.0,1,1.0,1,1.0,1,0.17050314596784535,59
4106,2,6278,3371,2907,0,0,0,1.0,1,1.0,1,1.0,1,0.1721529514542161,61
4107,0,6278,3371,2907,0,0,0,1.0,1,1.0,1,1.0,1,0.17898483383103636,59
4108,1,6279,3372,2907,0,0,0,1.0,1,1.0,1,1.0,1,0.17773806330405903,60
4109,1,6280,3372,2908,0,0,0,1.0,1,1.0,1,1.0,1,0.16639401906654,59
4110,1,6281,3373,2908,0,0,0,1.0,1,1.0,1,1.0,1,0.16661829289670135,60
4111,1,6282,3373,2909,0,0,0,1.0,1,1.0,1,1.0,1,0.1672278330297761,61
4112,1,6283,3374,2909,0,0,0,1.0,1,1.0,1,1.0,1,0.17779832334579768,60
4113,1,6284,3374,2910,0,0,0,1.0,1,1.0,1,1.0,1,0.14726259756012636,61
4114,1,6285,3374,2911,0,0,0,1.0,1,1.0,1,1.0,1,0.12698791873334728,62
4115,2,6287,3375,2912,0,0,0,1.0,1,1.0,1,1.0,1,0.13070138531917647,60
4116,0,6287,3375,2912,0,0,0,1.0,1,1.0,1,1.0,1,0.13767497809465346,59
4117,2,6289,3377,2912,0,0,0,1.0,1,1.0,1,1.0,1,0.1435081172612794,56
4118,0,6289,3377,2912,0,0,0,1.0,1,1.0,1,1.0,1,0.14255884152104695,55
4119,1,6290,3378,2912,0,0,0,1.0,1,1.0,1,1.0,1,0.15179335568523214,53
4120,3,6293,3380,2913,0,0,0,1.0,1,1.0,1,1.0,1,0.16798058637625193,52
4121,9,6302,3386,2916,0,0,0,1.0,1,1.0,1,1.0,1,0.1232624930788161,53
4122,1,6303,3387,2916,0,0,0,1.0,1,1.0,1,1.0,1,0.12591024031114653,52
4123,4,6307,3390,2917,0,0,0,1.0,1,1.0,1,1.0,1,0.14131910712711812,51
4124,1,6308,3390,2918,0,0,0,1.0,1,1.0,1,1.0,1,0.12802333643154745,51
4125,1,6309,3391,2918,0,0,0,1.0,1,1.0,1,1.0,1,0.1570603897155509,50
4126,2,6311,3392,2919,0,0,0,1.0,1,1.0,1,1.0,1,0.18252652842441647,50
4127,1,6312,3393,2919,0,0,0,1.0,1,1.0,1,1.0,1,0.17698163551432108,49
4128,1,6313,3394,2919,0,0,0,1.0,1,1.0,1,1.0,1,0.16166870114398157,49
4129,0,6313,3394,2919,0,0,0,1.0,1,1.0,1,1.0,1,0.16166870114398157,49
4130,1,6314,3395,2919,0,0,0,1.0,1,1.0,1,1.0,1,0.13891744421118282,50
4131,2,6316,3397,2919,0,0,0,1.0,1,1.0,1,1.0,1,0.15397471113369332,50
4132,1,6317,3397,2920,0,0,0,1.0,1,1.0,1,1.0,1,0.1315645294445728,50
4133,1,6318,3398,2920,0,0,0,1.0,1,1.0,1,1.0,1,0.14041236871273294,51
4134,2,6320,3400,2920,0,0,0,1.0,1,1.0,1,1.0,1,0.14458977764381417,53
4135,1,6321,3401,2920,0,0,0,1.0,1,1.0,1,1.0,1,0.15526158088942965,54
4136,0,6321,3401,2920,0,0,0,1.0,1,1.0,1,1.0,1,0.15526158088942965,54
4137,1,6322,3402,2920,0,0,0,1.0,1,1.0,1,1.0,1,0.13114441215152808,55
4138,1,6323,3403,2920,0,0,0,1.0,1,1.0,1,1.0,1,0.14941512495289555,54
4139,1,6324,3404,2920,0,0,0,1.0,1,1.0,1,1.0,1,0.1610546407916468,54
4140,0,6324,3404,2920,0,0,0,1.0,1,1.0,1,1.0,1,0.14403227538184724,55
4141,0,6324,3404,2920,0,0,0,1.0,1,1.0,1,1.0,1,0.15218260754378068,55
4142,0,6324,3404,2920,0,0,0,1.0,1,1.0,1,1.0,1,0.15218260754378068,55
4143,2,6326,3404,2922,0,0,0,1.0,1,1.0,1,1.0,1,0.12645639821403756,53
4144,0,6326,3404,2922,0,0,0,1.0,1,1.0,1,1.0,1,0.1458406319560204,52
4145,2,6328,3404,2924,0,0,0,1.0,1,1.0,1,1.0,1,0.1259497204184825,51
4146,4,6332,3407,2925,0,0,0,1.0,1,1.0,1,1.0,1,0.14239294014871962,51
4147,2,6334,3408,2926,0,0,0,1.0,1,1.0,1,1.0,1,0.13945924232528784,50
4148,2,6336,3410,2926,0,0,0,1.0,1,1.0,1,1.0,1,0.17542883700839915,52
4149,0,6336,3410,2926,0,0,0,1.0,1,1.0,1,1.0,1,0.1554206457748603,53
4150,2,6338,3412,2926,0,0,0,1.0,1,1.0,1,1.0,1,0.17516327684424546,53
4151,1,6339,3413,2926,0,0,0,1.0,1,1.0,1,1.0,1,0.18184234608660826,53
4152,1,6340,3414,2926,0,0,0,1.0,1,1.0,1,1.0,1,0.1698383669642978,54
4153,2,6342,3416,2926,0,0,0,1.0,1,1.0,1,1.0,1,0.1962609123264006,51
4154,2,6344,3416,2928,0,0,0,1.0,1,1.0,1,1.0,1,0.1468816603145461,51
4155,2,6346,3418,2928,0,0,0,1.0,1,1.0,1,1.0,1,0.1706649075211903,51
4156,7,6353,3422,2931,0,0,0,1.0,1,1.0,1,1.0,1,0.18677457752560186,52
4157,1,6354,3422,2932,0,0,0,1.0,1,1.0,1,1.0,1,0.16441495616438515,52
4158,1,6355,3423,2932,0,0,0,1.0,1,1.0,1,1.0,1,0.18342746179317934,52
4159,2,6357,3425,2932,0,0,0,1.0,1,1.0,1,1.0,1,0.19030125585201785,52
4160,4,6361,3429,2932,0,0,0,1.0,1,1.0,1,1.0,1,0.22794575865120514,50
4161,2,6363,3430,2933,0,0,0,1.0,1,1.0,1,1.0,1,0.2400100036156399,50
4162,1,6364,3431,2933,0,0,0,1.0,1,1.0,1,1.0,1,0.2599095118457302,51
4163,2,6366,3432,2934,0,0,0,1.0,1,1.0,1,1.0,1,0.2407231276959775,48
4164,2,6368,3434,2934,0,0,0,1.0,1,1.0,1,1.0,1,0.2586086655387187,50
4165,1,6369,3434,2935,0,0,0,1.0,1,1.0,1,1.0,1,0.23822144005538737,49
4166,4,6373,3437,2936,0,0,0,1.0,1,1.0,1,1.0,1,0.21690332048517974,50
4167,0,6373,3437,2936,0,0,0,1.0,1,1.0,1,1.0,1,0.2170609652093694,50
4168,2,6375,3437,2938,0,0,0,1.0,1,1.0,1,1.0,1,0.20338624190375876,50
4169,0,6375,3437,2938,0,0,0,1.0,1,1.0,1,1.0,1,0.1999765229305495,51
4170,0,6375,3437,2938,0,0,0,1.0,1,1.0,1,1.0,1,0.21819328822366085,50
4171,2,6377,3439,2938,0,0,0,1.0,1,1.0,1,1.0,1,0.26341564431479947,50
4172,0,6377,3439,2938,0,0,0,1.0,1,1.0,1,1.0,1,0.2783948404193283,49
4173,3,6380,3439,2941,0,0,0,1.0,1,1.0,1,1.0,1,0.2584647000542315,48
4174,1,6381,3440,2941,0,0,0,1.0,1,1.0,1,1.0,1,0.28142765423330834,48
4175,2,6383,3441,2942,0,0,0,1.0,1,1.0,1,1.0,1,0.2425944288306255,48
4176,1,6384,3441,2943,0,0,0,1.0,1,1.0,1,1.0,1,0.23157893706893024,50
4177,2,6386,3443,2943,0,0,0,1.0,1,1.0,1,1.0,1,0.1998636612687015,52
4178,1,6387,3444,2943,0,0,0,1.0,1,1.0,1,1.0,1,0.20725858292351568,53
4179,2,6389,3446,2943,0,0,0,1.0,1,1.0,1,1.0,1,0.17277915611355388,54
4180,0,6389,3446,2943,0,0,0,1.0,1,1.0,1,1.0,1,0.17379671679278633,55
4181,5,6394,3446,2948,0,0,0,1.0,1,1.0,1,1.0,1,0.09725039155476688,56
4182,0,6394,3446,2948,0,0,0,1.0,1,1.0,1,1.0,1,0.09725039155476688,56
4183,3,6397,3447,2950,0,0,0,1.0,1,1.0,1,1.0,1,0.08387918122881037,57
4184,2,6399,3447,2952,0,0,0,1.0,1,1.0,1,1.0,1,0.09731261272434491,57
4185,1,6400,3447,2953,0,0,0,1.0,1,1.0,1,1.0,1,0.09136316196125463,54
4186,2,6402,3448,2954,0,0,0,1.0,1,1.0,1,1.0,1,0.10690374065091582,55
4187,0,6402,3448,2954,0,0,0,1.0,1,1.0,1,1.0,1,0.10586647717120112,53
4188,0,6402,3448,2954,0,0,0,1.0,1,1.0,1,1.0,1,0.10586647717120112,53
4189,0,6402,3448,2954,0,0,0,1.0,1,1.0,1,1.0,1,0.10575444236536133,53
4190,3,6405,3451,2954,0,0,0,1.0,1,1.0,1,1.0,1,0.12784511900045836,53
4191,1,6406,3452,2954,0,0,0,1.0,1,1.0,1,1.0,1,0.1545465032266993,51
4192,4,6410,3455,2955,0,0,0,1.0,1,1.0,1,1.0,1,0.14326399514209995,51
4193,2,6412,3457,2955,0,0,0,1.0,1,1.0,1,1.0,1,0.16169673217662314,50
4194,1,6413,3458,2955,0,0,0,1.0,1,1.0,1,1.0,1,0.15885278299929242,50
4195,1,6414,3459,2955,0,0,0,1.0,1,1.0,1,1.0,1,0.17827523394333286,50
4196,2,6416,3461,2955,0,0,0,1.0,1,1.0,1,1.0,1,0.17236545372663872,51
4197,1,6417,3462,2955,0,0,0,1.0,1,1.0,1,1.0,1,0.194037648517583,50
4198,1,6418,3463,2955,0,0,0,1.0,1,1.0,1,1.0,1,0.2168363775768698,48
4199,1,6419,3463,2956,0,0,0,1.0,1,1.0,1,1.0,1,0.24237952090281806,48
4200,1,6420,3463,2957,0,0,0,1.0,1,1.0,1,1.0,1,0.24604185456669503,48
4201,3,6423,3463,2960,0,0,0,1.0,1,1.0,1,1.0,1,0.21837328448347526,47
4202,0,6423,3463,2960,0,0,0,1.0,1,1.0,1,1.0,1,0.21837328448347526,47
4203,0,6423,3463,2960,0,0,0,1.0,1,1.0,1,1.0,1,0.21837328448347526,47
4204,3,6426,3465,2961,0,0,0,1.0,1,1.0,1,1.0,1,0.24868972683460921,48
4205,1,6427,3465,2962,0,0,0,1.0,1,1.0,1,1.0,1,0.21462654805824707,49
4206,1,6428,3466,2962,0,0,0,1.0,1,1.0,1,1.0,1,0.24679155644686604,49
4207,0,6428,3466,2962,0,0,0,1.0,1,1.0,1,1.0,1,0.23630383311938796,48
4208,3,6431,3468,2963,0,0,0,1.0,1,1.0,1,1.0,1,0.21492572502410046,49
4209,3,6434,3470,2964,0,0,0,1.0,1,1.0,1,1.0,1,0.22297968268320226,51
4210,2,6436,3471,2965,0,0,0,1.0,1,1.0,1,1.0,1,0.2291385686200853,52
4211,1,6437,3472,2965,0,0,0,1.0,1,1.0,1,1.0,1,0.23273213104493584,53
4212,1,6438,3472,2966,0,0,0,1.0,1,1.0,1,1.0,1,0.195564973464032,53
4213,0,6438,3472,2966,0,0,0,1.0,1,1.0,1,1.0,1,0.19629937408160059,54
4214,1,6439,3473,2966,0,0,0,1.0,1,1.0,1,1.0,1,0.20341143270371312,54
4215,0,6439,3473,2966,0,0,0,1.0,1,1.0,1,1.0,1,0.20341143270371312,54
4216,1,6440,3473,2967,0,0,0,1.0,1,1.0,1,1.0,1,0.1996981603059093,53
4217,1,6441,3474,2967,0,0,0,1.0,1,1.0,1,1.0,1,0.22506978789761062,54
4218,2,6443,3475,2968,0,0,0,1.0,1,1.0,1,1.0,1,0.2425319679700197,53
4219,0,6443,3475,2968,0,0,0,1.0,1,1.0,1,1.0,1,0.2425319679700197,53
4220,0,6443,3475,2968,0,0,0,1.0,1,1.0,1,1.0,1,0.24987828611811472,53
4221,3,6446,3476,2970,0,0,0,1.0,1,1.0,1,1.0,1,0.25160773771687495,54
4222,2,6448,3478,2970,0,0,0,1.0,1,1.0,1,1.0,1,0.2829586952907064,55
4223,1,6449,3478,2971,0,0,0,1.0,1,1.0,1,1.0,1,0.2785107813011735,56
4224,0,6449,3478,2971,0,0,0,1.0,1,1.0,1,1.0,1,0.27920474412491125,55
4225,0,6449,3478,2971,0,0,0,1.0,1,1.0,1,1.0,1,0.28058821972503556,53
4226,2,6451,3480,2971,0,0,0,1.0,1,1.0,1,1.0,1,0.28963074173195336,54
4227,0,6451,3480,2971,0,0,0,1.0,1,1.0,1,1.0,1,0.29089449413997126,52
4228,1,6452,3481,2971,0,0,0,1.0,1,1.0,1,1.0,1,0.279427280619898,51
4229,1,6453,3482,2971,0,0,0,1.0,1,1.0,1,1.0,1,0.29293965196659927,48
4230,2,6455,3483,2972,0,0,0,1.0,1,1.0,1,1.0,1,0.2654857871298702,48
4231,2,6457,3484,2973,0,0,0,1.0,1,1.0,1,1.0,1,0.26049200647045173,48
4232,1,6458,3485,2973,0,0,0,1.0,1,1.0,1,1.0,1,0.23565831332119397,48
4233,1,6459,3485,2974,0,0,0,1.0,1,1.0,1,1.0,1,0.1869513095031778,48
4234,0,6459,3485,2974,0,0,0,1.0,1,1.0,1,1.0,1,0.1799649749344106,49
4235,0,6459,3485,2974,0,0,0,1.0,1,1.0,1,1.0,1,0.177297668327076,47
4236,1,6460,3485,2975,0,0,0,1.0,1,1.0,1,1.0,1,0.134365692637065,47
4237,1,6461,3485,2976,0,0,0,1.0,1,1.0,1,1.0,1,0.10913017816583077,48
4238,0,6461,3485,2976,0,0,0,1.0,1,1.0,1,1.0,1,0.12487275572153343,47
4239,1,6462,3485,2977,0,0,0,1.0,1,1.0,1,1.0,1,0.11292073482038983,48
4240,1,6463,3486,2977,0,0,0,1.0,1,1.0,1,1.0,1,0.10970828952415879,47
4241,0,6463,3486,2977,0,0,0,1.0,1,1.0,1,1.0,1,0.09894130237697575,49
4242,0,6463,3486,2977,0,0,0,1.0,1,1.0,1,1.0,1,0.09488303651224927,49
4243,2,6465,3487,2978,0,0,0,1.0,1,1.0,1,1.0,1,0.09420688224756518,50
4244,1,6466,3487,2979,0,0,0,1.0,1,1.0,1,1.0,1,0.09638969450699104,51
4245,1,6467,3487,2980,0,0,0,1.0,1,1.0,1,1.0,1,0.10146594497640651,51
4246,0,6467,3487,2980,0,0,0,1.0,1,1.0,1,1.0,1,0.10146594497640651,51
4247,0,6467,3487,2980,0,0,0,1.0,1,1.0,1,1.0,1,0.10378372597067961,52
4248,1,6468,3488,2980,0,0,0,1.0,1,1.0,1,1.0,1,0.0819267342834568,52
4249,0,6468,3488,2980,0,0,0,1.0,1,1.0,1,1.0,1,0.0819267342834568,52
4250,3,6471,3491,2980,0,0,0,1.0,1,1.0,1,1.0,1,0.1274043195572492,52
4251,6,6477,3495,2982,0,0,0,1.0,1,1.0,1,1.0,1,0.09761149018899191,53
4252,4,6481,3499,2982,0,0,0,1.0,1,1.0,1,1.0,1,0.15008732591325535,53
4253,4,6485,3501,2984,0,0,0,1.0,1,1.0,1,1.0,1,0.12028879629198416,54
4254,3,6488,3503,2985,0,0,0,1.0,1,1.0,1,1.0,1,0.12685468491802843,54
4255,1,6489,3504,2985,0,0,0,1.0,1,1.0,1,1.0,1,0.1502764599263183,55
4256,1,6490,3505,2985,0,0,0,1.0,1,1.0,1,1.0,1,0.11363810296408305,57
4257,0,6490,3505,2985,0,0,0,1.0,1,1.0,1,1.0,1,0.11363810296408305,57
4258,2,6492,3506,2986,0,0,0,1.0,1,1.0,1,1.0,1,0.10704115837339229,57
4259,0,6492,3506,2986,0,0,0,1.0,1,1.0,1,1.0,1,0.10704115837339229,57
4260,2,6494,3507,2987,0,0,0,1.0,1,1.0,1,1.0,1,0.0866667979343302,58
4261,4,6498,3510,2988,0,0,0,1.0,1,1.0,1,1.0,1,0.08767109984262808,59
4262,0,6498,3510,2988,0,0,0,1.0,1,1.0,1,1.0,1,0.07668287099768972,60
4263,0,6498,3510,2988,0,0,0,1.0,1,1.0,1,1.0,1,0.07376989138740508,59
4264,0,6498,3510,2988,0,0,0,1.0,1,1.0,1,1.0,1,0.07073082389198034,58
4265,1,6499,3511,2988,0,0,0,1.0,1,1.0,1,1.0,1,0.05474298031795409,58
4266,3,6502,3512,2990,0,0,0,1.0,1,1.0,1,1.0,1,0.03756865951954715,58
4267,0,6502,3512,2990,0,0,0,1.0,1,1.0,1,1.0,1,0.046572970378031604,55
4268,0,6502,3512,2990,0,0,0,1.0,1,1.0,1,1.0,1,0.046572970378031604,55
4269,2,6504,3514,2990,0,0,0,1.0,1,1.0,1,1.0,1,0.08026120950177455,50
4270,1,6505,3515,2990,0,0,0,1.0,1,1.0,1,1.0,1,0.07855300518574193,47
4271,2,6507,3517,2990,0,0,0,1.0,1,1.0,1,1.0,1,0.1231513608093132,47
4272,0,6507,3517,2990,0,0,0,1.0,1,1.0,1,1.0,1,0.1115053814509851,46
4273,2,6509,3519,2990,0,0,0,1.0,1,1.0,1,1.0,1,0.16395381116570026,47
4274,5,6514,3524,2990,0,0,0,1.0,1,1.0,1,1.0,1,0.11301147293380129,45
4275,4,6518,3528,2990,0,0,0,1.0,1,1.0,1,1.0,1,0.16362113034013134,44
4276,3,6521,3531,2990,0,0,0,1.0,1,1.0,1,1.0,1,0.23474934673184125,43
4277,4,6525,3534,2991,0,0,0,1.0,1,1.0,1,1.0,1,0.2968283186015659,42
4278,1,6526,3535,2991,0,0,0,1.0,1,1.0,1,1.0,1,0.3200315769251245,43
4279,2,6528,3537,2991,0,0,0,1.0,1,1.0,1,1.0,1,0.4081785672485812,42
4280,2,6530,3539,2991,0,0,0,1.0,1,1.0,1,1.0,1,0.43701499811581784,44
4281,19,6549,3541,3008,0,0,0,1.0,1,1.0,1,1.0,1,0.06462793039837994,44
4282,0,6549,3541,3008,0,0,0,1.0,1,1.0,1,1.0,1,0.06462793039837994,44
4283,0,6549,3541,3008,0,0,0,1.0,1,1.0,1,1.0,1,0.04116382484718371,45
4284,0,6549,3541,3008,0,0,0,1.0,1,1.0,1,1.0,1,0.04116382484718371,45
4285,0,6549,3541,3008,0,0,0,1.0,1,1.0,1,1.0,1,0.04762382970558969,47
4286,3,6552,3543,3009,0,0,0,1.0,1,1.0,1,1.0,1,0.027707329822887858,47
4287,1,6553,3544,3009,0,0,0,1.0,1,1.0,1,1.0,1,0.0032613764280618276,49
4288,0,6553,3544,3009,0,0,0,1.0,1,1.0,1,1.0,1,0.0032613764280618276,49
4289,1,6554,3545,3009,0,0,0,1.0,1,1.0,1,1.0,1,0.027972565589545043,50
4290,2,6556,3547,3009,0,0,0,1.0,1,1.0,1,1.0,1,0.019901189215163033,51
4291,2,6558,3549,3009,0,0,0,1.0,1,1.0,1,1.0,1,0.021163249692186255,50
4292,2,6560,3551,3009,0,0,0,1.0,1,1.0,1,1.0,1,0.05532343741550283,51
4293,0,6560,3551,3009,0,0,0,1.0,1,1.0,1,1.0,1,0.02697676019321111,51
4294,0,6560,3551,3009,0,0,0,1.0,1,1.0,1,1.0,1,0.03192737005784035,50
4295,0,6560,3551,3009,0,0,0,1.0,1,1.0,1,1.0,1,0.015195191468998063,50
4296,0,6560,3551,3009,0,0,0,1.0,1,1.0,1,1.0,1,0.03322219866265056,49
4297,0,6560,3551,3009,0,0,0,1.0,1,1.0,1,1.0,1,0.04736615063999971,49
4298,0,6560,3551,3009,0,0,0,1.0,1,1.0,1,1.0,1,0.04736615063999971,49
4299,0,6560,3551,3009,0,0,0,1.0,1,1.0,1,1.0,1,0.05891405457727046,48
4300,1,6561,3552,3009,0,0,0,1.0,1,1.0,1,1.0,1,0.02673657058121248,49
4301,2,6563,3554,3009,0,0,0,1.0,1,1.0,1,1.0,1,0.03895638249293357,50
4302,0,6563,3554,3009,0,0,0,1.0,1,1.0,1,1.0,1,0.05074544736351601,51
4303,2,6565,3556,3009,0,0,0,1.0,1,1.0,1,1.0,1,0.06509473697322438,51
4304,0,6565,3556,3009,0,0,0,1.0,1,1.0,1,1.0,1,0.0796088622202566,51
4305,5,6570,3561,3009,0,0,0,1.0,1,1.0,1,1.0,1,0.09705470048638001,49
4306,1,6571,3562,3009,0,0,0,1.0,1,1.0,1,1.0,1,0.10650377883086708,49
4307,4,6575,3566,3009,0,0,0,1.0,1,1.0,1,1.0,1,0.17583655824546524,46
4308,3,6578,3567,3011,0,0,0,1.0,1,1.0,1,1.0,1,0.16288699424885378,44
4309,4,6582,3571,3011,0,0,0,1.0,1,1.0,1,1.0,1,0.16584227338515165,44
4310,0,6582,3571,3011,0,0,0,1.0,1,1.0,1,1.0,1,0.19852863244935795,42
4311,2,6584,3573,3011,0,0,0,1.0,1,1.0,1,1.0,1,0.20445780531536797,42
4312,3,6587,3575,3012,0,0,0,1.0,1,1.0,1,1.0,1,0.16001419507139247,40
4313,2,6589,3577,3012,0,0,0,1.0,1,1.0,1,1.0,1,0.10234079316677809,40
4314,2,6591,3579,3012,0,0,0,1.0,1,1.0,1,1.0,1,0.14150620181039966,36
4315,1,6592,3580,3012,0,0,0,1.0,1,1.0,1,1.0,1,0.1323357296081912,37
4316,2,6594,3582,3012,0,0,0,1.0,1,1.0,1,1.0,1,0.12348459429320527,37
4317,0,6594,3582,3012,0,0,0,1.0,1,1.0,1,1.0,1,0.14568222170762718,36
4318,2,6596,3584,3012,0,0,0,1.0,1,1.0,1,1.0,1,0.1444553312943471,34
4319,0,6596,3584,3012,0,0,0,1.0,1,1.0,1,1.0,1,0.1707692065553393,34
4320,0,6596,3584,3012,0,0,0,1.0,1,1.0,1,1.0,1,0.1707692065553393,34
4321,4,6600,3585,3015,0,0,0,1.0,1,1.0,1,1.0,1,0.10316240366125161,35
4322,0,6600,3585,3015,0,0,0,1.0,1,1.0,1,1.0,1,0.10316240366125161,35
4323,2,6602,3586,3016,0,0,0,1.0,1,1.0,1,1.0,1,0.1495740828843444,35
4324,0,6602,3586,3016,0,0,0,1.0,1,1.0,1,1.0,1,0.17512227135896077,34
4325,3,6605,3588,3017,0,0,0,1.0,1,1.0,1,1.0,1,0.13805861810364753,34
4326,1,6606,3589,3017,0,0,0,1.0,1,1.0,1,1.0,1,0.15340120988513903,36
4327,0,6606,3589,3017,0,0,0,1.0,1,1.0,1,1.0,1,0.17086896809610636,35
4328,2,6608,3591,3017,0,0,0,1.0,1,1.0,1,1.0,1,0.14567208521571334,35
4329,1,6609,3592,3017,0,0,0,1.0,1,1.0,1,1.0,1,0.1277293865689319,38
4330,2,6611,3594,3017,0,0,0,1.0,1,1.0,1,1.0,1,0.1523409598780309,38
4331,1,6612,3594,3018,0,0,0,1.0,1,1.0,1,1.0,1,0.12955251537819462,39
4332,0,6612,3594,3018,0,0,0,1.0,1,1.0,1,1.0,1,0.14652513481688156,40
4333,0,6612,3594,3018,0,0,0,1.0,1,1.0,1,1.0,1,0.1277628821350794,41
4334,0,6612,3594,3018,0,0,0,1.0,1,1.0,1,1.0,1,0.1277628821350794,41
4335,3,6615,3596,3019,0,0,0,1.0,1,1.0,1,1.0,1,0.10803763303581074,42
4336,1,6616,3596,3020,0,0,0,1.0,1,1.0,1,1.0,1,0.10987027596340641,43
4337,1,6617,3596,3021,0,0,0,1.0,1,1.0,1,1.0,1,0.09042582333102096,44
4338,0,6617,3596,3021,0,0,0,1.0,1,1.0,1,1.0,1,0.09042582333102096,44
4339,0,6617,3596,3021,0,0,0,1.0,1,1.0,1,1.0,1,0.09650782442182355,46
4340,0,6617,3596,3021,0,0,0,1.0,1,1.0,1,1.0,1,0.07623731394670931,47
4341,3,6620,3598,3022,0,0,0,1.0,1,1.0,1,1.0,1,0.08734235109090675,47
4342,1,6621,3599,3022,0,0,0,1.0,1,1.0,1,1.0,1,0.0746435451477542,47
4343,1,6622,3600,3022,0,0,0,1.0,1,1.0,1,1.0,1,0.09077157502010384,42
4344,3,6625,3603,3022,0,0,0,1.0,1,1.0,1,1.0,1,0.11616716644486323,42
4345,0,6625,3603,3022,0,0,0,1.0,1,1.0,1,1.0,1,0.12399679825961371,39
4346,1,6626,3604,3022,0,0,0,1.0,1,1.0,1,1.0,1,0.09257554298211951,37
4347,1,6627,3605,3022,0,0,0,1.0,1,1.0,1,1.0,1,0.14255909802286895,37
4348,2,6629,3607,3022,0,0,0,1.0,1,1.0,1,1.0,1,0.23504213364636692,38
4349,1,6630,3607,3023,0,0,0,1.0,1,1.0,1,1.0,1,0.21916096511497576,36
4350,2,6632,3609,3023,0,0,0,1.0,1,1.0,1,1.0,1,0.27929036715116173,37
4351,0,6632,3609,3023,0,0,0,1.0,1,1.0,1,1.0,1,0.2575689127751726,35
4352,0,6632,3609,3023,0,0,0,1.0,1,1.0,1,1.0,1,0.2705887511003257,34
4353,0,6632,3609,3023,0,0,0,1.0,1,1.0,1,1.0,1,0.23902901133012017,34
4354,1,6633,3610,3023,0,0,0,1.0,1,1.0,1,1.0,1,0.1979475415225463,32
4355,2,6635,3612,3023,0,0,0,1.0,1,1.0,1,1.0,1,0.1834226250111036,32
4356,2,6637,3614,3023,0,0,0,1.0,1,1.0,1,1.0,1,0.22337880490353884,34
4357,0,6637,3614,3023,0,0,0,1.0,1,1.0,1,1.0,1,0.2239631318672659,35
4358,2,6639,3616,3023,0,0,0,1.0,1,1.0,1,1.0,1,0.24731636805934862,35
4359,1,6640,3617,3023,0,0,0,1.0,1,1.0,1,1.0,1,0.2741623377216834,37
4360,1,6641,3617,3024,0,0,0,1.0,1,1.0,1,1.0,1,0.25331959425151757,38
4361,4,6645,3617,3028,0,0,0,1.0,1,1.0,1,1.0,1,0.14019532213400532,39
4362,1,6646,3618,3028,0,0,0,1.0,1,1.0,1,1.0,1,0.1487282107353149,38
4363,2,6648,3619,3029,0,0,0,1.0,1,1.0,1,1.0,1,0.13122542294132294,38
4364,5,6653,3622,3031,0,0,0,1.0,1,1.0,1,1.0,1,0.06069796050876039,39
4365,1,6654,3623,3031,0,0,0,1.0,1,1.0,1,1.0,1,0.04953641925272066,39
4366,3,6657,3624,3033,0,0,0,1.0,1,1.0,1,1.0,1,0.06071222197647227,39
4367,3,6660,3625,3035,0,0,0,1.0,1,1.0,1,1.0,1,0.06963664177299181,41
4368,3,6663,3626,3037,0,0,0,1.0,1,1.0,1,1.0,1,0.08015967854258678,41
4369,1,6664,3626,3038,0,0,0,1.0,1,1.0,1,1.0,1,0.08409826720779898,42
4370,0,6664,3626,3038,0,0,0,1.0,1,1.0,1,1.0,1,0.08409826720779898,42
4371,0,6664,3626,3038,0,0,0,1.0,1,1.0,1,1.0,1,0.07514914093867102,43
4372,0,6664,3626,3038,0,0,0,1.0,1,1.0,1,1.0,1,0.07514914093867102,43
4373,0,6664,3626,3038,0,0,0,1.0,1,1.0,1,1.0,1,0.07514914093867102,43
4374,0,6664,3626,3038,0,0,0,1.0,1,1.0,1,1.0,1,0.09317312390448483,44
4375,4,6668,3629,3039,0,0,0,1.0,1,1.0,1,1.0,1,0.1549749375785543,45
4376,5,6673,3629,3044,0,0,0,1.0,1,1.0,1,1.0,1,0.1772904181111244,46
4377,17,6690,3634,3056,0,0,0,1.0,1,1.0,1,1.0,1,0.23940662535984944,47
4378,12,6702,3634,3068,0,0,0,1.0,1,1.0,1,1.0,1,0.21711932503705952,49
4379,17,6719,3637,3082,0,0,0,1.0,1,1.0,1,1.0,1,0.22911007439059627,51
4380,10,6729,3637,3092,0,0,0,1.0,1,1.0,1,1.0,1,0.1932490066995945,50
4381,4,6733,3638,3095,0,0,0,1.0,1,1.0,1,1.0,1,0.12883003501146628,49
4382,3,6736,3640,3096,0,0,0,1.0,1,1.0,1,1.0,1,0.18490656651292375,47
4383,1,6737,3640,3097,0,0,0,1.0,1,1.0,1,1.0,1,0.17812086194525067,47
4384,1,6738,3640,3098,0,0,0,1.0,1,1.0,1,1.0,1,0.20043304115845742,44
4385,1,6739,3641,3098,0,0,0,1.0,1,1.0,1,1.0,1,0.19326650493357792,42
4386,0,6739,3641,3098,0,0,0,1.0,1,1.0,1,1.0,1,0.251183086950761,41
4387,3,6742,3643,3099,0,0,0,1.0,1,1.0,1,1.0,1,0.25669080941622957,39
4388,0,6742,3643,3099,0,0,0,1.0,1,1.0,1,1.0,1,0.25669080941622957,39
4389,2,6744,3645,3099,0,0,0,1.0,1,1.0,1,1.0,1,0.29750610183050624,38
4390,0,6744,3645,3099,0,0,0,1.0,1,1.0,1,1.0,1,0.30415122108057885,38
4391,0,6744,3645,3099,0,0,0,1.0,1,1.0,1,1.0,1,0.28691960930125904,39
4392,0,6744,3645,3099,0,0,0,1.0,1,1.0,1,1.0,1,0.28691960930125904,39
4393,1,6745,3646,3099,0,0,0,1.0,1,1.0,1,1.0,1,0.29930655535798845,40
4394,0,6745,3646,3099,0,0,0,1.0,1,1.0,1,1.0,1,0.289467957186859,39
4395,1,6746,3647,3099,0,0,0,1.0,1,1.0,1,1.0,1,0.27265990798071826,39
4396,2,6748,3648,3100,0,0,0,1.0,1,1.0,1,1.0,1,0.26182023632633455,39
4397,1,6749,3648,3101,0,0,0,1.0,1,1.0,1,1.0,1,0.2444017913407234,38
4398,0,6749,3648,3101,0,0,0,1.0,1,1.0,1,1.0,1,0.21745661603706745,39
4399,0,6749,3648,3101,0,0,0,1.0,1,1.0,1,1.0,1,0.20276961030552074,42
4400,0,6749,3648,3101,0,0,0,1.0,1,1.0,1,1.0,1,0.20335682122316406,43
4401,4,6753,3648,3105,0,0,0,1.0,1,1.0,1,1.0,1,0.07576412687826588,44
4402,0,6753,3648,3105,0,0,0,1.0,1,1.0,1,1.0,1,0.07576412687826588,44
4403,0,6753,3648,3105,0,0,0,1.0,1,1.0,1,1.0,1,0.06897915912154118,45
4404,0,6753,3648,3105,0,0,0,1.0,1,1.0,1,1.0,1,0.06897915912154118,45
4405,0,6753,3648,3105,0,0,0,1.0,1,1.0,1,1.0,1,0.05405212984693076,46
4406,1,6754,3649,3105,0,0,0,1.0,1,1.0,1,1.0,1,0.07585888719390618,46
4407,1,6755,3650,3105,0,0,0,1.0,1,1.0,1,1.0,1,0.09670689908840985,46
4408,1,6756,3650,3106,0,0,0,1.0,1,1.0,1,1.0,1,0.07691229543049301,47
4409,1,6757,3651,3106,0,0,0,1.0,1,1.0,1,1.0,1,0.10510506631568513,48
4410,0,6757,3651,3106,0,0,0,1.0,1,1.0,1,1.0,1,0.10510506631568513,48
4411,0,6757,3651,3106,0,0,0,1.0,1,1.0,1,1.0,1,0.09186775971531795,50
4412,1,6758,3652,3106,0,0,0,1.0,1,1.0,1,1.0,1,0.11337003589979397,50
4413,0,6758,3652,3106,0,0,0,1.0,1,1.0,1,1.0,1,0.11932972375115644,50
4414,2,6760,3654,3106,0,0,0,1.0,1,1.0,1,1.0,1,0.09649933012318111,51
4415,1,6761,3655,3106,0,0,0,1.0,1,1.0,1,1.0,1,0.08764697337280407,51
4416,2,6763,3656,3107,0,0,0,1.0,1,1.0,1,1.0,1,0.1242984627351317,51
4417,2,6765,3658,3107,0,0,0,1.0,1,1.0,1,1.0,1,0.11540722968429358,51
4418,0,6765,3658,3107,0,0,0,1.0,1,1.0,1,1.0,1,0.1020446926083866,51
4419,0,6765,3658,3107,0,0,0,1.0,1,1.0,1,1.0,1,0.08440658262979853,50
4420,1,6766,3658,3108,0,0,0,1.0,1,1.0,1,1.0,1,0.06410691208930808,50
4421,1,6767,3658,3109,0,0,0,1.0,1,1.0,1,1.0,1,0.04504097488425947,52
4422,0,6767,3658,3109,0,0,0,1.0,1,1.0,1,1.0,1,0.043917397170056605,51
4423,0,6767,3658,3109,0,0,0,1.0,1,1.0,1,1.0,1,0.043917397170056605,51
4424,0,6767,3658,3109,0,0,0,1.0,1,1.0,1,1.0,1,0.04215971206716335,53
4425,1,6768,3658,3110,0,0,0,1.0,1,1.0,1,1.0,1,0.023967815418190562,54
4426,1,6769,3659,3110,0,0,0,1.0,1,1.0,1,1.0,1,0.024766744243071768,55
4427,0,6769,3659,3110,0,0,0,1.0,1,1.0,1,1.0,1,0.024766744243071768,55
4428,1,6770,3660,3110,0,0,0,1.0,1,1.0,1,1.0,1,0.02340421997016178,55
4429,0,6770,3660,3110,0,0,0,1.0,1,1.0,1,1.0,1,0.014130806471450015,56
4430,2,6772,3662,3110,0,0,0,1.0,1,1.0,1,1.0,1,0.06733765895800488,55
4431,0,6772,3662,3110,0,0,0,1.0,1,1.0,1,1.0,1,0.06949687906127554,56
4432,3,6775,3664,3111,0,0,0,1.0,1,1.0,1,1.0,1,0.08648022474248403,56
4433,1,6776,3664,3112,0,0,0,1.0,1,1.0,1,1.0,1,0.08225957064861207,57
4434,1,6777,3665,3112,0,0,0,1.0,1,1.0,1,1.0,1,0.06055640863685731,56
4435,2,6779,3667,3112,0,0,0,1.0,1,1.0,1,1.0,1,0.08513390672931632,56
4436,7,6786,3669,3117,0,0,0,1.0,1,1.0,1,1.0,1,0.03940224535099931,55
4437,1,6787,3670,3117,0,0,0,1.0,1,1.0,1,1.0,1,0.06542105382524652,54
4438,0,6787,3670,3117,0,0,0,1.0,1,1.0,1,1.0,1,0.06542105382524652,54
4439,3,6790,3673,3117,0,0,0,1.0,1,1.0,1,1.0,1,0.129153593527692,55
4440,2,6792,3674,3118,0,0,0,1.0,1,1.0,1,1.0,1,0.138503868992645,55
4441,5,6797,3678,3119,0,0,0,1.0,1,1.0,1,1.0,1,0.09473379737471874,59
4442,1,6798,3679,3119,0,0,0,1.0,1,1.0,1,1.0,1,0.08102329747205171,61
4443,2,6800,3681,3119,0,0,0,1.0,1,1.0,1,1.0,1,0.07745008548620241,60
4444,0,6800,3681,3119,0,0,0,1.0,1,1.0,1,1.0,1,0.08940561555407038,61
4445,0,6800,3681,3119,0,0,0,1.0,1,1.0,1,1.0,1,0.08940561555407038,61
4446,1,6801,3682,3119,0,0,0,1.0,1,1.0,1,1.0,1,0.09199271418697084,62
4447,0,6801,3682,3119,0,0,0,1.0,1,1.0,1,1.0,1,0.08524133887638438,63
4448,0,6801,3682,3119,0,0,0,1.0,1,1.0,1,1.0,1,0.08524133887638438,63
4449,0,6801,3682,3119,0,0,0,1.0,1,1.0,1,1.0,1,0.08524133887638438,63
4450,0,6801,3682,3119,0,0,0,1.0,1,1.0,1,1.0,1,0.0958957673514395,62
4451,0,6801,3682,3119,0,0,0,1.0,1,1.0,1,1.0,1,0.08427834896032278,63
4452,1,6802,3682,3120,0,0,0,1.0,1,1.0,1,1.0,1,0.0776618384981107,64
4453,0,6802,3682,3120,0,0,0,1.0,1,1.0,1,1.0,1,0.08469949561222517,65
4454,1,6803,3683,3120,0,0,0,1.0,1,1.0,1,1.0,1,0.07730540104930128,66
4455,1,6804,3684,3120,0,0,0,1.0,1,1.0,1,1.0,1,0.08868833273783538,67
4456,3,6807,3685,3122,0,0,0,1.0,1,1.0,1,1.0,1,0.09633342058387367,67
4457,2,6809,3687,3122,0,0,0,1.0,1,1.0,1,1.0,1,0.09724467081706457,65
4458,0,6809,3687,3122,0,0,0,1.0,1,1.0,1,1.0,1,0.09199763237443731,65
4459,3,6812,3690,3122,0,0,0,1.0,1,1.0,1,1.0,1,0.1209108591553455,64
4460,0,6812,3690,3122,0,0,0,1.0,1,1.0,1,1.0,1,0.11050863048764792,63
4461,6,6818,3693,3125,0,0,0,1.0,1,1.0,1,1.0,1,0.12543167682389436,62
4462,3,6821,3695,3126,0,0,0,1.0,1,1.0,1,1.0,1,0.13375452669461196,61
4463,3,6824,3697,3127,0,0,0,1.0,1,1.0,1,1.0,1,0.18091436114737425,61
4464,1,6825,3697,3128,0,0,0,1.0,1,1.0,1,1.0,1,0.1665381193723029,58
4465,2,6827,3698,3129,0,0,0,1.0,1,1.0,1,1.0,1,0.1828597493695084,57
4466,2,6829,3699,3130,0,0,0,1.0,1,1.0,1,1.0,1,0.22918029847979765,54
4467,0,6829,3699,3130,0,0,0,1.0,1,1.0,1,1.0,1,0.2110780392677745,52
4468,2,6831,3701,3130,0,0,0,1.0,1,1.0,1,1.0,1,0.19827312030164326,52
4469,2,6833,3703,3130,0,0,0,1.0,1,1.0,1,1.0,1,0.2056643994426282,51
4470,2,6835,3705,3130,0,0,0,1.0,1,1.0,1,1.0,1,0.16668364546554423,51
4471,3,6838,3708,3130,0,0,0,1.0,1,1.0,1,1.0,1,0.16991377912657993,50
4472,1,6839,3709,3130,0,0,0,1.0,1,1.0,1,1.0,1,0.1624390305573581,48
4473,0,6839,3709,3130,0,0,0,1.0,1,1.0,1,1.0,1,0.17500561173807086,47
4474,1,6840,3710,3130,0,0,0,1.0,1,1.0,1,1.0,1,0.19229036089665558,49
4475,0,6840,3710,3130,0,0,0,1.0,1,1.0,1,1.0,1,0.23669502966786174,47
4476,1,6841,3710,3131,0,0,0,1.0,1,1.0,1,1.0,1,0.20492557976925377,49
4477,1,6842,3711,3131,0,0,0,1.0,1,1.0,1,1.0,1,0.26461577585344254,48
4478,0,6842,3711,3131,0,0,0,1.0,1,1.0,1,1.0,1,0.26461577585344254,48
4479,2,6844,3712,3132,0,0,0,1.0,1,1.0,1,1.0,1,0.2656926917065318,48
4480,1,6845,3713,3132,0,0,0,1.0,1,1.0,1,1.0,1,0.27825240709511667,49
4481,6,6851,3713,3138,0,0,0,1.0,1,1.0,1,1.0,1,0.1992636455389929,49
4482,0,6851,3713,3138,0,0,0,1.0,1,1.0,1,1.0,1,0.1992636455389929,49
4483,1,6852,3713,3139,0,0,0,1.0,1,1.0,1,1.0,1,0.16383050964556442,50
4484,0,6852,3713,3139,0,0,0,1.0,1,1.0,1,1.0,1,0.15410696630601817,52
4485,1,6853,3713,3140,0,0,0,1.0,1,1.0,1,1.0,1,0.14115426932191835,53
4486,4,6857,3717,3140,0,0,0,1.0,1,1.0,1,1.0,1,0.1313783698581833,55
4487,3,6860,3719,3141,0,0,0,1.0,1,1.0,1,1.0,1,0.11691715213164028,55
4488,5,6865,3721,3144,0,0,0,1.0,1,1.0,1,1.0,1,0.11922203846370714,54
4489,1,6866,3721,3145,0,0,0,1.0,1,1.0,1,1.0,1,0.12333156354727229,53
4490,0,6866,3721,3145,0,0,0,1.0,1,1.0,1,1.0,1,0.12333156354727229,53
4491,3,6869,3723,3146,0,0,0,1.0,1,1.0,1,1.0,1,0.11134772675992415,52
4492,1,6870,3723,3147,0,0,0,1.0,1,1.0,1,1.0,1,0.10017591065365769,52
4493,1,6871,3724,3147,0,0,0,1.0,1,1.0,1,1.0,1,0.11504959702912794,52
4494,0,6871,3724,3147,0,0,0,1.0,1,1.0,1,1.0,1,0.1258176634466136,53
4495,3,6874,3727,3147,0,0,0,1.0,1,1.0,1,1.0,1,0.15191579738654906,50
4496,1,6875,3728,3147,0,0,0,1.0,1,1.0,1,1.0,1,0.15352211423913872,51
4497,2,6877,3730,3147,0,0,0,1.0,1,1.0,1,1.0,1,0.14060304079956273,50
4498,0,6877,3730,3147,0,0,0,1.0,1,1.0,1,1.0,1,0.13054891957592396,49
4499,1,6878,3731,3147,0,0,0,1.0,1,1.0,1,1.0,1,0.14146508199475413,48
4500,3,6881,3734,3147,0,0,0,1.0,1,1.0,1,1.0,1,0.11567597601675829,48
4501,2,6883,3735,3148,0,0,0,1.0,1,1.0,1,1.0,1,0.09346506040212893,48
4502,2,6885,3737,3148,0,0,0,1.0,1,1.0,1,1.0,1,0.1471689449141486,49
4503,2,6887,3739,3148,0,0,0,1.0,1,1.0,1,1.0,1,0.19607872583691335,49
4504,0,6887,3739,3148,0,0,0,1.0,1,1.0,1,1.0,1,0.19407232957707177,45
4505,1,6888,3740,3148,0,0,0,1.0,1,1.0,1,1.0,1,0.17414993182340854,46
4506,3,6891,3743,3148,0,0,0,1.0,1,1.0,1,1.0,1,0.2237159941664118,45
4507,1,6892,3744,3148,0,0,0,1.0,1,1.0,1,1.0,1,0.2264056774765563,45
4508,2,6894,3745,3149,0,0,0,1.0,1,1.0,1,1.0,1,0.2053371824577647,43
4509,2,6896,3747,3149,0,0,0,1.0,1,1.0,1,1.0,1,0.21687082254476656,41
4510,2,6898,3749,3149,0,0,0,1.0,1,1.0,1,1.0,1,0.18950858404847645,42
4511,2,6900,3751,3149,0,0,0,1.0,1,1.0,1,1.0,1,0.2119860606377124,41
4512,0,6900,3751,3149,0,0,0,1.0,1,1.0,1,1.0,1,0.2119860606377124,41
4513,1,6901,3752,3149,0,0,0,1.0,1,1.0,1,1.0,1,0.19592177461045224,41
4514,2,6903,3754,3149,0,0,0,1.0,1,1.0,1,1.0,1,0.1543638035944265,42
4515,0,6903,3754,3149,0,0,0,1.0,1,1.0,1,1.0,1,0.2076076246979382,41
4516,3,6906,3757,3149,0,0,0,1.0,1,1.0,1,1.0,1,0.21981568043695454,42
4517,0,6906,3757,3149,0,0,0,1.0,1,1.0,1,1.0,1,0.2306239545378445,43
4518,0,6906,3757,3149,0,0,0,1.0,1,1.0,1,1.0,1,0.24339245223368045,42
4519,1,6907,3758,3149,0,0,0,1.0,1,1.0,1,1.0,1,0.2712366656849696,42
4520,0,6907,3758,3149,0,0,0,1.0,1,1.0,1,1.0,1,0.2962157877516721,42
4521,8,6915,3758,3157,0,0,0,1.0,1,1.0,1,1.0,1,0.17114048227207923,42
4522,1,6916,3759,3157,0,0,0,1.0,1,1.0,1,1.0,1,0.16789420032832028,42
4523,1,6917,3759,3158,0,0,0,1.0,1,1.0,1,1.0,1,0.1701482960200948,42
4524,2,6919,3761,3158,0,0,0,1.0,1,1.0,1,1.0,1,0.15740047599787044,43
4525,4,6923,3764,3159,0,0,0,1.0,1,1.0,1,1.0,1,0.08964932876140484,46
4526,3,6926,3767,3159,0,0,0,1.0,1,1.0,1,1.0,1,0.09405155827095947,46
4527,1,6927,3768,3159,0,0,0,1.0,1,1.0,1,1.0,1,0.09721664221205109,47
4528,1,6928,3768,3160,0,0,0,1.0,1,1.0,1,1.0,1,0.062209669843279185,49
4529,1,6929,3769,3160,0,0,0,1.0,1,1.0,1,1.0,1,0.06936442716892835,50
4530,1,6930,3770,3160,0,0,0,1.0,1,1.0,1,1.0,1,0.06504594973516996,51
4531,2,6932,3772,3160,0,0,0,1.0,1,1.0,1,1.0,1,0.09095746949388596,51
4532,0,6932,3772,3160,0,0,0,1.0,1,1.0,1,1.0,1,0.09095746949388596,51
4533,5,6937,3774,3163,0,0,0,1.0,1,1.0,1,1.0,1,0.08662088833936053,50
4534,2,6939,3774,3165,0,0,0,1.0,1,1.0,1,1.0,1,0.08411726372545181,51
4535,3,6942,3776,3166,0,0,0,1.0,1,1.0,1,1.0,1,0.0932594249008112,50
4536,0,6942,3776,3166,0,0,0,1.0,1,1.0,1,1.0,1,0.10040673769412983,48
4537,2,6944,3777,3167,0,0,0,1.0,1,1.0,1,1.0,1,0.10985783943548953,49
4538,0,6944,3777,3167,0,0,0,1.0,1,1.0,1,1.0,1,0.09731103664122338,48
4539,0,6944,3777,3167,0,0,0,1.0,1,1.0,1,1.0,1,0.11569035319493036,50
4540,3,6947,3777,3170,0,0,0,1.0,1,1.0,1,1.0,1,0.06329108501018149,49
4541,0,6947,3777,3170,0,0,0,1.0,1,1.0,1,1.0,1,0.06329108501018149,49
4542,0,6947,3777,3170,0,0,0,1.0,1,1.0,1,1.0,1,0.09075001248050733,47
4543,0,6947,3777,3170,0,0,0,1.0,1,1.0,1,1.0,1,0.10004932549336466,45
4544,1,6948,3778,3170,0,0,0,1.0,1,1.0,1,1.0,1,0.11446214094074192,45
4545,1,6949,3779,3170,0,0,0,1.0,1,1.0,1,1.0,1,0.11714156531434279,43
4546,1,6950,3780,3170,0,0,0,1.0,1,1.0,1,1.0,1,0.10668603738365252,43
4547,1,6951,3781,3170,0,0,0,1.0,1,1.0,1,1.0,1,0.11603248354932334,41
4548,0,6951,3781,3170,0,0,0,1.0,1,1.0,1,1.0,1,0.10968699567800937,42
4549,2,6953,3783,3170,0,0,0,1.0,1,1.0,1,1.0,1,0.09382494463293517,41
4550,4,6957,3786,3171,0,0,0,1.0,1,1.0,1,1.0,1,0.10223585165708683,41
4551,0,6957,3786,3171,0,0,0,1.0,1,1.0,1,1.0,1,0.10551941689565623,39
4552,0,6957,3786,3171,0,0,0,1.0,1,1.0,1,1.0,1,0.11410861331071573,38
4553,0,6957,3786,3171,0,0,0,1.0,1,1.0,1,1.0,1,0.1260131957271016,39
4554,0,6957,3786,3171,0,0,0,1.0,1,1.0,1,1.0,1,0.1334707720118378,38
4555,0,6957,3786,3171,0,0,0,1.0,1,1.0,1,1.0,1,0.14190061391384784,37
4556,3,6960,3789,3171,0,0,0,1.0,1,1.0,1,1.0,1,0.18636558348937235,36
4557,0,6960,3789,3171,0,0,0,1.0,1,1.0,1,1.0,1,0.16159245880363718,38
4558,1,6961,3790,3171,0,0,0,1.0,1,1.0,1,1.0,1,0.16497169856103183,39
4559,2,6963,3792,3171,0,0,0,1.0,1,1.0,1,1.0,1,0.22316196887446588,38
4560,1,6964,3793,3171,0,0,0,1.0,1,1.0,1,1.0,1,0.2393147249394415,41
4561,4,6968,3793,3175,0,0,0,1.0,1,1.0,1,1.0,1,0.18823818902124173,41
4562,3,6971,3794,3177,0,0,0,1.0,1,1.0,1,1.0,1,0.16569937063581047,43
4563,1,6972,3794,3178,0,0,0,1.0,1,1.0,1,1.0,1,0.134957392178642,42
4564,1,6973,3794,3179,0,0,0,1.0,1,1.0,1,1.0,1,0.12758478377310178,43
4565,0,6973,3794,3179,0,0,0,1.0,1,1.0,1,1.0,1,0.14368614223608803,44
4566,1,6974,3795,3179,0,0,0,1.0,1,1.0,1,1.0,1,0.11247507426594934,45
4567,3,6977,3798,3179,0,0,0,1.0,1,1.0,1,1.0,1,0.11999599979778751,47
4568,3,6980,3799,3181,0,0,0,1.0,1,1.0,1,1.0,1,0.07268002555025292,47
4569,1,6981,3800,3181,0,0,0,1.0,1,1.0,1,1.0,1,0.06811725223703737,49
4570,1,6982,3801,3181,0,0,0,1.0,1,1.0,1,1.0,1,0.07737877424714075,49
4571,2,6984,3803,3181,0,0,0,1.0,1,1.0,1,1.0,1,0.09624403435076861,48
4572,1,6985,3804,3181,0,0,0,1.0,1,1.0,1,1.0,1,0.10916265959656912,48
4573,2,6987,3806,3181,0,0,0,1.0,1,1.0,1,1.0,1,0.1371937210577174,48
4574,3,6990,3808,3182,0,0,0,1.0,1,1.0,1,1.0,1,0.1743439573957943,50
4575,1,6991,3808,3183,0,0,0,1.0,1,1.0,1,1.0,1,0.13978605311223694,51
4576,0,6991,3808,3183,0,0,0,1.0,1,1.0,1,1.0,1,0.13782252595486752,48
4577,0,6991,3808,3183,0,0,0,1.0,1,1.0,1,1.0,1,0.1399050471094497,47
4578,1,6992,3809,3183,0,0,0,1.0,1,1.0,1,1.0,1,0.126390432706015,46
4579,0,6992,3809,3183,0,0,0,1.0,1,1.0,1,1.0,1,0.12483008904599335,46
4580,0,6992,3809,3183,0,0,0,1.0,1,1.0,1,1.0,1,0.10975423567661742,47
4581,2,6994,3810,3184,0,0,0,1.0,1,1.0,1,1.0,1,0.12229990098158605,47
4582,0,6994,3810,3184,0,0,0,1.0,1,1.0,1,1.0,1,0.12923042085040837,48
4583,0,6994,3810,3184,0,0,0,1.0,1,1.0,1,1.0,1,0.12923042085040837,48
4584,1,6995,3810,3185,0,0,0,1.0,1,1.0,1,1.0,1,0.12212282986791871,50
4585,1,6996,3811,3185,0,0,0,1.0,1,1.0,1,1.0,1,0.15077547519709278,50
4586,0,6996,3811,3185,0,0,0,1.0,1,1.0,1,1.0,1,0.15077547519709278,50
4587,0,6996,3811,3185,0,0,0,1.0,1,1.0,1,1.0,1,0.15077547519709278,50
4588,0,6996,3811,3185,0,0,0,1.0,1,1.0,1,1.0,1,0.15077547519709278,50
4589,0,6996,3811,3185,0,0,0,1.0,1,1.0,1,1.0,1,0.1565201066131323,52
4590,0,6996,3811,3185,0,0,0,1.0,1,1.0,1,1.0,1,0.1565201066131323,52
4591,1,6997,3811,3186,0,0,0,1.0,1,1.0,1,1.0,1,0.15990008495491598,53
4592,0,6997,3811,3186,0,0,0,1.0,1,1.0,1,1.0,1,0.16393166117085867,54
4593,3,7000,3813,3187,0,0,0,1.0,1,1.0,1,1.0,1,0.1948728209710384,56
4594,2,7002,3813,3189,0,0,0,1.0,1,1.0,1,1.0,1,0.19457727025943183,57
4595,1,7003,3814,3189,0,0,0,1.0,1,1.0,1,1.0,1,0.18370457173667845,56
4596,0,7003,3814,3189,0,0,0,1.0,1,1.0,1,1.0,1,0.18370457173667845,56
4597,2,7005,3816,3189,0,0,0,1.0,1,1.0,1,1.0,1,0.1693534262348134,56
4598,2,7007,3818,3189,0,0,0,1.0,1,1.0,1,1.0,1,0.18751551844619277,57
4599,0,7007,3818,3189,0,0,0,1.0,1,1.0,1,1.0,1,0.16069295261860264,59
4600,0,7007,3818,3189,0,0,0,1.0,1,1.0,1,1.0,1,0.1705980114186433,60
4601,1,7008,3819,3189,0,0,0,1.0,1,1.0,1,1.0,1,0.1796101330769256,60
4602,0,7008,3819,3189,0,0,0,1.0,1,1.0,1,1.0,1,0.1601869772354332,62
4603,0,7008,3819,3189,0,0,0,1.0,1,1.0,1,1.0,1,0.1601869772354332,62
4604,1,7009,3820,3189,0,0,0,1.0,1,1.0,1,1.0,1,0.1544889117283682,63
4605,0,7009,3820,3189,0,0,0,1.0,1,1.0,1,1.0,1,0.1544889117283682,63
4606,0,7009,3820,3189,0,0,0,1.0,1,1.0,1,1.0,1,0.16238295884031115,64
4607,1,7010,3821,3189,0,0,0,1.0,1,1.0,1,1.0,1,0.1616020816832184,65
4608,2,7012,3822,3190,0,0,0,1.0,1,1.0,1,1.0,1,0.18142611020368374,66
4609,2,7014,3824,3190,0,0,0,1.0,1,1.0,1,1.0,1,0.19248932538274388,65
4610,1,7015,3824,3191,0,0,0,1.0,1,1.0,1,1.0,1,0.16932692732785343,63
4611,5,7020,3828,3192,0,0,0,1.0,1,1.0,1,1.0,1,0.19168472655425955,64
4612,2,7022,3829,3193,0,0,0,1.0,1,1.0,1,1.0,1,0.1757264443413015,62
4613,2,7024,3831,3193,0,0,0,1.0,1,1.0,1,1.0,1,0.18142544597404578,63
4614,2,7026,3831,3195,0,0,0,1.0,1,1.0,1,1.0,1,0.13939469610457866,61
4615,0,7026,3831,3195,0,0,0,1.0,1,1.0,1,1.0,1,0.14803987981195765,59
4616,2,7028,3831,3197,0,0,0,1.0,1,1.0,1,1.0,1,0.1300712591395913,58
4617,1,7029,3832,3197,0,0,0,1.0,1,1.0,1,1.0,1,0.1650215838650505,58
4618,2,7031,3833,3198,0,0,0,1.0,1,1.0,1,1.0,1,0.18667060808077687,57
4619,4,7035,3835,3200,0,0,0,1.0,1,1.0,1,1.0,1,0.2035810178236229,57
4620,0,7035,3835,3200,0,0,0,1.0,1,1.0,1,1.0,1,0.2035810178236229,57
4621,7,7042,3836,3206,0,0,0,1.0,1,1.0,1,1.0,1,0.15983670465264815,59
4622,3,7045,3837,3208,0,0,0,1.0,1,1.0,1,1.0,1,0.155821395883156,60
4623,0,7045,3837,3208,0,0,0,1.0,1,1.0,1,1.0,1,0.17234757400638923,59
4624,2,7047,3839,3208,0,0,0,1.0,1,1.0,1,1.0,1,0.2105235062167146,59
4625,1,7048,3840,3208,0,0,0,1.0,1,1.0,1,1.0,1,0.20874847836896465,57
4626,2,7050,3842,3208,0,0,0,1.0,1,1.0,1,1.0,1,0.24021055621978213,56
4627,0,7050,3842,3208,0,0,0,1.0,1,1.0,1,1.0,1,0.24292074916329326,56
4628,0,7050,3842,3208,0,0,0,1.0,1,1.0,1,1.0,1,0.25165666987399327,56
4629,1,7051,3843,3208,0,0,0,1.0,1,1.0,1,1.0,1,0.29780087230394753,56
4630,1,7052,3843,3209,0,0,0,1.0,1,1.0,1,1.0,1,0.2744303390581116,57
4631,0,7052,3843,3209,0,0,0,1.0,1,1.0,1,1.0,1,0.3065203019423834,56
4632,1,7053,3844,3209,0,0,0,1.0,1,1.0,1,1.0,1,0.33052338398132436,57
4633,2,7055,3844,3211,0,0,0,1.0,1,1.0,1,1.0,1,0.3022751130965106,58
4634,0,7055,3844,3211,0,0,0,1.0,1,1.0,1,1.0,1,0.3022751130965106,58
4635,0,7055,3844,3211,0,0,0,1.0,1,1.0,1,1.0,1,0.29042622344822033,59
4636,0,7055,3844,3211,0,0,0,1.0,1,1.0,1,1.0,1,0.27105686297074594,60
4637,2,7057,3846,3211,0,0,0,1.0,1,1.0,1,1.0,1,0.25631419697284535,60
4638,0,7057,3846,3211,0,0,0,1.0,1,1.0,1,1.0,1,0.26676117965355456,61
4639,3,7060,3848,3212,0,0,0,1.0,1,1.0,1,1.0,1,0.2598413145569613,62
4640,0,7060,3848,3212,0,0,0,1.0,1,1.0,1,1.0,1,0.26985433789167074,63
4641,9,7069,3851,3218,0,0,0,1.0,1,1.0,1,1.0,1,0.1868135816848369,63
4642,0,7069,3851,3218,0,0,0,1.0,1,1.0,1,1.0,1,0.2007540682566685,62
4643,4,7073,3852,3221,0,0,0,1.0,1,1.0,1,1.0,1,0.1842457195956572,63
4644,3,7076,3853,3223,0,0,0,1.0,1,1.0,1,1.0,1,0.19484653488116094,62
4645,2,7078,3854,3224,0,0,0,1.0,1,1.0,1,1.0,1,0.20476405402324555,63
4646,2,7080,3856,3224,0,0,0,1.0,1,1.0,1,1.0,1,0.23943402683318146,63
4647,2,7082,3857,3225,0,0,0,1.0,1,1.0,1,1.0,1,0.24617945760657198,62
4648,2,7084,3858,3226,0,0,0,1.0,1,1.0,1,1.0,1,0.2645437996913368,63
4649,0,7084,3858,3226,0,0,0,1.0,1,1.0,1,1.0,1,0.24874032245169972,61
4650,1,7085,3859,3226,0,0,0,1.0,1,1.0,1,1.0,1,0.2148412205554841,63
4651,1,7086,3860,3226,0,0,0,1.0,1,1.0,1,1.0,1,0.1968538099984568,62
4652,1,7087,3861,3226,0,0,0,1.0,1,1.0,1,1.0,1,0.17399394907747168,59
4653,0,7087,3861,3226,0,0,0,1.0,1,1.0,1,1.0,1,0.17532113394559398,60
4654,1,7088,3862,3226,0,0,0,1.0,1,1.0,1,1.0,1,0.17262279729215835,60
4655,1,7089,3863,3226,0,0,0,1.0,1,1.0,1,1.0,1,0.19787551040530857,60
4656,2,7091,3865,3226,0,0,0,1.0,1,1.0,1,1.0,1,0.252039763044093,61
4657,2,7093,3866,3227,0,0,0,1.0,1,1.0,1,1.0,1,0.23025997762720052,62
4658,4,7097,3869,3228,0,0,0,1.0,1,1.0,1,1.0,1,0.23810418012311887,62
4659,0,7097,3869,3228,0,0,0,1.0,1,1.0,1,1.0,1,0.22961338267966877,61
4660,2,7099,3871,3228,0,0,0,1.0,1,1.0,1,1.0,1,0.2870359071598697,61
4661,5,7104,3871,3233,0,0,0,1.0,1,1.0,1,1.0,1,0.2430913816555889,61
4662,0,7104,3871,3233,0,0,0,1.0,1,1.0,1,1.0,1,0.231330678790256,62
4663,1,7105,3871,3234,0,0,0,1.0,1,1.0,1,1.0,1,0.2288152152546895,61
4664,2,7107,3872,3235,0,0,0,1.0,1,1.0,1,1.0,1,0.21493933684490774,62
4665,0,7107,3872,3235,0,0,0,1.0,1,1.0,1,1.0,1,0.22524692049403347,61
4666,1,7108,3873,3235,0,0,0,1.0,1,1.0,1,1.0,1,0.2387702833687477,61
4667,2,7110,3874,3236,0,0,0,1.0,1,1.0,1,1.0,1,0.23771452416255426,59
4668,2,7112,3875,3237,0,0,0,1.0,1,1.0,1,1.0,1,0.244464385154732,59
4669,1,7113,3875,3238,0,0,0,1.0,1,1.0,1,1.0,1,0.2563391017789833,58
4670,2,7115,3877,3238,0,0,0,1.0,1,1.0,1,1.0,1,0.2737662343019793,57
4671,1,7116,3878,3238,0,0,0,1.0,1,1.0,1,1.0,1,0.2700649291709619,55
4672,2,7118,3880,3238,0,0,0,1.0,1,1.0,1,1.0,1,0.2995860604668191,56
4673,1,7119,3881,3238,0,0,0,1.0,1,1.0,1,1.0,1,0.2821183953329755,58
4674,2,7121,3882,3239,0,0,0,1.0,1,1.0,1,1.0,1,0.2806051252930303,58
4675,0,7121,3882,3239,0,0,0,1.0,1,1.0,1,1.0,1,0.30676201338732667,57
4676,1,7122,3883,3239,0,0,0,1.0,1,1.0,1,1.0,1,0.30021494624715056,58
4677,1,7123,3884,3239,0,0,0,1.0,1,1.0,1,1.0,1,0.31045502743922043,57
4678,2,7125,3886,3239,0,0,0,1.0,1,1.0,1,1.0,1,0.3287715329936514,57
4679,0,7125,3886,3239,0,0,0,1.0,1,1.0,1,1.0,1,0.3287715329936514,57
4680,0,7125,3886,3239,0,0,0,1.0,1,1.0,1,1.0,1,0.31169138881809605,59
4681,10,7135,3887,3248,0,0,0,1.0,1,1.0,1,1.0,1,0.22474364381190332,60
4682,2,7137,3888,3249,0,0,0,1.0,1,1.0,1,1.0,1,0.21286532900758579,60
4683,6,7143,3890,3253,0,0,0,1.0,1,1.0,1,1.0,1,0.17749468575860583,60
4684,3,7146,3891,3255,0,0,0,1.0,1,1.0,1,1.0,1,0.19703645477728968,60
4685,3,7149,3892,3257,0,0,0,1.0,1,1.0,1,1.0,1,0.1891744709727915,59
4686,3,7152,3894,3258,0,0,0,1.0,1,1.0,1,1.0,1,0.204851537713268,60
4687,4,7156,3895,3261,0,0,0,1.0,1,1.0,1,1.0,1,0.2086383240545833,59
4688,3,7159,3896,3263,0,0,0,1.0,1,1.0,1,1.0,1,0.23281870776745037,59
4689,4,7163,3897,3266,0,0,0,1.0,1,1.0,1,1.0,1,0.2544566370901176,59
4690,6,7169,3898,3271,0,0,0,1.0,1,1.0,1,1.0,1,0.22556337926600556,58
4691,1,7170,3898,3272,0,0,0,1.0,1,1.0,1,1.0,1,0.2100624528149617,57
4692,2,7172,3898,3274,0,0,0,1.0,1,1.0,1,1.0,1,0.18301798431879143,58
4693,2,7174,3898,3276,0,0,0,1.0,1,1.0,1,1.0,1,0.1582891801604506,57
4694,4,7178,3899,3279,0,0,0,1.0,1,1.0,1,1.0,1,0.16802458873954051,57
4695,2,7180,3899,3281,0,0,0,1.0,1,1.0,1,1.0,1,0.18335279071589106,56
4696,4,7184,3901,3283,0,0,0,1.0,1,1.0,1,1.0,1,0.2174290961937264,57
4697,4,7188,3901,3287,0,0,0,1.0,1,1.0,1,1.0,1,0.15987663162606547,58
4698,7,7195,3901,3294,0,0,0,1.0,1,1.0,1,1.0,1,0.1724863775077271,59
4699,3,7198,3901,3297,0,0,0,1.0,1,1.0,1,1.0,1,0.15019954063624963,58
4700,1,7199,3901,3298,0,0,0,1.0,1,1.0,1,1.0,1,0.14061800727040336,59
4701,3,7202,3901,3301,0,0,0,1.0,1,1.0,1,1.0,1,0.12717798214778248,60
4702,1,7203,3901,3302,0,0,0,1.0,1,1.0,1,1.0,1,0.11693176392061547,61
4703,1,7204,3902,3302,0,0,0,1.0,1,1.0,1,1.0,1,0.14696935253587107,59
4704,1,7205,3902,3303,0,0,0,1.0,1,1.0,1,1.0,1,0.14245116590640416,58
4705,3,7208,3905,3303,0,0,0,1.0,1,1.0,1,1.0,1,0.18284833328230066,58
4706,3,7211,3907,3304,0,0,0,1.0,1,1.0,1,1.0,1,0.1750997356026542,60
4707,0,7211,3907,3304,0,0,0,1.0,1,1.0,1,1.0,1,0.1949707782536612,57
4708,3,7214,3910,3304,0,0,0,1.0,1,1.0,1,1.0,1,0.21819101026479035,57
4709,2,7216,3912,3304,0,0,0,1.0,1,1.0,1,1.0,1,0.2566185634308644,55
4710,1,7217,3913,3304,0,0,0,1.0,1,1.0,1,1.0,1,0.2877629802341918,53
4711,2,7219,3915,3304,0,0,0,1.0,1,1.0,1,1.0,1,0.24498480294897965,52
4712,0,7219,3915,3304,0,0,0,1.0,1,1.0,1,1.0,1,0.24957366130255715,52
4713,2,7221,3917,3304,0,0,0,1.0,1,1.0,1,1.0,1,0.25134192276209594,51
4714,0,7221,3917,3304,0,0,0,1.0,1,1.0,1,1.0,1,0.2594923392774764,50
4715,1,7222,3917,3305,0,0,0,1.0,1,1.0,1,1.0,1,0.21996405945860012,50
4716,2,7224,3918,3306,0,0,0,1.0,1,1.0,1,1.0,1,0.25521364153361187,49
4717,3,7227,3919,3308,0,0,0,1.0,1,1.0,1,1.0,1,0.24744239993341935,49
4718,0,7227,3919,3308,0,0,0,1.0,1,1.0,1,1.0,1,0.2465777878917095,50
4719,1,7228,3919,3309,0,0,0,1.0,1,1.0,1,1.0,1,0.2217202075320272,49
4720,1,7229,3919,3310,0,0,0,1.0,1,1.0,1,1.0,1,0.19893860434836833,49
4721,5,7234,3920,3314,0,0,0,1.0,1,1.0,1,1.0,1,0.14589441813371273,50
4722,1,7235,3920,3315,0,0,0,1.0,1,1.0,1,1.0,1,0.1500210900236751,51
4723,0,7235,3920,3315,0,0,0,1.0,1,1.0,1,1.0,1,0.11468598567580125,50
4724,2,7237,3922,3315,0,0,0,1.0,1,1.0,1,1.0,1,0.13292783665287725,50
4725,2,7239,3922,3317,0,0,0,1.0,1,1.0,1,1.0,1,0.10838558068466304,52
4726,1,7240,3923,3317,0,0,0,1.0,1,1.0,1,1.0,1,0.14823509594143666,51
4727,1,7241,3924,3317,0,0,0,1.0,1,1.0,1,1.0,1,0.1615883513159835,52
4728,4,7245,3926,3319,0,0,0,1.0,1,1.0,1,1.0,1,0.1925569820387754,52
4729,2,7247,3926,3321,0,0,0,1.0,1,1.0,1,1.0,1,0.1925569820387754,52
4730,3,7250,3926,3324,0,0,0,1.0,1,1.0,1,1.0,1,0.20043146927033906,50
4731,5,7255,3929,3326,0,0,0,1.0,1,1.0,1,1.0,1,0.22118802068790003,51
4732,4,7259,3929,3330,0,0,0,1.0,1,1.0,1,1.0,1,0.22019673437855652,52
4733,11,7270,3932,3338,0,0,0,1.0,1,1.0,1,1.0,1,0.2983143021499171,53
4734,8,7278,3932,3346,0,0,0,1.0,1,1.0,1,1.0,1,0.2984649239491877,53
4735,5,7283,3933,3350,0,0,0,1.0,1,1.0,1,1.0,1,0.2716254272234331,53
4736,8,7291,3934,3357,0,0,0,1.0,1,1.0,1,1.0,1,0.3321019222076418,55
4737,11,7302,3934,3368,0,0,0,1.0,1,1.0,1,1.0,1,0.31075293619134875,57
4738,9,7311,3934,3377,0,0,0,1.0,1,1.0,1,1.0,1,0.3000783907066163,57
4739,8,7319,3934,3385,0,0,0,1.0,1,1.0,1,1.0,1,0.3000783907066163,57
4740,7,7326,3934,3392,0,0,0,1.0,1,1.0,1,1.0,1,0.25404050759969427,57
4741,1,7327,3934,3393,0,0,0,1.0,1,1.0,1,1.0,1,0.24424342722180095,58
4742,1,7328,3935,3393,0,0,0,1.0,1,1.0,1,1.0,1,0.2527786448982337,58
4743,2,7330,3936,3394,0,0,0,1.0,1,1.0,1,1.0,1,0.2150752160378854,56
4744,0,7330,3936,3394,0,0,0,1.0,1,1.0,1,1.0,1,0.20482533529007352,57
4745,3,7333,3938,3395,0,0,0,1.0,1,1.0,1,1.0,1,0.1990591022515118,56
4746,1,7334,3939,3395,0,0,0,1.0,1,1.0,1,1.0,1,0.20938233915187637,56
4747,1,7335,3940,3395,0,0,0,1.0,1,1.0,1,1.0,1,0.1896935804263167,55
4748,1,7336,3941,3395,0,0,0,1.0,1,1.0,1,1.0,1,0.19845423348776287,55
4749,1,7337,3941,3396,0,0,0,1.0,1,1.0,1,1.0,1,0.17716129025110303,54
4750,1,7338,3942,3396,0,0,0,1.0,1,1.0,1,1.0,1,0.16335982292536863,53
4751,0,7338,3942,3396,0,0,0,1.0,1,1.0,1,1.0,1,0.19389215056798406,53
4752,1,7339,3943,3396,0,0,0,1.0,1,1.0,1,1.0,1,0.18240732352736883,53
4753,0,7339,3943,3396,0,0,0,1.0,1,1.0,1,1.0,1,0.20517829141041408,52
4754,1,7340,3943,3397,0,0,0,1.0,1,1.0,1,1.0,1,0.1650824443814705,52
4755,2,7342,3943,3399,0,0,0,1.0,1,1.0,1,1.0,1,0.1197223137756727,51
4756,2,7344,3943,3401,0,0,0,1.0,1,1.0,1,1.0,1,0.09987784081129995,52
4757,1,7345,3943,3402,0,0,0,1.0,1,1.0,1,1.0,1,0.08335696576620115,51
4758,0,7345,3943,3402,0,0,0,1.0,1,1.0,1,1.0,1,0.08335696576620115,51
4759,0,7345,3943,3402,0,0,0,1.0,1,1.0,1,1.0,1,0.08335696576620115,51
4760,1,7346,3944,3402,0,0,0,1.0,1,1.0,1,1.0,1,0.06478772209548793,52
4761,3,7349,3947,3402,0,0,0,1.0,1,1.0,1,1.0,1,0.060211503853394334,50
4762,7,7356,3952,3404,0,0,0,1.0,1,1.0,1,1.0,1,0.12314243262322627,51
4763,0,7356,3952,3404,0,0,0,1.0,1,1.0,1,1.0,1,0.12314243262322627,51
4764,5,7361,3956,3405,0,0,0,1.0,1,1.0,1,1.0,1,0.16118513690437883,53
4765,0,7361,3956,3405,0,0,0,1.0,1,1.0,1,1.0,1,0.16118513690437883,53
4766,3,7364,3958,3406,0,0,0,1.0,1,1.0,1,1.0,1,0.1864434677949511,55
4767,2,7366,3958,3408,0,0,0,1.0,1,1.0,1,1.0,1,0.1091124313817276,56
4768,2,7368,3958,3410,0,0,0,1.0,1,1.0,1,1.0,1,0.08760826072133249,56
4769,2,7370,3959,3411,0,0,0,1.0,1,1.0,1,1.0,1,0.09797492323881601,56
4770,0,7370,3959,3411,0,0,0,1.0,1,1.0,1,1.0,1,0.09797492323881601,56
4771,1,7371,3959,3412,0,0,0,1.0,1,1.0,1,1.0,1,0.10262121029131317,55
4772,1,7372,3960,3412,0,0,0,1.0,1,1.0,1,1.0,1,0.11868500915967321,56
4773,0,7372,3960,3412,0,0,0,1.0,1,1.0,1,1.0,1,0.11868500915967321,56
4774,0,7372,3960,3412,0,0,0,1.0,1,1.0,1,1.0,1,0.10424876873057567,58
4775,0,7372,3960,3412,0,0,0,1.0,1,1.0,1,1.0,1,0.09975032791880573,59
4776,0,7372,3960,3412,0,0,0,1.0,1,1.0,1,1.0,1,0.09975032791880573,59
4777,1,7373,3960,3413,0,0,0,1.0,1,1.0,1,1.0,1,0.0806846309513319,60
4778,4,7377,3961,3416,0,0,0,1.0,1,1.0,1,1.0,1,0.031770242536558135,60
4779,1,7378,3962,3416,0,0,0,1.0,1,1.0,1,1.0,1,0.012615635676862568,61
4780,1,7379,3963,3416,0,0,0,1.0,1,1.0,1,1.0,1,0.025890886153262526,63
4781,1,7380,3964,3416,0,0,0,1.0,1,1.0,1,1.0,1,0.05717507173207938,62
4782,1,7381,3964,3417,0,0,0,1.0,1,1.0,1,1.0,1,0.049979974338702805,63
4783,3,7384,3967,3417,0,0,0,1.0,1,1.0,1,1.0,1,0.031076504665027375,62
4784,2,7386,3969,3417,0,0,0,1.0,1,1.0,1,1.0,1,0.05397740671077114,62
4785,2,7388,3971,3417,0,0,0,1.0,1,1.0,1,1.0,1,0.052714362463129515,62
4786,4,7392,3975,3417,0,0,0,1.0,1,1.0,1,1.0,1,0.08093686052640421,63
4787,2,7394,3977,3417,0,0,0,1.0,1,1.0,1,1.0,1,0.08048657526795375,62
4788,3,7397,3980,3417,0,0,0,1.0,1,1.0,1,1.0,1,0.1327077692121883,62
4789,4,7401,3984,3417,0,0,0,1.0,1,1.0,1,1.0,1,0.15033935597497491,60
4790,6,7407,3989,3418,0,0,0,1.0,1,1.0,1,1.0,1,0.13899167144203667,61
4791,1,7408,3990,3418,0,0,0,1.0,1,1.0,1,1.0,1,0.15811717757776006,60
4792,5,7413,3994,3419,0,0,0,1.0,1,1.0,1,1.0,1,0.15629712400215728,60
4793,1,7414,3995,3419,0,0,0,1.0,1,1.0,1,1.0,1,0.15170295461704256,61
4794,1,7415,3996,3419,0,0,0,1.0,1,1.0,1,1.0,1,0.18363667532978037,59
4795,2,7417,3996,3421,0,0,0,1.0,1,1.0,1,1.0,1,0.16550788961573581,61
4796,1,7418,3996,3422,0,0,0,1.0,1,1.0,1,1.0,1,0.1999563404118267,59
4797,0,7418,3996,3422,0,0,0,1.0,1,1.0,1,1.0,1,0.24074542361344087,58
4798,2,7420,3997,3423,0,0,0,1.0,1,1.0,1,1.0,1,0.21844526573451187,59
4799,4,7424,3998,3426,0,0,0,1.0,1,1.0,1,1.0,1,0.21207045441072053,57
4800,2,7426,3999,3427,0,0,0,1.0,1,1.0,1,1.0,1,0.20707269154284422,58
4801,9,7435,4002,3433,0,0,0,1.0,1,1.0,1,1.0,1,0.08760642775538341,57
4802,1,7436,4003,3433,0,0,0,1.0,1,1.0,1,1.0,1,0.10936435146445975,57
4803,1,7437,4004,3433,0,0,0,1.0,1,1.0,1,1.0,1,0.09937833373770533,56
4804,0,7437,4004,3433,0,0,0,1.0,1,1.0,1,1.0,1,0.10548674451017089,54
4805,0,7437,4004,3433,0,0,0,1.0,1,1.0,1,1.0,1,0.10475038451252094,56
4806,0,7437,4004,3433,0,0,0,1.0,1,1.0,1,1.0,1,0.10264600919106646,55
4807,1,7438,4005,3433,0,0,0,1.0,1,1.0,1,1.0,1,0.09106269782074786,54
4808,0,7438,4005,3433,0,0,0,1.0,1,1.0,1,1.0,1,0.10975085343519556,53
4809,0,7438,4005,3433,0,0,0,1.0,1,1.0,1,1.0,1,0.10975085343519556,53
4810,3,7441,4008,3433,0,0,0,1.0,1,1.0,1,1.0,1,0.10295849513527755,51
4811,2,7443,4010,3433,0,0,0,1.0,1,1.0,1,1.0,1,0.11916704632550293,52
4812,1,7444,4011,3433,0,0,0,1.0,1,1.0,1,1.0,1,0.10200453753407489,52
4813,1,7445,4012,3433,0,0,0,1.0,1,1.0,1,1.0,1,0.0919581385741232,52
4814,1,7446,4013,3433,0,0,0,1.0,1,1.0,1,1.0,1,0.11057810420779006,53
4815,5,7451,4018,3433,0,0,0,1.0,1,1.0,1,1.0,1,0.13300022945718212,54
4816,1,7452,4019,3433,0,0,0,1.0,1,1.0,1,1.0,1,0.1408497583688598,54
4817,3,7455,4021,3434,0,0,0,1.0,1,1.0,1,1.0,1,0.18638607089017953,55
4818,4,7459,4024,3435,0,0,0,1.0,1,1.0,1,1.0,1,0.18081240320786124,55
4819,2,7461,4025,3436,0,0,0,1.0,1,1.0,1,1.0,1,0.18094382743081458,55
4820,2,7463,4025,3438,0,0,0,1.0,1,1.0,1,1.0,1,0.15879478496191285,55
4821,6,7469,4026,3443,0,0,0,1.0,1,1.0,1,1.0,1,0.07389810272636417,55
4822,1,7470,4026,3444,0,0,0,1.0,1,1.0,1,1.0,1,0.06110831266640886,54
4823,1,7471,4027,3444,0,0,0,1.0,1,1.0,1,1.0,1,0.051822305071905495,54
4824,1,7472,4028,3444,0,0,0,1.0,1,1.0,1,1.0,1,0.055532274415004815,55
4825,2,7474,4029,3445,0,0,0,1.0,1,1.0,1,1.0,1,0.08918403297631898,53
4826,0,7474,4029,3445,0,0,0,1.0,1,1.0,1,1.0,1,0.08507187852903078,54
4827,2,7476,4031,3445,0,0,0,1.0,1,1.0,1,1.0,1,0.14593403860788948,53
4828,1,7477,4031,3446,0,0,0,1.0,1,1.0,1,1.0,1,0.11580506515454429,54
4829,0,7477,4031,3446,0,0,0,1.0,1,1.0,1,1.0,1,0.10957698243040867,54
4830,2,7479,4033,3446,0,0,0,1.0,1,1.0,1,1.0,1,0.07600912353475568,53
4831,1,7480,4034,3446,0,0,0,1.0,1,1.0,1,1.0,1,0.08043202824644194,52
4832,0,7480,4034,3446,0,0,0,1.0,1,1.0,1,1.0,1,0.09129325664296445,50
4833,0,7480,4034,3446,0,0,0,1.0,1,1.0,1,1.0,1,0.10534368146613408,51
4834,0,7480,4034,3446,0,0,0,1.0,1,1.0,1,1.0,1,0.11377727507932534,51
4835,0,7480,4034,3446,0,0,0,1.0,1,1.0,1,1.0,1,0.15503874723235098,50
4836,0,7480,4034,3446,0,0,0,1.0,1,1.0,1,1.0,1,0.1281858726198347,50
4837,1,7481,4035,3446,0,0,0,1.0,1,1.0,1,1.0,1,0.16010435438002055,46
4838,3,7484,4038,3446,0,0,0,1.0,1,1.0,1,1.0,1,0.17372930418453325,47
4839,2,7486,4040,3446,0,0,0,1.0,1,1.0,1,1.0,1,0.19629141457422236,45
4840,0,7486,4040,3446,0,0,0,1.0,1,1.0,1,1.0,1,0.19629141457422236,45
4841,7,7493,4041,3452,0,0,0,1.0,1,1.0,1,1.0,1,0.16146976258130347,43
4842,0,7493,4041,3452,0,0,0,1.0,1,1.0,1,1.0,1,0.13969532453340183,43
4843,1,7494,4041,3453,0,0,0,1.0,1,1.0,1,1.0,1,0.11607949670043892,44
4844,0,7494,4041,3453,0,0,0,1.0,1,1.0,1,1.0,1,0.11284648692506816,43
4845,2,7496,4043,3453,0,0,0,1.0,1,1.0,1,1.0,1,0.1146806743833486,44
4846,1,7497,4044,3453,0,0,0,1.0,1,1.0,1,1.0,1,0.08780959251025741,43
4847,2,7499,4046,3453,0,0,0,1.0,1,1.0,1,1.0,1,0.11372480437042992,42
4848,2,7501,4047,3454,0,0,0,1.0,1,1.0,1,1.0,1,0.10261976958169623,41
4849,2,7503,4049,3454,0,0,0,1.0,1,1.0,1,1.0,1,0.11372995281936729,41
4850,1,7504,4049,3455,0,0,0,1.0,1,1.0,1,1.0,1,0.13230033268029234,41
4851,0,7504,4049,3455,0,0,0,1.0,1,1.0,1,1.0,1,0.13230033268029234,41
4852,1,7505,4050,3455,0,0,0,1.0,1,1.0,1,1.0,1,0.17605697002021878,43
4853,2,7507,4050,3457,0,0,0,1.0,1,1.0,1,1.0,1,0.1772707751424186,44
4854,1,7508,4050,3458,0,0,0,1.0,1,1.0,1,1.0,1,0.17748184774776254,45
4855,1,7509,4050,3459,0,0,0,1.0,1,1.0,1,1.0,1,0.17281558154277715,44
4856,2,7511,4050,3461,0,0,0,1.0,1,1.0,1,1.0,1,0.1725778671637236,44
4857,1,7512,4050,3462,0,0,0,1.0,1,1.0,1,1.0,1,0.1710243596716368,44
4858,1,7513,4050,3463,0,0,0,1.0,1,1.0,1,1.0,1,0.1982625542083054,45
4859,3,7516,4050,3466,0,0,0,1.0,1,1.0,1,1.0,1,0.19271635050903216,46
4860,1,7517,4050,3467,0,0,0,1.0,1,1.0,1,1.0,1,0.17315887496810506,46
4861,2,7519,4050,3469,0,0,0,1.0,1,1.0,1,1.0,1,0.1263410713347074,46
4862,1,7520,4050,3470,0,0,0,1.0,1,1.0,1,1.0,1,0.12276095833946923,47
4863,2,7522,4051,3471,0,0,0,1.0,1,1.0,1,1.0,1,0.08720401432212063,47
4864,1,7523,4051,3472,0,0,0,1.0,1,1.0,1,1.0,1,0.08481910349588585,47
4865,0,7523,4051,3472,0,0,0,1.0,1,1.0,1,1.0,1,0.09911872568530282,48
4866,0,7523,4051,3472,0,0,0,1.0,1,1.0,1,1.0,1,0.08819216016689993,49
4867,0,7523,4051,3472,0,0,0,1.0,1,1.0,1,1.0,1,0.09214449416845397,50
4868,1,7524,4052,3472,0,0,0,1.0,1,1.0,1,1.0,1,0.10231981000490588,50
4869,0,7524,4052,3472,0,0,0,1.0,1,1.0,1,1.0,1,0.10231981000490588,50
4870,2,7526,4054,3472,0,0,0,1.0,1,1.0,1,1.0,1,0.12122608458842143,52
4871,1,7527,4054,3473,0,0,0,1.0,1,1.0,1,1.0,1,0.11338421772743171,52
4872,0,7527,4054,3473,0,0,0,1.0,1,1.0,1,1.0,1,0.09392280699625134,53
4873,3,7530,4056,3474,0,0,0,1.0,1,1.0,1,1.0,1,0.11792808111094119,55
4874,1,7531,4057,3474,0,0,0,1.0,1,1.0,1,1.0,1,0.14078918193154732,56
4875,2,7533,4059,3474,0,0,0,1.0,1,1.0,1,1.0,1,0.14677857893931232,55
4876,2,7535,4060,3475,0,0,0,1.0,1,1.0,1,1.0,1,0.14788180631387485,55
4877,5,7540,4063,3477,0,0,0,1.0,1,1.0,1,1.0,1,0.15777497025765047,54
4878,3,7543,4065,3478,0,0,0,1.0,1,1.0,1,1.0,1,0.16447193610023128,53
4879,3,7546,4066,3480,0,0,0,1.0,1,1.0,1,1.0,1,0.18054110868274262,54
4880,2,7548,4068,3480,0,0,0,1.0,1,1.0,1,1.0,1,0.18286210887833534,54
4881,6,7554,4069,3485,0,0,0,1.0,1,1.0,1,1.0,1,0.15773915983588313,53
4882,1,7555,4070,3485,0,0,0,1.0,1,1.0,1,1.0,1,0.16347906627028502,53
4883,0,7555,4070,3485,0,0,0,1.0,1,1.0,1,1.0,1,0.16386770241021217,53
4884,1,7556,4071,3485,0,0,0,1.0,1,1.0,1,1.0,1,0.14449635474048925,51
4885,0,7556,4071,3485,0,0,0,1.0,1,1.0,1,1.0,1,0.13560139030459936,50
4886,0,7556,4071,3485,0,0,0,1.0,1,1.0,1,1.0,1,0.13384519120253918,48
4887,0,7556,4071,3485,0,0,0,1.0,1,1.0,1,1.0,1,0.13384519120253918,48
4888,0,7556,4071,3485,0,0,0,1.0,1,1.0,1,1.0,1,0.13384519120253918,48
4889,0,7556,4071,3485,0,0,0,1.0,1,1.0,1,1.0,1,0.13384519120253918,48
4890,0,7556,4071,3485,0,0,0,1.0,1,1.0,1,1.0,1,0.13368845451194755,49
4891,1,7557,4072,3485,0,0,0,1.0,1,1.0,1,1.0,1,0.17106696419385525,50
4892,1,7558,4072,3486,0,0,0,1.0,1,1.0,1,1.0,1,0.16175747219339343,49
4893,0,7558,4072,3486,0,0,0,1.0,1,1.0,1,1.0,1,0.1632421913071152,50
4894,1,7559,4072,3487,0,0,0,1.0,1,1.0,1,1.0,1,0.14180703774335351,51
4895,0,7559,4072,3487,0,0,0,1.0,1,1.0,1,1.0,1,0.14417347831054517,52
4896,1,7560,4072,3488,0,0,0,1.0,1,1.0,1,1.0,1,0.12832540402560516,53
4897,0,7560,4072,3488,0,0,0,1.0,1,1.0,1,1.0,1,0.12832540402560516,53
4898,1,7561,4073,3488,0,0,0,1.0,1,1.0,1,1.0,1,0.11693945523250523,53
4899,3,7564,4075,3489,0,0,0,1.0,1,1.0,1,1.0,1,0.09506880752105856,55
4900,2,7566,4076,3490,0,0,0,1.0,1,1.0,1,1.0,1,0.1302567515569231,55
4901,2,7568,4077,3491,0,0,0,1.0,1,1.0,1,1.0,1,0.10999939896717359,56
4902,2,7570,4078,3492,0,0,0,1.0,1,1.0,1,1.0,1,0.1375632561214453,58
4903,2,7572,4079,3493,0,0,0,1.0,1,1.0,1,1.0,1,0.14476305476684106,58
4904,0,7572,4079,3493,0,0,0,1.0,1,1.0,1,1.0,1,0.1422255769288287,57
4905,1,7573,4080,3493,0,0,0,1.0,1,1.0,1,1.0,1,0.18818122612829916,54
4906,1,7574,4080,3494,0,0,0,1.0,1,1.0,1,1.0,1,0.1900218461816211,55
4907,1,7575,4080,3495,0,0,0,1.0,1,1.0,1,1.0,1,0.20724592204901376,52
4908,1,7576,4081,3495,0,0,0,1.0,1,1.0,1,1.0,1,0.20864190758675227,53
4909,0,7576,4081,3495,0,0,0,1.0,1,1.0,1,1.0,1,0.22390529579032445,52
4910,3,7579,4083,3496,0,0,0,1.0,1,1.0,1,1.0,1,0.23528532318364503,53
4911,1,7580,4084,3496,0,0,0,1.0,1,1.0,1,1.0,1,0.2275006538779759,55
4912,2,7582,4086,3496,0,0,0,1.0,1,1.0,1,1.0,1,0.2455541344782941,54
4913,0,7582,4086,3496,0,0,0,1.0,1,1.0,1,1.0,1,0.23459089953248993,53
4914,1,7583,4087,3496,0,0,0,1.0,1,1.0,1,1.0,1,0.21638876079958047,53
4915,1,7584,4087,3497,0,0,0,1.0,1,1.0,1,1.0,1,0.21105595897400434,54
4916,0,7584,4087,3497,0,0,0,1.0,1,1.0,1,1.0,1,0.20466462735848537,52
4917,1,7585,4088,3497,0,0,0,1.0,1,1.0,1,1.0,1,0.20683888329221042,52
4918,0,7585,4088,3497,0,0,0,1.0,1,1.0,1,1.0,1,0.20575241262265095,51
4919,1,7586,4089,3497,0,0,0,1.0,1,1.0,1,1.0,1,0.2389449076837283,50
4920,1,7587,4089,3498,0,0,0,1.0,1,1.0,1,1.0,1,0.2186489031357045,51
4921,6,7593,4089,3504,0,0,0,1.0,1,1.0,1,1.0,1,0.13032267836745004,51
4922,1,7594,4090,3504,0,0,0,1.0,1,1.0,1,1.0,1,0.18636570198584676,53
4923,0,7594,4090,3504,0,0,0,1.0,1,1.0,1,1.0,1,0.18636570198584676,53
4924,1,7595,4091,3504,0,0,0,1.0,1,1.0,1,1.0,1,0.17318250024289886,55
4925,1,7596,4092,3504,0,0,0,1.0,1,1.0,1,1.0,1,0.1559465221103834,56
4926,0,7596,4092,3504,0,0,0,1.0,1,1.0,1,1.0,1,0.14217386226554535,55
4927,3,7599,4094,3505,0,0,0,1.0,1,1.0,1,1.0,1,0.14641671792997712,55
4928,0,7599,4094,3505,0,0,0,1.0,1,1.0,1,1.0,1,0.14641671792997712,55
4929,2,7601,4094,3507,0,0,0,1.0,1,1.0,1,1.0,1,0.13155763279107263,56
4930,0,7601,4094,3507,0,0,0,1.0,1,1.0,1,1.0,1,0.1443144994927845,58
4931,0,7601,4094,3507,0,0,0,1.0,1,1.0,1,1.0,1,0.13861940811694437,59
4932,0,7601,4094,3507,0,0,0,1.0,1,1.0,1,1.0,1,0.15146726327150412,60
4933,1,7602,4095,3507,0,0,0,1.0,1,1.0,1,1.0,1,0.17169532385734657,60
4934,3,7605,4096,3509,0,0,0,1.0,1,1.0,1,1.0,1,0.16903713267488948,60
4935,0,7605,4096,3509,0,0,0,1.0,1,1.0,1,1.0,1,0.16903713267488948,60
4936,3,7608,4099,3509,0,0,0,1.0,1,1.0,1,1.0,1,0.17655025049783724,61
4937,4,7612,4100,3512,0,0,0,1.0,1,1.0,1,1.0,1,0.18642673920480757,62
4938,1,7613,4100,3513,0,0,0,1.0,1,1.0,1,1.0,1,0.1650252249123403,62
4939,2,7615,4102,3513,0,0,0,1.0,1,1.0,1,1.0,1,0.16916050081131442,64
4940,0,7615,4102,3513,0,0,0,1.0,1,1.0,1,1.0,1,0.17586323000977017,67
4941,4,7619,4102,3517,0,0,0,1.0,1,1.0,1,1.0,1,0.15778619869956403,66
4942,2,7621,4102,3519,0,0,0,1.0,1,1.0,1,1.0,1,0.13864765072107205,67
4943,1,7622,4103,3519,0,0,0,1.0,1,1.0,1,1.0,1,0.1492361924138175,65
4944,0,7622,4103,3519,0,0,0,1.0,1,1.0,1,1.0,1,0.1492361924138175,65
4945,0,7622,4103,3519,0,0,0,1.0,1,1.0,1,1.0,1,0.17343666831019233,62
4946,0,7622,4103,3519,0,0,0,1.0,1,1.0,1,1.0,1,0.18061087787430846,61
4947,2,7624,4105,3519,0,0,0,1.0,1,1.0,1,1.0,1,0.18812422330598932,59
4948,1,7625,4106,3519,0,0,0,1.0,1,1.0,1,1.0,1,0.21327374717523434,59
4949,2,7627,4108,3519,0,0,0,1.0,1,1.0,1,1.0,1,0.20318183043276294,57
4950,5,7632,4113,3519,0,0,0,1.0,1,1.0,1,1.0,1,0.22117309532620177,58
4951,5,7637,4118,3519,0,0,0,1.0,1,1.0,1,1.0,1,0.23158254916682264,55
4952,2,7639,4120,3519,0,0,0,1.0,1,1.0,1,1.0,1,0.23096662113455918,53
4953,3,7642,4122,3520,0,0,0,1.0,1,1.0,1,1.0,1,0.25371270829363113,54
4954,0,7642,4122,3520,0,0,0,1.0,1,1.0,1,1.0,1,0.2356767921902433,52
4955,0,7642,4122,3520,0,0,0,1.0,1,1.0,1,1.0,1,0.2517159639042916,51
4956,0,7642,4122,3520,0,0,0,1.0,1,1.0,1,1.0,1,0.27510600335360463,47
4957,1,7643,4122,3521,0,0,0,1.0,1,1.0,1,1.0,1,0.26161141688104017,48
4958,0,7643,4122,3521,0,0,0,1.0,1,1.0,1,1.0,1,0.2466694573319373,47
4959,0,7643,4122,3521,0,0,0,1.0,1,1.0,1,1.0,1,0.2466694573319373,47
4960,0,7643,4122,3521,0,0,0,1.0,1,1.0,1,1.0,1,0.2577672934222371,48
4961,6,7649,4122,3527,0,0,0,1.0,1,1.0,1,1.0,1,0.13958522769376377,49
4962,1,7650,4123,3527,0,0,0,1.0,1,1.0,1,1.0,1,0.15244050275070078,49
4963,2,7652,4124,3528,0,0,0,1.0,1,1.0,1,1.0,1,0.14430733491940906,51
4964,2,7654,4125,3529,0,0,0,1.0,1,1.0,1,1.0,1,0.15013251346341633,51
4965,3,7657,4127,3530,0,0,0,1.0,1,1.0,1,1.0,1,0.1564807190930017,51
4966,0,7657,4127,3530,0,0,0,1.0,1,1.0,1,1.0,1,0.1564807190930017,51
4967,3,7660,4129,3531,0,0,0,1.0,1,1.0,1,1.0,1,0.1869945462307616,51
4968,3,7663,4130,3533,0,0,0,1.0,1,1.0,1,1.0,1,0.14907400348916433,52
4969,0,7663,4130,3533,0,0,0,1.0,1,1.0,1,1.0,1,0.1576061599687387,53
4970,4,7667,4133,3534,0,0,0,1.0,1,1.0,1,1.0,1,0.1451116164384937,54
4971,1,7668,4133,3535,0,0,0,1.0,1,1.0,1,1.0,1,0.13940912860269114,55
4972,2,7670,4135,3535,0,0,0,1.0,1,1.0,1,1.0,1,0.14188956681898263,56
4973,3,7673,4135,3538,0,0,0,1.0,1,1.0,1,1.0,1,0.11723853712052275,57
4974,1,7674,4135,3539,0,0,0,1.0,1,1.0,1,1.0,1,0.13512197250465713,56
4975,2,7676,4137,3539,0,0,0,1.0,1,1.0,1,1.0,1,0.1426104216324174,57
4976,1,7677,4138,3539,0,0,0,1.0,1,1.0,1,1.0,1,0.1338888708386806,57
4977,1,7678,4139,3539,0,0,0,1.0,1,1.0,1,1.0,1,0.12781132360902228,57
4978,2,7680,4141,3539,0,0,0,1.0,1,1.0,1,1.0,1,0.09950861430898254,58
4979,2,7682,4142,3540,0,0,0,1.0,1,1.0,1,1.0,1,0.09727092398643274,58
4980,1,7683,4143,3540,0,0,0,1.0,1,1.0,1,1.0,1,0.11579008108554312,59
4981,4,7687,4144,3543,0,0,0,1.0,1,1.0,1,1.0,1,0.10092043488228117,60
4982,1,7688,4144,3544,0,0,0,1.0,1,1.0,1,1.0,1,0.07937434126561338,61
4983,1,7689,4145,3544,0,0,0,1.0,1,1.0,1,1.0,1,0.05916038272402598,61
4984,0,7689,4145,3544,0,0,0,1.0,1,1.0,1,1.0,1,0.08351386064568292,59
4985,0,7689,4145,3544,0,0,0,1.0,1,1.0,1,1.0,1,0.11642263557712935,58
4986,0,7689,4145,3544,0,0,0,1.0,1,1.0,1,1.0,1,0.09992987356802271,59
4987,3,7692,4147,3545,0,0,0,1.0,1,1.0,1,1.0,1,0.12668353904943594,58
4988,0,7692,4147,3545,0,0,0,1.0,1,1.0,1,1.0,1,0.13310472676950086,57
4989,4,7696,4151,3545,0,0,0,1.0,1,1.0,1,1.0,1,0.17695255522470643,54
4990,1,7697,4152,3545,0,0,0,1.0,1,1.0,1,1.0,1,0.17425845669841003,53
4991,3,7700,4155,3545,0,0,0,1.0,1,1.0,1,1.0,1,0.2080723114845203,52
4992,3,7703,4158,3545,0,0,0,1.0,1,1.0,1,1.0,1,0.21145066710165283,48
4993,1,7704,4158,3546,0,0,0,1.0,1,1.0,1,1.0,1,0.1994378085981393,48
4994,1,7705,4159,3546,0,0,0,1.0,1,1.0,1,1.0,1,0.194416900369158,45
4995,3,7708,4162,3546,0,0,0,1.0,1,1.0,1,1.0,1,0.23178194702665342,45
4996,1,7709,4163,3546,0,0,0,1.0,1,1.0,1,1.0,1,0.16642423489092742,45
4997,1,7710,4164,3546,0,0,0,1.0,1,1.0,1,1.0,1,0.1957055391582061,42
4998,1,7711,4165,3546,0,0,0,1.0,1,1.0,1,1.0,1,0.2038465670481559,44
4999,1,7712,4166,3546,0,0,0,1.0,1,1.0,1,1.0,1,0.23922204870693267,44
5000,1,7713,4167,3546,0,0,0,1.0,1,1.0,1,1.0,1,0.2924593995719359,42
5001,7,7720,4167,3553,0,0,0,1.0,1,1.0,1,1.0,1,0.20004457613189824,42
5002,1,7721,4168,3553,0,0,0,1.0,1,1.0,1,1.0,1,0.20444849449392594,41
5003,2,7723,4169,3554,0,0,0,1.0,1,1.0,1,1.0,1,0.2594092040156915,41
5004,2,7725,4169,3556,0,0,0,1.0,1,1.0,1,1.0,1,0.26874726721212505,41
5005,2,7727,4169,3558,0,0,0,1.0,1,1.0,1,1.0,1,0.26874726721212505,41
5006,2,7729,4169,3560,0,0,0,1.0,1,1.0,1,1.0,1,0.2542151466089761,42
5007,2,7731,4169,3562,0,0,0,1.0,1,1.0,1,1.0,1,0.2688734389555784,43
5008,4,7735,4169,3566,0,0,0,1.0,1,1.0,1,1.0,1,0.24612765953570265,46
5009,2,7737,4169,3568,0,0,0,1.0,1,1.0,1,1.0,1,0.22500341354549352,46
5010,5,7742,4169,3573,0,0,0,1.0,1,1.0,1,1.0,1,0.22442572864382138,46
5011,4,7746,4169,3577,0,0,0,1.0,1,1.0,1,1.0,1,0.21171341168629562,47
5012,6,7752,4169,3583,0,0,0,1.0,1,1.0,1,1.0,1,0.20293969639207715,48
5013,7,7759,4169,3590,0,0,0,1.0,1,1.0,1,1.0,1,0.20977972385666507,48
5014,8,7767,4169,3598,0,0,0,1.0,1,1.0,1,1.0,1,0.20216007362580263,49
5015,7,7774,4169,3605,0,0,0,1.0,1,1.0,1,1.0,1,0.2005247789474088,50
5016,5,7779,4170,3609,0,0,0,1.0,1,1.0,1,1.0,1,0.2016456641175804,51
5017,7,7786,4170,3616,0,0,0,1.0,1,1.0,1,1.0,1,0.17090529464621004,51
5018,2,7788,4170,3618,0,0,0,1.0,1,1.0,1,1.0,1,0.15446930552653496,51
5019,0,7788,4170,3618,0,0,0,1.0,1,1.0,1,1.0,1,0.17268899548490124,51
5020,1,7789,4171,3618,0,0,0,1.0,1,1.0,1,1.0,1,0.16539576935759018,51
5021,2,7791,4171,3620,0,0,0,1.0,1,1.0,1,1.0,1,0.1613904388754335,52
5022,1,7792,4172,3620,0,0,0,1.0,1,1.0,1,1.0,1,0.15492832899203954,52
5023,1,7793,4173,3620,0,0,0,1.0,1,1.0,1,1.0,1,0.15897244835715033,52
5024,0,7793,4173,3620,0,0,0,1.0,1,1.0,1,1.0,1,0.14557516433039178,51
5025,0,7793,4173,3620,0,0,0,1.0,1,1.0,1,1.0,1,0.15528193031616466,50
5026,2,7795,4174,3621,0,0,0,1.0,1,1.0,1,1.0,1,0.2017672014903682,49
5027,1,7796,4175,3621,0,0,0,1.0,1,1.0,1,1.0,1,0.21245349906635283,47
5028,1,7797,4176,3621,0,0,0,1.0,1,1.0,1,1.0,1,0.23853439619143477,47
5029,2,7799,4177,3622,0,0,0,1.0,1,1.0,1,1.0,1,0.1971628521490997,46
5030,1,7800,4178,3622,0,0,0,1.0,1,1.0,1,1.0,1,0.186313294519352,48
5031,1,7801,4179,3622,0,0,0,1.0,1,1.0,1,1.0,1,0.16820861883664381,46
5032,0,7801,4179,3622,0,0,0,1.0,1,1.0,1,1.0,1,0.16820861883664381,46
5033,1,7802,4180,3622,0,0,0,1.0,1,1.0,1,1.0,1,0.19601487883735147,47
5034,0,7802,4180,3622,0,0,0,1.0,1,1.0,1,1.0,1,0.1736446832574677,48
5035,0,7802,4180,3622,0,0,0,1.0,1,1.0,1,1.0,1,0.17222388378713985,47
5036,0,7802,4180,3622,0,0,0,1.0,1,1.0,1,1.0,1,0.17222388378713985,47
5037,0,7802,4180,3622,0,0,0,1.0,1,1.0,1,1.0,1,0.18421971269685664,47
5038,0,7802,4180,3622,0,0,0,1.0,1,1.0,1,1.0,1,0.19471923709544042,48
5039,1,7803,4181,3622,0,0,0,1.0,1,1.0,1,1.0,1,0.23208061068631364,47
5040,0,7803,4181,3622,0,0,0,1.0,1,1.0,1,1.0,1,0.22449577373398197,48
5041,2,7805,4181,3624,0,0,0,1.0,1,1.0,1,1.0,1,0.19648765035535853,49
5042,0,7805,4181,3624,0,0,0,1.0,1,1.0,1,1.0,1,0.18467083338504858,50
5043,1,7806,4181,3625,0,0,0,1.0,1,1.0,1,1.0,1,0.14983525898238387,51
5044,0,7806,4181,3625,0,0,0,1.0,1,1.0,1,1.0,1,0.14983525898238387,51
5045,2,7808,4182,3626,0,0,0,1.0,1,1.0,1,1.0,1,0.16210971314363043,51
5046,2,7810,4183,3627,0,0,0,1.0,1,1.0,1,1.0,1,0.1579910542007685,52
5047,0,7810,4183,3627,0,0,0,1.0,1,1.0,1,1.0,1,0.15510296869243448,52
5048,1,7811,4183,3628,0,0,0,1.0,1,1.0,1,1.0,1,0.146949885959906,52
5049,1,7812,4183,3629,0,0,0,1.0,1,1.0,1,1.0,1,0.1667711265299162,52
5050,1,7813,4183,3630,0,0,0,1.0,1,1.0,1,1.0,1,0.14536833088424683,55
5051,0,7813,4183,3630,0,0,0,1.0,1,1.0,1,1.0,1,0.17341448475893173,55
5052,0,7813,4183,3630,0,0,0,1.0,1,1.0,1,1.0,1,0.17341448475893173,55
5053,1,7814,4183,3631,0,0,0,1.0,1,1.0,1,1.0,1,0.16968876964493507,54
5054,2,7816,4184,3632,0,0,0,1.0,1,1.0,1,1.0,1,0.1664760496092483,54
5055,1,7817,4184,3633,0,0,0,1.0,1,1.0,1,1.0,1,0.158770669659961,54
5056,3,7820,4184,3636,0,0,0,1.0,1,1.0,1,1.0,1,0.1311317100968099,55
5057,2,7822,4184,3638,0,0,0,1.0,1,1.0,1,1.0,1,0.1387440179612086,56
5058,5,7827,4186,3641,0,0,0,1.0,1,1.0,1,1.0,1,0.09369976465260212,58
5059,1,7828,4186,3642,0,0,0,1.0,1,1.0,1,1.0,1,0.1049775057263896,58
5060,5,7833,4188,3645,0,0,0,1.0,1,1.0,1,1.0,1,0.11127904783543983,59
5061,5,7838,4188,3650,0,0,0,1.0,1,1.0,1,1.0,1,0.02714984367698001,58
5062,0,7838,4188,3650,0,0,0,1.0,1,1.0,1,1.0,1,0.02714984367698001,58
5063,3,7841,4191,3650,0,0,0,1.0,1,1.0,1,1.0,1,0.07391022688120674,57
5064,1,7842,4191,3651,0,0,0,1.0,1,1.0,1,1.0,1,0.09695008985482637,57
5065,1,7843,4192,3651,0,0,0,1.0,1,1.0,1,1.0,1,0.13343892822018896,56
5066,2,7845,4194,3651,0,0,0,1.0,1,1.0,1,1.0,1,0.18874182811508242,55
5067,0,7845,4194,3651,0,0,0,1.0,1,1.0,1,1.0,1,0.17657468202058632,54
5068,2,7847,4195,3652,0,0,0,1.0,1,1.0,1,1.0,1,0.1896973669790251,54
5069,3,7850,4196,3654,0,0,0,1.0,1,1.0,1,1.0,1,0.2110036366023821,53
5070,5,7855,4199,3656,0,0,0,1.0,1,1.0,1,1.0,1,0.20488508155479246,53
5071,4,7859,4199,3660,0,0,0,1.0,1,1.0,1,1.0,1,0.18224701570549828,53
5072,0,7859,4199,3660,0,0,0,1.0,1,1.0,1,1.0,1,0.16143633394396487,53
5073,0,7859,4199,3660,0,0,0,1.0,1,1.0,1,1.0,1,0.16143633394396487,53
5074,0,7859,4199,3660,0,0,0,1.0,1,1.0,1,1.0,1,0.1338768791677596,52
5075,0,7859,4199,3660,0,0,0,1.0,1,1.0,1,1.0,1,0.1338768791677596,52
5076,2,7861,4200,3661,0,0,0,1.0,1,1.0,1,1.0,1,0.11429920219412655,55
5077,1,7862,4201,3661,0,0,0,1.0,1,1.0,1,1.0,1,0.16373242366818225,55
5078,0,7862,4201,3661,0,0,0,1.0,1,1.0,1,1.0,1,0.16373242366818225,55
5079,0,7862,4201,3661,0,0,0,1.0,1,1.0,1,1.0,1,0.17872101467396717,54
5080,1,7863,4202,3661,0,0,0,1.0,1,1.0,1,1.0,1,0.19175171834803395,55
5081,4,7867,4202,3665,0,0,0,1.0,1,1.0,1,1.0,1,0.15638665080712594,57
5082,0,7867,4202,3665,0,0,0,1.0,1,1.0,1,1.0,1,0.15638665080712594,57
5083,2,7869,4202,3667,0,0,0,1.0,1,1.0,1,1.0,1,0.1318294126927564,58
5084,1,7870,4202,3668,0,0,0,1.0,1,1.0,1,1.0,1,0.12244450266050723,58
5085,0,7870,4202,3668,0,0,0,1.0,1,1.0,1,1.0,1,0.11694261952844807,59
5086,3,7873,4204,3669,0,0,0,1.0,1,1.0,1,1.0,1,0.11146997502959612,60
5087,1,7874,4205,3669,0,0,0,1.0,1,1.0,1,1.0,1,0.12778764602469447,61
5088,2,7876,4207,3669,0,0,0,1.0,1,1.0,1,1.0,1,0.16854849562693183,62
5089,4,7880,4210,3670,0,0,0,1.0,1,1.0,1,1.0,1,0.17302422141196228,63
5090,1,7881,4210,3671,0,0,0,1.0,1,1.0,1,1.0,1,0.16200342324253725,63
5091,3,7884,4213,3671,0,0,0,1.0,1,1.0,1,1.0,1,0.200237243964327,63
5092,1,7885,4213,3672,0,0,0,1.0,1,1.0,1,1.0,1,0.1923548810265613,63
5093,0,7885,4213,3672,0,0,0,1.0,1,1.0,1,1.0,1,0.1923548810265613,63
5094,1,7886,4214,3672,0,0,0,1.0,1,1.0,1,1.0,1,0.19896096363088855,64
5095,2,7888,4214,3674,0,0,0,1.0,1,1.0,1,1.0,1,0.1786985107284105,64
5096,0,7888,4214,3674,0,0,0,1.0,1,1.0,1,1.0,1,0.16819605740406993,67
5097,4,7892,4215,3677,0,0,0,1.0,1,1.0,1,1.0,1,0.16968146811741439,67
5098,1,7893,4216,3677,0,0,0,1.0,1,1.0,1,1.0,1,0.15133801481255016,68
5099,1,7894,4217,3677,0,0,0,1.0,1,1.0,1,1.0,1,0.16109580580557212,70
5100,1,7895,4218,3677,0,0,0,1.0,1,1.0,1,1.0,1,0.12885281732837287,71
5101,6,7901,4221,3680,0,0,0,1.0,1,1.0,1,1.0,1,0.09018511279352412,71
5102,1,7902,4222,3680,0,0,0,1.0,1,1.0,1,1.0,1,0.10013044465530357,70
5103,1,7903,4223,3680,0,0,0,1.0,1,1.0,1,1.0,1,0.10962166794323355,67
5104,1,7904,4224,3680,0,0,0,1.0,1,1.0,1,1.0,1,0.10681673003342441,67
5105,3,7907,4227,3680,0,0,0,1.0,1,1.0,1,1.0,1,0.1300266956943792,63
5106,2,7909,4229,3680,0,0,0,1.0,1,1.0,1,1.0,1,0.1578341773764953,63
5107,3,7912,4232,3680,0,0,0,1.0,1,1.0,1,1.0,1,0.1933291310134291,60
5108,3,7915,4235,3680,0,0,0,1.0,1,1.0,1,1.0,1,0.2267114950737904,56
5109,1,7916,4236,3680,0,0,0,1.0,1,1.0,1,1.0,1,0.24160861987041407,56
5110,3,7919,4239,3680,0,0,0,1.0,1,1.0,1,1.0,1,0.2622765989271182,52
5111,4,7923,4243,3680,0,0,0,1.0,1,1.0,1,1.0,1,0.28989218395325045,51
5112,1,7924,4244,3680,0,0,0,1.0,1,1.0,1,1.0,1,0.2975684133241848,50
5113,2,7926,4246,3680,0,0,0,1.0,1,1.0,1,1.0,1,0.3289065856599715,48
5114,1,7927,4247,3680,0,0,0,1.0,1,1.0,1,1.0,1,0.326703608286244,46
5115,0,7927,4247,3680,0,0,0,1.0,1,1.0,1,1.0,1,0.31102893001988713,44
5116,0,7927,4247,3680,0,0,0,1.0,1,1.0,1,1.0,1,0.3130123116531185,44
5117,0,7927,4247,3680,0,0,0,1.0,1,1.0,1,1.0,1,0.303540254775383,46
5118,0,7927,4247,3680,0,0,0,1.0,1,1.0,1,1.0,1,0.303540254775383,46
5119,2,7929,4249,3680,0,0,0,1.0,1,1.0,1,1.0,1,0.3079647795888972,46
5120,1,7930,4250,3680,0,0,0,1.0,1,1.0,1,1.0,1,0.3292476910824317,46
5121,8,7938,4251,3687,0,0,0,1.0,1,1.0,1,1.0,1,0.23729894555534942,46
5122,5,7943,4255,3688,0,0,0,1.0,1,1.0,1,1.0,1,0.20065745426411277,46
5123,0,7943,4255,3688,0,0,0,1.0,1,1.0,1,1.0,1,0.21601740892128812,45
5124,3,7946,4258,3688,0,0,0,1.0,1,1.0,1,1.0,1,0.21457204763158716,47
5125,1,7947,4258,3689,0,0,0,1.0,1,1.0,1,1.0,1,0.21190994541843475,50
5126,2,7949,4259,3690,0,0,0,1.0,1,1.0,1,1.0,1,0.19591415296646533,50
5127,2,7951,4260,3691,0,0,0,1.0,1,1.0,1,1.0,1,0.18182942418491194,52
5128,3,7954,4262,3692,0,0,0,1.0,1,1.0,1,1.0,1,0.13768601052940002,53
5129,0,7954,4262,3692,0,0,0,1.0,1,1.0,1,1.0,1,0.13939401649006522,55
5130,0,7954,4262,3692,0,0,0,1.0,1,1.0,1,1.0,1,0.13939401649006522,55
5131,0,7954,4262,3692,0,0,0,1.0,1,1.0,1,1.0,1,0.15799747862031427,54
5132,5,7959,4262,3697,0,0,0,1.0,1,1.0,1,1.0,1,0.1558176479926064,54
5133,4,7963,4262,3701,0,0,0,1.0,1,1.0,1,1.0,1,0.1558176479926064,54
5134,0,7963,4262,3701,0,0,0,1.0,1,1.0,1,1.0,1,0.17100718826794598,53
5135,0,7963,4262,3701,0,0,0,1.0,1,1.0,1,1.0,1,0.18099219484288762,54
5136,1,7964,4263,3701,0,0,0,1.0,1,1.0,1,1.0,1,0.2042344338335452,54
5137,0,7964,4263,3701,0,0,0,1.0,1,1.0,1,1.0,1,0.2042344338335452,54
5138,2,7966,4265,3701,0,0,0,1.0,1,1.0,1,1.0,1,0.22132032062784554,54
5139,1,7967,4266,3701,0,0,0,1.0,1,1.0,1,1.0,1,0.20233989063778446,55
5140,5,7972,4269,3703,0,0,0,1.0,1,1.0,1,1.0,1,0.226622391710045,55
5141,6,7978,4270,3708,0,0,0,1.0,1,1.0,1,1.0,1,0.1629497554443627,53
5142,2,7980,4270,3710,0,0,0,1.0,1,1.0,1,1.0,1,0.12807971119598366,54
5143,2,7982,4272,3710,0,0,0,1.0,1,1.0,1,1.0,1,0.17169160731709476,52
5144,0,7982,4272,3710,0,0,0,1.0,1,1.0,1,1.0,1,0.14570800385926416,50
5145,0,7982,4272,3710,0,0,0,1.0,1,1.0,1,1.0,1,0.1574711517047342,49
5146,0,7982,4272,3710,0,0,0,1.0,1,1.0,1,1.0,1,0.159513271184007,49
5147,0,7982,4272,3710,0,0,0,1.0,1,1.0,1,1.0,1,0.18488871563369758,46
5148,1,7983,4273,3710,0,0,0,1.0,1,1.0,1,1.0,1,0.13994141374932334,46
5149,0,7983,4273,3710,0,0,0,1.0,1,1.0,1,1.0,1,0.16307467432528028,45
5150,3,7986,4276,3710,0,0,0,1.0,1,1.0,1,1.0,1,0.1546201489111614,47
5151,2,7988,4278,3710,0,0,0,1.0,1,1.0,1,1.0,1,0.1898250944254096,46
5152,2,7990,4280,3710,0,0,0,1.0,1,1.0,1,1.0,1,0.2356892865837044,46
5153,1,7991,4281,3710,0,0,0,1.0,1,1.0,1,1.0,1,0.23213755568441488,45
5154,1,7992,4282,3710,0,0,0,1.0,1,1.0,1,1.0,1,0.260444238013528,47
5155,2,7994,4283,3711,0,0,0,1.0,1,1.0,1,1.0,1,0.2897145458940268,47
5156,0,7994,4283,3711,0,0,0,1.0,1,1.0,1,1.0,1,0.2897145458940268,47
5157,0,7994,4283,3711,0,0,0,1.0,1,1.0,1,1.0,1,0.30402036316635067,46
5158,0,7994,4283,3711,0,0,0,1.0,1,1.0,1,1.0,1,0.2963855510149109,47
5159,2,7996,4283,3713,0,0,0,1.0,1,1.0,1,1.0,1,0.2694944875473874,49
5160,0,7996,4283,3713,0,0,0,1.0,1,1.0,1,1.0,1,0.27934977007242223,48
5161,7,8003,4283,3720,0,0,0,1.0,1,1.0,1,1.0,1,0.2048542594003075,48
5162,2,8005,4283,3722,0,0,0,1.0,1,1.0,1,1.0,1,0.17243891005364154,49
5163,2,8007,4283,3724,0,0,0,1.0,1,1.0,1,1.0,1,0.15432375756600322,51
5164,1,8008,4283,3725,0,0,0,1.0,1,1.0,1,1.0,1,0.16483593463593865,51
5165,1,8009,4283,3726,0,0,0,1.0,1,1.0,1,1.0,1,0.17270276894117517,52
5166,1,8010,4284,3726,0,0,0,1.0,1,1.0,1,1.0,1,0.1779998978609162,52
5167,1,8011,4285,3726,0,0,0,1.0,1,1.0,1,1.0,1,0.18957861765950068,52
5168,0,8011,4285,3726,0,0,0,1.0,1,1.0,1,1.0,1,0.18957861765950068,52
5169,2,8013,4286,3727,0,0,0,1.0,1,1.0,1,1.0,1,0.1816144631779986,53
5170,0,8013,4286,3727,0,0,0,1.0,1,1.0,1,1.0,1,0.1816144631779986,53
5171,0,8013,4286,3727,0,0,0,1.0,1,1.0,1,1.0,1,0.18033599839969677,52
5172,1,8014,4287,3727,0,0,0,1.0,1,1.0,1,1.0,1,0.16847443115673819,53
5173,1,8015,4287,3728,0,0,0,1.0,1,1.0,1,1.0,1,0.16948540830590236,54
5174,2,8017,4287,3730,0,0,0,1.0,1,1.0,1,1.0,1,0.1544624907749374,56
5175,3,8020,4288,3732,0,0,0,1.0,1,1.0,1,1.0,1,0.11872700143681446,58
5176,1,8021,4289,3732,0,0,0,1.0,1,1.0,1,1.0,1,0.1378705042665887,58
5177,1,8022,4289,3733,0,0,0,1.0,1,1.0,1,1.0,1,0.14437080585366133,59
5178,7,8029,4291,3738,0,0,0,1.0,1,1.0,1,1.0,1,0.1498046984038651,57
5179,0,8029,4291,3738,0,0,0,1.0,1,1.0,1,1.0,1,0.16016551920784416,58
5180,3,8032,4292,3740,0,0,0,1.0,1,1.0,1,1.0,1,0.13351096035827933,56
5181,6,8038,4294,3744,0,0,0,1.0,1,1.0,1,1.0,1,0.13035008455799502,57
5182,0,8038,4294,3744,0,0,0,1.0,1,1.0,1,1.0,1,0.12220585044817332,56
5183,3,8041,4296,3745,0,0,0,1.0,1,1.0,1,1.0,1,0.16934599465247502,57
5184,1,8042,4296,3746,0,0,0,1.0,1,1.0,1,1.0,1,0.1667769553204581,56
5185,0,8042,4296,3746,0,0,0,1.0,1,1.0,1,1.0,1,0.1858100515717692,56
5186,1,8043,4297,3746,0,0,0,1.0,1,1.0,1,1.0,1,0.19697422328412098,54
5187,0,8043,4297,3746,0,0,0,1.0,1,1.0,1,1.0,1,0.19071136366432115,51
5188,0,8043,4297,3746,0,0,0,1.0,1,1.0,1,1.0,1,0.17686461308406076,50
5189,0,8043,4297,3746,0,0,0,1.0,1,1.0,1,1.0,1,0.19799289934610695,49
5190,3,8046,4300,3746,0,0,0,1.0,1,1.0,1,1.0,1,0.17120396207359515,50
5191,0,8046,4300,3746,0,0,0,1.0,1,1.0,1,1.0,1,0.17120396207359515,50
5192,2,8048,4302,3746,0,0,0,1.0,1,1.0,1,1.0,1,0.18606495956184396,49
5193,0,8048,4302,3746,0,0,0,1.0,1,1.0,1,1.0,1,0.20027515461364373,50
5194,2,8050,4303,3747,0,0,0,1.0,1,1.0,1,1.0,1,0.21604861746268705,51
5195,1,8051,4304,3747,0,0,0,1.0,1,1.0,1,1.0,1,0.2285143686714352,51
5196,0,8051,4304,3747,0,0,0,1.0,1,1.0,1,1.0,1,0.2285143686714352,51
5197,0,8051,4304,3747,0,0,0,1.0,1,1.0,1,1.0,1,0.2285143686714352,51
5198,0,8051,4304,3747,0,0,0,1.0,1,1.0,1,1.0,1,0.2285143686714352,51
5199,1,8052,4304,3748,0,0,0,1.0,1,1.0,1,1.0,1,0.1788592513256282,54
5200,1,8053,4305,3748,0,0,0,1.0,1,1.0,1,1.0,1,0.18883442646018572,54
5201,7,8060,4307,3753,0,0,0,1.0,1,1.0,1,1.0,1,0.1383999233556688,55
5202,0,8060,4307,3753,0,0,0,1.0,1,1.0,1,1.0,1,0.14608588921234406,56
5203,1,8061,4308,3753,0,0,0,1.0,1,1.0,1,1.0,1,0.1546659051449628,56
5204,1,8062,4308,3754,0,0,0,1.0,1,1.0,1,1.0,1,0.1387105779056727,58
5205,1,8063,4308,3755,0,0,0,1.0,1,1.0,1,1.0,1,0.12458587845280054,58
5206,2,8065,4309,3756,0,0,0,1.0,1,1.0,1,1.0,1,0.12238881954576229,58
5207,0,8065,4309,3756,0,0,0,1.0,1,1.0,1,1.0,1,0.13051665603152762,59
5208,1,8066,4310,3756,0,0,0,1.0,1,1.0,1,1.0,1,0.15032409631841148,58
5209,0,8066,4310,3756,0,0,0,1.0,1,1.0,1,1.0,1,0.15032409631841148,58
5210,0,8066,4310,3756,0,0,0,1.0,1,1.0,1,1.0,1,0.1486379570176249,57
5211,0,8066,4310,3756,0,0,0,1.0,1,1.0,1,1.0,1,0.1486379570176249,57
5212,2,8068,4310,3758,0,0,0,1.0,1,1.0,1,1.0,1,0.12358268653701698,59
5213,3,8071,4312,3759,0,0,0,1.0,1,1.0,1,1.0,1,0.15838521655838722,59
5214,2,8073,4313,3760,0,0,0,1.0,1,1.0,1,1.0,1,0.20773733095644517,59
5215,2,8075,4314,3761,0,0,0,1.0,1,1.0,1,1.0,1,0.23957296949847673,58
5216,2,8077,4315,3762,0,0,0,1.0,1,1.0,1,1.0,1,0.23163846125914028,59
5217,4,8081,4319,3762,0,0,0,1.0,1,1.0,1,1.0,1,0.19950312287391547,58
5218,2,8083,4321,3762,0,0,0,1.0,1,1.0,1,1.0,1,0.22648910940956368,58
5219,1,8084,4322,3762,0,0,0,1.0,1,1.0,1,1.0,1,0.22569541841063306,57
5220,0,8084,4322,3762,0,0,0,1.0,1,1.0,1,1.0,1,0.20847596124837733,56
5221,6,8090,4323,3767,0,0,0,1.0,1,1.0,1,1.0,1,0.1649249385201861,58
5222,1,8091,4323,3768,0,0,0,1.0,1,1.0,1,1.0,1,0.13462523472047017,56
5223,2,8093,4325,3768,0,0,0,1.0,1,1.0,1,1.0,1,0.1973693758836022,55
5224,1,8094,4325,3769,0,0,0,1.0,1,1.0,1,1.0,1,0.19248778793444554,56
5225,1,8095,4326,3769,0,0,0,1.0,1,1.0,1,1.0,1,0.2316783733881882,55
5226,1,8096,4327,3769,0,0,0,1.0,1,1.0,1,1.0,1,0.2198671657609418,55
5227,0,8096,4327,3769,0,0,0,1.0,1,1.0,1,1.0,1,0.21546644464525314,53
5228,0,8096,4327,3769,0,0,0,1.0,1,1.0,1,1.0,1,0.21026280565940084,51
5229,0,8096,4327,3769,0,0,0,1.0,1,1.0,1,1.0,1,0.18912274025510614,51
5230,0,8096,4327,3769,0,0,0,1.0,1,1.0,1,1.0,1,0.19090111404345225,51
5231,2,8098,4329,3769,0,0,0,1.0,1,1.0,1,1.0,1,0.2118757651829715,52
5232,2,8100,4331,3769,0,0,0,1.0,1,1.0,1,1.0,1,0.24292671922976544,52
5233,1,8101,4332,3769,0,0,0,1.0,1,1.0,1,1.0,1,0.2454450308574573,53
5234,1,8102,4333,3769,0,0,0,1.0,1,1.0,1,1.0,1,0.27167299767886993,53
5235,1,8103,4334,3769,0,0,0,1.0,1,1.0,1,1.0,1,0.26445656228536546,53
5236,1,8104,4334,3770,0,0,0,1.0,1,1.0,1,1.0,1,0.2609615791829809,52
5237,1,8105,4335,3770,0,0,0,1.0,1,1.0,1,1.0,1,0.27105914620534793,52
5238,0,8105,4335,3770,0,0,0,1.0,1,1.0,1,1.0,1,0.27105914620534793,52
5239,0,8105,4335,3770,0,0,0,1.0,1,1.0,1,1.0,1,0.2870982291171558,51
5240,0,8105,4335,3770,0,0,0,1.0,1,1.0,1,1.0,1,0.29368500363609734,53
5241,8,8113,4336,3777,0,0,0,1.0,1,1.0,1,1.0,1,0.22931762857882684,53
5242,4,8117,4338,3779,0,0,0,1.0,1,1.0,1,1.0,1,0.199191782042983,51
5243,2,8119,4339,3780,0,0,0,1.0,1,1.0,1,1.0,1,0.21376108073165268,51
5244,2,8121,4341,3780,0,0,0,1.0,1,1.0,1,1.0,1,0.2054953382098073,52
5245,4,8125,4343,3782,0,0,0,1.0,1,1.0,1,1.0,1,0.18940908645605511,53
5246,3,8128,4344,3784,0,0,0,1.0,1,1.0,1,1.0,1,0.1706181279449428,53
5247,1,8129,4345,3784,0,0,0,1.0,1,1.0,1,1.0,1,0.17703974232818606,54
5248,1,8130,4346,3784,0,0,0,1.0,1,1.0,1,1.0,1,0.15035866111101942,54
5249,1,8131,4347,3784,0,0,0,1.0,1,1.0,1,1.0,1,0.12658986131515643,55
5250,0,8131,4347,3784,0,0,0,1.0,1,1.0,1,1.0,1,0.14354168126224667,57
5251,0,8131,4347,3784,0,0,0,1.0,1,1.0,1,1.0,1,0.12661115233364004,58
5252,2,8133,4349,3784,0,0,0,1.0,1,1.0,1,1.0,1,0.1654238461864976,58
5253,3,8136,4351,3785,0,0,0,1.0,1,1.0,1,1.0,1,0.1809555761961385,58
5254,1,8137,4352,3785,0,0,0,1.0,1,1.0,1,1.0,1,0.20235784332807605,59
5255,3,8140,4354,3786,0,0,0,1.0,1,1.0,1,1.0,1,0.19972949054431763,58
5256,2,8142,4355,3787,0,0,0,1.0,1,1.0,1,1.0,1,0.20772220789050458,58
5257,2,8144,4356,3788,0,0,0,1.0,1,1.0,1,1.0,1,0.21782953880007705,57
5258,1,8145,4356,3789,0,0,0,1.0,1,1.0,1,1.0,1,0.17511949195407725,55
5259,0,8145,4356,3789,0,0,0,1.0,1,1.0,1,1.0,1,0.16998698972927925,56
5260,0,8145,4356,3789,0,0,0,1.0,1,1.0,1,1.0,1,0.16698263472781316,55
5261,2,8147,4356,3791,0,0,0,1.0,1,1.0,1,1.0,1,0.1339810255440037,54
5262,1,8148,4357,3791,0,0,0,1.0,1,1.0,1,1.0,1,0.15950971883627907,54
5263,0,8148,4357,3791,0,0,0,1.0,1,1.0,1,1.0,1,0.1732081756411808,55
5264,3,8151,4359,3792,0,0,0,1.0,1,1.0,1,1.0,1,0.16095815281291517,53
5265,2,8153,4361,3792,0,0,0,1.0,1,1.0,1,1.0,1,0.15808857889556657,52
5266,0,8153,4361,3792,0,0,0,1.0,1,1.0,1,1.0,1,0.17925243618228692,49
5267,3,8156,4363,3793,0,0,0,1.0,1,1.0,1,1.0,1,0.1793298182496716,49
5268,2,8158,4365,3793,0,0,0,1.0,1,1.0,1,1.0,1,0.19727794415094307,46
5269,1,8159,4366,3793,0,0,0,1.0,1,1.0,1,1.0,1,0.20014978946819714,45
5270,1,8160,4367,3793,0,0,0,1.0,1,1.0,1,1.0,1,0.20124897689797544,46
5271,5,8165,4372,3793,0,0,0,1.0,1,1.0,1,1.0,1,0.20402922566372228,46
5272,0,8165,4372,3793,0,0,0,1.0,1,1.0,1,1.0,1,0.2168006326224919,45
5273,3,8168,4375,3793,0,0,0,1.0,1,1.0,1,1.0,1,0.22170450673184364,45
5274,0,8168,4375,3793,0,0,0,1.0,1,1.0,1,1.0,1,0.24163237463394854,45
5275,4,8172,4378,3794,0,0,0,1.0,1,1.0,1,1.0,1,0.27477612045404726,46
5276,3,8175,4381,3794,0,0,0,1.0,1,1.0,1,1.0,1,0.34491997474205094,45
5277,0,8175,4381,3794,0,0,0,1.0,1,1.0,1,1.0,1,0.3486317198535001,45
5278,2,8177,4383,3794,0,0,0,1.0,1,1.0,1,1.0,1,0.3869222392079839,44
5279,1,8178,4384,3794,0,0,0,1.0,1,1.0,1,1.0,1,0.37784592692636115,45
5280,1,8179,4385,3794,0,0,0,1.0,1,1.0,1,1.0,1,0.3900043399476343,46
5281,11,8190,4386,3804,0,0,0,1.0,1,1.0,1,1.0,1,0.19120695389247538,46
5282,2,8192,4387,3805,0,0,0,1.0,1,1.0,1,1.0,1,0.1975479318120183,47
5283,0,8192,4387,3805,0,0,0,1.0,1,1.0,1,1.0,1,0.20934678781276883,48
5284,1,8193,4387,3806,0,0,0,1.0,1,1.0,1,1.0,1,0.1990391173799684,48
5285,0,8193,4387,3806,0,0,0,1.0,1,1.0,1,1.0,1,0.1762061464063716,48
5286,1,8194,4387,3807,0,0,0,1.0,1,1.0,1,1.0,1,0.1718658478518674,50
5287,0,8194,4387,3807,0,0,0,1.0,1,1.0,1,1.0,1,0.1718658478518674,50
5288,0,8194,4387,3807,0,0,0,1.0,1,1.0,1,1.0,1,0.1642516271355176,51
5289,0,8194,4387,3807,0,0,0,1.0,1,1.0,1,1.0,1,0.1642516271355176,51
5290,2,8196,4387,3809,0,0,0,1.0,1,1.0,1,1.0,1,0.1175123926851102,52
5291,3,8199,4388,3811,0,0,0,1.0,1,1.0,1,1.0,1,0.16143472681908674,52
5292,1,8200,4388,3812,0,0,0,1.0,1,1.0,1,1.0,1,0.19153493212401765,53
5293,2,8202,4389,3813,0,0,0,1.0,1,1.0,1,1.0,1,0.19138169243696967,51
5294,1,8203,4389,3814,0,0,0,1.0,1,1.0,1,1.0,1,0.19259367876102992,50
5295,2,8205,4390,3815,0,0,0,1.0,1,1.0,1,1.0,1,0.17793080553969842,49
5296,0,8205,4390,3815,0,0,0,1.0,1,1.0,1,1.0,1,0.1702940061986776,48
5297,0,8205,4390,3815,0,0,0,1.0,1,1.0,1,1.0,1,0.1937669774218518,46
5298,0,8205,4390,3815,0,0,0,1.0,1,1.0,1,1.0,1,0.19449864679755718,46
5299,0,8205,4390,3815,0,0,0,1.0,1,1.0,1,1.0,1,0.19988230641641322,47
5300,0,8205,4390,3815,0,0,0,1.0,1,1.0,1,1.0,1,0.1779953821643086,48
5301,0,8205,4390,3815,0,0,0,1.0,1,1.0,1,1.0,1,0.1779953821643086,48
5302,1,8206,4391,3815,0,0,0,1.0,1,1.0,1,1.0,1,0.19779728438775065,49
5303,0,8206,4391,3815,0,0,0,1.0,1,1.0,1,1.0,1,0.20476288901424844,48
5304,1,8207,4392,3815,0,0,0,1.0,1,1.0,1,1.0,1,0.20364314954622037,48
5305,0,8207,4392,3815,0,0,0,1.0,1,1.0,1,1.0,1,0.21106356945632132,47
5306,2,8209,4394,3815,0,0,0,1.0,1,1.0,1,1.0,1,0.22496869126566577,48
5307,2,8211,4395,3816,0,0,0,1.0,1,1.0,1,1.0,1,0.23102209716596658,48
5308,0,8211,4395,3816,0,0,0,1.0,1,1.0,1,1.0,1,0.23068935727312934,47
5309,0,8211,4395,3816,0,0,0,1.0,1,1.0,1,1.0,1,0.23746571766549612,46
5310,1,8212,4395,3817,0,0,0,1.0,1,1.0,1,1.0,1,0.22475136639464569,46
5311,2,8214,4396,3818,0,0,0,1.0,1,1.0,1,1.0,1,0.20076558942093406,46
5312,1,8215,4396,3819,0,0,0,1.0,1,1.0,1,1.0,1,0.1937814127227502,46
5313,1,8216,4396,3820,0,0,0,1.0,1,1.0,1,1.0,1,0.197990418250773,46
5314,1,8217,4396,3821,0,0,0,1.0,1,1.0,1,1.0,1,0.19079758685053574,46
5315,1,8218,4396,3822,0,0,0,1.0,1,1.0,1,1.0,1,0.16153854708063026,47
5316,1,8219,4397,3822,0,0,0,1.0,1,1.0,1,1.0,1,0.19823288984971335,48
5317,0,8219,4397,3822,0,0,0,1.0,1,1.0,1,1.0,1,0.1771200407838155,49
5318,6,8225,4402,3823,0,0,0,1.0,1,1.0,1,1.0,1,0.17471519152527032,49
5319,1,8226,4403,3823,0,0,0,1.0,1,1.0,1,1.0,1,0.19700290611410398,50
5320,1,8227,4404,3823,0,0,0,1.0,1,1.0,1,1.0,1,0.21164576930130852,51
5321,5,8232,4404,3828,0,0,0,1.0,1,1.0,1,1.0,1,0.12579684149522516,52
5322,2,8234,4404,3830,0,0,0,1.0,1,1.0,1,1.0,1,0.09979752915757964,53
5323,1,8235,4405,3830,0,0,0,1.0,1,1.0,1,1.0,1,0.06436408932813148,53
5324,3,8238,4406,3832,0,0,0,1.0,1,1.0,1,1.0,1,0.032551884632886774,55
5325,2,8240,4407,3833,0,0,0,1.0,1,1.0,1,1.0,1,0.04845359906076392,55
5326,4,8244,4409,3835,0,0,0,1.0,1,1.0,1,1.0,1,0.034144339308685476,55
5327,0,8244,4409,3835,0,0,0,1.0,1,1.0,1,1.0,1,0.037836166008655144,56
5328,1,8245,4410,3835,0,0,0,1.0,1,1.0,1,1.0,1,0.05813208665042332,57
5329,3,8248,4411,3837,0,0,0,1.0,1,1.0,1,1.0,1,0.07558633800804036,57
5330,4,8252,4412,3840,0,0,0,1.0,1,1.0,1,1.0,1,0.0706338625140258,56
5331,3,8255,4413,3842,0,0,0,1.0,1,1.0,1,1.0,1,0.05799507591571535,57
5332,1,8256,4413,3843,0,0,0,1.0,1,1.0,1,1.0,1,0.09148008146287082,58
5333,2,8258,4414,3844,0,0,0,1.0,1,1.0,1,1.0,1,0.07097930946612774,59
5334,3,8261,4415,3846,0,0,0,1.0,1,1.0,1,1.0,1,0.0776695882350144,59
5335,0,8261,4415,3846,0,0,0,1.0,1,1.0,1,1.0,1,0.07493847748232434,58
5336,3,8264,4416,3848,0,0,0,1.0,1,1.0,1,1.0,1,0.09207942769172006,59
5337,1,8265,4416,3849,0,0,0,1.0,1,1.0,1,1.0,1,0.06608934326743662,60
5338,4,8269,4418,3851,0,0,0,1.0,1,1.0,1,1.0,1,0.13216830167006643,60
5339,2,8271,4418,3853,0,0,0,1.0,1,1.0,1,1.0,1,0.09002437759425361,60
5340,4,8275,4420,3855,0,0,0,1.0,1,1.0,1,1.0,1,0.163025230075574,60
5341,6,8281,4421,3860,0,0,0,1.0,1,1.0,1,1.0,1,0.11056943928933605,61
5342,1,8282,4421,3861,0,0,0,1.0,1,1.0,1,1.0,1,0.07981798739576741,59
5343,1,8283,4422,3861,0,0,0,1.0,1,1.0,1,1.0,1,0.11319084174904999,58
5344,1,8284,4422,3862,0,0,0,1.0,1,1.0,1,1.0,1,0.09912220239354617,58
5345,2,8286,4424,3862,0,0,0,1.0,1,1.0,1,1.0,1,0.09796870863091546,54
5346,0,8286,4424,3862,0,0,0,1.0,1,1.0,1,1.0,1,0.09796870863091546,54
5347,4,8290,4428,3862,0,0,0,1.0,1,1.0,1,1.0,1,0.10379285532281382,54
5348,0,8290,4428,3862,0,0,0,1.0,1,1.0,1,1.0,1,0.11679324674130064,55
5349,2,8292,4429,3863,0,0,0,1.0,1,1.0,1,1.0,1,0.14238917861799918,56
5350,2,8294,4430,3864,0,0,0,1.0,1,1.0,1,1.0,1,0.15291798915323945,56
5351,0,8294,4430,3864,0,0,0,1.0,1,1.0,1,1.0,1,0.13692804328878166,57
5352,2,8296,4432,3864,0,0,0,1.0,1,1.0,1,1.0,1,0.14839298267913947,57
5353,2,8298,4433,3865,0,0,0,1.0,1,1.0,1,1.0,1,0.1466276673977746,57
5354,0,8298,4433,3865,0,0,0,1.0,1,1.0,1,1.0,1,0.154815963069998,56
5355,1,8299,4434,3865,0,0,0,1.0,1,1.0,1,1.0,1,0.1289523175874532,57
5356,0,8299,4434,3865,0,0,0,1.0,1,1.0,1,1.0,1,0.14200124446365234,56
5357,1,8300,4434,3866,0,0,0,1.0,1,1.0,1,1.0,1,0.14963395083452852,56
5358,1,8301,4435,3866,0,0,0,1.0,1,1.0,1,1.0,1,0.1486501001586832,57
5359,1,8302,4436,3866,0,0,0,1.0,1,1.0,1,1.0,1,0.17048817805912578,57
5360,0,8302,4436,3866,0,0,0,1.0,1,1.0,1,1.0,1,0.19536169052080707,55
5361,8,8310,4439,3871,0,0,0,1.0,1,1.0,1,1.0,1,0.18092554801722402,56
5362,0,8310,4439,3871,0,0,0,1.0,1,1.0,1,1.0,1,0.16722835272276346,57
5363,0,8310,4439,3871,0,0,0,1.0,1,1.0,1,1.0,1,0.16722835272276346,57
5364,0,8310,4439,3871,0,0,0,1.0,1,1.0,1,1.0,1,0.17630761206214607,58
5365,0,8310,4439,3871,0,0,0,1.0,1,1.0,1,1.0,1,0.15114227803922906,59
5366,2,8312,4440,3872,0,0,0,1.0,1,1.0,1,1.0,1,0.15425227389601154,60
5367,1,8313,4441,3872,0,0,0,1.0,1,1.0,1,1.0,1,0.176509628738772,60
5368,0,8313,4441,3872,0,0,0,1.0,1,1.0,1,1.0,1,0.17073920327413555,58
5369,2,8315,4443,3872,0,0,0,1.0,1,1.0,1,1.0,1,0.1794541121132303,58
5370,0,8315,4443,3872,0,0,0,1.0,1,1.0,1,1.0,1,0.1738849546896121,57
5371,3,8318,4446,3872,0,0,0,1.0,1,1.0,1,1.0,1,0.23174671503899477,56
5372,1,8319,4447,3872,0,0,0,1.0,1,1.0,1,1.0,1,0.20518852693129438,55
5373,7,8326,4451,3875,0,0,0,1.0,1,1.0,1,1.0,1,0.2206136406812718,54
5374,1,8327,4452,3875,0,0,0,1.0,1,1.0,1,1.0,1,0.21023238305054054,53
5375,4,8331,4454,3877,0,0,0,1.0,1,1.0,1,1.0,1,0.1836495748457789,52
5376,2,8333,4456,3877,0,0,0,1.0,1,1.0,1,1.0,1,0.20572781794832584,52
5377,1,8334,4457,3877,0,0,0,1.0,1,1.0,1,1.0,1,0.20091479058502448,51
5378,3,8337,4459,3878,0,0,0,1.0,1,1.0,1,1.0,1,0.23594254905089887,52
5379,0,8337,4459,3878,0,0,0,1.0,1,1.0,1,1.0,1,0.21723913323771624,50
5380,1,8338,4460,3878,0,0,0,1.0,1,1.0,1,1.0,1,0.2516290559309819,51
5381,6,8344,4461,3883,0,0,0,1.0,1,1.0,1,1.0,1,0.20059931896829886,50
5382,0,8344,4461,3883,0,0,0,1.0,1,1.0,1,1.0,1,0.2090931135788061,48
5383,0,8344,4461,3883,0,0,0,1.0,1,1.0,1,1.0,1,0.2096551443989003,48
5384,3,8347,4462,3885,0,0,0,1.0,1,1.0,1,1.0,1,0.1761168433209305,48
5385,0,8347,4462,3885,0,0,0,1.0,1,1.0,1,1.0,1,0.18407781441707488,47
5386,3,8350,4465,3885,0,0,0,1.0,1,1.0,1,1.0,1,0.21666200853453318,48
5387,1,8351,4466,3885,0,0,0,1.0,1,1.0,1,1.0,1,0.23068696765209837,48
5388,1,8352,4466,3886,0,0,0,1.0,1,1.0,1,1.0,1,0.219075114341502,48
5389,1,8353,4467,3886,0,0,0,1.0,1,1.0,1,1.0,1,0.20196907855127888,50
5390,1,8354,4467,3887,0,0,0,1.0,1,1.0,1,1.0,1,0.18939093191882964,52
5391,0,8354,4467,3887,0,0,0,1.0,1,1.0,1,1.0,1,0.18939093191882964,52
5392,0,8354,4467,3887,0,0,0,1.0,1,1.0,1,1.0,1,0.20004491008829556,51
5393,5,8359,4472,3887,0,0,0,1.0,1,1.0,1,1.0,1,0.14872652039891274,50
5394,1,8360,4472,3888,0,0,0,1.0,1,1.0,1,1.0,1,0.1262358970358308,50
5395,1,8361,4473,3888,0,0,0,1.0,1,1.0,1,1.0,1,0.15222050753035468,49
5396,0,8361,4473,3888,0,0,0,1.0,1,1.0,1,1.0,1,0.16558803434488328,48
5397,1,8362,4474,3888,0,0,0,1.0,1,1.0,1,1.0,1,0.16449420550375682,48
5398,1,8363,4475,3888,0,0,0,1.0,1,1.0,1,1.0,1,0.23133011726124167,46
5399,4,8367,4479,3888,0,0,0,1.0,1,1.0,1,1.0,1,0.2714973720059682,46
5400,3,8370,4481,3889,0,0,0,1.0,1,1.0,1,1.0,1,0.2463212649299563,48
5401,6,8376,4481,3895,0,0,0,1.0,1,1.0,1,1.0,1,0.0903602613722327,49
5402,0,8376,4481,3895,0,0,0,1.0,1,1.0,1,1.0,1,0.0,0
