,SuccessfulHandoverCount,TotalSuccessfulHandoverCount,TotalSuccessfulHandoverCountRange,TotalSuccessfulHandoverCountLoadBalancing,TotalSuccessfulHandoverCountOverload,FailedHandoverCount,TotalFailedHandoverCount,AvgQoS,MinQoS,AvgQoS_LoadBased,MinQoS_LoadBased,AvgQoS_RangeBased,MinQoS_RangeBased,GiniLoad,VehicleCount
0,0,0,0,0,0,0,0,1.0,1.0,1.0,1.0,1.0,1,0.0,0
1,0,0,0,0,0,0,0,1.0,1.0,1.0,1.0,1.0,1,0.561842441140371,30
2,0,0,0,0,0,0,0,1.0,1.0,1.0,1.0,1.0,1,0.512381205649747,32
3,0,0,0,0,0,0,0,1.0,1.0,1.0,1.0,1.0,1,0.5050493652892918,33
4,0,0,0,0,0,0,0,1.0,1.0,1.0,1.0,1.0,1,0.4865038751690271,34
5,0,0,0,0,0,0,0,1.0,1.0,1.0,1.0,1.0,1,0.46941592502660096,36
6,1,1,1,0,0,0,0,0.9985420387092199,0.9944597470950356,0.9985420387092199,0.9944597470950356,1.0,1,0.4971847608347619,38
7,0,1,1,0,0,0,0,0.9986149367737589,0.9944597470950356,0.9986149367737589,0.9944597470950356,1.0,1,0.4720512026371819,40
8,0,1,1,0,0,0,0,0.9986149367737589,0.9944597470950356,0.9986149367737589,0.9944597470950356,1.0,1,0.4720512026371819,40
9,2,3,3,0,0,0,0,0.9986149367737589,0.9944597470950356,0.9986149367737589,0.9944597470950356,1.0,1,0.4640817227274168,40
10,2,5,5,0,0,0,0,1.0,1.0,1.0,1.0,1.0,1,0.4595416798934704,41
11,4,9,9,0,0,0,0,0.9960220694798652,0.985534798108601,0.9960220694798652,0.985534798108601,1.0,1,0.4610466091662253,40
12,0,9,9,0,0,0,0,1.0,1.0,1.0,1.0,1.0,1,0.4555706104230884,39
13,1,10,10,0,0,0,0,1.0,1.0,1.0,1.0,1.0,1,0.4506066099431229,37
14,0,10,10,0,0,0,0,1.0,1.0,1.0,1.0,1.0,1,0.45038102818891157,35
15,2,12,12,0,0,0,0,1.0,1.0,1.0,1.0,1.0,1,0.44090856158527214,36
16,2,14,14,0,0,0,0,1.0,1.0,1.0,1.0,1.0,1,0.4549628033880649,34
17,0,14,14,0,0,0,0,1.0,1.0,1.0,1.0,1.0,1,0.47412993711375,33
18,1,15,15,0,0,0,0,1.0,1.0,1.0,1.0,1.0,1,0.4668204981453045,34
19,1,16,16,0,0,0,0,1.0,1.0,1.0,1.0,1.0,1,0.47426077025124563,34
20,1,17,17,0,0,0,0,1.0,1.0,1.0,1.0,1.0,1,0.4515540243115745,34
21,0,17,17,0,0,0,0,1.0,1.0,1.0,1.0,1.0,1,0.45931206411101727,36
22,1,18,18,0,0,0,0,1.0,1.0,1.0,1.0,1.0,1,0.4821418734307013,35
23,3,21,21,0,0,0,0,0.9827443910977763,0.9450957898565612,0.9827443910977763,0.9450957898565612,1.0,1,0.5003390741047664,35
24,2,23,23,0,0,0,0,1.0,1.0,1.0,1.0,1.0,1,0.4732094655786206,35
25,5,28,28,0,0,0,0,1.0,1.0,1.0,1.0,1.0,1,0.4753614660009644,35
26,3,31,31,0,0,0,0,1.0,1.0,1.0,1.0,1.0,1,0.5043403017846916,36
27,4,35,35,0,0,0,0,1.0,1.0,1.0,1.0,1.0,1,0.4476658163822409,34
28,1,36,36,0,0,0,0,1.0,1.0,1.0,1.0,1.0,1,0.4633712149520666,35
29,2,38,38,0,0,0,0,1.0,1.0,1.0,1.0,1.0,1,0.48488759303997986,33
30,2,40,40,0,0,0,0,1.0,1.0,1.0,1.0,1.0,1,0.5013201947221283,33
31,1,41,41,0,0,0,0,1.0,1.0,1.0,1.0,1.0,1,0.5681488614020692,33
32,0,41,41,0,0,0,0,1.0,1.0,1.0,1.0,1.0,1,0.5810862435670144,32
33,1,42,42,0,0,0,0,1.0,1.0,1.0,1.0,1.0,1,0.5529190217036599,33
34,1,43,43,0,0,0,0,1.0,1.0,1.0,1.0,1.0,1,0.5650311011206219,33
35,0,43,43,0,0,0,0,1.0,1.0,1.0,1.0,1.0,1,0.5506776185685921,35
36,0,43,43,0,0,0,0,0.993470986717297,0.9786323201656996,0.993470986717297,0.9786323201656996,1.0,1,0.5591185451898709,36
37,0,43,43,0,0,0,0,0.9936474465357484,0.9786323201656996,0.9936474465357484,0.9786323201656996,1.0,1,0.5434164544383302,37
38,1,44,44,0,0,0,0,1.0,1.0,1.0,1.0,1.0,1,0.5405390264174702,36
39,1,45,45,0,0,0,0,1.0,1.0,1.0,1.0,1.0,1,0.537555287779534,38
40,1,46,46,0,0,0,0,1.0,1.0,1.0,1.0,1.0,1,0.528425206633903,40
41,0,46,46,0,0,0,0,1.0,1.0,1.0,1.0,1.0,1,0.528425206633903,40
42,2,48,48,0,0,0,0,0.9975778973069398,0.9911923538434174,0.9975778973069398,0.9911923538434174,1.0,1,0.5349478534103329,40
43,0,48,48,0,0,0,0,0.9977468812157579,0.9911923538434174,0.9977468812157579,0.9911923538434174,1.0,1,0.5307392365459284,43
44,1,49,49,0,0,0,0,0.9742628492559762,0.9077752098339145,0.9742628492559762,0.9077752098339145,1.0,1,0.5327471289181904,43
45,0,49,49,0,0,0,0,0.9748477845001585,0.9077752098339145,0.9748477845001585,0.9077752098339145,1.0,1,0.5228464866523979,44
46,2,51,51,0,0,0,0,0.9601760720624051,0.9160542087751694,0.9601760720624051,0.9160542087751694,1.0,1,0.528551962720675,44
47,1,52,52,0,0,0,0,0.9564355407921237,0.84026364957112,0.9564355407921237,0.84026364957112,1.0,1,0.527707949899127,44
48,2,54,54,0,0,0,0,0.9423126742840224,0.84026364957112,0.9423126742840224,0.84026364957112,1.0,1,0.5312852916862733,44
49,1,55,55,0,0,0,0,0.9555366399226353,0.8480835197356704,0.9555366399226353,0.8480835197356704,1.0,1,0.5330291269001657,41
50,2,57,57,0,0,0,0,0.9717639280744568,0.9253561898418452,0.9717639280744568,0.9253561898418452,1.0,1,0.5556776532864386,40
51,1,58,58,0,0,0,0,0.9783925812700078,0.9253561898418452,0.9783925812700078,0.9253561898418452,1.0,1,0.560770531272579,38
52,1,59,59,0,0,0,0,0.978864282894057,0.928907133370919,0.978864282894057,0.928907133370919,1.0,1,0.5703582111590618,37
53,1,60,60,0,0,0,0,0.9794204859757923,0.928907133370919,0.9794204859757923,0.928907133370919,1.0,1,0.5827036516281716,38
54,2,62,62,0,0,0,0,1.0,1.0,1.0,1.0,1.0,1,0.5851726947143061,38
55,1,63,63,0,0,0,0,0.9782762476878932,0.9249543101945399,0.9782762476878932,0.9249543101945399,1.0,1,0.5893747396620568,38
56,2,65,65,0,0,0,0,0.9045692695754537,0.7409737317048026,0.9045692695754537,0.7409737317048026,1.0,1,0.5944929224887319,38
57,1,66,66,0,0,0,0,0.9045692695754536,0.7409737317048026,0.9045692695754536,0.7409737317048026,1.0,1,0.587159134568601,38
58,4,70,70,0,0,0,0,0.9027678456611176,0.7360841525087478,0.9027678456611176,0.7360841525087478,1.0,1,0.563288737872432,38
59,0,70,70,0,0,0,0,0.8810719239644721,0.682858463905259,0.8810719239644721,0.682858463905259,1.0,1,0.551402148942442,40
60,2,72,72,0,0,0,0,0.8362388002839023,0.6146795300797702,0.8362388002839023,0.6146795300797702,1.0,1,0.568604567528147,40
61,1,73,73,0,0,0,0,0.8839506990012852,0.6905351973367605,0.8839506990012852,0.6905351973367605,1.0,1,0.5611639893895248,40
62,2,75,75,0,0,0,0,0.901746168222173,0.7258111492021577,0.901746168222173,0.7258111492021577,1.0,1,0.5775729725063456,42
63,1,76,76,0,0,0,0,0.8931555466211443,0.7258111492021577,0.8931555466211443,0.7258111492021577,1.0,1,0.5990319003072585,40
64,0,76,76,0,0,0,0,0.8957615088986773,0.7258111492021577,0.8957615088986773,0.7258111492021577,1.0,1,0.5916491547615801,41
65,0,76,76,0,0,0,0,0.8957615088986773,0.7258111492021577,0.8957615088986773,0.7258111492021577,1.0,1,0.5916491547615801,41
66,2,78,78,0,0,0,0,0.9234517333686366,0.793330818740771,0.9234517333686366,0.793330818740771,1.0,1,0.5627743518785566,41
67,2,80,80,0,0,0,0,0.9234517333686366,0.793330818740771,0.9234517333686366,0.793330818740771,1.0,1,0.5507923658706927,41
68,0,80,80,0,0,0,0,0.9344707474056103,0.793330818740771,0.9344707474056103,0.793330818740771,1.0,1,0.5356762811544394,41
69,3,83,83,0,0,0,0,0.9431266421571245,0.8206301791109306,0.9431266421571245,0.8206301791109306,1.0,1,0.5516928489815542,41
70,0,83,83,0,0,0,0,0.9204578642627897,0.761373592788369,0.9204578642627897,0.761373592788369,1.0,1,0.5516928489815542,42
71,2,85,85,0,0,0,0,0.9240734158872084,0.761373592788369,0.9240734158872084,0.761373592788369,1.0,1,0.5256584309639316,44
72,2,87,87,0,0,0,0,0.9300917185035782,0.7806427607171975,0.9300917185035782,0.7806427607171975,1.0,1,0.5306783775053865,44
73,2,89,89,0,0,0,0,0.9122101484433642,0.7802714905219328,0.9122101484433642,0.7802714905219328,1.0,1,0.519865403134933,46
74,0,89,89,0,0,0,0,0.9272894331769198,0.8279130075920593,0.9272894331769198,0.8279130075920593,1.0,1,0.532836469957777,44
75,3,92,92,0,0,0,0,0.9781333172974477,0.9198221634239749,0.9781333172974477,0.9198221634239749,1.0,1,0.518013966384337,44
76,0,92,92,0,0,0,0,0.9537209520546936,0.83980329557394,0.9537209520546936,0.83980329557394,1.0,1,0.5196786115837143,45
77,1,93,93,0,0,0,0,0.9569470871212888,0.9201287081749526,0.9569470871212888,0.9201287081749526,1.0,1,0.5217023176560917,44
78,1,94,94,0,0,0,0,0.9569470871212888,0.9201287081749526,0.9569470871212888,0.9201287081749526,1.0,1,0.5186086885140387,44
79,1,95,95,0,0,0,0,0.9510629549205075,0.9026316438620462,0.9510629549205075,0.9026316438620462,1.0,1,0.5211920911101576,43
80,2,97,97,0,0,0,0,0.93111656195868,0.8441449868450743,0.93111656195868,0.8441449868450743,1.0,1,0.5295722010403529,43
81,3,100,100,0,0,0,0,0.9235946159062866,0.7989458737255316,0.9235946159062866,0.7989458737255316,1.0,1,0.5434561515015282,44
82,1,101,101,0,0,0,0,0.9249288002681261,0.7977767960247504,0.9249288002681261,0.7977767960247504,1.0,1,0.5247581466031547,45
83,2,103,103,0,0,0,0,0.8577566368547471,0.6556545759261446,0.8577566368547471,0.6556545759261446,1.0,1,0.5569962803093439,45
84,1,104,104,0,0,0,0,0.8577566368547473,0.6556545759261446,0.8577566368547473,0.6556545759261446,1.0,1,0.5475446860563824,45
85,2,106,106,0,0,0,0,0.8577566368547473,0.6556545759261446,0.8577566368547473,0.6556545759261446,1.0,1,0.550984011779238,45
86,0,106,106,0,0,0,0,0.8577566368547473,0.6556545759261446,0.8577566368547473,0.6556545759261446,1.0,1,0.550984011779238,45
87,0,106,106,0,0,0,0,0.8545238331469005,0.6556545759261446,0.8545238331469005,0.6556545759261446,1.0,1,0.5581274005485076,44
88,0,106,106,0,0,0,0,0.8577566368547473,0.6556545759261446,0.8577566368547473,0.6556545759261446,1.0,1,0.5507424731893816,45
89,0,106,106,0,0,0,0,0.8337095024242254,0.6054286802108442,0.8337095024242254,0.6054286802108442,1.0,1,0.5507424731893816,46
90,1,107,107,0,0,0,0,0.8522488622453724,0.6497664159457186,0.8522488622453724,0.6497664159457186,1.0,1,0.5622757595079363,44
91,1,108,108,0,0,0,0,0.8555322208621419,0.6497664159457186,0.8555322208621419,0.6497664159457186,1.0,1,0.5557683585499722,45
92,1,109,109,0,0,0,0,0.8582124536038696,0.7027463167768639,0.8582124536038696,0.7027463167768639,1.0,1,0.5523434056780967,46
93,0,109,109,0,0,0,0,0.8582124536038696,0.7027463167768639,0.8582124536038696,0.7027463167768639,1.0,1,0.5523434056780967,46
94,0,109,109,0,0,0,0,0.8582124536038696,0.7027463167768639,0.8582124536038696,0.7027463167768639,1.0,1,0.5523434056780967,46
95,0,109,109,0,0,0,0,0.8360186453856209,0.7027463167768639,0.8360186453856209,0.7027463167768639,1.0,1,0.5583013260249395,46
96,0,109,109,0,0,0,0,0.8360186453856209,0.7027463167768639,0.8360186453856209,0.7027463167768639,1.0,1,0.5583013260249395,46
97,2,111,111,0,0,0,0,0.8610622535930963,0.7504672866377858,0.8610622535930963,0.7504672866377858,1.0,1,0.5426941431292637,47
98,3,114,114,0,0,0,0,0.8839811531834272,0.7624454266771559,0.8839811531834272,0.7624454266771559,1.0,1,0.5105786297504379,47
99,1,115,115,0,0,0,0,0.8814590043395887,0.7624454266771559,0.8814590043395887,0.7624454266771559,1.0,1,0.4966721889056287,46
100,1,116,116,0,0,0,0,0.8182115969598848,0.6728840900539114,0.8182115969598848,0.6728840900539114,1.0,1,0.5029103557622943,48
101,0,116,116,0,0,0,0,0.8219215643688667,0.6728840900539114,0.8219215643688667,0.6728840900539114,1.0,1,0.5049655970441148,49
102,2,118,118,0,0,0,0,0.8182980121382514,0.6333311854228906,0.8182980121382514,0.6333311854228906,1.0,1,0.4971724886137928,49
103,1,119,119,0,0,0,0,0.8520502297681022,0.6596551846387227,0.8520502297681022,0.6596551846387227,1.0,1,0.4809821909945312,48
104,3,122,122,0,0,0,0,0.7657862311092724,0.5161548778258916,0.7657862311092724,0.5161548778258916,1.0,1,0.5369290203426138,49
105,1,123,123,0,0,0,0,0.8024420674081965,0.5842607883997866,0.8024420674081965,0.5842607883997866,1.0,1,0.5219854692960614,48
106,2,125,125,0,0,0,0,0.8037129045341276,0.5720106196699717,0.8037129045341276,0.5720106196699717,1.0,1,0.5362245969934706,48
107,4,129,129,0,0,0,0,0.8589263564132432,0.6606783368931612,0.8589263564132432,0.6606783368931612,1.0,1,0.5303545447793673,47
108,2,131,131,0,0,0,0,0.8999141039548327,0.7629151026362264,0.8999141039548327,0.7629151026362264,1.0,1,0.5201781821835794,47
109,3,134,134,0,0,0,0,0.9217948778832653,0.819437351012838,0.9217948778832653,0.819437351012838,1.0,1,0.5213349519893126,47
110,4,138,138,0,0,0,0,0.938468855840967,0.8365273290249278,0.938468855840967,0.8365273290249278,1.0,1,0.5222641484687326,47
111,2,140,140,0,0,0,0,0.8889733458805336,0.7807417768971701,0.8889733458805336,0.7807417768971701,1.0,1,0.5344337660405227,46
112,2,142,142,0,0,0,0,0.8400856439741046,0.6996197682097067,0.8400856439741046,0.6996197682097067,1.0,1,0.5440074238245585,46
113,4,146,146,0,0,0,0,0.7436365511963146,0.6220616475717106,0.7436365511963146,0.6220616475717106,1.0,1,0.5779100763274181,45
114,0,146,146,0,0,0,0,0.7492096696485686,0.6220616475717106,0.7492096696485686,0.6220616475717106,1.0,1,0.5736815656822195,46
115,3,149,149,0,0,0,0,0.7158683988088129,0.5650989064948782,0.7158683988088129,0.5650989064948782,1.0,1,0.5922438033188526,47
116,0,149,149,0,0,0,0,0.7217878071669627,0.5650989064948782,0.7217878071669627,0.5650989064948782,1.0,1,0.5733917930826988,48
117,2,151,151,0,0,0,0,0.6986431398975613,0.5295176993671865,0.6986431398975613,0.5295176993671865,1.0,1,0.5884335040678237,48
118,1,152,152,0,0,0,0,0.7040173189210561,0.5650294994221667,0.7040173189210561,0.5650294994221667,1.0,1,0.5859915244669035,49
119,0,152,152,0,0,0,0,0.7099369725426351,0.5650294994221667,0.7099369725426351,0.5650294994221667,1.0,1,0.5747291296916024,50
120,1,153,153,0,0,0,0,0.7154945050245042,0.5844027341473489,0.7154945050245042,0.5844027341473489,1.0,1,0.5649767732056991,51
121,2,155,155,0,0,0,0,0.7175646312226001,0.5865276789174965,0.7175646312226001,0.5865276789174965,1.0,1,0.5632900157878519,51
122,3,158,158,0,0,0,0,0.7174228034759477,0.5569825338503688,0.7174228034759477,0.5569825338503688,1.0,1,0.569823928908692,51
123,0,158,158,0,0,0,0,0.7174228034759477,0.5569825338503688,0.7174228034759477,0.5569825338503688,1.0,1,0.569823928908692,51
124,2,160,160,0,0,0,0,0.7184860137902404,0.5598364141676804,0.7184860137902404,0.5598364141676804,1.0,1,0.5778817426777991,51
125,0,160,160,0,0,0,0,0.6948409550235649,0.5598364141676804,0.6948409550235649,0.5598364141676804,1.0,1,0.599132434286263,50
126,0,160,160,0,0,0,0,0.7065778413688124,0.5598364141676804,0.7065778413688124,0.5598364141676804,1.0,1,0.5835451568094532,52
127,1,161,161,0,0,0,0,0.695457410947929,0.5615751198712201,0.695457410947929,0.5615751198712201,1.0,1,0.6043204708132334,50
128,0,161,161,0,0,0,0,0.695457410947929,0.5615751198712201,0.695457410947929,0.5615751198712201,1.0,1,0.6043204708132334,50
129,1,162,162,0,0,0,0,0.7266945177823566,0.5670082876245056,0.7266945177823566,0.5670082876245056,1.0,1,0.5730795733460484,52
130,2,164,164,0,0,0,0,0.7589112733137321,0.5670082876245056,0.7589112733137321,0.5670082876245056,1.0,1,0.5590748217195237,52
131,0,164,164,0,0,0,0,0.767512017740254,0.5660228846055972,0.767512017740254,0.5660228846055972,1.0,1,0.5471803411919803,54
132,2,166,166,0,0,0,0,0.8006450417038781,0.5660228846055972,0.8006450417038781,0.5660228846055972,1.0,1,0.5360460836822667,54
133,1,167,167,0,0,0,0,0.810156305675727,0.5660228846055972,0.810156305675727,0.5660228846055972,1.0,1,0.5379871709124584,52
134,3,170,170,0,0,0,0,0.7907539825057216,0.5660228846055972,0.7907539825057216,0.5660228846055972,1.0,1,0.5515496750080499,52
135,2,172,172,0,0,0,0,0.7485943656551506,0.5660228846055972,0.7485943656551506,0.5660228846055972,1.0,1,0.5727625328499608,51
136,2,174,174,0,0,0,0,0.7824369359658028,0.5660228846055972,0.7824369359658028,0.5660228846055972,1.0,1,0.5505401374538706,51
137,1,175,175,0,0,0,0,0.7627833979275391,0.5660228846055972,0.7627833979275391,0.5660228846055972,1.0,1,0.5598586344390686,50
138,4,179,179,0,0,0,0,0.8040885027343785,0.6240726340647251,0.8040885027343785,0.6240726340647251,1.0,1,0.517616049369428,52
139,3,182,182,0,0,0,0,0.7684848773436525,0.5991967721180416,0.7684848773436525,0.5991967721180416,1.0,1,0.5307750295272666,51
140,2,184,184,0,0,0,0,0.8134167032542102,0.6429783483721396,0.8134167032542102,0.6429783483721396,1.0,1,0.49896939497612003,51
141,2,186,186,0,0,0,0,0.8059156239450448,0.6745940057180329,0.8059156239450448,0.6745940057180329,1.0,1,0.5144793210559452,50
142,2,188,188,0,0,0,0,0.8136190678395995,0.6784580740987829,0.8136190678395995,0.6784580740987829,1.0,1,0.49512217781017964,51
143,1,189,189,0,0,0,0,0.8200559620026965,0.6784580740987829,0.8200559620026965,0.6784580740987829,1.0,1,0.51584324809767,48
144,3,192,192,0,0,0,0,0.8416560190846528,0.7182378478928781,0.8416560190846528,0.7182378478928781,1.0,1,0.5220939772596754,49
145,6,198,198,0,0,0,0,0.797798212618485,0.6228809656898391,0.797798212618485,0.6228809656898391,1.0,1,0.5380982421111388,47
146,3,201,201,0,0,0,0,0.8025716483631271,0.6372574444126292,0.8025716483631271,0.6372574444126292,1.0,1,0.5164131170069735,49
147,1,202,202,0,0,0,0,0.7722164077684065,0.6112978293032671,0.7722164077684065,0.6112978293032671,1.0,1,0.5536616645056345,46
148,2,204,204,0,0,0,0,0.7790786015176374,0.5345648148919923,0.7790786015176374,0.5345648148919923,1.0,1,0.5507327698779604,47
149,1,205,205,0,0,0,0,0.7522853628184912,0.5072581950634745,0.7522853628184912,0.5072581950634745,1.0,1,0.5755363977804524,46
150,1,206,206,0,0,0,0,0.7731249008748435,0.5072581950634745,0.7731249008748435,0.5072581950634745,1.0,1,0.5516285235887926,47
151,4,210,210,0,0,0,0,0.7826992235187077,0.500208214093028,0.7826992235187077,0.500208214093028,1.0,1,0.5470180111012176,46
152,2,212,212,0,0,0,0,0.7987514812558256,0.5233587713953766,0.7987514812558256,0.5233587713953766,1.0,1,0.5467361667063707,45
153,0,212,212,0,0,0,0,0.8031264490546121,0.5233587713953766,0.8031264490546121,0.5233587713953766,1.0,1,0.5442673909617659,46
154,2,214,214,0,0,0,0,0.8431360216251428,0.5939991147944874,0.8431360216251428,0.5939991147944874,1.0,1,0.5391937388855862,44
155,1,215,215,0,0,0,0,0.8466218878112509,0.5939991147944874,0.8466218878112509,0.5939991147944874,1.0,1,0.5391117918930787,45
156,0,215,215,0,0,0,0,0.8394880221280531,0.5939991147944874,0.8394880221280531,0.5939991147944874,1.0,1,0.5512949650658518,43
157,1,216,216,0,0,0,0,0.8625306935724664,0.6391430706277244,0.8625306935724664,0.6391430706277244,1.0,1,0.5566784063139875,42
158,0,216,216,0,0,0,0,0.8657276541870602,0.6391430706277244,0.8657276541870602,0.6391430706277244,1.0,1,0.5603541553675646,43
159,0,216,216,0,0,0,0,0.8687792984100816,0.6391430706277244,0.8687792984100816,0.6391430706277244,1.0,1,0.5415242390427637,44
160,2,218,218,0,0,0,0,0.8777593194679617,0.7398882090016365,0.8777593194679617,0.7398882090016365,1.0,1,0.5594145889210713,44
161,3,221,221,0,0,0,0,0.8443225804533158,0.6341192854279043,0.8443225804533158,0.6341192854279043,1.0,1,0.5851436011856197,44
162,3,224,224,0,0,0,0,0.8413776237610571,0.6902580021677719,0.8413776237610571,0.6902580021677719,1.0,1,0.5851436011856197,44
163,5,229,229,0,0,0,0,0.7839521570852558,0.6158024036226049,0.7839521570852558,0.6158024036226049,1.0,1,0.6366319792907493,44
164,4,233,233,0,0,0,0,0.7799626399127796,0.7027747914336313,0.7799626399127796,0.7027747914336313,1.0,1,0.6366319792907493,44
165,1,234,234,0,0,0,0,0.8117803639331277,0.6732569563019707,0.8117803639331277,0.6732569563019707,1.0,1,0.627945878064603,43
166,1,235,235,0,0,0,0,0.8179870681817201,0.6732569563019707,0.8179870681817201,0.6732569563019707,1.0,1,0.6208098177748185,43
167,1,236,236,0,0,0,0,0.8367718528518095,0.7162056792529049,0.8367718528518095,0.7162056792529049,1.0,1,0.6209328635109943,42
168,1,237,237,0,0,0,0,0.8557509711834819,0.7734790154540603,0.8557509711834819,0.7734790154540603,1.0,1,0.6268079457336506,40
169,3,240,240,0,0,0,0,0.8922092970068957,0.8143809022130309,0.8922092970068957,0.8143809022130309,1.0,1,0.6004422499908307,41
170,1,241,241,0,0,0,0,0.9052727548374946,0.8143809022130309,0.9052727548374946,0.8143809022130309,1.0,1,0.6013899230279084,39
171,2,243,243,0,0,0,0,0.9325433221514249,0.8143809022130309,0.9325433221514249,0.8143809022130309,1.0,1,0.5968443394806412,39
172,1,244,244,0,0,0,0,0.964534746414628,0.8963323356735278,0.964534746414628,0.8963323356735278,1.0,1,0.59490386021476,38
173,3,247,247,0,0,0,0,0.9781147808534828,0.9407254100097678,0.9781147808534828,0.9407254100097678,1.0,1,0.5939235121917663,38
174,1,248,248,0,0,0,0,0.9732886731619693,0.9479809734063884,0.9732886731619693,0.9479809734063884,1.0,1,0.5989077991549786,37
175,0,248,248,0,0,0,0,0.9725466918609129,0.9479809734063884,0.9725466918609129,0.9479809734063884,1.0,1,0.6023173745015156,36
176,1,249,249,0,0,0,0,0.9646486900568514,0.8939460701705544,0.9646486900568514,0.8939460701705544,1.0,1,0.6012876002131601,36
177,1,250,250,0,0,0,0,0.9329545412236208,0.8343093680767627,0.9329545412236208,0.8343093680767627,1.0,1,0.5984826145039188,38
178,3,253,253,0,0,0,0,0.9755486207493005,0.9205330174352269,0.9755486207493005,0.9205330174352269,1.0,1,0.5479516787021863,39
179,0,253,253,0,0,0,0,0.9761599052305681,0.9205330174352269,0.9761599052305681,0.9205330174352269,1.0,1,0.5446141648230964,40
180,3,256,256,0,0,0,0,0.9991569683419914,0.9969344303345143,0.9991569683419914,0.9969344303345143,1.0,1,0.5082079952933426,40
181,2,258,258,0,0,0,0,1.0,1.0,1.0,1.0,1.0,1,0.4826574409863206,39
182,1,259,259,0,0,0,0,1.0,1.0,1.0,1.0,1.0,1,0.46089599682804916,40
183,2,261,261,0,0,0,0,0.9951453925740811,0.9805815702963243,0.9951453925740811,0.9805815702963243,1.0,1,0.4822692674219968,40
184,0,261,261,0,0,0,0,0.9948898869200854,0.9805815702963243,0.9948898869200854,0.9805815702963243,1.0,1,0.5031711076748735,38
185,2,263,263,0,0,0,0,0.9735840216353915,0.9087448020131704,0.9735840216353915,0.9087448020131704,1.0,1,0.5123220175306908,38
186,3,266,266,0,0,0,0,0.9954688290568591,0.9832346675103784,0.9954688290568591,0.9832346675103784,1.0,1,0.5362790803906834,37
187,0,266,266,0,0,0,0,0.9953429631973274,0.9832346675103784,0.9953429631973274,0.9832346675103784,1.0,1,0.5402328280151856,36
188,2,268,268,0,0,0,0,0.9953429631973274,0.9832346675103784,0.9953429631973274,0.9832346675103784,1.0,1,0.5682031673923448,36
189,0,268,268,0,0,0,0,0.9953429631973274,0.9832346675103784,0.9953429631973274,0.9832346675103784,1.0,1,0.5697504955637608,36
190,1,269,269,0,0,0,0,0.9452765653171534,0.8761652346155723,0.9452765653171534,0.8761652346155723,1.0,1,0.589108238289048,36
191,1,270,270,0,0,0,0,0.9231346806173998,0.8761652346155723,0.9231346806173998,0.8761652346155723,1.0,1,0.590954510610531,37
192,1,271,271,0,0,0,0,0.9231346806173998,0.8761652346155723,0.9231346806173998,0.8761652346155723,1.0,1,0.5766190856121406,37
193,1,272,272,0,0,0,0,0.9483052886968286,0.8765138001727081,0.9483052886968286,0.8765138001727081,1.0,1,0.570694784097206,38
194,1,273,273,0,0,0,0,0.9256283152655522,0.7950768628565247,0.9256283152655522,0.7950768628565247,1.0,1,0.570694784097206,39
195,1,274,274,0,0,0,0,0.9026710227826185,0.7388097023630726,0.9026710227826185,0.7388097023630726,1.0,1,0.5796239890816397,40
196,2,276,276,0,0,0,0,0.884245886483205,0.6913223639552133,0.884245886483205,0.6913223639552133,1.0,1,0.5790277454239617,40
197,0,276,276,0,0,0,0,0.884245886483205,0.6913223639552133,0.884245886483205,0.6913223639552133,1.0,1,0.5872086323409738,40
198,4,280,280,0,0,0,0,0.9004896866972733,0.7545121223256352,0.9004896866972733,0.7545121223256352,1.0,1,0.5874403914810727,40
199,1,281,281,0,0,0,0,0.9004896866972733,0.7545121223256352,0.9004896866972733,0.7545121223256352,1.0,1,0.595193914024338,40
200,6,287,287,0,0,0,0,0.8423788321524711,0.6571713970128237,0.8423788321524711,0.6571713970128237,1.0,1,0.6062514702926721,40
201,1,288,288,0,0,0,0,0.8378920244008782,0.6281052324490738,0.8378920244008782,0.6281052324490738,1.0,1,0.6092380332635386,39
202,1,289,289,0,0,0,0,0.8534169094375385,0.6608971973456265,0.8534169094375385,0.6608971973456265,1.0,1,0.5874193219831275,40
203,3,292,292,0,0,0,0,0.8259544923866543,0.6317994410486868,0.8259544923866543,0.6317994410486868,1.0,1,0.5944281008682609,39
204,1,293,293,0,0,0,0,0.8541819275300292,0.6746187375174221,0.8541819275300292,0.6746187375174221,1.0,1,0.5944281008682609,38
205,4,297,297,0,0,0,0,0.8810332838381996,0.801027971931398,0.8810332838381996,0.801027971931398,1.0,1,0.5870048139188351,37
206,0,297,297,0,0,0,0,0.9226219890844324,0.801027971931398,0.9226219890844324,0.801027971931398,1.0,1,0.5693154665774838,36
207,3,300,300,0,0,0,0,0.9335338086793391,0.8194848607792563,0.9335338086793391,0.8194848607792563,1.0,1,0.5649971581754446,37
208,0,300,300,0,0,0,0,0.9908310539440198,0.9733575083440428,0.9908310539440198,0.9733575083440428,1.0,1,0.5548457485445343,36
209,2,302,302,0,0,0,0,0.9723476072486122,0.9095012600863674,0.9723476072486122,0.9095012600863674,1.0,1,0.5362488492692475,36
210,2,304,304,0,0,0,0,0.9639899114524526,0.8821488011171177,0.9639899114524526,0.8821488011171177,1.0,1,0.5371471515758387,36
211,0,304,304,0,0,0,0,0.9892853494736095,0.9635701882102727,0.9892853494736095,0.9635701882102727,1.0,1,0.5518862878120868,34
212,1,305,305,0,0,0,0,0.9555942484933818,0.8627458589795439,0.9555942484933818,0.8627458589795439,1.0,1,0.5729232550722375,34
213,0,305,305,0,0,0,0,0.9263877661943815,0.7791632985831445,0.9263877661943815,0.7791632985831445,1.0,1,0.5694969778528677,36
214,3,308,308,0,0,0,0,0.9987762024291332,0.9957167085019664,0.9987762024291332,0.9957167085019664,1.0,1,0.5806263724783426,35
215,2,310,310,0,0,0,0,0.9954169645989361,0.9893115159948273,0.9954169645989361,0.9893115159948273,1.0,1,0.594520029338777,35
216,0,310,310,0,0,0,0,0.9804606566200994,0.9437450533980916,0.9804606566200994,0.9437450533980916,1.0,1,0.5805224131638508,37
217,1,311,311,0,0,0,0,0.9458127840382788,0.8833712825346451,0.9458127840382788,0.8833712825346451,1.0,1,0.5990150114291579,37
218,4,315,315,0,0,0,0,0.9340722274131682,0.8123594164836327,0.9340722274131682,0.8123594164836327,1.0,1,0.579219944306961,37
219,1,316,316,0,0,0,0,0.9046917832762931,0.7481139986587746,0.9046917832762931,0.7481139986587746,1.0,1,0.5980279289194037,37
220,2,318,318,0,0,0,0,0.9333609764206744,0.8197809918995322,0.9333609764206744,0.8197809918995322,1.0,1,0.5597299188183841,38
221,2,320,320,0,0,0,0,0.9300859201930748,0.8048297444798618,0.9300859201930748,0.8048297444798618,1.0,1,0.5545549879883517,39
222,0,320,320,0,0,0,0,0.9300859201930748,0.8048297444798618,0.9300859201930748,0.8048297444798618,1.0,1,0.5545549879883517,39
223,2,322,322,0,0,0,0,0.9359529864376253,0.8853128460207413,0.9359529864376253,0.8853128460207413,1.0,1,0.5490148055981215,40
224,4,326,326,0,0,0,0,0.97117606244024,0.9039202081341335,0.97117606244024,0.9039202081341335,1.0,1,0.539386884576164,40
225,0,326,326,0,0,0,0,0.9629564482557286,0.9039202081341335,0.9629564482557286,0.9039202081341335,1.0,1,0.557580950161336,39
226,5,331,331,0,0,0,0,0.9230297932907127,0.7855829955955572,0.9230297932907127,0.7855829955955572,1.0,1,0.5578602854307311,39
227,4,335,335,0,0,0,0,0.9014773598009216,0.7438411354823955,0.9014773598009216,0.7438411354823955,1.0,1,0.5411948168634806,39
228,2,337,337,0,0,0,0,0.8953243713702426,0.7348217408046139,0.8953243713702426,0.7348217408046139,1.0,1,0.5364878748925471,38
229,2,339,339,0,0,0,0,0.8980083618479284,0.7348217408046139,0.8980083618479284,0.7348217408046139,1.0,1,0.5309169498616058,39
230,3,342,342,0,0,0,0,0.8955408761341067,0.7353702195397371,0.8955408761341067,0.7353702195397371,1.0,1,0.5494198954075602,38
231,2,344,344,0,0,0,0,0.9208025866623702,0.7850355923692908,0.9208025866623702,0.7850355923692908,1.0,1,0.5414715604131993,38
232,2,346,346,0,0,0,0,0.9098174473636662,0.7616603966039744,0.9098174473636662,0.7616603966039744,1.0,1,0.5477693252469664,37
233,2,348,348,0,0,0,0,0.9404970504135282,0.8352226011451551,0.9404970504135282,0.8352226011451551,1.0,1,0.5653763738707306,36
234,2,350,350,0,0,0,0,1.0,1.0,1.0,1.0,1.0,1,0.5420641653365689,34
235,1,351,351,0,0,0,0,1.0,1.0,1.0,1.0,1.0,1,0.5301387927932808,34
236,2,353,353,0,0,0,0,1.0,1.0,1.0,1.0,1.0,1,0.5302145279902392,33
237,3,356,356,0,0,0,0,0.9976487481374687,0.9924759940399001,0.9976487481374687,0.9924759940399001,1.0,1,0.535967021209278,32
238,1,357,357,0,0,0,0,0.9677230330609548,0.9061033689045955,0.9677230330609548,0.9061033689045955,1.0,1,0.5331386973037971,32
239,2,359,359,0,0,0,0,1.0,1.0,1.0,1.0,1.0,1,0.5415351749922095,31
240,1,360,360,0,0,0,0,1.0,1.0,1.0,1.0,1.0,1,0.5792898046394012,28
241,2,362,362,0,0,0,0,0.9850281924040866,0.9663134329091949,0.9850281924040866,0.9663134329091949,1.0,1,0.6083253778861447,27
242,3,365,365,0,0,0,0,0.9251170045452,0.8329533178315999,0.9251170045452,0.8329533178315999,1.0,1,0.6133239468831353,29
243,1,366,366,0,0,0,0,0.9496144042481498,0.8824336099123494,0.9496144042481498,0.8824336099123494,1.0,1,0.6278635817246974,28
244,1,367,367,0,0,0,0,0.93637323121428,0.8515375394999865,0.93637323121428,0.8515375394999865,1.0,1,0.6196338304042575,28
245,1,368,368,0,0,0,0,0.9541640390084846,0.8968690877690904,0.9541640390084846,0.8968690877690904,1.0,1,0.6359329421295014,27
246,2,370,370,0,0,0,0,1.0,1.0,1.0,1.0,1.0,1,0.6501381546572788,25
247,1,371,371,0,0,0,0,1.0,1.0,1.0,1.0,1.0,1,0.6655055736668327,26
248,0,371,371,0,0,0,0,0.983606604511617,0.9597616656194234,0.983606604511617,0.9597616656194234,1.0,1,0.6716101023775749,27
249,0,371,371,0,0,0,0,1.0,1.0,1.0,1.0,1.0,1,0.6698397095591259,26
250,0,371,371,0,0,0,0,0.966016383669192,0.9165856690061983,0.966016383669192,0.9165856690061983,1.0,1,0.6716101023775749,27
251,1,372,372,0,0,0,0,0.9406320217247349,0.8614747173577149,0.9406320217247349,0.8614747173577149,1.0,1,0.678497443227232,28
252,0,372,372,0,0,0,0,0.9406320217247349,0.8614747173577149,0.9406320217247349,0.8614747173577149,1.0,1,0.678497443227232,28
253,1,373,373,0,0,0,0,0.9406320217247349,0.8614747173577149,0.9406320217247349,0.8614747173577149,1.0,1,0.653048065653349,28
254,0,373,373,0,0,0,0,0.900709455091927,0.7785057075127605,0.900709455091927,0.7785057075127605,1.0,1,0.653048065653349,29
255,0,373,373,0,0,0,0,0.9040191399221962,0.7785057075127605,0.9040191399221962,0.7785057075127605,1.0,1,0.6535175401377222,30
256,1,374,374,0,0,0,0,0.9040191399221962,0.7785057075127605,0.9040191399221962,0.7785057075127605,1.0,1,0.6515779600835319,30
257,0,374,374,0,0,0,0,0.87987198714784,0.7254216849093486,0.87987198714784,0.7254216849093486,1.0,1,0.6383025603838656,32
258,3,377,377,0,0,0,0,0.87987198714784,0.7254216849093486,0.87987198714784,0.7254216849093486,1.0,1,0.6168799403526704,32
259,0,377,377,0,0,0,0,0.87987198714784,0.7254216849093486,0.87987198714784,0.7254216849093486,1.0,1,0.6168799403526704,32
260,1,378,378,0,0,0,0,0.8869383408450259,0.7254216849093486,0.8869383408450259,0.7254216849093486,1.0,1,0.5865395103691275,34
261,1,379,379,0,0,0,0,0.865207713499381,0.685484664831889,0.865207713499381,0.685484664831889,1.0,1,0.5627148568660573,35
262,2,381,381,0,0,0,0,0.8689519436799538,0.685484664831889,0.8689519436799538,0.685484664831889,1.0,1,0.5828654196430614,36
263,0,381,381,0,0,0,0,0.8612432344846568,0.685484664831889,0.8612432344846568,0.685484664831889,1.0,1,0.5797932537810644,34
264,1,382,382,0,0,0,0,0.8937270017937179,0.7419084329276004,0.8937270017937179,0.7419084329276004,1.0,1,0.5831345132648215,34
265,0,382,382,0,0,0,0,0.890506607908679,0.7419084329276004,0.890506607908679,0.7419084329276004,1.0,1,0.5978528620947734,33
266,1,383,383,0,0,0,0,0.8937270017937179,0.7419084329276004,0.8937270017937179,0.7419084329276004,1.0,1,0.6032658391039086,34
267,0,383,383,0,0,0,0,0.890506607908679,0.7419084329276004,0.890506607908679,0.7419084329276004,1.0,1,0.6077661714563796,33
268,0,383,383,0,0,0,0,0.8627240281681517,0.6888411305144775,0.8627240281681517,0.6888411305144775,1.0,1,0.6077661714563796,34
269,2,385,385,0,0,0,0,0.8627240281681519,0.6888411305144775,0.8627240281681519,0.6888411305144775,1.0,1,0.6217464148829037,34
270,0,385,385,0,0,0,0,0.8475427949220696,0.6569712885746566,0.8475427949220696,0.6569712885746566,1.0,1,0.6121847410271936,36
271,0,385,385,0,0,0,0,0.8475427949220696,0.6569712885746566,0.8475427949220696,0.6569712885746566,1.0,1,0.6121847410271936,36
272,0,385,385,0,0,0,0,0.8240162479151528,0.6066245541632829,0.8240162479151528,0.6066245541632829,1.0,1,0.5935560921139782,38
273,1,386,386,0,0,0,0,0.8029311346228974,0.583965728648339,0.8029311346228974,0.583965728648339,1.0,1,0.5919269514222831,38
274,2,388,388,0,0,0,0,0.780035576842055,0.5600711536841101,0.780035576842055,0.5600711536841101,1.0,1,0.619910264668641,38
275,1,389,389,0,0,0,0,0.7498767901923515,0.5247659013654681,0.7498767901923515,0.5247659013654681,1.0,1,0.6178123973689794,38
276,1,390,390,0,0,0,0,0.7245398539583751,0.48843115735126796,0.7245398539583751,0.48843115735126796,1.0,1,0.6077450879067177,39
277,2,392,392,0,0,0,0,0.6932513972628717,0.47016150436314197,0.6932513972628717,0.47016150436314197,1.0,1,0.6225797509172626,38
278,1,393,393,0,0,0,0,0.6998415985502179,0.4815445793140127,0.6998415985502179,0.4815445793140127,1.0,1,0.6035554757609659,38
279,0,393,393,0,0,0,0,0.7288775574050725,0.5093974848282266,0.7288775574050725,0.5093974848282266,1.0,1,0.6040135509756094,38
280,0,393,393,0,0,0,0,0.7232801568569062,0.49926885526487785,0.7232801568569062,0.49926885526487785,1.0,1,0.6040135509756094,38
281,1,394,394,0,0,0,0,0.7459518489967301,0.5173085130937871,0.7459518489967301,0.5173085130937871,1.0,1,0.6207347582736826,38
282,0,394,394,0,0,0,0,0.7682716929593584,0.5365433859187166,0.7682716929593584,0.5365433859187166,1.0,1,0.6218502461220657,38
283,0,394,394,0,0,0,0,0.7682716929593583,0.5365433859187166,0.7682716929593583,0.5365433859187166,1.0,1,0.6218502461220657,38
284,0,394,394,0,0,0,0,0.7742134444219388,0.5365433859187166,0.7742134444219388,0.5365433859187166,1.0,1,0.6147616790958776,39
285,2,396,396,0,0,0,0,0.7248417619538048,0.4889918436284945,0.7248417619538048,0.4889918436284945,1.0,1,0.6406451359293064,39
286,0,396,396,0,0,0,0,0.7248417619538048,0.4889918436284945,0.7248417619538048,0.4889918436284945,1.0,1,0.6406451359293064,39
287,1,397,397,0,0,0,0,0.6978625196447328,0.4643926484611172,0.6978625196447328,0.4643926484611172,1.0,1,0.6498342001318673,39
288,0,397,397,0,0,0,0,0.7205507002676063,0.4810227290684116,0.7205507002676063,0.4810227290684116,1.0,1,0.6315803005834267,39
289,2,399,399,0,0,0,0,0.7729775620760715,0.5340065747877256,0.7729775620760715,0.5340065747877256,1.0,1,0.6138138706122978,39
290,1,400,400,0,0,0,0,0.7944419811622964,0.5546242925183088,0.7944419811622964,0.5546242925183088,1.0,1,0.6150748124021522,39
291,3,403,403,0,0,0,0,0.8261525874066942,0.6606421237402464,0.8261525874066942,0.6606421237402464,1.0,1,0.617153419202345,39
292,1,404,404,0,0,0,0,0.8295186864931594,0.7113592173533029,0.8295186864931594,0.7113592173533029,1.0,1,0.6107622742266461,40
293,3,407,407,0,0,0,0,0.8336767673103994,0.7113592173533029,0.8336767673103994,0.7113592173533029,1.0,1,0.5743131938053284,41
294,4,411,411,0,0,0,0,0.8552400152404234,0.7040806044473812,0.8552400152404234,0.7040806044473812,1.0,1,0.571951799916871,40
295,2,413,413,0,0,0,0,0.8394798417225253,0.6603761926429114,0.8394798417225253,0.6603761926429114,1.0,1,0.5700067525507448,42
296,2,415,415,0,0,0,0,0.8394798417225255,0.6603761926429114,0.8394798417225255,0.6603761926429114,1.0,1,0.5849645179449872,42
297,2,417,417,0,0,0,0,0.84962984314818,0.6669775212527174,0.84962984314818,0.6669775212527174,1.0,1,0.5566610096007886,43
298,2,419,419,0,0,0,0,0.8516897106564784,0.6161380746402968,0.8516897106564784,0.6161380746402968,1.0,1,0.5229404382209406,44
299,2,421,421,0,0,0,0,0.8706127413846545,0.6441850388077996,0.8706127413846545,0.6441850388077996,1.0,1,0.5045555445937343,44
300,1,422,422,0,0,0,0,0.8672551834169687,0.6751967637677733,0.8672551834169687,0.6751967637677733,1.0,1,0.49125162922374366,45
301,3,425,425,0,0,0,0,0.8788957261630268,0.6939711554943513,0.8788957261630268,0.6939711554943513,1.0,1,0.4832937550580391,47
302,3,428,428,0,0,0,0,0.8935654942153862,0.7289629240471978,0.8935654942153862,0.7289629240471978,1.0,1,0.5119723763913847,46
303,3,431,431,0,0,0,0,0.8926414924371593,0.7825856398145796,0.8926414924371593,0.7825856398145796,1.0,1,0.5254047308880719,45
304,3,434,434,0,0,0,0,0.8979320545269103,0.7678612582105544,0.8979320545269103,0.7678612582105544,1.0,1,0.543260777994311,45
305,0,434,434,0,0,0,0,0.8931847082258363,0.7678612582105544,0.8931847082258363,0.7678612582105544,1.0,1,0.5556437876831805,43
306,2,436,436,0,0,0,0,0.8232117096574538,0.6536205710501696,0.8232117096574538,0.6536205710501696,1.0,1,0.5753423038757233,44
307,2,438,438,0,0,0,0,0.8387870157791976,0.6536205710501696,0.8387870157791976,0.6536205710501696,1.0,1,0.5973822271105697,42
308,1,439,439,0,0,0,0,0.8640191539701831,0.6536205710501696,0.8640191539701831,0.6536205710501696,1.0,1,0.5906887136616201,41
309,0,439,439,0,0,0,0,0.8487978451983111,0.6268145469565062,0.8487978451983111,0.6268145469565062,1.0,1,0.5906887136616201,42
310,0,439,439,0,0,0,0,0.8451099877641236,0.6268145469565062,0.8451099877641236,0.6268145469565062,1.0,1,0.604976032774511,41
311,0,439,439,0,0,0,0,0.8451099877641236,0.6268145469565062,0.8451099877641236,0.6268145469565062,1.0,1,0.604976032774511,41
312,0,439,439,0,0,0,0,0.8282124310258964,0.6268145469565062,0.8282124310258964,0.6268145469565062,1.0,1,0.5812641279056032,44
313,0,439,439,0,0,0,0,0.8242173712823125,0.6268145469565062,0.8242173712823125,0.6268145469565062,1.0,1,0.5937246157904745,43
314,1,440,440,0,0,0,0,0.8053634544403945,0.6010773133589187,0.8053634544403945,0.6010773133589187,1.0,1,0.5968564639576786,43
315,0,440,440,0,0,0,0,0.8320864206901505,0.6479626172400703,0.8320864206901505,0.6479626172400703,1.0,1,0.5876611674631473,43
316,2,442,442,0,0,0,0,0.7865201413048749,0.5782251034596824,0.7865201413048749,0.5782251034596824,1.0,1,0.6052142792903058,43
317,0,442,442,0,0,0,0,0.7920384329354014,0.602003833715837,0.7920384329354014,0.602003833715837,1.0,1,0.599163414152183,44
318,2,444,444,0,0,0,0,0.734634537027647,0.5221464145127841,0.734634537027647,0.5221464145127841,1.0,1,0.6202945512775404,45
319,1,445,445,0,0,0,0,0.7311197870227073,0.5376599563185595,0.7311197870227073,0.5376599563185595,1.0,1,0.6242137432353989,46
320,2,447,447,0,0,0,0,0.7197711016023299,0.5255694247715751,0.7197711016023299,0.5255694247715751,1.0,1,0.6333884922175825,45
321,2,449,449,0,0,0,0,0.7357898690973724,0.55244437703216,0.7357898690973724,0.55244437703216,1.0,1,0.618066027387781,44
322,0,449,449,0,0,0,0,0.7701613170006447,0.6157920139619844,0.7701613170006447,0.6157920139619844,1.0,1,0.618066027387781,42
323,2,451,451,0,0,0,0,0.7701613170006447,0.6157920139619844,0.7701613170006447,0.6157920139619844,1.0,1,0.6268075793714346,42
324,0,451,451,0,0,0,0,0.7566986695635708,0.5922073174755665,0.7566986695635708,0.5922073174755665,1.0,1,0.6268075793714346,43
325,2,453,453,0,0,0,0,0.7566986695635708,0.5922073174755665,0.7566986695635708,0.5922073174755665,1.0,1,0.641006194073881,43
326,0,453,453,0,0,0,0,0.7566986695635708,0.5922073174755665,0.7566986695635708,0.5922073174755665,1.0,1,0.641006194073881,43
327,1,454,454,0,0,0,0,0.7423985323565288,0.5677486498428379,0.7423985323565288,0.5677486498428379,1.0,1,0.651620502330196,44
328,0,454,454,0,0,0,0,0.7423985323565286,0.5677486498428379,0.7423985323565286,0.5677486498428379,1.0,1,0.651620502330196,44
329,0,454,454,0,0,0,0,0.7481230094152725,0.5677486498428379,0.7481230094152725,0.5677486498428379,1.0,1,0.6378366901835933,45
330,0,454,454,0,0,0,0,0.7535985961671144,0.5677486498428379,0.7535985961671144,0.5677486498428379,1.0,1,0.6245265709233654,46
331,0,454,454,0,0,0,0,0.7535985961671144,0.5677486498428379,0.7535985961671144,0.5677486498428379,1.0,1,0.6245265709233654,46
332,1,455,455,0,0,0,0,0.7639488509150183,0.5677486498428379,0.7639488509150183,0.5677486498428379,1.0,1,0.6073473556193486,47
333,2,457,457,0,0,0,0,0.7767125271604235,0.542360693037671,0.7767125271604235,0.542360693037671,1.0,1,0.6019003095005754,48
334,1,458,458,0,0,0,0,0.7774626482442129,0.542360693037671,0.7774626482442129,0.542360693037671,1.0,1,0.6019003095005754,48
335,1,459,459,0,0,0,0,0.764067109599432,0.5222997674001605,0.764067109599432,0.5222997674001605,1.0,1,0.5993844769268553,49
336,1,460,460,0,0,0,0,0.742723628360715,0.5222997674001605,0.742723628360715,0.5222997674001605,1.0,1,0.5993844769268553,50
337,0,460,460,0,0,0,0,0.7252656393105267,0.4918482410092943,0.7252656393105267,0.4918482410092943,1.0,1,0.5993844769268553,51
338,1,461,461,0,0,0,0,0.749157490229372,0.4918482410092943,0.749157490229372,0.4918482410092943,1.0,1,0.5810225075548852,51
339,1,462,462,0,0,0,0,0.7695329364955064,0.4918482410092943,0.7695329364955064,0.4918482410092943,1.0,1,0.5714666284140045,51
340,0,462,462,0,0,0,0,0.7695329364955064,0.4918482410092943,0.7695329364955064,0.4918482410092943,1.0,1,0.5714666284140045,51
341,1,463,463,0,0,0,0,0.7695329364955064,0.4918482410092943,0.7695329364955064,0.4918482410092943,1.0,1,0.5721545854452517,51
342,0,463,463,0,0,0,0,0.7695329364955065,0.4918482410092943,0.7695329364955065,0.4918482410092943,1.0,1,0.5721545854452517,51
343,0,463,463,0,0,0,0,0.7518597496326989,0.4747534248783172,0.7518597496326989,0.4747534248783172,1.0,1,0.5820151715869321,51
344,4,467,467,0,0,0,0,0.7751324363093923,0.5113467046122884,0.7751324363093923,0.5113467046122884,1.0,1,0.5574614923238062,50
345,0,467,467,0,0,0,0,0.7751324363093924,0.5113467046122884,0.7751324363093924,0.5113467046122884,1.0,1,0.5574614923238062,50
346,1,468,468,0,0,0,0,0.7542464094986089,0.5245930130911406,0.7542464094986089,0.5245930130911406,1.0,1,0.5675656017954058,50
347,0,468,468,0,0,0,0,0.7420016097648522,0.5245930130911406,0.7420016097648522,0.5245930130911406,1.0,1,0.5675656017954058,51
348,2,470,470,0,0,0,0,0.7266535084703035,0.5245930130911406,0.7266535084703035,0.5245930130911406,1.0,1,0.5819480805642978,52
349,4,474,474,0,0,0,0,0.740570831642385,0.4981564946239679,0.740570831642385,0.4981564946239679,1.0,1,0.5643094786987912,54
350,1,475,475,0,0,0,0,0.701389425296725,0.45181862246090215,0.701389425296725,0.45181862246090215,1.0,1,0.5879028942270913,54
351,4,479,479,0,0,0,0,0.6977569593314653,0.4554373535368156,0.6977569593314653,0.4554373535368156,1.0,1,0.5837940865258421,54
352,1,480,480,0,0,0,0,0.6894311208232635,0.45913191957048144,0.6894311208232635,0.45913191957048144,1.0,1,0.5723278713113052,56
353,3,483,483,0,0,0,0,0.7178769669829553,0.5052560810906624,0.7178769669829553,0.5052560810906624,1.0,1,0.5635346871968997,54
354,1,484,484,0,0,0,0,0.7130128936304337,0.5063618604239991,0.7130128936304337,0.5063618604239991,1.0,1,0.5670962157860095,53
355,2,486,486,0,0,0,0,0.720327711307857,0.5254751787781153,0.720327711307857,0.5254751787781153,1.0,1,0.5504332276040352,54
356,2,488,488,0,0,0,0,0.6850538649778053,0.49928747428452563,0.6850538649778053,0.49928747428452563,1.0,1,0.5661215643953862,54
357,4,492,492,0,0,0,0,0.6432513150896461,0.4888319706717099,0.6432513150896461,0.4888319706717099,1.0,1,0.5985131029256088,53
358,1,493,493,0,0,0,0,0.6530826292823794,0.5133790482253284,0.6530826292823794,0.5133790482253284,1.0,1,0.6290854126289172,49
359,1,494,494,0,0,0,0,0.6820536851030572,0.5309710483406237,0.6820536851030572,0.5309710483406237,1.0,1,0.612612754719136,48
360,1,495,495,0,0,0,0,0.7115264248371395,0.5508882041916427,0.7115264248371395,0.5508882041916427,1.0,1,0.597884689409516,47
361,1,496,496,0,0,0,0,0.7529573413204875,0.5813362966040636,0.7529573413204875,0.5813362966040636,1.0,1,0.5862002541001802,46
362,0,496,496,0,0,0,0,0.7508783805127593,0.5763030230695637,0.7508783805127593,0.5763030230695637,1.0,1,0.5862002541001802,46
363,1,497,497,0,0,0,0,0.7502722226942432,0.5763030230695637,0.7502722226942432,0.5763030230695637,1.0,1,0.5821515957259976,47
364,0,497,497,0,0,0,0,0.7502722226942432,0.5763030230695637,0.7502722226942432,0.5763030230695637,1.0,1,0.5821515957259976,47
365,3,500,500,0,0,0,0,0.7465571621539457,0.5766375743269034,0.7465571621539457,0.5766375743269034,1.0,1,0.5930254961029624,47
366,2,502,502,0,0,0,0,0.6970461199778637,0.48728333135767715,0.6970461199778637,0.48728333135767715,1.0,1,0.5811825758940615,50
367,0,502,502,0,0,0,0,0.6970461199778637,0.48728333135767715,0.6970461199778637,0.48728333135767715,1.0,1,0.5811825758940615,50
368,0,502,502,0,0,0,0,0.7029863921351603,0.48728333135767715,0.7029863921351603,0.48728333135767715,1.0,1,0.5612543719006592,51
369,1,503,503,0,0,0,0,0.7032579901154283,0.5152589717394661,0.7032579901154283,0.5152589717394661,1.0,1,0.5752141368766208,51
370,0,503,503,0,0,0,0,0.7032579901154283,0.5152589717394661,0.7032579901154283,0.5152589717394661,1.0,1,0.5752141368766208,51
371,1,504,504,0,0,0,0,0.6912515347285718,0.4910376663384989,0.6912515347285718,0.4910376663384989,1.0,1,0.5699299067327093,52
372,0,504,504,0,0,0,0,0.6970769774695421,0.4910376663384989,0.6970769774695421,0.4910376663384989,1.0,1,0.5655214372874814,53
373,1,505,505,0,0,0,0,0.6974366119069418,0.5216870168736081,0.6974366119069418,0.5216870168736081,1.0,1,0.5655214372874814,53
374,0,505,505,0,0,0,0,0.6784686758975054,0.49773303390207424,0.6784686758975054,0.49773303390207424,1.0,1,0.5788012487223667,53
375,5,510,510,0,0,0,0,0.6802170814352068,0.5415322220184068,0.6802170814352068,0.5415322220184068,1.0,1,0.5812389164355737,53
376,1,511,511,0,0,0,0,0.6802170814352068,0.5415322220184068,0.6802170814352068,0.5415322220184068,1.0,1,0.5898173808401356,53
377,3,514,514,0,0,0,0,0.6811497676349623,0.5326791744648499,0.6811497676349623,0.5326791744648499,1.0,1,0.6046076003338651,53
378,3,517,517,0,0,0,0,0.7159740422511572,0.5778964931484656,0.7159740422511572,0.5778964931484656,1.0,1,0.5871347231169879,53
379,1,518,518,0,0,0,0,0.6883491421079642,0.5617530408007884,0.6883491421079642,0.5617530408007884,1.0,1,0.5946140624011428,54
380,4,522,522,0,0,0,0,0.7228531687070332,0.550975782531531,0.7228531687070332,0.550975782531531,1.0,1,0.5686897236221875,54
381,2,524,524,0,0,0,0,0.7121720850925497,0.550975782531531,0.7121720850925497,0.550975782531531,1.0,1,0.5664188266812666,54
382,3,527,527,0,0,0,0,0.7345120373338684,0.5870928746858255,0.7345120373338684,0.5870928746858255,1.0,1,0.547560501457685,55
383,3,530,530,0,0,0,0,0.7152366715135349,0.5416723092879647,0.7152366715135349,0.5416723092879647,1.0,1,0.5510396787703751,55
384,2,532,532,0,0,0,0,0.7139301641815986,0.5733323860347644,0.7139301641815986,0.5733323860347644,1.0,1,0.571530241439956,54
385,3,535,535,0,0,0,0,0.7638896771850809,0.6157428669176355,0.7638896771850809,0.6157428669176355,1.0,1,0.5434204674166263,52
386,2,537,537,0,0,0,0,0.7825943868633095,0.6486742108934064,0.7825943868633095,0.6486742108934064,1.0,1,0.5388897332236128,52
387,2,539,539,0,0,0,0,0.7925945733815893,0.6486742108934064,0.7925945733815893,0.6486742108934064,1.0,1,0.5567555575184145,50
388,4,543,543,0,0,0,0,0.8147510506930343,0.6486742108934064,0.8147510506930343,0.6486742108934064,1.0,1,0.5148901231085605,52
389,1,544,544,0,0,0,0,0.8039328403964814,0.6486742108934064,0.8039328403964814,0.6486742108934064,1.0,1,0.5327570802006604,51
390,5,549,549,0,0,0,0,0.7915913945257826,0.5915741101417172,0.7915913945257826,0.5915741101417172,1.0,1,0.5412711939238661,50
391,2,551,551,0,0,0,0,0.8260395493281072,0.6590438858336894,0.8260395493281072,0.6590438858336894,1.0,1,0.5475711174269251,49
392,5,556,556,0,0,0,0,0.8642025888744814,0.624560098652978,0.8642025888744814,0.624560098652978,1.0,1,0.5277766307261488,47
393,2,558,558,0,0,0,0,0.862808962214801,0.6207071308291557,0.862808962214801,0.6207071308291557,1.0,1,0.5304755174728202,47
394,2,560,560,0,0,0,0,0.8201360153584774,0.5456067756424693,0.8201360153584774,0.5456067756424693,1.0,1,0.5383877931135366,48
395,3,563,563,0,0,0,0,0.807850135070758,0.5347950638555194,0.807850135070758,0.5347950638555194,1.0,1,0.554861540100154,46
396,2,565,565,0,0,0,0,0.7751024719876393,0.5164703147734244,0.7751024719876393,0.5164703147734244,1.0,1,0.5968176437672075,43
397,1,566,566,0,0,0,0,0.7411111534363095,0.48222230687261886,0.7411111534363095,0.48222230687261886,1.0,1,0.6195765291301424,42
398,2,568,568,0,0,0,0,0.7255882675873873,0.47731098588073756,0.7255882675873873,0.47731098588073756,1.0,1,0.6351792320828793,40
399,0,568,568,0,0,0,0,0.7404193168952624,0.4938176679457617,0.7404193168952624,0.4938176679457617,1.0,1,0.6351792320828793,39
400,0,568,568,0,0,0,0,0.7651272758377979,0.5302545516755959,0.7651272758377979,0.5302545516755959,1.0,1,0.6351792320828793,38
401,0,568,568,0,0,0,0,0.7587793643739548,0.5302545516755959,0.7587793643739548,0.5302545516755959,1.0,1,0.6650383132749873,37
402,2,570,570,0,0,0,0,0.7782812492878639,0.5565624985757278,0.7782812492878639,0.5565624985757278,1.0,1,0.6798130300236843,36
403,2,572,572,0,0,0,0,0.804332367234563,0.5802031379606728,0.804332367234563,0.5802031379606728,1.0,1,0.6564121507876883,38
404,1,573,573,0,0,0,0,0.7800904696171639,0.566588450700469,0.7800904696171639,0.566588450700469,1.0,1,0.6564121507876883,39
405,0,573,573,0,0,0,0,0.7855882078767349,0.566588450700469,0.7855882078767349,0.566588450700469,1.0,1,0.6333072381392374,40
406,1,574,574,0,0,0,0,0.7547213926587717,0.6071929720086079,0.7547213926587717,0.6071929720086079,1.0,1,0.6333072381392374,41
407,0,574,574,0,0,0,0,0.7605613595002294,0.6071929720086079,0.7605613595002294,0.6071929720086079,1.0,1,0.6192068190915474,42
408,1,575,575,0,0,0,0,0.7632346389429124,0.6528655999838442,0.7632346389429124,0.6528655999838442,1.0,1,0.5996232133104575,43
409,0,575,575,0,0,0,0,0.7488821652012032,0.6202943621290855,0.7488821652012032,0.6202943621290855,1.0,1,0.5996232133104575,44
410,1,576,576,0,0,0,0,0.7338079110829807,0.5951284585100776,0.7338079110829807,0.5951284585100776,1.0,1,0.5907233155460448,46
411,0,576,576,0,0,0,0,0.7338079110829806,0.5951284585100776,0.7338079110829806,0.5951284585100776,1.0,1,0.5907233155460448,46
412,1,577,577,0,0,0,0,0.7161630154180878,0.5628454616866875,0.7161630154180878,0.5628454616866875,1.0,1,0.5907233155460448,47
413,1,578,578,0,0,0,0,0.7369327596179092,0.5927912083021477,0.7369327596179092,0.5927912083021477,1.0,1,0.5866888946778577,47
414,2,580,580,0,0,0,0,0.7622358183145789,0.594626523742636,0.7622358183145789,0.594626523742636,1.0,1,0.5813366959927431,47
415,1,581,581,0,0,0,0,0.764859338767608,0.6311070990217704,0.764859338767608,0.6311070990217704,1.0,1,0.5775112422425513,48
416,1,582,582,0,0,0,0,0.7747329229791479,0.6044551226444577,0.7747329229791479,0.6044551226444577,1.0,1,0.5733000357045379,49
417,3,585,585,0,0,0,0,0.7858602738488653,0.6378344468323419,0.7858602738488653,0.6378344468323419,1.0,1,0.5715493750311404,49
418,2,587,587,0,0,0,0,0.803892874690544,0.703145919452925,0.803892874690544,0.703145919452925,1.0,1,0.5410292612848825,50
419,2,589,589,0,0,0,0,0.8239019787309183,0.7117692159281589,0.8239019787309183,0.7117692159281589,1.0,1,0.5285051196862958,50
420,2,591,591,0,0,0,0,0.8590177153035065,0.7117692159281589,0.8590177153035065,0.7117692159281589,1.0,1,0.5075744724644702,50
421,1,592,592,0,0,0,0,0.8633003991851272,0.7117692159281589,0.8633003991851272,0.7117692159281589,1.0,1,0.49733434744288024,50
422,1,593,593,0,0,0,0,0.8621404126297533,0.6792047395677455,0.8621404126297533,0.6792047395677455,1.0,1,0.5032711640817062,50
423,4,597,597,0,0,0,0,0.8870094606887511,0.6792047395677455,0.8870094606887511,0.6792047395677455,1.0,1,0.48262429401469764,51
424,3,600,600,0,0,0,0,0.8836353720175539,0.6792047395677455,0.8836353720175539,0.6792047395677455,1.0,1,0.500248729986715,49
425,2,602,602,0,0,0,0,0.8787240947337128,0.6361722842011385,0.8787240947337128,0.6361722842011385,1.0,1,0.5142450421480785,48
426,3,605,605,0,0,0,0,0.84876111903529,0.602602011198974,0.84876111903529,0.602602011198974,1.0,1,0.5114700572814291,50
427,2,607,607,0,0,0,0,0.8116058858614817,0.56932877488982,0.8116058858614817,0.56932877488982,1.0,1,0.5357724704318291,48
428,4,611,611,0,0,0,0,0.734116053388603,0.4932174970369371,0.734116053388603,0.4932174970369371,1.0,1,0.581728662508494,49
429,4,615,615,0,0,0,0,0.8072035929895632,0.5433769307647552,0.8072035929895632,0.5433769307647552,1.0,1,0.546933177774234,45
430,1,616,616,0,0,0,0,0.8020054388684442,0.541486279484818,0.8020054388684442,0.541486279484818,1.0,1,0.5460325517963893,44
431,2,618,618,0,0,0,0,0.7898710913448094,0.5355045177095787,0.7898710913448094,0.5355045177095787,1.0,1,0.5699364405232956,42
432,0,618,618,0,0,0,0,0.8041778936843256,0.5648397637429458,0.8041778936843256,0.5648397637429458,1.0,1,0.5829250781487669,40
433,2,620,620,0,0,0,0,0.848386858355124,0.6316700397645889,0.848386858355124,0.6316700397645889,1.0,1,0.6017359878550065,39
434,2,622,622,0,0,0,0,0.8734682443611927,0.6723263126980069,0.8734682443611927,0.6723263126980069,1.0,1,0.6018747505372131,39
435,1,623,623,0,0,0,0,0.8378527661007223,0.6723263126980069,0.8378527661007223,0.6723263126980069,1.0,1,0.6389651533687454,38
436,2,625,625,0,0,0,0,0.8494747639085157,0.7604342474968749,0.8494747639085157,0.7604342474968749,1.0,1,0.6362705021680465,38
437,0,625,625,0,0,0,0,0.8252841641469243,0.699406185047559,0.8252841641469243,0.699406185047559,1.0,1,0.6362705021680465,39
438,1,626,626,0,0,0,0,0.819133022154815,0.7483308604819359,0.819133022154815,0.7483308604819359,1.0,1,0.6502396238398952,38
439,1,627,627,0,0,0,0,0.7942759413441829,0.7304505275437535,0.7942759413441829,0.7304505275437535,1.0,1,0.6502396238398952,39
440,2,629,629,0,0,0,0,0.79421338334676,0.7304505275437535,0.79421338334676,0.7304505275437535,1.0,1,0.6502396238398952,39
441,1,630,630,0,0,0,0,0.7767157479534501,0.7109499174169058,0.7767157479534501,0.7109499174169058,1.0,1,0.6343410356357883,41
442,0,630,630,0,0,0,0,0.7609249445961018,0.7001907428006623,0.7609249445961018,0.7001907428006623,1.0,1,0.6343410356357883,42
443,3,633,633,0,0,0,0,0.7583123657441877,0.6639466279304443,0.7583123657441877,0.6639466279304443,1.0,1,0.6343410356357883,42
444,0,633,633,0,0,0,0,0.7639330084012995,0.6639466279304443,0.7639330084012995,0.6639466279304443,1.0,1,0.622667687184048,43
445,4,637,637,0,0,0,0,0.7895678913728535,0.6904372741089466,0.7895678913728535,0.6904372741089466,1.0,1,0.5972092215185547,44
446,1,638,638,0,0,0,0,0.7985328334764922,0.6904372741089466,0.7985328334764922,0.6904372741089466,1.0,1,0.5862769888668381,44
447,2,640,640,0,0,0,0,0.8324260226824918,0.691878979099066,0.8324260226824918,0.691878979099066,1.0,1,0.5479172634424141,47
448,0,640,640,0,0,0,0,0.8287831101321111,0.691878979099066,0.8287831101321111,0.691878979099066,1.0,1,0.5545415024007826,46
449,1,641,641,0,0,0,0,0.8524436691061763,0.7518993400149167,0.8524436691061763,0.7518993400149167,1.0,1,0.5447072612143358,46
450,0,641,641,0,0,0,0,0.8524436691061763,0.7518993400149167,0.8524436691061763,0.7518993400149167,1.0,1,0.5445966189540342,46
451,1,642,642,0,0,0,0,0.8543366363628605,0.7563794567020465,0.8543366363628605,0.7563794567020465,1.0,1,0.5375930965128419,47
452,0,642,642,0,0,0,0,0.831940147809673,0.7024451621219228,0.831940147809673,0.7024451621219228,1.0,1,0.5469919051846739,47
453,0,642,642,0,0,0,0,0.831940147809673,0.7024451621219228,0.831940147809673,0.7024451621219228,1.0,1,0.5469919051846739,47
454,0,642,642,0,0,0,0,0.8282866727620571,0.7024451621219228,0.8282866727620571,0.7024451621219228,1.0,1,0.554424010364715,46
455,2,644,644,0,0,0,0,0.7945446949870015,0.7024451621219228,0.7945446949870015,0.7024451621219228,1.0,1,0.5688757697568925,47
456,1,645,645,0,0,0,0,0.7706908767369708,0.6697409422609168,0.7706908767369708,0.6697409422609168,1.0,1,0.5702835720636896,49
457,1,646,646,0,0,0,0,0.7401389183867901,0.6306835154709622,0.7401389183867901,0.6306835154709622,1.0,1,0.5847892539716917,50
458,2,648,648,0,0,0,0,0.7838113270729646,0.6306835154709622,0.7838113270729646,0.6306835154709622,1.0,1,0.5491249960661153,50
459,0,648,648,0,0,0,0,0.7707970655010699,0.6306835154709622,0.7707970655010699,0.6306835154709622,1.0,1,0.531618253787848,52
460,2,650,650,0,0,0,0,0.7943048669678804,0.6306835154709622,0.7943048669678804,0.6306835154709622,1.0,1,0.5007500058232571,53
461,0,650,650,0,0,0,0,0.778665981982026,0.6306835154709622,0.778665981982026,0.6306835154709622,1.0,1,0.5007500058232571,54
462,2,652,652,0,0,0,0,0.8138090240723254,0.6696442243105047,0.8138090240723254,0.6696442243105047,1.0,1,0.47705389300591267,54
463,5,657,657,0,0,0,0,0.8335206103121351,0.7110657996406468,0.8335206103121351,0.7110657996406468,1.0,1,0.47170379203961477,55
464,4,661,661,0,0,0,0,0.8357008018722656,0.7217931655477572,0.8357008018722656,0.7217931655477572,1.0,1,0.47056065557264715,56
465,2,663,663,0,0,0,0,0.8677073502891132,0.7217931655477572,0.8677073502891132,0.7217931655477572,1.0,1,0.45463463401757676,54
466,4,667,667,0,0,0,0,0.8653408688375522,0.7544970706773323,0.8653408688375522,0.7544970706773323,1.0,1,0.45463463401757676,54
467,3,670,670,0,0,0,0,0.8846668799344186,0.775890588863269,0.8846668799344186,0.775890588863269,1.0,1,0.472975142824333,51
468,6,676,676,0,0,0,0,0.9189933455968136,0.7941037908105125,0.9189933455968136,0.7941037908105125,1.0,1,0.4508197452426664,51
469,3,679,679,0,0,0,0,0.9184912053450924,0.7791883281774651,0.9184912053450924,0.7791883281774651,1.0,1,0.4818006587977133,48
470,6,685,685,0,0,0,0,0.8509019348241694,0.717801436848112,0.8509019348241694,0.717801436848112,1.0,1,0.5142158797854115,47
471,2,687,687,0,0,0,0,0.9430861863375539,0.8594429901108905,0.9430861863375539,0.8594429901108905,1.0,1,0.5094750609201211,44
472,4,691,691,0,0,0,0,0.9992795912135685,0.9971838565621308,0.9992795912135685,0.9971838565621308,1.0,1,0.4916366202421069,43
473,2,693,693,0,0,0,0,0.9794003620866566,0.9260356748517709,0.9794003620866566,0.9260356748517709,1.0,1,0.512474109932119,41
474,3,696,696,0,0,0,0,1.0,1.0,1.0,1.0,1.0,1,0.4895931342279801,39
475,3,699,699,0,0,0,0,0.9969076690409316,0.9887551601488423,0.9969076690409316,0.9887551601488423,1.0,1,0.49823117116725457,40
476,6,705,705,0,0,0,0,1.0,1.0,1.0,1.0,1.0,1,0.5293930529909497,38
477,1,706,706,0,0,0,0,1.0,1.0,1.0,1.0,1.0,1,0.5497362931876445,35
478,0,706,706,0,0,0,0,0.9823843808874514,0.9486211109217335,0.9823843808874514,0.9486211109217335,1.0,1,0.5495819536264419,35
479,0,706,706,0,0,0,0,0.9807329165956501,0.9486211109217335,0.9807329165956501,0.9486211109217335,1.0,1,0.565826624915888,32
480,1,707,707,0,0,0,0,0.9807329165956501,0.9486211109217335,0.9807329165956501,0.9486211109217335,1.0,1,0.5643685725859133,32
481,1,708,708,0,0,0,0,0.9436853799316144,0.8570475029033289,0.9436853799316144,0.8570475029033289,1.0,1,0.5772845470004347,33
482,0,708,708,0,0,0,0,0.9453416922865668,0.8570475029033289,0.9453416922865668,0.8570475029033289,1.0,1,0.5719728649475281,34
483,4,712,712,0,0,0,0,0.9480496323365826,0.8721221719054338,0.9480496323365826,0.8721221719054338,1.0,1,0.5899007591417622,32
484,0,712,712,0,0,0,0,0.9496238859021406,0.8721221719054338,0.9496238859021406,0.8721221719054338,1.0,1,0.5675703497792647,33
485,2,714,714,0,0,0,0,0.9508422582671838,0.8714335985449426,0.9508422582671838,0.8714335985449426,1.0,1,0.5920270891906692,34
486,0,714,714,0,0,0,0,0.9294626293812254,0.8714335985449426,0.9294626293812254,0.8714335985449426,1.0,1,0.5955154906777966,36
487,0,714,714,0,0,0,0,0.9294626293812256,0.8714335985449426,0.9294626293812256,0.8714335985449426,1.0,1,0.5955154906777966,36
488,1,715,715,0,0,0,0,0.8954322110923105,0.7856409952696873,0.8954322110923105,0.7856409952696873,1.0,1,0.5907972031179008,37
489,2,717,717,0,0,0,0,0.8489002258152606,0.7856409952696873,0.8489002258152606,0.7856409952696873,1.0,1,0.6180141812928108,38
490,0,717,717,0,0,0,0,0.8489002258152606,0.7856409952696873,0.8489002258152606,0.7856409952696873,1.0,1,0.6180141812928108,38
491,0,717,717,0,0,0,0,0.8448164481345919,0.7856409952696873,0.8448164481345919,0.7856409952696873,1.0,1,0.6269156855305174,37
492,1,718,718,0,0,0,0,0.8656902275533485,0.7856409952696873,0.8656902275533485,0.7856409952696873,1.0,1,0.6227837844428303,37
493,0,718,718,0,0,0,0,0.8656902275533485,0.7856409952696873,0.8656902275533485,0.7856409952696873,1.0,1,0.6227837844428303,37
494,3,721,721,0,0,0,0,0.8558735261518812,0.7000519921235443,0.8558735261518812,0.7000519921235443,1.0,1,0.6164255646951162,39
495,0,721,721,0,0,0,0,0.840048244424161,0.7000519921235443,0.840048244424161,0.7000519921235443,1.0,1,0.6164255646951162,40
496,1,722,722,0,0,0,0,0.8644325479258119,0.7000519921235443,0.8644325479258119,0.7000519921235443,1.0,1,0.611741507207107,40
497,0,722,722,0,0,0,0,0.8508271421204707,0.6539328722584917,0.8508271421204707,0.6539328722584917,1.0,1,0.5862587340441388,43
498,3,725,725,0,0,0,0,0.850095838393753,0.6539328722584917,0.850095838393753,0.6539328722584917,1.0,1,0.5664216164576689,43
499,0,725,725,0,0,0,0,0.8535027511575314,0.6539328722584917,0.8535027511575314,0.6539328722584917,1.0,1,0.5576771493170681,44
500,2,727,727,0,0,0,0,0.8567582455762529,0.6539328722584917,0.8567582455762529,0.6539328722584917,1.0,1,0.5189418476652591,45
501,1,728,728,0,0,0,0,0.8842149670254723,0.6539328722584917,0.8842149670254723,0.6539328722584917,1.0,1,0.4967428911336709,45
502,5,733,733,0,0,0,0,0.8625665672496547,0.6134684703896539,0.8625665672496547,0.6134684703896539,1.0,1,0.5089758748279957,45
503,1,734,734,0,0,0,0,0.8655542505703144,0.6134684703896539,0.8655542505703144,0.6134684703896539,1.0,1,0.48101849469530983,46
504,3,737,737,0,0,0,0,0.8295507743038008,0.5549381329043687,0.8295507743038008,0.5549381329043687,1.0,1,0.47580379422070457,47
505,1,738,738,0,0,0,0,0.8373056406566635,0.598049229857639,0.8373056406566635,0.598049229857639,1.0,1,0.4862831771343772,42
506,2,740,740,0,0,0,0,0.8287996228098807,0.5871049726591242,0.8287996228098807,0.5871049726591242,1.0,1,0.5154787080682456,41
507,1,741,741,0,0,0,0,0.821948659393491,0.6020028857030977,0.821948659393491,0.6020028857030977,1.0,1,0.5359537756792329,38
508,2,743,743,0,0,0,0,0.7923282744208401,0.5615819126662178,0.7923282744208401,0.5615819126662178,1.0,1,0.574480982320574,38
509,2,745,745,0,0,0,0,0.7726911385336366,0.5573459013549765,0.7726911385336366,0.5573459013549765,1.0,1,0.6069877988104946,37
510,1,746,746,0,0,0,0,0.7620535998336041,0.5491541891584079,0.7620535998336041,0.5491541891584079,1.0,1,0.6295879148840944,36
511,0,746,746,0,0,0,0,0.7763021981021107,0.5774597075262089,0.7763021981021107,0.5774597075262089,1.0,1,0.6331330462595753,34
512,0,746,746,0,0,0,0,0.8191817102668459,0.6383634205336919,0.8191817102668459,0.6383634205336919,1.0,1,0.6331330462595753,32
513,1,747,747,0,0,0,0,0.8191817102668459,0.6383634205336919,0.8191817102668459,0.6383634205336919,1.0,1,0.6519141317543348,32
514,0,747,747,0,0,0,0,0.800856263944139,0.5899981904732273,0.800856263944139,0.5899981904732273,1.0,1,0.643156667995561,35
515,0,747,747,0,0,0,0,0.800856263944139,0.5899981904732273,0.800856263944139,0.5899981904732273,1.0,1,0.643156667995561,35
516,1,748,748,0,0,0,0,0.8063880343901351,0.5899981904732273,0.8063880343901351,0.5899981904732273,1.0,1,0.6317131122459138,36
517,1,749,749,0,0,0,0,0.8365681799374466,0.6322784048592548,0.8365681799374466,0.6322784048592548,1.0,1,0.6245162289947437,36
518,1,750,750,0,0,0,0,0.8432169665538322,0.6178413559749657,0.8432169665538322,0.6178413559749657,1.0,1,0.6185193819607882,39
519,1,751,751,0,0,0,0,0.8432169665538319,0.6178413559749657,0.8432169665538319,0.6178413559749657,1.0,1,0.6011955059933974,39
520,1,752,752,0,0,0,0,0.8189385755628726,0.5846237909971784,0.8189385755628726,0.5846237909971784,1.0,1,0.6055541358891883,39
521,1,753,753,0,0,0,0,0.8234651111738008,0.5846237909971784,0.8234651111738008,0.5846237909971784,1.0,1,0.58562118586474,40
522,1,754,754,0,0,0,0,0.8498451278384564,0.6246128195961415,0.8498451278384564,0.6246128195961415,1.0,1,0.580983299179529,40
523,3,757,757,0,0,0,0,0.8481368838502205,0.61085076486619,0.8481368838502205,0.61085076486619,1.0,1,0.573709856752408,41
524,2,759,759,0,0,0,0,0.8731569068416839,0.6532955453672692,0.8731569068416839,0.6532955453672692,1.0,1,0.5566027454768394,41
525,0,759,759,0,0,0,0,0.8699858295127259,0.6532955453672692,0.8699858295127259,0.6532955453672692,1.0,1,0.560198419041241,40
526,2,761,761,0,0,0,0,0.8792219082346954,0.6779250886258541,0.8792219082346954,0.6779250886258541,1.0,1,0.5675499667176532,40
527,2,763,763,0,0,0,0,0.9283986996879209,0.7796883067320644,0.9283986996879209,0.7796883067320644,1.0,1,0.5505059284543257,40
528,2,765,765,0,0,0,0,0.9283986996879211,0.7796883067320644,0.9283986996879211,0.7796883067320644,1.0,1,0.5534070114027309,40
529,1,766,766,0,0,0,0,0.94529357423388,0.8659108026099526,0.94529357423388,0.8659108026099526,1.0,1,0.5690369407078751,39
530,1,767,767,0,0,0,0,0.9452935742338803,0.8659108026099526,0.9452935742338803,0.8659108026099526,1.0,1,0.5623896067659413,39
531,2,769,769,0,0,0,0,0.9246314684947856,0.7989873844057827,0.9246314684947856,0.7989873844057827,1.0,1,0.5649031814493356,39
532,0,769,769,0,0,0,0,0.926515681782416,0.7989873844057827,0.926515681782416,0.7989873844057827,1.0,1,0.5625665858607956,40
533,3,772,772,0,0,0,0,0.8699279393076924,0.6746768053183431,0.8699279393076924,0.6746768053183431,1.0,1,0.6011731710265256,40
534,0,772,772,0,0,0,0,0.825916923310293,0.6424542189682729,0.825916923310293,0.6424542189682729,1.0,1,0.6011731710265256,42
535,0,772,772,0,0,0,0,0.8530435285925251,0.6945723283564076,0.8530435285925251,0.6945723283564076,1.0,1,0.5964665043469708,42
536,0,772,772,0,0,0,0,0.8470410912523877,0.6945723283564076,0.8470410912523877,0.6945723283564076,1.0,1,0.5953848170981991,43
537,0,772,772,0,0,0,0,0.8470410912523877,0.6945723283564076,0.8470410912523877,0.6945723283564076,1.0,1,0.5953848170981991,43
538,1,773,773,0,0,0,0,0.8354247157285415,0.729550650273515,0.8354247157285415,0.729550650273515,1.0,1,0.5953848170981991,44
539,1,774,774,0,0,0,0,0.8343747034236134,0.7828805689996414,0.8343747034236134,0.7828805689996414,1.0,1,0.5953848170981991,44
540,4,778,778,0,0,0,0,0.8485672840619384,0.746589675458368,0.8485672840619384,0.746589675458368,1.0,1,0.5772061646736836,44
541,1,779,779,0,0,0,0,0.8519324555272286,0.746589675458368,0.8519324555272286,0.746589675458368,1.0,1,0.5564599864618731,45
542,2,781,781,0,0,0,0,0.8324243183838145,0.6937875735564887,0.8324243183838145,0.6937875735564887,1.0,1,0.5356354231988913,46
543,2,783,783,0,0,0,0,0.8907109144568529,0.8169344073084568,0.8907109144568529,0.8169344073084568,1.0,1,0.5191626452286119,43
544,3,786,786,0,0,0,0,0.8547644905812668,0.7422896451448752,0.8547644905812668,0.7422896451448752,1.0,1,0.5310663353819949,42
545,2,788,788,0,0,0,0,0.8275247491339424,0.6838260307009263,0.8275247491339424,0.6838260307009263,1.0,1,0.5373156858071254,43
546,3,791,791,0,0,0,0,0.8204794270566433,0.7275833620593569,0.8204794270566433,0.7275833620593569,1.0,1,0.5525295691821575,41
547,0,791,791,0,0,0,0,0.8732091773460896,0.7466778171779557,0.8732091773460896,0.7466778171779557,1.0,1,0.5363146965517809,40
548,5,796,796,0,0,0,0,0.7955749895655594,0.6913006761420665,0.7955749895655594,0.6913006761420665,1.0,1,0.5878357201035893,40
549,2,798,798,0,0,0,0,0.7916132277523926,0.6946284294567954,0.7916132277523926,0.6946284294567954,1.0,1,0.6345654112957722,39
550,1,799,799,0,0,0,0,0.8183481957134389,0.7466778171779557,0.8183481957134389,0.7466778171779557,1.0,1,0.6356749507928491,38
551,2,801,801,0,0,0,0,0.7758313206518129,0.6305675084831571,0.7758313206518129,0.6305675084831571,1.0,1,0.6343747570273084,38
552,0,801,801,0,0,0,0,0.7517046738481711,0.6305675084831571,0.7517046738481711,0.6305675084831571,1.0,1,0.6343747570273084,39
553,0,801,801,0,0,0,0,0.7739085134111415,0.6305675084831571,0.7739085134111415,0.6305675084831571,1.0,1,0.6389162764528542,38
554,2,803,803,0,0,0,0,0.7501340236047157,0.5870195030652335,0.7501340236047157,0.5870195030652335,1.0,1,0.6388911843263062,39
555,0,803,803,0,0,0,0,0.7698395898885142,0.6361097464350404,0.7698395898885142,0.6361097464350404,1.0,1,0.6298171415447835,39
556,0,803,803,0,0,0,0,0.7550694529774796,0.6092229444945749,0.7550694529774796,0.6092229444945749,1.0,1,0.6298171415447835,40
557,3,806,806,0,0,0,0,0.8153830628940835,0.6092229444945749,0.8153830628940835,0.6092229444945749,1.0,1,0.6259052633736517,40
558,0,806,806,0,0,0,0,0.8153830628940835,0.6092229444945749,0.8153830628940835,0.6092229444945749,1.0,1,0.6259052633736517,40
559,3,809,809,0,0,0,0,0.8339197514101944,0.6092229444945749,0.8339197514101944,0.6092229444945749,1.0,1,0.6142322987204965,40
560,0,809,809,0,0,0,0,0.8379704891806774,0.6092229444945749,0.8379704891806774,0.6092229444945749,1.0,1,0.5929334173690732,41
561,3,812,812,0,0,0,0,0.7737070822069696,0.5730641765025684,0.7737070822069696,0.5730641765025684,1.0,1,0.6088088882673992,42
562,1,813,813,0,0,0,0,0.74655840276597,0.5730641765025684,0.74655840276597,0.5730641765025684,1.0,1,0.6146912943067355,42
563,2,815,815,0,0,0,0,0.6984615783843451,0.5730641765025684,0.6984615783843451,0.5730641765025684,1.0,1,0.6317731683677166,42
564,0,815,815,0,0,0,0,0.6794386480609128,0.5366121448169993,0.6794386480609128,0.5366121448169993,1.0,1,0.6317731683677166,43
565,0,815,815,0,0,0,0,0.6867241333322557,0.5366121448169993,0.6867241333322557,0.5366121448169993,1.0,1,0.6270469945118421,44
566,0,815,815,0,0,0,0,0.6936858192582055,0.5366121448169993,0.6936858192582055,0.5366121448169993,1.0,1,0.6201788551836818,45
567,0,815,815,0,0,0,0,0.6936858192582055,0.5366121448169993,0.6936858192582055,0.5366121448169993,1.0,1,0.6201788551836818,45
568,0,815,815,0,0,0,0,0.700344823187375,0.5366121448169993,0.700344823187375,0.5366121448169993,1.0,1,0.6104154840036288,46
569,2,817,817,0,0,0,0,0.7530870280475914,0.5763261225100277,0.7530870280475914,0.5763261225100277,1.0,1,0.5779682520780997,47
570,2,819,819,0,0,0,0,0.7742151073229984,0.5965355904969188,0.7742151073229984,0.5965355904969188,1.0,1,0.571535433172092,48
571,0,819,819,0,0,0,0,0.7742151073229983,0.5965355904969188,0.7742151073229983,0.5965355904969188,1.0,1,0.571535433172092,48
572,0,819,819,0,0,0,0,0.7694111734362536,0.5965355904969188,0.7694111734362536,0.5965355904969188,1.0,1,0.5868488267083042,47
573,0,819,819,0,0,0,0,0.7551253487397129,0.5544401097327576,0.7551253487397129,0.5544401097327576,1.0,1,0.5761697504773016,49
574,0,819,819,0,0,0,0,0.7551253487397129,0.5544401097327576,0.7551253487397129,0.5544401097327576,1.0,1,0.5761697504773016,49
575,0,819,819,0,0,0,0,0.7600228417649187,0.5544401097327576,0.7600228417649187,0.5544401097327576,1.0,1,0.5697425631414421,50
576,0,819,819,0,0,0,0,0.7448698281548577,0.5245863748863918,0.7448698281548577,0.5245863748863918,1.0,1,0.5697425631414421,51
577,2,821,821,0,0,0,0,0.7456002651970839,0.5211668480915779,0.7456002651970839,0.5211668480915779,1.0,1,0.5697425631414421,51
578,2,823,823,0,0,0,0,0.762147414467439,0.5032970540570328,0.762147414467439,0.5032970540570328,1.0,1,0.5529522557256465,51
579,1,824,824,0,0,0,0,0.7667215026507576,0.5032970540570328,0.7667215026507576,0.5032970540570328,1.0,1,0.5319470365384519,52
580,2,826,826,0,0,0,0,0.7622603727964956,0.45604389148394114,0.7622603727964956,0.45604389148394114,1.0,1,0.5319470365384519,52
581,1,827,827,0,0,0,0,0.7569243621793647,0.47066696754774967,0.7569243621793647,0.47066696754774967,1.0,1,0.544923834564107,52
582,2,829,829,0,0,0,0,0.7319883234674831,0.40814088099069185,0.7319883234674831,0.40814088099069185,1.0,1,0.541284965757318,53
583,2,831,831,0,0,0,0,0.7768263149451574,0.4580067648668108,0.7768263149451574,0.4580067648668108,1.0,1,0.5501735759501493,51
584,6,837,837,0,0,0,0,0.760792001976906,0.44547236821919145,0.760792001976906,0.44547236821919145,1.0,1,0.5777525888125232,51
585,3,840,840,0,0,0,0,0.7508258352847302,0.4606904120449841,0.7508258352847302,0.4606904120449841,1.0,1,0.6001617388029111,49
586,3,843,843,0,0,0,0,0.7492946566972265,0.4840785924838293,0.7492946566972265,0.4840785924838293,1.0,1,0.5943146405309587,49
587,4,847,847,0,0,0,0,0.7306611978562527,0.492120820142858,0.7306611978562527,0.492120820142858,1.0,1,0.6083803445463007,48
588,2,849,849,0,0,0,0,0.7838780555059148,0.5415556247818576,0.7838780555059148,0.5415556247818576,1.0,1,0.599509187332267,46
589,4,853,853,0,0,0,0,0.7169775010663338,0.4629093172050033,0.7169775010663338,0.4629093172050033,1.0,1,0.6144904461574939,48
590,5,858,858,0,0,0,0,0.7449431277454558,0.5560409805882022,0.7449431277454558,0.5560409805882022,1.0,1,0.5787589423627992,47
591,1,859,859,0,0,0,0,0.7746261896927543,0.5560409805882022,0.7746261896927543,0.5560409805882022,1.0,1,0.5452542622652842,48
592,0,859,859,0,0,0,0,0.8086523332069576,0.5733748220060388,0.8086523332069576,0.5733748220060388,1.0,1,0.5306912953368861,47
593,0,859,859,0,0,0,0,0.823534364640382,0.6124849201370522,0.823534364640382,0.6124849201370522,1.0,1,0.5505540355566912,45
594,5,864,864,0,0,0,0,0.8645230079129065,0.7424473836261167,0.8645230079129065,0.7424473836261167,1.0,1,0.5582503142189899,44
595,3,867,867,0,0,0,0,0.9025830640479705,0.8135048963129802,0.9025830640479705,0.8135048963129802,1.0,1,0.5618657541923352,43
596,2,869,869,0,0,0,0,0.8844667438269233,0.7296446935381988,0.8844667438269233,0.7296446935381988,1.0,1,0.5765632972736953,44
597,1,870,870,0,0,0,0,0.8817592184928631,0.6759002554822492,0.8817592184928631,0.6759002554822492,1.0,1,0.5886819261679253,43
598,2,872,872,0,0,0,0,0.8581105508431567,0.6990728058549913,0.8581105508431567,0.6990728058549913,1.0,1,0.5712882922550809,45
599,1,873,873,0,0,0,0,0.8388747724083987,0.6522695026106751,0.8388747724083987,0.6522695026106751,1.0,1,0.5817758392288241,44
600,1,874,874,0,0,0,0,0.8364204269993549,0.7030087752972625,0.8364204269993549,0.7030087752972625,1.0,1,0.5817758392288241,44
601,0,874,874,0,0,0,0,0.8162927768123425,0.6547379873776707,0.8162927768123425,0.6547379873776707,1.0,1,0.5817758392288241,45
602,0,874,874,0,0,0,0,0.8084240844631453,0.6547379873776707,0.8084240844631453,0.6547379873776707,1.0,1,0.5792130454536024,46
603,1,875,875,0,0,0,0,0.8440844328141893,0.7019090203429702,0.8440844328141893,0.7019090203429702,1.0,1,0.561905351765392,46
604,0,875,875,0,0,0,0,0.8474017853075044,0.7019090203429702,0.8474017853075044,0.7019090203429702,1.0,1,0.5521888637062519,47
605,1,876,876,0,0,0,0,0.8745167938556662,0.7019090203429702,0.8745167938556662,0.7019090203429702,1.0,1,0.5385810394039119,47
606,0,876,876,0,0,0,0,0.8745167938556662,0.7019090203429702,0.8745167938556662,0.7019090203429702,1.0,1,0.5410404675791394,47
607,1,877,877,0,0,0,0,0.8807181208862409,0.7019090203429702,0.8807181208862409,0.7019090203429702,1.0,1,0.5253123720600955,48
608,0,877,877,0,0,0,0,0.8781802085646717,0.7019090203429702,0.8781802085646717,0.7019090203429702,1.0,1,0.5403129484494331,47
609,0,877,877,0,0,0,0,0.8655833687063748,0.7019090203429702,0.8655833687063748,0.7019090203429702,1.0,1,0.5403129484494331,48
610,1,878,878,0,0,0,0,0.8492225042120499,0.6714571130885599,0.8492225042120499,0.6714571130885599,1.0,1,0.5457931553188354,48
611,3,881,881,0,0,0,0,0.8040181925581296,0.6714571130885599,0.8040181925581296,0.6714571130885599,1.0,1,0.5655539336084016,49
612,0,881,881,0,0,0,0,0.7870653004250882,0.6639068944667103,0.7870653004250882,0.6639068944667103,1.0,1,0.5655539336084016,50
613,2,883,883,0,0,0,0,0.7674594502193473,0.6121784202740584,0.7674594502193473,0.6121784202740584,1.0,1,0.5802051213526935,50
614,0,883,883,0,0,0,0,0.7674594502193473,0.6121784202740584,0.7674594502193473,0.6121784202740584,1.0,1,0.5802051213526935,50
615,2,885,885,0,0,0,0,0.7481725280679236,0.6121784202740584,0.7481725280679236,0.6121784202740584,1.0,1,0.5957102565447225,50
616,1,886,886,0,0,0,0,0.7480535894883218,0.6121784202740584,0.7480535894883218,0.6121784202740584,1.0,1,0.5957102565447225,50
617,1,887,887,0,0,0,0,0.7366244989165154,0.6121784202740584,0.7366244989165154,0.6121784202740584,1.0,1,0.5850488626178046,52
618,3,890,890,0,0,0,0,0.7724332257572601,0.6308642011246952,0.7724332257572601,0.6308642011246952,1.0,1,0.5496683621483367,52
619,2,892,892,0,0,0,0,0.7791968848853291,0.6333687903825308,0.7791968848853291,0.6333687903825308,1.0,1,0.5553084743852242,50
620,3,895,895,0,0,0,0,0.8119830553615458,0.6460078089555641,0.8119830553615458,0.6460078089555641,1.0,1,0.5195140263027435,50
621,4,899,899,0,0,0,0,0.8211808137343917,0.5863703100674694,0.8211808137343917,0.5863703100674694,1.0,1,0.5100499333017449,49
622,1,900,900,0,0,0,0,0.8603424041082522,0.6065821961863288,0.8603424041082522,0.6065821961863288,1.0,1,0.49865992639867074,49
623,4,904,904,0,0,0,0,0.8814179145147066,0.6472445159535292,0.8814179145147066,0.6472445159535292,1.0,1,0.48988891178651434,48
624,2,906,906,0,0,0,0,0.9198505269636542,0.7366517314520067,0.9198505269636542,0.7366517314520067,1.0,1,0.49294092110400534,46
625,3,909,909,0,0,0,0,0.9311359016088508,0.8071315040164121,0.9311359016088508,0.8071315040164121,1.0,1,0.5061329711692599,45
626,5,914,914,0,0,0,0,0.9056127960661584,0.7863546557116532,0.9056127960661584,0.7863546557116532,1.0,1,0.5299157813431574,44
627,2,916,916,0,0,0,0,0.9076619988715496,0.7490328819507026,0.9076619988715496,0.7490328819507026,1.0,1,0.5385700969708465,44
628,6,922,922,0,0,0,0,0.8829892537466191,0.6970749513992002,0.8829892537466191,0.6970749513992002,1.0,1,0.5323314864227573,44
629,0,922,922,0,0,0,0,0.927885951775035,0.8190708560702459,0.927885951775035,0.8190708560702459,1.0,1,0.5351816404731884,41
630,3,925,925,0,0,0,0,0.9193543473441743,0.7695838495547833,0.9193543473441743,0.7695838495547833,1.0,1,0.5469139330914433,40
631,2,927,927,0,0,0,0,0.9497585140263111,0.8531402717692169,0.9497585140263111,0.8531402717692169,1.0,1,0.5675820691092902,38
632,3,930,930,0,0,0,0,0.9212604383830518,0.7862783327539982,0.9212604383830518,0.7862783327539982,1.0,1,0.5193144248509493,38
633,1,931,931,0,0,0,0,0.945830977389841,0.8499934758487901,0.945830977389841,0.8499934758487901,1.0,1,0.5581342617266102,36
634,0,931,931,0,0,0,0,0.9442832910295506,0.8499934758487901,0.9442832910295506,0.8499934758487901,1.0,1,0.5589582752169845,35
635,0,931,931,0,0,0,0,0.9442832910295506,0.8499934758487901,0.9442832910295506,0.8499934758487901,1.0,1,0.5589582752169845,35
636,1,932,932,0,0,0,0,0.9146308717107262,0.7804793843990104,0.9146308717107262,0.7804793843990104,1.0,1,0.5957365635758114,36
637,0,932,932,0,0,0,0,0.9121917537596043,0.7804793843990104,0.9121917537596043,0.7804793843990104,1.0,1,0.6018899683930728,35
638,3,935,935,0,0,0,0,0.9096091582819456,0.7804793843990104,0.9096091582819456,0.7804793843990104,1.0,1,0.6260984204796132,34
639,1,936,936,0,0,0,0,0.9146308717107262,0.7804793843990104,0.9146308717107262,0.7804793843990104,1.0,1,0.6083997136450584,36
640,1,937,937,0,0,0,0,0.8851057441741599,0.7165941689629278,0.8851057441741599,0.7165941689629278,1.0,1,0.6197035253654568,37
641,0,937,937,0,0,0,0,0.8851057441741599,0.7165941689629278,0.8851057441741599,0.7165941689629278,1.0,1,0.6197035253654568,37
642,1,938,938,0,0,0,0,0.8881292772222084,0.7165941689629278,0.8881292772222084,0.7165941689629278,1.0,1,0.5948569832847587,38
643,0,938,938,0,0,0,0,0.8909977572934338,0.7165941689629278,0.8909977572934338,0.7165941689629278,1.0,1,0.5969032452337378,39
644,3,941,941,0,0,0,0,0.8895907851326293,0.7504908574557831,0.8895907851326293,0.7504908574557831,1.0,1,0.6111069259028277,39
645,0,941,941,0,0,0,0,0.8895907851326293,0.7504908574557831,0.8895907851326293,0.7504908574557831,1.0,1,0.6053773550057259,39
646,3,944,944,0,0,0,0,0.8408496918956517,0.7563076760466235,0.8408496918956517,0.7563076760466235,1.0,1,0.6248334775058949,40
647,0,944,944,0,0,0,0,0.8408496918956517,0.7563076760466235,0.8408496918956517,0.7563076760466235,1.0,1,0.6248334775058949,40
648,0,944,944,0,0,0,0,0.840849691895652,0.7563076760466235,0.840849691895652,0.7563076760466235,1.0,1,0.6248334775058949,40
649,3,947,947,0,0,0,0,0.8848532120878918,0.8113054402180737,0.8848532120878918,0.8113054402180737,1.0,1,0.6160179898117677,40
650,3,950,950,0,0,0,0,0.8619533445717856,0.7466276707350106,0.8619533445717856,0.7466276707350106,1.0,1,0.6163741409398175,41
651,1,951,951,0,0,0,0,0.8601101218228231,0.7663750206847312,0.8601101218228231,0.7663750206847312,1.0,1,0.611786588335164,42
652,1,952,952,0,0,0,0,0.8799304082741323,0.8104562180574316,0.8799304082741323,0.8104562180574316,1.0,1,0.611786588335164,41
653,1,953,953,0,0,0,0,0.8959820654783428,0.8104562180574316,0.8959820654783428,0.8104562180574316,1.0,1,0.6087825261096246,41
654,3,956,956,0,0,0,0,0.8543975222475187,0.7574219311817136,0.8543975222475187,0.7574219311817136,1.0,1,0.6035545801107797,42
655,1,957,957,0,0,0,0,0.8150735986445302,0.7060103742419359,0.8150735986445302,0.7060103742419359,1.0,1,0.5778176125916925,45
656,1,958,958,0,0,0,0,0.8150735986445302,0.7060103742419359,0.8150735986445302,0.7060103742419359,1.0,1,0.5914491996034105,45
657,2,960,960,0,0,0,0,0.8537753440556876,0.6767480478297663,0.8537753440556876,0.6767480478297663,1.0,1,0.5799304649922065,43
658,5,965,965,0,0,0,0,0.8276115079221172,0.7110678200718091,0.8276115079221172,0.7110678200718091,1.0,1,0.5559945012352009,43
659,1,966,966,0,0,0,0,0.8279590490284497,0.6561925059696019,0.8279590490284497,0.6561925059696019,1.0,1,0.5497465986824173,43
660,3,969,969,0,0,0,0,0.8325040958096435,0.7255426238177014,0.8325040958096435,0.7255426238177014,1.0,1,0.5467718250168447,43
661,3,972,972,0,0,0,0,0.8452297970781001,0.7306843504119951,0.8452297970781001,0.7306843504119951,1.0,1,0.5739186243540357,41
662,2,974,974,0,0,0,0,0.9062054432597954,0.8333979563559344,0.9062054432597954,0.8333979563559344,1.0,1,0.5860471694537556,40
663,1,975,975,0,0,0,0,0.9219166917298031,0.8333979563559344,0.9219166917298031,0.8333979563559344,1.0,1,0.586529579633567,39
664,3,978,978,0,0,0,0,0.9494367360447994,0.8742414526401375,0.9494367360447994,0.8742414526401375,1.0,1,0.6074494079355087,36
665,3,981,981,0,0,0,0,0.9572718253272201,0.8718154759816606,0.9572718253272201,0.8718154759816606,1.0,1,0.5567449846231783,36
666,1,982,982,0,0,0,0,0.9572718253272203,0.8718154759816606,0.9572718253272203,0.8718154759816606,1.0,1,0.5497210460315917,36
667,1,983,983,0,0,0,0,0.9312965300624337,0.8150291193988601,0.9312965300624337,0.8150291193988601,1.0,1,0.5492667240287067,35
668,2,985,985,0,0,0,0,0.9292758397701524,0.8150291193988601,0.9292758397701524,0.8150291193988601,1.0,1,0.560450531251358,34
669,3,988,988,0,0,0,0,0.9024416966948922,0.7630726919733094,0.9024416966948922,0.7630726919733094,1.0,1,0.5773747920395041,34
670,1,989,989,0,0,0,0,0.8963443027383229,0.7630726919733094,0.8963443027383229,0.7630726919733094,1.0,1,0.6095713506623763,32
671,0,989,989,0,0,0,0,0.8994853844735252,0.7630726919733094,0.8994853844735252,0.7630726919733094,1.0,1,0.607338753853854,33
672,0,989,989,0,0,0,0,0.8963443027383228,0.7630726919733094,0.8963443027383228,0.7630726919733094,1.0,1,0.6217470687313194,32
673,2,991,991,0,0,0,0,0.9262249441554629,0.8183998625365241,0.9262249441554629,0.8183998625365241,1.0,1,0.6130534275597848,32
674,1,992,992,0,0,0,0,0.9310566306811555,0.8302932447536135,0.9310566306811555,0.8302932447536135,1.0,1,0.6412671694582278,32
675,1,993,993,0,0,0,0,0.9051214592431618,0.7695806867333932,0.9051214592431618,0.7695806867333932,1.0,1,0.6394221244320124,34
676,3,996,996,0,0,0,0,0.9194847301564159,0.7832281196518888,0.9194847301564159,0.7832281196518888,1.0,1,0.6267387710728621,35
677,2,998,998,0,0,0,0,0.9194847301564159,0.7832281196518888,0.9194847301564159,0.7832281196518888,1.0,1,0.6125046798265786,35
678,3,1001,1001,0,0,0,0,0.9788757077412222,0.9453968574304146,0.9788757077412222,0.9453968574304146,1.0,1,0.6156262301365673,35
679,1,1002,1002,0,0,0,0,0.9181554920443106,0.8742182097169069,0.9181554920443106,0.8742182097169069,1.0,1,0.6225596694266502,36
680,2,1004,1004,0,0,0,0,0.9206128221363193,0.8208481611667922,0.9206128221363193,0.8208481611667922,1.0,1,0.6242421705760081,37
681,0,1004,1004,0,0,0,0,0.9206128221363193,0.8208481611667922,0.9206128221363193,0.8208481611667922,1.0,1,0.6242421705760081,37
682,2,1006,1006,0,0,0,0,0.9193816848049291,0.8173441549159124,0.9193816848049291,0.8173441549159124,1.0,1,0.6144103229125268,37
683,2,1008,1008,0,0,0,0,0.9674217577174266,0.8968355661051843,0.9674217577174266,0.8968355661051843,1.0,1,0.5765448351163595,38
684,1,1009,1009,0,0,0,0,0.9682570972631337,0.8968355661051843,0.9682570972631337,0.8968355661051843,1.0,1,0.5721884590637908,39
685,2,1011,1011,0,0,0,0,1.0,1.0,1.0,1.0,1.0,1,0.5593810500687173,38
686,0,1011,1011,0,0,0,0,1.0,1.0,1.0,1.0,1.0,1,0.5772966440265916,37
687,1,1012,1012,0,0,0,0,0.987020334118723,0.9551611542283162,0.987020334118723,0.9551611542283162,1.0,1,0.5580320379780112,38
688,0,1012,1012,0,0,0,0,0.986669532338148,0.9551611542283162,0.986669532338148,0.9551611542283162,1.0,1,0.5759543249239816,37
689,0,1012,1012,0,0,0,0,0.9535166396468561,0.8900313541429926,0.9535166396468561,0.8900313541429926,1.0,1,0.5790438654067173,39
690,0,1012,1012,0,0,0,0,0.9522933933217734,0.8900313541429926,0.9522933933217734,0.8900313541429926,1.0,1,0.5920712439806558,38
691,1,1013,1013,0,0,0,0,0.9522933933217734,0.8900313541429926,0.9522933933217734,0.8900313541429926,1.0,1,0.5998733482537744,38
692,2,1015,1015,0,0,0,0,0.9252726957821844,0.8733321825005914,0.9252726957821844,0.8733321825005914,1.0,1,0.610496063684867,38
693,1,1016,1016,0,0,0,0,0.9013704263870693,0.8149876516369614,0.9013704263870693,0.8149876516369614,1.0,1,0.605441255202048,40
694,3,1019,1019,0,0,0,0,0.8486967771234782,0.7271977727987635,0.8486967771234782,0.7271977727987635,1.0,1,0.6038801613093168,42
695,3,1022,1022,0,0,0,0,0.8650701012959532,0.7027282907038385,0.8650701012959532,0.7027282907038385,1.0,1,0.6095398082587512,40
696,2,1024,1024,0,0,0,0,0.8512431472286087,0.6653610428528881,0.8512431472286087,0.6653610428528881,1.0,1,0.6149741382325751,39
697,1,1025,1025,0,0,0,0,0.8215375430355741,0.6653610428528881,0.8215375430355741,0.6653610428528881,1.0,1,0.6200163675826108,39
698,3,1028,1028,0,0,0,0,0.8800480283294816,0.7076867450905023,0.8800480283294816,0.7076867450905023,1.0,1,0.5829655529271363,37
699,0,1028,1028,0,0,0,0,0.9040007555376154,0.7501108630756061,0.9040007555376154,0.7501108630756061,1.0,1,0.5714865701376476,37
700,4,1032,1032,0,0,0,0,0.9001274002575457,0.8325502222194555,0.9001274002575457,0.8325502222194555,1.0,1,0.5612057394427595,37
701,0,1032,1032,0,0,0,0,0.9001274002575457,0.8325502222194555,0.9001274002575457,0.8325502222194555,1.0,1,0.5612057394427595,37
702,2,1034,1034,0,0,0,0,0.9427145497066559,0.8325502222194555,0.9427145497066559,0.8325502222194555,1.0,1,0.5521961593185973,38
703,6,1040,1040,0,0,0,0,1.0,1.0,1.0,1.0,1.0,1,0.47854828307448355,36
704,2,1042,1042,0,0,0,0,1.0,1.0,1.0,1.0,1.0,1,0.5002594592594543,36
705,4,1046,1046,0,0,0,0,1.0,1.0,1.0,1.0,1.0,1,0.46506084638459366,36
706,2,1048,1048,0,0,0,0,1.0,1.0,1.0,1.0,1.0,1,0.4926261456127745,35
707,2,1050,1050,0,0,0,0,0.99504196277111,0.9837736963418143,0.99504196277111,0.9837736963418143,1.0,1,0.5417013629903854,36
708,4,1054,1054,0,0,0,0,1.0,1.0,1.0,1.0,1.0,1,0.5397890637207247,36
709,3,1057,1057,0,0,0,0,1.0,1.0,1.0,1.0,1.0,1,0.5380307232698556,34
710,3,1060,1060,0,0,0,0,1.0,1.0,1.0,1.0,1.0,1,0.5326404995438584,34
711,0,1060,1060,0,0,0,0,1.0,1.0,1.0,1.0,1.0,1,0.5338248097557675,34
712,0,1060,1060,0,0,0,0,1.0,1.0,1.0,1.0,1.0,1,0.5473161125672299,35
713,3,1063,1063,0,0,0,0,1.0,1.0,1.0,1.0,1.0,1,0.5448376184682016,34
714,2,1065,1065,0,0,0,0,1.0,1.0,1.0,1.0,1.0,1,0.5420509740305121,34
715,0,1065,1065,0,0,0,0,1.0,1.0,1.0,1.0,1.0,1,0.5479818654647518,35
716,0,1065,1065,0,0,0,0,1.0,1.0,1.0,1.0,1.0,1,0.5658464391189383,33
717,2,1067,1067,0,0,0,0,0.9989245089811702,0.9967735269435107,0.9989245089811702,0.9967735269435107,1.0,1,0.5945645631619774,33
718,0,1067,1067,0,0,0,0,0.9988908998868318,0.9967735269435107,0.9988908998868318,0.9967735269435107,1.0,1,0.5914209272276422,32
719,3,1070,1070,0,0,0,0,0.9988908998868318,0.9967735269435107,0.9988908998868318,0.9967735269435107,1.0,1,0.5963084464809362,32
720,1,1071,1071,0,0,0,0,0.9989245089811702,0.9967735269435107,0.9989245089811702,0.9967735269435107,1.0,1,0.6010799716132501,33
721,1,1072,1072,0,0,0,0,0.9973049547327312,0.9951413372546825,0.9973049547327312,0.9951413372546825,1.0,1,0.6182103940204123,33
722,1,1073,1073,0,0,0,0,0.9364008397719917,0.8907860430955677,0.9364008397719917,0.8907860430955677,1.0,1,0.634213344163559,34
723,0,1073,1073,0,0,0,0,0.9364008397719917,0.8907860430955677,0.9364008397719917,0.8907860430955677,1.0,1,0.634213344163559,34
724,0,1073,1073,0,0,0,0,0.9191503656381445,0.8769215881404913,0.9191503656381445,0.8769215881404913,1.0,1,0.6265654150322194,36
725,0,1073,1073,0,0,0,0,0.9191503656381445,0.8769215881404913,0.9191503656381445,0.8769215881404913,1.0,1,0.6265654150322194,36
726,1,1074,1074,0,0,0,0,0.9540704265452192,0.8769215881404913,0.9540704265452192,0.8769215881404913,1.0,1,0.6078810026013718,36
727,0,1074,1074,0,0,0,0,0.9540704265452192,0.8769215881404913,0.9540704265452192,0.8769215881404913,1.0,1,0.6078810026013718,36
728,0,1074,1074,0,0,0,0,0.9310781423056764,0.8216668968220374,0.9310781423056764,0.8216668968220374,1.0,1,0.6078810026013718,37
729,0,1074,1074,0,0,0,0,0.9310781423056764,0.8216668968220374,0.9310781423056764,0.8216668968220374,1.0,1,0.6160943964399216,37
730,0,1074,1074,0,0,0,0,0.9328918754028955,0.8216668968220374,0.9328918754028955,0.8216668968220374,1.0,1,0.611062412193704,38
731,1,1075,1075,0,0,0,0,0.8788083231917344,0.7045952877798528,0.8788083231917344,0.7045952877798528,1.0,1,0.6093351515719567,39
732,0,1075,1075,0,0,0,0,0.8847201123043328,0.7045952877798528,0.8847201123043328,0.7045952877798528,1.0,1,0.585787547208937,41
733,2,1077,1077,0,0,0,0,0.9096905130184795,0.7651953338480469,0.9096905130184795,0.7651953338480469,1.0,1,0.5895373591672717,39
734,2,1079,1079,0,0,0,0,0.9189059346028631,0.7891554299674438,0.9189059346028631,0.7891554299674438,1.0,1,0.5600073827646584,39
735,2,1081,1081,0,0,0,0,0.8596709699631457,0.6780686957978046,0.8596709699631457,0.6780686957978046,1.0,1,0.5796408139614284,39
736,0,1081,1081,0,0,0,0,0.9076537934826131,0.7660562768226198,0.9076537934826131,0.7660562768226198,1.0,1,0.5825725065709483,38
737,3,1084,1084,0,0,0,0,0.8432593375917662,0.6603952314488267,0.8432593375917662,0.6603952314488267,1.0,1,0.6097341454153528,39
738,1,1085,1085,0,0,0,0,0.8904212521527,0.7465991456031189,0.8904212521527,0.7465991456031189,1.0,1,0.5850660252410009,37
739,1,1086,1086,0,0,0,0,0.8904212521527,0.7465991456031189,0.8904212521527,0.7465991456031189,1.0,1,0.584660358583967,37
740,1,1087,1087,0,0,0,0,0.934199180227726,0.8354979505693152,0.934199180227726,0.8354979505693152,1.0,1,0.6036230175740573,35
741,2,1089,1089,0,0,0,0,0.9789238974465871,0.9420407179781145,0.9789238974465871,0.9420407179781145,1.0,1,0.6043953802774552,33
742,3,1092,1092,0,0,0,0,0.9944217943371454,0.9837302334833409,0.9944217943371454,0.9837302334833409,1.0,1,0.5880218242638283,35
743,1,1093,1093,0,0,0,0,0.9944217943371454,0.9837302334833409,0.9944217943371454,0.9837302334833409,1.0,1,0.6105235806498149,35
744,3,1096,1096,0,0,0,0,0.9753334186421474,0.9237578394393646,0.9753334186421474,0.9237578394393646,1.0,1,0.6061468025338484,34
745,2,1098,1098,0,0,0,0,0.9240451302225159,0.8013488021204261,0.9240451302225159,0.8013488021204261,1.0,1,0.6095017792930506,34
746,2,1100,1100,0,0,0,0,0.921743467501986,0.8013488021204261,0.921743467501986,0.8013488021204261,1.0,1,0.6045528011288096,33
747,1,1101,1101,0,0,0,0,0.9431006778722762,0.84826847432607,0.9431006778722762,0.84826847432607,1.0,1,0.5828260943878025,32
748,2,1103,1103,0,0,0,0,0.9162154247413883,0.7873160781896781,0.9162154247413883,0.7873160781896781,1.0,1,0.5635555780339824,33
749,1,1104,1104,0,0,0,0,0.9424123104375881,0.8416338537033675,0.9424123104375881,0.8416338537033675,1.0,1,0.541279792183362,33
750,1,1105,1105,0,0,0,0,0.9663685237293214,0.8960481642542663,0.9663685237293214,0.8960481642542663,1.0,1,0.538614322476861,34
751,2,1107,1107,0,0,0,0,0.9637687946221207,0.8814251460360313,0.9637687946221207,0.8814251460360313,1.0,1,0.5119218829522866,36
752,3,1110,1110,0,0,0,0,0.9981362224336008,0.9934767785176026,0.9981362224336008,0.9934767785176026,1.0,1,0.5247712049595445,35
753,2,1112,1112,0,0,0,0,0.9982369671669197,0.9934767785176026,0.9982369671669197,0.9934767785176026,1.0,1,0.5461796975847529,37
754,1,1113,1113,0,0,0,0,1.0,1.0,1.0,1.0,1.0,1,0.533329287494582,37
755,1,1114,1114,0,0,0,0,1.0,1.0,1.0,1.0,1.0,1,0.5536485344920294,35
756,0,1114,1114,0,0,0,0,1.0,1.0,1.0,1.0,1.0,1,0.5591670123102928,36
757,0,1114,1114,0,0,0,0,1.0,1.0,1.0,1.0,1.0,1,0.5702389468819415,35
758,1,1115,1115,0,0,0,0,0.9989548630090125,0.9962375068324444,0.9989548630090125,0.9962375068324444,1.0,1,0.5703824434183192,36
759,0,1115,1115,0,0,0,0,0.9760154012702497,0.9193245315453845,0.9760154012702497,0.9193245315453845,1.0,1,0.5703824434183192,37
760,0,1115,1115,0,0,0,0,0.9711185802487228,0.9135706243608419,0.9711185802487228,0.9135706243608419,1.0,1,0.573690581995744,36
761,0,1115,1115,0,0,0,0,0.9711185802487228,0.9135706243608419,0.9711185802487228,0.9135706243608419,1.0,1,0.573690581995744,36
762,0,1115,1115,0,0,0,0,0.9456430383434188,0.9114495387614899,0.9456430383434188,0.9114495387614899,1.0,1,0.573690581995744,37
763,0,1115,1115,0,0,0,0,0.9265115033614756,0.8601147847199759,0.9265115033614756,0.8601147847199759,1.0,1,0.573690581995744,38
764,0,1115,1115,0,0,0,0,0.9265115033614756,0.8601147847199759,0.9265115033614756,0.8601147847199759,1.0,1,0.573690581995744,38
765,0,1115,1115,0,0,0,0,0.9265115033614756,0.8601147847199759,0.9265115033614756,0.8601147847199759,1.0,1,0.573690581995744,38
766,0,1115,1115,0,0,0,0,0.930185928193402,0.8601147847199759,0.930185928193402,0.8601147847199759,1.0,1,0.5555207646057398,40
767,0,1115,1115,0,0,0,0,0.906707430699374,0.8327927047762202,0.906707430699374,0.8327927047762202,1.0,1,0.5555207646057398,41
768,3,1118,1118,0,0,0,0,0.8230901717924164,0.6720740366359018,0.8230901717924164,0.6720740366359018,1.0,1,0.5956754418320034,41
769,0,1118,1118,0,0,0,0,0.8067826864088212,0.640668257167991,0.8067826864088212,0.640668257167991,1.0,1,0.5956754418320034,42
770,4,1122,1122,0,0,0,0,0.8234459877533417,0.6729858150357733,0.8234459877533417,0.6729858150357733,1.0,1,0.5828747442390947,41
771,0,1122,1122,0,0,0,0,0.85266642284866,0.7310540586320277,0.85266642284866,0.7310540586320277,1.0,1,0.5749688641660523,41
772,2,1124,1124,0,0,0,0,0.862887385996713,0.7589913579033726,0.862887385996713,0.7589913579033726,1.0,1,0.5885707841771255,41
773,0,1124,1124,0,0,0,0,0.8928559990263023,0.8295416787688396,0.8928559990263023,0.8295416787688396,1.0,1,0.5756023760880671,41
774,2,1126,1126,0,0,0,0,0.8596357098300865,0.7711597337961416,0.8596357098300865,0.7711597337961416,1.0,1,0.5963170601457897,42
775,0,1126,1126,0,0,0,0,0.8596357098300865,0.7711597337961416,0.8596357098300865,0.7711597337961416,1.0,1,0.5963170601457897,42
776,0,1126,1126,0,0,0,0,0.8596357098300865,0.7711597337961416,0.8596357098300865,0.7711597337961416,1.0,1,0.5963170601457897,42
777,0,1126,1126,0,0,0,0,0.8596357098300865,0.7711597337961416,0.8596357098300865,0.7711597337961416,1.0,1,0.5963170601457897,42
778,2,1128,1128,0,0,0,0,0.8253560471154627,0.7254319555906998,0.8253560471154627,0.7254319555906998,1.0,1,0.5840961948669899,44
779,1,1129,1129,0,0,0,0,0.8516557581561272,0.7254319555906998,0.8516557581561272,0.7254319555906998,1.0,1,0.5705236893828625,44
780,2,1131,1131,0,0,0,0,0.7990723083993003,0.6236833672691743,0.7990723083993003,0.6236833672691743,1.0,1,0.5787002036795335,44
781,0,1131,1131,0,0,0,0,0.7895789178399949,0.6236833672691743,0.7895789178399949,0.6236833672691743,1.0,1,0.5723081289103712,46
782,3,1134,1134,0,0,0,0,0.7748462899312281,0.5792408838565872,0.7748462899312281,0.5792408838565872,1.0,1,0.5975110319495964,45
783,2,1136,1136,0,0,0,0,0.8449993740359498,0.6211095809767662,0.8449993740359498,0.6211095809767662,1.0,1,0.586314376106643,44
784,1,1137,1137,0,0,0,0,0.8305692540699124,0.6211095809767662,0.8305692540699124,0.6211095809767662,1.0,1,0.5894862323113654,44
785,1,1138,1138,0,0,0,0,0.8272349363074722,0.6724940180815129,0.8272349363074722,0.6724940180815129,1.0,1,0.5948664999749438,43
786,0,1138,1138,0,0,0,0,0.827234936307472,0.6724940180815129,0.827234936307472,0.6724940180815129,1.0,1,0.5948664999749438,43
787,1,1139,1139,0,0,0,0,0.854532471327545,0.6724940180815129,0.854532471327545,0.6724940180815129,1.0,1,0.5776660647789729,43
788,0,1139,1139,0,0,0,0,0.836307384389443,0.6289630187681232,0.836307384389443,0.6289630187681232,1.0,1,0.5618291387486571,45
789,1,1140,1140,0,0,0,0,0.8548116160397004,0.6289630187681232,0.8548116160397004,0.6289630187681232,1.0,1,0.5386054042286683,46
790,0,1140,1140,0,0,0,0,0.8515852075072492,0.6289630187681232,0.8515852075072492,0.6289630187681232,1.0,1,0.5491603245874809,45
791,2,1142,1142,0,0,0,0,0.8295829115492976,0.5874112595404045,0.8295829115492976,0.5874112595404045,1.0,1,0.5157395234894333,46
792,0,1142,1142,0,0,0,0,0.8295829115492974,0.5874112595404045,0.8295829115492974,0.5874112595404045,1.0,1,0.5125984511997023,46
793,0,1142,1142,0,0,0,0,0.8295829115492976,0.5874112595404045,0.8295829115492976,0.5874112595404045,1.0,1,0.5125984511997023,46
794,2,1144,1144,0,0,0,0,0.8265071363037906,0.5708334424356927,0.8265071363037906,0.5708334424356927,1.0,1,0.5140027413456816,47
795,0,1144,1144,0,0,0,0,0.8265071363037907,0.5708334424356927,0.8265071363037907,0.5708334424356927,1.0,1,0.5140027413456816,47
796,3,1147,1147,0,0,0,0,0.8588689134846029,0.6317578421178628,0.8588689134846029,0.6317578421178628,1.0,1,0.5460780303013986,46
797,3,1150,1150,0,0,0,0,0.8015302643883112,0.5893641717206388,0.8015302643883112,0.5893641717206388,1.0,1,0.5795880323167586,47
798,3,1153,1153,0,0,0,0,0.7623812084359778,0.6601921554888618,0.7623812084359778,0.6601921554888618,1.0,1,0.6009973744858554,48
799,0,1153,1153,0,0,0,0,0.7623812084359778,0.6601921554888618,0.7623812084359778,0.6601921554888618,1.0,1,0.6009973744858554,48
800,2,1155,1155,0,0,0,0,0.7372381942097103,0.6700243219277406,0.7372381942097103,0.6700243219277406,1.0,1,0.6230524411153429,48
801,1,1156,1156,0,0,0,0,0.7205023487517461,0.6700243219277406,0.7205023487517461,0.6700243219277406,1.0,1,0.6230524411153429,49
802,2,1158,1158,0,0,0,0,0.725839205977532,0.5924896534542333,0.725839205977532,0.5924896534542333,1.0,1,0.6065124834613638,50
803,0,1158,1158,0,0,0,0,0.7415985540435487,0.6300695653784404,0.7415985540435487,0.6300695653784404,1.0,1,0.6065124834613638,49
804,2,1160,1160,0,0,0,0,0.7132097130305994,0.6300695653784404,0.7132097130305994,0.6300695653784404,1.0,1,0.6066263710150109,50
805,1,1161,1161,0,0,0,0,0.7134130497164469,0.6119156628436466,0.7134130497164469,0.6119156628436466,1.0,1,0.6066263710150109,50
806,4,1165,1165,0,0,0,0,0.711562375669663,0.5744170580613458,0.711562375669663,0.5744170580613458,1.0,1,0.6066263710150109,50
807,0,1165,1165,0,0,0,0,0.696042023503928,0.5744170580613458,0.696042023503928,0.5744170580613458,1.0,1,0.6066263710150109,51
808,5,1170,1170,0,0,0,0,0.6782270744932134,0.6495540792628024,0.6782270744932134,0.6495540792628024,1.0,1,0.6239092497138722,51
809,3,1173,1173,0,0,0,0,0.696682381712902,0.5911574493965107,0.696682381712902,0.5911574493965107,1.0,1,0.6012230220687917,51
810,2,1175,1175,0,0,0,0,0.6854517565139177,0.5643243317773349,0.6854517565139177,0.5643243317773349,1.0,1,0.6012230220687917,52
811,0,1175,1175,0,0,0,0,0.7124480403724256,0.6335467907430989,0.7124480403724256,0.6335467907430989,1.0,1,0.6012230220687917,50
812,1,1176,1176,0,0,0,0,0.7690652318170775,0.7411900187736875,0.7690652318170775,0.7411900187736875,1.0,1,0.589428748264165,48
813,2,1178,1178,0,0,0,0,0.7517667943531814,0.6356472637530284,0.7517667943531814,0.6356472637530284,1.0,1,0.589428748264165,49
814,3,1181,1181,0,0,0,0,0.7912048019029098,0.6586906068302674,0.7912048019029098,0.6586906068302674,1.0,1,0.5717329952345296,48
815,1,1182,1182,0,0,0,0,0.7739034485377863,0.6281183838080054,0.7739034485377863,0.6281183838080054,1.0,1,0.5743596114388063,48
816,1,1183,1183,0,0,0,0,0.8121181713374714,0.6935919618053534,0.8121181713374714,0.6935919618053534,1.0,1,0.5639367109989057,46
817,2,1185,1185,0,0,0,0,0.7813542074680516,0.6854742493139079,0.7813542074680516,0.6854742493139079,1.0,1,0.5916156521955074,44
818,2,1187,1187,0,0,0,0,0.7887516258596889,0.63597565462281,0.7887516258596889,0.63597565462281,1.0,1,0.5539304542665555,46
819,1,1188,1188,0,0,0,0,0.8065355090268471,0.6920398721067025,0.8065355090268471,0.6920398721067025,1.0,1,0.5586766898278128,44
820,2,1190,1190,0,0,0,0,0.8488658157296975,0.7399657376832578,0.8488658157296975,0.7399657376832578,1.0,1,0.5580168962424468,44
821,0,1190,1190,0,0,0,0,0.8488658157296975,0.7399657376832578,0.8488658157296975,0.7399657376832578,1.0,1,0.5580168962424468,44
822,3,1193,1193,0,0,0,0,0.8617613355036231,0.6761094420417962,0.8617613355036231,0.6761094420417962,1.0,1,0.5859540483806872,44
823,4,1197,1197,0,0,0,0,0.8861705575826837,0.7205715572583344,0.8861705575826837,0.7205715572583344,1.0,1,0.5474276058702972,42
824,3,1200,1200,0,0,0,0,0.884823282435291,0.7656695888820375,0.884823282435291,0.7656695888820375,1.0,1,0.5384130361122912,42
825,2,1202,1202,0,0,0,0,0.9238426163866622,0.7656695888820375,0.9238426163866622,0.7656695888820375,1.0,1,0.5259265466450802,40
826,2,1204,1204,0,0,0,0,0.9084961351580585,0.7485919857223545,0.9084961351580585,0.7485919857223545,1.0,1,0.522239571091971,41
827,3,1207,1207,0,0,0,0,0.9306070857707084,0.8110795701040241,0.9306070857707084,0.8110795701040241,1.0,1,0.5157863658800063,40
828,5,1212,1212,0,0,0,0,0.9459926264006393,0.8924918174496606,0.9459926264006393,0.8924918174496606,1.0,1,0.5324008582750622,40
829,2,1214,1214,0,0,0,0,0.9048322427333686,0.7717603151210531,0.9048322427333686,0.7717603151210531,1.0,1,0.5422588888844249,42
830,3,1217,1217,0,0,0,0,0.8704115641034711,0.7577524696923402,0.8704115641034711,0.7577524696923402,1.0,1,0.5615106302468201,42
831,1,1218,1218,0,0,0,0,0.8715729784795897,0.7180652632461517,0.8715729784795897,0.7180652632461517,1.0,1,0.5402184794597096,43
832,1,1219,1219,0,0,0,0,0.8671924535035861,0.6652771630813841,0.8671924535035861,0.6652771630813841,1.0,1,0.5491650336028385,42
833,1,1220,1220,0,0,0,0,0.8248506368415113,0.6134015373696384,0.8248506368415113,0.6134015373696384,1.0,1,0.5739470118027459,41
834,2,1222,1222,0,0,0,0,0.8531259485309257,0.6588538501129113,0.8531259485309257,0.6588538501129113,1.0,1,0.5597860255322102,41
835,2,1224,1224,0,0,0,0,0.8927690752485634,0.7631234874732342,0.8927690752485634,0.7631234874732342,1.0,1,0.5551855818995919,41
836,0,1224,1224,0,0,0,0,0.8900883021297776,0.7631234874732342,0.8900883021297776,0.7631234874732342,1.0,1,0.5638398029313764,40
837,0,1224,1224,0,0,0,0,0.8927690752485635,0.7631234874732342,0.8927690752485635,0.7631234874732342,1.0,1,0.5577039918280327,41
838,0,1224,1224,0,0,0,0,0.8927690752485634,0.7631234874732342,0.8927690752485634,0.7631234874732342,1.0,1,0.5577039918280327,41
839,2,1226,1226,0,0,0,0,0.9106862291239265,0.8014101641165509,0.9106862291239265,0.8014101641165509,1.0,1,0.5694943783700047,41
840,0,1226,1226,0,0,0,0,0.8700982896082883,0.7789073869256116,0.8700982896082883,0.7789073869256116,1.0,1,0.5805722269541048,42
841,2,1228,1228,0,0,0,0,0.8968990595710267,0.7789073869256116,0.8968990595710267,0.7789073869256116,1.0,1,0.5686463443079346,42
842,0,1228,1228,0,0,0,0,0.8968990595710269,0.7789073869256116,0.8968990595710269,0.7789073869256116,1.0,1,0.5686463443079346,42
843,3,1231,1231,0,0,0,0,0.8712131074799571,0.7851657466016615,0.8712131074799571,0.7851657466016615,1.0,1,0.5600277568073397,42
844,2,1233,1233,0,0,0,0,0.8484210315372129,0.6246782425858389,0.8484210315372129,0.6246782425858389,1.0,1,0.5703546469292763,42
845,2,1235,1235,0,0,0,0,0.7763482661955551,0.6246782425858389,0.7763482661955551,0.6246782425858389,1.0,1,0.5712578716877312,44
846,1,1236,1236,0,0,0,0,0.7548276442735639,0.6246782425858389,0.7548276442735639,0.6246782425858389,1.0,1,0.5794379242095251,44
847,2,1238,1238,0,0,0,0,0.768167438284314,0.6246782425858389,0.768167438284314,0.6246782425858389,1.0,1,0.589958346555695,42
848,2,1240,1240,0,0,0,0,0.7599860656633431,0.5960813282986004,0.7599860656633431,0.5960813282986004,1.0,1,0.5918848489877253,43
849,0,1240,1240,0,0,0,0,0.7824271054300285,0.5960813282986004,0.7824271054300285,0.5960813282986004,1.0,1,0.5872799534576888,43
850,1,1241,1241,0,0,0,0,0.7787322498615341,0.5960813282986004,0.7787322498615341,0.5960813282986004,1.0,1,0.618072858616518,41
851,3,1244,1244,0,0,0,0,0.7951059486399172,0.5960813282986004,0.7951059486399172,0.5960813282986004,1.0,1,0.5895954211486698,40
852,0,1244,1244,0,0,0,0,0.7951059486399172,0.5960813282986004,0.7951059486399172,0.5960813282986004,1.0,1,0.5895954211486698,40
853,2,1246,1246,0,0,0,0,0.7881986989119094,0.5688096619670979,0.7881986989119094,0.5688096619670979,1.0,1,0.6061140900546215,40
854,0,1246,1246,0,0,0,0,0.7881986989119094,0.5688096619670979,0.7881986989119094,0.5688096619670979,1.0,1,0.6061140900546215,40
855,1,1247,1247,0,0,0,0,0.7933645843043018,0.5688096619670979,0.7933645843043018,0.5688096619670979,1.0,1,0.6099835928471501,41
856,0,1247,1247,0,0,0,0,0.793364584304302,0.5688096619670979,0.793364584304302,0.5688096619670979,1.0,1,0.6099835928471501,41
857,1,1248,1248,0,0,0,0,0.7982844751541994,0.5688096619670979,0.7982844751541994,0.5688096619670979,1.0,1,0.6061011453199178,42
858,1,1249,1249,0,0,0,0,0.7777696197234291,0.5688096619670979,0.7777696197234291,0.5688096619670979,1.0,1,0.5977065809621509,43
859,2,1251,1251,0,0,0,0,0.8030742105688498,0.5698833468571576,0.8030742105688498,0.5698833468571576,1.0,1,0.5788276082235101,43
860,3,1254,1254,0,0,0,0,0.8337382519590126,0.6123642514802854,0.8337382519590126,0.6123642514802854,1.0,1,0.5619680340154409,44
861,2,1256,1256,0,0,0,0,0.8377038362257218,0.6568087771624757,0.8377038362257218,0.6568087771624757,1.0,1,0.5577847127294386,44
862,3,1259,1259,0,0,0,0,0.8988343606530592,0.7241511367836446,0.8988343606530592,0.7241511367836446,1.0,1,0.5462866842335475,44
863,2,1261,1261,0,0,0,0,0.8721920703009842,0.7878755381939704,0.8721920703009842,0.7878755381939704,1.0,1,0.5677390379636882,44
864,4,1265,1265,0,0,0,0,0.8879634424812245,0.7883530985276259,0.8879634424812245,0.7883530985276259,1.0,1,0.5639718112239004,44
865,3,1268,1268,0,0,0,0,0.877086070615534,0.7883530985276259,0.877086070615534,0.7883530985276259,1.0,1,0.5549455639735604,43
866,2,1270,1270,0,0,0,0,0.8426809791948406,0.7319553047645322,0.8426809791948406,0.7319553047645322,1.0,1,0.5606785585689995,45
867,0,1270,1270,0,0,0,0,0.8391055469038143,0.7319553047645322,0.8391055469038143,0.7319553047645322,1.0,1,0.5595507661232194,44
868,3,1273,1273,0,0,0,0,0.855462580055324,0.6700936573547056,0.855462580055324,0.6700936573547056,1.0,1,0.5548924486011306,45
869,2,1275,1275,0,0,0,0,0.858676537048656,0.7327659996155405,0.858676537048656,0.7327659996155405,1.0,1,0.5616804786050293,44
870,3,1278,1278,0,0,0,0,0.8346945740433072,0.6764822587690489,0.8346945740433072,0.6764822587690489,1.0,1,0.5631930322461083,44
871,1,1279,1279,0,0,0,0,0.8558881896460179,0.7344140399723029,0.8558881896460179,0.7344140399723029,1.0,1,0.537087833441451,43
872,1,1280,1280,0,0,0,0,0.8824071554534842,0.7344140399723029,0.8824071554534842,0.7344140399723029,1.0,1,0.5342573650112495,43
873,0,1280,1280,0,0,0,0,0.8824071554534842,0.7344140399723029,0.8824071554534842,0.7344140399723029,1.0,1,0.5342573650112495,43
874,1,1281,1281,0,0,0,0,0.8698649804708041,0.7344140399723029,0.8698649804708041,0.7344140399723029,1.0,1,0.5362955606489034,46
875,0,1281,1281,0,0,0,0,0.8607857930617903,0.7344140399723029,0.8607857930617903,0.7344140399723029,1.0,1,0.5597428166934301,43
876,1,1282,1282,0,0,0,0,0.863949752310386,0.7344140399723029,0.863949752310386,0.7344140399723029,1.0,1,0.5626621438289456,44
877,1,1283,1283,0,0,0,0,0.8496290761367787,0.675156730968746,0.8496290761367787,0.675156730968746,1.0,1,0.5739408048981192,44
878,3,1286,1286,0,0,0,0,0.8277610652538508,0.632666783647574,0.8277610652538508,0.632666783647574,1.0,1,0.5849399256929672,44
879,1,1287,1287,0,0,0,0,0.8519369613551123,0.6824100845120803,0.8519369613551123,0.6824100845120803,1.0,1,0.5731192517807003,44
880,2,1289,1289,0,0,0,0,0.8120307530111371,0.6123667510021379,0.8120307530111371,0.6123667510021379,1.0,1,0.6016430962003997,44
881,1,1290,1290,0,0,0,0,0.8345536365223709,0.663621416933742,0.8345536365223709,0.663621416933742,1.0,1,0.5969974052295473,43
882,1,1291,1291,0,0,0,0,0.822603356550263,0.6303541205191254,0.822603356550263,0.6303541205191254,1.0,1,0.58827902884035,45
883,1,1292,1292,0,0,0,0,0.8203064591060915,0.6789480928765625,0.8203064591060915,0.6789480928765625,1.0,1,0.5884529281860833,45
884,5,1297,1297,0,0,0,0,0.8551531264946045,0.7581948000658919,0.8551531264946045,0.7581948000658919,1.0,1,0.5709449958830601,45
885,1,1298,1298,0,0,0,0,0.8968895357233808,0.8278520136530434,0.8968895357233808,0.8278520136530434,1.0,1,0.5709449958830601,43
886,3,1301,1301,0,0,0,0,0.8937090747679209,0.8269447369125034,0.8937090747679209,0.8269447369125034,1.0,1,0.5733361507540583,43
887,2,1303,1303,0,0,0,0,0.915126021682438,0.8308074256903041,0.915126021682438,0.8308074256903041,1.0,1,0.5793318425792335,41
888,1,1304,1304,0,0,0,0,0.9389849550724853,0.8308074256903041,0.9389849550724853,0.8308074256903041,1.0,1,0.5818443754196188,40
889,5,1309,1309,0,0,0,0,0.9438231630357103,0.8406329681323153,0.9438231630357103,0.8406329681323153,1.0,1,0.5810571766893566,40
890,2,1311,1311,0,0,0,0,0.9581642164702091,0.9274416946569197,0.9581642164702091,0.9274416946569197,1.0,1,0.587430457480044,38
891,2,1313,1313,0,0,0,0,0.9517538396916663,0.9173705306808361,0.9517538396916663,0.9173705306808361,1.0,1,0.5694915780560187,39
892,1,1314,1314,0,0,0,0,0.9252818919070824,0.8443108003516356,0.9252818919070824,0.8443108003516356,1.0,1,0.5828991250792368,39
893,3,1317,1317,0,0,0,0,0.9475683988781785,0.83833589654105,0.9475683988781785,0.83833589654105,1.0,1,0.5830542924467939,37
894,1,1318,1318,0,0,0,0,0.9232619304166865,0.7874945765385161,0.9232619304166865,0.7874945765385161,1.0,1,0.5903807133088315,36
895,1,1319,1319,0,0,0,0,0.9253359322973164,0.7874945765385161,0.9253359322973164,0.7874945765385161,1.0,1,0.5700595332505265,37
896,3,1322,1322,0,0,0,0,0.902083622595089,0.7482150295302288,0.902083622595089,0.7482150295302288,1.0,1,0.5654813060011298,36
897,1,1323,1323,0,0,0,0,0.8772421086909898,0.7053810608583758,0.8772421086909898,0.7053810608583758,1.0,1,0.5687639204422377,36
898,2,1325,1325,0,0,0,0,0.929187048028739,0.8093497446927587,0.929187048028739,0.8093497446927587,1.0,1,0.5510907529089034,35
899,1,1326,1326,0,0,0,0,0.929187048028739,0.8093497446927587,0.929187048028739,0.8093497446927587,1.0,1,0.5363878302463467,35
900,2,1328,1328,0,0,0,0,0.9530403458176673,0.8591210374530018,0.9530403458176673,0.8591210374530018,1.0,1,0.5465022851062732,36
901,2,1330,1330,0,0,0,0,0.9834284246575327,0.9457657534246524,0.9834284246575327,0.9457657534246524,1.0,1,0.505990649959118,36
902,2,1332,1332,0,0,0,0,0.9526150379460395,0.8578451138381187,0.9526150379460395,0.8578451138381187,1.0,1,0.5351947093558195,36
903,2,1334,1334,0,0,0,0,0.9498097523280519,0.8536117776234844,0.9498097523280519,0.8536117776234844,1.0,1,0.5073977390792552,35
904,2,1336,1336,0,0,0,0,0.9525227386886977,0.8536117776234844,0.9525227386886977,0.8536117776234844,1.0,1,0.5251229752169043,37
905,4,1340,1340,0,0,0,0,0.9847637025798295,0.9501357538976242,0.9847637025798295,0.9501357538976242,1.0,1,0.5485574126046862,36
906,2,1342,1342,0,0,0,0,1.0,1.0,1.0,1.0,1.0,1,0.5452199960530643,37
907,4,1346,1346,0,0,0,0,1.0,1.0,1.0,1.0,1.0,1,0.5117313249675124,37
908,1,1347,1347,0,0,0,0,1.0,1.0,1.0,1.0,1.0,1,0.5363885052324642,36
909,2,1349,1349,0,0,0,0,1.0,1.0,1.0,1.0,1.0,1,0.5051270058083235,36
910,1,1350,1350,0,0,0,0,0.9854026211062809,0.9508997255393085,0.9854026211062809,0.9508997255393085,1.0,1,0.5165940652795166,37
911,0,1350,1350,0,0,0,0,0.9849971383592331,0.9508997255393085,0.9849971383592331,0.9508997255393085,1.0,1,0.5334751834969632,36
912,2,1352,1352,0,0,0,0,1.0,1.0,1.0,1.0,1.0,1,0.5553568508995897,34
913,1,1353,1353,0,0,0,0,0.9798745009016092,0.9377939118777011,0.9798745009016092,0.9377939118777011,1.0,1,0.5724526824946015,34
914,1,1354,1354,0,0,0,0,0.956320401489606,0.8798811040964164,0.956320401489606,0.8798811040964164,1.0,1,0.5990042644027704,33
915,0,1354,1354,0,0,0,0,0.956320401489606,0.8798811040964164,0.956320401489606,0.8798811040964164,1.0,1,0.5990042644027704,33
916,2,1356,1356,0,0,0,0,1.0,1.0,1.0,1.0,1.0,1,0.5939260018465966,34
917,0,1356,1356,0,0,0,0,1.0,1.0,1.0,1.0,1.0,1,0.5939260018465966,34
918,1,1357,1357,0,0,0,0,0.9889924080100401,0.9639751534874037,0.9889924080100401,0.9639751534874037,1.0,1,0.5846583421494885,36
919,1,1358,1358,0,0,0,0,0.972479753001921,0.9459585836097927,0.972479753001921,0.9459585836097927,1.0,1,0.5886916689749836,36
920,2,1360,1360,0,0,0,0,0.9763825035784197,0.9205593302183204,0.9763825035784197,0.9205593302183204,1.0,1,0.5702991772691384,37
921,1,1361,1361,0,0,0,0,1.0,1.0,1.0,1.0,1.0,1,0.5642380374719534,37
922,4,1365,1365,0,0,0,0,0.951242195781632,0.845600286641835,0.951242195781632,0.845600286641835,1.0,1,0.5706900907139039,38
923,1,1366,1366,0,0,0,0,0.9617585905470405,0.8748462963357688,0.9617585905470405,0.8748462963357688,1.0,1,0.5729533852729503,36
924,2,1368,1368,0,0,0,0,0.972267383627144,0.9117598569954583,0.972267383627144,0.9117598569954583,1.0,1,0.5696221888992603,35
925,1,1369,1369,0,0,0,0,0.9198668345522325,0.784256862256011,0.9198668345522325,0.784256862256011,1.0,1,0.5888594995757598,35
926,2,1371,1371,0,0,0,0,0.8919186779790673,0.737516789377735,0.8919186779790673,0.737516789377735,1.0,1,0.6152325207444718,34
927,4,1375,1375,0,0,0,0,0.9474910972425421,0.8599762593134457,0.9474910972425421,0.8599762593134457,1.0,1,0.6220274503139349,32
928,0,1375,1375,0,0,0,0,0.9474910972425421,0.8599762593134457,0.9474910972425421,0.8599762593134457,1.0,1,0.6060069953778854,32
929,1,1376,1376,0,0,0,0,0.9457972616697209,0.8599762593134457,0.9457972616697209,0.8599762593134457,1.0,1,0.6169046061636726,31
930,0,1376,1376,0,0,0,0,0.9439905037253784,0.8599762593134457,0.9439905037253784,0.8599762593134457,1.0,1,0.6375338785855045,30
931,1,1377,1377,0,0,0,0,0.9420591417848742,0.8599762593134457,0.9420591417848742,0.8599762593134457,1.0,1,0.6429787524987238,29
932,2,1379,1379,0,0,0,0,0.942059141784874,0.8599762593134457,0.942059141784874,0.8599762593134457,1.0,1,0.661774127780393,29
933,0,1379,1379,0,0,0,0,0.942059141784874,0.8599762593134457,0.942059141784874,0.8599762593134457,1.0,1,0.661774127780393,29
934,1,1380,1380,0,0,0,0,0.942059141784874,0.8599762593134457,0.942059141784874,0.8599762593134457,1.0,1,0.675471414273021,29
935,0,1380,1380,0,0,0,0,0.945797261669721,0.8599762593134457,0.945797261669721,0.8599762593134457,1.0,1,0.663606213973281,31
936,2,1382,1382,0,0,0,0,0.9149444258525533,0.797175169340704,0.9149444258525533,0.797175169340704,1.0,1,0.6802133530207866,31
937,1,1383,1383,0,0,0,0,0.8987960897046863,0.7542190749970952,0.8987960897046863,0.7542190749970952,1.0,1,0.6549728912642551,34
938,2,1385,1385,0,0,0,0,0.9857248638678004,0.9571745916034015,0.9857248638678004,0.9571745916034015,1.0,1,0.6146993133294423,33
939,1,1386,1386,0,0,0,0,0.9178580232790843,0.8584804325471174,0.9178580232790843,0.8584804325471174,1.0,1,0.6064973690379817,36
940,1,1387,1387,0,0,0,0,0.950683703868382,0.8950936372901354,0.950683703868382,0.8950936372901354,1.0,1,0.5971129716505974,36
941,1,1388,1388,0,0,0,0,0.9795342239349389,0.9530445174345571,0.9795342239349389,0.9530445174345571,1.0,1,0.5927163141898486,36
942,3,1391,1391,0,0,0,0,0.9938817324966023,0.9799765790797889,0.9938817324966023,0.9799765790797889,1.0,1,0.5705003485299933,36
943,3,1394,1394,0,0,0,0,0.993706924853648,0.9799765790797889,0.993706924853648,0.9799765790797889,1.0,1,0.5787659303029083,35
944,2,1396,1396,0,0,0,0,0.993706924853648,0.9799765790797889,0.993706924853648,0.9799765790797889,1.0,1,0.570968698121435,35
945,2,1398,1398,0,0,0,0,0.978176902714317,0.9545541290631623,0.978176902714317,0.9545541290631623,1.0,1,0.5990835264334561,33
946,1,1399,1399,0,0,0,0,0.952802058559636,0.9000648907043423,0.952802058559636,0.9000648907043423,1.0,1,0.5966218628124434,36
947,0,1399,1399,0,0,0,0,0.9500257090631439,0.9000648907043423,0.9500257090631439,0.9000648907043423,1.0,1,0.6054623454974866,34
948,1,1400,1400,0,0,0,0,0.9110226311254194,0.8552473448905611,0.9110226311254194,0.8552473448905611,1.0,1,0.6278275960636206,33
949,1,1401,1401,0,0,0,0,0.9025016817457543,0.8212748680297685,0.9025016817457543,0.8212748680297685,1.0,1,0.6071761985096072,34
950,0,1401,1401,0,0,0,0,0.8995471872532014,0.8212748680297685,0.8995471872532014,0.8212748680297685,1.0,1,0.6193936761840547,33
951,1,1402,1402,0,0,0,0,0.9266855785835149,0.8212748680297685,0.9266855785835149,0.8212748680297685,1.0,1,0.6141811539904979,33
952,0,1402,1402,0,0,0,0,0.9243945029142498,0.8212748680297685,0.9243945029142498,0.8212748680297685,1.0,1,0.6182474361061957,32
953,1,1403,1403,0,0,0,0,0.9273929151370933,0.8212748680297685,0.9273929151370933,0.8212748680297685,1.0,1,0.6092105993506994,32
954,1,1404,1404,0,0,0,0,0.924398217968908,0.8212748680297685,0.924398217968908,0.8212748680297685,1.0,1,0.6232344852008558,31
955,0,1404,1404,0,0,0,0,0.888448577569044,0.7464702149685895,0.888448577569044,0.7464702149685895,1.0,1,0.6232344852008558,32
956,1,1405,1405,0,0,0,0,0.8592034883555091,0.7464702149685895,0.8592034883555091,0.7464702149685895,1.0,1,0.652827961948149,32
957,0,1405,1405,0,0,0,0,0.863470049314433,0.7464702149685895,0.863470049314433,0.7464702149685895,1.0,1,0.6474014267497523,33
958,2,1407,1407,0,0,0,0,0.8385069678109981,0.6467339920865584,0.8385069678109981,0.6467339920865584,1.0,1,0.6219984769593518,35
959,0,1407,1407,0,0,0,0,0.8429928853718036,0.6467339920865584,0.8429928853718036,0.6467339920865584,1.0,1,0.6000673173960014,36
960,3,1410,1410,0,0,0,0,0.7701975735486761,0.5403951470973523,0.7701975735486761,0.5403951470973523,1.0,1,0.5782331995762445,38
961,2,1412,1412,0,0,0,0,0.7350517953495924,0.509845821396746,0.7350517953495924,0.509845821396746,1.0,1,0.6089277078803362,37
962,2,1414,1414,0,0,0,0,0.7277858138663388,0.523625174266093,0.7277858138663388,0.523625174266093,1.0,1,0.641988038022724,35
963,1,1415,1415,0,0,0,0,0.7271640028027723,0.5225370049048514,0.7271640028027723,0.5225370049048514,1.0,1,0.6568619260858943,35
964,0,1415,1415,0,0,0,0,0.777363706478988,0.5794647789047552,0.777363706478988,0.5794647789047552,1.0,1,0.6573355486136807,34
965,0,1415,1415,0,0,0,0,0.7837247434367313,0.5794647789047552,0.7837247434367313,0.5794647789047552,1.0,1,0.6519301681784907,35
966,1,1416,1416,0,0,0,0,0.8146227057152218,0.6292454114304435,0.8146227057152218,0.6292454114304435,1.0,1,0.6445938198347082,34
967,1,1417,1417,0,0,0,0,0.841523030967088,0.654841986068178,0.841523030967088,0.654841986068178,1.0,1,0.6382456860841853,35
968,3,1420,1420,0,0,0,0,0.8224693932935421,0.6254743442241345,0.8224693932935421,0.6254743442241345,1.0,1,0.6390719441698066,36
969,0,1420,1420,0,0,0,0,0.8180875386231511,0.6254743442241345,0.8180875386231511,0.6254743442241345,1.0,1,0.6381114881026893,35
970,0,1420,1420,0,0,0,0,0.8442054489453047,0.6689365790087726,0.8442054489453047,0.6689365790087726,1.0,1,0.6381114881026893,34
971,1,1421,1421,0,0,0,0,0.8204130995313555,0.6302622637410262,0.8204130995313555,0.6302622637410262,1.0,1,0.6292707662025527,35
972,1,1422,1422,0,0,0,0,0.8204130995313555,0.6302622637410262,0.8204130995313555,0.6302622637410262,1.0,1,0.6226988283996073,35
973,1,1423,1423,0,0,0,0,0.8507045316301577,0.6650285662092473,0.8507045316301577,0.6650285662092473,1.0,1,0.619015481914211,36
974,1,1424,1424,0,0,0,0,0.8774395774740822,0.7150319421503437,0.8774395774740822,0.7150319421503437,1.0,1,0.6306911993897308,35
975,2,1426,1426,0,0,0,0,0.938016450298194,0.8295143177997895,0.938016450298194,0.8295143177997895,1.0,1,0.6025352623089757,36
976,0,1426,1426,0,0,0,0,0.9028700025792664,0.7849279611943567,0.9028700025792664,0.7849279611943567,1.0,1,0.6025352623089757,38
977,1,1427,1427,0,0,0,0,0.9311377103664877,0.8510126425104154,0.9311377103664877,0.8510126425104154,1.0,1,0.5909477455023858,38
978,4,1431,1431,0,0,0,0,0.9337341604780799,0.879252547888303,0.9337341604780799,0.879252547888303,1.0,1,0.5704737408134738,38
979,1,1432,1432,0,0,0,0,0.9448019504692768,0.879252547888303,0.9448019504692768,0.879252547888303,1.0,1,0.5659012569184994,39
980,2,1434,1434,0,0,0,0,0.9062466950646947,0.7890982581343525,0.9062466950646947,0.7890982581343525,1.0,1,0.5801825954984277,39
981,2,1436,1436,0,0,0,0,0.9012241344563181,0.7680514203293262,0.9012241344563181,0.7680514203293262,1.0,1,0.5564637531388019,40
982,3,1439,1439,0,0,0,0,0.8537703680977333,0.6607145052651038,0.8537703680977333,0.6607145052651038,1.0,1,0.5865106261645912,40
983,0,1439,1439,0,0,0,0,0.8979176389205155,0.7529634028079937,0.8979176389205155,0.7529634028079937,1.0,1,0.5865106261645912,38
984,1,1440,1440,0,0,0,0,0.8771769058676944,0.7087011126114937,0.8771769058676944,0.7087011126114937,1.0,1,0.580910573532109,39
985,3,1443,1443,0,0,0,0,0.8048754680432865,0.7246250697279741,0.8048754680432865,0.7246250697279741,1.0,1,0.6239502975850328,38
986,1,1444,1444,0,0,0,0,0.7817357992725862,0.6843629041936683,0.7817357992725862,0.6843629041936683,1.0,1,0.6488489604620284,38
987,2,1446,1446,0,0,0,0,0.7541718848291662,0.6821355114453704,0.7541718848291662,0.6821355114453704,1.0,1,0.6447955973728972,38
988,0,1446,1446,0,0,0,0,0.7541718848291662,0.6821355114453704,0.7541718848291662,0.6821355114453704,1.0,1,0.6447955973728972,38
989,0,1446,1446,0,0,0,0,0.755184357858759,0.6808448969821131,0.755184357858759,0.6808448969821131,1.0,1,0.6447955973728972,38
990,0,1446,1446,0,0,0,0,0.755184357858759,0.6808448969821131,0.755184357858759,0.6808448969821131,1.0,1,0.6447955973728972,38
991,0,1446,1446,0,0,0,0,0.7637477037178386,0.6808448969821131,0.7637477037178386,0.6808448969821131,1.0,1,0.6147353519477139,40
992,2,1448,1448,0,0,0,0,0.7616783975956123,0.6808448969821131,0.7616783975956123,0.6808448969821131,1.0,1,0.6553384221493758,39
993,0,1448,1448,0,0,0,0,0.7821816853396294,0.6808448969821131,0.7821816853396294,0.6808448969821131,1.0,1,0.6553384221493758,38
994,1,1449,1449,0,0,0,0,0.737442154087578,0.6111422744845024,0.737442154087578,0.6111422744845024,1.0,1,0.6612543467712558,39
995,0,1449,1449,0,0,0,0,0.727378914800133,0.6111422744845024,0.727378914800133,0.6111422744845024,1.0,1,0.6462149728516555,41
996,2,1451,1451,0,0,0,0,0.7161055111713337,0.6017572713291287,0.7161055111713337,0.6017572713291287,1.0,1,0.667762109543422,40
997,0,1451,1451,0,0,0,0,0.6945090569363326,0.5632019521394865,0.6945090569363326,0.5632019521394865,1.0,1,0.667762109543422,41
998,1,1452,1452,0,0,0,0,0.6868717833597409,0.5632019521394865,0.6868717833597409,0.5632019521394865,1.0,1,0.6970586477177699,40
999,0,1452,1452,0,0,0,0,0.6857665353867664,0.5977110075590775,0.6857665353867664,0.5977110075590775,1.0,1,0.6970586477177699,40
1000,0,1452,1452,0,0,0,0,0.6857665353867664,0.5977110075590775,0.6857665353867664,0.5977110075590775,1.0,1,0.6970586477177699,40
1001,0,1452,1452,0,0,0,0,0.7065196920178075,0.6377842064914614,0.7065196920178075,0.6377842064914614,1.0,1,0.6941371974834044,39
1002,0,1452,1452,0,0,0,0,0.7065196920178075,0.6377842064914614,0.7065196920178075,0.6377842064914614,1.0,1,0.6941371974834044,39
1003,0,1452,1452,0,0,0,0,0.7065196920178075,0.6377842064914614,0.7065196920178075,0.6377842064914614,1.0,1,0.6941371974834044,39
1004,0,1452,1452,0,0,0,0,0.7065196920178075,0.6377842064914614,0.7065196920178075,0.6377842064914614,1.0,1,0.6941371974834044,39
1005,0,1452,1452,0,0,0,0,0.6905609659969192,0.6078045456857148,0.6905609659969192,0.6078045456857148,1.0,1,0.6941371974834044,40
1006,0,1452,1452,0,0,0,0,0.6981082595091894,0.6078045456857148,0.6981082595091894,0.6078045456857148,1.0,1,0.6835393000101779,41
1007,3,1455,1455,0,0,0,0,0.7524833706009043,0.5706328942612388,0.7524833706009043,0.5706328942612388,1.0,1,0.6147358478822575,42
1008,1,1456,1456,0,0,0,0,0.7524747995806902,0.5468024034704696,0.7524747995806902,0.5468024034704696,1.0,1,0.6104781497601363,43
1009,2,1458,1458,0,0,0,0,0.7837011471109059,0.5468024034704696,0.7837011471109059,0.5468024034704696,1.0,1,0.5959991656775627,44
1010,2,1460,1460,0,0,0,0,0.7837011471109061,0.5468024034704696,0.7837011471109061,0.5468024034704696,1.0,1,0.5881263108830364,44
1011,1,1461,1461,0,0,0,0,0.7837011471109059,0.5468024034704696,0.7837011471109059,0.5468024034704696,1.0,1,0.5926898749326848,44
1012,3,1464,1464,0,0,0,0,0.7460744626474612,0.5468024034704696,0.7460744626474612,0.5468024034704696,1.0,1,0.5872896967318515,46
1013,0,1464,1464,0,0,0,0,0.7460744626474612,0.5468024034704696,0.7460744626474612,0.5468024034704696,1.0,1,0.5872896967318515,46
1014,1,1465,1465,0,0,0,0,0.7262191193975495,0.5468024034704696,0.7262191193975495,0.5468024034704696,1.0,1,0.594555636334066,46
1015,1,1466,1466,0,0,0,0,0.752478489979746,0.5468024034704696,0.752478489979746,0.5468024034704696,1.0,1,0.5846598035619055,46
1016,1,1467,1467,0,0,0,0,0.7177868986220357,0.5045575725672705,0.7177868986220357,0.5045575725672705,1.0,1,0.58743956305056,47
1017,0,1467,1467,0,0,0,0,0.7177868986220357,0.5045575725672705,0.7177868986220357,0.5045575725672705,1.0,1,0.58743956305056,47
1018,3,1470,1470,0,0,0,0,0.6583869396486685,0.45778520016269986,0.6583869396486685,0.45778520016269986,1.0,1,0.6223285647361931,48
1019,1,1471,1471,0,0,0,0,0.6682234164893618,0.4634001723564055,0.6682234164893618,0.4634001723564055,1.0,1,0.6099342527170145,49
1020,2,1473,1473,0,0,0,0,0.7220687346226593,0.5072853202907406,0.7220687346226593,0.5072853202907406,1.0,1,0.5794321922739173,51
1021,0,1473,1473,0,0,0,0,0.7220687346226593,0.5072853202907406,0.7220687346226593,0.5072853202907406,1.0,1,0.5794321922739173,51
1022,1,1474,1474,0,0,0,0,0.7274135666491467,0.5072853202907406,0.7274135666491467,0.5072853202907406,1.0,1,0.5774222484959504,52
1023,0,1474,1474,0,0,0,0,0.7274135666491467,0.5072853202907406,0.7274135666491467,0.5072853202907406,1.0,1,0.5813626614920333,52
1024,0,1474,1474,0,0,0,0,0.7274135666491467,0.5072853202907406,0.7274135666491467,0.5072853202907406,1.0,1,0.5813626614920333,52
1025,0,1474,1474,0,0,0,0,0.7208230073766317,0.49027080413623,0.7208230073766317,0.49027080413623,1.0,1,0.5707024518685077,54
1026,0,1474,1474,0,0,0,0,0.7208230073766316,0.49027080413623,0.7208230073766316,0.49027080413623,1.0,1,0.5707024518685077,54
1027,0,1474,1474,0,0,0,0,0.7258989526970565,0.49027080413623,0.7258989526970565,0.49027080413623,1.0,1,0.5605751699599553,55
1028,1,1475,1475,0,0,0,0,0.7137014034503555,0.47237341976605257,0.7137014034503555,0.47237341976605257,1.0,1,0.5449946219839367,56
1029,0,1475,1475,0,0,0,0,0.7137014034503555,0.47237341976605257,0.7137014034503555,0.47237341976605257,1.0,1,0.5449946219839367,56
1030,0,1475,1475,0,0,0,0,0.6997991709068061,0.45117729394689815,0.6997991709068061,0.45117729394689815,1.0,1,0.5449946219839367,57
1031,0,1475,1475,0,0,0,0,0.7049750472704817,0.45117729394689815,0.7049750472704817,0.45117729394689815,1.0,1,0.5405456848150296,58
1032,2,1477,1477,0,0,0,0,0.7049750472704817,0.45117729394689815,0.7049750472704817,0.45117729394689815,1.0,1,0.5601901166460646,58
1033,1,1478,1478,0,0,0,0,0.7152834946727876,0.46452864389121207,0.7152834946727876,0.46452864389121207,1.0,1,0.5568910543804362,57
1034,3,1481,1481,0,0,0,0,0.6664798906783327,0.46452864389121207,0.6664798906783327,0.46452864389121207,1.0,1,0.5726061936999844,57
1035,3,1484,1484,0,0,0,0,0.6366993693659022,0.4473326010711634,0.6366993693659022,0.4473326010711634,1.0,1,0.5873072556582553,57
1036,4,1488,1488,0,0,0,0,0.6537417287774175,0.4551238964792947,0.6537417287774175,0.4551238964792947,1.0,1,0.5768270126507586,59
1037,2,1490,1490,0,0,0,0,0.657478277960056,0.4626457848859178,0.657478277960056,0.4626457848859178,1.0,1,0.5864661105809855,57
1038,3,1493,1493,0,0,0,0,0.6656932254102179,0.42224681579108014,0.6656932254102179,0.42224681579108014,1.0,1,0.5760947624382944,59
1039,5,1498,1498,0,0,0,0,0.7061549004854154,0.4298710566082972,0.7061549004854154,0.4298710566082972,1.0,1,0.5829321200538475,57
1040,1,1499,1499,0,0,0,0,0.7078664196156789,0.4485593850542846,0.7078664196156789,0.4485593850542846,1.0,1,0.591349276501605,56
1041,3,1502,1502,0,0,0,0,0.7081628230917665,0.43206299241721713,0.7081628230917665,0.43206299241721713,1.0,1,0.6006307931180537,54
1042,2,1504,1504,0,0,0,0,0.7438330729480135,0.4990268193959181,0.7438330729480135,0.4990268193959181,1.0,1,0.5960606210899884,52
1043,2,1506,1506,0,0,0,0,0.7067785526388145,0.46048979044299365,0.7067785526388145,0.46048979044299365,1.0,1,0.6038851086012866,52
1044,2,1508,1508,0,0,0,0,0.7430549949335342,0.5686883978255142,0.7430549949335342,0.5686883978255142,1.0,1,0.6038851086012866,50
1045,2,1510,1510,0,0,0,0,0.7244209861197498,0.5298607780963448,0.7244209861197498,0.5298607780963448,1.0,1,0.5963265907004105,51
1046,4,1514,1514,0,0,0,0,0.7208790428236675,0.5301968332445033,0.7208790428236675,0.5301968332445033,1.0,1,0.6036276079580155,50
1047,1,1515,1515,0,0,0,0,0.787058954558873,0.5585862776618695,0.787058954558873,0.5585862776618695,1.0,1,0.5708340327260677,50
1048,0,1515,1515,0,0,0,0,0.787058954558873,0.5585862776618695,0.787058954558873,0.5585862776618695,1.0,1,0.5708340327260677,50
1049,2,1517,1517,0,0,0,0,0.7844098658191622,0.5245383688755488,0.7844098658191622,0.5245383688755488,1.0,1,0.5746251208318793,50
1050,1,1518,1518,0,0,0,0,0.7972474646794795,0.5245383688755488,0.7972474646794795,0.5245383688755488,1.0,1,0.572577846477763,50
1051,0,1518,1518,0,0,0,0,0.795692799200705,0.542038224977295,0.795692799200705,0.542038224977295,1.0,1,0.5724360304986857,50
1052,0,1518,1518,0,0,0,0,0.7775192874026926,0.5099813427165701,0.7775192874026926,0.5099813427165701,1.0,1,0.5724360304986857,51
1053,1,1519,1519,0,0,0,0,0.7805179641166643,0.5099813427165701,0.7805179641166643,0.5099813427165701,1.0,1,0.5644061166443815,51
1054,0,1519,1519,0,0,0,0,0.7888003050933937,0.5099813427165701,0.7888003050933937,0.5099813427165701,1.0,1,0.5419725316844163,53
1055,1,1520,1520,0,0,0,0,0.7734030237452365,0.48486160497003966,0.7734030237452365,0.48486160497003966,1.0,1,0.5366494624931559,54
1056,1,1521,1521,0,0,0,0,0.7734030237452365,0.48486160497003966,0.7734030237452365,0.48486160497003966,1.0,1,0.5317593533027499,54
1057,0,1521,1521,0,0,0,0,0.7597736828977165,0.464814982020544,0.7597736828977165,0.464814982020544,1.0,1,0.5317593533027499,55
1058,2,1523,1523,0,0,0,0,0.7720508256754169,0.464814982020544,0.7720508256754169,0.464814982020544,1.0,1,0.5102081358542633,54
1059,0,1523,1523,0,0,0,0,0.7677498978579719,0.464814982020544,0.7677498978579719,0.464814982020544,1.0,1,0.52055078326874,53
1060,2,1525,1525,0,0,0,0,0.7677498978579719,0.464814982020544,0.7677498978579719,0.464814982020544,1.0,1,0.4991013862400892,53
1061,3,1528,1528,0,0,0,0,0.7677498978579719,0.464814982020544,0.7677498978579719,0.464814982020544,1.0,1,0.5010038632324967,53
1062,4,1532,1532,0,0,0,0,0.7509136872170968,0.464814982020544,0.7509136872170968,0.464814982020544,1.0,1,0.5051356132673472,54
1063,1,1533,1533,0,0,0,0,0.7298318022392165,0.45093712480948994,0.7298318022392165,0.45093712480948994,1.0,1,0.5156554033975039,53
1064,3,1536,1536,0,0,0,0,0.7584722550869251,0.4866094598674336,0.7584722550869251,0.4866094598674336,1.0,1,0.5039401488307539,55
1065,1,1537,1537,0,0,0,0,0.7539995190700163,0.4866094598674336,0.7539995190700163,0.4866094598674336,1.0,1,0.5173555071532062,54
1066,4,1541,1541,0,0,0,0,0.7792241398723432,0.516512465727692,0.7792241398723432,0.516512465727692,1.0,1,0.5297512863016176,55
1067,1,1542,1542,0,0,0,0,0.7598398781654839,0.5082521253418532,0.7598398781654839,0.5082521253418532,1.0,1,0.539945566070983,55
1068,1,1543,1543,0,0,0,0,0.7794281163660484,0.537532386660498,0.7794281163660484,0.537532386660498,1.0,1,0.5514612685309551,55
1069,3,1546,1546,0,0,0,0,0.7951547662607827,0.537532386660498,0.7951547662607827,0.537532386660498,1.0,1,0.5289198848003123,55
1070,1,1547,1547,0,0,0,0,0.806678057293226,0.5567237201421636,0.806678057293226,0.5567237201421636,1.0,1,0.5395302914035509,54
1071,1,1548,1548,0,0,0,0,0.8101930017060763,0.5567237201421636,0.8101930017060763,0.5567237201421636,1.0,1,0.5205135772904975,55
1072,5,1553,1553,0,0,0,0,0.8207448601322933,0.5676955907356801,0.8207448601322933,0.5676955907356801,1.0,1,0.5059619409709685,54
1073,1,1554,1554,0,0,0,0,0.8207448601322933,0.5676955907356801,0.8207448601322933,0.5676955907356801,1.0,1,0.5096760628719414,54
1074,4,1558,1558,0,0,0,0,0.8177973626861378,0.541228484447472,0.8177973626861378,0.541228484447472,1.0,1,0.5273548783727102,52
1075,3,1561,1561,0,0,0,0,0.8762477737047295,0.6660162211501921,0.8762477737047295,0.6660162211501921,1.0,1,0.5223248399783916,51
1076,3,1564,1564,0,0,0,0,0.8432735394985348,0.5724447988192815,0.8432735394985348,0.5724447988192815,1.0,1,0.5313369353666495,52
1077,2,1566,1566,0,0,0,0,0.8619182004401006,0.6418816579799029,0.8619182004401006,0.6418816579799029,1.0,1,0.5415509739818133,49
1078,4,1570,1570,0,0,0,0,0.8583253110579775,0.5999773488695835,0.8583253110579775,0.5999773488695835,1.0,1,0.5507111696920312,48
1079,1,1571,1571,0,0,0,0,0.8496345636274055,0.5842837935581211,0.8496345636274055,0.5842837935581211,1.0,1,0.5565373817241657,47
1080,4,1575,1575,0,0,0,0,0.8554413309221212,0.6003377972552765,0.8554413309221212,0.6003377972552765,1.0,1,0.5449149183726296,47
1081,4,1579,1579,0,0,0,0,0.8042767405553914,0.5364449118417164,0.8042767405553914,0.5364449118417164,1.0,1,0.5733613914428497,45
1082,2,1581,1581,0,0,0,0,0.8379642289773341,0.5996763304145902,0.8379642289773341,0.5996763304145902,1.0,1,0.5916044747129824,42
1083,2,1583,1583,0,0,0,0,0.8124040662042175,0.5622761544765071,0.8124040662042175,0.5622761544765071,1.0,1,0.6019833145913208,42
1084,0,1583,1583,0,0,0,0,0.8509034086014928,0.627258521503732,0.8509034086014928,0.627258521503732,1.0,1,0.6116977350028941,40
1085,1,1584,1584,0,0,0,0,0.8374617146084283,0.6040714303171236,0.8374617146084283,0.6040714303171236,1.0,1,0.588383565129647,43
1086,0,1584,1584,0,0,0,0,0.856792356951383,0.6491779513897118,0.856792356951383,0.6491779513897118,1.0,1,0.602999503041721,41
1087,1,1585,1585,0,0,0,0,0.8295319350610111,0.6174047417679625,0.8295319350610111,0.6174047417679625,1.0,1,0.613489769870796,41
1088,2,1587,1587,0,0,0,0,0.8295319350610111,0.6174047417679625,0.8295319350610111,0.6174047417679625,1.0,1,0.6103007221110688,41
1089,3,1590,1590,0,0,0,0,0.8114479609488437,0.5919972753056886,0.8114479609488437,0.5919972753056886,1.0,1,0.616382105434395,42
1090,0,1590,1590,0,0,0,0,0.7848386105062383,0.5919972753056886,0.7848386105062383,0.5919972753056886,1.0,1,0.616382105434395,43
1091,0,1590,1590,0,0,0,0,0.8084602729387773,0.5919972753056886,0.8084602729387773,0.5919972753056886,1.0,1,0.6013454539531456,43
1092,1,1591,1591,0,0,0,0,0.8084602729387773,0.5919972753056886,0.8084602729387773,0.5919972753056886,1.0,1,0.6064543897970963,43
1093,1,1592,1592,0,0,0,0,0.8084602729387773,0.5919972753056886,0.8084602729387773,0.5919972753056886,1.0,1,0.6131553625896581,43
1094,1,1593,1593,0,0,0,0,0.8064858059509578,0.6345371040433151,0.8064858059509578,0.6345371040433151,1.0,1,0.6131553625896581,43
1095,0,1593,1593,0,0,0,0,0.7874947774546943,0.5976672956028732,0.7874947774546943,0.5976672956028732,1.0,1,0.6131553625896581,44
1096,2,1595,1595,0,0,0,0,0.80917006948845,0.67350594951744,0.80917006948845,0.67350594951744,1.0,1,0.6085352333378091,44
1097,1,1596,1596,0,0,0,0,0.7896477950126519,0.6298095829621513,0.7896477950126519,0.6298095829621513,1.0,1,0.5924137815273098,45
1098,2,1598,1598,0,0,0,0,0.8105202695675698,0.6762736248075205,0.8105202695675698,0.6762736248075205,1.0,1,0.5767461512693295,46
1099,1,1599,1599,0,0,0,0,0.8115881804379649,0.632966620455179,0.8115881804379649,0.632966620455179,1.0,1,0.5638340951656856,48
1100,3,1602,1602,0,0,0,0,0.853105169552508,0.6606539552940367,0.853105169552508,0.6606539552940367,1.0,1,0.5412342400188531,49
1101,2,1604,1604,0,0,0,0,0.8891931282592773,0.6606539552940367,0.8891931282592773,0.6606539552940367,1.0,1,0.5150498358892949,49
1102,3,1607,1607,0,0,0,0,0.9105550403940574,0.7181425612053893,0.9105550403940574,0.7181425612053893,1.0,1,0.5056421209177007,50
1103,3,1610,1610,0,0,0,0,0.910267444287499,0.7181425612053893,0.910267444287499,0.7181425612053893,1.0,1,0.4820856287272916,48
1104,4,1614,1614,0,0,0,0,0.9206625163626317,0.7909302981527155,0.9206625163626317,0.7909302981527155,1.0,1,0.4615034088524298,50
1105,3,1617,1617,0,0,0,0,0.9439047565082715,0.8728712821848815,0.9439047565082715,0.8728712821848815,1.0,1,0.4795706825954852,48
1106,1,1618,1618,0,0,0,0,0.893598109183596,0.8019936878716634,0.893598109183596,0.8019936878716634,1.0,1,0.4885758208089444,48
1107,4,1622,1622,0,0,0,0,0.9292233536475357,0.7967748109912066,0.9292233536475357,0.7967748109912066,1.0,1,0.4820975248002347,47
1108,2,1624,1624,0,0,0,0,0.946693562856166,0.8443036297448091,0.946693562856166,0.8443036297448091,1.0,1,0.49079812979531584,47
1109,4,1628,1628,0,0,0,0,0.9358953020974446,0.7893702783201757,0.9358953020974446,0.7893702783201757,1.0,1,0.4957175393077266,46
1110,5,1633,1633,0,0,0,0,0.9059268846173776,0.7303237359031493,0.9059268846173776,0.7303237359031493,1.0,1,0.5177228208479643,43
1111,0,1633,1633,0,0,0,0,0.8876065038851162,0.6909178856840693,0.8876065038851162,0.6909178856840693,1.0,1,0.5180119746908763,44
1112,6,1639,1639,0,0,0,0,0.8370189435339941,0.6106563651089861,0.8370189435339941,0.6106563651089861,1.0,1,0.5354452555036708,43
1113,2,1641,1641,0,0,0,0,0.8405774583101832,0.6342659337704204,0.8405774583101832,0.6342659337704204,1.0,1,0.5794696684718249,39
1114,1,1642,1642,0,0,0,0,0.8183080381938362,0.606334082753312,0.8183080381938362,0.606334082753312,1.0,1,0.5883101163462868,39
1115,3,1645,1645,0,0,0,0,0.8375861366549359,0.6465110033078015,0.8375861366549359,0.6465110033078015,1.0,1,0.5908006400406433,37
1116,2,1647,1647,0,0,0,0,0.8723753173817849,0.7048679214453774,0.8723753173817849,0.7048679214453774,1.0,1,0.5849182772898885,37
1117,1,1648,1648,0,0,0,0,0.8928751689359758,0.742900405446342,0.8928751689359758,0.742900405446342,1.0,1,0.6064307728150722,36
1118,0,1648,1648,0,0,0,0,0.89140645399013,0.7393754895763119,0.89140645399013,0.7393754895763119,1.0,1,0.6064307728150722,36
1119,1,1649,1649,0,0,0,0,0.89140645399013,0.7393754895763119,0.89140645399013,0.7393754895763119,1.0,1,0.598962136011103,36
1120,0,1649,1649,0,0,0,0,0.89140645399013,0.7393754895763119,0.89140645399013,0.7393754895763119,1.0,1,0.598962136011103,36
1121,0,1649,1649,0,0,0,0,0.89140645399013,0.7393754895763119,0.89140645399013,0.7393754895763119,1.0,1,0.598962136011103,36
1122,1,1650,1650,0,0,0,0,0.8458819642011797,0.6645666279672734,0.8458819642011797,0.6645666279672734,1.0,1,0.597617516280969,37
1123,0,1650,1650,0,0,0,0,0.8458819642011797,0.6645666279672734,0.8458819642011797,0.6645666279672734,1.0,1,0.597617516280969,37
1124,1,1651,1651,0,0,0,0,0.8757540438608066,0.7126812264281155,0.8757540438608066,0.7126812264281155,1.0,1,0.5999129506165738,37
1125,1,1652,1652,0,0,0,0,0.9020255220957808,0.768724848058841,0.9020255220957808,0.768724848058841,1.0,1,0.5903149105553291,38
1126,2,1654,1654,0,0,0,0,0.9229126074575109,0.8523119820279466,0.9229126074575109,0.8523119820279466,1.0,1,0.5873840628844461,38
1127,1,1655,1655,0,0,0,0,0.9135167919339989,0.8206316821736995,0.9135167919339989,0.8206316821736995,1.0,1,0.5844311005813929,39
1128,2,1657,1657,0,0,0,0,0.9444940369966014,0.8722592476546296,0.9444940369966014,0.8722592476546296,1.0,1,0.5800351893884934,39
1129,0,1657,1657,0,0,0,0,0.9444940369966014,0.8722592476546296,0.9444940369966014,0.8722592476546296,1.0,1,0.5800351893884934,39
1130,1,1658,1658,0,0,0,0,0.9444940369966014,0.8722592476546296,0.9444940369966014,0.8722592476546296,1.0,1,0.595071623412826,39
1131,1,1659,1659,0,0,0,0,0.9423038682415862,0.8722592476546296,0.9423038682415862,0.8722592476546296,1.0,1,0.5954453906139754,39
1132,2,1661,1661,0,0,0,0,0.9760512631450852,0.9221666052215265,0.9760512631450852,0.9221666052215265,1.0,1,0.5816407477274066,39
1133,1,1662,1662,0,0,0,0,0.9588205699508882,0.9221666052215265,0.9588205699508882,0.9221666052215265,1.0,1,0.5613268225823407,42
1134,1,1663,1663,0,0,0,0,0.9719011286351721,0.9221666052215265,0.9719011286351721,0.9221666052215265,1.0,1,0.5470001724110604,42
1135,0,1663,1663,0,0,0,0,0.9252462415759722,0.8531951652816656,0.9252462415759722,0.8531951652816656,1.0,1,0.5461913809615712,44
1136,0,1663,1663,0,0,0,0,0.9000973692603619,0.7703701075211085,0.9000973692603619,0.7703701075211085,1.0,1,0.540349135277914,46
1137,1,1664,1664,0,0,0,0,0.897877310799481,0.7703701075211085,0.897877310799481,0.7703701075211085,1.0,1,0.5416789482689173,45
1138,3,1667,1667,0,0,0,0,0.91174530490307,0.729352268369415,0.91174530490307,0.729352268369415,1.0,1,0.5018871982042479,46
1139,0,1667,1667,0,0,0,0,0.8950799335829003,0.6917973048997699,0.8950799335829003,0.6917973048997699,1.0,1,0.5018871982042479,47
1140,2,1669,1669,0,0,0,0,0.8927990625738331,0.6917973048997699,0.8927990625738331,0.6917973048997699,1.0,1,0.4989190534230671,46
1141,1,1670,1670,0,0,0,0,0.8904168195199181,0.6917973048997699,0.8904168195199181,0.6917973048997699,1.0,1,0.5008830930225736,45
1142,5,1675,1675,0,0,0,0,0.8904168195199182,0.6917973048997699,0.8904168195199182,0.6917973048997699,1.0,1,0.5113425511531525,45
1143,4,1679,1679,0,0,0,0,0.8623670681423369,0.6518696429482637,0.8623670681423369,0.6518696429482637,1.0,1,0.5372209849270096,43
1144,2,1681,1681,0,0,0,0,0.8489364220219693,0.6518696429482637,0.8489364220219693,0.6518696429482637,1.0,1,0.5185909506563099,45
1145,5,1686,1686,0,0,0,0,0.8669183772501513,0.6911003952825417,0.8669183772501513,0.6911003952825417,1.0,1,0.5212694234521168,44
1146,1,1687,1687,0,0,0,0,0.8472881360744041,0.6494802264036585,0.8472881360744041,0.6494802264036585,1.0,1,0.5211948756578253,45
1147,3,1690,1690,0,0,0,0,0.8373181055074237,0.6023331467959245,0.8373181055074237,0.6023331467959245,1.0,1,0.5210835984126169,44
1148,5,1695,1695,0,0,0,0,0.8119238552194683,0.5743539881282702,0.8119238552194683,0.5743539881282702,1.0,1,0.4984634663303814,43
1149,2,1697,1697,0,0,0,0,0.733228212896523,0.4907084064388165,0.733228212896523,0.4907084064388165,1.0,1,0.5240253685125762,42
1150,2,1699,1699,0,0,0,0,0.7007562137314663,0.43891790074649933,0.7007562137314663,0.43891790074649933,1.0,1,0.5253910873413432,45
1151,0,1699,1699,0,0,0,0,0.7148130879074917,0.4814783416499846,0.7148130879074917,0.4814783416499846,1.0,1,0.5639150392174885,40
1152,1,1700,1700,0,0,0,0,0.7442202822425084,0.5006205510448973,0.7442202822425084,0.5006205510448973,1.0,1,0.552885838442249,41
1153,3,1703,1703,0,0,0,0,0.6989583837762751,0.48001902652265704,0.6989583837762751,0.48001902652265704,1.0,1,0.581496601148436,38
1154,3,1706,1706,0,0,0,0,0.7696318220050902,0.5513882849572806,0.7696318220050902,0.5513882849572806,1.0,1,0.574927327199175,37
1155,3,1709,1709,0,0,0,0,0.7784093369860965,0.5568186739721929,0.7784093369860965,0.5568186739721929,1.0,1,0.5895544874035735,38
1156,3,1712,1712,0,0,0,0,0.8025406903286608,0.5831414573605063,0.8025406903286608,0.5831414573605063,1.0,1,0.6191275906806697,38
1157,0,1712,1712,0,0,0,0,0.8194134232549615,0.606958627084328,0.8194134232549615,0.606958627084328,1.0,1,0.6191275906806697,37
1158,0,1712,1712,0,0,0,0,0.842448417819756,0.6455089400944509,0.842448417819756,0.6455089400944509,1.0,1,0.6191275906806697,36
1159,1,1713,1713,0,0,0,0,0.865544176981178,0.6979697535723656,0.865544176981178,0.6979697535723656,1.0,1,0.6272164919755051,35
1160,1,1714,1714,0,0,0,0,0.863889833873766,0.7573093152621656,0.863889833873766,0.7573093152621656,1.0,1,0.6272164919755051,35
1161,0,1714,1714,0,0,0,0,0.867670671821717,0.7573093152621656,0.867670671821717,0.7573093152621656,1.0,1,0.6202317449953121,36
1162,1,1715,1715,0,0,0,0,0.8500903590370852,0.7707681706148076,0.8500903590370852,0.7707681706148076,1.0,1,0.6202317449953121,37
1163,0,1715,1715,0,0,0,0,0.8500903590370852,0.7707681706148076,0.8500903590370852,0.7707681706148076,1.0,1,0.6202317449953121,37
1164,0,1715,1715,0,0,0,0,0.8540353495887408,0.7707681706148076,0.8540353495887408,0.7707681706148076,1.0,1,0.61057935319776,38
1165,0,1715,1715,0,0,0,0,0.8540353495887408,0.7707681706148076,0.8540353495887408,0.7707681706148076,1.0,1,0.61057935319776,38
1166,0,1715,1715,0,0,0,0,0.8139788442145358,0.7178932919982751,0.8139788442145358,0.7178932919982751,1.0,1,0.61057935319776,40
1167,2,1717,1717,0,0,0,0,0.8238661353655685,0.744259401734362,0.8238661353655685,0.744259401734362,1.0,1,0.6009591645307771,40
1168,2,1719,1719,0,0,0,0,0.8238661353655685,0.744259401734362,0.8238661353655685,0.744259401734362,1.0,1,0.582707048453715,40
1169,0,1719,1719,0,0,0,0,0.8172349214137475,0.7143918259570895,0.8172349214137475,0.7143918259570895,1.0,1,0.5682742813149877,41
1170,2,1721,1721,0,0,0,0,0.8172349214137475,0.7143918259570895,0.8172349214137475,0.7143918259570895,1.0,1,0.5982745684391669,41
1171,1,1722,1722,0,0,0,0,0.7737777896623432,0.6685772951586617,0.7737777896623432,0.6685772951586617,1.0,1,0.5891448700743653,43
1172,1,1723,1723,0,0,0,0,0.7737777896623432,0.6685772951586617,0.7737777896623432,0.6685772951586617,1.0,1,0.5959861111985736,43
1173,0,1723,1723,0,0,0,0,0.7737777896623432,0.6685772951586617,0.7737777896623432,0.6685772951586617,1.0,1,0.5959861111985736,43
1174,1,1724,1724,0,0,0,0,0.7534878000914123,0.6367510100581503,0.7534878000914123,0.6367510100581503,1.0,1,0.6048359537573542,43
1175,0,1724,1724,0,0,0,0,0.7370669933497858,0.6030966374693558,0.7370669933497858,0.6030966374693558,1.0,1,0.6048359537573542,44
1176,1,1725,1725,0,0,0,0,0.7220170044840862,0.5745029983600901,0.7220170044840862,0.5745029983600901,1.0,1,0.6126071968609453,45
1177,1,1726,1726,0,0,0,0,0.7220170044840862,0.5745029983600901,0.7220170044840862,0.5745029983600901,1.0,1,0.6277839472223075,45
1178,2,1728,1728,0,0,0,0,0.7617932998207048,0.5745029983600901,0.7617932998207048,0.5745029983600901,1.0,1,0.5995462364301954,45
1179,1,1729,1729,0,0,0,0,0.7442934450810306,0.5745029983600901,0.7442934450810306,0.5745029983600901,1.0,1,0.5999655455402462,46
1180,1,1730,1730,0,0,0,0,0.7710696859534164,0.5745029983600901,0.7710696859534164,0.5745029983600901,1.0,1,0.5687283898282551,47
1181,0,1730,1730,0,0,0,0,0.7537656559657879,0.5428016607694481,0.7537656559657879,0.5428016607694481,1.0,1,0.5687283898282551,48
1182,1,1731,1731,0,0,0,0,0.7537656559657879,0.5428016607694481,0.7537656559657879,0.5428016607694481,1.0,1,0.5733673411295216,48
1183,1,1732,1732,0,0,0,0,0.7190982859492311,0.5428016607694481,0.7190982859492311,0.5428016607694481,1.0,1,0.5956017044433484,46
1184,2,1734,1734,0,0,0,0,0.7250749181630772,0.5428016607694481,0.7250749181630772,0.5428016607694481,1.0,1,0.5781202773142251,47
1185,0,1734,1734,0,0,0,0,0.7313807155990414,0.5428016607694481,0.7313807155990414,0.5428016607694481,1.0,1,0.5950295370847697,44
1186,0,1734,1734,0,0,0,0,0.7079749478768461,0.4977320126928596,0.7079749478768461,0.4977320126928596,1.0,1,0.5851740654692912,47
1187,0,1734,1734,0,0,0,0,0.6837647856253849,0.47693668339479034,0.6837647856253849,0.47693668339479034,1.0,1,0.5851740654692912,49
1188,2,1736,1736,0,0,0,0,0.647524822504304,0.4336524139060604,0.647524822504304,0.4336524139060604,1.0,1,0.6025496455861238,50
1189,0,1736,1736,0,0,0,0,0.6730454462661948,0.4683152453571156,0.6730454462661948,0.4683152453571156,1.0,1,0.6025496455861238,48
1190,2,1738,1738,0,0,0,0,0.6275395812484594,0.4234787648944946,0.6275395812484594,0.4234787648944946,1.0,1,0.6401805644655059,48
1191,0,1738,1738,0,0,0,0,0.6570021561522816,0.4646594958887506,0.6570021561522816,0.4646594958887506,1.0,1,0.6401805644655059,46
1192,0,1738,1738,0,0,0,0,0.6570021561522816,0.4646594958887506,0.6570021561522816,0.4646594958887506,1.0,1,0.6401805644655059,46
1193,0,1738,1738,0,0,0,0,0.6773455045463949,0.49752804213745816,0.6773455045463949,0.49752804213745816,1.0,1,0.6401805644655059,45
1194,0,1738,1738,0,0,0,0,0.6773455045463949,0.49752804213745816,0.6773455045463949,0.49752804213745816,1.0,1,0.6401805644655059,45
1195,1,1739,1739,0,0,0,0,0.6713550723857671,0.47907641845945054,0.6713550723857671,0.47907641845945054,1.0,1,0.6100743306079245,47
1196,2,1741,1741,0,0,0,0,0.6598329390766882,0.464043762421556,0.6598329390766882,0.464043762421556,1.0,1,0.5991915378862264,48
1197,0,1741,1741,0,0,0,0,0.6667751239934905,0.464043762421556,0.6667751239934905,0.464043762421556,1.0,1,0.5815329810027388,49
1198,2,1743,1743,0,0,0,0,0.6667751239934905,0.464043762421556,0.6667751239934905,0.464043762421556,1.0,1,0.6072266805059043,49
1199,1,1744,1744,0,0,0,0,0.6667305273965664,0.477736984762966,0.6667305273965664,0.477736984762966,1.0,1,0.6040779035989788,50
1200,1,1745,1745,0,0,0,0,0.6667305273965666,0.477736984762966,0.6667305273965666,0.477736984762966,1.0,1,0.6140920650569575,50
1201,0,1745,1745,0,0,0,0,0.6667305273965666,0.477736984762966,0.6667305273965666,0.477736984762966,1.0,1,0.6140920650569575,50
1202,1,1746,1746,0,0,0,0,0.6538933945047266,0.45833280831087303,0.6538933945047266,0.45833280831087303,1.0,1,0.6151835700339736,51
1203,0,1746,1746,0,0,0,0,0.6605492907642512,0.45833280831087303,0.6605492907642512,0.45833280831087303,1.0,1,0.6011008041410137,52
1204,0,1746,1746,0,0,0,0,0.6605492907642513,0.45833280831087303,0.6605492907642513,0.45833280831087303,1.0,1,0.6011008041410137,52
1205,1,1747,1747,0,0,0,0,0.6277151488047562,0.42001258332199887,0.6277151488047562,0.42001258332199887,1.0,1,0.6162835695096197,53
1206,1,1748,1748,0,0,0,0,0.6277151488047562,0.42001258332199887,0.6277151488047562,0.42001258332199887,1.0,1,0.6111808822785902,53
1207,1,1749,1749,0,0,0,0,0.6415396864231441,0.404283410321445,0.6415396864231441,0.404283410321445,1.0,1,0.5889916426566169,55
1208,0,1749,1749,0,0,0,0,0.631086219807121,0.39184991552160225,0.631086219807121,0.39184991552160225,1.0,1,0.5889916426566169,56
1209,1,1750,1750,0,0,0,0,0.6414934599750456,0.39184991552160225,0.6414934599750456,0.39184991552160225,1.0,1,0.5977979336772336,55
1210,0,1750,1750,0,0,0,0,0.6414934599750456,0.39184991552160225,0.6414934599750456,0.39184991552160225,1.0,1,0.5977979336772336,55
1211,1,1751,1751,0,0,0,0,0.6663439241366658,0.39184991552160225,0.6663439241366658,0.39184991552160225,1.0,1,0.5727128825592098,57
1212,0,1751,1751,0,0,0,0,0.6663439241366658,0.39184991552160225,0.6663439241366658,0.39184991552160225,1.0,1,0.5727128825592098,57
1213,1,1752,1752,0,0,0,0,0.679938578701856,0.39184991552160225,0.679938578701856,0.39184991552160225,1.0,1,0.5699508301669545,57
1214,2,1754,1754,0,0,0,0,0.6836202163325817,0.4184404266844472,0.6836202163325817,0.4184404266844472,1.0,1,0.5699508301669545,57
1215,1,1755,1755,0,0,0,0,0.6796581903213049,0.40081444553026624,0.6796581903213049,0.40081444553026624,1.0,1,0.5473324728054607,59
1216,3,1758,1758,0,0,0,0,0.6613476496772187,0.4165989199464012,0.6613476496772187,0.4165989199464012,1.0,1,0.5400523425620052,61
1217,0,1758,1758,0,0,0,0,0.6613476496772187,0.4165989199464012,0.6613476496772187,0.4165989199464012,1.0,1,0.5400523425620052,61
1218,4,1762,1762,0,0,0,0,0.6846761811850524,0.4157314190828787,0.6846761811850524,0.4157314190828787,1.0,1,0.5104239488409574,61
1219,2,1764,1764,0,0,0,0,0.6825751520227097,0.46354852785243444,0.6825751520227097,0.46354852785243444,1.0,1,0.5104239488409574,61
1220,2,1766,1766,0,0,0,0,0.713955960826686,0.46354852785243444,0.713955960826686,0.46354852785243444,1.0,1,0.4903536725197958,60
1221,3,1769,1769,0,0,0,0,0.7338655896736113,0.4843678847258237,0.7338655896736113,0.4843678847258237,1.0,1,0.48333615439983035,61
1222,2,1771,1771,0,0,0,0,0.7494316605766184,0.511778213056187,0.7494316605766184,0.511778213056187,1.0,1,0.4780646202219805,61
1223,4,1775,1775,0,0,0,0,0.7620009339606453,0.511778213056187,0.7620009339606453,0.511778213056187,1.0,1,0.49866556314815824,59
1224,4,1779,1779,0,0,0,0,0.7363005006511104,0.5426783073124861,0.7363005006511104,0.5426783073124861,1.0,1,0.5013438219267081,60
1225,4,1783,1783,0,0,0,0,0.700724983242194,0.5203171955845456,0.700724983242194,0.5203171955845456,1.0,1,0.5145572498619998,60
1226,4,1787,1787,0,0,0,0,0.7067700321645407,0.46864849686477167,0.7067700321645407,0.46864849686477167,1.0,1,0.4994919416066383,61
1227,1,1788,1788,0,0,0,0,0.7148408619636759,0.49279792371407505,0.7148408619636759,0.49279792371407505,1.0,1,0.5062280054436293,59
1228,6,1794,1794,0,0,0,0,0.7304557694622553,0.5241234385351687,0.7304557694622553,0.5241234385351687,1.0,1,0.5040096917339287,58
1229,3,1797,1797,0,0,0,0,0.7244357711952538,0.5206188827884382,0.7244357711952538,0.5206188827884382,1.0,1,0.5143463662140817,57
1230,5,1802,1802,0,0,0,0,0.7739030635557791,0.5443105670256295,0.7739030635557791,0.5443105670256295,1.0,1,0.4997807721780019,55
1231,2,1804,1804,0,0,0,0,0.8051591291288897,0.571189134689317,0.8051591291288897,0.571189134689317,1.0,1,0.4923397226541293,54
1232,2,1806,1806,0,0,0,0,0.8142279017760281,0.6055346431508003,0.8142279017760281,0.6055346431508003,1.0,1,0.5241566363260801,51
1233,2,1808,1808,0,0,0,0,0.8075562931411505,0.6080143861140751,0.8075562931411505,0.6080143861140751,1.0,1,0.5554187824692293,49
1234,1,1809,1809,0,0,0,0,0.7975965482909467,0.6080143861140751,0.7975965482909467,0.6080143861140751,1.0,1,0.5704977920559617,49
1235,1,1810,1810,0,0,0,0,0.7757270694808408,0.5840488115198591,0.7757270694808408,0.5840488115198591,1.0,1,0.6042320816061749,48
1236,1,1811,1811,0,0,0,0,0.7566591387274557,0.546339809110223,0.7566591387274557,0.546339809110223,1.0,1,0.6042320816061749,49
1237,2,1813,1813,0,0,0,0,0.7315116678873914,0.5236233420663686,0.7315116678873914,0.5236233420663686,1.0,1,0.6272988789484442,48
1238,1,1814,1814,0,0,0,0,0.7447387010642321,0.5236233420663686,0.7447387010642321,0.5236233420663686,1.0,1,0.6272988789484442,47
1239,1,1815,1815,0,0,0,0,0.7703161746449833,0.5236233420663686,0.7703161746449833,0.5236233420663686,1.0,1,0.5992348364643896,48
1240,1,1816,1816,0,0,0,0,0.7473216891474835,0.5045706289577778,0.7473216891474835,0.5045706289577778,1.0,1,0.6011936907897009,49
1241,1,1817,1817,0,0,0,0,0.768988739730801,0.5045706289577778,0.768988739730801,0.5045706289577778,1.0,1,0.5840099441805938,49
1242,0,1817,1817,0,0,0,0,0.768988739730801,0.5045706289577778,0.768988739730801,0.5045706289577778,1.0,1,0.5864385631967666,49
1243,1,1818,1818,0,0,0,0,0.7759642611398436,0.5045706289577778,0.7759642611398436,0.5045706289577778,1.0,1,0.5735440047059125,50
1244,0,1818,1818,0,0,0,0,0.7759642611398435,0.5045706289577778,0.7759642611398435,0.5045706289577778,1.0,1,0.5780568984063855,50
1245,2,1820,1820,0,0,0,0,0.7576026486742865,0.5114710548478981,0.7576026486742865,0.5114710548478981,1.0,1,0.5673107276779296,51
1246,1,1821,1821,0,0,0,0,0.7232316896266203,0.5169432069941672,0.7232316896266203,0.5169432069941672,1.0,1,0.5797995492989547,52
1247,0,1821,1821,0,0,0,0,0.7232316896266203,0.5169432069941672,0.7232316896266203,0.5169432069941672,1.0,1,0.5797995492989547,52
1248,1,1822,1822,0,0,0,0,0.7367620425995332,0.5399793745649337,0.7367620425995332,0.5399793745649337,1.0,1,0.5909944668835498,51
1249,3,1825,1825,0,0,0,0,0.7281836424394458,0.5914277924090453,0.7281836424394458,0.5914277924090453,1.0,1,0.5994880891439373,51
1250,2,1827,1827,0,0,0,0,0.688713782429231,0.5914277924090453,0.688713782429231,0.5914277924090453,1.0,1,0.6216094997500068,51
1251,1,1828,1828,0,0,0,0,0.6827447493759965,0.5887921011489402,0.6827447493759965,0.5887921011489402,1.0,1,0.6111827166981739,53
1252,3,1831,1831,0,0,0,0,0.6537839280799587,0.6202021300770155,0.6537839280799587,0.6202021300770155,1.0,1,0.6378319528006433,52
1253,0,1831,1831,0,0,0,0,0.6537839280799587,0.6202021300770155,0.6537839280799587,0.6202021300770155,1.0,1,0.6378319528006433,52
1254,1,1832,1832,0,0,0,0,0.6608618695572002,0.589525079964731,0.6608618695572002,0.589525079964731,1.0,1,0.6235881298244972,53
1255,1,1833,1833,0,0,0,0,0.6792037176889331,0.589525079964731,0.6792037176889331,0.589525079964731,1.0,1,0.5884027541986627,55
1256,0,1833,1833,0,0,0,0,0.6792037176889331,0.589525079964731,0.6792037176889331,0.589525079964731,1.0,1,0.5884027541986627,55
1257,0,1833,1833,0,0,0,0,0.668786606334853,0.5808916982955378,0.668786606334853,0.5808916982955378,1.0,1,0.5770740010696096,57
1258,2,1835,1835,0,0,0,0,0.6882066473120471,0.5808916982955378,0.6882066473120471,0.5808916982955378,1.0,1,0.5516113655270855,57
1259,1,1836,1836,0,0,0,0,0.702921178626035,0.5808916982955378,0.702921178626035,0.5808916982955378,1.0,1,0.5376571467872616,57
1260,2,1838,1838,0,0,0,0,0.7542286614287637,0.5808916982955378,0.7542286614287637,0.5808916982955378,1.0,1,0.5028464768380762,56
1261,3,1841,1841,0,0,0,0,0.7738166754275985,0.5808916982955378,0.7738166754275985,0.5808916982955378,1.0,1,0.48926949548146786,57
1262,1,1842,1842,0,0,0,0,0.7599135528189152,0.5333547910544906,0.7599135528189152,0.5333547910544906,1.0,1,0.48926949548146786,58
1263,4,1846,1846,0,0,0,0,0.7719626389026782,0.5333547910544906,0.7719626389026782,0.5333547910544906,1.0,1,0.4946959262384859,58
1264,2,1848,1848,0,0,0,0,0.7703066035442192,0.47332424930671263,0.7703066035442192,0.47332424930671263,1.0,1,0.4929806945486909,57
1265,4,1852,1852,0,0,0,0,0.7746745069458632,0.47129497996300934,0.7746745069458632,0.47129497996300934,1.0,1,0.5087616977701488,56
1266,2,1854,1854,0,0,0,0,0.7520398604181446,0.45084185304911806,0.7520398604181446,0.45084185304911806,1.0,1,0.528095695344186,55
1267,5,1859,1859,0,0,0,0,0.7719312966184332,0.4945227974167523,0.7719312966184332,0.4945227974167523,1.0,1,0.5268390809126802,53
1268,6,1865,1865,0,0,0,0,0.7351825981865117,0.4491798042279443,0.7351825981865117,0.4491798042279443,1.0,1,0.5277961697081822,52
1269,0,1865,1865,0,0,0,0,0.7503430641916975,0.469479011407357,0.7503430641916975,0.469479011407357,1.0,1,0.5274496707307783,51
1270,1,1866,1866,0,0,0,0,0.7699324815446564,0.508492119663584,0.7699324815446564,0.508492119663584,1.0,1,0.5350188147724092,47
1271,1,1867,1867,0,0,0,0,0.7649310137521489,0.508492119663584,0.7649310137521489,0.508492119663584,1.0,1,0.537860416149879,46
1272,0,1867,1867,0,0,0,0,0.7981150724349918,0.5659474057352324,0.7981150724349918,0.5659474057352324,1.0,1,0.5413391813634615,43
1273,2,1869,1869,0,0,0,0,0.8027033662432874,0.5659474057352324,0.8027033662432874,0.5659474057352324,1.0,1,0.550221749530959,44
1274,2,1871,1871,0,0,0,0,0.8280058765064968,0.6218894564397651,0.8280058765064968,0.6218894564397651,1.0,1,0.5526374269354187,44
1275,0,1871,1871,0,0,0,0,0.8104057119349031,0.591053088773713,0.8104057119349031,0.591053088773713,1.0,1,0.5526374269354187,45
1276,3,1874,1874,0,0,0,0,0.8240639837082538,0.7074799660219548,0.8240639837082538,0.7074799660219548,1.0,1,0.5659922182883973,43
1277,3,1877,1877,0,0,0,0,0.803884687305128,0.6621090822542351,0.803884687305128,0.6621090822542351,1.0,1,0.5738157423630934,44
1278,4,1881,1881,0,0,0,0,0.7905756882374816,0.6935250071842489,0.7905756882374816,0.6935250071842489,1.0,1,0.6064505015292228,45
1279,2,1883,1883,0,0,0,0,0.800528235627208,0.6518743655337049,0.800528235627208,0.6518743655337049,1.0,1,0.5904608214632215,47
1280,0,1883,1883,0,0,0,0,0.800528235627208,0.6518743655337049,0.800528235627208,0.6518743655337049,1.0,1,0.5904608214632215,47
1281,1,1884,1884,0,0,0,0,0.8036859352122626,0.6026014132287002,0.8036859352122626,0.6026014132287002,1.0,1,0.5904608214632215,47
1282,1,1885,1885,0,0,0,0,0.7942595258273065,0.6423436858334328,0.7942595258273065,0.6423436858334328,1.0,1,0.6111257546108292,46
1283,2,1887,1887,0,0,0,0,0.7982289373558492,0.598800810026696,0.7982289373558492,0.598800810026696,1.0,1,0.6034606802978421,46
1284,0,1887,1887,0,0,0,0,0.7982289373558491,0.598800810026696,0.7982289373558491,0.598800810026696,1.0,1,0.6034606802978421,46
1285,0,1887,1887,0,0,0,0,0.793252120898401,0.6423436858334328,0.793252120898401,0.6423436858334328,1.0,1,0.6034606802978421,46
1286,0,1887,1887,0,0,0,0,0.7886577235850322,0.6423436858334328,0.7886577235850322,0.6423436858334328,1.0,1,0.6165165580621891,45
1287,0,1887,1887,0,0,0,0,0.740484476419978,0.605718302969121,0.740484476419978,0.605718302969121,1.0,1,0.5945846771064899,49
1288,1,1888,1888,0,0,0,0,0.760940230280604,0.6462663643590513,0.760940230280604,0.6462663643590513,1.0,1,0.5900432396116332,49
1289,1,1889,1889,0,0,0,0,0.7538347357954353,0.6082235289340692,0.7538347357954353,0.6082235289340692,1.0,1,0.5655283316847743,52
1290,1,1890,1890,0,0,0,0,0.753460314349335,0.6082235289340692,0.753460314349335,0.6082235289340692,1.0,1,0.5655283316847743,52
1291,0,1890,1890,0,0,0,0,0.753460314349335,0.6082235289340692,0.753460314349335,0.6082235289340692,1.0,1,0.5655283316847743,52
1292,0,1890,1890,0,0,0,0,0.758112006531423,0.6082235289340692,0.758112006531423,0.6082235289340692,1.0,1,0.555039986658199,53
1293,2,1892,1892,0,0,0,0,0.7586604050977126,0.6418162441410046,0.7586604050977126,0.6418162441410046,1.0,1,0.555039986658199,53
1294,2,1894,1894,0,0,0,0,0.7785296220235898,0.6418162441410046,0.7785296220235898,0.6418162441410046,1.0,1,0.5462917782506107,53
1295,0,1894,1894,0,0,0,0,0.7668712571864807,0.6144363372898213,0.7668712571864807,0.6144363372898213,1.0,1,0.5462917782506107,54
1296,1,1895,1895,0,0,0,0,0.7900162318159318,0.6144363372898213,0.7900162318159318,0.6144363372898213,1.0,1,0.5220440932856744,55
1297,1,1896,1896,0,0,0,0,0.8022841338016334,0.6144363372898213,0.8022841338016334,0.6144363372898213,1.0,1,0.5230119415472989,54
1298,2,1898,1898,0,0,0,0,0.8252229882771727,0.5810370101947305,0.8252229882771727,0.5810370101947305,1.0,1,0.49228074172248937,55
1299,1,1899,1899,0,0,0,0,0.8449749276714494,0.5810370101947305,0.8449749276714494,0.5810370101947305,1.0,1,0.4828585048568966,54
1300,4,1903,1903,0,0,0,0,0.793850015644207,0.4846250391105175,0.793850015644207,0.4846250391105175,1.0,1,0.46676409129550256,55
1301,2,1905,1905,0,0,0,0,0.7720153158629834,0.4647316111565698,0.7720153158629834,0.4647316111565698,1.0,1,0.4866663036867438,54
1302,4,1909,1909,0,0,0,0,0.7348418951458735,0.4272584935150869,0.7348418951458735,0.4272584935150869,1.0,1,0.533948652653116,54
1303,2,1911,1911,0,0,0,0,0.7566172695040372,0.4709071076174721,0.7566172695040372,0.4709071076174721,1.0,1,0.5493152887529917,50
1304,6,1917,1917,0,0,0,0,0.7414777515993848,0.5011220439383237,0.7414777515993848,0.5011220439383237,1.0,1,0.5582035727806117,51
1305,2,1919,1919,0,0,0,0,0.7447321929352139,0.507068133335876,0.7447321929352139,0.507068133335876,1.0,1,0.5777581142164036,48
1306,7,1926,1926,0,0,0,0,0.6825914611108402,0.4721833467889717,0.6825914611108402,0.4721833467889717,1.0,1,0.6255324382503835,48
1307,1,1927,1927,0,0,0,0,0.7052038484544406,0.5119134788457166,0.7052038484544406,0.5119134788457166,1.0,1,0.6125420108630176,48
1308,1,1928,1928,0,0,0,0,0.7460722420274245,0.5449878702104016,0.7460722420274245,0.5449878702104016,1.0,1,0.6034120033154777,46
1309,2,1930,1930,0,0,0,0,0.7206844314230337,0.49774297846805193,0.7206844314230337,0.49774297846805193,1.0,1,0.5935228050575269,47
1310,3,1933,1933,0,0,0,0,0.7795581647538878,0.5784473086300519,0.7795581647538878,0.5784473086300519,1.0,1,0.5609974146994712,46
1311,1,1934,1934,0,0,0,0,0.7611163055300301,0.5559855805812354,0.7611163055300301,0.5559855805812354,1.0,1,0.5634946048116152,46
1312,3,1937,1937,0,0,0,0,0.7622647142417359,0.5969243648993162,0.7622647142417359,0.5969243648993162,1.0,1,0.5769730585985745,45
1313,1,1938,1938,0,0,0,0,0.730332879108958,0.5567038477949331,0.730332879108958,0.5567038477949331,1.0,1,0.6058565054436804,44
1314,0,1938,1938,0,0,0,0,0.7376981050883965,0.5792248245012349,0.7376981050883965,0.5792248245012349,1.0,1,0.6179844521601456,42
1315,2,1940,1940,0,0,0,0,0.7458940074530385,0.5724140661027924,0.7458940074530385,0.5724140661027924,1.0,1,0.6446250575101956,40
1316,0,1940,1940,0,0,0,0,0.7579942928124175,0.5724140661027924,0.7579942928124175,0.5724140661027924,1.0,1,0.6147814026876975,42
1317,1,1941,1941,0,0,0,0,0.7874248702574681,0.5716088675978985,0.7874248702574681,0.5716088675978985,1.0,1,0.6052596625038155,42
1318,0,1941,1941,0,0,0,0,0.7874248702574681,0.5716088675978985,0.7874248702574681,0.5716088675978985,1.0,1,0.6052596625038155,42
1319,1,1942,1942,0,0,0,0,0.806774217731455,0.5716088675978985,0.806774217731455,0.5716088675978985,1.0,1,0.6016491134353096,42
1320,0,1942,1942,0,0,0,0,0.806774217731455,0.5716088675978985,0.806774217731455,0.5716088675978985,1.0,1,0.6016491134353096,42
1321,2,1944,1944,0,0,0,0,0.8069844717109046,0.5428579593153006,0.8069844717109046,0.5428579593153006,1.0,1,0.5502727574821924,45
1322,0,1944,1944,0,0,0,0,0.8069844717109046,0.5428579593153006,0.8069844717109046,0.5428579593153006,1.0,1,0.5502727574821924,45
1323,1,1945,1945,0,0,0,0,0.8111804614563197,0.5428579593153006,0.8111804614563197,0.5428579593153006,1.0,1,0.5513089480537253,46
1324,1,1946,1946,0,0,0,0,0.8069844717109046,0.5428579593153006,0.8069844717109046,0.5428579593153006,1.0,1,0.5632512622494257,45
1325,0,1946,1946,0,0,0,0,0.7864416755946894,0.5088158538677857,0.7864416755946894,0.5088158538677857,1.0,1,0.5632512622494257,46
1326,1,1947,1947,0,0,0,0,0.761709835386509,0.4893782186853766,0.761709835386509,0.4893782186853766,1.0,1,0.5813895506203111,45
1327,1,1948,1948,0,0,0,0,0.7465447648799086,0.47004814474889994,0.7465447648799086,0.47004814474889994,1.0,1,0.5950680485460967,46
1328,0,1948,1948,0,0,0,0,0.7519374294569319,0.47004814474889994,0.7519374294569319,0.47004814474889994,1.0,1,0.5969567291666018,47
1329,0,1948,1948,0,0,0,0,0.7519374294569319,0.47004814474889994,0.7519374294569319,0.47004814474889994,1.0,1,0.5969567291666018,47
1330,0,1948,1948,0,0,0,0,0.7465447648799086,0.47004814474889994,0.7465447648799086,0.47004814474889994,1.0,1,0.6116287093270774,46
1331,2,1950,1950,0,0,0,0,0.7465447648799086,0.47004814474889994,0.7465447648799086,0.47004814474889994,1.0,1,0.593634259276329,46
1332,2,1952,1952,0,0,0,0,0.6877581807509056,0.4467144823657711,0.6877581807509056,0.4467144823657711,1.0,1,0.6050138333125571,49
1333,0,1952,1952,0,0,0,0,0.6724908412323793,0.4249510124682222,0.6724908412323793,0.4249510124682222,1.0,1,0.6050138333125571,50
1334,1,1953,1953,0,0,0,0,0.6686399866974218,0.4487213765907586,0.6686399866974218,0.4487213765907586,1.0,1,0.6050138333125571,50
1335,0,1953,1953,0,0,0,0,0.6425191702601256,0.41198356720971563,0.6425191702601256,0.41198356720971563,1.0,1,0.6050138333125571,52
1336,0,1953,1953,0,0,0,0,0.6492640915759724,0.41198356720971563,0.6492640915759724,0.41198356720971563,1.0,1,0.5876276593084218,53
1337,2,1955,1955,0,0,0,0,0.653345846841453,0.40677072224619293,0.653345846841453,0.40677072224619293,1.0,1,0.5874966044055754,54
1338,3,1958,1958,0,0,0,0,0.6876615083432802,0.4224735187022217,0.6876615083432802,0.4224735187022217,1.0,1,0.5562525420733427,54
1339,1,1959,1959,0,0,0,0,0.7060337988821369,0.44049861469354734,0.7060337988821369,0.44049861469354734,1.0,1,0.5531492344751965,54
1340,6,1965,1965,0,0,0,0,0.7234836838190757,0.46848695391336337,0.7234836838190757,0.46848695391336337,1.0,1,0.5471308645543684,53
1341,3,1968,1968,0,0,0,0,0.7394500706064074,0.4923783938817449,0.7394500706064074,0.4923783938817449,1.0,1,0.5357585536822265,53
1342,2,1970,1970,0,0,0,0,0.7728034128495064,0.5158475133770043,0.7728034128495064,0.5158475133770043,1.0,1,0.5516324523139734,52
1343,0,1970,1970,0,0,0,0,0.7799783962930117,0.5331627691587548,0.7799783962930117,0.5331627691587548,1.0,1,0.5546426714763447,50
1344,2,1972,1972,0,0,0,0,0.8025699208082948,0.5647415574021908,0.8025699208082948,0.5647415574021908,1.0,1,0.540437455061877,51
1345,1,1973,1973,0,0,0,0,0.7986935786046518,0.5905880748100306,0.7986935786046518,0.5905880748100306,1.0,1,0.5427340924025261,50
1346,2,1975,1975,0,0,0,0,0.824865895560704,0.5905880748100306,0.824865895560704,0.5905880748100306,1.0,1,0.5306659150624486,50
1347,1,1976,1976,0,0,0,0,0.8265361029149226,0.5672519854956204,0.8265361029149226,0.5672519854956204,1.0,1,0.5258057085504054,48
1348,0,1976,1976,0,0,0,0,0.8127018765294708,0.5452207762604716,0.8127018765294708,0.5452207762604716,1.0,1,0.5258057085504054,49
1349,2,1978,1978,0,0,0,0,0.8263185399770133,0.5666718176611959,0.8263185399770133,0.5666718176611959,1.0,1,0.5282032945986835,48
1350,1,1979,1979,0,0,0,0,0.8298630595693192,0.5666718176611959,0.8298630595693192,0.5666718176611959,1.0,1,0.5480258287200518,49
1351,0,1979,1979,0,0,0,0,0.8263185399770133,0.5666718176611959,0.8263185399770133,0.5666718176611959,1.0,1,0.5515833809357271,48
1352,3,1982,1982,0,0,0,0,0.8231776767232116,0.5439845347072303,0.8231776767232116,0.5439845347072303,1.0,1,0.5461971025960506,49
1353,0,1982,1982,0,0,0,0,0.8052938081437038,0.5439845347072303,0.8052938081437038,0.5439845347072303,1.0,1,0.5496932184693357,49
1354,0,1982,1982,0,0,0,0,0.8042741185908873,0.5413548090183875,0.8042741185908873,0.5413548090183875,1.0,1,0.5496932184693357,49
1355,3,1985,1985,0,0,0,0,0.8081886362190694,0.5413548090183875,0.8081886362190694,0.5413548090183875,1.0,1,0.5098679605134405,50
1356,1,1986,1986,0,0,0,0,0.8081886362190694,0.5413548090183875,0.8081886362190694,0.5413548090183875,1.0,1,0.5260386155717521,50
1357,4,1990,1990,0,0,0,0,0.7680150373241574,0.48938387745732204,0.7680150373241574,0.48938387745732204,1.0,1,0.5555046361760183,50
1358,1,1991,1991,0,0,0,0,0.7725637620825072,0.48938387745732204,0.7725637620825072,0.48938387745732204,1.0,1,0.5588315632714655,51
1359,1,1992,1992,0,0,0,0,0.7597809073389207,0.4611226204253945,0.7597809073389207,0.4611226204253945,1.0,1,0.5601630189471576,53
1360,0,1992,1992,0,0,0,0,0.7467340534311282,0.4611226204253945,0.7467340534311282,0.4611226204253945,1.0,1,0.5601630189471576,54
1361,0,1992,1992,0,0,0,0,0.7467340534311282,0.4611226204253945,0.7467340534311282,0.4611226204253945,1.0,1,0.5601630189471576,54
1362,1,1993,1993,0,0,0,0,0.7340606525793784,0.443234550258416,0.7340606525793784,0.443234550258416,1.0,1,0.557169562572733,55
1363,0,1993,1993,0,0,0,0,0.7340606525793784,0.443234550258416,0.7340606525793784,0.443234550258416,1.0,1,0.557169562572733,55
1364,0,1993,1993,0,0,0,0,0.7151939136883406,0.42319683403902064,0.7151939136883406,0.42319683403902064,1.0,1,0.5678472956185672,55
1365,0,1993,1993,0,0,0,0,0.7009800341630499,0.4030376270883422,0.7009800341630499,0.4030376270883422,1.0,1,0.5678472956185672,56
1366,2,1995,1995,0,0,0,0,0.7144206083337117,0.4030376270883422,0.7144206083337117,0.4030376270883422,1.0,1,0.56568194600814,56
1367,0,1995,1995,0,0,0,0,0.7144206083337117,0.4030376270883422,0.7144206083337117,0.4030376270883422,1.0,1,0.56568194600814,56
1368,0,1995,1995,0,0,0,0,0.7075593770798099,0.3887242492749874,0.7075593770798099,0.3887242492749874,1.0,1,0.5561506739166285,58
1369,1,1996,1996,0,0,0,0,0.7139844394304076,0.40039499241388277,0.7139844394304076,0.40039499241388277,1.0,1,0.5457068368928606,59
1370,0,1996,1996,0,0,0,0,0.7139844394304076,0.40039499241388277,0.7139844394304076,0.40039499241388277,1.0,1,0.5457068368928606,59
1371,2,1998,1998,0,0,0,0,0.698839867535136,0.40039499241388277,0.698839867535136,0.40039499241388277,1.0,1,0.5477419269986429,59
1372,3,2001,2001,0,0,0,0,0.7219587702892684,0.44444603687947926,0.7219587702892684,0.44444603687947926,1.0,1,0.5392991550652433,59
1373,2,2003,2003,0,0,0,0,0.7371611338712881,0.44444603687947926,0.7371611338712881,0.44444603687947926,1.0,1,0.5325879789708718,59
1374,1,2004,2004,0,0,0,0,0.7223047721238234,0.4476647510242077,0.7223047721238234,0.4476647510242077,1.0,1,0.5325879789708718,60
1375,1,2005,2005,0,0,0,0,0.7086645336825239,0.429053774978048,0.7086645336825239,0.429053774978048,1.0,1,0.531285475507241,61
1376,2,2007,2007,0,0,0,0,0.6924512780236682,0.4509970756490096,0.6924512780236682,0.4509970756490096,1.0,1,0.53793983672171,61
1377,3,2010,2010,0,0,0,0,0.6781098604162503,0.4509970756490096,0.6781098604162503,0.4509970756490096,1.0,1,0.5440349640231836,61
1378,4,2014,2014,0,0,0,0,0.6723898821093197,0.4193399833727011,0.6723898821093197,0.4193399833727011,1.0,1,0.5267239076031419,61
1379,3,2017,2017,0,0,0,0,0.7107452253388333,0.44195072951731573,0.7107452253388333,0.44195072951731573,1.0,1,0.509990301587982,60
1380,4,2021,2021,0,0,0,0,0.6903727396268263,0.40595172334213303,0.6903727396268263,0.40595172334213303,1.0,1,0.4906564295449582,60
1381,1,2022,2022,0,0,0,0,0.6926561900420589,0.41252032201596506,0.6926561900420589,0.41252032201596506,1.0,1,0.4945277748420496,58
1382,6,2028,2028,0,0,0,0,0.6615878420152087,0.3974457132710971,0.6615878420152087,0.3974457132710971,1.0,1,0.5110127112062585,58
1383,3,2031,2031,0,0,0,0,0.695030485352892,0.4178586543051611,0.695030485352892,0.4178586543051611,1.0,1,0.49111421751489354,57
1384,4,2035,2035,0,0,0,0,0.7102309359202579,0.4230223750435153,0.7102309359202579,0.4230223750435153,1.0,1,0.5216542656601132,54
1385,1,2036,2036,0,0,0,0,0.7052262449206224,0.44014137614954496,0.7052262449206224,0.44014137614954496,1.0,1,0.5288703334174769,52
1386,3,2039,2039,0,0,0,0,0.7400370615786489,0.45573471937451926,0.7400370615786489,0.45573471937451926,1.0,1,0.5210894839950121,51
1387,1,2040,2040,0,0,0,0,0.6896395258434529,0.4147707132231128,0.6896395258434529,0.4147707132231128,1.0,1,0.5432910491757765,51
1388,3,2043,2043,0,0,0,0,0.7172954742520091,0.4147707132231128,0.7172954742520091,0.4147707132231128,1.0,1,0.522487172883067,52
1389,0,2043,2043,0,0,0,0,0.6856495471055254,0.39750439246106006,0.6856495471055254,0.39750439246106006,1.0,1,0.5624632072297124,50
1390,1,2044,2044,0,0,0,0,0.7046590159122844,0.39750439246106006,0.7046590159122844,0.39750439246106006,1.0,1,0.5279902890186854,51
1391,0,2044,2044,0,0,0,0,0.7013766115693817,0.4027532231387634,0.7013766115693817,0.4027532231387634,1.0,1,0.5462207268948361,50
1392,2,2046,2046,0,0,0,0,0.7211723079228334,0.4191089748392361,0.7211723079228334,0.4191089748392361,1.0,1,0.5522028456415349,50
1393,2,2048,2048,0,0,0,0,0.7154819468600339,0.4191089748392361,0.7154819468600339,0.4191089748392361,1.0,1,0.5702185067011346,49
1394,2,2050,2050,0,0,0,0,0.6988088182663788,0.40372926517338226,0.6988088182663788,0.40372926517338226,1.0,1,0.5814914370178876,50
1395,1,2051,2051,0,0,0,0,0.6852158641107218,0.40372926517338226,0.6852158641107218,0.40372926517338226,1.0,1,0.5928603864855866,51
1396,0,2051,2051,0,0,0,0,0.6715103129278244,0.38714457045902384,0.6715103129278244,0.38714457045902384,1.0,1,0.5928603864855866,52
1397,1,2052,2052,0,0,0,0,0.6523270758777328,0.38714457045902384,0.6523270758777328,0.38714457045902384,1.0,1,0.5967541229598587,52
1398,0,2052,2052,0,0,0,0,0.6588869423706057,0.38714457045902384,0.6588869423706057,0.38714457045902384,1.0,1,0.5794303466248207,53
1399,2,2054,2054,0,0,0,0,0.6582051579388225,0.38714457045902384,0.6582051579388225,0.38714457045902384,1.0,1,0.5626497409631436,54
1400,1,2055,2055,0,0,0,0,0.6761182185469011,0.38714457045902384,0.6761182185469011,0.38714457045902384,1.0,1,0.5591095080802353,54
1401,1,2056,2056,0,0,0,0,0.6535987677007538,0.38714457045902384,0.6535987677007538,0.38714457045902384,1.0,1,0.5702580085272453,54
1402,3,2059,2059,0,0,0,0,0.6222726327763679,0.38714457045902384,0.6222726327763679,0.38714457045902384,1.0,1,0.5806678418444612,53
1403,0,2059,2059,0,0,0,0,0.6150086449451442,0.38714457045902384,0.6150086449451442,0.38714457045902384,1.0,1,0.5938715155693354,52
1404,0,2059,2059,0,0,0,0,0.6060673024634932,0.37803245649452805,0.6060673024634932,0.37803245649452805,1.0,1,0.5938715155693354,53
1405,1,2060,2060,0,0,0,0,0.6229840356224485,0.37803245649452805,0.6229840356224485,0.37803245649452805,1.0,1,0.5864142310553951,52
1406,0,2060,2060,0,0,0,0,0.6300975443842891,0.37803245649452805,0.6300975443842891,0.37803245649452805,1.0,1,0.5781649170763163,53
1407,0,2060,2060,0,0,0,0,0.6200734751785771,0.36770264759386073,0.6200734751785771,0.36770264759386073,1.0,1,0.5781649170763163,54
1408,1,2061,2061,0,0,0,0,0.6340016241845006,0.36770264759386073,0.6340016241845006,0.36770264759386073,1.0,1,0.5951168531872462,53
1409,0,2061,2061,0,0,0,0,0.6280406485149177,0.3529594385920705,0.6280406485149177,0.3529594385920705,1.0,1,0.573464940268209,55
1410,1,2062,2062,0,0,0,0,0.6440278101278454,0.3529594385920705,0.6440278101278454,0.3529594385920705,1.0,1,0.5731285920610742,54
1411,0,2062,2062,0,0,0,0,0.6440278101278454,0.3529594385920705,0.6440278101278454,0.3529594385920705,1.0,1,0.5731285920610742,54
1412,0,2062,2062,0,0,0,0,0.6373113537151632,0.3529594385920705,0.6373113537151632,0.3529594385920705,1.0,1,0.5788580634807847,53
1413,1,2063,2063,0,0,0,0,0.6343056807721261,0.34175022538982697,0.6343056807721261,0.34175022538982697,1.0,1,0.5741353737995091,54
1414,1,2064,2064,0,0,0,0,0.6222445158643655,0.32978865717871264,0.6222445158643655,0.32978865717871264,1.0,1,0.5674036814131238,55
1415,1,2065,2065,0,0,0,0,0.6189008461418449,0.3211671321901612,0.6189008461418449,0.3211671321901612,1.0,1,0.5444201878453621,57
1416,2,2067,2067,0,0,0,0,0.6004302163883433,0.3066289049091839,0.6004302163883433,0.3066289049091839,1.0,1,0.55278612634567,59
1417,2,2069,2069,0,0,0,0,0.6103427212566617,0.3151478131177688,0.6103427212566617,0.3151478131177688,1.0,1,0.5367526087989339,58
1418,6,2075,2075,0,0,0,0,0.6381580500204094,0.3346777048762366,0.6381580500204094,0.3346777048762366,1.0,1,0.5003035234300529,57
1419,5,2080,2080,0,0,0,0,0.6115717722544204,0.32025060144523565,0.6115717722544204,0.32025060144523565,1.0,1,0.502907190958502,56
1420,1,2081,2081,0,0,0,0,0.6337351963981445,0.34072335351665994,0.6337351963981445,0.34072335351665994,1.0,1,0.5099453804591851,54
1421,0,2081,2081,0,0,0,0,0.6403945564636327,0.34072335351665994,0.6403945564636327,0.34072335351665994,1.0,1,0.5135019496335058,55
1422,2,2083,2083,0,0,0,0,0.6581795167136222,0.3651905310395841,0.6581795167136222,0.3651905310395841,1.0,1,0.5469957992583558,52
1423,3,2086,2086,0,0,0,0,0.6720333543842228,0.39216114623206894,0.6720333543842228,0.39216114623206894,1.0,1,0.5854838570056955,52
1424,3,2089,2089,0,0,0,0,0.6712627220819382,0.39216114623206894,0.6712627220819382,0.39216114623206894,1.0,1,0.612846927195607,51
1425,1,2090,2090,0,0,0,0,0.683749326831743,0.39182562852258296,0.683749326831743,0.39182562852258296,1.0,1,0.5971476844264165,50
1426,1,2091,2091,0,0,0,0,0.6840193021384112,0.39234481180463726,0.6840193021384112,0.39234481180463726,1.0,1,0.5902553103626464,50
1427,0,2091,2091,0,0,0,0,0.6708534397275119,0.39234481180463726,0.6708534397275119,0.39234481180463726,1.0,1,0.603427613643981,48
1428,4,2095,2095,0,0,0,0,0.7079996452427597,0.4159992904855194,0.7079996452427597,0.4159992904855194,1.0,1,0.5923670350226343,48
1429,0,2095,2095,0,0,0,0,0.6890073183410576,0.40289405121483024,0.6890073183410576,0.40289405121483024,1.0,1,0.5955350436021636,48
1430,3,2098,2098,0,0,0,0,0.7119914214253167,0.42398284285063337,0.7119914214253167,0.42398284285063337,1.0,1,0.5525359069199667,48
1431,0,2098,2098,0,0,0,0,0.7119914214253167,0.42398284285063337,0.7119914214253167,0.42398284285063337,1.0,1,0.5525359069199667,48
1432,0,2098,2098,0,0,0,0,0.723511764568304,0.42398284285063337,0.723511764568304,0.42398284285063337,1.0,1,0.5410566450077825,50
1433,5,2103,2103,0,0,0,0,0.7492985702296423,0.4440968296396416,0.7492985702296423,0.4440968296396416,1.0,1,0.4934796422846345,51
1434,3,2106,2106,0,0,0,0,0.7492985702296423,0.4440968296396416,0.7492985702296423,0.4440968296396416,1.0,1,0.5171500653172073,51
1435,4,2110,2110,0,0,0,0,0.7251510650704706,0.4273980522301469,0.7251510650704706,0.4273980522301469,1.0,1,0.5216154300855522,50
1436,2,2112,2112,0,0,0,0,0.7138622871505442,0.4162790657871102,0.7138622871505442,0.4162790657871102,1.0,1,0.5488437505325573,51
1437,1,2113,2113,0,0,0,0,0.7138622871505442,0.4162790657871102,0.7138622871505442,0.4162790657871102,1.0,1,0.5330181626598537,51
1438,2,2115,2115,0,0,0,0,0.7138622871505442,0.4162790657871102,0.7138622871505442,0.4162790657871102,1.0,1,0.5580040517619123,51
1439,0,2115,2115,0,0,0,0,0.7081395328935551,0.4162790657871102,0.7081395328935551,0.4162790657871102,1.0,1,0.573302432391922,50
1440,1,2116,2116,0,0,0,0,0.6747996037438176,0.3857325848494334,0.6747996037438176,0.3857325848494334,1.0,1,0.5941888084282299,51
1441,0,2116,2116,0,0,0,0,0.6747996037438175,0.3857325848494334,0.6747996037438175,0.3857325848494334,1.0,1,0.5941888084282299,51
1442,1,2117,2117,0,0,0,0,0.6964407291359739,0.4041582518424954,0.6964407291359739,0.4041582518424954,1.0,1,0.5868872303058725,52
1443,2,2119,2119,0,0,0,0,0.6836179200677458,0.3970428938256031,0.6836179200677458,0.3970428938256031,1.0,1,0.5821518458999766,53
1444,1,2120,2120,0,0,0,0,0.682749424837796,0.3970428938256031,0.682749424837796,0.3970428938256031,1.0,1,0.57907104213889,54
1445,0,2120,2120,0,0,0,0,0.682749424837796,0.3970428938256031,0.682749424837796,0.3970428938256031,1.0,1,0.57907104213889,54
1446,0,2120,2120,0,0,0,0,0.6652696900417522,0.3844151689066412,0.6652696900417522,0.3844151689066412,1.0,1,0.5866632591682902,54
1447,1,2121,2121,0,0,0,0,0.6693513651722593,0.3844151689066412,0.6693513651722593,0.3844151689066412,1.0,1,0.5767796489582547,55
1448,0,2121,2121,0,0,0,0,0.6693513651722593,0.3844151689066412,0.6693513651722593,0.3844151689066412,1.0,1,0.5767796489582547,55
1449,1,2122,2122,0,0,0,0,0.6531771506330724,0.3844151689066412,0.6531771506330724,0.3844151689066412,1.0,1,0.579937062565784,55
1450,2,2124,2124,0,0,0,0,0.6492942970208274,0.3696758608508612,0.6492942970208274,0.3696758608508612,1.0,1,0.5587382818129022,57
1451,0,2124,2124,0,0,0,0,0.6492942970208274,0.3696758608508612,0.6492942970208274,0.3696758608508612,1.0,1,0.5587382818129022,57
1452,3,2127,2127,0,0,0,0,0.6551927177116019,0.34486616365204376,0.6551927177116019,0.34486616365204376,1.0,1,0.5455326942816392,57
1453,3,2130,2130,0,0,0,0,0.6421267379765041,0.3419749698277656,0.6421267379765041,0.3419749698277656,1.0,1,0.5526447038637263,57
1454,4,2134,2134,0,0,0,0,0.6182081562630467,0.3289719110077789,0.6182081562630467,0.3289719110077789,1.0,1,0.5481766285024275,58
1455,1,2135,2135,0,0,0,0,0.623718271612994,0.34150697532273944,0.623718271612994,0.34150697532273944,1.0,1,0.5570433619620341,56
1456,5,2140,2140,0,0,0,0,0.6635017772367461,0.38858980804852417,0.6635017772367461,0.38858980804852417,1.0,1,0.5592969931270153,55
1457,0,2140,2140,0,0,0,0,0.65393259309015,0.3821527465787769,0.65393259309015,0.3821527465787769,1.0,1,0.5759580433058147,54
1458,3,2143,2143,0,0,0,0,0.7171350880748785,0.42618766328752056,0.7171350880748785,0.42618766328752056,1.0,1,0.5355601555702293,53
1459,2,2145,2145,0,0,0,0,0.7147820150865104,0.4661112668116746,0.7147820150865104,0.4661112668116746,1.0,1,0.5475814691129546,52
1460,4,2149,2149,0,0,0,0,0.7488613025119429,0.48175809866688984,0.7488613025119429,0.48175809866688984,1.0,1,0.5391628384718513,51
1461,1,2150,2150,0,0,0,0,0.7415150820959575,0.48175809866688984,0.7415150820959575,0.48175809866688984,1.0,1,0.5449457164640586,51
1462,4,2154,2154,0,0,0,0,0.7511250564595022,0.48175809866688984,0.7511250564595022,0.48175809866688984,1.0,1,0.5258173695192199,51
1463,5,2159,2159,0,0,0,0,0.7084238731642769,0.423312153375552,0.7084238731642769,0.423312153375552,1.0,1,0.4972310573797383,52
1464,1,2160,2160,0,0,0,0,0.7084238731642771,0.423312153375552,0.7084238731642771,0.423312153375552,1.0,1,0.5095638515191742,52
1465,3,2163,2163,0,0,0,0,0.6973134759332554,0.4062687412536932,0.6973134759332554,0.4062687412536932,1.0,1,0.48588184090283276,51
1466,2,2165,2165,0,0,0,0,0.7267590964799866,0.4307481176666389,0.7267590964799866,0.4307481176666389,1.0,1,0.502929161938119,50
1467,3,2168,2168,0,0,0,0,0.743221902329598,0.46907013117931895,0.743221902329598,0.46907013117931895,1.0,1,0.525876415178446,48
1468,4,2172,2172,0,0,0,0,0.7781644628304131,0.492947343612373,0.7781644628304131,0.492947343612373,1.0,1,0.4880030539092144,48
1469,0,2172,2172,0,0,0,0,0.7565251934377418,0.46878224022780046,0.7565251934377418,0.46878224022780046,1.0,1,0.5043112100280053,48
1470,3,2175,2175,0,0,0,0,0.776474676761592,0.48908497545506746,0.776474676761592,0.48908497545506746,1.0,1,0.4844788093293084,48
1471,2,2177,2177,0,0,0,0,0.7848275306900074,0.5158619440525165,0.7848275306900074,0.5158619440525165,1.0,1,0.5235444689310882,45
1472,1,2178,2178,0,0,0,0,0.7848275306900073,0.5158619440525165,0.7848275306900073,0.5158619440525165,1.0,1,0.534421668547139,45
1473,3,2181,2181,0,0,0,0,0.7813262146525671,0.5158619440525165,0.7813262146525671,0.5158619440525165,1.0,1,0.5307720565847116,46
1474,0,2181,2181,0,0,0,0,0.7604998037149657,0.4932963799009841,0.7604998037149657,0.4932963799009841,1.0,1,0.5466961413507122,46
1475,1,2182,2182,0,0,0,0,0.7604998037149657,0.4932963799009841,0.7604998037149657,0.4932963799009841,1.0,1,0.5540371364295507,46
1476,0,2182,2182,0,0,0,0,0.7464984345510614,0.4755299741332784,0.7464984345510614,0.4755299741332784,1.0,1,0.553294378374764,47
1477,3,2185,2185,0,0,0,0,0.7456832811387875,0.5026846078926722,0.7456832811387875,0.5026846078926722,1.0,1,0.5499893763657654,47
1478,0,2185,2185,0,0,0,0,0.7218024518906573,0.47427171777654514,0.7218024518906573,0.47427171777654514,1.0,1,0.5647914982202994,47
1479,1,2186,2186,0,0,0,0,0.7437722820270528,0.47427171777654514,0.7437722820270528,0.47427171777654514,1.0,1,0.5595913889458148,48
1480,1,2187,2187,0,0,0,0,0.7139004526167904,0.47427171777654514,0.7139004526167904,0.47427171777654514,1.0,1,0.5693064824709325,47
1481,1,2188,2188,0,0,0,0,0.7319926405887464,0.47427171777654514,0.7319926405887464,0.47427171777654514,1.0,1,0.5648736374859975,47
1482,3,2191,2191,0,0,0,0,0.7102202908241146,0.45325146835734403,0.7102202908241146,0.45325146835734403,1.0,1,0.5750257458514386,46
1483,1,2192,2192,0,0,0,0,0.7205636142203603,0.46178870707245995,0.7205636142203603,0.46178870707245995,1.0,1,0.5710124253946988,47
1484,1,2193,2193,0,0,0,0,0.7221887128392883,0.48569742775907265,0.7221887128392883,0.48569742775907265,1.0,1,0.5802598699284252,47
1485,2,2195,2195,0,0,0,0,0.7418105472316032,0.5051223631970665,0.7418105472316032,0.5051223631970665,1.0,1,0.5939021569956359,47
1486,1,2196,2196,0,0,0,0,0.7376043096166731,0.5051279838885768,0.7376043096166731,0.5051279838885768,1.0,1,0.5814178048298415,49
1487,4,2200,2200,0,0,0,0,0.7047493439420047,0.524828861859072,0.7047493439420047,0.524828861859072,1.0,1,0.6037361689293433,49
1488,2,2202,2202,0,0,0,0,0.6927639710506243,0.5342144039615568,0.6927639710506243,0.5342144039615568,1.0,1,0.6005314014279535,51
1489,0,2202,2202,0,0,0,0,0.680553583353342,0.5342144039615568,0.680553583353342,0.5342144039615568,1.0,1,0.6005314014279535,52
1490,2,2204,2204,0,0,0,0,0.6811569731564113,0.471905532207859,0.6811569731564113,0.471905532207859,1.0,1,0.6005314014279535,52
1491,1,2205,2205,0,0,0,0,0.6868646660416216,0.4518449422548133,0.6868646660416216,0.4518449422548133,1.0,1,0.5868138093400044,53
1492,3,2208,2208,0,0,0,0,0.6648888316048989,0.4150698589092178,0.6648888316048989,0.4150698589092178,1.0,1,0.6060577747319619,53
1493,2,2210,2210,0,0,0,0,0.7021923490872377,0.5041058949373705,0.7021923490872377,0.5041058949373705,1.0,1,0.593272190042282,52
1494,4,2214,2214,0,0,0,0,0.715180982901079,0.5415026961375276,0.715180982901079,0.5415026961375276,1.0,1,0.6061653360692262,50
1495,0,2214,2214,0,0,0,0,0.734100441961543,0.56715930925125,0.734100441961543,0.56715930925125,1.0,1,0.5962794445091866,50
1496,1,2215,2215,0,0,0,0,0.7210632577714642,0.49927692886730446,0.7210632577714642,0.49927692886730446,1.0,1,0.5833937701684685,52
1497,1,2216,2216,0,0,0,0,0.7351029932251035,0.5093564586466351,0.7351029932251035,0.5093564586466351,1.0,1,0.5834596496269187,51
1498,3,2219,2219,0,0,0,0,0.7573813420183403,0.5186986627497346,0.7573813420183403,0.5186986627497346,1.0,1,0.5570684117366673,50
1499,2,2221,2221,0,0,0,0,0.7405786452660541,0.5409089415162387,0.7405786452660541,0.5409089415162387,1.0,1,0.5607858172767156,50
1500,3,2224,2224,0,0,0,0,0.7927975013202614,0.5648551795745198,0.7927975013202614,0.5648551795745198,1.0,1,0.5502613933025917,49
1501,1,2225,2225,0,0,0,0,0.8515368389426385,0.6341085960751468,0.8515368389426385,0.6341085960751468,1.0,1,0.5326479003991141,47
1502,4,2229,2229,0,0,0,0,0.8430013383130925,0.590059050039742,0.8430013383130925,0.590059050039742,1.0,1,0.5488110218601358,47
1503,2,2231,2231,0,0,0,0,0.8191894654498904,0.5527318355865711,0.8191894654498904,0.5527318355865711,1.0,1,0.5262531671519368,47
1504,3,2234,2234,0,0,0,0,0.822956351586351,0.5527318355865711,0.822956351586351,0.5527318355865711,1.0,1,0.4829098527064568,48
1505,2,2236,2236,0,0,0,0,0.8206682724874569,0.5563899372058144,0.8206682724874569,0.5563899372058144,1.0,1,0.5144548776426486,47
1506,2,2238,2238,0,0,0,0,0.8206682724874569,0.5563899372058144,0.8206682724874569,0.5563899372058144,1.0,1,0.4814372098248106,47
1507,2,2240,2240,0,0,0,0,0.8126979734868994,0.5563899372058144,0.8126979734868994,0.5563899372058144,1.0,1,0.5323458057097074,45
1508,4,2244,2244,0,0,0,0,0.7876923928190364,0.5223078838428317,0.7876923928190364,0.5223078838428317,1.0,1,0.5620902953663276,45
1509,4,2248,2248,0,0,0,0,0.7780178655423758,0.5223078838428317,0.7780178655423758,0.5223078838428317,1.0,1,0.5809790681271614,44
1510,1,2249,2249,0,0,0,0,0.7565841859374522,0.5223078838428317,0.7565841859374522,0.5223078838428317,1.0,1,0.6154994385063421,42
1511,0,2249,2249,0,0,0,0,0.7611539419214158,0.5223078838428317,0.7611539419214158,0.5223078838428317,1.0,1,0.6212021977057732,40
1512,4,2253,2253,0,0,0,0,0.6833975911739602,0.46315243720801935,0.6833975911739602,0.46315243720801935,1.0,1,0.6669456912611463,39
1513,1,2254,2254,0,0,0,0,0.7068840013217141,0.4803852750703115,0.7068840013217141,0.4803852750703115,1.0,1,0.64341720377132,39
1514,1,2255,2255,0,0,0,0,0.7210612658346737,0.4952537191294095,0.7210612658346737,0.4952537191294095,1.0,1,0.6376895520886193,38
1515,0,2255,2255,0,0,0,0,0.7011654624201539,0.4702478651993637,0.7011654624201539,0.4702478651993637,1.0,1,0.6376895520886193,39
1516,0,2255,2255,0,0,0,0,0.7011654624201539,0.4702478651993637,0.7011654624201539,0.4702478651993637,1.0,1,0.6376895520886193,39
1517,4,2259,2259,0,0,0,0,0.782591387212665,0.5537402158575755,0.782591387212665,0.5537402158575755,1.0,1,0.6062866242589943,39
1518,0,2259,2259,0,0,0,0,0.7825913872126651,0.5537402158575755,0.7825913872126651,0.5537402158575755,1.0,1,0.6062866242589943,39
1519,2,2261,2261,0,0,0,0,0.8382561478584248,0.6289405744987393,0.8382561478584248,0.6289405744987393,1.0,1,0.5795665956887842,39
1520,3,2264,2264,0,0,0,0,0.8577682657306838,0.6533101477185417,0.8577682657306838,0.6533101477185417,1.0,1,0.5839013893326432,39
1521,0,2264,2264,0,0,0,0,0.8613240590874168,0.6533101477185417,0.8613240590874168,0.6533101477185417,1.0,1,0.5784460915543765,40
1522,2,2266,2266,0,0,0,0,0.8974221194400656,0.7148226332506976,0.8974221194400656,0.7148226332506976,1.0,1,0.5816256318149171,40
1523,0,2266,2266,0,0,0,0,0.8709555246044354,0.654653906445933,0.8709555246044354,0.654653906445933,1.0,1,0.5816256318149171,41
1524,1,2267,2267,0,0,0,0,0.8681101399230003,0.7100519580212014,0.8681101399230003,0.7100519580212014,1.0,1,0.577859334278597,42
1525,1,2268,2268,0,0,0,0,0.8414443439445023,0.683042316599182,0.8414443439445023,0.683042316599182,1.0,1,0.5601507309438416,45
1526,1,2269,2269,0,0,0,0,0.8416856608808867,0.7387799291912218,0.8416856608808867,0.7387799291912218,1.0,1,0.557581120730416,46
1527,0,2269,2269,0,0,0,0,0.8416856608808867,0.7387799291912218,0.8416856608808867,0.7387799291912218,1.0,1,0.557581120730416,46
1528,1,2270,2270,0,0,0,0,0.8443352393649394,0.7365276524999791,0.8443352393649394,0.7365276524999791,1.0,1,0.5498177821060406,47
1529,0,2270,2270,0,0,0,0,0.8443352393649394,0.7365276524999791,0.8443352393649394,0.7365276524999791,1.0,1,0.5498177821060406,47
1530,2,2272,2272,0,0,0,0,0.8459686813434382,0.6961572697954446,0.8459686813434382,0.6961572697954446,1.0,1,0.5483737702692585,48
1531,0,2272,2272,0,0,0,0,0.8730656526989342,0.7750604247335133,0.8730656526989342,0.7750604247335133,1.0,1,0.5483737702692585,46
1532,1,2273,2273,0,0,0,0,0.8845045930575904,0.7382112769984406,0.8845045930575904,0.7382112769984406,1.0,1,0.539869288978773,47
1533,0,2273,2273,0,0,0,0,0.9009550161063281,0.7890801223470056,0.9009550161063281,0.7890801223470056,1.0,1,0.539869288978773,46
1534,2,2275,2275,0,0,0,0,0.8986520370165849,0.7279458058679444,0.8986520370165849,0.7279458058679444,1.0,1,0.5295225728415061,47
1535,1,2276,2276,0,0,0,0,0.8749017149653375,0.6676450242767605,0.8749017149653375,0.6676450242767605,1.0,1,0.5392394539174169,47
1536,1,2277,2277,0,0,0,0,0.8593992781788046,0.6318543392724274,0.8593992781788046,0.6318543392724274,1.0,1,0.5369127863351156,48
1537,0,2277,2277,0,0,0,0,0.877647670605002,0.6856030417381347,0.877647670605002,0.6856030417381347,1.0,1,0.5470810626596502,46
1538,3,2280,2280,0,0,0,0,0.8683180783252757,0.6358094431854158,0.8683180783252757,0.6358094431854158,1.0,1,0.5356567021519784,47
1539,0,2280,2280,0,0,0,0,0.8433766863020681,0.6358094431854158,0.8433766863020681,0.6358094431854158,1.0,1,0.5421049901665889,47
1540,3,2283,2283,0,0,0,0,0.7979274754311041,0.6358094431854158,0.7979274754311041,0.6358094431854158,1.0,1,0.5639645545367248,47
1541,1,2284,2284,0,0,0,0,0.7979274754311041,0.6358094431854158,0.7979274754311041,0.6358094431854158,1.0,1,0.5631261535947126,47
1542,1,2285,2285,0,0,0,0,0.7544506570120515,0.5936794161975368,0.7544506570120515,0.5936794161975368,1.0,1,0.5722825005839413,50
1543,3,2288,2288,0,0,0,0,0.7386665502364149,0.5690639277547368,0.7386665502364149,0.5690639277547368,1.0,1,0.5797032002767556,47
1544,1,2289,2289,0,0,0,0,0.7441109971064895,0.5690639277547368,0.7441109971064895,0.5690639277547368,1.0,1,0.5563179127878554,48
1545,5,2294,2294,0,0,0,0,0.8005091005802386,0.5211545591923724,0.8005091005802386,0.5211545591923724,1.0,1,0.5051821981148534,47
1546,2,2296,2296,0,0,0,0,0.8058581112585486,0.5211545591923724,0.8058581112585486,0.5211545591923724,1.0,1,0.5145607168028367,47
1547,3,2299,2299,0,0,0,0,0.7830426357617075,0.49015019404001264,0.7830426357617075,0.49015019404001264,1.0,1,0.4942324372397701,47
1548,4,2303,2303,0,0,0,0,0.7830426357617074,0.49015019404001264,0.7830426357617074,0.49015019404001264,1.0,1,0.5154300074486204,47
1549,7,2310,2310,0,0,0,0,0.8426762819155761,0.5743005275362644,0.8426762819155761,0.5743005275362644,1.0,1,0.4978977030112954,46
1550,4,2314,2314,0,0,0,0,0.8983168902672279,0.7029070770773469,0.8983168902672279,0.7029070770773469,1.0,1,0.5159708799329427,44
1551,1,2315,2315,0,0,0,0,0.8749673912005809,0.7029070770773469,0.8749673912005809,0.7029070770773469,1.0,1,0.5251220170143461,45
1552,5,2320,2320,0,0,0,0,0.8527833336775128,0.7590898274542854,0.8527833336775128,0.7590898274542854,1.0,1,0.5633112755957085,43
1553,0,2320,2320,0,0,0,0,0.8527833336775128,0.7590898274542854,0.8527833336775128,0.7590898274542854,1.0,1,0.5633112755957085,43
1554,1,2321,2321,0,0,0,0,0.8488796193098471,0.7030014885051661,0.8488796193098471,0.7030014885051661,1.0,1,0.6012420186651272,41
1555,3,2324,2324,0,0,0,0,0.8277289600124337,0.6267018913471537,0.8277289600124337,0.6267018913471537,1.0,1,0.5768273440683771,44
1556,1,2325,2325,0,0,0,0,0.8302932484168752,0.6737174715914604,0.8302932484168752,0.6737174715914604,1.0,1,0.566592109182258,45
1557,0,2325,2325,0,0,0,0,0.8302932484168752,0.6737174715914604,0.8302932484168752,0.6737174715914604,1.0,1,0.566592109182258,45
1558,1,2326,2326,0,0,0,0,0.8332903824760962,0.7154672192111452,0.8332903824760962,0.7154672192111452,1.0,1,0.5645774477151562,46
1559,1,2327,2327,0,0,0,0,0.8553004014170081,0.7165243480726455,0.8553004014170081,0.7165243480726455,1.0,1,0.5440787116568543,47
1560,3,2330,2330,0,0,0,0,0.8117101333788901,0.6252058864331624,0.8117101333788901,0.6252058864331624,1.0,1,0.5792006286012342,46
1561,0,2330,2330,0,0,0,0,0.8157163007538073,0.6252058864331624,0.8157163007538073,0.6252058864331624,1.0,1,0.5613625715704854,47
1562,1,2331,2331,0,0,0,0,0.8337149118732224,0.6719888940663574,0.8337149118732224,0.6719888940663574,1.0,1,0.5573919880049358,47
1563,0,2331,2331,0,0,0,0,0.8337149118732224,0.6719888940663574,0.8337149118732224,0.6719888940663574,1.0,1,0.5573919880049358,47
1564,1,2332,2332,0,0,0,0,0.8533774411116715,0.7145694489430333,0.8533774411116715,0.7145694489430333,1.0,1,0.5496560838214527,47
1565,1,2333,2333,0,0,0,0,0.829675026237901,0.7245040101599847,0.829675026237901,0.7245040101599847,1.0,1,0.5501919460655825,48
1566,1,2334,2334,0,0,0,0,0.8522180299455275,0.7245040101599847,0.8522180299455275,0.7245040101599847,1.0,1,0.5410331836273368,48
1567,1,2335,2335,0,0,0,0,0.8510455606233768,0.7779476627081954,0.8510455606233768,0.7779476627081954,1.0,1,0.5384697864898182,48
1568,2,2337,2337,0,0,0,0,0.8480857178465198,0.7107964065084129,0.8480857178465198,0.7107964065084129,1.0,1,0.5327381076332887,48
1569,1,2338,2338,0,0,0,0,0.8463729901207351,0.7167608401956489,0.8463729901207351,0.7167608401956489,1.0,1,0.5451012194235013,45
1570,1,2339,2339,0,0,0,0,0.8395281614132173,0.7069244766455475,0.8395281614132173,0.7069244766455475,1.0,1,0.547611533212864,44
1571,3,2342,2342,0,0,0,0,0.8144158568747432,0.6793808772650541,0.8144158568747432,0.6793808772650541,1.0,1,0.572182343131968,42
1572,1,2343,2343,0,0,0,0,0.8215476460346919,0.7231500851142497,0.8215476460346919,0.7231500851142497,1.0,1,0.5694331528477383,43
1573,2,2345,2345,0,0,0,0,0.7663590684277314,0.6207346374063061,0.7663590684277314,0.6207346374063061,1.0,1,0.588400153674017,43
1574,3,2348,2348,0,0,0,0,0.8101839687217132,0.6679727183362276,0.8101839687217132,0.6679727183362276,1.0,1,0.5800878317307595,42
1575,3,2351,2351,0,0,0,0,0.7243555638401454,0.5997595104677261,0.7243555638401454,0.5997595104677261,1.0,1,0.6040725528243015,43
1576,4,2355,2355,0,0,0,0,0.7533579307419354,0.5976988458760342,0.7533579307419354,0.5976988458760342,1.0,1,0.6279978484631259,41
1577,0,2355,2355,0,0,0,0,0.772486755409651,0.5976988458760342,0.772486755409651,0.5976988458760342,1.0,1,0.6279978484631259,40
1578,2,2357,2357,0,0,0,0,0.8467203899045133,0.6847759468606307,0.8467203899045133,0.6847759468606307,1.0,1,0.561982479360319,40
1579,2,2359,2359,0,0,0,0,0.8480464831180831,0.6201162077952077,0.8480464831180831,0.6201162077952077,1.0,1,0.5618002735407985,40
1580,3,2362,2362,0,0,0,0,0.9001078704861353,0.7145939156746722,0.9001078704861353,0.7145939156746722,1.0,1,0.5197554749551184,40
1581,2,2364,2364,0,0,0,0,0.9085078305981193,0.7385938017089124,0.9085078305981193,0.7385938017089124,1.0,1,0.49494945701594706,40
1582,3,2367,2367,0,0,0,0,0.904495204843055,0.7271291566944434,0.904495204843055,0.7271291566944434,1.0,1,0.5062604332432676,40
1583,4,2371,2371,0,0,0,0,0.9866270195691014,0.9538024312387137,0.9866270195691014,0.9538024312387137,1.0,1,0.49146155438313827,38
1584,3,2374,2374,0,0,0,0,0.9609184521100007,0.8729849693575024,0.9609184521100007,0.8729849693575024,1.0,1,0.48984385686949816,39
1585,6,2380,2380,0,0,0,0,1.0,1.0,1.0,1.0,1.0,1,0.48670909453886324,38
1586,2,2382,2382,0,0,0,0,1.0,1.0,1.0,1.0,1.0,1,0.5055869365202564,38
1587,3,2385,2385,0,0,0,0,1.0,1.0,1.0,1.0,1.0,1,0.49443535731965965,37
1588,2,2387,2387,0,0,0,0,1.0,1.0,1.0,1.0,1.0,1,0.5057021011877364,39
1589,3,2390,2390,0,0,0,0,1.0,1.0,1.0,1.0,1.0,1,0.46294190002109203,37
1590,3,2393,2393,0,0,0,0,1.0,1.0,1.0,1.0,1.0,1,0.4504095468061414,37
1591,2,2395,2395,0,0,0,0,1.0,1.0,1.0,1.0,1.0,1,0.4648110784766858,36
1592,1,2396,2396,0,0,0,0,1.0,1.0,1.0,1.0,1.0,1,0.4655015662569455,34
1593,1,2397,2397,0,0,0,0,1.0,1.0,1.0,1.0,1.0,1,0.5144751190506315,33
1594,0,2397,2397,0,0,0,0,1.0,1.0,1.0,1.0,1.0,1,0.5161719233868626,31
1595,2,2399,2399,0,0,0,0,1.0,1.0,1.0,1.0,1.0,1,0.5392111901734792,34
1596,0,2399,2399,0,0,0,0,1.0,1.0,1.0,1.0,1.0,1,0.5412206745886753,33
1597,0,2399,2399,0,0,0,0,1.0,1.0,1.0,1.0,1.0,1,0.5412206745886753,33
1598,0,2399,2399,0,0,0,0,1.0,1.0,1.0,1.0,1.0,1,0.5485938655657967,33
1599,3,2402,2402,0,0,0,0,1.0,1.0,1.0,1.0,1.0,1,0.5699454305515425,33
1600,0,2402,2402,0,0,0,0,0.9977170782407062,0.9929436963803647,0.9977170782407062,0.9929436963803647,1.0,1,0.5764150120955581,34
1601,2,2404,2404,0,0,0,0,0.9653930180577309,0.8990629693350488,0.9653930180577309,0.8990629693350488,1.0,1,0.6044178685292699,35
1602,1,2405,2405,0,0,0,0,0.9807720649476528,0.942316194842958,0.9807720649476528,0.942316194842958,1.0,1,0.5884329805310636,36
1603,1,2406,2406,0,0,0,0,0.9267860449029319,0.8817785708988539,0.9267860449029319,0.8817785708988539,1.0,1,0.5918440684775214,38
1604,2,2408,2408,0,0,0,0,0.9260923065803756,0.7993934035753045,0.9260923065803756,0.7993934035753045,1.0,1,0.5918191205876875,38
1605,3,2411,2411,0,0,0,0,0.9330163317685112,0.8181871862288159,0.9330163317685112,0.8181871862288159,1.0,1,0.5742411370753895,38
1606,3,2414,2414,0,0,0,0,0.8556589130670434,0.6688645652714529,0.8556589130670434,0.6688645652714529,1.0,1,0.6075851659253197,39
1607,2,2416,2416,0,0,0,0,0.8822489673752013,0.7095474528588297,0.8822489673752013,0.7095474528588297,1.0,1,0.6185318790969139,37
1608,2,2418,2418,0,0,0,0,0.8796614791179421,0.7111875498830611,0.8796614791179421,0.7111875498830611,1.0,1,0.6284854397555724,36
1609,2,2420,2420,0,0,0,0,0.9711338904341767,0.954123629012505,0.9711338904341767,0.954123629012505,1.0,1,0.6272000801390581,34
1610,2,2422,2422,0,0,0,0,0.9887127151808199,0.9651120287407167,0.9887127151808199,0.9651120287407167,1.0,1,0.6054289779593413,34
1611,1,2423,2423,0,0,0,0,0.9436720036534721,0.8483477021439636,0.9436720036534721,0.8483477021439636,1.0,1,0.6095457766782515,35
1612,2,2425,2425,0,0,0,0,0.937897370656091,0.8830549403854469,0.937897370656091,0.8830549403854469,1.0,1,0.6223686483400271,33
1613,0,2425,2425,0,0,0,0,0.9397239185779708,0.8830549403854469,0.9397239185779708,0.8830549403854469,1.0,1,0.6087310766399245,34
1614,2,2427,2427,0,0,0,0,0.917780927407064,0.8646229582407681,0.917780927407064,0.8646229582407681,1.0,1,0.6086173372723058,35
1615,0,2427,2427,0,0,0,0,0.917780927407064,0.8646229582407681,0.917780927407064,0.8646229582407681,1.0,1,0.6086173372723058,35
1616,2,2429,2429,0,0,0,0,0.9189948543915432,0.85370594668347,0.9189948543915432,0.85370594668347,1.0,1,0.5776211436113353,37
1617,2,2431,2431,0,0,0,0,0.9216071102854814,0.8552276615469027,0.9216071102854814,0.8552276615469027,1.0,1,0.5689402614689656,38
1618,3,2434,2434,0,0,0,0,0.99487920018626,0.982309964279807,0.99487920018626,0.982309964279807,1.0,1,0.5257920938972297,38
1619,1,2435,2435,0,0,0,0,0.99487920018626,0.982309964279807,0.99487920018626,0.982309964279807,1.0,1,0.5127583978666543,38
1620,2,2437,2437,0,0,0,0,1.0,1.0,1.0,1.0,1.0,1,0.47415951374345083,39
1621,1,2438,2438,0,0,0,0,1.0,1.0,1.0,1.0,1.0,1,0.48448772337188084,37
1622,3,2441,2441,0,0,0,0,1.0,1.0,1.0,1.0,1.0,1,0.4837264745885097,37
1623,4,2445,2445,0,0,0,0,0.980763311202854,0.9352947740459633,0.980763311202854,0.9352947740459633,1.0,1,0.5168945515081874,37
1624,0,2445,2445,0,0,0,0,1.0,1.0,1.0,1.0,1.0,1,0.5055434135258827,37
1625,1,2446,2446,0,0,0,0,1.0,1.0,1.0,1.0,1.0,1,0.5131818121004639,35
1626,0,2446,2446,0,0,0,0,1.0,1.0,1.0,1.0,1.0,1,0.5131818121004639,35
1627,1,2447,2447,0,0,0,0,1.0,1.0,1.0,1.0,1.0,1,0.49129887535324257,34
1628,2,2449,2449,0,0,0,0,1.0,1.0,1.0,1.0,1.0,1,0.5362954365490178,35
1629,2,2451,2451,0,0,0,0,1.0,1.0,1.0,1.0,1.0,1,0.5302215464548444,34
1630,0,2451,2451,0,0,0,0,1.0,1.0,1.0,1.0,1.0,1,0.5298391476599588,32
1631,1,2452,2452,0,0,0,0,1.0,1.0,1.0,1.0,1.0,1,0.5137648336172818,33
1632,1,2453,2453,0,0,0,0,1.0,1.0,1.0,1.0,1.0,1,0.5017813612527658,32
1633,1,2454,2454,0,0,0,0,1.0,1.0,1.0,1.0,1.0,1,0.5057626946206228,31
1634,1,2455,2455,0,0,0,0,1.0,1.0,1.0,1.0,1.0,1,0.5383323333238189,31
1635,0,2455,2455,0,0,0,0,1.0,1.0,1.0,1.0,1.0,1,0.5330038750524165,31
1636,1,2456,2456,0,0,0,0,1.0,1.0,1.0,1.0,1.0,1,0.5257637265957834,33
1637,0,2456,2456,0,0,0,0,1.0,1.0,1.0,1.0,1.0,1,0.5257637265957834,33
1638,0,2456,2456,0,0,0,0,1.0,1.0,1.0,1.0,1.0,1,0.523247763905763,36
1639,1,2457,2457,0,0,0,0,1.0,1.0,1.0,1.0,1.0,1,0.5382644938781018,36
1640,1,2458,2458,0,0,0,0,0.9998451104179011,0.9994930886404034,0.9998451104179011,0.9994930886404034,1.0,1,0.5608124949043065,36
1641,1,2459,2459,0,0,0,0,0.9804751816442603,0.9381714085401575,0.9804751816442603,0.9381714085401575,1.0,1,0.5580703701917904,38
1642,4,2463,2463,0,0,0,0,0.9178471755614126,0.7828818211265902,0.9178471755614126,0.7828818211265902,1.0,1,0.5850018295961729,37
1643,2,2465,2465,0,0,0,0,0.8848895681807318,0.7326798448235373,0.8848895681807318,0.7326798448235373,1.0,1,0.6152991316186794,37
1644,3,2468,2468,0,0,0,0,0.8495545691033994,0.663710213289952,0.8495545691033994,0.663710213289952,1.0,1,0.6318249929106418,38
1645,0,2468,2468,0,0,0,0,0.9050208195253323,0.7720499668607979,0.9050208195253323,0.7720499668607979,1.0,1,0.6318249929106418,36
1646,0,2468,2468,0,0,0,0,0.8830860333802946,0.7296364521919311,0.8830860333802946,0.7296364521919311,1.0,1,0.6318249929106418,37
1647,2,2470,2470,0,0,0,0,0.9255429492161901,0.8138573730404755,0.9255429492161901,0.8138573730404755,1.0,1,0.603340279072956,35
1648,2,2472,2472,0,0,0,0,0.8659962957055171,0.6817412023006032,0.8659962957055171,0.6817412023006032,1.0,1,0.5878048156497274,38
1649,0,2472,2472,0,0,0,0,0.916881296984226,0.7922032424605652,0.916881296984226,0.7922032424605652,1.0,1,0.5996265744207907,35
1650,1,2473,2473,0,0,0,0,0.9144366292484679,0.7922032424605652,0.9144366292484679,0.7922032424605652,1.0,1,0.6053237832495413,34
1651,0,2473,2473,0,0,0,0,0.9483487242580689,0.872858398173708,0.9483487242580689,0.872858398173708,1.0,1,0.6189686567993608,32
1652,0,2473,2473,0,0,0,0,0.9183315113778342,0.8074957053906089,0.9183315113778342,0.8074957053906089,1.0,1,0.6189686567993608,33
1653,0,2473,2473,0,0,0,0,0.9183315113778341,0.8074957053906089,0.9183315113778341,0.8074957053906089,1.0,1,0.6189686567993608,33
1654,0,2473,2473,0,0,0,0,0.9095611498227765,0.8074957053906089,0.9095611498227765,0.8074957053906089,1.0,1,0.6198998437945774,34
1655,0,2473,2473,0,0,0,0,0.8750889071127941,0.7338648353627942,0.8750889071127941,0.7338648353627942,1.0,1,0.6198998437945774,35
1656,3,2476,2476,0,0,0,0,0.8859420722983404,0.7338648353627942,0.8859420722983404,0.7338648353627942,1.0,1,0.6014177836854259,35
1657,1,2477,2477,0,0,0,0,0.9128775077835923,0.7759707343006661,0.9128775077835923,0.7759707343006661,1.0,1,0.5891398038646288,36
1658,5,2482,2482,0,0,0,0,0.9128775077835923,0.7759707343006661,0.9128775077835923,0.7759707343006661,1.0,1,0.5654533106455156,36
1659,0,2482,2482,0,0,0,0,0.9128775077835924,0.7759707343006661,0.9128775077835924,0.7759707343006661,1.0,1,0.5654533106455156,36
1660,5,2487,2487,0,0,0,0,0.8946177967648247,0.7330317518042225,0.8946177967648247,0.7330317518042225,1.0,1,0.5389553079609394,38
1661,0,2487,2487,0,0,0,0,0.8946177967648247,0.7330317518042225,0.8946177967648247,0.7330317518042225,1.0,1,0.5389553079609394,38
1662,2,2489,2489,0,0,0,0,0.8601472752973532,0.7330317518042225,0.8601472752973532,0.7330317518042225,1.0,1,0.5532100286797462,39
1663,2,2491,2491,0,0,0,0,0.8619003589013502,0.7283831264347045,0.8619003589013502,0.7283831264347045,1.0,1,0.5532357489539027,40
1664,2,2493,2493,0,0,0,0,0.8594272776924661,0.7632529341980261,0.8594272776924661,0.7632529341980261,1.0,1,0.5825367299453158,39
1665,2,2495,2495,0,0,0,0,0.859851790747304,0.7219611697654221,0.859851790747304,0.7219611697654221,1.0,1,0.5889666051999205,40
1666,3,2498,2498,0,0,0,0,0.9311454648849825,0.822800554032026,0.9311454648849825,0.822800554032026,1.0,1,0.5812860377892969,40
1667,3,2501,2501,0,0,0,0,0.8508655238740573,0.7063166343428059,0.8508655238740573,0.7063166343428059,1.0,1,0.609725148807429,40
1668,5,2506,2506,0,0,0,0,0.9072436899630807,0.8066260272675593,0.9072436899630807,0.8066260272675593,1.0,1,0.5600731023204574,41
1669,1,2507,2507,0,0,0,0,0.9048584561203598,0.8082524052221658,0.9048584561203598,0.8082524052221658,1.0,1,0.5698020854409914,40
1670,5,2512,2512,0,0,0,0,0.93396272060314,0.7968083710865848,0.93396272060314,0.7968083710865848,1.0,1,0.5388739991114356,40
1671,0,2512,2512,0,0,0,0,0.9213245931458997,0.7968083710865848,0.9213245931458997,0.7968083710865848,1.0,1,0.5412424976805889,41
1672,2,2514,2514,0,0,0,0,0.919357707974547,0.7968083710865848,0.919357707974547,0.7968083710865848,1.0,1,0.5446751866131707,40
1673,2,2516,2516,0,0,0,0,0.892181469649115,0.7413769872470858,0.892181469649115,0.7413769872470858,1.0,1,0.5766685029672663,39
1674,1,2517,2517,0,0,0,0,0.8723097878328613,0.7413769872470858,0.8723097878328613,0.7413769872470858,1.0,1,0.5983646615546676,40
1675,0,2517,2517,0,0,0,0,0.8655892503503803,0.7413769872470858,0.8655892503503803,0.7413769872470858,1.0,1,0.6066969545908186,38
1676,0,2517,2517,0,0,0,0,0.8502014258974219,0.7413769872470858,0.8502014258974219,0.7413769872470858,1.0,1,0.6066969545908186,39
1677,0,2517,2517,0,0,0,0,0.8502014258974219,0.7413769872470858,0.8502014258974219,0.7413769872470858,1.0,1,0.6069236868164072,39
1678,0,2517,2517,0,0,0,0,0.8502014258974219,0.7413769872470858,0.8502014258974219,0.7413769872470858,1.0,1,0.6069236868164072,39
1679,0,2517,2517,0,0,0,0,0.8502014258974216,0.7413769872470858,0.8502014258974216,0.7413769872470858,1.0,1,0.6069236868164072,39
1680,0,2517,2517,0,0,0,0,0.8359680440686262,0.7413769872470858,0.8359680440686262,0.7413769872470858,1.0,1,0.6015140771734288,41
1681,0,2517,2517,0,0,0,0,0.8359680440686262,0.7413769872470858,0.8359680440686262,0.7413769872470858,1.0,1,0.6015140771734288,41
1682,5,2522,2522,0,0,0,0,0.9040323637806721,0.7789636200632364,0.9040323637806721,0.7789636200632364,1.0,1,0.5652978763209532,43
1683,3,2525,2525,0,0,0,0,0.887439883329358,0.767206504214777,0.887439883329358,0.767206504214777,1.0,1,0.5727186518375053,43
1684,2,2527,2527,0,0,0,0,0.8906410353080739,0.7797265656442567,0.8906410353080739,0.7797265656442567,1.0,1,0.5813783787474059,42
1685,1,2528,2528,0,0,0,0,0.9180197143347462,0.8057838948315288,0.9180197143347462,0.8057838948315288,1.0,1,0.5813783787474059,41
1686,2,2530,2530,0,0,0,0,0.9168318446602219,0.7564361165049356,0.9168318446602219,0.7564361165049356,1.0,1,0.5654840193821435,41
1687,2,2532,2532,0,0,0,0,0.8913493109527731,0.7102648292073953,0.8913493109527731,0.7102648292073953,1.0,1,0.5620212816977733,40
1688,3,2535,2535,0,0,0,0,0.9398080307234767,0.8194240921704303,0.9398080307234767,0.8194240921704303,1.0,1,0.5713860135675222,39
1689,2,2537,2537,0,0,0,0,0.883835669303806,0.7057170289029747,0.883835669303806,0.7057170289029747,1.0,1,0.5871641779997864,38
1690,1,2538,2538,0,0,0,0,0.89099253260062,0.7238477492549041,0.89099253260062,0.7238477492549041,1.0,1,0.5800425045938292,38
1691,2,2540,2540,0,0,0,0,0.8689942293442807,0.7052370160246317,0.8689942293442807,0.7052370160246317,1.0,1,0.6008295169745026,36
1692,0,2540,2540,0,0,0,0,0.8903905135095788,0.736937232422989,0.8903905135095788,0.736937232422989,1.0,1,0.575594388501611,36
1693,2,2542,2542,0,0,0,0,0.9237573866566026,0.8093934666415065,0.9237573866566026,0.8093934666415065,1.0,1,0.6014835642160715,35
1694,0,2542,2542,0,0,0,0,0.9688458221729854,0.9143260109757098,0.9688458221729854,0.9143260109757098,1.0,1,0.6014835642160715,33
1695,0,2542,2542,0,0,0,0,0.9347725895401797,0.8294052341820085,0.9347725895401797,0.8294052341820085,1.0,1,0.6014835642160715,34
1696,2,2544,2544,0,0,0,0,0.9530446859913287,0.868461833335972,0.9530446859913287,0.868461833335972,1.0,1,0.6050423084424247,35
1697,1,2545,2545,0,0,0,0,0.9543490002693473,0.868461833335972,0.9543490002693473,0.868461833335972,1.0,1,0.6000275098645346,36
1698,4,2549,2549,0,0,0,0,0.9233092107760279,0.8783271780577145,0.9233092107760279,0.8783271780577145,1.0,1,0.5553649201133519,38
1699,2,2551,2551,0,0,0,0,0.9313550611492003,0.8788186560663739,0.9313550611492003,0.8788186560663739,1.0,1,0.569757701086082,38
1700,2,2553,2553,0,0,0,0,0.945719220933433,0.8371576628002989,0.945719220933433,0.8371576628002989,1.0,1,0.5454665841379289,39
1701,1,2554,2554,0,0,0,0,0.9358596173718574,0.8930096207560049,0.9358596173718574,0.8930096207560049,1.0,1,0.5468225595335559,40
1702,3,2557,2557,0,0,0,0,0.9687382742878595,0.8931891038168533,0.9687382742878595,0.8931891038168533,1.0,1,0.5161878078959589,41
1703,2,2559,2559,0,0,0,0,0.9932980007884882,0.9754458394196232,0.9932980007884882,0.9754458394196232,1.0,1,0.5338899417151014,41
1704,2,2561,2561,0,0,0,0,0.9847594537554331,0.9436203459327813,0.9847594537554331,0.9436203459327813,1.0,1,0.5251055751280594,41
1705,1,2562,2562,0,0,0,0,0.9796211894573563,0.9320706315245213,0.9796211894573563,0.9320706315245213,1.0,1,0.5060916813967602,40
1706,2,2564,2564,0,0,0,0,0.9796211894573563,0.9320706315245213,0.9796211894573563,0.9320706315245213,1.0,1,0.5403823409666738,40
1707,2,2566,2566,0,0,0,0,0.9444330685689281,0.8332992057067848,0.9444330685689281,0.8332992057067848,1.0,1,0.5471565982957909,39
1708,3,2569,2569,0,0,0,0,0.9203476009783842,0.7781111741540705,0.9203476009783842,0.7781111741540705,1.0,1,0.5593406749252587,39
1709,1,2570,2570,0,0,0,0,0.9182514852146575,0.7781111741540705,0.9182514852146575,0.7781111741540705,1.0,1,0.5721384143685033,38
1710,2,2572,2572,0,0,0,0,0.9183565475495207,0.7725646681736648,0.9183565475495207,0.7725646681736648,1.0,1,0.5860358684620657,39
1711,1,2573,2573,0,0,0,0,0.9162080356429292,0.7725646681736648,0.9162080356429292,0.7725646681736648,1.0,1,0.5897681925503877,38
1712,1,2574,2574,0,0,0,0,0.9162080356429292,0.7725646681736648,0.9162080356429292,0.7725646681736648,1.0,1,0.5739998541372612,38
1713,0,2574,2574,0,0,0,0,0.9139433879576029,0.7725646681736648,0.9139433879576029,0.7725646681736648,1.0,1,0.5919630601395773,37
1714,1,2575,2575,0,0,0,0,0.9162080356429292,0.7725646681736648,0.9162080356429292,0.7725646681736648,1.0,1,0.5726067429196833,38
1715,0,2575,2575,0,0,0,0,0.8963021986361583,0.7234725296964223,0.8963021986361583,0.7234725296964223,1.0,1,0.5575402379246299,40
1716,0,2575,2575,0,0,0,0,0.8936432806524701,0.7234725296964223,0.8936432806524701,0.7234725296964223,1.0,1,0.5705152183410849,39
1717,2,2577,2577,0,0,0,0,0.8908444196170088,0.7234725296964223,0.8908444196170088,0.7234725296964223,1.0,1,0.5883690957993766,38
1718,0,2577,2577,0,0,0,0,0.8629188030715733,0.6744321572949868,0.8629188030715733,0.6744321572949868,1.0,1,0.6027952315638437,38
1719,2,2579,2579,0,0,0,0,0.838427845165663,0.638838712723247,0.838427845165663,0.638838712723247,1.0,1,0.6007058733577709,38
1720,1,2580,2580,0,0,0,0,0.8084957173485393,0.5867539163836901,0.8084957173485393,0.5867539163836901,1.0,1,0.5802743269433858,41
1721,2,2582,2582,0,0,0,0,0.8204962154352315,0.6110751334430017,0.8204962154352315,0.6110751334430017,1.0,1,0.5792435014949537,39
1722,1,2583,2583,0,0,0,0,0.7981913269330095,0.5751396356484412,0.7981913269330095,0.5751396356484412,1.0,1,0.570579346062959,40
1723,4,2587,2587,0,0,0,0,0.7813017855697122,0.5626035711394244,0.7813017855697122,0.5626035711394244,1.0,1,0.5749471265530485,38
1724,0,2587,2587,0,0,0,0,0.8315828507377583,0.6334450280762975,0.8315828507377583,0.6334450280762975,1.0,1,0.5787507695061264,37
1725,2,2589,2589,0,0,0,0,0.7770659802452048,0.5541319604904098,0.7770659802452048,0.5541319604904098,1.0,1,0.5971969840020921,38
1726,1,2590,2590,0,0,0,0,0.8244518081376464,0.6179245235937009,0.8244518081376464,0.6179245235937009,1.0,1,0.5817603465048331,37
1727,1,2591,2591,0,0,0,0,0.8244518081376464,0.6179245235937009,0.8244518081376464,0.6179245235937009,1.0,1,0.5930747478060403,37
1728,0,2591,2591,0,0,0,0,0.8490107108903603,0.6697109300726631,0.8490107108903603,0.6697109300726631,1.0,1,0.5977358851332742,35
1729,2,2593,2593,0,0,0,0,0.8356153296389552,0.6422215998024318,0.8356153296389552,0.6422215998024318,1.0,1,0.6025665944103801,37
1730,1,2594,2594,0,0,0,0,0.7706040996614176,0.553281667761708,0.7706040996614176,0.553281667761708,1.0,1,0.6200446209650095,37
1731,1,2595,2595,0,0,0,0,0.7706040996614175,0.553281667761708,0.7706040996614175,0.553281667761708,1.0,1,0.6266311385813661,37
1732,0,2595,2595,0,0,0,0,0.7393201704996023,0.5177423154242642,0.7393201704996023,0.5177423154242642,1.0,1,0.6452430091925873,37
1733,4,2599,2599,0,0,0,0,0.8241252560539256,0.6042818261213327,0.8241252560539256,0.6042818261213327,1.0,1,0.6168365095308623,36
1734,1,2600,2600,0,0,0,0,0.8513571756126231,0.6531667430961206,0.8513571756126231,0.6531667430961206,1.0,1,0.6294783356419082,35
1735,4,2604,2604,0,0,0,0,0.8864001724488422,0.8374540097604078,0.8864001724488422,0.8374540097604078,1.0,1,0.6183845866912266,34
1736,0,2604,2604,0,0,0,0,0.8637158658332662,0.7831236297722632,0.8637158658332662,0.7831236297722632,1.0,1,0.6183845866912266,35
1737,3,2607,2607,0,0,0,0,0.8674003127225006,0.7922117009485479,0.8674003127225006,0.7922117009485479,1.0,1,0.6250088892925774,36
1738,4,2611,2611,0,0,0,0,0.9042161010030083,0.8038562546089094,0.9042161010030083,0.8038562546089094,1.0,1,0.5734134591180947,37
1739,2,2613,2613,0,0,0,0,0.9067367299239818,0.8038562546089094,0.9067367299239818,0.8038562546089094,1.0,1,0.5510953304320912,38
1740,1,2614,2614,0,0,0,0,0.9468530497452471,0.9096240388359534,0.9468530497452471,0.9096240388359534,1.0,1,0.5328714999611925,37
1741,1,2615,2615,0,0,0,0,0.9410035493211101,0.8392501249208819,0.9410035493211101,0.8392501249208819,1.0,1,0.523716060607148,38
1742,1,2616,2616,0,0,0,0,0.9156367888710455,0.7709770300630134,0.9156367888710455,0.7709770300630134,1.0,1,0.5328197258282541,39
1743,3,2619,2619,0,0,0,0,0.9195324700221398,0.7709770300630134,0.9195324700221398,0.7709770300630134,1.0,1,0.5432451608643342,37
1744,3,2622,2622,0,0,0,0,0.9216500366005045,0.7709770300630134,0.9216500366005045,0.7709770300630134,1.0,1,0.562283726866671,38
1745,0,2622,2622,0,0,0,0,0.895870745985587,0.7248012572476231,0.895870745985587,0.7248012572476231,1.0,1,0.5781426749250413,37
1746,2,2624,2624,0,0,0,0,0.8986109895122821,0.7248012572476231,0.8986109895122821,0.7248012572476231,1.0,1,0.568829856813176,38
1747,0,2624,2624,0,0,0,0,0.8986109895122821,0.7248012572476231,0.8986109895122821,0.7248012572476231,1.0,1,0.5776720841496921,38
1748,1,2625,2625,0,0,0,0,0.8986109895122821,0.7248012572476231,0.8986109895122821,0.7248012572476231,1.0,1,0.5718990555238039,38
1749,1,2626,2626,0,0,0,0,0.895870745985587,0.7248012572476231,0.895870745985587,0.7248012572476231,1.0,1,0.5880387246038782,37
1750,1,2627,2627,0,0,0,0,0.8735918434961224,0.6713387930899185,0.8735918434961224,0.6713387930899185,1.0,1,0.5772085683102057,39
1751,0,2627,2627,0,0,0,0,0.8702653130618099,0.6713387930899185,0.8702653130618099,0.6713387930899185,1.0,1,0.580674326530516,38
1752,2,2629,2629,0,0,0,0,0.8735918434961226,0.6713387930899185,0.8735918434961226,0.6713387930899185,1.0,1,0.5700837989954963,39
1753,1,2630,2630,0,0,0,0,0.9069011362496303,0.7340032464275151,0.9069011362496303,0.7340032464275151,1.0,1,0.5558997513107216,40
1754,2,2632,2632,0,0,0,0,0.9071777996949076,0.7281635562493726,0.9071777996949076,0.7281635562493726,1.0,1,0.540990358001611,41
1755,0,2632,2632,0,0,0,0,0.9071777996949076,0.7281635562493726,0.9071777996949076,0.7281635562493726,1.0,1,0.5534087337961214,41
1756,3,2635,2635,0,0,0,0,0.8430961265435413,0.612355136166396,0.8430961265435413,0.612355136166396,1.0,1,0.5530070473784664,42
1757,2,2637,2637,0,0,0,0,0.8201392093595973,0.5803248218390603,0.8201392093595973,0.5803248218390603,1.0,1,0.5731133615637385,42
1758,3,2640,2640,0,0,0,0,0.8093035329355727,0.6131471431164062,0.8093035329355727,0.6131471431164062,1.0,1,0.5861139766135973,42
1759,0,2640,2640,0,0,0,0,0.8439804076161874,0.6898659297810774,0.8439804076161874,0.6898659297810774,1.0,1,0.5990718254726125,39
1760,5,2645,2645,0,0,0,0,0.7924156807237817,0.7063972714298843,0.7924156807237817,0.7063972714298843,1.0,1,0.6244854007623172,39
1761,2,2647,2647,0,0,0,0,0.8086984451607124,0.7063972714298843,0.8086984451607124,0.7063972714298843,1.0,1,0.6155129873827409,38
1762,3,2650,2650,0,0,0,0,0.8288860565413397,0.6877154463336316,0.8288860565413397,0.6877154463336316,1.0,1,0.6179675414194072,37
1763,1,2651,2651,0,0,0,0,0.8293083869198846,0.6431256769978221,0.8293083869198846,0.6431256769978221,1.0,1,0.6179675414194072,37
1764,2,2653,2653,0,0,0,0,0.8146055634027626,0.607400016617615,0.8146055634027626,0.607400016617615,1.0,1,0.6162013743814687,36
1765,2,2655,2655,0,0,0,0,0.8196162238513366,0.607400016617615,0.8196162238513366,0.607400016617615,1.0,1,0.6230120518992025,37
1766,0,2655,2655,0,0,0,0,0.8413891897768098,0.6431256769978221,0.8413891897768098,0.6431256769978221,1.0,1,0.6227156178912658,36
1767,1,2656,2656,0,0,0,0,0.8153096317453892,0.6088909848725889,0.8153096317453892,0.6088909848725889,1.0,1,0.6213602658646772,36
1768,0,2656,2656,0,0,0,0,0.8153096317453892,0.6088909848725889,0.8153096317453892,0.6088909848725889,1.0,1,0.6213602658646772,36
1769,1,2657,2657,0,0,0,0,0.8250301774430003,0.6088909848725889,0.8250301774430003,0.6088909848725889,1.0,1,0.6316976700914817,38
1770,2,2659,2659,0,0,0,0,0.7994090113232971,0.5765301350158495,0.7994090113232971,0.5765301350158495,1.0,1,0.6249335585774621,38
1771,0,2659,2659,0,0,0,0,0.7994090113232971,0.5765301350158495,0.7994090113232971,0.5765301350158495,1.0,1,0.6249335585774621,38
1772,0,2659,2659,0,0,0,0,0.7839077748978799,0.5450689997850102,0.7839077748978799,0.5450689997850102,1.0,1,0.6087835899012043,40
1773,1,2660,2660,0,0,0,0,0.8123790879854657,0.5830646399677015,0.8123790879854657,0.5830646399677015,1.0,1,0.6000642787053375,40
1774,1,2661,2661,0,0,0,0,0.8353808307874487,0.6126607783234087,0.8353808307874487,0.6126607783234087,1.0,1,0.598570658322779,40
1775,1,2662,2662,0,0,0,0,0.8598396500073168,0.6644273120586625,0.8598396500073168,0.6644273120586625,1.0,1,0.5974581095655136,41
1776,0,2662,2662,0,0,0,0,0.8663587360534881,0.6644273120586625,0.8663587360534881,0.6644273120586625,1.0,1,0.570060337375491,43
1777,1,2663,2663,0,0,0,0,0.8706002704566029,0.7119722151159439,0.8706002704566029,0.7119722151159439,1.0,1,0.5679986384713297,44
1778,4,2667,2667,0,0,0,0,0.8917134176934084,0.7915237515332667,0.8917134176934084,0.7915237515332667,1.0,1,0.5421080727961838,44
1779,2,2669,2669,0,0,0,0,0.9423081266578145,0.8929765454306013,0.9423081266578145,0.8929765454306013,1.0,1,0.5109941525442567,44
1780,1,2670,2670,0,0,0,0,0.9210341511570078,0.8333043082188784,0.9210341511570078,0.8333043082188784,1.0,1,0.49453723651946896,46
1781,2,2672,2672,0,0,0,0,0.9476891461975395,0.8333043082188784,0.9476891461975395,0.8333043082188784,1.0,1,0.47268399677789696,46
1782,4,2676,2676,0,0,0,0,0.9518434668187872,0.8333043082188784,0.9518434668187872,0.8333043082188784,1.0,1,0.47455762524678835,45
1783,1,2677,2677,0,0,0,0,0.9507490001555776,0.8333043082188784,0.9507490001555776,0.8333043082188784,1.0,1,0.46768084947001365,44
1784,4,2681,2681,0,0,0,0,0.9713439088271301,0.8949276656994768,0.9713439088271301,0.8949276656994768,1.0,1,0.4784230139674048,44
1785,2,2683,2683,0,0,0,0,0.9530732915627402,0.8483906342796222,0.9530732915627402,0.8483906342796222,1.0,1,0.4927276997725126,42
1786,3,2686,2686,0,0,0,0,1.0,1.0,1.0,1.0,1.0,1,0.4935078787892404,42
1787,0,2686,2686,0,0,0,0,0.984089715288586,0.9456398605693352,0.984089715288586,0.9456398605693352,1.0,1,0.5134036911700338,41
1788,3,2689,2689,0,0,0,0,0.9655236993891382,0.9132582613813005,0.9655236993891382,0.9132582613813005,1.0,1,0.515478506700941,41
1789,3,2692,2692,0,0,0,0,0.9909115253263187,0.9661247762162782,0.9909115253263187,0.9661247762162782,1.0,1,0.4935957929212111,41
1790,3,2695,2695,0,0,0,0,0.9933939402645034,0.975377413713149,0.9933939402645034,0.975377413713149,1.0,1,0.49606872078631925,41
1791,3,2698,2698,0,0,0,0,0.9833136841922634,0.9378055501711636,0.9833136841922634,0.9378055501711636,1.0,1,0.49767982803096894,41
1792,1,2699,2699,0,0,0,0,0.9574906765634857,0.8476749243524906,0.9574906765634857,0.8476749243524906,1.0,1,0.49511014652465046,43
1793,4,2703,2703,0,0,0,0,0.9082937473140879,0.718330795321841,0.9082937473140879,0.718330795321841,1.0,1,0.5260451268640693,43
1794,5,2708,2708,0,0,0,0,0.9242732800091927,0.7611695754136084,0.9242732800091927,0.7611695754136084,1.0,1,0.5557234949847439,41
1795,1,2709,2709,0,0,0,0,0.924273280009193,0.7611695754136084,0.924273280009193,0.7611695754136084,1.0,1,0.568088345319962,41
1796,2,2711,2711,0,0,0,0,0.8779806525912972,0.7611695754136084,0.8779806525912972,0.7611695754136084,1.0,1,0.6056801372220935,40
1797,2,2713,2713,0,0,0,0,0.8682697746311563,0.7611695754136084,0.8682697746311563,0.7611695754136084,1.0,1,0.6297392385679892,38
1798,1,2714,2714,0,0,0,0,0.8436417191394223,0.7611695754136084,0.8436417191394223,0.7611695754136084,1.0,1,0.6348116198865761,38
1799,1,2715,2715,0,0,0,0,0.839615464116997,0.6957820254935387,0.839615464116997,0.6957820254935387,1.0,1,0.642907625428253,37
1800,1,2716,2716,0,0,0,0,0.8828722603415274,0.7407573157520333,0.8828722603415274,0.7407573157520333,1.0,1,0.6482791112405409,35
1801,0,2716,2716,0,0,0,0,0.9348203541870194,0.8153243368632216,0.9348203541870194,0.8153243368632216,1.0,1,0.6303549224433334,34
1802,1,2717,2717,0,0,0,0,0.9640228328048855,0.8920684984146567,0.9640228328048855,0.8920684984146567,1.0,1,0.6229288226496853,33
1803,0,2717,2717,0,0,0,0,0.9640228328048855,0.8920684984146567,0.9640228328048855,0.8920684984146567,1.0,1,0.6229288226496853,33
1804,3,2720,2720,0,0,0,0,0.9706157225079302,0.9371147487369386,0.9706157225079302,0.9371147487369386,1.0,1,0.6283272377868122,33
1805,0,2720,2720,0,0,0,0,0.93561801958974,0.8432068329017283,0.93561801958974,0.8432068329017283,1.0,1,0.6136370877541577,35
1806,4,2724,2724,0,0,0,0,0.8699896423919644,0.7249072946562676,0.8699896423919644,0.7249072946562676,1.0,1,0.6080251354296724,36
1807,0,2724,2724,0,0,0,0,0.9191911221574388,0.825051659172589,0.9191911221574388,0.825051659172589,1.0,1,0.5932374323274081,35
1808,2,2726,2726,0,0,0,0,0.9062912971201055,0.8403739585700573,0.9062912971201055,0.8403739585700573,1.0,1,0.5708457909086224,37
1809,1,2727,2727,0,0,0,0,0.8917528139732512,0.8403739585700573,0.8917528139732512,0.8403739585700573,1.0,1,0.6024465813599823,35
1810,1,2728,2728,0,0,0,0,0.8947596802517719,0.8403739585700573,0.8947596802517719,0.8403739585700573,1.0,1,0.6047629170051528,36
1811,0,2728,2728,0,0,0,0,0.922271667446716,0.8403739585700573,0.922271667446716,0.8403739585700573,1.0,1,0.6181588229656467,34
1812,2,2730,2730,0,0,0,0,0.883422648452533,0.7590979038512131,0.883422648452533,0.7590979038512131,1.0,1,0.610212794446317,36
1813,1,2731,2731,0,0,0,0,0.8782102121266965,0.6955255303167411,0.8782102121266965,0.6955255303167411,1.0,1,0.6229234504641731,35
1814,1,2732,2732,0,0,0,0,0.8247464855395342,0.6056795924639519,0.8247464855395342,0.6056795924639519,1.0,1,0.6212173808778917,36
1815,0,2732,2732,0,0,0,0,0.8197392422692352,0.6056795924639519,0.8197392422692352,0.6056795924639519,1.0,1,0.6304457414499535,35
1816,3,2735,2735,0,0,0,0,0.7925400990569829,0.5728766745290824,0.7925400990569829,0.5728766745290824,1.0,1,0.607597047283828,35
1817,1,2736,2736,0,0,0,0,0.7703422478941282,0.553443259794138,0.7703422478941282,0.553443259794138,1.0,1,0.6062214958698159,35
1818,6,2742,2742,0,0,0,0,0.7821607511776175,0.564321502355235,0.7821607511776175,0.564321502355235,1.0,1,0.5708643980146509,36
1819,1,2743,2743,0,0,0,0,0.7880482984430873,0.564321502355235,0.7880482984430873,0.564321502355235,1.0,1,0.5841768134706096,37
1820,3,2746,2746,0,0,0,0,0.8514268950826025,0.6564246948785183,0.8514268950826025,0.6564246948785183,1.0,1,0.5197033826692252,37
1821,2,2748,2748,0,0,0,0,0.8553367136330603,0.6564246948785183,0.8553367136330603,0.6564246948785183,1.0,1,0.5065060316898707,38
1822,2,2750,2750,0,0,0,0,0.9068209353252291,0.7537410433595346,0.9068209353252291,0.7537410433595346,1.0,1,0.5069751176849823,37
1823,3,2753,2753,0,0,0,0,0.9454074790414274,0.8362224371242823,0.9454074790414274,0.8362224371242823,1.0,1,0.5244531720480173,36
1824,3,2756,2756,0,0,0,0,0.9135612775008379,0.7606312300023208,0.9135612775008379,0.7606312300023208,1.0,1,0.5674643871910537,36
1825,2,2758,2758,0,0,0,0,0.969699875353313,0.9063450692738765,0.969699875353313,0.9063450692738765,1.0,1,0.559460534755712,34
1826,3,2761,2761,0,0,0,0,0.9200721156536974,0.7848095421445698,0.9200721156536974,0.7848095421445698,1.0,1,0.5642335855946813,35
1827,4,2765,2765,0,0,0,0,1.0,1.0,1.0,1.0,1.0,1,0.5608963704392571,34
1828,2,2767,2767,0,0,0,0,1.0,1.0,1.0,1.0,1.0,1,0.5385000458144426,33
1829,2,2769,2769,0,0,0,0,1.0,1.0,1.0,1.0,1.0,1,0.5428456493811171,31
1830,2,2771,2771,0,0,0,0,1.0,1.0,1.0,1.0,1.0,1,0.5536815070005635,31
1831,2,2773,2773,0,0,0,0,1.0,1.0,1.0,1.0,1.0,1,0.5787915016229258,30
1832,1,2774,2774,0,0,0,0,1.0,1.0,1.0,1.0,1.0,1,0.5496549366379121,29
1833,1,2775,2775,0,0,0,0,1.0,1.0,1.0,1.0,1.0,1,0.5671617997615068,28
1834,2,2777,2777,0,0,0,0,1.0,1.0,1.0,1.0,1.0,1,0.5426630134519976,27
1835,3,2780,2780,0,0,0,0,1.0,1.0,1.0,1.0,1.0,1,0.5903006545978357,26
1836,2,2782,2782,0,0,0,0,0.9768047469057919,0.939692341955059,0.9768047469057919,0.939692341955059,1.0,1,0.6308804559054723,26
1837,1,2783,2783,0,0,0,0,0.9685377528837598,0.9213443822093995,0.9685377528837598,0.9213443822093995,1.0,1,0.669641673667811,25
1838,1,2784,2784,0,0,0,0,0.9734257301771979,0.9335643254429948,0.9734257301771979,0.9335643254429948,1.0,1,0.7005392554914341,25
1839,0,2784,2784,0,0,0,0,0.9803053670106023,0.9527328808254457,0.9803053670106023,0.9527328808254457,1.0,1,0.7256010890132942,24
1840,0,2784,2784,0,0,0,0,1.0,1.0,1.0,1.0,1.0,1,0.7204139189368196,23
1841,0,2784,2784,0,0,0,0,1.0,1.0,1.0,1.0,1.0,1,0.7209783823350097,22
1842,1,2785,2785,0,0,0,0,1.0,1.0,1.0,1.0,1.0,1,0.684227664815,23
1843,4,2789,2789,0,0,0,0,0.9858404613154252,0.9674330610254781,0.9858404613154252,0.9674330610254781,1.0,1,0.6817014253327426,23
1844,0,2789,2789,0,0,0,0,0.9858404613154252,0.9674330610254781,0.9858404613154252,0.9674330610254781,1.0,1,0.6817014253327426,23
1845,2,2791,2791,0,0,0,0,0.9858404613154251,0.9674330610254781,0.9858404613154251,0.9674330610254781,1.0,1,0.6950570451256161,23
1846,0,2791,2791,0,0,0,0,0.9858404613154251,0.9674330610254781,0.9858404613154251,0.9674330610254781,1.0,1,0.6950570451256161,23
1847,0,2791,2791,0,0,0,0,0.9864304420939494,0.9674330610254781,0.9864304420939494,0.9674330610254781,1.0,1,0.6939781232134934,24
1848,0,2791,2791,0,0,0,0,0.9864304420939493,0.9674330610254781,0.9864304420939493,0.9674330610254781,1.0,1,0.6939781232134934,24
1849,0,2791,2791,0,0,0,0,0.9869732244101912,0.9674330610254781,0.9869732244101912,0.9674330610254781,1.0,1,0.692796884546793,25
1850,1,2792,2792,0,0,0,0,0.9869732244101912,0.9674330610254781,0.9869732244101912,0.9674330610254781,1.0,1,0.6799069101350832,25
1851,0,2792,2792,0,0,0,0,0.9869732244101912,0.9674330610254781,0.9869732244101912,0.9674330610254781,1.0,1,0.6799069101350832,25
1852,0,2792,2792,0,0,0,0,0.9869732244101912,0.9674330610254781,0.9869732244101912,0.9674330610254781,1.0,1,0.6799069101350832,25
1853,0,2792,2792,0,0,0,0,0.960984070104088,0.9113274320547455,0.960984070104088,0.9113274320547455,1.0,1,0.7002148510383975,25
1854,0,2792,2792,0,0,0,0,0.960984070104088,0.9113274320547455,0.960984070104088,0.9113274320547455,1.0,1,0.7002148510383975,25
1855,0,2792,2792,0,0,0,0,0.9264788959743172,0.8407042746110208,0.9264788959743172,0.8407042746110208,1.0,1,0.7002148510383975,26
1856,3,2795,2795,0,0,0,0,0.8587023999592523,0.727497485635701,0.8587023999592523,0.727497485635701,1.0,1,0.6765875697972122,27
1857,0,2795,2795,0,0,0,0,0.8637487428178504,0.727497485635701,0.8637487428178504,0.727497485635701,1.0,1,0.6616512755179019,28
1858,3,2798,2798,0,0,0,0,0.8993356644660601,0.7831845080807448,0.8993356644660601,0.7831845080807448,1.0,1,0.6123072406635155,28
1859,2,2800,2800,0,0,0,0,0.8593090009746478,0.7186180019492958,0.8593090009746478,0.7186180019492958,1.0,1,0.6109106271086988,28
1860,1,2801,2801,0,0,0,0,0.8944242294623761,0.7726060326881946,0.8944242294623761,0.7726060326881946,1.0,1,0.6124832507112984,28
1861,0,2801,2801,0,0,0,0,0.8944242294623761,0.7726060326881946,0.8944242294623761,0.7726060326881946,1.0,1,0.6124832507112984,28
1862,0,2801,2801,0,0,0,0,0.8944242294623761,0.7726060326881946,0.8944242294623761,0.7726060326881946,1.0,1,0.6124832507112984,28
1863,2,2803,2803,0,0,0,0,0.8709896766770923,0.732764330259691,0.8709896766770923,0.732764330259691,1.0,1,0.6736356883125458,29
1864,0,2803,2803,0,0,0,0,0.861433356430951,0.732764330259691,0.861433356430951,0.732764330259691,1.0,1,0.6743395077124618,27
1865,0,2803,2803,0,0,0,0,0.8561038701398337,0.732764330259691,0.8561038701398337,0.732764330259691,1.0,1,0.6787222698051303,26
1866,0,2803,2803,0,0,0,0,0.8561038701398337,0.732764330259691,0.8561038701398337,0.732764330259691,1.0,1,0.6787222698051303,26
1867,0,2803,2803,0,0,0,0,0.8561038701398337,0.732764330259691,0.8561038701398337,0.732764330259691,1.0,1,0.6787222698051303,26
1868,0,2803,2803,0,0,0,0,0.8561038701398337,0.732764330259691,0.8561038701398337,0.732764330259691,1.0,1,0.6787222698051303,26
1869,2,2805,2805,0,0,0,0,0.8561038701398337,0.732764330259691,0.8561038701398337,0.732764330259691,1.0,1,0.6947415955744778,26
1870,0,2805,2805,0,0,0,0,0.8278733741490221,0.6901720734682397,0.8278733741490221,0.6901720734682397,1.0,1,0.6947415955744778,27
1871,4,2809,2809,0,0,0,0,0.8278733741490221,0.6901720734682397,0.8278733741490221,0.6901720734682397,1.0,1,0.7289734579565113,27
1872,0,2809,2809,0,0,0,0,0.8141032440809438,0.6901720734682397,0.8141032440809438,0.6901720734682397,1.0,1,0.7346884764363377,25
1873,0,2809,2809,0,0,0,0,0.8141032440809438,0.6901720734682397,0.8141032440809438,0.6901720734682397,1.0,1,0.7346884764363377,25
1874,0,2809,2809,0,0,0,0,0.7820548984487123,0.6594607788261131,0.7820548984487123,0.6594607788261131,1.0,1,0.6959425164044548,25
1875,0,2809,2809,0,0,0,0,0.7820548984487123,0.6594607788261131,0.7820548984487123,0.6594607788261131,1.0,1,0.6959425164044548,25
1876,0,2809,2809,0,0,0,0,0.7904374023545311,0.6594607788261131,0.7904374023545311,0.6594607788261131,1.0,1,0.6945868260489914,26
1877,0,2809,2809,0,0,0,0,0.798198980045104,0.6594607788261131,0.798198980045104,0.6594607788261131,1.0,1,0.6675792792060131,27
1878,1,2810,2810,0,0,0,0,0.8054061593292074,0.6594607788261131,0.8054061593292074,0.6594607788261131,1.0,1,0.643777022257929,28
1879,1,2811,2811,0,0,0,0,0.8121162917661313,0.6594607788261131,0.8121162917661313,0.6594607788261131,1.0,1,0.6472009681967501,29
1880,0,2811,2811,0,0,0,0,0.8121162917661313,0.6594607788261131,0.8121162917661313,0.6594607788261131,1.0,1,0.6472009681967501,29
1881,0,2811,2811,0,0,0,0,0.8121162917661313,0.6594607788261131,0.8121162917661313,0.6594607788261131,1.0,1,0.6472009681967501,29
1882,0,2811,2811,0,0,0,0,0.8054061593292074,0.6594607788261131,0.8054061593292074,0.6594607788261131,1.0,1,0.646221759633966,28
1883,0,2811,2811,0,0,0,0,0.8054061593292074,0.6594607788261131,0.8054061593292074,0.6594607788261131,1.0,1,0.646221759633966,28
1884,1,2812,2812,0,0,0,0,0.7750989295111752,0.629574707430171,0.7750989295111752,0.629574707430171,1.0,1,0.6454997922894953,28
1885,0,2812,2812,0,0,0,0,0.7750989295111753,0.629574707430171,0.7750989295111753,0.629574707430171,1.0,1,0.6454997922894953,28
1886,0,2812,2812,0,0,0,0,0.7828541388383761,0.629574707430171,0.7828541388383761,0.629574707430171,1.0,1,0.6465370209166643,29
1887,0,2812,2812,0,0,0,0,0.7828541388383761,0.629574707430171,0.7828541388383761,0.629574707430171,1.0,1,0.6465370209166643,29
1888,0,2812,2812,0,0,0,0,0.7624791531448227,0.5909363193049724,0.7624791531448227,0.5909363193049724,1.0,1,0.6476034537655149,31
1889,0,2812,2812,0,0,0,0,0.7624791531448227,0.5909363193049724,0.7624791531448227,0.5909363193049724,1.0,1,0.6476034537655149,31
1890,1,2813,2813,0,0,0,0,0.7624791531448227,0.5909363193049724,0.7624791531448227,0.5909363193049724,1.0,1,0.6553449470827142,31
1891,0,2813,2813,0,0,0,0,0.7394066669709329,0.5611059654247292,0.7394066669709329,0.5611059654247292,1.0,1,0.6553449470827142,32
1892,0,2813,2813,0,0,0,0,0.7394066669709329,0.5611059654247292,0.7394066669709329,0.5611059654247292,1.0,1,0.6553449470827142,32
1893,0,2813,2813,0,0,0,0,0.7394066669709329,0.5611059654247292,0.7394066669709329,0.5611059654247292,1.0,1,0.6553449470827142,32
1894,1,2814,2814,0,0,0,0,0.7473034346384805,0.5611059654247292,0.7473034346384805,0.5611059654247292,1.0,1,0.6603387831300842,33
1895,1,2815,2815,0,0,0,0,0.7381968943401969,0.5418445650953444,0.7381968943401969,0.5418445650953444,1.0,1,0.6571829487991543,35
1896,0,2815,2815,0,0,0,0,0.7304968029972614,0.5418445650953444,0.7304968029972614,0.5418445650953444,1.0,1,0.6568817635927163,34
1897,0,2815,2815,0,0,0,0,0.7304968029972614,0.5418445650953444,0.7304968029972614,0.5418445650953444,1.0,1,0.6568817635927163,34
1898,0,2815,2815,0,0,0,0,0.7304968029972614,0.5418445650953444,0.7304968029972614,0.5418445650953444,1.0,1,0.6568817635927163,34
1899,0,2815,2815,0,0,0,0,0.7304968029972614,0.5418445650953444,0.7304968029972614,0.5418445650953444,1.0,1,0.6568817635927163,34
1900,0,2815,2815,0,0,0,0,0.7381968943401969,0.5418445650953444,0.7381968943401969,0.5418445650953444,1.0,1,0.6573827752309251,35
1901,0,2815,2815,0,0,0,0,0.7381968943401969,0.5418445650953444,0.7381968943401969,0.5418445650953444,1.0,1,0.6573827752309251,35
1902,1,2816,2816,0,0,0,0,0.7381968943401969,0.5418445650953444,0.7381968943401969,0.5418445650953444,1.0,1,0.6686461839664307,35
1903,0,2816,2816,0,0,0,0,0.7381968943401969,0.5418445650953444,0.7381968943401969,0.5418445650953444,1.0,1,0.6686461839664307,35
1904,0,2816,2816,0,0,0,0,0.7381968943401969,0.5418445650953444,0.7381968943401969,0.5418445650953444,1.0,1,0.6686461839664307,35
1905,0,2816,2816,0,0,0,0,0.752348413565051,0.5418445650953444,0.752348413565051,0.5418445650953444,1.0,1,0.6358317410536937,37
1906,2,2818,2818,0,0,0,0,0.803670885852983,0.5964345986977982,0.803670885852983,0.5964345986977982,1.0,1,0.607910591048543,37
1907,1,2819,2819,0,0,0,0,0.8156250124029742,0.6005208602064442,0.8156250124029742,0.6005208602064442,1.0,1,0.5818880391565999,39
1908,1,2820,2820,0,0,0,0,0.8156250124029742,0.6005208602064442,0.8156250124029742,0.6005208602064442,1.0,1,0.5906120486494028,39
1909,1,2821,2821,0,0,0,0,0.8271107182708701,0.6502735323943983,0.8271107182708701,0.6502735323943983,1.0,1,0.5718199193084031,41
1910,1,2822,2822,0,0,0,0,0.8235124795584338,0.6205415122927365,0.8235124795584338,0.6205415122927365,1.0,1,0.5718199193084031,41
1911,2,2824,2824,0,0,0,0,0.8314623834796009,0.6254719632880023,0.8314623834796009,0.6254719632880023,1.0,1,0.5655788576758645,40
1912,2,2826,2826,0,0,0,0,0.7991275541856481,0.5876828743810671,0.7991275541856481,0.5876828743810671,1.0,1,0.5530187289483917,39
1913,3,2829,2829,0,0,0,0,0.8037611230132964,0.5868655221332553,0.8037611230132964,0.5868655221332553,1.0,1,0.5135590493580957,40
1914,2,2831,2831,0,0,0,0,0.779649800553423,0.5482820911345171,0.779649800553423,0.5482820911345171,1.0,1,0.5244751887049875,41
1915,2,2833,2833,0,0,0,0,0.7321641862342905,0.4886770828109181,0.7321641862342905,0.4886770828109181,1.0,1,0.5305978562840858,42
1916,2,2835,2835,0,0,0,0,0.7042154719606183,0.45987173140634635,0.7042154719606183,0.45987173140634635,1.0,1,0.564458657317433,42
1917,3,2838,2838,0,0,0,0,0.6970012151791699,0.45987173140634635,0.6970012151791699,0.45987173140634635,1.0,1,0.5907564841418309,41
1918,1,2839,2839,0,0,0,0,0.7008071798210243,0.483212401509042,0.7008071798210243,0.483212401509042,1.0,1,0.5800737990316346,38
1919,1,2840,2840,0,0,0,0,0.6443807916896007,0.4369362535085345,0.6443807916896007,0.4369362535085345,1.0,1,0.6168809724218542,38
1920,1,2841,2841,0,0,0,0,0.6443807916896007,0.4369362535085345,0.6443807916896007,0.4369362535085345,1.0,1,0.6475944804115278,38
1921,1,2842,2842,0,0,0,0,0.6534992329283289,0.4369362535085345,0.6534992329283289,0.4369362535085345,1.0,1,0.6244812667295071,39
1922,1,2843,2843,0,0,0,0,0.6621617521051207,0.4369362535085345,0.6621617521051207,0.4369362535085345,1.0,1,0.5818216397198239,40
1923,2,2845,2845,0,0,0,0,0.6438495502205067,0.41591326236163095,0.6438495502205067,0.41591326236163095,1.0,1,0.5885139063725372,41
1924,2,2847,2847,0,0,0,0,0.6438495502205067,0.41591326236163095,0.6438495502205067,0.41591326236163095,1.0,1,0.6343405173603395,41
1925,0,2847,2847,0,0,0,0,0.6492891970891868,0.42483428322626626,0.6492891970891868,0.42483428322626626,1.0,1,0.6343405173603395,41
1926,0,2847,2847,0,0,0,0,0.6492891970891868,0.42483428322626626,0.6492891970891868,0.42483428322626626,1.0,1,0.6343405173603395,41
1927,0,2847,2847,0,0,0,0,0.6492891970891868,0.42483428322626626,0.6492891970891868,0.42483428322626626,1.0,1,0.6343405173603395,41
1928,1,2848,2848,0,0,0,0,0.657639454301349,0.42483428322626626,0.657639454301349,0.42483428322626626,1.0,1,0.6349850964158774,42
1929,0,2848,2848,0,0,0,0,0.6492891970891868,0.42483428322626626,0.6492891970891868,0.42483428322626626,1.0,1,0.6556997520791081,41
1930,0,2848,2848,0,0,0,0,0.6492891970891868,0.42483428322626626,0.6492891970891868,0.42483428322626626,1.0,1,0.6556997520791081,41
1931,0,2848,2848,0,0,0,0,0.6492891970891868,0.42483428322626626,0.6492891970891868,0.42483428322626626,1.0,1,0.6556997520791081,41
1932,0,2848,2848,0,0,0,0,0.6492891970891868,0.42483428322626626,0.6492891970891868,0.42483428322626626,1.0,1,0.6556997520791081,41
1933,2,2850,2850,0,0,0,0,0.6940121676473621,0.4517718003681903,0.6940121676473621,0.4517718003681903,1.0,1,0.6510120699545024,43
1934,0,2850,2850,0,0,0,0,0.7009664365644674,0.4517718003681903,0.7009664365644674,0.4517718003681903,1.0,1,0.6452604196303041,44
1935,1,2851,2851,0,0,0,0,0.7082219444450246,0.4764660710577391,0.7082219444450246,0.4764660710577391,1.0,1,0.627584407288651,45
1936,0,2851,2851,0,0,0,0,0.7264580729172107,0.4764660710577391,0.7264580729172107,0.4764660710577391,1.0,1,0.5906404222564029,48
1937,1,2852,2852,0,0,0,0,0.7284081525597039,0.49692891512056897,0.7284081525597039,0.49692891512056897,1.0,1,0.5906404222564029,48
1938,3,2855,2855,0,0,0,0,0.741224531419823,0.5022677294256299,0.741224531419823,0.5022677294256299,1.0,1,0.5654689664479576,48
1939,2,2857,2857,0,0,0,0,0.7668395201265995,0.530974197482762,0.7668395201265995,0.530974197482762,1.0,1,0.5529465141454366,48
1940,2,2859,2859,0,0,0,0,0.8088736097244685,0.5909511250196084,0.8088736097244685,0.5909511250196084,1.0,1,0.5273225907562458,48
1941,1,2860,2860,0,0,0,0,0.8330165663278866,0.5909511250196084,0.8330165663278866,0.5909511250196084,1.0,1,0.5147837386450608,48
1942,2,2862,2862,0,0,0,0,0.8355207926369639,0.5884913281014239,0.8355207926369639,0.5884913281014239,1.0,1,0.5305167308016259,49
1943,3,2865,2865,0,0,0,0,0.8712618257394813,0.6365039785585356,0.8712618257394813,0.6365039785585356,1.0,1,0.46400253558635174,48
1944,1,2866,2866,0,0,0,0,0.868522715648832,0.6365039785585356,0.868522715648832,0.6365039785585356,1.0,1,0.4592799027497215,47
1945,2,2868,2868,0,0,0,0,0.8873867449623678,0.6762368917668073,0.8873867449623678,0.6762368917668073,1.0,1,0.4697863276310724,46
1946,2,2870,2870,0,0,0,0,0.8873867449623678,0.6762368917668073,0.8873867449623678,0.6762368917668073,1.0,1,0.490801468821098,46
1947,3,2873,2873,0,0,0,0,0.8697115612186178,0.6536262251289751,0.8697115612186178,0.6536262251289751,1.0,1,0.5423187276271241,45
1948,8,2881,2881,0,0,0,0,0.8004537667080451,0.6206259022359897,0.8004537667080451,0.6206259022359897,1.0,1,0.570619983684524,46
1949,3,2884,2884,0,0,0,0,0.8045459116820365,0.6714888006611638,0.8045459116820365,0.6714888006611638,1.0,1,0.605364850195202,42
1950,1,2885,2885,0,0,0,0,0.8009736620365331,0.675975045971683,0.8009736620365331,0.675975045971683,1.0,1,0.619178532134759,40
1951,1,2886,2886,0,0,0,0,0.8235157441207662,0.675975045971683,0.8235157441207662,0.675975045971683,1.0,1,0.6235509777157111,39
1952,1,2887,2887,0,0,0,0,0.8758380913837017,0.7102888798953041,0.8758380913837017,0.7102888798953041,1.0,1,0.6410211291281771,35
1953,1,2888,2888,0,0,0,0,0.87928703328971,0.7102888798953041,0.87928703328971,0.7102888798953041,1.0,1,0.6290488233004586,36
1954,0,2888,2888,0,0,0,0,0.8360668923064846,0.6516421461512797,0.8360668923064846,0.6516421461512797,1.0,1,0.6548949732934402,34
1955,0,2888,2888,0,0,0,0,0.8395816927824366,0.6516421461512797,0.8395816927824366,0.6516421461512797,1.0,1,0.6553164285811736,35
1956,1,2889,2889,0,0,0,0,0.8210719260636887,0.6516421461512797,0.8210719260636887,0.6516421461512797,1.0,1,0.6422195747654947,37
1957,1,2890,2890,0,0,0,0,0.8218418149695854,0.6151454327324106,0.8218418149695854,0.6151454327324106,1.0,1,0.6422195747654947,37
1958,1,2891,2891,0,0,0,0,0.7744969388736337,0.6151454327324106,0.7744969388736337,0.6151454327324106,1.0,1,0.6379030492760681,39
1959,1,2892,2892,0,0,0,0,0.7373126280119124,0.5837517660896341,0.7373126280119124,0.5837517660896341,1.0,1,0.6297539966788682,41
1960,2,2894,2894,0,0,0,0,0.7862202427449699,0.6169494043349595,0.7862202427449699,0.6169494043349595,1.0,1,0.6135307148383141,40
1961,2,2896,2896,0,0,0,0,0.8495281655461425,0.6681794674058753,0.8495281655461425,0.6681794674058753,1.0,1,0.5907670787077696,41
1962,0,2896,2896,0,0,0,0,0.8672717869623501,0.6681794674058753,0.8672717869623501,0.6681794674058753,1.0,1,0.5903361016129237,40
1963,2,2898,2898,0,0,0,0,0.8655590780326627,0.6554951374586984,0.8655590780326627,0.6554951374586984,1.0,1,0.587654338139118,41
1964,1,2899,2899,0,0,0,0,0.8621980549834793,0.6554951374586984,0.8621980549834793,0.6554951374586984,1.0,1,0.6033033986683991,40
1965,4,2903,2903,0,0,0,0,0.843732263998197,0.6231189896427104,0.843732263998197,0.6231189896427104,1.0,1,0.5809693258916098,41
1966,0,2903,2903,0,0,0,0,0.843732263998197,0.6231189896427104,0.843732263998197,0.6231189896427104,1.0,1,0.5809693258916098,41
1967,2,2905,2905,0,0,0,0,0.8246252112967563,0.5907921596924313,0.8246252112967563,0.5907921596924313,1.0,1,0.5631130500417266,42
1968,0,2905,2905,0,0,0,0,0.8246252112967563,0.5907921596924313,0.8246252112967563,0.5907921596924313,1.0,1,0.5554445464087305,42
1969,2,2907,2907,0,0,0,0,0.8021840660232054,0.5523113073156752,0.8021840660232054,0.5523113073156752,1.0,1,0.561914424069816,43
1970,0,2907,2907,0,0,0,0,0.7974741628332815,0.5523113073156752,0.7974741628332815,0.5523113073156752,1.0,1,0.583732831070027,42
1971,1,2908,2908,0,0,0,0,0.7974741628332817,0.5523113073156752,0.7974741628332817,0.5523113073156752,1.0,1,0.5705366691961778,42
1972,0,2908,2908,0,0,0,0,0.7974741628332817,0.5523113073156752,0.7974741628332817,0.5523113073156752,1.0,1,0.5705366691961778,42
1973,0,2908,2908,0,0,0,0,0.7820021653400007,0.5313046554810016,0.7820021653400007,0.5313046554810016,1.0,1,0.5705366691961778,43
1974,0,2908,2908,0,0,0,0,0.7820021653400007,0.5313046554810016,0.7820021653400007,0.5313046554810016,1.0,1,0.5736723400225664,43
1975,0,2908,2908,0,0,0,0,0.7820021653400007,0.5313046554810016,0.7820021653400007,0.5313046554810016,1.0,1,0.5736723400225664,43
1976,2,2910,2910,0,0,0,0,0.7746908045196002,0.5313046554810016,0.7746908045196002,0.5313046554810016,1.0,1,0.6024988692777286,43
1977,0,2910,2910,0,0,0,0,0.7499511974958947,0.4687293634127351,0.7499511974958947,0.4687293634127351,1.0,1,0.5725963744186725,48
1978,5,2915,2915,0,0,0,0,0.7556806163862998,0.5140456267371551,0.7556806163862998,0.5140456267371551,1.0,1,0.5718324855732059,48
1979,0,2915,2915,0,0,0,0,0.7606667262559673,0.5140456267371551,0.7606667262559673,0.5140456267371551,1.0,1,0.5690912846612862,49
1980,2,2917,2917,0,0,0,0,0.8007919062445632,0.5417066277145753,0.8007919062445632,0.5417066277145753,1.0,1,0.5480179028970535,50
1981,3,2920,2920,0,0,0,0,0.7852313495968498,0.4886460704686899,0.7852313495968498,0.4886460704686899,1.0,1,0.5355721200892074,50
1982,4,2924,2924,0,0,0,0,0.7685865421026178,0.48298842470347275,0.7685865421026178,0.48298842470347275,1.0,1,0.548575762593435,50
1983,3,2927,2927,0,0,0,0,0.7785937580712878,0.49322619795675704,0.7785937580712878,0.49322619795675704,1.0,1,0.5361814297316303,49
1984,2,2929,2929,0,0,0,0,0.8086630856427436,0.5166225321500888,0.8086630856427436,0.5166225321500888,1.0,1,0.5285743922737871,48
1985,3,2932,2932,0,0,0,0,0.8233443159694825,0.5501401143189454,0.8233443159694825,0.5501401143189454,1.0,1,0.5292337822825254,46
1986,2,2934,2934,0,0,0,0,0.8239678708204571,0.5501401143189454,0.8239678708204571,0.5501401143189454,1.0,1,0.5321810115776529,46
1987,1,2935,2935,0,0,0,0,0.8072029061366909,0.5501401143189454,0.8072029061366909,0.5501401143189454,1.0,1,0.549575261371115,42
1988,1,2936,2936,0,0,0,0,0.8236807277538164,0.5851311241266265,0.8236807277538164,0.5851311241266265,1.0,1,0.551380765494534,40
1989,3,2939,2939,0,0,0,0,0.8556756192305137,0.634378235383968,0.8556756192305137,0.634378235383968,1.0,1,0.5789389422476194,38
1990,1,2940,2940,0,0,0,0,0.8556756192305137,0.634378235383968,0.8556756192305137,0.634378235383968,1.0,1,0.5805278842995221,38
1991,4,2944,2944,0,0,0,0,0.9346018046498031,0.7929057147243767,0.9346018046498031,0.7929057147243767,1.0,1,0.5656497268939623,38
1992,1,2945,2945,0,0,0,0,0.9116575454603225,0.734972636380968,0.9116575454603225,0.734972636380968,1.0,1,0.5676238313971962,39
1993,5,2950,2950,0,0,0,0,0.9327403635216478,0.7870111511518845,0.9327403635216478,0.7870111511518845,1.0,1,0.590723903090188,38
1994,3,2953,2953,0,0,0,0,0.900026602139686,0.7154603291667985,0.900026602139686,0.7154603291667985,1.0,1,0.591764885787372,37
1995,1,2954,2954,0,0,0,0,0.8717365642738991,0.6610180627238762,0.8717365642738991,0.6610180627238762,1.0,1,0.5854349192610598,37
1996,1,2955,2955,0,0,0,0,0.8516576623112266,0.6340889003676923,0.8516576623112266,0.6340889003676923,1.0,1,0.5866812040429878,37
1997,2,2957,2957,0,0,0,0,0.8178358346483859,0.6015158882933441,0.8178358346483859,0.6015158882933441,1.0,1,0.5673330019209675,35
1998,0,2957,2957,0,0,0,0,0.8124780650792208,0.6015158882933441,0.8124780650792208,0.6015158882933441,1.0,1,0.5821521905715257,34
1999,3,2960,2960,0,0,0,0,0.7704181860210555,0.5535909172631636,0.7704181860210555,0.5535909172631636,1.0,1,0.5766506647068901,35
2000,0,2960,2960,0,0,0,0,0.7636657797275572,0.5535909172631636,0.7636657797275572,0.5535909172631636,1.0,1,0.5916602918166386,34
2001,0,2960,2960,0,0,0,0,0.7935298577111802,0.5749144129347828,0.7935298577111802,0.5749144129347828,1.0,1,0.5797264915657036,35
2002,0,2960,2960,0,0,0,0,0.7992651394414252,0.5749144129347828,0.7992651394414252,0.5749144129347828,1.0,1,0.5658891955286133,36
2003,2,2962,2962,0,0,0,0,0.7814606719099789,0.5507802700371791,0.7814606719099789,0.5507802700371791,1.0,1,0.5712437811639534,37
2004,1,2963,2963,0,0,0,0,0.7872117068597164,0.5507802700371791,0.7872117068597164,0.5507802700371791,1.0,1,0.5833169412492285,38
2005,1,2964,2964,0,0,0,0,0.7872117068597164,0.5507802700371791,0.7872117068597164,0.5507802700371791,1.0,1,0.6007497869917034,38
2006,0,2964,2964,0,0,0,0,0.7872117068597164,0.5507802700371791,0.7872117068597164,0.5507802700371791,1.0,1,0.6007497869917034,38
2007,1,2965,2965,0,0,0,0,0.7978511215167305,0.5507802700371791,0.7978511215167305,0.5507802700371791,1.0,1,0.5997592722323929,40
2008,1,2966,2966,0,0,0,0,0.7978511215167307,0.5507802700371791,0.7978511215167307,0.5507802700371791,1.0,1,0.6052832795613273,40
2009,2,2968,2968,0,0,0,0,0.7944839895965301,0.5507802700371791,0.7944839895965301,0.5507802700371791,1.0,1,0.6208134803316219,41
2010,0,2968,2968,0,0,0,0,0.7944839895965301,0.5507802700371791,0.7944839895965301,0.5507802700371791,1.0,1,0.6208134803316219,41
2011,1,2969,2969,0,0,0,0,0.802781581967542,0.5507802700371791,0.802781581967542,0.5507802700371791,1.0,1,0.6039705401594583,41
2012,0,2969,2969,0,0,0,0,0.8027815819675421,0.5507802700371791,0.8027815819675421,0.5507802700371791,1.0,1,0.6039705401594583,41
2013,0,2969,2969,0,0,0,0,0.7891033846061718,0.5227076598981784,0.7891033846061718,0.5227076598981784,1.0,1,0.6003535808869086,43
2014,0,2969,2969,0,0,0,0,0.7891033846061718,0.5227076598981784,0.7891033846061718,0.5227076598981784,1.0,1,0.6112422931266044,43
2015,3,2972,2972,0,0,0,0,0.7647427174162168,0.5186847347790484,0.7647427174162168,0.5186847347790484,1.0,1,0.6194888550960197,43
2016,1,2973,2973,0,0,0,0,0.74459279588683,0.5210020401455531,0.74459279588683,0.5210020401455531,1.0,1,0.6194888550960197,44
2017,0,2973,2973,0,0,0,0,0.7502685115337894,0.5210020401455531,0.7502685115337894,0.5210020401455531,1.0,1,0.6065052645875588,45
2018,4,2977,2977,0,0,0,0,0.7341611300863756,0.5489484327682357,0.7341611300863756,0.5489484327682357,1.0,1,0.624185560477407,46
2019,1,2978,2978,0,0,0,0,0.7627466292531743,0.5837611007512441,0.7627466292531743,0.5837611007512441,1.0,1,0.597608321154997,47
2020,3,2981,2981,0,0,0,0,0.7994195446672702,0.6752858017997972,0.7994195446672702,0.6752858017997972,1.0,1,0.5739867929720296,47
2021,2,2983,2983,0,0,0,0,0.8496061824098513,0.6962287714909828,0.8496061824098513,0.6962287714909828,1.0,1,0.5306078841001657,47
2022,4,2987,2987,0,0,0,0,0.9078956447003484,0.735625884014774,0.9078956447003484,0.735625884014774,1.0,1,0.5012802578896316,48
2023,1,2988,2988,0,0,0,0,0.9078956447003484,0.735625884014774,0.9078956447003484,0.735625884014774,1.0,1,0.4867635979416995,48
2024,4,2992,2992,0,0,0,0,0.868716904115543,0.6307662928249647,0.868716904115543,0.6307662928249647,1.0,1,0.5027323209100583,45
2025,2,2994,2994,0,0,0,0,0.8812785160604589,0.667579844969285,0.8812785160604589,0.667579844969285,1.0,1,0.5235637544989044,42
2026,4,2998,2998,0,0,0,0,0.8652803083611981,0.6295208479932947,0.8652803083611981,0.6295208479932947,1.0,1,0.5331946037523828,44
2027,3,3001,3001,0,0,0,0,0.8815792316574121,0.6842112844197656,0.8815792316574121,0.6842112844197656,1.0,1,0.5694189167037149,40
2028,3,3004,3004,0,0,0,0,0.8754434024330305,0.6761528463258791,0.8754434024330305,0.6761528463258791,1.0,1,0.5814528764398863,39
2029,3,3007,3007,0,0,0,0,0.889264098671874,0.7073408322042383,0.889264098671874,0.7073408322042383,1.0,1,0.5923533144487976,37
2030,1,3008,3008,0,0,0,0,0.9052878469357042,0.7522912919856879,0.9052878469357042,0.7522912919856879,1.0,1,0.5814766177321835,34
2031,3,3011,3011,0,0,0,0,0.9107140739434844,0.7596148144632271,0.9107140739434844,0.7596148144632271,1.0,1,0.5607262744768673,35
2032,2,3013,3013,0,0,0,0,0.8494499966765849,0.6587533258002591,0.8494499966765849,0.6587533258002591,1.0,1,0.5709699961616084,34
2033,4,3017,3017,0,0,0,0,0.8064581940658534,0.59014676390416,0.8064581940658534,0.59014676390416,1.0,1,0.6037221891375768,36
2034,0,3017,3017,0,0,0,0,0.79507338195208,0.59014676390416,0.79507338195208,0.59014676390416,1.0,1,0.6231049634465364,34
2035,0,3017,3017,0,0,0,0,0.8009284281820206,0.59014676390416,0.8009284281820206,0.59014676390416,1.0,1,0.6097846723528575,35
2036,1,3018,3018,0,0,0,0,0.7950733819520801,0.59014676390416,0.7950733819520801,0.59014676390416,1.0,1,0.6417380886350161,34
2037,0,3018,3018,0,0,0,0,0.8009284281820206,0.59014676390416,0.8009284281820206,0.59014676390416,1.0,1,0.636874564355812,35
2038,0,3018,3018,0,0,0,0,0.8064581940658534,0.59014676390416,0.8064581940658534,0.59014676390416,1.0,1,0.6216692241766151,36
2039,1,3019,3019,0,0,0,0,0.8166446049044926,0.59014676390416,0.8166446049044926,0.59014676390416,1.0,1,0.610785905281651,38
2040,0,3019,3019,0,0,0,0,0.8166446049044926,0.59014676390416,0.8166446049044926,0.59014676390416,1.0,1,0.610785905281651,38
2041,1,3020,3020,0,0,0,0,0.851422251291778,0.6378417375237087,0.851422251291778,0.6378417375237087,1.0,1,0.6050531464555212,39
2042,1,3021,3021,0,0,0,0,0.851422251291778,0.6378417375237087,0.851422251291778,0.6378417375237087,1.0,1,0.6207511323900151,39
2043,1,3022,3022,0,0,0,0,0.8567351335888583,0.6730222177123698,0.8567351335888583,0.6730222177123698,1.0,1,0.6209817187742038,39
2044,1,3023,3023,0,0,0,0,0.8557036113388622,0.7293716158817303,0.8557036113388622,0.7293716158817303,1.0,1,0.6209817187742038,39
2045,0,3023,3023,0,0,0,0,0.8627424595662347,0.7293716158817303,0.8627424595662347,0.7293716158817303,1.0,1,0.5926031817602918,41
2046,0,3023,3023,0,0,0,0,0.8383415881701485,0.6699405655516555,0.8383415881701485,0.6699405655516555,1.0,1,0.5926031817602918,42
2047,2,3025,3025,0,0,0,0,0.8670249448492358,0.7299371924377879,0.8670249448492358,0.7299371924377879,1.0,1,0.5710883289988706,42
2048,1,3026,3026,0,0,0,0,0.8898811056400829,0.7299371924377879,0.8898811056400829,0.7299371924377879,1.0,1,0.5494553039157276,43
2049,0,3026,3026,0,0,0,0,0.8923838077846266,0.7299371924377879,0.8923838077846266,0.7299371924377879,1.0,1,0.5476251941868198,44
2050,0,3026,3026,0,0,0,0,0.8923838077846266,0.7299371924377879,0.8923838077846266,0.7299371924377879,1.0,1,0.5630444803750102,44
2051,0,3026,3026,0,0,0,0,0.8468052885466948,0.6739348748871138,0.8468052885466948,0.6739348748871138,1.0,1,0.5754020685128749,45
2052,0,3026,3026,0,0,0,0,0.8468052885466948,0.6739348748871138,0.8468052885466948,0.6739348748871138,1.0,1,0.5754020685128749,45
2053,1,3027,3027,0,0,0,0,0.8680104696934828,0.6739348748871138,0.8680104696934828,0.6739348748871138,1.0,1,0.5575059753756328,45
2054,0,3027,3027,0,0,0,0,0.8708798073088417,0.6739348748871138,0.8708798073088417,0.6739348748871138,1.0,1,0.5496393902882168,46
2055,0,3027,3027,0,0,0,0,0.8708798073088417,0.6739348748871138,0.8708798073088417,0.6739348748871138,1.0,1,0.5496393902882168,46
2056,0,3027,3027,0,0,0,0,0.8708798073088417,0.6739348748871138,0.8708798073088417,0.6739348748871138,1.0,1,0.552317760079797,46
2057,5,3032,3032,0,0,0,0,0.7992949851604797,0.6352530369065844,0.7992949851604797,0.6352530369065844,1.0,1,0.5670305527318237,47
2058,5,3037,3037,0,0,0,0,0.7750500665621664,0.6520752074651838,0.7750500665621664,0.6520752074651838,1.0,1,0.56613550485545,47
2059,4,3041,3041,0,0,0,0,0.7416624087870752,0.55777154323527,0.7416624087870752,0.55777154323527,1.0,1,0.5688264351773535,48
2060,3,3044,3044,0,0,0,0,0.7574693536986166,0.5298452740656379,0.7574693536986166,0.5298452740656379,1.0,1,0.5216333426885167,50
2061,2,3046,3046,0,0,0,0,0.800827932324767,0.5298452740656379,0.800827932324767,0.5298452740656379,1.0,1,0.5105281007341493,51
2062,3,3049,3049,0,0,0,0,0.8314570445675354,0.5960836086903316,0.8314570445675354,0.5960836086903316,1.0,1,0.5079154520414293,49
2063,4,3053,3053,0,0,0,0,0.8433700028109308,0.5960836086903316,0.8433700028109308,0.5960836086903316,1.0,1,0.5072129847617187,48
2064,1,3054,3054,0,0,0,0,0.8268026278341621,0.5670065695854051,0.8268026278341621,0.5670065695854051,1.0,1,0.5299900656088501,45
2065,2,3056,3056,0,0,0,0,0.8186553288423795,0.5670065695854051,0.8186553288423795,0.5670065695854051,1.0,1,0.5389170738327674,44
2066,1,3057,3057,0,0,0,0,0.8144313869651737,0.5670065695854051,0.8144313869651737,0.5670065695854051,1.0,1,0.5177577521155925,42
2067,1,3058,3058,0,0,0,0,0.8099053232326169,0.5670065695854051,0.8099053232326169,0.5670065695854051,1.0,1,0.5258331215354597,41
2068,3,3061,3061,0,0,0,0,0.8518927377604879,0.6297318444012197,0.8518927377604879,0.6297318444012197,1.0,1,0.5242349780406866,40
2069,2,3063,3063,0,0,0,0,0.9022584852098048,0.7207385291708708,0.9022584852098048,0.7207385291708708,1.0,1,0.5287120249058193,40
2070,2,3065,3065,0,0,0,0,0.8978282219924626,0.7183580712897584,0.8978282219924626,0.7183580712897584,1.0,1,0.5524672484814424,40
2071,3,3068,3068,0,0,0,0,0.896044027851552,0.7736030809840326,0.896044027851552,0.7736030809840326,1.0,1,0.5746740667436785,40
2072,0,3068,3068,0,0,0,0,0.8985795393673678,0.7736030809840326,0.8985795393673678,0.7736030809840326,1.0,1,0.5740156114210238,41
2073,0,3068,3068,0,0,0,0,0.8985795393673678,0.7736030809840326,0.8985795393673678,0.7736030809840326,1.0,1,0.5740156114210238,41
2074,2,3070,3070,0,0,0,0,0.9166805376856341,0.8337667724649306,0.9166805376856341,0.8337667724649306,1.0,1,0.5622285201934909,41
2075,0,3070,3070,0,0,0,0,0.9166805376856341,0.8337667724649306,0.9166805376856341,0.8337667724649306,1.0,1,0.5622285201934909,41
2076,2,3072,3072,0,0,0,0,0.9389872823565676,0.8799220298356728,0.9389872823565676,0.8799220298356728,1.0,1,0.5456391140883716,41
2077,1,3073,3073,0,0,0,0,0.9636597282702454,0.9035831107810179,0.9636597282702454,0.9035831107810179,1.0,1,0.5416191021620772,40
2078,0,3073,3073,0,0,0,0,0.9636597282702454,0.9035831107810179,0.9636597282702454,0.9035831107810179,1.0,1,0.5416191021620772,40
2079,0,3073,3073,0,0,0,0,0.9627279264310209,0.9035831107810179,0.9627279264310209,0.9035831107810179,1.0,1,0.5549258104269159,39
2080,1,3074,3074,0,0,0,0,0.9720898478576631,0.9035831107810179,0.9720898478576631,0.9035831107810179,1.0,1,0.5541315459127574,38
2081,2,3076,3076,0,0,0,0,0.9560355979143165,0.8534519930477212,0.9560355979143165,0.8534519930477212,1.0,1,0.5175715554254129,40
2082,1,3077,3077,0,0,0,0,0.9571079004042111,0.8534519930477212,0.9571079004042111,0.8534519930477212,1.0,1,0.512792416201492,41
2083,1,3078,3078,0,0,0,0,0.9292808164257351,0.7824025120791851,0.9292808164257351,0.7824025120791851,1.0,1,0.5326960203620799,40
2084,2,3080,3080,0,0,0,0,0.8559520344716783,0.6218740904881559,0.8559520344716783,0.6218740904881559,1.0,1,0.5522084200242885,42
2085,1,3081,3081,0,0,0,0,0.8333215097947326,0.5882060830222804,0.8333215097947326,0.5882060830222804,1.0,1,0.5611338435472463,42
2086,1,3082,3082,0,0,0,0,0.8303908871155206,0.5882060830222804,0.8303908871155206,0.5882060830222804,1.0,1,0.5612948054755371,43
2087,1,3083,3083,0,0,0,0,0.8125498903696884,0.5476355740026311,0.8125498903696884,0.5476355740026311,1.0,1,0.5671588439710333,45
2088,1,3084,3084,0,0,0,0,0.803586691499491,0.5244730425777154,0.803586691499491,0.5244730425777154,1.0,1,0.5606242589344271,46
2089,0,3084,3084,0,0,0,0,0.8077656980633318,0.5244730425777154,0.8077656980633318,0.5244730425777154,1.0,1,0.5516413048096652,47
2090,1,3085,3085,0,0,0,0,0.77523170162172,0.47554063711734657,0.77523170162172,0.47554063711734657,1.0,1,0.564578358836685,49
2091,1,3086,3086,0,0,0,0,0.7944005450181464,0.4968902770414041,0.7944005450181464,0.4968902770414041,1.0,1,0.5622136718340338,49
2092,2,3088,3088,0,0,0,0,0.7638346117196336,0.5307144778030249,0.7638346117196336,0.5307144778030249,1.0,1,0.574096669718057,49
2093,2,3090,3090,0,0,0,0,0.742037455971808,0.5596775324496732,0.742037455971808,0.5596775324496732,1.0,1,0.584445584067355,49
2094,0,3090,3090,0,0,0,0,0.742037455971808,0.5596775324496732,0.742037455971808,0.5596775324496732,1.0,1,0.584445584067355,49
2095,1,3091,3091,0,0,0,0,0.7416102179116123,0.5977639542017509,0.7416102179116123,0.5977639542017509,1.0,1,0.5713808294953934,49
2096,0,3091,3091,0,0,0,0,0.7517431505425295,0.5977639542017509,0.7517431505425295,0.5977639542017509,1.0,1,0.5608211778495206,51
2097,3,3094,3094,0,0,0,0,0.7709655230921879,0.586023558462229,0.7709655230921879,0.586023558462229,1.0,1,0.5474177465904595,51
2098,5,3099,3099,0,0,0,0,0.8454345545479293,0.7106545552801417,0.8454345545479293,0.7106545552801417,1.0,1,0.49273418234688326,52
2099,2,3101,3101,0,0,0,0,0.8850529685391084,0.7268019759633746,0.8850529685391084,0.7268019759633746,1.0,1,0.4816138370716972,51
2100,3,3104,3104,0,0,0,0,0.9221249100462462,0.7268019759633746,0.9221249100462462,0.7268019759633746,1.0,1,0.4760205456597919,51
2101,3,3107,3107,0,0,0,0,0.9375919131785221,0.8231868737750279,0.9375919131785221,0.8231868737750279,1.0,1,0.47682638868399746,48
2102,4,3111,3111,0,0,0,0,0.8972449821291071,0.789430709600834,0.8972449821291071,0.789430709600834,1.0,1,0.49022728757698875,49
2103,5,3116,3116,0,0,0,0,0.8736813475227502,0.6433355694760008,0.8736813475227502,0.6433355694760008,1.0,1,0.5143588403891433,48
2104,1,3117,3117,0,0,0,0,0.9078915128733928,0.7359556702370591,0.9078915128733928,0.7359556702370591,1.0,1,0.5336810333574237,43
2105,1,3118,3118,0,0,0,0,0.8726297002024456,0.6656529630314199,0.8726297002024456,0.6656529630314199,1.0,1,0.5590428401121299,42
2106,1,3119,3119,0,0,0,0,0.8859099863296038,0.6957599635456103,0.8859099863296038,0.6957599635456103,1.0,1,0.5286193583452403,40
2107,2,3121,3121,0,0,0,0,0.9400324649371745,0.8200973948115236,0.9400324649371745,0.8200973948115236,1.0,1,0.5207646137575622,39
2108,2,3123,3123,0,0,0,0,0.9355492686255825,0.8116055544440107,0.9355492686255825,0.8116055544440107,1.0,1,0.5154174430087215,38
2109,0,3123,3123,0,0,0,0,0.963369270782569,0.8870552515795872,0.963369270782569,0.8870552515795872,1.0,1,0.5154174430087215,37
2110,1,3124,3124,0,0,0,0,0.9398442448043545,0.8241601001973439,0.9398442448043545,0.8241601001973439,1.0,1,0.5152611993160781,38
2111,1,3125,3125,0,0,0,0,0.9346441626931157,0.8139872322804061,0.9346441626931157,0.8139872322804061,1.0,1,0.5327112143588408,37
2112,2,3127,3127,0,0,0,0,0.9039125021540124,0.7529178626817464,0.9039125021540124,0.7529178626817464,1.0,1,0.5621176023907472,36
2113,1,3128,3128,0,0,0,0,0.8688077071347065,0.6851384971232957,0.8688077071347065,0.6851384971232957,1.0,1,0.5948358658362658,36
2114,0,3128,3128,0,0,0,0,0.9017751911758375,0.7474219201664394,0.9017751911758375,0.7474219201664394,1.0,1,0.5974828782155717,36
2115,1,3129,3129,0,0,0,0,0.9252629804925895,0.7987849474800486,0.9252629804925895,0.7987849474800486,1.0,1,0.5873842753137111,35
2116,1,3130,3130,0,0,0,0,0.9033277675268592,0.7445090998924133,0.9033277675268592,0.7445090998924133,1.0,1,0.5761340653295204,37
2117,1,3131,3131,0,0,0,0,0.9379231907940513,0.818544711551842,0.9379231907940513,0.818544711551842,1.0,1,0.5527459394745774,38
2118,0,3131,3131,0,0,0,0,0.9362314911451953,0.818544711551842,0.9362314911451953,0.818544711551842,1.0,1,0.5510203253958994,40
2119,1,3132,3132,0,0,0,0,0.9362314911451953,0.818544711551842,0.9362314911451953,0.818544711551842,1.0,1,0.5516425609820118,40
2120,0,3132,3132,0,0,0,0,0.9136744769896187,0.7608910829243214,0.9136744769896187,0.7608910829243214,1.0,1,0.5516425609820118,41
2121,1,3133,3133,0,0,0,0,0.9136744769896187,0.7608910829243214,0.9136744769896187,0.7608910829243214,1.0,1,0.5425486992181707,41
2122,1,3134,3134,0,0,0,0,0.8625847796055675,0.7134137843480644,0.8625847796055675,0.7134137843480644,1.0,1,0.5591218078226674,42
2123,1,3135,3135,0,0,0,0,0.8657804824054379,0.7134137843480644,0.8657804824054379,0.7134137843480644,1.0,1,0.5688283142956831,43
2124,0,3135,3135,0,0,0,0,0.8904728088013374,0.7134137843480644,0.8904728088013374,0.7134137843480644,1.0,1,0.5716159897918623,41
2125,0,3135,3135,0,0,0,0,0.8904728088013374,0.7134137843480644,0.8904728088013374,0.7134137843480644,1.0,1,0.5716159897918623,41
2126,0,3135,3135,0,0,0,0,0.8877346290213708,0.7134137843480644,0.8877346290213708,0.7134137843480644,1.0,1,0.575312185624298,40
2127,0,3135,3135,0,0,0,0,0.8877346290213708,0.7134137843480644,0.8877346290213708,0.7134137843480644,1.0,1,0.575312185624298,40
2128,0,3135,3135,0,0,0,0,0.8591570830451198,0.7134137843480644,0.8591570830451198,0.7134137843480644,1.0,1,0.575312185624298,41
2129,0,3135,3135,0,0,0,0,0.8625104858297599,0.7134137843480644,0.8625104858297599,0.7134137843480644,1.0,1,0.5721082428013505,42
2130,0,3135,3135,0,0,0,0,0.8302463658706808,0.6795812396860174,0.8302463658706808,0.6795812396860174,1.0,1,0.5640231123211438,45
2131,0,3135,3135,0,0,0,0,0.8302463658706807,0.6795812396860174,0.8302463658706807,0.6795812396860174,1.0,1,0.5640231123211438,45
2132,2,3137,3137,0,0,0,0,0.8655746487746746,0.7691615213028101,0.8655746487746746,0.7691615213028101,1.0,1,0.528597154321502,46
2133,4,3141,3141,0,0,0,0,0.8647593828841194,0.6864448858395359,0.8647593828841194,0.6864448858395359,1.0,1,0.5409179395903337,46
2134,1,3142,3142,0,0,0,0,0.8743839709404564,0.6864448858395359,0.8743839709404564,0.6864448858395359,1.0,1,0.5379648145937945,47
2135,2,3144,3144,0,0,0,0,0.8865864480696193,0.6864448858395359,0.8865864480696193,0.6864448858395359,1.0,1,0.5342359611839673,47
2136,3,3147,3147,0,0,0,0,0.8378857249788184,0.5989804775791825,0.8378857249788184,0.5989804775791825,1.0,1,0.5313802578587369,47
2137,6,3153,3153,0,0,0,0,0.8966243376632788,0.6961002394331143,0.8966243376632788,0.6961002394331143,1.0,1,0.5116241569263053,49
2138,1,3154,3154,0,0,0,0,0.8802204556327696,0.6961002394331143,0.8802204556327696,0.6961002394331143,1.0,1,0.5169505602077409,49
2139,1,3155,3155,0,0,0,0,0.9014024547315727,0.8170919888920458,0.9014024547315727,0.8170919888920458,1.0,1,0.5244534812511851,47
2140,2,3157,3157,0,0,0,0,0.8976488488974838,0.7971798013702818,0.8976488488974838,0.7971798013702818,1.0,1,0.517761300591611,48
2141,2,3159,3159,0,0,0,0,0.9107537270779645,0.7932373098667989,0.9107537270779645,0.7932373098667989,1.0,1,0.5255864075142048,47
2142,1,3160,3160,0,0,0,0,0.9280132864952945,0.8397324331345914,0.9280132864952945,0.8397324331345914,1.0,1,0.5164590411996011,47
2143,2,3162,3162,0,0,0,0,0.8978019683104773,0.7624629761115239,0.8978019683104773,0.7624629761115239,1.0,1,0.5070185886235076,48
2144,1,3163,3163,0,0,0,0,0.8980973066065497,0.7041325477620326,0.8980973066065497,0.7041325477620326,1.0,1,0.5064754088325844,48
2145,3,3166,3166,0,0,0,0,0.8730482943386925,0.7343985870008093,0.8730482943386925,0.7343985870008093,1.0,1,0.5236453110385627,46
2146,2,3168,3168,0,0,0,0,0.8317290684256349,0.6382890559022698,0.8317290684256349,0.6382890559022698,1.0,1,0.5368308354274788,47
2147,4,3172,3172,0,0,0,0,0.7893566428049311,0.6302177788223536,0.7893566428049311,0.6302177788223536,1.0,1,0.5505035616152752,48
2148,2,3174,3174,0,0,0,0,0.8419246419672909,0.6302177788223536,0.8419246419672909,0.6302177788223536,1.0,1,0.533091391270592,46
2149,3,3177,3177,0,0,0,0,0.8402051819846359,0.670511399204307,0.8402051819846359,0.670511399204307,1.0,1,0.5329409244321884,46
2150,1,3178,3178,0,0,0,0,0.8578646841217925,0.642237714318339,0.8578646841217925,0.642237714318339,1.0,1,0.5296004866647436,46
2151,3,3181,3181,0,0,0,0,0.9214626892787259,0.7531684520188532,0.9214626892787259,0.7531684520188532,1.0,1,0.4925714931094618,44
2152,0,3181,3181,0,0,0,0,0.9232079628503099,0.7531684520188532,0.9232079628503099,0.7531684520188532,1.0,1,0.49592694709344853,45
2153,2,3183,3183,0,0,0,0,0.9383377625204367,0.8102199090910668,0.9383377625204367,0.8102199090910668,1.0,1,0.493064455039625,48
2154,3,3186,3186,0,0,0,0,0.9709492454203477,0.945104382129436,0.9709492454203477,0.945104382129436,1.0,1,0.4830438194887027,47
2155,1,3187,3187,0,0,0,0,0.9282167009278567,0.8676167737874354,0.9282167009278567,0.8676167737874354,1.0,1,0.4897236940467324,48
2156,2,3189,3189,0,0,0,0,0.9311194889860787,0.8461270707257861,0.9311194889860787,0.8461270707257861,1.0,1,0.5188765926729884,45
2157,0,3189,3189,0,0,0,0,0.9534069958390107,0.8955710129720087,0.9534069958390107,0.8955710129720087,1.0,1,0.5288442057998852,43
2158,1,3190,3190,0,0,0,0,0.9473785377543076,0.8955710129720087,0.9473785377543076,0.8955710129720087,1.0,1,0.5294464532536884,43
2159,2,3192,3192,0,0,0,0,0.9124962450608534,0.8540894080944479,0.9124962450608534,0.8540894080944479,1.0,1,0.5553438425226794,43
2160,2,3194,3194,0,0,0,0,0.8809892719165466,0.7409791423510221,0.8809892719165466,0.7409791423510221,1.0,1,0.5648381408898877,41
2161,1,3195,3195,0,0,0,0,0.9102058409575958,0.7409791423510221,0.9102058409575958,0.7409791423510221,1.0,1,0.5542212417380818,41
2162,5,3200,3200,0,0,0,0,0.8404707701364189,0.6058689615135053,0.8404707701364189,0.6058689615135053,1.0,1,0.556155185319139,42
2163,1,3201,3201,0,0,0,0,0.821607377066988,0.5738398452155824,0.821607377066988,0.5738398452155824,1.0,1,0.5689197001581039,43
2164,3,3204,3204,0,0,0,0,0.800309232918044,0.5375582235996809,0.800309232918044,0.5375582235996809,1.0,1,0.5822219898094457,44
2165,1,3205,3205,0,0,0,0,0.7779713592774776,0.5115369904104511,0.7779713592774776,0.5115369904104511,1.0,1,0.5797885980461195,44
2166,0,3205,3205,0,0,0,0,0.7876247784393265,0.5115369904104511,0.7876247784393265,0.5115369904104511,1.0,1,0.5699448106383942,46
2167,0,3205,3205,0,0,0,0,0.7876247784393265,0.5115369904104511,0.7876247784393265,0.5115369904104511,1.0,1,0.5699448106383942,46
2168,0,3205,3205,0,0,0,0,0.7829053290713116,0.5115369904104511,0.7829053290713116,0.5115369904104511,1.0,1,0.5793245341644772,45
2169,1,3206,3206,0,0,0,0,0.7312059109765496,0.4799779593738004,0.7312059109765496,0.4799779593738004,1.0,1,0.5593239730260682,49
2170,1,3207,3207,0,0,0,0,0.7131722545544,0.4634494537347487,0.7131722545544,0.4634494537347487,1.0,1,0.5618071911435003,49
2171,0,3207,3207,0,0,0,0,0.7244204014346197,0.4634494537347487,0.7244204014346197,0.4634494537347487,1.0,1,0.5505327317383493,51
2172,3,3210,3210,0,0,0,0,0.6695395455921704,0.4026601551916694,0.6695395455921704,0.4026601551916694,1.0,1,0.5804897535057276,52
2173,0,3210,3210,0,0,0,0,0.6695395455921704,0.4026601551916694,0.6695395455921704,0.4026601551916694,1.0,1,0.5804897535057276,52
2174,4,3214,3214,0,0,0,0,0.6919135758560635,0.41665536860529045,0.6919135758560635,0.41665536860529045,1.0,1,0.5761096724103368,52
2175,0,3214,3214,0,0,0,0,0.6786042120127113,0.41665536860529045,0.6786042120127113,0.41665536860529045,1.0,1,0.5761096724103368,53
2176,3,3217,3217,0,0,0,0,0.7025979697573699,0.4514922520505049,0.7025979697573699,0.4514922520505049,1.0,1,0.5609302107187665,54
2177,2,3219,3219,0,0,0,0,0.6885268974896315,0.4275779971269398,0.6885268974896315,0.4275779971269398,1.0,1,0.5663621398791121,55
2178,7,3226,3226,0,0,0,0,0.7493164827373067,0.5033770209882032,0.7493164827373067,0.5033770209882032,1.0,1,0.5335031223246427,54
2179,0,3226,3226,0,0,0,0,0.775525930409654,0.5033770209882032,0.775525930409654,0.5033770209882032,1.0,1,0.5335031223246427,52
2180,4,3230,3230,0,0,0,0,0.8076351936581622,0.595339731120673,0.8076351936581622,0.595339731120673,1.0,1,0.5035765536145694,51
2181,1,3231,3231,0,0,0,0,0.8374933045126539,0.6386346771174215,0.8374933045126539,0.6386346771174215,1.0,1,0.5035765536145694,49
2182,4,3235,3235,0,0,0,0,0.8832640465396898,0.7279990200590595,0.8832640465396898,0.7279990200590595,1.0,1,0.47749784734796324,49
2183,4,3239,3239,0,0,0,0,0.8990949778291323,0.758775845004369,0.8990949778291323,0.758775845004369,1.0,1,0.49890623821302776,46
2184,3,3242,3242,0,0,0,0,0.9440294786471152,0.8275461599950513,0.9440294786471152,0.8275461599950513,1.0,1,0.4906969148570308,45
2185,6,3248,3248,0,0,0,0,0.9642476754223268,0.8569907016893078,0.9642476754223268,0.8569907016893078,1.0,1,0.4847329944634149,44
2186,5,3253,3253,0,0,0,0,0.9553432298531455,0.829492332166555,0.9553432298531455,0.829492332166555,1.0,1,0.4732256750971469,42
2187,4,3257,3257,0,0,0,0,0.987036124284898,0.9481444971395918,0.987036124284898,0.9481444971395918,1.0,1,0.4982215686772757,40
2188,5,3262,3262,0,0,0,0,0.9927216860292886,0.9723424069112968,0.9927216860292886,0.9723424069112968,1.0,1,0.5325656163321637,38
2189,1,3263,3263,0,0,0,0,0.9923173352531379,0.9723424069112968,0.9923173352531379,0.9723424069112968,1.0,1,0.5485794462937421,36
2190,2,3265,3265,0,0,0,0,0.9680897019874223,0.9013681697793052,0.9680897019874223,0.9013681697793052,1.0,1,0.5678989936200535,34
2191,3,3268,3268,0,0,0,0,1.0,1.0,1.0,1.0,1.0,1,0.5326667759971145,34
2192,2,3270,3270,0,0,0,0,0.9730786174241809,0.9192358522725431,0.9730786174241809,0.9192358522725431,1.0,1,0.5839864735369719,33
2193,0,3270,3270,0,0,0,0,0.9722373242186867,0.9192358522725431,0.9722373242186867,0.9192358522725431,1.0,1,0.5980478292616874,32
2194,2,3272,3272,0,0,0,0,0.9722373242186867,0.9192358522725431,0.9722373242186867,0.9192358522725431,1.0,1,0.601689743611604,32
2195,0,3272,3272,0,0,0,0,0.9713417540321927,0.9192358522725431,0.9713417540321927,0.9192358522725431,1.0,1,0.6168375155332482,31
2196,2,3274,3274,0,0,0,0,0.9722373242186867,0.9192358522725431,0.9722373242186867,0.9192358522725431,1.0,1,0.6229952101853563,32
2197,2,3276,3276,0,0,0,0,0.9077869287380816,0.7801072916061951,0.9077869287380816,0.7801072916061951,1.0,1,0.6547601356723548,31
2198,0,3276,3276,0,0,0,0,0.9077869287380816,0.7801072916061951,0.9077869287380816,0.7801072916061951,1.0,1,0.6547601356723548,31
2199,1,3277,3277,0,0,0,0,0.8827482767318225,0.7319960611013085,0.8827482767318225,0.7319960611013085,1.0,1,0.6557612814038815,32
2200,0,3277,3277,0,0,0,0,0.8927984244405234,0.7319960611013085,0.8927984244405234,0.7319960611013085,1.0,1,0.64865114309014,35
2201,1,3278,3278,0,0,0,0,0.8697758154009493,0.6874619569622783,0.8697758154009493,0.6874619569622783,1.0,1,0.6395819390570574,36
2202,2,3280,3280,0,0,0,0,0.8115820864761449,0.6009973595965423,0.8115820864761449,0.6009973595965423,1.0,1,0.6540649782443448,36
2203,3,3283,3283,0,0,0,0,0.8704019816294982,0.6803248880194285,0.8704019816294982,0.6803248880194285,1.0,1,0.6039148363235984,37
2204,1,3284,3284,0,0,0,0,0.8938362578819997,0.7270075202679993,0.8938362578819997,0.7270075202679993,1.0,1,0.6032965128055591,36
2205,2,3286,3286,0,0,0,0,0.9250741785053149,0.7867495849766657,0.9250741785053149,0.7867495849766657,1.0,1,0.5684129048432807,37
2206,1,3287,3287,0,0,0,0,0.9470722109827215,0.8456272820329381,0.9470722109827215,0.8456272820329381,1.0,1,0.5700910804856429,35
2207,1,3288,3288,0,0,0,0,0.9499331725512232,0.8456272820329381,0.9499331725512232,0.8456272820329381,1.0,1,0.5674132633296398,37
2208,1,3289,3289,0,0,0,0,0.9823264366773589,0.94215924730772,0.9823264366773589,0.94215924730772,1.0,1,0.5646468857081891,36
2209,0,3289,3289,0,0,0,0,0.9818214777252836,0.94215924730772,0.9818214777252836,0.94215924730772,1.0,1,0.5796099902989327,35
2210,0,3289,3289,0,0,0,0,0.9623032928311881,0.9276157642909298,0.9623032928311881,0.9276157642909298,1.0,1,0.5670167913705552,38
2211,0,3289,3289,0,0,0,0,0.9612844629077067,0.9276157642909298,0.9612844629077067,0.9276157642909298,1.0,1,0.5872263406617501,37
2212,1,3290,3290,0,0,0,0,0.9790466686105322,0.9276157642909298,0.9790466686105322,0.9276157642909298,1.0,1,0.5800600332688416,38
2213,2,3292,3292,0,0,0,0,0.9654234223286218,0.9276157642909298,0.9654234223286218,0.9276157642909298,1.0,1,0.5808683998041705,38
2214,1,3293,3293,0,0,0,0,0.9717538533976932,0.9276157642909298,0.9717538533976932,0.9276157642909298,1.0,1,0.5663612260170232,39
2215,2,3295,3295,0,0,0,0,0.9615002594247783,0.9276157642909298,0.9615002594247783,0.9276157642909298,1.0,1,0.5686565399113028,39
2216,2,3297,3297,0,0,0,0,0.9289934443854448,0.8355809103193436,0.9289934443854448,0.8355809103193436,1.0,1,0.5879401172831806,39
2217,2,3299,3299,0,0,0,0,0.92776708560015,0.8376146538004564,0.92776708560015,0.8376146538004564,1.0,1,0.5756132739476179,38
2218,3,3302,3302,0,0,0,0,0.9698435088474288,0.8985645297595334,0.9698435088474288,0.8985645297595334,1.0,1,0.550513367652755,37
2219,4,3306,3306,0,0,0,0,0.9339983279863158,0.8019949839589475,0.9339983279863158,0.8019949839589475,1.0,1,0.5513000403143213,36
2220,2,3308,3308,0,0,0,0,0.9927582941118329,0.9753781999802316,0.9927582941118329,0.9753781999802316,1.0,1,0.5000646763521179,34
2221,2,3310,3310,0,0,0,0,1.0,1.0,1.0,1.0,1.0,1,0.477653977775151,35
2222,1,3311,3311,0,0,0,0,1.0,1.0,1.0,1.0,1.0,1,0.4285979402337085,33
2223,2,3313,3313,0,0,0,0,1.0,1.0,1.0,1.0,1.0,1,0.48132201181042295,34
2224,2,3315,3315,0,0,0,0,1.0,1.0,1.0,1.0,1.0,1,0.4800551453929127,32
2225,3,3318,3318,0,0,0,0,1.0,1.0,1.0,1.0,1.0,1,0.5440676991030486,33
2226,3,3321,3321,0,0,0,0,1.0,1.0,1.0,1.0,1.0,1,0.5643029919215883,32
2227,0,3321,3321,0,0,0,0,1.0,1.0,1.0,1.0,1.0,1,0.5746891883867206,31
2228,1,3322,3322,0,0,0,0,1.0,1.0,1.0,1.0,1.0,1,0.5874885719509052,32
2229,1,3323,3323,0,0,0,0,1.0,1.0,1.0,1.0,1.0,1,0.5532744461363442,32
2230,2,3325,3325,0,0,0,0,1.0,1.0,1.0,1.0,1.0,1,0.5526150797490166,31
2231,1,3326,3326,0,0,0,0,1.0,1.0,1.0,1.0,1.0,1,0.5430610215651366,32
2232,2,3328,3328,0,0,0,0,0.9939373827991914,0.9823632954158297,0.9939373827991914,0.9823632954158297,1.0,1,0.5138105389475777,32
2233,0,3328,3328,0,0,0,0,0.9937418145023912,0.9823632954158297,0.9937418145023912,0.9823632954158297,1.0,1,0.5231337116105048,31
2234,2,3330,3330,0,0,0,0,1.0,1.0,1.0,1.0,1.0,1,0.5287939205030429,32
2235,1,3331,3331,0,0,0,0,1.0,1.0,1.0,1.0,1.0,1,0.558797344930503,31
2236,2,3333,3333,0,0,0,0,1.0,1.0,1.0,1.0,1.0,1,0.5465630675933663,31
2237,3,3336,3336,0,0,0,0,1.0,1.0,1.0,1.0,1.0,1,0.5923522476834575,31
2238,1,3337,3337,0,0,0,0,1.0,1.0,1.0,1.0,1.0,1,0.6075032340517872,31
2239,1,3338,3338,0,0,0,0,1.0,1.0,1.0,1.0,1.0,1,0.596720500034893,31
2240,2,3340,3340,0,0,0,0,1.0,1.0,1.0,1.0,1.0,1,0.6142671280704505,32
2241,0,3340,3340,0,0,0,0,1.0,1.0,1.0,1.0,1.0,1,0.6142671280704505,32
2242,2,3342,3342,0,0,0,0,0.979104149753657,0.9354128265113035,0.979104149753657,0.9354128265113035,1.0,1,0.6015042581596783,34
2243,1,3343,3343,0,0,0,0,0.979104149753657,0.9354128265113035,0.979104149753657,0.9354128265113035,1.0,1,0.6223196288169315,34
2244,0,3343,3343,0,0,0,0,0.9802650303228982,0.9354128265113035,0.9802650303228982,0.9354128265113035,1.0,1,0.5991338544601349,36
2245,0,3343,3343,0,0,0,0,0.9802650303228982,0.9354128265113035,0.9802650303228982,0.9354128265113035,1.0,1,0.5991338544601349,36
2246,0,3343,3343,0,0,0,0,0.9401946798811915,0.8636709151303957,0.9401946798811915,0.8636709151303957,1.0,1,0.5906440604408776,39
2247,0,3343,3343,0,0,0,0,0.9416898128841618,0.8636709151303957,0.9416898128841618,0.8636709151303957,1.0,1,0.5716729291979814,40
2248,0,3343,3343,0,0,0,0,0.9416898128841618,0.8636709151303957,0.9416898128841618,0.8636709151303957,1.0,1,0.5716729291979814,40
2249,1,3344,3344,0,0,0,0,0.9238159509086933,0.8636709151303957,0.9238159509086933,0.8636709151303957,1.0,1,0.5652297016389907,41
2250,0,3344,3344,0,0,0,0,0.9238159509086933,0.8636709151303957,0.9238159509086933,0.8636709151303957,1.0,1,0.5652297016389907,41
2251,2,3346,3346,0,0,0,0,0.8958667637531067,0.7451366277490624,0.8958667637531067,0.7451366277490624,1.0,1,0.565615749513081,42
2252,0,3346,3346,0,0,0,0,0.9133141023323846,0.7885682235757046,0.9133141023323846,0.7885682235757046,1.0,1,0.565615749513081,41
2253,2,3348,3348,0,0,0,0,0.9310499139089032,0.7925960610499826,0.9310499139089032,0.7925960610499826,1.0,1,0.5655341430782412,40
2254,1,3349,3349,0,0,0,0,0.9258514901273822,0.7823046424816577,0.9258514901273822,0.7823046424816577,1.0,1,0.5692804565278554,39
2255,2,3351,3351,0,0,0,0,0.8989386989749621,0.7184720900016801,0.8989386989749621,0.7184720900016801,1.0,1,0.5678620606988967,39
2256,2,3353,3353,0,0,0,0,0.8798402558464291,0.6795740155904778,0.8798402558464291,0.6795740155904778,1.0,1,0.5608170750370844,40
2257,4,3357,3357,0,0,0,0,0.8572201003678316,0.6430502509195791,0.8572201003678316,0.6430502509195791,1.0,1,0.569631673899626,40
2258,3,3360,3360,0,0,0,0,0.8850811282956604,0.7012109335687174,0.8850811282956604,0.7012109335687174,1.0,1,0.5508891470626407,39
2259,2,3362,3362,0,0,0,0,0.866761799564208,0.6585771113832829,0.866761799564208,0.6585771113832829,1.0,1,0.5395392694406931,41
2260,2,3364,3364,0,0,0,0,0.8970243098901832,0.7204945554162114,0.8970243098901832,0.7204945554162114,1.0,1,0.549811991602071,38
2261,3,3367,3367,0,0,0,0,0.9416793816780301,0.8153180419804288,0.9416793816780301,0.8153180419804288,1.0,1,0.5389142026855611,38
2262,2,3369,3369,0,0,0,0,0.9890494123121457,0.9605778843237243,0.9890494123121457,0.9605778843237243,1.0,1,0.5528200513046938,36
2263,1,3370,3370,0,0,0,0,1.0,1.0,1.0,1.0,1.0,1,0.5381564902863022,35
2264,3,3373,3373,0,0,0,0,1.0,1.0,1.0,1.0,1.0,1,0.5704541085347277,33
2265,3,3376,3376,0,0,0,0,1.0,1.0,1.0,1.0,1.0,1,0.596964208602009,33
2266,2,3378,3378,0,0,0,0,1.0,1.0,1.0,1.0,1.0,1,0.549019853843039,33
2267,4,3382,3382,0,0,0,0,0.9955002172429785,0.9865006517289353,0.9955002172429785,0.9865006517289353,1.0,1,0.5279634277259162,33
2268,2,3384,3384,0,0,0,0,1.0,1.0,1.0,1.0,1.0,1,0.49326208200846006,35
2269,2,3386,3386,0,0,0,0,0.9865638393518109,0.956027110605926,0.9865638393518109,0.956027110605926,1.0,1,0.4770148713720361,36
2270,2,3388,3388,0,0,0,0,1.0,1.0,1.0,1.0,1.0,1,0.4724184646676593,34
2271,3,3391,3391,0,0,0,0,1.0,1.0,1.0,1.0,1.0,1,0.5074552935968574,34
2272,4,3395,3395,0,0,0,0,1.0,1.0,1.0,1.0,1.0,1,0.5257835125332194,33
2273,2,3397,3397,0,0,0,0,1.0,1.0,1.0,1.0,1.0,1,0.5477315799530419,32
2274,0,3397,3397,0,0,0,0,1.0,1.0,1.0,1.0,1.0,1,0.5477315799530419,32
2275,0,3397,3397,0,0,0,0,1.0,1.0,1.0,1.0,1.0,1,0.5558002851442253,32
2276,0,3397,3397,0,0,0,0,1.0,1.0,1.0,1.0,1.0,1,0.5674986687335362,31
2277,0,3397,3397,0,0,0,0,1.0,1.0,1.0,1.0,1.0,1,0.5847201061779479,30
2278,2,3399,3399,0,0,0,0,1.0,1.0,1.0,1.0,1.0,1,0.5754006553869592,33
2279,0,3399,3399,0,0,0,0,1.0,1.0,1.0,1.0,1.0,1,0.5754006553869592,33
2280,1,3400,3400,0,0,0,0,0.9929636197979043,0.9753726692926649,0.9929636197979043,0.9753726692926649,1.0,1,0.5704514674410311,35
2281,0,3400,3400,0,0,0,0,0.993159074803518,0.9753726692926649,0.993159074803518,0.9753726692926649,1.0,1,0.572591885873924,36
2282,1,3401,3401,0,0,0,0,0.9723723562284667,0.9095822567477099,0.9723723562284667,0.9095822567477099,1.0,1,0.5754661086580765,36
2283,0,3401,3401,0,0,0,0,0.972372356228467,0.9095822567477099,0.972372356228467,0.9095822567477099,1.0,1,0.5754661086580765,36
2284,2,3403,3403,0,0,0,0,0.9737503017331611,0.9140918965812546,0.9737503017331611,0.9140918965812546,1.0,1,0.5674844664612857,36
2285,0,3403,3403,0,0,0,0,0.9744597530376703,0.9140918965812546,0.9744597530376703,0.9140918965812546,1.0,1,0.5630774673772204,37
2286,1,3404,3404,0,0,0,0,1.0,1.0,1.0,1.0,1.0,1,0.5300785401587707,38
2287,1,3405,3405,0,0,0,0,1.0,1.0,1.0,1.0,1.0,1,0.5280348480352353,38
2288,3,3408,3408,0,0,0,0,0.9842714618481899,0.9428053158115999,0.9842714618481899,0.9428053158115999,1.0,1,0.5121187904605138,40
2289,1,3409,3409,0,0,0,0,0.9541715177345784,0.8472383924485949,0.9541715177345784,0.8472383924485949,1.0,1,0.5143992391460239,40
2290,2,3411,3411,0,0,0,0,0.9077030993074584,0.7428872052136343,0.9077030993074584,0.7428872052136343,1.0,1,0.5246767580202913,39
2291,1,3412,3412,0,0,0,0,0.9279829547332925,0.7950284096255246,0.9279829547332925,0.7950284096255246,1.0,1,0.5436343790813657,37
2292,0,3412,3412,0,0,0,0,0.9502859709149055,0.8550007485018077,0.9502859709149055,0.8550007485018077,1.0,1,0.5541928890400011,35
2293,2,3414,3414,0,0,0,0,0.8972332051674583,0.7430830129186459,0.8972332051674583,0.7430830129186459,1.0,1,0.5804474708403524,35
2294,1,3415,3415,0,0,0,0,0.8970882961054667,0.7427207402636667,0.8970882961054667,0.7427207402636667,1.0,1,0.6076163665851358,35
2295,0,3415,3415,0,0,0,0,0.8999469545469814,0.7427207402636667,0.8999469545469814,0.7427207402636667,1.0,1,0.6038430312765921,36
2296,0,3415,3415,0,0,0,0,0.9590037644443906,0.8838439992591071,0.9590037644443906,0.8838439992591071,1.0,1,0.6038430312765921,34
2297,0,3415,3415,0,0,0,0,0.9601750854602652,0.8838439992591071,0.9601750854602652,0.8838439992591071,1.0,1,0.5980372611571757,35
2298,3,3418,3418,0,0,0,0,0.9840251497155609,0.9506231900299157,0.9840251497155609,0.9506231900299157,1.0,1,0.5989336642467441,34
2299,4,3422,3422,0,0,0,0,0.9844815740094021,0.9506231900299157,0.9844815740094021,0.9506231900299157,1.0,1,0.5633993219238881,35
2300,1,3423,3423,0,0,0,0,0.975086833323619,0.9506231900299157,0.975086833323619,0.9506231900299157,1.0,1,0.567971290775585,35
2301,0,3423,3423,0,0,0,0,0.975086833323619,0.9506231900299157,0.975086833323619,0.9506231900299157,1.0,1,0.567971290775585,35
2302,2,3425,3425,0,0,0,0,0.898426634481186,0.8262027238395753,0.898426634481186,0.8262027238395753,1.0,1,0.5811173653568369,37
2303,0,3425,3425,0,0,0,0,0.9571757161682685,0.8750958388241167,0.9571757161682685,0.8750958388241167,1.0,1,0.5804390578922711,35
2304,2,3427,3427,0,0,0,0,0.9092519314619852,0.7917659993612179,0.9092519314619852,0.7917659993612179,1.0,1,0.6101401998431335,36
2305,0,3427,3427,0,0,0,0,0.9203811174028186,0.7917659993612179,0.9203811174028186,0.7917659993612179,1.0,1,0.6077068253951544,34
2306,0,3427,3427,0,0,0,0,0.9226559426198808,0.7917659993612179,0.9226559426198808,0.7917659993612179,1.0,1,0.6072490462140706,35
2307,2,3429,3429,0,0,0,0,0.8909835987996506,0.7274589969991263,0.8909835987996506,0.7274589969991263,1.0,1,0.6165979274523027,35
2308,0,3429,3429,0,0,0,0,0.8909835987996506,0.7274589969991263,0.8909835987996506,0.7274589969991263,1.0,1,0.6165979274523027,35
2309,0,3429,3429,0,0,0,0,0.8877772340584639,0.7274589969991263,0.8877772340584639,0.7274589969991263,1.0,1,0.620867449624644,34
2310,0,3429,3429,0,0,0,0,0.894011832166327,0.7274589969991263,0.894011832166327,0.7274589969991263,1.0,1,0.6132242363846827,36
2311,3,3432,3432,0,0,0,0,0.8771757899354548,0.6888453345031517,0.8771757899354548,0.6888453345031517,1.0,1,0.5475216884040089,38
2312,2,3434,3434,0,0,0,0,0.8803251286550583,0.6888453345031517,0.8803251286550583,0.6888453345031517,1.0,1,0.5705000685703374,39
2313,2,3436,3436,0,0,0,0,0.8803251286550583,0.6888453345031517,0.8803251286550583,0.6888453345031517,1.0,1,0.5513909316334091,39
2314,2,3438,3438,0,0,0,0,0.9304175211287986,0.8016789466648273,0.9304175211287986,0.8016789466648273,1.0,1,0.5577258157082415,39
2315,3,3441,3441,0,0,0,0,0.9102175508694502,0.801981245397649,0.9102175508694502,0.801981245397649,1.0,1,0.5634151445554341,40
2316,0,3441,3441,0,0,0,0,0.9102175508694502,0.801981245397649,0.9102175508694502,0.801981245397649,1.0,1,0.5634151445554341,40
2317,1,3442,3442,0,0,0,0,0.8846032339655265,0.7346990534270008,0.8846032339655265,0.7346990534270008,1.0,1,0.5755687604632079,41
2318,1,3443,3443,0,0,0,0,0.8638584542354415,0.6956833852696355,0.8638584542354415,0.6956833852696355,1.0,1,0.5835212594592505,41
2319,1,3444,3444,0,0,0,0,0.8638584542354417,0.6956833852696355,0.8638584542354417,0.6956833852696355,1.0,1,0.5757552648833435,41
2320,1,3445,3445,0,0,0,0,0.8194841211137245,0.6138463083628147,0.8194841211137245,0.6138463083628147,1.0,1,0.5830860190816959,42
2321,0,3445,3445,0,0,0,0,0.8236821648087541,0.6138463083628147,0.8236821648087541,0.6138463083628147,1.0,1,0.5705129778222285,43
2322,1,3446,3446,0,0,0,0,0.8194841211137245,0.6138463083628147,0.8194841211137245,0.6138463083628147,1.0,1,0.5986566876052072,42
2323,1,3447,3447,0,0,0,0,0.7990487006865475,0.6605843649678602,0.7990487006865475,0.6605843649678602,1.0,1,0.5986566876052072,43
2324,0,3447,3447,0,0,0,0,0.7790796983619624,0.6170448492876802,0.7790796983619624,0.6170448492876802,1.0,1,0.5986566876052072,44
2325,1,3448,3448,0,0,0,0,0.7790796983619624,0.6170448492876802,0.7790796983619624,0.6170448492876802,1.0,1,0.6155106019779176,44
2326,0,3448,3448,0,0,0,0,0.7839890383983632,0.6170448492876802,0.7839890383983632,0.6170448492876802,1.0,1,0.6042956777001174,45
2327,1,3449,3449,0,0,0,0,0.7851354001337465,0.6662283938147073,0.7851354001337465,0.6662283938147073,1.0,1,0.6042956777001174,45
2328,0,3449,3449,0,0,0,0,0.7710290993049389,0.6350529331202305,0.7710290993049389,0.6350529331202305,1.0,1,0.6042956777001174,46
2329,1,3450,3450,0,0,0,0,0.8046447809263891,0.6500464002593231,0.8046447809263891,0.6500464002593231,1.0,1,0.591743435941329,45
2330,0,3450,3450,0,0,0,0,0.7887651077910982,0.6008525580239967,0.7887651077910982,0.6008525580239967,1.0,1,0.5737113612876508,47
2331,3,3453,3453,0,0,0,0,0.7543648377391144,0.5748766742702988,0.7543648377391144,0.5748766742702988,1.0,1,0.567859570305006,48
2332,0,3453,3453,0,0,0,0,0.7543648377391144,0.5748766742702988,0.7543648377391144,0.5748766742702988,1.0,1,0.567859570305006,48
2333,2,3455,3455,0,0,0,0,0.7005799163567415,0.5748766742702988,0.7005799163567415,0.5748766742702988,1.0,1,0.5729414504906176,49
2334,1,3456,3456,0,0,0,0,0.7281727644871155,0.5501549444272769,0.7281727644871155,0.5501549444272769,1.0,1,0.5729414504906176,47
2335,2,3458,3458,0,0,0,0,0.6971958024414839,0.5501549444272769,0.6971958024414839,0.5501549444272769,1.0,1,0.5918373620559072,46
2336,1,3459,3459,0,0,0,0,0.6951533523056964,0.531640599768102,0.6951533523056964,0.531640599768102,1.0,1,0.5918373620559072,46
2337,3,3462,3462,0,0,0,0,0.7085808652078595,0.531640599768102,0.7085808652078595,0.531640599768102,1.0,1,0.5869188434443536,45
2338,5,3467,3467,0,0,0,0,0.7451198637257105,0.594110993324376,0.7451198637257105,0.594110993324376,1.0,1,0.567918786739489,44
2339,1,3468,3468,0,0,0,0,0.75223099692494,0.594110993324376,0.75223099692494,0.594110993324376,1.0,1,0.5659665224630567,45
2340,2,3470,3470,0,0,0,0,0.7925580248885072,0.6285882586145863,0.7925580248885072,0.6285882586145863,1.0,1,0.5618266546946149,44
2341,0,3470,3470,0,0,0,0,0.7712677146259261,0.581876835347396,0.7712677146259261,0.581876835347396,1.0,1,0.5618266546946149,45
2342,1,3471,3471,0,0,0,0,0.7810010033652484,0.581876835347396,0.7810010033652484,0.581876835347396,1.0,1,0.5494019223382597,47
2343,1,3472,3472,0,0,0,0,0.776240155612319,0.581876835347396,0.776240155612319,0.581876835347396,1.0,1,0.5709657911575484,46
2344,0,3472,3472,0,0,0,0,0.7522675871962845,0.543842669653786,0.7522675871962845,0.543842669653786,1.0,1,0.5849535191759027,46
2345,0,3472,3472,0,0,0,0,0.7467624224673131,0.543842669653786,0.7467624224673131,0.543842669653786,1.0,1,0.6010026745181541,45
2346,0,3472,3472,0,0,0,0,0.7522675871962845,0.543842669653786,0.7522675871962845,0.543842669653786,1.0,1,0.587019862972303,46
2347,0,3472,3472,0,0,0,0,0.7344667932013309,0.543842669653786,0.7344667932013309,0.543842669653786,1.0,1,0.587019862972303,47
2348,1,3473,3473,0,0,0,0,0.7028008575937118,0.5086399695880822,0.7028008575937118,0.5086399695880822,1.0,1,0.5970912381971194,49
2349,2,3475,3475,0,0,0,0,0.6832799166650332,0.5286732389862075,0.6832799166650332,0.5286732389862075,1.0,1,0.6167809038893309,49
2350,0,3475,3475,0,0,0,0,0.6896143183317325,0.5286732389862075,0.6896143183317325,0.5286732389862075,1.0,1,0.5951969168905407,50
2351,4,3479,3479,0,0,0,0,0.6933724827258955,0.5918656817149744,0.6933724827258955,0.5918656817149744,1.0,1,0.5895657989495475,50
2352,0,3479,3479,0,0,0,0,0.6821113624915455,0.5825212993007185,0.6821113624915455,0.5825212993007185,1.0,1,0.5895657989495475,51
2353,1,3480,3480,0,0,0,0,0.680280679427114,0.5825212993007185,0.680280679427114,0.5825212993007185,1.0,1,0.5895657989495475,51
2354,1,3481,3481,0,0,0,0,0.6799683178978898,0.5825212993007185,0.6799683178978898,0.5825212993007185,1.0,1,0.5982789570710584,51
2355,2,3483,3483,0,0,0,0,0.6893336581146174,0.5825212993007185,0.6893336581146174,0.5825212993007185,1.0,1,0.5982789570710584,50
2356,0,3483,3483,0,0,0,0,0.6893336581146174,0.5825212993007185,0.6893336581146174,0.5825212993007185,1.0,1,0.5982789570710584,50
2357,1,3484,3484,0,0,0,0,0.7042044685567472,0.5825212993007185,0.7042044685567472,0.5825212993007185,1.0,1,0.5982789570710584,49
2358,1,3485,3485,0,0,0,0,0.6962911262158242,0.5860711009311098,0.6962911262158242,0.5860711009311098,1.0,1,0.589429580732414,51
2359,0,3485,3485,0,0,0,0,0.7141267157735033,0.5860711009311098,0.7141267157735033,0.5860711009311098,1.0,1,0.5724556184657816,51
2360,0,3485,3485,0,0,0,0,0.7141267157735033,0.5860711009311098,0.7141267157735033,0.5860711009311098,1.0,1,0.5724556184657816,51
2361,0,3485,3485,0,0,0,0,0.7196242789317051,0.5860711009311098,0.7196242789317051,0.5860711009311098,1.0,1,0.5616091225541299,52
2362,1,3486,3486,0,0,0,0,0.7252779539049684,0.5653372003182336,0.7252779539049684,0.5653372003182336,1.0,1,0.5501234201076727,53
2363,4,3490,3490,0,0,0,0,0.716699383776386,0.5317276794585337,0.716699383776386,0.5317276794585337,1.0,1,0.5501234201076727,54
2364,3,3493,3493,0,0,0,0,0.6904673451940359,0.5025690427093359,0.6904673451940359,0.5025690427093359,1.0,1,0.5426410986264848,55
2365,5,3498,3498,0,0,0,0,0.6900555427527029,0.45850050248667235,0.6900555427527029,0.45850050248667235,1.0,1,0.5676107170173695,53
2366,5,3503,3503,0,0,0,0,0.6800864320237414,0.434073134447156,0.6800864320237414,0.434073134447156,1.0,1,0.5731641010289045,53
2367,4,3507,3507,0,0,0,0,0.6693793808207902,0.3854456829424258,0.6693793808207902,0.3854456829424258,1.0,1,0.5965418687408095,51
2368,2,3509,3509,0,0,0,0,0.6628681350031761,0.38594725362136373,0.6628681350031761,0.38594725362136373,1.0,1,0.5999748848890696,50
2369,2,3511,3511,0,0,0,0,0.672978996905163,0.38594725362136373,0.672978996905163,0.38594725362136373,1.0,1,0.6347733317601314,47
2370,0,3511,3511,0,0,0,0,0.6620587557040193,0.3765502571465216,0.6620587557040193,0.3765502571465216,1.0,1,0.6347733317601314,48
2371,0,3511,3511,0,0,0,0,0.6691899323634605,0.3765502571465216,0.6691899323634605,0.3765502571465216,1.0,1,0.5998507015277714,49
2372,0,3511,3511,0,0,0,0,0.662298055954366,0.3765502571465216,0.662298055954366,0.3765502571465216,1.0,1,0.5982091109366799,48
2373,2,3513,3513,0,0,0,0,0.6643409065073012,0.3765502571465216,0.6643409065073012,0.3765502571465216,1.0,1,0.5979816443409386,49
2374,1,3514,3514,0,0,0,0,0.636686276669342,0.3765502571465216,0.636686276669342,0.3765502571465216,1.0,1,0.6012783228290339,50
2375,1,3515,3515,0,0,0,0,0.6559341984801885,0.3765502571465216,0.6559341984801885,0.3765502571465216,1.0,1,0.5970489006983829,50
2376,1,3516,3516,0,0,0,0,0.6879455099547337,0.39363462660627613,0.6879455099547337,0.39363462660627613,1.0,1,0.5805705315023216,50
2377,0,3516,3516,0,0,0,0,0.6906299115338143,0.39363462660627613,0.6906299115338143,0.39363462660627613,1.0,1,0.579926222986114,49
2378,1,3517,3517,0,0,0,0,0.7118969114078489,0.41178952745769165,0.7118969114078489,0.41178952745769165,1.0,1,0.561295587519093,49
2379,2,3519,3519,0,0,0,0,0.7392390745551103,0.4331284229458918,0.7392390745551103,0.4331284229458918,1.0,1,0.5489299948760923,50
2380,3,3522,3522,0,0,0,0,0.7580219103720576,0.4695155349095274,0.7580219103720576,0.4695155349095274,1.0,1,0.5411525996703433,50
2381,2,3524,3524,0,0,0,0,0.7292334127805163,0.4695155349095274,0.7292334127805163,0.4695155349095274,1.0,1,0.5372419341399649,51
2382,2,3526,3526,0,0,0,0,0.7463741235287478,0.48670012406299357,0.7463741235287478,0.48670012406299357,1.0,1,0.5208020299965836,51
2383,2,3528,3528,0,0,0,0,0.7443454999131117,0.5024084952691709,0.7443454999131117,0.5024084952691709,1.0,1,0.5114904170619783,52
2384,2,3530,3530,0,0,0,0,0.7469211565265785,0.47215310578538183,0.7469211565265785,0.47215310578538183,1.0,1,0.48808110887484407,52
2385,3,3533,3533,0,0,0,0,0.7798856046697814,0.5209626563602445,0.7798856046697814,0.5209626563602445,1.0,1,0.5024838514218631,51
2386,1,3534,3534,0,0,0,0,0.7449286674298794,0.49183624631322687,0.7449286674298794,0.49183624631322687,1.0,1,0.5254835144242979,52
2387,1,3535,3535,0,0,0,0,0.7309158275512015,0.46787501340536364,0.7309158275512015,0.46787501340536364,1.0,1,0.547068655098086,49
2388,1,3536,3536,0,0,0,0,0.7253099072918516,0.46787501340536364,0.7253099072918516,0.46787501340536364,1.0,1,0.5628231887027004,48
2389,3,3539,3539,0,0,0,0,0.7252778263402755,0.4662096022861191,0.7252778263402755,0.4662096022861191,1.0,1,0.5633370969662654,48
2390,1,3540,3540,0,0,0,0,0.7308844013129228,0.4662096022861191,0.7308844013129228,0.4662096022861191,1.0,1,0.5602334816851848,49
2391,2,3542,3542,0,0,0,0,0.7255819936690252,0.4307027730823889,0.7255819936690252,0.4307027730823889,1.0,1,0.5629257171228494,48
2392,5,3547,3547,0,0,0,0,0.707287185715454,0.4150160217578885,0.707287185715454,0.4150160217578885,1.0,1,0.5671905447400315,49
2393,2,3549,3549,0,0,0,0,0.7333117042494288,0.4342673460384375,0.7333117042494288,0.4342673460384375,1.0,1,0.5419409229103973,50
2394,2,3551,3551,0,0,0,0,0.7107759892398523,0.41997564727087683,0.7107759892398523,0.41997564727087683,1.0,1,0.5526219361890152,50
2395,1,3552,3552,0,0,0,0,0.7048734584080127,0.41997564727087683,0.7048734584080127,0.41997564727087683,1.0,1,0.5739954565452522,49
2396,1,3553,3553,0,0,0,0,0.730922117403966,0.41997564727087683,0.730922117403966,0.41997564727087683,1.0,1,0.5528306709618318,50
2397,2,3555,3555,0,0,0,0,0.7017497066134065,0.39156940149134944,0.7017497066134065,0.39156940149134944,1.0,1,0.5632668373881352,51
2398,3,3558,3558,0,0,0,0,0.6883238545556081,0.3891147549289917,0.6883238545556081,0.3891147549289917,1.0,1,0.5846048961900793,49
2399,0,3558,3558,0,0,0,0,0.6945573774644959,0.3891147549289917,0.6945573774644959,0.3891147549289917,1.0,1,0.5808419750151345,50
2400,0,3558,3558,0,0,0,0,0.681758865900877,0.375757775420951,0.681758865900877,0.375757775420951,1.0,1,0.5808419750151345,51
2401,1,3559,3559,0,0,0,0,0.6614608422137381,0.375757775420951,0.6614608422137381,0.375757775420951,1.0,1,0.5941841035663908,50
2402,0,3559,3559,0,0,0,0,0.6680988649154296,0.375757775420951,0.6680988649154296,0.375757775420951,1.0,1,0.5896495818415239,51
2403,1,3560,3560,0,0,0,0,0.6727143713063918,0.39221217126502633,0.6727143713063918,0.39221217126502633,1.0,1,0.5771516454198399,52
2404,1,3561,3561,0,0,0,0,0.6750204800423962,0.3744367217688173,0.6750204800423962,0.3744367217688173,1.0,1,0.5740667177223413,53
2405,0,3561,3561,0,0,0,0,0.6687708738893654,0.3744367217688173,0.6687708738893654,0.3744367217688173,1.0,1,0.5773644313765917,52
2406,3,3564,3564,0,0,0,0,0.6875447800321935,0.3862413378943911,0.6875447800321935,0.3862413378943911,1.0,1,0.5741281018472384,52
2407,0,3564,3564,0,0,0,0,0.6991379107325446,0.3862413378943911,0.6991379107325446,0.3862413378943911,1.0,1,0.5685222495773605,51
2408,4,3568,3568,0,0,0,0,0.7150022564868095,0.4062547010141865,0.7150022564868095,0.4062547010141865,1.0,1,0.5553594976668514,50
2409,0,3568,3568,0,0,0,0,0.7150022564868095,0.4062547010141865,0.7150022564868095,0.4062547010141865,1.0,1,0.5416243149398404,50
2410,4,3572,3572,0,0,0,0,0.7274610084658447,0.4275745538817565,0.7274610084658447,0.4275745538817565,1.0,1,0.5527801626544743,49
2411,0,3572,3572,0,0,0,0,0.7217831128088831,0.4275745538817565,0.7217831128088831,0.4275745538817565,1.0,1,0.5704600522022952,48
2412,1,3573,3573,0,0,0,0,0.7198769093463916,0.4275745538817565,0.7198769093463916,0.4275745538817565,1.0,1,0.5571680207721351,47
2413,0,3573,3573,0,0,0,0,0.7198769093463916,0.4275745538817565,0.7198769093463916,0.4275745538817565,1.0,1,0.5507008249104688,47
2414,2,3575,3575,0,0,0,0,0.6970767864770182,0.4067753735174937,0.6970767864770182,0.4067753735174937,1.0,1,0.5176088847130323,47
2415,1,3576,3576,0,0,0,0,0.6904914992265185,0.4067753735174937,0.6904914992265185,0.4067753735174937,1.0,1,0.5326701588890702,46
2416,0,3576,3576,0,0,0,0,0.6970767864770182,0.4067753735174937,0.6970767864770182,0.4067753735174937,1.0,1,0.5375934357479909,47
2417,2,3578,3578,0,0,0,0,0.6692128461500335,0.3913516369160616,0.6692128461500335,0.3913516369160616,1.0,1,0.5387241190190616,46
2418,2,3580,3580,0,0,0,0,0.7055828716080885,0.4111657432161769,0.7055828716080885,0.4111657432161769,1.0,1,0.4928047008222215,48
2419,2,3582,3582,0,0,0,0,0.6993186773869838,0.4111657432161769,0.6993186773869838,0.4111657432161769,1.0,1,0.5190488507614623,47
2420,3,3585,3585,0,0,0,0,0.7511691962286919,0.44578593705481406,0.7511691962286919,0.44578593705481406,1.0,1,0.5050506780029831,49
2421,3,3588,3588,0,0,0,0,0.7959612602699951,0.4899031506749878,0.7959612602699951,0.4899031506749878,1.0,1,0.4755916068554949,50
2422,2,3590,3590,0,0,0,0,0.7938895851372229,0.4899031506749878,0.7938895851372229,0.4899031506749878,1.0,1,0.4993420146958579,50
2423,3,3593,3593,0,0,0,0,0.8027038940782014,0.49689492989941375,0.8027038940782014,0.49689492989941375,1.0,1,0.4687112679519774,51
2424,2,3595,3595,0,0,0,0,0.7801974917456761,0.49689492989941375,0.7801974917456761,0.49689492989941375,1.0,1,0.513973681287459,50
2425,2,3597,3597,0,0,0,0,0.8132800959487597,0.5282865581863402,0.8132800959487597,0.5282865581863402,1.0,1,0.5106989121460469,48
2426,3,3600,3600,0,0,0,0,0.7939210682325714,0.5105040606293859,0.7939210682325714,0.5105040606293859,1.0,1,0.5087812107085141,51
2427,4,3604,3604,0,0,0,0,0.8448862970806039,0.5691286030016774,0.8448862970806039,0.5691286030016774,1.0,1,0.5003908721220105,50
2428,2,3606,3606,0,0,0,0,0.8620372466174657,0.6023426520150483,0.8620372466174657,0.6023426520150483,1.0,1,0.5007743329457301,49
2429,1,3607,3607,0,0,0,0,0.8306412791693022,0.5614624170119183,0.8306412791693022,0.5614624170119183,1.0,1,0.5114355159466206,49
2430,1,3608,3608,0,0,0,0,0.8366855231114043,0.5819079347084307,0.8366855231114043,0.5819079347084307,1.0,1,0.54471958887969,46
2431,1,3609,3609,0,0,0,0,0.8342903183452358,0.5851744207326076,0.8342903183452358,0.5851744207326076,1.0,1,0.547824686637332,45
2432,1,3610,3610,0,0,0,0,0.8285515797160692,0.6216861884243439,0.8285515797160692,0.6216861884243439,1.0,1,0.5713713352087422,44
2433,1,3611,3611,0,0,0,0,0.8561712401538194,0.6678943542802888,0.8561712401538194,0.6678943542802888,1.0,1,0.5488380783370407,45
2434,0,3611,3611,0,0,0,0,0.8529024047027698,0.6678943542802888,0.8529024047027698,0.6678943542802888,1.0,1,0.5635261848333633,44
2435,0,3611,3611,0,0,0,0,0.8529024047027698,0.6678943542802888,0.8529024047027698,0.6678943542802888,1.0,1,0.5635261848333633,44
2436,2,3613,3613,0,0,0,0,0.8774302106956123,0.7212599127063858,0.8774302106956123,0.7212599127063858,1.0,1,0.5525513989251919,44
2437,1,3614,3614,0,0,0,0,0.8583503786859865,0.6744317698767902,0.8583503786859865,0.6744317698767902,1.0,1,0.5488242696428604,45
2438,0,3614,3614,0,0,0,0,0.8583503786859865,0.6744317698767902,0.8583503786859865,0.6744317698767902,1.0,1,0.5488242696428604,45
2439,1,3615,3615,0,0,0,0,0.8379434233819102,0.6302486713446441,0.8379434233819102,0.6302486713446441,1.0,1,0.5463187599277965,46
2440,2,3617,3617,0,0,0,0,0.7924522524709744,0.6302486713446441,0.7924522524709744,0.6302486713446441,1.0,1,0.5573869196615899,45
2441,1,3618,3618,0,0,0,0,0.7924522524709744,0.6302486713446441,0.7924522524709744,0.6302486713446441,1.0,1,0.5515003691894516,45
2442,2,3620,3620,0,0,0,0,0.7581296487447345,0.6302486713446441,0.7581296487447345,0.6302486713446441,1.0,1,0.5623368112636253,46
2443,0,3620,3620,0,0,0,0,0.7742546830985849,0.5955022248852633,0.7742546830985849,0.5955022248852633,1.0,1,0.5623368112636253,45
2444,6,3626,3626,0,0,0,0,0.6916257430657733,0.5692135466290192,0.6916257430657733,0.5692135466290192,1.0,1,0.5989780655556195,46
2445,1,3627,3627,0,0,0,0,0.6926100876430414,0.5692135466290192,0.6926100876430414,0.5692135466290192,1.0,1,0.6143220156061637,44
2446,4,3631,3631,0,0,0,0,0.7437611070021061,0.5405511807197654,0.7437611070021061,0.5405511807197654,1.0,1,0.6053726429518087,44
2447,1,3632,3632,0,0,0,0,0.7794383529330042,0.5405511807197654,0.7794383529330042,0.5405511807197654,1.0,1,0.6154334439462477,42
2448,4,3636,3636,0,0,0,0,0.7374196157466266,0.5026421971008187,0.7374196157466266,0.5026421971008187,1.0,1,0.6531389469592113,41
2449,1,3637,3637,0,0,0,0,0.7119806457694657,0.5026421971008187,0.7119806457694657,0.5026421971008187,1.0,1,0.678776901155119,40
2450,2,3639,3639,0,0,0,0,0.684717162898819,0.4862625371460183,0.684717162898819,0.4862625371460183,1.0,1,0.679366852341379,42
2451,0,3639,3639,0,0,0,0,0.6920493219011721,0.4862625371460183,0.6920493219011721,0.4862625371460183,1.0,1,0.6608111825629153,43
2452,0,3639,3639,0,0,0,0,0.6920493219011721,0.4862625371460183,0.6920493219011721,0.4862625371460183,1.0,1,0.6608111825629153,43
2453,0,3639,3639,0,0,0,0,0.6808409847918812,0.45989127352594156,0.6808409847918812,0.45989127352594156,1.0,1,0.6546498554201933,45
2454,0,3639,3639,0,0,0,0,0.6707555557696913,0.43604858735989555,0.6707555557696913,0.43604858735989555,1.0,1,0.6393361897146282,47
2455,1,3640,3640,0,0,0,0,0.6929410388881453,0.43604858735989555,0.6929410388881453,0.43604858735989555,1.0,1,0.6216782634190483,48
2456,1,3641,3641,0,0,0,0,0.7002632344590003,0.41489570752583504,0.7002632344590003,0.41489570752583504,1.0,1,0.6155890125003276,49
2457,1,3642,3642,0,0,0,0,0.6920294448757445,0.4381095723600755,0.6920294448757445,0.4381095723600755,1.0,1,0.6193148222926064,48
2458,2,3644,3644,0,0,0,0,0.765949573615837,0.5156545471324803,0.765949573615837,0.5156545471324803,1.0,1,0.5636402039157454,49
2459,1,3645,3645,0,0,0,0,0.7666274330089606,0.5497246638180249,0.7666274330089606,0.5497246638180249,1.0,1,0.5636402039157454,49
2460,2,3647,3647,0,0,0,0,0.8072256305263465,0.5855944916151978,0.8072256305263465,0.5855944916151978,1.0,1,0.5318605571815531,50
2461,1,3648,3648,0,0,0,0,0.8100171790702619,0.6134550532252292,0.8100171790702619,0.6134550532252292,1.0,1,0.5318605571815531,50
2462,3,3651,3651,0,0,0,0,0.8384447722019672,0.6978308729313595,0.8384447722019672,0.6978308729313595,1.0,1,0.5196857275760636,51
2463,1,3652,3652,0,0,0,0,0.8413313294922383,0.6605431731136602,0.8413313294922383,0.6605431731136602,1.0,1,0.5106196467155829,51
2464,5,3657,3657,0,0,0,0,0.8066727591597371,0.5679839745660283,0.8066727591597371,0.5679839745660283,1.0,1,0.522519966978791,50
2465,2,3659,3659,0,0,0,0,0.8324835819745824,0.5679839745660283,0.8324835819745824,0.5679839745660283,1.0,1,0.4950266968532895,49
2466,2,3661,3661,0,0,0,0,0.849817729721126,0.5911704864630652,0.849817729721126,0.5911704864630652,1.0,1,0.5006879805152441,49
2467,3,3664,3664,0,0,0,0,0.8638432372814803,0.6155573758535916,0.8638432372814803,0.6155573758535916,1.0,1,0.49963070156818173,48
2468,2,3666,3666,0,0,0,0,0.8816117329771161,0.6522344656202784,0.8816117329771161,0.6522344656202784,1.0,1,0.5252723647164267,47
2469,2,3668,3668,0,0,0,0,0.8790380749983576,0.6522344656202784,0.8790380749983576,0.6522344656202784,1.0,1,0.5134148280071004,46
2470,0,3668,3668,0,0,0,0,0.8735398056801013,0.6522344656202784,0.8735398056801013,0.6522344656202784,1.0,1,0.5302518143680884,44
2471,0,3668,3668,0,0,0,0,0.8735398056801013,0.6522344656202784,0.8735398056801013,0.6522344656202784,1.0,1,0.5356162521453877,44
2472,0,3668,3668,0,0,0,0,0.849753287764234,0.6111261565662527,0.849753287764234,0.6111261565662527,1.0,1,0.5479567561723055,44
2473,3,3671,3671,0,0,0,0,0.8233881827737755,0.6111261565662527,0.8233881827737755,0.6111261565662527,1.0,1,0.5839756208374653,43
2474,3,3674,3674,0,0,0,0,0.7613386109483034,0.5729036842103747,0.7613386109483034,0.5729036842103747,1.0,1,0.6124873147298533,44
2475,1,3675,3675,0,0,0,0,0.7717151930809858,0.5729036842103747,0.7717151930809858,0.5729036842103747,1.0,1,0.5860645706182595,46
2476,1,3676,3676,0,0,0,0,0.753004801276269,0.5500835943563039,0.753004801276269,0.5500835943563039,1.0,1,0.5891104475415355,46
2477,1,3677,3677,0,0,0,0,0.7290126172471199,0.5173973913714455,0.7290126172471199,0.5173973913714455,1.0,1,0.5942193904420033,46
2478,2,3679,3679,0,0,0,0,0.7792437175079876,0.5173973913714455,0.7792437175079876,0.5173973913714455,1.0,1,0.5843948073150391,46
2479,2,3681,3681,0,0,0,0,0.7338261026706203,0.49602546319546925,0.7338261026706203,0.49602546319546925,1.0,1,0.592746139070712,46
2480,3,3684,3684,0,0,0,0,0.7623737211560326,0.49602546319546925,0.7623737211560326,0.49602546319546925,1.0,1,0.5967682483999083,47
2481,1,3685,3685,0,0,0,0,0.7634646295868781,0.49602546319546925,0.7634646295868781,0.49602546319546925,1.0,1,0.5905706634494439,47
2482,2,3687,3687,0,0,0,0,0.7642007738784469,0.4947159440252432,0.7642007738784469,0.4947159440252432,1.0,1,0.6004981212179659,45
2483,0,3687,3687,0,0,0,0,0.7452359465617416,0.4788917088762897,0.7452359465617416,0.4788917088762897,1.0,1,0.5986082475092531,45
2484,1,3688,3688,0,0,0,0,0.7690888388964904,0.4941945994875505,0.7690888388964904,0.4941945994875505,1.0,1,0.5971692966261666,46
2485,1,3689,3689,0,0,0,0,0.7812622539390554,0.5190530870673605,0.7812622539390554,0.5190530870673605,1.0,1,0.6053907818715817,44
2486,3,3692,3692,0,0,0,0,0.8012578682773286,0.550215175575007,0.8012578682773286,0.550215175575007,1.0,1,0.6008535411761002,43
2487,0,3692,3692,0,0,0,0,0.8057747349073895,0.550215175575007,0.8057747349073895,0.550215175575007,1.0,1,0.5965660226600871,44
2488,3,3695,3695,0,0,0,0,0.8144385302990118,0.586924341830997,0.8144385302990118,0.586924341830997,1.0,1,0.5826377841934417,45
2489,0,3695,3695,0,0,0,0,0.8106717496262624,0.5615556307134498,0.8106717496262624,0.5615556307134498,1.0,1,0.5803585382328327,44
2490,3,3698,3698,0,0,0,0,0.8346619957005807,0.6025077634567495,0.8346619957005807,0.6025077634567495,1.0,1,0.5714840900936392,44
2491,1,3699,3699,0,0,0,0,0.8161423759081564,0.57422444947152,0.8161423759081564,0.57422444947152,1.0,1,0.5500175393145447,44
2492,2,3701,3701,0,0,0,0,0.7893108913989221,0.5364839610776284,0.7893108913989221,0.5364839610776284,1.0,1,0.5361869613947011,44
2493,1,3702,3702,0,0,0,0,0.7792780767036327,0.5364839610776284,0.7792780767036327,0.5364839610776284,1.0,1,0.5559897409421379,42
2494,1,3703,3703,0,0,0,0,0.7792780767036325,0.5364839610776284,0.7792780767036325,0.5364839610776284,1.0,1,0.5362524424442366,42
2495,0,3703,3703,0,0,0,0,0.7792780767036325,0.5364839610776284,0.7792780767036325,0.5364839610776284,1.0,1,0.5359192998405397,42
2496,1,3704,3704,0,0,0,0,0.7792780767036325,0.5364839610776284,0.7792780767036325,0.5364839610776284,1.0,1,0.5348197022054134,42
2497,0,3704,3704,0,0,0,0,0.789310891398922,0.5364839610776284,0.789310891398922,0.5364839610776284,1.0,1,0.527910567712338,44
2498,2,3706,3706,0,0,0,0,0.809145609398983,0.5680663791661191,0.809145609398983,0.5680663791661191,1.0,1,0.5139184552228939,43
2499,1,3707,3707,0,0,0,0,0.8091456093989827,0.5680663791661191,0.8091456093989827,0.5680663791661191,1.0,1,0.5159825072453327,43
2500,3,3710,3710,0,0,0,0,0.8636594367547026,0.6471185421886416,0.8636594367547026,0.6471185421886416,1.0,1,0.4882955786102314,44
2501,1,3711,3711,0,0,0,0,0.8470021877195448,0.6090055908388368,0.8470021877195448,0.6090055908388368,1.0,1,0.48662474548899104,46
2502,3,3714,3714,0,0,0,0,0.8502574603212566,0.6090055908388368,0.8502574603212566,0.6090055908388368,1.0,1,0.49198269143102635,47
2503,3,3717,3717,0,0,0,0,0.8502574603212566,0.6090055908388368,0.8502574603212566,0.6090055908388368,1.0,1,0.4924080701116441,47
2504,1,3718,3718,0,0,0,0,0.8304362739638009,0.6090055908388368,0.8304362739638009,0.6090055908388368,1.0,1,0.5140516744343439,46
2505,5,3723,3723,0,0,0,0,0.8549656132127876,0.6523794259148499,0.8549656132127876,0.6523794259148499,1.0,1,0.5309417584944108,46
2506,2,3725,3725,0,0,0,0,0.8239871955064457,0.6238625263770541,0.8239871955064457,0.6238625263770541,1.0,1,0.566248562701964,45
2507,1,3726,3726,0,0,0,0,0.8203877423385146,0.6148638934572268,0.8203877423385146,0.6148638934572268,1.0,1,0.5702619221251074,45
2508,2,3728,3728,0,0,0,0,0.8028659715065349,0.5768658658208191,0.8028659715065349,0.5768658658208191,1.0,1,0.5753115499252448,46
2509,2,3730,3730,0,0,0,0,0.8203676601499392,0.5746278822884041,0.8203676601499392,0.5746278822884041,1.0,1,0.5735136767314309,45
2510,2,3732,3732,0,0,0,0,0.7985235940602737,0.5366042663386296,0.7985235940602737,0.5366042663386296,1.0,1,0.5816090785332598,46
2511,2,3734,3734,0,0,0,0,0.8235524989955684,0.593722214677901,0.8235524989955684,0.593722214677901,1.0,1,0.5702931201033686,47
2512,0,3734,3734,0,0,0,0,0.8162736753046345,0.593722214677901,0.8162736753046345,0.593722214677901,1.0,1,0.5740573648247637,47
2513,2,3736,3736,0,0,0,0,0.8397390387726111,0.6203943749695299,0.8397390387726111,0.6203943749695299,1.0,1,0.5529770111034141,48
2514,2,3738,3738,0,0,0,0,0.8011859751717928,0.5924684450331728,0.8011859751717928,0.5924684450331728,1.0,1,0.5599621343086009,48
2515,2,3740,3740,0,0,0,0,0.8072527842818173,0.5812102720215867,0.8072527842818173,0.5812102720215867,1.0,1,0.5576156495352687,49
2516,2,3742,3742,0,0,0,0,0.8286251670949936,0.5812102720215867,0.8286251670949936,0.5812102720215867,1.0,1,0.5549818944275294,49
2517,3,3745,3745,0,0,0,0,0.8479637226227329,0.6492013769087429,0.8479637226227329,0.6492013769087429,1.0,1,0.5451253844654579,49
2518,0,3745,3745,0,0,0,0,0.8447963001773733,0.6492013769087429,0.8447963001773733,0.6492013769087429,1.0,1,0.5520024119094714,48
2519,1,3746,3746,0,0,0,0,0.8660632031244528,0.6492013769087429,0.8660632031244528,0.6492013769087429,1.0,1,0.5360113405370248,48
2520,3,3749,3749,0,0,0,0,0.8820811274328746,0.6957316721688815,0.8820811274328746,0.6957316721688815,1.0,1,0.5447763054822768,46
2521,3,3752,3752,0,0,0,0,0.8582567408217833,0.6782627207501944,0.8582567408217833,0.6782627207501944,1.0,1,0.5386124538814056,47
2522,1,3753,3753,0,0,0,0,0.8761763819536198,0.6782627207501944,0.8761763819536198,0.6782627207501944,1.0,1,0.5405022862203239,45
2523,2,3755,3755,0,0,0,0,0.8457559351700208,0.6782627207501944,0.8457559351700208,0.6782627207501944,1.0,1,0.5655907922260565,44
2524,0,3755,3755,0,0,0,0,0.8850938288393552,0.6782627207501944,0.8850938288393552,0.6782627207501944,1.0,1,0.5648558005141933,42
2525,1,3756,3756,0,0,0,0,0.8655035977073328,0.6469469439817483,0.8655035977073328,0.6469469439817483,1.0,1,0.5720457649395944,42
2526,0,3756,3756,0,0,0,0,0.8622231976514141,0.6469469439817483,0.8622231976514141,0.6469469439817483,1.0,1,0.5701353925287761,41
2527,1,3757,3757,0,0,0,0,0.8622231976514141,0.6469469439817483,0.8622231976514141,0.6469469439817483,1.0,1,0.5752856104600106,41
2528,0,3757,3757,0,0,0,0,0.8517774262735119,0.6469469439817483,0.8517774262735119,0.6469469439817483,1.0,1,0.5888549328628084,41
2529,0,3757,3757,0,0,0,0,0.8553065351717616,0.6469469439817483,0.8553065351717616,0.6469469439817483,1.0,1,0.5857113795146145,42
2530,0,3757,3757,0,0,0,0,0.8517774262735119,0.6469469439817483,0.8517774262735119,0.6469469439817483,1.0,1,0.5960991417811138,41
2531,0,3757,3757,0,0,0,0,0.8517774262735119,0.6469469439817483,0.8517774262735119,0.6469469439817483,1.0,1,0.5960991417811138,41
2532,0,3757,3757,0,0,0,0,0.837950785722053,0.6469469439817483,0.837950785722053,0.6469469439817483,1.0,1,0.5914160203876612,43
2533,0,3757,3757,0,0,0,0,0.8379507857220531,0.6469469439817483,0.8379507857220531,0.6469469439817483,1.0,1,0.5914160203876612,43
2534,0,3757,3757,0,0,0,0,0.8379507857220531,0.6469469439817483,0.8379507857220531,0.6469469439817483,1.0,1,0.5914160203876612,43
2535,2,3759,3759,0,0,0,0,0.8143984513431747,0.6469469439817483,0.8143984513431747,0.6469469439817483,1.0,1,0.6107106676682195,44
2536,0,3759,3759,0,0,0,0,0.8143984513431747,0.6469469439817483,0.8143984513431747,0.6469469439817483,1.0,1,0.6107106676682195,44
2537,0,3759,3759,0,0,0,0,0.7968270650556302,0.6469469439817483,0.7968270650556302,0.6469469439817483,1.0,1,0.6107106676682195,45
2538,3,3762,3762,0,0,0,0,0.806036865135808,0.7231681690701416,0.806036865135808,0.7231681690701416,1.0,1,0.5588914989540625,48
2539,5,3767,3767,0,0,0,0,0.8728922935965224,0.7338109027534013,0.8728922935965224,0.7338109027534013,1.0,1,0.5214250026632731,48
2540,3,3770,3770,0,0,0,0,0.8549701574423234,0.733658063104381,0.8549701574423234,0.733658063104381,1.0,1,0.5151402557240403,50
2541,2,3772,3772,0,0,0,0,0.8375239212915879,0.6853354015800828,0.8375239212915879,0.6853354015800828,1.0,1,0.4878106465306714,52
2542,4,3776,3776,0,0,0,0,0.8163601161775043,0.6774680225771895,0.8163601161775043,0.6774680225771895,1.0,1,0.5050682060728388,52
2543,1,3777,3777,0,0,0,0,0.8570298317046235,0.6956364487161562,0.8570298317046235,0.6956364487161562,1.0,1,0.48403503633662803,51
2544,4,3781,3781,0,0,0,0,0.8080391002065518,0.6403715781594573,0.8080391002065518,0.6403715781594573,1.0,1,0.49646904082492715,51
2545,2,3783,3783,0,0,0,0,0.8292487844281612,0.6958548566289261,0.8292487844281612,0.6958548566289261,1.0,1,0.49646904082492715,50
2546,4,3787,3787,0,0,0,0,0.8408282545208178,0.6263539016600373,0.8408282545208178,0.6263539016600373,1.0,1,0.4951652118004452,50
2547,1,3788,3788,0,0,0,0,0.8391230511634338,0.606244374796227,0.8391230511634338,0.606244374796227,1.0,1,0.5301814957475275,47
2548,0,3788,3788,0,0,0,0,0.8605655610031046,0.6533366733123304,0.8605655610031046,0.6533366733123304,1.0,1,0.5301814957475275,46
2549,3,3791,3791,0,0,0,0,0.8605655610031048,0.6533366733123304,0.8605655610031048,0.6533366733123304,1.0,1,0.5274259552877562,46
2550,1,3792,3792,0,0,0,0,0.9014111539073801,0.7521044099127997,0.9014111539073801,0.7521044099127997,1.0,1,0.5330265680661775,44
2551,1,3793,3793,0,0,0,0,0.9220460189061715,0.7623775027810009,0.9220460189061715,0.7623775027810009,1.0,1,0.5330265680661775,43
2552,1,3794,3794,0,0,0,0,0.8976197810671748,0.7081971207904769,0.8976197810671748,0.7081971207904769,1.0,1,0.5391866949983413,43
2553,1,3795,3795,0,0,0,0,0.8832318731656997,0.6788876512056742,0.8832318731656997,0.6788876512056742,1.0,1,0.5339088302320597,44
2554,2,3797,3797,0,0,0,0,0.861948542900297,0.6345696723831391,0.861948542900297,0.6345696723831391,1.0,1,0.5498501070155289,45
2555,1,3798,3798,0,0,0,0,0.8518617296975157,0.6371133777073889,0.8518617296975157,0.6371133777073889,1.0,1,0.5751419760457757,44
2556,1,3799,3799,0,0,0,0,0.8323793115384656,0.6693562659045914,0.8323793115384656,0.6693562659045914,1.0,1,0.5887461528486148,44
2557,1,3800,3800,0,0,0,0,0.8972309858331501,0.7190980279439435,0.8972309858331501,0.7190980279439435,1.0,1,0.5736264137230038,41
2558,0,3800,3800,0,0,0,0,0.9132233143177888,0.7520666123365398,0.9132233143177888,0.7520666123365398,1.0,1,0.5624854660299297,40
2559,0,3800,3800,0,0,0,0,0.8988658790873212,0.7520666123365398,0.8988658790873212,0.7520666123365398,1.0,1,0.5641658070813041,41
2560,0,3800,3800,0,0,0,0,0.8988658790873212,0.7520666123365398,0.8988658790873212,0.7520666123365398,1.0,1,0.5641658070813041,41
2561,0,3800,3800,0,0,0,0,0.8849751359704844,0.7520666123365398,0.8849751359704844,0.7520666123365398,1.0,1,0.561064786247885,43
2562,0,3800,3800,0,0,0,0,0.8611703192661048,0.6910997182459556,0.8611703192661048,0.6910997182459556,1.0,1,0.561064786247885,44
2563,0,3800,3800,0,0,0,0,0.8611703192661047,0.6910997182459556,0.8611703192661047,0.6910997182459556,1.0,1,0.561064786247885,44
2564,2,3802,3802,0,0,0,0,0.8328420286521294,0.6910997182459556,0.8328420286521294,0.6910997182459556,1.0,1,0.5548692650464716,44
2565,2,3804,3804,0,0,0,0,0.8365566502376377,0.6910997182459556,0.8365566502376377,0.6910997182459556,1.0,1,0.5520614755592947,45
2566,3,3807,3807,0,0,0,0,0.7971118846153536,0.6867100612411288,0.7971118846153536,0.6867100612411288,1.0,1,0.5509471059261665,46
2567,1,3808,3808,0,0,0,0,0.757572220475598,0.6350930771252471,0.757572220475598,0.6350930771252471,1.0,1,0.5504880821784314,48
2568,1,3809,3809,0,0,0,0,0.7575722204755982,0.6350930771252471,0.7575722204755982,0.6350930771252471,1.0,1,0.5651760593763013,48
2569,1,3810,3810,0,0,0,0,0.7594195705856998,0.5893335728139487,0.7594195705856998,0.5893335728139487,1.0,1,0.5562161058042734,49
2570,0,3810,3810,0,0,0,0,0.7544074783062351,0.5893335728139487,0.7544074783062351,0.5893335728139487,1.0,1,0.5585759696749226,48
2571,1,3811,3811,0,0,0,0,0.7775676867017484,0.5893335728139487,0.7775676867017484,0.5893335728139487,1.0,1,0.549894260017614,48
2572,2,3813,3813,0,0,0,0,0.7821071216670188,0.5893335728139487,0.7821071216670188,0.5893335728139487,1.0,1,0.5341528031973694,49
2573,0,3813,3813,0,0,0,0,0.7864649792336784,0.5893335728139487,0.7864649792336784,0.5893335728139487,1.0,1,0.5323473112271958,50
2574,2,3815,3815,0,0,0,0,0.806987440083848,0.5893335728139487,0.806987440083848,0.5893335728139487,1.0,1,0.5195317781940393,49
2575,0,3815,3815,0,0,0,0,0.8029663450855947,0.5893335728139487,0.8029663450855947,0.5893335728139487,1.0,1,0.5284628598275082,48
2576,0,3815,3815,0,0,0,0,0.8029663450855947,0.5893335728139487,0.8029663450855947,0.5893335728139487,1.0,1,0.5284628598275082,48
2577,1,3816,3816,0,0,0,0,0.770486361803309,0.5568811550944721,0.770486361803309,0.5568811550944721,1.0,1,0.5333845918240752,50
2578,3,3819,3819,0,0,0,0,0.7672313567237147,0.527040075190133,0.7672313567237147,0.527040075190133,1.0,1,0.5365253523823135,50
2579,0,3819,3819,0,0,0,0,0.7717954477683477,0.527040075190133,0.7717954477683477,0.527040075190133,1.0,1,0.5289391136456677,51
2580,2,3821,3821,0,0,0,0,0.7560539019173885,0.5017007476074081,0.7560539019173885,0.5017007476074081,1.0,1,0.5305249160903692,52
2581,0,3821,3821,0,0,0,0,0.7512706450922393,0.5017007476074081,0.7512706450922393,0.5017007476074081,1.0,1,0.5385603639154819,51
2582,2,3823,3823,0,0,0,0,0.7357579925344678,0.4543691431395125,0.7357579925344678,0.4543691431395125,1.0,1,0.5533850244578862,51
2583,5,3828,3828,0,0,0,0,0.7944233581735093,0.5024873527181734,0.7944233581735093,0.5024873527181734,1.0,1,0.5077422040075583,51
2584,2,3830,3830,0,0,0,0,0.7720285870317126,0.47934580332012267,0.7720285870317126,0.47934580332012267,1.0,1,0.525407693045032,51
2585,3,3833,3833,0,0,0,0,0.8426989275239525,0.5781029592531092,0.8426989275239525,0.5781029592531092,1.0,1,0.5019693795341075,50
2586,3,3836,3836,0,0,0,0,0.841823247561501,0.618256900268642,0.841823247561501,0.618256900268642,1.0,1,0.4959717687145979,50
2587,2,3838,3838,0,0,0,0,0.8968773971466679,0.7577740837894834,0.8968773971466679,0.7577740837894834,1.0,1,0.4853165449626982,48
2588,4,3842,3842,0,0,0,0,0.9018161748534275,0.7241412070075379,0.9018161748534275,0.7241412070075379,1.0,1,0.4886082950314368,50
2589,2,3844,3844,0,0,0,0,0.9724117509985891,0.9016750146573144,0.9724117509985891,0.9016750146573144,1.0,1,0.47299322073499916,48
2590,1,3845,3845,0,0,0,0,0.9735315509766289,0.9364487910560184,0.9735315509766289,0.9364487910560184,1.0,1,0.4827563760376681,47
2591,1,3846,3846,0,0,0,0,0.9536746699067599,0.8656157076365013,0.9536746699067599,0.8656157076365013,1.0,1,0.4852011003560752,47
2592,1,3847,3847,0,0,0,0,0.9561778323245504,0.8656157076365013,0.9561778323245504,0.8656157076365013,1.0,1,0.48509060884948124,47
2593,2,3849,3849,0,0,0,0,0.9072543444166699,0.7795930692440405,0.9072543444166699,0.7795930692440405,1.0,1,0.5030014078483313,47
2594,3,3852,3852,0,0,0,0,0.9173265444949937,0.83168590307948,0.9173265444949937,0.83168590307948,1.0,1,0.494656518001926,49
2595,2,3854,3854,0,0,0,0,0.9170635820125036,0.83168590307948,0.9170635820125036,0.83168590307948,1.0,1,0.501665688774485,48
2596,3,3857,3857,0,0,0,0,0.8855138502696683,0.774721455324451,0.8855138502696683,0.774721455324451,1.0,1,0.5262352599551955,47
2597,2,3859,3859,0,0,0,0,0.8647251905867153,0.7113597931932701,0.8647251905867153,0.7113597931932701,1.0,1,0.5403204906913235,48
2598,2,3861,3861,0,0,0,0,0.8404586743965297,0.6254203836919541,0.8404586743965297,0.6254203836919541,1.0,1,0.5567264046266353,48
2599,1,3862,3862,0,0,0,0,0.8255530061549313,0.5951062982134987,0.8255530061549313,0.5951062982134987,1.0,1,0.5532982648356961,49
2600,1,3863,3863,0,0,0,0,0.7901943887372224,0.5951062982134987,0.7901943887372224,0.5951062982134987,1.0,1,0.5513804393224914,52
2601,2,3865,3865,0,0,0,0,0.770698076596101,0.5285270306442076,0.770698076596101,0.5285270306442076,1.0,1,0.5671182095937602,51
2602,0,3865,3865,0,0,0,0,0.775107728969253,0.5285270306442076,0.775107728969253,0.5285270306442076,1.0,1,0.5574735150973037,52
2603,1,3866,3866,0,0,0,0,0.7586223623549675,0.566863367794788,0.7586223623549675,0.566863367794788,1.0,1,0.5574735150973037,53
2604,0,3866,3866,0,0,0,0,0.7586223623549675,0.566863367794788,0.7586223623549675,0.566863367794788,1.0,1,0.5574735150973037,53
2605,1,3867,3867,0,0,0,0,0.7783480431698453,0.5982762144354725,0.7783480431698453,0.5982762144354725,1.0,1,0.5574735150973037,52
2606,0,3867,3867,0,0,0,0,0.7783480431698453,0.5982762144354725,0.7783480431698453,0.5982762144354725,1.0,1,0.5574735150973037,52
2607,0,3867,3867,0,0,0,0,0.797357994216721,0.5982762144354725,0.797357994216721,0.5982762144354725,1.0,1,0.5520592302715801,52
2608,0,3867,3867,0,0,0,0,0.7973579942167208,0.5982762144354725,0.7973579942167208,0.5982762144354725,1.0,1,0.5520592302715801,52
2609,2,3869,3869,0,0,0,0,0.801962012493514,0.5558421486326741,0.801962012493514,0.5558421486326741,1.0,1,0.5459245960146688,53
2610,0,3869,3869,0,0,0,0,0.791726165508385,0.5558421486326741,0.791726165508385,0.5558421486326741,1.0,1,0.5459245960146688,54
2611,3,3872,3872,0,0,0,0,0.7714033118306497,0.49818414512561454,0.7714033118306497,0.49818414512561454,1.0,1,0.553863152253761,54
2612,2,3874,3874,0,0,0,0,0.7263047738912343,0.4695829009000623,0.7263047738912343,0.4695829009000623,1.0,1,0.5555202638048438,56
2613,1,3875,3875,0,0,0,0,0.709887963683196,0.4519045248750529,0.709887963683196,0.4519045248750529,1.0,1,0.5580288670636928,56
2614,1,3876,3876,0,0,0,0,0.6906667813879038,0.42893536255281756,0.6906667813879038,0.42893536255281756,1.0,1,0.5654911511786932,56
2615,1,3877,3877,0,0,0,0,0.6811527696195377,0.41724506038774345,0.6811527696195377,0.41724506038774345,1.0,1,0.5630490426633364,57
2616,1,3878,3878,0,0,0,0,0.6996381396016675,0.4377194581864019,0.6996381396016675,0.4377194581864019,1.0,1,0.5460256572439449,57
2617,1,3879,3879,0,0,0,0,0.687504632617671,0.41931009470071295,0.687504632617671,0.41931009470071295,1.0,1,0.5490684269884897,58
2618,2,3881,3881,0,0,0,0,0.7193072651411198,0.4366647436170012,0.7193072651411198,0.4366647436170012,1.0,1,0.5295141201402325,58
2619,1,3882,3882,0,0,0,0,0.7370090596911086,0.4366647436170012,0.7370090596911086,0.4366647436170012,1.0,1,0.5341036016803474,58
2620,3,3885,3885,0,0,0,0,0.7723588326101044,0.45139318144491947,0.7723588326101044,0.45139318144491947,1.0,1,0.5002298565964278,60
2621,3,3888,3888,0,0,0,0,0.7782920265912862,0.4312708508211252,0.7782920265912862,0.4312708508211252,1.0,1,0.4891868529595299,59
2622,2,3890,3890,0,0,0,0,0.8150434088958417,0.474134980176866,0.8150434088958417,0.474134980176866,1.0,1,0.473390983840643,60
2623,1,3891,3891,0,0,0,0,0.8213474620635918,0.502345763605418,0.8213474620635918,0.502345763605418,1.0,1,0.46305624012031904,59
2624,2,3893,3893,0,0,0,0,0.8101000696932557,0.47551447820042014,0.8101000696932557,0.47551447820042014,1.0,1,0.4500874517373815,58
2625,3,3896,3896,0,0,0,0,0.8104249871067433,0.4764118691519575,0.8104249871067433,0.4764118691519575,1.0,1,0.4757239842058925,58
2626,2,3898,3898,0,0,0,0,0.8070991096875633,0.4764118691519575,0.8070991096875633,0.4764118691519575,1.0,1,0.4832188577044941,57
2627,2,3900,3900,0,0,0,0,0.8059239579838541,0.4917056042434273,0.8059239579838541,0.4917056042434273,1.0,1,0.4738709995485577,55
2628,4,3904,3904,0,0,0,0,0.7871119181409414,0.46777979535235353,0.7871119181409414,0.46777979535235353,1.0,1,0.5030493793273694,55
2629,0,3904,3904,0,0,0,0,0.7831695462546625,0.46777979535235353,0.7831695462546625,0.46777979535235353,1.0,1,0.5049582558693361,54
2630,3,3907,3907,0,0,0,0,0.7685804195069496,0.4932949165995665,0.7685804195069496,0.4932949165995665,1.0,1,0.5457294908266661,55
2631,1,3908,3908,0,0,0,0,0.7836427774900199,0.5089499584818983,0.7836427774900199,0.5089499584818983,1.0,1,0.5255654858370724,55
2632,3,3911,3911,0,0,0,0,0.7987188883832205,0.5841901274661319,0.7987188883832205,0.5841901274661319,1.0,1,0.5153126069054411,55
2633,2,3913,3913,0,0,0,0,0.8082457578593715,0.6252241376191995,0.8082457578593715,0.6252241376191995,1.0,1,0.5312021430359642,53
2634,2,3915,3915,0,0,0,0,0.8413957581336843,0.7054523496079212,0.8413957581336843,0.7054523496079212,1.0,1,0.5178183838587158,52
2635,2,3917,3917,0,0,0,0,0.8182061991467963,0.6285089579377351,0.8182061991467963,0.6285089579377351,1.0,1,0.5279905415780886,52
2636,4,3921,3921,0,0,0,0,0.8736110859238995,0.7213179471350142,0.8736110859238995,0.7213179471350142,1.0,1,0.5143161592767326,51
2637,4,3925,3925,0,0,0,0,0.8909029020024188,0.7472260848592601,0.8909029020024188,0.7472260848592601,1.0,1,0.5228313424418383,50
2638,4,3929,3929,0,0,0,0,0.9014847122787103,0.7418918593245528,0.9014847122787103,0.7418918593245528,1.0,1,0.5328237746514336,48
2639,2,3931,3931,0,0,0,0,0.920850560108834,0.8088854860509663,0.920850560108834,0.8088854860509663,1.0,1,0.5245514806968884,48
2640,6,3937,3937,0,0,0,0,0.8983694677801322,0.8016821346897594,0.8983694677801322,0.8016821346897594,1.0,1,0.5494145532357583,46
2641,2,3939,3939,0,0,0,0,0.9127127185707478,0.8266226677576366,0.9127127185707478,0.8266226677576366,1.0,1,0.5343585665401077,46
2642,4,3943,3943,0,0,0,0,0.8971552891497224,0.7805434440451313,0.8971552891497224,0.7805434440451313,1.0,1,0.5388557608531247,47
2643,1,3944,3944,0,0,0,0,0.8698579832525345,0.7269945915305958,0.8698579832525345,0.7269945915305958,1.0,1,0.5565097718636973,45
2644,2,3946,3946,0,0,0,0,0.8672939774761715,0.7281496423697619,0.8672939774761715,0.7281496423697619,1.0,1,0.5813575161676863,44
2645,1,3947,3947,0,0,0,0,0.8812106953559897,0.7694399165390321,0.8812106953559897,0.7694399165390321,1.0,1,0.5812794691134956,42
2646,1,3948,3948,0,0,0,0,0.8591676878109876,0.7137013468311569,0.8591676878109876,0.7137013468311569,1.0,1,0.59520557084576,43
2647,2,3950,3950,0,0,0,0,0.8505308125569433,0.7188361419248409,0.8505308125569433,0.7188361419248409,1.0,1,0.6106446813100425,40
2648,2,3952,3952,0,0,0,0,0.8442191307449768,0.6242931976790617,0.8442191307449768,0.6242931976790617,1.0,1,0.5899334142985219,41
2649,0,3952,3952,0,0,0,0,0.8094794637767805,0.6242931976790617,0.8094794637767805,0.6242931976790617,1.0,1,0.5908530686435328,43
2650,1,3953,3953,0,0,0,0,0.8089429815361687,0.5881540595788838,0.8089429815361687,0.5881540595788838,1.0,1,0.5956466975723875,43
2651,0,3953,3953,0,0,0,0,0.8132851865012558,0.5881540595788838,0.8132851865012558,0.5881540595788838,1.0,1,0.5835753716692648,44
2652,1,3954,3954,0,0,0,0,0.8052347686957476,0.5489647275059418,0.8052347686957476,0.5489647275059418,1.0,1,0.5825104074699282,44
2653,0,3954,3954,0,0,0,0,0.8052347686957476,0.5489647275059418,0.8052347686957476,0.5489647275059418,1.0,1,0.5825104074699282,44
2654,2,3956,3956,0,0,0,0,0.824063658671123,0.577018310641618,0.824063658671123,0.577018310641618,1.0,1,0.5687680935051116,45
2655,1,3957,3957,0,0,0,0,0.8111578312359,0.5527422318745001,0.8111578312359,0.5527422318745001,1.0,1,0.567398451482939,45
2656,1,3958,3958,0,0,0,0,0.8338171873176007,0.584542968294002,0.8338171873176007,0.584542968294002,1.0,1,0.5549728831026403,45
2657,0,3958,3958,0,0,0,0,0.8338171873176007,0.584542968294002,0.8338171873176007,0.584542968294002,1.0,1,0.5566681410175705,45
2658,3,3961,3961,0,0,0,0,0.8854670355045253,0.6635594167945431,0.8854670355045253,0.6635594167945431,1.0,1,0.49813202298166936,47
2659,1,3962,3962,0,0,0,0,0.8643313036861674,0.6328964687978647,0.8643313036861674,0.6328964687978647,1.0,1,0.5123379922530982,46
2660,3,3965,3965,0,0,0,0,0.8834531066027272,0.6649276814828412,0.8834531066027272,0.6649276814828412,1.0,1,0.4704433334458958,46
2661,4,3969,3969,0,0,0,0,0.8771794795314511,0.709443475147597,0.8771794795314511,0.709443475147597,1.0,1,0.49599110624976744,46
2662,3,3972,3972,0,0,0,0,0.9072691941960416,0.709443475147597,0.9072691941960416,0.709443475147597,1.0,1,0.5039880620254732,47
2663,5,3977,3977,0,0,0,0,0.9229893716762901,0.7469650783649533,0.9229893716762901,0.7469650783649533,1.0,1,0.4915142790035962,46
2664,4,3981,3981,0,0,0,0,0.8695991470057794,0.6627847176116279,0.8695991470057794,0.6627847176116279,1.0,1,0.5250827799196137,45
2665,2,3983,3983,0,0,0,0,0.8040313808927726,0.6242727280142918,0.8040313808927726,0.6242727280142918,1.0,1,0.5237325986605965,47
2666,4,3987,3987,0,0,0,0,0.8003578643591533,0.5860354051928685,0.8003578643591533,0.5860354051928685,1.0,1,0.5153469855176397,47
2667,1,3988,3988,0,0,0,0,0.8177706439018952,0.6312645084809828,0.8177706439018952,0.6312645084809828,1.0,1,0.5271017197527768,45
2668,4,3992,3992,0,0,0,0,0.8581766869189424,0.6696007496346642,0.8581766869189424,0.6696007496346642,1.0,1,0.5207620039576308,45
2669,2,3994,3994,0,0,0,0,0.8613036680990989,0.7240591618012658,0.8613036680990989,0.7240591618012658,1.0,1,0.5328393276051785,45
2670,4,3998,3998,0,0,0,0,0.9253344718006796,0.7600036593593273,0.9253344718006796,0.7600036593593273,1.0,1,0.519714461563843,45
2671,3,4001,4001,0,0,0,0,0.922631296982076,0.7734202268760798,0.922631296982076,0.7734202268760798,1.0,1,0.5190841379429635,41
2672,4,4005,4005,0,0,0,0,0.8897083793997412,0.7058890117326431,0.8897083793997412,0.7058890117326431,1.0,1,0.5605881831461051,40
2673,1,4006,4006,0,0,0,0,0.9172971416797688,0.7696134661079276,0.9172971416797688,0.7696134661079276,1.0,1,0.5545715051273271,39
2674,1,4007,4007,0,0,0,0,0.9347860529626909,0.8143910738168892,0.9347860529626909,0.8143910738168892,1.0,1,0.5576936357028804,37
2675,4,4011,4011,0,0,0,0,0.9534063999991259,0.8641019999974509,0.9534063999991259,0.8641019999974509,1.0,1,0.5792866341997439,35
2676,1,4012,4012,0,0,0,0,0.9520359999991002,0.8641019999974509,0.9520359999991002,0.8641019999974509,1.0,1,0.5943101605603693,34
2677,1,4013,4013,0,0,0,0,0.9883241571492156,0.9660339117068092,0.9883241571492156,0.9660339117068092,1.0,1,0.6039258538543115,32
2678,1,4014,4014,0,0,0,0,1.0,1.0,1.0,1.0,1.0,1,0.6032912506340818,33
2679,3,4017,4017,0,0,0,0,1.0,1.0,1.0,1.0,1.0,1,0.5956994489309779,33
2680,2,4019,4019,0,0,0,0,0.9633904930885605,0.8901714792656814,0.9633904930885605,0.8901714792656814,1.0,1,0.6116910399792004,33
2681,2,4021,4021,0,0,0,0,1.0,1.0,1.0,1.0,1.0,1,0.543003405661242,32
2682,2,4023,4023,0,0,0,0,0.9636956851495793,0.8943874477078668,0.9636956851495793,0.8943874477078668,1.0,1,0.5572153974466648,32
2683,1,4024,4024,0,0,0,0,1.0,1.0,1.0,1.0,1.0,1,0.5365170186440019,32
2684,1,4025,4025,0,0,0,0,1.0,1.0,1.0,1.0,1.0,1,0.5495172825601248,31
2685,0,4025,4025,0,0,0,0,1.0,1.0,1.0,1.0,1.0,1,0.5453648293579182,30
2686,1,4026,4026,0,0,0,0,1.0,1.0,1.0,1.0,1.0,1,0.5658229520336007,29
2687,0,4026,4026,0,0,0,0,1.0,1.0,1.0,1.0,1.0,1,0.5698898774137187,28
2688,0,4026,4026,0,0,0,0,1.0,1.0,1.0,1.0,1.0,1,0.5698898774137187,28
2689,0,4026,4026,0,0,0,0,1.0,1.0,1.0,1.0,1.0,1,0.5802086130420209,29
2690,1,4027,4027,0,0,0,0,1.0,1.0,1.0,1.0,1.0,1,0.5935750184317352,29
2691,3,4030,4030,0,0,0,0,1.0,1.0,1.0,1.0,1.0,1,0.5861155804335856,29
2692,0,4030,4030,0,0,0,0,0.9762533143996215,0.9330775223989332,0.9762533143996215,0.9330775223989332,1.0,1,0.5962739439595546,31
2693,2,4032,4032,0,0,0,0,0.9769953983246333,0.9330775223989332,0.9769953983246333,0.9330775223989332,1.0,1,0.6014624110706516,32
2694,1,4033,4033,0,0,0,0,0.940081149708392,0.8402163992223786,0.940081149708392,0.8402163992223786,1.0,1,0.6166889275931723,32
2695,3,4036,4036,0,0,0,0,1.0,1.0,1.0,1.0,1.0,1,0.5894232963906362,33
2696,0,4036,4036,0,0,0,0,1.0,1.0,1.0,1.0,1.0,1,0.5894232963906362,33
2697,2,4038,4038,0,0,0,0,0.9744241572665456,0.9472217865752753,0.9744241572665456,0.9472217865752753,1.0,1,0.6175197602655248,34
2698,2,4040,4040,0,0,0,0,0.9656123826729713,0.8937110009891838,0.9656123826729713,0.8937110009891838,1.0,1,0.6066727269816231,34
2699,1,4041,4041,0,0,0,0,0.9675228058578063,0.8937110009891838,0.9675228058578063,0.8937110009891838,1.0,1,0.5698684759702687,36
2700,2,4043,4043,0,0,0,0,0.967522805857806,0.8937110009891838,0.967522805857806,0.8937110009891838,1.0,1,0.5668683493320268,36
2701,0,4043,4043,0,0,0,0,0.9675228058578063,0.8937110009891838,0.9675228058578063,0.8937110009891838,1.0,1,0.5668683493320268,36
2702,3,4046,4046,0,0,0,0,0.9507717482855819,0.8523152448567454,0.9507717482855819,0.8523152448567454,1.0,1,0.560603968797568,36
2703,2,4048,4048,0,0,0,0,0.952468908396501,0.910148342161025,0.952468908396501,0.910148342161025,1.0,1,0.539047361175028,38
2704,3,4051,4051,0,0,0,0,0.9309174566713446,0.8397236296928077,0.9309174566713446,0.8397236296928077,1.0,1,0.5635751852230128,37
2705,1,4052,4052,0,0,0,0,0.9465745432309358,0.8397236296928077,0.9465745432309358,0.8397236296928077,1.0,1,0.5398021546283939,36
2706,1,4053,4053,0,0,0,0,0.9194427546285528,0.7893118197977536,0.9194427546285528,0.7893118197977536,1.0,1,0.5510580294264362,34
2707,3,4056,4056,0,0,0,0,0.9239181571491889,0.7893118197977536,0.9239181571491889,0.7893118197977536,1.0,1,0.5457891971734653,36
2708,3,4059,4059,0,0,0,0,0.8907942615939294,0.7191852440986757,0.8907942615939294,0.7191852440986757,1.0,1,0.5658749361796711,36
2709,2,4061,4061,0,0,0,0,0.8755777034752295,0.7067188724773266,0.8755777034752295,0.7067188724773266,1.0,1,0.5709618970539759,33
2710,3,4064,4064,0,0,0,0,0.8716895067088304,0.7067188724773266,0.8716895067088304,0.7067188724773266,1.0,1,0.6001872424484757,32
2711,4,4068,4068,0,0,0,0,0.8931694656257017,0.7616857310111806,0.8931694656257017,0.7616857310111806,1.0,1,0.580218713006208,29
2712,2,4070,4070,0,0,0,0,0.9919271628697831,0.9773960560353929,0.9919271628697831,0.9773960560353929,1.0,1,0.5669578467585166,28
2713,2,4072,4072,0,0,0,0,0.95546633584488,0.8866415821506036,0.95546633584488,0.8866415821506036,1.0,1,0.5484566324134924,28
2714,2,4074,4074,0,0,0,0,1.0,1.0,1.0,1.0,1.0,1,0.5151102951164527,25
2715,2,4076,4076,0,0,0,0,1.0,1.0,1.0,1.0,1.0,1,0.5214560448853991,24
2716,0,4076,4076,0,0,0,0,1.0,1.0,1.0,1.0,1.0,1,0.5040978305870129,23
2717,2,4078,4078,0,0,0,0,1.0,1.0,1.0,1.0,1.0,1,0.5193259189853151,24
2718,1,4079,4079,0,0,0,0,1.0,1.0,1.0,1.0,1.0,1,0.5254238977610289,24
2719,1,4080,4080,0,0,0,0,1.0,1.0,1.0,1.0,1.0,1,0.5525724939638214,25
2720,2,4082,4082,0,0,0,0,1.0,1.0,1.0,1.0,1.0,1,0.5928460284671155,25
2721,2,4084,4084,0,0,0,0,1.0,1.0,1.0,1.0,1.0,1,0.6210376316876742,26
2722,1,4085,4085,0,0,0,0,1.0,1.0,1.0,1.0,1.0,1,0.6421704402408343,26
2723,1,4086,4086,0,0,0,0,1.0,1.0,1.0,1.0,1.0,1,0.6705226140479947,26
2724,1,4087,4087,0,0,0,0,0.9798520608446329,0.9505459675277352,0.9798520608446329,0.9505459675277352,1.0,1,0.6764531209985593,27
2725,0,4087,4087,0,0,0,0,0.9798520608446329,0.9505459675277352,0.9798520608446329,0.9505459675277352,1.0,1,0.6764531209985593,27
2726,0,4087,4087,0,0,0,0,0.9805716301001818,0.9505459675277352,0.9805716301001818,0.9505459675277352,1.0,1,0.6666273947454662,28
2727,1,4088,4088,0,0,0,0,1.0,1.0,1.0,1.0,1.0,1,0.6523366492967444,29
2728,0,4088,4088,0,0,0,0,1.0,1.0,1.0,1.0,1.0,1,0.652453570398689,28
2729,1,4089,4089,0,0,0,0,1.0,1.0,1.0,1.0,1.0,1,0.6287424714346687,28
2730,0,4089,4089,0,0,0,0,1.0,1.0,1.0,1.0,1.0,1,0.6138223289128217,29
2731,1,4090,4090,0,0,0,0,1.0,1.0,1.0,1.0,1.0,1,0.6269427460553215,30
2732,0,4090,4090,0,0,0,0,1.0,1.0,1.0,1.0,1.0,1,0.6427710711307809,29
2733,0,4090,4090,0,0,0,0,1.0,1.0,1.0,1.0,1.0,1,0.6427710711307809,29
2734,0,4090,4090,0,0,0,0,1.0,1.0,1.0,1.0,1.0,1,0.6427710711307809,29
2735,2,4092,4092,0,0,0,0,1.0,1.0,1.0,1.0,1.0,1,0.6141012473780371,29
2736,0,4092,4092,0,0,0,0,1.0,1.0,1.0,1.0,1.0,1,0.615322388957521,30
2737,1,4093,4093,0,0,0,0,1.0,1.0,1.0,1.0,1.0,1,0.5966815445964665,30
2738,3,4096,4096,0,0,0,0,1.0,1.0,1.0,1.0,1.0,1,0.5864448253539553,29
2739,0,4096,4096,0,0,0,0,1.0,1.0,1.0,1.0,1.0,1,0.5783295623612454,30
2740,2,4098,4098,0,0,0,0,1.0,1.0,1.0,1.0,1.0,1,0.599798326253559,29
2741,2,4100,4100,0,0,0,0,0.9957999188382282,0.9878197646308616,0.9957999188382282,0.9878197646308616,1.0,1,0.6253725984442453,29
2742,2,4102,4102,0,0,0,0,1.0,1.0,1.0,1.0,1.0,1,0.6185900986575454,29
2743,2,4104,4104,0,0,0,0,0.9853683335432883,0.9561050006298649,0.9853683335432883,0.9561050006298649,1.0,1,0.6429759202306763,30
2744,2,4106,4106,0,0,0,0,0.9843232145106661,0.9561050006298649,0.9843232145106661,0.9561050006298649,1.0,1,0.6505936281450141,28
2745,1,4107,4107,0,0,0,0,0.9192110683605382,0.8182249038112108,0.9192110683605382,0.8182249038112108,1.0,1,0.6568417394696134,27
2746,2,4109,4109,0,0,0,0,0.9179103819227051,0.8221391608325276,0.9179103819227051,0.8221391608325276,1.0,1,0.6953757851239099,26
2747,3,4112,4112,0,0,0,0,0.8900724054217034,0.8139686860982674,0.8900724054217034,0.8139686860982674,1.0,1,0.7370310591448643,22
2748,0,4112,4112,0,0,0,0,0.9007092159440067,0.8319694423667805,0.9007092159440067,0.8319694423667805,1.0,1,0.7370310591448643,22
2749,2,4114,4114,0,0,0,0,0.9366941529322057,0.8944902548870096,0.9366941529322057,0.8944902548870096,1.0,1,0.7255940907405489,20
2750,2,4116,4116,0,0,0,0,1.0,1.0,1.0,1.0,1.0,1,0.6918809764148292,17
2751,1,4117,4117,0,0,0,0,1.0,1.0,1.0,1.0,1.0,1,0.6499314934438126,17
2752,2,4119,4119,0,0,0,0,1.0,1.0,1.0,1.0,1.0,1,0.5805587979983532,16
2753,0,4119,4119,0,0,0,0,1.0,1.0,1.0,1.0,1.0,1,0.5805587979983532,16
2754,1,4120,4120,0,0,0,0,1.0,1.0,1.0,1.0,1.0,1,0.6351059168281227,16
2755,0,4120,4120,0,0,0,0,1.0,1.0,1.0,1.0,1.0,1,0.6351059168281227,16
2756,0,4120,4120,0,0,0,0,1.0,1.0,1.0,1.0,1.0,1,0.649832514063829,17
2757,0,4120,4120,0,0,0,0,1.0,1.0,1.0,1.0,1.0,1,0.650930542942852,18
2758,0,4120,4120,0,0,0,0,1.0,1.0,1.0,1.0,1.0,1,0.650930542942852,18
2759,1,4121,4121,0,0,0,0,1.0,1.0,1.0,1.0,1.0,1,0.6401511589514906,19
2760,0,4121,4121,0,0,0,0,1.0,1.0,1.0,1.0,1.0,1,0.621765483950208,18
2761,0,4121,4121,0,0,0,0,1.0,1.0,1.0,1.0,1.0,1,0.621765483950208,18
2762,1,4122,4122,0,0,0,0,1.0,1.0,1.0,1.0,1.0,1,0.6070801281323329,18
2763,0,4122,4122,0,0,0,0,1.0,1.0,1.0,1.0,1.0,1,0.6070801281323329,18
2764,1,4123,4123,0,0,0,0,1.0,1.0,1.0,1.0,1.0,1,0.6081094082497371,18
2765,1,4124,4124,0,0,0,0,1.0,1.0,1.0,1.0,1.0,1,0.6152248855156108,18
2766,0,4124,4124,0,0,0,0,1.0,1.0,1.0,1.0,1.0,1,0.6152248855156108,18
2767,0,4124,4124,0,0,0,0,1.0,1.0,1.0,1.0,1.0,1,0.6493611194302952,17
2768,0,4124,4124,0,0,0,0,1.0,1.0,1.0,1.0,1.0,1,0.6493611194302952,17
2769,0,4124,4124,0,0,0,0,1.0,1.0,1.0,1.0,1.0,1,0.6493611194302952,17
2770,0,4124,4124,0,0,0,0,1.0,1.0,1.0,1.0,1.0,1,0.6493611194302952,17
2771,0,4124,4124,0,0,0,0,1.0,1.0,1.0,1.0,1.0,1,0.6493611194302952,17
2772,0,4124,4124,0,0,0,0,1.0,1.0,1.0,1.0,1.0,1,0.6493611194302952,17
2773,0,4124,4124,0,0,0,0,1.0,1.0,1.0,1.0,1.0,1,0.6493611194302952,17
2774,0,4124,4124,0,0,0,0,1.0,1.0,1.0,1.0,1.0,1,0.6036191173279651,18
2775,3,4127,4127,0,0,0,0,1.0,1.0,1.0,1.0,1.0,1,0.6150447182898602,20
2776,0,4127,4127,0,0,0,0,1.0,1.0,1.0,1.0,1.0,1,0.5867740048395189,21
2777,1,4128,4128,0,0,0,0,1.0,1.0,1.0,1.0,1.0,1,0.6088998664498867,21
2778,2,4130,4130,0,0,0,0,1.0,1.0,1.0,1.0,1.0,1,0.5828093666407932,21
2779,2,4132,4132,0,0,0,0,1.0,1.0,1.0,1.0,1.0,1,0.5159369183265555,22
2780,1,4133,4133,0,0,0,0,1.0,1.0,1.0,1.0,1.0,1,0.4894508718079495,22
2781,1,4134,4134,0,0,0,0,1.0,1.0,1.0,1.0,1.0,1,0.5092880263891599,22
2782,2,4136,4136,0,0,0,0,1.0,1.0,1.0,1.0,1.0,1,0.5294285112677697,23
2783,1,4137,4137,0,0,0,0,1.0,1.0,1.0,1.0,1.0,1,0.5220268535344834,22
2784,2,4139,4139,0,0,0,0,1.0,1.0,1.0,1.0,1.0,1,0.6082275018087508,21
2785,0,4139,4139,0,0,0,0,1.0,1.0,1.0,1.0,1.0,1,0.5814903789206357,19
2786,1,4140,4140,0,0,0,0,1.0,1.0,1.0,1.0,1.0,1,0.6262602188756156,19
2787,0,4140,4140,0,0,0,0,1.0,1.0,1.0,1.0,1.0,1,0.5948094218007265,20
2788,1,4141,4141,0,0,0,0,1.0,1.0,1.0,1.0,1.0,1,0.5662780214371758,20
2789,0,4141,4141,0,0,0,0,1.0,1.0,1.0,1.0,1.0,1,0.5547696317571722,19
2790,1,4142,4142,0,0,0,0,1.0,1.0,1.0,1.0,1.0,1,0.5368629459006418,20
2791,1,4143,4143,0,0,0,0,1.0,1.0,1.0,1.0,1.0,1,0.5652046456157258,20
2792,0,4143,4143,0,0,0,0,1.0,1.0,1.0,1.0,1.0,1,0.5652046456157258,20
2793,0,4143,4143,0,0,0,0,1.0,1.0,1.0,1.0,1.0,1,0.5600158690476815,19
2794,1,4144,4144,0,0,0,0,1.0,1.0,1.0,1.0,1.0,1,0.5966220502702924,20
2795,0,4144,4144,0,0,0,0,1.0,1.0,1.0,1.0,1.0,1,0.6003872522696355,21
2796,1,4145,4145,0,0,0,0,1.0,1.0,1.0,1.0,1.0,1,0.6364696330876718,22
2797,0,4145,4145,0,0,0,0,1.0,1.0,1.0,1.0,1.0,1,0.6344764577918205,21
2798,0,4145,4145,0,0,0,0,1.0,1.0,1.0,1.0,1.0,1,0.6344764577918205,21
2799,0,4145,4145,0,0,0,0,1.0,1.0,1.0,1.0,1.0,1,0.6330175064976722,20
2800,0,4145,4145,0,0,0,0,1.0,1.0,1.0,1.0,1.0,1,0.6330175064976722,20
2801,0,4145,4145,0,0,0,0,1.0,1.0,1.0,1.0,1.0,1,0.6330175064976722,20
2802,0,4145,4145,0,0,0,0,1.0,1.0,1.0,1.0,1.0,1,0.6330175064976722,20
2803,1,4146,4146,0,0,0,0,1.0,1.0,1.0,1.0,1.0,1,0.6136970524634818,21
2804,0,4146,4146,0,0,0,0,1.0,1.0,1.0,1.0,1.0,1,0.6020013044053864,22
2805,5,4151,4151,0,0,0,0,1.0,1.0,1.0,1.0,1.0,1,0.5163008580559768,22
2806,2,4153,4153,0,0,0,0,1.0,1.0,1.0,1.0,1.0,1,0.5474136572284359,23
2807,3,4156,4156,0,0,0,0,1.0,1.0,1.0,1.0,1.0,1,0.6259115975284527,24
2808,2,4158,4158,0,0,0,0,1.0,1.0,1.0,1.0,1.0,1,0.6700143260915924,24
2809,0,4158,4158,0,0,0,0,1.0,1.0,1.0,1.0,1.0,1,0.6529631954495451,26
2810,0,4158,4158,0,0,0,0,1.0,1.0,1.0,1.0,1.0,1,0.6345114831497372,26
2811,0,4158,4158,0,0,0,0,1.0,1.0,1.0,1.0,1.0,1,0.6167539435098085,27
2812,0,4158,4158,0,0,0,0,1.0,1.0,1.0,1.0,1.0,1,0.6167539435098085,27
2813,0,4158,4158,0,0,0,0,1.0,1.0,1.0,1.0,1.0,1,0.5953905660042172,28
2814,2,4160,4160,0,0,0,0,1.0,1.0,1.0,1.0,1.0,1,0.5954832955100162,29
2815,0,4160,4160,0,0,0,0,1.0,1.0,1.0,1.0,1.0,1,0.5859109962912725,30
2816,3,4163,4163,0,0,0,0,0.9364923618371149,0.848558708996197,0.9364923618371149,0.848558708996197,1.0,1,0.6330200131161331,31
2817,0,4163,4163,0,0,0,0,0.9364923618371149,0.848558708996197,0.9364923618371149,0.848558708996197,1.0,1,0.6330200131161331,31
2818,3,4166,4166,0,0,0,0,0.9127858925526291,0.8006534686917237,0.9127858925526291,0.8006534686917237,1.0,1,0.6136333110182793,32
2819,1,4167,4167,0,0,0,0,0.9461369977096351,0.8674141482083325,0.9461369977096351,0.8674141482083325,1.0,1,0.5913672052403557,32
2820,1,4168,4168,0,0,0,0,0.9477692099002523,0.8674141482083325,0.9477692099002523,0.8674141482083325,1.0,1,0.5801876358163666,33
2821,2,4170,4170,0,0,0,0,1.0,1.0,1.0,1.0,1.0,1,0.5571945522826749,34
2822,0,4170,4170,0,0,0,0,1.0,1.0,1.0,1.0,1.0,1,0.5450047124861407,35
2823,1,4171,4171,0,0,0,0,1.0,1.0,1.0,1.0,1.0,1,0.5631472033869085,31
2824,2,4173,4173,0,0,0,0,1.0,1.0,1.0,1.0,1.0,1,0.579536955437238,33
2825,0,4173,4173,0,0,0,0,1.0,1.0,1.0,1.0,1.0,1,0.5827836963390137,31
2826,1,4174,4174,0,0,0,0,1.0,1.0,1.0,1.0,1.0,1,0.5996846466713914,31
2827,3,4177,4177,0,0,0,0,1.0,1.0,1.0,1.0,1.0,1,0.551313814468911,32
2828,0,4177,4177,0,0,0,0,1.0,1.0,1.0,1.0,1.0,1,0.5546815377448823,33
2829,2,4179,4179,0,0,0,0,0.9879069360435146,0.9667440741196658,0.9879069360435146,0.9667440741196658,1.0,1,0.5652015657178167,33
2830,0,4179,4179,0,0,0,0,1.0,1.0,1.0,1.0,1.0,1,0.5627488762929563,32
2831,3,4182,4182,0,0,0,0,0.9882611076614056,0.969674528125298,0.9882611076614056,0.969674528125298,1.0,1,0.5903118264710769,31
2832,5,4187,4187,0,0,0,0,1.0,1.0,1.0,1.0,1.0,1,0.5693670712455675,30
2833,4,4191,4191,0,0,0,0,1.0,1.0,1.0,1.0,1.0,1,0.5580978413104593,29
2834,2,4193,4193,0,0,0,0,1.0,1.0,1.0,1.0,1.0,1,0.599422838644606,29
2835,1,4194,4194,0,0,0,0,1.0,1.0,1.0,1.0,1.0,1,0.6311099168673997,27
2836,3,4197,4197,0,0,0,0,1.0,1.0,1.0,1.0,1.0,1,0.6257192804992215,27
2837,0,4197,4197,0,0,0,0,1.0,1.0,1.0,1.0,1.0,1,0.6154758383829337,28
2838,1,4198,4198,0,0,0,0,1.0,1.0,1.0,1.0,1.0,1,0.6237006310146366,29
2839,0,4198,4198,0,0,0,0,1.0,1.0,1.0,1.0,1.0,1,0.6103412963694814,29
2840,1,4199,4199,0,0,0,0,0.9934991949655888,0.9828615140001886,0.9934991949655888,0.9828615140001886,1.0,1,0.6236156006341904,29
2841,1,4200,4200,0,0,0,0,0.9354577470408284,0.8460915506358216,0.9354577470408284,0.8460915506358216,1.0,1,0.621547994691715,31
2842,0,4200,4200,0,0,0,0,0.9374746924458025,0.8460915506358216,0.9374746924458025,0.8460915506358216,1.0,1,0.5977213452656395,32
2843,2,4202,4202,0,0,0,0,0.9981769043331313,0.9946964489691092,0.9981769043331313,0.9946964489691092,1.0,1,0.6019523506227877,32
2844,1,4203,4203,0,0,0,0,0.9982321496563696,0.9946964489691092,0.9982321496563696,0.9946964489691092,1.0,1,0.6169635615998553,33
2845,2,4205,4205,0,0,0,0,0.9670114394287858,0.9065324117148927,0.9670114394287858,0.9065324117148927,1.0,1,0.6078466723826765,34
2846,1,4206,4206,0,0,0,0,0.9457046867320901,0.85799687299162,0.9457046867320901,0.85799687299162,1.0,1,0.6206251555558967,34
2847,1,4207,4207,0,0,0,0,0.9154530089700852,0.7886325224252133,0.9154530089700852,0.7886325224252133,1.0,1,0.6200165826815414,35
2848,1,4208,4208,0,0,0,0,0.920023116593324,0.7886325224252133,0.920023116593324,0.7886325224252133,1.0,1,0.6112941192710748,37
2849,1,4209,4209,0,0,0,0,0.9444750342145788,0.8419674050722626,0.9444750342145788,0.8419674050722626,1.0,1,0.5959446260805955,37
2850,2,4211,4211,0,0,0,0,0.9516634370813076,0.8624267055391062,0.9516634370813076,0.8624267055391062,1.0,1,0.5726446511243259,37
2851,1,4212,4212,0,0,0,0,0.9720460131902287,0.9114790417690575,0.9720460131902287,0.9114790417690575,1.0,1,0.571924671585698,38
2852,1,4213,4213,0,0,0,0,1.0,1.0,1.0,1.0,1.0,1,0.5699801881180772,36
2853,0,4213,4213,0,0,0,0,1.0,1.0,1.0,1.0,1.0,1,0.5925476967134262,36
2854,0,4213,4213,0,0,0,0,1.0,1.0,1.0,1.0,1.0,1,0.5786725044593135,37
2855,2,4215,4215,0,0,0,0,1.0,1.0,1.0,1.0,1.0,1,0.5688910430570586,37
2856,0,4215,4215,0,0,0,0,1.0,1.0,1.0,1.0,1.0,1,0.5717601016570184,38
2857,1,4216,4216,0,0,0,0,0.9986088059719753,0.9950675848097303,0.9986088059719753,0.9950675848097303,1.0,1,0.5757391543711962,39
2858,3,4219,4219,0,0,0,0,0.9857487586481486,0.9536834656064828,0.9857487586481486,0.9536834656064828,1.0,1,0.5725462083511935,39
2859,2,4221,4221,0,0,0,0,0.9857487586481486,0.9536834656064828,0.9857487586481486,0.9536834656064828,1.0,1,0.5792629104044024,39
2860,3,4224,4224,0,0,0,0,0.9659983200901173,0.8953794464311304,0.9659983200901173,0.8953794464311304,1.0,1,0.5387955783378195,40
2861,2,4226,4226,0,0,0,0,0.980283498265274,0.9375644111733679,0.980283498265274,0.9375644111733679,1.0,1,0.5487277833087659,38
2862,6,4232,4232,0,0,0,0,0.9753854406479462,0.9220538953851625,0.9753854406479462,0.9220538953851625,1.0,1,0.5577169857026406,38
2863,3,4235,4235,0,0,0,0,0.909904858674895,0.7618914122122223,0.909904858674895,0.7618914122122223,1.0,1,0.5552972366790064,37
2864,3,4238,4238,0,0,0,0,0.9593596219071395,0.8814655638958233,0.9593596219071395,0.8814655638958233,1.0,1,0.5698777832262364,35
2865,1,4239,4239,0,0,0,0,0.9568965686893902,0.8814655638958233,0.9568965686893902,0.8814655638958233,1.0,1,0.581048756900349,33
2866,2,4241,4241,0,0,0,0,0.9879759155242938,0.9661139437502823,0.9879759155242938,0.9661139437502823,1.0,1,0.5861033419512387,31
2867,4,4245,4245,0,0,0,0,0.8979622376031369,0.7813476520067218,0.8979622376031369,0.7813476520067218,1.0,1,0.5752087367822235,30
2868,1,4246,4246,0,0,0,0,0.893971151869236,0.7652218362818797,0.893971151869236,0.7652218362818797,1.0,1,0.5926011514874568,31
2869,1,4247,4247,0,0,0,0,0.8544743638930817,0.7089487277861631,0.8544743638930817,0.7089487277861631,1.0,1,0.6125579743145684,30
2870,1,4248,4248,0,0,0,0,0.8580558113669282,0.7363893639671523,0.8580558113669282,0.7363893639671523,1.0,1,0.6803561272766406,26
2871,2,4250,4250,0,0,0,0,0.8633130035385235,0.7363893639671523,0.8633130035385235,0.7363893639671523,1.0,1,0.6603711444228809,27
2872,1,4251,4251,0,0,0,0,0.894590856828259,0.7972901092851135,0.894590856828259,0.7972901092851135,1.0,1,0.6595840908305355,25
2873,0,4251,4251,0,0,0,0,0.9037570141446017,0.8223206414977263,0.9037570141446017,0.8223206414977263,1.0,1,0.6593645296176486,24
2874,1,4252,4252,0,0,0,0,0.9076067335788177,0.8223206414977263,0.9076067335788177,0.8223206414977263,1.0,1,0.6241340459045113,25
2875,0,4252,4252,0,0,0,0,0.8722632621988673,0.7627746297978965,0.8722632621988673,0.7627746297978965,1.0,1,0.6241340459045113,26
2876,1,4253,4253,0,0,0,0,0.8139299399553407,0.6743773949218462,0.8139299399553407,0.6743773949218462,1.0,1,0.6165561773139827,28
2877,0,4253,4253,0,0,0,0,0.8203461489223979,0.6743773949218462,0.8203461489223979,0.6743773949218462,1.0,1,0.6094023925225184,29
2878,1,4254,4254,0,0,0,0,0.799990822203849,0.6352773816658422,0.799990822203849,0.6352773816658422,1.0,1,0.573634454032121,31
2879,0,4254,4254,0,0,0,0,0.7999908222038491,0.6352773816658422,0.7999908222038491,0.6352773816658422,1.0,1,0.573634454032121,31
2880,2,4256,4256,0,0,0,0,0.8424184868819944,0.6848369737639888,0.8424184868819944,0.6848369737639888,1.0,1,0.5871823510296018,32
2881,1,4257,4257,0,0,0,0,0.8782045638585969,0.7482894319744336,0.8782045638585969,0.7482894319744336,1.0,1,0.5952346671730014,31
2882,0,4257,4257,0,0,0,0,0.8782045638585969,0.7482894319744336,0.8782045638585969,0.7482894319744336,1.0,1,0.5952346671730014,31
2883,1,4258,4258,0,0,0,0,0.8777431942235853,0.7391854810103152,0.8777431942235853,0.7391854810103152,1.0,1,0.5971331655383906,32
2884,0,4258,4258,0,0,0,0,0.8777431942235853,0.7391854810103152,0.8777431942235853,0.7391854810103152,1.0,1,0.5971331655383906,32
2885,0,4258,4258,0,0,0,0,0.849601425303717,0.6898029396889163,0.849601425303717,0.6898029396889163,1.0,1,0.5971331655383906,33
2886,2,4260,4260,0,0,0,0,0.8540249127947841,0.6898029396889163,0.8540249127947841,0.6898029396889163,1.0,1,0.5708323576140868,34
2887,0,4260,4260,0,0,0,0,0.8540249127947841,0.6898029396889163,0.8540249127947841,0.6898029396889163,1.0,1,0.5652350996920239,34
2888,2,4262,4262,0,0,0,0,0.8540249127947841,0.6898029396889163,0.8540249127947841,0.6898029396889163,1.0,1,0.5728970500578974,34
2889,0,4262,4262,0,0,0,0,0.8406417604742895,0.6531614786793359,0.8406417604742895,0.6531614786793359,1.0,1,0.5775624564563306,37
2890,1,4263,4263,0,0,0,0,0.8663474255995083,0.690928421698863,0.8663474255995083,0.690928421698863,1.0,1,0.5739781296581046,37
2891,1,4264,4264,0,0,0,0,0.8663474255995083,0.690928421698863,0.8663474255995083,0.690928421698863,1.0,1,0.5920658784392436,37
2892,0,4264,4264,0,0,0,0,0.8663474255995085,0.690928421698863,0.8663474255995085,0.690928421698863,1.0,1,0.5920658784392436,37
2893,2,4266,4266,0,0,0,0,0.9022535906377889,0.752375762949065,0.9022535906377889,0.752375762949065,1.0,1,0.5901083322460918,38
2894,1,4267,4267,0,0,0,0,0.9237981324062946,0.7892028604193022,0.9237981324062946,0.7892028604193022,1.0,1,0.5898185537011881,39
2895,1,4268,4268,0,0,0,0,0.9280178039723681,0.8580229799874785,0.9280178039723681,0.8580229799874785,1.0,1,0.577625620492894,40
2896,4,4272,4272,0,0,0,0,0.8945139003400041,0.8190867066470728,0.8945139003400041,0.8190867066470728,1.0,1,0.5716720923722683,41
2897,1,4273,4273,0,0,0,0,0.8955040158030154,0.7765075402780162,0.8955040158030154,0.7765075402780162,1.0,1,0.5716720923722683,41
2898,4,4277,4277,0,0,0,0,0.8966593948457526,0.7589673222183315,0.8966593948457526,0.7589673222183315,1.0,1,0.5404966195896028,41
2899,1,4278,4278,0,0,0,0,0.9008424323666548,0.7853830131914517,0.9008424323666548,0.7853830131914517,1.0,1,0.5592490817931898,39
2900,2,4280,4280,0,0,0,0,0.894324808093479,0.7181994882492774,0.894324808093479,0.7181994882492774,1.0,1,0.5571518397791868,40
2901,1,4281,4281,0,0,0,0,0.9252256196045767,0.7863589131559338,0.9252256196045767,0.7863589131559338,1.0,1,0.5518253601754487,40
2902,1,4282,4282,0,0,0,0,0.9828201201926301,0.9455970472766618,0.9828201201926301,0.9455970472766618,1.0,1,0.5669524439149198,38
2903,1,4283,4283,0,0,0,0,0.9818656824255539,0.9455970472766618,0.9818656824255539,0.9455970472766618,1.0,1,0.5703275884251336,36
2904,1,4284,4284,0,0,0,0,0.9744615818767668,0.9233847456303002,0.9744615818767668,0.9233847456303002,1.0,1,0.5809725021478263,36
2905,1,4285,4285,0,0,0,0,0.9737319127875316,0.9233847456303002,0.9737319127875316,0.9233847456303002,1.0,1,0.5573154241694466,35
2906,0,4285,4285,0,0,0,0,0.9744615818767668,0.9233847456303002,0.9744615818767668,0.9233847456303002,1.0,1,0.5543471546894128,36
2907,2,4287,4287,0,0,0,0,0.9524457360128817,0.8646532486520482,0.9524457360128817,0.8646532486520482,1.0,1,0.5666654637594043,37
2908,4,4291,4291,0,0,0,0,0.9835518961124813,0.9456804938899592,0.9835518961124813,0.9456804938899592,1.0,1,0.5719972132162708,38
2909,1,4292,4292,0,0,0,0,0.9831073527641702,0.9456804938899592,0.9831073527641702,0.9456804938899592,1.0,1,0.5940832217940734,37
2910,1,4293,4293,0,0,0,0,0.9604105182925445,0.9277253120028828,0.9604105182925445,0.9277253120028828,1.0,1,0.6097344963077641,37
2911,0,4293,4293,0,0,0,0,0.9493221525987399,0.8479664577962196,0.9493221525987399,0.8479664577962196,1.0,1,0.6136975279430789,36
2912,1,4294,4294,0,0,0,0,0.916965720635814,0.8479664577962196,0.916965720635814,0.8479664577962196,1.0,1,0.6273903019351149,36
2913,2,4296,4296,0,0,0,0,0.9511298693743178,0.9006599247082574,0.9511298693743178,0.9006599247082574,1.0,1,0.6097926944433139,36
2914,0,4296,4296,0,0,0,0,0.9353161571416804,0.8945079062403972,0.9353161571416804,0.8945079062403972,1.0,1,0.605127615886745,38
2915,1,4297,4297,0,0,0,0,0.9335679451725367,0.8945079062403972,0.9335679451725367,0.8945079062403972,1.0,1,0.5991901661345934,37
2916,2,4299,4299,0,0,0,0,0.9149418433385201,0.8422028473321169,0.9149418433385201,0.8422028473321169,1.0,1,0.5810644388723487,39
2917,1,4300,4300,0,0,0,0,0.8878196207912674,0.7699064254832808,0.8878196207912674,0.7699064254832808,1.0,1,0.5753984376183446,40
2918,3,4303,4303,0,0,0,0,0.8681037435295205,0.7699064254832808,0.8681037435295205,0.7699064254832808,1.0,1,0.6281251861831709,40
2919,1,4304,4304,0,0,0,0,0.8448824252422902,0.7026401383840873,0.8448824252422902,0.7026401383840873,1.0,1,0.6206747456190089,42
2920,0,4304,4304,0,0,0,0,0.8448824252422902,0.7026401383840873,0.8448824252422902,0.7026401383840873,1.0,1,0.6206747456190089,42
2921,0,4304,4304,0,0,0,0,0.8448824252422902,0.7026401383840873,0.8448824252422902,0.7026401383840873,1.0,1,0.6206747456190089,42
2922,0,4304,4304,0,0,0,0,0.8484898107017718,0.7026401383840873,0.8484898107017718,0.7026401383840873,1.0,1,0.6021944668447863,43
2923,1,4305,4305,0,0,0,0,0.8301356786281818,0.6939884106599423,0.8301356786281818,0.6939884106599423,1.0,1,0.5904515310185067,45
2924,1,4306,4306,0,0,0,0,0.8330187133139861,0.7278518550054778,0.8330187133139861,0.7278518550054778,1.0,1,0.5697949848838627,46
2925,0,4306,4306,0,0,0,0,0.8330187133139859,0.7278518550054778,0.8330187133139859,0.7278518550054778,1.0,1,0.5697949848838627,46
2926,1,4307,4307,0,0,0,0,0.832298285298279,0.6799229341627198,0.832298285298279,0.6799229341627198,1.0,1,0.5697949848838627,46
2927,1,4308,4308,0,0,0,0,0.8127867016736195,0.6799229341627198,0.8127867016736195,0.6799229341627198,1.0,1,0.5634707469477964,48
2928,0,4308,4308,0,0,0,0,0.8127867016736197,0.6799229341627198,0.8127867016736197,0.6799229341627198,1.0,1,0.5634707469477964,48
2929,0,4308,4308,0,0,0,0,0.8127867016736195,0.6799229341627198,0.8127867016736195,0.6799229341627198,1.0,1,0.5634707469477964,48
2930,1,4309,4309,0,0,0,0,0.7995238360717184,0.6418194754958527,0.7995238360717184,0.6418194754958527,1.0,1,0.55475736282103,50
2931,0,4309,4309,0,0,0,0,0.7862977486971738,0.6131069146333027,0.7862977486971738,0.6131069146333027,1.0,1,0.55475736282103,51
2932,0,4309,4309,0,0,0,0,0.7904074073760744,0.6131069146333027,0.7904074073760744,0.6131069146333027,1.0,1,0.5460286543077639,52
2933,3,4312,4312,0,0,0,0,0.7666415298102843,0.5110375867982863,0.7666415298102843,0.5110375867982863,1.0,1,0.5482311138911914,53
2934,1,4313,4313,0,0,0,0,0.7321473150767521,0.480648532324039,0.7321473150767521,0.480648532324039,1.0,1,0.5505803894046021,54
2935,1,4314,4314,0,0,0,0,0.7516273995708305,0.48250906082275535,0.7516273995708305,0.48250906082275535,1.0,1,0.5505803894046021,53
2936,2,4316,4316,0,0,0,0,0.7170617686909752,0.48250906082275535,0.7170617686909752,0.48250906082275535,1.0,1,0.5552848288489924,53
2937,1,4317,4317,0,0,0,0,0.7486709812128908,0.46484423114623363,0.7486709812128908,0.46484423114623363,1.0,1,0.5552848288489924,51
2938,4,4321,4321,0,0,0,0,0.6977041275371031,0.4927550362958327,0.6977041275371031,0.4927550362958327,1.0,1,0.5815942623664936,53
2939,2,4323,4323,0,0,0,0,0.7460373571454693,0.5326134544019907,0.7460373571454693,0.5326134544019907,1.0,1,0.5638786549449469,52
2940,2,4325,4325,0,0,0,0,0.748046513186175,0.5593050823498567,0.748046513186175,0.5593050823498567,1.0,1,0.5513176670076628,52
2941,1,4326,4326,0,0,0,0,0.7872722404456242,0.5593050823498567,0.7872722404456242,0.5593050823498567,1.0,1,0.556314800501768,50
2942,2,4328,4328,0,0,0,0,0.7820634926058102,0.563744652966171,0.7820634926058102,0.563744652966171,1.0,1,0.563248900828308,50
2943,1,4329,4329,0,0,0,0,0.786745408601591,0.563744652966171,0.786745408601591,0.563744652966171,1.0,1,0.5610408043386247,49
2944,3,4332,4332,0,0,0,0,0.8033419468347985,0.563744652966171,0.8033419468347985,0.563744652966171,1.0,1,0.5531207691075949,48
2945,1,4333,4333,0,0,0,0,0.8033419468347985,0.563744652966171,0.8033419468347985,0.563744652966171,1.0,1,0.5697487342794001,48
2946,2,4335,4335,0,0,0,0,0.7991577329376666,0.563744652966171,0.7991577329376666,0.563744652966171,1.0,1,0.5764609970413718,47
2947,1,4336,4336,0,0,0,0,0.7801221135125039,0.563744652966171,0.7801221135125039,0.563744652966171,1.0,1,0.5917331901643363,47
2948,1,4337,4337,0,0,0,0,0.7646328105468209,0.537389198875848,0.7646328105468209,0.537389198875848,1.0,1,0.6047366399879966,48
2949,0,4337,4337,0,0,0,0,0.7646328105468209,0.537389198875848,0.7646328105468209,0.537389198875848,1.0,1,0.6047366399879966,48
2950,1,4338,4338,0,0,0,0,0.7646328105468209,0.537389198875848,0.7646328105468209,0.537389198875848,1.0,1,0.5969933410107651,48
2951,0,4338,4338,0,0,0,0,0.7351620303535408,0.5142128408991528,0.7351620303535408,0.5142128408991528,1.0,1,0.5969933410107651,50
2952,0,4338,4338,0,0,0,0,0.7351620303535408,0.5142128408991528,0.7351620303535408,0.5142128408991528,1.0,1,0.5969933410107651,50
2953,0,4338,4338,0,0,0,0,0.7236965129720128,0.5142128408991528,0.7236965129720128,0.5142128408991528,1.0,1,0.5988058447531127,51
2954,0,4338,4338,0,0,0,0,0.7236965129720128,0.5142128408991528,0.7236965129720128,0.5142128408991528,1.0,1,0.5988058447531127,51
2955,2,4340,4340,0,0,0,0,0.7628414091223599,0.5681504927657847,0.7628414091223599,0.5681504927657847,1.0,1,0.5905399677419914,51
2956,0,4340,4340,0,0,0,0,0.7628414091223599,0.5681504927657847,0.7628414091223599,0.5681504927657847,1.0,1,0.5905399677419914,51
2957,3,4343,4343,0,0,0,0,0.7610267090162327,0.6192118012963893,0.7610267090162327,0.6192118012963893,1.0,1,0.5881810020645637,52
2958,0,4343,4343,0,0,0,0,0.7610267090162327,0.6192118012963893,0.7610267090162327,0.6192118012963893,1.0,1,0.5881810020645637,52
2959,1,4344,4344,0,0,0,0,0.7663757630423147,0.6663460347935077,0.7663757630423147,0.6663460347935077,1.0,1,0.5739880700938259,53
2960,0,4344,4344,0,0,0,0,0.7793980791926334,0.7024167042664927,0.7793980791926334,0.7024167042664927,1.0,1,0.5739880700938259,52
2961,1,4345,4345,0,0,0,0,0.8015591964053921,0.7024167042664927,0.8015591964053921,0.7024167042664927,1.0,1,0.548335169505385,53
2962,1,4346,4346,0,0,0,0,0.7975371945454918,0.6932251392492755,0.7975371945454918,0.6932251392492755,1.0,1,0.5355580411360573,54
2963,2,4348,4348,0,0,0,0,0.8029738428010585,0.6212619293532301,0.8029738428010585,0.6212619293532301,1.0,1,0.5281566951402062,55
2964,1,4349,4349,0,0,0,0,0.8000449504102539,0.6212619293532301,0.8000449504102539,0.6212619293532301,1.0,1,0.5278932404213099,55
2965,2,4351,4351,0,0,0,0,0.8003132641115973,0.5663501522567449,0.8003132641115973,0.5663501522567449,1.0,1,0.5291202577365102,55
2966,2,4353,4353,0,0,0,0,0.8003418602603524,0.5663501522567449,0.8003418602603524,0.5663501522567449,1.0,1,0.5257764569882222,55
2967,1,4354,4354,0,0,0,0,0.7605923337557288,0.5118280601386374,0.7605923337557288,0.5118280601386374,1.0,1,0.538522635458388,56
2968,1,4355,4355,0,0,0,0,0.7605923337557288,0.5118280601386374,0.7605923337557288,0.5118280601386374,1.0,1,0.5290388984761597,56
2969,1,4356,4356,0,0,0,0,0.7536572398754168,0.5118280601386374,0.7536572398754168,0.5118280601386374,1.0,1,0.560304723478525,55
2970,1,4357,4357,0,0,0,0,0.7439427400418982,0.4585338928296417,0.7439427400418982,0.4585338928296417,1.0,1,0.549808351263832,57
2971,5,4362,4362,0,0,0,0,0.6929931296462782,0.4585338928296417,0.6929931296462782,0.4585338928296417,1.0,1,0.5866902649491773,56
2972,2,4364,4364,0,0,0,0,0.6566223758071432,0.4402980016541632,0.6566223758071432,0.4402980016541632,1.0,1,0.6002445491439116,57
2973,1,4365,4365,0,0,0,0,0.63474122316762,0.4402980016541632,0.63474122316762,0.4402980016541632,1.0,1,0.5948094393319601,59
2974,4,4369,4369,0,0,0,0,0.6228754862154601,0.42458668739113276,0.6228754862154601,0.42458668739113276,1.0,1,0.5916478859744289,60
2975,2,4371,4371,0,0,0,0,0.6239408430433757,0.42458668739113276,0.6239408430433757,0.42458668739113276,1.0,1,0.6038384184021443,58
2976,1,4372,4372,0,0,0,0,0.6296787483332801,0.4402980016541632,0.6296787483332801,0.4402980016541632,1.0,1,0.5904225022952074,59
2977,0,4372,4372,0,0,0,0,0.6462526501584892,0.4402980016541632,0.6462526501584892,0.4402980016541632,1.0,1,0.5696830490203577,59
2978,3,4375,4375,0,0,0,0,0.67606388013949,0.457901989569863,0.67606388013949,0.457901989569863,1.0,1,0.5466323438358542,58
2979,0,4375,4375,0,0,0,0,0.6868240589823104,0.457901989569863,0.6868240589823104,0.457901989569863,1.0,1,0.5466323438358542,57
2980,1,4376,4376,0,0,0,0,0.713414185152972,0.47815517265480295,0.713414185152972,0.47815517265480295,1.0,1,0.5388025293322338,56
2981,2,4378,4378,0,0,0,0,0.7176654132622249,0.4968665230015354,0.7176654132622249,0.4968665230015354,1.0,1,0.5337518545422868,56
2982,5,4383,4383,0,0,0,0,0.7688231692780142,0.6024026233420208,0.7688231692780142,0.6024026233420208,1.0,1,0.5019235861512229,57
2983,4,4387,4387,0,0,0,0,0.7433167253807147,0.5612763068566321,0.7433167253807147,0.5612763068566321,1.0,1,0.498150525899155,57
2984,4,4391,4391,0,0,0,0,0.7595072386547926,0.5840971705808374,0.7595072386547926,0.5840971705808374,1.0,1,0.500800154013737,56
2985,1,4392,4392,0,0,0,0,0.7423553448701133,0.6061291411250448,0.7423553448701133,0.6061291411250448,1.0,1,0.5087675351596891,55
2986,2,4394,4394,0,0,0,0,0.743234571612505,0.5709342886514261,0.743234571612505,0.5709342886514261,1.0,1,0.5246397981166674,55
2987,0,4394,4394,0,0,0,0,0.761073692690111,0.6308634811964675,0.761073692690111,0.6308634811964675,1.0,1,0.5414136937774454,51
2988,4,4398,4398,0,0,0,0,0.8009371821851075,0.6308634811964675,0.8009371821851075,0.6308634811964675,1.0,1,0.5274989843562973,52
2989,0,4398,4398,0,0,0,0,0.7929746694725118,0.6308634811964675,0.7929746694725118,0.6308634811964675,1.0,1,0.5483483629951705,50
2990,2,4400,4400,0,0,0,0,0.7942070249371107,0.6641585454719472,0.7942070249371107,0.6641585454719472,1.0,1,0.5427089109875793,50
2991,0,4400,4400,0,0,0,0,0.7942070249371107,0.6641585454719472,0.7942070249371107,0.6641585454719472,1.0,1,0.5394428546635229,50
2992,1,4401,4401,0,0,0,0,0.7942070249371107,0.6641585454719472,0.7942070249371107,0.6641585454719472,1.0,1,0.5323624762229647,50
2993,3,4404,4404,0,0,0,0,0.8034731835771679,0.6523407270685713,0.8034731835771679,0.6523407270685713,1.0,1,0.523970538390935,51
2994,1,4405,4405,0,0,0,0,0.8034731835771679,0.6523407270685713,0.8034731835771679,0.6523407270685713,1.0,1,0.5169877830793925,51
2995,3,4408,4408,0,0,0,0,0.7998765954923158,0.6480904063486383,0.7998765954923158,0.6480904063486383,1.0,1,0.5196990815727217,51
2996,1,4409,4409,0,0,0,0,0.7849641291020362,0.5916735006945253,0.7849641291020362,0.5916735006945253,1.0,1,0.5196990815727217,52
2997,0,4409,4409,0,0,0,0,0.7667483521833985,0.5916735006945253,0.7667483521833985,0.5916735006945253,1.0,1,0.530153850062621,52
2998,3,4412,4412,0,0,0,0,0.7621747904615044,0.5916735006945253,0.7621747904615044,0.5916735006945253,1.0,1,0.5776866267317183,51
2999,0,4412,4412,0,0,0,0,0.7621747904615045,0.5916735006945253,0.7621747904615045,0.5916735006945253,1.0,1,0.5776866267317183,51
3000,2,4414,4414,0,0,0,0,0.7607371625104891,0.5916735006945253,0.7607371625104891,0.5916735006945253,1.0,1,0.5775153640899634,52
3001,0,4414,4414,0,0,0,0,0.7607371625104891,0.5916735006945253,0.7607371625104891,0.5916735006945253,1.0,1,0.5775153640899634,52
3002,1,4415,4415,0,0,0,0,0.7262712323352158,0.5916735006945253,0.7262712323352158,0.5916735006945253,1.0,1,0.5895795351180942,53
3003,0,4415,4415,0,0,0,0,0.7313402835882674,0.5916735006945253,0.7313402835882674,0.5916735006945253,1.0,1,0.5722361834178871,54
3004,0,4415,4415,0,0,0,0,0.7179508262096177,0.5618358320479254,0.7179508262096177,0.5618358320479254,1.0,1,0.5722361834178871,55
3005,0,4415,4415,0,0,0,0,0.7064181425623868,0.5618358320479254,0.7064181425623868,0.5618358320479254,1.0,1,0.5722361834178871,56
3006,1,4416,4416,0,0,0,0,0.7109257885154757,0.5367685491995507,0.7109257885154757,0.5367685491995507,1.0,1,0.5633003974046662,57
3007,2,4418,4418,0,0,0,0,0.6977601990791624,0.491514377675828,0.6977601990791624,0.491514377675828,1.0,1,0.5633003974046662,58
3008,0,4418,4418,0,0,0,0,0.7028829075693461,0.491514377675828,0.7028829075693461,0.491514377675828,1.0,1,0.5516778997637697,59
3009,1,4419,4419,0,0,0,0,0.7009835198555334,0.5187872931062865,0.7009835198555334,0.5187872931062865,1.0,1,0.5516778997637697,59
3010,2,4421,4421,0,0,0,0,0.6937667135181472,0.5187872931062865,0.6937667135181472,0.5187872931062865,1.0,1,0.5531224063148865,59
3011,1,4422,4422,0,0,0,0,0.6780949001006367,0.5187872931062865,0.6780949001006367,0.5187872931062865,1.0,1,0.5655326957402266,59
3012,2,4424,4424,0,0,0,0,0.6741335291434305,0.5169578502352133,0.6741335291434305,0.5169578502352133,1.0,1,0.5570477637236241,61
3013,1,4425,4425,0,0,0,0,0.7049445486121199,0.5713559024718458,0.7049445486121199,0.5713559024718458,1.0,1,0.5553724750015503,59
3014,1,4426,4426,0,0,0,0,0.6863773536553169,0.5336042034028878,0.6863773536553169,0.5336042034028878,1.0,1,0.557032198758522,60
3015,2,4428,4428,0,0,0,0,0.6961688584923371,0.5481217691076791,0.6961688584923371,0.5481217691076791,1.0,1,0.5460747549063878,58
3016,2,4430,4430,0,0,0,0,0.7070642793066338,0.5709568832709405,0.7070642793066338,0.5709568832709405,1.0,1,0.5462577828131036,57
3017,5,4435,4435,0,0,0,0,0.6801853267561777,0.5332699396707241,0.6801853267561777,0.5332699396707241,1.0,1,0.5459067944478182,58
3018,1,4436,4436,0,0,0,0,0.7113193573627874,0.5556095372916664,0.7113193573627874,0.5556095372916664,1.0,1,0.546039583424651,55
3019,3,4439,4439,0,0,0,0,0.6971222480569577,0.5497325162422586,0.6971222480569577,0.5497325162422586,1.0,1,0.5421686212248207,56
3020,3,4442,4442,0,0,0,0,0.7315992460853732,0.5539665941322734,0.7315992460853732,0.5539665941322734,1.0,1,0.5376755325378462,55
3021,3,4445,4445,0,0,0,0,0.7315992460853732,0.5539665941322734,0.7315992460853732,0.5539665941322734,1.0,1,0.5257494775880821,55
3022,3,4448,4448,0,0,0,0,0.6905104022304096,0.5234210566891899,0.6905104022304096,0.5234210566891899,1.0,1,0.5665655585506957,55
3023,1,4449,4449,0,0,0,0,0.7146883853882813,0.540941549188642,0.7146883853882813,0.540941549188642,1.0,1,0.5595461964110019,54
3024,4,4453,4453,0,0,0,0,0.7355921817627467,0.510594827312951,0.7355921817627467,0.510594827312951,1.0,1,0.5336792066428107,54
3025,2,4455,4455,0,0,0,0,0.7162859480890321,0.510594827312951,0.7162859480890321,0.510594827312951,1.0,1,0.5678411210768282,54
3026,3,4458,4458,0,0,0,0,0.7100326996577259,0.5270060445498959,0.7100326996577259,0.5270060445498959,1.0,1,0.5720879618389765,53
3027,4,4462,4462,0,0,0,0,0.7116097194704979,0.4973729413673382,0.7116097194704979,0.4973729413673382,1.0,1,0.5559446932588354,53
3028,2,4464,4464,0,0,0,0,0.7426097299337107,0.5580322559682612,0.7426097299337107,0.5580322559682612,1.0,1,0.5460481491177561,51
3029,2,4466,4466,0,0,0,0,0.7244724207249661,0.5580322559682612,0.7244724207249661,0.5580322559682612,1.0,1,0.5536845677604022,51
3030,3,4469,4469,0,0,0,0,0.7647600799413314,0.5899399970062968,0.7647600799413314,0.5899399970062968,1.0,1,0.5402928989717494,52
3031,1,4470,4470,0,0,0,0,0.7421793136360265,0.5899399970062968,0.7421793136360265,0.5899399970062968,1.0,1,0.559579797445591,51
3032,1,4471,4471,0,0,0,0,0.7544584905754264,0.6170999693792532,0.7544584905754264,0.6170999693792532,1.0,1,0.5564123768648156,50
3033,1,4472,4472,0,0,0,0,0.747444237667054,0.6170999693792532,0.747444237667054,0.6170999693792532,1.0,1,0.553179774649009,52
3034,0,4472,4472,0,0,0,0,0.7424921638958198,0.6170999693792532,0.7424921638958198,0.6170999693792532,1.0,1,0.5614031304694987,51
3035,0,4472,4472,0,0,0,0,0.74249216389582,0.6170999693792532,0.74249216389582,0.6170999693792532,1.0,1,0.5602122433153186,51
3036,1,4473,4473,0,0,0,0,0.7323709599996894,0.6047318144155113,0.7323709599996894,0.6047318144155113,1.0,1,0.5580861348065496,53
3037,1,4474,4474,0,0,0,0,0.7335253645151242,0.60711684394315,0.7335253645151242,0.60711684394315,1.0,1,0.5670719075763064,52
3038,1,4475,4475,0,0,0,0,0.7322800079453493,0.60711684394315,0.7322800079453493,0.60711684394315,1.0,1,0.5670719075763064,52
3039,1,4476,4476,0,0,0,0,0.7264858114023433,0.5838994791877565,0.7264858114023433,0.5838994791877565,1.0,1,0.5536338975971531,54
3040,1,4477,4477,0,0,0,0,0.7134209813645497,0.5838994791877565,0.7134209813645497,0.5838994791877565,1.0,1,0.5536338975971531,55
3041,0,4477,4477,0,0,0,0,0.7015203034995094,0.5583320287941633,0.7015203034995094,0.5583320287941633,1.0,1,0.5536338975971531,56
3042,2,4479,4479,0,0,0,0,0.7170732720993609,0.5901485607791122,0.7170732720993609,0.5901485607791122,1.0,1,0.5438593444842299,56
3043,1,4480,4480,0,0,0,0,0.7220789333998232,0.5901485607791122,0.7220789333998232,0.5901485607791122,1.0,1,0.5352252936048051,57
3044,3,4483,4483,0,0,0,0,0.7414569201095876,0.639638870807298,0.7414569201095876,0.639638870807298,1.0,1,0.5237122144336331,57
3045,0,4483,4483,0,0,0,0,0.7368400793972588,0.639638870807298,0.7368400793972588,0.639638870807298,1.0,1,0.5327019585706116,56
3046,4,4487,4487,0,0,0,0,0.7490428886942767,0.6846627213079002,0.7490428886942767,0.6846627213079002,1.0,1,0.5194474628202188,57
3047,1,4488,4488,0,0,0,0,0.7425867834419202,0.6476065231906508,0.7425867834419202,0.6476065231906508,1.0,1,0.5292814798105293,56
3048,2,4490,4490,0,0,0,0,0.7452894877006296,0.5993400928818329,0.7452894877006296,0.5993400928818329,1.0,1,0.5099538989748827,58
3049,2,4492,4492,0,0,0,0,0.7182014770887236,0.5701737534534544,0.7182014770887236,0.5701737534534544,1.0,1,0.5239919867463222,59
3050,1,4493,4493,0,0,0,0,0.7425551854712715,0.5806454177741794,0.7425551854712715,0.5806454177741794,1.0,1,0.503596157463265,60
3051,3,4496,4496,0,0,0,0,0.7580669156691754,0.5669326803233946,0.7580669156691754,0.5669326803233946,1.0,1,0.499834647452711,59
3052,1,4497,4497,0,0,0,0,0.7584295599246186,0.5588528679033243,0.7584295599246186,0.5588528679033243,1.0,1,0.5008798073101811,58
3053,2,4499,4499,0,0,0,0,0.7351766916059987,0.528248300189549,0.7351766916059987,0.528248300189549,1.0,1,0.5054139978836484,57
3054,1,4500,4500,0,0,0,0,0.7469021693169506,0.5633881097435447,0.7469021693169506,0.5633881097435447,1.0,1,0.5132464193920466,55
3055,1,4501,4501,0,0,0,0,0.7429714215418904,0.5654299822850343,0.7429714215418904,0.5654299822850343,1.0,1,0.5281787667166942,54
3056,3,4504,4504,0,0,0,0,0.7831269239522298,0.617654164553962,0.7831269239522298,0.617654164553962,1.0,1,0.5082653841604157,55
3057,0,4504,4504,0,0,0,0,0.7791107558772711,0.617654164553962,0.7791107558772711,0.617654164553962,1.0,1,0.5242235635110224,54
3058,4,4508,4508,0,0,0,0,0.8204361509746262,0.5881214352075952,0.8204361509746262,0.5881214352075952,1.0,1,0.5009297059151329,55
3059,0,4508,4508,0,0,0,0,0.8046782992968161,0.5881214352075952,0.8046782992968161,0.5881214352075952,1.0,1,0.5009297059151329,56
3060,2,4510,4510,0,0,0,0,0.8077408858131677,0.6123624296778875,0.8077408858131677,0.6123624296778875,1.0,1,0.4923359923238622,56
3061,1,4511,4511,0,0,0,0,0.7907035249397802,0.6123624296778875,0.7907035249397802,0.6123624296778875,1.0,1,0.49864505420408667,56
3062,4,4515,4515,0,0,0,0,0.751265343777214,0.6796014135127549,0.751265343777214,0.6796014135127549,1.0,1,0.5161828296311295,57
3063,2,4517,4517,0,0,0,0,0.7976925969418591,0.705089623669484,0.7976925969418591,0.705089623669484,1.0,1,0.5008080665254571,55
3064,3,4520,4520,0,0,0,0,0.7534016400031437,0.6656794461023522,0.7534016400031437,0.6656794461023522,1.0,1,0.5301436967780983,56
3065,2,4522,4522,0,0,0,0,0.7484142279269,0.636591601158368,0.7484142279269,0.636591601158368,1.0,1,0.528915442408473,55
3066,1,4523,4523,0,0,0,0,0.7297647326733728,0.636591601158368,0.7297647326733728,0.636591601158368,1.0,1,0.5468822928321095,55
3067,2,4525,4525,0,0,0,0,0.7422799235144107,0.636591601158368,0.7422799235144107,0.636591601158368,1.0,1,0.5714990022487391,54
3068,3,4528,4528,0,0,0,0,0.7573148628538166,0.636591601158368,0.7573148628538166,0.636591601158368,1.0,1,0.5773949709430538,53
3069,2,4530,4530,0,0,0,0,0.7811489117849035,0.636591601158368,0.7811489117849035,0.636591601158368,1.0,1,0.5834947521370439,51
3070,2,4532,4532,0,0,0,0,0.8078879835894723,0.5896480536689155,0.8078879835894723,0.5896480536689155,1.0,1,0.5695806208565478,50
3071,1,4533,4533,0,0,0,0,0.7946051427200003,0.5896480536689155,0.7946051427200003,0.5896480536689155,1.0,1,0.5600008627113789,51
3072,3,4536,4536,0,0,0,0,0.7669060143194537,0.5615163905283758,0.7669060143194537,0.5615163905283758,1.0,1,0.5578124294310743,53
3073,1,4537,4537,0,0,0,0,0.7760361456219041,0.5615163905283758,0.7760361456219041,0.5615163905283758,1.0,1,0.5623313804296781,51
3074,3,4540,4540,0,0,0,0,0.8245601894289191,0.6449360915479992,0.8245601894289191,0.6449360915479992,1.0,1,0.5546243225430176,50
3075,2,4542,4542,0,0,0,0,0.7783903086409191,0.5979869097856778,0.7783903086409191,0.5979869097856778,1.0,1,0.5531174243520851,52
3076,1,4543,4543,0,0,0,0,0.7678667252462931,0.6468908983549215,0.7678667252462931,0.6468908983549215,1.0,1,0.5541967103132217,53
3077,1,4544,4544,0,0,0,0,0.7998607986250268,0.6468908983549215,0.7998607986250268,0.6468908983549215,1.0,1,0.539780546684492,52
3078,0,4544,4544,0,0,0,0,0.7698402942935961,0.6468908983549215,0.7698402942935961,0.6468908983549215,1.0,1,0.5561825497225732,53
3079,0,4544,4544,0,0,0,0,0.7698402942935961,0.6468908983549215,0.7698402942935961,0.6468908983549215,1.0,1,0.5561825497225732,53
3080,1,4545,4545,0,0,0,0,0.7803574948441122,0.6468908983549215,0.7803574948441122,0.6468908983549215,1.0,1,0.5630957061298556,52
3081,1,4546,4546,0,0,0,0,0.7526806462106299,0.6304209532727364,0.7526806462106299,0.6304209532727364,1.0,1,0.5630957061298556,54
3082,2,4548,4548,0,0,0,0,0.7650563256230436,0.6880429607400165,0.7650563256230436,0.6880429607400165,1.0,1,0.5572706568228653,54
3083,1,4549,4549,0,0,0,0,0.7628949064135232,0.6880429607400165,0.7628949064135232,0.6880429607400165,1.0,1,0.5572706568228653,54
3084,1,4550,4550,0,0,0,0,0.7702150747671849,0.6880429607400165,0.7702150747671849,0.6880429607400165,1.0,1,0.549509315326585,55
3085,2,4552,4552,0,0,0,0,0.7642606618160781,0.6238046649611044,0.7642606618160781,0.6238046649611044,1.0,1,0.549509315326585,55
3086,0,4552,4552,0,0,0,0,0.7478755668408876,0.6238046649611044,0.7478755668408876,0.6238046649611044,1.0,1,0.549509315326585,56
3087,0,4552,4552,0,0,0,0,0.7339150869363401,0.6238046649611044,0.7339150869363401,0.6238046649611044,1.0,1,0.549509315326585,57
3088,1,4553,4553,0,0,0,0,0.7382953118914425,0.6389819775094607,0.7382953118914425,0.6389819775094607,1.0,1,0.5562238908883168,56
3089,2,4555,4555,0,0,0,0,0.770113667573208,0.6389819775094607,0.770113667573208,0.6389819775094607,1.0,1,0.5478208103146667,55
3090,0,4555,4555,0,0,0,0,0.7881848985027671,0.6389819775094607,0.7881848985027671,0.6389819775094607,1.0,1,0.5478403105395345,54
3091,0,4555,4555,0,0,0,0,0.7841883871537627,0.6389819775094607,0.7841883871537627,0.6389819775094607,1.0,1,0.5499508045214387,53
3092,0,4555,4555,0,0,0,0,0.7742017496278103,0.6389819775094607,0.7742017496278103,0.6389819775094607,1.0,1,0.5382454438858468,56
3093,1,4556,4556,0,0,0,0,0.7592292168315542,0.6389819775094607,0.7592292168315542,0.6389819775094607,1.0,1,0.5495019712737902,56
3094,0,4556,4556,0,0,0,0,0.7331181718797287,0.6057498345041308,0.7331181718797287,0.6057498345041308,1.0,1,0.5495019712737902,58
3095,1,4557,4557,0,0,0,0,0.7232414110054578,0.6057498345041308,0.7232414110054578,0.6057498345041308,1.0,1,0.5438939699653662,59
3096,2,4559,4559,0,0,0,0,0.7015174222163516,0.5827934359293093,0.7015174222163516,0.5827934359293093,1.0,1,0.5453184669072532,60
3097,1,4560,4560,0,0,0,0,0.7143141865268341,0.5827934359293093,0.7143141865268341,0.5827934359293093,1.0,1,0.5395202048954107,60
3098,2,4562,4562,0,0,0,0,0.7403224903090624,0.5603515082024076,0.7403224903090624,0.5603515082024076,1.0,1,0.5305646312478742,58
3099,1,4563,4563,0,0,0,0,0.7357667445250108,0.5603515082024076,0.7357667445250108,0.5603515082024076,1.0,1,0.5376019375077283,57
3100,2,4565,4565,0,0,0,0,0.7391023855265622,0.5384961694140743,0.7391023855265622,0.5384961694140743,1.0,1,0.5260397380794348,57
3101,2,4567,4567,0,0,0,0,0.7435276741847754,0.5384961694140743,0.7435276741847754,0.5384961694140743,1.0,1,0.5130510310860031,58
3102,1,4568,4568,0,0,0,0,0.6979265729778965,0.48525645104382914,0.6979265729778965,0.48525645104382914,1.0,1,0.5348323394669428,59
3103,2,4570,4570,0,0,0,0,0.7034234410087601,0.474000099861984,0.7034234410087601,0.474000099861984,1.0,1,0.5488189812111497,58
3104,2,4572,4572,0,0,0,0,0.6893084792283841,0.48025903061268704,0.6893084792283841,0.48025903061268704,1.0,1,0.5568420364460824,58
3105,2,4574,4574,0,0,0,0,0.710180385826065,0.4971496521960435,0.710180385826065,0.4971496521960435,1.0,1,0.5691571899797851,56
3106,6,4580,4580,0,0,0,0,0.7141502098436779,0.5270262864460767,0.7141502098436779,0.5270262864460767,1.0,1,0.5494097381218209,57
3107,3,4583,4583,0,0,0,0,0.7650617554040589,0.6047493942367814,0.7650617554040589,0.6047493942367814,1.0,1,0.5327425836975119,55
3108,4,4587,4587,0,0,0,0,0.8002516033636491,0.6538687509940225,0.8002516033636491,0.6538687509940225,1.0,1,0.5167936163844721,55
3109,3,4590,4590,0,0,0,0,0.8492872776225499,0.7319177064487777,0.8492872776225499,0.7319177064487777,1.0,1,0.5012556588372568,54
3110,5,4595,4595,0,0,0,0,0.8784261109348085,0.6524484980157708,0.8784261109348085,0.6524484980157708,1.0,1,0.4820060318733594,54
3111,2,4597,4597,0,0,0,0,0.8681614024796658,0.6524484980157708,0.8681614024796658,0.6524484980157708,1.0,1,0.4846246703741219,54
3112,5,4602,4602,0,0,0,0,0.8220923554098015,0.6012367655742398,0.8220923554098015,0.6012367655742398,1.0,1,0.501706799197199,56
3113,4,4606,4606,0,0,0,0,0.7680019777393698,0.5344579771104692,0.7680019777393698,0.5344579771104692,1.0,1,0.5386966313122904,55
3114,1,4607,4607,0,0,0,0,0.7824126413838134,0.5548117394816104,0.7824126413838134,0.5548117394816104,1.0,1,0.5396710289762313,54
3115,0,4607,4607,0,0,0,0,0.7901836184772485,0.5548117394816104,0.7901836184772485,0.5548117394816104,1.0,1,0.5159731861927345,56
3116,2,4609,4609,0,0,0,0,0.7526716342302017,0.4997983487180718,0.7526716342302017,0.4997983487180718,1.0,1,0.5306606629531425,56
3117,2,4611,4611,0,0,0,0,0.7297226183882546,0.5141619141613091,0.7297226183882546,0.5141619141613091,1.0,1,0.5402896619781118,58
3118,0,4611,4611,0,0,0,0,0.7382572106786527,0.5141619141613091,0.7382572106786527,0.5141619141613091,1.0,1,0.5416335590031977,57
3119,1,4612,4612,0,0,0,0,0.7390282613969035,0.5357301290119667,0.7390282613969035,0.5357301290119667,1.0,1,0.5416335590031977,57
3120,0,4612,4612,0,0,0,0,0.734368051778991,0.5357301290119667,0.734368051778991,0.5357301290119667,1.0,1,0.5433735450153185,56
3121,3,4615,4615,0,0,0,0,0.7097344654048762,0.5576935827692204,0.7097344654048762,0.5576935827692204,1.0,1,0.5557321858519102,57
3122,0,4615,4615,0,0,0,0,0.7097344654048762,0.5576935827692204,0.7097344654048762,0.5576935827692204,1.0,1,0.5557321858519102,57
3123,3,4618,4618,0,0,0,0,0.7457774489241238,0.5884003484520169,0.7457774489241238,0.5884003484520169,1.0,1,0.5340771510145695,57
3124,2,4620,4620,0,0,0,0,0.7833220334480966,0.5884003484520169,0.7833220334480966,0.5884003484520169,1.0,1,0.5036497079939639,59
3125,1,4621,4621,0,0,0,0,0.783339882203558,0.5884003484520169,0.783339882203558,0.5884003484520169,1.0,1,0.49618873676119174,61
3126,3,4624,4624,0,0,0,0,0.7909086715837592,0.5665747653960365,0.7909086715837592,0.5665747653960365,1.0,1,0.4986477895284046,60
3127,1,4625,4625,0,0,0,0,0.8153360500845183,0.5665747653960365,0.8153360500845183,0.5665747653960365,1.0,1,0.4963461395508725,58
3128,3,4628,4628,0,0,0,0,0.780226832085607,0.5520840824321137,0.780226832085607,0.5520840824321137,1.0,1,0.5106185125070825,58
3129,3,4631,4631,0,0,0,0,0.7348157626270909,0.5520840824321137,0.7348157626270909,0.5520840824321137,1.0,1,0.546473066891252,56
3130,0,4631,4631,0,0,0,0,0.7383320546155879,0.5244918823525986,0.7383320546155879,0.5244918823525986,1.0,1,0.546473066891252,56
3131,0,4631,4631,0,0,0,0,0.7335744556085986,0.5244918823525986,0.7335744556085986,0.5244918823525986,1.0,1,0.5598865172052886,55
3132,1,4632,4632,0,0,0,0,0.7876995817536324,0.5244918823525986,0.7876995817536324,0.5244918823525986,1.0,1,0.5508641787630324,53
3133,2,4634,4634,0,0,0,0,0.8107432865269182,0.5244918823525986,0.8107432865269182,0.5244918823525986,1.0,1,0.5449485939275575,52
3134,2,4636,4636,0,0,0,0,0.799333999575389,0.5031127608533442,0.799333999575389,0.5031127608533442,1.0,1,0.5442868982325426,52
3135,2,4638,4638,0,0,0,0,0.7658285526348017,0.5031127608533442,0.7658285526348017,0.5031127608533442,1.0,1,0.5452145361696286,53
3136,2,4640,4640,0,0,0,0,0.733470665668368,0.5031127608533442,0.733470665668368,0.5031127608533442,1.0,1,0.5578833802916733,54
3137,4,4644,4644,0,0,0,0,0.7388635746301818,0.5031127608533442,0.7388635746301818,0.5031127608533442,1.0,1,0.5429695008635244,55
3138,3,4647,4647,0,0,0,0,0.6863701958686084,0.5040727537275672,0.6863701958686084,0.5040727537275672,1.0,1,0.5548038518076187,57
3139,1,4648,4648,0,0,0,0,0.7171739318849324,0.526627441003724,0.7171739318849324,0.526627441003724,1.0,1,0.5376904607532321,56
3140,1,4649,4649,0,0,0,0,0.7414585580332833,0.5459743086173492,0.7414585580332833,0.5459743086173492,1.0,1,0.535513969826865,56
3141,1,4650,4650,0,0,0,0,0.762444512556452,0.5860402953903935,0.762444512556452,0.5860402953903935,1.0,1,0.5258039402800244,56
3142,1,4651,4651,0,0,0,0,0.778886051030848,0.6158500865643091,0.778886051030848,0.6158500865643091,1.0,1,0.5197220496660333,56
3143,3,4654,4654,0,0,0,0,0.7930330878560748,0.6101739189579293,0.7930330878560748,0.6101739189579293,1.0,1,0.5174801135773823,56
3144,2,4656,4656,0,0,0,0,0.8039671967459476,0.6605822944301578,0.8039671967459476,0.6605822944301578,1.0,1,0.5196669865616451,54
3145,1,4657,4657,0,0,0,0,0.7858489440797076,0.665121160440043,0.7858489440797076,0.665121160440043,1.0,1,0.5183168443735627,55
3146,1,4658,4658,0,0,0,0,0.7776982003642489,0.6678532680627945,0.7776982003642489,0.6678532680627945,1.0,1,0.5413654960962013,53
3147,1,4659,4659,0,0,0,0,0.761478760920412,0.6678532680627945,0.761478760920412,0.6678532680627945,1.0,1,0.5408083346233328,54
3148,2,4661,4661,0,0,0,0,0.7612810367223426,0.6347574343657234,0.7612810367223426,0.6347574343657234,1.0,1,0.5480877479063598,54
3149,0,4661,4661,0,0,0,0,0.7567769053397453,0.6347574343657234,0.7567769053397453,0.6347574343657234,1.0,1,0.5535138677170951,53
3150,2,4663,4663,0,0,0,0,0.7796392465196326,0.6484702505000127,0.7796392465196326,0.6484702505000127,1.0,1,0.5359504963249301,53
3151,1,4664,4664,0,0,0,0,0.7636279523019495,0.6127223618360799,0.7636279523019495,0.6127223618360799,1.0,1,0.5438623423921111,53
3152,2,4666,4666,0,0,0,0,0.8048583164439039,0.6549783927273848,0.8048583164439039,0.6549783927273848,1.0,1,0.5162648493352324,54
3153,1,4667,4667,0,0,0,0,0.8183418353523088,0.690275053879193,0.8183418353523088,0.690275053879193,1.0,1,0.5222128796114895,53
3154,0,4667,4667,0,0,0,0,0.8094434817145756,0.690275053879193,0.8094434817145756,0.690275053879193,1.0,1,0.5144348732477155,55
3155,0,4667,4667,0,0,0,0,0.7990339580755844,0.690275053879193,0.7990339580755844,0.690275053879193,1.0,1,0.5125079274844832,56
3156,1,4668,4668,0,0,0,0,0.8170659899149696,0.7369463096715101,0.8170659899149696,0.7369463096715101,1.0,1,0.5033351467706727,56
3157,0,4668,4668,0,0,0,0,0.8170659899149696,0.7369463096715101,0.8170659899149696,0.7369463096715101,1.0,1,0.5033351467706727,56
3158,0,4668,4668,0,0,0,0,0.8041657663317626,0.7369463096715101,0.8041657663317626,0.7369463096715101,1.0,1,0.49993525588671955,57
3159,1,4669,4669,0,0,0,0,0.782960961664301,0.6914099885851894,0.782960961664301,0.6914099885851894,1.0,1,0.5170027591742202,56
3160,1,4670,4670,0,0,0,0,0.7284183998516902,0.6385320716726762,0.7284183998516902,0.6385320716726762,1.0,1,0.5257815255074665,58
3161,1,4671,4671,0,0,0,0,0.7138928615795207,0.595914270012732,0.7138928615795207,0.595914270012732,1.0,1,0.5265319558455683,59
3162,3,4674,4674,0,0,0,0,0.6963439711752875,0.6079856775322141,0.6963439711752875,0.6079856775322141,1.0,1,0.5397942498824807,59
3163,2,4676,4676,0,0,0,0,0.6598437729030479,0.5359076221044998,0.6598437729030479,0.5359076221044998,1.0,1,0.5721353687463918,59
3164,5,4681,4681,0,0,0,0,0.6348551354063052,0.530390512927614,0.6348551354063052,0.530390512927614,1.0,1,0.5854339032570639,60
3165,0,4681,4681,0,0,0,0,0.6510183006392121,0.530390512927614,0.6510183006392121,0.530390512927614,1.0,1,0.5854339032570639,58
3166,2,4683,4683,0,0,0,0,0.6399413890413301,0.5784659974192775,0.6399413890413301,0.5784659974192775,1.0,1,0.5854339032570639,59
3167,3,4686,4686,0,0,0,0,0.660975833639886,0.5923818413338771,0.660975833639886,0.5923818413338771,1.0,1,0.5854339032570639,57
3168,1,4687,4687,0,0,0,0,0.6685410034399744,0.5991015188257011,0.6685410034399744,0.5991015188257011,1.0,1,0.5680791990797341,58
3169,3,4690,4690,0,0,0,0,0.6939126832340302,0.5886022475730226,0.6939126832340302,0.5886022475730226,1.0,1,0.5604505783924288,57
3170,2,4692,4692,0,0,0,0,0.7040334674782247,0.5610607179768835,0.7040334674782247,0.5610607179768835,1.0,1,0.5694887998359195,55
3171,7,4699,4699,0,0,0,0,0.6706783364915643,0.5951454190083658,0.6706783364915643,0.5951454190083658,1.0,1,0.5799379986669874,56
3172,3,4702,4702,0,0,0,0,0.684571672232812,0.6113701227665901,0.684571672232812,0.6113701227665901,1.0,1,0.5937546395345306,54
3173,1,4703,4703,0,0,0,0,0.7015936901353272,0.5753571472595777,0.7015936901353272,0.5753571472595777,1.0,1,0.5937546395345306,53
3174,3,4706,4706,0,0,0,0,0.7163846571206051,0.6467354269441241,0.7163846571206051,0.6467354269441241,1.0,1,0.5772984693469302,53
3175,2,4708,4708,0,0,0,0,0.7297797488451037,0.6580046915044155,0.7297797488451037,0.6580046915044155,1.0,1,0.5772984693469302,52
3176,1,4709,4709,0,0,0,0,0.7345258300432985,0.6736869923959015,0.7345258300432985,0.6736869923959015,1.0,1,0.5683273359255115,53
3177,3,4712,4712,0,0,0,0,0.7908434021386874,0.7330683698255328,0.7908434021386874,0.7330683698255328,1.0,1,0.5458254482874267,52
3178,2,4714,4714,0,0,0,0,0.8291747767503744,0.6698601555886472,0.8291747767503744,0.6698601555886472,1.0,1,0.5008521004270107,53
3179,1,4715,4715,0,0,0,0,0.848986446148622,0.7245354763530913,0.848986446148622,0.7245354763530913,1.0,1,0.48985366613006526,54
3180,2,4717,4717,0,0,0,0,0.8608873302707926,0.674941855449941,0.8608873302707926,0.674941855449941,1.0,1,0.47466641311625607,54
3181,1,4718,4718,0,0,0,0,0.8551856387863458,0.674941855449941,0.8551856387863458,0.674941855449941,1.0,1,0.46971818661765513,55
3182,2,4720,4720,0,0,0,0,0.8904937929562112,0.674941855449941,0.8904937929562112,0.674941855449941,1.0,1,0.45701148423933596,54
3183,5,4725,4725,0,0,0,0,0.8934537776229388,0.674941855449941,0.8934537776229388,0.674941855449941,1.0,1,0.4481203248957152,56
3184,3,4728,4728,0,0,0,0,0.8940708028814405,0.686605798701898,0.8940708028814405,0.686605798701898,1.0,1,0.45218572647170346,54
3185,1,4729,4729,0,0,0,0,0.8920721387848639,0.686605798701898,0.8920721387848639,0.686605798701898,1.0,1,0.4453560149937445,53
3186,0,4729,4729,0,0,0,0,0.8899966029922652,0.686605798701898,0.8899966029922652,0.686605798701898,1.0,1,0.4577731019947241,52
3187,4,4733,4733,0,0,0,0,0.8997138555846074,0.686605798701898,0.8997138555846074,0.686605798701898,1.0,1,0.48044502515057425,50
3188,2,4735,4735,0,0,0,0,0.8997138555846074,0.686605798701898,0.8997138555846074,0.686605798701898,1.0,1,0.49322007847811355,50
3189,3,4738,4738,0,0,0,0,0.8622038904071818,0.6488456002772426,0.8622038904071818,0.6488456002772426,1.0,1,0.5189484298286212,49
3190,1,4739,4739,0,0,0,0,0.8463578018855114,0.6166819260575995,0.8463578018855114,0.6166819260575995,1.0,1,0.5295790732940933,50
3191,1,4740,4740,0,0,0,0,0.8228113281941976,0.5842178766461523,0.8228113281941976,0.5842178766461523,1.0,1,0.548072339870918,49
3192,0,4740,4740,0,0,0,0,0.8228113281941973,0.5842178766461523,0.8228113281941973,0.5842178766461523,1.0,1,0.548072339870918,49
3193,0,4740,4740,0,0,0,0,0.8228113281941976,0.5842178766461523,0.8228113281941976,0.5842178766461523,1.0,1,0.5456185164644008,49
3194,0,4740,4740,0,0,0,0,0.805810722743192,0.5536460355960408,0.805810722743192,0.5536460355960408,1.0,1,0.5456185164644008,50
3195,0,4740,4740,0,0,0,0,0.8018476762685632,0.5536460355960408,0.8018476762685632,0.5536460355960408,1.0,1,0.555379172209183,49
3196,0,4740,4740,0,0,0,0,0.8018476762685632,0.5536460355960408,0.8018476762685632,0.5536460355960408,1.0,1,0.555379172209183,49
3197,0,4740,4740,0,0,0,0,0.805810722743192,0.5536460355960408,0.805810722743192,0.5536460355960408,1.0,1,0.5438437574031422,50
3198,0,4740,4740,0,0,0,0,0.805810722743192,0.5536460355960408,0.805810722743192,0.5536460355960408,1.0,1,0.5438437574031422,50
3199,4,4744,4744,0,0,0,0,0.823814201006572,0.5905334653908455,0.823814201006572,0.5905334653908455,1.0,1,0.535440201570608,52
3200,3,4747,4747,0,0,0,0,0.8003033713331086,0.5690763911284934,0.8003033713331086,0.5690763911284934,1.0,1,0.5344753017667432,53
3201,4,4751,4751,0,0,0,0,0.7383706431500834,0.5179878684154735,0.7383706431500834,0.5179878684154735,1.0,1,0.5339099027235948,55
3202,1,4752,4752,0,0,0,0,0.7390005461617991,0.5388539283651538,0.7390005461617991,0.5388539283651538,1.0,1,0.5339099027235948,55
3203,0,4752,4752,0,0,0,0,0.7726092606342302,0.6115364879149199,0.7726092606342302,0.6115364879149199,1.0,1,0.5339099027235948,53
3204,0,4752,4752,0,0,0,0,0.7708784614705295,0.6348286529648605,0.7708784614705295,0.6348286529648605,1.0,1,0.5339099027235948,53
3205,3,4755,4755,0,0,0,0,0.7316130906352168,0.6112004059854035,0.7316130906352168,0.6112004059854035,1.0,1,0.5501310994557742,53
3206,0,4755,4755,0,0,0,0,0.7637497629362817,0.6201492272191015,0.7637497629362817,0.6201492272191015,1.0,1,0.5479783071114057,52
3207,3,4758,4758,0,0,0,0,0.7319021909332537,0.5872124153758655,0.7319021909332537,0.5872124153758655,1.0,1,0.5666186521607138,53
3208,0,4758,4758,0,0,0,0,0.7427566821886694,0.5562988328081336,0.7427566821886694,0.5562988328081336,1.0,1,0.5705657859471049,51
3209,2,4760,4760,0,0,0,0,0.6833530430532343,0.5562988328081336,0.6833530430532343,0.5562988328081336,1.0,1,0.6062068019792907,52
3210,0,4760,4760,0,0,0,0,0.7238356474167039,0.5857720051616236,0.7238356474167039,0.5857720051616236,1.0,1,0.6062068019792907,49
3211,3,4763,4763,0,0,0,0,0.7398613724791844,0.5857720051616236,0.7398613724791844,0.5857720051616236,1.0,1,0.607335554304925,48
3212,0,4763,4763,0,0,0,0,0.7439482674313201,0.5857720051616236,0.7439482674313201,0.5857720051616236,1.0,1,0.607335554304925,48
3213,3,4766,4766,0,0,0,0,0.7491738129939463,0.5857720051616236,0.7491738129939463,0.5857720051616236,1.0,1,0.5767600665420158,49
3214,2,4768,4768,0,0,0,0,0.7419125464969069,0.5857720051616236,0.7419125464969069,0.5857720051616236,1.0,1,0.5801138907442891,51
3215,0,4768,4768,0,0,0,0,0.7419125464969069,0.5857720051616236,0.7419125464969069,0.5857720051616236,1.0,1,0.5801138907442891,51
3216,2,4770,4770,0,0,0,0,0.7419125464969069,0.5857720051616236,0.7419125464969069,0.5857720051616236,1.0,1,0.5890571076823634,51
3217,1,4771,4771,0,0,0,0,0.7218860364869141,0.5857720051616236,0.7218860364869141,0.5857720051616236,1.0,1,0.6044079367746433,51
3218,0,4771,4771,0,0,0,0,0.7218860364869141,0.5857720051616236,0.7218860364869141,0.5857720051616236,1.0,1,0.6044079367746433,51
3219,1,4772,4772,0,0,0,0,0.7049968907682973,0.5857720051616236,0.7049968907682973,0.5857720051616236,1.0,1,0.594858500102482,52
3220,0,4772,4772,0,0,0,0,0.7049968907682973,0.5857720051616236,0.7049968907682973,0.5857720051616236,1.0,1,0.594858500102482,52
3221,0,4772,4772,0,0,0,0,0.6978538110111031,0.5576967786359478,0.6978538110111031,0.5576967786359478,1.0,1,0.5754410903666849,54
3222,0,4772,4772,0,0,0,0,0.6978538110111031,0.5576967786359478,0.6978538110111031,0.5576967786359478,1.0,1,0.5764656977255603,54
3223,0,4772,4772,0,0,0,0,0.6773056176334477,0.5360374083848578,0.6773056176334477,0.5360374083848578,1.0,1,0.5764656977255603,56
3224,1,4773,4773,0,0,0,0,0.6829669225872468,0.5360374083848578,0.6829669225872468,0.5360374083848578,1.0,1,0.5725728607513556,57
3225,0,4773,4773,0,0,0,0,0.6684854948622709,0.5360374083848578,0.6684854948622709,0.5360374083848578,1.0,1,0.5725728607513556,58
3226,0,4773,4773,0,0,0,0,0.6684854948622709,0.5360374083848578,0.6684854948622709,0.5360374083848578,1.0,1,0.5725728607513556,58
3227,0,4773,4773,0,0,0,0,0.6684854948622709,0.5360374083848578,0.6684854948622709,0.5360374083848578,1.0,1,0.5725728607513556,58
3228,0,4773,4773,0,0,0,0,0.6684854948622709,0.5360374083848578,0.6684854948622709,0.5360374083848578,1.0,1,0.5725728607513556,58
3229,1,4774,4774,0,0,0,0,0.6401976823042157,0.48500327661612735,0.6401976823042157,0.48500327661612735,1.0,1,0.584863781933984,60
3230,0,4774,4774,0,0,0,0,0.6460960809549663,0.48500327661612735,0.6460960809549663,0.48500327661612735,1.0,1,0.5783009969370507,61
3231,0,4774,4774,0,0,0,0,0.6460960809549663,0.48500327661612735,0.6460960809549663,0.48500327661612735,1.0,1,0.5783009969370507,61
3232,0,4774,4774,0,0,0,0,0.6460960809549663,0.48500327661612735,0.6460960809549663,0.48500327661612735,1.0,1,0.5783009969370507,61
3233,0,4774,4774,0,0,0,0,0.6391964426844949,0.45885792971004885,0.6391964426844949,0.45885792971004885,1.0,1,0.5669237149361562,63
3234,0,4774,4774,0,0,0,0,0.6312015636073629,0.45885792971004885,0.6312015636073629,0.45885792971004885,1.0,1,0.5669237149361562,64
3235,0,4774,4774,0,0,0,0,0.636875385705711,0.45885792971004885,0.636875385705711,0.45885792971004885,1.0,1,0.5612464420770705,65
3236,0,4774,4774,0,0,0,0,0.6291643309223823,0.4456214433218873,0.6291643309223823,0.4456214433218873,1.0,1,0.5612464420770705,66
3237,0,4774,4774,0,0,0,0,0.6346991916548841,0.4456214433218873,0.6346991916548841,0.4456214433218873,1.0,1,0.5509677706531705,67
3238,1,4775,4775,0,0,0,0,0.6181593228750967,0.424321725953901,0.6181593228750967,0.424321725953901,1.0,1,0.5541232409467369,67
3239,3,4778,4778,0,0,0,0,0.5773636675142222,0.4109285583545079,0.5773636675142222,0.4109285583545079,1.0,1,0.5761770866924074,69
3240,2,4780,4780,0,0,0,0,0.5717169963699213,0.3834942114400964,0.5717169963699213,0.3834942114400964,1.0,1,0.5769758208500692,69
3241,2,4782,4782,0,0,0,0,0.567257840925274,0.41550074660887376,0.567257840925274,0.41550074660887376,1.0,1,0.5852595953397738,68
3242,2,4784,4784,0,0,0,0,0.5747588562539094,0.3994751161175264,0.5747588562539094,0.3994751161175264,1.0,1,0.5852595953397738,67
3243,3,4787,4787,0,0,0,0,0.5592222764837552,0.39139528134969315,0.5592222764837552,0.39139528134969315,1.0,1,0.5874572899297108,68
3244,0,4787,4787,0,0,0,0,0.5767137358319562,0.42397001099869097,0.5767137358319562,0.42397001099869097,1.0,1,0.5720717904447238,68
3245,0,4787,4787,0,0,0,0,0.5663588593254789,0.40390776978034565,0.5663588593254789,0.40390776978034565,1.0,1,0.5720717904447238,69
3246,1,4788,4788,0,0,0,0,0.5555524779086567,0.4148765157573861,0.5555524779086567,0.4148765157573861,1.0,1,0.5859259551809205,68
3247,0,4788,4788,0,0,0,0,0.5555524779086567,0.4148765157573861,0.5555524779086567,0.4148765157573861,1.0,1,0.5859259551809205,68
3248,2,4790,4790,0,0,0,0,0.549149698774148,0.39524882977893033,0.549149698774148,0.39524882977893033,1.0,1,0.5930279963652763,68
3249,0,4790,4790,0,0,0,0,0.5427941786399851,0.3854340014940332,0.5427941786399851,0.3854340014940332,1.0,1,0.5930279963652763,69
3250,1,4791,4791,0,0,0,0,0.5441252136450453,0.3854340014940332,0.5441252136450453,0.3854340014940332,1.0,1,0.5930279963652763,69
3251,3,4794,4794,0,0,0,0,0.5254113717786513,0.3725429256619834,0.5254113717786513,0.3725429256619834,1.0,1,0.6208476589115288,68
3252,1,4795,4795,0,0,0,0,0.5434697224201037,0.38993067532871994,0.5434697224201037,0.38993067532871994,1.0,1,0.6099188983300464,68
3253,0,4795,4795,0,0,0,0,0.533610734263528,0.37237297080497517,0.533610734263528,0.37237297080497517,1.0,1,0.6099188983300464,69
3254,3,4798,4798,0,0,0,0,0.5347543557085876,0.3960615512517658,0.5347543557085876,0.3960615512517658,1.0,1,0.6099188983300464,69
3255,0,4798,4798,0,0,0,0,0.5261647916768637,0.3801106313288744,0.5261647916768637,0.3801106313288744,1.0,1,0.6099188983300464,70
3256,2,4800,4800,0,0,0,0,0.540761506410593,0.3895272477706607,0.540761506410593,0.3895272477706607,1.0,1,0.5931341870644801,70
3257,3,4803,4803,0,0,0,0,0.5432205970760441,0.402338820585601,0.5432205970760441,0.402338820585601,1.0,1,0.5819529074198412,71
3258,1,4804,4804,0,0,0,0,0.5615329211855744,0.402338820585601,0.5615329211855744,0.402338820585601,1.0,1,0.560560525760585,72
3259,3,4807,4807,0,0,0,0,0.5821593939662969,0.42395469624917037,0.5821593939662969,0.42395469624917037,1.0,1,0.5526220899903728,71
3260,1,4808,4808,0,0,0,0,0.5733295771827969,0.40849673793921903,0.5733295771827969,0.40849673793921903,1.0,1,0.5549352230593013,72
3261,2,4810,4810,0,0,0,0,0.5835823386836888,0.40849673793921903,0.5835823386836888,0.40849673793921903,1.0,1,0.5346139289772084,74
3262,4,4814,4814,0,0,0,0,0.6243459700607071,0.42490234389673487,0.6243459700607071,0.42490234389673487,1.0,1,0.525964330984892,73
3263,3,4817,4817,0,0,0,0,0.6492739315923636,0.42490234389673487,0.6492739315923636,0.42490234389673487,1.0,1,0.5002483263973545,73
3264,3,4820,4820,0,0,0,0,0.6310603748527533,0.4251366705845673,0.6310603748527533,0.4251366705845673,1.0,1,0.5215763376575402,71
3265,2,4822,4822,0,0,0,0,0.6570828127453282,0.4365034029182986,0.6570828127453282,0.4365034029182986,1.0,1,0.507350915863116,70
3266,3,4825,4825,0,0,0,0,0.6032856632077576,0.4365034029182986,0.6032856632077576,0.4365034029182986,1.0,1,0.5524659013469753,69
3267,2,4827,4827,0,0,0,0,0.6045232310306178,0.4207750348407194,0.6045232310306178,0.4207750348407194,1.0,1,0.5546974750584841,69
3268,3,4830,4830,0,0,0,0,0.5854637599997778,0.4328611534456561,0.5854637599997778,0.4328611534456561,1.0,1,0.5639591279528046,68
3269,3,4833,4833,0,0,0,0,0.5677390558853426,0.42557091188589447,0.5677390558853426,0.42557091188589447,1.0,1,0.5822321399593406,68
3270,1,4834,4834,0,0,0,0,0.5800334087140515,0.42557091188589447,0.5800334087140515,0.42557091188589447,1.0,1,0.570794970246255,67
3271,1,4835,4835,0,0,0,0,0.5904195716023168,0.42557091188589447,0.5904195716023168,0.42557091188589447,1.0,1,0.570794970246255,66
3272,2,4837,4837,0,0,0,0,0.6093068737441488,0.42557091188589447,0.6093068737441488,0.42557091188589447,1.0,1,0.5581007743761025,67
3273,0,4837,4837,0,0,0,0,0.6031147386235536,0.4132634340813047,0.6031147386235536,0.4132634340813047,1.0,1,0.5669181997187843,66
3274,1,4838,4838,0,0,0,0,0.5966575950486478,0.4132634340813047,0.5966575950486478,0.4132634340813047,1.0,1,0.5656119945955321,68
3275,0,4838,4838,0,0,0,0,0.5966575950486479,0.4132634340813047,0.5966575950486479,0.4132634340813047,1.0,1,0.5656119945955321,68
3276,1,4839,4839,0,0,0,0,0.6010267956337891,0.39997015124933993,0.6010267956337891,0.39997015124933993,1.0,1,0.5590542537757058,69
3277,1,4840,4840,0,0,0,0,0.5970495540130369,0.39997015124933993,0.5970495540130369,0.39997015124933993,1.0,1,0.5661876810861145,68
3278,2,4842,4842,0,0,0,0,0.5862325598623488,0.36843999846375103,0.5862325598623488,0.36843999846375103,1.0,1,0.5661876810861145,69
3279,1,4843,4843,0,0,0,0,0.6048048928783314,0.3930899365803978,0.6048048928783314,0.3930899365803978,1.0,1,0.5661876810861145,67
3280,2,4845,4845,0,0,0,0,0.608723226670509,0.37515536153231277,0.608723226670509,0.37515536153231277,1.0,1,0.5661876810861145,66
3281,3,4848,4848,0,0,0,0,0.6053049774571325,0.34373285850380875,0.6053049774571325,0.34373285850380875,1.0,1,0.5610864780788719,67
3282,0,4848,4848,0,0,0,0,0.6129658013265484,0.3518676003847463,0.6129658013265484,0.3518676003847463,1.0,1,0.5610864780788719,66
3283,6,4854,4854,0,0,0,0,0.5700711011569893,0.3311057750075546,0.5700711011569893,0.3311057750075546,1.0,1,0.5698348970135854,67
3284,3,4857,4857,0,0,0,0,0.6079687640248553,0.37956928246964056,0.6079687640248553,0.37956928246964056,1.0,1,0.5466229671600071,66
3285,1,4858,4858,0,0,0,0,0.5916058748400639,0.3637237663087483,0.5916058748400639,0.3637237663087483,1.0,1,0.5523070401564331,66
3286,1,4859,4859,0,0,0,0,0.6049137982489228,0.4080049725047548,0.6049137982489228,0.4080049725047548,1.0,1,0.5572354140894175,63
3287,1,4860,4860,0,0,0,0,0.6075298855363188,0.4223153205262776,0.6075298855363188,0.4223153205262776,1.0,1,0.5641435691420953,61
3288,3,4863,4863,0,0,0,0,0.6194536385972459,0.45852359450752367,0.6194536385972459,0.45852359450752367,1.0,1,0.5470796719601672,63
3289,1,4864,4864,0,0,0,0,0.6133157940584918,0.45852359450752367,0.6133157940584918,0.45852359450752367,1.0,1,0.5678400712669485,62
3290,0,4864,4864,0,0,0,0,0.6194536385972459,0.45852359450752367,0.6194536385972459,0.45852359450752367,1.0,1,0.5593576215877586,63
3291,1,4865,4865,0,0,0,0,0.6126034153714861,0.4753349890449718,0.6126034153714861,0.4753349890449718,1.0,1,0.5702356977792286,62
3292,1,4866,4866,0,0,0,0,0.5906896891134578,0.4502254448778547,0.5906896891134578,0.4502254448778547,1.0,1,0.5837285210588841,63
3293,4,4870,4870,0,0,0,0,0.5685216092314715,0.43672866587348436,0.5685216092314715,0.43672866587348436,1.0,1,0.6004686435709322,65
3294,0,4870,4870,0,0,0,0,0.5685216092314715,0.43672866587348436,0.5685216092314715,0.43672866587348436,1.0,1,0.6004686435709322,65
3295,2,4872,4872,0,0,0,0,0.5685216092314715,0.43672866587348436,0.5685216092314715,0.43672866587348436,1.0,1,0.612002453159354,65
3296,0,4872,4872,0,0,0,0,0.5685216092314715,0.43672866587348436,0.5685216092314715,0.43672866587348436,1.0,1,0.612002453159354,65
3297,1,4873,4873,0,0,0,0,0.5750591606067522,0.43672866587348436,0.5750591606067522,0.43672866587348436,1.0,1,0.6022155555113258,66
3298,3,4876,4876,0,0,0,0,0.5908516148074405,0.44162330363896074,0.5908516148074405,0.44162330363896074,1.0,1,0.5754902877477838,66
3299,1,4877,4877,0,0,0,0,0.5834266071861142,0.4276934156605455,0.5834266071861142,0.4276934156605455,1.0,1,0.5709811263755759,67
3300,1,4878,4878,0,0,0,0,0.601639881975144,0.4276934156605455,0.601639881975144,0.4276934156605455,1.0,1,0.5509010510694506,67
3301,0,4878,4878,0,0,0,0,0.5943736965567322,0.4153797948091071,0.5943736965567322,0.4153797948091071,1.0,1,0.5509010510694506,68
3302,0,4878,4878,0,0,0,0,0.5883195726247432,0.4153797948091071,0.5883195726247432,0.4153797948091071,1.0,1,0.5604561251384447,67
3303,1,4879,4879,0,0,0,0,0.5883195726247432,0.4153797948091071,0.5883195726247432,0.4153797948091071,1.0,1,0.5740054727906477,67
3304,1,4880,4880,0,0,0,0,0.6012983100879561,0.4153797948091071,0.6012983100879561,0.4153797948091071,1.0,1,0.5726029778804199,67
3305,0,4880,4880,0,0,0,0,0.5799272607057923,0.39544813628211856,0.5799272607057923,0.39544813628211856,1.0,1,0.5726675563593542,69
3306,1,4881,4881,0,0,0,0,0.5940208755717867,0.39544813628211856,0.5940208755717867,0.39544813628211856,1.0,1,0.5551957445342833,70
3307,0,4881,4881,0,0,0,0,0.5940208755717867,0.39544813628211856,0.5940208755717867,0.39544813628211856,1.0,1,0.5551957445342833,70
3308,1,4882,4882,0,0,0,0,0.5939887061458015,0.39544813628211856,0.5939887061458015,0.39544813628211856,1.0,1,0.5551957445342833,70
3309,0,4882,4882,0,0,0,0,0.5776778429776859,0.3836654035890172,0.5776778429776859,0.3836654035890172,1.0,1,0.5551957445342833,72
3310,1,4883,4883,0,0,0,0,0.5734080668246582,0.36091436562879997,0.5734080668246582,0.36091436562879997,1.0,1,0.5480655689422551,74
3311,1,4884,4884,0,0,0,0,0.5745824468927491,0.36091436562879997,0.5745824468927491,0.36091436562879997,1.0,1,0.5480655689422551,74
3312,2,4886,4886,0,0,0,0,0.5929326423039407,0.36091436562879997,0.5929326423039407,0.36091436562879997,1.0,1,0.533643324647538,74
3313,0,4886,4886,0,0,0,0,0.5842882367720047,0.34748494181525,0.5842882367720047,0.34748494181525,1.0,1,0.5297987207492382,75
3314,4,4890,4890,0,0,0,0,0.5461212494216775,0.33543063351675695,0.5461212494216775,0.33543063351675695,1.0,1,0.5248841636405597,76
3315,0,4890,4890,0,0,0,0,0.5400695327472999,0.33543063351675695,0.5400695327472999,0.33543063351675695,1.0,1,0.5354993501132286,75
3316,4,4894,4894,0,0,0,0,0.533525124058234,0.3502365168880366,0.533525124058234,0.3502365168880366,1.0,1,0.5298760830806247,76
3317,2,4896,4896,0,0,0,0,0.5184611140067373,0.35990593282565064,0.5184611140067373,0.35990593282565064,1.0,1,0.5586105066409113,73
3318,4,4900,4900,0,0,0,0,0.4827632542022395,0.35005301610629264,0.4827632542022395,0.35005301610629264,1.0,1,0.5907561618074523,72
3319,2,4902,4902,0,0,0,0,0.47522326283576005,0.3494690599378321,0.47522326283576005,0.3494690599378321,1.0,1,0.6115079960393697,71
3320,4,4906,4906,0,0,0,0,0.4808401992511622,0.3668459412952376,0.4808401992511622,0.3668459412952376,1.0,1,0.6083895093198043,70
3321,1,4907,4907,0,0,0,0,0.47274033973564317,0.3654759238531005,0.47274033973564317,0.3654759238531005,1.0,1,0.6305043106583776,69
3322,3,4910,4910,0,0,0,0,0.4775371834036689,0.3637694721552984,0.4775371834036689,0.3637694721552984,1.0,1,0.6477913175160321,68
3323,1,4911,4911,0,0,0,0,0.4576555368848182,0.3637694721552984,0.4576555368848182,0.3637694721552984,1.0,1,0.6535821059792817,69
3324,1,4912,4912,0,0,0,0,0.4732033119408514,0.3637694721552984,0.4732033119408514,0.3637694721552984,1.0,1,0.6397488009031683,69
3325,1,4913,4913,0,0,0,0,0.45455108385928344,0.35385752384647023,0.45455108385928344,0.35385752384647023,1.0,1,0.644740414272749,70
3326,1,4914,4914,0,0,0,0,0.4768778810578151,0.35482382031011317,0.4768778810578151,0.35482382031011317,1.0,1,0.6114867077501809,69
3327,1,4915,4915,0,0,0,0,0.48435105418556057,0.35482382031011317,0.48435105418556057,0.35482382031011317,1.0,1,0.6150738594595949,70
3328,2,4917,4917,0,0,0,0,0.46390982233902606,0.3375418530673386,0.46390982233902606,0.3375418530673386,1.0,1,0.6054691893529892,73
3329,1,4918,4918,0,0,0,0,0.4562558336885518,0.32766978557851195,0.4562558336885518,0.32766978557851195,1.0,1,0.6196571698358461,72
3330,1,4919,4919,0,0,0,0,0.4560956239982235,0.3177965856671141,0.4560956239982235,0.3177965856671141,1.0,1,0.6196571698358461,72
3331,1,4920,4920,0,0,0,0,0.48372558797948645,0.3261276387827324,0.48372558797948645,0.3261276387827324,1.0,1,0.5947963348288404,72
3332,0,4920,4920,0,0,0,0,0.4787922908445966,0.3261276387827324,0.4787922908445966,0.3261276387827324,1.0,1,0.5947963348288404,73
3333,1,4921,4921,0,0,0,0,0.49937748515696445,0.3466150443205871,0.49937748515696445,0.3466150443205871,1.0,1,0.590969877283328,72
3334,1,4922,4922,0,0,0,0,0.5218245684617762,0.3466150443205871,0.5218245684617762,0.3466150443205871,1.0,1,0.5715134704806223,73
3335,1,4923,4923,0,0,0,0,0.51835847678537,0.35468015083237797,0.51835847678537,0.35468015083237797,1.0,1,0.5711619667750032,74
3336,0,4923,4923,0,0,0,0,0.51835847678537,0.35468015083237797,0.51835847678537,0.35468015083237797,1.0,1,0.5711619667750032,74
3337,2,4925,4925,0,0,0,0,0.5325772263171288,0.36301484492884173,0.5325772263171288,0.36301484492884173,1.0,1,0.560683783605935,74
3338,2,4927,4927,0,0,0,0,0.5522594003685815,0.3767196312507281,0.5522594003685815,0.3767196312507281,1.0,1,0.5311136894991952,74
3339,2,4929,4929,0,0,0,0,0.5436762659697467,0.3767196312507281,0.5436762659697467,0.3767196312507281,1.0,1,0.5030826234066692,75
3340,1,4930,4930,0,0,0,0,0.5575733081496158,0.39168383820576075,0.5575733081496158,0.39168383820576075,1.0,1,0.497278343434972,75
3341,2,4932,4932,0,0,0,0,0.5634153556479818,0.39173987099238333,0.5634153556479818,0.39173987099238333,1.0,1,0.4708976580685161,76
3342,3,4935,4935,0,0,0,0,0.5742113976765962,0.39629023441447875,0.5742113976765962,0.39629023441447875,1.0,1,0.4725224192843049,76
3343,4,4939,4939,0,0,0,0,0.5979426486642875,0.4095337289304319,0.5979426486642875,0.4095337289304319,1.0,1,0.45307096121496315,75
3344,2,4941,4941,0,0,0,0,0.597203921972492,0.4074027865502524,0.597203921972492,0.4074027865502524,1.0,1,0.4717880598307227,75
3345,3,4944,4944,0,0,0,0,0.6067493879368148,0.4278225036996451,0.6067493879368148,0.4278225036996451,1.0,1,0.47428752732601925,72
3346,3,4947,4947,0,0,0,0,0.6091505353950997,0.40618655498382084,0.6091505353950997,0.40618655498382084,1.0,1,0.4806653108535653,73
3347,4,4951,4951,0,0,0,0,0.6211725528082923,0.41710170214331643,0.6211725528082923,0.41710170214331643,1.0,1,0.48206526140378936,73
3348,3,4954,4954,0,0,0,0,0.6204097032094563,0.41209260074353193,0.6204097032094563,0.41209260074353193,1.0,1,0.4879587634138121,73
3349,2,4956,4956,0,0,0,0,0.623237547142051,0.4055414528289731,0.623237547142051,0.4055414528289731,1.0,1,0.4895533382481666,74
3350,1,4957,4957,0,0,0,0,0.6309730645352778,0.41942131984467224,0.6309730645352778,0.41942131984467224,1.0,1,0.4806511299297617,73
3351,0,4957,4957,0,0,0,0,0.6258476904316012,0.41942131984467224,0.6258476904316012,0.41942131984467224,1.0,1,0.486276405067604,72
3352,4,4961,4961,0,0,0,0,0.5861324470580507,0.4121539689254939,0.5861324470580507,0.4121539689254939,1.0,1,0.5014285833616261,72
3353,1,4962,4962,0,0,0,0,0.5705761917646381,0.3924426967013756,0.5705761917646381,0.3924426967013756,1.0,1,0.5168857426103732,72
3354,4,4966,4966,0,0,0,0,0.5283978205236741,0.3621487738117374,0.5283978205236741,0.3621487738117374,1.0,1,0.5387999501984994,70
3355,2,4968,4968,0,0,0,0,0.521224073010397,0.3768200403132451,0.521224073010397,0.3768200403132451,1.0,1,0.5545976203542493,69
3356,3,4971,4971,0,0,0,0,0.5393274701560447,0.40000353821557605,0.5393274701560447,0.40000353821557605,1.0,1,0.54052855432528,69
3357,0,4971,4971,0,0,0,0,0.5486528888529869,0.4005192272671742,0.5486528888529869,0.4005192272671742,1.0,1,0.5399103827756022,68
3358,3,4974,4974,0,0,0,0,0.5322820029027859,0.3722391455363881,0.5322820029027859,0.3722391455363881,1.0,1,0.5510576377201961,68
3359,1,4975,4975,0,0,0,0,0.550746010119291,0.3722391455363881,0.550746010119291,0.3722391455363881,1.0,1,0.5738736958179242,66
3360,1,4976,4976,0,0,0,0,0.5438344102749724,0.3722391455363881,0.5438344102749724,0.3722391455363881,1.0,1,0.5827248292940251,65
3361,0,4976,4976,0,0,0,0,0.5726091014746194,0.3722391455363881,0.5726091014746194,0.3722391455363881,1.0,1,0.5801694659782182,64
3362,0,4976,4976,0,0,0,0,0.5726091014746194,0.3722391455363881,0.5726091014746194,0.3722391455363881,1.0,1,0.5801694659782182,64
3363,1,4977,4977,0,0,0,0,0.5639973018584789,0.3613368680952813,0.5639973018584789,0.3613368680952813,1.0,1,0.5801694659782182,65
3364,0,4977,4977,0,0,0,0,0.5706034033454715,0.3613368680952813,0.5706034033454715,0.3613368680952813,1.0,1,0.5763603522969943,66
3365,0,4977,4977,0,0,0,0,0.5522218115953658,0.34867058141608887,0.5522218115953658,0.34867058141608887,1.0,1,0.5763603522969943,68
3366,1,4978,4978,0,0,0,0,0.5529771269489626,0.3588111942285975,0.5529771269489626,0.3588111942285975,1.0,1,0.5835240699057024,66
3367,0,4978,4978,0,0,0,0,0.5347561885991303,0.34586136094462844,0.5347561885991303,0.34586136094462844,1.0,1,0.5835240699057024,68
3368,2,4980,4980,0,0,0,0,0.5519472943949681,0.34586136094462844,0.5519472943949681,0.34586136094462844,1.0,1,0.5773675612532908,68
3369,0,4980,4980,0,0,0,0,0.5430455991937417,0.3326958436725548,0.5430455991937417,0.3326958436725548,1.0,1,0.5773675612532908,69
3370,0,4980,4980,0,0,0,0,0.5553910519348739,0.3326958436725548,0.5553910519348739,0.3326958436725548,1.0,1,0.5585589798806461,71
3371,3,4983,4983,0,0,0,0,0.5559175541460306,0.3326958436725548,0.5559175541460306,0.3326958436725548,1.0,1,0.5556953391034076,71
3372,3,4986,4986,0,0,0,0,0.5279774866792996,0.32466760316142806,0.5279774866792996,0.32466760316142806,1.0,1,0.5798189506192356,71
3373,1,4987,4987,0,0,0,0,0.5203580767549192,0.31435872796654246,0.5203580767549192,0.31435872796654246,1.0,1,0.5798189506192356,72
3374,2,4989,4989,0,0,0,0,0.5366491818211614,0.314854896046976,0.5366491818211614,0.314854896046976,1.0,1,0.5689412052315896,72
3375,0,4989,4989,0,0,0,0,0.5302008700569046,0.314854896046976,0.5302008700569046,0.314854896046976,1.0,1,0.5689412052315896,73
3376,0,4989,4989,0,0,0,0,0.5273839364988837,0.314854896046976,0.5273839364988837,0.314854896046976,1.0,1,0.5545976053664394,75
3377,1,4990,4990,0,0,0,0,0.5371646489857438,0.314854896046976,0.5371646489857438,0.314854896046976,1.0,1,0.5317559773899062,77
3378,3,4993,4993,0,0,0,0,0.55086861239812,0.32641927350947436,0.55086861239812,0.32641927350947436,1.0,1,0.509765935979389,77
3379,0,4993,4993,0,0,0,0,0.55086861239812,0.32641927350947436,0.55086861239812,0.32641927350947436,1.0,1,0.509765935979389,77
3380,2,4995,4995,0,0,0,0,0.5596285425285309,0.340654929994074,0.5596285425285309,0.340654929994074,1.0,1,0.4944152658821759,76
3381,1,4996,4996,0,0,0,0,0.5601686620332722,0.3286658333984843,0.5601686620332722,0.3286658333984843,1.0,1,0.4944152658821759,76
3382,3,4999,4999,0,0,0,0,0.5595767634515164,0.3329727820950893,0.5595767634515164,0.3329727820950893,1.0,1,0.5115182949679377,78
3383,2,5001,5001,0,0,0,0,0.5765856196702611,0.32989799175385176,0.5765856196702611,0.32989799175385176,1.0,1,0.5001837554054166,77
3384,2,5003,5003,0,0,0,0,0.5661790387648143,0.3189874567109715,0.5661790387648143,0.3189874567109715,1.0,1,0.5219038341091201,77
3385,1,5004,5004,0,0,0,0,0.5661162880650134,0.3189874567109715,0.5661162880650134,0.3189874567109715,1.0,1,0.5306267479101893,75
3386,1,5005,5005,0,0,0,0,0.5660180145036011,0.3107838063268267,0.5660180145036011,0.3107838063268267,1.0,1,0.5290524769347789,76
3387,2,5007,5007,0,0,0,0,0.5657865842998139,0.32148255573399714,0.5657865842998139,0.32148255573399714,1.0,1,0.5226510059852287,75
3388,1,5008,5008,0,0,0,0,0.5601617127064035,0.3211057346099959,0.5601617127064035,0.3211057346099959,1.0,1,0.5221130222482644,76
3389,2,5010,5010,0,0,0,0,0.5386524703883877,0.31336322015265683,0.5386524703883877,0.31336322015265683,1.0,1,0.5300857411696703,77
3390,1,5011,5011,0,0,0,0,0.5451855187026283,0.3238860622020263,0.5451855187026283,0.3238860622020263,1.0,1,0.5300857411696703,76
3391,3,5014,5014,0,0,0,0,0.5086390614116489,0.3238860622020263,0.5086390614116489,0.3238860622020263,1.0,1,0.553205813950939,77
3392,0,5014,5014,0,0,0,0,0.5023297997682742,0.3238860622020263,0.5023297997682742,0.3238860622020263,1.0,1,0.553205813950939,78
3393,1,5015,5015,0,0,0,0,0.5035884759456539,0.3238860622020263,0.5035884759456539,0.3238860622020263,1.0,1,0.5672732340070481,76
3394,0,5015,5015,0,0,0,0,0.5157475170447754,0.31727509905215934,0.5157475170447754,0.31727509905215934,1.0,1,0.5672732340070481,75
3395,2,5017,5017,0,0,0,0,0.5525575225116298,0.31727509905215934,0.5525575225116298,0.31727509905215934,1.0,1,0.548819608618068,73
3396,2,5019,5019,0,0,0,0,0.553573692533926,0.31727509905215934,0.553573692533926,0.31727509905215934,1.0,1,0.5364469202159876,73
3397,2,5021,5021,0,0,0,0,0.5476381082914608,0.31727509905215934,0.5476381082914608,0.31727509905215934,1.0,1,0.538853468505225,74
3398,1,5022,5022,0,0,0,0,0.5476381082914608,0.31727509905215934,0.5476381082914608,0.31727509905215934,1.0,1,0.5450608227449958,74
3399,2,5024,5024,0,0,0,0,0.5178213035350171,0.31727509905215934,0.5178213035350171,0.31727509905215934,1.0,1,0.5710660767847395,75
3400,1,5025,5025,0,0,0,0,0.5046715711651668,0.31727509905215934,0.5046715711651668,0.31727509905215934,1.0,1,0.5864968888779891,75
3401,1,5026,5026,0,0,0,0,0.493160970551433,0.31727509905215934,0.493160970551433,0.31727509905215934,1.0,1,0.5798145252667143,77
3402,1,5027,5027,0,0,0,0,0.4811859237983938,0.31727509905215934,0.4811859237983938,0.31727509905215934,1.0,1,0.5939884339219481,77
3403,1,5028,5028,0,0,0,0,0.4613475152886221,0.30798067440422494,0.4613475152886221,0.30798067440422494,1.0,1,0.6052455887560395,78
3404,2,5030,5030,0,0,0,0,0.461709409995951,0.30798067440422494,0.461709409995951,0.30798067440422494,1.0,1,0.6055247017126459,78
3405,0,5030,5030,0,0,0,0,0.461709409995951,0.30798067440422494,0.461709409995951,0.30798067440422494,1.0,1,0.6055247017126459,78
3406,0,5030,5030,0,0,0,0,0.461709409995951,0.30798067440422494,0.461709409995951,0.30798067440422494,1.0,1,0.6055247017126459,78
3407,2,5032,5032,0,0,0,0,0.4629321914165641,0.32410914605976415,0.4629321914165641,0.32410914605976415,1.0,1,0.6074807828903556,78
3408,1,5033,5033,0,0,0,0,0.45767804371012144,0.3356349574466946,0.45767804371012144,0.3356349574466946,1.0,1,0.6074807828903556,79
3409,0,5033,5033,0,0,0,0,0.4590789800001356,0.3356349574466946,0.4590789800001356,0.3356349574466946,1.0,1,0.5946312376717334,81
3410,1,5034,5034,0,0,0,0,0.4549378482513777,0.3328015751862775,0.4549378482513777,0.3328015751862775,1.0,1,0.5946312376717334,82
3411,0,5034,5034,0,0,0,0,0.45485732732677464,0.3328015751862775,0.45485732732677464,0.3328015751862775,1.0,1,0.5755796493334082,84
3412,2,5036,5036,0,0,0,0,0.45478696320658035,0.3177902912845837,0.45478696320658035,0.3177902912845837,1.0,1,0.5755796493334082,84
3413,0,5036,5036,0,0,0,0,0.45478696320658024,0.3177902912845837,0.45478696320658024,0.3177902912845837,1.0,1,0.5755796493334082,84
3414,1,5037,5037,0,0,0,0,0.4548702651922932,0.30890487650005183,0.4548702651922932,0.30890487650005183,1.0,1,0.5755796493334082,84
3415,0,5037,5037,0,0,0,0,0.4612835561900309,0.30890487650005183,0.4612835561900309,0.30890487650005183,1.0,1,0.5689841209650156,85
3416,2,5039,5039,0,0,0,0,0.4622081039462147,0.298509961796477,0.4622081039462147,0.298509961796477,1.0,1,0.5689841209650156,85
3417,2,5041,5041,0,0,0,0,0.45821081214766585,0.298509961796477,0.45821081214766585,0.298509961796477,1.0,1,0.5578670905194141,86
3418,1,5042,5042,0,0,0,0,0.44816297528283666,0.298509961796477,0.44816297528283666,0.298509961796477,1.0,1,0.5686762751481385,86
3419,0,5042,5042,0,0,0,0,0.44136999405593086,0.298509961796477,0.44136999405593086,0.298509961796477,1.0,1,0.5686762751481385,87
3420,1,5043,5043,0,0,0,0,0.4360580316923137,0.29085691137396263,0.4360580316923137,0.29085691137396263,1.0,1,0.5686762751481385,88
3421,1,5044,5044,0,0,0,0,0.44239445830251245,0.29085691137396263,0.44239445830251245,0.29085691137396263,1.0,1,0.5768874676180498,89
3422,0,5044,5044,0,0,0,0,0.43608690002308526,0.29085691137396263,0.43608690002308526,0.29085691137396263,1.0,1,0.5768874676180498,90
3423,2,5046,5046,0,0,0,0,0.42306653344022005,0.2829061855620915,0.42306653344022005,0.2829061855620915,1.0,1,0.5893777770712874,90
3424,2,5048,5048,0,0,0,0,0.4313197663035614,0.2829061855620915,0.4313197663035614,0.2829061855620915,1.0,1,0.5647030496761007,91
3425,2,5050,5050,0,0,0,0,0.43256938340300694,0.29085691137396263,0.43256938340300694,0.29085691137396263,1.0,1,0.5737659939248327,90
3426,1,5051,5051,0,0,0,0,0.43540287651543513,0.29085691137396263,0.43540287651543513,0.29085691137396263,1.0,1,0.5634711414332072,92
3427,1,5052,5052,0,0,0,0,0.434189650816929,0.29085691137396263,0.434189650816929,0.29085691137396263,1.0,1,0.5653364057313097,92
3428,0,5052,5052,0,0,0,0,0.4279719546720601,0.29085691137396263,0.4279719546720601,0.29085691137396263,1.0,1,0.5711090136953678,91
3429,1,5053,5053,0,0,0,0,0.42877698928300945,0.29085691137396263,0.42877698928300945,0.29085691137396263,1.0,1,0.5711090136953678,91
3430,2,5055,5055,0,0,0,0,0.42007955682491793,0.29085691137396263,0.42007955682491793,0.29085691137396263,1.0,1,0.5746002782924777,91
3431,1,5056,5056,0,0,0,0,0.42819901289217494,0.29085691137396263,0.42819901289217494,0.29085691137396263,1.0,1,0.5746002782924777,90
3432,1,5057,5057,0,0,0,0,0.43413945053847,0.29085691137396263,0.43413945053847,0.29085691137396263,1.0,1,0.5627529551214617,91
3433,1,5058,5058,0,0,0,0,0.4396873726958632,0.29085691137396263,0.4396873726958632,0.29085691137396263,1.0,1,0.5627529551214617,90
3434,2,5060,5060,0,0,0,0,0.44384521872499544,0.3011176274344986,0.44384521872499544,0.3011176274344986,1.0,1,0.5627529551214617,89
3435,2,5062,5062,0,0,0,0,0.448873938151203,0.3011176274344986,0.448873938151203,0.3011176274344986,1.0,1,0.5627529551214617,88
3436,1,5063,5063,0,0,0,0,0.4595426622668791,0.30881258677620804,0.4595426622668791,0.30881258677620804,1.0,1,0.5627529551214617,86
3437,2,5065,5065,0,0,0,0,0.46987515599609037,0.30881258677620804,0.46987515599609037,0.30881258677620804,1.0,1,0.5456118142659062,86
3438,2,5067,5067,0,0,0,0,0.47762552847460654,0.31723173470046645,0.47762552847460654,0.31723173470046645,1.0,1,0.5387137752213095,87
3439,2,5069,5069,0,0,0,0,0.47132933968251584,0.31723173470046645,0.47132933968251584,0.31723173470046645,1.0,1,0.5550878859648659,86
3440,2,5071,5071,0,0,0,0,0.4852954917224422,0.30751407240566736,0.4852954917224422,0.30751407240566736,1.0,1,0.5384525915748858,86
3441,0,5071,5071,0,0,0,0,0.49095839980882827,0.30751407240566736,0.49095839980882827,0.30751407240566736,1.0,1,0.5384525915748858,85
3442,1,5072,5072,0,0,0,0,0.4923412279499749,0.30751407240566736,0.4923412279499749,0.30751407240566736,1.0,1,0.5314296538621696,85
3443,0,5072,5072,0,0,0,0,0.4928028986167848,0.30751407240566736,0.4928028986167848,0.30751407240566736,1.0,1,0.5369954503295145,85
3444,1,5073,5073,0,0,0,0,0.4928028986167847,0.30751407240566736,0.4928028986167847,0.30751407240566736,1.0,1,0.527209704931588,85
3445,2,5075,5075,0,0,0,0,0.4867008915572823,0.2908077530562334,0.4867008915572823,0.2908077530562334,1.0,1,0.5386291478339876,84
3446,2,5077,5077,0,0,0,0,0.4811419186653022,0.2908077530562334,0.4811419186653022,0.2908077530562334,1.0,1,0.540381051458144,85
3447,1,5078,5078,0,0,0,0,0.48119555308673345,0.28243355539888504,0.48119555308673345,0.28243355539888504,1.0,1,0.5450927578250526,85
3448,1,5079,5079,0,0,0,0,0.48119555308673345,0.28243355539888504,0.48119555308673345,0.28243355539888504,1.0,1,0.556281979805343,85
3449,1,5080,5080,0,0,0,0,0.4720392628703184,0.28243355539888504,0.4720392628703184,0.28243355539888504,1.0,1,0.5732293353696108,84
3450,2,5082,5082,0,0,0,0,0.4452674981597795,0.28243355539888504,0.4452674981597795,0.28243355539888504,1.0,1,0.5927554733655391,84
3451,2,5084,5084,0,0,0,0,0.4273176375771095,0.2748036282085097,0.4273176375771095,0.2748036282085097,1.0,1,0.6054882729370559,85
3452,2,5086,5086,0,0,0,0,0.4093316410619655,0.2748036282085097,0.4093316410619655,0.2748036282085097,1.0,1,0.6199877570892603,86
3453,0,5086,5086,0,0,0,0,0.4142355859901695,0.28243355539888504,0.4142355859901695,0.28243355539888504,1.0,1,0.6199877570892603,85
3454,0,5086,5086,0,0,0,0,0.4236088640123929,0.28243355539888504,0.4236088640123929,0.28243355539888504,1.0,1,0.5918464519746118,88
3455,2,5088,5088,0,0,0,0,0.4223650247600107,0.28243355539888504,0.4223650247600107,0.28243355539888504,1.0,1,0.5990962458927146,88
3456,0,5088,5088,0,0,0,0,0.4223650247600107,0.28243355539888504,0.4223650247600107,0.28243355539888504,1.0,1,0.5990962458927146,88
3457,0,5088,5088,0,0,0,0,0.4183551795562574,0.28243355539888504,0.4183551795562574,0.28243355539888504,1.0,1,0.5990962458927146,89
3458,2,5090,5090,0,0,0,0,0.43267921816260435,0.2887077897619633,0.43267921816260435,0.2887077897619633,1.0,1,0.5722306877823857,88
3459,0,5090,5090,0,0,0,0,0.43267921816260435,0.2887077897619633,0.43267921816260435,0.2887077897619633,1.0,1,0.5722306877823857,88
3460,3,5093,5093,0,0,0,0,0.46142769071179746,0.29824071676989244,0.46142769071179746,0.29824071676989244,1.0,1,0.5284399753167335,89
3461,1,5094,5094,0,0,0,0,0.470455585552074,0.29824071676989244,0.470455585552074,0.29824071676989244,1.0,1,0.5192372097285373,89
3462,1,5095,5095,0,0,0,0,0.4659854093597865,0.29824071676989244,0.4659854093597865,0.29824071676989244,1.0,1,0.5240235187793542,90
3463,3,5098,5098,0,0,0,0,0.48164816211637596,0.3274880764370969,0.48164816211637596,0.3274880764370969,1.0,1,0.5245225074395946,89
3464,2,5100,5100,0,0,0,0,0.4765212618126051,0.33559343106503364,0.4765212618126051,0.33559343106503364,1.0,1,0.5407665585406353,88
3465,0,5100,5100,0,0,0,0,0.4587800367178914,0.3337669022833458,0.4587800367178914,0.3337669022833458,1.0,1,0.5569964806176124,87
3466,5,5105,5105,0,0,0,0,0.470481989921944,0.3089204753495973,0.470481989921944,0.3089204753495973,1.0,1,0.5553110578176258,87
3467,0,5105,5105,0,0,0,0,0.4704819899219439,0.3089204753495973,0.4704819899219439,0.3089204753495973,1.0,1,0.5537337231646773,87
3468,5,5110,5110,0,0,0,0,0.4754890433886635,0.3018633418155778,0.4754890433886635,0.3018633418155778,1.0,1,0.538585622757384,88
3469,2,5112,5112,0,0,0,0,0.46137737184103494,0.30660002215659626,0.46137737184103494,0.30660002215659626,1.0,1,0.5666917299603821,85
3470,3,5115,5115,0,0,0,0,0.4464114033471503,0.3006659780082161,0.4464114033471503,0.3006659780082161,1.0,1,0.5413681282901287,86
3471,3,5118,5118,0,0,0,0,0.42961724031846527,0.30471982599143144,0.42961724031846527,0.30471982599143144,1.0,1,0.5788479560825138,84
3472,3,5121,5121,0,0,0,0,0.4329974746601928,0.3013561683495035,0.4329974746601928,0.3013561683495035,1.0,1,0.5660601153298792,83
3473,1,5122,5122,0,0,0,0,0.42988806171922167,0.3079966838328069,0.42988806171922167,0.3079966838328069,1.0,1,0.5786547341348259,81
3474,1,5123,5123,0,0,0,0,0.4496055576872138,0.2979325536961173,0.4496055576872138,0.2979325536961173,1.0,1,0.5581104175156866,80
3475,3,5126,5126,0,0,0,0,0.4503917640725054,0.29134155626679187,0.4503917640725054,0.29134155626679187,1.0,1,0.5791122522284384,82
3476,1,5127,5127,0,0,0,0,0.4568243598628012,0.29134155626679187,0.4568243598628012,0.29134155626679187,1.0,1,0.5628391587975984,81
3477,3,5130,5130,0,0,0,0,0.4465325365638844,0.2861691970896698,0.4465325365638844,0.2861691970896698,1.0,1,0.5791195851073008,83
3478,1,5131,5131,0,0,0,0,0.4337018353322517,0.2861691970896698,0.4337018353322517,0.2861691970896698,1.0,1,0.5773135360204431,83
3479,2,5133,5133,0,0,0,0,0.4220311087743085,0.2861691970896698,0.4220311087743085,0.2861691970896698,1.0,1,0.5937236311164811,83
3480,1,5134,5134,0,0,0,0,0.4101308998343807,0.2861691970896698,0.4101308998343807,0.2861691970896698,1.0,1,0.5980265537466523,83
3481,1,5135,5135,0,0,0,0,0.42293438260196564,0.2861691970896698,0.42293438260196564,0.2861691970896698,1.0,1,0.5897097593250733,83
3482,1,5136,5136,0,0,0,0,0.4215777429925266,0.28070035643492264,0.4215777429925266,0.28070035643492264,1.0,1,0.5897097593250733,83
3483,1,5137,5137,0,0,0,0,0.4265118079062009,0.28070035643492264,0.4265118079062009,0.28070035643492264,1.0,1,0.6050774136695318,82
3484,0,5137,5137,0,0,0,0,0.4265118079062009,0.28070035643492264,0.4265118079062009,0.28070035643492264,1.0,1,0.6050774136695318,82
3485,1,5138,5138,0,0,0,0,0.42191135662048473,0.28070035643492264,0.42191135662048473,0.28070035643492264,1.0,1,0.6003526695371559,83
3486,0,5138,5138,0,0,0,0,0.42191135662048473,0.28070035643492264,0.42191135662048473,0.28070035643492264,1.0,1,0.6003526695371559,83
3487,0,5138,5138,0,0,0,0,0.4183685044764746,0.28070035643492264,0.4183685044764746,0.28070035643492264,1.0,1,0.6003526695371559,84
3488,2,5140,5140,0,0,0,0,0.43561695169379,0.2867060112544925,0.43561695169379,0.2867060112544925,1.0,1,0.585747277047876,84
3489,0,5140,5140,0,0,0,0,0.43561695169379,0.2867060112544925,0.43561695169379,0.2867060112544925,1.0,1,0.585747277047876,84
3490,1,5141,5141,0,0,0,0,0.4357546727809123,0.2948397778763125,0.4357546727809123,0.2948397778763125,1.0,1,0.585747277047876,84
3491,1,5142,5142,0,0,0,0,0.43938298239977613,0.30088879286970144,0.43938298239977613,0.30088879286970144,1.0,1,0.5704323414410752,86
3492,2,5144,5144,0,0,0,0,0.4380312579586926,0.3113922735117117,0.4380312579586926,0.3113922735117117,1.0,1,0.5704323414410752,86
3493,2,5146,5146,0,0,0,0,0.45031080133820367,0.3032525282169914,0.45031080133820367,0.3032525282169914,1.0,1,0.5606399891404494,86
3494,0,5146,5146,0,0,0,0,0.4503108013382038,0.3032525282169914,0.4503108013382038,0.3032525282169914,1.0,1,0.5606399891404494,86
3495,2,5148,5148,0,0,0,0,0.46767422062455605,0.30988743940245905,0.46767422062455605,0.30988743940245905,1.0,1,0.5421349831036345,87
3496,1,5149,5149,0,0,0,0,0.4631441853872028,0.2982559780584027,0.4631441853872028,0.2982559780584027,1.0,1,0.5428559598546294,88
3497,4,5153,5153,0,0,0,0,0.4653150120959847,0.29747602329457357,0.4653150120959847,0.29747602329457357,1.0,1,0.5356251083130008,89
3498,2,5155,5155,0,0,0,0,0.47596324937305307,0.30774669306771985,0.47596324937305307,0.30774669306771985,1.0,1,0.5186168302079777,89
3499,0,5155,5155,0,0,0,0,0.47685666777179603,0.30012116195560856,0.47685666777179603,0.30012116195560856,1.0,1,0.5134090748811226,91
3500,3,5158,5158,0,0,0,0,0.49221948840177127,0.3049639700739987,0.49221948840177127,0.3049639700739987,1.0,1,0.5013766650027325,90
3501,1,5159,5159,0,0,0,0,0.5007879929593219,0.3049639700739987,0.5007879929593219,0.3049639700739987,1.0,1,0.49313686201126755,90
3502,3,5162,5162,0,0,0,0,0.5271181999005111,0.31807108172815424,0.5271181999005111,0.31807108172815424,1.0,1,0.4673841127544896,91
3503,2,5164,5164,0,0,0,0,0.5159763283404072,0.3000495356442029,0.5159763283404072,0.3000495356442029,1.0,1,0.4832864766110247,91
3504,4,5168,5168,0,0,0,0,0.514919041526365,0.31878518915491744,0.514919041526365,0.31878518915491744,1.0,1,0.4862231133088903,89
3505,6,5174,5174,0,0,0,0,0.5160697280263685,0.32596800957211214,0.5160697280263685,0.32596800957211214,1.0,1,0.4792352841864184,87
3506,3,5177,5177,0,0,0,0,0.5056251565727344,0.31546633338158736,0.5056251565727344,0.31546633338158736,1.0,1,0.4942909102285249,87
3507,3,5180,5180,0,0,0,0,0.5132392131849952,0.31385585767511043,0.5132392131849952,0.31385585767511043,1.0,1,0.4826891295611632,84
3508,2,5182,5182,0,0,0,0,0.5151094114526634,0.31404743333219437,0.5151094114526634,0.31404743333219437,1.0,1,0.49603610755934163,83
3509,4,5186,5186,0,0,0,0,0.5079086518792975,0.3108045026547954,0.5079086518792975,0.3108045026547954,1.0,1,0.5087092772397428,80
3510,2,5188,5188,0,0,0,0,0.5097910327320571,0.3108045026547954,0.5097910327320571,0.3108045026547954,1.0,1,0.5291771052330803,78
3511,4,5192,5192,0,0,0,0,0.5009923366357989,0.3330983693624053,0.5009923366357989,0.3330983693624053,1.0,1,0.5459679330109644,77
3512,1,5193,5193,0,0,0,0,0.5096394316552425,0.3330983693624053,0.5096394316552425,0.3330983693624053,1.0,1,0.5674398991913485,74
3513,2,5195,5195,0,0,0,0,0.5251054716412992,0.3473799181485772,0.5251054716412992,0.3473799181485772,1.0,1,0.5317810244084138,76
3514,2,5197,5197,0,0,0,0,0.5135396399356643,0.3329703695742338,0.5135396399356643,0.3329703695742338,1.0,1,0.5447762790685234,76
3515,1,5198,5198,0,0,0,0,0.5057053924026078,0.3329703695742338,0.5057053924026078,0.3329703695742338,1.0,1,0.5636297607730628,75
3516,1,5199,5199,0,0,0,0,0.5362739515802167,0.3475331036146023,0.5362739515802167,0.3475331036146023,1.0,1,0.5452912820687207,73
3517,3,5202,5202,0,0,0,0,0.5283654172712957,0.36326040920032027,0.5283654172712957,0.36326040920032027,1.0,1,0.5737063725265387,74
3518,1,5203,5203,0,0,0,0,0.5428606023510739,0.3766749130334866,0.5428606023510739,0.3766749130334866,1.0,1,0.5652821953187738,74
3519,0,5203,5203,0,0,0,0,0.5365984188216366,0.3766749130334866,0.5365984188216366,0.3766749130334866,1.0,1,0.5686733614200062,73
3520,1,5204,5204,0,0,0,0,0.5567312233592319,0.3916045747978264,0.5567312233592319,0.3916045747978264,1.0,1,0.5560649400270802,74
3521,0,5204,5204,0,0,0,0,0.5492129680883246,0.37920175311010856,0.5492129680883246,0.37920175311010856,1.0,1,0.5560649400270802,75
3522,4,5208,5208,0,0,0,0,0.5656911719664012,0.37920175311010856,0.5656911719664012,0.37920175311010856,1.0,1,0.53683454247326,75
3523,2,5210,5210,0,0,0,0,0.5794017302376511,0.37920175311010856,0.5794017302376511,0.37920175311010856,1.0,1,0.524040296482746,75
3524,2,5212,5212,0,0,0,0,0.5790252445330689,0.3885151401883917,0.5790252445330689,0.3885151401883917,1.0,1,0.5187289716399371,75
3525,2,5214,5214,0,0,0,0,0.5675858738406898,0.40295531876426627,0.5675858738406898,0.40295531876426627,1.0,1,0.5291700812066971,75
3526,0,5214,5214,0,0,0,0,0.5757684042969144,0.3928685998195613,0.5757684042969144,0.3928685998195613,1.0,1,0.5203865811128379,76
3527,3,5217,5217,0,0,0,0,0.5267431473704961,0.36968094188720707,0.5267431473704961,0.36968094188720707,1.0,1,0.5486068326894878,77
3528,1,5218,5218,0,0,0,0,0.529657170107462,0.3863029763510476,0.529657170107462,0.3863029763510476,1.0,1,0.5531791353859066,77
3529,2,5220,5220,0,0,0,0,0.5224873730064719,0.3810081549347214,0.5224873730064719,0.3810081549347214,1.0,1,0.5474691880484602,78
3530,0,5220,5220,0,0,0,0,0.508750362017672,0.3662922242953021,0.508750362017672,0.3662922242953021,1.0,1,0.564893057217339,78
3531,1,5221,5221,0,0,0,0,0.5008022745185647,0.3548386408725552,0.5008022745185647,0.3548386408725552,1.0,1,0.564893057217339,79
3532,2,5223,5223,0,0,0,0,0.487388927312699,0.3231274464817642,0.487388927312699,0.3231274464817642,1.0,1,0.5802776867574464,79
3533,1,5224,5224,0,0,0,0,0.5018188507350683,0.3231274464817642,0.5018188507350683,0.3231274464817642,1.0,1,0.5702279051470651,79
3534,2,5226,5226,0,0,0,0,0.49362080370055483,0.30450092809401585,0.49362080370055483,0.30450092809401585,1.0,1,0.5702279051470651,80
3535,0,5226,5226,0,0,0,0,0.4868539885681108,0.2947984375501934,0.4868539885681108,0.2947984375501934,1.0,1,0.5702279051470651,81
3536,1,5227,5227,0,0,0,0,0.479947659137463,0.28450281213461087,0.479947659137463,0.28450281213461087,1.0,1,0.5702279051470651,82
3537,0,5227,5227,0,0,0,0,0.479947659137463,0.28450281213461087,0.479947659137463,0.28450281213461087,1.0,1,0.5702279051470651,82
3538,3,5230,5230,0,0,0,0,0.4862173969146536,0.2836710547346388,0.4862173969146536,0.2836710547346388,1.0,1,0.555381099642386,83
3539,0,5230,5230,0,0,0,0,0.4862173969146536,0.2836710547346388,0.4862173969146536,0.2836710547346388,1.0,1,0.555381099642386,83
3540,2,5232,5232,0,0,0,0,0.4899866216626967,0.28975257013536637,0.4899866216626967,0.28975257013536637,1.0,1,0.524015715470798,85
3541,1,5233,5233,0,0,0,0,0.500663261796326,0.28975257013536637,0.500663261796326,0.28975257013536637,1.0,1,0.5182528490392722,85
3542,1,5234,5234,0,0,0,0,0.4847325487082943,0.2977091646271261,0.4847325487082943,0.2977091646271261,1.0,1,0.5182528490392722,88
3543,3,5237,5237,0,0,0,0,0.49096722673460413,0.3034195461803924,0.49096722673460413,0.3034195461803924,1.0,1,0.51378564749739,87
3544,1,5238,5238,0,0,0,0,0.4787400497041619,0.3034195461803924,0.4787400497041619,0.3034195461803924,1.0,1,0.523372295535348,87
3545,3,5241,5241,0,0,0,0,0.48588384727198014,0.3223308130456859,0.48588384727198014,0.3223308130456859,1.0,1,0.5372326104424686,85
3546,0,5241,5241,0,0,0,0,0.5006293244777236,0.3223308130456859,0.5006293244777236,0.3223308130456859,1.0,1,0.5372326104424686,83
3547,2,5243,5243,0,0,0,0,0.5093076885888761,0.3308283573857013,0.5093076885888761,0.3308283573857013,1.0,1,0.5329036538576877,82
3548,4,5247,5247,0,0,0,0,0.5044385073925872,0.34836500091820055,0.5044385073925872,0.34836500091820055,1.0,1,0.5449568407496275,82
3549,1,5248,5248,0,0,0,0,0.5134718444929286,0.34836500091820055,0.5134718444929286,0.34836500091820055,1.0,1,0.5486605831756313,81
3550,1,5249,5249,0,0,0,0,0.5133610860718677,0.3563041044630194,0.5133610860718677,0.3563041044630194,1.0,1,0.5560378886400483,79
3551,2,5251,5251,0,0,0,0,0.5066004934501739,0.3713649410083099,0.5066004934501739,0.3713649410083099,1.0,1,0.5634882997660753,80
3552,1,5252,5252,0,0,0,0,0.504751683046149,0.3878652058008844,0.504751683046149,0.3878652058008844,1.0,1,0.5694055187082221,78
3553,2,5254,5254,0,0,0,0,0.4868813101798823,0.3878652058008844,0.4868813101798823,0.3878652058008844,1.0,1,0.5909145160691956,79
3554,1,5255,5255,0,0,0,0,0.4856879985858291,0.37231750906297334,0.4856879985858291,0.37231750906297334,1.0,1,0.6042191990225778,77
3555,0,5255,5255,0,0,0,0,0.48398824168469107,0.37231750906297334,0.48398824168469107,0.37231750906297334,1.0,1,0.6042191990225778,77
3556,0,5255,5255,0,0,0,0,0.47728055754634535,0.37231750906297334,0.47728055754634535,0.37231750906297334,1.0,1,0.6129123279983161,76
3557,1,5256,5256,0,0,0,0,0.4908930741784719,0.37231750906297334,0.4908930741784719,0.37231750906297334,1.0,1,0.5951492647118649,76
3558,3,5259,5259,0,0,0,0,0.5038450472826396,0.37231750906297334,0.5038450472826396,0.37231750906297334,1.0,1,0.5885392018329129,76
3559,0,5259,5259,0,0,0,0,0.5038450472826396,0.37231750906297334,0.5038450472826396,0.37231750906297334,1.0,1,0.5885392018329129,76
3560,3,5262,5262,0,0,0,0,0.5419988894603526,0.3582975408488472,0.5419988894603526,0.3582975408488472,1.0,1,0.5529250898054822,78
3561,2,5264,5264,0,0,0,0,0.5466557720534269,0.34546697035480756,0.5466557720534269,0.34546697035480756,1.0,1,0.5468351090001304,79
3562,4,5268,5268,0,0,0,0,0.5688300793936224,0.33824979359585006,0.5688300793936224,0.33824979359585006,1.0,1,0.5334830968835291,79
3563,3,5271,5271,0,0,0,0,0.5453021363813778,0.3286384958462031,0.5453021363813778,0.3286384958462031,1.0,1,0.5465327374972411,79
3564,3,5274,5274,0,0,0,0,0.5250092524464832,0.30675401283513826,0.5250092524464832,0.30675401283513826,1.0,1,0.5539041655960363,80
3565,1,5275,5275,0,0,0,0,0.5189124290407618,0.28627298894510894,0.5189124290407618,0.28627298894510894,1.0,1,0.5435221205230657,83
3566,2,5277,5277,0,0,0,0,0.5111290569399338,0.2703271068104708,0.5111290569399338,0.2703271068104708,1.0,1,0.5435221205230657,84
3567,1,5278,5278,0,0,0,0,0.5104256663493484,0.26469684010940825,0.5104256663493484,0.26469684010940825,1.0,1,0.5435221205230657,84
3568,1,5279,5279,0,0,0,0,0.520427477845657,0.26469684010940825,0.520427477845657,0.26469684010940825,1.0,1,0.5337925140900434,84
3569,2,5281,5281,0,0,0,0,0.518814184409311,0.2718239589934569,0.518814184409311,0.2718239589934569,1.0,1,0.5337925140900434,84
3570,0,5281,5281,0,0,0,0,0.5125260760007384,0.2718239589934569,0.5125260760007384,0.2718239589934569,1.0,1,0.5268958195366562,87
3571,1,5282,5282,0,0,0,0,0.5067569826468507,0.28307104766667873,0.5067569826468507,0.28307104766667873,1.0,1,0.5362833452220575,86
3572,1,5283,5283,0,0,0,0,0.5028622616987737,0.28307104766667873,0.5028622616987737,0.28307104766667873,1.0,1,0.5403344785517867,87
3573,2,5285,5285,0,0,0,0,0.4897015671431306,0.2916280236945219,0.4897015671431306,0.2916280236945219,1.0,1,0.5541905597112683,87
3574,0,5285,5285,0,0,0,0,0.4955004129710496,0.2916280236945219,0.4955004129710496,0.2916280236945219,1.0,1,0.5444964748075377,88
3575,0,5285,5285,0,0,0,0,0.4955004129710496,0.2916280236945219,0.4955004129710496,0.2916280236945219,1.0,1,0.5444964748075377,88
3576,1,5286,5286,0,0,0,0,0.5063200418830073,0.2991715712792116,0.5063200418830073,0.2991715712792116,1.0,1,0.52700604565219,90
3577,1,5287,5287,0,0,0,0,0.5180250079164714,0.2991715712792116,0.5180250079164714,0.2991715712792116,1.0,1,0.5149101759858791,90
3578,3,5290,5290,0,0,0,0,0.533038903857284,0.30418277552073825,0.533038903857284,0.30418277552073825,1.0,1,0.48241522380919305,91
3579,1,5291,5291,0,0,0,0,0.5420549933941673,0.30418277552073825,0.5420549933941673,0.30418277552073825,1.0,1,0.4753104938767194,91
3580,4,5295,5295,0,0,0,0,0.5399595457766564,0.3324754649248208,0.5399595457766564,0.3324754649248208,1.0,1,0.47483371536764624,91
3581,1,5296,5296,0,0,0,0,0.5519317927796056,0.3324754649248208,0.5519317927796056,0.3324754649248208,1.0,1,0.4594798216212464,91
3582,4,5300,5300,0,0,0,0,0.5335200460088629,0.3324754649248208,0.5335200460088629,0.3324754649248208,1.0,1,0.4713481265910823,92
3583,2,5302,5302,0,0,0,0,0.5410839133682734,0.33944579436198025,0.5410839133682734,0.33944579436198025,1.0,1,0.49444944222837334,88
3584,3,5305,5305,0,0,0,0,0.5229408802363068,0.3280072594307994,0.5229408802363068,0.3280072594307994,1.0,1,0.5072836890988798,87
3585,7,5312,5312,0,0,0,0,0.5629224384597814,0.3395424323951625,0.5629224384597814,0.3395424323951625,1.0,1,0.4957088113012596,84
3586,3,5315,5315,0,0,0,0,0.5557677862924533,0.3395424323951625,0.5557677862924533,0.3395424323951625,1.0,1,0.5140117746935525,83
3587,6,5321,5321,0,0,0,0,0.5645287930644824,0.3389224688701639,0.5645287930644824,0.3389224688701639,1.0,1,0.509526409325724,82
3588,4,5325,5325,0,0,0,0,0.56467626441467,0.3389224688701639,0.56467626441467,0.3389224688701639,1.0,1,0.49331090242162057,81
3589,5,5330,5330,0,0,0,0,0.535054845149251,0.3201551505470935,0.535054845149251,0.3201551505470935,1.0,1,0.5182831907666103,80
3590,3,5333,5333,0,0,0,0,0.5304136632969456,0.3165256046989258,0.5304136632969456,0.3165256046989258,1.0,1,0.5377426713514433,78
3591,2,5335,5335,0,0,0,0,0.5336059156194816,0.30403125876067394,0.5336059156194816,0.30403125876067394,1.0,1,0.5377426713514433,77
3592,2,5337,5337,0,0,0,0,0.5342746199371159,0.3138337019093371,0.5342746199371159,0.3138337019093371,1.0,1,0.5501426538541471,75
3593,2,5339,5339,0,0,0,0,0.5214738778720823,0.3022615876014167,0.5214738778720823,0.3022615876014167,1.0,1,0.5628278879973964,76
3594,2,5341,5341,0,0,0,0,0.5070930301560292,0.2857452600269759,0.5070930301560292,0.2857452600269759,1.0,1,0.5827898447361826,74
3595,0,5341,5341,0,0,0,0,0.5070930301560292,0.2857452600269759,0.5070930301560292,0.2857452600269759,1.0,1,0.5783413024680288,74
3596,2,5343,5343,0,0,0,0,0.5126236270944111,0.29224502479098724,0.5126236270944111,0.29224502479098724,1.0,1,0.5783413024680288,73
3597,1,5344,5344,0,0,0,0,0.48927140654030166,0.29224502479098724,0.48927140654030166,0.29224502479098724,1.0,1,0.6016441640716867,73
3598,3,5347,5347,0,0,0,0,0.47577220577290613,0.29318152644629214,0.47577220577290613,0.29318152644629214,1.0,1,0.6141440388561397,73
3599,0,5347,5347,0,0,0,0,0.47577220577290613,0.29318152644629214,0.47577220577290613,0.29318152644629214,1.0,1,0.6141440388561397,73
3600,1,5348,5348,0,0,0,0,0.4676697507844034,0.3020855919236454,0.4676697507844034,0.3020855919236454,1.0,1,0.6141440388561397,74
3601,0,5348,5348,0,0,0,0,0.47476748744061126,0.3020855919236454,0.47476748744061126,0.3020855919236454,1.0,1,0.6029973900953217,75
3602,1,5349,5349,0,0,0,0,0.48151559573913477,0.31136615172054016,0.48151559573913477,0.31136615172054016,1.0,1,0.5879654465092846,76
3603,1,5350,5350,0,0,0,0,0.48756606473510283,0.30410684467507804,0.48756606473510283,0.30410684467507804,1.0,1,0.5781671076047671,77
3604,0,5350,5350,0,0,0,0,0.48272061913345904,0.30410684467507804,0.48272061913345904,0.30410684467507804,1.0,1,0.5781671076047671,78
3605,0,5350,5350,0,0,0,0,0.4882456868477979,0.31136615172054016,0.4882456868477979,0.31136615172054016,1.0,1,0.5781671076047671,77
3606,0,5350,5350,0,0,0,0,0.4900393496786216,0.31136615172054016,0.4900393496786216,0.31136615172054016,1.0,1,0.5663101912375897,79
3607,1,5351,5351,0,0,0,0,0.4910140144190532,0.3179109362062791,0.4910140144190532,0.3179109362062791,1.0,1,0.5663101912375897,79
3608,1,5352,5352,0,0,0,0,0.5023994659262219,0.3179109362062791,0.5023994659262219,0.3179109362062791,1.0,1,0.5548466647087659,79
3609,1,5353,5353,0,0,0,0,0.5178963164754258,0.3179109362062791,0.5178963164754258,0.3179109362062791,1.0,1,0.536909536261344,79
3610,0,5353,5353,0,0,0,0,0.5136213593375429,0.3179109362062791,0.5136213593375429,0.3179109362062791,1.0,1,0.536909536261344,80
3611,2,5355,5355,0,0,0,0,0.5114956503963042,0.3179109362062791,0.5114956503963042,0.3179109362062791,1.0,1,0.5363230725448295,80
3612,1,5356,5356,0,0,0,0,0.4920157786636962,0.3179109362062791,0.4920157786636962,0.3179109362062791,1.0,1,0.5633962007959283,79
3613,2,5358,5358,0,0,0,0,0.49354950694540617,0.3179109362062791,0.49354950694540617,0.3179109362062791,1.0,1,0.5557919340397021,79
3614,2,5360,5360,0,0,0,0,0.4609988827146111,0.3179109362062791,0.4609988827146111,0.3179109362062791,1.0,1,0.5951563835657324,78
3615,2,5362,5362,0,0,0,0,0.47790211571085206,0.30896633235393595,0.47790211571085206,0.30896633235393595,1.0,1,0.568644259658892,79
3616,3,5365,5365,0,0,0,0,0.4647633939363964,0.3007736715777519,0.4647633939363964,0.3007736715777519,1.0,1,0.5842185383207789,79
3617,0,5365,5365,0,0,0,0,0.4714538515121913,0.3007736715777519,0.4714538515121913,0.3007736715777519,1.0,1,0.5688104586368008,80
3618,4,5369,5369,0,0,0,0,0.47347309438885676,0.2941267479098317,0.47347309438885676,0.2941267479098317,1.0,1,0.5367050704726498,82
3619,2,5371,5371,0,0,0,0,0.44873790149440707,0.2941267479098317,0.44873790149440707,0.2941267479098317,1.0,1,0.5620864530535181,82
3620,4,5375,5375,0,0,0,0,0.4768195564357321,0.29735039592868556,0.4768195564357321,0.29735039592868556,1.0,1,0.5437855202680404,81
3621,4,5379,5379,0,0,0,0,0.48748383108372134,0.2829772536540368,0.48748383108372134,0.2829772536540368,1.0,1,0.5183692001639235,83
3622,2,5381,5381,0,0,0,0,0.5145365644788025,0.2934142942561534,0.5145365644788025,0.2934142942561534,1.0,1,0.5142878827128261,81
3623,5,5386,5386,0,0,0,0,0.5037748253147412,0.2934142942561534,0.5037748253147412,0.2934142942561534,1.0,1,0.5340820326053114,81
3624,2,5388,5388,0,0,0,0,0.5260454336049875,0.31306258549819727,0.5260454336049875,0.31306258549819727,1.0,1,0.5140031130926727,79
3625,7,5395,5395,0,0,0,0,0.5084180240096123,0.32539198682484916,0.5084180240096123,0.32539198682484916,1.0,1,0.532562832802211,80
3626,1,5396,5396,0,0,0,0,0.5207186806615363,0.3379748581042711,0.5207186806615363,0.3379748581042711,1.0,1,0.5218668995774643,78
3627,3,5399,5399,0,0,0,0,0.5196601990060441,0.3404109896652689,0.5196601990060441,0.3404109896652689,1.0,1,0.5219789000846374,78
3628,1,5400,5400,0,0,0,0,0.5268952981651657,0.33128551944049106,0.5268952981651657,0.33128551944049106,1.0,1,0.514898486879775,77
3629,3,5403,5403,0,0,0,0,0.5466680379958561,0.34008914486268177,0.5466680379958561,0.34008914486268177,1.0,1,0.5085777117995206,76
3630,1,5404,5404,0,0,0,0,0.5388323513111934,0.34008914486268177,0.5388323513111934,0.34008914486268177,1.0,1,0.5214210612392569,77
3631,2,5406,5406,0,0,0,0,0.5487930565332229,0.3492659956048649,0.5487930565332229,0.3492659956048649,1.0,1,0.5243752166011608,75
3632,1,5407,5407,0,0,0,0,0.5559877768780904,0.3603620704245931,0.5559877768780904,0.3603620704245931,1.0,1,0.5170385010473652,74
3633,0,5407,5407,0,0,0,0,0.5619079398530492,0.3603620704245931,0.5619079398530492,0.3603620704245931,1.0,1,0.5093023435753429,75
3634,0,5407,5407,0,0,0,0,0.5559877768780904,0.3603620704245931,0.5559877768780904,0.3603620704245931,1.0,1,0.5155995897766685,74
3635,0,5407,5407,0,0,0,0,0.5559877768780904,0.3603620704245931,0.5559877768780904,0.3603620704245931,1.0,1,0.5155995897766685,74
3636,2,5409,5409,0,0,0,0,0.5570414017644391,0.3603620704245931,0.5570414017644391,0.3603620704245931,1.0,1,0.5167535662667125,74
3637,0,5409,5409,0,0,0,0,0.5422586287934329,0.3603620704245931,0.5422586287934329,0.3603620704245931,1.0,1,0.5230876396944096,74
3638,1,5410,5410,0,0,0,0,0.5515819288182097,0.3603620704245931,0.5515819288182097,0.3603620704245931,1.0,1,0.5075818072066927,75
3639,4,5414,5414,0,0,0,0,0.5047049847880904,0.3603620704245931,0.5047049847880904,0.3603620704245931,1.0,1,0.5422144732454461,76
3640,1,5415,5415,0,0,0,0,0.5177583344692388,0.3603620704245931,0.5177583344692388,0.3603620704245931,1.0,1,0.5340958458040734,76
3641,2,5417,5417,0,0,0,0,0.4990361051129405,0.3603620704245931,0.4990361051129405,0.3603620704245931,1.0,1,0.5637639200636491,75
3642,1,5418,5418,0,0,0,0,0.48496211720122345,0.3603620704245931,0.48496211720122345,0.3603620704245931,1.0,1,0.5809326131865091,75
3643,0,5418,5418,0,0,0,0,0.4780021458120508,0.3603620704245931,0.4780021458120508,0.3603620704245931,1.0,1,0.5911266871259858,74
3644,0,5418,5418,0,0,0,0,0.4780021458120508,0.3603620704245931,0.4780021458120508,0.3603620704245931,1.0,1,0.5911266871259858,74
3645,0,5418,5418,0,0,0,0,0.4780021458120508,0.3603620704245931,0.4780021458120508,0.3603620704245931,1.0,1,0.5911266871259858,74
3646,0,5418,5418,0,0,0,0,0.48496211720122345,0.3603620704245931,0.48496211720122345,0.3603620704245931,1.0,1,0.5787194599518923,75
3647,0,5418,5418,0,0,0,0,0.48452540510122055,0.3603620704245931,0.48452540510122055,0.3603620704245931,1.0,1,0.5650601931572128,77
3648,0,5418,5418,0,0,0,0,0.4664276124338001,0.34011749030563176,0.4664276124338001,0.34011749030563176,1.0,1,0.575743072413746,78
3649,0,5418,5418,0,0,0,0,0.46666060904968154,0.34011749030563176,0.46666060904968154,0.34011749030563176,1.0,1,0.5667433575102628,80
3650,1,5419,5419,0,0,0,0,0.44788247782125234,0.34011749030563176,0.44788247782125234,0.34011749030563176,1.0,1,0.5762964470071125,81
3651,0,5419,5419,0,0,0,0,0.44788247782125234,0.34011749030563176,0.44788247782125234,0.34011749030563176,1.0,1,0.5762964470071125,81
3652,1,5420,5420,0,0,0,0,0.42502500776104424,0.32199235755065914,0.42502500776104424,0.32199235755065914,1.0,1,0.5905806257601086,83
3653,0,5420,5420,0,0,0,0,0.42502500776104424,0.32199235755065914,0.42502500776104424,0.32199235755065914,1.0,1,0.5905806257601086,83
3654,0,5420,5420,0,0,0,0,0.42502500776104435,0.32199235755065914,0.42502500776104435,0.32199235755065914,1.0,1,0.5905806257601086,83
3655,0,5420,5420,0,0,0,0,0.4318699481448413,0.32199235755065914,0.4318699481448413,0.32199235755065914,1.0,1,0.5810523252863559,84
3656,4,5424,5424,0,0,0,0,0.43777935382318295,0.31049574328722546,0.43777935382318295,0.31049574328722546,1.0,1,0.5731449718138263,85
3657,0,5424,5424,0,0,0,0,0.44431680319733197,0.31049574328722546,0.44431680319733197,0.31049574328722546,1.0,1,0.5646102915299703,86
3658,4,5428,5428,0,0,0,0,0.4737511193410166,0.32121476850175873,0.4737511193410166,0.32121476850175873,1.0,1,0.5300129057651745,87
3659,2,5430,5430,0,0,0,0,0.47403225811283184,0.3137538603461793,0.47403225811283184,0.3137538603461793,1.0,1,0.5300129057651745,87
3660,2,5432,5432,0,0,0,0,0.5022934073583417,0.32387384575437667,0.5022934073583417,0.32387384575437667,1.0,1,0.5016272880382595,86
3661,3,5435,5435,0,0,0,0,0.49372909006921634,0.2989137775301839,0.49372909006921634,0.2989137775301839,1.0,1,0.5187656065828491,86
3662,1,5436,5436,0,0,0,0,0.5108861720061659,0.31831767490984525,0.5108861720061659,0.31831767490984525,1.0,1,0.5187443727247427,83
3663,2,5438,5438,0,0,0,0,0.4983776805646528,0.30145480051874535,0.4983776805646528,0.30145480051874535,1.0,1,0.5246473110045917,85
3664,3,5441,5441,0,0,0,0,0.5056400189379635,0.3330797445035571,0.5056400189379635,0.3330797445035571,1.0,1,0.5157838307041541,82
3665,5,5446,5446,0,0,0,0,0.48162003811336096,0.3160462047305266,0.48162003811336096,0.3160462047305266,1.0,1,0.5443112424045381,81
3666,2,5448,5448,0,0,0,0,0.4675551145211531,0.3160462047305266,0.4675551145211531,0.3160462047305266,1.0,1,0.5616198420702669,79
3667,1,5449,5449,0,0,0,0,0.471680871563068,0.3160462047305266,0.471680871563068,0.3160462047305266,1.0,1,0.5557605031004741,79
3668,5,5454,5454,0,0,0,0,0.44465029851101184,0.3160462047305266,0.44465029851101184,0.3160462047305266,1.0,1,0.5938330473677782,77
3669,2,5456,5456,0,0,0,0,0.4577797048141744,0.3294046553891339,0.4577797048141744,0.3294046553891339,1.0,1,0.5622811217925372,75
3670,1,5457,5457,0,0,0,0,0.45316820047825807,0.3294046553891339,0.45316820047825807,0.3294046553891339,1.0,1,0.5591448040259085,76
3671,1,5458,5458,0,0,0,0,0.4664960926478651,0.3294046553891339,0.4664960926478651,0.3294046553891339,1.0,1,0.5652024829077381,74
3672,1,5459,5459,0,0,0,0,0.47360947807922693,0.3294046553891339,0.47360947807922693,0.3294046553891339,1.0,1,0.5595611252893957,75
3673,0,5459,5459,0,0,0,0,0.4736094780792268,0.3294046553891339,0.4736094780792268,0.3294046553891339,1.0,1,0.5595611252893957,75
3674,2,5461,5461,0,0,0,0,0.4736094780792268,0.3294046553891339,0.4736094780792268,0.3294046553891339,1.0,1,0.5641570482551944,75
3675,0,5461,5461,0,0,0,0,0.47360947807922693,0.3294046553891339,0.47360947807922693,0.3294046553891339,1.0,1,0.5658817223606321,75
3676,0,5461,5461,0,0,0,0,0.47360947807922693,0.3294046553891339,0.47360947807922693,0.3294046553891339,1.0,1,0.5658817223606321,75
3677,0,5461,5461,0,0,0,0,0.47360947807922693,0.3294046553891339,0.47360947807922693,0.3294046553891339,1.0,1,0.5734379365299698,75
3678,1,5462,5462,0,0,0,0,0.4622610694471471,0.3294046553891339,0.4622610694471471,0.3294046553891339,1.0,1,0.5793545755086001,77
3679,0,5462,5462,0,0,0,0,0.45617752621429064,0.31935583309193416,0.45617752621429064,0.31935583309193416,1.0,1,0.5793545755086001,78
3680,0,5462,5462,0,0,0,0,0.4558959213216571,0.3070835710326759,0.4558959213216571,0.3070835710326759,1.0,1,0.5650469029732414,80
3681,0,5462,5462,0,0,0,0,0.449595769325315,0.3070835710326759,0.449595769325315,0.3070835710326759,1.0,1,0.5650469029732414,81
3682,0,5462,5462,0,0,0,0,0.449595769325315,0.3070835710326759,0.449595769325315,0.3070835710326759,1.0,1,0.5650469029732414,81
3683,1,5463,5463,0,0,0,0,0.43811959615432106,0.3070835710326759,0.43811959615432106,0.3070835710326759,1.0,1,0.5782575833419846,81
3684,0,5463,5463,0,0,0,0,0.43811959615432094,0.3070835710326759,0.43811959615432094,0.3070835710326759,1.0,1,0.5782575833419846,81
3685,0,5463,5463,0,0,0,0,0.43811959615432094,0.3070835710326759,0.43811959615432094,0.3070835710326759,1.0,1,0.5782575833419846,81
3686,0,5463,5463,0,0,0,0,0.43811959615432094,0.3070835710326759,0.43811959615432094,0.3070835710326759,1.0,1,0.5782575833419846,81
3687,0,5463,5463,0,0,0,0,0.4449717962012195,0.3070835710326759,0.4449717962012195,0.3070835710326759,1.0,1,0.5654817353840087,82
3688,0,5463,5463,0,0,0,0,0.4345669123898814,0.30042719623097847,0.4345669123898814,0.30042719623097847,1.0,1,0.5654817353840087,84
3689,0,5463,5463,0,0,0,0,0.4345669123898814,0.30042719623097847,0.4345669123898814,0.30042719623097847,1.0,1,0.5654817353840087,84
3690,1,5464,5464,0,0,0,0,0.4176516020843886,0.2848531503781709,0.4176516020843886,0.2848531503781709,1.0,1,0.5686643580466073,85
3691,0,5464,5464,0,0,0,0,0.42442309508340736,0.2848531503781709,0.42442309508340736,0.2848531503781709,1.0,1,0.5624742850198767,86
3692,0,5464,5464,0,0,0,0,0.4356540669481451,0.292450627067432,0.4356540669481451,0.292450627067432,1.0,1,0.5548408608100496,86
3693,0,5464,5464,0,0,0,0,0.43565406694814524,0.292450627067432,0.43565406694814524,0.292450627067432,1.0,1,0.5548408608100496,86
3694,2,5466,5466,0,0,0,0,0.41375309045528447,0.27906819185254966,0.41375309045528447,0.27906819185254966,1.0,1,0.570626455629724,86
3695,2,5468,5468,0,0,0,0,0.40237781382221494,0.271919803455424,0.40237781382221494,0.271919803455424,1.0,1,0.5815234082552562,86
3696,2,5470,5470,0,0,0,0,0.39784077424157677,0.26477752147843114,0.39784077424157677,0.26477752147843114,1.0,1,0.5712132130060347,87
3697,2,5472,5472,0,0,0,0,0.3937561008446437,0.26816359742998575,0.3937561008446437,0.26816359742998575,1.0,1,0.582558356628762,85
3698,1,5473,5473,0,0,0,0,0.3929303809112023,0.2662139809204713,0.3929303809112023,0.2662139809204713,1.0,1,0.5833923152709161,85
3699,2,5475,5475,0,0,0,0,0.3931203124718998,0.26666243043878507,0.3931203124718998,0.26666243043878507,1.0,1,0.5873976871279666,85
3700,2,5477,5477,0,0,0,0,0.398181367264922,0.27519587959823494,0.398181367264922,0.27519587959823494,1.0,1,0.607876854962239,84
3701,0,5477,5477,0,0,0,0,0.393343548041405,0.26718951442233885,0.393343548041405,0.26718951442233885,1.0,1,0.607876854962239,85
3702,0,5477,5477,0,0,0,0,0.404764739409763,0.2739892510147038,0.404764739409763,0.2739892510147038,1.0,1,0.5882720866500303,85
3703,1,5478,5478,0,0,0,0,0.393823196882646,0.26832201863082455,0.393823196882646,0.26832201863082455,1.0,1,0.5916306088072936,85
3704,3,5481,5481,0,0,0,0,0.36919550367876885,0.26096044233897936,0.36919550367876885,0.26096044233897936,1.0,1,0.6104696169078755,85
3705,1,5482,5482,0,0,0,0,0.3649939343976964,0.2542999187381255,0.3649939343976964,0.2542999187381255,1.0,1,0.6041775966482932,86
3706,0,5482,5482,0,0,0,0,0.37585250137943654,0.25938469385076823,0.37585250137943654,0.25938469385076823,1.0,1,0.5811876247827215,86
3707,2,5484,5484,0,0,0,0,0.3791187451081514,0.2585386764786333,0.3791187451081514,0.2585386764786333,1.0,1,0.5836129899264033,85
3708,1,5485,5485,0,0,0,0,0.4066415121942141,0.2734805109620169,0.4066415121942141,0.2734805109620169,1.0,1,0.5683776424685777,84
3709,1,5486,5486,0,0,0,0,0.4147146799329515,0.26816661475267434,0.4147146799329515,0.26816661475267434,1.0,1,0.5647937040243608,85
3710,1,5487,5487,0,0,0,0,0.43348733199759504,0.2776780198384241,0.43348733199759504,0.2776780198384241,1.0,1,0.5605744844070422,84
3711,1,5488,5488,0,0,0,0,0.4278693256662449,0.2786020809152643,0.4278693256662449,0.2786020809152643,1.0,1,0.5605744844070422,85
3712,1,5489,5489,0,0,0,0,0.42769288099003006,0.28465950385150673,0.42769288099003006,0.28465950385150673,1.0,1,0.5605744844070422,85
3713,3,5492,5492,0,0,0,0,0.4497528865960404,0.28465950385150673,0.4497528865960404,0.28465950385150673,1.0,1,0.5415981794243372,85
3714,2,5494,5494,0,0,0,0,0.43727925494124736,0.2815015674428332,0.43727925494124736,0.2815015674428332,1.0,1,0.5599775540572691,85
3715,2,5496,5496,0,0,0,0,0.4487955903107562,0.2815015674428332,0.4487955903107562,0.2815015674428332,1.0,1,0.5434239855662996,85
3716,2,5498,5498,0,0,0,0,0.44139484386764766,0.2976523947670531,0.44139484386764766,0.2976523947670531,1.0,1,0.5544757713450051,84
3717,1,5499,5499,0,0,0,0,0.44200040425198645,0.290733362085575,0.44200040425198645,0.290733362085575,1.0,1,0.5330882533300206,86
3718,1,5500,5500,0,0,0,0,0.43512326030286697,0.287057387885105,0.43512326030286697,0.287057387885105,1.0,1,0.5500686124280129,85
3719,1,5501,5501,0,0,0,0,0.42839853721123433,0.287057387885105,0.42839853721123433,0.287057387885105,1.0,1,0.5496995691838226,84
3720,1,5502,5502,0,0,0,0,0.4173669339395676,0.287057387885105,0.4173669339395676,0.287057387885105,1.0,1,0.5636631776335164,84
3721,0,5502,5502,0,0,0,0,0.4242214405991021,0.287057387885105,0.4242214405991021,0.287057387885105,1.0,1,0.5567025971508146,85
3722,0,5502,5502,0,0,0,0,0.4242214405991021,0.287057387885105,0.4242214405991021,0.287057387885105,1.0,1,0.5586872322246099,85
3723,3,5505,5505,0,0,0,0,0.4133332510995484,0.287057387885105,0.4133332510995484,0.287057387885105,1.0,1,0.5853934085981888,85
3724,0,5505,5505,0,0,0,0,0.42015495748211173,0.287057387885105,0.42015495748211173,0.287057387885105,1.0,1,0.571448237961016,86
3725,2,5507,5507,0,0,0,0,0.42015495748211173,0.287057387885105,0.42015495748211173,0.287057387885105,1.0,1,0.5891491456299258,86
3726,0,5507,5507,0,0,0,0,0.42015495748211173,0.287057387885105,0.42015495748211173,0.287057387885105,1.0,1,0.5891491456299258,86
3727,0,5507,5507,0,0,0,0,0.42015495748211173,0.287057387885105,0.42015495748211173,0.287057387885105,1.0,1,0.5891491456299258,86
3728,1,5508,5508,0,0,0,0,0.42015495748211173,0.287057387885105,0.42015495748211173,0.287057387885105,1.0,1,0.5828780092623818,86
3729,0,5508,5508,0,0,0,0,0.42015495748211173,0.287057387885105,0.42015495748211173,0.287057387885105,1.0,1,0.5828780092623818,86
3730,1,5509,5509,0,0,0,0,0.4133332510995484,0.287057387885105,0.4133332510995484,0.287057387885105,1.0,1,0.609210925264828,85
3731,0,5509,5509,0,0,0,0,0.4077051921656953,0.27795944463960026,0.4077051921656953,0.27795944463960026,1.0,1,0.609210925264828,86
3732,2,5511,5511,0,0,0,0,0.3931635149534883,0.2667881037051269,0.3931635149534883,0.2667881037051269,1.0,1,0.6052752703098909,87
3733,0,5511,5511,0,0,0,0,0.3931635149534883,0.2667881037051269,0.3931635149534883,0.2667881037051269,1.0,1,0.6052752703098909,87
3734,2,5513,5513,0,0,0,0,0.3932120321027474,0.26001080619668343,0.3932120321027474,0.26001080619668343,1.0,1,0.605403154034853,87
3735,1,5514,5514,0,0,0,0,0.3855888801737926,0.2587265141442396,0.3855888801737926,0.2587265141442396,1.0,1,0.609007426893534,86
3736,2,5516,5516,0,0,0,0,0.39205187174030504,0.2615828536597627,0.39205187174030504,0.2615828536597627,1.0,1,0.5984439907693053,87
3737,2,5518,5518,0,0,0,0,0.38093332905582544,0.25571372373131446,0.38093332905582544,0.25571372373131446,1.0,1,0.5913816516842114,87
3738,4,5522,5522,0,0,0,0,0.41633171479813985,0.26628574682237577,0.41633171479813985,0.26628574682237577,1.0,1,0.5426112448761242,87
3739,2,5524,5524,0,0,0,0,0.39826607735635283,0.24818277570125075,0.39826607735635283,0.24818277570125075,1.0,1,0.5468522675807382,88
3740,5,5529,5529,0,0,0,0,0.4366147494444505,0.26825285910574065,0.4366147494444505,0.26825285910574065,1.0,1,0.5154131313248064,87
3741,0,5529,5529,0,0,0,0,0.4381594065651411,0.2719857804807425,0.4381594065651411,0.2719857804807425,1.0,1,0.5154131313248064,87
3742,4,5533,5533,0,0,0,0,0.4548030091355302,0.2864522384168382,0.4548030091355302,0.2864522384168382,1.0,1,0.5365896685223549,86
3743,3,5536,5536,0,0,0,0,0.44136142240130577,0.2950431096164888,0.44136142240130577,0.2950431096164888,1.0,1,0.5552196330434632,84
3744,3,5539,5539,0,0,0,0,0.425046194776102,0.29063869090958316,0.425046194776102,0.29063869090958316,1.0,1,0.5830422136061635,83
3745,4,5543,5543,0,0,0,0,0.4371630794820379,0.29552187378278494,0.4371630794820379,0.29552187378278494,1.0,1,0.5828912191280782,83
3746,0,5543,5543,0,0,0,0,0.42567358155742074,0.28860103485150695,0.42567358155742074,0.28860103485150695,1.0,1,0.5953540621035694,83
3747,1,5544,5544,0,0,0,0,0.4349527133978401,0.3026441109003935,0.4349527133978401,0.3026441109003935,1.0,1,0.5958600432857729,81
3748,2,5546,5546,0,0,0,0,0.47132912875806576,0.314444585710626,0.47132912875806576,0.314444585710626,1.0,1,0.5528972386641076,81
3749,1,5547,5547,0,0,0,0,0.4647207428675416,0.314444585710626,0.4647207428675416,0.314444585710626,1.0,1,0.5474333001736512,80
3750,3,5550,5550,0,0,0,0,0.47121007454996644,0.3171063059709947,0.47121007454996644,0.3171063059709947,1.0,1,0.5352002943720453,79
3751,4,5554,5554,0,0,0,0,0.4912009402350261,0.32921835707492386,0.4912009402350261,0.32921835707492386,1.0,1,0.5068509239156713,80
3752,2,5556,5556,0,0,0,0,0.490354906092775,0.32647257493520726,0.490354906092775,0.32647257493520726,1.0,1,0.5041848307679282,80
3753,3,5559,5559,0,0,0,0,0.49664682083237044,0.32647257493520726,0.49664682083237044,0.32647257493520726,1.0,1,0.5316156997510777,81
3754,0,5559,5559,0,0,0,0,0.484504982621945,0.31647381783908907,0.484504982621945,0.31647381783908907,1.0,1,0.5420843893996652,81
3755,1,5560,5560,0,0,0,0,0.4780612949047193,0.31647381783908907,0.4780612949047193,0.31647381783908907,1.0,1,0.5671314054053389,80
3756,1,5561,5561,0,0,0,0,0.47145447585288036,0.31647381783908907,0.47145447585288036,0.31647381783908907,1.0,1,0.5906541176670177,79
3757,1,5562,5562,0,0,0,0,0.4653049915899749,0.3059432527447566,0.4653049915899749,0.3059432527447566,1.0,1,0.5949600772822939,80
3758,1,5563,5563,0,0,0,0,0.4585367003442784,0.3059432527447566,0.4585367003442784,0.3059432527447566,1.0,1,0.598702770089127,79
3759,0,5563,5563,0,0,0,0,0.4585367003442784,0.3059432527447566,0.4585367003442784,0.3059432527447566,1.0,1,0.598702770089127,79
3760,0,5563,5563,0,0,0,0,0.4585367003442784,0.3059432527447566,0.4585367003442784,0.3059432527447566,1.0,1,0.598702770089127,79
3761,2,5565,5565,0,0,0,0,0.46944006715020886,0.3059432527447566,0.46944006715020886,0.3059432527447566,1.0,1,0.6055555956202673,78
3762,0,5565,5565,0,0,0,0,0.47148503941294473,0.29977763645913635,0.47148503941294473,0.29977763645913635,1.0,1,0.5891902311436343,80
3763,1,5566,5566,0,0,0,0,0.46883458087464325,0.29977763645913635,0.46883458087464325,0.29977763645913635,1.0,1,0.5891902311436343,80
3764,0,5566,5566,0,0,0,0,0.46883458087464325,0.29977763645913635,0.46883458087464325,0.29977763645913635,1.0,1,0.5891902311436343,80
3765,2,5568,5568,0,0,0,0,0.46227738560603887,0.2983842180945999,0.46227738560603887,0.2983842180945999,1.0,1,0.5891902311436343,81
3766,1,5569,5569,0,0,0,0,0.46203233672266875,0.30925744124307103,0.46203233672266875,0.30925744124307103,1.0,1,0.5816944465126395,83
3767,2,5571,5571,0,0,0,0,0.46085675226433315,0.31860160339060956,0.46085675226433315,0.31860160339060956,1.0,1,0.5816944465126395,83
3768,1,5572,5572,0,0,0,0,0.45558693961713626,0.32290127738771873,0.45558693961713626,0.32290127738771873,1.0,1,0.5816944465126395,84
3769,1,5573,5573,0,0,0,0,0.4828820051730309,0.32290127738771873,0.4828820051730309,0.32290127738771873,1.0,1,0.5436490709341498,86
3770,3,5576,5576,0,0,0,0,0.4880927565735005,0.3142360222919133,0.4880927565735005,0.3142360222919133,1.0,1,0.5369634744150071,87
3771,1,5577,5577,0,0,0,0,0.4769415820694499,0.30701073313826216,0.4769415820694499,0.30701073313826216,1.0,1,0.5390410026260313,87
3772,4,5581,5581,0,0,0,0,0.4506581343386296,0.29801706785282295,0.4506581343386296,0.29801706785282295,1.0,1,0.5376578867489799,88
3773,0,5581,5581,0,0,0,0,0.45420548223506046,0.3063339844572466,0.45420548223506046,0.3063339844572466,1.0,1,0.545606261208266,85
3774,4,5585,5585,0,0,0,0,0.4190924484472888,0.2900230272726144,0.4190924484472888,0.2900230272726144,1.0,1,0.5660481035733603,85
3775,2,5587,5587,0,0,0,0,0.40409674217765995,0.2725291002571115,0.40409674217765995,0.2725291002571115,1.0,1,0.5900130704788867,83
3776,3,5590,5590,0,0,0,0,0.3957885694987128,0.2719589321921991,0.3957885694987128,0.2719589321921991,1.0,1,0.6068652625677463,82
3777,2,5592,5592,0,0,0,0,0.4006619245744645,0.2719589321921991,0.4006619245744645,0.2719589321921991,1.0,1,0.618053128977236,81
3778,3,5595,5595,0,0,0,0,0.43628974417791394,0.29200836603379915,0.43628974417791394,0.29200836603379915,1.0,1,0.5745748015920497,81
3779,4,5599,5599,0,0,0,0,0.4271133255580845,0.2820746205503838,0.4271133255580845,0.2820746205503838,1.0,1,0.6273558602699206,80
3780,3,5602,5602,0,0,0,0,0.4530060526663423,0.30076777966101276,0.4530060526663423,0.30076777966101276,1.0,1,0.6023607371347253,80
3781,1,5603,5603,0,0,0,0,0.4653891817559246,0.30959863138306115,0.4653891817559246,0.30959863138306115,1.0,1,0.5919250808222872,80
3782,2,5605,5605,0,0,0,0,0.4653891817559246,0.30959863138306115,0.4653891817559246,0.30959863138306115,1.0,1,0.5776876642051462,80
3783,3,5608,5608,0,0,0,0,0.47640590560628293,0.3162661487784044,0.47640590560628293,0.3162661487784044,1.0,1,0.5570319943028397,80
3784,1,5609,5609,0,0,0,0,0.46977813225952697,0.3162661487784044,0.46977813225952697,0.3162661487784044,1.0,1,0.5732057363494302,79
3785,0,5609,5609,0,0,0,0,0.45600613569483944,0.3162661487784044,0.45600613569483944,0.3162661487784044,1.0,1,0.5969252985350944,77
3786,1,5610,5610,0,0,0,0,0.4629804160064441,0.3162661487784044,0.4629804160064441,0.3162661487784044,1.0,1,0.5898805108987164,78
3787,1,5611,5611,0,0,0,0,0.45600613569483944,0.3162661487784044,0.45600613569483944,0.3162661487784044,1.0,1,0.5897942759856795,77
3788,2,5613,5613,0,0,0,0,0.46168319268763025,0.32164959508913205,0.46168319268763025,0.32164959508913205,1.0,1,0.5976486165141717,78
3789,0,5613,5613,0,0,0,0,0.454692065319937,0.32164959508913205,0.454692065319937,0.32164959508913205,1.0,1,0.6039338896843921,77
3790,1,5614,5614,0,0,0,0,0.46719492566562865,0.32164959508913205,0.46719492566562865,0.32164959508913205,1.0,1,0.5997999732668158,77
3791,0,5614,5614,0,0,0,0,0.46719492566562865,0.32164959508913205,0.46719492566562865,0.32164959508913205,1.0,1,0.5997999732668158,77
3792,1,5615,5615,0,0,0,0,0.4838390884761303,0.32164959508913205,0.4838390884761303,0.32164959508913205,1.0,1,0.5783491337484965,78
3793,0,5615,5615,0,0,0,0,0.48552068809511234,0.31479198731981,0.48552068809511234,0.31479198731981,1.0,1,0.5666048424501073,80
3794,2,5617,5617,0,0,0,0,0.4932357224726996,0.30684269928005686,0.4932357224726996,0.30684269928005686,1.0,1,0.5461120094817841,82
3795,1,5618,5618,0,0,0,0,0.4962385522575234,0.30684269928005686,0.4962385522575234,0.30684269928005686,1.0,1,0.5342289646436449,83
3796,2,5620,5620,0,0,0,0,0.4953823057691764,0.32657357361151673,0.4953823057691764,0.32657357361151673,1.0,1,0.5339201875740125,83
3797,1,5621,5621,0,0,0,0,0.5031438796486903,0.32657357361151673,0.5031438796486903,0.32657357361151673,1.0,1,0.528341910192987,82
3798,2,5623,5623,0,0,0,0,0.5033268595715941,0.3128968974443919,0.5033268595715941,0.3128968974443919,1.0,1,0.5330623347778773,82
3799,1,5624,5624,0,0,0,0,0.4968760537228573,0.3128968974443919,0.4968760537228573,0.3128968974443919,1.0,1,0.519307386496281,83
3800,2,5626,5626,0,0,0,0,0.48417004793158563,0.28641095089242824,0.48417004793158563,0.28641095089242824,1.0,1,0.5351384752910024,83
3801,0,5626,5626,0,0,0,0,0.48417004793158563,0.28641095089242824,0.48417004793158563,0.28641095089242824,1.0,1,0.5351384752910024,83
3802,0,5626,5626,0,0,0,0,0.4778794387600196,0.28641095089242824,0.4778794387600196,0.28641095089242824,1.0,1,0.5527673897741189,82
3803,1,5627,5627,0,0,0,0,0.479339902820885,0.28063392055188113,0.479339902820885,0.28063392055188113,1.0,1,0.5489170521732849,84
3804,2,5629,5629,0,0,0,0,0.4571208493124284,0.28063392055188113,0.4571208493124284,0.28063392055188113,1.0,1,0.5644784606622306,84
3805,1,5630,5630,0,0,0,0,0.43144765865389917,0.28063392055188113,0.43144765865389917,0.28063392055188113,1.0,1,0.5814148715022807,86
3806,3,5633,5633,0,0,0,0,0.40480110969427546,0.2750177572147686,0.40480110969427546,0.2750177572147686,1.0,1,0.6037210422257615,86
3807,1,5634,5634,0,0,0,0,0.3922921134716519,0.2750177572147686,0.3922921134716519,0.2750177572147686,1.0,1,0.6230074673737591,86
3808,3,5637,5637,0,0,0,0,0.3840230166823057,0.28063392055188113,0.3840230166823057,0.28063392055188113,1.0,1,0.6351129434821795,85
3809,1,5638,5638,0,0,0,0,0.3829409579443882,0.28063392055188113,0.3829409579443882,0.28063392055188113,1.0,1,0.6351129434821795,85
3810,1,5639,5639,0,0,0,0,0.3810346241331017,0.28063392055188113,0.3810346241331017,0.28063392055188113,1.0,1,0.6351129434821795,85
3811,3,5642,5642,0,0,0,0,0.3706662858356345,0.28063392055188113,0.3706662858356345,0.28063392055188113,1.0,1,0.6573501536080959,84
3812,2,5644,5644,0,0,0,0,0.37329839547827925,0.2725929935111929,0.37329839547827925,0.2725929935111929,1.0,1,0.6573501536080959,83
3813,0,5644,5644,0,0,0,0,0.3893176290377585,0.28063392055188113,0.3893176290377585,0.28063392055188113,1.0,1,0.6420107845971467,82
3814,1,5645,5645,0,0,0,0,0.393618167488953,0.28063392055188113,0.393618167488953,0.28063392055188113,1.0,1,0.6420107845971467,81
3815,2,5647,5647,0,0,0,0,0.4122866999984657,0.28969020895429387,0.4122866999984657,0.28969020895429387,1.0,1,0.610644653384813,82
3816,0,5647,5647,0,0,0,0,0.4160180488923084,0.28969020895429387,0.4160180488923084,0.28969020895429387,1.0,1,0.610644653384813,81
3817,1,5648,5648,0,0,0,0,0.41580859567123707,0.2998208587108498,0.41580859567123707,0.2998208587108498,1.0,1,0.610644653384813,81
3818,2,5650,5650,0,0,0,0,0.4405165037473946,0.3186015546980517,0.4405165037473946,0.3186015546980517,1.0,1,0.5712216740328435,81
3819,3,5653,5653,0,0,0,0,0.4361822318385224,0.3050714724693011,0.4361822318385224,0.3050714724693011,1.0,1,0.5712216740328435,82
3820,2,5655,5655,0,0,0,0,0.4505570312762744,0.2926683860991958,0.4505570312762744,0.2926683860991958,1.0,1,0.5452665896831039,84
3821,5,5660,5660,0,0,0,0,0.46167746140993704,0.27977567401901776,0.46167746140993704,0.27977567401901776,1.0,1,0.514624104222519,84
3822,2,5662,5662,0,0,0,0,0.487328613961151,0.2997383064229377,0.487328613961151,0.2997383064229377,1.0,1,0.5037341680660415,82
3823,5,5667,5667,0,0,0,0,0.5172724757524958,0.3058242434654916,0.5172724757524958,0.3058242434654916,1.0,1,0.47206174214299684,81
3824,1,5668,5668,0,0,0,0,0.5113123327743193,0.31458532419004437,0.5113123327743193,0.31458532419004437,1.0,1,0.5062206654375084,78
3825,1,5669,5669,0,0,0,0,0.5102358374333954,0.31458532419004437,0.5102358374333954,0.31458532419004437,1.0,1,0.5160005432119533,76
3826,2,5671,5671,0,0,0,0,0.49664654815015874,0.31458532419004437,0.49664654815015874,0.31458532419004437,1.0,1,0.5247067014365075,76
3827,2,5673,5673,0,0,0,0,0.5040139622361632,0.31458532419004437,0.5040139622361632,0.31458532419004437,1.0,1,0.5353890192258631,75
3828,3,5676,5676,0,0,0,0,0.49717379499813974,0.3256012239506079,0.49717379499813974,0.3256012239506079,1.0,1,0.5432711052004209,74
3829,2,5678,5678,0,0,0,0,0.49923869940166216,0.35277972077556435,0.49923869940166216,0.35277972077556435,1.0,1,0.5538488033175449,74
3830,2,5680,5680,0,0,0,0,0.49931211495437666,0.36034880551141607,0.49931211495437666,0.36034880551141607,1.0,1,0.556063094154673,74
3831,3,5683,5683,0,0,0,0,0.4852742763653078,0.3161137579385402,0.4852742763653078,0.3161137579385402,1.0,1,0.5718887521892346,74
3832,0,5683,5683,0,0,0,0,0.47822323905524355,0.3161137579385402,0.47822323905524355,0.3161137579385402,1.0,1,0.575938286467511,73
3833,2,5685,5685,0,0,0,0,0.4792899974907324,0.29401315662503874,0.4792899974907324,0.29401315662503874,1.0,1,0.575938286467511,73
3834,1,5686,5686,0,0,0,0,0.48677926997661175,0.2852542695345058,0.48677926997661175,0.2852542695345058,1.0,1,0.5713608757134839,74
3835,1,5687,5687,0,0,0,0,0.4806745878475738,0.2852542695345058,0.4806745878475738,0.2852542695345058,1.0,1,0.5785256128639636,75
3836,1,5688,5688,0,0,0,0,0.48083052425397804,0.2779547143507248,0.48083052425397804,0.2779547143507248,1.0,1,0.578176937846507,75
3837,1,5689,5689,0,0,0,0,0.44875585173079724,0.26841734002254225,0.44875585173079724,0.26841734002254225,1.0,1,0.5940719476197454,78
3838,4,5693,5693,0,0,0,0,0.47527872895330375,0.26346374639139875,0.47527872895330375,0.26346374639139875,1.0,1,0.5770809924843339,78
3839,0,5693,5693,0,0,0,0,0.4675606180422647,0.26346374639139875,0.4675606180422647,0.26346374639139875,1.0,1,0.5770809924843339,79
3840,2,5695,5695,0,0,0,0,0.4740961127594471,0.27134906063174097,0.4740961127594471,0.27134906063174097,1.0,1,0.5688678535969685,82
3841,1,5696,5696,0,0,0,0,0.4854138840156393,0.27134906063174097,0.4854138840156393,0.27134906063174097,1.0,1,0.5621250203928397,82
3842,1,5697,5697,0,0,0,0,0.49413204277478556,0.2795057622655968,0.49413204277478556,0.2795057622655968,1.0,1,0.5506336233276335,82
3843,0,5697,5697,0,0,0,0,0.49413204277478545,0.2795057622655968,0.49413204277478545,0.2795057622655968,1.0,1,0.5506336233276335,82
3844,2,5699,5699,0,0,0,0,0.5094715644715369,0.2897690526896577,0.5094715644715369,0.2897690526896577,1.0,1,0.5296486495195197,83
3845,2,5701,5701,0,0,0,0,0.49475151829302483,0.2897690526896577,0.49475151829302483,0.2897690526896577,1.0,1,0.5278619823010254,84
3846,2,5703,5703,0,0,0,0,0.4882147612617126,0.29940535837367305,0.4882147612617126,0.29940535837367305,1.0,1,0.5285077738982785,85
3847,1,5704,5704,0,0,0,0,0.4821220798481616,0.29940535837367305,0.4821220798481616,0.29940535837367305,1.0,1,0.5346801952518889,84
3848,1,5705,5705,0,0,0,0,0.46904750439452725,0.29940535837367305,0.46904750439452725,0.29940535837367305,1.0,1,0.5444182130733847,84
3849,1,5706,5706,0,0,0,0,0.47873623719066644,0.29940535837367305,0.47873623719066644,0.29940535837367305,1.0,1,0.5384677073751883,83
3850,2,5708,5708,0,0,0,0,0.4871423674703997,0.3092104287471538,0.4871423674703997,0.3092104287471538,1.0,1,0.5509845757729884,80
3851,2,5710,5710,0,0,0,0,0.4988169269700634,0.3168096533946619,0.4988169269700634,0.3168096533946619,1.0,1,0.5381388848826874,80
3852,0,5710,5710,0,0,0,0,0.49276547926638736,0.3168096533946619,0.49276547926638736,0.3168096533946619,1.0,1,0.55617882037065,79
3853,0,5710,5710,0,0,0,0,0.49276547926638736,0.3168096533946619,0.49276547926638736,0.3168096533946619,1.0,1,0.55617882037065,79
3854,1,5711,5711,0,0,0,0,0.4862249284405911,0.309919570292554,0.4862249284405911,0.309919570292554,1.0,1,0.5730157266391325,78
3855,0,5711,5711,0,0,0,0,0.4862249284405911,0.309919570292554,0.4862249284405911,0.309919570292554,1.0,1,0.5730157266391325,78
3856,1,5712,5712,0,0,0,0,0.4768967027720065,0.29611657181355383,0.4768967027720065,0.29611657181355383,1.0,1,0.5730157266391325,80
3857,2,5714,5714,0,0,0,0,0.47007470339045687,0.29611657181355383,0.47007470339045687,0.29611657181355383,1.0,1,0.5553599784578324,81
3858,3,5717,5717,0,0,0,0,0.4565516869321335,0.2963444070236238,0.4565516869321335,0.2963444070236238,1.0,1,0.5718674767258494,81
3859,2,5719,5719,0,0,0,0,0.4738362604700705,0.29626467021159897,0.4738362604700705,0.29626467021159897,1.0,1,0.5386322178279545,83
3860,1,5720,5720,0,0,0,0,0.47925862279854203,0.304119438466781,0.47925862279854203,0.304119438466781,1.0,1,0.5356863909457278,82
3861,1,5721,5721,0,0,0,0,0.47825900371108465,0.30540648013974037,0.47825900371108465,0.30540648013974037,1.0,1,0.529194314734472,84
3862,3,5724,5724,0,0,0,0,0.4605977624073148,0.30114717690524273,0.4605977624073148,0.30114717690524273,1.0,1,0.5412364041577808,85
3863,1,5725,5725,0,0,0,0,0.47884468306048333,0.30930679967488534,0.47884468306048333,0.30930679967488534,1.0,1,0.5315143501044869,84
3864,3,5728,5728,0,0,0,0,0.47630416544674625,0.31963178485804555,0.47630416544674625,0.31963178485804555,1.0,1,0.5433992269490184,83
3865,3,5731,5731,0,0,0,0,0.46982317659540096,0.30095869114092144,0.46982317659540096,0.30095869114092144,1.0,1,0.5502258758379898,82
3866,2,5733,5733,0,0,0,0,0.46292719924250403,0.3095351307570452,0.46292719924250403,0.3095351307570452,1.0,1,0.5617892384411295,81
3867,3,5736,5736,0,0,0,0,0.46418935219102814,0.30693742045762495,0.46418935219102814,0.30693742045762495,1.0,1,0.5751267537262529,81
3868,5,5741,5741,0,0,0,0,0.4906074980057047,0.3361477521008754,0.4906074980057047,0.3361477521008754,1.0,1,0.5439305927711896,81
3869,2,5743,5743,0,0,0,0,0.4813196247605497,0.32733965812809157,0.4813196247605497,0.32733965812809157,1.0,1,0.5518184312740274,81
3870,2,5745,5745,0,0,0,0,0.5244261683693926,0.34770566570741507,0.5244261683693926,0.34770566570741507,1.0,1,0.5133934358208524,80
3871,1,5746,5746,0,0,0,0,0.5238211049011565,0.3639012599316585,0.5238211049011565,0.3639012599316585,1.0,1,0.49729726509516486,82
3872,3,5749,5749,0,0,0,0,0.5004225800059536,0.37858136176075546,0.5004225800059536,0.37858136176075546,1.0,1,0.5207831501732236,81
3873,1,5750,5750,0,0,0,0,0.5129872815620388,0.3932599613090392,0.5129872815620388,0.3932599613090392,1.0,1,0.5104306228247598,81
3874,3,5753,5753,0,0,0,0,0.5114177930116696,0.3932599613090392,0.5114177930116696,0.3932599613090392,1.0,1,0.5318097541429119,78
3875,0,5753,5753,0,0,0,0,0.5132486541803458,0.3932599613090392,0.5132486541803458,0.3932599613090392,1.0,1,0.5318097541429119,77
3876,2,5755,5755,0,0,0,0,0.49318733724805214,0.3932599613090392,0.49318733724805214,0.3932599613090392,1.0,1,0.5645091920355382,78
3877,1,5756,5756,0,0,0,0,0.5158923688019561,0.40322137941966896,0.5158923688019561,0.40322137941966896,1.0,1,0.5595544957450281,75
3878,1,5757,5757,0,0,0,0,0.5025172541311077,0.40322137941966896,0.5025172541311077,0.40322137941966896,1.0,1,0.5810537912932549,75
3879,0,5757,5757,0,0,0,0,0.502629146029407,0.40322137941966896,0.502629146029407,0.40322137941966896,1.0,1,0.592280140533344,73
3880,0,5757,5757,0,0,0,0,0.4934639591015321,0.40322137941966896,0.4934639591015321,0.40322137941966896,1.0,1,0.592280140533344,74
3881,0,5757,5757,0,0,0,0,0.4847560425926406,0.40322137941966896,0.4847560425926406,0.40322137941966896,1.0,1,0.592280140533344,75
3882,0,5757,5757,0,0,0,0,0.4773216821847209,0.38595435342577866,0.4773216821847209,0.38595435342577866,1.0,1,0.592280140533344,76
3883,0,5757,5757,0,0,0,0,0.47175907050089494,0.38595435342577866,0.47175907050089494,0.38595435342577866,1.0,1,0.592280140533344,77
3884,0,5757,5757,0,0,0,0,0.4667028324759123,0.38595435342577866,0.4667028324759123,0.38595435342577866,1.0,1,0.592280140533344,78
3885,5,5762,5762,0,0,0,0,0.5036064008504477,0.36640643288573804,0.5036064008504477,0.36640643288573804,1.0,1,0.5613810072763102,78
3886,1,5763,5763,0,0,0,0,0.48350365070169576,0.36640643288573804,0.48350365070169576,0.36640643288573804,1.0,1,0.5699759093829604,79
3887,4,5767,5767,0,0,0,0,0.5245326784329485,0.35723392013318495,0.5245326784329485,0.35723392013318495,1.0,1,0.5468947180205777,78
3888,3,5770,5770,0,0,0,0,0.5374651322081663,0.32656511192177345,0.5374651322081663,0.32656511192177345,1.0,1,0.5292243922398657,80
3889,3,5773,5773,0,0,0,0,0.5372017291085892,0.30780417277987765,0.5372017291085892,0.30780417277987765,1.0,1,0.521083351476262,82
3890,2,5775,5775,0,0,0,0,0.5255580291748065,0.30780417277987765,0.5255580291748065,0.30780417277987765,1.0,1,0.5281291520710515,82
3891,3,5778,5778,0,0,0,0,0.520811176079529,0.28117040146637956,0.520811176079529,0.28117040146637956,1.0,1,0.5133173366295634,85
3892,0,5778,5778,0,0,0,0,0.509934235851439,0.27452562573588446,0.509934235851439,0.27452562573588446,1.0,1,0.5133173366295634,87
3893,3,5781,5781,0,0,0,0,0.5139656140944545,0.2743961953369811,0.5139656140944545,0.2743961953369811,1.0,1,0.5133173366295634,86
3894,0,5781,5781,0,0,0,0,0.5090341824685404,0.2696595670195547,0.5090341824685404,0.2696595670195547,1.0,1,0.5133173366295634,87
3895,1,5782,5782,0,0,0,0,0.5208988483621407,0.2696595670195547,0.5208988483621407,0.2696595670195547,1.0,1,0.4991536932314795,87
3896,3,5785,5785,0,0,0,0,0.5398186650158198,0.28281274096673487,0.5398186650158198,0.28281274096673487,1.0,1,0.498898128097883,85
3897,2,5787,5787,0,0,0,0,0.5265951864673973,0.27741189503018826,0.5265951864673973,0.27741189503018826,1.0,1,0.5105902208620275,85
3898,4,5791,5791,0,0,0,0,0.5150601874228778,0.2788356468168632,0.5150601874228778,0.2788356468168632,1.0,1,0.5162686465912592,86
3899,2,5793,5793,0,0,0,0,0.5045138430190588,0.28891689768106965,0.5045138430190588,0.28891689768106965,1.0,1,0.5239919920797258,86
3900,2,5795,5795,0,0,0,0,0.505954790973879,0.297032498399419,0.505954790973879,0.297032498399419,1.0,1,0.5239919920797258,86
3901,3,5798,5798,0,0,0,0,0.5069419225260029,0.3140878805066057,0.5069419225260029,0.3140878805066057,1.0,1,0.5288281598758863,86
3902,4,5802,5802,0,0,0,0,0.5038528762603515,0.3127420537079347,0.5038528762603515,0.3127420537079347,1.0,1,0.5229260892972734,87
3903,2,5804,5804,0,0,0,0,0.5275992829182925,0.329959809528933,0.5275992829182925,0.329959809528933,1.0,1,0.5029776215147511,87
3904,1,5805,5805,0,0,0,0,0.5566524534138907,0.34136519471464477,0.5566524534138907,0.34136519471464477,1.0,1,0.4828060499420745,85
3905,2,5807,5807,0,0,0,0,0.5770949851651669,0.371671241660731,0.5770949851651669,0.371671241660731,1.0,1,0.4742472266566694,84
3906,2,5809,5809,0,0,0,0,0.5758567637358045,0.371671241660731,0.5758567637358045,0.371671241660731,1.0,1,0.4654582826353163,86
3907,2,5811,5811,0,0,0,0,0.568348239789543,0.38126869636339544,0.568348239789543,0.38126869636339544,1.0,1,0.4894147566267434,84
3908,1,5812,5812,0,0,0,0,0.5608291829581709,0.38126869636339544,0.5608291829581709,0.38126869636339544,1.0,1,0.5052605222903905,83
3909,0,5812,5812,0,0,0,0,0.5623036699610451,0.38126869636339544,0.5623036699610451,0.38126869636339544,1.0,1,0.5142740419444645,81
3910,2,5814,5814,0,0,0,0,0.5695672250767225,0.39838618041505025,0.5695672250767225,0.39838618041505025,1.0,1,0.5049682584903069,82
3911,0,5814,5814,0,0,0,0,0.5787908855613212,0.39838618041505025,0.5787908855613212,0.39838618041505025,1.0,1,0.5049682584903069,81
3912,3,5817,5817,0,0,0,0,0.566391536512896,0.39838618041505025,0.566391536512896,0.39838618041505025,1.0,1,0.5129124732437388,80
3913,1,5818,5818,0,0,0,0,0.5519763952270826,0.39838618041505025,0.5519763952270826,0.39838618041505025,1.0,1,0.5210989831996268,80
3914,3,5821,5821,0,0,0,0,0.5175267064683664,0.38006599292402143,0.5175267064683664,0.38006599292402143,1.0,1,0.5389929284335144,81
3915,2,5823,5823,0,0,0,0,0.5065674350167279,0.38006599292402143,0.5065674350167279,0.38006599292402143,1.0,1,0.5586045680276684,81
3916,1,5824,5824,0,0,0,0,0.4945102246246618,0.38006599292402143,0.4945102246246618,0.38006599292402143,1.0,1,0.5597044868790156,81
3917,2,5826,5826,0,0,0,0,0.47841321689019917,0.38006599292402143,0.47841321689019917,0.38006599292402143,1.0,1,0.5707273998883354,82
3918,2,5828,5828,0,0,0,0,0.44629340815763674,0.3369223124381636,0.44629340815763674,0.3369223124381636,1.0,1,0.5869573215501277,85
3919,1,5829,5829,0,0,0,0,0.4340200330011751,0.3369223124381636,0.4340200330011751,0.3369223124381636,1.0,1,0.6047958331793494,85
3920,0,5829,5829,0,0,0,0,0.4340200330011751,0.3369223124381636,0.4340200330011751,0.3369223124381636,1.0,1,0.6047958331793494,85
3921,0,5829,5829,0,0,0,0,0.4298937572083157,0.31530770080156284,0.4298937572083157,0.31530770080156284,1.0,1,0.589339558249289,88
3922,0,5829,5829,0,0,0,0,0.4298937572083157,0.31530770080156284,0.4298937572083157,0.31530770080156284,1.0,1,0.589339558249289,88
3923,3,5832,5832,0,0,0,0,0.4364481286159238,0.3361157643013411,0.4364481286159238,0.3361157643013411,1.0,1,0.5748391993764052,89
3924,1,5833,5833,0,0,0,0,0.43121719626252997,0.3361157643013411,0.43121719626252997,0.3361157643013411,1.0,1,0.5748391993764052,90
3925,2,5835,5835,0,0,0,0,0.4401727133215555,0.346444479347429,0.4401727133215555,0.346444479347429,1.0,1,0.5748391993764052,88
3926,1,5836,5836,0,0,0,0,0.4458721333621546,0.33847299992100466,0.4458721333621546,0.33847299992100466,1.0,1,0.5620282010030682,89
3927,1,5837,5837,0,0,0,0,0.4455046126431553,0.32857439611242395,0.4455046126431553,0.32857439611242395,1.0,1,0.5620282010030682,89
3928,2,5839,5839,0,0,0,0,0.45233253470930046,0.32857439611242395,0.45233253470930046,0.32857439611242395,1.0,1,0.5620282010030682,88
3929,0,5839,5839,0,0,0,0,0.4523325347093005,0.32857439611242395,0.4523325347093005,0.32857439611242395,1.0,1,0.5620282010030682,88
3930,2,5841,5841,0,0,0,0,0.45942577101714854,0.32857439611242395,0.45942577101714854,0.32857439611242395,1.0,1,0.5620282010030682,87
3931,1,5842,5842,0,0,0,0,0.46471480252429015,0.32857439611242395,0.46471480252429015,0.32857439611242395,1.0,1,0.5620282010030682,86
3932,2,5844,5844,0,0,0,0,0.45568669697425535,0.32857439611242395,0.45568669697425535,0.32857439611242395,1.0,1,0.5796000969607147,85
3933,1,5845,5845,0,0,0,0,0.4611461910665669,0.32857439611242395,0.4611461910665669,0.32857439611242395,1.0,1,0.5796000969607147,84
3934,0,5845,5845,0,0,0,0,0.4659394964772477,0.32857439611242395,0.4659394964772477,0.32857439611242395,1.0,1,0.5700256833832131,85
3935,1,5846,5846,0,0,0,0,0.47028186660830196,0.32857439611242395,0.47028186660830196,0.32857439611242395,1.0,1,0.5700256833832131,84
3936,0,5846,5846,0,0,0,0,0.48137027395536364,0.32857439611242395,0.48137027395536364,0.32857439611242395,1.0,1,0.5641393536885888,84
3937,1,5847,5847,0,0,0,0,0.5064451754844659,0.32857439611242395,0.5064451754844659,0.32857439611242395,1.0,1,0.5434235409636836,82
3938,1,5848,5848,0,0,0,0,0.5180284036329774,0.3372743681214982,0.5180284036329774,0.3372743681214982,1.0,1,0.5281073480002753,82
3939,2,5850,5850,0,0,0,0,0.5204343048025785,0.35162357715323417,0.5204343048025785,0.35162357715323417,1.0,1,0.5174734401010617,84
3940,0,5850,5850,0,0,0,0,0.5204343048025784,0.35162357715323417,0.5204343048025784,0.35162357715323417,1.0,1,0.5174734401010617,84
3941,2,5852,5852,0,0,0,0,0.5283385173429793,0.36777263641310354,0.5283385173429793,0.36777263641310354,1.0,1,0.5071861604174005,85
3942,2,5854,5854,0,0,0,0,0.5407713927858893,0.38241287948415353,0.5407713927858893,0.38241287948415353,1.0,1,0.49994656143559035,85
3943,3,5857,5857,0,0,0,0,0.525934381999625,0.3668407323181504,0.525934381999625,0.3668407323181504,1.0,1,0.5195962625992819,84
3944,1,5858,5858,0,0,0,0,0.5092694263876645,0.3668407323181504,0.5092694263876645,0.3668407323181504,1.0,1,0.5347929724333211,83
3945,2,5860,5860,0,0,0,0,0.49675877485704234,0.35458004544355437,0.49675877485704234,0.35458004544355437,1.0,1,0.542894047253424,83
3946,3,5863,5863,0,0,0,0,0.4869984462150127,0.34658314249308436,0.4869984462150127,0.34658314249308436,1.0,1,0.5537340272376384,83
3947,1,5864,5864,0,0,0,0,0.4869984462150127,0.34658314249308436,0.4869984462150127,0.34658314249308436,1.0,1,0.5636935484617122,83
3948,3,5867,5867,0,0,0,0,0.48179750056132337,0.33004509117480313,0.48179750056132337,0.33004509117480313,1.0,1,0.5651126898349613,84
3949,2,5869,5869,0,0,0,0,0.4824214690657262,0.34132871884147037,0.4824214690657262,0.34132871884147037,1.0,1,0.5699628207946539,84
3950,6,5875,5875,0,0,0,0,0.48474351611724487,0.30994555363580834,0.48474351611724487,0.30994555363580834,1.0,1,0.5607692200396676,86
3951,2,5877,5877,0,0,0,0,0.49202384106025726,0.3262892353515139,0.49202384106025726,0.3262892353515139,1.0,1,0.5526015824400262,87
3952,2,5879,5879,0,0,0,0,0.4995728100098397,0.3402525110314448,0.4995728100098397,0.3402525110314448,1.0,1,0.5526015824400262,86
3953,2,5881,5881,0,0,0,0,0.5096572351575382,0.33934893084289475,0.5096572351575382,0.33934893084289475,1.0,1,0.5510506531168275,86
3954,0,5881,5881,0,0,0,0,0.5151062461487018,0.34822340447726624,0.5151062461487018,0.34822340447726624,1.0,1,0.5510506531168275,85
3955,1,5882,5882,0,0,0,0,0.5033484055261331,0.35751228368773486,0.5033484055261331,0.35751228368773486,1.0,1,0.5595745701338741,85
3956,1,5883,5883,0,0,0,0,0.5086922147210423,0.35751228368773486,0.5086922147210423,0.35751228368773486,1.0,1,0.5569480861338667,84
3957,0,5883,5883,0,0,0,0,0.5032449690622606,0.3480627094464276,0.5032449690622606,0.3480627094464276,1.0,1,0.5569480861338667,85
3958,1,5884,5884,0,0,0,0,0.5076982185089476,0.3480627094464276,0.5076982185089476,0.3480627094464276,1.0,1,0.5522830313343682,84
3959,0,5884,5884,0,0,0,0,0.5017668717439951,0.3480627094464276,0.5017668717439951,0.3480627094464276,1.0,1,0.5647663562435237,83
3960,3,5887,5887,0,0,0,0,0.5086278323300963,0.3480627094464276,0.5086278323300963,0.3480627094464276,1.0,1,0.5528280722368981,84
3961,1,5888,5888,0,0,0,0,0.5030278159320083,0.3480627094464276,0.5030278159320083,0.3480627094464276,1.0,1,0.5636281879622079,83
3962,5,5893,5893,0,0,0,0,0.517543275694746,0.3208445452361753,0.517543275694746,0.3208445452361753,1.0,1,0.5336308830417261,84
3963,2,5895,5895,0,0,0,0,0.521912388650498,0.3208445452361753,0.521912388650498,0.3208445452361753,1.0,1,0.545462816214156,81
3964,0,5895,5895,0,0,0,0,0.5349250019386917,0.3208445452361753,0.5349250019386917,0.3208445452361753,1.0,1,0.5360048136187943,81
3965,2,5897,5897,0,0,0,0,0.5101592014646383,0.3208445452361753,0.5101592014646383,0.3208445452361753,1.0,1,0.5471995274806045,81
3966,3,5900,5900,0,0,0,0,0.5160785715165902,0.3208445452361753,0.5160785715165902,0.3208445452361753,1.0,1,0.5652358365002996,79
3967,2,5902,5902,0,0,0,0,0.49665494297671414,0.3208445452361753,0.49665494297671414,0.3208445452361753,1.0,1,0.5581608397032793,81
3968,2,5904,5904,0,0,0,0,0.5050912519173586,0.3208445452361753,0.5050912519173586,0.3208445452361753,1.0,1,0.5720272870069734,79
3969,3,5907,5907,0,0,0,0,0.47435942216302523,0.3208445452361753,0.47435942216302523,0.3208445452361753,1.0,1,0.5852708212593607,79
3970,1,5908,5908,0,0,0,0,0.4944444193926144,0.3208445452361753,0.4944444193926144,0.3208445452361753,1.0,1,0.5809375596879824,78
3971,0,5908,5908,0,0,0,0,0.4973908697332715,0.3208445452361753,0.4973908697332715,0.3208445452361753,1.0,1,0.5809375596879824,77
3972,2,5910,5910,0,0,0,0,0.5038345765315629,0.3208445452361753,0.5038345765315629,0.3208445452361753,1.0,1,0.5729676953493436,78
3973,0,5910,5910,0,0,0,0,0.5084821614736657,0.3208445452361753,0.5084821614736657,0.3208445452361753,1.0,1,0.5729676953493436,77
3974,0,5910,5910,0,0,0,0,0.5084821614736657,0.3208445452361753,0.5084821614736657,0.3208445452361753,1.0,1,0.5729676953493436,77
3975,0,5910,5910,0,0,0,0,0.502014821493056,0.3208445452361753,0.502014821493056,0.3208445452361753,1.0,1,0.5863950834008741,76
3976,0,5910,5910,0,0,0,0,0.4936187930285771,0.3208445452361753,0.4936187930285771,0.3208445452361753,1.0,1,0.5863950834008741,77
3977,2,5912,5912,0,0,0,0,0.4953387651210035,0.3319815728445389,0.4953387651210035,0.3319815728445389,1.0,1,0.584688522376302,78
3978,2,5914,5914,0,0,0,0,0.5022729782464611,0.3406312422829196,0.5022729782464611,0.3406312422829196,1.0,1,0.5753395688209666,79
3979,3,5917,5917,0,0,0,0,0.5294660233325277,0.3569295879434263,0.5294660233325277,0.3569295879434263,1.0,1,0.5402020523722094,79
3980,2,5919,5919,0,0,0,0,0.5430793859507898,0.3552790267572277,0.5430793859507898,0.3552790267572277,1.0,1,0.5236556961649022,79
3981,2,5921,5921,0,0,0,0,0.5408602343387924,0.34164726925141314,0.5408602343387924,0.34164726925141314,1.0,1,0.5073295988073315,83
3982,2,5923,5923,0,0,0,0,0.5536679356248341,0.3406003718503238,0.5536679356248341,0.3406003718503238,1.0,1,0.500005274877823,83
3983,5,5928,5928,0,0,0,0,0.5708195967750608,0.35008397937530117,0.5708195967750608,0.35008397937530117,1.0,1,0.48759695194519564,82
3984,2,5930,5930,0,0,0,0,0.5643730175299464,0.33699418884873766,0.5643730175299464,0.33699418884873766,1.0,1,0.4890211449366678,83
3985,2,5932,5932,0,0,0,0,0.5654783051117478,0.32322154792708735,0.5654783051117478,0.32322154792708735,1.0,1,0.4916389952317261,84
3986,5,5937,5937,0,0,0,0,0.5695911734137368,0.3093693609792106,0.5695911734137368,0.3093693609792106,1.0,1,0.5042550275032511,83
3987,2,5939,5939,0,0,0,0,0.574397194418115,0.32752140199414964,0.574397194418115,0.32752140199414964,1.0,1,0.49511006886652137,82
3988,2,5941,5941,0,0,0,0,0.5713605166187443,0.3162714466694225,0.5713605166187443,0.3162714466694225,1.0,1,0.4920426314853446,83
3989,0,5941,5941,0,0,0,0,0.560776825671059,0.3162714466694225,0.560776825671059,0.3162714466694225,1.0,1,0.5047497104007667,81
3990,0,5941,5941,0,0,0,0,0.560776825671059,0.3162714466694225,0.560776825671059,0.3162714466694225,1.0,1,0.5047497104007667,81
3991,3,5944,5944,0,0,0,0,0.5800394386391927,0.3365126658420011,0.5800394386391927,0.3365126658420011,1.0,1,0.49668092970218947,79
3992,2,5946,5946,0,0,0,0,0.5683781306008056,0.3365126658420011,0.5683781306008056,0.3365126658420011,1.0,1,0.49967448437671136,81
3993,2,5948,5948,0,0,0,0,0.5371172698033639,0.3365126658420011,0.5371172698033639,0.3365126658420011,1.0,1,0.5199543220889694,80
3994,1,5949,5949,0,0,0,0,0.5237524303141461,0.3365126658420011,0.5237524303141461,0.3365126658420011,1.0,1,0.5278416065395868,80
3995,3,5952,5952,0,0,0,0,0.5019604161647253,0.3365126658420011,0.5019604161647253,0.3365126658420011,1.0,1,0.5481751525550311,81
3996,0,5952,5952,0,0,0,0,0.4845588788864581,0.3365126658420011,0.4845588788864581,0.3365126658420011,1.0,1,0.5756119617017479,80
3997,2,5954,5954,0,0,0,0,0.46941360277534677,0.3365126658420011,0.46941360277534677,0.3365126658420011,1.0,1,0.5864256311011626,81
3998,1,5955,5955,0,0,0,0,0.4764299330730635,0.3365126658420011,0.4764299330730635,0.3365126658420011,1.0,1,0.5675027057151585,82
3999,1,5956,5956,0,0,0,0,0.4757889791152487,0.3365126658420011,0.4757889791152487,0.3365126658420011,1.0,1,0.5675027057151585,82
4000,2,5958,5958,0,0,0,0,0.4660337493781854,0.3365126658420011,0.4660337493781854,0.3365126658420011,1.0,1,0.5786695605903303,82
4001,1,5959,5959,0,0,0,0,0.4861073685626527,0.3365126658420011,0.4861073685626527,0.3365126658420011,1.0,1,0.5687026113210157,81
4002,3,5962,5962,0,0,0,0,0.49590667581434694,0.3365126658420011,0.49590667581434694,0.3365126658420011,1.0,1,0.5625031610804576,81
4003,2,5964,5964,0,0,0,0,0.4846761364997815,0.3365126658420011,0.4846761364997815,0.3365126658420011,1.0,1,0.568829548027034,81
4004,3,5967,5967,0,0,0,0,0.4889033832331637,0.3516393267196041,0.4889033832331637,0.3516393267196041,1.0,1,0.568829548027034,80
4005,1,5968,5968,0,0,0,0,0.4897887743342058,0.36128794892466914,0.4897887743342058,0.36128794892466914,1.0,1,0.5752638366136303,78
4006,6,5974,5974,0,0,0,0,0.5039183723232263,0.35758770951381685,0.5039183723232263,0.35758770951381685,1.0,1,0.5752638366136303,76
4007,2,5976,5976,0,0,0,0,0.5084393098449972,0.37318278892601514,0.5084393098449972,0.37318278892601514,1.0,1,0.5752638366136303,75
4008,3,5979,5979,0,0,0,0,0.5152793834821932,0.3697224462856616,0.5152793834821932,0.3697224462856616,1.0,1,0.5752638366136303,74
4009,2,5981,5981,0,0,0,0,0.5103486265862912,0.3769130163690746,0.5103486265862912,0.3769130163690746,1.0,1,0.5752638366136303,75
4010,4,5985,5985,0,0,0,0,0.5232528141717613,0.34678698470236774,0.5232528141717613,0.34678698470236774,1.0,1,0.5653396762902171,75
4011,1,5986,5986,0,0,0,0,0.5443767328795495,0.34678698470236774,0.5443767328795495,0.34678698470236774,1.0,1,0.5511203193300726,74
4012,1,5987,5987,0,0,0,0,0.5442952958484845,0.33627749078186664,0.5442952958484845,0.33627749078186664,1.0,1,0.5511203193300726,74
4013,2,5989,5989,0,0,0,0,0.559392272472881,0.32865782642041463,0.559392272472881,0.32865782642041463,1.0,1,0.531513377462458,74
4014,0,5989,5989,0,0,0,0,0.553356550177989,0.32865782642041463,0.553356550177989,0.32865782642041463,1.0,1,0.5375854520147606,73
4015,1,5990,5990,0,0,0,0,0.5461860563612023,0.3196602435179251,0.5461860563612023,0.3196602435179251,1.0,1,0.5337318767853094,74
4016,3,5993,5993,0,0,0,0,0.5451086749704208,0.2945919431866977,0.5451086749704208,0.2945919431866977,1.0,1,0.5245234237613182,74
4017,0,5993,5993,0,0,0,0,0.554467918042695,0.28448309361649715,0.554467918042695,0.28448309361649715,1.0,1,0.5054394126143225,78
4018,3,5996,5996,0,0,0,0,0.5519321770325679,0.2850107431789084,0.5519321770325679,0.2850107431789084,1.0,1,0.5122010265829813,78
4019,1,5997,5997,0,0,0,0,0.5519185622606076,0.2769029494960021,0.5519185622606076,0.2769029494960021,1.0,1,0.5122010265829813,78
4020,2,5999,5999,0,0,0,0,0.5646460596122321,0.28399894273081033,0.5646460596122321,0.28399894273081033,1.0,1,0.5067420346158037,78
4021,0,5999,5999,0,0,0,0,0.5646460596122321,0.28399894273081033,0.5646460596122321,0.28399894273081033,1.0,1,0.5067420346158037,78
4022,3,6002,6002,0,0,0,0,0.5672800440109563,0.29149832657153474,0.5672800440109563,0.29149832657153474,1.0,1,0.5084348097981923,79
4023,2,6004,6004,0,0,0,0,0.5784406940942717,0.2994832824841578,0.5784406940942717,0.2994832824841578,1.0,1,0.5056592189619252,78
4024,3,6007,6007,0,0,0,0,0.5631628403230206,0.30765654972163153,0.5631628403230206,0.30765654972163153,1.0,1,0.5270215347208341,77
4025,3,6010,6010,0,0,0,0,0.584331747869403,0.33003605679476894,0.584331747869403,0.33003605679476894,1.0,1,0.4946896849961154,76
4026,1,6011,6011,0,0,0,0,0.5985242403154429,0.34280685312895015,0.5985242403154429,0.34280685312895015,1.0,1,0.48324164631453753,76
4027,4,6015,6015,0,0,0,0,0.5946735515128622,0.36562184894507044,0.5946735515128622,0.36562184894507044,1.0,1,0.5056365162096197,75
4028,1,6016,6016,0,0,0,0,0.59989797189503,0.3750765123969559,0.59989797189503,0.3750765123969559,1.0,1,0.5009699055977412,76
4029,2,6018,6018,0,0,0,0,0.59706356894547,0.386352914619448,0.59706356894547,0.386352914619448,1.0,1,0.5180269650676824,75
4030,3,6021,6021,0,0,0,0,0.6147457864059396,0.4143318251343187,0.6147457864059396,0.4143318251343187,1.0,1,0.5276935183213184,74
4031,2,6023,6023,0,0,0,0,0.6331213091623057,0.4296567285779004,0.6331213091623057,0.4296567285779004,1.0,1,0.5177402198715759,73
4032,2,6025,6025,0,0,0,0,0.6664370635896277,0.45040474012604237,0.6664370635896277,0.45040474012604237,1.0,1,0.5046443984356895,71
4033,0,6025,6025,0,0,0,0,0.6605680655293844,0.45040474012604237,0.6605680655293844,0.45040474012604237,1.0,1,0.49595099139371546,73
4034,4,6029,6029,0,0,0,0,0.6823801521304158,0.45965540153886497,0.6823801521304158,0.45965540153886497,1.0,1,0.48458917116229744,72
4035,3,6032,6032,0,0,0,0,0.6805827558234453,0.4417680700718048,0.6805827558234453,0.4417680700718048,1.0,1,0.49856733991933205,71
4036,2,6034,6034,0,0,0,0,0.6554439466490867,0.4417680700718048,0.6554439466490867,0.4417680700718048,1.0,1,0.5085979599413031,71
4037,2,6036,6036,0,0,0,0,0.6485919094044853,0.4189314931065601,0.6485919094044853,0.4189314931065601,1.0,1,0.5203291284656815,70
4038,3,6039,6039,0,0,0,0,0.6453589856773401,0.4189314931065601,0.6453589856773401,0.4189314931065601,1.0,1,0.526894164839652,69
4039,0,6039,6039,0,0,0,0,0.652703424535507,0.4053266703290496,0.652703424535507,0.4053266703290496,1.0,1,0.526894164839652,68
4040,4,6043,6043,0,0,0,0,0.6174031916165371,0.3598319827005349,0.6174031916165371,0.3598319827005349,1.0,1,0.5366287643338459,69
4041,0,6043,6043,0,0,0,0,0.6179969674813462,0.3598319827005349,0.6179969674813462,0.3598319827005349,1.0,1,0.5501368394061478,67
4042,1,6044,6044,0,0,0,0,0.5964276201570157,0.35072930945539693,0.5964276201570157,0.35072930945539693,1.0,1,0.5561721196411407,67
4043,1,6045,6045,0,0,0,0,0.6065465641905516,0.35072930945539693,0.6065465641905516,0.35072930945539693,1.0,1,0.5643276259822047,66
4044,2,6047,6047,0,0,0,0,0.6001244239328655,0.3324223275940464,0.6001244239328655,0.3324223275940464,1.0,1,0.5738586493381429,65
4045,0,6047,6047,0,0,0,0,0.5941562928211844,0.3324223275940464,0.5941562928211844,0.3324223275940464,1.0,1,0.5738586493381429,66
4046,1,6048,6048,0,0,0,0,0.5748823764891405,0.3227872009332602,0.5748823764891405,0.3227872009332602,1.0,1,0.5738586493381429,68
4047,1,6049,6049,0,0,0,0,0.5731171958940458,0.3155140813153589,0.5731171958940458,0.3155140813153589,1.0,1,0.5738586493381429,68
4048,1,6050,6050,0,0,0,0,0.5662455030519501,0.29463896580751503,0.5662455030519501,0.29463896580751503,1.0,1,0.5738586493381429,69
4049,1,6051,6051,0,0,0,0,0.5632393742153572,0.2894009364330114,0.5632393742153572,0.2894009364330114,1.0,1,0.5738586493381429,69
4050,0,6051,6051,0,0,0,0,0.5641723277598321,0.29550832181938974,0.5641723277598321,0.29550832181938974,1.0,1,0.5738586493381429,69
4051,1,6052,6052,0,0,0,0,0.5775165327926288,0.30168713522174306,0.5775165327926288,0.30168713522174306,1.0,1,0.5672720017101699,69
4052,1,6053,6053,0,0,0,0,0.592115235183051,0.30168713522174306,0.592115235183051,0.30168713522174306,1.0,1,0.558116975574279,69
4053,1,6054,6054,0,0,0,0,0.6054198915213824,0.3081491476501726,0.6054198915213824,0.3081491476501726,1.0,1,0.5520844921852127,69
4054,1,6055,6055,0,0,0,0,0.5884395387448946,0.3081491476501726,0.5884395387448946,0.3081491476501726,1.0,1,0.5625996322307836,70
4055,0,6055,6055,0,0,0,0,0.5884395387448946,0.3081491476501726,0.5884395387448946,0.3081491476501726,1.0,1,0.5625996322307836,70
4056,0,6055,6055,0,0,0,0,0.5884395387448946,0.3081491476501726,0.5884395387448946,0.3081491476501726,1.0,1,0.5625996322307836,70
4057,2,6057,6057,0,0,0,0,0.599131939837511,0.320445162797329,0.599131939837511,0.320445162797329,1.0,1,0.5478679475924527,71
4058,4,6061,6061,0,0,0,0,0.6165684219587507,0.34176284372072374,0.6165684219587507,0.34176284372072374,1.0,1,0.5221888141159292,71
4059,1,6062,6062,0,0,0,0,0.5946890505166184,0.34176284372072374,0.5946890505166184,0.34176284372072374,1.0,1,0.5296995030486631,72
4060,3,6065,6065,0,0,0,0,0.6039118660850582,0.3683888081161202,0.6039118660850582,0.3683888081161202,1.0,1,0.5109171648919517,71
4061,2,6067,6067,0,0,0,0,0.6041189887399426,0.3821931756247718,0.6041189887399426,0.3821931756247718,1.0,1,0.48739292101738835,72
4062,0,6067,6067,0,0,0,0,0.6041189887399426,0.3821931756247718,0.6041189887399426,0.3821931756247718,1.0,1,0.48739292101738835,72
4063,2,6069,6069,0,0,0,0,0.589902627408724,0.4016727879813423,0.589902627408724,0.4016727879813423,1.0,1,0.4965639822148824,72
4064,3,6072,6072,0,0,0,0,0.5822078298350593,0.3992015509809461,0.5822078298350593,0.3992015509809461,1.0,1,0.505071653087662,71
4065,3,6075,6075,0,0,0,0,0.6083634284406098,0.41652991873837997,0.6083634284406098,0.41652991873837997,1.0,1,0.4988831012782832,70
4066,2,6077,6077,0,0,0,0,0.5759718850131663,0.41652991873837997,0.5759718850131663,0.41652991873837997,1.0,1,0.5263921182275583,70
4067,1,6078,6078,0,0,0,0,0.5788128116071569,0.41652991873837997,0.5788128116071569,0.41652991873837997,1.0,1,0.5519592297954486,68
4068,5,6083,6083,0,0,0,0,0.6356480476075234,0.3968805553432666,0.6356480476075234,0.3968805553432666,1.0,1,0.5090286104153087,70
4069,3,6086,6086,0,0,0,0,0.6667597581549451,0.3968805553432666,0.6667597581549451,0.3968805553432666,1.0,1,0.5148753910003484,68
4070,2,6088,6088,0,0,0,0,0.6761855779262277,0.3968805553432666,0.6761855779262277,0.3968805553432666,1.0,1,0.5148830924154896,67
4071,2,6090,6090,0,0,0,0,0.6714523399445664,0.37043495311473124,0.6714523399445664,0.37043495311473124,1.0,1,0.51449664299398,68
4072,5,6095,6095,0,0,0,0,0.6501740157467334,0.3431120941689853,0.6501740157467334,0.3431120941689853,1.0,1,0.5176363901030442,70
4073,3,6098,6098,0,0,0,0,0.6210511189619284,0.3431120941689853,0.6210511189619284,0.3431120941689853,1.0,1,0.5384973342027374,70
4074,5,6103,6103,0,0,0,0,0.6553732398956955,0.32746860969605557,0.6553732398956955,0.32746860969605557,1.0,1,0.4985433120720633,71
4075,2,6105,6105,0,0,0,0,0.6362491715678962,0.3187330947962824,0.6362491715678962,0.3187330947962824,1.0,1,0.5020415356066676,72
4076,4,6109,6109,0,0,0,0,0.6312784619601712,0.29615834649189127,0.6312784619601712,0.29615834649189127,1.0,1,0.4973026731057896,73
4077,1,6110,6110,0,0,0,0,0.6371138472057387,0.29615834649189127,0.6371138472057387,0.29615834649189127,1.0,1,0.4917480281013624,72
4078,3,6113,6113,0,0,0,0,0.638181154985012,0.28641283344266255,0.638181154985012,0.28641283344266255,1.0,1,0.48593805462160045,71
4079,4,6117,6117,0,0,0,0,0.6364878563755295,0.2958649058008338,0.6364878563755295,0.2958649058008338,1.0,1,0.5110695758881992,69
4080,1,6118,6118,0,0,0,0,0.6321682343735698,0.2958649058008338,0.6321682343735698,0.2958649058008338,1.0,1,0.508890390112855,67
4081,1,6119,6119,0,0,0,0,0.6265950258034725,0.2958649058008338,0.6265950258034725,0.2958649058008338,1.0,1,0.5152643649064448,66
4082,1,6120,6120,0,0,0,0,0.6348597460270176,0.3019377497575335,0.6348597460270176,0.3019377497575335,1.0,1,0.5204523127940149,65
4083,3,6123,6123,0,0,0,0,0.6095923895259322,0.3106476445415508,0.6095923895259322,0.3106476445415508,1.0,1,0.553173300952657,64
4084,2,6125,6125,0,0,0,0,0.5962163107621666,0.3106476445415508,0.5962163107621666,0.3106476445415508,1.0,1,0.5781868255374834,64
4085,2,6127,6127,0,0,0,0,0.6169529783691594,0.32357149102205657,0.6169529783691594,0.32357149102205657,1.0,1,0.5568597743927703,65
4086,1,6128,6128,0,0,0,0,0.6063035437199005,0.32357149102205657,0.6063035437199005,0.32357149102205657,1.0,1,0.5557853272632436,66
4087,1,6129,6129,0,0,0,0,0.619047199600704,0.32357149102205657,0.619047199600704,0.32357149102205657,1.0,1,0.5459788493028892,66
4088,0,6129,6129,0,0,0,0,0.6131863872868687,0.32357149102205657,0.6131863872868687,0.32357149102205657,1.0,1,0.5589523212100539,65
4089,1,6130,6130,0,0,0,0,0.6294366580234168,0.32357149102205657,0.6294366580234168,0.32357149102205657,1.0,1,0.5452474993235693,65
4090,0,6130,6130,0,0,0,0,0.6294366580234168,0.32357149102205657,0.6294366580234168,0.32357149102205657,1.0,1,0.5524639237796843,65
4091,1,6131,6131,0,0,0,0,0.651730610697185,0.32357149102205657,0.651730610697185,0.32357149102205657,1.0,1,0.5343227597350179,65
4092,0,6131,6131,0,0,0,0,0.6462889014893285,0.32357149102205657,0.6462889014893285,0.32357149102205657,1.0,1,0.5473023962603338,64
4093,0,6131,6131,0,0,0,0,0.6570074196260155,0.32357149102205657,0.6570074196260155,0.32357149102205657,1.0,1,0.5373090408295758,66
4094,2,6133,6133,0,0,0,0,0.62404616422036,0.3160716655150557,0.62404616422036,0.3160716655150557,1.0,1,0.5638943088533951,65
4095,3,6136,6136,0,0,0,0,0.5736202943869283,0.3080029375549003,0.5736202943869283,0.3080029375549003,1.0,1,0.585436050565359,65
4096,1,6137,6137,0,0,0,0,0.5559531511780026,0.30195472497982934,0.5559531511780026,0.30195472497982934,1.0,1,0.593001327427303,67
4097,3,6140,6140,0,0,0,0,0.509905511142317,0.30195472497982934,0.509905511142317,0.30195472497982934,1.0,1,0.6197488410450703,67
4098,4,6144,6144,0,0,0,0,0.4993856086737723,0.30268444010089,0.4993856086737723,0.30268444010089,1.0,1,0.6070751161831631,68
4099,0,6144,6144,0,0,0,0,0.4931768493996629,0.29624823950809376,0.4931768493996629,0.29624823950809376,1.0,1,0.6070751161831631,69
4100,3,6147,6147,0,0,0,0,0.5182379680834144,0.317404294208226,0.5182379680834144,0.317404294208226,1.0,1,0.5842608123828773,70
4101,2,6149,6149,0,0,0,0,0.5129868898062221,0.3062773486042023,0.5129868898062221,0.3062773486042023,1.0,1,0.5736906415929166,71
4102,3,6152,6152,0,0,0,0,0.5276596541909442,0.2976038750979745,0.5276596541909442,0.2976038750979745,1.0,1,0.5788533302495097,71
4103,0,6152,6152,0,0,0,0,0.5276596541909442,0.2976038750979745,0.5276596541909442,0.2976038750979745,1.0,1,0.5777874398279063,71
4104,2,6154,6154,0,0,0,0,0.5288034917906185,0.30678128541493466,0.5288034917906185,0.30678128541493466,1.0,1,0.5815312929732638,69
4105,1,6155,6155,0,0,0,0,0.5283643122258745,0.31324449926775416,0.5283643122258745,0.31324449926775416,1.0,1,0.5929876871141084,67
4106,2,6157,6157,0,0,0,0,0.5333902230898668,0.333709057075233,0.5333902230898668,0.333709057075233,1.0,1,0.5886727488450072,68
4107,0,6157,6157,0,0,0,0,0.5321705934067499,0.32303321802330315,0.5321705934067499,0.32303321802330315,1.0,1,0.5788569552732412,70
4108,2,6159,6159,0,0,0,0,0.5326606039120152,0.32952547140919053,0.5326606039120152,0.32952547140919053,1.0,1,0.5841173182043103,70
4109,1,6160,6160,0,0,0,0,0.5388124372395577,0.32952547140919053,0.5388124372395577,0.32952547140919053,1.0,1,0.5857778241042446,69
4110,2,6162,6162,0,0,0,0,0.5514473760505096,0.33881446344283384,0.5514473760505096,0.33881446344283384,1.0,1,0.5693649757671301,71
4111,2,6164,6164,0,0,0,0,0.5729624743481586,0.3535172961123495,0.5729624743481586,0.3535172961123495,1.0,1,0.5618130759401764,70
4112,3,6167,6167,0,0,0,0,0.5919457632921307,0.35456725166802133,0.5919457632921307,0.35456725166802133,1.0,1,0.5353099807942785,72
4113,1,6168,6168,0,0,0,0,0.5934091265279748,0.35456725166802133,0.5934091265279748,0.35456725166802133,1.0,1,0.5353099807942785,72
4114,2,6170,6170,0,0,0,0,0.6094624069343495,0.35456725166802133,0.6094624069343495,0.35456725166802133,1.0,1,0.5194759829933688,72
4115,1,6171,6171,0,0,0,0,0.6111765551117561,0.35456725166802133,0.6111765551117561,0.35456725166802133,1.0,1,0.5349993462799166,70
4116,2,6173,6173,0,0,0,0,0.643904225320318,0.35456725166802133,0.643904225320318,0.35456725166802133,1.0,1,0.5334630767555938,67
4117,3,6176,6176,0,0,0,0,0.6436371872575977,0.35456725166802133,0.6436371872575977,0.35456725166802133,1.0,1,0.5314678873043152,67
4118,0,6176,6176,0,0,0,0,0.6513575881038712,0.35456725166802133,0.6513575881038712,0.35456725166802133,1.0,1,0.5337440020845392,66
4119,2,6178,6178,0,0,0,0,0.6316738838428991,0.35456725166802133,0.6316738838428991,0.35456725166802133,1.0,1,0.5291535401925882,67
4120,1,6179,6179,0,0,0,0,0.6243500761822757,0.35456725166802133,0.6243500761822757,0.35456725166802133,1.0,1,0.5450703326463472,64
4121,1,6180,6180,0,0,0,0,0.616014242828338,0.35456725166802133,0.616014242828338,0.35456725166802133,1.0,1,0.5531807297855663,63
4122,5,6185,6185,0,0,0,0,0.597181671938819,0.35456725166802133,0.597181671938819,0.35456725166802133,1.0,1,0.5655418955938185,63
4123,3,6188,6188,0,0,0,0,0.6059941427944701,0.35456725166802133,0.6059941427944701,0.35456725166802133,1.0,1,0.5833913923510041,61
4124,2,6190,6190,0,0,0,0,0.5721187766735467,0.35456725166802133,0.5721187766735467,0.35456725166802133,1.0,1,0.5993216573721034,62
4125,0,6190,6190,0,0,0,0,0.5894689991289574,0.35456725166802133,0.5894689991289574,0.35456725166802133,1.0,1,0.5993216573721034,60
4126,2,6192,6192,0,0,0,0,0.6049395918264354,0.35456725166802133,0.6049395918264354,0.35456725166802133,1.0,1,0.6074671792020775,59
4127,1,6193,6193,0,0,0,0,0.5726473010214105,0.3446977881003276,0.5726473010214105,0.3446977881003276,1.0,1,0.6262471290086129,60
4128,2,6195,6195,0,0,0,0,0.594960984489638,0.33221744900498135,0.594960984489638,0.33221744900498135,1.0,1,0.611084703263615,60
4129,0,6195,6195,0,0,0,0,0.5905697449833628,0.3193665134076648,0.5905697449833628,0.3193665134076648,1.0,1,0.611084703263615,60
4130,1,6196,6196,0,0,0,0,0.5811672844648104,0.3193665134076648,0.5811672844648104,0.3193665134076648,1.0,1,0.608851903562232,61
4131,0,6196,6196,0,0,0,0,0.5741867392058905,0.3193665134076648,0.5741867392058905,0.3193665134076648,1.0,1,0.6238373526691062,60
4132,2,6198,6198,0,0,0,0,0.5781640246831977,0.30720873143915,0.5781640246831977,0.30720873143915,1.0,1,0.6238373526691062,60
4133,2,6200,6200,0,0,0,0,0.5739114377245526,0.3172996079233827,0.5739114377245526,0.3172996079233827,1.0,1,0.6090326124599331,62
4134,1,6201,6201,0,0,0,0,0.565524218929282,0.307329337082318,0.565524218929282,0.307329337082318,1.0,1,0.601235545302682,63
4135,2,6203,6203,0,0,0,0,0.5636398179107861,0.3109255896051858,0.5636398179107861,0.3109255896051858,1.0,1,0.5801363427067887,65
4136,0,6203,6203,0,0,0,0,0.5636398179107861,0.3109255896051858,0.5636398179107861,0.3109255896051858,1.0,1,0.5801363427067887,65
4137,1,6204,6204,0,0,0,0,0.571060977663896,0.3195613126942826,0.571060977663896,0.3195613126942826,1.0,1,0.5769838652761144,66
4138,5,6209,6209,0,0,0,0,0.5911262474153753,0.31685885398956953,0.5911262474153753,0.31685885398956953,1.0,1,0.5463737953938169,67
4139,1,6210,6210,0,0,0,0,0.5762439013769206,0.31685885398956953,0.5762439013769206,0.31685885398956953,1.0,1,0.5491325570034628,67
4140,2,6212,6212,0,0,0,0,0.6140839084430808,0.3459179582215149,0.6140839084430808,0.3459179582215149,1.0,1,0.5274944047299805,66
4141,3,6215,6215,0,0,0,0,0.6629563301655687,0.3555519285622438,0.6629563301655687,0.3555519285622438,1.0,1,0.4830337065459497,67
4142,0,6215,6215,0,0,0,0,0.6629563301655685,0.3555519285622438,0.6629563301655685,0.3555519285622438,1.0,1,0.4830337065459497,67
4143,4,6219,6219,0,0,0,0,0.6986923854644392,0.3555519285622438,0.6986923854644392,0.3555519285622438,1.0,1,0.46404109040271824,66
4144,1,6220,6220,0,0,0,0,0.6892765225102029,0.3555519285622438,0.6892765225102029,0.3555519285622438,1.0,1,0.48922809595381406,64
4145,1,6221,6221,0,0,0,0,0.7013523381401103,0.3555519285622438,0.7013523381401103,0.3555519285622438,1.0,1,0.4869123159555029,63
4146,4,6225,6225,0,0,0,0,0.7163596344769582,0.37193919062755015,0.7163596344769582,0.37193919062755015,1.0,1,0.4924848803194711,62
4147,0,6225,6225,0,0,0,0,0.70690495562619,0.37193919062755015,0.70690495562619,0.37193919062755015,1.0,1,0.502680808215469,60
4148,2,6227,6227,0,0,0,0,0.6995542263784299,0.37193919062755015,0.6995542263784299,0.37193919062755015,1.0,1,0.512005862607158,62
4149,3,6230,6230,0,0,0,0,0.6739667916250304,0.37816368398920575,0.6739667916250304,0.37816368398920575,1.0,1,0.5261228953037775,61
4150,3,6233,6233,0,0,0,0,0.6457617230154774,0.37816368398920575,0.6457617230154774,0.37816368398920575,1.0,1,0.5450368918911407,60
4151,1,6234,6234,0,0,0,0,0.6457617230154774,0.37816368398920575,0.6457617230154774,0.37816368398920575,1.0,1,0.5618802208544231,60
4152,3,6237,6237,0,0,0,0,0.6368122255937395,0.39082128134929783,0.6368122255937395,0.39082128134929783,1.0,1,0.5740503145343572,60
4153,1,6238,6238,0,0,0,0,0.6600331381097628,0.3732910402539506,0.6600331381097628,0.3732910402539506,1.0,1,0.5740503145343572,58
4154,2,6240,6240,0,0,0,0,0.6357477711295245,0.3732910402539506,0.6357477711295245,0.3732910402539506,1.0,1,0.5821738777809699,57
4155,1,6241,6241,0,0,0,0,0.6519832741880023,0.362795632276042,0.6519832741880023,0.362795632276042,1.0,1,0.5649633900786012,57
4156,3,6244,6244,0,0,0,0,0.6233054686093272,0.33849168646860955,0.6233054686093272,0.33849168646860955,1.0,1,0.5748836449099217,58
4157,0,6244,6244,0,0,0,0,0.6355246781769457,0.33849168646860955,0.6355246781769457,0.33849168646860955,1.0,1,0.5748836449099217,57
4158,1,6245,6245,0,0,0,0,0.6271498596459435,0.33849168646860955,0.6271498596459435,0.33849168646860955,1.0,1,0.5963636626046002,55
4159,0,6245,6245,0,0,0,0,0.6237320328600715,0.32977268353200223,0.6237320328600715,0.32977268353200223,1.0,1,0.5854989321401894,57
4160,2,6247,6247,0,0,0,0,0.6266463384623667,0.3377731102915936,0.6266463384623667,0.3377731102915936,1.0,1,0.5898816272417143,58
4161,2,6249,6249,0,0,0,0,0.6274805316533419,0.349855336921394,0.6274805316533419,0.349855336921394,1.0,1,0.5893265687173236,58
4162,2,6251,6251,0,0,0,0,0.6432189699593589,0.363723711629124,0.6432189699593589,0.363723711629124,1.0,1,0.5880840029505914,57
4163,1,6252,6252,0,0,0,0,0.6341519290448052,0.363723711629124,0.6341519290448052,0.363723711629124,1.0,1,0.5767738642782474,58
4164,4,6256,6256,0,0,0,0,0.6405842282549221,0.3629379802386478,0.6405842282549221,0.3629379802386478,1.0,1,0.5930690296907508,56
4165,0,6256,6256,0,0,0,0,0.6368849601971222,0.3698166521427339,0.6368849601971222,0.3698166521427339,1.0,1,0.5851467683552186,58
4166,2,6258,6258,0,0,0,0,0.680800468899086,0.3994726090751993,0.680800468899086,0.3994726090751993,1.0,1,0.5776622235864689,57
4167,3,6261,6261,0,0,0,0,0.6708994431295532,0.3793270806456927,0.6708994431295532,0.3793270806456927,1.0,1,0.5648845127529409,57
4168,1,6262,6262,0,0,0,0,0.6765735906618022,0.3793270806456927,0.6765735906618022,0.3793270806456927,1.0,1,0.5439024458542637,58
4169,0,6262,6262,0,0,0,0,0.6765735906618022,0.3793270806456927,0.6765735906618022,0.3793270806456927,1.0,1,0.5439024458542637,58
4170,2,6264,6264,0,0,0,0,0.670159980635065,0.3793270806456927,0.670159980635065,0.3793270806456927,1.0,1,0.5439014016009869,58
4171,0,6264,6264,0,0,0,0,0.6643733136286625,0.3793270806456927,0.6643733136286625,0.3793270806456927,1.0,1,0.5603899998897979,57
4172,1,6265,6265,0,0,0,0,0.6643733136286625,0.3793270806456927,0.6643733136286625,0.3793270806456927,1.0,1,0.5454778589992981,57
4173,0,6265,6265,0,0,0,0,0.65837997994346,0.3793270806456927,0.65837997994346,0.3793270806456927,1.0,1,0.562139828206581,56
4174,1,6266,6266,0,0,0,0,0.65837997994346,0.3793270806456927,0.65837997994346,0.3793270806456927,1.0,1,0.5668155171243991,56
4175,0,6266,6266,0,0,0,0,0.652168706851523,0.3793270806456927,0.652168706851523,0.3793270806456927,1.0,1,0.5871163531272573,55
4176,2,6268,6268,0,0,0,0,0.6291230908123913,0.3793270806456927,0.6291230908123913,0.3793270806456927,1.0,1,0.5969795455005471,57
4177,0,6268,6268,0,0,0,0,0.6168436498430917,0.36391336177726985,0.6168436498430917,0.36391336177726985,1.0,1,0.5969795455005471,58
4178,4,6272,6272,0,0,0,0,0.5811593667841282,0.3478433590328863,0.5811593667841282,0.3478433590328863,1.0,1,0.6071444045383584,60
4179,2,6274,6274,0,0,0,0,0.6037316658608233,0.35804045801606676,0.6037316658608233,0.35804045801606676,1.0,1,0.5897526320027964,61
4180,3,6277,6277,0,0,0,0,0.6431299667628039,0.38527285936662947,0.6431299667628039,0.38527285936662947,1.0,1,0.536428019949952,62
4181,1,6278,6278,0,0,0,0,0.6499489245671115,0.39713030535203314,0.6499489245671115,0.39713030535203314,1.0,1,0.5212580391359043,63
4182,2,6280,6280,0,0,0,0,0.682708899367885,0.41551263968825974,0.682708899367885,0.41551263968825974,1.0,1,0.5112598893920971,63
4183,2,6282,6282,0,0,0,0,0.6984080030138413,0.4236771636057547,0.6984080030138413,0.4236771636057547,1.0,1,0.4994628328861705,63
4184,2,6284,6284,0,0,0,0,0.6816620036922325,0.3880700053419494,0.6816620036922325,0.3880700053419494,1.0,1,0.5178605196267455,63
4185,0,6284,6284,0,0,0,0,0.6712246923378795,0.3880700053419494,0.6712246923378795,0.3880700053419494,1.0,1,0.5326767426996777,61
4186,2,6286,6286,0,0,0,0,0.6770161039088826,0.3720199421913367,0.6770161039088826,0.3720199421913367,1.0,1,0.5262035859805568,62
4187,0,6286,6286,0,0,0,0,0.6662499740391786,0.3720199421913367,0.6662499740391786,0.3720199421913367,1.0,1,0.5437729853653224,60
4188,5,6291,6291,0,0,0,0,0.6443420867148488,0.36910365622485086,0.6443420867148488,0.36910365622485086,1.0,1,0.5537573983351185,60
4189,1,6292,6292,0,0,0,0,0.6311221993457654,0.36910365622485086,0.6311221993457654,0.36910365622485086,1.0,1,0.5559195162685493,60
4190,1,6293,6293,0,0,0,0,0.6358669400497441,0.3784803543602048,0.6358669400497441,0.3784803543602048,1.0,1,0.5458304641951447,61
4191,2,6295,6295,0,0,0,0,0.6314528740933918,0.3784803543602048,0.6314528740933918,0.3784803543602048,1.0,1,0.5502211840632757,59
4192,2,6297,6297,0,0,0,0,0.6584028260288584,0.3951051565827554,0.6584028260288584,0.3951051565827554,1.0,1,0.5374772890660782,58
4193,3,6300,6300,0,0,0,0,0.6140484113523196,0.3951051565827554,0.6140484113523196,0.3951051565827554,1.0,1,0.5712909342324961,57
4194,1,6301,6301,0,0,0,0,0.6421692473758698,0.4092609716662892,0.6421692473758698,0.4092609716662892,1.0,1,0.5532692822938827,54
4195,2,6303,6303,0,0,0,0,0.6138327823706827,0.3909575695818408,0.6138327823706827,0.3909575695818408,1.0,1,0.5665357543071129,55
4196,1,6304,6304,0,0,0,0,0.6554322005899242,0.3756903319678016,0.6554322005899242,0.3756903319678016,1.0,1,0.5528150831079762,56
4197,1,6305,6305,0,0,0,0,0.6618752071329148,0.3756903319678016,0.6618752071329148,0.3756903319678016,1.0,1,0.5459759919771248,55
4198,1,6306,6306,0,0,0,0,0.6505503187315583,0.34769392829890894,0.6505503187315583,0.34769392829890894,1.0,1,0.5383208121803423,56
4199,2,6308,6308,0,0,0,0,0.6240099012992214,0.3329207926276511,0.6240099012992214,0.3329207926276511,1.0,1,0.5540671542508978,55
4200,0,6308,6308,0,0,0,0,0.6240099012992215,0.3329207926276511,0.6240099012992215,0.3329207926276511,1.0,1,0.5540829796839376,55
4201,0,6308,6308,0,0,0,0,0.6307240102045926,0.3329207926276511,0.6307240102045926,0.3329207926276511,1.0,1,0.5571230821963723,56
4202,0,6308,6308,0,0,0,0,0.6307240102045926,0.3329207926276511,0.6307240102045926,0.3329207926276511,1.0,1,0.5571230821963723,56
4203,0,6308,6308,0,0,0,0,0.620140987642337,0.3233761342379128,0.620140987642337,0.3233761342379128,1.0,1,0.5571230821963723,57
4204,1,6309,6309,0,0,0,0,0.620140987642337,0.3233761342379128,0.620140987642337,0.3233761342379128,1.0,1,0.5471765417714918,57
4205,1,6310,6310,0,0,0,0,0.6266902809588485,0.3233761342379128,0.6266902809588485,0.3233761342379128,1.0,1,0.5282634277025883,58
4206,2,6312,6312,0,0,0,0,0.6266902809588485,0.3233761342379128,0.6266902809588485,0.3233761342379128,1.0,1,0.5488984854683129,58
4207,2,6314,6314,0,0,0,0,0.6266902809588484,0.3233761342379128,0.6266902809588484,0.3233761342379128,1.0,1,0.5672998974289565,58
4208,1,6315,6315,0,0,0,0,0.6185000844408813,0.314104444814144,0.6185000844408813,0.314104444814144,1.0,1,0.57017276343169,60
4209,3,6318,6318,0,0,0,0,0.584589319610506,0.314104444814144,0.584589319610506,0.314104444814144,1.0,1,0.611846842147177,61
4210,1,6319,6319,0,0,0,0,0.5771733059459189,0.314104444814144,0.5771733059459189,0.314104444814144,1.0,1,0.6011188888384619,62
4211,0,6319,6319,0,0,0,0,0.5645848528774989,0.314104444814144,0.5645848528774989,0.314104444814144,1.0,1,0.6011188888384619,63
4212,1,6320,6320,0,0,0,0,0.5733734689786119,0.3032536442650841,0.5733734689786119,0.3032536442650841,1.0,1,0.5892927581894755,64
4213,1,6321,6321,0,0,0,0,0.5997826310318338,0.3032536442650841,0.5997826310318338,0.3032536442650841,1.0,1,0.5587005654531524,65
4214,0,6321,6321,0,0,0,0,0.5971422851550793,0.314104444814144,0.5971422851550793,0.314104444814144,1.0,1,0.5587005654531524,65
4215,0,6321,6321,0,0,0,0,0.5971422851550793,0.314104444814144,0.5971422851550793,0.314104444814144,1.0,1,0.5587005654531524,65
4216,0,6321,6321,0,0,0,0,0.5908476333606274,0.314104444814144,0.5908476333606274,0.314104444814144,1.0,1,0.57721937527384,64
4217,1,6322,6322,0,0,0,0,0.58003870883295,0.314104444814144,0.58003870883295,0.314104444814144,1.0,1,0.578945680578137,65
4218,1,6323,6323,0,0,0,0,0.5963543483553473,0.3258113514944557,0.5963543483553473,0.3258113514944557,1.0,1,0.568027993511705,65
4219,1,6324,6324,0,0,0,0,0.612597742501538,0.3381220602362893,0.612597742501538,0.3381220602362893,1.0,1,0.5579892693955132,65
4220,2,6326,6326,0,0,0,0,0.6455287782535053,0.35043852797301206,0.6455287782535053,0.35043852797301206,1.0,1,0.5296116370565459,65
4221,1,6327,6327,0,0,0,0,0.6262881974706089,0.32588821920931443,0.6262881974706089,0.32588821920931443,1.0,1,0.5296116370565459,67
4222,0,6327,6327,0,0,0,0,0.6190670273599426,0.32588821920931443,0.6190670273599426,0.32588821920931443,1.0,1,0.5296116370565459,68
4223,0,6327,6327,0,0,0,0,0.6053338423949223,0.3180171647598993,0.6053338423949223,0.3180171647598993,1.0,1,0.5385360726919273,68
4224,1,6328,6328,0,0,0,0,0.6053338423949223,0.3180171647598993,0.6053338423949223,0.3180171647598993,1.0,1,0.553890259111563,68
4225,1,6329,6329,0,0,0,0,0.6039948614159333,0.3298375681814754,0.6039948614159333,0.3298375681814754,1.0,1,0.5644847915066119,66
4226,0,6329,6329,0,0,0,0,0.6039948614159332,0.3298375681814754,0.6039948614159332,0.3298375681814754,1.0,1,0.5640818452547941,66
4227,1,6330,6330,0,0,0,0,0.589934701718624,0.3298375681814754,0.589934701718624,0.3298375681814754,1.0,1,0.5668978441265841,66
4228,1,6331,6331,0,0,0,0,0.5887147471065498,0.3298375681814754,0.5887147471065498,0.3298375681814754,1.0,1,0.5694749715317257,65
4229,1,6332,6332,0,0,0,0,0.5943922099157253,0.3298375681814754,0.5943922099157253,0.3298375681814754,1.0,1,0.5615389970431454,65
4230,1,6333,6333,0,0,0,0,0.5859015531529471,0.3298375681814754,0.5859015531529471,0.3298375681814754,1.0,1,0.5715863932177385,64
4231,1,6334,6334,0,0,0,0,0.5688510443284381,0.3298375681814754,0.5688510443284381,0.3298375681814754,1.0,1,0.5784070071459158,64
4232,1,6335,6335,0,0,0,0,0.5588146704289999,0.3298375681814754,0.5588146704289999,0.3298375681814754,1.0,1,0.5750611932667391,65
4233,0,6335,6335,0,0,0,0,0.5687862315735696,0.3298375681814754,0.5687862315735696,0.3298375681814754,1.0,1,0.5750611932667391,64
4234,3,6338,6338,0,0,0,0,0.576092400152081,0.3298375681814754,0.576092400152081,0.3298375681814754,1.0,1,0.5775438511361342,63
4235,2,6340,6340,0,0,0,0,0.576092400152081,0.3298375681814754,0.576092400152081,0.3298375681814754,1.0,1,0.597500629452515,63
4236,0,6340,6340,0,0,0,0,0.5760924001520811,0.3298375681814754,0.5760924001520811,0.3298375681814754,1.0,1,0.597500629452515,63
4237,2,6342,6342,0,0,0,0,0.5449634570008988,0.31696388771296585,0.5449634570008988,0.31696388771296585,1.0,1,0.6185805005548602,65
4238,0,6342,6342,0,0,0,0,0.5449634570008988,0.31696388771296585,0.5449634570008988,0.31696388771296585,1.0,1,0.6185805005548602,65
4239,0,6342,6342,0,0,0,0,0.5449634570008988,0.31696388771296585,0.5449634570008988,0.31696388771296585,1.0,1,0.6185805005548602,65
4240,1,6343,6343,0,0,0,0,0.5349444107453769,0.31696388771296585,0.5349444107453769,0.31696388771296585,1.0,1,0.6095279369031615,66
4241,0,6343,6343,0,0,0,0,0.5349444107453769,0.31696388771296585,0.5349444107453769,0.31696388771296585,1.0,1,0.6095279369031615,66
4242,1,6344,6344,0,0,0,0,0.5247300785776556,0.31696388771296585,0.5247300785776556,0.31696388771296585,1.0,1,0.5842980040327224,69
4243,0,6344,6344,0,0,0,0,0.5125417341934821,0.3079417514101732,0.5125417341934821,0.3079417514101732,1.0,1,0.5842980040327224,71
4244,0,6344,6344,0,0,0,0,0.512541734193482,0.3079417514101732,0.512541734193482,0.3079417514101732,1.0,1,0.5842980040327224,71
4245,2,6346,6346,0,0,0,0,0.5126932200193985,0.3226890914930248,0.5126932200193985,0.3226890914930248,1.0,1,0.5719654624797619,73
4246,0,6346,6346,0,0,0,0,0.5192784467758931,0.3226890914930248,0.5192784467758931,0.3226890914930248,1.0,1,0.564561305341586,74
4247,0,6346,6346,0,0,0,0,0.5192784467758931,0.3226890914930248,0.5192784467758931,0.3226890914930248,1.0,1,0.564561305341586,74
4248,1,6347,6347,0,0,0,0,0.5202747782313905,0.3315273081140136,0.5202747782313905,0.3315273081140136,1.0,1,0.564561305341586,74
4249,0,6347,6347,0,0,0,0,0.5202747782313905,0.3315273081140136,0.5202747782313905,0.3315273081140136,1.0,1,0.564561305341586,74
4250,0,6347,6347,0,0,0,0,0.5202747782313905,0.3315273081140136,0.5202747782313905,0.3315273081140136,1.0,1,0.564561305341586,74
4251,4,6351,6351,0,0,0,0,0.527462947058982,0.34307492532647704,0.527462947058982,0.34307492532647704,1.0,1,0.5521800717830128,75
4252,1,6352,6352,0,0,0,0,0.5287360250059596,0.35110221924190843,0.5287360250059596,0.35110221924190843,1.0,1,0.5521800717830128,75
4253,2,6354,6354,0,0,0,0,0.5318545014903447,0.3402076909496364,0.5318545014903447,0.3402076909496364,1.0,1,0.5432066126555095,76
4254,1,6355,6355,0,0,0,0,0.5259165060922271,0.32874102685765433,0.5259165060922271,0.32874102685765433,1.0,1,0.5512718344153286,75
4255,1,6356,6356,0,0,0,0,0.5439550709736446,0.32874102685765433,0.5439550709736446,0.32874102685765433,1.0,1,0.5335545464036172,76
4256,2,6358,6358,0,0,0,0,0.553073354958359,0.3188394148906809,0.553073354958359,0.3188394148906809,1.0,1,0.5108254234643028,78
4257,3,6361,6361,0,0,0,0,0.5696997780726394,0.34327487631973996,0.5696997780726394,0.34327487631973996,1.0,1,0.4940219160251803,78
4258,1,6362,6362,0,0,0,0,0.5741730955385524,0.34327487631973996,0.5741730955385524,0.34327487631973996,1.0,1,0.49585486762515424,77
4259,3,6365,6365,0,0,0,0,0.6013710077663895,0.34928825148775294,0.6013710077663895,0.34928825148775294,1.0,1,0.4783789740153775,78
4260,1,6366,6366,0,0,0,0,0.6114302878654088,0.34928825148775294,0.6114302878654088,0.34928825148775294,1.0,1,0.47025739543753686,77
4261,6,6372,6372,0,0,0,0,0.5797112434465199,0.3393588277616481,0.5797112434465199,0.3393588277616481,1.0,1,0.49887345488424695,76
4262,1,6373,6373,0,0,0,0,0.5756321339600583,0.3515919445777124,0.5756321339600583,0.3515919445777124,1.0,1,0.4960018175086311,75
4263,4,6377,6377,0,0,0,0,0.5839054766819356,0.3647572984904927,0.5839054766819356,0.3647572984904927,1.0,1,0.49028372348201543,74
4264,1,6378,6378,0,0,0,0,0.5708721755908116,0.36756020827733604,0.5708721755908116,0.36756020827733604,1.0,1,0.4989136875824537,74
4265,3,6381,6381,0,0,0,0,0.5636083900279961,0.3777285945341765,0.5636083900279961,0.3777285945341765,1.0,1,0.5192724994007466,73
4266,2,6383,6383,0,0,0,0,0.5522291109106079,0.3777285945341765,0.5522291109106079,0.3777285945341765,1.0,1,0.5482598714181979,71
4267,2,6385,6385,0,0,0,0,0.5528250721990627,0.3777285945341765,0.5528250721990627,0.3777285945341765,1.0,1,0.5640126367468394,69
4268,1,6386,6386,0,0,0,0,0.5374893323248245,0.3777285945341765,0.5374893323248245,0.3777285945341765,1.0,1,0.5952166531289977,67
4269,2,6388,6388,0,0,0,0,0.5341196057997043,0.3777285945341765,0.5341196057997043,0.3777285945341765,1.0,1,0.6177700927125367,64
4270,0,6388,6388,0,0,0,0,0.5432167791545484,0.3777285945341765,0.5432167791545484,0.3777285945341765,1.0,1,0.6051043521660465,63
4271,3,6391,6391,0,0,0,0,0.49255570018879014,0.3777285945341765,0.49255570018879014,0.3777285945341765,1.0,1,0.6306414538974363,63
4272,0,6391,6391,0,0,0,0,0.520207530576995,0.3777285945341765,0.520207530576995,0.3777285945341765,1.0,1,0.6147036161672299,62
4273,0,6391,6391,0,0,0,0,0.520207530576995,0.3777285945341765,0.520207530576995,0.3777285945341765,1.0,1,0.6147036161672299,62
4274,1,6392,6392,0,0,0,0,0.5524329271794489,0.3895154929162298,0.5524329271794489,0.3895154929162298,1.0,1,0.5960530776167282,62
4275,1,6393,6393,0,0,0,0,0.5624748122784804,0.37616498711129714,0.5624748122784804,0.37616498711129714,1.0,1,0.5960530776167282,61
4276,0,6393,6393,0,0,0,0,0.5538103704277992,0.37616498711129714,0.5538103704277992,0.37616498711129714,1.0,1,0.5960530776167282,62
4277,1,6394,6394,0,0,0,0,0.5584080436403813,0.3707671865188996,0.5584080436403813,0.3707671865188996,1.0,1,0.5931085234079442,63
4278,4,6398,6398,0,0,0,0,0.5822807298679656,0.3596119940693816,0.5822807298679656,0.3596119940693816,1.0,1,0.5710931489121033,64
4279,0,6398,6398,0,0,0,0,0.5725287142991232,0.3463470819346664,0.5725287142991232,0.3463470819346664,1.0,1,0.5710931489121033,65
4280,3,6401,6401,0,0,0,0,0.5718129392895687,0.3258382880780417,0.5718129392895687,0.3258382880780417,1.0,1,0.5660591980800435,65
4281,0,6401,6401,0,0,0,0,0.5718129392895688,0.3258382880780417,0.5718129392895688,0.3258382880780417,1.0,1,0.5647077533035915,65
4282,2,6403,6403,0,0,0,0,0.5617731673695981,0.31148547506790614,0.5617731673695981,0.31148547506790614,1.0,1,0.5726077025509888,66
4283,1,6404,6404,0,0,0,0,0.549251934992904,0.31148547506790614,0.549251934992904,0.31148547506790614,1.0,1,0.5732426566324128,66
4284,2,6406,6406,0,0,0,0,0.5620787375342221,0.31148547506790614,0.5620787375342221,0.31148547506790614,1.0,1,0.5794403953332095,66
4285,1,6407,6407,0,0,0,0,0.5559563401634022,0.30061024749330434,0.5559563401634022,0.30061024749330434,1.0,1,0.5794403953332095,67
4286,0,6407,6407,0,0,0,0,0.5559563401634023,0.30061024749330434,0.5559563401634023,0.30061024749330434,1.0,1,0.5901671163407299,67
4287,1,6408,6408,0,0,0,0,0.539449180007556,0.2896213291707367,0.539449180007556,0.2896213291707367,1.0,1,0.5955993073351316,67
4288,2,6410,6410,0,0,0,0,0.5462219861839155,0.2896213291707367,0.5462219861839155,0.2896213291707367,1.0,1,0.5887095289715529,68
4289,0,6410,6410,0,0,0,0,0.5486506474993191,0.29408481483147847,0.5486506474993191,0.29408481483147847,1.0,1,0.5887095289715529,68
4290,1,6411,6411,0,0,0,0,0.5470966819456639,0.29408481483147847,0.5470966819456639,0.29408481483147847,1.0,1,0.579832976014107,70
4291,0,6411,6411,0,0,0,0,0.5534756019182601,0.29408481483147847,0.5534756019182601,0.29408481483147847,1.0,1,0.5686809356340555,71
4292,0,6411,6411,0,0,0,0,0.5534756019182601,0.29408481483147847,0.5534756019182601,0.29408481483147847,1.0,1,0.5686809356340555,71
4293,0,6411,6411,0,0,0,0,0.5534756019182602,0.29408481483147847,0.5534756019182602,0.29408481483147847,1.0,1,0.5686809356340555,71
4294,1,6412,6412,0,0,0,0,0.5464266275064146,0.29408481483147847,0.5464266275064146,0.29408481483147847,1.0,1,0.5807039952057723,71
4295,0,6412,6412,0,0,0,0,0.5378211664438741,0.29408481483147847,0.5378211664438741,0.29408481483147847,1.0,1,0.5807039952057723,72
4296,1,6413,6413,0,0,0,0,0.5289784247135663,0.2838237952385448,0.5289784247135663,0.2838237952385448,1.0,1,0.5807039952057723,73
4297,0,6413,6413,0,0,0,0,0.5289784247135663,0.2838237952385448,0.5289784247135663,0.2838237952385448,1.0,1,0.5807039952057723,73
4298,2,6415,6415,0,0,0,0,0.5498426414497787,0.2934658022231889,0.5498426414497787,0.2934658022231889,1.0,1,0.5444356904489613,74
4299,1,6416,6416,0,0,0,0,0.5578973963423556,0.2997803812716802,0.5578973963423556,0.2997803812716802,1.0,1,0.5337079837162023,75
4300,2,6418,6418,0,0,0,0,0.5832026288574385,0.31441135777681495,0.5832026288574385,0.31441135777681495,1.0,1,0.5157404888330406,75
4301,2,6420,6420,0,0,0,0,0.5898413329314893,0.32441535684162537,0.5898413329314893,0.32441535684162537,1.0,1,0.5109305203035633,76
4302,2,6422,6422,0,0,0,0,0.5894114901883241,0.32441535684162537,0.5894114901883241,0.32441535684162537,1.0,1,0.5207505225735033,76
4303,1,6423,6423,0,0,0,0,0.5840363132758322,0.3343072150636155,0.5840363132758322,0.3343072150636155,1.0,1,0.5313767345162328,75
4304,2,6425,6425,0,0,0,0,0.5734459356847922,0.3343072150636155,0.5734459356847922,0.3343072150636155,1.0,1,0.5332138271275199,75
4305,3,6428,6428,0,0,0,0,0.572634939132552,0.33772663691357774,0.572634939132552,0.33772663691357774,1.0,1,0.5466669476479034,73
4306,4,6432,6432,0,0,0,0,0.5410529479410765,0.3264656600989101,0.5410529479410765,0.3264656600989101,1.0,1,0.5448984466856638,74
4307,4,6436,6436,0,0,0,0,0.5604617157226228,0.3422233216349365,0.5604617157226228,0.3422233216349365,1.0,1,0.5198482180021546,73
4308,3,6439,6439,0,0,0,0,0.5872642205377399,0.332953688519081,0.5872642205377399,0.332953688519081,1.0,1,0.5009517418203382,71
4309,4,6443,6443,0,0,0,0,0.5650115992792557,0.32166956232076127,0.5650115992792557,0.32166956232076127,1.0,1,0.52266028201018,70
4310,2,6445,6445,0,0,0,0,0.603303673912098,0.3349133287744754,0.603303673912098,0.3349133287744754,1.0,1,0.4817589948722162,69
4311,4,6449,6449,0,0,0,0,0.6171435675259095,0.34085024063729946,0.6171435675259095,0.34085024063729946,1.0,1,0.48240327670489425,69
4312,4,6453,6453,0,0,0,0,0.6593611367872232,0.34822432178785395,0.6593611367872232,0.34822432178785395,1.0,1,0.470938423783896,66
4313,2,6455,6455,0,0,0,0,0.632388479783127,0.34822432178785395,0.632388479783127,0.34822432178785395,1.0,1,0.5026486059037204,64
4314,1,6456,6456,0,0,0,0,0.6308759911164835,0.34822432178785395,0.6308759911164835,0.34822432178785395,1.0,1,0.5156841058239255,61
4315,5,6461,6461,0,0,0,0,0.6168697880120363,0.34822432178785395,0.6168697880120363,0.34822432178785395,1.0,1,0.5427783015094845,61
4316,3,6464,6464,0,0,0,0,0.5955953217069857,0.34822432178785395,0.5955953217069857,0.34822432178785395,1.0,1,0.5916014398680215,60
4317,1,6465,6465,0,0,0,0,0.5955386764520133,0.34822432178785395,0.5955386764520133,0.34822432178785395,1.0,1,0.589920240220161,62
4318,1,6466,6466,0,0,0,0,0.6081978168703727,0.34822432178785395,0.6081978168703727,0.34822432178785395,1.0,1,0.6007771457811641,59
4319,0,6466,6466,0,0,0,0,0.6147278532558664,0.34822432178785395,0.6147278532558664,0.34822432178785395,1.0,1,0.5935224139138646,60
4320,0,6466,6466,0,0,0,0,0.6147278532558664,0.34822432178785395,0.6147278532558664,0.34822432178785395,1.0,1,0.5935224139138646,60
4321,2,6468,6468,0,0,0,0,0.620056618862243,0.337474750716695,0.620056618862243,0.337474750716695,1.0,1,0.569144889958031,61
4322,2,6470,6470,0,0,0,0,0.6183411630690256,0.31525914550619305,0.6183411630690256,0.31525914550619305,1.0,1,0.5688193592447994,61
4323,0,6470,6470,0,0,0,0,0.6183411630690258,0.31525914550619305,0.6183411630690258,0.31525914550619305,1.0,1,0.5688193592447994,61
4324,0,6470,6470,0,0,0,0,0.6119801824535094,0.31525914550619305,0.6119801824535094,0.31525914550619305,1.0,1,0.5782125539164372,60
4325,0,6470,6470,0,0,0,0,0.6119801824535094,0.31525914550619305,0.6119801824535094,0.31525914550619305,1.0,1,0.5782125539164372,60
4326,2,6472,6472,0,0,0,0,0.6294071646123353,0.32790253792089635,0.6294071646123353,0.32790253792089635,1.0,1,0.5719705246532282,61
4327,1,6473,6473,0,0,0,0,0.6195245068774378,0.335331422782117,0.6195245068774378,0.335331422782117,1.0,1,0.5719705246532282,62
4328,1,6474,6474,0,0,0,0,0.6193036979318547,0.3447357935409837,0.6193036979318547,0.3447357935409837,1.0,1,0.5719705246532282,62
4329,0,6474,6474,0,0,0,0,0.6205913207103284,0.3447357935409837,0.6205913207103284,0.3447357935409837,1.0,1,0.5500644999828662,65
4330,0,6474,6474,0,0,0,0,0.6205913207103283,0.3447357935409837,0.6205913207103283,0.3447357935409837,1.0,1,0.5500644999828662,65
4331,0,6474,6474,0,0,0,0,0.6205913207103283,0.3447357935409837,0.6205913207103283,0.3447357935409837,1.0,1,0.5500644999828662,65
4332,3,6477,6477,0,0,0,0,0.6246069967296505,0.3569213610076573,0.6246069967296505,0.3569213610076573,1.0,1,0.5448538207117479,66
4333,1,6478,6478,0,0,0,0,0.6219193221439793,0.3479908205667807,0.6219193221439793,0.3479908205667807,1.0,1,0.5448538207117479,66
4334,2,6480,6480,0,0,0,0,0.6241965504028955,0.3479908205667807,0.6241965504028955,0.3479908205667807,1.0,1,0.5425980597622925,66
4335,0,6480,6480,0,0,0,0,0.6184149588706324,0.3479908205667807,0.6184149588706324,0.3479908205667807,1.0,1,0.5601955568322101,65
4336,2,6482,6482,0,0,0,0,0.63299661468309,0.33543594383447783,0.63299661468309,0.33543594383447783,1.0,1,0.5385991016129805,67
4337,2,6484,6484,0,0,0,0,0.6402062514209426,0.31605449114580303,0.6402062514209426,0.31605449114580303,1.0,1,0.5201765891608159,69
4338,1,6485,6485,0,0,0,0,0.6399917195268502,0.30962736490176834,0.6399917195268502,0.30962736490176834,1.0,1,0.5087200055985729,70
4339,2,6487,6487,0,0,0,0,0.6702716939442114,0.33201684790233854,0.6702716939442114,0.33201684790233854,1.0,1,0.48918553699364553,70
4340,3,6490,6490,0,0,0,0,0.6504756714348517,0.3256597380732053,0.6504756714348517,0.3256597380732053,1.0,1,0.4835688765650329,71
4341,4,6494,6494,0,0,0,0,0.6454937096800154,0.315628240757218,0.6454937096800154,0.315628240757218,1.0,1,0.48771083209591,70
4342,6,6500,6500,0,0,0,0,0.5969732523559178,0.2965374530424913,0.5969732523559178,0.2965374530424913,1.0,1,0.5094711474505862,71
4343,3,6503,6503,0,0,0,0,0.6304442722800383,0.3084848056539749,0.6304442722800383,0.3084848056539749,1.0,1,0.5113010727759257,67
4344,8,6511,6511,0,0,0,0,0.6092431580439759,0.30510215541725944,0.6092431580439759,0.30510215541725944,1.0,1,0.5506294299960455,67
4345,4,6515,6515,0,0,0,0,0.6235020934277694,0.32015363431374955,0.6235020934277694,0.32015363431374955,1.0,1,0.5605737091645112,64
4346,4,6519,6519,0,0,0,0,0.6299577503290228,0.308499911132518,0.6299577503290228,0.308499911132518,1.0,1,0.5604347028137906,64
4347,3,6522,6522,0,0,0,0,0.6268855926887369,0.3190875714381867,0.6268855926887369,0.3190875714381867,1.0,1,0.5598148476905112,62
4348,2,6524,6524,0,0,0,0,0.6069138750562842,0.3036760072425607,0.6069138750562842,0.3036760072425607,1.0,1,0.5589232953892762,62
4349,3,6527,6527,0,0,0,0,0.5854582611033565,0.297582053536243,0.5854582611033565,0.297582053536243,1.0,1,0.5509013244217231,61
4350,3,6530,6530,0,0,0,0,0.5779829833725694,0.30515190759392763,0.5779829833725694,0.30515190759392763,1.0,1,0.5607962331151565,60
4351,3,6533,6533,0,0,0,0,0.5458677108517688,0.30515190759392763,0.5458677108517688,0.30515190759392763,1.0,1,0.6023899584875542,60
4352,2,6535,6535,0,0,0,0,0.550257111937618,0.3165493861345467,0.550257111937618,0.3165493861345467,1.0,1,0.6343243798307192,57
4353,3,6538,6538,0,0,0,0,0.5924207849932682,0.33668594462596435,0.5924207849932682,0.33668594462596435,1.0,1,0.6245426580066291,55
4354,1,6539,6539,0,0,0,0,0.6327856367422374,0.3499331625644612,0.6327856367422374,0.3499331625644612,1.0,1,0.5987507448514992,55
4355,1,6540,6540,0,0,0,0,0.6411320378784974,0.36599993358534555,0.6411320378784974,0.36599993358534555,1.0,1,0.5859351317494498,53
4356,1,6541,6541,0,0,0,0,0.6674316811303352,0.37955758678855284,0.6674316811303352,0.37955758678855284,1.0,1,0.5612015604647737,55
4357,1,6542,6542,0,0,0,0,0.6655119760287218,0.39115416261341474,0.6655119760287218,0.39115416261341474,1.0,1,0.5701336851192931,55
4358,0,6542,6542,0,0,0,0,0.6440136751932514,0.39115416261341474,0.6440136751932514,0.39115416261341474,1.0,1,0.5831668448909305,55
4359,2,6544,6544,0,0,0,0,0.657783639104161,0.4093289233026478,0.657783639104161,0.4093289233026478,1.0,1,0.5877171072938974,54
4360,1,6545,6545,0,0,0,0,0.6640057547568127,0.4093289233026478,0.6640057547568127,0.4093289233026478,1.0,1,0.5682633510461478,55
4361,1,6546,6546,0,0,0,0,0.679465717701244,0.4093289233026478,0.679465717701244,0.4093289233026478,1.0,1,0.5717973799959467,54
4362,1,6547,6547,0,0,0,0,0.6852936137430395,0.4093289233026478,0.6852936137430395,0.4093289233026478,1.0,1,0.5554326040253518,55
4363,2,6549,6549,0,0,0,0,0.666397093856374,0.3925825463023985,0.666397093856374,0.3925825463023985,1.0,1,0.5609364825992422,55
4364,1,6550,6550,0,0,0,0,0.6525852402407852,0.3925825463023985,0.6525852402407852,0.3925825463023985,1.0,1,0.5731552917482018,55
4365,3,6553,6553,0,0,0,0,0.6859375453147154,0.4284904050084079,0.6859375453147154,0.4284904050084079,1.0,1,0.5668437852464154,54
4366,2,6555,6555,0,0,0,0,0.683163567188071,0.39584280350901346,0.683163567188071,0.39584280350901346,1.0,1,0.5668437852464154,54
4367,1,6556,6556,0,0,0,0,0.6882563874680726,0.40279446227323257,0.6882563874680726,0.40279446227323257,1.0,1,0.5544499636238761,57
4368,1,6557,6557,0,0,0,0,0.667347138368532,0.36795956290021076,0.667347138368532,0.36795956290021076,1.0,1,0.571933769144344,57
4369,0,6557,6557,0,0,0,0,0.660192057822146,0.36795956290021076,0.660192057822146,0.36795956290021076,1.0,1,0.572077520911565,58
4370,1,6558,6558,0,0,0,0,0.6614344784871723,0.3556333622820376,0.6614344784871723,0.3556333622820376,1.0,1,0.5687938294286329,59
4371,1,6559,6559,0,0,0,0,0.6565801428609432,0.3556333622820376,0.6565801428609432,0.3556333622820376,1.0,1,0.5585951580235977,60
4372,0,6559,6559,0,0,0,0,0.6565801428609432,0.3556333622820376,0.6565801428609432,0.3556333622820376,1.0,1,0.5585951580235977,60
4373,1,6560,6560,0,0,0,0,0.6565801428609432,0.3556333622820376,0.6565801428609432,0.3556333622820376,1.0,1,0.5458503996310806,60
4374,0,6560,6560,0,0,0,0,0.6507594673162135,0.3556333622820376,0.6507594673162135,0.3556333622820376,1.0,1,0.5590822368787791,59
4375,0,6560,6560,0,0,0,0,0.641566348151299,0.3476189546301408,0.641566348151299,0.3476189546301408,1.0,1,0.5590822368787791,60
4376,0,6560,6560,0,0,0,0,0.6415663481512989,0.3476189546301408,0.6415663481512989,0.3476189546301408,1.0,1,0.56934830818593,60
4377,0,6560,6560,0,0,0,0,0.6474423096570154,0.3476189546301408,0.6474423096570154,0.3476189546301408,1.0,1,0.558846619537002,61
4378,3,6563,6563,0,0,0,0,0.6720430282392836,0.3714133323733541,0.6720430282392836,0.3714133323733541,1.0,1,0.5194557155735074,64
4379,0,6563,6563,0,0,0,0,0.6720430282392837,0.3714133323733541,0.6720430282392837,0.3714133323733541,1.0,1,0.5194557155735074,64
4380,6,6569,6569,0,0,0,0,0.66105302044684,0.35406246024686644,0.66105302044684,0.35406246024686644,1.0,1,0.5207199316062983,65
4381,2,6571,6571,0,0,0,0,0.6336564239103928,0.35406246024686644,0.6336564239103928,0.35406246024686644,1.0,1,0.5526312111043625,64
4382,2,6573,6573,0,0,0,0,0.6286094878125111,0.3656100380265825,0.6286094878125111,0.3656100380265825,1.0,1,0.5526312111043625,64
4383,4,6577,6577,0,0,0,0,0.6357498366729329,0.3901355364458006,0.6357498366729329,0.3901355364458006,1.0,1,0.5451456187543462,64
4384,2,6579,6579,0,0,0,0,0.6163979585772481,0.37162018736606706,0.6163979585772481,0.37162018736606706,1.0,1,0.5691428597121521,60
4385,1,6580,6580,0,0,0,0,0.6520075712474535,0.38732387714785266,0.6520075712474535,0.38732387714785266,1.0,1,0.5471977764254673,58
4386,1,6581,6581,0,0,0,0,0.675016192540048,0.38732387714785266,0.675016192540048,0.38732387714785266,1.0,1,0.5452697478978152,58
4387,1,6582,6582,0,0,0,0,0.7273033477034473,0.4231416970649845,0.7273033477034473,0.4231416970649845,1.0,1,0.5358529903995132,55
4388,4,6586,6586,0,0,0,0,0.7003355016697725,0.4404260134694966,0.7003355016697725,0.4404260134694966,1.0,1,0.571334852068557,56
4389,2,6588,6588,0,0,0,0,0.7513866776322446,0.4556677681142559,0.7513866776322446,0.4556677681142559,1.0,1,0.5571428003041732,55
4390,3,6591,6591,0,0,0,0,0.7705985912801447,0.4779426819728976,0.7705985912801447,0.4779426819728976,1.0,1,0.5372209371914551,55
4391,0,6591,6591,0,0,0,0,0.7746950450072848,0.4779426819728976,0.7746950450072848,0.4779426819728976,1.0,1,0.5356108991761872,56
4392,2,6593,6593,0,0,0,0,0.7374796594993783,0.481794397279824,0.7374796594993783,0.481794397279824,1.0,1,0.5534437585898186,56
4393,0,6593,6593,0,0,0,0,0.7327065623993672,0.481794397279824,0.7327065623993672,0.481794397279824,1.0,1,0.5702121275172718,55
4394,3,6596,6596,0,0,0,0,0.7452277313637694,0.4895121915516728,0.7452277313637694,0.4895121915516728,1.0,1,0.5626745666292162,53
4395,4,6600,6600,0,0,0,0,0.7077335223981415,0.4508634932204076,0.7077335223981415,0.4508634932204076,1.0,1,0.5845230802280006,53
4396,0,6600,6600,0,0,0,0,0.7077335223981415,0.4508634932204076,0.7077335223981415,0.4508634932204076,1.0,1,0.5845230802280006,53
4397,1,6601,6601,0,0,0,0,0.7122622979123494,0.44013795924975224,0.7122622979123494,0.44013795924975224,1.0,1,0.6067472375697844,50
4398,1,6602,6602,0,0,0,0,0.6651598189319529,0.4241558650750391,0.6651598189319529,0.4241558650750391,1.0,1,0.6269117621789656,50
4399,0,6602,6602,0,0,0,0,0.6569363716019505,0.40484269883906704,0.6569363716019505,0.40484269883906704,1.0,1,0.6196438398763978,52
4400,0,6602,6602,0,0,0,0,0.6328418125641935,0.3883529616150735,0.6328418125641935,0.3883529616150735,1.0,1,0.612913250993884,55
4401,0,6602,6602,0,0,0,0,0.6393982087684043,0.3883529616150735,0.6393982087684043,0.3883529616150735,1.0,1,0.5964118052706564,56
4402,1,6603,6603,0,0,0,0,0.6603685074414619,0.3883529616150735,0.6603685074414619,0.3883529616150735,1.0,1,0.5843641087474092,56
4403,1,6604,6604,0,0,0,0,0.6503218989418215,0.37798602579944857,0.6503218989418215,0.37798602579944857,1.0,1,0.5767825443282193,57
4404,0,6604,6604,0,0,0,0,0.6503218989418215,0.37798602579944857,0.6503218989418215,0.37798602579944857,1.0,1,0.5767825443282193,57
4405,0,6604,6604,0,0,0,0,0.6563508317186866,0.37798602579944857,0.6563508317186866,0.37798602579944857,1.0,1,0.5743021286618406,58
4406,0,6604,6604,0,0,0,0,0.6563508317186866,0.37798602579944857,0.6563508317186866,0.37798602579944857,1.0,1,0.5743021286618406,58
4407,0,6604,6604,0,0,0,0,0.6563508317186866,0.37798602579944857,0.6563508317186866,0.37798602579944857,1.0,1,0.5743021286618406,58
4408,0,6604,6604,0,0,0,0,0.6485239448362848,0.37798602579944857,0.6485239448362848,0.37798602579944857,1.0,1,0.5743021286618406,59
4409,0,6604,6604,0,0,0,0,0.6485239448362848,0.37798602579944857,0.6485239448362848,0.37798602579944857,1.0,1,0.5743021286618406,59
4410,0,6604,6604,0,0,0,0,0.6485239448362848,0.37798602579944857,0.6485239448362848,0.37798602579944857,1.0,1,0.5743021286618406,59
4411,1,6605,6605,0,0,0,0,0.6691968065780529,0.3930806015738428,0.6691968065780529,0.3930806015738428,1.0,1,0.5481812288002212,62
4412,0,6605,6605,0,0,0,0,0.6744476509180838,0.3930806015738428,0.6744476509180838,0.3930806015738428,1.0,1,0.545125820778264,63
4413,1,6606,6606,0,0,0,0,0.6899476955900012,0.4067688762369777,0.6899476955900012,0.4067688762369777,1.0,1,0.5381648263267766,63
4414,0,6606,6606,0,0,0,0,0.6774076586028981,0.4067688762369777,0.6774076586028981,0.4067688762369777,1.0,1,0.5381648263267766,64
4415,1,6607,6607,0,0,0,0,0.6648685103730672,0.4067688762369777,0.6648685103730672,0.4067688762369777,1.0,1,0.5452454526047096,64
4416,2,6609,6609,0,0,0,0,0.680593751690088,0.4226605808726051,0.680593751690088,0.4226605808726051,1.0,1,0.5320872579103485,64
4417,3,6612,6612,0,0,0,0,0.6524554913892666,0.42190162881651133,0.6524554913892666,0.42190162881651133,1.0,1,0.5466244839643578,65
4418,3,6615,6615,0,0,0,0,0.6549411060856615,0.44230118874871127,0.6549411060856615,0.44230118874871127,1.0,1,0.5408879813351994,65
4419,0,6615,6615,0,0,0,0,0.6678053058493484,0.4215046494113591,0.6678053058493484,0.4215046494113591,1.0,1,0.5503010815768288,62
4420,2,6617,6617,0,0,0,0,0.666941486815817,0.45667735690094224,0.666941486815817,0.45667735690094224,1.0,1,0.5507942587089862,62
4421,0,6617,6617,0,0,0,0,0.64854942322873,0.44414195641352905,0.64854942322873,0.44414195641352905,1.0,1,0.5494787728848115,65
4422,3,6620,6620,0,0,0,0,0.6254102499666251,0.45852438691677616,0.6254102499666251,0.45852438691677616,1.0,1,0.5764055979243555,64
4423,1,6621,6621,0,0,0,0,0.6374968771018065,0.45852438691677616,0.6374968771018065,0.45852438691677616,1.0,1,0.5805458691372346,63
4424,1,6622,6622,0,0,0,0,0.6366551874563979,0.48701207654128786,0.6366551874563979,0.48701207654128786,1.0,1,0.5805458691372346,63
4425,0,6622,6622,0,0,0,0,0.614323289363364,0.48701207654128786,0.614323289363364,0.48701207654128786,1.0,1,0.5873486195406942,63
4426,2,6624,6624,0,0,0,0,0.6379885528114098,0.5129251100844442,0.6379885528114098,0.5129251100844442,1.0,1,0.5648146752953361,63
4427,2,6626,6626,0,0,0,0,0.6461875173324961,0.5129251100844442,0.6461875173324961,0.5129251100844442,1.0,1,0.5644540542993572,62
4428,2,6628,6628,0,0,0,0,0.6929388086441362,0.5129251100844442,0.6929388086441362,0.5129251100844442,1.0,1,0.5315039693057799,61
4429,1,6629,6629,0,0,0,0,0.6973865049191316,0.5129251100844442,0.6973865049191316,0.5129251100844442,1.0,1,0.5263260033180575,62
4430,3,6632,6632,0,0,0,0,0.7308749313077582,0.5129251100844442,0.7308749313077582,0.5129251100844442,1.0,1,0.5348075280148343,60
4431,5,6637,6637,0,0,0,0,0.7773387682264853,0.472339167658217,0.7773387682264853,0.472339167658217,1.0,1,0.5163814476205001,59
4432,1,6638,6638,0,0,0,0,0.7635065376804988,0.45134179837058036,0.7635065376804988,0.45134179837058036,1.0,1,0.5160877152388971,60
4433,3,6641,6641,0,0,0,0,0.7433958095160669,0.4275329195696586,0.7433958095160669,0.4275329195696586,1.0,1,0.5183160226596853,61
4434,2,6643,6643,0,0,0,0,0.7161656527363204,0.41594572314664857,0.7161656527363204,0.41594572314664857,1.0,1,0.5244085833987784,61
4435,2,6645,6645,0,0,0,0,0.6833300185622021,0.39558252591584725,0.6833300185622021,0.39558252591584725,1.0,1,0.5326433667026372,61
4436,0,6645,6645,0,0,0,0,0.6833300185622021,0.39558252591584725,0.6833300185622021,0.39558252591584725,1.0,1,0.5326433667026372,61
4437,3,6648,6648,0,0,0,0,0.6259461729388841,0.3635365350790606,0.6259461729388841,0.3635365350790606,1.0,1,0.5544496363187077,61
4438,0,6648,6648,0,0,0,0,0.6319792991818054,0.3635365350790606,0.6319792991818054,0.3635365350790606,1.0,1,0.5521517910957228,62
4439,2,6650,6650,0,0,0,0,0.6205646884529573,0.37376382888527593,0.6205646884529573,0.37376382888527593,1.0,1,0.5521517910957228,63
4440,0,6650,6650,0,0,0,0,0.6264933651958798,0.37376382888527593,0.6264933651958798,0.37376382888527593,1.0,1,0.5493818471548556,64
4441,2,6652,6652,0,0,0,0,0.6091441511948725,0.38519401765910183,0.6091441511948725,0.38519401765910183,1.0,1,0.5659837148649751,64
4442,2,6654,6654,0,0,0,0,0.5824133621418974,0.372195782112917,0.5824133621418974,0.372195782112917,1.0,1,0.5735349022440862,67
4443,1,6655,6655,0,0,0,0,0.5889293082185911,0.381446539079024,0.5889293082185911,0.381446539079024,1.0,1,0.5711031080642177,68
4444,0,6655,6655,0,0,0,0,0.5948868544762926,0.381446539079024,0.5948868544762926,0.381446539079024,1.0,1,0.5642456496034058,69
4445,2,6657,6657,0,0,0,0,0.6179346762660443,0.3973267926256694,0.6179346762660443,0.3973267926256694,1.0,1,0.5416449708988055,71
4446,1,6658,6658,0,0,0,0,0.6306841516819572,0.3973267926256694,0.6306841516819572,0.3973267926256694,1.0,1,0.5316853850675182,71
4447,1,6659,6659,0,0,0,0,0.6226318560101244,0.3728898903065434,0.6226318560101244,0.3728898903065434,1.0,1,0.5316853850675182,72
4448,1,6660,6660,0,0,0,0,0.6303836938115284,0.3728898903065434,0.6303836938115284,0.3728898903065434,1.0,1,0.5299610446040436,71
4449,0,6660,6660,0,0,0,0,0.6389285416571022,0.38505580265244294,0.6389285416571022,0.38505580265244294,1.0,1,0.5299610446040436,70
4450,1,6661,6661,0,0,0,0,0.6456997746984054,0.38505580265244294,0.6456997746984054,0.38505580265244294,1.0,1,0.5310727983539681,69
4451,1,6662,6662,0,0,0,0,0.6613829792119704,0.38505580265244294,0.6613829792119704,0.38505580265244294,1.0,1,0.5168323977055881,69
4452,0,6662,6662,0,0,0,0,0.666220365223228,0.38505580265244294,0.666220365223228,0.38505580265244294,1.0,1,0.5110271663892204,70
4453,0,6662,6662,0,0,0,0,0.6646438717140075,0.38505580265244294,0.6646438717140075,0.38505580265244294,1.0,1,0.5171067094326541,70
4454,2,6664,6664,0,0,0,0,0.6736462902428122,0.38505580265244294,0.6736462902428122,0.38505580265244294,1.0,1,0.5089523736657104,71
4455,3,6667,6667,0,0,0,0,0.6363063787663918,0.38505580265244294,0.6363063787663918,0.38505580265244294,1.0,1,0.5289639364742712,71
4456,3,6670,6670,0,0,0,0,0.6254246378577452,0.38505580265244294,0.6254246378577452,0.38505580265244294,1.0,1,0.5349760421436159,71
4457,5,6675,6675,0,0,0,0,0.6159725289608733,0.35807735987069045,0.6159725289608733,0.35807735987069045,1.0,1,0.5507157141263822,69
4458,5,6680,6680,0,0,0,0,0.609226203162196,0.35572284981017593,0.609226203162196,0.35572284981017593,1.0,1,0.5445094687100255,70
4459,2,6682,6682,0,0,0,0,0.6184685433023258,0.34397528802208277,0.6184685433023258,0.34397528802208277,1.0,1,0.5449246902296148,68
4460,7,6689,6689,0,0,0,0,0.6113139509691513,0.36097856265694706,0.6113139509691513,0.36097856265694706,1.0,1,0.5423897219446144,68
4461,4,6693,6693,0,0,0,0,0.665410671552601,0.37653385449823884,0.665410671552601,0.37653385449823884,1.0,1,0.50824247704238,67
4462,4,6697,6697,0,0,0,0,0.7093023074273959,0.394937533291629,0.7093023074273959,0.394937533291629,1.0,1,0.489083186568495,66
4463,2,6699,6699,0,0,0,0,0.6866533350151685,0.37000549675067873,0.6866533350151685,0.37000549675067873,1.0,1,0.4978070538967153,65
4464,3,6702,6702,0,0,0,0,0.7073366447068378,0.38272403687128764,0.7073366447068378,0.38272403687128764,1.0,1,0.5139309778493573,62
4465,5,6707,6707,0,0,0,0,0.6898752295808059,0.3851070824181932,0.6898752295808059,0.3851070824181932,1.0,1,0.5327771150088936,61
4466,2,6709,6709,0,0,0,0,0.717787355960449,0.40757023778971013,0.717787355960449,0.40757023778971013,1.0,1,0.5305312775016398,60
4467,3,6712,6712,0,0,0,0,0.7192667644455186,0.42640811809216017,0.7192667644455186,0.42640811809216017,1.0,1,0.5434596168834991,58
4468,2,6714,6714,0,0,0,0,0.694505769188778,0.41579995882860377,0.694505769188778,0.41579995882860377,1.0,1,0.5562144950330873,57
4469,1,6715,6715,0,0,0,0,0.7091911387079736,0.41579995882860377,0.7091911387079736,0.41579995882860377,1.0,1,0.5499257343995507,56
4470,3,6718,6718,0,0,0,0,0.7194455691604955,0.4464982531582595,0.7194455691604955,0.4464982531582595,1.0,1,0.5625156513149718,55
4471,0,6718,6718,0,0,0,0,0.7194455691604955,0.4464982531582595,0.7194455691604955,0.4464982531582595,1.0,1,0.5639443298561606,55
4472,2,6720,6720,0,0,0,0,0.7344463274833815,0.49492124425194517,0.7344463274833815,0.49492124425194517,1.0,1,0.5605107600672948,55
4473,0,6720,6720,0,0,0,0,0.7344463274833815,0.49492124425194517,0.7344463274833815,0.49492124425194517,1.0,1,0.5553164071603763,55
4474,0,6720,6720,0,0,0,0,0.7344463274833815,0.49492124425194517,0.7344463274833815,0.49492124425194517,1.0,1,0.5560414802581983,55
4475,2,6722,6722,0,0,0,0,0.7544174123711269,0.49492124425194517,0.7544174123711269,0.49492124425194517,1.0,1,0.5407329396942928,56
4476,1,6723,6723,0,0,0,0,0.7724965041834658,0.49492124425194517,0.7724965041834658,0.49492124425194517,1.0,1,0.5298047915206661,56
4477,0,6723,6723,0,0,0,0,0.7598542749407226,0.4756589917778215,0.7598542749407226,0.4756589917778215,1.0,1,0.5298047915206661,57
4478,1,6724,6724,0,0,0,0,0.7762625149042046,0.4756589917778215,0.7762625149042046,0.4756589917778215,1.0,1,0.5316055234030853,55
4479,1,6725,6725,0,0,0,0,0.7647224317893876,0.4608222395173466,0.7647224317893876,0.4608222395173466,1.0,1,0.5298911236410727,55
4480,0,6725,6725,0,0,0,0,0.7603654397854874,0.4608222395173466,0.7603654397854874,0.4608222395173466,1.0,1,0.5415389889191946,54
4481,0,6725,6725,0,0,0,0,0.7528580024453971,0.45422808873358556,0.7528580024453971,0.45422808873358556,1.0,1,0.5583468783266741,53
4482,3,6728,6728,0,0,0,0,0.6941891926311365,0.45422808873358556,0.6941891926311365,0.45422808873358556,1.0,1,0.5917877523009981,54
4483,0,6728,6728,0,0,0,0,0.6997493891287523,0.45422808873358556,0.6997493891287523,0.45422808873358556,1.0,1,0.5804349601376295,55
4484,3,6731,6731,0,0,0,0,0.6591591263626169,0.4315656913391705,0.6591591263626169,0.4315656913391705,1.0,1,0.5866958747099934,57
4485,2,6733,6733,0,0,0,0,0.6251993408732606,0.41779704431098236,0.6251993408732606,0.41779704431098236,1.0,1,0.5995602942983128,60
4486,2,6735,6735,0,0,0,0,0.5920318422242837,0.3883097583266759,0.5920318422242837,0.3883097583266759,1.0,1,0.6084458451926317,60
4487,0,6735,6735,0,0,0,0,0.5920318422242836,0.3883097583266759,0.5920318422242836,0.3883097583266759,1.0,1,0.6084458451926317,60
4488,0,6735,6735,0,0,0,0,0.5920318422242836,0.3883097583266759,0.5920318422242836,0.3883097583266759,1.0,1,0.6084458451926317,60
4489,1,6736,6736,0,0,0,0,0.5730377530282051,0.37010440970283515,0.5730377530282051,0.37010440970283515,1.0,1,0.615265704329455,60
4490,1,6737,6737,0,0,0,0,0.5941529928199869,0.37010440970283515,0.5941529928199869,0.37010440970283515,1.0,1,0.6003154384570288,60
4491,1,6738,6738,0,0,0,0,0.5869534006209796,0.37010440970283515,0.5869534006209796,0.37010440970283515,1.0,1,0.5895018250999702,61
4492,3,6741,6741,0,0,0,0,0.5981718717349164,0.37010440970283515,0.5981718717349164,0.37010440970283515,1.0,1,0.5939862521166737,61
4493,3,6744,6744,0,0,0,0,0.5903829389687666,0.3884207566582828,0.5903829389687666,0.3884207566582828,1.0,1,0.6231996508235784,60
4494,1,6745,6745,0,0,0,0,0.6152409310696322,0.3884207566582828,0.6152409310696322,0.3884207566582828,1.0,1,0.611726403756211,61
4495,2,6747,6747,0,0,0,0,0.6207559421065342,0.3988682926953817,0.6207559421065342,0.3988682926953817,1.0,1,0.6138688770467826,59
4496,1,6748,6748,0,0,0,0,0.6219376461163179,0.3879720281012805,0.6219376461163179,0.3879720281012805,1.0,1,0.6090075932276666,60
4497,3,6751,6751,0,0,0,0,0.6340376243230165,0.4076385559816064,0.6340376243230165,0.4076385559816064,1.0,1,0.6090075932276666,59
4498,3,6754,6754,0,0,0,0,0.6776502274718949,0.42281196315854935,0.6776502274718949,0.42281196315854935,1.0,1,0.5812678955516895,57
4499,3,6757,6757,0,0,0,0,0.6821909903773328,0.42281196315854935,0.6821909903773328,0.42281196315854935,1.0,1,0.5756755158388767,58
4500,3,6760,6760,0,0,0,0,0.7331145236695875,0.4724130398436989,0.7331145236695875,0.4724130398436989,1.0,1,0.5603062540760541,56
4501,1,6761,6761,0,0,0,0,0.7473780356732179,0.4890573590454419,0.7473780356732179,0.4890573590454419,1.0,1,0.5388935072349933,57
4502,4,6765,6765,0,0,0,0,0.7500158505158122,0.4890573590454419,0.7500158505158122,0.4890573590454419,1.0,1,0.5448135211621618,56
4503,1,6766,6766,0,0,0,0,0.7763549101710354,0.5183649684157687,0.7763549101710354,0.5183649684157687,1.0,1,0.5422740616851293,54
4504,3,6769,6769,0,0,0,0,0.7404799228237154,0.5183649684157687,0.7404799228237154,0.5183649684157687,1.0,1,0.5374516619827997,54
4505,4,6773,6773,0,0,0,0,0.7721488017257017,0.5464148930240688,0.7721488017257017,0.5464148930240688,1.0,1,0.5422311607665024,51
4506,2,6775,6775,0,0,0,0,0.7626933296375505,0.5464148930240688,0.7626933296375505,0.5464148930240688,1.0,1,0.5494245184956552,49
4507,0,6775,6775,0,0,0,0,0.7410671351464561,0.5198149948751886,0.7410671351464561,0.5198149948751886,1.0,1,0.5580281302350703,48
4508,1,6776,6776,0,0,0,0,0.75957675382408,0.5209924221413812,0.75957675382408,0.5209924221413812,1.0,1,0.5567196084428474,48
4509,4,6780,6780,0,0,0,0,0.7652380455322697,0.5209924221413812,0.7652380455322697,0.5209924221413812,1.0,1,0.5798260635726964,46
4510,0,6780,6780,0,0,0,0,0.7545670476019183,0.5209924221413812,0.7545670476019183,0.5209924221413812,1.0,1,0.5980773616775791,44
4511,1,6781,6781,0,0,0,0,0.7360566285021932,0.49374722968560414,0.7360566285021932,0.49374722968560414,1.0,1,0.6032220319431898,45
4512,1,6782,6782,0,0,0,0,0.7417945278825803,0.49374722968560414,0.7417945278825803,0.49374722968560414,1.0,1,0.6038288326675989,46
4513,2,6784,6784,0,0,0,0,0.7509029449685509,0.49048329652658146,0.7509029449685509,0.49048329652658146,1.0,1,0.6017680750855499,45
4514,1,6785,6785,0,0,0,0,0.7321250466527465,0.46425009330549305,0.7321250466527465,0.46425009330549305,1.0,1,0.5843712345212493,46
4515,0,6785,6785,0,0,0,0,0.7244321051656812,0.4488642103313623,0.7244321051656812,0.4488642103313623,1.0,1,0.5860755051312483,48
4516,0,6785,6785,0,0,0,0,0.7300559397541366,0.4488642103313623,0.7300559397541366,0.4488642103313623,1.0,1,0.5732092835894765,49
4517,1,6786,6786,0,0,0,0,0.7179953327838736,0.4359906655677473,0.7179953327838736,0.4359906655677473,1.0,1,0.5742476654241365,50
4518,2,6788,6788,0,0,0,0,0.7179953327838736,0.4359906655677473,0.7179953327838736,0.4359906655677473,1.0,1,0.5977589803461182,50
4519,2,6790,6790,0,0,0,0,0.689624446205534,0.4189631075745883,0.689624446205534,0.4189631075745883,1.0,1,0.6298955197829458,49
4520,2,6792,6792,0,0,0,0,0.6999167088169093,0.4552681495949977,0.6999167088169093,0.4552681495949977,1.0,1,0.624435661552024,50
4521,1,6793,6793,0,0,0,0,0.695614050693064,0.4424113439377039,0.695614050693064,0.4424113439377039,1.0,1,0.624435661552024,50
4522,1,6794,6794,0,0,0,0,0.6965910201635666,0.46254458553765976,0.6965910201635666,0.46254458553765976,1.0,1,0.624435661552024,50
4523,2,6796,6796,0,0,0,0,0.6893523818917696,0.42291108723736603,0.6893523818917696,0.42291108723736603,1.0,1,0.6194754289580767,51
4524,1,6797,6797,0,0,0,0,0.6950487044791603,0.44403160929777236,0.6950487044791603,0.44403160929777236,1.0,1,0.6030982181986653,52
4525,0,6797,6797,0,0,0,0,0.6965810058309477,0.4665255308439698,0.6965810058309477,0.4665255308439698,1.0,1,0.6004398079424729,53
4526,2,6799,6799,0,0,0,0,0.7255680847693727,0.4905270760519274,0.7255680847693727,0.4905270760519274,1.0,1,0.5638039643671139,54
4527,0,6799,6799,0,0,0,0,0.7136779723916756,0.4905270760519274,0.7136779723916756,0.4905270760519274,1.0,1,0.5638039643671139,55
4528,1,6800,6800,0,0,0,0,0.7319496992533423,0.4905270760519274,0.7319496992533423,0.4905270760519274,1.0,1,0.5510804591843917,55
4529,1,6801,6801,0,0,0,0,0.7250398889478015,0.4905270760519274,0.7250398889478015,0.4905270760519274,1.0,1,0.5552660454215947,55
4530,1,6802,6802,0,0,0,0,0.7094118737448943,0.4905270760519274,0.7094118737448943,0.4905270760519274,1.0,1,0.5477036176119005,56
4531,2,6804,6804,0,0,0,0,0.7077937709454613,0.4385240585265163,0.7077937709454613,0.4385240585265163,1.0,1,0.5523681753711186,56
4532,2,6806,6806,0,0,0,0,0.704687714281707,0.4385240585265163,0.704687714281707,0.4385240585265163,1.0,1,0.5433600111864877,55
4533,0,6806,6806,0,0,0,0,0.7219206804876955,0.4385240585265163,0.7219206804876955,0.4385240585265163,1.0,1,0.5433600111864877,54
4534,2,6808,6808,0,0,0,0,0.6718578440074354,0.4385240585265163,0.6718578440074354,0.4385240585265163,1.0,1,0.5630597976820846,55
4535,1,6809,6809,0,0,0,0,0.6799772937351624,0.4385240585265163,0.6799772937351624,0.4385240585265163,1.0,1,0.5902582264614996,52
4536,4,6813,6813,0,0,0,0,0.6517833533100122,0.4385240585265163,0.6517833533100122,0.4385240585265163,1.0,1,0.5900448334586823,53
4537,2,6815,6815,0,0,0,0,0.6556258180006002,0.42678646647083873,0.6556258180006002,0.42678646647083873,1.0,1,0.597660565101231,52
4538,3,6818,6818,0,0,0,0,0.6937702783014793,0.4759163726433741,0.6937702783014793,0.4759163726433741,1.0,1,0.5579003534068327,52
4539,2,6820,6820,0,0,0,0,0.6590551621423418,0.45793035238648044,0.6590551621423418,0.45793035238648044,1.0,1,0.5725818720366028,53
4540,3,6823,6823,0,0,0,0,0.676968657836371,0.45236882532415423,0.676968657836371,0.45236882532415423,1.0,1,0.5413483295818617,54
4541,1,6824,6824,0,0,0,0,0.7086520279411909,0.4662431255208172,0.7086520279411909,0.4662431255208172,1.0,1,0.5269560115632522,53
4542,3,6827,6827,0,0,0,0,0.729785471648623,0.4662431255208172,0.729785471648623,0.4662431255208172,1.0,1,0.5322791758132672,53
4543,1,6828,6828,0,0,0,0,0.7490497128144155,0.48742781714289646,0.7490497128144155,0.48742781714289646,1.0,1,0.5132337088228446,53
4544,3,6831,6831,0,0,0,0,0.7165637081326843,0.46206749895954286,0.7165637081326843,0.46206749895954286,1.0,1,0.5508826744123283,52
4545,1,6832,6832,0,0,0,0,0.7256385802451174,0.48305374627762265,0.7256385802451174,0.48305374627762265,1.0,1,0.5556764252034366,50
4546,2,6834,6834,0,0,0,0,0.7362091091847119,0.4614269312521202,0.7362091091847119,0.4614269312521202,1.0,1,0.5644127920802859,49
4547,1,6835,6835,0,0,0,0,0.7362091091847119,0.4614269312521202,0.7362091091847119,0.4614269312521202,1.0,1,0.5771940779152195,49
4548,2,6837,6837,0,0,0,0,0.7375629148671016,0.46419095118699916,0.7375629148671016,0.46419095118699916,1.0,1,0.5668615121183793,49
4549,1,6838,6838,0,0,0,0,0.765726116169145,0.49070894819379357,0.765726116169145,0.49070894819379357,1.0,1,0.535485663198867,50
4550,1,6839,6839,0,0,0,0,0.7405318249017769,0.49070894819379357,0.7405318249017769,0.49070894819379357,1.0,1,0.5594458354764529,49
4551,2,6841,6841,0,0,0,0,0.7618803168902736,0.49270154467927857,0.7618803168902736,0.49270154467927857,1.0,1,0.547998974556707,49
4552,0,6841,6841,0,0,0,0,0.7618803168902736,0.49270154467927857,0.7618803168902736,0.49270154467927857,1.0,1,0.547998974556707,49
4553,2,6843,6843,0,0,0,0,0.7589349865273257,0.5174379371726912,0.7589349865273257,0.5174379371726912,1.0,1,0.5453918751489092,49
4554,1,6844,6844,0,0,0,0,0.7589349865273255,0.5174379371726912,0.7589349865273255,0.5174379371726912,1.0,1,0.5677379153166019,49
4555,0,6844,6844,0,0,0,0,0.753912798746645,0.5174379371726912,0.753912798746645,0.5174379371726912,1.0,1,0.5720139244015413,48
4556,3,6847,6847,0,0,0,0,0.7561729019928306,0.49114344763721174,0.7561729019928306,0.49114344763721174,1.0,1,0.5543770109197314,48
4557,0,6847,6847,0,0,0,0,0.7611489652174666,0.49114344763721174,0.7611489652174666,0.49114344763721174,1.0,1,0.5446899154982986,49
4558,2,6849,6849,0,0,0,0,0.7169986124858809,0.4453172804723267,0.7169986124858809,0.4453172804723267,1.0,1,0.5324892300919645,49
4559,1,6850,6850,0,0,0,0,0.6831741774144553,0.41328551373047273,0.6831741774144553,0.41328551373047273,1.0,1,0.544146232000833,50
4560,0,6850,6850,0,0,0,0,0.6893864484455443,0.41328551373047273,0.6893864484455443,0.41328551373047273,1.0,1,0.5333790206990432,51
4561,0,6850,6850,0,0,0,0,0.6953597859754377,0.41328551373047273,0.6953597859754377,0.41328551373047273,1.0,1,0.531325447083699,52
4562,0,6850,6850,0,0,0,0,0.7011077145419389,0.41328551373047273,0.7011077145419389,0.41328551373047273,1.0,1,0.525374461269373,53
4563,1,6851,6851,0,0,0,0,0.7149361715351167,0.4298723430702333,0.7149361715351167,0.4298723430702333,1.0,1,0.5338137183967155,52
4564,0,6851,6851,0,0,0,0,0.7254940911078902,0.4298723430702333,0.7254940911078902,0.4298723430702333,1.0,1,0.5249903400162348,54
4565,3,6854,6854,0,0,0,0,0.7122333300008009,0.41380863518681665,0.7122333300008009,0.41380863518681665,1.0,1,0.5544267587884008,55
4566,1,6855,6855,0,0,0,0,0.6935904984388666,0.41380863518681665,0.6935904984388666,0.41380863518681665,1.0,1,0.5708402476063236,55
4567,2,6857,6857,0,0,0,0,0.6584986795821336,0.41380863518681665,0.6584986795821336,0.41380863518681665,1.0,1,0.5879791928560617,56
4568,2,6859,6859,0,0,0,0,0.6511522173375582,0.39707656456892787,0.6511522173375582,0.39707656456892787,1.0,1,0.5906204848691076,58
4569,0,6859,6859,0,0,0,0,0.6570648916199725,0.39707656456892787,0.6570648916199725,0.39707656456892787,1.0,1,0.5783443018275369,59
4570,3,6862,6862,0,0,0,0,0.6631998562722287,0.39707656456892787,0.6631998562722287,0.39707656456892787,1.0,1,0.5808946810369127,59
4571,2,6864,6864,0,0,0,0,0.7017375870069974,0.39707656456892787,0.7017375870069974,0.39707656456892787,1.0,1,0.5634044237761875,57
4572,3,6867,6867,0,0,0,0,0.6799096146577011,0.3818944283045261,0.6799096146577011,0.3818944283045261,1.0,1,0.5723456729498981,56
4573,1,6868,6868,0,0,0,0,0.672191705368608,0.3818944283045261,0.672191705368608,0.3818944283045261,1.0,1,0.5756260118450935,56
4574,0,6868,6868,0,0,0,0,0.6930571601441815,0.39707656456892787,0.6930571601441815,0.39707656456892787,1.0,1,0.5659762461926632,55
4575,2,6870,6870,0,0,0,0,0.6689243591265861,0.39707656456892787,0.6689243591265861,0.39707656456892787,1.0,1,0.5754917723780576,55
4576,0,6870,6870,0,0,0,0,0.6824578286575237,0.39707656456892787,0.6824578286575237,0.39707656456892787,1.0,1,0.5626901761591266,55
4577,0,6870,6870,0,0,0,0,0.6873730334801847,0.39707656456892787,0.6873730334801847,0.39707656456892787,1.0,1,0.5622643286281814,54
4578,2,6872,6872,0,0,0,0,0.7039896891401947,0.40797937828038944,0.7039896891401947,0.40797937828038944,1.0,1,0.5517791771684295,54
4579,0,6872,6872,0,0,0,0,0.7039896891401947,0.40797937828038944,0.7039896891401947,0.40797937828038944,1.0,1,0.5517791771684295,54
4580,0,6872,6872,0,0,0,0,0.7093716947921912,0.40797937828038944,0.7093716947921912,0.40797937828038944,1.0,1,0.5419281997646364,55
4581,1,6873,6873,0,0,0,0,0.6898205350466534,0.39549851151643645,0.6898205350466534,0.39549851151643645,1.0,1,0.5600322540448527,56
4582,0,6873,6873,0,0,0,0,0.6898205350466534,0.39549851151643645,0.6898205350466534,0.39549851151643645,1.0,1,0.5600322540448527,56
4583,1,6874,6874,0,0,0,0,0.6778609266322703,0.39549851151643645,0.6778609266322703,0.39549851151643645,1.0,1,0.5686439876563629,57
4584,1,6875,6875,0,0,0,0,0.6588640710904259,0.39549851151643645,0.6588640710904259,0.39549851151643645,1.0,1,0.5828122885246982,57
4585,0,6875,6875,0,0,0,0,0.6588640710904259,0.39549851151643645,0.6588640710904259,0.39549851151643645,1.0,1,0.5828122885246982,57
4586,0,6875,6875,0,0,0,0,0.6588640710904258,0.39549851151643645,0.6588640710904258,0.39549851151643645,1.0,1,0.5828122885246982,57
4587,0,6875,6875,0,0,0,0,0.6588640710904259,0.39549851151643645,0.6588640710904259,0.39549851151643645,1.0,1,0.5828122885246982,57
4588,0,6875,6875,0,0,0,0,0.6460990944174207,0.39549851151643645,0.6460990944174207,0.39549851151643645,1.0,1,0.5828122885246982,58
4589,0,6875,6875,0,0,0,0,0.6520974148510239,0.39549851151643645,0.6520974148510239,0.39549851151643645,1.0,1,0.5704644483658298,59
4590,0,6875,6875,0,0,0,0,0.6419074847422471,0.3832641355442979,0.6419074847422471,0.3832641355442979,1.0,1,0.5704644483658298,60
4591,0,6875,6875,0,0,0,0,0.6302654517376458,0.3832641355442979,0.6302654517376458,0.3832641355442979,1.0,1,0.5704644483658298,61
4592,0,6875,6875,0,0,0,0,0.6362289121934904,0.3832641355442979,0.6362289121934904,0.3832641355442979,1.0,1,0.5675259985130697,62
4593,1,6876,6876,0,0,0,0,0.6122166743659091,0.3832641355442979,0.6122166743659091,0.3832641355442979,1.0,1,0.5656151185359405,64
4594,0,6876,6876,0,0,0,0,0.6122166743659091,0.3832641355442979,0.6122166743659091,0.3832641355442979,1.0,1,0.5656151185359405,64
4595,2,6878,6878,0,0,0,0,0.6377057887756523,0.3832641355442979,0.6377057887756523,0.3832641355442979,1.0,1,0.5594039396447376,63
4596,1,6879,6879,0,0,0,0,0.6377057887756523,0.3832641355442979,0.6377057887756523,0.3832641355442979,1.0,1,0.5660189227091571,63
4597,2,6881,6881,0,0,0,0,0.6158496069553702,0.3832641355442979,0.6158496069553702,0.3832641355442979,1.0,1,0.5853995979463992,63
4598,1,6882,6882,0,0,0,0,0.6006950573032654,0.3832641355442979,0.6006950573032654,0.3832641355442979,1.0,1,0.5843454425723101,65
4599,1,6883,6883,0,0,0,0,0.5882773672949245,0.3832641355442979,0.5882773672949245,0.3832641355442979,1.0,1,0.5894768803244531,66
4600,1,6884,6884,0,0,0,0,0.5643199286196311,0.3671151923154279,0.5643199286196311,0.3671151923154279,1.0,1,0.6038691343618664,67
4601,0,6884,6884,0,0,0,0,0.5643199286196311,0.3671151923154279,0.5643199286196311,0.3671151923154279,1.0,1,0.6038691343618664,67
4602,0,6884,6884,0,0,0,0,0.561272310380782,0.3671151923154279,0.561272310380782,0.3671151923154279,1.0,1,0.5846040899485404,69
4603,0,6884,6884,0,0,0,0,0.561272310380782,0.3671151923154279,0.561272310380782,0.3671151923154279,1.0,1,0.5846040899485404,69
4604,1,6885,6885,0,0,0,0,0.561736745896674,0.3671151923154279,0.561736745896674,0.3671151923154279,1.0,1,0.5846040899485404,69
4605,0,6885,6885,0,0,0,0,0.5679976495267215,0.3671151923154279,0.5679976495267215,0.3671151923154279,1.0,1,0.5705467523934256,70
4606,0,6885,6885,0,0,0,0,0.5679976495267215,0.3671151923154279,0.5679976495267215,0.3671151923154279,1.0,1,0.5705467523934256,70
4607,3,6888,6888,0,0,0,0,0.569540573624643,0.40685228082927377,0.569540573624643,0.40685228082927377,1.0,1,0.5612342296623104,72
4608,2,6890,6890,0,0,0,0,0.5626922262288151,0.39659895140628043,0.5626922262288151,0.39659895140628043,1.0,1,0.5612342296623104,73
4609,1,6891,6891,0,0,0,0,0.5732310514515052,0.41031944091762973,0.5732310514515052,0.41031944091762973,1.0,1,0.5612342296623104,72
4610,3,6894,6894,0,0,0,0,0.5744699706881184,0.4209953868272892,0.5744699706881184,0.4209953868272892,1.0,1,0.5612342296623104,72
4611,1,6895,6895,0,0,0,0,0.5832482329168343,0.4209953868272892,0.5832482329168343,0.4209953868272892,1.0,1,0.5612342296623104,71
4612,2,6897,6897,0,0,0,0,0.5778736978125852,0.4209953868272892,0.5778736978125852,0.4209953868272892,1.0,1,0.5778155447162069,70
4613,3,6900,6900,0,0,0,0,0.6009727163695074,0.4404260190921403,0.6009727163695074,0.4404260190921403,1.0,1,0.567752881896752,69
4614,0,6900,6900,0,0,0,0,0.6263072003300506,0.4404260190921403,0.6263072003300506,0.4404260190921403,1.0,1,0.5599177171422229,68
4615,2,6902,6902,0,0,0,0,0.6400729269857066,0.42802789444538253,0.6400729269857066,0.42802789444538253,1.0,1,0.5476068777779873,68
4616,1,6903,6903,0,0,0,0,0.6700196355996938,0.42802789444538253,0.6700196355996938,0.42802789444538253,1.0,1,0.5478968544095246,65
4617,3,6906,6906,0,0,0,0,0.6877146494909797,0.43374051149321485,0.6877146494909797,0.43374051149321485,1.0,1,0.5187063903627711,66
4618,3,6909,6909,0,0,0,0,0.6885967662915843,0.43374051149321485,0.6885967662915843,0.43374051149321485,1.0,1,0.5023861306835274,66
4619,2,6911,6911,0,0,0,0,0.712877278289871,0.4541202682303433,0.712877278289871,0.4541202682303433,1.0,1,0.5019711250124189,65
4620,1,6912,6912,0,0,0,0,0.7279912134252023,0.47230885373146314,0.7279912134252023,0.47230885373146314,1.0,1,0.4963606222815437,65
4621,3,6915,6915,0,0,0,0,0.6817564155223621,0.4546049230151479,0.6817564155223621,0.4546049230151479,1.0,1,0.5427733519305327,67
4622,1,6916,6916,0,0,0,0,0.6899564510104775,0.46861569023774224,0.6899564510104775,0.46861569023774224,1.0,1,0.5505379496688694,65
4623,5,6921,6921,0,0,0,0,0.6667603589682973,0.46861569023774224,0.6667603589682973,0.46861569023774224,1.0,1,0.5567120158976205,66
4624,3,6924,6924,0,0,0,0,0.6258632630484634,0.4552404239496672,0.6258632630484634,0.4552404239496672,1.0,1,0.577798926617417,65
4625,1,6925,6925,0,0,0,0,0.6388058240133871,0.4826446348936809,0.6388058240133871,0.4826446348936809,1.0,1,0.5739283184501217,64
4626,1,6926,6926,0,0,0,0,0.6301991119831799,0.49770531392299105,0.6301991119831799,0.49770531392299105,1.0,1,0.5831249388066582,63
4627,1,6927,6927,0,0,0,0,0.6257522409473767,0.4828613274311825,0.6257522409473767,0.4828613274311825,1.0,1,0.5666640240234289,65
4628,0,6927,6927,0,0,0,0,0.6199046197121795,0.4828613274311825,0.6199046197121795,0.4828613274311825,1.0,1,0.5744873841204996,64
4629,2,6929,6929,0,0,0,0,0.6342547257189859,0.49770531392299105,0.6342547257189859,0.49770531392299105,1.0,1,0.5602463163461843,64
4630,1,6930,6930,0,0,0,0,0.6493661266850743,0.5188341764572026,0.6493661266850743,0.5188341764572026,1.0,1,0.5496468830327867,64
4631,0,6930,6930,0,0,0,0,0.6146006091734673,0.47568967108141125,0.6146006091734673,0.47568967108141125,1.0,1,0.5667739002061876,66
4632,0,6930,6930,0,0,0,0,0.6086713877761362,0.47568967108141125,0.6086713877761362,0.47568967108141125,1.0,1,0.5785410720392061,65
4633,0,6930,6930,0,0,0,0,0.6146006091734674,0.47568967108141125,0.6146006091734674,0.47568967108141125,1.0,1,0.5668232190903904,66
4634,1,6931,6931,0,0,0,0,0.6147954291887093,0.45098287208458754,0.6147954291887093,0.45098287208458754,1.0,1,0.5668232190903904,66
4635,2,6933,6933,0,0,0,0,0.614915055248338,0.49077860435621307,0.614915055248338,0.49077860435621307,1.0,1,0.5685541031608381,66
4636,1,6934,6934,0,0,0,0,0.6145516638369983,0.472628473094099,0.6145516638369983,0.472628473094099,1.0,1,0.5685541031608381,66
4637,1,6935,6935,0,0,0,0,0.6128026295167316,0.4971492786645589,0.6128026295167316,0.4971492786645589,1.0,1,0.5508858477628336,68
4638,1,6936,6936,0,0,0,0,0.6122086945123923,0.4809353670191438,0.6122086945123923,0.4809353670191438,1.0,1,0.5508858477628336,68
4639,3,6939,6939,0,0,0,0,0.6162684740718392,0.505027340656073,0.6162684740718392,0.505027340656073,1.0,1,0.5444238493577351,69
4640,0,6939,6939,0,0,0,0,0.6162684740718392,0.505027340656073,0.6162684740718392,0.505027340656073,1.0,1,0.5444238493577351,69
4641,1,6940,6940,0,0,0,0,0.6209116673687958,0.505027340656073,0.6209116673687958,0.505027340656073,1.0,1,0.5377944479273373,70
4642,0,6940,6940,0,0,0,0,0.6154176335625464,0.505027340656073,0.6154176335625464,0.505027340656073,1.0,1,0.5439907097051662,69
4643,3,6943,6943,0,0,0,0,0.6229225391030376,0.505027340656073,0.6229225391030376,0.505027340656073,1.0,1,0.5337172254199489,70
4644,3,6946,6946,0,0,0,0,0.6031149833757539,0.47524064967579543,0.6031149833757539,0.47524064967579543,1.0,1,0.5559921977337677,69
4645,2,6948,6948,0,0,0,0,0.6244915153273857,0.47524064967579543,0.6244915153273857,0.47524064967579543,1.0,1,0.5319587421829582,70
4646,2,6950,6950,0,0,0,0,0.6102694010873683,0.47524064967579543,0.6102694010873683,0.47524064967579543,1.0,1,0.5633806927289358,68
4647,0,6950,6950,0,0,0,0,0.6125944180135108,0.47524064967579543,0.6125944180135108,0.47524064967579543,1.0,1,0.5633806927289358,68
4648,1,6951,6951,0,0,0,0,0.602858656818051,0.4484874480897247,0.602858656818051,0.4484874480897247,1.0,1,0.5785703152847876,67
4649,3,6954,6954,0,0,0,0,0.6017128764513302,0.4484874480897247,0.6017128764513302,0.4484874480897247,1.0,1,0.5812610481293466,67
4650,2,6956,6956,0,0,0,0,0.6007093885312664,0.4484874480897247,0.6007093885312664,0.4484874480897247,1.0,1,0.5722335288435102,67
4651,4,6960,6960,0,0,0,0,0.5703855305165118,0.42579864544248847,0.5703855305165118,0.42579864544248847,1.0,1,0.5881458570989082,68
4652,2,6962,6962,0,0,0,0,0.5787773758189537,0.4484874480897247,0.5787773758189537,0.4484874480897247,1.0,1,0.5947576310161411,66
4653,1,6963,6963,0,0,0,0,0.5852646868986426,0.4484874480897247,0.5852646868986426,0.4484874480897247,1.0,1,0.601417659617954,64
4654,1,6964,6964,0,0,0,0,0.5583859909138117,0.4278942805594355,0.5583859909138117,0.4278942805594355,1.0,1,0.6154396538176511,65
4655,0,6964,6964,0,0,0,0,0.5683471996680936,0.4278942805594355,0.5683471996680936,0.4278942805594355,1.0,1,0.6154396538176511,64
4656,1,6965,6965,0,0,0,0,0.5585091726208937,0.4278942805594355,0.5585091726208937,0.4278942805594355,1.0,1,0.6154396538176511,65
4657,1,6966,6966,0,0,0,0,0.551430515106296,0.4278942805594355,0.551430515106296,0.4278942805594355,1.0,1,0.6102407472475267,66
4658,3,6969,6969,0,0,0,0,0.611923241564371,0.4459386178610721,0.611923241564371,0.4459386178610721,1.0,1,0.5594117806685116,65
4659,0,6969,6969,0,0,0,0,0.611923241564371,0.4459386178610721,0.611923241564371,0.4459386178610721,1.0,1,0.5594117806685116,65
4660,1,6970,6970,0,0,0,0,0.6139070079577855,0.4459386178610721,0.6139070079577855,0.4459386178610721,1.0,1,0.5535298601317514,66
4661,3,6973,6973,0,0,0,0,0.6470895615340383,0.487583548816439,0.6470895615340383,0.487583548816439,1.0,1,0.5402481569729336,66
4662,0,6973,6973,0,0,0,0,0.6413087729270889,0.4631461300239006,0.6413087729270889,0.4631461300239006,1.0,1,0.5273763309683231,68
4663,4,6977,6977,0,0,0,0,0.6550675326298774,0.4851857438203882,0.6550675326298774,0.4851857438203882,1.0,1,0.5226233933746637,67
4664,0,6977,6977,0,0,0,0,0.6367872441134933,0.4851857438203882,0.6367872441134933,0.4851857438203882,1.0,1,0.5295576643247794,67
4665,2,6979,6979,0,0,0,0,0.6507102251179531,0.5069475857374417,0.6507102251179531,0.5069475857374417,1.0,1,0.523363168805303,67
4666,2,6981,6981,0,0,0,0,0.6340822169971595,0.496104064426344,0.6340822169971595,0.496104064426344,1.0,1,0.5411534168924629,67
4667,2,6983,6983,0,0,0,0,0.6442920308694233,0.496104064426344,0.6442920308694233,0.496104064426344,1.0,1,0.5359458714843106,66
4668,2,6985,6985,0,0,0,0,0.6441675974449776,0.5121486376283566,0.6441675974449776,0.5121486376283566,1.0,1,0.5501751921339774,66
4669,3,6988,6988,0,0,0,0,0.6375929763534105,0.4942794125032538,0.6375929763534105,0.4942794125032538,1.0,1,0.5506884424944506,66
4670,3,6991,6991,0,0,0,0,0.6595763815788943,0.4984436994061756,0.6595763815788943,0.4984436994061756,1.0,1,0.5305735941245859,64
4671,1,6992,6992,0,0,0,0,0.6587754010885581,0.4785983566737087,0.6587754010885581,0.4785983566737087,1.0,1,0.5305735941245859,64
4672,3,6995,6995,0,0,0,0,0.6610183602477876,0.4946810054819308,0.6610183602477876,0.4946810054819308,1.0,1,0.5338094299255266,64
4673,1,6996,6996,0,0,0,0,0.6864020185189239,0.4946810054819308,0.6864020185189239,0.4946810054819308,1.0,1,0.5195462760330873,65
4674,3,6999,6999,0,0,0,0,0.6625518455743128,0.4696137964289318,0.6625518455743128,0.4696137964289318,1.0,1,0.5333384990816101,66
4675,2,7001,7001,0,0,0,0,0.6582747365706084,0.4946810054819308,0.6582747365706084,0.4946810054819308,1.0,1,0.5622108768559192,65
4676,0,7001,7001,0,0,0,0,0.6412884933196003,0.4684585881677094,0.6412884933196003,0.4684585881677094,1.0,1,0.5715454917364238,65
4677,2,7003,7003,0,0,0,0,0.5843635459889818,0.4684585881677094,0.5843635459889818,0.4684585881677094,1.0,1,0.6031480433312786,65
4678,0,7003,7003,0,0,0,0,0.5778692263950596,0.4684585881677094,0.5778692263950596,0.4684585881677094,1.0,1,0.6165173677551717,64
4679,1,7004,7004,0,0,0,0,0.5590783960241339,0.4467844240143234,0.5590783960241339,0.4467844240143234,1.0,1,0.6114499954523176,66
4680,0,7004,7004,0,0,0,0,0.549442609463774,0.4443291146160708,0.549442609463774,0.4443291146160708,1.0,1,0.6114499954523176,67
4681,2,7006,7006,0,0,0,0,0.5386777339448651,0.42519158506086413,0.5386777339448651,0.42519158506086413,1.0,1,0.6195259270916913,67
4682,2,7008,7008,0,0,0,0,0.5420033453542108,0.4211657632182355,0.5420033453542108,0.4211657632182355,1.0,1,0.6195259270916913,67
4683,3,7011,7011,0,0,0,0,0.5282398668022098,0.40918173786845485,0.5282398668022098,0.40918173786845485,1.0,1,0.6275925679430483,67
4684,1,7012,7012,0,0,0,0,0.5369637532088223,0.40918173786845485,0.5369637532088223,0.40918173786845485,1.0,1,0.6275925679430483,66
4685,1,7013,7013,0,0,0,0,0.5459830209291835,0.40918173786845485,0.5459830209291835,0.40918173786845485,1.0,1,0.6275925679430483,65
4686,0,7013,7013,0,0,0,0,0.5435238902121348,0.40918173786845485,0.5435238902121348,0.40918173786845485,1.0,1,0.6275925679430483,65
4687,1,7014,7014,0,0,0,0,0.5460664642985514,0.40918173786845485,0.5460664642985514,0.40918173786845485,1.0,1,0.6210982272087345,65
4688,2,7016,7016,0,0,0,0,0.5537399639842386,0.42085972196710675,0.5537399639842386,0.42085972196710675,1.0,1,0.622513511011721,64
4689,3,7019,7019,0,0,0,0,0.531939238621658,0.4089883745870385,0.531939238621658,0.4089883745870385,1.0,1,0.627680797369091,65
4690,1,7020,7020,0,0,0,0,0.5612379997204451,0.4323500448970672,0.5612379997204451,0.4323500448970672,1.0,1,0.624061625258233,63
4691,3,7023,7023,0,0,0,0,0.5521644942768631,0.42119106045170235,0.5521644942768631,0.42119106045170235,1.0,1,0.6163858092577639,64
4692,1,7024,7024,0,0,0,0,0.5909581907617022,0.4466066506801129,0.5909581907617022,0.4466066506801129,1.0,1,0.5997045685813972,63
4693,5,7029,7029,0,0,0,0,0.569146760923021,0.42819460432580714,0.569146760923021,0.42819460432580714,1.0,1,0.5929829885278338,64
4694,1,7030,7030,0,0,0,0,0.6111315676385823,0.42819460432580714,0.6111315676385823,0.42819460432580714,1.0,1,0.5821808388347199,63
4695,2,7032,7032,0,0,0,0,0.6172726967769755,0.4112582812158387,0.6172726967769755,0.4112582812158387,1.0,1,0.574046145800177,62
4696,2,7034,7034,0,0,0,0,0.6276041223819881,0.41708081812896836,0.6276041223819881,0.41708081812896836,1.0,1,0.5812707961531698,61
4697,2,7036,7036,0,0,0,0,0.6541443242245082,0.41708081812896836,0.6541443242245082,0.41708081812896836,1.0,1,0.5461753916137133,63
4698,3,7039,7039,0,0,0,0,0.6692054854619895,0.45407094774534384,0.6692054854619895,0.45407094774534384,1.0,1,0.5311269343792446,63
4699,2,7041,7041,0,0,0,0,0.6654378391702583,0.42344799427990126,0.6654378391702583,0.42344799427990126,1.0,1,0.501710919547384,65
4700,1,7042,7042,0,0,0,0,0.6749840120207277,0.4382066029814883,0.6749840120207277,0.4382066029814883,1.0,1,0.4965878065365154,64
4701,1,7043,7043,0,0,0,0,0.6749840120207277,0.4382066029814883,0.6749840120207277,0.4382066029814883,1.0,1,0.4909976393485117,64
4702,2,7045,7045,0,0,0,0,0.6677992547191748,0.4382066029814883,0.6677992547191748,0.4382066029814883,1.0,1,0.4699856793769394,66
4703,2,7047,7047,0,0,0,0,0.6774529055641945,0.4547855468643466,0.6774529055641945,0.4547855468643466,1.0,1,0.4838416329950671,65
4704,4,7051,7051,0,0,0,0,0.685730557591239,0.46813782386569436,0.685730557591239,0.46813782386569436,1.0,1,0.5131273043022889,64
4705,4,7055,7055,0,0,0,0,0.6704102819621789,0.48494201469570286,0.6704102819621789,0.48494201469570286,1.0,1,0.5147362580718642,65
4706,3,7058,7058,0,0,0,0,0.6708143360635465,0.48687768053105057,0.6708143360635465,0.48687768053105057,1.0,1,0.5081105821821557,65
4707,2,7060,7060,0,0,0,0,0.694271316011155,0.4851074132603072,0.694271316011155,0.4851074132603072,1.0,1,0.500803336612308,63
4708,0,7060,7060,0,0,0,0,0.6911406534801673,0.4851074132603072,0.6911406534801673,0.4851074132603072,1.0,1,0.5018528407349003,62
4709,5,7065,7065,0,0,0,0,0.6402548666212333,0.4844790001675048,0.6402548666212333,0.4844790001675048,1.0,1,0.5562978201305306,61
4710,0,7065,7065,0,0,0,0,0.6498583107394184,0.4844790001675048,0.6498583107394184,0.4844790001675048,1.0,1,0.5562978201305306,60
4711,3,7068,7068,0,0,0,0,0.624891930559687,0.5087876263050902,0.624891930559687,0.5087876263050902,1.0,1,0.5981522672942305,59
4712,0,7068,7068,0,0,0,0,0.6320626200334223,0.5087876263050902,0.6320626200334223,0.5087876263050902,1.0,1,0.5981522672942305,58
4713,3,7071,7071,0,0,0,0,0.6114105208320623,0.5005367306874055,0.6114105208320623,0.5005367306874055,1.0,1,0.6103462013985786,58
4714,0,7071,7071,0,0,0,0,0.6192951330163787,0.5005367306874055,0.6192951330163787,0.5005367306874055,1.0,1,0.6103462013985786,57
4715,1,7072,7072,0,0,0,0,0.6350283241663697,0.5201933281768572,0.6350283241663697,0.5201933281768572,1.0,1,0.5990942910365527,57
4716,1,7073,7073,0,0,0,0,0.6626074212822121,0.5201933281768572,0.6626074212822121,0.5201933281768572,1.0,1,0.603621086272022,55
4717,0,7073,7073,0,0,0,0,0.6385104552269384,0.49471541988420803,0.6385104552269384,0.49471541988420803,1.0,1,0.603621086272022,57
4718,2,7075,7075,0,0,0,0,0.6881681880069394,0.49471541988420803,0.6881681880069394,0.49471541988420803,1.0,1,0.5821391071577353,56
4719,2,7077,7077,0,0,0,0,0.7074612365585893,0.4653462372285067,0.7074612365585893,0.4653462372285067,1.0,1,0.5784561157554806,56
4720,1,7078,7078,0,0,0,0,0.7134948270236339,0.4653462372285067,0.7134948270236339,0.4653462372285067,1.0,1,0.5709363400958919,57
4721,1,7079,7079,0,0,0,0,0.7134948270236339,0.4653462372285067,0.7134948270236339,0.4653462372285067,1.0,1,0.5653467285273902,57
4722,3,7082,7082,0,0,0,0,0.7135584095590213,0.44813584027548414,0.7135584095590213,0.44813584027548414,1.0,1,0.5604505033250009,57
4723,0,7082,7082,0,0,0,0,0.7188914519740107,0.49869783715563276,0.7188914519740107,0.49869783715563276,1.0,1,0.5604505033250009,57
4724,3,7085,7085,0,0,0,0,0.7177150756321558,0.5485927493484383,0.7177150756321558,0.5485927493484383,1.0,1,0.5570955678676903,57
4725,0,7085,7085,0,0,0,0,0.7037914046899428,0.5485282827402473,0.7037914046899428,0.5485282827402473,1.0,1,0.5697081079863989,57
4726,3,7088,7088,0,0,0,0,0.7020367993156491,0.5312932833583404,0.7020367993156491,0.5312932833583404,1.0,1,0.5648945409213756,57
4727,2,7090,7090,0,0,0,0,0.6766076050575414,0.5049780078272493,0.6766076050575414,0.5049780078272493,1.0,1,0.5905521598821699,56
4728,2,7092,7092,0,0,0,0,0.6469531213479325,0.5049780078272493,0.6469531213479325,0.5049780078272493,1.0,1,0.6009369742822089,57
4729,0,7092,7092,0,0,0,0,0.6406487128005741,0.5049780078272493,0.6406487128005741,0.5049780078272493,1.0,1,0.6105756262036987,56
4730,2,7094,7094,0,0,0,0,0.6644365666194751,0.4877390777672808,0.6644365666194751,0.4877390777672808,1.0,1,0.6110423113858101,54
4731,0,7094,7094,0,0,0,0,0.6644365666194751,0.4877390777672808,0.6644365666194751,0.4877390777672808,1.0,1,0.6117132662214395,54
4732,4,7098,7098,0,0,0,0,0.6971818289948809,0.455884760821276,0.6971818289948809,0.455884760821276,1.0,1,0.5936546168813048,54
4733,0,7098,7098,0,0,0,0,0.6891709618938561,0.455884760821276,0.6891709618938561,0.455884760821276,1.0,1,0.5936546168813048,55
4734,1,7099,7099,0,0,0,0,0.6760746767286757,0.42367098557329896,0.6760746767286757,0.42367098557329896,1.0,1,0.5936546168813048,56
4735,3,7102,7102,0,0,0,0,0.6634099010349042,0.3852916968933592,0.6634099010349042,0.3852916968933592,1.0,1,0.6081371117167114,56
4736,1,7103,7103,0,0,0,0,0.6349520029954404,0.37498170543677906,0.6349520029954404,0.37498170543677906,1.0,1,0.6081371117167114,58
4737,0,7103,7103,0,0,0,0,0.6233180842618697,0.37498170543677906,0.6233180842618697,0.37498170543677906,1.0,1,0.6081371117167114,59
4738,3,7106,7106,0,0,0,0,0.6253723937248916,0.3823787233029362,0.6253723937248916,0.3823787233029362,1.0,1,0.5897175373318052,60
4739,0,7106,7106,0,0,0,0,0.6253723937248916,0.3823787233029362,0.6253723937248916,0.3823787233029362,1.0,1,0.5897175373318052,60
4740,2,7108,7108,0,0,0,0,0.6409677112053029,0.411043617460193,0.6409677112053029,0.411043617460193,1.0,1,0.5746840667331227,60
4741,3,7111,7111,0,0,0,0,0.6783087766229299,0.44245744351407296,0.6783087766229299,0.44245744351407296,1.0,1,0.5433147668049003,61
4742,2,7113,7113,0,0,0,0,0.6619022612230837,0.4653199735117322,0.6619022612230837,0.4653199735117322,1.0,1,0.5544619484840682,61
4743,3,7116,7116,0,0,0,0,0.6918988485259333,0.4937321439044146,0.6918988485259333,0.4937321439044146,1.0,1,0.534271371670627,60
4744,1,7117,7117,0,0,0,0,0.673882271360685,0.4937321439044146,0.673882271360685,0.4937321439044146,1.0,1,0.5465475784671072,60
4745,3,7120,7120,0,0,0,0,0.6826298207854783,0.541024107868901,0.6826298207854783,0.541024107868901,1.0,1,0.5464905596633796,59
4746,2,7122,7122,0,0,0,0,0.6793991644846918,0.5214141548172094,0.6793991644846918,0.5214141548172094,1.0,1,0.5503397640759676,59
4747,5,7127,7127,0,0,0,0,0.6819012388897346,0.5183945662263116,0.6819012388897346,0.5183945662263116,1.0,1,0.5529650378963225,58
4748,2,7129,7129,0,0,0,0,0.686446404870801,0.5285067743616128,0.686446404870801,0.5285067743616128,1.0,1,0.5534707975117195,58
4749,1,7130,7130,0,0,0,0,0.6999202844613452,0.5292583056498793,0.6999202844613452,0.5292583056498793,1.0,1,0.5324172645965396,58
4750,1,7131,7131,0,0,0,0,0.7036526675907909,0.5608115886435499,0.7036526675907909,0.5608115886435499,1.0,1,0.5385190697982899,56
4751,2,7133,7133,0,0,0,0,0.6779162978910376,0.5059467120666763,0.6779162978910376,0.5059467120666763,1.0,1,0.5479384370877909,58
4752,2,7135,7135,0,0,0,0,0.6811337315197671,0.5105744050116366,0.6811337315197671,0.5105744050116366,1.0,1,0.5723129109617539,55
4753,1,7136,7136,0,0,0,0,0.6811337315197671,0.5105744050116366,0.6811337315197671,0.5105744050116366,1.0,1,0.5795489373461982,55
4754,1,7137,7137,0,0,0,0,0.6773739856818746,0.5276949902101026,0.6773739856818746,0.5276949902101026,1.0,1,0.5891569065494969,54
4755,0,7137,7137,0,0,0,0,0.673249957961186,0.5479544769152105,0.673249957961186,0.5479544769152105,1.0,1,0.5891569065494969,54
4756,1,7138,7138,0,0,0,0,0.6570304061202583,0.5479544769152105,0.6570304061202583,0.5479544769152105,1.0,1,0.6018507994869607,54
4757,0,7138,7138,0,0,0,0,0.6713606127499063,0.5821873728187001,0.6713606127499063,0.5821873728187001,1.0,1,0.6018507994869607,53
4758,3,7141,7141,0,0,0,0,0.7270578905231028,0.5827475739116829,0.7270578905231028,0.5827475739116829,1.0,1,0.5662078321993453,53
4759,1,7142,7142,0,0,0,0,0.7481969462115258,0.5827475739116829,0.7481969462115258,0.5827475739116829,1.0,1,0.5505499036657313,53
4760,2,7144,7144,0,0,0,0,0.7861434582231401,0.5827475739116829,0.7861434582231401,0.5827475739116829,1.0,1,0.5306232101331426,53
4761,4,7148,7148,0,0,0,0,0.8272710529993781,0.5559410721648695,0.8272710529993781,0.5559410721648695,1.0,1,0.5122412624449987,52
4762,3,7151,7151,0,0,0,0,0.8110428835328739,0.49642430915213176,0.8110428835328739,0.49642430915213176,1.0,1,0.5170254019560431,54
4763,4,7155,7155,0,0,0,0,0.7370238765767964,0.49642430915213176,0.7370238765767964,0.49642430915213176,1.0,1,0.5345955319334079,54
4764,1,7156,7156,0,0,0,0,0.7219574518840011,0.4684217476912236,0.7219574518840011,0.4684217476912236,1.0,1,0.5379159431319678,55
4765,2,7158,7158,0,0,0,0,0.6874073295067483,0.4684217476912236,0.6874073295067483,0.4684217476912236,1.0,1,0.5512532675360613,56
4766,2,7160,7160,0,0,0,0,0.6992467838176444,0.4554110352462123,0.6992467838176444,0.4554110352462123,1.0,1,0.5291530758006542,58
4767,1,7161,7161,0,0,0,0,0.7043442959563283,0.4554110352462123,0.7043442959563283,0.4554110352462123,1.0,1,0.5226926950460693,59
4768,1,7162,7162,0,0,0,0,0.6926802137097057,0.43580617985111497,0.6926802137097057,0.43580617985111497,1.0,1,0.5239721849733798,60
4769,1,7163,7163,0,0,0,0,0.6861622062599975,0.461025306202732,0.6861622062599975,0.461025306202732,1.0,1,0.5343218412636274,59
4770,1,7164,7164,0,0,0,0,0.6722650983631279,0.45647591644309754,0.6722650983631279,0.45647591644309754,1.0,1,0.5343218412636274,60
4771,1,7165,7165,0,0,0,0,0.6515132451654913,0.45647591644309754,0.6515132451654913,0.45647591644309754,1.0,1,0.5563329340395302,59
4772,1,7166,7166,0,0,0,0,0.6316972137678358,0.45647591644309754,0.6316972137678358,0.45647591644309754,1.0,1,0.5764001430947877,59
4773,0,7166,7166,0,0,0,0,0.6378355935383718,0.45647591644309754,0.6378355935383718,0.45647591644309754,1.0,1,0.5675773362875742,60
4774,0,7166,7166,0,0,0,0,0.6378355935383718,0.45647591644309754,0.6378355935383718,0.45647591644309754,1.0,1,0.5675773362875742,60
4775,0,7166,7166,0,0,0,0,0.6495183163274567,0.45647591644309754,0.6495183163274567,0.45647591644309754,1.0,1,0.5500705187035654,62
4776,0,7166,7166,0,0,0,0,0.6550815176555923,0.45647591644309754,0.6550815176555923,0.45647591644309754,1.0,1,0.5426517979173365,63
4777,0,7166,7166,0,0,0,0,0.6550815176555923,0.45647591644309754,0.6550815176555923,0.45647591644309754,1.0,1,0.5426517979173365,63
4778,1,7167,7167,0,0,0,0,0.6724012377823773,0.45647591644309754,0.6724012377823773,0.45647591644309754,1.0,1,0.5209886268728444,63
4779,2,7169,7169,0,0,0,0,0.689577894436961,0.48212378718985405,0.689577894436961,0.48212378718985405,1.0,1,0.5076156717908415,63
4780,3,7172,7172,0,0,0,0,0.7033888632263139,0.4954217211533446,0.7033888632263139,0.4954217211533446,1.0,1,0.48802720308946274,65
4781,0,7172,7172,0,0,0,0,0.7165964251677647,0.5289647117943909,0.7165964251677647,0.5289647117943909,1.0,1,0.48802720308946274,64
4782,2,7174,7174,0,0,0,0,0.7137647872602556,0.5836686335718294,0.7137647872602556,0.5836686335718294,1.0,1,0.47895924822719815,65
4783,3,7177,7177,0,0,0,0,0.6985098336132237,0.5836686335718294,0.6985098336132237,0.5836686335718294,1.0,1,0.4858317237156814,66
4784,3,7180,7180,0,0,0,0,0.7436145162582344,0.6304893705223171,0.7436145162582344,0.6304893705223171,1.0,1,0.4682621386081253,64
4785,4,7184,7184,0,0,0,0,0.7654391928726845,0.660906552613046,0.7654391928726845,0.660906552613046,1.0,1,0.4427748048470934,65
4786,5,7189,7189,0,0,0,0,0.7561916281648041,0.595265249034125,0.7561916281648041,0.595265249034125,1.0,1,0.44477562638480517,66
4787,2,7191,7191,0,0,0,0,0.786633322555384,0.6003223857762845,0.786633322555384,0.6003223857762845,1.0,1,0.44606901387681813,63
4788,6,7197,7197,0,0,0,0,0.7498404115620392,0.5654047108931979,0.7498404115620392,0.5654047108931979,1.0,1,0.45552014230226445,63
4789,4,7201,7201,0,0,0,0,0.7278516451540915,0.5583388198376099,0.7278516451540915,0.5583388198376099,1.0,1,0.4935273545710971,60
4790,4,7205,7205,0,0,0,0,0.683736894515308,0.5239172653857016,0.683736894515308,0.5239172653857016,1.0,1,0.5006975846667563,61
4791,4,7209,7209,0,0,0,0,0.6365327075460823,0.47955263404068754,0.6365327075460823,0.47955263404068754,1.0,1,0.5258727082541163,59
4792,4,7213,7213,0,0,0,0,0.6527730034595677,0.504530702290272,0.6527730034595677,0.504530702290272,1.0,1,0.5215474319811828,59
4793,1,7214,7214,0,0,0,0,0.6802826094124645,0.5199267836199419,0.6802826094124645,0.5199267836199419,1.0,1,0.49411269122347556,61
4794,2,7216,7216,0,0,0,0,0.6417303384356454,0.4811526295509066,0.6417303384356454,0.4811526295509066,1.0,1,0.5054194808627939,60
4795,0,7216,7216,0,0,0,0,0.6476036115760447,0.4811526295509066,0.6476036115760447,0.4811526295509066,1.0,1,0.5090741993828322,61
4796,5,7221,7221,0,0,0,0,0.6212327129971028,0.47918291739725344,0.6212327129971028,0.47918291739725344,1.0,1,0.5194047043692581,60
4797,5,7226,7226,0,0,0,0,0.6217614774013183,0.4583907390155259,0.6217614774013183,0.4583907390155259,1.0,1,0.5538421368384717,61
4798,1,7227,7227,0,0,0,0,0.6218795376769668,0.4721931526888031,0.6218795376769668,0.4721931526888031,1.0,1,0.5570589434387127,61
4799,2,7229,7229,0,0,0,0,0.6408509343509107,0.47938192905187743,0.6408509343509107,0.47938192905187743,1.0,1,0.5580386065425226,59
4800,1,7230,7230,0,0,0,0,0.6284234361398325,0.4938200561847112,0.6284234361398325,0.4938200561847112,1.0,1,0.5627457224073857,57
4801,2,7232,7232,0,0,0,0,0.6690604273208863,0.4938200561847112,0.6690604273208863,0.4938200561847112,1.0,1,0.5388996626868211,58
4802,1,7233,7233,0,0,0,0,0.657311956681459,0.47131159578062354,0.657311956681459,0.47131159578062354,1.0,1,0.543372412013223,56
4803,3,7236,7236,0,0,0,0,0.7023037831163925,0.48988230500742125,0.7023037831163925,0.48988230500742125,1.0,1,0.5351382299683428,57
4804,3,7239,7239,0,0,0,0,0.74432684529094,0.5142453205076696,0.74432684529094,0.5142453205076696,1.0,1,0.5372749559429641,55
4805,1,7240,7240,0,0,0,0,0.7288442162950373,0.5142453205076696,0.7288442162950373,0.5142453205076696,1.0,1,0.5357651953536694,56
4806,0,7240,7240,0,0,0,0,0.745684274701608,0.5142453205076696,0.745684274701608,0.5142453205076696,1.0,1,0.5357651953536694,55
4807,0,7240,7240,0,0,0,0,0.7378205741885961,0.5142453205076696,0.7378205741885961,0.5142453205076696,1.0,1,0.5402730610950165,53
4808,0,7240,7240,0,0,0,0,0.7426757487406592,0.5142453205076696,0.7426757487406592,0.5142453205076696,1.0,1,0.5311037911609249,54
4809,0,7240,7240,0,0,0,0,0.7378205741885961,0.5142453205076696,0.7378205741885961,0.5142453205076696,1.0,1,0.5346094490857421,53
4810,0,7240,7240,0,0,0,0,0.7378205741885961,0.5142453205076696,0.7378205741885961,0.5142453205076696,1.0,1,0.5346094490857421,53
4811,0,7240,7240,0,0,0,0,0.7426757487406591,0.5142453205076696,0.7426757487406591,0.5142453205076696,1.0,1,0.5252441377386846,54
4812,2,7242,7242,0,0,0,0,0.7038304257405165,0.5142453205076696,0.7038304257405165,0.5142453205076696,1.0,1,0.5413960294546869,54
4813,0,7242,7242,0,0,0,0,0.7092153270906889,0.5142453205076696,0.7092153270906889,0.5142453205076696,1.0,1,0.5391416389169684,55
4814,1,7243,7243,0,0,0,0,0.6931724466060832,0.5142453205076696,0.6931724466060832,0.5142453205076696,1.0,1,0.5454834903411657,55
4815,0,7243,7243,0,0,0,0,0.698651510059546,0.5142453205076696,0.698651510059546,0.5142453205076696,1.0,1,0.5428710005381129,56
4816,3,7246,7246,0,0,0,0,0.6802355550051745,0.5142453205076696,0.6802355550051745,0.5142453205076696,1.0,1,0.5572549333502923,56
4817,1,7247,7247,0,0,0,0,0.642478832489592,0.4739022589923406,0.642478832489592,0.4739022589923406,1.0,1,0.5705530847968987,58
4818,5,7252,7252,0,0,0,0,0.6518237532590796,0.5010851973782243,0.6518237532590796,0.5010851973782243,1.0,1,0.5681659828097805,58
4819,0,7252,7252,0,0,0,0,0.6518237532590796,0.5010851973782243,0.6518237532590796,0.5010851973782243,1.0,1,0.56033993301862,58
4820,3,7255,7255,0,0,0,0,0.6997747771359333,0.5221286860307913,0.6997747771359333,0.5221286860307913,1.0,1,0.5242166867050482,58
4821,1,7256,7256,0,0,0,0,0.7025465074438457,0.5337043900989726,0.7025465074438457,0.5337043900989726,1.0,1,0.5194665293291311,58
4822,2,7258,7258,0,0,0,0,0.7336233740251396,0.5582796852559246,0.7336233740251396,0.5582796852559246,1.0,1,0.4990514095330453,58
4823,3,7261,7261,0,0,0,0,0.7328792121294255,0.5315174580626574,0.7328792121294255,0.5315174580626574,1.0,1,0.5090125768511046,57
4824,1,7262,7262,0,0,0,0,0.7281091980603082,0.5315174580626574,0.7281091980603082,0.5315174580626574,1.0,1,0.5247506415835683,56
4825,2,7264,7264,0,0,0,0,0.7134301305428963,0.5032868837224213,0.7134301305428963,0.5032868837224213,1.0,1,0.5184072957052384,57
4826,0,7264,7264,0,0,0,0,0.7134301305428963,0.5032868837224213,0.7134301305428963,0.5032868837224213,1.0,1,0.5184072957052384,57
4827,2,7266,7266,0,0,0,0,0.7080355335924621,0.5107457331602118,0.7080355335924621,0.5107457331602118,1.0,1,0.5247988328570226,56
4828,4,7270,7270,0,0,0,0,0.7213182470126763,0.4605305513844773,0.7213182470126763,0.4605305513844773,1.0,1,0.4972772208689233,57
4829,1,7271,7271,0,0,0,0,0.7338153866948182,0.48048746622864746,0.7338153866948182,0.48048746622864746,1.0,1,0.49276250391098386,56
4830,0,7271,7271,0,0,0,0,0.7384852921914002,0.48048746622864746,0.7384852921914002,0.48048746622864746,1.0,1,0.4828281661946508,57
4831,1,7272,7272,0,0,0,0,0.7374776708789089,0.5061530090596781,0.7374776708789089,0.5061530090596781,1.0,1,0.4821467469082283,57
4832,1,7273,7273,0,0,0,0,0.745244854130175,0.529072646365753,0.745244854130175,0.529072646365753,1.0,1,0.4954545227867119,55
4833,1,7274,7274,0,0,0,0,0.7452448541301752,0.529072646365753,0.7452448541301752,0.529072646365753,1.0,1,0.5018696082457963,55
4834,2,7276,7276,0,0,0,0,0.7306745634760284,0.5480756887492164,0.7306745634760284,0.5480756887492164,1.0,1,0.5102874235106503,55
4835,0,7276,7276,0,0,0,0,0.7306745634760287,0.5480756887492164,0.7306745634760287,0.5480756887492164,1.0,1,0.5117922288966518,55
4836,2,7278,7278,0,0,0,0,0.7328291991297028,0.5001328726273329,0.7328291991297028,0.5001328726273329,1.0,1,0.5117922288966518,55
4837,1,7279,7279,0,0,0,0,0.743250469782849,0.5327329736820369,0.743250469782849,0.5327329736820369,1.0,1,0.5260898012814168,53
4838,2,7281,7281,0,0,0,0,0.7485301386021858,0.4904975516087863,0.7485301386021858,0.4904975516087863,1.0,1,0.518846848240447,54
4839,4,7285,7285,0,0,0,0,0.7348380673387496,0.555748294714017,0.7348380673387496,0.555748294714017,1.0,1,0.527221787655989,53
4840,0,7285,7285,0,0,0,0,0.748785157336531,0.5878752892587171,0.748785157336531,0.5878752892587171,1.0,1,0.527221787655989,52
4841,3,7288,7288,0,0,0,0,0.7366229543067374,0.5404957023766614,0.7366229543067374,0.5404957023766614,1.0,1,0.5384682543304925,51
4842,1,7289,7289,0,0,0,0,0.7272708150552354,0.5639601374527293,0.7272708150552354,0.5639601374527293,1.0,1,0.5545730889711168,50
4843,3,7292,7292,0,0,0,0,0.6989112378496931,0.5094769899779603,0.6989112378496931,0.5094769899779603,1.0,1,0.5718828108405116,51
4844,3,7295,7295,0,0,0,0,0.6992250865638625,0.48471099906867215,0.6992250865638625,0.48471099906867215,1.0,1,0.5777862792326834,50
4845,0,7295,7295,0,0,0,0,0.7145645102766731,0.5115668827902986,0.7145645102766731,0.5115668827902986,1.0,1,0.5777862792326834,49
4846,1,7296,7296,0,0,0,0,0.7136696186780338,0.5146342900425813,0.7136696186780338,0.5146342900425813,1.0,1,0.5777862792326834,49
4847,0,7296,7296,0,0,0,0,0.7274896015390101,0.5390723873421294,0.7274896015390101,0.5390723873421294,1.0,1,0.5777862792326834,48
4848,2,7298,7298,0,0,0,0,0.7033774774566757,0.5148005744239766,0.7033774774566757,0.5148005744239766,1.0,1,0.5898633984546672,48
4849,2,7300,7300,0,0,0,0,0.7399100304073678,0.5519542539727438,0.7399100304073678,0.5519542539727438,1.0,1,0.5668373701171499,48
4850,0,7300,7300,0,0,0,0,0.7301035194162302,0.5519542539727438,0.7301035194162302,0.5519542539727438,1.0,1,0.5668373701171499,49
4851,0,7300,7300,0,0,0,0,0.7489605359158457,0.5799511988229733,0.7489605359158457,0.5799511988229733,1.0,1,0.551817788431289,49
4852,0,7300,7300,0,0,0,0,0.7294063723142836,0.5500564646396668,0.7294063723142836,0.5500564646396668,1.0,1,0.570883786059877,49
4853,0,7300,7300,0,0,0,0,0.734818244867998,0.5500564646396668,0.734818244867998,0.5500564646396668,1.0,1,0.5648813047926641,50
4854,1,7301,7301,0,0,0,0,0.7231173442140925,0.5319051083519534,0.7231173442140925,0.5319051083519534,1.0,1,0.5648813047926641,51
4855,0,7301,7301,0,0,0,0,0.7231173442140925,0.5319051083519534,0.7231173442140925,0.5319051083519534,1.0,1,0.5648813047926641,51
4856,2,7303,7303,0,0,0,0,0.7563925358158551,0.5319051083519534,0.7563925358158551,0.5319051083519534,1.0,1,0.5536988535869447,50
4857,0,7303,7303,0,0,0,0,0.7611691527606422,0.5319051083519534,0.7611691527606422,0.5319051083519534,1.0,1,0.545895066854832,51
4858,2,7305,7305,0,0,0,0,0.8240755057175199,0.5319051083519534,0.8240755057175199,0.5319051083519534,1.0,1,0.5093322084668966,51
4859,0,7305,7305,0,0,0,0,0.8072794049668711,0.502843766268545,0.8072794049668711,0.502843766268545,1.0,1,0.5093322084668966,52
4860,1,7306,7306,0,0,0,0,0.8072794049668711,0.502843766268545,0.8072794049668711,0.502843766268545,1.0,1,0.5095385419019075,52
4861,1,7307,7307,0,0,0,0,0.7921433993496757,0.475409531692039,0.7921433993496757,0.475409531692039,1.0,1,0.4898024883001413,53
4862,1,7308,7308,0,0,0,0,0.7921433993496758,0.475409531692039,0.7921433993496758,0.475409531692039,1.0,1,0.5023438479089879,53
4863,0,7308,7308,0,0,0,0,0.7839921601084865,0.475409531692039,0.7839921601084865,0.475409531692039,1.0,1,0.508588777127523,51
4864,2,7310,7310,0,0,0,0,0.7963684566315671,0.5111314999012743,0.7963684566315671,0.5111314999012743,1.0,1,0.5057274611797403,53
4865,1,7311,7311,0,0,0,0,0.7926673195598126,0.5388803923480727,0.7926673195598126,0.5388803923480727,1.0,1,0.5123024909944385,52
4866,2,7313,7313,0,0,0,0,0.7963530234881858,0.5748728183031421,0.7963530234881858,0.5748728183031421,1.0,1,0.5224608316844617,53
4867,1,7314,7314,0,0,0,0,0.8083505384552367,0.5748728183031421,0.8083505384552367,0.5748728183031421,1.0,1,0.534300958564521,51
4868,2,7316,7316,0,0,0,0,0.7611294262056797,0.5748728183031421,0.7611294262056797,0.5748728183031421,1.0,1,0.5414199981808366,53
4869,0,7316,7316,0,0,0,0,0.7611294262056797,0.5748728183031421,0.7611294262056797,0.5748728183031421,1.0,1,0.5414199981808366,53
4870,3,7319,7319,0,0,0,0,0.7752443502674772,0.5748728183031421,0.7752443502674772,0.5748728183031421,1.0,1,0.5110376220806896,55
4871,1,7320,7320,0,0,0,0,0.7613235015699636,0.5748728183031421,0.7613235015699636,0.5748728183031421,1.0,1,0.5168607658847945,55
4872,5,7325,7325,0,0,0,0,0.7515222865637338,0.5176390420883409,0.7515222865637338,0.5176390420883409,1.0,1,0.5147691985142758,56
4873,0,7325,7325,0,0,0,0,0.7515222865637338,0.5176390420883409,0.7515222865637338,0.5176390420883409,1.0,1,0.5147691985142758,56
4874,3,7328,7328,0,0,0,0,0.7280321789852154,0.46515813293208785,0.7280321789852154,0.46515813293208785,1.0,1,0.5147691985142758,58
4875,0,7328,7328,0,0,0,0,0.755527460500382,0.5158575165692414,0.755527460500382,0.5158575165692414,1.0,1,0.5177800572762388,56
4876,4,7332,7332,0,0,0,0,0.7477031340332038,0.48690971949204664,0.7477031340332038,0.48690971949204664,1.0,1,0.5230289663368572,56
4877,2,7334,7334,0,0,0,0,0.7231538324600797,0.4729107071053578,0.7231538324600797,0.4729107071053578,1.0,1,0.5534484326274665,54
4878,2,7336,7336,0,0,0,0,0.7062507376728825,0.4247332438517154,0.7062507376728825,0.4247332438517154,1.0,1,0.5569681327581587,54
4879,2,7338,7338,0,0,0,0,0.727328193726133,0.4949682199765973,0.727328193726133,0.4949682199765973,1.0,1,0.5497338544782553,54
4880,0,7338,7338,0,0,0,0,0.7651450617689733,0.5616472858975236,0.7651450617689733,0.5616472858975236,1.0,1,0.537570144038715,53
4881,3,7341,7341,0,0,0,0,0.7097775094268504,0.4576170441816621,0.7097775094268504,0.4576170441816621,1.0,1,0.5577919868414054,54
4882,1,7342,7342,0,0,0,0,0.7363258749275664,0.5234585831943318,0.7363258749275664,0.5234585831943318,1.0,1,0.5577919868414054,52
4883,1,7343,7343,0,0,0,0,0.7102251784066895,0.4787448091642918,0.7102251784066895,0.4787448091642918,1.0,1,0.5520357611889104,54
4884,1,7344,7344,0,0,0,0,0.7190210094940535,0.5033008886354269,0.7190210094940535,0.5033008886354269,1.0,1,0.5550750814003688,52
4885,1,7345,7345,0,0,0,0,0.7192355614845359,0.5172018953983101,0.7192355614845359,0.5172018953983101,1.0,1,0.5570984011789702,51
4886,0,7345,7345,0,0,0,0,0.7342868489850468,0.544728430845276,0.7342868489850468,0.544728430845276,1.0,1,0.5570984011789702,50
4887,0,7345,7345,0,0,0,0,0.7504539901289405,0.5764458781037506,0.7504539901289405,0.5764458781037506,1.0,1,0.5570984011789702,49
4888,1,7346,7346,0,0,0,0,0.7636177046088513,0.6345134432835192,0.7636177046088513,0.6345134432835192,1.0,1,0.5570984011789702,48
4889,0,7346,7346,0,0,0,0,0.7636177046088513,0.6345134432835192,0.7636177046088513,0.6345134432835192,1.0,1,0.5570984011789702,48
4890,0,7346,7346,0,0,0,0,0.7636177046088511,0.6345134432835192,0.7636177046088511,0.6345134432835192,1.0,1,0.5570984011789702,48
4891,2,7348,7348,0,0,0,0,0.7005035108820789,0.5228875373908418,0.7005035108820789,0.5228875373908418,1.0,1,0.5850114233002902,49
4892,0,7348,7348,0,0,0,0,0.6710178254085177,0.4911464462399449,0.6710178254085177,0.4911464462399449,1.0,1,0.5850114233002902,51
4893,0,7348,7348,0,0,0,0,0.6700194899731796,0.48872191732555226,0.6700194899731796,0.48872191732555226,1.0,1,0.5850114233002902,51
4894,1,7349,7349,0,0,0,0,0.6603964266233759,0.48872191732555226,0.6603964266233759,0.48872191732555226,1.0,1,0.5888383402854455,52
4895,0,7349,7349,0,0,0,0,0.6603964266233759,0.48872191732555226,0.6603964266233759,0.48872191732555226,1.0,1,0.5888383402854455,52
4896,3,7352,7352,0,0,0,0,0.6700194899731796,0.48872191732555226,0.6700194899731796,0.48872191732555226,1.0,1,0.5932453274356664,51
4897,0,7352,7352,0,0,0,0,0.676365269012157,0.48872191732555226,0.676365269012157,0.48872191732555226,1.0,1,0.5814237775178236,52
4898,4,7356,7356,0,0,0,0,0.6955726446471644,0.48872191732555226,0.6955726446471644,0.48872191732555226,1.0,1,0.5544892563374443,52
4899,0,7356,7356,0,0,0,0,0.7013165570123121,0.48872191732555226,0.7013165570123121,0.48872191732555226,1.0,1,0.5457628356405162,53
4900,3,7359,7359,0,0,0,0,0.7068477318824544,0.48872191732555226,0.7068477318824544,0.48872191732555226,1.0,1,0.5028644073230571,54
4901,3,7362,7362,0,0,0,0,0.7068477318824544,0.48872191732555226,0.7068477318824544,0.48872191732555226,1.0,1,0.5318629185236059,54
4902,1,7363,7363,0,0,0,0,0.7162568970390811,0.4717955827278653,0.7162568970390811,0.4717955827278653,1.0,1,0.5225353986476323,55
4903,1,7364,7364,0,0,0,0,0.681199795013759,0.4451619824451923,0.681199795013759,0.4451619824451923,1.0,1,0.5426848749402823,56
4904,0,7364,7364,0,0,0,0,0.6754034276503729,0.4451619824451923,0.6754034276503729,0.4451619824451923,1.0,1,0.5516496424217474,55
4905,1,7365,7365,0,0,0,0,0.6693923800142686,0.4451619824451923,0.6693923800142686,0.4451619824451923,1.0,1,0.5630173355963715,54
4906,1,7366,7366,0,0,0,0,0.6355163582136386,0.4273530678986666,0.6355163582136386,0.4273530678986666,1.0,1,0.574617046625494,54
4907,2,7368,7368,0,0,0,0,0.6727215980476664,0.4273530678986666,0.6727215980476664,0.4273530678986666,1.0,1,0.5670740964828754,54
4908,2,7370,7370,0,0,0,0,0.6817771802619312,0.45019908409038184,0.6817771802619312,0.45019908409038184,1.0,1,0.5670740964828754,53
4909,1,7371,7371,0,0,0,0,0.6879533212619451,0.45019908409038184,0.6879533212619451,0.45019908409038184,1.0,1,0.5586094168171203,54
4910,1,7372,7372,0,0,0,0,0.6729001529646271,0.43122149571247015,0.6729001529646271,0.43122149571247015,1.0,1,0.5586094168171203,55
4911,3,7375,7375,0,0,0,0,0.6669582598233748,0.4368202023861287,0.6669582598233748,0.4368202023861287,1.0,1,0.5523930558283097,57
4912,4,7379,7379,0,0,0,0,0.6489057816765653,0.3842744114495268,0.6489057816765653,0.3842744114495268,1.0,1,0.5666774900346407,57
4913,2,7381,7381,0,0,0,0,0.683971321236012,0.39017830521972924,0.683971321236012,0.39017830521972924,1.0,1,0.5497534379431211,56
4914,2,7383,7383,0,0,0,0,0.6768494705136152,0.37815703012663154,0.6768494705136152,0.37815703012663154,1.0,1,0.5367982133866196,56
4915,0,7383,7383,0,0,0,0,0.7004342119311424,0.41195676965132716,0.7004342119311424,0.41195676965132716,1.0,1,0.5297484801273626,56
4916,4,7387,7387,0,0,0,0,0.7076745558058065,0.45145502266281895,0.7076745558058065,0.45145502266281895,1.0,1,0.5387867353774992,54
4917,2,7389,7389,0,0,0,0,0.7197073676961792,0.4680428268822431,0.7197073676961792,0.4680428268822431,1.0,1,0.5390378060985731,53
4918,3,7392,7392,0,0,0,0,0.7372097888495409,0.5407943182441822,0.7372097888495409,0.5407943182441822,1.0,1,0.5287952191872014,52
4919,0,7392,7392,0,0,0,0,0.7612843014235504,0.5991060063589716,0.7612843014235504,0.5991060063589716,1.0,1,0.53750481439562,49
4920,0,7392,7392,0,0,0,0,0.7612843014235504,0.5991060063589716,0.7612843014235504,0.5991060063589716,1.0,1,0.53750481439562,49
4921,1,7393,7393,0,0,0,0,0.7023971745191068,0.5048017176506123,0.7023971745191068,0.5048017176506123,1.0,1,0.5696475150944699,50
4922,0,7393,7393,0,0,0,0,0.7023971745191068,0.5048017176506123,0.7023971745191068,0.5048017176506123,1.0,1,0.5696475150944699,50
4923,3,7396,7396,0,0,0,0,0.6928186132994115,0.4776156925580417,0.6928186132994115,0.4776156925580417,1.0,1,0.5810586030864484,52
4924,1,7397,7397,0,0,0,0,0.6592273987115042,0.45284307150253855,0.6592273987115042,0.45284307150253855,1.0,1,0.5933238357293963,53
4925,1,7398,7398,0,0,0,0,0.6726301429516951,0.4793589682340627,0.6726301429516951,0.4793589682340627,1.0,1,0.577689033598159,54
4926,0,7398,7398,0,0,0,0,0.6726301429516951,0.4793589682340627,0.6726301429516951,0.4793589682340627,1.0,1,0.577689033598159,54
4927,2,7400,7400,0,0,0,0,0.6344075957764461,0.4793589682340627,0.6344075957764461,0.4793589682340627,1.0,1,0.6048003203919042,54
4928,0,7400,7400,0,0,0,0,0.6344075957764461,0.4793589682340627,0.6344075957764461,0.4793589682340627,1.0,1,0.6048003203919042,54
4929,0,7400,7400,0,0,0,0,0.6410547303986925,0.4793589682340627,0.6410547303986925,0.4793589682340627,1.0,1,0.5893917192339058,55
4930,0,7400,7400,0,0,0,0,0.626953975733838,0.4600932141587501,0.626953975733838,0.4600932141587501,1.0,1,0.5777181582706685,58
4931,0,7400,7400,0,0,0,0,0.6269539757338379,0.4600932141587501,0.6269539757338379,0.4600932141587501,1.0,1,0.5777181582706685,58
4932,0,7400,7400,0,0,0,0,0.6148234813892752,0.4372249472939952,0.6148234813892752,0.4372249472939952,1.0,1,0.5777181582706685,59
4933,0,7400,7400,0,0,0,0,0.6148234813892752,0.4372249472939952,0.6148234813892752,0.4372249472939952,1.0,1,0.5777181582706685,59
4934,0,7400,7400,0,0,0,0,0.6148234813892752,0.4372249472939952,0.6148234813892752,0.4372249472939952,1.0,1,0.5777181582706685,59
4935,0,7400,7400,0,0,0,0,0.6148234813892752,0.4372249472939952,0.6148234813892752,0.4372249472939952,1.0,1,0.5777181582706685,59
4936,0,7400,7400,0,0,0,0,0.6148234813892752,0.4372249472939952,0.6148234813892752,0.4372249472939952,1.0,1,0.5777181582706685,59
4937,1,7401,7401,0,0,0,0,0.6249919171622006,0.4372249472939952,0.6249919171622006,0.4372249472939952,1.0,1,0.5568596961349331,61
4938,3,7404,7404,0,0,0,0,0.6433639728806769,0.42189052046572134,0.6433639728806769,0.42189052046572134,1.0,1,0.5230058599900919,62
4939,1,7405,7405,0,0,0,0,0.649690920959002,0.44215926904877817,0.649690920959002,0.44215926904877817,1.0,1,0.5144850039085866,63
4940,3,7408,7408,0,0,0,0,0.6816384990421533,0.418394895545359,0.6816384990421533,0.418394895545359,1.0,1,0.488677310300892,65
4941,2,7410,7410,0,0,0,0,0.6970367405987382,0.4354138233452522,0.6970367405987382,0.4354138233452522,1.0,1,0.47599081510183455,65
4942,3,7413,7413,0,0,0,0,0.6847832955791697,0.41383117285126775,0.6847832955791697,0.41383117285126775,1.0,1,0.4794576733997712,67
4943,4,7417,7417,0,0,0,0,0.6651810157231344,0.4345128617830487,0.6651810157231344,0.4345128617830487,1.0,1,0.4913207788428437,66
4944,0,7417,7417,0,0,0,0,0.6763296658925766,0.4345128617830487,0.6763296658925766,0.4345128617830487,1.0,1,0.5050455654005666,63
4945,3,7420,7420,0,0,0,0,0.7030435917369142,0.44655048793917235,0.7030435917369142,0.44655048793917235,1.0,1,0.50147265920971,61
4946,0,7420,7420,0,0,0,0,0.6980943182658628,0.44655048793917235,0.6980943182658628,0.44655048793917235,1.0,1,0.5149718998758142,60
4947,4,7424,7424,0,0,0,0,0.6969303281777438,0.48486891700624335,0.6969303281777438,0.48486891700624335,1.0,1,0.5245122046739358,58
4948,3,7427,7427,0,0,0,0,0.6481500430928824,0.44208184596310307,0.6481500430928824,0.44208184596310307,1.0,1,0.5705565282771918,57
4949,2,7429,7429,0,0,0,0,0.6880352730896969,0.44208184596310307,0.6880352730896969,0.44208184596310307,1.0,1,0.5440501840377922,56
4950,4,7433,7433,0,0,0,0,0.6426355492019529,0.3949282103322943,0.6426355492019529,0.3949282103322943,1.0,1,0.5488653892261545,57
4951,1,7434,7434,0,0,0,0,0.6663910387377169,0.4287255956126155,0.6663910387377169,0.4287255956126155,1.0,1,0.5440036498819928,55
4952,6,7440,7440,0,0,0,0,0.5958634727250758,0.3717999344288397,0.5958634727250758,0.3717999344288397,1.0,1,0.5976566586635751,55
4953,3,7443,7443,0,0,0,0,0.6377661351308277,0.3838797891871154,0.6377661351308277,0.3838797891871154,1.0,1,0.5796059647771877,54
4954,0,7443,7443,0,0,0,0,0.6377661351308277,0.3838797891871154,0.6377661351308277,0.3838797891871154,1.0,1,0.5817748267651841,54
4955,0,7443,7443,0,0,0,0,0.6628194777683869,0.41567983419774157,0.6628194777683869,0.41567983419774157,1.0,1,0.5817748267651841,52
4956,0,7443,7443,0,0,0,0,0.6628194777683869,0.41567983419774157,0.6628194777683869,0.41567983419774157,1.0,1,0.5817748267651841,52
4957,0,7443,7443,0,0,0,0,0.6651365709668772,0.4314840714389998,0.6651365709668772,0.4314840714389998,1.0,1,0.5753347709151125,53
4958,1,7444,7444,0,0,0,0,0.6586968896393172,0.4314840714389998,0.6586968896393172,0.4314840714389998,1.0,1,0.5937550432552259,52
4959,1,7445,7445,0,0,0,0,0.6300070363703552,0.4093495323271846,0.6300070363703552,0.4093495323271846,1.0,1,0.6248521361891292,51
4960,0,7445,7445,0,0,0,0,0.6271829138749618,0.39784899571786453,0.6271829138749618,0.39784899571786453,1.0,1,0.6151226225397142,53
4961,3,7448,7448,0,0,0,0,0.6648917868184363,0.39784899571786453,0.6648917868184363,0.39784899571786453,1.0,1,0.6049960570754652,53
4962,0,7448,7448,0,0,0,0,0.6460920531536503,0.3861416835802663,0.6460920531536503,0.3861416835802663,1.0,1,0.6049960570754652,55
4963,1,7449,7449,0,0,0,0,0.6614825514255485,0.40577736229409384,0.6614825514255485,0.40577736229409384,1.0,1,0.6049960570754652,54
4964,1,7450,7450,0,0,0,0,0.660045654326956,0.4255961649368609,0.660045654326956,0.4255961649368609,1.0,1,0.6049960570754652,54
4965,2,7452,7452,0,0,0,0,0.6619480834770046,0.44141662344623017,0.6619480834770046,0.44141662344623017,1.0,1,0.6049960570754652,54
4966,1,7453,7453,0,0,0,0,0.6638321982800937,0.45577694423465104,0.6638321982800937,0.45577694423465104,1.0,1,0.6049960570754652,54
4967,3,7456,7456,0,0,0,0,0.6877574503994666,0.4782443755320536,0.6877574503994666,0.4782443755320536,1.0,1,0.5782916519015134,55
4968,1,7457,7457,0,0,0,0,0.6890512145189326,0.49448377169645963,0.6890512145189326,0.49448377169645963,1.0,1,0.5782916519015134,55
4969,2,7459,7459,0,0,0,0,0.7014010243852626,0.49706928896461794,0.7014010243852626,0.49706928896461794,1.0,1,0.5523073144553305,57
4970,1,7460,7460,0,0,0,0,0.6975580201560972,0.5178473309487736,0.6975580201560972,0.5178473309487736,1.0,1,0.5660462491952931,56
4971,2,7462,7462,0,0,0,0,0.6983735124434531,0.5152289087220029,0.6983735124434531,0.5152289087220029,1.0,1,0.5522180739360558,57
4972,2,7464,7464,0,0,0,0,0.6794788234493587,0.5846039978261475,0.6794788234493587,0.5846039978261475,1.0,1,0.5683671146448233,57
4973,2,7466,7466,0,0,0,0,0.6982318817962011,0.5452101613583472,0.6982318817962011,0.5452101613583472,1.0,1,0.5325813743708199,60
4974,2,7468,7468,0,0,0,0,0.7080635946260084,0.5537364715896501,0.7080635946260084,0.5537364715896501,1.0,1,0.5452843732784451,58
4975,0,7468,7468,0,0,0,0,0.6972629620748958,0.5537364715896501,0.6972629620748958,0.5537364715896501,1.0,1,0.5452843732784451,59
4976,1,7469,7469,0,0,0,0,0.6799453990519848,0.5537364715896501,0.6799453990519848,0.5537364715896501,1.0,1,0.5525915024323744,59
4977,5,7474,7474,0,0,0,0,0.6147681003190574,0.5321068359922626,0.6147681003190574,0.5321068359922626,1.0,1,0.5965240855181391,59
4978,4,7478,7478,0,0,0,0,0.6376386307318075,0.50374361066751,0.6376386307318075,0.50374361066751,1.0,1,0.5719506543158297,59
4979,0,7478,7478,0,0,0,0,0.634649318916528,0.50374361066751,0.634649318916528,0.50374361066751,1.0,1,0.555963660437326,61
4980,3,7481,7481,0,0,0,0,0.6387426236286349,0.4777660929291875,0.6387426236286349,0.4777660929291875,1.0,1,0.5408088228969589,62
4981,2,7483,7483,0,0,0,0,0.6392028774810811,0.46068469762986286,0.6392028774810811,0.46068469762986286,1.0,1,0.5373149821249898,62
4982,3,7486,7486,0,0,0,0,0.6620478055929256,0.4864861787755027,0.6620478055929256,0.4864861787755027,1.0,1,0.5207906635463971,63
4983,2,7488,7488,0,0,0,0,0.6917843460361076,0.4864861787755027,0.6917843460361076,0.4864861787755027,1.0,1,0.49790336873414903,63
4984,1,7489,7489,0,0,0,0,0.7009887786022315,0.4864861787755027,0.7009887786022315,0.4864861787755027,1.0,1,0.51258217751878,61
4985,2,7491,7491,0,0,0,0,0.7143854469485148,0.4864861787755027,0.7143854469485148,0.4864861787755027,1.0,1,0.5130186963668371,59
4986,4,7495,7495,0,0,0,0,0.7148645564769446,0.5245631418781858,0.7148645564769446,0.5245631418781858,1.0,1,0.4997898825604179,62
4987,2,7497,7497,0,0,0,0,0.7200352463331255,0.5245631418781858,0.7200352463331255,0.5245631418781858,1.0,1,0.5148010075720487,60
4988,3,7500,7500,0,0,0,0,0.7064582941517514,0.4772969136606587,0.7064582941517514,0.4772969136606587,1.0,1,0.5231772007307276,59
4989,2,7502,7502,0,0,0,0,0.7367740507484276,0.48785770766608005,0.7367740507484276,0.48785770766608005,1.0,1,0.5051515395143333,57
4990,1,7503,7503,0,0,0,0,0.7227108788604699,0.4618382058316906,0.7227108788604699,0.4618382058316906,1.0,1,0.5281218700707839,55
4991,4,7507,7507,0,0,0,0,0.7031415198045926,0.4656324988456544,0.7031415198045926,0.4656324988456544,1.0,1,0.535531863567199,54
4992,4,7511,7511,0,0,0,0,0.6937443038185663,0.4512326678770378,0.6937443038185663,0.4512326678770378,1.0,1,0.5452722075131062,52
4993,0,7511,7511,0,0,0,0,0.7092001127185107,0.4760387868750206,0.7092001127185107,0.4760387868750206,1.0,1,0.5452722075131062,51
4994,3,7514,7514,0,0,0,0,0.7446041032339414,0.5351083667577504,0.7446041032339414,0.5351083667577504,1.0,1,0.5458434899675483,49
4995,0,7514,7514,0,0,0,0,0.7392833553846486,0.5351083667577504,0.7392833553846486,0.5351083667577504,1.0,1,0.5580732200827223,48
4996,4,7518,7518,0,0,0,0,0.7438454970577694,0.5663266402896887,0.7438454970577694,0.5663266402896887,1.0,1,0.5593325099629972,48
4997,2,7520,7520,0,0,0,0,0.7352443992147646,0.5066745829498376,0.7352443992147646,0.5066745829498376,1.0,1,0.5801978933044541,46
4998,1,7521,7521,0,0,0,0,0.7463868699417647,0.48190110626488725,0.7463868699417647,0.48190110626488725,1.0,1,0.5605227149250923,48
4999,2,7523,7523,0,0,0,0,0.7240873411246684,0.44817468224933704,0.7240873411246684,0.44817468224933704,1.0,1,0.5602854531714979,48
5000,1,7524,7524,0,0,0,0,0.7449516982957346,0.4788143399956315,0.7449516982957346,0.4788143399956315,1.0,1,0.5469720368760694,47
5001,0,7524,7524,0,0,0,0,0.754563180100034,0.4979701411137059,0.754563180100034,0.4979701411137059,1.0,1,0.559350917695413,45
5002,3,7527,7527,0,0,0,0,0.7599260840469519,0.49802726664362684,0.7599260840469519,0.49802726664362684,1.0,1,0.5701906931741222,46
5003,1,7528,7528,0,0,0,0,0.7599260840469519,0.49802726664362684,0.7599260840469519,0.49802726664362684,1.0,1,0.5497817845647883,46
5004,0,7528,7528,0,0,0,0,0.7599260840469519,0.49802726664362684,0.7599260840469519,0.49802726664362684,1.0,1,0.5497817845647883,46
5005,0,7528,7528,0,0,0,0,0.7545911081368842,0.49802726664362684,0.7545911081368842,0.49802726664362684,1.0,1,0.5711040471105232,45
5006,0,7528,7528,0,0,0,0,0.7545911081368842,0.49802726664362684,0.7545911081368842,0.49802726664362684,1.0,1,0.5874454052599208,45
5007,1,7529,7529,0,0,0,0,0.7599260840469519,0.49802726664362684,0.7599260840469519,0.49802726664362684,1.0,1,0.5786441387885057,46
5008,0,7529,7529,0,0,0,0,0.7515972190720603,0.47079407541438956,0.7515972190720603,0.47079407541438956,1.0,1,0.569823460301199,49
5009,0,7529,7529,0,0,0,0,0.7515972190720603,0.47079407541438956,0.7515972190720603,0.47079407541438956,1.0,1,0.5762482378593293,49
5010,0,7529,7529,0,0,0,0,0.751937642224343,0.47079407541438956,0.751937642224343,0.47079407541438956,1.0,1,0.578578499095471,50
5011,0,7529,7529,0,0,0,0,0.7379370932020302,0.4527572240257233,0.7379370932020302,0.4527572240257233,1.0,1,0.578578499095471,51
5012,0,7529,7529,0,0,0,0,0.7262977388419263,0.4527572240257233,0.7262977388419263,0.4527572240257233,1.0,1,0.578578499095471,52
5013,1,7530,7530,0,0,0,0,0.7099978978765207,0.4527572240257233,0.7099978978765207,0.4527572240257233,1.0,1,0.5832227928025954,52
5014,0,7530,7530,0,0,0,0,0.7154696356524354,0.4527572240257233,0.7154696356524354,0.4527572240257233,1.0,1,0.5800768091303774,53
5015,1,7531,7531,0,0,0,0,0.6801554931837094,0.43299706517273084,0.6801554931837094,0.43299706517273084,1.0,1,0.5976642975939641,54
5016,1,7532,7532,0,0,0,0,0.6687217971962426,0.4183164939688964,0.6687217971962426,0.4183164939688964,1.0,1,0.5979298879281882,55
5017,0,7532,7532,0,0,0,0,0.6687217971962425,0.4183164939688964,0.6687217971962425,0.4183164939688964,1.0,1,0.5979298879281882,55
5018,6,7538,7538,0,0,0,0,0.6961398563089736,0.4587777765915496,0.6961398563089736,0.4587777765915496,1.0,1,0.5756575131242581,56
5019,0,7538,7538,0,0,0,0,0.6961398563089736,0.4587777765915496,0.6961398563089736,0.4587777765915496,1.0,1,0.5756575131242581,56
5020,3,7541,7541,0,0,0,0,0.6860119122429543,0.4587777765915496,0.6860119122429543,0.4587777765915496,1.0,1,0.5709101466163262,55
5021,1,7542,7542,0,0,0,0,0.6745410355415647,0.44217237820649336,0.6745410355415647,0.44217237820649336,1.0,1,0.5662217340798926,56
5022,1,7543,7543,0,0,0,0,0.6608393369398329,0.44217237820649336,0.6608393369398329,0.44217237820649336,1.0,1,0.5775685099332845,56
5023,2,7545,7545,0,0,0,0,0.6887179474524195,0.45802994257974927,0.6887179474524195,0.45802994257974927,1.0,1,0.5648222334564406,55
5024,4,7549,7549,0,0,0,0,0.6526072403033998,0.4250986682057524,0.6526072403033998,0.4250986682057524,1.0,1,0.5717143193777295,55
5025,1,7550,7550,0,0,0,0,0.6572628329704884,0.4250986682057524,0.6572628329704884,0.4250986682057524,1.0,1,0.575715629001621,53
5026,5,7555,7555,0,0,0,0,0.6760756030003416,0.46502626413603176,0.6760756030003416,0.46502626413603176,1.0,1,0.580814455125752,52
5027,1,7556,7556,0,0,0,0,0.6676973201535651,0.4638736724882881,0.6676973201535651,0.4638736724882881,1.0,1,0.6037963891501225,51
5028,5,7561,7561,0,0,0,0,0.6755184774737373,0.493715448166747,0.6755184774737373,0.493715448166747,1.0,1,0.6086308859132193,51
5029,3,7564,7564,0,0,0,0,0.666939014539014,0.5132267820730749,0.666939014539014,0.5132267820730749,1.0,1,0.628170240269568,50
5030,2,7566,7566,0,0,0,0,0.7238438268456617,0.5708108662145794,0.7238438268456617,0.5708108662145794,1.0,1,0.5942559669547696,49
5031,2,7568,7568,0,0,0,0,0.685588650494373,0.5708108662145794,0.685588650494373,0.5708108662145794,1.0,1,0.6101025979825374,49
5032,4,7572,7572,0,0,0,0,0.7405147277633762,0.6285130122265743,0.7405147277633762,0.6285130122265743,1.0,1,0.5727100556395159,48
5033,1,7573,7573,0,0,0,0,0.7146667281018508,0.597812573079643,0.7146667281018508,0.597812573079643,1.0,1,0.5766662217222579,50
5034,1,7574,7574,0,0,0,0,0.7651412091360958,0.6386114743208213,0.7651412091360958,0.6386114743208213,1.0,1,0.5691395864652539,49
5035,1,7575,7575,0,0,0,0,0.7475415138241949,0.6334079774756727,0.7475415138241949,0.6334079774756727,1.0,1,0.579591174950429,49
5036,1,7576,7576,0,0,0,0,0.7614320763743129,0.6386114743208213,0.7614320763743129,0.6386114743208213,1.0,1,0.5956253865515867,47
5037,1,7577,7577,0,0,0,0,0.7347564283911395,0.5977950933649155,0.7347564283911395,0.5977950933649155,1.0,1,0.617736122906672,47
5038,0,7577,7577,0,0,0,0,0.7345483786492152,0.5714235806007192,0.7345483786492152,0.5714235806007192,1.0,1,0.617736122906672,47
5039,0,7577,7577,0,0,0,0,0.7206294774697438,0.5714235806007192,0.7206294774697438,0.5714235806007192,1.0,1,0.617736122906672,48
5040,0,7577,7577,0,0,0,0,0.7206294774697436,0.5714235806007192,0.7206294774697436,0.5714235806007192,1.0,1,0.617736122906672,48
5041,1,7578,7578,0,0,0,0,0.7206294774697438,0.5714235806007192,0.7206294774697438,0.5714235806007192,1.0,1,0.608409286088153,48
5042,0,7578,7578,0,0,0,0,0.7148419493701834,0.5714235806007192,0.7148419493701834,0.5714235806007192,1.0,1,0.5982043051865695,50
5043,1,7579,7579,0,0,0,0,0.7204332836962583,0.5714235806007192,0.7204332836962583,0.5714235806007192,1.0,1,0.5854867240760938,51
5044,1,7580,7580,0,0,0,0,0.7017875908376904,0.5465495845822578,0.7017875908376904,0.5465495845822578,1.0,1,0.5958356569844444,51
5045,0,7580,7580,0,0,0,0,0.6879382193307735,0.5465495845822578,0.6879382193307735,0.5465495845822578,1.0,1,0.5958356569844444,52
5046,1,7581,7581,0,0,0,0,0.6824323569887457,0.5480382894025349,0.6824323569887457,0.5480382894025349,1.0,1,0.6079588330461254,51
5047,2,7583,7583,0,0,0,0,0.6824323569887459,0.5480382894025349,0.6824323569887459,0.5480382894025349,1.0,1,0.5995023477827842,51
5048,2,7585,7585,0,0,0,0,0.6694943223920937,0.5235663016098214,0.6694943223920937,0.5235663016098214,1.0,1,0.5893647014146611,52
5049,0,7585,7585,0,0,0,0,0.6448381134192663,0.4969563965883442,0.6448381134192663,0.4969563965883442,1.0,1,0.5893647014146611,54
5050,0,7585,7585,0,0,0,0,0.6190706354403213,0.4510677832619807,0.6190706354403213,0.4510677832619807,1.0,1,0.5858385247578775,56
5051,0,7585,7585,0,0,0,0,0.6121446469937816,0.4510677832619807,0.6121446469937816,0.4510677832619807,1.0,1,0.5967200359165733,55
5052,1,7586,7586,0,0,0,0,0.6121446469937816,0.4510677832619807,0.6121446469937816,0.4510677832619807,1.0,1,0.602164052007407,55
5053,0,7586,7586,0,0,0,0,0.6121446469937816,0.4510677832619807,0.6121446469937816,0.4510677832619807,1.0,1,0.602164052007407,55
5054,1,7587,7587,0,0,0,0,0.6121446469937815,0.4510677832619807,0.6121446469937815,0.4510677832619807,1.0,1,0.5967246040722002,55
5055,0,7587,7587,0,0,0,0,0.5953694404690905,0.4510677832619807,0.5953694404690905,0.4510677832619807,1.0,1,0.6117103279802414,55
5056,0,7587,7587,0,0,0,0,0.5837875865938184,0.43167231557705255,0.5837875865938184,0.43167231557705255,1.0,1,0.6117103279802414,56
5057,0,7587,7587,0,0,0,0,0.5828947548535485,0.41997300508353147,0.5828947548535485,0.41997300508353147,1.0,1,0.6075043492309395,58
5058,5,7592,7592,0,0,0,0,0.6292660095308987,0.41997300508353147,0.6292660095308987,0.41997300508353147,1.0,1,0.5401448938064688,59
5059,3,7595,7595,0,0,0,0,0.6479249436901061,0.41997300508353147,0.6479249436901061,0.41997300508353147,1.0,1,0.5222450953306956,59
5060,3,7598,7598,0,0,0,0,0.6649227704108501,0.41997300508353147,0.6649227704108501,0.41997300508353147,1.0,1,0.5244817452326759,59
5061,1,7599,7599,0,0,0,0,0.6710256487680483,0.41997300508353147,0.6710256487680483,0.41997300508353147,1.0,1,0.5317681762924009,59
5062,6,7605,7605,0,0,0,0,0.6295256781590398,0.3996362275603514,0.6295256781590398,0.3996362275603514,1.0,1,0.5694956969441759,59
5063,3,7608,7608,0,0,0,0,0.6231227095788644,0.3996362275603514,0.6231227095788644,0.3996362275603514,1.0,1,0.5938032744815439,59
5064,2,7610,7610,0,0,0,0,0.6443783516620323,0.3972444823629612,0.6443783516620323,0.3972444823629612,1.0,1,0.6091394813493293,57
5065,1,7611,7611,0,0,0,0,0.6563944045222795,0.417332447067393,0.6563944045222795,0.417332447067393,1.0,1,0.6032161707900413,55
5066,2,7613,7613,0,0,0,0,0.6579452281196376,0.37880109673606327,0.6579452281196376,0.37880109673606327,1.0,1,0.6032161707900413,55
5067,2,7615,7615,0,0,0,0,0.6467530691024601,0.36415552438442805,0.6467530691024601,0.36415552438442805,1.0,1,0.5899561160757549,54
5068,0,7615,7615,0,0,0,0,0.6505169836308385,0.37093057053550954,0.6505169836308385,0.37093057053550954,1.0,1,0.5899561160757549,54
5069,3,7618,7618,0,0,0,0,0.6516731683476428,0.37301170302575704,0.6516731683476428,0.37301170302575704,1.0,1,0.5907761057331804,54
5070,3,7621,7621,0,0,0,0,0.6424507857094248,0.3802480285630031,0.6424507857094248,0.3802480285630031,1.0,1,0.5937522986297059,52
5071,1,7622,7622,0,0,0,0,0.6745268159769134,0.39394648492252876,0.6745268159769134,0.39394648492252876,1.0,1,0.5777963515360109,54
5072,0,7622,7622,0,0,0,0,0.7022183294896008,0.42649456049849066,0.7022183294896008,0.42649456049849066,1.0,1,0.5777963515360109,52
5073,0,7622,7622,0,0,0,0,0.7162096468123158,0.44333430720877337,0.7162096468123158,0.44333430720877337,1.0,1,0.5777963515360109,51
5074,0,7622,7622,0,0,0,0,0.7216671536043867,0.44333430720877337,0.7216671536043867,0.44333430720877337,1.0,1,0.563026527791376,52
5075,1,7623,7623,0,0,0,0,0.7269187167439266,0.44333430720877337,0.7269187167439266,0.44333430720877337,1.0,1,0.5537921419954429,53
5076,0,7623,7623,0,0,0,0,0.7269187167439265,0.44333430720877337,0.7269187167439265,0.44333430720877337,1.0,1,0.5537921419954429,53
5077,2,7625,7625,0,0,0,0,0.6861195947191157,0.39388611394036127,0.6861195947191157,0.39388611394036127,1.0,1,0.5625612844099331,56
5078,0,7625,7625,0,0,0,0,0.6804126782594633,0.39388611394036127,0.6804126782594633,0.39388611394036127,1.0,1,0.5770966699362826,55
5079,0,7625,7625,0,0,0,0,0.680346201868972,0.39388611394036127,0.680346201868972,0.39388611394036127,1.0,1,0.5792889189114643,56
5080,0,7625,7625,0,0,0,0,0.6859541632396917,0.39388611394036127,0.6859541632396917,0.39388611394036127,1.0,1,0.5702188097551395,57
5081,0,7625,7625,0,0,0,0,0.6746049974586298,0.3816799950736192,0.6746049974586298,0.3816799950736192,1.0,1,0.5702188097551395,58
5082,0,7625,7625,0,0,0,0,0.6746049974586298,0.3816799950736192,0.6746049974586298,0.3816799950736192,1.0,1,0.5702188097551395,58
5083,0,7625,7625,0,0,0,0,0.6670700673703722,0.3816799950736192,0.6670700673703722,0.3816799950736192,1.0,1,0.5702188097551395,59
5084,2,7627,7627,0,0,0,0,0.7038682321920818,0.3975250241149253,0.7038682321920818,0.3975250241149253,1.0,1,0.5568746103823105,59
5085,3,7630,7630,0,0,0,0,0.7197728710993532,0.41153955808874015,0.7197728710993532,0.41153955808874015,1.0,1,0.5489687293480439,60
5086,1,7631,7631,0,0,0,0,0.7390287777231955,0.42287002969031334,0.7390287777231955,0.42287002969031334,1.0,1,0.5312731004367296,61
5087,4,7635,7635,0,0,0,0,0.7126303395190772,0.4385629284874426,0.7126303395190772,0.4385629284874426,1.0,1,0.5324553901694766,62
5088,2,7637,7637,0,0,0,0,0.691140238758349,0.41853679684665973,0.691140238758349,0.41853679684665973,1.0,1,0.5367266665464568,64
5089,1,7638,7638,0,0,0,0,0.6765424544357101,0.41853679684665973,0.6765424544357101,0.41853679684665973,1.0,1,0.5434920793711687,64
5090,2,7640,7640,0,0,0,0,0.6770369323647341,0.44083267543735394,0.6770369323647341,0.44083267543735394,1.0,1,0.547043249683943,64
5091,2,7642,7642,0,0,0,0,0.6471795932874634,0.44083267543735394,0.6471795932874634,0.44083267543735394,1.0,1,0.561613744609708,64
5092,2,7644,7644,0,0,0,0,0.6357710772816941,0.45602836049839807,0.6357710772816941,0.45602836049839807,1.0,1,0.5705810300795566,64
5093,1,7645,7645,0,0,0,0,0.6506643794769642,0.45602836049839807,0.6506643794769642,0.45602836049839807,1.0,1,0.5629982804896184,64
5094,1,7646,7646,0,0,0,0,0.6558235914242252,0.47815206266573484,0.6558235914242252,0.47815206266573484,1.0,1,0.5472229110657844,65
5095,2,7648,7648,0,0,0,0,0.6496107227932857,0.49634270747292647,0.6496107227932857,0.49634270747292647,1.0,1,0.5472229110657844,66
5096,1,7649,7649,0,0,0,0,0.6384308525276815,0.49634270747292647,0.6384308525276815,0.49634270747292647,1.0,1,0.5577079676764818,66
5097,2,7651,7651,0,0,0,0,0.6297320226312175,0.5152226368308543,0.6297320226312175,0.5152226368308543,1.0,1,0.5577079676764818,67
5098,3,7654,7654,0,0,0,0,0.6613546370734489,0.5152226368308543,0.6613546370734489,0.5152226368308543,1.0,1,0.5339997066701473,67
5099,0,7654,7654,0,0,0,0,0.6435004513342962,0.49223477828539397,0.6435004513342962,0.49223477828539397,1.0,1,0.5257647778509573,70
5100,5,7659,7659,0,0,0,0,0.6782159222550683,0.4942511564651795,0.6782159222550683,0.4942511564651795,1.0,1,0.4972481997671698,71
5101,1,7660,7660,0,0,0,0,0.6993877037059915,0.4942511564651795,0.6993877037059915,0.4942511564651795,1.0,1,0.4740065011274472,72
5102,5,7665,7665,0,0,0,0,0.7110235054054022,0.44268933602967553,0.7110235054054022,0.44268933602967553,1.0,1,0.47198524077403714,72
5103,4,7669,7669,0,0,0,0,0.7505501013755473,0.46898014066817084,0.7505501013755473,0.46898014066817084,1.0,1,0.4475078500584472,70
5104,2,7671,7671,0,0,0,0,0.7698828609811101,0.47565639339797783,0.7698828609811101,0.47565639339797783,1.0,1,0.45067882073204835,67
5105,6,7677,7677,0,0,0,0,0.7653663012954102,0.4433768512645313,0.7653663012954102,0.4433768512645313,1.0,1,0.460020402769574,66
5106,2,7679,7679,0,0,0,0,0.7656810718265926,0.45431221267746347,0.7656810718265926,0.45431221267746347,1.0,1,0.4626561330851277,64
5107,5,7684,7684,0,0,0,0,0.7607724909752825,0.43873545959585536,0.7607724909752825,0.43873545959585536,1.0,1,0.48293702516450554,61
5108,2,7686,7686,0,0,0,0,0.7603718536212698,0.4536478262564952,0.7603718536212698,0.4536478262564952,1.0,1,0.5015655929528282,57
5109,4,7690,7690,0,0,0,0,0.7501785828013782,0.45039288216303197,0.7501785828013782,0.45039288216303197,1.0,1,0.541694426962423,55
5110,2,7692,7692,0,0,0,0,0.7436942196691633,0.4566317456986263,0.7436942196691633,0.4566317456986263,1.0,1,0.5570626666753432,53
5111,3,7695,7695,0,0,0,0,0.6963399687127445,0.4207296984178688,0.6963399687127445,0.4207296984178688,1.0,1,0.5985225265721552,52
5112,5,7700,7700,0,0,0,0,0.679427464884414,0.4046510062139117,0.679427464884414,0.4046510062139117,1.0,1,0.5976688920807167,52
5113,1,7701,7701,0,0,0,0,0.7165611656843395,0.44445988474130516,0.7165611656843395,0.44445988474130516,1.0,1,0.5914569626968406,49
5114,5,7706,7706,0,0,0,0,0.6463658133650181,0.46865338781255006,0.6463658133650181,0.46865338781255006,1.0,1,0.6178874535118172,49
5115,0,7706,7706,0,0,0,0,0.655097566537526,0.4791495498441984,0.655097566537526,0.4791495498441984,1.0,1,0.6178874535118172,48
5116,4,7710,7710,0,0,0,0,0.692099626075342,0.5840257532311278,0.692099626075342,0.5840257532311278,1.0,1,0.621325329993686,47
5117,0,7710,7710,0,0,0,0,0.6769569427184697,0.5530870068168449,0.6769569427184697,0.5530870068168449,1.0,1,0.621325329993686,48
5118,0,7710,7710,0,0,0,0,0.6835496581731949,0.5530870068168449,0.6835496581731949,0.5530870068168449,1.0,1,0.6063776108044083,49
5119,1,7711,7711,0,0,0,0,0.7055504953692368,0.5530870068168449,0.7055504953692368,0.5530870068168449,1.0,1,0.58650277320704,49
5120,2,7713,7713,0,0,0,0,0.7177040135930502,0.5862480529379566,0.7177040135930502,0.5862480529379566,1.0,1,0.5966864258113564,48
5121,0,7713,7713,0,0,0,0,0.7177040135930502,0.5862480529379566,0.7177040135930502,0.5862480529379566,1.0,1,0.5966864258113564,48
5122,0,7713,7713,0,0,0,0,0.7054302750536177,0.5862480529379566,0.7054302750536177,0.5862480529379566,1.0,1,0.6213354600985596,46
5123,2,7715,7715,0,0,0,0,0.70817129565224,0.5862480529379566,0.70817129565224,0.5862480529379566,1.0,1,0.6202535551226808,46
5124,1,7716,7716,0,0,0,0,0.7320118369972959,0.6092994302606133,0.7320118369972959,0.6092994302606133,1.0,1,0.599367444664061,47
5125,2,7718,7718,0,0,0,0,0.6937335001492498,0.5605172187432957,0.6937335001492498,0.5605172187432957,1.0,1,0.5907917596073509,49
5126,0,7718,7718,0,0,0,0,0.6937335001492498,0.5605172187432957,0.6937335001492498,0.5605172187432957,1.0,1,0.5907917596073509,49
5127,3,7721,7721,0,0,0,0,0.7030794773046852,0.576918835887502,0.7030794773046852,0.576918835887502,1.0,1,0.5837984422845519,51
5128,0,7721,7721,0,0,0,0,0.693616797780897,0.5461658545480267,0.693616797780897,0.5461658545480267,1.0,1,0.578877631702422,53
5129,2,7723,7723,0,0,0,0,0.7050404097593125,0.5528938037637016,0.7050404097593125,0.5528938037637016,1.0,1,0.564537178271141,55
5130,0,7723,7723,0,0,0,0,0.7050404097593125,0.5528938037637016,0.7050404097593125,0.5528938037637016,1.0,1,0.564537178271141,55
5131,1,7724,7724,0,0,0,0,0.7249577735334577,0.5782390051607305,0.7249577735334577,0.5782390051607305,1.0,1,0.5483856688966555,55
5132,0,7724,7724,0,0,0,0,0.7249577735334577,0.5782390051607305,0.7249577735334577,0.5782390051607305,1.0,1,0.5483856688966555,55
5133,1,7725,7725,0,0,0,0,0.747185541302082,0.5782390051607305,0.747185541302082,0.5782390051607305,1.0,1,0.5282027221256101,56
5134,0,7725,7725,0,0,0,0,0.7317867509431306,0.5550510438311512,0.7317867509431306,0.5550510438311512,1.0,1,0.5430111941657265,56
5135,2,7727,7727,0,0,0,0,0.7459568650508818,0.5550510438311512,0.7459568650508818,0.5550510438311512,1.0,1,0.532840027357071,56
5136,0,7727,7727,0,0,0,0,0.7413378989608977,0.5550510438311512,0.7413378989608977,0.5550510438311512,1.0,1,0.5450030658951703,55
5137,0,7727,7727,0,0,0,0,0.7416210052653881,0.5185224903423935,0.7416210052653881,0.5185224903423935,1.0,1,0.5450030658951703,55
5138,3,7730,7730,0,0,0,0,0.750777747746166,0.47523362542362474,0.750777747746166,0.47523362542362474,1.0,1,0.5414575680797376,54
5139,4,7734,7734,0,0,0,0,0.693965483360983,0.47523362542362474,0.693965483360983,0.47523362542362474,1.0,1,0.5646295355067322,54
5140,5,7739,7739,0,0,0,0,0.697741870111508,0.42828720261098274,0.697741870111508,0.42828720261098274,1.0,1,0.5368213646349025,54
5141,3,7742,7742,0,0,0,0,0.7268004258251626,0.4386101463434862,0.7268004258251626,0.4386101463434862,1.0,1,0.5327146567634987,53
5142,4,7746,7746,0,0,0,0,0.7079910610074801,0.42894774878520886,0.7079910610074801,0.42894774878520886,1.0,1,0.5205787869096491,55
5143,4,7750,7750,0,0,0,0,0.7412577549395374,0.4504834414684166,0.7412577549395374,0.4504834414684166,1.0,1,0.5199352317097796,54
5144,5,7755,7755,0,0,0,0,0.7817669839127233,0.48039758074457906,0.7817669839127233,0.48039758074457906,1.0,1,0.5129708578138865,50
5145,3,7758,7758,0,0,0,0,0.7515608496194613,0.4491131882866315,0.7515608496194613,0.4491131882866315,1.0,1,0.510029674517909,51
5146,4,7762,7762,0,0,0,0,0.8185776741791974,0.5416699137158669,0.8185776741791974,0.5416699137158669,1.0,1,0.5260878882010984,48
5147,0,7762,7762,0,0,0,0,0.8020524469543456,0.5150284950381472,0.8020524469543456,0.5150284950381472,1.0,1,0.5173731306142737,49
5148,2,7764,7764,0,0,0,0,0.8321499996226298,0.5617249990146449,0.8321499996226298,0.5617249990146449,1.0,1,0.5073474236688151,47
5149,1,7765,7765,0,0,0,0,0.828501086570948,0.5617249990146449,0.828501086570948,0.5617249990146449,1.0,1,0.5005083981960304,46
5150,3,7768,7768,0,0,0,0,0.828501086570948,0.5617249990146449,0.828501086570948,0.5617249990146449,1.0,1,0.47814581017444474,46
5151,0,7768,7768,0,0,0,0,0.824689999605858,0.5617249990146449,0.824689999605858,0.5617249990146449,1.0,1,0.4852515990673169,45
5152,6,7774,7774,0,0,0,0,0.7790792740490374,0.5029283666103344,0.7790792740490374,0.5029283666103344,1.0,1,0.5024857518067583,45
5153,1,7775,7775,0,0,0,0,0.7546488997878799,0.4742476424025998,0.7546488997878799,0.4742476424025998,1.0,1,0.4958135237697506,45
5154,2,7777,7777,0,0,0,0,0.75464889978788,0.4742476424025998,0.75464889978788,0.4742476424025998,1.0,1,0.5146703951147352,45
5155,1,7778,7778,0,0,0,0,0.7765230179077774,0.5083506393971103,0.7765230179077774,0.5083506393971103,1.0,1,0.5435976312246241,44
5156,1,7779,7779,0,0,0,0,0.7765230179077774,0.5083506393971103,0.7765230179077774,0.5083506393971103,1.0,1,0.5614845143077256,44
5157,0,7779,7779,0,0,0,0,0.7658812568557668,0.5083506393971103,0.7658812568557668,0.5083506393971103,1.0,1,0.5566016435408835,42
5158,0,7779,7779,0,0,0,0,0.7713258787893538,0.5083506393971103,0.7713258787893538,0.5083506393971103,1.0,1,0.5470668038116048,43
5159,0,7779,7779,0,0,0,0,0.7487570791913073,0.4855502097726768,0.7487570791913073,0.4855502097726768,1.0,1,0.5467781432329776,43
5160,0,7779,7779,0,0,0,0,0.7487570791913073,0.4855502097726768,0.7487570791913073,0.4855502097726768,1.0,1,0.5467781432329776,43
5161,0,7779,7779,0,0,0,0,0.7487570791913073,0.4855502097726768,0.7487570791913073,0.4855502097726768,1.0,1,0.5467781432329776,43
5162,0,7779,7779,0,0,0,0,0.7544671455733231,0.4855502097726768,0.7544671455733231,0.4855502097726768,1.0,1,0.5465220719838247,44
5163,0,7779,7779,0,0,0,0,0.7454184316527173,0.46769308436477247,0.7454184316527173,0.46769308436477247,1.0,1,0.5494506893014193,46
5164,2,7781,7781,0,0,0,0,0.7454184316527173,0.46769308436477247,0.7454184316527173,0.46769308436477247,1.0,1,0.5531272624734145,46
5165,1,7782,7782,0,0,0,0,0.7454184316527173,0.46769308436477247,0.7454184316527173,0.46769308436477247,1.0,1,0.5585842339350799,46
5166,2,7784,7784,0,0,0,0,0.7206519643876557,0.442109011138511,0.7206519643876557,0.442109011138511,1.0,1,0.5781669558321338,47
5167,1,7785,7785,0,0,0,0,0.7420725906468632,0.4625125768349319,0.7420725906468632,0.4625125768349319,1.0,1,0.5741764294826632,47
5168,3,7788,7788,0,0,0,0,0.7562144475564904,0.5006096253220906,0.7562144475564904,0.5006096253220906,1.0,1,0.5846335030872806,47
5169,0,7788,7788,0,0,0,0,0.7562144475564903,0.5006096253220906,0.7562144475564903,0.5006096253220906,1.0,1,0.5846335030872806,47
5170,2,7790,7790,0,0,0,0,0.7595786739047147,0.5006096253220906,0.7595786739047147,0.5006096253220906,1.0,1,0.5787984742236901,48
5171,1,7791,7791,0,0,0,0,0.7415741834981975,0.5006096253220906,0.7415741834981975,0.5006096253220906,1.0,1,0.5924559832898579,48
5172,0,7791,7791,0,0,0,0,0.7468481797533363,0.5006096253220906,0.7468481797533363,0.5006096253220906,1.0,1,0.5708674765341031,49
5173,1,7792,7792,0,0,0,0,0.7476274553118721,0.5025188504405032,0.7476274553118721,0.5025188504405032,1.0,1,0.575058586285653,49
5174,1,7793,7793,0,0,0,0,0.743763000745141,0.5108880064212775,0.743763000745141,0.5108880064212775,1.0,1,0.5583916208885352,52
5175,1,7794,7794,0,0,0,0,0.745470206766656,0.5418912753468765,0.745470206766656,0.5418912753468765,1.0,1,0.5550406010927942,53
5176,2,7796,7796,0,0,0,0,0.7340868796001695,0.46375009620897684,0.7340868796001695,0.46375009620897684,1.0,1,0.5550406010927942,54
5177,5,7801,7801,0,0,0,0,0.6960800622293155,0.4578572472734884,0.6960800622293155,0.4578572472734884,1.0,1,0.5801669087068912,54
5178,4,7805,7805,0,0,0,0,0.7039914368617605,0.4190494729846186,0.7039914368617605,0.4190494729846186,1.0,1,0.5612720124746375,55
5179,0,7805,7805,0,0,0,0,0.7319961347217238,0.4606115211129715,0.7319961347217238,0.4606115211129715,1.0,1,0.5612720124746375,53
5180,2,7807,7807,0,0,0,0,0.7679200362202993,0.5062009635936919,0.7679200362202993,0.5062009635936919,1.0,1,0.5518338169906506,52
5181,1,7808,7808,0,0,0,0,0.8079227553739988,0.5385121665221573,0.8079227553739988,0.5385121665221573,1.0,1,0.5294911584490256,52
5182,1,7809,7809,0,0,0,0,0.8138484672742499,0.5385121665221573,0.8138484672742499,0.5385121665221573,1.0,1,0.5226184429840085,52
5183,5,7814,7814,0,0,0,0,0.7874309422989743,0.48994883766525116,0.7874309422989743,0.48994883766525116,1.0,1,0.5367818171254013,52
5184,1,7815,7815,0,0,0,0,0.7910940405434578,0.48994883766525116,0.7910940405434578,0.48994883766525116,1.0,1,0.5362082625606225,52
5185,4,7819,7819,0,0,0,0,0.7466219562041734,0.5064634572620234,0.7466219562041734,0.5064634572620234,1.0,1,0.5507493377985166,50
5186,2,7821,7821,0,0,0,0,0.7746982446085239,0.5265485093632507,0.7746982446085239,0.5265485093632507,1.0,1,0.5427357584150673,48
5187,3,7824,7824,0,0,0,0,0.7594125110255502,0.49415215471431145,0.7594125110255502,0.49415215471431145,1.0,1,0.5691830746489698,46
5188,0,7824,7824,0,0,0,0,0.7685559421557303,0.5130340598338684,0.7685559421557303,0.5130340598338684,1.0,1,0.573626521878269,44
5189,0,7824,7824,0,0,0,0,0.7662607348324283,0.544245174584482,0.7662607348324283,0.544245174584482,1.0,1,0.573626521878269,44
5190,1,7825,7825,0,0,0,0,0.767901666496875,0.5358295250967202,0.767901666496875,0.5358295250967202,1.0,1,0.5865345436023582,45
5191,0,7825,7825,0,0,0,0,0.7679016664968752,0.5358295250967202,0.7679016664968752,0.5358295250967202,1.0,1,0.5872620778444031,45
5192,1,7826,7826,0,0,0,0,0.745987892483389,0.509732057311541,0.745987892483389,0.509732057311541,1.0,1,0.5979959252670105,45
5193,0,7826,7826,0,0,0,0,0.745987892483389,0.509732057311541,0.745987892483389,0.509732057311541,1.0,1,0.5979959252670105,45
5194,0,7826,7826,0,0,0,0,0.7440773275626202,0.5054332862398109,0.7440773275626202,0.5054332862398109,1.0,1,0.5979959252670105,45
5195,3,7829,7829,0,0,0,0,0.7250712681016926,0.4751649674836272,0.7250712681016926,0.4751649674836272,1.0,1,0.6019692919425688,46
5196,0,7829,7829,0,0,0,0,0.7250712681016926,0.4751649674836272,0.7250712681016926,0.4751649674836272,1.0,1,0.6019692919425688,46
5197,2,7831,7831,0,0,0,0,0.7250712681016926,0.4751649674836272,0.7250712681016926,0.4751649674836272,1.0,1,0.6158596468770905,46
5198,0,7831,7831,0,0,0,0,0.7309208155888907,0.4751649674836272,0.7309208155888907,0.4751649674836272,1.0,1,0.6071246221373456,47
5199,1,7832,7832,0,0,0,0,0.7147731035721953,0.4751649674836272,0.7147731035721953,0.4751649674836272,1.0,1,0.603109314404103,49
5200,1,7833,7833,0,0,0,0,0.7008986485793736,0.4751649674836272,0.7008986485793736,0.4751649674836272,1.0,1,0.6150068821681343,49
5201,2,7835,7835,0,0,0,0,0.6685868639184984,0.4605241740805934,0.6685868639184984,0.4605241740805934,1.0,1,0.6266215071770169,50
5202,0,7835,7835,0,0,0,0,0.6622963119550126,0.44093899371777323,0.6622963119550126,0.44093899371777323,1.0,1,0.6037109466530284,52
5203,0,7835,7835,0,0,0,0,0.6622963119550126,0.44093899371777323,0.6622963119550126,0.44093899371777323,1.0,1,0.6037109466530284,52
5204,1,7836,7836,0,0,0,0,0.6763817563522514,0.4278134974702087,0.6763817563522514,0.4278134974702087,1.0,1,0.5744011867798626,54
5205,0,7836,7836,0,0,0,0,0.6763817563522514,0.4278134974702087,0.6763817563522514,0.4278134974702087,1.0,1,0.5744011867798626,54
5206,1,7837,7837,0,0,0,0,0.6651988493623996,0.41287933550724615,0.6651988493623996,0.41287933550724615,1.0,1,0.5744011867798626,55
5207,0,7837,7837,0,0,0,0,0.6589988280542959,0.41287933550724615,0.6589988280542959,0.41287933550724615,1.0,1,0.5898131742941815,54
5208,1,7838,7838,0,0,0,0,0.6583319742429745,0.41287933550724615,0.6583319742429745,0.41287933550724615,1.0,1,0.5898131742941815,54
5209,0,7838,7838,0,0,0,0,0.6583319742429745,0.41287933550724615,0.6583319742429745,0.41287933550724615,1.0,1,0.5898131742941815,54
5210,1,7839,7839,0,0,0,0,0.6579558129683989,0.41287933550724615,0.6579558129683989,0.41287933550724615,1.0,1,0.5899126012875044,54
5211,0,7839,7839,0,0,0,0,0.6350701122907817,0.4003305097975117,0.6350701122907817,0.4003305097975117,1.0,1,0.5898131742941815,56
5212,2,7841,7841,0,0,0,0,0.6557297881693156,0.4003305097975117,0.6557297881693156,0.4003305097975117,1.0,1,0.5685068400588345,57
5213,1,7842,7842,0,0,0,0,0.6430875625207717,0.4003305097975117,0.6430875625207717,0.4003305097975117,1.0,1,0.5708298500448254,57
5214,2,7844,7844,0,0,0,0,0.6517602632550895,0.3719891097469197,0.6517602632550895,0.3719891097469197,1.0,1,0.5577866042213333,58
5215,0,7844,7844,0,0,0,0,0.6456507941893893,0.3719891097469197,0.6456507941893893,0.3719891097469197,1.0,1,0.5703104610366855,57
5216,4,7848,7848,0,0,0,0,0.6684037668428017,0.3498608436859566,0.6684037668428017,0.3498608436859566,1.0,1,0.5528904382972871,57
5217,2,7850,7850,0,0,0,0,0.6971317667924878,0.3919421185832857,0.6971317667924878,0.3919421185832857,1.0,1,0.5363317142438268,56
5218,4,7854,7854,0,0,0,0,0.6652987375468218,0.38768507663603413,0.6652987375468218,0.38768507663603413,1.0,1,0.5322050572498307,56
5219,3,7857,7857,0,0,0,0,0.6958116474565832,0.43476029193632393,0.6958116474565832,0.43476029193632393,1.0,1,0.5516919612584744,54
5220,2,7859,7859,0,0,0,0,0.6918102191354522,0.4345065288410019,0.6918102191354522,0.4345065288410019,1.0,1,0.5667562513546365,53
5221,1,7860,7860,0,0,0,0,0.7032438787170758,0.448558470838918,0.7032438787170758,0.448558470838918,1.0,1,0.5521260135070237,52
5222,4,7864,7864,0,0,0,0,0.6937487117044022,0.4413376164642784,0.6937487117044022,0.4413376164642784,1.0,1,0.5331737357767067,52
5223,2,7866,7866,0,0,0,0,0.6758184507712891,0.42638916906483193,0.6758184507712891,0.42638916906483193,1.0,1,0.5370547353810735,52
5224,1,7867,7867,0,0,0,0,0.6758184507712891,0.42638916906483193,0.6758184507712891,0.42638916906483193,1.0,1,0.5291965895619425,52
5225,0,7867,7867,0,0,0,0,0.6826263946213683,0.4436870632325906,0.6826263946213683,0.4436870632325906,1.0,1,0.5448115559209981,50
5226,4,7871,7871,0,0,0,0,0.6887386609287418,0.4434517289116497,0.6887386609287418,0.4434517289116497,1.0,1,0.5674667682588005,51
5227,2,7873,7873,0,0,0,0,0.6979467694930439,0.4434517289116497,0.6979467694930439,0.4434517289116497,1.0,1,0.5843408311077773,49
5228,0,7873,7873,0,0,0,0,0.6916539938574825,0.4434517289116497,0.6916539938574825,0.4434517289116497,1.0,1,0.610753994108562,48
5229,1,7874,7874,0,0,0,0,0.7220464909293884,0.4434517289116497,0.7220464909293884,0.4434517289116497,1.0,1,0.5687912260138741,49
5230,0,7874,7874,0,0,0,0,0.7220464909293882,0.4434517289116497,0.7220464909293882,0.4434517289116497,1.0,1,0.5687912260138741,49
5231,1,7875,7875,0,0,0,0,0.7220464909293884,0.4434517289116497,0.7220464909293884,0.4434517289116497,1.0,1,0.5764768664941475,49
5232,2,7877,7877,0,0,0,0,0.7203671504893521,0.429548986998278,0.7203671504893521,0.429548986998278,1.0,1,0.5512806517627454,51
5233,4,7881,7881,0,0,0,0,0.6919390431823942,0.42452203716436315,0.6919390431823942,0.42452203716436315,1.0,1,0.579049386888524,51
5234,4,7885,7885,0,0,0,0,0.6844081729227115,0.43655777883310776,0.6844081729227115,0.43655777883310776,1.0,1,0.606111577114592,52
5235,1,7886,7886,0,0,0,0,0.6943634514509269,0.45298173569231737,0.6943634514509269,0.45298173569231737,1.0,1,0.6067425558634774,52
5236,0,7886,7886,0,0,0,0,0.6943634514509269,0.45298173569231737,0.6943634514509269,0.45298173569231737,1.0,1,0.6067425558634774,52
5237,3,7889,7889,0,0,0,0,0.6824688803022385,0.4628809401782731,0.6824688803022385,0.4628809401782731,1.0,1,0.605565220527075,53
5238,0,7889,7889,0,0,0,0,0.6824688803022385,0.4628809401782731,0.6824688803022385,0.4628809401782731,1.0,1,0.605565220527075,53
5239,2,7891,7891,0,0,0,0,0.6905358153163311,0.4628809401782731,0.6905358153163311,0.4628809401782731,1.0,1,0.5931678109590395,53
5240,1,7892,7892,0,0,0,0,0.6777600358743446,0.44252907006309555,0.6777600358743446,0.44252907006309555,1.0,1,0.5917519633408044,55
5241,1,7893,7893,0,0,0,0,0.7042538557326334,0.44252907006309555,0.7042538557326334,0.44252907006309555,1.0,1,0.5647073617980027,56
5242,1,7894,7894,0,0,0,0,0.7157297780661206,0.4620816736055345,0.7157297780661206,0.4620816736055345,1.0,1,0.5771405637596213,54
5243,1,7895,7895,0,0,0,0,0.7260420045211954,0.4485889730497585,0.7260420045211954,0.4485889730497585,1.0,1,0.5602675467257585,55
5244,1,7896,7896,0,0,0,0,0.711671856213519,0.46609666559720103,0.711671856213519,0.46609666559720103,1.0,1,0.5770502448687019,55
5245,3,7899,7899,0,0,0,0,0.7136638657264714,0.5227017282564642,0.7136638657264714,0.5227017282564642,1.0,1,0.5692038188341074,55
5246,0,7899,7899,0,0,0,0,0.7136638657264713,0.5227017282564642,0.7136638657264713,0.5227017282564642,1.0,1,0.5783686619131195,55
5247,1,7900,7900,0,0,0,0,0.7265114882949041,0.5504521874806578,0.7265114882949041,0.5504521874806578,1.0,1,0.5783686619131195,54
5248,1,7901,7901,0,0,0,0,0.7231356547889536,0.5753564114430267,0.7231356547889536,0.5753564114430267,1.0,1,0.5888347311537827,53
5249,3,7904,7904,0,0,0,0,0.7102274013025582,0.5753564114430267,0.7102274013025582,0.5753564114430267,1.0,1,0.5786171757256388,55
5250,3,7907,7907,0,0,0,0,0.672947880310509,0.5834198105174496,0.672947880310509,0.5834198105174496,1.0,1,0.5995899304015364,55
5251,1,7908,7908,0,0,0,0,0.6239915141850448,0.5458872364775279,0.6239915141850448,0.5458872364775279,1.0,1,0.613716783459953,57
5252,0,7908,7908,0,0,0,0,0.6304744191128888,0.5458872364775279,0.6304744191128888,0.5458872364775279,1.0,1,0.5998605539722976,58
5253,1,7909,7909,0,0,0,0,0.6022817555207314,0.536402782034385,0.6022817555207314,0.536402782034385,1.0,1,0.6155234730303599,59
5254,3,7912,7912,0,0,0,0,0.6198727294900234,0.4828794580154834,0.6198727294900234,0.4828794580154834,1.0,1,0.6037146850969577,59
5255,1,7913,7913,0,0,0,0,0.6266268583797284,0.4683412454174227,0.6266268583797284,0.4683412454174227,1.0,1,0.6037146850969577,58
5256,1,7914,7914,0,0,0,0,0.630548304551559,0.45415932446495666,0.630548304551559,0.45415932446495666,1.0,1,0.596867447294457,59
5257,1,7915,7915,0,0,0,0,0.6544077729835377,0.48389915549781226,0.6544077729835377,0.48389915549781226,1.0,1,0.579557331531964,58
5258,3,7918,7918,0,0,0,0,0.6586747662573942,0.4790793196800918,0.6586747662573942,0.4790793196800918,1.0,1,0.5558499445367985,56
5259,3,7921,7921,0,0,0,0,0.6236992232718517,0.46188995868923444,0.6236992232718517,0.46188995868923444,1.0,1,0.5535002399840182,56
5260,5,7926,7926,0,0,0,0,0.6904510892636496,0.46937136348832886,0.6904510892636496,0.46937136348832886,1.0,1,0.5174413542160731,55
5261,0,7926,7926,0,0,0,0,0.7087864449673504,0.47988413177603007,0.7087864449673504,0.47988413177603007,1.0,1,0.5174413542160731,54
5262,4,7930,7930,0,0,0,0,0.7436631083405929,0.47809150297564346,0.7436631083405929,0.47809150297564346,1.0,1,0.50788056326145,54
5263,3,7933,7933,0,0,0,0,0.7721677763198658,0.4904231628139923,0.7721677763198658,0.4904231628139923,1.0,1,0.5060634956967631,53
5264,3,7936,7936,0,0,0,0,0.7801825408217221,0.4904231628139923,0.7801825408217221,0.4904231628139923,1.0,1,0.5122021709994126,51
5265,4,7940,7940,0,0,0,0,0.7979757173400785,0.5189898031906632,0.7979757173400785,0.5189898031906632,1.0,1,0.5156395261952915,50
5266,3,7943,7943,0,0,0,0,0.8345096278908603,0.5732090403501133,0.8345096278908603,0.5732090403501133,1.0,1,0.5131727499062143,49
5267,2,7945,7945,0,0,0,0,0.8310619118052531,0.5732090403501133,0.8310619118052531,0.5732090403501133,1.0,1,0.5162427882667212,48
5268,3,7948,7948,0,0,0,0,0.8456674036525661,0.5970204428705893,0.8456674036525661,0.5970204428705893,1.0,1,0.4895050952304485,47
5269,1,7949,7949,0,0,0,0,0.8435917948443933,0.6089794871109828,0.8435917948443933,0.6089794871109828,1.0,1,0.5243080572391782,45
5270,2,7951,7951,0,0,0,0,0.842618545108645,0.6089794871109828,0.842618545108645,0.6089794871109828,1.0,1,0.5218581060175641,47
5271,3,7954,7954,0,0,0,0,0.8359553830425729,0.7129650396776408,0.8359553830425729,0.7129650396776408,1.0,1,0.5323416135791554,45
5272,2,7956,7956,0,0,0,0,0.8350908788700317,0.6687423908130185,0.8350908788700317,0.6687423908130185,1.0,1,0.5479993358778323,46
5273,2,7958,7958,0,0,0,0,0.8099147546406815,0.7071818721387398,0.8099147546406815,0.7071818721387398,1.0,1,0.5737360050862861,44
5274,0,7958,7958,0,0,0,0,0.8099147546406815,0.7071818721387398,0.8099147546406815,0.7071818721387398,1.0,1,0.5890087022218813,44
5275,3,7961,7961,0,0,0,0,0.820532374894334,0.6903489205325742,0.820532374894334,0.6903489205325742,1.0,1,0.5736129106006145,46
5276,4,7965,7965,0,0,0,0,0.8218840498823612,0.6503738079110182,0.8218840498823612,0.6503738079110182,1.0,1,0.5743123371614085,46
5277,0,7965,7965,0,0,0,0,0.8218840498823614,0.6503738079110182,0.8218840498823614,0.6503738079110182,1.0,1,0.5743123371614085,46
5278,4,7969,7969,0,0,0,0,0.7892671448180932,0.6503738079110182,0.7892671448180932,0.6503738079110182,1.0,1,0.6123660753959154,46
5279,1,7970,7970,0,0,0,0,0.7751969773561204,0.6503738079110182,0.7751969773561204,0.6503738079110182,1.0,1,0.6123660753959154,47
5280,0,7970,7970,0,0,0,0,0.7751969773561204,0.6503738079110182,0.7751969773561204,0.6503738079110182,1.0,1,0.6129563594545274,47
5281,0,7970,7970,0,0,0,0,0.7579469744185108,0.6090104566427739,0.7579469744185108,0.6090104566427739,1.0,1,0.6129563594545274,48
5282,1,7971,7971,0,0,0,0,0.7376324723552873,0.6090104566427739,0.7376324723552873,0.6090104566427739,1.0,1,0.6237427736191067,48
5283,0,7971,7971,0,0,0,0,0.7196153231234693,0.6090104566427739,0.7196153231234693,0.6090104566427739,1.0,1,0.6237427736191067,49
5284,1,7972,7972,0,0,0,0,0.7184339351296779,0.5864981665827882,0.7184339351296779,0.5864981665827882,1.0,1,0.6237427736191067,49
5285,0,7972,7972,0,0,0,0,0.7399894717158236,0.6090104566427739,0.7399894717158236,0.6090104566427739,1.0,1,0.5912368766325575,50
5286,0,7972,7972,0,0,0,0,0.7245305038964912,0.6090104566427739,0.7245305038964912,0.6090104566427739,1.0,1,0.5912368766325575,51
5287,1,7973,7973,0,0,0,0,0.7251102127295687,0.6362240468503165,0.7251102127295687,0.6362240468503165,1.0,1,0.5912368766325575,51
5288,0,7973,7973,0,0,0,0,0.7251102127295687,0.6362240468503165,0.7251102127295687,0.6362240468503165,1.0,1,0.5912368766325575,51
5289,0,7973,7973,0,0,0,0,0.7139986233608696,0.6362240468503165,0.7139986233608696,0.6362240468503165,1.0,1,0.579985422627305,53
5290,2,7975,7975,0,0,0,0,0.715510791239005,0.5666898287403882,0.715510791239005,0.5666898287403882,1.0,1,0.579985422627305,53
5291,1,7976,7976,0,0,0,0,0.7148972468286257,0.5666898287403882,0.7148972468286257,0.5666898287403882,1.0,1,0.579985422627305,53
5292,3,7979,7979,0,0,0,0,0.7146824360894087,0.5406891986882528,0.7146824360894087,0.5406891986882528,1.0,1,0.579985422627305,53
5293,3,7982,7982,0,0,0,0,0.7526855753851658,0.5598617223088076,0.7526855753851658,0.5598617223088076,1.0,1,0.5615998078970382,53
5294,3,7985,7985,0,0,0,0,0.7301239296187341,0.5583129566917807,0.7301239296187341,0.5583129566917807,1.0,1,0.5538285342494308,54
5295,1,7986,7986,0,0,0,0,0.7380668301890402,0.5852127423291611,0.7380668301890402,0.5852127423291611,1.0,1,0.5571512497289497,52
5296,2,7988,7988,0,0,0,0,0.7612655646818096,0.6065184749559884,0.7612655646818096,0.6065184749559884,1.0,1,0.5677681921370608,49
5297,3,7991,7991,0,0,0,0,0.7050232669904959,0.5524265316612313,0.7050232669904959,0.5524265316612313,1.0,1,0.5842661281715713,49
5298,3,7994,7994,0,0,0,0,0.7540476379202093,0.5598840575421161,0.7540476379202093,0.5598840575421161,1.0,1,0.5600879743848018,49
5299,1,7995,7995,0,0,0,0,0.8068180100080253,0.5941313931240397,0.8068180100080253,0.5941313931240397,1.0,1,0.5405634858523721,50
5300,2,7997,7997,0,0,0,0,0.8600174703517038,0.6307894070147985,0.8600174703517038,0.6307894070147985,1.0,1,0.5299267579680625,48
5301,2,7999,7999,0,0,0,0,0.8717050205142877,0.6571648054730483,0.8717050205142877,0.6571648054730483,1.0,1,0.5419022594636417,46
5302,2,8001,8001,0,0,0,0,0.8461368404506565,0.6259795610024406,0.8461368404506565,0.6259795610024406,1.0,1,0.5308794860406547,47
5303,3,8004,8004,0,0,0,0,0.8536441760444333,0.6259795610024406,0.8536441760444333,0.6259795610024406,1.0,1,0.49547155646112157,46
5304,1,8005,8005,0,0,0,0,0.8242785489002724,0.5838176158164349,0.8242785489002724,0.5838176158164349,1.0,1,0.5333672445126819,45
5305,2,8007,8007,0,0,0,0,0.8202848795570968,0.5838176158164349,0.8202848795570968,0.5838176158164349,1.0,1,0.5293863415580836,44
5306,1,8008,8008,0,0,0,0,0.8117270166788634,0.5838176158164349,0.8117270166788634,0.5838176158164349,1.0,1,0.5619247358994196,42
5307,1,8009,8009,0,0,0,0,0.7878603479683823,0.5545067307336031,0.7878603479683823,0.5545067307336031,1.0,1,0.5705989867266539,42
5308,2,8011,8011,0,0,0,0,0.7574034559867173,0.5545067307336031,0.7574034559867173,0.5545067307336031,1.0,1,0.6038104770433773,43
5309,0,8011,8011,0,0,0,0,0.7826862101139529,0.5545067307336031,0.7826862101139529,0.5545067307336031,1.0,1,0.6034050118613279,41
5310,1,8012,8012,0,0,0,0,0.7569234516678499,0.5273870127167389,0.7569234516678499,0.5273870127167389,1.0,1,0.6332988615466122,41
5311,2,8014,8014,0,0,0,0,0.7485512630036781,0.5273870127167389,0.7485512630036781,0.5273870127167389,1.0,1,0.6187201402601655,42
5312,0,8014,8014,0,0,0,0,0.7212467254781113,0.5049662562375317,0.7212467254781113,0.5049662562375317,1.0,1,0.6187201402601655,43
5313,0,8014,8014,0,0,0,0,0.7275820271717905,0.5049662562375317,0.7275820271717905,0.5049662562375317,1.0,1,0.6139907040141931,44
5314,0,8014,8014,0,0,0,0,0.7275820271717905,0.5049662562375317,0.7275820271717905,0.5049662562375317,1.0,1,0.6139907040141931,44
5315,1,8015,8015,0,0,0,0,0.6893178764053293,0.5049662562375317,0.6893178764053293,0.5049662562375317,1.0,1,0.6420578548496376,45
5316,0,8015,8015,0,0,0,0,0.6757015824916551,0.485748956243566,0.6757015824916551,0.485748956243566,1.0,1,0.6420578548496376,46
5317,3,8018,8018,0,0,0,0,0.7386224616268031,0.5206712524343641,0.7386224616268031,0.5206712524343641,1.0,1,0.6117417167378453,46
5318,3,8021,8021,0,0,0,0,0.7588096899330733,0.5431354401605035,0.7588096899330733,0.5431354401605035,1.0,1,0.5881829150435,46
5319,0,8021,8021,0,0,0,0,0.743389923040474,0.5188947356757609,0.743389923040474,0.5188947356757609,1.0,1,0.5881829150435,47
5320,1,8022,8022,0,0,0,0,0.7487359663104641,0.5188947356757609,0.7487359663104641,0.5188947356757609,1.0,1,0.5746002015154992,48
5321,0,8022,8022,0,0,0,0,0.7385014333480447,0.5188947356757609,0.7385014333480447,0.5188947356757609,1.0,1,0.5746002015154992,49
5322,0,8022,8022,0,0,0,0,0.7385014333480447,0.5188947356757609,0.7385014333480447,0.5188947356757609,1.0,1,0.5746002015154992,49
5323,0,8022,8022,0,0,0,0,0.7074271493492208,0.5009490184173147,0.7074271493492208,0.5009490184173147,1.0,1,0.5746002015154992,51
5324,3,8025,8025,0,0,0,0,0.7543012951043072,0.5460031214449472,0.7543012951043072,0.5460031214449472,1.0,1,0.5375971544713917,53
5325,1,8026,8026,0,0,0,0,0.7358828905732152,0.5211374756548127,0.7358828905732152,0.5211374756548127,1.0,1,0.5507430195709971,53
5326,2,8028,8028,0,0,0,0,0.7549063588509803,0.5476065403736308,0.7549063588509803,0.5476065403736308,1.0,1,0.5432221355034154,53
5327,1,8029,8029,0,0,0,0,0.7528804351289927,0.5422378425103634,0.7528804351289927,0.5422378425103634,1.0,1,0.5556042523831377,53
5328,2,8031,8031,0,0,0,0,0.74254648002056,0.5391334563991576,0.74254648002056,0.5391334563991576,1.0,1,0.5614336041202397,54
5329,2,8033,8033,0,0,0,0,0.7514411670469988,0.5631968379597986,0.7514411670469988,0.5631968379597986,1.0,1,0.5781939806604471,53
5330,2,8035,8035,0,0,0,0,0.7625945766421874,0.6310052045125407,0.7625945766421874,0.6310052045125407,1.0,1,0.5827507034892712,52
5331,0,8035,8035,0,0,0,0,0.7771920590833211,0.6693103440355517,0.7771920590833211,0.6693103440355517,1.0,1,0.5827507034892712,51
5332,1,8036,8036,0,0,0,0,0.7864166709353001,0.6853648362471914,0.7864166709353001,0.6853648362471914,1.0,1,0.5708609312773845,52
5333,1,8037,8037,0,0,0,0,0.7903448302313195,0.6853648362471914,0.7903448302313195,0.6853648362471914,1.0,1,0.5610821208758792,53
5334,2,8039,8039,0,0,0,0,0.7490004727079865,0.6660731825837656,0.7490004727079865,0.6660731825837656,1.0,1,0.5706710314002158,54
5335,0,8039,8039,0,0,0,0,0.7339224684999923,0.6393225092512328,0.7339224684999923,0.6393225092512328,1.0,1,0.5706710314002158,55
5336,0,8039,8039,0,0,0,0,0.7509794619953283,0.6393225092512328,0.7509794619953283,0.6393225092512328,1.0,1,0.5706710314002158,54
5337,0,8039,8039,0,0,0,0,0.73751090006824,0.6274929104321013,0.73751090006824,0.6274929104321013,1.0,1,0.5706710314002158,55
5338,2,8041,8041,0,0,0,0,0.7580872541210555,0.6046747809822416,0.7580872541210555,0.6046747809822416,1.0,1,0.5524033300097808,55
5339,2,8043,8043,0,0,0,0,0.7180076363822732,0.5506842369322473,0.7180076363822732,0.5506842369322473,1.0,1,0.5725855909743013,55
5340,2,8045,8045,0,0,0,0,0.7070381813367427,0.5506842369322473,0.7070381813367427,0.5506842369322473,1.0,1,0.5663576765109113,55
5341,2,8047,8047,0,0,0,0,0.720111097435031,0.5791166373226747,0.720111097435031,0.5791166373226747,1.0,1,0.5561471004815344,54
5342,1,8048,8048,0,0,0,0,0.7073494891255246,0.549595900643175,0.7073494891255246,0.549595900643175,1.0,1,0.5570633351494303,55
5343,3,8051,8051,0,0,0,0,0.6823183391189623,0.5191645261370219,0.6823183391189623,0.5191645261370219,1.0,1,0.564814110101685,54
5344,1,8052,8052,0,0,0,0,0.6692074721016921,0.49259577028140655,0.6692074721016921,0.49259577028140655,1.0,1,0.5714100977706902,55
5345,3,8055,8055,0,0,0,0,0.6492409458250112,0.5011525862825443,0.6492409458250112,0.5011525862825443,1.0,1,0.5763701148045346,53
5346,2,8057,8057,0,0,0,0,0.6118246398138637,0.4563630685027302,0.6118246398138637,0.4563630685027302,1.0,1,0.6047450587664854,53
5347,4,8061,8061,0,0,0,0,0.6141937498595064,0.44827188423415004,0.6141937498595064,0.44827188423415004,1.0,1,0.5902921373979405,51
5348,2,8063,8063,0,0,0,0,0.5953173087105511,0.45492763876360204,0.5953173087105511,0.45492763876360204,1.0,1,0.5820836868607848,53
5349,2,8065,8065,0,0,0,0,0.5876075155421777,0.45509915906060366,0.5876075155421777,0.45509915906060366,1.0,1,0.6149177126267863,52
5350,1,8066,8066,0,0,0,0,0.5711589539665937,0.45520629043044203,0.5711589539665937,0.45520629043044203,1.0,1,0.6361341961670701,50
5351,1,8067,8067,0,0,0,0,0.546540110394623,0.4359248061093655,0.546540110394623,0.4359248061093655,1.0,1,0.6497649319735855,52
5352,1,8068,8068,0,0,0,0,0.5431308323382091,0.4645270720257844,0.5431308323382091,0.4645270720257844,1.0,1,0.6683807785983301,49
5353,0,8068,8068,0,0,0,0,0.5431308323382091,0.4645270720257844,0.5431308323382091,0.4645270720257844,1.0,1,0.6683807785983301,49
5354,1,8069,8069,0,0,0,0,0.5612165196504764,0.48122829823182633,0.5612165196504764,0.48122829823182633,1.0,1,0.6659003991549254,49
5355,0,8069,8069,0,0,0,0,0.5733292393472585,0.4949435809526185,0.5733292393472585,0.4949435809526185,1.0,1,0.6659003991549254,48
5356,1,8070,8070,0,0,0,0,0.5433122984399288,0.4563614928214386,0.5433122984399288,0.4563614928214386,1.0,1,0.6736463287219645,49
5357,1,8071,8071,0,0,0,0,0.5632320682107473,0.4563614928214386,0.5632320682107473,0.4563614928214386,1.0,1,0.654811964186083,47
5358,3,8074,8074,0,0,0,0,0.5785899628321155,0.440642276917273,0.5785899628321155,0.440642276917273,1.0,1,0.6541899385883727,48
5359,1,8075,8075,0,0,0,0,0.5970181746593033,0.440642276917273,0.5970181746593033,0.440642276917273,1.0,1,0.6482173621865748,48
5360,2,8077,8077,0,0,0,0,0.6377661381806897,0.440642276917273,0.6377661381806897,0.440642276917273,1.0,1,0.635179562655136,48
5361,2,8079,8079,0,0,0,0,0.6588052595451542,0.42746473208376606,0.6588052595451542,0.42746473208376606,1.0,1,0.6232286495949849,50
5362,2,8081,8081,0,0,0,0,0.6837682892804419,0.42746473208376606,0.6837682892804419,0.42746473208376606,1.0,1,0.6013947980486994,50
5363,1,8082,8082,0,0,0,0,0.703231549578591,0.42746473208376606,0.703231549578591,0.42746473208376606,1.0,1,0.5971528452423236,50
5364,1,8083,8083,0,0,0,0,0.6962315066644252,0.42746473208376606,0.6962315066644252,0.42746473208376606,1.0,1,0.5971206132846539,51
5365,1,8084,8084,0,0,0,0,0.6685723193368247,0.4084947514662947,0.6685723193368247,0.4084947514662947,1.0,1,0.6072501538624422,52
5366,0,8084,8084,0,0,0,0,0.6685723193368247,0.4084947514662947,0.6685723193368247,0.4084947514662947,1.0,1,0.6072501538624422,52
5367,0,8084,8084,0,0,0,0,0.677712256649935,0.4084947514662947,0.677712256649935,0.4084947514662947,1.0,1,0.5873378334675512,54
5368,0,8084,8084,0,0,0,0,0.6644814035914293,0.39151403246502925,0.6644814035914293,0.39151403246502925,1.0,1,0.5873378334675512,55
5369,3,8087,8087,0,0,0,0,0.664568145492766,0.387515257250307,0.664568145492766,0.387515257250307,1.0,1,0.600010527955607,53
5370,2,8089,8089,0,0,0,0,0.6697046100789331,0.3721752963459604,0.6697046100789331,0.3721752963459604,1.0,1,0.5883483708290583,54
5371,2,8091,8091,0,0,0,0,0.6842008969157962,0.3863683808502073,0.6842008969157962,0.3863683808502073,1.0,1,0.5824466942869154,53
5372,1,8092,8092,0,0,0,0,0.657086508172562,0.38015298672518755,0.657086508172562,0.38015298672518755,1.0,1,0.5875390481996418,53
5373,0,8092,8092,0,0,0,0,0.6698523602204859,0.39503340153459804,0.6698523602204859,0.39503340153459804,1.0,1,0.5875390481996418,52
5374,2,8094,8094,0,0,0,0,0.6400189049660658,0.3733151800630977,0.6400189049660658,0.3733151800630977,1.0,1,0.599139812501933,51
5375,1,8095,8095,0,0,0,0,0.6486483523028619,0.3766022232660406,0.6486483523028619,0.3766022232660406,1.0,1,0.5801018331440662,52
5376,1,8096,8096,0,0,0,0,0.647853816719633,0.38811445781983595,0.647853816719633,0.38811445781983595,1.0,1,0.5891435901875126,51
5377,2,8098,8098,0,0,0,0,0.6186456560443838,0.37835855312032485,0.6186456560443838,0.37835855312032485,1.0,1,0.5900999298795763,52
5378,1,8099,8099,0,0,0,0,0.6194625158717513,0.4063232251207607,0.6194625158717513,0.4063232251207607,1.0,1,0.5994387375629072,50
5379,1,8100,8100,0,0,0,0,0.5996378624423495,0.3915989326544332,0.5996378624423495,0.3915989326544332,1.0,1,0.6092208553014777,50
5380,0,8100,8100,0,0,0,0,0.5909725236655562,0.3884589433423491,0.5909725236655562,0.3884589433423491,1.0,1,0.6043758372219514,52
5381,0,8100,8100,0,0,0,0,0.5909725236655562,0.3884589433423491,0.5909725236655562,0.3884589433423491,1.0,1,0.6043758372219514,52
5382,2,8102,8102,0,0,0,0,0.6095987807788259,0.40219064769744045,0.6095987807788259,0.40219064769744045,1.0,1,0.5961812602217449,52
5383,0,8102,8102,0,0,0,0,0.6242524199330248,0.40219064769744045,0.6242524199330248,0.40219064769744045,1.0,1,0.5961812602217449,51
5384,3,8105,8105,0,0,0,0,0.6700534313106821,0.431696046150226,0.6700534313106821,0.431696046150226,1.0,1,0.5615917195011146,52
5385,4,8109,8109,0,0,0,0,0.6931842103091503,0.43303248903408076,0.6931842103091503,0.43303248903408076,1.0,1,0.5770980664621733,51
5386,2,8111,8111,0,0,0,0,0.7180180653079381,0.428946540755148,0.7180180653079381,0.428946540755148,1.0,1,0.5644401539761719,52
5387,4,8115,8115,0,0,0,0,0.7618756758923124,0.4512787314040243,0.7618756758923124,0.4512787314040243,1.0,1,0.5335613534722837,53
5388,2,8117,8117,0,0,0,0,0.7738624875898844,0.47098956861217817,0.7738624875898844,0.47098956861217817,1.0,1,0.5284555323134141,54
5389,5,8122,8122,0,0,0,0,0.7778226082067187,0.49196901154661465,0.7778226082067187,0.49196901154661465,1.0,1,0.5023399517680276,55
5390,3,8125,8125,0,0,0,0,0.7500199114645065,0.49196901154661465,0.7500199114645065,0.49196901154661465,1.0,1,0.5006786213941649,56
5391,1,8126,8126,0,0,0,0,0.7331789127553726,0.49196901154661465,0.7331789127553726,0.49196901154661465,1.0,1,0.5067554021375354,56
5392,2,8128,8128,0,0,0,0,0.716406577737506,0.4723681127944717,0.716406577737506,0.4723681127944717,1.0,1,0.5275065976915873,56
5393,1,8129,8129,0,0,0,0,0.7059031176537099,0.4723681127944717,0.7059031176537099,0.4723681127944717,1.0,1,0.5561536195442225,54
5394,2,8131,8131,0,0,0,0,0.7382952824822636,0.5201490049869002,0.7382952824822636,0.5201490049869002,1.0,1,0.5436127727898412,53
5395,2,8133,8133,0,0,0,0,0.7552708111258031,0.5422464798866102,0.7552708111258031,0.5422464798866102,1.0,1,0.5218467096030226,53
5396,2,8135,8135,0,0,0,0,0.7460888633392282,0.5566984316880758,0.7460888633392282,0.5566984316880758,1.0,1,0.5197587213692763,54
5397,1,8136,8136,0,0,0,0,0.7412424338014646,0.5846951630103087,0.7412424338014646,0.5846951630103087,1.0,1,0.5265007377075415,53
5398,1,8137,8137,0,0,0,0,0.7244738704833088,0.5846951630103087,0.7244738704833088,0.5846951630103087,1.0,1,0.5281527731201578,53
5399,3,8140,8140,0,0,0,0,0.7528208370068791,0.6040334556349893,0.7528208370068791,0.6040334556349893,1.0,1,0.5241068070880085,55
5400,0,8140,8140,0,0,0,0,0.7321972391066374,0.5776803305241806,0.7321972391066374,0.5776803305241806,1.0,1,0.5329410905159078,55
5401,1,8141,8141,0,0,0,0,0.7206483067389801,0.5767399593656649,0.7206483067389801,0.5767399593656649,1.0,1,0.5291495520188989,56
5402,0,8141,8141,0,0,0,0,1.0,1.0,1.0,1.0,1.0,1,0.0,0
