,SuccessfulHandoverCount,TotalSuccessfulHandoverCount,TotalSuccessfulHandoverCountRange,TotalSuccessfulHandoverCountLoadBalancing,TotalSuccessfulHandoverCountOverload,FailedHandoverCount,TotalFailedHandoverCount,AvgQoS,MinQoS,AvgQoS_LoadBased,MinQoS_LoadBased,AvgQoS_RangeBased,MinQoS_RangeBased,GiniLoad,VehicleCount
0,0,0,0,0,0,0,0,1.0,1,1.0,1,1.0,1,0.0,0
1,11,11,0,11,0,0,0,1.0,1,1.0,1,1.0,1,0.2655473127736556,26
2,1,12,0,12,0,0,0,1.0,1,1.0,1,1.0,1,0.22229450199773687,27
3,0,12,0,12,0,0,0,1.0,1,1.0,1,1.0,1,0.2250088749522895,28
4,1,13,0,13,0,0,0,1.0,1,1.0,1,1.0,1,0.21242159030213364,29
5,0,13,0,13,0,0,0,1.0,1,1.0,1,1.0,1,0.21242159030213364,29
6,0,13,0,13,0,0,0,1.0,1,1.0,1,1.0,1,0.2365083338329673,32
7,0,13,0,13,0,0,0,1.0,1,1.0,1,1.0,1,0.2473777305104641,33
8,0,13,0,13,0,0,0,1.0,1,1.0,1,1.0,1,0.24998341476697727,35
9,6,19,3,16,0,0,0,1.0,1,1.0,1,1.0,1,0.2565998345456145,35
10,1,20,4,16,0,0,0,1.0,1,1.0,1,1.0,1,0.25840132201319505,35
11,0,20,4,16,0,0,0,1.0,1,1.0,1,1.0,1,0.23242327040243602,35
12,0,20,4,16,0,0,0,1.0,1,1.0,1,1.0,1,0.21964700542776178,34
13,1,21,5,16,0,0,0,1.0,1,1.0,1,1.0,1,0.2772636962753133,32
14,3,24,8,16,0,0,0,1.0,1,1.0,1,1.0,1,0.3078423821320381,31
15,1,25,8,17,0,0,0,1.0,1,1.0,1,1.0,1,0.26904422351458357,30
16,4,29,10,19,0,0,0,1.0,1,1.0,1,1.0,1,0.2918120879689902,30
17,2,31,10,21,0,0,0,1.0,1,1.0,1,1.0,1,0.28418093678692086,29
18,0,31,10,21,0,0,0,1.0,1,1.0,1,1.0,1,0.28418093678692086,29
19,1,32,11,21,0,0,0,1.0,1,1.0,1,1.0,1,0.27744372568126413,28
20,1,33,11,22,0,0,0,1.0,1,1.0,1,1.0,1,0.28430623333315624,28
21,2,35,12,23,0,0,0,1.0,1,1.0,1,1.0,1,0.24507993892099333,28
22,2,37,14,23,0,0,0,1.0,1,1.0,1,1.0,1,0.30424055693799673,28
23,3,40,17,23,0,0,0,1.0,1,1.0,1,1.0,1,0.3486931752220172,27
24,5,45,22,23,0,0,0,1.0,1,1.0,1,1.0,1,0.3285982389543831,28
25,3,48,24,24,0,0,0,1.0,1,1.0,1,1.0,1,0.26444561839083297,28
26,4,52,27,25,0,0,0,1.0,1,1.0,1,1.0,1,0.28091870326875684,30
27,2,54,28,26,0,0,0,1.0,1,1.0,1,1.0,1,0.25245315874591207,30
28,2,56,29,27,0,0,0,1.0,1,1.0,1,1.0,1,0.2107006728167069,31
29,0,56,29,27,0,0,0,1.0,1,1.0,1,1.0,1,0.20375557306309905,30
30,0,56,29,27,0,0,0,1.0,1,1.0,1,1.0,1,0.20375557306309905,30
31,0,56,29,27,0,0,0,1.0,1,1.0,1,1.0,1,0.22090417858774694,31
32,0,56,29,27,0,0,0,1.0,1,1.0,1,1.0,1,0.23217904995487124,31
33,2,58,31,27,0,0,0,1.0,1,1.0,1,1.0,1,0.29468697409553724,31
34,1,59,32,27,0,0,0,1.0,1,1.0,1,1.0,1,0.25978471911479745,29
35,0,59,32,27,0,0,0,1.0,1,1.0,1,1.0,1,0.25248181023754745,30
36,0,59,32,27,0,0,0,1.0,1,1.0,1,1.0,1,0.2761648358452184,30
37,1,60,32,28,0,0,0,1.0,1,1.0,1,1.0,1,0.2535265665851413,31
38,1,61,32,29,0,0,0,1.0,1,1.0,1,1.0,1,0.2197799533343184,32
39,2,63,32,31,0,0,0,1.0,1,1.0,1,1.0,1,0.19230779255401964,36
40,0,63,32,31,0,0,0,1.0,1,1.0,1,1.0,1,0.20650148494506299,37
41,0,63,32,31,0,0,0,1.0,1,1.0,1,1.0,1,0.20650148494506299,37
42,0,63,32,31,0,0,0,1.0,1,1.0,1,1.0,1,0.22239209777971894,38
43,6,69,35,34,0,0,0,1.0,1,1.0,1,1.0,1,0.2173986984023275,40
44,1,70,35,35,0,0,0,1.0,1,1.0,1,1.0,1,0.22013774024861904,39
45,0,70,35,35,0,0,0,1.0,1,1.0,1,1.0,1,0.2226347469284653,40
46,0,70,35,35,0,0,0,1.0,1,1.0,1,1.0,1,0.20050059402160592,39
47,0,70,35,35,0,0,0,1.0,1,1.0,1,1.0,1,0.20050059402160592,39
48,1,71,36,35,0,0,0,1.0,1,1.0,1,1.0,1,0.21523178567136717,39
49,2,73,37,36,0,0,0,1.0,1,1.0,1,1.0,1,0.22403899802427532,37
50,1,74,38,36,0,0,0,1.0,1,1.0,1,1.0,1,0.2231115551445768,35
51,0,74,38,36,0,0,0,1.0,1,1.0,1,1.0,1,0.2231290901104006,34
52,0,74,38,36,0,0,0,1.0,1,1.0,1,1.0,1,0.2659067031298139,34
53,0,74,38,36,0,0,0,1.0,1,1.0,1,1.0,1,0.27057514413309447,35
54,0,74,38,36,0,0,0,1.0,1,1.0,1,1.0,1,0.2940794580241273,36
55,3,77,39,38,0,0,0,1.0,1,1.0,1,1.0,1,0.2800838851364646,36
56,4,81,41,40,0,0,0,1.0,1,1.0,1,1.0,1,0.2592114310983185,36
57,1,82,41,41,0,0,0,1.0,1,1.0,1,1.0,1,0.26015976996897244,37
58,3,85,44,41,0,0,0,1.0,1,1.0,1,1.0,1,0.293064864573608,38
59,1,86,45,41,0,0,0,1.0,1,1.0,1,1.0,1,0.2977594739662586,37
60,3,89,46,43,0,0,0,1.0,1,1.0,1,1.0,1,0.2781473336229219,38
61,2,91,47,44,0,0,0,1.0,1,1.0,1,1.0,1,0.27914140668349496,37
62,2,93,48,45,0,0,0,1.0,1,1.0,1,1.0,1,0.28354291792408476,39
63,2,95,49,46,0,0,0,1.0,1,1.0,1,1.0,1,0.3006135829053973,39
64,2,97,49,48,0,0,0,1.0,1,1.0,1,1.0,1,0.23546391426572666,38
65,3,100,50,50,0,0,0,1.0,1,1.0,1,1.0,1,0.23340605816547136,39
66,3,103,52,51,0,0,0,1.0,1,1.0,1,1.0,1,0.2535175872183924,39
67,0,103,52,51,0,0,0,1.0,1,1.0,1,1.0,1,0.25037020363283136,36
68,1,104,52,52,0,0,0,1.0,1,1.0,1,1.0,1,0.2672157222989297,36
69,0,104,52,52,0,0,0,1.0,1,1.0,1,1.0,1,0.2721286629453381,37
70,1,105,52,53,0,0,0,1.0,1,1.0,1,1.0,1,0.27089791179201494,36
71,0,105,52,53,0,0,0,1.0,1,1.0,1,1.0,1,0.273561915351823,38
72,2,107,53,54,0,0,0,1.0,1,1.0,1,1.0,1,0.280103503605833,38
73,2,109,54,55,0,0,0,1.0,1,1.0,1,1.0,1,0.28078816863326717,37
74,3,112,55,57,0,0,0,1.0,1,1.0,1,1.0,1,0.23762126801127786,38
75,1,113,56,57,0,0,0,1.0,1,1.0,1,1.0,1,0.24030901436999857,38
76,1,114,56,58,0,0,0,1.0,1,1.0,1,1.0,1,0.21572327874336067,39
77,0,114,56,58,0,0,0,1.0,1,1.0,1,1.0,1,0.22881043774046012,40
78,1,115,56,59,0,0,0,1.0,1,1.0,1,1.0,1,0.19679192806644905,41
79,0,115,56,59,0,0,0,1.0,1,1.0,1,1.0,1,0.19679192806644905,41
80,0,115,56,59,0,0,0,1.0,1,1.0,1,1.0,1,0.19679192806644905,41
81,0,115,56,59,0,0,0,1.0,1,1.0,1,1.0,1,0.19722579527991446,41
82,1,116,56,60,0,0,0,1.0,1,1.0,1,1.0,1,0.19824483633761114,44
83,0,116,56,60,0,0,0,1.0,1,1.0,1,1.0,1,0.19824483633761114,44
84,0,116,56,60,0,0,0,1.0,1,1.0,1,1.0,1,0.1904614733870776,45
85,1,117,57,60,0,0,0,1.0,1,1.0,1,1.0,1,0.21176818858276572,45
86,0,117,57,60,0,0,0,1.0,1,1.0,1,1.0,1,0.21176818858276572,45
87,0,117,57,60,0,0,0,1.0,1,1.0,1,1.0,1,0.2307776750226768,44
88,1,118,58,60,0,0,0,1.0,1,1.0,1,1.0,1,0.24337421709022136,44
89,1,119,58,61,0,0,0,1.0,1,1.0,1,1.0,1,0.23675681119069214,43
90,1,120,58,62,0,0,0,1.0,1,1.0,1,1.0,1,0.2464751873223456,44
91,2,122,60,62,0,0,0,1.0,1,1.0,1,1.0,1,0.32097147352453376,44
92,1,123,60,63,0,0,0,1.0,1,1.0,1,1.0,1,0.2835991633913668,43
93,2,125,60,65,0,0,0,1.0,1,1.0,1,1.0,1,0.281437860866295,44
94,2,127,62,65,0,0,0,1.0,1,1.0,1,1.0,1,0.29736343494777095,44
95,1,128,62,66,0,0,0,1.0,1,1.0,1,1.0,1,0.270618099520326,43
96,0,128,62,66,0,0,0,1.0,1,1.0,1,1.0,1,0.2784312309667084,44
97,1,129,62,67,0,0,0,1.0,1,1.0,1,1.0,1,0.26639504998044417,44
98,2,131,62,69,0,0,0,1.0,1,1.0,1,1.0,1,0.25051253756347297,43
99,0,131,62,69,0,0,0,1.0,1,1.0,1,1.0,1,0.25051253756347297,43
100,3,134,62,72,0,0,0,1.0,1,1.0,1,1.0,1,0.23932811155606057,47
101,1,135,62,73,0,0,0,1.0,1,1.0,1,1.0,1,0.21801494335869942,47
102,1,136,63,73,0,0,0,1.0,1,1.0,1,1.0,1,0.23478118259254888,47
103,4,140,65,75,0,0,0,1.0,1,1.0,1,1.0,1,0.2133364568010971,46
104,3,143,68,75,0,0,0,1.0,1,1.0,1,1.0,1,0.2439042701646236,45
105,1,144,69,75,0,0,0,1.0,1,1.0,1,1.0,1,0.26022640268060016,44
106,4,148,72,76,0,0,0,1.0,1,1.0,1,1.0,1,0.2732436325255721,45
107,3,151,73,78,0,0,0,1.0,1,1.0,1,1.0,1,0.23177759137291543,44
108,1,152,73,79,0,0,0,1.0,1,1.0,1,1.0,1,0.22527935347390166,46
109,2,154,74,80,0,0,0,1.0,1,1.0,1,1.0,1,0.19394060350741943,46
110,4,158,76,82,0,0,0,1.0,1,1.0,1,1.0,1,0.17393104553408642,46
111,2,160,77,83,0,0,0,1.0,1,1.0,1,1.0,1,0.176090041558859,46
112,2,162,79,83,0,0,0,1.0,1,1.0,1,1.0,1,0.19666038706808284,46
113,0,162,79,83,0,0,0,1.0,1,1.0,1,1.0,1,0.18960482990271244,46
114,3,165,82,83,0,0,0,1.0,1,1.0,1,1.0,1,0.1521297501801805,46
115,1,166,83,83,0,0,0,1.0,1,1.0,1,1.0,1,0.18790284992590328,47
116,2,168,84,84,0,0,0,1.0,1,1.0,1,1.0,1,0.2091645454985648,47
117,0,168,84,84,0,0,0,1.0,1,1.0,1,1.0,1,0.19147247994484357,45
118,1,169,85,84,0,0,0,1.0,1,1.0,1,1.0,1,0.21972548762237917,46
119,0,169,85,84,0,0,0,1.0,1,1.0,1,1.0,1,0.21938326203337716,46
120,1,170,86,84,0,0,0,1.0,1,1.0,1,1.0,1,0.20733365694448097,47
121,1,171,87,84,0,0,0,1.0,1,1.0,1,1.0,1,0.20692957063216955,46
122,0,171,87,84,0,0,0,1.0,1,1.0,1,1.0,1,0.20692957063216955,46
123,0,171,87,84,0,0,0,1.0,1,1.0,1,1.0,1,0.22615733820381,45
124,0,171,87,84,0,0,0,1.0,1,1.0,1,1.0,1,0.22549438751756362,46
125,1,172,88,84,0,0,0,1.0,1,1.0,1,1.0,1,0.25112530150639634,44
126,3,175,88,87,0,0,0,1.0,1,1.0,1,1.0,1,0.20214792402766235,45
127,5,180,88,92,0,0,0,1.0,1,1.0,1,1.0,1,0.1542381068823916,45
128,1,181,89,92,0,0,0,1.0,1,1.0,1,1.0,1,0.18234986741983822,46
129,3,184,90,94,0,0,0,1.0,1,1.0,1,1.0,1,0.18933895424799962,48
130,0,184,90,94,0,0,0,1.0,1,1.0,1,1.0,1,0.18933895424799962,48
131,1,185,91,94,0,0,0,1.0,1,1.0,1,1.0,1,0.2050142036661281,49
132,4,189,92,97,0,0,0,1.0,1,1.0,1,1.0,1,0.18189028919160768,51
133,2,191,94,97,0,0,0,1.0,1,1.0,1,1.0,1,0.1956095862833275,49
134,5,196,97,99,0,0,0,1.0,1,1.0,1,1.0,1,0.15670121259244743,49
135,1,197,97,100,0,0,0,1.0,1,1.0,1,1.0,1,0.16478021929246922,49
136,3,200,100,100,0,0,0,1.0,1,1.0,1,1.0,1,0.14978205140352494,48
137,0,200,100,100,0,0,0,1.0,1,1.0,1,1.0,1,0.1655429977793603,47
138,4,204,103,101,0,0,0,1.0,1,1.0,1,1.0,1,0.16831201913140945,48
139,3,207,104,103,0,0,0,1.0,1,1.0,1,1.0,1,0.14634245446514732,48
140,5,212,107,105,0,0,0,1.0,1,1.0,1,1.0,1,0.17188289067329982,49
141,3,215,109,106,0,0,0,1.0,1,1.0,1,1.0,1,0.18685499721728782,49
142,2,217,110,107,0,0,0,1.0,1,1.0,1,1.0,1,0.1663127317083808,49
143,3,220,112,108,0,0,0,1.0,1,1.0,1,1.0,1,0.18629504822612133,47
144,2,222,113,109,0,0,0,1.0,1,1.0,1,1.0,1,0.15616039880550472,46
145,1,223,114,109,0,0,0,1.0,1,1.0,1,1.0,1,0.17631874788123525,44
146,1,224,115,109,0,0,0,1.0,1,1.0,1,1.0,1,0.2078505841546941,44
147,1,225,116,109,0,0,0,1.0,1,1.0,1,1.0,1,0.24883082124374245,43
148,1,226,116,110,0,0,0,1.0,1,1.0,1,1.0,1,0.18954360943005394,43
149,1,227,117,110,0,0,0,1.0,1,1.0,1,1.0,1,0.17143630831750079,43
150,0,227,117,110,0,0,0,1.0,1,1.0,1,1.0,1,0.1627845047471938,42
151,1,228,118,110,0,0,0,1.0,1,1.0,1,1.0,1,0.18944458028576255,42
152,0,228,118,110,0,0,0,1.0,1,1.0,1,1.0,1,0.18944458028576255,42
153,0,228,118,110,0,0,0,1.0,1,1.0,1,1.0,1,0.2004389916397003,42
154,3,231,120,111,0,0,0,1.0,1,1.0,1,1.0,1,0.26419788329261945,43
155,1,232,120,112,0,0,0,1.0,1,1.0,1,1.0,1,0.24593159609525075,43
156,1,233,121,112,0,0,0,1.0,1,1.0,1,1.0,1,0.27486430799580314,42
157,3,236,121,115,0,0,0,1.0,1,1.0,1,1.0,1,0.23017732799541366,41
158,2,238,121,117,0,0,0,1.0,1,1.0,1,1.0,1,0.18884466960930993,42
159,0,238,121,117,0,0,0,1.0,1,1.0,1,1.0,1,0.20378837786487275,43
160,4,242,125,117,0,0,0,1.0,1,1.0,1,1.0,1,0.2806852172933136,44
161,5,247,126,121,0,0,0,1.0,1,1.0,1,1.0,1,0.21672819068495613,44
162,3,250,128,122,0,0,0,1.0,1,1.0,1,1.0,1,0.22930260863535634,45
163,6,256,131,125,0,0,0,1.0,1,1.0,1,1.0,1,0.22284803728003486,43
164,1,257,131,126,0,0,0,1.0,1,1.0,1,1.0,1,0.20419941232322023,42
165,2,259,133,126,0,0,0,1.0,1,1.0,1,1.0,1,0.20171183111626884,42
166,0,259,133,126,0,0,0,1.0,1,1.0,1,1.0,1,0.20537149288616124,42
167,3,262,136,126,0,0,0,1.0,1,1.0,1,1.0,1,0.2232975611793858,41
168,1,263,136,127,0,0,0,1.0,1,1.0,1,1.0,1,0.16906320581323261,40
169,0,263,136,127,0,0,0,1.0,1,1.0,1,1.0,1,0.13591601537276468,40
170,0,263,136,127,0,0,0,1.0,1,1.0,1,1.0,1,0.1364152233494954,38
171,2,265,137,128,0,0,0,1.0,1,1.0,1,1.0,1,0.1191904371855976,37
172,1,266,138,128,0,0,0,1.0,1,1.0,1,1.0,1,0.1777852604034511,35
173,3,269,140,129,0,0,0,1.0,1,1.0,1,1.0,1,0.27316950835831216,36
174,1,270,141,129,0,0,0,1.0,1,1.0,1,1.0,1,0.22805872154143658,34
175,1,271,141,130,0,0,0,1.0,1,1.0,1,1.0,1,0.20238421219159936,33
176,0,271,141,130,0,0,0,1.0,1,1.0,1,1.0,1,0.20786627492811696,34
177,2,273,142,131,0,0,0,1.0,1,1.0,1,1.0,1,0.1874723050425112,36
178,2,275,143,132,0,0,0,1.0,1,1.0,1,1.0,1,0.17344291898794947,37
179,1,276,144,132,0,0,0,1.0,1,1.0,1,1.0,1,0.1922427133610855,37
180,0,276,144,132,0,0,0,1.0,1,1.0,1,1.0,1,0.2138964449736799,36
181,0,276,144,132,0,0,0,1.0,1,1.0,1,1.0,1,0.2138964449736799,36
182,2,278,145,133,0,0,0,1.0,1,1.0,1,1.0,1,0.22554021917102007,38
183,0,278,145,133,0,0,0,1.0,1,1.0,1,1.0,1,0.21192284872822,37
184,2,280,147,133,0,0,0,1.0,1,1.0,1,1.0,1,0.21903404915492455,36
185,0,280,147,133,0,0,0,1.0,1,1.0,1,1.0,1,0.21467713907374383,35
186,1,281,148,133,0,0,0,1.0,1,1.0,1,1.0,1,0.2470034018800517,34
187,3,284,151,133,0,0,0,1.0,1,1.0,1,1.0,1,0.260699119036616,33
188,2,286,152,134,0,0,0,1.0,1,1.0,1,1.0,1,0.24709316507115506,33
189,5,291,156,135,0,0,0,1.0,1,1.0,1,1.0,1,0.31220144074514405,33
190,3,294,156,138,0,0,0,1.0,1,1.0,1,1.0,1,0.25573695101668975,32
191,0,294,156,138,0,0,0,1.0,1,1.0,1,1.0,1,0.24997215674679982,34
192,1,295,156,139,0,0,0,1.0,1,1.0,1,1.0,1,0.23604897635943736,34
193,0,295,156,139,0,0,0,1.0,1,1.0,1,1.0,1,0.2248527219413662,35
194,2,297,158,139,0,0,0,1.0,1,1.0,1,1.0,1,0.3025082871870813,37
195,3,300,158,142,0,0,0,1.0,1,1.0,1,1.0,1,0.23010601541343134,36
196,0,300,158,142,0,0,0,1.0,1,1.0,1,1.0,1,0.23010601541343134,36
197,0,300,158,142,0,0,0,1.0,1,1.0,1,1.0,1,0.24472704406145757,37
198,0,300,158,142,0,0,0,1.0,1,1.0,1,1.0,1,0.24472704406145757,37
199,0,300,158,142,0,0,0,1.0,1,1.0,1,1.0,1,0.24472704406145757,37
200,6,306,161,145,0,0,0,1.0,1,1.0,1,1.0,1,0.2195272080997302,37
201,0,306,161,145,0,0,0,1.0,1,1.0,1,1.0,1,0.2446512963372207,36
202,2,308,163,145,0,0,0,1.0,1,1.0,1,1.0,1,0.23930418107526982,36
203,3,311,165,146,0,0,0,1.0,1,1.0,1,1.0,1,0.24041778748175785,35
204,1,312,165,147,0,0,0,1.0,1,1.0,1,1.0,1,0.27205780794173273,35
205,2,314,166,148,0,0,0,1.0,1,1.0,1,1.0,1,0.23900226211782172,35
206,5,319,168,151,0,0,0,1.0,1,1.0,1,1.0,1,0.3006848975248045,34
207,1,320,168,152,0,0,0,1.0,1,1.0,1,1.0,1,0.2979665226617474,34
208,0,320,168,152,0,0,0,1.0,1,1.0,1,1.0,1,0.2823857881228471,33
209,0,320,168,152,0,0,0,1.0,1,1.0,1,1.0,1,0.29781000214356884,33
210,3,323,171,152,0,0,0,1.0,1,1.0,1,1.0,1,0.3184671938357101,34
211,2,325,172,153,0,0,0,1.0,1,1.0,1,1.0,1,0.3403286686666281,33
212,2,327,172,155,0,0,0,1.0,1,1.0,1,1.0,1,0.2728570416630349,33
213,1,328,172,156,0,0,0,1.0,1,1.0,1,1.0,1,0.2802864138829574,35
214,1,329,173,156,0,0,0,1.0,1,1.0,1,1.0,1,0.2592909841924066,34
215,2,331,174,157,0,0,0,1.0,1,1.0,1,1.0,1,0.22687929743916121,35
216,1,332,175,157,0,0,0,1.0,1,1.0,1,1.0,1,0.2535439186950744,36
217,1,333,176,157,0,0,0,1.0,1,1.0,1,1.0,1,0.2888710598272778,36
218,8,341,178,163,0,0,0,1.0,1,1.0,1,1.0,1,0.21890909383111093,36
219,2,343,178,165,0,0,0,1.0,1,1.0,1,1.0,1,0.14997700190122157,37
220,0,343,178,165,0,0,0,1.0,1,1.0,1,1.0,1,0.17483010556421957,38
221,1,344,179,165,0,0,0,1.0,1,1.0,1,1.0,1,0.19062443116284075,37
222,1,345,180,165,0,0,0,1.0,1,1.0,1,1.0,1,0.2158861501322479,38
223,4,349,181,168,0,0,0,1.0,1,1.0,1,1.0,1,0.18842029351271056,38
224,2,351,182,169,0,0,0,1.0,1,1.0,1,1.0,1,0.2255077633689831,38
225,1,352,183,169,0,0,0,1.0,1,1.0,1,1.0,1,0.2361123890791661,36
226,3,355,184,171,0,0,0,1.0,1,1.0,1,1.0,1,0.21967606735815717,37
227,3,358,185,173,0,0,0,1.0,1,1.0,1,1.0,1,0.18906736998970494,35
228,1,359,186,173,0,0,0,1.0,1,1.0,1,1.0,1,0.18575477967719817,35
229,1,360,187,173,0,0,0,1.0,1,1.0,1,1.0,1,0.21490788458058752,35
230,3,363,189,174,0,0,0,1.0,1,1.0,1,1.0,1,0.2254302144306796,35
231,2,365,191,174,0,0,0,1.0,1,1.0,1,1.0,1,0.21079607795370528,35
232,4,369,195,174,0,0,0,1.0,1,1.0,1,1.0,1,0.222864954401705,36
233,1,370,195,175,0,0,0,1.0,1,1.0,1,1.0,1,0.20162667018078315,36
234,1,371,196,175,0,0,0,1.0,1,1.0,1,1.0,1,0.26249385583343143,34
235,3,374,198,176,0,0,0,1.0,1,1.0,1,1.0,1,0.24244497153897648,33
236,0,374,198,176,0,0,0,1.0,1,1.0,1,1.0,1,0.23208415533101606,31
237,0,374,198,176,0,0,0,1.0,1,1.0,1,1.0,1,0.25639388399539714,32
238,1,375,199,176,0,0,0,1.0,1,1.0,1,1.0,1,0.2849272029495114,31
239,1,376,200,176,0,0,0,1.0,1,1.0,1,1.0,1,0.29525638809677907,30
240,3,379,202,177,0,0,0,1.0,1,1.0,1,1.0,1,0.31975181193733626,27
241,1,380,203,177,0,0,0,1.0,1,1.0,1,1.0,1,0.33589597963538165,27
242,2,382,203,179,0,0,0,1.0,1,1.0,1,1.0,1,0.2721413510089294,28
243,0,382,203,179,0,0,0,1.0,1,1.0,1,1.0,1,0.2721413510089294,28
244,0,382,203,179,0,0,0,1.0,1,1.0,1,1.0,1,0.2633936502339713,27
245,1,383,204,179,0,0,0,1.0,1,1.0,1,1.0,1,0.29978062633239594,27
246,3,386,205,181,0,0,0,1.0,1,1.0,1,1.0,1,0.31008369825311505,25
247,1,387,205,182,0,0,0,1.0,1,1.0,1,1.0,1,0.23138963077090655,24
248,0,387,205,182,0,0,0,1.0,1,1.0,1,1.0,1,0.2773284070534015,24
249,0,387,205,182,0,0,0,1.0,1,1.0,1,1.0,1,0.2971566012728309,25
250,1,388,205,183,0,0,0,1.0,1,1.0,1,1.0,1,0.26063191554635834,27
251,1,389,206,183,0,0,0,1.0,1,1.0,1,1.0,1,0.31116952187184216,27
252,3,392,206,186,0,0,0,1.0,1,1.0,1,1.0,1,0.2057169648173165,27
253,0,392,206,186,0,0,0,1.0,1,1.0,1,1.0,1,0.2202873020372095,29
254,1,393,207,186,0,0,0,1.0,1,1.0,1,1.0,1,0.23900194426426935,30
255,1,394,207,187,0,0,0,1.0,1,1.0,1,1.0,1,0.23882548161323666,31
256,2,396,209,187,0,0,0,1.0,1,1.0,1,1.0,1,0.1924032101586828,31
257,0,396,209,187,0,0,0,1.0,1,1.0,1,1.0,1,0.2045126742968812,33
258,2,398,210,188,0,0,0,1.0,1,1.0,1,1.0,1,0.17513998095057223,33
259,0,398,210,188,0,0,0,1.0,1,1.0,1,1.0,1,0.17513998095057223,33
260,2,400,212,188,0,0,0,1.0,1,1.0,1,1.0,1,0.24667309535204784,35
261,1,401,213,188,0,0,0,1.0,1,1.0,1,1.0,1,0.24858918834000748,35
262,2,403,215,188,0,0,0,1.0,1,1.0,1,1.0,1,0.3234431925916514,35
263,3,406,216,190,0,0,0,1.0,1,1.0,1,1.0,1,0.3158233154623017,34
264,1,407,217,190,0,0,0,1.0,1,1.0,1,1.0,1,0.3665222232179993,32
265,2,409,219,190,0,0,0,1.0,1,1.0,1,1.0,1,0.3183292541960139,30
266,2,411,221,190,0,0,0,1.0,1,1.0,1,1.0,1,0.3802025795690144,31
267,2,413,223,190,0,0,0,1.0,1,1.0,1,1.0,1,0.38220857128821584,30
268,1,414,223,191,0,0,0,1.0,1,1.0,1,1.0,1,0.34148451545406844,31
269,0,414,223,191,0,0,0,1.0,1,1.0,1,1.0,1,0.34148451545406844,31
270,5,419,225,194,0,0,0,1.0,1,1.0,1,1.0,1,0.3469244770371865,32
271,1,420,225,195,0,0,0,1.0,1,1.0,1,1.0,1,0.34497279696963334,31
272,2,422,226,196,0,0,0,1.0,1,1.0,1,1.0,1,0.4231932618038147,32
273,1,423,226,197,0,0,0,1.0,1,1.0,1,1.0,1,0.39320200041477654,32
274,2,425,227,198,0,0,0,1.0,1,1.0,1,1.0,1,0.39445053448117906,32
275,0,425,227,198,0,0,0,1.0,1,1.0,1,1.0,1,0.3646667656168265,33
276,3,428,228,200,0,0,0,1.0,1,1.0,1,1.0,1,0.3518372608624053,34
277,3,431,230,201,0,0,0,1.0,1,1.0,1,1.0,1,0.3359203009116185,32
278,1,432,231,201,0,0,0,1.0,1,1.0,1,1.0,1,0.35427190759129135,31
279,2,434,231,203,0,0,0,1.0,1,1.0,1,1.0,1,0.2753037611692182,31
280,1,435,231,204,0,0,0,1.0,1,1.0,1,1.0,1,0.284603412035367,30
281,2,437,231,206,0,0,0,1.0,1,1.0,1,1.0,1,0.20698479752204266,31
282,1,438,232,206,0,0,0,1.0,1,1.0,1,1.0,1,0.2679711766609676,30
283,3,441,233,208,0,0,0,1.0,1,1.0,1,1.0,1,0.1686925019703213,31
284,1,442,234,208,0,0,0,1.0,1,1.0,1,1.0,1,0.1878577398211937,31
285,0,442,234,208,0,0,0,1.0,1,1.0,1,1.0,1,0.1878577398211937,31
286,0,442,234,208,0,0,0,1.0,1,1.0,1,1.0,1,0.1878577398211937,31
287,2,444,235,209,0,0,0,1.0,1,1.0,1,1.0,1,0.2417360984504208,33
288,0,444,235,209,0,0,0,1.0,1,1.0,1,1.0,1,0.28477647767961645,32
289,2,446,236,210,0,0,0,1.0,1,1.0,1,1.0,1,0.34819908013565026,32
290,0,446,236,210,0,0,0,1.0,1,1.0,1,1.0,1,0.3352347701652254,31
291,0,446,236,210,0,0,0,1.0,1,1.0,1,1.0,1,0.3358594732543251,30
292,1,447,237,210,0,0,0,1.0,1,1.0,1,1.0,1,0.3030367160894219,32
293,0,447,237,210,0,0,0,1.0,1,1.0,1,1.0,1,0.3030367160894219,32
294,0,447,237,210,0,0,0,1.0,1,1.0,1,1.0,1,0.3030367160894219,32
295,2,449,238,211,0,0,0,1.0,1,1.0,1,1.0,1,0.2823046087437554,34
296,0,449,238,211,0,0,0,1.0,1,1.0,1,1.0,1,0.2823046087437554,34
297,2,451,239,212,0,0,0,1.0,1,1.0,1,1.0,1,0.29543785346666757,34
298,2,453,240,213,0,0,0,1.0,1,1.0,1,1.0,1,0.2971328707555853,35
299,2,455,240,215,0,0,0,1.0,1,1.0,1,1.0,1,0.2816920392016245,35
300,1,456,241,215,0,0,0,1.0,1,1.0,1,1.0,1,0.29561357529599885,35
301,1,457,242,215,0,0,0,1.0,1,1.0,1,1.0,1,0.32770651730251343,38
302,4,461,243,218,0,0,0,1.0,1,1.0,1,1.0,1,0.31227513619184133,38
303,4,465,244,221,0,0,0,1.0,1,1.0,1,1.0,1,0.2697924197438796,37
304,1,466,245,221,0,0,0,1.0,1,1.0,1,1.0,1,0.29733575964002995,37
305,4,470,246,224,0,0,0,1.0,1,1.0,1,1.0,1,0.31655786074758924,36
306,2,472,247,225,0,0,0,1.0,1,1.0,1,1.0,1,0.3224590816509956,36
307,0,472,247,225,0,0,0,1.0,1,1.0,1,1.0,1,0.3146407563836965,35
308,1,473,247,226,0,0,0,1.0,1,1.0,1,1.0,1,0.29218830320855815,37
309,1,474,247,227,0,0,0,1.0,1,1.0,1,1.0,1,0.261008937704541,37
310,1,475,247,228,0,0,0,1.0,1,1.0,1,1.0,1,0.2401334749506324,37
311,0,475,247,228,0,0,0,1.0,1,1.0,1,1.0,1,0.23351556733580942,39
312,1,476,248,228,0,0,0,1.0,1,1.0,1,1.0,1,0.25909165075444285,40
313,0,476,248,228,0,0,0,1.0,1,1.0,1,1.0,1,0.2462638537735356,39
314,0,476,248,228,0,0,0,1.0,1,1.0,1,1.0,1,0.25752054310437905,40
315,0,476,248,228,0,0,0,1.0,1,1.0,1,1.0,1,0.24629450541285955,39
316,0,476,248,228,0,0,0,1.0,1,1.0,1,1.0,1,0.24629450541285955,39
317,0,476,248,228,0,0,0,1.0,1,1.0,1,1.0,1,0.2687971177700564,40
318,2,478,249,229,0,0,0,1.0,1,1.0,1,1.0,1,0.2544182890960273,41
319,3,481,249,232,0,0,0,1.0,1,1.0,1,1.0,1,0.26927200418810154,41
320,4,485,250,235,0,0,0,1.0,1,1.0,1,1.0,1,0.17939521852251078,41
321,0,485,250,235,0,0,0,1.0,1,1.0,1,1.0,1,0.17939521852251078,41
322,2,487,251,236,0,0,0,1.0,1,1.0,1,1.0,1,0.15629634467443573,41
323,1,488,251,237,0,0,0,1.0,1,1.0,1,1.0,1,0.1203438506107308,41
324,2,490,253,237,0,0,0,1.0,1,1.0,1,1.0,1,0.18183522294765542,42
325,2,492,254,238,0,0,0,1.0,1,1.0,1,1.0,1,0.18367266551101305,42
326,1,493,255,238,0,0,0,1.0,1,1.0,1,1.0,1,0.23492471821786112,42
327,2,495,255,240,0,0,0,1.0,1,1.0,1,1.0,1,0.20810054998871536,42
328,0,495,255,240,0,0,0,1.0,1,1.0,1,1.0,1,0.2127673234107381,43
329,1,496,255,241,0,0,0,1.0,1,1.0,1,1.0,1,0.195810331806346,43
330,0,496,255,241,0,0,0,1.0,1,1.0,1,1.0,1,0.18429605965527704,45
331,0,496,255,241,0,0,0,1.0,1,1.0,1,1.0,1,0.18429605965527704,45
332,0,496,255,241,0,0,0,1.0,1,1.0,1,1.0,1,0.186256320025283,45
333,1,497,256,241,0,0,0,1.0,1,1.0,1,1.0,1,0.20793455768131697,46
334,3,500,257,243,0,0,0,1.0,1,1.0,1,1.0,1,0.13984013082379038,48
335,2,502,258,244,0,0,0,1.0,1,1.0,1,1.0,1,0.13412925433127826,48
336,1,503,258,245,0,0,0,1.0,1,1.0,1,1.0,1,0.11056955073201244,48
337,0,503,258,245,0,0,0,1.0,1,1.0,1,1.0,1,0.12457291503149875,49
338,1,504,259,245,0,0,0,1.0,1,1.0,1,1.0,1,0.1318520117100055,50
339,0,504,259,245,0,0,0,1.0,1,1.0,1,1.0,1,0.1318520117100055,50
340,0,504,259,245,0,0,0,1.0,1,1.0,1,1.0,1,0.1318520117100055,50
341,1,505,259,246,0,0,0,1.0,1,1.0,1,1.0,1,0.12627485518914988,51
342,1,506,260,246,0,0,0,1.0,1,1.0,1,1.0,1,0.16150843322875003,51
343,0,506,260,246,0,0,0,1.0,1,1.0,1,1.0,1,0.1606274437207846,51
344,0,506,260,246,0,0,0,1.0,1,1.0,1,1.0,1,0.15527447241328662,50
345,1,507,261,246,0,0,0,1.0,1,1.0,1,1.0,1,0.1608346106697896,51
346,3,510,263,247,0,0,0,1.0,1,1.0,1,1.0,1,0.1824992301084619,51
347,4,514,266,248,0,0,0,1.0,1,1.0,1,1.0,1,0.1398292787661897,51
348,4,518,268,250,0,0,0,1.0,1,1.0,1,1.0,1,0.18390417218982003,53
349,1,519,268,251,0,0,0,1.0,1,1.0,1,1.0,1,0.1587673772089784,55
350,1,520,269,251,0,0,0,1.0,1,1.0,1,1.0,1,0.1767059948302891,54
351,3,523,270,253,0,0,0,1.0,1,1.0,1,1.0,1,0.1911020863259803,54
352,4,527,272,255,0,0,0,1.0,1,1.0,1,1.0,1,0.18461692535199514,53
353,2,529,273,256,0,0,0,1.0,1,1.0,1,1.0,1,0.2008102862956532,53
354,0,529,273,256,0,0,0,1.0,1,1.0,1,1.0,1,0.19141945484083575,50
355,0,529,273,256,0,0,0,1.0,1,1.0,1,1.0,1,0.20523233534899568,51
356,2,531,275,256,0,0,0,1.0,1,1.0,1,1.0,1,0.2479507871926467,51
357,3,534,275,259,0,0,0,1.0,1,1.0,1,1.0,1,0.22888856867439783,50
358,2,536,277,259,0,0,0,1.0,1,1.0,1,1.0,1,0.25725670636108816,48
359,5,541,279,262,0,0,0,1.0,1,1.0,1,1.0,1,0.25848090252592953,47
360,1,542,279,263,0,0,0,1.0,1,1.0,1,1.0,1,0.2614046076817388,45
361,1,543,280,263,0,0,0,1.0,1,1.0,1,1.0,1,0.2786586130881918,44
362,2,545,280,265,0,0,0,1.0,1,1.0,1,1.0,1,0.25618740774550836,44
363,1,546,281,265,0,0,0,1.0,1,1.0,1,1.0,1,0.24692493668862528,44
364,0,546,281,265,0,0,0,1.0,1,1.0,1,1.0,1,0.24982150924364,43
365,1,547,282,265,0,0,0,1.0,1,1.0,1,1.0,1,0.262508781737756,43
366,2,549,283,266,0,0,0,1.0,1,1.0,1,1.0,1,0.2913504959934096,45
367,1,550,283,267,0,0,0,1.0,1,1.0,1,1.0,1,0.2913299297513918,44
368,1,551,283,268,0,0,0,1.0,1,1.0,1,1.0,1,0.24896258513180947,46
369,2,553,284,269,0,0,0,1.0,1,1.0,1,1.0,1,0.27531248121565843,45
370,0,553,284,269,0,0,0,1.0,1,1.0,1,1.0,1,0.2761636666259253,46
371,1,554,284,270,0,0,0,1.0,1,1.0,1,1.0,1,0.2980503294000563,47
372,0,554,284,270,0,0,0,1.0,1,1.0,1,1.0,1,0.30145641570815934,48
373,3,557,285,272,0,0,0,1.0,1,1.0,1,1.0,1,0.2689958583857557,48
374,0,557,285,272,0,0,0,1.0,1,1.0,1,1.0,1,0.28430730529572823,49
375,0,557,285,272,0,0,0,1.0,1,1.0,1,1.0,1,0.28430730529572823,49
376,2,559,287,272,0,0,0,1.0,1,1.0,1,1.0,1,0.27931226031186146,49
377,4,563,289,274,0,0,0,1.0,1,1.0,1,1.0,1,0.2500086252754642,49
378,4,567,290,277,0,0,0,1.0,1,1.0,1,1.0,1,0.21372872794952186,49
379,0,567,290,277,0,0,0,1.0,1,1.0,1,1.0,1,0.2205189012762174,50
380,3,570,291,279,0,0,0,1.0,1,1.0,1,1.0,1,0.18812953760885065,50
381,3,573,293,280,0,0,0,1.0,1,1.0,1,1.0,1,0.20838287866331723,51
382,1,574,293,281,0,0,0,1.0,1,1.0,1,1.0,1,0.21918787671938197,50
383,2,576,295,281,0,0,0,1.0,1,1.0,1,1.0,1,0.23335957565030022,51
384,4,580,297,283,0,0,0,1.0,1,1.0,1,1.0,1,0.19686749048125007,50
385,0,580,297,283,0,0,0,1.0,1,1.0,1,1.0,1,0.20388098510468686,50
386,3,583,298,285,0,0,0,1.0,1,1.0,1,1.0,1,0.1957169829819395,48
387,1,584,298,286,0,0,0,1.0,1,1.0,1,1.0,1,0.17444483159318785,47
388,1,585,299,286,0,0,0,1.0,1,1.0,1,1.0,1,0.19809967559471908,48
389,0,585,299,286,0,0,0,1.0,1,1.0,1,1.0,1,0.19766739798549732,47
390,4,589,301,288,0,0,0,1.0,1,1.0,1,1.0,1,0.22739022780599435,49
391,2,591,302,289,0,0,0,1.0,1,1.0,1,1.0,1,0.2031783617707169,46
392,1,592,303,289,0,0,0,1.0,1,1.0,1,1.0,1,0.25645825627808533,46
393,2,594,304,290,0,0,0,1.0,1,1.0,1,1.0,1,0.289287695503102,44
394,5,599,305,294,0,0,0,1.0,1,1.0,1,1.0,1,0.25347295216507837,43
395,0,599,305,294,0,0,0,1.0,1,1.0,1,1.0,1,0.26630817683872615,42
396,2,601,307,294,0,0,0,1.0,1,1.0,1,1.0,1,0.3484062673447827,39
397,7,608,309,299,0,0,0,1.0,1,1.0,1,1.0,1,0.34370857781069314,39
398,1,609,309,300,0,0,0,1.0,1,1.0,1,1.0,1,0.3344673384873903,36
399,1,610,309,301,0,0,0,1.0,1,1.0,1,1.0,1,0.30831270656518295,36
400,2,612,311,301,0,0,0,1.0,1,1.0,1,1.0,1,0.3180158940820748,34
401,3,615,312,303,0,0,0,1.0,1,1.0,1,1.0,1,0.24334853575509105,33
402,1,616,312,304,0,0,0,1.0,1,1.0,1,1.0,1,0.20801375211636783,34
403,0,616,312,304,0,0,0,1.0,1,1.0,1,1.0,1,0.21947929761138008,36
404,2,618,314,304,0,0,0,1.0,1,1.0,1,1.0,1,0.24024490818516697,36
405,0,618,314,304,0,0,0,1.0,1,1.0,1,1.0,1,0.24646971835247755,37
406,0,618,314,304,0,0,0,1.0,1,1.0,1,1.0,1,0.24646971835247755,37
407,0,618,314,304,0,0,0,1.0,1,1.0,1,1.0,1,0.24423769545529,39
408,2,620,316,304,0,0,0,1.0,1,1.0,1,1.0,1,0.25263838932451543,40
409,1,621,316,305,0,0,0,1.0,1,1.0,1,1.0,1,0.256049037899923,41
410,1,622,317,305,0,0,0,1.0,1,1.0,1,1.0,1,0.2577036534426439,42
411,1,623,317,306,0,0,0,1.0,1,1.0,1,1.0,1,0.251451986962491,43
412,3,626,319,307,0,0,0,1.0,1,1.0,1,1.0,1,0.2660194335937068,44
413,0,626,319,307,0,0,0,1.0,1,1.0,1,1.0,1,0.2660194335937068,44
414,0,626,319,307,0,0,0,1.0,1,1.0,1,1.0,1,0.26288434538689126,45
415,0,626,319,307,0,0,0,1.0,1,1.0,1,1.0,1,0.26288434538689126,45
416,1,627,319,308,0,0,0,1.0,1,1.0,1,1.0,1,0.2421149019806715,46
417,2,629,321,308,0,0,0,1.0,1,1.0,1,1.0,1,0.259465911673232,46
418,1,630,321,309,0,0,0,1.0,1,1.0,1,1.0,1,0.23592256075987467,47
419,0,630,321,309,0,0,0,1.0,1,1.0,1,1.0,1,0.23592256075987467,47
420,0,630,321,309,0,0,0,1.0,1,1.0,1,1.0,1,0.23592256075987467,47
421,0,630,321,309,0,0,0,1.0,1,1.0,1,1.0,1,0.23592256075987467,47
422,2,632,322,310,0,0,0,1.0,1,1.0,1,1.0,1,0.23134169096728432,49
423,3,635,324,311,0,0,0,1.0,1,1.0,1,1.0,1,0.24682696209163535,47
424,3,638,325,313,0,0,0,1.0,1,1.0,1,1.0,1,0.2256457887823939,45
425,1,639,326,313,0,0,0,1.0,1,1.0,1,1.0,1,0.25195573475726535,46
426,1,640,327,313,0,0,0,1.0,1,1.0,1,1.0,1,0.29085943598191993,46
427,1,641,328,313,0,0,0,1.0,1,1.0,1,1.0,1,0.30216140927345275,45
428,3,644,329,315,0,0,0,1.0,1,1.0,1,1.0,1,0.3095883996590307,45
429,4,648,331,317,0,0,0,1.0,1,1.0,1,1.0,1,0.292824274071899,42
430,3,651,332,319,0,0,0,1.0,1,1.0,1,1.0,1,0.2744282244351309,40
431,4,655,333,322,0,0,0,1.0,1,1.0,1,1.0,1,0.19778110466591473,39
432,2,657,334,323,0,0,0,1.0,1,1.0,1,1.0,1,0.16448123509120344,37
433,1,658,335,323,0,0,0,1.0,1,1.0,1,1.0,1,0.17426673838571338,35
434,1,659,335,324,0,0,0,1.0,1,1.0,1,1.0,1,0.20465755250242285,33
435,0,659,335,324,0,0,0,1.0,1,1.0,1,1.0,1,0.20465755250242285,33
436,0,659,335,324,0,0,0,1.0,1,1.0,1,1.0,1,0.20465755250242285,33
437,2,661,337,324,0,0,0,1.0,1,1.0,1,1.0,1,0.21586866258991344,33
438,0,661,337,324,0,0,0,1.0,1,1.0,1,1.0,1,0.23919427412353292,32
439,2,663,338,325,0,0,0,1.0,1,1.0,1,1.0,1,0.18397623571743632,34
440,1,664,339,325,0,0,0,1.0,1,1.0,1,1.0,1,0.1965866115812777,34
441,3,667,340,327,0,0,0,1.0,1,1.0,1,1.0,1,0.21022255065993728,35
442,2,669,342,327,0,0,0,1.0,1,1.0,1,1.0,1,0.2527699539908308,37
443,5,674,346,328,0,0,0,1.0,1,1.0,1,1.0,1,0.22496249912798566,37
444,1,675,346,329,0,0,0,1.0,1,1.0,1,1.0,1,0.2169916933531163,38
445,1,676,347,329,0,0,0,1.0,1,1.0,1,1.0,1,0.22523947643575282,39
446,0,676,347,329,0,0,0,1.0,1,1.0,1,1.0,1,0.22523947643575282,39
447,1,677,348,329,0,0,0,1.0,1,1.0,1,1.0,1,0.254743694170133,41
448,0,677,348,329,0,0,0,1.0,1,1.0,1,1.0,1,0.254743694170133,41
449,0,677,348,329,0,0,0,1.0,1,1.0,1,1.0,1,0.27597893347238267,40
450,0,677,348,329,0,0,0,1.0,1,1.0,1,1.0,1,0.29907758771056514,40
451,1,678,348,330,0,0,0,1.0,1,1.0,1,1.0,1,0.2788869539500042,41
452,0,678,348,330,0,0,0,1.0,1,1.0,1,1.0,1,0.2788869539500042,41
453,1,679,349,330,0,0,0,1.0,1,1.0,1,1.0,1,0.27791036813154496,40
454,1,680,349,331,0,0,0,1.0,1,1.0,1,1.0,1,0.2723413555453338,41
455,4,684,352,332,0,0,0,1.0,1,1.0,1,1.0,1,0.25896108086025615,41
456,4,688,352,336,0,0,0,1.0,1,1.0,1,1.0,1,0.2198738843236743,43
457,3,691,353,338,0,0,0,1.0,1,1.0,1,1.0,1,0.20728358578323827,43
458,2,693,353,340,0,0,0,1.0,1,1.0,1,1.0,1,0.16404835737282253,43
459,0,693,353,340,0,0,0,1.0,1,1.0,1,1.0,1,0.1549041725189603,44
460,0,693,353,340,0,0,0,1.0,1,1.0,1,1.0,1,0.1810800140714925,47
461,1,694,354,340,0,0,0,1.0,1,1.0,1,1.0,1,0.1868908922049018,48
462,3,697,356,341,0,0,0,1.0,1,1.0,1,1.0,1,0.22997853353529077,49
463,3,700,357,343,0,0,0,1.0,1,1.0,1,1.0,1,0.17695708536923582,47
464,1,701,357,344,0,0,0,1.0,1,1.0,1,1.0,1,0.17507520621129735,48
465,1,702,358,344,0,0,0,1.0,1,1.0,1,1.0,1,0.1471992408992323,47
466,0,702,358,344,0,0,0,1.0,1,1.0,1,1.0,1,0.15296089507276375,46
467,5,707,362,345,0,0,0,1.0,1,1.0,1,1.0,1,0.1463503606637457,44
468,3,710,365,345,0,0,0,1.0,1,1.0,1,1.0,1,0.15500987415587544,41
469,2,712,366,346,0,0,0,1.0,1,1.0,1,1.0,1,0.11608132878989032,40
470,2,714,368,346,0,0,0,1.0,1,1.0,1,1.0,1,0.13711066710563016,39
471,4,718,372,346,0,0,0,1.0,1,1.0,1,1.0,1,0.16911193072201522,38
472,6,724,378,346,0,0,0,1.0,1,1.0,1,1.0,1,0.28348302649370405,36
473,4,728,380,348,0,0,0,1.0,1,1.0,1,1.0,1,0.29701322537070535,36
474,3,731,381,350,0,0,0,1.0,1,1.0,1,1.0,1,0.22962963821352753,34
475,2,733,382,351,0,0,0,1.0,1,1.0,1,1.0,1,0.23555322324839623,34
476,0,733,382,351,0,0,0,1.0,1,1.0,1,1.0,1,0.21080391614469676,32
477,1,734,383,351,0,0,0,1.0,1,1.0,1,1.0,1,0.2594642491373122,32
478,0,734,383,351,0,0,0,1.0,1,1.0,1,1.0,1,0.23343528569290675,30
479,1,735,384,351,0,0,0,1.0,1,1.0,1,1.0,1,0.2713245957004784,31
480,0,735,384,351,0,0,0,1.0,1,1.0,1,1.0,1,0.3313721796909646,27
481,2,737,385,352,0,0,0,1.0,1,1.0,1,1.0,1,0.29546585062252295,28
482,1,738,386,352,0,0,0,1.0,1,1.0,1,1.0,1,0.2531290155971454,28
483,1,739,386,353,0,0,0,1.0,1,1.0,1,1.0,1,0.22339094694627978,29
484,1,740,387,353,0,0,0,1.0,1,1.0,1,1.0,1,0.23262357575054501,29
485,0,740,387,353,0,0,0,1.0,1,1.0,1,1.0,1,0.23262357575054501,29
486,3,743,389,354,0,0,0,1.0,1,1.0,1,1.0,1,0.24439224858898062,31
487,2,745,389,356,0,0,0,1.0,1,1.0,1,1.0,1,0.24604593696128133,33
488,2,747,389,358,0,0,0,1.0,1,1.0,1,1.0,1,0.22495963812600378,34
489,2,749,391,358,0,0,0,1.0,1,1.0,1,1.0,1,0.2976389934380192,34
490,2,751,391,360,0,0,0,1.0,1,1.0,1,1.0,1,0.2511120635169775,34
491,1,752,392,360,0,0,0,1.0,1,1.0,1,1.0,1,0.28992291376909524,34
492,3,755,392,363,0,0,0,1.0,1,1.0,1,1.0,1,0.1931707654365264,34
493,0,755,392,363,0,0,0,1.0,1,1.0,1,1.0,1,0.1931707654365264,34
494,1,756,393,363,0,0,0,1.0,1,1.0,1,1.0,1,0.2165407080735001,36
495,0,756,393,363,0,0,0,1.0,1,1.0,1,1.0,1,0.2165407080735001,36
496,0,756,393,363,0,0,0,1.0,1,1.0,1,1.0,1,0.19545852626332635,37
497,1,757,394,363,0,0,0,1.0,1,1.0,1,1.0,1,0.20951570850220552,39
498,3,760,396,364,0,0,0,1.0,1,1.0,1,1.0,1,0.17589478064429043,40
499,1,761,396,365,0,0,0,1.0,1,1.0,1,1.0,1,0.16239589298275958,40
500,2,763,398,365,0,0,0,1.0,1,1.0,1,1.0,1,0.21990752978363468,42
501,2,765,398,367,0,0,0,1.0,1,1.0,1,1.0,1,0.1734281149749307,42
502,1,766,399,367,0,0,0,1.0,1,1.0,1,1.0,1,0.2300598490847874,42
503,3,769,400,369,0,0,0,1.0,1,1.0,1,1.0,1,0.19762616462643956,41
504,4,773,403,370,0,0,0,1.0,1,1.0,1,1.0,1,0.28017818989323506,42
505,4,777,405,372,0,0,0,1.0,1,1.0,1,1.0,1,0.23096739268797734,38
506,0,777,405,372,0,0,0,1.0,1,1.0,1,1.0,1,0.24136722452960438,37
507,0,777,405,372,0,0,0,1.0,1,1.0,1,1.0,1,0.24289721960580896,35
508,2,779,407,372,0,0,0,1.0,1,1.0,1,1.0,1,0.3535956927238076,35
509,1,780,407,373,0,0,0,1.0,1,1.0,1,1.0,1,0.3054952763410759,34
510,0,780,407,373,0,0,0,1.0,1,1.0,1,1.0,1,0.3049549055016618,34
511,1,781,408,373,0,0,0,1.0,1,1.0,1,1.0,1,0.35490706261331423,32
512,2,783,410,373,0,0,0,1.0,1,1.0,1,1.0,1,0.37052301867034665,30
513,2,785,410,375,0,0,0,1.0,1,1.0,1,1.0,1,0.3280357946826258,31
514,0,785,410,375,0,0,0,1.0,1,1.0,1,1.0,1,0.3280357946826258,31
515,3,788,412,376,0,0,0,1.0,1,1.0,1,1.0,1,0.39985755467330375,32
516,3,791,412,379,0,0,0,1.0,1,1.0,1,1.0,1,0.31165050303919295,31
517,4,795,415,380,0,0,0,1.0,1,1.0,1,1.0,1,0.28287683300748084,32
518,0,795,415,380,0,0,0,1.0,1,1.0,1,1.0,1,0.2685870308158888,31
519,1,796,416,380,0,0,0,1.0,1,1.0,1,1.0,1,0.29895789396100053,31
520,2,798,418,380,0,0,0,1.0,1,1.0,1,1.0,1,0.2987793972025875,33
521,2,800,419,381,0,0,0,1.0,1,1.0,1,1.0,1,0.2673996584409688,34
522,1,801,420,381,0,0,0,1.0,1,1.0,1,1.0,1,0.25812048818254396,34
523,0,801,420,381,0,0,0,1.0,1,1.0,1,1.0,1,0.27683860584250986,33
524,2,803,421,382,0,0,0,1.0,1,1.0,1,1.0,1,0.29617861389137656,34
525,1,804,421,383,0,0,0,1.0,1,1.0,1,1.0,1,0.31018472589746215,32
526,0,804,421,383,0,0,0,1.0,1,1.0,1,1.0,1,0.31018472589746215,32
527,0,804,421,383,0,0,0,1.0,1,1.0,1,1.0,1,0.3513597643390143,31
528,1,805,422,383,0,0,0,1.0,1,1.0,1,1.0,1,0.37518765441085317,31
529,2,807,422,385,0,0,0,1.0,1,1.0,1,1.0,1,0.31422032179020487,30
530,2,809,423,386,0,0,0,1.0,1,1.0,1,1.0,1,0.3410532101989578,30
531,1,810,423,387,0,0,0,1.0,1,1.0,1,1.0,1,0.33905305277338665,32
532,1,811,424,387,0,0,0,1.0,1,1.0,1,1.0,1,0.31827533205341685,32
533,1,812,425,387,0,0,0,1.0,1,1.0,1,1.0,1,0.32691033898737465,34
534,1,813,426,387,0,0,0,1.0,1,1.0,1,1.0,1,0.3385325417452993,34
535,3,816,427,389,0,0,0,1.0,1,1.0,1,1.0,1,0.34677476554057785,37
536,1,817,427,390,0,0,0,1.0,1,1.0,1,1.0,1,0.32181192523598645,37
537,2,819,429,390,0,0,0,1.0,1,1.0,1,1.0,1,0.3808566489501594,37
538,4,823,430,393,0,0,0,1.0,1,1.0,1,1.0,1,0.34388259099187096,38
539,1,824,430,394,0,0,0,1.0,1,1.0,1,1.0,1,0.32192796521762984,38
540,4,828,431,397,0,0,0,1.0,1,1.0,1,1.0,1,0.27743553753565936,38
541,0,828,431,397,0,0,0,1.0,1,1.0,1,1.0,1,0.2633584340032651,39
542,1,829,432,397,0,0,0,1.0,1,1.0,1,1.0,1,0.26631878131798065,40
543,1,830,433,397,0,0,0,1.0,1,1.0,1,1.0,1,0.26999227937823767,37
544,1,831,434,397,0,0,0,1.0,1,1.0,1,1.0,1,0.2972729390213287,35
545,0,831,434,397,0,0,0,1.0,1,1.0,1,1.0,1,0.2456212825502937,35
546,5,836,437,399,0,0,0,1.0,1,1.0,1,1.0,1,0.24899376229031975,35
547,1,837,437,400,0,0,0,1.0,1,1.0,1,1.0,1,0.17520786243301165,34
548,2,839,439,400,0,0,0,1.0,1,1.0,1,1.0,1,0.24976878446039819,34
549,4,843,441,402,0,0,0,1.0,1,1.0,1,1.0,1,0.28045100757766483,31
550,0,843,441,402,0,0,0,1.0,1,1.0,1,1.0,1,0.26342659358815834,30
551,1,844,442,402,0,0,0,1.0,1,1.0,1,1.0,1,0.2994926920061262,31
552,0,844,442,402,0,0,0,1.0,1,1.0,1,1.0,1,0.2588564992040678,29
553,0,844,442,402,0,0,0,1.0,1,1.0,1,1.0,1,0.2597291645683669,30
554,0,844,442,402,0,0,0,1.0,1,1.0,1,1.0,1,0.2542965040584626,30
555,2,846,442,404,0,0,0,1.0,1,1.0,1,1.0,1,0.2449750191390258,30
556,0,846,442,404,0,0,0,1.0,1,1.0,1,1.0,1,0.2624578205639727,31
557,0,846,442,404,0,0,0,1.0,1,1.0,1,1.0,1,0.2917842454812984,31
558,0,846,442,404,0,0,0,1.0,1,1.0,1,1.0,1,0.2917842454812984,31
559,0,846,442,404,0,0,0,1.0,1,1.0,1,1.0,1,0.2917842454812984,31
560,1,847,442,405,0,0,0,1.0,1,1.0,1,1.0,1,0.2627119358289861,32
561,0,847,442,405,0,0,0,1.0,1,1.0,1,1.0,1,0.27501802158200905,33
562,1,848,443,405,0,0,0,1.0,1,1.0,1,1.0,1,0.2731308622264675,33
563,3,851,445,406,0,0,0,1.0,1,1.0,1,1.0,1,0.2541635962248318,33
564,3,854,446,408,0,0,0,1.0,1,1.0,1,1.0,1,0.29381809812551396,34
565,4,858,447,411,0,0,0,1.0,1,1.0,1,1.0,1,0.21343319320237236,35
566,0,858,447,411,0,0,0,1.0,1,1.0,1,1.0,1,0.22582539397165258,36
567,3,861,448,413,0,0,0,1.0,1,1.0,1,1.0,1,0.23588133053878718,37
568,2,863,448,415,0,0,0,1.0,1,1.0,1,1.0,1,0.18740698296507352,36
569,1,864,449,415,0,0,0,1.0,1,1.0,1,1.0,1,0.17328767155229705,37
570,0,864,449,415,0,0,0,1.0,1,1.0,1,1.0,1,0.18007735955423246,38
571,1,865,450,415,0,0,0,1.0,1,1.0,1,1.0,1,0.19084782165810174,38
572,0,865,450,415,0,0,0,1.0,1,1.0,1,1.0,1,0.19591882385735537,39
573,1,866,451,415,0,0,0,1.0,1,1.0,1,1.0,1,0.21363961449384924,39
574,0,866,451,415,0,0,0,1.0,1,1.0,1,1.0,1,0.22099773657861294,41
575,0,866,451,415,0,0,0,1.0,1,1.0,1,1.0,1,0.22099773657861294,41
576,2,868,451,417,0,0,0,1.0,1,1.0,1,1.0,1,0.17216257993926234,42
577,0,868,451,417,0,0,0,1.0,1,1.0,1,1.0,1,0.17216257993926234,42
578,2,870,453,417,0,0,0,1.0,1,1.0,1,1.0,1,0.21866600282925908,41
579,0,870,453,417,0,0,0,1.0,1,1.0,1,1.0,1,0.21441820993065652,42
580,4,874,455,419,0,0,0,1.0,1,1.0,1,1.0,1,0.24680842515850787,43
581,5,879,458,421,0,0,0,1.0,1,1.0,1,1.0,1,0.2363886057159838,42
582,1,880,458,422,0,0,0,1.0,1,1.0,1,1.0,1,0.21437502474467382,41
583,2,882,460,422,0,0,0,1.0,1,1.0,1,1.0,1,0.21303969622311358,40
584,4,886,462,424,0,0,0,1.0,1,1.0,1,1.0,1,0.23422776979370868,38
585,7,893,466,427,0,0,0,1.0,1,1.0,1,1.0,1,0.20259981256061174,38
586,2,895,468,427,0,0,0,1.0,1,1.0,1,1.0,1,0.1819373380660924,37
587,4,899,470,429,0,0,0,1.0,1,1.0,1,1.0,1,0.21263676511627433,35
588,2,901,472,429,0,0,0,1.0,1,1.0,1,1.0,1,0.20037761247316183,35
589,1,902,472,430,0,0,0,1.0,1,1.0,1,1.0,1,0.14842204661910466,34
590,1,903,473,430,0,0,0,1.0,1,1.0,1,1.0,1,0.18789561303212826,36
591,0,903,473,430,0,0,0,1.0,1,1.0,1,1.0,1,0.18715808845327708,35
592,0,903,473,430,0,0,0,1.0,1,1.0,1,1.0,1,0.20756864821751533,37
593,1,904,474,430,0,0,0,1.0,1,1.0,1,1.0,1,0.18249927692328008,36
594,1,905,475,430,0,0,0,1.0,1,1.0,1,1.0,1,0.19028880330753936,35
595,1,906,476,430,0,0,0,1.0,1,1.0,1,1.0,1,0.20765409318300443,34
596,1,907,477,430,0,0,0,1.0,1,1.0,1,1.0,1,0.24493757201884694,34
597,2,909,479,430,0,0,0,1.0,1,1.0,1,1.0,1,0.25905966526184676,33
598,1,910,479,431,0,0,0,1.0,1,1.0,1,1.0,1,0.2671131872415051,33
599,3,913,481,432,0,0,0,1.0,1,1.0,1,1.0,1,0.22467680210310936,33
600,3,916,483,433,0,0,0,1.0,1,1.0,1,1.0,1,0.2511484307599871,33
601,2,918,484,434,0,0,0,1.0,1,1.0,1,1.0,1,0.2577148541705954,34
602,3,921,485,436,0,0,0,1.0,1,1.0,1,1.0,1,0.2581292898571714,35
603,0,921,485,436,0,0,0,1.0,1,1.0,1,1.0,1,0.25967113530109937,35
604,0,921,485,436,0,0,0,1.0,1,1.0,1,1.0,1,0.25152041791961244,35
605,1,922,485,437,0,0,0,1.0,1,1.0,1,1.0,1,0.2841643175315003,35
606,1,923,485,438,0,0,0,1.0,1,1.0,1,1.0,1,0.28621164051253467,35
607,2,925,486,439,0,0,0,1.0,1,1.0,1,1.0,1,0.3035605520825666,35
608,1,926,486,440,0,0,0,1.0,1,1.0,1,1.0,1,0.2935592486907369,36
609,0,926,486,440,0,0,0,1.0,1,1.0,1,1.0,1,0.3062395625297802,37
610,0,926,486,440,0,0,0,1.0,1,1.0,1,1.0,1,0.3062395625297802,37
611,2,928,488,440,0,0,0,1.0,1,1.0,1,1.0,1,0.28734331239837374,39
612,2,930,489,441,0,0,0,1.0,1,1.0,1,1.0,1,0.2731727861846993,39
613,2,932,490,442,0,0,0,1.0,1,1.0,1,1.0,1,0.2722751450243001,39
614,4,936,491,445,0,0,0,1.0,1,1.0,1,1.0,1,0.2727123968174204,39
615,2,938,493,445,0,0,0,1.0,1,1.0,1,1.0,1,0.28067605176407107,39
616,3,941,494,447,0,0,0,1.0,1,1.0,1,1.0,1,0.26505291601977937,38
617,1,942,495,447,0,0,0,1.0,1,1.0,1,1.0,1,0.27046021049645774,39
618,2,944,496,448,0,0,0,1.0,1,1.0,1,1.0,1,0.2986466725431187,40
619,3,947,497,450,0,0,0,1.0,1,1.0,1,1.0,1,0.24611810823438998,39
620,2,949,499,450,0,0,0,1.0,1,1.0,1,1.0,1,0.21402957161722733,38
621,4,953,500,453,0,0,0,1.0,1,1.0,1,1.0,1,0.1853051500972662,38
622,0,953,500,453,0,0,0,1.0,1,1.0,1,1.0,1,0.1660915453193736,38
623,2,955,502,453,0,0,0,1.0,1,1.0,1,1.0,1,0.22007298307081688,37
624,3,958,503,455,0,0,0,1.0,1,1.0,1,1.0,1,0.1527128030787487,33
625,1,959,504,455,0,0,0,1.0,1,1.0,1,1.0,1,0.16856854689316247,32
626,3,962,507,455,0,0,0,1.0,1,1.0,1,1.0,1,0.11993776335211169,31
627,3,965,509,456,0,0,0,1.0,1,1.0,1,1.0,1,0.07857853262365805,30
628,5,970,514,456,0,0,0,1.0,1,1.0,1,1.0,1,0.25799278593433167,32
629,2,972,515,457,0,0,0,1.0,1,1.0,1,1.0,1,0.28762751195278885,29
630,3,975,516,459,0,0,0,1.0,1,1.0,1,1.0,1,0.2326189366096335,29
631,1,976,517,459,0,0,0,1.0,1,1.0,1,1.0,1,0.2723109926068311,25
632,0,976,517,459,0,0,0,1.0,1,1.0,1,1.0,1,0.26972533202695786,24
633,0,976,517,459,0,0,0,1.0,1,1.0,1,1.0,1,0.2654704172697687,23
634,0,976,517,459,0,0,0,1.0,1,1.0,1,1.0,1,0.2654704172697687,23
635,1,977,517,460,0,0,0,1.0,1,1.0,1,1.0,1,0.22736117373411815,22
636,0,977,517,460,0,0,0,1.0,1,1.0,1,1.0,1,0.2630563115647609,22
637,1,978,518,460,0,0,0,1.0,1,1.0,1,1.0,1,0.28856124205059736,23
638,4,982,519,463,0,0,0,1.0,1,1.0,1,1.0,1,0.2257840290214126,23
639,0,982,519,463,0,0,0,1.0,1,1.0,1,1.0,1,0.24945910853739256,24
640,2,984,520,464,0,0,0,1.0,1,1.0,1,1.0,1,0.2749658104306362,24
641,0,984,520,464,0,0,0,1.0,1,1.0,1,1.0,1,0.2722283523061896,25
642,0,984,520,464,0,0,0,1.0,1,1.0,1,1.0,1,0.2247011224854885,26
643,0,984,520,464,0,0,0,1.0,1,1.0,1,1.0,1,0.19061490212535848,28
644,2,986,522,464,0,0,0,1.0,1,1.0,1,1.0,1,0.1600881061540527,28
645,2,988,524,464,0,0,0,1.0,1,1.0,1,1.0,1,0.22424394195164363,28
646,0,988,524,464,0,0,0,1.0,1,1.0,1,1.0,1,0.2112941598498203,29
647,1,989,525,464,0,0,0,1.0,1,1.0,1,1.0,1,0.23615376774184224,30
648,0,989,525,464,0,0,0,1.0,1,1.0,1,1.0,1,0.23615376774184224,30
649,1,990,526,464,0,0,0,1.0,1,1.0,1,1.0,1,0.2745167928788992,31
650,2,992,528,464,0,0,0,1.0,1,1.0,1,1.0,1,0.23335051738420456,31
651,1,993,529,464,0,0,0,1.0,1,1.0,1,1.0,1,0.23107504153036781,32
652,0,993,529,464,0,0,0,1.0,1,1.0,1,1.0,1,0.23107504153036781,32
653,0,993,529,464,0,0,0,1.0,1,1.0,1,1.0,1,0.22302826593384997,33
654,0,993,529,464,0,0,0,1.0,1,1.0,1,1.0,1,0.22302826593384997,33
655,5,998,531,467,0,0,0,1.0,1,1.0,1,1.0,1,0.23701621677841464,36
656,3,1001,533,468,0,0,0,1.0,1,1.0,1,1.0,1,0.2767383155773401,36
657,1,1002,534,468,0,0,0,1.0,1,1.0,1,1.0,1,0.30235280553940513,35
658,2,1004,536,468,0,0,0,1.0,1,1.0,1,1.0,1,0.35811960496250744,33
659,3,1007,537,470,0,0,0,1.0,1,1.0,1,1.0,1,0.3126228323960086,35
660,1,1008,538,470,0,0,0,1.0,1,1.0,1,1.0,1,0.3152681529344743,34
661,0,1008,538,470,0,0,0,1.0,1,1.0,1,1.0,1,0.3240922601223239,33
662,3,1011,540,471,0,0,0,1.0,1,1.0,1,1.0,1,0.36169020042936095,31
663,1,1012,541,471,0,0,0,1.0,1,1.0,1,1.0,1,0.3855689825345661,29
664,2,1014,541,473,0,0,0,1.0,1,1.0,1,1.0,1,0.35438054675306496,27
665,2,1016,542,474,0,0,0,1.0,1,1.0,1,1.0,1,0.306011821078654,27
666,5,1021,544,477,0,0,0,1.0,1,1.0,1,1.0,1,0.25257069940061294,28
667,1,1022,545,477,0,0,0,1.0,1,1.0,1,1.0,1,0.2822229950780835,26
668,4,1026,546,480,0,0,0,1.0,1,1.0,1,1.0,1,0.20630003194560792,26
669,1,1027,547,480,0,0,0,1.0,1,1.0,1,1.0,1,0.18329216728993394,25
670,0,1027,547,480,0,0,0,1.0,1,1.0,1,1.0,1,0.19142740900969374,24
671,1,1028,547,481,0,0,0,1.0,1,1.0,1,1.0,1,0.13372603789347995,24
672,1,1029,548,481,0,0,0,1.0,1,1.0,1,1.0,1,0.21123227318548343,25
673,1,1030,549,481,0,0,0,1.0,1,1.0,1,1.0,1,0.1706850825952376,25
674,1,1031,550,481,0,0,0,1.0,1,1.0,1,1.0,1,0.1586671026887287,25
675,1,1032,551,481,0,0,0,1.0,1,1.0,1,1.0,1,0.26738966819179155,26
676,3,1035,554,481,0,0,0,1.0,1,1.0,1,1.0,1,0.14612126628294672,27
677,1,1036,555,481,0,0,0,1.0,1,1.0,1,1.0,1,0.1751121971777172,28
678,1,1037,556,481,0,0,0,1.0,1,1.0,1,1.0,1,0.1768185862419171,28
679,2,1039,557,482,0,0,0,1.0,1,1.0,1,1.0,1,0.21222139518164307,30
680,0,1039,557,482,0,0,0,1.0,1,1.0,1,1.0,1,0.23813422060558548,29
681,0,1039,557,482,0,0,0,1.0,1,1.0,1,1.0,1,0.23813422060558548,29
682,0,1039,557,482,0,0,0,1.0,1,1.0,1,1.0,1,0.2452753349198555,30
683,2,1041,558,483,0,0,0,1.0,1,1.0,1,1.0,1,0.24729610358256224,30
684,1,1042,558,484,0,0,0,1.0,1,1.0,1,1.0,1,0.21256027670435051,31
685,0,1042,558,484,0,0,0,1.0,1,1.0,1,1.0,1,0.24893600794746532,30
686,2,1044,559,485,0,0,0,1.0,1,1.0,1,1.0,1,0.2594233147310627,30
687,1,1045,560,485,0,0,0,1.0,1,1.0,1,1.0,1,0.3012835378388896,30
688,2,1047,560,487,0,0,0,1.0,1,1.0,1,1.0,1,0.23973759491915575,31
689,0,1047,560,487,0,0,0,1.0,1,1.0,1,1.0,1,0.2336994436060565,32
690,0,1047,560,487,0,0,0,1.0,1,1.0,1,1.0,1,0.2336994436060565,32
691,0,1047,560,487,0,0,0,1.0,1,1.0,1,1.0,1,0.2336994436060565,32
692,2,1049,562,487,0,0,0,1.0,1,1.0,1,1.0,1,0.22913212204827374,32
693,1,1050,563,487,0,0,0,1.0,1,1.0,1,1.0,1,0.24094218398037678,34
694,3,1053,565,488,0,0,0,1.0,1,1.0,1,1.0,1,0.3354366664877425,36
695,2,1055,566,489,0,0,0,1.0,1,1.0,1,1.0,1,0.2895170977456211,34
696,5,1060,568,492,0,0,0,1.0,1,1.0,1,1.0,1,0.2788570759730846,33
697,0,1060,568,492,0,0,0,1.0,1,1.0,1,1.0,1,0.28048865896529585,33
698,5,1065,570,495,0,0,0,1.0,1,1.0,1,1.0,1,0.24164152352029025,34
699,1,1066,571,495,0,0,0,1.0,1,1.0,1,1.0,1,0.2768540407289087,33
700,2,1068,572,496,0,0,0,1.0,1,1.0,1,1.0,1,0.23940263388501287,32
701,2,1070,572,498,0,0,0,1.0,1,1.0,1,1.0,1,0.21496762315334114,33
702,2,1072,574,498,0,0,0,1.0,1,1.0,1,1.0,1,0.26562964572056363,34
703,1,1073,575,498,0,0,0,1.0,1,1.0,1,1.0,1,0.23461808681559623,32
704,1,1074,576,498,0,0,0,1.0,1,1.0,1,1.0,1,0.21590962568125063,31
705,2,1076,578,498,0,0,0,1.0,1,1.0,1,1.0,1,0.20865766720901419,33
706,4,1080,581,499,0,0,0,1.0,1,1.0,1,1.0,1,0.28901512575409655,33
707,1,1081,582,499,0,0,0,1.0,1,1.0,1,1.0,1,0.2598464226166082,31
708,2,1083,584,499,0,0,0,1.0,1,1.0,1,1.0,1,0.3437703886588691,31
709,2,1085,585,500,0,0,0,1.0,1,1.0,1,1.0,1,0.3385047560153631,30
710,2,1087,585,502,0,0,0,1.0,1,1.0,1,1.0,1,0.28066587601750037,30
711,0,1087,585,502,0,0,0,1.0,1,1.0,1,1.0,1,0.28354931801814953,30
712,0,1087,585,502,0,0,0,1.0,1,1.0,1,1.0,1,0.28289350096587623,30
713,0,1087,585,502,0,0,0,1.0,1,1.0,1,1.0,1,0.3036048229233291,31
714,3,1090,586,504,0,0,0,1.0,1,1.0,1,1.0,1,0.3124114862607381,31
715,0,1090,586,504,0,0,0,1.0,1,1.0,1,1.0,1,0.3367905125140016,30
716,1,1091,587,504,0,0,0,1.0,1,1.0,1,1.0,1,0.3589088039740214,31
717,0,1091,587,504,0,0,0,1.0,1,1.0,1,1.0,1,0.37110940642324636,32
718,1,1092,587,505,0,0,0,1.0,1,1.0,1,1.0,1,0.33974613429959183,32
719,2,1094,588,506,0,0,0,1.0,1,1.0,1,1.0,1,0.32091600050729785,32
720,0,1094,588,506,0,0,0,1.0,1,1.0,1,1.0,1,0.3146150033979954,34
721,0,1094,588,506,0,0,0,1.0,1,1.0,1,1.0,1,0.3146150033979954,34
722,0,1094,588,506,0,0,0,1.0,1,1.0,1,1.0,1,0.3146150033979954,34
723,2,1096,588,508,0,0,0,1.0,1,1.0,1,1.0,1,0.28272359118331297,35
724,3,1099,590,509,0,0,0,1.0,1,1.0,1,1.0,1,0.32746052140976895,36
725,3,1102,590,512,0,0,0,1.0,1,1.0,1,1.0,1,0.2444884681481759,37
726,1,1103,590,513,0,0,0,1.0,1,1.0,1,1.0,1,0.20213652749371255,37
727,1,1104,590,514,0,0,0,1.0,1,1.0,1,1.0,1,0.2128053339324417,38
728,0,1104,590,514,0,0,0,1.0,1,1.0,1,1.0,1,0.21298762674662916,39
729,0,1104,590,514,0,0,0,1.0,1,1.0,1,1.0,1,0.21298762674662916,39
730,0,1104,590,514,0,0,0,1.0,1,1.0,1,1.0,1,0.22126426774293137,40
731,0,1104,590,514,0,0,0,1.0,1,1.0,1,1.0,1,0.22126426774293137,40
732,1,1105,590,515,0,0,0,1.0,1,1.0,1,1.0,1,0.23468225219652766,41
733,1,1106,591,515,0,0,0,1.0,1,1.0,1,1.0,1,0.2237988157741356,41
734,1,1107,592,515,0,0,0,1.0,1,1.0,1,1.0,1,0.25297573282124997,42
735,0,1107,592,515,0,0,0,1.0,1,1.0,1,1.0,1,0.2551025915151306,42
736,0,1107,592,515,0,0,0,1.0,1,1.0,1,1.0,1,0.3253694943777309,41
737,1,1108,593,515,0,0,0,1.0,1,1.0,1,1.0,1,0.38500074563197284,41
738,3,1111,593,518,0,0,0,1.0,1,1.0,1,1.0,1,0.3384909023572257,39
739,1,1112,593,519,0,0,0,1.0,1,1.0,1,1.0,1,0.32936554916516697,39
740,0,1112,593,519,0,0,0,1.0,1,1.0,1,1.0,1,0.3455172182546505,39
741,1,1113,593,520,0,0,0,1.0,1,1.0,1,1.0,1,0.29971870709111154,38
742,0,1113,593,520,0,0,0,1.0,1,1.0,1,1.0,1,0.3190942522449506,39
743,4,1117,595,522,0,0,0,1.0,1,1.0,1,1.0,1,0.27159581278589623,39
744,3,1120,598,522,0,0,0,1.0,1,1.0,1,1.0,1,0.2865280570009627,39
745,4,1124,600,524,0,0,0,1.0,1,1.0,1,1.0,1,0.2216850569188115,39
746,3,1127,601,526,0,0,0,1.0,1,1.0,1,1.0,1,0.22754573006693848,40
747,1,1128,602,526,0,0,0,1.0,1,1.0,1,1.0,1,0.22431979620268833,41
748,2,1130,604,526,0,0,0,1.0,1,1.0,1,1.0,1,0.21717720081056405,41
749,1,1131,605,526,0,0,0,1.0,1,1.0,1,1.0,1,0.222054064339315,41
750,2,1133,606,527,0,0,0,1.0,1,1.0,1,1.0,1,0.2349769174742722,39
751,0,1133,606,527,0,0,0,1.0,1,1.0,1,1.0,1,0.2482428218064834,41
752,5,1138,608,530,0,0,0,1.0,1,1.0,1,1.0,1,0.21438571854028454,41
753,1,1139,608,531,0,0,0,1.0,1,1.0,1,1.0,1,0.18631174207936413,41
754,2,1141,610,531,0,0,0,1.0,1,1.0,1,1.0,1,0.23767548988026038,41
755,4,1145,611,534,0,0,0,1.0,1,1.0,1,1.0,1,0.20878807574925443,41
756,1,1146,611,535,0,0,0,1.0,1,1.0,1,1.0,1,0.17878833966581262,41
757,3,1149,613,536,0,0,0,1.0,1,1.0,1,1.0,1,0.2153686244850886,39
758,2,1151,613,538,0,0,0,1.0,1,1.0,1,1.0,1,0.13337544924178307,39
759,0,1151,613,538,0,0,0,1.0,1,1.0,1,1.0,1,0.13466444161577557,39
760,0,1151,613,538,0,0,0,1.0,1,1.0,1,1.0,1,0.15037253176845652,40
761,0,1151,613,538,0,0,0,1.0,1,1.0,1,1.0,1,0.14837380559532776,41
762,1,1152,613,539,0,0,0,1.0,1,1.0,1,1.0,1,0.13554466030312823,42
763,0,1152,613,539,0,0,0,1.0,1,1.0,1,1.0,1,0.1518528167680307,43
764,1,1153,613,540,0,0,0,1.0,1,1.0,1,1.0,1,0.13773085111930017,43
765,0,1153,613,540,0,0,0,1.0,1,1.0,1,1.0,1,0.12884815061805238,45
766,1,1154,614,540,0,0,0,1.0,1,1.0,1,1.0,1,0.13772901321114225,45
767,0,1154,614,540,0,0,0,1.0,1,1.0,1,1.0,1,0.14813472432403943,46
768,0,1154,614,540,0,0,0,1.0,1,1.0,1,1.0,1,0.13698285914887193,45
769,1,1155,615,540,0,0,0,1.0,1,1.0,1,1.0,1,0.17410693976610006,46
770,1,1156,615,541,0,0,0,1.0,1,1.0,1,1.0,1,0.15596460038607182,47
771,5,1161,619,542,0,0,0,1.0,1,1.0,1,1.0,1,0.22741735837236754,47
772,0,1161,619,542,0,0,0,1.0,1,1.0,1,1.0,1,0.2162420237253339,46
773,3,1164,621,543,0,0,0,1.0,1,1.0,1,1.0,1,0.19652964275320794,45
774,1,1165,621,544,0,0,0,1.0,1,1.0,1,1.0,1,0.15496032306395444,45
775,2,1167,623,544,0,0,0,1.0,1,1.0,1,1.0,1,0.16945495497899693,45
776,0,1167,623,544,0,0,0,1.0,1,1.0,1,1.0,1,0.14827392803450176,43
777,0,1167,623,544,0,0,0,1.0,1,1.0,1,1.0,1,0.16318907853650302,44
778,0,1167,623,544,0,0,0,1.0,1,1.0,1,1.0,1,0.16884702168973237,45
779,0,1167,623,544,0,0,0,1.0,1,1.0,1,1.0,1,0.16884702168973237,45
780,2,1169,625,544,0,0,0,1.0,1,1.0,1,1.0,1,0.21201775317804508,45
781,0,1169,625,544,0,0,0,1.0,1,1.0,1,1.0,1,0.20095982661250816,46
782,2,1171,627,544,0,0,0,1.0,1,1.0,1,1.0,1,0.3271503484455247,47
783,1,1172,628,544,0,0,0,1.0,1,1.0,1,1.0,1,0.29272688471049707,46
784,0,1172,628,544,0,0,0,1.0,1,1.0,1,1.0,1,0.2976517824896054,45
785,0,1172,628,544,0,0,0,1.0,1,1.0,1,1.0,1,0.27474353672702295,43
786,2,1174,629,545,0,0,0,1.0,1,1.0,1,1.0,1,0.23645766302138696,43
787,2,1176,631,545,0,0,0,1.0,1,1.0,1,1.0,1,0.2569517668225387,43
788,4,1180,632,548,0,0,0,1.0,1,1.0,1,1.0,1,0.22549263312911277,44
789,0,1180,632,548,0,0,0,1.0,1,1.0,1,1.0,1,0.20758932706022182,46
790,1,1181,633,548,0,0,0,1.0,1,1.0,1,1.0,1,0.2206732470778668,46
791,0,1181,633,548,0,0,0,1.0,1,1.0,1,1.0,1,0.2433324504000596,46
792,0,1181,633,548,0,0,0,1.0,1,1.0,1,1.0,1,0.2329030362682202,47
793,2,1183,633,550,0,0,0,1.0,1,1.0,1,1.0,1,0.23970828897436725,48
794,1,1184,633,551,0,0,0,1.0,1,1.0,1,1.0,1,0.22748049497548697,48
795,1,1185,634,551,0,0,0,1.0,1,1.0,1,1.0,1,0.23760022135514047,47
796,4,1189,636,553,0,0,0,1.0,1,1.0,1,1.0,1,0.26837179229456865,45
797,2,1191,637,554,0,0,0,1.0,1,1.0,1,1.0,1,0.2835626624516453,47
798,4,1195,639,556,0,0,0,1.0,1,1.0,1,1.0,1,0.24984227754524402,48
799,1,1196,640,556,0,0,0,1.0,1,1.0,1,1.0,1,0.25382706532646443,48
800,3,1199,642,557,0,0,0,1.0,1,1.0,1,1.0,1,0.2521429848756249,48
801,3,1202,643,559,0,0,0,1.0,1,1.0,1,1.0,1,0.22802385401613723,49
802,4,1206,645,561,0,0,0,1.0,1,1.0,1,1.0,1,0.2373574837232516,50
803,1,1207,645,562,0,0,0,1.0,1,1.0,1,1.0,1,0.22607468281129137,50
804,0,1207,645,562,0,0,0,1.0,1,1.0,1,1.0,1,0.22607468281129137,50
805,1,1208,646,562,0,0,0,1.0,1,1.0,1,1.0,1,0.24999533093675302,50
806,0,1208,646,562,0,0,0,1.0,1,1.0,1,1.0,1,0.24123020605346832,51
807,0,1208,646,562,0,0,0,1.0,1,1.0,1,1.0,1,0.24123020605346832,51
808,1,1209,646,563,0,0,0,1.0,1,1.0,1,1.0,1,0.22540873032636863,53
809,0,1209,646,563,0,0,0,1.0,1,1.0,1,1.0,1,0.2190002464489311,51
810,0,1209,646,563,0,0,0,1.0,1,1.0,1,1.0,1,0.2309874127755974,52
811,2,1211,647,564,0,0,0,1.0,1,1.0,1,1.0,1,0.2513548012793337,50
812,0,1211,647,564,0,0,0,1.0,1,1.0,1,1.0,1,0.2588837105866684,51
813,1,1212,648,564,0,0,0,1.0,1,1.0,1,1.0,1,0.2774542642185098,51
814,1,1213,649,564,0,0,0,1.0,1,1.0,1,1.0,1,0.2816852512233961,52
815,3,1216,650,566,0,0,0,1.0,1,1.0,1,1.0,1,0.2872509578856452,50
816,1,1217,650,567,0,0,0,1.0,1,1.0,1,1.0,1,0.27883995524596644,50
817,0,1217,650,567,0,0,0,1.0,1,1.0,1,1.0,1,0.2962000900904832,49
818,1,1218,650,568,0,0,0,1.0,1,1.0,1,1.0,1,0.2874632232211748,49
819,2,1220,650,570,0,0,0,1.0,1,1.0,1,1.0,1,0.2746107162666463,50
820,2,1222,651,571,0,0,0,1.0,1,1.0,1,1.0,1,0.30249980011409033,49
821,0,1222,651,571,0,0,0,1.0,1,1.0,1,1.0,1,0.3005872709905523,49
822,1,1223,652,571,0,0,0,1.0,1,1.0,1,1.0,1,0.3063119602398441,49
823,3,1226,654,572,0,0,0,1.0,1,1.0,1,1.0,1,0.3323804185815358,47
824,4,1230,656,574,0,0,0,1.0,1,1.0,1,1.0,1,0.32902588890670403,45
825,6,1236,656,580,0,0,0,1.0,1,1.0,1,1.0,1,0.2421414708876596,43
826,2,1238,658,580,0,0,0,1.0,1,1.0,1,1.0,1,0.22781808025579248,44
827,3,1241,660,581,0,0,0,1.0,1,1.0,1,1.0,1,0.21878490737910392,43
828,2,1243,662,581,0,0,0,1.0,1,1.0,1,1.0,1,0.24348955291760746,43
829,2,1245,663,582,0,0,0,1.0,1,1.0,1,1.0,1,0.24431193626477846,45
830,2,1247,663,584,0,0,0,1.0,1,1.0,1,1.0,1,0.24700454987932624,46
831,3,1250,665,585,0,0,0,1.0,1,1.0,1,1.0,1,0.23771967315115236,48
832,2,1252,666,586,0,0,0,1.0,1,1.0,1,1.0,1,0.22178677167055985,47
833,1,1253,667,586,0,0,0,1.0,1,1.0,1,1.0,1,0.23393009855891317,47
834,1,1254,667,587,0,0,0,1.0,1,1.0,1,1.0,1,0.22517780794777703,46
835,0,1254,667,587,0,0,0,1.0,1,1.0,1,1.0,1,0.2226575679912279,45
836,0,1254,667,587,0,0,0,1.0,1,1.0,1,1.0,1,0.2346196944672849,46
837,1,1255,667,588,0,0,0,1.0,1,1.0,1,1.0,1,0.2045964390858572,46
838,0,1255,667,588,0,0,0,1.0,1,1.0,1,1.0,1,0.20421291917842876,45
839,5,1260,668,592,0,0,0,1.0,1,1.0,1,1.0,1,0.1596479901900881,46
840,0,1260,668,592,0,0,0,1.0,1,1.0,1,1.0,1,0.169853666828738,46
841,0,1260,668,592,0,0,0,1.0,1,1.0,1,1.0,1,0.169853666828738,46
842,0,1260,668,592,0,0,0,1.0,1,1.0,1,1.0,1,0.169853666828738,46
843,1,1261,668,593,0,0,0,1.0,1,1.0,1,1.0,1,0.16570657869164052,46
844,2,1263,670,593,0,0,0,1.0,1,1.0,1,1.0,1,0.18974033852266858,47
845,4,1267,672,595,0,0,0,1.0,1,1.0,1,1.0,1,0.24444318750402919,48
846,2,1269,672,597,0,0,0,1.0,1,1.0,1,1.0,1,0.20106466900782752,47
847,0,1269,672,597,0,0,0,1.0,1,1.0,1,1.0,1,0.2331061362518872,48
848,2,1271,672,599,0,0,0,1.0,1,1.0,1,1.0,1,0.20782870542837306,48
849,1,1272,673,599,0,0,0,1.0,1,1.0,1,1.0,1,0.2532819220994074,48
850,1,1273,673,600,0,0,0,1.0,1,1.0,1,1.0,1,0.23641102938595676,46
851,1,1274,673,601,0,0,0,1.0,1,1.0,1,1.0,1,0.20806373598616376,45
852,2,1276,675,601,0,0,0,1.0,1,1.0,1,1.0,1,0.2139149555716771,44
853,3,1279,676,603,0,0,0,1.0,1,1.0,1,1.0,1,0.1798383083546157,44
854,3,1282,678,604,0,0,0,1.0,1,1.0,1,1.0,1,0.1944494596451574,45
855,0,1282,678,604,0,0,0,1.0,1,1.0,1,1.0,1,0.18721657936400266,46
856,1,1283,679,604,0,0,0,1.0,1,1.0,1,1.0,1,0.18960852828856253,46
857,1,1284,679,605,0,0,0,1.0,1,1.0,1,1.0,1,0.17783761825564742,47
858,2,1286,681,605,0,0,0,1.0,1,1.0,1,1.0,1,0.19974045550078817,48
859,1,1287,681,606,0,0,0,1.0,1,1.0,1,1.0,1,0.1844576310839125,48
860,0,1287,681,606,0,0,0,1.0,1,1.0,1,1.0,1,0.18986507399767966,49
861,1,1288,682,606,0,0,0,1.0,1,1.0,1,1.0,1,0.21829129250040785,49
862,2,1290,684,606,0,0,0,1.0,1,1.0,1,1.0,1,0.22857016345546888,49
863,1,1291,684,607,0,0,0,1.0,1,1.0,1,1.0,1,0.20637829479046044,48
864,3,1294,686,608,0,0,0,1.0,1,1.0,1,1.0,1,0.23137495975133332,49
865,1,1295,686,609,0,0,0,1.0,1,1.0,1,1.0,1,0.18874743250223366,48
866,0,1295,686,609,0,0,0,1.0,1,1.0,1,1.0,1,0.18050908960673143,50
867,1,1296,687,609,0,0,0,1.0,1,1.0,1,1.0,1,0.21113289796771778,50
868,2,1298,688,610,0,0,0,1.0,1,1.0,1,1.0,1,0.23057340888889538,51
869,3,1301,689,612,0,0,0,1.0,1,1.0,1,1.0,1,0.17613433676093154,49
870,1,1302,689,613,0,0,0,1.0,1,1.0,1,1.0,1,0.16814755646922733,49
871,2,1304,690,614,0,0,0,1.0,1,1.0,1,1.0,1,0.16054505373301925,49
872,1,1305,691,614,0,0,0,1.0,1,1.0,1,1.0,1,0.15361450930343562,48
873,5,1310,694,616,0,0,0,1.0,1,1.0,1,1.0,1,0.21708502228354384,49
874,4,1314,694,620,0,0,0,1.0,1,1.0,1,1.0,1,0.1274254241128488,49
875,2,1316,696,620,0,0,0,1.0,1,1.0,1,1.0,1,0.18355859926524423,50
876,0,1316,696,620,0,0,0,1.0,1,1.0,1,1.0,1,0.17154766460443635,50
877,3,1319,697,622,0,0,0,1.0,1,1.0,1,1.0,1,0.17413917473697726,50
878,3,1322,698,624,0,0,0,1.0,1,1.0,1,1.0,1,0.1405801973271516,49
879,2,1324,699,625,0,0,0,1.0,1,1.0,1,1.0,1,0.14747056637071493,49
880,2,1326,700,626,0,0,0,1.0,1,1.0,1,1.0,1,0.18298830292613585,48
881,3,1329,702,627,0,0,0,1.0,1,1.0,1,1.0,1,0.18477343336644994,49
882,0,1329,702,627,0,0,0,1.0,1,1.0,1,1.0,1,0.1717810002267374,48
883,0,1329,702,627,0,0,0,1.0,1,1.0,1,1.0,1,0.16275306431301145,50
884,1,1330,703,627,0,0,0,1.0,1,1.0,1,1.0,1,0.19850809703042102,50
885,2,1332,705,627,0,0,0,1.0,1,1.0,1,1.0,1,0.18175098796602387,49
886,1,1333,705,628,0,0,0,1.0,1,1.0,1,1.0,1,0.19133874159000241,49
887,0,1333,705,628,0,0,0,1.0,1,1.0,1,1.0,1,0.1904999730904062,49
888,1,1334,705,629,0,0,0,1.0,1,1.0,1,1.0,1,0.19600805620149314,47
889,0,1334,705,629,0,0,0,1.0,1,1.0,1,1.0,1,0.19969791947430227,46
890,0,1334,705,629,0,0,0,1.0,1,1.0,1,1.0,1,0.19934132295517015,44
891,1,1335,706,629,0,0,0,1.0,1,1.0,1,1.0,1,0.24693967742633424,45
892,4,1339,707,632,0,0,0,1.0,1,1.0,1,1.0,1,0.18355028271217394,45
893,1,1340,708,632,0,0,0,1.0,1,1.0,1,1.0,1,0.22987864564133376,45
894,0,1340,708,632,0,0,0,1.0,1,1.0,1,1.0,1,0.21122451771178336,44
895,0,1340,708,632,0,0,0,1.0,1,1.0,1,1.0,1,0.224914551386489,45
896,2,1342,709,633,0,0,0,1.0,1,1.0,1,1.0,1,0.21861254933841337,44
897,1,1343,709,634,0,0,0,1.0,1,1.0,1,1.0,1,0.1935519897713081,44
898,1,1344,710,634,0,0,0,1.0,1,1.0,1,1.0,1,0.2147283336952773,45
899,2,1346,710,636,0,0,0,1.0,1,1.0,1,1.0,1,0.20542724450468275,44
900,3,1349,711,638,0,0,0,1.0,1,1.0,1,1.0,1,0.2093686614433977,46
901,0,1349,711,638,0,0,0,1.0,1,1.0,1,1.0,1,0.22602633771442482,45
902,2,1351,713,638,0,0,0,1.0,1,1.0,1,1.0,1,0.2325297696258331,45
903,1,1352,713,639,0,0,0,1.0,1,1.0,1,1.0,1,0.24444505084244633,44
904,1,1353,714,639,0,0,0,1.0,1,1.0,1,1.0,1,0.2670964726981134,45
905,2,1355,714,641,0,0,0,1.0,1,1.0,1,1.0,1,0.2662570557918074,45
906,0,1355,714,641,0,0,0,1.0,1,1.0,1,1.0,1,0.2662570557918074,45
907,7,1362,717,645,0,0,0,1.0,1,1.0,1,1.0,1,0.1985181776715763,46
908,3,1365,717,648,0,0,0,1.0,1,1.0,1,1.0,1,0.15199777426788888,46
909,5,1370,721,649,0,0,0,1.0,1,1.0,1,1.0,1,0.17513247038527546,46
910,1,1371,721,650,0,0,0,1.0,1,1.0,1,1.0,1,0.17547753674269662,44
911,0,1371,721,650,0,0,0,1.0,1,1.0,1,1.0,1,0.18583266755444186,45
912,1,1372,721,651,0,0,0,1.0,1,1.0,1,1.0,1,0.18223452239024523,44
913,0,1372,721,651,0,0,0,1.0,1,1.0,1,1.0,1,0.19738501617362672,45
914,2,1374,723,651,0,0,0,1.0,1,1.0,1,1.0,1,0.22605143791357296,45
915,1,1375,723,652,0,0,0,1.0,1,1.0,1,1.0,1,0.18793632471628163,45
916,0,1375,723,652,0,0,0,1.0,1,1.0,1,1.0,1,0.18793632471628163,45
917,2,1377,724,653,0,0,0,1.0,1,1.0,1,1.0,1,0.20371108190222273,46
918,0,1377,724,653,0,0,0,1.0,1,1.0,1,1.0,1,0.21294093372432302,47
919,1,1378,724,654,0,0,0,1.0,1,1.0,1,1.0,1,0.194124279993249,47
920,0,1378,724,654,0,0,0,1.0,1,1.0,1,1.0,1,0.194124279993249,47
921,3,1381,726,655,0,0,0,1.0,1,1.0,1,1.0,1,0.20866777035365602,49
922,4,1385,728,657,0,0,0,1.0,1,1.0,1,1.0,1,0.15110516515138106,49
923,1,1386,729,657,0,0,0,1.0,1,1.0,1,1.0,1,0.192346154756093,47
924,1,1387,730,657,0,0,0,1.0,1,1.0,1,1.0,1,0.22568602636697818,47
925,2,1389,731,658,0,0,0,1.0,1,1.0,1,1.0,1,0.22890569953624304,47
926,3,1392,732,660,0,0,0,1.0,1,1.0,1,1.0,1,0.24634159813354084,46
927,0,1392,732,660,0,0,0,1.0,1,1.0,1,1.0,1,0.2596062560896431,45
928,1,1393,732,661,0,0,0,1.0,1,1.0,1,1.0,1,0.2548084071480879,43
929,0,1393,732,661,0,0,0,1.0,1,1.0,1,1.0,1,0.27691894229202973,42
930,0,1393,732,661,0,0,0,1.0,1,1.0,1,1.0,1,0.27161381773195864,41
931,3,1396,733,663,0,0,0,1.0,1,1.0,1,1.0,1,0.24133426076840694,40
932,3,1399,733,666,0,0,0,1.0,1,1.0,1,1.0,1,0.17199842823671763,40
933,1,1400,734,666,0,0,0,1.0,1,1.0,1,1.0,1,0.2169527320346588,39
934,1,1401,735,666,0,0,0,1.0,1,1.0,1,1.0,1,0.23510344946204306,39
935,4,1405,737,668,0,0,0,1.0,1,1.0,1,1.0,1,0.24158516673527622,41
936,2,1407,737,670,0,0,0,1.0,1,1.0,1,1.0,1,0.18590483853416387,42
937,2,1409,738,671,0,0,0,1.0,1,1.0,1,1.0,1,0.22638455851346723,43
938,3,1412,738,674,0,0,0,1.0,1,1.0,1,1.0,1,0.19025032670741207,44
939,0,1412,738,674,0,0,0,1.0,1,1.0,1,1.0,1,0.2100867222395307,46
940,2,1414,739,675,0,0,0,1.0,1,1.0,1,1.0,1,0.21496500101461108,46
941,1,1415,739,676,0,0,0,1.0,1,1.0,1,1.0,1,0.20118040619788202,46
942,2,1417,741,676,0,0,0,1.0,1,1.0,1,1.0,1,0.23365167745205773,46
943,2,1419,741,678,0,0,0,1.0,1,1.0,1,1.0,1,0.18616528309315278,45
944,1,1420,742,678,0,0,0,1.0,1,1.0,1,1.0,1,0.17711509802907982,45
945,1,1421,742,679,0,0,0,1.0,1,1.0,1,1.0,1,0.1842485015854807,44
946,3,1424,744,680,0,0,0,1.0,1,1.0,1,1.0,1,0.20692481857961956,46
947,0,1424,744,680,0,0,0,1.0,1,1.0,1,1.0,1,0.20618911607901336,44
948,1,1425,745,680,0,0,0,1.0,1,1.0,1,1.0,1,0.2209191858211822,44
949,4,1429,747,682,0,0,0,1.0,1,1.0,1,1.0,1,0.23659077408591267,44
950,1,1430,748,682,0,0,0,1.0,1,1.0,1,1.0,1,0.25348973158215066,43
951,1,1431,748,683,0,0,0,1.0,1,1.0,1,1.0,1,0.2471571671779106,42
952,2,1433,749,684,0,0,0,1.0,1,1.0,1,1.0,1,0.2571772683112099,42
953,0,1433,749,684,0,0,0,1.0,1,1.0,1,1.0,1,0.24487810610498317,41
954,0,1433,749,684,0,0,0,1.0,1,1.0,1,1.0,1,0.2719994194808703,40
955,0,1433,749,684,0,0,0,1.0,1,1.0,1,1.0,1,0.27055724045795204,42
956,2,1435,751,684,0,0,0,1.0,1,1.0,1,1.0,1,0.27855370635577953,43
957,2,1437,751,686,0,0,0,1.0,1,1.0,1,1.0,1,0.25211606723048197,42
958,1,1438,751,687,0,0,0,1.0,1,1.0,1,1.0,1,0.22013579965421118,43
959,3,1441,752,689,0,0,0,1.0,1,1.0,1,1.0,1,0.24068646650563774,45
960,1,1442,753,689,0,0,0,1.0,1,1.0,1,1.0,1,0.2703749144506853,47
961,2,1444,754,690,0,0,0,1.0,1,1.0,1,1.0,1,0.32861172446288844,45
962,4,1448,756,692,0,0,0,1.0,1,1.0,1,1.0,1,0.35119076604339167,45
963,1,1449,757,692,0,0,0,1.0,1,1.0,1,1.0,1,0.36824152645944036,44
964,3,1452,757,695,0,0,0,1.0,1,1.0,1,1.0,1,0.31993334034911836,44
965,1,1453,757,696,0,0,0,1.0,1,1.0,1,1.0,1,0.3002033553570354,45
966,1,1454,757,697,0,0,0,1.0,1,1.0,1,1.0,1,0.2704549880540754,43
967,1,1455,757,698,0,0,0,1.0,1,1.0,1,1.0,1,0.2581956590688818,43
968,0,1455,757,698,0,0,0,1.0,1,1.0,1,1.0,1,0.2558799568806935,43
969,1,1456,757,699,0,0,0,1.0,1,1.0,1,1.0,1,0.26442467323182406,42
970,0,1456,757,699,0,0,0,1.0,1,1.0,1,1.0,1,0.2900822351178885,42
971,0,1456,757,699,0,0,0,1.0,1,1.0,1,1.0,1,0.2900822351178885,42
972,1,1457,758,699,0,0,0,1.0,1,1.0,1,1.0,1,0.27738174234301166,42
973,2,1459,758,701,0,0,0,1.0,1,1.0,1,1.0,1,0.2591176728492001,43
974,3,1462,760,702,0,0,0,1.0,1,1.0,1,1.0,1,0.25873421644012323,43
975,1,1463,760,703,0,0,0,1.0,1,1.0,1,1.0,1,0.2446346571729526,43
976,2,1465,761,704,0,0,0,1.0,1,1.0,1,1.0,1,0.24465606902375714,45
977,0,1465,761,704,0,0,0,1.0,1,1.0,1,1.0,1,0.26107169312827466,44
978,0,1465,761,704,0,0,0,1.0,1,1.0,1,1.0,1,0.26107169312827466,44
979,0,1465,761,704,0,0,0,1.0,1,1.0,1,1.0,1,0.28623786003905566,45
980,2,1467,763,704,0,0,0,1.0,1,1.0,1,1.0,1,0.30994768718098537,45
981,3,1470,765,705,0,0,0,1.0,1,1.0,1,1.0,1,0.28665385355870937,45
982,2,1472,767,705,0,0,0,1.0,1,1.0,1,1.0,1,0.35751299048199986,46
983,5,1477,770,707,0,0,0,1.0,1,1.0,1,1.0,1,0.31398752815862296,45
984,2,1479,770,709,0,0,0,1.0,1,1.0,1,1.0,1,0.27401268608240414,45
985,4,1483,773,710,0,0,0,1.0,1,1.0,1,1.0,1,0.32032100508357103,45
986,1,1484,774,710,0,0,0,1.0,1,1.0,1,1.0,1,0.3262872357565618,44
987,2,1486,775,711,0,0,0,1.0,1,1.0,1,1.0,1,0.35267034988014373,45
988,5,1491,778,713,0,0,0,1.0,1,1.0,1,1.0,1,0.378924354324417,44
989,1,1492,779,713,0,0,0,1.0,1,1.0,1,1.0,1,0.3862891233221759,43
990,1,1493,780,713,0,0,0,1.0,1,1.0,1,1.0,1,0.40131724166500704,42
991,1,1494,780,714,0,0,0,1.0,1,1.0,1,1.0,1,0.3673178508896299,42
992,1,1495,780,715,0,0,0,1.0,1,1.0,1,1.0,1,0.34165286273037215,43
993,1,1496,781,715,0,0,0,1.0,1,1.0,1,1.0,1,0.33746222234965817,43
994,4,1500,782,718,0,0,0,1.0,1,1.0,1,1.0,1,0.3432641701153555,43
995,2,1502,782,720,0,0,0,1.0,1,1.0,1,1.0,1,0.30624746029058175,43
996,0,1502,782,720,0,0,0,1.0,1,1.0,1,1.0,1,0.3108452267703213,44
997,0,1502,782,720,0,0,0,1.0,1,1.0,1,1.0,1,0.3108452267703213,44
998,0,1502,782,720,0,0,0,1.0,1,1.0,1,1.0,1,0.3246228648352168,45
999,0,1502,782,720,0,0,0,1.0,1,1.0,1,1.0,1,0.33598661724948364,42
1000,0,1502,782,720,0,0,0,1.0,1,1.0,1,1.0,1,0.34787554316426816,43
1001,1,1503,782,721,0,0,0,1.0,1,1.0,1,1.0,1,0.35880678369293334,42
1002,0,1503,782,721,0,0,0,1.0,1,1.0,1,1.0,1,0.3476091849626139,43
1003,0,1503,782,721,0,0,0,1.0,1,1.0,1,1.0,1,0.3476091849626139,43
1004,0,1503,782,721,0,0,0,1.0,1,1.0,1,1.0,1,0.3476091849626139,43
1005,0,1503,782,721,0,0,0,1.0,1,1.0,1,1.0,1,0.34983424649823097,44
1006,3,1506,782,724,0,0,0,1.0,1,1.0,1,1.0,1,0.29196008758016395,46
1007,1,1507,782,725,0,0,0,1.0,1,1.0,1,1.0,1,0.28092705535864587,46
1008,2,1509,782,727,0,0,0,1.0,1,1.0,1,1.0,1,0.26518802844162587,47
1009,1,1510,782,728,0,0,0,1.0,1,1.0,1,1.0,1,0.23823136349442048,48
1010,0,1510,782,728,0,0,0,1.0,1,1.0,1,1.0,1,0.23823136349442048,48
1011,3,1513,783,730,0,0,0,1.0,1,1.0,1,1.0,1,0.19738698753755696,48
1012,3,1516,785,731,0,0,0,1.0,1,1.0,1,1.0,1,0.19649806913402668,49
1013,0,1516,785,731,0,0,0,1.0,1,1.0,1,1.0,1,0.18644601126353333,50
1014,1,1517,786,731,0,0,0,1.0,1,1.0,1,1.0,1,0.19920201979705235,50
1015,1,1518,786,732,0,0,0,1.0,1,1.0,1,1.0,1,0.19793734166154334,51
1016,2,1520,787,733,0,0,0,1.0,1,1.0,1,1.0,1,0.2011734224968734,51
1017,1,1521,787,734,0,0,0,1.0,1,1.0,1,1.0,1,0.19931661012453614,52
1018,2,1523,788,735,0,0,0,1.0,1,1.0,1,1.0,1,0.18952481651052294,52
1019,5,1528,789,739,0,0,0,1.0,1,1.0,1,1.0,1,0.19750461217743007,52
1020,1,1529,789,740,0,0,0,1.0,1,1.0,1,1.0,1,0.1646988661008145,53
1021,2,1531,789,742,0,0,0,1.0,1,1.0,1,1.0,1,0.147293405371094,53
1022,0,1531,789,742,0,0,0,1.0,1,1.0,1,1.0,1,0.14959618713041922,54
1023,1,1532,790,742,0,0,0,1.0,1,1.0,1,1.0,1,0.1731438685542079,55
1024,1,1533,791,742,0,0,0,1.0,1,1.0,1,1.0,1,0.1996675864947906,55
1025,3,1536,791,745,0,0,0,1.0,1,1.0,1,1.0,1,0.16177942115652452,56
1026,2,1538,793,745,0,0,0,1.0,1,1.0,1,1.0,1,0.2147957665626454,57
1027,2,1540,793,747,0,0,0,1.0,1,1.0,1,1.0,1,0.19651376043180507,58
1028,0,1540,793,747,0,0,0,1.0,1,1.0,1,1.0,1,0.19651376043180507,58
1029,2,1542,795,747,0,0,0,1.0,1,1.0,1,1.0,1,0.21301402466215896,59
1030,0,1542,795,747,0,0,0,1.0,1,1.0,1,1.0,1,0.21933047147255552,60
1031,0,1542,795,747,0,0,0,1.0,1,1.0,1,1.0,1,0.21933047147255552,60
1032,1,1543,796,747,0,0,0,1.0,1,1.0,1,1.0,1,0.24800054950842454,61
1033,6,1549,796,753,0,0,0,1.0,1,1.0,1,1.0,1,0.13378965095930495,60
1034,1,1550,796,754,0,0,0,1.0,1,1.0,1,1.0,1,0.12882308157260486,60
1035,1,1551,797,754,0,0,0,1.0,1,1.0,1,1.0,1,0.13349931576702134,59
1036,2,1553,799,754,0,0,0,1.0,1,1.0,1,1.0,1,0.15648718509826287,60
1037,3,1556,802,754,0,0,0,1.0,1,1.0,1,1.0,1,0.18484716780630073,59
1038,3,1559,805,754,0,0,0,1.0,1,1.0,1,1.0,1,0.21832875225980247,60
1039,3,1562,806,756,0,0,0,1.0,1,1.0,1,1.0,1,0.25942124613578366,60
1040,6,1568,808,760,0,0,0,1.0,1,1.0,1,1.0,1,0.23161147175184188,58
1041,4,1572,808,764,0,0,0,1.0,1,1.0,1,1.0,1,0.16652259449993875,56
1042,1,1573,809,764,0,0,0,1.0,1,1.0,1,1.0,1,0.1602460960468859,55
1043,2,1575,810,765,0,0,0,1.0,1,1.0,1,1.0,1,0.17075497570712625,55
1044,0,1575,810,765,0,0,0,1.0,1,1.0,1,1.0,1,0.16628244373815626,52
1045,1,1576,810,766,0,0,0,1.0,1,1.0,1,1.0,1,0.1531148766216671,52
1046,1,1577,811,766,0,0,0,1.0,1,1.0,1,1.0,1,0.2040709493009815,53
1047,1,1578,812,766,0,0,0,1.0,1,1.0,1,1.0,1,0.17774881354900712,54
1048,4,1582,813,769,0,0,0,1.0,1,1.0,1,1.0,1,0.17180633963060113,56
1049,3,1585,815,770,0,0,0,1.0,1,1.0,1,1.0,1,0.17312000494805627,55
1050,0,1585,815,770,0,0,0,1.0,1,1.0,1,1.0,1,0.17757711777983198,56
1051,1,1586,816,770,0,0,0,1.0,1,1.0,1,1.0,1,0.16176914002554554,55
1052,2,1588,816,772,0,0,0,1.0,1,1.0,1,1.0,1,0.13965292373985264,56
1053,1,1589,817,772,0,0,0,1.0,1,1.0,1,1.0,1,0.1541124928688117,56
1054,1,1590,817,773,0,0,0,1.0,1,1.0,1,1.0,1,0.13107925536442458,57
1055,1,1591,818,773,0,0,0,1.0,1,1.0,1,1.0,1,0.14628708500958673,58
1056,1,1592,818,774,0,0,0,1.0,1,1.0,1,1.0,1,0.15281616092462538,59
1057,3,1595,819,776,0,0,0,1.0,1,1.0,1,1.0,1,0.14602303679770826,60
1058,1,1596,819,777,0,0,0,1.0,1,1.0,1,1.0,1,0.13531506656549222,60
1059,1,1597,820,777,0,0,0,1.0,1,1.0,1,1.0,1,0.1390009458004154,60
1060,2,1599,821,778,0,0,0,1.0,1,1.0,1,1.0,1,0.1470831938109266,60
1061,3,1602,823,779,0,0,0,1.0,1,1.0,1,1.0,1,0.11812673196516209,59
1062,2,1604,824,780,0,0,0,1.0,1,1.0,1,1.0,1,0.13547806611623298,59
1063,0,1604,824,780,0,0,0,1.0,1,1.0,1,1.0,1,0.1297501453443166,58
1064,4,1608,826,782,0,0,0,1.0,1,1.0,1,1.0,1,0.18235411322328604,58
1065,2,1610,828,782,0,0,0,1.0,1,1.0,1,1.0,1,0.162643158119861,60
1066,2,1612,830,782,0,0,0,1.0,1,1.0,1,1.0,1,0.1786642331790023,58
1067,6,1618,833,785,0,0,0,1.0,1,1.0,1,1.0,1,0.20650898592753172,59
1068,2,1620,834,786,0,0,0,1.0,1,1.0,1,1.0,1,0.20656904156559447,59
1069,0,1620,834,786,0,0,0,1.0,1,1.0,1,1.0,1,0.22728543277402377,58
1070,0,1620,834,786,0,0,0,1.0,1,1.0,1,1.0,1,0.22728543277402377,58
1071,1,1621,834,787,0,0,0,1.0,1,1.0,1,1.0,1,0.22786425932741536,57
1072,0,1621,834,787,0,0,0,1.0,1,1.0,1,1.0,1,0.216648120870951,56
1073,1,1622,834,788,0,0,0,1.0,1,1.0,1,1.0,1,0.24289127238024844,54
1074,3,1625,836,789,0,0,0,1.0,1,1.0,1,1.0,1,0.244377992885311,54
1075,1,1626,837,789,0,0,0,1.0,1,1.0,1,1.0,1,0.23846034811972275,51
1076,1,1627,837,790,0,0,0,1.0,1,1.0,1,1.0,1,0.2432584056680888,51
1077,3,1630,839,791,0,0,0,1.0,1,1.0,1,1.0,1,0.23795932920473506,51
1078,4,1634,840,794,0,0,0,1.0,1,1.0,1,1.0,1,0.25254016280580055,52
1079,12,1646,844,802,0,0,0,1.0,1,1.0,1,1.0,1,0.2087314882578318,51
1080,1,1647,845,802,0,0,0,1.0,1,1.0,1,1.0,1,0.21958170601345484,51
1081,0,1647,845,802,0,0,0,1.0,1,1.0,1,1.0,1,0.2402971861305853,48
1082,1,1648,846,802,0,0,0,1.0,1,1.0,1,1.0,1,0.25767870962114203,47
1083,1,1649,847,802,0,0,0,1.0,1,1.0,1,1.0,1,0.2925326007153091,46
1084,2,1651,847,804,0,0,0,1.0,1,1.0,1,1.0,1,0.2560191746535181,45
1085,2,1653,848,805,0,0,0,1.0,1,1.0,1,1.0,1,0.29026746429056743,46
1086,2,1655,848,807,0,0,0,1.0,1,1.0,1,1.0,1,0.24145954612450418,45
1087,0,1655,848,807,0,0,0,1.0,1,1.0,1,1.0,1,0.2617023951413477,44
1088,2,1657,848,809,0,0,0,1.0,1,1.0,1,1.0,1,0.23826741293688103,45
1089,1,1658,849,809,0,0,0,1.0,1,1.0,1,1.0,1,0.2535044988415524,46
1090,0,1658,849,809,0,0,0,1.0,1,1.0,1,1.0,1,0.25938758470820256,47
1091,1,1659,850,809,0,0,0,1.0,1,1.0,1,1.0,1,0.2557907782925175,47
1092,1,1660,850,810,0,0,0,1.0,1,1.0,1,1.0,1,0.23979556145228864,48
1093,1,1661,851,810,0,0,0,1.0,1,1.0,1,1.0,1,0.24130416538919516,48
1094,1,1662,852,810,0,0,0,1.0,1,1.0,1,1.0,1,0.2625622774229052,48
1095,3,1665,852,813,0,0,0,1.0,1,1.0,1,1.0,1,0.24497733920088285,49
1096,1,1666,852,814,0,0,0,1.0,1,1.0,1,1.0,1,0.23751282564537046,49
1097,2,1668,854,814,0,0,0,1.0,1,1.0,1,1.0,1,0.26137516290099344,50
1098,3,1671,854,817,0,0,0,1.0,1,1.0,1,1.0,1,0.2244549013993055,51
1099,0,1671,854,817,0,0,0,1.0,1,1.0,1,1.0,1,0.22615318999874545,54
1100,0,1671,854,817,0,0,0,1.0,1,1.0,1,1.0,1,0.22615318999874545,54
1101,0,1671,854,817,0,0,0,1.0,1,1.0,1,1.0,1,0.22615318999874545,54
1102,2,1673,854,819,0,0,0,1.0,1,1.0,1,1.0,1,0.2000345145645215,54
1103,3,1676,855,821,0,0,0,1.0,1,1.0,1,1.0,1,0.2033906839400836,53
1104,3,1679,858,821,0,0,0,1.0,1,1.0,1,1.0,1,0.219859015025772,53
1105,2,1681,858,823,0,0,0,1.0,1,1.0,1,1.0,1,0.19108059312864398,52
1106,4,1685,859,826,0,0,0,1.0,1,1.0,1,1.0,1,0.1616214639990276,52
1107,1,1686,860,826,0,0,0,1.0,1,1.0,1,1.0,1,0.19417862577966907,52
1108,1,1687,861,826,0,0,0,1.0,1,1.0,1,1.0,1,0.20944302522616243,51
1109,4,1691,864,827,0,0,0,1.0,1,1.0,1,1.0,1,0.21718779515703363,49
1110,1,1692,865,827,0,0,0,1.0,1,1.0,1,1.0,1,0.24127894229023245,48
1111,3,1695,867,828,0,0,0,1.0,1,1.0,1,1.0,1,0.2975208318659079,47
1112,2,1697,868,829,0,0,0,1.0,1,1.0,1,1.0,1,0.31778693321328494,46
1113,2,1699,869,830,0,0,0,1.0,1,1.0,1,1.0,1,0.3261911550406941,43
1114,2,1701,869,832,0,0,0,1.0,1,1.0,1,1.0,1,0.31611881123657437,41
1115,3,1704,870,834,0,0,0,1.0,1,1.0,1,1.0,1,0.28399758903049577,40
1116,3,1707,871,836,0,0,0,1.0,1,1.0,1,1.0,1,0.2950045992693743,39
1117,5,1712,874,838,0,0,0,1.0,1,1.0,1,1.0,1,0.28835112713093813,40
1118,4,1716,874,842,0,0,0,1.0,1,1.0,1,1.0,1,0.2110957813311053,40
1119,0,1716,874,842,0,0,0,1.0,1,1.0,1,1.0,1,0.2110957813311053,40
1120,0,1716,874,842,0,0,0,1.0,1,1.0,1,1.0,1,0.2110957813311053,40
1121,1,1717,875,842,0,0,0,1.0,1,1.0,1,1.0,1,0.24046835389965662,40
1122,1,1718,875,843,0,0,0,1.0,1,1.0,1,1.0,1,0.2454778887916022,41
1123,1,1719,876,843,0,0,0,1.0,1,1.0,1,1.0,1,0.2692234966455271,41
1124,1,1720,876,844,0,0,0,1.0,1,1.0,1,1.0,1,0.25376570295272993,41
1125,3,1723,877,846,0,0,0,1.0,1,1.0,1,1.0,1,0.3044491904508789,41
1126,2,1725,878,847,0,0,0,1.0,1,1.0,1,1.0,1,0.23948777068037486,41
1127,0,1725,878,847,0,0,0,1.0,1,1.0,1,1.0,1,0.23948777068037486,41
1128,1,1726,878,848,0,0,0,1.0,1,1.0,1,1.0,1,0.24369362908981815,42
1129,1,1727,878,849,0,0,0,1.0,1,1.0,1,1.0,1,0.2156396296450192,42
1130,0,1727,878,849,0,0,0,1.0,1,1.0,1,1.0,1,0.2156396296450192,42
1131,1,1728,879,849,0,0,0,1.0,1,1.0,1,1.0,1,0.20787727216878144,42
1132,2,1730,880,850,0,0,0,1.0,1,1.0,1,1.0,1,0.15991253273781122,43
1133,0,1730,880,850,0,0,0,1.0,1,1.0,1,1.0,1,0.15639463468530782,45
1134,0,1730,880,850,0,0,0,1.0,1,1.0,1,1.0,1,0.1623666377078061,46
1135,1,1731,880,851,0,0,0,1.0,1,1.0,1,1.0,1,0.1448026215881157,45
1136,1,1732,880,852,0,0,0,1.0,1,1.0,1,1.0,1,0.161727433269326,48
1137,2,1734,880,854,0,0,0,1.0,1,1.0,1,1.0,1,0.17635129626996535,49
1138,1,1735,880,855,0,0,0,1.0,1,1.0,1,1.0,1,0.14471306929522035,49
1139,1,1736,880,856,0,0,0,1.0,1,1.0,1,1.0,1,0.1728749518352646,49
1140,2,1738,882,856,0,0,0,1.0,1,1.0,1,1.0,1,0.1868982942467461,49
1141,2,1740,883,857,0,0,0,1.0,1,1.0,1,1.0,1,0.22853206416302727,48
1142,3,1743,885,858,0,0,0,1.0,1,1.0,1,1.0,1,0.20014151827590393,48
1143,6,1749,889,860,0,0,0,1.0,1,1.0,1,1.0,1,0.22951973932361183,48
1144,4,1753,892,861,0,0,0,1.0,1,1.0,1,1.0,1,0.20208649356099645,48
1145,0,1753,892,861,0,0,0,1.0,1,1.0,1,1.0,1,0.21883743140930872,48
1146,6,1759,895,864,0,0,0,1.0,1,1.0,1,1.0,1,0.22643121988819187,48
1147,2,1761,895,866,0,0,0,1.0,1,1.0,1,1.0,1,0.21667008941166788,46
1148,1,1762,896,866,0,0,0,1.0,1,1.0,1,1.0,1,0.2123270695499438,46
1149,2,1764,896,868,0,0,0,1.0,1,1.0,1,1.0,1,0.25854495526213467,45
1150,2,1766,897,869,0,0,0,1.0,1,1.0,1,1.0,1,0.2519285757242102,46
1151,2,1768,899,869,0,0,0,1.0,1,1.0,1,1.0,1,0.2706908262233413,44
1152,0,1768,899,869,0,0,0,1.0,1,1.0,1,1.0,1,0.2294725377365203,44
1153,3,1771,902,869,0,0,0,1.0,1,1.0,1,1.0,1,0.28100584927154265,43
1154,3,1774,903,871,0,0,0,1.0,1,1.0,1,1.0,1,0.23292033428422235,43
1155,1,1775,903,872,0,0,0,1.0,1,1.0,1,1.0,1,0.22018131753570958,43
1156,0,1775,903,872,0,0,0,1.0,1,1.0,1,1.0,1,0.20378635679792637,42
1157,1,1776,904,872,0,0,0,1.0,1,1.0,1,1.0,1,0.19287978846431778,42
1158,0,1776,904,872,0,0,0,1.0,1,1.0,1,1.0,1,0.1772262467515282,41
1159,0,1776,904,872,0,0,0,1.0,1,1.0,1,1.0,1,0.21209475018703913,41
1160,0,1776,904,872,0,0,0,1.0,1,1.0,1,1.0,1,0.21209475018703913,41
1161,0,1776,904,872,0,0,0,1.0,1,1.0,1,1.0,1,0.22307909272610996,42
1162,0,1776,904,872,0,0,0,1.0,1,1.0,1,1.0,1,0.22094847725001165,43
1163,0,1776,904,872,0,0,0,1.0,1,1.0,1,1.0,1,0.22094847725001165,43
1164,0,1776,904,872,0,0,0,1.0,1,1.0,1,1.0,1,0.21034260460810714,44
1165,0,1776,904,872,0,0,0,1.0,1,1.0,1,1.0,1,0.21034260460810714,44
1166,3,1779,905,874,0,0,0,1.0,1,1.0,1,1.0,1,0.21983012849268385,46
1167,2,1781,906,875,0,0,0,1.0,1,1.0,1,1.0,1,0.21147048594809295,46
1168,2,1783,906,877,0,0,0,1.0,1,1.0,1,1.0,1,0.18161042447914802,47
1169,2,1785,908,877,0,0,0,1.0,1,1.0,1,1.0,1,0.17541381372245235,46
1170,1,1786,908,878,0,0,0,1.0,1,1.0,1,1.0,1,0.15926772187159474,48
1171,2,1788,910,878,0,0,0,1.0,1,1.0,1,1.0,1,0.20586227760371276,49
1172,0,1788,910,878,0,0,0,1.0,1,1.0,1,1.0,1,0.20586227760371276,49
1173,0,1788,910,878,0,0,0,1.0,1,1.0,1,1.0,1,0.20586227760371276,49
1174,1,1789,911,878,0,0,0,1.0,1,1.0,1,1.0,1,0.21843323211409077,49
1175,1,1790,911,879,0,0,0,1.0,1,1.0,1,1.0,1,0.2190357658846343,50
1176,2,1792,911,881,0,0,0,1.0,1,1.0,1,1.0,1,0.21163705775581504,52
1177,3,1795,913,882,0,0,0,1.0,1,1.0,1,1.0,1,0.22466296765110033,52
1178,0,1795,913,882,0,0,0,1.0,1,1.0,1,1.0,1,0.22466296765110033,52
1179,0,1795,913,882,0,0,0,1.0,1,1.0,1,1.0,1,0.20585671736883204,53
1180,0,1795,913,882,0,0,0,1.0,1,1.0,1,1.0,1,0.20117114976476808,54
1181,0,1795,913,882,0,0,0,1.0,1,1.0,1,1.0,1,0.21232407725068486,55
1182,1,1796,914,882,0,0,0,1.0,1,1.0,1,1.0,1,0.21929358632257928,55
1183,3,1799,916,883,0,0,0,1.0,1,1.0,1,1.0,1,0.23276705952874785,53
1184,2,1801,917,884,0,0,0,1.0,1,1.0,1,1.0,1,0.23341543280363997,54
1185,0,1801,917,884,0,0,0,1.0,1,1.0,1,1.0,1,0.2292570875836668,53
1186,5,1806,918,888,0,0,0,1.0,1,1.0,1,1.0,1,0.21854259178117513,54
1187,4,1810,919,891,0,0,0,1.0,1,1.0,1,1.0,1,0.2131677380273378,55
1188,0,1810,919,891,0,0,0,1.0,1,1.0,1,1.0,1,0.2131677380273378,55
1189,2,1812,920,892,0,0,0,1.0,1,1.0,1,1.0,1,0.18766392955686562,54
1190,2,1814,921,893,0,0,0,1.0,1,1.0,1,1.0,1,0.1912724810184696,55
1191,1,1815,922,893,0,0,0,1.0,1,1.0,1,1.0,1,0.18351368625295117,54
1192,1,1816,923,893,0,0,0,1.0,1,1.0,1,1.0,1,0.1980658865803985,52
1193,1,1817,923,894,0,0,0,1.0,1,1.0,1,1.0,1,0.16938936844828836,53
1194,1,1818,924,894,0,0,0,1.0,1,1.0,1,1.0,1,0.20780046772314728,53
1195,4,1822,925,897,0,0,0,1.0,1,1.0,1,1.0,1,0.1383135191152675,54
1196,0,1822,925,897,0,0,0,1.0,1,1.0,1,1.0,1,0.1394878373235933,56
1197,3,1825,927,898,0,0,0,1.0,1,1.0,1,1.0,1,0.13731507828835127,56
1198,1,1826,928,898,0,0,0,1.0,1,1.0,1,1.0,1,0.15470988555419649,58
1199,2,1828,929,899,0,0,0,1.0,1,1.0,1,1.0,1,0.16816670166934647,58
1200,0,1828,929,899,0,0,0,1.0,1,1.0,1,1.0,1,0.16816670166934647,58
1201,1,1829,930,899,0,0,0,1.0,1,1.0,1,1.0,1,0.17038045969558194,58
1202,2,1831,931,900,0,0,0,1.0,1,1.0,1,1.0,1,0.15886758966416117,60
1203,1,1832,931,901,0,0,0,1.0,1,1.0,1,1.0,1,0.15129517927338348,58
1204,1,1833,932,901,0,0,0,1.0,1,1.0,1,1.0,1,0.16552715971505963,59
1205,1,1834,933,901,0,0,0,1.0,1,1.0,1,1.0,1,0.1771826114639638,59
1206,0,1834,933,901,0,0,0,1.0,1,1.0,1,1.0,1,0.18989856017031234,58
1207,0,1834,933,901,0,0,0,1.0,1,1.0,1,1.0,1,0.1887228931321285,60
1208,0,1834,933,901,0,0,0,1.0,1,1.0,1,1.0,1,0.1887228931321285,60
1209,1,1835,933,902,0,0,0,1.0,1,1.0,1,1.0,1,0.19307655292967568,61
1210,0,1835,933,902,0,0,0,1.0,1,1.0,1,1.0,1,0.19307655292967568,61
1211,1,1836,933,903,0,0,0,1.0,1,1.0,1,1.0,1,0.14879544107269335,63
1212,1,1837,934,903,0,0,0,1.0,1,1.0,1,1.0,1,0.14654221780640372,63
1213,3,1840,935,905,0,0,0,1.0,1,1.0,1,1.0,1,0.13043936672323542,63
1214,2,1842,936,906,0,0,0,1.0,1,1.0,1,1.0,1,0.17521677115087322,62
1215,0,1842,936,906,0,0,0,1.0,1,1.0,1,1.0,1,0.17216208449963388,63
1216,3,1845,937,908,0,0,0,1.0,1,1.0,1,1.0,1,0.2114204435903097,64
1217,0,1845,937,908,0,0,0,1.0,1,1.0,1,1.0,1,0.21384345768929805,65
1218,1,1846,938,908,0,0,0,1.0,1,1.0,1,1.0,1,0.23810493531443022,64
1219,2,1848,938,910,0,0,0,1.0,1,1.0,1,1.0,1,0.2196417602384754,65
1220,0,1848,938,910,0,0,0,1.0,1,1.0,1,1.0,1,0.2302324115097104,64
1221,4,1852,940,912,0,0,0,1.0,1,1.0,1,1.0,1,0.2109793824685069,65
1222,2,1854,941,913,0,0,0,1.0,1,1.0,1,1.0,1,0.19235147736006278,66
1223,0,1854,941,913,0,0,0,1.0,1,1.0,1,1.0,1,0.19157921748552068,64
1224,6,1860,945,915,0,0,0,1.0,1,1.0,1,1.0,1,0.171220172350421,66
1225,6,1866,948,918,0,0,0,1.0,1,1.0,1,1.0,1,0.16348765095780032,66
1226,3,1869,948,921,0,0,0,1.0,1,1.0,1,1.0,1,0.14839731107384355,68
1227,2,1871,950,921,0,0,0,1.0,1,1.0,1,1.0,1,0.1442692746389663,64
1228,0,1871,950,921,0,0,0,1.0,1,1.0,1,1.0,1,0.14142274243367747,62
1229,3,1874,952,922,0,0,0,1.0,1,1.0,1,1.0,1,0.1665072402863118,61
1230,1,1875,952,923,0,0,0,1.0,1,1.0,1,1.0,1,0.1209104821147256,58
1231,1,1876,953,923,0,0,0,1.0,1,1.0,1,1.0,1,0.12887206465879525,57
1232,3,1879,954,925,0,0,0,1.0,1,1.0,1,1.0,1,0.134548702246465,53
1233,1,1880,955,925,0,0,0,1.0,1,1.0,1,1.0,1,0.1517192002123475,53
1234,2,1882,955,927,0,0,0,1.0,1,1.0,1,1.0,1,0.12077647370563258,54
1235,1,1883,955,928,0,0,0,1.0,1,1.0,1,1.0,1,0.1458483289403726,55
1236,1,1884,956,928,0,0,0,1.0,1,1.0,1,1.0,1,0.17996552614672467,55
1237,1,1885,957,928,0,0,0,1.0,1,1.0,1,1.0,1,0.17956442140368134,55
1238,0,1885,957,928,0,0,0,1.0,1,1.0,1,1.0,1,0.1820945116709593,54
1239,1,1886,957,929,0,0,0,1.0,1,1.0,1,1.0,1,0.18344170239779198,55
1240,0,1886,957,929,0,0,0,1.0,1,1.0,1,1.0,1,0.18344170239779198,55
1241,0,1886,957,929,0,0,0,1.0,1,1.0,1,1.0,1,0.1664931292821704,54
1242,0,1886,957,929,0,0,0,1.0,1,1.0,1,1.0,1,0.17582740418749787,54
1243,1,1887,958,929,0,0,0,1.0,1,1.0,1,1.0,1,0.18574832339566205,55
1244,2,1889,958,931,0,0,0,1.0,1,1.0,1,1.0,1,0.17975974389318441,55
1245,2,1891,959,932,0,0,0,1.0,1,1.0,1,1.0,1,0.16224277351995034,55
1246,2,1893,960,933,0,0,0,1.0,1,1.0,1,1.0,1,0.18264718727662224,55
1247,5,1898,963,935,0,0,0,1.0,1,1.0,1,1.0,1,0.22310979055562152,57
1248,2,1900,963,937,0,0,0,1.0,1,1.0,1,1.0,1,0.20922771048114824,56
1249,3,1903,966,937,0,0,0,1.0,1,1.0,1,1.0,1,0.23940905792315295,56
1250,6,1909,969,940,0,0,0,1.0,1,1.0,1,1.0,1,0.208707240177353,56
1251,4,1913,969,944,0,0,0,1.0,1,1.0,1,1.0,1,0.15448602067191294,58
1252,0,1913,969,944,0,0,0,1.0,1,1.0,1,1.0,1,0.15448602067191294,58
1253,2,1915,971,944,0,0,0,1.0,1,1.0,1,1.0,1,0.17247647727890963,58
1254,0,1915,971,944,0,0,0,1.0,1,1.0,1,1.0,1,0.15871788251284705,60
1255,0,1915,971,944,0,0,0,1.0,1,1.0,1,1.0,1,0.16901496107647446,61
1256,0,1915,971,944,0,0,0,1.0,1,1.0,1,1.0,1,0.16901496107647446,61
1257,2,1917,972,945,0,0,0,1.0,1,1.0,1,1.0,1,0.19596711272350556,62
1258,3,1920,972,948,0,0,0,1.0,1,1.0,1,1.0,1,0.16431714402587128,63
1259,0,1920,972,948,0,0,0,1.0,1,1.0,1,1.0,1,0.16431714402587128,63
1260,1,1921,972,949,0,0,0,1.0,1,1.0,1,1.0,1,0.16282341544876272,63
1261,2,1923,972,951,0,0,0,1.0,1,1.0,1,1.0,1,0.12914122415427368,63
1262,0,1923,972,951,0,0,0,1.0,1,1.0,1,1.0,1,0.135772761737802,64
1263,1,1924,973,951,0,0,0,1.0,1,1.0,1,1.0,1,0.14342341604075554,63
1264,2,1926,975,951,0,0,0,1.0,1,1.0,1,1.0,1,0.16938182388443992,63
1265,4,1930,978,952,0,0,0,1.0,1,1.0,1,1.0,1,0.1817711526992862,60
1266,5,1935,980,955,0,0,0,1.0,1,1.0,1,1.0,1,0.17873908835547958,61
1267,1,1936,981,955,0,0,0,1.0,1,1.0,1,1.0,1,0.18957749845883262,58
1268,3,1939,983,956,0,0,0,1.0,1,1.0,1,1.0,1,0.2385833837543688,54
1269,1,1940,983,957,0,0,0,1.0,1,1.0,1,1.0,1,0.2050408350791294,54
1270,1,1941,984,957,0,0,0,1.0,1,1.0,1,1.0,1,0.18415754709287926,51
1271,1,1942,985,957,0,0,0,1.0,1,1.0,1,1.0,1,0.20373287207974874,50
1272,3,1945,986,959,0,0,0,1.0,1,1.0,1,1.0,1,0.1943908115869067,47
1273,1,1946,987,959,0,0,0,1.0,1,1.0,1,1.0,1,0.20728516658111013,47
1274,4,1950,988,962,0,0,0,1.0,1,1.0,1,1.0,1,0.1917472684080175,49
1275,0,1950,988,962,0,0,0,1.0,1,1.0,1,1.0,1,0.1967651115510439,48
1276,4,1954,991,963,0,0,0,1.0,1,1.0,1,1.0,1,0.19189851483830375,49
1277,5,1959,995,964,0,0,0,1.0,1,1.0,1,1.0,1,0.23537477998021,50
1278,4,1963,996,967,0,0,0,1.0,1,1.0,1,1.0,1,0.18494165050273306,51
1279,0,1963,996,967,0,0,0,1.0,1,1.0,1,1.0,1,0.18494165050273306,51
1280,0,1963,996,967,0,0,0,1.0,1,1.0,1,1.0,1,0.1698090707902186,52
1281,0,1963,996,967,0,0,0,1.0,1,1.0,1,1.0,1,0.1698090707902186,52
1282,2,1965,998,967,0,0,0,1.0,1,1.0,1,1.0,1,0.17258833954035582,52
1283,0,1965,998,967,0,0,0,1.0,1,1.0,1,1.0,1,0.17258833954035582,52
1284,0,1965,998,967,0,0,0,1.0,1,1.0,1,1.0,1,0.17258833954035582,52
1285,1,1966,998,968,0,0,0,1.0,1,1.0,1,1.0,1,0.16248641338563863,51
1286,0,1966,998,968,0,0,0,1.0,1,1.0,1,1.0,1,0.17707000150128768,52
1287,2,1968,999,969,0,0,0,1.0,1,1.0,1,1.0,1,0.20738902820638688,54
1288,1,1969,999,970,0,0,0,1.0,1,1.0,1,1.0,1,0.18218264214748642,55
1289,1,1970,999,971,0,0,0,1.0,1,1.0,1,1.0,1,0.17256516579165218,56
1290,1,1971,999,972,0,0,0,1.0,1,1.0,1,1.0,1,0.1451807902818872,57
1291,3,1974,999,975,0,0,0,1.0,1,1.0,1,1.0,1,0.12414543022178735,58
1292,1,1975,1000,975,0,0,0,1.0,1,1.0,1,1.0,1,0.12060929522714599,59
1293,1,1976,1000,976,0,0,0,1.0,1,1.0,1,1.0,1,0.10696517047637677,59
1294,1,1977,1001,976,0,0,0,1.0,1,1.0,1,1.0,1,0.11343547623427574,59
1295,1,1978,1002,976,0,0,0,1.0,1,1.0,1,1.0,1,0.1380175731012418,59
1296,0,1978,1002,976,0,0,0,1.0,1,1.0,1,1.0,1,0.14688854761956982,59
1297,1,1979,1003,976,0,0,0,1.0,1,1.0,1,1.0,1,0.16777169828112543,61
1298,2,1981,1003,978,0,0,0,1.0,1,1.0,1,1.0,1,0.15774900119214008,61
1299,1,1982,1003,979,0,0,0,1.0,1,1.0,1,1.0,1,0.14379981224222613,60
1300,0,1982,1003,979,0,0,0,1.0,1,1.0,1,1.0,1,0.1511560973396848,59
1301,5,1987,1004,983,0,0,0,1.0,1,1.0,1,1.0,1,0.13921594317108343,59
1302,6,1993,1009,984,0,0,0,1.0,1,1.0,1,1.0,1,0.14434831409260454,59
1303,6,1999,1014,985,0,0,0,1.0,1,1.0,1,1.0,1,0.22583821468425294,55
1304,6,2005,1020,985,0,0,0,1.0,1,1.0,1,1.0,1,0.2350350165016253,56
1305,7,2012,1022,990,0,0,0,1.0,1,1.0,1,1.0,1,0.1679619838725685,54
1306,1,2013,1023,990,0,0,0,1.0,1,1.0,1,1.0,1,0.17295541760841626,53
1307,2,2015,1024,991,0,0,0,1.0,1,1.0,1,1.0,1,0.1531461890700679,52
1308,1,2016,1025,991,0,0,0,1.0,1,1.0,1,1.0,1,0.15598496151069022,52
1309,2,2018,1027,991,0,0,0,1.0,1,1.0,1,1.0,1,0.17826085697441657,54
1310,3,2021,1029,992,0,0,0,1.0,1,1.0,1,1.0,1,0.18578439398036753,52
1311,0,2021,1029,992,0,0,0,1.0,1,1.0,1,1.0,1,0.17176127120728807,51
1312,1,2022,1030,992,0,0,0,1.0,1,1.0,1,1.0,1,0.23881591105197564,49
1313,0,2022,1030,992,0,0,0,1.0,1,1.0,1,1.0,1,0.23348017297632226,47
1314,0,2022,1030,992,0,0,0,1.0,1,1.0,1,1.0,1,0.22146643013640785,46
1315,0,2022,1030,992,0,0,0,1.0,1,1.0,1,1.0,1,0.2380417919853579,45
1316,3,2025,1032,993,0,0,0,1.0,1,1.0,1,1.0,1,0.20815650091836513,46
1317,0,2025,1032,993,0,0,0,1.0,1,1.0,1,1.0,1,0.20271205756380323,45
1318,3,2028,1034,994,0,0,0,1.0,1,1.0,1,1.0,1,0.18436869168751574,46
1319,1,2029,1035,994,0,0,0,1.0,1,1.0,1,1.0,1,0.1924424661568901,46
1320,0,2029,1035,994,0,0,0,1.0,1,1.0,1,1.0,1,0.1924424661568901,46
1321,1,2030,1035,995,0,0,0,1.0,1,1.0,1,1.0,1,0.17329028714617128,48
1322,0,2030,1035,995,0,0,0,1.0,1,1.0,1,1.0,1,0.18533647907395456,49
1323,0,2030,1035,995,0,0,0,1.0,1,1.0,1,1.0,1,0.20795337241030162,49
1324,1,2031,1035,996,0,0,0,1.0,1,1.0,1,1.0,1,0.20882817246454763,50
1325,2,2033,1035,998,0,0,0,1.0,1,1.0,1,1.0,1,0.1774224525445877,49
1326,3,2036,1037,999,0,0,0,1.0,1,1.0,1,1.0,1,0.2233859140436037,50
1327,3,2039,1038,1001,0,0,0,1.0,1,1.0,1,1.0,1,0.24236392973915571,50
1328,1,2040,1038,1002,0,0,0,1.0,1,1.0,1,1.0,1,0.2333564414401821,49
1329,1,2041,1038,1003,0,0,0,1.0,1,1.0,1,1.0,1,0.22092151410500468,50
1330,0,2041,1038,1003,0,0,0,1.0,1,1.0,1,1.0,1,0.22092151410500468,50
1331,1,2042,1039,1003,0,0,0,1.0,1,1.0,1,1.0,1,0.24630089513522052,50
1332,2,2044,1041,1003,0,0,0,1.0,1,1.0,1,1.0,1,0.22732841002203644,51
1333,1,2045,1041,1004,0,0,0,1.0,1,1.0,1,1.0,1,0.2265700516506073,52
1334,1,2046,1041,1005,0,0,0,1.0,1,1.0,1,1.0,1,0.2365085656316284,54
1335,0,2046,1041,1005,0,0,0,1.0,1,1.0,1,1.0,1,0.2365085656316284,54
1336,3,2049,1041,1008,0,0,0,1.0,1,1.0,1,1.0,1,0.198976063526139,56
1337,5,2054,1043,1011,0,0,0,1.0,1,1.0,1,1.0,1,0.20636994298442943,57
1338,1,2055,1044,1011,0,0,0,1.0,1,1.0,1,1.0,1,0.21800637911069068,57
1339,1,2056,1045,1011,0,0,0,1.0,1,1.0,1,1.0,1,0.24448992686392512,58
1340,1,2057,1046,1011,0,0,0,1.0,1,1.0,1,1.0,1,0.24757026549623526,59
1341,3,2060,1047,1013,0,0,0,1.0,1,1.0,1,1.0,1,0.19586203021011472,57
1342,4,2064,1049,1015,0,0,0,1.0,1,1.0,1,1.0,1,0.19633953613255284,57
1343,1,2065,1049,1016,0,0,0,1.0,1,1.0,1,1.0,1,0.18565390143431765,55
1344,1,2066,1050,1016,0,0,0,1.0,1,1.0,1,1.0,1,0.17971260961660637,54
1345,2,2068,1051,1017,0,0,0,1.0,1,1.0,1,1.0,1,0.1601566096821719,53
1346,1,2069,1052,1017,0,0,0,1.0,1,1.0,1,1.0,1,0.18569632901495645,53
1347,1,2070,1052,1018,0,0,0,1.0,1,1.0,1,1.0,1,0.15588998195428921,51
1348,2,2072,1054,1018,0,0,0,1.0,1,1.0,1,1.0,1,0.18893741969236919,52
1349,1,2073,1054,1019,0,0,0,1.0,1,1.0,1,1.0,1,0.1694062271844355,50
1350,0,2073,1054,1019,0,0,0,1.0,1,1.0,1,1.0,1,0.17300476570395848,51
1351,1,2074,1055,1019,0,0,0,1.0,1,1.0,1,1.0,1,0.18869476325853102,50
1352,3,2077,1056,1021,0,0,0,1.0,1,1.0,1,1.0,1,0.14407536173434807,50
1353,1,2078,1057,1021,0,0,0,1.0,1,1.0,1,1.0,1,0.15513954527168197,50
1354,3,2081,1058,1023,0,0,0,1.0,1,1.0,1,1.0,1,0.14814632836430017,51
1355,2,2083,1060,1023,0,0,0,1.0,1,1.0,1,1.0,1,0.14947667919033844,53
1356,1,2084,1061,1023,0,0,0,1.0,1,1.0,1,1.0,1,0.1606329036281786,52
1357,4,2088,1062,1026,0,0,0,1.0,1,1.0,1,1.0,1,0.14451000333242078,52
1358,2,2090,1063,1027,0,0,0,1.0,1,1.0,1,1.0,1,0.1471686851005255,53
1359,4,2094,1065,1029,0,0,0,1.0,1,1.0,1,1.0,1,0.1794336804365216,54
1360,2,2096,1066,1030,0,0,0,1.0,1,1.0,1,1.0,1,0.18673330183306086,55
1361,1,2097,1067,1030,0,0,0,1.0,1,1.0,1,1.0,1,0.18733493441068758,55
1362,0,2097,1067,1030,0,0,0,1.0,1,1.0,1,1.0,1,0.16650504114170087,56
1363,0,2097,1067,1030,0,0,0,1.0,1,1.0,1,1.0,1,0.16650504114170087,56
1364,0,2097,1067,1030,0,0,0,1.0,1,1.0,1,1.0,1,0.1585980293165948,55
1365,0,2097,1067,1030,0,0,0,1.0,1,1.0,1,1.0,1,0.17266012971156183,56
1366,1,2098,1067,1031,0,0,0,1.0,1,1.0,1,1.0,1,0.1825357949873242,57
1367,1,2099,1067,1032,0,0,0,1.0,1,1.0,1,1.0,1,0.16387314215591686,57
1368,2,2101,1068,1033,0,0,0,1.0,1,1.0,1,1.0,1,0.19559227517941344,58
1369,4,2105,1069,1036,0,0,0,1.0,1,1.0,1,1.0,1,0.16994582550462178,59
1370,4,2109,1070,1039,0,0,0,1.0,1,1.0,1,1.0,1,0.12629668173510017,60
1371,1,2110,1071,1039,0,0,0,1.0,1,1.0,1,1.0,1,0.108134782095811,59
1372,2,2112,1073,1039,0,0,0,1.0,1,1.0,1,1.0,1,0.13818462227847575,59
1373,2,2114,1074,1040,0,0,0,1.0,1,1.0,1,1.0,1,0.1308233423654097,59
1374,1,2115,1075,1040,0,0,0,1.0,1,1.0,1,1.0,1,0.13515716212011267,59
1375,2,2117,1075,1042,0,0,0,1.0,1,1.0,1,1.0,1,0.13356095831427484,62
1376,4,2121,1078,1043,0,0,0,1.0,1,1.0,1,1.0,1,0.16645617555379114,61
1377,3,2124,1079,1045,0,0,0,1.0,1,1.0,1,1.0,1,0.18563148674754093,63
1378,4,2128,1081,1047,0,0,0,1.0,1,1.0,1,1.0,1,0.2061301160327698,62
1379,1,2129,1082,1047,0,0,0,1.0,1,1.0,1,1.0,1,0.25336355391469817,61
1380,2,2131,1082,1049,0,0,0,1.0,1,1.0,1,1.0,1,0.21609145394668788,60
1381,2,2133,1083,1050,0,0,0,1.0,1,1.0,1,1.0,1,0.25912110353684487,58
1382,2,2135,1084,1051,0,0,0,1.0,1,1.0,1,1.0,1,0.24186184619497322,56
1383,4,2139,1086,1053,0,0,0,1.0,1,1.0,1,1.0,1,0.2152750661980614,57
1384,2,2141,1087,1054,0,0,0,1.0,1,1.0,1,1.0,1,0.18266909992068467,55
1385,2,2143,1088,1055,0,0,0,1.0,1,1.0,1,1.0,1,0.18955813731846002,55
1386,3,2146,1090,1056,0,0,0,1.0,1,1.0,1,1.0,1,0.18457951853351567,54
1387,2,2148,1090,1058,0,0,0,1.0,1,1.0,1,1.0,1,0.1546425953805486,53
1388,3,2151,1092,1059,0,0,0,1.0,1,1.0,1,1.0,1,0.19625200392572303,52
1389,1,2152,1092,1060,0,0,0,1.0,1,1.0,1,1.0,1,0.20327764156299488,52
1390,1,2153,1092,1061,0,0,0,1.0,1,1.0,1,1.0,1,0.21291354404787355,51
1391,3,2156,1092,1064,0,0,0,1.0,1,1.0,1,1.0,1,0.18920860487785757,52
1392,1,2157,1093,1064,0,0,0,1.0,1,1.0,1,1.0,1,0.19124995877323883,51
1393,3,2160,1094,1066,0,0,0,1.0,1,1.0,1,1.0,1,0.17252996787906258,51
1394,1,2161,1094,1067,0,0,0,1.0,1,1.0,1,1.0,1,0.1664219159866751,52
1395,0,2161,1094,1067,0,0,0,1.0,1,1.0,1,1.0,1,0.1664219159866751,52
1396,2,2163,1094,1069,0,0,0,1.0,1,1.0,1,1.0,1,0.1389673983019731,53
1397,1,2164,1094,1070,0,0,0,1.0,1,1.0,1,1.0,1,0.14835959768416845,56
1398,3,2167,1095,1072,0,0,0,1.0,1,1.0,1,1.0,1,0.1655867168414289,56
1399,0,2167,1095,1072,0,0,0,1.0,1,1.0,1,1.0,1,0.1623052718626779,57
1400,1,2168,1095,1073,0,0,0,1.0,1,1.0,1,1.0,1,0.13717982049853103,57
1401,0,2168,1095,1073,0,0,0,1.0,1,1.0,1,1.0,1,0.13717982049853103,57
1402,4,2172,1099,1073,0,0,0,1.0,1,1.0,1,1.0,1,0.163335165870682,57
1403,0,2172,1099,1073,0,0,0,1.0,1,1.0,1,1.0,1,0.17432105404958845,56
1404,0,2172,1099,1073,0,0,0,1.0,1,1.0,1,1.0,1,0.1840310178609923,58
1405,1,2173,1100,1073,0,0,0,1.0,1,1.0,1,1.0,1,0.24675202861740617,58
1406,0,2173,1100,1073,0,0,0,1.0,1,1.0,1,1.0,1,0.24675202861740617,58
1407,1,2174,1100,1074,0,0,0,1.0,1,1.0,1,1.0,1,0.25854438939430835,57
1408,6,2180,1100,1080,0,0,0,1.0,1,1.0,1,1.0,1,0.20852929549704918,58
1409,0,2180,1100,1080,0,0,0,1.0,1,1.0,1,1.0,1,0.2066968321720105,57
1410,0,2180,1100,1080,0,0,0,1.0,1,1.0,1,1.0,1,0.2066968321720105,57
1411,0,2180,1100,1080,0,0,0,1.0,1,1.0,1,1.0,1,0.22466585839087258,56
1412,0,2180,1100,1080,0,0,0,1.0,1,1.0,1,1.0,1,0.22941891697827452,55
1413,0,2180,1100,1080,0,0,0,1.0,1,1.0,1,1.0,1,0.2310015216826242,57
1414,1,2181,1100,1081,0,0,0,1.0,1,1.0,1,1.0,1,0.21596061644498785,57
1415,1,2182,1100,1082,0,0,0,1.0,1,1.0,1,1.0,1,0.21015688071742986,60
1416,3,2185,1101,1084,0,0,0,1.0,1,1.0,1,1.0,1,0.18831633553150506,61
1417,1,2186,1101,1085,0,0,0,1.0,1,1.0,1,1.0,1,0.16240765568446955,59
1418,3,2189,1102,1087,0,0,0,1.0,1,1.0,1,1.0,1,0.18147254242767244,60
1419,3,2192,1104,1088,0,0,0,1.0,1,1.0,1,1.0,1,0.1546191075046429,59
1420,2,2194,1104,1090,0,0,0,1.0,1,1.0,1,1.0,1,0.15329501727866895,58
1421,1,2195,1104,1091,0,0,0,1.0,1,1.0,1,1.0,1,0.14002923325720396,57
1422,1,2196,1105,1091,0,0,0,1.0,1,1.0,1,1.0,1,0.14852515909509859,57
1423,0,2196,1105,1091,0,0,0,1.0,1,1.0,1,1.0,1,0.15012097004933425,56
1424,1,2197,1106,1091,0,0,0,1.0,1,1.0,1,1.0,1,0.15217660088656995,57
1425,4,2201,1109,1092,0,0,0,1.0,1,1.0,1,1.0,1,0.1485213375201896,54
1426,3,2204,1111,1093,0,0,0,1.0,1,1.0,1,1.0,1,0.17255135962887339,54
1427,3,2207,1113,1094,0,0,0,1.0,1,1.0,1,1.0,1,0.21855397980302246,53
1428,2,2209,1115,1094,0,0,0,1.0,1,1.0,1,1.0,1,0.22605405799964837,52
1429,1,2210,1115,1095,0,0,0,1.0,1,1.0,1,1.0,1,0.20338809615685224,52
1430,4,2214,1117,1097,0,0,0,1.0,1,1.0,1,1.0,1,0.21953127550475898,51
1431,1,2215,1117,1098,0,0,0,1.0,1,1.0,1,1.0,1,0.20485833806201934,51
1432,3,2218,1119,1099,0,0,0,1.0,1,1.0,1,1.0,1,0.23529269061119037,52
1433,3,2221,1119,1102,0,0,0,1.0,1,1.0,1,1.0,1,0.18001438992161709,52
1434,4,2225,1122,1103,0,0,0,1.0,1,1.0,1,1.0,1,0.18478201057294127,52
1435,2,2227,1123,1104,0,0,0,1.0,1,1.0,1,1.0,1,0.15605660344054498,50
1436,5,2232,1126,1106,0,0,0,1.0,1,1.0,1,1.0,1,0.1631143538027751,50
1437,1,2233,1127,1106,0,0,0,1.0,1,1.0,1,1.0,1,0.19169109264022197,49
1438,1,2234,1128,1106,0,0,0,1.0,1,1.0,1,1.0,1,0.21782273997243376,49
1439,1,2235,1129,1106,0,0,0,1.0,1,1.0,1,1.0,1,0.27098877743984995,50
1440,3,2238,1131,1107,0,0,0,1.0,1,1.0,1,1.0,1,0.2842731888427178,50
1441,3,2241,1132,1109,0,0,0,1.0,1,1.0,1,1.0,1,0.24208040908756542,51
1442,0,2241,1132,1109,0,0,0,1.0,1,1.0,1,1.0,1,0.24068577912218644,50
1443,1,2242,1132,1110,0,0,0,1.0,1,1.0,1,1.0,1,0.2300509764487559,51
1444,2,2244,1132,1112,0,0,0,1.0,1,1.0,1,1.0,1,0.21418271292457416,51
1445,0,2244,1132,1112,0,0,0,1.0,1,1.0,1,1.0,1,0.21418271292457416,51
1446,1,2245,1132,1113,0,0,0,1.0,1,1.0,1,1.0,1,0.2029771512267435,51
1447,0,2245,1132,1113,0,0,0,1.0,1,1.0,1,1.0,1,0.2029771512267435,51
1448,1,2246,1132,1114,0,0,0,1.0,1,1.0,1,1.0,1,0.18757285021035594,51
1449,0,2246,1132,1114,0,0,0,1.0,1,1.0,1,1.0,1,0.18757285021035594,51
1450,0,2246,1132,1114,0,0,0,1.0,1,1.0,1,1.0,1,0.17652841870825847,52
1451,1,2247,1133,1114,0,0,0,1.0,1,1.0,1,1.0,1,0.19465131498962304,54
1452,5,2252,1134,1118,0,0,0,1.0,1,1.0,1,1.0,1,0.1932124107583295,56
1453,3,2255,1135,1120,0,0,0,1.0,1,1.0,1,1.0,1,0.1758712062035373,56
1454,2,2257,1135,1122,0,0,0,1.0,1,1.0,1,1.0,1,0.18954235791228422,58
1455,3,2260,1137,1123,0,0,0,1.0,1,1.0,1,1.0,1,0.21051846288931514,55
1456,0,2260,1137,1123,0,0,0,1.0,1,1.0,1,1.0,1,0.22254840398715697,56
1457,2,2262,1138,1124,0,0,0,1.0,1,1.0,1,1.0,1,0.26167998954099136,54
1458,2,2264,1139,1125,0,0,0,1.0,1,1.0,1,1.0,1,0.2532276556480729,52
1459,3,2267,1140,1127,0,0,0,1.0,1,1.0,1,1.0,1,0.23124057584085642,52
1460,1,2268,1141,1127,0,0,0,1.0,1,1.0,1,1.0,1,0.20205662183204204,50
1461,2,2270,1143,1127,0,0,0,1.0,1,1.0,1,1.0,1,0.2141175586511941,53
1462,4,2274,1147,1127,0,0,0,1.0,1,1.0,1,1.0,1,0.24438714077856988,51
1463,2,2276,1149,1127,0,0,0,1.0,1,1.0,1,1.0,1,0.27519013105066487,51
1464,6,2282,1151,1131,0,0,0,1.0,1,1.0,1,1.0,1,0.2710957183694197,51
1465,2,2284,1151,1133,0,0,0,1.0,1,1.0,1,1.0,1,0.2527955305026861,49
1466,2,2286,1152,1134,0,0,0,1.0,1,1.0,1,1.0,1,0.24655573002481532,49
1467,4,2290,1154,1136,0,0,0,1.0,1,1.0,1,1.0,1,0.2530382469768736,47
1468,4,2294,1155,1139,0,0,0,1.0,1,1.0,1,1.0,1,0.21099608544563112,48
1469,4,2298,1157,1141,0,0,0,1.0,1,1.0,1,1.0,1,0.19764812915673846,47
1470,0,2298,1157,1141,0,0,0,1.0,1,1.0,1,1.0,1,0.18070406705238634,49
1471,0,2298,1157,1141,0,0,0,1.0,1,1.0,1,1.0,1,0.20100648172202137,48
1472,0,2298,1157,1141,0,0,0,1.0,1,1.0,1,1.0,1,0.18555028154144937,48
1473,1,2299,1157,1142,0,0,0,1.0,1,1.0,1,1.0,1,0.18098864311899057,49
1474,0,2299,1157,1142,0,0,0,1.0,1,1.0,1,1.0,1,0.18098864311899057,49
1475,0,2299,1157,1142,0,0,0,1.0,1,1.0,1,1.0,1,0.18098864311899057,49
1476,4,2303,1158,1145,0,0,0,1.0,1,1.0,1,1.0,1,0.16863682011964976,51
1477,1,2304,1158,1146,0,0,0,1.0,1,1.0,1,1.0,1,0.14836351298005063,51
1478,0,2304,1158,1146,0,0,0,1.0,1,1.0,1,1.0,1,0.13432829907629623,52
1479,1,2305,1158,1147,0,0,0,1.0,1,1.0,1,1.0,1,0.1377777666392632,53
1480,1,2306,1159,1147,0,0,0,1.0,1,1.0,1,1.0,1,0.15663967974770687,53
1481,1,2307,1159,1148,0,0,0,1.0,1,1.0,1,1.0,1,0.13459210031142563,53
1482,2,2309,1160,1149,0,0,0,1.0,1,1.0,1,1.0,1,0.17296394120593955,52
1483,0,2309,1160,1149,0,0,0,1.0,1,1.0,1,1.0,1,0.17296394120593955,52
1484,2,2311,1160,1151,0,0,0,1.0,1,1.0,1,1.0,1,0.17294718265304615,53
1485,0,2311,1160,1151,0,0,0,1.0,1,1.0,1,1.0,1,0.17294718265304615,53
1486,1,2312,1160,1152,0,0,0,1.0,1,1.0,1,1.0,1,0.18984760209458154,54
1487,3,2315,1162,1153,0,0,0,1.0,1,1.0,1,1.0,1,0.18868456111528886,55
1488,1,2316,1162,1154,0,0,0,1.0,1,1.0,1,1.0,1,0.18655636685067514,57
1489,3,2319,1165,1154,0,0,0,1.0,1,1.0,1,1.0,1,0.1945264616983388,58
1490,0,2319,1165,1154,0,0,0,1.0,1,1.0,1,1.0,1,0.1945264616983388,58
1491,4,2323,1167,1156,0,0,0,1.0,1,1.0,1,1.0,1,0.17862611604661002,59
1492,1,2324,1167,1157,0,0,0,1.0,1,1.0,1,1.0,1,0.17485179030453088,59
1493,0,2324,1167,1157,0,0,0,1.0,1,1.0,1,1.0,1,0.17153293010630022,58
1494,2,2326,1168,1158,0,0,0,1.0,1,1.0,1,1.0,1,0.17865163796011668,58
1495,2,2328,1170,1158,0,0,0,1.0,1,1.0,1,1.0,1,0.2127895577152261,57
1496,3,2331,1170,1161,0,0,0,1.0,1,1.0,1,1.0,1,0.17448410485096458,59
1497,1,2332,1171,1161,0,0,0,1.0,1,1.0,1,1.0,1,0.20428076532433925,58
1498,3,2335,1173,1162,0,0,0,1.0,1,1.0,1,1.0,1,0.1987055367584068,58
1499,1,2336,1173,1163,0,0,0,1.0,1,1.0,1,1.0,1,0.1850136116852072,56
1500,2,2338,1175,1163,0,0,0,1.0,1,1.0,1,1.0,1,0.19936560391207872,57
1501,1,2339,1175,1164,0,0,0,1.0,1,1.0,1,1.0,1,0.18718953921599443,55
1502,1,2340,1176,1164,0,0,0,1.0,1,1.0,1,1.0,1,0.19625283496443235,55
1503,2,2342,1177,1165,0,0,0,1.0,1,1.0,1,1.0,1,0.20971943698663534,54
1504,3,2345,1178,1167,0,0,0,1.0,1,1.0,1,1.0,1,0.14665221287211572,55
1505,3,2348,1180,1168,0,0,0,1.0,1,1.0,1,1.0,1,0.12921635621637734,53
1506,2,2350,1181,1169,0,0,0,1.0,1,1.0,1,1.0,1,0.1406103361821035,55
1507,2,2352,1182,1170,0,0,0,1.0,1,1.0,1,1.0,1,0.10632984985578262,53
1508,4,2356,1185,1171,0,0,0,1.0,1,1.0,1,1.0,1,0.1600471352312483,53
1509,1,2357,1185,1172,0,0,0,1.0,1,1.0,1,1.0,1,0.13039809864911348,52
1510,1,2358,1186,1172,0,0,0,1.0,1,1.0,1,1.0,1,0.14980943316116838,50
1511,1,2359,1187,1172,0,0,0,1.0,1,1.0,1,1.0,1,0.1676925868082199,49
1512,5,2364,1190,1174,0,0,0,1.0,1,1.0,1,1.0,1,0.17792771680241878,48
1513,2,2366,1191,1175,0,0,0,1.0,1,1.0,1,1.0,1,0.2279977912988932,47
1514,2,2368,1192,1176,0,0,0,1.0,1,1.0,1,1.0,1,0.19750734038649215,48
1515,1,2369,1192,1177,0,0,0,1.0,1,1.0,1,1.0,1,0.18906722003559212,48
1516,1,2370,1192,1178,0,0,0,1.0,1,1.0,1,1.0,1,0.16166179565023264,47
1517,0,2370,1192,1178,0,0,0,1.0,1,1.0,1,1.0,1,0.17949764264705032,48
1518,0,2370,1192,1178,0,0,0,1.0,1,1.0,1,1.0,1,0.17949764264705032,48
1519,0,2370,1192,1178,0,0,0,1.0,1,1.0,1,1.0,1,0.19567939720645594,47
1520,3,2373,1194,1179,0,0,0,1.0,1,1.0,1,1.0,1,0.22815160792123995,48
1521,2,2375,1194,1181,0,0,0,1.0,1,1.0,1,1.0,1,0.1852288640363786,49
1522,2,2377,1195,1182,0,0,0,1.0,1,1.0,1,1.0,1,0.19380786105540931,48
1523,2,2379,1196,1183,0,0,0,1.0,1,1.0,1,1.0,1,0.2124980152342538,49
1524,1,2380,1197,1183,0,0,0,1.0,1,1.0,1,1.0,1,0.21353330965618067,49
1525,3,2383,1198,1185,0,0,0,1.0,1,1.0,1,1.0,1,0.21898585430029543,51
1526,2,2385,1198,1187,0,0,0,1.0,1,1.0,1,1.0,1,0.19496081067759446,52
1527,2,2387,1199,1188,0,0,0,1.0,1,1.0,1,1.0,1,0.2251484714410128,54
1528,1,2388,1199,1189,0,0,0,1.0,1,1.0,1,1.0,1,0.21349794633030006,54
1529,0,2388,1199,1189,0,0,0,1.0,1,1.0,1,1.0,1,0.21349794633030006,54
1530,1,2389,1199,1190,0,0,0,1.0,1,1.0,1,1.0,1,0.22570822995826326,54
1531,1,2390,1199,1191,0,0,0,1.0,1,1.0,1,1.0,1,0.21076727280655624,54
1532,1,2391,1200,1191,0,0,0,1.0,1,1.0,1,1.0,1,0.21658031959512308,54
1533,2,2393,1200,1193,0,0,0,1.0,1,1.0,1,1.0,1,0.17333111006140892,54
1534,0,2393,1200,1193,0,0,0,1.0,1,1.0,1,1.0,1,0.17333111006140892,54
1535,1,2394,1200,1194,0,0,0,1.0,1,1.0,1,1.0,1,0.16000860074090403,54
1536,0,2394,1200,1194,0,0,0,1.0,1,1.0,1,1.0,1,0.1657253296774603,55
1537,1,2395,1200,1195,0,0,0,1.0,1,1.0,1,1.0,1,0.1822428112915999,53
1538,0,2395,1200,1195,0,0,0,1.0,1,1.0,1,1.0,1,0.19404622745158157,54
1539,0,2395,1200,1195,0,0,0,1.0,1,1.0,1,1.0,1,0.2203647202560213,54
1540,2,2397,1201,1196,0,0,0,1.0,1,1.0,1,1.0,1,0.22073016511060337,54
1541,0,2397,1201,1196,0,0,0,1.0,1,1.0,1,1.0,1,0.22147051212815463,54
1542,8,2405,1203,1202,0,0,0,1.0,1,1.0,1,1.0,1,0.21095585285674548,57
1543,2,2407,1205,1202,0,0,0,1.0,1,1.0,1,1.0,1,0.24565070600130723,55
1544,8,2415,1207,1208,0,0,0,1.0,1,1.0,1,1.0,1,0.1657107109238656,54
1545,3,2418,1208,1210,0,0,0,1.0,1,1.0,1,1.0,1,0.170864948354833,54
1546,3,2421,1210,1211,0,0,0,1.0,1,1.0,1,1.0,1,0.17932395462462794,53
1547,3,2424,1212,1212,0,0,0,1.0,1,1.0,1,1.0,1,0.17696548007666676,53
1548,5,2429,1215,1214,0,0,0,1.0,1,1.0,1,1.0,1,0.17189508367460726,54
1549,3,2432,1216,1216,0,0,0,1.0,1,1.0,1,1.0,1,0.12174587790999077,52
1550,4,2436,1220,1216,0,0,0,1.0,1,1.0,1,1.0,1,0.16281955993485875,52
1551,5,2441,1223,1218,0,0,0,1.0,1,1.0,1,1.0,1,0.22115672006499493,52
1552,4,2445,1226,1219,0,0,0,1.0,1,1.0,1,1.0,1,0.2426810936281801,51
1553,8,2453,1228,1225,0,0,0,1.0,1,1.0,1,1.0,1,0.1993373203984325,51
1554,5,2458,1229,1229,0,0,0,1.0,1,1.0,1,1.0,1,0.13019997442679573,51
1555,0,2458,1229,1229,0,0,0,1.0,1,1.0,1,1.0,1,0.13952358002617427,50
1556,2,2460,1231,1229,0,0,0,1.0,1,1.0,1,1.0,1,0.1588316958858612,51
1557,1,2461,1232,1229,0,0,0,1.0,1,1.0,1,1.0,1,0.17826937718672203,51
1558,2,2463,1232,1231,0,0,0,1.0,1,1.0,1,1.0,1,0.15033215512373016,52
1559,1,2464,1233,1231,0,0,0,1.0,1,1.0,1,1.0,1,0.16442905946104008,53
1560,2,2466,1234,1232,0,0,0,1.0,1,1.0,1,1.0,1,0.12291049546198039,51
1561,0,2466,1234,1232,0,0,0,1.0,1,1.0,1,1.0,1,0.12291049546198039,51
1562,0,2466,1234,1232,0,0,0,1.0,1,1.0,1,1.0,1,0.13266058132740158,52
1563,0,2466,1234,1232,0,0,0,1.0,1,1.0,1,1.0,1,0.13266058132740158,52
1564,0,2466,1234,1232,0,0,0,1.0,1,1.0,1,1.0,1,0.15172604346991952,51
1565,1,2467,1235,1232,0,0,0,1.0,1,1.0,1,1.0,1,0.1598516899406865,53
1566,3,2470,1235,1235,0,0,0,1.0,1,1.0,1,1.0,1,0.15032329293534707,53
1567,3,2473,1235,1238,0,0,0,1.0,1,1.0,1,1.0,1,0.12800451380522615,52
1568,2,2475,1237,1238,0,0,0,1.0,1,1.0,1,1.0,1,0.18728776809305733,52
1569,1,2476,1238,1238,0,0,0,1.0,1,1.0,1,1.0,1,0.18081985885562066,49
1570,0,2476,1238,1238,0,0,0,1.0,1,1.0,1,1.0,1,0.16790797492750367,48
1571,2,2478,1239,1239,0,0,0,1.0,1,1.0,1,1.0,1,0.15789804144378883,46
1572,4,2482,1242,1240,0,0,0,1.0,1,1.0,1,1.0,1,0.1594206743730606,47
1573,1,2483,1243,1240,0,0,0,1.0,1,1.0,1,1.0,1,0.149001964330035,48
1574,3,2486,1246,1240,0,0,0,1.0,1,1.0,1,1.0,1,0.17432877472597705,46
1575,2,2488,1248,1240,0,0,0,1.0,1,1.0,1,1.0,1,0.23050508802501632,47
1576,4,2492,1251,1241,0,0,0,1.0,1,1.0,1,1.0,1,0.20456177658101832,46
1577,0,2492,1251,1241,0,0,0,1.0,1,1.0,1,1.0,1,0.187476580845618,45
1578,0,2492,1251,1241,0,0,0,1.0,1,1.0,1,1.0,1,0.17152003902163968,44
1579,1,2493,1251,1242,0,0,0,1.0,1,1.0,1,1.0,1,0.18134649032541542,43
1580,2,2495,1253,1242,0,0,0,1.0,1,1.0,1,1.0,1,0.2071029318274503,43
1581,0,2495,1253,1242,0,0,0,1.0,1,1.0,1,1.0,1,0.20847479104912855,42
1582,1,2496,1254,1242,0,0,0,1.0,1,1.0,1,1.0,1,0.23247792394427613,42
1583,5,2501,1256,1245,0,0,0,1.0,1,1.0,1,1.0,1,0.23180653683566788,43
1584,1,2502,1257,1245,0,0,0,1.0,1,1.0,1,1.0,1,0.21539956372413932,41
1585,2,2504,1258,1246,0,0,0,1.0,1,1.0,1,1.0,1,0.19116771216493772,43
1586,1,2505,1259,1246,0,0,0,1.0,1,1.0,1,1.0,1,0.1951612428926712,42
1587,3,2508,1261,1247,0,0,0,1.0,1,1.0,1,1.0,1,0.20032421514561743,42
1588,3,2511,1264,1247,0,0,0,1.0,1,1.0,1,1.0,1,0.25663311514132664,42
1589,1,2512,1264,1248,0,0,0,1.0,1,1.0,1,1.0,1,0.19529673972420847,42
1590,3,2515,1264,1251,0,0,0,1.0,1,1.0,1,1.0,1,0.19612191570855914,41
1591,2,2517,1264,1253,0,0,0,1.0,1,1.0,1,1.0,1,0.19144453973746484,40
1592,2,2519,1265,1254,0,0,0,1.0,1,1.0,1,1.0,1,0.1502431369929803,39
1593,1,2520,1266,1254,0,0,0,1.0,1,1.0,1,1.0,1,0.1912592178035492,39
1594,0,2520,1266,1254,0,0,0,1.0,1,1.0,1,1.0,1,0.19215264779003352,39
1595,2,2522,1267,1255,0,0,0,1.0,1,1.0,1,1.0,1,0.21960045131783265,42
1596,1,2523,1267,1256,0,0,0,1.0,1,1.0,1,1.0,1,0.20598284212206938,41
1597,1,2524,1268,1256,0,0,0,1.0,1,1.0,1,1.0,1,0.2416282570498766,41
1598,1,2525,1268,1257,0,0,0,1.0,1,1.0,1,1.0,1,0.24791864692105714,39
1599,2,2527,1269,1258,0,0,0,1.0,1,1.0,1,1.0,1,0.22329011646797228,39
1600,2,2529,1269,1260,0,0,0,1.0,1,1.0,1,1.0,1,0.1976653373658306,40
1601,2,2531,1271,1260,0,0,0,1.0,1,1.0,1,1.0,1,0.27031166012538566,41
1602,1,2532,1271,1261,0,0,0,1.0,1,1.0,1,1.0,1,0.2374149761585463,41
1603,3,2535,1272,1263,0,0,0,1.0,1,1.0,1,1.0,1,0.2697651493450747,43
1604,0,2535,1272,1263,0,0,0,1.0,1,1.0,1,1.0,1,0.2697651493450747,43
1605,4,2539,1273,1266,0,0,0,1.0,1,1.0,1,1.0,1,0.24652913081328437,44
1606,1,2540,1274,1266,0,0,0,1.0,1,1.0,1,1.0,1,0.24974356213351195,44
1607,2,2542,1275,1267,0,0,0,1.0,1,1.0,1,1.0,1,0.2627853454496198,42
1608,3,2545,1277,1268,0,0,0,1.0,1,1.0,1,1.0,1,0.27082992110232285,41
1609,0,2545,1277,1268,0,0,0,1.0,1,1.0,1,1.0,1,0.23882061936194268,39
1610,2,2547,1277,1270,0,0,0,1.0,1,1.0,1,1.0,1,0.16285508944289184,39
1611,1,2548,1278,1270,0,0,0,1.0,1,1.0,1,1.0,1,0.18306801723810967,40
1612,0,2548,1278,1270,0,0,0,1.0,1,1.0,1,1.0,1,0.1621899285071515,39
1613,0,2548,1278,1270,0,0,0,1.0,1,1.0,1,1.0,1,0.20222665313363347,41
1614,1,2549,1279,1270,0,0,0,1.0,1,1.0,1,1.0,1,0.17437963052667824,41
1615,0,2549,1279,1270,0,0,0,1.0,1,1.0,1,1.0,1,0.17437963052667824,41
1616,3,2552,1281,1271,0,0,0,1.0,1,1.0,1,1.0,1,0.22909460573150695,43
1617,4,2556,1282,1274,0,0,0,1.0,1,1.0,1,1.0,1,0.22259171869829347,44
1618,2,2558,1283,1275,0,0,0,1.0,1,1.0,1,1.0,1,0.19177512508893657,44
1619,1,2559,1284,1275,0,0,0,1.0,1,1.0,1,1.0,1,0.22420538216585298,44
1620,2,2561,1285,1276,0,0,0,1.0,1,1.0,1,1.0,1,0.24185143217737334,45
1621,3,2564,1285,1279,0,0,0,1.0,1,1.0,1,1.0,1,0.23635113308480665,44
1622,1,2565,1286,1279,0,0,0,1.0,1,1.0,1,1.0,1,0.24797965012524725,44
1623,1,2566,1286,1280,0,0,0,1.0,1,1.0,1,1.0,1,0.24188280523479203,43
1624,0,2566,1286,1280,0,0,0,1.0,1,1.0,1,1.0,1,0.22086971166031633,43
1625,2,2568,1288,1280,0,0,0,1.0,1,1.0,1,1.0,1,0.24774904752562538,43
1626,4,2572,1291,1281,0,0,0,1.0,1,1.0,1,1.0,1,0.2742060221702335,42
1627,2,2574,1291,1283,0,0,0,1.0,1,1.0,1,1.0,1,0.23457318313335648,42
1628,2,2576,1293,1283,0,0,0,1.0,1,1.0,1,1.0,1,0.28570227511329827,42
1629,0,2576,1293,1283,0,0,0,1.0,1,1.0,1,1.0,1,0.27260824953855917,41
1630,2,2578,1295,1283,0,0,0,1.0,1,1.0,1,1.0,1,0.3270572479296931,41
1631,1,2579,1295,1284,0,0,0,1.0,1,1.0,1,1.0,1,0.2946596816248021,40
1632,2,2581,1295,1286,0,0,0,1.0,1,1.0,1,1.0,1,0.22788425369841334,39
1633,1,2582,1295,1287,0,0,0,1.0,1,1.0,1,1.0,1,0.21523576318921564,39
1634,0,2582,1295,1287,0,0,0,1.0,1,1.0,1,1.0,1,0.21523576318921564,39
1635,0,2582,1295,1287,0,0,0,1.0,1,1.0,1,1.0,1,0.21758140939436627,40
1636,2,2584,1296,1288,0,0,0,1.0,1,1.0,1,1.0,1,0.2314735198479412,41
1637,1,2585,1296,1289,0,0,0,1.0,1,1.0,1,1.0,1,0.23379122767625363,41
1638,3,2588,1297,1291,0,0,0,1.0,1,1.0,1,1.0,1,0.22326493759336732,42
1639,0,2588,1297,1291,0,0,0,1.0,1,1.0,1,1.0,1,0.22009508292324564,43
1640,0,2588,1297,1291,0,0,0,1.0,1,1.0,1,1.0,1,0.22009508292324564,43
1641,1,2589,1297,1292,0,0,0,1.0,1,1.0,1,1.0,1,0.20137391493953694,44
1642,5,2594,1300,1294,0,0,0,1.0,1,1.0,1,1.0,1,0.22708225403698498,45
1643,1,2595,1301,1294,0,0,0,1.0,1,1.0,1,1.0,1,0.24549521081785014,44
1644,2,2597,1303,1294,0,0,0,1.0,1,1.0,1,1.0,1,0.2685075943830829,45
1645,6,2603,1305,1298,0,0,0,1.0,1,1.0,1,1.0,1,0.2642936997526277,44
1646,3,2606,1306,1300,0,0,0,1.0,1,1.0,1,1.0,1,0.20735630201598773,43
1647,1,2607,1307,1300,0,0,0,1.0,1,1.0,1,1.0,1,0.22174986872909416,43
1648,1,2608,1307,1301,0,0,0,1.0,1,1.0,1,1.0,1,0.24413533105086524,42
1649,0,2608,1307,1301,0,0,0,1.0,1,1.0,1,1.0,1,0.2587550352469015,41
1650,0,2608,1307,1301,0,0,0,1.0,1,1.0,1,1.0,1,0.2587550352469015,41
1651,1,2609,1308,1301,0,0,0,1.0,1,1.0,1,1.0,1,0.29714579061461455,40
1652,0,2609,1308,1301,0,0,0,1.0,1,1.0,1,1.0,1,0.31442306264998954,39
1653,2,2611,1308,1303,0,0,0,1.0,1,1.0,1,1.0,1,0.31127128673529236,39
1654,0,2611,1308,1303,0,0,0,1.0,1,1.0,1,1.0,1,0.31127128673529236,39
1655,3,2614,1310,1304,0,0,0,1.0,1,1.0,1,1.0,1,0.31556460486757987,40
1656,2,2616,1310,1306,0,0,0,1.0,1,1.0,1,1.0,1,0.280803407183142,40
1657,2,2618,1310,1308,0,0,0,1.0,1,1.0,1,1.0,1,0.23593087991719766,40
1658,1,2619,1310,1309,0,0,0,1.0,1,1.0,1,1.0,1,0.20199439518771192,40
1659,2,2621,1312,1309,0,0,0,1.0,1,1.0,1,1.0,1,0.2502569168493709,40
1660,3,2624,1313,1311,0,0,0,1.0,1,1.0,1,1.0,1,0.20338238260410352,41
1661,2,2626,1315,1311,0,0,0,1.0,1,1.0,1,1.0,1,0.2372292841242955,42
1662,2,2628,1316,1312,0,0,0,1.0,1,1.0,1,1.0,1,0.21394882485805872,44
1663,3,2631,1318,1313,0,0,0,1.0,1,1.0,1,1.0,1,0.21853779454099842,43
1664,6,2637,1322,1315,0,0,0,1.0,1,1.0,1,1.0,1,0.21914899549563896,42
1665,3,2640,1323,1317,0,0,0,1.0,1,1.0,1,1.0,1,0.1927288756442458,42
1666,2,2642,1325,1317,0,0,0,1.0,1,1.0,1,1.0,1,0.2690421122939849,43
1667,3,2645,1328,1317,0,0,0,1.0,1,1.0,1,1.0,1,0.2915117603378558,40
1668,5,2650,1329,1321,0,0,0,1.0,1,1.0,1,1.0,1,0.16732513050956008,40
1669,0,2650,1329,1321,0,0,0,1.0,1,1.0,1,1.0,1,0.1638680393913902,40
1670,0,2650,1329,1321,0,0,0,1.0,1,1.0,1,1.0,1,0.1472721610889317,39
1671,1,2651,1330,1321,0,0,0,1.0,1,1.0,1,1.0,1,0.16769692813464285,39
1672,3,2654,1332,1322,0,0,0,1.0,1,1.0,1,1.0,1,0.1796532780196683,38
1673,2,2656,1333,1323,0,0,0,1.0,1,1.0,1,1.0,1,0.1865613744876946,38
1674,0,2656,1333,1323,0,0,0,1.0,1,1.0,1,1.0,1,0.17976264087031463,38
1675,2,2658,1334,1324,0,0,0,1.0,1,1.0,1,1.0,1,0.1906581959228387,39
1676,0,2658,1334,1324,0,0,0,1.0,1,1.0,1,1.0,1,0.18885400993833068,39
1677,0,2658,1334,1324,0,0,0,1.0,1,1.0,1,1.0,1,0.19457352544150103,40
1678,0,2658,1334,1324,0,0,0,1.0,1,1.0,1,1.0,1,0.18660236932416108,39
1679,0,2658,1334,1324,0,0,0,1.0,1,1.0,1,1.0,1,0.18660236932416108,39
1680,0,2658,1334,1324,0,0,0,1.0,1,1.0,1,1.0,1,0.20771684877925997,40
1681,0,2658,1334,1324,0,0,0,1.0,1,1.0,1,1.0,1,0.2128780123494234,41
1682,0,2658,1334,1324,0,0,0,1.0,1,1.0,1,1.0,1,0.1957121784175829,40
1683,3,2661,1337,1324,0,0,0,1.0,1,1.0,1,1.0,1,0.2542854454287566,43
1684,6,2667,1340,1327,0,0,0,1.0,1,1.0,1,1.0,1,0.25059374093985415,42
1685,4,2671,1341,1330,0,0,0,1.0,1,1.0,1,1.0,1,0.19493938869667746,41
1686,0,2671,1341,1330,0,0,0,1.0,1,1.0,1,1.0,1,0.19676843583440906,39
1687,3,2674,1344,1330,0,0,0,1.0,1,1.0,1,1.0,1,0.23263456491738163,41
1688,3,2677,1346,1331,0,0,0,1.0,1,1.0,1,1.0,1,0.23084087214874546,39
1689,3,2680,1348,1332,0,0,0,1.0,1,1.0,1,1.0,1,0.26395094720121487,37
1690,2,2682,1348,1334,0,0,0,1.0,1,1.0,1,1.0,1,0.24405763955528306,36
1691,2,2684,1349,1335,0,0,0,1.0,1,1.0,1,1.0,1,0.23608705006366096,36
1692,0,2684,1349,1335,0,0,0,1.0,1,1.0,1,1.0,1,0.21336161089153097,34
1693,1,2685,1350,1335,0,0,0,1.0,1,1.0,1,1.0,1,0.27418767733064436,33
1694,0,2685,1350,1335,0,0,0,1.0,1,1.0,1,1.0,1,0.28412374286167297,32
1695,1,2686,1350,1336,0,0,0,1.0,1,1.0,1,1.0,1,0.25622209300196597,32
1696,1,2687,1351,1336,0,0,0,1.0,1,1.0,1,1.0,1,0.288160018593193,34
1697,0,2687,1351,1336,0,0,0,1.0,1,1.0,1,1.0,1,0.288160018593193,34
1698,2,2689,1353,1336,0,0,0,1.0,1,1.0,1,1.0,1,0.2662055746575124,36
1699,2,2691,1355,1336,0,0,0,1.0,1,1.0,1,1.0,1,0.3136801475398504,36
1700,0,2691,1355,1336,0,0,0,1.0,1,1.0,1,1.0,1,0.3337596244389873,37
1701,2,2693,1356,1337,0,0,0,1.0,1,1.0,1,1.0,1,0.3347914310549868,39
1702,5,2698,1359,1339,0,0,0,1.0,1,1.0,1,1.0,1,0.36560309043673067,39
1703,3,2701,1360,1341,0,0,0,1.0,1,1.0,1,1.0,1,0.3461849540732487,38
1704,5,2706,1364,1342,0,0,0,1.0,1,1.0,1,1.0,1,0.3544288387887035,38
1705,2,2708,1364,1344,0,0,0,1.0,1,1.0,1,1.0,1,0.30552803477310037,37
1706,0,2708,1364,1344,0,0,0,1.0,1,1.0,1,1.0,1,0.30552803477310037,37
1707,1,2709,1365,1344,0,0,0,1.0,1,1.0,1,1.0,1,0.32421484436806475,36
1708,1,2710,1366,1344,0,0,0,1.0,1,1.0,1,1.0,1,0.316426412414358,34
1709,2,2712,1367,1345,0,0,0,1.0,1,1.0,1,1.0,1,0.28800583160391013,34
1710,5,2717,1369,1348,0,0,0,1.0,1,1.0,1,1.0,1,0.3434182735903807,33
1711,4,2721,1371,1350,0,0,0,1.0,1,1.0,1,1.0,1,0.3063732493935416,32
1712,1,2722,1372,1350,0,0,0,1.0,1,1.0,1,1.0,1,0.3502088677194489,31
1713,1,2723,1372,1351,0,0,0,1.0,1,1.0,1,1.0,1,0.3323734297878521,32
1714,0,2723,1372,1351,0,0,0,1.0,1,1.0,1,1.0,1,0.3323734297878521,32
1715,1,2724,1372,1352,0,0,0,1.0,1,1.0,1,1.0,1,0.31758836972491244,32
1716,0,2724,1372,1352,0,0,0,1.0,1,1.0,1,1.0,1,0.3230421739610733,34
1717,0,2724,1372,1352,0,0,0,1.0,1,1.0,1,1.0,1,0.3230421739610733,34
1718,1,2725,1373,1352,0,0,0,1.0,1,1.0,1,1.0,1,0.34199077353821383,34
1719,3,2728,1374,1354,0,0,0,1.0,1,1.0,1,1.0,1,0.3232767516765641,34
1720,1,2729,1374,1355,0,0,0,1.0,1,1.0,1,1.0,1,0.29829562425005235,34
1721,0,2729,1374,1355,0,0,0,1.0,1,1.0,1,1.0,1,0.30249519026578514,35
1722,0,2729,1374,1355,0,0,0,1.0,1,1.0,1,1.0,1,0.292086242853,35
1723,0,2729,1374,1355,0,0,0,1.0,1,1.0,1,1.0,1,0.31119023086929,34
1724,3,2732,1375,1357,0,0,0,1.0,1,1.0,1,1.0,1,0.24486938192865107,33
1725,2,2734,1376,1358,0,0,0,1.0,1,1.0,1,1.0,1,0.287160067023031,35
1726,0,2734,1376,1358,0,0,0,1.0,1,1.0,1,1.0,1,0.2776944401901423,34
1727,0,2734,1376,1358,0,0,0,1.0,1,1.0,1,1.0,1,0.2776944401901423,34
1728,1,2735,1376,1359,0,0,0,1.0,1,1.0,1,1.0,1,0.2600288943574224,35
1729,2,2737,1377,1360,0,0,0,1.0,1,1.0,1,1.0,1,0.25338336038739895,35
1730,1,2738,1378,1360,0,0,0,1.0,1,1.0,1,1.0,1,0.2634579499799968,35
1731,0,2738,1378,1360,0,0,0,1.0,1,1.0,1,1.0,1,0.2857037756352482,35
1732,0,2738,1378,1360,0,0,0,1.0,1,1.0,1,1.0,1,0.2857037756352482,35
1733,0,2738,1378,1360,0,0,0,1.0,1,1.0,1,1.0,1,0.299981425776377,33
1734,1,2739,1379,1360,0,0,0,1.0,1,1.0,1,1.0,1,0.3054927187750988,34
1735,4,2743,1379,1364,0,0,0,1.0,1,1.0,1,1.0,1,0.31166774905382516,33
1736,3,2746,1381,1365,0,0,0,1.0,1,1.0,1,1.0,1,0.3119183195982631,33
1737,5,2751,1382,1369,0,0,0,1.0,1,1.0,1,1.0,1,0.21797849470520317,35
1738,1,2752,1383,1369,0,0,0,1.0,1,1.0,1,1.0,1,0.22135598416778923,36
1739,2,2754,1385,1369,0,0,0,1.0,1,1.0,1,1.0,1,0.2217288938131472,36
1740,6,2760,1387,1373,0,0,0,1.0,1,1.0,1,1.0,1,0.16972488579283676,37
1741,0,2760,1387,1373,0,0,0,1.0,1,1.0,1,1.0,1,0.17150206235148052,36
1742,1,2761,1388,1373,0,0,0,1.0,1,1.0,1,1.0,1,0.18146436123934473,36
1743,2,2763,1389,1374,0,0,0,1.0,1,1.0,1,1.0,1,0.20416039072609535,37
1744,0,2763,1389,1374,0,0,0,1.0,1,1.0,1,1.0,1,0.20170707234908308,37
1745,4,2767,1392,1375,0,0,0,1.0,1,1.0,1,1.0,1,0.24938167064297395,38
1746,3,2770,1393,1377,0,0,0,1.0,1,1.0,1,1.0,1,0.19899107939365965,38
1747,0,2770,1393,1377,0,0,0,1.0,1,1.0,1,1.0,1,0.19504607059299423,37
1748,0,2770,1393,1377,0,0,0,1.0,1,1.0,1,1.0,1,0.19117445813084247,38
1749,1,2771,1394,1377,0,0,0,1.0,1,1.0,1,1.0,1,0.20711567559201474,38
1750,1,2772,1395,1377,0,0,0,1.0,1,1.0,1,1.0,1,0.21526480617998964,39
1751,0,2772,1395,1377,0,0,0,1.0,1,1.0,1,1.0,1,0.21203146783353777,41
1752,1,2773,1396,1377,0,0,0,1.0,1,1.0,1,1.0,1,0.22498967629935782,41
1753,2,2775,1397,1378,0,0,0,1.0,1,1.0,1,1.0,1,0.2430429743035948,41
1754,4,2779,1401,1378,0,0,0,1.0,1,1.0,1,1.0,1,0.27322795409775114,40
1755,4,2783,1402,1381,0,0,0,1.0,1,1.0,1,1.0,1,0.24211512397709758,41
1756,1,2784,1402,1382,0,0,0,1.0,1,1.0,1,1.0,1,0.2393508753595103,41
1757,0,2784,1402,1382,0,0,0,1.0,1,1.0,1,1.0,1,0.23961620547535084,40
1758,1,2785,1403,1382,0,0,0,1.0,1,1.0,1,1.0,1,0.2675254316046518,41
1759,2,2787,1405,1382,0,0,0,1.0,1,1.0,1,1.0,1,0.3503107902638028,38
1760,3,2790,1406,1384,0,0,0,1.0,1,1.0,1,1.0,1,0.37274950280008917,38
1761,2,2792,1407,1385,0,0,0,1.0,1,1.0,1,1.0,1,0.37150752275712984,37
1762,4,2796,1407,1389,0,0,0,1.0,1,1.0,1,1.0,1,0.2902526298605217,37
1763,2,2798,1408,1390,0,0,0,1.0,1,1.0,1,1.0,1,0.2660738927562821,37
1764,1,2799,1408,1391,0,0,0,1.0,1,1.0,1,1.0,1,0.24185815276950315,36
1765,2,2801,1410,1391,0,0,0,1.0,1,1.0,1,1.0,1,0.2521922461769195,36
1766,2,2803,1411,1392,0,0,0,1.0,1,1.0,1,1.0,1,0.22612329261781927,37
1767,3,2806,1413,1393,0,0,0,1.0,1,1.0,1,1.0,1,0.22749925842265292,37
1768,4,2810,1414,1396,0,0,0,1.0,1,1.0,1,1.0,1,0.19881666890675714,37
1769,0,2810,1414,1396,0,0,0,1.0,1,1.0,1,1.0,1,0.20585974706350185,38
1770,2,2812,1415,1397,0,0,0,1.0,1,1.0,1,1.0,1,0.23933136515633094,39
1771,0,2812,1415,1397,0,0,0,1.0,1,1.0,1,1.0,1,0.23933136515633094,39
1772,0,2812,1415,1397,0,0,0,1.0,1,1.0,1,1.0,1,0.23933136515633094,39
1773,0,2812,1415,1397,0,0,0,1.0,1,1.0,1,1.0,1,0.2206263508678346,41
1774,0,2812,1415,1397,0,0,0,1.0,1,1.0,1,1.0,1,0.2206263508678346,41
1775,0,2812,1415,1397,0,0,0,1.0,1,1.0,1,1.0,1,0.2409532127146686,42
1776,2,2814,1416,1398,0,0,0,1.0,1,1.0,1,1.0,1,0.24189062697699376,43
1777,1,2815,1416,1399,0,0,0,1.0,1,1.0,1,1.0,1,0.21891469669997465,43
1778,1,2816,1416,1400,0,0,0,1.0,1,1.0,1,1.0,1,0.2254899074431858,44
1779,4,2820,1416,1404,0,0,0,1.0,1,1.0,1,1.0,1,0.16152268216867555,46
1780,0,2820,1416,1404,0,0,0,1.0,1,1.0,1,1.0,1,0.16152268216867555,46
1781,1,2821,1417,1404,0,0,0,1.0,1,1.0,1,1.0,1,0.167622845411163,46
1782,2,2823,1418,1405,0,0,0,1.0,1,1.0,1,1.0,1,0.1914101003512446,46
1783,2,2825,1420,1405,0,0,0,1.0,1,1.0,1,1.0,1,0.18676426595997608,44
1784,1,2826,1421,1405,0,0,0,1.0,1,1.0,1,1.0,1,0.19921858226377567,45
1785,1,2827,1422,1405,0,0,0,1.0,1,1.0,1,1.0,1,0.20695796201451952,42
1786,3,2830,1425,1405,0,0,0,1.0,1,1.0,1,1.0,1,0.261619586985565,43
1787,2,2832,1427,1405,0,0,0,1.0,1,1.0,1,1.0,1,0.25144980516703014,41
1788,3,2835,1427,1408,0,0,0,1.0,1,1.0,1,1.0,1,0.20370489252475799,41
1789,1,2836,1427,1409,0,0,0,1.0,1,1.0,1,1.0,1,0.2152689003738817,41
1790,1,2837,1428,1409,0,0,0,1.0,1,1.0,1,1.0,1,0.215645764258284,41
1791,3,2840,1430,1410,0,0,0,1.0,1,1.0,1,1.0,1,0.2373435410601618,40
1792,3,2843,1433,1410,0,0,0,1.0,1,1.0,1,1.0,1,0.23996197866715757,40
1793,0,2843,1433,1410,0,0,0,1.0,1,1.0,1,1.0,1,0.24767298168114124,41
1794,5,2848,1435,1413,0,0,0,1.0,1,1.0,1,1.0,1,0.2449977402346508,41
1795,3,2851,1438,1413,0,0,0,1.0,1,1.0,1,1.0,1,0.2584494210253412,40
1796,3,2854,1440,1414,0,0,0,1.0,1,1.0,1,1.0,1,0.2613181831258728,40
1797,3,2857,1441,1416,0,0,0,1.0,1,1.0,1,1.0,1,0.21139319565842254,37
1798,0,2857,1441,1416,0,0,0,1.0,1,1.0,1,1.0,1,0.21139319565842254,37
1799,2,2859,1442,1417,0,0,0,1.0,1,1.0,1,1.0,1,0.2758411083044354,36
1800,1,2860,1442,1418,0,0,0,1.0,1,1.0,1,1.0,1,0.2462942196106153,36
1801,0,2860,1442,1418,0,0,0,1.0,1,1.0,1,1.0,1,0.22765285545732197,34
1802,0,2860,1442,1418,0,0,0,1.0,1,1.0,1,1.0,1,0.272815437130022,33
1803,0,2860,1442,1418,0,0,0,1.0,1,1.0,1,1.0,1,0.272815437130022,33
1804,3,2863,1444,1419,0,0,0,1.0,1,1.0,1,1.0,1,0.25786257390021583,33
1805,1,2864,1444,1420,0,0,0,1.0,1,1.0,1,1.0,1,0.23698596130586044,35
1806,4,2868,1446,1422,0,0,0,1.0,1,1.0,1,1.0,1,0.25684228690457006,35
1807,1,2869,1446,1423,0,0,0,1.0,1,1.0,1,1.0,1,0.2537074388915682,35
1808,1,2870,1446,1424,0,0,0,1.0,1,1.0,1,1.0,1,0.22333740149187642,36
1809,2,2872,1446,1426,0,0,0,1.0,1,1.0,1,1.0,1,0.21906933031808837,36
1810,0,2872,1446,1426,0,0,0,1.0,1,1.0,1,1.0,1,0.23196595499588116,35
1811,1,2873,1446,1427,0,0,0,1.0,1,1.0,1,1.0,1,0.2534325768010624,36
1812,2,2875,1447,1428,0,0,0,1.0,1,1.0,1,1.0,1,0.26954817414571763,36
1813,2,2877,1449,1428,0,0,0,1.0,1,1.0,1,1.0,1,0.25556774530411785,36
1814,0,2877,1449,1428,0,0,0,1.0,1,1.0,1,1.0,1,0.2519446210624595,34
1815,0,2877,1449,1428,0,0,0,1.0,1,1.0,1,1.0,1,0.2646827601757798,35
1816,2,2879,1450,1429,0,0,0,1.0,1,1.0,1,1.0,1,0.2929743400866624,34
1817,2,2881,1452,1429,0,0,0,1.0,1,1.0,1,1.0,1,0.27477437438508,34
1818,1,2882,1452,1430,0,0,0,1.0,1,1.0,1,1.0,1,0.2373860074260892,34
1819,4,2886,1454,1432,0,0,0,1.0,1,1.0,1,1.0,1,0.24475940788105327,35
1820,2,2888,1455,1433,0,0,0,1.0,1,1.0,1,1.0,1,0.2052969016106657,36
1821,2,2890,1455,1435,0,0,0,1.0,1,1.0,1,1.0,1,0.16741080678743517,36
1822,1,2891,1456,1435,0,0,0,1.0,1,1.0,1,1.0,1,0.21662137892431987,37
1823,5,2896,1459,1437,0,0,0,1.0,1,1.0,1,1.0,1,0.2314217799781431,38
1824,2,2898,1461,1437,0,0,0,1.0,1,1.0,1,1.0,1,0.2512216638221299,37
1825,1,2899,1461,1438,0,0,0,1.0,1,1.0,1,1.0,1,0.23313707129182112,36
1826,0,2899,1461,1438,0,0,0,1.0,1,1.0,1,1.0,1,0.21509298771986718,35
1827,2,2901,1463,1438,0,0,0,1.0,1,1.0,1,1.0,1,0.2682819886274725,35
1828,0,2901,1463,1438,0,0,0,1.0,1,1.0,1,1.0,1,0.24947390099477168,33
1829,1,2902,1463,1439,0,0,0,1.0,1,1.0,1,1.0,1,0.22336994505649754,32
1830,3,2905,1466,1439,0,0,0,1.0,1,1.0,1,1.0,1,0.33625246694866723,32
1831,1,2906,1466,1440,0,0,0,1.0,1,1.0,1,1.0,1,0.26884120458808747,30
1832,1,2907,1466,1441,0,0,0,1.0,1,1.0,1,1.0,1,0.23879599113249902,30
1833,0,2907,1466,1441,0,0,0,1.0,1,1.0,1,1.0,1,0.2304111503486986,29
1834,1,2908,1467,1441,0,0,0,1.0,1,1.0,1,1.0,1,0.28627846538643453,28
1835,3,2911,1469,1442,0,0,0,1.0,1,1.0,1,1.0,1,0.34985435623767225,28
1836,4,2915,1470,1445,0,0,0,1.0,1,1.0,1,1.0,1,0.2480780334957212,29
1837,0,2915,1470,1445,0,0,0,1.0,1,1.0,1,1.0,1,0.3087435218631146,28
1838,0,2915,1470,1445,0,0,0,1.0,1,1.0,1,1.0,1,0.36689912828098,28
1839,0,2915,1470,1445,0,0,0,1.0,1,1.0,1,1.0,1,0.38192229080634893,27
1840,0,2915,1470,1445,0,0,0,1.0,1,1.0,1,1.0,1,0.42979693274582165,26
1841,0,2915,1470,1445,0,0,0,1.0,1,1.0,1,1.0,1,0.42266420240664215,25
1842,3,2918,1471,1447,0,0,0,1.0,1,1.0,1,1.0,1,0.38704367627287645,26
1843,1,2919,1471,1448,0,0,0,1.0,1,1.0,1,1.0,1,0.35586986045601904,26
1844,1,2920,1472,1448,0,0,0,1.0,1,1.0,1,1.0,1,0.34556986835575537,26
1845,1,2921,1472,1449,0,0,0,1.0,1,1.0,1,1.0,1,0.31706548057824746,26
1846,2,2923,1474,1449,0,0,0,1.0,1,1.0,1,1.0,1,0.3673813643720997,26
1847,1,2924,1474,1450,0,0,0,1.0,1,1.0,1,1.0,1,0.3212081700814471,26
1848,2,2926,1475,1451,0,0,0,1.0,1,1.0,1,1.0,1,0.3218666379000349,27
1849,0,2926,1475,1451,0,0,0,1.0,1,1.0,1,1.0,1,0.3218666379000349,27
1850,1,2927,1475,1452,0,0,0,1.0,1,1.0,1,1.0,1,0.31083694232857495,28
1851,0,2927,1475,1452,0,0,0,1.0,1,1.0,1,1.0,1,0.31083694232857495,28
1852,0,2927,1475,1452,0,0,0,1.0,1,1.0,1,1.0,1,0.31083694232857495,28
1853,0,2927,1475,1452,0,0,0,1.0,1,1.0,1,1.0,1,0.31867879559029577,27
1854,0,2927,1475,1452,0,0,0,1.0,1,1.0,1,1.0,1,0.3348890718115894,28
1855,0,2927,1475,1452,0,0,0,1.0,1,1.0,1,1.0,1,0.3348890718115894,28
1856,0,2927,1475,1452,0,0,0,1.0,1,1.0,1,1.0,1,0.34735173873815306,30
1857,1,2928,1476,1452,0,0,0,1.0,1,1.0,1,1.0,1,0.37915832715942605,31
1858,3,2931,1479,1452,0,0,0,1.0,1,1.0,1,1.0,1,0.38535957566398527,31
1859,2,2933,1479,1454,0,0,0,1.0,1,1.0,1,1.0,1,0.3443988997600544,31
1860,1,2934,1479,1455,0,0,0,1.0,1,1.0,1,1.0,1,0.3221805680134393,31
1861,1,2935,1480,1455,0,0,0,1.0,1,1.0,1,1.0,1,0.35154005475013256,31
1862,2,2937,1481,1456,0,0,0,1.0,1,1.0,1,1.0,1,0.33993273116638983,31
1863,2,2939,1482,1457,0,0,0,1.0,1,1.0,1,1.0,1,0.3350196168373777,31
1864,3,2942,1485,1457,0,0,0,1.0,1,1.0,1,1.0,1,0.4011794637161289,30
1865,2,2944,1486,1458,0,0,0,1.0,1,1.0,1,1.0,1,0.3722403836765057,27
1866,1,2945,1487,1458,0,0,0,1.0,1,1.0,1,1.0,1,0.422160723559388,28
1867,2,2947,1488,1459,0,0,0,1.0,1,1.0,1,1.0,1,0.4064216258432735,26
1868,0,2947,1488,1459,0,0,0,1.0,1,1.0,1,1.0,1,0.4064216258432735,26
1869,1,2948,1488,1460,0,0,0,1.0,1,1.0,1,1.0,1,0.3945859453011814,25
1870,1,2949,1489,1460,0,0,0,1.0,1,1.0,1,1.0,1,0.41231965336101856,25
1871,2,2951,1489,1462,0,0,0,1.0,1,1.0,1,1.0,1,0.3700612751461999,26
1872,0,2951,1489,1462,0,0,0,1.0,1,1.0,1,1.0,1,0.3641832063401795,25
1873,0,2951,1489,1462,0,0,0,1.0,1,1.0,1,1.0,1,0.37545829208113135,23
1874,0,2951,1489,1462,0,0,0,1.0,1,1.0,1,1.0,1,0.3541949652150769,23
1875,0,2951,1489,1462,0,0,0,1.0,1,1.0,1,1.0,1,0.4178037179748424,21
1876,5,2956,1490,1466,0,0,0,1.0,1,1.0,1,1.0,1,0.30027553725790135,24
1877,1,2957,1491,1466,0,0,0,1.0,1,1.0,1,1.0,1,0.3330601968118348,24
1878,1,2958,1492,1466,0,0,0,1.0,1,1.0,1,1.0,1,0.3074658566808961,26
1879,1,2959,1492,1467,0,0,0,1.0,1,1.0,1,1.0,1,0.24895554792631344,26
1880,0,2959,1492,1467,0,0,0,1.0,1,1.0,1,1.0,1,0.24895554792631344,26
1881,0,2959,1492,1467,0,0,0,1.0,1,1.0,1,1.0,1,0.24895554792631344,26
1882,0,2959,1492,1467,0,0,0,1.0,1,1.0,1,1.0,1,0.25460604247350027,25
1883,0,2959,1492,1467,0,0,0,1.0,1,1.0,1,1.0,1,0.25460604247350027,25
1884,0,2959,1492,1467,0,0,0,1.0,1,1.0,1,1.0,1,0.25460604247350027,25
1885,0,2959,1492,1467,0,0,0,1.0,1,1.0,1,1.0,1,0.25460604247350027,25
1886,0,2959,1492,1467,0,0,0,1.0,1,1.0,1,1.0,1,0.24826372881532438,26
1887,0,2959,1492,1467,0,0,0,1.0,1,1.0,1,1.0,1,0.24826372881532438,26
1888,1,2960,1493,1467,0,0,0,1.0,1,1.0,1,1.0,1,0.3023187252282835,27
1889,0,2960,1493,1467,0,0,0,1.0,1,1.0,1,1.0,1,0.3202936308340891,28
1890,0,2960,1493,1467,0,0,0,1.0,1,1.0,1,1.0,1,0.3202936308340891,28
1891,1,2961,1493,1468,0,0,0,1.0,1,1.0,1,1.0,1,0.3343229134916682,29
1892,0,2961,1493,1468,0,0,0,1.0,1,1.0,1,1.0,1,0.3343229134916682,29
1893,0,2961,1493,1468,0,0,0,1.0,1,1.0,1,1.0,1,0.3343229134916682,29
1894,0,2961,1493,1468,0,0,0,1.0,1,1.0,1,1.0,1,0.3343229134916682,29
1895,2,2963,1494,1469,0,0,0,1.0,1,1.0,1,1.0,1,0.3217689025110813,31
1896,0,2963,1494,1469,0,0,0,1.0,1,1.0,1,1.0,1,0.3217689025110813,31
1897,0,2963,1494,1469,0,0,0,1.0,1,1.0,1,1.0,1,0.3217689025110813,31
1898,0,2963,1494,1469,0,0,0,1.0,1,1.0,1,1.0,1,0.3217689025110813,31
1899,0,2963,1494,1469,0,0,0,1.0,1,1.0,1,1.0,1,0.3334940517238142,32
1900,0,2963,1494,1469,0,0,0,1.0,1,1.0,1,1.0,1,0.3334940517238142,32
1901,0,2963,1494,1469,0,0,0,1.0,1,1.0,1,1.0,1,0.3334940517238142,32
1902,1,2964,1495,1469,0,0,0,1.0,1,1.0,1,1.0,1,0.355928003959784,32
1903,0,2964,1495,1469,0,0,0,1.0,1,1.0,1,1.0,1,0.355928003959784,32
1904,0,2964,1495,1469,0,0,0,1.0,1,1.0,1,1.0,1,0.3298716767589005,34
1905,0,2964,1495,1469,0,0,0,1.0,1,1.0,1,1.0,1,0.3298716767589005,34
1906,1,2965,1495,1470,0,0,0,1.0,1,1.0,1,1.0,1,0.32700617290143186,35
1907,2,2967,1496,1471,0,0,0,1.0,1,1.0,1,1.0,1,0.2979985589016451,36
1908,0,2967,1496,1471,0,0,0,1.0,1,1.0,1,1.0,1,0.2979985589016451,36
1909,1,2968,1496,1472,0,0,0,1.0,1,1.0,1,1.0,1,0.3073960906381135,37
1910,1,2969,1497,1472,0,0,0,1.0,1,1.0,1,1.0,1,0.33134311379289777,38
1911,1,2970,1497,1473,0,0,0,1.0,1,1.0,1,1.0,1,0.29823410916072196,37
1912,1,2971,1498,1473,0,0,0,1.0,1,1.0,1,1.0,1,0.290275810383179,37
1913,2,2973,1499,1474,0,0,0,1.0,1,1.0,1,1.0,1,0.23264912052473427,36
1914,1,2974,1500,1474,0,0,0,1.0,1,1.0,1,1.0,1,0.25448215857400924,37
1915,1,2975,1501,1474,0,0,0,1.0,1,1.0,1,1.0,1,0.288765176350373,37
1916,2,2977,1502,1475,0,0,0,1.0,1,1.0,1,1.0,1,0.2497133624642642,39
1917,4,2981,1504,1477,0,0,0,1.0,1,1.0,1,1.0,1,0.21274400373119157,38
1918,0,2981,1504,1477,0,0,0,1.0,1,1.0,1,1.0,1,0.21230594337163367,38
1919,1,2982,1505,1477,0,0,0,1.0,1,1.0,1,1.0,1,0.25770285250432445,38
1920,1,2983,1506,1477,0,0,0,1.0,1,1.0,1,1.0,1,0.25741837267025575,39
1921,1,2984,1506,1478,0,0,0,1.0,1,1.0,1,1.0,1,0.22194247079554058,38
1922,3,2987,1508,1479,0,0,0,1.0,1,1.0,1,1.0,1,0.20149660084240475,39
1923,4,2991,1511,1480,0,0,0,1.0,1,1.0,1,1.0,1,0.273876877504331,40
1924,4,2995,1511,1484,0,0,0,1.0,1,1.0,1,1.0,1,0.18887095316151853,40
1925,0,2995,1511,1484,0,0,0,1.0,1,1.0,1,1.0,1,0.20743941348009956,40
1926,0,2995,1511,1484,0,0,0,1.0,1,1.0,1,1.0,1,0.20743941348009956,40
1927,1,2996,1511,1485,0,0,0,1.0,1,1.0,1,1.0,1,0.17943978926178566,41
1928,0,2996,1511,1485,0,0,0,1.0,1,1.0,1,1.0,1,0.17943978926178566,41
1929,0,2996,1511,1485,0,0,0,1.0,1,1.0,1,1.0,1,0.17456856794291017,40
1930,1,2997,1512,1485,0,0,0,1.0,1,1.0,1,1.0,1,0.19281463499625362,40
1931,1,2998,1513,1485,0,0,0,1.0,1,1.0,1,1.0,1,0.224643420004905,40
1932,1,2999,1513,1486,0,0,0,1.0,1,1.0,1,1.0,1,0.20654518476108744,40
1933,2,3001,1514,1487,0,0,0,1.0,1,1.0,1,1.0,1,0.20103904472102804,42
1934,2,3003,1514,1489,0,0,0,1.0,1,1.0,1,1.0,1,0.1628891857523114,44
1935,1,3004,1514,1490,0,0,0,1.0,1,1.0,1,1.0,1,0.14461027282818337,44
1936,1,3005,1514,1491,0,0,0,1.0,1,1.0,1,1.0,1,0.14177871318028032,46
1937,0,3005,1514,1491,0,0,0,1.0,1,1.0,1,1.0,1,0.14873887524096494,47
1938,1,3006,1515,1491,0,0,0,1.0,1,1.0,1,1.0,1,0.1450400745192909,47
1939,0,3006,1515,1491,0,0,0,1.0,1,1.0,1,1.0,1,0.1450400745192909,47
1940,1,3007,1516,1491,0,0,0,1.0,1,1.0,1,1.0,1,0.17584828895917112,47
1941,3,3010,1517,1493,0,0,0,1.0,1,1.0,1,1.0,1,0.15250918729534368,47
1942,2,3012,1518,1494,0,0,0,1.0,1,1.0,1,1.0,1,0.19023385630077466,49
1943,1,3013,1519,1494,0,0,0,1.0,1,1.0,1,1.0,1,0.2015599433857776,47
1944,7,3020,1523,1497,0,0,0,1.0,1,1.0,1,1.0,1,0.22498526881860445,47
1945,4,3024,1525,1499,0,0,0,1.0,1,1.0,1,1.0,1,0.21062269331554564,45
1946,3,3027,1525,1502,0,0,0,1.0,1,1.0,1,1.0,1,0.19973634904396098,45
1947,3,3030,1527,1503,0,0,0,1.0,1,1.0,1,1.0,1,0.21080868325081756,45
1948,3,3033,1528,1505,0,0,0,1.0,1,1.0,1,1.0,1,0.24191709731862687,45
1949,3,3036,1531,1505,0,0,0,1.0,1,1.0,1,1.0,1,0.3278278781164657,42
1950,5,3041,1533,1508,0,0,0,1.0,1,1.0,1,1.0,1,0.2752683311244625,42
1951,4,3045,1534,1511,0,0,0,1.0,1,1.0,1,1.0,1,0.2865737158194006,38
1952,3,3048,1536,1512,0,0,0,1.0,1,1.0,1,1.0,1,0.2925028742009282,36
1953,2,3050,1537,1513,0,0,0,1.0,1,1.0,1,1.0,1,0.25126842700449326,35
1954,0,3050,1537,1513,0,0,0,1.0,1,1.0,1,1.0,1,0.2703796129343706,32
1955,1,3051,1538,1513,0,0,0,1.0,1,1.0,1,1.0,1,0.27772800808537634,33
1956,3,3054,1540,1514,0,0,0,1.0,1,1.0,1,1.0,1,0.2987436248609106,31
1957,1,3055,1541,1514,0,0,0,1.0,1,1.0,1,1.0,1,0.30330863210774306,33
1958,5,3060,1542,1518,0,0,0,1.0,1,1.0,1,1.0,1,0.2282750125779474,34
1959,1,3061,1542,1519,0,0,0,1.0,1,1.0,1,1.0,1,0.20652698134247843,35
1960,2,3063,1543,1520,0,0,0,1.0,1,1.0,1,1.0,1,0.23232628781746595,36
1961,1,3064,1544,1520,0,0,0,1.0,1,1.0,1,1.0,1,0.24339281648737968,36
1962,0,3064,1544,1520,0,0,0,1.0,1,1.0,1,1.0,1,0.2822570374276797,35
1963,0,3064,1544,1520,0,0,0,1.0,1,1.0,1,1.0,1,0.2971039199261827,36
1964,2,3066,1545,1521,0,0,0,1.0,1,1.0,1,1.0,1,0.28351053992181857,35
1965,1,3067,1545,1522,0,0,0,1.0,1,1.0,1,1.0,1,0.24969506339930414,36
1966,4,3071,1548,1523,0,0,0,1.0,1,1.0,1,1.0,1,0.23535319967181173,36
1967,0,3071,1548,1523,0,0,0,1.0,1,1.0,1,1.0,1,0.23535319967181173,36
1968,2,3073,1548,1525,0,0,0,1.0,1,1.0,1,1.0,1,0.20484822870616262,37
1969,1,3074,1549,1525,0,0,0,1.0,1,1.0,1,1.0,1,0.2276003749650476,37
1970,0,3074,1549,1525,0,0,0,1.0,1,1.0,1,1.0,1,0.24194563201664404,38
1971,0,3074,1549,1525,0,0,0,1.0,1,1.0,1,1.0,1,0.262070290237045,37
1972,0,3074,1549,1525,0,0,0,1.0,1,1.0,1,1.0,1,0.262070290237045,37
1973,1,3075,1550,1525,0,0,0,1.0,1,1.0,1,1.0,1,0.2911170465147244,37
1974,1,3076,1550,1526,0,0,0,1.0,1,1.0,1,1.0,1,0.2602173720852515,38
1975,1,3077,1550,1527,0,0,0,1.0,1,1.0,1,1.0,1,0.2534653285687041,37
1976,3,3080,1552,1528,0,0,0,1.0,1,1.0,1,1.0,1,0.3044236805209247,39
1977,5,3085,1553,1532,0,0,0,1.0,1,1.0,1,1.0,1,0.23132199963742028,42
1978,2,3087,1554,1533,0,0,0,1.0,1,1.0,1,1.0,1,0.2127573730221959,42
1979,0,3087,1554,1533,0,0,0,1.0,1,1.0,1,1.0,1,0.2127573730221959,42
1980,1,3088,1555,1533,0,0,0,1.0,1,1.0,1,1.0,1,0.2122607606802694,43
1981,2,3090,1555,1535,0,0,0,1.0,1,1.0,1,1.0,1,0.20711231676947348,44
1982,2,3092,1556,1536,0,0,0,1.0,1,1.0,1,1.0,1,0.19133533351370513,44
1983,4,3096,1560,1536,0,0,0,1.0,1,1.0,1,1.0,1,0.20514270934910242,44
1984,1,3097,1560,1537,0,0,0,1.0,1,1.0,1,1.0,1,0.18947242861003666,42
1985,1,3098,1561,1537,0,0,0,1.0,1,1.0,1,1.0,1,0.19447178542961022,41
1986,2,3100,1563,1537,0,0,0,1.0,1,1.0,1,1.0,1,0.2468925230747325,40
1987,1,3101,1564,1537,0,0,0,1.0,1,1.0,1,1.0,1,0.21181025621757754,37
1988,2,3103,1566,1537,0,0,0,1.0,1,1.0,1,1.0,1,0.21891014085724958,35
1989,2,3105,1566,1539,0,0,0,1.0,1,1.0,1,1.0,1,0.13970418522684494,32
1990,2,3107,1568,1539,0,0,0,1.0,1,1.0,1,1.0,1,0.17849412061852007,31
1991,0,3107,1568,1539,0,0,0,1.0,1,1.0,1,1.0,1,0.2056357504257117,32
1992,3,3110,1570,1540,0,0,0,1.0,1,1.0,1,1.0,1,0.26918648038065934,32
1993,1,3111,1571,1540,0,0,0,1.0,1,1.0,1,1.0,1,0.3556590205833146,32
1994,1,3112,1572,1540,0,0,0,1.0,1,1.0,1,1.0,1,0.32126021581629277,31
1995,1,3113,1572,1541,0,0,0,1.0,1,1.0,1,1.0,1,0.2909059640193466,32
1996,0,3113,1572,1541,0,0,0,1.0,1,1.0,1,1.0,1,0.29822330888640675,32
1997,1,3114,1572,1542,0,0,0,1.0,1,1.0,1,1.0,1,0.30749888010574133,31
1998,1,3115,1572,1543,0,0,0,1.0,1,1.0,1,1.0,1,0.28280006048927697,32
1999,2,3117,1572,1545,0,0,0,1.0,1,1.0,1,1.0,1,0.24610027439674517,31
2000,0,3117,1572,1545,0,0,0,1.0,1,1.0,1,1.0,1,0.22148448692613712,30
2001,0,3117,1572,1545,0,0,0,1.0,1,1.0,1,1.0,1,0.24121400325002715,29
2002,1,3118,1573,1545,0,0,0,1.0,1,1.0,1,1.0,1,0.21479602021165703,31
2003,2,3120,1575,1545,0,0,0,1.0,1,1.0,1,1.0,1,0.23350231449725506,33
2004,2,3122,1576,1546,0,0,0,1.0,1,1.0,1,1.0,1,0.2592576974591886,34
2005,1,3123,1576,1547,0,0,0,1.0,1,1.0,1,1.0,1,0.2454141032612084,35
2006,1,3124,1577,1547,0,0,0,1.0,1,1.0,1,1.0,1,0.24629215369307567,36
2007,0,3124,1577,1547,0,0,0,1.0,1,1.0,1,1.0,1,0.24629215369307567,36
2008,1,3125,1578,1547,0,0,0,1.0,1,1.0,1,1.0,1,0.2553465115837482,36
2009,1,3126,1578,1548,0,0,0,1.0,1,1.0,1,1.0,1,0.2237907749436858,37
2010,2,3128,1579,1549,0,0,0,1.0,1,1.0,1,1.0,1,0.2335456457793187,37
2011,1,3129,1579,1550,0,0,0,1.0,1,1.0,1,1.0,1,0.20191923320930039,37
2012,0,3129,1579,1550,0,0,0,1.0,1,1.0,1,1.0,1,0.20191923320930039,37
2013,0,3129,1579,1550,0,0,0,1.0,1,1.0,1,1.0,1,0.22744967900964463,39
2014,1,3130,1579,1551,0,0,0,1.0,1,1.0,1,1.0,1,0.23445251966647862,39
2015,0,3130,1579,1551,0,0,0,1.0,1,1.0,1,1.0,1,0.23445251966647862,39
2016,1,3131,1579,1552,0,0,0,1.0,1,1.0,1,1.0,1,0.1835149953961912,41
2017,1,3132,1579,1553,0,0,0,1.0,1,1.0,1,1.0,1,0.14259665751604314,41
2018,2,3134,1581,1553,0,0,0,1.0,1,1.0,1,1.0,1,0.20526570476303427,42
2019,1,3135,1581,1554,0,0,0,1.0,1,1.0,1,1.0,1,0.167253698267418,43
2020,3,3138,1583,1555,0,0,0,1.0,1,1.0,1,1.0,1,0.17570212465974613,43
2021,2,3140,1584,1556,0,0,0,1.0,1,1.0,1,1.0,1,0.1367522658099718,43
2022,1,3141,1585,1556,0,0,0,1.0,1,1.0,1,1.0,1,0.1588211955180582,44
2023,2,3143,1587,1556,0,0,0,1.0,1,1.0,1,1.0,1,0.23214408753896051,42
2024,2,3145,1589,1556,0,0,0,1.0,1,1.0,1,1.0,1,0.2551986978685491,41
2025,4,3149,1591,1558,0,0,0,1.0,1,1.0,1,1.0,1,0.2625733121615863,39
2026,4,3153,1592,1561,0,0,0,1.0,1,1.0,1,1.0,1,0.25002116474990876,39
2027,10,3163,1596,1567,0,0,0,1.0,1,1.0,1,1.0,1,0.29859369998095764,38
2028,2,3165,1597,1568,0,0,0,1.0,1,1.0,1,1.0,1,0.3063796772624958,37
2029,1,3166,1597,1569,0,0,0,1.0,1,1.0,1,1.0,1,0.28263210517807813,35
2030,1,3167,1597,1570,0,0,0,1.0,1,1.0,1,1.0,1,0.3075702971548262,32
2031,1,3168,1598,1570,0,0,0,1.0,1,1.0,1,1.0,1,0.29465494770119544,34
2032,1,3169,1598,1571,0,0,0,1.0,1,1.0,1,1.0,1,0.3350047047343755,35
2033,5,3174,1602,1572,0,0,0,1.0,1,1.0,1,1.0,1,0.30445565160670063,35
2034,1,3175,1602,1573,0,0,0,1.0,1,1.0,1,1.0,1,0.3132978149657015,35
2035,3,3178,1604,1574,0,0,0,1.0,1,1.0,1,1.0,1,0.33414360017111505,36
2036,0,3178,1604,1574,0,0,0,1.0,1,1.0,1,1.0,1,0.3346441355605537,35
2037,0,3178,1604,1574,0,0,0,1.0,1,1.0,1,1.0,1,0.31974942202425566,36
2038,1,3179,1604,1575,0,0,0,1.0,1,1.0,1,1.0,1,0.28824507043464637,38
2039,1,3180,1604,1576,0,0,0,1.0,1,1.0,1,1.0,1,0.27144199562892585,38
2040,0,3180,1604,1576,0,0,0,1.0,1,1.0,1,1.0,1,0.3059166128832348,37
2041,1,3181,1604,1577,0,0,0,1.0,1,1.0,1,1.0,1,0.2748127569003626,38
2042,0,3181,1604,1577,0,0,0,1.0,1,1.0,1,1.0,1,0.2748127569003626,38
2043,0,3181,1604,1577,0,0,0,1.0,1,1.0,1,1.0,1,0.2748127569003626,38
2044,0,3181,1604,1577,0,0,0,1.0,1,1.0,1,1.0,1,0.26951640503604285,39
2045,2,3183,1605,1578,0,0,0,1.0,1,1.0,1,1.0,1,0.2662889550998116,40
2046,2,3185,1605,1580,0,0,0,1.0,1,1.0,1,1.0,1,0.21801480795542238,41
2047,0,3185,1605,1580,0,0,0,1.0,1,1.0,1,1.0,1,0.21801480795542238,41
2048,2,3187,1605,1582,0,0,0,1.0,1,1.0,1,1.0,1,0.15860694360602698,43
2049,1,3188,1606,1582,0,0,0,1.0,1,1.0,1,1.0,1,0.17318550017196266,43
2050,0,3188,1606,1582,0,0,0,1.0,1,1.0,1,1.0,1,0.17618322362377395,43
2051,2,3190,1607,1583,0,0,0,1.0,1,1.0,1,1.0,1,0.19082603654856392,43
2052,1,3191,1607,1584,0,0,0,1.0,1,1.0,1,1.0,1,0.17113390193525974,44
2053,1,3192,1608,1584,0,0,0,1.0,1,1.0,1,1.0,1,0.209429208441808,43
2054,1,3193,1609,1584,0,0,0,1.0,1,1.0,1,1.0,1,0.19287704032092198,44
2055,0,3193,1609,1584,0,0,0,1.0,1,1.0,1,1.0,1,0.20937508829816945,43
2056,0,3193,1609,1584,0,0,0,1.0,1,1.0,1,1.0,1,0.19918370100741942,44
2057,3,3196,1612,1584,0,0,0,1.0,1,1.0,1,1.0,1,0.19096057623182242,44
2058,3,3199,1614,1585,0,0,0,1.0,1,1.0,1,1.0,1,0.19909613657221323,44
2059,2,3201,1615,1586,0,0,0,1.0,1,1.0,1,1.0,1,0.19149958587735538,45
2060,0,3201,1615,1586,0,0,0,1.0,1,1.0,1,1.0,1,0.20640667797245338,46
2061,7,3208,1618,1590,0,0,0,1.0,1,1.0,1,1.0,1,0.1857664253409426,48
2062,2,3210,1619,1591,0,0,0,1.0,1,1.0,1,1.0,1,0.17964855224186113,48
2063,1,3211,1620,1591,0,0,0,1.0,1,1.0,1,1.0,1,0.159428707243972,45
2064,2,3213,1622,1591,0,0,0,1.0,1,1.0,1,1.0,1,0.2243254558835187,44
2065,2,3215,1623,1592,0,0,0,1.0,1,1.0,1,1.0,1,0.16892534652202354,42
2066,4,3219,1627,1592,0,0,0,1.0,1,1.0,1,1.0,1,0.26615329740611315,42
2067,2,3221,1628,1593,0,0,0,1.0,1,1.0,1,1.0,1,0.2824498886762135,38
2068,0,3221,1628,1593,0,0,0,1.0,1,1.0,1,1.0,1,0.27549282130372077,37
2069,0,3221,1628,1593,0,0,0,1.0,1,1.0,1,1.0,1,0.2566988910465678,35
2070,2,3223,1630,1593,0,0,0,1.0,1,1.0,1,1.0,1,0.3191297192290562,35
2071,0,3223,1630,1593,0,0,0,1.0,1,1.0,1,1.0,1,0.3151049137398121,34
2072,3,3226,1631,1595,0,0,0,1.0,1,1.0,1,1.0,1,0.35748440782924723,35
2073,1,3227,1631,1596,0,0,0,1.0,1,1.0,1,1.0,1,0.34790944436941407,37
2074,0,3227,1631,1596,0,0,0,1.0,1,1.0,1,1.0,1,0.33351217139413286,36
2075,2,3229,1631,1598,0,0,0,1.0,1,1.0,1,1.0,1,0.28743835656194816,38
2076,0,3229,1631,1598,0,0,0,1.0,1,1.0,1,1.0,1,0.272525447737859,37
2077,1,3230,1631,1599,0,0,0,1.0,1,1.0,1,1.0,1,0.23678110584529488,37
2078,0,3230,1631,1599,0,0,0,1.0,1,1.0,1,1.0,1,0.23678110584529488,37
2079,2,3232,1632,1600,0,0,0,1.0,1,1.0,1,1.0,1,0.22930129656987255,37
2080,0,3232,1632,1600,0,0,0,1.0,1,1.0,1,1.0,1,0.23422455043198012,36
2081,0,3232,1632,1600,0,0,0,1.0,1,1.0,1,1.0,1,0.24917542056961406,37
2082,3,3235,1634,1601,0,0,0,1.0,1,1.0,1,1.0,1,0.33602673736542543,38
2083,4,3239,1634,1605,0,0,0,1.0,1,1.0,1,1.0,1,0.2489921633637702,39
2084,3,3242,1635,1607,0,0,0,1.0,1,1.0,1,1.0,1,0.2205318763076008,41
2085,2,3244,1637,1607,0,0,0,1.0,1,1.0,1,1.0,1,0.2764595482021739,41
2086,3,3247,1637,1610,0,0,0,1.0,1,1.0,1,1.0,1,0.2377678507775202,44
2087,1,3248,1638,1610,0,0,0,1.0,1,1.0,1,1.0,1,0.20570314541710408,44
2088,0,3248,1638,1610,0,0,0,1.0,1,1.0,1,1.0,1,0.20827097178510293,45
2089,1,3249,1639,1610,0,0,0,1.0,1,1.0,1,1.0,1,0.20441869620080025,46
2090,0,3249,1639,1610,0,0,0,1.0,1,1.0,1,1.0,1,0.22321977861440204,47
2091,2,3251,1639,1612,0,0,0,1.0,1,1.0,1,1.0,1,0.19812052232252195,48
2092,1,3252,1640,1612,0,0,0,1.0,1,1.0,1,1.0,1,0.20166061402806812,48
2093,0,3252,1640,1612,0,0,0,1.0,1,1.0,1,1.0,1,0.20166061402806812,48
2094,0,3252,1640,1612,0,0,0,1.0,1,1.0,1,1.0,1,0.208381551958314,47
2095,0,3252,1640,1612,0,0,0,1.0,1,1.0,1,1.0,1,0.22357735622547414,49
2096,2,3254,1641,1613,0,0,0,1.0,1,1.0,1,1.0,1,0.22485649973110336,50
2097,3,3257,1641,1616,0,0,0,1.0,1,1.0,1,1.0,1,0.2046693093506844,50
2098,1,3258,1642,1616,0,0,0,1.0,1,1.0,1,1.0,1,0.210548342392129,51
2099,0,3258,1642,1616,0,0,0,1.0,1,1.0,1,1.0,1,0.22581398959112228,50
2100,2,3260,1644,1616,0,0,0,1.0,1,1.0,1,1.0,1,0.2630577227429603,49
2101,5,3265,1645,1620,0,0,0,1.0,1,1.0,1,1.0,1,0.2656737341469522,48
2102,9,3274,1649,1625,0,0,0,1.0,1,1.0,1,1.0,1,0.2831770281036235,49
2103,2,3276,1650,1626,0,0,0,1.0,1,1.0,1,1.0,1,0.2344295573400358,44
2104,3,3279,1653,1626,0,0,0,1.0,1,1.0,1,1.0,1,0.3293164289512636,42
2105,2,3281,1653,1628,0,0,0,1.0,1,1.0,1,1.0,1,0.2898021107329487,40
2106,0,3281,1653,1628,0,0,0,1.0,1,1.0,1,1.0,1,0.3030586318162452,39
2107,1,3282,1654,1628,0,0,0,1.0,1,1.0,1,1.0,1,0.28304728366526344,37
2108,2,3284,1654,1630,0,0,0,1.0,1,1.0,1,1.0,1,0.24204407522553506,37
2109,3,3287,1657,1630,0,0,0,1.0,1,1.0,1,1.0,1,0.2792181718589223,36
2110,2,3289,1657,1632,0,0,0,1.0,1,1.0,1,1.0,1,0.1774801648645817,35
2111,1,3290,1658,1632,0,0,0,1.0,1,1.0,1,1.0,1,0.19732096073666505,35
2112,1,3291,1659,1632,0,0,0,1.0,1,1.0,1,1.0,1,0.22453591926274394,35
2113,0,3291,1659,1632,0,0,0,1.0,1,1.0,1,1.0,1,0.22358519662055526,35
2114,1,3292,1660,1632,0,0,0,1.0,1,1.0,1,1.0,1,0.21278613923512554,36
2115,0,3292,1660,1632,0,0,0,1.0,1,1.0,1,1.0,1,0.21271698699959737,37
2116,0,3292,1660,1632,0,0,0,1.0,1,1.0,1,1.0,1,0.2141030396573157,39
2117,2,3294,1661,1633,0,0,0,1.0,1,1.0,1,1.0,1,0.1928496932681512,39
2118,2,3296,1662,1634,0,0,0,1.0,1,1.0,1,1.0,1,0.230714938845489,41
2119,3,3299,1664,1635,0,0,0,1.0,1,1.0,1,1.0,1,0.21014245432386594,42
2120,1,3300,1664,1636,0,0,0,1.0,1,1.0,1,1.0,1,0.17846045313306477,42
2121,2,3302,1665,1637,0,0,0,1.0,1,1.0,1,1.0,1,0.1356082981850117,42
2122,0,3302,1665,1637,0,0,0,1.0,1,1.0,1,1.0,1,0.15660022259152212,43
2123,1,3303,1665,1638,0,0,0,1.0,1,1.0,1,1.0,1,0.18190089107609222,42
2124,1,3304,1666,1638,0,0,0,1.0,1,1.0,1,1.0,1,0.2055753417644857,42
2125,0,3304,1666,1638,0,0,0,1.0,1,1.0,1,1.0,1,0.20125735112790355,41
2126,0,3304,1666,1638,0,0,0,1.0,1,1.0,1,1.0,1,0.20125735112790355,41
2127,0,3304,1666,1638,0,0,0,1.0,1,1.0,1,1.0,1,0.20125735112790355,41
2128,0,3304,1666,1638,0,0,0,1.0,1,1.0,1,1.0,1,0.20592483665546604,42
2129,0,3304,1666,1638,0,0,0,1.0,1,1.0,1,1.0,1,0.22124050291945643,43
2130,0,3304,1666,1638,0,0,0,1.0,1,1.0,1,1.0,1,0.22501969746903783,45
2131,0,3304,1666,1638,0,0,0,1.0,1,1.0,1,1.0,1,0.24995749806204406,44
2132,0,3304,1666,1638,0,0,0,1.0,1,1.0,1,1.0,1,0.24995749806204406,44
2133,2,3306,1666,1640,0,0,0,1.0,1,1.0,1,1.0,1,0.1921440789367446,45
2134,1,3307,1667,1640,0,0,0,1.0,1,1.0,1,1.0,1,0.20975369012757988,45
2135,2,3309,1668,1641,0,0,0,1.0,1,1.0,1,1.0,1,0.19802863346783992,46
2136,1,3310,1668,1642,0,0,0,1.0,1,1.0,1,1.0,1,0.18462290403292592,47
2137,3,3313,1670,1643,0,0,0,1.0,1,1.0,1,1.0,1,0.134966974515921,47
2138,4,3317,1672,1645,0,0,0,1.0,1,1.0,1,1.0,1,0.18228233002847805,45
2139,1,3318,1673,1645,0,0,0,1.0,1,1.0,1,1.0,1,0.18342998085359832,45
2140,0,3318,1673,1645,0,0,0,1.0,1,1.0,1,1.0,1,0.1844095732485633,44
2141,3,3321,1674,1647,0,0,0,1.0,1,1.0,1,1.0,1,0.13959215524937826,45
2142,2,3323,1676,1647,0,0,0,1.0,1,1.0,1,1.0,1,0.1720947674821164,46
2143,1,3324,1676,1648,0,0,0,1.0,1,1.0,1,1.0,1,0.14038564110301802,46
2144,4,3328,1678,1650,0,0,0,1.0,1,1.0,1,1.0,1,0.15342229152779685,48
2145,5,3333,1682,1651,0,0,0,1.0,1,1.0,1,1.0,1,0.1728062086745869,46
2146,4,3337,1684,1653,0,0,0,1.0,1,1.0,1,1.0,1,0.14716895698057933,45
2147,2,3339,1686,1653,0,0,0,1.0,1,1.0,1,1.0,1,0.18686769612875864,44
2148,4,3343,1689,1654,0,0,0,1.0,1,1.0,1,1.0,1,0.2253767309839189,44
2149,2,3345,1690,1655,0,0,0,1.0,1,1.0,1,1.0,1,0.2166118430738911,42
2150,2,3347,1691,1656,0,0,0,1.0,1,1.0,1,1.0,1,0.17487939284716658,40
2151,2,3349,1692,1657,0,0,0,1.0,1,1.0,1,1.0,1,0.28254328867349277,39
2152,2,3351,1692,1659,0,0,0,1.0,1,1.0,1,1.0,1,0.247670341624353,40
2153,2,3353,1693,1660,0,0,0,1.0,1,1.0,1,1.0,1,0.27520395229435557,42
2154,3,3356,1694,1662,0,0,0,1.0,1,1.0,1,1.0,1,0.28233951615672537,42
2155,3,3359,1695,1664,0,0,0,1.0,1,1.0,1,1.0,1,0.2580109578346456,41
2156,0,3359,1695,1664,0,0,0,1.0,1,1.0,1,1.0,1,0.2559492797576308,40
2157,3,3362,1697,1665,0,0,0,1.0,1,1.0,1,1.0,1,0.28675301363268574,40
2158,1,3363,1697,1666,0,0,0,1.0,1,1.0,1,1.0,1,0.2746040819016598,38
2159,0,3363,1697,1666,0,0,0,1.0,1,1.0,1,1.0,1,0.26622103693846766,38
2160,2,3365,1698,1667,0,0,0,1.0,1,1.0,1,1.0,1,0.21618976532776776,38
2161,2,3367,1700,1667,0,0,0,1.0,1,1.0,1,1.0,1,0.2152449680377568,38
2162,2,3369,1701,1668,0,0,0,1.0,1,1.0,1,1.0,1,0.2054067346406239,38
2163,2,3371,1703,1668,0,0,0,1.0,1,1.0,1,1.0,1,0.24351131100656875,40
2164,6,3377,1706,1671,0,0,0,1.0,1,1.0,1,1.0,1,0.24094990998826418,41
2165,2,3379,1706,1673,0,0,0,1.0,1,1.0,1,1.0,1,0.20899220532819415,42
2166,0,3379,1706,1673,0,0,0,1.0,1,1.0,1,1.0,1,0.20899220532819415,42
2167,0,3379,1706,1673,0,0,0,1.0,1,1.0,1,1.0,1,0.18765148196178644,43
2168,1,3380,1706,1674,0,0,0,1.0,1,1.0,1,1.0,1,0.1457565336473441,43
2169,2,3382,1706,1676,0,0,0,1.0,1,1.0,1,1.0,1,0.15198460682163262,45
2170,0,3382,1706,1676,0,0,0,1.0,1,1.0,1,1.0,1,0.13812671326734965,46
2171,0,3382,1706,1676,0,0,0,1.0,1,1.0,1,1.0,1,0.16320044827434516,48
2172,0,3382,1706,1676,0,0,0,1.0,1,1.0,1,1.0,1,0.17896590761007783,49
2173,3,3385,1708,1677,0,0,0,1.0,1,1.0,1,1.0,1,0.13834391772169827,49
2174,0,3385,1708,1677,0,0,0,1.0,1,1.0,1,1.0,1,0.13834391772169827,49
2175,0,3385,1708,1677,0,0,0,1.0,1,1.0,1,1.0,1,0.13834391772169827,49
2176,3,3388,1708,1680,0,0,0,1.0,1,1.0,1,1.0,1,0.1346423089884896,51
2177,3,3391,1711,1680,0,0,0,1.0,1,1.0,1,1.0,1,0.15884063246128333,51
2178,2,3393,1713,1680,0,0,0,1.0,1,1.0,1,1.0,1,0.17648297099998617,50
2179,1,3394,1713,1681,0,0,0,1.0,1,1.0,1,1.0,1,0.1271194356708599,49
2180,1,3395,1714,1681,0,0,0,1.0,1,1.0,1,1.0,1,0.1461997679036856,47
2181,1,3396,1715,1681,0,0,0,1.0,1,1.0,1,1.0,1,0.13272658278143848,47
2182,4,3400,1718,1682,0,0,0,1.0,1,1.0,1,1.0,1,0.15745658860082482,45
2183,5,3405,1722,1683,0,0,0,1.0,1,1.0,1,1.0,1,0.21666980470551134,44
2184,5,3410,1724,1686,0,0,0,1.0,1,1.0,1,1.0,1,0.24498036022552777,43
2185,4,3414,1726,1688,0,0,0,1.0,1,1.0,1,1.0,1,0.26023842420003385,40
2186,5,3419,1729,1690,0,0,0,1.0,1,1.0,1,1.0,1,0.22797746462461066,38
2187,1,3420,1730,1690,0,0,0,1.0,1,1.0,1,1.0,1,0.2068539095925709,35
2188,5,3425,1733,1692,0,0,0,1.0,1,1.0,1,1.0,1,0.23059409159893968,34
2189,1,3426,1734,1692,0,0,0,1.0,1,1.0,1,1.0,1,0.27006187320597386,31
2190,3,3429,1737,1692,0,0,0,1.0,1,1.0,1,1.0,1,0.2682427418723295,29
2191,2,3431,1738,1693,0,0,0,1.0,1,1.0,1,1.0,1,0.2521803743590858,28
2192,2,3433,1740,1693,0,0,0,1.0,1,1.0,1,1.0,1,0.3324456461190315,29
2193,2,3435,1741,1694,0,0,0,1.0,1,1.0,1,1.0,1,0.3149231663694748,28
2194,0,3435,1741,1694,0,0,0,1.0,1,1.0,1,1.0,1,0.30905220618364965,27
2195,3,3438,1743,1695,0,0,0,1.0,1,1.0,1,1.0,1,0.26150811228794363,27
2196,1,3439,1744,1695,0,0,0,1.0,1,1.0,1,1.0,1,0.360735039648906,27
2197,1,3440,1744,1696,0,0,0,1.0,1,1.0,1,1.0,1,0.328660725335748,27
2198,0,3440,1744,1696,0,0,0,1.0,1,1.0,1,1.0,1,0.293175447548024,28
2199,1,3441,1744,1697,0,0,0,1.0,1,1.0,1,1.0,1,0.306293954838366,29
2200,1,3442,1744,1698,0,0,0,1.0,1,1.0,1,1.0,1,0.30759176564677226,31
2201,2,3444,1746,1698,0,0,0,1.0,1,1.0,1,1.0,1,0.2773310336009332,32
2202,0,3444,1746,1698,0,0,0,1.0,1,1.0,1,1.0,1,0.2731583454726144,31
2203,1,3445,1746,1699,0,0,0,1.0,1,1.0,1,1.0,1,0.22322731038305021,32
2204,1,3446,1746,1700,0,0,0,1.0,1,1.0,1,1.0,1,0.21444112959130784,32
2205,1,3447,1747,1700,0,0,0,1.0,1,1.0,1,1.0,1,0.25731301985126026,33
2206,0,3447,1747,1700,0,0,0,1.0,1,1.0,1,1.0,1,0.2516629532808035,32
2207,0,3447,1747,1700,0,0,0,1.0,1,1.0,1,1.0,1,0.2817245727695891,33
2208,0,3447,1747,1700,0,0,0,1.0,1,1.0,1,1.0,1,0.27002783307626554,35
2209,1,3448,1747,1701,0,0,0,1.0,1,1.0,1,1.0,1,0.26334608757729294,36
2210,0,3448,1747,1701,0,0,0,1.0,1,1.0,1,1.0,1,0.2549613060489609,35
2211,1,3449,1747,1702,0,0,0,1.0,1,1.0,1,1.0,1,0.25893304813764334,36
2212,2,3451,1747,1704,0,0,0,1.0,1,1.0,1,1.0,1,0.2536634727228918,37
2213,1,3452,1748,1704,0,0,0,1.0,1,1.0,1,1.0,1,0.2633385717594568,37
2214,3,3455,1749,1706,0,0,0,1.0,1,1.0,1,1.0,1,0.23685277637329338,39
2215,5,3460,1752,1708,0,0,0,1.0,1,1.0,1,1.0,1,0.23697393461150784,36
2216,1,3461,1753,1708,0,0,0,1.0,1,1.0,1,1.0,1,0.2510090198616392,37
2217,2,3463,1755,1708,0,0,0,1.0,1,1.0,1,1.0,1,0.2656747473390055,35
2218,4,3467,1757,1710,0,0,0,1.0,1,1.0,1,1.0,1,0.2602815837212406,35
2219,1,3468,1757,1711,0,0,0,1.0,1,1.0,1,1.0,1,0.2051566476678512,33
2220,2,3470,1759,1711,0,0,0,1.0,1,1.0,1,1.0,1,0.21336627844021785,31
2221,1,3471,1760,1711,0,0,0,1.0,1,1.0,1,1.0,1,0.22037029082892978,31
2222,1,3472,1761,1711,0,0,0,1.0,1,1.0,1,1.0,1,0.2706571005641756,30
2223,2,3474,1762,1712,0,0,0,1.0,1,1.0,1,1.0,1,0.2974594562868891,28
2224,2,3476,1764,1712,0,0,0,1.0,1,1.0,1,1.0,1,0.2902469534472594,29
2225,3,3479,1766,1713,0,0,0,1.0,1,1.0,1,1.0,1,0.2784957727640456,28
2226,2,3481,1767,1714,0,0,0,1.0,1,1.0,1,1.0,1,0.31649418399684276,30
2227,1,3482,1767,1715,0,0,0,1.0,1,1.0,1,1.0,1,0.24168400755543992,28
2228,0,3482,1767,1715,0,0,0,1.0,1,1.0,1,1.0,1,0.25440767369986383,29
2229,1,3483,1768,1715,0,0,0,1.0,1,1.0,1,1.0,1,0.2075702730072569,28
2230,0,3483,1768,1715,0,0,0,1.0,1,1.0,1,1.0,1,0.2076156157420731,28
2231,1,3484,1769,1715,0,0,0,1.0,1,1.0,1,1.0,1,0.23398335248012034,27
2232,0,3484,1769,1715,0,0,0,1.0,1,1.0,1,1.0,1,0.2627144353610704,27
2233,4,3488,1772,1716,0,0,0,1.0,1,1.0,1,1.0,1,0.3233356505879149,28
2234,2,3490,1774,1716,0,0,0,1.0,1,1.0,1,1.0,1,0.3448947302066474,26
2235,1,3491,1774,1717,0,0,0,1.0,1,1.0,1,1.0,1,0.3062979697050226,26
2236,0,3491,1774,1717,0,0,0,1.0,1,1.0,1,1.0,1,0.32023794106952425,26
2237,1,3492,1775,1717,0,0,0,1.0,1,1.0,1,1.0,1,0.29784189345332074,26
2238,1,3493,1776,1717,0,0,0,1.0,1,1.0,1,1.0,1,0.3043610711119682,27
2239,1,3494,1777,1717,0,0,0,1.0,1,1.0,1,1.0,1,0.33040275730555735,28
2240,3,3497,1779,1718,0,0,0,1.0,1,1.0,1,1.0,1,0.2961393276736677,30
2241,3,3500,1781,1719,0,0,0,1.0,1,1.0,1,1.0,1,0.3430143956983413,29
2242,3,3503,1782,1721,0,0,0,1.0,1,1.0,1,1.0,1,0.24138626049163323,29
2243,2,3505,1783,1722,0,0,0,1.0,1,1.0,1,1.0,1,0.25687522365942256,29
2244,2,3507,1783,1724,0,0,0,1.0,1,1.0,1,1.0,1,0.17373086639576393,29
2245,0,3507,1783,1724,0,0,0,1.0,1,1.0,1,1.0,1,0.1883347168673924,30
2246,0,3507,1783,1724,0,0,0,1.0,1,1.0,1,1.0,1,0.17915519824490844,33
2247,0,3507,1783,1724,0,0,0,1.0,1,1.0,1,1.0,1,0.18937276231427216,34
2248,0,3507,1783,1724,0,0,0,1.0,1,1.0,1,1.0,1,0.18937276231427216,34
2249,0,3507,1783,1724,0,0,0,1.0,1,1.0,1,1.0,1,0.18392795736468237,35
2250,0,3507,1783,1724,0,0,0,1.0,1,1.0,1,1.0,1,0.18392795736468237,35
2251,0,3507,1783,1724,0,0,0,1.0,1,1.0,1,1.0,1,0.189929084918112,36
2252,3,3510,1784,1726,0,0,0,1.0,1,1.0,1,1.0,1,0.18123422576706813,37
2253,1,3511,1785,1726,0,0,0,1.0,1,1.0,1,1.0,1,0.17579641481863414,35
2254,0,3511,1785,1726,0,0,0,1.0,1,1.0,1,1.0,1,0.1873586926348057,33
2255,0,3511,1785,1726,0,0,0,1.0,1,1.0,1,1.0,1,0.19505228418819218,35
2256,3,3514,1788,1726,0,0,0,1.0,1,1.0,1,1.0,1,0.2679341013187833,34
2257,4,3518,1790,1728,0,0,0,1.0,1,1.0,1,1.0,1,0.2361872396610287,36
2258,1,3519,1790,1729,0,0,0,1.0,1,1.0,1,1.0,1,0.20441727233567528,35
2259,2,3521,1792,1729,0,0,0,1.0,1,1.0,1,1.0,1,0.21311244620208922,35
2260,1,3522,1792,1730,0,0,0,1.0,1,1.0,1,1.0,1,0.22450519794169324,33
2261,3,3525,1793,1732,0,0,0,1.0,1,1.0,1,1.0,1,0.21529192465726973,33
2262,2,3527,1795,1732,0,0,0,1.0,1,1.0,1,1.0,1,0.3263216704757395,32
2263,2,3529,1796,1733,0,0,0,1.0,1,1.0,1,1.0,1,0.32603016115356176,31
2264,3,3532,1797,1735,0,0,0,1.0,1,1.0,1,1.0,1,0.35116578972240486,30
2265,0,3532,1797,1735,0,0,0,1.0,1,1.0,1,1.0,1,0.30609116309499557,29
2266,2,3534,1798,1736,0,0,0,1.0,1,1.0,1,1.0,1,0.2729182940295592,30
2267,2,3536,1800,1736,0,0,0,1.0,1,1.0,1,1.0,1,0.30669313963375644,29
2268,5,3541,1801,1740,0,0,0,1.0,1,1.0,1,1.0,1,0.23636199349536538,30
2269,3,3544,1804,1740,0,0,0,1.0,1,1.0,1,1.0,1,0.3172677121107167,31
2270,3,3547,1805,1742,0,0,0,1.0,1,1.0,1,1.0,1,0.28255382667659623,31
2271,1,3548,1806,1742,0,0,0,1.0,1,1.0,1,1.0,1,0.3273802533293216,31
2272,2,3550,1808,1742,0,0,0,1.0,1,1.0,1,1.0,1,0.3449422367642976,31
2273,1,3551,1808,1743,0,0,0,1.0,1,1.0,1,1.0,1,0.32717251544618337,30
2274,1,3552,1808,1744,0,0,0,1.0,1,1.0,1,1.0,1,0.2483361700839042,31
2275,2,3554,1809,1745,0,0,0,1.0,1,1.0,1,1.0,1,0.23358302700692943,32
2276,2,3556,1811,1745,0,0,0,1.0,1,1.0,1,1.0,1,0.26902029695534446,31
2277,0,3556,1811,1745,0,0,0,1.0,1,1.0,1,1.0,1,0.25945839441530577,31
2278,1,3557,1812,1745,0,0,0,1.0,1,1.0,1,1.0,1,0.2800299377804487,32
2279,1,3558,1812,1746,0,0,0,1.0,1,1.0,1,1.0,1,0.281877882606344,32
2280,1,3559,1812,1747,0,0,0,1.0,1,1.0,1,1.0,1,0.26719501493794007,33
2281,0,3559,1812,1747,0,0,0,1.0,1,1.0,1,1.0,1,0.2846702572960462,34
2282,0,3559,1812,1747,0,0,0,1.0,1,1.0,1,1.0,1,0.2846702572960462,34
2283,0,3559,1812,1747,0,0,0,1.0,1,1.0,1,1.0,1,0.2846702572960462,34
2284,1,3560,1813,1747,0,0,0,1.0,1,1.0,1,1.0,1,0.3179814929644955,34
2285,3,3563,1814,1749,0,0,0,1.0,1,1.0,1,1.0,1,0.23339328218723765,35
2286,1,3564,1814,1750,0,0,0,1.0,1,1.0,1,1.0,1,0.2444645596397215,34
2287,1,3565,1815,1750,0,0,0,1.0,1,1.0,1,1.0,1,0.2590691740254164,35
2288,0,3565,1815,1750,0,0,0,1.0,1,1.0,1,1.0,1,0.25210987512194855,35
2289,3,3568,1817,1751,0,0,0,1.0,1,1.0,1,1.0,1,0.24764213258254694,37
2290,1,3569,1817,1752,0,0,0,1.0,1,1.0,1,1.0,1,0.24352799479600862,37
2291,1,3570,1818,1752,0,0,0,1.0,1,1.0,1,1.0,1,0.2571448793400403,35
2292,1,3571,1819,1752,0,0,0,1.0,1,1.0,1,1.0,1,0.32696117503814764,35
2293,1,3572,1820,1752,0,0,0,1.0,1,1.0,1,1.0,1,0.32500217958885863,34
2294,2,3574,1820,1754,0,0,0,1.0,1,1.0,1,1.0,1,0.31814758093197926,33
2295,2,3576,1822,1754,0,0,0,1.0,1,1.0,1,1.0,1,0.3961475545211547,34
2296,3,3579,1822,1757,0,0,0,1.0,1,1.0,1,1.0,1,0.3046979311988101,33
2297,0,3579,1822,1757,0,0,0,1.0,1,1.0,1,1.0,1,0.3353779013946384,32
2298,1,3580,1822,1758,0,0,0,1.0,1,1.0,1,1.0,1,0.33205441002319425,32
2299,0,3580,1822,1758,0,0,0,1.0,1,1.0,1,1.0,1,0.3212546066769606,33
2300,2,3582,1823,1759,0,0,0,1.0,1,1.0,1,1.0,1,0.2847711223447813,33
2301,1,3583,1824,1759,0,0,0,1.0,1,1.0,1,1.0,1,0.2783571648124862,33
2302,1,3584,1825,1759,0,0,0,1.0,1,1.0,1,1.0,1,0.29667413650908675,34
2303,5,3589,1829,1760,0,0,0,1.0,1,1.0,1,1.0,1,0.3268307230734621,34
2304,4,3593,1832,1761,0,0,0,1.0,1,1.0,1,1.0,1,0.31342770069112685,33
2305,3,3596,1834,1762,0,0,0,1.0,1,1.0,1,1.0,1,0.3155651940174205,33
2306,2,3598,1836,1762,0,0,0,1.0,1,1.0,1,1.0,1,0.32641103555325074,33
2307,4,3602,1836,1766,0,0,0,1.0,1,1.0,1,1.0,1,0.23654161233277599,35
2308,1,3603,1837,1766,0,0,0,1.0,1,1.0,1,1.0,1,0.22868059096918003,34
2309,2,3605,1838,1767,0,0,0,1.0,1,1.0,1,1.0,1,0.22944053112367518,34
2310,1,3606,1839,1767,0,0,0,1.0,1,1.0,1,1.0,1,0.22634506415967778,34
2311,0,3606,1839,1767,0,0,0,1.0,1,1.0,1,1.0,1,0.2209946541422153,35
2312,1,3607,1840,1767,0,0,0,1.0,1,1.0,1,1.0,1,0.24836123126723667,34
2313,2,3609,1841,1768,0,0,0,1.0,1,1.0,1,1.0,1,0.21660951726571442,35
2314,0,3609,1841,1768,0,0,0,1.0,1,1.0,1,1.0,1,0.23470655585512745,35
2315,1,3610,1841,1769,0,0,0,1.0,1,1.0,1,1.0,1,0.23520397903029763,34
2316,1,3611,1842,1769,0,0,0,1.0,1,1.0,1,1.0,1,0.2830834773861495,35
2317,0,3611,1842,1769,0,0,0,1.0,1,1.0,1,1.0,1,0.31161852036152426,32
2318,1,3612,1843,1769,0,0,0,1.0,1,1.0,1,1.0,1,0.3416318346489961,32
2319,1,3613,1844,1769,0,0,0,1.0,1,1.0,1,1.0,1,0.39176258726503316,32
2320,2,3615,1844,1771,0,0,0,1.0,1,1.0,1,1.0,1,0.35549368995756864,32
2321,3,3618,1844,1774,0,0,0,1.0,1,1.0,1,1.0,1,0.32017833925281625,33
2322,0,3618,1844,1774,0,0,0,1.0,1,1.0,1,1.0,1,0.32017833925281625,33
2323,0,3618,1844,1774,0,0,0,1.0,1,1.0,1,1.0,1,0.32017833925281625,33
2324,3,3621,1846,1775,0,0,0,1.0,1,1.0,1,1.0,1,0.3367477403732471,34
2325,2,3623,1846,1777,0,0,0,1.0,1,1.0,1,1.0,1,0.2963283368900937,35
2326,0,3623,1846,1777,0,0,0,1.0,1,1.0,1,1.0,1,0.2963283368900937,35
2327,0,3623,1846,1777,0,0,0,1.0,1,1.0,1,1.0,1,0.3130025971036252,36
2328,1,3624,1846,1778,0,0,0,1.0,1,1.0,1,1.0,1,0.3152873465744393,37
2329,0,3624,1846,1778,0,0,0,1.0,1,1.0,1,1.0,1,0.29248444816871905,37
2330,0,3624,1846,1778,0,0,0,1.0,1,1.0,1,1.0,1,0.28847367152552644,38
2331,1,3625,1846,1779,0,0,0,1.0,1,1.0,1,1.0,1,0.283467035174751,40
2332,1,3626,1846,1780,0,0,0,1.0,1,1.0,1,1.0,1,0.27387658671098786,40
2333,0,3626,1846,1780,0,0,0,1.0,1,1.0,1,1.0,1,0.27877519536117734,41
2334,0,3626,1846,1780,0,0,0,1.0,1,1.0,1,1.0,1,0.27877519536117734,41
2335,0,3626,1846,1780,0,0,0,1.0,1,1.0,1,1.0,1,0.27877519536117734,41
2336,2,3628,1846,1782,0,0,0,1.0,1,1.0,1,1.0,1,0.24529097687199922,41
2337,0,3628,1846,1782,0,0,0,1.0,1,1.0,1,1.0,1,0.25816744414964254,42
2338,3,3631,1847,1784,0,0,0,1.0,1,1.0,1,1.0,1,0.27585404702275684,43
2339,1,3632,1847,1785,0,0,0,1.0,1,1.0,1,1.0,1,0.2479514121072163,43
2340,0,3632,1847,1785,0,0,0,1.0,1,1.0,1,1.0,1,0.25152414712416493,45
2341,0,3632,1847,1785,0,0,0,1.0,1,1.0,1,1.0,1,0.25852813311328965,45
2342,2,3634,1847,1787,0,0,0,1.0,1,1.0,1,1.0,1,0.22120576784380694,46
2343,4,3638,1848,1790,0,0,0,1.0,1,1.0,1,1.0,1,0.2113074333927157,45
2344,3,3641,1851,1790,0,0,0,1.0,1,1.0,1,1.0,1,0.2599106843599393,44
2345,4,3645,1851,1794,0,0,0,1.0,1,1.0,1,1.0,1,0.1816782292027889,44
2346,1,3646,1852,1794,0,0,0,1.0,1,1.0,1,1.0,1,0.20926632218292576,44
2347,0,3646,1852,1794,0,0,0,1.0,1,1.0,1,1.0,1,0.21143288651140826,44
2348,0,3646,1852,1794,0,0,0,1.0,1,1.0,1,1.0,1,0.2056781800018122,45
2349,2,3648,1852,1796,0,0,0,1.0,1,1.0,1,1.0,1,0.20547416975411065,46
2350,2,3650,1853,1797,0,0,0,1.0,1,1.0,1,1.0,1,0.22293841860899857,47
2351,3,3653,1853,1800,0,0,0,1.0,1,1.0,1,1.0,1,0.16065493479250612,47
2352,1,3654,1854,1800,0,0,0,1.0,1,1.0,1,1.0,1,0.19059048994188563,47
2353,2,3656,1854,1802,0,0,0,1.0,1,1.0,1,1.0,1,0.15893521631004787,46
2354,2,3658,1855,1803,0,0,0,1.0,1,1.0,1,1.0,1,0.12342995332462471,47
2355,0,3658,1855,1803,0,0,0,1.0,1,1.0,1,1.0,1,0.12342995332462471,47
2356,1,3659,1856,1803,0,0,0,1.0,1,1.0,1,1.0,1,0.12788988827696215,47
2357,2,3661,1857,1804,0,0,0,1.0,1,1.0,1,1.0,1,0.07840745326788223,47
2358,0,3661,1857,1804,0,0,0,1.0,1,1.0,1,1.0,1,0.09002372635598077,48
2359,0,3661,1857,1804,0,0,0,1.0,1,1.0,1,1.0,1,0.1306737537740671,49
2360,0,3661,1857,1804,0,0,0,1.0,1,1.0,1,1.0,1,0.1306737537740671,49
2361,3,3664,1859,1805,0,0,0,1.0,1,1.0,1,1.0,1,0.16244450768067242,50
2362,3,3667,1860,1807,0,0,0,1.0,1,1.0,1,1.0,1,0.15495622447094057,51
2363,1,3668,1860,1808,0,0,0,1.0,1,1.0,1,1.0,1,0.13646390069556885,51
2364,0,3668,1860,1808,0,0,0,1.0,1,1.0,1,1.0,1,0.1505760334392204,52
2365,5,3673,1863,1810,0,0,0,1.0,1,1.0,1,1.0,1,0.17011184326422435,53
2366,5,3678,1865,1813,0,0,0,1.0,1,1.0,1,1.0,1,0.15430389848958292,54
2367,3,3681,1867,1814,0,0,0,1.0,1,1.0,1,1.0,1,0.17561829950493082,52
2368,3,3684,1868,1816,0,0,0,1.0,1,1.0,1,1.0,1,0.16002926935844117,51
2369,2,3686,1869,1817,0,0,0,1.0,1,1.0,1,1.0,1,0.15716150321417058,51
2370,4,3690,1872,1818,0,0,0,1.0,1,1.0,1,1.0,1,0.15613540795765554,52
2371,5,3695,1874,1821,0,0,0,1.0,1,1.0,1,1.0,1,0.1279995706898583,52
2372,4,3699,1876,1823,0,0,0,1.0,1,1.0,1,1.0,1,0.20328918935631363,49
2373,3,3702,1878,1824,0,0,0,1.0,1,1.0,1,1.0,1,0.21577496822596415,47
2374,4,3706,1879,1827,0,0,0,1.0,1,1.0,1,1.0,1,0.17306215608736486,45
2375,0,3706,1879,1827,0,0,0,1.0,1,1.0,1,1.0,1,0.14529182682406747,45
2376,0,3706,1879,1827,0,0,0,1.0,1,1.0,1,1.0,1,0.16200951283787143,43
2377,2,3708,1879,1829,0,0,0,1.0,1,1.0,1,1.0,1,0.08414082577736229,44
2378,0,3708,1879,1829,0,0,0,1.0,1,1.0,1,1.0,1,0.09474361335950103,43
2379,0,3708,1879,1829,0,0,0,1.0,1,1.0,1,1.0,1,0.09474361335950103,43
2380,1,3709,1880,1829,0,0,0,1.0,1,1.0,1,1.0,1,0.11351249058684847,43
2381,1,3710,1881,1829,0,0,0,1.0,1,1.0,1,1.0,1,0.15047023238753052,44
2382,1,3711,1882,1829,0,0,0,1.0,1,1.0,1,1.0,1,0.1373337527738939,44
2383,3,3714,1884,1830,0,0,0,1.0,1,1.0,1,1.0,1,0.17021017038924438,45
2384,3,3717,1885,1832,0,0,0,1.0,1,1.0,1,1.0,1,0.1373288383573227,45
2385,2,3719,1886,1833,0,0,0,1.0,1,1.0,1,1.0,1,0.11170626803805027,45
2386,4,3723,1889,1834,0,0,0,1.0,1,1.0,1,1.0,1,0.1757361365655594,46
2387,3,3726,1890,1836,0,0,0,1.0,1,1.0,1,1.0,1,0.12384027831897139,44
2388,1,3727,1891,1836,0,0,0,1.0,1,1.0,1,1.0,1,0.1575553053334584,44
2389,3,3730,1892,1838,0,0,0,1.0,1,1.0,1,1.0,1,0.14206195122201357,43
2390,0,3730,1892,1838,0,0,0,1.0,1,1.0,1,1.0,1,0.14596116206965368,44
2391,2,3732,1894,1838,0,0,0,1.0,1,1.0,1,1.0,1,0.1773008301773007,43
2392,1,3733,1895,1838,0,0,0,1.0,1,1.0,1,1.0,1,0.21354047939820345,44
2393,2,3735,1895,1840,0,0,0,1.0,1,1.0,1,1.0,1,0.16497773316267067,45
2394,1,3736,1896,1840,0,0,0,1.0,1,1.0,1,1.0,1,0.1666805253182581,44
2395,0,3736,1896,1840,0,0,0,1.0,1,1.0,1,1.0,1,0.165500168820429,44
2396,1,3737,1897,1840,0,0,0,1.0,1,1.0,1,1.0,1,0.16584499084809026,45
2397,0,3737,1897,1840,0,0,0,1.0,1,1.0,1,1.0,1,0.1785833827961955,44
2398,2,3739,1898,1841,0,0,0,1.0,1,1.0,1,1.0,1,0.2130329659379082,44
2399,0,3739,1898,1841,0,0,0,1.0,1,1.0,1,1.0,1,0.22438885203848943,45
2400,1,3740,1898,1842,0,0,0,1.0,1,1.0,1,1.0,1,0.21071125961820722,45
2401,0,3740,1898,1842,0,0,0,1.0,1,1.0,1,1.0,1,0.21616162240638617,46
2402,1,3741,1898,1843,0,0,0,1.0,1,1.0,1,1.0,1,0.20546541889034484,47
2403,3,3744,1899,1845,0,0,0,1.0,1,1.0,1,1.0,1,0.2200185360313971,48
2404,6,3750,1902,1848,0,0,0,1.0,1,1.0,1,1.0,1,0.20200416373083266,47
2405,0,3750,1902,1848,0,0,0,1.0,1,1.0,1,1.0,1,0.17077433968781097,45
2406,1,3751,1903,1848,0,0,0,1.0,1,1.0,1,1.0,1,0.18998072015937542,45
2407,1,3752,1904,1848,0,0,0,1.0,1,1.0,1,1.0,1,0.19045802457893993,42
2408,1,3753,1904,1849,0,0,0,1.0,1,1.0,1,1.0,1,0.18958760054672152,41
2409,4,3757,1906,1851,0,0,0,1.0,1,1.0,1,1.0,1,0.20764719446548602,41
2410,2,3759,1906,1853,0,0,0,1.0,1,1.0,1,1.0,1,0.2122532275374603,40
2411,2,3761,1908,1853,0,0,0,1.0,1,1.0,1,1.0,1,0.1987693362760547,40
2412,1,3762,1909,1853,0,0,0,1.0,1,1.0,1,1.0,1,0.22050730240268324,38
2413,7,3769,1912,1857,0,0,0,1.0,1,1.0,1,1.0,1,0.19063555197520476,38
2414,1,3770,1913,1857,0,0,0,1.0,1,1.0,1,1.0,1,0.2264936399669049,36
2415,1,3771,1914,1857,0,0,0,1.0,1,1.0,1,1.0,1,0.2754253457042608,36
2416,2,3773,1915,1858,0,0,0,1.0,1,1.0,1,1.0,1,0.2639874738856038,35
2417,3,3776,1916,1860,0,0,0,1.0,1,1.0,1,1.0,1,0.3574509246766185,33
2418,4,3780,1918,1862,0,0,0,1.0,1,1.0,1,1.0,1,0.33436421404201966,33
2419,3,3783,1919,1864,0,0,0,1.0,1,1.0,1,1.0,1,0.3080881767909065,33
2420,1,3784,1919,1865,0,0,0,1.0,1,1.0,1,1.0,1,0.24549227795327017,34
2421,0,3784,1919,1865,0,0,0,1.0,1,1.0,1,1.0,1,0.24549227795327017,34
2422,3,3787,1922,1865,0,0,0,1.0,1,1.0,1,1.0,1,0.2353135191187762,35
2423,1,3788,1922,1866,0,0,0,1.0,1,1.0,1,1.0,1,0.22170237315569416,36
2424,5,3793,1924,1869,0,0,0,1.0,1,1.0,1,1.0,1,0.13882212895145823,35
2425,2,3795,1926,1869,0,0,0,1.0,1,1.0,1,1.0,1,0.15250213240855262,33
2426,1,3796,1927,1869,0,0,0,1.0,1,1.0,1,1.0,1,0.1615123350556873,34
2427,1,3797,1928,1869,0,0,0,1.0,1,1.0,1,1.0,1,0.14104183688895738,34
2428,1,3798,1929,1869,0,0,0,1.0,1,1.0,1,1.0,1,0.16761110043053037,34
2429,0,3798,1929,1869,0,0,0,1.0,1,1.0,1,1.0,1,0.18374496815390728,34
2430,1,3799,1929,1870,0,0,0,1.0,1,1.0,1,1.0,1,0.16570407702718895,33
2431,1,3800,1930,1870,0,0,0,1.0,1,1.0,1,1.0,1,0.1647041646455507,33
2432,1,3801,1930,1871,0,0,0,1.0,1,1.0,1,1.0,1,0.16630694098409915,33
2433,0,3801,1930,1871,0,0,0,1.0,1,1.0,1,1.0,1,0.14930990390371018,34
2434,0,3801,1930,1871,0,0,0,1.0,1,1.0,1,1.0,1,0.14930990390371018,34
2435,0,3801,1930,1871,0,0,0,1.0,1,1.0,1,1.0,1,0.14930990390371018,34
2436,1,3802,1931,1871,0,0,0,1.0,1,1.0,1,1.0,1,0.22278912513103796,33
2437,2,3804,1932,1872,0,0,0,1.0,1,1.0,1,1.0,1,0.16430687609292335,33
2438,1,3805,1933,1872,0,0,0,1.0,1,1.0,1,1.0,1,0.16708395269972168,34
2439,0,3805,1933,1872,0,0,0,1.0,1,1.0,1,1.0,1,0.18174698276156304,35
2440,1,3806,1934,1872,0,0,0,1.0,1,1.0,1,1.0,1,0.19689783256816312,35
2441,2,3808,1936,1872,0,0,0,1.0,1,1.0,1,1.0,1,0.21759460522595023,35
2442,3,3811,1937,1874,0,0,0,1.0,1,1.0,1,1.0,1,0.15833114034461487,35
2443,3,3814,1940,1874,0,0,0,1.0,1,1.0,1,1.0,1,0.26072713573358297,35
2444,2,3816,1941,1875,0,0,0,1.0,1,1.0,1,1.0,1,0.29016785209129975,34
2445,3,3819,1942,1877,0,0,0,1.0,1,1.0,1,1.0,1,0.3392485843262217,33
2446,5,3824,1943,1881,0,0,0,1.0,1,1.0,1,1.0,1,0.3225858116863218,30
2447,2,3826,1943,1883,0,0,0,1.0,1,1.0,1,1.0,1,0.2527270228804852,29
2448,2,3828,1945,1883,0,0,0,1.0,1,1.0,1,1.0,1,0.2246063792166812,27
2449,0,3828,1945,1883,0,0,0,1.0,1,1.0,1,1.0,1,0.2200644845399255,26
2450,2,3830,1946,1884,0,0,0,1.0,1,1.0,1,1.0,1,0.21846120120241772,28
2451,0,3830,1946,1884,0,0,0,1.0,1,1.0,1,1.0,1,0.21846120120241772,28
2452,0,3830,1946,1884,0,0,0,1.0,1,1.0,1,1.0,1,0.2350609728467293,29
2453,1,3831,1947,1884,0,0,0,1.0,1,1.0,1,1.0,1,0.23002450999006066,30
2454,1,3832,1947,1885,0,0,0,1.0,1,1.0,1,1.0,1,0.20563360724283622,32
2455,1,3833,1948,1885,0,0,0,1.0,1,1.0,1,1.0,1,0.17578652042643564,33
2456,0,3833,1948,1885,0,0,0,1.0,1,1.0,1,1.0,1,0.1916859482608215,34
2457,1,3834,1949,1885,0,0,0,1.0,1,1.0,1,1.0,1,0.2110889040352857,34
2458,3,3837,1950,1887,0,0,0,1.0,1,1.0,1,1.0,1,0.2125046904809409,36
2459,0,3837,1950,1887,0,0,0,1.0,1,1.0,1,1.0,1,0.2125046904809409,36
2460,2,3839,1951,1888,0,0,0,1.0,1,1.0,1,1.0,1,0.21415593278456346,37
2461,1,3840,1952,1888,0,0,0,1.0,1,1.0,1,1.0,1,0.2417208354952431,37
2462,4,3844,1955,1889,0,0,0,1.0,1,1.0,1,1.0,1,0.27072009744170783,38
2463,2,3846,1956,1890,0,0,0,1.0,1,1.0,1,1.0,1,0.25570501418115116,38
2464,3,3849,1958,1891,0,0,0,1.0,1,1.0,1,1.0,1,0.26518069970053143,37
2465,2,3851,1960,1891,0,0,0,1.0,1,1.0,1,1.0,1,0.2466699640031343,36
2466,2,3853,1962,1891,0,0,0,1.0,1,1.0,1,1.0,1,0.3183227871735172,36
2467,2,3855,1962,1893,0,0,0,1.0,1,1.0,1,1.0,1,0.2657214644716076,34
2468,1,3856,1963,1893,0,0,0,1.0,1,1.0,1,1.0,1,0.2904874439937314,33
2469,1,3857,1964,1893,0,0,0,1.0,1,1.0,1,1.0,1,0.27508108657436636,32
2470,3,3860,1966,1894,0,0,0,1.0,1,1.0,1,1.0,1,0.3582184790065281,33
2471,1,3861,1966,1895,0,0,0,1.0,1,1.0,1,1.0,1,0.3430948911880883,31
2472,1,3862,1966,1896,0,0,0,1.0,1,1.0,1,1.0,1,0.32148098329501074,32
2473,1,3863,1966,1897,0,0,0,1.0,1,1.0,1,1.0,1,0.277226960116568,31
2474,1,3864,1967,1897,0,0,0,1.0,1,1.0,1,1.0,1,0.3342112529927882,33
2475,1,3865,1968,1897,0,0,0,1.0,1,1.0,1,1.0,1,0.32855978136509273,33
2476,4,3869,1969,1900,0,0,0,1.0,1,1.0,1,1.0,1,0.25121679799876623,33
2477,4,3873,1970,1903,0,0,0,1.0,1,1.0,1,1.0,1,0.23400059573428836,33
2478,0,3873,1970,1903,0,0,0,1.0,1,1.0,1,1.0,1,0.23400059573428836,33
2479,4,3877,1972,1905,0,0,0,1.0,1,1.0,1,1.0,1,0.23717583600576064,33
2480,1,3878,1972,1906,0,0,0,1.0,1,1.0,1,1.0,1,0.21889967725934328,34
2481,3,3881,1974,1907,0,0,0,1.0,1,1.0,1,1.0,1,0.22838000567647523,33
2482,3,3884,1975,1909,0,0,0,1.0,1,1.0,1,1.0,1,0.22918841875973617,34
2483,2,3886,1975,1911,0,0,0,1.0,1,1.0,1,1.0,1,0.18924592919502697,33
2484,0,3886,1975,1911,0,0,0,1.0,1,1.0,1,1.0,1,0.1775807814064543,32
2485,1,3887,1975,1912,0,0,0,1.0,1,1.0,1,1.0,1,0.15037039537629263,31
2486,2,3889,1977,1912,0,0,0,1.0,1,1.0,1,1.0,1,0.21408591398777008,29
2487,0,3889,1977,1912,0,0,0,1.0,1,1.0,1,1.0,1,0.21408591398777008,29
2488,0,3889,1977,1912,0,0,0,1.0,1,1.0,1,1.0,1,0.2768529685167023,30
2489,1,3890,1978,1912,0,0,0,1.0,1,1.0,1,1.0,1,0.23800681409952051,29
2490,2,3892,1979,1913,0,0,0,1.0,1,1.0,1,1.0,1,0.2940522215263903,30
2491,1,3893,1979,1914,0,0,0,1.0,1,1.0,1,1.0,1,0.24656202246365333,30
2492,1,3894,1980,1914,0,0,0,1.0,1,1.0,1,1.0,1,0.2634998575239904,29
2493,1,3895,1980,1915,0,0,0,1.0,1,1.0,1,1.0,1,0.23204909163969797,29
2494,0,3895,1980,1915,0,0,0,1.0,1,1.0,1,1.0,1,0.26859159296047275,28
2495,1,3896,1981,1915,0,0,0,1.0,1,1.0,1,1.0,1,0.29533179840053436,29
2496,1,3897,1981,1916,0,0,0,1.0,1,1.0,1,1.0,1,0.22873778204699377,28
2497,0,3897,1981,1916,0,0,0,1.0,1,1.0,1,1.0,1,0.2575345878959686,28
2498,1,3898,1981,1917,0,0,0,1.0,1,1.0,1,1.0,1,0.26250097327592425,29
2499,1,3899,1982,1917,0,0,0,1.0,1,1.0,1,1.0,1,0.3010428750740793,30
2500,2,3901,1983,1918,0,0,0,1.0,1,1.0,1,1.0,1,0.2768258840700395,29
2501,4,3905,1986,1919,0,0,0,1.0,1,1.0,1,1.0,1,0.26639159579819083,33
2502,5,3910,1989,1921,0,0,0,1.0,1,1.0,1,1.0,1,0.2465624567550288,33
2503,2,3912,1990,1922,0,0,0,1.0,1,1.0,1,1.0,1,0.21352062445493855,31
2504,6,3918,1995,1923,0,0,0,1.0,1,1.0,1,1.0,1,0.30151350454280196,31
2505,2,3920,1996,1924,0,0,0,1.0,1,1.0,1,1.0,1,0.281757830880214,32
2506,2,3922,1997,1925,0,0,0,1.0,1,1.0,1,1.0,1,0.27651316128588693,31
2507,2,3924,1999,1925,0,0,0,1.0,1,1.0,1,1.0,1,0.2103437336100447,29
2508,2,3926,2001,1925,0,0,0,1.0,1,1.0,1,1.0,1,0.23826923521119245,31
2509,0,3926,2001,1925,0,0,0,1.0,1,1.0,1,1.0,1,0.230385787706227,30
2510,1,3927,2001,1926,0,0,0,1.0,1,1.0,1,1.0,1,0.18528590142756615,31
2511,1,3928,2002,1926,0,0,0,1.0,1,1.0,1,1.0,1,0.2047310267872535,32
2512,1,3929,2003,1926,0,0,0,1.0,1,1.0,1,1.0,1,0.20256805065103872,32
2513,2,3931,2005,1926,0,0,0,1.0,1,1.0,1,1.0,1,0.1966988737138814,34
2514,1,3932,2006,1926,0,0,0,1.0,1,1.0,1,1.0,1,0.2458391120579198,35
2515,3,3935,2007,1928,0,0,0,1.0,1,1.0,1,1.0,1,0.2086526545094209,35
2516,3,3938,2009,1929,0,0,0,1.0,1,1.0,1,1.0,1,0.21886527222740967,34
2517,2,3940,2011,1929,0,0,0,1.0,1,1.0,1,1.0,1,0.281253540840846,34
2518,5,3945,2013,1932,0,0,0,1.0,1,1.0,1,1.0,1,0.2118698812577732,33
2519,1,3946,2014,1932,0,0,0,1.0,1,1.0,1,1.0,1,0.19075358763405806,32
2520,1,3947,2015,1932,0,0,0,1.0,1,1.0,1,1.0,1,0.2655331816477605,31
2521,0,3947,2015,1932,0,0,0,1.0,1,1.0,1,1.0,1,0.23629521912649673,31
2522,0,3947,2015,1932,0,0,0,1.0,1,1.0,1,1.0,1,0.2774935866637658,30
2523,0,3947,2015,1932,0,0,0,1.0,1,1.0,1,1.0,1,0.25686268833698667,30
2524,0,3947,2015,1932,0,0,0,1.0,1,1.0,1,1.0,1,0.31280002464950946,29
2525,4,3951,2016,1935,0,0,0,1.0,1,1.0,1,1.0,1,0.28444066733355966,29
2526,0,3951,2016,1935,0,0,0,1.0,1,1.0,1,1.0,1,0.30034964186542334,27
2527,0,3951,2016,1935,0,0,0,1.0,1,1.0,1,1.0,1,0.30836833887696957,28
2528,0,3951,2016,1935,0,0,0,1.0,1,1.0,1,1.0,1,0.30836833887696957,28
2529,0,3951,2016,1935,0,0,0,1.0,1,1.0,1,1.0,1,0.30836833887696957,28
2530,0,3951,2016,1935,0,0,0,1.0,1,1.0,1,1.0,1,0.32179974958446733,29
2531,0,3951,2016,1935,0,0,0,1.0,1,1.0,1,1.0,1,0.34176242110923416,30
2532,0,3951,2016,1935,0,0,0,1.0,1,1.0,1,1.0,1,0.34976332621454936,31
2533,0,3951,2016,1935,0,0,0,1.0,1,1.0,1,1.0,1,0.34976332621454936,31
2534,0,3951,2016,1935,0,0,0,1.0,1,1.0,1,1.0,1,0.34976332621454936,31
2535,1,3952,2017,1935,0,0,0,1.0,1,1.0,1,1.0,1,0.38746619697838974,31
2536,3,3955,2018,1937,0,0,0,1.0,1,1.0,1,1.0,1,0.34103841244976346,32
2537,2,3957,2019,1938,0,0,0,1.0,1,1.0,1,1.0,1,0.29450023557698274,33
2538,2,3959,2020,1939,0,0,0,1.0,1,1.0,1,1.0,1,0.298457390156742,35
2539,4,3963,2022,1941,0,0,0,1.0,1,1.0,1,1.0,1,0.3051286120632284,37
2540,4,3967,2024,1943,0,0,0,1.0,1,1.0,1,1.0,1,0.2664574858507993,38
2541,2,3969,2024,1945,0,0,0,1.0,1,1.0,1,1.0,1,0.21706532762818898,39
2542,4,3973,2027,1946,0,0,0,1.0,1,1.0,1,1.0,1,0.2745154772776379,38
2543,1,3974,2028,1946,0,0,0,1.0,1,1.0,1,1.0,1,0.28863025514318297,41
2544,2,3976,2030,1946,0,0,0,1.0,1,1.0,1,1.0,1,0.2742781155040855,39
2545,7,3983,2032,1951,0,0,0,1.0,1,1.0,1,1.0,1,0.23593483718806527,40
2546,0,3983,2032,1951,0,0,0,1.0,1,1.0,1,1.0,1,0.2020616375366845,38
2547,5,3988,2036,1952,0,0,0,1.0,1,1.0,1,1.0,1,0.2892104590791556,38
2548,1,3989,2036,1953,0,0,0,1.0,1,1.0,1,1.0,1,0.2548510484196267,35
2549,2,3991,2038,1953,0,0,0,1.0,1,1.0,1,1.0,1,0.31160069819098224,35
2550,3,3994,2039,1955,0,0,0,1.0,1,1.0,1,1.0,1,0.2978874148489088,33
2551,2,3996,2041,1955,0,0,0,1.0,1,1.0,1,1.0,1,0.3585495938079825,31
2552,0,3996,2041,1955,0,0,0,1.0,1,1.0,1,1.0,1,0.3926400216781096,30
2553,1,3997,2041,1956,0,0,0,1.0,1,1.0,1,1.0,1,0.3731727298255345,30
2554,4,4001,2042,1959,0,0,0,1.0,1,1.0,1,1.0,1,0.32680352164162535,32
2555,1,4002,2042,1960,0,0,0,1.0,1,1.0,1,1.0,1,0.3286479223306946,32
2556,0,4002,2042,1960,0,0,0,1.0,1,1.0,1,1.0,1,0.33120468623715876,32
2557,0,4002,2042,1960,0,0,0,1.0,1,1.0,1,1.0,1,0.3051050573079133,30
2558,2,4004,2043,1961,0,0,0,1.0,1,1.0,1,1.0,1,0.2917291579541284,31
2559,1,4005,2043,1962,0,0,0,1.0,1,1.0,1,1.0,1,0.25516092832403353,30
2560,0,4005,2043,1962,0,0,0,1.0,1,1.0,1,1.0,1,0.25516092832403353,30
2561,0,4005,2043,1962,0,0,0,1.0,1,1.0,1,1.0,1,0.25516092832403353,30
2562,1,4006,2043,1963,0,0,0,1.0,1,1.0,1,1.0,1,0.280719629644428,33
2563,1,4007,2043,1964,0,0,0,1.0,1,1.0,1,1.0,1,0.25703624269361786,33
2564,0,4007,2043,1964,0,0,0,1.0,1,1.0,1,1.0,1,0.25703624269361786,33
2565,1,4008,2044,1964,0,0,0,1.0,1,1.0,1,1.0,1,0.23010719174977393,33
2566,2,4010,2045,1965,0,0,0,1.0,1,1.0,1,1.0,1,0.24090301378127582,35
2567,1,4011,2046,1965,0,0,0,1.0,1,1.0,1,1.0,1,0.25561861077191317,36
2568,1,4012,2047,1965,0,0,0,1.0,1,1.0,1,1.0,1,0.29964440566735345,37
2569,1,4013,2047,1966,0,0,0,1.0,1,1.0,1,1.0,1,0.28399719542245255,37
2570,0,4013,2047,1966,0,0,0,1.0,1,1.0,1,1.0,1,0.28991342138399756,37
2571,0,4013,2047,1966,0,0,0,1.0,1,1.0,1,1.0,1,0.28991342138399756,37
2572,0,4013,2047,1966,0,0,0,1.0,1,1.0,1,1.0,1,0.28958118413663664,39
2573,0,4013,2047,1966,0,0,0,1.0,1,1.0,1,1.0,1,0.28958118413663664,39
2574,1,4014,2048,1966,0,0,0,1.0,1,1.0,1,1.0,1,0.3401376233453621,38
2575,1,4015,2048,1967,0,0,0,1.0,1,1.0,1,1.0,1,0.30243723694854624,38
2576,0,4015,2048,1967,0,0,0,1.0,1,1.0,1,1.0,1,0.30640009845757454,37
2577,0,4015,2048,1967,0,0,0,1.0,1,1.0,1,1.0,1,0.31917101237702483,39
2578,2,4017,2048,1969,0,0,0,1.0,1,1.0,1,1.0,1,0.3103868381797052,40
2579,2,4019,2048,1971,0,0,0,1.0,1,1.0,1,1.0,1,0.2802543963958808,41
2580,0,4019,2048,1971,0,0,0,1.0,1,1.0,1,1.0,1,0.2897084793034195,42
2581,0,4019,2048,1971,0,0,0,1.0,1,1.0,1,1.0,1,0.288165551885494,43
2582,1,4020,2049,1971,0,0,0,1.0,1,1.0,1,1.0,1,0.3113790347738874,43
2583,4,4024,2050,1974,0,0,0,1.0,1,1.0,1,1.0,1,0.31643116518043846,43
2584,1,4025,2050,1975,0,0,0,1.0,1,1.0,1,1.0,1,0.27752097596416636,43
2585,3,4028,2051,1977,0,0,0,1.0,1,1.0,1,1.0,1,0.2887225344786945,44
2586,3,4031,2051,1980,0,0,0,1.0,1,1.0,1,1.0,1,0.20321109648767158,43
2587,4,4035,2052,1983,0,0,0,1.0,1,1.0,1,1.0,1,0.20654394377296356,44
2588,0,4035,2052,1983,0,0,0,1.0,1,1.0,1,1.0,1,0.20654394377296356,44
2589,4,4039,2053,1986,0,0,0,1.0,1,1.0,1,1.0,1,0.21562095557308353,44
2590,1,4040,2053,1987,0,0,0,1.0,1,1.0,1,1.0,1,0.18975155465696236,44
2591,0,4040,2053,1987,0,0,0,1.0,1,1.0,1,1.0,1,0.18975155465696236,44
2592,1,4041,2054,1987,0,0,0,1.0,1,1.0,1,1.0,1,0.22313680400030828,44
2593,1,4042,2055,1987,0,0,0,1.0,1,1.0,1,1.0,1,0.1853096804398478,43
2594,6,4048,2057,1991,0,0,0,1.0,1,1.0,1,1.0,1,0.22976663761518037,48
2595,3,4051,2058,1993,0,0,0,1.0,1,1.0,1,1.0,1,0.17956041370112868,45
2596,2,4053,2060,1993,0,0,0,1.0,1,1.0,1,1.0,1,0.22004875973354213,46
2597,5,4058,2061,1997,0,0,0,1.0,1,1.0,1,1.0,1,0.12722843090103492,45
2598,0,4058,2061,1997,0,0,0,1.0,1,1.0,1,1.0,1,0.12722843090103492,45
2599,2,4060,2063,1997,0,0,0,1.0,1,1.0,1,1.0,1,0.16636508268850797,45
2600,4,4064,2064,2000,0,0,0,1.0,1,1.0,1,1.0,1,0.13922198423594526,48
2601,3,4067,2066,2001,0,0,0,1.0,1,1.0,1,1.0,1,0.14548983670492793,47
2602,1,4068,2066,2002,0,0,0,1.0,1,1.0,1,1.0,1,0.15053905985436508,48
2603,0,4068,2066,2002,0,0,0,1.0,1,1.0,1,1.0,1,0.15053905985436508,48
2604,0,4068,2066,2002,0,0,0,1.0,1,1.0,1,1.0,1,0.16158290835210892,47
2605,1,4069,2067,2002,0,0,0,1.0,1,1.0,1,1.0,1,0.17300533516824956,47
2606,0,4069,2067,2002,0,0,0,1.0,1,1.0,1,1.0,1,0.16397557786373632,46
2607,0,4069,2067,2002,0,0,0,1.0,1,1.0,1,1.0,1,0.18556343540373135,45
2608,1,4070,2067,2003,0,0,0,1.0,1,1.0,1,1.0,1,0.15926437586004621,45
2609,1,4071,2068,2003,0,0,0,1.0,1,1.0,1,1.0,1,0.19396366170670343,44
2610,2,4073,2069,2004,0,0,0,1.0,1,1.0,1,1.0,1,0.18405651679149007,45
2611,4,4077,2073,2004,0,0,0,1.0,1,1.0,1,1.0,1,0.17693328029281813,46
2612,3,4080,2075,2005,0,0,0,1.0,1,1.0,1,1.0,1,0.17903155424266437,47
2613,1,4081,2076,2005,0,0,0,1.0,1,1.0,1,1.0,1,0.20289788329812738,48
2614,2,4083,2078,2005,0,0,0,1.0,1,1.0,1,1.0,1,0.2333817934920531,48
2615,3,4086,2079,2007,0,0,0,1.0,1,1.0,1,1.0,1,0.20203907953283862,49
2616,1,4087,2079,2008,0,0,0,1.0,1,1.0,1,1.0,1,0.19152249544218183,49
2617,2,4089,2079,2010,0,0,0,1.0,1,1.0,1,1.0,1,0.1410973029894928,48
2618,0,4089,2079,2010,0,0,0,1.0,1,1.0,1,1.0,1,0.15630453021267454,47
2619,1,4090,2080,2010,0,0,0,1.0,1,1.0,1,1.0,1,0.15558388630910688,50
2620,0,4090,2080,2010,0,0,0,1.0,1,1.0,1,1.0,1,0.16952790476337065,51
2621,0,4090,2080,2010,0,0,0,1.0,1,1.0,1,1.0,1,0.17174595545251878,52
2622,1,4091,2081,2010,0,0,0,1.0,1,1.0,1,1.0,1,0.1491981508003627,52
2623,2,4093,2082,2011,0,0,0,1.0,1,1.0,1,1.0,1,0.17612673463357917,53
2624,4,4097,2083,2014,0,0,0,1.0,1,1.0,1,1.0,1,0.09306128473809365,51
2625,2,4099,2085,2014,0,0,0,1.0,1,1.0,1,1.0,1,0.11426480305753015,50
2626,3,4102,2088,2014,0,0,0,1.0,1,1.0,1,1.0,1,0.18373060854987738,49
2627,4,4106,2091,2015,0,0,0,1.0,1,1.0,1,1.0,1,0.14918261221086931,48
2628,1,4107,2092,2015,0,0,0,1.0,1,1.0,1,1.0,1,0.16918358028438193,48
2629,1,4108,2092,2016,0,0,0,1.0,1,1.0,1,1.0,1,0.14880364353787603,47
2630,3,4111,2093,2018,0,0,0,1.0,1,1.0,1,1.0,1,0.1456542566376866,47
2631,0,4111,2093,2018,0,0,0,1.0,1,1.0,1,1.0,1,0.14666586322499744,47
2632,0,4111,2093,2018,0,0,0,1.0,1,1.0,1,1.0,1,0.13888985797555456,47
2633,1,4112,2094,2018,0,0,0,1.0,1,1.0,1,1.0,1,0.12219896972848986,44
2634,0,4112,2094,2018,0,0,0,1.0,1,1.0,1,1.0,1,0.12496125742331846,44
2635,2,4114,2096,2018,0,0,0,1.0,1,1.0,1,1.0,1,0.21410930244290868,45
2636,3,4117,2099,2018,0,0,0,1.0,1,1.0,1,1.0,1,0.2125166073554985,40
2637,7,4124,2104,2020,0,0,0,1.0,1,1.0,1,1.0,1,0.2573485299028946,41
2638,7,4131,2107,2024,0,0,0,1.0,1,1.0,1,1.0,1,0.23452369930218694,38
2639,2,4133,2107,2026,0,0,0,1.0,1,1.0,1,1.0,1,0.17674907021991487,39
2640,1,4134,2108,2026,0,0,0,1.0,1,1.0,1,1.0,1,0.19386053269306025,38
2641,3,4137,2109,2028,0,0,0,1.0,1,1.0,1,1.0,1,0.1574603022346791,37
2642,2,4139,2111,2028,0,0,0,1.0,1,1.0,1,1.0,1,0.18684994728237592,38
2643,1,4140,2111,2029,0,0,0,1.0,1,1.0,1,1.0,1,0.14245503232342782,37
2644,0,4140,2111,2029,0,0,0,1.0,1,1.0,1,1.0,1,0.12986030778384242,36
2645,1,4141,2112,2029,0,0,0,1.0,1,1.0,1,1.0,1,0.19463370842022182,35
2646,2,4143,2113,2030,0,0,0,1.0,1,1.0,1,1.0,1,0.16236937851100916,35
2647,2,4145,2114,2031,0,0,0,1.0,1,1.0,1,1.0,1,0.15535738744272176,35
2648,0,4145,2114,2031,0,0,0,1.0,1,1.0,1,1.0,1,0.1652832335634065,36
2649,2,4147,2115,2032,0,0,0,1.0,1,1.0,1,1.0,1,0.11301925140696838,37
2650,1,4148,2116,2032,0,0,0,1.0,1,1.0,1,1.0,1,0.1631956092276983,39
2651,1,4149,2117,2032,0,0,0,1.0,1,1.0,1,1.0,1,0.14537798260237442,39
2652,0,4149,2117,2032,0,0,0,1.0,1,1.0,1,1.0,1,0.14537798260237442,39
2653,0,4149,2117,2032,0,0,0,1.0,1,1.0,1,1.0,1,0.14537798260237442,39
2654,1,4150,2117,2033,0,0,0,1.0,1,1.0,1,1.0,1,0.14967623087458382,40
2655,0,4150,2117,2033,0,0,0,1.0,1,1.0,1,1.0,1,0.14967623087458382,40
2656,0,4150,2117,2033,0,0,0,1.0,1,1.0,1,1.0,1,0.17348234600579576,39
2657,1,4151,2117,2034,0,0,0,1.0,1,1.0,1,1.0,1,0.1827321174893942,40
2658,2,4153,2119,2034,0,0,0,1.0,1,1.0,1,1.0,1,0.2855043733580295,41
2659,5,4158,2121,2037,0,0,0,1.0,1,1.0,1,1.0,1,0.2727775338655794,41
2660,3,4161,2122,2039,0,0,0,1.0,1,1.0,1,1.0,1,0.28151391043395907,40
2661,2,4163,2123,2040,0,0,0,1.0,1,1.0,1,1.0,1,0.25457191467935475,40
2662,3,4166,2124,2042,0,0,0,1.0,1,1.0,1,1.0,1,0.23228799568073907,42
2663,2,4168,2126,2042,0,0,0,1.0,1,1.0,1,1.0,1,0.2150300103250677,41
2664,2,4170,2128,2042,0,0,0,1.0,1,1.0,1,1.0,1,0.26011680149526073,42
2665,6,4176,2130,2046,0,0,0,1.0,1,1.0,1,1.0,1,0.13285342062670916,43
2666,4,4180,2133,2047,0,0,0,1.0,1,1.0,1,1.0,1,0.15351150239622935,44
2667,2,4182,2135,2047,0,0,0,1.0,1,1.0,1,1.0,1,0.2218864517286152,42
2668,0,4182,2135,2047,0,0,0,1.0,1,1.0,1,1.0,1,0.23207142037556378,41
2669,3,4185,2136,2049,0,0,0,1.0,1,1.0,1,1.0,1,0.2390652005033294,42
2670,0,4185,2136,2049,0,0,0,1.0,1,1.0,1,1.0,1,0.26738930505376246,40
2671,1,4186,2137,2049,0,0,0,1.0,1,1.0,1,1.0,1,0.32077630793428824,39
2672,1,4187,2138,2049,0,0,0,1.0,1,1.0,1,1.0,1,0.3586703106889737,36
2673,1,4188,2139,2049,0,0,0,1.0,1,1.0,1,1.0,1,0.3626091432662503,35
2674,4,4192,2140,2052,0,0,0,1.0,1,1.0,1,1.0,1,0.22882033296060678,33
2675,1,4193,2141,2052,0,0,0,1.0,1,1.0,1,1.0,1,0.24010432471564033,34
2676,1,4194,2142,2052,0,0,0,1.0,1,1.0,1,1.0,1,0.23992504258665934,32
2677,1,4195,2143,2052,0,0,0,1.0,1,1.0,1,1.0,1,0.28718347011019074,33
2678,3,4198,2144,2054,0,0,0,1.0,1,1.0,1,1.0,1,0.2853029414638869,33
2679,0,4198,2144,2054,0,0,0,1.0,1,1.0,1,1.0,1,0.2793399786143725,32
2680,1,4199,2145,2054,0,0,0,1.0,1,1.0,1,1.0,1,0.27174133135192197,32
2681,1,4200,2145,2055,0,0,0,1.0,1,1.0,1,1.0,1,0.23061607351311977,32
2682,1,4201,2146,2055,0,0,0,1.0,1,1.0,1,1.0,1,0.2730915218246252,33
2683,1,4202,2147,2055,0,0,0,1.0,1,1.0,1,1.0,1,0.28858385496971295,32
2684,1,4203,2147,2056,0,0,0,1.0,1,1.0,1,1.0,1,0.3083401961846845,31
2685,0,4203,2147,2056,0,0,0,1.0,1,1.0,1,1.0,1,0.3083401961846845,31
2686,0,4203,2147,2056,0,0,0,1.0,1,1.0,1,1.0,1,0.29501821109817006,30
2687,0,4203,2147,2056,0,0,0,1.0,1,1.0,1,1.0,1,0.29501821109817006,30
2688,0,4203,2147,2056,0,0,0,1.0,1,1.0,1,1.0,1,0.29501821109817006,30
2689,3,4206,2149,2057,0,0,0,1.0,1,1.0,1,1.0,1,0.2639479972418938,31
2690,3,4209,2152,2057,0,0,0,1.0,1,1.0,1,1.0,1,0.19008707679419456,31
2691,2,4211,2154,2057,0,0,0,1.0,1,1.0,1,1.0,1,0.24540210396766682,32
2692,3,4214,2156,2058,0,0,0,1.0,1,1.0,1,1.0,1,0.25573367307592176,32
2693,3,4217,2158,2059,0,0,0,1.0,1,1.0,1,1.0,1,0.2462923878902016,33
2694,1,4218,2158,2060,0,0,0,1.0,1,1.0,1,1.0,1,0.24881343983141765,34
2695,3,4221,2158,2063,0,0,0,1.0,1,1.0,1,1.0,1,0.15403561883839376,35
2696,0,4221,2158,2063,0,0,0,1.0,1,1.0,1,1.0,1,0.15403561883839376,35
2697,0,4221,2158,2063,0,0,0,1.0,1,1.0,1,1.0,1,0.15403561883839376,35
2698,0,4221,2158,2063,0,0,0,1.0,1,1.0,1,1.0,1,0.15277752460814076,36
2699,0,4221,2158,2063,0,0,0,1.0,1,1.0,1,1.0,1,0.18752707313472303,36
2700,1,4222,2159,2063,0,0,0,1.0,1,1.0,1,1.0,1,0.19631495550887829,37
2701,3,4225,2160,2065,0,0,0,1.0,1,1.0,1,1.0,1,0.17305628002771428,37
2702,3,4228,2162,2066,0,0,0,1.0,1,1.0,1,1.0,1,0.22645057138630362,37
2703,3,4231,2164,2067,0,0,0,1.0,1,1.0,1,1.0,1,0.23750367025891522,38
2704,3,4234,2166,2068,0,0,0,1.0,1,1.0,1,1.0,1,0.2791040659871057,37
2705,3,4237,2167,2070,0,0,0,1.0,1,1.0,1,1.0,1,0.2309832796324006,36
2706,1,4238,2167,2071,0,0,0,1.0,1,1.0,1,1.0,1,0.20000241710746847,36
2707,1,4239,2168,2071,0,0,0,1.0,1,1.0,1,1.0,1,0.21726886507445128,35
2708,2,4241,2170,2071,0,0,0,1.0,1,1.0,1,1.0,1,0.25978708556518226,36
2709,2,4243,2171,2072,0,0,0,1.0,1,1.0,1,1.0,1,0.15694710816495594,32
2710,1,4244,2172,2072,0,0,0,1.0,1,1.0,1,1.0,1,0.22433219263183185,29
2711,2,4246,2173,2073,0,0,0,1.0,1,1.0,1,1.0,1,0.26289625281735884,29
2712,2,4248,2174,2074,0,0,0,1.0,1,1.0,1,1.0,1,0.3003981210768012,28
2713,0,4248,2174,2074,0,0,0,1.0,1,1.0,1,1.0,1,0.3179717606614592,28
2714,1,4249,2175,2074,0,0,0,1.0,1,1.0,1,1.0,1,0.3336667262302049,26
2715,0,4249,2175,2074,0,0,0,1.0,1,1.0,1,1.0,1,0.33016895233847987,24
2716,0,4249,2175,2074,0,0,0,1.0,1,1.0,1,1.0,1,0.3325038142694147,24
2717,3,4252,2178,2074,0,0,0,1.0,1,1.0,1,1.0,1,0.3456243248845994,25
2718,4,4256,2179,2077,0,0,0,1.0,1,1.0,1,1.0,1,0.29099766980766517,25
2719,2,4258,2181,2077,0,0,0,1.0,1,1.0,1,1.0,1,0.35044438926340205,25
2720,0,4258,2181,2077,0,0,0,1.0,1,1.0,1,1.0,1,0.35044438926340205,25
2721,3,4261,2184,2077,0,0,0,1.0,1,1.0,1,1.0,1,0.26213812126182084,25
2722,1,4262,2185,2077,0,0,0,1.0,1,1.0,1,1.0,1,0.24096004899379506,26
2723,0,4262,2185,2077,0,0,0,1.0,1,1.0,1,1.0,1,0.24096004899379506,26
2724,1,4263,2186,2077,0,0,0,1.0,1,1.0,1,1.0,1,0.24289895434581688,27
2725,1,4264,2186,2078,0,0,0,1.0,1,1.0,1,1.0,1,0.22298405019199707,28
2726,1,4265,2187,2078,0,0,0,1.0,1,1.0,1,1.0,1,0.24661516755530352,28
2727,0,4265,2187,2078,0,0,0,1.0,1,1.0,1,1.0,1,0.2611722944864042,29
2728,1,4266,2188,2078,0,0,0,1.0,1,1.0,1,1.0,1,0.31376687768643,29
2729,2,4268,2189,2079,0,0,0,1.0,1,1.0,1,1.0,1,0.2814232050535481,29
2730,0,4268,2189,2079,0,0,0,1.0,1,1.0,1,1.0,1,0.2814232050535481,29
2731,3,4271,2191,2080,0,0,0,1.0,1,1.0,1,1.0,1,0.3244742657625402,30
2732,1,4272,2192,2080,0,0,0,1.0,1,1.0,1,1.0,1,0.34385233303203466,29
2733,1,4273,2192,2081,0,0,0,1.0,1,1.0,1,1.0,1,0.28741066966213763,29
2734,0,4273,2192,2081,0,0,0,1.0,1,1.0,1,1.0,1,0.28741066966213763,29
2735,0,4273,2192,2081,0,0,0,1.0,1,1.0,1,1.0,1,0.28741066966213763,29
2736,1,4274,2192,2082,0,0,0,1.0,1,1.0,1,1.0,1,0.2917011495196965,30
2737,1,4275,2192,2083,0,0,0,1.0,1,1.0,1,1.0,1,0.27940965729497474,30
2738,2,4277,2194,2083,0,0,0,1.0,1,1.0,1,1.0,1,0.3222064350444146,30
2739,2,4279,2195,2084,0,0,0,1.0,1,1.0,1,1.0,1,0.3599910603759589,29
2740,3,4282,2197,2085,0,0,0,1.0,1,1.0,1,1.0,1,0.3721963570671245,29
2741,4,4286,2197,2089,0,0,0,1.0,1,1.0,1,1.0,1,0.31055398898417685,28
2742,4,4290,2199,2091,0,0,0,1.0,1,1.0,1,1.0,1,0.31671107525293496,28
2743,1,4291,2199,2092,0,0,0,1.0,1,1.0,1,1.0,1,0.32600937911349126,29
2744,0,4291,2199,2092,0,0,0,1.0,1,1.0,1,1.0,1,0.28635591355000467,27
2745,1,4292,2200,2092,0,0,0,1.0,1,1.0,1,1.0,1,0.295938705742593,25
2746,3,4295,2201,2094,0,0,0,1.0,1,1.0,1,1.0,1,0.2694335147479443,25
2747,2,4297,2203,2094,0,0,0,1.0,1,1.0,1,1.0,1,0.29137167179035506,23
2748,1,4298,2204,2094,0,0,0,1.0,1,1.0,1,1.0,1,0.4187280870038238,22
2749,0,4298,2204,2094,0,0,0,1.0,1,1.0,1,1.0,1,0.4408581174771941,19
2750,1,4299,2205,2094,0,0,0,1.0,1,1.0,1,1.0,1,0.47238820960018485,18
2751,0,4299,2205,2094,0,0,0,1.0,1,1.0,1,1.0,1,0.47370061469947666,16
2752,0,4299,2205,2094,0,0,0,1.0,1,1.0,1,1.0,1,0.4610073851134403,15
2753,0,4299,2205,2094,0,0,0,1.0,1,1.0,1,1.0,1,0.4610073851134403,15
2754,0,4299,2205,2094,0,0,0,1.0,1,1.0,1,1.0,1,0.4610073851134403,15
2755,0,4299,2205,2094,0,0,0,1.0,1,1.0,1,1.0,1,0.4610073851134403,15
2756,1,4300,2206,2094,0,0,0,1.0,1,1.0,1,1.0,1,0.4564310803414129,16
2757,0,4300,2206,2094,0,0,0,1.0,1,1.0,1,1.0,1,0.4627441348687678,17
2758,0,4300,2206,2094,0,0,0,1.0,1,1.0,1,1.0,1,0.4627441348687678,17
2759,0,4300,2206,2094,0,0,0,1.0,1,1.0,1,1.0,1,0.4803505236485064,18
2760,0,4300,2206,2094,0,0,0,1.0,1,1.0,1,1.0,1,0.4803505236485064,18
2761,0,4300,2206,2094,0,0,0,1.0,1,1.0,1,1.0,1,0.4803505236485064,18
2762,0,4300,2206,2094,0,0,0,1.0,1,1.0,1,1.0,1,0.4803505236485064,18
2763,1,4301,2206,2095,0,0,0,1.0,1,1.0,1,1.0,1,0.40421775386810094,17
2764,2,4303,2208,2095,0,0,0,1.0,1,1.0,1,1.0,1,0.527091837546714,17
2765,1,4304,2208,2096,0,0,0,1.0,1,1.0,1,1.0,1,0.47308981482231494,18
2766,0,4304,2208,2096,0,0,0,1.0,1,1.0,1,1.0,1,0.47308981482231494,18
2767,1,4305,2208,2097,0,0,0,1.0,1,1.0,1,1.0,1,0.42595535864894607,18
2768,0,4305,2208,2097,0,0,0,1.0,1,1.0,1,1.0,1,0.42595535864894607,18
2769,1,4306,2209,2097,0,0,0,1.0,1,1.0,1,1.0,1,0.39554888253594017,18
2770,1,4307,2210,2097,0,0,0,1.0,1,1.0,1,1.0,1,0.4116908187516812,18
2771,0,4307,2210,2097,0,0,0,1.0,1,1.0,1,1.0,1,0.4116908187516812,18
2772,0,4307,2210,2097,0,0,0,1.0,1,1.0,1,1.0,1,0.4116908187516812,18
2773,0,4307,2210,2097,0,0,0,1.0,1,1.0,1,1.0,1,0.4116908187516812,18
2774,2,4309,2210,2099,0,0,0,1.0,1,1.0,1,1.0,1,0.3800005096777945,20
2775,1,4310,2211,2099,0,0,0,1.0,1,1.0,1,1.0,1,0.38053490480216573,21
2776,0,4310,2211,2099,0,0,0,1.0,1,1.0,1,1.0,1,0.38053490480216573,21
2777,0,4310,2211,2099,0,0,0,1.0,1,1.0,1,1.0,1,0.3733994155645936,22
2778,2,4312,2212,2100,0,0,0,1.0,1,1.0,1,1.0,1,0.39266821683063724,24
2779,1,4313,2213,2100,0,0,0,1.0,1,1.0,1,1.0,1,0.4377668994517516,24
2780,1,4314,2214,2100,0,0,0,1.0,1,1.0,1,1.0,1,0.3997218686230199,24
2781,0,4314,2214,2100,0,0,0,1.0,1,1.0,1,1.0,1,0.3997218686230199,24
2782,2,4316,2214,2102,0,0,0,1.0,1,1.0,1,1.0,1,0.3029618772034749,24
2783,1,4317,2215,2102,0,0,0,1.0,1,1.0,1,1.0,1,0.3246458812004352,24
2784,2,4319,2216,2103,0,0,0,1.0,1,1.0,1,1.0,1,0.35355764868724393,24
2785,0,4319,2216,2103,0,0,0,1.0,1,1.0,1,1.0,1,0.305808665801107,22
2786,1,4320,2216,2104,0,0,0,1.0,1,1.0,1,1.0,1,0.31728807767006173,22
2787,0,4320,2216,2104,0,0,0,1.0,1,1.0,1,1.0,1,0.2905543909721443,21
2788,0,4320,2216,2104,0,0,0,1.0,1,1.0,1,1.0,1,0.2675657317811457,20
2789,1,4321,2217,2104,0,0,0,1.0,1,1.0,1,1.0,1,0.33048688121690056,20
2790,0,4321,2217,2104,0,0,0,1.0,1,1.0,1,1.0,1,0.3540005635167254,21
2791,1,4322,2218,2104,0,0,0,1.0,1,1.0,1,1.0,1,0.4088370221994867,21
2792,0,4322,2218,2104,0,0,0,1.0,1,1.0,1,1.0,1,0.4088370221994867,21
2793,0,4322,2218,2104,0,0,0,1.0,1,1.0,1,1.0,1,0.4338326504967293,18
2794,0,4322,2218,2104,0,0,0,1.0,1,1.0,1,1.0,1,0.4338326504967293,18
2795,1,4323,2218,2105,0,0,0,1.0,1,1.0,1,1.0,1,0.3810962704709311,20
2796,1,4324,2219,2105,0,0,0,1.0,1,1.0,1,1.0,1,0.3587930372011851,21
2797,1,4325,2219,2106,0,0,0,1.0,1,1.0,1,1.0,1,0.28841622503272,21
2798,0,4325,2219,2106,0,0,0,1.0,1,1.0,1,1.0,1,0.28841622503272,21
2799,0,4325,2219,2106,0,0,0,1.0,1,1.0,1,1.0,1,0.2954740128244652,22
2800,0,4325,2219,2106,0,0,0,1.0,1,1.0,1,1.0,1,0.2954740128244652,22
2801,1,4326,2220,2106,0,0,0,1.0,1,1.0,1,1.0,1,0.284625044207828,22
2802,0,4326,2220,2106,0,0,0,1.0,1,1.0,1,1.0,1,0.284625044207828,22
2803,1,4327,2221,2106,0,0,0,1.0,1,1.0,1,1.0,1,0.3404499191431885,22
2804,0,4327,2221,2106,0,0,0,1.0,1,1.0,1,1.0,1,0.35828066348635934,23
2805,0,4327,2221,2106,0,0,0,1.0,1,1.0,1,1.0,1,0.35828066348635934,23
2806,0,4327,2221,2106,0,0,0,1.0,1,1.0,1,1.0,1,0.35828066348635934,23
2807,0,4327,2221,2106,0,0,0,1.0,1,1.0,1,1.0,1,0.34666069513862935,24
2808,0,4327,2221,2106,0,0,0,1.0,1,1.0,1,1.0,1,0.34666069513862935,24
2809,2,4329,2222,2107,0,0,0,1.0,1,1.0,1,1.0,1,0.37303435799168544,25
2810,0,4329,2222,2107,0,0,0,1.0,1,1.0,1,1.0,1,0.3704156352863677,24
2811,1,4330,2222,2108,0,0,0,1.0,1,1.0,1,1.0,1,0.35753973907554465,26
2812,1,4331,2223,2108,0,0,0,1.0,1,1.0,1,1.0,1,0.399810385211709,26
2813,0,4331,2223,2108,0,0,0,1.0,1,1.0,1,1.0,1,0.40141747597554656,27
2814,5,4336,2225,2111,0,0,0,1.0,1,1.0,1,1.0,1,0.36258259339967064,29
2815,1,4337,2225,2112,0,0,0,1.0,1,1.0,1,1.0,1,0.3487644132159488,29
2816,1,4338,2225,2113,0,0,0,1.0,1,1.0,1,1.0,1,0.33507196065280886,29
2817,1,4339,2226,2113,0,0,0,1.0,1,1.0,1,1.0,1,0.3518392356496659,29
2818,2,4341,2227,2114,0,0,0,1.0,1,1.0,1,1.0,1,0.3686756876286367,29
2819,0,4341,2227,2114,0,0,0,1.0,1,1.0,1,1.0,1,0.37998685075579197,30
2820,2,4343,2228,2115,0,0,0,1.0,1,1.0,1,1.0,1,0.3557429825322098,30
2821,1,4344,2228,2116,0,0,0,1.0,1,1.0,1,1.0,1,0.33447893836056125,31
2822,4,4348,2230,2118,0,0,0,1.0,1,1.0,1,1.0,1,0.3030575420215663,30
2823,2,4350,2232,2118,0,0,0,1.0,1,1.0,1,1.0,1,0.2635055553243729,27
2824,2,4352,2232,2120,0,0,0,1.0,1,1.0,1,1.0,1,0.18370457103646695,28
2825,4,4356,2236,2120,0,0,0,1.0,1,1.0,1,1.0,1,0.22334413924622895,28
2826,1,4357,2237,2120,0,0,0,1.0,1,1.0,1,1.0,1,0.2699475301932704,27
2827,2,4359,2237,2122,0,0,0,1.0,1,1.0,1,1.0,1,0.23796232214165514,28
2828,0,4359,2237,2122,0,0,0,1.0,1,1.0,1,1.0,1,0.2862317620129478,28
2829,0,4359,2237,2122,0,0,0,1.0,1,1.0,1,1.0,1,0.2696385910759946,27
2830,1,4360,2238,2122,0,0,0,1.0,1,1.0,1,1.0,1,0.2813253806150295,27
2831,0,4360,2238,2122,0,0,0,1.0,1,1.0,1,1.0,1,0.2813253806150295,27
2832,1,4361,2239,2122,0,0,0,1.0,1,1.0,1,1.0,1,0.3430306733617939,27
2833,0,4361,2239,2122,0,0,0,1.0,1,1.0,1,1.0,1,0.37867795779905006,26
2834,0,4361,2239,2122,0,0,0,1.0,1,1.0,1,1.0,1,0.32392984059579427,26
2835,1,4362,2240,2122,0,0,0,1.0,1,1.0,1,1.0,1,0.3477914239610799,25
2836,2,4364,2240,2124,0,0,0,1.0,1,1.0,1,1.0,1,0.3161111510963953,27
2837,2,4366,2241,2125,0,0,0,1.0,1,1.0,1,1.0,1,0.30284823168935926,27
2838,3,4369,2242,2127,0,0,0,1.0,1,1.0,1,1.0,1,0.19188235132447773,27
2839,0,4369,2242,2127,0,0,0,1.0,1,1.0,1,1.0,1,0.21629874466798568,29
2840,1,4370,2243,2127,0,0,0,1.0,1,1.0,1,1.0,1,0.22814411772960724,29
2841,1,4371,2243,2128,0,0,0,1.0,1,1.0,1,1.0,1,0.2174648696041594,31
2842,1,4372,2243,2129,0,0,0,1.0,1,1.0,1,1.0,1,0.18745065988227444,31
2843,0,4372,2243,2129,0,0,0,1.0,1,1.0,1,1.0,1,0.19860876617224504,32
2844,2,4374,2245,2129,0,0,0,1.0,1,1.0,1,1.0,1,0.26999712525587727,33
2845,1,4375,2245,2130,0,0,0,1.0,1,1.0,1,1.0,1,0.24474665744584653,32
2846,0,4375,2245,2130,0,0,0,1.0,1,1.0,1,1.0,1,0.2449894175314055,33
2847,2,4377,2247,2130,0,0,0,1.0,1,1.0,1,1.0,1,0.29927556032625763,32
2848,1,4378,2248,2130,0,0,0,1.0,1,1.0,1,1.0,1,0.3322670046151958,33
2849,2,4380,2248,2132,0,0,0,1.0,1,1.0,1,1.0,1,0.29146306661481547,34
2850,0,4380,2248,2132,0,0,0,1.0,1,1.0,1,1.0,1,0.29146306661481547,34
2851,0,4380,2248,2132,0,0,0,1.0,1,1.0,1,1.0,1,0.29146306661481547,34
2852,5,4385,2253,2132,0,0,0,1.0,1,1.0,1,1.0,1,0.2725741053557372,35
2853,2,4387,2254,2133,0,0,0,1.0,1,1.0,1,1.0,1,0.27600476025225745,36
2854,1,4388,2254,2134,0,0,0,1.0,1,1.0,1,1.0,1,0.2696121794849848,37
2855,2,4390,2255,2135,0,0,0,1.0,1,1.0,1,1.0,1,0.24757262094333088,38
2856,1,4391,2255,2136,0,0,0,1.0,1,1.0,1,1.0,1,0.23471376650367898,38
2857,1,4392,2256,2136,0,0,0,1.0,1,1.0,1,1.0,1,0.23154531349266888,39
2858,2,4394,2257,2137,0,0,0,1.0,1,1.0,1,1.0,1,0.23123632277523457,40
2859,5,4399,2259,2140,0,0,0,1.0,1,1.0,1,1.0,1,0.19258552731509998,40
2860,2,4401,2261,2140,0,0,0,1.0,1,1.0,1,1.0,1,0.17904815307868763,40
2861,3,4404,2263,2141,0,0,0,1.0,1,1.0,1,1.0,1,0.14302161242450037,38
2862,3,4407,2266,2141,0,0,0,1.0,1,1.0,1,1.0,1,0.23252308796979596,38
2863,7,4414,2268,2146,0,0,0,1.0,1,1.0,1,1.0,1,0.19007954622114087,38
2864,2,4416,2270,2146,0,0,0,1.0,1,1.0,1,1.0,1,0.22446084154635015,36
2865,3,4419,2273,2146,0,0,0,1.0,1,1.0,1,1.0,1,0.29249715331942194,34
2866,1,4420,2273,2147,0,0,0,1.0,1,1.0,1,1.0,1,0.2259856817808881,31
2867,1,4421,2274,2147,0,0,0,1.0,1,1.0,1,1.0,1,0.21214676400985863,30
2868,2,4423,2276,2147,0,0,0,1.0,1,1.0,1,1.0,1,0.2673898457268241,27
2869,1,4424,2277,2147,0,0,0,1.0,1,1.0,1,1.0,1,0.28723880758313414,27
2870,2,4426,2278,2148,0,0,0,1.0,1,1.0,1,1.0,1,0.26738390048843863,25
2871,1,4427,2279,2148,0,0,0,1.0,1,1.0,1,1.0,1,0.31382465543003735,25
2872,2,4429,2280,2149,0,0,0,1.0,1,1.0,1,1.0,1,0.4015996666951519,23
2873,1,4430,2280,2150,0,0,0,1.0,1,1.0,1,1.0,1,0.37791163961042384,24
2874,1,4431,2281,2150,0,0,0,1.0,1,1.0,1,1.0,1,0.4275427121996207,24
2875,1,4432,2281,2151,0,0,0,1.0,1,1.0,1,1.0,1,0.42675413109304566,23
2876,1,4433,2282,2151,0,0,0,1.0,1,1.0,1,1.0,1,0.45514512513239774,24
2877,0,4433,2282,2151,0,0,0,1.0,1,1.0,1,1.0,1,0.45514512513239774,24
2878,2,4435,2283,2152,0,0,0,1.0,1,1.0,1,1.0,1,0.3948409818525294,24
2879,4,4439,2285,2154,0,0,0,1.0,1,1.0,1,1.0,1,0.38974516671950193,25
2880,0,4439,2285,2154,0,0,0,1.0,1,1.0,1,1.0,1,0.3918602538315835,26
2881,0,4439,2285,2154,0,0,0,1.0,1,1.0,1,1.0,1,0.3918602538315835,26
2882,0,4439,2285,2154,0,0,0,1.0,1,1.0,1,1.0,1,0.37107596373051677,27
2883,0,4439,2285,2154,0,0,0,1.0,1,1.0,1,1.0,1,0.34548288398343824,28
2884,1,4440,2285,2155,0,0,0,1.0,1,1.0,1,1.0,1,0.36503229083370525,29
2885,2,4442,2285,2157,0,0,0,1.0,1,1.0,1,1.0,1,0.31635984263472905,31
2886,2,4444,2286,2158,0,0,0,1.0,1,1.0,1,1.0,1,0.3048673649286201,31
2887,0,4444,2286,2158,0,0,0,1.0,1,1.0,1,1.0,1,0.29895627328863894,33
2888,0,4444,2286,2158,0,0,0,1.0,1,1.0,1,1.0,1,0.32055792717752285,34
2889,2,4446,2287,2159,0,0,0,1.0,1,1.0,1,1.0,1,0.32666143904107126,35
2890,1,4447,2288,2159,0,0,0,1.0,1,1.0,1,1.0,1,0.3452114018252531,35
2891,0,4447,2288,2159,0,0,0,1.0,1,1.0,1,1.0,1,0.3452114018252531,35
2892,2,4449,2290,2159,0,0,0,1.0,1,1.0,1,1.0,1,0.36476452691000233,35
2893,1,4450,2290,2160,0,0,0,1.0,1,1.0,1,1.0,1,0.3465127772936862,37
2894,0,4450,2290,2160,0,0,0,1.0,1,1.0,1,1.0,1,0.3465127772936862,37
2895,1,4451,2291,2160,0,0,0,1.0,1,1.0,1,1.0,1,0.3560131943141912,37
2896,0,4451,2291,2160,0,0,0,1.0,1,1.0,1,1.0,1,0.3688308775120535,38
2897,2,4453,2292,2161,0,0,0,1.0,1,1.0,1,1.0,1,0.3703832602674316,37
2898,4,4457,2292,2165,0,0,0,1.0,1,1.0,1,1.0,1,0.33725155614946434,38
2899,0,4457,2292,2165,0,0,0,1.0,1,1.0,1,1.0,1,0.31627303019579656,37
2900,0,4457,2292,2165,0,0,0,1.0,1,1.0,1,1.0,1,0.2965201544010549,36
2901,0,4457,2292,2165,0,0,0,1.0,1,1.0,1,1.0,1,0.3046761487813057,37
2902,1,4458,2293,2165,0,0,0,1.0,1,1.0,1,1.0,1,0.35899457203000296,35
2903,0,4458,2293,2165,0,0,0,1.0,1,1.0,1,1.0,1,0.351270093872621,35
2904,1,4459,2293,2166,0,0,0,1.0,1,1.0,1,1.0,1,0.3859541732595422,33
2905,0,4459,2293,2166,0,0,0,1.0,1,1.0,1,1.0,1,0.381545365219939,34
2906,2,4461,2295,2166,0,0,0,1.0,1,1.0,1,1.0,1,0.42730981239850147,34
2907,1,4462,2295,2167,0,0,0,1.0,1,1.0,1,1.0,1,0.41197660771550393,35
2908,1,4463,2295,2168,0,0,0,1.0,1,1.0,1,1.0,1,0.3926627490691574,36
2909,1,4464,2295,2169,0,0,0,1.0,1,1.0,1,1.0,1,0.40281102874020275,38
2910,1,4465,2295,2170,0,0,0,1.0,1,1.0,1,1.0,1,0.36261268470332636,38
2911,0,4465,2295,2170,0,0,0,1.0,1,1.0,1,1.0,1,0.34837735800304553,37
2912,0,4465,2295,2170,0,0,0,1.0,1,1.0,1,1.0,1,0.34837735800304553,37
2913,0,4465,2295,2170,0,0,0,1.0,1,1.0,1,1.0,1,0.360226915113868,38
2914,1,4466,2295,2171,0,0,0,1.0,1,1.0,1,1.0,1,0.3374652409561639,38
2915,1,4467,2295,2172,0,0,0,1.0,1,1.0,1,1.0,1,0.3265136057508001,39
2916,2,4469,2296,2173,0,0,0,1.0,1,1.0,1,1.0,1,0.3177675300107909,40
2917,1,4470,2296,2174,0,0,0,1.0,1,1.0,1,1.0,1,0.3267923302621833,41
2918,1,4471,2297,2174,0,0,0,1.0,1,1.0,1,1.0,1,0.33769827118160145,41
2919,0,4471,2297,2174,0,0,0,1.0,1,1.0,1,1.0,1,0.33769827118160145,41
2920,4,4475,2297,2178,0,0,0,1.0,1,1.0,1,1.0,1,0.30470184357101304,43
2921,2,4477,2297,2180,0,0,0,1.0,1,1.0,1,1.0,1,0.2864933619173976,42
2922,2,4479,2298,2181,0,0,0,1.0,1,1.0,1,1.0,1,0.27183586569556933,43
2923,1,4480,2298,2182,0,0,0,1.0,1,1.0,1,1.0,1,0.2608772392030426,44
2924,0,4480,2298,2182,0,0,0,1.0,1,1.0,1,1.0,1,0.2508927440917222,45
2925,1,4481,2298,2183,0,0,0,1.0,1,1.0,1,1.0,1,0.2580208101227118,45
2926,3,4484,2299,2185,0,0,0,1.0,1,1.0,1,1.0,1,0.23779101454363405,47
2927,1,4485,2299,2186,0,0,0,1.0,1,1.0,1,1.0,1,0.2262603212859793,47
2928,2,4487,2300,2187,0,0,0,1.0,1,1.0,1,1.0,1,0.21275110262540592,48
2929,0,4487,2300,2187,0,0,0,1.0,1,1.0,1,1.0,1,0.21275110262540592,48
2930,0,4487,2300,2187,0,0,0,1.0,1,1.0,1,1.0,1,0.231478016793129,50
2931,0,4487,2300,2187,0,0,0,1.0,1,1.0,1,1.0,1,0.24111596853016004,51
2932,0,4487,2300,2187,0,0,0,1.0,1,1.0,1,1.0,1,0.24111596853016004,51
2933,1,4488,2301,2187,0,0,0,1.0,1,1.0,1,1.0,1,0.2711093817930585,52
2934,3,4491,2302,2189,0,0,0,1.0,1,1.0,1,1.0,1,0.2571693181686336,52
2935,1,4492,2303,2189,0,0,0,1.0,1,1.0,1,1.0,1,0.2719840046533207,51
2936,1,4493,2303,2190,0,0,0,1.0,1,1.0,1,1.0,1,0.25871909508030094,49
2937,1,4494,2303,2191,0,0,0,1.0,1,1.0,1,1.0,1,0.27063308264099684,50
2938,5,4499,2305,2194,0,0,0,1.0,1,1.0,1,1.0,1,0.2713777862635594,50
2939,2,4501,2305,2196,0,0,0,1.0,1,1.0,1,1.0,1,0.23473531544232074,51
2940,0,4501,2305,2196,0,0,0,1.0,1,1.0,1,1.0,1,0.24907577818469243,52
2941,1,4502,2306,2196,0,0,0,1.0,1,1.0,1,1.0,1,0.2595978069512595,53
2942,1,4503,2307,2196,0,0,0,1.0,1,1.0,1,1.0,1,0.2758967830150232,52
2943,0,4503,2307,2196,0,0,0,1.0,1,1.0,1,1.0,1,0.2681782771852449,51
2944,3,4506,2309,2197,0,0,0,1.0,1,1.0,1,1.0,1,0.28564793695151885,52
2945,3,4509,2310,2199,0,0,0,1.0,1,1.0,1,1.0,1,0.23348883993479572,50
2946,5,4514,2313,2201,0,0,0,1.0,1,1.0,1,1.0,1,0.2700794142445309,51
2947,4,4518,2315,2203,0,0,0,1.0,1,1.0,1,1.0,1,0.22952980833740358,50
2948,2,4520,2317,2203,0,0,0,1.0,1,1.0,1,1.0,1,0.2335096997361852,50
2949,0,4520,2317,2203,0,0,0,1.0,1,1.0,1,1.0,1,0.2207607805352748,49
2950,1,4521,2318,2203,0,0,0,1.0,1,1.0,1,1.0,1,0.28415284165588356,48
2951,2,4523,2320,2203,0,0,0,1.0,1,1.0,1,1.0,1,0.3408421623041065,48
2952,0,4523,2320,2203,0,0,0,1.0,1,1.0,1,1.0,1,0.3439666093869752,46
2953,1,4524,2320,2204,0,0,0,1.0,1,1.0,1,1.0,1,0.3339056025720436,46
2954,2,4526,2320,2206,0,0,0,1.0,1,1.0,1,1.0,1,0.33337461832276594,48
2955,2,4528,2320,2208,0,0,0,1.0,1,1.0,1,1.0,1,0.3088535079277118,48
2956,2,4530,2320,2210,0,0,0,1.0,1,1.0,1,1.0,1,0.3202555870129121,47
2957,4,4534,2320,2214,0,0,0,1.0,1,1.0,1,1.0,1,0.2588680914135591,48
2958,0,4534,2320,2214,0,0,0,1.0,1,1.0,1,1.0,1,0.26835997898861025,49
2959,3,4537,2322,2215,0,0,0,1.0,1,1.0,1,1.0,1,0.2671066739672914,49
2960,5,4542,2322,2220,0,0,0,1.0,1,1.0,1,1.0,1,0.16905580615283333,49
2961,2,4544,2323,2221,0,0,0,1.0,1,1.0,1,1.0,1,0.19186800509712243,51
2962,3,4547,2323,2224,0,0,0,1.0,1,1.0,1,1.0,1,0.1406790556615685,51
2963,0,4547,2323,2224,0,0,0,1.0,1,1.0,1,1.0,1,0.1406790556615685,51
2964,1,4548,2323,2225,0,0,0,1.0,1,1.0,1,1.0,1,0.12836304212845778,52
2965,1,4549,2323,2226,0,0,0,1.0,1,1.0,1,1.0,1,0.13832255662044582,53
2966,2,4551,2325,2226,0,0,0,1.0,1,1.0,1,1.0,1,0.1541548876460789,53
2967,2,4553,2326,2227,0,0,0,1.0,1,1.0,1,1.0,1,0.17560016172892018,53
2968,1,4554,2326,2228,0,0,0,1.0,1,1.0,1,1.0,1,0.17604126623852873,54
2969,2,4556,2327,2229,0,0,0,1.0,1,1.0,1,1.0,1,0.18266578099488162,55
2970,0,4556,2327,2229,0,0,0,1.0,1,1.0,1,1.0,1,0.18266578099488162,55
2971,0,4556,2327,2229,0,0,0,1.0,1,1.0,1,1.0,1,0.18266578099488162,55
2972,0,4556,2327,2229,0,0,0,1.0,1,1.0,1,1.0,1,0.18266578099488162,55
2973,3,4559,2328,2231,0,0,0,1.0,1,1.0,1,1.0,1,0.13378650556592686,55
2974,2,4561,2328,2233,0,0,0,1.0,1,1.0,1,1.0,1,0.1021962708485542,56
2975,0,4561,2328,2233,0,0,0,1.0,1,1.0,1,1.0,1,0.11079545638971727,55
2976,0,4561,2328,2233,0,0,0,1.0,1,1.0,1,1.0,1,0.11270395872252781,57
2977,1,4562,2329,2233,0,0,0,1.0,1,1.0,1,1.0,1,0.13703568941797087,59
2978,3,4565,2331,2234,0,0,0,1.0,1,1.0,1,1.0,1,0.15796362430334668,59
2979,3,4568,2333,2235,0,0,0,1.0,1,1.0,1,1.0,1,0.1689803492895069,59
2980,0,4568,2333,2235,0,0,0,1.0,1,1.0,1,1.0,1,0.1689803492895069,59
2981,1,4569,2333,2236,0,0,0,1.0,1,1.0,1,1.0,1,0.15309680133546874,59
2982,1,4570,2333,2237,0,0,0,1.0,1,1.0,1,1.0,1,0.1559149486223855,61
2983,3,4573,2335,2238,0,0,0,1.0,1,1.0,1,1.0,1,0.17317886620953168,61
2984,5,4578,2339,2239,0,0,0,1.0,1,1.0,1,1.0,1,0.23662387634994445,61
2985,6,4584,2344,2240,0,0,0,1.0,1,1.0,1,1.0,1,0.2451065426658103,57
2986,7,4591,2346,2245,0,0,0,1.0,1,1.0,1,1.0,1,0.20122741215155995,58
2987,7,4598,2350,2248,0,0,0,1.0,1,1.0,1,1.0,1,0.20984766093369198,56
2988,2,4600,2351,2249,0,0,0,1.0,1,1.0,1,1.0,1,0.17792246109817977,55
2989,4,4604,2354,2250,0,0,0,1.0,1,1.0,1,1.0,1,0.20063269368056583,53
2990,2,4606,2355,2251,0,0,0,1.0,1,1.0,1,1.0,1,0.19503804687431525,52
2991,0,4606,2355,2251,0,0,0,1.0,1,1.0,1,1.0,1,0.20092492206298251,54
2992,2,4608,2356,2252,0,0,0,1.0,1,1.0,1,1.0,1,0.18911796380465457,55
2993,1,4609,2357,2252,0,0,0,1.0,1,1.0,1,1.0,1,0.2329081361689912,53
2994,4,4613,2360,2253,0,0,0,1.0,1,1.0,1,1.0,1,0.2778754151795795,53
2995,4,4617,2361,2256,0,0,0,1.0,1,1.0,1,1.0,1,0.2123581919282935,51
2996,2,4619,2362,2257,0,0,0,1.0,1,1.0,1,1.0,1,0.23714901247283085,52
2997,3,4622,2363,2259,0,0,0,1.0,1,1.0,1,1.0,1,0.2298403912097175,50
2998,0,4622,2363,2259,0,0,0,1.0,1,1.0,1,1.0,1,0.2400049012796536,51
2999,0,4622,2363,2259,0,0,0,1.0,1,1.0,1,1.0,1,0.23696416952488747,48
3000,0,4622,2363,2259,0,0,0,1.0,1,1.0,1,1.0,1,0.23696416952488747,48
3001,0,4622,2363,2259,0,0,0,1.0,1,1.0,1,1.0,1,0.24316425714209217,49
3002,3,4625,2364,2261,0,0,0,1.0,1,1.0,1,1.0,1,0.2082352818104078,50
3003,0,4625,2364,2261,0,0,0,1.0,1,1.0,1,1.0,1,0.2082352818104078,50
3004,2,4627,2365,2262,0,0,0,1.0,1,1.0,1,1.0,1,0.18067096394703785,51
3005,0,4627,2365,2262,0,0,0,1.0,1,1.0,1,1.0,1,0.19992401442251728,50
3006,2,4629,2365,2264,0,0,0,1.0,1,1.0,1,1.0,1,0.19246981806477,51
3007,0,4629,2365,2264,0,0,0,1.0,1,1.0,1,1.0,1,0.22586506635876893,51
3008,1,4630,2366,2264,0,0,0,1.0,1,1.0,1,1.0,1,0.25769001025834115,53
3009,3,4633,2366,2267,0,0,0,1.0,1,1.0,1,1.0,1,0.22691112795947865,52
3010,2,4635,2366,2269,0,0,0,1.0,1,1.0,1,1.0,1,0.19596721244863463,52
3011,4,4639,2367,2272,0,0,0,1.0,1,1.0,1,1.0,1,0.12520310618204952,51
3012,1,4640,2368,2272,0,0,0,1.0,1,1.0,1,1.0,1,0.16809256950956367,54
3013,2,4642,2370,2272,0,0,0,1.0,1,1.0,1,1.0,1,0.16055420061994302,52
3014,1,4643,2371,2272,0,0,0,1.0,1,1.0,1,1.0,1,0.14969341228430258,51
3015,3,4646,2373,2273,0,0,0,1.0,1,1.0,1,1.0,1,0.14502473381882106,50
3016,6,4652,2378,2274,0,0,0,1.0,1,1.0,1,1.0,1,0.18285535748687176,50
3017,2,4654,2379,2275,0,0,0,1.0,1,1.0,1,1.0,1,0.17724241661140108,48
3018,2,4656,2380,2276,0,0,0,1.0,1,1.0,1,1.0,1,0.17823267990873673,48
3019,5,4661,2383,2278,0,0,0,1.0,1,1.0,1,1.0,1,0.15324477574650483,47
3020,3,4664,2386,2278,0,0,0,1.0,1,1.0,1,1.0,1,0.15164249969325178,47
3021,5,4669,2390,2279,0,0,0,1.0,1,1.0,1,1.0,1,0.19535091168317176,46
3022,4,4673,2393,2280,0,0,0,1.0,1,1.0,1,1.0,1,0.24732074571283952,45
3023,0,4673,2393,2280,0,0,0,1.0,1,1.0,1,1.0,1,0.20396975170259998,41
3024,0,4673,2393,2280,0,0,0,1.0,1,1.0,1,1.0,1,0.20086084972570836,43
3025,1,4674,2394,2280,0,0,0,1.0,1,1.0,1,1.0,1,0.18372223983036576,39
3026,1,4675,2395,2280,0,0,0,1.0,1,1.0,1,1.0,1,0.20235529443319414,38
3027,3,4678,2397,2281,0,0,0,1.0,1,1.0,1,1.0,1,0.2152862672764423,38
3028,2,4680,2399,2281,0,0,0,1.0,1,1.0,1,1.0,1,0.2678861803486907,38
3029,3,4683,2399,2284,0,0,0,1.0,1,1.0,1,1.0,1,0.20163577429695198,37
3030,1,4684,2399,2285,0,0,0,1.0,1,1.0,1,1.0,1,0.19138130220631747,38
3031,1,4685,2400,2285,0,0,0,1.0,1,1.0,1,1.0,1,0.2100318270603875,39
3032,1,4686,2400,2286,0,0,0,1.0,1,1.0,1,1.0,1,0.189136309408939,39
3033,1,4687,2400,2287,0,0,0,1.0,1,1.0,1,1.0,1,0.1538504218678245,39
3034,0,4687,2400,2287,0,0,0,1.0,1,1.0,1,1.0,1,0.1780934354091022,38
3035,1,4688,2401,2287,0,0,0,1.0,1,1.0,1,1.0,1,0.18348135544626276,39
3036,0,4688,2401,2287,0,0,0,1.0,1,1.0,1,1.0,1,0.17438206864437766,39
3037,2,4690,2401,2289,0,0,0,1.0,1,1.0,1,1.0,1,0.1495151534382737,39
3038,1,4691,2402,2289,0,0,0,1.0,1,1.0,1,1.0,1,0.16066525546185584,40
3039,1,4692,2403,2289,0,0,0,1.0,1,1.0,1,1.0,1,0.18576557780278094,41
3040,1,4693,2404,2289,0,0,0,1.0,1,1.0,1,1.0,1,0.1957628379077192,42
3041,1,4694,2405,2289,0,0,0,1.0,1,1.0,1,1.0,1,0.24702196933421866,43
3042,7,4701,2406,2295,0,0,0,1.0,1,1.0,1,1.0,1,0.18281527015318585,45
3043,1,4702,2407,2295,0,0,0,1.0,1,1.0,1,1.0,1,0.21591718807320476,45
3044,1,4703,2407,2296,0,0,0,1.0,1,1.0,1,1.0,1,0.20294912974205562,45
3045,3,4706,2409,2297,0,0,0,1.0,1,1.0,1,1.0,1,0.18901447981865344,45
3046,1,4707,2409,2298,0,0,0,1.0,1,1.0,1,1.0,1,0.18795456044767042,46
3047,3,4710,2411,2299,0,0,0,1.0,1,1.0,1,1.0,1,0.23308730040217274,46
3048,6,4716,2411,2305,0,0,0,1.0,1,1.0,1,1.0,1,0.13657855186376247,49
3049,2,4718,2412,2306,0,0,0,1.0,1,1.0,1,1.0,1,0.1272419608526535,50
3050,0,4718,2412,2306,0,0,0,1.0,1,1.0,1,1.0,1,0.1272419608526535,50
3051,1,4719,2413,2306,0,0,0,1.0,1,1.0,1,1.0,1,0.19033174140896425,50
3052,2,4721,2414,2307,0,0,0,1.0,1,1.0,1,1.0,1,0.21886186517849746,50
3053,1,4722,2415,2307,0,0,0,1.0,1,1.0,1,1.0,1,0.20523168503485,49
3054,0,4722,2415,2307,0,0,0,1.0,1,1.0,1,1.0,1,0.21778976261061864,47
3055,2,4724,2416,2308,0,0,0,1.0,1,1.0,1,1.0,1,0.23610393966101106,48
3056,1,4725,2416,2309,0,0,0,1.0,1,1.0,1,1.0,1,0.23377119066578816,47
3057,1,4726,2417,2309,0,0,0,1.0,1,1.0,1,1.0,1,0.2669159125989481,48
3058,4,4730,2421,2309,0,0,0,1.0,1,1.0,1,1.0,1,0.29227019380972885,46
3059,2,4732,2421,2311,0,0,0,1.0,1,1.0,1,1.0,1,0.2663349268371878,44
3060,1,4733,2422,2311,0,0,0,1.0,1,1.0,1,1.0,1,0.2920909181453042,44
3061,2,4735,2423,2312,0,0,0,1.0,1,1.0,1,1.0,1,0.30881097341706804,42
3062,3,4738,2425,2313,0,0,0,1.0,1,1.0,1,1.0,1,0.32290690568356184,42
3063,6,4744,2427,2317,0,0,0,1.0,1,1.0,1,1.0,1,0.28131969583592986,41
3064,2,4746,2428,2318,0,0,0,1.0,1,1.0,1,1.0,1,0.2956317082680212,42
3065,2,4748,2429,2319,0,0,0,1.0,1,1.0,1,1.0,1,0.2630762851736475,40
3066,4,4752,2431,2321,0,0,0,1.0,1,1.0,1,1.0,1,0.23608527296258608,42
3067,3,4755,2433,2322,0,0,0,1.0,1,1.0,1,1.0,1,0.17148734946585073,40
3068,3,4758,2436,2322,0,0,0,1.0,1,1.0,1,1.0,1,0.17658629126195707,39
3069,1,4759,2437,2322,0,0,0,1.0,1,1.0,1,1.0,1,0.19326431064112423,38
3070,2,4761,2437,2324,0,0,0,1.0,1,1.0,1,1.0,1,0.17310201103022246,39
3071,0,4761,2437,2324,0,0,0,1.0,1,1.0,1,1.0,1,0.1643815143419777,39
3072,0,4761,2437,2324,0,0,0,1.0,1,1.0,1,1.0,1,0.18856117209193302,40
3073,1,4762,2438,2324,0,0,0,1.0,1,1.0,1,1.0,1,0.23399620347179237,38
3074,0,4762,2438,2324,0,0,0,1.0,1,1.0,1,1.0,1,0.21586129036320273,38
3075,2,4764,2438,2326,0,0,0,1.0,1,1.0,1,1.0,1,0.18983228925152054,41
3076,0,4764,2438,2326,0,0,0,1.0,1,1.0,1,1.0,1,0.17473116960221788,42
3077,2,4766,2440,2326,0,0,0,1.0,1,1.0,1,1.0,1,0.2355157317418918,42
3078,0,4766,2440,2326,0,0,0,1.0,1,1.0,1,1.0,1,0.2355157317418918,42
3079,0,4766,2440,2326,0,0,0,1.0,1,1.0,1,1.0,1,0.2355157317418918,42
3080,1,4767,2440,2327,0,0,0,1.0,1,1.0,1,1.0,1,0.2191354921520624,43
3081,0,4767,2440,2327,0,0,0,1.0,1,1.0,1,1.0,1,0.22291071783241834,44
3082,0,4767,2440,2327,0,0,0,1.0,1,1.0,1,1.0,1,0.23867751209117377,45
3083,0,4767,2440,2327,0,0,0,1.0,1,1.0,1,1.0,1,0.23867751209117377,45
3084,1,4768,2441,2327,0,0,0,1.0,1,1.0,1,1.0,1,0.222968711609914,45
3085,2,4770,2441,2329,0,0,0,1.0,1,1.0,1,1.0,1,0.22250920885045936,46
3086,1,4771,2441,2330,0,0,0,1.0,1,1.0,1,1.0,1,0.21018982127217642,46
3087,2,4773,2442,2331,0,0,0,1.0,1,1.0,1,1.0,1,0.2086492811983957,47
3088,2,4775,2444,2331,0,0,0,1.0,1,1.0,1,1.0,1,0.2738011300462929,48
3089,2,4777,2445,2332,0,0,0,1.0,1,1.0,1,1.0,1,0.23786341019148077,46
3090,1,4778,2445,2333,0,0,0,1.0,1,1.0,1,1.0,1,0.25922652938245433,46
3091,0,4778,2445,2333,0,0,0,1.0,1,1.0,1,1.0,1,0.2873559470461661,46
3092,2,4780,2446,2334,0,0,0,1.0,1,1.0,1,1.0,1,0.27564210898199354,47
3093,2,4782,2446,2336,0,0,0,1.0,1,1.0,1,1.0,1,0.23757761141142578,47
3094,2,4784,2446,2338,0,0,0,1.0,1,1.0,1,1.0,1,0.21536917603300645,45
3095,2,4786,2447,2339,0,0,0,1.0,1,1.0,1,1.0,1,0.18179409909001984,46
3096,0,4786,2447,2339,0,0,0,1.0,1,1.0,1,1.0,1,0.18547221884752566,46
3097,2,4788,2449,2339,0,0,0,1.0,1,1.0,1,1.0,1,0.21707723750898847,47
3098,2,4790,2449,2341,0,0,0,1.0,1,1.0,1,1.0,1,0.16846926763147532,47
3099,0,4790,2449,2341,0,0,0,1.0,1,1.0,1,1.0,1,0.16846926763147532,47
3100,0,4790,2449,2341,0,0,0,1.0,1,1.0,1,1.0,1,0.16846926763147532,47
3101,0,4790,2449,2341,0,0,0,1.0,1,1.0,1,1.0,1,0.1802653875396256,48
3102,2,4792,2451,2341,0,0,0,1.0,1,1.0,1,1.0,1,0.17011007684523682,48
3103,2,4794,2452,2342,0,0,0,1.0,1,1.0,1,1.0,1,0.19039245009293249,49
3104,2,4796,2454,2342,0,0,0,1.0,1,1.0,1,1.0,1,0.23106854789820194,48
3105,6,4802,2455,2347,0,0,0,1.0,1,1.0,1,1.0,1,0.1417799821096765,45
3106,2,4804,2457,2347,0,0,0,1.0,1,1.0,1,1.0,1,0.2055898893814437,46
3107,1,4805,2457,2348,0,0,0,1.0,1,1.0,1,1.0,1,0.17746906554108163,44
3108,0,4805,2457,2348,0,0,0,1.0,1,1.0,1,1.0,1,0.1747126222707248,45
3109,1,4806,2457,2349,0,0,0,1.0,1,1.0,1,1.0,1,0.15827961808472857,44
3110,4,4810,2459,2351,0,0,0,1.0,1,1.0,1,1.0,1,0.18676825499897518,46
3111,2,4812,2461,2351,0,0,0,1.0,1,1.0,1,1.0,1,0.183215701874125,46
3112,3,4815,2461,2354,0,0,0,1.0,1,1.0,1,1.0,1,0.14300416517053594,47
3113,0,4815,2461,2354,0,0,0,1.0,1,1.0,1,1.0,1,0.12627260820614258,48
3114,0,4815,2461,2354,0,0,0,1.0,1,1.0,1,1.0,1,0.14399018997207624,48
3115,0,4815,2461,2354,0,0,0,1.0,1,1.0,1,1.0,1,0.1642502924312978,49
3116,0,4815,2461,2354,0,0,0,1.0,1,1.0,1,1.0,1,0.1909997391807846,48
3117,3,4818,2462,2356,0,0,0,1.0,1,1.0,1,1.0,1,0.20380454776045037,49
3118,2,4820,2462,2358,0,0,0,1.0,1,1.0,1,1.0,1,0.18879099740207636,50
3119,0,4820,2462,2358,0,0,0,1.0,1,1.0,1,1.0,1,0.18879099740207636,50
3120,0,4820,2462,2358,0,0,0,1.0,1,1.0,1,1.0,1,0.21271799823472076,50
3121,2,4822,2464,2358,0,0,0,1.0,1,1.0,1,1.0,1,0.2052645264783741,50
3122,0,4822,2464,2358,0,0,0,1.0,1,1.0,1,1.0,1,0.2052645264783741,50
3123,2,4824,2466,2358,0,0,0,1.0,1,1.0,1,1.0,1,0.2159302609345591,51
3124,1,4825,2467,2358,0,0,0,1.0,1,1.0,1,1.0,1,0.24751150714423295,51
3125,2,4827,2468,2359,0,0,0,1.0,1,1.0,1,1.0,1,0.26134538909592575,51
3126,5,4832,2469,2363,0,0,0,1.0,1,1.0,1,1.0,1,0.2096048537833896,54
3127,2,4834,2470,2364,0,0,0,1.0,1,1.0,1,1.0,1,0.21687482704296096,53
3128,1,4835,2471,2364,0,0,0,1.0,1,1.0,1,1.0,1,0.2131685710906193,52
3129,1,4836,2472,2364,0,0,0,1.0,1,1.0,1,1.0,1,0.2072645516799538,51
3130,0,4836,2472,2364,0,0,0,1.0,1,1.0,1,1.0,1,0.21104473326080386,50
3131,1,4837,2473,2364,0,0,0,1.0,1,1.0,1,1.0,1,0.21427917837122412,50
3132,1,4838,2473,2365,0,0,0,1.0,1,1.0,1,1.0,1,0.18585935763599606,49
3133,1,4839,2473,2366,0,0,0,1.0,1,1.0,1,1.0,1,0.16229522219603043,49
3134,0,4839,2473,2366,0,0,0,1.0,1,1.0,1,1.0,1,0.16239586258579916,46
3135,3,4842,2475,2367,0,0,0,1.0,1,1.0,1,1.0,1,0.21912866972609846,47
3136,1,4843,2475,2368,0,0,0,1.0,1,1.0,1,1.0,1,0.1823773702695995,46
3137,0,4843,2475,2368,0,0,0,1.0,1,1.0,1,1.0,1,0.19880741284020514,49
3138,0,4843,2475,2368,0,0,0,1.0,1,1.0,1,1.0,1,0.19880741284020514,49
3139,3,4846,2478,2368,0,0,0,1.0,1,1.0,1,1.0,1,0.24742717183749302,50
3140,5,4851,2480,2371,0,0,0,1.0,1,1.0,1,1.0,1,0.20952434888137883,51
3141,2,4853,2481,2372,0,0,0,1.0,1,1.0,1,1.0,1,0.2118730039225529,50
3142,2,4855,2481,2374,0,0,0,1.0,1,1.0,1,1.0,1,0.18221791899765263,50
3143,1,4856,2482,2374,0,0,0,1.0,1,1.0,1,1.0,1,0.2142275714419964,49
3144,0,4856,2482,2374,0,0,0,1.0,1,1.0,1,1.0,1,0.2142275714419964,49
3145,0,4856,2482,2374,0,0,0,1.0,1,1.0,1,1.0,1,0.2308887906874911,48
3146,3,4859,2483,2376,0,0,0,1.0,1,1.0,1,1.0,1,0.2204919964548538,49
3147,0,4859,2483,2376,0,0,0,1.0,1,1.0,1,1.0,1,0.25131276671490155,48
3148,5,4864,2486,2378,0,0,0,1.0,1,1.0,1,1.0,1,0.20535786698802588,48
3149,4,4868,2487,2381,0,0,0,1.0,1,1.0,1,1.0,1,0.18104202904772207,47
3150,0,4868,2487,2381,0,0,0,1.0,1,1.0,1,1.0,1,0.18104202904772207,47
3151,2,4870,2488,2382,0,0,0,1.0,1,1.0,1,1.0,1,0.2066910452489577,48
3152,1,4871,2488,2383,0,0,0,1.0,1,1.0,1,1.0,1,0.18041073353671283,47
3153,2,4873,2489,2384,0,0,0,1.0,1,1.0,1,1.0,1,0.1856757176018238,47
3154,2,4875,2490,2385,0,0,0,1.0,1,1.0,1,1.0,1,0.19127743885059567,48
3155,0,4875,2490,2385,0,0,0,1.0,1,1.0,1,1.0,1,0.1903025526787128,48
3156,1,4876,2491,2385,0,0,0,1.0,1,1.0,1,1.0,1,0.20929115562686174,48
3157,1,4877,2491,2386,0,0,0,1.0,1,1.0,1,1.0,1,0.2215033470185818,48
3158,0,4877,2491,2386,0,0,0,1.0,1,1.0,1,1.0,1,0.2215033470185818,48
3159,3,4880,2491,2389,0,0,0,1.0,1,1.0,1,1.0,1,0.1656524818148761,49
3160,4,4884,2492,2392,0,0,0,1.0,1,1.0,1,1.0,1,0.17299373439717025,51
3161,0,4884,2492,2392,0,0,0,1.0,1,1.0,1,1.0,1,0.15936414985062763,52
3162,1,4885,2493,2392,0,0,0,1.0,1,1.0,1,1.0,1,0.165223644970674,51
3163,0,4885,2493,2392,0,0,0,1.0,1,1.0,1,1.0,1,0.165223644970674,51
3164,3,4888,2494,2394,0,0,0,1.0,1,1.0,1,1.0,1,0.16891041292436712,52
3165,2,4890,2496,2394,0,0,0,1.0,1,1.0,1,1.0,1,0.21118978390896437,50
3166,2,4892,2497,2395,0,0,0,1.0,1,1.0,1,1.0,1,0.20856087357516856,50
3167,3,4895,2499,2396,0,0,0,1.0,1,1.0,1,1.0,1,0.1671800515102967,49
3168,1,4896,2500,2396,0,0,0,1.0,1,1.0,1,1.0,1,0.17894013417589422,47
3169,1,4897,2501,2396,0,0,0,1.0,1,1.0,1,1.0,1,0.20349820542128952,48
3170,2,4899,2502,2397,0,0,0,1.0,1,1.0,1,1.0,1,0.22034225096877935,47
3171,2,4901,2503,2398,0,0,0,1.0,1,1.0,1,1.0,1,0.24902837877745643,47
3172,2,4903,2504,2399,0,0,0,1.0,1,1.0,1,1.0,1,0.27037588594076944,46
3173,1,4904,2504,2400,0,0,0,1.0,1,1.0,1,1.0,1,0.240843289399948,45
3174,3,4907,2505,2402,0,0,0,1.0,1,1.0,1,1.0,1,0.22519499957063557,43
3175,3,4910,2506,2404,0,0,0,1.0,1,1.0,1,1.0,1,0.21058374560381166,43
3176,3,4913,2506,2407,0,0,0,1.0,1,1.0,1,1.0,1,0.14642622532031388,44
3177,2,4915,2507,2408,0,0,0,1.0,1,1.0,1,1.0,1,0.11219624192070057,44
3178,1,4916,2508,2408,0,0,0,1.0,1,1.0,1,1.0,1,0.12836868418473585,47
3179,3,4919,2509,2410,0,0,0,1.0,1,1.0,1,1.0,1,0.0989943766011031,48
3180,0,4919,2509,2410,0,0,0,1.0,1,1.0,1,1.0,1,0.0989943766011031,48
3181,0,4919,2509,2410,0,0,0,1.0,1,1.0,1,1.0,1,0.0989943766011031,48
3182,1,4920,2510,2410,0,0,0,1.0,1,1.0,1,1.0,1,0.1302331988281975,51
3183,2,4922,2511,2411,0,0,0,1.0,1,1.0,1,1.0,1,0.11148534183866671,50
3184,1,4923,2512,2411,0,0,0,1.0,1,1.0,1,1.0,1,0.15350022986492712,50
3185,1,4924,2512,2412,0,0,0,1.0,1,1.0,1,1.0,1,0.10516699308764056,48
3186,2,4926,2514,2412,0,0,0,1.0,1,1.0,1,1.0,1,0.12961452478609642,48
3187,1,4927,2514,2413,0,0,0,1.0,1,1.0,1,1.0,1,0.11128104504915694,48
3188,1,4928,2515,2413,0,0,0,1.0,1,1.0,1,1.0,1,0.14511208855785013,48
3189,2,4930,2515,2415,0,0,0,1.0,1,1.0,1,1.0,1,0.13063499645022425,49
3190,1,4931,2516,2415,0,0,0,1.0,1,1.0,1,1.0,1,0.13463750986966425,51
3191,0,4931,2516,2415,0,0,0,1.0,1,1.0,1,1.0,1,0.12993530808698558,52
3192,1,4932,2517,2415,0,0,0,1.0,1,1.0,1,1.0,1,0.1402489998866268,52
3193,0,4932,2517,2415,0,0,0,1.0,1,1.0,1,1.0,1,0.1402489998866268,52
3194,2,4934,2519,2415,0,0,0,1.0,1,1.0,1,1.0,1,0.17945939146459777,54
3195,0,4934,2519,2415,0,0,0,1.0,1,1.0,1,1.0,1,0.17945939146459777,54
3196,1,4935,2520,2415,0,0,0,1.0,1,1.0,1,1.0,1,0.22198980671538313,54
3197,5,4940,2521,2419,0,0,0,1.0,1,1.0,1,1.0,1,0.1549901970141358,54
3198,2,4942,2522,2420,0,0,0,1.0,1,1.0,1,1.0,1,0.1765951731233583,54
3199,3,4945,2522,2423,0,0,0,1.0,1,1.0,1,1.0,1,0.14905845544870328,56
3200,0,4945,2522,2423,0,0,0,1.0,1,1.0,1,1.0,1,0.14864608065134316,56
3201,0,4945,2522,2423,0,0,0,1.0,1,1.0,1,1.0,1,0.14864608065134316,56
3202,0,4945,2522,2423,0,0,0,1.0,1,1.0,1,1.0,1,0.15700974591054134,57
3203,1,4946,2523,2423,0,0,0,1.0,1,1.0,1,1.0,1,0.15710870228599827,56
3204,3,4949,2526,2423,0,0,0,1.0,1,1.0,1,1.0,1,0.2536326635912061,55
3205,0,4949,2526,2423,0,0,0,1.0,1,1.0,1,1.0,1,0.2614747806630045,54
3206,4,4953,2528,2425,0,0,0,1.0,1,1.0,1,1.0,1,0.2820116402815975,56
3207,2,4955,2528,2427,0,0,0,1.0,1,1.0,1,1.0,1,0.24742419419012365,54
3208,0,4955,2528,2427,0,0,0,1.0,1,1.0,1,1.0,1,0.24470744595938562,53
3209,0,4955,2528,2427,0,0,0,1.0,1,1.0,1,1.0,1,0.24864850051642,54
3210,3,4958,2530,2428,0,0,0,1.0,1,1.0,1,1.0,1,0.2581455053779647,53
3211,3,4961,2531,2430,0,0,0,1.0,1,1.0,1,1.0,1,0.24617159013486306,53
3212,0,4961,2531,2430,0,0,0,1.0,1,1.0,1,1.0,1,0.24965072677171551,54
3213,0,4961,2531,2430,0,0,0,1.0,1,1.0,1,1.0,1,0.2411658431172559,54
3214,1,4962,2531,2431,0,0,0,1.0,1,1.0,1,1.0,1,0.26082837722035945,55
3215,0,4962,2531,2431,0,0,0,1.0,1,1.0,1,1.0,1,0.26082837722035945,55
3216,2,4964,2532,2432,0,0,0,1.0,1,1.0,1,1.0,1,0.26009236270819985,55
3217,3,4967,2535,2432,0,0,0,1.0,1,1.0,1,1.0,1,0.3026773885711161,54
3218,2,4969,2536,2433,0,0,0,1.0,1,1.0,1,1.0,1,0.2689858346062295,54
3219,1,4970,2537,2433,0,0,0,1.0,1,1.0,1,1.0,1,0.28817526116459785,55
3220,0,4970,2537,2433,0,0,0,1.0,1,1.0,1,1.0,1,0.269282580539887,56
3221,1,4971,2538,2433,0,0,0,1.0,1,1.0,1,1.0,1,0.30033331315495637,57
3222,3,4974,2539,2435,0,0,0,1.0,1,1.0,1,1.0,1,0.2908881290972993,57
3223,4,4978,2541,2437,0,0,0,1.0,1,1.0,1,1.0,1,0.2958887480437329,56
3224,6,4984,2547,2437,0,0,0,1.0,1,1.0,1,1.0,1,0.30267876625457085,58
3225,1,4985,2547,2438,0,0,0,1.0,1,1.0,1,1.0,1,0.27205699662192523,55
3226,2,4987,2549,2438,0,0,0,1.0,1,1.0,1,1.0,1,0.3085833941424059,54
3227,0,4987,2549,2438,0,0,0,1.0,1,1.0,1,1.0,1,0.2749876408186381,53
3228,3,4990,2552,2438,0,0,0,1.0,1,1.0,1,1.0,1,0.319153036746476,52
3229,10,5000,2556,2444,0,0,0,1.0,1,1.0,1,1.0,1,0.2967844849294863,52
3230,1,5001,2556,2445,0,0,0,1.0,1,1.0,1,1.0,1,0.26706654586573175,50
3231,3,5004,2558,2446,0,0,0,1.0,1,1.0,1,1.0,1,0.2662063779113539,50
3232,3,5007,2561,2446,0,0,0,1.0,1,1.0,1,1.0,1,0.26966006731952546,50
3233,1,5008,2561,2447,0,0,0,1.0,1,1.0,1,1.0,1,0.26490730227198783,50
3234,2,5010,2563,2447,0,0,0,1.0,1,1.0,1,1.0,1,0.2687666908486864,49
3235,0,5010,2563,2447,0,0,0,1.0,1,1.0,1,1.0,1,0.26225723696086045,49
3236,1,5011,2563,2448,0,0,0,1.0,1,1.0,1,1.0,1,0.2618987503019726,51
3237,2,5013,2565,2448,0,0,0,1.0,1,1.0,1,1.0,1,0.30937358840539947,53
3238,1,5014,2565,2449,0,0,0,1.0,1,1.0,1,1.0,1,0.2996941119827225,53
3239,0,5014,2565,2449,0,0,0,1.0,1,1.0,1,1.0,1,0.2996941119827225,53
3240,2,5016,2566,2450,0,0,0,1.0,1,1.0,1,1.0,1,0.3016949002261796,53
3241,2,5018,2566,2452,0,0,0,1.0,1,1.0,1,1.0,1,0.2650414441568465,53
3242,0,5018,2566,2452,0,0,0,1.0,1,1.0,1,1.0,1,0.2650414441568465,53
3243,0,5018,2566,2452,0,0,0,1.0,1,1.0,1,1.0,1,0.2705700132184562,56
3244,0,5018,2566,2452,0,0,0,1.0,1,1.0,1,1.0,1,0.28033284794879393,57
3245,2,5020,2566,2454,0,0,0,1.0,1,1.0,1,1.0,1,0.2696792041167209,59
3246,0,5020,2566,2454,0,0,0,1.0,1,1.0,1,1.0,1,0.2696792041167209,59
3247,1,5021,2566,2455,0,0,0,1.0,1,1.0,1,1.0,1,0.2548713596275416,59
3248,3,5024,2567,2457,0,0,0,1.0,1,1.0,1,1.0,1,0.2353732496682387,59
3249,1,5025,2567,2458,0,0,0,1.0,1,1.0,1,1.0,1,0.24971453095910018,58
3250,1,5026,2568,2458,0,0,0,1.0,1,1.0,1,1.0,1,0.24668416167343635,58
3251,3,5029,2570,2459,0,0,0,1.0,1,1.0,1,1.0,1,0.2909524642742521,57
3252,1,5030,2571,2459,0,0,0,1.0,1,1.0,1,1.0,1,0.2918472252047766,57
3253,0,5030,2571,2459,0,0,0,1.0,1,1.0,1,1.0,1,0.3063817407889862,56
3254,1,5031,2571,2460,0,0,0,1.0,1,1.0,1,1.0,1,0.2895846338653121,57
3255,3,5034,2571,2463,0,0,0,1.0,1,1.0,1,1.0,1,0.2416789664155521,57
3256,1,5035,2572,2463,0,0,0,1.0,1,1.0,1,1.0,1,0.25063933293342006,57
3257,1,5036,2572,2464,0,0,0,1.0,1,1.0,1,1.0,1,0.24068194530270806,57
3258,4,5040,2572,2468,0,0,0,1.0,1,1.0,1,1.0,1,0.2229281963983719,58
3259,2,5042,2572,2470,0,0,0,1.0,1,1.0,1,1.0,1,0.20429832629206995,59
3260,1,5043,2573,2470,0,0,0,1.0,1,1.0,1,1.0,1,0.23053628107212112,60
3261,7,5050,2576,2474,0,0,0,1.0,1,1.0,1,1.0,1,0.17966548456668321,60
3262,1,5051,2577,2474,0,0,0,1.0,1,1.0,1,1.0,1,0.20125438260893966,61
3263,5,5056,2580,2476,0,0,0,1.0,1,1.0,1,1.0,1,0.15744997040349865,62
3264,2,5058,2582,2476,0,0,0,1.0,1,1.0,1,1.0,1,0.1587864435654788,60
3265,4,5062,2585,2477,0,0,0,1.0,1,1.0,1,1.0,1,0.13561194398793527,58
3266,8,5070,2591,2479,0,0,0,1.0,1,1.0,1,1.0,1,0.18901806482469816,59
3267,2,5072,2592,2480,0,0,0,1.0,1,1.0,1,1.0,1,0.17751045634067858,60
3268,4,5076,2596,2480,0,0,0,1.0,1,1.0,1,1.0,1,0.20297622307073446,58
3269,3,5079,2596,2483,0,0,0,1.0,1,1.0,1,1.0,1,0.15461785480567172,57
3270,3,5082,2598,2484,0,0,0,1.0,1,1.0,1,1.0,1,0.15103148000851582,56
3271,2,5084,2600,2484,0,0,0,1.0,1,1.0,1,1.0,1,0.15788850906587007,55
3272,1,5085,2601,2484,0,0,0,1.0,1,1.0,1,1.0,1,0.17229737045160107,55
3273,6,5091,2602,2489,0,0,0,1.0,1,1.0,1,1.0,1,0.1394238918049276,55
3274,0,5091,2602,2489,0,0,0,1.0,1,1.0,1,1.0,1,0.1044665349506225,55
3275,0,5091,2602,2489,0,0,0,1.0,1,1.0,1,1.0,1,0.1044665349506225,55
3276,1,5092,2603,2489,0,0,0,1.0,1,1.0,1,1.0,1,0.11588042302878933,55
3277,1,5093,2603,2490,0,0,0,1.0,1,1.0,1,1.0,1,0.11448854003266931,57
3278,1,5094,2603,2491,0,0,0,1.0,1,1.0,1,1.0,1,0.09530063477137114,56
3279,2,5096,2604,2492,0,0,0,1.0,1,1.0,1,1.0,1,0.058959454127978456,54
3280,0,5096,2604,2492,0,0,0,1.0,1,1.0,1,1.0,1,0.09398584355627383,53
3281,1,5097,2605,2492,0,0,0,1.0,1,1.0,1,1.0,1,0.13693694696011596,52
3282,1,5098,2606,2492,0,0,0,1.0,1,1.0,1,1.0,1,0.1795307109183146,50
3283,0,5098,2606,2492,0,0,0,1.0,1,1.0,1,1.0,1,0.17865986141568493,50
3284,3,5101,2608,2493,0,0,0,1.0,1,1.0,1,1.0,1,0.2047474132240731,47
3285,1,5102,2609,2493,0,0,0,1.0,1,1.0,1,1.0,1,0.19917148440524646,48
3286,3,5105,2610,2495,0,0,0,1.0,1,1.0,1,1.0,1,0.17233718142623977,46
3287,3,5108,2612,2496,0,0,0,1.0,1,1.0,1,1.0,1,0.2281830163497489,46
3288,7,5115,2615,2500,0,0,0,1.0,1,1.0,1,1.0,1,0.14365474075033735,46
3289,3,5118,2618,2500,0,0,0,1.0,1,1.0,1,1.0,1,0.20050642766494872,48
3290,2,5120,2620,2500,0,0,0,1.0,1,1.0,1,1.0,1,0.18622947970033923,48
3291,3,5123,2622,2501,0,0,0,1.0,1,1.0,1,1.0,1,0.19455051699001435,50
3292,3,5126,2623,2503,0,0,0,1.0,1,1.0,1,1.0,1,0.16690381665430964,50
3293,0,5126,2623,2503,0,0,0,1.0,1,1.0,1,1.0,1,0.16338209831661366,51
3294,1,5127,2624,2503,0,0,0,1.0,1,1.0,1,1.0,1,0.16697891992873048,50
3295,3,5130,2625,2505,0,0,0,1.0,1,1.0,1,1.0,1,0.1382318988149315,50
3296,0,5130,2625,2505,0,0,0,1.0,1,1.0,1,1.0,1,0.1382318988149315,50
3297,1,5131,2626,2505,0,0,0,1.0,1,1.0,1,1.0,1,0.13299460280762973,51
3298,0,5131,2626,2505,0,0,0,1.0,1,1.0,1,1.0,1,0.1349122575509501,52
3299,1,5132,2627,2505,0,0,0,1.0,1,1.0,1,1.0,1,0.14309715824961478,53
3300,0,5132,2627,2505,0,0,0,1.0,1,1.0,1,1.0,1,0.14309715824961478,53
3301,3,5135,2629,2506,0,0,0,1.0,1,1.0,1,1.0,1,0.17804946596937984,53
3302,5,5140,2632,2508,0,0,0,1.0,1,1.0,1,1.0,1,0.1228519613528942,53
3303,1,5141,2633,2508,0,0,0,1.0,1,1.0,1,1.0,1,0.12647455316273915,52
3304,5,5146,2636,2510,0,0,0,1.0,1,1.0,1,1.0,1,0.14186866047648525,52
3305,1,5147,2637,2510,0,0,0,1.0,1,1.0,1,1.0,1,0.17906516121831104,51
3306,4,5151,2639,2512,0,0,0,1.0,1,1.0,1,1.0,1,0.19243943102099065,51
3307,0,5151,2639,2512,0,0,0,1.0,1,1.0,1,1.0,1,0.16702969901247375,48
3308,0,5151,2639,2512,0,0,0,1.0,1,1.0,1,1.0,1,0.16702969901247375,48
3309,2,5153,2640,2513,0,0,0,1.0,1,1.0,1,1.0,1,0.16601287284888958,48
3310,0,5153,2640,2513,0,0,0,1.0,1,1.0,1,1.0,1,0.21491719334816747,47
3311,2,5155,2641,2514,0,0,0,1.0,1,1.0,1,1.0,1,0.22150855158569094,49
3312,2,5157,2642,2515,0,0,0,1.0,1,1.0,1,1.0,1,0.22759867565332384,48
3313,4,5161,2645,2516,0,0,0,1.0,1,1.0,1,1.0,1,0.25406949129462436,49
3314,3,5164,2647,2517,0,0,0,1.0,1,1.0,1,1.0,1,0.26226493375611165,47
3315,2,5166,2648,2518,0,0,0,1.0,1,1.0,1,1.0,1,0.2675902180472656,47
3316,4,5170,2649,2521,0,0,0,1.0,1,1.0,1,1.0,1,0.25296710047508786,47
3317,2,5172,2649,2523,0,0,0,1.0,1,1.0,1,1.0,1,0.19365712878717467,46
3318,1,5173,2650,2523,0,0,0,1.0,1,1.0,1,1.0,1,0.21771702150039662,45
3319,1,5174,2650,2524,0,0,0,1.0,1,1.0,1,1.0,1,0.20182033535736837,44
3320,1,5175,2651,2524,0,0,0,1.0,1,1.0,1,1.0,1,0.20376919872512364,43
3321,6,5181,2655,2526,0,0,0,1.0,1,1.0,1,1.0,1,0.2347075880500998,43
3322,2,5183,2655,2528,0,0,0,1.0,1,1.0,1,1.0,1,0.1988436013831762,40
3323,0,5183,2655,2528,0,0,0,1.0,1,1.0,1,1.0,1,0.19201375071418783,40
3324,3,5186,2658,2528,0,0,0,1.0,1,1.0,1,1.0,1,0.20832602752827434,40
3325,4,5190,2660,2530,0,0,0,1.0,1,1.0,1,1.0,1,0.18780664678136227,40
3326,1,5191,2661,2530,0,0,0,1.0,1,1.0,1,1.0,1,0.14029777364595006,41
3327,2,5193,2661,2532,0,0,0,1.0,1,1.0,1,1.0,1,0.1118066949728021,39
3328,2,5195,2663,2532,0,0,0,1.0,1,1.0,1,1.0,1,0.17841662192521537,41
3329,3,5198,2664,2534,0,0,0,1.0,1,1.0,1,1.0,1,0.15433325850772578,39
3330,3,5201,2667,2534,0,0,0,1.0,1,1.0,1,1.0,1,0.23033925623994955,40
3331,1,5202,2667,2535,0,0,0,1.0,1,1.0,1,1.0,1,0.21969858843852902,38
3332,0,5202,2667,2535,0,0,0,1.0,1,1.0,1,1.0,1,0.2473047442315267,38
3333,1,5203,2668,2535,0,0,0,1.0,1,1.0,1,1.0,1,0.23143323823240933,38
3334,1,5204,2668,2536,0,0,0,1.0,1,1.0,1,1.0,1,0.246829841074397,40
3335,1,5205,2668,2537,0,0,0,1.0,1,1.0,1,1.0,1,0.24164834978222227,40
3336,0,5205,2668,2537,0,0,0,1.0,1,1.0,1,1.0,1,0.25688376510189864,39
3337,0,5205,2668,2537,0,0,0,1.0,1,1.0,1,1.0,1,0.2382837016483518,40
3338,4,5209,2671,2538,0,0,0,1.0,1,1.0,1,1.0,1,0.22880011450347526,41
3339,1,5210,2672,2538,0,0,0,1.0,1,1.0,1,1.0,1,0.23799869614720048,42
3340,5,5215,2674,2541,0,0,0,1.0,1,1.0,1,1.0,1,0.22432509282501448,43
3341,2,5217,2674,2543,0,0,0,1.0,1,1.0,1,1.0,1,0.16806452176494313,43
3342,1,5218,2675,2543,0,0,0,1.0,1,1.0,1,1.0,1,0.2133730086831312,44
3343,2,5220,2677,2543,0,0,0,1.0,1,1.0,1,1.0,1,0.2479156404161228,44
3344,2,5222,2678,2544,0,0,0,1.0,1,1.0,1,1.0,1,0.2847565777738186,44
3345,1,5223,2678,2545,0,0,0,1.0,1,1.0,1,1.0,1,0.26385519366280796,43
3346,0,5223,2678,2545,0,0,0,1.0,1,1.0,1,1.0,1,0.2790272105022857,42
3347,0,5223,2678,2545,0,0,0,1.0,1,1.0,1,1.0,1,0.27495832697701805,44
3348,1,5224,2678,2546,0,0,0,1.0,1,1.0,1,1.0,1,0.258331724454327,45
3349,0,5224,2678,2546,0,0,0,1.0,1,1.0,1,1.0,1,0.258331724454327,45
3350,0,5224,2678,2546,0,0,0,1.0,1,1.0,1,1.0,1,0.2520353925226256,46
3351,1,5225,2678,2547,0,0,0,1.0,1,1.0,1,1.0,1,0.22728887907228712,47
3352,1,5226,2678,2548,0,0,0,1.0,1,1.0,1,1.0,1,0.2143496195940069,47
3353,1,5227,2678,2549,0,0,0,1.0,1,1.0,1,1.0,1,0.22092079349809993,48
3354,0,5227,2678,2549,0,0,0,1.0,1,1.0,1,1.0,1,0.22092079349809993,48
3355,2,5229,2678,2551,0,0,0,1.0,1,1.0,1,1.0,1,0.22171028252876604,48
3356,2,5231,2679,2552,0,0,0,1.0,1,1.0,1,1.0,1,0.2199865611653549,48
3357,1,5232,2680,2552,0,0,0,1.0,1,1.0,1,1.0,1,0.21309980837837286,47
3358,1,5233,2681,2552,0,0,0,1.0,1,1.0,1,1.0,1,0.28636354086707033,46
3359,3,5236,2683,2553,0,0,0,1.0,1,1.0,1,1.0,1,0.30009821651167395,45
3360,5,5241,2685,2556,0,0,0,1.0,1,1.0,1,1.0,1,0.2842125481988424,44
3361,1,5242,2686,2556,0,0,0,1.0,1,1.0,1,1.0,1,0.2961868530065588,43
3362,5,5247,2687,2560,0,0,0,1.0,1,1.0,1,1.0,1,0.24198345511000377,42
3363,1,5248,2688,2560,0,0,0,1.0,1,1.0,1,1.0,1,0.27023936877558946,41
3364,0,5248,2688,2560,0,0,0,1.0,1,1.0,1,1.0,1,0.2685818379153551,41
3365,1,5249,2688,2561,0,0,0,1.0,1,1.0,1,1.0,1,0.2577087209244179,41
3366,1,5250,2688,2562,0,0,0,1.0,1,1.0,1,1.0,1,0.22154610248691362,40
3367,0,5250,2688,2562,0,0,0,1.0,1,1.0,1,1.0,1,0.21329553678080448,39
3368,1,5251,2689,2562,0,0,0,1.0,1,1.0,1,1.0,1,0.20241478440342095,39
3369,1,5252,2689,2563,0,0,0,1.0,1,1.0,1,1.0,1,0.17542396354017797,40
3370,3,5255,2691,2564,0,0,0,1.0,1,1.0,1,1.0,1,0.15891409317345753,41
3371,1,5256,2692,2564,0,0,0,1.0,1,1.0,1,1.0,1,0.17451472006810395,41
3372,2,5258,2694,2564,0,0,0,1.0,1,1.0,1,1.0,1,0.22227879874413356,40
3373,0,5258,2694,2564,0,0,0,1.0,1,1.0,1,1.0,1,0.23398384190669574,41
3374,0,5258,2694,2564,0,0,0,1.0,1,1.0,1,1.0,1,0.232300313217996,42
3375,3,5261,2694,2567,0,0,0,1.0,1,1.0,1,1.0,1,0.20296562070204419,44
3376,4,5265,2695,2570,0,0,0,1.0,1,1.0,1,1.0,1,0.1487494793923149,46
3377,0,5265,2695,2570,0,0,0,1.0,1,1.0,1,1.0,1,0.15832576722655373,47
3378,1,5266,2696,2570,0,0,0,1.0,1,1.0,1,1.0,1,0.2024609689202103,48
3379,3,5269,2696,2573,0,0,0,1.0,1,1.0,1,1.0,1,0.1415056876034571,48
3380,2,5271,2698,2573,0,0,0,1.0,1,1.0,1,1.0,1,0.15604646379080747,48
3381,0,5271,2698,2573,0,0,0,1.0,1,1.0,1,1.0,1,0.15604646379080747,48
3382,1,5272,2699,2573,0,0,0,1.0,1,1.0,1,1.0,1,0.19961567793964352,49
3383,0,5272,2699,2573,0,0,0,1.0,1,1.0,1,1.0,1,0.18165045962399762,47
3384,1,5273,2700,2573,0,0,0,1.0,1,1.0,1,1.0,1,0.22516696494738936,48
3385,2,5275,2700,2575,0,0,0,1.0,1,1.0,1,1.0,1,0.14474235320660148,47
3386,2,5277,2701,2576,0,0,0,1.0,1,1.0,1,1.0,1,0.18243873706755598,49
3387,0,5277,2701,2576,0,0,0,1.0,1,1.0,1,1.0,1,0.17268626290542474,48
3388,2,5279,2702,2577,0,0,0,1.0,1,1.0,1,1.0,1,0.19450848592991238,48
3389,0,5279,2702,2577,0,0,0,1.0,1,1.0,1,1.0,1,0.2102703592830504,50
3390,1,5280,2703,2577,0,0,0,1.0,1,1.0,1,1.0,1,0.18641632545100104,51
3391,2,5282,2704,2578,0,0,0,1.0,1,1.0,1,1.0,1,0.20189651783556364,51
3392,2,5284,2704,2580,0,0,0,1.0,1,1.0,1,1.0,1,0.20785876465782283,52
3393,1,5285,2704,2581,0,0,0,1.0,1,1.0,1,1.0,1,0.20329265225024404,52
3394,0,5285,2704,2581,0,0,0,1.0,1,1.0,1,1.0,1,0.20329265225024404,52
3395,1,5286,2705,2581,0,0,0,1.0,1,1.0,1,1.0,1,0.19621279288621973,50
3396,2,5288,2706,2582,0,0,0,1.0,1,1.0,1,1.0,1,0.14278608845693214,49
3397,1,5289,2707,2582,0,0,0,1.0,1,1.0,1,1.0,1,0.15023847982644484,49
3398,0,5289,2707,2582,0,0,0,1.0,1,1.0,1,1.0,1,0.1630520780431445,48
3399,1,5290,2708,2582,0,0,0,1.0,1,1.0,1,1.0,1,0.16997086790799143,49
3400,1,5291,2709,2582,0,0,0,1.0,1,1.0,1,1.0,1,0.16942196250503833,50
3401,0,5291,2709,2582,0,0,0,1.0,1,1.0,1,1.0,1,0.18226546539116834,51
3402,2,5293,2710,2583,0,0,0,1.0,1,1.0,1,1.0,1,0.20334843084830787,51
3403,4,5297,2712,2585,0,0,0,1.0,1,1.0,1,1.0,1,0.1801514194888535,51
3404,1,5298,2713,2585,0,0,0,1.0,1,1.0,1,1.0,1,0.1828172997265509,51
3405,2,5300,2715,2585,0,0,0,1.0,1,1.0,1,1.0,1,0.20410437897693265,51
3406,2,5302,2715,2587,0,0,0,1.0,1,1.0,1,1.0,1,0.17720527624540508,51
3407,1,5303,2715,2588,0,0,0,1.0,1,1.0,1,1.0,1,0.18166814839373827,52
3408,1,5304,2715,2589,0,0,0,1.0,1,1.0,1,1.0,1,0.18358573859239835,53
3409,0,5304,2715,2589,0,0,0,1.0,1,1.0,1,1.0,1,0.1793677953244003,54
3410,2,5306,2717,2589,0,0,0,1.0,1,1.0,1,1.0,1,0.19221489663449814,54
3411,2,5308,2717,2591,0,0,0,1.0,1,1.0,1,1.0,1,0.14913775724515502,54
3412,1,5309,2718,2591,0,0,0,1.0,1,1.0,1,1.0,1,0.1790422025905054,55
3413,0,5309,2718,2591,0,0,0,1.0,1,1.0,1,1.0,1,0.1790422025905054,55
3414,1,5310,2718,2592,0,0,0,1.0,1,1.0,1,1.0,1,0.1842476778679629,55
3415,2,5312,2720,2592,0,0,0,1.0,1,1.0,1,1.0,1,0.1946961097942934,56
3416,2,5314,2720,2594,0,0,0,1.0,1,1.0,1,1.0,1,0.1873917482437206,55
3417,1,5315,2720,2595,0,0,0,1.0,1,1.0,1,1.0,1,0.1962809129329312,56
3418,3,5318,2723,2595,0,0,0,1.0,1,1.0,1,1.0,1,0.22701501112380937,55
3419,4,5322,2724,2598,0,0,0,1.0,1,1.0,1,1.0,1,0.229823346141324,56
3420,2,5324,2724,2600,0,0,0,1.0,1,1.0,1,1.0,1,0.2205858029315236,55
3421,4,5328,2725,2603,0,0,0,1.0,1,1.0,1,1.0,1,0.19288498500030188,57
3422,1,5329,2726,2603,0,0,0,1.0,1,1.0,1,1.0,1,0.1932862590145123,56
3423,2,5331,2728,2603,0,0,0,1.0,1,1.0,1,1.0,1,0.1923473150756286,56
3424,1,5332,2729,2603,0,0,0,1.0,1,1.0,1,1.0,1,0.2267827739968417,56
3425,1,5333,2730,2603,0,0,0,1.0,1,1.0,1,1.0,1,0.22469991850288532,56
3426,2,5335,2730,2605,0,0,0,1.0,1,1.0,1,1.0,1,0.22187914200587971,55
3427,5,5340,2731,2609,0,0,0,1.0,1,1.0,1,1.0,1,0.20180182274172573,55
3428,2,5342,2732,2610,0,0,0,1.0,1,1.0,1,1.0,1,0.18261714101290866,55
3429,3,5345,2733,2612,0,0,0,1.0,1,1.0,1,1.0,1,0.17705256265144198,54
3430,1,5346,2733,2613,0,0,0,1.0,1,1.0,1,1.0,1,0.17681952664847517,56
3431,0,5346,2733,2613,0,0,0,1.0,1,1.0,1,1.0,1,0.15390541586940878,54
3432,2,5348,2735,2613,0,0,0,1.0,1,1.0,1,1.0,1,0.21621047756897652,56
3433,2,5350,2737,2613,0,0,0,1.0,1,1.0,1,1.0,1,0.20030693367179583,53
3434,1,5351,2738,2613,0,0,0,1.0,1,1.0,1,1.0,1,0.1485809431845651,51
3435,0,5351,2738,2613,0,0,0,1.0,1,1.0,1,1.0,1,0.1485809431845651,51
3436,3,5354,2740,2614,0,0,0,1.0,1,1.0,1,1.0,1,0.1796775209534508,51
3437,4,5358,2742,2616,0,0,0,1.0,1,1.0,1,1.0,1,0.18236421053067545,53
3438,5,5363,2743,2620,0,0,0,1.0,1,1.0,1,1.0,1,0.10672082370707218,52
3439,1,5364,2744,2620,0,0,0,1.0,1,1.0,1,1.0,1,0.14790953738571425,54
3440,1,5365,2745,2620,0,0,0,1.0,1,1.0,1,1.0,1,0.14427363668590082,52
3441,1,5366,2745,2621,0,0,0,1.0,1,1.0,1,1.0,1,0.13057346993056876,53
3442,2,5368,2746,2622,0,0,0,1.0,1,1.0,1,1.0,1,0.14889252824417143,53
3443,2,5370,2746,2624,0,0,0,1.0,1,1.0,1,1.0,1,0.12852233968040797,53
3444,0,5370,2746,2624,0,0,0,1.0,1,1.0,1,1.0,1,0.14125747097892086,52
3445,0,5370,2746,2624,0,0,0,1.0,1,1.0,1,1.0,1,0.14654264816320808,53
3446,1,5371,2747,2624,0,0,0,1.0,1,1.0,1,1.0,1,0.1955429533352071,53
3447,2,5373,2748,2625,0,0,0,1.0,1,1.0,1,1.0,1,0.21063261074869052,53
3448,2,5375,2749,2626,0,0,0,1.0,1,1.0,1,1.0,1,0.21133119499036787,52
3449,4,5379,2751,2628,0,0,0,1.0,1,1.0,1,1.0,1,0.16749053385601909,52
3450,2,5381,2752,2629,0,0,0,1.0,1,1.0,1,1.0,1,0.1349973271444321,52
3451,5,5386,2756,2630,0,0,0,1.0,1,1.0,1,1.0,1,0.17481044976369894,54
3452,1,5387,2757,2630,0,0,0,1.0,1,1.0,1,1.0,1,0.1889619264480865,54
3453,3,5390,2758,2632,0,0,0,1.0,1,1.0,1,1.0,1,0.16074269477715705,54
3454,1,5391,2758,2633,0,0,0,1.0,1,1.0,1,1.0,1,0.15052122762970266,57
3455,0,5391,2758,2633,0,0,0,1.0,1,1.0,1,1.0,1,0.15052122762970266,57
3456,1,5392,2758,2634,0,0,0,1.0,1,1.0,1,1.0,1,0.1557681624878878,58
3457,0,5392,2758,2634,0,0,0,1.0,1,1.0,1,1.0,1,0.177002487022185,57
3458,1,5393,2758,2635,0,0,0,1.0,1,1.0,1,1.0,1,0.18019854838330335,57
3459,0,5393,2758,2635,0,0,0,1.0,1,1.0,1,1.0,1,0.18019854838330335,57
3460,0,5393,2758,2635,0,0,0,1.0,1,1.0,1,1.0,1,0.17456665480746444,58
3461,2,5395,2759,2636,0,0,0,1.0,1,1.0,1,1.0,1,0.17956426356431965,59
3462,2,5397,2760,2637,0,0,0,1.0,1,1.0,1,1.0,1,0.1771419246448338,59
3463,2,5399,2761,2638,0,0,0,1.0,1,1.0,1,1.0,1,0.18108562892110255,59
3464,2,5401,2763,2638,0,0,0,1.0,1,1.0,1,1.0,1,0.22915517399686497,59
3465,3,5404,2765,2639,0,0,0,1.0,1,1.0,1,1.0,1,0.18978002048567627,57
3466,3,5407,2766,2641,0,0,0,1.0,1,1.0,1,1.0,1,0.18229959640939575,57
3467,2,5409,2766,2643,0,0,0,1.0,1,1.0,1,1.0,1,0.15773836363695604,57
3468,4,5413,2768,2645,0,0,0,1.0,1,1.0,1,1.0,1,0.1934395919527999,57
3469,4,5417,2771,2646,0,0,0,1.0,1,1.0,1,1.0,1,0.18855497813140787,53
3470,5,5422,2774,2648,0,0,0,1.0,1,1.0,1,1.0,1,0.24428245036317542,50
3471,3,5425,2776,2649,0,0,0,1.0,1,1.0,1,1.0,1,0.24205973236050246,49
3472,4,5429,2777,2652,0,0,0,1.0,1,1.0,1,1.0,1,0.2187874153236264,47
3473,4,5433,2779,2654,0,0,0,1.0,1,1.0,1,1.0,1,0.22191500934758968,45
3474,0,5433,2779,2654,0,0,0,1.0,1,1.0,1,1.0,1,0.22309499960090662,42
3475,4,5437,2781,2656,0,0,0,1.0,1,1.0,1,1.0,1,0.2592549108744532,43
3476,2,5439,2782,2657,0,0,0,1.0,1,1.0,1,1.0,1,0.230615634959628,41
3477,4,5443,2785,2658,0,0,0,1.0,1,1.0,1,1.0,1,0.20603609521103913,42
3478,4,5447,2787,2660,0,0,0,1.0,1,1.0,1,1.0,1,0.16936399865842072,40
3479,2,5449,2788,2661,0,0,0,1.0,1,1.0,1,1.0,1,0.13988138792613466,40
3480,1,5450,2789,2661,0,0,0,1.0,1,1.0,1,1.0,1,0.1812034691368067,40
3481,0,5450,2789,2661,0,0,0,1.0,1,1.0,1,1.0,1,0.18819626659828653,40
3482,0,5450,2789,2661,0,0,0,1.0,1,1.0,1,1.0,1,0.18819626659828653,40
3483,0,5450,2789,2661,0,0,0,1.0,1,1.0,1,1.0,1,0.20044796965884415,39
3484,0,5450,2789,2661,0,0,0,1.0,1,1.0,1,1.0,1,0.20044796965884415,39
3485,1,5451,2790,2661,0,0,0,1.0,1,1.0,1,1.0,1,0.22605066715949776,40
3486,3,5454,2790,2664,0,0,0,1.0,1,1.0,1,1.0,1,0.1772883973096941,41
3487,1,5455,2790,2665,0,0,0,1.0,1,1.0,1,1.0,1,0.17730754295656187,41
3488,1,5456,2791,2665,0,0,0,1.0,1,1.0,1,1.0,1,0.17482188739803364,42
3489,0,5456,2791,2665,0,0,0,1.0,1,1.0,1,1.0,1,0.18155585741007144,44
3490,0,5456,2791,2665,0,0,0,1.0,1,1.0,1,1.0,1,0.18155585741007144,44
3491,3,5459,2792,2667,0,0,0,1.0,1,1.0,1,1.0,1,0.15676424281393866,45
3492,2,5461,2793,2668,0,0,0,1.0,1,1.0,1,1.0,1,0.1743765379416024,45
3493,2,5463,2794,2669,0,0,0,1.0,1,1.0,1,1.0,1,0.14713768443601852,45
3494,0,5463,2794,2669,0,0,0,1.0,1,1.0,1,1.0,1,0.14713768443601852,45
3495,0,5463,2794,2669,0,0,0,1.0,1,1.0,1,1.0,1,0.14713768443601852,45
3496,0,5463,2794,2669,0,0,0,1.0,1,1.0,1,1.0,1,0.18152957495114755,46
3497,2,5465,2796,2669,0,0,0,1.0,1,1.0,1,1.0,1,0.23216583988203837,47
3498,2,5467,2797,2670,0,0,0,1.0,1,1.0,1,1.0,1,0.2101959175927234,48
3499,0,5467,2797,2670,0,0,0,1.0,1,1.0,1,1.0,1,0.2308221553709032,47
3500,0,5467,2797,2670,0,0,0,1.0,1,1.0,1,1.0,1,0.22683042759348304,50
3501,2,5469,2798,2671,0,0,0,1.0,1,1.0,1,1.0,1,0.19160508042075142,50
3502,2,5471,2800,2671,0,0,0,1.0,1,1.0,1,1.0,1,0.2111405645264072,50
3503,2,5473,2802,2671,0,0,0,1.0,1,1.0,1,1.0,1,0.27360644886526364,50
3504,5,5478,2805,2673,0,0,0,1.0,1,1.0,1,1.0,1,0.3111000029361505,47
3505,2,5480,2806,2674,0,0,0,1.0,1,1.0,1,1.0,1,0.32518700131380035,48
3506,3,5483,2806,2677,0,0,0,1.0,1,1.0,1,1.0,1,0.29063326063839323,49
3507,0,5483,2806,2677,0,0,0,1.0,1,1.0,1,1.0,1,0.31517468819932015,46
3508,5,5488,2808,2680,0,0,0,1.0,1,1.0,1,1.0,1,0.3120010459107718,47
3509,1,5489,2808,2681,0,0,0,1.0,1,1.0,1,1.0,1,0.2996565028064116,44
3510,1,5490,2809,2681,0,0,0,1.0,1,1.0,1,1.0,1,0.3406169048839986,45
3511,1,5491,2810,2681,0,0,0,1.0,1,1.0,1,1.0,1,0.3444166170112838,44
3512,0,5491,2810,2681,0,0,0,1.0,1,1.0,1,1.0,1,0.33285689365054943,42
3513,1,5492,2810,2682,0,0,0,1.0,1,1.0,1,1.0,1,0.31751053614007996,42
3514,0,5492,2810,2682,0,0,0,1.0,1,1.0,1,1.0,1,0.32267621758560183,42
3515,4,5496,2812,2684,0,0,0,1.0,1,1.0,1,1.0,1,0.3427244816636824,42
3516,1,5497,2812,2685,0,0,0,1.0,1,1.0,1,1.0,1,0.3198591179152823,41
3517,3,5500,2813,2687,0,0,0,1.0,1,1.0,1,1.0,1,0.2896676703787993,44
3518,1,5501,2814,2687,0,0,0,1.0,1,1.0,1,1.0,1,0.2934978088361757,43
3519,1,5502,2814,2688,0,0,0,1.0,1,1.0,1,1.0,1,0.29694205397945217,44
3520,2,5504,2814,2690,0,0,0,1.0,1,1.0,1,1.0,1,0.28654496492472,45
3521,2,5506,2814,2692,0,0,0,1.0,1,1.0,1,1.0,1,0.27589255134826,45
3522,0,5506,2814,2692,0,0,0,1.0,1,1.0,1,1.0,1,0.27146131713397836,46
3523,1,5507,2814,2693,0,0,0,1.0,1,1.0,1,1.0,1,0.25080995961835095,46
3524,0,5507,2814,2693,0,0,0,1.0,1,1.0,1,1.0,1,0.23655480495504727,47
3525,2,5509,2814,2695,0,0,0,1.0,1,1.0,1,1.0,1,0.2578375139864546,48
3526,0,5509,2814,2695,0,0,0,1.0,1,1.0,1,1.0,1,0.24527006855518574,49
3527,3,5512,2816,2696,0,0,0,1.0,1,1.0,1,1.0,1,0.29145593192923797,49
3528,1,5513,2816,2697,0,0,0,1.0,1,1.0,1,1.0,1,0.3052316490149959,51
3529,2,5515,2816,2699,0,0,0,1.0,1,1.0,1,1.0,1,0.2822650772535462,51
3530,1,5516,2817,2699,0,0,0,1.0,1,1.0,1,1.0,1,0.2868765495124916,52
3531,3,5519,2818,2701,0,0,0,1.0,1,1.0,1,1.0,1,0.26710076728113996,52
3532,4,5523,2818,2705,0,0,0,1.0,1,1.0,1,1.0,1,0.22040562766007069,52
3533,0,5523,2818,2705,0,0,0,1.0,1,1.0,1,1.0,1,0.22040562766007069,52
3534,0,5523,2818,2705,0,0,0,1.0,1,1.0,1,1.0,1,0.22040562766007069,52
3535,3,5526,2820,2706,0,0,0,1.0,1,1.0,1,1.0,1,0.21073396813794873,52
3536,0,5526,2820,2706,0,0,0,1.0,1,1.0,1,1.0,1,0.2279576629672505,54
3537,0,5526,2820,2706,0,0,0,1.0,1,1.0,1,1.0,1,0.22642611408009064,55
3538,1,5527,2821,2706,0,0,0,1.0,1,1.0,1,1.0,1,0.2370746999293133,55
3539,1,5528,2821,2707,0,0,0,1.0,1,1.0,1,1.0,1,0.2132834710865691,58
3540,2,5530,2821,2709,0,0,0,1.0,1,1.0,1,1.0,1,0.20519576685941912,59
3541,0,5530,2821,2709,0,0,0,1.0,1,1.0,1,1.0,1,0.20519576685941912,59
3542,2,5532,2822,2710,0,0,0,1.0,1,1.0,1,1.0,1,0.23005999219885345,61
3543,3,5535,2823,2712,0,0,0,1.0,1,1.0,1,1.0,1,0.2254980037115207,62
3544,3,5538,2824,2714,0,0,0,1.0,1,1.0,1,1.0,1,0.19798547036259734,59
3545,2,5540,2825,2715,0,0,0,1.0,1,1.0,1,1.0,1,0.2195051637717389,59
3546,2,5542,2826,2716,0,0,0,1.0,1,1.0,1,1.0,1,0.21746427624956724,57
3547,2,5544,2828,2716,0,0,0,1.0,1,1.0,1,1.0,1,0.21186404087401647,53
3548,4,5548,2830,2718,0,0,0,1.0,1,1.0,1,1.0,1,0.2262578143951757,53
3549,2,5550,2831,2719,0,0,0,1.0,1,1.0,1,1.0,1,0.21354597032664224,52
3550,3,5553,2832,2721,0,0,0,1.0,1,1.0,1,1.0,1,0.21723063709845236,51
3551,1,5554,2833,2721,0,0,0,1.0,1,1.0,1,1.0,1,0.22862340464965425,51
3552,2,5556,2834,2722,0,0,0,1.0,1,1.0,1,1.0,1,0.27005659446166513,51
3553,0,5556,2834,2722,0,0,0,1.0,1,1.0,1,1.0,1,0.2756139821928947,49
3554,0,5556,2834,2722,0,0,0,1.0,1,1.0,1,1.0,1,0.2756139821928947,49
3555,1,5557,2834,2723,0,0,0,1.0,1,1.0,1,1.0,1,0.2658975738401858,51
3556,1,5558,2834,2724,0,0,0,1.0,1,1.0,1,1.0,1,0.25806891371805674,51
3557,1,5559,2835,2724,0,0,0,1.0,1,1.0,1,1.0,1,0.2702032752698505,52
3558,4,5563,2836,2727,0,0,0,1.0,1,1.0,1,1.0,1,0.24094818238606389,52
3559,2,5565,2837,2728,0,0,0,1.0,1,1.0,1,1.0,1,0.22696176038016397,52
3560,1,5566,2837,2729,0,0,0,1.0,1,1.0,1,1.0,1,0.2085305906181095,53
3561,3,5569,2837,2732,0,0,0,1.0,1,1.0,1,1.0,1,0.18599555066640427,54
3562,2,5571,2838,2733,0,0,0,1.0,1,1.0,1,1.0,1,0.17390636482974933,54
3563,1,5572,2838,2734,0,0,0,1.0,1,1.0,1,1.0,1,0.16587860007839716,55
3564,0,5572,2838,2734,0,0,0,1.0,1,1.0,1,1.0,1,0.15601486651674495,57
3565,0,5572,2838,2734,0,0,0,1.0,1,1.0,1,1.0,1,0.1588366393833413,56
3566,1,5573,2838,2735,0,0,0,1.0,1,1.0,1,1.0,1,0.16462251197552227,57
3567,0,5573,2838,2735,0,0,0,1.0,1,1.0,1,1.0,1,0.16462251197552227,57
3568,0,5573,2838,2735,0,0,0,1.0,1,1.0,1,1.0,1,0.16462251197552227,57
3569,1,5574,2838,2736,0,0,0,1.0,1,1.0,1,1.0,1,0.14330830452545168,57
3570,4,5578,2840,2738,0,0,0,1.0,1,1.0,1,1.0,1,0.17386070994671904,59
3571,2,5580,2840,2740,0,0,0,1.0,1,1.0,1,1.0,1,0.16001755493505188,60
3572,1,5581,2841,2740,0,0,0,1.0,1,1.0,1,1.0,1,0.19334770499659007,61
3573,2,5583,2842,2741,0,0,0,1.0,1,1.0,1,1.0,1,0.17814945848596042,62
3574,1,5584,2842,2742,0,0,0,1.0,1,1.0,1,1.0,1,0.16843243915980602,63
3575,3,5587,2843,2744,0,0,0,1.0,1,1.0,1,1.0,1,0.16264673959297593,63
3576,1,5588,2844,2744,0,0,0,1.0,1,1.0,1,1.0,1,0.18195676720015058,63
3577,0,5588,2844,2744,0,0,0,1.0,1,1.0,1,1.0,1,0.1735785024684596,64
3578,1,5589,2844,2745,0,0,0,1.0,1,1.0,1,1.0,1,0.17600135861429606,64
3579,0,5589,2844,2745,0,0,0,1.0,1,1.0,1,1.0,1,0.17600135861429606,64
3580,1,5590,2844,2746,0,0,0,1.0,1,1.0,1,1.0,1,0.17425710170906614,65
3581,2,5592,2845,2747,0,0,0,1.0,1,1.0,1,1.0,1,0.19440082732395583,68
3582,3,5595,2847,2748,0,0,0,1.0,1,1.0,1,1.0,1,0.21398106764842448,68
3583,2,5597,2849,2748,0,0,0,1.0,1,1.0,1,1.0,1,0.20758330568370084,65
3584,5,5602,2852,2750,0,0,0,1.0,1,1.0,1,1.0,1,0.22002156467097364,64
3585,5,5607,2854,2753,0,0,0,1.0,1,1.0,1,1.0,1,0.1685716382952043,64
3586,3,5610,2857,2753,0,0,0,1.0,1,1.0,1,1.0,1,0.18692140466298054,65
3587,0,5610,2857,2753,0,0,0,1.0,1,1.0,1,1.0,1,0.1553080532191098,64
3588,2,5612,2858,2754,0,0,0,1.0,1,1.0,1,1.0,1,0.1709440191662633,62
3589,2,5614,2860,2754,0,0,0,1.0,1,1.0,1,1.0,1,0.19152185935354235,63
3590,4,5618,2862,2756,0,0,0,1.0,1,1.0,1,1.0,1,0.17334973958403072,63
3591,2,5620,2864,2756,0,0,0,1.0,1,1.0,1,1.0,1,0.1782027329712434,62
3592,1,5621,2865,2756,0,0,0,1.0,1,1.0,1,1.0,1,0.17329448435854103,59
3593,2,5623,2867,2756,0,0,0,1.0,1,1.0,1,1.0,1,0.16483368167335866,58
3594,2,5625,2867,2758,0,0,0,1.0,1,1.0,1,1.0,1,0.1534871683693601,57
3595,3,5628,2869,2759,0,0,0,1.0,1,1.0,1,1.0,1,0.1442108489807518,59
3596,2,5630,2870,2760,0,0,0,1.0,1,1.0,1,1.0,1,0.115324175986408,57
3597,2,5632,2872,2760,0,0,0,1.0,1,1.0,1,1.0,1,0.15659554536586798,57
3598,0,5632,2872,2760,0,0,0,1.0,1,1.0,1,1.0,1,0.15659554536586798,57
3599,2,5634,2874,2760,0,0,0,1.0,1,1.0,1,1.0,1,0.1625309486397981,58
3600,1,5635,2874,2761,0,0,0,1.0,1,1.0,1,1.0,1,0.14607273580424113,58
3601,0,5635,2874,2761,0,0,0,1.0,1,1.0,1,1.0,1,0.14607273580424113,58
3602,1,5636,2875,2761,0,0,0,1.0,1,1.0,1,1.0,1,0.1441767278649914,60
3603,2,5638,2876,2762,0,0,0,1.0,1,1.0,1,1.0,1,0.14707271876509398,60
3604,0,5638,2876,2762,0,0,0,1.0,1,1.0,1,1.0,1,0.14707271876509398,60
3605,2,5640,2877,2763,0,0,0,1.0,1,1.0,1,1.0,1,0.17332413554154777,61
3606,5,5645,2879,2766,0,0,0,1.0,1,1.0,1,1.0,1,0.1691879186355835,63
3607,4,5649,2880,2769,0,0,0,1.0,1,1.0,1,1.0,1,0.16204577326990127,63
3608,0,5649,2880,2769,0,0,0,1.0,1,1.0,1,1.0,1,0.17038666401631627,64
3609,3,5652,2880,2772,0,0,0,1.0,1,1.0,1,1.0,1,0.14485089330751785,66
3610,2,5654,2882,2772,0,0,0,1.0,1,1.0,1,1.0,1,0.1575792834155076,67
3611,4,5658,2884,2774,0,0,0,1.0,1,1.0,1,1.0,1,0.16971015385916327,67
3612,4,5662,2885,2777,0,0,0,1.0,1,1.0,1,1.0,1,0.152213738853625,66
3613,1,5663,2886,2777,0,0,0,1.0,1,1.0,1,1.0,1,0.1743576643816755,66
3614,2,5665,2888,2777,0,0,0,1.0,1,1.0,1,1.0,1,0.16557943376581133,65
3615,1,5666,2888,2778,0,0,0,1.0,1,1.0,1,1.0,1,0.17228270970872808,65
3616,0,5666,2888,2778,0,0,0,1.0,1,1.0,1,1.0,1,0.17228270970872808,65
3617,2,5668,2889,2779,0,0,0,1.0,1,1.0,1,1.0,1,0.18577907919184433,66
3618,1,5669,2889,2780,0,0,0,1.0,1,1.0,1,1.0,1,0.1698201013541113,66
3619,0,5669,2889,2780,0,0,0,1.0,1,1.0,1,1.0,1,0.1648309973226915,65
3620,3,5672,2890,2782,0,0,0,1.0,1,1.0,1,1.0,1,0.15932254053699968,66
3621,2,5674,2891,2783,0,0,0,1.0,1,1.0,1,1.0,1,0.14711954566995417,65
3622,2,5676,2892,2784,0,0,0,1.0,1,1.0,1,1.0,1,0.13046336288862898,65
3623,4,5680,2894,2786,0,0,0,1.0,1,1.0,1,1.0,1,0.13498500302369631,62
3624,2,5682,2896,2786,0,0,0,1.0,1,1.0,1,1.0,1,0.148340188113341,62
3625,4,5686,2898,2788,0,0,0,1.0,1,1.0,1,1.0,1,0.151486142805679,61
3626,3,5689,2900,2789,0,0,0,1.0,1,1.0,1,1.0,1,0.17546813225996047,58
3627,6,5695,2904,2791,0,0,0,1.0,1,1.0,1,1.0,1,0.18801165050222657,58
3628,4,5699,2906,2793,0,0,0,1.0,1,1.0,1,1.0,1,0.13587808376322225,57
3629,1,5700,2906,2794,0,0,0,1.0,1,1.0,1,1.0,1,0.1328237068736675,57
3630,4,5704,2908,2796,0,0,0,1.0,1,1.0,1,1.0,1,0.14674445864348276,56
3631,3,5707,2911,2796,0,0,0,1.0,1,1.0,1,1.0,1,0.1590030175141528,54
3632,1,5708,2911,2797,0,0,0,1.0,1,1.0,1,1.0,1,0.152335094938136,52
3633,5,5713,2915,2798,0,0,0,1.0,1,1.0,1,1.0,1,0.24041847041910486,52
3634,2,5715,2916,2799,0,0,0,1.0,1,1.0,1,1.0,1,0.16104033010852492,49
3635,0,5715,2916,2799,0,0,0,1.0,1,1.0,1,1.0,1,0.15463866777524285,47
3636,1,5716,2917,2799,0,0,0,1.0,1,1.0,1,1.0,1,0.185893170881359,48
3637,3,5719,2917,2802,0,0,0,1.0,1,1.0,1,1.0,1,0.18071211124884726,49
3638,1,5720,2917,2803,0,0,0,1.0,1,1.0,1,1.0,1,0.16426218650547006,50
3639,2,5722,2919,2803,0,0,0,1.0,1,1.0,1,1.0,1,0.20676840328781818,52
3640,1,5723,2920,2803,0,0,0,1.0,1,1.0,1,1.0,1,0.2292560220665759,52
3641,2,5725,2920,2805,0,0,0,1.0,1,1.0,1,1.0,1,0.20975637604693975,52
3642,0,5725,2920,2805,0,0,0,1.0,1,1.0,1,1.0,1,0.20975637604693975,52
3643,0,5725,2920,2805,0,0,0,1.0,1,1.0,1,1.0,1,0.20975637604693975,52
3644,0,5725,2920,2805,0,0,0,1.0,1,1.0,1,1.0,1,0.20975637604693975,52
3645,1,5726,2920,2806,0,0,0,1.0,1,1.0,1,1.0,1,0.1805935352223902,53
3646,0,5726,2920,2806,0,0,0,1.0,1,1.0,1,1.0,1,0.1805935352223902,53
3647,0,5726,2920,2806,0,0,0,1.0,1,1.0,1,1.0,1,0.1955393829578408,55
3648,4,5730,2920,2810,0,0,0,1.0,1,1.0,1,1.0,1,0.15517047267610604,57
3649,1,5731,2921,2810,0,0,0,1.0,1,1.0,1,1.0,1,0.16545553667450386,57
3650,2,5733,2921,2812,0,0,0,1.0,1,1.0,1,1.0,1,0.16076547608626646,59
3651,2,5735,2921,2814,0,0,0,1.0,1,1.0,1,1.0,1,0.1272200709461365,59
3652,0,5735,2921,2814,0,0,0,1.0,1,1.0,1,1.0,1,0.1272200709461365,59
3653,0,5735,2921,2814,0,0,0,1.0,1,1.0,1,1.0,1,0.1272200709461365,59
3654,0,5735,2921,2814,0,0,0,1.0,1,1.0,1,1.0,1,0.1272200709461365,59
3655,0,5735,2921,2814,0,0,0,1.0,1,1.0,1,1.0,1,0.13951523824006298,62
3656,0,5735,2921,2814,0,0,0,1.0,1,1.0,1,1.0,1,0.13951523824006298,62
3657,1,5736,2921,2815,0,0,0,1.0,1,1.0,1,1.0,1,0.1410970587093183,63
3658,2,5738,2922,2816,0,0,0,1.0,1,1.0,1,1.0,1,0.16562881961079803,63
3659,0,5738,2922,2816,0,0,0,1.0,1,1.0,1,1.0,1,0.17096797587252882,62
3660,5,5743,2926,2817,0,0,0,1.0,1,1.0,1,1.0,1,0.20570202406260102,62
3661,2,5745,2926,2819,0,0,0,1.0,1,1.0,1,1.0,1,0.15162016312673648,61
3662,4,5749,2928,2821,0,0,0,1.0,1,1.0,1,1.0,1,0.16615026583787365,60
3663,5,5754,2930,2824,0,0,0,1.0,1,1.0,1,1.0,1,0.16992382742504708,61
3664,0,5754,2930,2824,0,0,0,1.0,1,1.0,1,1.0,1,0.18035448034643137,58
3665,2,5756,2932,2824,0,0,0,1.0,1,1.0,1,1.0,1,0.1958747268167423,58
3666,1,5757,2933,2824,0,0,0,1.0,1,1.0,1,1.0,1,0.1641754219292416,58
3667,3,5760,2935,2825,0,0,0,1.0,1,1.0,1,1.0,1,0.16112280783544916,58
3668,2,5762,2935,2827,0,0,0,1.0,1,1.0,1,1.0,1,0.13383960052023558,58
3669,1,5763,2936,2827,0,0,0,1.0,1,1.0,1,1.0,1,0.1664125661387618,57
3670,1,5764,2937,2827,0,0,0,1.0,1,1.0,1,1.0,1,0.1849860343626714,56
3671,1,5765,2938,2827,0,0,0,1.0,1,1.0,1,1.0,1,0.2176453263261474,57
3672,2,5767,2939,2828,0,0,0,1.0,1,1.0,1,1.0,1,0.24291738451501044,57
3673,4,5771,2940,2831,0,0,0,1.0,1,1.0,1,1.0,1,0.22051153867448284,58
3674,0,5771,2940,2831,0,0,0,1.0,1,1.0,1,1.0,1,0.23046348287504437,57
3675,0,5771,2940,2831,0,0,0,1.0,1,1.0,1,1.0,1,0.2432081194694507,58
3676,1,5772,2941,2831,0,0,0,1.0,1,1.0,1,1.0,1,0.25805055950174516,59
3677,2,5774,2942,2832,0,0,0,1.0,1,1.0,1,1.0,1,0.25146964925584037,60
3678,1,5775,2942,2833,0,0,0,1.0,1,1.0,1,1.0,1,0.24650433912261516,62
3679,0,5775,2942,2833,0,0,0,1.0,1,1.0,1,1.0,1,0.24650433912261516,62
3680,0,5775,2942,2833,0,0,0,1.0,1,1.0,1,1.0,1,0.2313921227419011,63
3681,3,5778,2942,2836,0,0,0,1.0,1,1.0,1,1.0,1,0.1992401538816232,64
3682,0,5778,2942,2836,0,0,0,1.0,1,1.0,1,1.0,1,0.1992401538816232,64
3683,0,5778,2942,2836,0,0,0,1.0,1,1.0,1,1.0,1,0.1992401538816232,64
3684,1,5779,2943,2836,0,0,0,1.0,1,1.0,1,1.0,1,0.214718970446438,64
3685,0,5779,2943,2836,0,0,0,1.0,1,1.0,1,1.0,1,0.214718970446438,64
3686,0,5779,2943,2836,0,0,0,1.0,1,1.0,1,1.0,1,0.20696687653955156,65
3687,0,5779,2943,2836,0,0,0,1.0,1,1.0,1,1.0,1,0.20696687653955156,65
3688,1,5780,2943,2837,0,0,0,1.0,1,1.0,1,1.0,1,0.21126245397731433,66
3689,0,5780,2943,2837,0,0,0,1.0,1,1.0,1,1.0,1,0.21126245397731433,66
3690,2,5782,2943,2839,0,0,0,1.0,1,1.0,1,1.0,1,0.19582032891910503,67
3691,2,5784,2944,2840,0,0,0,1.0,1,1.0,1,1.0,1,0.18500320352604943,68
3692,0,5784,2944,2840,0,0,0,1.0,1,1.0,1,1.0,1,0.18167645193474713,69
3693,0,5784,2944,2840,0,0,0,1.0,1,1.0,1,1.0,1,0.18627222396208792,69
3694,1,5785,2945,2840,0,0,0,1.0,1,1.0,1,1.0,1,0.18466729372573126,70
3695,1,5786,2945,2841,0,0,0,1.0,1,1.0,1,1.0,1,0.1760712022516228,70
3696,1,5787,2946,2841,0,0,0,1.0,1,1.0,1,1.0,1,0.18048271876531571,71
3697,4,5791,2948,2843,0,0,0,1.0,1,1.0,1,1.0,1,0.16569301279456072,70
3698,0,5791,2948,2843,0,0,0,1.0,1,1.0,1,1.0,1,0.1643025787415641,70
3699,1,5792,2949,2843,0,0,0,1.0,1,1.0,1,1.0,1,0.17408381840334403,70
3700,5,5797,2953,2844,0,0,0,1.0,1,1.0,1,1.0,1,0.2111532839611856,68
3701,6,5803,2954,2849,0,0,0,1.0,1,1.0,1,1.0,1,0.1846805090626314,69
3702,2,5805,2955,2850,0,0,0,1.0,1,1.0,1,1.0,1,0.1768647220836846,69
3703,0,5805,2955,2850,0,0,0,1.0,1,1.0,1,1.0,1,0.18879160954815705,70
3704,2,5807,2957,2850,0,0,0,1.0,1,1.0,1,1.0,1,0.21053172156079134,69
3705,1,5808,2957,2851,0,0,0,1.0,1,1.0,1,1.0,1,0.1788873795429103,69
3706,3,5811,2958,2853,0,0,0,1.0,1,1.0,1,1.0,1,0.15504968875172268,69
3707,1,5812,2958,2854,0,0,0,1.0,1,1.0,1,1.0,1,0.13398049791799135,67
3708,0,5812,2958,2854,0,0,0,1.0,1,1.0,1,1.0,1,0.12108427597046802,67
3709,1,5813,2958,2855,0,0,0,1.0,1,1.0,1,1.0,1,0.11183391681129766,67
3710,0,5813,2958,2855,0,0,0,1.0,1,1.0,1,1.0,1,0.10952728323480779,67
3711,0,5813,2958,2855,0,0,0,1.0,1,1.0,1,1.0,1,0.11992443094963637,68
3712,0,5813,2958,2855,0,0,0,1.0,1,1.0,1,1.0,1,0.11992443094963637,68
3713,2,5815,2960,2855,0,0,0,1.0,1,1.0,1,1.0,1,0.13456310033323385,68
3714,0,5815,2960,2855,0,0,0,1.0,1,1.0,1,1.0,1,0.1520722327551522,67
3715,1,5816,2961,2855,0,0,0,1.0,1,1.0,1,1.0,1,0.1583905579828824,68
3716,3,5819,2962,2857,0,0,0,1.0,1,1.0,1,1.0,1,0.1539510686188029,67
3717,0,5819,2962,2857,0,0,0,1.0,1,1.0,1,1.0,1,0.17744698428646022,68
3718,0,5819,2962,2857,0,0,0,1.0,1,1.0,1,1.0,1,0.18428382255295261,68
3719,7,5826,2964,2862,0,0,0,1.0,1,1.0,1,1.0,1,0.2136392139674102,68
3720,3,5829,2964,2865,0,0,0,1.0,1,1.0,1,1.0,1,0.17431159564113036,68
3721,3,5832,2967,2865,0,0,0,1.0,1,1.0,1,1.0,1,0.17157411854282023,70
3722,1,5833,2967,2866,0,0,0,1.0,1,1.0,1,1.0,1,0.17279410538496473,71
3723,3,5836,2969,2867,0,0,0,1.0,1,1.0,1,1.0,1,0.16946820764385184,71
3724,0,5836,2969,2867,0,0,0,1.0,1,1.0,1,1.0,1,0.1593883313552998,72
3725,3,5839,2971,2868,0,0,0,1.0,1,1.0,1,1.0,1,0.17281022089339906,72
3726,0,5839,2971,2868,0,0,0,1.0,1,1.0,1,1.0,1,0.17236184141657424,71
3727,0,5839,2971,2868,0,0,0,1.0,1,1.0,1,1.0,1,0.17236184141657424,71
3728,0,5839,2971,2868,0,0,0,1.0,1,1.0,1,1.0,1,0.17776237269101514,70
3729,1,5840,2972,2868,0,0,0,1.0,1,1.0,1,1.0,1,0.1916394732780921,70
3730,2,5842,2973,2869,0,0,0,1.0,1,1.0,1,1.0,1,0.20670770419562345,71
3731,2,5844,2973,2871,0,0,0,1.0,1,1.0,1,1.0,1,0.1981066778759578,71
3732,2,5846,2973,2873,0,0,0,1.0,1,1.0,1,1.0,1,0.17896798660750848,72
3733,1,5847,2974,2873,0,0,0,1.0,1,1.0,1,1.0,1,0.20043343676321435,73
3734,3,5850,2975,2875,0,0,0,1.0,1,1.0,1,1.0,1,0.21554434272316278,74
3735,2,5852,2976,2876,0,0,0,1.0,1,1.0,1,1.0,1,0.20991761281355742,72
3736,2,5854,2976,2878,0,0,0,1.0,1,1.0,1,1.0,1,0.16906351600539865,72
3737,2,5856,2976,2880,0,0,0,1.0,1,1.0,1,1.0,1,0.15662124563810098,73
3738,0,5856,2976,2880,0,0,0,1.0,1,1.0,1,1.0,1,0.1582027218718091,72
3739,0,5856,2976,2880,0,0,0,1.0,1,1.0,1,1.0,1,0.16009453352733038,73
3740,1,5857,2976,2881,0,0,0,1.0,1,1.0,1,1.0,1,0.1676991456425741,70
3741,0,5857,2976,2881,0,0,0,1.0,1,1.0,1,1.0,1,0.1676991456425741,70
3742,2,5859,2978,2881,0,0,0,1.0,1,1.0,1,1.0,1,0.17856859223598615,70
3743,2,5861,2979,2882,0,0,0,1.0,1,1.0,1,1.0,1,0.15369616806137334,69
3744,5,5866,2983,2883,0,0,0,1.0,1,1.0,1,1.0,1,0.21994633935187327,69
3745,4,5870,2983,2887,0,0,0,1.0,1,1.0,1,1.0,1,0.13420386944852833,68
3746,2,5872,2984,2888,0,0,0,1.0,1,1.0,1,1.0,1,0.15751267153066045,66
3747,2,5874,2984,2890,0,0,0,1.0,1,1.0,1,1.0,1,0.13292873841057182,66
3748,0,5874,2984,2890,0,0,0,1.0,1,1.0,1,1.0,1,0.11202032132641927,65
3749,1,5875,2985,2890,0,0,0,1.0,1,1.0,1,1.0,1,0.11600309344284129,64
3750,2,5877,2987,2890,0,0,0,1.0,1,1.0,1,1.0,1,0.13124390025904187,63
3751,1,5878,2988,2890,0,0,0,1.0,1,1.0,1,1.0,1,0.14344421020992462,64
3752,4,5882,2991,2891,0,0,0,1.0,1,1.0,1,1.0,1,0.15479143825821381,64
3753,0,5882,2991,2891,0,0,0,1.0,1,1.0,1,1.0,1,0.16915094468446656,65
3754,1,5883,2992,2891,0,0,0,1.0,1,1.0,1,1.0,1,0.1657615948178027,65
3755,4,5887,2994,2893,0,0,0,1.0,1,1.0,1,1.0,1,0.17013508756851062,65
3756,1,5888,2994,2894,0,0,0,1.0,1,1.0,1,1.0,1,0.16954012044841704,65
3757,4,5892,2997,2895,0,0,0,1.0,1,1.0,1,1.0,1,0.1852110662214343,65
3758,1,5893,2997,2896,0,0,0,1.0,1,1.0,1,1.0,1,0.17748994856976713,64
3759,3,5896,2998,2898,0,0,0,1.0,1,1.0,1,1.0,1,0.1748965345657149,64
3760,2,5898,2998,2900,0,0,0,1.0,1,1.0,1,1.0,1,0.18885371711325236,63
3761,0,5898,2998,2900,0,0,0,1.0,1,1.0,1,1.0,1,0.18885371711325236,63
3762,1,5899,2998,2901,0,0,0,1.0,1,1.0,1,1.0,1,0.184977061708477,65
3763,1,5900,2999,2901,0,0,0,1.0,1,1.0,1,1.0,1,0.19525146230883014,65
3764,3,5903,3000,2903,0,0,0,1.0,1,1.0,1,1.0,1,0.17326564780726167,66
3765,0,5903,3000,2903,0,0,0,1.0,1,1.0,1,1.0,1,0.18636137337709446,67
3766,2,5905,3002,2903,0,0,0,1.0,1,1.0,1,1.0,1,0.19714140609498745,67
3767,2,5907,3003,2904,0,0,0,1.0,1,1.0,1,1.0,1,0.1881288948480191,68
3768,3,5910,3006,2904,0,0,0,1.0,1,1.0,1,1.0,1,0.22242854918046323,67
3769,2,5912,3006,2906,0,0,0,1.0,1,1.0,1,1.0,1,0.1908658973519207,69
3770,2,5914,3006,2908,0,0,0,1.0,1,1.0,1,1.0,1,0.17876602303613826,69
3771,1,5915,3006,2909,0,0,0,1.0,1,1.0,1,1.0,1,0.17640213726247841,69
3772,4,5919,3007,2912,0,0,0,1.0,1,1.0,1,1.0,1,0.1686412960244418,70
3773,1,5920,3007,2913,0,0,0,1.0,1,1.0,1,1.0,1,0.16247392148986048,68
3774,1,5921,3007,2914,0,0,0,1.0,1,1.0,1,1.0,1,0.15422876037435473,68
3775,1,5922,3008,2914,0,0,0,1.0,1,1.0,1,1.0,1,0.18227863876110645,68
3776,0,5922,3008,2914,0,0,0,1.0,1,1.0,1,1.0,1,0.18723313181398746,66
3777,3,5925,3010,2915,0,0,0,1.0,1,1.0,1,1.0,1,0.15867688938247723,65
3778,2,5927,3011,2916,0,0,0,1.0,1,1.0,1,1.0,1,0.14148455535351803,65
3779,2,5929,3012,2917,0,0,0,1.0,1,1.0,1,1.0,1,0.1442808923901745,65
3780,3,5932,3014,2918,0,0,0,1.0,1,1.0,1,1.0,1,0.1544092613367487,64
3781,0,5932,3014,2918,0,0,0,1.0,1,1.0,1,1.0,1,0.1544092613367487,64
3782,3,5935,3016,2919,0,0,0,1.0,1,1.0,1,1.0,1,0.15181218986135758,67
3783,1,5936,3017,2919,0,0,0,1.0,1,1.0,1,1.0,1,0.1540452013089611,65
3784,2,5938,3018,2920,0,0,0,1.0,1,1.0,1,1.0,1,0.1401708603311122,65
3785,3,5941,3020,2921,0,0,0,1.0,1,1.0,1,1.0,1,0.15959304983824577,63
3786,1,5942,3020,2922,0,0,0,1.0,1,1.0,1,1.0,1,0.15064081503636967,66
3787,3,5945,3022,2923,0,0,0,1.0,1,1.0,1,1.0,1,0.16365303592651675,65
3788,1,5946,3022,2924,0,0,0,1.0,1,1.0,1,1.0,1,0.14884616897261677,65
3789,3,5949,3023,2926,0,0,0,1.0,1,1.0,1,1.0,1,0.14941498497990793,65
3790,1,5950,3023,2927,0,0,0,1.0,1,1.0,1,1.0,1,0.14915940641566683,64
3791,1,5951,3024,2927,0,0,0,1.0,1,1.0,1,1.0,1,0.17550853719498144,64
3792,3,5954,3026,2928,0,0,0,1.0,1,1.0,1,1.0,1,0.19153561745654055,65
3793,4,5958,3027,2931,0,0,0,1.0,1,1.0,1,1.0,1,0.17805839387924677,68
3794,1,5959,3028,2931,0,0,0,1.0,1,1.0,1,1.0,1,0.20125298857938617,68
3795,3,5962,3029,2933,0,0,0,1.0,1,1.0,1,1.0,1,0.20170866901551943,69
3796,0,5962,3029,2933,0,0,0,1.0,1,1.0,1,1.0,1,0.20170866901551943,69
3797,1,5963,3029,2934,0,0,0,1.0,1,1.0,1,1.0,1,0.21112365891554707,70
3798,0,5963,3029,2934,0,0,0,1.0,1,1.0,1,1.0,1,0.21112365891554707,70
3799,0,5963,3029,2934,0,0,0,1.0,1,1.0,1,1.0,1,0.223638811915094,69
3800,1,5964,3029,2935,0,0,0,1.0,1,1.0,1,1.0,1,0.21342071309964536,69
3801,4,5968,3029,2939,0,0,0,1.0,1,1.0,1,1.0,1,0.19030232407319955,67
3802,2,5970,3030,2940,0,0,0,1.0,1,1.0,1,1.0,1,0.173662167954233,67
3803,2,5972,3032,2940,0,0,0,1.0,1,1.0,1,1.0,1,0.18589814197253557,69
3804,2,5974,3033,2941,0,0,0,1.0,1,1.0,1,1.0,1,0.18552174759947593,70
3805,5,5979,3035,2944,0,0,0,1.0,1,1.0,1,1.0,1,0.18584238850445395,71
3806,3,5982,3036,2946,0,0,0,1.0,1,1.0,1,1.0,1,0.17026328962620665,71
3807,3,5985,3037,2948,0,0,0,1.0,1,1.0,1,1.0,1,0.17525463198196561,72
3808,0,5985,3037,2948,0,0,0,1.0,1,1.0,1,1.0,1,0.17525463198196561,72
3809,3,5988,3038,2950,0,0,0,1.0,1,1.0,1,1.0,1,0.15672199712570126,72
3810,1,5989,3039,2950,0,0,0,1.0,1,1.0,1,1.0,1,0.17972467228941383,72
3811,0,5989,3039,2950,0,0,0,1.0,1,1.0,1,1.0,1,0.17480629836151856,71
3812,0,5989,3039,2950,0,0,0,1.0,1,1.0,1,1.0,1,0.1698576327143613,72
3813,2,5991,3040,2951,0,0,0,1.0,1,1.0,1,1.0,1,0.20552778368925775,71
3814,1,5992,3040,2952,0,0,0,1.0,1,1.0,1,1.0,1,0.19432672028461176,72
3815,1,5993,3040,2953,0,0,0,1.0,1,1.0,1,1.0,1,0.18556298344245822,71
3816,0,5993,3040,2953,0,0,0,1.0,1,1.0,1,1.0,1,0.20452028768821298,69
3817,2,5995,3041,2954,0,0,0,1.0,1,1.0,1,1.0,1,0.21889250473859828,72
3818,1,5996,3041,2955,0,0,0,1.0,1,1.0,1,1.0,1,0.19613300739326298,72
3819,1,5997,3042,2955,0,0,0,1.0,1,1.0,1,1.0,1,0.2007630255599376,72
3820,1,5998,3043,2955,0,0,0,1.0,1,1.0,1,1.0,1,0.22032050007668993,72
3821,1,5999,3044,2955,0,0,0,1.0,1,1.0,1,1.0,1,0.24371584626783377,72
3822,2,6001,3045,2956,0,0,0,1.0,1,1.0,1,1.0,1,0.23999369018543817,69
3823,3,6004,3047,2957,0,0,0,1.0,1,1.0,1,1.0,1,0.23892976893401605,69
3824,6,6010,3049,2961,0,0,0,1.0,1,1.0,1,1.0,1,0.2270416732619066,65
3825,1,6011,3050,2961,0,0,0,1.0,1,1.0,1,1.0,1,0.2343095671096518,64
3826,2,6013,3051,2962,0,0,0,1.0,1,1.0,1,1.0,1,0.2362348807440491,65
3827,3,6016,3052,2964,0,0,0,1.0,1,1.0,1,1.0,1,0.21505746966865544,64
3828,2,6018,3053,2965,0,0,0,1.0,1,1.0,1,1.0,1,0.19457857347888896,65
3829,3,6021,3056,2965,0,0,0,1.0,1,1.0,1,1.0,1,0.2123688252267308,65
3830,2,6023,3056,2967,0,0,0,1.0,1,1.0,1,1.0,1,0.18498017358534236,64
3831,3,6026,3059,2967,0,0,0,1.0,1,1.0,1,1.0,1,0.22144537600127334,63
3832,3,6029,3060,2969,0,0,0,1.0,1,1.0,1,1.0,1,0.22602554731628907,64
3833,1,6030,3061,2969,0,0,0,1.0,1,1.0,1,1.0,1,0.2257609408512233,64
3834,2,6032,3061,2971,0,0,0,1.0,1,1.0,1,1.0,1,0.20682910456740608,63
3835,1,6033,3062,2971,0,0,0,1.0,1,1.0,1,1.0,1,0.23111013827117408,63
3836,1,6034,3063,2971,0,0,0,1.0,1,1.0,1,1.0,1,0.2318615374608304,63
3837,3,6037,3065,2972,0,0,0,1.0,1,1.0,1,1.0,1,0.24551028765216784,62
3838,1,6038,3066,2972,0,0,0,1.0,1,1.0,1,1.0,1,0.24248619139591057,62
3839,1,6039,3067,2972,0,0,0,1.0,1,1.0,1,1.0,1,0.280228724673349,60
3840,1,6040,3067,2973,0,0,0,1.0,1,1.0,1,1.0,1,0.2670775209309621,62
3841,1,6041,3068,2973,0,0,0,1.0,1,1.0,1,1.0,1,0.2912804914717311,62
3842,3,6044,3068,2976,0,0,0,1.0,1,1.0,1,1.0,1,0.23123918108290542,63
3843,0,6044,3068,2976,0,0,0,1.0,1,1.0,1,1.0,1,0.2286785716294665,64
3844,0,6044,3068,2976,0,0,0,1.0,1,1.0,1,1.0,1,0.22627826695286596,65
3845,2,6046,3069,2977,0,0,0,1.0,1,1.0,1,1.0,1,0.20639344653963562,66
3846,3,6049,3070,2979,0,0,0,1.0,1,1.0,1,1.0,1,0.20166338477535875,67
3847,5,6054,3072,2982,0,0,0,1.0,1,1.0,1,1.0,1,0.17782871544394935,67
3848,4,6058,3073,2985,0,0,0,1.0,1,1.0,1,1.0,1,0.1365652163793363,67
3849,1,6059,3073,2986,0,0,0,1.0,1,1.0,1,1.0,1,0.14063069799136782,67
3850,2,6061,3075,2986,0,0,0,1.0,1,1.0,1,1.0,1,0.14746089378766716,68
3851,3,6064,3076,2988,0,0,0,1.0,1,1.0,1,1.0,1,0.1261830957362682,68
3852,1,6065,3076,2989,0,0,0,1.0,1,1.0,1,1.0,1,0.1370105139839222,70
3853,2,6067,3077,2990,0,0,0,1.0,1,1.0,1,1.0,1,0.15505017294755763,70
3854,1,6068,3077,2991,0,0,0,1.0,1,1.0,1,1.0,1,0.14450208730828276,70
3855,1,6069,3078,2991,0,0,0,1.0,1,1.0,1,1.0,1,0.1694603725449203,69
3856,1,6070,3079,2991,0,0,0,1.0,1,1.0,1,1.0,1,0.18401132563446704,70
3857,2,6072,3081,2991,0,0,0,1.0,1,1.0,1,1.0,1,0.21509340262466486,68
3858,3,6075,3082,2993,0,0,0,1.0,1,1.0,1,1.0,1,0.2121975864237388,67
3859,2,6077,3082,2995,0,0,0,1.0,1,1.0,1,1.0,1,0.19092263896687472,66
3860,1,6078,3083,2995,0,0,0,1.0,1,1.0,1,1.0,1,0.21483681081542194,66
3861,0,6078,3083,2995,0,0,0,1.0,1,1.0,1,1.0,1,0.22183858308888682,66
3862,3,6081,3085,2996,0,0,0,1.0,1,1.0,1,1.0,1,0.24395364961259045,66
3863,1,6082,3085,2997,0,0,0,1.0,1,1.0,1,1.0,1,0.23373045727467695,63
3864,2,6084,3086,2998,0,0,0,1.0,1,1.0,1,1.0,1,0.23157791148719598,63
3865,2,6086,3088,2998,0,0,0,1.0,1,1.0,1,1.0,1,0.25044339634536444,61
3866,5,6091,3089,3002,0,0,0,1.0,1,1.0,1,1.0,1,0.21090575304880974,61
3867,0,6091,3089,3002,0,0,0,1.0,1,1.0,1,1.0,1,0.20524310508640634,60
3868,0,6091,3089,3002,0,0,0,1.0,1,1.0,1,1.0,1,0.2032526071539355,59
3869,2,6093,3091,3002,0,0,0,1.0,1,1.0,1,1.0,1,0.19667304502527644,61
3870,1,6094,3091,3003,0,0,0,1.0,1,1.0,1,1.0,1,0.18588157998995622,61
3871,2,6096,3092,3004,0,0,0,1.0,1,1.0,1,1.0,1,0.19975886375886412,64
3872,1,6097,3093,3004,0,0,0,1.0,1,1.0,1,1.0,1,0.20736465167530452,63
3873,0,6097,3093,3004,0,0,0,1.0,1,1.0,1,1.0,1,0.2025463092777965,62
3874,1,6098,3094,3004,0,0,0,1.0,1,1.0,1,1.0,1,0.19322384422164937,63
3875,2,6100,3095,3005,0,0,0,1.0,1,1.0,1,1.0,1,0.18458712588557202,61
3876,1,6101,3095,3006,0,0,0,1.0,1,1.0,1,1.0,1,0.16975755264430034,62
3877,4,6105,3097,3008,0,0,0,1.0,1,1.0,1,1.0,1,0.1918059654812218,63
3878,2,6107,3097,3010,0,0,0,1.0,1,1.0,1,1.0,1,0.16300724954403595,63
3879,1,6108,3098,3010,0,0,0,1.0,1,1.0,1,1.0,1,0.17350424695794275,63
3880,2,6110,3098,3012,0,0,0,1.0,1,1.0,1,1.0,1,0.1529517629062961,65
3881,2,6112,3099,3013,0,0,0,1.0,1,1.0,1,1.0,1,0.15510642773947017,65
3882,1,6113,3099,3014,0,0,0,1.0,1,1.0,1,1.0,1,0.14902535969639844,66
3883,0,6113,3099,3014,0,0,0,1.0,1,1.0,1,1.0,1,0.14902535969639844,66
3884,1,6114,3100,3014,0,0,0,1.0,1,1.0,1,1.0,1,0.1741708128475578,66
3885,1,6115,3101,3014,0,0,0,1.0,1,1.0,1,1.0,1,0.17786707385837494,66
3886,2,6117,3103,3014,0,0,0,1.0,1,1.0,1,1.0,1,0.19591142658306784,65
3887,3,6120,3103,3017,0,0,0,1.0,1,1.0,1,1.0,1,0.20563949134531564,65
3888,3,6123,3104,3019,0,0,0,1.0,1,1.0,1,1.0,1,0.23182204760138977,66
3889,0,6123,3104,3019,0,0,0,1.0,1,1.0,1,1.0,1,0.20964188026923458,64
3890,0,6123,3104,3019,0,0,0,1.0,1,1.0,1,1.0,1,0.22213651224752642,63
3891,1,6124,3105,3019,0,0,0,1.0,1,1.0,1,1.0,1,0.22844960325268263,66
3892,3,6127,3105,3022,0,0,0,1.0,1,1.0,1,1.0,1,0.20174548374221787,67
3893,1,6128,3106,3022,0,0,0,1.0,1,1.0,1,1.0,1,0.228329684891078,66
3894,2,6130,3106,3024,0,0,0,1.0,1,1.0,1,1.0,1,0.21119275241872523,67
3895,3,6133,3107,3026,0,0,0,1.0,1,1.0,1,1.0,1,0.21676983732782362,66
3896,1,6134,3108,3026,0,0,0,1.0,1,1.0,1,1.0,1,0.21547384780461507,66
3897,0,6134,3108,3026,0,0,0,1.0,1,1.0,1,1.0,1,0.22481979527720047,65
3898,7,6141,3112,3029,0,0,0,1.0,1,1.0,1,1.0,1,0.24071648452244476,65
3899,1,6142,3113,3029,0,0,0,1.0,1,1.0,1,1.0,1,0.23709176822885794,64
3900,2,6144,3114,3030,0,0,0,1.0,1,1.0,1,1.0,1,0.2509594764316978,63
3901,3,6147,3116,3031,0,0,0,1.0,1,1.0,1,1.0,1,0.22919528302201334,63
3902,2,6149,3116,3033,0,0,0,1.0,1,1.0,1,1.0,1,0.22471105210009246,64
3903,1,6150,3117,3033,0,0,0,1.0,1,1.0,1,1.0,1,0.2204219006863319,64
3904,2,6152,3119,3033,0,0,0,1.0,1,1.0,1,1.0,1,0.21485561885721385,63
3905,0,6152,3119,3033,0,0,0,1.0,1,1.0,1,1.0,1,0.23270800451100707,63
3906,2,6154,3120,3034,0,0,0,1.0,1,1.0,1,1.0,1,0.2279993914942278,64
3907,4,6158,3121,3037,0,0,0,1.0,1,1.0,1,1.0,1,0.21034100424479896,64
3908,3,6161,3121,3040,0,0,0,1.0,1,1.0,1,1.0,1,0.19609258950184708,63
3909,2,6163,3122,3041,0,0,0,1.0,1,1.0,1,1.0,1,0.19905348526450156,62
3910,0,6163,3122,3041,0,0,0,1.0,1,1.0,1,1.0,1,0.20453085723271977,62
3911,1,6164,3122,3042,0,0,0,1.0,1,1.0,1,1.0,1,0.20673664232770567,64
3912,2,6166,3122,3044,0,0,0,1.0,1,1.0,1,1.0,1,0.1778864627183739,64
3913,0,6166,3122,3044,0,0,0,1.0,1,1.0,1,1.0,1,0.18763416305818742,65
3914,0,6166,3122,3044,0,0,0,1.0,1,1.0,1,1.0,1,0.20578688799740044,65
3915,0,6166,3122,3044,0,0,0,1.0,1,1.0,1,1.0,1,0.20595476086141254,66
3916,2,6168,3123,3045,0,0,0,1.0,1,1.0,1,1.0,1,0.20256568740383463,66
3917,2,6170,3123,3047,0,0,0,1.0,1,1.0,1,1.0,1,0.1904026300990857,66
3918,1,6171,3123,3048,0,0,0,1.0,1,1.0,1,1.0,1,0.1990960245427396,67
3919,3,6174,3124,3050,0,0,0,1.0,1,1.0,1,1.0,1,0.20514232508948543,68
3920,1,6175,3125,3050,0,0,0,1.0,1,1.0,1,1.0,1,0.20048389069720737,69
3921,2,6177,3125,3052,0,0,0,1.0,1,1.0,1,1.0,1,0.1836759134997438,68
3922,3,6180,3128,3052,0,0,0,1.0,1,1.0,1,1.0,1,0.2057293249725248,68
3923,3,6183,3128,3055,0,0,0,1.0,1,1.0,1,1.0,1,0.19101877718012766,69
3924,0,6183,3128,3055,0,0,0,1.0,1,1.0,1,1.0,1,0.198341570962359,69
3925,2,6185,3130,3055,0,0,0,1.0,1,1.0,1,1.0,1,0.24971401519147968,67
3926,2,6187,3131,3056,0,0,0,1.0,1,1.0,1,1.0,1,0.2536659390518311,67
3927,2,6189,3131,3058,0,0,0,1.0,1,1.0,1,1.0,1,0.2717813859700725,65
3928,0,6189,3131,3058,0,0,0,1.0,1,1.0,1,1.0,1,0.2717813859700725,65
3929,2,6191,3133,3058,0,0,0,1.0,1,1.0,1,1.0,1,0.2641238167290283,64
3930,0,6191,3133,3058,0,0,0,1.0,1,1.0,1,1.0,1,0.2659959719673591,64
3931,4,6195,3135,3060,0,0,0,1.0,1,1.0,1,1.0,1,0.2568301235523689,62
3932,2,6197,3136,3061,0,0,0,1.0,1,1.0,1,1.0,1,0.25575112200230415,62
3933,2,6199,3137,3062,0,0,0,1.0,1,1.0,1,1.0,1,0.24474057012038192,62
3934,2,6201,3137,3064,0,0,0,1.0,1,1.0,1,1.0,1,0.22246698789376274,61
3935,1,6202,3137,3065,0,0,0,1.0,1,1.0,1,1.0,1,0.23563936133678196,64
3936,2,6204,3137,3067,0,0,0,1.0,1,1.0,1,1.0,1,0.21960849781840383,65
3937,0,6204,3137,3067,0,0,0,1.0,1,1.0,1,1.0,1,0.2198641756937948,66
3938,0,6204,3137,3067,0,0,0,1.0,1,1.0,1,1.0,1,0.2198641756937948,66
3939,0,6204,3137,3067,0,0,0,1.0,1,1.0,1,1.0,1,0.22188835895387776,67
3940,0,6204,3137,3067,0,0,0,1.0,1,1.0,1,1.0,1,0.21791018431987816,69
3941,1,6205,3137,3068,0,0,0,1.0,1,1.0,1,1.0,1,0.2036095675742447,69
3942,1,6206,3138,3068,0,0,0,1.0,1,1.0,1,1.0,1,0.21982690028958018,69
3943,4,6210,3139,3071,0,0,0,1.0,1,1.0,1,1.0,1,0.1973285448504201,68
3944,2,6212,3139,3073,0,0,0,1.0,1,1.0,1,1.0,1,0.1781117426978486,68
3945,3,6215,3142,3073,0,0,0,1.0,1,1.0,1,1.0,1,0.204115640305236,67
3946,1,6216,3142,3074,0,0,0,1.0,1,1.0,1,1.0,1,0.1935683059195941,67
3947,1,6217,3142,3075,0,0,0,1.0,1,1.0,1,1.0,1,0.19054044412377774,66
3948,2,6219,3143,3076,0,0,0,1.0,1,1.0,1,1.0,1,0.2009033995663923,67
3949,5,6224,3148,3076,0,0,0,1.0,1,1.0,1,1.0,1,0.2696614510550039,66
3950,2,6226,3148,3078,0,0,0,1.0,1,1.0,1,1.0,1,0.26334285386332257,65
3951,5,6231,3149,3082,0,0,0,1.0,1,1.0,1,1.0,1,0.21477023283220392,65
3952,4,6235,3150,3085,0,0,0,1.0,1,1.0,1,1.0,1,0.19483407034816855,65
3953,2,6237,3151,3086,0,0,0,1.0,1,1.0,1,1.0,1,0.19486923064528847,65
3954,1,6238,3152,3086,0,0,0,1.0,1,1.0,1,1.0,1,0.19926200264269583,64
3955,3,6241,3153,3088,0,0,0,1.0,1,1.0,1,1.0,1,0.21240133367402178,64
3956,0,6241,3153,3088,0,0,0,1.0,1,1.0,1,1.0,1,0.2167956620298562,63
3957,1,6242,3153,3089,0,0,0,1.0,1,1.0,1,1.0,1,0.20494901580590166,63
3958,0,6242,3153,3089,0,0,0,1.0,1,1.0,1,1.0,1,0.21294006032094975,63
3959,1,6243,3154,3089,0,0,0,1.0,1,1.0,1,1.0,1,0.22304331587921405,62
3960,0,6243,3154,3089,0,0,0,1.0,1,1.0,1,1.0,1,0.22304331587921405,62
3961,3,6246,3155,3091,0,0,0,1.0,1,1.0,1,1.0,1,0.22534228965166886,64
3962,4,6250,3156,3094,0,0,0,1.0,1,1.0,1,1.0,1,0.20626193755565725,64
3963,3,6253,3158,3095,0,0,0,1.0,1,1.0,1,1.0,1,0.2280076556206571,62
3964,1,6254,3158,3096,0,0,0,1.0,1,1.0,1,1.0,1,0.2114929235585126,63
3965,1,6255,3158,3097,0,0,0,1.0,1,1.0,1,1.0,1,0.20693603611428021,63
3966,3,6258,3158,3100,0,0,0,1.0,1,1.0,1,1.0,1,0.1935881652274248,62
3967,0,6258,3158,3100,0,0,0,1.0,1,1.0,1,1.0,1,0.2031020332408874,64
3968,1,6259,3158,3101,0,0,0,1.0,1,1.0,1,1.0,1,0.18733004156429856,63
3969,1,6260,3159,3101,0,0,0,1.0,1,1.0,1,1.0,1,0.20884617302759037,63
3970,2,6262,3159,3103,0,0,0,1.0,1,1.0,1,1.0,1,0.19035047459855955,65
3971,1,6263,3159,3104,0,0,0,1.0,1,1.0,1,1.0,1,0.1880633381577891,65
3972,2,6265,3160,3105,0,0,0,1.0,1,1.0,1,1.0,1,0.19385048896647514,66
3973,0,6265,3160,3105,0,0,0,1.0,1,1.0,1,1.0,1,0.19385048896647514,66
3974,2,6267,3162,3105,0,0,0,1.0,1,1.0,1,1.0,1,0.22555879690737599,66
3975,3,6270,3163,3107,0,0,0,1.0,1,1.0,1,1.0,1,0.19930840487849355,66
3976,5,6275,3165,3110,0,0,0,1.0,1,1.0,1,1.0,1,0.19930596880782672,66
3977,1,6276,3166,3110,0,0,0,1.0,1,1.0,1,1.0,1,0.19443756965696662,64
3978,3,6279,3169,3110,0,0,0,1.0,1,1.0,1,1.0,1,0.23458531718506218,63
3979,1,6280,3169,3111,0,0,0,1.0,1,1.0,1,1.0,1,0.2365194316731352,63
3980,1,6281,3170,3111,0,0,0,1.0,1,1.0,1,1.0,1,0.2422724370205676,63
3981,2,6283,3170,3113,0,0,0,1.0,1,1.0,1,1.0,1,0.22950473089152318,64
3982,1,6284,3170,3114,0,0,0,1.0,1,1.0,1,1.0,1,0.2183738871751429,65
3983,2,6286,3172,3114,0,0,0,1.0,1,1.0,1,1.0,1,0.21532838541026486,64
3984,3,6289,3173,3116,0,0,0,1.0,1,1.0,1,1.0,1,0.19735009137117804,65
3985,3,6292,3174,3118,0,0,0,1.0,1,1.0,1,1.0,1,0.20503791197490762,64
3986,3,6295,3176,3119,0,0,0,1.0,1,1.0,1,1.0,1,0.19297466063939908,63
3987,1,6296,3176,3120,0,0,0,1.0,1,1.0,1,1.0,1,0.19134801263806045,63
3988,3,6299,3177,3122,0,0,0,1.0,1,1.0,1,1.0,1,0.18911903373734187,63
3989,2,6301,3178,3123,0,0,0,1.0,1,1.0,1,1.0,1,0.19903702336103932,63
3990,4,6305,3179,3126,0,0,0,1.0,1,1.0,1,1.0,1,0.1971158829544022,62
3991,2,6307,3179,3128,0,0,0,1.0,1,1.0,1,1.0,1,0.1763051199076279,62
3992,0,6307,3179,3128,0,0,0,1.0,1,1.0,1,1.0,1,0.17718582768377947,65
3993,0,6307,3179,3128,0,0,0,1.0,1,1.0,1,1.0,1,0.17718582768377947,65
3994,0,6307,3179,3128,0,0,0,1.0,1,1.0,1,1.0,1,0.1794001722298877,64
3995,1,6308,3179,3129,0,0,0,1.0,1,1.0,1,1.0,1,0.16153795746734112,64
3996,1,6309,3179,3130,0,0,0,1.0,1,1.0,1,1.0,1,0.14899815552786938,67
3997,2,6311,3179,3132,0,0,0,1.0,1,1.0,1,1.0,1,0.14569394065740165,69
3998,2,6313,3180,3133,0,0,0,1.0,1,1.0,1,1.0,1,0.14662536805311854,69
3999,0,6313,3180,3133,0,0,0,1.0,1,1.0,1,1.0,1,0.14662536805311854,69
4000,1,6314,3181,3133,0,0,0,1.0,1,1.0,1,1.0,1,0.18828415762386538,69
4001,1,6315,3181,3134,0,0,0,1.0,1,1.0,1,1.0,1,0.18368873320703044,68
4002,2,6317,3183,3134,0,0,0,1.0,1,1.0,1,1.0,1,0.20931828826000928,68
4003,5,6322,3184,3138,0,0,0,1.0,1,1.0,1,1.0,1,0.1628022867300439,68
4004,3,6325,3186,3139,0,0,0,1.0,1,1.0,1,1.0,1,0.17077268843639326,67
4005,1,6326,3186,3140,0,0,0,1.0,1,1.0,1,1.0,1,0.15643638309221344,67
4006,2,6328,3188,3140,0,0,0,1.0,1,1.0,1,1.0,1,0.19231345721726437,67
4007,2,6330,3189,3141,0,0,0,1.0,1,1.0,1,1.0,1,0.1925128409466457,67
4008,3,6333,3192,3141,0,0,0,1.0,1,1.0,1,1.0,1,0.24340498918830217,67
4009,3,6336,3193,3143,0,0,0,1.0,1,1.0,1,1.0,1,0.22421697822235692,67
4010,1,6337,3193,3144,0,0,0,1.0,1,1.0,1,1.0,1,0.25139294664186984,66
4011,1,6338,3194,3144,0,0,0,1.0,1,1.0,1,1.0,1,0.26875170101074114,66
4012,1,6339,3194,3145,0,0,0,1.0,1,1.0,1,1.0,1,0.25549468975461426,66
4013,2,6341,3194,3147,0,0,0,1.0,1,1.0,1,1.0,1,0.2528968954199477,66
4014,3,6344,3195,3149,0,0,0,1.0,1,1.0,1,1.0,1,0.23581366737295306,66
4015,0,6344,3195,3149,0,0,0,1.0,1,1.0,1,1.0,1,0.26853078175518263,64
4016,3,6347,3196,3151,0,0,0,1.0,1,1.0,1,1.0,1,0.26955310369418184,64
4017,1,6348,3197,3151,0,0,0,1.0,1,1.0,1,1.0,1,0.26654646195769666,66
4018,2,6350,3197,3153,0,0,0,1.0,1,1.0,1,1.0,1,0.26239249518605884,67
4019,2,6352,3198,3154,0,0,0,1.0,1,1.0,1,1.0,1,0.2671396690451617,67
4020,0,6352,3198,3154,0,0,0,1.0,1,1.0,1,1.0,1,0.28405114690764793,66
4021,4,6356,3201,3155,0,0,0,1.0,1,1.0,1,1.0,1,0.2712477681095019,66
4022,2,6358,3202,3156,0,0,0,1.0,1,1.0,1,1.0,1,0.2705000341794437,66
4023,1,6359,3203,3156,0,0,0,1.0,1,1.0,1,1.0,1,0.26241076290093085,66
4024,2,6361,3205,3156,0,0,0,1.0,1,1.0,1,1.0,1,0.2754664528285128,66
4025,1,6362,3205,3157,0,0,0,1.0,1,1.0,1,1.0,1,0.2622783477163618,66
4026,2,6364,3206,3158,0,0,0,1.0,1,1.0,1,1.0,1,0.2648345467162149,66
4027,1,6365,3207,3158,0,0,0,1.0,1,1.0,1,1.0,1,0.2568962477375894,64
4028,3,6368,3209,3159,0,0,0,1.0,1,1.0,1,1.0,1,0.2775920354708334,63
4029,3,6371,3210,3161,0,0,0,1.0,1,1.0,1,1.0,1,0.25810808945723784,62
4030,1,6372,3210,3162,0,0,0,1.0,1,1.0,1,1.0,1,0.2640146040729308,63
4031,1,6373,3210,3163,0,0,0,1.0,1,1.0,1,1.0,1,0.24425718935351334,62
4032,3,6376,3213,3163,0,0,0,1.0,1,1.0,1,1.0,1,0.2793288712887646,62
4033,6,6382,3216,3166,0,0,0,1.0,1,1.0,1,1.0,1,0.28937958854084594,61
4034,6,6388,3218,3170,0,0,0,1.0,1,1.0,1,1.0,1,0.2307946650763434,60
4035,1,6389,3219,3170,0,0,0,1.0,1,1.0,1,1.0,1,0.2540590508704881,59
4036,4,6393,3221,3172,0,0,0,1.0,1,1.0,1,1.0,1,0.2410469149019717,58
4037,1,6394,3222,3172,0,0,0,1.0,1,1.0,1,1.0,1,0.2391408613301012,59
4038,1,6395,3223,3172,0,0,0,1.0,1,1.0,1,1.0,1,0.24885854518409847,58
4039,1,6396,3224,3172,0,0,0,1.0,1,1.0,1,1.0,1,0.2755486647118853,56
4040,0,6396,3224,3172,0,0,0,1.0,1,1.0,1,1.0,1,0.2983412421776608,55
4041,1,6397,3225,3172,0,0,0,1.0,1,1.0,1,1.0,1,0.3304333760694525,54
4042,2,6399,3227,3172,0,0,0,1.0,1,1.0,1,1.0,1,0.3430040972748855,56
4043,2,6401,3228,3173,0,0,0,1.0,1,1.0,1,1.0,1,0.34983439405234046,56
4044,1,6402,3228,3174,0,0,0,1.0,1,1.0,1,1.0,1,0.3444915133037061,56
4045,2,6404,3229,3175,0,0,0,1.0,1,1.0,1,1.0,1,0.3305674435949417,57
4046,0,6404,3229,3175,0,0,0,1.0,1,1.0,1,1.0,1,0.35698087903945064,59
4047,2,6406,3231,3175,0,0,0,1.0,1,1.0,1,1.0,1,0.3781333038910424,59
4048,1,6407,3232,3175,0,0,0,1.0,1,1.0,1,1.0,1,0.3916760254149605,59
4049,1,6408,3232,3176,0,0,0,1.0,1,1.0,1,1.0,1,0.3739756299810023,60
4050,0,6408,3232,3176,0,0,0,1.0,1,1.0,1,1.0,1,0.3739756299810023,60
4051,0,6408,3232,3176,0,0,0,1.0,1,1.0,1,1.0,1,0.3739756299810023,60
4052,0,6408,3232,3176,0,0,0,1.0,1,1.0,1,1.0,1,0.3739756299810023,60
4053,0,6408,3232,3176,0,0,0,1.0,1,1.0,1,1.0,1,0.3739756299810023,60
4054,2,6410,3233,3177,0,0,0,1.0,1,1.0,1,1.0,1,0.36841368036494493,61
4055,0,6410,3233,3177,0,0,0,1.0,1,1.0,1,1.0,1,0.36841368036494493,61
4056,0,6410,3233,3177,0,0,0,1.0,1,1.0,1,1.0,1,0.37690774213342043,62
4057,0,6410,3233,3177,0,0,0,1.0,1,1.0,1,1.0,1,0.3804137944435445,63
4058,2,6412,3233,3179,0,0,0,1.0,1,1.0,1,1.0,1,0.38624349359619586,64
4059,2,6414,3233,3181,0,0,0,1.0,1,1.0,1,1.0,1,0.3837698460713093,63
4060,1,6415,3233,3182,0,0,0,1.0,1,1.0,1,1.0,1,0.3742285437247226,63
4061,0,6415,3233,3182,0,0,0,1.0,1,1.0,1,1.0,1,0.3760403093435597,63
4062,3,6418,3235,3183,0,0,0,1.0,1,1.0,1,1.0,1,0.37817881182320817,65
4063,2,6420,3235,3185,0,0,0,1.0,1,1.0,1,1.0,1,0.3452335551677044,64
4064,4,6424,3237,3187,0,0,0,1.0,1,1.0,1,1.0,1,0.3406802284676565,65
4065,3,6427,3238,3189,0,0,0,1.0,1,1.0,1,1.0,1,0.3137702916416598,64
4066,3,6430,3240,3190,0,0,0,1.0,1,1.0,1,1.0,1,0.32369996740762647,64
4067,4,6434,3243,3191,0,0,0,1.0,1,1.0,1,1.0,1,0.33616028943820525,63
4068,4,6438,3244,3194,0,0,0,1.0,1,1.0,1,1.0,1,0.3246729174791588,64
4069,8,6446,3248,3198,0,0,0,1.0,1,1.0,1,1.0,1,0.2961468594867758,62
4070,4,6450,3251,3199,0,0,0,1.0,1,1.0,1,1.0,1,0.30564161820602276,61
4071,5,6455,3253,3202,0,0,0,1.0,1,1.0,1,1.0,1,0.29073355767356573,61
4072,3,6458,3256,3202,0,0,0,1.0,1,1.0,1,1.0,1,0.3084038752397772,60
4073,5,6463,3258,3205,0,0,0,1.0,1,1.0,1,1.0,1,0.25861349630338437,60
4074,6,6469,3263,3206,0,0,0,1.0,1,1.0,1,1.0,1,0.27990287413762044,60
4075,3,6472,3263,3209,0,0,0,1.0,1,1.0,1,1.0,1,0.23810203626203552,59
4076,1,6473,3264,3209,0,0,0,1.0,1,1.0,1,1.0,1,0.2541617660535334,60
4077,1,6474,3265,3209,0,0,0,1.0,1,1.0,1,1.0,1,0.2721080143066804,61
4078,1,6475,3265,3210,0,0,0,1.0,1,1.0,1,1.0,1,0.2691438494962831,60
4079,3,6478,3266,3212,0,0,0,1.0,1,1.0,1,1.0,1,0.26428326233495936,58
4080,0,6478,3266,3212,0,0,0,1.0,1,1.0,1,1.0,1,0.27466923104623786,56
4081,0,6478,3266,3212,0,0,0,1.0,1,1.0,1,1.0,1,0.2744027573484694,56
4082,1,6479,3266,3213,0,0,0,1.0,1,1.0,1,1.0,1,0.286590445198921,55
4083,0,6479,3266,3213,0,0,0,1.0,1,1.0,1,1.0,1,0.286590445198921,55
4084,0,6479,3266,3213,0,0,0,1.0,1,1.0,1,1.0,1,0.286590445198921,55
4085,4,6483,3268,3215,0,0,0,1.0,1,1.0,1,1.0,1,0.2816074734169374,56
4086,2,6485,3269,3216,0,0,0,1.0,1,1.0,1,1.0,1,0.25631721878161395,57
4087,1,6486,3270,3216,0,0,0,1.0,1,1.0,1,1.0,1,0.27388460079410504,57
4088,2,6488,3270,3218,0,0,0,1.0,1,1.0,1,1.0,1,0.26402657782032174,57
4089,2,6490,3270,3220,0,0,0,1.0,1,1.0,1,1.0,1,0.26709638049152423,56
4090,1,6491,3271,3220,0,0,0,1.0,1,1.0,1,1.0,1,0.26164478219155174,56
4091,2,6493,3271,3222,0,0,0,1.0,1,1.0,1,1.0,1,0.2585341778301085,56
4092,1,6494,3271,3223,0,0,0,1.0,1,1.0,1,1.0,1,0.2529579326718664,57
4093,1,6495,3272,3223,0,0,0,1.0,1,1.0,1,1.0,1,0.26883340916406867,58
4094,3,6498,3274,3224,0,0,0,1.0,1,1.0,1,1.0,1,0.2823031599840924,57
4095,2,6500,3274,3226,0,0,0,1.0,1,1.0,1,1.0,1,0.26114270404720347,57
4096,2,6502,3275,3227,0,0,0,1.0,1,1.0,1,1.0,1,0.24184284309815915,59
4097,3,6505,3276,3229,0,0,0,1.0,1,1.0,1,1.0,1,0.21614527369903228,59
4098,1,6506,3276,3230,0,0,0,1.0,1,1.0,1,1.0,1,0.21136679826016752,59
4099,2,6508,3278,3230,0,0,0,1.0,1,1.0,1,1.0,1,0.21107479634374732,60
4100,3,6511,3279,3232,0,0,0,1.0,1,1.0,1,1.0,1,0.20282029431854978,60
4101,3,6514,3280,3234,0,0,0,1.0,1,1.0,1,1.0,1,0.1827411512773828,60
4102,7,6521,3286,3235,0,0,0,1.0,1,1.0,1,1.0,1,0.20381969424122043,60
4103,1,6522,3286,3236,0,0,0,1.0,1,1.0,1,1.0,1,0.1995952408829048,58
4104,3,6525,3288,3237,0,0,0,1.0,1,1.0,1,1.0,1,0.1968577483400055,60
4105,1,6526,3289,3237,0,0,0,1.0,1,1.0,1,1.0,1,0.20571505270630902,59
4106,4,6530,3290,3240,0,0,0,1.0,1,1.0,1,1.0,1,0.16341692752111914,61
4107,2,6532,3291,3241,0,0,0,1.0,1,1.0,1,1.0,1,0.16997415892550483,59
4108,1,6533,3291,3242,0,0,0,1.0,1,1.0,1,1.0,1,0.15973461307280598,60
4109,1,6534,3291,3243,0,0,0,1.0,1,1.0,1,1.0,1,0.13463670068057756,59
4110,1,6535,3292,3243,0,0,0,1.0,1,1.0,1,1.0,1,0.17178710355276347,60
4111,1,6536,3292,3244,0,0,0,1.0,1,1.0,1,1.0,1,0.1635860566628627,61
4112,0,6536,3292,3244,0,0,0,1.0,1,1.0,1,1.0,1,0.1614739611058131,60
4113,2,6538,3293,3245,0,0,0,1.0,1,1.0,1,1.0,1,0.15751814018124663,61
4114,0,6538,3293,3245,0,0,0,1.0,1,1.0,1,1.0,1,0.15473301900842365,62
4115,3,6541,3296,3245,0,0,0,1.0,1,1.0,1,1.0,1,0.1936291439119325,60
4116,1,6542,3297,3245,0,0,0,1.0,1,1.0,1,1.0,1,0.2089362681554279,59
4117,5,6547,3299,3248,0,0,0,1.0,1,1.0,1,1.0,1,0.18721842382878534,56
4118,0,6547,3299,3248,0,0,0,1.0,1,1.0,1,1.0,1,0.1963543400013692,55
4119,1,6548,3299,3249,0,0,0,1.0,1,1.0,1,1.0,1,0.18492300689960717,53
4120,2,6550,3300,3250,0,0,0,1.0,1,1.0,1,1.0,1,0.17434154091079584,52
4121,5,6555,3305,3250,0,0,0,1.0,1,1.0,1,1.0,1,0.19116829304621913,53
4122,4,6559,3306,3253,0,0,0,1.0,1,1.0,1,1.0,1,0.16524641964167816,52
4123,3,6562,3308,3254,0,0,0,1.0,1,1.0,1,1.0,1,0.15424269261757967,51
4124,2,6564,3309,3255,0,0,0,1.0,1,1.0,1,1.0,1,0.16468435088014718,51
4125,1,6565,3310,3255,0,0,0,1.0,1,1.0,1,1.0,1,0.15603012222810914,50
4126,4,6569,3313,3256,0,0,0,1.0,1,1.0,1,1.0,1,0.20500058685093778,50
4127,1,6570,3313,3257,0,0,0,1.0,1,1.0,1,1.0,1,0.18176411727759584,49
4128,0,6570,3313,3257,0,0,0,1.0,1,1.0,1,1.0,1,0.18176411727759584,49
4129,0,6570,3313,3257,0,0,0,1.0,1,1.0,1,1.0,1,0.18176411727759584,49
4130,0,6570,3313,3257,0,0,0,1.0,1,1.0,1,1.0,1,0.18220662575121438,50
4131,1,6571,3313,3258,0,0,0,1.0,1,1.0,1,1.0,1,0.16956250306533066,50
4132,0,6571,3313,3258,0,0,0,1.0,1,1.0,1,1.0,1,0.16956250306533066,50
4133,3,6574,3314,3260,0,0,0,1.0,1,1.0,1,1.0,1,0.1616773059465448,51
4134,1,6575,3314,3261,0,0,0,1.0,1,1.0,1,1.0,1,0.1543921824292598,53
4135,0,6575,3314,3261,0,0,0,1.0,1,1.0,1,1.0,1,0.1465628384430608,54
4136,0,6575,3314,3261,0,0,0,1.0,1,1.0,1,1.0,1,0.1465628384430608,54
4137,2,6577,3316,3261,0,0,0,1.0,1,1.0,1,1.0,1,0.1693608028251777,55
4138,2,6579,3316,3263,0,0,0,1.0,1,1.0,1,1.0,1,0.13654258453581353,54
4139,1,6580,3316,3264,0,0,0,1.0,1,1.0,1,1.0,1,0.1332984831844377,54
4140,1,6581,3317,3264,0,0,0,1.0,1,1.0,1,1.0,1,0.15114541043812169,55
4141,0,6581,3317,3264,0,0,0,1.0,1,1.0,1,1.0,1,0.1590476093049334,55
4142,0,6581,3317,3264,0,0,0,1.0,1,1.0,1,1.0,1,0.1590476093049334,55
4143,0,6581,3317,3264,0,0,0,1.0,1,1.0,1,1.0,1,0.183490294427904,53
4144,3,6584,3319,3265,0,0,0,1.0,1,1.0,1,1.0,1,0.17937576469613473,52
4145,1,6585,3320,3265,0,0,0,1.0,1,1.0,1,1.0,1,0.20849766634464187,51
4146,4,6589,3321,3268,0,0,0,1.0,1,1.0,1,1.0,1,0.19440458778987238,51
4147,2,6591,3322,3269,0,0,0,1.0,1,1.0,1,1.0,1,0.1926355222472487,50
4148,3,6594,3324,3270,0,0,0,1.0,1,1.0,1,1.0,1,0.2422040309992405,52
4149,2,6596,3324,3272,0,0,0,1.0,1,1.0,1,1.0,1,0.18305144869446893,53
4150,4,6600,3326,3274,0,0,0,1.0,1,1.0,1,1.0,1,0.19278329619626366,53
4151,0,6600,3326,3274,0,0,0,1.0,1,1.0,1,1.0,1,0.19278329619626366,53
4152,3,6603,3328,3275,0,0,0,1.0,1,1.0,1,1.0,1,0.15420256701105864,54
4153,2,6605,3329,3276,0,0,0,1.0,1,1.0,1,1.0,1,0.1614754969150948,51
4154,2,6607,3330,3277,0,0,0,1.0,1,1.0,1,1.0,1,0.1526459851137619,51
4155,4,6611,3333,3278,0,0,0,1.0,1,1.0,1,1.0,1,0.23899007705396985,51
4156,4,6615,3336,3279,0,0,0,1.0,1,1.0,1,1.0,1,0.21700975885044368,52
4157,0,6615,3336,3279,0,0,0,1.0,1,1.0,1,1.0,1,0.2237372669935892,52
4158,1,6616,3336,3280,0,0,0,1.0,1,1.0,1,1.0,1,0.2169939939639329,52
4159,0,6616,3336,3280,0,0,0,1.0,1,1.0,1,1.0,1,0.198842077562159,52
4160,3,6619,3338,3281,0,0,0,1.0,1,1.0,1,1.0,1,0.2134383025151503,50
4161,0,6619,3338,3281,0,0,0,1.0,1,1.0,1,1.0,1,0.2134383025151503,50
4162,1,6620,3338,3282,0,0,0,1.0,1,1.0,1,1.0,1,0.206409535968893,51
4163,2,6622,3338,3284,0,0,0,1.0,1,1.0,1,1.0,1,0.21338339565945724,48
4164,3,6625,3340,3285,0,0,0,1.0,1,1.0,1,1.0,1,0.24840250579292752,50
4165,1,6626,3340,3286,0,0,0,1.0,1,1.0,1,1.0,1,0.23278057349645623,49
4166,0,6626,3340,3286,0,0,0,1.0,1,1.0,1,1.0,1,0.22774394672382833,50
4167,1,6627,3340,3287,0,0,0,1.0,1,1.0,1,1.0,1,0.23859583652250305,50
4168,1,6628,3340,3288,0,0,0,1.0,1,1.0,1,1.0,1,0.25226134320068205,50
4169,0,6628,3340,3288,0,0,0,1.0,1,1.0,1,1.0,1,0.25331200972030754,51
4170,1,6629,3340,3289,0,0,0,1.0,1,1.0,1,1.0,1,0.26573350370148463,50
4171,3,6632,3343,3289,0,0,0,1.0,1,1.0,1,1.0,1,0.2726768717059794,50
4172,0,6632,3343,3289,0,0,0,1.0,1,1.0,1,1.0,1,0.2934138384095167,49
4173,3,6635,3344,3291,0,0,0,1.0,1,1.0,1,1.0,1,0.3051417943085745,48
4174,3,6638,3345,3293,0,0,0,1.0,1,1.0,1,1.0,1,0.2925523330664277,48
4175,3,6641,3345,3296,0,0,0,1.0,1,1.0,1,1.0,1,0.2516784169914091,48
4176,2,6643,3345,3298,0,0,0,1.0,1,1.0,1,1.0,1,0.23658377229833452,50
4177,1,6644,3346,3298,0,0,0,1.0,1,1.0,1,1.0,1,0.2394859212614175,52
4178,1,6645,3347,3298,0,0,0,1.0,1,1.0,1,1.0,1,0.2428181778423547,53
4179,3,6648,3349,3299,0,0,0,1.0,1,1.0,1,1.0,1,0.22852349590377607,54
4180,3,6651,3349,3302,0,0,0,1.0,1,1.0,1,1.0,1,0.21387956719547052,55
4181,1,6652,3349,3303,0,0,0,1.0,1,1.0,1,1.0,1,0.19799749782895026,56
4182,0,6652,3349,3303,0,0,0,1.0,1,1.0,1,1.0,1,0.19799749782895026,56
4183,2,6654,3350,3304,0,0,0,1.0,1,1.0,1,1.0,1,0.20541097103238873,57
4184,3,6657,3353,3304,0,0,0,1.0,1,1.0,1,1.0,1,0.25352514659110087,57
4185,3,6660,3353,3307,0,0,0,1.0,1,1.0,1,1.0,1,0.209874338607866,54
4186,3,6663,3355,3308,0,0,0,1.0,1,1.0,1,1.0,1,0.2113147354064614,55
4187,0,6663,3355,3308,0,0,0,1.0,1,1.0,1,1.0,1,0.20887375416081344,53
4188,3,6666,3356,3310,0,0,0,1.0,1,1.0,1,1.0,1,0.1678697662898335,53
4189,3,6669,3358,3311,0,0,0,1.0,1,1.0,1,1.0,1,0.16811348337204884,53
4190,1,6670,3358,3312,0,0,0,1.0,1,1.0,1,1.0,1,0.16102638260798194,53
4191,0,6670,3358,3312,0,0,0,1.0,1,1.0,1,1.0,1,0.17682026826606664,51
4192,1,6671,3359,3312,0,0,0,1.0,1,1.0,1,1.0,1,0.20144715840985186,51
4193,2,6673,3361,3312,0,0,0,1.0,1,1.0,1,1.0,1,0.20481284743564557,50
4194,1,6674,3361,3313,0,0,0,1.0,1,1.0,1,1.0,1,0.18649874291139187,50
4195,1,6675,3362,3313,0,0,0,1.0,1,1.0,1,1.0,1,0.2201747564632314,50
4196,2,6677,3363,3314,0,0,0,1.0,1,1.0,1,1.0,1,0.27128102814065824,51
4197,1,6678,3363,3315,0,0,0,1.0,1,1.0,1,1.0,1,0.2751107980933029,50
4198,2,6680,3364,3316,0,0,0,1.0,1,1.0,1,1.0,1,0.252814205515094,48
4199,1,6681,3364,3317,0,0,0,1.0,1,1.0,1,1.0,1,0.27789044377746486,48
4200,1,6682,3365,3317,0,0,0,1.0,1,1.0,1,1.0,1,0.3078767530748433,48
4201,0,6682,3365,3317,0,0,0,1.0,1,1.0,1,1.0,1,0.32927329522853244,47
4202,0,6682,3365,3317,0,0,0,1.0,1,1.0,1,1.0,1,0.32927329522853244,47
4203,0,6682,3365,3317,0,0,0,1.0,1,1.0,1,1.0,1,0.32927329522853244,47
4204,4,6686,3368,3318,0,0,0,1.0,1,1.0,1,1.0,1,0.3322746480155457,48
4205,2,6688,3368,3320,0,0,0,1.0,1,1.0,1,1.0,1,0.30384240538485335,49
4206,2,6690,3369,3321,0,0,0,1.0,1,1.0,1,1.0,1,0.30157442755996144,49
4207,1,6691,3369,3322,0,0,0,1.0,1,1.0,1,1.0,1,0.2901353513504324,48
4208,2,6693,3371,3322,0,0,0,1.0,1,1.0,1,1.0,1,0.28683753274321655,49
4209,3,6696,3373,3323,0,0,0,1.0,1,1.0,1,1.0,1,0.2890473968714516,51
4210,1,6697,3374,3323,0,0,0,1.0,1,1.0,1,1.0,1,0.3125568830367356,52
4211,1,6698,3374,3324,0,0,0,1.0,1,1.0,1,1.0,1,0.3101738665240861,53
4212,0,6698,3374,3324,0,0,0,1.0,1,1.0,1,1.0,1,0.3101738665240861,53
4213,0,6698,3374,3324,0,0,0,1.0,1,1.0,1,1.0,1,0.31364201555149396,54
4214,2,6700,3374,3326,0,0,0,1.0,1,1.0,1,1.0,1,0.2887756218062943,54
4215,1,6701,3375,3326,0,0,0,1.0,1,1.0,1,1.0,1,0.2887208946811326,54
4216,0,6701,3375,3326,0,0,0,1.0,1,1.0,1,1.0,1,0.3041490711397914,53
4217,3,6704,3377,3327,0,0,0,1.0,1,1.0,1,1.0,1,0.3280604328946335,54
4218,3,6707,3379,3328,0,0,0,1.0,1,1.0,1,1.0,1,0.3407815314268024,53
4219,2,6709,3380,3329,0,0,0,1.0,1,1.0,1,1.0,1,0.3439511452943137,53
4220,1,6710,3380,3330,0,0,0,1.0,1,1.0,1,1.0,1,0.3481571247887976,53
4221,0,6710,3380,3330,0,0,0,1.0,1,1.0,1,1.0,1,0.3561421281689343,54
4222,3,6713,3382,3331,0,0,0,1.0,1,1.0,1,1.0,1,0.34925629916704115,55
4223,2,6715,3383,3332,0,0,0,1.0,1,1.0,1,1.0,1,0.3507777554754476,56
4224,4,6719,3385,3334,0,0,0,1.0,1,1.0,1,1.0,1,0.35049175403865485,55
4225,3,6722,3386,3336,0,0,0,1.0,1,1.0,1,1.0,1,0.32013018795469855,53
4226,4,6726,3389,3337,0,0,0,1.0,1,1.0,1,1.0,1,0.3441873256232654,54
4227,2,6728,3390,3338,0,0,0,1.0,1,1.0,1,1.0,1,0.3359637095288292,52
4228,2,6730,3392,3338,0,0,0,1.0,1,1.0,1,1.0,1,0.35119742329123677,51
4229,0,6730,3392,3338,0,0,0,1.0,1,1.0,1,1.0,1,0.34802332983628237,48
4230,0,6730,3392,3338,0,0,0,1.0,1,1.0,1,1.0,1,0.3489048412795062,48
4231,0,6730,3392,3338,0,0,0,1.0,1,1.0,1,1.0,1,0.3302776547091194,48
4232,1,6731,3393,3338,0,0,0,1.0,1,1.0,1,1.0,1,0.32924501099887404,48
4233,1,6732,3393,3339,0,0,0,1.0,1,1.0,1,1.0,1,0.28706165443734755,48
4234,2,6734,3395,3339,0,0,0,1.0,1,1.0,1,1.0,1,0.32280644621456167,49
4235,5,6739,3396,3343,0,0,0,1.0,1,1.0,1,1.0,1,0.25359256614210307,47
4236,3,6742,3397,3345,0,0,0,1.0,1,1.0,1,1.0,1,0.2766215623311696,47
4237,1,6743,3397,3346,0,0,0,1.0,1,1.0,1,1.0,1,0.26268093903217266,48
4238,1,6744,3397,3347,0,0,0,1.0,1,1.0,1,1.0,1,0.25517590339615315,47
4239,1,6745,3397,3348,0,0,0,1.0,1,1.0,1,1.0,1,0.25667538635418335,48
4240,1,6746,3398,3348,0,0,0,1.0,1,1.0,1,1.0,1,0.27142167173390774,47
4241,0,6746,3398,3348,0,0,0,1.0,1,1.0,1,1.0,1,0.28476258986510916,49
4242,2,6748,3398,3350,0,0,0,1.0,1,1.0,1,1.0,1,0.2505563941621366,49
4243,1,6749,3399,3350,0,0,0,1.0,1,1.0,1,1.0,1,0.2691939535668615,50
4244,3,6752,3400,3352,0,0,0,1.0,1,1.0,1,1.0,1,0.3007699950231014,51
4245,3,6755,3400,3355,0,0,0,1.0,1,1.0,1,1.0,1,0.2952025594073594,51
4246,0,6755,3400,3355,0,0,0,1.0,1,1.0,1,1.0,1,0.2952025594073594,51
4247,2,6757,3400,3357,0,0,0,1.0,1,1.0,1,1.0,1,0.28630865799515304,52
4248,4,6761,3401,3360,0,0,0,1.0,1,1.0,1,1.0,1,0.2764689427827138,52
4249,3,6764,3401,3363,0,0,0,1.0,1,1.0,1,1.0,1,0.22480412770707547,52
4250,1,6765,3402,3363,0,0,0,1.0,1,1.0,1,1.0,1,0.21512740600852767,52
4251,5,6770,3404,3366,0,0,0,1.0,1,1.0,1,1.0,1,0.18372197254258024,53
4252,2,6772,3405,3367,0,0,0,1.0,1,1.0,1,1.0,1,0.17714595701558342,53
4253,1,6773,3406,3367,0,0,0,1.0,1,1.0,1,1.0,1,0.18670856973830022,54
4254,3,6776,3408,3368,0,0,0,1.0,1,1.0,1,1.0,1,0.21384796453502597,54
4255,2,6778,3409,3369,0,0,0,1.0,1,1.0,1,1.0,1,0.21594711115305731,55
4256,4,6782,3410,3372,0,0,0,1.0,1,1.0,1,1.0,1,0.15917605062679993,57
4257,0,6782,3410,3372,0,0,0,1.0,1,1.0,1,1.0,1,0.15917605062679993,57
4258,2,6784,3410,3374,0,0,0,1.0,1,1.0,1,1.0,1,0.1658691657919574,57
4259,1,6785,3410,3375,0,0,0,1.0,1,1.0,1,1.0,1,0.14771816021839332,57
4260,1,6786,3410,3376,0,0,0,1.0,1,1.0,1,1.0,1,0.15210965551476507,58
4261,0,6786,3410,3376,0,0,0,1.0,1,1.0,1,1.0,1,0.15857771940267762,59
4262,2,6788,3411,3377,0,0,0,1.0,1,1.0,1,1.0,1,0.15863239700137993,60
4263,2,6790,3413,3377,0,0,0,1.0,1,1.0,1,1.0,1,0.17816421177679748,59
4264,3,6793,3415,3378,0,0,0,1.0,1,1.0,1,1.0,1,0.19650950420807897,58
4265,2,6795,3415,3380,0,0,0,1.0,1,1.0,1,1.0,1,0.1609262683987565,58
4266,3,6798,3416,3382,0,0,0,1.0,1,1.0,1,1.0,1,0.1638142389710709,58
4267,2,6800,3417,3383,0,0,0,1.0,1,1.0,1,1.0,1,0.14971542979538438,55
4268,4,6804,3420,3384,0,0,0,1.0,1,1.0,1,1.0,1,0.20680668579541298,55
4269,3,6807,3422,3385,0,0,0,1.0,1,1.0,1,1.0,1,0.21142950684768147,50
4270,2,6809,3424,3385,0,0,0,1.0,1,1.0,1,1.0,1,0.25114545451578796,47
4271,0,6809,3424,3385,0,0,0,1.0,1,1.0,1,1.0,1,0.24983131585500654,47
4272,1,6810,3424,3386,0,0,0,1.0,1,1.0,1,1.0,1,0.2527351698291631,46
4273,4,6814,3425,3389,0,0,0,1.0,1,1.0,1,1.0,1,0.21889156313858343,47
4274,2,6816,3426,3390,0,0,0,1.0,1,1.0,1,1.0,1,0.24301198530020174,45
4275,6,6822,3430,3392,0,0,0,1.0,1,1.0,1,1.0,1,0.2303983300957005,44
4276,1,6823,3430,3393,0,0,0,1.0,1,1.0,1,1.0,1,0.19857775688567836,43
4277,4,6827,3433,3394,0,0,0,1.0,1,1.0,1,1.0,1,0.24331522502076577,42
4278,4,6831,3435,3396,0,0,0,1.0,1,1.0,1,1.0,1,0.20137616744376327,43
4279,3,6834,3438,3396,0,0,0,1.0,1,1.0,1,1.0,1,0.25563353248349296,42
4280,7,6841,3440,3401,0,0,0,1.0,1,1.0,1,1.0,1,0.21541765613329605,44
4281,1,6842,3441,3401,0,0,0,1.0,1,1.0,1,1.0,1,0.23545394461710423,44
4282,1,6843,3441,3402,0,0,0,1.0,1,1.0,1,1.0,1,0.21399216290037576,44
4283,0,6843,3441,3402,0,0,0,1.0,1,1.0,1,1.0,1,0.2009364362626038,45
4284,0,6843,3441,3402,0,0,0,1.0,1,1.0,1,1.0,1,0.2009364362626038,45
4285,1,6844,3441,3403,0,0,0,1.0,1,1.0,1,1.0,1,0.15785485664400892,47
4286,0,6844,3441,3403,0,0,0,1.0,1,1.0,1,1.0,1,0.15785485664400892,47
4287,1,6845,3441,3404,0,0,0,1.0,1,1.0,1,1.0,1,0.1534983105499232,49
4288,0,6845,3441,3404,0,0,0,1.0,1,1.0,1,1.0,1,0.1534983105499232,49
4289,2,6847,3442,3405,0,0,0,1.0,1,1.0,1,1.0,1,0.1390343150407576,50
4290,2,6849,3443,3406,0,0,0,1.0,1,1.0,1,1.0,1,0.1481887792105279,51
4291,2,6851,3445,3406,0,0,0,1.0,1,1.0,1,1.0,1,0.1839071746384877,50
4292,2,6853,3446,3407,0,0,0,1.0,1,1.0,1,1.0,1,0.2144383332843982,51
4293,1,6854,3446,3408,0,0,0,1.0,1,1.0,1,1.0,1,0.1800767558309307,51
4294,1,6855,3446,3409,0,0,0,1.0,1,1.0,1,1.0,1,0.1800546104276486,50
4295,1,6856,3447,3409,0,0,0,1.0,1,1.0,1,1.0,1,0.20338595950294386,50
4296,0,6856,3447,3409,0,0,0,1.0,1,1.0,1,1.0,1,0.20617674270660608,49
4297,1,6857,3447,3410,0,0,0,1.0,1,1.0,1,1.0,1,0.20601657997724088,49
4298,1,6858,3447,3411,0,0,0,1.0,1,1.0,1,1.0,1,0.1925981770361482,49
4299,0,6858,3447,3411,0,0,0,1.0,1,1.0,1,1.0,1,0.19713912970347616,48
4300,2,6860,3448,3412,0,0,0,1.0,1,1.0,1,1.0,1,0.1691851933052505,49
4301,2,6862,3449,3413,0,0,0,1.0,1,1.0,1,1.0,1,0.15914002933145405,50
4302,1,6863,3449,3414,0,0,0,1.0,1,1.0,1,1.0,1,0.16559608100266413,51
4303,2,6865,3451,3414,0,0,0,1.0,1,1.0,1,1.0,1,0.18940507185246014,51
4304,5,6870,3454,3416,0,0,0,1.0,1,1.0,1,1.0,1,0.19101610196688956,51
4305,3,6873,3456,3417,0,0,0,1.0,1,1.0,1,1.0,1,0.14237104189831096,49
4306,2,6875,3458,3417,0,0,0,1.0,1,1.0,1,1.0,1,0.1980251120023004,49
4307,3,6878,3461,3417,0,0,0,1.0,1,1.0,1,1.0,1,0.1753614805160127,46
4308,3,6881,3463,3418,0,0,0,1.0,1,1.0,1,1.0,1,0.16724238563198007,44
4309,2,6883,3463,3420,0,0,0,1.0,1,1.0,1,1.0,1,0.1549802721094138,44
4310,0,6883,3463,3420,0,0,0,1.0,1,1.0,1,1.0,1,0.14515506490224958,42
4311,3,6886,3466,3420,0,0,0,1.0,1,1.0,1,1.0,1,0.16357098720852084,42
4312,2,6888,3468,3420,0,0,0,1.0,1,1.0,1,1.0,1,0.17307751476930883,40
4313,5,6893,3471,3422,0,0,0,1.0,1,1.0,1,1.0,1,0.18246069160958028,40
4314,0,6893,3471,3422,0,0,0,1.0,1,1.0,1,1.0,1,0.1870831567544141,36
4315,1,6894,3472,3422,0,0,0,1.0,1,1.0,1,1.0,1,0.23152503749784265,37
4316,4,6898,3475,3423,0,0,0,1.0,1,1.0,1,1.0,1,0.3414679043428913,37
4317,4,6902,3477,3425,0,0,0,1.0,1,1.0,1,1.0,1,0.303851228836306,36
4318,3,6905,3479,3426,0,0,0,1.0,1,1.0,1,1.0,1,0.2949134622596678,34
4319,1,6906,3479,3427,0,0,0,1.0,1,1.0,1,1.0,1,0.2672993571136275,34
4320,0,6906,3479,3427,0,0,0,1.0,1,1.0,1,1.0,1,0.2672993571136275,34
4321,0,6906,3479,3427,0,0,0,1.0,1,1.0,1,1.0,1,0.30693408874703654,35
4322,0,6906,3479,3427,0,0,0,1.0,1,1.0,1,1.0,1,0.30693408874703654,35
4323,0,6906,3479,3427,0,0,0,1.0,1,1.0,1,1.0,1,0.30693408874703654,35
4324,2,6908,3479,3429,0,0,0,1.0,1,1.0,1,1.0,1,0.2733280886974174,34
4325,1,6909,3479,3430,0,0,0,1.0,1,1.0,1,1.0,1,0.2555276073595802,34
4326,3,6912,3480,3432,0,0,0,1.0,1,1.0,1,1.0,1,0.2402810178649596,36
4327,1,6913,3480,3433,0,0,0,1.0,1,1.0,1,1.0,1,0.21352116119192827,35
4328,2,6915,3482,3433,0,0,0,1.0,1,1.0,1,1.0,1,0.21851644375859186,35
4329,3,6918,3483,3435,0,0,0,1.0,1,1.0,1,1.0,1,0.22425388445846414,38
4330,4,6922,3485,3437,0,0,0,1.0,1,1.0,1,1.0,1,0.23052290835755299,38
4331,2,6924,3485,3439,0,0,0,1.0,1,1.0,1,1.0,1,0.19087252462862225,39
4332,0,6924,3485,3439,0,0,0,1.0,1,1.0,1,1.0,1,0.20248427450143563,40
4333,0,6924,3485,3439,0,0,0,1.0,1,1.0,1,1.0,1,0.17970293525379272,41
4334,0,6924,3485,3439,0,0,0,1.0,1,1.0,1,1.0,1,0.17970293525379272,41
4335,2,6926,3487,3439,0,0,0,1.0,1,1.0,1,1.0,1,0.14466427933670417,42
4336,0,6926,3487,3439,0,0,0,1.0,1,1.0,1,1.0,1,0.15778711330476955,43
4337,0,6926,3487,3439,0,0,0,1.0,1,1.0,1,1.0,1,0.1403491563665531,44
4338,0,6926,3487,3439,0,0,0,1.0,1,1.0,1,1.0,1,0.1403491563665531,44
4339,1,6927,3488,3439,0,0,0,1.0,1,1.0,1,1.0,1,0.1722155243511625,46
4340,2,6929,3488,3441,0,0,0,1.0,1,1.0,1,1.0,1,0.1477895886341807,47
4341,2,6931,3489,3442,0,0,0,1.0,1,1.0,1,1.0,1,0.1397021905412732,47
4342,3,6934,3491,3443,0,0,0,1.0,1,1.0,1,1.0,1,0.1845971102263104,47
4343,0,6934,3491,3443,0,0,0,1.0,1,1.0,1,1.0,1,0.16001875542603342,42
4344,2,6936,3493,3443,0,0,0,1.0,1,1.0,1,1.0,1,0.22668064749032651,42
4345,5,6941,3496,3445,0,0,0,1.0,1,1.0,1,1.0,1,0.25836175806973094,39
4346,1,6942,3496,3446,0,0,0,1.0,1,1.0,1,1.0,1,0.24863293415509935,37
4347,1,6943,3496,3447,0,0,0,1.0,1,1.0,1,1.0,1,0.25179542028214263,37
4348,5,6948,3499,3449,0,0,0,1.0,1,1.0,1,1.0,1,0.25879503939715354,38
4349,1,6949,3499,3450,0,0,0,1.0,1,1.0,1,1.0,1,0.19422411717673044,36
4350,3,6952,3501,3451,0,0,0,1.0,1,1.0,1,1.0,1,0.25461581922716187,37
4351,1,6953,3502,3451,0,0,0,1.0,1,1.0,1,1.0,1,0.2753680584188098,35
4352,0,6953,3502,3451,0,0,0,1.0,1,1.0,1,1.0,1,0.29932037767155045,34
4353,2,6955,3502,3453,0,0,0,1.0,1,1.0,1,1.0,1,0.28349871406643096,34
4354,1,6956,3502,3454,0,0,0,1.0,1,1.0,1,1.0,1,0.31879619550519267,32
4355,2,6958,3502,3456,0,0,0,1.0,1,1.0,1,1.0,1,0.23974150567938055,32
4356,2,6960,3504,3456,0,0,0,1.0,1,1.0,1,1.0,1,0.22549851604747276,34
4357,1,6961,3504,3457,0,0,0,1.0,1,1.0,1,1.0,1,0.18663385743358743,35
4358,2,6963,3506,3457,0,0,0,1.0,1,1.0,1,1.0,1,0.24135001837791492,35
4359,2,6965,3507,3458,0,0,0,1.0,1,1.0,1,1.0,1,0.2866287243504819,37
4360,0,6965,3507,3458,0,0,0,1.0,1,1.0,1,1.0,1,0.3045633783257907,38
4361,0,6965,3507,3458,0,0,0,1.0,1,1.0,1,1.0,1,0.2703944917766002,39
4362,3,6968,3509,3459,0,0,0,1.0,1,1.0,1,1.0,1,0.261489605202173,38
4363,0,6968,3509,3459,0,0,0,1.0,1,1.0,1,1.0,1,0.261489605202173,38
4364,1,6969,3510,3459,0,0,0,1.0,1,1.0,1,1.0,1,0.2437297238932161,39
4365,0,6969,3510,3459,0,0,0,1.0,1,1.0,1,1.0,1,0.2437297238932161,39
4366,1,6970,3511,3459,0,0,0,1.0,1,1.0,1,1.0,1,0.24549350717991505,39
4367,2,6972,3511,3461,0,0,0,1.0,1,1.0,1,1.0,1,0.19413793081321953,41
4368,1,6973,3512,3461,0,0,0,1.0,1,1.0,1,1.0,1,0.215292502529491,41
4369,0,6973,3512,3461,0,0,0,1.0,1,1.0,1,1.0,1,0.22602646115918038,42
4370,1,6974,3513,3461,0,0,0,1.0,1,1.0,1,1.0,1,0.24209865391552543,42
4371,0,6974,3513,3461,0,0,0,1.0,1,1.0,1,1.0,1,0.2593480436934693,43
4372,1,6975,3514,3461,0,0,0,1.0,1,1.0,1,1.0,1,0.23067242892984904,43
4373,1,6976,3514,3462,0,0,0,1.0,1,1.0,1,1.0,1,0.21868681329205858,43
4374,2,6978,3514,3464,0,0,0,1.0,1,1.0,1,1.0,1,0.18941875979262526,44
4375,3,6981,3516,3465,0,0,0,1.0,1,1.0,1,1.0,1,0.17290218970156274,45
4376,0,6981,3516,3465,0,0,0,1.0,1,1.0,1,1.0,1,0.17503154974659166,46
4377,4,6985,3520,3465,0,0,0,1.0,1,1.0,1,1.0,1,0.22754317732397053,47
4378,3,6988,3521,3467,0,0,0,1.0,1,1.0,1,1.0,1,0.21761126268883862,49
4379,0,6988,3521,3467,0,0,0,1.0,1,1.0,1,1.0,1,0.22319866837538807,51
4380,1,6989,3522,3467,0,0,0,1.0,1,1.0,1,1.0,1,0.23291098552300013,50
4381,1,6990,3522,3468,0,0,0,1.0,1,1.0,1,1.0,1,0.22874709824643372,49
4382,2,6992,3524,3468,0,0,0,1.0,1,1.0,1,1.0,1,0.2644188521468207,47
4383,3,6995,3526,3469,0,0,0,1.0,1,1.0,1,1.0,1,0.26435563119169053,47
4384,2,6997,3527,3470,0,0,0,1.0,1,1.0,1,1.0,1,0.2837054204845073,44
4385,2,6999,3529,3470,0,0,0,1.0,1,1.0,1,1.0,1,0.272708645496488,42
4386,5,7004,3531,3473,0,0,0,1.0,1,1.0,1,1.0,1,0.2741831618322907,41
4387,1,7005,3532,3473,0,0,0,1.0,1,1.0,1,1.0,1,0.23351769588198226,39
4388,2,7007,3532,3475,0,0,0,1.0,1,1.0,1,1.0,1,0.170206557698175,39
4389,2,7009,3533,3476,0,0,0,1.0,1,1.0,1,1.0,1,0.1506094422318536,38
4390,0,7009,3533,3476,0,0,0,1.0,1,1.0,1,1.0,1,0.1566523051234435,38
4391,0,7009,3533,3476,0,0,0,1.0,1,1.0,1,1.0,1,0.16605817228063954,39
4392,0,7009,3533,3476,0,0,0,1.0,1,1.0,1,1.0,1,0.16605817228063954,39
4393,0,7009,3533,3476,0,0,0,1.0,1,1.0,1,1.0,1,0.15753843591114436,40
4394,0,7009,3533,3476,0,0,0,1.0,1,1.0,1,1.0,1,0.17662019954430772,39
4395,1,7010,3534,3476,0,0,0,1.0,1,1.0,1,1.0,1,0.1842432557388204,39
4396,0,7010,3534,3476,0,0,0,1.0,1,1.0,1,1.0,1,0.231428627403247,39
4397,2,7012,3535,3477,0,0,0,1.0,1,1.0,1,1.0,1,0.23828634069840876,38
4398,0,7012,3535,3477,0,0,0,1.0,1,1.0,1,1.0,1,0.23784933176186718,39
4399,2,7014,3535,3479,0,0,0,1.0,1,1.0,1,1.0,1,0.21778369780202675,42
4400,0,7014,3535,3479,0,0,0,1.0,1,1.0,1,1.0,1,0.22704824907513027,43
4401,0,7014,3535,3479,0,0,0,1.0,1,1.0,1,1.0,1,0.21945833023906514,44
4402,0,7014,3535,3479,0,0,0,1.0,1,1.0,1,1.0,1,0.21945833023906514,44
4403,0,7014,3535,3479,0,0,0,1.0,1,1.0,1,1.0,1,0.212597960114478,45
4404,0,7014,3535,3479,0,0,0,1.0,1,1.0,1,1.0,1,0.212597960114478,45
4405,0,7014,3535,3479,0,0,0,1.0,1,1.0,1,1.0,1,0.22559946462109376,46
4406,0,7014,3535,3479,0,0,0,1.0,1,1.0,1,1.0,1,0.22559946462109376,46
4407,0,7014,3535,3479,0,0,0,1.0,1,1.0,1,1.0,1,0.22559946462109376,46
4408,0,7014,3535,3479,0,0,0,1.0,1,1.0,1,1.0,1,0.2297034361563314,47
4409,1,7015,3536,3479,0,0,0,1.0,1,1.0,1,1.0,1,0.26247746215423684,48
4410,1,7016,3536,3480,0,0,0,1.0,1,1.0,1,1.0,1,0.24643954984596983,48
4411,0,7016,3536,3480,0,0,0,1.0,1,1.0,1,1.0,1,0.25513479545428386,50
4412,2,7018,3537,3481,0,0,0,1.0,1,1.0,1,1.0,1,0.2612812452981776,50
4413,5,7023,3537,3486,0,0,0,1.0,1,1.0,1,1.0,1,0.21036059618396863,50
4414,2,7025,3538,3487,0,0,0,1.0,1,1.0,1,1.0,1,0.19273310502592308,51
4415,2,7027,3539,3488,0,0,0,1.0,1,1.0,1,1.0,1,0.18439802837878475,51
4416,0,7027,3539,3488,0,0,0,1.0,1,1.0,1,1.0,1,0.18439802837878475,51
4417,3,7030,3541,3489,0,0,0,1.0,1,1.0,1,1.0,1,0.20162050062129847,51
4418,2,7032,3541,3491,0,0,0,1.0,1,1.0,1,1.0,1,0.20046467632900747,51
4419,1,7033,3541,3492,0,0,0,1.0,1,1.0,1,1.0,1,0.18010261868771257,50
4420,1,7034,3542,3492,0,0,0,1.0,1,1.0,1,1.0,1,0.19789643148189132,50
4421,0,7034,3542,3492,0,0,0,1.0,1,1.0,1,1.0,1,0.1972865038469194,52
4422,1,7035,3542,3493,0,0,0,1.0,1,1.0,1,1.0,1,0.20260797444758347,51
4423,0,7035,3542,3493,0,0,0,1.0,1,1.0,1,1.0,1,0.20260797444758347,51
4424,1,7036,3542,3494,0,0,0,1.0,1,1.0,1,1.0,1,0.19766007260263915,53
4425,0,7036,3542,3494,0,0,0,1.0,1,1.0,1,1.0,1,0.20187292283801725,54
4426,1,7037,3543,3494,0,0,0,1.0,1,1.0,1,1.0,1,0.2041903934289694,55
4427,1,7038,3543,3495,0,0,0,1.0,1,1.0,1,1.0,1,0.1771301443306417,55
4428,0,7038,3543,3495,0,0,0,1.0,1,1.0,1,1.0,1,0.1771301443306417,55
4429,2,7040,3544,3496,0,0,0,1.0,1,1.0,1,1.0,1,0.16800838224746736,56
4430,0,7040,3544,3496,0,0,0,1.0,1,1.0,1,1.0,1,0.16180561839519728,55
4431,1,7041,3544,3497,0,0,0,1.0,1,1.0,1,1.0,1,0.15057308658819307,56
4432,1,7042,3545,3497,0,0,0,1.0,1,1.0,1,1.0,1,0.18185089970907567,56
4433,1,7043,3545,3498,0,0,0,1.0,1,1.0,1,1.0,1,0.18078708257609727,57
4434,0,7043,3545,3498,0,0,0,1.0,1,1.0,1,1.0,1,0.1858210892737475,56
4435,1,7044,3546,3498,0,0,0,1.0,1,1.0,1,1.0,1,0.1865647439003291,56
4436,2,7046,3548,3498,0,0,0,1.0,1,1.0,1,1.0,1,0.17668183162719248,55
4437,2,7048,3548,3500,0,0,0,1.0,1,1.0,1,1.0,1,0.1658752959621276,54
4438,1,7049,3549,3500,0,0,0,1.0,1,1.0,1,1.0,1,0.18835339171920035,54
4439,1,7050,3549,3501,0,0,0,1.0,1,1.0,1,1.0,1,0.20200150257743307,55
4440,2,7052,3550,3502,0,0,0,1.0,1,1.0,1,1.0,1,0.19957937330380587,55
4441,3,7055,3552,3503,0,0,0,1.0,1,1.0,1,1.0,1,0.19829850158183196,59
4442,3,7058,3553,3505,0,0,0,1.0,1,1.0,1,1.0,1,0.18900796877035866,61
4443,2,7060,3555,3505,0,0,0,1.0,1,1.0,1,1.0,1,0.2233528524429473,60
4444,1,7061,3555,3506,0,0,0,1.0,1,1.0,1,1.0,1,0.20732351598825505,61
4445,0,7061,3555,3506,0,0,0,1.0,1,1.0,1,1.0,1,0.20732351598825505,61
4446,1,7062,3556,3506,0,0,0,1.0,1,1.0,1,1.0,1,0.22587936645872728,62
4447,3,7065,3556,3509,0,0,0,1.0,1,1.0,1,1.0,1,0.18935230792345825,63
4448,0,7065,3556,3509,0,0,0,1.0,1,1.0,1,1.0,1,0.18935230792345825,63
4449,0,7065,3556,3509,0,0,0,1.0,1,1.0,1,1.0,1,0.18935230792345825,63
4450,0,7065,3556,3509,0,0,0,1.0,1,1.0,1,1.0,1,0.18980569512285897,62
4451,1,7066,3556,3510,0,0,0,1.0,1,1.0,1,1.0,1,0.1693351419801311,63
4452,2,7068,3556,3512,0,0,0,1.0,1,1.0,1,1.0,1,0.15281940693245177,64
4453,1,7069,3556,3513,0,0,0,1.0,1,1.0,1,1.0,1,0.14253403971536208,65
4454,0,7069,3556,3513,0,0,0,1.0,1,1.0,1,1.0,1,0.13973559328468144,66
4455,1,7070,3556,3514,0,0,0,1.0,1,1.0,1,1.0,1,0.12411046062298792,67
4456,3,7073,3558,3515,0,0,0,1.0,1,1.0,1,1.0,1,0.1512739992554564,67
4457,0,7073,3558,3515,0,0,0,1.0,1,1.0,1,1.0,1,0.15683354917690276,65
4458,1,7074,3558,3516,0,0,0,1.0,1,1.0,1,1.0,1,0.17230449733954442,65
4459,4,7078,3560,3518,0,0,0,1.0,1,1.0,1,1.0,1,0.1866713799584591,64
4460,0,7078,3560,3518,0,0,0,1.0,1,1.0,1,1.0,1,0.20736922886649264,63
4461,2,7080,3562,3518,0,0,0,1.0,1,1.0,1,1.0,1,0.22510178726930527,62
4462,4,7084,3566,3518,0,0,0,1.0,1,1.0,1,1.0,1,0.2806674067093008,61
4463,5,7089,3569,3520,0,0,0,1.0,1,1.0,1,1.0,1,0.3114620585593403,61
4464,4,7093,3573,3520,0,0,0,1.0,1,1.0,1,1.0,1,0.3014537114592483,58
4465,4,7097,3574,3523,0,0,0,1.0,1,1.0,1,1.0,1,0.3089435202019278,57
4466,6,7103,3576,3527,0,0,0,1.0,1,1.0,1,1.0,1,0.2668085485809671,54
4467,4,7107,3579,3528,0,0,0,1.0,1,1.0,1,1.0,1,0.2606612595906477,52
4468,6,7113,3581,3532,0,0,0,1.0,1,1.0,1,1.0,1,0.2427857280888391,52
4469,1,7114,3581,3533,0,0,0,1.0,1,1.0,1,1.0,1,0.21991999439460205,51
4470,2,7116,3582,3534,0,0,0,1.0,1,1.0,1,1.0,1,0.2063342381795942,51
4471,0,7116,3582,3534,0,0,0,1.0,1,1.0,1,1.0,1,0.19400654931244757,50
4472,1,7117,3582,3535,0,0,0,1.0,1,1.0,1,1.0,1,0.1725809799770805,48
4473,0,7117,3582,3535,0,0,0,1.0,1,1.0,1,1.0,1,0.1762454183837481,47
4474,2,7119,3584,3535,0,0,0,1.0,1,1.0,1,1.0,1,0.21634892814590406,49
4475,2,7121,3585,3536,0,0,0,1.0,1,1.0,1,1.0,1,0.22672913475686327,47
4476,2,7123,3587,3536,0,0,0,1.0,1,1.0,1,1.0,1,0.22842084790307893,49
4477,4,7127,3588,3539,0,0,0,1.0,1,1.0,1,1.0,1,0.21432297056185218,48
4478,2,7129,3588,3541,0,0,0,1.0,1,1.0,1,1.0,1,0.19002194182675836,48
4479,0,7129,3588,3541,0,0,0,1.0,1,1.0,1,1.0,1,0.19002194182675836,48
4480,3,7132,3588,3544,0,0,0,1.0,1,1.0,1,1.0,1,0.1284516097302536,49
4481,0,7132,3588,3544,0,0,0,1.0,1,1.0,1,1.0,1,0.13948379837623792,49
4482,0,7132,3588,3544,0,0,0,1.0,1,1.0,1,1.0,1,0.13948379837623792,49
4483,0,7132,3588,3544,0,0,0,1.0,1,1.0,1,1.0,1,0.1416868498769889,50
4484,4,7136,3590,3546,0,0,0,1.0,1,1.0,1,1.0,1,0.1546557487088702,52
4485,1,7137,3590,3547,0,0,0,1.0,1,1.0,1,1.0,1,0.13602901666867218,53
4486,3,7140,3592,3548,0,0,0,1.0,1,1.0,1,1.0,1,0.1913791536814926,55
4487,3,7143,3594,3549,0,0,0,1.0,1,1.0,1,1.0,1,0.1725692235748723,55
4488,0,7143,3594,3549,0,0,0,1.0,1,1.0,1,1.0,1,0.17797825482072466,54
4489,0,7143,3594,3549,0,0,0,1.0,1,1.0,1,1.0,1,0.20679070808374792,53
4490,0,7143,3594,3549,0,0,0,1.0,1,1.0,1,1.0,1,0.20679070808374792,53
4491,0,7143,3594,3549,0,0,0,1.0,1,1.0,1,1.0,1,0.21660449030243573,52
4492,0,7143,3594,3549,0,0,0,1.0,1,1.0,1,1.0,1,0.21660449030243573,52
4493,2,7145,3595,3550,0,0,0,1.0,1,1.0,1,1.0,1,0.27185108378240863,52
4494,4,7149,3595,3554,0,0,0,1.0,1,1.0,1,1.0,1,0.19698274128303703,53
4495,2,7151,3597,3554,0,0,0,1.0,1,1.0,1,1.0,1,0.21876570482508587,50
4496,5,7156,3600,3556,0,0,0,1.0,1,1.0,1,1.0,1,0.23761046566666458,51
4497,5,7161,3602,3559,0,0,0,1.0,1,1.0,1,1.0,1,0.1797665502705596,50
4498,1,7162,3603,3559,0,0,0,1.0,1,1.0,1,1.0,1,0.18156405119715624,49
4499,0,7162,3603,3559,0,0,0,1.0,1,1.0,1,1.0,1,0.169200331955742,48
4500,2,7164,3604,3560,0,0,0,1.0,1,1.0,1,1.0,1,0.15742090589593993,48
4501,1,7165,3605,3560,0,0,0,1.0,1,1.0,1,1.0,1,0.1724536053339696,48
4502,1,7166,3606,3560,0,0,0,1.0,1,1.0,1,1.0,1,0.1705298917730895,49
4503,3,7169,3609,3560,0,0,0,1.0,1,1.0,1,1.0,1,0.203228374614232,49
4504,2,7171,3610,3561,0,0,0,1.0,1,1.0,1,1.0,1,0.2349930330576304,45
4505,3,7174,3611,3563,0,0,0,1.0,1,1.0,1,1.0,1,0.21370610683786806,46
4506,3,7177,3614,3563,0,0,0,1.0,1,1.0,1,1.0,1,0.26196168105428286,45
4507,3,7180,3614,3566,0,0,0,1.0,1,1.0,1,1.0,1,0.2235027968679475,45
4508,2,7182,3616,3566,0,0,0,1.0,1,1.0,1,1.0,1,0.21751530768495328,43
4509,1,7183,3616,3567,0,0,0,1.0,1,1.0,1,1.0,1,0.19747897178023832,41
4510,1,7184,3617,3567,0,0,0,1.0,1,1.0,1,1.0,1,0.20931987646327713,42
4511,1,7185,3618,3567,0,0,0,1.0,1,1.0,1,1.0,1,0.2374277719910639,41
4512,1,7186,3618,3568,0,0,0,1.0,1,1.0,1,1.0,1,0.21115704883927913,41
4513,1,7187,3619,3568,0,0,0,1.0,1,1.0,1,1.0,1,0.18229566264145272,41
4514,4,7191,3622,3569,0,0,0,1.0,1,1.0,1,1.0,1,0.21416202094704856,42
4515,0,7191,3622,3569,0,0,0,1.0,1,1.0,1,1.0,1,0.22298315619284037,41
4516,2,7193,3622,3571,0,0,0,1.0,1,1.0,1,1.0,1,0.2114754664179247,42
4517,1,7194,3623,3571,0,0,0,1.0,1,1.0,1,1.0,1,0.24360385531902745,43
4518,0,7194,3623,3571,0,0,0,1.0,1,1.0,1,1.0,1,0.2621023077473285,42
4519,1,7195,3624,3571,0,0,0,1.0,1,1.0,1,1.0,1,0.29950462354053603,42
4520,1,7196,3624,3572,0,0,0,1.0,1,1.0,1,1.0,1,0.32535125048782365,42
4521,3,7199,3625,3574,0,0,0,1.0,1,1.0,1,1.0,1,0.2952716651105014,42
4522,2,7201,3626,3575,0,0,0,1.0,1,1.0,1,1.0,1,0.27257775520424593,42
4523,0,7201,3626,3575,0,0,0,1.0,1,1.0,1,1.0,1,0.27257775520424593,42
4524,2,7203,3628,3575,0,0,0,1.0,1,1.0,1,1.0,1,0.281182118995056,43
4525,5,7208,3628,3580,0,0,0,1.0,1,1.0,1,1.0,1,0.2038318173569318,46
4526,2,7210,3630,3580,0,0,0,1.0,1,1.0,1,1.0,1,0.21403307395276244,46
4527,4,7214,3632,3582,0,0,0,1.0,1,1.0,1,1.0,1,0.20317082029419806,47
4528,1,7215,3632,3583,0,0,0,1.0,1,1.0,1,1.0,1,0.20494259064686907,49
4529,1,7216,3633,3583,0,0,0,1.0,1,1.0,1,1.0,1,0.195057020071876,50
4530,1,7217,3633,3584,0,0,0,1.0,1,1.0,1,1.0,1,0.1673934432322363,51
4531,0,7217,3633,3584,0,0,0,1.0,1,1.0,1,1.0,1,0.1673934432322363,51
4532,0,7217,3633,3584,0,0,0,1.0,1,1.0,1,1.0,1,0.1673934432322363,51
4533,0,7217,3633,3584,0,0,0,1.0,1,1.0,1,1.0,1,0.17660934899886097,50
4534,1,7218,3633,3585,0,0,0,1.0,1,1.0,1,1.0,1,0.16648410884024087,51
4535,2,7220,3635,3585,0,0,0,1.0,1,1.0,1,1.0,1,0.19998663507011166,50
4536,3,7223,3635,3588,0,0,0,1.0,1,1.0,1,1.0,1,0.20341733867137282,48
4537,0,7223,3635,3588,0,0,0,1.0,1,1.0,1,1.0,1,0.21543661738595227,49
4538,1,7224,3636,3588,0,0,0,1.0,1,1.0,1,1.0,1,0.25594717703273645,48
4539,2,7226,3636,3590,0,0,0,1.0,1,1.0,1,1.0,1,0.26270764987735123,50
4540,1,7227,3636,3591,0,0,0,1.0,1,1.0,1,1.0,1,0.2393928707634386,49
4541,3,7230,3639,3591,0,0,0,1.0,1,1.0,1,1.0,1,0.252749914187877,49
4542,3,7233,3642,3591,0,0,0,1.0,1,1.0,1,1.0,1,0.3134677506628317,47
4543,2,7235,3642,3593,0,0,0,1.0,1,1.0,1,1.0,1,0.2847426735575426,45
4544,2,7237,3643,3594,0,0,0,1.0,1,1.0,1,1.0,1,0.2775314267052882,45
4545,3,7240,3645,3595,0,0,0,1.0,1,1.0,1,1.0,1,0.30160838281159097,43
4546,1,7241,3645,3596,0,0,0,1.0,1,1.0,1,1.0,1,0.288249370144555,43
4547,1,7242,3646,3596,0,0,0,1.0,1,1.0,1,1.0,1,0.3082001443300126,41
4548,3,7245,3648,3597,0,0,0,1.0,1,1.0,1,1.0,1,0.3393595691157269,42
4549,2,7247,3648,3599,0,0,0,1.0,1,1.0,1,1.0,1,0.277076825238237,41
4550,2,7249,3650,3599,0,0,0,1.0,1,1.0,1,1.0,1,0.30631756363955936,41
4551,0,7249,3650,3599,0,0,0,1.0,1,1.0,1,1.0,1,0.30248110353442864,39
4552,1,7250,3651,3599,0,0,0,1.0,1,1.0,1,1.0,1,0.30171292357963225,38
4553,2,7252,3652,3600,0,0,0,1.0,1,1.0,1,1.0,1,0.3147656553764091,39
4554,1,7253,3653,3600,0,0,0,1.0,1,1.0,1,1.0,1,0.3432067177316358,38
4555,3,7256,3654,3602,0,0,0,1.0,1,1.0,1,1.0,1,0.3307491574559169,37
4556,1,7257,3654,3603,0,0,0,1.0,1,1.0,1,1.0,1,0.3052450219070184,36
4557,3,7260,3654,3606,0,0,0,1.0,1,1.0,1,1.0,1,0.28045645241847084,38
4558,1,7261,3655,3606,0,0,0,1.0,1,1.0,1,1.0,1,0.30462494617132785,39
4559,3,7264,3656,3608,0,0,0,1.0,1,1.0,1,1.0,1,0.2584852551694971,38
4560,0,7264,3656,3608,0,0,0,1.0,1,1.0,1,1.0,1,0.27599566027241657,41
4561,0,7264,3656,3608,0,0,0,1.0,1,1.0,1,1.0,1,0.27599566027241657,41
4562,0,7264,3656,3608,0,0,0,1.0,1,1.0,1,1.0,1,0.28521451156179617,43
4563,0,7264,3656,3608,0,0,0,1.0,1,1.0,1,1.0,1,0.30448979161688067,42
4564,1,7265,3656,3609,0,0,0,1.0,1,1.0,1,1.0,1,0.2866064390502943,43
4565,1,7266,3656,3610,0,0,0,1.0,1,1.0,1,1.0,1,0.2811566989373087,44
4566,3,7269,3657,3612,0,0,0,1.0,1,1.0,1,1.0,1,0.24434098558302753,45
4567,3,7272,3659,3613,0,0,0,1.0,1,1.0,1,1.0,1,0.21943437100891178,47
4568,2,7274,3660,3614,0,0,0,1.0,1,1.0,1,1.0,1,0.19860766223869328,47
4569,3,7277,3662,3615,0,0,0,1.0,1,1.0,1,1.0,1,0.18797521880849397,49
4570,1,7278,3663,3615,0,0,0,1.0,1,1.0,1,1.0,1,0.1948055608396077,49
4571,1,7279,3664,3615,0,0,0,1.0,1,1.0,1,1.0,1,0.19982475195471375,48
4572,0,7279,3664,3615,0,0,0,1.0,1,1.0,1,1.0,1,0.19982475195471375,48
4573,0,7279,3664,3615,0,0,0,1.0,1,1.0,1,1.0,1,0.19982475195471375,48
4574,0,7279,3664,3615,0,0,0,1.0,1,1.0,1,1.0,1,0.20198080604565402,50
4575,4,7283,3666,3617,0,0,0,1.0,1,1.0,1,1.0,1,0.24862327970540293,51
4576,0,7283,3666,3617,0,0,0,1.0,1,1.0,1,1.0,1,0.2271780936411156,48
4577,0,7283,3666,3617,0,0,0,1.0,1,1.0,1,1.0,1,0.22724270803359048,47
4578,2,7285,3667,3618,0,0,0,1.0,1,1.0,1,1.0,1,0.2410226257884938,46
4579,2,7287,3667,3620,0,0,0,1.0,1,1.0,1,1.0,1,0.24393664459080958,46
4580,0,7287,3667,3620,0,0,0,1.0,1,1.0,1,1.0,1,0.2357526373092452,47
4581,1,7288,3668,3620,0,0,0,1.0,1,1.0,1,1.0,1,0.26429815806570783,47
4582,1,7289,3668,3621,0,0,0,1.0,1,1.0,1,1.0,1,0.2758849311845985,48
4583,0,7289,3668,3621,0,0,0,1.0,1,1.0,1,1.0,1,0.2758849311845985,48
4584,0,7289,3668,3621,0,0,0,1.0,1,1.0,1,1.0,1,0.2785875663667322,50
4585,1,7290,3669,3621,0,0,0,1.0,1,1.0,1,1.0,1,0.2942959960646145,50
4586,2,7292,3669,3623,0,0,0,1.0,1,1.0,1,1.0,1,0.270787166939528,50
4587,0,7292,3669,3623,0,0,0,1.0,1,1.0,1,1.0,1,0.270787166939528,50
4588,0,7292,3669,3623,0,0,0,1.0,1,1.0,1,1.0,1,0.270787166939528,50
4589,1,7293,3669,3624,0,0,0,1.0,1,1.0,1,1.0,1,0.2600909185166891,52
4590,0,7293,3669,3624,0,0,0,1.0,1,1.0,1,1.0,1,0.2600909185166891,52
4591,0,7293,3669,3624,0,0,0,1.0,1,1.0,1,1.0,1,0.2710050809218174,53
4592,0,7293,3669,3624,0,0,0,1.0,1,1.0,1,1.0,1,0.2814020743793084,54
4593,2,7295,3670,3625,0,0,0,1.0,1,1.0,1,1.0,1,0.27458395723599494,56
4594,0,7295,3670,3625,0,0,0,1.0,1,1.0,1,1.0,1,0.2857992876750467,57
4595,3,7298,3672,3626,0,0,0,1.0,1,1.0,1,1.0,1,0.27514219345088614,56
4596,0,7298,3672,3626,0,0,0,1.0,1,1.0,1,1.0,1,0.27514219345088614,56
4597,2,7300,3674,3626,0,0,0,1.0,1,1.0,1,1.0,1,0.28352580441452996,56
4598,7,7307,3676,3631,0,0,0,1.0,1,1.0,1,1.0,1,0.25833207686474924,57
4599,5,7312,3676,3636,0,0,0,1.0,1,1.0,1,1.0,1,0.1972575522649828,59
4600,3,7315,3676,3639,0,0,0,1.0,1,1.0,1,1.0,1,0.17692142017956827,60
4601,1,7316,3677,3639,0,0,0,1.0,1,1.0,1,1.0,1,0.19083555746560418,60
4602,0,7316,3677,3639,0,0,0,1.0,1,1.0,1,1.0,1,0.1785085818194361,62
4603,0,7316,3677,3639,0,0,0,1.0,1,1.0,1,1.0,1,0.1785085818194361,62
4604,0,7316,3677,3639,0,0,0,1.0,1,1.0,1,1.0,1,0.17148177975044945,63
4605,0,7316,3677,3639,0,0,0,1.0,1,1.0,1,1.0,1,0.17148177975044945,63
4606,0,7316,3677,3639,0,0,0,1.0,1,1.0,1,1.0,1,0.17864463801462058,64
4607,1,7317,3678,3639,0,0,0,1.0,1,1.0,1,1.0,1,0.19543548794466384,65
4608,3,7320,3679,3641,0,0,0,1.0,1,1.0,1,1.0,1,0.21703208277680208,66
4609,3,7323,3679,3644,0,0,0,1.0,1,1.0,1,1.0,1,0.16279707994993722,65
4610,0,7323,3679,3644,0,0,0,1.0,1,1.0,1,1.0,1,0.17296669849563415,63
4611,1,7324,3679,3645,0,0,0,1.0,1,1.0,1,1.0,1,0.1607542629010169,64
4612,0,7324,3679,3645,0,0,0,1.0,1,1.0,1,1.0,1,0.17198872754815459,62
4613,1,7325,3680,3645,0,0,0,1.0,1,1.0,1,1.0,1,0.18502306545022063,63
4614,2,7327,3682,3645,0,0,0,1.0,1,1.0,1,1.0,1,0.22189670214076648,61
4615,1,7328,3683,3645,0,0,0,1.0,1,1.0,1,1.0,1,0.26256145658646823,59
4616,2,7330,3685,3645,0,0,0,1.0,1,1.0,1,1.0,1,0.2843334915728893,58
4617,3,7333,3685,3648,0,0,0,1.0,1,1.0,1,1.0,1,0.2586607483205749,58
4618,0,7333,3685,3648,0,0,0,1.0,1,1.0,1,1.0,1,0.27079616553465385,57
4619,2,7335,3686,3649,0,0,0,1.0,1,1.0,1,1.0,1,0.25919455728902036,57
4620,1,7336,3686,3650,0,0,0,1.0,1,1.0,1,1.0,1,0.24107939588906632,57
4621,3,7339,3688,3651,0,0,0,1.0,1,1.0,1,1.0,1,0.25132496991528425,59
4622,3,7342,3690,3652,0,0,0,1.0,1,1.0,1,1.0,1,0.25962742728071725,60
4623,4,7346,3691,3655,0,0,0,1.0,1,1.0,1,1.0,1,0.23805434615336984,59
4624,4,7350,3693,3657,0,0,0,1.0,1,1.0,1,1.0,1,0.2260525540489827,59
4625,1,7351,3694,3657,0,0,0,1.0,1,1.0,1,1.0,1,0.24000129497889566,57
4626,1,7352,3695,3657,0,0,0,1.0,1,1.0,1,1.0,1,0.23755213222700178,56
4627,2,7354,3695,3659,0,0,0,1.0,1,1.0,1,1.0,1,0.22203267315735087,56
4628,0,7354,3695,3659,0,0,0,1.0,1,1.0,1,1.0,1,0.23763203404734803,56
4629,3,7357,3696,3661,0,0,0,1.0,1,1.0,1,1.0,1,0.25506505808795626,56
4630,2,7359,3697,3662,0,0,0,1.0,1,1.0,1,1.0,1,0.2502179668953822,57
4631,3,7362,3697,3665,0,0,0,1.0,1,1.0,1,1.0,1,0.25697252816422866,56
4632,1,7363,3698,3665,0,0,0,1.0,1,1.0,1,1.0,1,0.29607473374875576,57
4633,0,7363,3698,3665,0,0,0,1.0,1,1.0,1,1.0,1,0.2945355538833858,58
4634,1,7364,3698,3666,0,0,0,1.0,1,1.0,1,1.0,1,0.28594304885935173,58
4635,1,7365,3698,3667,0,0,0,1.0,1,1.0,1,1.0,1,0.2656923544180538,59
4636,0,7365,3698,3667,0,0,0,1.0,1,1.0,1,1.0,1,0.2523963880136739,60
4637,1,7366,3698,3668,0,0,0,1.0,1,1.0,1,1.0,1,0.23886542792759433,60
4638,0,7366,3698,3668,0,0,0,1.0,1,1.0,1,1.0,1,0.24966440314936636,61
4639,2,7368,3698,3670,0,0,0,1.0,1,1.0,1,1.0,1,0.23221353194896097,62
4640,2,7370,3698,3672,0,0,0,1.0,1,1.0,1,1.0,1,0.20803064946496738,63
4641,1,7371,3699,3672,0,0,0,1.0,1,1.0,1,1.0,1,0.21279550174318138,63
4642,0,7371,3699,3672,0,0,0,1.0,1,1.0,1,1.0,1,0.22262923204077711,62
4643,2,7373,3701,3672,0,0,0,1.0,1,1.0,1,1.0,1,0.2449100384215494,63
4644,1,7374,3701,3673,0,0,0,1.0,1,1.0,1,1.0,1,0.24799654858235573,62
4645,1,7375,3702,3673,0,0,0,1.0,1,1.0,1,1.0,1,0.2678889685265886,63
4646,1,7376,3703,3673,0,0,0,1.0,1,1.0,1,1.0,1,0.2977539998051353,63
4647,4,7380,3704,3676,0,0,0,1.0,1,1.0,1,1.0,1,0.2759167491152576,62
4648,3,7383,3706,3677,0,0,0,1.0,1,1.0,1,1.0,1,0.31160172744798287,63
4649,1,7384,3706,3678,0,0,0,1.0,1,1.0,1,1.0,1,0.2920203202935222,61
4650,3,7387,3707,3680,0,0,0,1.0,1,1.0,1,1.0,1,0.25606026952860084,63
4651,3,7390,3708,3682,0,0,0,1.0,1,1.0,1,1.0,1,0.23371857765245208,62
4652,1,7391,3708,3683,0,0,0,1.0,1,1.0,1,1.0,1,0.2161029176075066,59
4653,1,7392,3708,3684,0,0,0,1.0,1,1.0,1,1.0,1,0.22155867973085205,60
4654,1,7393,3709,3684,0,0,0,1.0,1,1.0,1,1.0,1,0.218100361857667,60
4655,0,7393,3709,3684,0,0,0,1.0,1,1.0,1,1.0,1,0.218100361857667,60
4656,2,7395,3711,3684,0,0,0,1.0,1,1.0,1,1.0,1,0.2394397627523208,61
4657,0,7395,3711,3684,0,0,0,1.0,1,1.0,1,1.0,1,0.23542296585765354,62
4658,1,7396,3712,3684,0,0,0,1.0,1,1.0,1,1.0,1,0.26916196705173806,62
4659,1,7397,3712,3685,0,0,0,1.0,1,1.0,1,1.0,1,0.27265190715136167,61
4660,1,7398,3713,3685,0,0,0,1.0,1,1.0,1,1.0,1,0.3049171009836826,61
4661,0,7398,3713,3685,0,0,0,1.0,1,1.0,1,1.0,1,0.3316961920782794,61
4662,2,7400,3714,3686,0,0,0,1.0,1,1.0,1,1.0,1,0.3063509624812236,62
4663,2,7402,3714,3688,0,0,0,1.0,1,1.0,1,1.0,1,0.26618656234800214,61
4664,2,7404,3715,3689,0,0,0,1.0,1,1.0,1,1.0,1,0.26734434633185084,62
4665,3,7407,3717,3690,0,0,0,1.0,1,1.0,1,1.0,1,0.2617272966240048,61
4666,6,7413,3720,3693,0,0,0,1.0,1,1.0,1,1.0,1,0.25808690011149965,61
4667,3,7416,3720,3696,0,0,0,1.0,1,1.0,1,1.0,1,0.229245001968436,59
4668,5,7421,3724,3697,0,0,0,1.0,1,1.0,1,1.0,1,0.25180266673922597,59
4669,6,7427,3726,3701,0,0,0,1.0,1,1.0,1,1.0,1,0.20518839532256888,58
4670,0,7427,3726,3701,0,0,0,1.0,1,1.0,1,1.0,1,0.21882597870280804,57
4671,0,7427,3726,3701,0,0,0,1.0,1,1.0,1,1.0,1,0.22430317134016664,55
4672,1,7428,3727,3701,0,0,0,1.0,1,1.0,1,1.0,1,0.25645720502730773,56
4673,1,7429,3727,3702,0,0,0,1.0,1,1.0,1,1.0,1,0.22593824382259653,58
4674,4,7433,3730,3703,0,0,0,1.0,1,1.0,1,1.0,1,0.2307070515436346,58
4675,1,7434,3730,3704,0,0,0,1.0,1,1.0,1,1.0,1,0.25771426998818636,57
4676,4,7438,3731,3707,0,0,0,1.0,1,1.0,1,1.0,1,0.24278577087439035,58
4677,1,7439,3731,3708,0,0,0,1.0,1,1.0,1,1.0,1,0.25373269437646995,57
4678,3,7442,3732,3710,0,0,0,1.0,1,1.0,1,1.0,1,0.2518654974668401,57
4679,3,7445,3732,3713,0,0,0,1.0,1,1.0,1,1.0,1,0.2136924480177354,57
4680,1,7446,3732,3714,0,0,0,1.0,1,1.0,1,1.0,1,0.21024812846078064,59
4681,3,7449,3734,3715,0,0,0,1.0,1,1.0,1,1.0,1,0.23286253875303473,60
4682,3,7452,3735,3717,0,0,0,1.0,1,1.0,1,1.0,1,0.2163903926548818,60
4683,1,7453,3736,3717,0,0,0,1.0,1,1.0,1,1.0,1,0.23056201018376338,60
4684,1,7454,3737,3717,0,0,0,1.0,1,1.0,1,1.0,1,0.25518848935506355,60
4685,0,7454,3737,3717,0,0,0,1.0,1,1.0,1,1.0,1,0.2692421766570159,59
4686,1,7455,3738,3717,0,0,0,1.0,1,1.0,1,1.0,1,0.286004617803957,60
4687,0,7455,3738,3717,0,0,0,1.0,1,1.0,1,1.0,1,0.27378544816629885,59
4688,1,7456,3738,3718,0,0,0,1.0,1,1.0,1,1.0,1,0.2676462165297568,59
4689,3,7459,3740,3719,0,0,0,1.0,1,1.0,1,1.0,1,0.31579581135023227,59
4690,4,7463,3741,3722,0,0,0,1.0,1,1.0,1,1.0,1,0.2924721851098658,58
4691,2,7465,3742,3723,0,0,0,1.0,1,1.0,1,1.0,1,0.29729209873072615,57
4692,2,7467,3742,3725,0,0,0,1.0,1,1.0,1,1.0,1,0.3005540468468463,58
4693,2,7469,3742,3727,0,0,0,1.0,1,1.0,1,1.0,1,0.26612210424146665,57
4694,1,7470,3742,3728,0,0,0,1.0,1,1.0,1,1.0,1,0.24874966465987178,57
4695,1,7471,3742,3729,0,0,0,1.0,1,1.0,1,1.0,1,0.2505833749281654,56
4696,0,7471,3742,3729,0,0,0,1.0,1,1.0,1,1.0,1,0.2574591652893912,57
4697,1,7472,3742,3730,0,0,0,1.0,1,1.0,1,1.0,1,0.23890318431721486,58
4698,2,7474,3743,3731,0,0,0,1.0,1,1.0,1,1.0,1,0.24240424285220946,59
4699,1,7475,3743,3732,0,0,0,1.0,1,1.0,1,1.0,1,0.2461416790764455,58
4700,0,7475,3743,3732,0,0,0,1.0,1,1.0,1,1.0,1,0.22743469765918642,59
4701,1,7476,3743,3733,0,0,0,1.0,1,1.0,1,1.0,1,0.2350368556425865,60
4702,0,7476,3743,3733,0,0,0,1.0,1,1.0,1,1.0,1,0.24346855550747087,61
4703,3,7479,3745,3734,0,0,0,1.0,1,1.0,1,1.0,1,0.2711711046615366,59
4704,3,7482,3747,3735,0,0,0,1.0,1,1.0,1,1.0,1,0.2798101084552223,58
4705,6,7488,3750,3738,0,0,0,1.0,1,1.0,1,1.0,1,0.2723098374223247,58
4706,4,7492,3751,3741,0,0,0,1.0,1,1.0,1,1.0,1,0.2670248125553901,60
4707,3,7495,3752,3743,0,0,0,1.0,1,1.0,1,1.0,1,0.24892717064546366,57
4708,3,7498,3754,3744,0,0,0,1.0,1,1.0,1,1.0,1,0.2544570341731705,57
4709,4,7502,3756,3746,0,0,0,1.0,1,1.0,1,1.0,1,0.23350111848521646,55
4710,1,7503,3757,3746,0,0,0,1.0,1,1.0,1,1.0,1,0.2531079967087459,53
4711,1,7504,3758,3746,0,0,0,1.0,1,1.0,1,1.0,1,0.25929316433606714,52
4712,2,7506,3760,3746,0,0,0,1.0,1,1.0,1,1.0,1,0.2828951211019186,52
4713,1,7507,3761,3746,0,0,0,1.0,1,1.0,1,1.0,1,0.2885778087922933,51
4714,2,7509,3761,3748,0,0,0,1.0,1,1.0,1,1.0,1,0.2653534022326207,50
4715,1,7510,3762,3748,0,0,0,1.0,1,1.0,1,1.0,1,0.2772619216183271,50
4716,0,7510,3762,3748,0,0,0,1.0,1,1.0,1,1.0,1,0.27946989651372456,49
4717,3,7513,3764,3749,0,0,0,1.0,1,1.0,1,1.0,1,0.29474878042769187,49
4718,5,7518,3765,3753,0,0,0,1.0,1,1.0,1,1.0,1,0.28654548714954836,50
4719,2,7520,3765,3755,0,0,0,1.0,1,1.0,1,1.0,1,0.2775026675246478,49
4720,3,7523,3765,3758,0,0,0,1.0,1,1.0,1,1.0,1,0.24281026721122845,49
4721,4,7527,3765,3762,0,0,0,1.0,1,1.0,1,1.0,1,0.20216850746972248,50
4722,0,7527,3765,3762,0,0,0,1.0,1,1.0,1,1.0,1,0.2178534880508629,51
4723,0,7527,3765,3762,0,0,0,1.0,1,1.0,1,1.0,1,0.21245577693665135,50
4724,0,7527,3765,3762,0,0,0,1.0,1,1.0,1,1.0,1,0.21685990578998968,50
4725,2,7529,3767,3762,0,0,0,1.0,1,1.0,1,1.0,1,0.24538302481780355,52
4726,0,7529,3767,3762,0,0,0,1.0,1,1.0,1,1.0,1,0.2644701310966044,51
4727,0,7529,3767,3762,0,0,0,1.0,1,1.0,1,1.0,1,0.27153193712923723,52
4728,2,7531,3768,3763,0,0,0,1.0,1,1.0,1,1.0,1,0.2788233201447589,52
4729,0,7531,3768,3763,0,0,0,1.0,1,1.0,1,1.0,1,0.2788233201447589,52
4730,2,7533,3769,3764,0,0,0,1.0,1,1.0,1,1.0,1,0.32579917500320554,50
4731,2,7535,3771,3764,0,0,0,1.0,1,1.0,1,1.0,1,0.31152743533143473,51
4732,3,7538,3772,3766,0,0,0,1.0,1,1.0,1,1.0,1,0.31627575074474484,52
4733,2,7540,3773,3767,0,0,0,1.0,1,1.0,1,1.0,1,0.31083947783151,53
4734,2,7542,3774,3768,0,0,0,1.0,1,1.0,1,1.0,1,0.3117983992946358,53
4735,1,7543,3775,3768,0,0,0,1.0,1,1.0,1,1.0,1,0.3240940872800212,53
4736,1,7544,3775,3769,0,0,0,1.0,1,1.0,1,1.0,1,0.3165123648534968,55
4737,1,7545,3775,3770,0,0,0,1.0,1,1.0,1,1.0,1,0.31864159720324187,57
4738,2,7547,3776,3771,0,0,0,1.0,1,1.0,1,1.0,1,0.3117677555670547,57
4739,1,7548,3776,3772,0,0,0,1.0,1,1.0,1,1.0,1,0.30014840736057913,57
4740,0,7548,3776,3772,0,0,0,1.0,1,1.0,1,1.0,1,0.30014840736057913,57
4741,0,7548,3776,3772,0,0,0,1.0,1,1.0,1,1.0,1,0.307395254182896,58
4742,3,7551,3777,3774,0,0,0,1.0,1,1.0,1,1.0,1,0.29188134860954573,58
4743,1,7552,3777,3775,0,0,0,1.0,1,1.0,1,1.0,1,0.26600583463874056,56
4744,4,7556,3780,3776,0,0,0,1.0,1,1.0,1,1.0,1,0.27710543322563985,57
4745,3,7559,3781,3778,0,0,0,1.0,1,1.0,1,1.0,1,0.25429551047185234,56
4746,6,7565,3783,3782,0,0,0,1.0,1,1.0,1,1.0,1,0.2557574706009737,56
4747,3,7568,3784,3784,0,0,0,1.0,1,1.0,1,1.0,1,0.2340770492043194,55
4748,3,7571,3786,3785,0,0,0,1.0,1,1.0,1,1.0,1,0.269723035786318,55
4749,3,7574,3787,3787,0,0,0,1.0,1,1.0,1,1.0,1,0.25701678982983606,54
4750,4,7578,3788,3790,0,0,0,1.0,1,1.0,1,1.0,1,0.2259980716929955,53
4751,4,7582,3789,3793,0,0,0,1.0,1,1.0,1,1.0,1,0.24166746281341817,53
4752,2,7584,3789,3795,0,0,0,1.0,1,1.0,1,1.0,1,0.19824411317368434,53
4753,1,7585,3790,3795,0,0,0,1.0,1,1.0,1,1.0,1,0.21973887790126276,52
4754,4,7589,3792,3797,0,0,0,1.0,1,1.0,1,1.0,1,0.22377175809710956,52
4755,1,7590,3792,3798,0,0,0,1.0,1,1.0,1,1.0,1,0.19825720237284825,51
4756,2,7592,3793,3799,0,0,0,1.0,1,1.0,1,1.0,1,0.19196519711625995,52
4757,0,7592,3793,3799,0,0,0,1.0,1,1.0,1,1.0,1,0.1915438603508511,51
4758,0,7592,3793,3799,0,0,0,1.0,1,1.0,1,1.0,1,0.1915438603508511,51
4759,1,7593,3794,3799,0,0,0,1.0,1,1.0,1,1.0,1,0.19729925940260368,51
4760,3,7596,3794,3802,0,0,0,1.0,1,1.0,1,1.0,1,0.14291519221316992,52
4761,2,7598,3796,3802,0,0,0,1.0,1,1.0,1,1.0,1,0.19982586338659544,50
4762,5,7603,3798,3805,0,0,0,1.0,1,1.0,1,1.0,1,0.16074932474397038,51
4763,0,7603,3798,3805,0,0,0,1.0,1,1.0,1,1.0,1,0.16074932474397038,51
4764,2,7605,3800,3805,0,0,0,1.0,1,1.0,1,1.0,1,0.16135081920676178,53
4765,1,7606,3801,3805,0,0,0,1.0,1,1.0,1,1.0,1,0.19005375161589488,53
4766,2,7608,3803,3805,0,0,0,1.0,1,1.0,1,1.0,1,0.21201429742993882,55
4767,2,7610,3804,3806,0,0,0,1.0,1,1.0,1,1.0,1,0.19846577975970212,56
4768,0,7610,3804,3806,0,0,0,1.0,1,1.0,1,1.0,1,0.19944471950903706,56
4769,1,7611,3804,3807,0,0,0,1.0,1,1.0,1,1.0,1,0.1824715710077406,56
4770,0,7611,3804,3807,0,0,0,1.0,1,1.0,1,1.0,1,0.1824715710077406,56
4771,0,7611,3804,3807,0,0,0,1.0,1,1.0,1,1.0,1,0.1848424287066672,55
4772,3,7614,3806,3808,0,0,0,1.0,1,1.0,1,1.0,1,0.19209636180382017,56
4773,1,7615,3806,3809,0,0,0,1.0,1,1.0,1,1.0,1,0.1746307195580701,56
4774,2,7617,3806,3811,0,0,0,1.0,1,1.0,1,1.0,1,0.12779345684298896,58
4775,0,7617,3806,3811,0,0,0,1.0,1,1.0,1,1.0,1,0.13354996013382328,59
4776,0,7617,3806,3811,0,0,0,1.0,1,1.0,1,1.0,1,0.13354996013382328,59
4777,1,7618,3807,3811,0,0,0,1.0,1,1.0,1,1.0,1,0.15278026315663665,60
4778,1,7619,3808,3811,0,0,0,1.0,1,1.0,1,1.0,1,0.15629999121549343,60
4779,2,7621,3808,3813,0,0,0,1.0,1,1.0,1,1.0,1,0.14070410122889854,61
4780,3,7624,3808,3816,0,0,0,1.0,1,1.0,1,1.0,1,0.13497689381251068,63
4781,1,7625,3808,3817,0,0,0,1.0,1,1.0,1,1.0,1,0.1268002671787226,62
4782,2,7627,3810,3817,0,0,0,1.0,1,1.0,1,1.0,1,0.17157877308158143,63
4783,2,7629,3811,3818,0,0,0,1.0,1,1.0,1,1.0,1,0.15292374262537822,62
4784,6,7635,3815,3820,0,0,0,1.0,1,1.0,1,1.0,1,0.20504262248093966,62
4785,4,7639,3818,3821,0,0,0,1.0,1,1.0,1,1.0,1,0.1643315636088609,62
4786,2,7641,3819,3822,0,0,0,1.0,1,1.0,1,1.0,1,0.1837746774955076,63
4787,3,7644,3820,3824,0,0,0,1.0,1,1.0,1,1.0,1,0.14097594078395853,62
4788,7,7651,3826,3825,0,0,0,1.0,1,1.0,1,1.0,1,0.15916672468145227,62
4789,6,7657,3829,3828,0,0,0,1.0,1,1.0,1,1.0,1,0.16682609489566796,60
4790,5,7662,3832,3830,0,0,0,1.0,1,1.0,1,1.0,1,0.16141545336817473,61
4791,3,7665,3833,3832,0,0,0,1.0,1,1.0,1,1.0,1,0.13663233771150554,60
4792,3,7668,3836,3832,0,0,0,1.0,1,1.0,1,1.0,1,0.15491292043472146,60
4793,5,7673,3839,3834,0,0,0,1.0,1,1.0,1,1.0,1,0.13713019200044438,61
4794,2,7675,3841,3834,0,0,0,1.0,1,1.0,1,1.0,1,0.1472537388114854,59
4795,2,7677,3842,3835,0,0,0,1.0,1,1.0,1,1.0,1,0.1681265896483732,61
4796,3,7680,3843,3837,0,0,0,1.0,1,1.0,1,1.0,1,0.13027775872313005,59
4797,0,7680,3843,3837,0,0,0,1.0,1,1.0,1,1.0,1,0.11318197481812899,58
4798,0,7680,3843,3837,0,0,0,1.0,1,1.0,1,1.0,1,0.10984872047500124,59
4799,0,7680,3843,3837,0,0,0,1.0,1,1.0,1,1.0,1,0.12023015947572378,57
4800,0,7680,3843,3837,0,0,0,1.0,1,1.0,1,1.0,1,0.13266770942712067,58
4801,4,7684,3845,3839,0,0,0,1.0,1,1.0,1,1.0,1,0.10072498848361346,57
4802,1,7685,3846,3839,0,0,0,1.0,1,1.0,1,1.0,1,0.11831046987923517,57
4803,1,7686,3847,3839,0,0,0,1.0,1,1.0,1,1.0,1,0.13431087457384583,56
4804,0,7686,3847,3839,0,0,0,1.0,1,1.0,1,1.0,1,0.1609752288700371,54
4805,1,7687,3847,3840,0,0,0,1.0,1,1.0,1,1.0,1,0.14718363403808463,56
4806,0,7687,3847,3840,0,0,0,1.0,1,1.0,1,1.0,1,0.13634149785124258,55
4807,0,7687,3847,3840,0,0,0,1.0,1,1.0,1,1.0,1,0.12482487600277048,54
4808,1,7688,3847,3841,0,0,0,1.0,1,1.0,1,1.0,1,0.14245410275280077,53
4809,2,7690,3849,3841,0,0,0,1.0,1,1.0,1,1.0,1,0.17200786314849767,53
4810,2,7692,3850,3842,0,0,0,1.0,1,1.0,1,1.0,1,0.17355450237058637,51
4811,1,7693,3851,3842,0,0,0,1.0,1,1.0,1,1.0,1,0.17803589463938882,52
4812,0,7693,3851,3842,0,0,0,1.0,1,1.0,1,1.0,1,0.17267219287036706,52
4813,1,7694,3851,3843,0,0,0,1.0,1,1.0,1,1.0,1,0.1610016386634515,52
4814,4,7698,3855,3843,0,0,0,1.0,1,1.0,1,1.0,1,0.18304277229695828,53
4815,4,7702,3858,3844,0,0,0,1.0,1,1.0,1,1.0,1,0.16596921804332915,54
4816,1,7703,3859,3844,0,0,0,1.0,1,1.0,1,1.0,1,0.16663792091299312,54
4817,6,7709,3863,3846,0,0,0,1.0,1,1.0,1,1.0,1,0.2553645578795767,55
4818,9,7718,3867,3851,0,0,0,1.0,1,1.0,1,1.0,1,0.17398677527275816,55
4819,4,7722,3868,3854,0,0,0,1.0,1,1.0,1,1.0,1,0.16569252513830235,55
4820,2,7724,3869,3855,0,0,0,1.0,1,1.0,1,1.0,1,0.18897083020733416,55
4821,2,7726,3871,3855,0,0,0,1.0,1,1.0,1,1.0,1,0.17241745166692177,55
4822,1,7727,3872,3855,0,0,0,1.0,1,1.0,1,1.0,1,0.19179640597994843,54
4823,3,7730,3873,3857,0,0,0,1.0,1,1.0,1,1.0,1,0.14195323158116518,54
4824,0,7730,3873,3857,0,0,0,1.0,1,1.0,1,1.0,1,0.11210968003495105,55
4825,2,7732,3875,3857,0,0,0,1.0,1,1.0,1,1.0,1,0.1180625522181369,53
4826,2,7734,3877,3857,0,0,0,1.0,1,1.0,1,1.0,1,0.13565341446854132,54
4827,0,7734,3877,3857,0,0,0,1.0,1,1.0,1,1.0,1,0.12841990897690728,53
4828,0,7734,3877,3857,0,0,0,1.0,1,1.0,1,1.0,1,0.1301126395406777,54
4829,0,7734,3877,3857,0,0,0,1.0,1,1.0,1,1.0,1,0.1328044571201192,54
4830,2,7736,3878,3858,0,0,0,1.0,1,1.0,1,1.0,1,0.1458570639473902,53
4831,1,7737,3879,3858,0,0,0,1.0,1,1.0,1,1.0,1,0.15589798862681592,52
4832,1,7738,3879,3859,0,0,0,1.0,1,1.0,1,1.0,1,0.15013114825533264,50
4833,0,7738,3879,3859,0,0,0,1.0,1,1.0,1,1.0,1,0.1641683431090992,51
4834,2,7740,3880,3860,0,0,0,1.0,1,1.0,1,1.0,1,0.19211993490634327,51
4835,2,7742,3880,3862,0,0,0,1.0,1,1.0,1,1.0,1,0.16481721953483167,50
4836,2,7744,3881,3863,0,0,0,1.0,1,1.0,1,1.0,1,0.20954622044933843,50
4837,2,7746,3882,3864,0,0,0,1.0,1,1.0,1,1.0,1,0.17022128177776621,46
4838,0,7746,3882,3864,0,0,0,1.0,1,1.0,1,1.0,1,0.15984792211602586,47
4839,1,7747,3883,3864,0,0,0,1.0,1,1.0,1,1.0,1,0.19690742939961822,45
4840,1,7748,3884,3864,0,0,0,1.0,1,1.0,1,1.0,1,0.21463825514619905,45
4841,3,7751,3886,3865,0,0,0,1.0,1,1.0,1,1.0,1,0.2333569358166534,43
4842,0,7751,3886,3865,0,0,0,1.0,1,1.0,1,1.0,1,0.21711104684609425,43
4843,2,7753,3887,3866,0,0,0,1.0,1,1.0,1,1.0,1,0.21208084781021658,44
4844,3,7756,3888,3868,0,0,0,1.0,1,1.0,1,1.0,1,0.2508314183009303,43
4845,6,7762,3891,3871,0,0,0,1.0,1,1.0,1,1.0,1,0.2993055078062579,44
4846,1,7763,3891,3872,0,0,0,1.0,1,1.0,1,1.0,1,0.2593813390261595,43
4847,3,7766,3893,3873,0,0,0,1.0,1,1.0,1,1.0,1,0.2902870788183505,42
4848,2,7768,3894,3874,0,0,0,1.0,1,1.0,1,1.0,1,0.29018359566401597,41
4849,1,7769,3895,3874,0,0,0,1.0,1,1.0,1,1.0,1,0.27856008023606826,41
4850,2,7771,3895,3876,0,0,0,1.0,1,1.0,1,1.0,1,0.2706677581878014,41
4851,0,7771,3895,3876,0,0,0,1.0,1,1.0,1,1.0,1,0.2706677581878014,41
4852,1,7772,3895,3877,0,0,0,1.0,1,1.0,1,1.0,1,0.25832187688481073,43
4853,1,7773,3896,3877,0,0,0,1.0,1,1.0,1,1.0,1,0.27648026256053937,44
4854,1,7774,3897,3877,0,0,0,1.0,1,1.0,1,1.0,1,0.304567814147911,45
4855,1,7775,3898,3877,0,0,0,1.0,1,1.0,1,1.0,1,0.2882927521072065,44
4856,0,7775,3898,3877,0,0,0,1.0,1,1.0,1,1.0,1,0.2882927521072065,44
4857,1,7776,3898,3878,0,0,0,1.0,1,1.0,1,1.0,1,0.2759453659723509,44
4858,0,7776,3898,3878,0,0,0,1.0,1,1.0,1,1.0,1,0.2881203827778579,45
4859,0,7776,3898,3878,0,0,0,1.0,1,1.0,1,1.0,1,0.2990456384898914,46
4860,0,7776,3898,3878,0,0,0,1.0,1,1.0,1,1.0,1,0.2990456384898914,46
4861,1,7777,3898,3879,0,0,0,1.0,1,1.0,1,1.0,1,0.27646600179247804,46
4862,1,7778,3898,3880,0,0,0,1.0,1,1.0,1,1.0,1,0.2721346715759704,47
4863,3,7781,3899,3882,0,0,0,1.0,1,1.0,1,1.0,1,0.2642537018841062,47
4864,1,7782,3899,3883,0,0,0,1.0,1,1.0,1,1.0,1,0.2595015022240857,47
4865,2,7784,3900,3884,0,0,0,1.0,1,1.0,1,1.0,1,0.23578948944170758,48
4866,1,7785,3901,3884,0,0,0,1.0,1,1.0,1,1.0,1,0.22487460932569284,49
4867,3,7788,3901,3887,0,0,0,1.0,1,1.0,1,1.0,1,0.193899228832142,50
4868,1,7789,3902,3887,0,0,0,1.0,1,1.0,1,1.0,1,0.19133435508188484,50
4869,0,7789,3902,3887,0,0,0,1.0,1,1.0,1,1.0,1,0.19133435508188484,50
4870,3,7792,3904,3888,0,0,0,1.0,1,1.0,1,1.0,1,0.19861926727540202,52
4871,2,7794,3904,3890,0,0,0,1.0,1,1.0,1,1.0,1,0.16270812702201493,52
4872,2,7796,3906,3890,0,0,0,1.0,1,1.0,1,1.0,1,0.1981176620474923,53
4873,3,7799,3907,3892,0,0,0,1.0,1,1.0,1,1.0,1,0.2001940530818892,55
4874,1,7800,3908,3892,0,0,0,1.0,1,1.0,1,1.0,1,0.21170340505169694,56
4875,4,7804,3909,3895,0,0,0,1.0,1,1.0,1,1.0,1,0.16141949014753182,55
4876,5,7809,3911,3898,0,0,0,1.0,1,1.0,1,1.0,1,0.15192738361024008,55
4877,1,7810,3912,3898,0,0,0,1.0,1,1.0,1,1.0,1,0.16259888831424046,54
4878,1,7811,3913,3898,0,0,0,1.0,1,1.0,1,1.0,1,0.19349133909769345,53
4879,3,7814,3915,3899,0,0,0,1.0,1,1.0,1,1.0,1,0.2357015459088435,54
4880,2,7816,3916,3900,0,0,0,1.0,1,1.0,1,1.0,1,0.22880837964224862,54
4881,2,7818,3916,3902,0,0,0,1.0,1,1.0,1,1.0,1,0.19273394070219244,53
4882,0,7818,3916,3902,0,0,0,1.0,1,1.0,1,1.0,1,0.2245923044423718,53
4883,1,7819,3917,3902,0,0,0,1.0,1,1.0,1,1.0,1,0.26600007974577733,53
4884,1,7820,3917,3903,0,0,0,1.0,1,1.0,1,1.0,1,0.2535964703847988,51
4885,1,7821,3918,3903,0,0,0,1.0,1,1.0,1,1.0,1,0.27874616085868853,50
4886,0,7821,3918,3903,0,0,0,1.0,1,1.0,1,1.0,1,0.2916246859448536,48
4887,1,7822,3918,3904,0,0,0,1.0,1,1.0,1,1.0,1,0.28553745263207353,48
4888,1,7823,3919,3904,0,0,0,1.0,1,1.0,1,1.0,1,0.29989077046214463,48
4889,0,7823,3919,3904,0,0,0,1.0,1,1.0,1,1.0,1,0.29989077046214463,48
4890,1,7824,3919,3905,0,0,0,1.0,1,1.0,1,1.0,1,0.2812722995783491,49
4891,0,7824,3919,3905,0,0,0,1.0,1,1.0,1,1.0,1,0.29501041909612064,50
4892,0,7824,3919,3905,0,0,0,1.0,1,1.0,1,1.0,1,0.31232213847364315,49
4893,1,7825,3919,3906,0,0,0,1.0,1,1.0,1,1.0,1,0.2994980746894842,50
4894,1,7826,3919,3907,0,0,0,1.0,1,1.0,1,1.0,1,0.28515538779828214,51
4895,2,7828,3919,3909,0,0,0,1.0,1,1.0,1,1.0,1,0.27393478382678726,52
4896,1,7829,3919,3910,0,0,0,1.0,1,1.0,1,1.0,1,0.2634676039002319,53
4897,1,7830,3919,3911,0,0,0,1.0,1,1.0,1,1.0,1,0.2581214924995437,53
4898,2,7832,3920,3912,0,0,0,1.0,1,1.0,1,1.0,1,0.2398978787758037,53
4899,3,7835,3922,3913,0,0,0,1.0,1,1.0,1,1.0,1,0.20764396678666058,55
4900,1,7836,3923,3913,0,0,0,1.0,1,1.0,1,1.0,1,0.2061793339030684,55
4901,1,7837,3924,3913,0,0,0,1.0,1,1.0,1,1.0,1,0.21914103861144257,56
4902,3,7840,3926,3914,0,0,0,1.0,1,1.0,1,1.0,1,0.2323841783039211,58
4903,4,7844,3929,3915,0,0,0,1.0,1,1.0,1,1.0,1,0.23953497090401,58
4904,2,7846,3931,3915,0,0,0,1.0,1,1.0,1,1.0,1,0.2546344363354976,57
4905,1,7847,3931,3916,0,0,0,1.0,1,1.0,1,1.0,1,0.24897084896851662,54
4906,1,7848,3931,3917,0,0,0,1.0,1,1.0,1,1.0,1,0.25401377052420593,55
4907,1,7849,3931,3918,0,0,0,1.0,1,1.0,1,1.0,1,0.25680077978906435,52
4908,5,7854,3932,3922,0,0,0,1.0,1,1.0,1,1.0,1,0.24547950595565637,53
4909,0,7854,3932,3922,0,0,0,1.0,1,1.0,1,1.0,1,0.24585014544699707,52
4910,0,7854,3932,3922,0,0,0,1.0,1,1.0,1,1.0,1,0.2554955545530467,53
4911,2,7856,3932,3924,0,0,0,1.0,1,1.0,1,1.0,1,0.251016561425997,55
4912,3,7859,3934,3925,0,0,0,1.0,1,1.0,1,1.0,1,0.3022187367139517,54
4913,5,7864,3934,3930,0,0,0,1.0,1,1.0,1,1.0,1,0.22523729258563976,53
4914,4,7868,3934,3934,0,0,0,1.0,1,1.0,1,1.0,1,0.22467971744510254,53
4915,1,7869,3935,3934,0,0,0,1.0,1,1.0,1,1.0,1,0.23475115174437533,54
4916,1,7870,3935,3935,0,0,0,1.0,1,1.0,1,1.0,1,0.23963139108738843,52
4917,1,7871,3936,3935,0,0,0,1.0,1,1.0,1,1.0,1,0.25428930961905144,52
4918,0,7871,3936,3935,0,0,0,1.0,1,1.0,1,1.0,1,0.25331799225506824,51
4919,0,7871,3936,3935,0,0,0,1.0,1,1.0,1,1.0,1,0.26604968301300796,50
4920,0,7871,3936,3935,0,0,0,1.0,1,1.0,1,1.0,1,0.2655829555010729,51
4921,2,7873,3937,3936,0,0,0,1.0,1,1.0,1,1.0,1,0.2507758823600452,51
4922,3,7876,3938,3938,0,0,0,1.0,1,1.0,1,1.0,1,0.2661101998546225,53
4923,1,7877,3938,3939,0,0,0,1.0,1,1.0,1,1.0,1,0.25856828225658496,53
4924,2,7879,3938,3941,0,0,0,1.0,1,1.0,1,1.0,1,0.24305120502990166,55
4925,2,7881,3940,3941,0,0,0,1.0,1,1.0,1,1.0,1,0.2354226882989714,56
4926,0,7881,3940,3941,0,0,0,1.0,1,1.0,1,1.0,1,0.2231999964465492,55
4927,2,7883,3942,3941,0,0,0,1.0,1,1.0,1,1.0,1,0.2205904424265923,55
4928,2,7885,3942,3943,0,0,0,1.0,1,1.0,1,1.0,1,0.19008796196730868,55
4929,1,7886,3942,3944,0,0,0,1.0,1,1.0,1,1.0,1,0.1688841861376132,56
4930,0,7886,3942,3944,0,0,0,1.0,1,1.0,1,1.0,1,0.1854421468808735,58
4931,0,7886,3942,3944,0,0,0,1.0,1,1.0,1,1.0,1,0.1859714293697776,59
4932,0,7886,3942,3944,0,0,0,1.0,1,1.0,1,1.0,1,0.20069026595411685,60
4933,0,7886,3942,3944,0,0,0,1.0,1,1.0,1,1.0,1,0.20069026595411685,60
4934,1,7887,3943,3944,0,0,0,1.0,1,1.0,1,1.0,1,0.1999414666572803,60
4935,1,7888,3943,3945,0,0,0,1.0,1,1.0,1,1.0,1,0.1856039103935435,60
4936,3,7891,3944,3947,0,0,0,1.0,1,1.0,1,1.0,1,0.19204951951471663,61
4937,1,7892,3944,3948,0,0,0,1.0,1,1.0,1,1.0,1,0.20355586317879953,62
4938,1,7893,3944,3949,0,0,0,1.0,1,1.0,1,1.0,1,0.18057820987142964,62
4939,4,7897,3947,3950,0,0,0,1.0,1,1.0,1,1.0,1,0.20148550871734455,64
4940,2,7899,3947,3952,0,0,0,1.0,1,1.0,1,1.0,1,0.18252109255423768,67
4941,1,7900,3948,3952,0,0,0,1.0,1,1.0,1,1.0,1,0.19663289298207948,66
4942,2,7902,3949,3953,0,0,0,1.0,1,1.0,1,1.0,1,0.20042996120257467,67
4943,1,7903,3949,3954,0,0,0,1.0,1,1.0,1,1.0,1,0.1963293244900826,65
4944,4,7907,3952,3955,0,0,0,1.0,1,1.0,1,1.0,1,0.19997719407819062,65
4945,3,7910,3953,3957,0,0,0,1.0,1,1.0,1,1.0,1,0.16519342584133268,62
4946,2,7912,3955,3957,0,0,0,1.0,1,1.0,1,1.0,1,0.17069544079340543,61
4947,0,7912,3955,3957,0,0,0,1.0,1,1.0,1,1.0,1,0.17797403066903744,59
4948,1,7913,3955,3958,0,0,0,1.0,1,1.0,1,1.0,1,0.16482596621242032,59
4949,0,7913,3955,3958,0,0,0,1.0,1,1.0,1,1.0,1,0.17522495888479186,57
4950,11,7924,3961,3963,0,0,0,1.0,1,1.0,1,1.0,1,0.18753294244594615,58
4951,5,7929,3965,3964,0,0,0,1.0,1,1.0,1,1.0,1,0.18060440932963454,55
4952,3,7932,3967,3965,0,0,0,1.0,1,1.0,1,1.0,1,0.21076780277595206,53
4953,7,7939,3971,3968,0,0,0,1.0,1,1.0,1,1.0,1,0.19504223973871812,54
4954,2,7941,3971,3970,0,0,0,1.0,1,1.0,1,1.0,1,0.1714332342195596,52
4955,3,7944,3972,3972,0,0,0,1.0,1,1.0,1,1.0,1,0.14230674034353466,51
4956,0,7944,3972,3972,0,0,0,1.0,1,1.0,1,1.0,1,0.17909350054066456,47
4957,1,7945,3973,3972,0,0,0,1.0,1,1.0,1,1.0,1,0.17945483513924496,48
4958,0,7945,3973,3972,0,0,0,1.0,1,1.0,1,1.0,1,0.16943319515217284,47
4959,0,7945,3973,3972,0,0,0,1.0,1,1.0,1,1.0,1,0.16943319515217284,47
4960,1,7946,3973,3973,0,0,0,1.0,1,1.0,1,1.0,1,0.16845419188024294,48
4961,3,7949,3975,3974,0,0,0,1.0,1,1.0,1,1.0,1,0.181562802585757,49
4962,1,7950,3975,3975,0,0,0,1.0,1,1.0,1,1.0,1,0.16741089665423897,49
4963,0,7950,3975,3975,0,0,0,1.0,1,1.0,1,1.0,1,0.1916116186287408,51
4964,2,7952,3976,3976,0,0,0,1.0,1,1.0,1,1.0,1,0.19275379517953786,51
4965,3,7955,3977,3978,0,0,0,1.0,1,1.0,1,1.0,1,0.17509526981140167,51
4966,1,7956,3978,3978,0,0,0,1.0,1,1.0,1,1.0,1,0.16749597964430832,51
4967,1,7957,3978,3979,0,0,0,1.0,1,1.0,1,1.0,1,0.14035903055852678,51
4968,1,7958,3979,3979,0,0,0,1.0,1,1.0,1,1.0,1,0.14518167968439577,52
4969,0,7958,3979,3979,0,0,0,1.0,1,1.0,1,1.0,1,0.1557512873387481,53
4970,1,7959,3979,3980,0,0,0,1.0,1,1.0,1,1.0,1,0.15565886995420752,54
4971,0,7959,3979,3980,0,0,0,1.0,1,1.0,1,1.0,1,0.16050225374504384,55
4972,2,7961,3980,3981,0,0,0,1.0,1,1.0,1,1.0,1,0.22063963805613646,56
4973,4,7965,3982,3983,0,0,0,1.0,1,1.0,1,1.0,1,0.21267102178814798,57
4974,4,7969,3983,3986,0,0,0,1.0,1,1.0,1,1.0,1,0.20350836007992784,56
4975,3,7972,3983,3989,0,0,0,1.0,1,1.0,1,1.0,1,0.15446003435184064,57
4976,1,7973,3983,3990,0,0,0,1.0,1,1.0,1,1.0,1,0.14517632240636597,57
4977,1,7974,3983,3991,0,0,0,1.0,1,1.0,1,1.0,1,0.11870085756119468,57
4978,3,7977,3985,3992,0,0,0,1.0,1,1.0,1,1.0,1,0.12660032294989368,58
4979,1,7978,3986,3992,0,0,0,1.0,1,1.0,1,1.0,1,0.155916751934837,58
4980,2,7980,3988,3992,0,0,0,1.0,1,1.0,1,1.0,1,0.17126309137336782,59
4981,2,7982,3989,3993,0,0,0,1.0,1,1.0,1,1.0,1,0.18364634848601463,60
4982,4,7986,3989,3997,0,0,0,1.0,1,1.0,1,1.0,1,0.1251585484806344,61
4983,6,7992,3992,4000,0,0,0,1.0,1,1.0,1,1.0,1,0.09678484059561117,61
4984,1,7993,3993,4000,0,0,0,1.0,1,1.0,1,1.0,1,0.10146473698894826,59
4985,0,7993,3993,4000,0,0,0,1.0,1,1.0,1,1.0,1,0.12345466004345043,58
4986,4,7997,3996,4001,0,0,0,1.0,1,1.0,1,1.0,1,0.13735641198973736,59
4987,4,8001,3998,4003,0,0,0,1.0,1,1.0,1,1.0,1,0.122609216482095,58
4988,0,8001,3998,4003,0,0,0,1.0,1,1.0,1,1.0,1,0.11591447986035128,57
4989,3,8004,4001,4003,0,0,0,1.0,1,1.0,1,1.0,1,0.14834569857405153,54
4990,4,8008,4003,4005,0,0,0,1.0,1,1.0,1,1.0,1,0.18497814682953737,53
4991,5,8013,4007,4006,0,0,0,1.0,1,1.0,1,1.0,1,0.22929984404896342,52
4992,5,8018,4010,4008,0,0,0,1.0,1,1.0,1,1.0,1,0.2018502160313731,48
4993,2,8020,4011,4009,0,0,0,1.0,1,1.0,1,1.0,1,0.20371854064787376,48
4994,1,8021,4012,4009,0,0,0,1.0,1,1.0,1,1.0,1,0.1913190716812291,45
4995,3,8024,4015,4009,0,0,0,1.0,1,1.0,1,1.0,1,0.22089949987484195,45
4996,3,8027,4017,4010,0,0,0,1.0,1,1.0,1,1.0,1,0.210367997993057,45
4997,0,8027,4017,4010,0,0,0,1.0,1,1.0,1,1.0,1,0.21824938297231755,42
4998,1,8028,4018,4010,0,0,0,1.0,1,1.0,1,1.0,1,0.276441942286004,44
4999,3,8031,4020,4011,0,0,0,1.0,1,1.0,1,1.0,1,0.3373763324826031,44
5000,1,8032,4021,4011,0,0,0,1.0,1,1.0,1,1.0,1,0.3499979235445038,42
5001,2,8034,4021,4013,0,0,0,1.0,1,1.0,1,1.0,1,0.37318011633004283,42
5002,2,8036,4021,4015,0,0,0,1.0,1,1.0,1,1.0,1,0.344719134188373,41
5003,4,8040,4021,4019,0,0,0,1.0,1,1.0,1,1.0,1,0.2946976553049477,41
5004,1,8041,4021,4020,0,0,0,1.0,1,1.0,1,1.0,1,0.2862313628063582,41
5005,0,8041,4021,4020,0,0,0,1.0,1,1.0,1,1.0,1,0.2862313628063582,41
5006,1,8042,4021,4021,0,0,0,1.0,1,1.0,1,1.0,1,0.255858717881578,42
5007,0,8042,4021,4021,0,0,0,1.0,1,1.0,1,1.0,1,0.2588770886952843,43
5008,0,8042,4021,4021,0,0,0,1.0,1,1.0,1,1.0,1,0.24020950472360808,46
5009,1,8043,4022,4021,0,0,0,1.0,1,1.0,1,1.0,1,0.24369863421025328,46
5010,1,8044,4022,4022,0,0,0,1.0,1,1.0,1,1.0,1,0.2486704887782082,46
5011,0,8044,4022,4022,0,0,0,1.0,1,1.0,1,1.0,1,0.2556313659276296,47
5012,0,8044,4022,4022,0,0,0,1.0,1,1.0,1,1.0,1,0.2663008782776302,48
5013,0,8044,4022,4022,0,0,0,1.0,1,1.0,1,1.0,1,0.2663008782776302,48
5014,0,8044,4022,4022,0,0,0,1.0,1,1.0,1,1.0,1,0.2655680333084368,49
5015,1,8045,4022,4023,0,0,0,1.0,1,1.0,1,1.0,1,0.25341708176917227,50
5016,1,8046,4023,4023,0,0,0,1.0,1,1.0,1,1.0,1,0.294646337556282,51
5017,0,8046,4023,4023,0,0,0,1.0,1,1.0,1,1.0,1,0.294646337556282,51
5018,1,8047,4024,4023,0,0,0,1.0,1,1.0,1,1.0,1,0.2790760336741307,51
5019,3,8050,4025,4025,0,0,0,1.0,1,1.0,1,1.0,1,0.27888848035364366,51
5020,3,8053,4025,4028,0,0,0,1.0,1,1.0,1,1.0,1,0.2528780963516395,51
5021,3,8056,4025,4031,0,0,0,1.0,1,1.0,1,1.0,1,0.21459098627212692,52
5022,3,8059,4027,4032,0,0,0,1.0,1,1.0,1,1.0,1,0.21631806055182323,52
5023,4,8063,4030,4033,0,0,0,1.0,1,1.0,1,1.0,1,0.24297850752612893,52
5024,4,8067,4032,4035,0,0,0,1.0,1,1.0,1,1.0,1,0.236158754940058,51
5025,0,8067,4032,4035,0,0,0,1.0,1,1.0,1,1.0,1,0.2200904255031773,50
5026,1,8068,4032,4036,0,0,0,1.0,1,1.0,1,1.0,1,0.19703247452387077,49
5027,2,8070,4033,4037,0,0,0,1.0,1,1.0,1,1.0,1,0.2004000110330457,47
5028,3,8073,4035,4038,0,0,0,1.0,1,1.0,1,1.0,1,0.26472140019907553,47
5029,3,8076,4038,4038,0,0,0,1.0,1,1.0,1,1.0,1,0.28157206132113133,46
5030,3,8079,4038,4041,0,0,0,1.0,1,1.0,1,1.0,1,0.2251404525442497,48
5031,1,8080,4039,4041,0,0,0,1.0,1,1.0,1,1.0,1,0.2596637017513641,46
5032,1,8081,4040,4041,0,0,0,1.0,1,1.0,1,1.0,1,0.2946417697634166,46
5033,2,8083,4040,4043,0,0,0,1.0,1,1.0,1,1.0,1,0.2602809487061971,47
5034,1,8084,4041,4043,0,0,0,1.0,1,1.0,1,1.0,1,0.2700889976172666,48
5035,0,8084,4041,4043,0,0,0,1.0,1,1.0,1,1.0,1,0.25848332924285256,47
5036,2,8086,4042,4044,0,0,0,1.0,1,1.0,1,1.0,1,0.2742012754273366,47
5037,0,8086,4042,4044,0,0,0,1.0,1,1.0,1,1.0,1,0.2593975099663779,47
5038,1,8087,4043,4044,0,0,0,1.0,1,1.0,1,1.0,1,0.28899405395925004,48
5039,1,8088,4043,4045,0,0,0,1.0,1,1.0,1,1.0,1,0.2584466365634829,47
5040,0,8088,4043,4045,0,0,0,1.0,1,1.0,1,1.0,1,0.2675651019210488,48
5041,0,8088,4043,4045,0,0,0,1.0,1,1.0,1,1.0,1,0.26675181236260026,49
5042,0,8088,4043,4045,0,0,0,1.0,1,1.0,1,1.0,1,0.2833411314559563,50
5043,0,8088,4043,4045,0,0,0,1.0,1,1.0,1,1.0,1,0.2678371489573416,51
5044,1,8089,4043,4046,0,0,0,1.0,1,1.0,1,1.0,1,0.2488248875739615,51
5045,1,8090,4044,4046,0,0,0,1.0,1,1.0,1,1.0,1,0.24955068180342319,51
5046,1,8091,4045,4046,0,0,0,1.0,1,1.0,1,1.0,1,0.2682177962972612,52
5047,1,8092,4045,4047,0,0,0,1.0,1,1.0,1,1.0,1,0.2695357971301607,52
5048,0,8092,4045,4047,0,0,0,1.0,1,1.0,1,1.0,1,0.2695357971301607,52
5049,1,8093,4045,4048,0,0,0,1.0,1,1.0,1,1.0,1,0.2866658348456683,52
5050,3,8096,4046,4050,0,0,0,1.0,1,1.0,1,1.0,1,0.29464651344003656,55
5051,1,8097,4046,4051,0,0,0,1.0,1,1.0,1,1.0,1,0.30206061404482454,55
5052,2,8099,4046,4053,0,0,0,1.0,1,1.0,1,1.0,1,0.2641168389671377,55
5053,1,8100,4046,4054,0,0,0,1.0,1,1.0,1,1.0,1,0.2598005609527589,54
5054,1,8101,4047,4054,0,0,0,1.0,1,1.0,1,1.0,1,0.26666863945054264,54
5055,6,8107,4047,4060,0,0,0,1.0,1,1.0,1,1.0,1,0.20733089469532073,54
5056,0,8107,4047,4060,0,0,0,1.0,1,1.0,1,1.0,1,0.21675647459263858,55
5057,1,8108,4047,4061,0,0,0,1.0,1,1.0,1,1.0,1,0.21574845752790084,56
5058,0,8108,4047,4061,0,0,0,1.0,1,1.0,1,1.0,1,0.2208441134819318,58
5059,0,8108,4047,4061,0,0,0,1.0,1,1.0,1,1.0,1,0.2208441134819318,58
5060,2,8110,4047,4063,0,0,0,1.0,1,1.0,1,1.0,1,0.19258126678211335,59
5061,1,8111,4047,4064,0,0,0,1.0,1,1.0,1,1.0,1,0.16008744479747924,58
5062,2,8113,4048,4065,0,0,0,1.0,1,1.0,1,1.0,1,0.17986940649445293,58
5063,5,8118,4052,4066,0,0,0,1.0,1,1.0,1,1.0,1,0.20947518985278257,57
5064,3,8121,4054,4067,0,0,0,1.0,1,1.0,1,1.0,1,0.23828740869951723,57
5065,4,8125,4056,4069,0,0,0,1.0,1,1.0,1,1.0,1,0.25283973821620986,56
5066,1,8126,4057,4069,0,0,0,1.0,1,1.0,1,1.0,1,0.2696272640823367,55
5067,1,8127,4057,4070,0,0,0,1.0,1,1.0,1,1.0,1,0.24677946522039038,54
5068,5,8132,4058,4074,0,0,0,1.0,1,1.0,1,1.0,1,0.21638534644459598,54
5069,1,8133,4059,4074,0,0,0,1.0,1,1.0,1,1.0,1,0.2154955933174906,53
5070,1,8134,4059,4075,0,0,0,1.0,1,1.0,1,1.0,1,0.20546434826541202,53
5071,1,8135,4059,4076,0,0,0,1.0,1,1.0,1,1.0,1,0.1815903387441423,53
5072,1,8136,4060,4076,0,0,0,1.0,1,1.0,1,1.0,1,0.17552706540582413,53
5073,1,8137,4061,4076,0,0,0,1.0,1,1.0,1,1.0,1,0.19497063028721678,53
5074,2,8139,4061,4078,0,0,0,1.0,1,1.0,1,1.0,1,0.17347025803829136,52
5075,0,8139,4061,4078,0,0,0,1.0,1,1.0,1,1.0,1,0.17347025803829136,52
5076,1,8140,4062,4078,0,0,0,1.0,1,1.0,1,1.0,1,0.1957399286417044,55
5077,2,8142,4063,4079,0,0,0,1.0,1,1.0,1,1.0,1,0.22820588658778956,55
5078,0,8142,4063,4079,0,0,0,1.0,1,1.0,1,1.0,1,0.22820588658778956,55
5079,0,8142,4063,4079,0,0,0,1.0,1,1.0,1,1.0,1,0.24650207102331728,54
5080,2,8144,4064,4080,0,0,0,1.0,1,1.0,1,1.0,1,0.2570230993851968,55
5081,3,8147,4064,4083,0,0,0,1.0,1,1.0,1,1.0,1,0.21588471523163325,57
5082,2,8149,4064,4085,0,0,0,1.0,1,1.0,1,1.0,1,0.19233944046471063,57
5083,0,8149,4064,4085,0,0,0,1.0,1,1.0,1,1.0,1,0.20420679985925405,58
5084,2,8151,4064,4087,0,0,0,1.0,1,1.0,1,1.0,1,0.1828502168947784,58
5085,0,8151,4064,4087,0,0,0,1.0,1,1.0,1,1.0,1,0.19057360717492278,59
5086,2,8153,4066,4087,0,0,0,1.0,1,1.0,1,1.0,1,0.19082369556796913,60
5087,4,8157,4068,4089,0,0,0,1.0,1,1.0,1,1.0,1,0.20316635877287917,61
5088,3,8160,4069,4091,0,0,0,1.0,1,1.0,1,1.0,1,0.19623747315499482,62
5089,4,8164,4072,4092,0,0,0,1.0,1,1.0,1,1.0,1,0.19036407859046806,63
5090,1,8165,4072,4093,0,0,0,1.0,1,1.0,1,1.0,1,0.17465272259981732,63
5091,3,8168,4074,4094,0,0,0,1.0,1,1.0,1,1.0,1,0.20679342932911585,63
5092,2,8170,4074,4096,0,0,0,1.0,1,1.0,1,1.0,1,0.18635699479622392,63
5093,2,8172,4074,4098,0,0,0,1.0,1,1.0,1,1.0,1,0.16148202745715148,63
5094,3,8175,4076,4099,0,0,0,1.0,1,1.0,1,1.0,1,0.15293968278013864,64
5095,1,8176,4076,4100,0,0,0,1.0,1,1.0,1,1.0,1,0.13648639427919054,64
5096,1,8177,4077,4100,0,0,0,1.0,1,1.0,1,1.0,1,0.1529883358804241,67
5097,2,8179,4077,4102,0,0,0,1.0,1,1.0,1,1.0,1,0.13912615047206506,67
5098,0,8179,4077,4102,0,0,0,1.0,1,1.0,1,1.0,1,0.1381630147758958,68
5099,0,8179,4077,4102,0,0,0,1.0,1,1.0,1,1.0,1,0.15486953860885075,70
5100,1,8180,4078,4102,0,0,0,1.0,1,1.0,1,1.0,1,0.15269935389215572,71
5101,1,8181,4078,4103,0,0,0,1.0,1,1.0,1,1.0,1,0.14169123242322704,71
5102,5,8186,4081,4105,0,0,0,1.0,1,1.0,1,1.0,1,0.19016135996029376,70
5103,2,8188,4082,4106,0,0,0,1.0,1,1.0,1,1.0,1,0.13415361770301976,67
5104,4,8192,4085,4107,0,0,0,1.0,1,1.0,1,1.0,1,0.1849514753195413,67
5105,4,8196,4088,4108,0,0,0,1.0,1,1.0,1,1.0,1,0.15566124845807183,63
5106,1,8197,4088,4109,0,0,0,1.0,1,1.0,1,1.0,1,0.1628929860823774,63
5107,6,8203,4094,4109,0,0,0,1.0,1,1.0,1,1.0,1,0.21788656034034073,60
5108,4,8207,4096,4111,0,0,0,1.0,1,1.0,1,1.0,1,0.18418750189851207,56
5109,6,8213,4098,4115,0,0,0,1.0,1,1.0,1,1.0,1,0.15969216321349064,56
5110,1,8214,4099,4115,0,0,0,1.0,1,1.0,1,1.0,1,0.16241135663256115,52
5111,4,8218,4102,4116,0,0,0,1.0,1,1.0,1,1.0,1,0.20692620683554167,51
5112,3,8221,4103,4118,0,0,0,1.0,1,1.0,1,1.0,1,0.18582365568261414,50
5113,4,8225,4105,4120,0,0,0,1.0,1,1.0,1,1.0,1,0.22808855258596322,48
5114,4,8229,4109,4120,0,0,0,1.0,1,1.0,1,1.0,1,0.1962272246154766,46
5115,1,8230,4109,4121,0,0,0,1.0,1,1.0,1,1.0,1,0.17758641252922272,44
5116,2,8232,4110,4122,0,0,0,1.0,1,1.0,1,1.0,1,0.20550141204955083,44
5117,0,8232,4110,4122,0,0,0,1.0,1,1.0,1,1.0,1,0.2075390091294942,46
5118,1,8233,4111,4122,0,0,0,1.0,1,1.0,1,1.0,1,0.19594868167485308,46
5119,0,8233,4111,4122,0,0,0,1.0,1,1.0,1,1.0,1,0.19594868167485308,46
5120,0,8233,4111,4122,0,0,0,1.0,1,1.0,1,1.0,1,0.19594868167485308,46
5121,3,8236,4112,4124,0,0,0,1.0,1,1.0,1,1.0,1,0.17586780816629244,46
5122,2,8238,4112,4126,0,0,0,1.0,1,1.0,1,1.0,1,0.12629581856884192,46
5123,3,8241,4114,4127,0,0,0,1.0,1,1.0,1,1.0,1,0.1469359834853176,45
5124,2,8243,4115,4128,0,0,0,1.0,1,1.0,1,1.0,1,0.16280946825469314,47
5125,2,8245,4115,4130,0,0,0,1.0,1,1.0,1,1.0,1,0.17143105813510923,50
5126,2,8247,4116,4131,0,0,0,1.0,1,1.0,1,1.0,1,0.14383802357621614,50
5127,1,8248,4117,4131,0,0,0,1.0,1,1.0,1,1.0,1,0.15341671010171173,52
5128,2,8250,4118,4132,0,0,0,1.0,1,1.0,1,1.0,1,0.1664677108340876,53
5129,1,8251,4118,4133,0,0,0,1.0,1,1.0,1,1.0,1,0.172803659503455,55
5130,1,8252,4119,4133,0,0,0,1.0,1,1.0,1,1.0,1,0.19552579274068754,55
5131,1,8253,4119,4134,0,0,0,1.0,1,1.0,1,1.0,1,0.18211165120717224,54
5132,2,8255,4119,4136,0,0,0,1.0,1,1.0,1,1.0,1,0.16123409133866387,54
5133,0,8255,4119,4136,0,0,0,1.0,1,1.0,1,1.0,1,0.16123409133866387,54
5134,0,8255,4119,4136,0,0,0,1.0,1,1.0,1,1.0,1,0.1639371093905321,53
5135,2,8257,4119,4138,0,0,0,1.0,1,1.0,1,1.0,1,0.14340238109369213,54
5136,1,8258,4119,4139,0,0,0,1.0,1,1.0,1,1.0,1,0.1667283831412984,54
5137,0,8258,4119,4139,0,0,0,1.0,1,1.0,1,1.0,1,0.1667283831412984,54
5138,3,8261,4122,4139,0,0,0,1.0,1,1.0,1,1.0,1,0.20533565045308075,54
5139,4,8265,4123,4142,0,0,0,1.0,1,1.0,1,1.0,1,0.15530092054348504,55
5140,5,8270,4126,4144,0,0,0,1.0,1,1.0,1,1.0,1,0.16077942570886947,55
5141,1,8271,4127,4144,0,0,0,1.0,1,1.0,1,1.0,1,0.14842570507155478,53
5142,3,8274,4130,4144,0,0,0,1.0,1,1.0,1,1.0,1,0.1737545972934405,54
5143,4,8278,4134,4144,0,0,0,1.0,1,1.0,1,1.0,1,0.15546949483368877,52
5144,1,8279,4135,4144,0,0,0,1.0,1,1.0,1,1.0,1,0.17609433365089594,50
5145,3,8282,4137,4145,0,0,0,1.0,1,1.0,1,1.0,1,0.14436459909625532,49
5146,1,8283,4138,4145,0,0,0,1.0,1,1.0,1,1.0,1,0.17250781903809964,49
5147,4,8287,4139,4148,0,0,0,1.0,1,1.0,1,1.0,1,0.1758145715168014,46
5148,2,8289,4140,4149,0,0,0,1.0,1,1.0,1,1.0,1,0.19396914168280707,46
5149,0,8289,4140,4149,0,0,0,1.0,1,1.0,1,1.0,1,0.1871856175102875,45
5150,2,8291,4142,4149,0,0,0,1.0,1,1.0,1,1.0,1,0.24002448161239673,47
5151,2,8293,4142,4151,0,0,0,1.0,1,1.0,1,1.0,1,0.19953038684062574,46
5152,3,8296,4144,4152,0,0,0,1.0,1,1.0,1,1.0,1,0.17547792452889405,46
5153,2,8298,4146,4152,0,0,0,1.0,1,1.0,1,1.0,1,0.19933298607744446,45
5154,4,8302,4147,4155,0,0,0,1.0,1,1.0,1,1.0,1,0.20844114578334424,47
5155,3,8305,4149,4156,0,0,0,1.0,1,1.0,1,1.0,1,0.2121047436078539,47
5156,2,8307,4150,4157,0,0,0,1.0,1,1.0,1,1.0,1,0.20672067862004512,47
5157,0,8307,4150,4157,0,0,0,1.0,1,1.0,1,1.0,1,0.19730193861580847,46
5158,0,8307,4150,4157,0,0,0,1.0,1,1.0,1,1.0,1,0.20070645531628228,47
5159,1,8308,4150,4158,0,0,0,1.0,1,1.0,1,1.0,1,0.19778611052080602,49
5160,0,8308,4150,4158,0,0,0,1.0,1,1.0,1,1.0,1,0.1940147877562485,48
5161,0,8308,4150,4158,0,0,0,1.0,1,1.0,1,1.0,1,0.1940147877562485,48
5162,1,8309,4150,4159,0,0,0,1.0,1,1.0,1,1.0,1,0.1858998439183779,49
5163,1,8310,4150,4160,0,0,0,1.0,1,1.0,1,1.0,1,0.17804933171112336,51
5164,0,8310,4150,4160,0,0,0,1.0,1,1.0,1,1.0,1,0.17804933171112336,51
5165,1,8311,4151,4160,0,0,0,1.0,1,1.0,1,1.0,1,0.2181989532109364,52
5166,4,8315,4153,4162,0,0,0,1.0,1,1.0,1,1.0,1,0.17602398231636412,52
5167,4,8319,4155,4164,0,0,0,1.0,1,1.0,1,1.0,1,0.16583127600927197,52
5168,1,8320,4155,4165,0,0,0,1.0,1,1.0,1,1.0,1,0.15817101367842432,52
5169,3,8323,4157,4166,0,0,0,1.0,1,1.0,1,1.0,1,0.1627902332845312,53
5170,0,8323,4157,4166,0,0,0,1.0,1,1.0,1,1.0,1,0.1627902332845312,53
5171,1,8324,4157,4167,0,0,0,1.0,1,1.0,1,1.0,1,0.16069628182124007,52
5172,1,8325,4158,4167,0,0,0,1.0,1,1.0,1,1.0,1,0.15773273077535527,53
5173,0,8325,4158,4167,0,0,0,1.0,1,1.0,1,1.0,1,0.17445086558430076,54
5174,4,8329,4158,4171,0,0,0,1.0,1,1.0,1,1.0,1,0.13104706346887982,56
5175,1,8330,4159,4171,0,0,0,1.0,1,1.0,1,1.0,1,0.15274442083940354,58
5176,1,8331,4160,4171,0,0,0,1.0,1,1.0,1,1.0,1,0.16797581839387118,58
5177,2,8333,4160,4173,0,0,0,1.0,1,1.0,1,1.0,1,0.15426854048112956,59
5178,3,8336,4163,4173,0,0,0,1.0,1,1.0,1,1.0,1,0.1807546286036276,57
5179,3,8339,4163,4176,0,0,0,1.0,1,1.0,1,1.0,1,0.13043459840281196,58
5180,2,8341,4164,4177,0,0,0,1.0,1,1.0,1,1.0,1,0.10147084774676539,56
5181,0,8341,4164,4177,0,0,0,1.0,1,1.0,1,1.0,1,0.08647072390068344,57
5182,4,8345,4167,4178,0,0,0,1.0,1,1.0,1,1.0,1,0.11796807535179384,56
5183,2,8347,4169,4178,0,0,0,1.0,1,1.0,1,1.0,1,0.12651137212770205,57
5184,4,8351,4172,4179,0,0,0,1.0,1,1.0,1,1.0,1,0.1772073408041591,56
5185,2,8353,4173,4180,0,0,0,1.0,1,1.0,1,1.0,1,0.1665995172115686,56
5186,1,8354,4174,4180,0,0,0,1.0,1,1.0,1,1.0,1,0.19402765120043441,54
5187,2,8356,4174,4182,0,0,0,1.0,1,1.0,1,1.0,1,0.1688063446296412,51
5188,1,8357,4175,4182,0,0,0,1.0,1,1.0,1,1.0,1,0.1882830853304193,50
5189,1,8358,4175,4183,0,0,0,1.0,1,1.0,1,1.0,1,0.14215573147294217,49
5190,1,8359,4176,4183,0,0,0,1.0,1,1.0,1,1.0,1,0.19416856793658022,50
5191,2,8361,4176,4185,0,0,0,1.0,1,1.0,1,1.0,1,0.16311318512177728,50
5192,3,8364,4177,4187,0,0,0,1.0,1,1.0,1,1.0,1,0.10077651745230916,49
5193,1,8365,4177,4188,0,0,0,1.0,1,1.0,1,1.0,1,0.10920984642621136,50
5194,1,8366,4178,4188,0,0,0,1.0,1,1.0,1,1.0,1,0.13383094726555145,51
5195,1,8367,4179,4188,0,0,0,1.0,1,1.0,1,1.0,1,0.1628916396565678,51
5196,0,8367,4179,4188,0,0,0,1.0,1,1.0,1,1.0,1,0.1628916396565678,51
5197,0,8367,4179,4188,0,0,0,1.0,1,1.0,1,1.0,1,0.1628916396565678,51
5198,0,8367,4179,4188,0,0,0,1.0,1,1.0,1,1.0,1,0.1628916396565678,51
5199,1,8368,4179,4189,0,0,0,1.0,1,1.0,1,1.0,1,0.14912247159066053,54
5200,1,8369,4180,4189,0,0,0,1.0,1,1.0,1,1.0,1,0.132395648337719,54
5201,5,8374,4182,4192,0,0,0,1.0,1,1.0,1,1.0,1,0.10506420985707944,55
5202,1,8375,4182,4193,0,0,0,1.0,1,1.0,1,1.0,1,0.11802211756641896,56
5203,0,8375,4182,4193,0,0,0,1.0,1,1.0,1,1.0,1,0.11802211756641896,56
5204,0,8375,4182,4193,0,0,0,1.0,1,1.0,1,1.0,1,0.13110221615944812,58
5205,0,8375,4182,4193,0,0,0,1.0,1,1.0,1,1.0,1,0.13110221615944812,58
5206,0,8375,4182,4193,0,0,0,1.0,1,1.0,1,1.0,1,0.13110221615944812,58
5207,2,8377,4184,4193,0,0,0,1.0,1,1.0,1,1.0,1,0.14544118351510293,59
5208,1,8378,4184,4194,0,0,0,1.0,1,1.0,1,1.0,1,0.13888875729941952,58
5209,0,8378,4184,4194,0,0,0,1.0,1,1.0,1,1.0,1,0.13888875729941952,58
5210,0,8378,4184,4194,0,0,0,1.0,1,1.0,1,1.0,1,0.15566041496062294,57
5211,1,8379,4185,4194,0,0,0,1.0,1,1.0,1,1.0,1,0.17291340905665867,57
5212,3,8382,4185,4197,0,0,0,1.0,1,1.0,1,1.0,1,0.1331299315867755,59
5213,2,8384,4187,4197,0,0,0,1.0,1,1.0,1,1.0,1,0.1699920831637627,59
5214,6,8390,4190,4200,0,0,0,1.0,1,1.0,1,1.0,1,0.2151639340711125,59
5215,4,8394,4191,4203,0,0,0,1.0,1,1.0,1,1.0,1,0.21352887494969833,58
5216,0,8394,4191,4203,0,0,0,1.0,1,1.0,1,1.0,1,0.1970160205935149,59
5217,4,8398,4195,4203,0,0,0,1.0,1,1.0,1,1.0,1,0.18673680719206337,58
5218,3,8401,4198,4203,0,0,0,1.0,1,1.0,1,1.0,1,0.23524278200610407,58
5219,1,8402,4198,4204,0,0,0,1.0,1,1.0,1,1.0,1,0.17561789904732447,57
5220,1,8403,4198,4205,0,0,0,1.0,1,1.0,1,1.0,1,0.1849510817695723,56
5221,2,8405,4200,4205,0,0,0,1.0,1,1.0,1,1.0,1,0.22467724200363093,58
5222,3,8408,4202,4206,0,0,0,1.0,1,1.0,1,1.0,1,0.22747084246156482,56
5223,4,8412,4204,4208,0,0,0,1.0,1,1.0,1,1.0,1,0.2739191214297008,55
5224,2,8414,4205,4209,0,0,0,1.0,1,1.0,1,1.0,1,0.2622869462998846,56
5225,0,8414,4205,4209,0,0,0,1.0,1,1.0,1,1.0,1,0.2696243714119743,55
5226,1,8415,4206,4209,0,0,0,1.0,1,1.0,1,1.0,1,0.2687536362550291,55
5227,2,8417,4206,4211,0,0,0,1.0,1,1.0,1,1.0,1,0.23539394149383117,53
5228,0,8417,4206,4211,0,0,0,1.0,1,1.0,1,1.0,1,0.22412855554588673,51
5229,1,8418,4206,4212,0,0,0,1.0,1,1.0,1,1.0,1,0.2235056897840046,51
5230,0,8418,4206,4212,0,0,0,1.0,1,1.0,1,1.0,1,0.22439930076079848,51
5231,3,8421,4208,4213,0,0,0,1.0,1,1.0,1,1.0,1,0.24919320659179794,52
5232,4,8425,4210,4215,0,0,0,1.0,1,1.0,1,1.0,1,0.2557918655492732,52
5233,2,8427,4210,4217,0,0,0,1.0,1,1.0,1,1.0,1,0.2549955088416806,53
5234,2,8429,4212,4217,0,0,0,1.0,1,1.0,1,1.0,1,0.2973094513658195,53
5235,1,8430,4213,4217,0,0,0,1.0,1,1.0,1,1.0,1,0.3041641211539731,53
5236,2,8432,4214,4218,0,0,0,1.0,1,1.0,1,1.0,1,0.298557406322459,52
5237,3,8435,4214,4221,0,0,0,1.0,1,1.0,1,1.0,1,0.28714555603838215,52
5238,5,8440,4216,4224,0,0,0,1.0,1,1.0,1,1.0,1,0.2664376809313133,52
5239,0,8440,4216,4224,0,0,0,1.0,1,1.0,1,1.0,1,0.28106248346020407,51
5240,3,8443,4217,4226,0,0,0,1.0,1,1.0,1,1.0,1,0.26937007705679583,53
5241,1,8444,4217,4227,0,0,0,1.0,1,1.0,1,1.0,1,0.2726116358096931,53
5242,1,8445,4217,4228,0,0,0,1.0,1,1.0,1,1.0,1,0.27882103684269455,51
5243,0,8445,4217,4228,0,0,0,1.0,1,1.0,1,1.0,1,0.27882103684269455,51
5244,2,8447,4218,4229,0,0,0,1.0,1,1.0,1,1.0,1,0.28618014718385965,52
5245,1,8448,4218,4230,0,0,0,1.0,1,1.0,1,1.0,1,0.267924137065675,53
5246,4,8452,4221,4231,0,0,0,1.0,1,1.0,1,1.0,1,0.2534999493425434,53
5247,0,8452,4221,4231,0,0,0,1.0,1,1.0,1,1.0,1,0.26301368051067137,54
5248,1,8453,4222,4231,0,0,0,1.0,1,1.0,1,1.0,1,0.24587021255874303,54
5249,2,8455,4223,4232,0,0,0,1.0,1,1.0,1,1.0,1,0.22859227670669902,55
5250,4,8459,4223,4236,0,0,0,1.0,1,1.0,1,1.0,1,0.21801481748999804,57
5251,1,8460,4223,4237,0,0,0,1.0,1,1.0,1,1.0,1,0.2063718208393321,58
5252,1,8461,4224,4237,0,0,0,1.0,1,1.0,1,1.0,1,0.20022902352376357,58
5253,2,8463,4226,4237,0,0,0,1.0,1,1.0,1,1.0,1,0.24752018607801274,58
5254,3,8466,4227,4239,0,0,0,1.0,1,1.0,1,1.0,1,0.2560391558123193,59
5255,1,8467,4228,4239,0,0,0,1.0,1,1.0,1,1.0,1,0.23535688473182775,58
5256,0,8467,4228,4239,0,0,0,1.0,1,1.0,1,1.0,1,0.26081581441251545,58
5257,1,8468,4228,4240,0,0,0,1.0,1,1.0,1,1.0,1,0.25348975667151846,57
5258,1,8469,4228,4241,0,0,0,1.0,1,1.0,1,1.0,1,0.2498298584585498,55
5259,0,8469,4228,4241,0,0,0,1.0,1,1.0,1,1.0,1,0.24996269670900914,56
5260,0,8469,4228,4241,0,0,0,1.0,1,1.0,1,1.0,1,0.27790479578030647,55
5261,0,8469,4228,4241,0,0,0,1.0,1,1.0,1,1.0,1,0.2865865158390544,54
5262,1,8470,4229,4241,0,0,0,1.0,1,1.0,1,1.0,1,0.3095529444257181,54
5263,5,8475,4232,4243,0,0,0,1.0,1,1.0,1,1.0,1,0.3030616324372044,55
5264,4,8479,4233,4246,0,0,0,1.0,1,1.0,1,1.0,1,0.28118580830091555,53
5265,4,8483,4236,4247,0,0,0,1.0,1,1.0,1,1.0,1,0.30256488560340516,52
5266,0,8483,4236,4247,0,0,0,1.0,1,1.0,1,1.0,1,0.2994121015878627,49
5267,1,8484,4237,4247,0,0,0,1.0,1,1.0,1,1.0,1,0.29594548138894955,49
5268,3,8487,4238,4249,0,0,0,1.0,1,1.0,1,1.0,1,0.28093985675290384,46
5269,2,8489,4239,4250,0,0,0,1.0,1,1.0,1,1.0,1,0.2770832225019345,45
5270,5,8494,4241,4253,0,0,0,1.0,1,1.0,1,1.0,1,0.26475123600181955,46
5271,2,8496,4241,4255,0,0,0,1.0,1,1.0,1,1.0,1,0.26918319189571666,46
5272,2,8498,4242,4256,0,0,0,1.0,1,1.0,1,1.0,1,0.27074984922733736,45
5273,5,8503,4245,4258,0,0,0,1.0,1,1.0,1,1.0,1,0.27301035420059744,45
5274,2,8505,4245,4260,0,0,0,1.0,1,1.0,1,1.0,1,0.23649751076630693,45
5275,3,8508,4247,4261,0,0,0,1.0,1,1.0,1,1.0,1,0.23176328640962437,46
5276,2,8510,4249,4261,0,0,0,1.0,1,1.0,1,1.0,1,0.24905156698236744,45
5277,0,8510,4249,4261,0,0,0,1.0,1,1.0,1,1.0,1,0.24928801788146432,45
5278,2,8512,4251,4261,0,0,0,1.0,1,1.0,1,1.0,1,0.291558190931976,44
5279,0,8512,4251,4261,0,0,0,1.0,1,1.0,1,1.0,1,0.2921337587512567,45
5280,2,8514,4251,4263,0,0,0,1.0,1,1.0,1,1.0,1,0.2780720162625196,46
5281,0,8514,4251,4263,0,0,0,1.0,1,1.0,1,1.0,1,0.2780720162625196,46
5282,0,8514,4251,4263,0,0,0,1.0,1,1.0,1,1.0,1,0.2859544381287866,47
5283,3,8517,4251,4266,0,0,0,1.0,1,1.0,1,1.0,1,0.2471475378414497,48
5284,0,8517,4251,4266,0,0,0,1.0,1,1.0,1,1.0,1,0.2471475378414497,48
5285,1,8518,4251,4267,0,0,0,1.0,1,1.0,1,1.0,1,0.22223188012911685,48
5286,1,8519,4251,4268,0,0,0,1.0,1,1.0,1,1.0,1,0.21551169103900586,50
5287,0,8519,4251,4268,0,0,0,1.0,1,1.0,1,1.0,1,0.21551169103900586,50
5288,0,8519,4251,4268,0,0,0,1.0,1,1.0,1,1.0,1,0.217589885545134,51
5289,1,8520,4251,4269,0,0,0,1.0,1,1.0,1,1.0,1,0.19927721495841724,51
5290,0,8520,4251,4269,0,0,0,1.0,1,1.0,1,1.0,1,0.21015320180984906,52
5291,3,8523,4253,4270,0,0,0,1.0,1,1.0,1,1.0,1,0.27174605661742707,52
5292,2,8525,4253,4272,0,0,0,1.0,1,1.0,1,1.0,1,0.24436652465063533,53
5293,1,8526,4254,4272,0,0,0,1.0,1,1.0,1,1.0,1,0.3011494681403559,51
5294,2,8528,4255,4273,0,0,0,1.0,1,1.0,1,1.0,1,0.32688239003027875,50
5295,0,8528,4255,4273,0,0,0,1.0,1,1.0,1,1.0,1,0.32899175257746743,49
5296,2,8530,4257,4273,0,0,0,1.0,1,1.0,1,1.0,1,0.3701537122447101,48
5297,0,8530,4257,4273,0,0,0,1.0,1,1.0,1,1.0,1,0.38664733609176744,46
5298,1,8531,4257,4274,0,0,0,1.0,1,1.0,1,1.0,1,0.3802554360653714,46
5299,1,8532,4257,4275,0,0,0,1.0,1,1.0,1,1.0,1,0.36720314575752205,47
5300,0,8532,4257,4275,0,0,0,1.0,1,1.0,1,1.0,1,0.35090194298640254,48
5301,0,8532,4257,4275,0,0,0,1.0,1,1.0,1,1.0,1,0.35090194298640254,48
5302,5,8537,4261,4276,0,0,0,1.0,1,1.0,1,1.0,1,0.3515755277909307,49
5303,3,8540,4262,4278,0,0,0,1.0,1,1.0,1,1.0,1,0.32563338827824073,48
5304,1,8541,4263,4278,0,0,0,1.0,1,1.0,1,1.0,1,0.3326636552808266,48
5305,1,8542,4264,4278,0,0,0,1.0,1,1.0,1,1.0,1,0.35028474927920533,47
5306,3,8545,4266,4279,0,0,0,1.0,1,1.0,1,1.0,1,0.3482762476817563,48
5307,4,8549,4267,4282,0,0,0,1.0,1,1.0,1,1.0,1,0.33534602337720687,48
5308,3,8552,4268,4284,0,0,0,1.0,1,1.0,1,1.0,1,0.31389966179757733,47
5309,0,8552,4268,4284,0,0,0,1.0,1,1.0,1,1.0,1,0.3150663918338629,46
5310,2,8554,4269,4285,0,0,0,1.0,1,1.0,1,1.0,1,0.31579994824101454,46
5311,1,8555,4269,4286,0,0,0,1.0,1,1.0,1,1.0,1,0.28708718486593443,46
5312,2,8557,4270,4287,0,0,0,1.0,1,1.0,1,1.0,1,0.3063361937846748,46
5313,1,8558,4270,4288,0,0,0,1.0,1,1.0,1,1.0,1,0.2894776795496004,46
5314,1,8559,4270,4289,0,0,0,1.0,1,1.0,1,1.0,1,0.27941711264427194,46
5315,4,8563,4271,4292,0,0,0,1.0,1,1.0,1,1.0,1,0.27553526041899096,47
5316,5,8568,4272,4296,0,0,0,1.0,1,1.0,1,1.0,1,0.22399457206995127,48
5317,3,8571,4272,4299,0,0,0,1.0,1,1.0,1,1.0,1,0.16887956601804674,49
5318,6,8577,4275,4302,0,0,0,1.0,1,1.0,1,1.0,1,0.12442337020255799,49
5319,1,8578,4276,4302,0,0,0,1.0,1,1.0,1,1.0,1,0.167493385447585,50
5320,2,8580,4277,4303,0,0,0,1.0,1,1.0,1,1.0,1,0.18700647144664884,51
5321,0,8580,4277,4303,0,0,0,1.0,1,1.0,1,1.0,1,0.16295794405362474,52
5322,1,8581,4277,4304,0,0,0,1.0,1,1.0,1,1.0,1,0.1665585003198727,53
5323,0,8581,4277,4304,0,0,0,1.0,1,1.0,1,1.0,1,0.1662386066899915,53
5324,1,8582,4278,4304,0,0,0,1.0,1,1.0,1,1.0,1,0.16933347556780473,55
5325,2,8584,4279,4305,0,0,0,1.0,1,1.0,1,1.0,1,0.1558492064080009,55
5326,1,8585,4280,4305,0,0,0,1.0,1,1.0,1,1.0,1,0.14223960097994795,55
5327,0,8585,4280,4305,0,0,0,1.0,1,1.0,1,1.0,1,0.1514003459898865,56
5328,3,8588,4282,4306,0,0,0,1.0,1,1.0,1,1.0,1,0.16873150217268226,57
5329,0,8588,4282,4306,0,0,0,1.0,1,1.0,1,1.0,1,0.16873150217268226,57
5330,5,8593,4285,4308,0,0,0,1.0,1,1.0,1,1.0,1,0.14829511377015048,56
5331,1,8594,4285,4309,0,0,0,1.0,1,1.0,1,1.0,1,0.12257285116359527,57
5332,0,8594,4285,4309,0,0,0,1.0,1,1.0,1,1.0,1,0.13232505385878168,58
5333,0,8594,4285,4309,0,0,0,1.0,1,1.0,1,1.0,1,0.1351198448063674,59
5334,0,8594,4285,4309,0,0,0,1.0,1,1.0,1,1.0,1,0.1351198448063674,59
5335,0,8594,4285,4309,0,0,0,1.0,1,1.0,1,1.0,1,0.13373943663480475,58
5336,1,8595,4286,4309,0,0,0,1.0,1,1.0,1,1.0,1,0.15692978122837226,59
5337,1,8596,4286,4310,0,0,0,1.0,1,1.0,1,1.0,1,0.15855927951225546,60
5338,0,8596,4286,4310,0,0,0,1.0,1,1.0,1,1.0,1,0.15855927951225546,60
5339,0,8596,4286,4310,0,0,0,1.0,1,1.0,1,1.0,1,0.15855927951225546,60
5340,2,8598,4287,4311,0,0,0,1.0,1,1.0,1,1.0,1,0.1675533011970381,60
5341,0,8598,4287,4311,0,0,0,1.0,1,1.0,1,1.0,1,0.16865126386707968,61
5342,2,8600,4289,4311,0,0,0,1.0,1,1.0,1,1.0,1,0.22335356419207733,59
5343,2,8602,4290,4312,0,0,0,1.0,1,1.0,1,1.0,1,0.21974514776876672,58
5344,2,8604,4291,4313,0,0,0,1.0,1,1.0,1,1.0,1,0.23771670809339657,58
5345,3,8607,4294,4313,0,0,0,1.0,1,1.0,1,1.0,1,0.23567635981973567,54
5346,4,8611,4294,4317,0,0,0,1.0,1,1.0,1,1.0,1,0.17698861525439347,54
5347,4,8615,4298,4317,0,0,0,1.0,1,1.0,1,1.0,1,0.1779155563423512,54
5348,2,8617,4299,4318,0,0,0,1.0,1,1.0,1,1.0,1,0.18662109043532013,55
5349,5,8622,4300,4322,0,0,0,1.0,1,1.0,1,1.0,1,0.15994521831153485,56
5350,1,8623,4300,4323,0,0,0,1.0,1,1.0,1,1.0,1,0.16847788051592572,56
5351,3,8626,4301,4325,0,0,0,1.0,1,1.0,1,1.0,1,0.14665289587483968,57
5352,2,8628,4302,4326,0,0,0,1.0,1,1.0,1,1.0,1,0.16259926435446265,57
5353,1,8629,4303,4326,0,0,0,1.0,1,1.0,1,1.0,1,0.1542894421146639,57
5354,0,8629,4303,4326,0,0,0,1.0,1,1.0,1,1.0,1,0.1608369018035594,56
5355,1,8630,4304,4326,0,0,0,1.0,1,1.0,1,1.0,1,0.16079210009743972,57
5356,2,8632,4304,4328,0,0,0,1.0,1,1.0,1,1.0,1,0.13206249326337585,56
5357,1,8633,4304,4329,0,0,0,1.0,1,1.0,1,1.0,1,0.14579643667329215,56
5358,0,8633,4304,4329,0,0,0,1.0,1,1.0,1,1.0,1,0.13370349601985182,57
5359,0,8633,4304,4329,0,0,0,1.0,1,1.0,1,1.0,1,0.13370349601985182,57
5360,0,8633,4304,4329,0,0,0,1.0,1,1.0,1,1.0,1,0.1651667927158976,55
5361,4,8637,4306,4331,0,0,0,1.0,1,1.0,1,1.0,1,0.1808109020799308,56
5362,1,8638,4307,4331,0,0,0,1.0,1,1.0,1,1.0,1,0.18873010244734717,57
5363,0,8638,4307,4331,0,0,0,1.0,1,1.0,1,1.0,1,0.18873010244734717,57
5364,1,8639,4307,4332,0,0,0,1.0,1,1.0,1,1.0,1,0.1827065540815079,58
5365,1,8640,4308,4332,0,0,0,1.0,1,1.0,1,1.0,1,0.20577884611245204,59
5366,4,8644,4310,4334,0,0,0,1.0,1,1.0,1,1.0,1,0.20680839320218433,60
5367,2,8646,4311,4335,0,0,0,1.0,1,1.0,1,1.0,1,0.20108687654452911,60
5368,2,8648,4312,4336,0,0,0,1.0,1,1.0,1,1.0,1,0.1920287100568935,58
5369,1,8649,4313,4336,0,0,0,1.0,1,1.0,1,1.0,1,0.18496003060013835,58
5370,2,8651,4314,4337,0,0,0,1.0,1,1.0,1,1.0,1,0.1965090977124626,57
5371,3,8654,4315,4339,0,0,0,1.0,1,1.0,1,1.0,1,0.1860779204951784,56
5372,4,8658,4318,4340,0,0,0,1.0,1,1.0,1,1.0,1,0.2152070777789466,55
5373,5,8663,4321,4342,0,0,0,1.0,1,1.0,1,1.0,1,0.2399848732741398,54
5374,3,8666,4321,4345,0,0,0,1.0,1,1.0,1,1.0,1,0.19589147040009658,53
5375,3,8669,4322,4347,0,0,0,1.0,1,1.0,1,1.0,1,0.22203472099937907,52
5376,1,8670,4322,4348,0,0,0,1.0,1,1.0,1,1.0,1,0.1854794609283412,52
5377,1,8671,4323,4348,0,0,0,1.0,1,1.0,1,1.0,1,0.209163175663382,51
5378,4,8675,4325,4350,0,0,0,1.0,1,1.0,1,1.0,1,0.21087907695917446,52
5379,0,8675,4325,4350,0,0,0,1.0,1,1.0,1,1.0,1,0.2156413827196804,50
5380,3,8678,4327,4351,0,0,0,1.0,1,1.0,1,1.0,1,0.25151780752209235,51
5381,1,8679,4327,4352,0,0,0,1.0,1,1.0,1,1.0,1,0.20112200529574806,50
5382,0,8679,4327,4352,0,0,0,1.0,1,1.0,1,1.0,1,0.20747342275939032,48
5383,1,8680,4327,4353,0,0,0,1.0,1,1.0,1,1.0,1,0.21437007638069866,48
5384,1,8681,4327,4354,0,0,0,1.0,1,1.0,1,1.0,1,0.19956847243381606,48
5385,0,8681,4327,4354,0,0,0,1.0,1,1.0,1,1.0,1,0.21150415405676615,47
5386,3,8684,4330,4354,0,0,0,1.0,1,1.0,1,1.0,1,0.25610588005236684,48
5387,2,8686,4330,4356,0,0,0,1.0,1,1.0,1,1.0,1,0.21858168958371044,48
5388,0,8686,4330,4356,0,0,0,1.0,1,1.0,1,1.0,1,0.21858168958371044,48
5389,0,8686,4330,4356,0,0,0,1.0,1,1.0,1,1.0,1,0.20851058721780585,50
5390,2,8688,4332,4356,0,0,0,1.0,1,1.0,1,1.0,1,0.22746008406378374,52
5391,1,8689,4333,4356,0,0,0,1.0,1,1.0,1,1.0,1,0.23939446090679586,52
5392,1,8690,4334,4356,0,0,0,1.0,1,1.0,1,1.0,1,0.2394741521913507,51
5393,4,8694,4336,4358,0,0,0,1.0,1,1.0,1,1.0,1,0.26037453894058765,50
5394,1,8695,4336,4359,0,0,0,1.0,1,1.0,1,1.0,1,0.24752042195278637,50
5395,3,8698,4338,4360,0,0,0,1.0,1,1.0,1,1.0,1,0.2581998148534993,49
5396,4,8702,4339,4363,0,0,0,1.0,1,1.0,1,1.0,1,0.20439936944809772,48
5397,2,8704,4341,4363,0,0,0,1.0,1,1.0,1,1.0,1,0.2457573576965246,48
5398,1,8705,4341,4364,0,0,0,1.0,1,1.0,1,1.0,1,0.24238934171380325,46
5399,3,8708,4343,4365,0,0,0,1.0,1,1.0,1,1.0,1,0.22327160619366465,46
5400,2,8710,4345,4365,0,0,0,1.0,1,1.0,1,1.0,1,0.2778612804939258,48
5401,2,8712,4345,4367,0,0,0,1.0,1,1.0,1,1.0,1,0.22420068783668162,49
5402,0,8712,4345,4367,0,0,0,1.0,1,1.0,1,1.0,1,0.0,0
