,SuccessfulHandoverCount,TotalSuccessfulHandoverCount,TotalSuccessfulHandoverCountRange,TotalSuccessfulHandoverCountLoadBalancing,TotalSuccessfulHandoverCountOverload,FailedHandoverCount,TotalFailedHandoverCount,AvgQoS,MinQoS,AvgQoS_LoadBased,MinQoS_LoadBased,AvgQoS_RangeBased,MinQoS_RangeBased,GiniLoad,VehicleCount
0,0,0,0,0,0,0,0,1.0,1.0,1.0,1.0,1.0,1,0.0,0
1,8,8,8,0,0,0,0,1.0,1.0,1.0,1.0,1.0,1,0.24866248110629843,30
2,4,12,12,0,0,0,0,1.0,1.0,1.0,1.0,1.0,1,0.2404237911744804,32
3,5,17,17,0,0,0,0,1.0,1.0,1.0,1.0,1.0,1,0.19805098663942733,33
4,6,23,23,0,0,0,0,1.0,1.0,1.0,1.0,1.0,1,0.2330961766947149,34
5,3,26,26,0,0,0,0,1.0,1.0,1.0,1.0,1.0,1,0.21420908308012884,36
6,2,28,28,0,0,0,0,1.0,1.0,1.0,1.0,1.0,1,0.18748771194784625,38
7,2,30,30,0,0,0,0,1.0,1.0,1.0,1.0,1.0,1,0.20086999500505243,40
8,3,33,33,0,0,0,0,1.0,1.0,1.0,1.0,1.0,1,0.2749112391473287,40
9,2,35,35,0,0,0,0,1.0,1.0,1.0,1.0,1.0,1,0.21989259542673772,40
10,2,37,37,0,0,0,0,1.0,1.0,1.0,1.0,1.0,1,0.21497173713649753,41
11,1,38,38,0,0,0,0,1.0,1.0,1.0,1.0,1.0,1,0.158929388139877,40
12,1,39,39,0,0,0,0,1.0,1.0,1.0,1.0,1.0,1,0.15029413034019154,39
13,3,42,42,0,0,0,0,1.0,1.0,1.0,1.0,1.0,1,0.11286105315836147,37
14,0,42,42,0,0,0,0,1.0,1.0,1.0,1.0,1.0,1,0.16803284556283116,35
15,3,45,45,0,0,0,0,1.0,1.0,1.0,1.0,1.0,1,0.10942083025657393,36
16,2,47,47,0,0,0,0,1.0,1.0,1.0,1.0,1.0,1,0.16129947523440843,34
17,0,47,47,0,0,0,0,1.0,1.0,1.0,1.0,1.0,1,0.1886964875483984,33
18,1,48,48,0,0,0,0,1.0,1.0,1.0,1.0,1.0,1,0.24398866164374108,34
19,2,50,50,0,0,0,0,1.0,1.0,1.0,1.0,1.0,1,0.2557345312449306,34
20,1,51,51,0,0,0,0,1.0,1.0,1.0,1.0,1.0,1,0.2475709269269582,34
21,1,52,52,0,0,0,0,1.0,1.0,1.0,1.0,1.0,1,0.2076878734179024,36
22,1,53,53,0,0,0,0,1.0,1.0,1.0,1.0,1.0,1,0.2638082486284692,35
23,3,56,56,0,0,0,0,1.0,1.0,1.0,1.0,1.0,1,0.2538582631071221,35
24,1,57,57,0,0,0,0,1.0,1.0,1.0,1.0,1.0,1,0.2210854008602375,35
25,2,59,59,0,0,0,0,1.0,1.0,1.0,1.0,1.0,1,0.23736860370750668,35
26,3,62,62,0,0,0,0,1.0,1.0,1.0,1.0,1.0,1,0.09422540696969144,36
27,3,65,65,0,0,0,0,1.0,1.0,1.0,1.0,1.0,1,0.13064576718992857,34
28,3,68,68,0,0,0,0,1.0,1.0,1.0,1.0,1.0,1,0.040825193814557126,35
29,0,68,68,0,0,0,0,1.0,1.0,1.0,1.0,1.0,1,0.06856314229452971,33
30,1,69,69,0,0,0,0,1.0,1.0,1.0,1.0,1.0,1,0.0636180972515836,33
31,0,69,69,0,0,0,0,1.0,1.0,1.0,1.0,1.0,1,0.14850733666719432,33
32,2,71,71,0,0,0,0,1.0,1.0,1.0,1.0,1.0,1,0.19197131803551007,32
33,5,76,76,0,0,0,0,1.0,1.0,1.0,1.0,1.0,1,0.18177471022059574,33
34,2,78,78,0,0,0,0,1.0,1.0,1.0,1.0,1.0,1,0.1950320451722399,33
35,4,82,82,0,0,0,0,1.0,1.0,1.0,1.0,1.0,1,0.22008742475410895,35
36,0,82,82,0,0,0,0,1.0,1.0,1.0,1.0,1.0,1,0.22102121607228892,36
37,7,89,89,0,0,0,0,1.0,1.0,1.0,1.0,1.0,1,0.1929781724469025,37
38,1,90,90,0,0,0,0,1.0,1.0,1.0,1.0,1.0,1,0.1898764448785408,36
39,2,92,92,0,0,0,0,1.0,1.0,1.0,1.0,1.0,1,0.2311584530275494,38
40,1,93,93,0,0,0,0,1.0,1.0,1.0,1.0,1.0,1,0.24213539796007996,40
41,3,96,96,0,0,0,0,1.0,1.0,1.0,1.0,1.0,1,0.24490746046604409,40
42,3,99,99,0,0,0,0,1.0,1.0,1.0,1.0,1.0,1,0.2822489852997271,40
43,2,101,101,0,0,0,0,1.0,1.0,1.0,1.0,1.0,1,0.27915712910013807,43
44,2,103,103,0,0,0,0,1.0,1.0,1.0,1.0,1.0,1,0.2778194004201673,43
45,2,105,105,0,0,0,0,1.0,1.0,1.0,1.0,1.0,1,0.2587724853412281,44
46,1,106,106,0,0,0,0,1.0,1.0,1.0,1.0,1.0,1,0.2697058614806127,44
47,0,106,106,0,0,0,0,1.0,1.0,1.0,1.0,1.0,1,0.2697058614806127,44
48,1,107,107,0,0,0,0,1.0,1.0,1.0,1.0,1.0,1,0.25998620178146553,44
49,1,108,108,0,0,0,0,1.0,1.0,1.0,1.0,1.0,1,0.26255892685076904,41
50,2,110,110,0,0,0,0,1.0,1.0,1.0,1.0,1.0,1,0.3013940915859159,40
51,0,110,110,0,0,0,0,1.0,1.0,1.0,1.0,1.0,1,0.304363877275575,38
52,4,114,114,0,0,0,0,1.0,1.0,1.0,1.0,1.0,1,0.3791458584187793,37
53,2,116,116,0,0,0,0,1.0,1.0,1.0,1.0,1.0,1,0.39778084136965025,38
54,2,118,118,0,0,0,0,1.0,1.0,1.0,1.0,1.0,1,0.42477423397739505,38
55,1,119,119,0,0,0,0,1.0,1.0,1.0,1.0,1.0,1,0.452983979929286,38
56,4,123,123,0,0,0,0,1.0,1.0,1.0,1.0,1.0,1,0.4553506709208107,38
57,4,127,127,0,0,0,0,1.0,1.0,1.0,1.0,1.0,1,0.41268711932323227,38
58,1,128,128,0,0,0,0,1.0,1.0,1.0,1.0,1.0,1,0.4568922030247308,38
59,1,129,129,0,0,0,0,1.0,1.0,1.0,1.0,1.0,1,0.4305437332618032,40
60,1,130,130,0,0,0,0,1.0,1.0,1.0,1.0,1.0,1,0.39895154590943355,40
61,0,130,130,0,0,0,0,1.0,1.0,1.0,1.0,1.0,1,0.3847044425595257,40
62,0,130,130,0,0,0,0,1.0,1.0,1.0,1.0,1.0,1,0.36397562279544227,42
63,2,132,132,0,0,0,0,1.0,1.0,1.0,1.0,1.0,1,0.35338990876333715,40
64,0,132,132,0,0,0,0,1.0,1.0,1.0,1.0,1.0,1,0.34263444499105117,41
65,2,134,134,0,0,0,0,1.0,1.0,1.0,1.0,1.0,1,0.30702573534333144,41
66,2,136,136,0,0,0,0,1.0,1.0,1.0,1.0,1.0,1,0.26169753773839594,41
67,1,137,137,0,0,0,0,1.0,1.0,1.0,1.0,1.0,1,0.24856679954774788,41
68,3,140,140,0,0,0,0,1.0,1.0,1.0,1.0,1.0,1,0.2003594026910739,41
69,0,140,140,0,0,0,0,1.0,1.0,1.0,1.0,1.0,1,0.20991939031482337,41
70,1,141,141,0,0,0,0,1.0,1.0,1.0,1.0,1.0,1,0.19968288439909895,42
71,3,144,144,0,0,0,0,1.0,1.0,1.0,1.0,1.0,1,0.25628443493914377,44
72,0,144,144,0,0,0,0,1.0,1.0,1.0,1.0,1.0,1,0.25628443493914377,44
73,5,149,149,0,0,0,0,1.0,1.0,1.0,1.0,1.0,1,0.3050092645431507,46
74,1,150,150,0,0,0,0,1.0,1.0,1.0,1.0,1.0,1,0.30065238170544134,44
75,2,152,152,0,0,0,0,1.0,1.0,1.0,1.0,1.0,1,0.32534330991286453,44
76,2,154,154,0,0,0,0,1.0,1.0,1.0,1.0,1.0,1,0.30375418000662063,45
77,0,154,154,0,0,0,0,1.0,1.0,1.0,1.0,1.0,1,0.30519144425103,44
78,1,155,155,0,0,0,0,1.0,1.0,1.0,1.0,1.0,1,0.2865809100312099,44
79,2,157,157,0,0,0,0,1.0,1.0,1.0,1.0,1.0,1,0.2842024138585348,43
80,0,157,157,0,0,0,0,1.0,1.0,1.0,1.0,1.0,1,0.2842024138585348,43
81,2,159,159,0,0,0,0,1.0,1.0,1.0,1.0,1.0,1,0.27033858070645816,44
82,2,161,161,0,0,0,0,1.0,1.0,1.0,1.0,1.0,1,0.23203976470233154,45
83,4,165,165,0,0,0,0,1.0,1.0,1.0,1.0,1.0,1,0.2973937896166385,45
84,1,166,166,0,0,0,0,1.0,1.0,1.0,1.0,1.0,1,0.31011971559872364,45
85,4,170,170,0,0,0,0,1.0,1.0,1.0,1.0,1.0,1,0.313590771650098,45
86,1,171,171,0,0,0,0,1.0,1.0,1.0,1.0,1.0,1,0.32205657255377795,45
87,1,172,172,0,0,0,0,1.0,1.0,1.0,1.0,1.0,1,0.3459523728292922,44
88,1,173,173,0,0,0,0,1.0,1.0,1.0,1.0,1.0,1,0.34572192846902994,45
89,0,173,173,0,0,0,0,1.0,1.0,1.0,1.0,1.0,1,0.34283762646343835,46
90,1,174,174,0,0,0,0,1.0,1.0,1.0,1.0,1.0,1,0.32196411892560284,44
91,0,174,174,0,0,0,0,1.0,1.0,1.0,1.0,1.0,1,0.3063463356750772,45
92,0,174,174,0,0,0,0,1.0,1.0,1.0,1.0,1.0,1,0.3177151427117335,46
93,1,175,175,0,0,0,0,1.0,1.0,1.0,1.0,1.0,1,0.3250912121522405,46
94,2,177,177,0,0,0,0,1.0,1.0,1.0,1.0,1.0,1,0.3462384275987033,46
95,3,180,180,0,0,0,0,1.0,1.0,1.0,1.0,1.0,1,0.36337743232039915,46
96,0,180,180,0,0,0,0,1.0,1.0,1.0,1.0,1.0,1,0.36337743232039915,46
97,3,183,183,0,0,0,0,1.0,1.0,1.0,1.0,1.0,1,0.3639641061840267,47
98,1,184,184,0,0,0,0,1.0,1.0,1.0,1.0,1.0,1,0.37605310455503577,47
99,1,185,185,0,0,0,0,1.0,1.0,1.0,1.0,1.0,1,0.3757360096670697,46
100,1,186,186,0,0,0,0,1.0,1.0,1.0,1.0,1.0,1,0.38497488287805937,48
101,0,186,186,0,0,0,0,1.0,1.0,1.0,1.0,1.0,1,0.38431152186857875,49
102,1,187,187,0,0,0,0,1.0,1.0,1.0,1.0,1.0,1,0.3894370071444586,49
103,1,188,188,0,0,0,0,1.0,1.0,1.0,1.0,1.0,1,0.3588980993940528,48
104,4,192,192,0,0,0,0,1.0,1.0,1.0,1.0,1.0,1,0.34951015046368866,49
105,5,197,197,0,0,0,0,1.0,1.0,1.0,1.0,1.0,1,0.29926631205559995,48
106,4,201,201,0,0,0,0,1.0,1.0,1.0,1.0,1.0,1,0.22578948720983427,48
107,6,207,207,0,0,0,0,1.0,1.0,1.0,1.0,1.0,1,0.24461045737631779,47
108,2,209,209,0,0,0,0,1.0,1.0,1.0,1.0,1.0,1,0.23286024882008077,47
109,5,214,214,0,0,0,0,1.0,1.0,1.0,1.0,1.0,1,0.26515270501529714,47
110,6,220,220,0,0,0,0,1.0,1.0,1.0,1.0,1.0,1,0.22552979489123448,47
111,2,222,222,0,0,0,0,1.0,1.0,1.0,1.0,1.0,1,0.23897275886333236,46
112,4,226,226,0,0,0,0,1.0,1.0,1.0,1.0,1.0,1,0.1883212530155622,46
113,0,226,226,0,0,0,0,1.0,1.0,1.0,1.0,1.0,1,0.19951387202290624,45
114,3,229,229,0,0,0,0,1.0,1.0,1.0,1.0,1.0,1,0.18480788622264682,46
115,0,229,229,0,0,0,0,1.0,1.0,1.0,1.0,1.0,1,0.1978776685823644,47
116,4,233,233,0,0,0,0,1.0,1.0,1.0,1.0,1.0,1,0.14033465057255137,48
117,0,233,233,0,0,0,0,1.0,1.0,1.0,1.0,1.0,1,0.14033465057255137,48
118,1,234,234,0,0,0,0,1.0,1.0,1.0,1.0,1.0,1,0.13647540033403743,49
119,1,235,235,0,0,0,0,1.0,1.0,1.0,1.0,1.0,1,0.11551565960578747,50
120,0,235,235,0,0,0,0,1.0,1.0,1.0,1.0,1.0,1,0.10815075794326524,51
121,1,236,236,0,0,0,0,1.0,1.0,1.0,1.0,1.0,1,0.0987496699807931,51
122,0,236,236,0,0,0,0,1.0,1.0,1.0,1.0,1.0,1,0.0987496699807931,51
123,3,239,239,0,0,0,0,1.0,1.0,1.0,1.0,1.0,1,0.08574381773310566,51
124,2,241,241,0,0,0,0,1.0,1.0,1.0,1.0,1.0,1,0.05028812670876212,51
125,3,244,244,0,0,0,0,1.0,1.0,1.0,1.0,1.0,1,0.10444765763608715,50
126,1,245,245,0,0,0,0,1.0,1.0,1.0,1.0,1.0,1,0.07046664730727348,52
127,3,248,248,0,0,0,0,1.0,1.0,1.0,1.0,1.0,1,0.08212656342346757,50
128,1,249,249,0,0,0,0,1.0,1.0,1.0,1.0,1.0,1,0.09343700601877789,50
129,4,253,253,0,0,0,0,1.0,1.0,1.0,1.0,1.0,1,0.13139528306334428,52
130,3,256,256,0,0,0,0,1.0,1.0,1.0,1.0,1.0,1,0.10419485097776562,52
131,3,259,259,0,0,0,0,1.0,1.0,1.0,1.0,1.0,1,0.1541878432113524,54
132,5,264,264,0,0,0,0,1.0,1.0,1.0,1.0,1.0,1,0.10550254819122498,54
133,5,269,269,0,0,0,0,1.0,1.0,1.0,1.0,1.0,1,0.133135470646459,52
134,2,271,271,0,0,0,0,1.0,1.0,1.0,1.0,1.0,1,0.18637479121828004,52
135,2,273,273,0,0,0,0,1.0,1.0,1.0,1.0,1.0,1,0.16471896407836378,51
136,7,280,280,0,0,0,0,1.0,1.0,1.0,1.0,1.0,1,0.1088201919088708,51
137,3,283,283,0,0,0,0,1.0,1.0,1.0,1.0,1.0,1,0.08843448398377951,50
138,5,288,288,0,0,0,0,1.0,1.0,1.0,1.0,1.0,1,0.19447221034887557,52
139,3,291,291,0,0,0,0,1.0,1.0,1.0,1.0,1.0,1,0.12793602547079475,51
140,2,293,293,0,0,0,0,1.0,1.0,1.0,1.0,1.0,1,0.12150161844095168,51
141,2,295,295,0,0,0,0,1.0,1.0,1.0,1.0,1.0,1,0.07018839049867685,50
142,2,297,297,0,0,0,0,1.0,1.0,1.0,1.0,1.0,1,0.019306316640460102,51
143,3,300,300,0,0,0,0,1.0,1.0,1.0,1.0,1.0,1,0.0824243117238204,48
144,1,301,301,0,0,0,0,1.0,1.0,1.0,1.0,1.0,1,0.12094939430833467,49
145,3,304,304,0,0,0,0,1.0,1.0,1.0,1.0,1.0,1,0.1598776358015517,47
146,3,307,307,0,0,0,0,1.0,1.0,1.0,1.0,1.0,1,0.07937649216908467,49
147,4,311,311,0,0,0,0,1.0,1.0,1.0,1.0,1.0,1,0.15595619954601772,46
148,0,311,311,0,0,0,0,1.0,1.0,1.0,1.0,1.0,1,0.1579516423338438,47
149,1,312,312,0,0,0,0,1.0,1.0,1.0,1.0,1.0,1,0.18995504359147045,46
150,0,312,312,0,0,0,0,1.0,1.0,1.0,1.0,1.0,1,0.17300823167243573,47
151,1,313,313,0,0,0,0,1.0,1.0,1.0,1.0,1.0,1,0.21405918615151456,46
152,0,313,313,0,0,0,0,1.0,1.0,1.0,1.0,1.0,1,0.2303502249128085,45
153,2,315,315,0,0,0,0,1.0,1.0,1.0,1.0,1.0,1,0.14460302539476602,46
154,0,315,315,0,0,0,0,1.0,1.0,1.0,1.0,1.0,1,0.13741162745128632,44
155,2,317,317,0,0,0,0,1.0,1.0,1.0,1.0,1.0,1,0.05179363036030854,45
156,3,320,320,0,0,0,0,1.0,1.0,1.0,1.0,1.0,1,0.09057586451007414,43
157,3,323,323,0,0,0,0,1.0,1.0,1.0,1.0,1.0,1,0.0891757043809035,42
158,4,327,327,0,0,0,0,1.0,1.0,1.0,1.0,1.0,1,0.20324396965735678,43
159,2,329,329,0,0,0,0,1.0,1.0,1.0,1.0,1.0,1,0.20342402646249694,44
160,2,331,331,0,0,0,0,1.0,1.0,1.0,1.0,1.0,1,0.21800892682964998,44
161,4,335,335,0,0,0,0,1.0,1.0,1.0,1.0,1.0,1,0.24426754977782178,44
162,2,337,337,0,0,0,0,1.0,1.0,1.0,1.0,1.0,1,0.2848201995925873,44
163,5,342,342,0,0,0,0,1.0,1.0,1.0,1.0,1.0,1,0.29382003351897756,44
164,3,345,345,0,0,0,0,1.0,1.0,1.0,1.0,1.0,1,0.3390565490031204,44
165,3,348,348,0,0,0,0,1.0,1.0,1.0,1.0,1.0,1,0.2704295375296145,43
166,1,349,349,0,0,0,0,1.0,1.0,1.0,1.0,1.0,1,0.28606306052193603,43
167,2,351,351,0,0,0,0,1.0,1.0,1.0,1.0,1.0,1,0.3086584527470147,42
168,2,353,353,0,0,0,0,1.0,1.0,1.0,1.0,1.0,1,0.28262365582236876,40
169,2,355,355,0,0,0,0,1.0,1.0,1.0,1.0,1.0,1,0.26938949014029195,41
170,1,356,356,0,0,0,0,1.0,1.0,1.0,1.0,1.0,1,0.25234234596888533,39
171,2,358,358,0,0,0,0,1.0,1.0,1.0,1.0,1.0,1,0.3057070605871099,39
172,3,361,361,0,0,0,0,1.0,1.0,1.0,1.0,1.0,1,0.3620118671031472,38
173,3,364,364,0,0,0,0,1.0,1.0,1.0,1.0,1.0,1,0.29055334290705714,38
174,3,367,367,0,0,0,0,1.0,1.0,1.0,1.0,1.0,1,0.15511721648680565,37
175,2,369,369,0,0,0,0,1.0,1.0,1.0,1.0,1.0,1,0.12108003051488969,36
176,5,374,374,0,0,0,0,1.0,1.0,1.0,1.0,1.0,1,0.19131984630001247,36
177,2,376,376,0,0,0,0,1.0,1.0,1.0,1.0,1.0,1,0.1827299396816904,38
178,1,377,377,0,0,0,0,1.0,1.0,1.0,1.0,1.0,1,0.16283516521576746,39
179,1,378,378,0,0,0,0,1.0,1.0,1.0,1.0,1.0,1,0.18614859439426962,40
180,1,379,379,0,0,0,0,1.0,1.0,1.0,1.0,1.0,1,0.19628061486622614,40
181,0,379,379,0,0,0,0,1.0,1.0,1.0,1.0,1.0,1,0.22705290843451034,39
182,1,380,380,0,0,0,0,1.0,1.0,1.0,1.0,1.0,1,0.22320910848341421,40
183,2,382,382,0,0,0,0,1.0,1.0,1.0,1.0,1.0,1,0.1927627870615426,40
184,0,382,382,0,0,0,0,1.0,1.0,1.0,1.0,1.0,1,0.23101552015294002,38
185,4,386,386,0,0,0,0,1.0,1.0,1.0,1.0,1.0,1,0.18753476084808365,38
186,2,388,388,0,0,0,0,1.0,1.0,1.0,1.0,1.0,1,0.21948590244202482,37
187,3,391,391,0,0,0,0,1.0,1.0,1.0,1.0,1.0,1,0.17457742780643248,36
188,4,395,395,0,0,0,0,1.0,1.0,1.0,1.0,1.0,1,0.18443437039273683,36
189,3,398,398,0,0,0,0,1.0,1.0,1.0,1.0,1.0,1,0.19614925582251141,36
190,3,401,401,0,0,0,0,1.0,1.0,1.0,1.0,1.0,1,0.2633084328078128,36
191,1,402,402,0,0,0,0,1.0,1.0,1.0,1.0,1.0,1,0.2821245255049799,37
192,2,404,404,0,0,0,0,1.0,1.0,1.0,1.0,1.0,1,0.30614607311585673,37
193,3,407,407,0,0,0,0,1.0,1.0,1.0,1.0,1.0,1,0.30388121190737793,38
194,1,408,408,0,0,0,0,1.0,1.0,1.0,1.0,1.0,1,0.3039718342154504,39
195,3,411,411,0,0,0,0,1.0,1.0,1.0,1.0,1.0,1,0.2664597479030751,40
196,0,411,411,0,0,0,0,1.0,1.0,1.0,1.0,1.0,1,0.2664597479030751,40
197,3,414,414,0,0,0,0,1.0,1.0,1.0,1.0,1.0,1,0.26623975306938946,40
198,0,414,414,0,0,0,0,1.0,1.0,1.0,1.0,1.0,1,0.26623975306938946,40
199,5,419,419,0,0,0,0,1.0,1.0,1.0,1.0,1.0,1,0.23385454714624712,40
200,3,422,422,0,0,0,0,1.0,1.0,1.0,1.0,1.0,1,0.22680530841677377,40
201,1,423,423,0,0,0,0,1.0,1.0,1.0,1.0,1.0,1,0.22183367925204195,39
202,3,426,426,0,0,0,0,1.0,1.0,1.0,1.0,1.0,1,0.2837870245898102,40
203,1,427,427,0,0,0,0,1.0,1.0,1.0,1.0,1.0,1,0.29871570612282017,39
204,2,429,429,0,0,0,0,1.0,1.0,1.0,1.0,1.0,1,0.3001745548404435,38
205,0,429,429,0,0,0,0,1.0,1.0,1.0,1.0,1.0,1,0.2901833529978704,37
206,3,432,432,0,0,0,0,1.0,1.0,1.0,1.0,1.0,1,0.357286174714644,36
207,4,436,436,0,0,0,0,1.0,1.0,1.0,1.0,1.0,1,0.2111633629473768,37
208,1,437,437,0,0,0,0,1.0,1.0,1.0,1.0,1.0,1,0.15715015592540044,36
209,4,441,441,0,0,0,0,1.0,1.0,1.0,1.0,1.0,1,0.1855390728078383,36
210,1,442,442,0,0,0,0,1.0,1.0,1.0,1.0,1.0,1,0.25621042743699857,36
211,4,446,446,0,0,0,0,1.0,1.0,1.0,1.0,1.0,1,0.3376740106119205,34
212,2,448,448,0,0,0,0,1.0,1.0,1.0,1.0,1.0,1,0.2706309016783565,34
213,4,452,452,0,0,0,0,1.0,1.0,1.0,1.0,1.0,1,0.23804863663170786,36
214,1,453,453,0,0,0,0,1.0,1.0,1.0,1.0,1.0,1,0.24303004467266173,35
215,0,453,453,0,0,0,0,1.0,1.0,1.0,1.0,1.0,1,0.24303004467266173,35
216,5,458,458,0,0,0,0,1.0,1.0,1.0,1.0,1.0,1,0.1741442215962424,37
217,0,458,458,0,0,0,0,1.0,1.0,1.0,1.0,1.0,1,0.1741442215962424,37
218,5,463,463,0,0,0,0,1.0,1.0,1.0,1.0,1.0,1,0.11321866994581675,37
219,4,467,467,0,0,0,0,1.0,1.0,1.0,1.0,1.0,1,0.17000665808710366,37
220,3,470,470,0,0,0,0,1.0,1.0,1.0,1.0,1.0,1,0.1915959619779758,38
221,4,474,474,0,0,0,0,1.0,1.0,1.0,1.0,1.0,1,0.16608684736544513,39
222,3,477,477,0,0,0,0,1.0,1.0,1.0,1.0,1.0,1,0.17798526837454118,39
223,2,479,479,0,0,0,0,1.0,1.0,1.0,1.0,1.0,1,0.180999159534854,40
224,2,481,481,0,0,0,0,1.0,1.0,1.0,1.0,1.0,1,0.1758751080521403,40
225,4,485,485,0,0,0,0,1.0,1.0,1.0,1.0,1.0,1,0.19911842747504266,39
226,1,486,486,0,0,0,0,1.0,1.0,1.0,1.0,1.0,1,0.16524241189960864,39
227,1,487,487,0,0,0,0,1.0,1.0,1.0,1.0,1.0,1,0.17652551479355963,39
228,1,488,488,0,0,0,0,1.0,1.0,1.0,1.0,1.0,1,0.19073031853443687,38
229,2,490,490,0,0,0,0,1.0,1.0,1.0,1.0,1.0,1,0.19962430208584006,39
230,3,493,493,0,0,0,0,1.0,1.0,1.0,1.0,1.0,1,0.2429951965683499,38
231,2,495,495,0,0,0,0,1.0,1.0,1.0,1.0,1.0,1,0.23609946780359728,38
232,1,496,496,0,0,0,0,1.0,1.0,1.0,1.0,1.0,1,0.22705017726720064,37
233,0,496,496,0,0,0,0,1.0,1.0,1.0,1.0,1.0,1,0.22631556730202326,36
234,0,496,496,0,0,0,0,1.0,1.0,1.0,1.0,1.0,1,0.25105585158506627,34
235,0,496,496,0,0,0,0,1.0,1.0,1.0,1.0,1.0,1,0.25001486899523956,34
236,0,496,496,0,0,0,0,1.0,1.0,1.0,1.0,1.0,1,0.2611060995234717,33
237,1,497,497,0,0,0,0,1.0,1.0,1.0,1.0,1.0,1,0.2963652519427041,32
238,4,501,501,0,0,0,0,1.0,1.0,1.0,1.0,1.0,1,0.29342234781254056,32
239,2,503,503,0,0,0,0,1.0,1.0,1.0,1.0,1.0,1,0.2599191602074246,31
240,3,506,506,0,0,0,0,1.0,1.0,1.0,1.0,1.0,1,0.3249922728139954,28
241,4,510,510,0,0,0,0,1.0,1.0,1.0,1.0,1.0,1,0.27285338455250546,27
242,3,513,513,0,0,0,0,1.0,1.0,1.0,1.0,1.0,1,0.27566113127379194,29
243,4,517,517,0,0,0,0,1.0,1.0,1.0,1.0,1.0,1,0.19485851206831412,28
244,4,521,521,0,0,0,0,1.0,1.0,1.0,1.0,1.0,1,0.17404350787534648,28
245,3,524,524,0,0,0,0,1.0,1.0,1.0,1.0,1.0,1,0.21205987322140316,27
246,2,526,526,0,0,0,0,1.0,1.0,1.0,1.0,1.0,1,0.34086821701343845,25
247,1,527,527,0,0,0,0,1.0,1.0,1.0,1.0,1.0,1,0.33807917315028324,26
248,2,529,529,0,0,0,0,1.0,1.0,1.0,1.0,1.0,1,0.2567124870530734,27
249,2,531,531,0,0,0,0,1.0,1.0,1.0,1.0,1.0,1,0.2823146598252369,26
250,2,533,533,0,0,0,0,1.0,1.0,1.0,1.0,1.0,1,0.31249115707157993,27
251,2,535,535,0,0,0,0,1.0,1.0,1.0,1.0,1.0,1,0.3526708113914535,28
252,4,539,539,0,0,0,0,1.0,1.0,1.0,1.0,1.0,1,0.3890964758355247,28
253,1,540,540,0,0,0,0,1.0,1.0,1.0,1.0,1.0,1,0.3339671842898936,28
254,4,544,544,0,0,0,0,1.0,1.0,1.0,1.0,1.0,1,0.2271333294514115,29
255,0,544,544,0,0,0,0,1.0,1.0,1.0,1.0,1.0,1,0.24320428887762865,30
256,1,545,545,0,0,0,0,1.0,1.0,1.0,1.0,1.0,1,0.22451897658346817,30
257,2,547,547,0,0,0,0,1.0,1.0,1.0,1.0,1.0,1,0.22345250249306067,32
258,1,548,548,0,0,0,0,1.0,1.0,1.0,1.0,1.0,1,0.24630104991644042,32
259,1,549,549,0,0,0,0,1.0,1.0,1.0,1.0,1.0,1,0.2585363839229616,32
260,1,550,550,0,0,0,0,1.0,1.0,1.0,1.0,1.0,1,0.19188043440682706,34
261,0,550,550,0,0,0,0,1.0,1.0,1.0,1.0,1.0,1,0.19327598848668626,35
262,2,552,552,0,0,0,0,1.0,1.0,1.0,1.0,1.0,1,0.17386876185267855,36
263,0,552,552,0,0,0,0,1.0,1.0,1.0,1.0,1.0,1,0.20478335537241601,34
264,0,552,552,0,0,0,0,1.0,1.0,1.0,1.0,1.0,1,0.20478335537241601,34
265,2,554,554,0,0,0,0,1.0,1.0,1.0,1.0,1.0,1,0.24662492509441103,33
266,2,556,556,0,0,0,0,1.0,1.0,1.0,1.0,1.0,1,0.329108665375557,34
267,0,556,556,0,0,0,0,1.0,1.0,1.0,1.0,1.0,1,0.3437510244136631,33
268,3,559,559,0,0,0,0,1.0,1.0,1.0,1.0,1.0,1,0.30364022400397184,34
269,0,559,559,0,0,0,0,1.0,1.0,1.0,1.0,1.0,1,0.30364022400397184,34
270,1,560,560,0,0,0,0,1.0,1.0,1.0,1.0,1.0,1,0.32225128921034707,36
271,1,561,561,0,0,0,0,1.0,1.0,1.0,1.0,1.0,1,0.34091428380737276,36
272,2,563,563,0,0,0,0,1.0,1.0,1.0,1.0,1.0,1,0.3369228402298079,38
273,2,565,565,0,0,0,0,1.0,1.0,1.0,1.0,1.0,1,0.30846590148238284,38
274,1,566,566,0,0,0,0,1.0,1.0,1.0,1.0,1.0,1,0.29467023768134926,38
275,1,567,567,0,0,0,0,1.0,1.0,1.0,1.0,1.0,1,0.2848955364474262,38
276,3,570,570,0,0,0,0,1.0,1.0,1.0,1.0,1.0,1,0.24077346236345487,39
277,3,573,573,0,0,0,0,1.0,1.0,1.0,1.0,1.0,1,0.24844616393856192,38
278,1,574,574,0,0,0,0,1.0,1.0,1.0,1.0,1.0,1,0.24844633278592052,38
279,1,575,575,0,0,0,0,1.0,1.0,1.0,1.0,1.0,1,0.26329646293369957,38
280,0,575,575,0,0,0,0,1.0,1.0,1.0,1.0,1.0,1,0.2631522768259426,38
281,1,576,576,0,0,0,0,1.0,1.0,1.0,1.0,1.0,1,0.26927361459174903,38
282,1,577,577,0,0,0,0,1.0,1.0,1.0,1.0,1.0,1,0.24538249273221038,38
283,1,578,578,0,0,0,0,1.0,1.0,1.0,1.0,1.0,1,0.2590647280243071,38
284,1,579,579,0,0,0,0,1.0,1.0,1.0,1.0,1.0,1,0.24104330816754535,39
285,1,580,580,0,0,0,0,1.0,1.0,1.0,1.0,1.0,1,0.2277847138146949,39
286,0,580,580,0,0,0,0,1.0,1.0,1.0,1.0,1.0,1,0.2277847138146949,39
287,0,580,580,0,0,0,0,1.0,1.0,1.0,1.0,1.0,1,0.25769936268011545,39
288,1,581,581,0,0,0,0,1.0,1.0,1.0,1.0,1.0,1,0.2427735202768991,39
289,1,582,582,0,0,0,0,1.0,1.0,1.0,1.0,1.0,1,0.22642183060560028,39
290,6,588,588,0,0,0,0,1.0,1.0,1.0,1.0,1.0,1,0.19129305168001504,39
291,4,592,592,0,0,0,0,1.0,1.0,1.0,1.0,1.0,1,0.19080082496030074,39
292,4,596,596,0,0,0,0,1.0,1.0,1.0,1.0,1.0,1,0.1727302170504374,40
293,3,599,599,0,0,0,0,1.0,1.0,1.0,1.0,1.0,1,0.15358458563998664,41
294,4,603,603,0,0,0,0,1.0,1.0,1.0,1.0,1.0,1,0.06081143053214371,40
295,1,604,604,0,0,0,0,1.0,1.0,1.0,1.0,1.0,1,0.03327576772909084,42
296,4,608,608,0,0,0,0,1.0,1.0,1.0,1.0,1.0,1,0.0838905715474674,42
297,1,609,609,0,0,0,0,1.0,1.0,1.0,1.0,1.0,1,0.10810324638175178,43
298,2,611,611,0,0,0,0,1.0,1.0,1.0,1.0,1.0,1,0.16693353756272986,44
299,1,612,612,0,0,0,0,1.0,1.0,1.0,1.0,1.0,1,0.14537349502408298,44
300,1,613,613,0,0,0,0,1.0,1.0,1.0,1.0,1.0,1,0.12895340799060306,45
301,1,614,614,0,0,0,0,1.0,1.0,1.0,1.0,1.0,1,0.12234404804751532,47
302,1,615,615,0,0,0,0,1.0,1.0,1.0,1.0,1.0,1,0.12021154972632836,46
303,2,617,617,0,0,0,0,1.0,1.0,1.0,1.0,1.0,1,0.15571857346265552,45
304,2,619,619,0,0,0,0,1.0,1.0,1.0,1.0,1.0,1,0.18209667047057512,45
305,0,619,619,0,0,0,0,1.0,1.0,1.0,1.0,1.0,1,0.17975760348954842,43
306,1,620,620,0,0,0,0,1.0,1.0,1.0,1.0,1.0,1,0.2223459369075081,44
307,1,621,621,0,0,0,0,1.0,1.0,1.0,1.0,1.0,1,0.2640794858814675,42
308,0,621,621,0,0,0,0,1.0,1.0,1.0,1.0,1.0,1,0.25580725213519195,41
309,2,623,623,0,0,0,0,1.0,1.0,1.0,1.0,1.0,1,0.17831961454939985,42
310,2,625,625,0,0,0,0,1.0,1.0,1.0,1.0,1.0,1,0.11332990747565577,41
311,2,627,627,0,0,0,0,1.0,1.0,1.0,1.0,1.0,1,0.1384275266370316,41
312,2,629,629,0,0,0,0,1.0,1.0,1.0,1.0,1.0,1,0.11362275143219935,44
313,3,632,632,0,0,0,0,1.0,1.0,1.0,1.0,1.0,1,0.17487930506996777,43
314,3,635,635,0,0,0,0,1.0,1.0,1.0,1.0,1.0,1,0.21668146386250953,43
315,2,637,637,0,0,0,0,1.0,1.0,1.0,1.0,1.0,1,0.2166657735276096,43
316,1,638,638,0,0,0,0,1.0,1.0,1.0,1.0,1.0,1,0.2328350200934009,43
317,2,640,640,0,0,0,0,1.0,1.0,1.0,1.0,1.0,1,0.24101291690045748,44
318,2,642,642,0,0,0,0,1.0,1.0,1.0,1.0,1.0,1,0.27438581179983695,45
319,2,644,644,0,0,0,0,1.0,1.0,1.0,1.0,1.0,1,0.24259508576106037,46
320,1,645,645,0,0,0,0,1.0,1.0,1.0,1.0,1.0,1,0.22176816728856646,45
321,1,646,646,0,0,0,0,1.0,1.0,1.0,1.0,1.0,1,0.2424937189404964,44
322,4,650,650,0,0,0,0,1.0,1.0,1.0,1.0,1.0,1,0.27316353138752547,42
323,2,652,652,0,0,0,0,1.0,1.0,1.0,1.0,1.0,1,0.23577643578174576,42
324,1,653,653,0,0,0,0,1.0,1.0,1.0,1.0,1.0,1,0.24068281041923387,43
325,2,655,655,0,0,0,0,1.0,1.0,1.0,1.0,1.0,1,0.2665592040586414,43
326,3,658,658,0,0,0,0,1.0,1.0,1.0,1.0,1.0,1,0.27460371547428386,43
327,0,658,658,0,0,0,0,1.0,1.0,1.0,1.0,1.0,1,0.27416260819998295,44
328,1,659,659,0,0,0,0,1.0,1.0,1.0,1.0,1.0,1,0.25941681754392054,44
329,0,659,659,0,0,0,0,1.0,1.0,1.0,1.0,1.0,1,0.2436129246746728,45
330,1,660,660,0,0,0,0,1.0,1.0,1.0,1.0,1.0,1,0.2399533449675233,46
331,1,661,661,0,0,0,0,1.0,1.0,1.0,1.0,1.0,1,0.2480103964015556,46
332,2,663,663,0,0,0,0,1.0,1.0,1.0,1.0,1.0,1,0.26536315263912297,47
333,1,664,664,0,0,0,0,1.0,1.0,1.0,1.0,1.0,1,0.2536410638239923,48
334,1,665,665,0,0,0,0,1.0,1.0,1.0,1.0,1.0,1,0.2615309271797147,48
335,1,666,666,0,0,0,0,1.0,1.0,1.0,1.0,1.0,1,0.25141559361205806,49
336,2,668,668,0,0,0,0,1.0,1.0,1.0,1.0,1.0,1,0.24352458083037007,50
337,1,669,669,0,0,0,0,1.0,1.0,1.0,1.0,1.0,1,0.21028507404503693,51
338,1,670,670,0,0,0,0,1.0,1.0,1.0,1.0,1.0,1,0.19512196502239595,51
339,3,673,673,0,0,0,0,1.0,1.0,1.0,1.0,1.0,1,0.2196612990262627,51
340,0,673,673,0,0,0,0,1.0,1.0,1.0,1.0,1.0,1,0.2196612990262627,51
341,0,673,673,0,0,0,0,1.0,1.0,1.0,1.0,1.0,1,0.22480076323154882,51
342,2,675,675,0,0,0,0,1.0,1.0,1.0,1.0,1.0,1,0.24906251581967712,51
343,3,678,678,0,0,0,0,1.0,1.0,1.0,1.0,1.0,1,0.25588058873217806,51
344,4,682,682,0,0,0,0,1.0,1.0,1.0,1.0,1.0,1,0.2862657934199734,50
345,2,684,684,0,0,0,0,1.0,1.0,1.0,1.0,1.0,1,0.2870016433219338,50
346,3,687,687,0,0,0,0,1.0,1.0,1.0,1.0,1.0,1,0.2911298449010777,50
347,3,690,690,0,0,0,0,1.0,1.0,1.0,1.0,1.0,1,0.3292880960625686,51
348,3,693,693,0,0,0,0,1.0,1.0,1.0,1.0,1.0,1,0.34807798109950233,52
349,0,693,693,0,0,0,0,1.0,1.0,1.0,1.0,1.0,1,0.32298718403125387,54
350,2,695,695,0,0,0,0,1.0,1.0,1.0,1.0,1.0,1,0.3703098189959509,54
351,3,698,698,0,0,0,0,1.0,1.0,1.0,1.0,1.0,1,0.3376330509848676,54
352,4,702,702,0,0,0,0,1.0,1.0,1.0,1.0,1.0,1,0.33604302867814956,56
353,2,704,704,0,0,0,0,1.0,1.0,1.0,1.0,1.0,1,0.3109035430023143,54
354,3,707,707,0,0,0,0,1.0,1.0,1.0,1.0,1.0,1,0.28706757152304335,53
355,3,710,710,0,0,0,0,1.0,1.0,1.0,1.0,1.0,1,0.30370134110915536,54
356,3,713,713,0,0,0,0,1.0,1.0,1.0,1.0,1.0,1,0.25059228676698514,54
357,1,714,714,0,0,0,0,1.0,1.0,1.0,1.0,1.0,1,0.2510757686370074,53
358,0,714,714,0,0,0,0,1.0,1.0,1.0,1.0,1.0,1,0.2652351631876233,49
359,3,717,717,0,0,0,0,1.0,1.0,1.0,1.0,1.0,1,0.24712065616347087,48
360,0,717,717,0,0,0,0,1.0,1.0,1.0,1.0,1.0,1,0.25530560851759965,47
361,2,719,719,0,0,0,0,1.0,1.0,1.0,1.0,1.0,1,0.25258309340488344,46
362,1,720,720,0,0,0,0,1.0,1.0,1.0,1.0,1.0,1,0.2660006230413422,46
363,5,725,725,0,0,0,0,1.0,1.0,1.0,1.0,1.0,1,0.26655877873803147,47
364,3,728,728,0,0,0,0,1.0,1.0,1.0,1.0,1.0,1,0.3131417318650336,47
365,3,731,731,0,0,0,0,1.0,1.0,1.0,1.0,1.0,1,0.30804723827237845,47
366,1,732,732,0,0,0,0,1.0,1.0,1.0,1.0,1.0,1,0.2655249448154983,50
367,3,735,735,0,0,0,0,1.0,1.0,1.0,1.0,1.0,1,0.214450616357877,50
368,0,735,735,0,0,0,0,1.0,1.0,1.0,1.0,1.0,1,0.19147711640167767,51
369,0,735,735,0,0,0,0,1.0,1.0,1.0,1.0,1.0,1,0.21567451374439095,51
370,0,735,735,0,0,0,0,1.0,1.0,1.0,1.0,1.0,1,0.21567451374439095,51
371,1,736,736,0,0,0,0,1.0,1.0,1.0,1.0,1.0,1,0.18572840384783956,52
372,2,738,738,0,0,0,0,1.0,1.0,1.0,1.0,1.0,1,0.13404976575643887,53
373,3,741,741,0,0,0,0,1.0,1.0,1.0,1.0,1.0,1,0.15514926035450077,53
374,5,746,746,0,0,0,0,1.0,1.0,1.0,1.0,1.0,1,0.12080204803614494,53
375,4,750,750,0,0,0,0,1.0,1.0,1.0,1.0,1.0,1,0.11406220361469105,53
376,4,754,754,0,0,0,0,1.0,1.0,1.0,1.0,1.0,1,0.07359256053022226,53
377,6,760,760,0,0,0,0,1.0,1.0,1.0,1.0,1.0,1,0.1288901291544758,53
378,2,762,762,0,0,0,0,1.0,1.0,1.0,1.0,1.0,1,0.12032740262767147,53
379,5,767,767,0,0,0,0,1.0,1.0,1.0,1.0,1.0,1,0.17438741519388798,54
380,5,772,772,0,0,0,0,1.0,1.0,1.0,1.0,1.0,1,0.18219644596073167,54
381,1,773,773,0,0,0,0,1.0,1.0,1.0,1.0,1.0,1,0.18916947398523665,54
382,2,775,775,0,0,0,0,1.0,1.0,1.0,1.0,1.0,1,0.1928230947431325,55
383,2,777,777,0,0,0,0,1.0,1.0,1.0,1.0,1.0,1,0.22567524875104922,55
384,2,779,779,0,0,0,0,1.0,1.0,1.0,1.0,1.0,1,0.25315221931532667,54
385,1,780,780,0,0,0,0,1.0,1.0,1.0,1.0,1.0,1,0.2714663863154671,52
386,1,781,781,0,0,0,0,1.0,1.0,1.0,1.0,1.0,1,0.25839092648597367,52
387,1,782,782,0,0,0,0,1.0,1.0,1.0,1.0,1.0,1,0.2517629744911923,50
388,1,783,783,0,0,0,0,1.0,1.0,1.0,1.0,1.0,1,0.20985701386761385,52
389,0,783,783,0,0,0,0,1.0,1.0,1.0,1.0,1.0,1,0.23586920714016638,51
390,3,786,786,0,0,0,0,1.0,1.0,1.0,1.0,1.0,1,0.22928609743353315,50
391,3,789,789,0,0,0,0,1.0,1.0,1.0,1.0,1.0,1,0.22395914426160887,49
392,0,789,789,0,0,0,0,1.0,1.0,1.0,1.0,1.0,1,0.2314633178142778,47
393,4,793,793,0,0,0,0,1.0,1.0,1.0,1.0,1.0,1,0.18916579690676144,47
394,3,796,796,0,0,0,0,1.0,1.0,1.0,1.0,1.0,1,0.21686074100520775,48
395,4,800,800,0,0,0,0,1.0,1.0,1.0,1.0,1.0,1,0.17839826140136825,46
396,1,801,801,0,0,0,0,1.0,1.0,1.0,1.0,1.0,1,0.20821487937365393,43
397,1,802,802,0,0,0,0,1.0,1.0,1.0,1.0,1.0,1,0.19403802937662362,42
398,2,804,804,0,0,0,0,1.0,1.0,1.0,1.0,1.0,1,0.201701897838553,40
399,1,805,805,0,0,0,0,1.0,1.0,1.0,1.0,1.0,1,0.23765772635084545,39
400,3,808,808,0,0,0,0,1.0,1.0,1.0,1.0,1.0,1,0.22986092380984766,38
401,1,809,809,0,0,0,0,1.0,1.0,1.0,1.0,1.0,1,0.2251125704495595,37
402,0,809,809,0,0,0,0,1.0,1.0,1.0,1.0,1.0,1,0.22453241570790902,36
403,0,809,809,0,0,0,0,1.0,1.0,1.0,1.0,1.0,1,0.18788292713106539,38
404,2,811,811,0,0,0,0,1.0,1.0,1.0,1.0,1.0,1,0.15202458631862986,39
405,3,814,814,0,0,0,0,1.0,1.0,1.0,1.0,1.0,1,0.2018396521305607,40
406,1,815,815,0,0,0,0,1.0,1.0,1.0,1.0,1.0,1,0.1992226328893517,41
407,4,819,819,0,0,0,0,1.0,1.0,1.0,1.0,1.0,1,0.18101106645076412,42
408,0,819,819,0,0,0,0,1.0,1.0,1.0,1.0,1.0,1,0.17176824244962852,43
409,2,821,821,0,0,0,0,1.0,1.0,1.0,1.0,1.0,1,0.17050787055352645,44
410,1,822,822,0,0,0,0,1.0,1.0,1.0,1.0,1.0,1,0.17054521631818845,46
411,4,826,826,0,0,0,0,1.0,1.0,1.0,1.0,1.0,1,0.19862146967546454,46
412,3,829,829,0,0,0,0,1.0,1.0,1.0,1.0,1.0,1,0.1691281327821208,47
413,3,832,832,0,0,0,0,1.0,1.0,1.0,1.0,1.0,1,0.24244701625429693,47
414,2,834,834,0,0,0,0,1.0,1.0,1.0,1.0,1.0,1,0.2324414110771066,47
415,4,838,838,0,0,0,0,1.0,1.0,1.0,1.0,1.0,1,0.23799223438972003,48
416,1,839,839,0,0,0,0,1.0,1.0,1.0,1.0,1.0,1,0.22704843202870642,49
417,1,840,840,0,0,0,0,1.0,1.0,1.0,1.0,1.0,1,0.25066354698060306,49
418,5,845,845,0,0,0,0,1.0,1.0,1.0,1.0,1.0,1,0.2390475213543359,50
419,0,845,845,0,0,0,0,1.0,1.0,1.0,1.0,1.0,1,0.2390475213543359,50
420,1,846,846,0,0,0,0,1.0,1.0,1.0,1.0,1.0,1,0.2225842482835558,50
421,1,847,847,0,0,0,0,1.0,1.0,1.0,1.0,1.0,1,0.2318901091818489,50
422,2,849,849,0,0,0,0,1.0,1.0,1.0,1.0,1.0,1,0.23595143991848766,50
423,2,851,851,0,0,0,0,1.0,1.0,1.0,1.0,1.0,1,0.20546816043770727,51
424,1,852,852,0,0,0,0,1.0,1.0,1.0,1.0,1.0,1,0.24957020014816608,49
425,2,854,854,0,0,0,0,1.0,1.0,1.0,1.0,1.0,1,0.2525480369051736,48
426,3,857,857,0,0,0,0,1.0,1.0,1.0,1.0,1.0,1,0.1950691905246885,50
427,2,859,859,0,0,0,0,1.0,1.0,1.0,1.0,1.0,1,0.22196133267767154,48
428,1,860,860,0,0,0,0,1.0,1.0,1.0,1.0,1.0,1,0.22350213227922996,49
429,2,862,862,0,0,0,0,1.0,1.0,1.0,1.0,1.0,1,0.1668089347884987,45
430,0,862,862,0,0,0,0,1.0,1.0,1.0,1.0,1.0,1,0.18509233310264936,44
431,2,864,864,0,0,0,0,1.0,1.0,1.0,1.0,1.0,1,0.222015917531085,42
432,1,865,865,0,0,0,0,1.0,1.0,1.0,1.0,1.0,1,0.2836459833816873,40
433,1,866,866,0,0,0,0,1.0,1.0,1.0,1.0,1.0,1,0.2619919417175246,39
434,1,867,867,0,0,0,0,1.0,1.0,1.0,1.0,1.0,1,0.21456659556929908,39
435,3,870,870,0,0,0,0,1.0,1.0,1.0,1.0,1.0,1,0.18792859900481332,38
436,2,872,872,0,0,0,0,1.0,1.0,1.0,1.0,1.0,1,0.16092849819570926,38
437,1,873,873,0,0,0,0,1.0,1.0,1.0,1.0,1.0,1,0.13689140929318486,39
438,2,875,875,0,0,0,0,1.0,1.0,1.0,1.0,1.0,1,0.21904200892767633,38
439,3,878,878,0,0,0,0,1.0,1.0,1.0,1.0,1.0,1,0.24934947004327,39
440,3,881,881,0,0,0,0,1.0,1.0,1.0,1.0,1.0,1,0.26748361495038775,39
441,1,882,882,0,0,0,0,1.0,1.0,1.0,1.0,1.0,1,0.2431885572164874,41
442,2,884,884,0,0,0,0,1.0,1.0,1.0,1.0,1.0,1,0.22665006141326074,42
443,2,886,886,0,0,0,0,1.0,1.0,1.0,1.0,1.0,1,0.20381855484712041,42
444,1,887,887,0,0,0,0,1.0,1.0,1.0,1.0,1.0,1,0.209600526472458,43
445,5,892,892,0,0,0,0,1.0,1.0,1.0,1.0,1.0,1,0.17731766789630143,44
446,1,893,893,0,0,0,0,1.0,1.0,1.0,1.0,1.0,1,0.1408444343202454,44
447,3,896,896,0,0,0,0,1.0,1.0,1.0,1.0,1.0,1,0.10168766666266524,47
448,3,899,899,0,0,0,0,1.0,1.0,1.0,1.0,1.0,1,0.1253072449220577,46
449,1,900,900,0,0,0,0,1.0,1.0,1.0,1.0,1.0,1,0.14797899302741307,46
450,0,900,900,0,0,0,0,1.0,1.0,1.0,1.0,1.0,1,0.14771585737513923,46
451,4,904,904,0,0,0,0,1.0,1.0,1.0,1.0,1.0,1,0.17526405234847467,47
452,1,905,905,0,0,0,0,1.0,1.0,1.0,1.0,1.0,1,0.232133947965598,47
453,4,909,909,0,0,0,0,1.0,1.0,1.0,1.0,1.0,1,0.1948264624770955,47
454,4,913,913,0,0,0,0,1.0,1.0,1.0,1.0,1.0,1,0.22912933472946892,46
455,6,919,919,0,0,0,0,1.0,1.0,1.0,1.0,1.0,1,0.23836578174790835,47
456,2,921,921,0,0,0,0,1.0,1.0,1.0,1.0,1.0,1,0.2060908110947736,49
457,0,921,921,0,0,0,0,1.0,1.0,1.0,1.0,1.0,1,0.21352939158452447,50
458,1,922,922,0,0,0,0,1.0,1.0,1.0,1.0,1.0,1,0.23678050640531836,50
459,1,923,923,0,0,0,0,1.0,1.0,1.0,1.0,1.0,1,0.23295664403648936,52
460,2,925,925,0,0,0,0,1.0,1.0,1.0,1.0,1.0,1,0.2329498601296331,53
461,1,926,926,0,0,0,0,1.0,1.0,1.0,1.0,1.0,1,0.25666631320870575,54
462,0,926,926,0,0,0,0,1.0,1.0,1.0,1.0,1.0,1,0.25666631320870575,54
463,2,928,928,0,0,0,0,1.0,1.0,1.0,1.0,1.0,1,0.226968390439476,55
464,1,929,929,0,0,0,0,1.0,1.0,1.0,1.0,1.0,1,0.1996182659697675,56
465,1,930,930,0,0,0,0,1.0,1.0,1.0,1.0,1.0,1,0.19420834030408698,54
466,4,934,934,0,0,0,0,1.0,1.0,1.0,1.0,1.0,1,0.2179189136142526,54
467,3,937,937,0,0,0,0,1.0,1.0,1.0,1.0,1.0,1,0.19599376740351565,51
468,3,940,940,0,0,0,0,1.0,1.0,1.0,1.0,1.0,1,0.20415129227461243,51
469,5,945,945,0,0,0,0,1.0,1.0,1.0,1.0,1.0,1,0.22472629660987253,48
470,5,950,950,0,0,0,0,1.0,1.0,1.0,1.0,1.0,1,0.3020516714125369,47
471,3,953,953,0,0,0,0,1.0,1.0,1.0,1.0,1.0,1,0.2727477387827939,44
472,0,953,953,0,0,0,0,1.0,1.0,1.0,1.0,1.0,1,0.24111658424787447,43
473,4,957,957,0,0,0,0,1.0,1.0,1.0,1.0,1.0,1,0.24258662854136107,41
474,2,959,959,0,0,0,0,1.0,1.0,1.0,1.0,1.0,1,0.20996533708536233,39
475,1,960,960,0,0,0,0,1.0,1.0,1.0,1.0,1.0,1,0.2073419573863664,40
476,2,962,962,0,0,0,0,1.0,1.0,1.0,1.0,1.0,1,0.2133753498962869,38
477,0,962,962,0,0,0,0,1.0,1.0,1.0,1.0,1.0,1,0.23959909848382052,35
478,0,962,962,0,0,0,0,1.0,1.0,1.0,1.0,1.0,1,0.224568393750583,35
479,3,965,965,0,0,0,0,1.0,1.0,1.0,1.0,1.0,1,0.2575331275316265,32
480,3,968,968,0,0,0,0,1.0,1.0,1.0,1.0,1.0,1,0.28824090361175064,32
481,4,972,972,0,0,0,0,1.0,1.0,1.0,1.0,1.0,1,0.3027914167551049,33
482,2,974,974,0,0,0,0,1.0,1.0,1.0,1.0,1.0,1,0.296151228553635,34
483,4,978,978,0,0,0,0,1.0,1.0,1.0,1.0,1.0,1,0.3463303228475839,32
484,1,979,979,0,0,0,0,1.0,1.0,1.0,1.0,1.0,1,0.2960265337726751,33
485,2,981,981,0,0,0,0,1.0,1.0,1.0,1.0,1.0,1,0.23229137928363672,34
486,3,984,984,0,0,0,0,1.0,1.0,1.0,1.0,1.0,1,0.1993911159630836,36
487,4,988,988,0,0,0,0,1.0,1.0,1.0,1.0,1.0,1,0.20948064583407452,36
488,2,990,990,0,0,0,0,1.0,1.0,1.0,1.0,1.0,1,0.19218994862978372,37
489,2,992,992,0,0,0,0,1.0,1.0,1.0,1.0,1.0,1,0.18987143833385087,38
490,0,992,992,0,0,0,0,1.0,1.0,1.0,1.0,1.0,1,0.18987143833385087,38
491,2,994,994,0,0,0,0,1.0,1.0,1.0,1.0,1.0,1,0.19978686313708346,37
492,0,994,994,0,0,0,0,1.0,1.0,1.0,1.0,1.0,1,0.19978686313708346,37
493,4,998,998,0,0,0,0,1.0,1.0,1.0,1.0,1.0,1,0.1444779048189494,37
494,2,1000,1000,0,0,0,0,1.0,1.0,1.0,1.0,1.0,1,0.09130416073722981,39
495,0,1000,1000,0,0,0,0,1.0,1.0,1.0,1.0,1.0,1,0.10307814732639203,40
496,1,1001,1001,0,0,0,0,1.0,1.0,1.0,1.0,1.0,1,0.09154608942570039,40
497,2,1003,1003,0,0,0,0,1.0,1.0,1.0,1.0,1.0,1,0.1350082959983172,43
498,0,1003,1003,0,0,0,0,1.0,1.0,1.0,1.0,1.0,1,0.1350082959983172,43
499,2,1005,1005,0,0,0,0,1.0,1.0,1.0,1.0,1.0,1,0.1869097358375898,44
500,2,1007,1007,0,0,0,0,1.0,1.0,1.0,1.0,1.0,1,0.143031675004239,45
501,2,1009,1009,0,0,0,0,1.0,1.0,1.0,1.0,1.0,1,0.15786340558992343,45
502,1,1010,1010,0,0,0,0,1.0,1.0,1.0,1.0,1.0,1,0.16297528048411075,45
503,2,1012,1012,0,0,0,0,1.0,1.0,1.0,1.0,1.0,1,0.16609178929973364,46
504,2,1014,1014,0,0,0,0,1.0,1.0,1.0,1.0,1.0,1,0.18145587539698077,47
505,1,1015,1015,0,0,0,0,1.0,1.0,1.0,1.0,1.0,1,0.20661747351417192,42
506,2,1017,1017,0,0,0,0,1.0,1.0,1.0,1.0,1.0,1,0.2142176589204447,41
507,0,1017,1017,0,0,0,0,1.0,1.0,1.0,1.0,1.0,1,0.2411423900313832,38
508,0,1017,1017,0,0,0,0,1.0,1.0,1.0,1.0,1.0,1,0.24121515791876522,38
509,1,1018,1018,0,0,0,0,1.0,1.0,1.0,1.0,1.0,1,0.2826032583925616,37
510,0,1018,1018,0,0,0,0,1.0,1.0,1.0,1.0,1.0,1,0.28066682214138194,36
511,0,1018,1018,0,0,0,0,1.0,1.0,1.0,1.0,1.0,1,0.2637566348439215,34
512,0,1018,1018,0,0,0,0,1.0,1.0,1.0,1.0,1.0,1,0.2644936087155713,32
513,5,1023,1023,0,0,0,0,1.0,1.0,1.0,1.0,1.0,1,0.2513806530691172,32
514,0,1023,1023,0,0,0,0,1.0,1.0,1.0,1.0,1.0,1,0.25831953387026557,35
515,5,1028,1028,0,0,0,0,1.0,1.0,1.0,1.0,1.0,1,0.24705777966249204,35
516,1,1029,1029,0,0,0,0,1.0,1.0,1.0,1.0,1.0,1,0.27289222860803064,36
517,6,1035,1035,0,0,0,0,1.0,1.0,1.0,1.0,1.0,1,0.33339956971428397,36
518,1,1036,1036,0,0,0,0,1.0,1.0,1.0,1.0,1.0,1,0.34963569920884074,39
519,6,1042,1042,0,0,0,0,1.0,1.0,1.0,1.0,1.0,1,0.40205473322187624,39
520,0,1042,1042,0,0,0,0,1.0,1.0,1.0,1.0,1.0,1,0.4142844406765176,39
521,1,1043,1043,0,0,0,0,1.0,1.0,1.0,1.0,1.0,1,0.3941727220232381,40
522,1,1044,1044,0,0,0,0,1.0,1.0,1.0,1.0,1.0,1,0.4201470263209478,40
523,2,1046,1046,0,0,0,0,1.0,1.0,1.0,1.0,1.0,1,0.35377356388527686,41
524,2,1048,1048,0,0,0,0,1.0,1.0,1.0,1.0,1.0,1,0.33131400518641674,41
525,1,1049,1049,0,0,0,0,1.0,1.0,1.0,1.0,1.0,1,0.30885356735936104,40
526,2,1051,1051,0,0,0,0,1.0,1.0,1.0,1.0,1.0,1,0.28111652443610174,40
527,2,1053,1053,0,0,0,0,1.0,1.0,1.0,1.0,1.0,1,0.25758453657261304,40
528,0,1053,1053,0,0,0,0,1.0,1.0,1.0,1.0,1.0,1,0.25758453657261304,40
529,4,1057,1057,0,0,0,0,1.0,1.0,1.0,1.0,1.0,1,0.32494863107898925,39
530,0,1057,1057,0,0,0,0,1.0,1.0,1.0,1.0,1.0,1,0.32494863107898925,39
531,2,1059,1059,0,0,0,0,1.0,1.0,1.0,1.0,1.0,1,0.30485257528227167,39
532,1,1060,1060,0,0,0,0,1.0,1.0,1.0,1.0,1.0,1,0.297173084463977,40
533,1,1061,1061,0,0,0,0,1.0,1.0,1.0,1.0,1.0,1,0.3316019901972299,40
534,0,1061,1061,0,0,0,0,1.0,1.0,1.0,1.0,1.0,1,0.3186293040809586,42
535,1,1062,1062,0,0,0,0,1.0,1.0,1.0,1.0,1.0,1,0.34559753936544946,42
536,0,1062,1062,0,0,0,0,1.0,1.0,1.0,1.0,1.0,1,0.3517642408558882,43
537,0,1062,1062,0,0,0,0,1.0,1.0,1.0,1.0,1.0,1,0.3517642408558882,43
538,1,1063,1063,0,0,0,0,1.0,1.0,1.0,1.0,1.0,1,0.3503403639862087,44
539,0,1063,1063,0,0,0,0,1.0,1.0,1.0,1.0,1.0,1,0.3503403639862087,44
540,1,1064,1064,0,0,0,0,1.0,1.0,1.0,1.0,1.0,1,0.3125082273759448,44
541,0,1064,1064,0,0,0,0,1.0,1.0,1.0,1.0,1.0,1,0.2965215395962777,45
542,1,1065,1065,0,0,0,0,1.0,1.0,1.0,1.0,1.0,1,0.2401094665737413,46
543,2,1067,1067,0,0,0,0,1.0,1.0,1.0,1.0,1.0,1,0.28326980472493896,43
544,1,1068,1068,0,0,0,0,1.0,1.0,1.0,1.0,1.0,1,0.2833029514676565,42
545,3,1071,1071,0,0,0,0,1.0,1.0,1.0,1.0,1.0,1,0.2565150045503549,43
546,0,1071,1071,0,0,0,0,1.0,1.0,1.0,1.0,1.0,1,0.2423106597421082,41
547,5,1076,1076,0,0,0,0,1.0,1.0,1.0,1.0,1.0,1,0.15775041070202692,40
548,2,1078,1078,0,0,0,0,1.0,1.0,1.0,1.0,1.0,1,0.19510260644011426,40
549,2,1080,1080,0,0,0,0,1.0,1.0,1.0,1.0,1.0,1,0.2260097568131669,39
550,3,1083,1083,0,0,0,0,1.0,1.0,1.0,1.0,1.0,1,0.2118018595982177,38
551,2,1085,1085,0,0,0,0,1.0,1.0,1.0,1.0,1.0,1,0.20928363346918707,38
552,0,1085,1085,0,0,0,0,1.0,1.0,1.0,1.0,1.0,1,0.21052464344587538,39
553,2,1087,1087,0,0,0,0,1.0,1.0,1.0,1.0,1.0,1,0.20305503808187367,38
554,3,1090,1090,0,0,0,0,1.0,1.0,1.0,1.0,1.0,1,0.21686950433358962,39
555,2,1092,1092,0,0,0,0,1.0,1.0,1.0,1.0,1.0,1,0.20553290601182736,39
556,3,1095,1095,0,0,0,0,1.0,1.0,1.0,1.0,1.0,1,0.1733037292845746,40
557,4,1099,1099,0,0,0,0,1.0,1.0,1.0,1.0,1.0,1,0.24146649944689158,40
558,3,1102,1102,0,0,0,0,1.0,1.0,1.0,1.0,1.0,1,0.18686963273309137,40
559,5,1107,1107,0,0,0,0,1.0,1.0,1.0,1.0,1.0,1,0.2050576422178419,40
560,6,1113,1113,0,0,0,0,1.0,1.0,1.0,1.0,1.0,1,0.2675788622371777,41
561,2,1115,1115,0,0,0,0,1.0,1.0,1.0,1.0,1.0,1,0.25939847531311305,42
562,5,1120,1120,0,0,0,0,1.0,1.0,1.0,1.0,1.0,1,0.233222323457238,42
563,3,1123,1123,0,0,0,0,1.0,1.0,1.0,1.0,1.0,1,0.27258526416298134,42
564,1,1124,1124,0,0,0,0,1.0,1.0,1.0,1.0,1.0,1,0.2712417527456255,43
565,3,1127,1127,0,0,0,0,1.0,1.0,1.0,1.0,1.0,1,0.33934328809057207,44
566,2,1129,1129,0,0,0,0,1.0,1.0,1.0,1.0,1.0,1,0.3890773178611106,45
567,1,1130,1130,0,0,0,0,1.0,1.0,1.0,1.0,1.0,1,0.4139516928707318,45
568,1,1131,1131,0,0,0,0,1.0,1.0,1.0,1.0,1.0,1,0.3812224697422615,46
569,2,1133,1133,0,0,0,0,1.0,1.0,1.0,1.0,1.0,1,0.43165985570088145,47
570,2,1135,1135,0,0,0,0,1.0,1.0,1.0,1.0,1.0,1,0.4155268150384561,48
571,1,1136,1136,0,0,0,0,1.0,1.0,1.0,1.0,1.0,1,0.4038019196252924,48
572,1,1137,1137,0,0,0,0,1.0,1.0,1.0,1.0,1.0,1,0.41682610190842584,47
573,2,1139,1139,0,0,0,0,1.0,1.0,1.0,1.0,1.0,1,0.38046859050132487,49
574,0,1139,1139,0,0,0,0,1.0,1.0,1.0,1.0,1.0,1,0.38046859050132487,49
575,3,1142,1142,0,0,0,0,1.0,1.0,1.0,1.0,1.0,1,0.3661417702128335,50
576,0,1142,1142,0,0,0,0,1.0,1.0,1.0,1.0,1.0,1,0.37419237748126066,51
577,1,1143,1143,0,0,0,0,1.0,1.0,1.0,1.0,1.0,1,0.36288772584899914,51
578,1,1144,1144,0,0,0,0,1.0,1.0,1.0,1.0,1.0,1,0.35024712632713956,51
579,2,1146,1146,0,0,0,0,1.0,1.0,1.0,1.0,1.0,1,0.31797713000643213,52
580,0,1146,1146,0,0,0,0,1.0,1.0,1.0,1.0,1.0,1,0.3214224801499236,52
581,4,1150,1150,0,0,0,0,1.0,1.0,1.0,1.0,1.0,1,0.27327336773827926,52
582,5,1155,1155,0,0,0,0,1.0,1.0,1.0,1.0,1.0,1,0.32919767893392876,53
583,7,1162,1162,0,0,0,0,1.0,1.0,1.0,1.0,1.0,1,0.3174753507326962,51
584,4,1166,1166,0,0,0,0,1.0,1.0,1.0,1.0,1.0,1,0.3367409556071417,51
585,4,1170,1170,0,0,0,0,1.0,1.0,1.0,1.0,1.0,1,0.31808205583596727,49
586,2,1172,1172,0,0,0,0,1.0,1.0,1.0,1.0,1.0,1,0.31381951118267365,49
587,6,1178,1178,0,0,0,0,1.0,1.0,1.0,1.0,1.0,1,0.22405333252706008,48
588,1,1179,1179,0,0,0,0,1.0,1.0,1.0,1.0,1.0,1,0.2522465844474653,46
589,4,1183,1183,0,0,0,0,1.0,1.0,1.0,1.0,1.0,1,0.2020217946242208,48
590,1,1184,1184,0,0,0,0,1.0,1.0,1.0,1.0,1.0,1,0.24778053507671494,47
591,2,1186,1186,0,0,0,0,1.0,1.0,1.0,1.0,1.0,1,0.24844861263170498,48
592,3,1189,1189,0,0,0,0,1.0,1.0,1.0,1.0,1.0,1,0.25561633160202935,47
593,0,1189,1189,0,0,0,0,1.0,1.0,1.0,1.0,1.0,1,0.2917221693948139,45
594,3,1192,1192,0,0,0,0,1.0,1.0,1.0,1.0,1.0,1,0.2232445299281309,44
595,4,1196,1196,0,0,0,0,1.0,1.0,1.0,1.0,1.0,1,0.21270376717232306,43
596,1,1197,1197,0,0,0,0,1.0,1.0,1.0,1.0,1.0,1,0.2090207056568425,44
597,0,1197,1197,0,0,0,0,1.0,1.0,1.0,1.0,1.0,1,0.2077702141414204,43
598,5,1202,1202,0,0,0,0,1.0,1.0,1.0,1.0,1.0,1,0.17774570598349085,45
599,0,1202,1202,0,0,0,0,1.0,1.0,1.0,1.0,1.0,1,0.18721649730180065,44
600,4,1206,1206,0,0,0,0,1.0,1.0,1.0,1.0,1.0,1,0.18539005976021897,44
601,0,1206,1206,0,0,0,0,1.0,1.0,1.0,1.0,1.0,1,0.1994587319251811,45
602,1,1207,1207,0,0,0,0,1.0,1.0,1.0,1.0,1.0,1,0.18583478986146892,46
603,3,1210,1210,0,0,0,0,1.0,1.0,1.0,1.0,1.0,1,0.15768297701713505,46
604,1,1211,1211,0,0,0,0,1.0,1.0,1.0,1.0,1.0,1,0.18670012147554937,47
605,1,1212,1212,0,0,0,0,1.0,1.0,1.0,1.0,1.0,1,0.1959475408034613,47
606,0,1212,1212,0,0,0,0,1.0,1.0,1.0,1.0,1.0,1,0.20247830572725234,47
607,4,1216,1216,0,0,0,0,1.0,1.0,1.0,1.0,1.0,1,0.1878417684214207,48
608,2,1218,1218,0,0,0,0,1.0,1.0,1.0,1.0,1.0,1,0.21065263359880074,47
609,2,1220,1220,0,0,0,0,1.0,1.0,1.0,1.0,1.0,1,0.17979008350930004,48
610,2,1222,1222,0,0,0,0,1.0,1.0,1.0,1.0,1.0,1,0.16244779683277263,48
611,2,1224,1224,0,0,0,0,1.0,1.0,1.0,1.0,1.0,1,0.13739917361423698,49
612,3,1227,1227,0,0,0,0,1.0,1.0,1.0,1.0,1.0,1,0.1315367344656417,50
613,0,1227,1227,0,0,0,0,1.0,1.0,1.0,1.0,1.0,1,0.1315367344656417,50
614,4,1231,1231,0,0,0,0,1.0,1.0,1.0,1.0,1.0,1,0.19380231160308273,50
615,3,1234,1234,0,0,0,0,1.0,1.0,1.0,1.0,1.0,1,0.1950371275992131,50
616,2,1236,1236,0,0,0,0,1.0,1.0,1.0,1.0,1.0,1,0.16686727283922623,50
617,2,1238,1238,0,0,0,0,1.0,1.0,1.0,1.0,1.0,1,0.17575640010793003,52
618,3,1241,1241,0,0,0,0,1.0,1.0,1.0,1.0,1.0,1,0.16338994688052932,52
619,1,1242,1242,0,0,0,0,1.0,1.0,1.0,1.0,1.0,1,0.18825497546518466,50
620,1,1243,1243,0,0,0,0,1.0,1.0,1.0,1.0,1.0,1,0.22597734508049333,50
621,2,1245,1245,0,0,0,0,1.0,1.0,1.0,1.0,1.0,1,0.266432818372781,49
622,2,1247,1247,0,0,0,0,1.0,1.0,1.0,1.0,1.0,1,0.2706701666316019,49
623,2,1249,1249,0,0,0,0,1.0,1.0,1.0,1.0,1.0,1,0.26878434344893704,48
624,3,1252,1252,0,0,0,0,1.0,1.0,1.0,1.0,1.0,1,0.32374412372760536,46
625,1,1253,1253,0,0,0,0,1.0,1.0,1.0,1.0,1.0,1,0.3236301259108166,45
626,5,1258,1258,0,0,0,0,1.0,1.0,1.0,1.0,1.0,1,0.294622176257657,44
627,2,1260,1260,0,0,0,0,1.0,1.0,1.0,1.0,1.0,1,0.2644583503604437,44
628,2,1262,1262,0,0,0,0,1.0,1.0,1.0,1.0,1.0,1,0.2677398544376436,44
629,1,1263,1263,0,0,0,0,1.0,1.0,1.0,1.0,1.0,1,0.3090147545928152,41
630,3,1266,1266,0,0,0,0,1.0,1.0,1.0,1.0,1.0,1,0.2774155374620965,40
631,1,1267,1267,0,0,0,0,1.0,1.0,1.0,1.0,1.0,1,0.342907252298116,38
632,0,1267,1267,0,0,0,0,1.0,1.0,1.0,1.0,1.0,1,0.3275225749958929,38
633,3,1270,1270,0,0,0,0,1.0,1.0,1.0,1.0,1.0,1,0.31340723547989113,36
634,1,1271,1271,0,0,0,0,1.0,1.0,1.0,1.0,1.0,1,0.2907228659604066,35
635,4,1275,1275,0,0,0,0,1.0,1.0,1.0,1.0,1.0,1,0.25405758934098827,35
636,2,1277,1277,0,0,0,0,1.0,1.0,1.0,1.0,1.0,1,0.22235306347974096,36
637,4,1281,1281,0,0,0,0,1.0,1.0,1.0,1.0,1.0,1,0.23825586193612439,35
638,1,1282,1282,0,0,0,0,1.0,1.0,1.0,1.0,1.0,1,0.24088855765878947,34
639,0,1282,1282,0,0,0,0,1.0,1.0,1.0,1.0,1.0,1,0.20965292539382047,36
640,0,1282,1282,0,0,0,0,1.0,1.0,1.0,1.0,1.0,1,0.20177943822857608,37
641,4,1286,1286,0,0,0,0,1.0,1.0,1.0,1.0,1.0,1,0.2599173922089263,37
642,1,1287,1287,0,0,0,0,1.0,1.0,1.0,1.0,1.0,1,0.21811098257253117,38
643,1,1288,1288,0,0,0,0,1.0,1.0,1.0,1.0,1.0,1,0.2388442941100087,39
644,3,1291,1291,0,0,0,0,1.0,1.0,1.0,1.0,1.0,1,0.1836412465475031,39
645,1,1292,1292,0,0,0,0,1.0,1.0,1.0,1.0,1.0,1,0.2185448419774471,39
646,4,1296,1296,0,0,0,0,1.0,1.0,1.0,1.0,1.0,1,0.18704010682458863,40
647,1,1297,1297,0,0,0,0,1.0,1.0,1.0,1.0,1.0,1,0.17278201132526,40
648,2,1299,1299,0,0,0,0,1.0,1.0,1.0,1.0,1.0,1,0.1640798064588829,40
649,4,1303,1303,0,0,0,0,1.0,1.0,1.0,1.0,1.0,1,0.10606524906391611,40
650,2,1305,1305,0,0,0,0,1.0,1.0,1.0,1.0,1.0,1,0.11477256207742065,41
651,2,1307,1307,0,0,0,0,1.0,1.0,1.0,1.0,1.0,1,0.09042124124653428,42
652,5,1312,1312,0,0,0,0,1.0,1.0,1.0,1.0,1.0,1,0.1408814275199273,41
653,1,1313,1313,0,0,0,0,1.0,1.0,1.0,1.0,1.0,1,0.16000470741044726,41
654,4,1317,1317,0,0,0,0,1.0,1.0,1.0,1.0,1.0,1,0.21582769972638027,42
655,2,1319,1319,0,0,0,0,1.0,1.0,1.0,1.0,1.0,1,0.22822273044496255,45
656,0,1319,1319,0,0,0,0,1.0,1.0,1.0,1.0,1.0,1,0.22822273044496255,45
657,3,1322,1322,0,0,0,0,1.0,1.0,1.0,1.0,1.0,1,0.2738620448600683,43
658,1,1323,1323,0,0,0,0,1.0,1.0,1.0,1.0,1.0,1,0.2829552847049855,43
659,3,1326,1326,0,0,0,0,1.0,1.0,1.0,1.0,1.0,1,0.23743094006810025,43
660,0,1326,1326,0,0,0,0,1.0,1.0,1.0,1.0,1.0,1,0.2476294776386369,43
661,2,1328,1328,0,0,0,0,1.0,1.0,1.0,1.0,1.0,1,0.2764362212192951,41
662,1,1329,1329,0,0,0,0,1.0,1.0,1.0,1.0,1.0,1,0.3400782222322321,40
663,3,1332,1332,0,0,0,0,1.0,1.0,1.0,1.0,1.0,1,0.287890877487961,39
664,1,1333,1333,0,0,0,0,1.0,1.0,1.0,1.0,1.0,1,0.2960312911144966,36
665,5,1338,1338,0,0,0,0,1.0,1.0,1.0,1.0,1.0,1,0.21125853541078518,36
666,1,1339,1339,0,0,0,0,1.0,1.0,1.0,1.0,1.0,1,0.1911842499742262,36
667,1,1340,1340,0,0,0,0,1.0,1.0,1.0,1.0,1.0,1,0.1523951889882853,35
668,4,1344,1344,0,0,0,0,1.0,1.0,1.0,1.0,1.0,1,0.16679885848924314,34
669,1,1345,1345,0,0,0,0,1.0,1.0,1.0,1.0,1.0,1,0.12324048499472162,34
670,0,1345,1345,0,0,0,0,1.0,1.0,1.0,1.0,1.0,1,0.1424683864012088,32
671,1,1346,1346,0,0,0,0,1.0,1.0,1.0,1.0,1.0,1,0.1540398130568952,33
672,2,1348,1348,0,0,0,0,1.0,1.0,1.0,1.0,1.0,1,0.2287532027159597,32
673,2,1350,1350,0,0,0,0,1.0,1.0,1.0,1.0,1.0,1,0.2154646045655114,32
674,2,1352,1352,0,0,0,0,1.0,1.0,1.0,1.0,1.0,1,0.1558483643954577,32
675,1,1353,1353,0,0,0,0,1.0,1.0,1.0,1.0,1.0,1,0.13120174624517472,34
676,2,1355,1355,0,0,0,0,1.0,1.0,1.0,1.0,1.0,1,0.07509576182271661,35
677,1,1356,1356,0,0,0,0,1.0,1.0,1.0,1.0,1.0,1,0.04583355297991216,35
678,2,1358,1358,0,0,0,0,1.0,1.0,1.0,1.0,1.0,1,0.0834327083689661,35
679,1,1359,1359,0,0,0,0,1.0,1.0,1.0,1.0,1.0,1,0.08838404045212848,36
680,0,1359,1359,0,0,0,0,1.0,1.0,1.0,1.0,1.0,1,0.08135576631266522,37
681,3,1362,1362,0,0,0,0,1.0,1.0,1.0,1.0,1.0,1,0.12527405507578884,37
682,0,1362,1362,0,0,0,0,1.0,1.0,1.0,1.0,1.0,1,0.12527405507578884,37
683,5,1367,1367,0,0,0,0,1.0,1.0,1.0,1.0,1.0,1,0.06265842896492432,38
684,2,1369,1369,0,0,0,0,1.0,1.0,1.0,1.0,1.0,1,0.07230168722262537,39
685,6,1375,1375,0,0,0,0,1.0,1.0,1.0,1.0,1.0,1,0.14227130808382432,38
686,3,1378,1378,0,0,0,0,1.0,1.0,1.0,1.0,1.0,1,0.18654362899401536,37
687,3,1381,1381,0,0,0,0,1.0,1.0,1.0,1.0,1.0,1,0.17704750849058243,38
688,4,1385,1385,0,0,0,0,1.0,1.0,1.0,1.0,1.0,1,0.17092010174193872,37
689,2,1387,1387,0,0,0,0,1.0,1.0,1.0,1.0,1.0,1,0.26072651480047637,39
690,3,1390,1390,0,0,0,0,1.0,1.0,1.0,1.0,1.0,1,0.2683153392170033,38
691,5,1395,1395,0,0,0,0,1.0,1.0,1.0,1.0,1.0,1,0.2251068054826061,38
692,1,1396,1396,0,0,0,0,1.0,1.0,1.0,1.0,1.0,1,0.18235461649078957,38
693,2,1398,1398,0,0,0,0,1.0,1.0,1.0,1.0,1.0,1,0.1833591169767817,40
694,3,1401,1401,0,0,0,0,1.0,1.0,1.0,1.0,1.0,1,0.20289025919895098,42
695,1,1402,1402,0,0,0,0,1.0,1.0,1.0,1.0,1.0,1,0.1980998329366401,40
696,4,1406,1406,0,0,0,0,1.0,1.0,1.0,1.0,1.0,1,0.2625132056706472,39
697,2,1408,1408,0,0,0,0,1.0,1.0,1.0,1.0,1.0,1,0.21593532766818327,39
698,1,1409,1409,0,0,0,0,1.0,1.0,1.0,1.0,1.0,1,0.2462064023554168,37
699,1,1410,1410,0,0,0,0,1.0,1.0,1.0,1.0,1.0,1,0.2398294373041813,37
700,1,1411,1411,0,0,0,0,1.0,1.0,1.0,1.0,1.0,1,0.26486104638249625,37
701,2,1413,1413,0,0,0,0,1.0,1.0,1.0,1.0,1.0,1,0.2048111866467146,37
702,0,1413,1413,0,0,0,0,1.0,1.0,1.0,1.0,1.0,1,0.21583921659693395,38
703,2,1415,1415,0,0,0,0,1.0,1.0,1.0,1.0,1.0,1,0.20846891497030895,36
704,4,1419,1419,0,0,0,0,1.0,1.0,1.0,1.0,1.0,1,0.21729057754418216,36
705,4,1423,1423,0,0,0,0,1.0,1.0,1.0,1.0,1.0,1,0.1730713250707211,36
706,1,1424,1424,0,0,0,0,1.0,1.0,1.0,1.0,1.0,1,0.16519437553832456,35
707,2,1426,1426,0,0,0,0,1.0,1.0,1.0,1.0,1.0,1,0.11573968124159627,36
708,2,1428,1428,0,0,0,0,1.0,1.0,1.0,1.0,1.0,1,0.12872044770583038,36
709,0,1428,1428,0,0,0,0,1.0,1.0,1.0,1.0,1.0,1,0.09143796900375939,34
710,1,1429,1429,0,0,0,0,1.0,1.0,1.0,1.0,1.0,1,0.10430210820948703,34
711,1,1430,1430,0,0,0,0,1.0,1.0,1.0,1.0,1.0,1,0.1223404829198014,34
712,1,1431,1431,0,0,0,0,1.0,1.0,1.0,1.0,1.0,1,0.07644030678993474,35
713,1,1432,1432,0,0,0,0,1.0,1.0,1.0,1.0,1.0,1,0.11208912272884802,34
714,1,1433,1433,0,0,0,0,1.0,1.0,1.0,1.0,1.0,1,0.10392046708886446,34
715,4,1437,1437,0,0,0,0,1.0,1.0,1.0,1.0,1.0,1,0.08353980346851304,35
716,2,1439,1439,0,0,0,0,1.0,1.0,1.0,1.0,1.0,1,0.12744064637021982,33
717,6,1445,1445,0,0,0,0,1.0,1.0,1.0,1.0,1.0,1,0.05008507155042053,33
718,4,1449,1449,0,0,0,0,1.0,1.0,1.0,1.0,1.0,1,0.08455212814689121,32
719,5,1454,1454,0,0,0,0,1.0,1.0,1.0,1.0,1.0,1,0.14510698607587955,32
720,4,1458,1458,0,0,0,0,1.0,1.0,1.0,1.0,1.0,1,0.1363355792607214,33
721,4,1462,1462,0,0,0,0,1.0,1.0,1.0,1.0,1.0,1,0.23373790249623622,33
722,1,1463,1463,0,0,0,0,1.0,1.0,1.0,1.0,1.0,1,0.2532983794874902,34
723,4,1467,1467,0,0,0,0,1.0,1.0,1.0,1.0,1.0,1,0.21786164001875857,34
724,1,1468,1468,0,0,0,0,1.0,1.0,1.0,1.0,1.0,1,0.27290005460582084,36
725,4,1472,1472,0,0,0,0,1.0,1.0,1.0,1.0,1.0,1,0.20806278172054823,36
726,4,1476,1476,0,0,0,0,1.0,1.0,1.0,1.0,1.0,1,0.152705551921697,36
727,1,1477,1477,0,0,0,0,1.0,1.0,1.0,1.0,1.0,1,0.14210783085470968,36
728,0,1477,1477,0,0,0,0,1.0,1.0,1.0,1.0,1.0,1,0.14698389638308948,37
729,1,1478,1478,0,0,0,0,1.0,1.0,1.0,1.0,1.0,1,0.15063521195489538,37
730,0,1478,1478,0,0,0,0,1.0,1.0,1.0,1.0,1.0,1,0.15331504537935353,38
731,1,1479,1479,0,0,0,0,1.0,1.0,1.0,1.0,1.0,1,0.16610718642828026,39
732,1,1480,1480,0,0,0,0,1.0,1.0,1.0,1.0,1.0,1,0.14088116375566223,41
733,1,1481,1481,0,0,0,0,1.0,1.0,1.0,1.0,1.0,1,0.12334609727605417,39
734,2,1483,1483,0,0,0,0,1.0,1.0,1.0,1.0,1.0,1,0.12944695752130042,39
735,0,1483,1483,0,0,0,0,1.0,1.0,1.0,1.0,1.0,1,0.12595658165038875,39
736,0,1483,1483,0,0,0,0,1.0,1.0,1.0,1.0,1.0,1,0.14788680104853577,38
737,2,1485,1485,0,0,0,0,1.0,1.0,1.0,1.0,1.0,1,0.1695294002436399,39
738,0,1485,1485,0,0,0,0,1.0,1.0,1.0,1.0,1.0,1,0.1928765707300647,37
739,0,1485,1485,0,0,0,0,1.0,1.0,1.0,1.0,1.0,1,0.1928765707300647,37
740,3,1488,1488,0,0,0,0,1.0,1.0,1.0,1.0,1.0,1,0.20787492528736626,35
741,2,1490,1490,0,0,0,0,1.0,1.0,1.0,1.0,1.0,1,0.19993755727718676,33
742,2,1492,1492,0,0,0,0,1.0,1.0,1.0,1.0,1.0,1,0.1309900255797007,35
743,2,1494,1494,0,0,0,0,1.0,1.0,1.0,1.0,1.0,1,0.10514678760156536,35
744,2,1496,1496,0,0,0,0,1.0,1.0,1.0,1.0,1.0,1,0.03805868464527407,34
745,1,1497,1497,0,0,0,0,1.0,1.0,1.0,1.0,1.0,1,0.008203772235962404,34
746,2,1499,1499,0,0,0,0,1.0,1.0,1.0,1.0,1.0,1,0.06360570543613522,33
747,1,1500,1500,0,0,0,0,1.0,1.0,1.0,1.0,1.0,1,0.07755555376146496,32
748,1,1501,1501,0,0,0,0,1.0,1.0,1.0,1.0,1.0,1,0.11590104752416304,33
749,2,1503,1503,0,0,0,0,1.0,1.0,1.0,1.0,1.0,1,0.18370746618995165,33
750,2,1505,1505,0,0,0,0,1.0,1.0,1.0,1.0,1.0,1,0.1860679792483764,34
751,3,1508,1508,0,0,0,0,1.0,1.0,1.0,1.0,1.0,1,0.13082501809663435,36
752,2,1510,1510,0,0,0,0,1.0,1.0,1.0,1.0,1.0,1,0.13020335189820567,35
753,7,1517,1517,0,0,0,0,1.0,1.0,1.0,1.0,1.0,1,0.17116678902440463,37
754,0,1517,1517,0,0,0,0,1.0,1.0,1.0,1.0,1.0,1,0.17116678902440463,37
755,3,1520,1520,0,0,0,0,1.0,1.0,1.0,1.0,1.0,1,0.18456114870320428,35
756,0,1520,1520,0,0,0,0,1.0,1.0,1.0,1.0,1.0,1,0.17974669837843552,36
757,3,1523,1523,0,0,0,0,1.0,1.0,1.0,1.0,1.0,1,0.21085971191105182,35
758,0,1523,1523,0,0,0,0,1.0,1.0,1.0,1.0,1.0,1,0.2289183418921026,36
759,1,1524,1524,0,0,0,0,1.0,1.0,1.0,1.0,1.0,1,0.24330689041430278,37
760,1,1525,1525,0,0,0,0,1.0,1.0,1.0,1.0,1.0,1,0.22828808106838835,36
761,0,1525,1525,0,0,0,0,1.0,1.0,1.0,1.0,1.0,1,0.22828808106838835,36
762,0,1525,1525,0,0,0,0,1.0,1.0,1.0,1.0,1.0,1,0.2422093960751985,37
763,0,1525,1525,0,0,0,0,1.0,1.0,1.0,1.0,1.0,1,0.23315767182272265,38
764,0,1525,1525,0,0,0,0,1.0,1.0,1.0,1.0,1.0,1,0.23315767182272265,38
765,2,1527,1527,0,0,0,0,1.0,1.0,1.0,1.0,1.0,1,0.2846194751382153,38
766,1,1528,1528,0,0,0,0,1.0,1.0,1.0,1.0,1.0,1,0.23829103251502404,40
767,2,1530,1530,0,0,0,0,1.0,1.0,1.0,1.0,1.0,1,0.18559862601606905,41
768,2,1532,1532,0,0,0,0,1.0,1.0,1.0,1.0,1.0,1,0.20163667676959707,41
769,2,1534,1534,0,0,0,0,1.0,1.0,1.0,1.0,1.0,1,0.14365699830982298,42
770,0,1534,1534,0,0,0,0,1.0,1.0,1.0,1.0,1.0,1,0.1739807757120078,41
771,4,1538,1538,0,0,0,0,1.0,1.0,1.0,1.0,1.0,1,0.21735776564064102,41
772,0,1538,1538,0,0,0,0,1.0,1.0,1.0,1.0,1.0,1,0.2297929447751439,41
773,3,1541,1541,0,0,0,0,1.0,1.0,1.0,1.0,1.0,1,0.1757112794129834,41
774,0,1541,1541,0,0,0,0,1.0,1.0,1.0,1.0,1.0,1,0.15469409440016582,42
775,1,1542,1542,0,0,0,0,1.0,1.0,1.0,1.0,1.0,1,0.1420847673046786,42
776,2,1544,1544,0,0,0,0,1.0,1.0,1.0,1.0,1.0,1,0.1636739268537304,42
777,0,1544,1544,0,0,0,0,1.0,1.0,1.0,1.0,1.0,1,0.1636739268537304,42
778,3,1547,1547,0,0,0,0,1.0,1.0,1.0,1.0,1.0,1,0.2198042983960347,44
779,1,1548,1548,0,0,0,0,1.0,1.0,1.0,1.0,1.0,1,0.22940399204141737,44
780,1,1549,1549,0,0,0,0,1.0,1.0,1.0,1.0,1.0,1,0.2169286429424755,44
781,2,1551,1551,0,0,0,0,1.0,1.0,1.0,1.0,1.0,1,0.2304638424887797,46
782,4,1555,1555,0,0,0,0,1.0,1.0,1.0,1.0,1.0,1,0.2792661927455804,45
783,0,1555,1555,0,0,0,0,1.0,1.0,1.0,1.0,1.0,1,0.27750752254443556,44
784,2,1557,1557,0,0,0,0,1.0,1.0,1.0,1.0,1.0,1,0.2774875158560412,44
785,4,1561,1561,0,0,0,0,1.0,1.0,1.0,1.0,1.0,1,0.23145505194222205,43
786,3,1564,1564,0,0,0,0,1.0,1.0,1.0,1.0,1.0,1,0.2665485418725023,43
787,3,1567,1567,0,0,0,0,1.0,1.0,1.0,1.0,1.0,1,0.2526317884356024,43
788,2,1569,1569,0,0,0,0,1.0,1.0,1.0,1.0,1.0,1,0.21939445812943031,45
789,2,1571,1571,0,0,0,0,1.0,1.0,1.0,1.0,1.0,1,0.20511525722357887,46
790,1,1572,1572,0,0,0,0,1.0,1.0,1.0,1.0,1.0,1,0.22432415178912019,45
791,3,1575,1575,0,0,0,0,1.0,1.0,1.0,1.0,1.0,1,0.20664721677816494,46
792,1,1576,1576,0,0,0,0,1.0,1.0,1.0,1.0,1.0,1,0.21058674634232372,46
793,2,1578,1578,0,0,0,0,1.0,1.0,1.0,1.0,1.0,1,0.2235528027608527,46
794,6,1584,1584,0,0,0,0,1.0,1.0,1.0,1.0,1.0,1,0.23432570981461215,47
795,2,1586,1586,0,0,0,0,1.0,1.0,1.0,1.0,1.0,1,0.24372871412658126,47
796,3,1589,1589,0,0,0,0,1.0,1.0,1.0,1.0,1.0,1,0.2422310322723907,46
797,5,1594,1594,0,0,0,0,1.0,1.0,1.0,1.0,1.0,1,0.21073121470415032,47
798,2,1596,1596,0,0,0,0,1.0,1.0,1.0,1.0,1.0,1,0.23790674157146757,48
799,3,1599,1599,0,0,0,0,1.0,1.0,1.0,1.0,1.0,1,0.19885544292965118,48
800,3,1602,1602,0,0,0,0,1.0,1.0,1.0,1.0,1.0,1,0.23435228223334775,48
801,0,1602,1602,0,0,0,0,1.0,1.0,1.0,1.0,1.0,1,0.24659144940318461,49
802,0,1602,1602,0,0,0,0,1.0,1.0,1.0,1.0,1.0,1,0.23710026311978988,50
803,2,1604,1604,0,0,0,0,1.0,1.0,1.0,1.0,1.0,1,0.22110802610850333,49
804,0,1604,1604,0,0,0,0,1.0,1.0,1.0,1.0,1.0,1,0.22170708889227814,50
805,1,1605,1605,0,0,0,0,1.0,1.0,1.0,1.0,1.0,1,0.2323122528387383,50
806,1,1606,1606,0,0,0,0,1.0,1.0,1.0,1.0,1.0,1,0.27091022082018407,50
807,1,1607,1607,0,0,0,0,1.0,1.0,1.0,1.0,1.0,1,0.29353261991808016,51
808,2,1609,1609,0,0,0,0,1.0,1.0,1.0,1.0,1.0,1,0.29544389939436855,51
809,2,1611,1611,0,0,0,0,1.0,1.0,1.0,1.0,1.0,1,0.2652244342325008,51
810,1,1612,1612,0,0,0,0,1.0,1.0,1.0,1.0,1.0,1,0.2523472712820281,52
811,1,1613,1613,0,0,0,0,1.0,1.0,1.0,1.0,1.0,1,0.2614717713366663,50
812,2,1615,1615,0,0,0,0,1.0,1.0,1.0,1.0,1.0,1,0.20202826623567705,48
813,1,1616,1616,0,0,0,0,1.0,1.0,1.0,1.0,1.0,1,0.1978443211028379,49
814,0,1616,1616,0,0,0,0,1.0,1.0,1.0,1.0,1.0,1,0.17491012948632562,48
815,5,1621,1621,0,0,0,0,1.0,1.0,1.0,1.0,1.0,1,0.2607547087079732,48
816,0,1621,1621,0,0,0,0,1.0,1.0,1.0,1.0,1.0,1,0.23549525098675939,46
817,1,1622,1622,0,0,0,0,1.0,1.0,1.0,1.0,1.0,1,0.2349404497523191,44
818,3,1625,1625,0,0,0,0,1.0,1.0,1.0,1.0,1.0,1,0.23411935173211906,46
819,2,1627,1627,0,0,0,0,1.0,1.0,1.0,1.0,1.0,1,0.2314949277228445,44
820,3,1630,1630,0,0,0,0,1.0,1.0,1.0,1.0,1.0,1,0.1706685906435843,44
821,3,1633,1633,0,0,0,0,1.0,1.0,1.0,1.0,1.0,1,0.22935865744734377,44
822,2,1635,1635,0,0,0,0,1.0,1.0,1.0,1.0,1.0,1,0.23327157163180207,44
823,4,1639,1639,0,0,0,0,1.0,1.0,1.0,1.0,1.0,1,0.23106126019935727,42
824,2,1641,1641,0,0,0,0,1.0,1.0,1.0,1.0,1.0,1,0.2667678383360937,42
825,5,1646,1646,0,0,0,0,1.0,1.0,1.0,1.0,1.0,1,0.280708581885583,40
826,3,1649,1649,0,0,0,0,1.0,1.0,1.0,1.0,1.0,1,0.2890491155629273,41
827,3,1652,1652,0,0,0,0,1.0,1.0,1.0,1.0,1.0,1,0.3467963607414907,40
828,0,1652,1652,0,0,0,0,1.0,1.0,1.0,1.0,1.0,1,0.3343984244590173,40
829,2,1654,1654,0,0,0,0,1.0,1.0,1.0,1.0,1.0,1,0.2726970057893339,42
830,1,1655,1655,0,0,0,0,1.0,1.0,1.0,1.0,1.0,1,0.27669201328230447,42
831,2,1657,1657,0,0,0,0,1.0,1.0,1.0,1.0,1.0,1,0.22330493828943204,43
832,1,1658,1658,0,0,0,0,1.0,1.0,1.0,1.0,1.0,1,0.20722036722310463,42
833,1,1659,1659,0,0,0,0,1.0,1.0,1.0,1.0,1.0,1,0.21043362540644314,41
834,3,1662,1662,0,0,0,0,1.0,1.0,1.0,1.0,1.0,1,0.1907185185325669,41
835,1,1663,1663,0,0,0,0,1.0,1.0,1.0,1.0,1.0,1,0.14844850735386814,41
836,0,1663,1663,0,0,0,0,1.0,1.0,1.0,1.0,1.0,1,0.1461051863284594,40
837,1,1664,1664,0,0,0,0,1.0,1.0,1.0,1.0,1.0,1,0.16313102630929305,41
838,2,1666,1666,0,0,0,0,1.0,1.0,1.0,1.0,1.0,1,0.16342518711307577,41
839,2,1668,1668,0,0,0,0,1.0,1.0,1.0,1.0,1.0,1,0.19363545251447084,41
840,2,1670,1670,0,0,0,0,1.0,1.0,1.0,1.0,1.0,1,0.20816733362850787,42
841,2,1672,1672,0,0,0,0,1.0,1.0,1.0,1.0,1.0,1,0.20457873686547898,42
842,0,1672,1672,0,0,0,0,1.0,1.0,1.0,1.0,1.0,1,0.20457873686547898,42
843,3,1675,1675,0,0,0,0,1.0,1.0,1.0,1.0,1.0,1,0.16998327454773432,42
844,2,1677,1677,0,0,0,0,1.0,1.0,1.0,1.0,1.0,1,0.207705550018533,42
845,2,1679,1679,0,0,0,0,1.0,1.0,1.0,1.0,1.0,1,0.21127963667454144,44
846,0,1679,1679,0,0,0,0,1.0,1.0,1.0,1.0,1.0,1,0.21127963667454144,44
847,4,1683,1683,0,0,0,0,1.0,1.0,1.0,1.0,1.0,1,0.18766736989537663,42
848,3,1686,1686,0,0,0,0,1.0,1.0,1.0,1.0,1.0,1,0.16503959118984454,43
849,1,1687,1687,0,0,0,0,1.0,1.0,1.0,1.0,1.0,1,0.13325861022895497,43
850,1,1688,1688,0,0,0,0,1.0,1.0,1.0,1.0,1.0,1,0.13942773952541435,41
851,4,1692,1692,0,0,0,0,1.0,1.0,1.0,1.0,1.0,1,0.11632108916452254,40
852,1,1693,1693,0,0,0,0,1.0,1.0,1.0,1.0,1.0,1,0.07192506841686176,40
853,5,1698,1698,0,0,0,0,1.0,1.0,1.0,1.0,1.0,1,0.08828070525477824,40
854,4,1702,1702,0,0,0,0,1.0,1.0,1.0,1.0,1.0,1,0.0849284235445511,40
855,4,1706,1706,0,0,0,0,1.0,1.0,1.0,1.0,1.0,1,0.14536340326540215,41
856,2,1708,1708,0,0,0,0,1.0,1.0,1.0,1.0,1.0,1,0.1644727464074959,41
857,2,1710,1710,0,0,0,0,1.0,1.0,1.0,1.0,1.0,1,0.20343650063157584,42
858,1,1711,1711,0,0,0,0,1.0,1.0,1.0,1.0,1.0,1,0.20857307412798828,43
859,2,1713,1713,0,0,0,0,1.0,1.0,1.0,1.0,1.0,1,0.24299607346355184,43
860,3,1716,1716,0,0,0,0,1.0,1.0,1.0,1.0,1.0,1,0.2788911553508653,44
861,0,1716,1716,0,0,0,0,1.0,1.0,1.0,1.0,1.0,1,0.2788911553508653,44
862,6,1722,1722,0,0,0,0,1.0,1.0,1.0,1.0,1.0,1,0.23976418462423413,44
863,1,1723,1723,0,0,0,0,1.0,1.0,1.0,1.0,1.0,1,0.24432691872898918,44
864,3,1726,1726,0,0,0,0,1.0,1.0,1.0,1.0,1.0,1,0.18027591607633203,44
865,0,1726,1726,0,0,0,0,1.0,1.0,1.0,1.0,1.0,1,0.1789288817957844,43
866,2,1728,1728,0,0,0,0,1.0,1.0,1.0,1.0,1.0,1,0.13800681336338508,45
867,1,1729,1729,0,0,0,0,1.0,1.0,1.0,1.0,1.0,1,0.13976417863382304,44
868,0,1729,1729,0,0,0,0,1.0,1.0,1.0,1.0,1.0,1,0.15613054789920652,45
869,2,1731,1731,0,0,0,0,1.0,1.0,1.0,1.0,1.0,1,0.15749858653046125,44
870,0,1731,1731,0,0,0,0,1.0,1.0,1.0,1.0,1.0,1,0.15749858653046125,44
871,2,1733,1733,0,0,0,0,1.0,1.0,1.0,1.0,1.0,1,0.2053502774492144,43
872,2,1735,1735,0,0,0,0,1.0,1.0,1.0,1.0,1.0,1,0.23039653531715723,43
873,4,1739,1739,0,0,0,0,1.0,1.0,1.0,1.0,1.0,1,0.19845412961366268,43
874,4,1743,1743,0,0,0,0,1.0,1.0,1.0,1.0,1.0,1,0.19950067438414368,46
875,4,1747,1747,0,0,0,0,1.0,1.0,1.0,1.0,1.0,1,0.1807940121091511,43
876,5,1752,1752,0,0,0,0,1.0,1.0,1.0,1.0,1.0,1,0.20397887920551463,44
877,4,1756,1756,0,0,0,0,1.0,1.0,1.0,1.0,1.0,1,0.17340750563423185,44
878,3,1759,1759,0,0,0,0,1.0,1.0,1.0,1.0,1.0,1,0.21935885289044083,44
879,1,1760,1760,0,0,0,0,1.0,1.0,1.0,1.0,1.0,1,0.2051847605831893,44
880,3,1763,1763,0,0,0,0,1.0,1.0,1.0,1.0,1.0,1,0.26355831984553085,44
881,0,1763,1763,0,0,0,0,1.0,1.0,1.0,1.0,1.0,1,0.27412459457764093,43
882,0,1763,1763,0,0,0,0,1.0,1.0,1.0,1.0,1.0,1,0.2534619223578638,45
883,1,1764,1764,0,0,0,0,1.0,1.0,1.0,1.0,1.0,1,0.3079547232116015,45
884,3,1767,1767,0,0,0,0,1.0,1.0,1.0,1.0,1.0,1,0.2678817071283907,45
885,5,1772,1772,0,0,0,0,1.0,1.0,1.0,1.0,1.0,1,0.3004840822422489,43
886,1,1773,1773,0,0,0,0,1.0,1.0,1.0,1.0,1.0,1,0.3283357116593546,43
887,6,1779,1779,0,0,0,0,1.0,1.0,1.0,1.0,1.0,1,0.2989047460401595,41
888,0,1779,1779,0,0,0,0,1.0,1.0,1.0,1.0,1.0,1,0.2775829137899136,40
889,5,1784,1784,0,0,0,0,1.0,1.0,1.0,1.0,1.0,1,0.16660506138770861,40
890,2,1786,1786,0,0,0,0,1.0,1.0,1.0,1.0,1.0,1,0.17087915624208952,38
891,5,1791,1791,0,0,0,0,1.0,1.0,1.0,1.0,1.0,1,0.23988386454597443,39
892,1,1792,1792,0,0,0,0,1.0,1.0,1.0,1.0,1.0,1,0.25819467684634567,39
893,2,1794,1794,0,0,0,0,1.0,1.0,1.0,1.0,1.0,1,0.25932979351062235,37
894,2,1796,1796,0,0,0,0,1.0,1.0,1.0,1.0,1.0,1,0.24887488824351686,36
895,3,1799,1799,0,0,0,0,1.0,1.0,1.0,1.0,1.0,1,0.2341873874817331,37
896,1,1800,1800,0,0,0,0,1.0,1.0,1.0,1.0,1.0,1,0.2679756489901103,36
897,1,1801,1801,0,0,0,0,1.0,1.0,1.0,1.0,1.0,1,0.2856643140332044,36
898,0,1801,1801,0,0,0,0,1.0,1.0,1.0,1.0,1.0,1,0.29887344407211675,35
899,1,1802,1802,0,0,0,0,1.0,1.0,1.0,1.0,1.0,1,0.30875958411767934,35
900,2,1804,1804,0,0,0,0,1.0,1.0,1.0,1.0,1.0,1,0.36553149095771775,36
901,2,1806,1806,0,0,0,0,1.0,1.0,1.0,1.0,1.0,1,0.32777708500705693,36
902,0,1806,1806,0,0,0,0,1.0,1.0,1.0,1.0,1.0,1,0.33315757254558304,36
903,3,1809,1809,0,0,0,0,1.0,1.0,1.0,1.0,1.0,1,0.29908566146034826,35
904,2,1811,1811,0,0,0,0,1.0,1.0,1.0,1.0,1.0,1,0.26474166372677416,37
905,3,1814,1814,0,0,0,0,1.0,1.0,1.0,1.0,1.0,1,0.20893796745533752,36
906,3,1817,1817,0,0,0,0,1.0,1.0,1.0,1.0,1.0,1,0.1621754264773295,37
907,3,1820,1820,0,0,0,0,1.0,1.0,1.0,1.0,1.0,1,0.1761933302609048,37
908,0,1820,1820,0,0,0,0,1.0,1.0,1.0,1.0,1.0,1,0.16338999349969152,36
909,5,1825,1825,0,0,0,0,1.0,1.0,1.0,1.0,1.0,1,0.15637674377685892,36
910,1,1826,1826,0,0,0,0,1.0,1.0,1.0,1.0,1.0,1,0.1754883721277286,37
911,3,1829,1829,0,0,0,0,1.0,1.0,1.0,1.0,1.0,1,0.19539505698374568,36
912,2,1831,1831,0,0,0,0,1.0,1.0,1.0,1.0,1.0,1,0.20712457765733708,34
913,3,1834,1834,0,0,0,0,1.0,1.0,1.0,1.0,1.0,1,0.2548472451697264,34
914,1,1835,1835,0,0,0,0,1.0,1.0,1.0,1.0,1.0,1,0.2614726265193991,33
915,2,1837,1837,0,0,0,0,1.0,1.0,1.0,1.0,1.0,1,0.28754617949388656,33
916,1,1838,1838,0,0,0,0,1.0,1.0,1.0,1.0,1.0,1,0.28113203143977505,34
917,1,1839,1839,0,0,0,0,1.0,1.0,1.0,1.0,1.0,1,0.2790181845734975,34
918,1,1840,1840,0,0,0,0,1.0,1.0,1.0,1.0,1.0,1,0.2423995572673767,36
919,1,1841,1841,0,0,0,0,1.0,1.0,1.0,1.0,1.0,1,0.24077512587196112,36
920,2,1843,1843,0,0,0,0,1.0,1.0,1.0,1.0,1.0,1,0.23995453854118134,37
921,5,1848,1848,0,0,0,0,1.0,1.0,1.0,1.0,1.0,1,0.17354597577457828,37
922,3,1851,1851,0,0,0,0,1.0,1.0,1.0,1.0,1.0,1,0.1993655581325505,38
923,2,1853,1853,0,0,0,0,1.0,1.0,1.0,1.0,1.0,1,0.1409877994018939,36
924,2,1855,1855,0,0,0,0,1.0,1.0,1.0,1.0,1.0,1,0.12002553823725967,35
925,2,1857,1857,0,0,0,0,1.0,1.0,1.0,1.0,1.0,1,0.17226057508359394,35
926,1,1858,1858,0,0,0,0,1.0,1.0,1.0,1.0,1.0,1,0.19139386265996872,34
927,1,1859,1859,0,0,0,0,1.0,1.0,1.0,1.0,1.0,1,0.24822901114254745,32
928,4,1863,1863,0,0,0,0,1.0,1.0,1.0,1.0,1.0,1,0.22424284579399661,32
929,2,1865,1865,0,0,0,0,1.0,1.0,1.0,1.0,1.0,1,0.21632510996805931,31
930,2,1867,1867,0,0,0,0,1.0,1.0,1.0,1.0,1.0,1,0.24003861789920242,30
931,2,1869,1869,0,0,0,0,1.0,1.0,1.0,1.0,1.0,1,0.23748210603239878,29
932,2,1871,1871,0,0,0,0,1.0,1.0,1.0,1.0,1.0,1,0.32917765176142116,29
933,4,1875,1875,0,0,0,0,1.0,1.0,1.0,1.0,1.0,1,0.2644817952369115,29
934,3,1878,1878,0,0,0,0,1.0,1.0,1.0,1.0,1.0,1,0.22820752305898465,29
935,3,1881,1881,0,0,0,0,1.0,1.0,1.0,1.0,1.0,1,0.22850600002181815,31
936,2,1883,1883,0,0,0,0,1.0,1.0,1.0,1.0,1.0,1,0.24517151933779285,31
937,1,1884,1884,0,0,0,0,1.0,1.0,1.0,1.0,1.0,1,0.20329957487852637,34
938,2,1886,1886,0,0,0,0,1.0,1.0,1.0,1.0,1.0,1,0.24247878838765116,33
939,1,1887,1887,0,0,0,0,1.0,1.0,1.0,1.0,1.0,1,0.24476548875711973,36
940,2,1889,1889,0,0,0,0,1.0,1.0,1.0,1.0,1.0,1,0.24492962132095306,36
941,0,1889,1889,0,0,0,0,1.0,1.0,1.0,1.0,1.0,1,0.24492962132095306,36
942,2,1891,1891,0,0,0,0,1.0,1.0,1.0,1.0,1.0,1,0.3162456780406233,36
943,1,1892,1892,0,0,0,0,1.0,1.0,1.0,1.0,1.0,1,0.26757927493980577,35
944,1,1893,1893,0,0,0,0,1.0,1.0,1.0,1.0,1.0,1,0.19888310255880767,35
945,0,1893,1893,0,0,0,0,1.0,1.0,1.0,1.0,1.0,1,0.19575360324167188,33
946,1,1894,1894,0,0,0,0,1.0,1.0,1.0,1.0,1.0,1,0.1517974317934478,36
947,0,1894,1894,0,0,0,0,1.0,1.0,1.0,1.0,1.0,1,0.15816776271545024,34
948,1,1895,1895,0,0,0,0,1.0,1.0,1.0,1.0,1.0,1,0.20286354334536721,33
949,0,1895,1895,0,0,0,0,1.0,1.0,1.0,1.0,1.0,1,0.24186429250550923,34
950,1,1896,1896,0,0,0,0,1.0,1.0,1.0,1.0,1.0,1,0.3032986377732025,33
951,0,1896,1896,0,0,0,0,1.0,1.0,1.0,1.0,1.0,1,0.3032986377732025,33
952,2,1898,1898,0,0,0,0,1.0,1.0,1.0,1.0,1.0,1,0.33910662782834017,32
953,0,1898,1898,0,0,0,0,1.0,1.0,1.0,1.0,1.0,1,0.33910662782834017,32
954,2,1900,1900,0,0,0,0,1.0,1.0,1.0,1.0,1.0,1,0.3920300668159122,31
955,2,1902,1902,0,0,0,0,1.0,1.0,1.0,1.0,1.0,1,0.3729286071384913,32
956,1,1903,1903,0,0,0,0,1.0,1.0,1.0,1.0,1.0,1,0.3809417828611662,32
957,2,1905,1905,0,0,0,0,1.0,1.0,1.0,1.0,1.0,1,0.3362042223569697,33
958,3,1908,1908,0,0,0,0,1.0,1.0,1.0,1.0,1.0,1,0.36834610232866455,35
959,1,1909,1909,0,0,0,0,1.0,1.0,1.0,1.0,1.0,1,0.31875537904846174,36
960,0,1909,1909,0,0,0,0,1.0,1.0,1.0,1.0,1.0,1,0.2974800539838171,38
961,1,1910,1910,0,0,0,0,1.0,1.0,1.0,1.0,1.0,1,0.3146291864772669,37
962,0,1910,1910,0,0,0,0,1.0,1.0,1.0,1.0,1.0,1,0.2999459890956029,35
963,3,1913,1913,0,0,0,0,1.0,1.0,1.0,1.0,1.0,1,0.275163167622244,35
964,2,1915,1915,0,0,0,0,1.0,1.0,1.0,1.0,1.0,1,0.3481520627483129,34
965,4,1919,1919,0,0,0,0,1.0,1.0,1.0,1.0,1.0,1,0.274577602641837,35
966,2,1921,1921,0,0,0,0,1.0,1.0,1.0,1.0,1.0,1,0.3005544494976884,34
967,2,1923,1923,0,0,0,0,1.0,1.0,1.0,1.0,1.0,1,0.30634297240102,35
968,0,1923,1923,0,0,0,0,1.0,1.0,1.0,1.0,1.0,1,0.29554770553801873,36
969,1,1924,1924,0,0,0,0,1.0,1.0,1.0,1.0,1.0,1,0.2868073592480601,35
970,0,1924,1924,0,0,0,0,1.0,1.0,1.0,1.0,1.0,1,0.30239741131426084,34
971,2,1926,1926,0,0,0,0,1.0,1.0,1.0,1.0,1.0,1,0.2811161908397839,35
972,0,1926,1926,0,0,0,0,1.0,1.0,1.0,1.0,1.0,1,0.2811161908397839,35
973,2,1928,1928,0,0,0,0,1.0,1.0,1.0,1.0,1.0,1,0.30054715603772786,36
974,1,1929,1929,0,0,0,0,1.0,1.0,1.0,1.0,1.0,1,0.3175580100964796,35
975,2,1931,1931,0,0,0,0,1.0,1.0,1.0,1.0,1.0,1,0.24896323015975722,36
976,0,1931,1931,0,0,0,0,1.0,1.0,1.0,1.0,1.0,1,0.24487798785810783,38
977,2,1933,1933,0,0,0,0,1.0,1.0,1.0,1.0,1.0,1,0.2718231683243398,38
978,0,1933,1933,0,0,0,0,1.0,1.0,1.0,1.0,1.0,1,0.2718231683243398,38
979,2,1935,1935,0,0,0,0,1.0,1.0,1.0,1.0,1.0,1,0.2910438597350714,39
980,2,1937,1937,0,0,0,0,1.0,1.0,1.0,1.0,1.0,1,0.29164879534921573,39
981,2,1939,1939,0,0,0,0,1.0,1.0,1.0,1.0,1.0,1,0.3297331262182406,40
982,2,1941,1941,0,0,0,0,1.0,1.0,1.0,1.0,1.0,1,0.33172800481648546,40
983,3,1944,1944,0,0,0,0,1.0,1.0,1.0,1.0,1.0,1,0.3417999062232696,38
984,0,1944,1944,0,0,0,0,1.0,1.0,1.0,1.0,1.0,1,0.3167300492976963,39
985,1,1945,1945,0,0,0,0,1.0,1.0,1.0,1.0,1.0,1,0.3107027866013498,38
986,0,1945,1945,0,0,0,0,1.0,1.0,1.0,1.0,1.0,1,0.3107027866013498,38
987,0,1945,1945,0,0,0,0,1.0,1.0,1.0,1.0,1.0,1,0.2951630443950622,38
988,0,1945,1945,0,0,0,0,1.0,1.0,1.0,1.0,1.0,1,0.2951630443950622,38
989,2,1947,1947,0,0,0,0,1.0,1.0,1.0,1.0,1.0,1,0.26008045514732847,38
990,4,1951,1951,0,0,0,0,1.0,1.0,1.0,1.0,1.0,1,0.21069377643947534,38
991,2,1953,1953,0,0,0,0,1.0,1.0,1.0,1.0,1.0,1,0.1983774440392842,40
992,0,1953,1953,0,0,0,0,1.0,1.0,1.0,1.0,1.0,1,0.1969635864270161,39
993,2,1955,1955,0,0,0,0,1.0,1.0,1.0,1.0,1.0,1,0.20776524670394927,38
994,0,1955,1955,0,0,0,0,1.0,1.0,1.0,1.0,1.0,1,0.19555528090262891,39
995,1,1956,1956,0,0,0,0,1.0,1.0,1.0,1.0,1.0,1,0.19742906322046133,41
996,2,1958,1958,0,0,0,0,1.0,1.0,1.0,1.0,1.0,1,0.21577077271858758,40
997,0,1958,1958,0,0,0,0,1.0,1.0,1.0,1.0,1.0,1,0.20160404543408322,41
998,0,1958,1958,0,0,0,0,1.0,1.0,1.0,1.0,1.0,1,0.22271865500311927,40
999,0,1958,1958,0,0,0,0,1.0,1.0,1.0,1.0,1.0,1,0.252820875861363,40
1000,1,1959,1959,0,0,0,0,1.0,1.0,1.0,1.0,1.0,1,0.21390777572078357,40
1001,0,1959,1959,0,0,0,0,1.0,1.0,1.0,1.0,1.0,1,0.2613623118538367,39
1002,0,1959,1959,0,0,0,0,1.0,1.0,1.0,1.0,1.0,1,0.2613623118538367,39
1003,1,1960,1960,0,0,0,0,1.0,1.0,1.0,1.0,1.0,1,0.22901026538968328,39
1004,3,1963,1963,0,0,0,0,1.0,1.0,1.0,1.0,1.0,1,0.24691628752911537,39
1005,2,1965,1965,0,0,0,0,1.0,1.0,1.0,1.0,1.0,1,0.19302880174699655,40
1006,3,1968,1968,0,0,0,0,1.0,1.0,1.0,1.0,1.0,1,0.10404991020575141,41
1007,4,1972,1972,0,0,0,0,1.0,1.0,1.0,1.0,1.0,1,0.15601884347527292,42
1008,2,1974,1974,0,0,0,0,1.0,1.0,1.0,1.0,1.0,1,0.13165889402894765,43
1009,5,1979,1979,0,0,0,0,1.0,1.0,1.0,1.0,1.0,1,0.1913405619139286,44
1010,3,1982,1982,0,0,0,0,1.0,1.0,1.0,1.0,1.0,1,0.1642867987756037,44
1011,4,1986,1986,0,0,0,0,1.0,1.0,1.0,1.0,1.0,1,0.1798936994027719,44
1012,3,1989,1989,0,0,0,0,1.0,1.0,1.0,1.0,1.0,1,0.225370719702188,46
1013,2,1991,1991,0,0,0,0,1.0,1.0,1.0,1.0,1.0,1,0.21510042583912484,46
1014,1,1992,1992,0,0,0,0,1.0,1.0,1.0,1.0,1.0,1,0.22270366346892884,46
1015,2,1994,1994,0,0,0,0,1.0,1.0,1.0,1.0,1.0,1,0.24583006838373173,46
1016,0,1994,1994,0,0,0,0,1.0,1.0,1.0,1.0,1.0,1,0.24484467132892343,47
1017,1,1995,1995,0,0,0,0,1.0,1.0,1.0,1.0,1.0,1,0.23387651389499226,47
1018,1,1996,1996,0,0,0,0,1.0,1.0,1.0,1.0,1.0,1,0.2304226229500438,48
1019,0,1996,1996,0,0,0,0,1.0,1.0,1.0,1.0,1.0,1,0.23070947578272039,49
1020,2,1998,1998,0,0,0,0,1.0,1.0,1.0,1.0,1.0,1,0.24460514367671088,51
1021,0,1998,1998,0,0,0,0,1.0,1.0,1.0,1.0,1.0,1,0.24460514367671088,51
1022,0,1998,1998,0,0,0,0,1.0,1.0,1.0,1.0,1.0,1,0.23803247930494778,52
1023,5,2003,2003,0,0,0,0,1.0,1.0,1.0,1.0,1.0,1,0.25507242813012576,52
1024,2,2005,2005,0,0,0,0,1.0,1.0,1.0,1.0,1.0,1,0.2626317674015993,52
1025,2,2007,2007,0,0,0,0,1.0,1.0,1.0,1.0,1.0,1,0.2250796993457447,54
1026,3,2010,2010,0,0,0,0,1.0,1.0,1.0,1.0,1.0,1,0.2526657731784754,54
1027,3,2013,2013,0,0,0,0,1.0,1.0,1.0,1.0,1.0,1,0.25565687438853796,55
1028,4,2017,2017,0,0,0,0,1.0,1.0,1.0,1.0,1.0,1,0.28003399313330024,56
1029,0,2017,2017,0,0,0,0,1.0,1.0,1.0,1.0,1.0,1,0.28003399313330024,56
1030,2,2019,2019,0,0,0,0,1.0,1.0,1.0,1.0,1.0,1,0.280313937586236,57
1031,6,2025,2025,0,0,0,0,1.0,1.0,1.0,1.0,1.0,1,0.312405108323329,58
1032,2,2027,2027,0,0,0,0,1.0,1.0,1.0,1.0,1.0,1,0.31898593421446375,58
1033,6,2033,2033,0,0,0,0,1.0,1.0,1.0,1.0,1.0,1,0.34594337087470656,57
1034,3,2036,2036,0,0,0,0,1.0,1.0,1.0,1.0,1.0,1,0.2970393026644233,57
1035,3,2039,2039,0,0,0,0,1.0,1.0,1.0,1.0,1.0,1,0.266126305967593,57
1036,4,2043,2043,0,0,0,0,1.0,1.0,1.0,1.0,1.0,1,0.24972472153090589,59
1037,3,2046,2046,0,0,0,0,1.0,1.0,1.0,1.0,1.0,1,0.2395664828088008,57
1038,1,2047,2047,0,0,0,0,1.0,1.0,1.0,1.0,1.0,1,0.21334706307841042,59
1039,2,2049,2049,0,0,0,0,1.0,1.0,1.0,1.0,1.0,1,0.19797950499048203,57
1040,0,2049,2049,0,0,0,0,1.0,1.0,1.0,1.0,1.0,1,0.20644077031584226,56
1041,0,2049,2049,0,0,0,0,1.0,1.0,1.0,1.0,1.0,1,0.21625484896283736,54
1042,3,2052,2052,0,0,0,0,1.0,1.0,1.0,1.0,1.0,1,0.18807323169758652,52
1043,4,2056,2056,0,0,0,0,1.0,1.0,1.0,1.0,1.0,1,0.18485232524838946,52
1044,2,2058,2058,0,0,0,0,1.0,1.0,1.0,1.0,1.0,1,0.16355697495784108,50
1045,1,2059,2059,0,0,0,0,1.0,1.0,1.0,1.0,1.0,1,0.16812488327324104,51
1046,2,2061,2061,0,0,0,0,1.0,1.0,1.0,1.0,1.0,1,0.1678683210973758,50
1047,3,2064,2064,0,0,0,0,1.0,1.0,1.0,1.0,1.0,1,0.09318706386633066,50
1048,0,2064,2064,0,0,0,0,1.0,1.0,1.0,1.0,1.0,1,0.09318706386633066,50
1049,1,2065,2065,0,0,0,0,1.0,1.0,1.0,1.0,1.0,1,0.08653711407688112,50
1050,0,2065,2065,0,0,0,0,1.0,1.0,1.0,1.0,1.0,1,0.08653711407688112,50
1051,0,2065,2065,0,0,0,0,1.0,1.0,1.0,1.0,1.0,1,0.0966350594194543,50
1052,0,2065,2065,0,0,0,0,1.0,1.0,1.0,1.0,1.0,1,0.10039487531234934,51
1053,3,2068,2068,0,0,0,0,1.0,1.0,1.0,1.0,1.0,1,0.08871832080271241,51
1054,0,2068,2068,0,0,0,0,1.0,1.0,1.0,1.0,1.0,1,0.06347246757861057,53
1055,3,2071,2071,0,0,0,0,1.0,1.0,1.0,1.0,1.0,1,0.13833804212250914,54
1056,0,2071,2071,0,0,0,0,1.0,1.0,1.0,1.0,1.0,1,0.15440137552097943,54
1057,5,2076,2076,0,0,0,0,1.0,1.0,1.0,1.0,1.0,1,0.1965940136814955,55
1058,3,2079,2079,0,0,0,0,1.0,1.0,1.0,1.0,1.0,1,0.23836747334794847,54
1059,5,2084,2084,0,0,0,0,1.0,1.0,1.0,1.0,1.0,1,0.29031768138331276,53
1060,7,2091,2091,0,0,0,0,1.0,1.0,1.0,1.0,1.0,1,0.28556972400689057,53
1061,0,2091,2091,0,0,0,0,1.0,1.0,1.0,1.0,1.0,1,0.28556972400689057,53
1062,4,2095,2095,0,0,0,0,1.0,1.0,1.0,1.0,1.0,1,0.2782557103493027,54
1063,4,2099,2099,0,0,0,0,1.0,1.0,1.0,1.0,1.0,1,0.331727338983323,53
1064,3,2102,2102,0,0,0,0,1.0,1.0,1.0,1.0,1.0,1,0.3137552298240562,55
1065,3,2105,2105,0,0,0,0,1.0,1.0,1.0,1.0,1.0,1,0.37184855439321346,54
1066,2,2107,2107,0,0,0,0,1.0,1.0,1.0,1.0,1.0,1,0.33717582101808835,55
1067,2,2109,2109,0,0,0,0,1.0,1.0,1.0,1.0,1.0,1,0.3651563400328744,55
1068,3,2112,2112,0,0,0,0,1.0,1.0,1.0,1.0,1.0,1,0.3414388817874459,55
1069,2,2114,2114,0,0,0,0,1.0,1.0,1.0,1.0,1.0,1,0.29006425479876013,55
1070,0,2114,2114,0,0,0,0,1.0,1.0,1.0,1.0,1.0,1,0.2997534020812765,54
1071,1,2115,2115,0,0,0,0,1.0,1.0,1.0,1.0,1.0,1,0.2777152825256301,55
1072,1,2116,2116,0,0,0,0,1.0,1.0,1.0,1.0,1.0,1,0.28486602045906806,54
1073,1,2117,2117,0,0,0,0,1.0,1.0,1.0,1.0,1.0,1,0.29758900019466245,54
1074,4,2121,2121,0,0,0,0,1.0,1.0,1.0,1.0,1.0,1,0.2886114342905701,52
1075,3,2124,2124,0,0,0,0,1.0,1.0,1.0,1.0,1.0,1,0.28228761436846783,51
1076,2,2126,2126,0,0,0,0,1.0,1.0,1.0,1.0,1.0,1,0.2998823183361428,52
1077,4,2130,2130,0,0,0,0,1.0,1.0,1.0,1.0,1.0,1,0.27232278220652056,49
1078,1,2131,2131,0,0,0,0,1.0,1.0,1.0,1.0,1.0,1,0.2764924235273644,48
1079,2,2133,2133,0,0,0,0,1.0,1.0,1.0,1.0,1.0,1,0.27868168568800633,47
1080,0,2133,2133,0,0,0,0,1.0,1.0,1.0,1.0,1.0,1,0.2656417825860204,47
1081,1,2134,2134,0,0,0,0,1.0,1.0,1.0,1.0,1.0,1,0.27448102668950425,45
1082,0,2134,2134,0,0,0,0,1.0,1.0,1.0,1.0,1.0,1,0.29888356100672364,42
1083,3,2137,2137,0,0,0,0,1.0,1.0,1.0,1.0,1.0,1,0.2390829073816707,42
1084,2,2139,2139,0,0,0,0,1.0,1.0,1.0,1.0,1.0,1,0.29080025969916196,40
1085,2,2141,2141,0,0,0,0,1.0,1.0,1.0,1.0,1.0,1,0.25764541293047527,43
1086,1,2142,2142,0,0,0,0,1.0,1.0,1.0,1.0,1.0,1,0.27239355455882885,41
1087,4,2146,2146,0,0,0,0,1.0,1.0,1.0,1.0,1.0,1,0.21887741071139222,41
1088,0,2146,2146,0,0,0,0,1.0,1.0,1.0,1.0,1.0,1,0.21887741071139222,41
1089,2,2148,2148,0,0,0,0,1.0,1.0,1.0,1.0,1.0,1,0.13580503641578723,42
1090,3,2151,2151,0,0,0,0,1.0,1.0,1.0,1.0,1.0,1,0.21317022713269584,43
1091,6,2157,2157,0,0,0,0,1.0,1.0,1.0,1.0,1.0,1,0.224555448122019,43
1092,4,2161,2161,0,0,0,0,1.0,1.0,1.0,1.0,1.0,1,0.2979497376118492,43
1093,4,2165,2165,0,0,0,0,1.0,1.0,1.0,1.0,1.0,1,0.27254628298073513,43
1094,5,2170,2170,0,0,0,0,1.0,1.0,1.0,1.0,1.0,1,0.33842209083015956,43
1095,1,2171,2171,0,0,0,0,1.0,1.0,1.0,1.0,1.0,1,0.34178336218665684,44
1096,6,2177,2177,0,0,0,0,1.0,1.0,1.0,1.0,1.0,1,0.2967628681150849,44
1097,1,2178,2178,0,0,0,0,1.0,1.0,1.0,1.0,1.0,1,0.31426734783428684,45
1098,0,2178,2178,0,0,0,0,1.0,1.0,1.0,1.0,1.0,1,0.3130470782589001,46
1099,1,2179,2179,0,0,0,0,1.0,1.0,1.0,1.0,1.0,1,0.2682415147777675,48
1100,1,2180,2180,0,0,0,0,1.0,1.0,1.0,1.0,1.0,1,0.2566806286272121,49
1101,1,2181,2181,0,0,0,0,1.0,1.0,1.0,1.0,1.0,1,0.23049655180196585,49
1102,2,2183,2183,0,0,0,0,1.0,1.0,1.0,1.0,1.0,1,0.19367633325658815,50
1103,2,2185,2185,0,0,0,0,1.0,1.0,1.0,1.0,1.0,1,0.1755322378496994,48
1104,4,2189,2189,0,0,0,0,1.0,1.0,1.0,1.0,1.0,1,0.14549033924729884,50
1105,1,2190,2190,0,0,0,0,1.0,1.0,1.0,1.0,1.0,1,0.14746776924259036,48
1106,1,2191,2191,0,0,0,0,1.0,1.0,1.0,1.0,1.0,1,0.16461645543296524,48
1107,5,2196,2196,0,0,0,0,1.0,1.0,1.0,1.0,1.0,1,0.16072730843804572,47
1108,1,2197,2197,0,0,0,0,1.0,1.0,1.0,1.0,1.0,1,0.16945583486414664,47
1109,2,2199,2199,0,0,0,0,1.0,1.0,1.0,1.0,1.0,1,0.18304887002819428,46
1110,2,2201,2201,0,0,0,0,1.0,1.0,1.0,1.0,1.0,1,0.21417540696701423,43
1111,2,2203,2203,0,0,0,0,1.0,1.0,1.0,1.0,1.0,1,0.18937925116236026,44
1112,4,2207,2207,0,0,0,0,1.0,1.0,1.0,1.0,1.0,1,0.21020137185591264,43
1113,2,2209,2209,0,0,0,0,1.0,1.0,1.0,1.0,1.0,1,0.20167064526101824,39
1114,2,2211,2211,0,0,0,0,1.0,1.0,1.0,1.0,1.0,1,0.14663409939709335,39
1115,0,2211,2211,0,0,0,0,1.0,1.0,1.0,1.0,1.0,1,0.13956921475227269,37
1116,1,2212,2212,0,0,0,0,1.0,1.0,1.0,1.0,1.0,1,0.08448128392477638,37
1117,0,2212,2212,0,0,0,0,1.0,1.0,1.0,1.0,1.0,1,0.10775005090618602,36
1118,2,2214,2214,0,0,0,0,1.0,1.0,1.0,1.0,1.0,1,0.16795578433003486,36
1119,2,2216,2216,0,0,0,0,1.0,1.0,1.0,1.0,1.0,1,0.20414477505715764,36
1120,2,2218,2218,0,0,0,0,1.0,1.0,1.0,1.0,1.0,1,0.253430773335555,36
1121,1,2219,2219,0,0,0,0,1.0,1.0,1.0,1.0,1.0,1,0.24037514402091328,36
1122,3,2222,2222,0,0,0,0,1.0,1.0,1.0,1.0,1.0,1,0.2854450793898045,37
1123,0,2222,2222,0,0,0,0,1.0,1.0,1.0,1.0,1.0,1,0.2854450793898045,37
1124,3,2225,2225,0,0,0,0,1.0,1.0,1.0,1.0,1.0,1,0.3003503676730677,37
1125,4,2229,2229,0,0,0,0,1.0,1.0,1.0,1.0,1.0,1,0.23531683468561207,38
1126,2,2231,2231,0,0,0,0,1.0,1.0,1.0,1.0,1.0,1,0.20036385926553998,38
1127,4,2235,2235,0,0,0,0,1.0,1.0,1.0,1.0,1.0,1,0.23614728062436516,39
1128,1,2236,2236,0,0,0,0,1.0,1.0,1.0,1.0,1.0,1,0.224848712267051,39
1129,4,2240,2240,0,0,0,0,1.0,1.0,1.0,1.0,1.0,1,0.2675298937898114,39
1130,2,2242,2242,0,0,0,0,1.0,1.0,1.0,1.0,1.0,1,0.24820408085611226,39
1131,1,2243,2243,0,0,0,0,1.0,1.0,1.0,1.0,1.0,1,0.2161314505297734,39
1132,2,2245,2245,0,0,0,0,1.0,1.0,1.0,1.0,1.0,1,0.2096801308230757,39
1133,1,2246,2246,0,0,0,0,1.0,1.0,1.0,1.0,1.0,1,0.19566724622694154,42
1134,1,2247,2247,0,0,0,0,1.0,1.0,1.0,1.0,1.0,1,0.19765088966049565,42
1135,2,2249,2249,0,0,0,0,1.0,1.0,1.0,1.0,1.0,1,0.22752165177735137,44
1136,0,2249,2249,0,0,0,0,1.0,1.0,1.0,1.0,1.0,1,0.22223666545223733,46
1137,0,2249,2249,0,0,0,0,1.0,1.0,1.0,1.0,1.0,1,0.2383436464685444,45
1138,3,2252,2252,0,0,0,0,1.0,1.0,1.0,1.0,1.0,1,0.2176270614365797,46
1139,3,2255,2255,0,0,0,0,1.0,1.0,1.0,1.0,1.0,1,0.19813466703751562,47
1140,1,2256,2256,0,0,0,0,1.0,1.0,1.0,1.0,1.0,1,0.2374565719347139,46
1141,4,2260,2260,0,0,0,0,1.0,1.0,1.0,1.0,1.0,1,0.206880689325255,45
1142,1,2261,2261,0,0,0,0,1.0,1.0,1.0,1.0,1.0,1,0.18580438341529243,45
1143,3,2264,2264,0,0,0,0,1.0,1.0,1.0,1.0,1.0,1,0.1157223246261836,43
1144,1,2265,2265,0,0,0,0,1.0,1.0,1.0,1.0,1.0,1,0.11822932590836877,45
1145,4,2269,2269,0,0,0,0,1.0,1.0,1.0,1.0,1.0,1,0.13709461291761804,44
1146,0,2269,2269,0,0,0,0,1.0,1.0,1.0,1.0,1.0,1,0.15049547756851275,45
1147,1,2270,2270,0,0,0,0,1.0,1.0,1.0,1.0,1.0,1,0.14914207873176913,44
1148,3,2273,2273,0,0,0,0,1.0,1.0,1.0,1.0,1.0,1,0.21099420433758825,43
1149,0,2273,2273,0,0,0,0,1.0,1.0,1.0,1.0,1.0,1,0.24093369422605723,42
1150,3,2276,2276,0,0,0,0,1.0,1.0,1.0,1.0,1.0,1,0.274563134967017,45
1151,2,2278,2278,0,0,0,0,1.0,1.0,1.0,1.0,1.0,1,0.3168490616459113,40
1152,2,2280,2280,0,0,0,0,1.0,1.0,1.0,1.0,1.0,1,0.2626935643234733,41
1153,2,2282,2282,0,0,0,0,1.0,1.0,1.0,1.0,1.0,1,0.2683181963849779,38
1154,2,2284,2284,0,0,0,0,1.0,1.0,1.0,1.0,1.0,1,0.22901030482470675,37
1155,2,2286,2286,0,0,0,0,1.0,1.0,1.0,1.0,1.0,1,0.2505787837042008,38
1156,2,2288,2288,0,0,0,0,1.0,1.0,1.0,1.0,1.0,1,0.22676597717235394,38
1157,0,2288,2288,0,0,0,0,1.0,1.0,1.0,1.0,1.0,1,0.21270866341781458,37
1158,1,2289,2289,0,0,0,0,1.0,1.0,1.0,1.0,1.0,1,0.21017256438714993,36
1159,5,2294,2294,0,0,0,0,1.0,1.0,1.0,1.0,1.0,1,0.18249357739936115,35
1160,0,2294,2294,0,0,0,0,1.0,1.0,1.0,1.0,1.0,1,0.18249357739936115,35
1161,3,2297,2297,0,0,0,0,1.0,1.0,1.0,1.0,1.0,1,0.23401059706453847,36
1162,1,2298,2298,0,0,0,0,1.0,1.0,1.0,1.0,1.0,1,0.24991187888386535,37
1163,1,2299,2299,0,0,0,0,1.0,1.0,1.0,1.0,1.0,1,0.2668815574345028,37
1164,3,2302,2302,0,0,0,0,1.0,1.0,1.0,1.0,1.0,1,0.28558502297399446,38
1165,1,2303,2303,0,0,0,0,1.0,1.0,1.0,1.0,1.0,1,0.2718014819402567,38
1166,3,2306,2306,0,0,0,0,1.0,1.0,1.0,1.0,1.0,1,0.19992942296772145,40
1167,4,2310,2310,0,0,0,0,1.0,1.0,1.0,1.0,1.0,1,0.19899799677226465,40
1168,5,2315,2315,0,0,0,0,1.0,1.0,1.0,1.0,1.0,1,0.30323857877500704,40
1169,2,2317,2317,0,0,0,0,1.0,1.0,1.0,1.0,1.0,1,0.25928478257772986,41
1170,2,2319,2319,0,0,0,0,1.0,1.0,1.0,1.0,1.0,1,0.26473479819243595,41
1171,2,2321,2321,0,0,0,0,1.0,1.0,1.0,1.0,1.0,1,0.27726941083815326,43
1172,1,2322,2322,0,0,0,0,1.0,1.0,1.0,1.0,1.0,1,0.29498572944459783,43
1173,0,2322,2322,0,0,0,0,1.0,1.0,1.0,1.0,1.0,1,0.29498572944459783,43
1174,1,2323,2323,0,0,0,0,1.0,1.0,1.0,1.0,1.0,1,0.27726941083815326,43
1175,0,2323,2323,0,0,0,0,1.0,1.0,1.0,1.0,1.0,1,0.2665418917224836,44
1176,0,2323,2323,0,0,0,0,1.0,1.0,1.0,1.0,1.0,1,0.25683152533752235,45
1177,1,2324,2324,0,0,0,0,1.0,1.0,1.0,1.0,1.0,1,0.22785422915444256,45
1178,0,2324,2324,0,0,0,0,1.0,1.0,1.0,1.0,1.0,1,0.22785422915444256,45
1179,2,2326,2326,0,0,0,0,1.0,1.0,1.0,1.0,1.0,1,0.29016380293759997,46
1180,1,2327,2327,0,0,0,0,1.0,1.0,1.0,1.0,1.0,1,0.29605201070336407,47
1181,1,2328,2328,0,0,0,0,1.0,1.0,1.0,1.0,1.0,1,0.30796556080535453,48
1182,1,2329,2329,0,0,0,0,1.0,1.0,1.0,1.0,1.0,1,0.28246171052305724,48
1183,0,2329,2329,0,0,0,0,1.0,1.0,1.0,1.0,1.0,1,0.2839014861396403,46
1184,0,2329,2329,0,0,0,0,1.0,1.0,1.0,1.0,1.0,1,0.2559444081173218,47
1185,1,2330,2330,0,0,0,0,1.0,1.0,1.0,1.0,1.0,1,0.24492665273235323,44
1186,1,2331,2331,0,0,0,0,1.0,1.0,1.0,1.0,1.0,1,0.25448339926220803,47
1187,0,2331,2331,0,0,0,0,1.0,1.0,1.0,1.0,1.0,1,0.2636115040095359,49
1188,0,2331,2331,0,0,0,0,1.0,1.0,1.0,1.0,1.0,1,0.2559017346458305,50
1189,0,2331,2331,0,0,0,0,1.0,1.0,1.0,1.0,1.0,1,0.2561196548315095,48
1190,1,2332,2332,0,0,0,0,1.0,1.0,1.0,1.0,1.0,1,0.2806237894063787,48
1191,0,2332,2332,0,0,0,0,1.0,1.0,1.0,1.0,1.0,1,0.2822889907530351,46
1192,1,2333,2333,0,0,0,0,1.0,1.0,1.0,1.0,1.0,1,0.3033123368257366,46
1193,5,2338,2338,0,0,0,0,1.0,1.0,1.0,1.0,1.0,1,0.3039999840425512,45
1194,0,2338,2338,0,0,0,0,1.0,1.0,1.0,1.0,1.0,1,0.3039999840425512,45
1195,2,2340,2340,0,0,0,0,1.0,1.0,1.0,1.0,1.0,1,0.26150324094023025,47
1196,4,2344,2344,0,0,0,0,1.0,1.0,1.0,1.0,1.0,1,0.27804138290336883,48
1197,2,2346,2346,0,0,0,0,1.0,1.0,1.0,1.0,1.0,1,0.30589659872812097,49
1198,1,2347,2347,0,0,0,0,1.0,1.0,1.0,1.0,1.0,1,0.28644491697479024,49
1199,3,2350,2350,0,0,0,0,1.0,1.0,1.0,1.0,1.0,1,0.3916037412911834,50
1200,3,2353,2353,0,0,0,0,1.0,1.0,1.0,1.0,1.0,1,0.37774638848547976,50
1201,1,2354,2354,0,0,0,0,1.0,1.0,1.0,1.0,1.0,1,0.3789413938600125,50
1202,0,2354,2354,0,0,0,0,1.0,1.0,1.0,1.0,1.0,1,0.36035611546910246,51
1203,1,2355,2355,0,0,0,0,1.0,1.0,1.0,1.0,1.0,1,0.39301809896438056,52
1204,1,2356,2356,0,0,0,0,1.0,1.0,1.0,1.0,1.0,1,0.3816405492210348,52
1205,1,2357,2357,0,0,0,0,1.0,1.0,1.0,1.0,1.0,1,0.32730123056650473,53
1206,2,2359,2359,0,0,0,0,1.0,1.0,1.0,1.0,1.0,1,0.3154349028067919,53
1207,0,2359,2359,0,0,0,0,1.0,1.0,1.0,1.0,1.0,1,0.28835566621420045,55
1208,2,2361,2361,0,0,0,0,1.0,1.0,1.0,1.0,1.0,1,0.28251526020266177,56
1209,1,2362,2362,0,0,0,0,1.0,1.0,1.0,1.0,1.0,1,0.2908550027416321,55
1210,2,2364,2364,0,0,0,0,1.0,1.0,1.0,1.0,1.0,1,0.3365051686843051,55
1211,1,2365,2365,0,0,0,0,1.0,1.0,1.0,1.0,1.0,1,0.3069448147202663,57
1212,2,2367,2367,0,0,0,0,1.0,1.0,1.0,1.0,1.0,1,0.34462849451725147,57
1213,1,2368,2368,0,0,0,0,1.0,1.0,1.0,1.0,1.0,1,0.35488189492853633,57
1214,3,2371,2371,0,0,0,0,1.0,1.0,1.0,1.0,1.0,1,0.30098569427419664,57
1215,4,2375,2375,0,0,0,0,1.0,1.0,1.0,1.0,1.0,1,0.30604685679150095,59
1216,3,2378,2378,0,0,0,0,1.0,1.0,1.0,1.0,1.0,1,0.27075365889038544,61
1217,2,2380,2380,0,0,0,0,1.0,1.0,1.0,1.0,1.0,1,0.2659394097892927,61
1218,1,2381,2381,0,0,0,0,1.0,1.0,1.0,1.0,1.0,1,0.2726469112526691,61
1219,3,2384,2384,0,0,0,0,1.0,1.0,1.0,1.0,1.0,1,0.26118158124117474,61
1220,1,2385,2385,0,0,0,0,1.0,1.0,1.0,1.0,1.0,1,0.25937017827104736,60
1221,3,2388,2388,0,0,0,0,1.0,1.0,1.0,1.0,1.0,1,0.28279472150501794,61
1222,3,2391,2391,0,0,0,0,1.0,1.0,1.0,1.0,1.0,1,0.2228829462585905,61
1223,2,2393,2393,0,0,0,0,1.0,1.0,1.0,1.0,1.0,1,0.20649245479761372,59
1224,1,2394,2394,0,0,0,0,1.0,1.0,1.0,1.0,1.0,1,0.2229023680543878,60
1225,2,2396,2396,0,0,0,0,1.0,1.0,1.0,1.0,1.0,1,0.19853576094532419,60
1226,4,2400,2400,0,0,0,0,1.0,1.0,1.0,1.0,1.0,1,0.1934736881783649,61
1227,3,2403,2403,0,0,0,0,1.0,1.0,1.0,1.0,1.0,1,0.17381555921768377,59
1228,2,2405,2405,0,0,0,0,1.0,1.0,1.0,1.0,1.0,1,0.17673076621682496,58
1229,2,2407,2407,0,0,0,0,1.0,1.0,1.0,1.0,1.0,1,0.19164568998267034,57
1230,2,2409,2409,0,0,0,0,1.0,1.0,1.0,1.0,1.0,1,0.2269752644465254,55
1231,2,2411,2411,0,0,0,0,1.0,1.0,1.0,1.0,1.0,1,0.23438574337954146,54
1232,4,2415,2415,0,0,0,0,1.0,1.0,1.0,1.0,1.0,1,0.2810262352205614,51
1233,2,2417,2417,0,0,0,0,1.0,1.0,1.0,1.0,1.0,1,0.28421198555282007,49
1234,0,2417,2417,0,0,0,0,1.0,1.0,1.0,1.0,1.0,1,0.2840407361161276,49
1235,2,2419,2419,0,0,0,0,1.0,1.0,1.0,1.0,1.0,1,0.2836119750281289,48
1236,3,2422,2422,0,0,0,0,1.0,1.0,1.0,1.0,1.0,1,0.21318275749055116,49
1237,1,2423,2423,0,0,0,0,1.0,1.0,1.0,1.0,1.0,1,0.1972446894588413,48
1238,1,2424,2424,0,0,0,0,1.0,1.0,1.0,1.0,1.0,1,0.21444458128744334,47
1239,0,2424,2424,0,0,0,0,1.0,1.0,1.0,1.0,1.0,1,0.19387608733414252,48
1240,1,2425,2425,0,0,0,0,1.0,1.0,1.0,1.0,1.0,1,0.2130138402686511,49
1241,3,2428,2428,0,0,0,0,1.0,1.0,1.0,1.0,1.0,1,0.23119354270541043,49
1242,1,2429,2429,0,0,0,0,1.0,1.0,1.0,1.0,1.0,1,0.242163892168041,49
1243,1,2430,2430,0,0,0,0,1.0,1.0,1.0,1.0,1.0,1,0.2618770469450152,50
1244,5,2435,2435,0,0,0,0,1.0,1.0,1.0,1.0,1.0,1,0.24443198915904918,50
1245,3,2438,2438,0,0,0,0,1.0,1.0,1.0,1.0,1.0,1,0.21938843153668375,51
1246,4,2442,2442,0,0,0,0,1.0,1.0,1.0,1.0,1.0,1,0.2534375018911626,52
1247,5,2447,2447,0,0,0,0,1.0,1.0,1.0,1.0,1.0,1,0.2514335225005432,52
1248,2,2449,2449,0,0,0,0,1.0,1.0,1.0,1.0,1.0,1,0.24527643563487272,51
1249,4,2453,2453,0,0,0,0,1.0,1.0,1.0,1.0,1.0,1,0.18544223738910384,51
1250,2,2455,2455,0,0,0,0,1.0,1.0,1.0,1.0,1.0,1,0.21079771331734837,51
1251,3,2458,2458,0,0,0,0,1.0,1.0,1.0,1.0,1.0,1,0.17256400806492878,53
1252,2,2460,2460,0,0,0,0,1.0,1.0,1.0,1.0,1.0,1,0.16102828903868807,52
1253,0,2460,2460,0,0,0,0,1.0,1.0,1.0,1.0,1.0,1,0.16102828903868807,52
1254,0,2460,2460,0,0,0,0,1.0,1.0,1.0,1.0,1.0,1,0.151810088712815,53
1255,3,2463,2463,0,0,0,0,1.0,1.0,1.0,1.0,1.0,1,0.2186791497952976,55
1256,0,2463,2463,0,0,0,0,1.0,1.0,1.0,1.0,1.0,1,0.2186791497952976,55
1257,1,2464,2464,0,0,0,0,1.0,1.0,1.0,1.0,1.0,1,0.21402087272450027,57
1258,1,2465,2465,0,0,0,0,1.0,1.0,1.0,1.0,1.0,1,0.1991160828638058,57
1259,0,2465,2465,0,0,0,0,1.0,1.0,1.0,1.0,1.0,1,0.1991160828638058,57
1260,1,2466,2466,0,0,0,0,1.0,1.0,1.0,1.0,1.0,1,0.22828459495278022,56
1261,4,2470,2470,0,0,0,0,1.0,1.0,1.0,1.0,1.0,1,0.1807332352193724,57
1262,1,2471,2471,0,0,0,0,1.0,1.0,1.0,1.0,1.0,1,0.18209628503771455,58
1263,3,2474,2474,0,0,0,0,1.0,1.0,1.0,1.0,1.0,1,0.22620820299399755,58
1264,2,2476,2476,0,0,0,0,1.0,1.0,1.0,1.0,1.0,1,0.19568943617812043,57
1265,2,2478,2478,0,0,0,0,1.0,1.0,1.0,1.0,1.0,1,0.213647360793686,56
1266,3,2481,2481,0,0,0,0,1.0,1.0,1.0,1.0,1.0,1,0.20173324006199975,55
1267,2,2483,2483,0,0,0,0,1.0,1.0,1.0,1.0,1.0,1,0.20340435487206887,53
1268,2,2485,2485,0,0,0,0,1.0,1.0,1.0,1.0,1.0,1,0.19721869734280428,52
1269,0,2485,2485,0,0,0,0,1.0,1.0,1.0,1.0,1.0,1,0.19937851564898965,51
1270,3,2488,2488,0,0,0,0,1.0,1.0,1.0,1.0,1.0,1,0.22840081509819105,47
1271,0,2488,2488,0,0,0,0,1.0,1.0,1.0,1.0,1.0,1,0.24185324133895508,46
1272,1,2489,2489,0,0,0,0,1.0,1.0,1.0,1.0,1.0,1,0.28671098255784977,43
1273,2,2491,2491,0,0,0,0,1.0,1.0,1.0,1.0,1.0,1,0.2865338461941977,44
1274,4,2495,2495,0,0,0,0,1.0,1.0,1.0,1.0,1.0,1,0.2507853957684556,44
1275,4,2499,2499,0,0,0,0,1.0,1.0,1.0,1.0,1.0,1,0.22182382746659773,45
1276,4,2503,2503,0,0,0,0,1.0,1.0,1.0,1.0,1.0,1,0.1959926585528914,43
1277,1,2504,2504,0,0,0,0,1.0,1.0,1.0,1.0,1.0,1,0.15522714014228128,44
1278,2,2506,2506,0,0,0,0,1.0,1.0,1.0,1.0,1.0,1,0.17592234743047877,45
1279,3,2509,2509,0,0,0,0,1.0,1.0,1.0,1.0,1.0,1,0.20281691618296466,47
1280,2,2511,2511,0,0,0,0,1.0,1.0,1.0,1.0,1.0,1,0.21548063572312853,47
1281,1,2512,2512,0,0,0,0,1.0,1.0,1.0,1.0,1.0,1,0.20566402519738938,47
1282,2,2514,2514,0,0,0,0,1.0,1.0,1.0,1.0,1.0,1,0.24182008611634354,46
1283,1,2515,2515,0,0,0,0,1.0,1.0,1.0,1.0,1.0,1,0.23270751526125139,46
1284,2,2517,2517,0,0,0,0,1.0,1.0,1.0,1.0,1.0,1,0.26519627843097704,46
1285,1,2518,2518,0,0,0,0,1.0,1.0,1.0,1.0,1.0,1,0.27110937833513993,46
1286,0,2518,2518,0,0,0,0,1.0,1.0,1.0,1.0,1.0,1,0.29831450879936855,45
1287,2,2520,2520,0,0,0,0,1.0,1.0,1.0,1.0,1.0,1,0.29691462439055893,49
1288,1,2521,2521,0,0,0,0,1.0,1.0,1.0,1.0,1.0,1,0.28954592989994465,49
1289,0,2521,2521,0,0,0,0,1.0,1.0,1.0,1.0,1.0,1,0.2669181077750062,52
1290,0,2521,2521,0,0,0,0,1.0,1.0,1.0,1.0,1.0,1,0.2669181077750062,52
1291,1,2522,2522,0,0,0,0,1.0,1.0,1.0,1.0,1.0,1,0.2594589768764698,52
1292,3,2525,2525,0,0,0,0,1.0,1.0,1.0,1.0,1.0,1,0.265705424596475,53
1293,1,2526,2526,0,0,0,0,1.0,1.0,1.0,1.0,1.0,1,0.25754649329359103,53
1294,2,2528,2528,0,0,0,0,1.0,1.0,1.0,1.0,1.0,1,0.2755251426511922,53
1295,2,2530,2530,0,0,0,0,1.0,1.0,1.0,1.0,1.0,1,0.26307439071351485,54
1296,3,2533,2533,0,0,0,0,1.0,1.0,1.0,1.0,1.0,1,0.22570543523482894,55
1297,4,2537,2537,0,0,0,0,1.0,1.0,1.0,1.0,1.0,1,0.2233629944719433,54
1298,1,2538,2538,0,0,0,0,1.0,1.0,1.0,1.0,1.0,1,0.2358688182381314,55
1299,3,2541,2541,0,0,0,0,1.0,1.0,1.0,1.0,1.0,1,0.2568787259524543,54
1300,3,2544,2544,0,0,0,0,1.0,1.0,1.0,1.0,1.0,1,0.25494558907620946,55
1301,3,2547,2547,0,0,0,0,1.0,1.0,1.0,1.0,1.0,1,0.3047195927356246,54
1302,4,2551,2551,0,0,0,0,1.0,1.0,1.0,1.0,1.0,1,0.31460440660073513,54
1303,4,2555,2555,0,0,0,0,1.0,1.0,1.0,1.0,1.0,1,0.2981328975392439,50
1304,5,2560,2560,0,0,0,0,1.0,1.0,1.0,1.0,1.0,1,0.3017400005013804,51
1305,6,2566,2566,0,0,0,0,1.0,1.0,1.0,1.0,1.0,1,0.22757454708821534,48
1306,1,2567,2567,0,0,0,0,1.0,1.0,1.0,1.0,1.0,1,0.23485041572459756,48
1307,3,2570,2570,0,0,0,0,1.0,1.0,1.0,1.0,1.0,1,0.22520094298823767,48
1308,2,2572,2572,0,0,0,0,1.0,1.0,1.0,1.0,1.0,1,0.2696262349297211,46
1309,2,2574,2574,0,0,0,0,1.0,1.0,1.0,1.0,1.0,1,0.2573303810494293,47
1310,0,2574,2574,0,0,0,0,1.0,1.0,1.0,1.0,1.0,1,0.266852490345773,46
1311,2,2576,2576,0,0,0,0,1.0,1.0,1.0,1.0,1.0,1,0.2765593397670454,46
1312,0,2576,2576,0,0,0,0,1.0,1.0,1.0,1.0,1.0,1,0.2773160568181713,45
1313,1,2577,2577,0,0,0,0,1.0,1.0,1.0,1.0,1.0,1,0.2939072997907192,44
1314,0,2577,2577,0,0,0,0,1.0,1.0,1.0,1.0,1.0,1,0.31205340471843196,42
1315,1,2578,2578,0,0,0,0,1.0,1.0,1.0,1.0,1.0,1,0.31480461046015346,40
1316,0,2578,2578,0,0,0,0,1.0,1.0,1.0,1.0,1.0,1,0.290040944451901,42
1317,1,2579,2579,0,0,0,0,1.0,1.0,1.0,1.0,1.0,1,0.2778791056318253,42
1318,0,2579,2579,0,0,0,0,1.0,1.0,1.0,1.0,1.0,1,0.2778791056318253,42
1319,1,2580,2580,0,0,0,0,1.0,1.0,1.0,1.0,1.0,1,0.257075654485334,42
1320,1,2581,2581,0,0,0,0,1.0,1.0,1.0,1.0,1.0,1,0.24164243004284616,42
1321,1,2582,2582,0,0,0,0,1.0,1.0,1.0,1.0,1.0,1,0.22110165439009558,45
1322,0,2582,2582,0,0,0,0,1.0,1.0,1.0,1.0,1.0,1,0.22110165439009558,45
1323,4,2586,2586,0,0,0,0,1.0,1.0,1.0,1.0,1.0,1,0.17923380039464362,46
1324,0,2586,2586,0,0,0,0,1.0,1.0,1.0,1.0,1.0,1,0.19780043093299662,45
1325,4,2590,2590,0,0,0,0,1.0,1.0,1.0,1.0,1.0,1,0.1547171436841262,46
1326,1,2591,2591,0,0,0,0,1.0,1.0,1.0,1.0,1.0,1,0.20610986383537566,45
1327,2,2593,2593,0,0,0,0,1.0,1.0,1.0,1.0,1.0,1,0.18419646035589085,46
1328,1,2594,2594,0,0,0,0,1.0,1.0,1.0,1.0,1.0,1,0.22700008768930907,47
1329,5,2599,2599,0,0,0,0,1.0,1.0,1.0,1.0,1.0,1,0.2690371458843177,47
1330,2,2601,2601,0,0,0,0,1.0,1.0,1.0,1.0,1.0,1,0.23993378824382836,46
1331,3,2604,2604,0,0,0,0,1.0,1.0,1.0,1.0,1.0,1,0.3061313391693033,46
1332,0,2604,2604,0,0,0,0,1.0,1.0,1.0,1.0,1.0,1,0.32690891130669253,49
1333,3,2607,2607,0,0,0,0,1.0,1.0,1.0,1.0,1.0,1,0.3567309333384272,50
1334,3,2610,2610,0,0,0,0,1.0,1.0,1.0,1.0,1.0,1,0.37206904061565793,50
1335,3,2613,2613,0,0,0,0,1.0,1.0,1.0,1.0,1.0,1,0.40265715777719435,52
1336,3,2616,2616,0,0,0,0,1.0,1.0,1.0,1.0,1.0,1,0.34843729932009243,53
1337,0,2616,2616,0,0,0,0,1.0,1.0,1.0,1.0,1.0,1,0.3361339388953644,54
1338,3,2619,2619,0,0,0,0,1.0,1.0,1.0,1.0,1.0,1,0.2965668243795831,54
1339,1,2620,2620,0,0,0,0,1.0,1.0,1.0,1.0,1.0,1,0.30673749212722207,54
1340,0,2620,2620,0,0,0,0,1.0,1.0,1.0,1.0,1.0,1,0.31981723420624447,53
1341,1,2621,2621,0,0,0,0,1.0,1.0,1.0,1.0,1.0,1,0.31815281317987726,53
1342,1,2622,2622,0,0,0,0,1.0,1.0,1.0,1.0,1.0,1,0.33834936738109755,52
1343,0,2622,2622,0,0,0,0,1.0,1.0,1.0,1.0,1.0,1,0.34816464377820466,50
1344,1,2623,2623,0,0,0,0,1.0,1.0,1.0,1.0,1.0,1,0.3212097910284623,51
1345,1,2624,2624,0,0,0,0,1.0,1.0,1.0,1.0,1.0,1,0.34831111961559547,50
1346,1,2625,2625,0,0,0,0,1.0,1.0,1.0,1.0,1.0,1,0.3384665412012749,50
1347,0,2625,2625,0,0,0,0,1.0,1.0,1.0,1.0,1.0,1,0.32503149827931394,48
1348,0,2625,2625,0,0,0,0,1.0,1.0,1.0,1.0,1.0,1,0.316065755551356,49
1349,2,2627,2627,0,0,0,0,1.0,1.0,1.0,1.0,1.0,1,0.3120449838386548,48
1350,1,2628,2628,0,0,0,0,1.0,1.0,1.0,1.0,1.0,1,0.3177615097472383,49
1351,2,2630,2630,0,0,0,0,1.0,1.0,1.0,1.0,1.0,1,0.29059929915834315,48
1352,3,2633,2633,0,0,0,0,1.0,1.0,1.0,1.0,1.0,1,0.24681813765928573,49
1353,4,2637,2637,0,0,0,0,1.0,1.0,1.0,1.0,1.0,1,0.24810308654413807,49
1354,4,2641,2641,0,0,0,0,1.0,1.0,1.0,1.0,1.0,1,0.2241775468950361,49
1355,1,2642,2642,0,0,0,0,1.0,1.0,1.0,1.0,1.0,1,0.1968345742914179,50
1356,5,2647,2647,0,0,0,0,1.0,1.0,1.0,1.0,1.0,1,0.16900354417155936,50
1357,1,2648,2648,0,0,0,0,1.0,1.0,1.0,1.0,1.0,1,0.15413022923814104,50
1358,4,2652,2652,0,0,0,0,1.0,1.0,1.0,1.0,1.0,1,0.15092094239215054,51
1359,0,2652,2652,0,0,0,0,1.0,1.0,1.0,1.0,1.0,1,0.13663716520796879,53
1360,1,2653,2653,0,0,0,0,1.0,1.0,1.0,1.0,1.0,1,0.1581414834788597,54
1361,1,2654,2654,0,0,0,0,1.0,1.0,1.0,1.0,1.0,1,0.17629057916545327,54
1362,2,2656,2656,0,0,0,0,1.0,1.0,1.0,1.0,1.0,1,0.17079830317974506,55
1363,1,2657,2657,0,0,0,0,1.0,1.0,1.0,1.0,1.0,1,0.18278541475558127,55
1364,2,2659,2659,0,0,0,0,1.0,1.0,1.0,1.0,1.0,1,0.22166433194251314,55
1365,2,2661,2661,0,0,0,0,1.0,1.0,1.0,1.0,1.0,1,0.2288161817708373,56
1366,3,2664,2664,0,0,0,0,1.0,1.0,1.0,1.0,1.0,1,0.23438512067053854,56
1367,2,2666,2666,0,0,0,0,1.0,1.0,1.0,1.0,1.0,1,0.2665752240865661,56
1368,1,2667,2667,0,0,0,0,1.0,1.0,1.0,1.0,1.0,1,0.2771964904164956,58
1369,4,2671,2671,0,0,0,0,1.0,1.0,1.0,1.0,1.0,1,0.24639528564149626,59
1370,4,2675,2675,0,0,0,0,1.0,1.0,1.0,1.0,1.0,1,0.26742518062155163,59
1371,2,2677,2677,0,0,0,0,1.0,1.0,1.0,1.0,1.0,1,0.24724694971384895,59
1372,1,2678,2678,0,0,0,0,1.0,1.0,1.0,1.0,1.0,1,0.24281610815507565,59
1373,2,2680,2680,0,0,0,0,1.0,1.0,1.0,1.0,1.0,1,0.2574231586477881,59
1374,3,2683,2683,0,0,0,0,1.0,1.0,1.0,1.0,1.0,1,0.22972532682065977,60
1375,2,2685,2685,0,0,0,0,1.0,1.0,1.0,1.0,1.0,1,0.2725606504804078,61
1376,3,2688,2688,0,0,0,0,1.0,1.0,1.0,1.0,1.0,1,0.25260957179060195,61
1377,0,2688,2688,0,0,0,0,1.0,1.0,1.0,1.0,1.0,1,0.25260957179060195,61
1378,2,2690,2690,0,0,0,0,1.0,1.0,1.0,1.0,1.0,1,0.242771869274571,61
1379,2,2692,2692,0,0,0,0,1.0,1.0,1.0,1.0,1.0,1,0.250344422953805,60
1380,2,2694,2694,0,0,0,0,1.0,1.0,1.0,1.0,1.0,1,0.2423479156839548,60
1381,0,2694,2694,0,0,0,0,1.0,1.0,1.0,1.0,1.0,1,0.24209112292881532,58
1382,1,2695,2695,0,0,0,0,1.0,1.0,1.0,1.0,1.0,1,0.24001981974692832,58
1383,4,2699,2699,0,0,0,0,1.0,1.0,1.0,1.0,1.0,1,0.19735653108411302,57
1384,0,2699,2699,0,0,0,0,1.0,1.0,1.0,1.0,1.0,1,0.2062071785807725,54
1385,6,2705,2705,0,0,0,0,1.0,1.0,1.0,1.0,1.0,1,0.23000750979714013,52
1386,1,2706,2706,0,0,0,0,1.0,1.0,1.0,1.0,1.0,1,0.20327304578993344,51
1387,2,2708,2708,0,0,0,0,1.0,1.0,1.0,1.0,1.0,1,0.20650589124846333,51
1388,1,2709,2709,0,0,0,0,1.0,1.0,1.0,1.0,1.0,1,0.21575110582816914,52
1389,0,2709,2709,0,0,0,0,1.0,1.0,1.0,1.0,1.0,1,0.25751757227429856,50
1390,1,2710,2710,0,0,0,0,1.0,1.0,1.0,1.0,1.0,1,0.21995089329125642,51
1391,0,2710,2710,0,0,0,0,1.0,1.0,1.0,1.0,1.0,1,0.2318222805132934,50
1392,1,2711,2711,0,0,0,0,1.0,1.0,1.0,1.0,1.0,1,0.2544403238126765,50
1393,2,2713,2713,0,0,0,0,1.0,1.0,1.0,1.0,1.0,1,0.26898426202904224,49
1394,1,2714,2714,0,0,0,0,1.0,1.0,1.0,1.0,1.0,1,0.2425738723238966,50
1395,3,2717,2717,0,0,0,0,1.0,1.0,1.0,1.0,1.0,1,0.24947783051130862,51
1396,1,2718,2718,0,0,0,0,1.0,1.0,1.0,1.0,1.0,1,0.27402063032399143,52
1397,4,2722,2722,0,0,0,0,1.0,1.0,1.0,1.0,1.0,1,0.23460002106940042,52
1398,2,2724,2724,0,0,0,0,1.0,1.0,1.0,1.0,1.0,1,0.24967383790599032,53
1399,4,2728,2728,0,0,0,0,1.0,1.0,1.0,1.0,1.0,1,0.22741557193571488,54
1400,1,2729,2729,0,0,0,0,1.0,1.0,1.0,1.0,1.0,1,0.21654684848102165,54
1401,2,2731,2731,0,0,0,0,1.0,1.0,1.0,1.0,1.0,1,0.2153647313955312,54
1402,1,2732,2732,0,0,0,0,1.0,1.0,1.0,1.0,1.0,1,0.22294424130635762,53
1403,1,2733,2733,0,0,0,0,1.0,1.0,1.0,1.0,1.0,1,0.25059378042243957,52
1404,2,2735,2735,0,0,0,0,1.0,1.0,1.0,1.0,1.0,1,0.32132907364778307,53
1405,1,2736,2736,0,0,0,0,1.0,1.0,1.0,1.0,1.0,1,0.3501658302407751,52
1406,1,2737,2737,0,0,0,0,1.0,1.0,1.0,1.0,1.0,1,0.32925062762158197,53
1407,0,2737,2737,0,0,0,0,1.0,1.0,1.0,1.0,1.0,1,0.3353714527580129,54
1408,1,2738,2738,0,0,0,0,1.0,1.0,1.0,1.0,1.0,1,0.3732711595427335,53
1409,0,2738,2738,0,0,0,0,1.0,1.0,1.0,1.0,1.0,1,0.3558171985924756,55
1410,0,2738,2738,0,0,0,0,1.0,1.0,1.0,1.0,1.0,1,0.35791669807549503,54
1411,0,2738,2738,0,0,0,0,1.0,1.0,1.0,1.0,1.0,1,0.35791669807549503,54
1412,0,2738,2738,0,0,0,0,1.0,1.0,1.0,1.0,1.0,1,0.3598956109097894,53
1413,2,2740,2740,0,0,0,0,1.0,1.0,1.0,1.0,1.0,1,0.3346914862875239,54
1414,0,2740,2740,0,0,0,0,1.0,1.0,1.0,1.0,1.0,1,0.3431544798990042,55
1415,2,2742,2742,0,0,0,0,1.0,1.0,1.0,1.0,1.0,1,0.36708039475081244,57
1416,4,2746,2746,0,0,0,0,1.0,1.0,1.0,1.0,1.0,1,0.3213353714158943,59
1417,1,2747,2747,0,0,0,0,1.0,1.0,1.0,1.0,1.0,1,0.30349934892474373,58
1418,2,2749,2749,0,0,0,0,1.0,1.0,1.0,1.0,1.0,1,0.2738741261093842,57
1419,1,2750,2750,0,0,0,0,1.0,1.0,1.0,1.0,1.0,1,0.278146587879169,56
1420,1,2751,2751,0,0,0,0,1.0,1.0,1.0,1.0,1.0,1,0.2985560210255243,54
1421,0,2751,2751,0,0,0,0,1.0,1.0,1.0,1.0,1.0,1,0.2906888610561187,55
1422,0,2751,2751,0,0,0,0,1.0,1.0,1.0,1.0,1.0,1,0.2825613678180423,52
1423,0,2751,2751,0,0,0,0,1.0,1.0,1.0,1.0,1.0,1,0.27264444442900027,52
1424,2,2753,2753,0,0,0,0,1.0,1.0,1.0,1.0,1.0,1,0.2276147581306245,51
1425,0,2753,2753,0,0,0,0,1.0,1.0,1.0,1.0,1.0,1,0.2663623324982992,50
1426,2,2755,2755,0,0,0,0,1.0,1.0,1.0,1.0,1.0,1,0.2708764933655311,50
1427,1,2756,2756,0,0,0,0,1.0,1.0,1.0,1.0,1.0,1,0.2879540171214208,48
1428,2,2758,2758,0,0,0,0,1.0,1.0,1.0,1.0,1.0,1,0.26446628969321,48
1429,3,2761,2761,0,0,0,0,1.0,1.0,1.0,1.0,1.0,1,0.282335904367221,48
1430,5,2766,2766,0,0,0,0,1.0,1.0,1.0,1.0,1.0,1,0.2909304845790627,48
1431,4,2770,2770,0,0,0,0,1.0,1.0,1.0,1.0,1.0,1,0.242221680358962,48
1432,4,2774,2774,0,0,0,0,1.0,1.0,1.0,1.0,1.0,1,0.1930822751821413,50
1433,4,2778,2778,0,0,0,0,1.0,1.0,1.0,1.0,1.0,1,0.14506256937479875,51
1434,5,2783,2783,0,0,0,0,1.0,1.0,1.0,1.0,1.0,1,0.11237321300998271,51
1435,5,2788,2788,0,0,0,0,1.0,1.0,1.0,1.0,1.0,1,0.1610713034083696,50
1436,2,2790,2790,0,0,0,0,1.0,1.0,1.0,1.0,1.0,1,0.1430445377162069,51
1437,3,2793,2793,0,0,0,0,1.0,1.0,1.0,1.0,1.0,1,0.18797586558995533,51
1438,4,2797,2797,0,0,0,0,1.0,1.0,1.0,1.0,1.0,1,0.23644240331641034,51
1439,2,2799,2799,0,0,0,0,1.0,1.0,1.0,1.0,1.0,1,0.25497267789163514,50
1440,3,2802,2802,0,0,0,0,1.0,1.0,1.0,1.0,1.0,1,0.3461259495224287,51
1441,1,2803,2803,0,0,0,0,1.0,1.0,1.0,1.0,1.0,1,0.33983073469047237,51
1442,2,2805,2805,0,0,0,0,1.0,1.0,1.0,1.0,1.0,1,0.3150643825362421,52
1443,3,2808,2808,0,0,0,0,1.0,1.0,1.0,1.0,1.0,1,0.29833391774089035,53
1444,1,2809,2809,0,0,0,0,1.0,1.0,1.0,1.0,1.0,1,0.28638835830748244,54
1445,1,2810,2810,0,0,0,0,1.0,1.0,1.0,1.0,1.0,1,0.2762236254469636,54
1446,1,2811,2811,0,0,0,0,1.0,1.0,1.0,1.0,1.0,1,0.2895198501614014,54
1447,3,2814,2814,0,0,0,0,1.0,1.0,1.0,1.0,1.0,1,0.23961645226445613,55
1448,1,2815,2815,0,0,0,0,1.0,1.0,1.0,1.0,1.0,1,0.23223028772994433,55
1449,2,2817,2817,0,0,0,0,1.0,1.0,1.0,1.0,1.0,1,0.2180893220228659,55
1450,2,2819,2819,0,0,0,0,1.0,1.0,1.0,1.0,1.0,1,0.21657388044899298,57
1451,1,2820,2820,0,0,0,0,1.0,1.0,1.0,1.0,1.0,1,0.20696207695459928,57
1452,2,2822,2822,0,0,0,0,1.0,1.0,1.0,1.0,1.0,1,0.2406345469444349,57
1453,1,2823,2823,0,0,0,0,1.0,1.0,1.0,1.0,1.0,1,0.2390976005913716,57
1454,2,2825,2825,0,0,0,0,1.0,1.0,1.0,1.0,1.0,1,0.22856994818798765,58
1455,1,2826,2826,0,0,0,0,1.0,1.0,1.0,1.0,1.0,1,0.21554333389650698,56
1456,2,2828,2828,0,0,0,0,1.0,1.0,1.0,1.0,1.0,1,0.196731165273568,55
1457,1,2829,2829,0,0,0,0,1.0,1.0,1.0,1.0,1.0,1,0.22911359872819104,54
1458,3,2832,2832,0,0,0,0,1.0,1.0,1.0,1.0,1.0,1,0.23342570817685934,53
1459,2,2834,2834,0,0,0,0,1.0,1.0,1.0,1.0,1.0,1,0.23739604092866962,52
1460,1,2835,2835,0,0,0,0,1.0,1.0,1.0,1.0,1.0,1,0.23966344681432356,51
1461,3,2838,2838,0,0,0,0,1.0,1.0,1.0,1.0,1.0,1,0.205772503869129,51
1462,3,2841,2841,0,0,0,0,1.0,1.0,1.0,1.0,1.0,1,0.28613682480109726,51
1463,0,2841,2841,0,0,0,0,1.0,1.0,1.0,1.0,1.0,1,0.26372333252898755,52
1464,6,2847,2847,0,0,0,0,1.0,1.0,1.0,1.0,1.0,1,0.25464273358820444,52
1465,3,2850,2850,0,0,0,0,1.0,1.0,1.0,1.0,1.0,1,0.2241552355024394,51
1466,3,2853,2853,0,0,0,0,1.0,1.0,1.0,1.0,1.0,1,0.2000765563166659,50
1467,3,2856,2856,0,0,0,0,1.0,1.0,1.0,1.0,1.0,1,0.21132547417987338,48
1468,6,2862,2862,0,0,0,0,1.0,1.0,1.0,1.0,1.0,1,0.22784767342187456,48
1469,2,2864,2864,0,0,0,0,1.0,1.0,1.0,1.0,1.0,1,0.2552977255530946,48
1470,4,2868,2868,0,0,0,0,1.0,1.0,1.0,1.0,1.0,1,0.20574351403776844,48
1471,1,2869,2869,0,0,0,0,1.0,1.0,1.0,1.0,1.0,1,0.24330219085574456,45
1472,4,2873,2873,0,0,0,0,1.0,1.0,1.0,1.0,1.0,1,0.22859002827549896,45
1473,2,2875,2875,0,0,0,0,1.0,1.0,1.0,1.0,1.0,1,0.20648915649841162,46
1474,1,2876,2876,0,0,0,0,1.0,1.0,1.0,1.0,1.0,1,0.2220319984097512,46
1475,3,2879,2879,0,0,0,0,1.0,1.0,1.0,1.0,1.0,1,0.24056891768697783,46
1476,2,2881,2881,0,0,0,0,1.0,1.0,1.0,1.0,1.0,1,0.29046730221149664,47
1477,1,2882,2882,0,0,0,0,1.0,1.0,1.0,1.0,1.0,1,0.27949335835037276,47
1478,3,2885,2885,0,0,0,0,1.0,1.0,1.0,1.0,1.0,1,0.29353743855858055,47
1479,1,2886,2886,0,0,0,0,1.0,1.0,1.0,1.0,1.0,1,0.28646795806730274,48
1480,2,2888,2888,0,0,0,0,1.0,1.0,1.0,1.0,1.0,1,0.3229990329404795,47
1481,1,2889,2889,0,0,0,0,1.0,1.0,1.0,1.0,1.0,1,0.31228888566767576,47
1482,1,2890,2890,0,0,0,0,1.0,1.0,1.0,1.0,1.0,1,0.31372535302661314,46
1483,2,2892,2892,0,0,0,0,1.0,1.0,1.0,1.0,1.0,1,0.2824144069930194,47
1484,3,2895,2895,0,0,0,0,1.0,1.0,1.0,1.0,1.0,1,0.28874815313856017,47
1485,4,2899,2899,0,0,0,0,1.0,1.0,1.0,1.0,1.0,1,0.31399121927033913,47
1486,2,2901,2901,0,0,0,0,1.0,1.0,1.0,1.0,1.0,1,0.29265237680226897,49
1487,2,2903,2903,0,0,0,0,1.0,1.0,1.0,1.0,1.0,1,0.2720782407469741,49
1488,0,2903,2903,0,0,0,0,1.0,1.0,1.0,1.0,1.0,1,0.26670705173588555,51
1489,4,2907,2907,0,0,0,0,1.0,1.0,1.0,1.0,1.0,1,0.3069486550433506,52
1490,3,2910,2910,0,0,0,0,1.0,1.0,1.0,1.0,1.0,1,0.3128755870850054,52
1491,1,2911,2911,0,0,0,0,1.0,1.0,1.0,1.0,1.0,1,0.29755343318551714,53
1492,3,2914,2914,0,0,0,0,1.0,1.0,1.0,1.0,1.0,1,0.31357803206948104,53
1493,1,2915,2915,0,0,0,0,1.0,1.0,1.0,1.0,1.0,1,0.31552166526665965,52
1494,2,2917,2917,0,0,0,0,1.0,1.0,1.0,1.0,1.0,1,0.31923772654368826,50
1495,2,2919,2919,0,0,0,0,1.0,1.0,1.0,1.0,1.0,1,0.3403017789514506,50
1496,2,2921,2921,0,0,0,0,1.0,1.0,1.0,1.0,1.0,1,0.3495373904683475,52
1497,2,2923,2923,0,0,0,0,1.0,1.0,1.0,1.0,1.0,1,0.3639869781529013,51
1498,1,2924,2924,0,0,0,0,1.0,1.0,1.0,1.0,1.0,1,0.33988587600175196,50
1499,4,2928,2928,0,0,0,0,1.0,1.0,1.0,1.0,1.0,1,0.312385677552539,50
1500,2,2930,2930,0,0,0,0,1.0,1.0,1.0,1.0,1.0,1,0.26766552749386585,49
1501,2,2932,2932,0,0,0,0,1.0,1.0,1.0,1.0,1.0,1,0.242698586784784,47
1502,2,2934,2934,0,0,0,0,1.0,1.0,1.0,1.0,1.0,1,0.2037876824209911,47
1503,3,2937,2937,0,0,0,0,1.0,1.0,1.0,1.0,1.0,1,0.20250714740463358,47
1504,2,2939,2939,0,0,0,0,1.0,1.0,1.0,1.0,1.0,1,0.20851713142945344,48
1505,3,2942,2942,0,0,0,0,1.0,1.0,1.0,1.0,1.0,1,0.16894011476380136,47
1506,1,2943,2943,0,0,0,0,1.0,1.0,1.0,1.0,1.0,1,0.18092965205887884,47
1507,1,2944,2944,0,0,0,0,1.0,1.0,1.0,1.0,1.0,1,0.21941830598973572,45
1508,2,2946,2946,0,0,0,0,1.0,1.0,1.0,1.0,1.0,1,0.20209730766729858,45
1509,3,2949,2949,0,0,0,0,1.0,1.0,1.0,1.0,1.0,1,0.2225251425233623,44
1510,2,2951,2951,0,0,0,0,1.0,1.0,1.0,1.0,1.0,1,0.2221985638410767,42
1511,2,2953,2953,0,0,0,0,1.0,1.0,1.0,1.0,1.0,1,0.22954953332849126,40
1512,1,2954,2954,0,0,0,0,1.0,1.0,1.0,1.0,1.0,1,0.2855481338629833,39
1513,2,2956,2956,0,0,0,0,1.0,1.0,1.0,1.0,1.0,1,0.27070460325428103,39
1514,2,2958,2958,0,0,0,0,1.0,1.0,1.0,1.0,1.0,1,0.2813504078043061,38
1515,1,2959,2959,0,0,0,0,1.0,1.0,1.0,1.0,1.0,1,0.26354705666737865,39
1516,1,2960,2960,0,0,0,0,1.0,1.0,1.0,1.0,1.0,1,0.2426101220740733,39
1517,1,2961,2961,0,0,0,0,1.0,1.0,1.0,1.0,1.0,1,0.28432100497150675,39
1518,4,2965,2965,0,0,0,0,1.0,1.0,1.0,1.0,1.0,1,0.18619561121440892,39
1519,1,2966,2966,0,0,0,0,1.0,1.0,1.0,1.0,1.0,1,0.2222951030442946,39
1520,3,2969,2969,0,0,0,0,1.0,1.0,1.0,1.0,1.0,1,0.2737328291821981,39
1521,1,2970,2970,0,0,0,0,1.0,1.0,1.0,1.0,1.0,1,0.25036368540027787,40
1522,2,2972,2972,0,0,0,0,1.0,1.0,1.0,1.0,1.0,1,0.2865666406786108,40
1523,1,2973,2973,0,0,0,0,1.0,1.0,1.0,1.0,1.0,1,0.3139321474424322,41
1524,2,2975,2975,0,0,0,0,1.0,1.0,1.0,1.0,1.0,1,0.35073977717021576,42
1525,0,2975,2975,0,0,0,0,1.0,1.0,1.0,1.0,1.0,1,0.30719911736015354,45
1526,0,2975,2975,0,0,0,0,1.0,1.0,1.0,1.0,1.0,1,0.31535334259430825,46
1527,0,2975,2975,0,0,0,0,1.0,1.0,1.0,1.0,1.0,1,0.31535334259430825,46
1528,1,2976,2976,0,0,0,0,1.0,1.0,1.0,1.0,1.0,1,0.2782944879540999,47
1529,1,2977,2977,0,0,0,0,1.0,1.0,1.0,1.0,1.0,1,0.29390407251296874,47
1530,0,2977,2977,0,0,0,0,1.0,1.0,1.0,1.0,1.0,1,0.3026806695861277,48
1531,2,2979,2979,0,0,0,0,1.0,1.0,1.0,1.0,1.0,1,0.29806441121869937,46
1532,0,2979,2979,0,0,0,0,1.0,1.0,1.0,1.0,1.0,1,0.29738830273798245,47
1533,4,2983,2983,0,0,0,0,1.0,1.0,1.0,1.0,1.0,1,0.2527725169723012,46
1534,2,2985,2985,0,0,0,0,1.0,1.0,1.0,1.0,1.0,1,0.25351501665759374,47
1535,2,2987,2987,0,0,0,0,1.0,1.0,1.0,1.0,1.0,1,0.22792852268636085,47
1536,2,2989,2989,0,0,0,0,1.0,1.0,1.0,1.0,1.0,1,0.18215958251934544,48
1537,3,2992,2992,0,0,0,0,1.0,1.0,1.0,1.0,1.0,1,0.23530874208980251,46
1538,1,2993,2993,0,0,0,0,1.0,1.0,1.0,1.0,1.0,1,0.23523497136027857,47
1539,0,2993,2993,0,0,0,0,1.0,1.0,1.0,1.0,1.0,1,0.264815134800094,47
1540,4,2997,2997,0,0,0,0,1.0,1.0,1.0,1.0,1.0,1,0.30563677120191424,47
1541,1,2998,2998,0,0,0,0,1.0,1.0,1.0,1.0,1.0,1,0.26868562818742336,47
1542,6,3004,3004,0,0,0,0,1.0,1.0,1.0,1.0,1.0,1,0.333283989279851,50
1543,1,3005,3005,0,0,0,0,1.0,1.0,1.0,1.0,1.0,1,0.3392053525718151,47
1544,6,3011,3011,0,0,0,0,1.0,1.0,1.0,1.0,1.0,1,0.20815056836308138,48
1545,2,3013,3013,0,0,0,0,1.0,1.0,1.0,1.0,1.0,1,0.17594730626324537,47
1546,5,3018,3018,0,0,0,0,1.0,1.0,1.0,1.0,1.0,1,0.16777603465220944,47
1547,1,3019,3019,0,0,0,0,1.0,1.0,1.0,1.0,1.0,1,0.13538095631249186,47
1548,3,3022,3022,0,0,0,0,1.0,1.0,1.0,1.0,1.0,1,0.12327678666850993,47
1549,5,3027,3027,0,0,0,0,1.0,1.0,1.0,1.0,1.0,1,0.08586342579668062,46
1550,1,3028,3028,0,0,0,0,1.0,1.0,1.0,1.0,1.0,1,0.12138299674138159,44
1551,5,3033,3033,0,0,0,0,1.0,1.0,1.0,1.0,1.0,1,0.09536003049874289,45
1552,2,3035,3035,0,0,0,0,1.0,1.0,1.0,1.0,1.0,1,0.14949203108653705,43
1553,2,3037,3037,0,0,0,0,1.0,1.0,1.0,1.0,1.0,1,0.1927664825271515,43
1554,1,3038,3038,0,0,0,0,1.0,1.0,1.0,1.0,1.0,1,0.23261984771191072,41
1555,2,3040,3040,0,0,0,0,1.0,1.0,1.0,1.0,1.0,1,0.25289712607527937,44
1556,4,3044,3044,0,0,0,0,1.0,1.0,1.0,1.0,1.0,1,0.27503954511906353,45
1557,2,3046,3046,0,0,0,0,1.0,1.0,1.0,1.0,1.0,1,0.2853127910254969,45
1558,2,3048,3048,0,0,0,0,1.0,1.0,1.0,1.0,1.0,1,0.28798133624307365,46
1559,1,3049,3049,0,0,0,0,1.0,1.0,1.0,1.0,1.0,1,0.2725921571223712,47
1560,1,3050,3050,0,0,0,0,1.0,1.0,1.0,1.0,1.0,1,0.28521034379972815,46
1561,3,3053,3053,0,0,0,0,1.0,1.0,1.0,1.0,1.0,1,0.2603905898922995,47
1562,0,3053,3053,0,0,0,0,1.0,1.0,1.0,1.0,1.0,1,0.28539893937788746,47
1563,2,3055,3055,0,0,0,0,1.0,1.0,1.0,1.0,1.0,1,0.30761745287417036,47
1564,1,3056,3056,0,0,0,0,1.0,1.0,1.0,1.0,1.0,1,0.28195989120567366,47
1565,1,3057,3057,0,0,0,0,1.0,1.0,1.0,1.0,1.0,1,0.3016662927857715,48
1566,1,3058,3058,0,0,0,0,1.0,1.0,1.0,1.0,1.0,1,0.29106690946676805,48
1567,2,3060,3060,0,0,0,0,1.0,1.0,1.0,1.0,1.0,1,0.28291945602902996,48
1568,3,3063,3063,0,0,0,0,1.0,1.0,1.0,1.0,1.0,1,0.27262155758541917,48
1569,3,3066,3066,0,0,0,0,1.0,1.0,1.0,1.0,1.0,1,0.22677884051000197,45
1570,2,3068,3068,0,0,0,0,1.0,1.0,1.0,1.0,1.0,1,0.18154742712945407,44
1571,7,3075,3075,0,0,0,0,1.0,1.0,1.0,1.0,1.0,1,0.17692134347546198,42
1572,3,3078,3078,0,0,0,0,1.0,1.0,1.0,1.0,1.0,1,0.17816704049698456,43
1573,8,3086,3086,0,0,0,0,1.0,1.0,1.0,1.0,1.0,1,0.1926806979024371,43
1574,3,3089,3089,0,0,0,0,1.0,1.0,1.0,1.0,1.0,1,0.18057019985008213,42
1575,5,3094,3094,0,0,0,0,1.0,1.0,1.0,1.0,1.0,1,0.17987835394599588,43
1576,0,3094,3094,0,0,0,0,1.0,1.0,1.0,1.0,1.0,1,0.20454034090673243,41
1577,1,3095,3095,0,0,0,0,1.0,1.0,1.0,1.0,1.0,1,0.23512834816194178,40
1578,1,3096,3096,0,0,0,0,1.0,1.0,1.0,1.0,1.0,1,0.2646325473140238,40
1579,1,3097,3097,0,0,0,0,1.0,1.0,1.0,1.0,1.0,1,0.27706292514081904,40
1580,0,3097,3097,0,0,0,0,1.0,1.0,1.0,1.0,1.0,1,0.27706292514081904,40
1581,0,3097,3097,0,0,0,0,1.0,1.0,1.0,1.0,1.0,1,0.27609378184605243,40
1582,5,3102,3102,0,0,0,0,1.0,1.0,1.0,1.0,1.0,1,0.26819983468805364,40
1583,2,3104,3104,0,0,0,0,1.0,1.0,1.0,1.0,1.0,1,0.2292524228915183,38
1584,2,3106,3106,0,0,0,0,1.0,1.0,1.0,1.0,1.0,1,0.22521736603631973,39
1585,2,3108,3108,0,0,0,0,1.0,1.0,1.0,1.0,1.0,1,0.16242693427419852,38
1586,4,3112,3112,0,0,0,0,1.0,1.0,1.0,1.0,1.0,1,0.1497302551221906,38
1587,1,3113,3113,0,0,0,0,1.0,1.0,1.0,1.0,1.0,1,0.11409712786402197,37
1588,1,3114,3114,0,0,0,0,1.0,1.0,1.0,1.0,1.0,1,0.08279037076592181,39
1589,1,3115,3115,0,0,0,0,1.0,1.0,1.0,1.0,1.0,1,0.06496547947599904,37
1590,0,3115,3115,0,0,0,0,1.0,1.0,1.0,1.0,1.0,1,0.08034008120300257,37
1591,1,3116,3116,0,0,0,0,1.0,1.0,1.0,1.0,1.0,1,0.16675980454208797,36
1592,1,3117,3117,0,0,0,0,1.0,1.0,1.0,1.0,1.0,1,0.1861822373790311,34
1593,2,3119,3119,0,0,0,0,1.0,1.0,1.0,1.0,1.0,1,0.22747218856386903,33
1594,1,3120,3120,0,0,0,0,1.0,1.0,1.0,1.0,1.0,1,0.26692328574043217,31
1595,1,3121,3121,0,0,0,0,1.0,1.0,1.0,1.0,1.0,1,0.2735413437458002,34
1596,2,3123,3123,0,0,0,0,1.0,1.0,1.0,1.0,1.0,1,0.2873605471956077,33
1597,1,3124,3124,0,0,0,0,1.0,1.0,1.0,1.0,1.0,1,0.27445310776444515,33
1598,3,3127,3127,0,0,0,0,1.0,1.0,1.0,1.0,1.0,1,0.2538753388490322,33
1599,0,3127,3127,0,0,0,0,1.0,1.0,1.0,1.0,1.0,1,0.2538753388490322,33
1600,1,3128,3128,0,0,0,0,1.0,1.0,1.0,1.0,1.0,1,0.24714504063811804,34
1601,3,3131,3131,0,0,0,0,1.0,1.0,1.0,1.0,1.0,1,0.24722186074194857,35
1602,5,3136,3136,0,0,0,0,1.0,1.0,1.0,1.0,1.0,1,0.20442788894270247,36
1603,6,3142,3142,0,0,0,0,1.0,1.0,1.0,1.0,1.0,1,0.1586185182572493,38
1604,3,3145,3145,0,0,0,0,1.0,1.0,1.0,1.0,1.0,1,0.16835586819555012,38
1605,3,3148,3148,0,0,0,0,1.0,1.0,1.0,1.0,1.0,1,0.14659784925468994,38
1606,2,3150,3150,0,0,0,0,1.0,1.0,1.0,1.0,1.0,1,0.15198011754680785,39
1607,2,3152,3152,0,0,0,0,1.0,1.0,1.0,1.0,1.0,1,0.13775303624587537,37
1608,1,3153,3153,0,0,0,0,1.0,1.0,1.0,1.0,1.0,1,0.14768471725177396,36
1609,4,3157,3157,0,0,0,0,1.0,1.0,1.0,1.0,1.0,1,0.18291783186289792,34
1610,1,3158,3158,0,0,0,0,1.0,1.0,1.0,1.0,1.0,1,0.19009101542489334,34
1611,1,3159,3159,0,0,0,0,1.0,1.0,1.0,1.0,1.0,1,0.19124738605190847,35
1612,2,3161,3161,0,0,0,0,1.0,1.0,1.0,1.0,1.0,1,0.22014008831724638,33
1613,3,3164,3164,0,0,0,0,1.0,1.0,1.0,1.0,1.0,1,0.1858718314085294,34
1614,1,3165,3165,0,0,0,0,1.0,1.0,1.0,1.0,1.0,1,0.19214009177916713,35
1615,4,3169,3169,0,0,0,0,1.0,1.0,1.0,1.0,1.0,1,0.1615622897474025,35
1616,2,3171,3171,0,0,0,0,1.0,1.0,1.0,1.0,1.0,1,0.15283492678270505,37
1617,0,3171,3171,0,0,0,0,1.0,1.0,1.0,1.0,1.0,1,0.14193090208450607,38
1618,5,3176,3176,0,0,0,0,1.0,1.0,1.0,1.0,1.0,1,0.1367517616651281,38
1619,0,3176,3176,0,0,0,0,1.0,1.0,1.0,1.0,1.0,1,0.12433810023033644,38
1620,1,3177,3177,0,0,0,0,1.0,1.0,1.0,1.0,1.0,1,0.13273449929876974,39
1621,1,3178,3178,0,0,0,0,1.0,1.0,1.0,1.0,1.0,1,0.11607096079309952,37
1622,1,3179,3179,0,0,0,0,1.0,1.0,1.0,1.0,1.0,1,0.1449989022077002,37
1623,2,3181,3181,0,0,0,0,1.0,1.0,1.0,1.0,1.0,1,0.1884238021792804,37
1624,0,3181,3181,0,0,0,0,1.0,1.0,1.0,1.0,1.0,1,0.14627713478263218,37
1625,3,3184,3184,0,0,0,0,1.0,1.0,1.0,1.0,1.0,1,0.2325980351908928,35
1626,0,3184,3184,0,0,0,0,1.0,1.0,1.0,1.0,1.0,1,0.2325980351908928,35
1627,2,3186,3186,0,0,0,0,1.0,1.0,1.0,1.0,1.0,1,0.16759408996313058,34
1628,0,3186,3186,0,0,0,0,1.0,1.0,1.0,1.0,1.0,1,0.18323451909285346,35
1629,0,3186,3186,0,0,0,0,1.0,1.0,1.0,1.0,1.0,1,0.18227910505722972,34
1630,0,3186,3186,0,0,0,0,1.0,1.0,1.0,1.0,1.0,1,0.21403397839712127,32
1631,1,3187,3187,0,0,0,0,1.0,1.0,1.0,1.0,1.0,1,0.2811575509994818,33
1632,0,3187,3187,0,0,0,0,1.0,1.0,1.0,1.0,1.0,1,0.3184291668485779,32
1633,3,3190,3190,0,0,0,0,1.0,1.0,1.0,1.0,1.0,1,0.32292692772111714,31
1634,1,3191,3191,0,0,0,0,1.0,1.0,1.0,1.0,1.0,1,0.3376301795509212,31
1635,3,3194,3194,0,0,0,0,1.0,1.0,1.0,1.0,1.0,1,0.26756100594982074,31
1636,2,3196,3196,0,0,0,0,1.0,1.0,1.0,1.0,1.0,1,0.19805626448350713,33
1637,3,3199,3199,0,0,0,0,1.0,1.0,1.0,1.0,1.0,1,0.245333422415327,33
1638,0,3199,3199,0,0,0,0,1.0,1.0,1.0,1.0,1.0,1,0.24612965928051628,36
1639,3,3202,3202,0,0,0,0,1.0,1.0,1.0,1.0,1.0,1,0.21639431208263107,36
1640,1,3203,3203,0,0,0,0,1.0,1.0,1.0,1.0,1.0,1,0.2418377441414137,36
1641,3,3206,3206,0,0,0,0,1.0,1.0,1.0,1.0,1.0,1,0.24928732776195633,38
1642,1,3207,3207,0,0,0,0,1.0,1.0,1.0,1.0,1.0,1,0.27301459766491515,37
1643,1,3208,3208,0,0,0,0,1.0,1.0,1.0,1.0,1.0,1,0.29359585134830263,37
1644,0,3208,3208,0,0,0,0,1.0,1.0,1.0,1.0,1.0,1,0.28434098620449594,38
1645,0,3208,3208,0,0,0,0,1.0,1.0,1.0,1.0,1.0,1,0.3162053090301285,36
1646,0,3208,3208,0,0,0,0,1.0,1.0,1.0,1.0,1.0,1,0.3038359266393076,37
1647,1,3209,3209,0,0,0,0,1.0,1.0,1.0,1.0,1.0,1,0.31069258533499483,35
1648,0,3209,3209,0,0,0,0,1.0,1.0,1.0,1.0,1.0,1,0.30799289912698763,38
1649,0,3209,3209,0,0,0,0,1.0,1.0,1.0,1.0,1.0,1,0.333618386529962,35
1650,0,3209,3209,0,0,0,0,1.0,1.0,1.0,1.0,1.0,1,0.3588010563135923,34
1651,0,3209,3209,0,0,0,0,1.0,1.0,1.0,1.0,1.0,1,0.3509687947764123,32
1652,1,3210,3210,0,0,0,0,1.0,1.0,1.0,1.0,1.0,1,0.2940879201074837,33
1653,5,3215,3215,0,0,0,0,1.0,1.0,1.0,1.0,1.0,1,0.2909626719233731,33
1654,0,3215,3215,0,0,0,0,1.0,1.0,1.0,1.0,1.0,1,0.2897638071238058,34
1655,6,3221,3221,0,0,0,0,1.0,1.0,1.0,1.0,1.0,1,0.13731526041467645,35
1656,1,3222,3222,0,0,0,0,1.0,1.0,1.0,1.0,1.0,1,0.14828639165206703,35
1657,6,3228,3228,0,0,0,0,1.0,1.0,1.0,1.0,1.0,1,0.113691923223107,36
1658,3,3231,3231,0,0,0,0,1.0,1.0,1.0,1.0,1.0,1,0.09792327050637958,36
1659,2,3233,3233,0,0,0,0,1.0,1.0,1.0,1.0,1.0,1,0.14304408776784835,36
1660,2,3235,3235,0,0,0,0,1.0,1.0,1.0,1.0,1.0,1,0.14889446521001098,38
1661,2,3237,3237,0,0,0,0,1.0,1.0,1.0,1.0,1.0,1,0.1340054315927993,38
1662,0,3237,3237,0,0,0,0,1.0,1.0,1.0,1.0,1.0,1,0.115907447194788,39
1663,0,3237,3237,0,0,0,0,1.0,1.0,1.0,1.0,1.0,1,0.12204378068075365,40
1664,4,3241,3241,0,0,0,0,1.0,1.0,1.0,1.0,1.0,1,0.13330010650009194,39
1665,2,3243,3243,0,0,0,0,1.0,1.0,1.0,1.0,1.0,1,0.11463799665075423,40
1666,1,3244,3244,0,0,0,0,1.0,1.0,1.0,1.0,1.0,1,0.17661869737751523,40
1667,2,3246,3246,0,0,0,0,1.0,1.0,1.0,1.0,1.0,1,0.16094274845346193,40
1668,1,3247,3247,0,0,0,0,1.0,1.0,1.0,1.0,1.0,1,0.1557374431287045,41
1669,4,3251,3251,0,0,0,0,1.0,1.0,1.0,1.0,1.0,1,0.13404629363848802,40
1670,3,3254,3254,0,0,0,0,1.0,1.0,1.0,1.0,1.0,1,0.09442364546686849,40
1671,4,3258,3258,0,0,0,0,1.0,1.0,1.0,1.0,1.0,1,0.04325236403969738,41
1672,3,3261,3261,0,0,0,0,1.0,1.0,1.0,1.0,1.0,1,0.0631469540055468,40
1673,2,3263,3263,0,0,0,0,1.0,1.0,1.0,1.0,1.0,1,0.10088497824969014,39
1674,0,3263,3263,0,0,0,0,1.0,1.0,1.0,1.0,1.0,1,0.0963143856348049,40
1675,4,3267,3267,0,0,0,0,1.0,1.0,1.0,1.0,1.0,1,0.15691387160141385,38
1676,0,3267,3267,0,0,0,0,1.0,1.0,1.0,1.0,1.0,1,0.14942558659886512,39
1677,2,3269,3269,0,0,0,0,1.0,1.0,1.0,1.0,1.0,1,0.16361681103714285,39
1678,1,3270,3270,0,0,0,0,1.0,1.0,1.0,1.0,1.0,1,0.17636102227074246,39
1679,3,3273,3273,0,0,0,0,1.0,1.0,1.0,1.0,1.0,1,0.2163084131527711,39
1680,3,3276,3276,0,0,0,0,1.0,1.0,1.0,1.0,1.0,1,0.20466165210986081,41
1681,2,3278,3278,0,0,0,0,1.0,1.0,1.0,1.0,1.0,1,0.23653168573154656,41
1682,5,3283,3283,0,0,0,0,1.0,1.0,1.0,1.0,1.0,1,0.24075903222240494,43
1683,2,3285,3285,0,0,0,0,1.0,1.0,1.0,1.0,1.0,1,0.14280140200459276,43
1684,2,3287,3287,0,0,0,0,1.0,1.0,1.0,1.0,1.0,1,0.13165435927774244,42
1685,4,3291,3291,0,0,0,0,1.0,1.0,1.0,1.0,1.0,1,0.14383299279817935,41
1686,1,3292,3292,0,0,0,0,1.0,1.0,1.0,1.0,1.0,1,0.15265818676316983,41
1687,2,3294,3294,0,0,0,0,1.0,1.0,1.0,1.0,1.0,1,0.13067417453497904,40
1688,2,3296,3296,0,0,0,0,1.0,1.0,1.0,1.0,1.0,1,0.14226204255412347,39
1689,0,3296,3296,0,0,0,0,1.0,1.0,1.0,1.0,1.0,1,0.15635672455959043,38
1690,0,3296,3296,0,0,0,0,1.0,1.0,1.0,1.0,1.0,1,0.15575417545787826,38
1691,3,3299,3299,0,0,0,0,1.0,1.0,1.0,1.0,1.0,1,0.1973410121671341,36
1692,0,3299,3299,0,0,0,0,1.0,1.0,1.0,1.0,1.0,1,0.17034258056637847,36
1693,1,3300,3300,0,0,0,0,1.0,1.0,1.0,1.0,1.0,1,0.23313436016330522,35
1694,3,3303,3303,0,0,0,0,1.0,1.0,1.0,1.0,1.0,1,0.1977207080927985,33
1695,2,3305,3305,0,0,0,0,1.0,1.0,1.0,1.0,1.0,1,0.18792541496711854,34
1696,2,3307,3307,0,0,0,0,1.0,1.0,1.0,1.0,1.0,1,0.18452080533399542,35
1697,3,3310,3310,0,0,0,0,1.0,1.0,1.0,1.0,1.0,1,0.19478146920695433,36
1698,2,3312,3312,0,0,0,0,1.0,1.0,1.0,1.0,1.0,1,0.2092803492824425,38
1699,1,3313,3313,0,0,0,0,1.0,1.0,1.0,1.0,1.0,1,0.22663677880824404,38
1700,1,3314,3314,0,0,0,0,1.0,1.0,1.0,1.0,1.0,1,0.251081277294095,39
1701,1,3315,3315,0,0,0,0,1.0,1.0,1.0,1.0,1.0,1,0.26895994867954787,40
1702,0,3315,3315,0,0,0,0,1.0,1.0,1.0,1.0,1.0,1,0.2848703106242373,41
1703,4,3319,3319,0,0,0,0,1.0,1.0,1.0,1.0,1.0,1,0.2876043901638036,41
1704,4,3323,3323,0,0,0,0,1.0,1.0,1.0,1.0,1.0,1,0.18033334442604176,41
1705,4,3327,3327,0,0,0,0,1.0,1.0,1.0,1.0,1.0,1,0.16611939936304188,40
1706,3,3330,3330,0,0,0,0,1.0,1.0,1.0,1.0,1.0,1,0.15011344102732868,40
1707,5,3335,3335,0,0,0,0,1.0,1.0,1.0,1.0,1.0,1,0.12482930512195264,39
1708,2,3337,3337,0,0,0,0,1.0,1.0,1.0,1.0,1.0,1,0.09044451282394741,39
1709,4,3341,3341,0,0,0,0,1.0,1.0,1.0,1.0,1.0,1,0.160209079293903,38
1710,4,3345,3345,0,0,0,0,1.0,1.0,1.0,1.0,1.0,1,0.22049377417894636,39
1711,0,3345,3345,0,0,0,0,1.0,1.0,1.0,1.0,1.0,1,0.23713810126204002,38
1712,3,3348,3348,0,0,0,0,1.0,1.0,1.0,1.0,1.0,1,0.2796457148544068,38
1713,2,3350,3350,0,0,0,0,1.0,1.0,1.0,1.0,1.0,1,0.2802741435645086,37
1714,0,3350,3350,0,0,0,0,1.0,1.0,1.0,1.0,1.0,1,0.2433325184317333,38
1715,2,3352,3352,0,0,0,0,1.0,1.0,1.0,1.0,1.0,1,0.21347778381180987,40
1716,0,3352,3352,0,0,0,0,1.0,1.0,1.0,1.0,1.0,1,0.22304114110529594,39
1717,1,3353,3353,0,0,0,0,1.0,1.0,1.0,1.0,1.0,1,0.2285721865599082,38
1718,0,3353,3353,0,0,0,0,1.0,1.0,1.0,1.0,1.0,1,0.25323750689128566,38
1719,1,3354,3354,0,0,0,0,1.0,1.0,1.0,1.0,1.0,1,0.30618290467065834,38
1720,1,3355,3355,0,0,0,0,1.0,1.0,1.0,1.0,1.0,1,0.2759801425686711,41
1721,0,3355,3355,0,0,0,0,1.0,1.0,1.0,1.0,1.0,1,0.2482782310001934,39
1722,1,3356,3356,0,0,0,0,1.0,1.0,1.0,1.0,1.0,1,0.2248068058983203,40
1723,0,3356,3356,0,0,0,0,1.0,1.0,1.0,1.0,1.0,1,0.2028151402254973,38
1724,1,3357,3357,0,0,0,0,1.0,1.0,1.0,1.0,1.0,1,0.18396479466897975,37
1725,0,3357,3357,0,0,0,0,1.0,1.0,1.0,1.0,1.0,1,0.17072572372053804,38
1726,3,3360,3360,0,0,0,0,1.0,1.0,1.0,1.0,1.0,1,0.2279519918905543,37
1727,0,3360,3360,0,0,0,0,1.0,1.0,1.0,1.0,1.0,1,0.2279519918905543,37
1728,4,3364,3364,0,0,0,0,1.0,1.0,1.0,1.0,1.0,1,0.2617236431408369,35
1729,0,3364,3364,0,0,0,0,1.0,1.0,1.0,1.0,1.0,1,0.23061496908252385,37
1730,1,3365,3365,0,0,0,0,1.0,1.0,1.0,1.0,1.0,1,0.21036954114761433,37
1731,2,3367,3367,0,0,0,0,1.0,1.0,1.0,1.0,1.0,1,0.22245639109682147,37
1732,2,3369,3369,0,0,0,0,1.0,1.0,1.0,1.0,1.0,1,0.25331205614075225,37
1733,1,3370,3370,0,0,0,0,1.0,1.0,1.0,1.0,1.0,1,0.22295179102813228,36
1734,5,3375,3375,0,0,0,0,1.0,1.0,1.0,1.0,1.0,1,0.20146590981290807,35
1735,3,3378,3378,0,0,0,0,1.0,1.0,1.0,1.0,1.0,1,0.19045293107868783,34
1736,4,3382,3382,0,0,0,0,1.0,1.0,1.0,1.0,1.0,1,0.13438436219691824,35
1737,4,3386,3386,0,0,0,0,1.0,1.0,1.0,1.0,1.0,1,0.2067150600063911,36
1738,2,3388,3388,0,0,0,0,1.0,1.0,1.0,1.0,1.0,1,0.18717843789484628,37
1739,6,3394,3394,0,0,0,0,1.0,1.0,1.0,1.0,1.0,1,0.3247502286596664,38
1740,1,3395,3395,0,0,0,0,1.0,1.0,1.0,1.0,1.0,1,0.28894712404796846,37
1741,1,3396,3396,0,0,0,0,1.0,1.0,1.0,1.0,1.0,1,0.3098610827412888,38
1742,3,3399,3399,0,0,0,0,1.0,1.0,1.0,1.0,1.0,1,0.32537604966864275,39
1743,2,3401,3401,0,0,0,0,1.0,1.0,1.0,1.0,1.0,1,0.33986122343327774,37
1744,3,3404,3404,0,0,0,0,1.0,1.0,1.0,1.0,1.0,1,0.29197328159619107,38
1745,1,3405,3405,0,0,0,0,1.0,1.0,1.0,1.0,1.0,1,0.268014503392065,37
1746,1,3406,3406,0,0,0,0,1.0,1.0,1.0,1.0,1.0,1,0.22912678425226926,38
1747,0,3406,3406,0,0,0,0,1.0,1.0,1.0,1.0,1.0,1,0.23869749307051205,38
1748,1,3407,3407,0,0,0,0,1.0,1.0,1.0,1.0,1.0,1,0.2172262757694632,38
1749,0,3407,3407,0,0,0,0,1.0,1.0,1.0,1.0,1.0,1,0.2370645089285112,37
1750,2,3409,3409,0,0,0,0,1.0,1.0,1.0,1.0,1.0,1,0.2407444216679349,39
1751,1,3410,3410,0,0,0,0,1.0,1.0,1.0,1.0,1.0,1,0.2539789026834952,38
1752,0,3410,3410,0,0,0,0,1.0,1.0,1.0,1.0,1.0,1,0.26594989257055407,39
1753,3,3413,3413,0,0,0,0,1.0,1.0,1.0,1.0,1.0,1,0.23202164521964275,40
1754,1,3414,3414,0,0,0,0,1.0,1.0,1.0,1.0,1.0,1,0.2071969503979346,41
1755,1,3415,3415,0,0,0,0,1.0,1.0,1.0,1.0,1.0,1,0.19670696905924903,41
1756,1,3416,3416,0,0,0,0,1.0,1.0,1.0,1.0,1.0,1,0.21630511110656714,42
1757,4,3420,3420,0,0,0,0,1.0,1.0,1.0,1.0,1.0,1,0.2088733249054737,42
1758,3,3423,3423,0,0,0,0,1.0,1.0,1.0,1.0,1.0,1,0.179269307593872,42
1759,5,3428,3428,0,0,0,0,1.0,1.0,1.0,1.0,1.0,1,0.2307373846202425,39
1760,1,3429,3429,0,0,0,0,1.0,1.0,1.0,1.0,1.0,1,0.20957696662204336,39
1761,4,3433,3433,0,0,0,0,1.0,1.0,1.0,1.0,1.0,1,0.11841354198921353,38
1762,2,3435,3435,0,0,0,0,1.0,1.0,1.0,1.0,1.0,1,0.08588635579984877,37
1763,3,3438,3438,0,0,0,0,1.0,1.0,1.0,1.0,1.0,1,0.09213744667765968,37
1764,1,3439,3439,0,0,0,0,1.0,1.0,1.0,1.0,1.0,1,0.09196910669850095,36
1765,2,3441,3441,0,0,0,0,1.0,1.0,1.0,1.0,1.0,1,0.15930329452594957,37
1766,1,3442,3442,0,0,0,0,1.0,1.0,1.0,1.0,1.0,1,0.20457364775782574,36
1767,1,3443,3443,0,0,0,0,1.0,1.0,1.0,1.0,1.0,1,0.22910505683161198,36
1768,1,3444,3444,0,0,0,0,1.0,1.0,1.0,1.0,1.0,1,0.26344351941644784,36
1769,0,3444,3444,0,0,0,0,1.0,1.0,1.0,1.0,1.0,1,0.2626538974156698,38
1770,1,3445,3445,0,0,0,0,1.0,1.0,1.0,1.0,1.0,1,0.29602404059344467,38
1771,4,3449,3449,0,0,0,0,1.0,1.0,1.0,1.0,1.0,1,0.20507567370414168,38
1772,1,3450,3450,0,0,0,0,1.0,1.0,1.0,1.0,1.0,1,0.15470957107602912,40
1773,5,3455,3455,0,0,0,0,1.0,1.0,1.0,1.0,1.0,1,0.2103137932983934,40
1774,1,3456,3456,0,0,0,0,1.0,1.0,1.0,1.0,1.0,1,0.18856398046541642,40
1775,3,3459,3459,0,0,0,0,1.0,1.0,1.0,1.0,1.0,1,0.2058498917332059,41
1776,1,3460,3460,0,0,0,0,1.0,1.0,1.0,1.0,1.0,1,0.1650964953760956,43
1777,3,3463,3463,0,0,0,0,1.0,1.0,1.0,1.0,1.0,1,0.15802311849817754,44
1778,2,3465,3465,0,0,0,0,1.0,1.0,1.0,1.0,1.0,1,0.15839081357970072,44
1779,2,3467,3467,0,0,0,0,1.0,1.0,1.0,1.0,1.0,1,0.19359516367681875,44
1780,0,3467,3467,0,0,0,0,1.0,1.0,1.0,1.0,1.0,1,0.19571150891503894,46
1781,1,3468,3468,0,0,0,0,1.0,1.0,1.0,1.0,1.0,1,0.17683002730319738,46
1782,1,3469,3469,0,0,0,0,1.0,1.0,1.0,1.0,1.0,1,0.21438795628245144,45
1783,1,3470,3470,0,0,0,0,1.0,1.0,1.0,1.0,1.0,1,0.1949443376180858,44
1784,2,3472,3472,0,0,0,0,1.0,1.0,1.0,1.0,1.0,1,0.1793633326368024,44
1785,1,3473,3473,0,0,0,0,1.0,1.0,1.0,1.0,1.0,1,0.19339220693265116,42
1786,3,3476,3476,0,0,0,0,1.0,1.0,1.0,1.0,1.0,1,0.17872418018809583,42
1787,1,3477,3477,0,0,0,0,1.0,1.0,1.0,1.0,1.0,1,0.1949533850142688,41
1788,4,3481,3481,0,0,0,0,1.0,1.0,1.0,1.0,1.0,1,0.1471972425534621,41
1789,5,3486,3486,0,0,0,0,1.0,1.0,1.0,1.0,1.0,1,0.15054412893377664,41
1790,2,3488,3488,0,0,0,0,1.0,1.0,1.0,1.0,1.0,1,0.1879273222826141,41
1791,4,3492,3492,0,0,0,0,1.0,1.0,1.0,1.0,1.0,1,0.18972594030137288,41
1792,3,3495,3495,0,0,0,0,1.0,1.0,1.0,1.0,1.0,1,0.16775992498159278,43
1793,1,3496,3496,0,0,0,0,1.0,1.0,1.0,1.0,1.0,1,0.15906125846935443,43
1794,0,3496,3496,0,0,0,0,1.0,1.0,1.0,1.0,1.0,1,0.17118284504807685,41
1795,2,3498,3498,0,0,0,0,1.0,1.0,1.0,1.0,1.0,1,0.18240381191443253,41
1796,2,3500,3500,0,0,0,0,1.0,1.0,1.0,1.0,1.0,1,0.19681864462633974,40
1797,0,3500,3500,0,0,0,0,1.0,1.0,1.0,1.0,1.0,1,0.17040374695024288,38
1798,2,3502,3502,0,0,0,0,1.0,1.0,1.0,1.0,1.0,1,0.2306151695461341,38
1799,2,3504,3504,0,0,0,0,1.0,1.0,1.0,1.0,1.0,1,0.30178521186438095,37
1800,2,3506,3506,0,0,0,0,1.0,1.0,1.0,1.0,1.0,1,0.22815027604606877,35
1801,1,3507,3507,0,0,0,0,1.0,1.0,1.0,1.0,1.0,1,0.2827843200595219,34
1802,2,3509,3509,0,0,0,0,1.0,1.0,1.0,1.0,1.0,1,0.27169002875311055,33
1803,3,3512,3512,0,0,0,0,1.0,1.0,1.0,1.0,1.0,1,0.26877577695386745,33
1804,2,3514,3514,0,0,0,0,1.0,1.0,1.0,1.0,1.0,1,0.26652561405470304,33
1805,5,3519,3519,0,0,0,0,1.0,1.0,1.0,1.0,1.0,1,0.22271803293329764,35
1806,2,3521,3521,0,0,0,0,1.0,1.0,1.0,1.0,1.0,1,0.1918403709269609,36
1807,5,3526,3526,0,0,0,0,1.0,1.0,1.0,1.0,1.0,1,0.12944314362792053,35
1808,0,3526,3526,0,0,0,0,1.0,1.0,1.0,1.0,1.0,1,0.10376924808967464,37
1809,3,3529,3529,0,0,0,0,1.0,1.0,1.0,1.0,1.0,1,0.14418442529777156,35
1810,1,3530,3530,0,0,0,0,1.0,1.0,1.0,1.0,1.0,1,0.18123015841110085,36
1811,2,3532,3532,0,0,0,0,1.0,1.0,1.0,1.0,1.0,1,0.24751306231783843,34
1812,1,3533,3533,0,0,0,0,1.0,1.0,1.0,1.0,1.0,1,0.2823214917231874,36
1813,3,3536,3536,0,0,0,0,1.0,1.0,1.0,1.0,1.0,1,0.3001206381093145,35
1814,3,3539,3539,0,0,0,0,1.0,1.0,1.0,1.0,1.0,1,0.2685550903704667,36
1815,4,3543,3543,0,0,0,0,1.0,1.0,1.0,1.0,1.0,1,0.26353873529649524,35
1816,1,3544,3544,0,0,0,0,1.0,1.0,1.0,1.0,1.0,1,0.24641050628277966,35
1817,2,3546,3546,0,0,0,0,1.0,1.0,1.0,1.0,1.0,1,0.19813814360805385,35
1818,2,3548,3548,0,0,0,0,1.0,1.0,1.0,1.0,1.0,1,0.23376967932939288,36
1819,2,3550,3550,0,0,0,0,1.0,1.0,1.0,1.0,1.0,1,0.23230156049697182,37
1820,1,3551,3551,0,0,0,0,1.0,1.0,1.0,1.0,1.0,1,0.2634667848452916,37
1821,1,3552,3552,0,0,0,0,1.0,1.0,1.0,1.0,1.0,1,0.25817001853985905,38
1822,2,3554,3554,0,0,0,0,1.0,1.0,1.0,1.0,1.0,1,0.24583953671783876,37
1823,0,3554,3554,0,0,0,0,1.0,1.0,1.0,1.0,1.0,1,0.2616123079600563,36
1824,2,3556,3556,0,0,0,0,1.0,1.0,1.0,1.0,1.0,1,0.23195279450894812,36
1825,1,3557,3557,0,0,0,0,1.0,1.0,1.0,1.0,1.0,1,0.15792483836748275,34
1826,1,3558,3558,0,0,0,0,1.0,1.0,1.0,1.0,1.0,1,0.15465120263702872,35
1827,2,3560,3560,0,0,0,0,1.0,1.0,1.0,1.0,1.0,1,0.12902269274221523,34
1828,0,3560,3560,0,0,0,0,1.0,1.0,1.0,1.0,1.0,1,0.12454384747691155,33
1829,2,3562,3562,0,0,0,0,1.0,1.0,1.0,1.0,1.0,1,0.06499934030603323,31
1830,1,3563,3563,0,0,0,0,1.0,1.0,1.0,1.0,1.0,1,0.13481236477921205,31
1831,1,3564,3564,0,0,0,0,1.0,1.0,1.0,1.0,1.0,1,0.1541946261785971,30
1832,1,3565,3565,0,0,0,0,1.0,1.0,1.0,1.0,1.0,1,0.20208626074794028,29
1833,3,3568,3568,0,0,0,0,1.0,1.0,1.0,1.0,1.0,1,0.20063960411122858,28
1834,1,3569,3569,0,0,0,0,1.0,1.0,1.0,1.0,1.0,1,0.19638158943632017,27
1835,2,3571,3571,0,0,0,0,1.0,1.0,1.0,1.0,1.0,1,0.1791996991137696,26
1836,2,3573,3573,0,0,0,0,1.0,1.0,1.0,1.0,1.0,1,0.22168060035337495,26
1837,1,3574,3574,0,0,0,0,1.0,1.0,1.0,1.0,1.0,1,0.2093899013136196,25
1838,1,3575,3575,0,0,0,0,1.0,1.0,1.0,1.0,1.0,1,0.16785980199877168,25
1839,4,3579,3579,0,0,0,0,1.0,1.0,1.0,1.0,1.0,1,0.25244287967169987,24
1840,3,3582,3582,0,0,0,0,1.0,1.0,1.0,1.0,1.0,1,0.21668752446864736,23
1841,3,3585,3585,0,0,0,0,1.0,1.0,1.0,1.0,1.0,1,0.4351146171686529,22
1842,3,3588,3588,0,0,0,0,1.0,1.0,1.0,1.0,1.0,1,0.4106559113205541,23
1843,3,3591,3591,0,0,0,0,1.0,1.0,1.0,1.0,1.0,1,0.3970147455521812,23
1844,2,3593,3593,0,0,0,0,1.0,1.0,1.0,1.0,1.0,1,0.3432377638357376,23
1845,0,3593,3593,0,0,0,0,1.0,1.0,1.0,1.0,1.0,1,0.3432377638357376,23
1846,2,3595,3595,0,0,0,0,1.0,1.0,1.0,1.0,1.0,1,0.2951681024833296,23
1847,1,3596,3596,0,0,0,0,1.0,1.0,1.0,1.0,1.0,1,0.23910720485019327,24
1848,0,3596,3596,0,0,0,0,1.0,1.0,1.0,1.0,1.0,1,0.23910720485019327,24
1849,0,3596,3596,0,0,0,0,1.0,1.0,1.0,1.0,1.0,1,0.19724639554926351,25
1850,1,3597,3597,0,0,0,0,1.0,1.0,1.0,1.0,1.0,1,0.17539416894126678,25
1851,0,3597,3597,0,0,0,0,1.0,1.0,1.0,1.0,1.0,1,0.17539416894126678,25
1852,0,3597,3597,0,0,0,0,1.0,1.0,1.0,1.0,1.0,1,0.17539416894126678,25
1853,0,3597,3597,0,0,0,0,1.0,1.0,1.0,1.0,1.0,1,0.20257923299259867,25
1854,0,3597,3597,0,0,0,0,1.0,1.0,1.0,1.0,1.0,1,0.20257923299259867,25
1855,0,3597,3597,0,0,0,0,1.0,1.0,1.0,1.0,1.0,1,0.22263495015953397,26
1856,0,3597,3597,0,0,0,0,1.0,1.0,1.0,1.0,1.0,1,0.2236434852475437,27
1857,2,3599,3599,0,0,0,0,1.0,1.0,1.0,1.0,1.0,1,0.22685312689694606,28
1858,1,3600,3600,0,0,0,0,1.0,1.0,1.0,1.0,1.0,1,0.24284591070135106,28
1859,0,3600,3600,0,0,0,0,1.0,1.0,1.0,1.0,1.0,1,0.24284591070135106,28
1860,0,3600,3600,0,0,0,0,1.0,1.0,1.0,1.0,1.0,1,0.24284591070135106,28
1861,2,3602,3602,0,0,0,0,1.0,1.0,1.0,1.0,1.0,1,0.25494010291174996,28
1862,0,3602,3602,0,0,0,0,1.0,1.0,1.0,1.0,1.0,1,0.25494010291174996,28
1863,1,3603,3603,0,0,0,0,1.0,1.0,1.0,1.0,1.0,1,0.27224531312785943,29
1864,1,3604,3604,0,0,0,0,1.0,1.0,1.0,1.0,1.0,1,0.24892815723732892,27
1865,2,3606,3606,0,0,0,0,1.0,1.0,1.0,1.0,1.0,1,0.12711897529072055,26
1866,0,3606,3606,0,0,0,0,1.0,1.0,1.0,1.0,1.0,1,0.12711897529072055,26
1867,0,3606,3606,0,0,0,0,1.0,1.0,1.0,1.0,1.0,1,0.12711897529072055,26
1868,2,3608,3608,0,0,0,0,1.0,1.0,1.0,1.0,1.0,1,0.1471842306672495,26
1869,0,3608,3608,0,0,0,0,1.0,1.0,1.0,1.0,1.0,1,0.1471842306672495,26
1870,1,3609,3609,0,0,0,0,1.0,1.0,1.0,1.0,1.0,1,0.10947408154396174,27
1871,0,3609,3609,0,0,0,0,1.0,1.0,1.0,1.0,1.0,1,0.10947408154396174,27
1872,0,3609,3609,0,0,0,0,1.0,1.0,1.0,1.0,1.0,1,0.1466213419577232,25
1873,3,3612,3612,0,0,0,0,1.0,1.0,1.0,1.0,1.0,1,0.24635019855325896,25
1874,1,3613,3613,0,0,0,0,1.0,1.0,1.0,1.0,1.0,1,0.2784033241076344,25
1875,2,3615,3615,0,0,0,0,1.0,1.0,1.0,1.0,1.0,1,0.3573912587668791,25
1876,0,3615,3615,0,0,0,0,1.0,1.0,1.0,1.0,1.0,1,0.31734077645299,26
1877,0,3615,3615,0,0,0,0,1.0,1.0,1.0,1.0,1.0,1,0.2916853322807768,27
1878,0,3615,3615,0,0,0,0,1.0,1.0,1.0,1.0,1.0,1,0.28971550765512477,28
1879,2,3617,3617,0,0,0,0,1.0,1.0,1.0,1.0,1.0,1,0.2837294274918339,29
1880,1,3618,3618,0,0,0,0,1.0,1.0,1.0,1.0,1.0,1,0.2670795945132874,29
1881,0,3618,3618,0,0,0,0,1.0,1.0,1.0,1.0,1.0,1,0.2670795945132874,29
1882,2,3620,3620,0,0,0,0,1.0,1.0,1.0,1.0,1.0,1,0.35696881576579814,28
1883,0,3620,3620,0,0,0,0,1.0,1.0,1.0,1.0,1.0,1,0.35696881576579814,28
1884,2,3622,3622,0,0,0,0,1.0,1.0,1.0,1.0,1.0,1,0.41324846864670606,28
1885,1,3623,3623,0,0,0,0,1.0,1.0,1.0,1.0,1.0,1,0.37968809950678095,28
1886,1,3624,3624,0,0,0,0,1.0,1.0,1.0,1.0,1.0,1,0.3199506696294007,29
1887,1,3625,3625,0,0,0,0,1.0,1.0,1.0,1.0,1.0,1,0.3509173560355035,29
1888,1,3626,3626,0,0,0,0,1.0,1.0,1.0,1.0,1.0,1,0.30027429043637827,31
1889,1,3627,3627,0,0,0,0,1.0,1.0,1.0,1.0,1.0,1,0.2716041751228621,31
1890,0,3627,3627,0,0,0,0,1.0,1.0,1.0,1.0,1.0,1,0.2716041751228621,31
1891,0,3627,3627,0,0,0,0,1.0,1.0,1.0,1.0,1.0,1,0.28565033895937963,32
1892,0,3627,3627,0,0,0,0,1.0,1.0,1.0,1.0,1.0,1,0.28565033895937963,32
1893,0,3627,3627,0,0,0,0,1.0,1.0,1.0,1.0,1.0,1,0.28565033895937963,32
1894,0,3627,3627,0,0,0,0,1.0,1.0,1.0,1.0,1.0,1,0.26581086308109364,33
1895,0,3627,3627,0,0,0,0,1.0,1.0,1.0,1.0,1.0,1,0.2746019455647968,35
1896,0,3627,3627,0,0,0,0,1.0,1.0,1.0,1.0,1.0,1,0.29846162636804474,34
1897,1,3628,3628,0,0,0,0,1.0,1.0,1.0,1.0,1.0,1,0.2969143395645282,34
1898,0,3628,3628,0,0,0,0,1.0,1.0,1.0,1.0,1.0,1,0.2969143395645282,34
1899,2,3630,3630,0,0,0,0,1.0,1.0,1.0,1.0,1.0,1,0.3499933852845613,34
1900,1,3631,3631,0,0,0,0,1.0,1.0,1.0,1.0,1.0,1,0.2923512448177044,35
1901,0,3631,3631,0,0,0,0,1.0,1.0,1.0,1.0,1.0,1,0.2923512448177044,35
1902,0,3631,3631,0,0,0,0,1.0,1.0,1.0,1.0,1.0,1,0.2923512448177044,35
1903,1,3632,3632,0,0,0,0,1.0,1.0,1.0,1.0,1.0,1,0.27793194678760397,35
1904,0,3632,3632,0,0,0,0,1.0,1.0,1.0,1.0,1.0,1,0.27793194678760397,35
1905,0,3632,3632,0,0,0,0,1.0,1.0,1.0,1.0,1.0,1,0.24217292355495426,37
1906,0,3632,3632,0,0,0,0,1.0,1.0,1.0,1.0,1.0,1,0.24217292355495426,37
1907,3,3635,3635,0,0,0,0,1.0,1.0,1.0,1.0,1.0,1,0.29118401726713933,39
1908,0,3635,3635,0,0,0,0,1.0,1.0,1.0,1.0,1.0,1,0.29118401726713933,39
1909,3,3638,3638,0,0,0,0,1.0,1.0,1.0,1.0,1.0,1,0.3068336132392885,41
1910,3,3641,3641,0,0,0,0,1.0,1.0,1.0,1.0,1.0,1,0.30642692178235464,41
1911,1,3642,3642,0,0,0,0,1.0,1.0,1.0,1.0,1.0,1,0.2971832868715499,40
1912,6,3648,3648,0,0,0,0,1.0,1.0,1.0,1.0,1.0,1,0.3731336266030656,39
1913,1,3649,3649,0,0,0,0,1.0,1.0,1.0,1.0,1.0,1,0.35828415799722185,40
1914,4,3653,3653,0,0,0,0,1.0,1.0,1.0,1.0,1.0,1,0.3267836467328682,41
1915,0,3653,3653,0,0,0,0,1.0,1.0,1.0,1.0,1.0,1,0.3291360207095869,42
1916,3,3656,3656,0,0,0,0,1.0,1.0,1.0,1.0,1.0,1,0.31132605464625795,42
1917,0,3656,3656,0,0,0,0,1.0,1.0,1.0,1.0,1.0,1,0.328480432685317,41
1918,2,3658,3658,0,0,0,0,1.0,1.0,1.0,1.0,1.0,1,0.2932647864812768,38
1919,0,3658,3658,0,0,0,0,1.0,1.0,1.0,1.0,1.0,1,0.33160589567142634,38
1920,3,3661,3661,0,0,0,0,1.0,1.0,1.0,1.0,1.0,1,0.3269320729575989,38
1921,3,3664,3664,0,0,0,0,1.0,1.0,1.0,1.0,1.0,1,0.28802771303903235,39
1922,1,3665,3665,0,0,0,0,1.0,1.0,1.0,1.0,1.0,1,0.29262177349754764,40
1923,3,3668,3668,0,0,0,0,1.0,1.0,1.0,1.0,1.0,1,0.21271019027760568,41
1924,4,3672,3672,0,0,0,0,1.0,1.0,1.0,1.0,1.0,1,0.20639538734450005,41
1925,3,3675,3675,0,0,0,0,1.0,1.0,1.0,1.0,1.0,1,0.16254476950226096,41
1926,2,3677,3677,0,0,0,0,1.0,1.0,1.0,1.0,1.0,1,0.12436414910349551,41
1927,2,3679,3679,0,0,0,0,1.0,1.0,1.0,1.0,1.0,1,0.15367721849851124,41
1928,0,3679,3679,0,0,0,0,1.0,1.0,1.0,1.0,1.0,1,0.16242550846774667,42
1929,0,3679,3679,0,0,0,0,1.0,1.0,1.0,1.0,1.0,1,0.1921593805633368,41
1930,1,3680,3680,0,0,0,0,1.0,1.0,1.0,1.0,1.0,1,0.20807662261239857,41
1931,0,3680,3680,0,0,0,0,1.0,1.0,1.0,1.0,1.0,1,0.20807662261239857,41
1932,1,3681,3681,0,0,0,0,1.0,1.0,1.0,1.0,1.0,1,0.23403363364825697,41
1933,0,3681,3681,0,0,0,0,1.0,1.0,1.0,1.0,1.0,1,0.23567456883162213,43
1934,4,3685,3685,0,0,0,0,1.0,1.0,1.0,1.0,1.0,1,0.1550840728363467,44
1935,1,3686,3686,0,0,0,0,1.0,1.0,1.0,1.0,1.0,1,0.117804454844331,45
1936,0,3686,3686,0,0,0,0,1.0,1.0,1.0,1.0,1.0,1,0.11097914565856384,48
1937,2,3688,3688,0,0,0,0,1.0,1.0,1.0,1.0,1.0,1,0.1303758376454164,48
1938,0,3688,3688,0,0,0,0,1.0,1.0,1.0,1.0,1.0,1,0.1303758376454164,48
1939,1,3689,3689,0,0,0,0,1.0,1.0,1.0,1.0,1.0,1,0.13258071274197814,48
1940,2,3691,3691,0,0,0,0,1.0,1.0,1.0,1.0,1.0,1,0.12593285989137198,48
1941,4,3695,3695,0,0,0,0,1.0,1.0,1.0,1.0,1.0,1,0.11045268436476197,48
1942,1,3696,3696,0,0,0,0,1.0,1.0,1.0,1.0,1.0,1,0.15035294260359347,49
1943,5,3701,3701,0,0,0,0,1.0,1.0,1.0,1.0,1.0,1,0.1758399566308248,48
1944,0,3701,3701,0,0,0,0,1.0,1.0,1.0,1.0,1.0,1,0.1994723499432637,47
1945,5,3706,3706,0,0,0,0,1.0,1.0,1.0,1.0,1.0,1,0.2740556185206863,46
1946,1,3707,3707,0,0,0,0,1.0,1.0,1.0,1.0,1.0,1,0.31259537193151105,46
1947,2,3709,3709,0,0,0,0,1.0,1.0,1.0,1.0,1.0,1,0.36226236178500937,45
1948,2,3711,3711,0,0,0,0,1.0,1.0,1.0,1.0,1.0,1,0.29006009114258235,46
1949,1,3712,3712,0,0,0,0,1.0,1.0,1.0,1.0,1.0,1,0.3325043737427468,42
1950,1,3713,3713,0,0,0,0,1.0,1.0,1.0,1.0,1.0,1,0.32502886433007183,40
1951,1,3714,3714,0,0,0,0,1.0,1.0,1.0,1.0,1.0,1,0.3619593694227376,39
1952,2,3716,3716,0,0,0,0,1.0,1.0,1.0,1.0,1.0,1,0.3802935942957637,35
1953,2,3718,3718,0,0,0,0,1.0,1.0,1.0,1.0,1.0,1,0.3437530350987632,36
1954,2,3720,3720,0,0,0,0,1.0,1.0,1.0,1.0,1.0,1,0.3652726401201068,34
1955,2,3722,3722,0,0,0,0,1.0,1.0,1.0,1.0,1.0,1,0.3081176393050437,35
1956,3,3725,3725,0,0,0,0,1.0,1.0,1.0,1.0,1.0,1,0.32836225580773837,37
1957,1,3726,3726,0,0,0,0,1.0,1.0,1.0,1.0,1.0,1,0.34605970737053643,37
1958,0,3726,3726,0,0,0,0,1.0,1.0,1.0,1.0,1.0,1,0.33023982359448684,39
1959,3,3729,3729,0,0,0,0,1.0,1.0,1.0,1.0,1.0,1,0.29769283485199305,41
1960,2,3731,3731,0,0,0,0,1.0,1.0,1.0,1.0,1.0,1,0.28481347089924897,40
1961,0,3731,3731,0,0,0,0,1.0,1.0,1.0,1.0,1.0,1,0.2670174567651192,41
1962,2,3733,3733,0,0,0,0,1.0,1.0,1.0,1.0,1.0,1,0.28931158762099807,40
1963,1,3734,3734,0,0,0,0,1.0,1.0,1.0,1.0,1.0,1,0.24591439919053223,41
1964,2,3736,3736,0,0,0,0,1.0,1.0,1.0,1.0,1.0,1,0.22794079598734213,40
1965,2,3738,3738,0,0,0,0,1.0,1.0,1.0,1.0,1.0,1,0.2017580554242362,41
1966,1,3739,3739,0,0,0,0,1.0,1.0,1.0,1.0,1.0,1,0.19301354809821505,41
1967,3,3742,3742,0,0,0,0,1.0,1.0,1.0,1.0,1.0,1,0.14092191322931075,42
1968,1,3743,3743,0,0,0,0,1.0,1.0,1.0,1.0,1.0,1,0.16791652125511025,42
1969,2,3745,3745,0,0,0,0,1.0,1.0,1.0,1.0,1.0,1,0.146657514840525,43
1970,0,3745,3745,0,0,0,0,1.0,1.0,1.0,1.0,1.0,1,0.17500186599075337,42
1971,2,3747,3747,0,0,0,0,1.0,1.0,1.0,1.0,1.0,1,0.1781488021253564,42
1972,1,3748,3748,0,0,0,0,1.0,1.0,1.0,1.0,1.0,1,0.21291497370943524,42
1973,2,3750,3750,0,0,0,0,1.0,1.0,1.0,1.0,1.0,1,0.1919850989606349,43
1974,2,3752,3752,0,0,0,0,1.0,1.0,1.0,1.0,1.0,1,0.19679165743385163,43
1975,6,3758,3758,0,0,0,0,1.0,1.0,1.0,1.0,1.0,1,0.15508276911038038,43
1976,2,3760,3760,0,0,0,0,1.0,1.0,1.0,1.0,1.0,1,0.21602953764021388,43
1977,4,3764,3764,0,0,0,0,1.0,1.0,1.0,1.0,1.0,1,0.23165130018806232,48
1978,0,3764,3764,0,0,0,0,1.0,1.0,1.0,1.0,1.0,1,0.23165130018806232,48
1979,2,3766,3766,0,0,0,0,1.0,1.0,1.0,1.0,1.0,1,0.23424062801671874,49
1980,2,3768,3768,0,0,0,0,1.0,1.0,1.0,1.0,1.0,1,0.26368727249329765,50
1981,0,3768,3768,0,0,0,0,1.0,1.0,1.0,1.0,1.0,1,0.26368727249329765,50
1982,2,3770,3770,0,0,0,0,1.0,1.0,1.0,1.0,1.0,1,0.290217987728121,50
1983,3,3773,3773,0,0,0,0,1.0,1.0,1.0,1.0,1.0,1,0.286473100580311,49
1984,1,3774,3774,0,0,0,0,1.0,1.0,1.0,1.0,1.0,1,0.24947358930143904,48
1985,4,3778,3778,0,0,0,0,1.0,1.0,1.0,1.0,1.0,1,0.2604457451761909,46
1986,0,3778,3778,0,0,0,0,1.0,1.0,1.0,1.0,1.0,1,0.2604457451761909,46
1987,3,3781,3781,0,0,0,0,1.0,1.0,1.0,1.0,1.0,1,0.30677750428079503,42
1988,3,3784,3784,0,0,0,0,1.0,1.0,1.0,1.0,1.0,1,0.30399210497215223,40
1989,1,3785,3785,0,0,0,0,1.0,1.0,1.0,1.0,1.0,1,0.29382621544260973,38
1990,3,3788,3788,0,0,0,0,1.0,1.0,1.0,1.0,1.0,1,0.2977184756185058,38
1991,2,3790,3790,0,0,0,0,1.0,1.0,1.0,1.0,1.0,1,0.28562336330010246,38
1992,1,3791,3791,0,0,0,0,1.0,1.0,1.0,1.0,1.0,1,0.2893186211622878,39
1993,0,3791,3791,0,0,0,0,1.0,1.0,1.0,1.0,1.0,1,0.3128133665018312,38
1994,3,3794,3794,0,0,0,0,1.0,1.0,1.0,1.0,1.0,1,0.24602811285409387,37
1995,1,3795,3795,0,0,0,0,1.0,1.0,1.0,1.0,1.0,1,0.24901226625181325,37
1996,3,3798,3798,0,0,0,0,1.0,1.0,1.0,1.0,1.0,1,0.22448084722729292,37
1997,1,3799,3799,0,0,0,0,1.0,1.0,1.0,1.0,1.0,1,0.2300150111846109,35
1998,2,3801,3801,0,0,0,0,1.0,1.0,1.0,1.0,1.0,1,0.26881668859737157,34
1999,2,3803,3803,0,0,0,0,1.0,1.0,1.0,1.0,1.0,1,0.21284174463247965,35
2000,3,3806,3806,0,0,0,0,1.0,1.0,1.0,1.0,1.0,1,0.21756221471846066,34
2001,3,3809,3809,0,0,0,0,1.0,1.0,1.0,1.0,1.0,1,0.184817802545253,35
2002,2,3811,3811,0,0,0,0,1.0,1.0,1.0,1.0,1.0,1,0.11261090942466262,36
2003,0,3811,3811,0,0,0,0,1.0,1.0,1.0,1.0,1.0,1,0.11561234858728155,37
2004,4,3815,3815,0,0,0,0,1.0,1.0,1.0,1.0,1.0,1,0.10879613313440172,38
2005,2,3817,3817,0,0,0,0,1.0,1.0,1.0,1.0,1.0,1,0.1387427341026538,38
2006,3,3820,3820,0,0,0,0,1.0,1.0,1.0,1.0,1.0,1,0.15450363160908737,38
2007,2,3822,3822,0,0,0,0,1.0,1.0,1.0,1.0,1.0,1,0.13688963321300204,40
2008,0,3822,3822,0,0,0,0,1.0,1.0,1.0,1.0,1.0,1,0.13688963321300204,40
2009,5,3827,3827,0,0,0,0,1.0,1.0,1.0,1.0,1.0,1,0.1939867372223687,41
2010,0,3827,3827,0,0,0,0,1.0,1.0,1.0,1.0,1.0,1,0.1939867372223687,41
2011,2,3829,3829,0,0,0,0,1.0,1.0,1.0,1.0,1.0,1,0.24364451921393238,41
2012,1,3830,3830,0,0,0,0,1.0,1.0,1.0,1.0,1.0,1,0.265809942999275,41
2013,3,3833,3833,0,0,0,0,1.0,1.0,1.0,1.0,1.0,1,0.20591008928051555,43
2014,0,3833,3833,0,0,0,0,1.0,1.0,1.0,1.0,1.0,1,0.22084098934178714,43
2015,3,3836,3836,0,0,0,0,1.0,1.0,1.0,1.0,1.0,1,0.19653053969239442,43
2016,2,3838,3838,0,0,0,0,1.0,1.0,1.0,1.0,1.0,1,0.2428714261947203,44
2017,3,3841,3841,0,0,0,0,1.0,1.0,1.0,1.0,1.0,1,0.2260611648057027,45
2018,2,3843,3843,0,0,0,0,1.0,1.0,1.0,1.0,1.0,1,0.2159676528961966,46
2019,3,3846,3846,0,0,0,0,1.0,1.0,1.0,1.0,1.0,1,0.20934606596798425,47
2020,0,3846,3846,0,0,0,0,1.0,1.0,1.0,1.0,1.0,1,0.20934606596798425,47
2021,3,3849,3849,0,0,0,0,1.0,1.0,1.0,1.0,1.0,1,0.19227268517297158,47
2022,0,3849,3849,0,0,0,0,1.0,1.0,1.0,1.0,1.0,1,0.1936678544553817,48
2023,0,3849,3849,0,0,0,0,1.0,1.0,1.0,1.0,1.0,1,0.1936678544553817,48
2024,3,3852,3852,0,0,0,0,1.0,1.0,1.0,1.0,1.0,1,0.16770455902230155,45
2025,1,3853,3853,0,0,0,0,1.0,1.0,1.0,1.0,1.0,1,0.2077688248969259,42
2026,4,3857,3857,0,0,0,0,1.0,1.0,1.0,1.0,1.0,1,0.17068516575560072,44
2027,1,3858,3858,0,0,0,0,1.0,1.0,1.0,1.0,1.0,1,0.17058819654974464,40
2028,2,3860,3860,0,0,0,0,1.0,1.0,1.0,1.0,1.0,1,0.16105515235639803,39
2029,3,3863,3863,0,0,0,0,1.0,1.0,1.0,1.0,1.0,1,0.1512142452022897,37
2030,1,3864,3864,0,0,0,0,1.0,1.0,1.0,1.0,1.0,1,0.16559630127124786,34
2031,3,3867,3867,0,0,0,0,1.0,1.0,1.0,1.0,1.0,1,0.11747082395849097,35
2032,2,3869,3869,0,0,0,0,1.0,1.0,1.0,1.0,1.0,1,0.16628743983845817,34
2033,3,3872,3872,0,0,0,0,1.0,1.0,1.0,1.0,1.0,1,0.12555319054668324,36
2034,1,3873,3873,0,0,0,0,1.0,1.0,1.0,1.0,1.0,1,0.1542536763901922,34
2035,2,3875,3875,0,0,0,0,1.0,1.0,1.0,1.0,1.0,1,0.1340706389056783,35
2036,1,3876,3876,0,0,0,0,1.0,1.0,1.0,1.0,1.0,1,0.15398335646218209,34
2037,1,3877,3877,0,0,0,0,1.0,1.0,1.0,1.0,1.0,1,0.1334562747166415,35
2038,2,3879,3879,0,0,0,0,1.0,1.0,1.0,1.0,1.0,1,0.09019917373479806,36
2039,0,3879,3879,0,0,0,0,1.0,1.0,1.0,1.0,1.0,1,0.05853621468439037,38
2040,0,3879,3879,0,0,0,0,1.0,1.0,1.0,1.0,1.0,1,0.05853621468439037,38
2041,2,3881,3881,0,0,0,0,1.0,1.0,1.0,1.0,1.0,1,0.06880020880665512,39
2042,0,3881,3881,0,0,0,0,1.0,1.0,1.0,1.0,1.0,1,0.06880020880665512,39
2043,5,3886,3886,0,0,0,0,1.0,1.0,1.0,1.0,1.0,1,0.09665128939348537,39
2044,1,3887,3887,0,0,0,0,1.0,1.0,1.0,1.0,1.0,1,0.10115251267403645,39
2045,5,3892,3892,0,0,0,0,1.0,1.0,1.0,1.0,1.0,1,0.07480880070372012,41
2046,1,3893,3893,0,0,0,0,1.0,1.0,1.0,1.0,1.0,1,0.1304798287213181,42
2047,6,3899,3899,0,0,0,0,1.0,1.0,1.0,1.0,1.0,1,0.10441967077750398,42
2048,3,3902,3902,0,0,0,0,1.0,1.0,1.0,1.0,1.0,1,0.20820792661817117,43
2049,3,3905,3905,0,0,0,0,1.0,1.0,1.0,1.0,1.0,1,0.13658253912515916,44
2050,3,3908,3908,0,0,0,0,1.0,1.0,1.0,1.0,1.0,1,0.2091604970639092,44
2051,0,3908,3908,0,0,0,0,1.0,1.0,1.0,1.0,1.0,1,0.24190870945462561,45
2052,3,3911,3911,0,0,0,0,1.0,1.0,1.0,1.0,1.0,1,0.2846428297251319,45
2053,3,3914,3914,0,0,0,0,1.0,1.0,1.0,1.0,1.0,1,0.24873462987628528,45
2054,3,3917,3917,0,0,0,0,1.0,1.0,1.0,1.0,1.0,1,0.23146119914649252,46
2055,2,3919,3919,0,0,0,0,1.0,1.0,1.0,1.0,1.0,1,0.2067240706745037,46
2056,2,3921,3921,0,0,0,0,1.0,1.0,1.0,1.0,1.0,1,0.16920664164956328,46
2057,0,3921,3921,0,0,0,0,1.0,1.0,1.0,1.0,1.0,1,0.15804063981658126,47
2058,2,3923,3923,0,0,0,0,1.0,1.0,1.0,1.0,1.0,1,0.11145041687931145,47
2059,2,3925,3925,0,0,0,0,1.0,1.0,1.0,1.0,1.0,1,0.087150637068798,48
2060,2,3927,3927,0,0,0,0,1.0,1.0,1.0,1.0,1.0,1,0.11264378913638956,50
2061,0,3927,3927,0,0,0,0,1.0,1.0,1.0,1.0,1.0,1,0.1205709059289275,51
2062,2,3929,3929,0,0,0,0,1.0,1.0,1.0,1.0,1.0,1,0.10045216564353969,49
2063,0,3929,3929,0,0,0,0,1.0,1.0,1.0,1.0,1.0,1,0.10427189318919235,48
2064,1,3930,3930,0,0,0,0,1.0,1.0,1.0,1.0,1.0,1,0.09340396725223929,45
2065,3,3933,3933,0,0,0,0,1.0,1.0,1.0,1.0,1.0,1,0.08671468581440007,44
2066,1,3934,3934,0,0,0,0,1.0,1.0,1.0,1.0,1.0,1,0.0905273980248603,42
2067,2,3936,3936,0,0,0,0,1.0,1.0,1.0,1.0,1.0,1,0.09624250973413086,41
2068,2,3938,3938,0,0,0,0,1.0,1.0,1.0,1.0,1.0,1,0.10153909445531599,40
2069,3,3941,3941,0,0,0,0,1.0,1.0,1.0,1.0,1.0,1,0.13086721346487923,40
2070,1,3942,3942,0,0,0,0,1.0,1.0,1.0,1.0,1.0,1,0.12510879214903445,40
2071,1,3943,3943,0,0,0,0,1.0,1.0,1.0,1.0,1.0,1,0.10961057345493644,40
2072,1,3944,3944,0,0,0,0,1.0,1.0,1.0,1.0,1.0,1,0.14466378632726365,41
2073,2,3946,3946,0,0,0,0,1.0,1.0,1.0,1.0,1.0,1,0.06049902841681823,41
2074,1,3947,3947,0,0,0,0,1.0,1.0,1.0,1.0,1.0,1,0.064442719887919,41
2075,2,3949,3949,0,0,0,0,1.0,1.0,1.0,1.0,1.0,1,0.04013129431747045,41
2076,0,3949,3949,0,0,0,0,1.0,1.0,1.0,1.0,1.0,1,0.025392785610460752,41
2077,5,3954,3954,0,0,0,0,1.0,1.0,1.0,1.0,1.0,1,0.0740413540352363,40
2078,3,3957,3957,0,0,0,0,1.0,1.0,1.0,1.0,1.0,1,0.06036406587452356,40
2079,2,3959,3959,0,0,0,0,1.0,1.0,1.0,1.0,1.0,1,0.1467881413448652,39
2080,3,3962,3962,0,0,0,0,1.0,1.0,1.0,1.0,1.0,1,0.17511877103292475,38
2081,4,3966,3966,0,0,0,0,1.0,1.0,1.0,1.0,1.0,1,0.2369688577423404,40
2082,1,3967,3967,0,0,0,0,1.0,1.0,1.0,1.0,1.0,1,0.22768174533159125,41
2083,3,3970,3970,0,0,0,0,1.0,1.0,1.0,1.0,1.0,1,0.25179440587069535,40
2084,3,3973,3973,0,0,0,0,1.0,1.0,1.0,1.0,1.0,1,0.2568176280172544,42
2085,4,3977,3977,0,0,0,0,1.0,1.0,1.0,1.0,1.0,1,0.24202014455484136,42
2086,2,3979,3979,0,0,0,0,1.0,1.0,1.0,1.0,1.0,1,0.2151288219116931,43
2087,2,3981,3981,0,0,0,0,1.0,1.0,1.0,1.0,1.0,1,0.24042989367976478,45
2088,0,3981,3981,0,0,0,0,1.0,1.0,1.0,1.0,1.0,1,0.2406074136745124,46
2089,0,3981,3981,0,0,0,0,1.0,1.0,1.0,1.0,1.0,1,0.2190403195890984,47
2090,1,3982,3982,0,0,0,0,1.0,1.0,1.0,1.0,1.0,1,0.2460626583262879,49
2091,2,3984,3984,0,0,0,0,1.0,1.0,1.0,1.0,1.0,1,0.18679674634344248,49
2092,1,3985,3985,0,0,0,0,1.0,1.0,1.0,1.0,1.0,1,0.20022740961481963,49
2093,1,3986,3986,0,0,0,0,1.0,1.0,1.0,1.0,1.0,1,0.16661866236371556,49
2094,1,3987,3987,0,0,0,0,1.0,1.0,1.0,1.0,1.0,1,0.17469057130720983,49
2095,2,3989,3989,0,0,0,0,1.0,1.0,1.0,1.0,1.0,1,0.15549404673253994,49
2096,1,3990,3990,0,0,0,0,1.0,1.0,1.0,1.0,1.0,1,0.1874461598002051,51
2097,2,3992,3992,0,0,0,0,1.0,1.0,1.0,1.0,1.0,1,0.14529059783707388,51
2098,1,3993,3993,0,0,0,0,1.0,1.0,1.0,1.0,1.0,1,0.13450999362676488,52
2099,1,3994,3994,0,0,0,0,1.0,1.0,1.0,1.0,1.0,1,0.16345239200389927,51
2100,2,3996,3996,0,0,0,0,1.0,1.0,1.0,1.0,1.0,1,0.17975573315020818,51
2101,0,3996,3996,0,0,0,0,1.0,1.0,1.0,1.0,1.0,1,0.18644390988933554,48
2102,0,3996,3996,0,0,0,0,1.0,1.0,1.0,1.0,1.0,1,0.1943650488973498,49
2103,1,3997,3997,0,0,0,0,1.0,1.0,1.0,1.0,1.0,1,0.2120388938622146,48
2104,3,4000,4000,0,0,0,0,1.0,1.0,1.0,1.0,1.0,1,0.23403659704973775,43
2105,2,4002,4002,0,0,0,0,1.0,1.0,1.0,1.0,1.0,1,0.28846475247825115,42
2106,1,4003,4003,0,0,0,0,1.0,1.0,1.0,1.0,1.0,1,0.25319258519822263,40
2107,2,4005,4005,0,0,0,0,1.0,1.0,1.0,1.0,1.0,1,0.3165060293243575,39
2108,2,4007,4007,0,0,0,0,1.0,1.0,1.0,1.0,1.0,1,0.3434617494956771,38
2109,0,4007,4007,0,0,0,0,1.0,1.0,1.0,1.0,1.0,1,0.3302714654190581,37
2110,1,4008,4008,0,0,0,0,1.0,1.0,1.0,1.0,1.0,1,0.2974076824030947,38
2111,3,4011,4011,0,0,0,0,1.0,1.0,1.0,1.0,1.0,1,0.28787171130782613,37
2112,1,4012,4012,0,0,0,0,1.0,1.0,1.0,1.0,1.0,1,0.25185777042843777,36
2113,2,4014,4014,0,0,0,0,1.0,1.0,1.0,1.0,1.0,1,0.2796635396038213,36
2114,1,4015,4015,0,0,0,0,1.0,1.0,1.0,1.0,1.0,1,0.2556406969655782,36
2115,3,4018,4018,0,0,0,0,1.0,1.0,1.0,1.0,1.0,1,0.24365151839544336,35
2116,0,4018,4018,0,0,0,0,1.0,1.0,1.0,1.0,1.0,1,0.2571174478776483,37
2117,2,4020,4020,0,0,0,0,1.0,1.0,1.0,1.0,1.0,1,0.22677953660217218,38
2118,1,4021,4021,0,0,0,0,1.0,1.0,1.0,1.0,1.0,1,0.25724369311138057,40
2119,1,4022,4022,0,0,0,0,1.0,1.0,1.0,1.0,1.0,1,0.26746253954267873,40
2120,0,4022,4022,0,0,0,0,1.0,1.0,1.0,1.0,1.0,1,0.26703821160232155,41
2121,1,4023,4023,0,0,0,0,1.0,1.0,1.0,1.0,1.0,1,0.28920857438503067,41
2122,1,4024,4024,0,0,0,0,1.0,1.0,1.0,1.0,1.0,1,0.2982363387635478,42
2123,1,4025,4025,0,0,0,0,1.0,1.0,1.0,1.0,1.0,1,0.25661395396890696,43
2124,1,4026,4026,0,0,0,0,1.0,1.0,1.0,1.0,1.0,1,0.30224774364892376,41
2125,0,4026,4026,0,0,0,0,1.0,1.0,1.0,1.0,1.0,1,0.30224774364892376,41
2126,0,4026,4026,0,0,0,0,1.0,1.0,1.0,1.0,1.0,1,0.329368760508147,40
2127,0,4026,4026,0,0,0,0,1.0,1.0,1.0,1.0,1.0,1,0.329368760508147,40
2128,2,4028,4028,0,0,0,0,1.0,1.0,1.0,1.0,1.0,1,0.2989092399688686,41
2129,4,4032,4032,0,0,0,0,1.0,1.0,1.0,1.0,1.0,1,0.29779766919735035,42
2130,2,4034,4034,0,0,0,0,1.0,1.0,1.0,1.0,1.0,1,0.2855896305714051,45
2131,5,4039,4039,0,0,0,0,1.0,1.0,1.0,1.0,1.0,1,0.2664816882363852,45
2132,4,4043,4043,0,0,0,0,1.0,1.0,1.0,1.0,1.0,1,0.20909016376759246,46
2133,4,4047,4047,0,0,0,0,1.0,1.0,1.0,1.0,1.0,1,0.12761486755151008,46
2134,4,4051,4051,0,0,0,0,1.0,1.0,1.0,1.0,1.0,1,0.13711171055407823,47
2135,5,4056,4056,0,0,0,0,1.0,1.0,1.0,1.0,1.0,1,0.10020713733878454,47
2136,5,4061,4061,0,0,0,0,1.0,1.0,1.0,1.0,1.0,1,0.10525085356232074,47
2137,1,4062,4062,0,0,0,0,1.0,1.0,1.0,1.0,1.0,1,0.0808500770677388,49
2138,3,4065,4065,0,0,0,0,1.0,1.0,1.0,1.0,1.0,1,0.09793598152233139,49
2139,0,4065,4065,0,0,0,0,1.0,1.0,1.0,1.0,1.0,1,0.11526979400388553,47
2140,2,4067,4067,0,0,0,0,1.0,1.0,1.0,1.0,1.0,1,0.09393173586531958,48
2141,1,4068,4068,0,0,0,0,1.0,1.0,1.0,1.0,1.0,1,0.10684316073879227,47
2142,2,4070,4070,0,0,0,0,1.0,1.0,1.0,1.0,1.0,1,0.12534432252529287,47
2143,3,4073,4073,0,0,0,0,1.0,1.0,1.0,1.0,1.0,1,0.13405510416671473,48
2144,3,4076,4076,0,0,0,0,1.0,1.0,1.0,1.0,1.0,1,0.1613908417432166,48
2145,5,4081,4081,0,0,0,0,1.0,1.0,1.0,1.0,1.0,1,0.15489980885219143,46
2146,4,4085,4085,0,0,0,0,1.0,1.0,1.0,1.0,1.0,1,0.1848561181371197,47
2147,6,4091,4091,0,0,0,0,1.0,1.0,1.0,1.0,1.0,1,0.12165626357683935,48
2148,3,4094,4094,0,0,0,0,1.0,1.0,1.0,1.0,1.0,1,0.1510240637147467,46
2149,6,4100,4100,0,0,0,0,1.0,1.0,1.0,1.0,1.0,1,0.1966157296281065,46
2150,0,4100,4100,0,0,0,0,1.0,1.0,1.0,1.0,1.0,1,0.20587547729072095,46
2151,3,4103,4103,0,0,0,0,1.0,1.0,1.0,1.0,1.0,1,0.20177236771660156,44
2152,0,4103,4103,0,0,0,0,1.0,1.0,1.0,1.0,1.0,1,0.2027886085161785,45
2153,3,4106,4106,0,0,0,0,1.0,1.0,1.0,1.0,1.0,1,0.1659825250036198,48
2154,0,4106,4106,0,0,0,0,1.0,1.0,1.0,1.0,1.0,1,0.19103899155876447,47
2155,1,4107,4107,0,0,0,0,1.0,1.0,1.0,1.0,1.0,1,0.16346459735800623,48
2156,3,4110,4110,0,0,0,0,1.0,1.0,1.0,1.0,1.0,1,0.17927344960177083,45
2157,2,4112,4112,0,0,0,0,1.0,1.0,1.0,1.0,1.0,1,0.22089221184046423,43
2158,5,4117,4117,0,0,0,0,1.0,1.0,1.0,1.0,1.0,1,0.1925263578358251,43
2159,2,4119,4119,0,0,0,0,1.0,1.0,1.0,1.0,1.0,1,0.1530239979978989,43
2160,5,4124,4124,0,0,0,0,1.0,1.0,1.0,1.0,1.0,1,0.22352211091933985,41
2161,4,4128,4128,0,0,0,0,1.0,1.0,1.0,1.0,1.0,1,0.24868509028527347,41
2162,2,4130,4130,0,0,0,0,1.0,1.0,1.0,1.0,1.0,1,0.22669474125977684,42
2163,3,4133,4133,0,0,0,0,1.0,1.0,1.0,1.0,1.0,1,0.13208826128211806,43
2164,0,4133,4133,0,0,0,0,1.0,1.0,1.0,1.0,1.0,1,0.1259789786363311,44
2165,2,4135,4135,0,0,0,0,1.0,1.0,1.0,1.0,1.0,1,0.058308424606778944,44
2166,0,4135,4135,0,0,0,0,1.0,1.0,1.0,1.0,1.0,1,0.04935277084446295,46
2167,2,4137,4137,0,0,0,0,1.0,1.0,1.0,1.0,1.0,1,0.09438224939003438,46
2168,0,4137,4137,0,0,0,0,1.0,1.0,1.0,1.0,1.0,1,0.08857556237138783,45
2169,1,4138,4138,0,0,0,0,1.0,1.0,1.0,1.0,1.0,1,0.11547723445732688,49
2170,1,4139,4139,0,0,0,0,1.0,1.0,1.0,1.0,1.0,1,0.1281439309182619,49
2171,2,4141,4141,0,0,0,0,1.0,1.0,1.0,1.0,1.0,1,0.16672537526615047,51
2172,1,4142,4142,0,0,0,0,1.0,1.0,1.0,1.0,1.0,1,0.1590418849273543,52
2173,2,4144,4144,0,0,0,0,1.0,1.0,1.0,1.0,1.0,1,0.19932203409835647,52
2174,3,4147,4147,0,0,0,0,1.0,1.0,1.0,1.0,1.0,1,0.17400723068650137,52
2175,3,4150,4150,0,0,0,0,1.0,1.0,1.0,1.0,1.0,1,0.22977366198072863,53
2176,4,4154,4154,0,0,0,0,1.0,1.0,1.0,1.0,1.0,1,0.24062079951301013,54
2177,6,4160,4160,0,0,0,0,1.0,1.0,1.0,1.0,1.0,1,0.3071066933428585,55
2178,0,4160,4160,0,0,0,0,1.0,1.0,1.0,1.0,1.0,1,0.2996161196548176,54
2179,5,4165,4165,0,0,0,0,1.0,1.0,1.0,1.0,1.0,1,0.22564390402613943,52
2180,2,4167,4167,0,0,0,0,1.0,1.0,1.0,1.0,1.0,1,0.2681620725238452,51
2181,2,4169,4169,0,0,0,0,1.0,1.0,1.0,1.0,1.0,1,0.19759239010379226,49
2182,7,4176,4176,0,0,0,0,1.0,1.0,1.0,1.0,1.0,1,0.15363105131487487,49
2183,5,4181,4181,0,0,0,0,1.0,1.0,1.0,1.0,1.0,1,0.15896059348852515,46
2184,1,4182,4182,0,0,0,0,1.0,1.0,1.0,1.0,1.0,1,0.14970858602300888,45
2185,3,4185,4185,0,0,0,0,1.0,1.0,1.0,1.0,1.0,1,0.04381653956083184,44
2186,3,4188,4188,0,0,0,0,1.0,1.0,1.0,1.0,1.0,1,0.06697680018319513,42
2187,1,4189,4189,0,0,0,0,1.0,1.0,1.0,1.0,1.0,1,0.07965511346633901,40
2188,2,4191,4191,0,0,0,0,1.0,1.0,1.0,1.0,1.0,1,0.0779328652841647,38
2189,2,4193,4193,0,0,0,0,1.0,1.0,1.0,1.0,1.0,1,0.07226694955788096,36
2190,1,4194,4194,0,0,0,0,1.0,1.0,1.0,1.0,1.0,1,0.10666293512753272,34
2191,2,4196,4196,0,0,0,0,1.0,1.0,1.0,1.0,1.0,1,0.14900815910125687,34
2192,0,4196,4196,0,0,0,0,1.0,1.0,1.0,1.0,1.0,1,0.1701949694729132,33
2193,4,4200,4200,0,0,0,0,1.0,1.0,1.0,1.0,1.0,1,0.1548479042476058,32
2194,0,4200,4200,0,0,0,0,1.0,1.0,1.0,1.0,1.0,1,0.1548479042476058,32
2195,1,4201,4201,0,0,0,0,1.0,1.0,1.0,1.0,1.0,1,0.1529972720028028,31
2196,1,4202,4202,0,0,0,0,1.0,1.0,1.0,1.0,1.0,1,0.12035768499764232,32
2197,2,4204,4204,0,0,0,0,1.0,1.0,1.0,1.0,1.0,1,0.08364241146477694,31
2198,0,4204,4204,0,0,0,0,1.0,1.0,1.0,1.0,1.0,1,0.08364241146477694,31
2199,1,4205,4205,0,0,0,0,1.0,1.0,1.0,1.0,1.0,1,0.057042600005312596,32
2200,1,4206,4206,0,0,0,0,1.0,1.0,1.0,1.0,1.0,1,0.11132838901870941,35
2201,2,4208,4208,0,0,0,0,1.0,1.0,1.0,1.0,1.0,1,0.13005577093520418,36
2202,2,4210,4210,0,0,0,0,1.0,1.0,1.0,1.0,1.0,1,0.13972084096631762,36
2203,1,4211,4211,0,0,0,0,1.0,1.0,1.0,1.0,1.0,1,0.11326269630147928,37
2204,2,4213,4213,0,0,0,0,1.0,1.0,1.0,1.0,1.0,1,0.1262243293660441,36
2205,5,4218,4218,0,0,0,0,1.0,1.0,1.0,1.0,1.0,1,0.09160289069105734,37
2206,2,4220,4220,0,0,0,0,1.0,1.0,1.0,1.0,1.0,1,0.19825222349323976,35
2207,4,4224,4224,0,0,0,0,1.0,1.0,1.0,1.0,1.0,1,0.1364183503613821,37
2208,1,4225,4225,0,0,0,0,1.0,1.0,1.0,1.0,1.0,1,0.19014806275574617,36
2209,5,4230,4230,0,0,0,0,1.0,1.0,1.0,1.0,1.0,1,0.17823682867295748,35
2210,1,4231,4231,0,0,0,0,1.0,1.0,1.0,1.0,1.0,1,0.21645554450388305,38
2211,2,4233,4233,0,0,0,0,1.0,1.0,1.0,1.0,1.0,1,0.22905262537979365,37
2212,1,4234,4234,0,0,0,0,1.0,1.0,1.0,1.0,1.0,1,0.23007822254840501,38
2213,5,4239,4239,0,0,0,0,1.0,1.0,1.0,1.0,1.0,1,0.14434036884570642,38
2214,1,4240,4240,0,0,0,0,1.0,1.0,1.0,1.0,1.0,1,0.13917172487438106,39
2215,3,4243,4243,0,0,0,0,1.0,1.0,1.0,1.0,1.0,1,0.11316171867916111,39
2216,6,4249,4249,0,0,0,0,1.0,1.0,1.0,1.0,1.0,1,0.17508392819251928,39
2217,2,4251,4251,0,0,0,0,1.0,1.0,1.0,1.0,1.0,1,0.13466093593325607,38
2218,1,4252,4252,0,0,0,0,1.0,1.0,1.0,1.0,1.0,1,0.15523433087571936,37
2219,0,4252,4252,0,0,0,0,1.0,1.0,1.0,1.0,1.0,1,0.16914108568886715,36
2220,0,4252,4252,0,0,0,0,1.0,1.0,1.0,1.0,1.0,1,0.19195244946537535,34
2221,2,4254,4254,0,0,0,0,1.0,1.0,1.0,1.0,1.0,1,0.16371435454511332,35
2222,1,4255,4255,0,0,0,0,1.0,1.0,1.0,1.0,1.0,1,0.21966539803747684,33
2223,3,4258,4258,0,0,0,0,1.0,1.0,1.0,1.0,1.0,1,0.2090878559442115,34
2224,3,4261,4261,0,0,0,0,1.0,1.0,1.0,1.0,1.0,1,0.22188416901742677,32
2225,2,4263,4263,0,0,0,0,1.0,1.0,1.0,1.0,1.0,1,0.16061209502087903,33
2226,1,4264,4264,0,0,0,0,1.0,1.0,1.0,1.0,1.0,1,0.13348857357355776,32
2227,0,4264,4264,0,0,0,0,1.0,1.0,1.0,1.0,1.0,1,0.11608227756480727,31
2228,2,4266,4266,0,0,0,0,1.0,1.0,1.0,1.0,1.0,1,0.17312611364002553,32
2229,0,4266,4266,0,0,0,0,1.0,1.0,1.0,1.0,1.0,1,0.17312611364002553,32
2230,0,4266,4266,0,0,0,0,1.0,1.0,1.0,1.0,1.0,1,0.199599022408774,31
2231,1,4267,4267,0,0,0,0,1.0,1.0,1.0,1.0,1.0,1,0.2046767920169553,32
2232,1,4268,4268,0,0,0,0,1.0,1.0,1.0,1.0,1.0,1,0.15794271562381754,32
2233,2,4270,4270,0,0,0,0,1.0,1.0,1.0,1.0,1.0,1,0.197822616451712,31
2234,3,4273,4273,0,0,0,0,1.0,1.0,1.0,1.0,1.0,1,0.127072034614524,32
2235,1,4274,4274,0,0,0,0,1.0,1.0,1.0,1.0,1.0,1,0.21520661352158485,31
2236,4,4278,4278,0,0,0,0,1.0,1.0,1.0,1.0,1.0,1,0.1900119427789528,31
2237,3,4281,4281,0,0,0,0,1.0,1.0,1.0,1.0,1.0,1,0.19094021634177052,31
2238,5,4286,4286,0,0,0,0,1.0,1.0,1.0,1.0,1.0,1,0.2227644905910317,31
2239,3,4289,4289,0,0,0,0,1.0,1.0,1.0,1.0,1.0,1,0.21851241859090054,31
2240,4,4293,4293,0,0,0,0,1.0,1.0,1.0,1.0,1.0,1,0.2739121360697223,32
2241,1,4294,4294,0,0,0,0,1.0,1.0,1.0,1.0,1.0,1,0.2853101675935521,32
2242,2,4296,4296,0,0,0,0,1.0,1.0,1.0,1.0,1.0,1,0.3265036553274782,34
2243,0,4296,4296,0,0,0,0,1.0,1.0,1.0,1.0,1.0,1,0.3265036553274782,34
2244,4,4300,4300,0,0,0,0,1.0,1.0,1.0,1.0,1.0,1,0.3819839389256216,36
2245,0,4300,4300,0,0,0,0,1.0,1.0,1.0,1.0,1.0,1,0.3819839389256216,36
2246,3,4303,4303,0,0,0,0,1.0,1.0,1.0,1.0,1.0,1,0.42490526228096503,39
2247,3,4306,4306,0,0,0,0,1.0,1.0,1.0,1.0,1.0,1,0.3177627636117008,40
2248,1,4307,4307,0,0,0,0,1.0,1.0,1.0,1.0,1.0,1,0.28629164515812006,40
2249,3,4310,4310,0,0,0,0,1.0,1.0,1.0,1.0,1.0,1,0.20189668568719277,41
2250,0,4310,4310,0,0,0,0,1.0,1.0,1.0,1.0,1.0,1,0.20189668568719277,41
2251,2,4312,4312,0,0,0,0,1.0,1.0,1.0,1.0,1.0,1,0.1946120499155874,42
2252,2,4314,4314,0,0,0,0,1.0,1.0,1.0,1.0,1.0,1,0.1808596941661894,41
2253,5,4319,4319,0,0,0,0,1.0,1.0,1.0,1.0,1.0,1,0.19685458125360408,40
2254,3,4322,4322,0,0,0,0,1.0,1.0,1.0,1.0,1.0,1,0.20936320981928608,39
2255,2,4324,4324,0,0,0,0,1.0,1.0,1.0,1.0,1.0,1,0.22583359287502502,39
2256,3,4327,4327,0,0,0,0,1.0,1.0,1.0,1.0,1.0,1,0.1927818852383716,40
2257,2,4329,4329,0,0,0,0,1.0,1.0,1.0,1.0,1.0,1,0.17983944750795858,40
2258,1,4330,4330,0,0,0,0,1.0,1.0,1.0,1.0,1.0,1,0.15948548948528832,39
2259,0,4330,4330,0,0,0,0,1.0,1.0,1.0,1.0,1.0,1,0.15429509369879324,41
2260,0,4330,4330,0,0,0,0,1.0,1.0,1.0,1.0,1.0,1,0.19606418419005006,38
2261,1,4331,4331,0,0,0,0,1.0,1.0,1.0,1.0,1.0,1,0.18933371363809615,38
2262,2,4333,4333,0,0,0,0,1.0,1.0,1.0,1.0,1.0,1,0.22133492794089868,36
2263,3,4336,4336,0,0,0,0,1.0,1.0,1.0,1.0,1.0,1,0.1944503903026276,35
2264,2,4338,4338,0,0,0,0,1.0,1.0,1.0,1.0,1.0,1,0.1967777678264078,33
2265,4,4342,4342,0,0,0,0,1.0,1.0,1.0,1.0,1.0,1,0.1728277210394546,33
2266,3,4345,4345,0,0,0,0,1.0,1.0,1.0,1.0,1.0,1,0.14148366354983347,33
2267,3,4348,4348,0,0,0,0,1.0,1.0,1.0,1.0,1.0,1,0.1242790766837116,33
2268,3,4351,4351,0,0,0,0,1.0,1.0,1.0,1.0,1.0,1,0.07236200904735297,35
2269,1,4352,4352,0,0,0,0,1.0,1.0,1.0,1.0,1.0,1,0.10384829267392039,36
2270,3,4355,4355,0,0,0,0,1.0,1.0,1.0,1.0,1.0,1,0.11974685201618633,34
2271,1,4356,4356,0,0,0,0,1.0,1.0,1.0,1.0,1.0,1,0.15336196462277177,34
2272,3,4359,4359,0,0,0,0,1.0,1.0,1.0,1.0,1.0,1,0.1482749566315277,33
2273,2,4361,4361,0,0,0,0,1.0,1.0,1.0,1.0,1.0,1,0.21273789155479894,32
2274,1,4362,4362,0,0,0,0,1.0,1.0,1.0,1.0,1.0,1,0.2718952234119,32
2275,2,4364,4364,0,0,0,0,1.0,1.0,1.0,1.0,1.0,1,0.27748215702360857,32
2276,3,4367,4367,0,0,0,0,1.0,1.0,1.0,1.0,1.0,1,0.25976538182660985,31
2277,1,4368,4368,0,0,0,0,1.0,1.0,1.0,1.0,1.0,1,0.2171407538613261,30
2278,2,4370,4370,0,0,0,0,1.0,1.0,1.0,1.0,1.0,1,0.21656171289274734,33
2279,0,4370,4370,0,0,0,0,1.0,1.0,1.0,1.0,1.0,1,0.21656171289274734,33
2280,1,4371,4371,0,0,0,0,1.0,1.0,1.0,1.0,1.0,1,0.21896774652812445,35
2281,3,4374,4374,0,0,0,0,1.0,1.0,1.0,1.0,1.0,1,0.16631768203839262,36
2282,1,4375,4375,0,0,0,0,1.0,1.0,1.0,1.0,1.0,1,0.17307505983919824,36
2283,5,4380,4380,0,0,0,0,1.0,1.0,1.0,1.0,1.0,1,0.1303724704269767,36
2284,3,4383,4383,0,0,0,0,1.0,1.0,1.0,1.0,1.0,1,0.11540808416529108,36
2285,3,4386,4386,0,0,0,0,1.0,1.0,1.0,1.0,1.0,1,0.11371085423219053,37
2286,2,4388,4388,0,0,0,0,1.0,1.0,1.0,1.0,1.0,1,0.15540180173632756,38
2287,4,4392,4392,0,0,0,0,1.0,1.0,1.0,1.0,1.0,1,0.17541773961098453,38
2288,1,4393,4393,0,0,0,0,1.0,1.0,1.0,1.0,1.0,1,0.18619571167390309,40
2289,1,4394,4394,0,0,0,0,1.0,1.0,1.0,1.0,1.0,1,0.2359069314687715,40
2290,1,4395,4395,0,0,0,0,1.0,1.0,1.0,1.0,1.0,1,0.22236481653312246,39
2291,1,4396,4396,0,0,0,0,1.0,1.0,1.0,1.0,1.0,1,0.2277248463040189,37
2292,0,4396,4396,0,0,0,0,1.0,1.0,1.0,1.0,1.0,1,0.2736931604031554,35
2293,0,4396,4396,0,0,0,0,1.0,1.0,1.0,1.0,1.0,1,0.2730430289426079,35
2294,1,4397,4397,0,0,0,0,1.0,1.0,1.0,1.0,1.0,1,0.31948196994613776,35
2295,0,4397,4397,0,0,0,0,1.0,1.0,1.0,1.0,1.0,1,0.3180244376589368,36
2296,0,4397,4397,0,0,0,0,1.0,1.0,1.0,1.0,1.0,1,0.35737433629048315,34
2297,0,4397,4397,0,0,0,0,1.0,1.0,1.0,1.0,1.0,1,0.35357675786244414,35
2298,0,4397,4397,0,0,0,0,1.0,1.0,1.0,1.0,1.0,1,0.368866317098809,34
2299,0,4397,4397,0,0,0,0,1.0,1.0,1.0,1.0,1.0,1,0.3261793174631552,35
2300,0,4397,4397,0,0,0,0,1.0,1.0,1.0,1.0,1.0,1,0.3261793174631552,35
2301,0,4397,4397,0,0,0,0,1.0,1.0,1.0,1.0,1.0,1,0.3261793174631552,35
2302,0,4397,4397,0,0,0,0,1.0,1.0,1.0,1.0,1.0,1,0.27962551971141153,37
2303,1,4398,4398,0,0,0,0,1.0,1.0,1.0,1.0,1.0,1,0.2623031009932639,35
2304,0,4398,4398,0,0,0,0,1.0,1.0,1.0,1.0,1.0,1,0.24411120455465687,36
2305,1,4399,4399,0,0,0,0,1.0,1.0,1.0,1.0,1.0,1,0.2632181998812486,34
2306,0,4399,4399,0,0,0,0,1.0,1.0,1.0,1.0,1.0,1,0.2698697741131441,35
2307,1,4400,4400,0,0,0,0,1.0,1.0,1.0,1.0,1.0,1,0.2308610170287674,35
2308,3,4403,4403,0,0,0,0,1.0,1.0,1.0,1.0,1.0,1,0.23328263304508004,35
2309,1,4404,4404,0,0,0,0,1.0,1.0,1.0,1.0,1.0,1,0.20870585182587528,34
2310,4,4408,4408,0,0,0,0,1.0,1.0,1.0,1.0,1.0,1,0.1332125515932002,36
2311,1,4409,4409,0,0,0,0,1.0,1.0,1.0,1.0,1.0,1,0.1615932247436952,38
2312,2,4411,4411,0,0,0,0,1.0,1.0,1.0,1.0,1.0,1,0.1846117023282626,39
2313,5,4416,4416,0,0,0,0,1.0,1.0,1.0,1.0,1.0,1,0.1418560700577995,39
2314,3,4419,4419,0,0,0,0,1.0,1.0,1.0,1.0,1.0,1,0.15254013015588494,39
2315,8,4427,4427,0,0,0,0,1.0,1.0,1.0,1.0,1.0,1,0.14953140965103912,40
2316,3,4430,4430,0,0,0,0,1.0,1.0,1.0,1.0,1.0,1,0.14490342938226242,40
2317,5,4435,4435,0,0,0,0,1.0,1.0,1.0,1.0,1.0,1,0.16302322590835272,41
2318,4,4439,4439,0,0,0,0,1.0,1.0,1.0,1.0,1.0,1,0.2602008717686705,41
2319,1,4440,4440,0,0,0,0,1.0,1.0,1.0,1.0,1.0,1,0.30283891936383767,41
2320,3,4443,4443,0,0,0,0,1.0,1.0,1.0,1.0,1.0,1,0.29718994217414146,42
2321,2,4445,4445,0,0,0,0,1.0,1.0,1.0,1.0,1.0,1,0.29734830657586775,43
2322,1,4446,4446,0,0,0,0,1.0,1.0,1.0,1.0,1.0,1,0.30166629548957047,42
2323,1,4447,4447,0,0,0,0,1.0,1.0,1.0,1.0,1.0,1,0.2817166013553386,43
2324,2,4449,4449,0,0,0,0,1.0,1.0,1.0,1.0,1.0,1,0.28779219967743874,44
2325,0,4449,4449,0,0,0,0,1.0,1.0,1.0,1.0,1.0,1,0.28779219967743874,44
2326,3,4452,4452,0,0,0,0,1.0,1.0,1.0,1.0,1.0,1,0.28493955241452745,45
2327,2,4454,4454,0,0,0,0,1.0,1.0,1.0,1.0,1.0,1,0.28968929274887767,45
2328,1,4455,4455,0,0,0,0,1.0,1.0,1.0,1.0,1.0,1,0.2906457354157696,46
2329,3,4458,4458,0,0,0,0,1.0,1.0,1.0,1.0,1.0,1,0.2935320292116049,45
2330,1,4459,4459,0,0,0,0,1.0,1.0,1.0,1.0,1.0,1,0.2882108637052721,47
2331,2,4461,4461,0,0,0,0,1.0,1.0,1.0,1.0,1.0,1,0.29417800441240066,48
2332,1,4462,4462,0,0,0,0,1.0,1.0,1.0,1.0,1.0,1,0.2848294535911861,48
2333,2,4464,4464,0,0,0,0,1.0,1.0,1.0,1.0,1.0,1,0.26252385547040863,49
2334,2,4466,4466,0,0,0,0,1.0,1.0,1.0,1.0,1.0,1,0.2312740938320537,47
2335,0,4466,4466,0,0,0,0,1.0,1.0,1.0,1.0,1.0,1,0.23801530287073375,46
2336,1,4467,4467,0,0,0,0,1.0,1.0,1.0,1.0,1.0,1,0.25078444346146256,46
2337,2,4469,4469,0,0,0,0,1.0,1.0,1.0,1.0,1.0,1,0.21792565623467605,45
2338,0,4469,4469,0,0,0,0,1.0,1.0,1.0,1.0,1.0,1,0.22816043660384497,44
2339,1,4470,4470,0,0,0,0,1.0,1.0,1.0,1.0,1.0,1,0.20229834061046517,45
2340,1,4471,4471,0,0,0,0,1.0,1.0,1.0,1.0,1.0,1,0.22474245855725355,44
2341,0,4471,4471,0,0,0,0,1.0,1.0,1.0,1.0,1.0,1,0.23959164921648976,45
2342,1,4472,4472,0,0,0,0,1.0,1.0,1.0,1.0,1.0,1,0.23782187201090102,47
2343,0,4472,4472,0,0,0,0,1.0,1.0,1.0,1.0,1.0,1,0.2375692887931444,46
2344,0,4472,4472,0,0,0,0,1.0,1.0,1.0,1.0,1.0,1,0.25069184284782076,46
2345,0,4472,4472,0,0,0,0,1.0,1.0,1.0,1.0,1.0,1,0.250704179073091,45
2346,1,4473,4473,0,0,0,0,1.0,1.0,1.0,1.0,1.0,1,0.23045423874975396,46
2347,1,4474,4474,0,0,0,0,1.0,1.0,1.0,1.0,1.0,1,0.2259412507149524,47
2348,0,4474,4474,0,0,0,0,1.0,1.0,1.0,1.0,1.0,1,0.23005608644155787,49
2349,3,4477,4477,0,0,0,0,1.0,1.0,1.0,1.0,1.0,1,0.23187723570831362,49
2350,3,4480,4480,0,0,0,0,1.0,1.0,1.0,1.0,1.0,1,0.254362173984301,50
2351,1,4481,4481,0,0,0,0,1.0,1.0,1.0,1.0,1.0,1,0.2723355276466761,50
2352,1,4482,4482,0,0,0,0,1.0,1.0,1.0,1.0,1.0,1,0.2843623025104883,51
2353,1,4483,4483,0,0,0,0,1.0,1.0,1.0,1.0,1.0,1,0.3171611572834397,51
2354,2,4485,4485,0,0,0,0,1.0,1.0,1.0,1.0,1.0,1,0.2932991062820568,51
2355,1,4486,4486,0,0,0,0,1.0,1.0,1.0,1.0,1.0,1,0.26557733895746005,50
2356,1,4487,4487,0,0,0,0,1.0,1.0,1.0,1.0,1.0,1,0.2535949417909847,50
2357,5,4492,4492,0,0,0,0,1.0,1.0,1.0,1.0,1.0,1,0.21632396029796847,49
2358,1,4493,4493,0,0,0,0,1.0,1.0,1.0,1.0,1.0,1,0.23174349374840647,51
2359,2,4495,4495,0,0,0,0,1.0,1.0,1.0,1.0,1.0,1,0.21009267575419174,51
2360,4,4499,4499,0,0,0,0,1.0,1.0,1.0,1.0,1.0,1,0.19786575652582367,51
2361,2,4501,4501,0,0,0,0,1.0,1.0,1.0,1.0,1.0,1,0.19090717181987318,52
2362,6,4507,4507,0,0,0,0,1.0,1.0,1.0,1.0,1.0,1,0.23177548198493927,53
2363,2,4509,4509,0,0,0,0,1.0,1.0,1.0,1.0,1.0,1,0.22991730364100504,54
2364,10,4519,4519,0,0,0,0,1.0,1.0,1.0,1.0,1.0,1,0.18601159920939153,55
2365,2,4521,4521,0,0,0,0,1.0,1.0,1.0,1.0,1.0,1,0.20455161076298975,53
2366,3,4524,4524,0,0,0,0,1.0,1.0,1.0,1.0,1.0,1,0.14005515153008324,53
2367,4,4528,4528,0,0,0,0,1.0,1.0,1.0,1.0,1.0,1,0.20420225272123255,51
2368,1,4529,4529,0,0,0,0,1.0,1.0,1.0,1.0,1.0,1,0.18372480165802782,50
2369,1,4530,4530,0,0,0,0,1.0,1.0,1.0,1.0,1.0,1,0.21740618307946172,47
2370,2,4532,4532,0,0,0,0,1.0,1.0,1.0,1.0,1.0,1,0.24466050021557748,48
2371,0,4532,4532,0,0,0,0,1.0,1.0,1.0,1.0,1.0,1,0.23251575940643018,49
2372,0,4532,4532,0,0,0,0,1.0,1.0,1.0,1.0,1.0,1,0.24026921318166566,48
2373,0,4532,4532,0,0,0,0,1.0,1.0,1.0,1.0,1.0,1,0.24683272803339437,49
2374,0,4532,4532,0,0,0,0,1.0,1.0,1.0,1.0,1.0,1,0.2380801057724666,50
2375,0,4532,4532,0,0,0,0,1.0,1.0,1.0,1.0,1.0,1,0.2380801057724666,50
2376,1,4533,4533,0,0,0,0,1.0,1.0,1.0,1.0,1.0,1,0.26133994715508285,50
2377,4,4537,4537,0,0,0,0,1.0,1.0,1.0,1.0,1.0,1,0.26079770571460514,49
2378,1,4538,4538,0,0,0,0,1.0,1.0,1.0,1.0,1.0,1,0.23620286120745798,49
2379,1,4539,4539,0,0,0,0,1.0,1.0,1.0,1.0,1.0,1,0.2603090372546561,50
2380,0,4539,4539,0,0,0,0,1.0,1.0,1.0,1.0,1.0,1,0.2603090372546561,50
2381,1,4540,4540,0,0,0,0,1.0,1.0,1.0,1.0,1.0,1,0.2290328318389789,51
2382,0,4540,4540,0,0,0,0,1.0,1.0,1.0,1.0,1.0,1,0.2290328318389789,51
2383,3,4543,4543,0,0,0,0,1.0,1.0,1.0,1.0,1.0,1,0.27645603860416634,52
2384,2,4545,4545,0,0,0,0,1.0,1.0,1.0,1.0,1.0,1,0.22483734957516033,52
2385,5,4550,4550,0,0,0,0,1.0,1.0,1.0,1.0,1.0,1,0.3006938013565837,51
2386,1,4551,4551,0,0,0,0,1.0,1.0,1.0,1.0,1.0,1,0.28904689182343457,52
2387,3,4554,4554,0,0,0,0,1.0,1.0,1.0,1.0,1.0,1,0.36552137557504183,49
2388,3,4557,4557,0,0,0,0,1.0,1.0,1.0,1.0,1.0,1,0.334702229549922,48
2389,3,4560,4560,0,0,0,0,1.0,1.0,1.0,1.0,1.0,1,0.32803963683731563,48
2390,4,4564,4564,0,0,0,0,1.0,1.0,1.0,1.0,1.0,1,0.3258320650686463,49
2391,5,4569,4569,0,0,0,0,1.0,1.0,1.0,1.0,1.0,1,0.31237580864554626,48
2392,2,4571,4571,0,0,0,0,1.0,1.0,1.0,1.0,1.0,1,0.2777101372800511,49
2393,2,4573,4573,0,0,0,0,1.0,1.0,1.0,1.0,1.0,1,0.2265134797068325,50
2394,3,4576,4576,0,0,0,0,1.0,1.0,1.0,1.0,1.0,1,0.21678074011747098,50
2395,2,4578,4578,0,0,0,0,1.0,1.0,1.0,1.0,1.0,1,0.21592460271597824,49
2396,3,4581,4581,0,0,0,0,1.0,1.0,1.0,1.0,1.0,1,0.20775495879877637,50
2397,3,4584,4584,0,0,0,0,1.0,1.0,1.0,1.0,1.0,1,0.22952363196968326,51
2398,0,4584,4584,0,0,0,0,1.0,1.0,1.0,1.0,1.0,1,0.22080778146279334,49
2399,0,4584,4584,0,0,0,0,1.0,1.0,1.0,1.0,1.0,1,0.21207738881763855,50
2400,1,4585,4585,0,0,0,0,1.0,1.0,1.0,1.0,1.0,1,0.20661903758726977,51
2401,1,4586,4586,0,0,0,0,1.0,1.0,1.0,1.0,1.0,1,0.23370272392692645,50
2402,0,4586,4586,0,0,0,0,1.0,1.0,1.0,1.0,1.0,1,0.23403231314851594,51
2403,3,4589,4589,0,0,0,0,1.0,1.0,1.0,1.0,1.0,1,0.19206548071836807,52
2404,0,4589,4589,0,0,0,0,1.0,1.0,1.0,1.0,1.0,1,0.20468398530096207,53
2405,1,4590,4590,0,0,0,0,1.0,1.0,1.0,1.0,1.0,1,0.18260413356763167,52
2406,2,4592,4592,0,0,0,0,1.0,1.0,1.0,1.0,1.0,1,0.18241105035784222,52
2407,0,4592,4592,0,0,0,0,1.0,1.0,1.0,1.0,1.0,1,0.18293606756078995,51
2408,3,4595,4595,0,0,0,0,1.0,1.0,1.0,1.0,1.0,1,0.21800458112337653,50
2409,1,4596,4596,0,0,0,0,1.0,1.0,1.0,1.0,1.0,1,0.1995660549048639,50
2410,1,4597,4597,0,0,0,0,1.0,1.0,1.0,1.0,1.0,1,0.22048143240899237,49
2411,0,4597,4597,0,0,0,0,1.0,1.0,1.0,1.0,1.0,1,0.2429874222286586,48
2412,1,4598,4598,0,0,0,0,1.0,1.0,1.0,1.0,1.0,1,0.24138725932632515,47
2413,0,4598,4598,0,0,0,0,1.0,1.0,1.0,1.0,1.0,1,0.241496186361219,47
2414,4,4602,4602,0,0,0,0,1.0,1.0,1.0,1.0,1.0,1,0.22861835312266504,47
2415,3,4605,4605,0,0,0,0,1.0,1.0,1.0,1.0,1.0,1,0.230811098327765,46
2416,3,4608,4608,0,0,0,0,1.0,1.0,1.0,1.0,1.0,1,0.22863877164570828,47
2417,5,4613,4613,0,0,0,0,1.0,1.0,1.0,1.0,1.0,1,0.2559829200983536,46
2418,4,4617,4617,0,0,0,0,1.0,1.0,1.0,1.0,1.0,1,0.29948033237359895,48
2419,3,4620,4620,0,0,0,0,1.0,1.0,1.0,1.0,1.0,1,0.31007038161161565,47
2420,3,4623,4623,0,0,0,0,1.0,1.0,1.0,1.0,1.0,1,0.2879705472727866,49
2421,4,4627,4627,0,0,0,0,1.0,1.0,1.0,1.0,1.0,1,0.29912190211566597,50
2422,1,4628,4628,0,0,0,0,1.0,1.0,1.0,1.0,1.0,1,0.2879023929441758,50
2423,5,4633,4633,0,0,0,0,1.0,1.0,1.0,1.0,1.0,1,0.307286598306472,51
2424,1,4634,4634,0,0,0,0,1.0,1.0,1.0,1.0,1.0,1,0.32285672497646367,50
2425,1,4635,4635,0,0,0,0,1.0,1.0,1.0,1.0,1.0,1,0.34178550212670167,48
2426,1,4636,4636,0,0,0,0,1.0,1.0,1.0,1.0,1.0,1,0.32721640393580204,51
2427,0,4636,4636,0,0,0,0,1.0,1.0,1.0,1.0,1.0,1,0.3184480123231126,50
2428,2,4638,4638,0,0,0,0,1.0,1.0,1.0,1.0,1.0,1,0.33366459688546896,49
2429,0,4638,4638,0,0,0,0,1.0,1.0,1.0,1.0,1.0,1,0.34195201222336147,49
2430,3,4641,4641,0,0,0,0,1.0,1.0,1.0,1.0,1.0,1,0.42843120959605163,46
2431,0,4641,4641,0,0,0,0,1.0,1.0,1.0,1.0,1.0,1,0.41937572707531195,45
2432,1,4642,4642,0,0,0,0,1.0,1.0,1.0,1.0,1.0,1,0.49024610360081944,44
2433,4,4646,4646,0,0,0,0,1.0,1.0,1.0,1.0,1.0,1,0.34660598811432386,45
2434,0,4646,4646,0,0,0,0,1.0,1.0,1.0,1.0,1.0,1,0.3717405866779872,44
2435,3,4649,4649,0,0,0,0,1.0,1.0,1.0,1.0,1.0,1,0.3043713064534207,44
2436,1,4650,4650,0,0,0,0,1.0,1.0,1.0,1.0,1.0,1,0.3162426495937256,44
2437,3,4653,4653,0,0,0,0,1.0,1.0,1.0,1.0,1.0,1,0.29525027889094274,45
2438,1,4654,4654,0,0,0,0,1.0,1.0,1.0,1.0,1.0,1,0.3193383328168799,45
2439,2,4656,4656,0,0,0,0,1.0,1.0,1.0,1.0,1.0,1,0.35819919254137716,46
2440,2,4658,4658,0,0,0,0,1.0,1.0,1.0,1.0,1.0,1,0.34555575654826326,45
2441,3,4661,4661,0,0,0,0,1.0,1.0,1.0,1.0,1.0,1,0.35643147459108787,45
2442,0,4661,4661,0,0,0,0,1.0,1.0,1.0,1.0,1.0,1,0.3448603659888127,46
2443,1,4662,4662,0,0,0,0,1.0,1.0,1.0,1.0,1.0,1,0.3345663136951404,45
2444,4,4666,4666,0,0,0,0,1.0,1.0,1.0,1.0,1.0,1,0.29846894755264997,46
2445,2,4668,4668,0,0,0,0,1.0,1.0,1.0,1.0,1.0,1,0.2883184081334153,44
2446,2,4670,4670,0,0,0,0,1.0,1.0,1.0,1.0,1.0,1,0.24690256651010276,44
2447,1,4671,4671,0,0,0,0,1.0,1.0,1.0,1.0,1.0,1,0.2247927073853024,42
2448,4,4675,4675,0,0,0,0,1.0,1.0,1.0,1.0,1.0,1,0.19959009474201422,41
2449,1,4676,4676,0,0,0,0,1.0,1.0,1.0,1.0,1.0,1,0.20260612668968675,40
2450,2,4678,4678,0,0,0,0,1.0,1.0,1.0,1.0,1.0,1,0.1991161929312357,42
2451,3,4681,4681,0,0,0,0,1.0,1.0,1.0,1.0,1.0,1,0.24408063397104057,43
2452,2,4683,4683,0,0,0,0,1.0,1.0,1.0,1.0,1.0,1,0.28075523462038965,43
2453,4,4687,4687,0,0,0,0,1.0,1.0,1.0,1.0,1.0,1,0.33920780778929477,45
2454,3,4690,4690,0,0,0,0,1.0,1.0,1.0,1.0,1.0,1,0.38214370639282536,47
2455,3,4693,4693,0,0,0,0,1.0,1.0,1.0,1.0,1.0,1,0.3943534528945125,48
2456,3,4696,4696,0,0,0,0,1.0,1.0,1.0,1.0,1.0,1,0.35337232830436677,49
2457,2,4698,4698,0,0,0,0,1.0,1.0,1.0,1.0,1.0,1,0.3539947089108854,48
2458,1,4699,4699,0,0,0,0,1.0,1.0,1.0,1.0,1.0,1,0.3142514369741757,49
2459,2,4701,4701,0,0,0,0,1.0,1.0,1.0,1.0,1.0,1,0.3512744758791256,49
2460,1,4702,4702,0,0,0,0,1.0,1.0,1.0,1.0,1.0,1,0.3326834579745867,50
2461,2,4704,4704,0,0,0,0,1.0,1.0,1.0,1.0,1.0,1,0.32418733679451944,50
2462,0,4704,4704,0,0,0,0,1.0,1.0,1.0,1.0,1.0,1,0.3097729153437809,51
2463,4,4708,4708,0,0,0,0,1.0,1.0,1.0,1.0,1.0,1,0.31035375610900645,51
2464,1,4709,4709,0,0,0,0,1.0,1.0,1.0,1.0,1.0,1,0.2856236339582914,50
2465,3,4712,4712,0,0,0,0,1.0,1.0,1.0,1.0,1.0,1,0.24181816260382943,49
2466,1,4713,4713,0,0,0,0,1.0,1.0,1.0,1.0,1.0,1,0.2532795171379922,49
2467,3,4716,4716,0,0,0,0,1.0,1.0,1.0,1.0,1.0,1,0.19773373525721652,48
2468,0,4716,4716,0,0,0,0,1.0,1.0,1.0,1.0,1.0,1,0.2233001909538827,47
2469,1,4717,4717,0,0,0,0,1.0,1.0,1.0,1.0,1.0,1,0.20234991875546238,46
2470,4,4721,4721,0,0,0,0,1.0,1.0,1.0,1.0,1.0,1,0.2045385188945218,44
2471,2,4723,4723,0,0,0,0,1.0,1.0,1.0,1.0,1.0,1,0.2464040742005923,44
2472,3,4726,4726,0,0,0,0,1.0,1.0,1.0,1.0,1.0,1,0.2436355945208366,44
2473,0,4726,4726,0,0,0,0,1.0,1.0,1.0,1.0,1.0,1,0.265292389424647,43
2474,3,4729,4729,0,0,0,0,1.0,1.0,1.0,1.0,1.0,1,0.16356376660930455,44
2475,1,4730,4730,0,0,0,0,1.0,1.0,1.0,1.0,1.0,1,0.14482842060279985,46
2476,3,4733,4733,0,0,0,0,1.0,1.0,1.0,1.0,1.0,1,0.15925488897418394,46
2477,2,4735,4735,0,0,0,0,1.0,1.0,1.0,1.0,1.0,1,0.13568246744178938,46
2478,0,4735,4735,0,0,0,0,1.0,1.0,1.0,1.0,1.0,1,0.13568246744178938,46
2479,1,4736,4736,0,0,0,0,1.0,1.0,1.0,1.0,1.0,1,0.12285322427528995,46
2480,0,4736,4736,0,0,0,0,1.0,1.0,1.0,1.0,1.0,1,0.13751287662218925,47
2481,5,4741,4741,0,0,0,0,1.0,1.0,1.0,1.0,1.0,1,0.16332269389251122,47
2482,0,4741,4741,0,0,0,0,1.0,1.0,1.0,1.0,1.0,1,0.1637069015324836,45
2483,2,4743,4743,0,0,0,0,1.0,1.0,1.0,1.0,1.0,1,0.1388921154637452,45
2484,4,4747,4747,0,0,0,0,1.0,1.0,1.0,1.0,1.0,1,0.1636005532059045,46
2485,2,4749,4749,0,0,0,0,1.0,1.0,1.0,1.0,1.0,1,0.14485187353627277,44
2486,4,4753,4753,0,0,0,0,1.0,1.0,1.0,1.0,1.0,1,0.14782073184473685,43
2487,2,4755,4755,0,0,0,0,1.0,1.0,1.0,1.0,1.0,1,0.1644354995888635,44
2488,3,4758,4758,0,0,0,0,1.0,1.0,1.0,1.0,1.0,1,0.13962689064880734,45
2489,4,4762,4762,0,0,0,0,1.0,1.0,1.0,1.0,1.0,1,0.20873359680759082,44
2490,1,4763,4763,0,0,0,0,1.0,1.0,1.0,1.0,1.0,1,0.22681103121675472,44
2491,3,4766,4766,0,0,0,0,1.0,1.0,1.0,1.0,1.0,1,0.28841042640585474,44
2492,0,4766,4766,0,0,0,0,1.0,1.0,1.0,1.0,1.0,1,0.28841042640585474,44
2493,4,4770,4770,0,0,0,0,1.0,1.0,1.0,1.0,1.0,1,0.25497750100052025,42
2494,0,4770,4770,0,0,0,0,1.0,1.0,1.0,1.0,1.0,1,0.25497750100052025,42
2495,1,4771,4771,0,0,0,0,1.0,1.0,1.0,1.0,1.0,1,0.2458660695982749,42
2496,1,4772,4772,0,0,0,0,1.0,1.0,1.0,1.0,1.0,1,0.23765992943253744,42
2497,3,4775,4775,0,0,0,0,1.0,1.0,1.0,1.0,1.0,1,0.23689825792027722,44
2498,2,4777,4777,0,0,0,0,1.0,1.0,1.0,1.0,1.0,1,0.1958026173345959,43
2499,1,4778,4778,0,0,0,0,1.0,1.0,1.0,1.0,1.0,1,0.20699377421701637,43
2500,1,4779,4779,0,0,0,0,1.0,1.0,1.0,1.0,1.0,1,0.1699551462101845,44
2501,3,4782,4782,0,0,0,0,1.0,1.0,1.0,1.0,1.0,1,0.2439931096834296,46
2502,3,4785,4785,0,0,0,0,1.0,1.0,1.0,1.0,1.0,1,0.2854202152011807,47
2503,4,4789,4789,0,0,0,0,1.0,1.0,1.0,1.0,1.0,1,0.28586488580236796,47
2504,0,4789,4789,0,0,0,0,1.0,1.0,1.0,1.0,1.0,1,0.2864428314469217,46
2505,1,4790,4790,0,0,0,0,1.0,1.0,1.0,1.0,1.0,1,0.27734314517969716,46
2506,2,4792,4792,0,0,0,0,1.0,1.0,1.0,1.0,1.0,1,0.24317586880697806,45
2507,0,4792,4792,0,0,0,0,1.0,1.0,1.0,1.0,1.0,1,0.25439811014966573,45
2508,1,4793,4793,0,0,0,0,1.0,1.0,1.0,1.0,1.0,1,0.2361564251481454,46
2509,3,4796,4796,0,0,0,0,1.0,1.0,1.0,1.0,1.0,1,0.19186324417735798,45
2510,0,4796,4796,0,0,0,0,1.0,1.0,1.0,1.0,1.0,1,0.20751372126067216,46
2511,2,4798,4798,0,0,0,0,1.0,1.0,1.0,1.0,1.0,1,0.15718749005674115,47
2512,3,4801,4801,0,0,0,0,1.0,1.0,1.0,1.0,1.0,1,0.16542146419755802,47
2513,2,4803,4803,0,0,0,0,1.0,1.0,1.0,1.0,1.0,1,0.13927387244350084,48
2514,2,4805,4805,0,0,0,0,1.0,1.0,1.0,1.0,1.0,1,0.1479392591852461,48
2515,6,4811,4811,0,0,0,0,1.0,1.0,1.0,1.0,1.0,1,0.14002540429049085,49
2516,1,4812,4812,0,0,0,0,1.0,1.0,1.0,1.0,1.0,1,0.14901901082543556,49
2517,4,4816,4816,0,0,0,0,1.0,1.0,1.0,1.0,1.0,1,0.1378204535499459,49
2518,0,4816,4816,0,0,0,0,1.0,1.0,1.0,1.0,1.0,1,0.1446848554863593,48
2519,5,4821,4821,0,0,0,0,1.0,1.0,1.0,1.0,1.0,1,0.1384397521503583,48
2520,4,4825,4825,0,0,0,0,1.0,1.0,1.0,1.0,1.0,1,0.14277544558944968,46
2521,2,4827,4827,0,0,0,0,1.0,1.0,1.0,1.0,1.0,1,0.18288129883249274,47
2522,2,4829,4829,0,0,0,0,1.0,1.0,1.0,1.0,1.0,1,0.23546639763845403,45
2523,3,4832,4832,0,0,0,0,1.0,1.0,1.0,1.0,1.0,1,0.27930083888153867,44
2524,1,4833,4833,0,0,0,0,1.0,1.0,1.0,1.0,1.0,1,0.325804437036674,42
2525,2,4835,4835,0,0,0,0,1.0,1.0,1.0,1.0,1.0,1,0.3287439582557098,42
2526,1,4836,4836,0,0,0,0,1.0,1.0,1.0,1.0,1.0,1,0.37322940643029423,41
2527,2,4838,4838,0,0,0,0,1.0,1.0,1.0,1.0,1.0,1,0.3573377505745547,41
2528,1,4839,4839,0,0,0,0,1.0,1.0,1.0,1.0,1.0,1,0.31688435796691233,41
2529,0,4839,4839,0,0,0,0,1.0,1.0,1.0,1.0,1.0,1,0.32190988190758374,42
2530,1,4840,4840,0,0,0,0,1.0,1.0,1.0,1.0,1.0,1,0.35501832143914,41
2531,1,4841,4841,0,0,0,0,1.0,1.0,1.0,1.0,1.0,1,0.3179289717448086,41
2532,0,4841,4841,0,0,0,0,1.0,1.0,1.0,1.0,1.0,1,0.30875568914237966,43
2533,2,4843,4843,0,0,0,0,1.0,1.0,1.0,1.0,1.0,1,0.34421032523059886,43
2534,2,4845,4845,0,0,0,0,1.0,1.0,1.0,1.0,1.0,1,0.350184592333455,43
2535,0,4845,4845,0,0,0,0,1.0,1.0,1.0,1.0,1.0,1,0.34765394660462884,44
2536,0,4845,4845,0,0,0,0,1.0,1.0,1.0,1.0,1.0,1,0.34765394660462884,44
2537,0,4845,4845,0,0,0,0,1.0,1.0,1.0,1.0,1.0,1,0.33507340343245373,45
2538,1,4846,4846,0,0,0,0,1.0,1.0,1.0,1.0,1.0,1,0.3019561747084808,48
2539,0,4846,4846,0,0,0,0,1.0,1.0,1.0,1.0,1.0,1,0.3019561747084808,48
2540,4,4850,4850,0,0,0,0,1.0,1.0,1.0,1.0,1.0,1,0.2796976766865408,50
2541,2,4852,4852,0,0,0,0,1.0,1.0,1.0,1.0,1.0,1,0.26788845236534836,52
2542,3,4855,4855,0,0,0,0,1.0,1.0,1.0,1.0,1.0,1,0.21977775573637953,52
2543,2,4857,4857,0,0,0,0,1.0,1.0,1.0,1.0,1.0,1,0.219467818255217,51
2544,1,4858,4858,0,0,0,0,1.0,1.0,1.0,1.0,1.0,1,0.23168782936494234,51
2545,3,4861,4861,0,0,0,0,1.0,1.0,1.0,1.0,1.0,1,0.19572916935092766,50
2546,2,4863,4863,0,0,0,0,1.0,1.0,1.0,1.0,1.0,1,0.19578427256769948,50
2547,2,4865,4865,0,0,0,0,1.0,1.0,1.0,1.0,1.0,1,0.22009854640266963,47
2548,0,4865,4865,0,0,0,0,1.0,1.0,1.0,1.0,1.0,1,0.20702241222358234,46
2549,1,4866,4866,0,0,0,0,1.0,1.0,1.0,1.0,1.0,1,0.2063637150034457,46
2550,0,4866,4866,0,0,0,0,1.0,1.0,1.0,1.0,1.0,1,0.18014109361873315,44
2551,0,4866,4866,0,0,0,0,1.0,1.0,1.0,1.0,1.0,1,0.1669981323999755,43
2552,0,4866,4866,0,0,0,0,1.0,1.0,1.0,1.0,1.0,1,0.20237176450423047,43
2553,5,4871,4871,0,0,0,0,1.0,1.0,1.0,1.0,1.0,1,0.23897674822010623,44
2554,0,4871,4871,0,0,0,0,1.0,1.0,1.0,1.0,1.0,1,0.20967397422006628,45
2555,6,4877,4877,0,0,0,0,1.0,1.0,1.0,1.0,1.0,1,0.3188437636309491,44
2556,4,4881,4881,0,0,0,0,1.0,1.0,1.0,1.0,1.0,1,0.31004980937540283,44
2557,1,4882,4882,0,0,0,0,1.0,1.0,1.0,1.0,1.0,1,0.3540686484213328,41
2558,1,4883,4883,0,0,0,0,1.0,1.0,1.0,1.0,1.0,1,0.3147063462818654,40
2559,0,4883,4883,0,0,0,0,1.0,1.0,1.0,1.0,1.0,1,0.3127150309124236,41
2560,0,4883,4883,0,0,0,0,1.0,1.0,1.0,1.0,1.0,1,0.3127150309124236,41
2561,2,4885,4885,0,0,0,0,1.0,1.0,1.0,1.0,1.0,1,0.32626844829101753,43
2562,0,4885,4885,0,0,0,0,1.0,1.0,1.0,1.0,1.0,1,0.33777266775506803,44
2563,3,4888,4888,0,0,0,0,1.0,1.0,1.0,1.0,1.0,1,0.37826884686171375,44
2564,2,4890,4890,0,0,0,0,1.0,1.0,1.0,1.0,1.0,1,0.37598665218939353,44
2565,2,4892,4892,0,0,0,0,1.0,1.0,1.0,1.0,1.0,1,0.3883669543005962,45
2566,3,4895,4895,0,0,0,0,1.0,1.0,1.0,1.0,1.0,1,0.4206457139621545,46
2567,2,4897,4897,0,0,0,0,1.0,1.0,1.0,1.0,1.0,1,0.36837600313931246,48
2568,2,4899,4899,0,0,0,0,1.0,1.0,1.0,1.0,1.0,1,0.38602052627600464,48
2569,2,4901,4901,0,0,0,0,1.0,1.0,1.0,1.0,1.0,1,0.37261071215448593,49
2570,0,4901,4901,0,0,0,0,1.0,1.0,1.0,1.0,1.0,1,0.38731240185825405,48
2571,2,4903,4903,0,0,0,0,1.0,1.0,1.0,1.0,1.0,1,0.32958555641425824,48
2572,0,4903,4903,0,0,0,0,1.0,1.0,1.0,1.0,1.0,1,0.31591028662858556,49
2573,0,4903,4903,0,0,0,0,1.0,1.0,1.0,1.0,1.0,1,0.2988748731961857,50
2574,0,4903,4903,0,0,0,0,1.0,1.0,1.0,1.0,1.0,1,0.3212305802722317,49
2575,1,4904,4904,0,0,0,0,1.0,1.0,1.0,1.0,1.0,1,0.3057653784188081,48
2576,0,4904,4904,0,0,0,0,1.0,1.0,1.0,1.0,1.0,1,0.3057653784188081,48
2577,1,4905,4905,0,0,0,0,1.0,1.0,1.0,1.0,1.0,1,0.3136245507230414,50
2578,1,4906,4906,0,0,0,0,1.0,1.0,1.0,1.0,1.0,1,0.32520387439922105,50
2579,3,4909,4909,0,0,0,0,1.0,1.0,1.0,1.0,1.0,1,0.3062178121306369,51
2580,3,4912,4912,0,0,0,0,1.0,1.0,1.0,1.0,1.0,1,0.299659147277951,52
2581,2,4914,4914,0,0,0,0,1.0,1.0,1.0,1.0,1.0,1,0.28281083247048144,51
2582,3,4917,4917,0,0,0,0,1.0,1.0,1.0,1.0,1.0,1,0.2533099980338635,51
2583,4,4921,4921,0,0,0,0,1.0,1.0,1.0,1.0,1.0,1,0.2268510237060499,51
2584,6,4927,4927,0,0,0,0,1.0,1.0,1.0,1.0,1.0,1,0.14835597156982022,51
2585,5,4932,4932,0,0,0,0,1.0,1.0,1.0,1.0,1.0,1,0.1485153932359805,50
2586,4,4936,4936,0,0,0,0,1.0,1.0,1.0,1.0,1.0,1,0.10250942375220383,50
2587,7,4943,4943,0,0,0,0,1.0,1.0,1.0,1.0,1.0,1,0.08945803653914391,48
2588,4,4947,4947,0,0,0,0,1.0,1.0,1.0,1.0,1.0,1,0.05969773143545278,50
2589,3,4950,4950,0,0,0,0,1.0,1.0,1.0,1.0,1.0,1,0.06693590019969471,48
2590,1,4951,4951,0,0,0,0,1.0,1.0,1.0,1.0,1.0,1,0.10140467526409933,47
2591,1,4952,4952,0,0,0,0,1.0,1.0,1.0,1.0,1.0,1,0.1259612145358694,47
2592,1,4953,4953,0,0,0,0,1.0,1.0,1.0,1.0,1.0,1,0.14836544444485142,47
2593,1,4954,4954,0,0,0,0,1.0,1.0,1.0,1.0,1.0,1,0.1406402912847102,47
2594,3,4957,4957,0,0,0,0,1.0,1.0,1.0,1.0,1.0,1,0.16672997758544744,49
2595,1,4958,4958,0,0,0,0,1.0,1.0,1.0,1.0,1.0,1,0.18040778840302837,48
2596,1,4959,4959,0,0,0,0,1.0,1.0,1.0,1.0,1.0,1,0.18382425869766975,47
2597,2,4961,4961,0,0,0,0,1.0,1.0,1.0,1.0,1.0,1,0.15067091254020915,48
2598,1,4962,4962,0,0,0,0,1.0,1.0,1.0,1.0,1.0,1,0.14157512972631875,48
2599,1,4963,4963,0,0,0,0,1.0,1.0,1.0,1.0,1.0,1,0.1263157968734453,49
2600,1,4964,4964,0,0,0,0,1.0,1.0,1.0,1.0,1.0,1,0.11984237535143664,52
2601,1,4965,4965,0,0,0,0,1.0,1.0,1.0,1.0,1.0,1,0.16046372747979137,51
2602,4,4969,4969,0,0,0,0,1.0,1.0,1.0,1.0,1.0,1,0.17285206233698325,52
2603,1,4970,4970,0,0,0,0,1.0,1.0,1.0,1.0,1.0,1,0.20789013813126672,53
2604,2,4972,4972,0,0,0,0,1.0,1.0,1.0,1.0,1.0,1,0.19732195788198528,53
2605,2,4974,4974,0,0,0,0,1.0,1.0,1.0,1.0,1.0,1,0.17920964226597177,52
2606,2,4976,4976,0,0,0,0,1.0,1.0,1.0,1.0,1.0,1,0.17607028274608053,52
2607,5,4981,4981,0,0,0,0,1.0,1.0,1.0,1.0,1.0,1,0.11604929237175912,52
2608,2,4983,4983,0,0,0,0,1.0,1.0,1.0,1.0,1.0,1,0.11025447216943227,52
2609,6,4989,4989,0,0,0,0,1.0,1.0,1.0,1.0,1.0,1,0.09952886730644267,53
2610,2,4991,4991,0,0,0,0,1.0,1.0,1.0,1.0,1.0,1,0.06729536139180951,54
2611,5,4996,4996,0,0,0,0,1.0,1.0,1.0,1.0,1.0,1,0.06979901208378643,54
2612,3,4999,4999,0,0,0,0,1.0,1.0,1.0,1.0,1.0,1,0.022287811503932227,56
2613,5,5004,5004,0,0,0,0,1.0,1.0,1.0,1.0,1.0,1,0.1118036578817666,56
2614,5,5009,5009,0,0,0,0,1.0,1.0,1.0,1.0,1.0,1,0.09545047649369909,56
2615,4,5013,5013,0,0,0,0,1.0,1.0,1.0,1.0,1.0,1,0.18190442366646636,57
2616,3,5016,5016,0,0,0,0,1.0,1.0,1.0,1.0,1.0,1,0.21908397836448212,57
2617,3,5019,5019,0,0,0,0,1.0,1.0,1.0,1.0,1.0,1,0.21977517584939413,58
2618,1,5020,5020,0,0,0,0,1.0,1.0,1.0,1.0,1.0,1,0.2423647711812814,58
2619,0,5020,5020,0,0,0,0,1.0,1.0,1.0,1.0,1.0,1,0.26336208715283377,58
2620,1,5021,5021,0,0,0,0,1.0,1.0,1.0,1.0,1.0,1,0.2589856526959279,60
2621,3,5024,5024,0,0,0,0,1.0,1.0,1.0,1.0,1.0,1,0.20406307651730882,59
2622,1,5025,5025,0,0,0,0,1.0,1.0,1.0,1.0,1.0,1,0.1948371865425893,60
2623,4,5029,5029,0,0,0,0,1.0,1.0,1.0,1.0,1.0,1,0.18596741592787733,59
2624,3,5032,5032,0,0,0,0,1.0,1.0,1.0,1.0,1.0,1,0.16778120469786553,58
2625,4,5036,5036,0,0,0,0,1.0,1.0,1.0,1.0,1.0,1,0.178566025725062,58
2626,2,5038,5038,0,0,0,0,1.0,1.0,1.0,1.0,1.0,1,0.1661543003293121,57
2627,1,5039,5039,0,0,0,0,1.0,1.0,1.0,1.0,1.0,1,0.17582074061359826,55
2628,1,5040,5040,0,0,0,0,1.0,1.0,1.0,1.0,1.0,1,0.16715932342484127,55
2629,1,5041,5041,0,0,0,0,1.0,1.0,1.0,1.0,1.0,1,0.16918675396435914,54
2630,0,5041,5041,0,0,0,0,1.0,1.0,1.0,1.0,1.0,1,0.2062538410935391,55
2631,0,5041,5041,0,0,0,0,1.0,1.0,1.0,1.0,1.0,1,0.1918019672997384,55
2632,2,5043,5043,0,0,0,0,1.0,1.0,1.0,1.0,1.0,1,0.20946859113566804,55
2633,1,5044,5044,0,0,0,0,1.0,1.0,1.0,1.0,1.0,1,0.18126194495169157,53
2634,3,5047,5047,0,0,0,0,1.0,1.0,1.0,1.0,1.0,1,0.2085740088635379,52
2635,3,5050,5050,0,0,0,0,1.0,1.0,1.0,1.0,1.0,1,0.22318973974863812,52
2636,3,5053,5053,0,0,0,0,1.0,1.0,1.0,1.0,1.0,1,0.20711377447536658,51
2637,5,5058,5058,0,0,0,0,1.0,1.0,1.0,1.0,1.0,1,0.20444971249251603,50
2638,6,5064,5064,0,0,0,0,1.0,1.0,1.0,1.0,1.0,1,0.21655566452115518,48
2639,5,5069,5069,0,0,0,0,1.0,1.0,1.0,1.0,1.0,1,0.22669522122381744,48
2640,1,5070,5070,0,0,0,0,1.0,1.0,1.0,1.0,1.0,1,0.2343040140426076,46
2641,4,5074,5074,0,0,0,0,1.0,1.0,1.0,1.0,1.0,1,0.20385530980078215,46
2642,2,5076,5076,0,0,0,0,1.0,1.0,1.0,1.0,1.0,1,0.20083089483932726,47
2643,5,5081,5081,0,0,0,0,1.0,1.0,1.0,1.0,1.0,1,0.14808941923002036,45
2644,2,5083,5083,0,0,0,0,1.0,1.0,1.0,1.0,1.0,1,0.2035699591712592,44
2645,3,5086,5086,0,0,0,0,1.0,1.0,1.0,1.0,1.0,1,0.1660870979544106,42
2646,2,5088,5088,0,0,0,0,1.0,1.0,1.0,1.0,1.0,1,0.19917516285368014,43
2647,5,5093,5093,0,0,0,0,1.0,1.0,1.0,1.0,1.0,1,0.23163489044356614,40
2648,1,5094,5094,0,0,0,0,1.0,1.0,1.0,1.0,1.0,1,0.20958514384529725,41
2649,2,5096,5096,0,0,0,0,1.0,1.0,1.0,1.0,1.0,1,0.19793010726029084,43
2650,1,5097,5097,0,0,0,0,1.0,1.0,1.0,1.0,1.0,1,0.2783599227384382,43
2651,1,5098,5098,0,0,0,0,1.0,1.0,1.0,1.0,1.0,1,0.25690119057439875,44
2652,1,5099,5099,0,0,0,0,1.0,1.0,1.0,1.0,1.0,1,0.3013244313973753,44
2653,1,5100,5100,0,0,0,0,1.0,1.0,1.0,1.0,1.0,1,0.29209441458241664,44
2654,3,5103,5103,0,0,0,0,1.0,1.0,1.0,1.0,1.0,1,0.33877597546601496,45
2655,3,5106,5106,0,0,0,0,1.0,1.0,1.0,1.0,1.0,1,0.27194914749521926,45
2656,4,5110,5110,0,0,0,0,1.0,1.0,1.0,1.0,1.0,1,0.2408537679429293,45
2657,3,5113,5113,0,0,0,0,1.0,1.0,1.0,1.0,1.0,1,0.19733228836248687,45
2658,5,5118,5118,0,0,0,0,1.0,1.0,1.0,1.0,1.0,1,0.186852742759306,47
2659,2,5120,5120,0,0,0,0,1.0,1.0,1.0,1.0,1.0,1,0.20320942720875634,46
2660,0,5120,5120,0,0,0,0,1.0,1.0,1.0,1.0,1.0,1,0.20320942720875634,46
2661,4,5124,5124,0,0,0,0,1.0,1.0,1.0,1.0,1.0,1,0.14934892419481458,46
2662,1,5125,5125,0,0,0,0,1.0,1.0,1.0,1.0,1.0,1,0.13037331481485778,47
2663,4,5129,5129,0,0,0,0,1.0,1.0,1.0,1.0,1.0,1,0.09465476900522662,46
2664,2,5131,5131,0,0,0,0,1.0,1.0,1.0,1.0,1.0,1,0.11167340167900135,45
2665,0,5131,5131,0,0,0,0,1.0,1.0,1.0,1.0,1.0,1,0.12735714550138727,47
2666,3,5134,5134,0,0,0,0,1.0,1.0,1.0,1.0,1.0,1,0.1724797158109663,47
2667,1,5135,5135,0,0,0,0,1.0,1.0,1.0,1.0,1.0,1,0.20759912019996482,45
2668,3,5138,5138,0,0,0,0,1.0,1.0,1.0,1.0,1.0,1,0.1936598812417611,45
2669,2,5140,5140,0,0,0,0,1.0,1.0,1.0,1.0,1.0,1,0.2779660091642429,45
2670,1,5141,5141,0,0,0,0,1.0,1.0,1.0,1.0,1.0,1,0.3083721787535406,45
2671,1,5142,5142,0,0,0,0,1.0,1.0,1.0,1.0,1.0,1,0.34872341784152827,41
2672,1,5143,5143,0,0,0,0,1.0,1.0,1.0,1.0,1.0,1,0.3267925732166118,40
2673,5,5148,5148,0,0,0,0,1.0,1.0,1.0,1.0,1.0,1,0.34093374832437284,39
2674,0,5148,5148,0,0,0,0,1.0,1.0,1.0,1.0,1.0,1,0.32162847184444826,37
2675,3,5151,5151,0,0,0,0,1.0,1.0,1.0,1.0,1.0,1,0.35760092935816756,35
2676,1,5152,5152,0,0,0,0,1.0,1.0,1.0,1.0,1.0,1,0.3178872984857846,34
2677,3,5155,5155,0,0,0,0,1.0,1.0,1.0,1.0,1.0,1,0.26186685129180226,32
2678,2,5157,5157,0,0,0,0,1.0,1.0,1.0,1.0,1.0,1,0.2357555048182977,33
2679,2,5159,5159,0,0,0,0,1.0,1.0,1.0,1.0,1.0,1,0.23372146707311875,33
2680,1,5160,5160,0,0,0,0,1.0,1.0,1.0,1.0,1.0,1,0.25167129550159617,33
2681,2,5162,5162,0,0,0,0,1.0,1.0,1.0,1.0,1.0,1,0.23417299555839025,32
2682,0,5162,5162,0,0,0,0,1.0,1.0,1.0,1.0,1.0,1,0.23417299555839025,32
2683,1,5163,5163,0,0,0,0,1.0,1.0,1.0,1.0,1.0,1,0.19653950150523639,32
2684,2,5165,5165,0,0,0,0,1.0,1.0,1.0,1.0,1.0,1,0.19294120747171475,31
2685,0,5165,5165,0,0,0,0,1.0,1.0,1.0,1.0,1.0,1,0.17303416699781768,30
2686,1,5166,5166,0,0,0,0,1.0,1.0,1.0,1.0,1.0,1,0.21945793008428066,29
2687,2,5168,5168,0,0,0,0,1.0,1.0,1.0,1.0,1.0,1,0.2210415993524362,28
2688,4,5172,5172,0,0,0,0,1.0,1.0,1.0,1.0,1.0,1,0.19915155414537844,28
2689,4,5176,5176,0,0,0,0,1.0,1.0,1.0,1.0,1.0,1,0.13929719680487418,29
2690,4,5180,5180,0,0,0,0,1.0,1.0,1.0,1.0,1.0,1,0.17442044529965178,29
2691,3,5183,5183,0,0,0,0,1.0,1.0,1.0,1.0,1.0,1,0.13387532021549603,29
2692,4,5187,5187,0,0,0,0,1.0,1.0,1.0,1.0,1.0,1,0.14137714738801654,31
2693,2,5189,5189,0,0,0,0,1.0,1.0,1.0,1.0,1.0,1,0.24908011718798884,32
2694,3,5192,5192,0,0,0,0,1.0,1.0,1.0,1.0,1.0,1,0.2125694585745531,32
2695,2,5194,5194,0,0,0,0,1.0,1.0,1.0,1.0,1.0,1,0.20853749098506247,33
2696,4,5198,5198,0,0,0,0,1.0,1.0,1.0,1.0,1.0,1,0.17777818299555312,33
2697,0,5198,5198,0,0,0,0,1.0,1.0,1.0,1.0,1.0,1,0.19695097452534693,34
2698,2,5200,5200,0,0,0,0,1.0,1.0,1.0,1.0,1.0,1,0.2220416634976458,34
2699,0,5200,5200,0,0,0,0,1.0,1.0,1.0,1.0,1.0,1,0.2369848359701353,36
2700,0,5200,5200,0,0,0,0,1.0,1.0,1.0,1.0,1.0,1,0.24118249326824304,36
2701,3,5203,5203,0,0,0,0,1.0,1.0,1.0,1.0,1.0,1,0.25762143770065604,36
2702,1,5204,5204,0,0,0,0,1.0,1.0,1.0,1.0,1.0,1,0.2363942927637201,36
2703,3,5207,5207,0,0,0,0,1.0,1.0,1.0,1.0,1.0,1,0.19876072686448276,38
2704,1,5208,5208,0,0,0,0,1.0,1.0,1.0,1.0,1.0,1,0.20046420644647236,37
2705,5,5213,5213,0,0,0,0,1.0,1.0,1.0,1.0,1.0,1,0.17225789516938952,36
2706,0,5213,5213,0,0,0,0,1.0,1.0,1.0,1.0,1.0,1,0.1827458309467262,34
2707,2,5215,5215,0,0,0,0,1.0,1.0,1.0,1.0,1.0,1,0.14316312141314205,36
2708,2,5217,5217,0,0,0,0,1.0,1.0,1.0,1.0,1.0,1,0.14159852929128608,36
2709,1,5218,5218,0,0,0,0,1.0,1.0,1.0,1.0,1.0,1,0.1746795954018268,33
2710,2,5220,5220,0,0,0,0,1.0,1.0,1.0,1.0,1.0,1,0.2299484250536983,32
2711,0,5220,5220,0,0,0,0,1.0,1.0,1.0,1.0,1.0,1,0.22972645376091871,29
2712,0,5220,5220,0,0,0,0,1.0,1.0,1.0,1.0,1.0,1,0.1516852646439208,28
2713,1,5221,5221,0,0,0,0,1.0,1.0,1.0,1.0,1.0,1,0.18540016935066841,28
2714,3,5224,5224,0,0,0,0,1.0,1.0,1.0,1.0,1.0,1,0.14891586900538953,25
2715,1,5225,5225,0,0,0,0,1.0,1.0,1.0,1.0,1.0,1,0.19113538191939342,24
2716,4,5229,5229,0,0,0,0,1.0,1.0,1.0,1.0,1.0,1,0.15977712731661886,23
2717,3,5232,5232,0,0,0,0,1.0,1.0,1.0,1.0,1.0,1,0.19157502699921555,24
2718,3,5235,5235,0,0,0,0,1.0,1.0,1.0,1.0,1.0,1,0.08938793159794264,24
2719,1,5236,5236,0,0,0,0,1.0,1.0,1.0,1.0,1.0,1,0.08752405846671957,25
2720,3,5239,5239,0,0,0,0,1.0,1.0,1.0,1.0,1.0,1,0.04461216885272752,25
2721,2,5241,5241,0,0,0,0,1.0,1.0,1.0,1.0,1.0,1,0.13699415750182217,26
2722,1,5242,5242,0,0,0,0,1.0,1.0,1.0,1.0,1.0,1,0.1200010800414325,26
2723,3,5245,5245,0,0,0,0,1.0,1.0,1.0,1.0,1.0,1,0.10330609419164012,26
2724,0,5245,5245,0,0,0,0,1.0,1.0,1.0,1.0,1.0,1,0.08262666387950966,27
2725,3,5248,5248,0,0,0,0,1.0,1.0,1.0,1.0,1.0,1,0.18760952951303317,27
2726,0,5248,5248,0,0,0,0,1.0,1.0,1.0,1.0,1.0,1,0.14565395948842838,28
2727,0,5248,5248,0,0,0,0,1.0,1.0,1.0,1.0,1.0,1,0.148532054165473,29
2728,3,5251,5251,0,0,0,0,1.0,1.0,1.0,1.0,1.0,1,0.2390214489601555,28
2729,3,5254,5254,0,0,0,0,1.0,1.0,1.0,1.0,1.0,1,0.19735530952568836,28
2730,1,5255,5255,0,0,0,0,1.0,1.0,1.0,1.0,1.0,1,0.23167707824612507,29
2731,2,5257,5257,0,0,0,0,1.0,1.0,1.0,1.0,1.0,1,0.21266335843156334,30
2732,2,5259,5259,0,0,0,0,1.0,1.0,1.0,1.0,1.0,1,0.23904873580271818,29
2733,2,5261,5261,0,0,0,0,1.0,1.0,1.0,1.0,1.0,1,0.21147023136958057,29
2734,4,5265,5265,0,0,0,0,1.0,1.0,1.0,1.0,1.0,1,0.18919081823873476,29
2735,1,5266,5266,0,0,0,0,1.0,1.0,1.0,1.0,1.0,1,0.20952386484378754,29
2736,1,5267,5267,0,0,0,0,1.0,1.0,1.0,1.0,1.0,1,0.260677680849718,30
2737,3,5270,5270,0,0,0,0,1.0,1.0,1.0,1.0,1.0,1,0.2072208347258563,30
2738,0,5270,5270,0,0,0,0,1.0,1.0,1.0,1.0,1.0,1,0.24915411575028812,29
2739,1,5271,5271,0,0,0,0,1.0,1.0,1.0,1.0,1.0,1,0.22177882422263992,30
2740,0,5271,5271,0,0,0,0,1.0,1.0,1.0,1.0,1.0,1,0.24603528177393438,29
2741,0,5271,5271,0,0,0,0,1.0,1.0,1.0,1.0,1.0,1,0.24603528177393438,29
2742,0,5271,5271,0,0,0,0,1.0,1.0,1.0,1.0,1.0,1,0.24603528177393438,29
2743,0,5271,5271,0,0,0,0,1.0,1.0,1.0,1.0,1.0,1,0.26415489532843955,30
2744,0,5271,5271,0,0,0,0,1.0,1.0,1.0,1.0,1.0,1,0.22635189175690112,28
2745,0,5271,5271,0,0,0,0,1.0,1.0,1.0,1.0,1.0,1,0.1981137820692843,27
2746,1,5272,5272,0,0,0,0,1.0,1.0,1.0,1.0,1.0,1,0.15867956067984723,26
2747,0,5272,5272,0,0,0,0,1.0,1.0,1.0,1.0,1.0,1,0.22758305337682883,22
2748,0,5272,5272,0,0,0,0,1.0,1.0,1.0,1.0,1.0,1,0.2272984660169156,22
2749,0,5272,5272,0,0,0,0,1.0,1.0,1.0,1.0,1.0,1,0.2561439799437312,20
2750,1,5273,5273,0,0,0,0,1.0,1.0,1.0,1.0,1.0,1,0.2517072755520865,17
2751,2,5275,5275,0,0,0,0,1.0,1.0,1.0,1.0,1.0,1,0.30322118509360624,17
2752,1,5276,5276,0,0,0,0,1.0,1.0,1.0,1.0,1.0,1,0.3854555559294079,16
2753,1,5277,5277,0,0,0,0,1.0,1.0,1.0,1.0,1.0,1,0.4501788192316057,16
2754,1,5278,5278,0,0,0,0,1.0,1.0,1.0,1.0,1.0,1,0.34634886380324287,16
2755,1,5279,5279,0,0,0,0,1.0,1.0,1.0,1.0,1.0,1,0.4588340408462364,16
2756,0,5279,5279,0,0,0,0,1.0,1.0,1.0,1.0,1.0,1,0.47495541273649083,17
2757,2,5281,5281,0,0,0,0,1.0,1.0,1.0,1.0,1.0,1,0.41476578441433604,18
2758,2,5283,5283,0,0,0,0,1.0,1.0,1.0,1.0,1.0,1,0.38501010699972554,18
2759,1,5284,5284,0,0,0,0,1.0,1.0,1.0,1.0,1.0,1,0.4454294753547551,19
2760,0,5284,5284,0,0,0,0,1.0,1.0,1.0,1.0,1.0,1,0.42390842669016404,18
2761,0,5284,5284,0,0,0,0,1.0,1.0,1.0,1.0,1.0,1,0.42390842669016404,18
2762,1,5285,5285,0,0,0,0,1.0,1.0,1.0,1.0,1.0,1,0.4558944786234905,18
2763,0,5285,5285,0,0,0,0,1.0,1.0,1.0,1.0,1.0,1,0.4558944786234905,18
2764,1,5286,5286,0,0,0,0,1.0,1.0,1.0,1.0,1.0,1,0.3929061163315202,18
2765,1,5287,5287,0,0,0,0,1.0,1.0,1.0,1.0,1.0,1,0.3236683476622501,18
2766,0,5287,5287,0,0,0,0,1.0,1.0,1.0,1.0,1.0,1,0.3236683476622501,18
2767,0,5287,5287,0,0,0,0,1.0,1.0,1.0,1.0,1.0,1,0.36627040771424263,17
2768,1,5288,5288,0,0,0,0,1.0,1.0,1.0,1.0,1.0,1,0.33921779174167344,17
2769,0,5288,5288,0,0,0,0,1.0,1.0,1.0,1.0,1.0,1,0.33921779174167344,17
2770,0,5288,5288,0,0,0,0,1.0,1.0,1.0,1.0,1.0,1,0.33921779174167344,17
2771,0,5288,5288,0,0,0,0,1.0,1.0,1.0,1.0,1.0,1,0.33921779174167344,17
2772,0,5288,5288,0,0,0,0,1.0,1.0,1.0,1.0,1.0,1,0.33921779174167344,17
2773,0,5288,5288,0,0,0,0,1.0,1.0,1.0,1.0,1.0,1,0.33921779174167344,17
2774,0,5288,5288,0,0,0,0,1.0,1.0,1.0,1.0,1.0,1,0.2914769349172599,18
2775,0,5288,5288,0,0,0,0,1.0,1.0,1.0,1.0,1.0,1,0.26851385417412416,20
2776,2,5290,5290,0,0,0,0,1.0,1.0,1.0,1.0,1.0,1,0.3522353986748398,21
2777,2,5292,5292,0,0,0,0,1.0,1.0,1.0,1.0,1.0,1,0.35621258738053757,21
2778,1,5293,5293,0,0,0,0,1.0,1.0,1.0,1.0,1.0,1,0.41830558664513495,21
2779,0,5293,5293,0,0,0,0,1.0,1.0,1.0,1.0,1.0,1,0.4073182194564453,22
2780,2,5295,5295,0,0,0,0,1.0,1.0,1.0,1.0,1.0,1,0.45005869434207696,22
2781,1,5296,5296,0,0,0,0,1.0,1.0,1.0,1.0,1.0,1,0.3907123465317611,22
2782,2,5298,5298,0,0,0,0,1.0,1.0,1.0,1.0,1.0,1,0.30551577333384466,23
2783,0,5298,5298,0,0,0,0,1.0,1.0,1.0,1.0,1.0,1,0.285897871099953,22
2784,2,5300,5300,0,0,0,0,1.0,1.0,1.0,1.0,1.0,1,0.2863506054735433,21
2785,0,5300,5300,0,0,0,0,1.0,1.0,1.0,1.0,1.0,1,0.22747046775857016,19
2786,0,5300,5300,0,0,0,0,1.0,1.0,1.0,1.0,1.0,1,0.22747046775857016,19
2787,0,5300,5300,0,0,0,0,1.0,1.0,1.0,1.0,1.0,1,0.18590399009652428,20
2788,1,5301,5301,0,0,0,0,1.0,1.0,1.0,1.0,1.0,1,0.1281170753808427,20
2789,0,5301,5301,0,0,0,0,1.0,1.0,1.0,1.0,1.0,1,0.12376918818725244,19
2790,0,5301,5301,0,0,0,0,1.0,1.0,1.0,1.0,1.0,1,0.12431139891236072,20
2791,2,5303,5303,0,0,0,0,1.0,1.0,1.0,1.0,1.0,1,0.18191167309256395,20
2792,1,5304,5304,0,0,0,0,1.0,1.0,1.0,1.0,1.0,1,0.15733875998105354,20
2793,2,5306,5306,0,0,0,0,1.0,1.0,1.0,1.0,1.0,1,0.22486389620198496,19
2794,0,5306,5306,0,0,0,0,1.0,1.0,1.0,1.0,1.0,1,0.1956920652925678,20
2795,2,5308,5308,0,0,0,0,1.0,1.0,1.0,1.0,1.0,1,0.24266831136281575,21
2796,1,5309,5309,0,0,0,0,1.0,1.0,1.0,1.0,1.0,1,0.20755858564036478,22
2797,0,5309,5309,0,0,0,0,1.0,1.0,1.0,1.0,1.0,1,0.2377600336431551,21
2798,1,5310,5310,0,0,0,0,1.0,1.0,1.0,1.0,1.0,1,0.2745761323264694,21
2799,0,5310,5310,0,0,0,0,1.0,1.0,1.0,1.0,1.0,1,0.2983513970593282,20
2800,0,5310,5310,0,0,0,0,1.0,1.0,1.0,1.0,1.0,1,0.2983513970593282,20
2801,1,5311,5311,0,0,0,0,1.0,1.0,1.0,1.0,1.0,1,0.28300564462175537,20
2802,3,5314,5314,0,0,0,0,1.0,1.0,1.0,1.0,1.0,1,0.2431233785084215,20
2803,2,5316,5316,0,0,0,0,1.0,1.0,1.0,1.0,1.0,1,0.2768614775267745,21
2804,3,5319,5319,0,0,0,0,1.0,1.0,1.0,1.0,1.0,1,0.18772775305170625,22
2805,2,5321,5321,0,0,0,0,1.0,1.0,1.0,1.0,1.0,1,0.20928857476705348,22
2806,3,5324,5324,0,0,0,0,1.0,1.0,1.0,1.0,1.0,1,0.19796114312429205,23
2807,1,5325,5325,0,0,0,0,1.0,1.0,1.0,1.0,1.0,1,0.13370288429447236,24
2808,2,5327,5327,0,0,0,0,1.0,1.0,1.0,1.0,1.0,1,0.08057059518573313,24
2809,0,5327,5327,0,0,0,0,1.0,1.0,1.0,1.0,1.0,1,0.04408847801990493,26
2810,0,5327,5327,0,0,0,0,1.0,1.0,1.0,1.0,1.0,1,0.07116931878986772,26
2811,2,5329,5329,0,0,0,0,1.0,1.0,1.0,1.0,1.0,1,0.0995823746015376,27
2812,0,5329,5329,0,0,0,0,1.0,1.0,1.0,1.0,1.0,1,0.0995823746015376,27
2813,2,5331,5331,0,0,0,0,1.0,1.0,1.0,1.0,1.0,1,0.07691686102783939,28
2814,0,5331,5331,0,0,0,0,1.0,1.0,1.0,1.0,1.0,1,0.08109208267591375,29
2815,1,5332,5332,0,0,0,0,1.0,1.0,1.0,1.0,1.0,1,0.07961480918191231,30
2816,1,5333,5333,0,0,0,0,1.0,1.0,1.0,1.0,1.0,1,0.12071795448070158,31
2817,0,5333,5333,0,0,0,0,1.0,1.0,1.0,1.0,1.0,1,0.12071795448070158,31
2818,0,5333,5333,0,0,0,0,1.0,1.0,1.0,1.0,1.0,1,0.12430432251955066,32
2819,0,5333,5333,0,0,0,0,1.0,1.0,1.0,1.0,1.0,1,0.12430432251955066,32
2820,0,5333,5333,0,0,0,0,1.0,1.0,1.0,1.0,1.0,1,0.11242698955311416,33
2821,1,5334,5334,0,0,0,0,1.0,1.0,1.0,1.0,1.0,1,0.10853428769144141,34
2822,3,5337,5337,0,0,0,0,1.0,1.0,1.0,1.0,1.0,1,0.13006103935673755,35
2823,2,5339,5339,0,0,0,0,1.0,1.0,1.0,1.0,1.0,1,0.15846243422079367,31
2824,2,5341,5341,0,0,0,0,1.0,1.0,1.0,1.0,1.0,1,0.22276445188945637,33
2825,5,5346,5346,0,0,0,0,1.0,1.0,1.0,1.0,1.0,1,0.08751670938554489,31
2826,2,5348,5348,0,0,0,0,1.0,1.0,1.0,1.0,1.0,1,0.20519248713043658,31
2827,6,5354,5354,0,0,0,0,1.0,1.0,1.0,1.0,1.0,1,0.11865431356286775,32
2828,4,5358,5358,0,0,0,0,1.0,1.0,1.0,1.0,1.0,1,0.15804497000994508,33
2829,8,5366,5366,0,0,0,0,1.0,1.0,1.0,1.0,1.0,1,0.18066247261534657,33
2830,3,5369,5369,0,0,0,0,1.0,1.0,1.0,1.0,1.0,1,0.1901526590154816,32
2831,5,5374,5374,0,0,0,0,1.0,1.0,1.0,1.0,1.0,1,0.19550923449250115,31
2832,1,5375,5375,0,0,0,0,1.0,1.0,1.0,1.0,1.0,1,0.24039414419139515,30
2833,2,5377,5377,0,0,0,0,1.0,1.0,1.0,1.0,1.0,1,0.16839748803216906,29
2834,3,5380,5380,0,0,0,0,1.0,1.0,1.0,1.0,1.0,1,0.1204833235758147,29
2835,1,5381,5381,0,0,0,0,1.0,1.0,1.0,1.0,1.0,1,0.0886250035082177,27
2836,2,5383,5383,0,0,0,0,1.0,1.0,1.0,1.0,1.0,1,0.08833375281373533,27
2837,1,5384,5384,0,0,0,0,1.0,1.0,1.0,1.0,1.0,1,0.05228547709578528,28
2838,1,5385,5385,0,0,0,0,1.0,1.0,1.0,1.0,1.0,1,0.052751468794175645,29
2839,1,5386,5386,0,0,0,0,1.0,1.0,1.0,1.0,1.0,1,0.06324694794423585,29
2840,2,5388,5388,0,0,0,0,1.0,1.0,1.0,1.0,1.0,1,0.12308905341891042,29
2841,1,5389,5389,0,0,0,0,1.0,1.0,1.0,1.0,1.0,1,0.15039178121308808,31
2842,1,5390,5390,0,0,0,0,1.0,1.0,1.0,1.0,1.0,1,0.13763404312741037,32
2843,2,5392,5392,0,0,0,0,1.0,1.0,1.0,1.0,1.0,1,0.1075622923635278,32
2844,2,5394,5394,0,0,0,0,1.0,1.0,1.0,1.0,1.0,1,0.1347151545833322,33
2845,2,5396,5396,0,0,0,0,1.0,1.0,1.0,1.0,1.0,1,0.10709235468427272,34
2846,0,5396,5396,0,0,0,0,1.0,1.0,1.0,1.0,1.0,1,0.10709235468427272,34
2847,1,5397,5397,0,0,0,0,1.0,1.0,1.0,1.0,1.0,1,0.10950735834467955,35
2848,2,5399,5399,0,0,0,0,1.0,1.0,1.0,1.0,1.0,1,0.15072233520216238,37
2849,0,5399,5399,0,0,0,0,1.0,1.0,1.0,1.0,1.0,1,0.15072233520216238,37
2850,0,5399,5399,0,0,0,0,1.0,1.0,1.0,1.0,1.0,1,0.15072233520216238,37
2851,0,5399,5399,0,0,0,0,1.0,1.0,1.0,1.0,1.0,1,0.15275692938577204,38
2852,0,5399,5399,0,0,0,0,1.0,1.0,1.0,1.0,1.0,1,0.17951152895542893,36
2853,4,5403,5403,0,0,0,0,1.0,1.0,1.0,1.0,1.0,1,0.3243395924469257,36
2854,1,5404,5404,0,0,0,0,1.0,1.0,1.0,1.0,1.0,1,0.29720657061868183,37
2855,4,5408,5408,0,0,0,0,1.0,1.0,1.0,1.0,1.0,1,0.34407484578530484,37
2856,5,5413,5413,0,0,0,0,1.0,1.0,1.0,1.0,1.0,1,0.2824504972762464,38
2857,2,5415,5415,0,0,0,0,1.0,1.0,1.0,1.0,1.0,1,0.2389861415090302,39
2858,2,5417,5417,0,0,0,0,1.0,1.0,1.0,1.0,1.0,1,0.24005243946839336,39
2859,7,5424,5424,0,0,0,0,1.0,1.0,1.0,1.0,1.0,1,0.1447643214618666,39
2860,3,5427,5427,0,0,0,0,1.0,1.0,1.0,1.0,1.0,1,0.14266185039293935,40
2861,6,5433,5433,0,0,0,0,1.0,1.0,1.0,1.0,1.0,1,0.12632730794852642,38
2862,1,5434,5434,0,0,0,0,1.0,1.0,1.0,1.0,1.0,1,0.062271658552513806,38
2863,3,5437,5437,0,0,0,0,1.0,1.0,1.0,1.0,1.0,1,0.11241950134440053,37
2864,4,5441,5441,0,0,0,0,1.0,1.0,1.0,1.0,1.0,1,0.16209425503037322,35
2865,3,5444,5444,0,0,0,0,1.0,1.0,1.0,1.0,1.0,1,0.19695091408610663,33
2866,0,5444,5444,0,0,0,0,1.0,1.0,1.0,1.0,1.0,1,0.21116869894215717,31
2867,3,5447,5447,0,0,0,0,1.0,1.0,1.0,1.0,1.0,1,0.2626220063611805,30
2868,0,5447,5447,0,0,0,0,1.0,1.0,1.0,1.0,1.0,1,0.2833945120394927,31
2869,0,5447,5447,0,0,0,0,1.0,1.0,1.0,1.0,1.0,1,0.30168944222585126,30
2870,2,5449,5449,0,0,0,0,1.0,1.0,1.0,1.0,1.0,1,0.377667199409389,26
2871,1,5450,5450,0,0,0,0,1.0,1.0,1.0,1.0,1.0,1,0.3450514108370673,27
2872,0,5450,5450,0,0,0,0,1.0,1.0,1.0,1.0,1.0,1,0.3702987856595396,25
2873,1,5451,5451,0,0,0,0,1.0,1.0,1.0,1.0,1.0,1,0.3815620295235046,24
2874,1,5452,5452,0,0,0,0,1.0,1.0,1.0,1.0,1.0,1,0.39714901707939704,25
2875,1,5453,5453,0,0,0,0,1.0,1.0,1.0,1.0,1.0,1,0.3448308300357396,26
2876,1,5454,5454,0,0,0,0,1.0,1.0,1.0,1.0,1.0,1,0.34620859831912026,28
2877,1,5455,5455,0,0,0,0,1.0,1.0,1.0,1.0,1.0,1,0.38292749029679257,29
2878,0,5455,5455,0,0,0,0,1.0,1.0,1.0,1.0,1.0,1,0.3429260934991761,31
2879,0,5455,5455,0,0,0,0,1.0,1.0,1.0,1.0,1.0,1,0.3429260934991761,31
2880,1,5456,5456,0,0,0,0,1.0,1.0,1.0,1.0,1.0,1,0.34769703705213095,32
2881,0,5456,5456,0,0,0,0,1.0,1.0,1.0,1.0,1.0,1,0.3637815494292676,31
2882,1,5457,5457,0,0,0,0,1.0,1.0,1.0,1.0,1.0,1,0.3797269652380729,31
2883,3,5460,5460,0,0,0,0,1.0,1.0,1.0,1.0,1.0,1,0.32399956792323065,32
2884,1,5461,5461,0,0,0,0,1.0,1.0,1.0,1.0,1.0,1,0.31317252939602264,32
2885,7,5468,5468,0,0,0,0,1.0,1.0,1.0,1.0,1.0,1,0.24644053083406595,33
2886,2,5470,5470,0,0,0,0,1.0,1.0,1.0,1.0,1.0,1,0.24953421426646477,34
2887,4,5474,5474,0,0,0,0,1.0,1.0,1.0,1.0,1.0,1,0.18477076864510797,34
2888,2,5476,5476,0,0,0,0,1.0,1.0,1.0,1.0,1.0,1,0.24225230995787586,34
2889,1,5477,5477,0,0,0,0,1.0,1.0,1.0,1.0,1.0,1,0.25996154990932613,37
2890,3,5480,5480,0,0,0,0,1.0,1.0,1.0,1.0,1.0,1,0.2997604360479214,37
2891,0,5480,5480,0,0,0,0,1.0,1.0,1.0,1.0,1.0,1,0.2997604360479214,37
2892,4,5484,5484,0,0,0,0,1.0,1.0,1.0,1.0,1.0,1,0.29511403506886963,37
2893,3,5487,5487,0,0,0,0,1.0,1.0,1.0,1.0,1.0,1,0.2518478782094101,38
2894,5,5492,5492,0,0,0,0,1.0,1.0,1.0,1.0,1.0,1,0.20852638092988227,39
2895,3,5495,5495,0,0,0,0,1.0,1.0,1.0,1.0,1.0,1,0.15663671582491437,40
2896,2,5497,5497,0,0,0,0,1.0,1.0,1.0,1.0,1.0,1,0.14969886147747494,41
2897,2,5499,5499,0,0,0,0,1.0,1.0,1.0,1.0,1.0,1,0.1328580891436973,41
2898,3,5502,5502,0,0,0,0,1.0,1.0,1.0,1.0,1.0,1,0.15518203767241573,41
2899,0,5502,5502,0,0,0,0,1.0,1.0,1.0,1.0,1.0,1,0.19190433696019185,39
2900,3,5505,5505,0,0,0,0,1.0,1.0,1.0,1.0,1.0,1,0.23314152564882054,40
2901,0,5505,5505,0,0,0,0,1.0,1.0,1.0,1.0,1.0,1,0.24023131026488784,40
2902,1,5506,5506,0,0,0,0,1.0,1.0,1.0,1.0,1.0,1,0.28032720810511197,38
2903,0,5506,5506,0,0,0,0,1.0,1.0,1.0,1.0,1.0,1,0.24541265542390306,36
2904,1,5507,5507,0,0,0,0,1.0,1.0,1.0,1.0,1.0,1,0.27849341334438754,36
2905,1,5508,5508,0,0,0,0,1.0,1.0,1.0,1.0,1.0,1,0.3162540559109255,35
2906,3,5511,5511,0,0,0,0,1.0,1.0,1.0,1.0,1.0,1,0.29978450499475784,36
2907,0,5511,5511,0,0,0,0,1.0,1.0,1.0,1.0,1.0,1,0.2809419089127604,37
2908,2,5513,5513,0,0,0,0,1.0,1.0,1.0,1.0,1.0,1,0.28086550939828864,38
2909,1,5514,5514,0,0,0,0,1.0,1.0,1.0,1.0,1.0,1,0.3126884261200565,37
2910,1,5515,5515,0,0,0,0,1.0,1.0,1.0,1.0,1.0,1,0.2707950260287356,37
2911,0,5515,5515,0,0,0,0,1.0,1.0,1.0,1.0,1.0,1,0.3010774594050435,36
2912,1,5516,5516,0,0,0,0,1.0,1.0,1.0,1.0,1.0,1,0.279371769444207,36
2913,3,5519,5519,0,0,0,0,1.0,1.0,1.0,1.0,1.0,1,0.2527983272555568,36
2914,1,5520,5520,0,0,0,0,1.0,1.0,1.0,1.0,1.0,1,0.24532887904669498,38
2915,3,5523,5523,0,0,0,0,1.0,1.0,1.0,1.0,1.0,1,0.19940189460027788,37
2916,2,5525,5525,0,0,0,0,1.0,1.0,1.0,1.0,1.0,1,0.15153205006866013,39
2917,1,5526,5526,0,0,0,0,1.0,1.0,1.0,1.0,1.0,1,0.11537956175816001,40
2918,2,5528,5528,0,0,0,0,1.0,1.0,1.0,1.0,1.0,1,0.19221023947907,40
2919,0,5528,5528,0,0,0,0,1.0,1.0,1.0,1.0,1.0,1,0.18108011879329572,42
2920,2,5530,5530,0,0,0,0,1.0,1.0,1.0,1.0,1.0,1,0.22117109370330107,42
2921,2,5532,5532,0,0,0,0,1.0,1.0,1.0,1.0,1.0,1,0.2292144424683225,42
2922,2,5534,5534,0,0,0,0,1.0,1.0,1.0,1.0,1.0,1,0.2396571261426957,43
2923,3,5537,5537,0,0,0,0,1.0,1.0,1.0,1.0,1.0,1,0.2000657813849334,45
2924,5,5542,5542,0,0,0,0,1.0,1.0,1.0,1.0,1.0,1,0.17792334852444666,46
2925,3,5545,5545,0,0,0,0,1.0,1.0,1.0,1.0,1.0,1,0.1436106421018896,46
2926,0,5545,5545,0,0,0,0,1.0,1.0,1.0,1.0,1.0,1,0.1436106421018896,46
2927,3,5548,5548,0,0,0,0,1.0,1.0,1.0,1.0,1.0,1,0.128821407085444,48
2928,4,5552,5552,0,0,0,0,1.0,1.0,1.0,1.0,1.0,1,0.1573886208721647,48
2929,2,5554,5554,0,0,0,0,1.0,1.0,1.0,1.0,1.0,1,0.1386613238614387,48
2930,5,5559,5559,0,0,0,0,1.0,1.0,1.0,1.0,1.0,1,0.15765483704139432,50
2931,2,5561,5561,0,0,0,0,1.0,1.0,1.0,1.0,1.0,1,0.19849934430633961,51
2932,2,5563,5563,0,0,0,0,1.0,1.0,1.0,1.0,1.0,1,0.20662609291659378,52
2933,2,5565,5565,0,0,0,0,1.0,1.0,1.0,1.0,1.0,1,0.22683014988595648,53
2934,2,5567,5567,0,0,0,0,1.0,1.0,1.0,1.0,1.0,1,0.2834416191177734,54
2935,1,5568,5568,0,0,0,0,1.0,1.0,1.0,1.0,1.0,1,0.2964525645232772,53
2936,1,5569,5569,0,0,0,0,1.0,1.0,1.0,1.0,1.0,1,0.3131769956812606,53
2937,0,5569,5569,0,0,0,0,1.0,1.0,1.0,1.0,1.0,1,0.33578958746662746,51
2938,1,5570,5570,0,0,0,0,1.0,1.0,1.0,1.0,1.0,1,0.30643445692719995,53
2939,0,5570,5570,0,0,0,0,1.0,1.0,1.0,1.0,1.0,1,0.31671970326255894,52
2940,2,5572,5572,0,0,0,0,1.0,1.0,1.0,1.0,1.0,1,0.32461036880227717,52
2941,1,5573,5573,0,0,0,0,1.0,1.0,1.0,1.0,1.0,1,0.32064396759939034,50
2942,1,5574,5574,0,0,0,0,1.0,1.0,1.0,1.0,1.0,1,0.3388983246486499,50
2943,2,5576,5576,0,0,0,0,1.0,1.0,1.0,1.0,1.0,1,0.3113822626955023,49
2944,1,5577,5577,0,0,0,0,1.0,1.0,1.0,1.0,1.0,1,0.3478225558409632,48
2945,4,5581,5581,0,0,0,0,1.0,1.0,1.0,1.0,1.0,1,0.3224028653546396,48
2946,4,5585,5585,0,0,0,0,1.0,1.0,1.0,1.0,1.0,1,0.2771239169821785,47
2947,0,5585,5585,0,0,0,0,1.0,1.0,1.0,1.0,1.0,1,0.26025108651536183,47
2948,1,5586,5586,0,0,0,0,1.0,1.0,1.0,1.0,1.0,1,0.2620644898985162,48
2949,1,5587,5587,0,0,0,0,1.0,1.0,1.0,1.0,1.0,1,0.2692435308508374,48
2950,3,5590,5590,0,0,0,0,1.0,1.0,1.0,1.0,1.0,1,0.3036898043030298,48
2951,1,5591,5591,0,0,0,0,1.0,1.0,1.0,1.0,1.0,1,0.30000601021741713,50
2952,2,5593,5593,0,0,0,0,1.0,1.0,1.0,1.0,1.0,1,0.30367082765515674,50
2953,0,5593,5593,0,0,0,0,1.0,1.0,1.0,1.0,1.0,1,0.3214246838055384,51
2954,1,5594,5594,0,0,0,0,1.0,1.0,1.0,1.0,1.0,1,0.3108303866553609,51
2955,1,5595,5595,0,0,0,0,1.0,1.0,1.0,1.0,1.0,1,0.30044826797080443,51
2956,0,5595,5595,0,0,0,0,1.0,1.0,1.0,1.0,1.0,1,0.30044826797080443,51
2957,0,5595,5595,0,0,0,0,1.0,1.0,1.0,1.0,1.0,1,0.2996394810439293,52
2958,2,5597,5597,0,0,0,0,1.0,1.0,1.0,1.0,1.0,1,0.26187070500622067,52
2959,1,5598,5598,0,0,0,0,1.0,1.0,1.0,1.0,1.0,1,0.23041531654605457,53
2960,1,5599,5599,0,0,0,0,1.0,1.0,1.0,1.0,1.0,1,0.21383691454404075,52
2961,2,5601,5601,0,0,0,0,1.0,1.0,1.0,1.0,1.0,1,0.21507933827165907,53
2962,4,5605,5605,0,0,0,0,1.0,1.0,1.0,1.0,1.0,1,0.24625565454114284,54
2963,4,5609,5609,0,0,0,0,1.0,1.0,1.0,1.0,1.0,1,0.23572451694818572,55
2964,1,5610,5610,0,0,0,0,1.0,1.0,1.0,1.0,1.0,1,0.2611917986832025,55
2965,3,5613,5613,0,0,0,0,1.0,1.0,1.0,1.0,1.0,1,0.2594172354919855,55
2966,0,5613,5613,0,0,0,0,1.0,1.0,1.0,1.0,1.0,1,0.2594172354919855,55
2967,7,5620,5620,0,0,0,0,1.0,1.0,1.0,1.0,1.0,1,0.3257065209074666,56
2968,1,5621,5621,0,0,0,0,1.0,1.0,1.0,1.0,1.0,1,0.3349019665432077,56
2969,2,5623,5623,0,0,0,0,1.0,1.0,1.0,1.0,1.0,1,0.31795691441642565,55
2970,3,5626,5626,0,0,0,0,1.0,1.0,1.0,1.0,1.0,1,0.313597384609649,57
2971,1,5627,5627,0,0,0,0,1.0,1.0,1.0,1.0,1.0,1,0.3385707649169683,56
2972,2,5629,5629,0,0,0,0,1.0,1.0,1.0,1.0,1.0,1,0.28820480612294863,57
2973,2,5631,5631,0,0,0,0,1.0,1.0,1.0,1.0,1.0,1,0.25915410353032736,59
2974,2,5633,5633,0,0,0,0,1.0,1.0,1.0,1.0,1.0,1,0.24165753235024806,60
2975,2,5635,5635,0,0,0,0,1.0,1.0,1.0,1.0,1.0,1,0.24340949202187237,58
2976,3,5638,5638,0,0,0,0,1.0,1.0,1.0,1.0,1.0,1,0.2524119280638174,59
2977,5,5643,5643,0,0,0,0,1.0,1.0,1.0,1.0,1.0,1,0.1808017571440415,59
2978,1,5644,5644,0,0,0,0,1.0,1.0,1.0,1.0,1.0,1,0.19563218234567048,58
2979,0,5644,5644,0,0,0,0,1.0,1.0,1.0,1.0,1.0,1,0.20210069008808032,57
2980,2,5646,5646,0,0,0,0,1.0,1.0,1.0,1.0,1.0,1,0.22127929416771613,56
2981,2,5648,5648,0,0,0,0,1.0,1.0,1.0,1.0,1.0,1,0.21158010835482094,56
2982,3,5651,5651,0,0,0,0,1.0,1.0,1.0,1.0,1.0,1,0.21830690035515213,57
2983,0,5651,5651,0,0,0,0,1.0,1.0,1.0,1.0,1.0,1,0.2085127626669882,57
2984,4,5655,5655,0,0,0,0,1.0,1.0,1.0,1.0,1.0,1,0.16153122526745106,56
2985,1,5656,5656,0,0,0,0,1.0,1.0,1.0,1.0,1.0,1,0.1931966742053711,55
2986,2,5658,5658,0,0,0,0,1.0,1.0,1.0,1.0,1.0,1,0.1860121631087958,55
2987,2,5660,5660,0,0,0,0,1.0,1.0,1.0,1.0,1.0,1,0.22014638979388487,51
2988,0,5660,5660,0,0,0,0,1.0,1.0,1.0,1.0,1.0,1,0.20674855279415222,52
2989,2,5662,5662,0,0,0,0,1.0,1.0,1.0,1.0,1.0,1,0.24220766338197633,50
2990,1,5663,5663,0,0,0,0,1.0,1.0,1.0,1.0,1.0,1,0.2028182941433712,50
2991,2,5665,5665,0,0,0,0,1.0,1.0,1.0,1.0,1.0,1,0.16999881156911192,50
2992,2,5667,5667,0,0,0,0,1.0,1.0,1.0,1.0,1.0,1,0.17083770909284393,50
2993,1,5668,5668,0,0,0,0,1.0,1.0,1.0,1.0,1.0,1,0.17178452202527508,51
2994,2,5670,5670,0,0,0,0,1.0,1.0,1.0,1.0,1.0,1,0.15808647052554992,51
2995,6,5676,5676,0,0,0,0,1.0,1.0,1.0,1.0,1.0,1,0.19547067828177847,51
2996,3,5679,5679,0,0,0,0,1.0,1.0,1.0,1.0,1.0,1,0.19784240729022468,52
2997,6,5685,5685,0,0,0,0,1.0,1.0,1.0,1.0,1.0,1,0.20281914527982928,52
2998,3,5688,5688,0,0,0,0,1.0,1.0,1.0,1.0,1.0,1,0.24214603337092605,51
2999,3,5691,5691,0,0,0,0,1.0,1.0,1.0,1.0,1.0,1,0.2619833692004188,51
3000,1,5692,5692,0,0,0,0,1.0,1.0,1.0,1.0,1.0,1,0.28646626914877515,52
3001,2,5694,5694,0,0,0,0,1.0,1.0,1.0,1.0,1.0,1,0.31790751921023175,52
3002,1,5695,5695,0,0,0,0,1.0,1.0,1.0,1.0,1.0,1,0.28783377654739944,53
3003,2,5697,5697,0,0,0,0,1.0,1.0,1.0,1.0,1.0,1,0.2708815781945276,54
3004,1,5698,5698,0,0,0,0,1.0,1.0,1.0,1.0,1.0,1,0.26170592112742647,55
3005,2,5700,5700,0,0,0,0,1.0,1.0,1.0,1.0,1.0,1,0.26444828768387785,56
3006,1,5701,5701,0,0,0,0,1.0,1.0,1.0,1.0,1.0,1,0.27630044798555825,57
3007,2,5703,5703,0,0,0,0,1.0,1.0,1.0,1.0,1.0,1,0.25098270941245754,58
3008,2,5705,5705,0,0,0,0,1.0,1.0,1.0,1.0,1.0,1,0.2542572423837581,59
3009,0,5705,5705,0,0,0,0,1.0,1.0,1.0,1.0,1.0,1,0.2542572423837581,59
3010,3,5708,5708,0,0,0,0,1.0,1.0,1.0,1.0,1.0,1,0.2580368103682842,59
3011,1,5709,5709,0,0,0,0,1.0,1.0,1.0,1.0,1.0,1,0.26425157949770806,59
3012,3,5712,5712,0,0,0,0,1.0,1.0,1.0,1.0,1.0,1,0.24089688665343992,61
3013,1,5713,5713,0,0,0,0,1.0,1.0,1.0,1.0,1.0,1,0.2667687566939052,59
3014,4,5717,5717,0,0,0,0,1.0,1.0,1.0,1.0,1.0,1,0.259832592743394,60
3015,0,5717,5717,0,0,0,0,1.0,1.0,1.0,1.0,1.0,1,0.2762488688304567,58
3016,0,5717,5717,0,0,0,0,1.0,1.0,1.0,1.0,1.0,1,0.28450086802850433,57
3017,1,5718,5718,0,0,0,0,1.0,1.0,1.0,1.0,1.0,1,0.27464531279055027,58
3018,2,5720,5720,0,0,0,0,1.0,1.0,1.0,1.0,1.0,1,0.29128046158085447,55
3019,1,5721,5721,0,0,0,0,1.0,1.0,1.0,1.0,1.0,1,0.2640613049761813,56
3020,0,5721,5721,0,0,0,0,1.0,1.0,1.0,1.0,1.0,1,0.31295374835682155,55
3021,2,5723,5723,0,0,0,0,1.0,1.0,1.0,1.0,1.0,1,0.2771073399784578,55
3022,2,5725,5725,0,0,0,0,1.0,1.0,1.0,1.0,1.0,1,0.30399004563983306,55
3023,1,5726,5726,0,0,0,0,1.0,1.0,1.0,1.0,1.0,1,0.2807975381166506,54
3024,4,5730,5730,0,0,0,0,1.0,1.0,1.0,1.0,1.0,1,0.24308169627731716,54
3025,2,5732,5732,0,0,0,0,1.0,1.0,1.0,1.0,1.0,1,0.22990684312408616,54
3026,4,5736,5736,0,0,0,0,1.0,1.0,1.0,1.0,1.0,1,0.1695278246211,53
3027,3,5739,5739,0,0,0,0,1.0,1.0,1.0,1.0,1.0,1,0.167410373311671,53
3028,1,5740,5740,0,0,0,0,1.0,1.0,1.0,1.0,1.0,1,0.13087607368535314,51
3029,3,5743,5743,0,0,0,0,1.0,1.0,1.0,1.0,1.0,1,0.16171019374345702,51
3030,2,5745,5745,0,0,0,0,1.0,1.0,1.0,1.0,1.0,1,0.16414873477426356,52
3031,4,5749,5749,0,0,0,0,1.0,1.0,1.0,1.0,1.0,1,0.24027895465953678,51
3032,2,5751,5751,0,0,0,0,1.0,1.0,1.0,1.0,1.0,1,0.26000386466715225,50
3033,3,5754,5754,0,0,0,0,1.0,1.0,1.0,1.0,1.0,1,0.28933001823947896,52
3034,2,5756,5756,0,0,0,0,1.0,1.0,1.0,1.0,1.0,1,0.3021917116910955,51
3035,2,5758,5758,0,0,0,0,1.0,1.0,1.0,1.0,1.0,1,0.2845507513380238,51
3036,2,5760,5760,0,0,0,0,1.0,1.0,1.0,1.0,1.0,1,0.29814162029572494,53
3037,2,5762,5762,0,0,0,0,1.0,1.0,1.0,1.0,1.0,1,0.341115943678226,52
3038,1,5763,5763,0,0,0,0,1.0,1.0,1.0,1.0,1.0,1,0.3315743038866475,52
3039,2,5765,5765,0,0,0,0,1.0,1.0,1.0,1.0,1.0,1,0.32214658398561297,54
3040,1,5766,5766,0,0,0,0,1.0,1.0,1.0,1.0,1.0,1,0.31155069972826166,55
3041,3,5769,5769,0,0,0,0,1.0,1.0,1.0,1.0,1.0,1,0.3409727612467944,56
3042,0,5769,5769,0,0,0,0,1.0,1.0,1.0,1.0,1.0,1,0.3409727612467944,56
3043,5,5774,5774,0,0,0,0,1.0,1.0,1.0,1.0,1.0,1,0.3457203390825952,57
3044,3,5777,5777,0,0,0,0,1.0,1.0,1.0,1.0,1.0,1,0.3226800973896106,57
3045,2,5779,5779,0,0,0,0,1.0,1.0,1.0,1.0,1.0,1,0.3317263269306978,56
3046,4,5783,5783,0,0,0,0,1.0,1.0,1.0,1.0,1.0,1,0.304724791011795,57
3047,2,5785,5785,0,0,0,0,1.0,1.0,1.0,1.0,1.0,1,0.2982604176931854,56
3048,3,5788,5788,0,0,0,0,1.0,1.0,1.0,1.0,1.0,1,0.2670456752517314,58
3049,0,5788,5788,0,0,0,0,1.0,1.0,1.0,1.0,1.0,1,0.2942343084318874,59
3050,3,5791,5791,0,0,0,0,1.0,1.0,1.0,1.0,1.0,1,0.23377400775064286,60
3051,1,5792,5792,0,0,0,0,1.0,1.0,1.0,1.0,1.0,1,0.23719509340331377,59
3052,1,5793,5793,0,0,0,0,1.0,1.0,1.0,1.0,1.0,1,0.2221521738211705,58
3053,0,5793,5793,0,0,0,0,1.0,1.0,1.0,1.0,1.0,1,0.22167242867164816,57
3054,1,5794,5794,0,0,0,0,1.0,1.0,1.0,1.0,1.0,1,0.241630642498493,55
3055,0,5794,5794,0,0,0,0,1.0,1.0,1.0,1.0,1.0,1,0.2531138890241807,54
3056,1,5795,5795,0,0,0,0,1.0,1.0,1.0,1.0,1.0,1,0.2767516798849556,55
3057,3,5798,5798,0,0,0,0,1.0,1.0,1.0,1.0,1.0,1,0.27834367275607236,54
3058,0,5798,5798,0,0,0,0,1.0,1.0,1.0,1.0,1.0,1,0.2989041855670991,55
3059,1,5799,5799,0,0,0,0,1.0,1.0,1.0,1.0,1.0,1,0.3112011605399666,56
3060,0,5799,5799,0,0,0,0,1.0,1.0,1.0,1.0,1.0,1,0.3112011605399666,56
3061,1,5800,5800,0,0,0,0,1.0,1.0,1.0,1.0,1.0,1,0.33193968292662684,56
3062,0,5800,5800,0,0,0,0,1.0,1.0,1.0,1.0,1.0,1,0.3186575751158981,57
3063,4,5804,5804,0,0,0,0,1.0,1.0,1.0,1.0,1.0,1,0.3271483072361509,55
3064,4,5808,5808,0,0,0,0,1.0,1.0,1.0,1.0,1.0,1,0.2895346841273988,56
3065,3,5811,5811,0,0,0,0,1.0,1.0,1.0,1.0,1.0,1,0.30686904971341517,55
3066,1,5812,5812,0,0,0,0,1.0,1.0,1.0,1.0,1.0,1,0.32114406371406545,55
3067,6,5818,5818,0,0,0,0,1.0,1.0,1.0,1.0,1.0,1,0.3234063727035453,54
3068,1,5819,5819,0,0,0,0,1.0,1.0,1.0,1.0,1.0,1,0.34376312118469504,53
3069,1,5820,5820,0,0,0,0,1.0,1.0,1.0,1.0,1.0,1,0.3304411249430214,51
3070,0,5820,5820,0,0,0,0,1.0,1.0,1.0,1.0,1.0,1,0.3100008737391576,50
3071,3,5823,5823,0,0,0,0,1.0,1.0,1.0,1.0,1.0,1,0.31627483220610486,51
3072,0,5823,5823,0,0,0,0,1.0,1.0,1.0,1.0,1.0,1,0.29597934004659815,53
3073,2,5825,5825,0,0,0,0,1.0,1.0,1.0,1.0,1.0,1,0.3553515840216022,51
3074,3,5828,5828,0,0,0,0,1.0,1.0,1.0,1.0,1.0,1,0.31580767864770987,50
3075,1,5829,5829,0,0,0,0,1.0,1.0,1.0,1.0,1.0,1,0.2920434567855003,52
3076,1,5830,5830,0,0,0,0,1.0,1.0,1.0,1.0,1.0,1,0.3040321739825132,53
3077,2,5832,5832,0,0,0,0,1.0,1.0,1.0,1.0,1.0,1,0.2813132562640387,52
3078,1,5833,5833,0,0,0,0,1.0,1.0,1.0,1.0,1.0,1,0.33188079996674424,53
3079,2,5835,5835,0,0,0,0,1.0,1.0,1.0,1.0,1.0,1,0.30264093315333646,53
3080,0,5835,5835,0,0,0,0,1.0,1.0,1.0,1.0,1.0,1,0.32191925393428317,52
3081,3,5838,5838,0,0,0,0,1.0,1.0,1.0,1.0,1.0,1,0.29736120236078434,54
3082,1,5839,5839,0,0,0,0,1.0,1.0,1.0,1.0,1.0,1,0.29585301621983395,54
3083,0,5839,5839,0,0,0,0,1.0,1.0,1.0,1.0,1.0,1,0.29585301621983395,54
3084,2,5841,5841,0,0,0,0,1.0,1.0,1.0,1.0,1.0,1,0.3017660671815467,55
3085,0,5841,5841,0,0,0,0,1.0,1.0,1.0,1.0,1.0,1,0.3017660671815467,55
3086,2,5843,5843,0,0,0,0,1.0,1.0,1.0,1.0,1.0,1,0.3047122877240241,56
3087,0,5843,5843,0,0,0,0,1.0,1.0,1.0,1.0,1.0,1,0.3139240101208344,57
3088,1,5844,5844,0,0,0,0,1.0,1.0,1.0,1.0,1.0,1,0.3216440181892653,56
3089,1,5845,5845,0,0,0,0,1.0,1.0,1.0,1.0,1.0,1,0.3108846341647499,55
3090,1,5846,5846,0,0,0,0,1.0,1.0,1.0,1.0,1.0,1,0.3367622951392228,54
3091,0,5846,5846,0,0,0,0,1.0,1.0,1.0,1.0,1.0,1,0.3460976557208572,53
3092,2,5848,5848,0,0,0,0,1.0,1.0,1.0,1.0,1.0,1,0.2945673362567643,56
3093,2,5850,5850,0,0,0,0,1.0,1.0,1.0,1.0,1.0,1,0.3134093247064645,56
3094,0,5850,5850,0,0,0,0,1.0,1.0,1.0,1.0,1.0,1,0.3191937421626987,58
3095,3,5853,5853,0,0,0,0,1.0,1.0,1.0,1.0,1.0,1,0.30777802454673586,59
3096,0,5853,5853,0,0,0,0,1.0,1.0,1.0,1.0,1.0,1,0.3129502110162027,60
3097,4,5857,5857,0,0,0,0,1.0,1.0,1.0,1.0,1.0,1,0.324642394627764,60
3098,2,5859,5859,0,0,0,0,1.0,1.0,1.0,1.0,1.0,1,0.36778516959768986,58
3099,3,5862,5862,0,0,0,0,1.0,1.0,1.0,1.0,1.0,1,0.40489765642031694,57
3100,2,5864,5864,0,0,0,0,1.0,1.0,1.0,1.0,1.0,1,0.42328146719150544,57
3101,3,5867,5867,0,0,0,0,1.0,1.0,1.0,1.0,1.0,1,0.4402786557471859,58
3102,2,5869,5869,0,0,0,0,1.0,1.0,1.0,1.0,1.0,1,0.45000289337015476,59
3103,4,5873,5873,0,0,0,0,1.0,1.0,1.0,1.0,1.0,1,0.41867247490824494,58
3104,4,5877,5877,0,0,0,0,1.0,1.0,1.0,1.0,1.0,1,0.40678619498339436,58
3105,5,5882,5882,0,0,0,0,1.0,1.0,1.0,1.0,1.0,1,0.34975656831517277,56
3106,2,5884,5884,0,0,0,0,1.0,1.0,1.0,1.0,1.0,1,0.32875801610284733,57
3107,4,5888,5888,0,0,0,0,1.0,1.0,1.0,1.0,1.0,1,0.260584424188559,55
3108,5,5893,5893,0,0,0,0,1.0,1.0,1.0,1.0,1.0,1,0.2315311503724732,55
3109,5,5898,5898,0,0,0,0,1.0,1.0,1.0,1.0,1.0,1,0.19469784009520658,54
3110,4,5902,5902,0,0,0,0,1.0,1.0,1.0,1.0,1.0,1,0.17167781612939081,54
3111,7,5909,5909,0,0,0,0,1.0,1.0,1.0,1.0,1.0,1,0.13125017198757713,54
3112,1,5910,5910,0,0,0,0,1.0,1.0,1.0,1.0,1.0,1,0.12473242787156169,56
3113,2,5912,5912,0,0,0,0,1.0,1.0,1.0,1.0,1.0,1,0.1361870634988177,55
3114,3,5915,5915,0,0,0,0,1.0,1.0,1.0,1.0,1.0,1,0.14905259320441072,54
3115,1,5916,5916,0,0,0,0,1.0,1.0,1.0,1.0,1.0,1,0.1396811600732219,56
3116,1,5917,5917,0,0,0,0,1.0,1.0,1.0,1.0,1.0,1,0.15009834008653272,56
3117,2,5919,5919,0,0,0,0,1.0,1.0,1.0,1.0,1.0,1,0.15357602137531737,58
3118,0,5919,5919,0,0,0,0,1.0,1.0,1.0,1.0,1.0,1,0.15031878652301753,57
3119,1,5920,5920,0,0,0,0,1.0,1.0,1.0,1.0,1.0,1,0.13651156409720946,57
3120,1,5921,5921,0,0,0,0,1.0,1.0,1.0,1.0,1.0,1,0.16250237690795444,56
3121,2,5923,5923,0,0,0,0,1.0,1.0,1.0,1.0,1.0,1,0.14936418773592172,57
3122,0,5923,5923,0,0,0,0,1.0,1.0,1.0,1.0,1.0,1,0.14936418773592172,57
3123,3,5926,5926,0,0,0,0,1.0,1.0,1.0,1.0,1.0,1,0.14017220803964353,57
3124,0,5926,5926,0,0,0,0,1.0,1.0,1.0,1.0,1.0,1,0.12193195739306208,59
3125,2,5928,5928,0,0,0,0,1.0,1.0,1.0,1.0,1.0,1,0.11508538634610947,61
3126,1,5929,5929,0,0,0,0,1.0,1.0,1.0,1.0,1.0,1,0.13627135738214896,60
3127,2,5931,5931,0,0,0,0,1.0,1.0,1.0,1.0,1.0,1,0.15958585884396118,58
3128,2,5933,5933,0,0,0,0,1.0,1.0,1.0,1.0,1.0,1,0.1906552594996696,58
3129,1,5934,5934,0,0,0,0,1.0,1.0,1.0,1.0,1.0,1,0.175829607634813,56
3130,4,5938,5938,0,0,0,0,1.0,1.0,1.0,1.0,1.0,1,0.16863007912916528,56
3131,3,5941,5941,0,0,0,0,1.0,1.0,1.0,1.0,1.0,1,0.13547757541750025,55
3132,7,5948,5948,0,0,0,0,1.0,1.0,1.0,1.0,1.0,1,0.10996313990507267,53
3133,4,5952,5952,0,0,0,0,1.0,1.0,1.0,1.0,1.0,1,0.10053340302261508,52
3134,8,5960,5960,0,0,0,0,1.0,1.0,1.0,1.0,1.0,1,0.10311329388485323,52
3135,6,5966,5966,0,0,0,0,1.0,1.0,1.0,1.0,1.0,1,0.142547605609387,53
3136,4,5970,5970,0,0,0,0,1.0,1.0,1.0,1.0,1.0,1,0.11484052967110887,54
3137,2,5972,5972,0,0,0,0,1.0,1.0,1.0,1.0,1.0,1,0.12292846325246602,55
3138,4,5976,5976,0,0,0,0,1.0,1.0,1.0,1.0,1.0,1,0.15396219568403569,57
3139,1,5977,5977,0,0,0,0,1.0,1.0,1.0,1.0,1.0,1,0.1460391204603074,56
3140,3,5980,5980,0,0,0,0,1.0,1.0,1.0,1.0,1.0,1,0.15785993407858112,56
3141,2,5982,5982,0,0,0,0,1.0,1.0,1.0,1.0,1.0,1,0.18853303101006366,56
3142,3,5985,5985,0,0,0,0,1.0,1.0,1.0,1.0,1.0,1,0.22338246759924194,56
3143,2,5987,5987,0,0,0,0,1.0,1.0,1.0,1.0,1.0,1,0.1961949301766908,56
3144,2,5989,5989,0,0,0,0,1.0,1.0,1.0,1.0,1.0,1,0.2215844992835066,54
3145,0,5989,5989,0,0,0,0,1.0,1.0,1.0,1.0,1.0,1,0.23995434535909105,55
3146,1,5990,5990,0,0,0,0,1.0,1.0,1.0,1.0,1.0,1,0.26109986812609737,53
3147,1,5991,5991,0,0,0,0,1.0,1.0,1.0,1.0,1.0,1,0.24226955626380184,54
3148,0,5991,5991,0,0,0,0,1.0,1.0,1.0,1.0,1.0,1,0.24226955626380184,54
3149,1,5992,5992,0,0,0,0,1.0,1.0,1.0,1.0,1.0,1,0.23941214242708947,53
3150,1,5993,5993,0,0,0,0,1.0,1.0,1.0,1.0,1.0,1,0.2587924375774499,53
3151,0,5993,5993,0,0,0,0,1.0,1.0,1.0,1.0,1.0,1,0.2672438426914705,53
3152,2,5995,5995,0,0,0,0,1.0,1.0,1.0,1.0,1.0,1,0.26180425392821655,54
3153,3,5998,5998,0,0,0,0,1.0,1.0,1.0,1.0,1.0,1,0.26272839733190817,53
3154,3,6001,6001,0,0,0,0,1.0,1.0,1.0,1.0,1.0,1,0.2743372074183268,55
3155,2,6003,6003,0,0,0,0,1.0,1.0,1.0,1.0,1.0,1,0.23872223512953192,56
3156,2,6005,6005,0,0,0,0,1.0,1.0,1.0,1.0,1.0,1,0.2694777190723925,56
3157,2,6007,6007,0,0,0,0,1.0,1.0,1.0,1.0,1.0,1,0.21765735563208158,56
3158,1,6008,6008,0,0,0,0,1.0,1.0,1.0,1.0,1.0,1,0.2048325772399813,57
3159,0,6008,6008,0,0,0,0,1.0,1.0,1.0,1.0,1.0,1,0.22127683892100536,56
3160,3,6011,6011,0,0,0,0,1.0,1.0,1.0,1.0,1.0,1,0.2231985249629751,58
3161,3,6014,6014,0,0,0,0,1.0,1.0,1.0,1.0,1.0,1,0.24850591580469258,59
3162,2,6016,6016,0,0,0,0,1.0,1.0,1.0,1.0,1.0,1,0.20566021821551336,59
3163,3,6019,6019,0,0,0,0,1.0,1.0,1.0,1.0,1.0,1,0.26247724920358895,59
3164,1,6020,6020,0,0,0,0,1.0,1.0,1.0,1.0,1.0,1,0.2584210821560134,60
3165,5,6025,6025,0,0,0,0,1.0,1.0,1.0,1.0,1.0,1,0.22038703853989045,58
3166,5,6030,6030,0,0,0,0,1.0,1.0,1.0,1.0,1.0,1,0.2623390534898803,59
3167,5,6035,6035,0,0,0,0,1.0,1.0,1.0,1.0,1.0,1,0.25394833888485674,57
3168,2,6037,6037,0,0,0,0,1.0,1.0,1.0,1.0,1.0,1,0.26613890599961254,58
3169,4,6041,6041,0,0,0,0,1.0,1.0,1.0,1.0,1.0,1,0.255073888104702,57
3170,2,6043,6043,0,0,0,0,1.0,1.0,1.0,1.0,1.0,1,0.2260390086845638,55
3171,3,6046,6046,0,0,0,0,1.0,1.0,1.0,1.0,1.0,1,0.21117543985594245,56
3172,3,6049,6049,0,0,0,0,1.0,1.0,1.0,1.0,1.0,1,0.2216948010524299,54
3173,0,6049,6049,0,0,0,0,1.0,1.0,1.0,1.0,1.0,1,0.2331639575687276,53
3174,4,6053,6053,0,0,0,0,1.0,1.0,1.0,1.0,1.0,1,0.19059755109489332,53
3175,4,6057,6057,0,0,0,0,1.0,1.0,1.0,1.0,1.0,1,0.15890619454128438,52
3176,1,6058,6058,0,0,0,0,1.0,1.0,1.0,1.0,1.0,1,0.15682540083086405,53
3177,2,6060,6060,0,0,0,0,1.0,1.0,1.0,1.0,1.0,1,0.20656836122445443,52
3178,1,6061,6061,0,0,0,0,1.0,1.0,1.0,1.0,1.0,1,0.16752132085657515,53
3179,3,6064,6064,0,0,0,0,1.0,1.0,1.0,1.0,1.0,1,0.13909154953770575,54
3180,1,6065,6065,0,0,0,0,1.0,1.0,1.0,1.0,1.0,1,0.1382798189604215,54
3181,0,6065,6065,0,0,0,0,1.0,1.0,1.0,1.0,1.0,1,0.15249152953322292,55
3182,3,6068,6068,0,0,0,0,1.0,1.0,1.0,1.0,1.0,1,0.13612563939328992,54
3183,2,6070,6070,0,0,0,0,1.0,1.0,1.0,1.0,1.0,1,0.14638786355054403,56
3184,6,6076,6076,0,0,0,0,1.0,1.0,1.0,1.0,1.0,1,0.18431104185146732,54
3185,4,6080,6080,0,0,0,0,1.0,1.0,1.0,1.0,1.0,1,0.1606097881311576,53
3186,3,6083,6083,0,0,0,0,1.0,1.0,1.0,1.0,1.0,1,0.20580101378956486,52
3187,1,6084,6084,0,0,0,0,1.0,1.0,1.0,1.0,1.0,1,0.22381184575786578,50
3188,3,6087,6087,0,0,0,0,1.0,1.0,1.0,1.0,1.0,1,0.18306471730910437,50
3189,1,6088,6088,0,0,0,0,1.0,1.0,1.0,1.0,1.0,1,0.16070475594829703,49
3190,1,6089,6089,0,0,0,0,1.0,1.0,1.0,1.0,1.0,1,0.1590380172251229,50
3191,0,6089,6089,0,0,0,0,1.0,1.0,1.0,1.0,1.0,1,0.16919011660576694,49
3192,0,6089,6089,0,0,0,0,1.0,1.0,1.0,1.0,1.0,1,0.16919011660576694,49
3193,1,6090,6090,0,0,0,0,1.0,1.0,1.0,1.0,1.0,1,0.1818705257659088,49
3194,2,6092,6092,0,0,0,0,1.0,1.0,1.0,1.0,1.0,1,0.2079510368499521,50
3195,2,6094,6094,0,0,0,0,1.0,1.0,1.0,1.0,1.0,1,0.21961709162928386,49
3196,1,6095,6095,0,0,0,0,1.0,1.0,1.0,1.0,1.0,1,0.2337123367118356,49
3197,2,6097,6097,0,0,0,0,1.0,1.0,1.0,1.0,1.0,1,0.22439483234486232,50
3198,1,6098,6098,0,0,0,0,1.0,1.0,1.0,1.0,1.0,1,0.24463657395957222,50
3199,1,6099,6099,0,0,0,0,1.0,1.0,1.0,1.0,1.0,1,0.2510471084850644,52
3200,5,6104,6104,0,0,0,0,1.0,1.0,1.0,1.0,1.0,1,0.22896564725936172,53
3201,3,6107,6107,0,0,0,0,1.0,1.0,1.0,1.0,1.0,1,0.24518878257248097,55
3202,4,6111,6111,0,0,0,0,1.0,1.0,1.0,1.0,1.0,1,0.23726174116914553,55
3203,1,6112,6112,0,0,0,0,1.0,1.0,1.0,1.0,1.0,1,0.25399536759750263,53
3204,3,6115,6115,0,0,0,0,1.0,1.0,1.0,1.0,1.0,1,0.3159544531015467,53
3205,1,6116,6116,0,0,0,0,1.0,1.0,1.0,1.0,1.0,1,0.32506435288319496,53
3206,1,6117,6117,0,0,0,0,1.0,1.0,1.0,1.0,1.0,1,0.3255607954433083,52
3207,2,6119,6119,0,0,0,0,1.0,1.0,1.0,1.0,1.0,1,0.3634309179888411,53
3208,1,6120,6120,0,0,0,0,1.0,1.0,1.0,1.0,1.0,1,0.3874301523127181,51
3209,1,6121,6121,0,0,0,0,1.0,1.0,1.0,1.0,1.0,1,0.35583473059100656,52
3210,2,6123,6123,0,0,0,0,1.0,1.0,1.0,1.0,1.0,1,0.3805247043740473,49
3211,1,6124,6124,0,0,0,0,1.0,1.0,1.0,1.0,1.0,1,0.3954209388315162,48
3212,2,6126,6126,0,0,0,0,1.0,1.0,1.0,1.0,1.0,1,0.3592315744647231,48
3213,2,6128,6128,0,0,0,0,1.0,1.0,1.0,1.0,1.0,1,0.3574058790391165,49
3214,1,6129,6129,0,0,0,0,1.0,1.0,1.0,1.0,1.0,1,0.31898028336228873,51
3215,1,6130,6130,0,0,0,0,1.0,1.0,1.0,1.0,1.0,1,0.347001901801306,51
3216,4,6134,6134,0,0,0,0,1.0,1.0,1.0,1.0,1.0,1,0.2829108211922167,51
3217,0,6134,6134,0,0,0,0,1.0,1.0,1.0,1.0,1.0,1,0.2829108211922167,51
3218,0,6134,6134,0,0,0,0,1.0,1.0,1.0,1.0,1.0,1,0.2829108211922167,51
3219,0,6134,6134,0,0,0,0,1.0,1.0,1.0,1.0,1.0,1,0.2598976848310504,52
3220,1,6135,6135,0,0,0,0,1.0,1.0,1.0,1.0,1.0,1,0.2616524239216612,52
3221,1,6136,6136,0,0,0,0,1.0,1.0,1.0,1.0,1.0,1,0.28296576604373,54
3222,0,6136,6136,0,0,0,0,1.0,1.0,1.0,1.0,1.0,1,0.27892065436032587,54
3223,0,6136,6136,0,0,0,0,1.0,1.0,1.0,1.0,1.0,1,0.27051604463915435,56
3224,1,6137,6137,0,0,0,0,1.0,1.0,1.0,1.0,1.0,1,0.23612661297366627,57
3225,2,6139,6139,0,0,0,0,1.0,1.0,1.0,1.0,1.0,1,0.25749413087986234,58
3226,2,6141,6141,0,0,0,0,1.0,1.0,1.0,1.0,1.0,1,0.28544915675689436,58
3227,2,6143,6143,0,0,0,0,1.0,1.0,1.0,1.0,1.0,1,0.29644090228826114,58
3228,0,6143,6143,0,0,0,0,1.0,1.0,1.0,1.0,1.0,1,0.29644090228826114,58
3229,1,6144,6144,0,0,0,0,1.0,1.0,1.0,1.0,1.0,1,0.29939223949428895,60
3230,2,6146,6146,0,0,0,0,1.0,1.0,1.0,1.0,1.0,1,0.31561416425115096,61
3231,0,6146,6146,0,0,0,0,1.0,1.0,1.0,1.0,1.0,1,0.31561416425115096,61
3232,1,6147,6147,0,0,0,0,1.0,1.0,1.0,1.0,1.0,1,0.3214332413712034,61
3233,2,6149,6149,0,0,0,0,1.0,1.0,1.0,1.0,1.0,1,0.30539235838900636,63
3234,3,6152,6152,0,0,0,0,1.0,1.0,1.0,1.0,1.0,1,0.3224213640506383,64
3235,1,6153,6153,0,0,0,0,1.0,1.0,1.0,1.0,1.0,1,0.31057847076201883,65
3236,3,6156,6156,0,0,0,0,1.0,1.0,1.0,1.0,1.0,1,0.34660997299130414,66
3237,2,6158,6158,0,0,0,0,1.0,1.0,1.0,1.0,1.0,1,0.3075540480320355,67
3238,3,6161,6161,0,0,0,0,1.0,1.0,1.0,1.0,1.0,1,0.30950190577328457,67
3239,1,6162,6162,0,0,0,0,1.0,1.0,1.0,1.0,1.0,1,0.3087604724404913,69
3240,2,6164,6164,0,0,0,0,1.0,1.0,1.0,1.0,1.0,1,0.29102523237592237,69
3241,1,6165,6165,0,0,0,0,1.0,1.0,1.0,1.0,1.0,1,0.274535149999914,68
3242,2,6167,6167,0,0,0,0,1.0,1.0,1.0,1.0,1.0,1,0.28721191985689876,67
3243,1,6168,6168,0,0,0,0,1.0,1.0,1.0,1.0,1.0,1,0.2809259433974659,68
3244,0,6168,6168,0,0,0,0,1.0,1.0,1.0,1.0,1.0,1,0.2661196791963211,68
3245,2,6170,6170,0,0,0,0,1.0,1.0,1.0,1.0,1.0,1,0.28800253757204486,69
3246,2,6172,6172,0,0,0,0,1.0,1.0,1.0,1.0,1.0,1,0.29078440462154476,68
3247,0,6172,6172,0,0,0,0,1.0,1.0,1.0,1.0,1.0,1,0.29078440462154476,68
3248,0,6172,6172,0,0,0,0,1.0,1.0,1.0,1.0,1.0,1,0.29078440462154476,68
3249,2,6174,6174,0,0,0,0,1.0,1.0,1.0,1.0,1.0,1,0.28997496212707546,69
3250,6,6180,6180,0,0,0,0,1.0,1.0,1.0,1.0,1.0,1,0.2960719648186264,69
3251,0,6180,6180,0,0,0,0,1.0,1.0,1.0,1.0,1.0,1,0.30174908528503774,68
3252,0,6180,6180,0,0,0,0,1.0,1.0,1.0,1.0,1.0,1,0.2868857766575663,68
3253,0,6180,6180,0,0,0,0,1.0,1.0,1.0,1.0,1.0,1,0.28619110097904804,69
3254,1,6181,6181,0,0,0,0,1.0,1.0,1.0,1.0,1.0,1,0.26879855061927976,69
3255,2,6183,6183,0,0,0,0,1.0,1.0,1.0,1.0,1.0,1,0.24702932409459866,70
3256,2,6185,6185,0,0,0,0,1.0,1.0,1.0,1.0,1.0,1,0.2607745855575913,70
3257,2,6187,6187,0,0,0,0,1.0,1.0,1.0,1.0,1.0,1,0.2402836327715351,71
3258,3,6190,6190,0,0,0,0,1.0,1.0,1.0,1.0,1.0,1,0.25047682278968564,72
3259,2,6192,6192,0,0,0,0,1.0,1.0,1.0,1.0,1.0,1,0.2618027606557025,71
3260,3,6195,6195,0,0,0,0,1.0,1.0,1.0,1.0,1.0,1,0.2493291812881831,72
3261,4,6199,6199,0,0,0,0,1.0,1.0,1.0,1.0,1.0,1,0.3131723673546522,74
3262,3,6202,6202,0,0,0,0,1.0,1.0,1.0,1.0,1.0,1,0.29338356189165876,73
3263,7,6209,6209,0,0,0,0,1.0,1.0,1.0,1.0,1.0,1,0.27511315810871756,73
3264,3,6212,6212,0,0,0,0,1.0,1.0,1.0,1.0,1.0,1,0.2874955861754201,71
3265,2,6214,6214,0,0,0,0,1.0,1.0,1.0,1.0,1.0,1,0.27052556797312827,70
3266,2,6216,6216,0,0,0,0,1.0,1.0,1.0,1.0,1.0,1,0.25993491834651167,69
3267,1,6217,6217,0,0,0,0,1.0,1.0,1.0,1.0,1.0,1,0.28309153013147864,69
3268,4,6221,6221,0,0,0,0,1.0,1.0,1.0,1.0,1.0,1,0.31465473650492254,68
3269,1,6222,6222,0,0,0,0,1.0,1.0,1.0,1.0,1.0,1,0.33065845910334024,68
3270,1,6223,6223,0,0,0,0,1.0,1.0,1.0,1.0,1.0,1,0.3590362449553134,67
3271,2,6225,6225,0,0,0,0,1.0,1.0,1.0,1.0,1.0,1,0.3734244980895557,66
3272,0,6225,6225,0,0,0,0,1.0,1.0,1.0,1.0,1.0,1,0.36313896599056256,67
3273,3,6228,6228,0,0,0,0,1.0,1.0,1.0,1.0,1.0,1,0.33503776829667914,66
3274,0,6228,6228,0,0,0,0,1.0,1.0,1.0,1.0,1.0,1,0.32176734704611726,68
3275,1,6229,6229,0,0,0,0,1.0,1.0,1.0,1.0,1.0,1,0.30985022973934995,68
3276,1,6230,6230,0,0,0,0,1.0,1.0,1.0,1.0,1.0,1,0.3068598750020103,69
3277,2,6232,6232,0,0,0,0,1.0,1.0,1.0,1.0,1.0,1,0.30805468043824646,68
3278,2,6234,6234,0,0,0,0,1.0,1.0,1.0,1.0,1.0,1,0.3073014145234117,69
3279,2,6236,6236,0,0,0,0,1.0,1.0,1.0,1.0,1.0,1,0.3044825854517734,67
3280,2,6238,6238,0,0,0,0,1.0,1.0,1.0,1.0,1.0,1,0.3183193305367194,66
3281,1,6239,6239,0,0,0,0,1.0,1.0,1.0,1.0,1.0,1,0.3043578664264239,67
3282,3,6242,6242,0,0,0,0,1.0,1.0,1.0,1.0,1.0,1,0.3217187759211712,66
3283,2,6244,6244,0,0,0,0,1.0,1.0,1.0,1.0,1.0,1,0.33075536116959003,67
3284,3,6247,6247,0,0,0,0,1.0,1.0,1.0,1.0,1.0,1,0.28030407971210414,66
3285,1,6248,6248,0,0,0,0,1.0,1.0,1.0,1.0,1.0,1,0.2592453234806704,66
3286,1,6249,6249,0,0,0,0,1.0,1.0,1.0,1.0,1.0,1,0.2940200376232416,63
3287,0,6249,6249,0,0,0,0,1.0,1.0,1.0,1.0,1.0,1,0.31675110450842286,61
3288,2,6251,6251,0,0,0,0,1.0,1.0,1.0,1.0,1.0,1,0.28464585698962885,63
3289,1,6252,6252,0,0,0,0,1.0,1.0,1.0,1.0,1.0,1,0.28924969893589497,62
3290,5,6257,6257,0,0,0,0,1.0,1.0,1.0,1.0,1.0,1,0.3028238526018655,63
3291,2,6259,6259,0,0,0,0,1.0,1.0,1.0,1.0,1.0,1,0.28996245325535974,62
3292,3,6262,6262,0,0,0,0,1.0,1.0,1.0,1.0,1.0,1,0.2507110905181886,63
3293,0,6262,6262,0,0,0,0,1.0,1.0,1.0,1.0,1.0,1,0.2613564899218882,65
3294,1,6263,6263,0,0,0,0,1.0,1.0,1.0,1.0,1.0,1,0.2520110083579617,65
3295,3,6266,6266,0,0,0,0,1.0,1.0,1.0,1.0,1.0,1,0.2910690328212498,65
3296,2,6268,6268,0,0,0,0,1.0,1.0,1.0,1.0,1.0,1,0.2867047648740504,65
3297,1,6269,6269,0,0,0,0,1.0,1.0,1.0,1.0,1.0,1,0.2861937128602905,66
3298,2,6271,6271,0,0,0,0,1.0,1.0,1.0,1.0,1.0,1,0.29390938925759763,66
3299,1,6272,6272,0,0,0,0,1.0,1.0,1.0,1.0,1.0,1,0.32672189686240316,67
3300,1,6273,6273,0,0,0,0,1.0,1.0,1.0,1.0,1.0,1,0.3215086372342463,67
3301,5,6278,6278,0,0,0,0,1.0,1.0,1.0,1.0,1.0,1,0.35978415122202767,68
3302,0,6278,6278,0,0,0,0,1.0,1.0,1.0,1.0,1.0,1,0.37261343975980205,67
3303,4,6282,6282,0,0,0,0,1.0,1.0,1.0,1.0,1.0,1,0.38872059543325016,67
3304,1,6283,6283,0,0,0,0,1.0,1.0,1.0,1.0,1.0,1,0.38355077430231854,67
3305,2,6285,6285,0,0,0,0,1.0,1.0,1.0,1.0,1.0,1,0.3936286004567864,69
3306,2,6287,6287,0,0,0,0,1.0,1.0,1.0,1.0,1.0,1,0.3805866982910704,70
3307,3,6290,6290,0,0,0,0,1.0,1.0,1.0,1.0,1.0,1,0.37829143448554464,70
3308,2,6292,6292,0,0,0,0,1.0,1.0,1.0,1.0,1.0,1,0.39348176458680345,70
3309,2,6294,6294,0,0,0,0,1.0,1.0,1.0,1.0,1.0,1,0.38377860017060333,72
3310,3,6297,6297,0,0,0,0,1.0,1.0,1.0,1.0,1.0,1,0.4215512639421973,74
3311,1,6298,6298,0,0,0,0,1.0,1.0,1.0,1.0,1.0,1,0.4162213831728864,74
3312,0,6298,6298,0,0,0,0,1.0,1.0,1.0,1.0,1.0,1,0.4162213831728864,74
3313,1,6299,6299,0,0,0,0,0.9916265421520349,0.985395131660526,0.9916265421520349,0.985395131660526,1.0,1,0.42575367748916115,75
3314,2,6301,6301,0,0,0,0,0.9998332288720736,0.9996982236732759,0.9998332288720736,0.9996982236732759,1.0,1,0.4080742031228845,76
3315,0,6301,6301,0,0,0,0,0.9998310052570345,0.9996982236732759,0.9998310052570345,0.9996982236732759,1.0,1,0.420502149271679,75
3316,4,6305,6305,0,0,0,0,1.0,1.0,1.0,1.0,1.0,1,0.36981861902259283,76
3317,1,6306,6306,0,0,0,0,1.0,1.0,1.0,1.0,1.0,1,0.36612195534667213,73
3318,4,6310,6310,0,0,0,0,1.0,1.0,1.0,1.0,1.0,1,0.34765997004214205,72
3319,4,6314,6314,0,0,0,0,1.0,1.0,1.0,1.0,1.0,1,0.3453830824179659,71
3320,3,6317,6317,0,0,0,0,1.0,1.0,1.0,1.0,1.0,1,0.295946400487099,70
3321,2,6319,6319,0,0,0,0,1.0,1.0,1.0,1.0,1.0,1,0.27985203104207,69
3322,2,6321,6321,0,0,0,0,1.0,1.0,1.0,1.0,1.0,1,0.3116094521760348,68
3323,2,6323,6323,0,0,0,0,1.0,1.0,1.0,1.0,1.0,1,0.31303059626494345,69
3324,1,6324,6324,0,0,0,0,1.0,1.0,1.0,1.0,1.0,1,0.30583573818722853,69
3325,4,6328,6328,0,0,0,0,1.0,1.0,1.0,1.0,1.0,1,0.29124199328925565,70
3326,1,6329,6329,0,0,0,0,1.0,1.0,1.0,1.0,1.0,1,0.2953979868050976,69
3327,1,6330,6330,0,0,0,0,1.0,1.0,1.0,1.0,1.0,1,0.28849377561573575,70
3328,1,6331,6331,0,0,0,0,1.0,1.0,1.0,1.0,1.0,1,0.28572686850972795,73
3329,1,6332,6332,0,0,0,0,1.0,1.0,1.0,1.0,1.0,1,0.3175997756001229,72
3330,2,6334,6334,0,0,0,0,1.0,1.0,1.0,1.0,1.0,1,0.32537318296278916,72
3331,1,6335,6335,0,0,0,0,1.0,1.0,1.0,1.0,1.0,1,0.3240400620544808,72
3332,1,6336,6336,0,0,0,0,1.0,1.0,1.0,1.0,1.0,1,0.316945550077505,73
3333,0,6336,6336,0,0,0,0,1.0,1.0,1.0,1.0,1.0,1,0.31085166514541823,72
3334,3,6339,6339,0,0,0,0,1.0,1.0,1.0,1.0,1.0,1,0.30630309498982466,73
3335,4,6343,6343,0,0,0,0,1.0,1.0,1.0,1.0,1.0,1,0.3235918471842732,74
3336,2,6345,6345,0,0,0,0,1.0,1.0,1.0,1.0,1.0,1,0.3206454096909722,74
3337,4,6349,6349,0,0,0,0,1.0,1.0,1.0,1.0,1.0,1,0.34691272345518953,74
3338,2,6351,6351,0,0,0,0,1.0,1.0,1.0,1.0,1.0,1,0.3457905843959239,74
3339,2,6353,6353,0,0,0,0,1.0,1.0,1.0,1.0,1.0,1,0.341157315346996,75
3340,3,6356,6356,0,0,0,0,1.0,1.0,1.0,1.0,1.0,1,0.34668823141588756,75
3341,1,6357,6357,0,0,0,0,1.0,1.0,1.0,1.0,1.0,1,0.3644889732294345,76
3342,0,6357,6357,0,0,0,0,1.0,1.0,1.0,1.0,1.0,1,0.36929886182043753,76
3343,4,6361,6361,0,0,0,0,1.0,1.0,1.0,1.0,1.0,1,0.36737158369631506,75
3344,1,6362,6362,0,0,0,0,1.0,1.0,1.0,1.0,1.0,1,0.36336577044048146,75
3345,5,6367,6367,0,0,0,0,1.0,1.0,1.0,1.0,1.0,1,0.37195904209048447,72
3346,3,6370,6370,0,0,0,0,1.0,1.0,1.0,1.0,1.0,1,0.35875460631514516,73
3347,1,6371,6371,0,0,0,0,1.0,1.0,1.0,1.0,1.0,1,0.3415839886501574,73
3348,1,6372,6372,0,0,0,0,1.0,1.0,1.0,1.0,1.0,1,0.33364190117626585,73
3349,2,6374,6374,0,0,0,0,1.0,1.0,1.0,1.0,1.0,1,0.3720099047449736,74
3350,1,6375,6375,0,0,0,0,1.0,1.0,1.0,1.0,1.0,1,0.36481089765776176,73
3351,2,6377,6377,0,0,0,0,1.0,1.0,1.0,1.0,1.0,1,0.37065770399886433,72
3352,1,6378,6378,0,0,0,0,1.0,1.0,1.0,1.0,1.0,1,0.36719351371851777,72
3353,1,6379,6379,0,0,0,0,1.0,1.0,1.0,1.0,1.0,1,0.3819130131015839,72
3354,0,6379,6379,0,0,0,0,1.0,1.0,1.0,1.0,1.0,1,0.3997010740751748,70
3355,0,6379,6379,0,0,0,0,1.0,1.0,1.0,1.0,1.0,1,0.40052895658509646,69
3356,1,6380,6380,0,0,0,0,1.0,1.0,1.0,1.0,1.0,1,0.40868529945093607,69
3357,3,6383,6383,0,0,0,0,1.0,1.0,1.0,1.0,1.0,1,0.37910889460257674,68
3358,1,6384,6384,0,0,0,0,1.0,1.0,1.0,1.0,1.0,1,0.3593774628999863,68
3359,0,6384,6384,0,0,0,0,1.0,1.0,1.0,1.0,1.0,1,0.3654200050621762,66
3360,0,6384,6384,0,0,0,0,1.0,1.0,1.0,1.0,1.0,1,0.37504203770433786,65
3361,0,6384,6384,0,0,0,0,1.0,1.0,1.0,1.0,1.0,1,0.39061054285256136,64
3362,0,6384,6384,0,0,0,0,1.0,1.0,1.0,1.0,1.0,1,0.39061054285256136,64
3363,0,6384,6384,0,0,0,0,1.0,1.0,1.0,1.0,1.0,1,0.38128550691650687,65
3364,1,6385,6385,0,0,0,0,1.0,1.0,1.0,1.0,1.0,1,0.3694413725290619,66
3365,0,6385,6385,0,0,0,0,1.0,1.0,1.0,1.0,1.0,1,0.3651973565602673,68
3366,1,6386,6386,0,0,0,0,1.0,1.0,1.0,1.0,1.0,1,0.34623540606127956,66
3367,0,6386,6386,0,0,0,0,1.0,1.0,1.0,1.0,1.0,1,0.34529423666496023,68
3368,6,6392,6392,0,0,0,0,1.0,1.0,1.0,1.0,1.0,1,0.3337317494671908,68
3369,6,6398,6398,0,0,0,0,1.0,1.0,1.0,1.0,1.0,1,0.35249847420128494,69
3370,1,6399,6399,0,0,0,0,1.0,1.0,1.0,1.0,1.0,1,0.34952324778745875,71
3371,3,6402,6402,0,0,0,0,1.0,1.0,1.0,1.0,1.0,1,0.32107929884028696,71
3372,3,6405,6405,0,0,0,0,1.0,1.0,1.0,1.0,1.0,1,0.31654942354539123,71
3373,2,6407,6407,0,0,0,0,1.0,1.0,1.0,1.0,1.0,1,0.31651331750371586,72
3374,5,6412,6412,0,0,0,0,1.0,1.0,1.0,1.0,1.0,1,0.33554933256991,72
3375,2,6414,6414,0,0,0,0,1.0,1.0,1.0,1.0,1.0,1,0.3318354464768572,73
3376,2,6416,6416,0,0,0,0,1.0,1.0,1.0,1.0,1.0,1,0.3213884038969293,75
3377,1,6417,6417,0,0,0,0,1.0,1.0,1.0,1.0,1.0,1,0.3076513841472115,77
3378,2,6419,6419,0,0,0,0,1.0,1.0,1.0,1.0,1.0,1,0.3131137296135998,77
3379,1,6420,6420,0,0,0,0,1.0,1.0,1.0,1.0,1.0,1,0.3003345884872044,77
3380,3,6423,6423,0,0,0,0,1.0,1.0,1.0,1.0,1.0,1,0.3376292763853954,76
3381,2,6425,6425,0,0,0,0,1.0,1.0,1.0,1.0,1.0,1,0.3662931897801339,76
3382,1,6426,6426,0,0,0,0,1.0,1.0,1.0,1.0,1.0,1,0.3579847520259388,78
3383,1,6427,6427,0,0,0,0,1.0,1.0,1.0,1.0,1.0,1,0.34500794164056964,77
3384,1,6428,6428,0,0,0,0,1.0,1.0,1.0,1.0,1.0,1,0.3383338150300391,77
3385,1,6429,6429,0,0,0,0,1.0,1.0,1.0,1.0,1.0,1,0.33385621197462867,75
3386,0,6429,6429,0,0,0,0,1.0,1.0,1.0,1.0,1.0,1,0.3324900571867099,76
3387,1,6430,6430,0,0,0,0,1.0,1.0,1.0,1.0,1.0,1,0.31817132359060796,75
3388,0,6430,6430,0,0,0,0,1.0,1.0,1.0,1.0,1.0,1,0.32285727903626854,76
3389,0,6430,6430,0,0,0,0,1.0,1.0,1.0,1.0,1.0,1,0.3157615840359103,77
3390,0,6430,6430,0,0,0,0,1.0,1.0,1.0,1.0,1.0,1,0.3166368802246017,76
3391,0,6430,6430,0,0,0,0,1.0,1.0,1.0,1.0,1.0,1,0.2993776180969763,77
3392,2,6432,6432,0,0,0,0,1.0,1.0,1.0,1.0,1.0,1,0.31010629772316606,78
3393,4,6436,6436,0,0,0,0,1.0,1.0,1.0,1.0,1.0,1,0.28073321478793123,76
3394,1,6437,6437,0,0,0,0,1.0,1.0,1.0,1.0,1.0,1,0.28812862026113784,75
3395,2,6439,6439,0,0,0,0,1.0,1.0,1.0,1.0,1.0,1,0.2644661403409269,73
3396,2,6441,6441,0,0,0,0,1.0,1.0,1.0,1.0,1.0,1,0.23584424397107617,73
3397,3,6444,6444,0,0,0,0,1.0,1.0,1.0,1.0,1.0,1,0.2689714318558094,74
3398,6,6450,6450,0,0,0,0,1.0,1.0,1.0,1.0,1.0,1,0.30340399764570436,74
3399,2,6452,6452,0,0,0,0,1.0,1.0,1.0,1.0,1.0,1,0.3054205791385083,75
3400,2,6454,6454,0,0,0,0,1.0,1.0,1.0,1.0,1.0,1,0.29804775013317847,75
3401,0,6454,6454,0,0,0,0,1.0,1.0,1.0,1.0,1.0,1,0.2794535834181186,77
3402,2,6456,6456,0,0,0,0,1.0,1.0,1.0,1.0,1.0,1,0.29433457743401986,77
3403,2,6458,6458,0,0,0,0,1.0,1.0,1.0,1.0,1.0,1,0.3122339620223173,78
3404,1,6459,6459,0,0,0,0,1.0,1.0,1.0,1.0,1.0,1,0.30411487126577125,78
3405,4,6463,6463,0,0,0,0,1.0,1.0,1.0,1.0,1.0,1,0.31016607720312345,78
3406,0,6463,6463,0,0,0,0,1.0,1.0,1.0,1.0,1.0,1,0.31016607720312345,78
3407,3,6466,6466,0,0,0,0,0.9790441896157861,0.9636765953340292,0.9790441896157861,0.9636765953340292,1.0,1,0.31381998162829133,78
3408,0,6466,6466,0,0,0,0,0.979309453038371,0.9636765953340292,0.979309453038371,0.9636765953340292,1.0,1,0.31321912302179117,79
3409,0,6466,6466,0,0,0,0,0.9798203307411272,0.9636765953340292,0.9798203307411272,0.9636765953340292,1.0,1,0.29999405875104235,81
3410,3,6469,6469,0,0,0,0,0.9426038296247179,0.9019482089422266,0.9426038296247179,0.9019482089422266,1.0,1,0.3105636825594555,82
3411,3,6472,6472,0,0,0,0,0.9289397749629186,0.8781824713650033,0.9289397749629186,0.8781824713650033,1.0,1,0.3057763504985435,84
3412,2,6474,6474,0,0,0,0,0.9390129503498081,0.8932726631121644,0.9390129503498081,0.8932726631121644,1.0,1,0.3036957337267098,84
3413,4,6478,6478,0,0,0,0,0.9394198856947821,0.8939847999658685,0.9394198856947821,0.8939847999658685,1.0,1,0.3092424650822836,84
3414,2,6480,6480,0,0,0,0,0.9518175628017577,0.9138867079861202,0.9518175628017577,0.9138867079861202,1.0,1,0.3074660806542293,84
3415,2,6482,6482,0,0,0,0,0.9534841993866685,0.9158756797418472,0.9534841993866685,0.9158756797418472,1.0,1,0.29346449107149886,85
3416,3,6485,6485,0,0,0,0,0.9618738229867344,0.9295494555189656,0.9618738229867344,0.9295494555189656,1.0,1,0.3130531545685118,85
3417,2,6487,6487,0,0,0,0,0.9502642662746751,0.9089941893536609,0.9502642662746751,0.9089941893536609,1.0,1,0.327779366344227,86
3418,2,6489,6489,0,0,0,0,0.9502642662746751,0.9089941893536609,0.9502642662746751,0.9089941893536609,1.0,1,0.34967677041568884,86
3419,4,6493,6493,0,0,0,0,0.9542367460591372,0.9152892958967009,0.9542367460591372,0.9152892958967009,1.0,1,0.35384783572882683,87
3420,3,6496,6496,0,0,0,0,0.9437728080013781,0.8969168146691932,0.9437728080013781,0.8969168146691932,1.0,1,0.3617730639576254,88
3421,2,6498,6498,0,0,0,0,0.9178065525527664,0.8536956635439242,0.9178065525527664,0.8536956635439242,1.0,1,0.37622212717955006,89
3422,4,6502,6502,0,0,0,0,0.9217966017702101,0.859233883186378,0.9217966017702101,0.859233883186378,1.0,1,0.3459562864712285,90
3423,1,6503,6503,0,0,0,0,0.9083809345333115,0.8383192962352557,0.9083809345333115,0.8383192962352557,1.0,1,0.36178824766853784,90
3424,1,6504,6504,0,0,0,0,0.9226559797727352,0.859233883186378,0.9226559797727352,0.859233883186378,1.0,1,0.33196875635695344,91
3425,0,6504,6504,0,0,0,0,0.9332760697609052,0.8774458424179892,0.9332760697609052,0.8774458424179892,1.0,1,0.33196875635695344,90
3426,1,6505,6505,0,0,0,0,0.9347265899834943,0.8774458424179892,0.9347265899834943,0.8774458424179892,1.0,1,0.3302633545233746,92
3427,1,6506,6506,0,0,0,0,0.9347265899834941,0.8774458424179892,0.9347265899834941,0.8774458424179892,1.0,1,0.33926308765788615,92
3428,1,6507,6507,0,0,0,0,0.9340092997635326,0.8774458424179892,0.9340092997635326,0.8774458424179892,1.0,1,0.36203591165799226,91
3429,1,6508,6508,0,0,0,0,0.9340092997635326,0.8774458424179892,0.9340092997635326,0.8774458424179892,1.0,1,0.37400661172615146,91
3430,0,6508,6508,0,0,0,0,0.9340092997635326,0.8774458424179892,0.9340092997635326,0.8774458424179892,1.0,1,0.37862412454582234,91
3431,2,6510,6510,0,0,0,0,0.9302329864043296,0.8718565056406056,0.9302329864043296,0.8718565056406056,1.0,1,0.38171016890073767,90
3432,2,6512,6512,0,0,0,0,0.9202614843139776,0.854875901451439,0.9202614843139776,0.854875901451439,1.0,1,0.3774446315968296,91
3433,2,6514,6514,0,0,0,0,0.9063184916608134,0.8346796911661413,0.9063184916608134,0.8346796911661413,1.0,1,0.37453430119011827,90
3434,4,6518,6518,0,0,0,0,0.9163669429850625,0.8511331585134114,0.9163669429850625,0.8511331585134114,1.0,1,0.3675996945046914,89
3435,0,6518,6518,0,0,0,0,0.9154165673371657,0.8511331585134114,0.9154165673371657,0.8511331585134114,1.0,1,0.36859477291486753,88
3436,1,6519,6519,0,0,0,0,0.9251463402799281,0.868624189062731,0.9251463402799281,0.868624189062731,1.0,1,0.37037941451646295,86
3437,4,6523,6523,0,0,0,0,0.9051287781557427,0.8400210768900759,0.9051287781557427,0.8400210768900759,1.0,1,0.37091034067227663,86
3438,1,6524,6524,0,0,0,0,0.896698353545841,0.8271683992016956,0.896698353545841,0.8271683992016956,1.0,1,0.3664724991608872,87
3439,3,6527,6527,0,0,0,0,0.9182597577842071,0.8594067833888364,0.9182597577842071,0.8594067833888364,1.0,1,0.35470171297109493,86
3440,1,6528,6528,0,0,0,0,0.9043091074333757,0.838638887044516,0.9043091074333757,0.838638887044516,1.0,1,0.35600170377567814,86
3441,3,6531,6531,0,0,0,0,0.9146244626865976,0.854861586567216,0.9146244626865976,0.854861586567216,1.0,1,0.3396827268685469,85
3442,2,6533,6533,0,0,0,0,0.9146244626865976,0.854861586567216,0.9146244626865976,0.854861586567216,1.0,1,0.35769728567009246,85
3443,2,6535,6535,0,0,0,0,0.9396192449118501,0.893075746198068,0.9396192449118501,0.893075746198068,1.0,1,0.35110130772089887,85
3444,2,6537,6537,0,0,0,0,0.9310488886366973,0.8803909292677401,0.9310488886366973,0.8803909292677401,1.0,1,0.3648623172221201,85
3445,2,6539,6539,0,0,0,0,0.9301543884522306,0.8802646659181095,0.9301543884522306,0.8802646659181095,1.0,1,0.37660182111770335,84
3446,2,6541,6541,0,0,0,0,0.9495066645786233,0.9086822657272975,0.9495066645786233,0.9086822657272975,1.0,1,0.36338750247541135,85
3447,5,6546,6546,0,0,0,0,0.9440351320377526,0.8987869409193397,0.9440351320377526,0.8987869409193397,1.0,1,0.3657188667048376,85
3448,2,6548,6548,0,0,0,0,0.9294382628745903,0.8750469238404202,0.9294382628745903,0.8750469238404202,1.0,1,0.37749018303732607,85
3449,3,6551,6551,0,0,0,0,0.9578685259698486,0.9230642648145063,0.9578685259698486,0.9230642648145063,1.0,1,0.34777841980544594,84
3450,2,6553,6553,0,0,0,0,0.954358262501007,0.9166542184800995,0.954358262501007,0.9166542184800995,1.0,1,0.36071197888257245,84
3451,2,6555,6555,0,0,0,0,0.9666380276360516,0.9369829410903195,0.9666380276360516,0.9369829410903195,1.0,1,0.35445443877619964,85
3452,2,6557,6557,0,0,0,0,0.9670259575472602,0.9369829410903195,0.9670259575472602,0.9369829410903195,1.0,1,0.35898992016722314,86
3453,1,6558,6558,0,0,0,0,0.9879572200452369,0.9761945047405847,0.9879572200452369,0.9761945047405847,1.0,1,0.3515504163526715,85
3454,0,6558,6558,0,0,0,0,0.9883677693618765,0.9761945047405847,0.9883677693618765,0.9761945047405847,1.0,1,0.33447893513770394,88
3455,2,6560,6560,0,0,0,0,0.9883677693618765,0.9761945047405847,0.9883677693618765,0.9761945047405847,1.0,1,0.36076550526080087,88
3456,1,6561,6561,0,0,0,0,0.9962407207350324,0.9921234148734015,0.9962407207350324,0.9921234148734015,1.0,1,0.35586979537411756,88
3457,2,6563,6563,0,0,0,0,0.9735961426866787,0.9465921977071455,0.9735961426866787,0.9465921977071455,1.0,1,0.35740960221992885,89
3458,0,6563,6563,0,0,0,0,0.9732960988535729,0.9465921977071455,0.9732960988535729,0.9465921977071455,1.0,1,0.3710324541470873,88
3459,0,6563,6563,0,0,0,0,0.9732960988535727,0.9465921977071455,0.9732960988535727,0.9465921977071455,1.0,1,0.3710324541470873,88
3460,3,6566,6566,0,0,0,0,0.9636865875604894,0.9281801398418571,0.9636865875604894,0.9281801398418571,1.0,1,0.37005663144775774,89
3461,0,6566,6566,0,0,0,0,0.9636865875604894,0.9281801398418571,0.9636865875604894,0.9281801398418571,1.0,1,0.37005663144775774,89
3462,3,6569,6569,0,0,0,0,0.9426629801915521,0.8902057067497805,0.9426629801915521,0.8902057067497805,1.0,1,0.3670344439025067,90
3463,0,6569,6569,0,0,0,0,0.9515304381102656,0.9062219346046445,0.9515304381102656,0.9062219346046445,1.0,1,0.3674234040548994,89
3464,1,6570,6570,0,0,0,0,0.9635755085828639,0.9287698834509338,0.9635755085828639,0.9287698834509338,1.0,1,0.3718879207424943,88
3465,1,6571,6571,0,0,0,0,0.9631568362677244,0.9287698834509338,0.9631568362677244,0.9287698834509338,1.0,1,0.37899598319180433,87
3466,1,6572,6572,0,0,0,0,0.9753653627294109,0.9512906035786082,0.9753653627294109,0.9512906035786082,1.0,1,0.3709115595332805,87
3467,0,6572,6572,0,0,0,0,0.9753653627294109,0.9512906035786082,0.9753653627294109,0.9512906035786082,1.0,1,0.3695006156568616,87
3468,2,6574,6574,0,0,0,0,1.0,1.0,1.0,1.0,1.0,1,0.35220141642393077,88
3469,1,6575,6575,0,0,0,0,1.0,1.0,1.0,1.0,1.0,1,0.3554922315272323,85
3470,2,6577,6577,0,0,0,0,1.0,1.0,1.0,1.0,1.0,1,0.34412602320203484,86
3471,4,6581,6581,0,0,0,0,0.9943964703680651,0.9887929407361301,0.9943964703680651,0.9887929407361301,1.0,1,0.35366399565848333,84
3472,2,6583,6583,0,0,0,0,1.0,1.0,1.0,1.0,1.0,1,0.35692446778779513,83
3473,2,6585,6585,0,0,0,0,0.9944995484621656,0.9893919863198909,0.9944995484621656,0.9893919863198909,1.0,1,0.38966044186194976,81
3474,5,6590,6590,0,0,0,0,0.9862273092304548,0.9737663032961045,0.9862273092304548,0.9737663032961045,1.0,1,0.355846450939411,80
3475,3,6593,6593,0,0,0,0,0.9849902259089772,0.9706952029651464,0.9849902259089772,0.9706952029651464,1.0,1,0.35297456168970887,82
3476,3,6596,6596,0,0,0,0,1.0,1.0,1.0,1.0,1.0,1,0.3215681547725154,81
3477,2,6598,6598,0,0,0,0,0.9762886539191035,0.9542315877973392,0.9762886539191035,0.9542315877973392,1.0,1,0.31839254910075054,83
3478,3,6601,6601,0,0,0,0,1.0,1.0,1.0,1.0,1.0,1,0.31114355629073304,83
3479,1,6602,6602,0,0,0,0,1.0,1.0,1.0,1.0,1.0,1,0.3265095723899946,83
3480,4,6606,6606,0,0,0,0,1.0,1.0,1.0,1.0,1.0,1,0.35251020073863243,83
3481,4,6610,6610,0,0,0,0,0.9709558223347999,0.9439379826462417,0.9709558223347999,0.9439379826462417,1.0,1,0.3698203665650295,83
3482,3,6613,6613,0,0,0,0,0.9649082840139838,0.9338042630263786,0.9649082840139838,0.9338042630263786,1.0,1,0.35496923657689383,83
3483,3,6616,6616,0,0,0,0,0.9499050755585228,0.9087159154621971,0.9499050755585228,0.9087159154621971,1.0,1,0.3535749748742781,82
3484,3,6619,6619,0,0,0,0,0.9468351892494071,0.9031219004100308,0.9468351892494071,0.9031219004100308,1.0,1,0.3707963859676762,82
3485,2,6621,6621,0,0,0,0,0.9679757056601602,0.9381856644137976,0.9679757056601602,0.9381856644137976,1.0,1,0.36685316642154414,83
3486,1,6622,6622,0,0,0,0,0.9679757056601602,0.9381856644137976,0.9679757056601602,0.9381856644137976,1.0,1,0.38201535672046355,83
3487,2,6624,6624,0,0,0,0,0.9776988997930228,0.9553977995860455,0.9776988997930228,0.9553977995860455,1.0,1,0.368401354254885,84
3488,0,6624,6624,0,0,0,0,0.9776988997930227,0.9553977995860455,0.9776988997930227,0.9553977995860455,1.0,1,0.37112661088655186,84
3489,1,6625,6625,0,0,0,0,0.9776988997930227,0.9553977995860455,0.9776988997930227,0.9553977995860455,1.0,1,0.36680100506721,84
3490,1,6626,6626,0,0,0,0,0.9900683700604771,0.9796522703678068,0.9900683700604771,0.9796522703678068,1.0,1,0.3523038990544025,84
3491,2,6628,6628,0,0,0,0,0.9902993381986056,0.9796522703678068,0.9902993381986056,0.9796522703678068,1.0,1,0.3531658653331531,86
3492,0,6628,6628,0,0,0,0,0.9902993381986056,0.9796522703678068,0.9902993381986056,0.9796522703678068,1.0,1,0.3531658653331531,86
3493,5,6633,6633,0,0,0,0,0.969892780367465,0.9383518836095711,0.969892780367465,0.9383518836095711,1.0,1,0.3532942160139561,86
3494,2,6635,6635,0,0,0,0,0.9589028032217236,0.9178056064434471,0.9589028032217236,0.9178056064434471,1.0,1,0.3727716752810028,86
3495,5,6640,6640,0,0,0,0,0.9851196252943147,0.9684245707464726,0.9851196252943147,0.9684245707464726,1.0,1,0.3442754921402049,87
3496,0,6640,6640,0,0,0,0,0.9852887204614246,0.9684245707464726,0.9852887204614246,0.9684245707464726,1.0,1,0.3445504973073879,88
3497,1,6641,6641,0,0,0,0,0.9994867357325318,0.9988579870048832,0.9994867357325318,0.9988579870048832,1.0,1,0.3296900975816761,89
3498,1,6642,6642,0,0,0,0,0.9994867357325318,0.9988579870048832,0.9994867357325318,0.9988579870048832,1.0,1,0.3309165883519649,89
3499,1,6643,6643,0,0,0,0,1.0,1.0,1.0,1.0,1.0,1,0.3192183992241578,91
3500,0,6643,6643,0,0,0,0,1.0,1.0,1.0,1.0,1.0,1,0.3276639634126393,90
3501,1,6644,6644,0,0,0,0,1.0,1.0,1.0,1.0,1.0,1,0.31315296803814163,90
3502,2,6646,6646,0,0,0,0,1.0,1.0,1.0,1.0,1.0,1,0.316436080800045,91
3503,1,6647,6647,0,0,0,0,1.0,1.0,1.0,1.0,1.0,1,0.31988198532221135,91
3504,1,6648,6648,0,0,0,0,1.0,1.0,1.0,1.0,1.0,1,0.3428766237335641,89
3505,4,6652,6652,0,0,0,0,0.997090632163803,0.9938264633719723,0.997090632163803,0.9938264633719723,1.0,1,0.3627969050867341,87
3506,2,6654,6654,0,0,0,0,0.9997162174448838,0.9993978272610948,0.9997162174448838,0.9993978272610948,1.0,1,0.3559172883577267,87
3507,3,6657,6657,0,0,0,0,0.9904947825445682,0.9809895650891365,0.9904947825445682,0.9809895650891365,1.0,1,0.3578039548535142,84
3508,4,6661,6661,0,0,0,0,0.9952678252618081,0.9906483213507159,0.9952678252618081,0.9906483213507159,1.0,1,0.3654083679323131,83
3509,3,6664,6664,0,0,0,0,0.9729118111624112,0.9496033696044859,0.9729118111624112,0.9496033696044859,1.0,1,0.3851367839422741,80
3510,0,6664,6664,0,0,0,0,0.9722172422178577,0.9496033696044859,0.9722172422178577,0.9496033696044859,1.0,1,0.3892683722498983,78
3511,2,6666,6666,0,0,0,0,0.9483717056555646,0.9116582518995217,0.9483717056555646,0.9116582518995217,1.0,1,0.4011397935530705,77
3512,1,6667,6667,0,0,0,0,0.937183607671992,0.898947542776683,0.937183607671992,0.898947542776683,1.0,1,0.43088098611070613,74
3513,2,6669,6669,0,0,0,0,0.9658751194030747,0.9410570244234927,0.9658751194030747,0.9410570244234927,1.0,1,0.40805742512345794,76
3514,1,6670,6670,0,0,0,0,0.9505676843952119,0.9165143114230246,0.9505676843952119,0.9165143114230246,1.0,1,0.4163242681359887,76
3515,3,6673,6673,0,0,0,0,0.9620164591903553,0.9352553281653783,0.9620164591903553,0.9352553281653783,1.0,1,0.4238496410153983,75
3516,2,6675,6675,0,0,0,0,0.9609758142366664,0.9352553281653783,0.9609758142366664,0.9352553281653783,1.0,1,0.4025179728648644,73
3517,2,6677,6677,0,0,0,0,1.0,1.0,1.0,1.0,1.0,1,0.37072864119400556,74
3518,1,6678,6678,0,0,0,0,1.0,1.0,1.0,1.0,1.0,1,0.3545138832090086,74
3519,0,6678,6678,0,0,0,0,1.0,1.0,1.0,1.0,1.0,1,0.3635614963611283,73
3520,2,6680,6680,0,0,0,0,1.0,1.0,1.0,1.0,1.0,1,0.3371607914861311,74
3521,0,6680,6680,0,0,0,0,1.0,1.0,1.0,1.0,1.0,1,0.3359890823292691,75
3522,1,6681,6681,0,0,0,0,1.0,1.0,1.0,1.0,1.0,1,0.33792010061241656,75
3523,1,6682,6682,0,0,0,0,1.0,1.0,1.0,1.0,1.0,1,0.3451213265459547,75
3524,2,6684,6684,0,0,0,0,1.0,1.0,1.0,1.0,1.0,1,0.32235403603833,75
3525,4,6688,6688,0,0,0,0,1.0,1.0,1.0,1.0,1.0,1,0.33508231815572553,75
3526,1,6689,6689,0,0,0,0,1.0,1.0,1.0,1.0,1.0,1,0.31172851867400914,76
3527,3,6692,6692,0,0,0,0,1.0,1.0,1.0,1.0,1.0,1,0.28165143068380616,77
3528,0,6692,6692,0,0,0,0,1.0,1.0,1.0,1.0,1.0,1,0.3039724918196663,77
3529,2,6694,6694,0,0,0,0,1.0,1.0,1.0,1.0,1.0,1,0.28490937931244387,78
3530,3,6697,6697,0,0,0,0,1.0,1.0,1.0,1.0,1.0,1,0.3190495779598316,78
3531,0,6697,6697,0,0,0,0,1.0,1.0,1.0,1.0,1.0,1,0.3258227344219191,79
3532,2,6699,6699,0,0,0,0,1.0,1.0,1.0,1.0,1.0,1,0.3205722954966851,79
3533,2,6701,6701,0,0,0,0,1.0,1.0,1.0,1.0,1.0,1,0.3002260613356357,79
3534,1,6702,6702,0,0,0,0,1.0,1.0,1.0,1.0,1.0,1,0.2821479307119007,80
3535,0,6702,6702,0,0,0,0,1.0,1.0,1.0,1.0,1.0,1,0.28876033816829816,81
3536,1,6703,6703,0,0,0,0,1.0,1.0,1.0,1.0,1.0,1,0.27351065158806614,82
3537,1,6704,6704,0,0,0,0,1.0,1.0,1.0,1.0,1.0,1,0.28867532581365324,82
3538,1,6705,6705,0,0,0,0,1.0,1.0,1.0,1.0,1.0,1,0.27771874968039306,83
3539,4,6709,6709,0,0,0,0,1.0,1.0,1.0,1.0,1.0,1,0.30490943122488384,83
3540,0,6709,6709,0,0,0,0,1.0,1.0,1.0,1.0,1.0,1,0.288224392229109,85
3541,4,6713,6713,0,0,0,0,1.0,1.0,1.0,1.0,1.0,1,0.31697610457594666,85
3542,0,6713,6713,0,0,0,0,1.0,1.0,1.0,1.0,1.0,1,0.30380123655652264,88
3543,1,6714,6714,0,0,0,0,1.0,1.0,1.0,1.0,1.0,1,0.31391356322016206,87
3544,3,6717,6717,0,0,0,0,1.0,1.0,1.0,1.0,1.0,1,0.3253864794837097,87
3545,3,6720,6720,0,0,0,0,1.0,1.0,1.0,1.0,1.0,1,0.35067555929150196,85
3546,2,6722,6722,0,0,0,0,1.0,1.0,1.0,1.0,1.0,1,0.33677734461859354,83
3547,1,6723,6723,0,0,0,0,1.0,1.0,1.0,1.0,1.0,1,0.33264353192748164,82
3548,0,6723,6723,0,0,0,0,1.0,1.0,1.0,1.0,1.0,1,0.33264353192748164,82
3549,2,6725,6725,0,0,0,0,1.0,1.0,1.0,1.0,1.0,1,0.33121722084791244,81
3550,0,6725,6725,0,0,0,0,1.0,1.0,1.0,1.0,1.0,1,0.35161177228547996,79
3551,0,6725,6725,0,0,0,0,1.0,1.0,1.0,1.0,1.0,1,0.345773868261702,80
3552,0,6725,6725,0,0,0,0,1.0,1.0,1.0,1.0,1.0,1,0.3563181293949104,78
3553,2,6727,6727,0,0,0,0,1.0,1.0,1.0,1.0,1.0,1,0.34481165824886917,79
3554,2,6729,6729,0,0,0,0,1.0,1.0,1.0,1.0,1.0,1,0.3468525846274901,77
3555,6,6735,6735,0,0,0,0,1.0,1.0,1.0,1.0,1.0,1,0.3699860082694528,77
3556,3,6738,6738,0,0,0,0,1.0,1.0,1.0,1.0,1.0,1,0.39363428609414935,76
3557,6,6744,6744,0,0,0,0,1.0,1.0,1.0,1.0,1.0,1,0.31255370495310186,76
3558,2,6746,6746,0,0,0,0,1.0,1.0,1.0,1.0,1.0,1,0.3101712317633562,76
3559,2,6748,6748,0,0,0,0,1.0,1.0,1.0,1.0,1.0,1,0.27527522242406327,76
3560,3,6751,6751,0,0,0,0,1.0,1.0,1.0,1.0,1.0,1,0.2853255168718345,78
3561,2,6753,6753,0,0,0,0,1.0,1.0,1.0,1.0,1.0,1,0.26232827120193924,79
3562,4,6757,6757,0,0,0,0,1.0,1.0,1.0,1.0,1.0,1,0.26946126050334135,79
3563,3,6760,6760,0,0,0,0,1.0,1.0,1.0,1.0,1.0,1,0.2398260152378781,79
3564,1,6761,6761,0,0,0,0,1.0,1.0,1.0,1.0,1.0,1,0.2284167809954634,80
3565,2,6763,6763,0,0,0,0,1.0,1.0,1.0,1.0,1.0,1,0.22840360435759044,83
3566,2,6765,6765,0,0,0,0,1.0,1.0,1.0,1.0,1.0,1,0.25502280082754986,84
3567,1,6766,6766,0,0,0,0,1.0,1.0,1.0,1.0,1.0,1,0.24513806054345497,84
3568,3,6769,6769,0,0,0,0,1.0,1.0,1.0,1.0,1.0,1,0.2576008650383985,84
3569,1,6770,6770,0,0,0,0,1.0,1.0,1.0,1.0,1.0,1,0.24986261590554928,84
3570,2,6772,6772,0,0,0,0,1.0,1.0,1.0,1.0,1.0,1,0.2657579744827458,87
3571,1,6773,6773,0,0,0,0,1.0,1.0,1.0,1.0,1.0,1,0.261846683454503,86
3572,3,6776,6776,0,0,0,0,1.0,1.0,1.0,1.0,1.0,1,0.2833953741076482,87
3573,5,6781,6781,0,0,0,0,1.0,1.0,1.0,1.0,1.0,1,0.2849177897543338,87
3574,3,6784,6784,0,0,0,0,1.0,1.0,1.0,1.0,1.0,1,0.2737677954632916,88
3575,3,6787,6787,0,0,0,0,1.0,1.0,1.0,1.0,1.0,1,0.2946143173109184,88
3576,3,6790,6790,0,0,0,0,1.0,1.0,1.0,1.0,1.0,1,0.27658737531074706,90
3577,4,6794,6794,0,0,0,0,1.0,1.0,1.0,1.0,1.0,1,0.2887597642922629,90
3578,1,6795,6795,0,0,0,0,0.9901015722077631,0.9799831793534766,0.9901015722077631,0.9799831793534766,1.0,1,0.2883167053831173,91
3579,0,6795,6795,0,0,0,0,0.9901015722077631,0.9799831793534766,0.9901015722077631,0.9799831793534766,1.0,1,0.2883167053831173,91
3580,3,6798,6798,0,0,0,0,0.9784282790537326,0.9573255085628187,0.9784282790537326,0.9573255085628187,1.0,1,0.3069588424327001,91
3581,1,6799,6799,0,0,0,0,0.9784282790537326,0.9573255085628187,0.9784282790537326,0.9573255085628187,1.0,1,0.2981122334393722,91
3582,3,6802,6802,0,0,0,0,0.9856560804489232,0.9706746533622429,0.9856560804489232,0.9706746533622429,1.0,1,0.29331104581668915,92
3583,6,6808,6808,0,0,0,0,0.9611766729633815,0.9273095153356931,0.9611766729633815,0.9273095153356931,1.0,1,0.33605847696764235,88
3584,6,6814,6814,0,0,0,0,1.0,1.0,1.0,1.0,1.0,1,0.30401756331490454,87
3585,3,6817,6817,0,0,0,0,1.0,1.0,1.0,1.0,1.0,1,0.28900652724434,84
3586,7,6824,6824,0,0,0,0,1.0,1.0,1.0,1.0,1.0,1,0.3007328433456008,83
3587,7,6831,6831,0,0,0,0,1.0,1.0,1.0,1.0,1.0,1,0.29496073071286794,82
3588,5,6836,6836,0,0,0,0,1.0,1.0,1.0,1.0,1.0,1,0.28699796148952306,81
3589,2,6838,6838,0,0,0,0,1.0,1.0,1.0,1.0,1.0,1,0.29552126413221635,80
3590,1,6839,6839,0,0,0,0,1.0,1.0,1.0,1.0,1.0,1,0.3125899378998959,78
3591,2,6841,6841,0,0,0,0,1.0,1.0,1.0,1.0,1.0,1,0.2926905910488584,77
3592,0,6841,6841,0,0,0,0,1.0,1.0,1.0,1.0,1.0,1,0.300466320149699,75
3593,1,6842,6842,0,0,0,0,1.0,1.0,1.0,1.0,1.0,1,0.29847172841894126,76
3594,1,6843,6843,0,0,0,0,1.0,1.0,1.0,1.0,1.0,1,0.2999090503018075,74
3595,0,6843,6843,0,0,0,0,1.0,1.0,1.0,1.0,1.0,1,0.29644350863224594,74
3596,2,6845,6845,0,0,0,0,1.0,1.0,1.0,1.0,1.0,1,0.2797485231435637,73
3597,1,6846,6846,0,0,0,0,1.0,1.0,1.0,1.0,1.0,1,0.3013210780122034,73
3598,2,6848,6848,0,0,0,0,1.0,1.0,1.0,1.0,1.0,1,0.27909592177263737,73
3599,2,6850,6850,0,0,0,0,1.0,1.0,1.0,1.0,1.0,1,0.2998371156867535,73
3600,2,6852,6852,0,0,0,0,1.0,1.0,1.0,1.0,1.0,1,0.27556571073939584,74
3601,4,6856,6856,0,0,0,0,1.0,1.0,1.0,1.0,1.0,1,0.2999482126867738,75
3602,2,6858,6858,0,0,0,0,1.0,1.0,1.0,1.0,1.0,1,0.2953780455458867,76
3603,4,6862,6862,0,0,0,0,1.0,1.0,1.0,1.0,1.0,1,0.26776407270966224,77
3604,5,6867,6867,0,0,0,0,1.0,1.0,1.0,1.0,1.0,1,0.2707285409537961,78
3605,2,6869,6869,0,0,0,0,1.0,1.0,1.0,1.0,1.0,1,0.2399609522599581,77
3606,2,6871,6871,0,0,0,0,1.0,1.0,1.0,1.0,1.0,1,0.22741153302543637,79
3607,4,6875,6875,0,0,0,0,1.0,1.0,1.0,1.0,1.0,1,0.21983987962447693,79
3608,2,6877,6877,0,0,0,0,1.0,1.0,1.0,1.0,1.0,1,0.23964205616350484,79
3609,4,6881,6881,0,0,0,0,1.0,1.0,1.0,1.0,1.0,1,0.2239672205707343,79
3610,5,6886,6886,0,0,0,0,1.0,1.0,1.0,1.0,1.0,1,0.2647757511478116,80
3611,2,6888,6888,0,0,0,0,1.0,1.0,1.0,1.0,1.0,1,0.2525407373580678,80
3612,3,6891,6891,0,0,0,0,1.0,1.0,1.0,1.0,1.0,1,0.26856797205747124,79
3613,3,6894,6894,0,0,0,0,1.0,1.0,1.0,1.0,1.0,1,0.2841421379260065,79
3614,5,6899,6899,0,0,0,0,1.0,1.0,1.0,1.0,1.0,1,0.2968085245988356,78
3615,0,6899,6899,0,0,0,0,1.0,1.0,1.0,1.0,1.0,1,0.28811496087875926,79
3616,3,6902,6902,0,0,0,0,1.0,1.0,1.0,1.0,1.0,1,0.2919390406500011,79
3617,4,6906,6906,0,0,0,0,1.0,1.0,1.0,1.0,1.0,1,0.30719120880154815,80
3618,0,6906,6906,0,0,0,0,0.9868194302033622,0.9748649599226905,0.9868194302033622,0.9748649599226905,1.0,1,0.3133785885928928,82
3619,0,6906,6906,0,0,0,0,0.9868194302033622,0.9748649599226905,0.9868194302033622,0.9748649599226905,1.0,1,0.3153958655882528,82
3620,3,6909,6909,0,0,0,0,1.0,1.0,1.0,1.0,1.0,1,0.29774981898200437,81
3621,0,6909,6909,0,0,0,0,0.9924710445229837,0.9851213498906581,0.9924710445229837,0.9851213498906581,1.0,1,0.3113683345157261,83
3622,1,6910,6910,0,0,0,0,0.9922851443877487,0.9851213498906581,0.9922851443877487,0.9851213498906581,1.0,1,0.3121629373954436,81
3623,3,6913,6913,0,0,0,0,0.9914478829594295,0.9835066314217569,0.9914478829594295,0.9835066314217569,1.0,1,0.2948459797975171,81
3624,0,6913,6913,0,0,0,0,0.9912313736672632,0.9835066314217569,0.9912313736672632,0.9835066314217569,1.0,1,0.289049512939076,79
3625,1,6914,6914,0,0,0,0,0.99080858898924,0.9824925504556951,0.99080858898924,0.9824925504556951,1.0,1,0.2870913433420247,80
3626,1,6915,6915,0,0,0,0,1.0,1.0,1.0,1.0,1.0,1,0.2716523550974899,78
3627,3,6918,6918,0,0,0,0,0.9900352979800084,0.9814941248200156,0.9900352979800084,0.9814941248200156,1.0,1,0.2856868282518761,78
3628,3,6921,6921,0,0,0,0,1.0,1.0,1.0,1.0,1.0,1,0.2864453077291588,77
3629,0,6921,6921,0,0,0,0,1.0,1.0,1.0,1.0,1.0,1,0.29283103857862125,76
3630,4,6925,6925,0,0,0,0,1.0,1.0,1.0,1.0,1.0,1,0.31148245606148606,77
3631,2,6927,6927,0,0,0,0,0.9986924574431604,0.9976081538594398,0.9986924574431604,0.9976081538594398,1.0,1,0.3339023801777254,75
3632,2,6929,6929,0,0,0,0,0.9986747879491491,0.9976081538594398,0.9986747879491491,0.9976081538594398,1.0,1,0.36564110181616527,74
3633,4,6933,6933,0,0,0,0,1.0,1.0,1.0,1.0,1.0,1,0.3157533933322652,75
3634,3,6936,6936,0,0,0,0,1.0,1.0,1.0,1.0,1.0,1,0.3568165257978939,74
3635,5,6941,6941,0,0,0,0,1.0,1.0,1.0,1.0,1.0,1,0.3556697028431723,74
3636,3,6944,6944,0,0,0,0,1.0,1.0,1.0,1.0,1.0,1,0.33748640768451266,74
3637,5,6949,6949,0,0,0,0,1.0,1.0,1.0,1.0,1.0,1,0.29761115269444793,74
3638,2,6951,6951,0,0,0,0,1.0,1.0,1.0,1.0,1.0,1,0.2888537990780861,75
3639,1,6952,6952,0,0,0,0,1.0,1.0,1.0,1.0,1.0,1,0.29397849017773015,76
3640,2,6954,6954,0,0,0,0,1.0,1.0,1.0,1.0,1.0,1,0.290698702351328,76
3641,2,6956,6956,0,0,0,0,1.0,1.0,1.0,1.0,1.0,1,0.30998797656538896,75
3642,2,6958,6958,0,0,0,0,1.0,1.0,1.0,1.0,1.0,1,0.32639744381778196,75
3643,0,6958,6958,0,0,0,0,1.0,1.0,1.0,1.0,1.0,1,0.334358745874669,74
3644,2,6960,6960,0,0,0,0,1.0,1.0,1.0,1.0,1.0,1,0.3295087465873407,74
3645,2,6962,6962,0,0,0,0,1.0,1.0,1.0,1.0,1.0,1,0.29987399417000865,74
3646,1,6963,6963,0,0,0,0,1.0,1.0,1.0,1.0,1.0,1,0.30976454701212075,75
3647,1,6964,6964,0,0,0,0,1.0,1.0,1.0,1.0,1.0,1,0.29788642874195403,77
3648,2,6966,6966,0,0,0,0,1.0,1.0,1.0,1.0,1.0,1,0.3325699652709661,78
3649,0,6966,6966,0,0,0,0,1.0,1.0,1.0,1.0,1.0,1,0.31575303911016395,80
3650,1,6967,6967,0,0,0,0,1.0,1.0,1.0,1.0,1.0,1,0.32192790146323197,81
3651,0,6967,6967,0,0,0,0,1.0,1.0,1.0,1.0,1.0,1,0.32192790146323197,81
3652,0,6967,6967,0,0,0,0,1.0,1.0,1.0,1.0,1.0,1,0.33058594594755036,83
3653,1,6968,6968,0,0,0,0,0.9897399728477635,0.9797242320562946,0.9897399728477635,0.9797242320562946,1.0,1,0.33713490403723817,83
3654,2,6970,6970,0,0,0,0,1.0,1.0,1.0,1.0,1.0,1,0.3432221591823433,83
3655,0,6970,6970,0,0,0,0,1.0,1.0,1.0,1.0,1.0,1,0.336587423189391,84
3656,0,6970,6970,0,0,0,0,1.0,1.0,1.0,1.0,1.0,1,0.33552800846907194,85
3657,0,6970,6970,0,0,0,0,1.0,1.0,1.0,1.0,1.0,1,0.3292226974325025,86
3658,2,6972,6972,0,0,0,0,1.0,1.0,1.0,1.0,1.0,1,0.3278977768775711,87
3659,2,6974,6974,0,0,0,0,1.0,1.0,1.0,1.0,1.0,1,0.34076127432066877,87
3660,2,6976,6976,0,0,0,0,1.0,1.0,1.0,1.0,1.0,1,0.34491103367335596,86
3661,1,6977,6977,0,0,0,0,1.0,1.0,1.0,1.0,1.0,1,0.3524641653647589,86
3662,0,6977,6977,0,0,0,0,1.0,1.0,1.0,1.0,1.0,1,0.364021469077614,83
3663,5,6982,6982,0,0,0,0,1.0,1.0,1.0,1.0,1.0,1,0.33605671738803033,85
3664,3,6985,6985,0,0,0,0,1.0,1.0,1.0,1.0,1.0,1,0.347181271448303,82
3665,4,6989,6989,0,0,0,0,1.0,1.0,1.0,1.0,1.0,1,0.3352586147235607,81
3666,5,6994,6994,0,0,0,0,1.0,1.0,1.0,1.0,1.0,1,0.3104681303926324,79
3667,3,6997,6997,0,0,0,0,1.0,1.0,1.0,1.0,1.0,1,0.30473377349655506,79
3668,1,6998,6998,0,0,0,0,1.0,1.0,1.0,1.0,1.0,1,0.32621972644622604,77
3669,4,7002,7002,0,0,0,0,1.0,1.0,1.0,1.0,1.0,1,0.304135400529961,75
3670,3,7005,7005,0,0,0,0,1.0,1.0,1.0,1.0,1.0,1,0.3322486179051967,76
3671,0,7005,7005,0,0,0,0,1.0,1.0,1.0,1.0,1.0,1,0.3348614842814548,74
3672,1,7006,7006,0,0,0,0,1.0,1.0,1.0,1.0,1.0,1,0.33498005970041556,75
3673,2,7008,7008,0,0,0,0,1.0,1.0,1.0,1.0,1.0,1,0.33426178246104665,75
3674,3,7011,7011,0,0,0,0,1.0,1.0,1.0,1.0,1.0,1,0.32721281183015427,75
3675,3,7014,7014,0,0,0,0,1.0,1.0,1.0,1.0,1.0,1,0.34759741640972097,75
3676,1,7015,7015,0,0,0,0,1.0,1.0,1.0,1.0,1.0,1,0.3664435780767832,75
3677,3,7018,7018,0,0,0,0,0.9907930672580395,0.9835590486750705,0.9907930672580395,0.9835590486750705,1.0,1,0.3951195575120644,75
3678,1,7019,7019,0,0,0,0,0.9746090037344912,0.954532402036182,0.9746090037344912,0.954532402036182,1.0,1,0.3938985315390338,77
3679,4,7023,7023,0,0,0,0,0.9330566023060616,0.8864872821711477,0.9330566023060616,0.8864872821711477,1.0,1,0.3985397145608399,78
3680,1,7024,7024,0,0,0,0,0.9113861129073035,0.8523101881788391,0.9113861129073035,0.8523101881788391,1.0,1,0.3801171425822454,80
3681,2,7026,7026,0,0,0,0,0.9163006853866325,0.8587574065899423,0.9163006853866325,0.8587574065899423,1.0,1,0.37730715520684993,81
3682,1,7027,7027,0,0,0,0,0.9049648279651703,0.842901042146506,0.9049648279651703,0.842901042146506,1.0,1,0.378876077497772,81
3683,1,7028,7028,0,0,0,0,0.9154949941666605,0.8573978026562397,0.9154949941666605,0.8573978026562397,1.0,1,0.3774379320523927,81
3684,1,7029,7029,0,0,0,0,0.905303464503157,0.8434608290766473,0.905303464503157,0.8434608290766473,1.0,1,0.384237662763007,81
3685,0,7029,7029,0,0,0,0,0.905303464503157,0.8434608290766473,0.905303464503157,0.8434608290766473,1.0,1,0.384237662763007,81
3686,1,7030,7030,0,0,0,0,0.905303464503157,0.8434608290766473,0.905303464503157,0.8434608290766473,1.0,1,0.40183038090510464,81
3687,0,7030,7030,0,0,0,0,0.906458300301899,0.8434608290766473,0.906458300301899,0.8434608290766473,1.0,1,0.3903318247183334,82
3688,0,7030,7030,0,0,0,0,0.8992979901916384,0.8308206235219525,0.8992979901916384,0.8308206235219525,1.0,1,0.3880413752862059,84
3689,0,7030,7030,0,0,0,0,0.8992979901916385,0.8308206235219525,0.8992979901916385,0.8308206235219525,1.0,1,0.3880413752862059,84
3690,1,7031,7031,0,0,0,0,0.9004827197187957,0.8308206235219525,0.9004827197187957,0.8308206235219525,1.0,1,0.40079026928724354,85
3691,0,7031,7031,0,0,0,0,0.901639897396484,0.8308206235219525,0.901639897396484,0.8308206235219525,1.0,1,0.3953444213140219,86
3692,0,7031,7031,0,0,0,0,0.9016398973964841,0.8308206235219525,0.9016398973964841,0.8308206235219525,1.0,1,0.3896069766494304,86
3693,3,7034,7034,0,0,0,0,0.8993155602155629,0.8268227635707681,0.8993155602155629,0.8268227635707681,1.0,1,0.3864588104941642,86
3694,1,7035,7035,0,0,0,0,0.8993155602155628,0.8268227635707681,0.8993155602155628,0.8268227635707681,1.0,1,0.3790748812628314,86
3695,1,7036,7036,0,0,0,0,0.8993155602155628,0.8268227635707681,0.8993155602155628,0.8268227635707681,1.0,1,0.3705748199424455,86
3696,2,7038,7038,0,0,0,0,0.8978000414784276,0.822172072172464,0.8978000414784276,0.822172072172464,1.0,1,0.35694719063737596,87
3697,2,7040,7040,0,0,0,0,0.884583364278119,0.8076389404635317,0.884583364278119,0.8076389404635317,1.0,1,0.3742670230729203,85
3698,4,7044,7044,0,0,0,0,0.9102663905945851,0.8443396571538722,0.9102663905945851,0.8443396571538722,1.0,1,0.36878031256750854,85
3699,1,7045,7045,0,0,0,0,0.9102663905945851,0.8443396571538722,0.9102663905945851,0.8443396571538722,1.0,1,0.36219312619170824,85
3700,2,7047,7047,0,0,0,0,0.8954223537069791,0.8243095542277248,0.8954223537069791,0.8243095542277248,1.0,1,0.3804719165194162,84
3701,1,7048,7048,0,0,0,0,0.8966526789574852,0.8243095542277248,0.8966526789574852,0.8243095542277248,1.0,1,0.39600523839430235,85
3702,5,7053,7053,0,0,0,0,0.8970683842322151,0.8250162531947656,0.8970683842322151,0.8250162531947656,1.0,1,0.42438807923452604,85
3703,0,7053,7053,0,0,0,0,0.897068384232215,0.8250162531947656,0.897068384232215,0.8250162531947656,1.0,1,0.42438807923452604,85
3704,2,7055,7055,0,0,0,0,0.9237741719040551,0.8650167627467642,0.9237741719040551,0.8650167627467642,1.0,1,0.4120077711581032,85
3705,1,7056,7056,0,0,0,0,0.9164561829602879,0.8533720762160153,0.9164561829602879,0.8533720762160153,1.0,1,0.3994560881442955,86
3706,2,7058,7058,0,0,0,0,0.92466051874238,0.8650167627467642,0.92466051874238,0.8650167627467642,1.0,1,0.38349826477778254,86
3707,2,7060,7060,0,0,0,0,0.9237741719040551,0.8650167627467642,0.9237741719040551,0.8650167627467642,1.0,1,0.37131010248957974,85
3708,1,7061,7061,0,0,0,0,0.9096442814232485,0.8451044824398546,0.9096442814232485,0.8451044824398546,1.0,1,0.37740999137045556,84
3709,2,7063,7063,0,0,0,0,0.896080213989275,0.8233363637817676,0.896080213989275,0.8233363637817676,1.0,1,0.37639633286882895,85
3710,0,7063,7063,0,0,0,0,0.8948430736796237,0.8233363637817676,0.8948430736796237,0.8233363637817676,1.0,1,0.37859916264047183,84
3711,4,7067,7067,0,0,0,0,0.8947029224273494,0.8209949681264938,0.8947029224273494,0.8209949681264938,1.0,1,0.38970414957951377,85
3712,3,7070,7070,0,0,0,0,0.9230208826448757,0.8636828130169675,0.9230208826448757,0.8636828130169675,1.0,1,0.37166550753649785,85
3713,1,7071,7071,0,0,0,0,0.9116542416224365,0.8467471538348388,0.9116542416224365,0.8467471538348388,1.0,1,0.37315468789851874,85
3714,2,7073,7073,0,0,0,0,0.9213154867510395,0.8606628411216323,0.9213154867510395,0.8606628411216323,1.0,1,0.37970922322728323,85
3715,0,7073,7073,0,0,0,0,0.9213154867510392,0.8606628411216323,0.9213154867510392,0.8606628411216323,1.0,1,0.37970922322728323,85
3716,2,7075,7075,0,0,0,0,0.9445404908501955,0.8987261137264441,0.9445404908501955,0.8987261137264441,1.0,1,0.374247664642274,84
3717,1,7076,7076,0,0,0,0,0.9458302468769352,0.8987261137264441,0.9458302468769352,0.8987261137264441,1.0,1,0.3571515685492614,86
3718,2,7078,7078,0,0,0,0,0.9470240283532897,0.9021096176093396,0.9470240283532897,0.9021096176093396,1.0,1,0.36508899866078287,85
3719,1,7079,7079,0,0,0,0,0.9463933620241621,0.9021096176093396,0.9463933620241621,0.9021096176093396,1.0,1,0.36455239013803403,84
3720,2,7081,7081,0,0,0,0,0.945017608466476,0.8995973719822601,0.945017608466476,0.8995973719822601,1.0,1,0.3828854418775696,84
3721,2,7083,7083,0,0,0,0,0.9312505359719367,0.8756658629279709,0.9312505359719367,0.8756658629279709,1.0,1,0.36962471061816143,85
3722,4,7087,7087,0,0,0,0,0.9097788772443803,0.8434939707300474,0.9097788772443803,0.8434939707300474,1.0,1,0.364126337648148,85
3723,3,7090,7090,0,0,0,0,0.9507192464668507,0.908937738036572,0.9507192464668507,0.908937738036572,1.0,1,0.34086435173002594,85
3724,4,7094,7094,0,0,0,0,0.9690524703607306,0.9395116466141553,0.9690524703607306,0.9395116466141553,1.0,1,0.328102281770286,86
3725,2,7096,7096,0,0,0,0,0.9819921647010822,0.9639843294021644,0.9819921647010822,0.9639843294021644,1.0,1,0.3337441939990499,86
3726,0,7096,7096,0,0,0,0,0.9819921647010822,0.9639843294021644,0.9819921647010822,0.9639843294021644,1.0,1,0.3337441939990499,86
3727,4,7100,7100,0,0,0,0,0.9819921647010822,0.9639843294021644,0.9819921647010822,0.9639843294021644,1.0,1,0.38169039631411955,86
3728,1,7101,7101,0,0,0,0,0.9819921647010822,0.9639843294021644,0.9819921647010822,0.9639843294021644,1.0,1,0.37445578766608684,86
3729,0,7101,7101,0,0,0,0,0.9819921647010823,0.9639843294021644,0.9819921647010823,0.9639843294021644,1.0,1,0.37445578766608684,86
3730,1,7102,7102,0,0,0,0,0.9723247003708658,0.9465363529891726,0.9723247003708658,0.9465363529891726,1.0,1,0.38916173972299734,85
3731,0,7102,7102,0,0,0,0,0.972646506180507,0.9465363529891726,0.972646506180507,0.9465363529891726,1.0,1,0.38698713689467296,86
3732,1,7103,7103,0,0,0,0,0.9729609141554436,0.9465363529891726,0.9729609141554436,0.9465363529891726,1.0,1,0.3966621070558226,87
3733,0,7103,7103,0,0,0,0,0.9729609141554436,0.9465363529891726,0.9729609141554436,0.9465363529891726,1.0,1,0.3966621070558226,87
3734,4,7107,7107,0,0,0,0,0.9681736538184506,0.9370706336864815,0.9681736538184506,0.9370706336864815,1.0,1,0.3850832987727078,87
3735,0,7107,7107,0,0,0,0,0.9678035800256416,0.9370706336864815,0.9678035800256416,0.9370706336864815,1.0,1,0.3859452033463705,86
3736,1,7108,7108,0,0,0,0,0.9568328444161909,0.9165434992046356,0.9568328444161909,0.9165434992046356,1.0,1,0.3647049392751791,87
3737,1,7109,7109,0,0,0,0,0.9708056445082288,0.9422747970958161,0.9708056445082288,0.9422747970958161,1.0,1,0.3580832749619699,87
3738,2,7111,7111,0,0,0,0,0.9745725361849146,0.9497229692747176,0.9745725361849146,0.9497229692747176,1.0,1,0.343050816968899,87
3739,0,7111,7111,0,0,0,0,0.9748614846373588,0.9497229692747176,0.9748614846373588,0.9497229692747176,1.0,1,0.3381013119331507,88
3740,1,7112,7112,0,0,0,0,0.9711836377042279,0.9430221927333596,0.9711836377042279,0.9430221927333596,1.0,1,0.3340935162479589,87
3741,2,7114,7114,0,0,0,0,0.9625690526221253,0.9276335017361089,0.9625690526221253,0.9276335017361089,1.0,1,0.34953889983434666,87
3742,1,7115,7115,0,0,0,0,0.9730193332016343,0.947265060348649,0.9730193332016343,0.947265060348649,1.0,1,0.3443984651600249,86
3743,7,7122,7122,0,0,0,0,0.9446002604884696,0.8988352582832924,0.9446002604884696,0.8988352582832924,1.0,1,0.3545035335573205,84
3744,1,7123,7123,0,0,0,0,0.934578012768448,0.8844675544634294,0.934578012768448,0.8844675544634294,1.0,1,0.3841690218382306,83
3745,4,7127,7127,0,0,0,0,0.9344194031438332,0.8841874566157052,0.9344194031438332,0.8841874566157052,1.0,1,0.3690963580006109,83
3746,0,7127,7127,0,0,0,0,0.9240137126716472,0.8686070448280566,0.9240137126716472,0.8686070448280566,1.0,1,0.3868207707089663,83
3747,3,7130,7130,0,0,0,0,0.9567576037196796,0.9221636866954231,0.9567576037196796,0.9221636866954231,1.0,1,0.36965417486185725,81
3748,4,7134,7134,0,0,0,0,0.918294225629402,0.8621215057496159,0.918294225629402,0.8621215057496159,1.0,1,0.3742300916672684,81
3749,1,7135,7135,0,0,0,0,0.9258277016310041,0.8737492793719219,0.9258277016310041,0.8737492793719219,1.0,1,0.37493526489452195,80
3750,1,7136,7136,0,0,0,0,0.9111053292187558,0.8536941876725356,0.9111053292187558,0.8536941876725356,1.0,1,0.386734982656013,79
3751,3,7139,7139,0,0,0,0,0.9122165126035213,0.8536941876725356,0.9122165126035213,0.8536941876725356,1.0,1,0.3899322607843151,80
3752,1,7140,7140,0,0,0,0,0.9122165126035213,0.8536941876725356,0.9122165126035213,0.8536941876725356,1.0,1,0.40807720887761595,80
3753,3,7143,7143,0,0,0,0,0.9314355446588282,0.8792669373340234,0.9314355446588282,0.8792669373340234,1.0,1,0.3974689302986963,81
3754,4,7147,7147,0,0,0,0,0.9195104985569267,0.8612840507044904,0.9195104985569267,0.8612840507044904,1.0,1,0.42890708640758796,81
3755,3,7150,7150,0,0,0,0,0.9395670216116102,0.892563593976196,0.9395670216116102,0.892563593976196,1.0,1,0.41961143538265566,80
3756,2,7152,7152,0,0,0,0,0.9399403916735887,0.8945620209380778,0.9399403916735887,0.8945620209380778,1.0,1,0.42789445051184277,79
3757,0,7152,7152,0,0,0,0,0.9406911367776687,0.8945620209380778,0.9406911367776687,0.8945620209380778,1.0,1,0.4251801445604725,80
3758,2,7154,7154,0,0,0,0,0.9509266528253474,0.9118910357546006,0.9509266528253474,0.9118910357546006,1.0,1,0.4410694087336964,79
3759,1,7155,7155,0,0,0,0,0.9509266528253472,0.9118910357546006,0.9509266528253472,0.9118910357546006,1.0,1,0.43551863911938726,79
3760,1,7156,7156,0,0,0,0,0.9401038881473599,0.8948490480809208,0.9401038881473599,0.8948490480809208,1.0,1,0.43771286365960205,79
3761,1,7157,7157,0,0,0,0,0.9393359892774543,0.8948490480809208,0.9393359892774543,0.8948490480809208,1.0,1,0.44969146176635194,78
3762,0,7157,7157,0,0,0,0,0.940852589545518,0.8948490480809208,0.940852589545518,0.8948490480809208,1.0,1,0.4379736112505184,80
3763,2,7159,7159,0,0,0,0,0.9515400696650304,0.9118910357546006,0.9515400696650304,0.9118910357546006,1.0,1,0.42994279605857144,80
3764,0,7159,7159,0,0,0,0,0.9515400696650304,0.9118910357546006,0.9515400696650304,0.9118910357546006,1.0,1,0.42994279605857144,80
3765,6,7165,7165,0,0,0,0,0.9618899110643817,0.9282112278189517,0.9618899110643817,0.9282112278189517,1.0,1,0.4277081667928391,81
3766,1,7166,7166,0,0,0,0,0.9647316370981897,0.9319238576546451,0.9647316370981897,0.9319238576546451,1.0,1,0.4096158008771643,83
3767,2,7168,7168,0,0,0,0,0.9652581840281781,0.9329402156822973,0.9652581840281781,0.9329402156822973,1.0,1,0.4027691972870285,83
3768,2,7170,7170,0,0,0,0,0.9810942302594431,0.962188460518886,0.9810942302594431,0.962188460518886,1.0,1,0.39100784862174426,84
3769,3,7173,7173,0,0,0,0,0.9791638751124403,0.9573355538016635,0.9791638751124403,0.9573355538016635,1.0,1,0.36091915906247696,86
3770,1,7174,7174,0,0,0,0,0.985013566024483,0.9689566724792862,0.985013566024483,0.9689566724792862,1.0,1,0.3515938762752312,87
3771,0,7174,7174,0,0,0,0,0.985013566024483,0.9689566724792862,0.985013566024483,0.9689566724792862,1.0,1,0.3515938762752312,87
3772,2,7176,7176,0,0,0,0,0.9635472260606349,0.9270944521212697,0.9635472260606349,0.9270944521212697,1.0,1,0.3648902975925798,88
3773,2,7178,7178,0,0,0,0,0.9636488267574799,0.929776142599677,0.9636488267574799,0.929776142599677,1.0,1,0.38275916029223583,85
3774,4,7182,7182,0,0,0,0,0.9801427312630424,0.960747259473456,0.9801427312630424,0.960747259473456,1.0,1,0.37857945721781894,85
3775,2,7184,7184,0,0,0,0,0.9521421808824259,0.9117289114053632,0.9521421808824259,0.9117289114053632,1.0,1,0.39974579360061835,83
3776,4,7188,7188,0,0,0,0,1.0,1.0,1.0,1.0,1.0,1,0.3508725970326131,82
3777,4,7192,7192,0,0,0,0,0.9729532510587365,0.9502093939944923,0.9729532510587365,0.9502093939944923,1.0,1,0.36496511816114896,81
3778,2,7194,7194,0,0,0,0,1.0,1.0,1.0,1.0,1.0,1,0.3470222160649942,81
3779,0,7194,7194,0,0,0,0,1.0,1.0,1.0,1.0,1.0,1,0.3478061097674863,80
3780,0,7194,7194,0,0,0,0,1.0,1.0,1.0,1.0,1.0,1,0.3478061097674863,80
3781,1,7195,7195,0,0,0,0,1.0,1.0,1.0,1.0,1.0,1,0.36286737898766036,80
3782,1,7196,7196,0,0,0,0,1.0,1.0,1.0,1.0,1.0,1,0.3777679956265829,80
3783,3,7199,7199,0,0,0,0,1.0,1.0,1.0,1.0,1.0,1,0.3533818780039133,80
3784,1,7200,7200,0,0,0,0,1.0,1.0,1.0,1.0,1.0,1,0.3689434945874546,79
3785,0,7200,7200,0,0,0,0,1.0,1.0,1.0,1.0,1.0,1,0.38756132954450284,77
3786,3,7203,7203,0,0,0,0,1.0,1.0,1.0,1.0,1.0,1,0.37341418640669954,78
3787,0,7203,7203,0,0,0,0,1.0,1.0,1.0,1.0,1.0,1,0.3723548780259528,77
3788,3,7206,7206,0,0,0,0,1.0,1.0,1.0,1.0,1.0,1,0.384797177355516,78
3789,1,7207,7207,0,0,0,0,1.0,1.0,1.0,1.0,1.0,1,0.39751508883363035,77
3790,4,7211,7211,0,0,0,0,1.0,1.0,1.0,1.0,1.0,1,0.3969926587250623,77
3791,1,7212,7212,0,0,0,0,0.9994938090493297,0.9990719832571046,0.9994938090493297,0.9990719832571046,1.0,1,0.4038843388896931,77
3792,1,7213,7213,0,0,0,0,0.9995002986769024,0.9990719832571046,0.9995002986769024,0.9990719832571046,1.0,1,0.3794411948113178,78
3793,2,7215,7215,0,0,0,0,1.0,1.0,1.0,1.0,1.0,1,0.375976489096085,80
3794,3,7218,7218,0,0,0,0,1.0,1.0,1.0,1.0,1.0,1,0.33196913382947724,82
3795,1,7219,7219,0,0,0,0,1.0,1.0,1.0,1.0,1.0,1,0.3261530938635345,83
3796,1,7220,7220,0,0,0,0,1.0,1.0,1.0,1.0,1.0,1,0.3145151306988091,83
3797,1,7221,7221,0,0,0,0,1.0,1.0,1.0,1.0,1.0,1,0.3094898397597746,82
3798,1,7222,7222,0,0,0,0,1.0,1.0,1.0,1.0,1.0,1,0.3021273675044387,82
3799,2,7224,7224,0,0,0,0,1.0,1.0,1.0,1.0,1.0,1,0.3018076481746478,83
3800,3,7227,7227,0,0,0,0,1.0,1.0,1.0,1.0,1.0,1,0.29572101814994844,83
3801,3,7230,7230,0,0,0,0,1.0,1.0,1.0,1.0,1.0,1,0.28840708342838733,83
3802,2,7232,7232,0,0,0,0,1.0,1.0,1.0,1.0,1.0,1,0.3306253300161987,82
3803,4,7236,7236,0,0,0,0,1.0,1.0,1.0,1.0,1.0,1,0.30131597039945784,84
3804,3,7239,7239,0,0,0,0,1.0,1.0,1.0,1.0,1.0,1,0.30849148645827446,84
3805,4,7243,7243,0,0,0,0,1.0,1.0,1.0,1.0,1.0,1,0.29773216162484367,86
3806,1,7244,7244,0,0,0,0,1.0,1.0,1.0,1.0,1.0,1,0.3124970782077178,86
3807,2,7246,7246,0,0,0,0,1.0,1.0,1.0,1.0,1.0,1,0.3335289465198506,86
3808,0,7246,7246,0,0,0,0,1.0,1.0,1.0,1.0,1.0,1,0.327824275935641,85
3809,1,7247,7247,0,0,0,0,1.0,1.0,1.0,1.0,1.0,1,0.32345624101067416,85
3810,0,7247,7247,0,0,0,0,1.0,1.0,1.0,1.0,1.0,1,0.32345624101067416,85
3811,2,7249,7249,0,0,0,0,1.0,1.0,1.0,1.0,1.0,1,0.3353158426635955,84
3812,0,7249,7249,0,0,0,0,1.0,1.0,1.0,1.0,1.0,1,0.33598555244133366,83
3813,4,7253,7253,0,0,0,0,1.0,1.0,1.0,1.0,1.0,1,0.2798373191827078,82
3814,2,7255,7255,0,0,0,0,1.0,1.0,1.0,1.0,1.0,1,0.300164277998311,81
3815,2,7257,7257,0,0,0,0,1.0,1.0,1.0,1.0,1.0,1,0.29321822554521054,82
3816,3,7260,7260,0,0,0,0,1.0,1.0,1.0,1.0,1.0,1,0.30384668669139253,81
3817,3,7263,7263,0,0,0,0,1.0,1.0,1.0,1.0,1.0,1,0.28626195135455684,81
3818,1,7264,7264,0,0,0,0,1.0,1.0,1.0,1.0,1.0,1,0.2821698232915162,81
3819,3,7267,7267,0,0,0,0,1.0,1.0,1.0,1.0,1.0,1,0.2764565217161927,82
3820,1,7268,7268,0,0,0,0,1.0,1.0,1.0,1.0,1.0,1,0.2888828523231744,84
3821,2,7270,7270,0,0,0,0,1.0,1.0,1.0,1.0,1.0,1,0.2749909419816231,84
3822,1,7271,7271,0,0,0,0,1.0,1.0,1.0,1.0,1.0,1,0.2909702013268021,82
3823,0,7271,7271,0,0,0,0,1.0,1.0,1.0,1.0,1.0,1,0.2913173376871555,81
3824,1,7272,7272,0,0,0,0,1.0,1.0,1.0,1.0,1.0,1,0.33001666198852286,78
3825,2,7274,7274,0,0,0,0,1.0,1.0,1.0,1.0,1.0,1,0.3231199063428441,76
3826,1,7275,7275,0,0,0,0,1.0,1.0,1.0,1.0,1.0,1,0.33863970646193137,76
3827,0,7275,7275,0,0,0,0,1.0,1.0,1.0,1.0,1.0,1,0.3431211229295879,75
3828,1,7276,7276,0,0,0,0,1.0,1.0,1.0,1.0,1.0,1,0.35973166332382184,74
3829,2,7278,7278,0,0,0,0,1.0,1.0,1.0,1.0,1.0,1,0.3658897449813868,74
3830,2,7280,7280,0,0,0,0,1.0,1.0,1.0,1.0,1.0,1,0.35640036510227313,74
3831,3,7283,7283,0,0,0,0,1.0,1.0,1.0,1.0,1.0,1,0.3558172787556856,74
3832,3,7286,7286,0,0,0,0,1.0,1.0,1.0,1.0,1.0,1,0.3660152945773257,73
3833,3,7289,7289,0,0,0,0,1.0,1.0,1.0,1.0,1.0,1,0.3718093153260061,73
3834,4,7293,7293,0,0,0,0,1.0,1.0,1.0,1.0,1.0,1,0.367515038349573,74
3835,3,7296,7296,0,0,0,0,1.0,1.0,1.0,1.0,1.0,1,0.3804367259662032,75
3836,3,7299,7299,0,0,0,0,0.9947360767489971,0.9906001370517804,0.9947360767489971,0.9906001370517804,1.0,1,0.4045732569178067,75
3837,3,7302,7302,0,0,0,0,1.0,1.0,1.0,1.0,1.0,1,0.3798235660786096,78
3838,2,7304,7304,0,0,0,0,1.0,1.0,1.0,1.0,1.0,1,0.35819891409534926,78
3839,0,7304,7304,0,0,0,0,1.0,1.0,1.0,1.0,1.0,1,0.34877892435146696,79
3840,1,7305,7305,0,0,0,0,1.0,1.0,1.0,1.0,1.0,1,0.3187627887493586,82
3841,0,7305,7305,0,0,0,0,1.0,1.0,1.0,1.0,1.0,1,0.3187627887493586,82
3842,2,7307,7307,0,0,0,0,1.0,1.0,1.0,1.0,1.0,1,0.319739747069339,82
3843,2,7309,7309,0,0,0,0,1.0,1.0,1.0,1.0,1.0,1,0.29498102131324266,82
3844,1,7310,7310,0,0,0,0,1.0,1.0,1.0,1.0,1.0,1,0.28037447304335045,83
3845,3,7313,7313,0,0,0,0,1.0,1.0,1.0,1.0,1.0,1,0.2694415389901663,84
3846,0,7313,7313,0,0,0,0,1.0,1.0,1.0,1.0,1.0,1,0.2635021868738479,85
3847,3,7316,7316,0,0,0,0,1.0,1.0,1.0,1.0,1.0,1,0.2704434277687071,84
3848,2,7318,7318,0,0,0,0,1.0,1.0,1.0,1.0,1.0,1,0.25094459666019125,84
3849,0,7318,7318,0,0,0,0,1.0,1.0,1.0,1.0,1.0,1,0.25660273429275177,83
3850,1,7319,7319,0,0,0,0,1.0,1.0,1.0,1.0,1.0,1,0.27108546494083424,80
3851,0,7319,7319,0,0,0,0,1.0,1.0,1.0,1.0,1.0,1,0.27108546494083424,80
3852,0,7319,7319,0,0,0,0,1.0,1.0,1.0,1.0,1.0,1,0.28454555878133797,79
3853,2,7321,7321,0,0,0,0,1.0,1.0,1.0,1.0,1.0,1,0.28694496341195297,79
3854,2,7323,7323,0,0,0,0,1.0,1.0,1.0,1.0,1.0,1,0.283200517372342,78
3855,4,7327,7327,0,0,0,0,1.0,1.0,1.0,1.0,1.0,1,0.29262023326324904,78
3856,1,7328,7328,0,0,0,0,1.0,1.0,1.0,1.0,1.0,1,0.28129363208833547,80
3857,2,7330,7330,0,0,0,0,1.0,1.0,1.0,1.0,1.0,1,0.29215694467147724,81
3858,0,7330,7330,0,0,0,0,1.0,1.0,1.0,1.0,1.0,1,0.29215694467147724,81
3859,0,7330,7330,0,0,0,0,1.0,1.0,1.0,1.0,1.0,1,0.295957773445629,83
3860,2,7332,7332,0,0,0,0,1.0,1.0,1.0,1.0,1.0,1,0.28508559556395446,82
3861,0,7332,7332,0,0,0,0,1.0,1.0,1.0,1.0,1.0,1,0.2925074716608717,84
3862,0,7332,7332,0,0,0,0,1.0,1.0,1.0,1.0,1.0,1,0.29613419513402706,85
3863,2,7334,7334,0,0,0,0,1.0,1.0,1.0,1.0,1.0,1,0.3188574045359575,84
3864,2,7336,7336,0,0,0,0,1.0,1.0,1.0,1.0,1.0,1,0.3259806940854507,83
3865,3,7339,7339,0,0,0,0,1.0,1.0,1.0,1.0,1.0,1,0.359114438939792,82
3866,2,7341,7341,0,0,0,0,1.0,1.0,1.0,1.0,1.0,1,0.38533998069008224,81
3867,4,7345,7345,0,0,0,0,1.0,1.0,1.0,1.0,1.0,1,0.3645869310151648,81
3868,2,7347,7347,0,0,0,0,1.0,1.0,1.0,1.0,1.0,1,0.35257601459775945,81
3869,1,7348,7348,0,0,0,0,1.0,1.0,1.0,1.0,1.0,1,0.3738822447318699,81
3870,0,7348,7348,0,0,0,0,1.0,1.0,1.0,1.0,1.0,1,0.36184410581064447,80
3871,1,7349,7349,0,0,0,0,1.0,1.0,1.0,1.0,1.0,1,0.36306408602231627,82
3872,1,7350,7350,0,0,0,0,1.0,1.0,1.0,1.0,1.0,1,0.36308178502281063,81
3873,2,7352,7352,0,0,0,0,1.0,1.0,1.0,1.0,1.0,1,0.35045091387159555,81
3874,0,7352,7352,0,0,0,0,1.0,1.0,1.0,1.0,1.0,1,0.36308667127585603,78
3875,4,7356,7356,0,0,0,0,1.0,1.0,1.0,1.0,1.0,1,0.3453679203037565,77
3876,0,7356,7356,0,0,0,0,1.0,1.0,1.0,1.0,1.0,1,0.3401276780258534,78
3877,2,7358,7358,0,0,0,0,1.0,1.0,1.0,1.0,1.0,1,0.34138553292355056,75
3878,0,7358,7358,0,0,0,0,1.0,1.0,1.0,1.0,1.0,1,0.34138553292355056,75
3879,1,7359,7359,0,0,0,0,1.0,1.0,1.0,1.0,1.0,1,0.3453958671649719,73
3880,1,7360,7360,0,0,0,0,1.0,1.0,1.0,1.0,1.0,1,0.3503485575699798,74
3881,1,7361,7361,0,0,0,0,1.0,1.0,1.0,1.0,1.0,1,0.3394761834393004,75
3882,3,7364,7364,0,0,0,0,1.0,1.0,1.0,1.0,1.0,1,0.311405946850692,76
3883,4,7368,7368,0,0,0,0,1.0,1.0,1.0,1.0,1.0,1,0.3113860680244572,77
3884,6,7374,7374,0,0,0,0,1.0,1.0,1.0,1.0,1.0,1,0.2746646293629189,78
3885,3,7377,7377,0,0,0,0,1.0,1.0,1.0,1.0,1.0,1,0.2695478131638902,78
3886,6,7383,7383,0,0,0,0,1.0,1.0,1.0,1.0,1.0,1,0.2327897505538174,79
3887,4,7387,7387,0,0,0,0,1.0,1.0,1.0,1.0,1.0,1,0.2527916349888794,78
3888,6,7393,7393,0,0,0,0,1.0,1.0,1.0,1.0,1.0,1,0.2175838601366769,80
3889,3,7396,7396,0,0,0,0,1.0,1.0,1.0,1.0,1.0,1,0.24704623168653114,82
3890,5,7401,7401,0,0,0,0,1.0,1.0,1.0,1.0,1.0,1,0.23346346833187215,82
3891,2,7403,7403,0,0,0,0,1.0,1.0,1.0,1.0,1.0,1,0.1994755734324021,85
3892,1,7404,7404,0,0,0,0,1.0,1.0,1.0,1.0,1.0,1,0.1909561398739024,87
3893,1,7405,7405,0,0,0,0,1.0,1.0,1.0,1.0,1.0,1,0.173214287412162,86
3894,0,7405,7405,0,0,0,0,1.0,1.0,1.0,1.0,1.0,1,0.1777168169731597,87
3895,0,7405,7405,0,0,0,0,1.0,1.0,1.0,1.0,1.0,1,0.1777168169731597,87
3896,2,7407,7407,0,0,0,0,1.0,1.0,1.0,1.0,1.0,1,0.19028788103087213,85
3897,5,7412,7412,0,0,0,0,1.0,1.0,1.0,1.0,1.0,1,0.2212175556457887,85
3898,1,7413,7413,0,0,0,0,1.0,1.0,1.0,1.0,1.0,1,0.23015554966385143,86
3899,5,7418,7418,0,0,0,0,1.0,1.0,1.0,1.0,1.0,1,0.2675914582959465,86
3900,0,7418,7418,0,0,0,0,1.0,1.0,1.0,1.0,1.0,1,0.2675914582959465,86
3901,2,7420,7420,0,0,0,0,1.0,1.0,1.0,1.0,1.0,1,0.26688217060726327,86
3902,2,7422,7422,0,0,0,0,1.0,1.0,1.0,1.0,1.0,1,0.2879080289479055,87
3903,2,7424,7424,0,0,0,0,1.0,1.0,1.0,1.0,1.0,1,0.29364454182067085,87
3904,1,7425,7425,0,0,0,0,1.0,1.0,1.0,1.0,1.0,1,0.2832950116429459,85
3905,2,7427,7427,0,0,0,0,1.0,1.0,1.0,1.0,1.0,1,0.28689022288247584,84
3906,4,7431,7431,0,0,0,0,1.0,1.0,1.0,1.0,1.0,1,0.27460133605890946,86
3907,3,7434,7434,0,0,0,0,1.0,1.0,1.0,1.0,1.0,1,0.2596361453722377,84
3908,2,7436,7436,0,0,0,0,1.0,1.0,1.0,1.0,1.0,1,0.2676940794044271,83
3909,4,7440,7440,0,0,0,0,1.0,1.0,1.0,1.0,1.0,1,0.2566626064815137,81
3910,3,7443,7443,0,0,0,0,1.0,1.0,1.0,1.0,1.0,1,0.2471961768048597,82
3911,7,7450,7450,0,0,0,0,1.0,1.0,1.0,1.0,1.0,1,0.267010863353671,81
3912,3,7453,7453,0,0,0,0,1.0,1.0,1.0,1.0,1.0,1,0.30081369432350197,80
3913,6,7459,7459,0,0,0,0,1.0,1.0,1.0,1.0,1.0,1,0.29374873552917147,80
3914,6,7465,7465,0,0,0,0,1.0,1.0,1.0,1.0,1.0,1,0.31806216264655207,81
3915,6,7471,7471,0,0,0,0,1.0,1.0,1.0,1.0,1.0,1,0.32769465500664485,81
3916,3,7474,7474,0,0,0,0,1.0,1.0,1.0,1.0,1.0,1,0.3200439701935635,81
3917,2,7476,7476,0,0,0,0,1.0,1.0,1.0,1.0,1.0,1,0.3037392100294931,82
3918,1,7477,7477,0,0,0,0,1.0,1.0,1.0,1.0,1.0,1,0.29605519283091086,85
3919,2,7479,7479,0,0,0,0,1.0,1.0,1.0,1.0,1.0,1,0.30907527129491186,85
3920,0,7479,7479,0,0,0,0,1.0,1.0,1.0,1.0,1.0,1,0.30907527129491186,85
3921,2,7481,7481,0,0,0,0,1.0,1.0,1.0,1.0,1.0,1,0.3160421937130133,88
3922,0,7481,7481,0,0,0,0,1.0,1.0,1.0,1.0,1.0,1,0.3160421937130133,88
3923,1,7482,7482,0,0,0,0,1.0,1.0,1.0,1.0,1.0,1,0.3100134281545892,89
3924,0,7482,7482,0,0,0,0,1.0,1.0,1.0,1.0,1.0,1,0.3093301014233944,90
3925,1,7483,7483,0,0,0,0,1.0,1.0,1.0,1.0,1.0,1,0.3040589627177319,88
3926,1,7484,7484,0,0,0,0,1.0,1.0,1.0,1.0,1.0,1,0.30501008570979454,89
3927,3,7487,7487,0,0,0,0,1.0,1.0,1.0,1.0,1.0,1,0.3143322896420049,89
3928,2,7489,7489,0,0,0,0,0.9972931549651456,0.9944604101612281,0.9972931549651456,0.9944604101612281,1.0,1,0.3279477842878369,88
3929,2,7491,7491,0,0,0,0,1.0,1.0,1.0,1.0,1.0,1,0.32684680220582923,88
3930,1,7492,7492,0,0,0,0,1.0,1.0,1.0,1.0,1.0,1,0.33230859013442227,87
3931,4,7496,7496,0,0,0,0,0.9782898786478192,0.9585095458602765,0.9782898786478192,0.9585095458602765,1.0,1,0.3367776325189868,86
3932,1,7497,7497,0,0,0,0,0.9670237906075777,0.9390657000357415,0.9670237906075777,0.9390657000357415,1.0,1,0.3385536542121993,85
3933,3,7500,7500,0,0,0,0,0.9821820308524077,0.9667397909244946,0.9821820308524077,0.9667397909244946,1.0,1,0.30817802129554894,84
3934,1,7501,7501,0,0,0,0,0.9679491450062334,0.9407755940332574,0.9679491450062334,0.9407755940332574,1.0,1,0.2985920683362367,85
3935,2,7503,7503,0,0,0,0,0.9826414903978201,0.9675974487425975,0.9826414903978201,0.9675974487425975,1.0,1,0.28548254926102967,84
3936,0,7503,7503,0,0,0,0,0.9826414903978201,0.9675974487425975,0.9826414903978201,0.9675974487425975,1.0,1,0.2814646521835706,84
3937,6,7509,7509,0,0,0,0,0.9898894974572151,0.9815764175887032,0.9898894974572151,0.9815764175887032,1.0,1,0.29502523477479187,82
3938,3,7512,7512,0,0,0,0,1.0,1.0,1.0,1.0,1.0,1,0.276540247493247,82
3939,1,7513,7513,0,0,0,0,0.9847808149649901,0.9715908546013148,0.9847808149649901,0.9715908546013148,1.0,1,0.2781473480708482,84
3940,2,7515,7515,0,0,0,0,0.9847808149649899,0.9715908546013148,0.9847808149649899,0.9715908546013148,1.0,1,0.29481130654418286,84
3941,4,7519,7519,0,0,0,0,0.9619931884769158,0.93126427703272,0.9619931884769158,0.93126427703272,1.0,1,0.28627661618393707,85
3942,2,7521,7521,0,0,0,0,0.9619931884769157,0.93126427703272,0.9619931884769157,0.93126427703272,1.0,1,0.2868221549877172,85
3943,3,7524,7524,0,0,0,0,0.971221142270427,0.9474473032764316,0.971221142270427,0.9474473032764316,1.0,1,0.3110069227246305,84
3944,4,7528,7528,0,0,0,0,1.0,1.0,1.0,1.0,1.0,1,0.3157356381233134,83
3945,2,7530,7530,0,0,0,0,0.992828556028052,0.9864720488710981,0.992828556028052,0.9864720488710981,1.0,1,0.3272296620129053,83
3946,3,7533,7533,0,0,0,0,0.9978883452803753,0.9960166513243444,0.9978883452803753,0.9960166513243444,1.0,1,0.3353463578211511,83
3947,3,7536,7536,0,0,0,0,1.0,1.0,1.0,1.0,1.0,1,0.34833936164703444,83
3948,4,7540,7540,0,0,0,0,0.9937001661546981,0.9879730444771511,0.9937001661546981,0.9879730444771511,1.0,1,0.3495963551062547,84
3949,1,7541,7541,0,0,0,0,0.9778378476112234,0.9586306488742836,0.9778378476112234,0.9586306488742836,1.0,1,0.3635368990362727,84
3950,1,7542,7542,0,0,0,0,0.9832412117989269,0.9679720936601716,0.9832412117989269,0.9679720936601716,1.0,1,0.347849304083287,86
3951,3,7545,7545,0,0,0,0,0.971586806871028,0.9462620042995531,0.971586806871028,0.9462620042995531,1.0,1,0.3469981040218658,87
3952,0,7545,7545,0,0,0,0,0.9872568083040463,0.975646344758844,0.9872568083040463,0.975646344758844,1.0,1,0.3469981040218658,86
3953,3,7548,7548,0,0,0,0,1.0,1.0,1.0,1.0,1.0,1,0.3331176295956348,86
3954,2,7550,7550,0,0,0,0,1.0,1.0,1.0,1.0,1.0,1,0.29937886866147234,85
3955,1,7551,7551,0,0,0,0,1.0,1.0,1.0,1.0,1.0,1,0.3214669738718766,85
3956,1,7552,7552,0,0,0,0,1.0,1.0,1.0,1.0,1.0,1,0.34661813018382814,84
3957,4,7556,7556,0,0,0,0,1.0,1.0,1.0,1.0,1.0,1,0.33420234681825883,85
3958,1,7557,7557,0,0,0,0,1.0,1.0,1.0,1.0,1.0,1,0.34359509430543783,84
3959,1,7558,7558,0,0,0,0,1.0,1.0,1.0,1.0,1.0,1,0.3604348039905012,83
3960,1,7559,7559,0,0,0,0,1.0,1.0,1.0,1.0,1.0,1,0.36547098559769947,84
3961,0,7559,7559,0,0,0,0,1.0,1.0,1.0,1.0,1.0,1,0.37640871171025386,83
3962,1,7560,7560,0,0,0,0,1.0,1.0,1.0,1.0,1.0,1,0.36368039809788677,84
3963,6,7566,7566,0,0,0,0,1.0,1.0,1.0,1.0,1.0,1,0.3391768376504956,81
3964,3,7569,7569,0,0,0,0,1.0,1.0,1.0,1.0,1.0,1,0.3095635243375554,81
3965,7,7576,7576,0,0,0,0,1.0,1.0,1.0,1.0,1.0,1,0.29687280728806487,81
3966,1,7577,7577,0,0,0,0,1.0,1.0,1.0,1.0,1.0,1,0.28941298421848066,79
3967,6,7583,7583,0,0,0,0,1.0,1.0,1.0,1.0,1.0,1,0.2517931841199448,81
3968,1,7584,7584,0,0,0,0,1.0,1.0,1.0,1.0,1.0,1,0.2692805408398059,79
3969,5,7589,7589,0,0,0,0,1.0,1.0,1.0,1.0,1.0,1,0.3152922183050985,79
3970,3,7592,7592,0,0,0,0,1.0,1.0,1.0,1.0,1.0,1,0.3546199565196049,78
3971,1,7593,7593,0,0,0,0,1.0,1.0,1.0,1.0,1.0,1,0.3677585674752434,77
3972,4,7597,7597,0,0,0,0,1.0,1.0,1.0,1.0,1.0,1,0.33428346585670654,78
3973,1,7598,7598,0,0,0,0,1.0,1.0,1.0,1.0,1.0,1,0.3490703376698135,77
3974,3,7601,7601,0,0,0,0,1.0,1.0,1.0,1.0,1.0,1,0.3653650135401132,77
3975,0,7601,7601,0,0,0,0,1.0,1.0,1.0,1.0,1.0,1,0.3786721986683218,76
3976,1,7602,7602,0,0,0,0,1.0,1.0,1.0,1.0,1.0,1,0.38128165339187836,77
3977,1,7603,7603,0,0,0,0,1.0,1.0,1.0,1.0,1.0,1,0.37545596132259357,78
3978,1,7604,7604,0,0,0,0,1.0,1.0,1.0,1.0,1.0,1,0.3689437734340893,79
3979,1,7605,7605,0,0,0,0,1.0,1.0,1.0,1.0,1.0,1,0.36062394632132105,79
3980,2,7607,7607,0,0,0,0,1.0,1.0,1.0,1.0,1.0,1,0.38595759091632764,79
3981,2,7609,7609,0,0,0,0,0.9858192672737861,0.9744130257331359,0.9858192672737861,0.9744130257331359,1.0,1,0.3642939294499712,83
3982,2,7611,7611,0,0,0,0,0.9851721337743232,0.9732453718101918,0.9851721337743232,0.9732453718101918,1.0,1,0.3589909886783279,83
3983,0,7611,7611,0,0,0,0,0.9849913061374247,0.9732453718101918,0.9849913061374247,0.9732453718101918,1.0,1,0.3667683021543245,82
3984,3,7614,7614,0,0,0,0,0.9981485951012179,0.9965851865200241,0.9981485951012179,0.9965851865200241,1.0,1,0.35101063057107884,83
3985,1,7615,7615,0,0,0,0,0.9928558585025506,0.9866642692047611,0.9928558585025506,0.9866642692047611,1.0,1,0.34985856645751756,84
3986,2,7617,7617,0,0,0,0,1.0,1.0,1.0,1.0,1.0,1,0.3515886048084513,83
3987,2,7619,7619,0,0,0,0,0.9870063815898837,0.9768374628341404,0.9870063815898837,0.9768374628341404,1.0,1,0.37663079602803534,82
3988,0,7619,7619,0,0,0,0,0.9737799265912356,0.9536964661079267,0.9737799265912356,0.9536964661079267,1.0,1,0.3706245449267476,83
3989,1,7620,7620,0,0,0,0,0.9562499800514183,0.9261718413367686,0.9562499800514183,0.9261718413367686,1.0,1,0.39842008836628084,81
3990,4,7624,7624,0,0,0,0,0.9446399013698796,0.9084863675706175,0.9446399013698796,0.9084863675706175,1.0,1,0.3787646354214857,81
3991,2,7626,7626,0,0,0,0,0.9287070243586018,0.8873570984865908,0.9287070243586018,0.8873570984865908,1.0,1,0.39951664262059244,79
3992,3,7629,7629,0,0,0,0,0.9346298036819939,0.8941002819648302,0.9346298036819939,0.8941002819648302,1.0,1,0.365659653235771,81
3993,5,7634,7634,0,0,0,0,0.9364893453175188,0.8963091352122756,0.9364893453175188,0.8963091352122756,1.0,1,0.3831995520195904,80
3994,1,7635,7635,0,0,0,0,0.9537189247491694,0.9228648745819491,0.9537189247491694,0.9228648745819491,1.0,1,0.37166629702574616,80
3995,1,7636,7636,0,0,0,0,0.9542902960485624,0.9228648745819491,0.9542902960485624,0.9228648745819491,1.0,1,0.36563462355512344,81
3996,0,7636,7636,0,0,0,0,0.9537189247491694,0.9228648745819491,0.9537189247491694,0.9228648745819491,1.0,1,0.39344360506132786,80
3997,3,7639,7639,0,0,0,0,0.9667865706432515,0.9427598345128378,0.9667865706432515,0.9427598345128378,1.0,1,0.3913891880672983,81
3998,2,7641,7641,0,0,0,0,0.978059434518572,0.9608885571852805,0.978059434518572,0.9608885571852805,1.0,1,0.3775826025949388,82
3999,5,7646,7646,0,0,0,0,0.9359778591793958,0.8928609071981726,0.9359778591793958,0.8928609071981726,1.0,1,0.39500822934919827,82
4000,4,7650,7650,0,0,0,0,0.9671539777082494,0.9414483950451403,0.9671539777082494,0.9414483950451403,1.0,1,0.3910567715021931,82
4001,1,7651,7651,0,0,0,0,0.9667484712602032,0.9414483950451403,0.9667484712602032,0.9414483950451403,1.0,1,0.3853182726507835,81
4002,2,7653,7653,0,0,0,0,0.966748471260203,0.9414483950451403,0.966748471260203,0.9414483950451403,1.0,1,0.414854691366623,81
4003,4,7657,7657,0,0,0,0,0.9781908696137567,0.9607435653047619,0.9781908696137567,0.9607435653047619,1.0,1,0.4243626880614428,81
4004,5,7662,7662,0,0,0,0,0.9886816515830061,0.979878491703122,0.9886816515830061,0.979878491703122,1.0,1,0.40376720332026295,80
4005,3,7665,7665,0,0,0,0,0.9663282758777252,0.9429044677926643,0.9663282758777252,0.9429044677926643,1.0,1,0.4205926999252723,78
4006,5,7670,7670,0,0,0,0,0.9775292190516576,0.9620493477316885,0.9775292190516576,0.9620493477316885,1.0,1,0.3968510738750283,76
4007,3,7673,7673,0,0,0,0,1.0,1.0,1.0,1.0,1.0,1,0.3798982268046458,75
4008,3,7676,7676,0,0,0,0,1.0,1.0,1.0,1.0,1.0,1,0.3723250278910774,74
4009,1,7677,7677,0,0,0,0,1.0,1.0,1.0,1.0,1.0,1,0.363064671315919,75
4010,4,7681,7681,0,0,0,0,1.0,1.0,1.0,1.0,1.0,1,0.3647602453033226,75
4011,0,7681,7681,0,0,0,0,1.0,1.0,1.0,1.0,1.0,1,0.36220432102690364,74
4012,4,7685,7685,0,0,0,0,1.0,1.0,1.0,1.0,1.0,1,0.3561897777748448,74
4013,0,7685,7685,0,0,0,0,1.0,1.0,1.0,1.0,1.0,1,0.3479574502808192,74
4014,3,7688,7688,0,0,0,0,1.0,1.0,1.0,1.0,1.0,1,0.33593388560077003,73
4015,1,7689,7689,0,0,0,0,1.0,1.0,1.0,1.0,1.0,1,0.3593984915198143,74
4016,0,7689,7689,0,0,0,0,1.0,1.0,1.0,1.0,1.0,1,0.3768243290721095,74
4017,3,7692,7692,0,0,0,0,1.0,1.0,1.0,1.0,1.0,1,0.3784036863688012,78
4018,2,7694,7694,0,0,0,0,1.0,1.0,1.0,1.0,1.0,1,0.38067464432106596,78
4019,1,7695,7695,0,0,0,0,1.0,1.0,1.0,1.0,1.0,1,0.38814904022934527,78
4020,3,7698,7698,0,0,0,0,1.0,1.0,1.0,1.0,1.0,1,0.41271579726857,78
4021,0,7698,7698,0,0,0,0,1.0,1.0,1.0,1.0,1.0,1,0.41271579726857,78
4022,2,7700,7700,0,0,0,0,1.0,1.0,1.0,1.0,1.0,1,0.40405583238978865,79
4023,2,7702,7702,0,0,0,0,1.0,1.0,1.0,1.0,1.0,1,0.40835923721732975,78
4024,0,7702,7702,0,0,0,0,1.0,1.0,1.0,1.0,1.0,1,0.4100585234911385,77
4025,4,7706,7706,0,0,0,0,1.0,1.0,1.0,1.0,1.0,1,0.39183669521818487,76
4026,2,7708,7708,0,0,0,0,1.0,1.0,1.0,1.0,1.0,1,0.367420645144414,76
4027,2,7710,7710,0,0,0,0,1.0,1.0,1.0,1.0,1.0,1,0.3580643314343576,75
4028,1,7711,7711,0,0,0,0,1.0,1.0,1.0,1.0,1.0,1,0.3459030264431774,76
4029,1,7712,7712,0,0,0,0,1.0,1.0,1.0,1.0,1.0,1,0.33388971335220136,75
4030,0,7712,7712,0,0,0,0,1.0,1.0,1.0,1.0,1.0,1,0.3370183745369882,74
4031,1,7713,7713,0,0,0,0,1.0,1.0,1.0,1.0,1.0,1,0.332121600952685,73
4032,0,7713,7713,0,0,0,0,1.0,1.0,1.0,1.0,1.0,1,0.34949518012908926,71
4033,5,7718,7718,0,0,0,0,1.0,1.0,1.0,1.0,1.0,1,0.3583971448527691,73
4034,2,7720,7720,0,0,0,0,1.0,1.0,1.0,1.0,1.0,1,0.3394594264678546,72
4035,3,7723,7723,0,0,0,0,1.0,1.0,1.0,1.0,1.0,1,0.37674721749828527,71
4036,3,7726,7726,0,0,0,0,1.0,1.0,1.0,1.0,1.0,1,0.38093512698237086,71
4037,2,7728,7728,0,0,0,0,1.0,1.0,1.0,1.0,1.0,1,0.388530992209774,70
4038,2,7730,7730,0,0,0,0,1.0,1.0,1.0,1.0,1.0,1,0.40500329410858965,69
4039,4,7734,7734,0,0,0,0,1.0,1.0,1.0,1.0,1.0,1,0.42547391636092274,68
4040,3,7737,7737,0,0,0,0,0.9913281713009506,0.9864009959037635,0.9913281713009506,0.9864009959037635,1.0,1,0.46190448659768557,69
4041,0,7737,7737,0,0,0,0,0.99106931074277,0.9864009959037635,0.99106931074277,0.9864009959037635,1.0,1,0.49078449057090073,67
4042,1,7738,7738,0,0,0,0,1.0,1.0,1.0,1.0,1.0,1,0.4870768672567155,67
4043,1,7739,7739,0,0,0,0,1.0,1.0,1.0,1.0,1.0,1,0.511321362313175,66
4044,3,7742,7742,0,0,0,0,1.0,1.0,1.0,1.0,1.0,1,0.49914423730295776,65
4045,0,7742,7742,0,0,0,0,1.0,1.0,1.0,1.0,1.0,1,0.4962170936272036,66
4046,1,7743,7743,0,0,0,0,1.0,1.0,1.0,1.0,1.0,1,0.4666724214378526,68
4047,0,7743,7743,0,0,0,0,1.0,1.0,1.0,1.0,1.0,1,0.4666724214378526,68
4048,1,7744,7744,0,0,0,0,1.0,1.0,1.0,1.0,1.0,1,0.46486357873887063,69
4049,0,7744,7744,0,0,0,0,1.0,1.0,1.0,1.0,1.0,1,0.46486357873887063,69
4050,0,7744,7744,0,0,0,0,1.0,1.0,1.0,1.0,1.0,1,0.45230752395396245,69
4051,3,7747,7747,0,0,0,0,1.0,1.0,1.0,1.0,1.0,1,0.4644387946578946,69
4052,0,7747,7747,0,0,0,0,1.0,1.0,1.0,1.0,1.0,1,0.4644387946578946,69
4053,4,7751,7751,0,0,0,0,1.0,1.0,1.0,1.0,1.0,1,0.4224966672394173,69
4054,0,7751,7751,0,0,0,0,1.0,1.0,1.0,1.0,1.0,1,0.4150459659668054,70
4055,3,7754,7754,0,0,0,0,1.0,1.0,1.0,1.0,1.0,1,0.3835719879244439,70
4056,1,7755,7755,0,0,0,0,1.0,1.0,1.0,1.0,1.0,1,0.37668120722091086,70
4057,1,7756,7756,0,0,0,0,1.0,1.0,1.0,1.0,1.0,1,0.3616561453048478,71
4058,1,7757,7757,0,0,0,0,1.0,1.0,1.0,1.0,1.0,1,0.356442966648428,71
4059,0,7757,7757,0,0,0,0,1.0,1.0,1.0,1.0,1.0,1,0.3551892943027363,72
4060,1,7758,7758,0,0,0,0,1.0,1.0,1.0,1.0,1.0,1,0.3755182328368658,71
4061,1,7759,7759,0,0,0,0,1.0,1.0,1.0,1.0,1.0,1,0.3698816255298382,72
4062,1,7760,7760,0,0,0,0,1.0,1.0,1.0,1.0,1.0,1,0.3865817710452797,72
4063,2,7762,7762,0,0,0,0,1.0,1.0,1.0,1.0,1.0,1,0.3882602334999145,72
4064,2,7764,7764,0,0,0,0,1.0,1.0,1.0,1.0,1.0,1,0.3670977161161895,71
4065,5,7769,7769,0,0,0,0,1.0,1.0,1.0,1.0,1.0,1,0.36021960782082263,70
4066,4,7773,7773,0,0,0,0,1.0,1.0,1.0,1.0,1.0,1,0.3386637244553215,70
4067,10,7783,7783,0,0,0,0,1.0,1.0,1.0,1.0,1.0,1,0.34846330829820066,68
4068,3,7786,7786,0,0,0,0,1.0,1.0,1.0,1.0,1.0,1,0.3092943217908293,70
4069,6,7792,7792,0,0,0,0,1.0,1.0,1.0,1.0,1.0,1,0.3377310491742877,68
4070,8,7800,7800,0,0,0,0,1.0,1.0,1.0,1.0,1.0,1,0.3242730796248633,67
4071,4,7804,7804,0,0,0,0,1.0,1.0,1.0,1.0,1.0,1,0.36556424619134864,68
4072,4,7808,7808,0,0,0,0,1.0,1.0,1.0,1.0,1.0,1,0.34915214927153465,70
4073,6,7814,7814,0,0,0,0,1.0,1.0,1.0,1.0,1.0,1,0.3479865181933898,70
4074,3,7817,7817,0,0,0,0,1.0,1.0,1.0,1.0,1.0,1,0.2991603383746567,71
4075,6,7823,7823,0,0,0,0,1.0,1.0,1.0,1.0,1.0,1,0.31142105691450794,72
4076,0,7823,7823,0,0,0,0,1.0,1.0,1.0,1.0,1.0,1,0.3002313853805287,73
4077,3,7826,7826,0,0,0,0,1.0,1.0,1.0,1.0,1.0,1,0.2909295391197817,72
4078,0,7826,7826,0,0,0,0,1.0,1.0,1.0,1.0,1.0,1,0.3001443603276602,71
4079,0,7826,7826,0,0,0,0,1.0,1.0,1.0,1.0,1.0,1,0.3085588358071616,69
4080,2,7828,7828,0,0,0,0,1.0,1.0,1.0,1.0,1.0,1,0.306926330547872,67
4081,0,7828,7828,0,0,0,0,1.0,1.0,1.0,1.0,1.0,1,0.3196135385407119,66
4082,4,7832,7832,0,0,0,0,1.0,1.0,1.0,1.0,1.0,1,0.3582134094185604,65
4083,3,7835,7835,0,0,0,0,1.0,1.0,1.0,1.0,1.0,1,0.33264694497466324,64
4084,3,7838,7838,0,0,0,0,1.0,1.0,1.0,1.0,1.0,1,0.33480650021339653,64
4085,1,7839,7839,0,0,0,0,1.0,1.0,1.0,1.0,1.0,1,0.3072189413557951,65
4086,1,7840,7840,0,0,0,0,1.0,1.0,1.0,1.0,1.0,1,0.2923776387734162,66
4087,1,7841,7841,0,0,0,0,1.0,1.0,1.0,1.0,1.0,1,0.28415394800529303,66
4088,2,7843,7843,0,0,0,0,1.0,1.0,1.0,1.0,1.0,1,0.2946299013193779,65
4089,0,7843,7843,0,0,0,0,1.0,1.0,1.0,1.0,1.0,1,0.2946299013193779,65
4090,0,7843,7843,0,0,0,0,1.0,1.0,1.0,1.0,1.0,1,0.3001741972576858,65
4091,2,7845,7845,0,0,0,0,1.0,1.0,1.0,1.0,1.0,1,0.30650914959488457,65
4092,3,7848,7848,0,0,0,0,1.0,1.0,1.0,1.0,1.0,1,0.27919671296555126,64
4093,6,7854,7854,0,0,0,0,1.0,1.0,1.0,1.0,1.0,1,0.2574666476031707,66
4094,3,7857,7857,0,0,0,0,1.0,1.0,1.0,1.0,1.0,1,0.26260665621128054,65
4095,5,7862,7862,0,0,0,0,1.0,1.0,1.0,1.0,1.0,1,0.23526926943702384,65
4096,4,7866,7866,0,0,0,0,1.0,1.0,1.0,1.0,1.0,1,0.20764462255748675,67
4097,3,7869,7869,0,0,0,0,1.0,1.0,1.0,1.0,1.0,1,0.207975045490991,67
4098,4,7873,7873,0,0,0,0,1.0,1.0,1.0,1.0,1.0,1,0.21704561066794256,68
4099,2,7875,7875,0,0,0,0,1.0,1.0,1.0,1.0,1.0,1,0.24556795494821243,69
4100,2,7877,7877,0,0,0,0,1.0,1.0,1.0,1.0,1.0,1,0.2500188124996461,70
4101,3,7880,7880,0,0,0,0,1.0,1.0,1.0,1.0,1.0,1,0.2883714690845644,71
4102,6,7886,7886,0,0,0,0,1.0,1.0,1.0,1.0,1.0,1,0.31232178730191223,71
4103,2,7888,7888,0,0,0,0,1.0,1.0,1.0,1.0,1.0,1,0.3273400940149165,71
4104,2,7890,7890,0,0,0,0,1.0,1.0,1.0,1.0,1.0,1,0.3551571133587999,69
4105,1,7891,7891,0,0,0,0,1.0,1.0,1.0,1.0,1.0,1,0.3852197192318291,67
4106,3,7894,7894,0,0,0,0,1.0,1.0,1.0,1.0,1.0,1,0.3722584462803561,68
4107,2,7896,7896,0,0,0,0,1.0,1.0,1.0,1.0,1.0,1,0.38252092339096333,70
4108,1,7897,7897,0,0,0,0,1.0,1.0,1.0,1.0,1.0,1,0.37284474138578916,70
4109,0,7897,7897,0,0,0,0,1.0,1.0,1.0,1.0,1.0,1,0.38091598383866093,69
4110,2,7899,7899,0,0,0,0,1.0,1.0,1.0,1.0,1.0,1,0.35777044926106677,71
4111,2,7901,7901,0,0,0,0,1.0,1.0,1.0,1.0,1.0,1,0.3816020658904547,70
4112,0,7901,7901,0,0,0,0,1.0,1.0,1.0,1.0,1.0,1,0.37436182988361266,72
4113,1,7902,7902,0,0,0,0,1.0,1.0,1.0,1.0,1.0,1,0.36705147614517425,72
4114,4,7906,7906,0,0,0,0,1.0,1.0,1.0,1.0,1.0,1,0.34360083068105035,72
4115,2,7908,7908,0,0,0,0,1.0,1.0,1.0,1.0,1.0,1,0.3448136886298884,70
4116,1,7909,7909,0,0,0,0,1.0,1.0,1.0,1.0,1.0,1,0.37157099067881494,67
4117,2,7911,7911,0,0,0,0,1.0,1.0,1.0,1.0,1.0,1,0.37234068678675897,67
4118,1,7912,7912,0,0,0,0,1.0,1.0,1.0,1.0,1.0,1,0.3731024441081473,66
4119,2,7914,7914,0,0,0,0,1.0,1.0,1.0,1.0,1.0,1,0.32904728903974384,67
4120,4,7918,7918,0,0,0,0,1.0,1.0,1.0,1.0,1.0,1,0.3686397854587348,64
4121,4,7922,7922,0,0,0,0,1.0,1.0,1.0,1.0,1.0,1,0.36788981201264065,63
4122,2,7924,7924,0,0,0,0,1.0,1.0,1.0,1.0,1.0,1,0.3269869449625802,63
4123,2,7926,7926,0,0,0,0,1.0,1.0,1.0,1.0,1.0,1,0.3501995539795271,61
4124,4,7930,7930,0,0,0,0,1.0,1.0,1.0,1.0,1.0,1,0.3555418857538272,62
4125,5,7935,7935,0,0,0,0,1.0,1.0,1.0,1.0,1.0,1,0.34741001331308413,60
4126,1,7936,7936,0,0,0,0,1.0,1.0,1.0,1.0,1.0,1,0.37043626383081213,59
4127,2,7938,7938,0,0,0,0,1.0,1.0,1.0,1.0,1.0,1,0.37940525241450446,60
4128,2,7940,7940,0,0,0,0,1.0,1.0,1.0,1.0,1.0,1,0.3718265329158031,60
4129,1,7941,7941,0,0,0,0,1.0,1.0,1.0,1.0,1.0,1,0.3754746311294861,60
4130,3,7944,7944,0,0,0,0,1.0,1.0,1.0,1.0,1.0,1,0.3493955728953332,61
4131,1,7945,7945,0,0,0,0,1.0,1.0,1.0,1.0,1.0,1,0.36529068664521785,60
4132,2,7947,7947,0,0,0,0,1.0,1.0,1.0,1.0,1.0,1,0.3554046569953295,60
4133,2,7949,7949,0,0,0,0,1.0,1.0,1.0,1.0,1.0,1,0.33629676304372247,62
4134,2,7951,7951,0,0,0,0,1.0,1.0,1.0,1.0,1.0,1,0.28033950646655087,63
4135,4,7955,7955,0,0,0,0,1.0,1.0,1.0,1.0,1.0,1,0.28275727963095837,65
4136,5,7960,7960,0,0,0,0,1.0,1.0,1.0,1.0,1.0,1,0.29359094306654765,65
4137,2,7962,7962,0,0,0,0,1.0,1.0,1.0,1.0,1.0,1,0.3099136063526666,66
4138,2,7964,7964,0,0,0,0,1.0,1.0,1.0,1.0,1.0,1,0.3330561561060461,67
4139,1,7965,7965,0,0,0,0,1.0,1.0,1.0,1.0,1.0,1,0.35284497155870925,67
4140,3,7968,7968,0,0,0,0,1.0,1.0,1.0,1.0,1.0,1,0.3514928058941171,66
4141,1,7969,7969,0,0,0,0,1.0,1.0,1.0,1.0,1.0,1,0.3502251430170414,67
4142,1,7970,7970,0,0,0,0,1.0,1.0,1.0,1.0,1.0,1,0.35916509754248277,67
4143,2,7972,7972,0,0,0,0,1.0,1.0,1.0,1.0,1.0,1,0.36970405020645103,66
4144,2,7974,7974,0,0,0,0,1.0,1.0,1.0,1.0,1.0,1,0.3988102420103939,64
4145,4,7978,7978,0,0,0,0,1.0,1.0,1.0,1.0,1.0,1,0.3619200911263539,63
4146,4,7982,7982,0,0,0,0,1.0,1.0,1.0,1.0,1.0,1,0.3973908037311503,62
4147,2,7984,7984,0,0,0,0,1.0,1.0,1.0,1.0,1.0,1,0.38253121179799565,60
4148,3,7987,7987,0,0,0,0,1.0,1.0,1.0,1.0,1.0,1,0.32490213010582214,62
4149,0,7987,7987,0,0,0,0,1.0,1.0,1.0,1.0,1.0,1,0.34085864318750464,61
4150,0,7987,7987,0,0,0,0,1.0,1.0,1.0,1.0,1.0,1,0.35225578144053205,60
4151,0,7987,7987,0,0,0,0,1.0,1.0,1.0,1.0,1.0,1,0.357983375619593,60
4152,1,7988,7988,0,0,0,0,1.0,1.0,1.0,1.0,1.0,1,0.35074647602465575,60
4153,0,7988,7988,0,0,0,0,1.0,1.0,1.0,1.0,1.0,1,0.35418722078785925,58
4154,3,7991,7991,0,0,0,0,1.0,1.0,1.0,1.0,1.0,1,0.3130838573093684,57
4155,2,7993,7993,0,0,0,0,1.0,1.0,1.0,1.0,1.0,1,0.3295795384201279,57
4156,3,7996,7996,0,0,0,0,1.0,1.0,1.0,1.0,1.0,1,0.3284227855088102,58
4157,3,7999,7999,0,0,0,0,1.0,1.0,1.0,1.0,1.0,1,0.34322938308499856,57
4158,2,8001,8001,0,0,0,0,1.0,1.0,1.0,1.0,1.0,1,0.3541995283079605,55
4159,1,8002,8002,0,0,0,0,1.0,1.0,1.0,1.0,1.0,1,0.3265101130973599,57
4160,3,8005,8005,0,0,0,0,1.0,1.0,1.0,1.0,1.0,1,0.3652151971772393,58
4161,2,8007,8007,0,0,0,0,1.0,1.0,1.0,1.0,1.0,1,0.361321757616074,58
4162,3,8010,8010,0,0,0,0,1.0,1.0,1.0,1.0,1.0,1,0.36008630916725176,57
4163,2,8012,8012,0,0,0,0,1.0,1.0,1.0,1.0,1.0,1,0.34927618038741676,58
4164,1,8013,8013,0,0,0,0,1.0,1.0,1.0,1.0,1.0,1,0.34345720400981267,56
4165,3,8016,8016,0,0,0,0,1.0,1.0,1.0,1.0,1.0,1,0.3276130682550474,58
4166,0,8016,8016,0,0,0,0,1.0,1.0,1.0,1.0,1.0,1,0.3287523948103571,57
4167,3,8019,8019,0,0,0,0,1.0,1.0,1.0,1.0,1.0,1,0.30211471800625456,57
4168,0,8019,8019,0,0,0,0,1.0,1.0,1.0,1.0,1.0,1,0.2931823888780118,58
4169,2,8021,8021,0,0,0,0,1.0,1.0,1.0,1.0,1.0,1,0.32450168202999585,58
4170,2,8023,8023,0,0,0,0,1.0,1.0,1.0,1.0,1.0,1,0.356497471812126,58
4171,3,8026,8026,0,0,0,0,1.0,1.0,1.0,1.0,1.0,1,0.41403150635217334,57
4172,4,8030,8030,0,0,0,0,1.0,1.0,1.0,1.0,1.0,1,0.4255539248003526,57
4173,4,8034,8034,0,0,0,0,1.0,1.0,1.0,1.0,1.0,1,0.4775515801280554,56
4174,1,8035,8035,0,0,0,0,1.0,1.0,1.0,1.0,1.0,1,0.4544678258270582,56
4175,6,8041,8041,0,0,0,0,1.0,1.0,1.0,1.0,1.0,1,0.47026337275207664,55
4176,4,8045,8045,0,0,0,0,1.0,1.0,1.0,1.0,1.0,1,0.38639736220367144,57
4177,1,8046,8046,0,0,0,0,1.0,1.0,1.0,1.0,1.0,1,0.37209993890028925,58
4178,2,8048,8048,0,0,0,0,1.0,1.0,1.0,1.0,1.0,1,0.3565715596625601,60
4179,0,8048,8048,0,0,0,0,1.0,1.0,1.0,1.0,1.0,1,0.354611950707288,61
4180,1,8049,8049,0,0,0,0,1.0,1.0,1.0,1.0,1.0,1,0.32763099792068695,62
4181,0,8049,8049,0,0,0,0,1.0,1.0,1.0,1.0,1.0,1,0.31821345658941236,63
4182,0,8049,8049,0,0,0,0,1.0,1.0,1.0,1.0,1.0,1,0.31821345658941236,63
4183,2,8051,8051,0,0,0,0,1.0,1.0,1.0,1.0,1.0,1,0.33028151985153953,63
4184,2,8053,8053,0,0,0,0,1.0,1.0,1.0,1.0,1.0,1,0.32224309082370234,63
4185,2,8055,8055,0,0,0,0,1.0,1.0,1.0,1.0,1.0,1,0.2955688382871258,61
4186,3,8058,8058,0,0,0,0,1.0,1.0,1.0,1.0,1.0,1,0.28432925532161996,62
4187,3,8061,8061,0,0,0,0,1.0,1.0,1.0,1.0,1.0,1,0.2751286083140453,60
4188,3,8064,8064,0,0,0,0,1.0,1.0,1.0,1.0,1.0,1,0.2766118199503621,60
4189,4,8068,8068,0,0,0,0,1.0,1.0,1.0,1.0,1.0,1,0.278444011466679,60
4190,0,8068,8068,0,0,0,0,1.0,1.0,1.0,1.0,1.0,1,0.27518678087678605,61
4191,4,8072,8072,0,0,0,0,1.0,1.0,1.0,1.0,1.0,1,0.2942516939321336,59
4192,1,8073,8073,0,0,0,0,1.0,1.0,1.0,1.0,1.0,1,0.2862758656364324,58
4193,1,8074,8074,0,0,0,0,1.0,1.0,1.0,1.0,1.0,1,0.2705213463083997,57
4194,0,8074,8074,0,0,0,0,1.0,1.0,1.0,1.0,1.0,1,0.28476524835711514,54
4195,1,8075,8075,0,0,0,0,1.0,1.0,1.0,1.0,1.0,1,0.28550049358846474,55
4196,1,8076,8076,0,0,0,0,1.0,1.0,1.0,1.0,1.0,1,0.2756080023516354,56
4197,1,8077,8077,0,0,0,0,1.0,1.0,1.0,1.0,1.0,1,0.26628294758600535,55
4198,0,8077,8077,0,0,0,0,1.0,1.0,1.0,1.0,1.0,1,0.28246458705683974,56
4199,1,8078,8078,0,0,0,0,1.0,1.0,1.0,1.0,1.0,1,0.27688067785265197,55
4200,0,8078,8078,0,0,0,0,1.0,1.0,1.0,1.0,1.0,1,0.27688738037366534,55
4201,2,8080,8080,0,0,0,0,1.0,1.0,1.0,1.0,1.0,1,0.27942501823177307,56
4202,2,8082,8082,0,0,0,0,1.0,1.0,1.0,1.0,1.0,1,0.2753117644571868,56
4203,8,8090,8090,0,0,0,0,1.0,1.0,1.0,1.0,1.0,1,0.2664505880358407,57
4204,3,8093,8093,0,0,0,0,1.0,1.0,1.0,1.0,1.0,1,0.27885259614490554,57
4205,4,8097,8097,0,0,0,0,1.0,1.0,1.0,1.0,1.0,1,0.34068436149940473,58
4206,6,8103,8103,0,0,0,0,1.0,1.0,1.0,1.0,1.0,1,0.34515642903437405,58
4207,3,8106,8106,0,0,0,0,1.0,1.0,1.0,1.0,1.0,1,0.39173079268483507,58
4208,3,8109,8109,0,0,0,0,1.0,1.0,1.0,1.0,1.0,1,0.41995256555582616,60
4209,1,8110,8110,0,0,0,0,1.0,1.0,1.0,1.0,1.0,1,0.39466669150563005,61
4210,0,8110,8110,0,0,0,0,1.0,1.0,1.0,1.0,1.0,1,0.3915676698359287,62
4211,1,8111,8111,0,0,0,0,1.0,1.0,1.0,1.0,1.0,1,0.36339662990472144,63
4212,0,8111,8111,0,0,0,0,1.0,1.0,1.0,1.0,1.0,1,0.36135902287937455,64
4213,1,8112,8112,0,0,0,0,1.0,1.0,1.0,1.0,1.0,1,0.35036485546297413,65
4214,1,8113,8113,0,0,0,0,1.0,1.0,1.0,1.0,1.0,1,0.3346475529770983,65
4215,0,8113,8113,0,0,0,0,1.0,1.0,1.0,1.0,1.0,1,0.3346475529770983,65
4216,1,8114,8114,0,0,0,0,1.0,1.0,1.0,1.0,1.0,1,0.33071668112743635,64
4217,3,8117,8117,0,0,0,0,1.0,1.0,1.0,1.0,1.0,1,0.3299393305903778,65
4218,1,8118,8118,0,0,0,0,1.0,1.0,1.0,1.0,1.0,1,0.3496345988636966,65
4219,2,8120,8120,0,0,0,0,1.0,1.0,1.0,1.0,1.0,1,0.3650028904690508,65
4220,0,8120,8120,0,0,0,0,1.0,1.0,1.0,1.0,1.0,1,0.3650028904690508,65
4221,1,8121,8121,0,0,0,0,1.0,1.0,1.0,1.0,1.0,1,0.34227823502487414,67
4222,1,8122,8122,0,0,0,0,1.0,1.0,1.0,1.0,1.0,1,0.35362416864564467,68
4223,0,8122,8122,0,0,0,0,1.0,1.0,1.0,1.0,1.0,1,0.3596129413562737,68
4224,1,8123,8123,0,0,0,0,1.0,1.0,1.0,1.0,1.0,1,0.36943330763190746,68
4225,1,8124,8124,0,0,0,0,1.0,1.0,1.0,1.0,1.0,1,0.36455830319888777,66
4226,0,8124,8124,0,0,0,0,1.0,1.0,1.0,1.0,1.0,1,0.3641290596357665,66
4227,0,8124,8124,0,0,0,0,1.0,1.0,1.0,1.0,1.0,1,0.3641290596357665,66
4228,0,8124,8124,0,0,0,0,1.0,1.0,1.0,1.0,1.0,1,0.3663961193030118,65
4229,0,8124,8124,0,0,0,0,1.0,1.0,1.0,1.0,1.0,1,0.35982459872569106,65
4230,1,8125,8125,0,0,0,0,1.0,1.0,1.0,1.0,1.0,1,0.35051675456796966,64
4231,1,8126,8126,0,0,0,0,1.0,1.0,1.0,1.0,1.0,1,0.328160454376967,64
4232,2,8128,8128,0,0,0,0,1.0,1.0,1.0,1.0,1.0,1,0.3318948849893188,65
4233,3,8131,8131,0,0,0,0,1.0,1.0,1.0,1.0,1.0,1,0.3236730188385125,64
4234,1,8132,8132,0,0,0,0,1.0,1.0,1.0,1.0,1.0,1,0.29885142097176953,63
4235,2,8134,8134,0,0,0,0,1.0,1.0,1.0,1.0,1.0,1,0.32393599619337426,63
4236,0,8134,8134,0,0,0,0,1.0,1.0,1.0,1.0,1.0,1,0.32393599619337426,63
4237,7,8141,8141,0,0,0,0,1.0,1.0,1.0,1.0,1.0,1,0.37512354075920445,65
4238,2,8143,8143,0,0,0,0,1.0,1.0,1.0,1.0,1.0,1,0.38276786155913456,65
4239,4,8147,8147,0,0,0,0,0.9896392945288749,0.9839655748661161,0.9896392945288749,0.9839655748661161,1.0,1,0.39893800496545495,65
4240,0,8147,8147,0,0,0,0,0.9897962749148013,0.9839655748661161,0.9897962749148013,0.9839655748661161,1.0,1,0.39149005678403864,66
4241,1,8148,8148,0,0,0,0,0.975422155159743,0.9622758660591405,0.975422155159743,0.9622758660591405,1.0,1,0.4082196841151804,66
4242,0,8148,8148,0,0,0,0,0.9764907571093197,0.9622758660591405,0.9764907571093197,0.9622758660591405,1.0,1,0.3720010495562101,69
4243,2,8150,8150,0,0,0,0,0.9474437275602118,0.9170778812616676,0.9474437275602118,0.9170778812616676,1.0,1,0.3727954519013944,71
4244,0,8150,8150,0,0,0,0,0.9474437275602118,0.9170778812616676,0.9474437275602118,0.9170778812616676,1.0,1,0.3727954519013944,71
4245,3,8153,8153,0,0,0,0,0.9225797172797554,0.8797514757749391,0.9225797172797554,0.8797514757749391,1.0,1,0.3865389148096569,73
4246,1,8154,8154,0,0,0,0,0.9236259373165152,0.8797514757749391,0.9236259373165152,0.8797514757749391,1.0,1,0.3880781583599368,74
4247,1,8155,8155,0,0,0,0,0.9236259373165154,0.8797514757749391,0.9236259373165154,0.8797514757749391,1.0,1,0.3954570886319515,74
4248,2,8157,8157,0,0,0,0,0.9236259373165154,0.8797514757749391,0.9236259373165154,0.8797514757749391,1.0,1,0.3767843417677396,74
4249,2,8159,8159,0,0,0,0,0.9232955955531166,0.8792313632112899,0.9232955955531166,0.8792313632112899,1.0,1,0.3789269497686678,74
4250,4,8163,8163,0,0,0,0,0.9407024272330423,0.9046082525053287,0.9407024272330423,0.9046082525053287,1.0,1,0.348499004980924,74
4251,2,8165,8165,0,0,0,0,0.9456335974687509,0.9113591263077461,0.9456335974687509,0.9113591263077461,1.0,1,0.33870276122078014,75
4252,3,8168,8168,0,0,0,0,0.9517898663627363,0.921396521243592,0.9517898663627363,0.921396521243592,1.0,1,0.3584106222140203,75
4253,3,8171,8171,0,0,0,0,0.9205059245075135,0.8741343804702295,0.9205059245075135,0.8741343804702295,1.0,1,0.3576643808931309,76
4254,3,8174,8174,0,0,0,0,0.9435311972375741,0.9079312998438708,0.9435311972375741,0.9079312998438708,1.0,1,0.37289325735360035,75
4255,2,8176,8176,0,0,0,0,0.9450197175689293,0.9091630116356224,0.9450197175689293,0.9091630116356224,1.0,1,0.36614644882952624,76
4256,3,8179,8179,0,0,0,0,0.9594162761994124,0.929654878745648,0.9594162761994124,0.929654878745648,1.0,1,0.33885686095330775,78
4257,1,8180,8180,0,0,0,0,0.9720904803275378,0.9505240333079078,0.9720904803275378,0.9505240333079078,1.0,1,0.3377234281941022,78
4258,2,8182,8182,0,0,0,0,0.9824430872119679,0.9685608771005007,0.9824430872119679,0.9685608771005007,1.0,1,0.3217388493245349,77
4259,1,8183,8183,0,0,0,0,0.9826681758374556,0.9685608771005007,0.9826681758374556,0.9685608771005007,1.0,1,0.30908681025591317,78
4260,1,8184,8184,0,0,0,0,0.9710316692153392,0.9493054211268438,0.9710316692153392,0.9493054211268438,1.0,1,0.3293479302999348,77
4261,2,8186,8186,0,0,0,0,0.9706505069681727,0.9493054211268438,0.9706505069681727,0.9493054211268438,1.0,1,0.3481109021579609,76
4262,1,8187,8187,0,0,0,0,0.9547807826256873,0.924634637709479,0.9547807826256873,0.924634637709479,1.0,1,0.37577152561894994,75
4263,3,8190,8190,0,0,0,0,1.0,1.0,1.0,1.0,1.0,1,0.34271651187681407,74
4264,2,8192,8192,0,0,0,0,0.9939343805161239,0.9893129561474565,0.9939343805161239,0.9893129561474565,1.0,1,0.3897335045641427,74
4265,3,8195,8195,0,0,0,0,1.0,1.0,1.0,1.0,1.0,1,0.3567246505861589,73
4266,2,8197,8197,0,0,0,0,1.0,1.0,1.0,1.0,1.0,1,0.38459915110500287,71
4267,1,8198,8198,0,0,0,0,1.0,1.0,1.0,1.0,1.0,1,0.3798304111548251,69
4268,4,8202,8202,0,0,0,0,1.0,1.0,1.0,1.0,1.0,1,0.3891176572480342,67
4269,0,8202,8202,0,0,0,0,1.0,1.0,1.0,1.0,1.0,1,0.40756463953937827,64
4270,2,8204,8204,0,0,0,0,1.0,1.0,1.0,1.0,1.0,1,0.41185128006616795,63
4271,2,8206,8206,0,0,0,0,1.0,1.0,1.0,1.0,1.0,1,0.42267179597587395,63
4272,2,8208,8208,0,0,0,0,1.0,1.0,1.0,1.0,1.0,1,0.42448367650086044,62
4273,0,8208,8208,0,0,0,0,1.0,1.0,1.0,1.0,1.0,1,0.42448367650086044,62
4274,4,8212,8212,0,0,0,0,0.9737587579706578,0.9621637905623439,0.9737587579706578,0.9621637905623439,1.0,1,0.45548991203250744,62
4275,1,8213,8213,0,0,0,0,0.9924063752064904,0.9889711639903789,0.9924063752064904,0.9889711639903789,1.0,1,0.47312382901347677,61
4276,1,8214,8214,0,0,0,0,0.9925288530257405,0.9889711639903789,0.9925288530257405,0.9889711639903789,1.0,1,0.4470124173261006,62
4277,1,8215,8215,0,0,0,0,0.9905968367672885,0.9858952551509328,0.9905968367672885,0.9858952551509328,1.0,1,0.4431600168974592,63
4278,3,8218,8218,0,0,0,0,0.9795983615146764,0.9696347706264951,0.9795983615146764,0.9696347706264951,1.0,1,0.46850171373901317,64
4279,4,8222,8222,0,0,0,0,0.9629260491152898,0.9452316634657689,0.9629260491152898,0.9452316634657689,1.0,1,0.43983161830890466,65
4280,3,8225,8225,0,0,0,0,0.9753773723717962,0.9627797489341104,0.9753773723717962,0.9627797489341104,1.0,1,0.4576395600681987,65
4281,1,8226,8226,0,0,0,0,0.9753773723717961,0.9627797489341104,0.9753773723717961,0.9627797489341104,1.0,1,0.45068449217339107,65
4282,5,8231,8231,0,0,0,0,0.9994409756008353,0.999121533087027,0.9994409756008353,0.999121533087027,1.0,1,0.4273643940162074,66
4283,2,8233,8233,0,0,0,0,0.9804625925419065,0.9700123513433915,0.9804625925419065,0.9700123513433915,1.0,1,0.453643497336988,66
4284,7,8240,8240,0,0,0,0,0.9910943434674584,0.9860053968774349,0.9910943434674584,0.9860053968774349,1.0,1,0.44966699127371823,66
4285,1,8241,8241,0,0,0,0,1.0,1.0,1.0,1.0,1.0,1,0.43350333786189305,67
4286,3,8244,8244,0,0,0,0,1.0,1.0,1.0,1.0,1.0,1,0.4314251266711955,67
4287,2,8246,8246,0,0,0,0,1.0,1.0,1.0,1.0,1.0,1,0.43794090815167036,67
4288,2,8248,8248,0,0,0,0,1.0,1.0,1.0,1.0,1.0,1,0.40854672071123405,68
4289,0,8248,8248,0,0,0,0,1.0,1.0,1.0,1.0,1.0,1,0.40576460646013496,68
4290,2,8250,8250,0,0,0,0,1.0,1.0,1.0,1.0,1.0,1,0.41145527897007517,70
4291,1,8251,8251,0,0,0,0,1.0,1.0,1.0,1.0,1.0,1,0.3972799779515171,71
4292,2,8253,8253,0,0,0,0,1.0,1.0,1.0,1.0,1.0,1,0.42764071435212003,71
4293,1,8254,8254,0,0,0,0,1.0,1.0,1.0,1.0,1.0,1,0.43581275830093963,71
4294,1,8255,8255,0,0,0,0,1.0,1.0,1.0,1.0,1.0,1,0.4240942219021009,71
4295,0,8255,8255,0,0,0,0,1.0,1.0,1.0,1.0,1.0,1,0.4134013742823453,72
4296,2,8257,8257,0,0,0,0,1.0,1.0,1.0,1.0,1.0,1,0.40461146590852576,73
4297,1,8258,8258,0,0,0,0,1.0,1.0,1.0,1.0,1.0,1,0.4166813055475272,73
4298,0,8258,8258,0,0,0,0,0.9934035712658579,0.9883777208017495,0.9934035712658579,0.9883777208017495,1.0,1,0.4187334804527384,74
4299,3,8261,8261,0,0,0,0,0.9723301268611514,0.9528354435133264,0.9723301268611514,0.9528354435133264,1.0,1,0.39473310344190415,75
4300,0,8261,8261,0,0,0,0,0.9723301268611514,0.9528354435133264,0.9723301268611514,0.9528354435133264,1.0,1,0.39473310344190415,75
4301,0,8261,8261,0,0,0,0,0.9726942041392942,0.9528354435133264,0.9726942041392942,0.9528354435133264,1.0,1,0.3884969210827285,76
4302,1,8262,8262,0,0,0,0,0.9726942041392942,0.9528354435133264,0.9726942041392942,0.9528354435133264,1.0,1,0.3804323207298494,76
4303,0,8262,8262,0,0,0,0,0.9723301268611514,0.9528354435133264,0.9723301268611514,0.9528354435133264,1.0,1,0.393487251327857,75
4304,2,8264,8264,0,0,0,0,0.9872040128557394,0.9776814177716385,0.9872040128557394,0.9776814177716385,1.0,1,0.383897469014264,75
4305,5,8269,8269,0,0,0,0,0.9649176344010698,0.943088606917291,0.9649176344010698,0.943088606917291,1.0,1,0.4069303466513381,73
4306,4,8273,8273,0,0,0,0,1.0,1.0,1.0,1.0,1.0,1,0.3648758144745425,74
4307,3,8276,8276,0,0,0,0,1.0,1.0,1.0,1.0,1.0,1,0.34467768279663796,73
4308,2,8278,8278,0,0,0,0,0.992554719679111,0.9877066301678343,0.992554719679111,0.9877066301678343,1.0,1,0.38248286614923205,71
4309,3,8281,8281,0,0,0,0,1.0,1.0,1.0,1.0,1.0,1,0.3938527115876156,70
4310,1,8282,8282,0,0,0,0,1.0,1.0,1.0,1.0,1.0,1,0.40642991055852157,69
4311,7,8289,8289,0,0,0,0,0.9969287202079876,0.9950716673104919,0.9969287202079876,0.9950716673104919,1.0,1,0.43333778320283484,69
4312,2,8291,8291,0,0,0,0,0.9958524655769081,0.9936340169319985,0.9958524655769081,0.9936340169319985,1.0,1,0.4786562288058693,66
4313,8,8299,8299,0,0,0,0,1.0,1.0,1.0,1.0,1.0,1,0.4518918130906428,64
4314,3,8302,8302,0,0,0,0,1.0,1.0,1.0,1.0,1.0,1,0.45631451865182177,61
4315,3,8305,8305,0,0,0,0,1.0,1.0,1.0,1.0,1.0,1,0.4307647714191538,61
4316,1,8306,8306,0,0,0,0,1.0,1.0,1.0,1.0,1.0,1,0.40879793908725137,60
4317,3,8309,8309,0,0,0,0,1.0,1.0,1.0,1.0,1.0,1,0.41700502005354134,62
4318,0,8309,8309,0,0,0,0,1.0,1.0,1.0,1.0,1.0,1,0.44159641121415066,59
4319,2,8311,8311,0,0,0,0,1.0,1.0,1.0,1.0,1.0,1,0.4501205294228247,60
4320,2,8313,8313,0,0,0,0,1.0,1.0,1.0,1.0,1.0,1,0.43953222719976853,60
4321,0,8313,8313,0,0,0,0,1.0,1.0,1.0,1.0,1.0,1,0.4356557351117744,61
4322,1,8314,8314,0,0,0,0,1.0,1.0,1.0,1.0,1.0,1,0.44698732044678585,61
4323,3,8317,8317,0,0,0,0,1.0,1.0,1.0,1.0,1.0,1,0.42023983217933925,61
4324,0,8317,8317,0,0,0,0,1.0,1.0,1.0,1.0,1.0,1,0.44056818897804567,60
4325,4,8321,8321,0,0,0,0,1.0,1.0,1.0,1.0,1.0,1,0.39628954860575766,60
4326,2,8323,8323,0,0,0,0,1.0,1.0,1.0,1.0,1.0,1,0.36312220793837613,61
4327,1,8324,8324,0,0,0,0,1.0,1.0,1.0,1.0,1.0,1,0.3446495419329728,62
4328,1,8325,8325,0,0,0,0,1.0,1.0,1.0,1.0,1.0,1,0.3502411223993793,62
4329,1,8326,8326,0,0,0,0,1.0,1.0,1.0,1.0,1.0,1,0.30208243870443824,65
4330,3,8329,8329,0,0,0,0,1.0,1.0,1.0,1.0,1.0,1,0.3457919172702916,65
4331,1,8330,8330,0,0,0,0,1.0,1.0,1.0,1.0,1.0,1,0.33064279937235663,65
4332,2,8332,8332,0,0,0,0,1.0,1.0,1.0,1.0,1.0,1,0.3275006499200122,66
4333,1,8333,8333,0,0,0,0,1.0,1.0,1.0,1.0,1.0,1,0.3093525094422623,66
4334,2,8335,8335,0,0,0,0,1.0,1.0,1.0,1.0,1.0,1,0.28393357950750214,66
4335,2,8337,8337,0,0,0,0,1.0,1.0,1.0,1.0,1.0,1,0.30863568486871457,65
4336,1,8338,8338,0,0,0,0,1.0,1.0,1.0,1.0,1.0,1,0.2921241730297098,67
4337,1,8339,8339,0,0,0,0,1.0,1.0,1.0,1.0,1.0,1,0.2958063994707075,69
4338,1,8340,8340,0,0,0,0,1.0,1.0,1.0,1.0,1.0,1,0.30512919637443986,70
4339,6,8346,8346,0,0,0,0,1.0,1.0,1.0,1.0,1.0,1,0.31896110494000257,70
4340,2,8348,8348,0,0,0,0,1.0,1.0,1.0,1.0,1.0,1,0.3005830633636148,71
4341,4,8352,8352,0,0,0,0,1.0,1.0,1.0,1.0,1.0,1,0.35517461659928856,70
4342,2,8354,8354,0,0,0,0,1.0,1.0,1.0,1.0,1.0,1,0.35949684290714873,71
4343,5,8359,8359,0,0,0,0,1.0,1.0,1.0,1.0,1.0,1,0.3800180475692798,67
4344,4,8363,8363,0,0,0,0,1.0,1.0,1.0,1.0,1.0,1,0.3795790377458041,67
4345,4,8367,8367,0,0,0,0,1.0,1.0,1.0,1.0,1.0,1,0.39077921355614026,64
4346,4,8371,8371,0,0,0,0,1.0,1.0,1.0,1.0,1.0,1,0.39355597453415114,64
4347,2,8373,8373,0,0,0,0,1.0,1.0,1.0,1.0,1.0,1,0.41011907223276745,62
4348,2,8375,8375,0,0,0,0,1.0,1.0,1.0,1.0,1.0,1,0.4065791812352425,62
4349,2,8377,8377,0,0,0,0,1.0,1.0,1.0,1.0,1.0,1,0.41168035269237857,61
4350,1,8378,8378,0,0,0,0,1.0,1.0,1.0,1.0,1.0,1,0.4287735739649634,60
4351,0,8378,8378,0,0,0,0,1.0,1.0,1.0,1.0,1.0,1,0.42220439111807456,60
4352,0,8378,8378,0,0,0,0,1.0,1.0,1.0,1.0,1.0,1,0.4551144132001363,57
4353,4,8382,8382,0,0,0,0,1.0,1.0,1.0,1.0,1.0,1,0.42068876106201764,55
4354,0,8382,8382,0,0,0,0,1.0,1.0,1.0,1.0,1.0,1,0.4128169657139708,55
4355,3,8385,8385,0,0,0,0,1.0,1.0,1.0,1.0,1.0,1,0.40640815437719413,53
4356,1,8386,8386,0,0,0,0,1.0,1.0,1.0,1.0,1.0,1,0.35969612524680394,55
4357,3,8389,8389,0,0,0,0,1.0,1.0,1.0,1.0,1.0,1,0.30611603544328825,55
4358,1,8390,8390,0,0,0,0,1.0,1.0,1.0,1.0,1.0,1,0.28348963321112747,55
4359,1,8391,8391,0,0,0,0,1.0,1.0,1.0,1.0,1.0,1,0.3147401569230463,54
4360,2,8393,8393,0,0,0,0,1.0,1.0,1.0,1.0,1.0,1,0.2979262928391575,55
4361,5,8398,8398,0,0,0,0,1.0,1.0,1.0,1.0,1.0,1,0.3551192992411399,54
4362,1,8399,8399,0,0,0,0,1.0,1.0,1.0,1.0,1.0,1,0.329411793863985,55
4363,3,8402,8402,0,0,0,0,1.0,1.0,1.0,1.0,1.0,1,0.296657194214048,55
4364,2,8404,8404,0,0,0,0,1.0,1.0,1.0,1.0,1.0,1,0.29326201888950354,55
4365,1,8405,8405,0,0,0,0,1.0,1.0,1.0,1.0,1.0,1,0.2889366691739965,54
4366,3,8408,8408,0,0,0,0,1.0,1.0,1.0,1.0,1.0,1,0.28585688871784537,54
4367,2,8410,8410,0,0,0,0,1.0,1.0,1.0,1.0,1.0,1,0.25391225768954223,57
4368,0,8410,8410,0,0,0,0,1.0,1.0,1.0,1.0,1.0,1,0.286660249904117,57
4369,2,8412,8412,0,0,0,0,1.0,1.0,1.0,1.0,1.0,1,0.28705749048360835,58
4370,1,8413,8413,0,0,0,0,1.0,1.0,1.0,1.0,1.0,1,0.28830511539418685,59
4371,1,8414,8414,0,0,0,0,1.0,1.0,1.0,1.0,1.0,1,0.26972313041368734,60
4372,1,8415,8415,0,0,0,0,1.0,1.0,1.0,1.0,1.0,1,0.29235718156918317,60
4373,4,8419,8419,0,0,0,0,1.0,1.0,1.0,1.0,1.0,1,0.3345673173674022,60
4374,1,8420,8420,0,0,0,0,1.0,1.0,1.0,1.0,1.0,1,0.3716685430911506,59
4375,6,8426,8426,0,0,0,0,1.0,1.0,1.0,1.0,1.0,1,0.42109897871754903,60
4376,0,8426,8426,0,0,0,0,1.0,1.0,1.0,1.0,1.0,1,0.44127633978985004,60
4377,2,8428,8428,0,0,0,0,1.0,1.0,1.0,1.0,1.0,1,0.4693410807660709,61
4378,1,8429,8429,0,0,0,0,1.0,1.0,1.0,1.0,1.0,1,0.4156917688196013,64
4379,1,8430,8430,0,0,0,0,1.0,1.0,1.0,1.0,1.0,1,0.43183343364022586,64
4380,0,8430,8430,0,0,0,0,1.0,1.0,1.0,1.0,1.0,1,0.4295778418510346,65
4381,1,8431,8431,0,0,0,0,1.0,1.0,1.0,1.0,1.0,1,0.461934797160705,64
4382,0,8431,8431,0,0,0,0,1.0,1.0,1.0,1.0,1.0,1,0.48126207166628204,64
4383,4,8435,8435,0,0,0,0,1.0,1.0,1.0,1.0,1.0,1,0.4584920721276725,64
4384,0,8435,8435,0,0,0,0,1.0,1.0,1.0,1.0,1.0,1,0.49372404293155664,60
4385,2,8437,8437,0,0,0,0,1.0,1.0,1.0,1.0,1.0,1,0.4852191485707484,58
4386,2,8439,8439,0,0,0,0,1.0,1.0,1.0,1.0,1.0,1,0.44751133416974315,58
4387,4,8443,8443,0,0,0,0,1.0,1.0,1.0,1.0,1.0,1,0.4091703738648803,55
4388,0,8443,8443,0,0,0,0,1.0,1.0,1.0,1.0,1.0,1,0.41497771679992224,56
4389,1,8444,8444,0,0,0,0,1.0,1.0,1.0,1.0,1.0,1,0.38883359321014604,55
4390,0,8444,8444,0,0,0,0,1.0,1.0,1.0,1.0,1.0,1,0.38883359321014604,55
4391,1,8445,8445,0,0,0,0,1.0,1.0,1.0,1.0,1.0,1,0.36476405390607025,56
4392,2,8447,8447,0,0,0,0,1.0,1.0,1.0,1.0,1.0,1,0.42456009107380605,56
4393,0,8447,8447,0,0,0,0,1.0,1.0,1.0,1.0,1.0,1,0.43939858366703033,55
4394,4,8451,8451,0,0,0,0,1.0,1.0,1.0,1.0,1.0,1,0.40830285111963494,53
4395,0,8451,8451,0,0,0,0,1.0,1.0,1.0,1.0,1.0,1,0.40830285111963494,53
4396,2,8453,8453,0,0,0,0,1.0,1.0,1.0,1.0,1.0,1,0.3890313021231502,53
4397,1,8454,8454,0,0,0,0,1.0,1.0,1.0,1.0,1.0,1,0.40065229602957536,50
4398,1,8455,8455,0,0,0,0,1.0,1.0,1.0,1.0,1.0,1,0.40843917141725217,50
4399,0,8455,8455,0,0,0,0,1.0,1.0,1.0,1.0,1.0,1,0.40169174006616903,52
4400,3,8458,8458,0,0,0,0,1.0,1.0,1.0,1.0,1.0,1,0.40185762721333046,55
4401,0,8458,8458,0,0,0,0,1.0,1.0,1.0,1.0,1.0,1,0.3820005042147193,56
4402,1,8459,8459,0,0,0,0,1.0,1.0,1.0,1.0,1.0,1,0.3689576707700553,56
4403,1,8460,8460,0,0,0,0,1.0,1.0,1.0,1.0,1.0,1,0.33482141620194583,57
4404,2,8462,8462,0,0,0,0,1.0,1.0,1.0,1.0,1.0,1,0.34077187850408003,57
4405,1,8463,8463,0,0,0,0,1.0,1.0,1.0,1.0,1.0,1,0.3527873758600923,58
4406,1,8464,8464,0,0,0,0,1.0,1.0,1.0,1.0,1.0,1,0.33563729826078725,58
4407,4,8468,8468,0,0,0,0,1.0,1.0,1.0,1.0,1.0,1,0.3883845072881459,58
4408,2,8470,8470,0,0,0,0,1.0,1.0,1.0,1.0,1.0,1,0.37328500851464885,59
4409,2,8472,8472,0,0,0,0,1.0,1.0,1.0,1.0,1.0,1,0.41456603730702296,59
4410,2,8474,8474,0,0,0,0,1.0,1.0,1.0,1.0,1.0,1,0.4476757321625186,59
4411,1,8475,8475,0,0,0,0,1.0,1.0,1.0,1.0,1.0,1,0.40053710419720245,62
4412,1,8476,8476,0,0,0,0,1.0,1.0,1.0,1.0,1.0,1,0.37951439807460036,63
4413,1,8477,8477,0,0,0,0,1.0,1.0,1.0,1.0,1.0,1,0.37371461962517666,63
4414,1,8478,8478,0,0,0,0,1.0,1.0,1.0,1.0,1.0,1,0.3831138017198794,64
4415,3,8481,8481,0,0,0,0,1.0,1.0,1.0,1.0,1.0,1,0.352110470676211,64
4416,2,8483,8483,0,0,0,0,1.0,1.0,1.0,1.0,1.0,1,0.36030541589887316,64
4417,2,8485,8485,0,0,0,0,1.0,1.0,1.0,1.0,1.0,1,0.3492520007972469,65
4418,1,8486,8486,0,0,0,0,1.0,1.0,1.0,1.0,1.0,1,0.33905346678469295,65
4419,0,8486,8486,0,0,0,0,1.0,1.0,1.0,1.0,1.0,1,0.40614378168757415,62
4420,1,8487,8487,0,0,0,0,1.0,1.0,1.0,1.0,1.0,1,0.40149608796595593,62
4421,2,8489,8489,0,0,0,0,1.0,1.0,1.0,1.0,1.0,1,0.3791883319064855,65
4422,0,8489,8489,0,0,0,0,1.0,1.0,1.0,1.0,1.0,1,0.3977448227733681,64
4423,2,8491,8491,0,0,0,0,1.0,1.0,1.0,1.0,1.0,1,0.427011639314493,63
4424,2,8493,8493,0,0,0,0,1.0,1.0,1.0,1.0,1.0,1,0.4364402989365567,63
4425,4,8497,8497,0,0,0,0,1.0,1.0,1.0,1.0,1.0,1,0.4150777538289571,63
4426,2,8499,8499,0,0,0,0,1.0,1.0,1.0,1.0,1.0,1,0.4064113088841161,63
4427,4,8503,8503,0,0,0,0,1.0,1.0,1.0,1.0,1.0,1,0.35835040859206363,62
4428,3,8506,8506,0,0,0,0,1.0,1.0,1.0,1.0,1.0,1,0.37537625709554834,61
4429,3,8509,8509,0,0,0,0,1.0,1.0,1.0,1.0,1.0,1,0.3368478339856797,62
4430,3,8512,8512,0,0,0,0,1.0,1.0,1.0,1.0,1.0,1,0.37287885192578346,60
4431,5,8517,8517,0,0,0,0,1.0,1.0,1.0,1.0,1.0,1,0.3324353677747337,59
4432,4,8521,8521,0,0,0,0,1.0,1.0,1.0,1.0,1.0,1,0.3164634158655159,60
4433,2,8523,8523,0,0,0,0,1.0,1.0,1.0,1.0,1.0,1,0.25880250159203905,61
4434,3,8526,8526,0,0,0,0,1.0,1.0,1.0,1.0,1.0,1,0.2569135601685947,61
4435,3,8529,8529,0,0,0,0,1.0,1.0,1.0,1.0,1.0,1,0.23448166251201272,61
4436,2,8531,8531,0,0,0,0,1.0,1.0,1.0,1.0,1.0,1,0.22076000653409353,61
4437,3,8534,8534,0,0,0,0,1.0,1.0,1.0,1.0,1.0,1,0.20924218320780658,61
4438,0,8534,8534,0,0,0,0,1.0,1.0,1.0,1.0,1.0,1,0.20322636789023685,62
4439,4,8538,8538,0,0,0,0,1.0,1.0,1.0,1.0,1.0,1,0.2430880629737784,63
4440,1,8539,8539,0,0,0,0,1.0,1.0,1.0,1.0,1.0,1,0.24565619460700872,64
4441,4,8543,8543,0,0,0,0,1.0,1.0,1.0,1.0,1.0,1,0.2698156242891736,64
4442,5,8548,8548,0,0,0,0,1.0,1.0,1.0,1.0,1.0,1,0.2712916611168373,67
4443,4,8552,8552,0,0,0,0,1.0,1.0,1.0,1.0,1.0,1,0.28747983412139994,68
4444,3,8555,8555,0,0,0,0,1.0,1.0,1.0,1.0,1.0,1,0.30221021375920915,69
4445,3,8558,8558,0,0,0,0,1.0,1.0,1.0,1.0,1.0,1,0.28379511268131896,71
4446,1,8559,8559,0,0,0,0,1.0,1.0,1.0,1.0,1.0,1,0.3003162572364694,71
4447,4,8563,8563,0,0,0,0,1.0,1.0,1.0,1.0,1.0,1,0.2899120206057559,72
4448,3,8566,8566,0,0,0,0,1.0,1.0,1.0,1.0,1.0,1,0.3445210943328543,71
4449,1,8567,8567,0,0,0,0,1.0,1.0,1.0,1.0,1.0,1,0.3275547132466877,70
4450,0,8567,8567,0,0,0,0,1.0,1.0,1.0,1.0,1.0,1,0.3401326558814421,69
4451,1,8568,8568,0,0,0,0,1.0,1.0,1.0,1.0,1.0,1,0.31951023014451874,69
4452,2,8570,8570,0,0,0,0,1.0,1.0,1.0,1.0,1.0,1,0.27776521724176445,70
4453,2,8572,8572,0,0,0,0,1.0,1.0,1.0,1.0,1.0,1,0.28420700066618176,70
4454,6,8578,8578,0,0,0,0,1.0,1.0,1.0,1.0,1.0,1,0.2630714762600628,71
4455,2,8580,8580,0,0,0,0,1.0,1.0,1.0,1.0,1.0,1,0.2728625972250838,71
4456,6,8586,8586,0,0,0,0,1.0,1.0,1.0,1.0,1.0,1,0.23541150515107628,71
4457,4,8590,8590,0,0,0,0,1.0,1.0,1.0,1.0,1.0,1,0.231330558497169,69
4458,7,8597,8597,0,0,0,0,1.0,1.0,1.0,1.0,1.0,1,0.20280698083936674,70
4459,1,8598,8598,0,0,0,0,1.0,1.0,1.0,1.0,1.0,1,0.22915600189360408,68
4460,3,8601,8601,0,0,0,0,1.0,1.0,1.0,1.0,1.0,1,0.22454808498779974,68
4461,0,8601,8601,0,0,0,0,1.0,1.0,1.0,1.0,1.0,1,0.22962732672591712,67
4462,2,8603,8603,0,0,0,0,1.0,1.0,1.0,1.0,1.0,1,0.21337706460477512,66
4463,0,8603,8603,0,0,0,0,1.0,1.0,1.0,1.0,1.0,1,0.22317607599949274,65
4464,2,8605,8605,0,0,0,0,1.0,1.0,1.0,1.0,1.0,1,0.21113801578485164,62
4465,2,8607,8607,0,0,0,0,1.0,1.0,1.0,1.0,1.0,1,0.20646250046787493,61
4466,3,8610,8610,0,0,0,0,1.0,1.0,1.0,1.0,1.0,1,0.21794364928844845,60
4467,3,8613,8613,0,0,0,0,1.0,1.0,1.0,1.0,1.0,1,0.2149743498734901,58
4468,0,8613,8613,0,0,0,0,1.0,1.0,1.0,1.0,1.0,1,0.21427558943339003,57
4469,3,8616,8616,0,0,0,0,1.0,1.0,1.0,1.0,1.0,1,0.21155203611440965,56
4470,1,8617,8617,0,0,0,0,1.0,1.0,1.0,1.0,1.0,1,0.2250840354145894,55
4471,2,8619,8619,0,0,0,0,1.0,1.0,1.0,1.0,1.0,1,0.23217094298986982,55
4472,2,8621,8621,0,0,0,0,1.0,1.0,1.0,1.0,1.0,1,0.2530344013535652,55
4473,4,8625,8625,0,0,0,0,1.0,1.0,1.0,1.0,1.0,1,0.25402261528702763,55
4474,2,8627,8627,0,0,0,0,1.0,1.0,1.0,1.0,1.0,1,0.27672068065005956,55
4475,6,8633,8633,0,0,0,0,1.0,1.0,1.0,1.0,1.0,1,0.24310921320025097,56
4476,4,8637,8637,0,0,0,0,1.0,1.0,1.0,1.0,1.0,1,0.23031258763546567,56
4477,4,8641,8641,0,0,0,0,1.0,1.0,1.0,1.0,1.0,1,0.27205220693019244,57
4478,1,8642,8642,0,0,0,0,1.0,1.0,1.0,1.0,1.0,1,0.2979317493041492,55
4479,3,8645,8645,0,0,0,0,1.0,1.0,1.0,1.0,1.0,1,0.263538885686443,55
4480,2,8647,8647,0,0,0,0,1.0,1.0,1.0,1.0,1.0,1,0.3029460342509997,54
4481,4,8651,8651,0,0,0,0,1.0,1.0,1.0,1.0,1.0,1,0.3248555403999519,53
4482,1,8652,8652,0,0,0,0,1.0,1.0,1.0,1.0,1.0,1,0.31246318498870224,54
4483,3,8655,8655,0,0,0,0,1.0,1.0,1.0,1.0,1.0,1,0.30372254714062563,55
4484,3,8658,8658,0,0,0,0,1.0,1.0,1.0,1.0,1.0,1,0.25460110756440085,57
4485,3,8661,8661,0,0,0,0,1.0,1.0,1.0,1.0,1.0,1,0.2645699901556624,60
4486,3,8664,8664,0,0,0,0,1.0,1.0,1.0,1.0,1.0,1,0.2535382017292469,60
4487,0,8664,8664,0,0,0,0,1.0,1.0,1.0,1.0,1.0,1,0.2535382017292469,60
4488,0,8664,8664,0,0,0,0,1.0,1.0,1.0,1.0,1.0,1,0.2535382017292469,60
4489,2,8666,8666,0,0,0,0,1.0,1.0,1.0,1.0,1.0,1,0.2490690976665834,60
4490,0,8666,8666,0,0,0,0,1.0,1.0,1.0,1.0,1.0,1,0.2490690976665834,60
4491,2,8668,8668,0,0,0,0,1.0,1.0,1.0,1.0,1.0,1,0.2491724696171822,61
4492,0,8668,8668,0,0,0,0,1.0,1.0,1.0,1.0,1.0,1,0.2491724696171822,61
4493,1,8669,8669,0,0,0,0,1.0,1.0,1.0,1.0,1.0,1,0.2526671078846461,60
4494,1,8670,8670,0,0,0,0,1.0,1.0,1.0,1.0,1.0,1,0.24128028500939663,61
4495,1,8671,8671,0,0,0,0,1.0,1.0,1.0,1.0,1.0,1,0.2388269219840825,59
4496,4,8675,8675,0,0,0,0,1.0,1.0,1.0,1.0,1.0,1,0.2575876889600595,60
4497,1,8676,8676,0,0,0,0,1.0,1.0,1.0,1.0,1.0,1,0.24712108142449482,59
4498,3,8679,8679,0,0,0,0,1.0,1.0,1.0,1.0,1.0,1,0.24610128636028192,57
4499,1,8680,8680,0,0,0,0,1.0,1.0,1.0,1.0,1.0,1,0.23551725323160067,58
4500,2,8682,8682,0,0,0,0,1.0,1.0,1.0,1.0,1.0,1,0.21856323850611192,56
4501,3,8685,8685,0,0,0,0,1.0,1.0,1.0,1.0,1.0,1,0.24507512291856712,57
4502,2,8687,8687,0,0,0,0,1.0,1.0,1.0,1.0,1.0,1,0.2399657725355161,56
4503,4,8691,8691,0,0,0,0,1.0,1.0,1.0,1.0,1.0,1,0.21704168934965526,54
4504,2,8693,8693,0,0,0,0,1.0,1.0,1.0,1.0,1.0,1,0.241852680586179,54
4505,5,8698,8698,0,0,0,0,1.0,1.0,1.0,1.0,1.0,1,0.16396533048607326,51
4506,1,8699,8699,0,0,0,0,1.0,1.0,1.0,1.0,1.0,1,0.19603306966249587,49
4507,4,8703,8703,0,0,0,0,1.0,1.0,1.0,1.0,1.0,1,0.2100456980972243,48
4508,3,8706,8706,0,0,0,0,1.0,1.0,1.0,1.0,1.0,1,0.1807693109129906,48
4509,4,8710,8710,0,0,0,0,1.0,1.0,1.0,1.0,1.0,1,0.19536932878933025,46
4510,0,8710,8710,0,0,0,0,1.0,1.0,1.0,1.0,1.0,1,0.21615340449839457,44
4511,4,8714,8714,0,0,0,0,1.0,1.0,1.0,1.0,1.0,1,0.2932422427067957,45
4512,3,8717,8717,0,0,0,0,1.0,1.0,1.0,1.0,1.0,1,0.3424804512455415,46
4513,3,8720,8720,0,0,0,0,1.0,1.0,1.0,1.0,1.0,1,0.36080866582361654,45
4514,1,8721,8721,0,0,0,0,1.0,1.0,1.0,1.0,1.0,1,0.34813475039313796,46
4515,0,8721,8721,0,0,0,0,1.0,1.0,1.0,1.0,1.0,1,0.3457839653144606,48
4516,3,8724,8724,0,0,0,0,1.0,1.0,1.0,1.0,1.0,1,0.339887826865335,49
4517,2,8726,8726,0,0,0,0,1.0,1.0,1.0,1.0,1.0,1,0.34294660278450756,50
4518,2,8728,8728,0,0,0,0,1.0,1.0,1.0,1.0,1.0,1,0.33050844430910614,50
4519,1,8729,8729,0,0,0,0,1.0,1.0,1.0,1.0,1.0,1,0.3200929982153451,49
4520,2,8731,8731,0,0,0,0,1.0,1.0,1.0,1.0,1.0,1,0.2969201566626491,50
4521,1,8732,8732,0,0,0,0,1.0,1.0,1.0,1.0,1.0,1,0.28706342782370664,50
4522,1,8733,8733,0,0,0,0,1.0,1.0,1.0,1.0,1.0,1,0.26097023408490594,50
4523,1,8734,8734,0,0,0,0,1.0,1.0,1.0,1.0,1.0,1,0.2541617217142356,51
4524,1,8735,8735,0,0,0,0,1.0,1.0,1.0,1.0,1.0,1,0.21635294285258017,52
4525,2,8737,8737,0,0,0,0,1.0,1.0,1.0,1.0,1.0,1,0.16255407913979994,53
4526,1,8738,8738,0,0,0,0,1.0,1.0,1.0,1.0,1.0,1,0.16616450794525345,54
4527,2,8740,8740,0,0,0,0,1.0,1.0,1.0,1.0,1.0,1,0.15061497293166526,55
4528,1,8741,8741,0,0,0,0,1.0,1.0,1.0,1.0,1.0,1,0.15698158836562262,55
4529,1,8742,8742,0,0,0,0,1.0,1.0,1.0,1.0,1.0,1,0.17692137225258786,55
4530,4,8746,8746,0,0,0,0,1.0,1.0,1.0,1.0,1.0,1,0.18383010496512714,56
4531,1,8747,8747,0,0,0,0,1.0,1.0,1.0,1.0,1.0,1,0.21541942484756912,56
4532,3,8750,8750,0,0,0,0,1.0,1.0,1.0,1.0,1.0,1,0.21792122918071988,55
4533,4,8754,8754,0,0,0,0,1.0,1.0,1.0,1.0,1.0,1,0.20796905952052977,54
4534,4,8758,8758,0,0,0,0,1.0,1.0,1.0,1.0,1.0,1,0.2060386878998664,55
4535,4,8762,8762,0,0,0,0,1.0,1.0,1.0,1.0,1.0,1,0.23626890791222016,52
4536,2,8764,8764,0,0,0,0,1.0,1.0,1.0,1.0,1.0,1,0.2072378790330881,53
4537,6,8770,8770,0,0,0,0,1.0,1.0,1.0,1.0,1.0,1,0.10342861344444806,52
4538,2,8772,8772,0,0,0,0,1.0,1.0,1.0,1.0,1.0,1,0.13644067862241904,52
4539,1,8773,8773,0,0,0,0,1.0,1.0,1.0,1.0,1.0,1,0.16278937281702316,53
4540,2,8775,8775,0,0,0,0,1.0,1.0,1.0,1.0,1.0,1,0.15172272331458464,54
4541,1,8776,8776,0,0,0,0,1.0,1.0,1.0,1.0,1.0,1,0.1449733731169111,53
4542,1,8777,8777,0,0,0,0,1.0,1.0,1.0,1.0,1.0,1,0.16254044050447053,53
4543,4,8781,8781,0,0,0,0,1.0,1.0,1.0,1.0,1.0,1,0.23177173720747052,53
4544,1,8782,8782,0,0,0,0,1.0,1.0,1.0,1.0,1.0,1,0.21232164354186273,52
4545,4,8786,8786,0,0,0,0,1.0,1.0,1.0,1.0,1.0,1,0.3065579591380188,50
4546,2,8788,8788,0,0,0,0,1.0,1.0,1.0,1.0,1.0,1,0.2802428395747729,49
4547,3,8791,8791,0,0,0,0,1.0,1.0,1.0,1.0,1.0,1,0.34042117748682466,49
4548,2,8793,8793,0,0,0,0,1.0,1.0,1.0,1.0,1.0,1,0.3520812610957343,49
4549,3,8796,8796,0,0,0,0,1.0,1.0,1.0,1.0,1.0,1,0.34412977284561075,50
4550,1,8797,8797,0,0,0,0,1.0,1.0,1.0,1.0,1.0,1,0.33860117018767405,49
4551,0,8797,8797,0,0,0,0,1.0,1.0,1.0,1.0,1.0,1,0.33860117018767405,49
4552,0,8797,8797,0,0,0,0,1.0,1.0,1.0,1.0,1.0,1,0.33860117018767405,49
4553,5,8802,8802,0,0,0,0,1.0,1.0,1.0,1.0,1.0,1,0.31441358882508846,49
4554,0,8802,8802,0,0,0,0,1.0,1.0,1.0,1.0,1.0,1,0.31441358882508846,49
4555,1,8803,8803,0,0,0,0,1.0,1.0,1.0,1.0,1.0,1,0.3092618901914567,48
4556,0,8803,8803,0,0,0,0,1.0,1.0,1.0,1.0,1.0,1,0.3092618901914567,48
4557,1,8804,8804,0,0,0,0,1.0,1.0,1.0,1.0,1.0,1,0.2974121232189445,49
4558,2,8806,8806,0,0,0,0,1.0,1.0,1.0,1.0,1.0,1,0.29599735407566297,49
4559,0,8806,8806,0,0,0,0,1.0,1.0,1.0,1.0,1.0,1,0.2937055978101685,50
4560,0,8806,8806,0,0,0,0,1.0,1.0,1.0,1.0,1.0,1,0.29267572465746344,51
4561,2,8808,8808,0,0,0,0,1.0,1.0,1.0,1.0,1.0,1,0.29779355456776513,52
4562,2,8810,8810,0,0,0,0,1.0,1.0,1.0,1.0,1.0,1,0.2978980986881727,53
4563,0,8810,8810,0,0,0,0,1.0,1.0,1.0,1.0,1.0,1,0.28900275961479993,52
4564,4,8814,8814,0,0,0,0,1.0,1.0,1.0,1.0,1.0,1,0.22078576640149716,54
4565,0,8814,8814,0,0,0,0,1.0,1.0,1.0,1.0,1.0,1,0.23038375028893981,55
4566,2,8816,8816,0,0,0,0,1.0,1.0,1.0,1.0,1.0,1,0.20765709888056738,55
4567,1,8817,8817,0,0,0,0,1.0,1.0,1.0,1.0,1.0,1,0.21018138494275074,56
4568,3,8820,8820,0,0,0,0,1.0,1.0,1.0,1.0,1.0,1,0.2480481019517759,58
4569,0,8820,8820,0,0,0,0,1.0,1.0,1.0,1.0,1.0,1,0.23718855357606078,59
4570,3,8823,8823,0,0,0,0,1.0,1.0,1.0,1.0,1.0,1,0.26240897286237397,59
4571,2,8825,8825,0,0,0,0,1.0,1.0,1.0,1.0,1.0,1,0.26055552106375157,57
4572,1,8826,8826,0,0,0,0,1.0,1.0,1.0,1.0,1.0,1,0.250072054134331,56
4573,1,8827,8827,0,0,0,0,1.0,1.0,1.0,1.0,1.0,1,0.2630971710817187,56
4574,1,8828,8828,0,0,0,0,1.0,1.0,1.0,1.0,1.0,1,0.24073568800848455,55
4575,1,8829,8829,0,0,0,0,1.0,1.0,1.0,1.0,1.0,1,0.22789374982911242,55
4576,1,8830,8830,0,0,0,0,1.0,1.0,1.0,1.0,1.0,1,0.2448614907566569,55
4577,2,8832,8832,0,0,0,0,1.0,1.0,1.0,1.0,1.0,1,0.2875688254557203,54
4578,1,8833,8833,0,0,0,0,1.0,1.0,1.0,1.0,1.0,1,0.30327475060656295,54
4579,5,8838,8838,0,0,0,0,1.0,1.0,1.0,1.0,1.0,1,0.3507196266473436,54
4580,1,8839,8839,0,0,0,0,1.0,1.0,1.0,1.0,1.0,1,0.3605468828187566,55
4581,2,8841,8841,0,0,0,0,1.0,1.0,1.0,1.0,1.0,1,0.3918280736000636,56
4582,2,8843,8843,0,0,0,0,1.0,1.0,1.0,1.0,1.0,1,0.4196576697296943,56
4583,0,8843,8843,0,0,0,0,1.0,1.0,1.0,1.0,1.0,1,0.4085867947124704,57
4584,0,8843,8843,0,0,0,0,1.0,1.0,1.0,1.0,1.0,1,0.4080563902036397,57
4585,0,8843,8843,0,0,0,0,1.0,1.0,1.0,1.0,1.0,1,0.4080563902036397,57
4586,1,8844,8844,0,0,0,0,1.0,1.0,1.0,1.0,1.0,1,0.41408032287682767,57
4587,0,8844,8844,0,0,0,0,1.0,1.0,1.0,1.0,1.0,1,0.41408032287682767,57
4588,0,8844,8844,0,0,0,0,1.0,1.0,1.0,1.0,1.0,1,0.40199761817414253,58
4589,0,8844,8844,0,0,0,0,1.0,1.0,1.0,1.0,1.0,1,0.39861330938132045,59
4590,1,8845,8845,0,0,0,0,1.0,1.0,1.0,1.0,1.0,1,0.4158940945317365,60
4591,0,8845,8845,0,0,0,0,1.0,1.0,1.0,1.0,1.0,1,0.4044538419173908,61
4592,1,8846,8846,0,0,0,0,1.0,1.0,1.0,1.0,1.0,1,0.38136034687323606,62
4593,3,8849,8849,0,0,0,0,1.0,1.0,1.0,1.0,1.0,1,0.34197887112509573,64
4594,2,8851,8851,0,0,0,0,1.0,1.0,1.0,1.0,1.0,1,0.338668700358666,64
4595,1,8852,8852,0,0,0,0,1.0,1.0,1.0,1.0,1.0,1,0.32417270913030516,63
4596,2,8854,8854,0,0,0,0,1.0,1.0,1.0,1.0,1.0,1,0.29842985138094397,63
4597,2,8856,8856,0,0,0,0,1.0,1.0,1.0,1.0,1.0,1,0.32255257374944796,63
4598,2,8858,8858,0,0,0,0,1.0,1.0,1.0,1.0,1.0,1,0.30413959880651237,65
4599,1,8859,8859,0,0,0,0,1.0,1.0,1.0,1.0,1.0,1,0.30416639944499213,66
4600,3,8862,8862,0,0,0,0,1.0,1.0,1.0,1.0,1.0,1,0.34710454778055194,67
4601,0,8862,8862,0,0,0,0,1.0,1.0,1.0,1.0,1.0,1,0.34710454778055194,67
4602,2,8864,8864,0,0,0,0,1.0,1.0,1.0,1.0,1.0,1,0.3463318894263105,69
4603,2,8866,8866,0,0,0,0,1.0,1.0,1.0,1.0,1.0,1,0.36547634200481155,69
4604,1,8867,8867,0,0,0,0,1.0,1.0,1.0,1.0,1.0,1,0.3821792588469114,69
4605,2,8869,8869,0,0,0,0,1.0,1.0,1.0,1.0,1.0,1,0.35878916045763526,70
4606,0,8869,8869,0,0,0,0,1.0,1.0,1.0,1.0,1.0,1,0.35878916045763526,70
4607,2,8871,8871,0,0,0,0,1.0,1.0,1.0,1.0,1.0,1,0.3558590895810192,72
4608,1,8872,8872,0,0,0,0,1.0,1.0,1.0,1.0,1.0,1,0.36761964420995574,73
4609,2,8874,8874,0,0,0,0,1.0,1.0,1.0,1.0,1.0,1,0.36770161341388413,72
4610,3,8877,8877,0,0,0,0,1.0,1.0,1.0,1.0,1.0,1,0.3380954549587499,72
4611,4,8881,8881,0,0,0,0,1.0,1.0,1.0,1.0,1.0,1,0.35069623989249915,71
4612,1,8882,8882,0,0,0,0,1.0,1.0,1.0,1.0,1.0,1,0.36154166247195063,70
4613,2,8884,8884,0,0,0,0,1.0,1.0,1.0,1.0,1.0,1,0.379036502414844,69
4614,3,8887,8887,0,0,0,0,1.0,1.0,1.0,1.0,1.0,1,0.4042320890261582,68
4615,2,8889,8889,0,0,0,0,1.0,1.0,1.0,1.0,1.0,1,0.4055839405228958,68
4616,3,8892,8892,0,0,0,0,1.0,1.0,1.0,1.0,1.0,1,0.4835074111053117,65
4617,1,8893,8893,0,0,0,0,1.0,1.0,1.0,1.0,1.0,1,0.4546906971976671,66
4618,1,8894,8894,0,0,0,0,1.0,1.0,1.0,1.0,1.0,1,0.4515414308448618,66
4619,3,8897,8897,0,0,0,0,1.0,1.0,1.0,1.0,1.0,1,0.4387053248102042,65
4620,3,8900,8900,0,0,0,0,1.0,1.0,1.0,1.0,1.0,1,0.4515524362150178,65
4621,3,8903,8903,0,0,0,0,1.0,1.0,1.0,1.0,1.0,1,0.44829056540142725,67
4622,4,8907,8907,0,0,0,0,1.0,1.0,1.0,1.0,1.0,1,0.46535281553822017,65
4623,5,8912,8912,0,0,0,0,1.0,1.0,1.0,1.0,1.0,1,0.41151079421471304,66
4624,1,8913,8913,0,0,0,0,1.0,1.0,1.0,1.0,1.0,1,0.3977558118505687,65
4625,8,8921,8921,0,0,0,0,1.0,1.0,1.0,1.0,1.0,1,0.3383987920825376,64
4626,2,8923,8923,0,0,0,0,1.0,1.0,1.0,1.0,1.0,1,0.3330724303426786,63
4627,3,8926,8926,0,0,0,0,1.0,1.0,1.0,1.0,1.0,1,0.30806703457233636,65
4628,1,8927,8927,0,0,0,0,1.0,1.0,1.0,1.0,1.0,1,0.3299638981171554,64
4629,1,8928,8928,0,0,0,0,1.0,1.0,1.0,1.0,1.0,1,0.33056261375353574,64
4630,0,8928,8928,0,0,0,0,1.0,1.0,1.0,1.0,1.0,1,0.33056261375353574,64
4631,2,8930,8930,0,0,0,0,1.0,1.0,1.0,1.0,1.0,1,0.38074980587491614,66
4632,0,8930,8930,0,0,0,0,1.0,1.0,1.0,1.0,1.0,1,0.4000485379223482,65
4633,2,8932,8932,0,0,0,0,1.0,1.0,1.0,1.0,1.0,1,0.40939859835789105,66
4634,3,8935,8935,0,0,0,0,1.0,1.0,1.0,1.0,1.0,1,0.3734276074438733,66
4635,2,8937,8937,0,0,0,0,1.0,1.0,1.0,1.0,1.0,1,0.38422634089934193,66
4636,0,8937,8937,0,0,0,0,1.0,1.0,1.0,1.0,1.0,1,0.38422634089934193,66
4637,1,8938,8938,0,0,0,0,1.0,1.0,1.0,1.0,1.0,1,0.34992300925297554,68
4638,2,8940,8940,0,0,0,0,1.0,1.0,1.0,1.0,1.0,1,0.3578205351669717,68
4639,1,8941,8941,0,0,0,0,1.0,1.0,1.0,1.0,1.0,1,0.34185610788338633,69
4640,3,8944,8944,0,0,0,0,1.0,1.0,1.0,1.0,1.0,1,0.34926691363582124,69
4641,1,8945,8945,0,0,0,0,1.0,1.0,1.0,1.0,1.0,1,0.33402618926945826,70
4642,1,8946,8946,0,0,0,0,1.0,1.0,1.0,1.0,1.0,1,0.36597919256849865,69
4643,1,8947,8947,0,0,0,0,1.0,1.0,1.0,1.0,1.0,1,0.353952221937407,70
4644,0,8947,8947,0,0,0,0,1.0,1.0,1.0,1.0,1.0,1,0.3683020942927737,69
4645,5,8952,8952,0,0,0,0,1.0,1.0,1.0,1.0,1.0,1,0.3526583071760814,70
4646,1,8953,8953,0,0,0,0,1.0,1.0,1.0,1.0,1.0,1,0.3659388215677442,68
4647,3,8956,8956,0,0,0,0,1.0,1.0,1.0,1.0,1.0,1,0.33853547799548617,68
4648,2,8958,8958,0,0,0,0,1.0,1.0,1.0,1.0,1.0,1,0.39091271547017764,67
4649,4,8962,8962,0,0,0,0,1.0,1.0,1.0,1.0,1.0,1,0.3173113053337269,67
4650,2,8964,8964,0,0,0,0,1.0,1.0,1.0,1.0,1.0,1,0.3015117313873809,67
4651,1,8965,8965,0,0,0,0,1.0,1.0,1.0,1.0,1.0,1,0.2789899348277435,68
4652,3,8968,8968,0,0,0,0,1.0,1.0,1.0,1.0,1.0,1,0.31330339666099616,66
4653,2,8970,8970,0,0,0,0,1.0,1.0,1.0,1.0,1.0,1,0.3273954547436537,64
4654,3,8973,8973,0,0,0,0,1.0,1.0,1.0,1.0,1.0,1,0.32811346674692404,65
4655,3,8976,8976,0,0,0,0,1.0,1.0,1.0,1.0,1.0,1,0.3670388482720381,64
4656,2,8978,8978,0,0,0,0,1.0,1.0,1.0,1.0,1.0,1,0.36808812953664105,65
4657,3,8981,8981,0,0,0,0,1.0,1.0,1.0,1.0,1.0,1,0.3868008230648774,66
4658,1,8982,8982,0,0,0,0,1.0,1.0,1.0,1.0,1.0,1,0.4121389499511142,65
4659,3,8985,8985,0,0,0,0,1.0,1.0,1.0,1.0,1.0,1,0.3980381063071438,65
4660,0,8985,8985,0,0,0,0,1.0,1.0,1.0,1.0,1.0,1,0.38841655460380464,66
4661,2,8987,8987,0,0,0,0,1.0,1.0,1.0,1.0,1.0,1,0.41132381148490677,66
4662,0,8987,8987,0,0,0,0,1.0,1.0,1.0,1.0,1.0,1,0.4041175902389401,68
4663,3,8990,8990,0,0,0,0,1.0,1.0,1.0,1.0,1.0,1,0.37697985947888923,67
4664,1,8991,8991,0,0,0,0,1.0,1.0,1.0,1.0,1.0,1,0.3669224917384724,67
4665,4,8995,8995,0,0,0,0,1.0,1.0,1.0,1.0,1.0,1,0.3398526360401232,67
4666,0,8995,8995,0,0,0,0,1.0,1.0,1.0,1.0,1.0,1,0.349259497380273,67
4667,2,8997,8997,0,0,0,0,1.0,1.0,1.0,1.0,1.0,1,0.33055781274718443,66
4668,1,8998,8998,0,0,0,0,1.0,1.0,1.0,1.0,1.0,1,0.3421320783014177,66
4669,3,9001,9001,0,0,0,0,1.0,1.0,1.0,1.0,1.0,1,0.35235377873807455,66
4670,1,9002,9002,0,0,0,0,1.0,1.0,1.0,1.0,1.0,1,0.3818927914585187,64
4671,3,9005,9005,0,0,0,0,1.0,1.0,1.0,1.0,1.0,1,0.3636006873835668,64
4672,3,9008,9008,0,0,0,0,1.0,1.0,1.0,1.0,1.0,1,0.37618969649185363,64
4673,3,9011,9011,0,0,0,0,1.0,1.0,1.0,1.0,1.0,1,0.3296395543247338,65
4674,1,9012,9012,0,0,0,0,1.0,1.0,1.0,1.0,1.0,1,0.30070101466132815,66
4675,3,9015,9015,0,0,0,0,1.0,1.0,1.0,1.0,1.0,1,0.3194982528408047,65
4676,1,9016,9016,0,0,0,0,1.0,1.0,1.0,1.0,1.0,1,0.29698423356749226,65
4677,2,9018,9018,0,0,0,0,1.0,1.0,1.0,1.0,1.0,1,0.30996597875967047,65
4678,1,9019,9019,0,0,0,0,1.0,1.0,1.0,1.0,1.0,1,0.3152603101058812,64
4679,3,9022,9022,0,0,0,0,1.0,1.0,1.0,1.0,1.0,1,0.3439378624028432,66
4680,1,9023,9023,0,0,0,0,1.0,1.0,1.0,1.0,1.0,1,0.3495527926287166,67
4681,2,9025,9025,0,0,0,0,1.0,1.0,1.0,1.0,1.0,1,0.3502802125454999,67
4682,3,9028,9028,0,0,0,0,1.0,1.0,1.0,1.0,1.0,1,0.3880529273269034,67
4683,5,9033,9033,0,0,0,0,1.0,1.0,1.0,1.0,1.0,1,0.38202679128680384,67
4684,4,9037,9037,0,0,0,0,1.0,1.0,1.0,1.0,1.0,1,0.4355994178042922,66
4685,4,9041,9041,0,0,0,0,1.0,1.0,1.0,1.0,1.0,1,0.4029669749020784,65
4686,5,9046,9046,0,0,0,0,1.0,1.0,1.0,1.0,1.0,1,0.4165825656885887,65
4687,3,9049,9049,0,0,0,0,1.0,1.0,1.0,1.0,1.0,1,0.4200075139478439,65
4688,3,9052,9052,0,0,0,0,1.0,1.0,1.0,1.0,1.0,1,0.41993442231034167,64
4689,4,9056,9056,0,0,0,0,1.0,1.0,1.0,1.0,1.0,1,0.4160986441015665,65
4690,3,9059,9059,0,0,0,0,1.0,1.0,1.0,1.0,1.0,1,0.3847261219665735,63
4691,1,9060,9060,0,0,0,0,1.0,1.0,1.0,1.0,1.0,1,0.3713533848709285,64
4692,2,9062,9062,0,0,0,0,1.0,1.0,1.0,1.0,1.0,1,0.3822486950910225,63
4693,0,9062,9062,0,0,0,0,1.0,1.0,1.0,1.0,1.0,1,0.38815622977806274,64
4694,3,9065,9065,0,0,0,0,1.0,1.0,1.0,1.0,1.0,1,0.3740794665903291,63
4695,2,9067,9067,0,0,0,0,1.0,1.0,1.0,1.0,1.0,1,0.36536802386576517,62
4696,1,9068,9068,0,0,0,0,1.0,1.0,1.0,1.0,1.0,1,0.3692362113727866,61
4697,2,9070,9070,0,0,0,0,1.0,1.0,1.0,1.0,1.0,1,0.33491132985892585,63
4698,3,9073,9073,0,0,0,0,1.0,1.0,1.0,1.0,1.0,1,0.3128837124859172,63
4699,1,9074,9074,0,0,0,0,1.0,1.0,1.0,1.0,1.0,1,0.30220018515642466,65
4700,0,9074,9074,0,0,0,0,1.0,1.0,1.0,1.0,1.0,1,0.3150909027227548,64
4701,2,9076,9076,0,0,0,0,1.0,1.0,1.0,1.0,1.0,1,0.33206455889534864,64
4702,1,9077,9077,0,0,0,0,1.0,1.0,1.0,1.0,1.0,1,0.3280789236047232,66
4703,1,9078,9078,0,0,0,0,1.0,1.0,1.0,1.0,1.0,1,0.3464853162819248,65
4704,3,9081,9081,0,0,0,0,1.0,1.0,1.0,1.0,1.0,1,0.35238152412682333,64
4705,1,9082,9082,0,0,0,0,1.0,1.0,1.0,1.0,1.0,1,0.35868644308541714,65
4706,0,9082,9082,0,0,0,0,1.0,1.0,1.0,1.0,1.0,1,0.3583837746082075,65
4707,3,9085,9085,0,0,0,0,1.0,1.0,1.0,1.0,1.0,1,0.3792295429611054,63
4708,0,9085,9085,0,0,0,0,1.0,1.0,1.0,1.0,1.0,1,0.3810709928518462,62
4709,2,9087,9087,0,0,0,0,1.0,1.0,1.0,1.0,1.0,1,0.36021338216221477,61
4710,0,9087,9087,0,0,0,0,1.0,1.0,1.0,1.0,1.0,1,0.36146734167379324,60
4711,0,9087,9087,0,0,0,0,1.0,1.0,1.0,1.0,1.0,1,0.36342265092008064,59
4712,0,9087,9087,0,0,0,0,1.0,1.0,1.0,1.0,1.0,1,0.3646483829585659,58
4713,5,9092,9092,0,0,0,0,1.0,1.0,1.0,1.0,1.0,1,0.4046608763504408,58
4714,0,9092,9092,0,0,0,0,1.0,1.0,1.0,1.0,1.0,1,0.40802798002046414,57
4715,6,9098,9098,0,0,0,0,1.0,1.0,1.0,1.0,1.0,1,0.41039011748705434,57
4716,5,9103,9103,0,0,0,0,1.0,1.0,1.0,1.0,1.0,1,0.3729210594723365,55
4717,2,9105,9105,0,0,0,0,1.0,1.0,1.0,1.0,1.0,1,0.32421407745889086,57
4718,1,9106,9106,0,0,0,0,1.0,1.0,1.0,1.0,1.0,1,0.3552214227909149,56
4719,3,9109,9109,0,0,0,0,1.0,1.0,1.0,1.0,1.0,1,0.38958997682143515,56
4720,1,9110,9110,0,0,0,0,1.0,1.0,1.0,1.0,1.0,1,0.3778271245589602,57
4721,1,9111,9111,0,0,0,0,1.0,1.0,1.0,1.0,1.0,1,0.3673214008060386,57
4722,1,9112,9112,0,0,0,0,1.0,1.0,1.0,1.0,1.0,1,0.3622286111159015,57
4723,1,9113,9113,0,0,0,0,1.0,1.0,1.0,1.0,1.0,1,0.4274008012754153,57
4724,3,9116,9116,0,0,0,0,1.0,1.0,1.0,1.0,1.0,1,0.4437910921396162,57
4725,1,9117,9117,0,0,0,0,1.0,1.0,1.0,1.0,1.0,1,0.43121851704129394,57
4726,3,9120,9120,0,0,0,0,1.0,1.0,1.0,1.0,1.0,1,0.38624105057028946,57
4727,1,9121,9121,0,0,0,0,1.0,1.0,1.0,1.0,1.0,1,0.3907697651528247,56
4728,1,9122,9122,0,0,0,0,1.0,1.0,1.0,1.0,1.0,1,0.36744917575518954,57
4729,3,9125,9125,0,0,0,0,1.0,1.0,1.0,1.0,1.0,1,0.3689614368175036,56
4730,1,9126,9126,0,0,0,0,1.0,1.0,1.0,1.0,1.0,1,0.41455567087528833,54
4731,2,9128,9128,0,0,0,0,1.0,1.0,1.0,1.0,1.0,1,0.4044147918335887,54
4732,1,9129,9129,0,0,0,0,1.0,1.0,1.0,1.0,1.0,1,0.4065271878769236,54
4733,2,9131,9131,0,0,0,0,1.0,1.0,1.0,1.0,1.0,1,0.3825104651412854,55
4734,3,9134,9134,0,0,0,0,1.0,1.0,1.0,1.0,1.0,1,0.3524167331520608,56
4735,1,9135,9135,0,0,0,0,1.0,1.0,1.0,1.0,1.0,1,0.34967198838384256,56
4736,0,9135,9135,0,0,0,0,1.0,1.0,1.0,1.0,1.0,1,0.3425917872356409,58
4737,2,9137,9137,0,0,0,0,1.0,1.0,1.0,1.0,1.0,1,0.3477634017367412,59
4738,0,9137,9137,0,0,0,0,1.0,1.0,1.0,1.0,1.0,1,0.3556972183055595,60
4739,2,9139,9139,0,0,0,0,1.0,1.0,1.0,1.0,1.0,1,0.37310980153369155,60
4740,0,9139,9139,0,0,0,0,1.0,1.0,1.0,1.0,1.0,1,0.37310980153369155,60
4741,1,9140,9140,0,0,0,0,1.0,1.0,1.0,1.0,1.0,1,0.3463823517744964,61
4742,0,9140,9140,0,0,0,0,1.0,1.0,1.0,1.0,1.0,1,0.3463823517744964,61
4743,1,9141,9141,0,0,0,0,1.0,1.0,1.0,1.0,1.0,1,0.34699529489542913,60
4744,2,9143,9143,0,0,0,0,1.0,1.0,1.0,1.0,1.0,1,0.3135060563542722,60
4745,1,9144,9144,0,0,0,0,1.0,1.0,1.0,1.0,1.0,1,0.3157697108315124,59
4746,1,9145,9145,0,0,0,0,1.0,1.0,1.0,1.0,1.0,1,0.28419775260028013,59
4747,4,9149,9149,0,0,0,0,1.0,1.0,1.0,1.0,1.0,1,0.29253078776783514,58
4748,2,9151,9151,0,0,0,0,1.0,1.0,1.0,1.0,1.0,1,0.26484917266613456,58
4749,2,9153,9153,0,0,0,0,1.0,1.0,1.0,1.0,1.0,1,0.28983731366976306,58
4750,2,9155,9155,0,0,0,0,1.0,1.0,1.0,1.0,1.0,1,0.29655280986001376,56
4751,2,9157,9157,0,0,0,0,1.0,1.0,1.0,1.0,1.0,1,0.3463869701032789,58
4752,1,9158,9158,0,0,0,0,1.0,1.0,1.0,1.0,1.0,1,0.38140909212603263,55
4753,1,9159,9159,0,0,0,0,1.0,1.0,1.0,1.0,1.0,1,0.37048018640556696,55
4754,1,9160,9160,0,0,0,0,1.0,1.0,1.0,1.0,1.0,1,0.3590603429294952,54
4755,5,9165,9165,0,0,0,0,1.0,1.0,1.0,1.0,1.0,1,0.34780302619043585,54
4756,5,9170,9170,0,0,0,0,1.0,1.0,1.0,1.0,1.0,1,0.35158574413979055,54
4757,3,9173,9173,0,0,0,0,1.0,1.0,1.0,1.0,1.0,1,0.31130374312039355,53
4758,4,9177,9177,0,0,0,0,1.0,1.0,1.0,1.0,1.0,1,0.3160857457122764,53
4759,3,9180,9180,0,0,0,0,1.0,1.0,1.0,1.0,1.0,1,0.2757903871414486,53
4760,2,9182,9182,0,0,0,0,1.0,1.0,1.0,1.0,1.0,1,0.26993544152996884,53
4761,5,9187,9187,0,0,0,0,1.0,1.0,1.0,1.0,1.0,1,0.2640723417156857,52
4762,4,9191,9191,0,0,0,0,1.0,1.0,1.0,1.0,1.0,1,0.25220613192877867,54
4763,3,9194,9194,0,0,0,0,1.0,1.0,1.0,1.0,1.0,1,0.21392727709633705,54
4764,3,9197,9197,0,0,0,0,1.0,1.0,1.0,1.0,1.0,1,0.20013648999891528,55
4765,1,9198,9198,0,0,0,0,1.0,1.0,1.0,1.0,1.0,1,0.21981292629290627,56
4766,0,9198,9198,0,0,0,0,1.0,1.0,1.0,1.0,1.0,1,0.19139418372517178,58
4767,1,9199,9199,0,0,0,0,1.0,1.0,1.0,1.0,1.0,1,0.20960866884037715,59
4768,0,9199,9199,0,0,0,0,1.0,1.0,1.0,1.0,1.0,1,0.19599407057035464,60
4769,2,9201,9201,0,0,0,0,1.0,1.0,1.0,1.0,1.0,1,0.17619066315819504,59
4770,0,9201,9201,0,0,0,0,1.0,1.0,1.0,1.0,1.0,1,0.17779195993699964,60
4771,1,9202,9202,0,0,0,0,1.0,1.0,1.0,1.0,1.0,1,0.18472786584307088,59
4772,1,9203,9203,0,0,0,0,1.0,1.0,1.0,1.0,1.0,1,0.17570807499919008,59
4773,1,9204,9204,0,0,0,0,1.0,1.0,1.0,1.0,1.0,1,0.16953850427109288,60
4774,2,9206,9206,0,0,0,0,1.0,1.0,1.0,1.0,1.0,1,0.17217182070644269,60
4775,2,9208,9208,0,0,0,0,1.0,1.0,1.0,1.0,1.0,1,0.17662599229203835,62
4776,1,9209,9209,0,0,0,0,1.0,1.0,1.0,1.0,1.0,1,0.14527349968514539,63
4777,2,9211,9211,0,0,0,0,1.0,1.0,1.0,1.0,1.0,1,0.1517134894000853,63
4778,1,9212,9212,0,0,0,0,1.0,1.0,1.0,1.0,1.0,1,0.16628346221686688,63
4779,1,9213,9213,0,0,0,0,1.0,1.0,1.0,1.0,1.0,1,0.18123517668584288,63
4780,2,9215,9215,0,0,0,0,1.0,1.0,1.0,1.0,1.0,1,0.22029858602128038,65
4781,6,9221,9221,0,0,0,0,1.0,1.0,1.0,1.0,1.0,1,0.19822473332364146,64
4782,7,9228,9228,0,0,0,0,1.0,1.0,1.0,1.0,1.0,1,0.21262293002150393,65
4783,3,9231,9231,0,0,0,0,1.0,1.0,1.0,1.0,1.0,1,0.19744511701968662,66
4784,5,9236,9236,0,0,0,0,1.0,1.0,1.0,1.0,1.0,1,0.15805713712062497,64
4785,8,9244,9244,0,0,0,0,1.0,1.0,1.0,1.0,1.0,1,0.16035848408869385,65
4786,4,9248,9248,0,0,0,0,1.0,1.0,1.0,1.0,1.0,1,0.15925888775484576,66
4787,6,9254,9254,0,0,0,0,1.0,1.0,1.0,1.0,1.0,1,0.15341441767510727,63
4788,5,9259,9259,0,0,0,0,1.0,1.0,1.0,1.0,1.0,1,0.12888396354040713,63
4789,7,9266,9266,0,0,0,0,1.0,1.0,1.0,1.0,1.0,1,0.1510857586692949,60
4790,2,9268,9268,0,0,0,0,1.0,1.0,1.0,1.0,1.0,1,0.15775412814451395,61
4791,1,9269,9269,0,0,0,0,1.0,1.0,1.0,1.0,1.0,1,0.1528026244006436,59
4792,2,9271,9271,0,0,0,0,1.0,1.0,1.0,1.0,1.0,1,0.13336862359599294,59
4793,1,9272,9272,0,0,0,0,1.0,1.0,1.0,1.0,1.0,1,0.12302922653733162,61
4794,1,9273,9273,0,0,0,0,1.0,1.0,1.0,1.0,1.0,1,0.11666017285771785,60
4795,2,9275,9275,0,0,0,0,1.0,1.0,1.0,1.0,1.0,1,0.14061802923105804,61
4796,1,9276,9276,0,0,0,0,1.0,1.0,1.0,1.0,1.0,1,0.143727240279619,60
4797,2,9278,9278,0,0,0,0,1.0,1.0,1.0,1.0,1.0,1,0.11286153410195303,61
4798,2,9280,9280,0,0,0,0,1.0,1.0,1.0,1.0,1.0,1,0.10524549612191725,61
4799,1,9281,9281,0,0,0,0,1.0,1.0,1.0,1.0,1.0,1,0.10156781082245275,59
4800,1,9282,9282,0,0,0,0,1.0,1.0,1.0,1.0,1.0,1,0.12654308012860094,57
4801,2,9284,9284,0,0,0,0,1.0,1.0,1.0,1.0,1.0,1,0.1475823578146169,58
4802,1,9285,9285,0,0,0,0,1.0,1.0,1.0,1.0,1.0,1,0.14378882732697335,56
4803,4,9289,9289,0,0,0,0,1.0,1.0,1.0,1.0,1.0,1,0.08626027570658062,57
4804,3,9292,9292,0,0,0,0,1.0,1.0,1.0,1.0,1.0,1,0.06085459810607088,55
4805,1,9293,9293,0,0,0,0,1.0,1.0,1.0,1.0,1.0,1,0.06788555029675544,56
4806,1,9294,9294,0,0,0,0,1.0,1.0,1.0,1.0,1.0,1,0.05531527244834268,55
4807,2,9296,9296,0,0,0,0,1.0,1.0,1.0,1.0,1.0,1,0.044846779332798445,53
4808,3,9299,9299,0,0,0,0,1.0,1.0,1.0,1.0,1.0,1,0.09961173592686386,54
4809,3,9302,9302,0,0,0,0,1.0,1.0,1.0,1.0,1.0,1,0.07190130314183626,53
4810,4,9306,9306,0,0,0,0,1.0,1.0,1.0,1.0,1.0,1,0.07675181127682369,53
4811,4,9310,9310,0,0,0,0,1.0,1.0,1.0,1.0,1.0,1,0.104536953529602,54
4812,1,9311,9311,0,0,0,0,1.0,1.0,1.0,1.0,1.0,1,0.1264192252835342,54
4813,5,9316,9316,0,0,0,0,1.0,1.0,1.0,1.0,1.0,1,0.13631135161633734,55
4814,4,9320,9320,0,0,0,0,1.0,1.0,1.0,1.0,1.0,1,0.18019346640437756,55
4815,7,9327,9327,0,0,0,0,1.0,1.0,1.0,1.0,1.0,1,0.1129703976510519,56
4816,5,9332,9332,0,0,0,0,1.0,1.0,1.0,1.0,1.0,1,0.16131591455488054,56
4817,2,9334,9334,0,0,0,0,1.0,1.0,1.0,1.0,1.0,1,0.1476959767479765,58
4818,2,9336,9336,0,0,0,0,1.0,1.0,1.0,1.0,1.0,1,0.12133501447520613,58
4819,5,9341,9341,0,0,0,0,1.0,1.0,1.0,1.0,1.0,1,0.14857175052307314,58
4820,1,9342,9342,0,0,0,0,1.0,1.0,1.0,1.0,1.0,1,0.15710288185134097,58
4821,1,9343,9343,0,0,0,0,1.0,1.0,1.0,1.0,1.0,1,0.1856351058873554,58
4822,0,9343,9343,0,0,0,0,1.0,1.0,1.0,1.0,1.0,1,0.1856351058873554,58
4823,1,9344,9344,0,0,0,0,1.0,1.0,1.0,1.0,1.0,1,0.2025630514591739,57
4824,1,9345,9345,0,0,0,0,1.0,1.0,1.0,1.0,1.0,1,0.23584647534417838,56
4825,2,9347,9347,0,0,0,0,1.0,1.0,1.0,1.0,1.0,1,0.2159312935125018,57
4826,2,9349,9349,0,0,0,0,1.0,1.0,1.0,1.0,1.0,1,0.2355998345192465,57
4827,1,9350,9350,0,0,0,0,1.0,1.0,1.0,1.0,1.0,1,0.26701453936433756,56
4828,1,9351,9351,0,0,0,0,1.0,1.0,1.0,1.0,1.0,1,0.2544852787719636,57
4829,0,9351,9351,0,0,0,0,1.0,1.0,1.0,1.0,1.0,1,0.26918446311913125,56
4830,0,9351,9351,0,0,0,0,1.0,1.0,1.0,1.0,1.0,1,0.2468526754023389,57
4831,2,9353,9353,0,0,0,0,1.0,1.0,1.0,1.0,1.0,1,0.2832429389287875,57
4832,0,9353,9353,0,0,0,0,1.0,1.0,1.0,1.0,1.0,1,0.3107116338080023,55
4833,2,9355,9355,0,0,0,0,1.0,1.0,1.0,1.0,1.0,1,0.2639387134170435,55
4834,0,9355,9355,0,0,0,0,1.0,1.0,1.0,1.0,1.0,1,0.27205786187897113,55
4835,2,9357,9357,0,0,0,0,1.0,1.0,1.0,1.0,1.0,1,0.23869919327654457,55
4836,3,9360,9360,0,0,0,0,1.0,1.0,1.0,1.0,1.0,1,0.21010297864860744,55
4837,5,9365,9365,0,0,0,0,1.0,1.0,1.0,1.0,1.0,1,0.21743675302222232,53
4838,2,9367,9367,0,0,0,0,1.0,1.0,1.0,1.0,1.0,1,0.21287151210429717,54
4839,5,9372,9372,0,0,0,0,1.0,1.0,1.0,1.0,1.0,1,0.1920726547664171,53
4840,3,9375,9375,0,0,0,0,1.0,1.0,1.0,1.0,1.0,1,0.19276120314287318,52
4841,4,9379,9379,0,0,0,0,1.0,1.0,1.0,1.0,1.0,1,0.21421812089505007,51
4842,1,9380,9380,0,0,0,0,1.0,1.0,1.0,1.0,1.0,1,0.22416098759151667,50
4843,2,9382,9382,0,0,0,0,1.0,1.0,1.0,1.0,1.0,1,0.2675604349995278,51
4844,2,9384,9384,0,0,0,0,1.0,1.0,1.0,1.0,1.0,1,0.2541437940853126,50
4845,4,9388,9388,0,0,0,0,1.0,1.0,1.0,1.0,1.0,1,0.31265951281635584,49
4846,1,9389,9389,0,0,0,0,1.0,1.0,1.0,1.0,1.0,1,0.3431362572852479,49
4847,3,9392,9392,0,0,0,0,1.0,1.0,1.0,1.0,1.0,1,0.3297739450590327,48
4848,1,9393,9393,0,0,0,0,1.0,1.0,1.0,1.0,1.0,1,0.327885156019473,48
4849,5,9398,9398,0,0,0,0,1.0,1.0,1.0,1.0,1.0,1,0.31063701254263115,48
4850,2,9400,9400,0,0,0,0,1.0,1.0,1.0,1.0,1.0,1,0.3383242376476476,49
4851,2,9402,9402,0,0,0,0,1.0,1.0,1.0,1.0,1.0,1,0.3028612564247792,49
4852,0,9402,9402,0,0,0,0,1.0,1.0,1.0,1.0,1.0,1,0.32919175808611395,49
4853,2,9404,9404,0,0,0,0,1.0,1.0,1.0,1.0,1.0,1,0.30860339588033936,50
4854,0,9404,9404,0,0,0,0,1.0,1.0,1.0,1.0,1.0,1,0.3078767165605811,51
4855,1,9405,9405,0,0,0,0,1.0,1.0,1.0,1.0,1.0,1,0.3215227007072031,51
4856,1,9406,9406,0,0,0,0,1.0,1.0,1.0,1.0,1.0,1,0.2989549088008243,50
4857,1,9407,9407,0,0,0,0,1.0,1.0,1.0,1.0,1.0,1,0.301337682130606,51
4858,1,9408,9408,0,0,0,0,1.0,1.0,1.0,1.0,1.0,1,0.29009786544446975,51
4859,1,9409,9409,0,0,0,0,1.0,1.0,1.0,1.0,1.0,1,0.2959925173911061,52
4860,0,9409,9409,0,0,0,0,1.0,1.0,1.0,1.0,1.0,1,0.2959925173911061,52
4861,0,9409,9409,0,0,0,0,1.0,1.0,1.0,1.0,1.0,1,0.29497097054736865,53
4862,0,9409,9409,0,0,0,0,1.0,1.0,1.0,1.0,1.0,1,0.29078992046872515,53
4863,3,9412,9412,0,0,0,0,1.0,1.0,1.0,1.0,1.0,1,0.29608859139575916,51
4864,1,9413,9413,0,0,0,0,1.0,1.0,1.0,1.0,1.0,1,0.29755939560881617,53
4865,6,9419,9419,0,0,0,0,1.0,1.0,1.0,1.0,1.0,1,0.2615836903036052,52
4866,2,9421,9421,0,0,0,0,1.0,1.0,1.0,1.0,1.0,1,0.23250818615514607,53
4867,3,9424,9424,0,0,0,0,1.0,1.0,1.0,1.0,1.0,1,0.22128815687890768,51
4868,3,9427,9427,0,0,0,0,1.0,1.0,1.0,1.0,1.0,1,0.1944185096279152,53
4869,3,9430,9430,0,0,0,0,1.0,1.0,1.0,1.0,1.0,1,0.1619423591433465,53
4870,6,9436,9436,0,0,0,0,1.0,1.0,1.0,1.0,1.0,1,0.23513436308692795,55
4871,2,9438,9438,0,0,0,0,1.0,1.0,1.0,1.0,1.0,1,0.20778248406796554,55
4872,2,9440,9440,0,0,0,0,1.0,1.0,1.0,1.0,1.0,1,0.2674613317470078,56
4873,3,9443,9443,0,0,0,0,1.0,1.0,1.0,1.0,1.0,1,0.24104962921931702,56
4874,2,9445,9445,0,0,0,0,1.0,1.0,1.0,1.0,1.0,1,0.25870366720339927,58
4875,2,9447,9447,0,0,0,0,1.0,1.0,1.0,1.0,1.0,1,0.23047691446561075,56
4876,3,9450,9450,0,0,0,0,1.0,1.0,1.0,1.0,1.0,1,0.2746354522891932,56
4877,2,9452,9452,0,0,0,0,1.0,1.0,1.0,1.0,1.0,1,0.25973364526331527,54
4878,0,9452,9452,0,0,0,0,1.0,1.0,1.0,1.0,1.0,1,0.25973364526331527,54
4879,0,9452,9452,0,0,0,0,1.0,1.0,1.0,1.0,1.0,1,0.2260762127662324,54
4880,4,9456,9456,0,0,0,0,1.0,1.0,1.0,1.0,1.0,1,0.23830664187977035,53
4881,1,9457,9457,0,0,0,0,1.0,1.0,1.0,1.0,1.0,1,0.25846550464781826,54
4882,0,9457,9457,0,0,0,0,1.0,1.0,1.0,1.0,1.0,1,0.23883599435978464,52
4883,4,9461,9461,0,0,0,0,1.0,1.0,1.0,1.0,1.0,1,0.20626911855414878,54
4884,0,9461,9461,0,0,0,0,1.0,1.0,1.0,1.0,1.0,1,0.18344777920009636,52
4885,2,9463,9463,0,0,0,0,1.0,1.0,1.0,1.0,1.0,1,0.21033820419185514,51
4886,4,9467,9467,0,0,0,0,1.0,1.0,1.0,1.0,1.0,1,0.25303578366115614,50
4887,1,9468,9468,0,0,0,0,1.0,1.0,1.0,1.0,1.0,1,0.28482119094895547,49
4888,2,9470,9470,0,0,0,0,1.0,1.0,1.0,1.0,1.0,1,0.3280853112898403,48
4889,2,9472,9472,0,0,0,0,1.0,1.0,1.0,1.0,1.0,1,0.3720495667884452,48
4890,2,9474,9474,0,0,0,0,1.0,1.0,1.0,1.0,1.0,1,0.3603885398993242,48
4891,0,9474,9474,0,0,0,0,1.0,1.0,1.0,1.0,1.0,1,0.34512266242435335,49
4892,3,9477,9477,0,0,0,0,1.0,1.0,1.0,1.0,1.0,1,0.3653346946075298,51
4893,2,9479,9479,0,0,0,0,1.0,1.0,1.0,1.0,1.0,1,0.32093692606893665,51
4894,1,9480,9480,0,0,0,0,1.0,1.0,1.0,1.0,1.0,1,0.29500046940413993,52
4895,2,9482,9482,0,0,0,0,1.0,1.0,1.0,1.0,1.0,1,0.30704568621461764,52
4896,1,9483,9483,0,0,0,0,1.0,1.0,1.0,1.0,1.0,1,0.27550420658911223,51
4897,2,9485,9485,0,0,0,0,1.0,1.0,1.0,1.0,1.0,1,0.23303034330917638,52
4898,1,9486,9486,0,0,0,0,1.0,1.0,1.0,1.0,1.0,1,0.22962447138186384,52
4899,2,9488,9488,0,0,0,0,1.0,1.0,1.0,1.0,1.0,1,0.21912670499810635,53
4900,1,9489,9489,0,0,0,0,1.0,1.0,1.0,1.0,1.0,1,0.20795513670031243,54
4901,2,9491,9491,0,0,0,0,1.0,1.0,1.0,1.0,1.0,1,0.24279810843329502,54
4902,1,9492,9492,0,0,0,0,1.0,1.0,1.0,1.0,1.0,1,0.24505688743827542,55
4903,1,9493,9493,0,0,0,0,1.0,1.0,1.0,1.0,1.0,1,0.24889546465995316,56
4904,3,9496,9496,0,0,0,0,1.0,1.0,1.0,1.0,1.0,1,0.2740789980637783,55
4905,2,9498,9498,0,0,0,0,1.0,1.0,1.0,1.0,1.0,1,0.3157607435760831,54
4906,1,9499,9499,0,0,0,0,1.0,1.0,1.0,1.0,1.0,1,0.31403340775176,54
4907,1,9500,9500,0,0,0,0,1.0,1.0,1.0,1.0,1.0,1,0.30197869662017046,54
4908,1,9501,9501,0,0,0,0,1.0,1.0,1.0,1.0,1.0,1,0.2813810156234957,53
4909,4,9505,9505,0,0,0,0,1.0,1.0,1.0,1.0,1.0,1,0.2655982475902051,54
4910,4,9509,9509,0,0,0,0,1.0,1.0,1.0,1.0,1.0,1,0.2871243905964919,55
4911,3,9512,9512,0,0,0,0,1.0,1.0,1.0,1.0,1.0,1,0.2744300053931042,57
4912,3,9515,9515,0,0,0,0,1.0,1.0,1.0,1.0,1.0,1,0.27414523555773057,57
4913,1,9516,9516,0,0,0,0,1.0,1.0,1.0,1.0,1.0,1,0.2608892635359604,56
4914,2,9518,9518,0,0,0,0,1.0,1.0,1.0,1.0,1.0,1,0.2348387467170265,56
4915,4,9522,9522,0,0,0,0,1.0,1.0,1.0,1.0,1.0,1,0.26309739927652204,56
4916,1,9523,9523,0,0,0,0,1.0,1.0,1.0,1.0,1.0,1,0.2835173994076752,54
4917,3,9526,9526,0,0,0,0,1.0,1.0,1.0,1.0,1.0,1,0.24794063446792197,53
4918,2,9528,9528,0,0,0,0,1.0,1.0,1.0,1.0,1.0,1,0.2611950885042908,52
4919,3,9531,9531,0,0,0,0,1.0,1.0,1.0,1.0,1.0,1,0.37840462333418173,49
4920,6,9537,9537,0,0,0,0,1.0,1.0,1.0,1.0,1.0,1,0.3853320602482761,49
4921,2,9539,9539,0,0,0,0,1.0,1.0,1.0,1.0,1.0,1,0.371605046123481,50
4922,3,9542,9542,0,0,0,0,1.0,1.0,1.0,1.0,1.0,1,0.3995028682243568,50
4923,6,9548,9548,0,0,0,0,1.0,1.0,1.0,1.0,1.0,1,0.35126323276113536,52
4924,3,9551,9551,0,0,0,0,1.0,1.0,1.0,1.0,1.0,1,0.3551468684226403,53
4925,2,9553,9553,0,0,0,0,1.0,1.0,1.0,1.0,1.0,1,0.39315570343887823,54
4926,1,9554,9554,0,0,0,0,1.0,1.0,1.0,1.0,1.0,1,0.384008828494565,54
4927,1,9555,9555,0,0,0,0,1.0,1.0,1.0,1.0,1.0,1,0.3725181238349802,54
4928,1,9556,9556,0,0,0,0,1.0,1.0,1.0,1.0,1.0,1,0.3915498498936684,54
4929,1,9557,9557,0,0,0,0,1.0,1.0,1.0,1.0,1.0,1,0.37767744626654626,55
4930,2,9559,9559,0,0,0,0,1.0,1.0,1.0,1.0,1.0,1,0.35804628422137813,58
4931,2,9561,9561,0,0,0,0,1.0,1.0,1.0,1.0,1.0,1,0.37675374750205104,58
4932,2,9563,9563,0,0,0,0,1.0,1.0,1.0,1.0,1.0,1,0.3608012664192964,59
4933,1,9564,9564,0,0,0,0,1.0,1.0,1.0,1.0,1.0,1,0.37106674927180316,59
4934,2,9566,9566,0,0,0,0,1.0,1.0,1.0,1.0,1.0,1,0.32184183751562995,59
4935,1,9567,9567,0,0,0,0,1.0,1.0,1.0,1.0,1.0,1,0.3423728032206436,59
4936,2,9569,9569,0,0,0,0,1.0,1.0,1.0,1.0,1.0,1,0.33932023891876806,59
4937,1,9570,9570,0,0,0,0,1.0,1.0,1.0,1.0,1.0,1,0.3262477724446772,61
4938,1,9571,9571,0,0,0,0,1.0,1.0,1.0,1.0,1.0,1,0.3068950283273249,62
4939,0,9571,9571,0,0,0,0,1.0,1.0,1.0,1.0,1.0,1,0.30582185491802083,63
4940,1,9572,9572,0,0,0,0,1.0,1.0,1.0,1.0,1.0,1,0.3050102934707551,65
4941,1,9573,9573,0,0,0,0,1.0,1.0,1.0,1.0,1.0,1,0.2963792962279571,65
4942,1,9574,9574,0,0,0,0,1.0,1.0,1.0,1.0,1.0,1,0.2712125094886426,67
4943,2,9576,9576,0,0,0,0,1.0,1.0,1.0,1.0,1.0,1,0.26270321982628353,66
4944,0,9576,9576,0,0,0,0,1.0,1.0,1.0,1.0,1.0,1,0.28266020278088394,63
4945,2,9578,9578,0,0,0,0,1.0,1.0,1.0,1.0,1.0,1,0.2660210467935464,61
4946,3,9581,9581,0,0,0,0,1.0,1.0,1.0,1.0,1.0,1,0.2940444213882594,60
4947,2,9583,9583,0,0,0,0,1.0,1.0,1.0,1.0,1.0,1,0.2643593622151857,58
4948,1,9584,9584,0,0,0,0,1.0,1.0,1.0,1.0,1.0,1,0.2657720730469508,57
4949,5,9589,9589,0,0,0,0,1.0,1.0,1.0,1.0,1.0,1,0.2546841578274148,56
4950,3,9592,9592,0,0,0,0,1.0,1.0,1.0,1.0,1.0,1,0.2441471708469936,57
4951,4,9596,9596,0,0,0,0,1.0,1.0,1.0,1.0,1.0,1,0.2496892305342553,55
4952,1,9597,9597,0,0,0,0,1.0,1.0,1.0,1.0,1.0,1,0.2696706963028377,55
4953,5,9602,9602,0,0,0,0,1.0,1.0,1.0,1.0,1.0,1,0.24418806582081148,54
4954,2,9604,9604,0,0,0,0,1.0,1.0,1.0,1.0,1.0,1,0.27869949661152954,54
4955,2,9606,9606,0,0,0,0,1.0,1.0,1.0,1.0,1.0,1,0.2524699133338844,52
4956,0,9606,9606,0,0,0,0,1.0,1.0,1.0,1.0,1.0,1,0.2524699133338844,52
4957,3,9609,9609,0,0,0,0,1.0,1.0,1.0,1.0,1.0,1,0.250984532177859,53
4958,2,9611,9611,0,0,0,0,1.0,1.0,1.0,1.0,1.0,1,0.22025529454481094,52
4959,0,9611,9611,0,0,0,0,1.0,1.0,1.0,1.0,1.0,1,0.2260656104491425,51
4960,0,9611,9611,0,0,0,0,1.0,1.0,1.0,1.0,1.0,1,0.21924538935613702,53
4961,2,9613,9613,0,0,0,0,1.0,1.0,1.0,1.0,1.0,1,0.23301167497560282,53
4962,0,9613,9613,0,0,0,0,1.0,1.0,1.0,1.0,1.0,1,0.2406549133811406,55
4963,2,9615,9615,0,0,0,0,1.0,1.0,1.0,1.0,1.0,1,0.2786988111024477,54
4964,4,9619,9619,0,0,0,0,1.0,1.0,1.0,1.0,1.0,1,0.24655065648168253,54
4965,3,9622,9622,0,0,0,0,1.0,1.0,1.0,1.0,1.0,1,0.30048456664949025,54
4966,4,9626,9626,0,0,0,0,1.0,1.0,1.0,1.0,1.0,1,0.26829520190833417,54
4967,3,9629,9629,0,0,0,0,1.0,1.0,1.0,1.0,1.0,1,0.27405671772201473,55
4968,4,9633,9633,0,0,0,0,1.0,1.0,1.0,1.0,1.0,1,0.2651746128866194,55
4969,3,9636,9636,0,0,0,0,1.0,1.0,1.0,1.0,1.0,1,0.244540606168737,57
4970,3,9639,9639,0,0,0,0,1.0,1.0,1.0,1.0,1.0,1,0.2531633645563842,56
4971,2,9641,9641,0,0,0,0,1.0,1.0,1.0,1.0,1.0,1,0.21808421765919334,57
4972,0,9641,9641,0,0,0,0,1.0,1.0,1.0,1.0,1.0,1,0.24701195857377756,57
4973,4,9645,9645,0,0,0,0,1.0,1.0,1.0,1.0,1.0,1,0.2033604987715369,60
4974,2,9647,9647,0,0,0,0,1.0,1.0,1.0,1.0,1.0,1,0.16855008929240028,58
4975,4,9651,9651,0,0,0,0,1.0,1.0,1.0,1.0,1.0,1,0.1730838720213236,59
4976,4,9655,9655,0,0,0,0,1.0,1.0,1.0,1.0,1.0,1,0.14478944671882563,59
4977,2,9657,9657,0,0,0,0,1.0,1.0,1.0,1.0,1.0,1,0.13677361335094226,59
4978,3,9660,9660,0,0,0,0,1.0,1.0,1.0,1.0,1.0,1,0.12950708008957446,59
4979,3,9663,9663,0,0,0,0,1.0,1.0,1.0,1.0,1.0,1,0.15069923754987022,61
4980,1,9664,9664,0,0,0,0,1.0,1.0,1.0,1.0,1.0,1,0.1809311220447483,62
4981,2,9666,9666,0,0,0,0,1.0,1.0,1.0,1.0,1.0,1,0.14944954612464084,62
4982,1,9667,9667,0,0,0,0,1.0,1.0,1.0,1.0,1.0,1,0.18267393304454768,63
4983,0,9667,9667,0,0,0,0,1.0,1.0,1.0,1.0,1.0,1,0.1825718037589929,63
4984,3,9670,9670,0,0,0,0,1.0,1.0,1.0,1.0,1.0,1,0.19998789572751674,61
4985,3,9673,9673,0,0,0,0,1.0,1.0,1.0,1.0,1.0,1,0.16490850928568287,59
4986,1,9674,9674,0,0,0,0,1.0,1.0,1.0,1.0,1.0,1,0.18441941948287582,62
4987,2,9676,9676,0,0,0,0,1.0,1.0,1.0,1.0,1.0,1,0.18428413735741916,60
4988,3,9679,9679,0,0,0,0,1.0,1.0,1.0,1.0,1.0,1,0.17521460734680666,59
4989,1,9680,9680,0,0,0,0,1.0,1.0,1.0,1.0,1.0,1,0.17074525170279664,57
4990,2,9682,9682,0,0,0,0,1.0,1.0,1.0,1.0,1.0,1,0.19248425063612157,55
4991,2,9684,9684,0,0,0,0,1.0,1.0,1.0,1.0,1.0,1,0.1736455336015443,54
4992,2,9686,9686,0,0,0,0,1.0,1.0,1.0,1.0,1.0,1,0.21085538413358842,52
4993,2,9688,9688,0,0,0,0,1.0,1.0,1.0,1.0,1.0,1,0.2098679313787889,51
4994,3,9691,9691,0,0,0,0,1.0,1.0,1.0,1.0,1.0,1,0.23027176847147332,49
4995,4,9695,9695,0,0,0,0,1.0,1.0,1.0,1.0,1.0,1,0.21203630854242767,48
4996,2,9697,9697,0,0,0,0,1.0,1.0,1.0,1.0,1.0,1,0.15945638131005285,48
4997,2,9699,9699,0,0,0,0,1.0,1.0,1.0,1.0,1.0,1,0.18907300536141666,46
4998,1,9700,9700,0,0,0,0,1.0,1.0,1.0,1.0,1.0,1,0.17358665804845128,48
4999,1,9701,9701,0,0,0,0,1.0,1.0,1.0,1.0,1.0,1,0.20532584243471222,48
5000,0,9701,9701,0,0,0,0,1.0,1.0,1.0,1.0,1.0,1,0.2040633149444924,47
5001,1,9702,9702,0,0,0,0,1.0,1.0,1.0,1.0,1.0,1,0.23983031148439585,45
5002,1,9703,9703,0,0,0,0,1.0,1.0,1.0,1.0,1.0,1,0.2558897619780239,46
5003,1,9704,9704,0,0,0,0,1.0,1.0,1.0,1.0,1.0,1,0.2735016349000349,46
5004,0,9704,9704,0,0,0,0,1.0,1.0,1.0,1.0,1.0,1,0.2735016349000349,46
5005,1,9705,9705,0,0,0,0,1.0,1.0,1.0,1.0,1.0,1,0.32759974186891233,45
5006,0,9705,9705,0,0,0,0,1.0,1.0,1.0,1.0,1.0,1,0.3311201725721356,45
5007,1,9706,9706,0,0,0,0,1.0,1.0,1.0,1.0,1.0,1,0.3038312130840076,46
5008,0,9706,9706,0,0,0,0,1.0,1.0,1.0,1.0,1.0,1,0.2791486766383975,49
5009,0,9706,9706,0,0,0,0,1.0,1.0,1.0,1.0,1.0,1,0.272707198139584,49
5010,0,9706,9706,0,0,0,0,1.0,1.0,1.0,1.0,1.0,1,0.2600447939972294,50
5011,0,9706,9706,0,0,0,0,1.0,1.0,1.0,1.0,1.0,1,0.25986439875720524,51
5012,1,9707,9707,0,0,0,0,1.0,1.0,1.0,1.0,1.0,1,0.26132799355578473,52
5013,2,9709,9709,0,0,0,0,1.0,1.0,1.0,1.0,1.0,1,0.24279102613818684,52
5014,2,9711,9711,0,0,0,0,1.0,1.0,1.0,1.0,1.0,1,0.23665410598285772,53
5015,3,9714,9714,0,0,0,0,1.0,1.0,1.0,1.0,1.0,1,0.23797156325704397,54
5016,3,9717,9717,0,0,0,0,1.0,1.0,1.0,1.0,1.0,1,0.2141054826567079,55
5017,3,9720,9720,0,0,0,0,1.0,1.0,1.0,1.0,1.0,1,0.24025187667321846,55
5018,2,9722,9722,0,0,0,0,1.0,1.0,1.0,1.0,1.0,1,0.22049751713847843,56
5019,2,9724,9724,0,0,0,0,1.0,1.0,1.0,1.0,1.0,1,0.200454230810122,56
5020,2,9726,9726,0,0,0,0,1.0,1.0,1.0,1.0,1.0,1,0.23258994531501972,55
5021,2,9728,9728,0,0,0,0,1.0,1.0,1.0,1.0,1.0,1,0.2550670414202438,56
5022,0,9728,9728,0,0,0,0,1.0,1.0,1.0,1.0,1.0,1,0.2550670414202438,56
5023,5,9733,9733,0,0,0,0,1.0,1.0,1.0,1.0,1.0,1,0.30817642185145505,55
5024,1,9734,9734,0,0,0,0,1.0,1.0,1.0,1.0,1.0,1,0.2852900568648954,55
5025,4,9738,9738,0,0,0,0,1.0,1.0,1.0,1.0,1.0,1,0.29696287828135287,53
5026,2,9740,9740,0,0,0,0,1.0,1.0,1.0,1.0,1.0,1,0.31517323569679145,52
5027,2,9742,9742,0,0,0,0,1.0,1.0,1.0,1.0,1.0,1,0.2973849838334763,51
5028,1,9743,9743,0,0,0,0,1.0,1.0,1.0,1.0,1.0,1,0.29078339525363617,51
5029,1,9744,9744,0,0,0,0,1.0,1.0,1.0,1.0,1.0,1,0.318147953983766,50
5030,3,9747,9747,0,0,0,0,1.0,1.0,1.0,1.0,1.0,1,0.3302045812594922,49
5031,2,9749,9749,0,0,0,0,1.0,1.0,1.0,1.0,1.0,1,0.3457862533594816,49
5032,1,9750,9750,0,0,0,0,1.0,1.0,1.0,1.0,1.0,1,0.37253932760845476,48
5033,3,9753,9753,0,0,0,0,1.0,1.0,1.0,1.0,1.0,1,0.32324799305556307,50
5034,1,9754,9754,0,0,0,0,1.0,1.0,1.0,1.0,1.0,1,0.31266994219871014,49
5035,1,9755,9755,0,0,0,0,1.0,1.0,1.0,1.0,1.0,1,0.3209456792545247,49
5036,1,9756,9756,0,0,0,0,1.0,1.0,1.0,1.0,1.0,1,0.31579971357976233,47
5037,0,9756,9756,0,0,0,0,1.0,1.0,1.0,1.0,1.0,1,0.29479063153584667,47
5038,0,9756,9756,0,0,0,0,1.0,1.0,1.0,1.0,1.0,1,0.2751920146919269,47
5039,0,9756,9756,0,0,0,0,1.0,1.0,1.0,1.0,1.0,1,0.28480735359599446,48
5040,0,9756,9756,0,0,0,0,1.0,1.0,1.0,1.0,1.0,1,0.28480735359599446,48
5041,1,9757,9757,0,0,0,0,1.0,1.0,1.0,1.0,1.0,1,0.2525573920511278,48
5042,0,9757,9757,0,0,0,0,1.0,1.0,1.0,1.0,1.0,1,0.24544948462556793,50
5043,3,9760,9760,0,0,0,0,1.0,1.0,1.0,1.0,1.0,1,0.2800490115736513,51
5044,0,9760,9760,0,0,0,0,1.0,1.0,1.0,1.0,1.0,1,0.2800490115736513,51
5045,1,9761,9761,0,0,0,0,1.0,1.0,1.0,1.0,1.0,1,0.30272078837247746,52
5046,1,9762,9762,0,0,0,0,1.0,1.0,1.0,1.0,1.0,1,0.28718500830747656,51
5047,2,9764,9764,0,0,0,0,1.0,1.0,1.0,1.0,1.0,1,0.25750038435495076,51
5048,1,9765,9765,0,0,0,0,1.0,1.0,1.0,1.0,1.0,1,0.25571678871388737,52
5049,0,9765,9765,0,0,0,0,1.0,1.0,1.0,1.0,1.0,1,0.2576631475612582,54
5050,0,9765,9765,0,0,0,0,1.0,1.0,1.0,1.0,1.0,1,0.23457468889946004,56
5051,1,9766,9766,0,0,0,0,1.0,1.0,1.0,1.0,1.0,1,0.2273362439014677,55
5052,1,9767,9767,0,0,0,0,1.0,1.0,1.0,1.0,1.0,1,0.24072027935520732,55
5053,0,9767,9767,0,0,0,0,1.0,1.0,1.0,1.0,1.0,1,0.24072027935520732,55
5054,2,9769,9769,0,0,0,0,1.0,1.0,1.0,1.0,1.0,1,0.21979979528287397,55
5055,3,9772,9772,0,0,0,0,1.0,1.0,1.0,1.0,1.0,1,0.22309333793074654,55
5056,4,9776,9776,0,0,0,0,1.0,1.0,1.0,1.0,1.0,1,0.1799139379155819,56
5057,2,9778,9778,0,0,0,0,1.0,1.0,1.0,1.0,1.0,1,0.17385682417604578,58
5058,5,9783,9783,0,0,0,0,1.0,1.0,1.0,1.0,1.0,1,0.1236998477281927,59
5059,1,9784,9784,0,0,0,0,1.0,1.0,1.0,1.0,1.0,1,0.10942382391401269,59
5060,7,9791,9791,0,0,0,0,1.0,1.0,1.0,1.0,1.0,1,0.12393318374192676,59
5061,4,9795,9795,0,0,0,0,1.0,1.0,1.0,1.0,1.0,1,0.15734809294736765,59
5062,3,9798,9798,0,0,0,0,1.0,1.0,1.0,1.0,1.0,1,0.16995692692075076,59
5063,2,9800,9800,0,0,0,0,1.0,1.0,1.0,1.0,1.0,1,0.15871077829616703,59
5064,2,9802,9802,0,0,0,0,1.0,1.0,1.0,1.0,1.0,1,0.22934816815248912,57
5065,3,9805,9805,0,0,0,0,1.0,1.0,1.0,1.0,1.0,1,0.23569835898965052,55
5066,2,9807,9807,0,0,0,0,1.0,1.0,1.0,1.0,1.0,1,0.27738303422836263,55
5067,0,9807,9807,0,0,0,0,1.0,1.0,1.0,1.0,1.0,1,0.29500773383630274,54
5068,2,9809,9809,0,0,0,0,1.0,1.0,1.0,1.0,1.0,1,0.31198645570651,54
5069,1,9810,9810,0,0,0,0,1.0,1.0,1.0,1.0,1.0,1,0.296147065329212,54
5070,1,9811,9811,0,0,0,0,1.0,1.0,1.0,1.0,1.0,1,0.29884548113833465,52
5071,0,9811,9811,0,0,0,0,1.0,1.0,1.0,1.0,1.0,1,0.2836119577725373,54
5072,0,9811,9811,0,0,0,0,1.0,1.0,1.0,1.0,1.0,1,0.2641931152080386,52
5073,2,9813,9813,0,0,0,0,1.0,1.0,1.0,1.0,1.0,1,0.2342858718744732,51
5074,2,9815,9815,0,0,0,0,1.0,1.0,1.0,1.0,1.0,1,0.2186431190734029,52
5075,1,9816,9816,0,0,0,0,1.0,1.0,1.0,1.0,1.0,1,0.20232232118673954,53
5076,2,9818,9818,0,0,0,0,1.0,1.0,1.0,1.0,1.0,1,0.18128121363555155,53
5077,0,9818,9818,0,0,0,0,1.0,1.0,1.0,1.0,1.0,1,0.1914948527680464,56
5078,0,9818,9818,0,0,0,0,1.0,1.0,1.0,1.0,1.0,1,0.20820731116385427,55
5079,0,9818,9818,0,0,0,0,1.0,1.0,1.0,1.0,1.0,1,0.19794524230808958,56
5080,1,9819,9819,0,0,0,0,1.0,1.0,1.0,1.0,1.0,1,0.22446235351190832,57
5081,3,9822,9822,0,0,0,0,1.0,1.0,1.0,1.0,1.0,1,0.232467735537533,58
5082,3,9825,9825,0,0,0,0,1.0,1.0,1.0,1.0,1.0,1,0.21752885079926682,58
5083,2,9827,9827,0,0,0,0,1.0,1.0,1.0,1.0,1.0,1,0.22128440230601085,59
5084,6,9833,9833,0,0,0,0,1.0,1.0,1.0,1.0,1.0,1,0.19269646695763168,59
5085,5,9838,9838,0,0,0,0,1.0,1.0,1.0,1.0,1.0,1,0.23428534137916662,60
5086,4,9842,9842,0,0,0,0,1.0,1.0,1.0,1.0,1.0,1,0.1859570092455582,61
5087,8,9850,9850,0,0,0,0,1.0,1.0,1.0,1.0,1.0,1,0.16604833796040297,62
5088,5,9855,9855,0,0,0,0,1.0,1.0,1.0,1.0,1.0,1,0.19615388989957586,64
5089,5,9860,9860,0,0,0,0,1.0,1.0,1.0,1.0,1.0,1,0.17192842735461622,64
5090,6,9866,9866,0,0,0,0,1.0,1.0,1.0,1.0,1.0,1,0.15379965663354206,64
5091,3,9869,9869,0,0,0,0,1.0,1.0,1.0,1.0,1.0,1,0.16862622842190858,64
5092,5,9874,9874,0,0,0,0,1.0,1.0,1.0,1.0,1.0,1,0.17545079071974268,64
5093,4,9878,9878,0,0,0,0,1.0,1.0,1.0,1.0,1.0,1,0.1913674438737064,64
5094,5,9883,9883,0,0,0,0,1.0,1.0,1.0,1.0,1.0,1,0.19373968233026892,65
5095,1,9884,9884,0,0,0,0,1.0,1.0,1.0,1.0,1.0,1,0.19228844582787855,66
5096,5,9889,9889,0,0,0,0,1.0,1.0,1.0,1.0,1.0,1,0.21955725703783935,66
5097,2,9891,9891,0,0,0,0,1.0,1.0,1.0,1.0,1.0,1,0.21521532789324502,67
5098,4,9895,9895,0,0,0,0,1.0,1.0,1.0,1.0,1.0,1,0.2224075417504051,67
5099,0,9895,9895,0,0,0,0,1.0,1.0,1.0,1.0,1.0,1,0.22538240603598428,70
5100,0,9895,9895,0,0,0,0,1.0,1.0,1.0,1.0,1.0,1,0.2069463199366474,71
5101,0,9895,9895,0,0,0,0,1.0,1.0,1.0,1.0,1.0,1,0.1989842952286884,72
5102,1,9896,9896,0,0,0,0,1.0,1.0,1.0,1.0,1.0,1,0.19345186328712569,72
5103,3,9899,9899,0,0,0,0,1.0,1.0,1.0,1.0,1.0,1,0.1921018955871381,70
5104,2,9901,9901,0,0,0,0,1.0,1.0,1.0,1.0,1.0,1,0.20717189108467532,67
5105,2,9903,9903,0,0,0,0,1.0,1.0,1.0,1.0,1.0,1,0.23286403683806753,66
5106,2,9905,9905,0,0,0,0,1.0,1.0,1.0,1.0,1.0,1,0.2622965116208224,64
5107,1,9906,9906,0,0,0,0,1.0,1.0,1.0,1.0,1.0,1,0.26395475745776537,61
5108,3,9909,9909,0,0,0,0,1.0,1.0,1.0,1.0,1.0,1,0.26117746973792433,57
5109,4,9913,9913,0,0,0,0,1.0,1.0,1.0,1.0,1.0,1,0.24679998263221511,55
5110,2,9915,9915,0,0,0,0,1.0,1.0,1.0,1.0,1.0,1,0.24355037226524356,53
5111,3,9918,9918,0,0,0,0,1.0,1.0,1.0,1.0,1.0,1,0.24817660937450553,52
5112,4,9922,9922,0,0,0,0,1.0,1.0,1.0,1.0,1.0,1,0.2407114945510916,52
5113,1,9923,9923,0,0,0,0,1.0,1.0,1.0,1.0,1.0,1,0.22951598348697266,49
5114,3,9926,9926,0,0,0,0,1.0,1.0,1.0,1.0,1.0,1,0.21881035334635665,49
5115,2,9928,9928,0,0,0,0,1.0,1.0,1.0,1.0,1.0,1,0.1784997885005905,48
5116,1,9929,9929,0,0,0,0,1.0,1.0,1.0,1.0,1.0,1,0.19148588595422233,47
5117,2,9931,9931,0,0,0,0,1.0,1.0,1.0,1.0,1.0,1,0.22552706747564,48
5118,5,9936,9936,0,0,0,0,1.0,1.0,1.0,1.0,1.0,1,0.2930501355704059,49
5119,2,9938,9938,0,0,0,0,1.0,1.0,1.0,1.0,1.0,1,0.269686796961322,49
5120,3,9941,9941,0,0,0,0,1.0,1.0,1.0,1.0,1.0,1,0.3418833951050242,48
5121,6,9947,9947,0,0,0,0,1.0,1.0,1.0,1.0,1.0,1,0.3071082163674503,48
5122,1,9948,9948,0,0,0,0,1.0,1.0,1.0,1.0,1.0,1,0.33793225929677356,46
5123,5,9953,9953,0,0,0,0,1.0,1.0,1.0,1.0,1.0,1,0.27484500561956016,46
5124,4,9957,9957,0,0,0,0,1.0,1.0,1.0,1.0,1.0,1,0.2362018881673219,47
5125,2,9959,9959,0,0,0,0,1.0,1.0,1.0,1.0,1.0,1,0.2371138260229012,49
5126,3,9962,9962,0,0,0,0,1.0,1.0,1.0,1.0,1.0,1,0.20482448835076944,49
5127,6,9968,9968,0,0,0,0,1.0,1.0,1.0,1.0,1.0,1,0.18830073577597942,51
5128,1,9969,9969,0,0,0,0,1.0,1.0,1.0,1.0,1.0,1,0.21439888001094873,53
5129,3,9972,9972,0,0,0,0,1.0,1.0,1.0,1.0,1.0,1,0.22443601549227818,55
5130,2,9974,9974,0,0,0,0,1.0,1.0,1.0,1.0,1.0,1,0.25254280807855006,55
5131,2,9976,9976,0,0,0,0,1.0,1.0,1.0,1.0,1.0,1,0.2636554217286448,55
5132,1,9977,9977,0,0,0,0,1.0,1.0,1.0,1.0,1.0,1,0.2431282335755153,55
5133,0,9977,9977,0,0,0,0,1.0,1.0,1.0,1.0,1.0,1,0.23848055125308076,56
5134,2,9979,9979,0,0,0,0,1.0,1.0,1.0,1.0,1.0,1,0.26070574823417103,56
5135,0,9979,9979,0,0,0,0,1.0,1.0,1.0,1.0,1.0,1,0.26070574823417103,56
5136,4,9983,9983,0,0,0,0,1.0,1.0,1.0,1.0,1.0,1,0.2650343591402003,55
5137,0,9983,9983,0,0,0,0,1.0,1.0,1.0,1.0,1.0,1,0.24246619168725037,55
5138,3,9986,9986,0,0,0,0,1.0,1.0,1.0,1.0,1.0,1,0.2032861222586879,54
5139,2,9988,9988,0,0,0,0,1.0,1.0,1.0,1.0,1.0,1,0.2128692327363449,54
5140,2,9990,9990,0,0,0,0,1.0,1.0,1.0,1.0,1.0,1,0.17015278626691957,54
5141,1,9991,9991,0,0,0,0,1.0,1.0,1.0,1.0,1.0,1,0.1640533260686498,53
5142,4,9995,9995,0,0,0,0,1.0,1.0,1.0,1.0,1.0,1,0.17104401381557008,55
5143,2,9997,9997,0,0,0,0,1.0,1.0,1.0,1.0,1.0,1,0.164857580021668,54
5144,2,9999,9999,0,0,0,0,1.0,1.0,1.0,1.0,1.0,1,0.17071048087873342,50
5145,1,10000,10000,0,0,0,0,1.0,1.0,1.0,1.0,1.0,1,0.17341392434613603,51
5146,0,10000,10000,0,0,0,0,1.0,1.0,1.0,1.0,1.0,1,0.17469821694132082,48
5147,3,10003,10003,0,0,0,0,1.0,1.0,1.0,1.0,1.0,1,0.1892043468723873,49
5148,3,10006,10006,0,0,0,0,1.0,1.0,1.0,1.0,1.0,1,0.17772913281627356,47
5149,3,10009,10009,0,0,0,0,1.0,1.0,1.0,1.0,1.0,1,0.200350701270213,46
5150,1,10010,10010,0,0,0,0,1.0,1.0,1.0,1.0,1.0,1,0.22099806636812175,46
5151,0,10010,10010,0,0,0,0,1.0,1.0,1.0,1.0,1.0,1,0.21190749955146404,45
5152,2,10012,10012,0,0,0,0,1.0,1.0,1.0,1.0,1.0,1,0.17552052346517286,45
5153,1,10013,10013,0,0,0,0,1.0,1.0,1.0,1.0,1.0,1,0.2071929317858005,45
5154,1,10014,10014,0,0,0,0,1.0,1.0,1.0,1.0,1.0,1,0.23396829227692273,45
5155,3,10017,10017,0,0,0,0,1.0,1.0,1.0,1.0,1.0,1,0.2503210006308591,44
5156,1,10018,10018,0,0,0,0,1.0,1.0,1.0,1.0,1.0,1,0.24917628975104422,44
5157,1,10019,10019,0,0,0,0,1.0,1.0,1.0,1.0,1.0,1,0.2484405057840986,42
5158,0,10019,10019,0,0,0,0,1.0,1.0,1.0,1.0,1.0,1,0.25132829504622234,43
5159,1,10020,10020,0,0,0,0,1.0,1.0,1.0,1.0,1.0,1,0.2603044348755637,43
5160,1,10021,10021,0,0,0,0,1.0,1.0,1.0,1.0,1.0,1,0.24946333193023748,43
5161,1,10022,10022,0,0,0,0,1.0,1.0,1.0,1.0,1.0,1,0.23345669181111403,43
5162,2,10024,10024,0,0,0,0,1.0,1.0,1.0,1.0,1.0,1,0.2365533459550213,44
5163,5,10029,10029,0,0,0,0,1.0,1.0,1.0,1.0,1.0,1,0.2059085581189891,46
5164,1,10030,10030,0,0,0,0,1.0,1.0,1.0,1.0,1.0,1,0.19558836808247082,46
5165,5,10035,10035,0,0,0,0,1.0,1.0,1.0,1.0,1.0,1,0.2147072245684573,46
5166,1,10036,10036,0,0,0,0,1.0,1.0,1.0,1.0,1.0,1,0.22131927190305548,47
5167,6,10042,10042,0,0,0,0,1.0,1.0,1.0,1.0,1.0,1,0.21826843355289216,47
5168,1,10043,10043,0,0,0,0,1.0,1.0,1.0,1.0,1.0,1,0.21000914733691284,47
5169,2,10045,10045,0,0,0,0,1.0,1.0,1.0,1.0,1.0,1,0.2151142419191274,47
5170,0,10045,10045,0,0,0,0,1.0,1.0,1.0,1.0,1.0,1,0.20007171552255437,48
5171,0,10045,10045,0,0,0,0,1.0,1.0,1.0,1.0,1.0,1,0.20007171552255437,48
5172,0,10045,10045,0,0,0,0,1.0,1.0,1.0,1.0,1.0,1,0.18130688188629254,49
5173,1,10046,10046,0,0,0,0,1.0,1.0,1.0,1.0,1.0,1,0.18610276774951207,49
5174,1,10047,10047,0,0,0,0,1.0,1.0,1.0,1.0,1.0,1,0.1684709435014072,52
5175,3,10050,10050,0,0,0,0,1.0,1.0,1.0,1.0,1.0,1,0.20304285456480287,53
5176,1,10051,10051,0,0,0,0,1.0,1.0,1.0,1.0,1.0,1,0.20617857621816807,54
5177,2,10053,10053,0,0,0,0,1.0,1.0,1.0,1.0,1.0,1,0.21477362018461965,54
5178,4,10057,10057,0,0,0,0,1.0,1.0,1.0,1.0,1.0,1,0.23543769403391984,55
5179,1,10058,10058,0,0,0,0,1.0,1.0,1.0,1.0,1.0,1,0.21838972278122096,53
5180,3,10061,10061,0,0,0,0,1.0,1.0,1.0,1.0,1.0,1,0.2729601636087393,52
5181,1,10062,10062,0,0,0,0,1.0,1.0,1.0,1.0,1.0,1,0.26383077322558757,52
5182,1,10063,10063,0,0,0,0,1.0,1.0,1.0,1.0,1.0,1,0.2735284957708141,52
5183,1,10064,10064,0,0,0,0,1.0,1.0,1.0,1.0,1.0,1,0.24422457082097956,52
5184,0,10064,10064,0,0,0,0,1.0,1.0,1.0,1.0,1.0,1,0.2442266568624258,52
5185,2,10066,10066,0,0,0,0,1.0,1.0,1.0,1.0,1.0,1,0.25795767765431277,50
5186,0,10066,10066,0,0,0,0,1.0,1.0,1.0,1.0,1.0,1,0.27392883568134485,48
5187,1,10067,10067,0,0,0,0,1.0,1.0,1.0,1.0,1.0,1,0.31231786682371643,46
5188,0,10067,10067,0,0,0,0,1.0,1.0,1.0,1.0,1.0,1,0.307175802264697,44
5189,3,10070,10070,0,0,0,0,1.0,1.0,1.0,1.0,1.0,1,0.21254445679126163,44
5190,0,10070,10070,0,0,0,0,1.0,1.0,1.0,1.0,1.0,1,0.21210524472592215,45
5191,2,10072,10072,0,0,0,0,1.0,1.0,1.0,1.0,1.0,1,0.23411114427401947,45
5192,3,10075,10075,0,0,0,0,1.0,1.0,1.0,1.0,1.0,1,0.2748439375351998,45
5193,3,10078,10078,0,0,0,0,1.0,1.0,1.0,1.0,1.0,1,0.24168239200879174,45
5194,5,10083,10083,0,0,0,0,1.0,1.0,1.0,1.0,1.0,1,0.2462193550613386,45
5195,0,10083,10083,0,0,0,0,1.0,1.0,1.0,1.0,1.0,1,0.2463248839825304,46
5196,2,10085,10085,0,0,0,0,1.0,1.0,1.0,1.0,1.0,1,0.19403900724971626,46
5197,2,10087,10087,0,0,0,0,1.0,1.0,1.0,1.0,1.0,1,0.19489037745826485,46
5198,3,10090,10090,0,0,0,0,1.0,1.0,1.0,1.0,1.0,1,0.2245700904024476,47
5199,1,10091,10091,0,0,0,0,1.0,1.0,1.0,1.0,1.0,1,0.24083988700551773,49
5200,1,10092,10092,0,0,0,0,1.0,1.0,1.0,1.0,1.0,1,0.23390435022531889,49
5201,0,10092,10092,0,0,0,0,1.0,1.0,1.0,1.0,1.0,1,0.21859575192720201,50
5202,0,10092,10092,0,0,0,0,1.0,1.0,1.0,1.0,1.0,1,0.2078627791102453,52
5203,0,10092,10092,0,0,0,0,1.0,1.0,1.0,1.0,1.0,1,0.2078627791102453,52
5204,1,10093,10093,0,0,0,0,1.0,1.0,1.0,1.0,1.0,1,0.19129550061997955,54
5205,1,10094,10094,0,0,0,0,1.0,1.0,1.0,1.0,1.0,1,0.2134052983902096,54
5206,1,10095,10095,0,0,0,0,1.0,1.0,1.0,1.0,1.0,1,0.20388932931900897,55
5207,1,10096,10096,0,0,0,0,1.0,1.0,1.0,1.0,1.0,1,0.235189831354836,54
5208,2,10098,10098,0,0,0,0,1.0,1.0,1.0,1.0,1.0,1,0.20137380611434036,54
5209,2,10100,10100,0,0,0,0,1.0,1.0,1.0,1.0,1.0,1,0.23870900635805664,54
5210,2,10102,10102,0,0,0,0,1.0,1.0,1.0,1.0,1.0,1,0.2271297295066592,54
5211,2,10104,10104,0,0,0,0,1.0,1.0,1.0,1.0,1.0,1,0.25854317449816533,56
5212,0,10104,10104,0,0,0,0,1.0,1.0,1.0,1.0,1.0,1,0.2509774109522618,57
5213,4,10108,10108,0,0,0,0,1.0,1.0,1.0,1.0,1.0,1,0.25863171835267673,57
5214,1,10109,10109,0,0,0,0,1.0,1.0,1.0,1.0,1.0,1,0.25484222383069843,58
5215,2,10111,10111,0,0,0,0,1.0,1.0,1.0,1.0,1.0,1,0.25017793987977893,57
5216,3,10114,10114,0,0,0,0,1.0,1.0,1.0,1.0,1.0,1,0.27323510045517974,57
5217,2,10116,10116,0,0,0,0,1.0,1.0,1.0,1.0,1.0,1,0.25249240148473134,56
5218,5,10121,10121,0,0,0,0,1.0,1.0,1.0,1.0,1.0,1,0.2693673994690918,56
5219,1,10122,10122,0,0,0,0,1.0,1.0,1.0,1.0,1.0,1,0.26254614132854587,54
5220,2,10124,10124,0,0,0,0,1.0,1.0,1.0,1.0,1.0,1,0.2676317021297618,53
5221,3,10127,10127,0,0,0,0,1.0,1.0,1.0,1.0,1.0,1,0.24762789358630644,52
5222,0,10127,10127,0,0,0,0,1.0,1.0,1.0,1.0,1.0,1,0.2563738918486597,52
5223,6,10133,10133,0,0,0,0,1.0,1.0,1.0,1.0,1.0,1,0.20386112174046406,52
5224,1,10134,10134,0,0,0,0,1.0,1.0,1.0,1.0,1.0,1,0.21178913435990684,52
5225,6,10140,10140,0,0,0,0,1.0,1.0,1.0,1.0,1.0,1,0.2118932434618042,50
5226,1,10141,10141,0,0,0,0,1.0,1.0,1.0,1.0,1.0,1,0.22937727093948262,51
5227,3,10144,10144,0,0,0,0,1.0,1.0,1.0,1.0,1.0,1,0.27892793177404634,49
5228,3,10147,10147,0,0,0,0,1.0,1.0,1.0,1.0,1.0,1,0.26693941140266014,48
5229,2,10149,10149,0,0,0,0,1.0,1.0,1.0,1.0,1.0,1,0.29127718645297446,49
5230,1,10150,10150,0,0,0,0,1.0,1.0,1.0,1.0,1.0,1,0.3074499191920397,49
5231,2,10152,10152,0,0,0,0,1.0,1.0,1.0,1.0,1.0,1,0.30640637546806565,49
5232,2,10154,10154,0,0,0,0,1.0,1.0,1.0,1.0,1.0,1,0.2875654917968419,51
5233,2,10156,10156,0,0,0,0,1.0,1.0,1.0,1.0,1.0,1,0.25480086270747265,51
5234,2,10158,10158,0,0,0,0,1.0,1.0,1.0,1.0,1.0,1,0.2256024448645364,52
5235,1,10159,10159,0,0,0,0,1.0,1.0,1.0,1.0,1.0,1,0.21228168294800379,52
5236,2,10161,10161,0,0,0,0,1.0,1.0,1.0,1.0,1.0,1,0.18259158576487225,52
5237,1,10162,10162,0,0,0,0,1.0,1.0,1.0,1.0,1.0,1,0.1606129423561057,53
5238,1,10163,10163,0,0,0,0,1.0,1.0,1.0,1.0,1.0,1,0.1477127949795715,53
5239,1,10164,10164,0,0,0,0,1.0,1.0,1.0,1.0,1.0,1,0.1603712613869267,53
5240,4,10168,10168,0,0,0,0,1.0,1.0,1.0,1.0,1.0,1,0.18887615808242483,55
5241,2,10170,10170,0,0,0,0,1.0,1.0,1.0,1.0,1.0,1,0.17462129518301797,56
5242,4,10174,10174,0,0,0,0,1.0,1.0,1.0,1.0,1.0,1,0.20994309449317322,54
5243,3,10177,10177,0,0,0,0,1.0,1.0,1.0,1.0,1.0,1,0.20407280775780112,55
5244,2,10179,10179,0,0,0,0,1.0,1.0,1.0,1.0,1.0,1,0.2377022734661855,55
5245,6,10185,10185,0,0,0,0,1.0,1.0,1.0,1.0,1.0,1,0.26091158624931443,55
5246,2,10187,10187,0,0,0,0,1.0,1.0,1.0,1.0,1.0,1,0.2313472167421802,55
5247,6,10193,10193,0,0,0,0,1.0,1.0,1.0,1.0,1.0,1,0.22591964519154548,54
5248,5,10198,10198,0,0,0,0,1.0,1.0,1.0,1.0,1.0,1,0.17407734415309234,53
5249,1,10199,10199,0,0,0,0,1.0,1.0,1.0,1.0,1.0,1,0.15172033712383481,55
5250,1,10200,10200,0,0,0,0,1.0,1.0,1.0,1.0,1.0,1,0.13091311178240814,55
5251,4,10204,10204,0,0,0,0,1.0,1.0,1.0,1.0,1.0,1,0.16218199911640882,57
5252,0,10204,10204,0,0,0,0,1.0,1.0,1.0,1.0,1.0,1,0.14341899650255907,58
5253,3,10207,10207,0,0,0,0,1.0,1.0,1.0,1.0,1.0,1,0.14630322704215518,59
5254,3,10210,10210,0,0,0,0,1.0,1.0,1.0,1.0,1.0,1,0.22388822519081264,59
5255,2,10212,10212,0,0,0,0,1.0,1.0,1.0,1.0,1.0,1,0.2622190292122755,58
5256,1,10213,10213,0,0,0,0,1.0,1.0,1.0,1.0,1.0,1,0.23485709572042576,59
5257,2,10215,10215,0,0,0,0,1.0,1.0,1.0,1.0,1.0,1,0.1817196070794149,58
5258,4,10219,10219,0,0,0,0,1.0,1.0,1.0,1.0,1.0,1,0.1993585609245952,56
5259,3,10222,10222,0,0,0,0,1.0,1.0,1.0,1.0,1.0,1,0.23121030468023632,56
5260,3,10225,10225,0,0,0,0,1.0,1.0,1.0,1.0,1.0,1,0.25331484722499203,55
5261,2,10227,10227,0,0,0,0,1.0,1.0,1.0,1.0,1.0,1,0.2514146229324493,54
5262,4,10231,10231,0,0,0,0,1.0,1.0,1.0,1.0,1.0,1,0.2709051197006007,54
5263,1,10232,10232,0,0,0,0,1.0,1.0,1.0,1.0,1.0,1,0.24618440624616253,53
5264,2,10234,10234,0,0,0,0,1.0,1.0,1.0,1.0,1.0,1,0.23671511605125933,51
5265,1,10235,10235,0,0,0,0,1.0,1.0,1.0,1.0,1.0,1,0.2282029269152835,50
5266,2,10237,10237,0,0,0,0,1.0,1.0,1.0,1.0,1.0,1,0.26606264709621147,49
5267,1,10238,10238,0,0,0,0,1.0,1.0,1.0,1.0,1.0,1,0.2577483211727683,48
5268,2,10240,10240,0,0,0,0,1.0,1.0,1.0,1.0,1.0,1,0.28343019714446593,47
5269,4,10244,10244,0,0,0,0,1.0,1.0,1.0,1.0,1.0,1,0.2966651381536735,45
5270,1,10245,10245,0,0,0,0,1.0,1.0,1.0,1.0,1.0,1,0.29682575191492633,47
5271,3,10248,10248,0,0,0,0,1.0,1.0,1.0,1.0,1.0,1,0.3152478498714864,45
5272,0,10248,10248,0,0,0,0,1.0,1.0,1.0,1.0,1.0,1,0.30329300073841403,46
5273,4,10252,10252,0,0,0,0,1.0,1.0,1.0,1.0,1.0,1,0.240229649299109,44
5274,3,10255,10255,0,0,0,0,1.0,1.0,1.0,1.0,1.0,1,0.3040361744725604,44
5275,3,10258,10258,0,0,0,0,1.0,1.0,1.0,1.0,1.0,1,0.24082785250066696,46
5276,1,10259,10259,0,0,0,0,1.0,1.0,1.0,1.0,1.0,1,0.2048204149176282,46
5277,3,10262,10262,0,0,0,0,1.0,1.0,1.0,1.0,1.0,1,0.19700761761356334,46
5278,2,10264,10264,0,0,0,0,1.0,1.0,1.0,1.0,1.0,1,0.21744980377033785,46
5279,3,10267,10267,0,0,0,0,1.0,1.0,1.0,1.0,1.0,1,0.19906443675669466,47
5280,4,10271,10271,0,0,0,0,1.0,1.0,1.0,1.0,1.0,1,0.26989017626927747,47
5281,0,10271,10271,0,0,0,0,1.0,1.0,1.0,1.0,1.0,1,0.2810211104966708,48
5282,0,10271,10271,0,0,0,0,1.0,1.0,1.0,1.0,1.0,1,0.2810211104966708,48
5283,3,10274,10274,0,0,0,0,1.0,1.0,1.0,1.0,1.0,1,0.2616295744686397,49
5284,1,10275,10275,0,0,0,0,1.0,1.0,1.0,1.0,1.0,1,0.24918350602788797,49
5285,1,10276,10276,0,0,0,0,1.0,1.0,1.0,1.0,1.0,1,0.22455795127361833,50
5286,0,10276,10276,0,0,0,0,1.0,1.0,1.0,1.0,1.0,1,0.23434391183573478,51
5287,1,10277,10277,0,0,0,0,1.0,1.0,1.0,1.0,1.0,1,0.2263601738967564,51
5288,0,10277,10277,0,0,0,0,1.0,1.0,1.0,1.0,1.0,1,0.2263601738967564,51
5289,1,10278,10278,0,0,0,0,1.0,1.0,1.0,1.0,1.0,1,0.21924994267271114,53
5290,1,10279,10279,0,0,0,0,1.0,1.0,1.0,1.0,1.0,1,0.19815853154488658,53
5291,4,10283,10283,0,0,0,0,1.0,1.0,1.0,1.0,1.0,1,0.20923935453808007,53
5292,1,10284,10284,0,0,0,0,1.0,1.0,1.0,1.0,1.0,1,0.20671136626253608,53
5293,5,10289,10289,0,0,0,0,1.0,1.0,1.0,1.0,1.0,1,0.23324434220590484,53
5294,4,10293,10293,0,0,0,0,1.0,1.0,1.0,1.0,1.0,1,0.21136816839188807,54
5295,2,10295,10295,0,0,0,0,1.0,1.0,1.0,1.0,1.0,1,0.23467262280765538,52
5296,4,10299,10299,0,0,0,0,1.0,1.0,1.0,1.0,1.0,1,0.24531864879676205,49
5297,1,10300,10300,0,0,0,0,1.0,1.0,1.0,1.0,1.0,1,0.2496493878119821,49
5298,0,10300,10300,0,0,0,0,1.0,1.0,1.0,1.0,1.0,1,0.25223762058547494,49
5299,0,10300,10300,0,0,0,0,1.0,1.0,1.0,1.0,1.0,1,0.24158222342756006,50
5300,0,10300,10300,0,0,0,0,1.0,1.0,1.0,1.0,1.0,1,0.2705216293574322,48
5301,0,10300,10300,0,0,0,0,1.0,1.0,1.0,1.0,1.0,1,0.29945704360649145,46
5302,0,10300,10300,0,0,0,0,1.0,1.0,1.0,1.0,1.0,1,0.2901559202708845,47
5303,0,10300,10300,0,0,0,0,1.0,1.0,1.0,1.0,1.0,1,0.2911070000957453,46
5304,1,10301,10301,0,0,0,0,1.0,1.0,1.0,1.0,1.0,1,0.3177794320271234,45
5305,0,10301,10301,0,0,0,0,1.0,1.0,1.0,1.0,1.0,1,0.31879128558188213,44
5306,0,10301,10301,0,0,0,0,1.0,1.0,1.0,1.0,1.0,1,0.3467716255048293,42
5307,1,10302,10302,0,0,0,0,1.0,1.0,1.0,1.0,1.0,1,0.31680948377620494,42
5308,0,10302,10302,0,0,0,0,1.0,1.0,1.0,1.0,1.0,1,0.3157213276942436,43
5309,0,10302,10302,0,0,0,0,1.0,1.0,1.0,1.0,1.0,1,0.31849193456058134,41
5310,0,10302,10302,0,0,0,0,1.0,1.0,1.0,1.0,1.0,1,0.3160350540046094,41
5311,0,10302,10302,0,0,0,0,1.0,1.0,1.0,1.0,1.0,1,0.2999743994329732,42
5312,0,10302,10302,0,0,0,0,1.0,1.0,1.0,1.0,1.0,1,0.29662798133617085,43
5313,2,10304,10304,0,0,0,0,1.0,1.0,1.0,1.0,1.0,1,0.26326216327359897,44
5314,0,10304,10304,0,0,0,0,1.0,1.0,1.0,1.0,1.0,1,0.26326216327359897,44
5315,3,10307,10307,0,0,0,0,1.0,1.0,1.0,1.0,1.0,1,0.21058506116229236,45
5316,3,10310,10310,0,0,0,0,1.0,1.0,1.0,1.0,1.0,1,0.19644881474442485,46
5317,6,10316,10316,0,0,0,0,1.0,1.0,1.0,1.0,1.0,1,0.20435861584612458,46
5318,0,10316,10316,0,0,0,0,1.0,1.0,1.0,1.0,1.0,1,0.20435861584612458,46
5319,1,10317,10317,0,0,0,0,1.0,1.0,1.0,1.0,1.0,1,0.1787133231245825,47
5320,1,10318,10318,0,0,0,0,1.0,1.0,1.0,1.0,1.0,1,0.18964290261244945,48
5321,0,10318,10318,0,0,0,0,1.0,1.0,1.0,1.0,1.0,1,0.18295714310472536,49
5322,2,10320,10320,0,0,0,0,1.0,1.0,1.0,1.0,1.0,1,0.2131279772238331,49
5323,1,10321,10321,0,0,0,0,1.0,1.0,1.0,1.0,1.0,1,0.19348492904699394,51
5324,1,10322,10322,0,0,0,0,1.0,1.0,1.0,1.0,1.0,1,0.17036730112788023,53
5325,5,10327,10327,0,0,0,0,1.0,1.0,1.0,1.0,1.0,1,0.20607584015959285,53
5326,1,10328,10328,0,0,0,0,1.0,1.0,1.0,1.0,1.0,1,0.2137779088370049,53
5327,4,10332,10332,0,0,0,0,1.0,1.0,1.0,1.0,1.0,1,0.26460317760231283,53
5328,2,10334,10334,0,0,0,0,1.0,1.0,1.0,1.0,1.0,1,0.27230620446604165,54
5329,5,10339,10339,0,0,0,0,1.0,1.0,1.0,1.0,1.0,1,0.2849731728534415,53
5330,3,10342,10342,0,0,0,0,1.0,1.0,1.0,1.0,1.0,1,0.32189227262627645,52
5331,2,10344,10344,0,0,0,0,1.0,1.0,1.0,1.0,1.0,1,0.3230353641354811,51
5332,1,10345,10345,0,0,0,0,1.0,1.0,1.0,1.0,1.0,1,0.3298979585288311,52
5333,0,10345,10345,0,0,0,0,1.0,1.0,1.0,1.0,1.0,1,0.33535263997046033,53
5334,2,10347,10347,0,0,0,0,1.0,1.0,1.0,1.0,1.0,1,0.3243084750188837,54
5335,2,10349,10349,0,0,0,0,1.0,1.0,1.0,1.0,1.0,1,0.35525531463896964,55
5336,2,10351,10351,0,0,0,0,1.0,1.0,1.0,1.0,1.0,1,0.3528651338054744,54
5337,1,10352,10352,0,0,0,0,1.0,1.0,1.0,1.0,1.0,1,0.33180870071269053,55
5338,1,10353,10353,0,0,0,0,1.0,1.0,1.0,1.0,1.0,1,0.3391010012814739,55
5339,0,10353,10353,0,0,0,0,1.0,1.0,1.0,1.0,1.0,1,0.3391010012814739,55
5340,0,10353,10353,0,0,0,0,1.0,1.0,1.0,1.0,1.0,1,0.3391010012814739,55
5341,0,10353,10353,0,0,0,0,1.0,1.0,1.0,1.0,1.0,1,0.3502794716768426,54
5342,0,10353,10353,0,0,0,0,1.0,1.0,1.0,1.0,1.0,1,0.34902697029983365,55
5343,1,10354,10354,0,0,0,0,1.0,1.0,1.0,1.0,1.0,1,0.35012558704767416,54
5344,1,10355,10355,0,0,0,0,1.0,1.0,1.0,1.0,1.0,1,0.3599064264953487,55
5345,1,10356,10356,0,0,0,0,1.0,1.0,1.0,1.0,1.0,1,0.356097457352607,53
5346,1,10357,10357,0,0,0,0,1.0,1.0,1.0,1.0,1.0,1,0.33139158353411846,53
5347,2,10359,10359,0,0,0,0,1.0,1.0,1.0,1.0,1.0,1,0.3264703946568064,51
5348,0,10359,10359,0,0,0,0,1.0,1.0,1.0,1.0,1.0,1,0.2806434037205926,53
5349,1,10360,10360,0,0,0,0,1.0,1.0,1.0,1.0,1.0,1,0.2859339577810236,52
5350,0,10360,10360,0,0,0,0,1.0,1.0,1.0,1.0,1.0,1,0.29609912105674896,50
5351,1,10361,10361,0,0,0,0,1.0,1.0,1.0,1.0,1.0,1,0.2969967873266488,52
5352,0,10361,10361,0,0,0,0,1.0,1.0,1.0,1.0,1.0,1,0.294959888814431,49
5353,0,10361,10361,0,0,0,0,1.0,1.0,1.0,1.0,1.0,1,0.294959888814431,49
5354,4,10365,10365,0,0,0,0,1.0,1.0,1.0,1.0,1.0,1,0.22179635670916126,49
5355,2,10367,10367,0,0,0,0,1.0,1.0,1.0,1.0,1.0,1,0.17957449140895365,48
5356,2,10369,10369,0,0,0,0,1.0,1.0,1.0,1.0,1.0,1,0.1550096370854383,49
5357,3,10372,10372,0,0,0,0,1.0,1.0,1.0,1.0,1.0,1,0.09177175654628572,47
5358,4,10376,10376,0,0,0,0,1.0,1.0,1.0,1.0,1.0,1,0.06208595105596376,48
5359,2,10378,10378,0,0,0,0,1.0,1.0,1.0,1.0,1.0,1,0.07042494519048634,48
5360,4,10382,10382,0,0,0,0,1.0,1.0,1.0,1.0,1.0,1,0.116669792659766,48
5361,4,10386,10386,0,0,0,0,1.0,1.0,1.0,1.0,1.0,1,0.1144925162258785,50
5362,2,10388,10388,0,0,0,0,1.0,1.0,1.0,1.0,1.0,1,0.1274980589265519,50
5363,0,10388,10388,0,0,0,0,1.0,1.0,1.0,1.0,1.0,1,0.1274980589265519,50
5364,3,10391,10391,0,0,0,0,1.0,1.0,1.0,1.0,1.0,1,0.16386354216803184,51
5365,0,10391,10391,0,0,0,0,1.0,1.0,1.0,1.0,1.0,1,0.18871711137023217,52
5366,1,10392,10392,0,0,0,0,1.0,1.0,1.0,1.0,1.0,1,0.2136656656193427,52
5367,1,10393,10393,0,0,0,0,1.0,1.0,1.0,1.0,1.0,1,0.21557188762266563,54
5368,1,10394,10394,0,0,0,0,1.0,1.0,1.0,1.0,1.0,1,0.2457784112866746,55
5369,3,10397,10397,0,0,0,0,1.0,1.0,1.0,1.0,1.0,1,0.26607346850684155,53
5370,2,10399,10399,0,0,0,0,1.0,1.0,1.0,1.0,1.0,1,0.2588549450201721,54
5371,3,10402,10402,0,0,0,0,1.0,1.0,1.0,1.0,1.0,1,0.3088519655047384,53
5372,4,10406,10406,0,0,0,0,1.0,1.0,1.0,1.0,1.0,1,0.25420263549325123,53
5373,4,10410,10410,0,0,0,0,1.0,1.0,1.0,1.0,1.0,1,0.25656984199149807,52
5374,1,10411,10411,0,0,0,0,1.0,1.0,1.0,1.0,1.0,1,0.2539969308940777,51
5375,1,10412,10412,0,0,0,0,1.0,1.0,1.0,1.0,1.0,1,0.2624852446366706,52
5376,1,10413,10413,0,0,0,0,1.0,1.0,1.0,1.0,1.0,1,0.25307497956853703,51
5377,1,10414,10414,0,0,0,0,1.0,1.0,1.0,1.0,1.0,1,0.2564288960627827,52
5378,0,10414,10414,0,0,0,0,1.0,1.0,1.0,1.0,1.0,1,0.25664785271591795,50
5379,1,10415,10415,0,0,0,0,1.0,1.0,1.0,1.0,1.0,1,0.24366134527197914,50
5380,1,10416,10416,0,0,0,0,1.0,1.0,1.0,1.0,1.0,1,0.2629153745498248,52
5381,1,10417,10417,0,0,0,0,1.0,1.0,1.0,1.0,1.0,1,0.25686402589934887,52
5382,3,10420,10420,0,0,0,0,1.0,1.0,1.0,1.0,1.0,1,0.26583897118439903,52
5383,4,10424,10424,0,0,0,0,1.0,1.0,1.0,1.0,1.0,1,0.2791233051028067,51
5384,6,10430,10430,0,0,0,0,1.0,1.0,1.0,1.0,1.0,1,0.18214401837862518,52
5385,3,10433,10433,0,0,0,0,1.0,1.0,1.0,1.0,1.0,1,0.18334656954867698,51
5386,5,10438,10438,0,0,0,0,1.0,1.0,1.0,1.0,1.0,1,0.17183117428758102,52
5387,6,10444,10444,0,0,0,0,1.0,1.0,1.0,1.0,1.0,1,0.16957479510757764,53
5388,4,10448,10448,0,0,0,0,1.0,1.0,1.0,1.0,1.0,1,0.14600296628907453,54
5389,5,10453,10453,0,0,0,0,1.0,1.0,1.0,1.0,1.0,1,0.16785065009365824,55
5390,2,10455,10455,0,0,0,0,1.0,1.0,1.0,1.0,1.0,1,0.1223517014171907,56
5391,0,10455,10455,0,0,0,0,1.0,1.0,1.0,1.0,1.0,1,0.1223517014171907,56
5392,0,10455,10455,0,0,0,0,1.0,1.0,1.0,1.0,1.0,1,0.13653306455115183,56
5393,3,10458,10458,0,0,0,0,1.0,1.0,1.0,1.0,1.0,1,0.1200989818663221,54
5394,1,10459,10459,0,0,0,0,1.0,1.0,1.0,1.0,1.0,1,0.15259063022632324,53
5395,7,10466,10466,0,0,0,0,1.0,1.0,1.0,1.0,1.0,1,0.12188847384438245,53
5396,3,10469,10469,0,0,0,0,1.0,1.0,1.0,1.0,1.0,1,0.10727114099911743,54
5397,4,10473,10473,0,0,0,0,1.0,1.0,1.0,1.0,1.0,1,0.15054483860502782,53
5398,1,10474,10474,0,0,0,0,1.0,1.0,1.0,1.0,1.0,1,0.14387207451627151,53
5399,7,10481,10481,0,0,0,0,1.0,1.0,1.0,1.0,1.0,1,0.1697587254537031,55
5400,2,10483,10483,0,0,0,0,1.0,1.0,1.0,1.0,1.0,1,0.19820287192300007,55
5401,4,10487,10487,0,0,0,0,1.0,1.0,1.0,1.0,1.0,1,0.2504348695233292,56
5402,0,10487,10487,0,0,0,0,1.0,1.0,1.0,1.0,1.0,1,0.0,0
