,SuccessfulHandoverCount,TotalSuccessfulHandoverCount,TotalSuccessfulHandoverCountRange,TotalSuccessfulHandoverCountLoadBalancing,TotalSuccessfulHandoverCountOverload,FailedHandoverCount,TotalFailedHandoverCount,AvgQoS,MinQoS,AvgQoS_LoadBased,MinQoS_LoadBased,AvgQoS_RangeBased,MinQoS_RangeBased,GiniLoad,VehicleCount
0,0,0,0,0,0,0,0,1.0,1,1.0,1,1.0,1,0.0,0
1,12,12,0,12,0,0,0,1.0,1,1.0,1,1.0,1,0.16716626098194126,26
2,13,25,0,25,0,0,0,1.0,1,1.0,1,1.0,1,0.10004041052502792,27
3,8,33,0,33,0,0,0,1.0,1,1.0,1,1.0,1,0.151262881615604,28
4,11,44,0,44,0,0,0,1.0,1,1.0,1,1.0,1,0.09196237625275874,29
5,6,50,0,50,0,0,0,1.0,1,1.0,1,1.0,1,0.08976369492811008,29
6,0,50,0,50,0,0,0,1.0,1,1.0,1,1.0,1,0.05540861891612947,32
7,1,51,0,51,0,0,0,1.0,1,1.0,1,1.0,1,0.04854759068380113,33
8,2,53,1,52,0,0,0,1.0,1,1.0,1,1.0,1,0.05094674422111718,35
9,0,53,1,52,0,0,0,1.0,1,1.0,1,1.0,1,0.05094674422111718,35
10,1,54,2,52,0,0,0,1.0,1,1.0,1,1.0,1,0.0529824850761023,35
11,2,56,4,52,0,0,0,1.0,1,1.0,1,1.0,1,0.05512911063313271,35
12,0,56,4,52,0,0,0,1.0,1,1.0,1,1.0,1,0.04160539460637805,34
13,1,57,5,52,0,0,0,1.0,1,1.0,1,1.0,1,0.09571126881474065,32
14,2,59,7,52,0,0,0,1.0,1,1.0,1,1.0,1,0.1435086167088997,31
15,1,60,8,52,0,0,0,1.0,1,1.0,1,1.0,1,0.12092015886235803,30
16,1,61,8,53,0,0,0,1.0,1,1.0,1,1.0,1,0.0946799369325452,30
17,0,61,8,53,0,0,0,1.0,1,1.0,1,1.0,1,0.06825271527329112,29
18,0,61,8,53,0,0,0,1.0,1,1.0,1,1.0,1,0.06825271527329112,29
19,0,61,8,53,0,0,0,1.0,1,1.0,1,1.0,1,0.04296357320620622,28
20,2,63,10,53,0,0,0,1.0,1,1.0,1,1.0,1,0.1573233203806254,28
21,2,65,11,54,0,0,0,1.0,1,1.0,1,1.0,1,0.0965178858836673,28
22,1,66,12,54,0,0,0,1.0,1,1.0,1,1.0,1,0.10172834717716567,28
23,2,68,14,54,0,0,0,1.0,1,1.0,1,1.0,1,0.2132083678133291,27
24,6,74,18,56,0,0,0,1.0,1,1.0,1,1.0,1,0.19704719775309407,28
25,3,77,19,58,0,0,0,1.0,1,1.0,1,1.0,1,0.19755194056670725,28
26,4,81,20,61,0,0,0,1.0,1,1.0,1,1.0,1,0.09910842591502715,30
27,0,81,20,61,0,0,0,1.0,1,1.0,1,1.0,1,0.08810975422209308,30
28,2,83,21,62,0,0,0,1.0,1,1.0,1,1.0,1,0.09375053073872833,31
29,0,83,21,62,0,0,0,1.0,1,1.0,1,1.0,1,0.11332922705811065,30
30,0,83,21,62,0,0,0,1.0,1,1.0,1,1.0,1,0.11332922705811065,30
31,2,85,22,63,0,0,0,1.0,1,1.0,1,1.0,1,0.07648193019556,31
32,0,85,22,63,0,0,0,1.0,1,1.0,1,1.0,1,0.10387561781725896,31
33,0,85,22,63,0,0,0,1.0,1,1.0,1,1.0,1,0.07190844499157463,31
34,2,87,23,64,0,0,0,1.0,1,1.0,1,1.0,1,0.14994566385649508,29
35,0,87,23,64,0,0,0,1.0,1,1.0,1,1.0,1,0.11597929582776371,30
36,2,89,23,66,0,0,0,1.0,1,1.0,1,1.0,1,0.11517710950202054,30
37,1,90,24,66,0,0,0,1.0,1,1.0,1,1.0,1,0.13559746015669263,31
38,3,93,26,67,0,0,0,1.0,1,1.0,1,1.0,1,0.11784505676410223,32
39,0,93,26,67,0,0,0,1.0,1,1.0,1,1.0,1,0.08561947007579683,36
40,1,94,26,68,0,0,0,1.0,1,1.0,1,1.0,1,0.08874591627827377,37
41,1,95,26,69,0,0,0,1.0,1,1.0,1,1.0,1,0.06298800544261449,37
42,1,96,27,69,0,0,0,1.0,1,1.0,1,1.0,1,0.08361700976298135,38
43,1,97,28,69,0,0,0,1.0,1,1.0,1,1.0,1,0.1319904979443703,40
44,0,97,28,69,0,0,0,1.0,1,1.0,1,1.0,1,0.11442362906885994,39
45,0,97,28,69,0,0,0,1.0,1,1.0,1,1.0,1,0.0918923839604226,40
46,0,97,28,69,0,0,0,1.0,1,1.0,1,1.0,1,0.0700288731990081,39
47,2,99,30,69,0,0,0,1.0,1,1.0,1,1.0,1,0.08762212657401776,39
48,1,100,30,70,0,0,0,1.0,1,1.0,1,1.0,1,0.0656312138966708,39
49,0,100,30,70,0,0,0,1.0,1,1.0,1,1.0,1,0.028701454809024578,37
50,0,100,30,70,0,0,0,1.0,1,1.0,1,1.0,1,0.027014311518015276,35
51,0,100,30,70,0,0,0,1.0,1,1.0,1,1.0,1,0.03644041074002936,34
52,1,101,31,70,0,0,0,1.0,1,1.0,1,1.0,1,0.02879020632233921,34
53,0,101,31,70,0,0,0,1.0,1,1.0,1,1.0,1,0.04246360489101574,35
54,1,102,31,71,0,0,0,1.0,1,1.0,1,1.0,1,0.04260479520821854,36
55,1,103,32,71,0,0,0,1.0,1,1.0,1,1.0,1,0.05753971936959265,36
56,7,110,36,74,0,0,0,1.0,1,1.0,1,1.0,1,0.07337032060083686,36
57,0,110,36,74,0,0,0,1.0,1,1.0,1,1.0,1,0.07935432864708161,37
58,3,113,38,75,0,0,0,1.0,1,1.0,1,1.0,1,0.10954318003774062,38
59,2,115,39,76,0,0,0,1.0,1,1.0,1,1.0,1,0.14948078677412896,37
60,2,117,40,77,0,0,0,1.0,1,1.0,1,1.0,1,0.08827896773868608,38
61,2,119,42,77,0,0,0,1.0,1,1.0,1,1.0,1,0.12185821761677226,37
62,5,124,44,80,0,0,0,1.0,1,1.0,1,1.0,1,0.0800699668455324,39
63,0,124,44,80,0,0,0,1.0,1,1.0,1,1.0,1,0.0800699668455324,39
64,2,126,46,80,0,0,0,1.0,1,1.0,1,1.0,1,0.13617068915977287,38
65,0,126,46,80,0,0,0,1.0,1,1.0,1,1.0,1,0.11058780738903017,39
66,2,128,46,82,0,0,0,1.0,1,1.0,1,1.0,1,0.0776896863019514,39
67,1,129,47,82,0,0,0,1.0,1,1.0,1,1.0,1,0.09515046951427636,36
68,2,131,48,83,0,0,0,1.0,1,1.0,1,1.0,1,0.06312763376975847,36
69,1,132,49,83,0,0,0,1.0,1,1.0,1,1.0,1,0.09622638611922422,37
70,0,132,49,83,0,0,0,1.0,1,1.0,1,1.0,1,0.10921341312989212,36
71,1,133,49,84,0,0,0,1.0,1,1.0,1,1.0,1,0.048532369976426744,38
72,1,134,49,85,0,0,0,1.0,1,1.0,1,1.0,1,0.019668948359274244,38
73,0,134,49,85,0,0,0,1.0,1,1.0,1,1.0,1,0.019907317715541592,37
74,1,135,50,85,0,0,0,1.0,1,1.0,1,1.0,1,0.04073408892766612,38
75,0,135,50,85,0,0,0,1.0,1,1.0,1,1.0,1,0.04073408892766612,38
76,1,136,51,85,0,0,0,1.0,1,1.0,1,1.0,1,0.08763507470555604,39
77,0,136,51,85,0,0,0,1.0,1,1.0,1,1.0,1,0.08105212035119984,40
78,0,136,51,85,0,0,0,1.0,1,1.0,1,1.0,1,0.057178495657147325,41
79,1,137,52,85,0,0,0,1.0,1,1.0,1,1.0,1,0.054435131279747445,41
80,0,137,52,85,0,0,0,1.0,1,1.0,1,1.0,1,0.054435131279747445,41
81,0,137,52,85,0,0,0,1.0,1,1.0,1,1.0,1,0.04966285253607725,41
82,0,137,52,85,0,0,0,1.0,1,1.0,1,1.0,1,0.054895252668248386,44
83,0,137,52,85,0,0,0,1.0,1,1.0,1,1.0,1,0.054895252668248386,44
84,2,139,53,86,0,0,0,1.0,1,1.0,1,1.0,1,0.0920037108726787,45
85,1,140,54,86,0,0,0,1.0,1,1.0,1,1.0,1,0.12152438994622547,45
86,1,141,54,87,0,0,0,1.0,1,1.0,1,1.0,1,0.10946635563873763,45
87,2,143,55,88,0,0,0,1.0,1,1.0,1,1.0,1,0.11523372429093512,44
88,0,143,55,88,0,0,0,1.0,1,1.0,1,1.0,1,0.11523372429093512,44
89,0,143,55,88,0,0,0,1.0,1,1.0,1,1.0,1,0.07805782420678054,43
90,0,143,55,88,0,0,0,1.0,1,1.0,1,1.0,1,0.09545040473407032,44
91,1,144,56,88,0,0,0,1.0,1,1.0,1,1.0,1,0.11816824577844023,44
92,0,144,56,88,0,0,0,1.0,1,1.0,1,1.0,1,0.1145992126179383,43
93,0,144,56,88,0,0,0,1.0,1,1.0,1,1.0,1,0.131742058479305,44
94,0,144,56,88,0,0,0,1.0,1,1.0,1,1.0,1,0.131742058479305,44
95,1,145,56,89,0,0,0,1.0,1,1.0,1,1.0,1,0.11880119342409938,43
96,0,145,56,89,0,0,0,1.0,1,1.0,1,1.0,1,0.12138879382261682,44
97,1,146,57,89,0,0,0,1.0,1,1.0,1,1.0,1,0.13713521660100328,44
98,2,148,59,89,0,0,0,1.0,1,1.0,1,1.0,1,0.2095837266470095,43
99,0,148,59,89,0,0,0,1.0,1,1.0,1,1.0,1,0.2095837266470095,43
100,3,151,61,90,0,0,0,1.0,1,1.0,1,1.0,1,0.22395208701088481,47
101,2,153,61,92,0,0,0,1.0,1,1.0,1,1.0,1,0.2066857904585979,47
102,1,154,62,92,0,0,0,1.0,1,1.0,1,1.0,1,0.22938290260928162,47
103,4,158,63,95,0,0,0,1.0,1,1.0,1,1.0,1,0.13853924341286827,46
104,3,161,65,96,0,0,0,1.0,1,1.0,1,1.0,1,0.10113497159613904,45
105,2,163,66,97,0,0,0,1.0,1,1.0,1,1.0,1,0.07649942536649726,44
106,4,167,68,99,0,0,0,1.0,1,1.0,1,1.0,1,0.0659988773495454,45
107,3,170,70,100,0,0,0,1.0,1,1.0,1,1.0,1,0.09623044088750218,44
108,1,171,71,100,0,0,0,1.0,1,1.0,1,1.0,1,0.0757274921138472,46
109,4,175,75,100,0,0,0,1.0,1,1.0,1,1.0,1,0.1260454586847853,46
110,3,178,76,102,0,0,0,1.0,1,1.0,1,1.0,1,0.0989546207502324,46
111,4,182,78,104,0,0,0,1.0,1,1.0,1,1.0,1,0.03084680129590994,46
112,3,185,81,104,0,0,0,1.0,1,1.0,1,1.0,1,0.03239864492089249,46
113,1,186,82,104,0,0,0,1.0,1,1.0,1,1.0,1,0.04106415167578342,46
114,0,186,82,104,0,0,0,1.0,1,1.0,1,1.0,1,0.04106415167578342,46
115,0,186,82,104,0,0,0,1.0,1,1.0,1,1.0,1,0.03461837035545223,47
116,0,186,82,104,0,0,0,1.0,1,1.0,1,1.0,1,0.03461837035545223,47
117,2,188,84,104,0,0,0,1.0,1,1.0,1,1.0,1,0.062056634908636055,45
118,0,188,84,104,0,0,0,1.0,1,1.0,1,1.0,1,0.06599938658506257,46
119,1,189,85,104,0,0,0,1.0,1,1.0,1,1.0,1,0.07943757229074856,46
120,2,191,87,104,0,0,0,1.0,1,1.0,1,1.0,1,0.09313259938817532,47
121,1,192,88,104,0,0,0,1.0,1,1.0,1,1.0,1,0.12671535205878265,46
122,1,193,88,105,0,0,0,1.0,1,1.0,1,1.0,1,0.11526781436261233,46
123,0,193,88,105,0,0,0,1.0,1,1.0,1,1.0,1,0.12450391985394116,45
124,1,194,89,105,0,0,0,1.0,1,1.0,1,1.0,1,0.139124143188542,46
125,0,194,89,105,0,0,0,1.0,1,1.0,1,1.0,1,0.13483256650697859,44
126,2,196,89,107,0,0,0,1.0,1,1.0,1,1.0,1,0.11742777748957735,45
127,0,196,89,107,0,0,0,1.0,1,1.0,1,1.0,1,0.11735700555977228,45
128,0,196,89,107,0,0,0,1.0,1,1.0,1,1.0,1,0.10455506092696891,46
129,2,198,91,107,0,0,0,1.0,1,1.0,1,1.0,1,0.09611052609766965,48
130,0,198,91,107,0,0,0,1.0,1,1.0,1,1.0,1,0.09611052609766965,48
131,2,200,92,108,0,0,0,1.0,1,1.0,1,1.0,1,0.06877805586944852,49
132,3,203,93,110,0,0,0,1.0,1,1.0,1,1.0,1,0.0495217951922384,51
133,3,206,95,111,0,0,0,1.0,1,1.0,1,1.0,1,0.10512306401191396,49
134,5,211,99,112,0,0,0,1.0,1,1.0,1,1.0,1,0.12931432627130737,49
135,0,211,99,112,0,0,0,1.0,1,1.0,1,1.0,1,0.11369178965163533,49
136,4,215,102,113,0,0,0,1.0,1,1.0,1,1.0,1,0.0909836113391696,48
137,0,215,102,113,0,0,0,1.0,1,1.0,1,1.0,1,0.098691246083189,47
138,5,220,107,113,0,0,0,1.0,1,1.0,1,1.0,1,0.1021289116701989,48
139,3,223,110,113,0,0,0,1.0,1,1.0,1,1.0,1,0.1512664888634049,48
140,2,225,112,113,0,0,0,1.0,1,1.0,1,1.0,1,0.15008383971861494,49
141,4,229,112,117,0,0,0,1.0,1,1.0,1,1.0,1,0.06434420634880644,49
142,1,230,113,117,0,0,0,1.0,1,1.0,1,1.0,1,0.038570856958975025,49
143,0,230,113,117,0,0,0,1.0,1,1.0,1,1.0,1,0.045377113626013155,47
144,2,232,115,117,0,0,0,1.0,1,1.0,1,1.0,1,0.0425355122074258,46
145,1,233,116,117,0,0,0,1.0,1,1.0,1,1.0,1,0.08831921603475883,44
146,1,234,117,117,0,0,0,1.0,1,1.0,1,1.0,1,0.10314674492939806,44
147,1,235,117,118,0,0,0,1.0,1,1.0,1,1.0,1,0.10167148587252207,43
148,0,235,117,118,0,0,0,1.0,1,1.0,1,1.0,1,0.1387415615302634,43
149,2,237,118,119,0,0,0,1.0,1,1.0,1,1.0,1,0.1341935557304329,43
150,1,238,119,119,0,0,0,1.0,1,1.0,1,1.0,1,0.14642240975844473,42
151,1,239,120,119,0,0,0,1.0,1,1.0,1,1.0,1,0.16539243810869064,42
152,3,242,121,121,0,0,0,1.0,1,1.0,1,1.0,1,0.13325831968139976,42
153,0,242,121,121,0,0,0,1.0,1,1.0,1,1.0,1,0.10947539888581083,42
154,0,242,121,121,0,0,0,1.0,1,1.0,1,1.0,1,0.11562667345159981,43
155,0,242,121,121,0,0,0,1.0,1,1.0,1,1.0,1,0.10419907569839681,43
156,2,244,121,123,0,0,0,1.0,1,1.0,1,1.0,1,0.07404009553992799,42
157,0,244,121,123,0,0,0,1.0,1,1.0,1,1.0,1,0.09762976879556454,41
158,0,244,121,123,0,0,0,1.0,1,1.0,1,1.0,1,0.0906395149471791,42
159,0,244,121,123,0,0,0,1.0,1,1.0,1,1.0,1,0.09395108308273709,43
160,4,248,124,124,0,0,0,1.0,1,1.0,1,1.0,1,0.1947167274747255,44
161,5,253,125,128,0,0,0,1.0,1,1.0,1,1.0,1,0.19531614567860817,44
162,2,255,126,129,0,0,0,1.0,1,1.0,1,1.0,1,0.20727410634414065,45
163,1,256,127,129,0,0,0,1.0,1,1.0,1,1.0,1,0.25159329760948423,43
164,0,256,127,129,0,0,0,1.0,1,1.0,1,1.0,1,0.2516310013488051,42
165,3,259,130,129,0,0,0,1.0,1,1.0,1,1.0,1,0.23520584587580295,42
166,4,263,131,132,0,0,0,1.0,1,1.0,1,1.0,1,0.19647803758657706,42
167,1,264,132,132,0,0,0,1.0,1,1.0,1,1.0,1,0.175053260776785,41
168,2,266,133,133,0,0,0,1.0,1,1.0,1,1.0,1,0.13919028738352343,40
169,2,268,135,133,0,0,0,1.0,1,1.0,1,1.0,1,0.09951298529867654,40
170,0,268,135,133,0,0,0,1.0,1,1.0,1,1.0,1,0.07914526091061976,38
171,3,271,138,133,0,0,0,1.0,1,1.0,1,1.0,1,0.07907680664888844,37
172,5,276,142,134,0,0,0,1.0,1,1.0,1,1.0,1,0.07895975643090151,35
173,1,277,143,134,0,0,0,1.0,1,1.0,1,1.0,1,0.10101295424880842,36
174,2,279,145,134,0,0,0,1.0,1,1.0,1,1.0,1,0.11775220780446852,34
175,0,279,145,134,0,0,0,1.0,1,1.0,1,1.0,1,0.08376534126095203,33
176,2,281,147,134,0,0,0,1.0,1,1.0,1,1.0,1,0.09800856514192446,34
177,0,281,147,134,0,0,0,1.0,1,1.0,1,1.0,1,0.09429078812072578,36
178,1,282,148,134,0,0,0,1.0,1,1.0,1,1.0,1,0.09210809304823314,37
179,2,284,149,135,0,0,0,1.0,1,1.0,1,1.0,1,0.06464016141094771,37
180,0,284,149,135,0,0,0,1.0,1,1.0,1,1.0,1,0.07675757878232731,36
181,1,285,150,135,0,0,0,1.0,1,1.0,1,1.0,1,0.0667917171566158,36
182,0,285,150,135,0,0,0,1.0,1,1.0,1,1.0,1,0.06691825870041347,38
183,1,286,151,135,0,0,0,1.0,1,1.0,1,1.0,1,0.07161085556876551,37
184,0,286,151,135,0,0,0,1.0,1,1.0,1,1.0,1,0.08449424592407717,36
185,1,287,152,135,0,0,0,1.0,1,1.0,1,1.0,1,0.11419468176096932,35
186,2,289,152,137,0,0,0,1.0,1,1.0,1,1.0,1,0.08811533723965373,34
187,2,291,154,137,0,0,0,1.0,1,1.0,1,1.0,1,0.11541728242963042,33
188,1,292,155,137,0,0,0,1.0,1,1.0,1,1.0,1,0.14015577545870872,33
189,2,294,157,137,0,0,0,1.0,1,1.0,1,1.0,1,0.1160237270908389,33
190,0,294,157,137,0,0,0,1.0,1,1.0,1,1.0,1,0.1418344407275984,32
191,4,298,159,139,0,0,0,1.0,1,1.0,1,1.0,1,0.11419521232069517,34
192,1,299,159,140,0,0,0,1.0,1,1.0,1,1.0,1,0.10364639600868972,34
193,0,299,159,140,0,0,0,1.0,1,1.0,1,1.0,1,0.09524237206687235,35
194,1,300,159,141,0,0,0,1.0,1,1.0,1,1.0,1,0.09196168936775499,37
195,0,300,159,141,0,0,0,1.0,1,1.0,1,1.0,1,0.11171594329621565,36
196,1,301,159,142,0,0,0,1.0,1,1.0,1,1.0,1,0.09426200194259308,36
197,0,301,159,142,0,0,0,1.0,1,1.0,1,1.0,1,0.08669738346857563,37
198,3,304,162,142,0,0,0,1.0,1,1.0,1,1.0,1,0.12403371085596011,37
199,0,304,162,142,0,0,0,1.0,1,1.0,1,1.0,1,0.12403371085596011,37
200,2,306,163,143,0,0,0,1.0,1,1.0,1,1.0,1,0.1071489119695491,37
201,2,308,165,143,0,0,0,1.0,1,1.0,1,1.0,1,0.11500453550081827,36
202,0,308,165,143,0,0,0,1.0,1,1.0,1,1.0,1,0.0831007606046208,36
203,3,311,168,143,0,0,0,1.0,1,1.0,1,1.0,1,0.13667252954134398,35
204,0,311,168,143,0,0,0,1.0,1,1.0,1,1.0,1,0.1359720273942522,35
205,3,314,171,143,0,0,0,1.0,1,1.0,1,1.0,1,0.11429664882769695,35
206,2,316,172,144,0,0,0,1.0,1,1.0,1,1.0,1,0.10106453578919272,34
207,0,316,172,144,0,0,0,1.0,1,1.0,1,1.0,1,0.0880727390326568,34
208,3,319,174,145,0,0,0,1.0,1,1.0,1,1.0,1,0.11557026962831236,33
209,1,320,174,146,0,0,0,1.0,1,1.0,1,1.0,1,0.13825149233480982,33
210,1,321,175,146,0,0,0,1.0,1,1.0,1,1.0,1,0.1409737351927233,34
211,4,325,176,149,0,0,0,1.0,1,1.0,1,1.0,1,0.06762436281299519,33
212,0,325,176,149,0,0,0,1.0,1,1.0,1,1.0,1,0.06762436281299519,33
213,0,325,176,149,0,0,0,1.0,1,1.0,1,1.0,1,0.08777087029221597,35
214,2,327,178,149,0,0,0,1.0,1,1.0,1,1.0,1,0.10160918579998884,34
215,1,328,179,149,0,0,0,1.0,1,1.0,1,1.0,1,0.13318804863307138,35
216,3,331,180,151,0,0,0,1.0,1,1.0,1,1.0,1,0.07241249994478782,36
217,1,332,181,151,0,0,0,1.0,1,1.0,1,1.0,1,0.10775151306729802,36
218,2,334,182,152,0,0,0,1.0,1,1.0,1,1.0,1,0.13917903827837522,36
219,0,334,182,152,0,0,0,1.0,1,1.0,1,1.0,1,0.11959288665401101,37
220,1,335,183,152,0,0,0,1.0,1,1.0,1,1.0,1,0.11453685413976845,38
221,2,337,184,153,0,0,0,1.0,1,1.0,1,1.0,1,0.10761446017680142,37
222,1,338,185,153,0,0,0,1.0,1,1.0,1,1.0,1,0.08823418824767128,38
223,0,338,185,153,0,0,0,1.0,1,1.0,1,1.0,1,0.08823418824767128,38
224,3,341,186,155,0,0,0,1.0,1,1.0,1,1.0,1,0.11284402768928661,38
225,1,342,187,155,0,0,0,1.0,1,1.0,1,1.0,1,0.1357553544132317,36
226,2,344,188,156,0,0,0,1.0,1,1.0,1,1.0,1,0.10586306099408624,37
227,2,346,190,156,0,0,0,1.0,1,1.0,1,1.0,1,0.17416111416627245,35
228,2,348,192,156,0,0,0,1.0,1,1.0,1,1.0,1,0.13432225536229436,35
229,3,351,195,156,0,0,0,1.0,1,1.0,1,1.0,1,0.13314608594278135,35
230,2,353,196,157,0,0,0,1.0,1,1.0,1,1.0,1,0.11652344577060912,35
231,4,357,199,158,0,0,0,1.0,1,1.0,1,1.0,1,0.08161560983901228,35
232,2,359,200,159,0,0,0,1.0,1,1.0,1,1.0,1,0.06294223138307076,36
233,1,360,201,159,0,0,0,1.0,1,1.0,1,1.0,1,0.04399818232631908,36
234,0,360,201,159,0,0,0,1.0,1,1.0,1,1.0,1,0.06943159939656815,34
235,1,361,202,159,0,0,0,1.0,1,1.0,1,1.0,1,0.08812061425079033,33
236,2,363,203,160,0,0,0,1.0,1,1.0,1,1.0,1,0.062404289914437486,31
237,0,363,203,160,0,0,0,1.0,1,1.0,1,1.0,1,0.06690388268793294,32
238,1,364,204,160,0,0,0,1.0,1,1.0,1,1.0,1,0.08921128687281124,31
239,1,365,205,160,0,0,0,1.0,1,1.0,1,1.0,1,0.12603136002589002,30
240,1,366,206,160,0,0,0,1.0,1,1.0,1,1.0,1,0.1642782165888526,27
241,5,371,210,161,0,0,0,1.0,1,1.0,1,1.0,1,0.16621293177021706,27
242,0,371,210,161,0,0,0,1.0,1,1.0,1,1.0,1,0.1382176970054841,28
243,1,372,211,161,0,0,0,1.0,1,1.0,1,1.0,1,0.14770806188887536,28
244,1,373,212,161,0,0,0,1.0,1,1.0,1,1.0,1,0.13120525922155177,27
245,1,374,212,162,0,0,0,1.0,1,1.0,1,1.0,1,0.10293555756140205,27
246,1,375,213,162,0,0,0,1.0,1,1.0,1,1.0,1,0.11203090377221656,25
247,0,375,213,162,0,0,0,1.0,1,1.0,1,1.0,1,0.07903903572917664,24
248,0,375,213,162,0,0,0,1.0,1,1.0,1,1.0,1,0.08092737122547251,24
249,0,375,213,162,0,0,0,1.0,1,1.0,1,1.0,1,0.10839951985278404,25
250,0,375,213,162,0,0,0,1.0,1,1.0,1,1.0,1,0.09837599589036768,27
251,1,376,213,163,0,0,0,1.0,1,1.0,1,1.0,1,0.06164808103898265,27
252,2,378,215,163,0,0,0,1.0,1,1.0,1,1.0,1,0.07055833395349763,27
253,1,379,216,163,0,0,0,1.0,1,1.0,1,1.0,1,0.1352509063840013,29
254,3,382,219,163,0,0,0,1.0,1,1.0,1,1.0,1,0.170243686806096,30
255,2,384,220,164,0,0,0,1.0,1,1.0,1,1.0,1,0.1569273498370108,31
256,3,387,222,165,0,0,0,1.0,1,1.0,1,1.0,1,0.12875863734195447,31
257,2,389,223,166,0,0,0,1.0,1,1.0,1,1.0,1,0.1098923648203237,33
258,1,390,224,166,0,0,0,1.0,1,1.0,1,1.0,1,0.13108567236955543,33
259,0,390,224,166,0,0,0,1.0,1,1.0,1,1.0,1,0.13108567236955543,33
260,2,392,225,167,0,0,0,1.0,1,1.0,1,1.0,1,0.14590457618455938,35
261,3,395,225,170,0,0,0,1.0,1,1.0,1,1.0,1,0.05456734646804109,35
262,0,395,225,170,0,0,0,1.0,1,1.0,1,1.0,1,0.05456734646804109,35
263,0,395,225,170,0,0,0,1.0,1,1.0,1,1.0,1,0.08439236722054173,34
264,0,395,225,170,0,0,0,1.0,1,1.0,1,1.0,1,0.11111254211874359,32
265,2,397,227,170,0,0,0,1.0,1,1.0,1,1.0,1,0.13130980775607534,30
266,3,400,228,172,0,0,0,1.0,1,1.0,1,1.0,1,0.08423029613251548,31
267,1,401,229,172,0,0,0,1.0,1,1.0,1,1.0,1,0.02955738432322465,30
268,1,402,230,172,0,0,0,1.0,1,1.0,1,1.0,1,0.08093514666943907,31
269,1,403,231,172,0,0,0,1.0,1,1.0,1,1.0,1,0.12964602808568668,31
270,2,405,232,173,0,0,0,1.0,1,1.0,1,1.0,1,0.19078129211071881,32
271,0,405,232,173,0,0,0,1.0,1,1.0,1,1.0,1,0.21394056805070522,31
272,1,406,233,173,0,0,0,1.0,1,1.0,1,1.0,1,0.3049096864444793,32
273,3,409,233,176,0,0,0,1.0,1,1.0,1,1.0,1,0.21935637810985031,32
274,0,409,233,176,0,0,0,1.0,1,1.0,1,1.0,1,0.21935637810985031,32
275,1,410,234,176,0,0,0,1.0,1,1.0,1,1.0,1,0.1837223892903996,33
276,4,414,235,179,0,0,0,1.0,1,1.0,1,1.0,1,0.1417518022185584,34
277,1,415,236,179,0,0,0,1.0,1,1.0,1,1.0,1,0.09897018108709925,32
278,0,415,236,179,0,0,0,1.0,1,1.0,1,1.0,1,0.0691794173982517,31
279,0,415,236,179,0,0,0,1.0,1,1.0,1,1.0,1,0.06780870669495796,31
280,0,415,236,179,0,0,0,1.0,1,1.0,1,1.0,1,0.06666213418746533,30
281,0,415,236,179,0,0,0,1.0,1,1.0,1,1.0,1,0.044916842188278565,31
282,0,415,236,179,0,0,0,1.0,1,1.0,1,1.0,1,0.07508253089263138,30
283,2,417,237,180,0,0,0,1.0,1,1.0,1,1.0,1,0.10119147402683704,31
284,1,418,238,180,0,0,0,1.0,1,1.0,1,1.0,1,0.11297825210596928,31
285,2,420,240,180,0,0,0,1.0,1,1.0,1,1.0,1,0.17721330798156162,31
286,3,423,240,183,0,0,0,1.0,1,1.0,1,1.0,1,0.09273246662241924,31
287,1,424,241,183,0,0,0,1.0,1,1.0,1,1.0,1,0.16550994293176124,33
288,0,424,241,183,0,0,0,1.0,1,1.0,1,1.0,1,0.11306866838878943,32
289,0,424,241,183,0,0,0,1.0,1,1.0,1,1.0,1,0.10129658906088773,32
290,0,424,241,183,0,0,0,1.0,1,1.0,1,1.0,1,0.08431412648785591,31
291,1,425,242,183,0,0,0,1.0,1,1.0,1,1.0,1,0.14951604970046717,30
292,1,426,242,184,0,0,0,1.0,1,1.0,1,1.0,1,0.07710694407703095,32
293,0,426,242,184,0,0,0,1.0,1,1.0,1,1.0,1,0.07710694407703095,32
294,0,426,242,184,0,0,0,1.0,1,1.0,1,1.0,1,0.07710694407703095,32
295,1,427,243,184,0,0,0,1.0,1,1.0,1,1.0,1,0.07802181518207912,34
296,0,427,243,184,0,0,0,1.0,1,1.0,1,1.0,1,0.07802181518207912,34
297,0,427,243,184,0,0,0,1.0,1,1.0,1,1.0,1,0.07802181518207912,34
298,0,427,243,184,0,0,0,1.0,1,1.0,1,1.0,1,0.06850465310816936,35
299,0,427,243,184,0,0,0,1.0,1,1.0,1,1.0,1,0.10380934598593551,35
300,2,429,245,184,0,0,0,1.0,1,1.0,1,1.0,1,0.14475443214477834,35
301,5,434,246,188,0,0,0,1.0,1,1.0,1,1.0,1,0.056445645636102625,38
302,1,435,247,188,0,0,0,1.0,1,1.0,1,1.0,1,0.05149058107380435,38
303,1,436,248,188,0,0,0,1.0,1,1.0,1,1.0,1,0.0728748567922354,37
304,2,438,248,190,0,0,0,1.0,1,1.0,1,1.0,1,0.10673918459166824,37
305,3,441,249,192,0,0,0,1.0,1,1.0,1,1.0,1,0.16575185451219757,36
306,3,444,250,194,0,0,0,1.0,1,1.0,1,1.0,1,0.15180517953110811,36
307,0,444,250,194,0,0,0,1.0,1,1.0,1,1.0,1,0.16206529001562814,35
308,0,444,250,194,0,0,0,1.0,1,1.0,1,1.0,1,0.1515623710564734,37
309,0,444,250,194,0,0,0,1.0,1,1.0,1,1.0,1,0.1515623710564734,37
310,0,444,250,194,0,0,0,1.0,1,1.0,1,1.0,1,0.1515623710564734,37
311,2,446,251,195,0,0,0,1.0,1,1.0,1,1.0,1,0.099901654554249,39
312,0,446,251,195,0,0,0,1.0,1,1.0,1,1.0,1,0.08951310748273116,40
313,0,446,251,195,0,0,0,1.0,1,1.0,1,1.0,1,0.09744012873432512,39
314,2,448,253,195,0,0,0,1.0,1,1.0,1,1.0,1,0.1272116049295558,40
315,3,451,254,197,0,0,0,1.0,1,1.0,1,1.0,1,0.1079412395629654,39
316,0,451,254,197,0,0,0,1.0,1,1.0,1,1.0,1,0.1079412395629654,39
317,2,453,254,199,0,0,0,1.0,1,1.0,1,1.0,1,0.04445914879837705,40
318,0,453,254,199,0,0,0,1.0,1,1.0,1,1.0,1,0.05049899674084402,41
319,1,454,254,200,0,0,0,1.0,1,1.0,1,1.0,1,0.010136140133242886,41
320,0,454,254,200,0,0,0,1.0,1,1.0,1,1.0,1,0.00998333917639052,41
321,1,455,255,200,0,0,0,1.0,1,1.0,1,1.0,1,0.04100787735823547,41
322,1,456,256,200,0,0,0,1.0,1,1.0,1,1.0,1,0.05398545657487507,41
323,0,456,256,200,0,0,0,1.0,1,1.0,1,1.0,1,0.05398545657487507,41
324,3,459,258,201,0,0,0,1.0,1,1.0,1,1.0,1,0.1031701499629331,42
325,1,460,259,201,0,0,0,1.0,1,1.0,1,1.0,1,0.14089245216037255,42
326,4,464,260,204,0,0,0,1.0,1,1.0,1,1.0,1,0.12693785365850047,42
327,0,464,260,204,0,0,0,1.0,1,1.0,1,1.0,1,0.12693785365850047,42
328,0,464,260,204,0,0,0,1.0,1,1.0,1,1.0,1,0.12934330982246087,43
329,0,464,260,204,0,0,0,1.0,1,1.0,1,1.0,1,0.12934330982246087,43
330,1,465,260,205,0,0,0,1.0,1,1.0,1,1.0,1,0.1123991799870309,45
331,0,465,260,205,0,0,0,1.0,1,1.0,1,1.0,1,0.1123991799870309,45
332,1,466,260,206,0,0,0,1.0,1,1.0,1,1.0,1,0.09169621241939337,45
333,1,467,260,207,0,0,0,1.0,1,1.0,1,1.0,1,0.08346017652820438,46
334,0,467,260,207,0,0,0,1.0,1,1.0,1,1.0,1,0.057468527114573245,48
335,1,468,261,207,0,0,0,1.0,1,1.0,1,1.0,1,0.08069841946769374,48
336,1,469,262,207,0,0,0,1.0,1,1.0,1,1.0,1,0.11747125307247597,48
337,1,470,262,208,0,0,0,1.0,1,1.0,1,1.0,1,0.10792212026045002,49
338,1,471,262,209,0,0,0,1.0,1,1.0,1,1.0,1,0.09193379230629337,50
339,1,472,263,209,0,0,0,1.0,1,1.0,1,1.0,1,0.11870562759941915,50
340,0,472,263,209,0,0,0,1.0,1,1.0,1,1.0,1,0.11870562759941915,50
341,1,473,263,210,0,0,0,1.0,1,1.0,1,1.0,1,0.11833500509303377,51
342,0,473,263,210,0,0,0,1.0,1,1.0,1,1.0,1,0.11833500509303377,51
343,1,474,264,210,0,0,0,1.0,1,1.0,1,1.0,1,0.0950455555403253,51
344,1,475,264,211,0,0,0,1.0,1,1.0,1,1.0,1,0.07058683188007192,50
345,0,475,264,211,0,0,0,1.0,1,1.0,1,1.0,1,0.08441279849395227,51
346,2,477,265,212,0,0,0,1.0,1,1.0,1,1.0,1,0.08315106144639155,51
347,6,483,270,213,0,0,0,1.0,1,1.0,1,1.0,1,0.08892901213916714,51
348,1,484,271,213,0,0,0,1.0,1,1.0,1,1.0,1,0.06839565415230027,53
349,2,486,272,214,0,0,0,1.0,1,1.0,1,1.0,1,0.07532414187814446,55
350,0,486,272,214,0,0,0,1.0,1,1.0,1,1.0,1,0.09451392720402738,54
351,2,488,274,214,0,0,0,1.0,1,1.0,1,1.0,1,0.08298517265426202,54
352,2,490,275,215,0,0,0,1.0,1,1.0,1,1.0,1,0.10572073556278261,53
353,2,492,277,215,0,0,0,1.0,1,1.0,1,1.0,1,0.09537796202574904,53
354,1,493,278,215,0,0,0,1.0,1,1.0,1,1.0,1,0.11701939502631623,50
355,1,494,279,215,0,0,0,1.0,1,1.0,1,1.0,1,0.1250162124115008,51
356,4,498,280,218,0,0,0,1.0,1,1.0,1,1.0,1,0.07274325454117203,51
357,3,501,283,218,0,0,0,1.0,1,1.0,1,1.0,1,0.0991211856448523,50
358,2,503,285,218,0,0,0,1.0,1,1.0,1,1.0,1,0.12702352667443875,48
359,1,504,286,218,0,0,0,1.0,1,1.0,1,1.0,1,0.14253392926921596,47
360,0,504,286,218,0,0,0,1.0,1,1.0,1,1.0,1,0.13720137060950496,45
361,2,506,286,220,0,0,0,1.0,1,1.0,1,1.0,1,0.10575525908552505,44
362,1,507,286,221,0,0,0,1.0,1,1.0,1,1.0,1,0.12488364792283813,44
363,5,512,289,223,0,0,0,1.0,1,1.0,1,1.0,1,0.08605794446814535,44
364,0,512,289,223,0,0,0,1.0,1,1.0,1,1.0,1,0.10195272411786392,43
365,3,515,292,223,0,0,0,1.0,1,1.0,1,1.0,1,0.12983852383010433,43
366,3,518,293,225,0,0,0,1.0,1,1.0,1,1.0,1,0.06000240922827881,45
367,4,522,294,228,0,0,0,1.0,1,1.0,1,1.0,1,0.0679321327624377,44
368,0,522,294,228,0,0,0,1.0,1,1.0,1,1.0,1,0.0582996295695312,46
369,1,523,295,228,0,0,0,1.0,1,1.0,1,1.0,1,0.08665283150119724,45
370,1,524,295,229,0,0,0,1.0,1,1.0,1,1.0,1,0.08446828642021323,46
371,1,525,295,230,0,0,0,1.0,1,1.0,1,1.0,1,0.08334413936331002,47
372,1,526,295,231,0,0,0,1.0,1,1.0,1,1.0,1,0.06537145104936647,48
373,0,526,295,231,0,0,0,1.0,1,1.0,1,1.0,1,0.06537145104936647,48
374,2,528,296,232,0,0,0,1.0,1,1.0,1,1.0,1,0.06378184546299838,49
375,0,528,296,232,0,0,0,1.0,1,1.0,1,1.0,1,0.06378184546299838,49
376,3,531,298,233,0,0,0,1.0,1,1.0,1,1.0,1,0.0639725887713194,49
377,4,535,302,233,0,0,0,1.0,1,1.0,1,1.0,1,0.09760321840085612,49
378,2,537,303,234,0,0,0,1.0,1,1.0,1,1.0,1,0.07198934940360593,49
379,1,538,304,234,0,0,0,1.0,1,1.0,1,1.0,1,0.09500599951869425,50
380,2,540,305,235,0,0,0,1.0,1,1.0,1,1.0,1,0.09324507388457878,50
381,4,544,307,237,0,0,0,1.0,1,1.0,1,1.0,1,0.054762744533381785,51
382,1,545,308,237,0,0,0,1.0,1,1.0,1,1.0,1,0.05980201211276534,50
383,1,546,308,238,0,0,0,1.0,1,1.0,1,1.0,1,0.06376675581041678,51
384,1,547,309,238,0,0,0,1.0,1,1.0,1,1.0,1,0.07189095199876382,50
385,0,547,309,238,0,0,0,1.0,1,1.0,1,1.0,1,0.08040666629878808,50
386,3,550,309,241,0,0,0,1.0,1,1.0,1,1.0,1,0.018765910950013637,48
387,0,550,309,241,0,0,0,1.0,1,1.0,1,1.0,1,0.04578224092931129,47
388,0,550,309,241,0,0,0,1.0,1,1.0,1,1.0,1,0.062390360579931935,48
389,1,551,310,241,0,0,0,1.0,1,1.0,1,1.0,1,0.08456254445874822,47
390,1,552,311,241,0,0,0,1.0,1,1.0,1,1.0,1,0.10139906522770231,49
391,3,555,313,242,0,0,0,1.0,1,1.0,1,1.0,1,0.10424362672453677,46
392,0,555,313,242,0,0,0,1.0,1,1.0,1,1.0,1,0.13402770913743006,46
393,5,560,317,243,0,0,0,1.0,1,1.0,1,1.0,1,0.1680318102908104,44
394,0,560,317,243,0,0,0,1.0,1,1.0,1,1.0,1,0.1753668673299069,43
395,0,560,317,243,0,0,0,1.0,1,1.0,1,1.0,1,0.19242938791929645,42
396,4,564,318,246,0,0,0,1.0,1,1.0,1,1.0,1,0.1933899089650166,39
397,1,565,319,246,0,0,0,1.0,1,1.0,1,1.0,1,0.2503496053796179,39
398,0,565,319,246,0,0,0,1.0,1,1.0,1,1.0,1,0.25268127426764714,36
399,0,565,319,246,0,0,0,1.0,1,1.0,1,1.0,1,0.25268127426764714,36
400,2,567,321,246,0,0,0,1.0,1,1.0,1,1.0,1,0.2506440152159034,34
401,3,570,322,248,0,0,0,1.0,1,1.0,1,1.0,1,0.17494756797453967,33
402,0,570,322,248,0,0,0,1.0,1,1.0,1,1.0,1,0.14240910502702925,34
403,1,571,322,249,0,0,0,1.0,1,1.0,1,1.0,1,0.1461018266021049,36
404,0,571,322,249,0,0,0,1.0,1,1.0,1,1.0,1,0.1461018266021049,36
405,0,571,322,249,0,0,0,1.0,1,1.0,1,1.0,1,0.13169503810226463,37
406,1,572,322,250,0,0,0,1.0,1,1.0,1,1.0,1,0.11488452272686851,37
407,4,576,325,251,0,0,0,1.0,1,1.0,1,1.0,1,0.09488501853253971,39
408,2,578,327,251,0,0,0,1.0,1,1.0,1,1.0,1,0.15194730430304923,40
409,5,583,329,254,0,0,0,1.0,1,1.0,1,1.0,1,0.18207280230958467,41
410,7,590,331,259,0,0,0,1.0,1,1.0,1,1.0,1,0.18220976110110576,42
411,0,590,331,259,0,0,0,1.0,1,1.0,1,1.0,1,0.19861510962972884,43
412,2,592,332,260,0,0,0,1.0,1,1.0,1,1.0,1,0.183857873089891,44
413,1,593,333,260,0,0,0,1.0,1,1.0,1,1.0,1,0.201066359343802,44
414,2,595,333,262,0,0,0,1.0,1,1.0,1,1.0,1,0.16395627370353785,45
415,0,595,333,262,0,0,0,1.0,1,1.0,1,1.0,1,0.16395627370353785,45
416,1,596,333,263,0,0,0,1.0,1,1.0,1,1.0,1,0.1345511105899097,46
417,1,597,334,263,0,0,0,1.0,1,1.0,1,1.0,1,0.15460708164975157,46
418,0,597,334,263,0,0,0,1.0,1,1.0,1,1.0,1,0.1443954152899312,47
419,0,597,334,263,0,0,0,1.0,1,1.0,1,1.0,1,0.1443954152899312,47
420,1,598,334,264,0,0,0,1.0,1,1.0,1,1.0,1,0.13704751395953976,47
421,1,599,335,264,0,0,0,1.0,1,1.0,1,1.0,1,0.12951044597774514,47
422,0,599,335,264,0,0,0,1.0,1,1.0,1,1.0,1,0.1306781076900187,49
423,0,599,335,264,0,0,0,1.0,1,1.0,1,1.0,1,0.13328047365709192,47
424,1,600,335,265,0,0,0,1.0,1,1.0,1,1.0,1,0.12215123926647584,45
425,1,601,335,266,0,0,0,1.0,1,1.0,1,1.0,1,0.1357917654830908,46
426,2,603,337,266,0,0,0,1.0,1,1.0,1,1.0,1,0.1400331266816003,46
427,4,607,339,268,0,0,0,1.0,1,1.0,1,1.0,1,0.11416680053125453,45
428,0,607,339,268,0,0,0,1.0,1,1.0,1,1.0,1,0.13486933665431985,45
429,2,609,340,269,0,0,0,1.0,1,1.0,1,1.0,1,0.0774857432710997,42
430,0,609,340,269,0,0,0,1.0,1,1.0,1,1.0,1,0.10877484211685817,40
431,3,612,342,270,0,0,0,1.0,1,1.0,1,1.0,1,0.0738015941497523,39
432,0,612,342,270,0,0,0,1.0,1,1.0,1,1.0,1,0.07858407675136089,37
433,2,614,344,270,0,0,0,1.0,1,1.0,1,1.0,1,0.16318336934406857,35
434,2,616,345,271,0,0,0,1.0,1,1.0,1,1.0,1,0.18849605991274132,33
435,0,616,345,271,0,0,0,1.0,1,1.0,1,1.0,1,0.18849605991274132,33
436,3,619,345,274,0,0,0,1.0,1,1.0,1,1.0,1,0.10058972878231609,33
437,1,620,346,274,0,0,0,1.0,1,1.0,1,1.0,1,0.09835095719748868,33
438,1,621,346,275,0,0,0,1.0,1,1.0,1,1.0,1,0.06551961869110913,32
439,3,624,349,275,0,0,0,1.0,1,1.0,1,1.0,1,0.0769444982886871,34
440,2,626,350,276,0,0,0,1.0,1,1.0,1,1.0,1,0.07313196908887783,34
441,2,628,351,277,0,0,0,1.0,1,1.0,1,1.0,1,0.0864572441033747,35
442,3,631,354,277,0,0,0,1.0,1,1.0,1,1.0,1,0.15277246005739234,37
443,5,636,357,279,0,0,0,1.0,1,1.0,1,1.0,1,0.1615965802797592,37
444,2,638,358,280,0,0,0,1.0,1,1.0,1,1.0,1,0.09557077554314196,38
445,0,638,358,280,0,0,0,1.0,1,1.0,1,1.0,1,0.07302073095392198,39
446,0,638,358,280,0,0,0,1.0,1,1.0,1,1.0,1,0.07302073095392198,39
447,0,638,358,280,0,0,0,1.0,1,1.0,1,1.0,1,0.06348611679303659,41
448,0,638,358,280,0,0,0,1.0,1,1.0,1,1.0,1,0.06348611679303659,41
449,0,638,358,280,0,0,0,1.0,1,1.0,1,1.0,1,0.08223408522641705,40
450,0,638,358,280,0,0,0,1.0,1,1.0,1,1.0,1,0.04786190755897426,40
451,0,638,358,280,0,0,0,1.0,1,1.0,1,1.0,1,0.08719797740611089,41
452,0,638,358,280,0,0,0,1.0,1,1.0,1,1.0,1,0.08719797740611089,41
453,2,640,360,280,0,0,0,1.0,1,1.0,1,1.0,1,0.1176180918915477,40
454,0,640,360,280,0,0,0,1.0,1,1.0,1,1.0,1,0.10870280236059546,41
455,3,643,363,280,0,0,0,1.0,1,1.0,1,1.0,1,0.10462596060588328,41
456,2,645,363,282,0,0,0,1.0,1,1.0,1,1.0,1,0.06794307603076022,43
457,1,646,364,282,0,0,0,1.0,1,1.0,1,1.0,1,0.08350489580630324,43
458,1,647,365,282,0,0,0,1.0,1,1.0,1,1.0,1,0.07367560699109227,43
459,0,647,365,282,0,0,0,1.0,1,1.0,1,1.0,1,0.05421818011233893,44
460,1,648,365,283,0,0,0,1.0,1,1.0,1,1.0,1,0.05537808233734016,47
461,1,649,366,283,0,0,0,1.0,1,1.0,1,1.0,1,0.04715741457171553,48
462,0,649,366,283,0,0,0,1.0,1,1.0,1,1.0,1,0.05088730312957798,49
463,0,649,366,283,0,0,0,1.0,1,1.0,1,1.0,1,0.06326440341275469,47
464,1,650,367,283,0,0,0,1.0,1,1.0,1,1.0,1,0.030788969559593166,48
465,4,654,370,284,0,0,0,1.0,1,1.0,1,1.0,1,0.05918328787754093,47
466,3,657,373,284,0,0,0,1.0,1,1.0,1,1.0,1,0.07744282670328387,46
467,3,660,376,284,0,0,0,1.0,1,1.0,1,1.0,1,0.08013406041636253,44
468,3,663,379,284,0,0,0,1.0,1,1.0,1,1.0,1,0.12737948401643961,41
469,4,667,383,284,0,0,0,1.0,1,1.0,1,1.0,1,0.11999836243288788,40
470,3,670,385,285,0,0,0,1.0,1,1.0,1,1.0,1,0.10646251315402883,39
471,3,673,387,286,0,0,0,1.0,1,1.0,1,1.0,1,0.07959939309810743,38
472,2,675,388,287,0,0,0,1.0,1,1.0,1,1.0,1,0.06672905124549337,36
473,1,676,389,287,0,0,0,1.0,1,1.0,1,1.0,1,0.06289231254618266,36
474,1,677,390,287,0,0,0,1.0,1,1.0,1,1.0,1,0.10042504840107347,34
475,1,678,391,287,0,0,0,1.0,1,1.0,1,1.0,1,0.12405063421644037,34
476,2,680,392,288,0,0,0,1.0,1,1.0,1,1.0,1,0.1520292485122733,32
477,0,680,392,288,0,0,0,1.0,1,1.0,1,1.0,1,0.15226495580322014,32
478,1,681,393,288,0,0,0,1.0,1,1.0,1,1.0,1,0.16147293002919852,30
479,0,681,393,288,0,0,0,1.0,1,1.0,1,1.0,1,0.1755140908659411,31
480,0,681,393,288,0,0,0,1.0,1,1.0,1,1.0,1,0.17087989923586905,27
481,1,682,394,288,0,0,0,1.0,1,1.0,1,1.0,1,0.1429843977504343,28
482,2,684,396,288,0,0,0,1.0,1,1.0,1,1.0,1,0.16724543765416808,28
483,3,687,398,289,0,0,0,1.0,1,1.0,1,1.0,1,0.09657178597733995,29
484,1,688,399,289,0,0,0,1.0,1,1.0,1,1.0,1,0.1314692293293967,29
485,0,688,399,289,0,0,0,1.0,1,1.0,1,1.0,1,0.1314692293293967,29
486,3,691,400,291,0,0,0,1.0,1,1.0,1,1.0,1,0.06325891250997309,31
487,0,691,400,291,0,0,0,1.0,1,1.0,1,1.0,1,0.09526878018313005,33
488,1,692,400,292,0,0,0,1.0,1,1.0,1,1.0,1,0.06374416005124059,34
489,2,694,402,292,0,0,0,1.0,1,1.0,1,1.0,1,0.13740015559482724,34
490,0,694,402,292,0,0,0,1.0,1,1.0,1,1.0,1,0.13740015559482724,34
491,1,695,403,292,0,0,0,1.0,1,1.0,1,1.0,1,0.10330097897588165,34
492,0,695,403,292,0,0,0,1.0,1,1.0,1,1.0,1,0.10330097897588165,34
493,3,698,406,292,0,0,0,1.0,1,1.0,1,1.0,1,0.10168139682649634,34
494,1,699,407,292,0,0,0,1.0,1,1.0,1,1.0,1,0.12704413209669554,36
495,2,701,408,293,0,0,0,1.0,1,1.0,1,1.0,1,0.12170843815075286,36
496,2,703,408,295,0,0,0,1.0,1,1.0,1,1.0,1,0.05318959701117711,37
497,1,704,408,296,0,0,0,1.0,1,1.0,1,1.0,1,0.052731162417996635,39
498,1,705,409,296,0,0,0,1.0,1,1.0,1,1.0,1,0.08246121366758179,40
499,0,705,409,296,0,0,0,1.0,1,1.0,1,1.0,1,0.08246121366758179,40
500,1,706,409,297,0,0,0,1.0,1,1.0,1,1.0,1,0.0820686465482363,42
501,3,709,410,299,0,0,0,1.0,1,1.0,1,1.0,1,0.023678704927498472,42
502,0,709,410,299,0,0,0,1.0,1,1.0,1,1.0,1,0.044738568423258525,42
503,3,712,413,299,0,0,0,1.0,1,1.0,1,1.0,1,0.08554099796753448,41
504,1,713,413,300,0,0,0,1.0,1,1.0,1,1.0,1,0.09335570846794969,42
505,2,715,415,300,0,0,0,1.0,1,1.0,1,1.0,1,0.14473586554733606,38
506,1,716,415,301,0,0,0,1.0,1,1.0,1,1.0,1,0.1433275647264554,37
507,2,718,416,302,0,0,0,1.0,1,1.0,1,1.0,1,0.1305414133544997,35
508,2,720,418,302,0,0,0,1.0,1,1.0,1,1.0,1,0.16408556860351772,35
509,1,721,419,302,0,0,0,1.0,1,1.0,1,1.0,1,0.18941253975001332,34
510,1,722,419,303,0,0,0,1.0,1,1.0,1,1.0,1,0.177635613982272,34
511,1,723,420,303,0,0,0,1.0,1,1.0,1,1.0,1,0.12178635498817951,32
512,0,723,420,303,0,0,0,1.0,1,1.0,1,1.0,1,0.13742585958721365,30
513,1,724,421,303,0,0,0,1.0,1,1.0,1,1.0,1,0.11492877077763426,31
514,0,724,421,303,0,0,0,1.0,1,1.0,1,1.0,1,0.11492877077763426,31
515,1,725,421,304,0,0,0,1.0,1,1.0,1,1.0,1,0.08277539009428049,32
516,1,726,421,305,0,0,0,1.0,1,1.0,1,1.0,1,0.03583111602533681,31
517,1,727,422,305,0,0,0,1.0,1,1.0,1,1.0,1,0.037461799220071625,32
518,0,727,422,305,0,0,0,1.0,1,1.0,1,1.0,1,0.04892407146778003,31
519,2,729,424,305,0,0,0,1.0,1,1.0,1,1.0,1,0.08165449235214899,31
520,2,731,426,305,0,0,0,1.0,1,1.0,1,1.0,1,0.06915025906878136,33
521,1,732,427,305,0,0,0,1.0,1,1.0,1,1.0,1,0.06827913544493797,34
522,1,733,428,305,0,0,0,1.0,1,1.0,1,1.0,1,0.06388852567937606,34
523,0,733,428,305,0,0,0,1.0,1,1.0,1,1.0,1,0.06012154377879899,33
524,3,736,430,306,0,0,0,1.0,1,1.0,1,1.0,1,0.026727866600272793,34
525,0,736,430,306,0,0,0,1.0,1,1.0,1,1.0,1,0.024078611385584554,32
526,1,737,431,306,0,0,0,1.0,1,1.0,1,1.0,1,0.04776282590150351,32
527,0,737,431,306,0,0,0,1.0,1,1.0,1,1.0,1,0.04973412368201459,31
528,0,737,431,306,0,0,0,1.0,1,1.0,1,1.0,1,0.04973412368201459,31
529,0,737,431,306,0,0,0,1.0,1,1.0,1,1.0,1,0.07351790971287805,30
530,1,738,432,306,0,0,0,1.0,1,1.0,1,1.0,1,0.12297751951214606,30
531,1,739,433,306,0,0,0,1.0,1,1.0,1,1.0,1,0.13309202656429098,32
532,2,741,435,306,0,0,0,1.0,1,1.0,1,1.0,1,0.18827878262959752,32
533,4,745,438,307,0,0,0,1.0,1,1.0,1,1.0,1,0.22217828791906283,34
534,4,749,439,310,0,0,0,1.0,1,1.0,1,1.0,1,0.19330948084307456,34
535,6,755,440,315,0,0,0,1.0,1,1.0,1,1.0,1,0.23646817631698852,37
536,2,757,440,317,0,0,0,1.0,1,1.0,1,1.0,1,0.21188135006314665,37
537,1,758,441,317,0,0,0,1.0,1,1.0,1,1.0,1,0.24695144198344185,37
538,0,758,441,317,0,0,0,1.0,1,1.0,1,1.0,1,0.23202585952394347,38
539,0,758,441,317,0,0,0,1.0,1,1.0,1,1.0,1,0.23202585952394347,38
540,3,761,443,318,0,0,0,1.0,1,1.0,1,1.0,1,0.19439645497905655,38
541,0,761,443,318,0,0,0,1.0,1,1.0,1,1.0,1,0.1781277180780422,39
542,3,764,446,318,0,0,0,1.0,1,1.0,1,1.0,1,0.20954579739603532,40
543,0,764,446,318,0,0,0,1.0,1,1.0,1,1.0,1,0.22112172378023864,37
544,0,764,446,318,0,0,0,1.0,1,1.0,1,1.0,1,0.2223359485539295,35
545,2,766,448,318,0,0,0,1.0,1,1.0,1,1.0,1,0.18362354909564862,35
546,1,767,449,318,0,0,0,1.0,1,1.0,1,1.0,1,0.17815119010292116,35
547,2,769,451,318,0,0,0,1.0,1,1.0,1,1.0,1,0.1967460847843238,34
548,1,770,452,318,0,0,0,1.0,1,1.0,1,1.0,1,0.23347049720763488,34
549,1,771,453,318,0,0,0,1.0,1,1.0,1,1.0,1,0.26759195463034485,31
550,0,771,453,318,0,0,0,1.0,1,1.0,1,1.0,1,0.25382558933785204,30
551,2,773,455,318,0,0,0,1.0,1,1.0,1,1.0,1,0.22801935165494414,31
552,0,773,455,318,0,0,0,1.0,1,1.0,1,1.0,1,0.191299982456349,29
553,1,774,455,319,0,0,0,1.0,1,1.0,1,1.0,1,0.14785234173123843,30
554,0,774,455,319,0,0,0,1.0,1,1.0,1,1.0,1,0.13338222223234134,30
555,3,777,455,322,0,0,0,1.0,1,1.0,1,1.0,1,0.06628732529510675,30
556,0,777,455,322,0,0,0,1.0,1,1.0,1,1.0,1,0.05214289253702631,31
557,1,778,456,322,0,0,0,1.0,1,1.0,1,1.0,1,0.08489775377137813,31
558,1,779,457,322,0,0,0,1.0,1,1.0,1,1.0,1,0.09421157761097314,31
559,1,780,458,322,0,0,0,1.0,1,1.0,1,1.0,1,0.06882022965799532,31
560,2,782,459,323,0,0,0,1.0,1,1.0,1,1.0,1,0.08432723008112825,32
561,3,785,461,324,0,0,0,1.0,1,1.0,1,1.0,1,0.14621096983738757,33
562,1,786,462,324,0,0,0,1.0,1,1.0,1,1.0,1,0.1936658151832315,33
563,3,789,465,324,0,0,0,1.0,1,1.0,1,1.0,1,0.2559450979888691,33
564,1,790,465,325,0,0,0,1.0,1,1.0,1,1.0,1,0.23736154060517525,34
565,1,791,466,325,0,0,0,1.0,1,1.0,1,1.0,1,0.20885472944235497,35
566,3,794,468,326,0,0,0,1.0,1,1.0,1,1.0,1,0.15009230580271316,36
567,1,795,468,327,0,0,0,1.0,1,1.0,1,1.0,1,0.10500962717454186,37
568,4,799,471,328,0,0,0,1.0,1,1.0,1,1.0,1,0.07711946066803332,36
569,2,801,473,328,0,0,0,1.0,1,1.0,1,1.0,1,0.04466916173541908,37
570,0,801,473,328,0,0,0,1.0,1,1.0,1,1.0,1,0.03463975172561123,38
571,2,803,475,328,0,0,0,1.0,1,1.0,1,1.0,1,0.08053064032873923,38
572,0,803,475,328,0,0,0,1.0,1,1.0,1,1.0,1,0.06481330559691481,39
573,0,803,475,328,0,0,0,1.0,1,1.0,1,1.0,1,0.06481330559691481,39
574,0,803,475,328,0,0,0,1.0,1,1.0,1,1.0,1,0.04056822778387634,41
575,0,803,475,328,0,0,0,1.0,1,1.0,1,1.0,1,0.04056822778387634,41
576,0,803,475,328,0,0,0,1.0,1,1.0,1,1.0,1,0.030541340748621252,42
577,0,803,475,328,0,0,0,1.0,1,1.0,1,1.0,1,0.030541340748621252,42
578,1,804,476,328,0,0,0,1.0,1,1.0,1,1.0,1,0.029383173212835897,41
579,0,804,476,328,0,0,0,1.0,1,1.0,1,1.0,1,0.021358018801503422,42
580,2,806,478,328,0,0,0,1.0,1,1.0,1,1.0,1,0.0701450399378241,43
581,2,808,480,328,0,0,0,1.0,1,1.0,1,1.0,1,0.08390008524846836,42
582,0,808,480,328,0,0,0,1.0,1,1.0,1,1.0,1,0.07849906898749624,41
583,4,812,484,328,0,0,0,1.0,1,1.0,1,1.0,1,0.08016956048959922,40
584,0,812,484,328,0,0,0,1.0,1,1.0,1,1.0,1,0.08204357229158948,38
585,5,817,488,329,0,0,0,1.0,1,1.0,1,1.0,1,0.17795446178044028,38
586,5,822,491,331,0,0,0,1.0,1,1.0,1,1.0,1,0.120451824543623,37
587,1,823,492,331,0,0,0,1.0,1,1.0,1,1.0,1,0.14330065342002882,35
588,3,826,494,332,0,0,0,1.0,1,1.0,1,1.0,1,0.11859205227539735,35
589,0,826,494,332,0,0,0,1.0,1,1.0,1,1.0,1,0.13662126528892052,34
590,0,826,494,332,0,0,0,1.0,1,1.0,1,1.0,1,0.12798386335123627,36
591,3,829,495,334,0,0,0,1.0,1,1.0,1,1.0,1,0.0658027505756073,35
592,1,830,495,335,0,0,0,1.0,1,1.0,1,1.0,1,0.04199404850494102,37
593,1,831,496,335,0,0,0,1.0,1,1.0,1,1.0,1,0.03159762977355159,36
594,1,832,497,335,0,0,0,1.0,1,1.0,1,1.0,1,0.07356344920493489,35
595,2,834,499,335,0,0,0,1.0,1,1.0,1,1.0,1,0.1267351049600201,34
596,3,837,500,337,0,0,0,1.0,1,1.0,1,1.0,1,0.10010482871786662,34
597,3,840,502,338,0,0,0,1.0,1,1.0,1,1.0,1,0.11807895069436046,33
598,1,841,502,339,0,0,0,1.0,1,1.0,1,1.0,1,0.1580762893779396,33
599,2,843,504,339,0,0,0,1.0,1,1.0,1,1.0,1,0.17376102559439457,33
600,2,845,505,340,0,0,0,1.0,1,1.0,1,1.0,1,0.1506128689041122,33
601,0,845,505,340,0,0,0,1.0,1,1.0,1,1.0,1,0.15283269110259629,34
602,0,845,505,340,0,0,0,1.0,1,1.0,1,1.0,1,0.1754972452827586,35
603,3,848,505,343,0,0,0,1.0,1,1.0,1,1.0,1,0.13182858071828943,35
604,0,848,505,343,0,0,0,1.0,1,1.0,1,1.0,1,0.10723497327245474,35
605,0,848,505,343,0,0,0,1.0,1,1.0,1,1.0,1,0.13794396336067447,35
606,2,850,505,345,0,0,0,1.0,1,1.0,1,1.0,1,0.0611350494171784,35
607,0,850,505,345,0,0,0,1.0,1,1.0,1,1.0,1,0.0611350494171784,35
608,1,851,505,346,0,0,0,1.0,1,1.0,1,1.0,1,0.05418362889291473,36
609,0,851,505,346,0,0,0,1.0,1,1.0,1,1.0,1,0.06919123239038853,37
610,0,851,505,346,0,0,0,1.0,1,1.0,1,1.0,1,0.06919123239038853,37
611,2,853,507,346,0,0,0,1.0,1,1.0,1,1.0,1,0.05235646019839288,39
612,1,854,508,346,0,0,0,1.0,1,1.0,1,1.0,1,0.07962417257258031,39
613,1,855,509,346,0,0,0,1.0,1,1.0,1,1.0,1,0.10967943644358523,39
614,1,856,510,346,0,0,0,1.0,1,1.0,1,1.0,1,0.15265237907011012,39
615,0,856,510,346,0,0,0,1.0,1,1.0,1,1.0,1,0.15265237907011012,39
616,2,858,511,347,0,0,0,1.0,1,1.0,1,1.0,1,0.2043747758864074,38
617,2,860,513,347,0,0,0,1.0,1,1.0,1,1.0,1,0.18306929610280534,39
618,2,862,514,348,0,0,0,1.0,1,1.0,1,1.0,1,0.21282244393889888,40
619,4,866,516,350,0,0,0,1.0,1,1.0,1,1.0,1,0.13943552722076885,39
620,1,867,517,350,0,0,0,1.0,1,1.0,1,1.0,1,0.11583464302111285,38
621,2,869,519,350,0,0,0,1.0,1,1.0,1,1.0,1,0.10021079224050063,38
622,3,872,522,350,0,0,0,1.0,1,1.0,1,1.0,1,0.024505147871771802,38
623,1,873,523,350,0,0,0,1.0,1,1.0,1,1.0,1,0.04162790074942433,37
624,3,876,526,350,0,0,0,1.0,1,1.0,1,1.0,1,0.07463697873800873,33
625,2,878,528,350,0,0,0,1.0,1,1.0,1,1.0,1,0.058717569118181726,32
626,2,880,530,350,0,0,0,1.0,1,1.0,1,1.0,1,0.08388349353802446,31
627,2,882,532,350,0,0,0,1.0,1,1.0,1,1.0,1,0.15615979140854133,30
628,4,886,535,351,0,0,0,1.0,1,1.0,1,1.0,1,0.13389831998950055,32
629,0,886,535,351,0,0,0,1.0,1,1.0,1,1.0,1,0.1168837352626507,29
630,1,887,536,351,0,0,0,1.0,1,1.0,1,1.0,1,0.15524643713088307,29
631,4,891,538,353,0,0,0,1.0,1,1.0,1,1.0,1,0.19408086635402688,25
632,0,891,538,353,0,0,0,1.0,1,1.0,1,1.0,1,0.2116217320004324,24
633,1,892,539,353,0,0,0,1.0,1,1.0,1,1.0,1,0.27610082944866937,23
634,0,892,539,353,0,0,0,1.0,1,1.0,1,1.0,1,0.27610082944866937,23
635,0,892,539,353,0,0,0,1.0,1,1.0,1,1.0,1,0.3129722399930761,22
636,5,897,540,357,0,0,0,1.0,1,1.0,1,1.0,1,0.19000069019458682,22
637,0,897,540,357,0,0,0,1.0,1,1.0,1,1.0,1,0.20827940514918356,23
638,1,898,541,357,0,0,0,1.0,1,1.0,1,1.0,1,0.23188078114439703,23
639,0,898,541,357,0,0,0,1.0,1,1.0,1,1.0,1,0.23252769835634382,24
640,2,900,543,357,0,0,0,1.0,1,1.0,1,1.0,1,0.2358290284505577,24
641,1,901,543,358,0,0,0,1.0,1,1.0,1,1.0,1,0.24183777758487723,25
642,0,901,543,358,0,0,0,1.0,1,1.0,1,1.0,1,0.19965496738817284,26
643,1,902,543,359,0,0,0,1.0,1,1.0,1,1.0,1,0.12676770936265264,28
644,2,904,544,360,0,0,0,1.0,1,1.0,1,1.0,1,0.0712310864374535,28
645,1,905,545,360,0,0,0,1.0,1,1.0,1,1.0,1,0.044613992767755864,28
646,0,905,545,360,0,0,0,1.0,1,1.0,1,1.0,1,0.06464215696412555,29
647,1,906,546,360,0,0,0,1.0,1,1.0,1,1.0,1,0.07257164229814021,30
648,1,907,547,360,0,0,0,1.0,1,1.0,1,1.0,1,0.05642583351414826,30
649,2,909,548,361,0,0,0,1.0,1,1.0,1,1.0,1,0.09668207482961738,31
650,1,910,549,361,0,0,0,1.0,1,1.0,1,1.0,1,0.08860401217157324,31
651,0,910,549,361,0,0,0,1.0,1,1.0,1,1.0,1,0.10445400396340027,32
652,1,911,550,361,0,0,0,1.0,1,1.0,1,1.0,1,0.09161349602997117,32
653,0,911,550,361,0,0,0,1.0,1,1.0,1,1.0,1,0.10099316238060979,33
654,2,913,552,361,0,0,0,1.0,1,1.0,1,1.0,1,0.08825186232151246,33
655,1,914,553,361,0,0,0,1.0,1,1.0,1,1.0,1,0.09331792217113724,36
656,1,915,554,361,0,0,0,1.0,1,1.0,1,1.0,1,0.12412267649799733,36
657,1,916,555,361,0,0,0,1.0,1,1.0,1,1.0,1,0.12312873662405575,35
658,2,918,556,362,0,0,0,1.0,1,1.0,1,1.0,1,0.15482897498471326,33
659,2,920,558,362,0,0,0,1.0,1,1.0,1,1.0,1,0.20753678970108436,35
660,0,920,558,362,0,0,0,1.0,1,1.0,1,1.0,1,0.16482296976676866,34
661,3,923,559,364,0,0,0,1.0,1,1.0,1,1.0,1,0.14118528231377128,33
662,1,924,560,364,0,0,0,1.0,1,1.0,1,1.0,1,0.0906575073827096,31
663,3,927,562,365,0,0,0,1.0,1,1.0,1,1.0,1,0.12531553298529985,29
664,0,927,562,365,0,0,0,1.0,1,1.0,1,1.0,1,0.11392188840146467,27
665,1,928,563,365,0,0,0,1.0,1,1.0,1,1.0,1,0.13908831571334782,27
666,2,930,563,367,0,0,0,1.0,1,1.0,1,1.0,1,0.0866617144825373,28
667,0,930,563,367,0,0,0,1.0,1,1.0,1,1.0,1,0.07545821996000839,26
668,2,932,564,368,0,0,0,1.0,1,1.0,1,1.0,1,0.11765395248303974,26
669,3,935,567,368,0,0,0,1.0,1,1.0,1,1.0,1,0.12944293511625937,25
670,0,935,567,368,0,0,0,1.0,1,1.0,1,1.0,1,0.1577545997214383,24
671,1,936,567,369,0,0,0,1.0,1,1.0,1,1.0,1,0.10163879472614387,24
672,1,937,568,369,0,0,0,1.0,1,1.0,1,1.0,1,0.17660545980131923,25
673,2,939,569,370,0,0,0,1.0,1,1.0,1,1.0,1,0.15128626832820977,25
674,1,940,569,371,0,0,0,1.0,1,1.0,1,1.0,1,0.0898250319863964,25
675,1,941,570,371,0,0,0,1.0,1,1.0,1,1.0,1,0.13756300366969199,26
676,3,944,573,371,0,0,0,1.0,1,1.0,1,1.0,1,0.10156586839873008,27
677,1,945,574,371,0,0,0,1.0,1,1.0,1,1.0,1,0.13448742358068472,28
678,0,945,574,371,0,0,0,1.0,1,1.0,1,1.0,1,0.13448742358068472,28
679,2,947,576,371,0,0,0,1.0,1,1.0,1,1.0,1,0.13353219645358072,30
680,0,947,576,371,0,0,0,1.0,1,1.0,1,1.0,1,0.15054927038708368,29
681,0,947,576,371,0,0,0,1.0,1,1.0,1,1.0,1,0.15054927038708368,29
682,0,947,576,371,0,0,0,1.0,1,1.0,1,1.0,1,0.13054486403796461,30
683,0,947,576,371,0,0,0,1.0,1,1.0,1,1.0,1,0.13054486403796461,30
684,0,947,576,371,0,0,0,1.0,1,1.0,1,1.0,1,0.13535373914302246,31
685,0,947,576,371,0,0,0,1.0,1,1.0,1,1.0,1,0.11501641120649804,30
686,4,951,580,371,0,0,0,1.0,1,1.0,1,1.0,1,0.05535662807311642,30
687,1,952,581,371,0,0,0,1.0,1,1.0,1,1.0,1,0.04123664434770773,30
688,0,952,581,371,0,0,0,1.0,1,1.0,1,1.0,1,0.06042863702394981,31
689,1,953,582,371,0,0,0,1.0,1,1.0,1,1.0,1,0.09278403799458182,32
690,0,953,582,371,0,0,0,1.0,1,1.0,1,1.0,1,0.09278403799458182,32
691,1,954,583,371,0,0,0,1.0,1,1.0,1,1.0,1,0.1440793405988864,32
692,3,957,586,371,0,0,0,1.0,1,1.0,1,1.0,1,0.19312710236005334,32
693,1,958,587,371,0,0,0,1.0,1,1.0,1,1.0,1,0.17860779851791844,34
694,2,960,589,371,0,0,0,1.0,1,1.0,1,1.0,1,0.23230098749184266,36
695,1,961,590,371,0,0,0,1.0,1,1.0,1,1.0,1,0.23834717718624782,34
696,2,963,590,373,0,0,0,1.0,1,1.0,1,1.0,1,0.15427305788262793,33
697,1,964,590,374,0,0,0,1.0,1,1.0,1,1.0,1,0.13947529032203926,33
698,2,966,592,374,0,0,0,1.0,1,1.0,1,1.0,1,0.19492249625572888,34
699,0,966,592,374,0,0,0,1.0,1,1.0,1,1.0,1,0.17792601023514484,33
700,1,967,593,374,0,0,0,1.0,1,1.0,1,1.0,1,0.1625163553324587,32
701,3,970,593,377,0,0,0,1.0,1,1.0,1,1.0,1,0.08307235443516651,33
702,1,971,594,377,0,0,0,1.0,1,1.0,1,1.0,1,0.10701195267418741,34
703,2,973,596,377,0,0,0,1.0,1,1.0,1,1.0,1,0.1061976227886254,32
704,0,973,596,377,0,0,0,1.0,1,1.0,1,1.0,1,0.06738659069271254,31
705,4,977,598,379,0,0,0,1.0,1,1.0,1,1.0,1,0.033104252231960854,33
706,1,978,599,379,0,0,0,1.0,1,1.0,1,1.0,1,0.09436080870264897,33
707,1,979,600,379,0,0,0,1.0,1,1.0,1,1.0,1,0.14461894461967656,31
708,1,980,601,379,0,0,0,1.0,1,1.0,1,1.0,1,0.19062283078581893,31
709,1,981,602,379,0,0,0,1.0,1,1.0,1,1.0,1,0.20097793194323668,30
710,0,981,602,379,0,0,0,1.0,1,1.0,1,1.0,1,0.20097793194323668,30
711,1,982,602,380,0,0,0,1.0,1,1.0,1,1.0,1,0.16247487519804815,30
712,0,982,602,380,0,0,0,1.0,1,1.0,1,1.0,1,0.1580639691657563,30
713,0,982,602,380,0,0,0,1.0,1,1.0,1,1.0,1,0.17829477942793326,31
714,1,983,603,380,0,0,0,1.0,1,1.0,1,1.0,1,0.14672409981141352,31
715,1,984,603,381,0,0,0,1.0,1,1.0,1,1.0,1,0.12428500047297829,30
716,0,984,603,381,0,0,0,1.0,1,1.0,1,1.0,1,0.08689754392955189,31
717,0,984,603,381,0,0,0,1.0,1,1.0,1,1.0,1,0.10216273913197105,32
718,2,986,605,381,0,0,0,1.0,1,1.0,1,1.0,1,0.17829959711375365,32
719,3,989,607,382,0,0,0,1.0,1,1.0,1,1.0,1,0.14195693256069225,32
720,0,989,607,382,0,0,0,1.0,1,1.0,1,1.0,1,0.12092282616170473,34
721,1,990,608,382,0,0,0,1.0,1,1.0,1,1.0,1,0.15649366661655964,34
722,1,991,608,383,0,0,0,1.0,1,1.0,1,1.0,1,0.13903463899736904,34
723,1,992,608,384,0,0,0,1.0,1,1.0,1,1.0,1,0.13994011111297483,35
724,1,993,608,385,0,0,0,1.0,1,1.0,1,1.0,1,0.12944251542508917,36
725,0,993,608,385,0,0,0,1.0,1,1.0,1,1.0,1,0.14540385743699116,37
726,1,994,608,386,0,0,0,1.0,1,1.0,1,1.0,1,0.1274846200950815,37
727,0,994,608,386,0,0,0,1.0,1,1.0,1,1.0,1,0.14350015133218788,38
728,1,995,608,387,0,0,0,1.0,1,1.0,1,1.0,1,0.13314144019663465,39
729,1,996,608,388,0,0,0,1.0,1,1.0,1,1.0,1,0.12334192299145733,39
730,0,996,608,388,0,0,0,1.0,1,1.0,1,1.0,1,0.11605182490886592,40
731,1,997,609,388,0,0,0,1.0,1,1.0,1,1.0,1,0.14194487461584604,40
732,1,998,609,389,0,0,0,1.0,1,1.0,1,1.0,1,0.1518438995181898,41
733,3,1001,611,390,0,0,0,1.0,1,1.0,1,1.0,1,0.1627332474640849,41
734,0,1001,611,390,0,0,0,1.0,1,1.0,1,1.0,1,0.154155381168874,42
735,1,1002,612,390,0,0,0,1.0,1,1.0,1,1.0,1,0.13964073404416913,42
736,1,1003,612,391,0,0,0,1.0,1,1.0,1,1.0,1,0.11829200484218041,41
737,1,1004,613,391,0,0,0,1.0,1,1.0,1,1.0,1,0.16623836713460766,41
738,0,1004,613,391,0,0,0,1.0,1,1.0,1,1.0,1,0.14821033627434907,39
739,1,1005,614,391,0,0,0,1.0,1,1.0,1,1.0,1,0.1181011338092638,39
740,0,1005,614,391,0,0,0,1.0,1,1.0,1,1.0,1,0.1256223676761415,39
741,1,1006,614,392,0,0,0,1.0,1,1.0,1,1.0,1,0.10296245130113134,38
742,0,1006,614,392,0,0,0,1.0,1,1.0,1,1.0,1,0.10779969227779959,39
743,1,1007,615,392,0,0,0,1.0,1,1.0,1,1.0,1,0.10105270822819618,39
744,3,1010,618,392,0,0,0,1.0,1,1.0,1,1.0,1,0.08752745290501607,39
745,3,1013,621,392,0,0,0,1.0,1,1.0,1,1.0,1,0.11848466049885513,39
746,4,1017,624,393,0,0,0,1.0,1,1.0,1,1.0,1,0.11279563724756134,40
747,1,1018,625,393,0,0,0,1.0,1,1.0,1,1.0,1,0.11496751548686528,41
748,0,1018,625,393,0,0,0,1.0,1,1.0,1,1.0,1,0.11496751548686528,41
749,0,1018,625,393,0,0,0,1.0,1,1.0,1,1.0,1,0.11496751548686528,41
750,3,1021,628,393,0,0,0,1.0,1,1.0,1,1.0,1,0.14378828608804822,39
751,3,1024,630,394,0,0,0,1.0,1,1.0,1,1.0,1,0.093267664146127,41
752,3,1027,633,394,0,0,0,1.0,1,1.0,1,1.0,1,0.16674919843015806,41
753,3,1030,633,397,0,0,0,1.0,1,1.0,1,1.0,1,0.16351564179464195,41
754,4,1034,635,399,0,0,0,1.0,1,1.0,1,1.0,1,0.18033160140191795,41
755,0,1034,635,399,0,0,0,1.0,1,1.0,1,1.0,1,0.21112244054231158,41
756,2,1036,635,401,0,0,0,1.0,1,1.0,1,1.0,1,0.1837563955689042,41
757,2,1038,636,402,0,0,0,1.0,1,1.0,1,1.0,1,0.22257403230974274,39
758,0,1038,636,402,0,0,0,1.0,1,1.0,1,1.0,1,0.20910218147185675,39
759,1,1039,636,403,0,0,0,1.0,1,1.0,1,1.0,1,0.1817677390068082,39
760,0,1039,636,403,0,0,0,1.0,1,1.0,1,1.0,1,0.20012758922248422,40
761,0,1039,636,403,0,0,0,1.0,1,1.0,1,1.0,1,0.18876061689705645,41
762,0,1039,636,403,0,0,0,1.0,1,1.0,1,1.0,1,0.19068990484633033,42
763,0,1039,636,403,0,0,0,1.0,1,1.0,1,1.0,1,0.20480532750579253,43
764,4,1043,636,407,0,0,0,1.0,1,1.0,1,1.0,1,0.1631230146150474,43
765,2,1045,636,409,0,0,0,1.0,1,1.0,1,1.0,1,0.10176018043664153,45
766,1,1046,637,409,0,0,0,1.0,1,1.0,1,1.0,1,0.11090837315910176,45
767,1,1047,637,410,0,0,0,1.0,1,1.0,1,1.0,1,0.10021225599743487,46
768,0,1047,637,410,0,0,0,1.0,1,1.0,1,1.0,1,0.09157537397984261,45
769,1,1048,638,410,0,0,0,1.0,1,1.0,1,1.0,1,0.1313702659613825,46
770,0,1048,638,410,0,0,0,1.0,1,1.0,1,1.0,1,0.11766287149743823,47
771,3,1051,641,410,0,0,0,1.0,1,1.0,1,1.0,1,0.13281536689276405,47
772,0,1051,641,410,0,0,0,1.0,1,1.0,1,1.0,1,0.12230458659521447,46
773,2,1053,643,410,0,0,0,1.0,1,1.0,1,1.0,1,0.09723004051869406,45
774,0,1053,643,410,0,0,0,1.0,1,1.0,1,1.0,1,0.07438188361728347,45
775,2,1055,645,410,0,0,0,1.0,1,1.0,1,1.0,1,0.10887657731468973,45
776,1,1056,645,411,0,0,0,1.0,1,1.0,1,1.0,1,0.08913110909399706,43
777,0,1056,645,411,0,0,0,1.0,1,1.0,1,1.0,1,0.10251008427061717,44
778,2,1058,647,411,0,0,0,1.0,1,1.0,1,1.0,1,0.14225585245802147,45
779,0,1058,647,411,0,0,0,1.0,1,1.0,1,1.0,1,0.14225585245802147,45
780,2,1060,649,411,0,0,0,1.0,1,1.0,1,1.0,1,0.20542785878562708,45
781,0,1060,649,411,0,0,0,1.0,1,1.0,1,1.0,1,0.19144925856707448,46
782,1,1061,649,412,0,0,0,1.0,1,1.0,1,1.0,1,0.215747701379252,47
783,1,1062,649,413,0,0,0,1.0,1,1.0,1,1.0,1,0.19496374910336414,46
784,0,1062,649,413,0,0,0,1.0,1,1.0,1,1.0,1,0.20243073424814623,45
785,0,1062,649,413,0,0,0,1.0,1,1.0,1,1.0,1,0.20035059468199404,43
786,1,1063,649,414,0,0,0,1.0,1,1.0,1,1.0,1,0.17018500463230202,43
787,2,1065,650,415,0,0,0,1.0,1,1.0,1,1.0,1,0.13342514245415876,43
788,1,1066,650,416,0,0,0,1.0,1,1.0,1,1.0,1,0.11910793017870001,44
789,1,1067,651,416,0,0,0,1.0,1,1.0,1,1.0,1,0.08684427274237733,46
790,2,1069,653,416,0,0,0,1.0,1,1.0,1,1.0,1,0.14697972620369343,46
791,2,1071,653,418,0,0,0,1.0,1,1.0,1,1.0,1,0.1548985358726092,46
792,1,1072,654,418,0,0,0,1.0,1,1.0,1,1.0,1,0.17636432331545335,47
793,1,1073,654,419,0,0,0,1.0,1,1.0,1,1.0,1,0.18098992260812688,48
794,2,1075,654,421,0,0,0,1.0,1,1.0,1,1.0,1,0.18111359329381463,48
795,2,1077,654,423,0,0,0,1.0,1,1.0,1,1.0,1,0.1695208464482072,47
796,2,1079,654,425,0,0,0,1.0,1,1.0,1,1.0,1,0.18602268662355756,45
797,2,1081,654,427,0,0,0,1.0,1,1.0,1,1.0,1,0.1688207835627975,47
798,2,1083,654,429,0,0,0,1.0,1,1.0,1,1.0,1,0.16276935277177354,48
799,0,1083,654,429,0,0,0,1.0,1,1.0,1,1.0,1,0.16276935277177354,48
800,1,1084,655,429,0,0,0,1.0,1,1.0,1,1.0,1,0.18495505897279155,48
801,3,1087,656,431,0,0,0,1.0,1,1.0,1,1.0,1,0.14379333534361177,49
802,3,1090,658,432,0,0,0,1.0,1,1.0,1,1.0,1,0.18838643115509474,50
803,1,1091,658,433,0,0,0,1.0,1,1.0,1,1.0,1,0.1781950902863049,50
804,0,1091,658,433,0,0,0,1.0,1,1.0,1,1.0,1,0.1781950902863049,50
805,1,1092,659,433,0,0,0,1.0,1,1.0,1,1.0,1,0.19724786170016076,50
806,3,1095,659,436,0,0,0,1.0,1,1.0,1,1.0,1,0.15875456799907467,51
807,0,1095,659,436,0,0,0,1.0,1,1.0,1,1.0,1,0.15875456799907467,51
808,0,1095,659,436,0,0,0,1.0,1,1.0,1,1.0,1,0.16705678702864324,53
809,1,1096,659,437,0,0,0,1.0,1,1.0,1,1.0,1,0.1132766862125828,51
810,1,1097,659,438,0,0,0,1.0,1,1.0,1,1.0,1,0.11353084162253269,52
811,2,1099,661,438,0,0,0,1.0,1,1.0,1,1.0,1,0.1623364717404918,50
812,2,1101,661,440,0,0,0,1.0,1,1.0,1,1.0,1,0.13603490553132686,51
813,5,1106,663,443,0,0,0,1.0,1,1.0,1,1.0,1,0.15408269110353828,51
814,1,1107,663,444,0,0,0,1.0,1,1.0,1,1.0,1,0.14634561905336427,52
815,1,1108,664,444,0,0,0,1.0,1,1.0,1,1.0,1,0.1434647191589973,50
816,2,1110,665,445,0,0,0,1.0,1,1.0,1,1.0,1,0.11683990491961802,50
817,1,1111,666,445,0,0,0,1.0,1,1.0,1,1.0,1,0.13852511258053124,49
818,0,1111,666,445,0,0,0,1.0,1,1.0,1,1.0,1,0.137975615878832,49
819,0,1111,666,445,0,0,0,1.0,1,1.0,1,1.0,1,0.13378392054729704,50
820,1,1112,667,445,0,0,0,1.0,1,1.0,1,1.0,1,0.14559980768210729,49
821,2,1114,668,446,0,0,0,1.0,1,1.0,1,1.0,1,0.16216906743563975,49
822,1,1115,668,447,0,0,0,1.0,1,1.0,1,1.0,1,0.15212240987348954,49
823,1,1116,668,448,0,0,0,1.0,1,1.0,1,1.0,1,0.16132763608741169,47
824,0,1116,668,448,0,0,0,1.0,1,1.0,1,1.0,1,0.16458708937144803,45
825,0,1116,668,448,0,0,0,1.0,1,1.0,1,1.0,1,0.1822609241454737,43
826,2,1118,668,450,0,0,0,1.0,1,1.0,1,1.0,1,0.15284659732441055,44
827,0,1118,668,450,0,0,0,1.0,1,1.0,1,1.0,1,0.179050136752652,43
828,2,1120,670,450,0,0,0,1.0,1,1.0,1,1.0,1,0.18761015608461187,43
829,3,1123,671,452,0,0,0,1.0,1,1.0,1,1.0,1,0.17550722547225014,45
830,1,1124,671,453,0,0,0,1.0,1,1.0,1,1.0,1,0.16593899556360167,46
831,2,1126,671,455,0,0,0,1.0,1,1.0,1,1.0,1,0.13491442060324435,48
832,0,1126,671,455,0,0,0,1.0,1,1.0,1,1.0,1,0.1448067489801211,47
833,2,1128,672,456,0,0,0,1.0,1,1.0,1,1.0,1,0.1342329232402145,47
834,0,1128,672,456,0,0,0,1.0,1,1.0,1,1.0,1,0.1558840663743162,46
835,0,1128,672,456,0,0,0,1.0,1,1.0,1,1.0,1,0.16333603195392218,45
836,2,1130,672,458,0,0,0,1.0,1,1.0,1,1.0,1,0.15507200106610314,46
837,2,1132,673,459,0,0,0,1.0,1,1.0,1,1.0,1,0.13489749873811865,46
838,0,1132,673,459,0,0,0,1.0,1,1.0,1,1.0,1,0.14339333514214608,45
839,2,1134,674,460,0,0,0,1.0,1,1.0,1,1.0,1,0.1258404883315657,46
840,0,1134,674,460,0,0,0,1.0,1,1.0,1,1.0,1,0.13914335591056798,46
841,2,1136,674,462,0,0,0,1.0,1,1.0,1,1.0,1,0.11804028777270781,46
842,3,1139,676,463,0,0,0,1.0,1,1.0,1,1.0,1,0.13412584637530922,46
843,1,1140,677,463,0,0,0,1.0,1,1.0,1,1.0,1,0.16140880969730426,46
844,3,1143,677,466,0,0,0,1.0,1,1.0,1,1.0,1,0.13073821115271,47
845,3,1146,679,467,0,0,0,1.0,1,1.0,1,1.0,1,0.19175308539485558,48
846,1,1147,679,468,0,0,0,1.0,1,1.0,1,1.0,1,0.17139928442837088,47
847,2,1149,679,470,0,0,0,1.0,1,1.0,1,1.0,1,0.14970267408648852,48
848,3,1152,680,472,0,0,0,1.0,1,1.0,1,1.0,1,0.13153654220236383,48
849,0,1152,680,472,0,0,0,1.0,1,1.0,1,1.0,1,0.13278800617171913,48
850,0,1152,680,472,0,0,0,1.0,1,1.0,1,1.0,1,0.13766889031008614,46
851,0,1152,680,472,0,0,0,1.0,1,1.0,1,1.0,1,0.12845180007732415,45
852,1,1153,681,472,0,0,0,1.0,1,1.0,1,1.0,1,0.09813797850424529,44
853,1,1154,682,472,0,0,0,1.0,1,1.0,1,1.0,1,0.09831588809907972,44
854,2,1156,684,472,0,0,0,1.0,1,1.0,1,1.0,1,0.1274287066044817,45
855,1,1157,684,473,0,0,0,1.0,1,1.0,1,1.0,1,0.0695846005153667,46
856,2,1159,685,474,0,0,0,1.0,1,1.0,1,1.0,1,0.05597257954501696,46
857,1,1160,686,474,0,0,0,1.0,1,1.0,1,1.0,1,0.0481857675457702,47
858,0,1160,686,474,0,0,0,1.0,1,1.0,1,1.0,1,0.051412101320408854,48
859,1,1161,687,474,0,0,0,1.0,1,1.0,1,1.0,1,0.06911288007369996,48
860,1,1162,687,475,0,0,0,1.0,1,1.0,1,1.0,1,0.051585593208993336,49
861,2,1164,688,476,0,0,0,1.0,1,1.0,1,1.0,1,0.045212855816593754,49
862,0,1164,688,476,0,0,0,1.0,1,1.0,1,1.0,1,0.045212855816593754,49
863,1,1165,689,476,0,0,0,1.0,1,1.0,1,1.0,1,0.07067426999069856,48
864,0,1165,689,476,0,0,0,1.0,1,1.0,1,1.0,1,0.07881885672016943,49
865,1,1166,690,476,0,0,0,1.0,1,1.0,1,1.0,1,0.10880110135991478,48
866,2,1168,691,477,0,0,0,1.0,1,1.0,1,1.0,1,0.07322036388544938,50
867,2,1170,692,478,0,0,0,1.0,1,1.0,1,1.0,1,0.07507099577345104,50
868,4,1174,695,479,0,0,0,1.0,1,1.0,1,1.0,1,0.04126769385746052,51
869,0,1174,695,479,0,0,0,1.0,1,1.0,1,1.0,1,0.07588533569458683,49
870,1,1175,696,479,0,0,0,1.0,1,1.0,1,1.0,1,0.09152137852074653,49
871,3,1178,696,482,0,0,0,1.0,1,1.0,1,1.0,1,0.06578102399510258,49
872,0,1178,696,482,0,0,0,1.0,1,1.0,1,1.0,1,0.08778251430109808,48
873,2,1180,698,482,0,0,0,1.0,1,1.0,1,1.0,1,0.1015297543049583,49
874,1,1181,699,482,0,0,0,1.0,1,1.0,1,1.0,1,0.09469402114750866,49
875,1,1182,699,483,0,0,0,1.0,1,1.0,1,1.0,1,0.08028802532114328,50
876,4,1186,701,485,0,0,0,1.0,1,1.0,1,1.0,1,0.09138319290357841,50
877,2,1188,702,486,0,0,0,1.0,1,1.0,1,1.0,1,0.09525734532242892,50
878,2,1190,703,487,0,0,0,1.0,1,1.0,1,1.0,1,0.1056294423237815,49
879,1,1191,704,487,0,0,0,1.0,1,1.0,1,1.0,1,0.11788906771876181,49
880,1,1192,705,487,0,0,0,1.0,1,1.0,1,1.0,1,0.1372525573896603,48
881,5,1197,707,490,0,0,0,1.0,1,1.0,1,1.0,1,0.10617889670771806,49
882,0,1197,707,490,0,0,0,1.0,1,1.0,1,1.0,1,0.10233127014020331,48
883,1,1198,708,490,0,0,0,1.0,1,1.0,1,1.0,1,0.11780261658655372,50
884,1,1199,708,491,0,0,0,1.0,1,1.0,1,1.0,1,0.10447547865189684,50
885,3,1202,710,492,0,0,0,1.0,1,1.0,1,1.0,1,0.09976277709078607,49
886,2,1204,710,494,0,0,0,1.0,1,1.0,1,1.0,1,0.08201881477604506,49
887,3,1207,712,495,0,0,0,1.0,1,1.0,1,1.0,1,0.1219168257507979,49
888,0,1207,712,495,0,0,0,1.0,1,1.0,1,1.0,1,0.09227357065721409,47
889,1,1208,713,495,0,0,0,1.0,1,1.0,1,1.0,1,0.13398041449028253,46
890,0,1208,713,495,0,0,0,1.0,1,1.0,1,1.0,1,0.10228780821132459,44
891,2,1210,713,497,0,0,0,1.0,1,1.0,1,1.0,1,0.07053732699434406,45
892,1,1211,714,497,0,0,0,1.0,1,1.0,1,1.0,1,0.09203253486214422,45
893,0,1211,714,497,0,0,0,1.0,1,1.0,1,1.0,1,0.09203253486214422,45
894,0,1211,714,497,0,0,0,1.0,1,1.0,1,1.0,1,0.08157015604057267,44
895,2,1213,716,497,0,0,0,1.0,1,1.0,1,1.0,1,0.08903763555381637,45
896,2,1215,717,498,0,0,0,1.0,1,1.0,1,1.0,1,0.06510738187361725,44
897,0,1215,717,498,0,0,0,1.0,1,1.0,1,1.0,1,0.06510738187361725,44
898,1,1216,718,498,0,0,0,1.0,1,1.0,1,1.0,1,0.04981360982168588,45
899,0,1216,718,498,0,0,0,1.0,1,1.0,1,1.0,1,0.06631421196963434,44
900,1,1217,718,499,0,0,0,1.0,1,1.0,1,1.0,1,0.05814317813403239,46
901,2,1219,718,501,0,0,0,1.0,1,1.0,1,1.0,1,0.05152153892120063,45
902,2,1221,720,501,0,0,0,1.0,1,1.0,1,1.0,1,0.10572194410097441,45
903,1,1222,721,501,0,0,0,1.0,1,1.0,1,1.0,1,0.168164525785568,44
904,1,1223,722,501,0,0,0,1.0,1,1.0,1,1.0,1,0.1979340549373119,45
905,3,1226,724,502,0,0,0,1.0,1,1.0,1,1.0,1,0.19951441299882228,45
906,4,1230,726,504,0,0,0,1.0,1,1.0,1,1.0,1,0.2021015845344272,45
907,1,1231,726,505,0,0,0,1.0,1,1.0,1,1.0,1,0.17697703740351667,46
908,0,1231,726,505,0,0,0,1.0,1,1.0,1,1.0,1,0.1780462643987275,46
909,1,1232,727,505,0,0,0,1.0,1,1.0,1,1.0,1,0.19829551079901922,46
910,0,1232,727,505,0,0,0,1.0,1,1.0,1,1.0,1,0.24525461231632933,44
911,5,1237,727,510,0,0,0,1.0,1,1.0,1,1.0,1,0.15138144659609365,45
912,0,1237,727,510,0,0,0,1.0,1,1.0,1,1.0,1,0.1727334220897214,44
913,0,1237,727,510,0,0,0,1.0,1,1.0,1,1.0,1,0.1851737316123501,45
914,1,1238,728,510,0,0,0,1.0,1,1.0,1,1.0,1,0.20388229044181538,45
915,1,1239,728,511,0,0,0,1.0,1,1.0,1,1.0,1,0.19668041226096772,45
916,4,1243,728,515,0,0,0,1.0,1,1.0,1,1.0,1,0.12873208688177148,45
917,1,1244,728,516,0,0,0,1.0,1,1.0,1,1.0,1,0.1319684982062928,46
918,1,1245,728,517,0,0,0,1.0,1,1.0,1,1.0,1,0.12058651498109123,47
919,0,1245,728,517,0,0,0,1.0,1,1.0,1,1.0,1,0.12058651498109123,47
920,1,1246,729,517,0,0,0,1.0,1,1.0,1,1.0,1,0.11822424835469822,47
921,4,1250,731,519,0,0,0,1.0,1,1.0,1,1.0,1,0.11909339544855943,49
922,3,1253,733,520,0,0,0,1.0,1,1.0,1,1.0,1,0.09905512704675067,49
923,3,1256,735,521,0,0,0,1.0,1,1.0,1,1.0,1,0.09935843521444601,47
924,1,1257,736,521,0,0,0,1.0,1,1.0,1,1.0,1,0.10754476089033459,47
925,1,1258,737,521,0,0,0,1.0,1,1.0,1,1.0,1,0.13257188873493247,47
926,3,1261,739,522,0,0,0,1.0,1,1.0,1,1.0,1,0.150078484154512,46
927,3,1264,740,524,0,0,0,1.0,1,1.0,1,1.0,1,0.11213461312930327,45
928,0,1264,740,524,0,0,0,1.0,1,1.0,1,1.0,1,0.08899636394118184,43
929,0,1264,740,524,0,0,0,1.0,1,1.0,1,1.0,1,0.1087285705316446,42
930,0,1264,740,524,0,0,0,1.0,1,1.0,1,1.0,1,0.10211647655166996,41
931,3,1267,740,527,0,0,0,1.0,1,1.0,1,1.0,1,0.04697421082965479,40
932,0,1267,740,527,0,0,0,1.0,1,1.0,1,1.0,1,0.04697421082965479,40
933,0,1267,740,527,0,0,0,1.0,1,1.0,1,1.0,1,0.06023393984151439,39
934,0,1267,740,527,0,0,0,1.0,1,1.0,1,1.0,1,0.06023393984151439,39
935,4,1271,744,527,0,0,0,1.0,1,1.0,1,1.0,1,0.14910898198967626,41
936,3,1274,744,530,0,0,0,1.0,1,1.0,1,1.0,1,0.09525885236663223,42
937,3,1277,746,531,0,0,0,1.0,1,1.0,1,1.0,1,0.17533636872511052,43
938,2,1279,746,533,0,0,0,1.0,1,1.0,1,1.0,1,0.1705752311247916,44
939,0,1279,746,533,0,0,0,1.0,1,1.0,1,1.0,1,0.18246038378163754,46
940,1,1280,746,534,0,0,0,1.0,1,1.0,1,1.0,1,0.16141543481135906,46
941,2,1282,747,535,0,0,0,1.0,1,1.0,1,1.0,1,0.17400219940327089,46
942,1,1283,747,536,0,0,0,1.0,1,1.0,1,1.0,1,0.16154630347858182,46
943,0,1283,747,536,0,0,0,1.0,1,1.0,1,1.0,1,0.17287062731232172,45
944,1,1284,747,537,0,0,0,1.0,1,1.0,1,1.0,1,0.15215997548040197,45
945,3,1287,749,538,0,0,0,1.0,1,1.0,1,1.0,1,0.13883226704615742,44
946,3,1290,749,541,0,0,0,1.0,1,1.0,1,1.0,1,0.08365871076141101,46
947,0,1290,749,541,0,0,0,1.0,1,1.0,1,1.0,1,0.09530892450093566,44
948,0,1290,749,541,0,0,0,1.0,1,1.0,1,1.0,1,0.09530892450093566,44
949,1,1291,750,541,0,0,0,1.0,1,1.0,1,1.0,1,0.15636121318556528,44
950,1,1292,750,542,0,0,0,1.0,1,1.0,1,1.0,1,0.1687181778221999,43
951,4,1296,751,545,0,0,0,1.0,1,1.0,1,1.0,1,0.14345097951867278,42
952,1,1297,751,546,0,0,0,1.0,1,1.0,1,1.0,1,0.134297596963485,42
953,0,1297,751,546,0,0,0,1.0,1,1.0,1,1.0,1,0.13088904303483145,41
954,1,1298,752,546,0,0,0,1.0,1,1.0,1,1.0,1,0.14855165373458407,40
955,0,1298,752,546,0,0,0,1.0,1,1.0,1,1.0,1,0.14225882165891707,42
956,2,1300,753,547,0,0,0,1.0,1,1.0,1,1.0,1,0.13497911888735234,43
957,0,1300,753,547,0,0,0,1.0,1,1.0,1,1.0,1,0.1472509172558227,42
958,1,1301,753,548,0,0,0,1.0,1,1.0,1,1.0,1,0.16571909542007798,43
959,4,1305,754,551,0,0,0,1.0,1,1.0,1,1.0,1,0.1957382553818259,45
960,1,1306,755,551,0,0,0,1.0,1,1.0,1,1.0,1,0.21083011396257015,47
961,2,1308,756,552,0,0,0,1.0,1,1.0,1,1.0,1,0.20979796072172047,45
962,0,1308,756,552,0,0,0,1.0,1,1.0,1,1.0,1,0.2002235762347647,45
963,2,1310,757,553,0,0,0,1.0,1,1.0,1,1.0,1,0.21801200161901968,44
964,0,1310,757,553,0,0,0,1.0,1,1.0,1,1.0,1,0.2108728891790135,44
965,1,1311,757,554,0,0,0,1.0,1,1.0,1,1.0,1,0.18480311786052625,45
966,2,1313,758,555,0,0,0,1.0,1,1.0,1,1.0,1,0.168131240663567,43
967,1,1314,758,556,0,0,0,1.0,1,1.0,1,1.0,1,0.15920600477546545,43
968,0,1314,758,556,0,0,0,1.0,1,1.0,1,1.0,1,0.15809243249600194,43
969,1,1315,758,557,0,0,0,1.0,1,1.0,1,1.0,1,0.15838324858959016,42
970,0,1315,758,557,0,0,0,1.0,1,1.0,1,1.0,1,0.15963970087689533,42
971,1,1316,758,558,0,0,0,1.0,1,1.0,1,1.0,1,0.133557449371403,42
972,0,1316,758,558,0,0,0,1.0,1,1.0,1,1.0,1,0.133557449371403,42
973,1,1317,758,559,0,0,0,1.0,1,1.0,1,1.0,1,0.09705863468227353,43
974,0,1317,758,559,0,0,0,1.0,1,1.0,1,1.0,1,0.09705863468227353,43
975,0,1317,758,559,0,0,0,1.0,1,1.0,1,1.0,1,0.10125033624024156,43
976,1,1318,758,560,0,0,0,1.0,1,1.0,1,1.0,1,0.09585322315363977,45
977,0,1318,758,560,0,0,0,1.0,1,1.0,1,1.0,1,0.1108677129077744,44
978,0,1318,758,560,0,0,0,1.0,1,1.0,1,1.0,1,0.1108677129077744,44
979,0,1318,758,560,0,0,0,1.0,1,1.0,1,1.0,1,0.14297681674896576,45
980,1,1319,759,560,0,0,0,1.0,1,1.0,1,1.0,1,0.1350792048419002,45
981,1,1320,759,561,0,0,0,1.0,1,1.0,1,1.0,1,0.12445869735013144,45
982,3,1323,761,562,0,0,0,1.0,1,1.0,1,1.0,1,0.1774547988518534,46
983,1,1324,762,562,0,0,0,1.0,1,1.0,1,1.0,1,0.1889515229831726,45
984,1,1325,763,562,0,0,0,1.0,1,1.0,1,1.0,1,0.18717155415595757,45
985,5,1330,767,563,0,0,0,1.0,1,1.0,1,1.0,1,0.23485003180308456,45
986,4,1334,767,567,0,0,0,1.0,1,1.0,1,1.0,1,0.16461256959041756,44
987,1,1335,768,567,0,0,0,1.0,1,1.0,1,1.0,1,0.18847797572881067,45
988,2,1337,770,567,0,0,0,1.0,1,1.0,1,1.0,1,0.2062913133740992,44
989,1,1338,770,568,0,0,0,1.0,1,1.0,1,1.0,1,0.17326223822800996,43
990,1,1339,771,568,0,0,0,1.0,1,1.0,1,1.0,1,0.1821230544399787,42
991,0,1339,771,568,0,0,0,1.0,1,1.0,1,1.0,1,0.1611409946413316,42
992,0,1339,771,568,0,0,0,1.0,1,1.0,1,1.0,1,0.15592700952609884,43
993,3,1342,772,570,0,0,0,1.0,1,1.0,1,1.0,1,0.151976618399258,43
994,0,1342,772,570,0,0,0,1.0,1,1.0,1,1.0,1,0.1693764027823132,43
995,0,1342,772,570,0,0,0,1.0,1,1.0,1,1.0,1,0.12283834985692994,43
996,0,1342,772,570,0,0,0,1.0,1,1.0,1,1.0,1,0.13261553263154344,44
997,1,1343,773,570,0,0,0,1.0,1,1.0,1,1.0,1,0.17347172919617151,44
998,0,1343,773,570,0,0,0,1.0,1,1.0,1,1.0,1,0.18718117846382415,45
999,0,1343,773,570,0,0,0,1.0,1,1.0,1,1.0,1,0.1894708498139564,42
1000,0,1343,773,570,0,0,0,1.0,1,1.0,1,1.0,1,0.17880047233485344,43
1001,1,1344,773,571,0,0,0,1.0,1,1.0,1,1.0,1,0.14314506233492277,42
1002,0,1344,773,571,0,0,0,1.0,1,1.0,1,1.0,1,0.14178404270797162,43
1003,1,1345,773,572,0,0,0,1.0,1,1.0,1,1.0,1,0.1310390516270783,43
1004,1,1346,773,573,0,0,0,1.0,1,1.0,1,1.0,1,0.10751179038150234,43
1005,1,1347,773,574,0,0,0,1.0,1,1.0,1,1.0,1,0.10965231976993514,44
1006,1,1348,773,575,0,0,0,1.0,1,1.0,1,1.0,1,0.09166388473903428,46
1007,0,1348,773,575,0,0,0,1.0,1,1.0,1,1.0,1,0.09166388473903428,46
1008,0,1348,773,575,0,0,0,1.0,1,1.0,1,1.0,1,0.10382787250992614,47
1009,2,1350,775,575,0,0,0,1.0,1,1.0,1,1.0,1,0.10269646350902183,48
1010,1,1351,776,575,0,0,0,1.0,1,1.0,1,1.0,1,0.11840385011453355,48
1011,2,1353,777,576,0,0,0,1.0,1,1.0,1,1.0,1,0.12242565912570069,48
1012,2,1355,779,576,0,0,0,1.0,1,1.0,1,1.0,1,0.15936961815124404,49
1013,1,1356,780,576,0,0,0,1.0,1,1.0,1,1.0,1,0.16312194366607458,50
1014,1,1357,781,576,0,0,0,1.0,1,1.0,1,1.0,1,0.18455770296377877,50
1015,1,1358,781,577,0,0,0,1.0,1,1.0,1,1.0,1,0.17366096023591657,51
1016,1,1359,782,577,0,0,0,1.0,1,1.0,1,1.0,1,0.16483882721737797,51
1017,0,1359,782,577,0,0,0,1.0,1,1.0,1,1.0,1,0.17418928153683794,52
1018,1,1360,783,577,0,0,0,1.0,1,1.0,1,1.0,1,0.1867599833999121,52
1019,1,1361,783,578,0,0,0,1.0,1,1.0,1,1.0,1,0.1791817287380915,52
1020,0,1361,783,578,0,0,0,1.0,1,1.0,1,1.0,1,0.1550626025268553,53
1021,1,1362,783,579,0,0,0,1.0,1,1.0,1,1.0,1,0.1529157488766502,53
1022,0,1362,783,579,0,0,0,1.0,1,1.0,1,1.0,1,0.14522967069102413,54
1023,2,1364,783,581,0,0,0,1.0,1,1.0,1,1.0,1,0.10048485054864584,55
1024,0,1364,783,581,0,0,0,1.0,1,1.0,1,1.0,1,0.11924248671522096,55
1025,1,1365,783,582,0,0,0,1.0,1,1.0,1,1.0,1,0.10611560605503825,56
1026,1,1366,783,583,0,0,0,1.0,1,1.0,1,1.0,1,0.09425431926533347,57
1027,0,1366,783,583,0,0,0,1.0,1,1.0,1,1.0,1,0.07415127245131785,58
1028,3,1369,785,584,0,0,0,1.0,1,1.0,1,1.0,1,0.08968033089525279,58
1029,3,1372,787,585,0,0,0,1.0,1,1.0,1,1.0,1,0.1053081243323817,59
1030,0,1372,787,585,0,0,0,1.0,1,1.0,1,1.0,1,0.10037469392271176,60
1031,1,1373,788,585,0,0,0,1.0,1,1.0,1,1.0,1,0.12557087712990458,60
1032,0,1373,788,585,0,0,0,1.0,1,1.0,1,1.0,1,0.1329028679518437,61
1033,0,1373,788,585,0,0,0,1.0,1,1.0,1,1.0,1,0.13894996341153512,60
1034,4,1377,791,586,0,0,0,1.0,1,1.0,1,1.0,1,0.12617851371759709,60
1035,2,1379,793,586,0,0,0,1.0,1,1.0,1,1.0,1,0.1657504333055672,59
1036,5,1384,795,589,0,0,0,1.0,1,1.0,1,1.0,1,0.12866021884812878,60
1037,4,1388,798,590,0,0,0,1.0,1,1.0,1,1.0,1,0.15340568709904184,59
1038,2,1390,799,591,0,0,0,1.0,1,1.0,1,1.0,1,0.1451775776945822,60
1039,4,1394,802,592,0,0,0,1.0,1,1.0,1,1.0,1,0.17220420799251676,60
1040,2,1396,803,593,0,0,0,1.0,1,1.0,1,1.0,1,0.16826633512202932,58
1041,6,1402,804,598,0,0,0,1.0,1,1.0,1,1.0,1,0.09602000802119844,56
1042,0,1402,804,598,0,0,0,1.0,1,1.0,1,1.0,1,0.090029707086158,55
1043,0,1402,804,598,0,0,0,1.0,1,1.0,1,1.0,1,0.090029707086158,55
1044,0,1402,804,598,0,0,0,1.0,1,1.0,1,1.0,1,0.07136024848265775,52
1045,0,1402,804,598,0,0,0,1.0,1,1.0,1,1.0,1,0.052390377807422665,52
1046,2,1404,805,599,0,0,0,1.0,1,1.0,1,1.0,1,0.0692928275316721,53
1047,1,1405,806,599,0,0,0,1.0,1,1.0,1,1.0,1,0.060824067435786056,54
1048,2,1407,807,600,0,0,0,1.0,1,1.0,1,1.0,1,0.07398984633000408,56
1049,2,1409,808,601,0,0,0,1.0,1,1.0,1,1.0,1,0.07387352005697496,55
1050,1,1410,809,601,0,0,0,1.0,1,1.0,1,1.0,1,0.08697027418139093,56
1051,1,1411,809,602,0,0,0,1.0,1,1.0,1,1.0,1,0.055956998504470834,55
1052,0,1411,809,602,0,0,0,1.0,1,1.0,1,1.0,1,0.07272379702564673,56
1053,1,1412,810,602,0,0,0,1.0,1,1.0,1,1.0,1,0.08663831663507318,56
1054,1,1413,811,602,0,0,0,1.0,1,1.0,1,1.0,1,0.06874804643299515,57
1055,0,1413,811,602,0,0,0,1.0,1,1.0,1,1.0,1,0.04915246974133966,58
1056,1,1414,811,603,0,0,0,1.0,1,1.0,1,1.0,1,0.0518832593005614,59
1057,0,1414,811,603,0,0,0,1.0,1,1.0,1,1.0,1,0.06651847829971094,60
1058,1,1415,812,603,0,0,0,1.0,1,1.0,1,1.0,1,0.08991527753554401,60
1059,3,1418,813,605,0,0,0,1.0,1,1.0,1,1.0,1,0.0853177615659144,60
1060,1,1419,814,605,0,0,0,1.0,1,1.0,1,1.0,1,0.10389475309881692,60
1061,6,1425,818,607,0,0,0,1.0,1,1.0,1,1.0,1,0.0927284805725664,59
1062,0,1425,818,607,0,0,0,1.0,1,1.0,1,1.0,1,0.09468042651423904,59
1063,1,1426,819,607,0,0,0,1.0,1,1.0,1,1.0,1,0.11373399105259865,58
1064,3,1429,821,608,0,0,0,1.0,1,1.0,1,1.0,1,0.16512506624266854,58
1065,1,1430,822,608,0,0,0,1.0,1,1.0,1,1.0,1,0.1390072549027561,60
1066,4,1434,822,612,0,0,0,1.0,1,1.0,1,1.0,1,0.10867182120901975,58
1067,0,1434,822,612,0,0,0,1.0,1,1.0,1,1.0,1,0.16208793237784086,59
1068,0,1434,822,612,0,0,0,1.0,1,1.0,1,1.0,1,0.16208793237784086,59
1069,0,1434,822,612,0,0,0,1.0,1,1.0,1,1.0,1,0.18783965152471188,58
1070,2,1436,822,614,0,0,0,1.0,1,1.0,1,1.0,1,0.16706435613621845,58
1071,4,1440,822,618,0,0,0,1.0,1,1.0,1,1.0,1,0.13639864608218302,57
1072,4,1444,823,621,0,0,0,1.0,1,1.0,1,1.0,1,0.1198645727382753,56
1073,1,1445,824,621,0,0,0,1.0,1,1.0,1,1.0,1,0.1393775915038169,54
1074,1,1446,825,621,0,0,0,1.0,1,1.0,1,1.0,1,0.1549899682978823,54
1075,1,1447,826,621,0,0,0,1.0,1,1.0,1,1.0,1,0.1649388173481063,51
1076,5,1452,828,624,0,0,0,1.0,1,1.0,1,1.0,1,0.14589046932616676,51
1077,2,1454,830,624,0,0,0,1.0,1,1.0,1,1.0,1,0.1574715403646396,51
1078,1,1455,831,624,0,0,0,1.0,1,1.0,1,1.0,1,0.1598267219916024,52
1079,3,1458,834,624,0,0,0,1.0,1,1.0,1,1.0,1,0.18907982440809223,51
1080,2,1460,836,624,0,0,0,1.0,1,1.0,1,1.0,1,0.21636669245762732,51
1081,2,1462,837,625,0,0,0,1.0,1,1.0,1,1.0,1,0.2323498277878951,48
1082,1,1463,838,625,0,0,0,1.0,1,1.0,1,1.0,1,0.24724650964640146,47
1083,4,1467,839,628,0,0,0,1.0,1,1.0,1,1.0,1,0.24498671582398376,46
1084,0,1467,839,628,0,0,0,1.0,1,1.0,1,1.0,1,0.2361267716624521,45
1085,1,1468,839,629,0,0,0,1.0,1,1.0,1,1.0,1,0.2064156909162188,46
1086,2,1470,839,631,0,0,0,1.0,1,1.0,1,1.0,1,0.17884058262702088,45
1087,1,1471,839,632,0,0,0,1.0,1,1.0,1,1.0,1,0.19567124595102175,44
1088,0,1471,839,632,0,0,0,1.0,1,1.0,1,1.0,1,0.1852536262582158,45
1089,1,1472,839,633,0,0,0,1.0,1,1.0,1,1.0,1,0.18781376966739452,46
1090,0,1472,839,633,0,0,0,1.0,1,1.0,1,1.0,1,0.1887060930931417,47
1091,1,1473,840,633,0,0,0,1.0,1,1.0,1,1.0,1,0.17449970300952292,47
1092,0,1473,840,633,0,0,0,1.0,1,1.0,1,1.0,1,0.16841231864481016,48
1093,2,1475,841,634,0,0,0,1.0,1,1.0,1,1.0,1,0.15216877118315342,48
1094,3,1478,843,635,0,0,0,1.0,1,1.0,1,1.0,1,0.20058390495311845,48
1095,1,1479,843,636,0,0,0,1.0,1,1.0,1,1.0,1,0.20522581855223912,49
1096,4,1483,844,639,0,0,0,1.0,1,1.0,1,1.0,1,0.195720718293609,49
1097,3,1486,845,641,0,0,0,1.0,1,1.0,1,1.0,1,0.1976752967070934,50
1098,1,1487,845,642,0,0,0,1.0,1,1.0,1,1.0,1,0.19312977241015128,51
1099,2,1489,845,644,0,0,0,1.0,1,1.0,1,1.0,1,0.15305375561234638,54
1100,0,1489,845,644,0,0,0,1.0,1,1.0,1,1.0,1,0.15305375561234638,54
1101,1,1490,845,645,0,0,0,1.0,1,1.0,1,1.0,1,0.14137348467709124,54
1102,0,1490,845,645,0,0,0,1.0,1,1.0,1,1.0,1,0.12035521735944338,54
1103,0,1490,845,645,0,0,0,1.0,1,1.0,1,1.0,1,0.12862353401124682,53
1104,2,1492,847,645,0,0,0,1.0,1,1.0,1,1.0,1,0.14581388467419026,53
1105,2,1494,849,645,0,0,0,1.0,1,1.0,1,1.0,1,0.13812396256222337,52
1106,4,1498,849,649,0,0,0,1.0,1,1.0,1,1.0,1,0.11586478313844363,52
1107,1,1499,849,650,0,0,0,1.0,1,1.0,1,1.0,1,0.11779590762089612,52
1108,0,1499,849,650,0,0,0,1.0,1,1.0,1,1.0,1,0.12126862933631104,51
1109,2,1501,850,651,0,0,0,1.0,1,1.0,1,1.0,1,0.1585993070635371,49
1110,0,1501,850,651,0,0,0,1.0,1,1.0,1,1.0,1,0.16975890503639993,48
1111,4,1505,851,654,0,0,0,1.0,1,1.0,1,1.0,1,0.20104244991388656,47
1112,3,1508,852,656,0,0,0,1.0,1,1.0,1,1.0,1,0.23712177792838324,46
1113,2,1510,853,657,0,0,0,1.0,1,1.0,1,1.0,1,0.25368902069855365,43
1114,0,1510,853,657,0,0,0,1.0,1,1.0,1,1.0,1,0.2653390915104266,41
1115,2,1512,855,657,0,0,0,1.0,1,1.0,1,1.0,1,0.24097648688384746,40
1116,1,1513,855,658,0,0,0,1.0,1,1.0,1,1.0,1,0.2184046951417793,39
1117,2,1515,857,658,0,0,0,1.0,1,1.0,1,1.0,1,0.21515078489313894,40
1118,0,1515,857,658,0,0,0,1.0,1,1.0,1,1.0,1,0.2171855480418305,40
1119,0,1515,857,658,0,0,0,1.0,1,1.0,1,1.0,1,0.2171855480418305,40
1120,0,1515,857,658,0,0,0,1.0,1,1.0,1,1.0,1,0.2171855480418305,40
1121,2,1517,859,658,0,0,0,1.0,1,1.0,1,1.0,1,0.25395900035343727,40
1122,0,1517,859,658,0,0,0,1.0,1,1.0,1,1.0,1,0.258293875414581,41
1123,3,1520,861,659,0,0,0,1.0,1,1.0,1,1.0,1,0.31208082739485504,41
1124,2,1522,861,661,0,0,0,1.0,1,1.0,1,1.0,1,0.28087110886376415,41
1125,2,1524,862,662,0,0,0,1.0,1,1.0,1,1.0,1,0.3108997029630415,41
1126,4,1528,862,666,0,0,0,1.0,1,1.0,1,1.0,1,0.23664628321050638,41
1127,1,1529,862,667,0,0,0,1.0,1,1.0,1,1.0,1,0.2283724660017412,41
1128,0,1529,862,667,0,0,0,1.0,1,1.0,1,1.0,1,0.24301004539881416,42
1129,2,1531,863,668,0,0,0,1.0,1,1.0,1,1.0,1,0.24747351467524142,42
1130,0,1531,863,668,0,0,0,1.0,1,1.0,1,1.0,1,0.24747351467524142,42
1131,2,1533,863,670,0,0,0,1.0,1,1.0,1,1.0,1,0.21860395709721095,42
1132,0,1533,863,670,0,0,0,1.0,1,1.0,1,1.0,1,0.1886894344463547,43
1133,1,1534,863,671,0,0,0,1.0,1,1.0,1,1.0,1,0.17292295447286243,45
1134,0,1534,863,671,0,0,0,1.0,1,1.0,1,1.0,1,0.18107039014032042,46
1135,0,1534,863,671,0,0,0,1.0,1,1.0,1,1.0,1,0.19468284799994115,45
1136,0,1534,863,671,0,0,0,1.0,1,1.0,1,1.0,1,0.19625113994438254,48
1137,0,1534,863,671,0,0,0,1.0,1,1.0,1,1.0,1,0.2055607462034161,49
1138,7,1541,863,678,0,0,0,1.0,1,1.0,1,1.0,1,0.14334944499690944,49
1139,2,1543,863,680,0,0,0,1.0,1,1.0,1,1.0,1,0.14330559054567832,49
1140,1,1544,863,681,0,0,0,1.0,1,1.0,1,1.0,1,0.13397151210518207,49
1141,4,1548,864,684,0,0,0,1.0,1,1.0,1,1.0,1,0.14549406862215114,48
1142,0,1548,864,684,0,0,0,1.0,1,1.0,1,1.0,1,0.14549406862215114,48
1143,2,1550,865,685,0,0,0,1.0,1,1.0,1,1.0,1,0.17047150848520493,48
1144,0,1550,865,685,0,0,0,1.0,1,1.0,1,1.0,1,0.1620116700505736,48
1145,1,1551,865,686,0,0,0,1.0,1,1.0,1,1.0,1,0.18025257444397783,48
1146,4,1555,865,690,0,0,0,1.0,1,1.0,1,1.0,1,0.15737056730678545,48
1147,0,1555,865,690,0,0,0,1.0,1,1.0,1,1.0,1,0.17990966462927263,46
1148,0,1555,865,690,0,0,0,1.0,1,1.0,1,1.0,1,0.17990966462927263,46
1149,1,1556,865,691,0,0,0,1.0,1,1.0,1,1.0,1,0.22021868661182037,45
1150,0,1556,865,691,0,0,0,1.0,1,1.0,1,1.0,1,0.23498368683478393,46
1151,5,1561,867,694,0,0,0,1.0,1,1.0,1,1.0,1,0.22124718117740144,44
1152,0,1561,867,694,0,0,0,1.0,1,1.0,1,1.0,1,0.19588971126173427,44
1153,3,1564,870,694,0,0,0,1.0,1,1.0,1,1.0,1,0.27065373732725106,43
1154,2,1566,870,696,0,0,0,1.0,1,1.0,1,1.0,1,0.23674667571998162,43
1155,3,1569,871,698,0,0,0,1.0,1,1.0,1,1.0,1,0.2490016771091323,43
1156,2,1571,871,700,0,0,0,1.0,1,1.0,1,1.0,1,0.20981195903900213,42
1157,0,1571,871,700,0,0,0,1.0,1,1.0,1,1.0,1,0.2111265224700771,42
1158,0,1571,871,700,0,0,0,1.0,1,1.0,1,1.0,1,0.1981142387207511,41
1159,0,1571,871,700,0,0,0,1.0,1,1.0,1,1.0,1,0.1975022212201439,41
1160,0,1571,871,700,0,0,0,1.0,1,1.0,1,1.0,1,0.1975022212201439,41
1161,1,1572,871,701,0,0,0,1.0,1,1.0,1,1.0,1,0.1858666433376837,42
1162,0,1572,871,701,0,0,0,1.0,1,1.0,1,1.0,1,0.17547749864956427,43
1163,0,1572,871,701,0,0,0,1.0,1,1.0,1,1.0,1,0.17547749864956427,43
1164,0,1572,871,701,0,0,0,1.0,1,1.0,1,1.0,1,0.1606428870914869,44
1165,0,1572,871,701,0,0,0,1.0,1,1.0,1,1.0,1,0.1606428870914869,44
1166,3,1575,872,703,0,0,0,1.0,1,1.0,1,1.0,1,0.13521160433485296,46
1167,2,1577,873,704,0,0,0,1.0,1,1.0,1,1.0,1,0.13639029158822136,46
1168,2,1579,873,706,0,0,0,1.0,1,1.0,1,1.0,1,0.10712304923282227,47
1169,0,1579,873,706,0,0,0,1.0,1,1.0,1,1.0,1,0.08973091986277765,46
1170,1,1580,873,707,0,0,0,1.0,1,1.0,1,1.0,1,0.08453660371283579,48
1171,2,1582,874,708,0,0,0,1.0,1,1.0,1,1.0,1,0.10393039290543235,49
1172,0,1582,874,708,0,0,0,1.0,1,1.0,1,1.0,1,0.10393039290543235,49
1173,0,1582,874,708,0,0,0,1.0,1,1.0,1,1.0,1,0.10393039290543235,49
1174,1,1583,875,708,0,0,0,1.0,1,1.0,1,1.0,1,0.12548861617772183,49
1175,1,1584,875,709,0,0,0,1.0,1,1.0,1,1.0,1,0.12360218065626778,50
1176,1,1585,875,710,0,0,0,1.0,1,1.0,1,1.0,1,0.12483208994255961,52
1177,3,1588,877,711,0,0,0,1.0,1,1.0,1,1.0,1,0.14930310928079799,52
1178,0,1588,877,711,0,0,0,1.0,1,1.0,1,1.0,1,0.14930310928079799,52
1179,0,1588,877,711,0,0,0,1.0,1,1.0,1,1.0,1,0.1300402395326287,53
1180,2,1590,878,712,0,0,0,1.0,1,1.0,1,1.0,1,0.1431659460197245,54
1181,0,1590,878,712,0,0,0,1.0,1,1.0,1,1.0,1,0.15315087198553168,55
1182,0,1590,878,712,0,0,0,1.0,1,1.0,1,1.0,1,0.15315087198553168,55
1183,1,1591,879,712,0,0,0,1.0,1,1.0,1,1.0,1,0.19418824362981685,53
1184,1,1592,880,712,0,0,0,1.0,1,1.0,1,1.0,1,0.2008527237205383,54
1185,1,1593,880,713,0,0,0,1.0,1,1.0,1,1.0,1,0.1989999120580268,53
1186,4,1597,881,716,0,0,0,1.0,1,1.0,1,1.0,1,0.19990639828617615,54
1187,2,1599,882,717,0,0,0,1.0,1,1.0,1,1.0,1,0.2323274294798424,55
1188,1,1600,882,718,0,0,0,1.0,1,1.0,1,1.0,1,0.22602670443105866,55
1189,0,1600,882,718,0,0,0,1.0,1,1.0,1,1.0,1,0.2261176503122633,54
1190,0,1600,882,718,0,0,0,1.0,1,1.0,1,1.0,1,0.2102338912734844,55
1191,2,1602,882,720,0,0,0,1.0,1,1.0,1,1.0,1,0.18240210169589174,54
1192,1,1603,882,721,0,0,0,1.0,1,1.0,1,1.0,1,0.15524763403484473,52
1193,0,1603,882,721,0,0,0,1.0,1,1.0,1,1.0,1,0.1568347722767681,53
1194,1,1604,882,722,0,0,0,1.0,1,1.0,1,1.0,1,0.14936613689455885,53
1195,0,1604,882,722,0,0,0,1.0,1,1.0,1,1.0,1,0.1343568019363745,54
1196,2,1606,882,724,0,0,0,1.0,1,1.0,1,1.0,1,0.13173314631331884,56
1197,1,1607,883,724,0,0,0,1.0,1,1.0,1,1.0,1,0.1240884139637975,56
1198,2,1609,884,725,0,0,0,1.0,1,1.0,1,1.0,1,0.10583740690082538,58
1199,1,1610,885,725,0,0,0,1.0,1,1.0,1,1.0,1,0.1124874329145674,58
1200,0,1610,885,725,0,0,0,1.0,1,1.0,1,1.0,1,0.1124874329145674,58
1201,3,1613,886,727,0,0,0,1.0,1,1.0,1,1.0,1,0.10758024834889136,58
1202,0,1613,886,727,0,0,0,1.0,1,1.0,1,1.0,1,0.08834316447171639,60
1203,0,1613,886,727,0,0,0,1.0,1,1.0,1,1.0,1,0.09401747142732557,58
1204,1,1614,887,727,0,0,0,1.0,1,1.0,1,1.0,1,0.11639590668879234,59
1205,2,1616,888,728,0,0,0,1.0,1,1.0,1,1.0,1,0.1283533153864198,59
1206,3,1619,888,731,0,0,0,1.0,1,1.0,1,1.0,1,0.11827275180192509,58
1207,2,1621,888,733,0,0,0,1.0,1,1.0,1,1.0,1,0.1057369528047069,60
1208,1,1622,888,734,0,0,0,1.0,1,1.0,1,1.0,1,0.09536050302721398,60
1209,0,1622,888,734,0,0,0,1.0,1,1.0,1,1.0,1,0.10423853909404389,61
1210,1,1623,888,735,0,0,0,1.0,1,1.0,1,1.0,1,0.09806300313589578,61
1211,0,1623,888,735,0,0,0,1.0,1,1.0,1,1.0,1,0.083324857492156,63
1212,0,1623,888,735,0,0,0,1.0,1,1.0,1,1.0,1,0.083324857492156,63
1213,0,1623,888,735,0,0,0,1.0,1,1.0,1,1.0,1,0.083324857492156,63
1214,4,1627,890,737,0,0,0,1.0,1,1.0,1,1.0,1,0.14385054278356854,62
1215,3,1630,890,740,0,0,0,1.0,1,1.0,1,1.0,1,0.11562863234880627,63
1216,3,1633,891,742,0,0,0,1.0,1,1.0,1,1.0,1,0.14610786142733517,64
1217,1,1634,891,743,0,0,0,1.0,1,1.0,1,1.0,1,0.13826607248904538,65
1218,1,1635,891,744,0,0,0,1.0,1,1.0,1,1.0,1,0.14494689850209905,64
1219,1,1636,891,745,0,0,0,1.0,1,1.0,1,1.0,1,0.1481595113558855,65
1220,1,1637,891,746,0,0,0,1.0,1,1.0,1,1.0,1,0.14967871610089328,64
1221,2,1639,891,748,0,0,0,1.0,1,1.0,1,1.0,1,0.13368906938762362,65
1222,2,1641,892,749,0,0,0,1.0,1,1.0,1,1.0,1,0.11279946212516397,66
1223,0,1641,892,749,0,0,0,1.0,1,1.0,1,1.0,1,0.12214455510849036,64
1224,1,1642,893,749,0,0,0,1.0,1,1.0,1,1.0,1,0.11493569876553901,66
1225,2,1644,894,750,0,0,0,1.0,1,1.0,1,1.0,1,0.13242661181411786,66
1226,4,1648,895,753,0,0,0,1.0,1,1.0,1,1.0,1,0.1420517645636663,68
1227,1,1649,896,753,0,0,0,1.0,1,1.0,1,1.0,1,0.13729828304880945,64
1228,0,1649,896,753,0,0,0,1.0,1,1.0,1,1.0,1,0.1485461307640876,62
1229,0,1649,896,753,0,0,0,1.0,1,1.0,1,1.0,1,0.13742009127997162,61
1230,0,1649,896,753,0,0,0,1.0,1,1.0,1,1.0,1,0.1453052169536144,58
1231,1,1650,896,754,0,0,0,1.0,1,1.0,1,1.0,1,0.12782339181860725,57
1232,1,1651,897,754,0,0,0,1.0,1,1.0,1,1.0,1,0.1513655986224395,53
1233,1,1652,898,754,0,0,0,1.0,1,1.0,1,1.0,1,0.16917747682634876,53
1234,1,1653,898,755,0,0,0,1.0,1,1.0,1,1.0,1,0.1498515651092659,54
1235,0,1653,898,755,0,0,0,1.0,1,1.0,1,1.0,1,0.17776754534485004,55
1236,3,1656,900,756,0,0,0,1.0,1,1.0,1,1.0,1,0.1941478982728543,55
1237,3,1659,900,759,0,0,0,1.0,1,1.0,1,1.0,1,0.1650506354634596,55
1238,0,1659,900,759,0,0,0,1.0,1,1.0,1,1.0,1,0.17318245781438651,54
1239,1,1660,900,760,0,0,0,1.0,1,1.0,1,1.0,1,0.16501350949747481,55
1240,1,1661,901,760,0,0,0,1.0,1,1.0,1,1.0,1,0.1585281093254595,55
1241,1,1662,901,761,0,0,0,1.0,1,1.0,1,1.0,1,0.13218371764288486,54
1242,0,1662,901,761,0,0,0,1.0,1,1.0,1,1.0,1,0.1409324184020197,54
1243,0,1662,901,761,0,0,0,1.0,1,1.0,1,1.0,1,0.14342827013579257,55
1244,2,1664,901,763,0,0,0,1.0,1,1.0,1,1.0,1,0.13669216725801844,55
1245,2,1666,902,764,0,0,0,1.0,1,1.0,1,1.0,1,0.14901198408643654,55
1246,2,1668,902,766,0,0,0,1.0,1,1.0,1,1.0,1,0.15109910763586415,55
1247,3,1671,903,768,0,0,0,1.0,1,1.0,1,1.0,1,0.17162322208245176,57
1248,1,1672,903,769,0,0,0,1.0,1,1.0,1,1.0,1,0.17137075604155774,56
1249,3,1675,905,770,0,0,0,1.0,1,1.0,1,1.0,1,0.22684344747038235,56
1250,3,1678,907,771,0,0,0,1.0,1,1.0,1,1.0,1,0.20186866540434564,56
1251,7,1685,907,778,0,0,0,1.0,1,1.0,1,1.0,1,0.14030469384285538,58
1252,0,1685,907,778,0,0,0,1.0,1,1.0,1,1.0,1,0.14030469384285538,58
1253,2,1687,909,778,0,0,0,1.0,1,1.0,1,1.0,1,0.1680084728440494,58
1254,0,1687,909,778,0,0,0,1.0,1,1.0,1,1.0,1,0.14272560008307789,60
1255,1,1688,909,779,0,0,0,1.0,1,1.0,1,1.0,1,0.14375664257375168,61
1256,1,1689,909,780,0,0,0,1.0,1,1.0,1,1.0,1,0.13411150390597087,61
1257,1,1690,910,780,0,0,0,1.0,1,1.0,1,1.0,1,0.16114697793831065,62
1258,4,1694,910,784,0,0,0,1.0,1,1.0,1,1.0,1,0.14273790365261366,63
1259,0,1694,910,784,0,0,0,1.0,1,1.0,1,1.0,1,0.14273790365261366,63
1260,1,1695,910,785,0,0,0,1.0,1,1.0,1,1.0,1,0.12669223418939196,63
1261,1,1696,910,786,0,0,0,1.0,1,1.0,1,1.0,1,0.11889011668599883,63
1262,1,1697,910,787,0,0,0,1.0,1,1.0,1,1.0,1,0.11905411536544892,64
1263,1,1698,911,787,0,0,0,1.0,1,1.0,1,1.0,1,0.15340081167095213,63
1264,0,1698,911,787,0,0,0,1.0,1,1.0,1,1.0,1,0.1420934335622408,63
1265,3,1701,914,787,0,0,0,1.0,1,1.0,1,1.0,1,0.18224065688969016,60
1266,4,1705,915,790,0,0,0,1.0,1,1.0,1,1.0,1,0.15046029026499022,61
1267,2,1707,916,791,0,0,0,1.0,1,1.0,1,1.0,1,0.13541527306931816,58
1268,1,1708,917,791,0,0,0,1.0,1,1.0,1,1.0,1,0.17464698349125252,54
1269,1,1709,917,792,0,0,0,1.0,1,1.0,1,1.0,1,0.1339712754818519,54
1270,0,1709,917,792,0,0,0,1.0,1,1.0,1,1.0,1,0.12522622652678023,51
1271,1,1710,917,793,0,0,0,1.0,1,1.0,1,1.0,1,0.12172160768079811,50
1272,0,1710,917,793,0,0,0,1.0,1,1.0,1,1.0,1,0.13772106434585982,47
1273,0,1710,917,793,0,0,0,1.0,1,1.0,1,1.0,1,0.13772106434585982,47
1274,1,1711,917,794,0,0,0,1.0,1,1.0,1,1.0,1,0.14831226638703449,49
1275,2,1713,919,794,0,0,0,1.0,1,1.0,1,1.0,1,0.17721318282359205,48
1276,4,1717,920,797,0,0,0,1.0,1,1.0,1,1.0,1,0.1857757491209417,49
1277,6,1723,924,799,0,0,0,1.0,1,1.0,1,1.0,1,0.16570522620582656,50
1278,1,1724,924,800,0,0,0,1.0,1,1.0,1,1.0,1,0.17096292562500387,51
1279,0,1724,924,800,0,0,0,1.0,1,1.0,1,1.0,1,0.17096292562500387,51
1280,0,1724,924,800,0,0,0,1.0,1,1.0,1,1.0,1,0.16058081812187125,52
1281,2,1726,924,802,0,0,0,1.0,1,1.0,1,1.0,1,0.14053938486950512,52
1282,2,1728,925,803,0,0,0,1.0,1,1.0,1,1.0,1,0.12565227275650165,52
1283,1,1729,926,803,0,0,0,1.0,1,1.0,1,1.0,1,0.16217440046323836,52
1284,2,1731,927,804,0,0,0,1.0,1,1.0,1,1.0,1,0.17826466590485587,52
1285,1,1732,927,805,0,0,0,1.0,1,1.0,1,1.0,1,0.19895901129416863,51
1286,5,1737,927,810,0,0,0,1.0,1,1.0,1,1.0,1,0.1661865762834361,52
1287,3,1740,928,812,0,0,0,1.0,1,1.0,1,1.0,1,0.17532476213803255,54
1288,1,1741,928,813,0,0,0,1.0,1,1.0,1,1.0,1,0.16926795076926776,55
1289,0,1741,928,813,0,0,0,1.0,1,1.0,1,1.0,1,0.15920964789378458,56
1290,0,1741,928,813,0,0,0,1.0,1,1.0,1,1.0,1,0.13849719213875866,57
1291,2,1743,928,815,0,0,0,1.0,1,1.0,1,1.0,1,0.1311216171558952,58
1292,2,1745,930,815,0,0,0,1.0,1,1.0,1,1.0,1,0.1086327137783557,59
1293,0,1745,930,815,0,0,0,1.0,1,1.0,1,1.0,1,0.1086327137783557,59
1294,1,1746,931,815,0,0,0,1.0,1,1.0,1,1.0,1,0.10365641026887064,59
1295,0,1746,931,815,0,0,0,1.0,1,1.0,1,1.0,1,0.10365641026887064,59
1296,2,1748,931,817,0,0,0,1.0,1,1.0,1,1.0,1,0.10664911586960774,59
1297,1,1749,931,818,0,0,0,1.0,1,1.0,1,1.0,1,0.10563777770748087,61
1298,1,1750,931,819,0,0,0,1.0,1,1.0,1,1.0,1,0.11691704313413423,61
1299,1,1751,931,820,0,0,0,1.0,1,1.0,1,1.0,1,0.11708783229811355,60
1300,0,1751,931,820,0,0,0,1.0,1,1.0,1,1.0,1,0.11541550046922966,59
1301,5,1756,932,824,0,0,0,1.0,1,1.0,1,1.0,1,0.13211460962025143,59
1302,0,1756,932,824,0,0,0,1.0,1,1.0,1,1.0,1,0.13211460962025143,59
1303,2,1758,934,824,0,0,0,1.0,1,1.0,1,1.0,1,0.17283435475516776,55
1304,1,1759,935,824,0,0,0,1.0,1,1.0,1,1.0,1,0.15940996147761322,56
1305,1,1760,936,824,0,0,0,1.0,1,1.0,1,1.0,1,0.18110499020350312,54
1306,4,1764,937,827,0,0,0,1.0,1,1.0,1,1.0,1,0.12958254835743205,53
1307,3,1767,939,828,0,0,0,1.0,1,1.0,1,1.0,1,0.1353241795775062,52
1308,2,1769,941,828,0,0,0,1.0,1,1.0,1,1.0,1,0.19642562440321798,52
1309,1,1770,942,828,0,0,0,1.0,1,1.0,1,1.0,1,0.21868432837422108,54
1310,3,1773,943,830,0,0,0,1.0,1,1.0,1,1.0,1,0.22320399160987126,52
1311,3,1776,943,833,0,0,0,1.0,1,1.0,1,1.0,1,0.18176675120546748,51
1312,1,1777,944,833,0,0,0,1.0,1,1.0,1,1.0,1,0.22557514681878466,49
1313,0,1777,944,833,0,0,0,1.0,1,1.0,1,1.0,1,0.22693977197918114,47
1314,1,1778,944,834,0,0,0,1.0,1,1.0,1,1.0,1,0.19327716586711893,46
1315,0,1778,944,834,0,0,0,1.0,1,1.0,1,1.0,1,0.20440111186277707,45
1316,1,1779,944,835,0,0,0,1.0,1,1.0,1,1.0,1,0.18168348391939368,46
1317,1,1780,944,836,0,0,0,1.0,1,1.0,1,1.0,1,0.15651462332826596,45
1318,1,1781,944,837,0,0,0,1.0,1,1.0,1,1.0,1,0.15756405750106897,46
1319,1,1782,944,838,0,0,0,1.0,1,1.0,1,1.0,1,0.14667478649766805,46
1320,0,1782,944,838,0,0,0,1.0,1,1.0,1,1.0,1,0.14667478649766805,46
1321,1,1783,944,839,0,0,0,1.0,1,1.0,1,1.0,1,0.10910545146401873,48
1322,0,1783,944,839,0,0,0,1.0,1,1.0,1,1.0,1,0.12299329438901598,49
1323,1,1784,944,840,0,0,0,1.0,1,1.0,1,1.0,1,0.1178759106179325,49
1324,1,1785,944,841,0,0,0,1.0,1,1.0,1,1.0,1,0.12258666994644356,50
1325,1,1786,944,842,0,0,0,1.0,1,1.0,1,1.0,1,0.12969687714470332,49
1326,2,1788,945,843,0,0,0,1.0,1,1.0,1,1.0,1,0.17531379384338278,50
1327,4,1792,946,846,0,0,0,1.0,1,1.0,1,1.0,1,0.17120284939851055,50
1328,0,1792,946,846,0,0,0,1.0,1,1.0,1,1.0,1,0.18955624989235384,49
1329,1,1793,946,847,0,0,0,1.0,1,1.0,1,1.0,1,0.17776068089712613,50
1330,1,1794,946,848,0,0,0,1.0,1,1.0,1,1.0,1,0.16989599302262523,50
1331,3,1797,947,850,0,0,0,1.0,1,1.0,1,1.0,1,0.1751005285241716,50
1332,0,1797,947,850,0,0,0,1.0,1,1.0,1,1.0,1,0.16872244189203214,51
1333,1,1798,947,851,0,0,0,1.0,1,1.0,1,1.0,1,0.16361239772599298,52
1334,2,1800,947,853,0,0,0,1.0,1,1.0,1,1.0,1,0.15421437683585001,54
1335,1,1801,947,854,0,0,0,1.0,1,1.0,1,1.0,1,0.14151283259622352,54
1336,1,1802,947,855,0,0,0,1.0,1,1.0,1,1.0,1,0.11971475484770318,56
1337,2,1804,949,855,0,0,0,1.0,1,1.0,1,1.0,1,0.19498530849971826,57
1338,3,1807,950,857,0,0,0,1.0,1,1.0,1,1.0,1,0.18630026700500302,57
1339,5,1812,952,860,0,0,0,1.0,1,1.0,1,1.0,1,0.20860183029183116,58
1340,1,1813,952,861,0,0,0,1.0,1,1.0,1,1.0,1,0.2086843038821744,59
1341,1,1814,952,862,0,0,0,1.0,1,1.0,1,1.0,1,0.17778499376229678,57
1342,0,1814,952,862,0,0,0,1.0,1,1.0,1,1.0,1,0.1611224739290906,57
1343,0,1814,952,862,0,0,0,1.0,1,1.0,1,1.0,1,0.16047797979038017,55
1344,0,1814,952,862,0,0,0,1.0,1,1.0,1,1.0,1,0.14938471083774774,54
1345,0,1814,952,862,0,0,0,1.0,1,1.0,1,1.0,1,0.1599593012611963,53
1346,0,1814,952,862,0,0,0,1.0,1,1.0,1,1.0,1,0.15203209106805887,53
1347,0,1814,952,862,0,0,0,1.0,1,1.0,1,1.0,1,0.16368071911935092,51
1348,0,1814,952,862,0,0,0,1.0,1,1.0,1,1.0,1,0.17895516190788274,52
1349,1,1815,953,862,0,0,0,1.0,1,1.0,1,1.0,1,0.18849853521591037,50
1350,1,1816,954,862,0,0,0,1.0,1,1.0,1,1.0,1,0.17390643569810732,51
1351,1,1817,954,863,0,0,0,1.0,1,1.0,1,1.0,1,0.17799345890038626,50
1352,1,1818,954,864,0,0,0,1.0,1,1.0,1,1.0,1,0.16190431815201983,50
1353,0,1818,954,864,0,0,0,1.0,1,1.0,1,1.0,1,0.16190431815201983,50
1354,3,1821,955,866,0,0,0,1.0,1,1.0,1,1.0,1,0.17221551891912146,51
1355,2,1823,956,867,0,0,0,1.0,1,1.0,1,1.0,1,0.13663503941693084,53
1356,4,1827,957,870,0,0,0,1.0,1,1.0,1,1.0,1,0.14631293528223788,52
1357,0,1827,957,870,0,0,0,1.0,1,1.0,1,1.0,1,0.15445257497915338,52
1358,2,1829,958,871,0,0,0,1.0,1,1.0,1,1.0,1,0.12155139855300484,53
1359,3,1832,960,872,0,0,0,1.0,1,1.0,1,1.0,1,0.1416300898619607,54
1360,1,1833,961,872,0,0,0,1.0,1,1.0,1,1.0,1,0.13579621202360048,55
1361,2,1835,962,873,0,0,0,1.0,1,1.0,1,1.0,1,0.13741706613852733,55
1362,0,1835,962,873,0,0,0,1.0,1,1.0,1,1.0,1,0.11959676982030075,56
1363,0,1835,962,873,0,0,0,1.0,1,1.0,1,1.0,1,0.11959676982030075,56
1364,1,1836,962,874,0,0,0,1.0,1,1.0,1,1.0,1,0.11120088128609554,55
1365,1,1837,962,875,0,0,0,1.0,1,1.0,1,1.0,1,0.1092885887463397,56
1366,2,1839,962,877,0,0,0,1.0,1,1.0,1,1.0,1,0.10359218724021886,57
1367,0,1839,962,877,0,0,0,1.0,1,1.0,1,1.0,1,0.10359218724021886,57
1368,1,1840,962,878,0,0,0,1.0,1,1.0,1,1.0,1,0.10861100972979144,58
1369,3,1843,964,879,0,0,0,1.0,1,1.0,1,1.0,1,0.1211423565681645,59
1370,3,1846,966,880,0,0,0,1.0,1,1.0,1,1.0,1,0.11175639614081966,60
1371,3,1849,966,883,0,0,0,1.0,1,1.0,1,1.0,1,0.07326077225112172,59
1372,1,1850,967,883,0,0,0,1.0,1,1.0,1,1.0,1,0.08161407272862992,59
1373,1,1851,968,883,0,0,0,1.0,1,1.0,1,1.0,1,0.095186204810538,59
1374,1,1852,969,883,0,0,0,1.0,1,1.0,1,1.0,1,0.10148282552176946,59
1375,2,1854,969,885,0,0,0,1.0,1,1.0,1,1.0,1,0.10354943379398031,62
1376,3,1857,970,887,0,0,0,1.0,1,1.0,1,1.0,1,0.10841654584943013,61
1377,2,1859,970,889,0,0,0,1.0,1,1.0,1,1.0,1,0.09561029593053123,63
1378,2,1861,972,889,0,0,0,1.0,1,1.0,1,1.0,1,0.15357947333835237,62
1379,7,1868,975,893,0,0,0,1.0,1,1.0,1,1.0,1,0.18277584302980343,61
1380,1,1869,975,894,0,0,0,1.0,1,1.0,1,1.0,1,0.16488838271852957,60
1381,4,1873,976,897,0,0,0,1.0,1,1.0,1,1.0,1,0.16988591442422415,58
1382,0,1873,976,897,0,0,0,1.0,1,1.0,1,1.0,1,0.15586969800857203,56
1383,1,1874,976,898,0,0,0,1.0,1,1.0,1,1.0,1,0.14411383504455044,57
1384,0,1874,976,898,0,0,0,1.0,1,1.0,1,1.0,1,0.1472329645554628,55
1385,1,1875,976,899,0,0,0,1.0,1,1.0,1,1.0,1,0.15133536738210027,55
1386,2,1877,976,901,0,0,0,1.0,1,1.0,1,1.0,1,0.09563259231938767,54
1387,0,1877,976,901,0,0,0,1.0,1,1.0,1,1.0,1,0.10200012142836982,53
1388,3,1880,978,902,0,0,0,1.0,1,1.0,1,1.0,1,0.12255085457817118,52
1389,0,1880,978,902,0,0,0,1.0,1,1.0,1,1.0,1,0.14688775794755868,52
1390,1,1881,978,903,0,0,0,1.0,1,1.0,1,1.0,1,0.14949899580506926,51
1391,1,1882,978,904,0,0,0,1.0,1,1.0,1,1.0,1,0.15064313529318712,52
1392,0,1882,978,904,0,0,0,1.0,1,1.0,1,1.0,1,0.14041157626233786,51
1393,1,1883,979,904,0,0,0,1.0,1,1.0,1,1.0,1,0.1618409101087176,51
1394,2,1885,979,906,0,0,0,1.0,1,1.0,1,1.0,1,0.1547017526719395,52
1395,0,1885,979,906,0,0,0,1.0,1,1.0,1,1.0,1,0.1547017526719395,52
1396,1,1886,979,907,0,0,0,1.0,1,1.0,1,1.0,1,0.1417271592430392,53
1397,0,1886,979,907,0,0,0,1.0,1,1.0,1,1.0,1,0.1453674841444762,56
1398,1,1887,980,907,0,0,0,1.0,1,1.0,1,1.0,1,0.13845173126380175,56
1399,3,1890,981,909,0,0,0,1.0,1,1.0,1,1.0,1,0.1241493013189103,57
1400,3,1893,983,910,0,0,0,1.0,1,1.0,1,1.0,1,0.12730213212696487,57
1401,1,1894,983,911,0,0,0,1.0,1,1.0,1,1.0,1,0.11847380034989255,57
1402,4,1898,987,911,0,0,0,1.0,1,1.0,1,1.0,1,0.17418340560001974,57
1403,2,1900,987,913,0,0,0,1.0,1,1.0,1,1.0,1,0.17194964751068267,56
1404,3,1903,989,914,0,0,0,1.0,1,1.0,1,1.0,1,0.16531916922647322,58
1405,3,1906,990,916,0,0,0,1.0,1,1.0,1,1.0,1,0.20347835468557648,58
1406,2,1908,990,918,0,0,0,1.0,1,1.0,1,1.0,1,0.18867059756167284,58
1407,0,1908,990,918,0,0,0,1.0,1,1.0,1,1.0,1,0.20890155323676274,57
1408,1,1909,990,919,0,0,0,1.0,1,1.0,1,1.0,1,0.2109925721440899,58
1409,0,1909,990,919,0,0,0,1.0,1,1.0,1,1.0,1,0.20559631711098864,57
1410,1,1910,991,919,0,0,0,1.0,1,1.0,1,1.0,1,0.21134508338361,57
1411,0,1910,991,919,0,0,0,1.0,1,1.0,1,1.0,1,0.22729372861735261,56
1412,0,1910,991,919,0,0,0,1.0,1,1.0,1,1.0,1,0.22699276050283837,55
1413,0,1910,991,919,0,0,0,1.0,1,1.0,1,1.0,1,0.22947958299829105,57
1414,0,1910,991,919,0,0,0,1.0,1,1.0,1,1.0,1,0.22947958299829105,57
1415,1,1911,992,919,0,0,0,1.0,1,1.0,1,1.0,1,0.24745409924411815,60
1416,1,1912,992,920,0,0,0,1.0,1,1.0,1,1.0,1,0.23598776572704308,61
1417,2,1914,992,922,0,0,0,1.0,1,1.0,1,1.0,1,0.19957924977191216,59
1418,2,1916,992,924,0,0,0,1.0,1,1.0,1,1.0,1,0.1827480467279825,60
1419,2,1918,993,925,0,0,0,1.0,1,1.0,1,1.0,1,0.1853840596028006,59
1420,0,1918,993,925,0,0,0,1.0,1,1.0,1,1.0,1,0.1734832919818637,58
1421,2,1920,993,927,0,0,0,1.0,1,1.0,1,1.0,1,0.14374202697731434,57
1422,0,1920,993,927,0,0,0,1.0,1,1.0,1,1.0,1,0.14374202697731434,57
1423,0,1920,993,927,0,0,0,1.0,1,1.0,1,1.0,1,0.13783466215043022,56
1424,0,1920,993,927,0,0,0,1.0,1,1.0,1,1.0,1,0.1408623317728315,57
1425,1,1921,993,928,0,0,0,1.0,1,1.0,1,1.0,1,0.14733767285701418,54
1426,2,1923,993,930,0,0,0,1.0,1,1.0,1,1.0,1,0.14604633165682682,54
1427,1,1924,994,930,0,0,0,1.0,1,1.0,1,1.0,1,0.20265376117161504,53
1428,1,1925,995,930,0,0,0,1.0,1,1.0,1,1.0,1,0.198080350560511,52
1429,0,1925,995,930,0,0,0,1.0,1,1.0,1,1.0,1,0.198080350560511,52
1430,2,1927,997,930,0,0,0,1.0,1,1.0,1,1.0,1,0.22711605638030438,51
1431,2,1929,997,932,0,0,0,1.0,1,1.0,1,1.0,1,0.20727924605441583,51
1432,4,1933,999,934,0,0,0,1.0,1,1.0,1,1.0,1,0.18658994589684105,52
1433,0,1933,999,934,0,0,0,1.0,1,1.0,1,1.0,1,0.18658994589684105,52
1434,2,1935,1001,934,0,0,0,1.0,1,1.0,1,1.0,1,0.2058651350995449,52
1435,0,1935,1001,934,0,0,0,1.0,1,1.0,1,1.0,1,0.22801534275996543,50
1436,4,1939,1002,937,0,0,0,1.0,1,1.0,1,1.0,1,0.1939529122195341,50
1437,1,1940,1003,937,0,0,0,1.0,1,1.0,1,1.0,1,0.22487505088664173,49
1438,1,1941,1004,937,0,0,0,1.0,1,1.0,1,1.0,1,0.2417614209414407,49
1439,1,1942,1005,937,0,0,0,1.0,1,1.0,1,1.0,1,0.26182514413194263,50
1440,2,1944,1007,937,0,0,0,1.0,1,1.0,1,1.0,1,0.29056412976978396,50
1441,2,1946,1008,938,0,0,0,1.0,1,1.0,1,1.0,1,0.28597047819517446,51
1442,0,1946,1008,938,0,0,0,1.0,1,1.0,1,1.0,1,0.2980800332897296,50
1443,1,1947,1008,939,0,0,0,1.0,1,1.0,1,1.0,1,0.28151413872020203,51
1444,3,1950,1008,942,0,0,0,1.0,1,1.0,1,1.0,1,0.2396560643608407,51
1445,3,1953,1009,944,0,0,0,1.0,1,1.0,1,1.0,1,0.25954123769845105,51
1446,4,1957,1011,946,0,0,0,1.0,1,1.0,1,1.0,1,0.21685086065628803,51
1447,2,1959,1011,948,0,0,0,1.0,1,1.0,1,1.0,1,0.19446990339315862,51
1448,3,1962,1011,951,0,0,0,1.0,1,1.0,1,1.0,1,0.1481515055666416,51
1449,0,1962,1011,951,0,0,0,1.0,1,1.0,1,1.0,1,0.1481515055666416,51
1450,1,1963,1011,952,0,0,0,1.0,1,1.0,1,1.0,1,0.14470908136484265,52
1451,2,1965,1011,954,0,0,0,1.0,1,1.0,1,1.0,1,0.12386357912716361,54
1452,2,1967,1011,956,0,0,0,1.0,1,1.0,1,1.0,1,0.1327563694374305,56
1453,5,1972,1013,959,0,0,0,1.0,1,1.0,1,1.0,1,0.13584159180257888,56
1454,1,1973,1013,960,0,0,0,1.0,1,1.0,1,1.0,1,0.15043665119016789,58
1455,5,1978,1015,963,0,0,0,1.0,1,1.0,1,1.0,1,0.1734742687623175,55
1456,3,1981,1015,966,0,0,0,1.0,1,1.0,1,1.0,1,0.15863521302011485,56
1457,2,1983,1016,967,0,0,0,1.0,1,1.0,1,1.0,1,0.19097475423312518,54
1458,1,1984,1017,967,0,0,0,1.0,1,1.0,1,1.0,1,0.19216347772041373,52
1459,1,1985,1017,968,0,0,0,1.0,1,1.0,1,1.0,1,0.1913831998227677,52
1460,0,1985,1017,968,0,0,0,1.0,1,1.0,1,1.0,1,0.17328878998461095,50
1461,3,1988,1018,970,0,0,0,1.0,1,1.0,1,1.0,1,0.17260585866393277,53
1462,2,1990,1019,971,0,0,0,1.0,1,1.0,1,1.0,1,0.17611336354415869,51
1463,0,1990,1019,971,0,0,0,1.0,1,1.0,1,1.0,1,0.187400787119191,51
1464,0,1990,1019,971,0,0,0,1.0,1,1.0,1,1.0,1,0.187400787119191,51
1465,0,1990,1019,971,0,0,0,1.0,1,1.0,1,1.0,1,0.18526890011598213,49
1466,4,1994,1020,974,0,0,0,1.0,1,1.0,1,1.0,1,0.1640384415292494,49
1467,1,1995,1021,974,0,0,0,1.0,1,1.0,1,1.0,1,0.20597967582575027,47
1468,2,1997,1022,975,0,0,0,1.0,1,1.0,1,1.0,1,0.22581878330682006,48
1469,1,1998,1023,975,0,0,0,1.0,1,1.0,1,1.0,1,0.25851678137465833,47
1470,0,1998,1023,975,0,0,0,1.0,1,1.0,1,1.0,1,0.24866462125600444,49
1471,2,2000,1023,977,0,0,0,1.0,1,1.0,1,1.0,1,0.24538649235260965,48
1472,0,2000,1023,977,0,0,0,1.0,1,1.0,1,1.0,1,0.23575858961245585,48
1473,0,2000,1023,977,0,0,0,1.0,1,1.0,1,1.0,1,0.2439342478562105,49
1474,1,2001,1023,978,0,0,0,1.0,1,1.0,1,1.0,1,0.2324337089410762,49
1475,0,2001,1023,978,0,0,0,1.0,1,1.0,1,1.0,1,0.2324337089410762,49
1476,1,2002,1023,979,0,0,0,1.0,1,1.0,1,1.0,1,0.22486831413242758,51
1477,1,2003,1023,980,0,0,0,1.0,1,1.0,1,1.0,1,0.2124440131129525,51
1478,2,2005,1023,982,0,0,0,1.0,1,1.0,1,1.0,1,0.17626308589227327,52
1479,2,2007,1023,984,0,0,0,1.0,1,1.0,1,1.0,1,0.1647322188189564,53
1480,4,2011,1024,987,0,0,0,1.0,1,1.0,1,1.0,1,0.15637544917140997,53
1481,1,2012,1024,988,0,0,0,1.0,1,1.0,1,1.0,1,0.1464822221931166,53
1482,1,2013,1025,988,0,0,0,1.0,1,1.0,1,1.0,1,0.18685995741862482,52
1483,0,2013,1025,988,0,0,0,1.0,1,1.0,1,1.0,1,0.18685995741862482,52
1484,2,2015,1025,990,0,0,0,1.0,1,1.0,1,1.0,1,0.19602946366447474,53
1485,1,2016,1025,991,0,0,0,1.0,1,1.0,1,1.0,1,0.18717263620874178,53
1486,6,2022,1025,997,0,0,0,1.0,1,1.0,1,1.0,1,0.16214701703960402,54
1487,0,2022,1025,997,0,0,0,1.0,1,1.0,1,1.0,1,0.17006480659922962,55
1488,2,2024,1025,999,0,0,0,1.0,1,1.0,1,1.0,1,0.16085955114135936,57
1489,0,2024,1025,999,0,0,0,1.0,1,1.0,1,1.0,1,0.15246800608346736,58
1490,0,2024,1025,999,0,0,0,1.0,1,1.0,1,1.0,1,0.15246800608346736,58
1491,2,2026,1026,1000,0,0,0,1.0,1,1.0,1,1.0,1,0.16722236348832056,59
1492,2,2028,1026,1002,0,0,0,1.0,1,1.0,1,1.0,1,0.14665009984974095,59
1493,1,2029,1027,1002,0,0,0,1.0,1,1.0,1,1.0,1,0.1486013466741807,58
1494,1,2030,1028,1002,0,0,0,1.0,1,1.0,1,1.0,1,0.17839521180111303,58
1495,1,2031,1029,1002,0,0,0,1.0,1,1.0,1,1.0,1,0.19414223956357765,57
1496,2,2033,1029,1004,0,0,0,1.0,1,1.0,1,1.0,1,0.16589174644090363,59
1497,1,2034,1030,1004,0,0,0,1.0,1,1.0,1,1.0,1,0.18220792450246492,58
1498,2,2036,1031,1005,0,0,0,1.0,1,1.0,1,1.0,1,0.19220258470503054,58
1499,0,2036,1031,1005,0,0,0,1.0,1,1.0,1,1.0,1,0.16995539363858966,56
1500,1,2037,1031,1006,0,0,0,1.0,1,1.0,1,1.0,1,0.16488819656122758,57
1501,0,2037,1031,1006,0,0,0,1.0,1,1.0,1,1.0,1,0.15332167674080088,55
1502,0,2037,1031,1006,0,0,0,1.0,1,1.0,1,1.0,1,0.15433443718219084,55
1503,1,2038,1032,1006,0,0,0,1.0,1,1.0,1,1.0,1,0.1779905492190848,54
1504,1,2039,1032,1007,0,0,0,1.0,1,1.0,1,1.0,1,0.1383881400259485,55
1505,2,2041,1033,1008,0,0,0,1.0,1,1.0,1,1.0,1,0.13609555610694346,53
1506,1,2042,1033,1009,0,0,0,1.0,1,1.0,1,1.0,1,0.13649364192131191,55
1507,0,2042,1033,1009,0,0,0,1.0,1,1.0,1,1.0,1,0.15990656387888705,53
1508,1,2043,1033,1010,0,0,0,1.0,1,1.0,1,1.0,1,0.1480836969911396,53
1509,1,2044,1033,1011,0,0,0,1.0,1,1.0,1,1.0,1,0.1753774006875148,52
1510,2,2046,1034,1012,0,0,0,1.0,1,1.0,1,1.0,1,0.17306973866469585,50
1511,1,2047,1034,1013,0,0,0,1.0,1,1.0,1,1.0,1,0.17380400262782658,49
1512,2,2049,1036,1013,0,0,0,1.0,1,1.0,1,1.0,1,0.2308263675467965,48
1513,1,2050,1036,1014,0,0,0,1.0,1,1.0,1,1.0,1,0.25991462541126314,47
1514,2,2052,1036,1016,0,0,0,1.0,1,1.0,1,1.0,1,0.21965149814440602,48
1515,0,2052,1036,1016,0,0,0,1.0,1,1.0,1,1.0,1,0.21965149814440602,48
1516,3,2055,1036,1019,0,0,0,1.0,1,1.0,1,1.0,1,0.197696269589829,47
1517,1,2056,1036,1020,0,0,0,1.0,1,1.0,1,1.0,1,0.20143326197977376,48
1518,2,2058,1036,1022,0,0,0,1.0,1,1.0,1,1.0,1,0.17823212145269277,48
1519,0,2058,1036,1022,0,0,0,1.0,1,1.0,1,1.0,1,0.19240087047499244,47
1520,1,2059,1036,1023,0,0,0,1.0,1,1.0,1,1.0,1,0.191619175387634,48
1521,1,2060,1036,1024,0,0,0,1.0,1,1.0,1,1.0,1,0.1712386644317711,49
1522,1,2061,1036,1025,0,0,0,1.0,1,1.0,1,1.0,1,0.157779268317877,48
1523,0,2061,1036,1025,0,0,0,1.0,1,1.0,1,1.0,1,0.16980417989260352,49
1524,2,2063,1037,1026,0,0,0,1.0,1,1.0,1,1.0,1,0.17703073251595394,49
1525,0,2063,1037,1026,0,0,0,1.0,1,1.0,1,1.0,1,0.1812002113453509,51
1526,1,2064,1037,1027,0,0,0,1.0,1,1.0,1,1.0,1,0.15406433309297649,52
1527,0,2064,1037,1027,0,0,0,1.0,1,1.0,1,1.0,1,0.14677214583966805,54
1528,1,2065,1037,1028,0,0,0,1.0,1,1.0,1,1.0,1,0.13543641093782535,54
1529,0,2065,1037,1028,0,0,0,1.0,1,1.0,1,1.0,1,0.13543641093782535,54
1530,1,2066,1038,1028,0,0,0,1.0,1,1.0,1,1.0,1,0.1473232850770967,54
1531,1,2067,1038,1029,0,0,0,1.0,1,1.0,1,1.0,1,0.12475808800323074,54
1532,2,2069,1039,1030,0,0,0,1.0,1,1.0,1,1.0,1,0.09339614620779423,54
1533,0,2069,1039,1030,0,0,0,1.0,1,1.0,1,1.0,1,0.10121116511098603,54
1534,1,2070,1039,1031,0,0,0,1.0,1,1.0,1,1.0,1,0.08932878054732032,54
1535,0,2070,1039,1031,0,0,0,1.0,1,1.0,1,1.0,1,0.08932878054732032,54
1536,1,2071,1039,1032,0,0,0,1.0,1,1.0,1,1.0,1,0.08911603266841397,55
1537,0,2071,1039,1032,0,0,0,1.0,1,1.0,1,1.0,1,0.09770561638651362,53
1538,0,2071,1039,1032,0,0,0,1.0,1,1.0,1,1.0,1,0.10863565949728958,54
1539,0,2071,1039,1032,0,0,0,1.0,1,1.0,1,1.0,1,0.12200157847820889,54
1540,1,2072,1040,1032,0,0,0,1.0,1,1.0,1,1.0,1,0.11890308073832616,54
1541,2,2074,1040,1034,0,0,0,1.0,1,1.0,1,1.0,1,0.09926178691474291,54
1542,3,2077,1041,1036,0,0,0,1.0,1,1.0,1,1.0,1,0.09059126758621458,57
1543,2,2079,1042,1037,0,0,0,1.0,1,1.0,1,1.0,1,0.11705931452726652,55
1544,4,2083,1045,1038,0,0,0,1.0,1,1.0,1,1.0,1,0.13311485044363547,54
1545,1,2084,1045,1039,0,0,0,1.0,1,1.0,1,1.0,1,0.13265454480295646,54
1546,4,2088,1047,1041,0,0,0,1.0,1,1.0,1,1.0,1,0.10144853697727425,53
1547,2,2090,1049,1041,0,0,0,1.0,1,1.0,1,1.0,1,0.08492541572019531,53
1548,3,2093,1052,1041,0,0,0,1.0,1,1.0,1,1.0,1,0.08907587610304715,54
1549,2,2095,1054,1041,0,0,0,1.0,1,1.0,1,1.0,1,0.12991098111963092,52
1550,3,2098,1057,1041,0,0,0,1.0,1,1.0,1,1.0,1,0.1566712487511001,52
1551,8,2106,1059,1047,0,0,0,1.0,1,1.0,1,1.0,1,0.09530020673476536,52
1552,3,2109,1061,1048,0,0,0,1.0,1,1.0,1,1.0,1,0.1192531930119993,51
1553,1,2110,1061,1049,0,0,0,1.0,1,1.0,1,1.0,1,0.14352958909955038,51
1554,2,2112,1062,1050,0,0,0,1.0,1,1.0,1,1.0,1,0.11553774428932674,51
1555,1,2113,1063,1050,0,0,0,1.0,1,1.0,1,1.0,1,0.1571266434782447,50
1556,6,2119,1065,1054,0,0,0,1.0,1,1.0,1,1.0,1,0.10333945031922347,51
1557,2,2121,1067,1054,0,0,0,1.0,1,1.0,1,1.0,1,0.11338551298371635,51
1558,0,2121,1067,1054,0,0,0,1.0,1,1.0,1,1.0,1,0.12229826899969004,52
1559,0,2121,1067,1054,0,0,0,1.0,1,1.0,1,1.0,1,0.10598808520295729,53
1560,2,2123,1069,1054,0,0,0,1.0,1,1.0,1,1.0,1,0.12632744229009915,51
1561,2,2125,1070,1055,0,0,0,1.0,1,1.0,1,1.0,1,0.12818735323858318,51
1562,2,2127,1070,1057,0,0,0,1.0,1,1.0,1,1.0,1,0.11013326640232184,52
1563,0,2127,1070,1057,0,0,0,1.0,1,1.0,1,1.0,1,0.11013326640232184,52
1564,0,2127,1070,1057,0,0,0,1.0,1,1.0,1,1.0,1,0.09507667488923317,51
1565,0,2127,1070,1057,0,0,0,1.0,1,1.0,1,1.0,1,0.10490065009312993,53
1566,1,2128,1070,1058,0,0,0,1.0,1,1.0,1,1.0,1,0.08788369779088848,53
1567,2,2130,1071,1059,0,0,0,1.0,1,1.0,1,1.0,1,0.0669492289079889,52
1568,2,2132,1072,1060,0,0,0,1.0,1,1.0,1,1.0,1,0.0709470067834742,52
1569,1,2133,1073,1060,0,0,0,1.0,1,1.0,1,1.0,1,0.09955918314630915,49
1570,1,2134,1074,1060,0,0,0,1.0,1,1.0,1,1.0,1,0.11638174747177152,48
1571,4,2138,1076,1062,0,0,0,1.0,1,1.0,1,1.0,1,0.09882744421384156,46
1572,2,2140,1078,1062,0,0,0,1.0,1,1.0,1,1.0,1,0.10416571957978142,47
1573,1,2141,1079,1062,0,0,0,1.0,1,1.0,1,1.0,1,0.11840181856480031,48
1574,2,2143,1081,1062,0,0,0,1.0,1,1.0,1,1.0,1,0.11691499730117204,46
1575,1,2144,1082,1062,0,0,0,1.0,1,1.0,1,1.0,1,0.14184109869543535,47
1576,4,2148,1085,1063,0,0,0,1.0,1,1.0,1,1.0,1,0.08988216530053149,46
1577,0,2148,1085,1063,0,0,0,1.0,1,1.0,1,1.0,1,0.07672937099947108,45
1578,1,2149,1086,1063,0,0,0,1.0,1,1.0,1,1.0,1,0.07855098365588475,44
1579,1,2150,1086,1064,0,0,0,1.0,1,1.0,1,1.0,1,0.06140062094743904,43
1580,0,2150,1086,1064,0,0,0,1.0,1,1.0,1,1.0,1,0.06140062094743904,43
1581,0,2150,1086,1064,0,0,0,1.0,1,1.0,1,1.0,1,0.10764042552865861,42
1582,0,2150,1086,1064,0,0,0,1.0,1,1.0,1,1.0,1,0.10764042552865861,42
1583,1,2151,1087,1064,0,0,0,1.0,1,1.0,1,1.0,1,0.08266784538863643,43
1584,1,2152,1087,1065,0,0,0,1.0,1,1.0,1,1.0,1,0.05370444350202506,41
1585,6,2158,1092,1066,0,0,0,1.0,1,1.0,1,1.0,1,0.06348697862561875,43
1586,1,2159,1093,1066,0,0,0,1.0,1,1.0,1,1.0,1,0.10154425381214105,42
1587,3,2162,1094,1068,0,0,0,1.0,1,1.0,1,1.0,1,0.14952222412266636,42
1588,2,2164,1096,1068,0,0,0,1.0,1,1.0,1,1.0,1,0.1771908470848722,42
1589,1,2165,1097,1068,0,0,0,1.0,1,1.0,1,1.0,1,0.14096534797764307,42
1590,1,2166,1097,1069,0,0,0,1.0,1,1.0,1,1.0,1,0.19558151618957617,41
1591,3,2169,1098,1071,0,0,0,1.0,1,1.0,1,1.0,1,0.13840779500617928,40
1592,1,2170,1098,1072,0,0,0,1.0,1,1.0,1,1.0,1,0.15587522103194926,39
1593,0,2170,1098,1072,0,0,0,1.0,1,1.0,1,1.0,1,0.15965827899314378,39
1594,0,2170,1098,1072,0,0,0,1.0,1,1.0,1,1.0,1,0.18442156890776498,39
1595,1,2171,1098,1073,0,0,0,1.0,1,1.0,1,1.0,1,0.17784070568493368,42
1596,4,2175,1098,1077,0,0,0,1.0,1,1.0,1,1.0,1,0.14335172605127147,41
1597,2,2177,1098,1079,0,0,0,1.0,1,1.0,1,1.0,1,0.12403346265532714,41
1598,0,2177,1098,1079,0,0,0,1.0,1,1.0,1,1.0,1,0.1638917123010165,39
1599,1,2178,1099,1079,0,0,0,1.0,1,1.0,1,1.0,1,0.1791179415197571,39
1600,0,2178,1099,1079,0,0,0,1.0,1,1.0,1,1.0,1,0.19041617561115215,40
1601,5,2183,1101,1082,0,0,0,1.0,1,1.0,1,1.0,1,0.18592785469537307,41
1602,1,2184,1101,1083,0,0,0,1.0,1,1.0,1,1.0,1,0.14482257964755582,41
1603,1,2185,1102,1083,0,0,0,1.0,1,1.0,1,1.0,1,0.17869382586352742,43
1604,1,2186,1103,1083,0,0,0,1.0,1,1.0,1,1.0,1,0.19198378593771706,43
1605,2,2188,1104,1084,0,0,0,1.0,1,1.0,1,1.0,1,0.19219155361452447,44
1606,4,2192,1105,1087,0,0,0,1.0,1,1.0,1,1.0,1,0.14385010116377786,44
1607,3,2195,1106,1089,0,0,0,1.0,1,1.0,1,1.0,1,0.10330662924822324,42
1608,0,2195,1106,1089,0,0,0,1.0,1,1.0,1,1.0,1,0.1031473128114847,41
1609,0,2195,1106,1089,0,0,0,1.0,1,1.0,1,1.0,1,0.06045858034183154,39
1610,0,2195,1106,1089,0,0,0,1.0,1,1.0,1,1.0,1,0.017235490037096273,39
1611,0,2195,1106,1089,0,0,0,1.0,1,1.0,1,1.0,1,0.02876405535140918,40
1612,0,2195,1106,1089,0,0,0,1.0,1,1.0,1,1.0,1,0.025338133442760043,39
1613,0,2195,1106,1089,0,0,0,1.0,1,1.0,1,1.0,1,0.027275422383610366,41
1614,2,2197,1108,1089,0,0,0,1.0,1,1.0,1,1.0,1,0.03207198497213127,41
1615,1,2198,1109,1089,0,0,0,1.0,1,1.0,1,1.0,1,0.03819778418580388,41
1616,1,2199,1110,1089,0,0,0,1.0,1,1.0,1,1.0,1,0.03657074499741979,43
1617,1,2200,1111,1089,0,0,0,1.0,1,1.0,1,1.0,1,0.06976400118281133,44
1618,0,2200,1111,1089,0,0,0,1.0,1,1.0,1,1.0,1,0.06976400118281133,44
1619,3,2203,1113,1090,0,0,0,1.0,1,1.0,1,1.0,1,0.11431839991854885,44
1620,1,2204,1114,1090,0,0,0,1.0,1,1.0,1,1.0,1,0.11252032562160011,45
1621,1,2205,1114,1091,0,0,0,1.0,1,1.0,1,1.0,1,0.09526733727097803,44
1622,1,2206,1115,1091,0,0,0,1.0,1,1.0,1,1.0,1,0.12687077064328675,44
1623,1,2207,1115,1092,0,0,0,1.0,1,1.0,1,1.0,1,0.13395618192142167,43
1624,1,2208,1116,1092,0,0,0,1.0,1,1.0,1,1.0,1,0.10957918323061568,43
1625,2,2210,1118,1092,0,0,0,1.0,1,1.0,1,1.0,1,0.12320167689952036,43
1626,2,2212,1118,1094,0,0,0,1.0,1,1.0,1,1.0,1,0.1081740045690859,42
1627,1,2213,1119,1094,0,0,0,1.0,1,1.0,1,1.0,1,0.10174458411334539,42
1628,0,2213,1119,1094,0,0,0,1.0,1,1.0,1,1.0,1,0.11597726906045405,42
1629,1,2214,1120,1094,0,0,0,1.0,1,1.0,1,1.0,1,0.11829477100965081,41
1630,1,2215,1121,1094,0,0,0,1.0,1,1.0,1,1.0,1,0.12474187379126056,41
1631,3,2218,1121,1097,0,0,0,1.0,1,1.0,1,1.0,1,0.08189150117283693,40
1632,0,2218,1121,1097,0,0,0,1.0,1,1.0,1,1.0,1,0.09564494651963927,39
1633,0,2218,1121,1097,0,0,0,1.0,1,1.0,1,1.0,1,0.09564494651963927,39
1634,0,2218,1121,1097,0,0,0,1.0,1,1.0,1,1.0,1,0.09564494651963927,39
1635,0,2218,1121,1097,0,0,0,1.0,1,1.0,1,1.0,1,0.11764324476856472,40
1636,1,2219,1121,1098,0,0,0,1.0,1,1.0,1,1.0,1,0.12282734800338443,41
1637,1,2220,1121,1099,0,0,0,1.0,1,1.0,1,1.0,1,0.12661389442944937,41
1638,4,2224,1122,1102,0,0,0,1.0,1,1.0,1,1.0,1,0.09232539936201947,42
1639,1,2225,1123,1102,0,0,0,1.0,1,1.0,1,1.0,1,0.0741425689059103,43
1640,1,2226,1124,1102,0,0,0,1.0,1,1.0,1,1.0,1,0.06561597779899589,43
1641,1,2227,1125,1102,0,0,0,1.0,1,1.0,1,1.0,1,0.05100800267181851,44
1642,6,2233,1129,1104,0,0,0,1.0,1,1.0,1,1.0,1,0.09820853036913331,45
1643,1,2234,1130,1104,0,0,0,1.0,1,1.0,1,1.0,1,0.12755943097912867,44
1644,2,2236,1131,1105,0,0,0,1.0,1,1.0,1,1.0,1,0.10920652202104598,45
1645,0,2236,1131,1105,0,0,0,1.0,1,1.0,1,1.0,1,0.09607344218582675,44
1646,1,2237,1131,1106,0,0,0,1.0,1,1.0,1,1.0,1,0.06705505419841942,43
1647,1,2238,1132,1106,0,0,0,1.0,1,1.0,1,1.0,1,0.10659658334926839,43
1648,0,2238,1132,1106,0,0,0,1.0,1,1.0,1,1.0,1,0.1273872827677049,42
1649,0,2238,1132,1106,0,0,0,1.0,1,1.0,1,1.0,1,0.15311333328080773,41
1650,0,2238,1132,1106,0,0,0,1.0,1,1.0,1,1.0,1,0.15311333328080773,41
1651,1,2239,1132,1107,0,0,0,1.0,1,1.0,1,1.0,1,0.11879538444718526,40
1652,1,2240,1132,1108,0,0,0,1.0,1,1.0,1,1.0,1,0.0768931283455129,39
1653,1,2241,1132,1109,0,0,0,1.0,1,1.0,1,1.0,1,0.08021642137619496,39
1654,1,2242,1132,1110,0,0,0,1.0,1,1.0,1,1.0,1,0.03550173165291225,39
1655,2,2244,1134,1110,0,0,0,1.0,1,1.0,1,1.0,1,0.07979397323583085,40
1656,3,2247,1135,1112,0,0,0,1.0,1,1.0,1,1.0,1,0.1061069137247608,40
1657,0,2247,1135,1112,0,0,0,1.0,1,1.0,1,1.0,1,0.1061069137247608,40
1658,1,2248,1136,1112,0,0,0,1.0,1,1.0,1,1.0,1,0.09170187220091625,40
1659,3,2251,1139,1112,0,0,0,1.0,1,1.0,1,1.0,1,0.15628848311176127,40
1660,3,2254,1141,1113,0,0,0,1.0,1,1.0,1,1.0,1,0.11076792009153089,41
1661,4,2258,1143,1115,0,0,0,1.0,1,1.0,1,1.0,1,0.06785076587479245,42
1662,1,2259,1144,1115,0,0,0,1.0,1,1.0,1,1.0,1,0.02041492460238188,44
1663,1,2260,1145,1115,0,0,0,1.0,1,1.0,1,1.0,1,0.06969135806225323,43
1664,1,2261,1146,1115,0,0,0,1.0,1,1.0,1,1.0,1,0.058807262792630224,42
1665,1,2262,1147,1115,0,0,0,1.0,1,1.0,1,1.0,1,0.08488451349713928,42
1666,3,2265,1150,1115,0,0,0,1.0,1,1.0,1,1.0,1,0.05148862418225012,43
1667,2,2267,1152,1115,0,0,0,1.0,1,1.0,1,1.0,1,0.0659067274741084,40
1668,0,2267,1152,1115,0,0,0,1.0,1,1.0,1,1.0,1,0.07406200560648628,40
1669,3,2270,1155,1115,0,0,0,1.0,1,1.0,1,1.0,1,0.08899008813547722,40
1670,1,2271,1156,1115,0,0,0,1.0,1,1.0,1,1.0,1,0.10076479785532452,39
1671,1,2272,1157,1115,0,0,0,1.0,1,1.0,1,1.0,1,0.11626266189707647,39
1672,2,2274,1159,1115,0,0,0,1.0,1,1.0,1,1.0,1,0.15949089553003473,38
1673,2,2276,1161,1115,0,0,0,1.0,1,1.0,1,1.0,1,0.18779648973708915,38
1674,2,2278,1162,1116,0,0,0,1.0,1,1.0,1,1.0,1,0.1730859021683281,38
1675,0,2278,1162,1116,0,0,0,1.0,1,1.0,1,1.0,1,0.1516199550515252,39
1676,1,2279,1162,1117,0,0,0,1.0,1,1.0,1,1.0,1,0.1565389154355378,39
1677,0,2279,1162,1117,0,0,0,1.0,1,1.0,1,1.0,1,0.13932715486193242,40
1678,2,2281,1163,1118,0,0,0,1.0,1,1.0,1,1.0,1,0.16203252465130938,39
1679,0,2281,1163,1118,0,0,0,1.0,1,1.0,1,1.0,1,0.16203252465130938,39
1680,0,2281,1163,1118,0,0,0,1.0,1,1.0,1,1.0,1,0.1713085973970919,40
1681,1,2282,1164,1118,0,0,0,1.0,1,1.0,1,1.0,1,0.16818398945211957,41
1682,2,2284,1164,1120,0,0,0,1.0,1,1.0,1,1.0,1,0.12038228207738415,40
1683,5,2289,1168,1121,0,0,0,1.0,1,1.0,1,1.0,1,0.13442378697076357,43
1684,3,2292,1169,1123,0,0,0,1.0,1,1.0,1,1.0,1,0.13291849537211203,42
1685,3,2295,1171,1124,0,0,0,1.0,1,1.0,1,1.0,1,0.1063436581057898,41
1686,0,2295,1171,1124,0,0,0,1.0,1,1.0,1,1.0,1,0.08543524350417778,39
1687,5,2300,1175,1125,0,0,0,1.0,1,1.0,1,1.0,1,0.13767893456006935,41
1688,1,2301,1175,1126,0,0,0,1.0,1,1.0,1,1.0,1,0.11520727547371945,39
1689,3,2304,1178,1126,0,0,0,1.0,1,1.0,1,1.0,1,0.1036956087438459,37
1690,0,2304,1178,1126,0,0,0,1.0,1,1.0,1,1.0,1,0.11447148594738826,36
1691,3,2307,1179,1128,0,0,0,1.0,1,1.0,1,1.0,1,0.11504215195076548,36
1692,0,2307,1179,1128,0,0,0,1.0,1,1.0,1,1.0,1,0.11369095997914297,34
1693,1,2308,1180,1128,0,0,0,1.0,1,1.0,1,1.0,1,0.08493309720060993,33
1694,0,2308,1180,1128,0,0,0,1.0,1,1.0,1,1.0,1,0.12125203819748445,32
1695,0,2308,1180,1128,0,0,0,1.0,1,1.0,1,1.0,1,0.11368869630993438,32
1696,2,2310,1181,1129,0,0,0,1.0,1,1.0,1,1.0,1,0.12379565410155471,34
1697,1,2311,1182,1129,0,0,0,1.0,1,1.0,1,1.0,1,0.15729679199546323,34
1698,3,2314,1184,1130,0,0,0,1.0,1,1.0,1,1.0,1,0.16812606778246134,36
1699,3,2317,1186,1131,0,0,0,1.0,1,1.0,1,1.0,1,0.1960716946139631,36
1700,1,2318,1186,1132,0,0,0,1.0,1,1.0,1,1.0,1,0.18321619408626266,37
1701,1,2319,1186,1133,0,0,0,1.0,1,1.0,1,1.0,1,0.14426373400630801,39
1702,1,2320,1187,1133,0,0,0,1.0,1,1.0,1,1.0,1,0.15822768803391923,39
1703,1,2321,1188,1133,0,0,0,1.0,1,1.0,1,1.0,1,0.17098635540598692,38
1704,0,2321,1188,1133,0,0,0,1.0,1,1.0,1,1.0,1,0.13331737701714516,38
1705,2,2323,1189,1134,0,0,0,1.0,1,1.0,1,1.0,1,0.12854603545802867,37
1706,3,2326,1190,1136,0,0,0,1.0,1,1.0,1,1.0,1,0.08277341238935419,37
1707,2,2328,1191,1137,0,0,0,1.0,1,1.0,1,1.0,1,0.08938280758758778,36
1708,0,2328,1191,1137,0,0,0,1.0,1,1.0,1,1.0,1,0.13275857448949113,34
1709,0,2328,1191,1137,0,0,0,1.0,1,1.0,1,1.0,1,0.13275857448949113,34
1710,4,2332,1194,1138,0,0,0,1.0,1,1.0,1,1.0,1,0.2620982425551289,33
1711,3,2335,1194,1141,0,0,0,1.0,1,1.0,1,1.0,1,0.16019018244646627,32
1712,1,2336,1195,1141,0,0,0,1.0,1,1.0,1,1.0,1,0.20527660383395627,31
1713,0,2336,1195,1141,0,0,0,1.0,1,1.0,1,1.0,1,0.20698783661889114,32
1714,0,2336,1195,1141,0,0,0,1.0,1,1.0,1,1.0,1,0.20698783661889114,32
1715,0,2336,1195,1141,0,0,0,1.0,1,1.0,1,1.0,1,0.20698783661889114,32
1716,4,2340,1196,1144,0,0,0,1.0,1,1.0,1,1.0,1,0.12748586239926513,34
1717,0,2340,1196,1144,0,0,0,1.0,1,1.0,1,1.0,1,0.12748586239926513,34
1718,1,2341,1196,1145,0,0,0,1.0,1,1.0,1,1.0,1,0.11293912789328314,34
1719,1,2342,1197,1145,0,0,0,1.0,1,1.0,1,1.0,1,0.15820958533383583,34
1720,3,2345,1198,1147,0,0,0,1.0,1,1.0,1,1.0,1,0.14601700307690835,34
1721,4,2349,1199,1150,0,0,0,1.0,1,1.0,1,1.0,1,0.13366077150689595,35
1722,1,2350,1199,1151,0,0,0,1.0,1,1.0,1,1.0,1,0.09184674930104483,35
1723,0,2350,1199,1151,0,0,0,1.0,1,1.0,1,1.0,1,0.07385085892547287,34
1724,0,2350,1199,1151,0,0,0,1.0,1,1.0,1,1.0,1,0.06236984552450704,33
1725,1,2351,1200,1151,0,0,0,1.0,1,1.0,1,1.0,1,0.038635414909357714,35
1726,1,2352,1200,1152,0,0,0,1.0,1,1.0,1,1.0,1,0.04125926995087022,34
1727,0,2352,1200,1152,0,0,0,1.0,1,1.0,1,1.0,1,0.04125926995087022,34
1728,1,2353,1201,1152,0,0,0,1.0,1,1.0,1,1.0,1,0.054913067929822514,35
1729,1,2354,1202,1152,0,0,0,1.0,1,1.0,1,1.0,1,0.046252408065811976,35
1730,0,2354,1202,1152,0,0,0,1.0,1,1.0,1,1.0,1,0.046252408065811976,35
1731,1,2355,1203,1152,0,0,0,1.0,1,1.0,1,1.0,1,0.09519355629635748,35
1732,0,2355,1203,1152,0,0,0,1.0,1,1.0,1,1.0,1,0.09519355629635748,35
1733,0,2355,1203,1152,0,0,0,1.0,1,1.0,1,1.0,1,0.10940746843093378,33
1734,1,2356,1204,1152,0,0,0,1.0,1,1.0,1,1.0,1,0.1154836302326604,34
1735,0,2356,1204,1152,0,0,0,1.0,1,1.0,1,1.0,1,0.14373709284073713,33
1736,2,2358,1206,1152,0,0,0,1.0,1,1.0,1,1.0,1,0.15175497709420704,33
1737,0,2358,1206,1152,0,0,0,1.0,1,1.0,1,1.0,1,0.13974237999471345,35
1738,1,2359,1207,1152,0,0,0,1.0,1,1.0,1,1.0,1,0.12027804378861467,36
1739,3,2362,1209,1153,0,0,0,1.0,1,1.0,1,1.0,1,0.08004779028369748,36
1740,1,2363,1210,1153,0,0,0,1.0,1,1.0,1,1.0,1,0.09385799861719638,37
1741,0,2363,1210,1153,0,0,0,1.0,1,1.0,1,1.0,1,0.09049562489258291,36
1742,1,2364,1211,1153,0,0,0,1.0,1,1.0,1,1.0,1,0.06780146308712963,36
1743,2,2366,1213,1153,0,0,0,1.0,1,1.0,1,1.0,1,0.1371133590076854,37
1744,1,2367,1213,1154,0,0,0,1.0,1,1.0,1,1.0,1,0.13017612675667609,37
1745,5,2372,1217,1155,0,0,0,1.0,1,1.0,1,1.0,1,0.2540966542364002,38
1746,3,2375,1217,1158,0,0,0,1.0,1,1.0,1,1.0,1,0.22138696405821812,38
1747,3,2378,1218,1160,0,0,0,1.0,1,1.0,1,1.0,1,0.22293370876809232,37
1748,1,2379,1219,1160,0,0,0,1.0,1,1.0,1,1.0,1,0.20950691911552421,38
1749,2,2381,1219,1162,0,0,0,1.0,1,1.0,1,1.0,1,0.19915061937028106,38
1750,0,2381,1219,1162,0,0,0,1.0,1,1.0,1,1.0,1,0.2137437591547676,39
1751,3,2384,1219,1165,0,0,0,1.0,1,1.0,1,1.0,1,0.15982195176987513,41
1752,1,2385,1220,1165,0,0,0,1.0,1,1.0,1,1.0,1,0.15661902169909853,41
1753,0,2385,1220,1165,0,0,0,1.0,1,1.0,1,1.0,1,0.16759791459134132,41
1754,1,2386,1220,1166,0,0,0,1.0,1,1.0,1,1.0,1,0.15125901695052224,40
1755,0,2386,1220,1166,0,0,0,1.0,1,1.0,1,1.0,1,0.15309961260399324,41
1756,3,2389,1220,1169,0,0,0,1.0,1,1.0,1,1.0,1,0.15417527097104305,41
1757,0,2389,1220,1169,0,0,0,1.0,1,1.0,1,1.0,1,0.17048761137646457,40
1758,1,2390,1220,1170,0,0,0,1.0,1,1.0,1,1.0,1,0.14775563634941888,41
1759,1,2391,1221,1170,0,0,0,1.0,1,1.0,1,1.0,1,0.1833556567394775,38
1760,0,2391,1221,1170,0,0,0,1.0,1,1.0,1,1.0,1,0.1833556567394775,38
1761,4,2395,1223,1172,0,0,0,1.0,1,1.0,1,1.0,1,0.17520226509192036,37
1762,2,2397,1224,1173,0,0,0,1.0,1,1.0,1,1.0,1,0.16550096023024488,37
1763,3,2400,1226,1174,0,0,0,1.0,1,1.0,1,1.0,1,0.15425885939892994,37
1764,2,2402,1227,1175,0,0,0,1.0,1,1.0,1,1.0,1,0.1767524481804057,36
1765,4,2406,1230,1176,0,0,0,1.0,1,1.0,1,1.0,1,0.21248887983985493,36
1766,3,2409,1231,1178,0,0,0,1.0,1,1.0,1,1.0,1,0.17954924798037158,37
1767,3,2412,1232,1180,0,0,0,1.0,1,1.0,1,1.0,1,0.18714802891694962,37
1768,0,2412,1232,1180,0,0,0,1.0,1,1.0,1,1.0,1,0.14188827507074106,37
1769,1,2413,1233,1180,0,0,0,1.0,1,1.0,1,1.0,1,0.12893022037934226,38
1770,0,2413,1233,1180,0,0,0,1.0,1,1.0,1,1.0,1,0.14564498786319635,39
1771,1,2414,1233,1181,0,0,0,1.0,1,1.0,1,1.0,1,0.12364701579334367,39
1772,1,2415,1234,1181,0,0,0,1.0,1,1.0,1,1.0,1,0.1364624009503172,39
1773,2,2417,1235,1182,0,0,0,1.0,1,1.0,1,1.0,1,0.10380972316563897,41
1774,1,2418,1236,1182,0,0,0,1.0,1,1.0,1,1.0,1,0.13017054783877818,41
1775,0,2418,1236,1182,0,0,0,1.0,1,1.0,1,1.0,1,0.13385599430953074,42
1776,2,2420,1237,1183,0,0,0,1.0,1,1.0,1,1.0,1,0.13390759533501836,43
1777,1,2421,1237,1184,0,0,0,1.0,1,1.0,1,1.0,1,0.10993538492566632,43
1778,0,2421,1237,1184,0,0,0,1.0,1,1.0,1,1.0,1,0.12481818723201808,44
1779,1,2422,1237,1185,0,0,0,1.0,1,1.0,1,1.0,1,0.11388457443706977,46
1780,0,2422,1237,1185,0,0,0,1.0,1,1.0,1,1.0,1,0.11388457443706977,46
1781,1,2423,1237,1186,0,0,0,1.0,1,1.0,1,1.0,1,0.10449365707391411,46
1782,0,2423,1237,1186,0,0,0,1.0,1,1.0,1,1.0,1,0.11187288553848888,46
1783,0,2423,1237,1186,0,0,0,1.0,1,1.0,1,1.0,1,0.12829110497308677,44
1784,0,2423,1237,1186,0,0,0,1.0,1,1.0,1,1.0,1,0.11482035365781504,45
1785,1,2424,1238,1186,0,0,0,1.0,1,1.0,1,1.0,1,0.14271169259349165,42
1786,2,2426,1240,1186,0,0,0,1.0,1,1.0,1,1.0,1,0.13031825599615052,43
1787,1,2427,1241,1186,0,0,0,1.0,1,1.0,1,1.0,1,0.14924854257515388,41
1788,2,2429,1242,1187,0,0,0,1.0,1,1.0,1,1.0,1,0.17476147402544437,41
1789,0,2429,1242,1187,0,0,0,1.0,1,1.0,1,1.0,1,0.18695519914464376,41
1790,4,2433,1246,1187,0,0,0,1.0,1,1.0,1,1.0,1,0.16450340557798873,41
1791,3,2436,1248,1188,0,0,0,1.0,1,1.0,1,1.0,1,0.1355773445059088,40
1792,3,2439,1251,1188,0,0,0,1.0,1,1.0,1,1.0,1,0.1173554764500605,40
1793,2,2441,1252,1189,0,0,0,1.0,1,1.0,1,1.0,1,0.10114322689241657,41
1794,0,2441,1252,1189,0,0,0,1.0,1,1.0,1,1.0,1,0.10114322689241657,41
1795,4,2445,1256,1189,0,0,0,1.0,1,1.0,1,1.0,1,0.20552286068107578,40
1796,5,2450,1257,1193,0,0,0,1.0,1,1.0,1,1.0,1,0.10275166923696367,40
1797,1,2451,1258,1193,0,0,0,1.0,1,1.0,1,1.0,1,0.12411325707861483,37
1798,1,2452,1259,1193,0,0,0,1.0,1,1.0,1,1.0,1,0.15637252230958157,37
1799,0,2452,1259,1193,0,0,0,1.0,1,1.0,1,1.0,1,0.14123343011610956,36
1800,0,2452,1259,1193,0,0,0,1.0,1,1.0,1,1.0,1,0.14123343011610956,36
1801,1,2453,1259,1194,0,0,0,1.0,1,1.0,1,1.0,1,0.09230384443768734,34
1802,1,2454,1260,1194,0,0,0,1.0,1,1.0,1,1.0,1,0.07524833803033067,33
1803,2,2456,1262,1194,0,0,0,1.0,1,1.0,1,1.0,1,0.09634717788700771,33
1804,1,2457,1263,1194,0,0,0,1.0,1,1.0,1,1.0,1,0.1389548243477045,33
1805,2,2459,1265,1194,0,0,0,1.0,1,1.0,1,1.0,1,0.15945169594368383,35
1806,2,2461,1266,1195,0,0,0,1.0,1,1.0,1,1.0,1,0.15249231020960685,35
1807,2,2463,1266,1197,0,0,0,1.0,1,1.0,1,1.0,1,0.07111115637171106,35
1808,0,2463,1266,1197,0,0,0,1.0,1,1.0,1,1.0,1,0.03671330994318742,36
1809,0,2463,1266,1197,0,0,0,1.0,1,1.0,1,1.0,1,0.03465641165155875,36
1810,3,2466,1268,1198,0,0,0,1.0,1,1.0,1,1.0,1,0.11262710588850351,35
1811,4,2470,1269,1201,0,0,0,1.0,1,1.0,1,1.0,1,0.1523573937130405,36
1812,0,2470,1269,1201,0,0,0,1.0,1,1.0,1,1.0,1,0.1401703493191329,36
1813,1,2471,1269,1202,0,0,0,1.0,1,1.0,1,1.0,1,0.10782890390236784,36
1814,0,2471,1269,1202,0,0,0,1.0,1,1.0,1,1.0,1,0.11453990058177309,34
1815,0,2471,1269,1202,0,0,0,1.0,1,1.0,1,1.0,1,0.11723715386005015,35
1816,0,2471,1269,1202,0,0,0,1.0,1,1.0,1,1.0,1,0.12589048666244862,34
1817,1,2472,1270,1202,0,0,0,1.0,1,1.0,1,1.0,1,0.09820696472230746,34
1818,0,2472,1270,1202,0,0,0,1.0,1,1.0,1,1.0,1,0.09820696472230746,34
1819,3,2475,1272,1203,0,0,0,1.0,1,1.0,1,1.0,1,0.06812262001900977,35
1820,0,2475,1272,1203,0,0,0,1.0,1,1.0,1,1.0,1,0.047753617146434016,36
1821,0,2475,1272,1203,0,0,0,1.0,1,1.0,1,1.0,1,0.047753617146434016,36
1822,1,2476,1273,1203,0,0,0,1.0,1,1.0,1,1.0,1,0.036035704282371794,37
1823,1,2477,1274,1203,0,0,0,1.0,1,1.0,1,1.0,1,0.10213894166517119,38
1824,1,2478,1275,1203,0,0,0,1.0,1,1.0,1,1.0,1,0.10104865802955892,37
1825,2,2480,1277,1203,0,0,0,1.0,1,1.0,1,1.0,1,0.12204768149315508,36
1826,1,2481,1278,1203,0,0,0,1.0,1,1.0,1,1.0,1,0.12796063004863384,35
1827,2,2483,1279,1204,0,0,0,1.0,1,1.0,1,1.0,1,0.11919343051136547,35
1828,0,2483,1279,1204,0,0,0,1.0,1,1.0,1,1.0,1,0.14554031918715743,33
1829,1,2484,1279,1205,0,0,0,1.0,1,1.0,1,1.0,1,0.13549224616933334,32
1830,1,2485,1280,1205,0,0,0,1.0,1,1.0,1,1.0,1,0.14843093131263838,32
1831,4,2489,1281,1208,0,0,0,1.0,1,1.0,1,1.0,1,0.15708046272988516,30
1832,0,2489,1281,1208,0,0,0,1.0,1,1.0,1,1.0,1,0.15708046272988516,30
1833,4,2493,1283,1210,0,0,0,1.0,1,1.0,1,1.0,1,0.22541329664113863,29
1834,1,2494,1283,1211,0,0,0,1.0,1,1.0,1,1.0,1,0.15712919659070723,28
1835,2,2496,1285,1211,0,0,0,1.0,1,1.0,1,1.0,1,0.2206472661818962,28
1836,3,2499,1285,1214,0,0,0,1.0,1,1.0,1,1.0,1,0.1647890240915981,29
1837,2,2501,1286,1215,0,0,0,1.0,1,1.0,1,1.0,1,0.17401881500245023,28
1838,0,2501,1286,1215,0,0,0,1.0,1,1.0,1,1.0,1,0.13559149468034434,28
1839,0,2501,1286,1215,0,0,0,1.0,1,1.0,1,1.0,1,0.14857513250125098,27
1840,0,2501,1286,1215,0,0,0,1.0,1,1.0,1,1.0,1,0.2178477710106937,26
1841,1,2502,1286,1216,0,0,0,1.0,1,1.0,1,1.0,1,0.19851750333969978,25
1842,2,2504,1287,1217,0,0,0,1.0,1,1.0,1,1.0,1,0.13014822024008835,26
1843,0,2504,1287,1217,0,0,0,1.0,1,1.0,1,1.0,1,0.13014822024008835,26
1844,0,2504,1287,1217,0,0,0,1.0,1,1.0,1,1.0,1,0.13014822024008835,26
1845,0,2504,1287,1217,0,0,0,1.0,1,1.0,1,1.0,1,0.13014822024008835,26
1846,3,2507,1289,1218,0,0,0,1.0,1,1.0,1,1.0,1,0.1162229060118877,26
1847,1,2508,1289,1219,0,0,0,1.0,1,1.0,1,1.0,1,0.08149484352182258,26
1848,0,2508,1289,1219,0,0,0,1.0,1,1.0,1,1.0,1,0.07929679169412474,27
1849,0,2508,1289,1219,0,0,0,1.0,1,1.0,1,1.0,1,0.07929679169412474,27
1850,0,2508,1289,1219,0,0,0,1.0,1,1.0,1,1.0,1,0.08536979406888692,28
1851,0,2508,1289,1219,0,0,0,1.0,1,1.0,1,1.0,1,0.08536979406888692,28
1852,0,2508,1289,1219,0,0,0,1.0,1,1.0,1,1.0,1,0.08536979406888692,28
1853,0,2508,1289,1219,0,0,0,1.0,1,1.0,1,1.0,1,0.11577098018484551,27
1854,1,2509,1289,1220,0,0,0,1.0,1,1.0,1,1.0,1,0.11845312348054844,28
1855,0,2509,1289,1220,0,0,0,1.0,1,1.0,1,1.0,1,0.11845312348054844,28
1856,4,2513,1291,1222,0,0,0,1.0,1,1.0,1,1.0,1,0.15292754380319387,30
1857,1,2514,1291,1223,0,0,0,1.0,1,1.0,1,1.0,1,0.1340241608414113,31
1858,2,2516,1293,1223,0,0,0,1.0,1,1.0,1,1.0,1,0.23038628736187639,31
1859,1,2517,1293,1224,0,0,0,1.0,1,1.0,1,1.0,1,0.21534621888734373,31
1860,0,2517,1293,1224,0,0,0,1.0,1,1.0,1,1.0,1,0.21534621888734373,31
1861,0,2517,1293,1224,0,0,0,1.0,1,1.0,1,1.0,1,0.21534621888734373,31
1862,1,2518,1294,1224,0,0,0,1.0,1,1.0,1,1.0,1,0.21994238544435016,31
1863,1,2519,1294,1225,0,0,0,1.0,1,1.0,1,1.0,1,0.19374655541561847,31
1864,2,2521,1296,1225,0,0,0,1.0,1,1.0,1,1.0,1,0.17724307284550692,30
1865,1,2522,1297,1225,0,0,0,1.0,1,1.0,1,1.0,1,0.14890007780838244,27
1866,2,2524,1298,1226,0,0,0,1.0,1,1.0,1,1.0,1,0.12927030973661252,28
1867,0,2524,1298,1226,0,0,0,1.0,1,1.0,1,1.0,1,0.16228082316248912,26
1868,2,2526,1300,1226,0,0,0,1.0,1,1.0,1,1.0,1,0.1593046003410216,26
1869,0,2526,1300,1226,0,0,0,1.0,1,1.0,1,1.0,1,0.1721645572757648,25
1870,1,2527,1301,1226,0,0,0,1.0,1,1.0,1,1.0,1,0.14919663382829904,25
1871,1,2528,1302,1226,0,0,0,1.0,1,1.0,1,1.0,1,0.13823356160326744,26
1872,0,2528,1302,1226,0,0,0,1.0,1,1.0,1,1.0,1,0.12294797449064454,25
1873,0,2528,1302,1226,0,0,0,1.0,1,1.0,1,1.0,1,0.13957765919798495,23
1874,1,2529,1303,1226,0,0,0,1.0,1,1.0,1,1.0,1,0.1523008344978832,23
1875,0,2529,1303,1226,0,0,0,1.0,1,1.0,1,1.0,1,0.2214885145714057,21
1876,3,2532,1304,1228,0,0,0,1.0,1,1.0,1,1.0,1,0.15130575915189085,24
1877,0,2532,1304,1228,0,0,0,1.0,1,1.0,1,1.0,1,0.15130575915189085,24
1878,1,2533,1305,1228,0,0,0,1.0,1,1.0,1,1.0,1,0.11623938498973752,26
1879,0,2533,1305,1228,0,0,0,1.0,1,1.0,1,1.0,1,0.11623938498973752,26
1880,0,2533,1305,1228,0,0,0,1.0,1,1.0,1,1.0,1,0.11623938498973752,26
1881,0,2533,1305,1228,0,0,0,1.0,1,1.0,1,1.0,1,0.11623938498973752,26
1882,0,2533,1305,1228,0,0,0,1.0,1,1.0,1,1.0,1,0.14025226960887022,25
1883,0,2533,1305,1228,0,0,0,1.0,1,1.0,1,1.0,1,0.14025226960887022,25
1884,0,2533,1305,1228,0,0,0,1.0,1,1.0,1,1.0,1,0.14025226960887022,25
1885,0,2533,1305,1228,0,0,0,1.0,1,1.0,1,1.0,1,0.14025226960887022,25
1886,0,2533,1305,1228,0,0,0,1.0,1,1.0,1,1.0,1,0.0935027698697244,26
1887,0,2533,1305,1228,0,0,0,1.0,1,1.0,1,1.0,1,0.0935027698697244,26
1888,2,2535,1307,1228,0,0,0,1.0,1,1.0,1,1.0,1,0.10740691902712408,27
1889,0,2535,1307,1228,0,0,0,1.0,1,1.0,1,1.0,1,0.1361604967646164,28
1890,0,2535,1307,1228,0,0,0,1.0,1,1.0,1,1.0,1,0.1361604967646164,28
1891,1,2536,1307,1229,0,0,0,1.0,1,1.0,1,1.0,1,0.13084228750868476,29
1892,0,2536,1307,1229,0,0,0,1.0,1,1.0,1,1.0,1,0.13084228750868476,29
1893,0,2536,1307,1229,0,0,0,1.0,1,1.0,1,1.0,1,0.13084228750868476,29
1894,0,2536,1307,1229,0,0,0,1.0,1,1.0,1,1.0,1,0.13084228750868476,29
1895,2,2538,1308,1230,0,0,0,1.0,1,1.0,1,1.0,1,0.10533214911706251,31
1896,1,2539,1309,1230,0,0,0,1.0,1,1.0,1,1.0,1,0.11767018801181665,31
1897,0,2539,1309,1230,0,0,0,1.0,1,1.0,1,1.0,1,0.11767018801181665,31
1898,0,2539,1309,1230,0,0,0,1.0,1,1.0,1,1.0,1,0.11767018801181665,31
1899,0,2539,1309,1230,0,0,0,1.0,1,1.0,1,1.0,1,0.10503039040004655,32
1900,0,2539,1309,1230,0,0,0,1.0,1,1.0,1,1.0,1,0.10503039040004655,32
1901,1,2540,1309,1231,0,0,0,1.0,1,1.0,1,1.0,1,0.08062122469960403,32
1902,1,2541,1310,1231,0,0,0,1.0,1,1.0,1,1.0,1,0.10295707182191596,32
1903,0,2541,1310,1231,0,0,0,1.0,1,1.0,1,1.0,1,0.10295707182191596,32
1904,0,2541,1310,1231,0,0,0,1.0,1,1.0,1,1.0,1,0.06904989634339213,34
1905,0,2541,1310,1231,0,0,0,1.0,1,1.0,1,1.0,1,0.06904989634339213,34
1906,0,2541,1310,1231,0,0,0,1.0,1,1.0,1,1.0,1,0.08226524340603258,35
1907,0,2541,1310,1231,0,0,0,1.0,1,1.0,1,1.0,1,0.08083092833517817,36
1908,0,2541,1310,1231,0,0,0,1.0,1,1.0,1,1.0,1,0.08083092833517817,36
1909,0,2541,1310,1231,0,0,0,1.0,1,1.0,1,1.0,1,0.08348419694767842,37
1910,1,2542,1310,1232,0,0,0,1.0,1,1.0,1,1.0,1,0.055443769087220506,38
1911,0,2542,1310,1232,0,0,0,1.0,1,1.0,1,1.0,1,0.049792590532484894,37
1912,2,2544,1312,1232,0,0,0,1.0,1,1.0,1,1.0,1,0.05746015007171087,37
1913,0,2544,1312,1232,0,0,0,1.0,1,1.0,1,1.0,1,0.07322761335915927,36
1914,3,2547,1315,1232,0,0,0,1.0,1,1.0,1,1.0,1,0.11799371325582875,37
1915,1,2548,1316,1232,0,0,0,1.0,1,1.0,1,1.0,1,0.10861522145705406,37
1916,3,2551,1317,1234,0,0,0,1.0,1,1.0,1,1.0,1,0.13222363721067087,39
1917,2,2553,1319,1234,0,0,0,1.0,1,1.0,1,1.0,1,0.2292399404671636,38
1918,9,2562,1321,1241,0,0,0,1.0,1,1.0,1,1.0,1,0.14490270821642154,38
1919,0,2562,1321,1241,0,0,0,1.0,1,1.0,1,1.0,1,0.18023439011597644,38
1920,1,2563,1322,1241,0,0,0,1.0,1,1.0,1,1.0,1,0.2005507276396459,39
1921,2,2565,1322,1243,0,0,0,1.0,1,1.0,1,1.0,1,0.1507518773424206,38
1922,1,2566,1323,1243,0,0,0,1.0,1,1.0,1,1.0,1,0.15271841456045965,39
1923,3,2569,1325,1244,0,0,0,1.0,1,1.0,1,1.0,1,0.1539758116858122,40
1924,1,2570,1325,1245,0,0,0,1.0,1,1.0,1,1.0,1,0.12395733041475035,40
1925,0,2570,1325,1245,0,0,0,1.0,1,1.0,1,1.0,1,0.10095210629264181,40
1926,2,2572,1326,1246,0,0,0,1.0,1,1.0,1,1.0,1,0.0762075876825113,40
1927,0,2572,1326,1246,0,0,0,1.0,1,1.0,1,1.0,1,0.07127867387276753,41
1928,1,2573,1327,1246,0,0,0,1.0,1,1.0,1,1.0,1,0.057415961233687744,41
1929,1,2574,1328,1246,0,0,0,1.0,1,1.0,1,1.0,1,0.1032822439809625,40
1930,1,2575,1329,1246,0,0,0,1.0,1,1.0,1,1.0,1,0.13132515058906646,40
1931,1,2576,1329,1247,0,0,0,1.0,1,1.0,1,1.0,1,0.09847730376560053,40
1932,0,2576,1329,1247,0,0,0,1.0,1,1.0,1,1.0,1,0.09847730376560053,40
1933,0,2576,1329,1247,0,0,0,1.0,1,1.0,1,1.0,1,0.11767931884268652,42
1934,1,2577,1329,1248,0,0,0,1.0,1,1.0,1,1.0,1,0.08945230739022922,44
1935,1,2578,1329,1249,0,0,0,1.0,1,1.0,1,1.0,1,0.09884762352844169,44
1936,4,2582,1330,1252,0,0,0,1.0,1,1.0,1,1.0,1,0.08027529170641982,46
1937,2,2584,1332,1252,0,0,0,1.0,1,1.0,1,1.0,1,0.05239162267723413,47
1938,1,2585,1332,1253,0,0,0,1.0,1,1.0,1,1.0,1,0.036263453692991006,47
1939,1,2586,1333,1253,0,0,0,1.0,1,1.0,1,1.0,1,0.0367838626759722,47
1940,0,2586,1333,1253,0,0,0,1.0,1,1.0,1,1.0,1,0.0367838626759722,47
1941,2,2588,1335,1253,0,0,0,1.0,1,1.0,1,1.0,1,0.06928898016760873,47
1942,2,2590,1336,1254,0,0,0,1.0,1,1.0,1,1.0,1,0.0559065856931866,49
1943,2,2592,1337,1255,0,0,0,1.0,1,1.0,1,1.0,1,0.07389347694739498,47
1944,0,2592,1337,1255,0,0,0,1.0,1,1.0,1,1.0,1,0.07389347694739498,47
1945,1,2593,1338,1255,0,0,0,1.0,1,1.0,1,1.0,1,0.13803664436656896,45
1946,2,2595,1338,1257,0,0,0,1.0,1,1.0,1,1.0,1,0.11041011986848838,45
1947,6,2601,1341,1260,0,0,0,1.0,1,1.0,1,1.0,1,0.14805202092302322,45
1948,2,2603,1341,1262,0,0,0,1.0,1,1.0,1,1.0,1,0.14177918369340947,45
1949,2,2605,1343,1262,0,0,0,1.0,1,1.0,1,1.0,1,0.1809806624806107,42
1950,0,2605,1343,1262,0,0,0,1.0,1,1.0,1,1.0,1,0.1695020307110196,42
1951,2,2607,1343,1264,0,0,0,1.0,1,1.0,1,1.0,1,0.14862108038680497,38
1952,3,2610,1344,1266,0,0,0,1.0,1,1.0,1,1.0,1,0.10809857807065101,36
1953,1,2611,1344,1267,0,0,0,1.0,1,1.0,1,1.0,1,0.108529916161162,35
1954,0,2611,1344,1267,0,0,0,1.0,1,1.0,1,1.0,1,0.1484261541090385,32
1955,0,2611,1344,1267,0,0,0,1.0,1,1.0,1,1.0,1,0.13175140351929604,33
1956,5,2616,1346,1270,0,0,0,1.0,1,1.0,1,1.0,1,0.09233901839621676,31
1957,0,2616,1346,1270,0,0,0,1.0,1,1.0,1,1.0,1,0.08689184364903871,33
1958,3,2619,1348,1271,0,0,0,1.0,1,1.0,1,1.0,1,0.1277090788498558,34
1959,0,2619,1348,1271,0,0,0,1.0,1,1.0,1,1.0,1,0.10122806960971859,35
1960,2,2621,1350,1271,0,0,0,1.0,1,1.0,1,1.0,1,0.11940974553584827,36
1961,2,2623,1351,1272,0,0,0,1.0,1,1.0,1,1.0,1,0.12669442447879906,36
1962,0,2623,1351,1272,0,0,0,1.0,1,1.0,1,1.0,1,0.10458630125850095,35
1963,0,2623,1351,1272,0,0,0,1.0,1,1.0,1,1.0,1,0.11992309060978718,36
1964,2,2625,1353,1272,0,0,0,1.0,1,1.0,1,1.0,1,0.12928414154650336,35
1965,1,2626,1354,1272,0,0,0,1.0,1,1.0,1,1.0,1,0.10191719328488122,36
1966,4,2630,1356,1274,0,0,0,1.0,1,1.0,1,1.0,1,0.07632894039677232,36
1967,1,2631,1357,1274,0,0,0,1.0,1,1.0,1,1.0,1,0.07468291799058112,36
1968,1,2632,1358,1274,0,0,0,1.0,1,1.0,1,1.0,1,0.09617973673814209,37
1969,0,2632,1358,1274,0,0,0,1.0,1,1.0,1,1.0,1,0.09617973673814209,37
1970,1,2633,1359,1274,0,0,0,1.0,1,1.0,1,1.0,1,0.16462290852281047,38
1971,3,2636,1360,1276,0,0,0,1.0,1,1.0,1,1.0,1,0.140871788295613,37
1972,0,2636,1360,1276,0,0,0,1.0,1,1.0,1,1.0,1,0.140871788295613,37
1973,1,2637,1361,1276,0,0,0,1.0,1,1.0,1,1.0,1,0.17354893716209946,37
1974,2,2639,1361,1278,0,0,0,1.0,1,1.0,1,1.0,1,0.11834095630735951,38
1975,0,2639,1361,1278,0,0,0,1.0,1,1.0,1,1.0,1,0.1470153252390027,37
1976,3,2642,1361,1281,0,0,0,1.0,1,1.0,1,1.0,1,0.120259320350047,39
1977,1,2643,1361,1282,0,0,0,1.0,1,1.0,1,1.0,1,0.09385371563885525,42
1978,0,2643,1361,1282,0,0,0,1.0,1,1.0,1,1.0,1,0.09385371563885525,42
1979,0,2643,1361,1282,0,0,0,1.0,1,1.0,1,1.0,1,0.09385371563885525,42
1980,0,2643,1361,1282,0,0,0,1.0,1,1.0,1,1.0,1,0.10655900603836181,43
1981,0,2643,1361,1282,0,0,0,1.0,1,1.0,1,1.0,1,0.11779996543570977,44
1982,3,2646,1363,1283,0,0,0,1.0,1,1.0,1,1.0,1,0.08140997217775432,44
1983,1,2647,1364,1283,0,0,0,1.0,1,1.0,1,1.0,1,0.0859911062025301,44
1984,1,2648,1365,1283,0,0,0,1.0,1,1.0,1,1.0,1,0.12004243611775399,42
1985,0,2648,1365,1283,0,0,0,1.0,1,1.0,1,1.0,1,0.11001938838805722,41
1986,2,2650,1365,1285,0,0,0,1.0,1,1.0,1,1.0,1,0.09428900345081319,40
1987,0,2650,1365,1285,0,0,0,1.0,1,1.0,1,1.0,1,0.06442757895965306,37
1988,2,2652,1367,1285,0,0,0,1.0,1,1.0,1,1.0,1,0.10088769066915855,35
1989,2,2654,1369,1285,0,0,0,1.0,1,1.0,1,1.0,1,0.14262046643994652,32
1990,2,2656,1371,1285,0,0,0,1.0,1,1.0,1,1.0,1,0.12345551632189777,31
1991,0,2656,1371,1285,0,0,0,1.0,1,1.0,1,1.0,1,0.1479650519219912,32
1992,2,2658,1373,1285,0,0,0,1.0,1,1.0,1,1.0,1,0.19088877288155862,32
1993,4,2662,1376,1286,0,0,0,1.0,1,1.0,1,1.0,1,0.15259688400818344,32
1994,0,2662,1376,1286,0,0,0,1.0,1,1.0,1,1.0,1,0.1394954182291418,31
1995,0,2662,1376,1286,0,0,0,1.0,1,1.0,1,1.0,1,0.12477264142912502,32
1996,2,2664,1376,1288,0,0,0,1.0,1,1.0,1,1.0,1,0.0758114394074673,32
1997,1,2665,1376,1289,0,0,0,1.0,1,1.0,1,1.0,1,0.09789265618977602,31
1998,0,2665,1376,1289,0,0,0,1.0,1,1.0,1,1.0,1,0.07089493351769785,32
1999,0,2665,1376,1289,0,0,0,1.0,1,1.0,1,1.0,1,0.10634898540565557,31
2000,0,2665,1376,1289,0,0,0,1.0,1,1.0,1,1.0,1,0.10081572789986716,30
2001,1,2666,1376,1290,0,0,0,1.0,1,1.0,1,1.0,1,0.12474888849088284,29
2002,0,2666,1376,1290,0,0,0,1.0,1,1.0,1,1.0,1,0.08367248988801715,31
2003,1,2667,1377,1290,0,0,0,1.0,1,1.0,1,1.0,1,0.1092056908541877,33
2004,2,2669,1378,1291,0,0,0,1.0,1,1.0,1,1.0,1,0.13775629187228916,34
2005,2,2671,1378,1293,0,0,0,1.0,1,1.0,1,1.0,1,0.12210595800982481,35
2006,1,2672,1379,1293,0,0,0,1.0,1,1.0,1,1.0,1,0.11142547916887768,36
2007,1,2673,1380,1293,0,0,0,1.0,1,1.0,1,1.0,1,0.10603041946105814,36
2008,3,2676,1382,1294,0,0,0,1.0,1,1.0,1,1.0,1,0.12361078671599689,36
2009,0,2676,1382,1294,0,0,0,1.0,1,1.0,1,1.0,1,0.11024211216173127,37
2010,1,2677,1383,1294,0,0,0,1.0,1,1.0,1,1.0,1,0.11751913914192251,37
2011,0,2677,1383,1294,0,0,0,1.0,1,1.0,1,1.0,1,0.11751913914192251,37
2012,1,2678,1384,1294,0,0,0,1.0,1,1.0,1,1.0,1,0.10668304670899809,37
2013,1,2679,1384,1295,0,0,0,1.0,1,1.0,1,1.0,1,0.09451938276937698,39
2014,1,2680,1384,1296,0,0,0,1.0,1,1.0,1,1.0,1,0.12150745404115246,39
2015,0,2680,1384,1296,0,0,0,1.0,1,1.0,1,1.0,1,0.12150745404115246,39
2016,2,2682,1385,1297,0,0,0,1.0,1,1.0,1,1.0,1,0.08307174990689062,41
2017,0,2682,1385,1297,0,0,0,1.0,1,1.0,1,1.0,1,0.08307174990689062,41
2018,5,2687,1388,1299,0,0,0,1.0,1,1.0,1,1.0,1,0.09522647222388272,42
2019,1,2688,1389,1299,0,0,0,1.0,1,1.0,1,1.0,1,0.099513941752799,43
2020,2,2690,1391,1299,0,0,0,1.0,1,1.0,1,1.0,1,0.12753379856513405,43
2021,1,2691,1391,1300,0,0,0,1.0,1,1.0,1,1.0,1,0.11196991832202492,43
2022,0,2691,1391,1300,0,0,0,1.0,1,1.0,1,1.0,1,0.09486784063613159,44
2023,2,2693,1393,1300,0,0,0,1.0,1,1.0,1,1.0,1,0.19734655114496513,42
2024,5,2698,1396,1302,0,0,0,1.0,1,1.0,1,1.0,1,0.14905131975622674,41
2025,2,2700,1398,1302,0,0,0,1.0,1,1.0,1,1.0,1,0.22088072863533126,39
2026,3,2703,1398,1305,0,0,0,1.0,1,1.0,1,1.0,1,0.16149954424547197,39
2027,2,2705,1399,1306,0,0,0,1.0,1,1.0,1,1.0,1,0.2348415745374637,38
2028,0,2705,1399,1306,0,0,0,1.0,1,1.0,1,1.0,1,0.2167465217238924,37
2029,0,2705,1399,1306,0,0,0,1.0,1,1.0,1,1.0,1,0.2157508675315364,35
2030,0,2705,1399,1306,0,0,0,1.0,1,1.0,1,1.0,1,0.20587482895984824,32
2031,4,2709,1402,1307,0,0,0,1.0,1,1.0,1,1.0,1,0.15814680879943654,34
2032,0,2709,1402,1307,0,0,0,1.0,1,1.0,1,1.0,1,0.13633510681866207,35
2033,3,2712,1405,1307,0,0,0,1.0,1,1.0,1,1.0,1,0.14946023903091124,35
2034,3,2715,1406,1309,0,0,0,1.0,1,1.0,1,1.0,1,0.10969406981918428,35
2035,2,2717,1408,1309,0,0,0,1.0,1,1.0,1,1.0,1,0.1284415319933426,36
2036,3,2720,1409,1311,0,0,0,1.0,1,1.0,1,1.0,1,0.11598774384529563,35
2037,2,2722,1410,1312,0,0,0,1.0,1,1.0,1,1.0,1,0.10817676898423642,36
2038,1,2723,1411,1312,0,0,0,1.0,1,1.0,1,1.0,1,0.12863237794633764,38
2039,1,2724,1412,1312,0,0,0,1.0,1,1.0,1,1.0,1,0.1040850474250881,38
2040,0,2724,1412,1312,0,0,0,1.0,1,1.0,1,1.0,1,0.0899172086176679,37
2041,0,2724,1412,1312,0,0,0,1.0,1,1.0,1,1.0,1,0.09392638138303759,38
2042,0,2724,1412,1312,0,0,0,1.0,1,1.0,1,1.0,1,0.09392638138303759,38
2043,2,2726,1414,1312,0,0,0,1.0,1,1.0,1,1.0,1,0.09935511144788536,38
2044,0,2726,1414,1312,0,0,0,1.0,1,1.0,1,1.0,1,0.09307037664842902,39
2045,0,2726,1414,1312,0,0,0,1.0,1,1.0,1,1.0,1,0.11082608005674638,40
2046,2,2728,1416,1312,0,0,0,1.0,1,1.0,1,1.0,1,0.07145955680589168,41
2047,1,2729,1416,1313,0,0,0,1.0,1,1.0,1,1.0,1,0.052559053459207375,41
2048,1,2730,1417,1313,0,0,0,1.0,1,1.0,1,1.0,1,0.015222242748839565,43
2049,0,2730,1417,1313,0,0,0,1.0,1,1.0,1,1.0,1,0.015222242748839565,43
2050,0,2730,1417,1313,0,0,0,1.0,1,1.0,1,1.0,1,0.021902438454948204,43
2051,1,2731,1418,1313,0,0,0,1.0,1,1.0,1,1.0,1,0.0799561942865126,43
2052,0,2731,1418,1313,0,0,0,1.0,1,1.0,1,1.0,1,0.08357384193723043,44
2053,1,2732,1419,1313,0,0,0,1.0,1,1.0,1,1.0,1,0.13185602035148425,43
2054,2,2734,1421,1313,0,0,0,1.0,1,1.0,1,1.0,1,0.1288957272187893,44
2055,1,2735,1421,1314,0,0,0,1.0,1,1.0,1,1.0,1,0.13432058126292745,43
2056,4,2739,1421,1318,0,0,0,1.0,1,1.0,1,1.0,1,0.02026236949218098,44
2057,2,2741,1423,1318,0,0,0,1.0,1,1.0,1,1.0,1,0.04889493156715845,44
2058,2,2743,1425,1318,0,0,0,1.0,1,1.0,1,1.0,1,0.06140540544057863,44
2059,1,2744,1426,1318,0,0,0,1.0,1,1.0,1,1.0,1,0.07059585399154017,45
2060,1,2745,1427,1318,0,0,0,1.0,1,1.0,1,1.0,1,0.08977533371505886,46
2061,2,2747,1428,1319,0,0,0,1.0,1,1.0,1,1.0,1,0.0967926488174957,48
2062,1,2748,1428,1320,0,0,0,1.0,1,1.0,1,1.0,1,0.08648953051836092,48
2063,1,2749,1429,1320,0,0,0,1.0,1,1.0,1,1.0,1,0.10680553106224797,45
2064,1,2750,1430,1320,0,0,0,1.0,1,1.0,1,1.0,1,0.0810503959066814,44
2065,0,2750,1430,1320,0,0,0,1.0,1,1.0,1,1.0,1,0.108559493071322,42
2066,3,2753,1433,1320,0,0,0,1.0,1,1.0,1,1.0,1,0.0669396221003096,42
2067,1,2754,1433,1321,0,0,0,1.0,1,1.0,1,1.0,1,0.036390933172549836,38
2068,0,2754,1433,1321,0,0,0,1.0,1,1.0,1,1.0,1,0.057613186624156994,37
2069,0,2754,1433,1321,0,0,0,1.0,1,1.0,1,1.0,1,0.07683319103475829,35
2070,2,2756,1435,1321,0,0,0,1.0,1,1.0,1,1.0,1,0.0808062800711934,35
2071,0,2756,1435,1321,0,0,0,1.0,1,1.0,1,1.0,1,0.10733498673425988,34
2072,3,2759,1437,1322,0,0,0,1.0,1,1.0,1,1.0,1,0.14015475965850563,35
2073,2,2761,1437,1324,0,0,0,1.0,1,1.0,1,1.0,1,0.11183985343938342,37
2074,0,2761,1437,1324,0,0,0,1.0,1,1.0,1,1.0,1,0.09494948367291058,36
2075,0,2761,1437,1324,0,0,0,1.0,1,1.0,1,1.0,1,0.08542047266239296,38
2076,0,2761,1437,1324,0,0,0,1.0,1,1.0,1,1.0,1,0.06636679157042236,37
2077,0,2761,1437,1324,0,0,0,1.0,1,1.0,1,1.0,1,0.06636679157042236,37
2078,0,2761,1437,1324,0,0,0,1.0,1,1.0,1,1.0,1,0.06636679157042236,37
2079,0,2761,1437,1324,0,0,0,1.0,1,1.0,1,1.0,1,0.06636679157042236,37
2080,0,2761,1437,1324,0,0,0,1.0,1,1.0,1,1.0,1,0.06531279500369097,36
2081,2,2763,1439,1324,0,0,0,1.0,1,1.0,1,1.0,1,0.060891740561183974,37
2082,1,2764,1440,1324,0,0,0,1.0,1,1.0,1,1.0,1,0.09307120514442066,38
2083,2,2766,1441,1325,0,0,0,1.0,1,1.0,1,1.0,1,0.09422834423561828,39
2084,1,2767,1442,1325,0,0,0,1.0,1,1.0,1,1.0,1,0.1387225330693782,41
2085,3,2770,1445,1325,0,0,0,1.0,1,1.0,1,1.0,1,0.160926136281151,41
2086,3,2773,1445,1328,0,0,0,1.0,1,1.0,1,1.0,1,0.09414409711480648,44
2087,2,2775,1447,1328,0,0,0,1.0,1,1.0,1,1.0,1,0.10900922135179972,44
2088,0,2775,1447,1328,0,0,0,1.0,1,1.0,1,1.0,1,0.1115612949130363,45
2089,2,2777,1448,1329,0,0,0,1.0,1,1.0,1,1.0,1,0.07962877330724152,46
2090,2,2779,1448,1331,0,0,0,1.0,1,1.0,1,1.0,1,0.03896798141675081,47
2091,2,2781,1450,1331,0,0,0,1.0,1,1.0,1,1.0,1,0.07726235085440944,48
2092,2,2783,1451,1332,0,0,0,1.0,1,1.0,1,1.0,1,0.07664055870418994,48
2093,1,2784,1451,1333,0,0,0,1.0,1,1.0,1,1.0,1,0.052012947815764494,48
2094,0,2784,1451,1333,0,0,0,1.0,1,1.0,1,1.0,1,0.06058361287384258,47
2095,1,2785,1452,1333,0,0,0,1.0,1,1.0,1,1.0,1,0.05898979566956922,49
2096,0,2785,1452,1333,0,0,0,1.0,1,1.0,1,1.0,1,0.04552461729977565,50
2097,0,2785,1452,1333,0,0,0,1.0,1,1.0,1,1.0,1,0.04552461729977565,50
2098,2,2787,1454,1333,0,0,0,1.0,1,1.0,1,1.0,1,0.0554726634112487,51
2099,1,2788,1455,1333,0,0,0,1.0,1,1.0,1,1.0,1,0.09620681148309386,50
2100,1,2789,1456,1333,0,0,0,1.0,1,1.0,1,1.0,1,0.1023255917320681,49
2101,3,2792,1456,1336,0,0,0,1.0,1,1.0,1,1.0,1,0.0746228513596597,48
2102,4,2796,1459,1337,0,0,0,1.0,1,1.0,1,1.0,1,0.12209239329054052,49
2103,1,2797,1460,1337,0,0,0,1.0,1,1.0,1,1.0,1,0.11083705728613155,44
2104,0,2797,1460,1337,0,0,0,1.0,1,1.0,1,1.0,1,0.12841869232541941,42
2105,2,2799,1462,1337,0,0,0,1.0,1,1.0,1,1.0,1,0.14667747740277384,40
2106,0,2799,1462,1337,0,0,0,1.0,1,1.0,1,1.0,1,0.17371405806242177,39
2107,1,2800,1463,1337,0,0,0,1.0,1,1.0,1,1.0,1,0.1560572427066954,37
2108,1,2801,1464,1337,0,0,0,1.0,1,1.0,1,1.0,1,0.1466008621580901,37
2109,0,2801,1464,1337,0,0,0,1.0,1,1.0,1,1.0,1,0.1284372498756176,36
2110,1,2802,1464,1338,0,0,0,1.0,1,1.0,1,1.0,1,0.06052421078903733,35
2111,2,2804,1466,1338,0,0,0,1.0,1,1.0,1,1.0,1,0.08764560982984482,35
2112,0,2804,1466,1338,0,0,0,1.0,1,1.0,1,1.0,1,0.08764560982984482,35
2113,1,2805,1467,1338,0,0,0,1.0,1,1.0,1,1.0,1,0.11603445371848133,35
2114,1,2806,1468,1338,0,0,0,1.0,1,1.0,1,1.0,1,0.10816453612013863,36
2115,1,2807,1468,1339,0,0,0,1.0,1,1.0,1,1.0,1,0.08965685048418615,37
2116,2,2809,1470,1339,0,0,0,1.0,1,1.0,1,1.0,1,0.10890814742695556,39
2117,0,2809,1470,1339,0,0,0,1.0,1,1.0,1,1.0,1,0.07882079599739243,39
2118,1,2810,1470,1340,0,0,0,1.0,1,1.0,1,1.0,1,0.06916898451288864,41
2119,1,2811,1471,1340,0,0,0,1.0,1,1.0,1,1.0,1,0.09098913945150602,42
2120,1,2812,1471,1341,0,0,0,1.0,1,1.0,1,1.0,1,0.06017034901078009,42
2121,1,2813,1472,1341,0,0,0,1.0,1,1.0,1,1.0,1,0.07405235872426376,42
2122,1,2814,1472,1342,0,0,0,1.0,1,1.0,1,1.0,1,0.06533990413690374,43
2123,0,2814,1472,1342,0,0,0,1.0,1,1.0,1,1.0,1,0.08785074634999832,42
2124,0,2814,1472,1342,0,0,0,1.0,1,1.0,1,1.0,1,0.08785074634999832,42
2125,0,2814,1472,1342,0,0,0,1.0,1,1.0,1,1.0,1,0.09396349913152101,41
2126,0,2814,1472,1342,0,0,0,1.0,1,1.0,1,1.0,1,0.09396349913152101,41
2127,0,2814,1472,1342,0,0,0,1.0,1,1.0,1,1.0,1,0.09396349913152101,41
2128,1,2815,1472,1343,0,0,0,1.0,1,1.0,1,1.0,1,0.0503759073218922,42
2129,0,2815,1472,1343,0,0,0,1.0,1,1.0,1,1.0,1,0.0629969726102348,43
2130,1,2816,1472,1344,0,0,0,1.0,1,1.0,1,1.0,1,0.042025465551431065,45
2131,2,2818,1473,1345,0,0,0,1.0,1,1.0,1,1.0,1,0.03391575966553904,44
2132,0,2818,1473,1345,0,0,0,1.0,1,1.0,1,1.0,1,0.03391575966553904,44
2133,1,2819,1474,1345,0,0,0,1.0,1,1.0,1,1.0,1,0.03234712345669487,45
2134,2,2821,1476,1345,0,0,0,1.0,1,1.0,1,1.0,1,0.059364598355064024,45
2135,2,2823,1478,1345,0,0,0,1.0,1,1.0,1,1.0,1,0.04224662942233049,46
2136,3,2826,1480,1346,0,0,0,1.0,1,1.0,1,1.0,1,0.07938992656880209,47
2137,4,2830,1484,1346,0,0,0,1.0,1,1.0,1,1.0,1,0.1717331255216342,47
2138,2,2832,1486,1346,0,0,0,1.0,1,1.0,1,1.0,1,0.1919988975433384,45
2139,3,2835,1487,1348,0,0,0,1.0,1,1.0,1,1.0,1,0.18159529200910515,45
2140,2,2837,1489,1348,0,0,0,1.0,1,1.0,1,1.0,1,0.1716470047645308,44
2141,5,2842,1491,1351,0,0,0,1.0,1,1.0,1,1.0,1,0.0697978905121531,45
2142,1,2843,1492,1351,0,0,0,1.0,1,1.0,1,1.0,1,0.03273310658255138,46
2143,3,2846,1494,1352,0,0,0,1.0,1,1.0,1,1.0,1,0.08193965552621328,46
2144,1,2847,1495,1352,0,0,0,1.0,1,1.0,1,1.0,1,0.033351545129346155,48
2145,3,2850,1497,1353,0,0,0,1.0,1,1.0,1,1.0,1,0.10273930781352454,46
2146,3,2853,1499,1354,0,0,0,1.0,1,1.0,1,1.0,1,0.04288266161664981,45
2147,2,2855,1501,1354,0,0,0,1.0,1,1.0,1,1.0,1,0.08492043099250782,44
2148,1,2856,1502,1354,0,0,0,1.0,1,1.0,1,1.0,1,0.04805037628371299,44
2149,3,2859,1505,1354,0,0,0,1.0,1,1.0,1,1.0,1,0.0718438409406075,42
2150,2,2861,1507,1354,0,0,0,1.0,1,1.0,1,1.0,1,0.06888093233317233,40
2151,2,2863,1509,1354,0,0,0,1.0,1,1.0,1,1.0,1,0.05762502176381449,39
2152,1,2864,1510,1354,0,0,0,1.0,1,1.0,1,1.0,1,0.04117451007578859,40
2153,2,2866,1512,1354,0,0,0,1.0,1,1.0,1,1.0,1,0.08888958913813262,42
2154,2,2868,1512,1356,0,0,0,1.0,1,1.0,1,1.0,1,0.08419738582204299,42
2155,0,2868,1512,1356,0,0,0,1.0,1,1.0,1,1.0,1,0.08376740177687196,41
2156,1,2869,1512,1357,0,0,0,1.0,1,1.0,1,1.0,1,0.10966150205291678,40
2157,0,2869,1512,1357,0,0,0,1.0,1,1.0,1,1.0,1,0.10966150205291678,40
2158,1,2870,1513,1357,0,0,0,1.0,1,1.0,1,1.0,1,0.11416818551513604,38
2159,0,2870,1513,1357,0,0,0,1.0,1,1.0,1,1.0,1,0.1186982346860953,38
2160,1,2871,1514,1357,0,0,0,1.0,1,1.0,1,1.0,1,0.12752569889237617,38
2161,4,2875,1516,1359,0,0,0,1.0,1,1.0,1,1.0,1,0.12323651749148622,38
2162,1,2876,1517,1359,0,0,0,1.0,1,1.0,1,1.0,1,0.15478956698938698,38
2163,2,2878,1519,1359,0,0,0,1.0,1,1.0,1,1.0,1,0.2082203222324651,40
2164,1,2879,1520,1359,0,0,0,1.0,1,1.0,1,1.0,1,0.2676711340553493,41
2165,2,2881,1522,1359,0,0,0,1.0,1,1.0,1,1.0,1,0.24671250255806587,42
2166,5,2886,1522,1364,0,0,0,1.0,1,1.0,1,1.0,1,0.18727500794359075,42
2167,0,2886,1522,1364,0,0,0,1.0,1,1.0,1,1.0,1,0.1643669122033569,43
2168,0,2886,1522,1364,0,0,0,1.0,1,1.0,1,1.0,1,0.1450486648163152,43
2169,2,2888,1522,1366,0,0,0,1.0,1,1.0,1,1.0,1,0.12289783906119046,45
2170,3,2891,1524,1367,0,0,0,1.0,1,1.0,1,1.0,1,0.16000458706433393,46
2171,3,2894,1525,1369,0,0,0,1.0,1,1.0,1,1.0,1,0.09833231139699468,48
2172,1,2895,1526,1369,0,0,0,1.0,1,1.0,1,1.0,1,0.10709435520607921,49
2173,1,2896,1527,1369,0,0,0,1.0,1,1.0,1,1.0,1,0.09603466957939367,49
2174,2,2898,1528,1370,0,0,0,1.0,1,1.0,1,1.0,1,0.08195208642453147,49
2175,0,2898,1528,1370,0,0,0,1.0,1,1.0,1,1.0,1,0.08195208642453147,49
2176,1,2899,1528,1371,0,0,0,1.0,1,1.0,1,1.0,1,0.06471075214407745,51
2177,1,2900,1529,1371,0,0,0,1.0,1,1.0,1,1.0,1,0.04391886056102127,51
2178,1,2901,1530,1371,0,0,0,1.0,1,1.0,1,1.0,1,0.05635067256070232,50
2179,4,2905,1534,1371,0,0,0,1.0,1,1.0,1,1.0,1,0.0691428342258747,49
2180,0,2905,1534,1371,0,0,0,1.0,1,1.0,1,1.0,1,0.08122459599070916,47
2181,2,2907,1536,1371,0,0,0,1.0,1,1.0,1,1.0,1,0.040781679850333194,47
2182,1,2908,1537,1371,0,0,0,1.0,1,1.0,1,1.0,1,0.011432524135200487,45
2183,2,2910,1539,1371,0,0,0,1.0,1,1.0,1,1.0,1,0.035640387940200004,44
2184,2,2912,1541,1371,0,0,0,1.0,1,1.0,1,1.0,1,0.07499200515506475,43
2185,4,2916,1545,1371,0,0,0,1.0,1,1.0,1,1.0,1,0.13459035280758858,40
2186,4,2920,1549,1371,0,0,0,1.0,1,1.0,1,1.0,1,0.1139174208729509,38
2187,3,2923,1552,1371,0,0,0,1.0,1,1.0,1,1.0,1,0.10974861462857481,35
2188,1,2924,1553,1371,0,0,0,1.0,1,1.0,1,1.0,1,0.13457274699248292,34
2189,0,2924,1553,1371,0,0,0,1.0,1,1.0,1,1.0,1,0.09704273217210674,31
2190,1,2925,1554,1371,0,0,0,1.0,1,1.0,1,1.0,1,0.1514698017979191,29
2191,1,2926,1555,1371,0,0,0,1.0,1,1.0,1,1.0,1,0.17537893307264604,28
2192,2,2928,1556,1372,0,0,0,1.0,1,1.0,1,1.0,1,0.20952358824982184,29
2193,1,2929,1557,1372,0,0,0,1.0,1,1.0,1,1.0,1,0.23415575208762363,28
2194,0,2929,1557,1372,0,0,0,1.0,1,1.0,1,1.0,1,0.2337451662683287,27
2195,2,2931,1559,1372,0,0,0,1.0,1,1.0,1,1.0,1,0.24172281112081967,27
2196,4,2935,1560,1375,0,0,0,1.0,1,1.0,1,1.0,1,0.21823447718966912,27
2197,1,2936,1561,1375,0,0,0,1.0,1,1.0,1,1.0,1,0.23200336926410123,27
2198,0,2936,1561,1375,0,0,0,1.0,1,1.0,1,1.0,1,0.20238916127431605,28
2199,2,2938,1562,1376,0,0,0,1.0,1,1.0,1,1.0,1,0.22387271213023305,29
2200,1,2939,1562,1377,0,0,0,1.0,1,1.0,1,1.0,1,0.17304142653387944,31
2201,2,2941,1563,1378,0,0,0,1.0,1,1.0,1,1.0,1,0.15010791218227798,32
2202,1,2942,1564,1378,0,0,0,1.0,1,1.0,1,1.0,1,0.1903406719149223,31
2203,0,2942,1564,1378,0,0,0,1.0,1,1.0,1,1.0,1,0.15467626715137756,32
2204,0,2942,1564,1378,0,0,0,1.0,1,1.0,1,1.0,1,0.15467626715137756,32
2205,0,2942,1564,1378,0,0,0,1.0,1,1.0,1,1.0,1,0.15707402090610167,33
2206,3,2945,1565,1380,0,0,0,1.0,1,1.0,1,1.0,1,0.11514546529934022,32
2207,1,2946,1565,1381,0,0,0,1.0,1,1.0,1,1.0,1,0.08655783116352221,33
2208,0,2946,1565,1381,0,0,0,1.0,1,1.0,1,1.0,1,0.05851243483539213,35
2209,1,2947,1566,1381,0,0,0,1.0,1,1.0,1,1.0,1,0.10863864848929579,36
2210,2,2949,1566,1383,0,0,0,1.0,1,1.0,1,1.0,1,0.09931075148923384,35
2211,0,2949,1566,1383,0,0,0,1.0,1,1.0,1,1.0,1,0.11435359660530992,36
2212,1,2950,1566,1384,0,0,0,1.0,1,1.0,1,1.0,1,0.12502539245260216,37
2213,4,2954,1570,1384,0,0,0,1.0,1,1.0,1,1.0,1,0.12441292281945325,37
2214,0,2954,1570,1384,0,0,0,1.0,1,1.0,1,1.0,1,0.09546532717729757,39
2215,4,2958,1574,1384,0,0,0,1.0,1,1.0,1,1.0,1,0.10966392378355241,36
2216,3,2961,1576,1385,0,0,0,1.0,1,1.0,1,1.0,1,0.08358567400615291,37
2217,2,2963,1578,1385,0,0,0,1.0,1,1.0,1,1.0,1,0.10914121209370414,35
2218,0,2963,1578,1385,0,0,0,1.0,1,1.0,1,1.0,1,0.10914121209370414,35
2219,0,2963,1578,1385,0,0,0,1.0,1,1.0,1,1.0,1,0.08617294946502584,33
2220,0,2963,1578,1385,0,0,0,1.0,1,1.0,1,1.0,1,0.07471609739557565,31
2221,1,2964,1578,1386,0,0,0,1.0,1,1.0,1,1.0,1,0.05249251064003613,31
2222,1,2965,1579,1386,0,0,0,1.0,1,1.0,1,1.0,1,0.0860803611985692,30
2223,0,2965,1579,1386,0,0,0,1.0,1,1.0,1,1.0,1,0.08218387352608443,28
2224,3,2968,1582,1386,0,0,0,1.0,1,1.0,1,1.0,1,0.1124920401160622,29
2225,2,2970,1584,1386,0,0,0,1.0,1,1.0,1,1.0,1,0.12333888152690521,28
2226,1,2971,1585,1386,0,0,0,1.0,1,1.0,1,1.0,1,0.0834530134009647,30
2227,0,2971,1585,1386,0,0,0,1.0,1,1.0,1,1.0,1,0.1290685219021603,28
2228,2,2973,1587,1386,0,0,0,1.0,1,1.0,1,1.0,1,0.10127187664007987,29
2229,1,2974,1588,1386,0,0,0,1.0,1,1.0,1,1.0,1,0.10409779688566856,28
2230,0,2974,1588,1386,0,0,0,1.0,1,1.0,1,1.0,1,0.10143687569982657,28
2231,2,2976,1589,1387,0,0,0,1.0,1,1.0,1,1.0,1,0.16152430964536169,27
2232,0,2976,1589,1387,0,0,0,1.0,1,1.0,1,1.0,1,0.1479671087119663,27
2233,0,2976,1589,1387,0,0,0,1.0,1,1.0,1,1.0,1,0.13659222777451058,28
2234,3,2979,1592,1387,0,0,0,1.0,1,1.0,1,1.0,1,0.08027339579301251,26
2235,0,2979,1592,1387,0,0,0,1.0,1,1.0,1,1.0,1,0.08027339579301251,26
2236,1,2980,1593,1387,0,0,0,1.0,1,1.0,1,1.0,1,0.017525396528723626,26
2237,4,2984,1597,1387,0,0,0,1.0,1,1.0,1,1.0,1,0.10005849170227163,26
2238,1,2985,1598,1387,0,0,0,1.0,1,1.0,1,1.0,1,0.13078709841855024,27
2239,3,2988,1600,1388,0,0,0,1.0,1,1.0,1,1.0,1,0.13920720405081163,28
2240,4,2992,1603,1389,0,0,0,1.0,1,1.0,1,1.0,1,0.13119651808167165,30
2241,2,2994,1604,1390,0,0,0,1.0,1,1.0,1,1.0,1,0.10540757578321984,29
2242,2,2996,1606,1390,0,0,0,1.0,1,1.0,1,1.0,1,0.1422594390899852,29
2243,1,2997,1607,1390,0,0,0,1.0,1,1.0,1,1.0,1,0.15653804991293488,29
2244,0,2997,1607,1390,0,0,0,1.0,1,1.0,1,1.0,1,0.15653804991293488,29
2245,0,2997,1607,1390,0,0,0,1.0,1,1.0,1,1.0,1,0.17168726661371553,30
2246,2,2999,1607,1392,0,0,0,1.0,1,1.0,1,1.0,1,0.09242978450752791,33
2247,0,2999,1607,1392,0,0,0,1.0,1,1.0,1,1.0,1,0.07494737364730822,34
2248,0,2999,1607,1392,0,0,0,1.0,1,1.0,1,1.0,1,0.07494737364730822,34
2249,0,2999,1607,1392,0,0,0,1.0,1,1.0,1,1.0,1,0.07387832198995191,35
2250,1,3000,1608,1392,0,0,0,1.0,1,1.0,1,1.0,1,0.10847470508715583,35
2251,1,3001,1609,1392,0,0,0,1.0,1,1.0,1,1.0,1,0.11913832816953532,36
2252,1,3002,1610,1392,0,0,0,1.0,1,1.0,1,1.0,1,0.1690966251909107,37
2253,2,3004,1612,1392,0,0,0,1.0,1,1.0,1,1.0,1,0.19915120523307012,35
2254,0,3004,1612,1392,0,0,0,1.0,1,1.0,1,1.0,1,0.16705614957336123,33
2255,1,3005,1613,1392,0,0,0,1.0,1,1.0,1,1.0,1,0.19819685060415068,35
2256,5,3010,1615,1395,0,0,0,1.0,1,1.0,1,1.0,1,0.1568344211497056,34
2257,2,3012,1617,1395,0,0,0,1.0,1,1.0,1,1.0,1,0.1622480684381153,36
2258,2,3014,1618,1396,0,0,0,1.0,1,1.0,1,1.0,1,0.1300161382830033,35
2259,0,3014,1618,1396,0,0,0,1.0,1,1.0,1,1.0,1,0.13397250569433528,35
2260,3,3017,1619,1398,0,0,0,1.0,1,1.0,1,1.0,1,0.07404085798881843,33
2261,1,3018,1620,1398,0,0,0,1.0,1,1.0,1,1.0,1,0.09927270274631556,33
2262,1,3019,1620,1399,0,0,0,1.0,1,1.0,1,1.0,1,0.12491039236611469,32
2263,2,3021,1622,1399,0,0,0,1.0,1,1.0,1,1.0,1,0.14979728266388867,31
2264,1,3022,1622,1400,0,0,0,1.0,1,1.0,1,1.0,1,0.13225684180175945,30
2265,1,3023,1623,1400,0,0,0,1.0,1,1.0,1,1.0,1,0.09829988536535682,29
2266,1,3024,1624,1400,0,0,0,1.0,1,1.0,1,1.0,1,0.05290237349672942,30
2267,1,3025,1625,1400,0,0,0,1.0,1,1.0,1,1.0,1,0.05593503381347058,29
2268,4,3029,1629,1400,0,0,0,1.0,1,1.0,1,1.0,1,0.09755477617822561,30
2269,1,3030,1630,1400,0,0,0,1.0,1,1.0,1,1.0,1,0.0956275334919348,31
2270,3,3033,1633,1400,0,0,0,1.0,1,1.0,1,1.0,1,0.1933703174875688,31
2271,4,3037,1636,1401,0,0,0,1.0,1,1.0,1,1.0,1,0.1269802313201407,31
2272,2,3039,1637,1402,0,0,0,1.0,1,1.0,1,1.0,1,0.12289473639600958,31
2273,0,3039,1637,1402,0,0,0,1.0,1,1.0,1,1.0,1,0.11773526734858393,30
2274,1,3040,1638,1402,0,0,0,1.0,1,1.0,1,1.0,1,0.07217711213927151,31
2275,0,3040,1638,1402,0,0,0,1.0,1,1.0,1,1.0,1,0.08543094218723929,32
2276,0,3040,1638,1402,0,0,0,1.0,1,1.0,1,1.0,1,0.11400441261467821,31
2277,1,3041,1638,1403,0,0,0,1.0,1,1.0,1,1.0,1,0.10867316178176656,31
2278,2,3043,1640,1403,0,0,0,1.0,1,1.0,1,1.0,1,0.1436393853691098,32
2279,2,3045,1641,1404,0,0,0,1.0,1,1.0,1,1.0,1,0.15218458316697026,32
2280,0,3045,1641,1404,0,0,0,1.0,1,1.0,1,1.0,1,0.1314193399264434,33
2281,2,3047,1641,1406,0,0,0,1.0,1,1.0,1,1.0,1,0.07411318966995346,34
2282,1,3048,1642,1406,0,0,0,1.0,1,1.0,1,1.0,1,0.11130611454359572,34
2283,0,3048,1642,1406,0,0,0,1.0,1,1.0,1,1.0,1,0.11130611454359572,34
2284,0,3048,1642,1406,0,0,0,1.0,1,1.0,1,1.0,1,0.11130611454359572,34
2285,0,3048,1642,1406,0,0,0,1.0,1,1.0,1,1.0,1,0.10414114369041673,35
2286,1,3049,1642,1407,0,0,0,1.0,1,1.0,1,1.0,1,0.0889876161447488,34
2287,1,3050,1643,1407,0,0,0,1.0,1,1.0,1,1.0,1,0.10228875556785864,35
2288,0,3050,1643,1407,0,0,0,1.0,1,1.0,1,1.0,1,0.06451169129156614,35
2289,2,3052,1645,1407,0,0,0,1.0,1,1.0,1,1.0,1,0.13282376537538385,37
2290,0,3052,1645,1407,0,0,0,1.0,1,1.0,1,1.0,1,0.12042998021369798,37
2291,2,3054,1647,1407,0,0,0,1.0,1,1.0,1,1.0,1,0.15059355490178453,35
2292,0,3054,1647,1407,0,0,0,1.0,1,1.0,1,1.0,1,0.1565893575331163,35
2293,1,3055,1648,1407,0,0,0,1.0,1,1.0,1,1.0,1,0.17181770966003065,34
2294,1,3056,1648,1408,0,0,0,1.0,1,1.0,1,1.0,1,0.12126270467186014,33
2295,0,3056,1648,1408,0,0,0,1.0,1,1.0,1,1.0,1,0.11220799290125844,34
2296,2,3058,1649,1409,0,0,0,1.0,1,1.0,1,1.0,1,0.0591773295667017,33
2297,0,3058,1649,1409,0,0,0,1.0,1,1.0,1,1.0,1,0.08473471183984521,32
2298,3,3061,1651,1410,0,0,0,1.0,1,1.0,1,1.0,1,0.12947750379467535,32
2299,0,3061,1651,1410,0,0,0,1.0,1,1.0,1,1.0,1,0.10589266122929589,33
2300,2,3063,1653,1410,0,0,0,1.0,1,1.0,1,1.0,1,0.11838845417505235,33
2301,1,3064,1654,1410,0,0,0,1.0,1,1.0,1,1.0,1,0.1384889327057828,33
2302,2,3066,1656,1410,0,0,0,1.0,1,1.0,1,1.0,1,0.19138900012202523,34
2303,2,3068,1658,1410,0,0,0,1.0,1,1.0,1,1.0,1,0.22216028727945833,34
2304,1,3069,1658,1411,0,0,0,1.0,1,1.0,1,1.0,1,0.1744789609391058,33
2305,2,3071,1659,1412,0,0,0,1.0,1,1.0,1,1.0,1,0.16435199010654092,33
2306,4,3075,1662,1413,0,0,0,1.0,1,1.0,1,1.0,1,0.2348077577653693,33
2307,0,3075,1662,1413,0,0,0,1.0,1,1.0,1,1.0,1,0.21642106191513014,35
2308,2,3077,1664,1413,0,0,0,1.0,1,1.0,1,1.0,1,0.23704913697950905,34
2309,3,3080,1666,1414,0,0,0,1.0,1,1.0,1,1.0,1,0.18795144052997997,34
2310,2,3082,1667,1415,0,0,0,1.0,1,1.0,1,1.0,1,0.1743141183938018,34
2311,0,3082,1667,1415,0,0,0,1.0,1,1.0,1,1.0,1,0.14429324533598992,35
2312,1,3083,1668,1415,0,0,0,1.0,1,1.0,1,1.0,1,0.13649255728509668,34
2313,0,3083,1668,1415,0,0,0,1.0,1,1.0,1,1.0,1,0.08340943012172744,35
2314,1,3084,1669,1415,0,0,0,1.0,1,1.0,1,1.0,1,0.12782080233719686,35
2315,0,3084,1669,1415,0,0,0,1.0,1,1.0,1,1.0,1,0.14788981041194244,34
2316,1,3085,1669,1416,0,0,0,1.0,1,1.0,1,1.0,1,0.1088645019383864,35
2317,2,3087,1670,1417,0,0,0,1.0,1,1.0,1,1.0,1,0.11382505060002845,32
2318,0,3087,1670,1417,0,0,0,1.0,1,1.0,1,1.0,1,0.11382505060002845,32
2319,1,3088,1671,1417,0,0,0,1.0,1,1.0,1,1.0,1,0.13314565562935055,32
2320,0,3088,1671,1417,0,0,0,1.0,1,1.0,1,1.0,1,0.13590625730430253,32
2321,1,3089,1671,1418,0,0,0,1.0,1,1.0,1,1.0,1,0.10248299954939517,33
2322,0,3089,1671,1418,0,0,0,1.0,1,1.0,1,1.0,1,0.10248299954939517,33
2323,0,3089,1671,1418,0,0,0,1.0,1,1.0,1,1.0,1,0.10248299954939517,33
2324,0,3089,1671,1418,0,0,0,1.0,1,1.0,1,1.0,1,0.10693533035803172,34
2325,0,3089,1671,1418,0,0,0,1.0,1,1.0,1,1.0,1,0.09776678608214218,35
2326,0,3089,1671,1418,0,0,0,1.0,1,1.0,1,1.0,1,0.09776678608214218,35
2327,0,3089,1671,1418,0,0,0,1.0,1,1.0,1,1.0,1,0.11888242952580556,36
2328,0,3089,1671,1418,0,0,0,1.0,1,1.0,1,1.0,1,0.12329157487217733,37
2329,0,3089,1671,1418,0,0,0,1.0,1,1.0,1,1.0,1,0.1032898357405673,37
2330,0,3089,1671,1418,0,0,0,1.0,1,1.0,1,1.0,1,0.10337058594231811,38
2331,0,3089,1671,1418,0,0,0,1.0,1,1.0,1,1.0,1,0.103220207956776,40
2332,0,3089,1671,1418,0,0,0,1.0,1,1.0,1,1.0,1,0.103220207956776,40
2333,1,3090,1672,1418,0,0,0,1.0,1,1.0,1,1.0,1,0.1204702928026918,41
2334,0,3090,1672,1418,0,0,0,1.0,1,1.0,1,1.0,1,0.1204702928026918,41
2335,0,3090,1672,1418,0,0,0,1.0,1,1.0,1,1.0,1,0.1204702928026918,41
2336,1,3091,1672,1419,0,0,0,1.0,1,1.0,1,1.0,1,0.09091961886995034,41
2337,1,3092,1672,1420,0,0,0,1.0,1,1.0,1,1.0,1,0.06982019729023069,42
2338,5,3097,1675,1422,0,0,0,1.0,1,1.0,1,1.0,1,0.09492182019766479,43
2339,2,3099,1675,1424,0,0,0,1.0,1,1.0,1,1.0,1,0.0644926312881411,43
2340,3,3102,1677,1425,0,0,0,1.0,1,1.0,1,1.0,1,0.07739213079785379,45
2341,0,3102,1677,1425,0,0,0,1.0,1,1.0,1,1.0,1,0.06995680278360566,45
2342,4,3106,1679,1427,0,0,0,1.0,1,1.0,1,1.0,1,0.0962340024940915,46
2343,0,3106,1679,1427,0,0,0,1.0,1,1.0,1,1.0,1,0.0846510619450002,45
2344,3,3109,1681,1428,0,0,0,1.0,1,1.0,1,1.0,1,0.11370995257627113,44
2345,2,3111,1682,1429,0,0,0,1.0,1,1.0,1,1.0,1,0.13503024148474627,44
2346,1,3112,1682,1430,0,0,0,1.0,1,1.0,1,1.0,1,0.12675202830873927,44
2347,3,3115,1683,1432,0,0,0,1.0,1,1.0,1,1.0,1,0.09938084070307103,44
2348,1,3116,1683,1433,0,0,0,1.0,1,1.0,1,1.0,1,0.08284441087920509,45
2349,0,3116,1683,1433,0,0,0,1.0,1,1.0,1,1.0,1,0.0914301252541718,46
2350,2,3118,1684,1434,0,0,0,1.0,1,1.0,1,1.0,1,0.10191900634418373,47
2351,1,3119,1684,1435,0,0,0,1.0,1,1.0,1,1.0,1,0.09378743310775339,47
2352,0,3119,1684,1435,0,0,0,1.0,1,1.0,1,1.0,1,0.09378743310775339,47
2353,1,3120,1685,1435,0,0,0,1.0,1,1.0,1,1.0,1,0.12877017544062633,46
2354,2,3122,1687,1435,0,0,0,1.0,1,1.0,1,1.0,1,0.12889358202868062,47
2355,0,3122,1687,1435,0,0,0,1.0,1,1.0,1,1.0,1,0.12889358202868062,47
2356,3,3125,1689,1436,0,0,0,1.0,1,1.0,1,1.0,1,0.11382459923009937,47
2357,2,3127,1690,1437,0,0,0,1.0,1,1.0,1,1.0,1,0.11123237995638385,47
2358,1,3128,1690,1438,0,0,0,1.0,1,1.0,1,1.0,1,0.07870276782842538,48
2359,1,3129,1690,1439,0,0,0,1.0,1,1.0,1,1.0,1,0.06203432039573574,49
2360,1,3130,1691,1439,0,0,0,1.0,1,1.0,1,1.0,1,0.0731315357018503,49
2361,1,3131,1691,1440,0,0,0,1.0,1,1.0,1,1.0,1,0.0346891545129251,50
2362,0,3131,1691,1440,0,0,0,1.0,1,1.0,1,1.0,1,0.026992356772786146,51
2363,0,3131,1691,1440,0,0,0,1.0,1,1.0,1,1.0,1,0.026992356772786146,51
2364,1,3132,1692,1440,0,0,0,1.0,1,1.0,1,1.0,1,0.03722385467321843,52
2365,2,3134,1694,1440,0,0,0,1.0,1,1.0,1,1.0,1,0.043985775580832706,53
2366,3,3137,1696,1441,0,0,0,1.0,1,1.0,1,1.0,1,0.05315184631589884,54
2367,3,3140,1699,1441,0,0,0,1.0,1,1.0,1,1.0,1,0.06931187603148908,52
2368,3,3143,1702,1441,0,0,0,1.0,1,1.0,1,1.0,1,0.10560499815798956,51
2369,2,3145,1704,1441,0,0,0,1.0,1,1.0,1,1.0,1,0.11981798887304958,51
2370,4,3149,1708,1441,0,0,0,1.0,1,1.0,1,1.0,1,0.14262284363405803,52
2371,7,3156,1711,1445,0,0,0,1.0,1,1.0,1,1.0,1,0.10471478276352994,52
2372,1,3157,1712,1445,0,0,0,1.0,1,1.0,1,1.0,1,0.1291027438255984,49
2373,1,3158,1713,1445,0,0,0,1.0,1,1.0,1,1.0,1,0.12795733275896626,47
2374,0,3158,1713,1445,0,0,0,1.0,1,1.0,1,1.0,1,0.10998808385018931,45
2375,0,3158,1713,1445,0,0,0,1.0,1,1.0,1,1.0,1,0.07594864615774699,45
2376,0,3158,1713,1445,0,0,0,1.0,1,1.0,1,1.0,1,0.07726867720751263,43
2377,2,3160,1715,1445,0,0,0,1.0,1,1.0,1,1.0,1,0.07651119886298076,44
2378,2,3162,1717,1445,0,0,0,1.0,1,1.0,1,1.0,1,0.09949025344675388,43
2379,2,3164,1718,1446,0,0,0,1.0,1,1.0,1,1.0,1,0.10292578727215106,43
2380,1,3165,1719,1446,0,0,0,1.0,1,1.0,1,1.0,1,0.07434971115927004,43
2381,3,3168,1722,1446,0,0,0,1.0,1,1.0,1,1.0,1,0.06750122423361735,44
2382,1,3169,1722,1447,0,0,0,1.0,1,1.0,1,1.0,1,0.04383449915282672,44
2383,2,3171,1724,1447,0,0,0,1.0,1,1.0,1,1.0,1,0.04305291612744815,45
2384,2,3173,1725,1448,0,0,0,1.0,1,1.0,1,1.0,1,0.05146935821380219,45
2385,2,3175,1726,1449,0,0,0,1.0,1,1.0,1,1.0,1,0.051908444791822834,45
2386,2,3177,1728,1449,0,0,0,1.0,1,1.0,1,1.0,1,0.03993567920440178,46
2387,1,3178,1729,1449,0,0,0,1.0,1,1.0,1,1.0,1,0.05528790809546943,44
2388,1,3179,1730,1449,0,0,0,1.0,1,1.0,1,1.0,1,0.03869636904365685,44
2389,1,3180,1731,1449,0,0,0,1.0,1,1.0,1,1.0,1,0.07270027670698256,43
2390,2,3182,1733,1449,0,0,0,1.0,1,1.0,1,1.0,1,0.07663905625027637,44
2391,1,3183,1734,1449,0,0,0,1.0,1,1.0,1,1.0,1,0.06493567677026221,43
2392,2,3185,1735,1450,0,0,0,1.0,1,1.0,1,1.0,1,0.08478805880756453,44
2393,2,3187,1737,1450,0,0,0,1.0,1,1.0,1,1.0,1,0.1384481355511018,45
2394,1,3188,1737,1451,0,0,0,1.0,1,1.0,1,1.0,1,0.15490222126297712,44
2395,1,3189,1738,1451,0,0,0,1.0,1,1.0,1,1.0,1,0.19328116940590673,44
2396,5,3194,1739,1455,0,0,0,1.0,1,1.0,1,1.0,1,0.17987805647444796,45
2397,1,3195,1739,1456,0,0,0,1.0,1,1.0,1,1.0,1,0.19352837894054334,44
2398,2,3197,1740,1457,0,0,0,1.0,1,1.0,1,1.0,1,0.21695180132025943,44
2399,1,3198,1740,1458,0,0,0,1.0,1,1.0,1,1.0,1,0.21044159280931377,45
2400,1,3199,1740,1459,0,0,0,1.0,1,1.0,1,1.0,1,0.19072839038850903,45
2401,3,3202,1740,1462,0,0,0,1.0,1,1.0,1,1.0,1,0.1538357909621785,46
2402,1,3203,1740,1463,0,0,0,1.0,1,1.0,1,1.0,1,0.11413028176137666,47
2403,1,3204,1740,1464,0,0,0,1.0,1,1.0,1,1.0,1,0.09823427416867962,48
2404,3,3207,1743,1464,0,0,0,1.0,1,1.0,1,1.0,1,0.10989815055616514,47
2405,0,3207,1743,1464,0,0,0,1.0,1,1.0,1,1.0,1,0.09005853201083436,45
2406,0,3207,1743,1464,0,0,0,1.0,1,1.0,1,1.0,1,0.09005853201083436,45
2407,2,3209,1745,1464,0,0,0,1.0,1,1.0,1,1.0,1,0.06912172957017083,42
2408,1,3210,1746,1464,0,0,0,1.0,1,1.0,1,1.0,1,0.05859428290312703,41
2409,3,3213,1749,1464,0,0,0,1.0,1,1.0,1,1.0,1,0.07946718342623445,41
2410,2,3215,1750,1465,0,0,0,1.0,1,1.0,1,1.0,1,0.05834762308998068,40
2411,2,3217,1752,1465,0,0,0,1.0,1,1.0,1,1.0,1,0.0587203980765369,40
2412,2,3219,1754,1465,0,0,0,1.0,1,1.0,1,1.0,1,0.05450635671618481,38
2413,2,3221,1756,1465,0,0,0,1.0,1,1.0,1,1.0,1,0.13000292303969943,38
2414,2,3223,1758,1465,0,0,0,1.0,1,1.0,1,1.0,1,0.16399880677403805,36
2415,2,3225,1759,1466,0,0,0,1.0,1,1.0,1,1.0,1,0.20788671775049064,36
2416,3,3228,1759,1469,0,0,0,1.0,1,1.0,1,1.0,1,0.1217668353573802,35
2417,0,3228,1759,1469,0,0,0,1.0,1,1.0,1,1.0,1,0.2001884384854988,33
2418,0,3228,1759,1469,0,0,0,1.0,1,1.0,1,1.0,1,0.2001884384854988,33
2419,2,3230,1759,1471,0,0,0,1.0,1,1.0,1,1.0,1,0.1993470723645642,33
2420,1,3231,1760,1471,0,0,0,1.0,1,1.0,1,1.0,1,0.11586348338069163,34
2421,1,3232,1760,1472,0,0,0,1.0,1,1.0,1,1.0,1,0.10634510318175973,34
2422,3,3235,1762,1473,0,0,0,1.0,1,1.0,1,1.0,1,0.03964435300145493,35
2423,1,3236,1763,1473,0,0,0,1.0,1,1.0,1,1.0,1,0.04186105461043809,36
2424,1,3237,1764,1473,0,0,0,1.0,1,1.0,1,1.0,1,0.04935495918530391,35
2425,4,3241,1767,1474,0,0,0,1.0,1,1.0,1,1.0,1,0.12168043422265092,33
2426,1,3242,1767,1475,0,0,0,1.0,1,1.0,1,1.0,1,0.1173705338510419,34
2427,0,3242,1767,1475,0,0,0,1.0,1,1.0,1,1.0,1,0.12203382938350119,34
2428,0,3242,1767,1475,0,0,0,1.0,1,1.0,1,1.0,1,0.12203382938350119,34
2429,1,3243,1768,1475,0,0,0,1.0,1,1.0,1,1.0,1,0.17823247956200552,34
2430,0,3243,1768,1475,0,0,0,1.0,1,1.0,1,1.0,1,0.21199599906321742,33
2431,2,3245,1769,1476,0,0,0,1.0,1,1.0,1,1.0,1,0.18647847297852627,33
2432,1,3246,1769,1477,0,0,0,1.0,1,1.0,1,1.0,1,0.20230750600605052,33
2433,3,3249,1771,1478,0,0,0,1.0,1,1.0,1,1.0,1,0.18799020032168656,34
2434,0,3249,1771,1478,0,0,0,1.0,1,1.0,1,1.0,1,0.18799020032168656,34
2435,2,3251,1772,1479,0,0,0,1.0,1,1.0,1,1.0,1,0.1973915574866611,34
2436,3,3254,1773,1481,0,0,0,1.0,1,1.0,1,1.0,1,0.14564552717119605,33
2437,1,3255,1774,1481,0,0,0,1.0,1,1.0,1,1.0,1,0.16069926618870423,33
2438,0,3255,1774,1481,0,0,0,1.0,1,1.0,1,1.0,1,0.14581058770801025,34
2439,1,3256,1774,1482,0,0,0,1.0,1,1.0,1,1.0,1,0.11829488251737373,35
2440,1,3257,1774,1483,0,0,0,1.0,1,1.0,1,1.0,1,0.09291753160587174,35
2441,1,3258,1775,1483,0,0,0,1.0,1,1.0,1,1.0,1,0.12475438747843977,35
2442,0,3258,1775,1483,0,0,0,1.0,1,1.0,1,1.0,1,0.10765639219209343,35
2443,3,3261,1778,1483,0,0,0,1.0,1,1.0,1,1.0,1,0.20386137622404593,35
2444,2,3263,1779,1484,0,0,0,1.0,1,1.0,1,1.0,1,0.21045359637736716,34
2445,2,3265,1780,1485,0,0,0,1.0,1,1.0,1,1.0,1,0.23395646279314736,33
2446,5,3270,1780,1490,0,0,0,1.0,1,1.0,1,1.0,1,0.13244242435116302,30
2447,0,3270,1780,1490,0,0,0,1.0,1,1.0,1,1.0,1,0.10956024847753609,29
2448,1,3271,1781,1490,0,0,0,1.0,1,1.0,1,1.0,1,0.07946905583349438,27
2449,0,3271,1781,1490,0,0,0,1.0,1,1.0,1,1.0,1,0.08810464741965315,26
2450,1,3272,1782,1490,0,0,0,1.0,1,1.0,1,1.0,1,0.12079633179088932,28
2451,0,3272,1782,1490,0,0,0,1.0,1,1.0,1,1.0,1,0.12079633179088932,28
2452,1,3273,1783,1490,0,0,0,1.0,1,1.0,1,1.0,1,0.11377494604007947,29
2453,1,3274,1784,1490,0,0,0,1.0,1,1.0,1,1.0,1,0.11654178100466307,30
2454,4,3278,1786,1492,0,0,0,1.0,1,1.0,1,1.0,1,0.05301244183836974,32
2455,2,3280,1787,1493,0,0,0,1.0,1,1.0,1,1.0,1,0.05281765177456951,33
2456,2,3282,1789,1493,0,0,0,1.0,1,1.0,1,1.0,1,0.08756465835905655,34
2457,2,3284,1790,1494,0,0,0,1.0,1,1.0,1,1.0,1,0.09625322972794165,34
2458,0,3284,1790,1494,0,0,0,1.0,1,1.0,1,1.0,1,0.10464306165306857,36
2459,0,3284,1790,1494,0,0,0,1.0,1,1.0,1,1.0,1,0.10464306165306857,36
2460,1,3285,1791,1494,0,0,0,1.0,1,1.0,1,1.0,1,0.12313824190528687,37
2461,3,3288,1793,1495,0,0,0,1.0,1,1.0,1,1.0,1,0.11466822886027425,37
2462,2,3290,1795,1495,0,0,0,1.0,1,1.0,1,1.0,1,0.16608457671603752,38
2463,0,3290,1795,1495,0,0,0,1.0,1,1.0,1,1.0,1,0.14798091938828573,38
2464,2,3292,1796,1496,0,0,0,1.0,1,1.0,1,1.0,1,0.10583735375559608,37
2465,1,3293,1797,1496,0,0,0,1.0,1,1.0,1,1.0,1,0.11851065266288587,36
2466,3,3296,1798,1498,0,0,0,1.0,1,1.0,1,1.0,1,0.07100893143210153,36
2467,0,3296,1798,1498,0,0,0,1.0,1,1.0,1,1.0,1,0.10142565254861562,34
2468,1,3297,1799,1498,0,0,0,1.0,1,1.0,1,1.0,1,0.14667562055410593,33
2469,1,3298,1800,1498,0,0,0,1.0,1,1.0,1,1.0,1,0.15553439008204437,32
2470,0,3298,1800,1498,0,0,0,1.0,1,1.0,1,1.0,1,0.1386769065636201,33
2471,2,3300,1800,1500,0,0,0,1.0,1,1.0,1,1.0,1,0.11547247893011453,31
2472,0,3300,1800,1500,0,0,0,1.0,1,1.0,1,1.0,1,0.12572131355683122,32
2473,1,3301,1801,1500,0,0,0,1.0,1,1.0,1,1.0,1,0.13815517935338437,31
2474,2,3303,1802,1501,0,0,0,1.0,1,1.0,1,1.0,1,0.12811836657949352,33
2475,4,3307,1803,1504,0,0,0,1.0,1,1.0,1,1.0,1,0.16105873698197237,33
2476,2,3309,1804,1505,0,0,0,1.0,1,1.0,1,1.0,1,0.20103139556813174,33
2477,1,3310,1805,1505,0,0,0,1.0,1,1.0,1,1.0,1,0.23206881230761944,33
2478,0,3310,1805,1505,0,0,0,1.0,1,1.0,1,1.0,1,0.23206881230761944,33
2479,2,3312,1807,1505,0,0,0,1.0,1,1.0,1,1.0,1,0.2630324477730071,33
2480,2,3314,1808,1506,0,0,0,1.0,1,1.0,1,1.0,1,0.22954112640102037,34
2481,5,3319,1811,1508,0,0,0,1.0,1,1.0,1,1.0,1,0.16376177336751013,33
2482,2,3321,1812,1509,0,0,0,1.0,1,1.0,1,1.0,1,0.12104690847716164,34
2483,0,3321,1812,1509,0,0,0,1.0,1,1.0,1,1.0,1,0.10209614908425885,33
2484,1,3322,1813,1509,0,0,0,1.0,1,1.0,1,1.0,1,0.08912534459911384,32
2485,1,3323,1814,1509,0,0,0,1.0,1,1.0,1,1.0,1,0.047167042379193114,31
2486,2,3325,1816,1509,0,0,0,1.0,1,1.0,1,1.0,1,0.07743083825538287,29
2487,0,3325,1816,1509,0,0,0,1.0,1,1.0,1,1.0,1,0.07743083825538287,29
2488,2,3327,1818,1509,0,0,0,1.0,1,1.0,1,1.0,1,0.09844775860266343,30
2489,1,3328,1819,1509,0,0,0,1.0,1,1.0,1,1.0,1,0.034099109329234434,29
2490,0,3328,1819,1509,0,0,0,1.0,1,1.0,1,1.0,1,0.03693016516661174,30
2491,1,3329,1820,1509,0,0,0,1.0,1,1.0,1,1.0,1,0.039134617022590794,30
2492,0,3329,1820,1509,0,0,0,1.0,1,1.0,1,1.0,1,0.06830326813575553,29
2493,0,3329,1820,1509,0,0,0,1.0,1,1.0,1,1.0,1,0.06830326813575553,29
2494,1,3330,1821,1509,0,0,0,1.0,1,1.0,1,1.0,1,0.04022451165486219,28
2495,0,3330,1821,1509,0,0,0,1.0,1,1.0,1,1.0,1,0.029828215055073035,29
2496,0,3330,1821,1509,0,0,0,1.0,1,1.0,1,1.0,1,0.033076848155265896,28
2497,0,3330,1821,1509,0,0,0,1.0,1,1.0,1,1.0,1,0.05878164335871114,28
2498,0,3330,1821,1509,0,0,0,1.0,1,1.0,1,1.0,1,0.08478437870983369,29
2499,0,3330,1821,1509,0,0,0,1.0,1,1.0,1,1.0,1,0.09087058911231093,30
2500,1,3331,1822,1509,0,0,0,1.0,1,1.0,1,1.0,1,0.09923730334986529,29
2501,4,3335,1825,1510,0,0,0,1.0,1,1.0,1,1.0,1,0.05746010598457203,33
2502,1,3336,1826,1510,0,0,0,1.0,1,1.0,1,1.0,1,0.07159299729106468,33
2503,2,3338,1828,1510,0,0,0,1.0,1,1.0,1,1.0,1,0.09668757514734316,31
2504,2,3340,1830,1510,0,0,0,1.0,1,1.0,1,1.0,1,0.0671418377733161,31
2505,2,3342,1832,1510,0,0,0,1.0,1,1.0,1,1.0,1,0.040050598006908585,32
2506,2,3344,1834,1510,0,0,0,1.0,1,1.0,1,1.0,1,0.10099991900342248,31
2507,3,3347,1837,1510,0,0,0,1.0,1,1.0,1,1.0,1,0.1868321489676863,29
2508,3,3350,1839,1511,0,0,0,1.0,1,1.0,1,1.0,1,0.1553485531048425,31
2509,1,3351,1839,1512,0,0,0,1.0,1,1.0,1,1.0,1,0.13611248195626313,30
2510,0,3351,1839,1512,0,0,0,1.0,1,1.0,1,1.0,1,0.17666795018847936,31
2511,2,3353,1840,1513,0,0,0,1.0,1,1.0,1,1.0,1,0.09060297901543414,32
2512,3,3356,1842,1514,0,0,0,1.0,1,1.0,1,1.0,1,0.09305695066669617,32
2513,1,3357,1843,1514,0,0,0,1.0,1,1.0,1,1.0,1,0.07782078499960435,34
2514,2,3359,1844,1515,0,0,0,1.0,1,1.0,1,1.0,1,0.059203131638981527,35
2515,0,3359,1844,1515,0,0,0,1.0,1,1.0,1,1.0,1,0.059203131638981527,35
2516,1,3360,1845,1515,0,0,0,1.0,1,1.0,1,1.0,1,0.16250848986426258,34
2517,5,3365,1846,1519,0,0,0,1.0,1,1.0,1,1.0,1,0.09478115658634464,34
2518,1,3366,1847,1519,0,0,0,1.0,1,1.0,1,1.0,1,0.134600633928313,33
2519,0,3366,1847,1519,0,0,0,1.0,1,1.0,1,1.0,1,0.10201027779303627,32
2520,1,3367,1848,1519,0,0,0,1.0,1,1.0,1,1.0,1,0.07971269165883062,31
2521,1,3368,1849,1519,0,0,0,1.0,1,1.0,1,1.0,1,0.07628159874934914,31
2522,0,3368,1849,1519,0,0,0,1.0,1,1.0,1,1.0,1,0.043125921033748967,30
2523,0,3368,1849,1519,0,0,0,1.0,1,1.0,1,1.0,1,0.06457265667452859,30
2524,1,3369,1849,1520,0,0,0,1.0,1,1.0,1,1.0,1,0.10052011099792726,29
2525,0,3369,1849,1520,0,0,0,1.0,1,1.0,1,1.0,1,0.10052011099792726,29
2526,0,3369,1849,1520,0,0,0,1.0,1,1.0,1,1.0,1,0.13728913715923458,27
2527,0,3369,1849,1520,0,0,0,1.0,1,1.0,1,1.0,1,0.12121489697875974,28
2528,0,3369,1849,1520,0,0,0,1.0,1,1.0,1,1.0,1,0.12121489697875974,28
2529,0,3369,1849,1520,0,0,0,1.0,1,1.0,1,1.0,1,0.12121489697875974,28
2530,1,3370,1849,1521,0,0,0,1.0,1,1.0,1,1.0,1,0.08298130962738211,29
2531,0,3370,1849,1521,0,0,0,1.0,1,1.0,1,1.0,1,0.08886070146072751,30
2532,0,3370,1849,1521,0,0,0,1.0,1,1.0,1,1.0,1,0.08051611269840994,31
2533,1,3371,1850,1521,0,0,0,1.0,1,1.0,1,1.0,1,0.12090996731964715,31
2534,0,3371,1850,1521,0,0,0,1.0,1,1.0,1,1.0,1,0.12090996731964715,31
2535,1,3372,1851,1521,0,0,0,1.0,1,1.0,1,1.0,1,0.14841005131053042,31
2536,1,3373,1851,1522,0,0,0,1.0,1,1.0,1,1.0,1,0.16233152963206496,32
2537,3,3376,1853,1523,0,0,0,1.0,1,1.0,1,1.0,1,0.12732548699905658,33
2538,0,3376,1853,1523,0,0,0,1.0,1,1.0,1,1.0,1,0.12164387106483458,35
2539,2,3378,1855,1523,0,0,0,1.0,1,1.0,1,1.0,1,0.15293863709709551,37
2540,7,3385,1859,1526,0,0,0,1.0,1,1.0,1,1.0,1,0.1600049371609664,38
2541,0,3385,1859,1526,0,0,0,1.0,1,1.0,1,1.0,1,0.15143880609513302,39
2542,3,3388,1862,1526,0,0,0,1.0,1,1.0,1,1.0,1,0.1987698504114088,38
2543,2,3390,1864,1526,0,0,0,1.0,1,1.0,1,1.0,1,0.179597751340392,41
2544,1,3391,1865,1526,0,0,0,1.0,1,1.0,1,1.0,1,0.16648279533138532,39
2545,1,3392,1866,1526,0,0,0,1.0,1,1.0,1,1.0,1,0.196475271632427,40
2546,1,3393,1867,1526,0,0,0,1.0,1,1.0,1,1.0,1,0.17352886073866058,38
2547,3,3396,1870,1526,0,0,0,1.0,1,1.0,1,1.0,1,0.16413852779077404,38
2548,0,3396,1870,1526,0,0,0,1.0,1,1.0,1,1.0,1,0.1441280650490825,35
2549,0,3396,1870,1526,0,0,0,1.0,1,1.0,1,1.0,1,0.1315037844999947,35
2550,0,3396,1870,1526,0,0,0,1.0,1,1.0,1,1.0,1,0.13444710234582258,33
2551,1,3397,1871,1526,0,0,0,1.0,1,1.0,1,1.0,1,0.1930622171648777,31
2552,0,3397,1871,1526,0,0,0,1.0,1,1.0,1,1.0,1,0.20084654989971032,30
2553,1,3398,1872,1526,0,0,0,1.0,1,1.0,1,1.0,1,0.23718506834716704,30
2554,0,3398,1872,1526,0,0,0,1.0,1,1.0,1,1.0,1,0.22452782321145887,32
2555,0,3398,1872,1526,0,0,0,1.0,1,1.0,1,1.0,1,0.25640831757411225,32
2556,2,3400,1874,1526,0,0,0,1.0,1,1.0,1,1.0,1,0.20766583614205536,32
2557,1,3401,1875,1526,0,0,0,1.0,1,1.0,1,1.0,1,0.20778737403151906,30
2558,0,3401,1875,1526,0,0,0,1.0,1,1.0,1,1.0,1,0.17170207553857939,31
2559,0,3401,1875,1526,0,0,0,1.0,1,1.0,1,1.0,1,0.1595474999675855,30
2560,0,3401,1875,1526,0,0,0,1.0,1,1.0,1,1.0,1,0.1595474999675855,30
2561,0,3401,1875,1526,0,0,0,1.0,1,1.0,1,1.0,1,0.1595474999675855,30
2562,0,3401,1875,1526,0,0,0,1.0,1,1.0,1,1.0,1,0.16646281755435033,33
2563,0,3401,1875,1526,0,0,0,1.0,1,1.0,1,1.0,1,0.16646281755435033,33
2564,0,3401,1875,1526,0,0,0,1.0,1,1.0,1,1.0,1,0.16646281755435033,33
2565,1,3402,1876,1526,0,0,0,1.0,1,1.0,1,1.0,1,0.14100361077970172,33
2566,1,3403,1877,1526,0,0,0,1.0,1,1.0,1,1.0,1,0.14074670059277647,35
2567,2,3405,1879,1526,0,0,0,1.0,1,1.0,1,1.0,1,0.16460750718361275,36
2568,2,3407,1880,1527,0,0,0,1.0,1,1.0,1,1.0,1,0.1858120066218728,37
2569,0,3407,1880,1527,0,0,0,1.0,1,1.0,1,1.0,1,0.1858120066218728,37
2570,0,3407,1880,1527,0,0,0,1.0,1,1.0,1,1.0,1,0.19714952747264086,37
2571,0,3407,1880,1527,0,0,0,1.0,1,1.0,1,1.0,1,0.19714952747264086,37
2572,0,3407,1880,1527,0,0,0,1.0,1,1.0,1,1.0,1,0.17665533703049527,39
2573,0,3407,1880,1527,0,0,0,1.0,1,1.0,1,1.0,1,0.17665533703049527,39
2574,0,3407,1880,1527,0,0,0,1.0,1,1.0,1,1.0,1,0.1747157693032323,38
2575,0,3407,1880,1527,0,0,0,1.0,1,1.0,1,1.0,1,0.1747157693032323,38
2576,0,3407,1880,1527,0,0,0,1.0,1,1.0,1,1.0,1,0.20317421156107257,37
2577,1,3408,1881,1527,0,0,0,1.0,1,1.0,1,1.0,1,0.21699654663107437,39
2578,4,3412,1883,1529,0,0,0,1.0,1,1.0,1,1.0,1,0.22874415259953712,40
2579,1,3413,1883,1530,0,0,0,1.0,1,1.0,1,1.0,1,0.19812367225523647,41
2580,3,3416,1884,1532,0,0,0,1.0,1,1.0,1,1.0,1,0.16638330730014808,42
2581,2,3418,1884,1534,0,0,0,1.0,1,1.0,1,1.0,1,0.11153904723466976,43
2582,2,3420,1884,1536,0,0,0,1.0,1,1.0,1,1.0,1,0.05868263513630504,43
2583,3,3423,1885,1538,0,0,0,1.0,1,1.0,1,1.0,1,0.042171559814851635,43
2584,2,3425,1885,1540,0,0,0,1.0,1,1.0,1,1.0,1,0.01037059955232538,43
2585,1,3426,1885,1541,0,0,0,1.0,1,1.0,1,1.0,1,0.045396527903070125,44
2586,0,3426,1885,1541,0,0,0,1.0,1,1.0,1,1.0,1,0.036633282276205166,43
2587,4,3430,1889,1541,0,0,0,1.0,1,1.0,1,1.0,1,0.04770990423960437,44
2588,0,3430,1889,1541,0,0,0,1.0,1,1.0,1,1.0,1,0.04770990423960437,44
2589,2,3432,1891,1541,0,0,0,1.0,1,1.0,1,1.0,1,0.06136737603500026,44
2590,1,3433,1892,1541,0,0,0,1.0,1,1.0,1,1.0,1,0.028529669099489383,44
2591,1,3434,1893,1541,0,0,0,1.0,1,1.0,1,1.0,1,0.043799405504892724,44
2592,2,3436,1894,1542,0,0,0,1.0,1,1.0,1,1.0,1,0.0504788720234112,44
2593,3,3439,1896,1543,0,0,0,1.0,1,1.0,1,1.0,1,0.04020717382312392,43
2594,1,3440,1897,1543,0,0,0,1.0,1,1.0,1,1.0,1,0.048465650066571025,48
2595,1,3441,1898,1543,0,0,0,1.0,1,1.0,1,1.0,1,0.041546083065991044,45
2596,0,3441,1898,1543,0,0,0,1.0,1,1.0,1,1.0,1,0.05342396851885442,46
2597,1,3442,1899,1543,0,0,0,1.0,1,1.0,1,1.0,1,0.04252580447565828,45
2598,1,3443,1900,1543,0,0,0,1.0,1,1.0,1,1.0,1,0.06611965733831462,45
2599,2,3445,1902,1543,0,0,0,1.0,1,1.0,1,1.0,1,0.0912713659071143,45
2600,1,3446,1903,1543,0,0,0,1.0,1,1.0,1,1.0,1,0.07798198942376487,48
2601,2,3448,1903,1545,0,0,0,1.0,1,1.0,1,1.0,1,0.040161813106600254,47
2602,0,3448,1903,1545,0,0,0,1.0,1,1.0,1,1.0,1,0.034199465242152075,48
2603,0,3448,1903,1545,0,0,0,1.0,1,1.0,1,1.0,1,0.034199465242152075,48
2604,0,3448,1903,1545,0,0,0,1.0,1,1.0,1,1.0,1,0.032902161446207064,47
2605,0,3448,1903,1545,0,0,0,1.0,1,1.0,1,1.0,1,0.032902161446207064,47
2606,0,3448,1903,1545,0,0,0,1.0,1,1.0,1,1.0,1,0.01991087468434579,46
2607,0,3448,1903,1545,0,0,0,1.0,1,1.0,1,1.0,1,0.024926599493326974,45
2608,1,3449,1904,1545,0,0,0,1.0,1,1.0,1,1.0,1,0.018078142809869493,45
2609,1,3450,1905,1545,0,0,0,1.0,1,1.0,1,1.0,1,0.038828102666754356,44
2610,2,3452,1907,1545,0,0,0,1.0,1,1.0,1,1.0,1,0.10537855460326725,45
2611,7,3459,1912,1547,0,0,0,1.0,1,1.0,1,1.0,1,0.11514706136141671,46
2612,2,3461,1914,1547,0,0,0,1.0,1,1.0,1,1.0,1,0.1261523141306599,47
2613,1,3462,1915,1547,0,0,0,1.0,1,1.0,1,1.0,1,0.15904906771568614,48
2614,2,3464,1917,1547,0,0,0,1.0,1,1.0,1,1.0,1,0.22283319078698482,48
2615,3,3467,1920,1547,0,0,0,1.0,1,1.0,1,1.0,1,0.20292256011159926,49
2616,4,3471,1920,1551,0,0,0,1.0,1,1.0,1,1.0,1,0.16179488371125778,49
2617,0,3471,1920,1551,0,0,0,1.0,1,1.0,1,1.0,1,0.14725528804310323,48
2618,0,3471,1920,1551,0,0,0,1.0,1,1.0,1,1.0,1,0.1546889742876749,47
2619,0,3471,1920,1551,0,0,0,1.0,1,1.0,1,1.0,1,0.13083616279633078,50
2620,3,3474,1923,1551,0,0,0,1.0,1,1.0,1,1.0,1,0.15853924708938763,51
2621,4,3478,1924,1554,0,0,0,1.0,1,1.0,1,1.0,1,0.13482161828746553,52
2622,2,3480,1926,1554,0,0,0,1.0,1,1.0,1,1.0,1,0.12978713958935897,52
2623,1,3481,1926,1555,0,0,0,1.0,1,1.0,1,1.0,1,0.11374482565345527,53
2624,1,3482,1927,1555,0,0,0,1.0,1,1.0,1,1.0,1,0.1405361602351711,51
2625,3,3485,1929,1556,0,0,0,1.0,1,1.0,1,1.0,1,0.1372950622005797,50
2626,3,3488,1929,1559,0,0,0,1.0,1,1.0,1,1.0,1,0.10465836932056223,49
2627,0,3488,1929,1559,0,0,0,1.0,1,1.0,1,1.0,1,0.12662017228631062,48
2628,2,3490,1930,1560,0,0,0,1.0,1,1.0,1,1.0,1,0.12922054960009388,48
2629,0,3490,1930,1560,0,0,0,1.0,1,1.0,1,1.0,1,0.12756052336809312,47
2630,0,3490,1930,1560,0,0,0,1.0,1,1.0,1,1.0,1,0.14306914200316143,47
2631,1,3491,1931,1560,0,0,0,1.0,1,1.0,1,1.0,1,0.1256891932175894,47
2632,0,3491,1931,1560,0,0,0,1.0,1,1.0,1,1.0,1,0.1400110414250889,47
2633,2,3493,1933,1560,0,0,0,1.0,1,1.0,1,1.0,1,0.14360928587057767,44
2634,0,3493,1933,1560,0,0,0,1.0,1,1.0,1,1.0,1,0.14357262827435896,44
2635,4,3497,1935,1562,0,0,0,1.0,1,1.0,1,1.0,1,0.10029623220436126,45
2636,4,3501,1938,1563,0,0,0,1.0,1,1.0,1,1.0,1,0.15251716925623665,40
2637,5,3506,1941,1565,0,0,0,1.0,1,1.0,1,1.0,1,0.09606735951466955,41
2638,3,3509,1944,1565,0,0,0,1.0,1,1.0,1,1.0,1,0.14473143687025716,38
2639,0,3509,1944,1565,0,0,0,1.0,1,1.0,1,1.0,1,0.15566120579561366,39
2640,2,3511,1946,1565,0,0,0,1.0,1,1.0,1,1.0,1,0.17598654470886096,38
2641,3,3514,1947,1567,0,0,0,1.0,1,1.0,1,1.0,1,0.1215622320018487,37
2642,2,3516,1949,1567,0,0,0,1.0,1,1.0,1,1.0,1,0.1468522843048628,38
2643,1,3517,1949,1568,0,0,0,1.0,1,1.0,1,1.0,1,0.08156790517758879,37
2644,2,3519,1951,1568,0,0,0,1.0,1,1.0,1,1.0,1,0.09821651824515276,36
2645,0,3519,1951,1568,0,0,0,1.0,1,1.0,1,1.0,1,0.07547051154665137,35
2646,1,3520,1952,1568,0,0,0,1.0,1,1.0,1,1.0,1,0.11065137068124566,35
2647,3,3523,1955,1568,0,0,0,1.0,1,1.0,1,1.0,1,0.11284590510795078,35
2648,0,3523,1955,1568,0,0,0,1.0,1,1.0,1,1.0,1,0.08456831286854152,36
2649,1,3524,1955,1569,0,0,0,1.0,1,1.0,1,1.0,1,0.060585327141862697,37
2650,2,3526,1957,1569,0,0,0,1.0,1,1.0,1,1.0,1,0.07277411031257366,39
2651,1,3527,1958,1569,0,0,0,1.0,1,1.0,1,1.0,1,0.06552236507804536,39
2652,0,3527,1958,1569,0,0,0,1.0,1,1.0,1,1.0,1,0.06552236507804536,39
2653,0,3527,1958,1569,0,0,0,1.0,1,1.0,1,1.0,1,0.06552236507804536,39
2654,0,3527,1958,1569,0,0,0,1.0,1,1.0,1,1.0,1,0.08449826203559654,40
2655,0,3527,1958,1569,0,0,0,1.0,1,1.0,1,1.0,1,0.08449826203559654,40
2656,2,3529,1960,1569,0,0,0,1.0,1,1.0,1,1.0,1,0.0695231142995982,39
2657,1,3530,1960,1570,0,0,0,1.0,1,1.0,1,1.0,1,0.0644355213428827,40
2658,0,3530,1960,1570,0,0,0,1.0,1,1.0,1,1.0,1,0.08012620606378393,41
2659,0,3530,1960,1570,0,0,0,1.0,1,1.0,1,1.0,1,0.08012620606378393,41
2660,2,3532,1962,1570,0,0,0,1.0,1,1.0,1,1.0,1,0.09396905692600695,40
2661,3,3535,1964,1571,0,0,0,1.0,1,1.0,1,1.0,1,0.09124652265369722,40
2662,3,3538,1965,1573,0,0,0,1.0,1,1.0,1,1.0,1,0.02942207586085877,42
2663,2,3540,1967,1573,0,0,0,1.0,1,1.0,1,1.0,1,0.051213954890767105,41
2664,1,3541,1968,1573,0,0,0,1.0,1,1.0,1,1.0,1,0.08758286016440377,42
2665,4,3545,1971,1574,0,0,0,1.0,1,1.0,1,1.0,1,0.132675747603296,43
2666,4,3549,1973,1576,0,0,0,1.0,1,1.0,1,1.0,1,0.09970626895486058,44
2667,1,3550,1974,1576,0,0,0,1.0,1,1.0,1,1.0,1,0.16889214805918457,42
2668,3,3553,1975,1578,0,0,0,1.0,1,1.0,1,1.0,1,0.15681146577396463,41
2669,1,3554,1975,1579,0,0,0,1.0,1,1.0,1,1.0,1,0.1426594987768033,42
2670,0,3554,1975,1579,0,0,0,1.0,1,1.0,1,1.0,1,0.1724095534741977,40
2671,3,3557,1976,1581,0,0,0,1.0,1,1.0,1,1.0,1,0.12480285446835303,39
2672,0,3557,1976,1581,0,0,0,1.0,1,1.0,1,1.0,1,0.12143370029151776,36
2673,2,3559,1978,1581,0,0,0,1.0,1,1.0,1,1.0,1,0.1236931568042413,35
2674,1,3560,1979,1581,0,0,0,1.0,1,1.0,1,1.0,1,0.12683599101647217,33
2675,3,3563,1981,1582,0,0,0,1.0,1,1.0,1,1.0,1,0.14230647195397325,34
2676,1,3564,1982,1582,0,0,0,1.0,1,1.0,1,1.0,1,0.07333185572342794,32
2677,4,3568,1985,1583,0,0,0,1.0,1,1.0,1,1.0,1,0.1474298558803803,33
2678,0,3568,1985,1583,0,0,0,1.0,1,1.0,1,1.0,1,0.1366667207018781,33
2679,2,3570,1987,1583,0,0,0,1.0,1,1.0,1,1.0,1,0.1528784724842605,32
2680,1,3571,1988,1583,0,0,0,1.0,1,1.0,1,1.0,1,0.11139023352333587,32
2681,0,3571,1988,1583,0,0,0,1.0,1,1.0,1,1.0,1,0.06310652610521279,32
2682,0,3571,1988,1583,0,0,0,1.0,1,1.0,1,1.0,1,0.030074824482201046,33
2683,0,3571,1988,1583,0,0,0,1.0,1,1.0,1,1.0,1,0.025301122924339853,32
2684,0,3571,1988,1583,0,0,0,1.0,1,1.0,1,1.0,1,0.01983311476707806,31
2685,0,3571,1988,1583,0,0,0,1.0,1,1.0,1,1.0,1,0.01983311476707806,31
2686,0,3571,1988,1583,0,0,0,1.0,1,1.0,1,1.0,1,0.0481697778118943,30
2687,0,3571,1988,1583,0,0,0,1.0,1,1.0,1,1.0,1,0.0481697778118943,30
2688,1,3572,1989,1583,0,0,0,1.0,1,1.0,1,1.0,1,0.07014195575591671,30
2689,2,3574,1991,1583,0,0,0,1.0,1,1.0,1,1.0,1,0.10441692375529064,31
2690,7,3581,1996,1585,0,0,0,1.0,1,1.0,1,1.0,1,0.12732443414517766,31
2691,2,3583,1997,1586,0,0,0,1.0,1,1.0,1,1.0,1,0.09346063409662378,32
2692,3,3586,1999,1587,0,0,0,1.0,1,1.0,1,1.0,1,0.13683008313645093,32
2693,1,3587,2000,1587,0,0,0,1.0,1,1.0,1,1.0,1,0.143871523076635,33
2694,1,3588,2000,1588,0,0,0,1.0,1,1.0,1,1.0,1,0.13398409732574476,34
2695,2,3590,2000,1590,0,0,0,1.0,1,1.0,1,1.0,1,0.11013016285036932,35
2696,2,3592,2000,1592,0,0,0,1.0,1,1.0,1,1.0,1,0.06241434731619269,35
2697,2,3594,2002,1592,0,0,0,1.0,1,1.0,1,1.0,1,0.08791298430880927,35
2698,1,3595,2002,1593,0,0,0,1.0,1,1.0,1,1.0,1,0.059688746479568684,36
2699,0,3595,2002,1593,0,0,0,1.0,1,1.0,1,1.0,1,0.10974054286718592,36
2700,0,3595,2002,1593,0,0,0,1.0,1,1.0,1,1.0,1,0.11239668261388552,37
2701,1,3596,2003,1593,0,0,0,1.0,1,1.0,1,1.0,1,0.09455827049439884,37
2702,2,3598,2005,1593,0,0,0,1.0,1,1.0,1,1.0,1,0.14152913219069138,37
2703,1,3599,2006,1593,0,0,0,1.0,1,1.0,1,1.0,1,0.11979279968675213,38
2704,2,3601,2007,1594,0,0,0,1.0,1,1.0,1,1.0,1,0.1357967412464019,37
2705,1,3602,2008,1594,0,0,0,1.0,1,1.0,1,1.0,1,0.14520013506856652,36
2706,5,3607,2010,1597,0,0,0,1.0,1,1.0,1,1.0,1,0.11090167209498948,36
2707,1,3608,2011,1597,0,0,0,1.0,1,1.0,1,1.0,1,0.14385171454388931,35
2708,1,3609,2012,1597,0,0,0,1.0,1,1.0,1,1.0,1,0.16886960026140158,36
2709,2,3611,2014,1597,0,0,0,1.0,1,1.0,1,1.0,1,0.19242800927485854,32
2710,1,3612,2015,1597,0,0,0,1.0,1,1.0,1,1.0,1,0.15427381884246635,29
2711,1,3613,2016,1597,0,0,0,1.0,1,1.0,1,1.0,1,0.08663370410887389,29
2712,0,3613,2016,1597,0,0,0,1.0,1,1.0,1,1.0,1,0.09930877913345347,28
2713,0,3613,2016,1597,0,0,0,1.0,1,1.0,1,1.0,1,0.08224429451850898,28
2714,1,3614,2017,1597,0,0,0,1.0,1,1.0,1,1.0,1,0.09544658935304433,26
2715,0,3614,2017,1597,0,0,0,1.0,1,1.0,1,1.0,1,0.11910068700499901,24
2716,1,3615,2018,1597,0,0,0,1.0,1,1.0,1,1.0,1,0.11135830845170147,24
2717,5,3620,2022,1598,0,0,0,1.0,1,1.0,1,1.0,1,0.1178058604995856,25
2718,1,3621,2023,1598,0,0,0,1.0,1,1.0,1,1.0,1,0.19432009597020952,25
2719,3,3624,2025,1599,0,0,0,1.0,1,1.0,1,1.0,1,0.20189018333549483,25
2720,4,3628,2027,1601,0,0,0,1.0,1,1.0,1,1.0,1,0.25939903579457785,25
2721,5,3633,2030,1603,0,0,0,1.0,1,1.0,1,1.0,1,0.17504185676122946,25
2722,2,3635,2031,1604,0,0,0,1.0,1,1.0,1,1.0,1,0.17766348678451094,26
2723,0,3635,2031,1604,0,0,0,1.0,1,1.0,1,1.0,1,0.17766348678451094,26
2724,1,3636,2032,1604,0,0,0,1.0,1,1.0,1,1.0,1,0.12168848306953364,27
2725,0,3636,2032,1604,0,0,0,1.0,1,1.0,1,1.0,1,0.10104657136290257,28
2726,0,3636,2032,1604,0,0,0,1.0,1,1.0,1,1.0,1,0.10104657136290257,28
2727,0,3636,2032,1604,0,0,0,1.0,1,1.0,1,1.0,1,0.10723087192365678,29
2728,1,3637,2032,1605,0,0,0,1.0,1,1.0,1,1.0,1,0.09140671448537074,29
2729,0,3637,2032,1605,0,0,0,1.0,1,1.0,1,1.0,1,0.10400889434519091,29
2730,1,3638,2033,1605,0,0,0,1.0,1,1.0,1,1.0,1,0.08896981033070357,29
2731,1,3639,2033,1606,0,0,0,1.0,1,1.0,1,1.0,1,0.03466201727245277,30
2732,1,3640,2034,1606,0,0,0,1.0,1,1.0,1,1.0,1,0.0527652345141912,29
2733,1,3641,2035,1606,0,0,0,1.0,1,1.0,1,1.0,1,0.07309678980575772,29
2734,0,3641,2035,1606,0,0,0,1.0,1,1.0,1,1.0,1,0.07309678980575772,29
2735,1,3642,2036,1606,0,0,0,1.0,1,1.0,1,1.0,1,0.12881432698186282,29
2736,2,3644,2036,1608,0,0,0,1.0,1,1.0,1,1.0,1,0.08686679464548512,30
2737,0,3644,2036,1608,0,0,0,1.0,1,1.0,1,1.0,1,0.11121911558881746,30
2738,2,3646,2038,1608,0,0,0,1.0,1,1.0,1,1.0,1,0.16064701503655118,30
2739,2,3648,2039,1609,0,0,0,1.0,1,1.0,1,1.0,1,0.13519060644798056,29
2740,0,3648,2039,1609,0,0,0,1.0,1,1.0,1,1.0,1,0.13519060644798056,29
2741,1,3649,2039,1610,0,0,0,1.0,1,1.0,1,1.0,1,0.14689000844040803,28
2742,2,3651,2041,1610,0,0,0,1.0,1,1.0,1,1.0,1,0.17655287248803292,28
2743,2,3653,2042,1611,0,0,0,1.0,1,1.0,1,1.0,1,0.19915652486690624,29
2744,0,3653,2042,1611,0,0,0,1.0,1,1.0,1,1.0,1,0.17948684637352197,27
2745,2,3655,2044,1611,0,0,0,1.0,1,1.0,1,1.0,1,0.244536183194874,25
2746,2,3657,2044,1613,0,0,0,1.0,1,1.0,1,1.0,1,0.13180316246095025,25
2747,1,3658,2045,1613,0,0,0,1.0,1,1.0,1,1.0,1,0.16752897556994073,23
2748,0,3658,2045,1613,0,0,0,1.0,1,1.0,1,1.0,1,0.13748943986301956,22
2749,0,3658,2045,1613,0,0,0,1.0,1,1.0,1,1.0,1,0.16410228806954535,19
2750,0,3658,2045,1613,0,0,0,1.0,1,1.0,1,1.0,1,0.1399667735536144,18
2751,0,3658,2045,1613,0,0,0,1.0,1,1.0,1,1.0,1,0.19284238150732766,16
2752,1,3659,2046,1613,0,0,0,1.0,1,1.0,1,1.0,1,0.16211197192662555,15
2753,0,3659,2046,1613,0,0,0,1.0,1,1.0,1,1.0,1,0.16211197192662555,15
2754,0,3659,2046,1613,0,0,0,1.0,1,1.0,1,1.0,1,0.16211197192662555,15
2755,0,3659,2046,1613,0,0,0,1.0,1,1.0,1,1.0,1,0.16211197192662555,15
2756,1,3660,2046,1614,0,0,0,1.0,1,1.0,1,1.0,1,0.12824181003637292,16
2757,0,3660,2046,1614,0,0,0,1.0,1,1.0,1,1.0,1,0.07752912745878869,17
2758,0,3660,2046,1614,0,0,0,1.0,1,1.0,1,1.0,1,0.07752912745878869,17
2759,0,3660,2046,1614,0,0,0,1.0,1,1.0,1,1.0,1,0.07271764144740467,18
2760,0,3660,2046,1614,0,0,0,1.0,1,1.0,1,1.0,1,0.07271764144740467,18
2761,0,3660,2046,1614,0,0,0,1.0,1,1.0,1,1.0,1,0.07271764144740467,18
2762,0,3660,2046,1614,0,0,0,1.0,1,1.0,1,1.0,1,0.07271764144740467,18
2763,0,3660,2046,1614,0,0,0,1.0,1,1.0,1,1.0,1,0.07803407698530493,17
2764,2,3662,2048,1614,0,0,0,1.0,1,1.0,1,1.0,1,0.22142659950642857,17
2765,1,3663,2049,1614,0,0,0,1.0,1,1.0,1,1.0,1,0.22437664581283776,18
2766,0,3663,2049,1614,0,0,0,1.0,1,1.0,1,1.0,1,0.22437664581283776,18
2767,0,3663,2049,1614,0,0,0,1.0,1,1.0,1,1.0,1,0.22437664581283776,18
2768,1,3664,2050,1614,0,0,0,1.0,1,1.0,1,1.0,1,0.20204142109463616,18
2769,1,3665,2051,1614,0,0,0,1.0,1,1.0,1,1.0,1,0.21161662738528297,18
2770,1,3666,2052,1614,0,0,0,1.0,1,1.0,1,1.0,1,0.2423434236889614,18
2771,2,3668,2052,1616,0,0,0,1.0,1,1.0,1,1.0,1,0.12170346312783929,18
2772,0,3668,2052,1616,0,0,0,1.0,1,1.0,1,1.0,1,0.12170346312783929,18
2773,0,3668,2052,1616,0,0,0,1.0,1,1.0,1,1.0,1,0.12170346312783929,18
2774,0,3668,2052,1616,0,0,0,1.0,1,1.0,1,1.0,1,0.16369000276792972,20
2775,2,3670,2054,1616,0,0,0,1.0,1,1.0,1,1.0,1,0.18023390168458714,21
2776,1,3671,2055,1616,0,0,0,1.0,1,1.0,1,1.0,1,0.1499257838172298,21
2777,0,3671,2055,1616,0,0,0,1.0,1,1.0,1,1.0,1,0.13345876851046934,22
2778,1,3672,2056,1616,0,0,0,1.0,1,1.0,1,1.0,1,0.16499181790978731,24
2779,2,3674,2058,1616,0,0,0,1.0,1,1.0,1,1.0,1,0.17382921115678518,24
2780,1,3675,2059,1616,0,0,0,1.0,1,1.0,1,1.0,1,0.12449927996116282,24
2781,0,3675,2059,1616,0,0,0,1.0,1,1.0,1,1.0,1,0.12449927996116282,24
2782,0,3675,2059,1616,0,0,0,1.0,1,1.0,1,1.0,1,0.12449927996116282,24
2783,0,3675,2059,1616,0,0,0,1.0,1,1.0,1,1.0,1,0.12449927996116282,24
2784,1,3676,2059,1617,0,0,0,1.0,1,1.0,1,1.0,1,0.1587825377280115,24
2785,0,3676,2059,1617,0,0,0,1.0,1,1.0,1,1.0,1,0.11784952233341055,22
2786,1,3677,2059,1618,0,0,0,1.0,1,1.0,1,1.0,1,0.12327595977177633,22
2787,0,3677,2059,1618,0,0,0,1.0,1,1.0,1,1.0,1,0.11249262848623257,21
2788,0,3677,2059,1618,0,0,0,1.0,1,1.0,1,1.0,1,0.10839858953758204,20
2789,1,3678,2060,1618,0,0,0,1.0,1,1.0,1,1.0,1,0.1455554761474988,20
2790,1,3679,2060,1619,0,0,0,1.0,1,1.0,1,1.0,1,0.1269486031518908,21
2791,1,3680,2061,1619,0,0,0,1.0,1,1.0,1,1.0,1,0.12625578241750796,21
2792,0,3680,2061,1619,0,0,0,1.0,1,1.0,1,1.0,1,0.12625578241750796,21
2793,0,3680,2061,1619,0,0,0,1.0,1,1.0,1,1.0,1,0.10751684895364381,18
2794,0,3680,2061,1619,0,0,0,1.0,1,1.0,1,1.0,1,0.10751684895364381,18
2795,1,3681,2062,1619,0,0,0,1.0,1,1.0,1,1.0,1,0.11395124570121017,20
2796,1,3682,2063,1619,0,0,0,1.0,1,1.0,1,1.0,1,0.09388491422126025,21
2797,0,3682,2063,1619,0,0,0,1.0,1,1.0,1,1.0,1,0.09388491422126025,21
2798,0,3682,2063,1619,0,0,0,1.0,1,1.0,1,1.0,1,0.09388491422126025,21
2799,0,3682,2063,1619,0,0,0,1.0,1,1.0,1,1.0,1,0.10825353471282835,22
2800,0,3682,2063,1619,0,0,0,1.0,1,1.0,1,1.0,1,0.10825353471282835,22
2801,3,3685,2065,1620,0,0,0,1.0,1,1.0,1,1.0,1,0.16492792471398118,22
2802,0,3685,2065,1620,0,0,0,1.0,1,1.0,1,1.0,1,0.16492792471398118,22
2803,1,3686,2066,1620,0,0,0,1.0,1,1.0,1,1.0,1,0.20275982439908993,22
2804,0,3686,2066,1620,0,0,0,1.0,1,1.0,1,1.0,1,0.21361142227685342,23
2805,0,3686,2066,1620,0,0,0,1.0,1,1.0,1,1.0,1,0.21361142227685342,23
2806,0,3686,2066,1620,0,0,0,1.0,1,1.0,1,1.0,1,0.21361142227685342,23
2807,1,3687,2066,1621,0,0,0,1.0,1,1.0,1,1.0,1,0.17149219489467024,24
2808,0,3687,2066,1621,0,0,0,1.0,1,1.0,1,1.0,1,0.17149219489467024,24
2809,0,3687,2066,1621,0,0,0,1.0,1,1.0,1,1.0,1,0.18718986898858064,25
2810,0,3687,2066,1621,0,0,0,1.0,1,1.0,1,1.0,1,0.18488652047894955,24
2811,1,3688,2067,1621,0,0,0,1.0,1,1.0,1,1.0,1,0.16084623633360545,26
2812,0,3688,2067,1621,0,0,0,1.0,1,1.0,1,1.0,1,0.16084623633360545,26
2813,1,3689,2068,1621,0,0,0,1.0,1,1.0,1,1.0,1,0.14274206963588118,27
2814,3,3692,2069,1623,0,0,0,1.0,1,1.0,1,1.0,1,0.17451718060497826,29
2815,1,3693,2070,1623,0,0,0,1.0,1,1.0,1,1.0,1,0.16267980833772366,29
2816,0,3693,2070,1623,0,0,0,1.0,1,1.0,1,1.0,1,0.16638044183191597,29
2817,1,3694,2071,1623,0,0,0,1.0,1,1.0,1,1.0,1,0.14310066672136693,29
2818,2,3696,2073,1623,0,0,0,1.0,1,1.0,1,1.0,1,0.15942509111083214,29
2819,1,3697,2074,1623,0,0,0,1.0,1,1.0,1,1.0,1,0.13904873510706575,30
2820,2,3699,2075,1624,0,0,0,1.0,1,1.0,1,1.0,1,0.18372341766200234,30
2821,2,3701,2076,1625,0,0,0,1.0,1,1.0,1,1.0,1,0.14392815336527456,31
2822,0,3701,2076,1625,0,0,0,1.0,1,1.0,1,1.0,1,0.1622552770504677,30
2823,2,3703,2077,1626,0,0,0,1.0,1,1.0,1,1.0,1,0.05920023717877746,27
2824,0,3703,2077,1626,0,0,0,1.0,1,1.0,1,1.0,1,0.04418046661165506,28
2825,3,3706,2080,1626,0,0,0,1.0,1,1.0,1,1.0,1,0.11507051457279191,28
2826,2,3708,2081,1627,0,0,0,1.0,1,1.0,1,1.0,1,0.1623585441620757,27
2827,0,3708,2081,1627,0,0,0,1.0,1,1.0,1,1.0,1,0.18433507940796048,28
2828,0,3708,2081,1627,0,0,0,1.0,1,1.0,1,1.0,1,0.21145380847025502,28
2829,1,3709,2082,1627,0,0,0,1.0,1,1.0,1,1.0,1,0.2030364915662262,27
2830,1,3710,2083,1627,0,0,0,1.0,1,1.0,1,1.0,1,0.22254436034561417,27
2831,5,3715,2085,1630,0,0,0,1.0,1,1.0,1,1.0,1,0.1677169093189557,27
2832,1,3716,2085,1631,0,0,0,1.0,1,1.0,1,1.0,1,0.19993218419420147,27
2833,1,3717,2086,1631,0,0,0,1.0,1,1.0,1,1.0,1,0.2139302380734393,26
2834,1,3718,2087,1631,0,0,0,1.0,1,1.0,1,1.0,1,0.12093632291065715,26
2835,1,3719,2088,1631,0,0,0,1.0,1,1.0,1,1.0,1,0.08254139288728934,25
2836,0,3719,2088,1631,0,0,0,1.0,1,1.0,1,1.0,1,0.11561825842509717,27
2837,1,3720,2089,1631,0,0,0,1.0,1,1.0,1,1.0,1,0.1577849798175198,27
2838,0,3720,2089,1631,0,0,0,1.0,1,1.0,1,1.0,1,0.1577849798175198,27
2839,2,3722,2090,1632,0,0,0,1.0,1,1.0,1,1.0,1,0.18425833376744408,29
2840,0,3722,2090,1632,0,0,0,1.0,1,1.0,1,1.0,1,0.18425833376744408,29
2841,3,3725,2091,1634,0,0,0,1.0,1,1.0,1,1.0,1,0.17695930542069133,31
2842,0,3725,2091,1634,0,0,0,1.0,1,1.0,1,1.0,1,0.17695930542069133,31
2843,0,3725,2091,1634,0,0,0,1.0,1,1.0,1,1.0,1,0.11813653018750983,32
2844,5,3730,2094,1636,0,0,0,1.0,1,1.0,1,1.0,1,0.05651029443333781,33
2845,0,3730,2094,1636,0,0,0,1.0,1,1.0,1,1.0,1,0.07364575905711127,32
2846,2,3732,2096,1636,0,0,0,1.0,1,1.0,1,1.0,1,0.07570533843848272,33
2847,2,3734,2097,1637,0,0,0,1.0,1,1.0,1,1.0,1,0.13671508635531615,32
2848,2,3736,2099,1637,0,0,0,1.0,1,1.0,1,1.0,1,0.1626684122486119,33
2849,1,3737,2099,1638,0,0,0,1.0,1,1.0,1,1.0,1,0.1359866154783135,34
2850,1,3738,2100,1638,0,0,0,1.0,1,1.0,1,1.0,1,0.11522544650003476,34
2851,0,3738,2100,1638,0,0,0,1.0,1,1.0,1,1.0,1,0.11522544650003476,34
2852,7,3745,2105,1640,0,0,0,1.0,1,1.0,1,1.0,1,0.10288065962560386,35
2853,0,3745,2105,1640,0,0,0,1.0,1,1.0,1,1.0,1,0.10699690212531665,36
2854,0,3745,2105,1640,0,0,0,1.0,1,1.0,1,1.0,1,0.11232834839923106,37
2855,1,3746,2106,1640,0,0,0,1.0,1,1.0,1,1.0,1,0.09073271392045451,38
2856,1,3747,2106,1641,0,0,0,1.0,1,1.0,1,1.0,1,0.0517518817526311,38
2857,2,3749,2108,1641,0,0,0,1.0,1,1.0,1,1.0,1,0.056896869420462355,39
2858,0,3749,2108,1641,0,0,0,1.0,1,1.0,1,1.0,1,0.07440881225396198,40
2859,2,3751,2110,1641,0,0,0,1.0,1,1.0,1,1.0,1,0.13485773036063364,40
2860,1,3752,2111,1641,0,0,0,1.0,1,1.0,1,1.0,1,0.11238556381052263,40
2861,2,3754,2112,1642,0,0,0,1.0,1,1.0,1,1.0,1,0.0987895639543402,38
2862,3,3757,2114,1643,0,0,0,1.0,1,1.0,1,1.0,1,0.1369978239516245,38
2863,2,3759,2116,1643,0,0,0,1.0,1,1.0,1,1.0,1,0.14733160727165887,38
2864,1,3760,2117,1643,0,0,0,1.0,1,1.0,1,1.0,1,0.17132808288719986,36
2865,3,3763,2120,1643,0,0,0,1.0,1,1.0,1,1.0,1,0.18085544172036014,34
2866,0,3763,2120,1643,0,0,0,1.0,1,1.0,1,1.0,1,0.14444869107281824,31
2867,1,3764,2121,1643,0,0,0,1.0,1,1.0,1,1.0,1,0.13555983534926744,30
2868,2,3766,2123,1643,0,0,0,1.0,1,1.0,1,1.0,1,0.18377895424696572,27
2869,0,3766,2123,1643,0,0,0,1.0,1,1.0,1,1.0,1,0.20234387179107882,27
2870,1,3767,2124,1643,0,0,0,1.0,1,1.0,1,1.0,1,0.2321751811276038,25
2871,0,3767,2124,1643,0,0,0,1.0,1,1.0,1,1.0,1,0.23207158668649863,25
2872,3,3770,2125,1645,0,0,0,1.0,1,1.0,1,1.0,1,0.1930688468019395,23
2873,1,3771,2125,1646,0,0,0,1.0,1,1.0,1,1.0,1,0.15230229257007954,24
2874,1,3772,2125,1647,0,0,0,1.0,1,1.0,1,1.0,1,0.11548195577403356,24
2875,0,3772,2125,1647,0,0,0,1.0,1,1.0,1,1.0,1,0.1847247569161207,23
2876,2,3774,2126,1648,0,0,0,1.0,1,1.0,1,1.0,1,0.1977788293759255,24
2877,1,3775,2127,1648,0,0,0,1.0,1,1.0,1,1.0,1,0.18370735993011975,24
2878,1,3776,2128,1648,0,0,0,1.0,1,1.0,1,1.0,1,0.19910907345806525,24
2879,2,3778,2130,1648,0,0,0,1.0,1,1.0,1,1.0,1,0.25666120149095445,25
2880,0,3778,2130,1648,0,0,0,1.0,1,1.0,1,1.0,1,0.2564043004851804,26
2881,1,3779,2130,1649,0,0,0,1.0,1,1.0,1,1.0,1,0.24255129000201223,26
2882,0,3779,2130,1649,0,0,0,1.0,1,1.0,1,1.0,1,0.21625697050134637,27
2883,1,3780,2130,1650,0,0,0,1.0,1,1.0,1,1.0,1,0.1868013181246045,28
2884,1,3781,2130,1651,0,0,0,1.0,1,1.0,1,1.0,1,0.16711107411947404,29
2885,1,3782,2130,1652,0,0,0,1.0,1,1.0,1,1.0,1,0.14414640600091166,31
2886,1,3783,2131,1652,0,0,0,1.0,1,1.0,1,1.0,1,0.17207401151327537,31
2887,0,3783,2131,1652,0,0,0,1.0,1,1.0,1,1.0,1,0.14610165694157426,33
2888,5,3788,2133,1655,0,0,0,1.0,1,1.0,1,1.0,1,0.1339732385813255,34
2889,2,3790,2135,1655,0,0,0,1.0,1,1.0,1,1.0,1,0.16674712492198576,35
2890,0,3790,2135,1655,0,0,0,1.0,1,1.0,1,1.0,1,0.16674712492198576,35
2891,1,3791,2135,1656,0,0,0,1.0,1,1.0,1,1.0,1,0.14591842516309378,35
2892,2,3793,2137,1656,0,0,0,1.0,1,1.0,1,1.0,1,0.18426784471380733,35
2893,2,3795,2137,1658,0,0,0,1.0,1,1.0,1,1.0,1,0.15545301300454922,37
2894,0,3795,2137,1658,0,0,0,1.0,1,1.0,1,1.0,1,0.15545301300454922,37
2895,0,3795,2137,1658,0,0,0,1.0,1,1.0,1,1.0,1,0.15545301300454922,37
2896,2,3797,2138,1659,0,0,0,1.0,1,1.0,1,1.0,1,0.1944687041915965,38
2897,0,3797,2138,1659,0,0,0,1.0,1,1.0,1,1.0,1,0.22552684765572062,37
2898,0,3797,2138,1659,0,0,0,1.0,1,1.0,1,1.0,1,0.23956818138393227,38
2899,2,3799,2140,1659,0,0,0,1.0,1,1.0,1,1.0,1,0.2637599412668856,37
2900,0,3799,2140,1659,0,0,0,1.0,1,1.0,1,1.0,1,0.24574324839374434,36
2901,1,3800,2140,1660,0,0,0,1.0,1,1.0,1,1.0,1,0.1867277526095517,37
2902,0,3800,2140,1660,0,0,0,1.0,1,1.0,1,1.0,1,0.17461439810879043,35
2903,0,3800,2140,1660,0,0,0,1.0,1,1.0,1,1.0,1,0.1847763087437797,35
2904,0,3800,2140,1660,0,0,0,1.0,1,1.0,1,1.0,1,0.18146453180778005,33
2905,0,3800,2140,1660,0,0,0,1.0,1,1.0,1,1.0,1,0.19677347869985082,34
2906,4,3804,2142,1662,0,0,0,1.0,1,1.0,1,1.0,1,0.2611137855327822,34
2907,0,3804,2142,1662,0,0,0,1.0,1,1.0,1,1.0,1,0.2496556050495641,35
2908,0,3804,2142,1662,0,0,0,1.0,1,1.0,1,1.0,1,0.2570372184795021,36
2909,0,3804,2142,1662,0,0,0,1.0,1,1.0,1,1.0,1,0.26131494492387825,38
2910,0,3804,2142,1662,0,0,0,1.0,1,1.0,1,1.0,1,0.26131494492387825,38
2911,1,3805,2143,1662,0,0,0,1.0,1,1.0,1,1.0,1,0.2794929201923003,37
2912,0,3805,2143,1662,0,0,0,1.0,1,1.0,1,1.0,1,0.2794929201923003,37
2913,1,3806,2143,1663,0,0,0,1.0,1,1.0,1,1.0,1,0.277105515822941,38
2914,0,3806,2143,1663,0,0,0,1.0,1,1.0,1,1.0,1,0.277105515822941,38
2915,1,3807,2143,1664,0,0,0,1.0,1,1.0,1,1.0,1,0.2525179392758197,39
2916,2,3809,2143,1666,0,0,0,1.0,1,1.0,1,1.0,1,0.24555584745427642,40
2917,1,3810,2143,1667,0,0,0,1.0,1,1.0,1,1.0,1,0.20895943133087125,41
2918,2,3812,2143,1669,0,0,0,1.0,1,1.0,1,1.0,1,0.20820877152623177,41
2919,0,3812,2143,1669,0,0,0,1.0,1,1.0,1,1.0,1,0.20820877152623177,41
2920,0,3812,2143,1669,0,0,0,1.0,1,1.0,1,1.0,1,0.20623151516696073,43
2921,2,3814,2143,1671,0,0,0,1.0,1,1.0,1,1.0,1,0.17952447952071968,42
2922,0,3814,2143,1671,0,0,0,1.0,1,1.0,1,1.0,1,0.15684416885143318,43
2923,0,3814,2143,1671,0,0,0,1.0,1,1.0,1,1.0,1,0.16759736304655898,44
2924,0,3814,2143,1671,0,0,0,1.0,1,1.0,1,1.0,1,0.14147846572568665,45
2925,2,3816,2144,1672,0,0,0,1.0,1,1.0,1,1.0,1,0.1592321578202703,45
2926,1,3817,2144,1673,0,0,0,1.0,1,1.0,1,1.0,1,0.12772741641144233,47
2927,0,3817,2144,1673,0,0,0,1.0,1,1.0,1,1.0,1,0.12772741641144233,47
2928,1,3818,2145,1673,0,0,0,1.0,1,1.0,1,1.0,1,0.1516234059863705,48
2929,0,3818,2145,1673,0,0,0,1.0,1,1.0,1,1.0,1,0.1516234059863705,48
2930,1,3819,2145,1674,0,0,0,1.0,1,1.0,1,1.0,1,0.1424375504190872,50
2931,0,3819,2145,1674,0,0,0,1.0,1,1.0,1,1.0,1,0.136684231860968,51
2932,0,3819,2145,1674,0,0,0,1.0,1,1.0,1,1.0,1,0.136684231860968,51
2933,0,3819,2145,1674,0,0,0,1.0,1,1.0,1,1.0,1,0.15075186148599665,52
2934,0,3819,2145,1674,0,0,0,1.0,1,1.0,1,1.0,1,0.15075186148599665,52
2935,0,3819,2145,1674,0,0,0,1.0,1,1.0,1,1.0,1,0.17033495187000225,51
2936,1,3820,2146,1674,0,0,0,1.0,1,1.0,1,1.0,1,0.1841367630299358,49
2937,0,3820,2146,1674,0,0,0,1.0,1,1.0,1,1.0,1,0.18757627075240485,50
2938,3,3823,2148,1675,0,0,0,1.0,1,1.0,1,1.0,1,0.19285193866969289,50
2939,0,3823,2148,1675,0,0,0,1.0,1,1.0,1,1.0,1,0.1941282285157348,51
2940,3,3826,2150,1676,0,0,0,1.0,1,1.0,1,1.0,1,0.20030154536517544,52
2941,5,3831,2152,1679,0,0,0,1.0,1,1.0,1,1.0,1,0.21233835516507457,53
2942,0,3831,2152,1679,0,0,0,1.0,1,1.0,1,1.0,1,0.21166373459200752,52
2943,2,3833,2154,1679,0,0,0,1.0,1,1.0,1,1.0,1,0.2481761150099534,51
2944,0,3833,2154,1679,0,0,0,1.0,1,1.0,1,1.0,1,0.2285633860767224,52
2945,2,3835,2155,1680,0,0,0,1.0,1,1.0,1,1.0,1,0.22004790816975905,50
2946,2,3837,2155,1682,0,0,0,1.0,1,1.0,1,1.0,1,0.20870100024513505,51
2947,1,3838,2156,1682,0,0,0,1.0,1,1.0,1,1.0,1,0.2045784242023535,50
2948,2,3840,2157,1683,0,0,0,1.0,1,1.0,1,1.0,1,0.16856112041581814,50
2949,0,3840,2157,1683,0,0,0,1.0,1,1.0,1,1.0,1,0.1571866689122736,49
2950,0,3840,2157,1683,0,0,0,1.0,1,1.0,1,1.0,1,0.1756988559528446,48
2951,1,3841,2157,1684,0,0,0,1.0,1,1.0,1,1.0,1,0.14906688549241479,48
2952,0,3841,2157,1684,0,0,0,1.0,1,1.0,1,1.0,1,0.14467013105519816,46
2953,0,3841,2157,1684,0,0,0,1.0,1,1.0,1,1.0,1,0.14467013105519816,46
2954,1,3842,2158,1684,0,0,0,1.0,1,1.0,1,1.0,1,0.17717382715488655,48
2955,4,3846,2158,1688,0,0,0,1.0,1,1.0,1,1.0,1,0.10685043995090274,48
2956,1,3847,2158,1689,0,0,0,1.0,1,1.0,1,1.0,1,0.11013031788587135,47
2957,2,3849,2158,1691,0,0,0,1.0,1,1.0,1,1.0,1,0.09227462211767415,48
2958,1,3850,2158,1692,0,0,0,1.0,1,1.0,1,1.0,1,0.06665448374484885,49
2959,1,3851,2159,1692,0,0,0,1.0,1,1.0,1,1.0,1,0.049866898083360665,49
2960,0,3851,2159,1692,0,0,0,1.0,1,1.0,1,1.0,1,0.049866898083360665,49
2961,2,3853,2161,1692,0,0,0,1.0,1,1.0,1,1.0,1,0.03627164776975905,51
2962,2,3855,2163,1692,0,0,0,1.0,1,1.0,1,1.0,1,0.050197447297743045,51
2963,2,3857,2165,1692,0,0,0,1.0,1,1.0,1,1.0,1,0.08111546969659959,51
2964,1,3858,2166,1692,0,0,0,1.0,1,1.0,1,1.0,1,0.10255397145017861,52
2965,2,3860,2168,1692,0,0,0,1.0,1,1.0,1,1.0,1,0.11244889371506987,53
2966,5,3865,2170,1695,0,0,0,1.0,1,1.0,1,1.0,1,0.049030781877492643,53
2967,0,3865,2170,1695,0,0,0,1.0,1,1.0,1,1.0,1,0.03720358206080819,53
2968,0,3865,2170,1695,0,0,0,1.0,1,1.0,1,1.0,1,0.02852283598462087,54
2969,2,3867,2172,1695,0,0,0,1.0,1,1.0,1,1.0,1,0.017664243749836373,55
2970,0,3867,2172,1695,0,0,0,1.0,1,1.0,1,1.0,1,0.017664243749836373,55
2971,1,3868,2173,1695,0,0,0,1.0,1,1.0,1,1.0,1,0.01755981777413595,55
2972,1,3869,2174,1695,0,0,0,1.0,1,1.0,1,1.0,1,0.04792464233817127,55
2973,0,3869,2174,1695,0,0,0,1.0,1,1.0,1,1.0,1,0.0663271409366831,55
2974,0,3869,2174,1695,0,0,0,1.0,1,1.0,1,1.0,1,0.06955839238164276,56
2975,0,3869,2174,1695,0,0,0,1.0,1,1.0,1,1.0,1,0.07364028337277573,55
2976,1,3870,2174,1696,0,0,0,1.0,1,1.0,1,1.0,1,0.06244616097683233,57
2977,1,3871,2174,1697,0,0,0,1.0,1,1.0,1,1.0,1,0.06356134447843784,59
2978,3,3874,2176,1698,0,0,0,1.0,1,1.0,1,1.0,1,0.08187138100880605,59
2979,0,3874,2176,1698,0,0,0,1.0,1,1.0,1,1.0,1,0.08187138100880605,59
2980,1,3875,2177,1698,0,0,0,1.0,1,1.0,1,1.0,1,0.11479154858916651,59
2981,4,3879,2179,1700,0,0,0,1.0,1,1.0,1,1.0,1,0.11389360103645295,59
2982,2,3881,2180,1701,0,0,0,1.0,1,1.0,1,1.0,1,0.10152458553479238,61
2983,3,3884,2183,1701,0,0,0,1.0,1,1.0,1,1.0,1,0.10026673703492343,61
2984,3,3887,2184,1703,0,0,0,1.0,1,1.0,1,1.0,1,0.08399050421943215,61
2985,5,3892,2188,1704,0,0,0,1.0,1,1.0,1,1.0,1,0.06908730340138186,57
2986,6,3898,2192,1706,0,0,0,1.0,1,1.0,1,1.0,1,0.04457543680690559,58
2987,1,3899,2193,1706,0,0,0,1.0,1,1.0,1,1.0,1,0.05520895652681881,56
2988,4,3903,2197,1706,0,0,0,1.0,1,1.0,1,1.0,1,0.07749481913508352,55
2989,2,3905,2199,1706,0,0,0,1.0,1,1.0,1,1.0,1,0.09457167061499114,53
2990,2,3907,2201,1706,0,0,0,1.0,1,1.0,1,1.0,1,0.09687323786994097,52
2991,3,3910,2203,1707,0,0,0,1.0,1,1.0,1,1.0,1,0.08647003010559534,54
2992,2,3912,2204,1708,0,0,0,1.0,1,1.0,1,1.0,1,0.07604323836320971,55
2993,2,3914,2206,1708,0,0,0,1.0,1,1.0,1,1.0,1,0.06814462607493181,53
2994,1,3915,2206,1709,0,0,0,1.0,1,1.0,1,1.0,1,0.08467795393411003,53
2995,0,3915,2206,1709,0,0,0,1.0,1,1.0,1,1.0,1,0.09949802844535924,51
2996,3,3918,2207,1711,0,0,0,1.0,1,1.0,1,1.0,1,0.09647787756929656,52
2997,1,3919,2208,1711,0,0,0,1.0,1,1.0,1,1.0,1,0.11489734541212039,50
2998,2,3921,2209,1712,0,0,0,1.0,1,1.0,1,1.0,1,0.09848122667451546,51
2999,0,3921,2209,1712,0,0,0,1.0,1,1.0,1,1.0,1,0.1189612421986779,48
3000,1,3922,2210,1712,0,0,0,1.0,1,1.0,1,1.0,1,0.13389139730040095,48
3001,4,3926,2210,1716,0,0,0,1.0,1,1.0,1,1.0,1,0.04936013625022566,49
3002,1,3927,2211,1716,0,0,0,1.0,1,1.0,1,1.0,1,0.07188345611015073,50
3003,0,3927,2211,1716,0,0,0,1.0,1,1.0,1,1.0,1,0.07188345611015073,50
3004,0,3927,2211,1716,0,0,0,1.0,1,1.0,1,1.0,1,0.06763850883596528,51
3005,0,3927,2211,1716,0,0,0,1.0,1,1.0,1,1.0,1,0.06433255231814307,50
3006,0,3927,2211,1716,0,0,0,1.0,1,1.0,1,1.0,1,0.08040649097730176,51
3007,0,3927,2211,1716,0,0,0,1.0,1,1.0,1,1.0,1,0.0812009081085582,51
3008,2,3929,2211,1718,0,0,0,1.0,1,1.0,1,1.0,1,0.030645973821748326,53
3009,0,3929,2211,1718,0,0,0,1.0,1,1.0,1,1.0,1,0.0499255779362503,52
3010,0,3929,2211,1718,0,0,0,1.0,1,1.0,1,1.0,1,0.0499255779362503,52
3011,1,3930,2212,1718,0,0,0,1.0,1,1.0,1,1.0,1,0.08610210781142355,51
3012,3,3933,2214,1719,0,0,0,1.0,1,1.0,1,1.0,1,0.10365038202570112,54
3013,4,3937,2218,1719,0,0,0,1.0,1,1.0,1,1.0,1,0.0991333923990519,52
3014,2,3939,2220,1719,0,0,0,1.0,1,1.0,1,1.0,1,0.12495275809182808,51
3015,2,3941,2222,1719,0,0,0,1.0,1,1.0,1,1.0,1,0.13567175307646484,50
3016,4,3945,2224,1721,0,0,0,1.0,1,1.0,1,1.0,1,0.10759665345179781,50
3017,3,3948,2227,1721,0,0,0,1.0,1,1.0,1,1.0,1,0.15028757770543205,48
3018,2,3950,2229,1721,0,0,0,1.0,1,1.0,1,1.0,1,0.14349957943828662,48
3019,1,3951,2230,1721,0,0,0,1.0,1,1.0,1,1.0,1,0.13431825848191897,47
3020,2,3953,2232,1721,0,0,0,1.0,1,1.0,1,1.0,1,0.1408081011104754,47
3021,4,3957,2234,1723,0,0,0,1.0,1,1.0,1,1.0,1,0.1094748726927153,46
3022,3,3960,2236,1724,0,0,0,1.0,1,1.0,1,1.0,1,0.13932163376626716,45
3023,2,3962,2238,1724,0,0,0,1.0,1,1.0,1,1.0,1,0.11350062601083852,41
3024,3,3965,2241,1724,0,0,0,1.0,1,1.0,1,1.0,1,0.12484428705906499,43
3025,1,3966,2242,1724,0,0,0,1.0,1,1.0,1,1.0,1,0.1772842438846456,39
3026,4,3970,2243,1727,0,0,0,1.0,1,1.0,1,1.0,1,0.13570809097943112,38
3027,1,3971,2244,1727,0,0,0,1.0,1,1.0,1,1.0,1,0.12602307604530516,38
3028,2,3973,2245,1728,0,0,0,1.0,1,1.0,1,1.0,1,0.14703217379860356,38
3029,1,3974,2246,1728,0,0,0,1.0,1,1.0,1,1.0,1,0.16562717840035432,37
3030,1,3975,2247,1728,0,0,0,1.0,1,1.0,1,1.0,1,0.20153780901681043,38
3031,2,3977,2247,1730,0,0,0,1.0,1,1.0,1,1.0,1,0.15837973773630126,39
3032,1,3978,2247,1731,0,0,0,1.0,1,1.0,1,1.0,1,0.1362113509337143,39
3033,1,3979,2247,1732,0,0,0,1.0,1,1.0,1,1.0,1,0.13568320518255594,39
3034,0,3979,2247,1732,0,0,0,1.0,1,1.0,1,1.0,1,0.14435323032820657,38
3035,0,3979,2247,1732,0,0,0,1.0,1,1.0,1,1.0,1,0.12328729391485643,39
3036,0,3979,2247,1732,0,0,0,1.0,1,1.0,1,1.0,1,0.13471995233637457,39
3037,0,3979,2247,1732,0,0,0,1.0,1,1.0,1,1.0,1,0.15852560663588916,39
3038,2,3981,2248,1733,0,0,0,1.0,1,1.0,1,1.0,1,0.12176448214437623,40
3039,3,3984,2249,1735,0,0,0,1.0,1,1.0,1,1.0,1,0.11928899808163018,41
3040,4,3988,2251,1737,0,0,0,1.0,1,1.0,1,1.0,1,0.13287560818686306,42
3041,0,3988,2251,1737,0,0,0,1.0,1,1.0,1,1.0,1,0.1250201595181695,43
3042,1,3989,2252,1737,0,0,0,1.0,1,1.0,1,1.0,1,0.1289677527341239,45
3043,3,3992,2253,1739,0,0,0,1.0,1,1.0,1,1.0,1,0.10303569945034524,45
3044,2,3994,2254,1740,0,0,0,1.0,1,1.0,1,1.0,1,0.09836502576935123,45
3045,0,3994,2254,1740,0,0,0,1.0,1,1.0,1,1.0,1,0.09836502576935123,45
3046,1,3995,2254,1741,0,0,0,1.0,1,1.0,1,1.0,1,0.08837350466736796,46
3047,0,3995,2254,1741,0,0,0,1.0,1,1.0,1,1.0,1,0.08837350466736796,46
3048,3,3998,2254,1744,0,0,0,1.0,1,1.0,1,1.0,1,0.06053602007907437,49
3049,1,3999,2254,1745,0,0,0,1.0,1,1.0,1,1.0,1,0.05625197708385097,50
3050,0,3999,2254,1745,0,0,0,1.0,1,1.0,1,1.0,1,0.05625197708385097,50
3051,2,4001,2256,1745,0,0,0,1.0,1,1.0,1,1.0,1,0.08353472042049619,50
3052,1,4002,2256,1746,0,0,0,1.0,1,1.0,1,1.0,1,0.07393898631489323,50
3053,2,4004,2258,1746,0,0,0,1.0,1,1.0,1,1.0,1,0.09597037378832592,49
3054,1,4005,2259,1746,0,0,0,1.0,1,1.0,1,1.0,1,0.10516991418916798,47
3055,1,4006,2260,1746,0,0,0,1.0,1,1.0,1,1.0,1,0.12440263268511201,48
3056,3,4009,2261,1748,0,0,0,1.0,1,1.0,1,1.0,1,0.11666332347792643,47
3057,2,4011,2262,1749,0,0,0,1.0,1,1.0,1,1.0,1,0.13152656315762984,48
3058,1,4012,2263,1749,0,0,0,1.0,1,1.0,1,1.0,1,0.1218479719017314,46
3059,0,4012,2263,1749,0,0,0,1.0,1,1.0,1,1.0,1,0.12991686461072458,44
3060,1,4013,2264,1749,0,0,0,1.0,1,1.0,1,1.0,1,0.10096451787442205,44
3061,2,4015,2265,1750,0,0,0,1.0,1,1.0,1,1.0,1,0.07740161699346224,42
3062,3,4018,2267,1751,0,0,0,1.0,1,1.0,1,1.0,1,0.04586630539587339,42
3063,3,4021,2270,1751,0,0,0,1.0,1,1.0,1,1.0,1,0.10587750115906426,41
3064,0,4021,2270,1751,0,0,0,1.0,1,1.0,1,1.0,1,0.10823999171696644,42
3065,1,4022,2271,1751,0,0,0,1.0,1,1.0,1,1.0,1,0.11145987903124496,40
3066,4,4026,2273,1753,0,0,0,1.0,1,1.0,1,1.0,1,0.06281969913291417,42
3067,2,4028,2275,1753,0,0,0,1.0,1,1.0,1,1.0,1,0.13409558410865174,40
3068,2,4030,2277,1753,0,0,0,1.0,1,1.0,1,1.0,1,0.13078675605087944,39
3069,0,4030,2277,1753,0,0,0,1.0,1,1.0,1,1.0,1,0.16278074389649871,38
3070,0,4030,2277,1753,0,0,0,1.0,1,1.0,1,1.0,1,0.17986788467822254,39
3071,3,4033,2277,1756,0,0,0,1.0,1,1.0,1,1.0,1,0.13183843126171577,39
3072,2,4035,2278,1757,0,0,0,1.0,1,1.0,1,1.0,1,0.15690512617146232,40
3073,2,4037,2279,1758,0,0,0,1.0,1,1.0,1,1.0,1,0.206665889577912,38
3074,0,4037,2279,1758,0,0,0,1.0,1,1.0,1,1.0,1,0.1834392781611028,38
3075,3,4040,2280,1760,0,0,0,1.0,1,1.0,1,1.0,1,0.20128539340487173,41
3076,5,4045,2281,1764,0,0,0,1.0,1,1.0,1,1.0,1,0.13173033226505537,42
3077,1,4046,2281,1765,0,0,0,1.0,1,1.0,1,1.0,1,0.11635565021547818,42
3078,0,4046,2281,1765,0,0,0,1.0,1,1.0,1,1.0,1,0.11635565021547818,42
3079,0,4046,2281,1765,0,0,0,1.0,1,1.0,1,1.0,1,0.11635565021547818,42
3080,0,4046,2281,1765,0,0,0,1.0,1,1.0,1,1.0,1,0.10978829612815512,43
3081,1,4047,2281,1766,0,0,0,1.0,1,1.0,1,1.0,1,0.09126277833093063,44
3082,0,4047,2281,1766,0,0,0,1.0,1,1.0,1,1.0,1,0.11150339696575756,45
3083,0,4047,2281,1766,0,0,0,1.0,1,1.0,1,1.0,1,0.11150339696575756,45
3084,1,4048,2282,1766,0,0,0,1.0,1,1.0,1,1.0,1,0.09839421766771303,45
3085,0,4048,2282,1766,0,0,0,1.0,1,1.0,1,1.0,1,0.12707186837593565,46
3086,1,4049,2283,1766,0,0,0,1.0,1,1.0,1,1.0,1,0.11795366104458346,46
3087,1,4050,2284,1766,0,0,0,1.0,1,1.0,1,1.0,1,0.14292291453043784,47
3088,3,4053,2285,1768,0,0,0,1.0,1,1.0,1,1.0,1,0.15314585572544723,48
3089,1,4054,2285,1769,0,0,0,1.0,1,1.0,1,1.0,1,0.13815725896130907,46
3090,1,4055,2285,1770,0,0,0,1.0,1,1.0,1,1.0,1,0.13324302281977907,46
3091,1,4056,2285,1771,0,0,0,1.0,1,1.0,1,1.0,1,0.10929074354047082,46
3092,3,4059,2287,1772,0,0,0,1.0,1,1.0,1,1.0,1,0.0862612814876892,47
3093,1,4060,2287,1773,0,0,0,1.0,1,1.0,1,1.0,1,0.06215744058322007,47
3094,0,4060,2287,1773,0,0,0,1.0,1,1.0,1,1.0,1,0.04893916352602602,45
3095,0,4060,2287,1773,0,0,0,1.0,1,1.0,1,1.0,1,0.04958507514674307,46
3096,0,4060,2287,1773,0,0,0,1.0,1,1.0,1,1.0,1,0.0480143796136587,46
3097,2,4062,2289,1773,0,0,0,1.0,1,1.0,1,1.0,1,0.08020458284316442,47
3098,0,4062,2289,1773,0,0,0,1.0,1,1.0,1,1.0,1,0.08020458284316442,47
3099,0,4062,2289,1773,0,0,0,1.0,1,1.0,1,1.0,1,0.08020458284316442,47
3100,1,4063,2290,1773,0,0,0,1.0,1,1.0,1,1.0,1,0.05614788952460073,47
3101,1,4064,2290,1774,0,0,0,1.0,1,1.0,1,1.0,1,0.023509481221386953,48
3102,0,4064,2290,1774,0,0,0,1.0,1,1.0,1,1.0,1,0.023509481221386953,48
3103,1,4065,2291,1774,0,0,0,1.0,1,1.0,1,1.0,1,0.033306237167551184,49
3104,1,4066,2292,1774,0,0,0,1.0,1,1.0,1,1.0,1,0.05856353146962324,48
3105,1,4067,2293,1774,0,0,0,1.0,1,1.0,1,1.0,1,0.1161653977103353,45
3106,3,4070,2294,1776,0,0,0,1.0,1,1.0,1,1.0,1,0.14238359638209985,46
3107,2,4072,2295,1777,0,0,0,1.0,1,1.0,1,1.0,1,0.15312051928425915,44
3108,2,4074,2297,1777,0,0,0,1.0,1,1.0,1,1.0,1,0.16828172511609357,45
3109,0,4074,2297,1777,0,0,0,1.0,1,1.0,1,1.0,1,0.18583569781014667,44
3110,3,4077,2300,1777,0,0,0,1.0,1,1.0,1,1.0,1,0.16108348443450315,46
3111,4,4081,2301,1780,0,0,0,1.0,1,1.0,1,1.0,1,0.11183758233424428,46
3112,0,4081,2301,1780,0,0,0,1.0,1,1.0,1,1.0,1,0.1241272938201229,47
3113,1,4082,2302,1780,0,0,0,1.0,1,1.0,1,1.0,1,0.11779566934989019,48
3114,0,4082,2302,1780,0,0,0,1.0,1,1.0,1,1.0,1,0.11732470930169628,48
3115,1,4083,2302,1781,0,0,0,1.0,1,1.0,1,1.0,1,0.11394749004657742,49
3116,2,4085,2302,1783,0,0,0,1.0,1,1.0,1,1.0,1,0.09280467907532865,48
3117,4,4089,2304,1785,0,0,0,1.0,1,1.0,1,1.0,1,0.1238700423110126,49
3118,3,4092,2304,1788,0,0,0,1.0,1,1.0,1,1.0,1,0.10198523449446852,50
3119,0,4092,2304,1788,0,0,0,1.0,1,1.0,1,1.0,1,0.10198523449446852,50
3120,0,4092,2304,1788,0,0,0,1.0,1,1.0,1,1.0,1,0.12511728027923355,50
3121,3,4095,2306,1789,0,0,0,1.0,1,1.0,1,1.0,1,0.09737631349003123,50
3122,0,4095,2306,1789,0,0,0,1.0,1,1.0,1,1.0,1,0.09737631349003123,50
3123,2,4097,2308,1789,0,0,0,1.0,1,1.0,1,1.0,1,0.09120255547823522,51
3124,1,4098,2309,1789,0,0,0,1.0,1,1.0,1,1.0,1,0.1061697803212489,51
3125,1,4099,2310,1789,0,0,0,1.0,1,1.0,1,1.0,1,0.11848829201773217,51
3126,4,4103,2311,1792,0,0,0,1.0,1,1.0,1,1.0,1,0.0810736958772485,54
3127,3,4106,2313,1793,0,0,0,1.0,1,1.0,1,1.0,1,0.08396594005571655,53
3128,0,4106,2313,1793,0,0,0,1.0,1,1.0,1,1.0,1,0.06670624173711336,52
3129,2,4108,2315,1793,0,0,0,1.0,1,1.0,1,1.0,1,0.08859737003187707,51
3130,0,4108,2315,1793,0,0,0,1.0,1,1.0,1,1.0,1,0.07332733078583578,50
3131,2,4110,2317,1793,0,0,0,1.0,1,1.0,1,1.0,1,0.12197533801667074,50
3132,0,4110,2317,1793,0,0,0,1.0,1,1.0,1,1.0,1,0.0966109380693676,49
3133,0,4110,2317,1793,0,0,0,1.0,1,1.0,1,1.0,1,0.0966109380693676,49
3134,0,4110,2317,1793,0,0,0,1.0,1,1.0,1,1.0,1,0.0915384532624925,46
3135,2,4112,2319,1793,0,0,0,1.0,1,1.0,1,1.0,1,0.13351832862060722,47
3136,1,4113,2320,1793,0,0,0,1.0,1,1.0,1,1.0,1,0.10481140847545092,46
3137,2,4115,2322,1793,0,0,0,1.0,1,1.0,1,1.0,1,0.13867909026695907,49
3138,1,4116,2323,1793,0,0,0,1.0,1,1.0,1,1.0,1,0.16604003240522175,49
3139,4,4120,2325,1795,0,0,0,1.0,1,1.0,1,1.0,1,0.1569166842812841,50
3140,2,4122,2326,1796,0,0,0,1.0,1,1.0,1,1.0,1,0.1717507086250968,51
3141,2,4124,2326,1798,0,0,0,1.0,1,1.0,1,1.0,1,0.16871524388204656,50
3142,0,4124,2326,1798,0,0,0,1.0,1,1.0,1,1.0,1,0.16871524388204656,50
3143,0,4124,2326,1798,0,0,0,1.0,1,1.0,1,1.0,1,0.18642381877266725,49
3144,1,4125,2326,1799,0,0,0,1.0,1,1.0,1,1.0,1,0.1771435216735715,49
3145,2,4127,2327,1800,0,0,0,1.0,1,1.0,1,1.0,1,0.20029248874520433,48
3146,5,4132,2327,1805,0,0,0,1.0,1,1.0,1,1.0,1,0.14374945239109063,49
3147,0,4132,2327,1805,0,0,0,1.0,1,1.0,1,1.0,1,0.18543650650260793,48
3148,0,4132,2327,1805,0,0,0,1.0,1,1.0,1,1.0,1,0.18543650650260793,48
3149,1,4133,2328,1805,0,0,0,1.0,1,1.0,1,1.0,1,0.19086392828623336,47
3150,1,4134,2329,1805,0,0,0,1.0,1,1.0,1,1.0,1,0.17804872579659536,47
3151,4,4138,2329,1809,0,0,0,1.0,1,1.0,1,1.0,1,0.14319029275841447,48
3152,0,4138,2329,1809,0,0,0,1.0,1,1.0,1,1.0,1,0.15353094436920942,47
3153,0,4138,2329,1809,0,0,0,1.0,1,1.0,1,1.0,1,0.15353094436920942,47
3154,3,4141,2330,1811,0,0,0,1.0,1,1.0,1,1.0,1,0.1356872331164295,48
3155,0,4141,2330,1811,0,0,0,1.0,1,1.0,1,1.0,1,0.13171648772293335,48
3156,2,4143,2330,1813,0,0,0,1.0,1,1.0,1,1.0,1,0.10561935498477376,48
3157,1,4144,2330,1814,0,0,0,1.0,1,1.0,1,1.0,1,0.12130985873058997,48
3158,0,4144,2330,1814,0,0,0,1.0,1,1.0,1,1.0,1,0.12130985873058997,48
3159,0,4144,2330,1814,0,0,0,1.0,1,1.0,1,1.0,1,0.11576648464689672,49
3160,2,4146,2330,1816,0,0,0,1.0,1,1.0,1,1.0,1,0.09687648105905668,51
3161,1,4147,2330,1817,0,0,0,1.0,1,1.0,1,1.0,1,0.07996903279320758,52
3162,1,4148,2331,1817,0,0,0,1.0,1,1.0,1,1.0,1,0.10118863528406759,51
3163,1,4149,2332,1817,0,0,0,1.0,1,1.0,1,1.0,1,0.09474868474393762,51
3164,2,4151,2333,1818,0,0,0,1.0,1,1.0,1,1.0,1,0.11318147265439688,52
3165,0,4151,2333,1818,0,0,0,1.0,1,1.0,1,1.0,1,0.08842250653395974,50
3166,1,4152,2333,1819,0,0,0,1.0,1,1.0,1,1.0,1,0.06587859877488458,50
3167,4,4156,2337,1819,0,0,0,1.0,1,1.0,1,1.0,1,0.0801965966826198,49
3168,1,4157,2338,1819,0,0,0,1.0,1,1.0,1,1.0,1,0.10877054594206577,47
3169,2,4159,2339,1820,0,0,0,1.0,1,1.0,1,1.0,1,0.14351116244255924,48
3170,1,4160,2340,1820,0,0,0,1.0,1,1.0,1,1.0,1,0.20651969660921926,47
3171,5,4165,2341,1824,0,0,0,1.0,1,1.0,1,1.0,1,0.16953273954871165,47
3172,2,4167,2342,1825,0,0,0,1.0,1,1.0,1,1.0,1,0.1665467445318185,46
3173,0,4167,2342,1825,0,0,0,1.0,1,1.0,1,1.0,1,0.12575040235259222,45
3174,0,4167,2342,1825,0,0,0,1.0,1,1.0,1,1.0,1,0.1411380968283661,43
3175,1,4168,2343,1825,0,0,0,1.0,1,1.0,1,1.0,1,0.12854960461692494,43
3176,1,4169,2343,1826,0,0,0,1.0,1,1.0,1,1.0,1,0.09754959680966582,44
3177,2,4171,2345,1826,0,0,0,1.0,1,1.0,1,1.0,1,0.10402307325542168,44
3178,0,4171,2345,1826,0,0,0,1.0,1,1.0,1,1.0,1,0.09438746624499134,47
3179,1,4172,2346,1826,0,0,0,1.0,1,1.0,1,1.0,1,0.11947887941169587,48
3180,1,4173,2347,1826,0,0,0,1.0,1,1.0,1,1.0,1,0.10660038181497274,48
3181,1,4174,2347,1827,0,0,0,1.0,1,1.0,1,1.0,1,0.09266905873035518,48
3182,2,4176,2347,1829,0,0,0,1.0,1,1.0,1,1.0,1,0.04786602151879458,51
3183,1,4177,2348,1829,0,0,0,1.0,1,1.0,1,1.0,1,0.05039774768970715,50
3184,4,4181,2349,1832,0,0,0,1.0,1,1.0,1,1.0,1,0.06191959864378375,50
3185,1,4182,2349,1833,0,0,0,1.0,1,1.0,1,1.0,1,0.060619438998439884,48
3186,2,4184,2350,1834,0,0,0,1.0,1,1.0,1,1.0,1,0.04661527378570366,48
3187,0,4184,2350,1834,0,0,0,1.0,1,1.0,1,1.0,1,0.06371590505993369,48
3188,1,4185,2351,1834,0,0,0,1.0,1,1.0,1,1.0,1,0.08485584527747081,48
3189,0,4185,2351,1834,0,0,0,1.0,1,1.0,1,1.0,1,0.0952775481754825,49
3190,2,4187,2352,1835,0,0,0,1.0,1,1.0,1,1.0,1,0.10469874422976658,51
3191,2,4189,2353,1836,0,0,0,1.0,1,1.0,1,1.0,1,0.0712411800135911,52
3192,1,4190,2354,1836,0,0,0,1.0,1,1.0,1,1.0,1,0.06195715002921138,52
3193,2,4192,2355,1837,0,0,0,1.0,1,1.0,1,1.0,1,0.07347051373053205,52
3194,1,4193,2355,1838,0,0,0,1.0,1,1.0,1,1.0,1,0.055993984599369814,54
3195,0,4193,2355,1838,0,0,0,1.0,1,1.0,1,1.0,1,0.055993984599369814,54
3196,1,4194,2356,1838,0,0,0,1.0,1,1.0,1,1.0,1,0.04755383168547795,54
3197,0,4194,2356,1838,0,0,0,1.0,1,1.0,1,1.0,1,0.04568238770669103,54
3198,2,4196,2358,1838,0,0,0,1.0,1,1.0,1,1.0,1,0.06733586835127131,54
3199,3,4199,2360,1839,0,0,0,1.0,1,1.0,1,1.0,1,0.044926925536005455,56
3200,1,4200,2361,1839,0,0,0,1.0,1,1.0,1,1.0,1,0.06967962367060544,56
3201,0,4200,2361,1839,0,0,0,1.0,1,1.0,1,1.0,1,0.06967962367060544,56
3202,3,4203,2363,1840,0,0,0,1.0,1,1.0,1,1.0,1,0.08909615514684711,57
3203,2,4205,2364,1841,0,0,0,1.0,1,1.0,1,1.0,1,0.08459933509345872,56
3204,0,4205,2364,1841,0,0,0,1.0,1,1.0,1,1.0,1,0.07858113203185471,55
3205,0,4205,2364,1841,0,0,0,1.0,1,1.0,1,1.0,1,0.08948344939065352,54
3206,6,4211,2368,1843,0,0,0,1.0,1,1.0,1,1.0,1,0.10491845831454855,56
3207,0,4211,2368,1843,0,0,0,1.0,1,1.0,1,1.0,1,0.13279322715905859,54
3208,3,4214,2370,1844,0,0,0,1.0,1,1.0,1,1.0,1,0.16483466179402395,53
3209,0,4214,2370,1844,0,0,0,1.0,1,1.0,1,1.0,1,0.15732369030685292,54
3210,2,4216,2372,1844,0,0,0,1.0,1,1.0,1,1.0,1,0.19942097602177375,53
3211,1,4217,2373,1844,0,0,0,1.0,1,1.0,1,1.0,1,0.21397978719673144,53
3212,1,4218,2373,1845,0,0,0,1.0,1,1.0,1,1.0,1,0.202357672765123,54
3213,0,4218,2373,1845,0,0,0,1.0,1,1.0,1,1.0,1,0.18820099523384953,54
3214,1,4219,2373,1846,0,0,0,1.0,1,1.0,1,1.0,1,0.18206591176650347,55
3215,2,4221,2374,1847,0,0,0,1.0,1,1.0,1,1.0,1,0.16265118325946154,55
3216,2,4223,2375,1848,0,0,0,1.0,1,1.0,1,1.0,1,0.1719829361589098,55
3217,4,4227,2378,1849,0,0,0,1.0,1,1.0,1,1.0,1,0.19453683302137023,54
3218,0,4227,2378,1849,0,0,0,1.0,1,1.0,1,1.0,1,0.19453683302137023,54
3219,1,4228,2379,1849,0,0,0,1.0,1,1.0,1,1.0,1,0.19918541877159232,55
3220,0,4228,2379,1849,0,0,0,1.0,1,1.0,1,1.0,1,0.17768016264474737,56
3221,0,4228,2379,1849,0,0,0,1.0,1,1.0,1,1.0,1,0.19102696114093687,57
3222,0,4228,2379,1849,0,0,0,1.0,1,1.0,1,1.0,1,0.19102696114093687,57
3223,1,4229,2380,1849,0,0,0,1.0,1,1.0,1,1.0,1,0.20455910068065714,56
3224,2,4231,2381,1850,0,0,0,1.0,1,1.0,1,1.0,1,0.1772982661942878,58
3225,3,4234,2384,1850,0,0,0,1.0,1,1.0,1,1.0,1,0.18882306105413887,55
3226,1,4235,2385,1850,0,0,0,1.0,1,1.0,1,1.0,1,0.19581458689921474,54
3227,1,4236,2386,1850,0,0,0,1.0,1,1.0,1,1.0,1,0.17406961875854918,53
3228,2,4238,2387,1851,0,0,0,1.0,1,1.0,1,1.0,1,0.14294752317030118,52
3229,0,4238,2387,1851,0,0,0,1.0,1,1.0,1,1.0,1,0.12515837694901819,52
3230,2,4240,2389,1851,0,0,0,1.0,1,1.0,1,1.0,1,0.12357074621288282,50
3231,1,4241,2390,1851,0,0,0,1.0,1,1.0,1,1.0,1,0.14513861783435722,50
3232,3,4244,2393,1851,0,0,0,1.0,1,1.0,1,1.0,1,0.16486407190909985,50
3233,0,4244,2393,1851,0,0,0,1.0,1,1.0,1,1.0,1,0.17385280199610068,50
3234,1,4245,2394,1851,0,0,0,1.0,1,1.0,1,1.0,1,0.19921998177716932,49
3235,2,4247,2396,1851,0,0,0,1.0,1,1.0,1,1.0,1,0.23718984523659467,49
3236,2,4249,2396,1853,0,0,0,1.0,1,1.0,1,1.0,1,0.2024843925326613,51
3237,0,4249,2396,1853,0,0,0,1.0,1,1.0,1,1.0,1,0.2106828338469892,53
3238,2,4251,2397,1854,0,0,0,1.0,1,1.0,1,1.0,1,0.22596441146279903,53
3239,0,4251,2397,1854,0,0,0,1.0,1,1.0,1,1.0,1,0.22596441146279903,53
3240,1,4252,2397,1855,0,0,0,1.0,1,1.0,1,1.0,1,0.2067656418259012,53
3241,0,4252,2397,1855,0,0,0,1.0,1,1.0,1,1.0,1,0.20051578426978361,53
3242,1,4253,2398,1855,0,0,0,1.0,1,1.0,1,1.0,1,0.21005220752759815,53
3243,1,4254,2398,1856,0,0,0,1.0,1,1.0,1,1.0,1,0.1838505897630766,56
3244,0,4254,2398,1856,0,0,0,1.0,1,1.0,1,1.0,1,0.19317196396070538,57
3245,1,4255,2398,1857,0,0,0,1.0,1,1.0,1,1.0,1,0.17381631108697718,59
3246,0,4255,2398,1857,0,0,0,1.0,1,1.0,1,1.0,1,0.17381631108697718,59
3247,1,4256,2399,1857,0,0,0,1.0,1,1.0,1,1.0,1,0.18501117908909148,59
3248,1,4257,2399,1858,0,0,0,1.0,1,1.0,1,1.0,1,0.1641935949069768,59
3249,1,4258,2399,1859,0,0,0,1.0,1,1.0,1,1.0,1,0.16351844891365575,58
3250,0,4258,2399,1859,0,0,0,1.0,1,1.0,1,1.0,1,0.16351844891365575,58
3251,2,4260,2400,1860,0,0,0,1.0,1,1.0,1,1.0,1,0.17560399095432175,57
3252,1,4261,2400,1861,0,0,0,1.0,1,1.0,1,1.0,1,0.18533202118575845,57
3253,1,4262,2400,1862,0,0,0,1.0,1,1.0,1,1.0,1,0.1759841863208688,56
3254,1,4263,2400,1863,0,0,0,1.0,1,1.0,1,1.0,1,0.1508615502103689,57
3255,2,4265,2401,1864,0,0,0,1.0,1,1.0,1,1.0,1,0.14400998217462366,57
3256,2,4267,2401,1866,0,0,0,1.0,1,1.0,1,1.0,1,0.11658999425028155,57
3257,1,4268,2401,1867,0,0,0,1.0,1,1.0,1,1.0,1,0.09600632641334121,57
3258,4,4272,2403,1869,0,0,0,1.0,1,1.0,1,1.0,1,0.03604802406510203,58
3259,1,4273,2403,1870,0,0,0,1.0,1,1.0,1,1.0,1,0.014027578214857532,59
3260,3,4276,2405,1871,0,0,0,1.0,1,1.0,1,1.0,1,0.027516901155919826,60
3261,3,4279,2408,1871,0,0,0,1.0,1,1.0,1,1.0,1,0.06153102634781011,60
3262,3,4282,2411,1871,0,0,0,1.0,1,1.0,1,1.0,1,0.08247577780779486,61
3263,4,4286,2415,1871,0,0,0,1.0,1,1.0,1,1.0,1,0.06020594063332939,62
3264,2,4288,2417,1871,0,0,0,1.0,1,1.0,1,1.0,1,0.0754761935799248,60
3265,3,4291,2420,1871,0,0,0,1.0,1,1.0,1,1.0,1,0.08119677875906997,58
3266,5,4296,2423,1873,0,0,0,1.0,1,1.0,1,1.0,1,0.0802947305095212,59
3267,2,4298,2424,1874,0,0,0,1.0,1,1.0,1,1.0,1,0.10702530603451113,60
3268,1,4299,2425,1874,0,0,0,1.0,1,1.0,1,1.0,1,0.13907030192751818,58
3269,2,4301,2427,1874,0,0,0,1.0,1,1.0,1,1.0,1,0.08608368223367462,57
3270,2,4303,2429,1874,0,0,0,1.0,1,1.0,1,1.0,1,0.06436908350368598,56
3271,2,4305,2431,1874,0,0,0,1.0,1,1.0,1,1.0,1,0.059643262561816325,55
3272,1,4306,2432,1874,0,0,0,1.0,1,1.0,1,1.0,1,0.07608490973076247,55
3273,1,4307,2433,1874,0,0,0,1.0,1,1.0,1,1.0,1,0.062254289926025275,55
3274,0,4307,2433,1874,0,0,0,1.0,1,1.0,1,1.0,1,0.068988324296993,55
3275,1,4308,2434,1874,0,0,0,1.0,1,1.0,1,1.0,1,0.06234426082764426,55
3276,2,4310,2434,1876,0,0,0,1.0,1,1.0,1,1.0,1,0.04415544092317489,55
3277,0,4310,2434,1876,0,0,0,1.0,1,1.0,1,1.0,1,0.026126597853413584,57
3278,0,4310,2434,1876,0,0,0,1.0,1,1.0,1,1.0,1,0.017505682821852,56
3279,1,4311,2435,1876,0,0,0,1.0,1,1.0,1,1.0,1,0.017468966032762934,54
3280,0,4311,2435,1876,0,0,0,1.0,1,1.0,1,1.0,1,0.03610627954976828,53
3281,2,4313,2437,1876,0,0,0,1.0,1,1.0,1,1.0,1,0.08277405305531142,52
3282,0,4313,2437,1876,0,0,0,1.0,1,1.0,1,1.0,1,0.0829033614904058,50
3283,1,4314,2438,1876,0,0,0,1.0,1,1.0,1,1.0,1,0.11992244723808002,50
3284,5,4319,2443,1876,0,0,0,1.0,1,1.0,1,1.0,1,0.11919998919785799,47
3285,0,4319,2443,1876,0,0,0,1.0,1,1.0,1,1.0,1,0.10096209702843002,48
3286,5,4324,2448,1876,0,0,0,1.0,1,1.0,1,1.0,1,0.10018152448589213,46
3287,4,4328,2450,1878,0,0,0,1.0,1,1.0,1,1.0,1,0.13539771696841998,46
3288,4,4332,2453,1879,0,0,0,1.0,1,1.0,1,1.0,1,0.1844832208761417,46
3289,3,4335,2455,1880,0,0,0,1.0,1,1.0,1,1.0,1,0.1865665652715078,48
3290,5,4340,2457,1883,0,0,0,1.0,1,1.0,1,1.0,1,0.16903561502092707,48
3291,7,4347,2459,1888,0,0,0,1.0,1,1.0,1,1.0,1,0.053825201661073255,50
3292,2,4349,2460,1889,0,0,0,1.0,1,1.0,1,1.0,1,0.06944353993858868,50
3293,0,4349,2460,1889,0,0,0,1.0,1,1.0,1,1.0,1,0.062374487473298386,51
3294,1,4350,2461,1889,0,0,0,1.0,1,1.0,1,1.0,1,0.07865791591555917,50
3295,3,4353,2463,1890,0,0,0,1.0,1,1.0,1,1.0,1,0.077293947690293,50
3296,1,4354,2463,1891,0,0,0,1.0,1,1.0,1,1.0,1,0.061244779231207074,50
3297,2,4356,2465,1891,0,0,0,1.0,1,1.0,1,1.0,1,0.03685576553522504,51
3298,1,4357,2466,1891,0,0,0,1.0,1,1.0,1,1.0,1,0.044960769330236565,52
3299,1,4358,2467,1891,0,0,0,1.0,1,1.0,1,1.0,1,0.04193136657273429,53
3300,2,4360,2468,1892,0,0,0,1.0,1,1.0,1,1.0,1,0.02114807636670241,53
3301,0,4360,2468,1892,0,0,0,1.0,1,1.0,1,1.0,1,0.02114807636670241,53
3302,2,4362,2470,1892,0,0,0,1.0,1,1.0,1,1.0,1,0.05297498366461649,53
3303,0,4362,2470,1892,0,0,0,1.0,1,1.0,1,1.0,1,0.04968425849253428,52
3304,0,4362,2470,1892,0,0,0,1.0,1,1.0,1,1.0,1,0.02918379681587682,52
3305,1,4363,2471,1892,0,0,0,1.0,1,1.0,1,1.0,1,0.06573726201499655,51
3306,0,4363,2471,1892,0,0,0,1.0,1,1.0,1,1.0,1,0.043247956026575225,51
3307,1,4364,2472,1892,0,0,0,1.0,1,1.0,1,1.0,1,0.052854070300683655,48
3308,1,4365,2473,1892,0,0,0,1.0,1,1.0,1,1.0,1,0.07011843600160028,48
3309,1,4366,2474,1892,0,0,0,1.0,1,1.0,1,1.0,1,0.08141769565649049,48
3310,0,4366,2474,1892,0,0,0,1.0,1,1.0,1,1.0,1,0.10028525819925749,47
3311,5,4371,2477,1894,0,0,0,1.0,1,1.0,1,1.0,1,0.10620746974303905,49
3312,1,4372,2478,1894,0,0,0,1.0,1,1.0,1,1.0,1,0.14466595821903058,48
3313,3,4375,2481,1894,0,0,0,1.0,1,1.0,1,1.0,1,0.18321844756966407,49
3314,3,4378,2482,1896,0,0,0,1.0,1,1.0,1,1.0,1,0.2153296503431104,47
3315,2,4380,2483,1897,0,0,0,1.0,1,1.0,1,1.0,1,0.22961272136381353,47
3316,4,4384,2483,1901,0,0,0,1.0,1,1.0,1,1.0,1,0.19154510362439173,47
3317,0,4384,2483,1901,0,0,0,1.0,1,1.0,1,1.0,1,0.16303793949162385,46
3318,0,4384,2483,1901,0,0,0,1.0,1,1.0,1,1.0,1,0.1469700388336857,45
3319,2,4386,2485,1901,0,0,0,1.0,1,1.0,1,1.0,1,0.13378139384874413,44
3320,0,4386,2485,1901,0,0,0,1.0,1,1.0,1,1.0,1,0.1308686373368054,43
3321,4,4390,2487,1903,0,0,0,1.0,1,1.0,1,1.0,1,0.09793201759115916,43
3322,1,4391,2488,1903,0,0,0,1.0,1,1.0,1,1.0,1,0.0913355668561444,40
3323,4,4395,2492,1903,0,0,0,1.0,1,1.0,1,1.0,1,0.14091157962074435,40
3324,1,4396,2493,1903,0,0,0,1.0,1,1.0,1,1.0,1,0.14102856571262967,40
3325,3,4399,2495,1904,0,0,0,1.0,1,1.0,1,1.0,1,0.16791043350653892,40
3326,5,4404,2498,1906,0,0,0,1.0,1,1.0,1,1.0,1,0.11700936314211283,41
3327,2,4406,2499,1907,0,0,0,1.0,1,1.0,1,1.0,1,0.09912483624201045,39
3328,3,4409,2501,1908,0,0,0,1.0,1,1.0,1,1.0,1,0.13339162748277103,41
3329,0,4409,2501,1908,0,0,0,1.0,1,1.0,1,1.0,1,0.10888641722336477,39
3330,2,4411,2502,1909,0,0,0,1.0,1,1.0,1,1.0,1,0.09147759092265079,40
3331,0,4411,2502,1909,0,0,0,1.0,1,1.0,1,1.0,1,0.06592726276515433,38
3332,1,4412,2502,1910,0,0,0,1.0,1,1.0,1,1.0,1,0.06261611522274609,38
3333,1,4413,2503,1910,0,0,0,1.0,1,1.0,1,1.0,1,0.08968719381643053,38
3334,1,4414,2503,1911,0,0,0,1.0,1,1.0,1,1.0,1,0.09356880267554538,40
3335,0,4414,2503,1911,0,0,0,1.0,1,1.0,1,1.0,1,0.09356880267554538,40
3336,0,4414,2503,1911,0,0,0,1.0,1,1.0,1,1.0,1,0.12065423954977189,39
3337,0,4414,2503,1911,0,0,0,1.0,1,1.0,1,1.0,1,0.1233736925045816,40
3338,4,4418,2506,1912,0,0,0,1.0,1,1.0,1,1.0,1,0.126436352165896,41
3339,3,4421,2507,1914,0,0,0,1.0,1,1.0,1,1.0,1,0.08512451646317694,42
3340,2,4423,2509,1914,0,0,0,1.0,1,1.0,1,1.0,1,0.1387773908737666,43
3341,2,4425,2509,1916,0,0,0,1.0,1,1.0,1,1.0,1,0.11290500441925003,43
3342,1,4426,2510,1916,0,0,0,1.0,1,1.0,1,1.0,1,0.15361913273719682,44
3343,0,4426,2510,1916,0,0,0,1.0,1,1.0,1,1.0,1,0.15361913273719682,44
3344,1,4427,2510,1917,0,0,0,1.0,1,1.0,1,1.0,1,0.1720356060723655,44
3345,0,4427,2510,1917,0,0,0,1.0,1,1.0,1,1.0,1,0.1869331689812153,43
3346,1,4428,2510,1918,0,0,0,1.0,1,1.0,1,1.0,1,0.17007304288245334,42
3347,0,4428,2510,1918,0,0,0,1.0,1,1.0,1,1.0,1,0.1531428976189496,44
3348,1,4429,2510,1919,0,0,0,1.0,1,1.0,1,1.0,1,0.14762955176801668,45
3349,2,4431,2512,1919,0,0,0,1.0,1,1.0,1,1.0,1,0.12951571857994904,45
3350,0,4431,2512,1919,0,0,0,1.0,1,1.0,1,1.0,1,0.10941501261997266,46
3351,0,4431,2512,1919,0,0,0,1.0,1,1.0,1,1.0,1,0.11492944137365595,47
3352,0,4431,2512,1919,0,0,0,1.0,1,1.0,1,1.0,1,0.11492944137365595,47
3353,1,4432,2512,1920,0,0,0,1.0,1,1.0,1,1.0,1,0.09873705397191847,48
3354,1,4433,2513,1920,0,0,0,1.0,1,1.0,1,1.0,1,0.12484877137722747,48
3355,2,4435,2514,1921,0,0,0,1.0,1,1.0,1,1.0,1,0.11502249000208724,48
3356,0,4435,2514,1921,0,0,0,1.0,1,1.0,1,1.0,1,0.08815118405627914,48
3357,1,4436,2515,1921,0,0,0,1.0,1,1.0,1,1.0,1,0.09325246654906831,47
3358,1,4437,2516,1921,0,0,0,1.0,1,1.0,1,1.0,1,0.11448976783020541,46
3359,1,4438,2517,1921,0,0,0,1.0,1,1.0,1,1.0,1,0.13041691333475122,45
3360,2,4440,2519,1921,0,0,0,1.0,1,1.0,1,1.0,1,0.18094732360795768,44
3361,3,4443,2520,1923,0,0,0,1.0,1,1.0,1,1.0,1,0.16128952244102748,43
3362,1,4444,2521,1923,0,0,0,1.0,1,1.0,1,1.0,1,0.20078150989829652,42
3363,2,4446,2522,1924,0,0,0,1.0,1,1.0,1,1.0,1,0.21966548273897257,41
3364,1,4447,2522,1925,0,0,0,1.0,1,1.0,1,1.0,1,0.17958115571532965,41
3365,0,4447,2522,1925,0,0,0,1.0,1,1.0,1,1.0,1,0.180437237870564,41
3366,2,4449,2522,1927,0,0,0,1.0,1,1.0,1,1.0,1,0.14173379480166542,40
3367,0,4449,2522,1927,0,0,0,1.0,1,1.0,1,1.0,1,0.12246319554446222,39
3368,0,4449,2522,1927,0,0,0,1.0,1,1.0,1,1.0,1,0.12246319554446222,39
3369,0,4449,2522,1927,0,0,0,1.0,1,1.0,1,1.0,1,0.10715121306938234,40
3370,2,4451,2524,1927,0,0,0,1.0,1,1.0,1,1.0,1,0.09392300417130615,41
3371,2,4453,2525,1928,0,0,0,1.0,1,1.0,1,1.0,1,0.10589539637944469,41
3372,2,4455,2527,1928,0,0,0,1.0,1,1.0,1,1.0,1,0.1335811862268233,40
3373,0,4455,2527,1928,0,0,0,1.0,1,1.0,1,1.0,1,0.14466789716605583,41
3374,0,4455,2527,1928,0,0,0,1.0,1,1.0,1,1.0,1,0.13844683181955075,42
3375,1,4456,2527,1929,0,0,0,1.0,1,1.0,1,1.0,1,0.12225138412847218,44
3376,3,4459,2527,1932,0,0,0,1.0,1,1.0,1,1.0,1,0.07771507966009225,46
3377,0,4459,2527,1932,0,0,0,1.0,1,1.0,1,1.0,1,0.09236083557604184,47
3378,2,4461,2528,1933,0,0,0,1.0,1,1.0,1,1.0,1,0.07508351503756595,48
3379,0,4461,2528,1933,0,0,0,1.0,1,1.0,1,1.0,1,0.07508351503756595,48
3380,0,4461,2528,1933,0,0,0,1.0,1,1.0,1,1.0,1,0.07508351503756595,48
3381,1,4462,2528,1934,0,0,0,1.0,1,1.0,1,1.0,1,0.06267230201727292,48
3382,2,4464,2529,1935,0,0,0,1.0,1,1.0,1,1.0,1,0.05173861724021515,49
3383,0,4464,2529,1935,0,0,0,1.0,1,1.0,1,1.0,1,0.08136692578511913,47
3384,3,4467,2531,1936,0,0,0,1.0,1,1.0,1,1.0,1,0.11809802059799247,48
3385,0,4467,2531,1936,0,0,0,1.0,1,1.0,1,1.0,1,0.1384545239381728,47
3386,5,4472,2532,1940,0,0,0,1.0,1,1.0,1,1.0,1,0.14391153626527978,49
3387,0,4472,2532,1940,0,0,0,1.0,1,1.0,1,1.0,1,0.15190033125584287,48
3388,1,4473,2533,1940,0,0,0,1.0,1,1.0,1,1.0,1,0.18400092369940121,48
3389,2,4475,2533,1942,0,0,0,1.0,1,1.0,1,1.0,1,0.1852365195719808,50
3390,1,4476,2534,1942,0,0,0,1.0,1,1.0,1,1.0,1,0.17894215967247912,51
3391,4,4480,2535,1945,0,0,0,1.0,1,1.0,1,1.0,1,0.17593052205574022,51
3392,1,4481,2535,1946,0,0,0,1.0,1,1.0,1,1.0,1,0.15359340698978396,52
3393,2,4483,2536,1947,0,0,0,1.0,1,1.0,1,1.0,1,0.12729575731664897,52
3394,0,4483,2536,1947,0,0,0,1.0,1,1.0,1,1.0,1,0.12729575731664897,52
3395,0,4483,2536,1947,0,0,0,1.0,1,1.0,1,1.0,1,0.11013895357839171,50
3396,1,4484,2537,1947,0,0,0,1.0,1,1.0,1,1.0,1,0.0953844914603894,49
3397,1,4485,2538,1947,0,0,0,1.0,1,1.0,1,1.0,1,0.08328213493059707,49
3398,0,4485,2538,1947,0,0,0,1.0,1,1.0,1,1.0,1,0.08078742348170748,48
3399,1,4486,2539,1947,0,0,0,1.0,1,1.0,1,1.0,1,0.0957244023360443,49
3400,1,4487,2540,1947,0,0,0,1.0,1,1.0,1,1.0,1,0.08786834031474487,50
3401,0,4487,2540,1947,0,0,0,1.0,1,1.0,1,1.0,1,0.09101220213213139,51
3402,1,4488,2541,1947,0,0,0,1.0,1,1.0,1,1.0,1,0.10565298878875734,51
3403,2,4490,2543,1947,0,0,0,1.0,1,1.0,1,1.0,1,0.1344975729329232,51
3404,4,4494,2544,1950,0,0,0,1.0,1,1.0,1,1.0,1,0.10211522910209932,51
3405,1,4495,2545,1950,0,0,0,1.0,1,1.0,1,1.0,1,0.12299603408926496,51
3406,0,4495,2545,1950,0,0,0,1.0,1,1.0,1,1.0,1,0.12809561577987413,51
3407,1,4496,2546,1950,0,0,0,1.0,1,1.0,1,1.0,1,0.13388209720609845,52
3408,1,4497,2546,1951,0,0,0,1.0,1,1.0,1,1.0,1,0.13709416333008406,53
3409,1,4498,2547,1951,0,0,0,1.0,1,1.0,1,1.0,1,0.12633940664499962,54
3410,1,4499,2548,1951,0,0,0,1.0,1,1.0,1,1.0,1,0.1348151016850613,54
3411,1,4500,2549,1951,0,0,0,1.0,1,1.0,1,1.0,1,0.13369343506379464,54
3412,3,4503,2550,1953,0,0,0,1.0,1,1.0,1,1.0,1,0.13312471212953278,55
3413,0,4503,2550,1953,0,0,0,1.0,1,1.0,1,1.0,1,0.13312471212953278,55
3414,0,4503,2550,1953,0,0,0,1.0,1,1.0,1,1.0,1,0.13886029033745778,55
3415,3,4506,2552,1954,0,0,0,1.0,1,1.0,1,1.0,1,0.13694661809201572,56
3416,3,4509,2552,1957,0,0,0,1.0,1,1.0,1,1.0,1,0.11152716597900958,55
3417,1,4510,2552,1958,0,0,0,1.0,1,1.0,1,1.0,1,0.1157252467373475,56
3418,1,4511,2553,1958,0,0,0,1.0,1,1.0,1,1.0,1,0.15948009957328943,55
3419,1,4512,2553,1959,0,0,0,1.0,1,1.0,1,1.0,1,0.16439182814974007,56
3420,0,4512,2553,1959,0,0,0,1.0,1,1.0,1,1.0,1,0.18534882077976028,55
3421,5,4517,2553,1964,0,0,0,1.0,1,1.0,1,1.0,1,0.1432935461801455,57
3422,0,4517,2553,1964,0,0,0,1.0,1,1.0,1,1.0,1,0.1489476127415182,56
3423,1,4518,2554,1964,0,0,0,1.0,1,1.0,1,1.0,1,0.14307322006658188,56
3424,1,4519,2555,1964,0,0,0,1.0,1,1.0,1,1.0,1,0.15861646226560958,56
3425,0,4519,2555,1964,0,0,0,1.0,1,1.0,1,1.0,1,0.15861646226560958,56
3426,3,4522,2555,1967,0,0,0,1.0,1,1.0,1,1.0,1,0.13036565002224068,55
3427,1,4523,2555,1968,0,0,0,1.0,1,1.0,1,1.0,1,0.1398067625385642,55
3428,1,4524,2555,1969,0,0,0,1.0,1,1.0,1,1.0,1,0.13067078278100624,55
3429,1,4525,2556,1969,0,0,0,1.0,1,1.0,1,1.0,1,0.1635661406226697,54
3430,1,4526,2556,1970,0,0,0,1.0,1,1.0,1,1.0,1,0.14357292592430684,56
3431,2,4528,2557,1971,0,0,0,1.0,1,1.0,1,1.0,1,0.1337175066040745,54
3432,3,4531,2558,1973,0,0,0,1.0,1,1.0,1,1.0,1,0.1375392598267113,56
3433,3,4534,2559,1975,0,0,0,1.0,1,1.0,1,1.0,1,0.12475277025700306,53
3434,3,4537,2561,1976,0,0,0,1.0,1,1.0,1,1.0,1,0.10607724455452407,51
3435,2,4539,2563,1976,0,0,0,1.0,1,1.0,1,1.0,1,0.12929035192705685,51
3436,3,4542,2564,1978,0,0,0,1.0,1,1.0,1,1.0,1,0.10540660470499219,51
3437,3,4545,2566,1979,0,0,0,1.0,1,1.0,1,1.0,1,0.10271394698093024,53
3438,1,4546,2566,1980,0,0,0,1.0,1,1.0,1,1.0,1,0.05416137285718501,52
3439,2,4548,2567,1981,0,0,0,1.0,1,1.0,1,1.0,1,0.05409551909249892,54
3440,1,4549,2568,1981,0,0,0,1.0,1,1.0,1,1.0,1,0.059251670132858314,52
3441,1,4550,2568,1982,0,0,0,1.0,1,1.0,1,1.0,1,0.038240267554525635,53
3442,0,4550,2568,1982,0,0,0,1.0,1,1.0,1,1.0,1,0.02837437480842155,53
3443,0,4550,2568,1982,0,0,0,1.0,1,1.0,1,1.0,1,0.03459477512242409,53
3444,0,4550,2568,1982,0,0,0,1.0,1,1.0,1,1.0,1,0.038465065037387655,52
3445,2,4552,2570,1982,0,0,0,1.0,1,1.0,1,1.0,1,0.05199817730414605,53
3446,1,4553,2571,1982,0,0,0,1.0,1,1.0,1,1.0,1,0.10916902906122798,53
3447,0,4553,2571,1982,0,0,0,1.0,1,1.0,1,1.0,1,0.10916902906122798,53
3448,2,4555,2573,1982,0,0,0,1.0,1,1.0,1,1.0,1,0.19160765552674316,52
3449,4,4559,2576,1983,0,0,0,1.0,1,1.0,1,1.0,1,0.15505596705702507,52
3450,2,4561,2578,1983,0,0,0,1.0,1,1.0,1,1.0,1,0.16383376437057942,52
3451,8,4569,2582,1987,0,0,0,1.0,1,1.0,1,1.0,1,0.15165950849178658,54
3452,1,4570,2583,1987,0,0,0,1.0,1,1.0,1,1.0,1,0.14277765596413888,54
3453,1,4571,2584,1987,0,0,0,1.0,1,1.0,1,1.0,1,0.13650784741951022,54
3454,0,4571,2584,1987,0,0,0,1.0,1,1.0,1,1.0,1,0.13060634902351625,57
3455,0,4571,2584,1987,0,0,0,1.0,1,1.0,1,1.0,1,0.13060634902351625,57
3456,4,4575,2584,1991,0,0,0,1.0,1,1.0,1,1.0,1,0.101768593514781,58
3457,0,4575,2584,1991,0,0,0,1.0,1,1.0,1,1.0,1,0.11879555990928645,57
3458,0,4575,2584,1991,0,0,0,1.0,1,1.0,1,1.0,1,0.11927273376982916,57
3459,0,4575,2584,1991,0,0,0,1.0,1,1.0,1,1.0,1,0.11927273376982916,57
3460,0,4575,2584,1991,0,0,0,1.0,1,1.0,1,1.0,1,0.11339035393299633,58
3461,3,4578,2585,1993,0,0,0,1.0,1,1.0,1,1.0,1,0.09864895811125286,59
3462,2,4580,2586,1994,0,0,0,1.0,1,1.0,1,1.0,1,0.07446391044159917,59
3463,1,4581,2587,1994,0,0,0,1.0,1,1.0,1,1.0,1,0.06755266908276247,59
3464,0,4581,2587,1994,0,0,0,1.0,1,1.0,1,1.0,1,0.08996922570555717,59
3465,2,4583,2589,1994,0,0,0,1.0,1,1.0,1,1.0,1,0.08666760811489463,57
3466,2,4585,2589,1996,0,0,0,1.0,1,1.0,1,1.0,1,0.062456580241717824,57
3467,4,4589,2591,1998,0,0,0,1.0,1,1.0,1,1.0,1,0.10299226626163081,57
3468,0,4589,2591,1998,0,0,0,1.0,1,1.0,1,1.0,1,0.10713210614721692,57
3469,4,4593,2595,1998,0,0,0,1.0,1,1.0,1,1.0,1,0.10758103124636688,53
3470,1,4594,2596,1998,0,0,0,1.0,1,1.0,1,1.0,1,0.1279682344213465,50
3471,2,4596,2598,1998,0,0,0,1.0,1,1.0,1,1.0,1,0.1741702878143241,49
3472,2,4598,2599,1999,0,0,0,1.0,1,1.0,1,1.0,1,0.15141068195141896,47
3473,2,4600,2601,1999,0,0,0,1.0,1,1.0,1,1.0,1,0.20205347717656502,45
3474,1,4601,2602,1999,0,0,0,1.0,1,1.0,1,1.0,1,0.21371181010622192,42
3475,3,4604,2604,2000,0,0,0,1.0,1,1.0,1,1.0,1,0.27314327074855044,43
3476,6,4610,2606,2004,0,0,0,1.0,1,1.0,1,1.0,1,0.22554018167770218,41
3477,3,4613,2608,2005,0,0,0,1.0,1,1.0,1,1.0,1,0.18179650668903624,42
3478,3,4616,2610,2006,0,0,0,1.0,1,1.0,1,1.0,1,0.18553498614278802,40
3479,1,4617,2610,2007,0,0,0,1.0,1,1.0,1,1.0,1,0.13360119009368562,40
3480,1,4618,2611,2007,0,0,0,1.0,1,1.0,1,1.0,1,0.13724913709364558,40
3481,2,4620,2611,2009,0,0,0,1.0,1,1.0,1,1.0,1,0.0919818625961019,40
3482,0,4620,2611,2009,0,0,0,1.0,1,1.0,1,1.0,1,0.0919818625961019,40
3483,2,4622,2613,2009,0,0,0,1.0,1,1.0,1,1.0,1,0.15568798643803344,39
3484,0,4622,2613,2009,0,0,0,1.0,1,1.0,1,1.0,1,0.15568798643803344,39
3485,3,4625,2615,2010,0,0,0,1.0,1,1.0,1,1.0,1,0.24539389756074853,40
3486,4,4629,2615,2014,0,0,0,1.0,1,1.0,1,1.0,1,0.1913640560114414,41
3487,3,4632,2615,2017,0,0,0,1.0,1,1.0,1,1.0,1,0.16873433445631905,41
3488,1,4633,2615,2018,0,0,0,1.0,1,1.0,1,1.0,1,0.1420738271782611,42
3489,0,4633,2615,2018,0,0,0,1.0,1,1.0,1,1.0,1,0.13304026779240075,44
3490,1,4634,2615,2019,0,0,0,1.0,1,1.0,1,1.0,1,0.11351790959578488,44
3491,1,4635,2615,2020,0,0,0,1.0,1,1.0,1,1.0,1,0.11706099217490082,45
3492,1,4636,2615,2021,0,0,0,1.0,1,1.0,1,1.0,1,0.09291922881945051,45
3493,0,4636,2615,2021,0,0,0,1.0,1,1.0,1,1.0,1,0.09291922881945051,45
3494,0,4636,2615,2021,0,0,0,1.0,1,1.0,1,1.0,1,0.09291922881945051,45
3495,1,4637,2616,2021,0,0,0,1.0,1,1.0,1,1.0,1,0.08837258617616404,45
3496,2,4639,2616,2023,0,0,0,1.0,1,1.0,1,1.0,1,0.07355085685923299,46
3497,0,4639,2616,2023,0,0,0,1.0,1,1.0,1,1.0,1,0.060876117687276576,47
3498,1,4640,2617,2023,0,0,0,1.0,1,1.0,1,1.0,1,0.11291923700908398,48
3499,0,4640,2617,2023,0,0,0,1.0,1,1.0,1,1.0,1,0.12894068434798947,47
3500,1,4641,2617,2024,0,0,0,1.0,1,1.0,1,1.0,1,0.11828310337373237,50
3501,2,4643,2618,2025,0,0,0,1.0,1,1.0,1,1.0,1,0.12276532927678964,50
3502,1,4644,2619,2025,0,0,0,1.0,1,1.0,1,1.0,1,0.16112299734653235,50
3503,0,4644,2619,2025,0,0,0,1.0,1,1.0,1,1.0,1,0.16112299734653235,50
3504,2,4646,2621,2025,0,0,0,1.0,1,1.0,1,1.0,1,0.20297659919310093,47
3505,0,4646,2621,2025,0,0,0,1.0,1,1.0,1,1.0,1,0.2148011192339431,48
3506,0,4646,2621,2025,0,0,0,1.0,1,1.0,1,1.0,1,0.22000980764724398,49
3507,1,4647,2621,2026,0,0,0,1.0,1,1.0,1,1.0,1,0.1954615668837216,46
3508,2,4649,2623,2026,0,0,0,1.0,1,1.0,1,1.0,1,0.2620626699167696,47
3509,0,4649,2623,2026,0,0,0,1.0,1,1.0,1,1.0,1,0.23695766957154463,44
3510,1,4650,2624,2026,0,0,0,1.0,1,1.0,1,1.0,1,0.27033883138547493,45
3511,1,4651,2624,2027,0,0,0,1.0,1,1.0,1,1.0,1,0.2456130559246988,44
3512,0,4651,2624,2027,0,0,0,1.0,1,1.0,1,1.0,1,0.23418338790722232,42
3513,0,4651,2624,2027,0,0,0,1.0,1,1.0,1,1.0,1,0.23418338790722232,42
3514,0,4651,2624,2027,0,0,0,1.0,1,1.0,1,1.0,1,0.22719131176868715,42
3515,2,4653,2624,2029,0,0,0,1.0,1,1.0,1,1.0,1,0.17873613707956656,42
3516,0,4653,2624,2029,0,0,0,1.0,1,1.0,1,1.0,1,0.19222570147854506,41
3517,1,4654,2624,2030,0,0,0,1.0,1,1.0,1,1.0,1,0.16873500774677402,44
3518,0,4654,2624,2030,0,0,0,1.0,1,1.0,1,1.0,1,0.17855967529163352,43
3519,0,4654,2624,2030,0,0,0,1.0,1,1.0,1,1.0,1,0.1679995777415385,44
3520,0,4654,2624,2030,0,0,0,1.0,1,1.0,1,1.0,1,0.1818963333028445,45
3521,1,4655,2624,2031,0,0,0,1.0,1,1.0,1,1.0,1,0.17442789809859527,45
3522,1,4656,2624,2032,0,0,0,1.0,1,1.0,1,1.0,1,0.1671847581208301,46
3523,0,4656,2624,2032,0,0,0,1.0,1,1.0,1,1.0,1,0.1671847581208301,46
3524,0,4656,2624,2032,0,0,0,1.0,1,1.0,1,1.0,1,0.14534477229648457,47
3525,0,4656,2624,2032,0,0,0,1.0,1,1.0,1,1.0,1,0.16151937662601001,48
3526,0,4656,2624,2032,0,0,0,1.0,1,1.0,1,1.0,1,0.14206916310518772,49
3527,3,4659,2626,2033,0,0,0,1.0,1,1.0,1,1.0,1,0.19308211458108768,49
3528,1,4660,2626,2034,0,0,0,1.0,1,1.0,1,1.0,1,0.18543886332882867,51
3529,1,4661,2626,2035,0,0,0,1.0,1,1.0,1,1.0,1,0.17889178362966435,51
3530,1,4662,2626,2036,0,0,0,1.0,1,1.0,1,1.0,1,0.1725057111148596,52
3531,1,4663,2626,2037,0,0,0,1.0,1,1.0,1,1.0,1,0.1660198736353474,52
3532,0,4663,2626,2037,0,0,0,1.0,1,1.0,1,1.0,1,0.1660198736353474,52
3533,0,4663,2626,2037,0,0,0,1.0,1,1.0,1,1.0,1,0.1660198736353474,52
3534,0,4663,2626,2037,0,0,0,1.0,1,1.0,1,1.0,1,0.1660198736353474,52
3535,0,4663,2626,2037,0,0,0,1.0,1,1.0,1,1.0,1,0.1660198736353474,52
3536,0,4663,2626,2037,0,0,0,1.0,1,1.0,1,1.0,1,0.17086690163930887,54
3537,0,4663,2626,2037,0,0,0,1.0,1,1.0,1,1.0,1,0.1705289938684708,55
3538,1,4664,2627,2037,0,0,0,1.0,1,1.0,1,1.0,1,0.17414216769337626,55
3539,2,4666,2627,2039,0,0,0,1.0,1,1.0,1,1.0,1,0.13764214600346036,58
3540,5,4671,2630,2041,0,0,0,1.0,1,1.0,1,1.0,1,0.15917130013382494,59
3541,1,4672,2630,2042,0,0,0,1.0,1,1.0,1,1.0,1,0.15067982969038957,59
3542,2,4674,2632,2042,0,0,0,1.0,1,1.0,1,1.0,1,0.17777860061134912,61
3543,1,4675,2632,2043,0,0,0,1.0,1,1.0,1,1.0,1,0.16197798489712,62
3544,2,4677,2634,2043,0,0,0,1.0,1,1.0,1,1.0,1,0.17711176330551565,59
3545,1,4678,2635,2043,0,0,0,1.0,1,1.0,1,1.0,1,0.19384532176498684,59
3546,2,4680,2635,2045,0,0,0,1.0,1,1.0,1,1.0,1,0.16574938287151683,57
3547,2,4682,2637,2045,0,0,0,1.0,1,1.0,1,1.0,1,0.1670766791937845,53
3548,0,4682,2637,2045,0,0,0,1.0,1,1.0,1,1.0,1,0.1670766791937845,53
3549,0,4682,2637,2045,0,0,0,1.0,1,1.0,1,1.0,1,0.1531454863773536,52
3550,0,4682,2637,2045,0,0,0,1.0,1,1.0,1,1.0,1,0.17067691788754474,51
3551,3,4685,2637,2048,0,0,0,1.0,1,1.0,1,1.0,1,0.13867264389165507,51
3552,1,4686,2637,2049,0,0,0,1.0,1,1.0,1,1.0,1,0.12110106562758953,51
3553,1,4687,2637,2050,0,0,0,1.0,1,1.0,1,1.0,1,0.12277168540000061,49
3554,1,4688,2637,2051,0,0,0,1.0,1,1.0,1,1.0,1,0.09684963510869984,49
3555,2,4690,2637,2053,0,0,0,1.0,1,1.0,1,1.0,1,0.08002288602308778,51
3556,2,4692,2637,2055,0,0,0,1.0,1,1.0,1,1.0,1,0.04577590185033192,51
3557,1,4693,2638,2055,0,0,0,1.0,1,1.0,1,1.0,1,0.05902435603852258,52
3558,1,4694,2639,2055,0,0,0,1.0,1,1.0,1,1.0,1,0.08391872969992718,52
3559,1,4695,2640,2055,0,0,0,1.0,1,1.0,1,1.0,1,0.10380669527860467,52
3560,3,4698,2642,2056,0,0,0,1.0,1,1.0,1,1.0,1,0.05902084883793072,53
3561,1,4699,2643,2056,0,0,0,1.0,1,1.0,1,1.0,1,0.08092630034821156,54
3562,2,4701,2645,2056,0,0,0,1.0,1,1.0,1,1.0,1,0.11251510307339127,54
3563,1,4702,2646,2056,0,0,0,1.0,1,1.0,1,1.0,1,0.13970160598465856,55
3564,0,4702,2646,2056,0,0,0,1.0,1,1.0,1,1.0,1,0.11551327706815256,57
3565,0,4702,2646,2056,0,0,0,1.0,1,1.0,1,1.0,1,0.12232077853923999,56
3566,1,4703,2646,2057,0,0,0,1.0,1,1.0,1,1.0,1,0.12524871355794626,57
3567,0,4703,2646,2057,0,0,0,1.0,1,1.0,1,1.0,1,0.12524871355794626,57
3568,0,4703,2646,2057,0,0,0,1.0,1,1.0,1,1.0,1,0.12524871355794626,57
3569,1,4704,2646,2058,0,0,0,1.0,1,1.0,1,1.0,1,0.10297417233668239,57
3570,2,4706,2648,2058,0,0,0,1.0,1,1.0,1,1.0,1,0.14413917286794484,59
3571,2,4708,2648,2060,0,0,0,1.0,1,1.0,1,1.0,1,0.10992769480973803,60
3572,0,4708,2648,2060,0,0,0,1.0,1,1.0,1,1.0,1,0.10057799841621486,61
3573,2,4710,2649,2061,0,0,0,1.0,1,1.0,1,1.0,1,0.10197199614929996,62
3574,0,4710,2649,2061,0,0,0,1.0,1,1.0,1,1.0,1,0.09583105724193479,63
3575,0,4710,2649,2061,0,0,0,1.0,1,1.0,1,1.0,1,0.09583105724193479,63
3576,1,4711,2650,2061,0,0,0,1.0,1,1.0,1,1.0,1,0.11295474397495073,63
3577,0,4711,2650,2061,0,0,0,1.0,1,1.0,1,1.0,1,0.10539605505593858,64
3578,0,4711,2650,2061,0,0,0,1.0,1,1.0,1,1.0,1,0.09617771964080457,64
3579,0,4711,2650,2061,0,0,0,1.0,1,1.0,1,1.0,1,0.09617771964080457,64
3580,0,4711,2650,2061,0,0,0,1.0,1,1.0,1,1.0,1,0.10654251039851274,65
3581,1,4712,2651,2061,0,0,0,1.0,1,1.0,1,1.0,1,0.11443758340242197,68
3582,0,4712,2651,2061,0,0,0,1.0,1,1.0,1,1.0,1,0.13924131825348132,68
3583,4,4716,2655,2061,0,0,0,1.0,1,1.0,1,1.0,1,0.17321067190523412,65
3584,3,4719,2658,2061,0,0,0,1.0,1,1.0,1,1.0,1,0.21570274016218854,64
3585,2,4721,2660,2061,0,0,0,1.0,1,1.0,1,1.0,1,0.19900641734782246,64
3586,10,4731,2664,2067,0,0,0,1.0,1,1.0,1,1.0,1,0.16116689667473177,65
3587,2,4733,2665,2068,0,0,0,1.0,1,1.0,1,1.0,1,0.11872217797493065,64
3588,2,4735,2667,2068,0,0,0,1.0,1,1.0,1,1.0,1,0.12226217501720481,62
3589,4,4739,2670,2069,0,0,0,1.0,1,1.0,1,1.0,1,0.14390388154955208,63
3590,2,4741,2671,2070,0,0,0,1.0,1,1.0,1,1.0,1,0.1473051401166024,63
3591,6,4747,2672,2075,0,0,0,1.0,1,1.0,1,1.0,1,0.09986833887965764,62
3592,1,4748,2673,2075,0,0,0,1.0,1,1.0,1,1.0,1,0.09040027488343655,59
3593,0,4748,2673,2075,0,0,0,1.0,1,1.0,1,1.0,1,0.07869272085658993,58
3594,0,4748,2673,2075,0,0,0,1.0,1,1.0,1,1.0,1,0.09493234847645213,57
3595,0,4748,2673,2075,0,0,0,1.0,1,1.0,1,1.0,1,0.09436486949534748,59
3596,1,4749,2674,2075,0,0,0,1.0,1,1.0,1,1.0,1,0.08438043124087417,57
3597,1,4750,2674,2076,0,0,0,1.0,1,1.0,1,1.0,1,0.09836003630545022,57
3598,2,4752,2675,2077,0,0,0,1.0,1,1.0,1,1.0,1,0.10560238888298867,57
3599,0,4752,2675,2077,0,0,0,1.0,1,1.0,1,1.0,1,0.11542822694148237,58
3600,2,4754,2676,2078,0,0,0,1.0,1,1.0,1,1.0,1,0.10758367866213843,58
3601,2,4756,2677,2079,0,0,0,1.0,1,1.0,1,1.0,1,0.10258746007447822,58
3602,0,4756,2677,2079,0,0,0,1.0,1,1.0,1,1.0,1,0.08852140520815298,60
3603,2,4758,2678,2080,0,0,0,1.0,1,1.0,1,1.0,1,0.09149117276629945,60
3604,2,4760,2679,2081,0,0,0,1.0,1,1.0,1,1.0,1,0.0995561737108997,60
3605,3,4763,2681,2082,0,0,0,1.0,1,1.0,1,1.0,1,0.11693778391139178,61
3606,4,4767,2683,2084,0,0,0,1.0,1,1.0,1,1.0,1,0.0913989767548805,63
3607,3,4770,2684,2086,0,0,0,1.0,1,1.0,1,1.0,1,0.08685597196837071,63
3608,0,4770,2684,2086,0,0,0,1.0,1,1.0,1,1.0,1,0.09442465592084573,64
3609,0,4770,2684,2086,0,0,0,1.0,1,1.0,1,1.0,1,0.10666648617398011,66
3610,2,4772,2686,2086,0,0,0,1.0,1,1.0,1,1.0,1,0.12047983655164149,67
3611,3,4775,2688,2087,0,0,0,1.0,1,1.0,1,1.0,1,0.13920099689341542,67
3612,1,4776,2689,2087,0,0,0,1.0,1,1.0,1,1.0,1,0.1569637138816275,66
3613,1,4777,2689,2088,0,0,0,1.0,1,1.0,1,1.0,1,0.1493041002126023,66
3614,1,4778,2690,2088,0,0,0,1.0,1,1.0,1,1.0,1,0.15954865803658635,65
3615,0,4778,2690,2088,0,0,0,1.0,1,1.0,1,1.0,1,0.14453316374202194,65
3616,2,4780,2690,2090,0,0,0,1.0,1,1.0,1,1.0,1,0.13284997718424987,65
3617,0,4780,2690,2090,0,0,0,1.0,1,1.0,1,1.0,1,0.12532211784838435,66
3618,0,4780,2690,2090,0,0,0,1.0,1,1.0,1,1.0,1,0.12532211784838435,66
3619,1,4781,2691,2090,0,0,0,1.0,1,1.0,1,1.0,1,0.13198004562632593,65
3620,4,4785,2692,2093,0,0,0,1.0,1,1.0,1,1.0,1,0.12442182494754113,66
3621,2,4787,2694,2093,0,0,0,1.0,1,1.0,1,1.0,1,0.09303224540029349,65
3622,2,4789,2694,2095,0,0,0,1.0,1,1.0,1,1.0,1,0.07763880246751079,65
3623,1,4790,2695,2095,0,0,0,1.0,1,1.0,1,1.0,1,0.08833492546091257,62
3624,3,4793,2698,2095,0,0,0,1.0,1,1.0,1,1.0,1,0.12043716417105244,62
3625,3,4796,2700,2096,0,0,0,1.0,1,1.0,1,1.0,1,0.1366669526048499,61
3626,3,4799,2701,2098,0,0,0,1.0,1,1.0,1,1.0,1,0.08997626668229429,58
3627,2,4801,2702,2099,0,0,0,1.0,1,1.0,1,1.0,1,0.1261638923723452,58
3628,1,4802,2702,2100,0,0,0,1.0,1,1.0,1,1.0,1,0.0925421357611418,57
3629,1,4803,2703,2100,0,0,0,1.0,1,1.0,1,1.0,1,0.125132037784587,57
3630,2,4805,2705,2100,0,0,0,1.0,1,1.0,1,1.0,1,0.08366100872832227,56
3631,2,4807,2706,2101,0,0,0,1.0,1,1.0,1,1.0,1,0.06791641763709036,54
3632,1,4808,2706,2102,0,0,0,1.0,1,1.0,1,1.0,1,0.04564546450820093,52
3633,1,4809,2707,2102,0,0,0,1.0,1,1.0,1,1.0,1,0.06345162223382056,52
3634,1,4810,2708,2102,0,0,0,1.0,1,1.0,1,1.0,1,0.0929715431003068,49
3635,1,4811,2709,2102,0,0,0,1.0,1,1.0,1,1.0,1,0.14000980089344833,47
3636,3,4814,2709,2105,0,0,0,1.0,1,1.0,1,1.0,1,0.11574301183397434,48
3637,4,4818,2712,2106,0,0,0,1.0,1,1.0,1,1.0,1,0.16735188935866846,49
3638,3,4821,2712,2109,0,0,0,1.0,1,1.0,1,1.0,1,0.13797496503217913,50
3639,4,4825,2714,2111,0,0,0,1.0,1,1.0,1,1.0,1,0.14286553821919198,52
3640,2,4827,2715,2112,0,0,0,1.0,1,1.0,1,1.0,1,0.13710244719509695,52
3641,1,4828,2715,2113,0,0,0,1.0,1,1.0,1,1.0,1,0.12596236039042982,52
3642,0,4828,2715,2113,0,0,0,1.0,1,1.0,1,1.0,1,0.12596236039042982,52
3643,0,4828,2715,2113,0,0,0,1.0,1,1.0,1,1.0,1,0.12596236039042982,52
3644,2,4830,2715,2115,0,0,0,1.0,1,1.0,1,1.0,1,0.09101597262092882,52
3645,2,4832,2716,2116,0,0,0,1.0,1,1.0,1,1.0,1,0.06976969557114884,53
3646,0,4832,2716,2116,0,0,0,1.0,1,1.0,1,1.0,1,0.06976969557114884,53
3647,0,4832,2716,2116,0,0,0,1.0,1,1.0,1,1.0,1,0.0850706486385462,55
3648,0,4832,2716,2116,0,0,0,1.0,1,1.0,1,1.0,1,0.0955312090767379,57
3649,0,4832,2716,2116,0,0,0,1.0,1,1.0,1,1.0,1,0.0955312090767379,57
3650,0,4832,2716,2116,0,0,0,1.0,1,1.0,1,1.0,1,0.09058149589585093,59
3651,0,4832,2716,2116,0,0,0,1.0,1,1.0,1,1.0,1,0.09058149589585093,59
3652,0,4832,2716,2116,0,0,0,1.0,1,1.0,1,1.0,1,0.09058149589585093,59
3653,0,4832,2716,2116,0,0,0,1.0,1,1.0,1,1.0,1,0.09058149589585093,59
3654,2,4834,2716,2118,0,0,0,1.0,1,1.0,1,1.0,1,0.07001584427871596,59
3655,2,4836,2716,2120,0,0,0,1.0,1,1.0,1,1.0,1,0.046039044176122645,62
3656,0,4836,2716,2120,0,0,0,1.0,1,1.0,1,1.0,1,0.046039044176122645,62
3657,1,4837,2717,2120,0,0,0,1.0,1,1.0,1,1.0,1,0.0720637692728894,63
3658,1,4838,2718,2120,0,0,0,1.0,1,1.0,1,1.0,1,0.09912404729783227,63
3659,3,4841,2720,2121,0,0,0,1.0,1,1.0,1,1.0,1,0.12454066336093475,62
3660,2,4843,2722,2121,0,0,0,1.0,1,1.0,1,1.0,1,0.17163770030104594,62
3661,7,4850,2723,2127,0,0,0,1.0,1,1.0,1,1.0,1,0.10070202589437395,61
3662,1,4851,2724,2127,0,0,0,1.0,1,1.0,1,1.0,1,0.13057656102561954,60
3663,3,4854,2725,2129,0,0,0,1.0,1,1.0,1,1.0,1,0.1180477204297567,61
3664,1,4855,2726,2129,0,0,0,1.0,1,1.0,1,1.0,1,0.1258962098431375,58
3665,1,4856,2727,2129,0,0,0,1.0,1,1.0,1,1.0,1,0.14816509297444094,58
3666,2,4858,2727,2131,0,0,0,1.0,1,1.0,1,1.0,1,0.11427888993268441,58
3667,1,4859,2728,2131,0,0,0,1.0,1,1.0,1,1.0,1,0.10074404516621449,58
3668,0,4859,2728,2131,0,0,0,1.0,1,1.0,1,1.0,1,0.10255878154456921,58
3669,1,4860,2729,2131,0,0,0,1.0,1,1.0,1,1.0,1,0.10390765739679818,57
3670,1,4861,2730,2131,0,0,0,1.0,1,1.0,1,1.0,1,0.11690856409457721,56
3671,1,4862,2731,2131,0,0,0,1.0,1,1.0,1,1.0,1,0.1537489632547623,57
3672,1,4863,2732,2131,0,0,0,1.0,1,1.0,1,1.0,1,0.18623032464051875,57
3673,1,4864,2732,2132,0,0,0,1.0,1,1.0,1,1.0,1,0.16469374151880167,58
3674,0,4864,2732,2132,0,0,0,1.0,1,1.0,1,1.0,1,0.17561349992602865,57
3675,0,4864,2732,2132,0,0,0,1.0,1,1.0,1,1.0,1,0.18264896222375154,58
3676,3,4867,2734,2133,0,0,0,1.0,1,1.0,1,1.0,1,0.17722797908609025,59
3677,0,4867,2734,2133,0,0,0,1.0,1,1.0,1,1.0,1,0.1689244368594388,60
3678,0,4867,2734,2133,0,0,0,1.0,1,1.0,1,1.0,1,0.19013285669146213,62
3679,0,4867,2734,2133,0,0,0,1.0,1,1.0,1,1.0,1,0.19013285669146213,62
3680,0,4867,2734,2133,0,0,0,1.0,1,1.0,1,1.0,1,0.1709143694675472,63
3681,1,4868,2734,2134,0,0,0,1.0,1,1.0,1,1.0,1,0.17239291971098494,64
3682,0,4868,2734,2134,0,0,0,1.0,1,1.0,1,1.0,1,0.17239291971098494,64
3683,0,4868,2734,2134,0,0,0,1.0,1,1.0,1,1.0,1,0.17239291971098494,64
3684,1,4869,2735,2134,0,0,0,1.0,1,1.0,1,1.0,1,0.19141380204479222,64
3685,0,4869,2735,2134,0,0,0,1.0,1,1.0,1,1.0,1,0.19141380204479222,64
3686,2,4871,2736,2135,0,0,0,1.0,1,1.0,1,1.0,1,0.19528093669575508,65
3687,0,4871,2736,2135,0,0,0,1.0,1,1.0,1,1.0,1,0.19528093669575508,65
3688,0,4871,2736,2135,0,0,0,1.0,1,1.0,1,1.0,1,0.20465827697152528,66
3689,0,4871,2736,2135,0,0,0,1.0,1,1.0,1,1.0,1,0.20465827697152528,66
3690,2,4873,2736,2137,0,0,0,1.0,1,1.0,1,1.0,1,0.19616516637951684,67
3691,1,4874,2736,2138,0,0,0,1.0,1,1.0,1,1.0,1,0.17959730955532144,68
3692,0,4874,2736,2138,0,0,0,1.0,1,1.0,1,1.0,1,0.17413265748510148,69
3693,0,4874,2736,2138,0,0,0,1.0,1,1.0,1,1.0,1,0.1715305848332227,69
3694,1,4875,2737,2138,0,0,0,1.0,1,1.0,1,1.0,1,0.18812040822308995,70
3695,0,4875,2737,2138,0,0,0,1.0,1,1.0,1,1.0,1,0.18812040822308995,70
3696,2,4877,2739,2138,0,0,0,1.0,1,1.0,1,1.0,1,0.17350225877707856,71
3697,2,4879,2741,2138,0,0,0,1.0,1,1.0,1,1.0,1,0.19548429400322065,70
3698,0,4879,2741,2138,0,0,0,1.0,1,1.0,1,1.0,1,0.19522711166946902,70
3699,2,4881,2742,2139,0,0,0,1.0,1,1.0,1,1.0,1,0.18292940901329832,70
3700,3,4884,2745,2139,0,0,0,1.0,1,1.0,1,1.0,1,0.2032640197051402,68
3701,2,4886,2746,2140,0,0,0,1.0,1,1.0,1,1.0,1,0.20653755767622953,69
3702,1,4887,2747,2140,0,0,0,1.0,1,1.0,1,1.0,1,0.21097524379295474,69
3703,1,4888,2748,2140,0,0,0,1.0,1,1.0,1,1.0,1,0.24141126320689768,70
3704,2,4890,2750,2140,0,0,0,1.0,1,1.0,1,1.0,1,0.2649328396750262,69
3705,1,4891,2750,2141,0,0,0,1.0,1,1.0,1,1.0,1,0.23383084020077613,69
3706,3,4894,2752,2142,0,0,0,1.0,1,1.0,1,1.0,1,0.23038246896988027,69
3707,0,4894,2752,2142,0,0,0,1.0,1,1.0,1,1.0,1,0.21380320414288548,67
3708,1,4895,2753,2142,0,0,0,1.0,1,1.0,1,1.0,1,0.19859565861823922,67
3709,0,4895,2753,2142,0,0,0,1.0,1,1.0,1,1.0,1,0.19859565861823922,67
3710,2,4897,2755,2142,0,0,0,1.0,1,1.0,1,1.0,1,0.1912811449249392,67
3711,0,4897,2755,2142,0,0,0,1.0,1,1.0,1,1.0,1,0.1921874613343657,68
3712,1,4898,2756,2142,0,0,0,1.0,1,1.0,1,1.0,1,0.19993359760145135,68
3713,3,4901,2757,2144,0,0,0,1.0,1,1.0,1,1.0,1,0.17659677901849974,68
3714,0,4901,2757,2144,0,0,0,1.0,1,1.0,1,1.0,1,0.1932204037411118,67
3715,1,4902,2757,2145,0,0,0,1.0,1,1.0,1,1.0,1,0.18604729940862186,68
3716,3,4905,2757,2148,0,0,0,1.0,1,1.0,1,1.0,1,0.17702452738051752,67
3717,1,4906,2758,2148,0,0,0,1.0,1,1.0,1,1.0,1,0.20884917795719585,68
3718,1,4907,2758,2149,0,0,0,1.0,1,1.0,1,1.0,1,0.21086523384594258,68
3719,2,4909,2759,2150,0,0,0,1.0,1,1.0,1,1.0,1,0.2488961230509411,68
3720,0,4909,2759,2150,0,0,0,1.0,1,1.0,1,1.0,1,0.2488961230509411,68
3721,3,4912,2761,2151,0,0,0,1.0,1,1.0,1,1.0,1,0.20628775922229284,70
3722,0,4912,2761,2151,0,0,0,1.0,1,1.0,1,1.0,1,0.21308402536905388,71
3723,4,4916,2761,2155,0,0,0,1.0,1,1.0,1,1.0,1,0.1867944869631086,71
3724,0,4916,2761,2155,0,0,0,1.0,1,1.0,1,1.0,1,0.18159310077101518,72
3725,5,4921,2763,2158,0,0,0,1.0,1,1.0,1,1.0,1,0.20475926118475796,72
3726,3,4924,2763,2161,0,0,0,1.0,1,1.0,1,1.0,1,0.183871360679284,71
3727,2,4926,2764,2162,0,0,0,1.0,1,1.0,1,1.0,1,0.19783270069235015,71
3728,3,4929,2764,2165,0,0,0,1.0,1,1.0,1,1.0,1,0.18901690172205915,70
3729,0,4929,2764,2165,0,0,0,1.0,1,1.0,1,1.0,1,0.18901690172205915,70
3730,2,4931,2765,2166,0,0,0,1.0,1,1.0,1,1.0,1,0.21268105865471082,71
3731,0,4931,2765,2166,0,0,0,1.0,1,1.0,1,1.0,1,0.21268105865471082,71
3732,1,4932,2765,2167,0,0,0,1.0,1,1.0,1,1.0,1,0.20158322375673035,72
3733,1,4933,2766,2167,0,0,0,1.0,1,1.0,1,1.0,1,0.21608946761089243,73
3734,2,4935,2767,2168,0,0,0,1.0,1,1.0,1,1.0,1,0.2338112205286269,74
3735,2,4937,2768,2169,0,0,0,1.0,1,1.0,1,1.0,1,0.2328751218758705,72
3736,1,4938,2768,2170,0,0,0,1.0,1,1.0,1,1.0,1,0.20269256672922503,72
3737,1,4939,2768,2171,0,0,0,1.0,1,1.0,1,1.0,1,0.19202933870660466,73
3738,0,4939,2768,2171,0,0,0,1.0,1,1.0,1,1.0,1,0.1795520725401275,72
3739,0,4939,2768,2171,0,0,0,1.0,1,1.0,1,1.0,1,0.17379990349219399,73
3740,1,4940,2768,2172,0,0,0,1.0,1,1.0,1,1.0,1,0.1734361042626664,70
3741,0,4940,2768,2172,0,0,0,1.0,1,1.0,1,1.0,1,0.1734361042626664,70
3742,0,4940,2768,2172,0,0,0,1.0,1,1.0,1,1.0,1,0.1734361042626664,70
3743,0,4940,2768,2172,0,0,0,1.0,1,1.0,1,1.0,1,0.20118147015828516,69
3744,5,4945,2770,2175,0,0,0,1.0,1,1.0,1,1.0,1,0.2219830133652214,69
3745,2,4947,2770,2177,0,0,0,1.0,1,1.0,1,1.0,1,0.20523791037993686,68
3746,3,4950,2770,2180,0,0,0,1.0,1,1.0,1,1.0,1,0.20069364551130126,66
3747,2,4952,2770,2182,0,0,0,1.0,1,1.0,1,1.0,1,0.18920975847729607,66
3748,2,4954,2770,2184,0,0,0,1.0,1,1.0,1,1.0,1,0.15717272515850556,65
3749,0,4954,2770,2184,0,0,0,1.0,1,1.0,1,1.0,1,0.16191839386187457,64
3750,0,4954,2770,2184,0,0,0,1.0,1,1.0,1,1.0,1,0.16810415479986537,63
3751,1,4955,2770,2185,0,0,0,1.0,1,1.0,1,1.0,1,0.15272216915724468,64
3752,1,4956,2771,2185,0,0,0,1.0,1,1.0,1,1.0,1,0.1433332201240113,64
3753,2,4958,2771,2187,0,0,0,1.0,1,1.0,1,1.0,1,0.13305649142194695,65
3754,1,4959,2772,2187,0,0,0,1.0,1,1.0,1,1.0,1,0.15507056253602558,65
3755,4,4963,2773,2190,0,0,0,1.0,1,1.0,1,1.0,1,0.16471050106387508,65
3756,2,4965,2773,2192,0,0,0,1.0,1,1.0,1,1.0,1,0.1552646019387478,65
3757,4,4969,2775,2194,0,0,0,1.0,1,1.0,1,1.0,1,0.17770273941275655,65
3758,0,4969,2775,2194,0,0,0,1.0,1,1.0,1,1.0,1,0.1859120641477671,64
3759,1,4970,2776,2194,0,0,0,1.0,1,1.0,1,1.0,1,0.20263890579442495,64
3760,0,4970,2776,2194,0,0,0,1.0,1,1.0,1,1.0,1,0.22764571830124594,63
3761,1,4971,2776,2195,0,0,0,1.0,1,1.0,1,1.0,1,0.218140443184411,63
3762,0,4971,2776,2195,0,0,0,1.0,1,1.0,1,1.0,1,0.21870744149881147,65
3763,0,4971,2776,2195,0,0,0,1.0,1,1.0,1,1.0,1,0.21870744149881147,65
3764,4,4975,2777,2198,0,0,0,1.0,1,1.0,1,1.0,1,0.19342385041082896,66
3765,2,4977,2777,2200,0,0,0,1.0,1,1.0,1,1.0,1,0.19214767277261977,67
3766,3,4980,2777,2203,0,0,0,1.0,1,1.0,1,1.0,1,0.1728940845605541,67
3767,0,4980,2777,2203,0,0,0,1.0,1,1.0,1,1.0,1,0.1681321156823745,68
3768,4,4984,2779,2205,0,0,0,1.0,1,1.0,1,1.0,1,0.1979855465447967,67
3769,3,4987,2779,2208,0,0,0,1.0,1,1.0,1,1.0,1,0.15543241861607626,69
3770,0,4987,2779,2208,0,0,0,1.0,1,1.0,1,1.0,1,0.15543241861607626,69
3771,4,4991,2780,2211,0,0,0,1.0,1,1.0,1,1.0,1,0.1663596150876406,69
3772,2,4993,2780,2213,0,0,0,1.0,1,1.0,1,1.0,1,0.15788444340839683,70
3773,3,4996,2781,2215,0,0,0,1.0,1,1.0,1,1.0,1,0.16227966184505677,68
3774,1,4997,2781,2216,0,0,0,1.0,1,1.0,1,1.0,1,0.15287445585870982,68
3775,2,4999,2782,2217,0,0,0,1.0,1,1.0,1,1.0,1,0.1779632384953513,68
3776,3,5002,2782,2220,0,0,0,1.0,1,1.0,1,1.0,1,0.1471282312329527,66
3777,1,5003,2782,2221,0,0,0,1.0,1,1.0,1,1.0,1,0.1308599428179339,65
3778,0,5003,2782,2221,0,0,0,1.0,1,1.0,1,1.0,1,0.11501134424689465,65
3779,1,5004,2783,2221,0,0,0,1.0,1,1.0,1,1.0,1,0.13913299080685945,65
3780,0,5004,2783,2221,0,0,0,1.0,1,1.0,1,1.0,1,0.12687730221813245,64
3781,0,5004,2783,2221,0,0,0,1.0,1,1.0,1,1.0,1,0.12687730221813245,64
3782,0,5004,2783,2221,0,0,0,1.0,1,1.0,1,1.0,1,0.13712828813479688,67
3783,0,5004,2783,2221,0,0,0,1.0,1,1.0,1,1.0,1,0.1327206528019147,65
3784,1,5005,2783,2222,0,0,0,1.0,1,1.0,1,1.0,1,0.12625269069245412,65
3785,2,5007,2785,2222,0,0,0,1.0,1,1.0,1,1.0,1,0.16394135872346882,63
3786,2,5009,2785,2224,0,0,0,1.0,1,1.0,1,1.0,1,0.14312106899503207,66
3787,1,5010,2786,2224,0,0,0,1.0,1,1.0,1,1.0,1,0.17492026796114712,65
3788,2,5012,2786,2226,0,0,0,1.0,1,1.0,1,1.0,1,0.1570387612120915,65
3789,2,5014,2788,2226,0,0,0,1.0,1,1.0,1,1.0,1,0.17708185961457146,65
3790,1,5015,2789,2226,0,0,0,1.0,1,1.0,1,1.0,1,0.21056926720944047,64
3791,2,5017,2790,2227,0,0,0,1.0,1,1.0,1,1.0,1,0.19895809160085443,64
3792,3,5020,2793,2227,0,0,0,1.0,1,1.0,1,1.0,1,0.21743120115694856,65
3793,3,5023,2794,2229,0,0,0,1.0,1,1.0,1,1.0,1,0.21441896763198848,68
3794,2,5025,2795,2230,0,0,0,1.0,1,1.0,1,1.0,1,0.20764301374979066,68
3795,2,5027,2795,2232,0,0,0,1.0,1,1.0,1,1.0,1,0.18620152686229471,69
3796,2,5029,2795,2234,0,0,0,1.0,1,1.0,1,1.0,1,0.1717568479953735,69
3797,3,5032,2795,2237,0,0,0,1.0,1,1.0,1,1.0,1,0.1684894753001354,70
3798,1,5033,2795,2238,0,0,0,1.0,1,1.0,1,1.0,1,0.161259350697799,70
3799,1,5034,2795,2239,0,0,0,1.0,1,1.0,1,1.0,1,0.16305811318308588,69
3800,1,5035,2795,2240,0,0,0,1.0,1,1.0,1,1.0,1,0.15847867378030944,69
3801,4,5039,2795,2244,0,0,0,1.0,1,1.0,1,1.0,1,0.14258666008903648,67
3802,1,5040,2795,2245,0,0,0,1.0,1,1.0,1,1.0,1,0.13577952815847832,67
3803,2,5042,2795,2247,0,0,0,1.0,1,1.0,1,1.0,1,0.12673004362000248,69
3804,2,5044,2795,2249,0,0,0,1.0,1,1.0,1,1.0,1,0.1171260433507717,70
3805,0,5044,2795,2249,0,0,0,1.0,1,1.0,1,1.0,1,0.12560876352191488,71
3806,1,5045,2795,2250,0,0,0,1.0,1,1.0,1,1.0,1,0.11870525328719546,71
3807,1,5046,2795,2251,0,0,0,1.0,1,1.0,1,1.0,1,0.11904151220613582,72
3808,0,5046,2795,2251,0,0,0,1.0,1,1.0,1,1.0,1,0.11904151220613582,72
3809,1,5047,2796,2251,0,0,0,1.0,1,1.0,1,1.0,1,0.144941941672652,72
3810,3,5050,2797,2253,0,0,0,1.0,1,1.0,1,1.0,1,0.15150118852442804,72
3811,1,5051,2798,2253,0,0,0,1.0,1,1.0,1,1.0,1,0.1510937362797901,71
3812,1,5052,2798,2254,0,0,0,1.0,1,1.0,1,1.0,1,0.15379846989115206,72
3813,2,5054,2799,2255,0,0,0,1.0,1,1.0,1,1.0,1,0.1588522109197411,71
3814,0,5054,2799,2255,0,0,0,1.0,1,1.0,1,1.0,1,0.16894107610055878,72
3815,0,5054,2799,2255,0,0,0,1.0,1,1.0,1,1.0,1,0.15263628116821143,71
3816,0,5054,2799,2255,0,0,0,1.0,1,1.0,1,1.0,1,0.14969108885458968,69
3817,1,5055,2800,2255,0,0,0,1.0,1,1.0,1,1.0,1,0.17665052617006893,72
3818,1,5056,2801,2255,0,0,0,1.0,1,1.0,1,1.0,1,0.17635218995514557,72
3819,1,5057,2802,2255,0,0,0,1.0,1,1.0,1,1.0,1,0.18525811026125236,72
3820,2,5059,2803,2256,0,0,0,1.0,1,1.0,1,1.0,1,0.1808392566653674,72
3821,1,5060,2804,2256,0,0,0,1.0,1,1.0,1,1.0,1,0.19360023240604513,72
3822,0,5060,2804,2256,0,0,0,1.0,1,1.0,1,1.0,1,0.20497015815006017,69
3823,0,5060,2804,2256,0,0,0,1.0,1,1.0,1,1.0,1,0.20497015815006017,69
3824,3,5063,2804,2259,0,0,0,1.0,1,1.0,1,1.0,1,0.19959673615848517,65
3825,0,5063,2804,2259,0,0,0,1.0,1,1.0,1,1.0,1,0.21027900521551757,64
3826,1,5064,2804,2260,0,0,0,1.0,1,1.0,1,1.0,1,0.19717296441784815,65
3827,1,5065,2804,2261,0,0,0,1.0,1,1.0,1,1.0,1,0.19877575789988516,64
3828,2,5067,2805,2262,0,0,0,1.0,1,1.0,1,1.0,1,0.17604668123209558,65
3829,1,5068,2806,2262,0,0,0,1.0,1,1.0,1,1.0,1,0.19714334712226642,65
3830,0,5068,2806,2262,0,0,0,1.0,1,1.0,1,1.0,1,0.20396025185580263,64
3831,2,5070,2806,2264,0,0,0,1.0,1,1.0,1,1.0,1,0.19481768316314943,63
3832,0,5070,2806,2264,0,0,0,1.0,1,1.0,1,1.0,1,0.20915035144962552,64
3833,1,5071,2807,2264,0,0,0,1.0,1,1.0,1,1.0,1,0.20145573008347367,64
3834,1,5072,2807,2265,0,0,0,1.0,1,1.0,1,1.0,1,0.21318968111581343,63
3835,0,5072,2807,2265,0,0,0,1.0,1,1.0,1,1.0,1,0.2119763231949722,63
3836,3,5075,2809,2266,0,0,0,1.0,1,1.0,1,1.0,1,0.19483146610451763,63
3837,2,5077,2810,2267,0,0,0,1.0,1,1.0,1,1.0,1,0.20534658209635434,62
3838,3,5080,2812,2268,0,0,0,1.0,1,1.0,1,1.0,1,0.1891899735313271,62
3839,1,5081,2813,2268,0,0,0,1.0,1,1.0,1,1.0,1,0.2129222020154555,60
3840,0,5081,2813,2268,0,0,0,1.0,1,1.0,1,1.0,1,0.20528257971402525,62
3841,1,5082,2813,2269,0,0,0,1.0,1,1.0,1,1.0,1,0.19458966786379261,62
3842,2,5084,2813,2271,0,0,0,1.0,1,1.0,1,1.0,1,0.16120959402629662,63
3843,1,5085,2813,2272,0,0,0,1.0,1,1.0,1,1.0,1,0.1484412999082577,64
3844,2,5087,2813,2274,0,0,0,1.0,1,1.0,1,1.0,1,0.12616650215728512,65
3845,1,5088,2813,2275,0,0,0,1.0,1,1.0,1,1.0,1,0.11866416021350895,66
3846,5,5093,2813,2280,0,0,0,1.0,1,1.0,1,1.0,1,0.06676364889248435,67
3847,0,5093,2813,2280,0,0,0,1.0,1,1.0,1,1.0,1,0.06676364889248435,67
3848,1,5094,2814,2280,0,0,0,1.0,1,1.0,1,1.0,1,0.06273122016059322,67
3849,1,5095,2815,2280,0,0,0,1.0,1,1.0,1,1.0,1,0.06098150574878397,67
3850,3,5098,2817,2281,0,0,0,1.0,1,1.0,1,1.0,1,0.06069312916729524,68
3851,3,5101,2819,2282,0,0,0,1.0,1,1.0,1,1.0,1,0.07087472230836322,68
3852,1,5102,2819,2283,0,0,0,1.0,1,1.0,1,1.0,1,0.07344450294044834,70
3853,3,5105,2821,2284,0,0,0,1.0,1,1.0,1,1.0,1,0.10931001056420281,70
3854,3,5108,2823,2285,0,0,0,1.0,1,1.0,1,1.0,1,0.11759689363568315,70
3855,1,5109,2824,2285,0,0,0,1.0,1,1.0,1,1.0,1,0.12961655452967216,69
3856,2,5111,2825,2286,0,0,0,1.0,1,1.0,1,1.0,1,0.14388533937023257,70
3857,3,5114,2826,2288,0,0,0,1.0,1,1.0,1,1.0,1,0.16246276177816016,68
3858,0,5114,2826,2288,0,0,0,1.0,1,1.0,1,1.0,1,0.15201633753415789,67
3859,1,5115,2826,2289,0,0,0,1.0,1,1.0,1,1.0,1,0.12838301640016597,66
3860,0,5115,2826,2289,0,0,0,1.0,1,1.0,1,1.0,1,0.1316871719631404,66
3861,0,5115,2826,2289,0,0,0,1.0,1,1.0,1,1.0,1,0.13290677022763117,66
3862,0,5115,2826,2289,0,0,0,1.0,1,1.0,1,1.0,1,0.13290677022763117,66
3863,1,5116,2827,2289,0,0,0,1.0,1,1.0,1,1.0,1,0.13518573274449047,63
3864,1,5117,2828,2289,0,0,0,1.0,1,1.0,1,1.0,1,0.14688508134090544,63
3865,0,5117,2828,2289,0,0,0,1.0,1,1.0,1,1.0,1,0.1517046646664043,61
3866,2,5119,2828,2291,0,0,0,1.0,1,1.0,1,1.0,1,0.12097756243402524,61
3867,0,5119,2828,2291,0,0,0,1.0,1,1.0,1,1.0,1,0.12798650002701173,60
3868,2,5121,2830,2291,0,0,0,1.0,1,1.0,1,1.0,1,0.17762687439246824,59
3869,0,5121,2830,2291,0,0,0,1.0,1,1.0,1,1.0,1,0.1741537189007133,61
3870,0,5121,2830,2291,0,0,0,1.0,1,1.0,1,1.0,1,0.18311667687083835,61
3871,3,5124,2831,2293,0,0,0,1.0,1,1.0,1,1.0,1,0.16666361098260052,64
3872,1,5125,2831,2294,0,0,0,1.0,1,1.0,1,1.0,1,0.16402315754322785,63
3873,1,5126,2831,2295,0,0,0,1.0,1,1.0,1,1.0,1,0.16426482854824784,62
3874,0,5126,2831,2295,0,0,0,1.0,1,1.0,1,1.0,1,0.15891747336985787,63
3875,0,5126,2831,2295,0,0,0,1.0,1,1.0,1,1.0,1,0.15638622178941983,61
3876,0,5126,2831,2295,0,0,0,1.0,1,1.0,1,1.0,1,0.14875419284808064,62
3877,3,5129,2833,2296,0,0,0,1.0,1,1.0,1,1.0,1,0.1613246471608449,63
3878,0,5129,2833,2296,0,0,0,1.0,1,1.0,1,1.0,1,0.1613246471608449,63
3879,1,5130,2834,2296,0,0,0,1.0,1,1.0,1,1.0,1,0.16711809901512517,63
3880,0,5130,2834,2296,0,0,0,1.0,1,1.0,1,1.0,1,0.15671108857473176,65
3881,1,5131,2835,2296,0,0,0,1.0,1,1.0,1,1.0,1,0.17514897986647385,65
3882,3,5134,2837,2297,0,0,0,1.0,1,1.0,1,1.0,1,0.1682029212558179,66
3883,1,5135,2838,2297,0,0,0,1.0,1,1.0,1,1.0,1,0.17857911504205892,66
3884,2,5137,2839,2298,0,0,0,1.0,1,1.0,1,1.0,1,0.20062449450514985,66
3885,2,5139,2840,2299,0,0,0,1.0,1,1.0,1,1.0,1,0.210143638479916,66
3886,1,5140,2841,2299,0,0,0,1.0,1,1.0,1,1.0,1,0.21695943969323359,65
3887,1,5141,2841,2300,0,0,0,1.0,1,1.0,1,1.0,1,0.19751903307862984,65
3888,1,5142,2841,2301,0,0,0,1.0,1,1.0,1,1.0,1,0.2035601835109535,66
3889,1,5143,2842,2301,0,0,0,1.0,1,1.0,1,1.0,1,0.20394299974553598,64
3890,3,5146,2844,2302,0,0,0,1.0,1,1.0,1,1.0,1,0.2064850940211893,63
3891,3,5149,2844,2305,0,0,0,1.0,1,1.0,1,1.0,1,0.16189560413743898,66
3892,2,5151,2845,2306,0,0,0,1.0,1,1.0,1,1.0,1,0.14285395865730177,67
3893,1,5152,2845,2307,0,0,0,1.0,1,1.0,1,1.0,1,0.13170101155497832,66
3894,2,5154,2846,2308,0,0,0,1.0,1,1.0,1,1.0,1,0.13684465136948076,67
3895,1,5155,2846,2309,0,0,0,1.0,1,1.0,1,1.0,1,0.12890769145849973,66
3896,2,5157,2847,2310,0,0,0,1.0,1,1.0,1,1.0,1,0.1326451043469793,66
3897,2,5159,2847,2312,0,0,0,1.0,1,1.0,1,1.0,1,0.11905954280913586,65
3898,5,5164,2849,2315,0,0,0,1.0,1,1.0,1,1.0,1,0.15577042060059945,65
3899,2,5166,2851,2315,0,0,0,1.0,1,1.0,1,1.0,1,0.178826370381995,64
3900,1,5167,2852,2315,0,0,0,1.0,1,1.0,1,1.0,1,0.21027116769889195,63
3901,4,5171,2854,2317,0,0,0,1.0,1,1.0,1,1.0,1,0.2028596369124785,63
3902,2,5173,2855,2318,0,0,0,1.0,1,1.0,1,1.0,1,0.21418691105998894,64
3903,3,5176,2855,2321,0,0,0,1.0,1,1.0,1,1.0,1,0.17467851212578206,64
3904,0,5176,2855,2321,0,0,0,1.0,1,1.0,1,1.0,1,0.18064615453407004,63
3905,1,5177,2855,2322,0,0,0,1.0,1,1.0,1,1.0,1,0.15874961874882407,63
3906,0,5177,2855,2322,0,0,0,1.0,1,1.0,1,1.0,1,0.1463783742353878,64
3907,2,5179,2855,2324,0,0,0,1.0,1,1.0,1,1.0,1,0.14956067302383294,64
3908,1,5180,2856,2324,0,0,0,1.0,1,1.0,1,1.0,1,0.16176838859414178,63
3909,1,5181,2856,2325,0,0,0,1.0,1,1.0,1,1.0,1,0.17366858331239637,62
3910,0,5181,2856,2325,0,0,0,1.0,1,1.0,1,1.0,1,0.18607184849270994,62
3911,3,5184,2857,2327,0,0,0,1.0,1,1.0,1,1.0,1,0.17616064224401887,64
3912,1,5185,2858,2327,0,0,0,1.0,1,1.0,1,1.0,1,0.20272683207077385,64
3913,1,5186,2858,2328,0,0,0,1.0,1,1.0,1,1.0,1,0.20258627238879748,65
3914,1,5187,2858,2329,0,0,0,1.0,1,1.0,1,1.0,1,0.20053825337324643,65
3915,1,5188,2859,2329,0,0,0,1.0,1,1.0,1,1.0,1,0.1838081884089959,66
3916,1,5189,2860,2329,0,0,0,1.0,1,1.0,1,1.0,1,0.20998146139578805,66
3917,1,5190,2860,2330,0,0,0,1.0,1,1.0,1,1.0,1,0.20307285664093097,66
3918,3,5193,2862,2331,0,0,0,1.0,1,1.0,1,1.0,1,0.1891806757123784,67
3919,0,5193,2862,2331,0,0,0,1.0,1,1.0,1,1.0,1,0.1836482252279612,68
3920,1,5194,2863,2331,0,0,0,1.0,1,1.0,1,1.0,1,0.16824014466638187,69
3921,1,5195,2863,2332,0,0,0,1.0,1,1.0,1,1.0,1,0.17239429562073197,68
3922,2,5197,2865,2332,0,0,0,1.0,1,1.0,1,1.0,1,0.20630263188317213,68
3923,2,5199,2865,2334,0,0,0,1.0,1,1.0,1,1.0,1,0.19959433612292676,69
3924,3,5202,2866,2336,0,0,0,1.0,1,1.0,1,1.0,1,0.1808417244374267,69
3925,4,5206,2868,2338,0,0,0,1.0,1,1.0,1,1.0,1,0.1968269955955101,67
3926,1,5207,2868,2339,0,0,0,1.0,1,1.0,1,1.0,1,0.19817360082023702,67
3927,2,5209,2868,2341,0,0,0,1.0,1,1.0,1,1.0,1,0.1927538651160946,65
3928,1,5210,2868,2342,0,0,0,1.0,1,1.0,1,1.0,1,0.1868652634058156,65
3929,2,5212,2869,2343,0,0,0,1.0,1,1.0,1,1.0,1,0.18388089474546943,64
3930,0,5212,2869,2343,0,0,0,1.0,1,1.0,1,1.0,1,0.17825760030441176,64
3931,0,5212,2869,2343,0,0,0,1.0,1,1.0,1,1.0,1,0.16558818043419707,62
3932,0,5212,2869,2343,0,0,0,1.0,1,1.0,1,1.0,1,0.16558818043419707,62
3933,1,5213,2870,2343,0,0,0,1.0,1,1.0,1,1.0,1,0.15494151040589263,62
3934,2,5215,2871,2344,0,0,0,1.0,1,1.0,1,1.0,1,0.12988534375643357,61
3935,0,5215,2871,2344,0,0,0,1.0,1,1.0,1,1.0,1,0.13527581727550858,64
3936,0,5215,2871,2344,0,0,0,1.0,1,1.0,1,1.0,1,0.14286621125857935,65
3937,1,5216,2871,2345,0,0,0,1.0,1,1.0,1,1.0,1,0.11918823814877422,66
3938,0,5216,2871,2345,0,0,0,1.0,1,1.0,1,1.0,1,0.11918823814877422,66
3939,0,5216,2871,2345,0,0,0,1.0,1,1.0,1,1.0,1,0.1301631281547459,67
3940,1,5217,2871,2346,0,0,0,1.0,1,1.0,1,1.0,1,0.10946697416550094,69
3941,0,5217,2871,2346,0,0,0,1.0,1,1.0,1,1.0,1,0.10946697416550094,69
3942,1,5218,2872,2346,0,0,0,1.0,1,1.0,1,1.0,1,0.1278431796461454,69
3943,1,5219,2873,2346,0,0,0,1.0,1,1.0,1,1.0,1,0.15843980869054336,68
3944,2,5221,2873,2348,0,0,0,1.0,1,1.0,1,1.0,1,0.15663332387568746,68
3945,3,5224,2876,2348,0,0,0,1.0,1,1.0,1,1.0,1,0.16656339125155054,67
3946,5,5229,2878,2351,0,0,0,1.0,1,1.0,1,1.0,1,0.1781766222098323,67
3947,2,5231,2879,2352,0,0,0,1.0,1,1.0,1,1.0,1,0.17175907286435665,66
3948,3,5234,2881,2353,0,0,0,1.0,1,1.0,1,1.0,1,0.15007335830481555,67
3949,6,5240,2885,2355,0,0,0,1.0,1,1.0,1,1.0,1,0.24426298365528426,66
3950,0,5240,2885,2355,0,0,0,1.0,1,1.0,1,1.0,1,0.25324614757290503,65
3951,3,5243,2885,2358,0,0,0,1.0,1,1.0,1,1.0,1,0.2244861374464304,65
3952,3,5246,2886,2360,0,0,0,1.0,1,1.0,1,1.0,1,0.2036121939852968,65
3953,2,5248,2887,2361,0,0,0,1.0,1,1.0,1,1.0,1,0.20145175061334233,65
3954,2,5250,2887,2363,0,0,0,1.0,1,1.0,1,1.0,1,0.1936059867003307,64
3955,0,5250,2887,2363,0,0,0,1.0,1,1.0,1,1.0,1,0.21071155457955912,64
3956,2,5252,2887,2365,0,0,0,1.0,1,1.0,1,1.0,1,0.19051842454765425,63
3957,1,5253,2887,2366,0,0,0,1.0,1,1.0,1,1.0,1,0.1839447374347815,63
3958,0,5253,2887,2366,0,0,0,1.0,1,1.0,1,1.0,1,0.19104346041354708,63
3959,0,5253,2887,2366,0,0,0,1.0,1,1.0,1,1.0,1,0.19021906830782842,62
3960,0,5253,2887,2366,0,0,0,1.0,1,1.0,1,1.0,1,0.19021906830782842,62
3961,3,5256,2889,2367,0,0,0,1.0,1,1.0,1,1.0,1,0.18914236723453573,64
3962,0,5256,2889,2367,0,0,0,1.0,1,1.0,1,1.0,1,0.18914236723453573,64
3963,4,5260,2892,2368,0,0,0,1.0,1,1.0,1,1.0,1,0.2050709560822063,62
3964,1,5261,2892,2369,0,0,0,1.0,1,1.0,1,1.0,1,0.18556206547209855,63
3965,3,5264,2892,2372,0,0,0,1.0,1,1.0,1,1.0,1,0.14220640555882885,63
3966,1,5265,2892,2373,0,0,0,1.0,1,1.0,1,1.0,1,0.12469616108238864,62
3967,3,5268,2892,2376,0,0,0,1.0,1,1.0,1,1.0,1,0.10394612638982893,64
3968,0,5268,2892,2376,0,0,0,1.0,1,1.0,1,1.0,1,0.0957348661710959,63
3969,1,5269,2892,2377,0,0,0,1.0,1,1.0,1,1.0,1,0.08464848868307802,63
3970,0,5269,2892,2377,0,0,0,1.0,1,1.0,1,1.0,1,0.08567186480567966,65
3971,0,5269,2892,2377,0,0,0,1.0,1,1.0,1,1.0,1,0.08567186480567966,65
3972,3,5272,2894,2378,0,0,0,1.0,1,1.0,1,1.0,1,0.12961558885384947,66
3973,2,5274,2894,2380,0,0,0,1.0,1,1.0,1,1.0,1,0.11292902195486346,66
3974,2,5276,2895,2381,0,0,0,1.0,1,1.0,1,1.0,1,0.12624404862413338,66
3975,3,5279,2898,2381,0,0,0,1.0,1,1.0,1,1.0,1,0.13476727682399853,66
3976,4,5283,2899,2384,0,0,0,1.0,1,1.0,1,1.0,1,0.12154939143281984,66
3977,2,5285,2901,2384,0,0,0,1.0,1,1.0,1,1.0,1,0.1333706295770292,64
3978,3,5288,2904,2384,0,0,0,1.0,1,1.0,1,1.0,1,0.17101966595507154,63
3979,3,5291,2904,2387,0,0,0,1.0,1,1.0,1,1.0,1,0.15957265941305118,63
3980,1,5292,2904,2388,0,0,0,1.0,1,1.0,1,1.0,1,0.14456521462493438,63
3981,2,5294,2904,2390,0,0,0,1.0,1,1.0,1,1.0,1,0.13597216047659225,64
3982,0,5294,2904,2390,0,0,0,1.0,1,1.0,1,1.0,1,0.13801224158812103,65
3983,0,5294,2904,2390,0,0,0,1.0,1,1.0,1,1.0,1,0.13581828974959867,64
3984,1,5295,2904,2391,0,0,0,1.0,1,1.0,1,1.0,1,0.1316717221489934,65
3985,0,5295,2904,2391,0,0,0,1.0,1,1.0,1,1.0,1,0.145437021292318,64
3986,2,5297,2904,2393,0,0,0,1.0,1,1.0,1,1.0,1,0.12778661462691954,63
3987,0,5297,2904,2393,0,0,0,1.0,1,1.0,1,1.0,1,0.14316823824349803,63
3988,0,5297,2904,2393,0,0,0,1.0,1,1.0,1,1.0,1,0.14117975241432343,63
3989,0,5297,2904,2393,0,0,0,1.0,1,1.0,1,1.0,1,0.15750260417593923,63
3990,1,5298,2905,2393,0,0,0,1.0,1,1.0,1,1.0,1,0.18730697180734474,62
3991,1,5299,2905,2394,0,0,0,1.0,1,1.0,1,1.0,1,0.17483355069663417,62
3992,0,5299,2905,2394,0,0,0,1.0,1,1.0,1,1.0,1,0.16576820160755412,65
3993,0,5299,2905,2394,0,0,0,1.0,1,1.0,1,1.0,1,0.16576820160755412,65
3994,1,5300,2905,2395,0,0,0,1.0,1,1.0,1,1.0,1,0.1525562967965456,64
3995,0,5300,2905,2395,0,0,0,1.0,1,1.0,1,1.0,1,0.1525562967965456,64
3996,2,5302,2905,2397,0,0,0,1.0,1,1.0,1,1.0,1,0.1266779357927097,67
3997,2,5304,2906,2398,0,0,0,1.0,1,1.0,1,1.0,1,0.12314806660975838,69
3998,2,5306,2907,2399,0,0,0,1.0,1,1.0,1,1.0,1,0.12914804985025197,69
3999,2,5308,2909,2399,0,0,0,1.0,1,1.0,1,1.0,1,0.1332150266720942,69
4000,0,5308,2909,2399,0,0,0,1.0,1,1.0,1,1.0,1,0.11362649386245105,69
4001,0,5308,2909,2399,0,0,0,1.0,1,1.0,1,1.0,1,0.10493436563175368,68
4002,1,5309,2910,2399,0,0,0,1.0,1,1.0,1,1.0,1,0.08948006972176234,68
4003,2,5311,2912,2399,0,0,0,1.0,1,1.0,1,1.0,1,0.12393261296601596,68
4004,5,5316,2915,2401,0,0,0,1.0,1,1.0,1,1.0,1,0.08993611945716225,67
4005,1,5317,2916,2401,0,0,0,1.0,1,1.0,1,1.0,1,0.09745218790050214,67
4006,4,5321,2918,2403,0,0,0,1.0,1,1.0,1,1.0,1,0.09420585439669944,67
4007,1,5322,2919,2403,0,0,0,1.0,1,1.0,1,1.0,1,0.11347188327982384,67
4008,4,5326,2921,2405,0,0,0,1.0,1,1.0,1,1.0,1,0.11038705809389644,67
4009,1,5327,2922,2405,0,0,0,1.0,1,1.0,1,1.0,1,0.13612182798271452,67
4010,1,5328,2923,2405,0,0,0,1.0,1,1.0,1,1.0,1,0.14303964434857147,66
4011,5,5333,2925,2408,0,0,0,1.0,1,1.0,1,1.0,1,0.1055931143733402,66
4012,2,5335,2927,2408,0,0,0,1.0,1,1.0,1,1.0,1,0.11824129222975906,66
4013,1,5336,2927,2409,0,0,0,1.0,1,1.0,1,1.0,1,0.09075659339235327,66
4014,1,5337,2928,2409,0,0,0,1.0,1,1.0,1,1.0,1,0.09609840918202193,66
4015,0,5337,2928,2409,0,0,0,1.0,1,1.0,1,1.0,1,0.11743680267317423,64
4016,2,5339,2929,2410,0,0,0,1.0,1,1.0,1,1.0,1,0.14931611785964405,64
4017,3,5342,2931,2411,0,0,0,1.0,1,1.0,1,1.0,1,0.16698705973810726,66
4018,2,5344,2931,2413,0,0,0,1.0,1,1.0,1,1.0,1,0.17808190659551704,67
4019,2,5346,2932,2414,0,0,0,1.0,1,1.0,1,1.0,1,0.19093175166611823,67
4020,3,5349,2932,2417,0,0,0,1.0,1,1.0,1,1.0,1,0.2036820820974376,66
4021,1,5350,2933,2417,0,0,0,1.0,1,1.0,1,1.0,1,0.2144310658338579,66
4022,0,5350,2933,2417,0,0,0,1.0,1,1.0,1,1.0,1,0.2144310658338579,66
4023,1,5351,2934,2417,0,0,0,1.0,1,1.0,1,1.0,1,0.2141946383032048,66
4024,2,5353,2935,2418,0,0,0,1.0,1,1.0,1,1.0,1,0.21585451096761998,66
4025,1,5354,2935,2419,0,0,0,1.0,1,1.0,1,1.0,1,0.18868101255134484,66
4026,3,5357,2935,2422,0,0,0,1.0,1,1.0,1,1.0,1,0.16435685754635562,66
4027,1,5358,2936,2422,0,0,0,1.0,1,1.0,1,1.0,1,0.17990702294258457,64
4028,3,5361,2938,2423,0,0,0,1.0,1,1.0,1,1.0,1,0.1936835248214788,63
4029,0,5361,2938,2423,0,0,0,1.0,1,1.0,1,1.0,1,0.20948509424776673,62
4030,1,5362,2938,2424,0,0,0,1.0,1,1.0,1,1.0,1,0.1789944511213995,63
4031,1,5363,2938,2425,0,0,0,1.0,1,1.0,1,1.0,1,0.1637579252896637,62
4032,1,5364,2939,2425,0,0,0,1.0,1,1.0,1,1.0,1,0.18150682337028398,62
4033,0,5364,2939,2425,0,0,0,1.0,1,1.0,1,1.0,1,0.1937013502811389,61
4034,4,5368,2941,2427,0,0,0,1.0,1,1.0,1,1.0,1,0.20464587140258086,60
4035,1,5369,2941,2428,0,0,0,1.0,1,1.0,1,1.0,1,0.19874888959226727,59
4036,3,5372,2943,2429,0,0,0,1.0,1,1.0,1,1.0,1,0.20442176517270347,58
4037,3,5375,2945,2430,0,0,0,1.0,1,1.0,1,1.0,1,0.20198329444554064,59
4038,3,5378,2946,2432,0,0,0,1.0,1,1.0,1,1.0,1,0.19457045715587643,58
4039,0,5378,2946,2432,0,0,0,1.0,1,1.0,1,1.0,1,0.22279673929715418,56
4040,0,5378,2946,2432,0,0,0,1.0,1,1.0,1,1.0,1,0.23230038739228037,55
4041,4,5382,2948,2434,0,0,0,1.0,1,1.0,1,1.0,1,0.2534568994500681,54
4042,1,5383,2949,2434,0,0,0,1.0,1,1.0,1,1.0,1,0.26209849258998136,56
4043,3,5386,2950,2436,0,0,0,1.0,1,1.0,1,1.0,1,0.27265830782007916,56
4044,2,5388,2951,2437,0,0,0,1.0,1,1.0,1,1.0,1,0.291770375461971,56
4045,3,5391,2953,2438,0,0,0,1.0,1,1.0,1,1.0,1,0.3126707455160475,57
4046,0,5391,2953,2438,0,0,0,1.0,1,1.0,1,1.0,1,0.3188417869591128,59
4047,2,5393,2955,2438,0,0,0,1.0,1,1.0,1,1.0,1,0.35300981891934236,59
4048,1,5394,2955,2439,0,0,0,1.0,1,1.0,1,1.0,1,0.3459549596701066,59
4049,0,5394,2955,2439,0,0,0,1.0,1,1.0,1,1.0,1,0.33006196493230017,60
4050,1,5395,2955,2440,0,0,0,1.0,1,1.0,1,1.0,1,0.3155563642275385,60
4051,1,5396,2956,2440,0,0,0,1.0,1,1.0,1,1.0,1,0.3245000095044246,60
4052,0,5396,2956,2440,0,0,0,1.0,1,1.0,1,1.0,1,0.3245000095044246,60
4053,0,5396,2956,2440,0,0,0,1.0,1,1.0,1,1.0,1,0.3245000095044246,60
4054,1,5397,2957,2440,0,0,0,1.0,1,1.0,1,1.0,1,0.32227763193390746,61
4055,0,5397,2957,2440,0,0,0,1.0,1,1.0,1,1.0,1,0.32227763193390746,61
4056,0,5397,2957,2440,0,0,0,1.0,1,1.0,1,1.0,1,0.32089788374905065,62
4057,0,5397,2957,2440,0,0,0,1.0,1,1.0,1,1.0,1,0.32618852789354646,63
4058,1,5398,2957,2441,0,0,0,1.0,1,1.0,1,1.0,1,0.3393705123356791,64
4059,0,5398,2957,2441,0,0,0,1.0,1,1.0,1,1.0,1,0.3567131881181417,63
4060,0,5398,2957,2441,0,0,0,1.0,1,1.0,1,1.0,1,0.3567131881181417,63
4061,0,5398,2957,2441,0,0,0,1.0,1,1.0,1,1.0,1,0.36229431394595757,63
4062,0,5398,2957,2441,0,0,0,1.0,1,1.0,1,1.0,1,0.3524447546048509,65
4063,1,5399,2957,2442,0,0,0,1.0,1,1.0,1,1.0,1,0.31445133821493015,64
4064,1,5400,2957,2443,0,0,0,1.0,1,1.0,1,1.0,1,0.299956390784062,65
4065,5,5405,2960,2445,0,0,0,1.0,1,1.0,1,1.0,1,0.24804979590808615,64
4066,1,5406,2960,2446,0,0,0,1.0,1,1.0,1,1.0,1,0.2352283431295229,64
4067,3,5409,2961,2448,0,0,0,1.0,1,1.0,1,1.0,1,0.21416330475685721,63
4068,1,5410,2961,2449,0,0,0,1.0,1,1.0,1,1.0,1,0.202237942120413,64
4069,5,5415,2964,2451,0,0,0,1.0,1,1.0,1,1.0,1,0.24366258757116416,62
4070,2,5417,2966,2451,0,0,0,1.0,1,1.0,1,1.0,1,0.22837514772470915,61
4071,8,5425,2969,2456,0,0,0,1.0,1,1.0,1,1.0,1,0.2584745291903517,61
4072,4,5429,2971,2458,0,0,0,1.0,1,1.0,1,1.0,1,0.2546950359989993,60
4073,2,5431,2972,2459,0,0,0,1.0,1,1.0,1,1.0,1,0.2380198860882216,60
4074,3,5434,2974,2460,0,0,0,1.0,1,1.0,1,1.0,1,0.27788075170074533,60
4075,2,5436,2974,2462,0,0,0,1.0,1,1.0,1,1.0,1,0.2366946763602816,59
4076,4,5440,2974,2466,0,0,0,1.0,1,1.0,1,1.0,1,0.2013210500296126,60
4077,1,5441,2974,2467,0,0,0,1.0,1,1.0,1,1.0,1,0.20370180587937592,61
4078,1,5442,2974,2468,0,0,0,1.0,1,1.0,1,1.0,1,0.21273342161384015,60
4079,0,5442,2974,2468,0,0,0,1.0,1,1.0,1,1.0,1,0.2293897303970379,58
4080,1,5443,2975,2468,0,0,0,1.0,1,1.0,1,1.0,1,0.23542183021445842,56
4081,3,5446,2976,2470,0,0,0,1.0,1,1.0,1,1.0,1,0.21346200548004188,56
4082,1,5447,2976,2471,0,0,0,1.0,1,1.0,1,1.0,1,0.22173656388802065,55
4083,0,5447,2976,2471,0,0,0,1.0,1,1.0,1,1.0,1,0.22173656388802065,55
4084,1,5448,2977,2471,0,0,0,1.0,1,1.0,1,1.0,1,0.23451600242499981,55
4085,2,5450,2978,2472,0,0,0,1.0,1,1.0,1,1.0,1,0.23130433397067582,56
4086,2,5452,2979,2473,0,0,0,1.0,1,1.0,1,1.0,1,0.23336228742513251,57
4087,2,5454,2980,2474,0,0,0,1.0,1,1.0,1,1.0,1,0.2244470216863495,57
4088,1,5455,2980,2475,0,0,0,1.0,1,1.0,1,1.0,1,0.21969952766554712,57
4089,0,5455,2980,2475,0,0,0,1.0,1,1.0,1,1.0,1,0.24080167276470954,56
4090,1,5456,2981,2475,0,0,0,1.0,1,1.0,1,1.0,1,0.26945691701252955,56
4091,2,5458,2981,2477,0,0,0,1.0,1,1.0,1,1.0,1,0.26373944985816583,56
4092,3,5461,2981,2480,0,0,0,1.0,1,1.0,1,1.0,1,0.2306060313246481,57
4093,5,5466,2981,2485,0,0,0,1.0,1,1.0,1,1.0,1,0.18746924292266576,58
4094,3,5469,2981,2488,0,0,0,1.0,1,1.0,1,1.0,1,0.18463032500934223,57
4095,1,5470,2981,2489,0,0,0,1.0,1,1.0,1,1.0,1,0.19658400321526567,57
4096,7,5477,2981,2496,0,0,0,1.0,1,1.0,1,1.0,1,0.1447811503420563,59
4097,0,5477,2981,2496,0,0,0,1.0,1,1.0,1,1.0,1,0.1447811503420563,59
4098,0,5477,2981,2496,0,0,0,1.0,1,1.0,1,1.0,1,0.1447811503420563,59
4099,3,5480,2984,2496,0,0,0,1.0,1,1.0,1,1.0,1,0.11355163134336846,60
4100,1,5481,2985,2496,0,0,0,1.0,1,1.0,1,1.0,1,0.09811288209533944,60
4101,2,5483,2986,2497,0,0,0,1.0,1,1.0,1,1.0,1,0.10929062784842399,60
4102,3,5486,2989,2497,0,0,0,1.0,1,1.0,1,1.0,1,0.16741393816946898,60
4103,2,5488,2990,2498,0,0,0,1.0,1,1.0,1,1.0,1,0.19893511621777724,58
4104,3,5491,2991,2500,0,0,0,1.0,1,1.0,1,1.0,1,0.16454983920655467,60
4105,0,5491,2991,2500,0,0,0,1.0,1,1.0,1,1.0,1,0.170503196042828,59
4106,4,5495,2992,2503,0,0,0,1.0,1,1.0,1,1.0,1,0.14843342451793623,61
4107,0,5495,2992,2503,0,0,0,1.0,1,1.0,1,1.0,1,0.15122221624468835,59
4108,1,5496,2993,2503,0,0,0,1.0,1,1.0,1,1.0,1,0.1456088530634565,60
4109,1,5497,2993,2504,0,0,0,1.0,1,1.0,1,1.0,1,0.13354754273035363,59
4110,1,5498,2994,2504,0,0,0,1.0,1,1.0,1,1.0,1,0.12785450208815616,60
4111,0,5498,2994,2504,0,0,0,1.0,1,1.0,1,1.0,1,0.14838713199921394,61
4112,1,5499,2995,2504,0,0,0,1.0,1,1.0,1,1.0,1,0.159748062253719,60
4113,3,5502,2995,2507,0,0,0,1.0,1,1.0,1,1.0,1,0.09534492460046352,61
4114,0,5502,2995,2507,0,0,0,1.0,1,1.0,1,1.0,1,0.0833554065948589,62
4115,2,5504,2995,2509,0,0,0,1.0,1,1.0,1,1.0,1,0.1013755518716109,60
4116,0,5504,2995,2509,0,0,0,1.0,1,1.0,1,1.0,1,0.09865308560802181,59
4117,3,5507,2997,2510,0,0,0,1.0,1,1.0,1,1.0,1,0.10092099282832308,56
4118,0,5507,2997,2510,0,0,0,1.0,1,1.0,1,1.0,1,0.12040641063014008,55
4119,1,5508,2998,2510,0,0,0,1.0,1,1.0,1,1.0,1,0.14865281594191265,53
4120,3,5511,3000,2511,0,0,0,1.0,1,1.0,1,1.0,1,0.1294379248290548,52
4121,6,5517,3006,2511,0,0,0,1.0,1,1.0,1,1.0,1,0.10425348472076816,53
4122,1,5518,3007,2511,0,0,0,1.0,1,1.0,1,1.0,1,0.13804300595965022,52
4123,4,5522,3010,2512,0,0,0,1.0,1,1.0,1,1.0,1,0.15224496379756905,51
4124,1,5523,3010,2513,0,0,0,1.0,1,1.0,1,1.0,1,0.14137153874208014,51
4125,1,5524,3011,2513,0,0,0,1.0,1,1.0,1,1.0,1,0.14973068675762277,50
4126,4,5528,3012,2516,0,0,0,1.0,1,1.0,1,1.0,1,0.14488391871333584,50
4127,0,5528,3012,2516,0,0,0,1.0,1,1.0,1,1.0,1,0.16531128042669369,49
4128,0,5528,3012,2516,0,0,0,1.0,1,1.0,1,1.0,1,0.16531128042669369,49
4129,0,5528,3012,2516,0,0,0,1.0,1,1.0,1,1.0,1,0.16531128042669369,49
4130,1,5529,3013,2516,0,0,0,1.0,1,1.0,1,1.0,1,0.14383859521034345,50
4131,2,5531,3015,2516,0,0,0,1.0,1,1.0,1,1.0,1,0.1810654783915144,50
4132,0,5531,3015,2516,0,0,0,1.0,1,1.0,1,1.0,1,0.1810654783915144,50
4133,2,5533,3017,2516,0,0,0,1.0,1,1.0,1,1.0,1,0.16093266092121414,51
4134,1,5534,3018,2516,0,0,0,1.0,1,1.0,1,1.0,1,0.14458982529300993,53
4135,1,5535,3019,2516,0,0,0,1.0,1,1.0,1,1.0,1,0.15526163122493805,54
4136,0,5535,3019,2516,0,0,0,1.0,1,1.0,1,1.0,1,0.15526163122493805,54
4137,1,5536,3020,2516,0,0,0,1.0,1,1.0,1,1.0,1,0.13114445426426746,55
4138,1,5537,3021,2516,0,0,0,1.0,1,1.0,1,1.0,1,0.14941517406587734,54
4139,1,5538,3022,2516,0,0,0,1.0,1,1.0,1,1.0,1,0.16105469373055542,54
4140,0,5538,3022,2516,0,0,0,1.0,1,1.0,1,1.0,1,0.14403232184089795,55
4141,0,5538,3022,2516,0,0,0,1.0,1,1.0,1,1.0,1,0.1521826566629522,55
4142,0,5538,3022,2516,0,0,0,1.0,1,1.0,1,1.0,1,0.1521826566629522,55
4143,2,5540,3022,2518,0,0,0,1.0,1,1.0,1,1.0,1,0.12645644072289328,53
4144,0,5540,3022,2518,0,0,0,1.0,1,1.0,1,1.0,1,0.1458406820652341,52
4145,2,5542,3022,2520,0,0,0,1.0,1,1.0,1,1.0,1,0.12594976448705866,51
4146,4,5546,3025,2521,0,0,0,1.0,1,1.0,1,1.0,1,0.14239298930164465,51
4147,2,5548,3026,2522,0,0,0,1.0,1,1.0,1,1.0,1,0.139459291382747,50
4148,2,5550,3028,2522,0,0,0,1.0,1,1.0,1,1.0,1,0.1754288959761611,52
4149,0,5550,3028,2522,0,0,0,1.0,1,1.0,1,1.0,1,0.15542069688766727,53
4150,2,5552,3030,2522,0,0,0,1.0,1,1.0,1,1.0,1,0.17516333444976306,53
4151,1,5553,3031,2522,0,0,0,1.0,1,1.0,1,1.0,1,0.18184240588865502,53
4152,1,5554,3032,2522,0,0,0,1.0,1,1.0,1,1.0,1,0.16983842159484902,54
4153,2,5556,3034,2522,0,0,0,1.0,1,1.0,1,1.0,1,0.1962609789233358,51
4154,2,5558,3034,2524,0,0,0,1.0,1,1.0,1,1.0,1,0.1468817101556902,51
4155,2,5560,3036,2524,0,0,0,1.0,1,1.0,1,1.0,1,0.1706649649425517,51
4156,7,5567,3040,2527,0,0,0,1.0,1,1.0,1,1.0,1,0.18677463887733536,52
4157,1,5568,3040,2528,0,0,0,1.0,1,1.0,1,1.0,1,0.16441501071373635,52
4158,1,5569,3041,2528,0,0,0,1.0,1,1.0,1,1.0,1,0.18342752237609392,52
4159,2,5571,3043,2528,0,0,0,1.0,1,1.0,1,1.0,1,0.19030131894328606,52
4160,4,5575,3047,2528,0,0,0,1.0,1,1.0,1,1.0,1,0.22794583761195505,50
4161,2,5577,3048,2529,0,0,0,1.0,1,1.0,1,1.0,1,0.24001008675546218,50
4162,1,5578,3049,2529,0,0,0,1.0,1,1.0,1,1.0,1,0.2599096003976378,51
4163,2,5580,3050,2530,0,0,0,1.0,1,1.0,1,1.0,1,0.24072321452150186,48
4164,2,5582,3052,2530,0,0,0,1.0,1,1.0,1,1.0,1,0.2586087555071758,50
4165,1,5583,3052,2531,0,0,0,1.0,1,1.0,1,1.0,1,0.23822152574052707,49
4166,5,5588,3055,2533,0,0,0,1.0,1,1.0,1,1.0,1,0.2053457486254978,50
4167,0,5588,3055,2533,0,0,0,1.0,1,1.0,1,1.0,1,0.20555844396860665,50
4168,1,5589,3055,2534,0,0,0,1.0,1,1.0,1,1.0,1,0.20338631264853366,50
4169,1,5590,3055,2535,0,0,0,1.0,1,1.0,1,1.0,1,0.19233497426826565,51
4170,0,5590,3055,2535,0,0,0,1.0,1,1.0,1,1.0,1,0.21040521139358442,50
4171,3,5593,3057,2536,0,0,0,1.0,1,1.0,1,1.0,1,0.22411449015842239,50
4172,1,5594,3057,2537,0,0,0,1.0,1,1.0,1,1.0,1,0.23037225564094485,49
4173,3,5597,3057,2540,0,0,0,1.0,1,1.0,1,1.0,1,0.20012846413397925,48
4174,1,5598,3058,2540,0,0,0,1.0,1,1.0,1,1.0,1,0.22309142654729883,48
4175,2,5600,3058,2542,0,0,0,1.0,1,1.0,1,1.0,1,0.1967476527809464,48
4176,2,5602,3058,2544,0,0,0,1.0,1,1.0,1,1.0,1,0.16973867276758758,50
4177,2,5604,3058,2546,0,0,0,1.0,1,1.0,1,1.0,1,0.13682941153675485,52
4178,1,5605,3059,2546,0,0,0,1.0,1,1.0,1,1.0,1,0.14518465101889866,53
4179,1,5606,3059,2547,0,0,0,1.0,1,1.0,1,1.0,1,0.1326045610536509,54
4180,0,5606,3059,2547,0,0,0,1.0,1,1.0,1,1.0,1,0.1341515141023215,55
4181,2,5608,3059,2549,0,0,0,1.0,1,1.0,1,1.0,1,0.09725042122555465,56
4182,0,5608,3059,2549,0,0,0,1.0,1,1.0,1,1.0,1,0.09725042122555465,56
4183,3,5611,3060,2551,0,0,0,1.0,1,1.0,1,1.0,1,0.08387920636119513,57
4184,1,5612,3060,2552,0,0,0,1.0,1,1.0,1,1.0,1,0.08591651901057491,57
4185,0,5612,3060,2552,0,0,0,1.0,1,1.0,1,1.0,1,0.08630630557966294,54
4186,2,5614,3061,2553,0,0,0,1.0,1,1.0,1,1.0,1,0.10430557730029526,55
4187,0,5614,3061,2553,0,0,0,1.0,1,1.0,1,1.0,1,0.10853085236673651,53
4188,1,5615,3061,2554,0,0,0,1.0,1,1.0,1,1.0,1,0.09027496752172366,53
4189,0,5615,3061,2554,0,0,0,1.0,1,1.0,1,1.0,1,0.08011094277316387,53
4190,4,5619,3064,2555,0,0,0,1.0,1,1.0,1,1.0,1,0.0887767735063511,53
4191,1,5620,3065,2555,0,0,0,1.0,1,1.0,1,1.0,1,0.09717677872961711,51
4192,4,5624,3068,2556,0,0,0,1.0,1,1.0,1,1.0,1,0.09427411488285697,51
4193,2,5626,3070,2556,0,0,0,1.0,1,1.0,1,1.0,1,0.09494643330750284,50
4194,1,5627,3071,2556,0,0,0,1.0,1,1.0,1,1.0,1,0.10770378187989824,50
4195,2,5629,3072,2557,0,0,0,1.0,1,1.0,1,1.0,1,0.11323609484234855,50
4196,5,5634,3074,2560,0,0,0,1.0,1,1.0,1,1.0,1,0.06774938449041265,51
4197,1,5635,3075,2560,0,0,0,1.0,1,1.0,1,1.0,1,0.09319734624512852,50
4198,1,5636,3076,2560,0,0,0,1.0,1,1.0,1,1.0,1,0.1176858397416563,48
4199,1,5637,3076,2561,0,0,0,1.0,1,1.0,1,1.0,1,0.1534397995892797,48
4200,0,5637,3076,2561,0,0,0,1.0,1,1.0,1,1.0,1,0.1656333615389966,48
4201,1,5638,3077,2561,0,0,0,1.0,1,1.0,1,1.0,1,0.20721085266522174,47
4202,0,5638,3077,2561,0,0,0,1.0,1,1.0,1,1.0,1,0.20721085266522174,47
4203,0,5638,3077,2561,0,0,0,1.0,1,1.0,1,1.0,1,0.20721085266522174,47
4204,3,5641,3079,2562,0,0,0,1.0,1,1.0,1,1.0,1,0.23789148581520625,48
4205,1,5642,3079,2563,0,0,0,1.0,1,1.0,1,1.0,1,0.20401485691753807,49
4206,1,5643,3080,2563,0,0,0,1.0,1,1.0,1,1.0,1,0.23617987601850374,49
4207,0,5643,3080,2563,0,0,0,1.0,1,1.0,1,1.0,1,0.22547098350774045,48
4208,4,5647,3082,2565,0,0,0,1.0,1,1.0,1,1.0,1,0.20426683287114536,49
4209,3,5650,3084,2566,0,0,0,1.0,1,1.0,1,1.0,1,0.21274597542664536,51
4210,2,5652,3085,2567,0,0,0,1.0,1,1.0,1,1.0,1,0.22913864086587082,52
4211,3,5655,3086,2569,0,0,0,1.0,1,1.0,1,1.0,1,0.21605349340804206,53
4212,1,5656,3086,2570,0,0,0,1.0,1,1.0,1,1.0,1,0.187680382124409,53
4213,0,5656,3086,2570,0,0,0,1.0,1,1.0,1,1.0,1,0.19526682099265885,54
4214,1,5657,3087,2570,0,0,0,1.0,1,1.0,1,1.0,1,0.19829902136295174,54
4215,0,5657,3087,2570,0,0,0,1.0,1,1.0,1,1.0,1,0.19829902136295174,54
4216,1,5658,3087,2571,0,0,0,1.0,1,1.0,1,1.0,1,0.18294401809255909,53
4217,1,5659,3088,2571,0,0,0,1.0,1,1.0,1,1.0,1,0.20869578386343596,54
4218,2,5661,3089,2572,0,0,0,1.0,1,1.0,1,1.0,1,0.22592601816024677,53
4219,0,5661,3089,2572,0,0,0,1.0,1,1.0,1,1.0,1,0.22592601816024677,53
4220,0,5661,3089,2572,0,0,0,1.0,1,1.0,1,1.0,1,0.23327150607866118,53
4221,1,5662,3090,2572,0,0,0,1.0,1,1.0,1,1.0,1,0.25389815847018726,54
4222,3,5665,3092,2573,0,0,0,1.0,1,1.0,1,1.0,1,0.2733720594064731,55
4223,1,5666,3093,2573,0,0,0,1.0,1,1.0,1,1.0,1,0.2736832875317814,56
4224,1,5667,3093,2574,0,0,0,1.0,1,1.0,1,1.0,1,0.2755698165423388,55
4225,1,5668,3094,2574,0,0,0,1.0,1,1.0,1,1.0,1,0.2659985502577733,53
4226,2,5670,3095,2575,0,0,0,1.0,1,1.0,1,1.0,1,0.2810494504625996,54
4227,0,5670,3095,2575,0,0,0,1.0,1,1.0,1,1.0,1,0.2820395613879974,52
4228,1,5671,3096,2575,0,0,0,1.0,1,1.0,1,1.0,1,0.27036654933469284,51
4229,1,5672,3097,2575,0,0,0,1.0,1,1.0,1,1.0,1,0.2832433777813214,48
4230,1,5673,3097,2576,0,0,0,1.0,1,1.0,1,1.0,1,0.2729625405967002,48
4231,1,5674,3098,2576,0,0,0,1.0,1,1.0,1,1.0,1,0.2604920970448188,48
4232,1,5675,3099,2576,0,0,0,1.0,1,1.0,1,1.0,1,0.23565839569878472,48
4233,1,5676,3099,2577,0,0,0,1.0,1,1.0,1,1.0,1,0.18695137572058393,48
4234,0,5676,3099,2577,0,0,0,1.0,1,1.0,1,1.0,1,0.17996503765811145,49
4235,0,5676,3099,2577,0,0,0,1.0,1,1.0,1,1.0,1,0.17729773247458047,47
4236,1,5677,3099,2578,0,0,0,1.0,1,1.0,1,1.0,1,0.13436574125148823,47
4237,1,5678,3099,2579,0,0,0,1.0,1,1.0,1,1.0,1,0.10913021707388575,48
4238,0,5678,3099,2579,0,0,0,1.0,1,1.0,1,1.0,1,0.12487280105806302,47
4239,1,5679,3099,2580,0,0,0,1.0,1,1.0,1,1.0,1,0.11292077470010721,48
4240,1,5680,3100,2580,0,0,0,1.0,1,1.0,1,1.0,1,0.10970832884482475,47
4241,0,5680,3100,2580,0,0,0,1.0,1,1.0,1,1.0,1,0.09894133628969652,49
4242,0,5680,3100,2580,0,0,0,1.0,1,1.0,1,1.0,1,0.09488306887850877,49
4243,2,5682,3101,2581,0,0,0,1.0,1,1.0,1,1.0,1,0.09420691353632649,50
4244,1,5683,3101,2582,0,0,0,1.0,1,1.0,1,1.0,1,0.09638972592543912,51
4245,1,5684,3101,2583,0,0,0,1.0,1,1.0,1,1.0,1,0.1014659780728062,51
4246,1,5685,3101,2584,0,0,0,1.0,1,1.0,1,1.0,1,0.07926250799790452,51
4247,0,5685,3101,2584,0,0,0,1.0,1,1.0,1,1.0,1,0.08192676058951429,52
4248,0,5685,3101,2584,0,0,0,1.0,1,1.0,1,1.0,1,0.08192676058951429,52
4249,0,5685,3101,2584,0,0,0,1.0,1,1.0,1,1.0,1,0.08192676058951429,52
4250,3,5688,3104,2584,0,0,0,1.0,1,1.0,1,1.0,1,0.1274043604658168,52
4251,6,5694,3108,2586,0,0,0,1.0,1,1.0,1,1.0,1,0.0893541683587943,53
4252,4,5698,3112,2586,0,0,0,1.0,1,1.0,1,1.0,1,0.15724194704586794,53
4253,4,5702,3114,2588,0,0,0,1.0,1,1.0,1,1.0,1,0.11426786767688006,54
4254,2,5704,3116,2588,0,0,0,1.0,1,1.0,1,1.0,1,0.14295398053910005,54
4255,3,5707,3117,2590,0,0,0,1.0,1,1.0,1,1.0,1,0.1314076501929047,55
4256,4,5711,3118,2593,0,0,0,1.0,1,1.0,1,1.0,1,0.06877434691229586,57
4257,0,5711,3118,2593,0,0,0,1.0,1,1.0,1,1.0,1,0.06877434691229586,57
4258,0,5711,3118,2593,0,0,0,1.0,1,1.0,1,1.0,1,0.07708830796601213,57
4259,0,5711,3118,2593,0,0,0,1.0,1,1.0,1,1.0,1,0.07708830796601213,57
4260,1,5712,3119,2593,0,0,0,1.0,1,1.0,1,1.0,1,0.09189723879814127,58
4261,4,5716,3121,2595,0,0,0,1.0,1,1.0,1,1.0,1,0.06650139462617319,59
4262,0,5716,3121,2595,0,0,0,1.0,1,1.0,1,1.0,1,0.0557908583887115,60
4263,0,5716,3121,2595,0,0,0,1.0,1,1.0,1,1.0,1,0.052180696411590226,59
4264,0,5716,3121,2595,0,0,0,1.0,1,1.0,1,1.0,1,0.0487693248073688,58
4265,1,5717,3122,2595,0,0,0,1.0,1,1.0,1,1.0,1,0.04055828933995865,58
4266,1,5718,3123,2595,0,0,0,1.0,1,1.0,1,1.0,1,0.040165213764511015,58
4267,0,5718,3123,2595,0,0,0,1.0,1,1.0,1,1.0,1,0.049156773242707015,55
4268,0,5718,3123,2595,0,0,0,1.0,1,1.0,1,1.0,1,0.049156773242707015,55
4269,2,5720,3125,2595,0,0,0,1.0,1,1.0,1,1.0,1,0.08404687821483274,50
4270,1,5721,3126,2595,0,0,0,1.0,1,1.0,1,1.0,1,0.08401531963699571,47
4271,4,5725,3128,2597,0,0,0,1.0,1,1.0,1,1.0,1,0.09730706230917852,47
4272,1,5726,3128,2598,0,0,0,1.0,1,1.0,1,1.0,1,0.059519426364437245,46
4273,2,5728,3130,2598,0,0,0,1.0,1,1.0,1,1.0,1,0.12838653402726516,47
4274,3,5731,3133,2598,0,0,0,1.0,1,1.0,1,1.0,1,0.09771432076673067,45
4275,4,5735,3137,2598,0,0,0,1.0,1,1.0,1,1.0,1,0.14021414052125633,44
4276,6,5741,3140,2601,0,0,0,1.0,1,1.0,1,1.0,1,0.13059703279720175,43
4277,4,5745,3143,2602,0,0,0,1.0,1,1.0,1,1.0,1,0.18899814243659804,42
4278,2,5747,3144,2603,0,0,0,1.0,1,1.0,1,1.0,1,0.1811209736623354,43
4279,2,5749,3146,2603,0,0,0,1.0,1,1.0,1,1.0,1,0.28561949711296,42
4280,6,5755,3148,2607,0,0,0,1.0,1,1.0,1,1.0,1,0.2675599418515997,44
4281,7,5762,3149,2613,0,0,0,1.0,1,1.0,1,1.0,1,0.1081661297227352,44
4282,1,5763,3149,2614,0,0,0,1.0,1,1.0,1,1.0,1,0.0719531015054946,44
4283,1,5764,3149,2615,0,0,0,1.0,1,1.0,1,1.0,1,0.04282364322337762,45
4284,0,5764,3149,2615,0,0,0,1.0,1,1.0,1,1.0,1,0.04282364322337762,45
4285,0,5764,3149,2615,0,0,0,1.0,1,1.0,1,1.0,1,0.02244582112008556,47
4286,1,5765,3150,2615,0,0,0,1.0,1,1.0,1,1.0,1,0.05060735096867192,47
4287,1,5766,3151,2615,0,0,0,1.0,1,1.0,1,1.0,1,0.02678109413340526,49
4288,0,5766,3151,2615,0,0,0,1.0,1,1.0,1,1.0,1,0.02678109413340526,49
4289,0,5766,3151,2615,0,0,0,1.0,1,1.0,1,1.0,1,0.030571957037235482,50
4290,2,5768,3153,2615,0,0,0,1.0,1,1.0,1,1.0,1,0.03602016131558892,51
4291,1,5769,3154,2615,0,0,0,1.0,1,1.0,1,1.0,1,0.02116325658610803,50
4292,2,5771,3156,2615,0,0,0,1.0,1,1.0,1,1.0,1,0.05532345506998815,51
4293,0,5771,3156,2615,0,0,0,1.0,1,1.0,1,1.0,1,0.026976768858286808,51
4294,0,5771,3156,2615,0,0,0,1.0,1,1.0,1,1.0,1,0.031927380519054686,50
4295,0,5771,3156,2615,0,0,0,1.0,1,1.0,1,1.0,1,0.015195196492210664,50
4296,0,5771,3156,2615,0,0,0,1.0,1,1.0,1,1.0,1,0.03322220990394984,49
4297,0,5771,3156,2615,0,0,0,1.0,1,1.0,1,1.0,1,0.04736616666202136,49
4298,0,5771,3156,2615,0,0,0,1.0,1,1.0,1,1.0,1,0.04736616666202136,49
4299,0,5771,3156,2615,0,0,0,1.0,1,1.0,1,1.0,1,0.058914074794084836,48
4300,1,5772,3157,2615,0,0,0,1.0,1,1.0,1,1.0,1,0.026736579552967227,49
4301,2,5774,3159,2615,0,0,0,1.0,1,1.0,1,1.0,1,0.03895639526050114,50
4302,0,5774,3159,2615,0,0,0,1.0,1,1.0,1,1.0,1,0.050745463620425285,51
4303,2,5776,3161,2615,0,0,0,1.0,1,1.0,1,1.0,1,0.0650947579546285,51
4304,0,5776,3161,2615,0,0,0,1.0,1,1.0,1,1.0,1,0.07960888805632307,51
4305,5,5781,3166,2615,0,0,0,1.0,1,1.0,1,1.0,1,0.09705473364665902,49
4306,3,5784,3167,2617,0,0,0,1.0,1,1.0,1,1.0,1,0.06759172910246884,49
4307,4,5788,3171,2617,0,0,0,1.0,1,1.0,1,1.0,1,0.11893041384743681,46
4308,3,5791,3172,2619,0,0,0,1.0,1,1.0,1,1.0,1,0.09883746903303528,44
4309,4,5795,3175,2620,0,0,0,1.0,1,1.0,1,1.0,1,0.09531648281453511,44
4310,0,5795,3175,2620,0,0,0,1.0,1,1.0,1,1.0,1,0.12925295806193302,42
4311,5,5800,3177,2623,0,0,0,1.0,1,1.0,1,1.0,1,0.08876436203944361,42
4312,0,5800,3177,2623,0,0,0,1.0,1,1.0,1,1.0,1,0.12993207191698627,40
4313,1,5801,3178,2623,0,0,0,1.0,1,1.0,1,1.0,1,0.11681289111559019,40
4314,3,5804,3181,2623,0,0,0,1.0,1,1.0,1,1.0,1,0.10128423602717848,36
4315,1,5805,3182,2623,0,0,0,1.0,1,1.0,1,1.0,1,0.08935216344199498,37
4316,3,5808,3184,2624,0,0,0,1.0,1,1.0,1,1.0,1,0.06103541212240273,37
4317,0,5808,3184,2624,0,0,0,1.0,1,1.0,1,1.0,1,0.06893967433504315,36
4318,1,5809,3185,2624,0,0,0,1.0,1,1.0,1,1.0,1,0.08327747633512055,34
4319,1,5810,3186,2624,0,0,0,1.0,1,1.0,1,1.0,1,0.09040960513023354,34
4320,0,5810,3186,2624,0,0,0,1.0,1,1.0,1,1.0,1,0.09040960513023354,34
4321,2,5812,3187,2625,0,0,0,1.0,1,1.0,1,1.0,1,0.11849208653214328,35
4322,0,5812,3187,2625,0,0,0,1.0,1,1.0,1,1.0,1,0.11849208653214328,35
4323,1,5813,3188,2625,0,0,0,1.0,1,1.0,1,1.0,1,0.17557358285341765,35
4324,0,5813,3188,2625,0,0,0,1.0,1,1.0,1,1.0,1,0.20186017831578373,34
4325,3,5816,3190,2626,0,0,0,1.0,1,1.0,1,1.0,1,0.16479650677945687,34
4326,2,5818,3191,2627,0,0,0,1.0,1,1.0,1,1.0,1,0.1666411440312532,36
4327,0,5818,3191,2627,0,0,0,1.0,1,1.0,1,1.0,1,0.1843649120341327,35
4328,1,5819,3192,2627,0,0,0,1.0,1,1.0,1,1.0,1,0.16751527951242837,35
4329,2,5821,3193,2628,0,0,0,1.0,1,1.0,1,1.0,1,0.12243057091213196,38
4330,2,5823,3195,2628,0,0,0,1.0,1,1.0,1,1.0,1,0.14547188076162249,38
4331,2,5825,3195,2630,0,0,0,1.0,1,1.0,1,1.0,1,0.11013033468831221,39
4332,0,5825,3195,2630,0,0,0,1.0,1,1.0,1,1.0,1,0.12763426377892487,40
4333,0,5825,3195,2630,0,0,0,1.0,1,1.0,1,1.0,1,0.10926734712044327,41
4334,1,5826,3195,2631,0,0,0,1.0,1,1.0,1,1.0,1,0.08448300245733326,41
4335,4,5830,3197,2633,0,0,0,1.0,1,1.0,1,1.0,1,0.07257929954977631,42
4336,0,5830,3197,2633,0,0,0,1.0,1,1.0,1,1.0,1,0.08455362353007868,43
4337,1,5831,3197,2634,0,0,0,1.0,1,1.0,1,1.0,1,0.06015966776173699,44
4338,0,5831,3197,2634,0,0,0,1.0,1,1.0,1,1.0,1,0.06015966776173699,44
4339,1,5832,3198,2634,0,0,0,1.0,1,1.0,1,1.0,1,0.07371066287885722,46
4340,1,5833,3199,2634,0,0,0,1.0,1,1.0,1,1.0,1,0.06490340624630668,47
4341,3,5836,3201,2635,0,0,0,1.0,1,1.0,1,1.0,1,0.05745689596964797,47
4342,0,5836,3201,2635,0,0,0,1.0,1,1.0,1,1.0,1,0.05745689596964797,47
4343,0,5836,3201,2635,0,0,0,1.0,1,1.0,1,1.0,1,0.0701751131939,42
4344,3,5839,3204,2635,0,0,0,1.0,1,1.0,1,1.0,1,0.08122179508059856,42
4345,0,5839,3204,2635,0,0,0,1.0,1,1.0,1,1.0,1,0.10187462950932955,39
4346,2,5841,3206,2635,0,0,0,1.0,1,1.0,1,1.0,1,0.09463889985646703,37
4347,1,5842,3207,2635,0,0,0,1.0,1,1.0,1,1.0,1,0.1435825522678496,37
4348,3,5845,3209,2636,0,0,0,1.0,1,1.0,1,1.0,1,0.2021520298735505,38
4349,1,5846,3209,2637,0,0,0,1.0,1,1.0,1,1.0,1,0.19453530621829704,36
4350,2,5848,3211,2637,0,0,0,1.0,1,1.0,1,1.0,1,0.2288829431672481,37
4351,0,5848,3211,2637,0,0,0,1.0,1,1.0,1,1.0,1,0.2048353673681357,35
4352,0,5848,3211,2637,0,0,0,1.0,1,1.0,1,1.0,1,0.23227958693639206,34
4353,2,5850,3211,2639,0,0,0,1.0,1,1.0,1,1.0,1,0.1628626916153623,34
4354,1,5851,3212,2639,0,0,0,1.0,1,1.0,1,1.0,1,0.14484396875554453,32
4355,2,5853,3213,2640,0,0,0,1.0,1,1.0,1,1.0,1,0.14322700574198674,32
4356,2,5855,3215,2640,0,0,0,1.0,1,1.0,1,1.0,1,0.12294641056477454,34
4357,0,5855,3215,2640,0,0,0,1.0,1,1.0,1,1.0,1,0.12573519871330566,35
4358,3,5858,3217,2641,0,0,0,1.0,1,1.0,1,1.0,1,0.11685873939167354,35
4359,1,5859,3218,2641,0,0,0,1.0,1,1.0,1,1.0,1,0.14987138447972218,37
4360,1,5860,3218,2642,0,0,0,1.0,1,1.0,1,1.0,1,0.15349338928628056,38
4361,2,5862,3218,2644,0,0,0,1.0,1,1.0,1,1.0,1,0.0654346756323793,39
4362,2,5864,3220,2644,0,0,0,1.0,1,1.0,1,1.0,1,0.06827767609759326,38
4363,2,5866,3221,2645,0,0,0,1.0,1,1.0,1,1.0,1,0.06513908653446535,38
4364,2,5868,3222,2646,0,0,0,1.0,1,1.0,1,1.0,1,0.04278596676452845,39
4365,0,5868,3222,2646,0,0,0,1.0,1,1.0,1,1.0,1,0.04278596676452845,39
4366,1,5869,3223,2646,0,0,0,1.0,1,1.0,1,1.0,1,0.041156594438999286,39
4367,1,5870,3224,2646,0,0,0,1.0,1,1.0,1,1.0,1,0.054684160629370065,41
4368,1,5871,3225,2646,0,0,0,1.0,1,1.0,1,1.0,1,0.08502893563546914,41
4369,0,5871,3225,2646,0,0,0,1.0,1,1.0,1,1.0,1,0.07966614475472851,42
4370,0,5871,3225,2646,0,0,0,1.0,1,1.0,1,1.0,1,0.07966614475472851,42
4371,0,5871,3225,2646,0,0,0,1.0,1,1.0,1,1.0,1,0.07083573347261092,43
4372,0,5871,3225,2646,0,0,0,1.0,1,1.0,1,1.0,1,0.07083573347261092,43
4373,0,5871,3225,2646,0,0,0,1.0,1,1.0,1,1.0,1,0.07083573347261092,43
4374,1,5872,3225,2647,0,0,0,1.0,1,1.0,1,1.0,1,0.04597144412463771,44
4375,5,5877,3228,2649,0,0,0,1.0,1,1.0,1,1.0,1,0.13517506015674985,45
4376,2,5879,3228,2651,0,0,0,1.0,1,1.0,1,1.0,1,0.11370412099643458,46
4377,5,5884,3232,2652,0,0,0,1.0,1,1.0,1,1.0,1,0.1787138975934143,47
4378,1,5885,3232,2653,0,0,0,1.0,1,1.0,1,1.0,1,0.1518192036151744,49
4379,4,5889,3235,2654,0,0,0,1.0,1,1.0,1,1.0,1,0.14004687483864495,51
4380,0,5889,3235,2654,0,0,0,1.0,1,1.0,1,1.0,1,0.1282589331709217,50
4381,2,5891,3236,2655,0,0,0,1.0,1,1.0,1,1.0,1,0.12595432235098522,49
4382,3,5894,3239,2655,0,0,0,1.0,1,1.0,1,1.0,1,0.1768809686871704,47
4383,1,5895,3239,2656,0,0,0,1.0,1,1.0,1,1.0,1,0.1701810394187336,47
4384,0,5895,3239,2656,0,0,0,1.0,1,1.0,1,1.0,1,0.20214601928392303,44
4385,1,5896,3240,2656,0,0,0,1.0,1,1.0,1,1.0,1,0.18941497033396126,42
4386,4,5900,3240,2660,0,0,0,1.0,1,1.0,1,1.0,1,0.19132315113505735,41
4387,2,5902,3242,2660,0,0,0,1.0,1,1.0,1,1.0,1,0.19999453381527504,39
4388,0,5902,3242,2660,0,0,0,1.0,1,1.0,1,1.0,1,0.19999453381527504,39
4389,2,5904,3244,2660,0,0,0,1.0,1,1.0,1,1.0,1,0.18592055087924114,38
4390,0,5904,3244,2660,0,0,0,1.0,1,1.0,1,1.0,1,0.19362623853019734,38
4391,4,5908,3244,2664,0,0,0,1.0,1,1.0,1,1.0,1,0.0585941519189294,39
4392,0,5908,3244,2664,0,0,0,1.0,1,1.0,1,1.0,1,0.0585941519189294,39
4393,1,5909,3245,2664,0,0,0,1.0,1,1.0,1,1.0,1,0.09850287151908202,40
4394,0,5909,3245,2664,0,0,0,1.0,1,1.0,1,1.0,1,0.08428074066909777,39
4395,0,5909,3245,2664,0,0,0,1.0,1,1.0,1,1.0,1,0.08428074066909777,39
4396,1,5910,3246,2664,0,0,0,1.0,1,1.0,1,1.0,1,0.08166124245194142,39
4397,1,5911,3246,2665,0,0,0,1.0,1,1.0,1,1.0,1,0.08481472323461409,38
4398,0,5911,3246,2665,0,0,0,1.0,1,1.0,1,1.0,1,0.08985980538169062,39
4399,1,5912,3246,2666,0,0,0,1.0,1,1.0,1,1.0,1,0.07102847167575836,42
4400,0,5912,3246,2666,0,0,0,1.0,1,1.0,1,1.0,1,0.06442682244349088,43
4401,0,5912,3246,2666,0,0,0,1.0,1,1.0,1,1.0,1,0.051444975519161676,44
4402,0,5912,3246,2666,0,0,0,1.0,1,1.0,1,1.0,1,0.051444975519161676,44
4403,0,5912,3246,2666,0,0,0,1.0,1,1.0,1,1.0,1,0.03904045380112256,45
4404,0,5912,3246,2666,0,0,0,1.0,1,1.0,1,1.0,1,0.03904045380112256,45
4405,0,5912,3246,2666,0,0,0,1.0,1,1.0,1,1.0,1,0.0410706128561499,46
4406,1,5913,3247,2666,0,0,0,1.0,1,1.0,1,1.0,1,0.08041824064872108,46
4407,1,5914,3248,2666,0,0,0,1.0,1,1.0,1,1.0,1,0.11169027010489162,46
4408,0,5914,3248,2666,0,0,0,1.0,1,1.0,1,1.0,1,0.10493032268433138,47
4409,2,5916,3249,2667,0,0,0,1.0,1,1.0,1,1.0,1,0.12794075517752024,48
4410,1,5917,3249,2668,0,0,0,1.0,1,1.0,1,1.0,1,0.11742626544473586,48
4411,1,5918,3249,2669,0,0,0,1.0,1,1.0,1,1.0,1,0.09587670928303804,50
4412,2,5920,3250,2670,0,0,0,1.0,1,1.0,1,1.0,1,0.10662028667142774,50
4413,1,5921,3250,2671,0,0,0,1.0,1,1.0,1,1.0,1,0.10134244409411071,50
4414,0,5921,3250,2671,0,0,0,1.0,1,1.0,1,1.0,1,0.09399863669054681,51
4415,0,5921,3250,2671,0,0,0,1.0,1,1.0,1,1.0,1,0.09399863669054681,51
4416,1,5922,3251,2671,0,0,0,1.0,1,1.0,1,1.0,1,0.1206667124680576,51
4417,2,5924,3253,2671,0,0,0,1.0,1,1.0,1,1.0,1,0.1162154204838694,51
4418,1,5925,3253,2672,0,0,0,1.0,1,1.0,1,1.0,1,0.0801945319462524,51
4419,0,5925,3253,2672,0,0,0,1.0,1,1.0,1,1.0,1,0.06535949890809581,50
4420,0,5925,3253,2672,0,0,0,1.0,1,1.0,1,1.0,1,0.07075894457303115,50
4421,1,5926,3253,2673,0,0,0,1.0,1,1.0,1,1.0,1,0.06231145732111366,52
4422,0,5926,3253,2673,0,0,0,1.0,1,1.0,1,1.0,1,0.06128255540267867,51
4423,0,5926,3253,2673,0,0,0,1.0,1,1.0,1,1.0,1,0.06128255540267867,51
4424,0,5926,3253,2673,0,0,0,1.0,1,1.0,1,1.0,1,0.05877807860652365,53
4425,0,5926,3253,2673,0,0,0,1.0,1,1.0,1,1.0,1,0.051110468684074074,54
4426,1,5927,3254,2673,0,0,0,1.0,1,1.0,1,1.0,1,0.049445204266769474,55
4427,0,5927,3254,2673,0,0,0,1.0,1,1.0,1,1.0,1,0.049445204266769474,55
4428,1,5928,3255,2673,0,0,0,1.0,1,1.0,1,1.0,1,0.041117736022534754,55
4429,0,5928,3255,2673,0,0,0,1.0,1,1.0,1,1.0,1,0.037627121558553196,56
4430,2,5930,3257,2673,0,0,0,1.0,1,1.0,1,1.0,1,0.052910884586116216,55
4431,1,5931,3257,2674,0,0,0,1.0,1,1.0,1,1.0,1,0.05151176698370688,56
4432,1,5932,3258,2674,0,0,0,1.0,1,1.0,1,1.0,1,0.07590485728737739,56
4433,0,5932,3258,2674,0,0,0,1.0,1,1.0,1,1.0,1,0.08203496126949639,57
4434,1,5933,3259,2674,0,0,0,1.0,1,1.0,1,1.0,1,0.06322978626646607,56
4435,1,5934,3260,2674,0,0,0,1.0,1,1.0,1,1.0,1,0.0703471397435574,56
4436,6,5940,3262,2678,0,0,0,1.0,1,1.0,1,1.0,1,0.04170264725145475,55
4437,1,5941,3263,2678,0,0,0,1.0,1,1.0,1,1.0,1,0.07486222575207313,54
4438,1,5942,3264,2678,0,0,0,1.0,1,1.0,1,1.0,1,0.08203441649118728,54
4439,4,5946,3267,2679,0,0,0,1.0,1,1.0,1,1.0,1,0.1338688374276288,55
4440,0,5946,3267,2679,0,0,0,1.0,1,1.0,1,1.0,1,0.1338688374276288,55
4441,4,5950,3271,2679,0,0,0,1.0,1,1.0,1,1.0,1,0.11366042526188795,59
4442,1,5951,3272,2679,0,0,0,1.0,1,1.0,1,1.0,1,0.099512447934293,61
4443,2,5953,3274,2679,0,0,0,1.0,1,1.0,1,1.0,1,0.10386205973351377,60
4444,0,5953,3274,2679,0,0,0,1.0,1,1.0,1,1.0,1,0.11643446274851683,61
4445,0,5953,3274,2679,0,0,0,1.0,1,1.0,1,1.0,1,0.11643446274851683,61
4446,3,5956,3275,2681,0,0,0,1.0,1,1.0,1,1.0,1,0.10186922247541072,62
4447,0,5956,3275,2681,0,0,0,1.0,1,1.0,1,1.0,1,0.09762154994857393,63
4448,0,5956,3275,2681,0,0,0,1.0,1,1.0,1,1.0,1,0.09762154994857393,63
4449,0,5956,3275,2681,0,0,0,1.0,1,1.0,1,1.0,1,0.09762154994857393,63
4450,0,5956,3275,2681,0,0,0,1.0,1,1.0,1,1.0,1,0.10843390472421978,62
4451,1,5957,3275,2682,0,0,0,1.0,1,1.0,1,1.0,1,0.089866820801451,63
4452,2,5959,3275,2684,0,0,0,1.0,1,1.0,1,1.0,1,0.07740523057985452,64
4453,0,5959,3275,2684,0,0,0,1.0,1,1.0,1,1.0,1,0.08444557560042656,65
4454,1,5960,3276,2684,0,0,0,1.0,1,1.0,1,1.0,1,0.07705557971047876,66
4455,2,5962,3277,2685,0,0,0,1.0,1,1.0,1,1.0,1,0.08446831781517641,67
4456,3,5965,3279,2686,0,0,0,1.0,1,1.0,1,1.0,1,0.0970194243489523,67
4457,2,5967,3281,2686,0,0,0,1.0,1,1.0,1,1.0,1,0.09694295575054995,65
4458,1,5968,3282,2686,0,0,0,1.0,1,1.0,1,1.0,1,0.07374895279964414,65
4459,3,5971,3285,2686,0,0,0,1.0,1,1.0,1,1.0,1,0.10331445214193515,64
4460,0,5971,3285,2686,0,0,0,1.0,1,1.0,1,1.0,1,0.09273996553565138,63
4461,5,5976,3288,2688,0,0,0,1.0,1,1.0,1,1.0,1,0.1263983872231713,62
4462,3,5979,3290,2689,0,0,0,1.0,1,1.0,1,1.0,1,0.13473909728249595,61
4463,2,5981,3291,2690,0,0,0,1.0,1,1.0,1,1.0,1,0.16939327027022763,61
4464,0,5981,3291,2690,0,0,0,1.0,1,1.0,1,1.0,1,0.17503031287673057,58
4465,2,5983,3292,2691,0,0,0,1.0,1,1.0,1,1.0,1,0.19055094229325215,57
4466,6,5989,3293,2696,0,0,0,1.0,1,1.0,1,1.0,1,0.18067844763801427,54
4467,1,5990,3293,2697,0,0,0,1.0,1,1.0,1,1.0,1,0.14067935214948923,52
4468,2,5992,3294,2698,0,0,0,1.0,1,1.0,1,1.0,1,0.13789611040839636,52
4469,1,5993,3295,2698,0,0,0,1.0,1,1.0,1,1.0,1,0.15676900550196274,51
4470,1,5994,3296,2698,0,0,0,1.0,1,1.0,1,1.0,1,0.12857326117761272,51
4471,2,5996,3297,2699,0,0,0,1.0,1,1.0,1,1.0,1,0.13191944720253773,50
4472,0,5996,3297,2699,0,0,0,1.0,1,1.0,1,1.0,1,0.14763714818873755,48
4473,1,5997,3297,2700,0,0,0,1.0,1,1.0,1,1.0,1,0.13029705184387264,47
4474,1,5998,3298,2700,0,0,0,1.0,1,1.0,1,1.0,1,0.13727116108699722,49
4475,0,5998,3298,2700,0,0,0,1.0,1,1.0,1,1.0,1,0.1790831102350415,47
4476,3,6001,3298,2703,0,0,0,1.0,1,1.0,1,1.0,1,0.10356195113070606,49
4477,2,6003,3299,2704,0,0,0,1.0,1,1.0,1,1.0,1,0.14851691500170242,48
4478,0,6003,3299,2704,0,0,0,1.0,1,1.0,1,1.0,1,0.14851691500170242,48
4479,1,6004,3300,2704,0,0,0,1.0,1,1.0,1,1.0,1,0.17259850091210147,48
4480,0,6004,3300,2704,0,0,0,1.0,1,1.0,1,1.0,1,0.17378646745156026,49
4481,3,6007,3300,2707,0,0,0,1.0,1,1.0,1,1.0,1,0.18284607919346094,49
4482,1,6008,3301,2707,0,0,0,1.0,1,1.0,1,1.0,1,0.17534929249887324,49
4483,1,6009,3301,2708,0,0,0,1.0,1,1.0,1,1.0,1,0.13907120830357989,50
4484,3,6012,3303,2709,0,0,0,1.0,1,1.0,1,1.0,1,0.12781120177479835,52
4485,0,6012,3303,2709,0,0,0,1.0,1,1.0,1,1.0,1,0.12963519819870614,53
4486,5,6017,3306,2711,0,0,0,1.0,1,1.0,1,1.0,1,0.10375793554905866,55
4487,2,6019,3308,2711,0,0,0,1.0,1,1.0,1,1.0,1,0.10578438437613165,55
4488,3,6022,3309,2713,0,0,0,1.0,1,1.0,1,1.0,1,0.11871186906651535,54
4489,1,6023,3309,2714,0,0,0,1.0,1,1.0,1,1.0,1,0.12281443167238346,53
4490,0,6023,3309,2714,0,0,0,1.0,1,1.0,1,1.0,1,0.12281443167238346,53
4491,3,6026,3310,2716,0,0,0,1.0,1,1.0,1,1.0,1,0.11710552188821005,52
4492,1,6027,3310,2717,0,0,0,1.0,1,1.0,1,1.0,1,0.103021510997018,52
4493,1,6028,3311,2717,0,0,0,1.0,1,1.0,1,1.0,1,0.11772984675810184,52
4494,0,6028,3311,2717,0,0,0,1.0,1,1.0,1,1.0,1,0.12845246270367638,53
4495,3,6031,3314,2717,0,0,0,1.0,1,1.0,1,1.0,1,0.1566924145523075,50
4496,4,6035,3315,2720,0,0,0,1.0,1,1.0,1,1.0,1,0.1313242684596612,51
4497,2,6037,3317,2720,0,0,0,1.0,1,1.0,1,1.0,1,0.11791799052101468,50
4498,0,6037,3317,2720,0,0,0,1.0,1,1.0,1,1.0,1,0.10748959674812748,49
4499,1,6038,3318,2720,0,0,0,1.0,1,1.0,1,1.0,1,0.11959261039529134,48
4500,2,6040,3320,2720,0,0,0,1.0,1,1.0,1,1.0,1,0.11610681436634475,48
4501,2,6042,3321,2721,0,0,0,1.0,1,1.0,1,1.0,1,0.07979332598772856,48
4502,3,6045,3323,2722,0,0,0,1.0,1,1.0,1,1.0,1,0.11187044079127804,49
4503,2,6047,3325,2722,0,0,0,1.0,1,1.0,1,1.0,1,0.16078023917811057,49
4504,0,6047,3325,2722,0,0,0,1.0,1,1.0,1,1.0,1,0.15533951988750272,45
4505,0,6047,3325,2722,0,0,0,1.0,1,1.0,1,1.0,1,0.15190709592745333,46
4506,4,6051,3327,2724,0,0,0,1.0,1,1.0,1,1.0,1,0.18534330948386474,45
4507,1,6052,3327,2725,0,0,0,1.0,1,1.0,1,1.0,1,0.17659345497032558,45
4508,1,6053,3328,2725,0,0,0,1.0,1,1.0,1,1.0,1,0.17878960722456172,43
4509,1,6054,3329,2725,0,0,0,1.0,1,1.0,1,1.0,1,0.18600877919911266,41
4510,2,6056,3331,2725,0,0,0,1.0,1,1.0,1,1.0,1,0.1782435419549309,42
4511,4,6060,3333,2727,0,0,0,1.0,1,1.0,1,1.0,1,0.15733587031120225,41
4512,0,6060,3333,2727,0,0,0,1.0,1,1.0,1,1.0,1,0.15733587031120225,41
4513,1,6061,3333,2728,0,0,0,1.0,1,1.0,1,1.0,1,0.13889656144272153,41
4514,1,6062,3334,2728,0,0,0,1.0,1,1.0,1,1.0,1,0.1096350935480918,42
4515,1,6063,3334,2729,0,0,0,1.0,1,1.0,1,1.0,1,0.14365142921060303,41
4516,5,6068,3337,2731,0,0,0,1.0,1,1.0,1,1.0,1,0.11492403695357119,42
4517,0,6068,3337,2731,0,0,0,1.0,1,1.0,1,1.0,1,0.11767768049392129,43
4518,0,6068,3337,2731,0,0,0,1.0,1,1.0,1,1.0,1,0.14072885175717917,42
4519,1,6069,3338,2731,0,0,0,1.0,1,1.0,1,1.0,1,0.18608227394500435,42
4520,0,6069,3338,2731,0,0,0,1.0,1,1.0,1,1.0,1,0.22194689571605591,42
4521,2,6071,3338,2733,0,0,0,1.0,1,1.0,1,1.0,1,0.19896403665507947,42
4522,1,6072,3339,2733,0,0,0,1.0,1,1.0,1,1.0,1,0.1842654845513843,42
4523,0,6072,3339,2733,0,0,0,1.0,1,1.0,1,1.0,1,0.1842654845513843,42
4524,2,6074,3341,2733,0,0,0,1.0,1,1.0,1,1.0,1,0.18503664939847486,43
4525,4,6078,3344,2734,0,0,0,1.0,1,1.0,1,1.0,1,0.11504863725188515,46
4526,5,6083,3347,2736,0,0,0,1.0,1,1.0,1,1.0,1,0.04983268107331473,46
4527,1,6084,3348,2736,0,0,0,1.0,1,1.0,1,1.0,1,0.05276910815322662,47
4528,0,6084,3348,2736,0,0,0,1.0,1,1.0,1,1.0,1,0.06119758386591209,49
4529,2,6086,3349,2737,0,0,0,1.0,1,1.0,1,1.0,1,0.047333610885259135,50
4530,1,6087,3350,2737,0,0,0,1.0,1,1.0,1,1.0,1,0.04852547949478754,51
4531,2,6089,3352,2737,0,0,0,1.0,1,1.0,1,1.0,1,0.07663052055516933,51
4532,0,6089,3352,2737,0,0,0,1.0,1,1.0,1,1.0,1,0.07663052055516933,51
4533,2,6091,3354,2737,0,0,0,1.0,1,1.0,1,1.0,1,0.09801478585460936,50
4534,2,6093,3355,2738,0,0,0,1.0,1,1.0,1,1.0,1,0.09119204277328133,51
4535,2,6095,3357,2738,0,0,0,1.0,1,1.0,1,1.0,1,0.1265062898386796,50
4536,3,6098,3358,2740,0,0,0,1.0,1,1.0,1,1.0,1,0.09110544014881662,48
4537,2,6100,3359,2741,0,0,0,1.0,1,1.0,1,1.0,1,0.1007194274326695,49
4538,0,6100,3359,2741,0,0,0,1.0,1,1.0,1,1.0,1,0.0880046965139787,48
4539,0,6100,3359,2741,0,0,0,1.0,1,1.0,1,1.0,1,0.10674391841402679,50
4540,1,6101,3359,2742,0,0,0,1.0,1,1.0,1,1.0,1,0.08524474339188562,49
4541,1,6102,3359,2743,0,0,0,1.0,1,1.0,1,1.0,1,0.07638259962884265,49
4542,0,6102,3359,2743,0,0,0,1.0,1,1.0,1,1.0,1,0.10447798994075956,47
4543,0,6102,3359,2743,0,0,0,1.0,1,1.0,1,1.0,1,0.11580185259315366,45
4544,1,6103,3360,2743,0,0,0,1.0,1,1.0,1,1.0,1,0.13015059269790785,45
4545,1,6104,3361,2743,0,0,0,1.0,1,1.0,1,1.0,1,0.13351127769538293,43
4546,1,6105,3361,2744,0,0,0,1.0,1,1.0,1,1.0,1,0.12268603990959383,43
4547,0,6105,3361,2744,0,0,0,1.0,1,1.0,1,1.0,1,0.1441079455579124,41
4548,0,6105,3361,2744,0,0,0,1.0,1,1.0,1,1.0,1,0.1372757425505687,42
4549,2,6107,3363,2744,0,0,0,1.0,1,1.0,1,1.0,1,0.12224533358152875,41
4550,4,6111,3366,2745,0,0,0,1.0,1,1.0,1,1.0,1,0.12049768208130611,41
4551,0,6111,3366,2745,0,0,0,1.0,1,1.0,1,1.0,1,0.09874099753651636,39
4552,0,6111,3366,2745,0,0,0,1.0,1,1.0,1,1.0,1,0.1042784041777388,38
4553,0,6111,3366,2745,0,0,0,1.0,1,1.0,1,1.0,1,0.11636702436777681,39
4554,0,6111,3366,2745,0,0,0,1.0,1,1.0,1,1.0,1,0.12363328877623224,38
4555,0,6111,3366,2745,0,0,0,1.0,1,1.0,1,1.0,1,0.13184687708177104,37
4556,5,6116,3369,2747,0,0,0,1.0,1,1.0,1,1.0,1,0.11125819140113877,36
4557,0,6116,3369,2747,0,0,0,1.0,1,1.0,1,1.0,1,0.1154435261504082,38
4558,3,6119,3370,2749,0,0,0,1.0,1,1.0,1,1.0,1,0.12881798278737353,39
4559,4,6123,3372,2751,0,0,0,1.0,1,1.0,1,1.0,1,0.15497748240211148,38
4560,5,6128,3373,2755,0,0,0,1.0,1,1.0,1,1.0,1,0.17874441464725974,41
4561,0,6128,3373,2755,0,0,0,1.0,1,1.0,1,1.0,1,0.17874441464725974,41
4562,3,6131,3374,2757,0,0,0,1.0,1,1.0,1,1.0,1,0.15668016224129927,43
4563,1,6132,3374,2758,0,0,0,1.0,1,1.0,1,1.0,1,0.12570646175845152,42
4564,2,6134,3374,2760,0,0,0,1.0,1,1.0,1,1.0,1,0.11045035025553288,43
4565,0,6134,3374,2760,0,0,0,1.0,1,1.0,1,1.0,1,0.12699496867292498,44
4566,0,6134,3374,2760,0,0,0,1.0,1,1.0,1,1.0,1,0.10392642177622657,45
4567,3,6137,3377,2760,0,0,0,1.0,1,1.0,1,1.0,1,0.13835410781660462,47
4568,2,6139,3378,2761,0,0,0,1.0,1,1.0,1,1.0,1,0.09269155874544122,47
4569,1,6140,3379,2761,0,0,0,1.0,1,1.0,1,1.0,1,0.08521335138170014,49
4570,2,6142,3380,2762,0,0,0,1.0,1,1.0,1,1.0,1,0.0999582944118573,49
4571,1,6143,3381,2762,0,0,0,1.0,1,1.0,1,1.0,1,0.11000480584191197,48
4572,1,6144,3382,2762,0,0,0,1.0,1,1.0,1,1.0,1,0.12292343570724236,48
4573,2,6146,3384,2762,0,0,0,1.0,1,1.0,1,1.0,1,0.15095450719192827,48
4574,2,6148,3386,2762,0,0,0,1.0,1,1.0,1,1.0,1,0.1800528515336816,50
4575,1,6149,3386,2763,0,0,0,1.0,1,1.0,1,1.0,1,0.14539026592839366,51
4576,1,6150,3386,2764,0,0,0,1.0,1,1.0,1,1.0,1,0.13148014357617435,48
4577,0,6150,3386,2764,0,0,0,1.0,1,1.0,1,1.0,1,0.1270683071194664,47
4578,1,6151,3387,2764,0,0,0,1.0,1,1.0,1,1.0,1,0.11984981313938703,46
4579,0,6151,3387,2764,0,0,0,1.0,1,1.0,1,1.0,1,0.11820690555114498,46
4580,0,6151,3387,2764,0,0,0,1.0,1,1.0,1,1.0,1,0.10324518320731627,47
4581,1,6152,3388,2764,0,0,0,1.0,1,1.0,1,1.0,1,0.12846295887896253,47
4582,0,6152,3388,2764,0,0,0,1.0,1,1.0,1,1.0,1,0.131347532850399,48
4583,0,6152,3388,2764,0,0,0,1.0,1,1.0,1,1.0,1,0.131347532850399,48
4584,0,6152,3388,2764,0,0,0,1.0,1,1.0,1,1.0,1,0.13481070752729896,50
4585,1,6153,3389,2764,0,0,0,1.0,1,1.0,1,1.0,1,0.15792837838432927,50
4586,1,6154,3389,2765,0,0,0,1.0,1,1.0,1,1.0,1,0.15100396504114053,50
4587,0,6154,3389,2765,0,0,0,1.0,1,1.0,1,1.0,1,0.15100396504114053,50
4588,0,6154,3389,2765,0,0,0,1.0,1,1.0,1,1.0,1,0.15100396504114053,50
4589,0,6154,3389,2765,0,0,0,1.0,1,1.0,1,1.0,1,0.1472176107803206,52
4590,0,6154,3389,2765,0,0,0,1.0,1,1.0,1,1.0,1,0.1472176107803206,52
4591,1,6155,3389,2766,0,0,0,1.0,1,1.0,1,1.0,1,0.1385361662434742,53
4592,0,6155,3389,2766,0,0,0,1.0,1,1.0,1,1.0,1,0.15213214659568583,54
4593,2,6157,3391,2766,0,0,0,1.0,1,1.0,1,1.0,1,0.1808539150225688,56
4594,1,6158,3391,2767,0,0,0,1.0,1,1.0,1,1.0,1,0.18457159585521057,57
4595,1,6159,3392,2767,0,0,0,1.0,1,1.0,1,1.0,1,0.17017020110846565,56
4596,0,6159,3392,2767,0,0,0,1.0,1,1.0,1,1.0,1,0.17017020110846565,56
4597,2,6161,3394,2767,0,0,0,1.0,1,1.0,1,1.0,1,0.16953369498124368,56
4598,2,6163,3396,2767,0,0,0,1.0,1,1.0,1,1.0,1,0.19585409723186037,57
4599,0,6163,3396,2767,0,0,0,1.0,1,1.0,1,1.0,1,0.16871594997827333,59
4600,0,6163,3396,2767,0,0,0,1.0,1,1.0,1,1.0,1,0.17076444298088098,60
4601,1,6164,3397,2767,0,0,0,1.0,1,1.0,1,1.0,1,0.17977656723506882,60
4602,0,6164,3397,2767,0,0,0,1.0,1,1.0,1,1.0,1,0.16514899038322622,62
4603,0,6164,3397,2767,0,0,0,1.0,1,1.0,1,1.0,1,0.16514899038322622,62
4604,1,6165,3398,2767,0,0,0,1.0,1,1.0,1,1.0,1,0.1664053122264871,63
4605,0,6165,3398,2767,0,0,0,1.0,1,1.0,1,1.0,1,0.1664053122264871,63
4606,0,6165,3398,2767,0,0,0,1.0,1,1.0,1,1.0,1,0.17414139858830338,64
4607,2,6167,3399,2768,0,0,0,1.0,1,1.0,1,1.0,1,0.16761432432206053,65
4608,1,6168,3400,2768,0,0,0,1.0,1,1.0,1,1.0,1,0.18579365358563524,66
4609,1,6169,3401,2768,0,0,0,1.0,1,1.0,1,1.0,1,0.19816218284478104,65
4610,1,6170,3401,2769,0,0,0,1.0,1,1.0,1,1.0,1,0.17066467124619472,63
4611,5,6175,3405,2770,0,0,0,1.0,1,1.0,1,1.0,1,0.19751320355559124,64
4612,1,6176,3405,2771,0,0,0,1.0,1,1.0,1,1.0,1,0.17132146121228134,62
4613,2,6178,3407,2771,0,0,0,1.0,1,1.0,1,1.0,1,0.1853663135625341,63
4614,3,6181,3407,2774,0,0,0,1.0,1,1.0,1,1.0,1,0.1336348350082337,61
4615,1,6182,3408,2774,0,0,0,1.0,1,1.0,1,1.0,1,0.1271521452266743,59
4616,2,6184,3408,2776,0,0,0,1.0,1,1.0,1,1.0,1,0.10330376929111829,58
4617,1,6185,3409,2776,0,0,0,1.0,1,1.0,1,1.0,1,0.12143794296575858,58
4618,3,6188,3410,2778,0,0,0,1.0,1,1.0,1,1.0,1,0.14138990326628295,57
4619,3,6191,3412,2779,0,0,0,1.0,1,1.0,1,1.0,1,0.18337093835180052,57
4620,0,6191,3412,2779,0,0,0,1.0,1,1.0,1,1.0,1,0.18337093835180052,57
4621,5,6196,3413,2783,0,0,0,1.0,1,1.0,1,1.0,1,0.15948826428017507,59
4622,1,6197,3413,2784,0,0,0,1.0,1,1.0,1,1.0,1,0.15300670903073196,60
4623,1,6198,3413,2785,0,0,0,1.0,1,1.0,1,1.0,1,0.16389966974986794,59
4624,2,6200,3415,2785,0,0,0,1.0,1,1.0,1,1.0,1,0.20604262046884325,59
4625,1,6201,3416,2785,0,0,0,1.0,1,1.0,1,1.0,1,0.2041219117755773,57
4626,3,6204,3418,2786,0,0,0,1.0,1,1.0,1,1.0,1,0.21780607528311718,56
4627,2,6206,3418,2788,0,0,0,1.0,1,1.0,1,1.0,1,0.20224786468750824,56
4628,0,6206,3418,2788,0,0,0,1.0,1,1.0,1,1.0,1,0.19565898777093693,56
4629,1,6207,3419,2788,0,0,0,1.0,1,1.0,1,1.0,1,0.24118367499675228,56
4630,1,6208,3419,2789,0,0,0,1.0,1,1.0,1,1.0,1,0.22401718487403902,57
4631,1,6209,3419,2790,0,0,0,1.0,1,1.0,1,1.0,1,0.24987228792265864,56
4632,1,6210,3420,2790,0,0,0,1.0,1,1.0,1,1.0,1,0.287367508351426,57
4633,1,6211,3420,2791,0,0,0,1.0,1,1.0,1,1.0,1,0.26982806479263993,58
4634,0,6211,3420,2791,0,0,0,1.0,1,1.0,1,1.0,1,0.26982806479263993,58
4635,1,6212,3420,2792,0,0,0,1.0,1,1.0,1,1.0,1,0.24949356331570097,59
4636,0,6212,3420,2792,0,0,0,1.0,1,1.0,1,1.0,1,0.2308862307154373,60
4637,3,6215,3421,2794,0,0,0,1.0,1,1.0,1,1.0,1,0.2042039169924132,60
4638,1,6216,3421,2795,0,0,0,1.0,1,1.0,1,1.0,1,0.2096648975874992,61
4639,3,6219,3422,2797,0,0,0,1.0,1,1.0,1,1.0,1,0.19283488852088193,62
4640,0,6219,3422,2797,0,0,0,1.0,1,1.0,1,1.0,1,0.20421673070501956,63
4641,3,6222,3422,2800,0,0,0,1.0,1,1.0,1,1.0,1,0.1813606907645712,63
4642,0,6222,3422,2800,0,0,0,1.0,1,1.0,1,1.0,1,0.19522003812585495,62
4643,4,6226,3423,2803,0,0,0,1.0,1,1.0,1,1.0,1,0.178802446424582,63
4644,1,6227,3423,2804,0,0,0,1.0,1,1.0,1,1.0,1,0.18643445783053528,62
4645,1,6228,3424,2804,0,0,0,1.0,1,1.0,1,1.0,1,0.2021048410767337,63
4646,7,6235,3426,2809,0,0,0,1.0,1,1.0,1,1.0,1,0.19717505287159615,63
4647,4,6239,3427,2812,0,0,0,1.0,1,1.0,1,1.0,1,0.18654140102646352,62
4648,2,6241,3428,2813,0,0,0,1.0,1,1.0,1,1.0,1,0.20500427254873915,63
4649,0,6241,3428,2813,0,0,0,1.0,1,1.0,1,1.0,1,0.1872625483292673,61
4650,0,6241,3428,2813,0,0,0,1.0,1,1.0,1,1.0,1,0.16178350939130134,63
4651,3,6244,3428,2816,0,0,0,1.0,1,1.0,1,1.0,1,0.13248074695543516,62
4652,0,6244,3428,2816,0,0,0,1.0,1,1.0,1,1.0,1,0.11566198866689849,59
4653,0,6244,3428,2816,0,0,0,1.0,1,1.0,1,1.0,1,0.11930126751908832,60
4654,0,6244,3428,2816,0,0,0,1.0,1,1.0,1,1.0,1,0.12255452378395967,60
4655,1,6245,3429,2816,0,0,0,1.0,1,1.0,1,1.0,1,0.147807244160223,60
4656,4,6249,3431,2818,0,0,0,1.0,1,1.0,1,1.0,1,0.18731106780590356,61
4657,2,6251,3431,2820,0,0,0,1.0,1,1.0,1,1.0,1,0.16447242132841297,62
4658,3,6254,3434,2820,0,0,0,1.0,1,1.0,1,1.0,1,0.18050700991906285,62
4659,0,6254,3434,2820,0,0,0,1.0,1,1.0,1,1.0,1,0.17106084762052906,61
4660,2,6256,3436,2820,0,0,0,1.0,1,1.0,1,1.0,1,0.22867661415829918,61
4661,0,6256,3436,2820,0,0,0,1.0,1,1.0,1,1.0,1,0.22618579084018287,61
4662,0,6256,3436,2820,0,0,0,1.0,1,1.0,1,1.0,1,0.21462528951890275,62
4663,1,6257,3436,2821,0,0,0,1.0,1,1.0,1,1.0,1,0.2119092676249087,61
4664,3,6260,3436,2824,0,0,0,1.0,1,1.0,1,1.0,1,0.2017034724681697,62
4665,0,6260,3436,2824,0,0,0,1.0,1,1.0,1,1.0,1,0.21171762329560098,61
4666,3,6263,3437,2826,0,0,0,1.0,1,1.0,1,1.0,1,0.2048457947759336,61
4667,1,6264,3438,2826,0,0,0,1.0,1,1.0,1,1.0,1,0.2121415015533743,59
4668,3,6267,3439,2828,0,0,0,1.0,1,1.0,1,1.0,1,0.21222679745200881,59
4669,1,6268,3439,2829,0,0,0,1.0,1,1.0,1,1.0,1,0.22384669535857032,58
4670,1,6269,3440,2829,0,0,0,1.0,1,1.0,1,1.0,1,0.22975487356340038,57
4671,2,6271,3440,2831,0,0,0,1.0,1,1.0,1,1.0,1,0.23317852182660323,55
4672,4,6275,3442,2833,0,0,0,1.0,1,1.0,1,1.0,1,0.22902817647363702,56
4673,3,6278,3443,2835,0,0,0,1.0,1,1.0,1,1.0,1,0.18691271038347382,58
4674,2,6280,3444,2836,0,0,0,1.0,1,1.0,1,1.0,1,0.20187811551507873,58
4675,1,6281,3444,2837,0,0,0,1.0,1,1.0,1,1.0,1,0.22166260131709906,57
4676,3,6284,3444,2840,0,0,0,1.0,1,1.0,1,1.0,1,0.20421334885169998,58
4677,1,6285,3444,2841,0,0,0,1.0,1,1.0,1,1.0,1,0.20897129133620165,57
4678,1,6286,3444,2842,0,0,0,1.0,1,1.0,1,1.0,1,0.20246196728343638,57
4679,0,6286,3444,2842,0,0,0,1.0,1,1.0,1,1.0,1,0.20246196728343638,57
4680,2,6288,3444,2844,0,0,0,1.0,1,1.0,1,1.0,1,0.18745262160911333,59
4681,0,6288,3444,2844,0,0,0,1.0,1,1.0,1,1.0,1,0.188516349478492,60
4682,0,6288,3444,2844,0,0,0,1.0,1,1.0,1,1.0,1,0.188516349478492,60
4683,4,6292,3445,2847,0,0,0,1.0,1,1.0,1,1.0,1,0.1562285938631283,60
4684,1,6293,3446,2847,0,0,0,1.0,1,1.0,1,1.0,1,0.17577036857158873,60
4685,2,6295,3447,2848,0,0,0,1.0,1,1.0,1,1.0,1,0.17817798207228397,59
4686,3,6298,3449,2849,0,0,0,1.0,1,1.0,1,1.0,1,0.17780889088017057,60
4687,2,6300,3450,2850,0,0,0,1.0,1,1.0,1,1.0,1,0.18151904792185092,59
4688,1,6301,3451,2850,0,0,0,1.0,1,1.0,1,1.0,1,0.20517953671521608,59
4689,2,6303,3452,2851,0,0,0,1.0,1,1.0,1,1.0,1,0.22539507095816996,59
4690,3,6306,3453,2853,0,0,0,1.0,1,1.0,1,1.0,1,0.19013940206053537,58
4691,0,6306,3453,2853,0,0,0,1.0,1,1.0,1,1.0,1,0.18160054741857584,57
4692,0,6306,3453,2853,0,0,0,1.0,1,1.0,1,1.0,1,0.16581827514806127,58
4693,1,6307,3453,2854,0,0,0,1.0,1,1.0,1,1.0,1,0.15658035402850284,57
4694,1,6308,3453,2855,0,0,0,1.0,1,1.0,1,1.0,1,0.13719632647690455,57
4695,1,6309,3453,2856,0,0,0,1.0,1,1.0,1,1.0,1,0.14698811595071035,56
4696,3,6312,3455,2857,0,0,0,1.0,1,1.0,1,1.0,1,0.15597764843047715,57
4697,1,6313,3455,2858,0,0,0,1.0,1,1.0,1,1.0,1,0.13847950359295905,58
4698,2,6315,3455,2860,0,0,0,1.0,1,1.0,1,1.0,1,0.0873775311065437,59
4699,0,6315,3455,2860,0,0,0,1.0,1,1.0,1,1.0,1,0.10065592120157997,58
4700,0,6315,3455,2860,0,0,0,1.0,1,1.0,1,1.0,1,0.08178123688621869,59
4701,0,6315,3455,2860,0,0,0,1.0,1,1.0,1,1.0,1,0.0909244619874566,60
4702,0,6315,3455,2860,0,0,0,1.0,1,1.0,1,1.0,1,0.09932697270944825,61
4703,1,6316,3456,2860,0,0,0,1.0,1,1.0,1,1.0,1,0.12880436343454366,59
4704,1,6317,3456,2861,0,0,0,1.0,1,1.0,1,1.0,1,0.10505742255132346,58
4705,3,6320,3459,2861,0,0,0,1.0,1,1.0,1,1.0,1,0.14514291829933676,58
4706,4,6324,3461,2863,0,0,0,1.0,1,1.0,1,1.0,1,0.1552283074274634,60
4707,0,6324,3461,2863,0,0,0,1.0,1,1.0,1,1.0,1,0.16503585390168493,57
4708,3,6327,3463,2864,0,0,0,1.0,1,1.0,1,1.0,1,0.19373037616852024,57
4709,2,6329,3465,2864,0,0,0,1.0,1,1.0,1,1.0,1,0.23173521270803477,55
4710,1,6330,3466,2864,0,0,0,1.0,1,1.0,1,1.0,1,0.24308633165410215,53
4711,1,6331,3466,2865,0,0,0,1.0,1,1.0,1,1.0,1,0.22010750738807813,52
4712,0,6331,3466,2865,0,0,0,1.0,1,1.0,1,1.0,1,0.21983038279892572,52
4713,2,6333,3467,2866,0,0,0,1.0,1,1.0,1,1.0,1,0.23063516643083692,51
4714,0,6333,3467,2866,0,0,0,1.0,1,1.0,1,1.0,1,0.23020599655109306,50
4715,2,6335,3467,2868,0,0,0,1.0,1,1.0,1,1.0,1,0.170653746593301,50
4716,3,6338,3468,2870,0,0,0,1.0,1,1.0,1,1.0,1,0.17388873442822245,49
4717,3,6341,3469,2872,0,0,0,1.0,1,1.0,1,1.0,1,0.17851565436454755,49
4718,0,6341,3469,2872,0,0,0,1.0,1,1.0,1,1.0,1,0.17924042457668987,50
4719,1,6342,3469,2873,0,0,0,1.0,1,1.0,1,1.0,1,0.17460896757997296,49
4720,1,6343,3469,2874,0,0,0,1.0,1,1.0,1,1.0,1,0.14258896879621116,49
4721,1,6344,3469,2875,0,0,0,1.0,1,1.0,1,1.0,1,0.12386965066924684,50
4722,1,6345,3469,2876,0,0,0,1.0,1,1.0,1,1.0,1,0.12849206463012755,51
4723,0,6345,3469,2876,0,0,0,1.0,1,1.0,1,1.0,1,0.0965967459064286,50
4724,2,6347,3471,2876,0,0,0,1.0,1,1.0,1,1.0,1,0.13426590339777225,50
4725,1,6348,3471,2877,0,0,0,1.0,1,1.0,1,1.0,1,0.13007353314892955,52
4726,1,6349,3472,2877,0,0,0,1.0,1,1.0,1,1.0,1,0.16249673049417596,51
4727,1,6350,3473,2877,0,0,0,1.0,1,1.0,1,1.0,1,0.17538491974791237,52
4728,2,6352,3474,2878,0,0,0,1.0,1,1.0,1,1.0,1,0.17662700479599105,52
4729,0,6352,3474,2878,0,0,0,1.0,1,1.0,1,1.0,1,0.17662700479599105,52
4730,1,6353,3474,2879,0,0,0,1.0,1,1.0,1,1.0,1,0.17215505776187418,50
4731,3,6356,3477,2879,0,0,0,1.0,1,1.0,1,1.0,1,0.2016943503951623,51
4732,1,6357,3477,2880,0,0,0,1.0,1,1.0,1,1.0,1,0.1901845054973211,52
4733,7,6364,3480,2884,0,0,0,1.0,1,1.0,1,1.0,1,0.2679495576778589,53
4734,4,6368,3480,2888,0,0,0,1.0,1,1.0,1,1.0,1,0.27019677124729097,53
4735,3,6371,3481,2890,0,0,0,1.0,1,1.0,1,1.0,1,0.26020442522675824,53
4736,1,6372,3482,2890,0,0,0,1.0,1,1.0,1,1.0,1,0.27786134738351476,55
4737,0,6372,3482,2890,0,0,0,1.0,1,1.0,1,1.0,1,0.26659325474038303,57
4738,0,6372,3482,2890,0,0,0,1.0,1,1.0,1,1.0,1,0.26659325474038303,57
4739,0,6372,3482,2890,0,0,0,1.0,1,1.0,1,1.0,1,0.26659325474038303,57
4740,1,6373,3482,2891,0,0,0,1.0,1,1.0,1,1.0,1,0.2386523528079779,57
4741,0,6373,3482,2891,0,0,0,1.0,1,1.0,1,1.0,1,0.24489389742409484,58
4742,1,6374,3483,2891,0,0,0,1.0,1,1.0,1,1.0,1,0.2534291176422298,58
4743,1,6375,3483,2892,0,0,0,1.0,1,1.0,1,1.0,1,0.21507528209055374,56
4744,0,6375,3483,2892,0,0,0,1.0,1,1.0,1,1.0,1,0.2048253968084863,57
4745,3,6378,3485,2893,0,0,0,1.0,1,1.0,1,1.0,1,0.19905916319231096,56
4746,1,6379,3486,2893,0,0,0,1.0,1,1.0,1,1.0,1,0.20938240325307514,56
4747,1,6380,3487,2893,0,0,0,1.0,1,1.0,1,1.0,1,0.189693639014463,55
4748,1,6381,3488,2893,0,0,0,1.0,1,1.0,1,1.0,1,0.19845429431421266,55
4749,1,6382,3488,2894,0,0,0,1.0,1,1.0,1,1.0,1,0.1771613454763247,54
4750,1,6383,3489,2894,0,0,0,1.0,1,1.0,1,1.0,1,0.1633598748310553,53
4751,0,6383,3489,2894,0,0,0,1.0,1,1.0,1,1.0,1,0.19389221231771117,53
4752,1,6384,3490,2894,0,0,0,1.0,1,1.0,1,1.0,1,0.1824073820875526,53
4753,0,6384,3490,2894,0,0,0,1.0,1,1.0,1,1.0,1,0.20517835888967842,52
4754,2,6386,3490,2896,0,0,0,1.0,1,1.0,1,1.0,1,0.15477192470778026,52
4755,2,6388,3490,2898,0,0,0,1.0,1,1.0,1,1.0,1,0.11085040275523919,51
4756,2,6390,3490,2900,0,0,0,1.0,1,1.0,1,1.0,1,0.09987787333199555,52
4757,1,6391,3490,2901,0,0,0,1.0,1,1.0,1,1.0,1,0.0833569932811827,51
4758,1,6392,3490,2902,0,0,0,1.0,1,1.0,1,1.0,1,0.07367029421316347,51
4759,0,6392,3490,2902,0,0,0,1.0,1,1.0,1,1.0,1,0.07367029421316347,51
4760,1,6393,3491,2902,0,0,0,1.0,1,1.0,1,1.0,1,0.05763316568918759,52
4761,2,6395,3493,2902,0,0,0,1.0,1,1.0,1,1.0,1,0.060211524217214846,50
4762,7,6402,3498,2904,0,0,0,1.0,1,1.0,1,1.0,1,0.12314247356784024,51
4763,0,6402,3498,2904,0,0,0,1.0,1,1.0,1,1.0,1,0.12314247356784024,51
4764,5,6407,3502,2905,0,0,0,1.0,1,1.0,1,1.0,1,0.161185188570562,53
4765,1,6408,3502,2906,0,0,0,1.0,1,1.0,1,1.0,1,0.14761290396294935,53
4766,6,6414,3503,2911,0,0,0,1.0,1,1.0,1,1.0,1,0.09244518483500926,55
4767,0,6414,3503,2911,0,0,0,1.0,1,1.0,1,1.0,1,0.07357345963351004,56
4768,0,6414,3503,2911,0,0,0,1.0,1,1.0,1,1.0,1,0.05943175841228887,56
4769,1,6415,3504,2911,0,0,0,1.0,1,1.0,1,1.0,1,0.07864639090417355,56
4770,1,6416,3505,2911,0,0,0,1.0,1,1.0,1,1.0,1,0.06095045716972465,56
4771,0,6416,3505,2911,0,0,0,1.0,1,1.0,1,1.0,1,0.07137458751731787,55
4772,1,6417,3506,2911,0,0,0,1.0,1,1.0,1,1.0,1,0.10572495802854347,56
4773,1,6418,3506,2912,0,0,0,1.0,1,1.0,1,1.0,1,0.09561992944869405,56
4774,0,6418,3506,2912,0,0,0,1.0,1,1.0,1,1.0,1,0.07404257743096461,58
4775,0,6418,3506,2912,0,0,0,1.0,1,1.0,1,1.0,1,0.07627697976641641,59
4776,0,6418,3506,2912,0,0,0,1.0,1,1.0,1,1.0,1,0.07627697976641641,59
4777,1,6419,3507,2912,0,0,0,1.0,1,1.0,1,1.0,1,0.08744843357051388,60
4778,0,6419,3507,2912,0,0,0,1.0,1,1.0,1,1.0,1,0.08744843357051388,60
4779,1,6420,3507,2913,0,0,0,1.0,1,1.0,1,1.0,1,0.08079889078156802,61
4780,2,6422,3508,2914,0,0,0,1.0,1,1.0,1,1.0,1,0.05642359335706205,63
4781,1,6423,3509,2914,0,0,0,1.0,1,1.0,1,1.0,1,0.05083243252326324,62
4782,2,6425,3510,2915,0,0,0,1.0,1,1.0,1,1.0,1,0.044313508913882096,63
4783,1,6426,3511,2915,0,0,0,1.0,1,1.0,1,1.0,1,0.03455802713625868,62
4784,1,6427,3512,2915,0,0,0,1.0,1,1.0,1,1.0,1,0.031443432589234065,62
4785,2,6429,3514,2915,0,0,0,1.0,1,1.0,1,1.0,1,0.03452983272888672,62
4786,4,6433,3518,2915,0,0,0,1.0,1,1.0,1,1.0,1,0.0798188366800721,63
4787,2,6435,3520,2915,0,0,0,1.0,1,1.0,1,1.0,1,0.09082575712820183,62
4788,3,6438,3523,2915,0,0,0,1.0,1,1.0,1,1.0,1,0.13722680924207312,62
4789,4,6442,3527,2915,0,0,0,1.0,1,1.0,1,1.0,1,0.15326326977101298,60
4790,6,6448,3532,2916,0,0,0,1.0,1,1.0,1,1.0,1,0.14188218281404863,61
4791,7,6455,3533,2922,0,0,0,1.0,1,1.0,1,1.0,1,0.060434377040754425,60
4792,2,6457,3535,2922,0,0,0,1.0,1,1.0,1,1.0,1,0.07610501670423427,60
4793,3,6460,3536,2924,0,0,0,1.0,1,1.0,1,1.0,1,0.04502202364101329,61
4794,1,6461,3537,2924,0,0,0,1.0,1,1.0,1,1.0,1,0.0802942869019561,59
4795,2,6463,3539,2924,0,0,0,1.0,1,1.0,1,1.0,1,0.07079056457982667,61
4796,3,6466,3540,2926,0,0,0,1.0,1,1.0,1,1.0,1,0.05296095526449934,59
4797,2,6468,3542,2926,0,0,0,1.0,1,1.0,1,1.0,1,0.09185152236541662,58
4798,1,6469,3542,2927,0,0,0,1.0,1,1.0,1,1.0,1,0.06877199907669718,59
4799,0,6469,3542,2927,0,0,0,1.0,1,1.0,1,1.0,1,0.0762859632051868,57
4800,2,6471,3543,2928,0,0,0,1.0,1,1.0,1,1.0,1,0.09018933748324418,58
4801,3,6474,3543,2931,0,0,0,1.0,1,1.0,1,1.0,1,0.07335091843967792,57
4802,0,6474,3543,2931,0,0,0,1.0,1,1.0,1,1.0,1,0.07335091843967792,57
4803,0,6474,3543,2931,0,0,0,1.0,1,1.0,1,1.0,1,0.07076845159308644,56
4804,0,6474,3543,2931,0,0,0,1.0,1,1.0,1,1.0,1,0.07572506550249071,54
4805,0,6474,3543,2931,0,0,0,1.0,1,1.0,1,1.0,1,0.0777546418194501,56
4806,2,6476,3543,2933,0,0,0,1.0,1,1.0,1,1.0,1,0.06029789741793447,55
4807,0,6476,3543,2933,0,0,0,1.0,1,1.0,1,1.0,1,0.05661625594995302,54
4808,0,6476,3543,2933,0,0,0,1.0,1,1.0,1,1.0,1,0.07341951466308778,53
4809,0,6476,3543,2933,0,0,0,1.0,1,1.0,1,1.0,1,0.07341951466308778,53
4810,1,6477,3544,2933,0,0,0,1.0,1,1.0,1,1.0,1,0.06456946275041772,51
4811,4,6481,3546,2935,0,0,0,1.0,1,1.0,1,1.0,1,0.04626211474480895,52
4812,1,6482,3547,2935,0,0,0,1.0,1,1.0,1,1.0,1,0.06196213046855189,52
4813,0,6482,3547,2935,0,0,0,1.0,1,1.0,1,1.0,1,0.06196213046855189,52
4814,2,6484,3549,2935,0,0,0,1.0,1,1.0,1,1.0,1,0.11899704081470432,53
4815,6,6490,3554,2936,0,0,0,1.0,1,1.0,1,1.0,1,0.14087270562910228,54
4816,4,6494,3555,2939,0,0,0,1.0,1,1.0,1,1.0,1,0.09725488827536698,54
4817,4,6498,3557,2941,0,0,0,1.0,1,1.0,1,1.0,1,0.131077103882011,55
4818,3,6501,3560,2941,0,0,0,1.0,1,1.0,1,1.0,1,0.1330305263291363,55
4819,3,6504,3561,2943,0,0,0,1.0,1,1.0,1,1.0,1,0.11067670779023144,55
4820,2,6506,3561,2945,0,0,0,1.0,1,1.0,1,1.0,1,0.11135722115185961,55
4821,5,6511,3562,2949,0,0,0,1.0,1,1.0,1,1.0,1,0.05742842284048545,55
4822,1,6512,3563,2949,0,0,0,1.0,1,1.0,1,1.0,1,0.054768569189578974,54
4823,0,6512,3563,2949,0,0,0,1.0,1,1.0,1,1.0,1,0.03796035832104224,54
4824,1,6513,3564,2949,0,0,0,1.0,1,1.0,1,1.0,1,0.040733604074379676,55
4825,2,6515,3565,2950,0,0,0,1.0,1,1.0,1,1.0,1,0.0595405262470447,53
4826,0,6515,3565,2950,0,0,0,1.0,1,1.0,1,1.0,1,0.0557877586337368,54
4827,3,6518,3567,2951,0,0,0,1.0,1,1.0,1,1.0,1,0.12247677348417718,53
4828,0,6518,3567,2951,0,0,0,1.0,1,1.0,1,1.0,1,0.10319221623230819,54
4829,0,6518,3567,2951,0,0,0,1.0,1,1.0,1,1.0,1,0.09705486085614395,54
4830,1,6519,3568,2951,0,0,0,1.0,1,1.0,1,1.0,1,0.0760091480024374,53
4831,2,6521,3569,2952,0,0,0,1.0,1,1.0,1,1.0,1,0.07033500591499568,52
4832,0,6521,3569,2952,0,0,0,1.0,1,1.0,1,1.0,1,0.07788253682627135,50
4833,1,6522,3569,2953,0,0,0,1.0,1,1.0,1,1.0,1,0.0795729213077928,51
4834,0,6522,3569,2953,0,0,0,1.0,1,1.0,1,1.0,1,0.08800714841993308,51
4835,0,6522,3569,2953,0,0,0,1.0,1,1.0,1,1.0,1,0.1285584195154991,50
4836,3,6525,3569,2956,0,0,0,1.0,1,1.0,1,1.0,1,0.07275100299077193,50
4837,1,6526,3570,2956,0,0,0,1.0,1,1.0,1,1.0,1,0.12383934706268813,46
4838,3,6529,3572,2957,0,0,0,1.0,1,1.0,1,1.0,1,0.14195572780876412,47
4839,2,6531,3574,2957,0,0,0,1.0,1,1.0,1,1.0,1,0.16323825931677524,45
4840,1,6532,3574,2958,0,0,0,1.0,1,1.0,1,1.0,1,0.14011012608138418,45
4841,5,6537,3575,2962,0,0,0,1.0,1,1.0,1,1.0,1,0.13209022167014897,43
4842,0,6537,3575,2962,0,0,0,1.0,1,1.0,1,1.0,1,0.11050722254071453,43
4843,0,6537,3575,2962,0,0,0,1.0,1,1.0,1,1.0,1,0.10342598026520945,44
4844,0,6537,3575,2962,0,0,0,1.0,1,1.0,1,1.0,1,0.11195813233899536,43
4845,2,6539,3577,2962,0,0,0,1.0,1,1.0,1,1.0,1,0.08469493600530645,44
4846,2,6541,3578,2963,0,0,0,1.0,1,1.0,1,1.0,1,0.045078376607237014,43
4847,2,6543,3580,2963,0,0,0,1.0,1,1.0,1,1.0,1,0.08164939489846083,42
4848,2,6545,3581,2964,0,0,0,1.0,1,1.0,1,1.0,1,0.09851501091342608,41
4849,2,6547,3583,2964,0,0,0,1.0,1,1.0,1,1.0,1,0.10616360904261744,41
4850,2,6549,3583,2966,0,0,0,1.0,1,1.0,1,1.0,1,0.1114841636224056,41
4851,1,6550,3583,2967,0,0,0,1.0,1,1.0,1,1.0,1,0.08353671061841904,41
4852,1,6551,3584,2967,0,0,0,1.0,1,1.0,1,1.0,1,0.12751927007592956,43
4853,0,6551,3584,2967,0,0,0,1.0,1,1.0,1,1.0,1,0.14462219008600205,44
4854,0,6551,3584,2967,0,0,0,1.0,1,1.0,1,1.0,1,0.14700381798716725,45
4855,0,6551,3584,2967,0,0,0,1.0,1,1.0,1,1.0,1,0.15614935893362716,44
4856,1,6552,3584,2968,0,0,0,1.0,1,1.0,1,1.0,1,0.1418193008313196,44
4857,1,6553,3584,2969,0,0,0,1.0,1,1.0,1,1.0,1,0.14003831665827718,44
4858,0,6553,3584,2969,0,0,0,1.0,1,1.0,1,1.0,1,0.1495533384591606,45
4859,1,6554,3584,2970,0,0,0,1.0,1,1.0,1,1.0,1,0.14501523426400362,46
4860,0,6554,3584,2970,0,0,0,1.0,1,1.0,1,1.0,1,0.14501523426400362,46
4861,0,6554,3584,2970,0,0,0,1.0,1,1.0,1,1.0,1,0.118551212424815,46
4862,1,6555,3584,2971,0,0,0,1.0,1,1.0,1,1.0,1,0.10417487017624033,47
4863,2,6557,3585,2972,0,0,0,1.0,1,1.0,1,1.0,1,0.0703246795736191,47
4864,1,6558,3585,2973,0,0,0,1.0,1,1.0,1,1.0,1,0.05794063543213334,47
4865,0,6558,3585,2973,0,0,0,1.0,1,1.0,1,1.0,1,0.07281807836036301,48
4866,1,6559,3585,2974,0,0,0,1.0,1,1.0,1,1.0,1,0.05916535267279724,49
4867,0,6559,3585,2974,0,0,0,1.0,1,1.0,1,1.0,1,0.06382669982428112,50
4868,1,6560,3586,2974,0,0,0,1.0,1,1.0,1,1.0,1,0.06450769185926873,50
4869,0,6560,3586,2974,0,0,0,1.0,1,1.0,1,1.0,1,0.06450769185926873,50
4870,2,6562,3588,2974,0,0,0,1.0,1,1.0,1,1.0,1,0.08804875065646904,52
4871,1,6563,3588,2975,0,0,0,1.0,1,1.0,1,1.0,1,0.07609780030997487,52
4872,0,6563,3588,2975,0,0,0,1.0,1,1.0,1,1.0,1,0.05747685119321555,53
4873,2,6565,3590,2975,0,0,0,1.0,1,1.0,1,1.0,1,0.09509614659433861,55
4874,2,6567,3591,2976,0,0,0,1.0,1,1.0,1,1.0,1,0.08205433181896225,56
4875,1,6568,3592,2976,0,0,0,1.0,1,1.0,1,1.0,1,0.09145419137991892,55
4876,2,6570,3593,2977,0,0,0,1.0,1,1.0,1,1.0,1,0.09816978746537255,55
4877,5,6575,3596,2979,0,0,0,1.0,1,1.0,1,1.0,1,0.12849173719194718,54
4878,2,6577,3598,2979,0,0,0,1.0,1,1.0,1,1.0,1,0.15203621320449415,53
4879,2,6579,3599,2980,0,0,0,1.0,1,1.0,1,1.0,1,0.15787961161459846,54
4880,2,6581,3600,2981,0,0,0,1.0,1,1.0,1,1.0,1,0.1620705216920183,54
4881,4,6585,3601,2984,0,0,0,1.0,1,1.0,1,1.0,1,0.15012921326022743,53
4882,1,6586,3602,2984,0,0,0,1.0,1,1.0,1,1.0,1,0.15583421857739588,53
4883,0,6586,3602,2984,0,0,0,1.0,1,1.0,1,1.0,1,0.15622792041419178,53
4884,0,6586,3602,2984,0,0,0,1.0,1,1.0,1,1.0,1,0.14296407185581714,51
4885,0,6586,3602,2984,0,0,0,1.0,1,1.0,1,1.0,1,0.13418627003501424,50
4886,0,6586,3602,2984,0,0,0,1.0,1,1.0,1,1.0,1,0.13400402742201425,48
4887,0,6586,3602,2984,0,0,0,1.0,1,1.0,1,1.0,1,0.13400402742201425,48
4888,1,6587,3603,2984,0,0,0,1.0,1,1.0,1,1.0,1,0.15663633642189065,48
4889,1,6588,3603,2985,0,0,0,1.0,1,1.0,1,1.0,1,0.13280866190268964,48
4890,0,6588,3603,2985,0,0,0,1.0,1,1.0,1,1.0,1,0.13166682978691255,49
4891,2,6590,3604,2986,0,0,0,1.0,1,1.0,1,1.0,1,0.14846771785650512,50
4892,1,6591,3604,2987,0,0,0,1.0,1,1.0,1,1.0,1,0.13863296538493974,49
4893,1,6592,3604,2988,0,0,0,1.0,1,1.0,1,1.0,1,0.12947470191499735,50
4894,1,6593,3604,2989,0,0,0,1.0,1,1.0,1,1.0,1,0.107720024588665,51
4895,0,6593,3604,2989,0,0,0,1.0,1,1.0,1,1.0,1,0.11766518154736749,52
4896,2,6595,3604,2991,0,0,0,1.0,1,1.0,1,1.0,1,0.09274859678238419,53
4897,0,6595,3604,2991,0,0,0,1.0,1,1.0,1,1.0,1,0.09274859678238419,53
4898,0,6595,3604,2991,0,0,0,1.0,1,1.0,1,1.0,1,0.09274859678238419,53
4899,2,6597,3605,2992,0,0,0,1.0,1,1.0,1,1.0,1,0.07847179820498519,55
4900,3,6600,3606,2994,0,0,0,1.0,1,1.0,1,1.0,1,0.0801840046277754,55
4901,0,6600,3606,2994,0,0,0,1.0,1,1.0,1,1.0,1,0.0937336561322769,56
4902,2,6602,3607,2995,0,0,0,1.0,1,1.0,1,1.0,1,0.12180162948563664,58
4903,2,6604,3608,2996,0,0,0,1.0,1,1.0,1,1.0,1,0.12900143017400284,58
4904,1,6605,3608,2997,0,0,0,1.0,1,1.0,1,1.0,1,0.11660144589504434,57
4905,1,6606,3609,2997,0,0,0,1.0,1,1.0,1,1.0,1,0.1613947518291673,54
4906,3,6609,3609,3000,0,0,0,1.0,1,1.0,1,1.0,1,0.14937095933818476,55
4907,0,6609,3609,3000,0,0,0,1.0,1,1.0,1,1.0,1,0.164325313028122,52
4908,1,6610,3610,3000,0,0,0,1.0,1,1.0,1,1.0,1,0.1853560675646774,53
4909,0,6610,3610,3000,0,0,0,1.0,1,1.0,1,1.0,1,0.1922877598840025,52
4910,3,6613,3612,3001,0,0,0,1.0,1,1.0,1,1.0,1,0.2148867731033633,53
4911,3,6616,3613,3003,0,0,0,1.0,1,1.0,1,1.0,1,0.18852164428948948,55
4912,2,6618,3614,3004,0,0,0,1.0,1,1.0,1,1.0,1,0.2073862687821716,54
4913,0,6618,3614,3004,0,0,0,1.0,1,1.0,1,1.0,1,0.19559351941196995,53
4914,2,6620,3615,3005,0,0,0,1.0,1,1.0,1,1.0,1,0.16794619208974554,53
4915,0,6620,3615,3005,0,0,0,1.0,1,1.0,1,1.0,1,0.1690055726215147,54
4916,3,6623,3615,3008,0,0,0,1.0,1,1.0,1,1.0,1,0.13013650227733317,52
4917,1,6624,3616,3008,0,0,0,1.0,1,1.0,1,1.0,1,0.131284577873819,52
4918,1,6625,3616,3009,0,0,0,1.0,1,1.0,1,1.0,1,0.10814458643583996,51
4919,1,6626,3617,3009,0,0,0,1.0,1,1.0,1,1.0,1,0.13918685099215655,50
4920,1,6627,3617,3010,0,0,0,1.0,1,1.0,1,1.0,1,0.1284522354694892,51
4921,1,6628,3617,3011,0,0,0,1.0,1,1.0,1,1.0,1,0.10794841276847933,51
4922,2,6630,3618,3012,0,0,0,1.0,1,1.0,1,1.0,1,0.13561056046064077,53
4923,1,6631,3618,3013,0,0,0,1.0,1,1.0,1,1.0,1,0.12315569789653492,53
4924,0,6631,3618,3013,0,0,0,1.0,1,1.0,1,1.0,1,0.12413301298711316,55
4925,2,6633,3620,3013,0,0,0,1.0,1,1.0,1,1.0,1,0.09995432819596124,56
4926,0,6633,3620,3013,0,0,0,1.0,1,1.0,1,1.0,1,0.0848835290981486,55
4927,3,6636,3622,3014,0,0,0,1.0,1,1.0,1,1.0,1,0.08912638604084326,55
4928,0,6636,3622,3014,0,0,0,1.0,1,1.0,1,1.0,1,0.08912638604084326,55
4929,0,6636,3622,3014,0,0,0,1.0,1,1.0,1,1.0,1,0.08431838179748262,56
4930,1,6637,3622,3015,0,0,0,1.0,1,1.0,1,1.0,1,0.08063527143058145,58
4931,2,6639,3622,3017,0,0,0,1.0,1,1.0,1,1.0,1,0.06309909346661181,59
4932,0,6639,3622,3017,0,0,0,1.0,1,1.0,1,1.0,1,0.0775339739983055,60
4933,2,6641,3623,3018,0,0,0,1.0,1,1.0,1,1.0,1,0.09124994037546555,60
4934,1,6642,3624,3018,0,0,0,1.0,1,1.0,1,1.0,1,0.10947045510066186,60
4935,0,6642,3624,3018,0,0,0,1.0,1,1.0,1,1.0,1,0.10947045510066186,60
4936,2,6644,3625,3019,0,0,0,1.0,1,1.0,1,1.0,1,0.12932463684297724,61
4937,3,6647,3626,3021,0,0,0,1.0,1,1.0,1,1.0,1,0.15512072911812788,62
4938,1,6648,3626,3022,0,0,0,1.0,1,1.0,1,1.0,1,0.14690170910572797,62
4939,4,6652,3629,3023,0,0,0,1.0,1,1.0,1,1.0,1,0.13314852644485417,64
4940,1,6653,3629,3024,0,0,0,1.0,1,1.0,1,1.0,1,0.1316920891662269,67
4941,1,6654,3629,3025,0,0,0,1.0,1,1.0,1,1.0,1,0.13413750135503055,66
4942,2,6656,3629,3027,0,0,0,1.0,1,1.0,1,1.0,1,0.11568357002331514,67
4943,0,6656,3629,3027,0,0,0,1.0,1,1.0,1,1.0,1,0.13278559753010907,65
4944,0,6656,3629,3027,0,0,0,1.0,1,1.0,1,1.0,1,0.13278559753010907,65
4945,0,6656,3629,3027,0,0,0,1.0,1,1.0,1,1.0,1,0.15626293795991766,62
4946,3,6659,3629,3030,0,0,0,1.0,1,1.0,1,1.0,1,0.1382668211422505,61
4947,1,6660,3629,3031,0,0,0,1.0,1,1.0,1,1.0,1,0.1546516114431171,59
4948,1,6661,3630,3031,0,0,0,1.0,1,1.0,1,1.0,1,0.17980114232689315,59
4949,2,6663,3632,3031,0,0,0,1.0,1,1.0,1,1.0,1,0.17177795824392159,57
4950,4,6667,3635,3032,0,0,0,1.0,1,1.0,1,1.0,1,0.19247835260623877,58
4951,8,6675,3640,3035,0,0,0,1.0,1,1.0,1,1.0,1,0.17292378900498095,55
4952,1,6676,3641,3035,0,0,0,1.0,1,1.0,1,1.0,1,0.16743357333299932,53
4953,4,6680,3643,3037,0,0,0,1.0,1,1.0,1,1.0,1,0.17613890484390268,54
4954,0,6680,3643,3037,0,0,0,1.0,1,1.0,1,1.0,1,0.15489234859741996,52
4955,0,6680,3643,3037,0,0,0,1.0,1,1.0,1,1.0,1,0.16531212256682143,51
4956,3,6683,3643,3040,0,0,0,1.0,1,1.0,1,1.0,1,0.12047522847699818,47
4957,1,6684,3643,3041,0,0,0,1.0,1,1.0,1,1.0,1,0.11205450608825684,48
4958,0,6684,3643,3041,0,0,0,1.0,1,1.0,1,1.0,1,0.09940758821365006,47
4959,0,6684,3643,3041,0,0,0,1.0,1,1.0,1,1.0,1,0.09940758821365006,47
4960,0,6684,3643,3041,0,0,0,1.0,1,1.0,1,1.0,1,0.1137523771876852,48
4961,1,6685,3643,3042,0,0,0,1.0,1,1.0,1,1.0,1,0.0943207622011089,49
4962,2,6687,3645,3042,0,0,0,1.0,1,1.0,1,1.0,1,0.08670924485699806,49
4963,1,6688,3645,3043,0,0,0,1.0,1,1.0,1,1.0,1,0.08923616824352834,51
4964,1,6689,3646,3043,0,0,0,1.0,1,1.0,1,1.0,1,0.1142223503690465,51
4965,4,6693,3648,3045,0,0,0,1.0,1,1.0,1,1.0,1,0.1327991012978038,51
4966,3,6696,3649,3047,0,0,0,1.0,1,1.0,1,1.0,1,0.10979542837590069,51
4967,3,6699,3651,3048,0,0,0,1.0,1,1.0,1,1.0,1,0.1450945760843127,51
4968,2,6701,3652,3049,0,0,0,1.0,1,1.0,1,1.0,1,0.11629992931620539,52
4969,0,6701,3652,3049,0,0,0,1.0,1,1.0,1,1.0,1,0.12529742629387997,53
4970,1,6702,3653,3049,0,0,0,1.0,1,1.0,1,1.0,1,0.14399459508438664,54
4971,4,6706,3653,3053,0,0,0,1.0,1,1.0,1,1.0,1,0.11272166099625083,55
4972,3,6709,3655,3054,0,0,0,1.0,1,1.0,1,1.0,1,0.11709117868591165,56
4973,1,6710,3655,3055,0,0,0,1.0,1,1.0,1,1.0,1,0.08231293927150601,57
4974,0,6710,3655,3055,0,0,0,1.0,1,1.0,1,1.0,1,0.10811903666375888,56
4975,1,6711,3656,3055,0,0,0,1.0,1,1.0,1,1.0,1,0.13536897420008173,57
4976,2,6713,3657,3056,0,0,0,1.0,1,1.0,1,1.0,1,0.11872546160977317,57
4977,1,6714,3657,3057,0,0,0,1.0,1,1.0,1,1.0,1,0.10849781007735292,57
4978,1,6715,3658,3057,0,0,0,1.0,1,1.0,1,1.0,1,0.10846439982274275,58
4979,1,6716,3659,3057,0,0,0,1.0,1,1.0,1,1.0,1,0.1195793662259294,58
4980,1,6717,3660,3057,0,0,0,1.0,1,1.0,1,1.0,1,0.13804012768719506,59
4981,6,6723,3661,3062,0,0,0,1.0,1,1.0,1,1.0,1,0.10906037991691837,60
4982,0,6723,3661,3062,0,0,0,1.0,1,1.0,1,1.0,1,0.09651449235184922,61
4983,1,6724,3662,3062,0,0,0,1.0,1,1.0,1,1.0,1,0.07499407189466417,61
4984,0,6724,3662,3062,0,0,0,1.0,1,1.0,1,1.0,1,0.09982410666022018,59
4985,0,6724,3662,3062,0,0,0,1.0,1,1.0,1,1.0,1,0.13297642694437856,58
4986,3,6727,3662,3065,0,0,0,1.0,1,1.0,1,1.0,1,0.08536200229973441,59
4987,2,6729,3663,3066,0,0,0,1.0,1,1.0,1,1.0,1,0.11060014843346025,58
4988,1,6730,3663,3067,0,0,0,1.0,1,1.0,1,1.0,1,0.09989385841549735,57
4989,2,6732,3665,3067,0,0,0,1.0,1,1.0,1,1.0,1,0.14780230587991108,54
4990,1,6733,3666,3067,0,0,0,1.0,1,1.0,1,1.0,1,0.1449651668458981,53
4991,6,6739,3669,3070,0,0,0,1.0,1,1.0,1,1.0,1,0.12634487301898925,52
4992,2,6741,3670,3071,0,0,0,1.0,1,1.0,1,1.0,1,0.141388276514612,48
4993,2,6743,3671,3072,0,0,0,1.0,1,1.0,1,1.0,1,0.14365671974045358,48
4994,1,6744,3672,3072,0,0,0,1.0,1,1.0,1,1.0,1,0.13220850335510836,45
4995,2,6746,3674,3072,0,0,0,1.0,1,1.0,1,1.0,1,0.17695171468768534,45
4996,4,6750,3675,3075,0,0,0,1.0,1,1.0,1,1.0,1,0.07147063477983225,45
4997,2,6752,3677,3075,0,0,0,1.0,1,1.0,1,1.0,1,0.12647387388479192,42
4998,2,6754,3678,3076,0,0,0,1.0,1,1.0,1,1.0,1,0.14007279827554348,44
4999,2,6756,3679,3077,0,0,0,1.0,1,1.0,1,1.0,1,0.16155590841681383,44
5000,1,6757,3680,3077,0,0,0,1.0,1,1.0,1,1.0,1,0.21085766899420885,42
5001,2,6759,3680,3079,0,0,0,1.0,1,1.0,1,1.0,1,0.17547783702449032,42
5002,1,6760,3681,3079,0,0,0,1.0,1,1.0,1,1.0,1,0.17929105712931825,41
5003,2,6762,3682,3080,0,0,0,1.0,1,1.0,1,1.0,1,0.2306909437676113,41
5004,0,6762,3682,3080,0,0,0,1.0,1,1.0,1,1.0,1,0.23818792465648705,41
5005,0,6762,3682,3080,0,0,0,1.0,1,1.0,1,1.0,1,0.23818792465648705,41
5006,0,6762,3682,3080,0,0,0,1.0,1,1.0,1,1.0,1,0.22451188431840705,42
5007,0,6762,3682,3080,0,0,0,1.0,1,1.0,1,1.0,1,0.21881094604451976,43
5008,0,6762,3682,3080,0,0,0,1.0,1,1.0,1,1.0,1,0.19780085905980663,46
5009,0,6762,3682,3080,0,0,0,1.0,1,1.0,1,1.0,1,0.19780085905980663,46
5010,1,6763,3682,3081,0,0,0,1.0,1,1.0,1,1.0,1,0.2027673751434912,46
5011,0,6763,3682,3081,0,0,0,1.0,1,1.0,1,1.0,1,0.1917983617094943,47
5012,0,6763,3682,3081,0,0,0,1.0,1,1.0,1,1.0,1,0.19290433949240013,48
5013,0,6763,3682,3081,0,0,0,1.0,1,1.0,1,1.0,1,0.19290433949240013,48
5014,0,6763,3682,3081,0,0,0,1.0,1,1.0,1,1.0,1,0.18556435233900997,49
5015,2,6765,3682,3083,0,0,0,1.0,1,1.0,1,1.0,1,0.15120950418708137,50
5016,1,6766,3683,3083,0,0,0,1.0,1,1.0,1,1.0,1,0.1905814358869895,51
5017,3,6769,3683,3086,0,0,0,1.0,1,1.0,1,1.0,1,0.14869034191474856,51
5018,0,6769,3683,3086,0,0,0,1.0,1,1.0,1,1.0,1,0.14869034191474856,51
5019,0,6769,3683,3086,0,0,0,1.0,1,1.0,1,1.0,1,0.15556236014491628,51
5020,0,6769,3683,3086,0,0,0,1.0,1,1.0,1,1.0,1,0.15556236014491628,51
5021,2,6771,3683,3088,0,0,0,1.0,1,1.0,1,1.0,1,0.13892008724057572,52
5022,1,6772,3684,3088,0,0,0,1.0,1,1.0,1,1.0,1,0.13653536682532716,52
5023,1,6773,3685,3088,0,0,0,1.0,1,1.0,1,1.0,1,0.14827849943540064,52
5024,0,6773,3685,3088,0,0,0,1.0,1,1.0,1,1.0,1,0.13381546397399624,51
5025,0,6773,3685,3088,0,0,0,1.0,1,1.0,1,1.0,1,0.131761361337388,50
5026,3,6776,3686,3090,0,0,0,1.0,1,1.0,1,1.0,1,0.16877604423997009,49
5027,1,6777,3687,3090,0,0,0,1.0,1,1.0,1,1.0,1,0.17976345855657772,47
5028,1,6778,3688,3090,0,0,0,1.0,1,1.0,1,1.0,1,0.22197485290658775,47
5029,2,6780,3689,3091,0,0,0,1.0,1,1.0,1,1.0,1,0.16918272005607438,46
5030,1,6781,3690,3091,0,0,0,1.0,1,1.0,1,1.0,1,0.15593418680347904,48
5031,1,6782,3691,3091,0,0,0,1.0,1,1.0,1,1.0,1,0.16841396119378954,46
5032,0,6782,3691,3091,0,0,0,1.0,1,1.0,1,1.0,1,0.16841396119378954,46
5033,2,6784,3692,3092,0,0,0,1.0,1,1.0,1,1.0,1,0.17225389368203417,47
5034,0,6784,3692,3092,0,0,0,1.0,1,1.0,1,1.0,1,0.15572450885200756,48
5035,0,6784,3692,3092,0,0,0,1.0,1,1.0,1,1.0,1,0.1539702549119006,47
5036,0,6784,3692,3092,0,0,0,1.0,1,1.0,1,1.0,1,0.1539702549119006,47
5037,0,6784,3692,3092,0,0,0,1.0,1,1.0,1,1.0,1,0.16209941625027866,47
5038,0,6784,3692,3092,0,0,0,1.0,1,1.0,1,1.0,1,0.17225783200190833,48
5039,1,6785,3693,3092,0,0,0,1.0,1,1.0,1,1.0,1,0.2229441983642565,47
5040,0,6785,3693,3092,0,0,0,1.0,1,1.0,1,1.0,1,0.2155031069545424,48
5041,1,6786,3693,3093,0,0,0,1.0,1,1.0,1,1.0,1,0.1960885780825645,49
5042,0,6786,3693,3093,0,0,0,1.0,1,1.0,1,1.0,1,0.18428231906428208,50
5043,1,6787,3693,3094,0,0,0,1.0,1,1.0,1,1.0,1,0.14945494929839537,51
5044,0,6787,3693,3094,0,0,0,1.0,1,1.0,1,1.0,1,0.14945494929839537,51
5045,1,6788,3693,3095,0,0,0,1.0,1,1.0,1,1.0,1,0.13764222535165538,51
5046,2,6790,3694,3096,0,0,0,1.0,1,1.0,1,1.0,1,0.14149148763759833,52
5047,0,6790,3694,3096,0,0,0,1.0,1,1.0,1,1.0,1,0.13852290886959764,52
5048,1,6791,3694,3097,0,0,0,1.0,1,1.0,1,1.0,1,0.13036982348939863,52
5049,1,6792,3694,3098,0,0,0,1.0,1,1.0,1,1.0,1,0.14996585463229467,52
5050,1,6793,3694,3099,0,0,0,1.0,1,1.0,1,1.0,1,0.13319019754279918,55
5051,1,6794,3694,3100,0,0,0,1.0,1,1.0,1,1.0,1,0.14466956402678202,55
5052,0,6794,3694,3100,0,0,0,1.0,1,1.0,1,1.0,1,0.14466956402678202,55
5053,1,6795,3694,3101,0,0,0,1.0,1,1.0,1,1.0,1,0.14782005872708256,54
5054,2,6797,3695,3102,0,0,0,1.0,1,1.0,1,1.0,1,0.1413946166746446,54
5055,1,6798,3695,3103,0,0,0,1.0,1,1.0,1,1.0,1,0.13557189324899582,54
5056,2,6800,3695,3105,0,0,0,1.0,1,1.0,1,1.0,1,0.12287055253382055,55
5057,1,6801,3695,3106,0,0,0,1.0,1,1.0,1,1.0,1,0.12023441633158904,56
5058,4,6805,3697,3108,0,0,0,1.0,1,1.0,1,1.0,1,0.08314041246321989,58
5059,0,6805,3697,3108,0,0,0,1.0,1,1.0,1,1.0,1,0.08314041246321989,58
5060,4,6809,3700,3109,0,0,0,1.0,1,1.0,1,1.0,1,0.06671544953703605,59
5061,2,6811,3700,3111,0,0,0,1.0,1,1.0,1,1.0,1,0.03292835407356351,58
5062,1,6812,3701,3111,0,0,0,1.0,1,1.0,1,1.0,1,0.016255390051786934,58
5063,3,6815,3704,3111,0,0,0,1.0,1,1.0,1,1.0,1,0.07487633629118408,57
5064,2,6817,3705,3112,0,0,0,1.0,1,1.0,1,1.0,1,0.10428687550560575,57
5065,1,6818,3706,3112,0,0,0,1.0,1,1.0,1,1.0,1,0.14094650159453007,56
5066,4,6822,3708,3114,0,0,0,1.0,1,1.0,1,1.0,1,0.15756557415791944,55
5067,0,6822,3708,3114,0,0,0,1.0,1,1.0,1,1.0,1,0.14472257459621163,54
5068,2,6824,3709,3115,0,0,0,1.0,1,1.0,1,1.0,1,0.1621604114227689,54
5069,1,6825,3710,3115,0,0,0,1.0,1,1.0,1,1.0,1,0.18283088560471134,53
5070,2,6827,3711,3116,0,0,0,1.0,1,1.0,1,1.0,1,0.2133395501430222,53
5071,2,6829,3712,3117,0,0,0,1.0,1,1.0,1,1.0,1,0.18355767875379225,53
5072,2,6831,3712,3119,0,0,0,1.0,1,1.0,1,1.0,1,0.14995810356808773,53
5073,2,6833,3712,3121,0,0,0,1.0,1,1.0,1,1.0,1,0.12290427990061226,53
5074,0,6833,3712,3121,0,0,0,1.0,1,1.0,1,1.0,1,0.09984029178495737,52
5075,0,6833,3712,3121,0,0,0,1.0,1,1.0,1,1.0,1,0.09984029178495737,52
5076,1,6834,3712,3122,0,0,0,1.0,1,1.0,1,1.0,1,0.059075559147608474,55
5077,2,6836,3714,3122,0,0,0,1.0,1,1.0,1,1.0,1,0.10983912537359522,55
5078,0,6836,3714,3122,0,0,0,1.0,1,1.0,1,1.0,1,0.10983912537359522,55
5079,0,6836,3714,3122,0,0,0,1.0,1,1.0,1,1.0,1,0.12394367145407434,54
5080,1,6837,3715,3122,0,0,0,1.0,1,1.0,1,1.0,1,0.1378794130816905,55
5081,2,6839,3715,3124,0,0,0,1.0,1,1.0,1,1.0,1,0.13384219044609863,57
5082,0,6839,3715,3124,0,0,0,1.0,1,1.0,1,1.0,1,0.13384219044609863,57
5083,1,6840,3715,3125,0,0,0,1.0,1,1.0,1,1.0,1,0.11696010794432186,58
5084,1,6841,3715,3126,0,0,0,1.0,1,1.0,1,1.0,1,0.10757519513421232,58
5085,0,6841,3715,3126,0,0,0,1.0,1,1.0,1,1.0,1,0.10229296517991703,59
5086,2,6843,3717,3126,0,0,0,1.0,1,1.0,1,1.0,1,0.09429452179630013,60
5087,1,6844,3718,3126,0,0,0,1.0,1,1.0,1,1.0,1,0.11086131641827167,61
5088,3,6847,3720,3127,0,0,0,1.0,1,1.0,1,1.0,1,0.1428758805742623,62
5089,4,6851,3723,3128,0,0,0,1.0,1,1.0,1,1.0,1,0.1360091497708703,63
5090,1,6852,3723,3129,0,0,0,1.0,1,1.0,1,1.0,1,0.12812678465892438,63
5091,6,6858,3726,3132,0,0,0,1.0,1,1.0,1,1.0,1,0.13774412609934436,63
5092,1,6859,3726,3133,0,0,0,1.0,1,1.0,1,1.0,1,0.12491966811361407,63
5093,0,6859,3726,3133,0,0,0,1.0,1,1.0,1,1.0,1,0.12491966811361407,63
5094,1,6860,3727,3133,0,0,0,1.0,1,1.0,1,1.0,1,0.12364408915604044,64
5095,2,6862,3727,3135,0,0,0,1.0,1,1.0,1,1.0,1,0.09980641489502963,64
5096,3,6865,3727,3138,0,0,0,1.0,1,1.0,1,1.0,1,0.06654217570990152,67
5097,2,6867,3728,3139,0,0,0,1.0,1,1.0,1,1.0,1,0.07372076354332964,67
5098,1,6868,3729,3139,0,0,0,1.0,1,1.0,1,1.0,1,0.06952610492917906,68
5099,1,6869,3729,3140,0,0,0,1.0,1,1.0,1,1.0,1,0.06786824254373326,70
5100,1,6870,3729,3141,0,0,0,1.0,1,1.0,1,1.0,1,0.0446830483873916,71
5101,2,6872,3730,3142,0,0,0,1.0,1,1.0,1,1.0,1,0.04346688614613952,71
5102,1,6873,3731,3142,0,0,0,1.0,1,1.0,1,1.0,1,0.05757226130056933,70
5103,1,6874,3732,3142,0,0,0,1.0,1,1.0,1,1.0,1,0.059026404824985876,67
5104,1,6875,3733,3142,0,0,0,1.0,1,1.0,1,1.0,1,0.08267799390917238,67
5105,3,6878,3736,3142,0,0,0,1.0,1,1.0,1,1.0,1,0.10574312826589659,63
5106,3,6881,3738,3143,0,0,0,1.0,1,1.0,1,1.0,1,0.12453772882258132,63
5107,3,6884,3741,3143,0,0,0,1.0,1,1.0,1,1.0,1,0.15853596482252852,60
5108,3,6887,3743,3144,0,0,0,1.0,1,1.0,1,1.0,1,0.17710098480924139,56
5109,2,6889,3744,3145,0,0,0,1.0,1,1.0,1,1.0,1,0.1743252277296261,56
5110,2,6891,3746,3145,0,0,0,1.0,1,1.0,1,1.0,1,0.19811808945554962,52
5111,5,6896,3750,3146,0,0,0,1.0,1,1.0,1,1.0,1,0.21511097990094968,51
5112,3,6899,3751,3148,0,0,0,1.0,1,1.0,1,1.0,1,0.21012034975652727,50
5113,5,6904,3753,3151,0,0,0,1.0,1,1.0,1,1.0,1,0.19903962237552392,48
5114,1,6905,3754,3151,0,0,0,1.0,1,1.0,1,1.0,1,0.19054131788095363,46
5115,0,6905,3754,3151,0,0,0,1.0,1,1.0,1,1.0,1,0.16860153364798186,44
5116,2,6907,3754,3153,0,0,0,1.0,1,1.0,1,1.0,1,0.1280318720860554,44
5117,2,6909,3754,3155,0,0,0,1.0,1,1.0,1,1.0,1,0.10157850706047655,46
5118,0,6909,3754,3155,0,0,0,1.0,1,1.0,1,1.0,1,0.10157850706047655,46
5119,1,6910,3755,3155,0,0,0,1.0,1,1.0,1,1.0,1,0.12440236170210685,46
5120,2,6912,3756,3156,0,0,0,1.0,1,1.0,1,1.0,1,0.14428330036342218,46
5121,3,6915,3757,3158,0,0,0,1.0,1,1.0,1,1.0,1,0.1697229532042272,46
5122,2,6917,3758,3159,0,0,0,1.0,1,1.0,1,1.0,1,0.18392930505355973,46
5123,3,6920,3760,3160,0,0,0,1.0,1,1.0,1,1.0,1,0.1670426933291473,45
5124,2,6922,3761,3161,0,0,0,1.0,1,1.0,1,1.0,1,0.17917471195230872,47
5125,2,6924,3762,3162,0,0,0,1.0,1,1.0,1,1.0,1,0.17162135037373014,50
5126,5,6929,3762,3167,0,0,0,1.0,1,1.0,1,1.0,1,0.10765515649069396,50
5127,0,6929,3762,3167,0,0,0,1.0,1,1.0,1,1.0,1,0.11315199417614538,52
5128,0,6929,3762,3167,0,0,0,1.0,1,1.0,1,1.0,1,0.11569028450459543,53
5129,0,6929,3762,3167,0,0,0,1.0,1,1.0,1,1.0,1,0.11813346742579078,55
5130,0,6929,3762,3167,0,0,0,1.0,1,1.0,1,1.0,1,0.11813346742579078,55
5131,0,6929,3762,3167,0,0,0,1.0,1,1.0,1,1.0,1,0.13629222839807914,54
5132,1,6930,3762,3168,0,0,0,1.0,1,1.0,1,1.0,1,0.13576626877235415,54
5133,0,6930,3762,3168,0,0,0,1.0,1,1.0,1,1.0,1,0.13576626877235415,54
5134,0,6930,3762,3168,0,0,0,1.0,1,1.0,1,1.0,1,0.15061957497078776,53
5135,1,6931,3762,3169,0,0,0,1.0,1,1.0,1,1.0,1,0.1532785583089663,54
5136,4,6935,3762,3173,0,0,0,1.0,1,1.0,1,1.0,1,0.14848596756863322,54
5137,0,6935,3762,3173,0,0,0,1.0,1,1.0,1,1.0,1,0.14848596756863322,54
5138,2,6937,3763,3174,0,0,0,1.0,1,1.0,1,1.0,1,0.1769141619769962,54
5139,1,6938,3764,3174,0,0,0,1.0,1,1.0,1,1.0,1,0.15884094096697043,55
5140,4,6942,3767,3175,0,0,0,1.0,1,1.0,1,1.0,1,0.16426303992973706,55
5141,3,6945,3769,3176,0,0,0,1.0,1,1.0,1,1.0,1,0.1334643381004129,53
5142,0,6945,3769,3176,0,0,0,1.0,1,1.0,1,1.0,1,0.11797092940534458,54
5143,2,6947,3771,3176,0,0,0,1.0,1,1.0,1,1.0,1,0.16109593997401103,52
5144,0,6947,3771,3176,0,0,0,1.0,1,1.0,1,1.0,1,0.13467712758845715,50
5145,0,6947,3771,3176,0,0,0,1.0,1,1.0,1,1.0,1,0.14611236651520876,49
5146,2,6949,3771,3178,0,0,0,1.0,1,1.0,1,1.0,1,0.13061501817482365,49
5147,1,6950,3771,3179,0,0,0,1.0,1,1.0,1,1.0,1,0.12566283929455546,46
5148,0,6950,3771,3179,0,0,0,1.0,1,1.0,1,1.0,1,0.0962481091681903,46
5149,0,6950,3771,3179,0,0,0,1.0,1,1.0,1,1.0,1,0.11824560860876288,45
5150,2,6952,3773,3179,0,0,0,1.0,1,1.0,1,1.0,1,0.13432444523645054,47
5151,2,6954,3775,3179,0,0,0,1.0,1,1.0,1,1.0,1,0.1689423284391899,46
5152,4,6958,3777,3181,0,0,0,1.0,1,1.0,1,1.0,1,0.18830263816124318,46
5153,0,6958,3777,3181,0,0,0,1.0,1,1.0,1,1.0,1,0.19820615959544183,45
5154,1,6959,3778,3181,0,0,0,1.0,1,1.0,1,1.0,1,0.22822264875954953,47
5155,3,6962,3779,3183,0,0,0,1.0,1,1.0,1,1.0,1,0.25149497775994656,47
5156,4,6966,3779,3187,0,0,0,1.0,1,1.0,1,1.0,1,0.192576973725662,47
5157,0,6966,3779,3187,0,0,0,1.0,1,1.0,1,1.0,1,0.20535183793840497,46
5158,0,6966,3779,3187,0,0,0,1.0,1,1.0,1,1.0,1,0.1980473365769734,47
5159,3,6969,3779,3190,0,0,0,1.0,1,1.0,1,1.0,1,0.17979345179338246,49
5160,0,6969,3779,3190,0,0,0,1.0,1,1.0,1,1.0,1,0.18794702725658716,48
5161,2,6971,3779,3192,0,0,0,1.0,1,1.0,1,1.0,1,0.16918051493964004,48
5162,1,6972,3779,3193,0,0,0,1.0,1,1.0,1,1.0,1,0.14942576161228763,49
5163,2,6974,3779,3195,0,0,0,1.0,1,1.0,1,1.0,1,0.13153020834417295,51
5164,1,6975,3779,3196,0,0,0,1.0,1,1.0,1,1.0,1,0.12442272230745618,51
5165,0,6975,3779,3196,0,0,0,1.0,1,1.0,1,1.0,1,0.1405855039892798,52
5166,5,6980,3781,3199,0,0,0,1.0,1,1.0,1,1.0,1,0.09746345917719598,52
5167,1,6981,3782,3199,0,0,0,1.0,1,1.0,1,1.0,1,0.10904218297608334,52
5168,0,6981,3782,3199,0,0,0,1.0,1,1.0,1,1.0,1,0.10904218297608334,52
5169,2,6983,3783,3200,0,0,0,1.0,1,1.0,1,1.0,1,0.1099215333897916,53
5170,0,6983,3783,3200,0,0,0,1.0,1,1.0,1,1.0,1,0.1099215333897916,53
5171,2,6985,3783,3202,0,0,0,1.0,1,1.0,1,1.0,1,0.084786814981939,52
5172,1,6986,3784,3202,0,0,0,1.0,1,1.0,1,1.0,1,0.06892827826201027,53
5173,1,6987,3784,3203,0,0,0,1.0,1,1.0,1,1.0,1,0.07641351093987513,54
5174,2,6989,3784,3205,0,0,0,1.0,1,1.0,1,1.0,1,0.06733500979486136,56
5175,2,6991,3785,3206,0,0,0,1.0,1,1.0,1,1.0,1,0.04673617402699653,58
5176,1,6992,3786,3206,0,0,0,1.0,1,1.0,1,1.0,1,0.07332471046288364,58
5177,1,6993,3786,3207,0,0,0,1.0,1,1.0,1,1.0,1,0.0809709638010936,59
5178,3,6996,3788,3208,0,0,0,1.0,1,1.0,1,1.0,1,0.0825954900491836,57
5179,0,6996,3788,3208,0,0,0,1.0,1,1.0,1,1.0,1,0.09411650756565092,58
5180,0,6996,3788,3208,0,0,0,1.0,1,1.0,1,1.0,1,0.07264016525618525,56
5181,3,6999,3790,3209,0,0,0,1.0,1,1.0,1,1.0,1,0.09951646201385994,57
5182,0,6999,3790,3209,0,0,0,1.0,1,1.0,1,1.0,1,0.09096697027928048,56
5183,2,7001,3792,3209,0,0,0,1.0,1,1.0,1,1.0,1,0.14580735942032882,57
5184,0,7001,3792,3209,0,0,0,1.0,1,1.0,1,1.0,1,0.15087387077740602,56
5185,2,7003,3792,3211,0,0,0,1.0,1,1.0,1,1.0,1,0.16767721372837419,56
5186,3,7006,3793,3213,0,0,0,1.0,1,1.0,1,1.0,1,0.1601362060576883,54
5187,0,7006,3793,3213,0,0,0,1.0,1,1.0,1,1.0,1,0.15256626055393863,51
5188,0,7006,3793,3213,0,0,0,1.0,1,1.0,1,1.0,1,0.13777511666967748,50
5189,0,7006,3793,3213,0,0,0,1.0,1,1.0,1,1.0,1,0.1554094002347647,49
5190,1,7007,3794,3213,0,0,0,1.0,1,1.0,1,1.0,1,0.1411058073381507,50
5191,2,7009,3794,3215,0,0,0,1.0,1,1.0,1,1.0,1,0.11302497500047405,50
5192,2,7011,3796,3215,0,0,0,1.0,1,1.0,1,1.0,1,0.1097505814216884,49
5193,0,7011,3796,3215,0,0,0,1.0,1,1.0,1,1.0,1,0.12588377304546894,50
5194,1,7012,3797,3215,0,0,0,1.0,1,1.0,1,1.0,1,0.15236199263665504,51
5195,1,7013,3798,3215,0,0,0,1.0,1,1.0,1,1.0,1,0.1739094011613698,51
5196,4,7017,3798,3219,0,0,0,1.0,1,1.0,1,1.0,1,0.12045649390066344,51
5197,0,7017,3798,3219,0,0,0,1.0,1,1.0,1,1.0,1,0.12045649390066344,51
5198,0,7017,3798,3219,0,0,0,1.0,1,1.0,1,1.0,1,0.12045649390066344,51
5199,0,7017,3798,3219,0,0,0,1.0,1,1.0,1,1.0,1,0.10149794718570565,54
5200,1,7018,3799,3219,0,0,0,1.0,1,1.0,1,1.0,1,0.10051417716708026,54
5201,2,7020,3801,3219,0,0,0,1.0,1,1.0,1,1.0,1,0.12340352943227373,55
5202,1,7021,3801,3220,0,0,0,1.0,1,1.0,1,1.0,1,0.1206719720836328,56
5203,0,7021,3801,3220,0,0,0,1.0,1,1.0,1,1.0,1,0.1206719720836328,56
5204,1,7022,3802,3220,0,0,0,1.0,1,1.0,1,1.0,1,0.11925886658160086,58
5205,1,7023,3802,3221,0,0,0,1.0,1,1.0,1,1.0,1,0.10513416318673845,58
5206,3,7026,3803,3223,0,0,0,1.0,1,1.0,1,1.0,1,0.08981694181004768,58
5207,0,7026,3803,3223,0,0,0,1.0,1,1.0,1,1.0,1,0.09836660056834719,59
5208,1,7027,3804,3223,0,0,0,1.0,1,1.0,1,1.0,1,0.10552632929972598,58
5209,0,7027,3804,3223,0,0,0,1.0,1,1.0,1,1.0,1,0.10552632929972598,58
5210,0,7027,3804,3223,0,0,0,1.0,1,1.0,1,1.0,1,0.10785031547011897,57
5211,2,7029,3804,3225,0,0,0,1.0,1,1.0,1,1.0,1,0.08544637759946852,57
5212,2,7031,3804,3227,0,0,0,1.0,1,1.0,1,1.0,1,0.07150657627479111,59
5213,3,7034,3806,3228,0,0,0,1.0,1,1.0,1,1.0,1,0.11475456759615697,59
5214,2,7036,3807,3229,0,0,0,1.0,1,1.0,1,1.0,1,0.16212572564445063,59
5215,2,7038,3808,3230,0,0,0,1.0,1,1.0,1,1.0,1,0.19350190759578373,58
5216,6,7044,3809,3235,0,0,0,1.0,1,1.0,1,1.0,1,0.14717727194321,59
5217,2,7046,3810,3236,0,0,0,1.0,1,1.0,1,1.0,1,0.1344728826452318,58
5218,1,7047,3811,3236,0,0,0,1.0,1,1.0,1,1.0,1,0.16835210897593783,58
5219,2,7049,3812,3237,0,0,0,1.0,1,1.0,1,1.0,1,0.15994137933054242,57
5220,0,7049,3812,3237,0,0,0,1.0,1,1.0,1,1.0,1,0.14797209235293346,56
5221,3,7052,3812,3240,0,0,0,1.0,1,1.0,1,1.0,1,0.1275658924138858,58
5222,0,7052,3812,3240,0,0,0,1.0,1,1.0,1,1.0,1,0.11085683170902735,56
5223,3,7055,3814,3241,0,0,0,1.0,1,1.0,1,1.0,1,0.15725572932091886,55
5224,0,7055,3814,3241,0,0,0,1.0,1,1.0,1,1.0,1,0.1632547191591756,56
5225,1,7056,3815,3241,0,0,0,1.0,1,1.0,1,1.0,1,0.2019993373475051,55
5226,2,7058,3815,3243,0,0,0,1.0,1,1.0,1,1.0,1,0.18724322510070773,55
5227,1,7059,3815,3244,0,0,0,1.0,1,1.0,1,1.0,1,0.1705966565387625,53
5228,1,7060,3815,3245,0,0,0,1.0,1,1.0,1,1.0,1,0.15595842572639795,51
5229,0,7060,3815,3245,0,0,0,1.0,1,1.0,1,1.0,1,0.13480337466399392,51
5230,0,7060,3815,3245,0,0,0,1.0,1,1.0,1,1.0,1,0.1363617645966685,51
5231,1,7061,3816,3245,0,0,0,1.0,1,1.0,1,1.0,1,0.16806861785136443,52
5232,1,7062,3817,3245,0,0,0,1.0,1,1.0,1,1.0,1,0.2079795144306053,52
5233,2,7064,3818,3246,0,0,0,1.0,1,1.0,1,1.0,1,0.20120309080556364,53
5234,3,7067,3819,3248,0,0,0,1.0,1,1.0,1,1.0,1,0.20696969517626557,53
5235,1,7068,3820,3248,0,0,0,1.0,1,1.0,1,1.0,1,0.19975325751269724,53
5236,3,7071,3820,3251,0,0,0,1.0,1,1.0,1,1.0,1,0.1846640821228395,52
5237,1,7072,3820,3252,0,0,0,1.0,1,1.0,1,1.0,1,0.1967243418931376,52
5238,1,7073,3820,3253,0,0,0,1.0,1,1.0,1,1.0,1,0.1867873574100704,52
5239,0,7073,3820,3253,0,0,0,1.0,1,1.0,1,1.0,1,0.20150268023488827,51
5240,1,7074,3820,3254,0,0,0,1.0,1,1.0,1,1.0,1,0.1987058599538076,53
5241,3,7077,3821,3256,0,0,0,1.0,1,1.0,1,1.0,1,0.1807848717625524,53
5242,2,7079,3822,3257,0,0,0,1.0,1,1.0,1,1.0,1,0.16963744081757412,51
5243,3,7082,3823,3259,0,0,0,1.0,1,1.0,1,1.0,1,0.17681906314866092,51
5244,1,7083,3824,3259,0,0,0,1.0,1,1.0,1,1.0,1,0.1787198896716495,52
5245,2,7085,3826,3259,0,0,0,1.0,1,1.0,1,1.0,1,0.18017906859052982,53
5246,3,7088,3827,3261,0,0,0,1.0,1,1.0,1,1.0,1,0.14835157552056227,53
5247,2,7090,3828,3262,0,0,0,1.0,1,1.0,1,1.0,1,0.13071323720511638,54
5248,1,7091,3828,3263,0,0,0,1.0,1,1.0,1,1.0,1,0.11455444483496287,54
5249,0,7091,3828,3263,0,0,0,1.0,1,1.0,1,1.0,1,0.09761950387433864,55
5250,0,7091,3828,3263,0,0,0,1.0,1,1.0,1,1.0,1,0.1157507694301641,57
5251,2,7093,3828,3265,0,0,0,1.0,1,1.0,1,1.0,1,0.08037897235820533,58
5252,2,7095,3830,3265,0,0,0,1.0,1,1.0,1,1.0,1,0.09355618296013878,58
5253,2,7097,3832,3265,0,0,0,1.0,1,1.0,1,1.0,1,0.14633916794790783,58
5254,2,7099,3833,3266,0,0,0,1.0,1,1.0,1,1.0,1,0.1645667313297142,59
5255,3,7102,3835,3267,0,0,0,1.0,1,1.0,1,1.0,1,0.1650001713606843,58
5256,1,7103,3835,3268,0,0,0,1.0,1,1.0,1,1.0,1,0.1642257976810996,58
5257,1,7104,3836,3268,0,0,0,1.0,1,1.0,1,1.0,1,0.181164822661023,57
5258,1,7105,3836,3269,0,0,0,1.0,1,1.0,1,1.0,1,0.1485242313906459,55
5259,0,7105,3836,3269,0,0,0,1.0,1,1.0,1,1.0,1,0.1437128145075731,56
5260,0,7105,3836,3269,0,0,0,1.0,1,1.0,1,1.0,1,0.14202235792442824,55
5261,1,7106,3836,3270,0,0,0,1.0,1,1.0,1,1.0,1,0.11759547048653045,54
5262,1,7107,3837,3270,0,0,0,1.0,1,1.0,1,1.0,1,0.14079074012929996,54
5263,0,7107,3837,3270,0,0,0,1.0,1,1.0,1,1.0,1,0.15492345231007448,55
5264,3,7110,3839,3271,0,0,0,1.0,1,1.0,1,1.0,1,0.14431243161651727,53
5265,2,7112,3841,3271,0,0,0,1.0,1,1.0,1,1.0,1,0.14116923145670496,52
5266,1,7113,3841,3272,0,0,0,1.0,1,1.0,1,1.0,1,0.146510601648048,49
5267,4,7117,3842,3275,0,0,0,1.0,1,1.0,1,1.0,1,0.13878545849244295,49
5268,0,7117,3842,3275,0,0,0,1.0,1,1.0,1,1.0,1,0.1617004110080456,46
5269,1,7118,3843,3275,0,0,0,1.0,1,1.0,1,1.0,1,0.16374383891672786,45
5270,1,7119,3844,3275,0,0,0,1.0,1,1.0,1,1.0,1,0.16545307651884936,46
5271,8,7127,3847,3280,0,0,0,1.0,1,1.0,1,1.0,1,0.12568854563267406,46
5272,1,7128,3847,3281,0,0,0,1.0,1,1.0,1,1.0,1,0.1193871426148589,45
5273,0,7128,3847,3281,0,0,0,1.0,1,1.0,1,1.0,1,0.12925463928745887,45
5274,0,7128,3847,3281,0,0,0,1.0,1,1.0,1,1.0,1,0.148036401329416,45
5275,4,7132,3850,3282,0,0,0,1.0,1,1.0,1,1.0,1,0.16540265209540111,46
5276,7,7139,3853,3286,0,0,0,1.0,1,1.0,1,1.0,1,0.15745376377910086,45
5277,2,7141,3853,3288,0,0,0,1.0,1,1.0,1,1.0,1,0.13871713122132015,45
5278,2,7143,3855,3288,0,0,0,1.0,1,1.0,1,1.0,1,0.17246963617381167,44
5279,1,7144,3856,3288,0,0,0,1.0,1,1.0,1,1.0,1,0.20152140554540637,45
5280,1,7145,3857,3288,0,0,0,1.0,1,1.0,1,1.0,1,0.19939633461723222,46
5281,1,7146,3857,3289,0,0,0,1.0,1,1.0,1,1.0,1,0.18273277220416903,46
5282,2,7148,3858,3290,0,0,0,1.0,1,1.0,1,1.0,1,0.1975480014953933,47
5283,0,7148,3858,3290,0,0,0,1.0,1,1.0,1,1.0,1,0.20934686008095788,48
5284,1,7149,3858,3291,0,0,0,1.0,1,1.0,1,1.0,1,0.19903918608986698,48
5285,0,7149,3858,3291,0,0,0,1.0,1,1.0,1,1.0,1,0.1762062073581814,48
5286,3,7152,3858,3294,0,0,0,1.0,1,1.0,1,1.0,1,0.1529813639169159,50
5287,0,7152,3858,3294,0,0,0,1.0,1,1.0,1,1.0,1,0.1529813639169159,50
5288,0,7152,3858,3294,0,0,0,1.0,1,1.0,1,1.0,1,0.1457079852817558,51
5289,0,7152,3858,3294,0,0,0,1.0,1,1.0,1,1.0,1,0.1457079852817558,51
5290,2,7154,3858,3296,0,0,0,1.0,1,1.0,1,1.0,1,0.09926261549854236,52
5291,2,7156,3859,3297,0,0,0,1.0,1,1.0,1,1.0,1,0.13147306419200053,52
5292,0,7156,3859,3297,0,0,0,1.0,1,1.0,1,1.0,1,0.1406715957153159,53
5293,1,7157,3860,3297,0,0,0,1.0,1,1.0,1,1.0,1,0.1611191493169958,51
5294,0,7157,3860,3297,0,0,0,1.0,1,1.0,1,1.0,1,0.14780636331162084,50
5295,1,7158,3860,3298,0,0,0,1.0,1,1.0,1,1.0,1,0.1514904082518681,49
5296,0,7158,3860,3298,0,0,0,1.0,1,1.0,1,1.0,1,0.1572981399336563,48
5297,0,7158,3860,3298,0,0,0,1.0,1,1.0,1,1.0,1,0.1830957909079623,46
5298,0,7158,3860,3298,0,0,0,1.0,1,1.0,1,1.0,1,0.18380986621707618,46
5299,1,7159,3861,3298,0,0,0,1.0,1,1.0,1,1.0,1,0.22451055208521917,47
5300,0,7159,3861,3298,0,0,0,1.0,1,1.0,1,1.0,1,0.20205614282880893,48
5301,0,7159,3861,3298,0,0,0,1.0,1,1.0,1,1.0,1,0.20205614282880893,48
5302,1,7160,3862,3298,0,0,0,1.0,1,1.0,1,1.0,1,0.21445415623487268,49
5303,0,7160,3862,3298,0,0,0,1.0,1,1.0,1,1.0,1,0.20969504792053448,48
5304,0,7160,3862,3298,0,0,0,1.0,1,1.0,1,1.0,1,0.20294403336970485,48
5305,0,7160,3862,3298,0,0,0,1.0,1,1.0,1,1.0,1,0.21035302016425977,47
5306,2,7162,3864,3298,0,0,0,1.0,1,1.0,1,1.0,1,0.21265121357857553,48
5307,1,7163,3865,3298,0,0,0,1.0,1,1.0,1,1.0,1,0.22570067732895283,48
5308,1,7164,3865,3299,0,0,0,1.0,1,1.0,1,1.0,1,0.20540886358907012,47
5309,0,7164,3865,3299,0,0,0,1.0,1,1.0,1,1.0,1,0.22075303966618198,46
5310,1,7165,3865,3300,0,0,0,1.0,1,1.0,1,1.0,1,0.21166136477764977,46
5311,2,7167,3866,3301,0,0,0,1.0,1,1.0,1,1.0,1,0.17464278312493373,46
5312,1,7168,3866,3302,0,0,0,1.0,1,1.0,1,1.0,1,0.17927746031714983,46
5313,2,7170,3866,3304,0,0,0,1.0,1,1.0,1,1.0,1,0.17303096952807137,46
5314,0,7170,3866,3304,0,0,0,1.0,1,1.0,1,1.0,1,0.17303096952807137,46
5315,2,7172,3866,3306,0,0,0,1.0,1,1.0,1,1.0,1,0.14533527626982357,47
5316,4,7176,3866,3310,0,0,0,1.0,1,1.0,1,1.0,1,0.12012052048954348,48
5317,0,7176,3866,3310,0,0,0,1.0,1,1.0,1,1.0,1,0.11187961104548383,49
5318,4,7180,3870,3310,0,0,0,1.0,1,1.0,1,1.0,1,0.1091488247907421,49
5319,2,7182,3871,3311,0,0,0,1.0,1,1.0,1,1.0,1,0.12028492799542666,50
5320,2,7184,3872,3312,0,0,0,1.0,1,1.0,1,1.0,1,0.11651653436075934,51
5321,1,7185,3872,3313,0,0,0,1.0,1,1.0,1,1.0,1,0.08433081743639637,52
5322,1,7186,3872,3314,0,0,0,1.0,1,1.0,1,1.0,1,0.07465553932464719,53
5323,1,7187,3873,3314,0,0,0,1.0,1,1.0,1,1.0,1,0.05003848470586509,53
5324,1,7188,3873,3315,0,0,0,1.0,1,1.0,1,1.0,1,0.028699322876237277,55
5325,1,7189,3874,3315,0,0,0,1.0,1,1.0,1,1.0,1,0.04494424803919918,55
5326,2,7191,3876,3315,0,0,0,1.0,1,1.0,1,1.0,1,0.04495241524072558,55
5327,2,7193,3877,3316,0,0,0,1.0,1,1.0,1,1.0,1,0.04684468591925826,56
5328,2,7195,3878,3317,0,0,0,1.0,1,1.0,1,1.0,1,0.0494264867883182,57
5329,2,7197,3879,3318,0,0,0,1.0,1,1.0,1,1.0,1,0.0510462838820481,57
5330,1,7198,3880,3318,0,0,0,1.0,1,1.0,1,1.0,1,0.07484383754299498,56
5331,2,7200,3881,3319,0,0,0,1.0,1,1.0,1,1.0,1,0.06038999897806694,57
5332,0,7200,3881,3319,0,0,0,1.0,1,1.0,1,1.0,1,0.06345265855367989,58
5333,1,7201,3882,3319,0,0,0,1.0,1,1.0,1,1.0,1,0.07244860593194245,59
5334,1,7202,3883,3319,0,0,0,1.0,1,1.0,1,1.0,1,0.08582916729379458,59
5335,0,7202,3883,3319,0,0,0,1.0,1,1.0,1,1.0,1,0.07530331401651812,58
5336,2,7204,3884,3320,0,0,0,1.0,1,1.0,1,1.0,1,0.07132540800877299,59
5337,0,7204,3884,3320,0,0,0,1.0,1,1.0,1,1.0,1,0.06619665652770376,60
5338,2,7206,3886,3320,0,0,0,1.0,1,1.0,1,1.0,1,0.0902389922453002,60
5339,0,7206,3886,3320,0,0,0,1.0,1,1.0,1,1.0,1,0.0902389922453002,60
5340,2,7208,3888,3320,0,0,0,1.0,1,1.0,1,1.0,1,0.1276668315466298,60
5341,3,7211,3889,3322,0,0,0,1.0,1,1.0,1,1.0,1,0.13556248808385804,61
5342,1,7212,3890,3322,0,0,0,1.0,1,1.0,1,1.0,1,0.11075317557591052,59
5343,2,7214,3892,3322,0,0,0,1.0,1,1.0,1,1.0,1,0.1344643653858081,58
5344,0,7214,3892,3322,0,0,0,1.0,1,1.0,1,1.0,1,0.12764605969502946,58
5345,3,7217,3895,3322,0,0,0,1.0,1,1.0,1,1.0,1,0.12130729200881661,54
5346,1,7218,3895,3323,0,0,0,1.0,1,1.0,1,1.0,1,0.11515373101591128,54
5347,4,7222,3899,3323,0,0,0,1.0,1,1.0,1,1.0,1,0.12843154295685735,54
5348,2,7224,3899,3325,0,0,0,1.0,1,1.0,1,1.0,1,0.12279480025820778,55
5349,2,7226,3900,3326,0,0,0,1.0,1,1.0,1,1.0,1,0.14828292883593597,56
5350,1,7227,3901,3326,0,0,0,1.0,1,1.0,1,1.0,1,0.16859963299069256,56
5351,4,7231,3901,3330,0,0,0,1.0,1,1.0,1,1.0,1,0.09325664621356251,57
5352,1,7232,3902,3330,0,0,0,1.0,1,1.0,1,1.0,1,0.11710272332845587,57
5353,4,7236,3903,3333,0,0,0,1.0,1,1.0,1,1.0,1,0.09589827364115155,57
5354,0,7236,3903,3333,0,0,0,1.0,1,1.0,1,1.0,1,0.11336167275605125,56
5355,0,7236,3903,3333,0,0,0,1.0,1,1.0,1,1.0,1,0.09608265003751379,57
5356,1,7237,3903,3334,0,0,0,1.0,1,1.0,1,1.0,1,0.09000779077118365,56
5357,1,7238,3903,3335,0,0,0,1.0,1,1.0,1,1.0,1,0.09691920608464394,56
5358,2,7240,3905,3335,0,0,0,1.0,1,1.0,1,1.0,1,0.09775056053548672,57
5359,1,7241,3906,3335,0,0,0,1.0,1,1.0,1,1.0,1,0.10866960269443264,57
5360,0,7241,3906,3335,0,0,0,1.0,1,1.0,1,1.0,1,0.12506703743145445,55
5361,5,7246,3909,3337,0,0,0,1.0,1,1.0,1,1.0,1,0.1576833543967751,56
5362,0,7246,3909,3337,0,0,0,1.0,1,1.0,1,1.0,1,0.14432812972970452,57
5363,1,7247,3910,3337,0,0,0,1.0,1,1.0,1,1.0,1,0.16722840210531098,57
5364,1,7248,3910,3338,0,0,0,1.0,1,1.0,1,1.0,1,0.1537309133395822,58
5365,0,7248,3910,3338,0,0,0,1.0,1,1.0,1,1.0,1,0.13770363077768094,59
5366,1,7249,3911,3338,0,0,0,1.0,1,1.0,1,1.0,1,0.15425231757474514,60
5367,2,7251,3912,3339,0,0,0,1.0,1,1.0,1,1.0,1,0.16788858221558922,60
5368,0,7251,3912,3339,0,0,0,1.0,1,1.0,1,1.0,1,0.1618477117783179,58
5369,2,7253,3914,3339,0,0,0,1.0,1,1.0,1,1.0,1,0.1705650689900877,58
5370,0,7253,3914,3339,0,0,0,1.0,1,1.0,1,1.0,1,0.16490914302863985,57
5371,3,7256,3917,3339,0,0,0,1.0,1,1.0,1,1.0,1,0.2225607727444991,56
5372,1,7257,3918,3339,0,0,0,1.0,1,1.0,1,1.0,1,0.1957112250597198,55
5373,6,7263,3922,3341,0,0,0,1.0,1,1.0,1,1.0,1,0.22116797897306442,54
5374,1,7264,3923,3341,0,0,0,1.0,1,1.0,1,1.0,1,0.21079678387654394,53
5375,4,7268,3925,3343,0,0,0,1.0,1,1.0,1,1.0,1,0.18423010244229,52
5376,3,7271,3927,3344,0,0,0,1.0,1,1.0,1,1.0,1,0.19674477898340242,52
5377,3,7274,3928,3346,0,0,0,1.0,1,1.0,1,1.0,1,0.15388704631947203,51
5378,3,7277,3930,3347,0,0,0,1.0,1,1.0,1,1.0,1,0.20817392914827854,52
5379,0,7277,3930,3347,0,0,0,1.0,1,1.0,1,1.0,1,0.18846017587678815,50
5380,1,7278,3931,3347,0,0,0,1.0,1,1.0,1,1.0,1,0.22334927020986645,51
5381,3,7281,3932,3349,0,0,0,1.0,1,1.0,1,1.0,1,0.20119750937948788,50
5382,0,7281,3932,3349,0,0,0,1.0,1,1.0,1,1.0,1,0.20971930465917157,48
5383,0,7281,3932,3349,0,0,0,1.0,1,1.0,1,1.0,1,0.21027979615307216,48
5384,3,7284,3933,3351,0,0,0,1.0,1,1.0,1,1.0,1,0.17674148308345713,48
5385,0,7284,3933,3351,0,0,0,1.0,1,1.0,1,1.0,1,0.18471412697912948,47
5386,5,7289,3937,3352,0,0,0,1.0,1,1.0,1,1.0,1,0.19129621100217292,48
5387,3,7292,3938,3354,0,0,0,1.0,1,1.0,1,1.0,1,0.17177271671145608,48
5388,0,7292,3938,3354,0,0,0,1.0,1,1.0,1,1.0,1,0.17177271671145608,48
5389,2,7294,3939,3355,0,0,0,1.0,1,1.0,1,1.0,1,0.13376489633886124,50
5390,1,7295,3940,3355,0,0,0,1.0,1,1.0,1,1.0,1,0.14834536350537625,52
5391,2,7297,3940,3357,0,0,0,1.0,1,1.0,1,1.0,1,0.10923526706341669,52
5392,0,7297,3940,3357,0,0,0,1.0,1,1.0,1,1.0,1,0.12720080694328173,51
5393,1,7298,3941,3357,0,0,0,1.0,1,1.0,1,1.0,1,0.13802025663963083,50
5394,0,7298,3941,3357,0,0,0,1.0,1,1.0,1,1.0,1,0.13577836089578602,50
5395,2,7300,3942,3358,0,0,0,1.0,1,1.0,1,1.0,1,0.15064474300825656,49
5396,1,7301,3942,3359,0,0,0,1.0,1,1.0,1,1.0,1,0.14782699273006278,48
5397,4,7305,3943,3362,0,0,0,1.0,1,1.0,1,1.0,1,0.0943431932316357,48
5398,1,7306,3944,3362,0,0,0,1.0,1,1.0,1,1.0,1,0.13788498024344958,46
5399,3,7309,3947,3362,0,0,0,1.0,1,1.0,1,1.0,1,0.15277858312232567,46
5400,2,7311,3949,3362,0,0,0,1.0,1,1.0,1,1.0,1,0.17422191457485817,48
5401,3,7314,3949,3365,0,0,0,1.0,1,1.0,1,1.0,1,0.09036029361930538,49
5402,0,7314,3949,3365,0,0,0,1.0,1,1.0,1,1.0,1,0.0,0
