,SuccessfulHandoverCount,TotalSuccessfulHandoverCount,TotalSuccessfulHandoverCountRange,TotalSuccessfulHandoverCountLoadBalancing,TotalSuccessfulHandoverCountOverload,FailedHandoverCount,TotalFailedHandoverCount,AvgQoS,MinQoS,AvgQoS_LoadBased,MinQoS_LoadBased,AvgQoS_RangeBased,MinQoS_RangeBased,GiniLoad,VehicleCount
0,0,0,0,0,0,0,0,1.0,1,1.0,1,1.0,1,0.0,0
1,21,21,0,21,0,0,0,1.0,1,1.0,1,1.0,1,0.2165790718897854,26
2,17,38,0,38,0,0,0,1.0,1,1.0,1,1.0,1,0.18791858244832024,27
3,17,55,0,55,0,0,0,1.0,1,1.0,1,1.0,1,0.25024768830641797,28
4,13,68,0,68,0,0,0,1.0,1,1.0,1,1.0,1,0.22822342948356183,29
5,1,69,0,69,0,0,0,1.0,1,1.0,1,1.0,1,0.22161579279042912,29
6,3,72,0,72,0,0,0,1.0,1,1.0,1,1.0,1,0.14525154954138092,32
7,0,72,0,72,0,0,0,1.0,1,1.0,1,1.0,1,0.13425301767749598,33
8,2,74,0,74,0,0,0,1.0,1,1.0,1,1.0,1,0.13467988919136833,35
9,1,75,0,75,0,0,0,1.0,1,1.0,1,1.0,1,0.10867232103529148,35
10,1,76,1,75,0,0,0,1.0,1,1.0,1,1.0,1,0.11603618733558405,35
11,1,77,2,75,0,0,0,1.0,1,1.0,1,1.0,1,0.15680250031726198,35
12,1,78,3,75,0,0,0,1.0,1,1.0,1,1.0,1,0.11827472293697451,34
13,2,80,4,76,0,0,0,1.0,1,1.0,1,1.0,1,0.1865316707174274,32
14,1,81,5,76,0,0,0,1.0,1,1.0,1,1.0,1,0.21049918850466043,31
15,1,82,5,77,0,0,0,1.0,1,1.0,1,1.0,1,0.20070702559149156,30
16,0,82,5,77,0,0,0,1.0,1,1.0,1,1.0,1,0.23925394955077323,30
17,1,83,5,78,0,0,0,1.0,1,1.0,1,1.0,1,0.2462594568731472,29
18,1,84,6,78,0,0,0,1.0,1,1.0,1,1.0,1,0.2878161603458237,29
19,2,86,6,80,0,0,0,1.0,1,1.0,1,1.0,1,0.2589224079130751,28
20,1,87,6,81,0,0,0,1.0,1,1.0,1,1.0,1,0.2234020004279391,28
21,0,87,6,81,0,0,0,1.0,1,1.0,1,1.0,1,0.2234020004279391,28
22,6,93,10,83,0,0,0,1.0,1,1.0,1,1.0,1,0.29489820610017375,28
23,6,99,12,87,0,0,0,1.0,1,1.0,1,1.0,1,0.20939509883759133,27
24,1,100,13,87,0,0,0,1.0,1,1.0,1,1.0,1,0.24916535967815528,28
25,5,105,14,91,0,0,0,1.0,1,1.0,1,1.0,1,0.12700684895715772,28
26,3,108,15,93,0,0,0,1.0,1,1.0,1,1.0,1,0.15052773921591445,30
27,1,109,15,94,0,0,0,1.0,1,1.0,1,1.0,1,0.11522224267361128,30
28,1,110,16,94,0,0,0,1.0,1,1.0,1,1.0,1,0.15248651251649661,31
29,3,113,17,96,0,0,0,1.0,1,1.0,1,1.0,1,0.06968029976414346,30
30,0,113,17,96,0,0,0,1.0,1,1.0,1,1.0,1,0.06968029976414346,30
31,1,114,18,96,0,0,0,1.0,1,1.0,1,1.0,1,0.12440135429999298,31
32,1,115,19,96,0,0,0,1.0,1,1.0,1,1.0,1,0.16826414038748305,31
33,2,117,20,97,0,0,0,1.0,1,1.0,1,1.0,1,0.21970471374829423,31
34,1,118,21,97,0,0,0,1.0,1,1.0,1,1.0,1,0.22705048264468738,29
35,1,119,22,97,0,0,0,1.0,1,1.0,1,1.0,1,0.2554910762697501,30
36,2,121,22,99,0,0,0,1.0,1,1.0,1,1.0,1,0.18011888235795487,30
37,1,122,22,100,0,0,0,1.0,1,1.0,1,1.0,1,0.18731316048837587,31
38,2,124,22,102,0,0,0,1.0,1,1.0,1,1.0,1,0.1281707101728054,32
39,1,125,22,103,0,0,0,1.0,1,1.0,1,1.0,1,0.12315368548587506,36
40,0,125,22,103,0,0,0,1.0,1,1.0,1,1.0,1,0.13261926688098377,37
41,2,127,22,105,0,0,0,1.0,1,1.0,1,1.0,1,0.0813705173373029,37
42,1,128,22,106,0,0,0,1.0,1,1.0,1,1.0,1,0.07931161342901363,38
43,4,132,24,108,0,0,0,1.0,1,1.0,1,1.0,1,0.11036990833538533,40
44,1,133,24,109,0,0,0,1.0,1,1.0,1,1.0,1,0.121826562920461,39
45,1,134,25,109,0,0,0,1.0,1,1.0,1,1.0,1,0.1845667108385546,40
46,0,134,25,109,0,0,0,1.0,1,1.0,1,1.0,1,0.16252418898719928,39
47,2,136,26,110,0,0,0,1.0,1,1.0,1,1.0,1,0.16244323698850638,39
48,0,136,26,110,0,0,0,1.0,1,1.0,1,1.0,1,0.16244323698850638,39
49,1,137,26,111,0,0,0,1.0,1,1.0,1,1.0,1,0.1590037095777971,37
50,1,138,27,111,0,0,0,1.0,1,1.0,1,1.0,1,0.19155670593356455,35
51,1,139,28,111,0,0,0,1.0,1,1.0,1,1.0,1,0.1931024945609347,34
52,2,141,28,113,0,0,0,1.0,1,1.0,1,1.0,1,0.24310707949446936,34
53,4,145,28,117,0,0,0,1.0,1,1.0,1,1.0,1,0.16940260702425333,35
54,0,145,28,117,0,0,0,1.0,1,1.0,1,1.0,1,0.18904665379528515,36
55,3,148,30,118,0,0,0,1.0,1,1.0,1,1.0,1,0.18829066948532236,36
56,3,151,30,121,0,0,0,1.0,1,1.0,1,1.0,1,0.19045042075180568,36
57,4,155,30,125,0,0,0,1.0,1,1.0,1,1.0,1,0.1612300239714875,37
58,6,161,32,129,0,0,0,1.0,1,1.0,1,1.0,1,0.1312401083630792,38
59,1,162,33,129,0,0,0,1.0,1,1.0,1,1.0,1,0.17734025665054562,37
60,3,165,34,131,0,0,0,1.0,1,1.0,1,1.0,1,0.11001902085939225,38
61,0,165,34,131,0,0,0,1.0,1,1.0,1,1.0,1,0.1477791448303407,37
62,3,168,34,134,0,0,0,1.0,1,1.0,1,1.0,1,0.1141233995604631,39
63,1,169,35,134,0,0,0,1.0,1,1.0,1,1.0,1,0.13411054948615522,39
64,1,170,36,134,0,0,0,1.0,1,1.0,1,1.0,1,0.1533051865487143,38
65,4,174,38,136,0,0,0,1.0,1,1.0,1,1.0,1,0.1985737667613483,39
66,1,175,39,136,0,0,0,1.0,1,1.0,1,1.0,1,0.24841570536455373,39
67,1,176,39,137,0,0,0,1.0,1,1.0,1,1.0,1,0.2129816423413818,36
68,3,179,40,139,0,0,0,1.0,1,1.0,1,1.0,1,0.2199904926304106,36
69,4,183,40,143,0,0,0,1.0,1,1.0,1,1.0,1,0.1406288299354851,37
70,1,184,40,144,0,0,0,1.0,1,1.0,1,1.0,1,0.1351234233604147,36
71,2,186,40,146,0,0,0,1.0,1,1.0,1,1.0,1,0.13966391226856498,38
72,4,190,40,150,0,0,0,1.0,1,1.0,1,1.0,1,0.12098835241734665,38
73,0,190,40,150,0,0,0,1.0,1,1.0,1,1.0,1,0.1291062361388226,37
74,2,192,41,151,0,0,0,1.0,1,1.0,1,1.0,1,0.14751480811724435,38
75,1,193,41,152,0,0,0,1.0,1,1.0,1,1.0,1,0.1200767725150793,38
76,1,194,42,152,0,0,0,1.0,1,1.0,1,1.0,1,0.17075528731957196,39
77,2,196,42,154,0,0,0,1.0,1,1.0,1,1.0,1,0.1330721834988064,40
78,1,197,42,155,0,0,0,1.0,1,1.0,1,1.0,1,0.1052457585724376,41
79,0,197,42,155,0,0,0,1.0,1,1.0,1,1.0,1,0.1052457585724376,41
80,0,197,42,155,0,0,0,1.0,1,1.0,1,1.0,1,0.1052457585724376,41
81,4,201,43,158,0,0,0,1.0,1,1.0,1,1.0,1,0.11581380883206953,41
82,1,202,43,159,0,0,0,1.0,1,1.0,1,1.0,1,0.12981070585839302,44
83,0,202,43,159,0,0,0,1.0,1,1.0,1,1.0,1,0.12981070585839302,44
84,1,203,43,160,0,0,0,1.0,1,1.0,1,1.0,1,0.09339320107915991,45
85,0,203,43,160,0,0,0,1.0,1,1.0,1,1.0,1,0.09339320107915991,45
86,0,203,43,160,0,0,0,1.0,1,1.0,1,1.0,1,0.09339320107915991,45
87,1,204,44,160,0,0,0,1.0,1,1.0,1,1.0,1,0.1286841551072851,44
88,1,205,44,161,0,0,0,1.0,1,1.0,1,1.0,1,0.11919258724518803,44
89,1,206,44,162,0,0,0,1.0,1,1.0,1,1.0,1,0.15068116326400477,43
90,0,206,44,162,0,0,0,1.0,1,1.0,1,1.0,1,0.20037022871983765,44
91,0,206,44,162,0,0,0,1.0,1,1.0,1,1.0,1,0.20037022871983765,44
92,0,206,44,162,0,0,0,1.0,1,1.0,1,1.0,1,0.18533909644806826,43
93,2,208,44,164,0,0,0,1.0,1,1.0,1,1.0,1,0.1654567233408741,44
94,1,209,45,164,0,0,0,1.0,1,1.0,1,1.0,1,0.18559346279099034,44
95,1,210,45,165,0,0,0,1.0,1,1.0,1,1.0,1,0.1967085022712194,43
96,2,212,45,167,0,0,0,1.0,1,1.0,1,1.0,1,0.19241224007314944,44
97,2,214,45,169,0,0,0,1.0,1,1.0,1,1.0,1,0.16692082004230493,44
98,0,214,45,169,0,0,0,1.0,1,1.0,1,1.0,1,0.18367082176543942,43
99,0,214,45,169,0,0,0,1.0,1,1.0,1,1.0,1,0.18367082176543942,43
100,4,218,45,173,0,0,0,1.0,1,1.0,1,1.0,1,0.1338230764778712,47
101,2,220,45,175,0,0,0,1.0,1,1.0,1,1.0,1,0.12236078459983757,47
102,1,221,46,175,0,0,0,1.0,1,1.0,1,1.0,1,0.1329884444842667,47
103,1,222,47,175,0,0,0,1.0,1,1.0,1,1.0,1,0.1509657184495008,46
104,4,226,51,175,0,0,0,1.0,1,1.0,1,1.0,1,0.21571759112634992,45
105,8,234,53,181,0,0,0,1.0,1,1.0,1,1.0,1,0.15099958043655523,44
106,4,238,55,183,0,0,0,1.0,1,1.0,1,1.0,1,0.19232494388903026,45
107,9,247,57,190,0,0,0,1.0,1,1.0,1,1.0,1,0.20141414734407262,44
108,4,251,57,194,0,0,0,1.0,1,1.0,1,1.0,1,0.1832396289849153,46
109,8,259,59,200,0,0,0,1.0,1,1.0,1,1.0,1,0.13098577672125827,46
110,1,260,60,200,0,0,0,1.0,1,1.0,1,1.0,1,0.12509624176602532,46
111,2,262,60,202,0,0,0,1.0,1,1.0,1,1.0,1,0.10011204246101106,46
112,0,262,60,202,0,0,0,1.0,1,1.0,1,1.0,1,0.10011204246101106,46
113,2,264,60,204,0,0,0,1.0,1,1.0,1,1.0,1,0.07274176526181443,46
114,0,264,60,204,0,0,0,1.0,1,1.0,1,1.0,1,0.07274176526181443,46
115,1,265,61,204,0,0,0,1.0,1,1.0,1,1.0,1,0.0727159081570981,47
116,3,268,63,205,0,0,0,1.0,1,1.0,1,1.0,1,0.09939630497900816,47
117,2,270,64,206,0,0,0,1.0,1,1.0,1,1.0,1,0.07765965712609159,45
118,0,270,64,206,0,0,0,1.0,1,1.0,1,1.0,1,0.07429143924545349,46
119,0,270,64,206,0,0,0,1.0,1,1.0,1,1.0,1,0.09856852945009811,46
120,0,270,64,206,0,0,0,1.0,1,1.0,1,1.0,1,0.10890391793321635,47
121,1,271,65,206,0,0,0,1.0,1,1.0,1,1.0,1,0.12776878886143583,46
122,0,271,65,206,0,0,0,1.0,1,1.0,1,1.0,1,0.12776878886143583,46
123,0,271,65,206,0,0,0,1.0,1,1.0,1,1.0,1,0.1504327935198427,45
124,0,271,65,206,0,0,0,1.0,1,1.0,1,1.0,1,0.14314126737567215,46
125,4,275,66,209,0,0,0,1.0,1,1.0,1,1.0,1,0.1390092308427089,44
126,5,280,67,213,0,0,0,1.0,1,1.0,1,1.0,1,0.11299434034719578,45
127,0,280,67,213,0,0,0,1.0,1,1.0,1,1.0,1,0.10611723648634218,45
128,0,280,67,213,0,0,0,1.0,1,1.0,1,1.0,1,0.10755405923376066,46
129,4,284,68,216,0,0,0,1.0,1,1.0,1,1.0,1,0.04497757103376252,48
130,1,285,68,217,0,0,0,1.0,1,1.0,1,1.0,1,0.07427458311564655,48
131,2,287,68,219,0,0,0,1.0,1,1.0,1,1.0,1,0.05391358690415321,49
132,8,295,70,225,0,0,0,1.0,1,1.0,1,1.0,1,0.1149620880623956,51
133,3,298,71,227,0,0,0,1.0,1,1.0,1,1.0,1,0.10181627021345761,49
134,4,302,74,228,0,0,0,1.0,1,1.0,1,1.0,1,0.1274884829122736,49
135,3,305,75,230,0,0,0,1.0,1,1.0,1,1.0,1,0.14819075653413746,49
136,4,309,79,230,0,0,0,1.0,1,1.0,1,1.0,1,0.17534120506245132,48
137,9,318,79,239,0,0,0,1.0,1,1.0,1,1.0,1,0.09598076740910161,47
138,6,324,80,244,0,0,0,1.0,1,1.0,1,1.0,1,0.12645838192216044,48
139,3,327,80,247,0,0,0,1.0,1,1.0,1,1.0,1,0.110724304562853,48
140,3,330,82,248,0,0,0,1.0,1,1.0,1,1.0,1,0.13387482195190917,49
141,4,334,84,250,0,0,0,1.0,1,1.0,1,1.0,1,0.10775032242446973,49
142,2,336,85,251,0,0,0,1.0,1,1.0,1,1.0,1,0.11757441184543037,49
143,3,339,87,252,0,0,0,1.0,1,1.0,1,1.0,1,0.14364431497486138,47
144,2,341,89,252,0,0,0,1.0,1,1.0,1,1.0,1,0.15845043707167963,46
145,1,342,90,252,0,0,0,1.0,1,1.0,1,1.0,1,0.17685902400580528,44
146,2,344,91,253,0,0,0,1.0,1,1.0,1,1.0,1,0.19713686856132548,44
147,0,344,91,253,0,0,0,1.0,1,1.0,1,1.0,1,0.1835486734569526,43
148,2,346,91,255,0,0,0,1.0,1,1.0,1,1.0,1,0.10970123798611935,43
149,0,346,91,255,0,0,0,1.0,1,1.0,1,1.0,1,0.10889301516120933,43
150,0,346,91,255,0,0,0,1.0,1,1.0,1,1.0,1,0.12718767765965475,42
151,2,348,92,256,0,0,0,1.0,1,1.0,1,1.0,1,0.12928731921626332,42
152,0,348,92,256,0,0,0,1.0,1,1.0,1,1.0,1,0.12928731921626332,42
153,0,348,92,256,0,0,0,1.0,1,1.0,1,1.0,1,0.1217165795890964,42
154,4,352,94,258,0,0,0,1.0,1,1.0,1,1.0,1,0.15580148543387676,43
155,1,353,94,259,0,0,0,1.0,1,1.0,1,1.0,1,0.12568487151233665,43
156,3,356,96,260,0,0,0,1.0,1,1.0,1,1.0,1,0.10306240591238658,42
157,3,359,96,263,0,0,0,1.0,1,1.0,1,1.0,1,0.08623917578942325,41
158,2,361,97,264,0,0,0,1.0,1,1.0,1,1.0,1,0.09328778183404961,42
159,2,363,97,266,0,0,0,1.0,1,1.0,1,1.0,1,0.08420973434786622,43
160,3,366,99,267,0,0,0,1.0,1,1.0,1,1.0,1,0.15612975184291528,44
161,2,368,100,268,0,0,0,1.0,1,1.0,1,1.0,1,0.19430499072362878,44
162,3,371,103,268,0,0,0,1.0,1,1.0,1,1.0,1,0.22959001787608643,45
163,5,376,105,271,0,0,0,1.0,1,1.0,1,1.0,1,0.20206086557896522,43
164,3,379,107,272,0,0,0,1.0,1,1.0,1,1.0,1,0.19012854214304292,42
165,3,382,108,274,0,0,0,1.0,1,1.0,1,1.0,1,0.11950332159276304,42
166,1,383,108,275,0,0,0,1.0,1,1.0,1,1.0,1,0.10739754684690216,42
167,4,387,109,278,0,0,0,1.0,1,1.0,1,1.0,1,0.11707122520163155,41
168,2,389,110,279,0,0,0,1.0,1,1.0,1,1.0,1,0.07506804210547237,40
169,1,390,110,280,0,0,0,1.0,1,1.0,1,1.0,1,0.0768790302438941,40
170,0,390,110,280,0,0,0,1.0,1,1.0,1,1.0,1,0.11849840031272416,38
171,0,390,110,280,0,0,0,1.0,1,1.0,1,1.0,1,0.1162526383100615,37
172,5,395,114,281,0,0,0,1.0,1,1.0,1,1.0,1,0.16209814976134906,35
173,7,402,116,286,0,0,0,1.0,1,1.0,1,1.0,1,0.11258792997113712,36
174,0,402,116,286,0,0,0,1.0,1,1.0,1,1.0,1,0.13949568208136376,34
175,0,402,116,286,0,0,0,1.0,1,1.0,1,1.0,1,0.19899839319808468,33
176,0,402,116,286,0,0,0,1.0,1,1.0,1,1.0,1,0.16210519194768275,34
177,3,405,116,289,0,0,0,1.0,1,1.0,1,1.0,1,0.1542164098836835,36
178,3,408,117,291,0,0,0,1.0,1,1.0,1,1.0,1,0.14073708336738203,37
179,3,411,117,294,0,0,0,1.0,1,1.0,1,1.0,1,0.12756585912298218,37
180,2,413,117,296,0,0,0,1.0,1,1.0,1,1.0,1,0.18531374892132413,36
181,3,416,117,299,0,0,0,1.0,1,1.0,1,1.0,1,0.138996758254828,36
182,3,419,119,300,0,0,0,1.0,1,1.0,1,1.0,1,0.13617174652790576,38
183,0,419,119,300,0,0,0,1.0,1,1.0,1,1.0,1,0.13410285629490132,37
184,2,421,121,300,0,0,0,1.0,1,1.0,1,1.0,1,0.1723021131997204,36
185,3,424,122,302,0,0,0,1.0,1,1.0,1,1.0,1,0.13823842117183782,35
186,2,426,123,303,0,0,0,1.0,1,1.0,1,1.0,1,0.16017637620236488,34
187,4,430,127,303,0,0,0,1.0,1,1.0,1,1.0,1,0.19915634433908638,33
188,1,431,127,304,0,0,0,1.0,1,1.0,1,1.0,1,0.17111291024872255,33
189,4,435,131,304,0,0,0,1.0,1,1.0,1,1.0,1,0.24575294480249757,33
190,1,436,131,305,0,0,0,1.0,1,1.0,1,1.0,1,0.22113854028185542,32
191,1,437,132,305,0,0,0,1.0,1,1.0,1,1.0,1,0.22449758381537555,34
192,0,437,132,305,0,0,0,1.0,1,1.0,1,1.0,1,0.22449758381537555,34
193,2,439,132,307,0,0,0,1.0,1,1.0,1,1.0,1,0.18101157281607413,35
194,2,441,132,309,0,0,0,1.0,1,1.0,1,1.0,1,0.16889876872431572,37
195,1,442,132,310,0,0,0,1.0,1,1.0,1,1.0,1,0.1481756519211391,36
196,0,442,132,310,0,0,0,1.0,1,1.0,1,1.0,1,0.1481756519211391,36
197,0,442,132,310,0,0,0,1.0,1,1.0,1,1.0,1,0.1571430955410033,37
198,0,442,132,310,0,0,0,1.0,1,1.0,1,1.0,1,0.1571430955410033,37
199,0,442,132,310,0,0,0,1.0,1,1.0,1,1.0,1,0.1571430955410033,37
200,0,442,132,310,0,0,0,1.0,1,1.0,1,1.0,1,0.1571430955410033,37
201,0,442,132,310,0,0,0,1.0,1,1.0,1,1.0,1,0.1393265491697877,36
202,1,443,133,310,0,0,0,1.0,1,1.0,1,1.0,1,0.1128619620890174,36
203,2,445,135,310,0,0,0,1.0,1,1.0,1,1.0,1,0.07218987223659006,35
204,2,447,137,310,0,0,0,1.0,1,1.0,1,1.0,1,0.18393347222020442,35
205,6,453,139,314,0,0,0,1.0,1,1.0,1,1.0,1,0.1380523744907967,35
206,7,460,142,318,0,0,0,1.0,1,1.0,1,1.0,1,0.13920792808766963,34
207,2,462,143,319,0,0,0,1.0,1,1.0,1,1.0,1,0.182641367289467,34
208,4,466,144,322,0,0,0,1.0,1,1.0,1,1.0,1,0.2152027156845963,33
209,2,468,144,324,0,0,0,1.0,1,1.0,1,1.0,1,0.1896766483622095,33
210,3,471,146,325,0,0,0,1.0,1,1.0,1,1.0,1,0.2152156386810525,34
211,2,473,147,326,0,0,0,1.0,1,1.0,1,1.0,1,0.2502084677970675,33
212,1,474,147,327,0,0,0,1.0,1,1.0,1,1.0,1,0.1894216929798509,33
213,4,478,148,330,0,0,0,1.0,1,1.0,1,1.0,1,0.1904978774087363,35
214,4,482,148,334,0,0,0,1.0,1,1.0,1,1.0,1,0.19048973955752443,34
215,4,486,148,338,0,0,0,1.0,1,1.0,1,1.0,1,0.19074759078277265,35
216,3,489,149,340,0,0,0,1.0,1,1.0,1,1.0,1,0.12385546389743127,36
217,1,490,150,340,0,0,0,1.0,1,1.0,1,1.0,1,0.16303608038669531,36
218,3,493,152,341,0,0,0,1.0,1,1.0,1,1.0,1,0.19814649848916038,36
219,0,493,152,341,0,0,0,1.0,1,1.0,1,1.0,1,0.17479462244068333,37
220,2,495,152,343,0,0,0,1.0,1,1.0,1,1.0,1,0.14078109712385012,38
221,1,496,153,343,0,0,0,1.0,1,1.0,1,1.0,1,0.1337547795172235,37
222,1,497,154,343,0,0,0,1.0,1,1.0,1,1.0,1,0.14970197476393102,38
223,3,500,156,344,0,0,0,1.0,1,1.0,1,1.0,1,0.18843908093017017,38
224,8,508,159,349,0,0,0,1.0,1,1.0,1,1.0,1,0.13891042531543663,38
225,4,512,161,351,0,0,0,1.0,1,1.0,1,1.0,1,0.1399513332815678,36
226,2,514,161,353,0,0,0,1.0,1,1.0,1,1.0,1,0.11450605143724986,37
227,3,517,162,355,0,0,0,1.0,1,1.0,1,1.0,1,0.12079359675615474,35
228,1,518,163,355,0,0,0,1.0,1,1.0,1,1.0,1,0.1289829303478273,35
229,2,520,164,356,0,0,0,1.0,1,1.0,1,1.0,1,0.12362618473936868,35
230,3,523,167,356,0,0,0,1.0,1,1.0,1,1.0,1,0.1593880189451403,35
231,1,524,168,356,0,0,0,1.0,1,1.0,1,1.0,1,0.1463975585061121,35
232,4,528,171,357,0,0,0,1.0,1,1.0,1,1.0,1,0.18477288216292453,36
233,2,530,171,359,0,0,0,1.0,1,1.0,1,1.0,1,0.10830264554564697,36
234,1,531,171,360,0,0,0,1.0,1,1.0,1,1.0,1,0.14730389255394902,34
235,4,535,175,360,0,0,0,1.0,1,1.0,1,1.0,1,0.22480312166814118,33
236,0,535,175,360,0,0,0,1.0,1,1.0,1,1.0,1,0.22619265834274913,31
237,2,537,175,362,0,0,0,1.0,1,1.0,1,1.0,1,0.1898438866829856,32
238,1,538,175,363,0,0,0,1.0,1,1.0,1,1.0,1,0.1682252257912973,31
239,2,540,177,363,0,0,0,1.0,1,1.0,1,1.0,1,0.2460926522135988,30
240,2,542,178,364,0,0,0,1.0,1,1.0,1,1.0,1,0.19973427810179972,27
241,0,542,178,364,0,0,0,1.0,1,1.0,1,1.0,1,0.19973427810179972,27
242,1,543,178,365,0,0,0,1.0,1,1.0,1,1.0,1,0.13342165714277962,28
243,2,545,180,365,0,0,0,1.0,1,1.0,1,1.0,1,0.1501826659420211,28
244,1,546,181,365,0,0,0,1.0,1,1.0,1,1.0,1,0.1479236152263977,27
245,0,546,181,365,0,0,0,1.0,1,1.0,1,1.0,1,0.1479236152263977,27
246,3,549,183,366,0,0,0,1.0,1,1.0,1,1.0,1,0.18097165252855663,25
247,0,549,183,366,0,0,0,1.0,1,1.0,1,1.0,1,0.16393965912851477,24
248,0,549,183,366,0,0,0,1.0,1,1.0,1,1.0,1,0.1639282392837102,24
249,0,549,183,366,0,0,0,1.0,1,1.0,1,1.0,1,0.17578825355640154,25
250,0,549,183,366,0,0,0,1.0,1,1.0,1,1.0,1,0.20896930196781677,27
251,4,553,184,369,0,0,0,1.0,1,1.0,1,1.0,1,0.15223467736740917,27
252,1,554,184,370,0,0,0,1.0,1,1.0,1,1.0,1,0.16700268977427898,27
253,0,554,184,370,0,0,0,1.0,1,1.0,1,1.0,1,0.20027510231466092,29
254,4,558,187,371,0,0,0,1.0,1,1.0,1,1.0,1,0.2034175399051483,30
255,1,559,187,372,0,0,0,1.0,1,1.0,1,1.0,1,0.20047863420309034,31
256,1,560,188,372,0,0,0,1.0,1,1.0,1,1.0,1,0.2090339858456886,31
257,4,564,189,375,0,0,0,1.0,1,1.0,1,1.0,1,0.13647569158546385,33
258,2,566,191,375,0,0,0,1.0,1,1.0,1,1.0,1,0.12903132375550158,33
259,0,566,191,375,0,0,0,1.0,1,1.0,1,1.0,1,0.12903132375550158,33
260,3,569,193,376,0,0,0,1.0,1,1.0,1,1.0,1,0.1850514796423295,35
261,4,573,195,378,0,0,0,1.0,1,1.0,1,1.0,1,0.17263574517789018,35
262,3,576,197,379,0,0,0,1.0,1,1.0,1,1.0,1,0.23252169938973744,35
263,1,577,197,380,0,0,0,1.0,1,1.0,1,1.0,1,0.2137183894145586,34
264,2,579,199,380,0,0,0,1.0,1,1.0,1,1.0,1,0.30961250737390034,32
265,1,580,200,380,0,0,0,1.0,1,1.0,1,1.0,1,0.27074545791308763,30
266,3,583,202,381,0,0,0,1.0,1,1.0,1,1.0,1,0.2419092488900605,31
267,2,585,203,382,0,0,0,1.0,1,1.0,1,1.0,1,0.19290933771149127,30
268,2,587,203,384,0,0,0,1.0,1,1.0,1,1.0,1,0.17384599553085925,31
269,1,588,203,385,0,0,0,1.0,1,1.0,1,1.0,1,0.10942626070115621,31
270,3,591,205,386,0,0,0,1.0,1,1.0,1,1.0,1,0.20195919096034393,32
271,1,592,206,386,0,0,0,1.0,1,1.0,1,1.0,1,0.23322156285032813,31
272,1,593,207,386,0,0,0,1.0,1,1.0,1,1.0,1,0.3018798321424065,32
273,4,597,207,390,0,0,0,1.0,1,1.0,1,1.0,1,0.212634219818004,32
274,2,599,208,391,0,0,0,1.0,1,1.0,1,1.0,1,0.21553591007264594,32
275,1,600,208,392,0,0,0,1.0,1,1.0,1,1.0,1,0.18446845102711817,33
276,2,602,208,394,0,0,0,1.0,1,1.0,1,1.0,1,0.20513076495311564,34
277,3,605,209,396,0,0,0,1.0,1,1.0,1,1.0,1,0.15168721032877977,32
278,1,606,209,397,0,0,0,1.0,1,1.0,1,1.0,1,0.15438773920104087,31
279,1,607,209,398,0,0,0,1.0,1,1.0,1,1.0,1,0.14936853740234868,31
280,3,610,211,399,0,0,0,1.0,1,1.0,1,1.0,1,0.1878128385504043,30
281,2,612,211,401,0,0,0,1.0,1,1.0,1,1.0,1,0.12018207666214016,31
282,2,614,212,402,0,0,0,1.0,1,1.0,1,1.0,1,0.19877848223949493,30
283,0,614,212,402,0,0,0,1.0,1,1.0,1,1.0,1,0.1977505041088923,31
284,1,615,212,403,0,0,0,1.0,1,1.0,1,1.0,1,0.1456548462032087,31
285,0,615,212,403,0,0,0,1.0,1,1.0,1,1.0,1,0.1456548462032087,31
286,0,615,212,403,0,0,0,1.0,1,1.0,1,1.0,1,0.1456548462032087,31
287,4,619,215,404,0,0,0,1.0,1,1.0,1,1.0,1,0.2059994628894972,33
288,1,620,215,405,0,0,0,1.0,1,1.0,1,1.0,1,0.17620251341942142,32
289,2,622,215,407,0,0,0,1.0,1,1.0,1,1.0,1,0.17811691932757806,32
290,0,622,215,407,0,0,0,1.0,1,1.0,1,1.0,1,0.1848148449448585,31
291,0,622,215,407,0,0,0,1.0,1,1.0,1,1.0,1,0.17475574236315394,30
292,1,623,216,407,0,0,0,1.0,1,1.0,1,1.0,1,0.17708844612509256,32
293,1,624,216,408,0,0,0,1.0,1,1.0,1,1.0,1,0.1496429854642789,32
294,1,625,216,409,0,0,0,1.0,1,1.0,1,1.0,1,0.12903303173123076,32
295,1,626,216,410,0,0,0,1.0,1,1.0,1,1.0,1,0.104252936241143,34
296,0,626,216,410,0,0,0,1.0,1,1.0,1,1.0,1,0.104252936241143,34
297,1,627,217,410,0,0,0,1.0,1,1.0,1,1.0,1,0.12713708754266864,34
298,0,627,217,410,0,0,0,1.0,1,1.0,1,1.0,1,0.14565504717717426,35
299,0,627,217,410,0,0,0,1.0,1,1.0,1,1.0,1,0.17899154988060428,35
300,1,628,218,410,0,0,0,1.0,1,1.0,1,1.0,1,0.18641588021629343,35
301,2,630,219,411,0,0,0,1.0,1,1.0,1,1.0,1,0.18224093717601061,38
302,2,632,221,411,0,0,0,1.0,1,1.0,1,1.0,1,0.21813629776755267,38
303,3,635,224,411,0,0,0,1.0,1,1.0,1,1.0,1,0.22574418738091695,37
304,5,640,225,415,0,0,0,1.0,1,1.0,1,1.0,1,0.20880829012116664,37
305,7,647,227,420,0,0,0,1.0,1,1.0,1,1.0,1,0.22628079017188485,36
306,6,653,229,424,0,0,0,1.0,1,1.0,1,1.0,1,0.22817936226168622,36
307,2,655,229,426,0,0,0,1.0,1,1.0,1,1.0,1,0.21695758596158338,35
308,3,658,229,429,0,0,0,1.0,1,1.0,1,1.0,1,0.17123883871105128,37
309,2,660,229,431,0,0,0,1.0,1,1.0,1,1.0,1,0.13047228169848374,37
310,0,660,229,431,0,0,0,1.0,1,1.0,1,1.0,1,0.13047228169848374,37
311,1,661,229,432,0,0,0,1.0,1,1.0,1,1.0,1,0.13404164017185097,39
312,2,663,230,433,0,0,0,1.0,1,1.0,1,1.0,1,0.136642539262331,40
313,1,664,230,434,0,0,0,1.0,1,1.0,1,1.0,1,0.09379738478931211,39
314,1,665,231,434,0,0,0,1.0,1,1.0,1,1.0,1,0.12544707969244356,40
315,0,665,231,434,0,0,0,1.0,1,1.0,1,1.0,1,0.12811418689300677,39
316,0,665,231,434,0,0,0,1.0,1,1.0,1,1.0,1,0.12811418689300677,39
317,2,667,231,436,0,0,0,1.0,1,1.0,1,1.0,1,0.12653307298615746,40
318,0,667,231,436,0,0,0,1.0,1,1.0,1,1.0,1,0.14917062537898673,41
319,1,668,231,437,0,0,0,1.0,1,1.0,1,1.0,1,0.14486034915910553,41
320,0,668,231,437,0,0,0,1.0,1,1.0,1,1.0,1,0.14493696312080348,41
321,0,668,231,437,0,0,0,1.0,1,1.0,1,1.0,1,0.14493696312080348,41
322,2,670,232,438,0,0,0,1.0,1,1.0,1,1.0,1,0.10483117658251703,41
323,0,670,232,438,0,0,0,1.0,1,1.0,1,1.0,1,0.10483117658251703,41
324,5,675,234,441,0,0,0,1.0,1,1.0,1,1.0,1,0.10288007232688771,42
325,2,677,235,442,0,0,0,1.0,1,1.0,1,1.0,1,0.09587085829414278,42
326,1,678,236,442,0,0,0,1.0,1,1.0,1,1.0,1,0.14663519212541015,42
327,1,679,236,443,0,0,0,1.0,1,1.0,1,1.0,1,0.11949851160386554,42
328,0,679,236,443,0,0,0,1.0,1,1.0,1,1.0,1,0.1229637113558608,43
329,3,682,236,446,0,0,0,1.0,1,1.0,1,1.0,1,0.08022960187843879,43
330,1,683,237,446,0,0,0,1.0,1,1.0,1,1.0,1,0.09477507934617492,45
331,2,685,238,447,0,0,0,1.0,1,1.0,1,1.0,1,0.1112136950946006,45
332,1,686,239,447,0,0,0,1.0,1,1.0,1,1.0,1,0.1334308552645731,45
333,3,689,239,450,0,0,0,1.0,1,1.0,1,1.0,1,0.10061092406231287,46
334,1,690,239,451,0,0,0,1.0,1,1.0,1,1.0,1,0.0909708653246034,48
335,1,691,239,452,0,0,0,1.0,1,1.0,1,1.0,1,0.08588146903032255,48
336,0,691,239,452,0,0,0,1.0,1,1.0,1,1.0,1,0.08588146903032255,48
337,1,692,239,453,0,0,0,1.0,1,1.0,1,1.0,1,0.06882485013906706,49
338,1,693,240,453,0,0,0,1.0,1,1.0,1,1.0,1,0.07164349248414377,50
339,0,693,240,453,0,0,0,1.0,1,1.0,1,1.0,1,0.07164349248414377,50
340,0,693,240,453,0,0,0,1.0,1,1.0,1,1.0,1,0.07164349248414377,50
341,1,694,240,454,0,0,0,1.0,1,1.0,1,1.0,1,0.06255507003671264,51
342,2,696,241,455,0,0,0,1.0,1,1.0,1,1.0,1,0.08323729838848812,51
343,0,696,241,455,0,0,0,1.0,1,1.0,1,1.0,1,0.08388786918244595,51
344,0,696,241,455,0,0,0,1.0,1,1.0,1,1.0,1,0.10535489608630469,50
345,4,700,242,458,0,0,0,1.0,1,1.0,1,1.0,1,0.0933831181024289,51
346,1,701,242,459,0,0,0,1.0,1,1.0,1,1.0,1,0.08940404579812078,51
347,2,703,244,459,0,0,0,1.0,1,1.0,1,1.0,1,0.09193194690898744,51
348,3,706,245,461,0,0,0,1.0,1,1.0,1,1.0,1,0.12186724417262267,53
349,6,712,248,464,0,0,0,1.0,1,1.0,1,1.0,1,0.09383596812895083,55
350,5,717,250,467,0,0,0,1.0,1,1.0,1,1.0,1,0.07833965910749141,54
351,1,718,251,467,0,0,0,1.0,1,1.0,1,1.0,1,0.10514947408807952,54
352,3,721,254,467,0,0,0,1.0,1,1.0,1,1.0,1,0.1700856849861351,53
353,5,726,255,471,0,0,0,1.0,1,1.0,1,1.0,1,0.094859908330279,53
354,0,726,255,471,0,0,0,1.0,1,1.0,1,1.0,1,0.10402376119345824,50
355,1,727,255,472,0,0,0,1.0,1,1.0,1,1.0,1,0.13289899551044485,51
356,1,728,256,472,0,0,0,1.0,1,1.0,1,1.0,1,0.14641386137770854,51
357,3,731,257,474,0,0,0,1.0,1,1.0,1,1.0,1,0.15261354669456184,50
358,1,732,258,474,0,0,0,1.0,1,1.0,1,1.0,1,0.17832099685785066,48
359,3,735,259,476,0,0,0,1.0,1,1.0,1,1.0,1,0.18910278146630163,47
360,0,735,259,476,0,0,0,1.0,1,1.0,1,1.0,1,0.18272886415289477,45
361,4,739,260,479,0,0,0,1.0,1,1.0,1,1.0,1,0.1668329110035107,44
362,1,740,260,480,0,0,0,1.0,1,1.0,1,1.0,1,0.1698536406396902,44
363,2,742,262,480,0,0,0,1.0,1,1.0,1,1.0,1,0.2053293148927494,44
364,1,743,262,481,0,0,0,1.0,1,1.0,1,1.0,1,0.2043367588020266,43
365,3,746,263,483,0,0,0,1.0,1,1.0,1,1.0,1,0.18761274237900238,43
366,2,748,264,484,0,0,0,1.0,1,1.0,1,1.0,1,0.17617930333369547,45
367,2,750,265,485,0,0,0,1.0,1,1.0,1,1.0,1,0.20702456380734252,44
368,1,751,265,486,0,0,0,1.0,1,1.0,1,1.0,1,0.168855046279017,46
369,3,754,265,489,0,0,0,1.0,1,1.0,1,1.0,1,0.1194359644853696,45
370,1,755,266,489,0,0,0,1.0,1,1.0,1,1.0,1,0.1506832238747422,46
371,2,757,266,491,0,0,0,1.0,1,1.0,1,1.0,1,0.1363316304583987,47
372,2,759,266,493,0,0,0,1.0,1,1.0,1,1.0,1,0.10866378485182426,48
373,2,761,267,494,0,0,0,1.0,1,1.0,1,1.0,1,0.12274784311591595,48
374,2,763,267,496,0,0,0,1.0,1,1.0,1,1.0,1,0.11390689395293659,49
375,0,763,267,496,0,0,0,1.0,1,1.0,1,1.0,1,0.11390689395293659,49
376,2,765,269,496,0,0,0,1.0,1,1.0,1,1.0,1,0.11191480017900268,49
377,3,768,270,498,0,0,0,1.0,1,1.0,1,1.0,1,0.10685908939744201,49
378,1,769,271,498,0,0,0,1.0,1,1.0,1,1.0,1,0.12197552297682464,49
379,0,769,271,498,0,0,0,1.0,1,1.0,1,1.0,1,0.12891294866196398,50
380,2,771,273,498,0,0,0,1.0,1,1.0,1,1.0,1,0.11948339118781746,50
381,4,775,274,501,0,0,0,1.0,1,1.0,1,1.0,1,0.09428772051994183,51
382,0,775,274,501,0,0,0,1.0,1,1.0,1,1.0,1,0.11052219139160169,50
383,1,776,275,501,0,0,0,1.0,1,1.0,1,1.0,1,0.13226514762194283,51
384,2,778,277,501,0,0,0,1.0,1,1.0,1,1.0,1,0.1390306833549557,50
385,3,781,278,503,0,0,0,1.0,1,1.0,1,1.0,1,0.12431655087423875,50
386,1,782,279,503,0,0,0,1.0,1,1.0,1,1.0,1,0.11960775339220472,48
387,1,783,279,504,0,0,0,1.0,1,1.0,1,1.0,1,0.09527814351107985,47
388,2,785,280,505,0,0,0,1.0,1,1.0,1,1.0,1,0.09909648848657514,48
389,2,787,281,506,0,0,0,1.0,1,1.0,1,1.0,1,0.10786492445923015,47
390,5,792,283,509,0,0,0,1.0,1,1.0,1,1.0,1,0.1321631757922736,49
391,0,792,283,509,0,0,0,1.0,1,1.0,1,1.0,1,0.12560697724210507,46
392,2,794,284,510,0,0,0,1.0,1,1.0,1,1.0,1,0.13774401267034647,46
393,4,798,286,512,0,0,0,1.0,1,1.0,1,1.0,1,0.12697389971985398,44
394,0,798,286,512,0,0,0,1.0,1,1.0,1,1.0,1,0.13469464920682256,43
395,0,798,286,512,0,0,0,1.0,1,1.0,1,1.0,1,0.14331073364226737,42
396,2,800,288,512,0,0,0,1.0,1,1.0,1,1.0,1,0.21967032048205296,39
397,10,810,291,519,0,0,0,1.0,1,1.0,1,1.0,1,0.2053762356887522,39
398,2,812,291,521,0,0,0,1.0,1,1.0,1,1.0,1,0.18742155656285384,36
399,3,815,291,524,0,0,0,1.0,1,1.0,1,1.0,1,0.1637870564130043,36
400,2,817,293,524,0,0,0,1.0,1,1.0,1,1.0,1,0.15461692102797386,34
401,3,820,294,526,0,0,0,1.0,1,1.0,1,1.0,1,0.09437421941891526,33
402,1,821,294,527,0,0,0,1.0,1,1.0,1,1.0,1,0.0829817791312317,34
403,0,821,294,527,0,0,0,1.0,1,1.0,1,1.0,1,0.08472235217882429,36
404,2,823,295,528,0,0,0,1.0,1,1.0,1,1.0,1,0.10083719481132053,36
405,3,826,297,529,0,0,0,1.0,1,1.0,1,1.0,1,0.16958292208349707,37
406,0,826,297,529,0,0,0,1.0,1,1.0,1,1.0,1,0.16958292208349707,37
407,3,829,298,531,0,0,0,1.0,1,1.0,1,1.0,1,0.15956711655921965,39
408,4,833,300,533,0,0,0,1.0,1,1.0,1,1.0,1,0.19898183753928328,40
409,1,834,301,533,0,0,0,1.0,1,1.0,1,1.0,1,0.2530489388897134,41
410,2,836,302,534,0,0,0,1.0,1,1.0,1,1.0,1,0.24496946971857853,42
411,2,838,302,536,0,0,0,1.0,1,1.0,1,1.0,1,0.23561549281600738,43
412,5,843,304,539,0,0,0,1.0,1,1.0,1,1.0,1,0.23013949164203745,44
413,0,843,304,539,0,0,0,1.0,1,1.0,1,1.0,1,0.23013949164203745,44
414,2,845,304,541,0,0,0,1.0,1,1.0,1,1.0,1,0.19055667544520583,45
415,2,847,304,543,0,0,0,1.0,1,1.0,1,1.0,1,0.16231707150912866,45
416,2,849,304,545,0,0,0,1.0,1,1.0,1,1.0,1,0.14619873019871218,46
417,0,849,304,545,0,0,0,1.0,1,1.0,1,1.0,1,0.14619873019871218,46
418,0,849,304,545,0,0,0,1.0,1,1.0,1,1.0,1,0.1407768484101798,47
419,0,849,304,545,0,0,0,1.0,1,1.0,1,1.0,1,0.1407768484101798,47
420,0,849,304,545,0,0,0,1.0,1,1.0,1,1.0,1,0.1407768484101798,47
421,0,849,304,545,0,0,0,1.0,1,1.0,1,1.0,1,0.1407768484101798,47
422,2,851,305,546,0,0,0,1.0,1,1.0,1,1.0,1,0.15771157048966908,49
423,1,852,305,547,0,0,0,1.0,1,1.0,1,1.0,1,0.13665222512607664,47
424,0,852,305,547,0,0,0,1.0,1,1.0,1,1.0,1,0.13754748595962282,45
425,0,852,305,547,0,0,0,1.0,1,1.0,1,1.0,1,0.15613322394793297,46
426,4,856,308,548,0,0,0,1.0,1,1.0,1,1.0,1,0.19643871248023623,46
427,3,859,311,548,0,0,0,1.0,1,1.0,1,1.0,1,0.23476717231854694,45
428,3,862,311,551,0,0,0,1.0,1,1.0,1,1.0,1,0.22103279533005507,45
429,9,871,315,556,0,0,0,1.0,1,1.0,1,1.0,1,0.16001557051838816,42
430,4,875,316,559,0,0,0,1.0,1,1.0,1,1.0,1,0.19308904873867264,40
431,4,879,316,563,0,0,0,1.0,1,1.0,1,1.0,1,0.14873977612630349,39
432,2,881,317,564,0,0,0,1.0,1,1.0,1,1.0,1,0.20553884187964788,37
433,7,888,319,569,0,0,0,1.0,1,1.0,1,1.0,1,0.12269945909227989,35
434,2,890,319,571,0,0,0,1.0,1,1.0,1,1.0,1,0.06306541647864321,33
435,0,890,319,571,0,0,0,1.0,1,1.0,1,1.0,1,0.06306541647864321,33
436,0,890,319,571,0,0,0,1.0,1,1.0,1,1.0,1,0.06306541647864321,33
437,0,890,319,571,0,0,0,1.0,1,1.0,1,1.0,1,0.0952389594168463,33
438,0,890,319,571,0,0,0,1.0,1,1.0,1,1.0,1,0.08149691163038567,32
439,1,891,319,572,0,0,0,1.0,1,1.0,1,1.0,1,0.09976331730106586,34
440,3,894,320,574,0,0,0,1.0,1,1.0,1,1.0,1,0.089079466361874,34
441,1,895,321,574,0,0,0,1.0,1,1.0,1,1.0,1,0.12575280861514096,35
442,5,900,323,577,0,0,0,1.0,1,1.0,1,1.0,1,0.16920179275721203,37
443,6,906,327,579,0,0,0,1.0,1,1.0,1,1.0,1,0.1992526409694324,37
444,1,907,328,579,0,0,0,1.0,1,1.0,1,1.0,1,0.16715855089128662,38
445,2,909,328,581,0,0,0,1.0,1,1.0,1,1.0,1,0.10266351204794746,39
446,0,909,328,581,0,0,0,1.0,1,1.0,1,1.0,1,0.10266351204794746,39
447,2,911,329,582,0,0,0,1.0,1,1.0,1,1.0,1,0.15042630267196488,41
448,0,911,329,582,0,0,0,1.0,1,1.0,1,1.0,1,0.15042630267196488,41
449,2,913,330,583,0,0,0,1.0,1,1.0,1,1.0,1,0.16528188428320767,40
450,1,914,330,584,0,0,0,1.0,1,1.0,1,1.0,1,0.18578745776780065,40
451,1,915,330,585,0,0,0,1.0,1,1.0,1,1.0,1,0.1924766961804177,41
452,2,917,330,587,0,0,0,1.0,1,1.0,1,1.0,1,0.1612105260107416,41
453,2,919,330,589,0,0,0,1.0,1,1.0,1,1.0,1,0.11127445662736003,40
454,2,921,330,591,0,0,0,1.0,1,1.0,1,1.0,1,0.0971975949597111,41
455,3,924,332,592,0,0,0,1.0,1,1.0,1,1.0,1,0.09822341457807279,41
456,1,925,332,593,0,0,0,1.0,1,1.0,1,1.0,1,0.1132711773958438,43
457,1,926,333,593,0,0,0,1.0,1,1.0,1,1.0,1,0.14711210618022905,43
458,1,927,333,594,0,0,0,1.0,1,1.0,1,1.0,1,0.0997708339698902,43
459,0,927,333,594,0,0,0,1.0,1,1.0,1,1.0,1,0.08965201772028192,44
460,3,930,333,597,0,0,0,1.0,1,1.0,1,1.0,1,0.07664161078133375,47
461,2,932,335,597,0,0,0,1.0,1,1.0,1,1.0,1,0.10106691229474946,48
462,3,935,337,598,0,0,0,1.0,1,1.0,1,1.0,1,0.17487149731671411,49
463,1,936,337,599,0,0,0,1.0,1,1.0,1,1.0,1,0.11318601523314648,47
464,2,938,339,599,0,0,0,1.0,1,1.0,1,1.0,1,0.12082374684981181,48
465,2,940,340,600,0,0,0,1.0,1,1.0,1,1.0,1,0.07591463100277425,47
466,2,942,342,600,0,0,0,1.0,1,1.0,1,1.0,1,0.12291596862071477,46
467,3,945,344,601,0,0,0,1.0,1,1.0,1,1.0,1,0.1539214849368416,44
468,4,949,347,602,0,0,0,1.0,1,1.0,1,1.0,1,0.1400756478568733,41
469,3,952,348,604,0,0,0,1.0,1,1.0,1,1.0,1,0.10860509194395312,40
470,3,955,350,605,0,0,0,1.0,1,1.0,1,1.0,1,0.10382217014439897,39
471,2,957,352,605,0,0,0,1.0,1,1.0,1,1.0,1,0.1283918503648268,38
472,5,962,356,606,0,0,0,1.0,1,1.0,1,1.0,1,0.22618110959225998,36
473,6,968,358,610,0,0,0,1.0,1,1.0,1,1.0,1,0.15168870967842096,36
474,4,972,360,612,0,0,0,1.0,1,1.0,1,1.0,1,0.17979736358996357,34
475,4,976,361,615,0,0,0,1.0,1,1.0,1,1.0,1,0.18428809864218862,34
476,0,976,361,615,0,0,0,1.0,1,1.0,1,1.0,1,0.16479944203013575,32
477,2,978,362,616,0,0,0,1.0,1,1.0,1,1.0,1,0.20216662725764864,32
478,0,978,362,616,0,0,0,1.0,1,1.0,1,1.0,1,0.20869931472166442,30
479,0,978,362,616,0,0,0,1.0,1,1.0,1,1.0,1,0.21748643444857813,31
480,1,979,362,617,0,0,0,1.0,1,1.0,1,1.0,1,0.2891181325211975,27
481,4,983,362,621,0,0,0,1.0,1,1.0,1,1.0,1,0.20344949725819464,28
482,2,985,363,622,0,0,0,1.0,1,1.0,1,1.0,1,0.26828141100685865,28
483,0,985,363,622,0,0,0,1.0,1,1.0,1,1.0,1,0.23051426822486118,29
484,2,987,364,623,0,0,0,1.0,1,1.0,1,1.0,1,0.2520055800441284,29
485,6,993,364,629,0,0,0,1.0,1,1.0,1,1.0,1,0.09257402001356276,29
486,3,996,364,632,0,0,0,1.0,1,1.0,1,1.0,1,0.1276652945709701,31
487,2,998,364,634,0,0,0,1.0,1,1.0,1,1.0,1,0.16106625725596382,33
488,2,1000,364,636,0,0,0,1.0,1,1.0,1,1.0,1,0.10427501060337521,34
489,2,1002,365,637,0,0,0,1.0,1,1.0,1,1.0,1,0.1454489301985328,34
490,0,1002,365,637,0,0,0,1.0,1,1.0,1,1.0,1,0.1454489301985328,34
491,1,1003,366,637,0,0,0,1.0,1,1.0,1,1.0,1,0.18781239919928833,34
492,3,1006,366,640,0,0,0,1.0,1,1.0,1,1.0,1,0.17796126546863514,34
493,2,1008,367,641,0,0,0,1.0,1,1.0,1,1.0,1,0.17243589378619525,34
494,4,1012,367,645,0,0,0,1.0,1,1.0,1,1.0,1,0.128529255483983,36
495,2,1014,367,647,0,0,0,1.0,1,1.0,1,1.0,1,0.12862271364750205,36
496,2,1016,367,649,0,0,0,1.0,1,1.0,1,1.0,1,0.15156366931337428,37
497,4,1020,369,651,0,0,0,1.0,1,1.0,1,1.0,1,0.14187577986757433,39
498,2,1022,369,653,0,0,0,1.0,1,1.0,1,1.0,1,0.13049242943781403,40
499,2,1024,370,654,0,0,0,1.0,1,1.0,1,1.0,1,0.12496572613127736,40
500,2,1026,370,656,0,0,0,1.0,1,1.0,1,1.0,1,0.10389876226529678,42
501,1,1027,370,657,0,0,0,1.0,1,1.0,1,1.0,1,0.0902891861247795,42
502,1,1028,371,657,0,0,0,1.0,1,1.0,1,1.0,1,0.12506244308128694,42
503,3,1031,373,658,0,0,0,1.0,1,1.0,1,1.0,1,0.12036973268842267,41
504,2,1033,375,658,0,0,0,1.0,1,1.0,1,1.0,1,0.2063169489072716,42
505,2,1035,375,660,0,0,0,1.0,1,1.0,1,1.0,1,0.14354236529224745,38
506,8,1043,377,666,0,0,0,1.0,1,1.0,1,1.0,1,0.15462758853117448,37
507,4,1047,378,669,0,0,0,1.0,1,1.0,1,1.0,1,0.1604682618421983,35
508,2,1049,380,669,0,0,0,1.0,1,1.0,1,1.0,1,0.19549196565788954,35
509,2,1051,380,671,0,0,0,1.0,1,1.0,1,1.0,1,0.16710072117133104,34
510,3,1054,381,673,0,0,0,1.0,1,1.0,1,1.0,1,0.20456064537686405,34
511,0,1054,381,673,0,0,0,1.0,1,1.0,1,1.0,1,0.19408335800032803,32
512,0,1054,381,673,0,0,0,1.0,1,1.0,1,1.0,1,0.24767481472518055,30
513,2,1056,381,675,0,0,0,1.0,1,1.0,1,1.0,1,0.18707891751180075,31
514,0,1056,381,675,0,0,0,1.0,1,1.0,1,1.0,1,0.18707891751180075,31
515,5,1061,383,678,0,0,0,1.0,1,1.0,1,1.0,1,0.17313534106591916,32
516,0,1061,383,678,0,0,0,1.0,1,1.0,1,1.0,1,0.1534210701478259,31
517,2,1063,385,678,0,0,0,1.0,1,1.0,1,1.0,1,0.18224932931637855,32
518,0,1063,385,678,0,0,0,1.0,1,1.0,1,1.0,1,0.16875079275834404,31
519,1,1064,386,678,0,0,0,1.0,1,1.0,1,1.0,1,0.2161292670707302,31
520,3,1067,388,679,0,0,0,1.0,1,1.0,1,1.0,1,0.17399576623385174,33
521,4,1071,389,682,0,0,0,1.0,1,1.0,1,1.0,1,0.09570614602362072,34
522,2,1073,391,682,0,0,0,1.0,1,1.0,1,1.0,1,0.1405893740588738,34
523,1,1074,391,683,0,0,0,1.0,1,1.0,1,1.0,1,0.1315164633292391,33
524,1,1075,392,683,0,0,0,1.0,1,1.0,1,1.0,1,0.15309500772030735,34
525,3,1078,392,686,0,0,0,1.0,1,1.0,1,1.0,1,0.12992640609189776,32
526,1,1079,392,687,0,0,0,1.0,1,1.0,1,1.0,1,0.08387230051013639,32
527,0,1079,392,687,0,0,0,1.0,1,1.0,1,1.0,1,0.11890960895484898,31
528,2,1081,394,687,0,0,0,1.0,1,1.0,1,1.0,1,0.16138192361440962,31
529,0,1081,394,687,0,0,0,1.0,1,1.0,1,1.0,1,0.1734616435245784,30
530,2,1083,395,688,0,0,0,1.0,1,1.0,1,1.0,1,0.1534573915739306,30
531,2,1085,395,690,0,0,0,1.0,1,1.0,1,1.0,1,0.19042686606014367,32
532,4,1089,398,691,0,0,0,1.0,1,1.0,1,1.0,1,0.23822248673936944,32
533,2,1091,398,693,0,0,0,1.0,1,1.0,1,1.0,1,0.22857454823011178,34
534,1,1092,398,694,0,0,0,1.0,1,1.0,1,1.0,1,0.20646924917408033,34
535,2,1094,399,695,0,0,0,1.0,1,1.0,1,1.0,1,0.23092000380843383,37
536,0,1094,399,695,0,0,0,1.0,1,1.0,1,1.0,1,0.23092000380843383,37
537,3,1097,401,696,0,0,0,1.0,1,1.0,1,1.0,1,0.2748369267680337,37
538,0,1097,401,696,0,0,0,1.0,1,1.0,1,1.0,1,0.2644776628479117,38
539,0,1097,401,696,0,0,0,1.0,1,1.0,1,1.0,1,0.2644776628479117,38
540,0,1097,401,696,0,0,0,1.0,1,1.0,1,1.0,1,0.2644776628479117,38
541,3,1100,402,698,0,0,0,1.0,1,1.0,1,1.0,1,0.21277613696763908,39
542,1,1101,403,698,0,0,0,1.0,1,1.0,1,1.0,1,0.2145177984777372,40
543,2,1103,404,699,0,0,0,1.0,1,1.0,1,1.0,1,0.24264453986758255,37
544,2,1105,406,699,0,0,0,1.0,1,1.0,1,1.0,1,0.31170413942596453,35
545,6,1111,407,704,0,0,0,1.0,1,1.0,1,1.0,1,0.18235960276423863,35
546,2,1113,408,705,0,0,0,1.0,1,1.0,1,1.0,1,0.14992136026351066,35
547,3,1116,410,706,0,0,0,1.0,1,1.0,1,1.0,1,0.15430416377788486,34
548,4,1120,412,708,0,0,0,1.0,1,1.0,1,1.0,1,0.18986935639372313,34
549,5,1125,415,710,0,0,0,1.0,1,1.0,1,1.0,1,0.1935040207849764,31
550,0,1125,415,710,0,0,0,1.0,1,1.0,1,1.0,1,0.17404678408050528,30
551,2,1127,416,711,0,0,0,1.0,1,1.0,1,1.0,1,0.24349759653506783,31
552,1,1128,416,712,0,0,0,1.0,1,1.0,1,1.0,1,0.13664535236386954,29
553,2,1130,417,713,0,0,0,1.0,1,1.0,1,1.0,1,0.19471869858658697,30
554,0,1130,417,713,0,0,0,1.0,1,1.0,1,1.0,1,0.16030232902948402,30
555,1,1131,417,714,0,0,0,1.0,1,1.0,1,1.0,1,0.21241535549512716,30
556,0,1131,417,714,0,0,0,1.0,1,1.0,1,1.0,1,0.2138172944151261,31
557,2,1133,417,716,0,0,0,1.0,1,1.0,1,1.0,1,0.16361200178894011,31
558,2,1135,417,718,0,0,0,1.0,1,1.0,1,1.0,1,0.13397238774297193,31
559,0,1135,417,718,0,0,0,1.0,1,1.0,1,1.0,1,0.13397238774297193,31
560,1,1136,417,719,0,0,0,1.0,1,1.0,1,1.0,1,0.11868037117592982,32
561,1,1137,418,719,0,0,0,1.0,1,1.0,1,1.0,1,0.15987523947950497,33
562,0,1137,418,719,0,0,0,1.0,1,1.0,1,1.0,1,0.15987523947950497,33
563,2,1139,420,719,0,0,0,1.0,1,1.0,1,1.0,1,0.20002988927599163,33
564,2,1141,421,720,0,0,0,1.0,1,1.0,1,1.0,1,0.21573276371747244,34
565,5,1146,421,725,0,0,0,1.0,1,1.0,1,1.0,1,0.10071502284636315,35
566,1,1147,421,726,0,0,0,1.0,1,1.0,1,1.0,1,0.14098364555629062,36
567,3,1150,422,728,0,0,0,1.0,1,1.0,1,1.0,1,0.1611549275174681,37
568,2,1152,422,730,0,0,0,1.0,1,1.0,1,1.0,1,0.17711464873508334,36
569,3,1155,423,732,0,0,0,1.0,1,1.0,1,1.0,1,0.19365939772941873,37
570,0,1155,423,732,0,0,0,1.0,1,1.0,1,1.0,1,0.17296890579507707,38
571,0,1155,423,732,0,0,0,1.0,1,1.0,1,1.0,1,0.17296890579507707,38
572,0,1155,423,732,0,0,0,1.0,1,1.0,1,1.0,1,0.18645985214719435,39
573,0,1155,423,732,0,0,0,1.0,1,1.0,1,1.0,1,0.18645985214719435,39
574,0,1155,423,732,0,0,0,1.0,1,1.0,1,1.0,1,0.18631530501113064,41
575,1,1156,423,733,0,0,0,1.0,1,1.0,1,1.0,1,0.17833634888513047,41
576,1,1157,423,734,0,0,0,1.0,1,1.0,1,1.0,1,0.16181922440667612,42
577,0,1157,423,734,0,0,0,1.0,1,1.0,1,1.0,1,0.16181922440667612,42
578,2,1159,424,735,0,0,0,1.0,1,1.0,1,1.0,1,0.1782066331145994,41
579,0,1159,424,735,0,0,0,1.0,1,1.0,1,1.0,1,0.18372267982411028,42
580,6,1165,427,738,0,0,0,1.0,1,1.0,1,1.0,1,0.1911516677861749,43
581,9,1174,431,743,0,0,0,1.0,1,1.0,1,1.0,1,0.1596871154822645,42
582,0,1174,431,743,0,0,0,1.0,1,1.0,1,1.0,1,0.17662496361048263,41
583,3,1177,432,745,0,0,0,1.0,1,1.0,1,1.0,1,0.109069168941471,40
584,4,1181,434,747,0,0,0,1.0,1,1.0,1,1.0,1,0.10644877148222229,38
585,3,1184,436,748,0,0,0,1.0,1,1.0,1,1.0,1,0.09388981023855326,38
586,1,1185,437,748,0,0,0,1.0,1,1.0,1,1.0,1,0.0906848788059587,37
587,3,1188,440,748,0,0,0,1.0,1,1.0,1,1.0,1,0.1430199150935372,35
588,1,1189,441,748,0,0,0,1.0,1,1.0,1,1.0,1,0.16335538928439594,35
589,4,1193,441,752,0,0,0,1.0,1,1.0,1,1.0,1,0.08293723352664692,34
590,0,1193,441,752,0,0,0,1.0,1,1.0,1,1.0,1,0.0945549491392935,36
591,1,1194,441,753,0,0,0,1.0,1,1.0,1,1.0,1,0.11712889630054864,35
592,3,1197,442,755,0,0,0,1.0,1,1.0,1,1.0,1,0.11003226237581906,37
593,0,1197,442,755,0,0,0,1.0,1,1.0,1,1.0,1,0.14223533833724925,36
594,3,1200,444,756,0,0,0,1.0,1,1.0,1,1.0,1,0.1775372120191034,35
595,1,1201,445,756,0,0,0,1.0,1,1.0,1,1.0,1,0.19376414529903857,34
596,0,1201,445,756,0,0,0,1.0,1,1.0,1,1.0,1,0.20279579492095182,34
597,4,1205,446,759,0,0,0,1.0,1,1.0,1,1.0,1,0.18965842536545074,33
598,1,1206,446,760,0,0,0,1.0,1,1.0,1,1.0,1,0.20076748190474392,33
599,2,1208,447,761,0,0,0,1.0,1,1.0,1,1.0,1,0.14315048210962358,33
600,1,1209,448,761,0,0,0,1.0,1,1.0,1,1.0,1,0.19161789422933212,33
601,3,1212,448,764,0,0,0,1.0,1,1.0,1,1.0,1,0.1462210262198695,34
602,0,1212,448,764,0,0,0,1.0,1,1.0,1,1.0,1,0.1682935292418848,35
603,1,1213,448,765,0,0,0,1.0,1,1.0,1,1.0,1,0.1704820556087874,35
604,0,1213,448,765,0,0,0,1.0,1,1.0,1,1.0,1,0.18571333275593074,35
605,1,1214,448,766,0,0,0,1.0,1,1.0,1,1.0,1,0.16565005874476751,35
606,1,1215,448,767,0,0,0,1.0,1,1.0,1,1.0,1,0.17518756853330875,35
607,1,1216,449,767,0,0,0,1.0,1,1.0,1,1.0,1,0.20430259181178995,35
608,1,1217,449,768,0,0,0,1.0,1,1.0,1,1.0,1,0.21611781950414122,36
609,3,1220,449,771,0,0,0,1.0,1,1.0,1,1.0,1,0.18299735723160737,37
610,2,1222,449,773,0,0,0,1.0,1,1.0,1,1.0,1,0.11580296404601094,37
611,5,1227,450,777,0,0,0,1.0,1,1.0,1,1.0,1,0.09955634423066007,39
612,2,1229,450,779,0,0,0,1.0,1,1.0,1,1.0,1,0.09389217121530667,39
613,2,1231,451,780,0,0,0,1.0,1,1.0,1,1.0,1,0.09922990077423746,39
614,1,1232,452,780,0,0,0,1.0,1,1.0,1,1.0,1,0.14943439362382477,39
615,2,1234,453,781,0,0,0,1.0,1,1.0,1,1.0,1,0.13211656914569267,39
616,2,1236,454,782,0,0,0,1.0,1,1.0,1,1.0,1,0.19134067801458665,38
617,6,1242,455,787,0,0,0,1.0,1,1.0,1,1.0,1,0.0895004896364844,39
618,1,1243,455,788,0,0,0,1.0,1,1.0,1,1.0,1,0.09819101362433282,40
619,1,1244,456,788,0,0,0,1.0,1,1.0,1,1.0,1,0.0833130518975493,39
620,0,1244,456,788,0,0,0,1.0,1,1.0,1,1.0,1,0.09952436187558646,38
621,5,1249,460,789,0,0,0,1.0,1,1.0,1,1.0,1,0.10913803309680545,38
622,1,1250,460,790,0,0,0,1.0,1,1.0,1,1.0,1,0.10220361199582982,38
623,2,1252,462,790,0,0,0,1.0,1,1.0,1,1.0,1,0.12693953440510827,37
624,3,1255,464,791,0,0,0,1.0,1,1.0,1,1.0,1,0.16039760182848709,33
625,6,1261,466,795,0,0,0,1.0,1,1.0,1,1.0,1,0.14241622722727626,32
626,3,1264,467,797,0,0,0,1.0,1,1.0,1,1.0,1,0.1747523084594551,31
627,6,1270,468,802,0,0,0,1.0,1,1.0,1,1.0,1,0.15341141069081046,30
628,5,1275,470,805,0,0,0,1.0,1,1.0,1,1.0,1,0.19046782840644885,32
629,1,1276,470,806,0,0,0,1.0,1,1.0,1,1.0,1,0.16096518204632992,29
630,2,1278,471,807,0,0,0,1.0,1,1.0,1,1.0,1,0.12464498811846256,29
631,1,1279,472,807,0,0,0,1.0,1,1.0,1,1.0,1,0.20077606147199215,25
632,0,1279,472,807,0,0,0,1.0,1,1.0,1,1.0,1,0.22696332602317384,24
633,1,1280,473,807,0,0,0,1.0,1,1.0,1,1.0,1,0.23129386902550922,23
634,0,1280,473,807,0,0,0,1.0,1,1.0,1,1.0,1,0.23129386902550922,23
635,4,1284,475,809,0,0,0,1.0,1,1.0,1,1.0,1,0.13824460784679019,22
636,0,1284,475,809,0,0,0,1.0,1,1.0,1,1.0,1,0.1961476029806413,22
637,1,1285,476,809,0,0,0,1.0,1,1.0,1,1.0,1,0.1819973579008997,23
638,1,1286,477,809,0,0,0,1.0,1,1.0,1,1.0,1,0.24074892787006136,23
639,2,1288,477,811,0,0,0,1.0,1,1.0,1,1.0,1,0.2628395820655559,24
640,2,1290,478,812,0,0,0,1.0,1,1.0,1,1.0,1,0.2882405859175916,24
641,2,1292,478,814,0,0,0,1.0,1,1.0,1,1.0,1,0.24478409449164384,25
642,0,1292,478,814,0,0,0,1.0,1,1.0,1,1.0,1,0.19656904021178195,26
643,5,1297,478,819,0,0,0,1.0,1,1.0,1,1.0,1,0.20064920009062093,28
644,2,1299,478,821,0,0,0,1.0,1,1.0,1,1.0,1,0.20064920009062093,28
645,3,1302,479,823,0,0,0,1.0,1,1.0,1,1.0,1,0.16630924564363497,28
646,1,1303,479,824,0,0,0,1.0,1,1.0,1,1.0,1,0.17116698048734505,29
647,5,1308,481,827,0,0,0,1.0,1,1.0,1,1.0,1,0.24819612823165382,30
648,1,1309,481,828,0,0,0,1.0,1,1.0,1,1.0,1,0.24138834615149665,30
649,4,1313,481,832,0,0,0,1.0,1,1.0,1,1.0,1,0.09298930047585466,31
650,1,1314,481,833,0,0,0,1.0,1,1.0,1,1.0,1,0.07826767716822454,31
651,0,1314,481,833,0,0,0,1.0,1,1.0,1,1.0,1,0.08903010045695862,32
652,0,1314,481,833,0,0,0,1.0,1,1.0,1,1.0,1,0.08903010045695862,32
653,0,1314,481,833,0,0,0,1.0,1,1.0,1,1.0,1,0.08619221384134362,33
654,0,1314,481,833,0,0,0,1.0,1,1.0,1,1.0,1,0.08619221384134362,33
655,6,1320,485,835,0,0,0,1.0,1,1.0,1,1.0,1,0.15695041668973683,36
656,5,1325,488,837,0,0,0,1.0,1,1.0,1,1.0,1,0.21565788605513697,36
657,6,1331,489,842,0,0,0,1.0,1,1.0,1,1.0,1,0.16742384026913348,35
658,1,1332,490,842,0,0,0,1.0,1,1.0,1,1.0,1,0.20850471944526833,33
659,0,1332,490,842,0,0,0,1.0,1,1.0,1,1.0,1,0.1879278634732799,35
660,0,1332,490,842,0,0,0,1.0,1,1.0,1,1.0,1,0.23247187676467354,34
661,0,1332,490,842,0,0,0,1.0,1,1.0,1,1.0,1,0.26166505628229897,33
662,4,1336,491,845,0,0,0,1.0,1,1.0,1,1.0,1,0.2619567488827192,31
663,3,1339,493,846,0,0,0,1.0,1,1.0,1,1.0,1,0.2624496012996453,29
664,2,1341,494,847,0,0,0,1.0,1,1.0,1,1.0,1,0.23143564833691485,27
665,0,1341,494,847,0,0,0,1.0,1,1.0,1,1.0,1,0.22418829154760797,27
666,6,1347,496,851,0,0,0,1.0,1,1.0,1,1.0,1,0.15024438385134772,28
667,1,1348,497,851,0,0,0,1.0,1,1.0,1,1.0,1,0.15877245499242937,26
668,3,1351,499,852,0,0,0,1.0,1,1.0,1,1.0,1,0.24591950764419113,26
669,5,1356,501,855,0,0,0,1.0,1,1.0,1,1.0,1,0.101568869959193,25
670,0,1356,501,855,0,0,0,1.0,1,1.0,1,1.0,1,0.1132491925131218,24
671,0,1356,501,855,0,0,0,1.0,1,1.0,1,1.0,1,0.1132491925131218,24
672,2,1358,502,856,0,0,0,1.0,1,1.0,1,1.0,1,0.16727896392117086,25
673,1,1359,503,856,0,0,0,1.0,1,1.0,1,1.0,1,0.16762482040871726,25
674,0,1359,503,856,0,0,0,1.0,1,1.0,1,1.0,1,0.16762482040871726,25
675,5,1364,505,859,0,0,0,1.0,1,1.0,1,1.0,1,0.1999791438813418,26
676,4,1368,508,860,0,0,0,1.0,1,1.0,1,1.0,1,0.20152698815853282,27
677,2,1370,509,861,0,0,0,1.0,1,1.0,1,1.0,1,0.20314896969948543,28
678,1,1371,510,861,0,0,0,1.0,1,1.0,1,1.0,1,0.21136340771654485,28
679,3,1374,511,863,0,0,0,1.0,1,1.0,1,1.0,1,0.20132339404204527,30
680,0,1374,511,863,0,0,0,1.0,1,1.0,1,1.0,1,0.24050613152184316,29
681,2,1376,511,865,0,0,0,1.0,1,1.0,1,1.0,1,0.18775206585314871,29
682,2,1378,511,867,0,0,0,1.0,1,1.0,1,1.0,1,0.17624679708156027,30
683,1,1379,512,867,0,0,0,1.0,1,1.0,1,1.0,1,0.20228778899442584,30
684,2,1381,512,869,0,0,0,1.0,1,1.0,1,1.0,1,0.17959647425941555,31
685,1,1382,512,870,0,0,0,1.0,1,1.0,1,1.0,1,0.1630547113483612,30
686,1,1383,513,870,0,0,0,1.0,1,1.0,1,1.0,1,0.19319158562414762,30
687,1,1384,513,871,0,0,0,1.0,1,1.0,1,1.0,1,0.17053053563174114,30
688,0,1384,513,871,0,0,0,1.0,1,1.0,1,1.0,1,0.1868668771836099,31
689,0,1384,513,871,0,0,0,1.0,1,1.0,1,1.0,1,0.1645945382175088,32
690,0,1384,513,871,0,0,0,1.0,1,1.0,1,1.0,1,0.1645945382175088,32
691,3,1387,515,872,0,0,0,1.0,1,1.0,1,1.0,1,0.17962522643367876,32
692,0,1387,515,872,0,0,0,1.0,1,1.0,1,1.0,1,0.17962522643367876,32
693,2,1389,516,873,0,0,0,1.0,1,1.0,1,1.0,1,0.13148080231042678,34
694,4,1393,518,875,0,0,0,1.0,1,1.0,1,1.0,1,0.15552096115130326,36
695,3,1396,519,877,0,0,0,1.0,1,1.0,1,1.0,1,0.15671657561896288,34
696,4,1400,521,879,0,0,0,1.0,1,1.0,1,1.0,1,0.19474434590007825,33
697,0,1400,521,879,0,0,0,1.0,1,1.0,1,1.0,1,0.19660089568403688,33
698,1,1401,521,880,0,0,0,1.0,1,1.0,1,1.0,1,0.16681434454264116,34
699,4,1405,522,883,0,0,0,1.0,1,1.0,1,1.0,1,0.10759385999038543,33
700,1,1406,523,883,0,0,0,1.0,1,1.0,1,1.0,1,0.12606756495738147,32
701,1,1407,523,884,0,0,0,1.0,1,1.0,1,1.0,1,0.11706417273425265,33
702,2,1409,525,884,0,0,0,1.0,1,1.0,1,1.0,1,0.21402793645727933,34
703,4,1413,526,887,0,0,0,1.0,1,1.0,1,1.0,1,0.16520372611460332,32
704,1,1414,526,888,0,0,0,1.0,1,1.0,1,1.0,1,0.12129638237736677,31
705,2,1416,528,888,0,0,0,1.0,1,1.0,1,1.0,1,0.14742399282942267,33
706,3,1419,531,888,0,0,0,1.0,1,1.0,1,1.0,1,0.25944203855450704,33
707,1,1420,532,888,0,0,0,1.0,1,1.0,1,1.0,1,0.22130072454479474,31
708,2,1422,534,888,0,0,0,1.0,1,1.0,1,1.0,1,0.3187800806718658,31
709,4,1426,535,891,0,0,0,1.0,1,1.0,1,1.0,1,0.23511568367341704,30
710,0,1426,535,891,0,0,0,1.0,1,1.0,1,1.0,1,0.23511568367341704,30
711,1,1427,535,892,0,0,0,1.0,1,1.0,1,1.0,1,0.2120587186192481,30
712,0,1427,535,892,0,0,0,1.0,1,1.0,1,1.0,1,0.2305741499976316,30
713,1,1428,535,893,0,0,0,1.0,1,1.0,1,1.0,1,0.21008540357287828,31
714,1,1429,535,894,0,0,0,1.0,1,1.0,1,1.0,1,0.20934849123611124,31
715,0,1429,535,894,0,0,0,1.0,1,1.0,1,1.0,1,0.20640155572143895,30
716,1,1430,536,894,0,0,0,1.0,1,1.0,1,1.0,1,0.27794134866990106,31
717,2,1432,536,896,0,0,0,1.0,1,1.0,1,1.0,1,0.26442647924376117,32
718,2,1434,536,898,0,0,0,1.0,1,1.0,1,1.0,1,0.21805395094609073,32
719,0,1434,536,898,0,0,0,1.0,1,1.0,1,1.0,1,0.21805395094609073,32
720,0,1434,536,898,0,0,0,1.0,1,1.0,1,1.0,1,0.22111607327896812,34
721,1,1435,536,899,0,0,0,1.0,1,1.0,1,1.0,1,0.19818542251861318,34
722,1,1436,537,899,0,0,0,1.0,1,1.0,1,1.0,1,0.2429864363696131,34
723,1,1437,537,900,0,0,0,1.0,1,1.0,1,1.0,1,0.23252930200795505,35
724,2,1439,539,900,0,0,0,1.0,1,1.0,1,1.0,1,0.3073081214153839,36
725,5,1444,539,905,0,0,0,1.0,1,1.0,1,1.0,1,0.20973155806065874,37
726,1,1445,539,906,0,0,0,1.0,1,1.0,1,1.0,1,0.20305730179191922,37
727,2,1447,539,908,0,0,0,1.0,1,1.0,1,1.0,1,0.21070194937727257,38
728,0,1447,539,908,0,0,0,1.0,1,1.0,1,1.0,1,0.20232137151098278,39
729,0,1447,539,908,0,0,0,1.0,1,1.0,1,1.0,1,0.20232137151098278,39
730,1,1448,539,909,0,0,0,1.0,1,1.0,1,1.0,1,0.18002133652168306,40
731,1,1449,539,910,0,0,0,1.0,1,1.0,1,1.0,1,0.16445815137657563,40
732,0,1449,539,910,0,0,0,1.0,1,1.0,1,1.0,1,0.18691720563755945,41
733,1,1450,539,911,0,0,0,1.0,1,1.0,1,1.0,1,0.12426259738909153,41
734,1,1451,540,911,0,0,0,1.0,1,1.0,1,1.0,1,0.13427383742205448,42
735,1,1452,541,911,0,0,0,1.0,1,1.0,1,1.0,1,0.125006904073965,42
736,1,1453,541,912,0,0,0,1.0,1,1.0,1,1.0,1,0.1871061971119201,41
737,2,1455,541,914,0,0,0,1.0,1,1.0,1,1.0,1,0.1723369945350262,41
738,2,1457,541,916,0,0,0,1.0,1,1.0,1,1.0,1,0.1436741180487728,39
739,1,1458,541,917,0,0,0,1.0,1,1.0,1,1.0,1,0.12409821571126137,39
740,1,1459,542,917,0,0,0,1.0,1,1.0,1,1.0,1,0.16541913190232677,39
741,2,1461,542,919,0,0,0,1.0,1,1.0,1,1.0,1,0.14995723790951504,38
742,1,1462,543,919,0,0,0,1.0,1,1.0,1,1.0,1,0.17997783250770757,39
743,3,1465,545,920,0,0,0,1.0,1,1.0,1,1.0,1,0.14520267795865965,39
744,5,1470,547,923,0,0,0,1.0,1,1.0,1,1.0,1,0.16479790241656475,39
745,5,1475,550,925,0,0,0,1.0,1,1.0,1,1.0,1,0.16027909212699668,39
746,3,1478,551,927,0,0,0,1.0,1,1.0,1,1.0,1,0.09194224783926191,40
747,2,1480,552,928,0,0,0,1.0,1,1.0,1,1.0,1,0.07085552739994445,41
748,2,1482,553,929,0,0,0,1.0,1,1.0,1,1.0,1,0.10146302639186823,41
749,4,1486,556,930,0,0,0,1.0,1,1.0,1,1.0,1,0.14864228900626095,41
750,4,1490,558,932,0,0,0,1.0,1,1.0,1,1.0,1,0.1544398201239741,39
751,2,1492,559,933,0,0,0,1.0,1,1.0,1,1.0,1,0.11356925609932933,41
752,2,1494,560,934,0,0,0,1.0,1,1.0,1,1.0,1,0.16122230078125718,41
753,2,1496,560,936,0,0,0,1.0,1,1.0,1,1.0,1,0.15844662990013003,41
754,3,1499,562,937,0,0,0,1.0,1,1.0,1,1.0,1,0.19882623188639342,41
755,0,1499,562,937,0,0,0,1.0,1,1.0,1,1.0,1,0.24537541545880348,41
756,1,1500,563,937,0,0,0,1.0,1,1.0,1,1.0,1,0.23039680677806668,41
757,6,1506,564,942,0,0,0,1.0,1,1.0,1,1.0,1,0.16672285582840954,39
758,0,1506,564,942,0,0,0,1.0,1,1.0,1,1.0,1,0.1739774796275074,39
759,0,1506,564,942,0,0,0,1.0,1,1.0,1,1.0,1,0.16918759651287768,39
760,1,1507,564,943,0,0,0,1.0,1,1.0,1,1.0,1,0.18492627758883995,40
761,3,1510,564,946,0,0,0,1.0,1,1.0,1,1.0,1,0.13749318022279094,41
762,1,1511,564,947,0,0,0,1.0,1,1.0,1,1.0,1,0.11959819435439292,42
763,1,1512,564,948,0,0,0,1.0,1,1.0,1,1.0,1,0.13265828056979362,43
764,1,1513,564,949,0,0,0,1.0,1,1.0,1,1.0,1,0.1157423380611585,43
765,0,1513,564,949,0,0,0,1.0,1,1.0,1,1.0,1,0.09317522265520334,45
766,0,1513,564,949,0,0,0,1.0,1,1.0,1,1.0,1,0.09317522265520334,45
767,0,1513,564,949,0,0,0,1.0,1,1.0,1,1.0,1,0.09516384822803889,46
768,0,1513,564,949,0,0,0,1.0,1,1.0,1,1.0,1,0.09617392089246438,45
769,1,1514,564,950,0,0,0,1.0,1,1.0,1,1.0,1,0.10480134787480286,46
770,0,1514,564,950,0,0,0,1.0,1,1.0,1,1.0,1,0.09655341957819322,47
771,2,1516,566,950,0,0,0,1.0,1,1.0,1,1.0,1,0.12618296512896238,47
772,0,1516,566,950,0,0,0,1.0,1,1.0,1,1.0,1,0.11329731012785241,46
773,3,1519,568,951,0,0,0,1.0,1,1.0,1,1.0,1,0.09423729499590398,45
774,0,1519,568,951,0,0,0,1.0,1,1.0,1,1.0,1,0.11194567685668834,45
775,2,1521,570,951,0,0,0,1.0,1,1.0,1,1.0,1,0.12776294891320833,45
776,0,1521,570,951,0,0,0,1.0,1,1.0,1,1.0,1,0.12754569871311733,43
777,2,1523,570,953,0,0,0,1.0,1,1.0,1,1.0,1,0.09685507782306331,44
778,1,1524,571,953,0,0,0,1.0,1,1.0,1,1.0,1,0.14362996176320775,45
779,0,1524,571,953,0,0,0,1.0,1,1.0,1,1.0,1,0.14362996176320775,45
780,1,1525,572,953,0,0,0,1.0,1,1.0,1,1.0,1,0.17553766007690175,45
781,2,1527,572,955,0,0,0,1.0,1,1.0,1,1.0,1,0.11810507547369388,46
782,1,1528,573,955,0,0,0,1.0,1,1.0,1,1.0,1,0.19587280252953246,47
783,2,1530,574,956,0,0,0,1.0,1,1.0,1,1.0,1,0.15681173138048463,46
784,0,1530,574,956,0,0,0,1.0,1,1.0,1,1.0,1,0.1586414283235899,45
785,6,1536,574,962,0,0,0,1.0,1,1.0,1,1.0,1,0.07652503870489097,43
786,2,1538,574,964,0,0,0,1.0,1,1.0,1,1.0,1,0.07652503870489097,43
787,2,1540,575,965,0,0,0,1.0,1,1.0,1,1.0,1,0.10133054144851292,43
788,1,1541,576,965,0,0,0,1.0,1,1.0,1,1.0,1,0.1348256734223122,44
789,1,1542,576,966,0,0,0,1.0,1,1.0,1,1.0,1,0.10580588119373874,46
790,0,1542,576,966,0,0,0,1.0,1,1.0,1,1.0,1,0.10580588119373874,46
791,2,1544,577,967,0,0,0,1.0,1,1.0,1,1.0,1,0.1218602926764231,46
792,0,1544,577,967,0,0,0,1.0,1,1.0,1,1.0,1,0.11397861675957426,47
793,3,1547,577,970,0,0,0,1.0,1,1.0,1,1.0,1,0.08926227365321014,48
794,2,1549,577,972,0,0,0,1.0,1,1.0,1,1.0,1,0.12170435939769181,48
795,1,1550,577,973,0,0,0,1.0,1,1.0,1,1.0,1,0.11981184899677104,47
796,2,1552,578,974,0,0,0,1.0,1,1.0,1,1.0,1,0.18714395190109107,45
797,4,1556,579,977,0,0,0,1.0,1,1.0,1,1.0,1,0.13947139898075517,47
798,0,1556,579,977,0,0,0,1.0,1,1.0,1,1.0,1,0.15310651312971937,48
799,2,1558,580,978,0,0,0,1.0,1,1.0,1,1.0,1,0.1322466857403653,48
800,2,1560,582,978,0,0,0,1.0,1,1.0,1,1.0,1,0.15533458895035712,48
801,5,1565,583,982,0,0,0,1.0,1,1.0,1,1.0,1,0.09754379469135342,49
802,4,1569,585,984,0,0,0,1.0,1,1.0,1,1.0,1,0.12056958340922808,50
803,3,1572,586,986,0,0,0,1.0,1,1.0,1,1.0,1,0.13089897707290588,50
804,2,1574,586,988,0,0,0,1.0,1,1.0,1,1.0,1,0.13089897707290588,50
805,1,1575,587,988,0,0,0,1.0,1,1.0,1,1.0,1,0.15622626865930642,50
806,1,1576,587,989,0,0,0,1.0,1,1.0,1,1.0,1,0.14656354207949837,51
807,2,1578,588,990,0,0,0,1.0,1,1.0,1,1.0,1,0.14284471684145597,51
808,2,1580,588,992,0,0,0,1.0,1,1.0,1,1.0,1,0.16400356165731886,53
809,1,1581,588,993,0,0,0,1.0,1,1.0,1,1.0,1,0.11891186171229037,51
810,0,1581,588,993,0,0,0,1.0,1,1.0,1,1.0,1,0.1321982505811334,52
811,2,1583,589,994,0,0,0,1.0,1,1.0,1,1.0,1,0.14856615989927993,50
812,1,1584,589,995,0,0,0,1.0,1,1.0,1,1.0,1,0.1415579882431175,51
813,4,1588,591,997,0,0,0,1.0,1,1.0,1,1.0,1,0.14104038181144093,51
814,2,1590,592,998,0,0,0,1.0,1,1.0,1,1.0,1,0.1423134246562935,52
815,2,1592,593,999,0,0,0,1.0,1,1.0,1,1.0,1,0.16158419763348908,50
816,1,1593,593,1000,0,0,0,1.0,1,1.0,1,1.0,1,0.17003381011249813,50
817,1,1594,593,1001,0,0,0,1.0,1,1.0,1,1.0,1,0.15539285788976717,49
818,2,1596,595,1001,0,0,0,1.0,1,1.0,1,1.0,1,0.1935659143175066,49
819,2,1598,595,1003,0,0,0,1.0,1,1.0,1,1.0,1,0.16479030579626167,50
820,3,1601,596,1005,0,0,0,1.0,1,1.0,1,1.0,1,0.18940626311428432,49
821,0,1601,596,1005,0,0,0,1.0,1,1.0,1,1.0,1,0.18857444690428757,49
822,5,1606,597,1009,0,0,0,1.0,1,1.0,1,1.0,1,0.13167852978118325,49
823,5,1611,600,1011,0,0,0,1.0,1,1.0,1,1.0,1,0.1916162511443212,47
824,3,1614,603,1011,0,0,0,1.0,1,1.0,1,1.0,1,0.18387652904331486,45
825,3,1617,603,1014,0,0,0,1.0,1,1.0,1,1.0,1,0.14881739438447567,43
826,2,1619,605,1014,0,0,0,1.0,1,1.0,1,1.0,1,0.12726213731769948,44
827,0,1619,605,1014,0,0,0,1.0,1,1.0,1,1.0,1,0.11885695944409816,43
828,3,1622,607,1015,0,0,0,1.0,1,1.0,1,1.0,1,0.13298135218983503,43
829,4,1626,609,1017,0,0,0,1.0,1,1.0,1,1.0,1,0.13160623749090558,45
830,0,1626,609,1017,0,0,0,1.0,1,1.0,1,1.0,1,0.11368484314451846,46
831,3,1629,610,1019,0,0,0,1.0,1,1.0,1,1.0,1,0.10702018255401899,48
832,2,1631,611,1020,0,0,0,1.0,1,1.0,1,1.0,1,0.10924274324359187,47
833,1,1632,612,1020,0,0,0,1.0,1,1.0,1,1.0,1,0.1255218834270598,47
834,2,1634,612,1022,0,0,0,1.0,1,1.0,1,1.0,1,0.12042131510147452,46
835,0,1634,612,1022,0,0,0,1.0,1,1.0,1,1.0,1,0.11693568754874167,45
836,3,1637,614,1023,0,0,0,1.0,1,1.0,1,1.0,1,0.1396331827525225,46
837,3,1640,614,1026,0,0,0,1.0,1,1.0,1,1.0,1,0.07709533055055054,46
838,1,1641,615,1026,0,0,0,1.0,1,1.0,1,1.0,1,0.09962911393130508,45
839,2,1643,616,1027,0,0,0,1.0,1,1.0,1,1.0,1,0.13125883078614495,46
840,0,1643,616,1027,0,0,0,1.0,1,1.0,1,1.0,1,0.13759504561764113,46
841,5,1648,617,1031,0,0,0,1.0,1,1.0,1,1.0,1,0.10586778528133509,46
842,0,1648,617,1031,0,0,0,1.0,1,1.0,1,1.0,1,0.10586778528133509,46
843,1,1649,618,1031,0,0,0,1.0,1,1.0,1,1.0,1,0.12791025267526548,46
844,4,1653,621,1032,0,0,0,1.0,1,1.0,1,1.0,1,0.17129357330697095,47
845,5,1658,623,1035,0,0,0,1.0,1,1.0,1,1.0,1,0.20680802692220712,48
846,2,1660,623,1037,0,0,0,1.0,1,1.0,1,1.0,1,0.16799108017336845,47
847,3,1663,623,1040,0,0,0,1.0,1,1.0,1,1.0,1,0.15043451495016094,48
848,3,1666,623,1043,0,0,0,1.0,1,1.0,1,1.0,1,0.18152548439622718,48
849,6,1672,624,1048,0,0,0,1.0,1,1.0,1,1.0,1,0.13520836090470525,48
850,1,1673,624,1049,0,0,0,1.0,1,1.0,1,1.0,1,0.12382517862053734,46
851,0,1673,624,1049,0,0,0,1.0,1,1.0,1,1.0,1,0.12118163603956304,45
852,2,1675,625,1050,0,0,0,1.0,1,1.0,1,1.0,1,0.14590226947085352,44
853,4,1679,626,1053,0,0,0,1.0,1,1.0,1,1.0,1,0.08796740999849305,44
854,1,1680,627,1053,0,0,0,1.0,1,1.0,1,1.0,1,0.10917058194136232,45
855,1,1681,627,1054,0,0,0,1.0,1,1.0,1,1.0,1,0.09468261835923655,46
856,0,1681,627,1054,0,0,0,1.0,1,1.0,1,1.0,1,0.09468261835923655,46
857,0,1681,627,1054,0,0,0,1.0,1,1.0,1,1.0,1,0.10497176006136553,47
858,1,1682,628,1054,0,0,0,1.0,1,1.0,1,1.0,1,0.11125169474322778,48
859,0,1682,628,1054,0,0,0,1.0,1,1.0,1,1.0,1,0.11125169474322778,48
860,0,1682,628,1054,0,0,0,1.0,1,1.0,1,1.0,1,0.11100860729806693,49
861,1,1683,629,1054,0,0,0,1.0,1,1.0,1,1.0,1,0.12214547589541407,49
862,2,1685,630,1055,0,0,0,1.0,1,1.0,1,1.0,1,0.1209575449466608,49
863,2,1687,631,1056,0,0,0,1.0,1,1.0,1,1.0,1,0.1327731304517311,48
864,2,1689,632,1057,0,0,0,1.0,1,1.0,1,1.0,1,0.13489032804028403,49
865,1,1690,632,1058,0,0,0,1.0,1,1.0,1,1.0,1,0.09524715474237916,48
866,2,1692,633,1059,0,0,0,1.0,1,1.0,1,1.0,1,0.07798359828343901,50
867,2,1694,634,1060,0,0,0,1.0,1,1.0,1,1.0,1,0.08867636689382805,50
868,3,1697,636,1061,0,0,0,1.0,1,1.0,1,1.0,1,0.1331165200640453,51
869,2,1699,637,1062,0,0,0,1.0,1,1.0,1,1.0,1,0.10410326480241618,49
870,8,1707,641,1066,0,0,0,1.0,1,1.0,1,1.0,1,0.11400527576365455,49
871,2,1709,642,1067,0,0,0,1.0,1,1.0,1,1.0,1,0.09806150079939649,49
872,0,1709,642,1067,0,0,0,1.0,1,1.0,1,1.0,1,0.10336953284584785,48
873,4,1713,644,1069,0,0,0,1.0,1,1.0,1,1.0,1,0.08924416321129086,49
874,0,1713,644,1069,0,0,0,1.0,1,1.0,1,1.0,1,0.08774639812272743,49
875,1,1714,645,1069,0,0,0,1.0,1,1.0,1,1.0,1,0.13581202067965592,50
876,4,1718,647,1071,0,0,0,1.0,1,1.0,1,1.0,1,0.17228922515555883,50
877,8,1726,650,1076,0,0,0,1.0,1,1.0,1,1.0,1,0.1439439614906864,50
878,4,1730,651,1079,0,0,0,1.0,1,1.0,1,1.0,1,0.126242131444189,49
879,2,1732,652,1080,0,0,0,1.0,1,1.0,1,1.0,1,0.15073683136453028,49
880,2,1734,653,1081,0,0,0,1.0,1,1.0,1,1.0,1,0.14326417189357718,48
881,6,1740,654,1086,0,0,0,1.0,1,1.0,1,1.0,1,0.06993988714169792,49
882,0,1740,654,1086,0,0,0,1.0,1,1.0,1,1.0,1,0.09568343952299391,48
883,2,1742,654,1088,0,0,0,1.0,1,1.0,1,1.0,1,0.11062930471593432,50
884,2,1744,655,1089,0,0,0,1.0,1,1.0,1,1.0,1,0.14574874760006676,50
885,2,1746,656,1090,0,0,0,1.0,1,1.0,1,1.0,1,0.11570116589723911,49
886,3,1749,657,1092,0,0,0,1.0,1,1.0,1,1.0,1,0.12107772400664074,49
887,1,1750,657,1093,0,0,0,1.0,1,1.0,1,1.0,1,0.10512782357990517,49
888,1,1751,658,1093,0,0,0,1.0,1,1.0,1,1.0,1,0.14390332811256876,47
889,2,1753,660,1093,0,0,0,1.0,1,1.0,1,1.0,1,0.15989948430832038,46
890,0,1753,660,1093,0,0,0,1.0,1,1.0,1,1.0,1,0.16747961411387938,44
891,0,1753,660,1093,0,0,0,1.0,1,1.0,1,1.0,1,0.18645785165829348,45
892,3,1756,661,1095,0,0,0,1.0,1,1.0,1,1.0,1,0.16880651949099587,45
893,4,1760,661,1099,0,0,0,1.0,1,1.0,1,1.0,1,0.08903696306913626,45
894,0,1760,661,1099,0,0,0,1.0,1,1.0,1,1.0,1,0.10912436317984493,44
895,0,1760,661,1099,0,0,0,1.0,1,1.0,1,1.0,1,0.09305549239738203,45
896,1,1761,662,1099,0,0,0,1.0,1,1.0,1,1.0,1,0.11539285800615512,44
897,1,1762,662,1100,0,0,0,1.0,1,1.0,1,1.0,1,0.0959063676914174,44
898,0,1762,662,1100,0,0,0,1.0,1,1.0,1,1.0,1,0.09924589476220981,45
899,0,1762,662,1100,0,0,0,1.0,1,1.0,1,1.0,1,0.11707314944551787,44
900,3,1765,663,1102,0,0,0,1.0,1,1.0,1,1.0,1,0.12463095038858091,46
901,3,1768,664,1104,0,0,0,1.0,1,1.0,1,1.0,1,0.1246443443915981,45
902,3,1771,666,1105,0,0,0,1.0,1,1.0,1,1.0,1,0.075444109796705,45
903,1,1772,667,1105,0,0,0,1.0,1,1.0,1,1.0,1,0.08499865038781085,44
904,1,1773,668,1105,0,0,0,1.0,1,1.0,1,1.0,1,0.10684741093011403,45
905,1,1774,669,1105,0,0,0,1.0,1,1.0,1,1.0,1,0.1577128212373687,45
906,2,1776,669,1107,0,0,0,1.0,1,1.0,1,1.0,1,0.12486707301191498,45
907,4,1780,671,1109,0,0,0,1.0,1,1.0,1,1.0,1,0.12318208437142955,46
908,1,1781,672,1109,0,0,0,1.0,1,1.0,1,1.0,1,0.1408857435860703,46
909,7,1788,674,1114,0,0,0,1.0,1,1.0,1,1.0,1,0.09268454035501483,46
910,2,1790,674,1116,0,0,0,1.0,1,1.0,1,1.0,1,0.11598029949809543,44
911,2,1792,674,1118,0,0,0,1.0,1,1.0,1,1.0,1,0.12074794046379524,45
912,2,1794,674,1120,0,0,0,1.0,1,1.0,1,1.0,1,0.14453882028284915,44
913,3,1797,675,1122,0,0,0,1.0,1,1.0,1,1.0,1,0.08314619868274409,45
914,2,1799,677,1122,0,0,0,1.0,1,1.0,1,1.0,1,0.09942688393695268,45
915,1,1800,678,1122,0,0,0,1.0,1,1.0,1,1.0,1,0.11757513934174325,45
916,3,1803,678,1125,0,0,0,1.0,1,1.0,1,1.0,1,0.11865152765956946,45
917,2,1805,678,1127,0,0,0,1.0,1,1.0,1,1.0,1,0.0996528373184949,46
918,1,1806,679,1127,0,0,0,1.0,1,1.0,1,1.0,1,0.12443250649146209,47
919,1,1807,679,1128,0,0,0,1.0,1,1.0,1,1.0,1,0.1094298554764887,47
920,2,1809,680,1129,0,0,0,1.0,1,1.0,1,1.0,1,0.11674116488521491,47
921,4,1813,683,1130,0,0,0,1.0,1,1.0,1,1.0,1,0.14331704108052706,49
922,7,1820,684,1136,0,0,0,1.0,1,1.0,1,1.0,1,0.04833112688520642,49
923,2,1822,686,1136,0,0,0,1.0,1,1.0,1,1.0,1,0.08690465457132365,47
924,1,1823,687,1136,0,0,0,1.0,1,1.0,1,1.0,1,0.11607704223084817,47
925,1,1824,688,1136,0,0,0,1.0,1,1.0,1,1.0,1,0.16261353646656604,47
926,3,1827,689,1138,0,0,0,1.0,1,1.0,1,1.0,1,0.16898727028957405,46
927,3,1830,690,1140,0,0,0,1.0,1,1.0,1,1.0,1,0.14538215936984972,45
928,0,1830,690,1140,0,0,0,1.0,1,1.0,1,1.0,1,0.17324640677784714,43
929,4,1834,690,1144,0,0,0,1.0,1,1.0,1,1.0,1,0.11767835903497065,42
930,2,1836,691,1145,0,0,0,1.0,1,1.0,1,1.0,1,0.09896042315895279,41
931,2,1838,692,1146,0,0,0,1.0,1,1.0,1,1.0,1,0.14761181754324593,40
932,1,1839,692,1147,0,0,0,1.0,1,1.0,1,1.0,1,0.15374373577412706,40
933,2,1841,692,1149,0,0,0,1.0,1,1.0,1,1.0,1,0.11672992790519116,39
934,3,1844,693,1151,0,0,0,1.0,1,1.0,1,1.0,1,0.13807405024048477,39
935,2,1846,693,1153,0,0,0,1.0,1,1.0,1,1.0,1,0.11524467650498774,41
936,0,1846,693,1153,0,0,0,1.0,1,1.0,1,1.0,1,0.09759261600236682,42
937,1,1847,693,1154,0,0,0,1.0,1,1.0,1,1.0,1,0.0812685529530276,43
938,1,1848,694,1154,0,0,0,1.0,1,1.0,1,1.0,1,0.13048345517225654,44
939,4,1852,695,1157,0,0,0,1.0,1,1.0,1,1.0,1,0.16319119819958933,46
940,3,1855,695,1160,0,0,0,1.0,1,1.0,1,1.0,1,0.20362275613553443,46
941,5,1860,696,1164,0,0,0,1.0,1,1.0,1,1.0,1,0.18700890683120103,46
942,2,1862,697,1165,0,0,0,1.0,1,1.0,1,1.0,1,0.1502405462129568,46
943,3,1865,698,1167,0,0,0,1.0,1,1.0,1,1.0,1,0.14321761175766454,45
944,1,1866,699,1167,0,0,0,1.0,1,1.0,1,1.0,1,0.13536073467835277,45
945,4,1870,700,1170,0,0,0,1.0,1,1.0,1,1.0,1,0.15131232955435064,44
946,6,1876,702,1174,0,0,0,1.0,1,1.0,1,1.0,1,0.10838555721695473,46
947,1,1877,702,1175,0,0,0,1.0,1,1.0,1,1.0,1,0.13713511858747734,44
948,3,1880,704,1176,0,0,0,1.0,1,1.0,1,1.0,1,0.14537337767354214,44
949,5,1885,705,1180,0,0,0,1.0,1,1.0,1,1.0,1,0.16233759862132374,44
950,1,1886,705,1181,0,0,0,1.0,1,1.0,1,1.0,1,0.1573937323393312,43
951,1,1887,705,1182,0,0,0,1.0,1,1.0,1,1.0,1,0.17642408764627254,42
952,2,1889,706,1183,0,0,0,1.0,1,1.0,1,1.0,1,0.20582527289152752,42
953,1,1890,706,1184,0,0,0,1.0,1,1.0,1,1.0,1,0.1750958316026258,41
954,0,1890,706,1184,0,0,0,1.0,1,1.0,1,1.0,1,0.19684115222612408,40
955,1,1891,706,1185,0,0,0,1.0,1,1.0,1,1.0,1,0.17385891842251414,42
956,2,1893,707,1186,0,0,0,1.0,1,1.0,1,1.0,1,0.15815142714362138,43
957,1,1894,707,1187,0,0,0,1.0,1,1.0,1,1.0,1,0.14312680137826503,42
958,1,1895,707,1188,0,0,0,1.0,1,1.0,1,1.0,1,0.18771842388656354,43
959,2,1897,708,1189,0,0,0,1.0,1,1.0,1,1.0,1,0.2167652615773843,45
960,3,1900,708,1192,0,0,0,1.0,1,1.0,1,1.0,1,0.17680955717932603,47
961,0,1900,708,1192,0,0,0,1.0,1,1.0,1,1.0,1,0.1723554858713123,45
962,2,1902,709,1193,0,0,0,1.0,1,1.0,1,1.0,1,0.23900673519527552,45
963,3,1905,710,1195,0,0,0,1.0,1,1.0,1,1.0,1,0.20239960929282594,44
964,1,1906,710,1196,0,0,0,1.0,1,1.0,1,1.0,1,0.1881051500618048,44
965,4,1910,710,1200,0,0,0,1.0,1,1.0,1,1.0,1,0.12432387527949437,45
966,1,1911,711,1200,0,0,0,1.0,1,1.0,1,1.0,1,0.15265286286034577,43
967,0,1911,711,1200,0,0,0,1.0,1,1.0,1,1.0,1,0.15265286286034577,43
968,0,1911,711,1200,0,0,0,1.0,1,1.0,1,1.0,1,0.14697241512406542,43
969,3,1914,712,1202,0,0,0,1.0,1,1.0,1,1.0,1,0.16818833253682403,42
970,0,1914,712,1202,0,0,0,1.0,1,1.0,1,1.0,1,0.1720178558199241,42
971,1,1915,712,1203,0,0,0,1.0,1,1.0,1,1.0,1,0.14932630483862971,42
972,0,1915,712,1203,0,0,0,1.0,1,1.0,1,1.0,1,0.14932630483862971,42
973,2,1917,712,1205,0,0,0,1.0,1,1.0,1,1.0,1,0.09054019813660198,43
974,1,1918,713,1205,0,0,0,1.0,1,1.0,1,1.0,1,0.08415909351955801,43
975,2,1920,713,1207,0,0,0,1.0,1,1.0,1,1.0,1,0.09024914500188522,43
976,2,1922,714,1208,0,0,0,1.0,1,1.0,1,1.0,1,0.10123601400382828,45
977,0,1922,714,1208,0,0,0,1.0,1,1.0,1,1.0,1,0.11907109875028203,44
978,1,1923,714,1209,0,0,0,1.0,1,1.0,1,1.0,1,0.0827519008143259,44
979,0,1923,714,1209,0,0,0,1.0,1,1.0,1,1.0,1,0.1278228305074792,45
980,1,1924,715,1209,0,0,0,1.0,1,1.0,1,1.0,1,0.11817995359192285,45
981,0,1924,715,1209,0,0,0,1.0,1,1.0,1,1.0,1,0.11817995359192285,45
982,7,1931,719,1212,0,0,0,1.0,1,1.0,1,1.0,1,0.21250786240108058,46
983,5,1936,721,1215,0,0,0,1.0,1,1.0,1,1.0,1,0.20664526512747788,45
984,4,1940,722,1218,0,0,0,1.0,1,1.0,1,1.0,1,0.19403939267844506,45
985,6,1946,725,1221,0,0,0,1.0,1,1.0,1,1.0,1,0.20059272363677477,45
986,3,1949,726,1223,0,0,0,1.0,1,1.0,1,1.0,1,0.15626907537151974,44
987,3,1952,727,1225,0,0,0,1.0,1,1.0,1,1.0,1,0.1480089024661909,45
988,1,1953,728,1225,0,0,0,1.0,1,1.0,1,1.0,1,0.16351112100848303,44
989,1,1954,728,1226,0,0,0,1.0,1,1.0,1,1.0,1,0.1400425339887597,43
990,0,1954,728,1226,0,0,0,1.0,1,1.0,1,1.0,1,0.14191126804074897,42
991,0,1954,728,1226,0,0,0,1.0,1,1.0,1,1.0,1,0.13682556022826484,42
992,0,1954,728,1226,0,0,0,1.0,1,1.0,1,1.0,1,0.15116879772181066,43
993,2,1956,729,1227,0,0,0,1.0,1,1.0,1,1.0,1,0.14264804797306693,43
994,2,1958,730,1228,0,0,0,1.0,1,1.0,1,1.0,1,0.1529477564266039,43
995,0,1958,730,1228,0,0,0,1.0,1,1.0,1,1.0,1,0.16541716622739422,43
996,1,1959,730,1229,0,0,0,1.0,1,1.0,1,1.0,1,0.15588690048530826,44
997,2,1961,731,1230,0,0,0,1.0,1,1.0,1,1.0,1,0.15967206556893263,44
998,4,1965,732,1233,0,0,0,1.0,1,1.0,1,1.0,1,0.15173176183444853,45
999,0,1965,732,1233,0,0,0,1.0,1,1.0,1,1.0,1,0.14858650496864056,42
1000,1,1966,732,1234,0,0,0,1.0,1,1.0,1,1.0,1,0.13238901594800523,43
1001,2,1968,732,1236,0,0,0,1.0,1,1.0,1,1.0,1,0.0986929753882201,42
1002,1,1969,732,1237,0,0,0,1.0,1,1.0,1,1.0,1,0.09211286412326958,43
1003,0,1969,732,1237,0,0,0,1.0,1,1.0,1,1.0,1,0.09211286412326958,43
1004,0,1969,732,1237,0,0,0,1.0,1,1.0,1,1.0,1,0.09211286412326958,43
1005,0,1969,732,1237,0,0,0,1.0,1,1.0,1,1.0,1,0.10283063821298377,44
1006,1,1970,732,1238,0,0,0,1.0,1,1.0,1,1.0,1,0.09735840137876857,46
1007,1,1971,732,1239,0,0,0,1.0,1,1.0,1,1.0,1,0.07884988100826698,46
1008,2,1973,734,1239,0,0,0,1.0,1,1.0,1,1.0,1,0.1504328925811055,47
1009,1,1974,734,1240,0,0,0,1.0,1,1.0,1,1.0,1,0.13363117318642342,48
1010,0,1974,734,1240,0,0,0,1.0,1,1.0,1,1.0,1,0.13363117318642342,48
1011,0,1974,734,1240,0,0,0,1.0,1,1.0,1,1.0,1,0.13363117318642342,48
1012,4,1978,736,1242,0,0,0,1.0,1,1.0,1,1.0,1,0.155640351354579,49
1013,1,1979,736,1243,0,0,0,1.0,1,1.0,1,1.0,1,0.12510004265486757,50
1014,1,1980,737,1243,0,0,0,1.0,1,1.0,1,1.0,1,0.14662034964609408,50
1015,2,1982,737,1245,0,0,0,1.0,1,1.0,1,1.0,1,0.13319228741909706,51
1016,2,1984,738,1246,0,0,0,1.0,1,1.0,1,1.0,1,0.13415496367617055,51
1017,1,1985,738,1247,0,0,0,1.0,1,1.0,1,1.0,1,0.13698550498039508,52
1018,1,1986,739,1247,0,0,0,1.0,1,1.0,1,1.0,1,0.16283528602569042,52
1019,1,1987,739,1248,0,0,0,1.0,1,1.0,1,1.0,1,0.17945156511859117,52
1020,2,1989,739,1250,0,0,0,1.0,1,1.0,1,1.0,1,0.14467089357507146,53
1021,4,1993,740,1253,0,0,0,1.0,1,1.0,1,1.0,1,0.1339580002586982,53
1022,0,1993,740,1253,0,0,0,1.0,1,1.0,1,1.0,1,0.12977199571996786,54
1023,1,1994,741,1253,0,0,0,1.0,1,1.0,1,1.0,1,0.11853487197885215,55
1024,0,1994,741,1253,0,0,0,1.0,1,1.0,1,1.0,1,0.1199956632391788,55
1025,2,1996,741,1255,0,0,0,1.0,1,1.0,1,1.0,1,0.10744458527841941,56
1026,5,2001,743,1258,0,0,0,1.0,1,1.0,1,1.0,1,0.1017828706158963,57
1027,1,2002,743,1259,0,0,0,1.0,1,1.0,1,1.0,1,0.1013411259242426,58
1028,2,2004,744,1260,0,0,0,1.0,1,1.0,1,1.0,1,0.09835989694954277,58
1029,2,2006,746,1260,0,0,0,1.0,1,1.0,1,1.0,1,0.14556661904932316,59
1030,1,2007,746,1261,0,0,0,1.0,1,1.0,1,1.0,1,0.1467090187057501,60
1031,0,2007,746,1261,0,0,0,1.0,1,1.0,1,1.0,1,0.1467090187057501,60
1032,1,2008,747,1261,0,0,0,1.0,1,1.0,1,1.0,1,0.172825044158238,61
1033,3,2011,748,1263,0,0,0,1.0,1,1.0,1,1.0,1,0.13305406071411893,60
1034,2,2013,750,1263,0,0,0,1.0,1,1.0,1,1.0,1,0.13157055541208662,60
1035,1,2014,751,1263,0,0,0,1.0,1,1.0,1,1.0,1,0.13756536077025514,59
1036,5,2019,754,1265,0,0,0,1.0,1,1.0,1,1.0,1,0.13671567952785574,60
1037,2,2021,756,1265,0,0,0,1.0,1,1.0,1,1.0,1,0.15966365245340522,59
1038,3,2024,758,1266,0,0,0,1.0,1,1.0,1,1.0,1,0.1662242983710391,60
1039,6,2030,760,1270,0,0,0,1.0,1,1.0,1,1.0,1,0.1645993297665324,60
1040,5,2035,762,1273,0,0,0,1.0,1,1.0,1,1.0,1,0.14991276316264204,58
1041,2,2037,763,1274,0,0,0,1.0,1,1.0,1,1.0,1,0.14325784628854418,56
1042,2,2039,764,1275,0,0,0,1.0,1,1.0,1,1.0,1,0.15592583068456556,55
1043,4,2043,766,1277,0,0,0,1.0,1,1.0,1,1.0,1,0.1512960287053195,55
1044,1,2044,767,1277,0,0,0,1.0,1,1.0,1,1.0,1,0.1408413873373719,52
1045,5,2049,767,1282,0,0,0,1.0,1,1.0,1,1.0,1,0.1103932946678654,52
1046,4,2053,768,1285,0,0,0,1.0,1,1.0,1,1.0,1,0.11139470638338789,53
1047,2,2055,768,1287,0,0,0,1.0,1,1.0,1,1.0,1,0.13101905317416768,54
1048,3,2058,769,1289,0,0,0,1.0,1,1.0,1,1.0,1,0.1385261068437041,56
1049,7,2065,772,1293,0,0,0,1.0,1,1.0,1,1.0,1,0.09582327977276234,55
1050,0,2065,772,1293,0,0,0,1.0,1,1.0,1,1.0,1,0.09019669676526561,56
1051,0,2065,772,1293,0,0,0,1.0,1,1.0,1,1.0,1,0.08897988698854171,55
1052,0,2065,772,1293,0,0,0,1.0,1,1.0,1,1.0,1,0.09369987830927905,56
1053,1,2066,773,1293,0,0,0,1.0,1,1.0,1,1.0,1,0.09990038840275739,56
1054,1,2067,773,1294,0,0,0,1.0,1,1.0,1,1.0,1,0.08831520697860136,57
1055,2,2069,773,1296,0,0,0,1.0,1,1.0,1,1.0,1,0.07350721805365694,58
1056,0,2069,773,1296,0,0,0,1.0,1,1.0,1,1.0,1,0.08383066395676025,59
1057,2,2071,774,1297,0,0,0,1.0,1,1.0,1,1.0,1,0.09420822379232519,60
1058,3,2074,776,1298,0,0,0,1.0,1,1.0,1,1.0,1,0.12389675201026516,60
1059,1,2075,777,1298,0,0,0,1.0,1,1.0,1,1.0,1,0.10213436469522633,60
1060,2,2077,778,1299,0,0,0,1.0,1,1.0,1,1.0,1,0.12168022773554775,60
1061,6,2083,781,1302,0,0,0,1.0,1,1.0,1,1.0,1,0.10124965083119826,59
1062,3,2086,783,1303,0,0,0,1.0,1,1.0,1,1.0,1,0.11156188409035157,59
1063,2,2088,785,1303,0,0,0,1.0,1,1.0,1,1.0,1,0.13429406015973525,58
1064,7,2095,789,1306,0,0,0,1.0,1,1.0,1,1.0,1,0.14016714119561569,58
1065,8,2103,793,1310,0,0,0,1.0,1,1.0,1,1.0,1,0.11505901031870437,60
1066,1,2104,794,1310,0,0,0,1.0,1,1.0,1,1.0,1,0.11220686253466343,58
1067,4,2108,796,1312,0,0,0,1.0,1,1.0,1,1.0,1,0.16108424770106308,59
1068,0,2108,796,1312,0,0,0,1.0,1,1.0,1,1.0,1,0.16108424770106308,59
1069,6,2114,797,1317,0,0,0,1.0,1,1.0,1,1.0,1,0.1526091117249521,58
1070,4,2118,798,1320,0,0,0,1.0,1,1.0,1,1.0,1,0.1123873493303107,58
1071,2,2120,800,1320,0,0,0,1.0,1,1.0,1,1.0,1,0.15520673257580728,57
1072,0,2120,800,1320,0,0,0,1.0,1,1.0,1,1.0,1,0.14920381049244555,56
1073,3,2123,800,1323,0,0,0,1.0,1,1.0,1,1.0,1,0.1389062968259439,54
1074,1,2124,801,1323,0,0,0,1.0,1,1.0,1,1.0,1,0.14307069264788153,54
1075,1,2125,802,1323,0,0,0,1.0,1,1.0,1,1.0,1,0.13666521085027217,51
1076,1,2126,802,1324,0,0,0,1.0,1,1.0,1,1.0,1,0.1231505497224655,51
1077,1,2127,802,1325,0,0,0,1.0,1,1.0,1,1.0,1,0.11810823813991103,51
1078,2,2129,803,1326,0,0,0,1.0,1,1.0,1,1.0,1,0.1513153273338013,52
1079,8,2137,809,1328,0,0,0,1.0,1,1.0,1,1.0,1,0.17381623353040224,51
1080,2,2139,810,1329,0,0,0,1.0,1,1.0,1,1.0,1,0.18198865548812934,51
1081,4,2143,810,1333,0,0,0,1.0,1,1.0,1,1.0,1,0.1258353745292608,48
1082,1,2144,811,1333,0,0,0,1.0,1,1.0,1,1.0,1,0.17374657777373867,47
1083,2,2146,812,1334,0,0,0,1.0,1,1.0,1,1.0,1,0.21598162980749366,46
1084,1,2147,812,1335,0,0,0,1.0,1,1.0,1,1.0,1,0.19184346096715077,45
1085,4,2151,813,1338,0,0,0,1.0,1,1.0,1,1.0,1,0.2021701162155364,46
1086,1,2152,813,1339,0,0,0,1.0,1,1.0,1,1.0,1,0.16863932551340513,45
1087,3,2155,813,1342,0,0,0,1.0,1,1.0,1,1.0,1,0.16793716147221552,44
1088,1,2156,813,1343,0,0,0,1.0,1,1.0,1,1.0,1,0.13238404924115324,45
1089,3,2159,813,1346,0,0,0,1.0,1,1.0,1,1.0,1,0.12823418469290646,46
1090,2,2161,813,1348,0,0,0,1.0,1,1.0,1,1.0,1,0.1391897157724673,47
1091,2,2163,814,1349,0,0,0,1.0,1,1.0,1,1.0,1,0.130878196033909,47
1092,3,2166,814,1352,0,0,0,1.0,1,1.0,1,1.0,1,0.11439612132979357,48
1093,2,2168,815,1353,0,0,0,1.0,1,1.0,1,1.0,1,0.10404322760729741,48
1094,2,2170,817,1353,0,0,0,1.0,1,1.0,1,1.0,1,0.14233207534138798,48
1095,3,2173,817,1356,0,0,0,1.0,1,1.0,1,1.0,1,0.1491387697651265,49
1096,2,2175,817,1358,0,0,0,1.0,1,1.0,1,1.0,1,0.12673631178763425,49
1097,3,2178,818,1360,0,0,0,1.0,1,1.0,1,1.0,1,0.11821829829317478,50
1098,0,2178,818,1360,0,0,0,1.0,1,1.0,1,1.0,1,0.1269508626785184,51
1099,2,2180,818,1362,0,0,0,1.0,1,1.0,1,1.0,1,0.11151924660341071,54
1100,0,2180,818,1362,0,0,0,1.0,1,1.0,1,1.0,1,0.11151924660341071,54
1101,1,2181,818,1363,0,0,0,1.0,1,1.0,1,1.0,1,0.10197975713993093,54
1102,0,2181,818,1363,0,0,0,1.0,1,1.0,1,1.0,1,0.09994144040024891,54
1103,1,2182,819,1363,0,0,0,1.0,1,1.0,1,1.0,1,0.10515033396268073,53
1104,2,2184,821,1363,0,0,0,1.0,1,1.0,1,1.0,1,0.11028984043173873,53
1105,5,2189,824,1365,0,0,0,1.0,1,1.0,1,1.0,1,0.0834589647674566,52
1106,1,2190,824,1366,0,0,0,1.0,1,1.0,1,1.0,1,0.0813908679446472,52
1107,2,2192,826,1366,0,0,0,1.0,1,1.0,1,1.0,1,0.13651593065237078,52
1108,1,2193,827,1366,0,0,0,1.0,1,1.0,1,1.0,1,0.15295182992486617,51
1109,5,2198,831,1367,0,0,0,1.0,1,1.0,1,1.0,1,0.14718801506204057,49
1110,1,2199,832,1367,0,0,0,1.0,1,1.0,1,1.0,1,0.17085701867492295,48
1111,4,2203,835,1368,0,0,0,1.0,1,1.0,1,1.0,1,0.2386867768898134,47
1112,2,2205,836,1369,0,0,0,1.0,1,1.0,1,1.0,1,0.2749431481834916,46
1113,4,2209,838,1371,0,0,0,1.0,1,1.0,1,1.0,1,0.26965044602655197,43
1114,2,2211,839,1372,0,0,0,1.0,1,1.0,1,1.0,1,0.2853005105351494,41
1115,4,2215,840,1375,0,0,0,1.0,1,1.0,1,1.0,1,0.24759373098041623,40
1116,2,2217,841,1376,0,0,0,1.0,1,1.0,1,1.0,1,0.23501353899622898,39
1117,5,2222,843,1379,0,0,0,1.0,1,1.0,1,1.0,1,0.23528838101527008,40
1118,3,2225,844,1381,0,0,0,1.0,1,1.0,1,1.0,1,0.1758052638933613,40
1119,2,2227,844,1383,0,0,0,1.0,1,1.0,1,1.0,1,0.18284103654706585,40
1120,2,2229,844,1385,0,0,0,1.0,1,1.0,1,1.0,1,0.18014728103028038,40
1121,5,2234,846,1388,0,0,0,1.0,1,1.0,1,1.0,1,0.2153718267752094,40
1122,2,2236,846,1390,0,0,0,1.0,1,1.0,1,1.0,1,0.21324836824083168,41
1123,2,2238,848,1390,0,0,0,1.0,1,1.0,1,1.0,1,0.2790183803884418,41
1124,2,2240,848,1392,0,0,0,1.0,1,1.0,1,1.0,1,0.26336212743522447,41
1125,1,2241,848,1393,0,0,0,1.0,1,1.0,1,1.0,1,0.2595452673013789,41
1126,0,2241,848,1393,0,0,0,1.0,1,1.0,1,1.0,1,0.23485196948850048,41
1127,1,2242,848,1394,0,0,0,1.0,1,1.0,1,1.0,1,0.22905742464461756,41
1128,0,2242,848,1394,0,0,0,1.0,1,1.0,1,1.0,1,0.24176078054872813,42
1129,4,2246,848,1398,0,0,0,1.0,1,1.0,1,1.0,1,0.21609018650694067,42
1130,2,2248,848,1400,0,0,0,1.0,1,1.0,1,1.0,1,0.18476745526885952,42
1131,0,2248,848,1400,0,0,0,1.0,1,1.0,1,1.0,1,0.18476745526885952,42
1132,0,2248,848,1400,0,0,0,1.0,1,1.0,1,1.0,1,0.15189168109147222,43
1133,0,2248,848,1400,0,0,0,1.0,1,1.0,1,1.0,1,0.14166586427373434,45
1134,2,2250,848,1402,0,0,0,1.0,1,1.0,1,1.0,1,0.13338154364544083,46
1135,0,2250,848,1402,0,0,0,1.0,1,1.0,1,1.0,1,0.14797407988786349,45
1136,3,2253,848,1405,0,0,0,1.0,1,1.0,1,1.0,1,0.14586244872566684,48
1137,4,2257,848,1409,0,0,0,1.0,1,1.0,1,1.0,1,0.1242143336981438,49
1138,3,2260,848,1412,0,0,0,1.0,1,1.0,1,1.0,1,0.11897608573494364,49
1139,1,2261,848,1413,0,0,0,1.0,1,1.0,1,1.0,1,0.12207341248635135,49
1140,2,2263,849,1414,0,0,0,1.0,1,1.0,1,1.0,1,0.12798009860539028,49
1141,1,2264,850,1414,0,0,0,1.0,1,1.0,1,1.0,1,0.17060785039480422,48
1142,5,2269,854,1415,0,0,0,1.0,1,1.0,1,1.0,1,0.12257651950760182,48
1143,3,2272,857,1415,0,0,0,1.0,1,1.0,1,1.0,1,0.18429327020634592,48
1144,2,2274,859,1415,0,0,0,1.0,1,1.0,1,1.0,1,0.15615838342737753,48
1145,4,2278,860,1418,0,0,0,1.0,1,1.0,1,1.0,1,0.1506699156441585,48
1146,5,2283,863,1420,0,0,0,1.0,1,1.0,1,1.0,1,0.17432092167114907,48
1147,3,2286,863,1423,0,0,0,1.0,1,1.0,1,1.0,1,0.18358691907417357,46
1148,3,2289,864,1425,0,0,0,1.0,1,1.0,1,1.0,1,0.18106872000738833,46
1149,6,2295,865,1430,0,0,0,1.0,1,1.0,1,1.0,1,0.19873831196300243,45
1150,3,2298,866,1432,0,0,0,1.0,1,1.0,1,1.0,1,0.20842492367443083,46
1151,5,2303,868,1435,0,0,0,1.0,1,1.0,1,1.0,1,0.1662524426667745,44
1152,3,2306,868,1438,0,0,0,1.0,1,1.0,1,1.0,1,0.1666940490615185,44
1153,4,2310,870,1440,0,0,0,1.0,1,1.0,1,1.0,1,0.16993790415110563,43
1154,1,2311,871,1440,0,0,0,1.0,1,1.0,1,1.0,1,0.16733739338031858,43
1155,4,2315,872,1443,0,0,0,1.0,1,1.0,1,1.0,1,0.1761341944206213,43
1156,0,2315,872,1443,0,0,0,1.0,1,1.0,1,1.0,1,0.18077830029943678,42
1157,3,2318,874,1444,0,0,0,1.0,1,1.0,1,1.0,1,0.1830740471462469,42
1158,0,2318,874,1444,0,0,0,1.0,1,1.0,1,1.0,1,0.1731750292502494,41
1159,0,2318,874,1444,0,0,0,1.0,1,1.0,1,1.0,1,0.173350743689522,41
1160,0,2318,874,1444,0,0,0,1.0,1,1.0,1,1.0,1,0.173350743689522,41
1161,1,2319,874,1445,0,0,0,1.0,1,1.0,1,1.0,1,0.15470674116622588,42
1162,3,2322,874,1448,0,0,0,1.0,1,1.0,1,1.0,1,0.11527143084763511,43
1163,0,2322,874,1448,0,0,0,1.0,1,1.0,1,1.0,1,0.11527143084763511,43
1164,0,2322,874,1448,0,0,0,1.0,1,1.0,1,1.0,1,0.10280791402065877,44
1165,0,2322,874,1448,0,0,0,1.0,1,1.0,1,1.0,1,0.10280791402065877,44
1166,0,2322,874,1448,0,0,0,1.0,1,1.0,1,1.0,1,0.12746731206226627,46
1167,0,2322,874,1448,0,0,0,1.0,1,1.0,1,1.0,1,0.12746731206226627,46
1168,2,2324,874,1450,0,0,0,1.0,1,1.0,1,1.0,1,0.12356545277091668,47
1169,2,2326,875,1451,0,0,0,1.0,1,1.0,1,1.0,1,0.06905427124899374,46
1170,1,2327,875,1452,0,0,0,1.0,1,1.0,1,1.0,1,0.06799171259908394,48
1171,3,2330,877,1453,0,0,0,1.0,1,1.0,1,1.0,1,0.09850776909591484,49
1172,1,2331,877,1454,0,0,0,1.0,1,1.0,1,1.0,1,0.09431491262002573,49
1173,0,2331,877,1454,0,0,0,1.0,1,1.0,1,1.0,1,0.09431491262002573,49
1174,1,2332,878,1454,0,0,0,1.0,1,1.0,1,1.0,1,0.11788126781972018,49
1175,2,2334,878,1456,0,0,0,1.0,1,1.0,1,1.0,1,0.10614332042071452,50
1176,1,2335,879,1456,0,0,0,1.0,1,1.0,1,1.0,1,0.10465021748755074,52
1177,2,2337,881,1456,0,0,0,1.0,1,1.0,1,1.0,1,0.1397218599467772,52
1178,0,2337,881,1456,0,0,0,1.0,1,1.0,1,1.0,1,0.1397218599467772,52
1179,1,2338,882,1456,0,0,0,1.0,1,1.0,1,1.0,1,0.12861506952670426,53
1180,1,2339,882,1457,0,0,0,1.0,1,1.0,1,1.0,1,0.1075523589006753,54
1181,0,2339,882,1457,0,0,0,1.0,1,1.0,1,1.0,1,0.12022353075695859,55
1182,2,2341,884,1457,0,0,0,1.0,1,1.0,1,1.0,1,0.15608580445952236,55
1183,3,2344,885,1459,0,0,0,1.0,1,1.0,1,1.0,1,0.1857142616353032,53
1184,1,2345,886,1459,0,0,0,1.0,1,1.0,1,1.0,1,0.17506571414989988,54
1185,3,2348,886,1462,0,0,0,1.0,1,1.0,1,1.0,1,0.13794681444182813,53
1186,5,2353,887,1466,0,0,0,1.0,1,1.0,1,1.0,1,0.16380593792703074,54
1187,2,2355,887,1468,0,0,0,1.0,1,1.0,1,1.0,1,0.16346320723533625,55
1188,0,2355,887,1468,0,0,0,1.0,1,1.0,1,1.0,1,0.16346320723533625,55
1189,3,2358,887,1471,0,0,0,1.0,1,1.0,1,1.0,1,0.1354869946376473,54
1190,1,2359,888,1471,0,0,0,1.0,1,1.0,1,1.0,1,0.13093119932892255,55
1191,4,2363,888,1475,0,0,0,1.0,1,1.0,1,1.0,1,0.0849143662633526,54
1192,7,2370,891,1479,0,0,0,1.0,1,1.0,1,1.0,1,0.11287885820960655,52
1193,1,2371,891,1480,0,0,0,1.0,1,1.0,1,1.0,1,0.09689183575601923,53
1194,2,2373,893,1480,0,0,0,1.0,1,1.0,1,1.0,1,0.121966108702554,53
1195,2,2375,893,1482,0,0,0,1.0,1,1.0,1,1.0,1,0.0977025990462782,54
1196,0,2375,893,1482,0,0,0,1.0,1,1.0,1,1.0,1,0.09903896181809209,56
1197,2,2377,893,1484,0,0,0,1.0,1,1.0,1,1.0,1,0.07739988053531884,56
1198,1,2378,894,1484,0,0,0,1.0,1,1.0,1,1.0,1,0.08504821054047879,58
1199,1,2379,895,1484,0,0,0,1.0,1,1.0,1,1.0,1,0.08031678076528655,58
1200,0,2379,895,1484,0,0,0,1.0,1,1.0,1,1.0,1,0.08031678076528655,58
1201,3,2382,897,1485,0,0,0,1.0,1,1.0,1,1.0,1,0.09854280615100584,58
1202,1,2383,898,1485,0,0,0,1.0,1,1.0,1,1.0,1,0.10169515235105608,60
1203,1,2384,898,1486,0,0,0,1.0,1,1.0,1,1.0,1,0.10409463963013633,58
1204,1,2385,899,1486,0,0,0,1.0,1,1.0,1,1.0,1,0.10598246738709814,59
1205,3,2388,900,1488,0,0,0,1.0,1,1.0,1,1.0,1,0.08808842985168992,59
1206,0,2388,900,1488,0,0,0,1.0,1,1.0,1,1.0,1,0.10995109032148358,58
1207,1,2389,900,1489,0,0,0,1.0,1,1.0,1,1.0,1,0.11722638718831879,60
1208,0,2389,900,1489,0,0,0,1.0,1,1.0,1,1.0,1,0.11722638718831879,60
1209,1,2390,900,1490,0,0,0,1.0,1,1.0,1,1.0,1,0.10821317227912872,61
1210,1,2391,900,1491,0,0,0,1.0,1,1.0,1,1.0,1,0.1048750928201219,61
1211,2,2393,900,1493,0,0,0,1.0,1,1.0,1,1.0,1,0.08822693170393782,63
1212,1,2394,901,1493,0,0,0,1.0,1,1.0,1,1.0,1,0.08895669744110027,63
1213,1,2395,902,1493,0,0,0,1.0,1,1.0,1,1.0,1,0.097904833817504,63
1214,5,2400,904,1496,0,0,0,1.0,1,1.0,1,1.0,1,0.1516853417549679,62
1215,2,2402,905,1497,0,0,0,1.0,1,1.0,1,1.0,1,0.15725298299738305,63
1216,1,2403,905,1498,0,0,0,1.0,1,1.0,1,1.0,1,0.177805608486787,64
1217,3,2406,905,1501,0,0,0,1.0,1,1.0,1,1.0,1,0.15441515430693897,65
1218,1,2407,905,1502,0,0,0,1.0,1,1.0,1,1.0,1,0.1640418113605983,64
1219,1,2408,905,1503,0,0,0,1.0,1,1.0,1,1.0,1,0.17236690038482247,65
1220,0,2408,905,1503,0,0,0,1.0,1,1.0,1,1.0,1,0.18504802766804537,64
1221,6,2414,906,1508,0,0,0,1.0,1,1.0,1,1.0,1,0.14375110855604634,65
1222,1,2415,906,1509,0,0,0,1.0,1,1.0,1,1.0,1,0.14054259599853733,66
1223,3,2418,907,1511,0,0,0,1.0,1,1.0,1,1.0,1,0.1291548525725142,64
1224,8,2426,910,1516,0,0,0,1.0,1,1.0,1,1.0,1,0.11842774574133602,66
1225,6,2432,912,1520,0,0,0,1.0,1,1.0,1,1.0,1,0.09296364605584105,66
1226,4,2436,912,1524,0,0,0,1.0,1,1.0,1,1.0,1,0.10173410890797167,68
1227,3,2439,912,1527,0,0,0,1.0,1,1.0,1,1.0,1,0.06420806236269937,64
1228,2,2441,912,1529,0,0,0,1.0,1,1.0,1,1.0,1,0.06058316784271293,62
1229,4,2445,914,1531,0,0,0,1.0,1,1.0,1,1.0,1,0.10589693996667138,61
1230,1,2446,915,1531,0,0,0,1.0,1,1.0,1,1.0,1,0.09428661616425876,58
1231,1,2447,916,1531,0,0,0,1.0,1,1.0,1,1.0,1,0.10438023606238642,57
1232,1,2448,917,1531,0,0,0,1.0,1,1.0,1,1.0,1,0.13251756210569038,53
1233,4,2452,918,1534,0,0,0,1.0,1,1.0,1,1.0,1,0.08817248739446426,53
1234,1,2453,918,1535,0,0,0,1.0,1,1.0,1,1.0,1,0.08995367034490358,54
1235,5,2458,918,1540,0,0,0,1.0,1,1.0,1,1.0,1,0.056588428413546804,55
1236,1,2459,919,1540,0,0,0,1.0,1,1.0,1,1.0,1,0.09786942119508237,55
1237,3,2462,919,1543,0,0,0,1.0,1,1.0,1,1.0,1,0.07401643589025307,55
1238,0,2462,919,1543,0,0,0,1.0,1,1.0,1,1.0,1,0.0910748854568438,54
1239,0,2462,919,1543,0,0,0,1.0,1,1.0,1,1.0,1,0.09396311444083193,55
1240,0,2462,919,1543,0,0,0,1.0,1,1.0,1,1.0,1,0.09396311444083193,55
1241,0,2462,919,1543,0,0,0,1.0,1,1.0,1,1.0,1,0.07486479231591263,54
1242,0,2462,919,1543,0,0,0,1.0,1,1.0,1,1.0,1,0.0791269295993901,54
1243,2,2464,921,1543,0,0,0,1.0,1,1.0,1,1.0,1,0.13011714217888537,55
1244,0,2464,921,1543,0,0,0,1.0,1,1.0,1,1.0,1,0.13993406218360951,55
1245,6,2470,923,1547,0,0,0,1.0,1,1.0,1,1.0,1,0.13754984560621478,55
1246,0,2470,923,1547,0,0,0,1.0,1,1.0,1,1.0,1,0.15960088458512095,55
1247,3,2473,924,1549,0,0,0,1.0,1,1.0,1,1.0,1,0.16220490036847243,57
1248,0,2473,924,1549,0,0,0,1.0,1,1.0,1,1.0,1,0.17386502852319577,56
1249,7,2480,927,1553,0,0,0,1.0,1,1.0,1,1.0,1,0.16257416185021273,56
1250,3,2483,929,1554,0,0,0,1.0,1,1.0,1,1.0,1,0.13638346691707168,56
1251,1,2484,929,1555,0,0,0,1.0,1,1.0,1,1.0,1,0.11317751504370886,58
1252,2,2486,931,1555,0,0,0,1.0,1,1.0,1,1.0,1,0.15722708161460505,58
1253,5,2491,933,1558,0,0,0,1.0,1,1.0,1,1.0,1,0.15008885619523013,58
1254,1,2492,933,1559,0,0,0,1.0,1,1.0,1,1.0,1,0.12848533433033676,60
1255,1,2493,933,1560,0,0,0,1.0,1,1.0,1,1.0,1,0.12424707086425443,61
1256,1,2494,933,1561,0,0,0,1.0,1,1.0,1,1.0,1,0.1287238776611186,61
1257,6,2500,935,1565,0,0,0,1.0,1,1.0,1,1.0,1,0.1238176170135714,62
1258,1,2501,935,1566,0,0,0,1.0,1,1.0,1,1.0,1,0.11249632457581019,63
1259,0,2501,935,1566,0,0,0,1.0,1,1.0,1,1.0,1,0.11249632457581019,63
1260,0,2501,935,1566,0,0,0,1.0,1,1.0,1,1.0,1,0.10586155461123535,63
1261,2,2503,935,1568,0,0,0,1.0,1,1.0,1,1.0,1,0.08594016080689955,63
1262,1,2504,936,1568,0,0,0,1.0,1,1.0,1,1.0,1,0.10497798713028715,64
1263,1,2505,937,1568,0,0,0,1.0,1,1.0,1,1.0,1,0.11844396823090361,63
1264,3,2508,939,1569,0,0,0,1.0,1,1.0,1,1.0,1,0.13156154941746867,63
1265,5,2513,942,1571,0,0,0,1.0,1,1.0,1,1.0,1,0.12259999329245731,60
1266,8,2521,946,1575,0,0,0,1.0,1,1.0,1,1.0,1,0.14292061759329128,61
1267,5,2526,947,1579,0,0,0,1.0,1,1.0,1,1.0,1,0.08037457761502474,58
1268,4,2530,950,1580,0,0,0,1.0,1,1.0,1,1.0,1,0.1504441679348102,54
1269,3,2533,951,1582,0,0,0,1.0,1,1.0,1,1.0,1,0.09147648920198896,54
1270,2,2535,953,1582,0,0,0,1.0,1,1.0,1,1.0,1,0.10954559059605594,51
1271,1,2536,954,1582,0,0,0,1.0,1,1.0,1,1.0,1,0.13685817139440506,50
1272,0,2536,954,1582,0,0,0,1.0,1,1.0,1,1.0,1,0.14778065069031474,47
1273,6,2542,955,1587,0,0,0,1.0,1,1.0,1,1.0,1,0.09886815432885356,47
1274,1,2543,956,1587,0,0,0,1.0,1,1.0,1,1.0,1,0.14681713354069661,49
1275,3,2546,958,1588,0,0,0,1.0,1,1.0,1,1.0,1,0.15975188844462923,48
1276,4,2550,959,1591,0,0,0,1.0,1,1.0,1,1.0,1,0.1444705753637601,49
1277,8,2558,963,1595,0,0,0,1.0,1,1.0,1,1.0,1,0.14907921383476175,50
1278,1,2559,963,1596,0,0,0,1.0,1,1.0,1,1.0,1,0.150296986643279,51
1279,1,2560,964,1596,0,0,0,1.0,1,1.0,1,1.0,1,0.18925962938547264,51
1280,5,2565,964,1601,0,0,0,1.0,1,1.0,1,1.0,1,0.10308190097777542,52
1281,3,2568,966,1602,0,0,0,1.0,1,1.0,1,1.0,1,0.09073232328078637,52
1282,0,2568,966,1602,0,0,0,1.0,1,1.0,1,1.0,1,0.09073232328078637,52
1283,0,2568,966,1602,0,0,0,1.0,1,1.0,1,1.0,1,0.09073232328078637,52
1284,1,2569,967,1602,0,0,0,1.0,1,1.0,1,1.0,1,0.09983337638214253,52
1285,3,2572,968,1604,0,0,0,1.0,1,1.0,1,1.0,1,0.13744075409215356,51
1286,1,2573,968,1605,0,0,0,1.0,1,1.0,1,1.0,1,0.14309020403660758,52
1287,4,2577,969,1608,0,0,0,1.0,1,1.0,1,1.0,1,0.14461914135548162,54
1288,0,2577,969,1608,0,0,0,1.0,1,1.0,1,1.0,1,0.15345468971519083,55
1289,2,2579,969,1610,0,0,0,1.0,1,1.0,1,1.0,1,0.13347485098547474,56
1290,2,2581,969,1612,0,0,0,1.0,1,1.0,1,1.0,1,0.09286409921405034,57
1291,1,2582,969,1613,0,0,0,1.0,1,1.0,1,1.0,1,0.09302931904991699,58
1292,5,2587,970,1617,0,0,0,1.0,1,1.0,1,1.0,1,0.08740354646622281,59
1293,1,2588,970,1618,0,0,0,1.0,1,1.0,1,1.0,1,0.0654433280289012,59
1294,0,2588,970,1618,0,0,0,1.0,1,1.0,1,1.0,1,0.0654433280289012,59
1295,1,2589,971,1618,0,0,0,1.0,1,1.0,1,1.0,1,0.06061169553232497,59
1296,0,2589,971,1618,0,0,0,1.0,1,1.0,1,1.0,1,0.09127269105310161,59
1297,4,2593,972,1621,0,0,0,1.0,1,1.0,1,1.0,1,0.07373921544864673,61
1298,0,2593,972,1621,0,0,0,1.0,1,1.0,1,1.0,1,0.09380483270727165,61
1299,0,2593,972,1621,0,0,0,1.0,1,1.0,1,1.0,1,0.10495718520603975,60
1300,1,2594,972,1622,0,0,0,1.0,1,1.0,1,1.0,1,0.08932041315302469,59
1301,4,2598,973,1625,0,0,0,1.0,1,1.0,1,1.0,1,0.10799265106822582,59
1302,2,2600,974,1626,0,0,0,1.0,1,1.0,1,1.0,1,0.08848542641468639,59
1303,3,2603,977,1626,0,0,0,1.0,1,1.0,1,1.0,1,0.1585614324091321,55
1304,5,2608,981,1627,0,0,0,1.0,1,1.0,1,1.0,1,0.10783636800803285,56
1305,3,2611,982,1629,0,0,0,1.0,1,1.0,1,1.0,1,0.14828509919158986,54
1306,3,2614,984,1630,0,0,0,1.0,1,1.0,1,1.0,1,0.13178365144053825,53
1307,3,2617,987,1630,0,0,0,1.0,1,1.0,1,1.0,1,0.13666453905706616,52
1308,4,2621,990,1631,0,0,0,1.0,1,1.0,1,1.0,1,0.1755829934365987,52
1309,3,2624,990,1634,0,0,0,1.0,1,1.0,1,1.0,1,0.12995172785599168,54
1310,0,2624,990,1634,0,0,0,1.0,1,1.0,1,1.0,1,0.13720400852487533,52
1311,3,2627,992,1635,0,0,0,1.0,1,1.0,1,1.0,1,0.12880876865213522,51
1312,2,2629,994,1635,0,0,0,1.0,1,1.0,1,1.0,1,0.17517456035630527,49
1313,1,2630,994,1636,0,0,0,1.0,1,1.0,1,1.0,1,0.17685269106094803,47
1314,1,2631,995,1636,0,0,0,1.0,1,1.0,1,1.0,1,0.16011166837332313,46
1315,2,2633,996,1637,0,0,0,1.0,1,1.0,1,1.0,1,0.13184823617760838,45
1316,3,2636,998,1638,0,0,0,1.0,1,1.0,1,1.0,1,0.09381287484297844,46
1317,1,2637,998,1639,0,0,0,1.0,1,1.0,1,1.0,1,0.08169495129474118,45
1318,2,2639,1000,1639,0,0,0,1.0,1,1.0,1,1.0,1,0.12593357986154377,46
1319,0,2639,1000,1639,0,0,0,1.0,1,1.0,1,1.0,1,0.12593357986154377,46
1320,0,2639,1000,1639,0,0,0,1.0,1,1.0,1,1.0,1,0.12593357986154377,46
1321,0,2639,1000,1639,0,0,0,1.0,1,1.0,1,1.0,1,0.11104209360860515,48
1322,0,2639,1000,1639,0,0,0,1.0,1,1.0,1,1.0,1,0.12135451634814952,49
1323,1,2640,1000,1640,0,0,0,1.0,1,1.0,1,1.0,1,0.12258115980608544,49
1324,1,2641,1000,1641,0,0,0,1.0,1,1.0,1,1.0,1,0.13217524448775508,50
1325,3,2644,1000,1644,0,0,0,1.0,1,1.0,1,1.0,1,0.11798899301666904,49
1326,4,2648,1002,1646,0,0,0,1.0,1,1.0,1,1.0,1,0.1130588688546066,50
1327,2,2650,1003,1647,0,0,0,1.0,1,1.0,1,1.0,1,0.14473446538589999,50
1328,1,2651,1003,1648,0,0,0,1.0,1,1.0,1,1.0,1,0.13440010600186278,49
1329,1,2652,1003,1649,0,0,0,1.0,1,1.0,1,1.0,1,0.13050864599754497,50
1330,0,2652,1003,1649,0,0,0,1.0,1,1.0,1,1.0,1,0.13050864599754497,50
1331,3,2655,1004,1651,0,0,0,1.0,1,1.0,1,1.0,1,0.1385508545982384,50
1332,1,2656,1005,1651,0,0,0,1.0,1,1.0,1,1.0,1,0.12317774658322551,51
1333,3,2659,1006,1653,0,0,0,1.0,1,1.0,1,1.0,1,0.12742083306576338,52
1334,2,2661,1007,1654,0,0,0,1.0,1,1.0,1,1.0,1,0.13201544033909432,54
1335,0,2661,1007,1654,0,0,0,1.0,1,1.0,1,1.0,1,0.13201544033909432,54
1336,0,2661,1007,1654,0,0,0,1.0,1,1.0,1,1.0,1,0.13581777767650435,56
1337,4,2665,1008,1657,0,0,0,1.0,1,1.0,1,1.0,1,0.1454536393383948,57
1338,2,2667,1009,1658,0,0,0,1.0,1,1.0,1,1.0,1,0.1449779263012397,57
1339,4,2671,1011,1660,0,0,0,1.0,1,1.0,1,1.0,1,0.18207207062949998,58
1340,7,2678,1012,1666,0,0,0,1.0,1,1.0,1,1.0,1,0.20408034696371272,59
1341,3,2681,1012,1669,0,0,0,1.0,1,1.0,1,1.0,1,0.1355271714609522,57
1342,3,2684,1014,1670,0,0,0,1.0,1,1.0,1,1.0,1,0.15645974034525253,57
1343,0,2684,1014,1670,0,0,0,1.0,1,1.0,1,1.0,1,0.14992929224395596,55
1344,2,2686,1016,1670,0,0,0,1.0,1,1.0,1,1.0,1,0.15170910416540642,54
1345,3,2689,1016,1673,0,0,0,1.0,1,1.0,1,1.0,1,0.13421129999397127,53
1346,3,2692,1017,1675,0,0,0,1.0,1,1.0,1,1.0,1,0.11891325740666386,53
1347,0,2692,1017,1675,0,0,0,1.0,1,1.0,1,1.0,1,0.11686626193275354,51
1348,3,2695,1020,1675,0,0,0,1.0,1,1.0,1,1.0,1,0.13490640138721122,52
1349,1,2696,1020,1676,0,0,0,1.0,1,1.0,1,1.0,1,0.1109226843959223,50
1350,3,2699,1021,1678,0,0,0,1.0,1,1.0,1,1.0,1,0.12176339088531156,51
1351,1,2700,1022,1678,0,0,0,1.0,1,1.0,1,1.0,1,0.13318507174023048,50
1352,0,2700,1022,1678,0,0,0,1.0,1,1.0,1,1.0,1,0.12913256783876417,50
1353,4,2704,1022,1682,0,0,0,1.0,1,1.0,1,1.0,1,0.09999724086315182,50
1354,2,2706,1023,1683,0,0,0,1.0,1,1.0,1,1.0,1,0.13014710597047474,51
1355,3,2709,1025,1684,0,0,0,1.0,1,1.0,1,1.0,1,0.09669512812612477,53
1356,3,2712,1027,1685,0,0,0,1.0,1,1.0,1,1.0,1,0.09612353734074851,52
1357,3,2715,1028,1687,0,0,0,1.0,1,1.0,1,1.0,1,0.10159471681987686,52
1358,0,2715,1028,1687,0,0,0,1.0,1,1.0,1,1.0,1,0.10705200222571645,53
1359,4,2719,1029,1690,0,0,0,1.0,1,1.0,1,1.0,1,0.1242315657477609,54
1360,3,2722,1030,1692,0,0,0,1.0,1,1.0,1,1.0,1,0.12384508201702056,55
1361,5,2727,1031,1696,0,0,0,1.0,1,1.0,1,1.0,1,0.10748417078483119,55
1362,2,2729,1031,1698,0,0,0,1.0,1,1.0,1,1.0,1,0.08392657789520087,56
1363,2,2731,1032,1699,0,0,0,1.0,1,1.0,1,1.0,1,0.11551630678375957,56
1364,0,2731,1032,1699,0,0,0,1.0,1,1.0,1,1.0,1,0.10618715340855432,55
1365,0,2731,1032,1699,0,0,0,1.0,1,1.0,1,1.0,1,0.12125845033001036,56
1366,2,2733,1033,1700,0,0,0,1.0,1,1.0,1,1.0,1,0.11368284602549525,57
1367,3,2736,1034,1702,0,0,0,1.0,1,1.0,1,1.0,1,0.10234427384254992,57
1368,2,2738,1035,1703,0,0,0,1.0,1,1.0,1,1.0,1,0.11005431565394275,58
1369,5,2743,1036,1707,0,0,0,1.0,1,1.0,1,1.0,1,0.09263235145609186,59
1370,2,2745,1037,1708,0,0,0,1.0,1,1.0,1,1.0,1,0.10522267239532544,60
1371,0,2745,1037,1708,0,0,0,1.0,1,1.0,1,1.0,1,0.10443680711926706,59
1372,5,2750,1041,1709,0,0,0,1.0,1,1.0,1,1.0,1,0.16916410556620687,59
1373,9,2759,1042,1717,0,0,0,1.0,1,1.0,1,1.0,1,0.09489983413915275,59
1374,0,2759,1042,1717,0,0,0,1.0,1,1.0,1,1.0,1,0.09489983413915275,59
1375,1,2760,1042,1718,0,0,0,1.0,1,1.0,1,1.0,1,0.1206559637355232,62
1376,2,2762,1043,1719,0,0,0,1.0,1,1.0,1,1.0,1,0.15574744147844446,61
1377,5,2767,1044,1723,0,0,0,1.0,1,1.0,1,1.0,1,0.14602869387288642,63
1378,2,2769,1044,1725,0,0,0,1.0,1,1.0,1,1.0,1,0.1425620699222867,62
1379,7,2776,1046,1730,0,0,0,1.0,1,1.0,1,1.0,1,0.19358567861251133,61
1380,3,2779,1046,1733,0,0,0,1.0,1,1.0,1,1.0,1,0.16093638586774242,60
1381,3,2782,1046,1736,0,0,0,1.0,1,1.0,1,1.0,1,0.1244872879411512,58
1382,3,2785,1047,1738,0,0,0,1.0,1,1.0,1,1.0,1,0.0951452785925101,56
1383,1,2786,1047,1739,0,0,0,1.0,1,1.0,1,1.0,1,0.10346431019760068,57
1384,1,2787,1047,1740,0,0,0,1.0,1,1.0,1,1.0,1,0.1228505706575596,55
1385,6,2793,1047,1746,0,0,0,1.0,1,1.0,1,1.0,1,0.08237082596667197,55
1386,1,2794,1047,1747,0,0,0,1.0,1,1.0,1,1.0,1,0.09677572414542175,54
1387,1,2795,1048,1747,0,0,0,1.0,1,1.0,1,1.0,1,0.11021005334425305,53
1388,2,2797,1050,1747,0,0,0,1.0,1,1.0,1,1.0,1,0.13719506426478126,52
1389,8,2805,1050,1755,0,0,0,1.0,1,1.0,1,1.0,1,0.09298583257349655,52
1390,3,2808,1050,1758,0,0,0,1.0,1,1.0,1,1.0,1,0.12170859168164534,51
1391,5,2813,1050,1763,0,0,0,1.0,1,1.0,1,1.0,1,0.10982474535113633,52
1392,5,2818,1051,1767,0,0,0,1.0,1,1.0,1,1.0,1,0.1019785073364176,51
1393,4,2822,1052,1770,0,0,0,1.0,1,1.0,1,1.0,1,0.07785063382297433,51
1394,2,2824,1052,1772,0,0,0,1.0,1,1.0,1,1.0,1,0.09429732737292257,52
1395,2,2826,1052,1774,0,0,0,1.0,1,1.0,1,1.0,1,0.09429732737292257,52
1396,1,2827,1052,1775,0,0,0,1.0,1,1.0,1,1.0,1,0.08579503175277782,53
1397,0,2827,1052,1775,0,0,0,1.0,1,1.0,1,1.0,1,0.10499135968019997,56
1398,4,2831,1054,1777,0,0,0,1.0,1,1.0,1,1.0,1,0.14356750353732864,56
1399,2,2833,1055,1778,0,0,0,1.0,1,1.0,1,1.0,1,0.15438554904136656,57
1400,3,2836,1055,1781,0,0,0,1.0,1,1.0,1,1.0,1,0.13768761149206193,57
1401,5,2841,1056,1785,0,0,0,1.0,1,1.0,1,1.0,1,0.11455799794846465,57
1402,1,2842,1057,1785,0,0,0,1.0,1,1.0,1,1.0,1,0.12742691676951462,57
1403,1,2843,1057,1786,0,0,0,1.0,1,1.0,1,1.0,1,0.12765256351076015,56
1404,1,2844,1058,1786,0,0,0,1.0,1,1.0,1,1.0,1,0.13013879828908387,58
1405,4,2848,1059,1789,0,0,0,1.0,1,1.0,1,1.0,1,0.16931363722137335,58
1406,0,2848,1059,1789,0,0,0,1.0,1,1.0,1,1.0,1,0.16931363722137335,58
1407,0,2848,1059,1789,0,0,0,1.0,1,1.0,1,1.0,1,0.18674240894999297,57
1408,2,2850,1059,1791,0,0,0,1.0,1,1.0,1,1.0,1,0.19993165596214027,58
1409,8,2858,1059,1799,0,0,0,1.0,1,1.0,1,1.0,1,0.1504539894264842,57
1410,2,2860,1059,1801,0,0,0,1.0,1,1.0,1,1.0,1,0.1504539894264842,57
1411,1,2861,1060,1801,0,0,0,1.0,1,1.0,1,1.0,1,0.1846427335736309,56
1412,1,2862,1060,1802,0,0,0,1.0,1,1.0,1,1.0,1,0.17125661135874876,55
1413,2,2864,1060,1804,0,0,0,1.0,1,1.0,1,1.0,1,0.1625066483611799,57
1414,0,2864,1060,1804,0,0,0,1.0,1,1.0,1,1.0,1,0.1625066483611799,57
1415,2,2866,1061,1805,0,0,0,1.0,1,1.0,1,1.0,1,0.14130694045308084,60
1416,4,2870,1062,1808,0,0,0,1.0,1,1.0,1,1.0,1,0.14433452083919904,61
1417,1,2871,1062,1809,0,0,0,1.0,1,1.0,1,1.0,1,0.11128459655487052,59
1418,1,2872,1062,1810,0,0,0,1.0,1,1.0,1,1.0,1,0.103200260599978,60
1419,1,2873,1063,1810,0,0,0,1.0,1,1.0,1,1.0,1,0.11069672656759649,59
1420,1,2874,1063,1811,0,0,0,1.0,1,1.0,1,1.0,1,0.1352535103393994,58
1421,2,2876,1063,1813,0,0,0,1.0,1,1.0,1,1.0,1,0.12020599187034638,57
1422,0,2876,1063,1813,0,0,0,1.0,1,1.0,1,1.0,1,0.12020599187034638,57
1423,2,2878,1064,1814,0,0,0,1.0,1,1.0,1,1.0,1,0.1197318302525702,56
1424,1,2879,1065,1814,0,0,0,1.0,1,1.0,1,1.0,1,0.11174443056754145,57
1425,2,2881,1066,1815,0,0,0,1.0,1,1.0,1,1.0,1,0.11345807461536918,54
1426,3,2884,1068,1816,0,0,0,1.0,1,1.0,1,1.0,1,0.14629980134162418,54
1427,6,2890,1070,1820,0,0,0,1.0,1,1.0,1,1.0,1,0.1811569260305297,53
1428,1,2891,1071,1820,0,0,0,1.0,1,1.0,1,1.0,1,0.19115506773208585,52
1429,6,2897,1073,1824,0,0,0,1.0,1,1.0,1,1.0,1,0.10469175909862523,52
1430,1,2898,1074,1824,0,0,0,1.0,1,1.0,1,1.0,1,0.11633643172376147,51
1431,0,2898,1074,1824,0,0,0,1.0,1,1.0,1,1.0,1,0.1164126835480378,51
1432,3,2901,1076,1825,0,0,0,1.0,1,1.0,1,1.0,1,0.12997156633441956,52
1433,3,2904,1078,1826,0,0,0,1.0,1,1.0,1,1.0,1,0.10535421756532551,52
1434,4,2908,1081,1827,0,0,0,1.0,1,1.0,1,1.0,1,0.1281836437731025,52
1435,2,2910,1083,1827,0,0,0,1.0,1,1.0,1,1.0,1,0.17963982492798075,50
1436,3,2913,1086,1827,0,0,0,1.0,1,1.0,1,1.0,1,0.23739629938898857,50
1437,6,2919,1086,1833,0,0,0,1.0,1,1.0,1,1.0,1,0.18940525428428712,49
1438,2,2921,1086,1835,0,0,0,1.0,1,1.0,1,1.0,1,0.18940525428428712,49
1439,2,2923,1087,1836,0,0,0,1.0,1,1.0,1,1.0,1,0.18409737635673085,50
1440,7,2930,1091,1839,0,0,0,1.0,1,1.0,1,1.0,1,0.1941826953449664,50
1441,4,2934,1092,1842,0,0,0,1.0,1,1.0,1,1.0,1,0.15535724823644023,51
1442,1,2935,1092,1843,0,0,0,1.0,1,1.0,1,1.0,1,0.16682075379928452,50
1443,2,2937,1092,1845,0,0,0,1.0,1,1.0,1,1.0,1,0.15378751842222288,51
1444,1,2938,1092,1846,0,0,0,1.0,1,1.0,1,1.0,1,0.14523790270252004,51
1445,4,2942,1094,1848,0,0,0,1.0,1,1.0,1,1.0,1,0.15761901732037745,51
1446,0,2942,1094,1848,0,0,0,1.0,1,1.0,1,1.0,1,0.15303434388963336,51
1447,0,2942,1094,1848,0,0,0,1.0,1,1.0,1,1.0,1,0.15303434388963336,51
1448,2,2944,1095,1849,0,0,0,1.0,1,1.0,1,1.0,1,0.12007776121362343,51
1449,0,2944,1095,1849,0,0,0,1.0,1,1.0,1,1.0,1,0.12007776121362343,51
1450,1,2945,1095,1850,0,0,0,1.0,1,1.0,1,1.0,1,0.10666755573941927,52
1451,1,2946,1095,1851,0,0,0,1.0,1,1.0,1,1.0,1,0.11409263362181808,54
1452,3,2949,1096,1853,0,0,0,1.0,1,1.0,1,1.0,1,0.1381872383400283,56
1453,6,2955,1097,1858,0,0,0,1.0,1,1.0,1,1.0,1,0.11977733500729959,56
1454,4,2959,1097,1862,0,0,0,1.0,1,1.0,1,1.0,1,0.11991117927165688,58
1455,1,2960,1098,1862,0,0,0,1.0,1,1.0,1,1.0,1,0.14751806612829993,55
1456,0,2960,1098,1862,0,0,0,1.0,1,1.0,1,1.0,1,0.16066523025522492,56
1457,5,2965,1099,1866,0,0,0,1.0,1,1.0,1,1.0,1,0.16389366687556517,54
1458,5,2970,1104,1866,0,0,0,1.0,1,1.0,1,1.0,1,0.2332310728975946,52
1459,2,2972,1104,1868,0,0,0,1.0,1,1.0,1,1.0,1,0.2192282359448367,52
1460,0,2972,1104,1868,0,0,0,1.0,1,1.0,1,1.0,1,0.19933707089529526,50
1461,2,2974,1104,1870,0,0,0,1.0,1,1.0,1,1.0,1,0.18563796423275156,53
1462,7,2981,1107,1874,0,0,0,1.0,1,1.0,1,1.0,1,0.14948784454176264,51
1463,6,2987,1109,1878,0,0,0,1.0,1,1.0,1,1.0,1,0.17465037158465135,51
1464,0,2987,1109,1878,0,0,0,1.0,1,1.0,1,1.0,1,0.17465037158465135,51
1465,5,2992,1109,1883,0,0,0,1.0,1,1.0,1,1.0,1,0.154663171484459,49
1466,9,3001,1112,1889,0,0,0,1.0,1,1.0,1,1.0,1,0.16092792391968136,49
1467,3,3004,1114,1890,0,0,0,1.0,1,1.0,1,1.0,1,0.16504648342468786,47
1468,5,3009,1115,1894,0,0,0,1.0,1,1.0,1,1.0,1,0.17276075968339125,48
1469,4,3013,1116,1897,0,0,0,1.0,1,1.0,1,1.0,1,0.17425914862504502,47
1470,3,3016,1117,1899,0,0,0,1.0,1,1.0,1,1.0,1,0.14751740078795347,49
1471,2,3018,1117,1901,0,0,0,1.0,1,1.0,1,1.0,1,0.17206098711923293,48
1472,0,3018,1117,1901,0,0,0,1.0,1,1.0,1,1.0,1,0.15860746636454431,48
1473,2,3020,1117,1903,0,0,0,1.0,1,1.0,1,1.0,1,0.1512090666990657,49
1474,1,3021,1117,1904,0,0,0,1.0,1,1.0,1,1.0,1,0.13714655656369545,49
1475,1,3022,1117,1905,0,0,0,1.0,1,1.0,1,1.0,1,0.13059000313768462,49
1476,1,3023,1117,1906,0,0,0,1.0,1,1.0,1,1.0,1,0.12813793445663355,51
1477,0,3023,1117,1906,0,0,0,1.0,1,1.0,1,1.0,1,0.12813793445663355,51
1478,1,3024,1118,1906,0,0,0,1.0,1,1.0,1,1.0,1,0.11384040808882379,52
1479,2,3026,1118,1908,0,0,0,1.0,1,1.0,1,1.0,1,0.10091693939065659,53
1480,1,3027,1119,1908,0,0,0,1.0,1,1.0,1,1.0,1,0.11276900280944258,53
1481,1,3028,1119,1909,0,0,0,1.0,1,1.0,1,1.0,1,0.1025585936314982,53
1482,3,3031,1120,1911,0,0,0,1.0,1,1.0,1,1.0,1,0.1294160896586301,52
1483,1,3032,1120,1912,0,0,0,1.0,1,1.0,1,1.0,1,0.13107774652087067,52
1484,1,3033,1120,1913,0,0,0,1.0,1,1.0,1,1.0,1,0.14703611206914297,53
1485,2,3035,1120,1915,0,0,0,1.0,1,1.0,1,1.0,1,0.12902750680483843,53
1486,1,3036,1120,1916,0,0,0,1.0,1,1.0,1,1.0,1,0.14320503996862294,54
1487,1,3037,1121,1916,0,0,0,1.0,1,1.0,1,1.0,1,0.14394113241743778,55
1488,2,3039,1121,1918,0,0,0,1.0,1,1.0,1,1.0,1,0.16103650012738854,57
1489,5,3044,1124,1920,0,0,0,1.0,1,1.0,1,1.0,1,0.14212304241633272,58
1490,1,3045,1124,1921,0,0,0,1.0,1,1.0,1,1.0,1,0.1234143406457846,58
1491,4,3049,1126,1923,0,0,0,1.0,1,1.0,1,1.0,1,0.15404704084550466,59
1492,9,3058,1127,1931,0,0,0,1.0,1,1.0,1,1.0,1,0.15259254297647865,59
1493,2,3060,1128,1932,0,0,0,1.0,1,1.0,1,1.0,1,0.10954457799346551,58
1494,2,3062,1129,1933,0,0,0,1.0,1,1.0,1,1.0,1,0.12720881654607252,58
1495,3,3065,1130,1935,0,0,0,1.0,1,1.0,1,1.0,1,0.15609860052434643,57
1496,1,3066,1130,1936,0,0,0,1.0,1,1.0,1,1.0,1,0.15621604733936265,59
1497,5,3071,1132,1939,0,0,0,1.0,1,1.0,1,1.0,1,0.16771488579305716,58
1498,4,3075,1133,1942,0,0,0,1.0,1,1.0,1,1.0,1,0.19243171047413332,58
1499,1,3076,1133,1943,0,0,0,1.0,1,1.0,1,1.0,1,0.16676835004949583,56
1500,3,3079,1134,1945,0,0,0,1.0,1,1.0,1,1.0,1,0.16783682437533537,57
1501,2,3081,1134,1947,0,0,0,1.0,1,1.0,1,1.0,1,0.1411010524137682,55
1502,1,3082,1135,1947,0,0,0,1.0,1,1.0,1,1.0,1,0.15774717009284991,55
1503,2,3084,1137,1947,0,0,0,1.0,1,1.0,1,1.0,1,0.1500158155458771,54
1504,1,3085,1137,1948,0,0,0,1.0,1,1.0,1,1.0,1,0.11668455502265662,55
1505,2,3087,1138,1949,0,0,0,1.0,1,1.0,1,1.0,1,0.10212470768850526,53
1506,2,3089,1139,1950,0,0,0,1.0,1,1.0,1,1.0,1,0.11089974390369975,55
1507,1,3090,1140,1950,0,0,0,1.0,1,1.0,1,1.0,1,0.12410608686216872,53
1508,4,3094,1143,1951,0,0,0,1.0,1,1.0,1,1.0,1,0.14626309883884447,53
1509,3,3097,1144,1953,0,0,0,1.0,1,1.0,1,1.0,1,0.13388177987903507,52
1510,1,3098,1145,1953,0,0,0,1.0,1,1.0,1,1.0,1,0.15280582422357314,50
1511,1,3099,1146,1953,0,0,0,1.0,1,1.0,1,1.0,1,0.1689565906471453,49
1512,2,3101,1147,1954,0,0,0,1.0,1,1.0,1,1.0,1,0.16922759496399936,48
1513,4,3105,1148,1957,0,0,0,1.0,1,1.0,1,1.0,1,0.18289724174767222,47
1514,0,3105,1148,1957,0,0,0,1.0,1,1.0,1,1.0,1,0.15952057713256554,48
1515,1,3106,1148,1958,0,0,0,1.0,1,1.0,1,1.0,1,0.14676285175341833,48
1516,0,3106,1148,1958,0,0,0,1.0,1,1.0,1,1.0,1,0.15202766437411566,47
1517,1,3107,1148,1959,0,0,0,1.0,1,1.0,1,1.0,1,0.16256538795531683,48
1518,1,3108,1149,1959,0,0,0,1.0,1,1.0,1,1.0,1,0.1570928500166435,48
1519,0,3108,1149,1959,0,0,0,1.0,1,1.0,1,1.0,1,0.17293526217084448,47
1520,4,3112,1152,1960,0,0,0,1.0,1,1.0,1,1.0,1,0.20048872817186997,48
1521,5,3117,1152,1965,0,0,0,1.0,1,1.0,1,1.0,1,0.14497724260343353,49
1522,1,3118,1153,1965,0,0,0,1.0,1,1.0,1,1.0,1,0.15353705073102583,48
1523,2,3120,1154,1966,0,0,0,1.0,1,1.0,1,1.0,1,0.15544541709880288,49
1524,3,3123,1155,1968,0,0,0,1.0,1,1.0,1,1.0,1,0.16443133864079496,49
1525,8,3131,1156,1975,0,0,0,1.0,1,1.0,1,1.0,1,0.11808279917972217,51
1526,2,3133,1156,1977,0,0,0,1.0,1,1.0,1,1.0,1,0.07684154869291941,52
1527,6,3139,1157,1982,0,0,0,1.0,1,1.0,1,1.0,1,0.12485939397868584,54
1528,4,3143,1158,1985,0,0,0,1.0,1,1.0,1,1.0,1,0.13449249560208135,54
1529,2,3145,1158,1987,0,0,0,1.0,1,1.0,1,1.0,1,0.11385836062819718,54
1530,1,3146,1158,1988,0,0,0,1.0,1,1.0,1,1.0,1,0.11765494295369519,54
1531,0,3146,1158,1988,0,0,0,1.0,1,1.0,1,1.0,1,0.12186979125463586,54
1532,1,3147,1159,1988,0,0,0,1.0,1,1.0,1,1.0,1,0.12762928031107973,54
1533,2,3149,1159,1990,0,0,0,1.0,1,1.0,1,1.0,1,0.09626702938963569,54
1534,1,3150,1160,1990,0,0,0,1.0,1,1.0,1,1.0,1,0.08333999865856496,54
1535,0,3150,1160,1990,0,0,0,1.0,1,1.0,1,1.0,1,0.08333999865856496,54
1536,0,3150,1160,1990,0,0,0,1.0,1,1.0,1,1.0,1,0.0844392303071547,55
1537,1,3151,1160,1991,0,0,0,1.0,1,1.0,1,1.0,1,0.08949929265696688,53
1538,1,3152,1160,1992,0,0,0,1.0,1,1.0,1,1.0,1,0.06951540089897484,54
1539,0,3152,1160,1992,0,0,0,1.0,1,1.0,1,1.0,1,0.10084078738629555,54
1540,1,3153,1161,1992,0,0,0,1.0,1,1.0,1,1.0,1,0.1165936820238943,54
1541,2,3155,1161,1994,0,0,0,1.0,1,1.0,1,1.0,1,0.0845110395167757,54
1542,1,3156,1162,1994,0,0,0,1.0,1,1.0,1,1.0,1,0.09696973543284168,57
1543,3,3159,1164,1995,0,0,0,1.0,1,1.0,1,1.0,1,0.11528333807691395,55
1544,6,3165,1166,1999,0,0,0,1.0,1,1.0,1,1.0,1,0.11723624625818496,54
1545,5,3170,1167,2003,0,0,0,1.0,1,1.0,1,1.0,1,0.08221192621044959,54
1546,1,3171,1168,2003,0,0,0,1.0,1,1.0,1,1.0,1,0.08938489540695757,53
1547,7,3178,1171,2007,0,0,0,1.0,1,1.0,1,1.0,1,0.08491273504435812,53
1548,3,3181,1173,2008,0,0,0,1.0,1,1.0,1,1.0,1,0.06320063890997082,54
1549,2,3183,1174,2009,0,0,0,1.0,1,1.0,1,1.0,1,0.06452649259717409,52
1550,4,3187,1178,2009,0,0,0,1.0,1,1.0,1,1.0,1,0.10617285724687923,52
1551,7,3194,1182,2012,0,0,0,1.0,1,1.0,1,1.0,1,0.1107640270916438,52
1552,5,3199,1186,2013,0,0,0,1.0,1,1.0,1,1.0,1,0.12209063585152971,51
1553,14,3213,1189,2024,0,0,0,1.0,1,1.0,1,1.0,1,0.09878043331940921,51
1554,6,3219,1191,2028,0,0,0,1.0,1,1.0,1,1.0,1,0.11419417882860575,51
1555,3,3222,1191,2031,0,0,0,1.0,1,1.0,1,1.0,1,0.08781290118458357,50
1556,4,3226,1191,2035,0,0,0,1.0,1,1.0,1,1.0,1,0.11460267556460771,51
1557,2,3228,1193,2035,0,0,0,1.0,1,1.0,1,1.0,1,0.14691156409214626,51
1558,2,3230,1193,2037,0,0,0,1.0,1,1.0,1,1.0,1,0.12387455879737114,52
1559,6,3236,1196,2040,0,0,0,1.0,1,1.0,1,1.0,1,0.12832889658766036,53
1560,3,3239,1199,2040,0,0,0,1.0,1,1.0,1,1.0,1,0.1363370240568075,51
1561,1,3240,1199,2041,0,0,0,1.0,1,1.0,1,1.0,1,0.11454152219389883,51
1562,0,3240,1199,2041,0,0,0,1.0,1,1.0,1,1.0,1,0.12156948487961294,52
1563,0,3240,1199,2041,0,0,0,1.0,1,1.0,1,1.0,1,0.12156948487961294,52
1564,0,3240,1199,2041,0,0,0,1.0,1,1.0,1,1.0,1,0.14746730087003196,51
1565,2,3242,1200,2042,0,0,0,1.0,1,1.0,1,1.0,1,0.12724747794113045,53
1566,2,3244,1200,2044,0,0,0,1.0,1,1.0,1,1.0,1,0.13529349014926645,53
1567,1,3245,1200,2045,0,0,0,1.0,1,1.0,1,1.0,1,0.13837806641961325,52
1568,0,3245,1200,2045,0,0,0,1.0,1,1.0,1,1.0,1,0.13837806641961325,52
1569,6,3251,1200,2051,0,0,0,1.0,1,1.0,1,1.0,1,0.09617442065142426,49
1570,3,3254,1201,2053,0,0,0,1.0,1,1.0,1,1.0,1,0.11042885300055238,48
1571,0,3254,1201,2053,0,0,0,1.0,1,1.0,1,1.0,1,0.10992492749921268,46
1572,1,3255,1202,2053,0,0,0,1.0,1,1.0,1,1.0,1,0.10237584549532915,47
1573,1,3256,1202,2054,0,0,0,1.0,1,1.0,1,1.0,1,0.08242865385270716,48
1574,2,3258,1204,2054,0,0,0,1.0,1,1.0,1,1.0,1,0.14898885388856187,46
1575,5,3263,1207,2056,0,0,0,1.0,1,1.0,1,1.0,1,0.19386996991514827,47
1576,5,3268,1210,2058,0,0,0,1.0,1,1.0,1,1.0,1,0.11063591870312321,46
1577,0,3268,1210,2058,0,0,0,1.0,1,1.0,1,1.0,1,0.09186226995627775,45
1578,2,3270,1211,2059,0,0,0,1.0,1,1.0,1,1.0,1,0.10337740036819626,44
1579,1,3271,1212,2059,0,0,0,1.0,1,1.0,1,1.0,1,0.1348769525388799,43
1580,1,3272,1212,2060,0,0,0,1.0,1,1.0,1,1.0,1,0.13182896543607697,43
1581,2,3274,1212,2062,0,0,0,1.0,1,1.0,1,1.0,1,0.14191890637590454,42
1582,3,3277,1214,2063,0,0,0,1.0,1,1.0,1,1.0,1,0.14549697384995253,42
1583,1,3278,1215,2063,0,0,0,1.0,1,1.0,1,1.0,1,0.16720317789587963,43
1584,2,3280,1217,2063,0,0,0,1.0,1,1.0,1,1.0,1,0.15900933439507617,41
1585,3,3283,1218,2065,0,0,0,1.0,1,1.0,1,1.0,1,0.11463790421947219,43
1586,4,3287,1220,2067,0,0,0,1.0,1,1.0,1,1.0,1,0.13534422009661984,42
1587,3,3290,1221,2069,0,0,0,1.0,1,1.0,1,1.0,1,0.13031080513622342,42
1588,2,3292,1222,2070,0,0,0,1.0,1,1.0,1,1.0,1,0.1289000947081758,42
1589,2,3294,1223,2071,0,0,0,1.0,1,1.0,1,1.0,1,0.09158067997557479,42
1590,1,3295,1223,2072,0,0,0,1.0,1,1.0,1,1.0,1,0.12671363632736946,41
1591,1,3296,1223,2073,0,0,0,1.0,1,1.0,1,1.0,1,0.12083608111414877,40
1592,1,3297,1224,2073,0,0,0,1.0,1,1.0,1,1.0,1,0.14167598444651192,39
1593,4,3301,1226,2075,0,0,0,1.0,1,1.0,1,1.0,1,0.14038406467193454,39
1594,1,3302,1226,2076,0,0,0,1.0,1,1.0,1,1.0,1,0.08247261244191718,39
1595,2,3304,1228,2076,0,0,0,1.0,1,1.0,1,1.0,1,0.15820978256847412,42
1596,0,3304,1228,2076,0,0,0,1.0,1,1.0,1,1.0,1,0.16469761898074695,41
1597,4,3308,1229,2079,0,0,0,1.0,1,1.0,1,1.0,1,0.11354591898591482,41
1598,2,3310,1229,2081,0,0,0,1.0,1,1.0,1,1.0,1,0.08148567097483347,39
1599,0,3310,1229,2081,0,0,0,1.0,1,1.0,1,1.0,1,0.08148567097483347,39
1600,1,3311,1230,2081,0,0,0,1.0,1,1.0,1,1.0,1,0.13416205799166006,40
1601,5,3316,1232,2084,0,0,0,1.0,1,1.0,1,1.0,1,0.15433547296734712,41
1602,1,3317,1232,2085,0,0,0,1.0,1,1.0,1,1.0,1,0.09756999953766426,41
1603,3,3320,1233,2087,0,0,0,1.0,1,1.0,1,1.0,1,0.15699514585933502,43
1604,2,3322,1233,2089,0,0,0,1.0,1,1.0,1,1.0,1,0.15699514585933502,43
1605,4,3326,1234,2092,0,0,0,1.0,1,1.0,1,1.0,1,0.15590560384338048,44
1606,3,3329,1235,2094,0,0,0,1.0,1,1.0,1,1.0,1,0.15036622294800756,44
1607,2,3331,1236,2095,0,0,0,1.0,1,1.0,1,1.0,1,0.14256472580275795,42
1608,3,3334,1239,2095,0,0,0,1.0,1,1.0,1,1.0,1,0.18634321704068835,41
1609,2,3336,1239,2097,0,0,0,1.0,1,1.0,1,1.0,1,0.1210892897922225,39
1610,2,3338,1240,2098,0,0,0,1.0,1,1.0,1,1.0,1,0.1298896739589451,39
1611,3,3341,1240,2101,0,0,0,1.0,1,1.0,1,1.0,1,0.13689615028940827,40
1612,0,3341,1240,2101,0,0,0,1.0,1,1.0,1,1.0,1,0.13198734638256576,39
1613,3,3344,1241,2103,0,0,0,1.0,1,1.0,1,1.0,1,0.14772642778503456,41
1614,1,3345,1242,2103,0,0,0,1.0,1,1.0,1,1.0,1,0.1600582609098604,41
1615,1,3346,1242,2104,0,0,0,1.0,1,1.0,1,1.0,1,0.1525638349915257,41
1616,5,3351,1243,2108,0,0,0,1.0,1,1.0,1,1.0,1,0.18892931892854226,43
1617,4,3355,1244,2111,0,0,0,1.0,1,1.0,1,1.0,1,0.1571670939469452,44
1618,3,3358,1244,2114,0,0,0,1.0,1,1.0,1,1.0,1,0.10427662520037836,44
1619,2,3360,1244,2116,0,0,0,1.0,1,1.0,1,1.0,1,0.13831019964848745,44
1620,2,3362,1244,2118,0,0,0,1.0,1,1.0,1,1.0,1,0.13996060644533595,45
1621,2,3364,1244,2120,0,0,0,1.0,1,1.0,1,1.0,1,0.15192047909148634,44
1622,1,3365,1245,2120,0,0,0,1.0,1,1.0,1,1.0,1,0.16323818721897487,44
1623,5,3370,1246,2124,0,0,0,1.0,1,1.0,1,1.0,1,0.12861202982691108,43
1624,1,3371,1247,2124,0,0,0,1.0,1,1.0,1,1.0,1,0.10012676678636782,43
1625,1,3372,1248,2124,0,0,0,1.0,1,1.0,1,1.0,1,0.14895607414027662,43
1626,1,3373,1249,2124,0,0,0,1.0,1,1.0,1,1.0,1,0.15252045980175732,42
1627,3,3376,1250,2126,0,0,0,1.0,1,1.0,1,1.0,1,0.14055137801827308,42
1628,2,3378,1251,2127,0,0,0,1.0,1,1.0,1,1.0,1,0.15326307545594772,42
1629,2,3380,1251,2129,0,0,0,1.0,1,1.0,1,1.0,1,0.10895216450932113,41
1630,5,3385,1254,2131,0,0,0,1.0,1,1.0,1,1.0,1,0.16348992523530814,41
1631,2,3387,1255,2132,0,0,0,1.0,1,1.0,1,1.0,1,0.15163952612084455,40
1632,0,3387,1255,2132,0,0,0,1.0,1,1.0,1,1.0,1,0.13968983272874635,39
1633,2,3389,1255,2134,0,0,0,1.0,1,1.0,1,1.0,1,0.114957395674502,39
1634,1,3390,1255,2135,0,0,0,1.0,1,1.0,1,1.0,1,0.11923407858015594,39
1635,0,3390,1255,2135,0,0,0,1.0,1,1.0,1,1.0,1,0.11779912419765926,40
1636,2,3392,1255,2137,0,0,0,1.0,1,1.0,1,1.0,1,0.05393420120538471,41
1637,2,3394,1256,2138,0,0,0,1.0,1,1.0,1,1.0,1,0.0770062055600106,41
1638,1,3395,1257,2138,0,0,0,1.0,1,1.0,1,1.0,1,0.12399387329024683,42
1639,1,3396,1258,2138,0,0,0,1.0,1,1.0,1,1.0,1,0.14160559016670457,43
1640,0,3396,1258,2138,0,0,0,1.0,1,1.0,1,1.0,1,0.14160559016670457,43
1641,2,3398,1258,2140,0,0,0,1.0,1,1.0,1,1.0,1,0.10068359942890207,44
1642,2,3400,1260,2140,0,0,0,1.0,1,1.0,1,1.0,1,0.1762069779968546,45
1643,6,3406,1262,2144,0,0,0,1.0,1,1.0,1,1.0,1,0.13373197488375074,44
1644,3,3409,1263,2146,0,0,0,1.0,1,1.0,1,1.0,1,0.1601707331025594,45
1645,5,3414,1263,2151,0,0,0,1.0,1,1.0,1,1.0,1,0.10196009855377283,44
1646,2,3416,1264,2152,0,0,0,1.0,1,1.0,1,1.0,1,0.16010562227212838,43
1647,3,3419,1265,2154,0,0,0,1.0,1,1.0,1,1.0,1,0.14577459964626308,43
1648,1,3420,1265,2155,0,0,0,1.0,1,1.0,1,1.0,1,0.16880081609085587,42
1649,3,3423,1265,2158,0,0,0,1.0,1,1.0,1,1.0,1,0.1461687839590197,41
1650,0,3423,1265,2158,0,0,0,1.0,1,1.0,1,1.0,1,0.1461687839590197,41
1651,2,3425,1266,2159,0,0,0,1.0,1,1.0,1,1.0,1,0.16148007814926782,40
1652,2,3427,1266,2161,0,0,0,1.0,1,1.0,1,1.0,1,0.1437187335134087,39
1653,1,3428,1266,2162,0,0,0,1.0,1,1.0,1,1.0,1,0.17521457123771653,39
1654,0,3428,1266,2162,0,0,0,1.0,1,1.0,1,1.0,1,0.17521457123771653,39
1655,2,3430,1268,2162,0,0,0,1.0,1,1.0,1,1.0,1,0.22721132737402638,40
1656,3,3433,1269,2164,0,0,0,1.0,1,1.0,1,1.0,1,0.2259056912530341,40
1657,3,3436,1269,2167,0,0,0,1.0,1,1.0,1,1.0,1,0.16622400476379304,40
1658,6,3442,1270,2172,0,0,0,1.0,1,1.0,1,1.0,1,0.18307836629479127,40
1659,5,3447,1272,2175,0,0,0,1.0,1,1.0,1,1.0,1,0.19308636647075192,40
1660,4,3451,1272,2179,0,0,0,1.0,1,1.0,1,1.0,1,0.1824322591198356,41
1661,9,3460,1273,2187,0,0,0,1.0,1,1.0,1,1.0,1,0.13463939673610129,42
1662,3,3463,1273,2190,0,0,0,1.0,1,1.0,1,1.0,1,0.14233777546321547,44
1663,4,3467,1274,2193,0,0,0,1.0,1,1.0,1,1.0,1,0.11707258362923118,43
1664,4,3471,1276,2195,0,0,0,1.0,1,1.0,1,1.0,1,0.10675976977572757,42
1665,1,3472,1276,2196,0,0,0,1.0,1,1.0,1,1.0,1,0.07749973808971165,42
1666,2,3474,1278,2196,0,0,0,1.0,1,1.0,1,1.0,1,0.10110979726815189,43
1667,1,3475,1279,2196,0,0,0,1.0,1,1.0,1,1.0,1,0.07914185610650987,40
1668,2,3477,1280,2197,0,0,0,1.0,1,1.0,1,1.0,1,0.08426539868678351,40
1669,1,3478,1281,2197,0,0,0,1.0,1,1.0,1,1.0,1,0.1203342327496715,40
1670,2,3480,1282,2198,0,0,0,1.0,1,1.0,1,1.0,1,0.12818623015589883,39
1671,2,3482,1284,2198,0,0,0,1.0,1,1.0,1,1.0,1,0.13769358140879165,39
1672,2,3484,1286,2198,0,0,0,1.0,1,1.0,1,1.0,1,0.14583197777434476,38
1673,3,3487,1288,2199,0,0,0,1.0,1,1.0,1,1.0,1,0.1239874912680434,38
1674,0,3487,1288,2199,0,0,0,1.0,1,1.0,1,1.0,1,0.13785437762617475,38
1675,2,3489,1290,2199,0,0,0,1.0,1,1.0,1,1.0,1,0.14306498410307822,39
1676,0,3489,1290,2199,0,0,0,1.0,1,1.0,1,1.0,1,0.15459397807584999,39
1677,1,3490,1290,2200,0,0,0,1.0,1,1.0,1,1.0,1,0.12619103572232837,40
1678,0,3490,1290,2200,0,0,0,1.0,1,1.0,1,1.0,1,0.13067100389030076,39
1679,1,3491,1291,2200,0,0,0,1.0,1,1.0,1,1.0,1,0.15154742384100886,39
1680,3,3494,1291,2203,0,0,0,1.0,1,1.0,1,1.0,1,0.14946577629225996,40
1681,1,3495,1291,2204,0,0,0,1.0,1,1.0,1,1.0,1,0.13497732053228692,41
1682,1,3496,1291,2205,0,0,0,1.0,1,1.0,1,1.0,1,0.09982650480879447,40
1683,2,3498,1292,2206,0,0,0,1.0,1,1.0,1,1.0,1,0.12132033734064185,43
1684,2,3500,1294,2206,0,0,0,1.0,1,1.0,1,1.0,1,0.21357256982706113,42
1685,7,3507,1296,2211,0,0,0,1.0,1,1.0,1,1.0,1,0.0979359400268682,41
1686,0,3507,1296,2211,0,0,0,1.0,1,1.0,1,1.0,1,0.13721504306113275,39
1687,4,3511,1299,2212,0,0,0,1.0,1,1.0,1,1.0,1,0.20137201824952172,41
1688,5,3516,1301,2215,0,0,0,1.0,1,1.0,1,1.0,1,0.1438043310075736,39
1689,1,3517,1302,2215,0,0,0,1.0,1,1.0,1,1.0,1,0.1408924249799743,37
1690,0,3517,1302,2215,0,0,0,1.0,1,1.0,1,1.0,1,0.16840310246677498,36
1691,3,3520,1304,2216,0,0,0,1.0,1,1.0,1,1.0,1,0.1864039073823994,36
1692,0,3520,1304,2216,0,0,0,1.0,1,1.0,1,1.0,1,0.20338384760259126,34
1693,4,3524,1305,2219,0,0,0,1.0,1,1.0,1,1.0,1,0.16706422253669062,33
1694,1,3525,1305,2220,0,0,0,1.0,1,1.0,1,1.0,1,0.20160018244429678,32
1695,0,3525,1305,2220,0,0,0,1.0,1,1.0,1,1.0,1,0.18752077083064517,32
1696,2,3527,1306,2221,0,0,0,1.0,1,1.0,1,1.0,1,0.23518082788326386,34
1697,2,3529,1306,2223,0,0,0,1.0,1,1.0,1,1.0,1,0.20293079726765145,34
1698,2,3531,1308,2223,0,0,0,1.0,1,1.0,1,1.0,1,0.25198640867383554,36
1699,0,3531,1308,2223,0,0,0,1.0,1,1.0,1,1.0,1,0.25198640867383554,36
1700,2,3533,1308,2225,0,0,0,1.0,1,1.0,1,1.0,1,0.2433974768184427,37
1701,3,3536,1308,2228,0,0,0,1.0,1,1.0,1,1.0,1,0.22557464455568735,39
1702,5,3541,1311,2230,0,0,0,1.0,1,1.0,1,1.0,1,0.22899868616670743,39
1703,0,3541,1311,2230,0,0,0,1.0,1,1.0,1,1.0,1,0.21274574023809817,38
1704,4,3545,1315,2230,0,0,0,1.0,1,1.0,1,1.0,1,0.23095043384100333,38
1705,1,3546,1315,2231,0,0,0,1.0,1,1.0,1,1.0,1,0.1765875954273398,37
1706,1,3547,1316,2231,0,0,0,1.0,1,1.0,1,1.0,1,0.1715314819679535,37
1707,3,3550,1318,2232,0,0,0,1.0,1,1.0,1,1.0,1,0.19880254702750969,36
1708,0,3550,1318,2232,0,0,0,1.0,1,1.0,1,1.0,1,0.20982713671958908,34
1709,2,3552,1319,2233,0,0,0,1.0,1,1.0,1,1.0,1,0.20231220274686673,34
1710,1,3553,1320,2233,0,0,0,1.0,1,1.0,1,1.0,1,0.2648554767152483,33
1711,3,3556,1322,2234,0,0,0,1.0,1,1.0,1,1.0,1,0.2685218788700301,32
1712,1,3557,1323,2234,0,0,0,1.0,1,1.0,1,1.0,1,0.30747869088424484,31
1713,2,3559,1323,2236,0,0,0,1.0,1,1.0,1,1.0,1,0.27195724875181715,32
1714,1,3560,1323,2237,0,0,0,1.0,1,1.0,1,1.0,1,0.25997149358841454,32
1715,1,3561,1323,2238,0,0,0,1.0,1,1.0,1,1.0,1,0.24691131119772491,32
1716,2,3563,1324,2239,0,0,0,1.0,1,1.0,1,1.0,1,0.2507975496183905,34
1717,2,3565,1324,2241,0,0,0,1.0,1,1.0,1,1.0,1,0.21345113406594113,34
1718,2,3567,1324,2243,0,0,0,1.0,1,1.0,1,1.0,1,0.19011402682521716,34
1719,0,3567,1324,2243,0,0,0,1.0,1,1.0,1,1.0,1,0.19011402682521716,34
1720,1,3568,1325,2243,0,0,0,1.0,1,1.0,1,1.0,1,0.21601537945788127,34
1721,2,3570,1326,2244,0,0,0,1.0,1,1.0,1,1.0,1,0.2091699048101813,35
1722,1,3571,1326,2245,0,0,0,1.0,1,1.0,1,1.0,1,0.21393226540526147,35
1723,0,3571,1326,2245,0,0,0,1.0,1,1.0,1,1.0,1,0.23870919797681814,34
1724,2,3573,1326,2247,0,0,0,1.0,1,1.0,1,1.0,1,0.15546957826409608,33
1725,1,3574,1326,2248,0,0,0,1.0,1,1.0,1,1.0,1,0.13853801440785327,35
1726,0,3574,1326,2248,0,0,0,1.0,1,1.0,1,1.0,1,0.1394263993073818,34
1727,0,3574,1326,2248,0,0,0,1.0,1,1.0,1,1.0,1,0.1394263993073818,34
1728,1,3575,1326,2249,0,0,0,1.0,1,1.0,1,1.0,1,0.13854380447576156,35
1729,1,3576,1326,2250,0,0,0,1.0,1,1.0,1,1.0,1,0.11559065940614748,35
1730,1,3577,1327,2250,0,0,0,1.0,1,1.0,1,1.0,1,0.13495645472497728,35
1731,1,3578,1328,2250,0,0,0,1.0,1,1.0,1,1.0,1,0.1295687619476756,35
1732,0,3578,1328,2250,0,0,0,1.0,1,1.0,1,1.0,1,0.1295687619476756,35
1733,1,3579,1328,2251,0,0,0,1.0,1,1.0,1,1.0,1,0.15803521591900507,33
1734,3,3582,1330,2252,0,0,0,1.0,1,1.0,1,1.0,1,0.17051500813582038,34
1735,2,3584,1331,2253,0,0,0,1.0,1,1.0,1,1.0,1,0.15786164928614604,33
1736,2,3586,1333,2253,0,0,0,1.0,1,1.0,1,1.0,1,0.15651384607201,33
1737,2,3588,1333,2255,0,0,0,1.0,1,1.0,1,1.0,1,0.14379803668960653,35
1738,1,3589,1334,2255,0,0,0,1.0,1,1.0,1,1.0,1,0.15513118928190917,36
1739,3,3592,1335,2257,0,0,0,1.0,1,1.0,1,1.0,1,0.14230862444480816,36
1740,2,3594,1336,2258,0,0,0,1.0,1,1.0,1,1.0,1,0.1768390061303237,37
1741,5,3599,1336,2263,0,0,0,1.0,1,1.0,1,1.0,1,0.10208921832862206,36
1742,1,3600,1337,2263,0,0,0,1.0,1,1.0,1,1.0,1,0.12864781326029914,36
1743,3,3603,1337,2266,0,0,0,1.0,1,1.0,1,1.0,1,0.10272298803886007,37
1744,0,3603,1337,2266,0,0,0,1.0,1,1.0,1,1.0,1,0.11473061360843373,37
1745,4,3607,1340,2267,0,0,0,1.0,1,1.0,1,1.0,1,0.18129815994060303,38
1746,1,3608,1340,2268,0,0,0,1.0,1,1.0,1,1.0,1,0.16135027549215047,38
1747,0,3608,1340,2268,0,0,0,1.0,1,1.0,1,1.0,1,0.18775857209103242,37
1748,1,3609,1340,2269,0,0,0,1.0,1,1.0,1,1.0,1,0.17756266673145488,38
1749,2,3611,1340,2271,0,0,0,1.0,1,1.0,1,1.0,1,0.13229663507331213,38
1750,1,3612,1340,2272,0,0,0,1.0,1,1.0,1,1.0,1,0.13879331395860056,39
1751,0,3612,1340,2272,0,0,0,1.0,1,1.0,1,1.0,1,0.13069648476968582,41
1752,2,3614,1340,2274,0,0,0,1.0,1,1.0,1,1.0,1,0.1345276025028261,41
1753,3,3617,1341,2276,0,0,0,1.0,1,1.0,1,1.0,1,0.12280227855828794,41
1754,1,3618,1342,2276,0,0,0,1.0,1,1.0,1,1.0,1,0.12931908496297476,40
1755,2,3620,1343,2277,0,0,0,1.0,1,1.0,1,1.0,1,0.14349058384663105,41
1756,2,3622,1344,2278,0,0,0,1.0,1,1.0,1,1.0,1,0.1662302374163715,41
1757,2,3624,1345,2279,0,0,0,1.0,1,1.0,1,1.0,1,0.15579279160713225,40
1758,1,3625,1346,2279,0,0,0,1.0,1,1.0,1,1.0,1,0.18320344910696726,41
1759,2,3627,1347,2280,0,0,0,1.0,1,1.0,1,1.0,1,0.2130074411090318,38
1760,4,3631,1348,2283,0,0,0,1.0,1,1.0,1,1.0,1,0.22016062344130924,38
1761,3,3634,1349,2285,0,0,0,1.0,1,1.0,1,1.0,1,0.20293141556682542,37
1762,1,3635,1349,2286,0,0,0,1.0,1,1.0,1,1.0,1,0.19515115823692464,37
1763,2,3637,1351,2286,0,0,0,1.0,1,1.0,1,1.0,1,0.19336795032364004,37
1764,1,3638,1352,2286,0,0,0,1.0,1,1.0,1,1.0,1,0.2201891752470725,36
1765,3,3641,1353,2288,0,0,0,1.0,1,1.0,1,1.0,1,0.17986184116348733,36
1766,1,3642,1354,2288,0,0,0,1.0,1,1.0,1,1.0,1,0.17146516700531259,37
1767,3,3645,1356,2289,0,0,0,1.0,1,1.0,1,1.0,1,0.1875413685123276,37
1768,4,3649,1357,2292,0,0,0,1.0,1,1.0,1,1.0,1,0.18182933659778894,37
1769,2,3651,1358,2293,0,0,0,1.0,1,1.0,1,1.0,1,0.15633140482402844,38
1770,0,3651,1358,2293,0,0,0,1.0,1,1.0,1,1.0,1,0.16753865728700135,39
1771,0,3651,1358,2293,0,0,0,1.0,1,1.0,1,1.0,1,0.16753865728700135,39
1772,0,3651,1358,2293,0,0,0,1.0,1,1.0,1,1.0,1,0.16753865728700135,39
1773,1,3652,1359,2293,0,0,0,1.0,1,1.0,1,1.0,1,0.1646947758951785,41
1774,0,3652,1359,2293,0,0,0,1.0,1,1.0,1,1.0,1,0.1646947758951785,41
1775,0,3652,1359,2293,0,0,0,1.0,1,1.0,1,1.0,1,0.1788327774196586,42
1776,2,3654,1360,2294,0,0,0,1.0,1,1.0,1,1.0,1,0.19822002401662062,43
1777,2,3656,1360,2296,0,0,0,1.0,1,1.0,1,1.0,1,0.1636485122102012,43
1778,3,3659,1361,2298,0,0,0,1.0,1,1.0,1,1.0,1,0.17172580316613642,44
1779,3,3662,1361,2301,0,0,0,1.0,1,1.0,1,1.0,1,0.13799972545533018,46
1780,2,3664,1361,2303,0,0,0,1.0,1,1.0,1,1.0,1,0.10961505431127452,46
1781,0,3664,1361,2303,0,0,0,1.0,1,1.0,1,1.0,1,0.10961505431127452,46
1782,1,3665,1362,2303,0,0,0,1.0,1,1.0,1,1.0,1,0.1468989240521266,46
1783,0,3665,1362,2303,0,0,0,1.0,1,1.0,1,1.0,1,0.12441164734774628,44
1784,1,3666,1363,2303,0,0,0,1.0,1,1.0,1,1.0,1,0.1358435552961447,45
1785,4,3670,1365,2305,0,0,0,1.0,1,1.0,1,1.0,1,0.13422342092155048,42
1786,3,3673,1367,2306,0,0,0,1.0,1,1.0,1,1.0,1,0.18407105521082567,43
1787,1,3674,1367,2307,0,0,0,1.0,1,1.0,1,1.0,1,0.1535244688132619,41
1788,3,3677,1367,2310,0,0,0,1.0,1,1.0,1,1.0,1,0.1573524812946667,41
1789,3,3680,1367,2313,0,0,0,1.0,1,1.0,1,1.0,1,0.12249625058161541,41
1790,2,3682,1368,2314,0,0,0,1.0,1,1.0,1,1.0,1,0.10199658355962517,41
1791,5,3687,1372,2315,0,0,0,1.0,1,1.0,1,1.0,1,0.1537839700869895,40
1792,2,3689,1373,2316,0,0,0,1.0,1,1.0,1,1.0,1,0.16973153979957328,40
1793,2,3691,1373,2318,0,0,0,1.0,1,1.0,1,1.0,1,0.12378366389376876,41
1794,1,3692,1374,2318,0,0,0,1.0,1,1.0,1,1.0,1,0.1349419995218492,41
1795,6,3698,1377,2321,0,0,0,1.0,1,1.0,1,1.0,1,0.1459211274256743,40
1796,4,3702,1380,2322,0,0,0,1.0,1,1.0,1,1.0,1,0.17351764128799085,40
1797,5,3707,1382,2325,0,0,0,1.0,1,1.0,1,1.0,1,0.1883698048989641,37
1798,1,3708,1382,2326,0,0,0,1.0,1,1.0,1,1.0,1,0.17356499724207364,37
1799,2,3710,1383,2327,0,0,0,1.0,1,1.0,1,1.0,1,0.1521208668548545,36
1800,0,3710,1383,2327,0,0,0,1.0,1,1.0,1,1.0,1,0.1521208668548545,36
1801,1,3711,1384,2327,0,0,0,1.0,1,1.0,1,1.0,1,0.16496912951864412,34
1802,0,3711,1384,2327,0,0,0,1.0,1,1.0,1,1.0,1,0.1936937224184575,33
1803,0,3711,1384,2327,0,0,0,1.0,1,1.0,1,1.0,1,0.1936937224184575,33
1804,0,3711,1384,2327,0,0,0,1.0,1,1.0,1,1.0,1,0.1936937224184575,33
1805,4,3715,1384,2331,0,0,0,1.0,1,1.0,1,1.0,1,0.10037442652356425,35
1806,1,3716,1385,2331,0,0,0,1.0,1,1.0,1,1.0,1,0.13164676023445215,35
1807,3,3719,1385,2334,0,0,0,1.0,1,1.0,1,1.0,1,0.14389446190084135,35
1808,0,3719,1385,2334,0,0,0,1.0,1,1.0,1,1.0,1,0.19545224350515833,36
1809,3,3722,1385,2337,0,0,0,1.0,1,1.0,1,1.0,1,0.1174849844394529,36
1810,0,3722,1385,2337,0,0,0,1.0,1,1.0,1,1.0,1,0.1433204694899021,35
1811,1,3723,1385,2338,0,0,0,1.0,1,1.0,1,1.0,1,0.18995828285003602,36
1812,2,3725,1386,2339,0,0,0,1.0,1,1.0,1,1.0,1,0.1841130304053021,36
1813,2,3727,1387,2340,0,0,0,1.0,1,1.0,1,1.0,1,0.19307120788995646,36
1814,1,3728,1388,2340,0,0,0,1.0,1,1.0,1,1.0,1,0.23259517678817598,34
1815,3,3731,1389,2342,0,0,0,1.0,1,1.0,1,1.0,1,0.20695558732772962,35
1816,1,3732,1389,2343,0,0,0,1.0,1,1.0,1,1.0,1,0.19696364413659254,34
1817,2,3734,1390,2344,0,0,0,1.0,1,1.0,1,1.0,1,0.1649128766111676,34
1818,0,3734,1390,2344,0,0,0,1.0,1,1.0,1,1.0,1,0.1649128766111676,34
1819,3,3737,1392,2345,0,0,0,1.0,1,1.0,1,1.0,1,0.1596783204871253,35
1820,1,3738,1393,2345,0,0,0,1.0,1,1.0,1,1.0,1,0.11110131857144401,36
1821,1,3739,1393,2346,0,0,0,1.0,1,1.0,1,1.0,1,0.09783404967146479,36
1822,4,3743,1395,2348,0,0,0,1.0,1,1.0,1,1.0,1,0.14113505252681793,37
1823,5,3748,1397,2351,0,0,0,1.0,1,1.0,1,1.0,1,0.19297462947618355,38
1824,2,3750,1398,2352,0,0,0,1.0,1,1.0,1,1.0,1,0.20984391129779958,37
1825,4,3754,1400,2354,0,0,0,1.0,1,1.0,1,1.0,1,0.17522665692602304,36
1826,1,3755,1401,2354,0,0,0,1.0,1,1.0,1,1.0,1,0.15850992538213304,35
1827,0,3755,1401,2354,0,0,0,1.0,1,1.0,1,1.0,1,0.16384343896353692,35
1828,1,3756,1402,2354,0,0,0,1.0,1,1.0,1,1.0,1,0.19082980607031652,33
1829,3,3759,1402,2357,0,0,0,1.0,1,1.0,1,1.0,1,0.10066503659948699,32
1830,6,3765,1405,2360,0,0,0,1.0,1,1.0,1,1.0,1,0.2154691355030495,32
1831,1,3766,1406,2360,0,0,0,1.0,1,1.0,1,1.0,1,0.20951528308864445,30
1832,1,3767,1407,2360,0,0,0,1.0,1,1.0,1,1.0,1,0.25869910478953306,30
1833,5,3772,1408,2364,0,0,0,1.0,1,1.0,1,1.0,1,0.15193266924393975,29
1834,3,3775,1410,2365,0,0,0,1.0,1,1.0,1,1.0,1,0.22702706338946022,28
1835,2,3777,1411,2366,0,0,0,1.0,1,1.0,1,1.0,1,0.2737915039169426,28
1836,5,3782,1412,2370,0,0,0,1.0,1,1.0,1,1.0,1,0.23825484442583417,29
1837,2,3784,1412,2372,0,0,0,1.0,1,1.0,1,1.0,1,0.20022427547306207,28
1838,1,3785,1413,2372,0,0,0,1.0,1,1.0,1,1.0,1,0.20124854052931468,28
1839,0,3785,1413,2372,0,0,0,1.0,1,1.0,1,1.0,1,0.24807845897655445,27
1840,2,3787,1413,2374,0,0,0,1.0,1,1.0,1,1.0,1,0.3046850187860954,26
1841,1,3788,1413,2375,0,0,0,1.0,1,1.0,1,1.0,1,0.28641094450038845,25
1842,2,3790,1414,2376,0,0,0,1.0,1,1.0,1,1.0,1,0.28888717641240486,26
1843,0,3790,1414,2376,0,0,0,1.0,1,1.0,1,1.0,1,0.28888717641240486,26
1844,1,3791,1414,2377,0,0,0,1.0,1,1.0,1,1.0,1,0.26058825715233136,26
1845,2,3793,1415,2378,0,0,0,1.0,1,1.0,1,1.0,1,0.29138869802245065,26
1846,1,3794,1416,2378,0,0,0,1.0,1,1.0,1,1.0,1,0.24008515084461887,26
1847,0,3794,1416,2378,0,0,0,1.0,1,1.0,1,1.0,1,0.24008515084461887,26
1848,1,3795,1416,2379,0,0,0,1.0,1,1.0,1,1.0,1,0.21538035460568175,27
1849,1,3796,1416,2380,0,0,0,1.0,1,1.0,1,1.0,1,0.19678892162305858,27
1850,0,3796,1416,2380,0,0,0,1.0,1,1.0,1,1.0,1,0.1759099483036315,28
1851,0,3796,1416,2380,0,0,0,1.0,1,1.0,1,1.0,1,0.1759099483036315,28
1852,1,3797,1417,2380,0,0,0,1.0,1,1.0,1,1.0,1,0.18258797773547064,28
1853,0,3797,1417,2380,0,0,0,1.0,1,1.0,1,1.0,1,0.1987285189916883,27
1854,0,3797,1417,2380,0,0,0,1.0,1,1.0,1,1.0,1,0.22672898123958787,28
1855,0,3797,1417,2380,0,0,0,1.0,1,1.0,1,1.0,1,0.22672898123958787,28
1856,2,3799,1417,2382,0,0,0,1.0,1,1.0,1,1.0,1,0.22744111584543208,30
1857,2,3801,1417,2384,0,0,0,1.0,1,1.0,1,1.0,1,0.20339668833098132,31
1858,1,3802,1418,2384,0,0,0,1.0,1,1.0,1,1.0,1,0.19349469017872187,31
1859,0,3802,1418,2384,0,0,0,1.0,1,1.0,1,1.0,1,0.19349469017872187,31
1860,0,3802,1418,2384,0,0,0,1.0,1,1.0,1,1.0,1,0.19349469017872187,31
1861,0,3802,1418,2384,0,0,0,1.0,1,1.0,1,1.0,1,0.19349469017872187,31
1862,0,3802,1418,2384,0,0,0,1.0,1,1.0,1,1.0,1,0.19349469017872187,31
1863,2,3804,1420,2384,0,0,0,1.0,1,1.0,1,1.0,1,0.2214490188620922,31
1864,2,3806,1422,2384,0,0,0,1.0,1,1.0,1,1.0,1,0.24009976099698072,30
1865,1,3807,1422,2385,0,0,0,1.0,1,1.0,1,1.0,1,0.2046682212005181,27
1866,2,3809,1424,2385,0,0,0,1.0,1,1.0,1,1.0,1,0.27659324780441025,28
1867,1,3810,1425,2385,0,0,0,1.0,1,1.0,1,1.0,1,0.25968145758083894,26
1868,1,3811,1426,2385,0,0,0,1.0,1,1.0,1,1.0,1,0.3187908873216036,26
1869,5,3816,1426,2390,0,0,0,1.0,1,1.0,1,1.0,1,0.22553111735625542,25
1870,0,3816,1426,2390,0,0,0,1.0,1,1.0,1,1.0,1,0.22553111735625542,25
1871,0,3816,1426,2390,0,0,0,1.0,1,1.0,1,1.0,1,0.2410104221812543,26
1872,0,3816,1426,2390,0,0,0,1.0,1,1.0,1,1.0,1,0.23815886131277228,25
1873,3,3819,1426,2393,0,0,0,1.0,1,1.0,1,1.0,1,0.22483908820402554,23
1874,2,3821,1427,2394,0,0,0,1.0,1,1.0,1,1.0,1,0.24082812906112197,23
1875,1,3822,1427,2395,0,0,0,1.0,1,1.0,1,1.0,1,0.2625010893572789,21
1876,3,3825,1428,2397,0,0,0,1.0,1,1.0,1,1.0,1,0.23999367682812783,24
1877,0,3825,1428,2397,0,0,0,1.0,1,1.0,1,1.0,1,0.23999367682812783,24
1878,3,3828,1430,2398,0,0,0,1.0,1,1.0,1,1.0,1,0.22184845273201834,26
1879,1,3829,1430,2399,0,0,0,1.0,1,1.0,1,1.0,1,0.1982720020974101,26
1880,0,3829,1430,2399,0,0,0,1.0,1,1.0,1,1.0,1,0.1982720020974101,26
1881,0,3829,1430,2399,0,0,0,1.0,1,1.0,1,1.0,1,0.1982720020974101,26
1882,0,3829,1430,2399,0,0,0,1.0,1,1.0,1,1.0,1,0.1976179243526562,25
1883,0,3829,1430,2399,0,0,0,1.0,1,1.0,1,1.0,1,0.1976179243526562,25
1884,0,3829,1430,2399,0,0,0,1.0,1,1.0,1,1.0,1,0.1976179243526562,25
1885,0,3829,1430,2399,0,0,0,1.0,1,1.0,1,1.0,1,0.1976179243526562,25
1886,0,3829,1430,2399,0,0,0,1.0,1,1.0,1,1.0,1,0.1988917985334444,26
1887,0,3829,1430,2399,0,0,0,1.0,1,1.0,1,1.0,1,0.1988917985334444,26
1888,2,3831,1431,2400,0,0,0,1.0,1,1.0,1,1.0,1,0.22967654987787872,27
1889,1,3832,1431,2401,0,0,0,1.0,1,1.0,1,1.0,1,0.22834825310836157,28
1890,0,3832,1431,2401,0,0,0,1.0,1,1.0,1,1.0,1,0.22834825310836157,28
1891,2,3834,1431,2403,0,0,0,1.0,1,1.0,1,1.0,1,0.22802718261014807,29
1892,1,3835,1431,2404,0,0,0,1.0,1,1.0,1,1.0,1,0.21390368392823503,29
1893,2,3837,1431,2406,0,0,0,1.0,1,1.0,1,1.0,1,0.18242805370736953,29
1894,0,3837,1431,2406,0,0,0,1.0,1,1.0,1,1.0,1,0.18242805370736953,29
1895,1,3838,1431,2407,0,0,0,1.0,1,1.0,1,1.0,1,0.19063933198086236,31
1896,1,3839,1431,2408,0,0,0,1.0,1,1.0,1,1.0,1,0.17781138040258584,31
1897,0,3839,1431,2408,0,0,0,1.0,1,1.0,1,1.0,1,0.17781138040258584,31
1898,0,3839,1431,2408,0,0,0,1.0,1,1.0,1,1.0,1,0.17781138040258584,31
1899,0,3839,1431,2408,0,0,0,1.0,1,1.0,1,1.0,1,0.19889559019723718,32
1900,0,3839,1431,2408,0,0,0,1.0,1,1.0,1,1.0,1,0.19889559019723718,32
1901,0,3839,1431,2408,0,0,0,1.0,1,1.0,1,1.0,1,0.19889559019723718,32
1902,0,3839,1431,2408,0,0,0,1.0,1,1.0,1,1.0,1,0.19889559019723718,32
1903,0,3839,1431,2408,0,0,0,1.0,1,1.0,1,1.0,1,0.19889559019723718,32
1904,2,3841,1431,2410,0,0,0,1.0,1,1.0,1,1.0,1,0.15080903306913757,34
1905,0,3841,1431,2410,0,0,0,1.0,1,1.0,1,1.0,1,0.15080903306913757,34
1906,0,3841,1431,2410,0,0,0,1.0,1,1.0,1,1.0,1,0.16085011019821513,35
1907,0,3841,1431,2410,0,0,0,1.0,1,1.0,1,1.0,1,0.1689609777367868,36
1908,1,3842,1431,2411,0,0,0,1.0,1,1.0,1,1.0,1,0.1617150360807964,36
1909,1,3843,1431,2412,0,0,0,1.0,1,1.0,1,1.0,1,0.1618159021199767,37
1910,4,3847,1432,2415,0,0,0,1.0,1,1.0,1,1.0,1,0.2012732132147699,38
1911,3,3850,1432,2418,0,0,0,1.0,1,1.0,1,1.0,1,0.1432265213646949,37
1912,2,3852,1433,2419,0,0,0,1.0,1,1.0,1,1.0,1,0.1792245169208504,37
1913,3,3855,1435,2420,0,0,0,1.0,1,1.0,1,1.0,1,0.1712980870903186,36
1914,2,3857,1435,2422,0,0,0,1.0,1,1.0,1,1.0,1,0.16600536511860287,37
1915,5,3862,1437,2425,0,0,0,1.0,1,1.0,1,1.0,1,0.1934473136151317,37
1916,1,3863,1437,2426,0,0,0,1.0,1,1.0,1,1.0,1,0.14709053430634503,39
1917,2,3865,1438,2427,0,0,0,1.0,1,1.0,1,1.0,1,0.16653207878254814,38
1918,1,3866,1438,2428,0,0,0,1.0,1,1.0,1,1.0,1,0.1700940368937878,38
1919,0,3866,1438,2428,0,0,0,1.0,1,1.0,1,1.0,1,0.2134032652563594,38
1920,1,3867,1438,2429,0,0,0,1.0,1,1.0,1,1.0,1,0.2158669387621956,39
1921,2,3869,1438,2431,0,0,0,1.0,1,1.0,1,1.0,1,0.1362341261051294,38
1922,1,3870,1438,2432,0,0,0,1.0,1,1.0,1,1.0,1,0.11778934343985326,39
1923,1,3871,1439,2432,0,0,0,1.0,1,1.0,1,1.0,1,0.15623589129082477,40
1924,0,3871,1439,2432,0,0,0,1.0,1,1.0,1,1.0,1,0.15623589129082477,40
1925,3,3874,1440,2434,0,0,0,1.0,1,1.0,1,1.0,1,0.16322340157803608,40
1926,2,3876,1440,2436,0,0,0,1.0,1,1.0,1,1.0,1,0.12205518212191911,40
1927,5,3881,1441,2440,0,0,0,1.0,1,1.0,1,1.0,1,0.16029924079258923,41
1928,2,3883,1442,2441,0,0,0,1.0,1,1.0,1,1.0,1,0.12865632948577327,41
1929,1,3884,1442,2442,0,0,0,1.0,1,1.0,1,1.0,1,0.1388885175134117,40
1930,1,3885,1443,2442,0,0,0,1.0,1,1.0,1,1.0,1,0.14611061888241134,40
1931,0,3885,1443,2442,0,0,0,1.0,1,1.0,1,1.0,1,0.14611061888241134,40
1932,0,3885,1443,2442,0,0,0,1.0,1,1.0,1,1.0,1,0.14611061888241134,40
1933,2,3887,1443,2444,0,0,0,1.0,1,1.0,1,1.0,1,0.12798039211732606,42
1934,1,3888,1443,2445,0,0,0,1.0,1,1.0,1,1.0,1,0.10810300013186026,44
1935,1,3889,1443,2446,0,0,0,1.0,1,1.0,1,1.0,1,0.0866782243175109,44
1936,0,3889,1443,2446,0,0,0,1.0,1,1.0,1,1.0,1,0.12006676969234571,46
1937,2,3891,1444,2447,0,0,0,1.0,1,1.0,1,1.0,1,0.09431453802302046,47
1938,1,3892,1445,2447,0,0,0,1.0,1,1.0,1,1.0,1,0.12054501770324878,47
1939,1,3893,1445,2448,0,0,0,1.0,1,1.0,1,1.0,1,0.09127369624867825,47
1940,1,3894,1446,2448,0,0,0,1.0,1,1.0,1,1.0,1,0.08048745285952098,47
1941,1,3895,1447,2448,0,0,0,1.0,1,1.0,1,1.0,1,0.10146778652472496,47
1942,1,3896,1448,2448,0,0,0,1.0,1,1.0,1,1.0,1,0.1438753218339129,49
1943,2,3898,1450,2448,0,0,0,1.0,1,1.0,1,1.0,1,0.1419769549372171,47
1944,3,3901,1453,2448,0,0,0,1.0,1,1.0,1,1.0,1,0.19426351244057408,47
1945,5,3906,1454,2452,0,0,0,1.0,1,1.0,1,1.0,1,0.09610216186315843,45
1946,1,3907,1455,2452,0,0,0,1.0,1,1.0,1,1.0,1,0.10543388655054083,45
1947,5,3912,1458,2454,0,0,0,1.0,1,1.0,1,1.0,1,0.17788434961236632,45
1948,4,3916,1459,2457,0,0,0,1.0,1,1.0,1,1.0,1,0.20989057337455624,45
1949,7,3923,1461,2462,0,0,0,1.0,1,1.0,1,1.0,1,0.20631983626403133,42
1950,6,3929,1464,2465,0,0,0,1.0,1,1.0,1,1.0,1,0.18153084161974778,42
1951,2,3931,1465,2466,0,0,0,1.0,1,1.0,1,1.0,1,0.1837719099700233,38
1952,3,3934,1467,2467,0,0,0,1.0,1,1.0,1,1.0,1,0.17675489993680363,36
1953,2,3936,1467,2469,0,0,0,1.0,1,1.0,1,1.0,1,0.1271158568968161,35
1954,0,3936,1467,2469,0,0,0,1.0,1,1.0,1,1.0,1,0.15627157325128022,32
1955,2,3938,1469,2469,0,0,0,1.0,1,1.0,1,1.0,1,0.18050114249594257,33
1956,2,3940,1471,2469,0,0,0,1.0,1,1.0,1,1.0,1,0.1942555612963288,31
1957,3,3943,1471,2472,0,0,0,1.0,1,1.0,1,1.0,1,0.12051321248802806,33
1958,5,3948,1473,2475,0,0,0,1.0,1,1.0,1,1.0,1,0.18480002963680273,34
1959,1,3949,1473,2476,0,0,0,1.0,1,1.0,1,1.0,1,0.15812512675358636,35
1960,2,3951,1473,2478,0,0,0,1.0,1,1.0,1,1.0,1,0.16481093114014805,36
1961,1,3952,1474,2478,0,0,0,1.0,1,1.0,1,1.0,1,0.16710927891312496,36
1962,0,3952,1474,2478,0,0,0,1.0,1,1.0,1,1.0,1,0.2057143611854824,35
1963,1,3953,1474,2479,0,0,0,1.0,1,1.0,1,1.0,1,0.20049701043676868,36
1964,2,3955,1474,2481,0,0,0,1.0,1,1.0,1,1.0,1,0.21438011466807308,35
1965,2,3957,1474,2483,0,0,0,1.0,1,1.0,1,1.0,1,0.17171569979339085,36
1966,4,3961,1475,2486,0,0,0,1.0,1,1.0,1,1.0,1,0.1663349667685725,36
1967,2,3963,1476,2487,0,0,0,1.0,1,1.0,1,1.0,1,0.17801762547505687,36
1968,0,3963,1476,2487,0,0,0,1.0,1,1.0,1,1.0,1,0.19526334947707497,37
1969,8,3971,1477,2494,0,0,0,1.0,1,1.0,1,1.0,1,0.20477929728377509,37
1970,4,3975,1477,2498,0,0,0,1.0,1,1.0,1,1.0,1,0.19236998816610987,38
1971,2,3977,1478,2499,0,0,0,1.0,1,1.0,1,1.0,1,0.2371401429061556,37
1972,2,3979,1478,2501,0,0,0,1.0,1,1.0,1,1.0,1,0.16124893410225588,37
1973,3,3982,1480,2502,0,0,0,1.0,1,1.0,1,1.0,1,0.19344804045629166,37
1974,3,3985,1481,2504,0,0,0,1.0,1,1.0,1,1.0,1,0.17135918837870492,38
1975,2,3987,1481,2506,0,0,0,1.0,1,1.0,1,1.0,1,0.175820462708684,37
1976,2,3989,1482,2507,0,0,0,1.0,1,1.0,1,1.0,1,0.17064516289937043,39
1977,3,3992,1483,2509,0,0,0,1.0,1,1.0,1,1.0,1,0.13099905336047202,42
1978,1,3993,1484,2509,0,0,0,1.0,1,1.0,1,1.0,1,0.14236197143815607,42
1979,0,3993,1484,2509,0,0,0,1.0,1,1.0,1,1.0,1,0.14236197143815607,42
1980,0,3993,1484,2509,0,0,0,1.0,1,1.0,1,1.0,1,0.14043804020139208,43
1981,1,3994,1484,2510,0,0,0,1.0,1,1.0,1,1.0,1,0.1285000723309688,44
1982,2,3996,1486,2510,0,0,0,1.0,1,1.0,1,1.0,1,0.13849123736709246,44
1983,0,3996,1486,2510,0,0,0,1.0,1,1.0,1,1.0,1,0.13849123736709246,44
1984,2,3998,1487,2511,0,0,0,1.0,1,1.0,1,1.0,1,0.1196520757837898,42
1985,4,4002,1490,2512,0,0,0,1.0,1,1.0,1,1.0,1,0.17223789445715756,41
1986,3,4005,1491,2514,0,0,0,1.0,1,1.0,1,1.0,1,0.14605164402103835,40
1987,0,4005,1491,2514,0,0,0,1.0,1,1.0,1,1.0,1,0.1554416710762017,37
1988,3,4008,1494,2514,0,0,0,1.0,1,1.0,1,1.0,1,0.20555041964406834,35
1989,3,4011,1494,2517,0,0,0,1.0,1,1.0,1,1.0,1,0.13687372236852702,32
1990,2,4013,1496,2517,0,0,0,1.0,1,1.0,1,1.0,1,0.20329335855912462,31
1991,0,4013,1496,2517,0,0,0,1.0,1,1.0,1,1.0,1,0.23046419767651197,32
1992,4,4017,1498,2519,0,0,0,1.0,1,1.0,1,1.0,1,0.27420768803027445,32
1993,5,4022,1500,2522,0,0,0,1.0,1,1.0,1,1.0,1,0.2887091740959797,32
1994,1,4023,1500,2523,0,0,0,1.0,1,1.0,1,1.0,1,0.25496416499162455,31
1995,3,4026,1500,2526,0,0,0,1.0,1,1.0,1,1.0,1,0.19598243439033636,32
1996,1,4027,1500,2527,0,0,0,1.0,1,1.0,1,1.0,1,0.20308945881633286,32
1997,2,4029,1500,2529,0,0,0,1.0,1,1.0,1,1.0,1,0.17506685188005977,31
1998,1,4030,1500,2530,0,0,0,1.0,1,1.0,1,1.0,1,0.12356593027777715,32
1999,0,4030,1500,2530,0,0,0,1.0,1,1.0,1,1.0,1,0.1572073237042617,31
2000,0,4030,1500,2530,0,0,0,1.0,1,1.0,1,1.0,1,0.15341117004079863,30
2001,2,4032,1500,2532,0,0,0,1.0,1,1.0,1,1.0,1,0.12940494380248393,29
2002,1,4033,1500,2533,0,0,0,1.0,1,1.0,1,1.0,1,0.12448685865409735,31
2003,2,4035,1501,2534,0,0,0,1.0,1,1.0,1,1.0,1,0.1256254143026538,33
2004,4,4039,1502,2537,0,0,0,1.0,1,1.0,1,1.0,1,0.18386869597062525,34
2005,3,4042,1502,2540,0,0,0,1.0,1,1.0,1,1.0,1,0.15475574177839005,35
2006,1,4043,1503,2540,0,0,0,1.0,1,1.0,1,1.0,1,0.1644933911964141,36
2007,1,4044,1503,2541,0,0,0,1.0,1,1.0,1,1.0,1,0.1519769204250387,36
2008,1,4045,1504,2541,0,0,0,1.0,1,1.0,1,1.0,1,0.16216612789774348,36
2009,1,4046,1504,2542,0,0,0,1.0,1,1.0,1,1.0,1,0.1305957586817451,37
2010,3,4049,1505,2544,0,0,0,1.0,1,1.0,1,1.0,1,0.11329131603059894,37
2011,0,4049,1505,2544,0,0,0,1.0,1,1.0,1,1.0,1,0.11329131603059894,37
2012,0,4049,1505,2544,0,0,0,1.0,1,1.0,1,1.0,1,0.11329131603059894,37
2013,0,4049,1505,2544,0,0,0,1.0,1,1.0,1,1.0,1,0.14061936355600874,39
2014,2,4051,1505,2546,0,0,0,1.0,1,1.0,1,1.0,1,0.13073869640952607,39
2015,1,4052,1505,2547,0,0,0,1.0,1,1.0,1,1.0,1,0.1316666802291455,39
2016,1,4053,1505,2548,0,0,0,1.0,1,1.0,1,1.0,1,0.09791426938808245,41
2017,1,4054,1505,2549,0,0,0,1.0,1,1.0,1,1.0,1,0.09012037221734295,41
2018,2,4056,1506,2550,0,0,0,1.0,1,1.0,1,1.0,1,0.1342742147527603,42
2019,0,4056,1506,2550,0,0,0,1.0,1,1.0,1,1.0,1,0.11691921877432272,43
2020,4,4060,1509,2551,0,0,0,1.0,1,1.0,1,1.0,1,0.14922581589224934,43
2021,3,4063,1510,2553,0,0,0,1.0,1,1.0,1,1.0,1,0.09597547815937026,43
2022,0,4063,1510,2553,0,0,0,1.0,1,1.0,1,1.0,1,0.11073104914289274,44
2023,3,4066,1513,2553,0,0,0,1.0,1,1.0,1,1.0,1,0.2150643780080799,42
2024,1,4067,1514,2553,0,0,0,1.0,1,1.0,1,1.0,1,0.2061064567515368,41
2025,5,4072,1517,2555,0,0,0,1.0,1,1.0,1,1.0,1,0.19191371321257253,39
2026,2,4074,1517,2557,0,0,0,1.0,1,1.0,1,1.0,1,0.16754854900964072,39
2027,4,4078,1519,2559,0,0,0,1.0,1,1.0,1,1.0,1,0.24633625241463525,38
2028,3,4081,1520,2561,0,0,0,1.0,1,1.0,1,1.0,1,0.23413817140071227,37
2029,3,4084,1521,2563,0,0,0,1.0,1,1.0,1,1.0,1,0.19546851249276487,35
2030,1,4085,1522,2563,0,0,0,1.0,1,1.0,1,1.0,1,0.23408473552231276,32
2031,1,4086,1523,2563,0,0,0,1.0,1,1.0,1,1.0,1,0.25734278052459,34
2032,4,4090,1525,2565,0,0,0,1.0,1,1.0,1,1.0,1,0.2699747470712817,35
2033,5,4095,1528,2567,0,0,0,1.0,1,1.0,1,1.0,1,0.21140748264494374,35
2034,2,4097,1528,2569,0,0,0,1.0,1,1.0,1,1.0,1,0.1980666681207103,35
2035,3,4100,1530,2570,0,0,0,1.0,1,1.0,1,1.0,1,0.17032297577720396,36
2036,0,4100,1530,2570,0,0,0,1.0,1,1.0,1,1.0,1,0.1679304499607101,35
2037,0,4100,1530,2570,0,0,0,1.0,1,1.0,1,1.0,1,0.1547173378975926,36
2038,0,4100,1530,2570,0,0,0,1.0,1,1.0,1,1.0,1,0.1542893290809714,38
2039,3,4103,1531,2572,0,0,0,1.0,1,1.0,1,1.0,1,0.16227411669252792,38
2040,1,4104,1531,2573,0,0,0,1.0,1,1.0,1,1.0,1,0.15542356746027786,37
2041,2,4106,1532,2574,0,0,0,1.0,1,1.0,1,1.0,1,0.17208828493357536,38
2042,1,4107,1532,2575,0,0,0,1.0,1,1.0,1,1.0,1,0.15973150937644423,38
2043,1,4108,1533,2575,0,0,0,1.0,1,1.0,1,1.0,1,0.16007123102230852,38
2044,1,4109,1533,2576,0,0,0,1.0,1,1.0,1,1.0,1,0.1301973967780963,39
2045,1,4110,1533,2577,0,0,0,1.0,1,1.0,1,1.0,1,0.13925776480031415,40
2046,0,4110,1533,2577,0,0,0,1.0,1,1.0,1,1.0,1,0.1397607637758082,41
2047,0,4110,1533,2577,0,0,0,1.0,1,1.0,1,1.0,1,0.1397607637758082,41
2048,1,4111,1533,2578,0,0,0,1.0,1,1.0,1,1.0,1,0.1279775328231954,43
2049,1,4112,1534,2578,0,0,0,1.0,1,1.0,1,1.0,1,0.14011723580091337,43
2050,1,4113,1534,2579,0,0,0,1.0,1,1.0,1,1.0,1,0.13314125723635273,43
2051,5,4118,1536,2582,0,0,0,1.0,1,1.0,1,1.0,1,0.1595384860429876,43
2052,1,4119,1536,2583,0,0,0,1.0,1,1.0,1,1.0,1,0.17197402106213527,44
2053,4,4123,1537,2586,0,0,0,1.0,1,1.0,1,1.0,1,0.1513634260000727,43
2054,3,4126,1538,2588,0,0,0,1.0,1,1.0,1,1.0,1,0.12113277902482178,44
2055,0,4126,1538,2588,0,0,0,1.0,1,1.0,1,1.0,1,0.13525985317298378,43
2056,2,4128,1538,2590,0,0,0,1.0,1,1.0,1,1.0,1,0.10749093164768943,44
2057,3,4131,1539,2592,0,0,0,1.0,1,1.0,1,1.0,1,0.08941086708755368,44
2058,1,4132,1540,2592,0,0,0,1.0,1,1.0,1,1.0,1,0.08172987144668584,44
2059,1,4133,1540,2593,0,0,0,1.0,1,1.0,1,1.0,1,0.07529772652133922,45
2060,2,4135,1541,2594,0,0,0,1.0,1,1.0,1,1.0,1,0.11583154224611134,46
2061,6,4141,1544,2597,0,0,0,1.0,1,1.0,1,1.0,1,0.10036247861205626,48
2062,2,4143,1546,2597,0,0,0,1.0,1,1.0,1,1.0,1,0.15226225231818086,48
2063,1,4144,1546,2598,0,0,0,1.0,1,1.0,1,1.0,1,0.0923644272598141,45
2064,1,4145,1547,2598,0,0,0,1.0,1,1.0,1,1.0,1,0.14208043457310576,44
2065,2,4147,1548,2599,0,0,0,1.0,1,1.0,1,1.0,1,0.09563454890873116,42
2066,3,4150,1550,2600,0,0,0,1.0,1,1.0,1,1.0,1,0.1520566840636011,42
2067,1,4151,1551,2600,0,0,0,1.0,1,1.0,1,1.0,1,0.18095311227444066,38
2068,1,4152,1552,2600,0,0,0,1.0,1,1.0,1,1.0,1,0.23462911805796455,37
2069,5,4157,1552,2605,0,0,0,1.0,1,1.0,1,1.0,1,0.10823791636001277,35
2070,2,4159,1554,2605,0,0,0,1.0,1,1.0,1,1.0,1,0.1486237491922468,35
2071,2,4161,1555,2606,0,0,0,1.0,1,1.0,1,1.0,1,0.18883327276495462,34
2072,2,4163,1556,2607,0,0,0,1.0,1,1.0,1,1.0,1,0.18761282177090327,35
2073,3,4166,1556,2610,0,0,0,1.0,1,1.0,1,1.0,1,0.14986767220206737,37
2074,3,4169,1557,2612,0,0,0,1.0,1,1.0,1,1.0,1,0.14316183726310122,36
2075,1,4170,1557,2613,0,0,0,1.0,1,1.0,1,1.0,1,0.15970488222031312,38
2076,0,4170,1557,2613,0,0,0,1.0,1,1.0,1,1.0,1,0.14283384070058483,37
2077,1,4171,1557,2614,0,0,0,1.0,1,1.0,1,1.0,1,0.10723154031322459,37
2078,0,4171,1557,2614,0,0,0,1.0,1,1.0,1,1.0,1,0.10723154031322459,37
2079,3,4174,1558,2616,0,0,0,1.0,1,1.0,1,1.0,1,0.08582934897330137,37
2080,1,4175,1559,2616,0,0,0,1.0,1,1.0,1,1.0,1,0.11577388594670968,36
2081,3,4178,1560,2618,0,0,0,1.0,1,1.0,1,1.0,1,0.11815358420447673,37
2082,7,4185,1563,2622,0,0,0,1.0,1,1.0,1,1.0,1,0.1313812749417692,38
2083,3,4188,1564,2624,0,0,0,1.0,1,1.0,1,1.0,1,0.12248032477304817,39
2084,1,4189,1564,2625,0,0,0,1.0,1,1.0,1,1.0,1,0.129370134852883,41
2085,1,4190,1565,2625,0,0,0,1.0,1,1.0,1,1.0,1,0.14467932579022214,41
2086,3,4193,1565,2628,0,0,0,1.0,1,1.0,1,1.0,1,0.1207000610784504,44
2087,0,4193,1565,2628,0,0,0,1.0,1,1.0,1,1.0,1,0.1207000610784504,44
2088,0,4193,1565,2628,0,0,0,1.0,1,1.0,1,1.0,1,0.12506138202677658,45
2089,2,4195,1566,2629,0,0,0,1.0,1,1.0,1,1.0,1,0.13076825659031155,46
2090,2,4197,1566,2631,0,0,0,1.0,1,1.0,1,1.0,1,0.12559496886460106,47
2091,5,4202,1567,2635,0,0,0,1.0,1,1.0,1,1.0,1,0.145198060719059,48
2092,1,4203,1568,2635,0,0,0,1.0,1,1.0,1,1.0,1,0.13594076349750014,48
2093,2,4205,1568,2637,0,0,0,1.0,1,1.0,1,1.0,1,0.0803846386340637,48
2094,1,4206,1569,2637,0,0,0,1.0,1,1.0,1,1.0,1,0.1040209481622096,47
2095,2,4208,1569,2639,0,0,0,1.0,1,1.0,1,1.0,1,0.08296002895893566,49
2096,2,4210,1570,2640,0,0,0,1.0,1,1.0,1,1.0,1,0.06427390132676748,50
2097,0,4210,1570,2640,0,0,0,1.0,1,1.0,1,1.0,1,0.06427390132676748,50
2098,2,4212,1572,2640,0,0,0,1.0,1,1.0,1,1.0,1,0.12584246379887865,51
2099,0,4212,1572,2640,0,0,0,1.0,1,1.0,1,1.0,1,0.12816305987227125,50
2100,2,4214,1574,2640,0,0,0,1.0,1,1.0,1,1.0,1,0.14536082231744504,49
2101,3,4217,1575,2642,0,0,0,1.0,1,1.0,1,1.0,1,0.12169887636281998,48
2102,5,4222,1578,2644,0,0,0,1.0,1,1.0,1,1.0,1,0.1793389700941135,49
2103,2,4224,1579,2645,0,0,0,1.0,1,1.0,1,1.0,1,0.17803426737720654,44
2104,4,4228,1582,2646,0,0,0,1.0,1,1.0,1,1.0,1,0.22110076646412075,42
2105,3,4231,1583,2648,0,0,0,1.0,1,1.0,1,1.0,1,0.1836951267091374,40
2106,7,4238,1586,2652,0,0,0,1.0,1,1.0,1,1.0,1,0.22469317436128158,39
2107,2,4240,1588,2652,0,0,0,1.0,1,1.0,1,1.0,1,0.26759647720768315,37
2108,4,4244,1589,2655,0,0,0,1.0,1,1.0,1,1.0,1,0.21351321102477588,37
2109,7,4251,1590,2661,0,0,0,1.0,1,1.0,1,1.0,1,0.1754024486832756,36
2110,1,4252,1590,2662,0,0,0,1.0,1,1.0,1,1.0,1,0.18958736426885775,35
2111,2,4254,1590,2664,0,0,0,1.0,1,1.0,1,1.0,1,0.19109763943191893,35
2112,1,4255,1590,2665,0,0,0,1.0,1,1.0,1,1.0,1,0.19453122534662723,35
2113,1,4256,1590,2666,0,0,0,1.0,1,1.0,1,1.0,1,0.17785475624605546,35
2114,0,4256,1590,2666,0,0,0,1.0,1,1.0,1,1.0,1,0.18151607769264064,36
2115,3,4259,1591,2668,0,0,0,1.0,1,1.0,1,1.0,1,0.17655664085298334,37
2116,3,4262,1592,2670,0,0,0,1.0,1,1.0,1,1.0,1,0.1749019594611225,39
2117,1,4263,1592,2671,0,0,0,1.0,1,1.0,1,1.0,1,0.11651436379270556,39
2118,1,4264,1593,2671,0,0,0,1.0,1,1.0,1,1.0,1,0.1061951304124171,41
2119,3,4267,1594,2673,0,0,0,1.0,1,1.0,1,1.0,1,0.0801501298715849,42
2120,1,4268,1594,2674,0,0,0,1.0,1,1.0,1,1.0,1,0.10344666117053664,42
2121,1,4269,1595,2674,0,0,0,1.0,1,1.0,1,1.0,1,0.10202703222146473,42
2122,2,4271,1596,2675,0,0,0,1.0,1,1.0,1,1.0,1,0.12631028672746297,43
2123,3,4274,1598,2676,0,0,0,1.0,1,1.0,1,1.0,1,0.18708925918644842,42
2124,2,4276,1599,2677,0,0,0,1.0,1,1.0,1,1.0,1,0.17105718037246212,42
2125,3,4279,1599,2680,0,0,0,1.0,1,1.0,1,1.0,1,0.11571558515076624,41
2126,0,4279,1599,2680,0,0,0,1.0,1,1.0,1,1.0,1,0.11571558515076624,41
2127,0,4279,1599,2680,0,0,0,1.0,1,1.0,1,1.0,1,0.11571558515076624,41
2128,1,4280,1599,2681,0,0,0,1.0,1,1.0,1,1.0,1,0.11064400118828069,42
2129,1,4281,1599,2682,0,0,0,1.0,1,1.0,1,1.0,1,0.1302704774249553,43
2130,2,4283,1599,2684,0,0,0,1.0,1,1.0,1,1.0,1,0.10181089974155931,45
2131,1,4284,1600,2684,0,0,0,1.0,1,1.0,1,1.0,1,0.10260863788473072,44
2132,0,4284,1600,2684,0,0,0,1.0,1,1.0,1,1.0,1,0.10260863788473072,44
2133,0,4284,1600,2684,0,0,0,1.0,1,1.0,1,1.0,1,0.11551663231198453,45
2134,0,4284,1600,2684,0,0,0,1.0,1,1.0,1,1.0,1,0.11551663231198453,45
2135,4,4288,1602,2686,0,0,0,1.0,1,1.0,1,1.0,1,0.07862377704335101,46
2136,4,4292,1604,2688,0,0,0,1.0,1,1.0,1,1.0,1,0.12734888505584518,47
2137,4,4296,1605,2691,0,0,0,1.0,1,1.0,1,1.0,1,0.12878410180920685,47
2138,0,4296,1605,2691,0,0,0,1.0,1,1.0,1,1.0,1,0.1412986068991931,45
2139,0,4296,1605,2691,0,0,0,1.0,1,1.0,1,1.0,1,0.1412986068991931,45
2140,0,4296,1605,2691,0,0,0,1.0,1,1.0,1,1.0,1,0.1564068702714424,44
2141,2,4298,1605,2693,0,0,0,1.0,1,1.0,1,1.0,1,0.09070188286064933,45
2142,5,4303,1608,2695,0,0,0,1.0,1,1.0,1,1.0,1,0.15657570026040332,46
2143,6,4309,1608,2701,0,0,0,1.0,1,1.0,1,1.0,1,0.11491917054030307,46
2144,6,4315,1609,2706,0,0,0,1.0,1,1.0,1,1.0,1,0.1327540573647652,48
2145,6,4321,1613,2708,0,0,0,1.0,1,1.0,1,1.0,1,0.12107974353581401,46
2146,2,4323,1615,2708,0,0,0,1.0,1,1.0,1,1.0,1,0.10892064300877957,45
2147,4,4327,1617,2710,0,0,0,1.0,1,1.0,1,1.0,1,0.1474890042542079,44
2148,4,4331,1620,2711,0,0,0,1.0,1,1.0,1,1.0,1,0.1655533249833564,44
2149,7,4338,1625,2713,0,0,0,1.0,1,1.0,1,1.0,1,0.16542945532562459,42
2150,2,4340,1626,2714,0,0,0,1.0,1,1.0,1,1.0,1,0.14333866744776086,40
2151,3,4343,1627,2716,0,0,0,1.0,1,1.0,1,1.0,1,0.1798764796475667,39
2152,3,4346,1628,2718,0,0,0,1.0,1,1.0,1,1.0,1,0.17320272254759228,40
2153,3,4349,1628,2721,0,0,0,1.0,1,1.0,1,1.0,1,0.11073793629741775,42
2154,2,4351,1629,2722,0,0,0,1.0,1,1.0,1,1.0,1,0.14111926252435764,42
2155,2,4353,1630,2723,0,0,0,1.0,1,1.0,1,1.0,1,0.12596722806401187,41
2156,0,4353,1630,2723,0,0,0,1.0,1,1.0,1,1.0,1,0.14244294129152088,40
2157,3,4356,1631,2725,0,0,0,1.0,1,1.0,1,1.0,1,0.1341852156319588,40
2158,0,4356,1631,2725,0,0,0,1.0,1,1.0,1,1.0,1,0.16389036233006737,38
2159,0,4356,1631,2725,0,0,0,1.0,1,1.0,1,1.0,1,0.1570290557866859,38
2160,0,4356,1631,2725,0,0,0,1.0,1,1.0,1,1.0,1,0.1570290557866859,38
2161,3,4359,1632,2727,0,0,0,1.0,1,1.0,1,1.0,1,0.13112399192389276,38
2162,3,4362,1634,2728,0,0,0,1.0,1,1.0,1,1.0,1,0.17047606732036472,38
2163,4,4366,1636,2730,0,0,0,1.0,1,1.0,1,1.0,1,0.1534673594824835,40
2164,3,4369,1638,2731,0,0,0,1.0,1,1.0,1,1.0,1,0.16620059616811309,41
2165,7,4376,1639,2737,0,0,0,1.0,1,1.0,1,1.0,1,0.13322747677014196,42
2166,0,4376,1639,2737,0,0,0,1.0,1,1.0,1,1.0,1,0.13322747677014196,42
2167,6,4382,1639,2743,0,0,0,1.0,1,1.0,1,1.0,1,0.14076964599711866,43
2168,6,4388,1639,2749,0,0,0,1.0,1,1.0,1,1.0,1,0.12944417803864472,43
2169,5,4393,1639,2754,0,0,0,1.0,1,1.0,1,1.0,1,0.11485354119623997,45
2170,5,4398,1640,2758,0,0,0,1.0,1,1.0,1,1.0,1,0.11751000000052512,46
2171,1,4399,1640,2759,0,0,0,1.0,1,1.0,1,1.0,1,0.08946268655495059,48
2172,4,4403,1640,2763,0,0,0,1.0,1,1.0,1,1.0,1,0.08665486862449591,49
2173,1,4404,1640,2764,0,0,0,1.0,1,1.0,1,1.0,1,0.06846340879817064,49
2174,0,4404,1640,2764,0,0,0,1.0,1,1.0,1,1.0,1,0.06846340879817064,49
2175,0,4404,1640,2764,0,0,0,1.0,1,1.0,1,1.0,1,0.06846340879817064,49
2176,4,4408,1641,2767,0,0,0,1.0,1,1.0,1,1.0,1,0.056479873651117764,51
2177,1,4409,1641,2768,0,0,0,1.0,1,1.0,1,1.0,1,0.05792368396477946,51
2178,1,4410,1642,2768,0,0,0,1.0,1,1.0,1,1.0,1,0.11245312913136976,50
2179,2,4412,1643,2769,0,0,0,1.0,1,1.0,1,1.0,1,0.11452127165549784,49
2180,0,4412,1643,2769,0,0,0,1.0,1,1.0,1,1.0,1,0.14873182561637946,47
2181,3,4415,1644,2771,0,0,0,1.0,1,1.0,1,1.0,1,0.12723559922117017,47
2182,4,4419,1647,2772,0,0,0,1.0,1,1.0,1,1.0,1,0.17840331597056616,45
2183,6,4425,1649,2776,0,0,0,1.0,1,1.0,1,1.0,1,0.13158476131361826,44
2184,2,4427,1651,2776,0,0,0,1.0,1,1.0,1,1.0,1,0.14676358183278534,43
2185,6,4433,1654,2779,0,0,0,1.0,1,1.0,1,1.0,1,0.09448848963678809,40
2186,2,4435,1655,2780,0,0,0,1.0,1,1.0,1,1.0,1,0.10096246562451322,38
2187,3,4438,1657,2781,0,0,0,1.0,1,1.0,1,1.0,1,0.1401146759677537,35
2188,4,4442,1661,2781,0,0,0,1.0,1,1.0,1,1.0,1,0.15336975140026535,34
2189,2,4444,1663,2781,0,0,0,1.0,1,1.0,1,1.0,1,0.17592167056881014,31
2190,4,4448,1666,2782,0,0,0,1.0,1,1.0,1,1.0,1,0.1871461660874641,29
2191,2,4450,1667,2783,0,0,0,1.0,1,1.0,1,1.0,1,0.1898703805103601,28
2192,1,4451,1668,2783,0,0,0,1.0,1,1.0,1,1.0,1,0.21169154699079373,29
2193,4,4455,1670,2785,0,0,0,1.0,1,1.0,1,1.0,1,0.22567688979955688,28
2194,1,4456,1670,2786,0,0,0,1.0,1,1.0,1,1.0,1,0.20700805541311582,27
2195,4,4460,1673,2787,0,0,0,1.0,1,1.0,1,1.0,1,0.28211491659447546,27
2196,3,4463,1674,2789,0,0,0,1.0,1,1.0,1,1.0,1,0.32057078075254614,27
2197,3,4466,1674,2792,0,0,0,1.0,1,1.0,1,1.0,1,0.24387456856074494,27
2198,0,4466,1674,2792,0,0,0,1.0,1,1.0,1,1.0,1,0.2195369438889572,28
2199,0,4466,1674,2792,0,0,0,1.0,1,1.0,1,1.0,1,0.24750458396171965,29
2200,8,4474,1675,2799,0,0,0,1.0,1,1.0,1,1.0,1,0.20448149060956283,31
2201,0,4474,1675,2799,0,0,0,1.0,1,1.0,1,1.0,1,0.18016273166685437,32
2202,2,4476,1676,2800,0,0,0,1.0,1,1.0,1,1.0,1,0.18517831126898993,31
2203,0,4476,1676,2800,0,0,0,1.0,1,1.0,1,1.0,1,0.1514411138654892,32
2204,0,4476,1676,2800,0,0,0,1.0,1,1.0,1,1.0,1,0.1514411138654892,32
2205,1,4477,1677,2800,0,0,0,1.0,1,1.0,1,1.0,1,0.21111476315307268,33
2206,1,4478,1678,2800,0,0,0,1.0,1,1.0,1,1.0,1,0.26358082219044543,32
2207,1,4479,1678,2801,0,0,0,1.0,1,1.0,1,1.0,1,0.23374657094741896,33
2208,2,4481,1679,2802,0,0,0,1.0,1,1.0,1,1.0,1,0.21759112301238515,35
2209,3,4484,1680,2804,0,0,0,1.0,1,1.0,1,1.0,1,0.19177924840268915,36
2210,0,4484,1680,2804,0,0,0,1.0,1,1.0,1,1.0,1,0.20171084958595703,35
2211,1,4485,1680,2805,0,0,0,1.0,1,1.0,1,1.0,1,0.19277987492080723,36
2212,3,4488,1681,2807,0,0,0,1.0,1,1.0,1,1.0,1,0.16338608263183851,37
2213,1,4489,1682,2807,0,0,0,1.0,1,1.0,1,1.0,1,0.15190998248470045,37
2214,1,4490,1683,2807,0,0,0,1.0,1,1.0,1,1.0,1,0.1930805233274829,39
2215,1,4491,1684,2807,0,0,0,1.0,1,1.0,1,1.0,1,0.18264795394441616,36
2216,2,4493,1686,2807,0,0,0,1.0,1,1.0,1,1.0,1,0.24136219547265486,37
2217,3,4496,1687,2809,0,0,0,1.0,1,1.0,1,1.0,1,0.17395384136702094,35
2218,3,4499,1688,2811,0,0,0,1.0,1,1.0,1,1.0,1,0.11227280269913081,35
2219,1,4500,1689,2811,0,0,0,1.0,1,1.0,1,1.0,1,0.0960825990763653,33
2220,1,4501,1690,2811,0,0,0,1.0,1,1.0,1,1.0,1,0.13578041631782328,31
2221,2,4503,1691,2812,0,0,0,1.0,1,1.0,1,1.0,1,0.13546085432513086,31
2222,3,4506,1692,2814,0,0,0,1.0,1,1.0,1,1.0,1,0.14948754172280046,30
2223,5,4511,1694,2817,0,0,0,1.0,1,1.0,1,1.0,1,0.11461823702699878,28
2224,2,4513,1696,2817,0,0,0,1.0,1,1.0,1,1.0,1,0.22221992184418712,29
2225,6,4519,1697,2822,0,0,0,1.0,1,1.0,1,1.0,1,0.08114626592031302,28
2226,2,4521,1698,2823,0,0,0,1.0,1,1.0,1,1.0,1,0.11450318611122261,30
2227,1,4522,1699,2823,0,0,0,1.0,1,1.0,1,1.0,1,0.1637764744936382,28
2228,2,4524,1700,2824,0,0,0,1.0,1,1.0,1,1.0,1,0.25045050567894617,29
2229,2,4526,1700,2826,0,0,0,1.0,1,1.0,1,1.0,1,0.12802656142272895,28
2230,1,4527,1701,2826,0,0,0,1.0,1,1.0,1,1.0,1,0.1450964603123237,28
2231,1,4528,1702,2826,0,0,0,1.0,1,1.0,1,1.0,1,0.17452248013942817,27
2232,2,4530,1702,2828,0,0,0,1.0,1,1.0,1,1.0,1,0.11632969069969051,27
2233,7,4537,1707,2830,0,0,0,1.0,1,1.0,1,1.0,1,0.16387438877426116,28
2234,0,4537,1707,2830,0,0,0,1.0,1,1.0,1,1.0,1,0.19846757218537914,26
2235,1,4538,1708,2830,0,0,0,1.0,1,1.0,1,1.0,1,0.2527609427204463,26
2236,2,4540,1709,2831,0,0,0,1.0,1,1.0,1,1.0,1,0.2738494768979437,26
2237,2,4542,1709,2833,0,0,0,1.0,1,1.0,1,1.0,1,0.23637054588353842,26
2238,1,4543,1710,2833,0,0,0,1.0,1,1.0,1,1.0,1,0.2659683343606249,27
2239,2,4545,1711,2834,0,0,0,1.0,1,1.0,1,1.0,1,0.2669295261007427,28
2240,7,4552,1712,2840,0,0,0,1.0,1,1.0,1,1.0,1,0.2402748387351609,30
2241,4,4556,1714,2842,0,0,0,1.0,1,1.0,1,1.0,1,0.26372147440157045,29
2242,4,4560,1715,2845,0,0,0,1.0,1,1.0,1,1.0,1,0.17847287933349526,29
2243,0,4560,1715,2845,0,0,0,1.0,1,1.0,1,1.0,1,0.17847287933349526,29
2244,0,4560,1715,2845,0,0,0,1.0,1,1.0,1,1.0,1,0.17847287933349526,29
2245,2,4562,1715,2847,0,0,0,1.0,1,1.0,1,1.0,1,0.08141988993143949,30
2246,2,4564,1715,2849,0,0,0,1.0,1,1.0,1,1.0,1,0.11995149626903356,33
2247,0,4564,1715,2849,0,0,0,1.0,1,1.0,1,1.0,1,0.11915564102989032,34
2248,0,4564,1715,2849,0,0,0,1.0,1,1.0,1,1.0,1,0.11915564102989032,34
2249,1,4565,1715,2850,0,0,0,1.0,1,1.0,1,1.0,1,0.12032650705580589,35
2250,0,4565,1715,2850,0,0,0,1.0,1,1.0,1,1.0,1,0.12032650705580589,35
2251,1,4566,1715,2851,0,0,0,1.0,1,1.0,1,1.0,1,0.13124237048755638,36
2252,1,4567,1715,2852,0,0,0,1.0,1,1.0,1,1.0,1,0.14753195177590123,37
2253,2,4569,1716,2853,0,0,0,1.0,1,1.0,1,1.0,1,0.15609372950067585,35
2254,0,4569,1716,2853,0,0,0,1.0,1,1.0,1,1.0,1,0.16595121609622124,33
2255,1,4570,1717,2853,0,0,0,1.0,1,1.0,1,1.0,1,0.19262272453612223,35
2256,2,4572,1718,2854,0,0,0,1.0,1,1.0,1,1.0,1,0.22438696830880928,34
2257,5,4577,1720,2857,0,0,0,1.0,1,1.0,1,1.0,1,0.13791082466850707,36
2258,2,4579,1720,2859,0,0,0,1.0,1,1.0,1,1.0,1,0.13595985857090892,35
2259,0,4579,1720,2859,0,0,0,1.0,1,1.0,1,1.0,1,0.14358976503285792,35
2260,0,4579,1720,2859,0,0,0,1.0,1,1.0,1,1.0,1,0.16565626096101516,33
2261,3,4582,1721,2861,0,0,0,1.0,1,1.0,1,1.0,1,0.15792774534759135,33
2262,1,4583,1722,2861,0,0,0,1.0,1,1.0,1,1.0,1,0.26585147400443826,32
2263,1,4584,1723,2861,0,0,0,1.0,1,1.0,1,1.0,1,0.2762331468395744,31
2264,3,4587,1725,2862,0,0,0,1.0,1,1.0,1,1.0,1,0.33883195320424764,30
2265,6,4593,1725,2868,0,0,0,1.0,1,1.0,1,1.0,1,0.09518670640499917,29
2266,3,4596,1727,2869,0,0,0,1.0,1,1.0,1,1.0,1,0.17307788915387465,30
2267,2,4598,1729,2869,0,0,0,1.0,1,1.0,1,1.0,1,0.18210966373372556,29
2268,2,4600,1730,2870,0,0,0,1.0,1,1.0,1,1.0,1,0.22864055477736647,30
2269,5,4605,1732,2873,0,0,0,1.0,1,1.0,1,1.0,1,0.1234464898049004,31
2270,2,4607,1733,2874,0,0,0,1.0,1,1.0,1,1.0,1,0.14740928341016674,31
2271,5,4612,1737,2875,0,0,0,1.0,1,1.0,1,1.0,1,0.14391575576577215,31
2272,1,4613,1738,2875,0,0,0,1.0,1,1.0,1,1.0,1,0.16574866308244288,31
2273,4,4617,1738,2879,0,0,0,1.0,1,1.0,1,1.0,1,0.13683226719723168,30
2274,2,4619,1738,2881,0,0,0,1.0,1,1.0,1,1.0,1,0.10915320075042477,31
2275,1,4620,1738,2882,0,0,0,1.0,1,1.0,1,1.0,1,0.09747399220557523,32
2276,3,4623,1740,2883,0,0,0,1.0,1,1.0,1,1.0,1,0.11835937974089725,31
2277,1,4624,1741,2883,0,0,0,1.0,1,1.0,1,1.0,1,0.15037102812970413,31
2278,2,4626,1742,2884,0,0,0,1.0,1,1.0,1,1.0,1,0.17623190520425128,32
2279,2,4628,1743,2885,0,0,0,1.0,1,1.0,1,1.0,1,0.11333177719262615,32
2280,1,4629,1743,2886,0,0,0,1.0,1,1.0,1,1.0,1,0.08827682792284933,33
2281,0,4629,1743,2886,0,0,0,1.0,1,1.0,1,1.0,1,0.10712996083605077,34
2282,0,4629,1743,2886,0,0,0,1.0,1,1.0,1,1.0,1,0.10712996083605077,34
2283,0,4629,1743,2886,0,0,0,1.0,1,1.0,1,1.0,1,0.10712996083605077,34
2284,2,4631,1744,2887,0,0,0,1.0,1,1.0,1,1.0,1,0.10570078848804458,34
2285,1,4632,1744,2888,0,0,0,1.0,1,1.0,1,1.0,1,0.06269381065088793,35
2286,0,4632,1744,2888,0,0,0,1.0,1,1.0,1,1.0,1,0.08755387484792809,34
2287,0,4632,1744,2888,0,0,0,1.0,1,1.0,1,1.0,1,0.09478907509147458,35
2288,1,4633,1744,2889,0,0,0,1.0,1,1.0,1,1.0,1,0.123209221948465,35
2289,3,4636,1745,2891,0,0,0,1.0,1,1.0,1,1.0,1,0.10373323124633708,37
2290,1,4637,1745,2892,0,0,0,1.0,1,1.0,1,1.0,1,0.1382490791233816,37
2291,1,4638,1746,2892,0,0,0,1.0,1,1.0,1,1.0,1,0.14817558044983137,35
2292,1,4639,1747,2892,0,0,0,1.0,1,1.0,1,1.0,1,0.24042792823025752,35
2293,3,4642,1748,2894,0,0,0,1.0,1,1.0,1,1.0,1,0.18923278617730413,34
2294,1,4643,1748,2895,0,0,0,1.0,1,1.0,1,1.0,1,0.22888749151706295,33
2295,4,4647,1749,2898,0,0,0,1.0,1,1.0,1,1.0,1,0.16354075198289028,34
2296,1,4648,1749,2899,0,0,0,1.0,1,1.0,1,1.0,1,0.2174107337356564,33
2297,0,4648,1749,2899,0,0,0,1.0,1,1.0,1,1.0,1,0.25219850788929943,32
2298,2,4650,1749,2901,0,0,0,1.0,1,1.0,1,1.0,1,0.24167457823576732,32
2299,2,4652,1749,2903,0,0,0,1.0,1,1.0,1,1.0,1,0.19523367928766672,33
2300,1,4653,1750,2903,0,0,0,1.0,1,1.0,1,1.0,1,0.24145878636107707,33
2301,2,4655,1750,2905,0,0,0,1.0,1,1.0,1,1.0,1,0.2001554789885994,33
2302,2,4657,1750,2907,0,0,0,1.0,1,1.0,1,1.0,1,0.1479461742781445,34
2303,4,4661,1753,2908,0,0,0,1.0,1,1.0,1,1.0,1,0.16234303445200565,34
2304,2,4663,1755,2908,0,0,0,1.0,1,1.0,1,1.0,1,0.17644918481627161,33
2305,5,4668,1757,2911,0,0,0,1.0,1,1.0,1,1.0,1,0.17520779665167976,33
2306,3,4671,1759,2912,0,0,0,1.0,1,1.0,1,1.0,1,0.17903621007003073,33
2307,2,4673,1760,2913,0,0,0,1.0,1,1.0,1,1.0,1,0.16799531707683352,35
2308,1,4674,1761,2913,0,0,0,1.0,1,1.0,1,1.0,1,0.16806691199407703,34
2309,2,4676,1762,2914,0,0,0,1.0,1,1.0,1,1.0,1,0.1635399812837559,34
2310,1,4677,1762,2915,0,0,0,1.0,1,1.0,1,1.0,1,0.11716361881700123,34
2311,3,4680,1763,2917,0,0,0,1.0,1,1.0,1,1.0,1,0.1524923792741883,35
2312,1,4681,1764,2917,0,0,0,1.0,1,1.0,1,1.0,1,0.17395793892046874,34
2313,5,4686,1765,2921,0,0,0,1.0,1,1.0,1,1.0,1,0.14603919740544358,35
2314,1,4687,1765,2922,0,0,0,1.0,1,1.0,1,1.0,1,0.13742170724142488,35
2315,1,4688,1765,2923,0,0,0,1.0,1,1.0,1,1.0,1,0.1338302769797294,34
2316,3,4691,1767,2924,0,0,0,1.0,1,1.0,1,1.0,1,0.17892922970780373,35
2317,4,4695,1767,2928,0,0,0,1.0,1,1.0,1,1.0,1,0.06948721739089443,32
2318,1,4696,1768,2928,0,0,0,1.0,1,1.0,1,1.0,1,0.089997880433499,32
2319,1,4697,1769,2928,0,0,0,1.0,1,1.0,1,1.0,1,0.15720416739974288,32
2320,0,4697,1769,2928,0,0,0,1.0,1,1.0,1,1.0,1,0.1531322846735668,32
2321,2,4699,1769,2930,0,0,0,1.0,1,1.0,1,1.0,1,0.1373316039873994,33
2322,0,4699,1769,2930,0,0,0,1.0,1,1.0,1,1.0,1,0.1373316039873994,33
2323,0,4699,1769,2930,0,0,0,1.0,1,1.0,1,1.0,1,0.1373316039873994,33
2324,3,4702,1771,2931,0,0,0,1.0,1,1.0,1,1.0,1,0.21667727926779615,34
2325,3,4705,1771,2934,0,0,0,1.0,1,1.0,1,1.0,1,0.14962393410371264,35
2326,0,4705,1771,2934,0,0,0,1.0,1,1.0,1,1.0,1,0.14962393410371264,35
2327,1,4706,1771,2935,0,0,0,1.0,1,1.0,1,1.0,1,0.1258871646379682,36
2328,0,4706,1771,2935,0,0,0,1.0,1,1.0,1,1.0,1,0.14928160322446266,37
2329,0,4706,1771,2935,0,0,0,1.0,1,1.0,1,1.0,1,0.11773996851744457,37
2330,0,4706,1771,2935,0,0,0,1.0,1,1.0,1,1.0,1,0.13799610588786299,38
2331,0,4706,1771,2935,0,0,0,1.0,1,1.0,1,1.0,1,0.13450999283821705,40
2332,0,4706,1771,2935,0,0,0,1.0,1,1.0,1,1.0,1,0.13450999283821705,40
2333,0,4706,1771,2935,0,0,0,1.0,1,1.0,1,1.0,1,0.1253790651330351,41
2334,0,4706,1771,2935,0,0,0,1.0,1,1.0,1,1.0,1,0.1253790651330351,41
2335,1,4707,1771,2936,0,0,0,1.0,1,1.0,1,1.0,1,0.105389448989001,41
2336,0,4707,1771,2936,0,0,0,1.0,1,1.0,1,1.0,1,0.105389448989001,41
2337,0,4707,1771,2936,0,0,0,1.0,1,1.0,1,1.0,1,0.11900964732049561,42
2338,3,4710,1772,2938,0,0,0,1.0,1,1.0,1,1.0,1,0.12431043413101894,43
2339,0,4710,1772,2938,0,0,0,1.0,1,1.0,1,1.0,1,0.12431043413101894,43
2340,1,4711,1772,2939,0,0,0,1.0,1,1.0,1,1.0,1,0.1318427087897943,45
2341,1,4712,1772,2940,0,0,0,1.0,1,1.0,1,1.0,1,0.10994869624432663,45
2342,4,4716,1773,2943,0,0,0,1.0,1,1.0,1,1.0,1,0.09728926157917162,46
2343,1,4717,1774,2943,0,0,0,1.0,1,1.0,1,1.0,1,0.11343996452765151,45
2344,3,4720,1776,2944,0,0,0,1.0,1,1.0,1,1.0,1,0.13585930455827003,44
2345,2,4722,1776,2946,0,0,0,1.0,1,1.0,1,1.0,1,0.0985937023784834,44
2346,1,4723,1777,2946,0,0,0,1.0,1,1.0,1,1.0,1,0.11701255152036072,44
2347,2,4725,1777,2948,0,0,0,1.0,1,1.0,1,1.0,1,0.0958637994521925,44
2348,2,4727,1777,2950,0,0,0,1.0,1,1.0,1,1.0,1,0.07950360564729043,45
2349,2,4729,1778,2951,0,0,0,1.0,1,1.0,1,1.0,1,0.09583330555627143,46
2350,1,4730,1779,2951,0,0,0,1.0,1,1.0,1,1.0,1,0.12169063560908303,47
2351,3,4733,1780,2953,0,0,0,1.0,1,1.0,1,1.0,1,0.10615201356768304,47
2352,1,4734,1781,2953,0,0,0,1.0,1,1.0,1,1.0,1,0.09327800610939688,47
2353,2,4736,1781,2955,0,0,0,1.0,1,1.0,1,1.0,1,0.06993110538138392,46
2354,1,4737,1782,2955,0,0,0,1.0,1,1.0,1,1.0,1,0.07739829839834969,47
2355,1,4738,1782,2956,0,0,0,1.0,1,1.0,1,1.0,1,0.07173195868516943,47
2356,1,4739,1783,2956,0,0,0,1.0,1,1.0,1,1.0,1,0.0971445015944445,47
2357,3,4742,1785,2957,0,0,0,1.0,1,1.0,1,1.0,1,0.07140626544767394,47
2358,0,4742,1785,2957,0,0,0,1.0,1,1.0,1,1.0,1,0.08276351432728449,48
2359,2,4744,1786,2958,0,0,0,1.0,1,1.0,1,1.0,1,0.13032545128445353,49
2360,1,4745,1786,2959,0,0,0,1.0,1,1.0,1,1.0,1,0.08807710808584851,49
2361,4,4749,1787,2962,0,0,0,1.0,1,1.0,1,1.0,1,0.0991110126058577,50
2362,4,4753,1788,2965,0,0,0,1.0,1,1.0,1,1.0,1,0.11600348344362896,51
2363,1,4754,1789,2965,0,0,0,1.0,1,1.0,1,1.0,1,0.13110524020070669,51
2364,3,4757,1791,2966,0,0,0,1.0,1,1.0,1,1.0,1,0.14485092256045515,52
2365,7,4764,1793,2971,0,0,0,1.0,1,1.0,1,1.0,1,0.08368253790353385,53
2366,4,4768,1793,2975,0,0,0,1.0,1,1.0,1,1.0,1,0.04923869184421736,54
2367,4,4772,1795,2977,0,0,0,1.0,1,1.0,1,1.0,1,0.10838160319771706,52
2368,1,4773,1796,2977,0,0,0,1.0,1,1.0,1,1.0,1,0.14233869247570965,51
2369,9,4782,1797,2985,0,0,0,1.0,1,1.0,1,1.0,1,0.08276076379254398,51
2370,8,4790,1800,2990,0,0,0,1.0,1,1.0,1,1.0,1,0.09235294371207159,52
2371,3,4793,1802,2991,0,0,0,1.0,1,1.0,1,1.0,1,0.09487488164090453,52
2372,3,4796,1804,2992,0,0,0,1.0,1,1.0,1,1.0,1,0.1425573695260672,49
2373,4,4800,1805,2995,0,0,0,1.0,1,1.0,1,1.0,1,0.11627473739517805,47
2374,1,4801,1805,2996,0,0,0,1.0,1,1.0,1,1.0,1,0.09361676772289372,45
2375,0,4801,1805,2996,0,0,0,1.0,1,1.0,1,1.0,1,0.104277220426719,45
2376,1,4802,1805,2997,0,0,0,1.0,1,1.0,1,1.0,1,0.15243304473201844,43
2377,5,4807,1806,3001,0,0,0,1.0,1,1.0,1,1.0,1,0.12003386784444292,44
2378,0,4807,1806,3001,0,0,0,1.0,1,1.0,1,1.0,1,0.12305576848629018,43
2379,1,4808,1806,3002,0,0,0,1.0,1,1.0,1,1.0,1,0.1074832534581017,43
2380,0,4808,1806,3002,0,0,0,1.0,1,1.0,1,1.0,1,0.1074832534581017,43
2381,3,4811,1808,3003,0,0,0,1.0,1,1.0,1,1.0,1,0.1416920267113857,44
2382,1,4812,1808,3004,0,0,0,1.0,1,1.0,1,1.0,1,0.09889893403438707,44
2383,2,4814,1809,3005,0,0,0,1.0,1,1.0,1,1.0,1,0.0852318991450402,45
2384,4,4818,1811,3007,0,0,0,1.0,1,1.0,1,1.0,1,0.11392034584665221,45
2385,3,4821,1812,3009,0,0,0,1.0,1,1.0,1,1.0,1,0.07722084000426893,45
2386,5,4826,1816,3010,0,0,0,1.0,1,1.0,1,1.0,1,0.15739659105583167,46
2387,3,4829,1818,3011,0,0,0,1.0,1,1.0,1,1.0,1,0.13435238368666513,44
2388,4,4833,1820,3013,0,0,0,1.0,1,1.0,1,1.0,1,0.11568860339933464,44
2389,4,4837,1820,3017,0,0,0,1.0,1,1.0,1,1.0,1,0.06329540041319481,43
2390,2,4839,1822,3017,0,0,0,1.0,1,1.0,1,1.0,1,0.05758795578162121,44
2391,1,4840,1823,3017,0,0,0,1.0,1,1.0,1,1.0,1,0.08703851894850057,43
2392,4,4844,1825,3019,0,0,0,1.0,1,1.0,1,1.0,1,0.1225984292738545,44
2393,6,4850,1827,3023,0,0,0,1.0,1,1.0,1,1.0,1,0.08336492187943781,45
2394,1,4851,1828,3023,0,0,0,1.0,1,1.0,1,1.0,1,0.13398907550521624,44
2395,3,4854,1828,3026,0,0,0,1.0,1,1.0,1,1.0,1,0.11633098416056276,44
2396,2,4856,1829,3027,0,0,0,1.0,1,1.0,1,1.0,1,0.10909459030684383,45
2397,2,4858,1829,3029,0,0,0,1.0,1,1.0,1,1.0,1,0.10507626060097174,44
2398,1,4859,1830,3029,0,0,0,1.0,1,1.0,1,1.0,1,0.13456939831511877,44
2399,2,4861,1830,3031,0,0,0,1.0,1,1.0,1,1.0,1,0.11775897139110707,45
2400,0,4861,1830,3031,0,0,0,1.0,1,1.0,1,1.0,1,0.11775897139110707,45
2401,3,4864,1830,3034,0,0,0,1.0,1,1.0,1,1.0,1,0.10153652000403465,46
2402,2,4866,1830,3036,0,0,0,1.0,1,1.0,1,1.0,1,0.09865826967363592,47
2403,5,4871,1831,3040,0,0,0,1.0,1,1.0,1,1.0,1,0.1112595333256813,48
2404,3,4874,1832,3042,0,0,0,1.0,1,1.0,1,1.0,1,0.0859112828784263,47
2405,2,4876,1832,3044,0,0,0,1.0,1,1.0,1,1.0,1,0.08892146922598096,45
2406,2,4878,1833,3045,0,0,0,1.0,1,1.0,1,1.0,1,0.1069070021966837,45
2407,1,4879,1833,3046,0,0,0,1.0,1,1.0,1,1.0,1,0.13329256877654042,42
2408,0,4879,1833,3046,0,0,0,1.0,1,1.0,1,1.0,1,0.1510233877631195,41
2409,4,4883,1834,3049,0,0,0,1.0,1,1.0,1,1.0,1,0.15280525198998654,41
2410,1,4884,1834,3050,0,0,0,1.0,1,1.0,1,1.0,1,0.16058691082636212,40
2411,2,4886,1835,3051,0,0,0,1.0,1,1.0,1,1.0,1,0.15667375788662807,40
2412,1,4887,1835,3052,0,0,0,1.0,1,1.0,1,1.0,1,0.16388702716160133,38
2413,5,4892,1838,3054,0,0,0,1.0,1,1.0,1,1.0,1,0.18405423729795956,38
2414,1,4893,1839,3054,0,0,0,1.0,1,1.0,1,1.0,1,0.19473006849217908,36
2415,2,4895,1840,3055,0,0,0,1.0,1,1.0,1,1.0,1,0.22582400948941203,36
2416,1,4896,1841,3055,0,0,0,1.0,1,1.0,1,1.0,1,0.22562074627873036,35
2417,4,4900,1842,3058,0,0,0,1.0,1,1.0,1,1.0,1,0.22560973723768182,33
2418,2,4902,1842,3060,0,0,0,1.0,1,1.0,1,1.0,1,0.17454381073879985,33
2419,1,4903,1843,3060,0,0,0,1.0,1,1.0,1,1.0,1,0.23678388513509283,33
2420,4,4907,1844,3063,0,0,0,1.0,1,1.0,1,1.0,1,0.19476310470946404,34
2421,4,4911,1844,3067,0,0,0,1.0,1,1.0,1,1.0,1,0.09102505969671286,34
2422,2,4913,1846,3067,0,0,0,1.0,1,1.0,1,1.0,1,0.13183079008745646,35
2423,3,4916,1848,3068,0,0,0,1.0,1,1.0,1,1.0,1,0.16159005777934507,36
2424,0,4916,1848,3068,0,0,0,1.0,1,1.0,1,1.0,1,0.1255155614893192,35
2425,2,4918,1850,3068,0,0,0,1.0,1,1.0,1,1.0,1,0.1275279239859246,33
2426,4,4922,1854,3068,0,0,0,1.0,1,1.0,1,1.0,1,0.20841670567580028,34
2427,1,4923,1854,3069,0,0,0,1.0,1,1.0,1,1.0,1,0.1682536771005529,34
2428,4,4927,1856,3071,0,0,0,1.0,1,1.0,1,1.0,1,0.1599668309881378,34
2429,3,4930,1857,3073,0,0,0,1.0,1,1.0,1,1.0,1,0.16480150357654533,34
2430,1,4931,1857,3074,0,0,0,1.0,1,1.0,1,1.0,1,0.1530192448016403,33
2431,0,4931,1857,3074,0,0,0,1.0,1,1.0,1,1.0,1,0.1530192448016403,33
2432,0,4931,1857,3074,0,0,0,1.0,1,1.0,1,1.0,1,0.2060274641780114,33
2433,1,4932,1857,3075,0,0,0,1.0,1,1.0,1,1.0,1,0.1547897719384835,34
2434,0,4932,1857,3075,0,0,0,1.0,1,1.0,1,1.0,1,0.1547897719384835,34
2435,1,4933,1857,3076,0,0,0,1.0,1,1.0,1,1.0,1,0.14023382399763554,34
2436,2,4935,1858,3077,0,0,0,1.0,1,1.0,1,1.0,1,0.18185439854110366,33
2437,3,4938,1858,3080,0,0,0,1.0,1,1.0,1,1.0,1,0.10096461920696846,33
2438,5,4943,1860,3083,0,0,0,1.0,1,1.0,1,1.0,1,0.11691781172271269,34
2439,0,4943,1860,3083,0,0,0,1.0,1,1.0,1,1.0,1,0.1288893218723863,35
2440,0,4943,1860,3083,0,0,0,1.0,1,1.0,1,1.0,1,0.1288893218723863,35
2441,2,4945,1862,3083,0,0,0,1.0,1,1.0,1,1.0,1,0.15307794473217762,35
2442,0,4945,1862,3083,0,0,0,1.0,1,1.0,1,1.0,1,0.12691298211153962,35
2443,5,4950,1865,3085,0,0,0,1.0,1,1.0,1,1.0,1,0.22808417547579396,35
2444,2,4952,1867,3085,0,0,0,1.0,1,1.0,1,1.0,1,0.2843269431823525,34
2445,8,4960,1869,3091,0,0,0,1.0,1,1.0,1,1.0,1,0.2093023623812022,33
2446,3,4963,1870,3093,0,0,0,1.0,1,1.0,1,1.0,1,0.2136223749878413,30
2447,0,4963,1870,3093,0,0,0,1.0,1,1.0,1,1.0,1,0.19045853394816198,29
2448,2,4965,1872,3093,0,0,0,1.0,1,1.0,1,1.0,1,0.18829176086319396,27
2449,3,4968,1872,3096,0,0,0,1.0,1,1.0,1,1.0,1,0.09586784016885538,26
2450,2,4970,1873,3097,0,0,0,1.0,1,1.0,1,1.0,1,0.1080984152098018,28
2451,0,4970,1873,3097,0,0,0,1.0,1,1.0,1,1.0,1,0.1080984152098018,28
2452,0,4970,1873,3097,0,0,0,1.0,1,1.0,1,1.0,1,0.13972611353007464,29
2453,2,4972,1874,3098,0,0,0,1.0,1,1.0,1,1.0,1,0.12333018758656099,30
2454,1,4973,1874,3099,0,0,0,1.0,1,1.0,1,1.0,1,0.10860718872829506,32
2455,2,4975,1874,3101,0,0,0,1.0,1,1.0,1,1.0,1,0.13410899524701794,33
2456,4,4979,1875,3104,0,0,0,1.0,1,1.0,1,1.0,1,0.12872288162296486,34
2457,0,4979,1875,3104,0,0,0,1.0,1,1.0,1,1.0,1,0.12872288162296486,34
2458,1,4980,1875,3105,0,0,0,1.0,1,1.0,1,1.0,1,0.1530765183225137,36
2459,0,4980,1875,3105,0,0,0,1.0,1,1.0,1,1.0,1,0.1530765183225137,36
2460,2,4982,1876,3106,0,0,0,1.0,1,1.0,1,1.0,1,0.15071557761391577,37
2461,2,4984,1876,3108,0,0,0,1.0,1,1.0,1,1.0,1,0.1097671517589364,37
2462,4,4988,1879,3109,0,0,0,1.0,1,1.0,1,1.0,1,0.152805366475441,38
2463,2,4990,1879,3111,0,0,0,1.0,1,1.0,1,1.0,1,0.11049854534882975,38
2464,4,4994,1882,3112,0,0,0,1.0,1,1.0,1,1.0,1,0.13312107574123538,37
2465,2,4996,1883,3113,0,0,0,1.0,1,1.0,1,1.0,1,0.07957822210064075,36
2466,3,4999,1885,3114,0,0,0,1.0,1,1.0,1,1.0,1,0.12509418342288883,36
2467,0,4999,1885,3114,0,0,0,1.0,1,1.0,1,1.0,1,0.14680499300072633,34
2468,1,5000,1886,3114,0,0,0,1.0,1,1.0,1,1.0,1,0.18196060060993616,33
2469,1,5001,1886,3115,0,0,0,1.0,1,1.0,1,1.0,1,0.17489160942267457,32
2470,3,5004,1889,3115,0,0,0,1.0,1,1.0,1,1.0,1,0.2828540381752687,33
2471,2,5006,1889,3117,0,0,0,1.0,1,1.0,1,1.0,1,0.26103415574903777,31
2472,0,5006,1889,3117,0,0,0,1.0,1,1.0,1,1.0,1,0.2412997754846862,32
2473,2,5008,1889,3119,0,0,0,1.0,1,1.0,1,1.0,1,0.21046179879120144,31
2474,3,5011,1890,3121,0,0,0,1.0,1,1.0,1,1.0,1,0.2134185421315283,33
2475,2,5013,1890,3123,0,0,0,1.0,1,1.0,1,1.0,1,0.1851849159853998,33
2476,3,5016,1892,3124,0,0,0,1.0,1,1.0,1,1.0,1,0.19947262436461247,33
2477,2,5018,1892,3126,0,0,0,1.0,1,1.0,1,1.0,1,0.16028088841316032,33
2478,1,5019,1892,3127,0,0,0,1.0,1,1.0,1,1.0,1,0.1317042762914052,33
2479,2,5021,1894,3127,0,0,0,1.0,1,1.0,1,1.0,1,0.19487577690196783,33
2480,6,5027,1896,3131,0,0,0,1.0,1,1.0,1,1.0,1,0.14822511923804968,34
2481,4,5031,1897,3134,0,0,0,1.0,1,1.0,1,1.0,1,0.10388395025627355,33
2482,1,5032,1898,3134,0,0,0,1.0,1,1.0,1,1.0,1,0.16501977207280133,34
2483,2,5034,1898,3136,0,0,0,1.0,1,1.0,1,1.0,1,0.11833933859664553,33
2484,1,5035,1899,3136,0,0,0,1.0,1,1.0,1,1.0,1,0.14480157717810158,32
2485,0,5035,1899,3136,0,0,0,1.0,1,1.0,1,1.0,1,0.1398790822566773,31
2486,2,5037,1900,3137,0,0,0,1.0,1,1.0,1,1.0,1,0.1836819609447105,29
2487,0,5037,1900,3137,0,0,0,1.0,1,1.0,1,1.0,1,0.1836819609447105,29
2488,0,5037,1900,3137,0,0,0,1.0,1,1.0,1,1.0,1,0.2219692665449092,30
2489,3,5040,1901,3139,0,0,0,1.0,1,1.0,1,1.0,1,0.19436891553406663,29
2490,2,5042,1902,3140,0,0,0,1.0,1,1.0,1,1.0,1,0.1930254570855262,30
2491,1,5043,1903,3140,0,0,0,1.0,1,1.0,1,1.0,1,0.13919115862142675,30
2492,0,5043,1903,3140,0,0,0,1.0,1,1.0,1,1.0,1,0.13456458979532526,29
2493,0,5043,1903,3140,0,0,0,1.0,1,1.0,1,1.0,1,0.13456458979532526,29
2494,0,5043,1903,3140,0,0,0,1.0,1,1.0,1,1.0,1,0.1775744574985729,28
2495,1,5044,1904,3140,0,0,0,1.0,1,1.0,1,1.0,1,0.2325239493301786,29
2496,0,5044,1904,3140,0,0,0,1.0,1,1.0,1,1.0,1,0.2178694107209934,28
2497,1,5045,1904,3141,0,0,0,1.0,1,1.0,1,1.0,1,0.19752273002508355,28
2498,0,5045,1904,3141,0,0,0,1.0,1,1.0,1,1.0,1,0.21452411296113258,29
2499,1,5046,1904,3142,0,0,0,1.0,1,1.0,1,1.0,1,0.1906669508147398,30
2500,1,5047,1904,3143,0,0,0,1.0,1,1.0,1,1.0,1,0.13632059389550336,29
2501,5,5052,1907,3145,0,0,0,1.0,1,1.0,1,1.0,1,0.15485809149486923,33
2502,3,5055,1908,3147,0,0,0,1.0,1,1.0,1,1.0,1,0.11127383158649218,33
2503,3,5058,1910,3148,0,0,0,1.0,1,1.0,1,1.0,1,0.11386807691701792,31
2504,8,5066,1916,3150,0,0,0,1.0,1,1.0,1,1.0,1,0.14739197191217296,31
2505,1,5067,1917,3150,0,0,0,1.0,1,1.0,1,1.0,1,0.15890478273228326,32
2506,3,5070,1919,3151,0,0,0,1.0,1,1.0,1,1.0,1,0.19103090733251943,31
2507,1,5071,1920,3151,0,0,0,1.0,1,1.0,1,1.0,1,0.16475729100364483,29
2508,5,5076,1924,3152,0,0,0,1.0,1,1.0,1,1.0,1,0.2137640901474296,31
2509,1,5077,1924,3153,0,0,0,1.0,1,1.0,1,1.0,1,0.16388845270200988,30
2510,1,5078,1924,3154,0,0,0,1.0,1,1.0,1,1.0,1,0.1751050301490686,31
2511,0,5078,1924,3154,0,0,0,1.0,1,1.0,1,1.0,1,0.18238231986638131,32
2512,4,5082,1927,3155,0,0,0,1.0,1,1.0,1,1.0,1,0.19533765711446213,32
2513,3,5085,1928,3157,0,0,0,1.0,1,1.0,1,1.0,1,0.11780537284746816,34
2514,6,5091,1930,3161,0,0,0,1.0,1,1.0,1,1.0,1,0.07071694951782578,35
2515,7,5098,1932,3166,0,0,0,1.0,1,1.0,1,1.0,1,0.1464412907928042,35
2516,3,5101,1933,3168,0,0,0,1.0,1,1.0,1,1.0,1,0.17306809629879644,34
2517,4,5105,1934,3171,0,0,0,1.0,1,1.0,1,1.0,1,0.14958239236998278,34
2518,1,5106,1935,3171,0,0,0,1.0,1,1.0,1,1.0,1,0.18032756217049886,33
2519,0,5106,1935,3171,0,0,0,1.0,1,1.0,1,1.0,1,0.14590888145229072,32
2520,1,5107,1936,3171,0,0,0,1.0,1,1.0,1,1.0,1,0.1832840481631861,31
2521,2,5109,1937,3172,0,0,0,1.0,1,1.0,1,1.0,1,0.13706106061711806,31
2522,2,5111,1938,3173,0,0,0,1.0,1,1.0,1,1.0,1,0.16537770035945867,30
2523,0,5111,1938,3173,0,0,0,1.0,1,1.0,1,1.0,1,0.16234820061685898,30
2524,2,5113,1938,3175,0,0,0,1.0,1,1.0,1,1.0,1,0.3029268934499364,29
2525,2,5115,1938,3177,0,0,0,1.0,1,1.0,1,1.0,1,0.2116554578431712,29
2526,0,5115,1938,3177,0,0,0,1.0,1,1.0,1,1.0,1,0.23902198453764997,27
2527,1,5116,1938,3178,0,0,0,1.0,1,1.0,1,1.0,1,0.1887155930601031,28
2528,0,5116,1938,3178,0,0,0,1.0,1,1.0,1,1.0,1,0.1887155930601031,28
2529,0,5116,1938,3178,0,0,0,1.0,1,1.0,1,1.0,1,0.1887155930601031,28
2530,1,5117,1938,3179,0,0,0,1.0,1,1.0,1,1.0,1,0.18581086050082393,29
2531,0,5117,1938,3179,0,0,0,1.0,1,1.0,1,1.0,1,0.21056061281349733,30
2532,0,5117,1938,3179,0,0,0,1.0,1,1.0,1,1.0,1,0.21695569111080087,31
2533,0,5117,1938,3179,0,0,0,1.0,1,1.0,1,1.0,1,0.21695569111080087,31
2534,0,5117,1938,3179,0,0,0,1.0,1,1.0,1,1.0,1,0.21695569111080087,31
2535,1,5118,1939,3179,0,0,0,1.0,1,1.0,1,1.0,1,0.26235305589125874,31
2536,3,5121,1939,3182,0,0,0,1.0,1,1.0,1,1.0,1,0.21490012825573848,32
2537,2,5123,1939,3184,0,0,0,1.0,1,1.0,1,1.0,1,0.15824050747658658,33
2538,2,5125,1940,3185,0,0,0,1.0,1,1.0,1,1.0,1,0.20074224222709566,35
2539,1,5126,1941,3185,0,0,0,1.0,1,1.0,1,1.0,1,0.21204898811896356,37
2540,5,5131,1944,3187,0,0,0,1.0,1,1.0,1,1.0,1,0.20515025716850196,38
2541,2,5133,1944,3189,0,0,0,1.0,1,1.0,1,1.0,1,0.18034262376709928,39
2542,5,5138,1947,3191,0,0,0,1.0,1,1.0,1,1.0,1,0.18512191209155748,38
2543,3,5141,1949,3192,0,0,0,1.0,1,1.0,1,1.0,1,0.20526522373736855,41
2544,1,5142,1950,3192,0,0,0,1.0,1,1.0,1,1.0,1,0.20177572091850574,39
2545,7,5149,1951,3198,0,0,0,1.0,1,1.0,1,1.0,1,0.13421796980399658,40
2546,1,5150,1951,3199,0,0,0,1.0,1,1.0,1,1.0,1,0.08851923627643767,38
2547,7,5157,1955,3202,0,0,0,1.0,1,1.0,1,1.0,1,0.09969814902051705,38
2548,0,5157,1955,3202,0,0,0,1.0,1,1.0,1,1.0,1,0.11226342060242794,35
2549,3,5160,1957,3203,0,0,0,1.0,1,1.0,1,1.0,1,0.15103557342790502,35
2550,1,5161,1958,3203,0,0,0,1.0,1,1.0,1,1.0,1,0.1662754784439041,33
2551,1,5162,1959,3203,0,0,0,1.0,1,1.0,1,1.0,1,0.21777314154578845,31
2552,1,5163,1959,3204,0,0,0,1.0,1,1.0,1,1.0,1,0.2307170221503899,30
2553,0,5163,1959,3204,0,0,0,1.0,1,1.0,1,1.0,1,0.2307170221503899,30
2554,3,5166,1959,3207,0,0,0,1.0,1,1.0,1,1.0,1,0.146535390588057,32
2555,2,5168,1959,3209,0,0,0,1.0,1,1.0,1,1.0,1,0.13829444558424986,32
2556,0,5168,1959,3209,0,0,0,1.0,1,1.0,1,1.0,1,0.1156985148216035,32
2557,0,5168,1959,3209,0,0,0,1.0,1,1.0,1,1.0,1,0.16584381190477618,30
2558,2,5170,1961,3209,0,0,0,1.0,1,1.0,1,1.0,1,0.14210524986761747,31
2559,0,5170,1961,3209,0,0,0,1.0,1,1.0,1,1.0,1,0.16170078274245234,30
2560,0,5170,1961,3209,0,0,0,1.0,1,1.0,1,1.0,1,0.16170078274245234,30
2561,0,5170,1961,3209,0,0,0,1.0,1,1.0,1,1.0,1,0.16170078274245234,30
2562,2,5172,1961,3211,0,0,0,1.0,1,1.0,1,1.0,1,0.1396769584184881,33
2563,1,5173,1961,3212,0,0,0,1.0,1,1.0,1,1.0,1,0.13498769366366606,33
2564,0,5173,1961,3212,0,0,0,1.0,1,1.0,1,1.0,1,0.13498769366366606,33
2565,1,5174,1962,3212,0,0,0,1.0,1,1.0,1,1.0,1,0.11413160514316763,33
2566,0,5174,1962,3212,0,0,0,1.0,1,1.0,1,1.0,1,0.11433861670778753,35
2567,2,5176,1963,3213,0,0,0,1.0,1,1.0,1,1.0,1,0.14381799296700204,36
2568,1,5177,1964,3213,0,0,0,1.0,1,1.0,1,1.0,1,0.1792532643359509,37
2569,4,5181,1964,3217,0,0,0,1.0,1,1.0,1,1.0,1,0.13034875473793653,37
2570,1,5182,1964,3218,0,0,0,1.0,1,1.0,1,1.0,1,0.16798420311958376,37
2571,2,5184,1964,3220,0,0,0,1.0,1,1.0,1,1.0,1,0.16318094171085137,37
2572,1,5185,1964,3221,0,0,0,1.0,1,1.0,1,1.0,1,0.1318435865312734,39
2573,0,5185,1964,3221,0,0,0,1.0,1,1.0,1,1.0,1,0.1318435865312734,39
2574,0,5185,1964,3221,0,0,0,1.0,1,1.0,1,1.0,1,0.14456361411535498,38
2575,0,5185,1964,3221,0,0,0,1.0,1,1.0,1,1.0,1,0.14456361411535498,38
2576,0,5185,1964,3221,0,0,0,1.0,1,1.0,1,1.0,1,0.16117579279124503,37
2577,0,5185,1964,3221,0,0,0,1.0,1,1.0,1,1.0,1,0.17996658529956502,39
2578,1,5186,1964,3222,0,0,0,1.0,1,1.0,1,1.0,1,0.1825534178623937,40
2579,1,5187,1964,3223,0,0,0,1.0,1,1.0,1,1.0,1,0.16189436386991798,41
2580,1,5188,1964,3224,0,0,0,1.0,1,1.0,1,1.0,1,0.15063130248774473,42
2581,3,5191,1964,3227,0,0,0,1.0,1,1.0,1,1.0,1,0.12815042943952443,43
2582,1,5192,1965,3227,0,0,0,1.0,1,1.0,1,1.0,1,0.15267014021843517,43
2583,4,5196,1966,3230,0,0,0,1.0,1,1.0,1,1.0,1,0.13331374610010074,43
2584,3,5199,1967,3232,0,0,0,1.0,1,1.0,1,1.0,1,0.1254585333143545,43
2585,3,5202,1968,3234,0,0,0,1.0,1,1.0,1,1.0,1,0.09901133712098902,44
2586,2,5204,1969,3235,0,0,0,1.0,1,1.0,1,1.0,1,0.09512181694827869,43
2587,5,5209,1972,3237,0,0,0,1.0,1,1.0,1,1.0,1,0.13858053934853415,44
2588,0,5209,1972,3237,0,0,0,1.0,1,1.0,1,1.0,1,0.13858053934853415,44
2589,6,5215,1974,3241,0,0,0,1.0,1,1.0,1,1.0,1,0.1521734867256652,44
2590,0,5215,1974,3241,0,0,0,1.0,1,1.0,1,1.0,1,0.1521734867256652,44
2591,1,5216,1974,3242,0,0,0,1.0,1,1.0,1,1.0,1,0.1390106714112244,44
2592,1,5217,1974,3243,0,0,0,1.0,1,1.0,1,1.0,1,0.12396246868223379,44
2593,0,5217,1974,3243,0,0,0,1.0,1,1.0,1,1.0,1,0.11363746526206724,43
2594,6,5223,1976,3247,0,0,0,1.0,1,1.0,1,1.0,1,0.12698317533613124,48
2595,1,5224,1976,3248,0,0,0,1.0,1,1.0,1,1.0,1,0.06983032345673268,45
2596,1,5225,1977,3248,0,0,0,1.0,1,1.0,1,1.0,1,0.06262949119601527,46
2597,1,5226,1977,3249,0,0,0,1.0,1,1.0,1,1.0,1,0.060736534878269625,45
2598,0,5226,1977,3249,0,0,0,1.0,1,1.0,1,1.0,1,0.060736534878269625,45
2599,3,5229,1980,3249,0,0,0,1.0,1,1.0,1,1.0,1,0.1065542290402094,45
2600,3,5232,1981,3251,0,0,0,1.0,1,1.0,1,1.0,1,0.12234440074425282,48
2601,5,5237,1982,3255,0,0,0,1.0,1,1.0,1,1.0,1,0.08753423085278447,47
2602,0,5237,1982,3255,0,0,0,1.0,1,1.0,1,1.0,1,0.09605301880864561,48
2603,0,5237,1982,3255,0,0,0,1.0,1,1.0,1,1.0,1,0.09605301880864561,48
2604,0,5237,1982,3255,0,0,0,1.0,1,1.0,1,1.0,1,0.09636212525833181,47
2605,1,5238,1983,3255,0,0,0,1.0,1,1.0,1,1.0,1,0.12126075385499088,47
2606,0,5238,1983,3255,0,0,0,1.0,1,1.0,1,1.0,1,0.11438374650780461,46
2607,1,5239,1984,3255,0,0,0,1.0,1,1.0,1,1.0,1,0.1576061392920605,45
2608,3,5242,1985,3257,0,0,0,1.0,1,1.0,1,1.0,1,0.12309245740757656,45
2609,4,5246,1987,3259,0,0,0,1.0,1,1.0,1,1.0,1,0.15891425609790621,44
2610,6,5252,1987,3265,0,0,0,1.0,1,1.0,1,1.0,1,0.09308472616316979,45
2611,2,5254,1988,3266,0,0,0,1.0,1,1.0,1,1.0,1,0.09185709425995611,46
2612,0,5254,1988,3266,0,0,0,1.0,1,1.0,1,1.0,1,0.10986366690467463,47
2613,2,5256,1989,3267,0,0,0,1.0,1,1.0,1,1.0,1,0.10922660465038395,48
2614,3,5259,1991,3268,0,0,0,1.0,1,1.0,1,1.0,1,0.15267658789768926,48
2615,4,5263,1994,3269,0,0,0,1.0,1,1.0,1,1.0,1,0.14590410279083801,49
2616,2,5265,1995,3270,0,0,0,1.0,1,1.0,1,1.0,1,0.17914551191640296,49
2617,5,5270,1996,3274,0,0,0,1.0,1,1.0,1,1.0,1,0.1484678468670204,48
2618,1,5271,1996,3275,0,0,0,1.0,1,1.0,1,1.0,1,0.14915421499645998,47
2619,3,5274,1996,3278,0,0,0,1.0,1,1.0,1,1.0,1,0.13626330683582785,50
2620,0,5274,1996,3278,0,0,0,1.0,1,1.0,1,1.0,1,0.14674971381242777,51
2621,2,5276,1996,3280,0,0,0,1.0,1,1.0,1,1.0,1,0.1168690386594209,52
2622,2,5278,1997,3281,0,0,0,1.0,1,1.0,1,1.0,1,0.11590750741090085,52
2623,3,5281,1998,3283,0,0,0,1.0,1,1.0,1,1.0,1,0.12351120741488496,53
2624,3,5284,2001,3283,0,0,0,1.0,1,1.0,1,1.0,1,0.1162384042228209,51
2625,0,5284,2001,3283,0,0,0,1.0,1,1.0,1,1.0,1,0.11237105179299224,50
2626,3,5287,2003,3284,0,0,0,1.0,1,1.0,1,1.0,1,0.10702404257017537,49
2627,2,5289,2005,3284,0,0,0,1.0,1,1.0,1,1.0,1,0.10989745583244359,48
2628,3,5292,2007,3285,0,0,0,1.0,1,1.0,1,1.0,1,0.1311366340776585,48
2629,2,5294,2008,3286,0,0,0,1.0,1,1.0,1,1.0,1,0.11717021999855978,47
2630,1,5295,2008,3287,0,0,0,1.0,1,1.0,1,1.0,1,0.1354771655376417,47
2631,0,5295,2008,3287,0,0,0,1.0,1,1.0,1,1.0,1,0.13426611152147386,47
2632,1,5296,2009,3287,0,0,0,1.0,1,1.0,1,1.0,1,0.1354560875749025,47
2633,2,5298,2010,3288,0,0,0,1.0,1,1.0,1,1.0,1,0.14343699337009794,44
2634,1,5299,2011,3288,0,0,0,1.0,1,1.0,1,1.0,1,0.15225772676016572,44
2635,9,5308,2014,3294,0,0,0,1.0,1,1.0,1,1.0,1,0.15791692417992853,45
2636,0,5308,2014,3294,0,0,0,1.0,1,1.0,1,1.0,1,0.14387914670893218,40
2637,7,5315,2017,3298,0,0,0,1.0,1,1.0,1,1.0,1,0.10526428990914564,41
2638,3,5318,2018,3300,0,0,0,1.0,1,1.0,1,1.0,1,0.11781083347279667,38
2639,0,5318,2018,3300,0,0,0,1.0,1,1.0,1,1.0,1,0.11274780682162464,39
2640,2,5320,2019,3301,0,0,0,1.0,1,1.0,1,1.0,1,0.1650689695289057,38
2641,6,5326,2022,3304,0,0,0,1.0,1,1.0,1,1.0,1,0.13659845070538248,37
2642,10,5336,2027,3309,0,0,0,1.0,1,1.0,1,1.0,1,0.11154430352287208,38
2643,3,5339,2027,3312,0,0,0,1.0,1,1.0,1,1.0,1,0.160177147860492,37
2644,1,5340,2027,3313,0,0,0,1.0,1,1.0,1,1.0,1,0.14271474677440868,36
2645,4,5344,2029,3315,0,0,0,1.0,1,1.0,1,1.0,1,0.1341932540973207,35
2646,0,5344,2029,3315,0,0,0,1.0,1,1.0,1,1.0,1,0.1340235424293363,35
2647,3,5347,2030,3317,0,0,0,1.0,1,1.0,1,1.0,1,0.12186394223070429,35
2648,0,5347,2030,3317,0,0,0,1.0,1,1.0,1,1.0,1,0.11697326485193912,36
2649,1,5348,2031,3317,0,0,0,1.0,1,1.0,1,1.0,1,0.10642637471204357,37
2650,0,5348,2031,3317,0,0,0,1.0,1,1.0,1,1.0,1,0.13009211480301797,39
2651,1,5349,2032,3317,0,0,0,1.0,1,1.0,1,1.0,1,0.10858321510941189,39
2652,0,5349,2032,3317,0,0,0,1.0,1,1.0,1,1.0,1,0.10858321510941189,39
2653,0,5349,2032,3317,0,0,0,1.0,1,1.0,1,1.0,1,0.10858321510941189,39
2654,0,5349,2032,3317,0,0,0,1.0,1,1.0,1,1.0,1,0.12573822147379968,40
2655,0,5349,2032,3317,0,0,0,1.0,1,1.0,1,1.0,1,0.12573822147379968,40
2656,0,5349,2032,3317,0,0,0,1.0,1,1.0,1,1.0,1,0.1489956266618769,39
2657,3,5352,2032,3320,0,0,0,1.0,1,1.0,1,1.0,1,0.14728666374577576,40
2658,3,5355,2033,3322,0,0,0,1.0,1,1.0,1,1.0,1,0.19117513486873225,41
2659,4,5359,2035,3324,0,0,0,1.0,1,1.0,1,1.0,1,0.19271583288703006,41
2660,2,5361,2036,3325,0,0,0,1.0,1,1.0,1,1.0,1,0.2141583725608017,40
2661,5,5366,2036,3330,0,0,0,1.0,1,1.0,1,1.0,1,0.0761891527172383,40
2662,4,5370,2037,3333,0,0,0,1.0,1,1.0,1,1.0,1,0.06408584040614113,42
2663,2,5372,2038,3334,0,0,0,1.0,1,1.0,1,1.0,1,0.049764480896537795,41
2664,2,5374,2040,3334,0,0,0,1.0,1,1.0,1,1.0,1,0.11468432690574218,42
2665,3,5377,2042,3335,0,0,0,1.0,1,1.0,1,1.0,1,0.12444554786735633,43
2666,6,5383,2044,3339,0,0,0,1.0,1,1.0,1,1.0,1,0.10216043620667872,44
2667,2,5385,2046,3339,0,0,0,1.0,1,1.0,1,1.0,1,0.17566994886712112,42
2668,3,5388,2046,3342,0,0,0,1.0,1,1.0,1,1.0,1,0.14896890691884815,41
2669,3,5391,2047,3344,0,0,0,1.0,1,1.0,1,1.0,1,0.1734385118935761,42
2670,0,5391,2047,3344,0,0,0,1.0,1,1.0,1,1.0,1,0.19457727389201615,40
2671,3,5394,2049,3345,0,0,0,1.0,1,1.0,1,1.0,1,0.22045838092028108,39
2672,2,5396,2051,3345,0,0,0,1.0,1,1.0,1,1.0,1,0.3047320316385524,36
2673,3,5399,2052,3347,0,0,0,1.0,1,1.0,1,1.0,1,0.2814084580851846,35
2674,2,5401,2052,3349,0,0,0,1.0,1,1.0,1,1.0,1,0.21357397687971832,33
2675,4,5405,2054,3351,0,0,0,1.0,1,1.0,1,1.0,1,0.21451099701987647,34
2676,3,5408,2054,3354,0,0,0,1.0,1,1.0,1,1.0,1,0.18991938412053433,32
2677,3,5411,2054,3357,0,0,0,1.0,1,1.0,1,1.0,1,0.1138675787685575,33
2678,0,5411,2054,3357,0,0,0,1.0,1,1.0,1,1.0,1,0.12382331415065578,33
2679,1,5412,2055,3357,0,0,0,1.0,1,1.0,1,1.0,1,0.13373265144005989,32
2680,1,5413,2056,3357,0,0,0,1.0,1,1.0,1,1.0,1,0.12681952937108457,32
2681,2,5415,2056,3359,0,0,0,1.0,1,1.0,1,1.0,1,0.14163600236959553,32
2682,1,5416,2056,3360,0,0,0,1.0,1,1.0,1,1.0,1,0.07586970079007938,33
2683,1,5417,2057,3360,0,0,0,1.0,1,1.0,1,1.0,1,0.13446196615399156,32
2684,0,5417,2057,3360,0,0,0,1.0,1,1.0,1,1.0,1,0.15711246099443232,31
2685,1,5418,2057,3361,0,0,0,1.0,1,1.0,1,1.0,1,0.11396167781793427,31
2686,1,5419,2058,3361,0,0,0,1.0,1,1.0,1,1.0,1,0.1368666601025262,30
2687,1,5420,2059,3361,0,0,0,1.0,1,1.0,1,1.0,1,0.16901551886627844,30
2688,1,5421,2060,3361,0,0,0,1.0,1,1.0,1,1.0,1,0.18943992308320085,30
2689,2,5423,2062,3361,0,0,0,1.0,1,1.0,1,1.0,1,0.21427979028364327,31
2690,2,5425,2064,3361,0,0,0,1.0,1,1.0,1,1.0,1,0.2046194481717705,31
2691,7,5432,2067,3365,0,0,0,1.0,1,1.0,1,1.0,1,0.15776330936754707,32
2692,4,5436,2068,3368,0,0,0,1.0,1,1.0,1,1.0,1,0.17184782438465587,32
2693,2,5438,2069,3369,0,0,0,1.0,1,1.0,1,1.0,1,0.15608544581012762,33
2694,1,5439,2069,3370,0,0,0,1.0,1,1.0,1,1.0,1,0.14376571832197316,34
2695,0,5439,2069,3370,0,0,0,1.0,1,1.0,1,1.0,1,0.12332089100060062,35
2696,0,5439,2069,3370,0,0,0,1.0,1,1.0,1,1.0,1,0.12332089100060062,35
2697,0,5439,2069,3370,0,0,0,1.0,1,1.0,1,1.0,1,0.12332089100060062,35
2698,1,5440,2070,3370,0,0,0,1.0,1,1.0,1,1.0,1,0.15257136425641646,36
2699,3,5443,2071,3372,0,0,0,1.0,1,1.0,1,1.0,1,0.1487564030173188,36
2700,0,5443,2071,3372,0,0,0,1.0,1,1.0,1,1.0,1,0.15053730567706644,37
2701,1,5444,2072,3372,0,0,0,1.0,1,1.0,1,1.0,1,0.1613566197033079,37
2702,6,5450,2076,3374,0,0,0,1.0,1,1.0,1,1.0,1,0.2636587925471156,37
2703,3,5453,2077,3376,0,0,0,1.0,1,1.0,1,1.0,1,0.19994108375976466,38
2704,4,5457,2080,3377,0,0,0,1.0,1,1.0,1,1.0,1,0.2420592843092986,37
2705,3,5460,2080,3380,0,0,0,1.0,1,1.0,1,1.0,1,0.18007668317503556,36
2706,1,5461,2080,3381,0,0,0,1.0,1,1.0,1,1.0,1,0.1601835141543391,36
2707,3,5464,2081,3383,0,0,0,1.0,1,1.0,1,1.0,1,0.22000636634308,35
2708,4,5468,2085,3383,0,0,0,1.0,1,1.0,1,1.0,1,0.23980478723599744,36
2709,4,5472,2087,3385,0,0,0,1.0,1,1.0,1,1.0,1,0.15214861187883197,32
2710,1,5473,2087,3386,0,0,0,1.0,1,1.0,1,1.0,1,0.2096596982828711,29
2711,0,5473,2087,3386,0,0,0,1.0,1,1.0,1,1.0,1,0.1717598008202995,29
2712,1,5474,2088,3386,0,0,0,1.0,1,1.0,1,1.0,1,0.25057398829930333,28
2713,0,5474,2088,3386,0,0,0,1.0,1,1.0,1,1.0,1,0.2314690009637379,28
2714,3,5477,2090,3387,0,0,0,1.0,1,1.0,1,1.0,1,0.28147928587870885,26
2715,0,5477,2090,3387,0,0,0,1.0,1,1.0,1,1.0,1,0.2792868702726637,24
2716,2,5479,2090,3389,0,0,0,1.0,1,1.0,1,1.0,1,0.20326809581445024,24
2717,2,5481,2090,3391,0,0,0,1.0,1,1.0,1,1.0,1,0.23564404283794202,25
2718,4,5485,2091,3394,0,0,0,1.0,1,1.0,1,1.0,1,0.255949243253861,25
2719,4,5489,2093,3396,0,0,0,1.0,1,1.0,1,1.0,1,0.3051640016711639,25
2720,1,5490,2093,3397,0,0,0,1.0,1,1.0,1,1.0,1,0.3004702356941114,25
2721,5,5495,2095,3400,0,0,0,1.0,1,1.0,1,1.0,1,0.17979097924410048,25
2722,0,5495,2095,3400,0,0,0,1.0,1,1.0,1,1.0,1,0.1876823448693595,26
2723,1,5496,2096,3400,0,0,0,1.0,1,1.0,1,1.0,1,0.2546938106105049,26
2724,3,5499,2097,3402,0,0,0,1.0,1,1.0,1,1.0,1,0.2282391644676381,27
2725,2,5501,2097,3404,0,0,0,1.0,1,1.0,1,1.0,1,0.16811415749264774,28
2726,1,5502,2098,3404,0,0,0,1.0,1,1.0,1,1.0,1,0.19591513905609179,28
2727,1,5503,2098,3405,0,0,0,1.0,1,1.0,1,1.0,1,0.2048197123567964,29
2728,0,5503,2098,3405,0,0,0,1.0,1,1.0,1,1.0,1,0.2048197123567964,29
2729,4,5507,2100,3407,0,0,0,1.0,1,1.0,1,1.0,1,0.21581224877370037,29
2730,1,5508,2100,3408,0,0,0,1.0,1,1.0,1,1.0,1,0.20800569756222875,29
2731,2,5510,2101,3409,0,0,0,1.0,1,1.0,1,1.0,1,0.20635948284159575,30
2732,1,5511,2102,3409,0,0,0,1.0,1,1.0,1,1.0,1,0.21606190943670017,29
2733,0,5511,2102,3409,0,0,0,1.0,1,1.0,1,1.0,1,0.21606190943670017,29
2734,0,5511,2102,3409,0,0,0,1.0,1,1.0,1,1.0,1,0.21606190943670017,29
2735,2,5513,2103,3410,0,0,0,1.0,1,1.0,1,1.0,1,0.2100440883756331,29
2736,4,5517,2105,3412,0,0,0,1.0,1,1.0,1,1.0,1,0.18406119563078582,30
2737,1,5518,2105,3413,0,0,0,1.0,1,1.0,1,1.0,1,0.18467608874315178,30
2738,1,5519,2106,3413,0,0,0,1.0,1,1.0,1,1.0,1,0.21568815724291085,30
2739,2,5521,2106,3415,0,0,0,1.0,1,1.0,1,1.0,1,0.20968949774884546,29
2740,1,5522,2107,3415,0,0,0,1.0,1,1.0,1,1.0,1,0.2464961688011692,29
2741,3,5525,2107,3418,0,0,0,1.0,1,1.0,1,1.0,1,0.15921189338958291,28
2742,1,5526,2108,3418,0,0,0,1.0,1,1.0,1,1.0,1,0.171604736708108,28
2743,3,5529,2109,3420,0,0,0,1.0,1,1.0,1,1.0,1,0.2033442952947829,29
2744,2,5531,2110,3421,0,0,0,1.0,1,1.0,1,1.0,1,0.15583269220140264,27
2745,2,5533,2111,3422,0,0,0,1.0,1,1.0,1,1.0,1,0.07940780638975842,25
2746,2,5535,2112,3423,0,0,0,1.0,1,1.0,1,1.0,1,0.13092866537202572,25
2747,1,5536,2113,3423,0,0,0,1.0,1,1.0,1,1.0,1,0.11308394783202724,23
2748,0,5536,2113,3423,0,0,0,1.0,1,1.0,1,1.0,1,0.0765158510866227,22
2749,1,5537,2113,3424,0,0,0,1.0,1,1.0,1,1.0,1,0.19279930539603024,19
2750,2,5539,2115,3424,0,0,0,1.0,1,1.0,1,1.0,1,0.21730376509594299,18
2751,0,5539,2115,3424,0,0,0,1.0,1,1.0,1,1.0,1,0.2504068207543423,16
2752,0,5539,2115,3424,0,0,0,1.0,1,1.0,1,1.0,1,0.30393261935436594,15
2753,1,5540,2115,3425,0,0,0,1.0,1,1.0,1,1.0,1,0.2317216329829622,15
2754,0,5540,2115,3425,0,0,0,1.0,1,1.0,1,1.0,1,0.2317216329829622,15
2755,0,5540,2115,3425,0,0,0,1.0,1,1.0,1,1.0,1,0.2317216329829622,15
2756,0,5540,2115,3425,0,0,0,1.0,1,1.0,1,1.0,1,0.2500826046539634,16
2757,0,5540,2115,3425,0,0,0,1.0,1,1.0,1,1.0,1,0.21251043982320822,17
2758,0,5540,2115,3425,0,0,0,1.0,1,1.0,1,1.0,1,0.21251043982320822,17
2759,0,5540,2115,3425,0,0,0,1.0,1,1.0,1,1.0,1,0.22090884319267956,18
2760,0,5540,2115,3425,0,0,0,1.0,1,1.0,1,1.0,1,0.22090884319267956,18
2761,0,5540,2115,3425,0,0,0,1.0,1,1.0,1,1.0,1,0.22090884319267956,18
2762,0,5540,2115,3425,0,0,0,1.0,1,1.0,1,1.0,1,0.22090884319267956,18
2763,0,5540,2115,3425,0,0,0,1.0,1,1.0,1,1.0,1,0.2131806643420599,17
2764,1,5541,2116,3425,0,0,0,1.0,1,1.0,1,1.0,1,0.2745613120587368,17
2765,0,5541,2116,3425,0,0,0,1.0,1,1.0,1,1.0,1,0.29757997472246933,18
2766,0,5541,2116,3425,0,0,0,1.0,1,1.0,1,1.0,1,0.29757997472246933,18
2767,1,5542,2116,3426,0,0,0,1.0,1,1.0,1,1.0,1,0.25550978120784223,18
2768,0,5542,2116,3426,0,0,0,1.0,1,1.0,1,1.0,1,0.25550978120784223,18
2769,3,5545,2118,3427,0,0,0,1.0,1,1.0,1,1.0,1,0.30796415797929527,18
2770,0,5545,2118,3427,0,0,0,1.0,1,1.0,1,1.0,1,0.30796415797929527,18
2771,0,5545,2118,3427,0,0,0,1.0,1,1.0,1,1.0,1,0.30796415797929527,18
2772,0,5545,2118,3427,0,0,0,1.0,1,1.0,1,1.0,1,0.30796415797929527,18
2773,2,5547,2118,3429,0,0,0,1.0,1,1.0,1,1.0,1,0.23336748933056534,18
2774,3,5550,2119,3431,0,0,0,1.0,1,1.0,1,1.0,1,0.21132926429509838,20
2775,3,5553,2120,3433,0,0,0,1.0,1,1.0,1,1.0,1,0.2121431000206394,21
2776,2,5555,2121,3434,0,0,0,1.0,1,1.0,1,1.0,1,0.2911626467084335,21
2777,0,5555,2121,3434,0,0,0,1.0,1,1.0,1,1.0,1,0.287710115846644,22
2778,5,5560,2122,3438,0,0,0,1.0,1,1.0,1,1.0,1,0.17242097868202128,24
2779,1,5561,2123,3438,0,0,0,1.0,1,1.0,1,1.0,1,0.18017522371298966,24
2780,1,5562,2123,3439,0,0,0,1.0,1,1.0,1,1.0,1,0.10090254802419941,24
2781,0,5562,2123,3439,0,0,0,1.0,1,1.0,1,1.0,1,0.10090254802419941,24
2782,0,5562,2123,3439,0,0,0,1.0,1,1.0,1,1.0,1,0.10090254802419941,24
2783,0,5562,2123,3439,0,0,0,1.0,1,1.0,1,1.0,1,0.10090254802419941,24
2784,0,5562,2123,3439,0,0,0,1.0,1,1.0,1,1.0,1,0.1048557203447215,24
2785,0,5562,2123,3439,0,0,0,1.0,1,1.0,1,1.0,1,0.13031200221809403,22
2786,0,5562,2123,3439,0,0,0,1.0,1,1.0,1,1.0,1,0.1765583603226175,22
2787,0,5562,2123,3439,0,0,0,1.0,1,1.0,1,1.0,1,0.24718537842180593,21
2788,0,5562,2123,3439,0,0,0,1.0,1,1.0,1,1.0,1,0.28370900304720936,20
2789,3,5565,2124,3441,0,0,0,1.0,1,1.0,1,1.0,1,0.19050735918459644,20
2790,0,5565,2124,3441,0,0,0,1.0,1,1.0,1,1.0,1,0.22517518305735776,21
2791,1,5566,2125,3441,0,0,0,1.0,1,1.0,1,1.0,1,0.2724172970235473,21
2792,3,5569,2125,3444,0,0,0,1.0,1,1.0,1,1.0,1,0.192291679924679,21
2793,1,5570,2125,3445,0,0,0,1.0,1,1.0,1,1.0,1,0.2407481757058538,18
2794,0,5570,2125,3445,0,0,0,1.0,1,1.0,1,1.0,1,0.2407481757058538,18
2795,0,5570,2125,3445,0,0,0,1.0,1,1.0,1,1.0,1,0.19749829815865788,20
2796,0,5570,2125,3445,0,0,0,1.0,1,1.0,1,1.0,1,0.19174366785929406,21
2797,1,5571,2125,3446,0,0,0,1.0,1,1.0,1,1.0,1,0.14065155038756774,21
2798,0,5571,2125,3446,0,0,0,1.0,1,1.0,1,1.0,1,0.14065155038756774,21
2799,0,5571,2125,3446,0,0,0,1.0,1,1.0,1,1.0,1,0.16553161693376267,22
2800,0,5571,2125,3446,0,0,0,1.0,1,1.0,1,1.0,1,0.16553161693376267,22
2801,2,5573,2127,3446,0,0,0,1.0,1,1.0,1,1.0,1,0.1786396888183572,22
2802,0,5573,2127,3446,0,0,0,1.0,1,1.0,1,1.0,1,0.1786396888183572,22
2803,0,5573,2127,3446,0,0,0,1.0,1,1.0,1,1.0,1,0.1786396888183572,22
2804,0,5573,2127,3446,0,0,0,1.0,1,1.0,1,1.0,1,0.1837922878784402,23
2805,0,5573,2127,3446,0,0,0,1.0,1,1.0,1,1.0,1,0.1837922878784402,23
2806,0,5573,2127,3446,0,0,0,1.0,1,1.0,1,1.0,1,0.1837922878784402,23
2807,0,5573,2127,3446,0,0,0,1.0,1,1.0,1,1.0,1,0.20763605625186293,24
2808,0,5573,2127,3446,0,0,0,1.0,1,1.0,1,1.0,1,0.20763605625186293,24
2809,2,5575,2128,3447,0,0,0,1.0,1,1.0,1,1.0,1,0.2318189929685133,25
2810,0,5575,2128,3447,0,0,0,1.0,1,1.0,1,1.0,1,0.2250581026144123,24
2811,2,5577,2128,3449,0,0,0,1.0,1,1.0,1,1.0,1,0.1819716898929488,26
2812,2,5579,2129,3450,0,0,0,1.0,1,1.0,1,1.0,1,0.24440634188625018,26
2813,2,5581,2129,3452,0,0,0,1.0,1,1.0,1,1.0,1,0.17131222580670974,27
2814,3,5584,2131,3453,0,0,0,1.0,1,1.0,1,1.0,1,0.21122533740237961,29
2815,2,5586,2131,3455,0,0,0,1.0,1,1.0,1,1.0,1,0.14697075225184245,29
2816,1,5587,2131,3456,0,0,0,1.0,1,1.0,1,1.0,1,0.1401447619370009,29
2817,0,5587,2131,3456,0,0,0,1.0,1,1.0,1,1.0,1,0.1401447619370009,29
2818,0,5587,2131,3456,0,0,0,1.0,1,1.0,1,1.0,1,0.19986915590217003,29
2819,1,5588,2131,3457,0,0,0,1.0,1,1.0,1,1.0,1,0.2117346218774817,30
2820,0,5588,2131,3457,0,0,0,1.0,1,1.0,1,1.0,1,0.23859256543627094,30
2821,6,5594,2133,3461,0,0,0,1.0,1,1.0,1,1.0,1,0.15548584160534834,31
2822,4,5598,2135,3463,0,0,0,1.0,1,1.0,1,1.0,1,0.15902820629259415,30
2823,2,5600,2136,3464,0,0,0,1.0,1,1.0,1,1.0,1,0.23644941099166636,27
2824,0,5600,2136,3464,0,0,0,1.0,1,1.0,1,1.0,1,0.23717445044937271,28
2825,5,5605,2138,3467,0,0,0,1.0,1,1.0,1,1.0,1,0.13571360614480957,28
2826,1,5606,2139,3467,0,0,0,1.0,1,1.0,1,1.0,1,0.1892403376684756,27
2827,1,5607,2140,3467,0,0,0,1.0,1,1.0,1,1.0,1,0.1913630609494158,28
2828,0,5607,2140,3467,0,0,0,1.0,1,1.0,1,1.0,1,0.2209469386020003,28
2829,2,5609,2141,3468,0,0,0,1.0,1,1.0,1,1.0,1,0.18680547104777664,27
2830,1,5610,2141,3469,0,0,0,1.0,1,1.0,1,1.0,1,0.1581510518570164,27
2831,1,5611,2142,3469,0,0,0,1.0,1,1.0,1,1.0,1,0.1731720579430325,27
2832,2,5613,2143,3470,0,0,0,1.0,1,1.0,1,1.0,1,0.19038112896012627,27
2833,2,5615,2144,3471,0,0,0,1.0,1,1.0,1,1.0,1,0.1499204163812715,26
2834,0,5615,2144,3471,0,0,0,1.0,1,1.0,1,1.0,1,0.17079325363191947,26
2835,0,5615,2144,3471,0,0,0,1.0,1,1.0,1,1.0,1,0.20373522326645802,25
2836,0,5615,2144,3471,0,0,0,1.0,1,1.0,1,1.0,1,0.24643087822617055,27
2837,3,5618,2145,3473,0,0,0,1.0,1,1.0,1,1.0,1,0.15928388368804017,27
2838,4,5622,2146,3476,0,0,0,1.0,1,1.0,1,1.0,1,0.11333819396449969,27
2839,1,5623,2146,3477,0,0,0,1.0,1,1.0,1,1.0,1,0.14802065982393436,29
2840,4,5627,2147,3480,0,0,0,1.0,1,1.0,1,1.0,1,0.1519401653287386,29
2841,2,5629,2147,3482,0,0,0,1.0,1,1.0,1,1.0,1,0.06803249493637185,31
2842,0,5629,2147,3482,0,0,0,1.0,1,1.0,1,1.0,1,0.06803249493637185,31
2843,0,5629,2147,3482,0,0,0,1.0,1,1.0,1,1.0,1,0.08280279304140155,32
2844,3,5632,2149,3483,0,0,0,1.0,1,1.0,1,1.0,1,0.15952923576565164,33
2845,2,5634,2150,3484,0,0,0,1.0,1,1.0,1,1.0,1,0.18545237002953108,32
2846,1,5635,2150,3485,0,0,0,1.0,1,1.0,1,1.0,1,0.17299274143988463,33
2847,1,5636,2151,3485,0,0,0,1.0,1,1.0,1,1.0,1,0.24699364902073345,32
2848,1,5637,2151,3486,0,0,0,1.0,1,1.0,1,1.0,1,0.24234192085010264,33
2849,4,5641,2151,3490,0,0,0,1.0,1,1.0,1,1.0,1,0.1727730763872676,34
2850,0,5641,2151,3490,0,0,0,1.0,1,1.0,1,1.0,1,0.1727730763872676,34
2851,1,5642,2151,3491,0,0,0,1.0,1,1.0,1,1.0,1,0.14039788141449078,34
2852,3,5645,2154,3491,0,0,0,1.0,1,1.0,1,1.0,1,0.15573590739658166,35
2853,1,5646,2154,3492,0,0,0,1.0,1,1.0,1,1.0,1,0.13251133835986711,36
2854,0,5646,2154,3492,0,0,0,1.0,1,1.0,1,1.0,1,0.16019380159195654,37
2855,3,5649,2156,3493,0,0,0,1.0,1,1.0,1,1.0,1,0.14501751246153166,38
2856,0,5649,2156,3493,0,0,0,1.0,1,1.0,1,1.0,1,0.14501751246153166,38
2857,3,5652,2157,3495,0,0,0,1.0,1,1.0,1,1.0,1,0.12527115041083894,39
2858,3,5655,2159,3496,0,0,0,1.0,1,1.0,1,1.0,1,0.13852618506650366,40
2859,5,5660,2161,3499,0,0,0,1.0,1,1.0,1,1.0,1,0.10545224609976203,40
2860,1,5661,2161,3500,0,0,0,1.0,1,1.0,1,1.0,1,0.09118849042893036,40
2861,1,5662,2162,3500,0,0,0,1.0,1,1.0,1,1.0,1,0.08829095860448535,38
2862,1,5663,2163,3500,0,0,0,1.0,1,1.0,1,1.0,1,0.13163935943283728,38
2863,7,5670,2166,3504,0,0,0,1.0,1,1.0,1,1.0,1,0.1853034330677548,38
2864,4,5674,2169,3505,0,0,0,1.0,1,1.0,1,1.0,1,0.22676058217431264,36
2865,7,5681,2173,3508,0,0,0,1.0,1,1.0,1,1.0,1,0.24628210433974662,34
2866,2,5683,2173,3510,0,0,0,1.0,1,1.0,1,1.0,1,0.19103376238472178,31
2867,0,5683,2173,3510,0,0,0,1.0,1,1.0,1,1.0,1,0.18291060690648714,30
2868,1,5684,2174,3510,0,0,0,1.0,1,1.0,1,1.0,1,0.15773054029678737,27
2869,2,5686,2175,3511,0,0,0,1.0,1,1.0,1,1.0,1,0.10092791550093919,27
2870,0,5686,2175,3511,0,0,0,1.0,1,1.0,1,1.0,1,0.1396119615175782,25
2871,2,5688,2177,3511,0,0,0,1.0,1,1.0,1,1.0,1,0.10858498068853525,25
2872,0,5688,2177,3511,0,0,0,1.0,1,1.0,1,1.0,1,0.1416994132614124,23
2873,1,5689,2178,3511,0,0,0,1.0,1,1.0,1,1.0,1,0.17237614983269334,24
2874,1,5690,2179,3511,0,0,0,1.0,1,1.0,1,1.0,1,0.23772620782380988,24
2875,1,5691,2179,3512,0,0,0,1.0,1,1.0,1,1.0,1,0.2815242516309805,23
2876,6,5697,2180,3517,0,0,0,1.0,1,1.0,1,1.0,1,0.21805264708453334,24
2877,2,5699,2181,3518,0,0,0,1.0,1,1.0,1,1.0,1,0.24424334898794106,24
2878,1,5700,2182,3518,0,0,0,1.0,1,1.0,1,1.0,1,0.21737392866284985,24
2879,3,5703,2184,3519,0,0,0,1.0,1,1.0,1,1.0,1,0.3200283202962434,25
2880,3,5706,2184,3522,0,0,0,1.0,1,1.0,1,1.0,1,0.30976913073143175,26
2881,1,5707,2184,3523,0,0,0,1.0,1,1.0,1,1.0,1,0.2929923385736564,26
2882,1,5708,2184,3524,0,0,0,1.0,1,1.0,1,1.0,1,0.2237808418307841,27
2883,2,5710,2184,3526,0,0,0,1.0,1,1.0,1,1.0,1,0.1878020454798869,28
2884,2,5712,2185,3527,0,0,0,1.0,1,1.0,1,1.0,1,0.24485850241802648,29
2885,1,5713,2185,3528,0,0,0,1.0,1,1.0,1,1.0,1,0.22764607376735818,31
2886,3,5716,2186,3530,0,0,0,1.0,1,1.0,1,1.0,1,0.20716696950194277,31
2887,1,5717,2186,3531,0,0,0,1.0,1,1.0,1,1.0,1,0.16676694077512283,33
2888,3,5720,2186,3534,0,0,0,1.0,1,1.0,1,1.0,1,0.20896749696551678,34
2889,2,5722,2186,3536,0,0,0,1.0,1,1.0,1,1.0,1,0.16338702664332574,35
2890,1,5723,2187,3536,0,0,0,1.0,1,1.0,1,1.0,1,0.17601788711722977,35
2891,1,5724,2187,3537,0,0,0,1.0,1,1.0,1,1.0,1,0.1646652912126985,35
2892,2,5726,2189,3537,0,0,0,1.0,1,1.0,1,1.0,1,0.22513870757939228,35
2893,5,5731,2189,3542,0,0,0,1.0,1,1.0,1,1.0,1,0.14102618661759134,37
2894,0,5731,2189,3542,0,0,0,1.0,1,1.0,1,1.0,1,0.14102618661759134,37
2895,1,5732,2190,3542,0,0,0,1.0,1,1.0,1,1.0,1,0.18048036530780423,37
2896,4,5736,2191,3545,0,0,0,1.0,1,1.0,1,1.0,1,0.22932955430021354,38
2897,1,5737,2191,3546,0,0,0,1.0,1,1.0,1,1.0,1,0.25359075406205595,37
2898,1,5738,2191,3547,0,0,0,1.0,1,1.0,1,1.0,1,0.2597446316941105,38
2899,0,5738,2191,3547,0,0,0,1.0,1,1.0,1,1.0,1,0.2089988837861089,37
2900,0,5738,2191,3547,0,0,0,1.0,1,1.0,1,1.0,1,0.21527359262729512,36
2901,1,5739,2191,3548,0,0,0,1.0,1,1.0,1,1.0,1,0.1851285153408263,37
2902,1,5740,2192,3548,0,0,0,1.0,1,1.0,1,1.0,1,0.23133441001419539,35
2903,2,5742,2193,3549,0,0,0,1.0,1,1.0,1,1.0,1,0.1760926138460514,35
2904,0,5742,2193,3549,0,0,0,1.0,1,1.0,1,1.0,1,0.17499051643205218,33
2905,2,5744,2193,3551,0,0,0,1.0,1,1.0,1,1.0,1,0.12119571116868337,34
2906,1,5745,2194,3551,0,0,0,1.0,1,1.0,1,1.0,1,0.1547050674197494,34
2907,1,5746,2194,3552,0,0,0,1.0,1,1.0,1,1.0,1,0.13130971350630444,35
2908,1,5747,2194,3553,0,0,0,1.0,1,1.0,1,1.0,1,0.14096949877738035,36
2909,1,5748,2194,3554,0,0,0,1.0,1,1.0,1,1.0,1,0.13470628607839255,38
2910,0,5748,2194,3554,0,0,0,1.0,1,1.0,1,1.0,1,0.13470628607839255,38
2911,1,5749,2195,3554,0,0,0,1.0,1,1.0,1,1.0,1,0.15250755291103713,37
2912,0,5749,2195,3554,0,0,0,1.0,1,1.0,1,1.0,1,0.15250755291103713,37
2913,1,5750,2195,3555,0,0,0,1.0,1,1.0,1,1.0,1,0.16475252776381408,38
2914,0,5750,2195,3555,0,0,0,1.0,1,1.0,1,1.0,1,0.16475252776381408,38
2915,1,5751,2195,3556,0,0,0,1.0,1,1.0,1,1.0,1,0.1592405512729647,39
2916,2,5753,2196,3557,0,0,0,1.0,1,1.0,1,1.0,1,0.1743173765582324,40
2917,2,5755,2197,3558,0,0,0,1.0,1,1.0,1,1.0,1,0.17747296617262956,41
2918,2,5757,2199,3558,0,0,0,1.0,1,1.0,1,1.0,1,0.20412801697259256,41
2919,0,5757,2199,3558,0,0,0,1.0,1,1.0,1,1.0,1,0.20412801697259256,41
2920,1,5758,2199,3559,0,0,0,1.0,1,1.0,1,1.0,1,0.22312821971129054,43
2921,5,5763,2199,3564,0,0,0,1.0,1,1.0,1,1.0,1,0.11896386655399328,42
2922,2,5765,2199,3566,0,0,0,1.0,1,1.0,1,1.0,1,0.0958288661859452,43
2923,1,5766,2199,3567,0,0,0,1.0,1,1.0,1,1.0,1,0.09825911525926208,44
2924,1,5767,2199,3568,0,0,0,1.0,1,1.0,1,1.0,1,0.07891857353934854,45
2925,2,5769,2200,3569,0,0,0,1.0,1,1.0,1,1.0,1,0.10048794078664224,45
2926,0,5769,2200,3569,0,0,0,1.0,1,1.0,1,1.0,1,0.08905805469648542,47
2927,2,5771,2202,3569,0,0,0,1.0,1,1.0,1,1.0,1,0.1402861973503815,47
2928,1,5772,2203,3569,0,0,0,1.0,1,1.0,1,1.0,1,0.13759967015165675,48
2929,1,5773,2203,3570,0,0,0,1.0,1,1.0,1,1.0,1,0.1201341699211067,48
2930,1,5774,2203,3571,0,0,0,1.0,1,1.0,1,1.0,1,0.1379751855729639,50
2931,1,5775,2203,3572,0,0,0,1.0,1,1.0,1,1.0,1,0.13441743739713574,51
2932,0,5775,2203,3572,0,0,0,1.0,1,1.0,1,1.0,1,0.13441743739713574,51
2933,3,5778,2204,3574,0,0,0,1.0,1,1.0,1,1.0,1,0.13878057773083835,52
2934,1,5779,2205,3574,0,0,0,1.0,1,1.0,1,1.0,1,0.1508196809578584,52
2935,1,5780,2206,3574,0,0,0,1.0,1,1.0,1,1.0,1,0.16333913030807942,51
2936,1,5781,2206,3575,0,0,0,1.0,1,1.0,1,1.0,1,0.12142139183755525,49
2937,1,5782,2206,3576,0,0,0,1.0,1,1.0,1,1.0,1,0.12069180607058848,50
2938,2,5784,2207,3577,0,0,0,1.0,1,1.0,1,1.0,1,0.1272396965956328,50
2939,0,5784,2207,3577,0,0,0,1.0,1,1.0,1,1.0,1,0.13059782161524142,51
2940,3,5787,2209,3578,0,0,0,1.0,1,1.0,1,1.0,1,0.1644595247047595,52
2941,4,5791,2209,3582,0,0,0,1.0,1,1.0,1,1.0,1,0.14289442542872646,53
2942,3,5794,2211,3583,0,0,0,1.0,1,1.0,1,1.0,1,0.14556275013767025,52
2943,1,5795,2212,3583,0,0,0,1.0,1,1.0,1,1.0,1,0.13882528376132675,51
2944,1,5796,2213,3583,0,0,0,1.0,1,1.0,1,1.0,1,0.12760739645741007,52
2945,2,5798,2214,3584,0,0,0,1.0,1,1.0,1,1.0,1,0.11010611449251967,50
2946,5,5803,2217,3586,0,0,0,1.0,1,1.0,1,1.0,1,0.13597106146242918,51
2947,3,5806,2219,3587,0,0,0,1.0,1,1.0,1,1.0,1,0.1343510756430589,50
2948,5,5811,2221,3590,0,0,0,1.0,1,1.0,1,1.0,1,0.11309840378247951,50
2949,2,5813,2221,3592,0,0,0,1.0,1,1.0,1,1.0,1,0.04655816644430157,49
2950,0,5813,2221,3592,0,0,0,1.0,1,1.0,1,1.0,1,0.07021609914902972,48
2951,1,5814,2222,3592,0,0,0,1.0,1,1.0,1,1.0,1,0.0810900492191764,48
2952,0,5814,2222,3592,0,0,0,1.0,1,1.0,1,1.0,1,0.09737103023463314,46
2953,0,5814,2222,3592,0,0,0,1.0,1,1.0,1,1.0,1,0.09737103023463314,46
2954,1,5815,2223,3592,0,0,0,1.0,1,1.0,1,1.0,1,0.123322551186579,48
2955,0,5815,2223,3592,0,0,0,1.0,1,1.0,1,1.0,1,0.123322551186579,48
2956,0,5815,2223,3592,0,0,0,1.0,1,1.0,1,1.0,1,0.1402712969555894,47
2957,6,5821,2225,3596,0,0,0,1.0,1,1.0,1,1.0,1,0.10057740833774616,48
2958,1,5822,2226,3596,0,0,0,1.0,1,1.0,1,1.0,1,0.12719207447745923,49
2959,6,5828,2229,3599,0,0,0,1.0,1,1.0,1,1.0,1,0.1454930169067992,49
2960,3,5831,2229,3602,0,0,0,1.0,1,1.0,1,1.0,1,0.1546951560836969,49
2961,8,5839,2231,3608,0,0,0,1.0,1,1.0,1,1.0,1,0.07645987745179882,51
2962,2,5841,2232,3609,0,0,0,1.0,1,1.0,1,1.0,1,0.1073584292303405,51
2963,4,5845,2232,3613,0,0,0,1.0,1,1.0,1,1.0,1,0.10577088251643038,51
2964,0,5845,2232,3613,0,0,0,1.0,1,1.0,1,1.0,1,0.10999857749579248,52
2965,5,5850,2232,3618,0,0,0,1.0,1,1.0,1,1.0,1,0.07138457317332364,53
2966,0,5850,2232,3618,0,0,0,1.0,1,1.0,1,1.0,1,0.07138457317332364,53
2967,2,5852,2232,3620,0,0,0,1.0,1,1.0,1,1.0,1,0.07090859538197042,53
2968,1,5853,2232,3621,0,0,0,1.0,1,1.0,1,1.0,1,0.09117037626695337,54
2969,2,5855,2233,3622,0,0,0,1.0,1,1.0,1,1.0,1,0.09663963157350913,55
2970,0,5855,2233,3622,0,0,0,1.0,1,1.0,1,1.0,1,0.09663963157350913,55
2971,0,5855,2233,3622,0,0,0,1.0,1,1.0,1,1.0,1,0.09663963157350913,55
2972,0,5855,2233,3622,0,0,0,1.0,1,1.0,1,1.0,1,0.09663963157350913,55
2973,2,5857,2233,3624,0,0,0,1.0,1,1.0,1,1.0,1,0.08136297506565505,55
2974,3,5860,2233,3627,0,0,0,1.0,1,1.0,1,1.0,1,0.08575204774528418,56
2975,2,5862,2233,3629,0,0,0,1.0,1,1.0,1,1.0,1,0.09595441991475213,55
2976,1,5863,2233,3630,0,0,0,1.0,1,1.0,1,1.0,1,0.08282735823146034,57
2977,2,5865,2233,3632,0,0,0,1.0,1,1.0,1,1.0,1,0.06201025935897487,59
2978,2,5867,2235,3632,0,0,0,1.0,1,1.0,1,1.0,1,0.11316665398248696,59
2979,2,5869,2236,3633,0,0,0,1.0,1,1.0,1,1.0,1,0.11535250117912962,59
2980,1,5870,2237,3633,0,0,0,1.0,1,1.0,1,1.0,1,0.10458109937294052,59
2981,3,5873,2238,3635,0,0,0,1.0,1,1.0,1,1.0,1,0.08214249223110047,59
2982,1,5874,2238,3636,0,0,0,1.0,1,1.0,1,1.0,1,0.09472022347165361,61
2983,4,5878,2241,3637,0,0,0,1.0,1,1.0,1,1.0,1,0.11100843564404739,61
2984,7,5885,2245,3640,0,0,0,1.0,1,1.0,1,1.0,1,0.09676310916413705,61
2985,7,5892,2249,3643,0,0,0,1.0,1,1.0,1,1.0,1,0.05955449611336694,57
2986,5,5897,2253,3644,0,0,0,1.0,1,1.0,1,1.0,1,0.11935493541690737,58
2987,5,5902,2257,3645,0,0,0,1.0,1,1.0,1,1.0,1,0.15888185679671318,56
2988,3,5905,2259,3646,0,0,0,1.0,1,1.0,1,1.0,1,0.1612296963540153,55
2989,6,5911,2261,3650,0,0,0,1.0,1,1.0,1,1.0,1,0.10161218741238741,53
2990,4,5915,2263,3652,0,0,0,1.0,1,1.0,1,1.0,1,0.11551594714791656,52
2991,2,5917,2263,3654,0,0,0,1.0,1,1.0,1,1.0,1,0.09750820125837144,54
2992,2,5919,2263,3656,0,0,0,1.0,1,1.0,1,1.0,1,0.10553464400107955,55
2993,1,5920,2264,3656,0,0,0,1.0,1,1.0,1,1.0,1,0.0956475029597011,53
2994,4,5924,2266,3658,0,0,0,1.0,1,1.0,1,1.0,1,0.09187328805465146,53
2995,1,5925,2267,3658,0,0,0,1.0,1,1.0,1,1.0,1,0.08443587088779897,51
2996,2,5927,2268,3659,0,0,0,1.0,1,1.0,1,1.0,1,0.08271673861372056,52
2997,3,5930,2270,3660,0,0,0,1.0,1,1.0,1,1.0,1,0.11773882584610865,50
2998,0,5930,2270,3660,0,0,0,1.0,1,1.0,1,1.0,1,0.1341852808130299,51
2999,1,5931,2270,3661,0,0,0,1.0,1,1.0,1,1.0,1,0.10627987426652911,48
3000,1,5932,2271,3661,0,0,0,1.0,1,1.0,1,1.0,1,0.11033641238798776,48
3001,0,5932,2271,3661,0,0,0,1.0,1,1.0,1,1.0,1,0.11745090554694212,49
3002,2,5934,2271,3663,0,0,0,1.0,1,1.0,1,1.0,1,0.10496768422002387,50
3003,1,5935,2271,3664,0,0,0,1.0,1,1.0,1,1.0,1,0.09563623652775034,50
3004,3,5938,2271,3667,0,0,0,1.0,1,1.0,1,1.0,1,0.06592303094442,51
3005,0,5938,2271,3667,0,0,0,1.0,1,1.0,1,1.0,1,0.06854220333154716,50
3006,0,5938,2271,3667,0,0,0,1.0,1,1.0,1,1.0,1,0.08754044926271108,51
3007,0,5938,2271,3667,0,0,0,1.0,1,1.0,1,1.0,1,0.11671103313847316,51
3008,5,5943,2273,3670,0,0,0,1.0,1,1.0,1,1.0,1,0.14782986026232095,53
3009,7,5950,2273,3677,0,0,0,1.0,1,1.0,1,1.0,1,0.09753582387723683,52
3010,0,5950,2273,3677,0,0,0,1.0,1,1.0,1,1.0,1,0.09753582387723683,52
3011,2,5952,2273,3679,0,0,0,1.0,1,1.0,1,1.0,1,0.12889979762935627,51
3012,3,5955,2276,3679,0,0,0,1.0,1,1.0,1,1.0,1,0.13262940741232962,54
3013,4,5959,2277,3682,0,0,0,1.0,1,1.0,1,1.0,1,0.10103208510095542,52
3014,3,5962,2279,3683,0,0,0,1.0,1,1.0,1,1.0,1,0.11057073731575663,51
3015,2,5964,2280,3684,0,0,0,1.0,1,1.0,1,1.0,1,0.0979564853680468,50
3016,5,5969,2284,3685,0,0,0,1.0,1,1.0,1,1.0,1,0.14411151718069892,50
3017,8,5977,2286,3691,0,0,0,1.0,1,1.0,1,1.0,1,0.0831937476500636,48
3018,2,5979,2287,3692,0,0,0,1.0,1,1.0,1,1.0,1,0.1360526019468711,48
3019,7,5986,2289,3697,0,0,0,1.0,1,1.0,1,1.0,1,0.150697901122989,47
3020,4,5990,2292,3698,0,0,0,1.0,1,1.0,1,1.0,1,0.1545794225227047,47
3021,7,5997,2294,3703,0,0,0,1.0,1,1.0,1,1.0,1,0.08975520017611659,46
3022,3,6000,2296,3704,0,0,0,1.0,1,1.0,1,1.0,1,0.11706909553178879,45
3023,0,6000,2296,3704,0,0,0,1.0,1,1.0,1,1.0,1,0.07815385897545021,41
3024,2,6002,2298,3704,0,0,0,1.0,1,1.0,1,1.0,1,0.12748301147743038,43
3025,3,6005,2300,3705,0,0,0,1.0,1,1.0,1,1.0,1,0.1436922171240745,39
3026,3,6008,2302,3706,0,0,0,1.0,1,1.0,1,1.0,1,0.1826381662446372,38
3027,5,6013,2304,3709,0,0,0,1.0,1,1.0,1,1.0,1,0.12807511103125704,38
3028,2,6015,2306,3709,0,0,0,1.0,1,1.0,1,1.0,1,0.15794776135010322,38
3029,5,6020,2307,3713,0,0,0,1.0,1,1.0,1,1.0,1,0.11940350184401897,37
3030,1,6021,2307,3714,0,0,0,1.0,1,1.0,1,1.0,1,0.1045097403823239,38
3031,2,6023,2308,3715,0,0,0,1.0,1,1.0,1,1.0,1,0.16050964220646294,39
3032,0,6023,2308,3715,0,0,0,1.0,1,1.0,1,1.0,1,0.16050964220646294,39
3033,4,6027,2308,3719,0,0,0,1.0,1,1.0,1,1.0,1,0.09688105224392145,39
3034,3,6030,2308,3722,0,0,0,1.0,1,1.0,1,1.0,1,0.07966970734819298,38
3035,2,6032,2309,3723,0,0,0,1.0,1,1.0,1,1.0,1,0.08425864079598472,39
3036,1,6033,2309,3724,0,0,0,1.0,1,1.0,1,1.0,1,0.08914686842209475,39
3037,3,6036,2309,3727,0,0,0,1.0,1,1.0,1,1.0,1,0.08587016925796756,39
3038,2,6038,2310,3728,0,0,0,1.0,1,1.0,1,1.0,1,0.07171201535375687,40
3039,1,6039,2311,3728,0,0,0,1.0,1,1.0,1,1.0,1,0.11763619148690166,41
3040,2,6041,2312,3729,0,0,0,1.0,1,1.0,1,1.0,1,0.10083873510984752,42
3041,3,6044,2314,3730,0,0,0,1.0,1,1.0,1,1.0,1,0.13204798997351952,43
3042,1,6045,2314,3731,0,0,0,1.0,1,1.0,1,1.0,1,0.11507994635148529,45
3043,3,6048,2316,3732,0,0,0,1.0,1,1.0,1,1.0,1,0.1563519907089931,45
3044,1,6049,2316,3733,0,0,0,1.0,1,1.0,1,1.0,1,0.13982844531617278,45
3045,3,6052,2318,3734,0,0,0,1.0,1,1.0,1,1.0,1,0.11773946967865857,45
3046,1,6053,2319,3734,0,0,0,1.0,1,1.0,1,1.0,1,0.16775557671528904,46
3047,2,6055,2319,3736,0,0,0,1.0,1,1.0,1,1.0,1,0.11147545330523284,46
3048,3,6058,2319,3739,0,0,0,1.0,1,1.0,1,1.0,1,0.10581247550073944,49
3049,1,6059,2319,3740,0,0,0,1.0,1,1.0,1,1.0,1,0.10478069379447214,50
3050,0,6059,2319,3740,0,0,0,1.0,1,1.0,1,1.0,1,0.10478069379447214,50
3051,3,6062,2321,3741,0,0,0,1.0,1,1.0,1,1.0,1,0.12171155272395362,50
3052,0,6062,2321,3741,0,0,0,1.0,1,1.0,1,1.0,1,0.12171155272395362,50
3053,3,6065,2324,3741,0,0,0,1.0,1,1.0,1,1.0,1,0.11164788885437965,49
3054,2,6067,2326,3741,0,0,0,1.0,1,1.0,1,1.0,1,0.15617883787918704,47
3055,2,6069,2326,3743,0,0,0,1.0,1,1.0,1,1.0,1,0.14753703821872455,48
3056,0,6069,2326,3743,0,0,0,1.0,1,1.0,1,1.0,1,0.13930780280383584,47
3057,5,6074,2328,3746,0,0,0,1.0,1,1.0,1,1.0,1,0.12785055348928123,48
3058,1,6075,2329,3746,0,0,0,1.0,1,1.0,1,1.0,1,0.12818978492869554,46
3059,1,6076,2330,3746,0,0,0,1.0,1,1.0,1,1.0,1,0.18084663676886198,44
3060,3,6079,2331,3748,0,0,0,1.0,1,1.0,1,1.0,1,0.2010563221198268,44
3061,2,6081,2332,3749,0,0,0,1.0,1,1.0,1,1.0,1,0.2064000662714162,42
3062,8,6089,2335,3754,0,0,0,1.0,1,1.0,1,1.0,1,0.15417277412168523,42
3063,2,6091,2337,3754,0,0,0,1.0,1,1.0,1,1.0,1,0.1059825965529058,41
3064,7,6098,2339,3759,0,0,0,1.0,1,1.0,1,1.0,1,0.21404975199764303,42
3065,4,6102,2340,3762,0,0,0,1.0,1,1.0,1,1.0,1,0.10597803248175872,40
3066,3,6105,2342,3763,0,0,0,1.0,1,1.0,1,1.0,1,0.08888329415133235,42
3067,4,6109,2344,3765,0,0,0,1.0,1,1.0,1,1.0,1,0.1690872129885411,40
3068,2,6111,2346,3765,0,0,0,1.0,1,1.0,1,1.0,1,0.157413623689768,39
3069,3,6114,2347,3767,0,0,0,1.0,1,1.0,1,1.0,1,0.13860556429288182,38
3070,3,6117,2348,3769,0,0,0,1.0,1,1.0,1,1.0,1,0.12073716365863556,39
3071,0,6117,2348,3769,0,0,0,1.0,1,1.0,1,1.0,1,0.11844908620370873,39
3072,5,6122,2351,3771,0,0,0,1.0,1,1.0,1,1.0,1,0.17883133876909948,40
3073,5,6127,2352,3775,0,0,0,1.0,1,1.0,1,1.0,1,0.11808454172797532,38
3074,1,6128,2352,3776,0,0,0,1.0,1,1.0,1,1.0,1,0.07859624698913668,38
3075,2,6130,2353,3777,0,0,0,1.0,1,1.0,1,1.0,1,0.09147016012215413,41
3076,0,6130,2353,3777,0,0,0,1.0,1,1.0,1,1.0,1,0.06705004783990223,42
3077,2,6132,2355,3777,0,0,0,1.0,1,1.0,1,1.0,1,0.13752857475521918,42
3078,0,6132,2355,3777,0,0,0,1.0,1,1.0,1,1.0,1,0.13752857475521918,42
3079,0,6132,2355,3777,0,0,0,1.0,1,1.0,1,1.0,1,0.13752857475521918,42
3080,1,6133,2355,3778,0,0,0,1.0,1,1.0,1,1.0,1,0.1271900269016043,43
3081,1,6134,2355,3779,0,0,0,1.0,1,1.0,1,1.0,1,0.12599757147861462,44
3082,1,6135,2355,3780,0,0,0,1.0,1,1.0,1,1.0,1,0.10072087786576689,45
3083,1,6136,2355,3781,0,0,0,1.0,1,1.0,1,1.0,1,0.09983574472152018,45
3084,2,6138,2357,3781,0,0,0,1.0,1,1.0,1,1.0,1,0.1544815327497394,45
3085,6,6144,2358,3786,0,0,0,1.0,1,1.0,1,1.0,1,0.1740761889078635,46
3086,6,6150,2358,3792,0,0,0,1.0,1,1.0,1,1.0,1,0.10148858915255483,46
3087,3,6153,2359,3794,0,0,0,1.0,1,1.0,1,1.0,1,0.1570453649569004,47
3088,7,6160,2360,3800,0,0,0,1.0,1,1.0,1,1.0,1,0.16091351404839543,48
3089,1,6161,2360,3801,0,0,0,1.0,1,1.0,1,1.0,1,0.1457550048315551,46
3090,2,6163,2360,3803,0,0,0,1.0,1,1.0,1,1.0,1,0.13162533852399974,46
3091,1,6164,2360,3804,0,0,0,1.0,1,1.0,1,1.0,1,0.12014151448357686,46
3092,2,6166,2361,3805,0,0,0,1.0,1,1.0,1,1.0,1,0.09987252503302207,47
3093,1,6167,2362,3805,0,0,0,1.0,1,1.0,1,1.0,1,0.13120095507006094,47
3094,0,6167,2362,3805,0,0,0,1.0,1,1.0,1,1.0,1,0.15340653475221952,45
3095,2,6169,2363,3806,0,0,0,1.0,1,1.0,1,1.0,1,0.13078673585678655,46
3096,1,6170,2363,3807,0,0,0,1.0,1,1.0,1,1.0,1,0.11958438593738749,46
3097,2,6172,2364,3808,0,0,0,1.0,1,1.0,1,1.0,1,0.13625654965768896,47
3098,3,6175,2365,3810,0,0,0,1.0,1,1.0,1,1.0,1,0.08731006886347932,47
3099,0,6175,2365,3810,0,0,0,1.0,1,1.0,1,1.0,1,0.08731006886347932,47
3100,0,6175,2365,3810,0,0,0,1.0,1,1.0,1,1.0,1,0.08731006886347932,47
3101,0,6175,2365,3810,0,0,0,1.0,1,1.0,1,1.0,1,0.0758370289502887,48
3102,1,6176,2366,3810,0,0,0,1.0,1,1.0,1,1.0,1,0.0845359558990111,48
3103,1,6177,2367,3810,0,0,0,1.0,1,1.0,1,1.0,1,0.09776874127358698,49
3104,2,6179,2369,3810,0,0,0,1.0,1,1.0,1,1.0,1,0.13455771041699385,48
3105,3,6182,2371,3811,0,0,0,1.0,1,1.0,1,1.0,1,0.10128661862276729,45
3106,6,6188,2374,3814,0,0,0,1.0,1,1.0,1,1.0,1,0.18700982833281185,46
3107,3,6191,2375,3816,0,0,0,1.0,1,1.0,1,1.0,1,0.15696033339863208,44
3108,2,6193,2376,3817,0,0,0,1.0,1,1.0,1,1.0,1,0.17700024400326883,45
3109,5,6198,2376,3822,0,0,0,1.0,1,1.0,1,1.0,1,0.11509915630109553,44
3110,5,6203,2378,3825,0,0,0,1.0,1,1.0,1,1.0,1,0.1034044360389703,46
3111,1,6204,2379,3825,0,0,0,1.0,1,1.0,1,1.0,1,0.1315976281022127,46
3112,1,6205,2379,3826,0,0,0,1.0,1,1.0,1,1.0,1,0.13041392276057867,47
3113,2,6207,2380,3827,0,0,0,1.0,1,1.0,1,1.0,1,0.11849111184304333,48
3114,1,6208,2380,3828,0,0,0,1.0,1,1.0,1,1.0,1,0.10577754447871955,48
3115,1,6209,2380,3829,0,0,0,1.0,1,1.0,1,1.0,1,0.09656014100714091,49
3116,0,6209,2380,3829,0,0,0,1.0,1,1.0,1,1.0,1,0.1215902764508653,48
3117,0,6209,2380,3829,0,0,0,1.0,1,1.0,1,1.0,1,0.137444588196129,49
3118,0,6209,2380,3829,0,0,0,1.0,1,1.0,1,1.0,1,0.14899401629466172,50
3119,1,6210,2380,3830,0,0,0,1.0,1,1.0,1,1.0,1,0.14277511322770922,50
3120,4,6214,2380,3834,0,0,0,1.0,1,1.0,1,1.0,1,0.0996251658954666,50
3121,0,6214,2380,3834,0,0,0,1.0,1,1.0,1,1.0,1,0.0996251658954666,50
3122,0,6214,2380,3834,0,0,0,1.0,1,1.0,1,1.0,1,0.0996251658954666,50
3123,2,6216,2382,3834,0,0,0,1.0,1,1.0,1,1.0,1,0.09058911866765955,51
3124,1,6217,2383,3834,0,0,0,1.0,1,1.0,1,1.0,1,0.12242847186690313,51
3125,1,6218,2384,3834,0,0,0,1.0,1,1.0,1,1.0,1,0.14344475173195959,51
3126,2,6220,2385,3835,0,0,0,1.0,1,1.0,1,1.0,1,0.13051874588987936,54
3127,1,6221,2386,3835,0,0,0,1.0,1,1.0,1,1.0,1,0.15973715549744794,53
3128,3,6224,2387,3837,0,0,0,1.0,1,1.0,1,1.0,1,0.15462706692420333,52
3129,5,6229,2388,3841,0,0,0,1.0,1,1.0,1,1.0,1,0.10896034759872007,51
3130,1,6230,2389,3841,0,0,0,1.0,1,1.0,1,1.0,1,0.11290426953100353,50
3131,2,6232,2391,3841,0,0,0,1.0,1,1.0,1,1.0,1,0.13131865313152286,50
3132,4,6236,2394,3842,0,0,0,1.0,1,1.0,1,1.0,1,0.21463471113437743,49
3133,6,6242,2394,3848,0,0,0,1.0,1,1.0,1,1.0,1,0.1118054056653634,49
3134,3,6245,2395,3850,0,0,0,1.0,1,1.0,1,1.0,1,0.13591513660007598,46
3135,0,6245,2395,3850,0,0,0,1.0,1,1.0,1,1.0,1,0.119431393718215,47
3136,1,6246,2395,3851,0,0,0,1.0,1,1.0,1,1.0,1,0.1016790798729926,46
3137,2,6248,2395,3853,0,0,0,1.0,1,1.0,1,1.0,1,0.07370544990209432,49
3138,1,6249,2395,3854,0,0,0,1.0,1,1.0,1,1.0,1,0.06879791827686231,49
3139,2,6251,2397,3854,0,0,0,1.0,1,1.0,1,1.0,1,0.1290899479699611,50
3140,6,6257,2399,3858,0,0,0,1.0,1,1.0,1,1.0,1,0.17736361602732115,51
3141,4,6261,2399,3862,0,0,0,1.0,1,1.0,1,1.0,1,0.11678526151155744,50
3142,1,6262,2399,3863,0,0,0,1.0,1,1.0,1,1.0,1,0.11165197152512331,50
3143,1,6263,2400,3863,0,0,0,1.0,1,1.0,1,1.0,1,0.13464191820238083,49
3144,2,6265,2401,3864,0,0,0,1.0,1,1.0,1,1.0,1,0.1485114498428798,49
3145,4,6269,2402,3867,0,0,0,1.0,1,1.0,1,1.0,1,0.11685241781347978,48
3146,1,6270,2402,3868,0,0,0,1.0,1,1.0,1,1.0,1,0.10968839001328695,49
3147,2,6272,2402,3870,0,0,0,1.0,1,1.0,1,1.0,1,0.12317565326463305,48
3148,1,6273,2403,3870,0,0,0,1.0,1,1.0,1,1.0,1,0.11594346042681253,48
3149,3,6276,2405,3871,0,0,0,1.0,1,1.0,1,1.0,1,0.11392737504731695,47
3150,0,6276,2405,3871,0,0,0,1.0,1,1.0,1,1.0,1,0.11392737504731695,47
3151,1,6277,2406,3871,0,0,0,1.0,1,1.0,1,1.0,1,0.1534145529837752,48
3152,0,6277,2406,3871,0,0,0,1.0,1,1.0,1,1.0,1,0.15232927152990305,47
3153,6,6283,2407,3876,0,0,0,1.0,1,1.0,1,1.0,1,0.08516202854245476,47
3154,1,6284,2408,3876,0,0,0,1.0,1,1.0,1,1.0,1,0.12484748739665932,48
3155,0,6284,2408,3876,0,0,0,1.0,1,1.0,1,1.0,1,0.12081336707236623,48
3156,2,6286,2409,3877,0,0,0,1.0,1,1.0,1,1.0,1,0.15098996035207027,48
3157,6,6292,2409,3883,0,0,0,1.0,1,1.0,1,1.0,1,0.0763606019799668,48
3158,0,6292,2409,3883,0,0,0,1.0,1,1.0,1,1.0,1,0.0763606019799668,48
3159,0,6292,2409,3883,0,0,0,1.0,1,1.0,1,1.0,1,0.0823363462598906,49
3160,0,6292,2409,3883,0,0,0,1.0,1,1.0,1,1.0,1,0.11202046521710617,51
3161,1,6293,2409,3884,0,0,0,1.0,1,1.0,1,1.0,1,0.0983487329360442,52
3162,1,6294,2410,3884,0,0,0,1.0,1,1.0,1,1.0,1,0.1278863768451061,51
3163,3,6297,2411,3886,0,0,0,1.0,1,1.0,1,1.0,1,0.08991426835718896,51
3164,1,6298,2412,3886,0,0,0,1.0,1,1.0,1,1.0,1,0.10177324770557715,52
3165,3,6301,2413,3888,0,0,0,1.0,1,1.0,1,1.0,1,0.08899814678527862,50
3166,0,6301,2413,3888,0,0,0,1.0,1,1.0,1,1.0,1,0.08899814678527862,50
3167,5,6306,2418,3888,0,0,0,1.0,1,1.0,1,1.0,1,0.10542780055525083,49
3168,1,6307,2419,3888,0,0,0,1.0,1,1.0,1,1.0,1,0.14052319388554596,47
3169,5,6312,2420,3892,0,0,0,1.0,1,1.0,1,1.0,1,0.11383644670248873,48
3170,0,6312,2420,3892,0,0,0,1.0,1,1.0,1,1.0,1,0.13485076275149496,47
3171,0,6312,2420,3892,0,0,0,1.0,1,1.0,1,1.0,1,0.15680155217974112,47
3172,0,6312,2420,3892,0,0,0,1.0,1,1.0,1,1.0,1,0.16425584977576088,46
3173,4,6316,2421,3895,0,0,0,1.0,1,1.0,1,1.0,1,0.12554818003243348,45
3174,3,6319,2422,3897,0,0,0,1.0,1,1.0,1,1.0,1,0.1536223856612495,43
3175,1,6320,2423,3897,0,0,0,1.0,1,1.0,1,1.0,1,0.1571655143284962,43
3176,0,6320,2423,3897,0,0,0,1.0,1,1.0,1,1.0,1,0.1489169978127033,44
3177,3,6323,2424,3899,0,0,0,1.0,1,1.0,1,1.0,1,0.11549787357295449,44
3178,5,6328,2424,3904,0,0,0,1.0,1,1.0,1,1.0,1,0.05898695184685508,47
3179,3,6331,2426,3905,0,0,0,1.0,1,1.0,1,1.0,1,0.054295845015058145,48
3180,0,6331,2426,3905,0,0,0,1.0,1,1.0,1,1.0,1,0.054295845015058145,48
3181,0,6331,2426,3905,0,0,0,1.0,1,1.0,1,1.0,1,0.054295845015058145,48
3182,1,6332,2427,3905,0,0,0,1.0,1,1.0,1,1.0,1,0.08578232812725432,51
3183,1,6333,2428,3905,0,0,0,1.0,1,1.0,1,1.0,1,0.11175849895234179,50
3184,2,6335,2430,3905,0,0,0,1.0,1,1.0,1,1.0,1,0.17471428125471553,50
3185,7,6342,2430,3912,0,0,0,1.0,1,1.0,1,1.0,1,0.12560213823868216,48
3186,4,6346,2431,3915,0,0,0,1.0,1,1.0,1,1.0,1,0.12623645797917407,48
3187,0,6346,2431,3915,0,0,0,1.0,1,1.0,1,1.0,1,0.1391296671711887,48
3188,1,6347,2432,3915,0,0,0,1.0,1,1.0,1,1.0,1,0.16763433135776282,48
3189,7,6354,2432,3922,0,0,0,1.0,1,1.0,1,1.0,1,0.10194408561752771,49
3190,5,6359,2432,3927,0,0,0,1.0,1,1.0,1,1.0,1,0.0954085899927051,51
3191,2,6361,2432,3929,0,0,0,1.0,1,1.0,1,1.0,1,0.10723799597483727,52
3192,2,6363,2433,3930,0,0,0,1.0,1,1.0,1,1.0,1,0.12481278935906168,52
3193,2,6365,2433,3932,0,0,0,1.0,1,1.0,1,1.0,1,0.08411156192540395,52
3194,4,6369,2434,3935,0,0,0,1.0,1,1.0,1,1.0,1,0.0853477664042415,54
3195,0,6369,2434,3935,0,0,0,1.0,1,1.0,1,1.0,1,0.0853477664042415,54
3196,2,6371,2435,3936,0,0,0,1.0,1,1.0,1,1.0,1,0.07080955302115545,54
3197,2,6373,2435,3938,0,0,0,1.0,1,1.0,1,1.0,1,0.07920399270807416,54
3198,1,6374,2435,3939,0,0,0,1.0,1,1.0,1,1.0,1,0.06821619841087556,54
3199,0,6374,2435,3939,0,0,0,1.0,1,1.0,1,1.0,1,0.06740387982746428,56
3200,0,6374,2435,3939,0,0,0,1.0,1,1.0,1,1.0,1,0.09218077261921095,56
3201,2,6376,2436,3940,0,0,0,1.0,1,1.0,1,1.0,1,0.08069498629358828,56
3202,1,6377,2436,3941,0,0,0,1.0,1,1.0,1,1.0,1,0.07998129919908706,57
3203,2,6379,2437,3942,0,0,0,1.0,1,1.0,1,1.0,1,0.10571879036200878,56
3204,8,6387,2440,3947,0,0,0,1.0,1,1.0,1,1.0,1,0.11941052881491558,55
3205,0,6387,2440,3947,0,0,0,1.0,1,1.0,1,1.0,1,0.11924686422354559,54
3206,7,6394,2443,3951,0,0,0,1.0,1,1.0,1,1.0,1,0.13452328405007224,56
3207,1,6395,2443,3952,0,0,0,1.0,1,1.0,1,1.0,1,0.14714351162282976,54
3208,1,6396,2444,3952,0,0,0,1.0,1,1.0,1,1.0,1,0.16184533476857724,53
3209,1,6397,2444,3953,0,0,0,1.0,1,1.0,1,1.0,1,0.14701123163040633,54
3210,0,6397,2444,3953,0,0,0,1.0,1,1.0,1,1.0,1,0.16524866516955605,53
3211,3,6400,2445,3955,0,0,0,1.0,1,1.0,1,1.0,1,0.1835996319132127,53
3212,0,6400,2445,3955,0,0,0,1.0,1,1.0,1,1.0,1,0.19487049499150808,54
3213,2,6402,2445,3957,0,0,0,1.0,1,1.0,1,1.0,1,0.18405164146016165,54
3214,4,6406,2445,3961,0,0,0,1.0,1,1.0,1,1.0,1,0.2098807638817064,55
3215,2,6408,2445,3963,0,0,0,1.0,1,1.0,1,1.0,1,0.2098807638817064,55
3216,2,6410,2445,3965,0,0,0,1.0,1,1.0,1,1.0,1,0.2098807638817064,55
3217,5,6415,2447,3968,0,0,0,1.0,1,1.0,1,1.0,1,0.20248788757835146,54
3218,4,6419,2447,3972,0,0,0,1.0,1,1.0,1,1.0,1,0.18585871391094785,54
3219,3,6422,2448,3974,0,0,0,1.0,1,1.0,1,1.0,1,0.20405552444650374,55
3220,1,6423,2448,3975,0,0,0,1.0,1,1.0,1,1.0,1,0.1800893681487722,56
3221,1,6424,2449,3975,0,0,0,1.0,1,1.0,1,1.0,1,0.2128264267554823,57
3222,2,6426,2449,3977,0,0,0,1.0,1,1.0,1,1.0,1,0.18421976405026308,57
3223,2,6428,2450,3978,0,0,0,1.0,1,1.0,1,1.0,1,0.1871139711290559,56
3224,7,6435,2454,3981,0,0,0,1.0,1,1.0,1,1.0,1,0.17447219395805025,58
3225,1,6436,2454,3982,0,0,0,1.0,1,1.0,1,1.0,1,0.14719896066530588,55
3226,3,6439,2456,3983,0,0,0,1.0,1,1.0,1,1.0,1,0.17320995335491216,54
3227,1,6440,2457,3983,0,0,0,1.0,1,1.0,1,1.0,1,0.15998822593242956,53
3228,2,6442,2459,3983,0,0,0,1.0,1,1.0,1,1.0,1,0.18631663311091615,52
3229,5,6447,2460,3987,0,0,0,1.0,1,1.0,1,1.0,1,0.15572308952934927,52
3230,3,6450,2461,3989,0,0,0,1.0,1,1.0,1,1.0,1,0.20711417421489564,50
3231,8,6458,2463,3995,0,0,0,1.0,1,1.0,1,1.0,1,0.21905856250070774,50
3232,6,6464,2464,4000,0,0,0,1.0,1,1.0,1,1.0,1,0.2154896337202166,50
3233,6,6470,2464,4006,0,0,0,1.0,1,1.0,1,1.0,1,0.14648945327725277,50
3234,2,6472,2466,4006,0,0,0,1.0,1,1.0,1,1.0,1,0.15551104360673612,49
3235,1,6473,2467,4006,0,0,0,1.0,1,1.0,1,1.0,1,0.17783152263218863,49
3236,2,6475,2468,4007,0,0,0,1.0,1,1.0,1,1.0,1,0.18140158957569663,51
3237,2,6477,2469,4008,0,0,0,1.0,1,1.0,1,1.0,1,0.1993187087841819,53
3238,1,6478,2470,4008,0,0,0,1.0,1,1.0,1,1.0,1,0.20830368424139145,53
3239,1,6479,2470,4009,0,0,0,1.0,1,1.0,1,1.0,1,0.2047040277069883,53
3240,0,6479,2470,4009,0,0,0,1.0,1,1.0,1,1.0,1,0.2108950271761735,53
3241,4,6483,2470,4013,0,0,0,1.0,1,1.0,1,1.0,1,0.19498593635330652,53
3242,0,6483,2470,4013,0,0,0,1.0,1,1.0,1,1.0,1,0.19498593635330652,53
3243,1,6484,2470,4014,0,0,0,1.0,1,1.0,1,1.0,1,0.16571421683164003,56
3244,0,6484,2470,4014,0,0,0,1.0,1,1.0,1,1.0,1,0.17385840979996733,57
3245,0,6484,2470,4014,0,0,0,1.0,1,1.0,1,1.0,1,0.17458019570813438,59
3246,0,6484,2470,4014,0,0,0,1.0,1,1.0,1,1.0,1,0.17458019570813438,59
3247,0,6484,2470,4014,0,0,0,1.0,1,1.0,1,1.0,1,0.17458019570813438,59
3248,3,6487,2471,4016,0,0,0,1.0,1,1.0,1,1.0,1,0.1685497783797876,59
3249,4,6491,2471,4020,0,0,0,1.0,1,1.0,1,1.0,1,0.1578822809391528,58
3250,0,6491,2471,4020,0,0,0,1.0,1,1.0,1,1.0,1,0.1578822809391528,58
3251,2,6493,2473,4020,0,0,0,1.0,1,1.0,1,1.0,1,0.19057309044001466,57
3252,2,6495,2474,4021,0,0,0,1.0,1,1.0,1,1.0,1,0.1941029229922559,57
3253,3,6498,2474,4024,0,0,0,1.0,1,1.0,1,1.0,1,0.16155392819777534,56
3254,1,6499,2474,4025,0,0,0,1.0,1,1.0,1,1.0,1,0.1456376619412845,57
3255,3,6502,2475,4027,0,0,0,1.0,1,1.0,1,1.0,1,0.14358784160646676,57
3256,0,6502,2475,4027,0,0,0,1.0,1,1.0,1,1.0,1,0.14358784160646676,57
3257,3,6505,2475,4030,0,0,0,1.0,1,1.0,1,1.0,1,0.11319105761845112,57
3258,1,6506,2475,4031,0,0,0,1.0,1,1.0,1,1.0,1,0.120111874473114,58
3259,2,6508,2476,4032,0,0,0,1.0,1,1.0,1,1.0,1,0.13415733941284644,59
3260,4,6512,2477,4035,0,0,0,1.0,1,1.0,1,1.0,1,0.09927133553922941,60
3261,3,6515,2479,4036,0,0,0,1.0,1,1.0,1,1.0,1,0.11087065154917985,60
3262,3,6518,2481,4037,0,0,0,1.0,1,1.0,1,1.0,1,0.14930300341178315,61
3263,6,6524,2484,4040,0,0,0,1.0,1,1.0,1,1.0,1,0.13768020716327975,62
3264,4,6528,2488,4040,0,0,0,1.0,1,1.0,1,1.0,1,0.18192710959605293,60
3265,4,6532,2489,4043,0,0,0,1.0,1,1.0,1,1.0,1,0.12607335561123564,58
3266,4,6536,2491,4045,0,0,0,1.0,1,1.0,1,1.0,1,0.1395256037740139,59
3267,3,6539,2493,4046,0,0,0,1.0,1,1.0,1,1.0,1,0.15433295807820818,60
3268,6,6545,2497,4048,0,0,0,1.0,1,1.0,1,1.0,1,0.1739923182006174,58
3269,5,6550,2497,4053,0,0,0,1.0,1,1.0,1,1.0,1,0.10295757711961584,57
3270,1,6551,2498,4053,0,0,0,1.0,1,1.0,1,1.0,1,0.09468886591910577,56
3271,1,6552,2499,4053,0,0,0,1.0,1,1.0,1,1.0,1,0.08889514988477774,55
3272,0,6552,2499,4053,0,0,0,1.0,1,1.0,1,1.0,1,0.08819273102080072,55
3273,5,6557,2502,4055,0,0,0,1.0,1,1.0,1,1.0,1,0.11580626289250051,55
3274,0,6557,2502,4055,0,0,0,1.0,1,1.0,1,1.0,1,0.09378613421260387,55
3275,1,6558,2503,4055,0,0,0,1.0,1,1.0,1,1.0,1,0.11336782501294124,55
3276,0,6558,2503,4055,0,0,0,1.0,1,1.0,1,1.0,1,0.124217129039298,55
3277,3,6561,2504,4057,0,0,0,1.0,1,1.0,1,1.0,1,0.10794807505018245,57
3278,1,6562,2504,4058,0,0,0,1.0,1,1.0,1,1.0,1,0.10643175568161566,56
3279,2,6564,2505,4059,0,0,0,1.0,1,1.0,1,1.0,1,0.07444274124521753,54
3280,3,6567,2506,4061,0,0,0,1.0,1,1.0,1,1.0,1,0.07931601795776111,53
3281,4,6571,2507,4064,0,0,0,1.0,1,1.0,1,1.0,1,0.09026220773812164,52
3282,0,6571,2507,4064,0,0,0,1.0,1,1.0,1,1.0,1,0.12911733234746417,50
3283,1,6572,2508,4064,0,0,0,1.0,1,1.0,1,1.0,1,0.11200379739453689,50
3284,3,6575,2511,4064,0,0,0,1.0,1,1.0,1,1.0,1,0.18210541844152325,47
3285,4,6579,2511,4068,0,0,0,1.0,1,1.0,1,1.0,1,0.10522000782137082,48
3286,1,6580,2511,4069,0,0,0,1.0,1,1.0,1,1.0,1,0.08920399651070521,46
3287,8,6588,2513,4075,0,0,0,1.0,1,1.0,1,1.0,1,0.15873321216373082,46
3288,8,6596,2515,4081,0,0,0,1.0,1,1.0,1,1.0,1,0.15185615582015002,46
3289,8,6604,2516,4088,0,0,0,1.0,1,1.0,1,1.0,1,0.07786446453205426,48
3290,1,6605,2516,4089,0,0,0,1.0,1,1.0,1,1.0,1,0.0719223505626255,48
3291,2,6607,2516,4091,0,0,0,1.0,1,1.0,1,1.0,1,0.049971628410473916,50
3292,1,6608,2517,4091,0,0,0,1.0,1,1.0,1,1.0,1,0.08625294692933058,50
3293,0,6608,2517,4091,0,0,0,1.0,1,1.0,1,1.0,1,0.0935927102313062,51
3294,1,6609,2518,4091,0,0,0,1.0,1,1.0,1,1.0,1,0.10164919367331271,50
3295,3,6612,2520,4092,0,0,0,1.0,1,1.0,1,1.0,1,0.13293755253108203,50
3296,1,6613,2520,4093,0,0,0,1.0,1,1.0,1,1.0,1,0.10900928957508553,50
3297,1,6614,2520,4094,0,0,0,1.0,1,1.0,1,1.0,1,0.1091682183056848,51
3298,3,6617,2523,4094,0,0,0,1.0,1,1.0,1,1.0,1,0.12178878876801175,52
3299,3,6620,2525,4095,0,0,0,1.0,1,1.0,1,1.0,1,0.1199615373021068,53
3300,1,6621,2525,4096,0,0,0,1.0,1,1.0,1,1.0,1,0.10629814611703685,53
3301,2,6623,2526,4097,0,0,0,1.0,1,1.0,1,1.0,1,0.11567031875414675,53
3302,5,6628,2528,4100,0,0,0,1.0,1,1.0,1,1.0,1,0.08997579002380025,53
3303,1,6629,2529,4100,0,0,0,1.0,1,1.0,1,1.0,1,0.0814996082640642,52
3304,3,6632,2531,4101,0,0,0,1.0,1,1.0,1,1.0,1,0.08216972105891922,52
3305,3,6635,2533,4102,0,0,0,1.0,1,1.0,1,1.0,1,0.14501484531117542,51
3306,4,6639,2535,4104,0,0,0,1.0,1,1.0,1,1.0,1,0.1381498814368142,51
3307,2,6641,2535,4106,0,0,0,1.0,1,1.0,1,1.0,1,0.10995087130618361,48
3308,3,6644,2537,4107,0,0,0,1.0,1,1.0,1,1.0,1,0.13491972690453935,48
3309,3,6647,2538,4109,0,0,0,1.0,1,1.0,1,1.0,1,0.09440743618473751,48
3310,0,6647,2538,4109,0,0,0,1.0,1,1.0,1,1.0,1,0.13432630778136553,47
3311,3,6650,2540,4110,0,0,0,1.0,1,1.0,1,1.0,1,0.17875657339724038,49
3312,3,6653,2542,4111,0,0,0,1.0,1,1.0,1,1.0,1,0.20824247620472414,48
3313,7,6660,2545,4115,0,0,0,1.0,1,1.0,1,1.0,1,0.17100854500174942,49
3314,1,6661,2546,4115,0,0,0,1.0,1,1.0,1,1.0,1,0.2276014462376557,47
3315,1,6662,2547,4115,0,0,0,1.0,1,1.0,1,1.0,1,0.25504562309654305,47
3316,2,6664,2547,4117,0,0,0,1.0,1,1.0,1,1.0,1,0.21789691019478552,47
3317,4,6668,2547,4121,0,0,0,1.0,1,1.0,1,1.0,1,0.1616512966764201,46
3318,4,6672,2549,4123,0,0,0,1.0,1,1.0,1,1.0,1,0.1471594109271851,45
3319,4,6676,2551,4125,0,0,0,1.0,1,1.0,1,1.0,1,0.14238438390053265,44
3320,7,6683,2552,4131,0,0,0,1.0,1,1.0,1,1.0,1,0.16687165157972447,43
3321,5,6688,2553,4135,0,0,0,1.0,1,1.0,1,1.0,1,0.13445945367684803,43
3322,0,6688,2553,4135,0,0,0,1.0,1,1.0,1,1.0,1,0.13177543252671453,40
3323,0,6688,2553,4135,0,0,0,1.0,1,1.0,1,1.0,1,0.12715582858776223,40
3324,2,6690,2554,4136,0,0,0,1.0,1,1.0,1,1.0,1,0.1142708986620228,40
3325,2,6692,2556,4136,0,0,0,1.0,1,1.0,1,1.0,1,0.17148703813711763,40
3326,1,6693,2557,4136,0,0,0,1.0,1,1.0,1,1.0,1,0.14958740281082664,41
3327,0,6693,2557,4136,0,0,0,1.0,1,1.0,1,1.0,1,0.1898500632059783,39
3328,5,6698,2562,4136,0,0,0,1.0,1,1.0,1,1.0,1,0.33905059558119,41
3329,7,6705,2564,4141,0,0,0,1.0,1,1.0,1,1.0,1,0.22388061161125777,39
3330,4,6709,2565,4144,0,0,0,1.0,1,1.0,1,1.0,1,0.21393924425071165,40
3331,7,6716,2565,4151,0,0,0,1.0,1,1.0,1,1.0,1,0.15892068474754195,38
3332,5,6721,2565,4156,0,0,0,1.0,1,1.0,1,1.0,1,0.1930094772613634,38
3333,1,6722,2565,4157,0,0,0,1.0,1,1.0,1,1.0,1,0.1790492224571567,38
3334,1,6723,2565,4158,0,0,0,1.0,1,1.0,1,1.0,1,0.1741489528654161,40
3335,2,6725,2565,4160,0,0,0,1.0,1,1.0,1,1.0,1,0.10954509507378102,40
3336,0,6725,2565,4160,0,0,0,1.0,1,1.0,1,1.0,1,0.14211504286038004,39
3337,0,6725,2565,4160,0,0,0,1.0,1,1.0,1,1.0,1,0.14321449857585763,40
3338,2,6727,2566,4161,0,0,0,1.0,1,1.0,1,1.0,1,0.15125824961356021,41
3339,0,6727,2566,4161,0,0,0,1.0,1,1.0,1,1.0,1,0.1525605431626994,42
3340,3,6730,2568,4162,0,0,0,1.0,1,1.0,1,1.0,1,0.1527400690097189,43
3341,2,6732,2568,4164,0,0,0,1.0,1,1.0,1,1.0,1,0.10066204654922184,43
3342,1,6733,2569,4164,0,0,0,1.0,1,1.0,1,1.0,1,0.15888503409092888,44
3343,2,6735,2571,4164,0,0,0,1.0,1,1.0,1,1.0,1,0.17076927729775038,44
3344,2,6737,2573,4164,0,0,0,1.0,1,1.0,1,1.0,1,0.23742220390010688,44
3345,1,6738,2573,4165,0,0,0,1.0,1,1.0,1,1.0,1,0.21296824907767073,43
3346,1,6739,2573,4166,0,0,0,1.0,1,1.0,1,1.0,1,0.22118494150456425,42
3347,2,6741,2573,4168,0,0,0,1.0,1,1.0,1,1.0,1,0.19519733822478338,44
3348,1,6742,2573,4169,0,0,0,1.0,1,1.0,1,1.0,1,0.20543681406589145,45
3349,3,6745,2574,4171,0,0,0,1.0,1,1.0,1,1.0,1,0.17920699094518566,45
3350,0,6745,2574,4171,0,0,0,1.0,1,1.0,1,1.0,1,0.1597233579217266,46
3351,2,6747,2574,4173,0,0,0,1.0,1,1.0,1,1.0,1,0.11295082530092782,47
3352,1,6748,2574,4174,0,0,0,1.0,1,1.0,1,1.0,1,0.13046498763009387,47
3353,0,6748,2574,4174,0,0,0,1.0,1,1.0,1,1.0,1,0.14486198196292893,48
3354,0,6748,2574,4174,0,0,0,1.0,1,1.0,1,1.0,1,0.14486198196292893,48
3355,1,6749,2574,4175,0,0,0,1.0,1,1.0,1,1.0,1,0.15510476136866444,48
3356,3,6752,2574,4178,0,0,0,1.0,1,1.0,1,1.0,1,0.13863610621574468,48
3357,2,6754,2575,4179,0,0,0,1.0,1,1.0,1,1.0,1,0.11897711293994001,47
3358,2,6756,2576,4180,0,0,0,1.0,1,1.0,1,1.0,1,0.11778419979538231,46
3359,5,6761,2578,4183,0,0,0,1.0,1,1.0,1,1.0,1,0.10630474445236321,45
3360,3,6764,2580,4184,0,0,0,1.0,1,1.0,1,1.0,1,0.15307595510546476,44
3361,3,6767,2581,4186,0,0,0,1.0,1,1.0,1,1.0,1,0.15064895838343828,43
3362,2,6769,2581,4188,0,0,0,1.0,1,1.0,1,1.0,1,0.09342642217218622,42
3363,1,6770,2582,4188,0,0,0,1.0,1,1.0,1,1.0,1,0.11467218182050183,41
3364,1,6771,2583,4188,0,0,0,1.0,1,1.0,1,1.0,1,0.08356772478544545,41
3365,0,6771,2583,4188,0,0,0,1.0,1,1.0,1,1.0,1,0.10226923193570028,41
3366,2,6773,2585,4188,0,0,0,1.0,1,1.0,1,1.0,1,0.16731719408354648,40
3367,1,6774,2586,4188,0,0,0,1.0,1,1.0,1,1.0,1,0.13763132563129177,39
3368,1,6775,2587,4188,0,0,0,1.0,1,1.0,1,1.0,1,0.1622765116185746,39
3369,4,6779,2588,4191,0,0,0,1.0,1,1.0,1,1.0,1,0.10023424587089842,40
3370,2,6781,2589,4192,0,0,0,1.0,1,1.0,1,1.0,1,0.12426507749214716,41
3371,3,6784,2590,4194,0,0,0,1.0,1,1.0,1,1.0,1,0.12212547740748428,41
3372,2,6786,2592,4194,0,0,0,1.0,1,1.0,1,1.0,1,0.17417861905647128,40
3373,2,6788,2592,4196,0,0,0,1.0,1,1.0,1,1.0,1,0.1721161042870922,41
3374,1,6789,2592,4197,0,0,0,1.0,1,1.0,1,1.0,1,0.15762615970927274,42
3375,3,6792,2592,4200,0,0,0,1.0,1,1.0,1,1.0,1,0.1314140066516239,44
3376,4,6796,2592,4204,0,0,0,1.0,1,1.0,1,1.0,1,0.13971708626053075,46
3377,5,6801,2592,4209,0,0,0,1.0,1,1.0,1,1.0,1,0.09683591215782535,47
3378,3,6804,2593,4211,0,0,0,1.0,1,1.0,1,1.0,1,0.12249373265150842,48
3379,2,6806,2593,4213,0,0,0,1.0,1,1.0,1,1.0,1,0.12770898418356616,48
3380,4,6810,2593,4217,0,0,0,1.0,1,1.0,1,1.0,1,0.12379656928590452,48
3381,3,6813,2593,4220,0,0,0,1.0,1,1.0,1,1.0,1,0.08367691819073865,48
3382,2,6815,2593,4222,0,0,0,1.0,1,1.0,1,1.0,1,0.09101193128763697,49
3383,0,6815,2593,4222,0,0,0,1.0,1,1.0,1,1.0,1,0.11103775705181304,47
3384,4,6819,2596,4223,0,0,0,1.0,1,1.0,1,1.0,1,0.14480329970366765,48
3385,2,6821,2596,4225,0,0,0,1.0,1,1.0,1,1.0,1,0.1108546714891074,47
3386,2,6823,2597,4226,0,0,0,1.0,1,1.0,1,1.0,1,0.13774041510389987,49
3387,0,6823,2597,4226,0,0,0,1.0,1,1.0,1,1.0,1,0.1301898049106295,48
3388,0,6823,2597,4226,0,0,0,1.0,1,1.0,1,1.0,1,0.1301898049106295,48
3389,2,6825,2597,4228,0,0,0,1.0,1,1.0,1,1.0,1,0.11742899844660577,50
3390,1,6826,2598,4228,0,0,0,1.0,1,1.0,1,1.0,1,0.12075725627151883,51
3391,1,6827,2598,4229,0,0,0,1.0,1,1.0,1,1.0,1,0.11277817864282133,51
3392,0,6827,2598,4229,0,0,0,1.0,1,1.0,1,1.0,1,0.09938730915893276,52
3393,2,6829,2599,4230,0,0,0,1.0,1,1.0,1,1.0,1,0.0810867008625342,52
3394,1,6830,2600,4230,0,0,0,1.0,1,1.0,1,1.0,1,0.10061797007906731,52
3395,0,6830,2600,4230,0,0,0,1.0,1,1.0,1,1.0,1,0.10473920500898365,50
3396,1,6831,2601,4230,0,0,0,1.0,1,1.0,1,1.0,1,0.12914126307223037,49
3397,6,6837,2602,4235,0,0,0,1.0,1,1.0,1,1.0,1,0.10611909506325357,49
3398,2,6839,2602,4237,0,0,0,1.0,1,1.0,1,1.0,1,0.11309993191569616,48
3399,3,6842,2603,4239,0,0,0,1.0,1,1.0,1,1.0,1,0.12414287833749721,49
3400,3,6845,2604,4241,0,0,0,1.0,1,1.0,1,1.0,1,0.158464201245192,50
3401,3,6848,2604,4244,0,0,0,1.0,1,1.0,1,1.0,1,0.11034861514240339,51
3402,2,6850,2605,4245,0,0,0,1.0,1,1.0,1,1.0,1,0.14944953658208926,51
3403,1,6851,2606,4245,0,0,0,1.0,1,1.0,1,1.0,1,0.1437096004114499,51
3404,2,6853,2607,4246,0,0,0,1.0,1,1.0,1,1.0,1,0.14896080084110233,51
3405,4,6857,2608,4249,0,0,0,1.0,1,1.0,1,1.0,1,0.1396223702822468,51
3406,1,6858,2608,4250,0,0,0,1.0,1,1.0,1,1.0,1,0.13836833790349626,51
3407,0,6858,2608,4250,0,0,0,1.0,1,1.0,1,1.0,1,0.14824089536666363,52
3408,2,6860,2608,4252,0,0,0,1.0,1,1.0,1,1.0,1,0.1591957084714633,53
3409,4,6864,2608,4256,0,0,0,1.0,1,1.0,1,1.0,1,0.12651683033216318,54
3410,2,6866,2610,4256,0,0,0,1.0,1,1.0,1,1.0,1,0.14482237230315023,54
3411,3,6869,2610,4259,0,0,0,1.0,1,1.0,1,1.0,1,0.13966818405924974,54
3412,3,6872,2611,4261,0,0,0,1.0,1,1.0,1,1.0,1,0.18259934021431387,55
3413,3,6875,2611,4264,0,0,0,1.0,1,1.0,1,1.0,1,0.13889380346988303,55
3414,5,6880,2611,4269,0,0,0,1.0,1,1.0,1,1.0,1,0.14021021584965326,55
3415,5,6885,2614,4271,0,0,0,1.0,1,1.0,1,1.0,1,0.1768285410903953,56
3416,6,6891,2614,4277,0,0,0,1.0,1,1.0,1,1.0,1,0.16496889598266634,55
3417,5,6896,2614,4282,0,0,0,1.0,1,1.0,1,1.0,1,0.10094065981695098,56
3418,2,6898,2616,4282,0,0,0,1.0,1,1.0,1,1.0,1,0.1513119072564646,55
3419,4,6902,2617,4285,0,0,0,1.0,1,1.0,1,1.0,1,0.13376002908721032,56
3420,0,6902,2617,4285,0,0,0,1.0,1,1.0,1,1.0,1,0.15266880493439985,55
3421,2,6904,2617,4287,0,0,0,1.0,1,1.0,1,1.0,1,0.1384366732242771,57
3422,0,6904,2617,4287,0,0,0,1.0,1,1.0,1,1.0,1,0.1468593932061025,56
3423,0,6904,2617,4287,0,0,0,1.0,1,1.0,1,1.0,1,0.14645448565565258,56
3424,1,6905,2618,4287,0,0,0,1.0,1,1.0,1,1.0,1,0.15824228230226933,56
3425,4,6909,2620,4289,0,0,0,1.0,1,1.0,1,1.0,1,0.11776385307056682,56
3426,0,6909,2620,4289,0,0,0,1.0,1,1.0,1,1.0,1,0.1343268269725795,55
3427,1,6910,2621,4289,0,0,0,1.0,1,1.0,1,1.0,1,0.1656621344408175,55
3428,3,6913,2622,4291,0,0,0,1.0,1,1.0,1,1.0,1,0.17738013926958357,55
3429,6,6919,2622,4297,0,0,0,1.0,1,1.0,1,1.0,1,0.11580171510318245,54
3430,5,6924,2622,4302,0,0,0,1.0,1,1.0,1,1.0,1,0.10504653659096251,56
3431,3,6927,2622,4305,0,0,0,1.0,1,1.0,1,1.0,1,0.08349784345138588,54
3432,7,6934,2623,4311,0,0,0,1.0,1,1.0,1,1.0,1,0.1094157150916435,56
3433,4,6938,2625,4313,0,0,0,1.0,1,1.0,1,1.0,1,0.06522934093830908,53
3434,1,6939,2626,4313,0,0,0,1.0,1,1.0,1,1.0,1,0.04859871167780904,51
3435,1,6940,2627,4313,0,0,0,1.0,1,1.0,1,1.0,1,0.06604062367450204,51
3436,3,6943,2629,4314,0,0,0,1.0,1,1.0,1,1.0,1,0.16302957697592182,51
3437,6,6949,2631,4318,0,0,0,1.0,1,1.0,1,1.0,1,0.0913122601445301,53
3438,4,6953,2631,4322,0,0,0,1.0,1,1.0,1,1.0,1,0.10483556819850294,52
3439,3,6956,2631,4325,0,0,0,1.0,1,1.0,1,1.0,1,0.11078831412687391,54
3440,3,6959,2631,4328,0,0,0,1.0,1,1.0,1,1.0,1,0.11656571852500903,52
3441,4,6963,2631,4332,0,0,0,1.0,1,1.0,1,1.0,1,0.05301060405568548,53
3442,3,6966,2632,4334,0,0,0,1.0,1,1.0,1,1.0,1,0.05753345684661695,53
3443,1,6967,2632,4335,0,0,0,1.0,1,1.0,1,1.0,1,0.0803450641067933,53
3444,2,6969,2633,4336,0,0,0,1.0,1,1.0,1,1.0,1,0.10349491337097098,52
3445,2,6971,2634,4337,0,0,0,1.0,1,1.0,1,1.0,1,0.10546349753506958,53
3446,3,6974,2636,4338,0,0,0,1.0,1,1.0,1,1.0,1,0.16153238633395636,53
3447,0,6974,2636,4338,0,0,0,1.0,1,1.0,1,1.0,1,0.16153238633395636,53
3448,3,6977,2637,4340,0,0,0,1.0,1,1.0,1,1.0,1,0.19044786186548085,52
3449,4,6981,2638,4343,0,0,0,1.0,1,1.0,1,1.0,1,0.13957278321664424,52
3450,1,6982,2639,4343,0,0,0,1.0,1,1.0,1,1.0,1,0.14764540955610117,52
3451,3,6985,2641,4344,0,0,0,1.0,1,1.0,1,1.0,1,0.12722991516118182,54
3452,1,6986,2642,4344,0,0,0,1.0,1,1.0,1,1.0,1,0.13663612758261814,54
3453,5,6991,2643,4348,0,0,0,1.0,1,1.0,1,1.0,1,0.11502940023383296,54
3454,0,6991,2643,4348,0,0,0,1.0,1,1.0,1,1.0,1,0.1336676522367114,57
3455,0,6991,2643,4348,0,0,0,1.0,1,1.0,1,1.0,1,0.1336676522367114,57
3456,1,6992,2643,4349,0,0,0,1.0,1,1.0,1,1.0,1,0.12556969607752452,58
3457,1,6993,2643,4350,0,0,0,1.0,1,1.0,1,1.0,1,0.12741091975877905,57
3458,0,6993,2643,4350,0,0,0,1.0,1,1.0,1,1.0,1,0.12430624164520869,57
3459,0,6993,2643,4350,0,0,0,1.0,1,1.0,1,1.0,1,0.12430624164520869,57
3460,1,6994,2643,4351,0,0,0,1.0,1,1.0,1,1.0,1,0.11266543895496578,58
3461,2,6996,2643,4353,0,0,0,1.0,1,1.0,1,1.0,1,0.10661977473590664,59
3462,1,6997,2644,4353,0,0,0,1.0,1,1.0,1,1.0,1,0.11637239088439158,59
3463,2,6999,2646,4353,0,0,0,1.0,1,1.0,1,1.0,1,0.12547320078139035,59
3464,2,7001,2647,4354,0,0,0,1.0,1,1.0,1,1.0,1,0.13356843563869183,59
3465,3,7004,2649,4355,0,0,0,1.0,1,1.0,1,1.0,1,0.10968957328407913,57
3466,1,7005,2650,4355,0,0,0,1.0,1,1.0,1,1.0,1,0.13172425897775902,57
3467,4,7009,2651,4358,0,0,0,1.0,1,1.0,1,1.0,1,0.10741967553535987,57
3468,2,7011,2653,4358,0,0,0,1.0,1,1.0,1,1.0,1,0.1310406787171675,57
3469,5,7016,2655,4361,0,0,0,1.0,1,1.0,1,1.0,1,0.1089895541850496,53
3470,4,7020,2659,4361,0,0,0,1.0,1,1.0,1,1.0,1,0.1450381156930486,50
3471,3,7023,2661,4362,0,0,0,1.0,1,1.0,1,1.0,1,0.12312004420239038,49
3472,1,7024,2662,4362,0,0,0,1.0,1,1.0,1,1.0,1,0.19915463048801696,47
3473,15,7039,2667,4372,0,0,0,1.0,1,1.0,1,1.0,1,0.1337451950404025,45
3474,1,7040,2667,4373,0,0,0,1.0,1,1.0,1,1.0,1,0.08477620395250743,42
3475,2,7042,2669,4373,0,0,0,1.0,1,1.0,1,1.0,1,0.12799231564080846,43
3476,2,7044,2671,4373,0,0,0,1.0,1,1.0,1,1.0,1,0.15739522241179357,41
3477,7,7051,2675,4376,0,0,0,1.0,1,1.0,1,1.0,1,0.07382083460879002,42
3478,6,7057,2677,4380,0,0,0,1.0,1,1.0,1,1.0,1,0.1827270725193701,40
3479,2,7059,2678,4381,0,0,0,1.0,1,1.0,1,1.0,1,0.18694636860403474,40
3480,1,7060,2678,4382,0,0,0,1.0,1,1.0,1,1.0,1,0.16677707637006553,40
3481,3,7063,2678,4385,0,0,0,1.0,1,1.0,1,1.0,1,0.10071495660379262,40
3482,1,7064,2679,4385,0,0,0,1.0,1,1.0,1,1.0,1,0.13236527745773002,40
3483,1,7065,2679,4386,0,0,0,1.0,1,1.0,1,1.0,1,0.12940189935512905,39
3484,1,7066,2679,4387,0,0,0,1.0,1,1.0,1,1.0,1,0.15493183816339948,39
3485,5,7071,2681,4390,0,0,0,1.0,1,1.0,1,1.0,1,0.15630027642383718,40
3486,2,7073,2681,4392,0,0,0,1.0,1,1.0,1,1.0,1,0.15131781212084036,41
3487,4,7077,2681,4396,0,0,0,1.0,1,1.0,1,1.0,1,0.15743377132528755,41
3488,0,7077,2681,4396,0,0,0,1.0,1,1.0,1,1.0,1,0.15550546538388044,42
3489,3,7080,2681,4399,0,0,0,1.0,1,1.0,1,1.0,1,0.12066455034626576,44
3490,0,7080,2681,4399,0,0,0,1.0,1,1.0,1,1.0,1,0.12066455034626576,44
3491,1,7081,2681,4400,0,0,0,1.0,1,1.0,1,1.0,1,0.12183664849691409,45
3492,2,7083,2682,4401,0,0,0,1.0,1,1.0,1,1.0,1,0.1148299938995764,45
3493,2,7085,2682,4403,0,0,0,1.0,1,1.0,1,1.0,1,0.07585637241838089,45
3494,0,7085,2682,4403,0,0,0,1.0,1,1.0,1,1.0,1,0.07585637241838089,45
3495,0,7085,2682,4403,0,0,0,1.0,1,1.0,1,1.0,1,0.07585637241838089,45
3496,1,7086,2682,4404,0,0,0,1.0,1,1.0,1,1.0,1,0.06474205479849436,46
3497,1,7087,2683,4404,0,0,0,1.0,1,1.0,1,1.0,1,0.10297490838863614,47
3498,1,7088,2684,4404,0,0,0,1.0,1,1.0,1,1.0,1,0.12349079495935661,48
3499,0,7088,2684,4404,0,0,0,1.0,1,1.0,1,1.0,1,0.13657586001714905,47
3500,1,7089,2684,4405,0,0,0,1.0,1,1.0,1,1.0,1,0.14368742174154991,50
3501,3,7092,2685,4407,0,0,0,1.0,1,1.0,1,1.0,1,0.13534209904913527,50
3502,1,7093,2685,4408,0,0,0,1.0,1,1.0,1,1.0,1,0.11347320892753297,50
3503,2,7095,2687,4408,0,0,0,1.0,1,1.0,1,1.0,1,0.1639079170308558,50
3504,3,7098,2690,4408,0,0,0,1.0,1,1.0,1,1.0,1,0.20600470864088702,47
3505,2,7100,2690,4410,0,0,0,1.0,1,1.0,1,1.0,1,0.19695801695094353,48
3506,2,7102,2691,4411,0,0,0,1.0,1,1.0,1,1.0,1,0.2191061963349222,49
3507,1,7103,2691,4412,0,0,0,1.0,1,1.0,1,1.0,1,0.18255765943064442,46
3508,0,7103,2691,4412,0,0,0,1.0,1,1.0,1,1.0,1,0.19653575128468811,47
3509,1,7104,2692,4412,0,0,0,1.0,1,1.0,1,1.0,1,0.16437589593326374,44
3510,3,7107,2694,4413,0,0,0,1.0,1,1.0,1,1.0,1,0.22681620863441743,45
3511,0,7107,2694,4413,0,0,0,1.0,1,1.0,1,1.0,1,0.21134568657445632,44
3512,0,7107,2694,4413,0,0,0,1.0,1,1.0,1,1.0,1,0.20772155795731836,42
3513,2,7109,2694,4415,0,0,0,1.0,1,1.0,1,1.0,1,0.1827260054403826,42
3514,0,7109,2694,4415,0,0,0,1.0,1,1.0,1,1.0,1,0.2027253292891997,42
3515,5,7114,2695,4419,0,0,0,1.0,1,1.0,1,1.0,1,0.16703360776707574,42
3516,2,7116,2695,4421,0,0,0,1.0,1,1.0,1,1.0,1,0.1317674260981111,41
3517,2,7118,2696,4422,0,0,0,1.0,1,1.0,1,1.0,1,0.09271243837603094,44
3518,0,7118,2696,4422,0,0,0,1.0,1,1.0,1,1.0,1,0.11543295182437732,43
3519,2,7120,2697,4423,0,0,0,1.0,1,1.0,1,1.0,1,0.13320805000703226,44
3520,2,7122,2697,4425,0,0,0,1.0,1,1.0,1,1.0,1,0.15174972291180439,45
3521,2,7124,2697,4427,0,0,0,1.0,1,1.0,1,1.0,1,0.11106535515282981,45
3522,0,7124,2697,4427,0,0,0,1.0,1,1.0,1,1.0,1,0.12435399982284973,46
3523,2,7126,2698,4428,0,0,0,1.0,1,1.0,1,1.0,1,0.1315643336313524,46
3524,0,7126,2698,4428,0,0,0,1.0,1,1.0,1,1.0,1,0.11867485159312659,47
3525,0,7126,2698,4428,0,0,0,1.0,1,1.0,1,1.0,1,0.13778114301039437,48
3526,1,7127,2699,4428,0,0,0,1.0,1,1.0,1,1.0,1,0.14591237367316437,49
3527,5,7132,2701,4431,0,0,0,1.0,1,1.0,1,1.0,1,0.15423998093465868,49
3528,3,7135,2702,4433,0,0,0,1.0,1,1.0,1,1.0,1,0.16095796966564066,51
3529,0,7135,2702,4433,0,0,0,1.0,1,1.0,1,1.0,1,0.16095796966564066,51
3530,0,7135,2702,4433,0,0,0,1.0,1,1.0,1,1.0,1,0.167385738185655,52
3531,1,7136,2703,4433,0,0,0,1.0,1,1.0,1,1.0,1,0.18262035659182418,52
3532,2,7138,2703,4435,0,0,0,1.0,1,1.0,1,1.0,1,0.17339756970321335,52
3533,1,7139,2703,4436,0,0,0,1.0,1,1.0,1,1.0,1,0.1597642923817576,52
3534,0,7139,2703,4436,0,0,0,1.0,1,1.0,1,1.0,1,0.1597642923817576,52
3535,1,7140,2704,4436,0,0,0,1.0,1,1.0,1,1.0,1,0.16797819627075014,52
3536,7,7147,2704,4443,0,0,0,1.0,1,1.0,1,1.0,1,0.11655975098195683,54
3537,1,7148,2704,4444,0,0,0,1.0,1,1.0,1,1.0,1,0.11865626412847585,55
3538,0,7148,2704,4444,0,0,0,1.0,1,1.0,1,1.0,1,0.11865626412847585,55
3539,1,7149,2704,4445,0,0,0,1.0,1,1.0,1,1.0,1,0.09772855380046368,58
3540,1,7150,2705,4445,0,0,0,1.0,1,1.0,1,1.0,1,0.09872028649956091,59
3541,1,7151,2705,4446,0,0,0,1.0,1,1.0,1,1.0,1,0.0812747405589231,59
3542,1,7152,2705,4447,0,0,0,1.0,1,1.0,1,1.0,1,0.08624068287980954,61
3543,4,7156,2707,4449,0,0,0,1.0,1,1.0,1,1.0,1,0.09408412565489971,62
3544,2,7158,2709,4449,0,0,0,1.0,1,1.0,1,1.0,1,0.10394538343089854,59
3545,1,7159,2710,4449,0,0,0,1.0,1,1.0,1,1.0,1,0.0906127359553083,59
3546,4,7163,2712,4451,0,0,0,1.0,1,1.0,1,1.0,1,0.07926668610333973,57
3547,2,7165,2714,4451,0,0,0,1.0,1,1.0,1,1.0,1,0.091033784697693,53
3548,2,7167,2715,4452,0,0,0,1.0,1,1.0,1,1.0,1,0.08922786324615109,53
3549,3,7170,2716,4454,0,0,0,1.0,1,1.0,1,1.0,1,0.0572094725654542,52
3550,1,7171,2717,4454,0,0,0,1.0,1,1.0,1,1.0,1,0.07291011437241404,51
3551,2,7173,2718,4455,0,0,0,1.0,1,1.0,1,1.0,1,0.07487609190253142,51
3552,1,7174,2719,4455,0,0,0,1.0,1,1.0,1,1.0,1,0.12269198606300573,51
3553,1,7175,2719,4456,0,0,0,1.0,1,1.0,1,1.0,1,0.12076411242482635,49
3554,0,7175,2719,4456,0,0,0,1.0,1,1.0,1,1.0,1,0.12076411242482635,49
3555,3,7178,2719,4459,0,0,0,1.0,1,1.0,1,1.0,1,0.11982503435922585,51
3556,0,7178,2719,4459,0,0,0,1.0,1,1.0,1,1.0,1,0.11982503435922585,51
3557,2,7180,2720,4460,0,0,0,1.0,1,1.0,1,1.0,1,0.13077585971156513,52
3558,2,7182,2722,4460,0,0,0,1.0,1,1.0,1,1.0,1,0.16201439541978163,52
3559,6,7188,2724,4464,0,0,0,1.0,1,1.0,1,1.0,1,0.11312581278309704,52
3560,1,7189,2724,4465,0,0,0,1.0,1,1.0,1,1.0,1,0.09255593309395871,53
3561,1,7190,2724,4466,0,0,0,1.0,1,1.0,1,1.0,1,0.09077781932271216,54
3562,1,7191,2725,4466,0,0,0,1.0,1,1.0,1,1.0,1,0.10068481356793348,54
3563,2,7193,2726,4467,0,0,0,1.0,1,1.0,1,1.0,1,0.1263095247358326,55
3564,1,7194,2726,4468,0,0,0,1.0,1,1.0,1,1.0,1,0.09367274407901907,57
3565,2,7196,2726,4470,0,0,0,1.0,1,1.0,1,1.0,1,0.09780047559774366,56
3566,1,7197,2726,4471,0,0,0,1.0,1,1.0,1,1.0,1,0.09414905362169122,57
3567,0,7197,2726,4471,0,0,0,1.0,1,1.0,1,1.0,1,0.09414905362169122,57
3568,2,7199,2727,4472,0,0,0,1.0,1,1.0,1,1.0,1,0.10268278401268845,57
3569,1,7200,2727,4473,0,0,0,1.0,1,1.0,1,1.0,1,0.08178491629891785,57
3570,5,7205,2729,4476,0,0,0,1.0,1,1.0,1,1.0,1,0.12161097716553348,59
3571,4,7209,2729,4480,0,0,0,1.0,1,1.0,1,1.0,1,0.11285203077661117,60
3572,1,7210,2729,4481,0,0,0,1.0,1,1.0,1,1.0,1,0.10879763844678206,61
3573,1,7211,2729,4482,0,0,0,1.0,1,1.0,1,1.0,1,0.10679469695561081,62
3574,0,7211,2729,4482,0,0,0,1.0,1,1.0,1,1.0,1,0.10655920573004174,63
3575,1,7212,2730,4482,0,0,0,1.0,1,1.0,1,1.0,1,0.12307295123422164,63
3576,4,7216,2732,4484,0,0,0,1.0,1,1.0,1,1.0,1,0.1570977024233113,63
3577,7,7223,2732,4491,0,0,0,1.0,1,1.0,1,1.0,1,0.10569205648025301,64
3578,3,7226,2732,4494,0,0,0,1.0,1,1.0,1,1.0,1,0.10652829665322182,64
3579,0,7226,2732,4494,0,0,0,1.0,1,1.0,1,1.0,1,0.10652829665322182,64
3580,2,7228,2733,4495,0,0,0,1.0,1,1.0,1,1.0,1,0.1311392094229289,65
3581,4,7232,2733,4499,0,0,0,1.0,1,1.0,1,1.0,1,0.09038675758593295,68
3582,7,7239,2736,4503,0,0,0,1.0,1,1.0,1,1.0,1,0.1142726767485045,68
3583,1,7240,2737,4503,0,0,0,1.0,1,1.0,1,1.0,1,0.09840801741094772,65
3584,2,7242,2739,4503,0,0,0,1.0,1,1.0,1,1.0,1,0.1318760040075163,64
3585,3,7245,2740,4505,0,0,0,1.0,1,1.0,1,1.0,1,0.09117113710720083,64
3586,3,7248,2743,4505,0,0,0,1.0,1,1.0,1,1.0,1,0.13070997605595872,65
3587,2,7250,2744,4506,0,0,0,1.0,1,1.0,1,1.0,1,0.11916654165505498,64
3588,2,7252,2745,4507,0,0,0,1.0,1,1.0,1,1.0,1,0.11156594737668972,62
3589,6,7258,2748,4510,0,0,0,1.0,1,1.0,1,1.0,1,0.11868941302394119,63
3590,3,7261,2749,4512,0,0,0,1.0,1,1.0,1,1.0,1,0.1239327358481737,63
3591,3,7264,2750,4514,0,0,0,1.0,1,1.0,1,1.0,1,0.12905932120455688,62
3592,2,7266,2751,4515,0,0,0,1.0,1,1.0,1,1.0,1,0.12153859098594443,59
3593,3,7269,2753,4516,0,0,0,1.0,1,1.0,1,1.0,1,0.12088198708045485,58
3594,1,7270,2753,4517,0,0,0,1.0,1,1.0,1,1.0,1,0.11475397974271342,57
3595,1,7271,2754,4517,0,0,0,1.0,1,1.0,1,1.0,1,0.09834520827287078,59
3596,3,7274,2756,4518,0,0,0,1.0,1,1.0,1,1.0,1,0.12085033458689813,57
3597,8,7282,2759,4523,0,0,0,1.0,1,1.0,1,1.0,1,0.12460172547404086,57
3598,2,7284,2759,4525,0,0,0,1.0,1,1.0,1,1.0,1,0.09129264249006938,57
3599,7,7291,2762,4529,0,0,0,1.0,1,1.0,1,1.0,1,0.12541428541953636,58
3600,5,7296,2763,4533,0,0,0,1.0,1,1.0,1,1.0,1,0.1238179674270181,58
3601,7,7303,2764,4539,0,0,0,1.0,1,1.0,1,1.0,1,0.05310874157097438,58
3602,1,7304,2764,4540,0,0,0,1.0,1,1.0,1,1.0,1,0.05617175968748902,60
3603,0,7304,2764,4540,0,0,0,1.0,1,1.0,1,1.0,1,0.05617175968748902,60
3604,0,7304,2764,4540,0,0,0,1.0,1,1.0,1,1.0,1,0.05617175968748902,60
3605,2,7306,2765,4541,0,0,0,1.0,1,1.0,1,1.0,1,0.05706605183749773,61
3606,4,7310,2766,4544,0,0,0,1.0,1,1.0,1,1.0,1,0.0654956563669367,63
3607,4,7314,2767,4547,0,0,0,1.0,1,1.0,1,1.0,1,0.08096375636273569,63
3608,3,7317,2767,4550,0,0,0,1.0,1,1.0,1,1.0,1,0.10209520071839576,64
3609,4,7321,2767,4554,0,0,0,1.0,1,1.0,1,1.0,1,0.07363605347509453,66
3610,2,7323,2769,4554,0,0,0,1.0,1,1.0,1,1.0,1,0.09390615107433332,67
3611,5,7328,2771,4557,0,0,0,1.0,1,1.0,1,1.0,1,0.1007305104496139,67
3612,4,7332,2772,4560,0,0,0,1.0,1,1.0,1,1.0,1,0.1332970794671924,66
3613,5,7337,2773,4564,0,0,0,1.0,1,1.0,1,1.0,1,0.12780076538709317,66
3614,2,7339,2774,4565,0,0,0,1.0,1,1.0,1,1.0,1,0.12210223821646286,65
3615,1,7340,2774,4566,0,0,0,1.0,1,1.0,1,1.0,1,0.13446239055459197,65
3616,1,7341,2774,4567,0,0,0,1.0,1,1.0,1,1.0,1,0.12794364115041923,65
3617,6,7347,2775,4572,0,0,0,1.0,1,1.0,1,1.0,1,0.10806029959285365,66
3618,1,7348,2775,4573,0,0,0,1.0,1,1.0,1,1.0,1,0.09257335623984272,66
3619,1,7349,2776,4573,0,0,0,1.0,1,1.0,1,1.0,1,0.12358396693446724,65
3620,4,7353,2777,4576,0,0,0,1.0,1,1.0,1,1.0,1,0.14611397151947067,66
3621,3,7356,2777,4579,0,0,0,1.0,1,1.0,1,1.0,1,0.10430933169450943,65
3622,3,7359,2778,4581,0,0,0,1.0,1,1.0,1,1.0,1,0.09554608650295518,65
3623,1,7360,2779,4581,0,0,0,1.0,1,1.0,1,1.0,1,0.07988919393858866,62
3624,4,7364,2782,4582,0,0,0,1.0,1,1.0,1,1.0,1,0.07802368559335497,62
3625,4,7368,2784,4584,0,0,0,1.0,1,1.0,1,1.0,1,0.08263550451244721,61
3626,4,7372,2788,4584,0,0,0,1.0,1,1.0,1,1.0,1,0.09034305281127042,58
3627,0,7372,2788,4584,0,0,0,1.0,1,1.0,1,1.0,1,0.09136885489641661,58
3628,3,7375,2790,4585,0,0,0,1.0,1,1.0,1,1.0,1,0.07354482316255223,57
3629,6,7381,2792,4589,0,0,0,1.0,1,1.0,1,1.0,1,0.10888075627431007,57
3630,3,7384,2794,4590,0,0,0,1.0,1,1.0,1,1.0,1,0.08574284589227468,56
3631,5,7389,2799,4590,0,0,0,1.0,1,1.0,1,1.0,1,0.12131440694061116,54
3632,2,7391,2799,4592,0,0,0,1.0,1,1.0,1,1.0,1,0.12675772855118259,52
3633,12,7403,2804,4599,0,0,0,1.0,1,1.0,1,1.0,1,0.1280805995638173,52
3634,5,7408,2805,4603,0,0,0,1.0,1,1.0,1,1.0,1,0.12285985430340611,49
3635,0,7408,2805,4603,0,0,0,1.0,1,1.0,1,1.0,1,0.16115923158962958,47
3636,1,7409,2805,4604,0,0,0,1.0,1,1.0,1,1.0,1,0.17406027465688603,48
3637,6,7415,2805,4610,0,0,0,1.0,1,1.0,1,1.0,1,0.15159330548335698,49
3638,3,7418,2806,4612,0,0,0,1.0,1,1.0,1,1.0,1,0.16292006462936684,50
3639,4,7422,2806,4616,0,0,0,1.0,1,1.0,1,1.0,1,0.1428730013759906,52
3640,8,7430,2808,4622,0,0,0,1.0,1,1.0,1,1.0,1,0.1955977244581586,52
3641,8,7438,2808,4630,0,0,0,1.0,1,1.0,1,1.0,1,0.14532867272480632,52
3642,2,7440,2808,4632,0,0,0,1.0,1,1.0,1,1.0,1,0.14532867272480632,52
3643,1,7441,2808,4633,0,0,0,1.0,1,1.0,1,1.0,1,0.1390236377492547,52
3644,2,7443,2808,4635,0,0,0,1.0,1,1.0,1,1.0,1,0.1393941146344519,52
3645,1,7444,2808,4636,0,0,0,1.0,1,1.0,1,1.0,1,0.10377845951751923,53
3646,0,7444,2808,4636,0,0,0,1.0,1,1.0,1,1.0,1,0.10377845951751923,53
3647,2,7446,2809,4637,0,0,0,1.0,1,1.0,1,1.0,1,0.13131561302511058,55
3648,1,7447,2809,4638,0,0,0,1.0,1,1.0,1,1.0,1,0.1072965751378157,57
3649,1,7448,2810,4638,0,0,0,1.0,1,1.0,1,1.0,1,0.11035181121134514,57
3650,2,7450,2810,4640,0,0,0,1.0,1,1.0,1,1.0,1,0.09440680903633421,59
3651,0,7450,2810,4640,0,0,0,1.0,1,1.0,1,1.0,1,0.09440680903633421,59
3652,0,7450,2810,4640,0,0,0,1.0,1,1.0,1,1.0,1,0.09440680903633421,59
3653,0,7450,2810,4640,0,0,0,1.0,1,1.0,1,1.0,1,0.09440680903633421,59
3654,0,7450,2810,4640,0,0,0,1.0,1,1.0,1,1.0,1,0.09440680903633421,59
3655,1,7451,2810,4641,0,0,0,1.0,1,1.0,1,1.0,1,0.09488551984651286,62
3656,0,7451,2810,4641,0,0,0,1.0,1,1.0,1,1.0,1,0.09488551984651286,62
3657,0,7451,2810,4641,0,0,0,1.0,1,1.0,1,1.0,1,0.1046375620959855,63
3658,3,7454,2811,4643,0,0,0,1.0,1,1.0,1,1.0,1,0.12392730038665828,63
3659,1,7455,2811,4644,0,0,0,1.0,1,1.0,1,1.0,1,0.10475208921946626,62
3660,3,7458,2814,4644,0,0,0,1.0,1,1.0,1,1.0,1,0.1538680385697877,62
3661,5,7463,2815,4648,0,0,0,1.0,1,1.0,1,1.0,1,0.11155764218883643,61
3662,2,7465,2817,4648,0,0,0,1.0,1,1.0,1,1.0,1,0.1590432605942172,60
3663,5,7470,2818,4652,0,0,0,1.0,1,1.0,1,1.0,1,0.12072307967739573,61
3664,1,7471,2818,4653,0,0,0,1.0,1,1.0,1,1.0,1,0.1270986893184672,58
3665,4,7475,2819,4656,0,0,0,1.0,1,1.0,1,1.0,1,0.1032492963946503,58
3666,2,7477,2820,4657,0,0,0,1.0,1,1.0,1,1.0,1,0.08422421156628199,58
3667,3,7480,2822,4658,0,0,0,1.0,1,1.0,1,1.0,1,0.07840808670017259,58
3668,3,7483,2823,4660,0,0,0,1.0,1,1.0,1,1.0,1,0.07495996871175276,58
3669,4,7487,2825,4662,0,0,0,1.0,1,1.0,1,1.0,1,0.07674366534554221,57
3670,2,7489,2826,4663,0,0,0,1.0,1,1.0,1,1.0,1,0.11102256349907914,56
3671,2,7491,2827,4664,0,0,0,1.0,1,1.0,1,1.0,1,0.1463111890279184,57
3672,4,7495,2828,4667,0,0,0,1.0,1,1.0,1,1.0,1,0.17437064961044674,57
3673,6,7501,2829,4672,0,0,0,1.0,1,1.0,1,1.0,1,0.11367813878010438,58
3674,1,7502,2829,4673,0,0,0,1.0,1,1.0,1,1.0,1,0.12130739352245237,57
3675,2,7504,2829,4675,0,0,0,1.0,1,1.0,1,1.0,1,0.13757915517447536,58
3676,3,7507,2830,4677,0,0,0,1.0,1,1.0,1,1.0,1,0.14628362994516653,59
3677,1,7508,2831,4677,0,0,0,1.0,1,1.0,1,1.0,1,0.15485663505042285,60
3678,3,7511,2831,4680,0,0,0,1.0,1,1.0,1,1.0,1,0.12912219468724784,62
3679,0,7511,2831,4680,0,0,0,1.0,1,1.0,1,1.0,1,0.12912219468724784,62
3680,0,7511,2831,4680,0,0,0,1.0,1,1.0,1,1.0,1,0.11272765829997139,63
3681,2,7513,2831,4682,0,0,0,1.0,1,1.0,1,1.0,1,0.10713127921329112,64
3682,0,7513,2831,4682,0,0,0,1.0,1,1.0,1,1.0,1,0.10713127921329112,64
3683,0,7513,2831,4682,0,0,0,1.0,1,1.0,1,1.0,1,0.10713127921329112,64
3684,1,7514,2832,4682,0,0,0,1.0,1,1.0,1,1.0,1,0.12984773754687962,64
3685,2,7516,2832,4684,0,0,0,1.0,1,1.0,1,1.0,1,0.1150146723112867,64
3686,0,7516,2832,4684,0,0,0,1.0,1,1.0,1,1.0,1,0.11428349707285601,65
3687,0,7516,2832,4684,0,0,0,1.0,1,1.0,1,1.0,1,0.11428349707285601,65
3688,1,7517,2832,4685,0,0,0,1.0,1,1.0,1,1.0,1,0.12293668609845254,66
3689,0,7517,2832,4685,0,0,0,1.0,1,1.0,1,1.0,1,0.12293668609845254,66
3690,3,7520,2832,4688,0,0,0,1.0,1,1.0,1,1.0,1,0.10478990094306774,67
3691,2,7522,2833,4689,0,0,0,1.0,1,1.0,1,1.0,1,0.09247193417215586,68
3692,0,7522,2833,4689,0,0,0,1.0,1,1.0,1,1.0,1,0.08957968176983125,69
3693,2,7524,2833,4691,0,0,0,1.0,1,1.0,1,1.0,1,0.07099740836673296,69
3694,0,7524,2833,4691,0,0,0,1.0,1,1.0,1,1.0,1,0.07902169575792035,70
3695,0,7524,2833,4691,0,0,0,1.0,1,1.0,1,1.0,1,0.07902169575792035,70
3696,0,7524,2833,4691,0,0,0,1.0,1,1.0,1,1.0,1,0.0709232008782719,71
3697,7,7531,2835,4696,0,0,0,1.0,1,1.0,1,1.0,1,0.09902599957604363,70
3698,0,7531,2835,4696,0,0,0,1.0,1,1.0,1,1.0,1,0.09508610139507823,70
3699,2,7533,2837,4696,0,0,0,1.0,1,1.0,1,1.0,1,0.11663914088717531,70
3700,10,7543,2841,4702,0,0,0,1.0,1,1.0,1,1.0,1,0.15746067987834247,68
3701,7,7550,2842,4708,0,0,0,1.0,1,1.0,1,1.0,1,0.13426332890228374,69
3702,0,7550,2842,4708,0,0,0,1.0,1,1.0,1,1.0,1,0.11826157309295417,69
3703,0,7550,2842,4708,0,0,0,1.0,1,1.0,1,1.0,1,0.12919564393919963,70
3704,2,7552,2844,4708,0,0,0,1.0,1,1.0,1,1.0,1,0.15853679503053014,69
3705,2,7554,2844,4710,0,0,0,1.0,1,1.0,1,1.0,1,0.11832880510201044,69
3706,5,7559,2846,4713,0,0,0,1.0,1,1.0,1,1.0,1,0.13260564772813263,69
3707,2,7561,2846,4715,0,0,0,1.0,1,1.0,1,1.0,1,0.10474922650956585,67
3708,0,7561,2846,4715,0,0,0,1.0,1,1.0,1,1.0,1,0.09112186223968091,67
3709,0,7561,2846,4715,0,0,0,1.0,1,1.0,1,1.0,1,0.09112186223968091,67
3710,0,7561,2846,4715,0,0,0,1.0,1,1.0,1,1.0,1,0.0894302606205219,67
3711,2,7563,2846,4717,0,0,0,1.0,1,1.0,1,1.0,1,0.07681109607837941,68
3712,0,7563,2846,4717,0,0,0,1.0,1,1.0,1,1.0,1,0.07681109607837941,68
3713,2,7565,2848,4717,0,0,0,1.0,1,1.0,1,1.0,1,0.09674465458050006,68
3714,0,7565,2848,4717,0,0,0,1.0,1,1.0,1,1.0,1,0.11111980149202842,67
3715,2,7567,2849,4718,0,0,0,1.0,1,1.0,1,1.0,1,0.1109112224660554,68
3716,0,7567,2849,4718,0,0,0,1.0,1,1.0,1,1.0,1,0.11844109173542884,67
3717,3,7570,2849,4721,0,0,0,1.0,1,1.0,1,1.0,1,0.1184900798489805,68
3718,1,7571,2849,4722,0,0,0,1.0,1,1.0,1,1.0,1,0.11530959265849747,68
3719,6,7577,2851,4726,0,0,0,1.0,1,1.0,1,1.0,1,0.16636690353351355,68
3720,2,7579,2851,4728,0,0,0,1.0,1,1.0,1,1.0,1,0.16636690353351355,68
3721,4,7583,2854,4729,0,0,0,1.0,1,1.0,1,1.0,1,0.12758829061379362,70
3722,1,7584,2854,4730,0,0,0,1.0,1,1.0,1,1.0,1,0.1260982941083051,71
3723,3,7587,2856,4731,0,0,0,1.0,1,1.0,1,1.0,1,0.13549287655376557,71
3724,2,7589,2856,4733,0,0,0,1.0,1,1.0,1,1.0,1,0.12582258386801815,72
3725,2,7591,2858,4733,0,0,0,1.0,1,1.0,1,1.0,1,0.14518712409237564,72
3726,2,7593,2858,4735,0,0,0,1.0,1,1.0,1,1.0,1,0.13091401340055156,71
3727,0,7593,2858,4735,0,0,0,1.0,1,1.0,1,1.0,1,0.13091401340055156,71
3728,2,7595,2858,4737,0,0,0,1.0,1,1.0,1,1.0,1,0.12419845051884106,70
3729,1,7596,2858,4738,0,0,0,1.0,1,1.0,1,1.0,1,0.11586603917350552,70
3730,2,7598,2859,4739,0,0,0,1.0,1,1.0,1,1.0,1,0.14282442198814616,71
3731,0,7598,2859,4739,0,0,0,1.0,1,1.0,1,1.0,1,0.14282442198814616,71
3732,0,7598,2859,4739,0,0,0,1.0,1,1.0,1,1.0,1,0.13678885641354857,72
3733,3,7601,2860,4741,0,0,0,1.0,1,1.0,1,1.0,1,0.14256675470896152,73
3734,3,7604,2861,4743,0,0,0,1.0,1,1.0,1,1.0,1,0.16123150002797562,74
3735,2,7606,2862,4744,0,0,0,1.0,1,1.0,1,1.0,1,0.15514658624183209,72
3736,1,7607,2862,4745,0,0,0,1.0,1,1.0,1,1.0,1,0.13673893509893467,72
3737,6,7613,2862,4751,0,0,0,1.0,1,1.0,1,1.0,1,0.08716460589066792,73
3738,1,7614,2862,4752,0,0,0,1.0,1,1.0,1,1.0,1,0.10357910820023684,72
3739,0,7614,2862,4752,0,0,0,1.0,1,1.0,1,1.0,1,0.10713270315212114,73
3740,0,7614,2862,4752,0,0,0,1.0,1,1.0,1,1.0,1,0.12997067190811695,70
3741,4,7618,2862,4756,0,0,0,1.0,1,1.0,1,1.0,1,0.08985818888501469,70
3742,1,7619,2863,4756,0,0,0,1.0,1,1.0,1,1.0,1,0.09804969634456139,70
3743,2,7621,2863,4758,0,0,0,1.0,1,1.0,1,1.0,1,0.10874502220832175,69
3744,6,7627,2867,4760,0,0,0,1.0,1,1.0,1,1.0,1,0.17361442893110474,69
3745,6,7633,2868,4765,0,0,0,1.0,1,1.0,1,1.0,1,0.09731599136616434,68
3746,3,7636,2868,4768,0,0,0,1.0,1,1.0,1,1.0,1,0.10922731707646975,66
3747,1,7637,2868,4769,0,0,0,1.0,1,1.0,1,1.0,1,0.10583092636029878,66
3748,1,7638,2868,4770,0,0,0,1.0,1,1.0,1,1.0,1,0.09776185106436569,65
3749,2,7640,2869,4771,0,0,0,1.0,1,1.0,1,1.0,1,0.09708052192870924,64
3750,0,7640,2869,4771,0,0,0,1.0,1,1.0,1,1.0,1,0.10759177380687919,63
3751,1,7641,2869,4772,0,0,0,1.0,1,1.0,1,1.0,1,0.08929897377732067,64
3752,2,7643,2871,4772,0,0,0,1.0,1,1.0,1,1.0,1,0.11292876780342061,64
3753,7,7650,2872,4778,0,0,0,1.0,1,1.0,1,1.0,1,0.06627335893197694,65
3754,6,7656,2876,4780,0,0,0,1.0,1,1.0,1,1.0,1,0.10733466529763451,65
3755,4,7660,2877,4783,0,0,0,1.0,1,1.0,1,1.0,1,0.12858362629158968,65
3756,6,7666,2878,4788,0,0,0,1.0,1,1.0,1,1.0,1,0.1506948632070127,65
3757,6,7672,2880,4792,0,0,0,1.0,1,1.0,1,1.0,1,0.10876615450741754,65
3758,0,7672,2880,4792,0,0,0,1.0,1,1.0,1,1.0,1,0.11417300987004875,64
3759,1,7673,2881,4792,0,0,0,1.0,1,1.0,1,1.0,1,0.11716206813009507,64
3760,1,7674,2881,4793,0,0,0,1.0,1,1.0,1,1.0,1,0.15562959317231653,63
3761,4,7678,2881,4797,0,0,0,1.0,1,1.0,1,1.0,1,0.11585274826567088,63
3762,2,7680,2881,4799,0,0,0,1.0,1,1.0,1,1.0,1,0.10512030747611004,65
3763,2,7682,2882,4800,0,0,0,1.0,1,1.0,1,1.0,1,0.118949348062887,65
3764,1,7683,2882,4801,0,0,0,1.0,1,1.0,1,1.0,1,0.12139547642032625,66
3765,1,7684,2882,4802,0,0,0,1.0,1,1.0,1,1.0,1,0.12383731726797338,67
3766,3,7687,2883,4804,0,0,0,1.0,1,1.0,1,1.0,1,0.1387279178753012,67
3767,3,7690,2884,4806,0,0,0,1.0,1,1.0,1,1.0,1,0.12343622053044523,68
3768,4,7694,2886,4808,0,0,0,1.0,1,1.0,1,1.0,1,0.1675862558631009,67
3769,3,7697,2886,4811,0,0,0,1.0,1,1.0,1,1.0,1,0.13704712001869992,69
3770,0,7697,2886,4811,0,0,0,1.0,1,1.0,1,1.0,1,0.13704712001869992,69
3771,2,7699,2886,4813,0,0,0,1.0,1,1.0,1,1.0,1,0.12610953297278515,69
3772,1,7700,2886,4814,0,0,0,1.0,1,1.0,1,1.0,1,0.130115214960292,70
3773,3,7703,2886,4817,0,0,0,1.0,1,1.0,1,1.0,1,0.11453932423917881,68
3774,0,7703,2886,4817,0,0,0,1.0,1,1.0,1,1.0,1,0.12096510727479921,68
3775,2,7705,2887,4818,0,0,0,1.0,1,1.0,1,1.0,1,0.1470981252256197,68
3776,1,7706,2888,4818,0,0,0,1.0,1,1.0,1,1.0,1,0.1575759517566847,66
3777,4,7710,2889,4821,0,0,0,1.0,1,1.0,1,1.0,1,0.11469767033601681,65
3778,1,7711,2889,4822,0,0,0,1.0,1,1.0,1,1.0,1,0.10124247793599928,65
3779,3,7714,2891,4823,0,0,0,1.0,1,1.0,1,1.0,1,0.11202851619299299,65
3780,2,7716,2892,4824,0,0,0,1.0,1,1.0,1,1.0,1,0.11449543101231217,64
3781,2,7718,2892,4826,0,0,0,1.0,1,1.0,1,1.0,1,0.0884667227456641,64
3782,1,7719,2892,4827,0,0,0,1.0,1,1.0,1,1.0,1,0.08472028676785277,67
3783,2,7721,2894,4827,0,0,0,1.0,1,1.0,1,1.0,1,0.09426351352976935,65
3784,0,7721,2894,4827,0,0,0,1.0,1,1.0,1,1.0,1,0.09411812013333784,65
3785,4,7725,2895,4830,0,0,0,1.0,1,1.0,1,1.0,1,0.09875013792150622,63
3786,1,7726,2895,4831,0,0,0,1.0,1,1.0,1,1.0,1,0.10299240954223807,66
3787,3,7729,2896,4833,0,0,0,1.0,1,1.0,1,1.0,1,0.09471034154294854,65
3788,3,7732,2897,4835,0,0,0,1.0,1,1.0,1,1.0,1,0.0871724184529567,65
3789,3,7735,2898,4837,0,0,0,1.0,1,1.0,1,1.0,1,0.09081983776142818,65
3790,4,7739,2899,4840,0,0,0,1.0,1,1.0,1,1.0,1,0.1214033177879847,64
3791,4,7743,2900,4843,0,0,0,1.0,1,1.0,1,1.0,1,0.15295796239149503,64
3792,5,7748,2901,4847,0,0,0,1.0,1,1.0,1,1.0,1,0.1623499555083531,65
3793,6,7754,2902,4852,0,0,0,1.0,1,1.0,1,1.0,1,0.122120522276823,68
3794,2,7756,2903,4853,0,0,0,1.0,1,1.0,1,1.0,1,0.1482888984279429,68
3795,3,7759,2904,4855,0,0,0,1.0,1,1.0,1,1.0,1,0.1590505168829934,69
3796,1,7760,2904,4856,0,0,0,1.0,1,1.0,1,1.0,1,0.15686632760489808,69
3797,2,7762,2904,4858,0,0,0,1.0,1,1.0,1,1.0,1,0.15614895901052403,70
3798,3,7765,2904,4861,0,0,0,1.0,1,1.0,1,1.0,1,0.13578078227970575,70
3799,1,7766,2904,4862,0,0,0,1.0,1,1.0,1,1.0,1,0.1409207155990197,69
3800,1,7767,2904,4863,0,0,0,1.0,1,1.0,1,1.0,1,0.133811115589692,69
3801,1,7768,2904,4864,0,0,0,1.0,1,1.0,1,1.0,1,0.1338944148440347,67
3802,0,7768,2904,4864,0,0,0,1.0,1,1.0,1,1.0,1,0.1338944148440347,67
3803,2,7770,2904,4866,0,0,0,1.0,1,1.0,1,1.0,1,0.12864563747190294,69
3804,1,7771,2904,4867,0,0,0,1.0,1,1.0,1,1.0,1,0.11673990021360729,70
3805,3,7774,2904,4870,0,0,0,1.0,1,1.0,1,1.0,1,0.1039359571598815,71
3806,1,7775,2905,4870,0,0,0,1.0,1,1.0,1,1.0,1,0.10195808755921323,71
3807,1,7776,2906,4870,0,0,0,1.0,1,1.0,1,1.0,1,0.11384766242939681,72
3808,0,7776,2906,4870,0,0,0,1.0,1,1.0,1,1.0,1,0.11384766242939681,72
3809,3,7779,2907,4872,0,0,0,1.0,1,1.0,1,1.0,1,0.11240242827681088,72
3810,1,7780,2908,4872,0,0,0,1.0,1,1.0,1,1.0,1,0.12481070248842115,72
3811,0,7780,2908,4872,0,0,0,1.0,1,1.0,1,1.0,1,0.12781465714865498,71
3812,0,7780,2908,4872,0,0,0,1.0,1,1.0,1,1.0,1,0.12968947179060758,72
3813,5,7785,2909,4876,0,0,0,1.0,1,1.0,1,1.0,1,0.14256335908679016,71
3814,4,7789,2911,4878,0,0,0,1.0,1,1.0,1,1.0,1,0.17158660996724737,72
3815,3,7792,2912,4880,0,0,0,1.0,1,1.0,1,1.0,1,0.15944711327916572,71
3816,0,7792,2912,4880,0,0,0,1.0,1,1.0,1,1.0,1,0.14442063352443393,69
3817,5,7797,2912,4885,0,0,0,1.0,1,1.0,1,1.0,1,0.13826316575872272,72
3818,1,7798,2912,4886,0,0,0,1.0,1,1.0,1,1.0,1,0.12380989455661123,72
3819,1,7799,2913,4886,0,0,0,1.0,1,1.0,1,1.0,1,0.13317092425152788,72
3820,1,7800,2914,4886,0,0,0,1.0,1,1.0,1,1.0,1,0.15714495955682023,72
3821,3,7803,2916,4887,0,0,0,1.0,1,1.0,1,1.0,1,0.19234841012514176,72
3822,2,7805,2917,4888,0,0,0,1.0,1,1.0,1,1.0,1,0.1711900619216432,69
3823,2,7807,2919,4888,0,0,0,1.0,1,1.0,1,1.0,1,0.16835755420613838,69
3824,3,7810,2920,4890,0,0,0,1.0,1,1.0,1,1.0,1,0.17733665131795964,65
3825,3,7813,2920,4893,0,0,0,1.0,1,1.0,1,1.0,1,0.14707392764078223,64
3826,2,7815,2920,4895,0,0,0,1.0,1,1.0,1,1.0,1,0.15842404001206264,65
3827,4,7819,2921,4898,0,0,0,1.0,1,1.0,1,1.0,1,0.1607503452559188,64
3828,2,7821,2921,4900,0,0,0,1.0,1,1.0,1,1.0,1,0.14767209873476778,65
3829,4,7825,2923,4902,0,0,0,1.0,1,1.0,1,1.0,1,0.1427832689456469,65
3830,1,7826,2923,4903,0,0,0,1.0,1,1.0,1,1.0,1,0.13555648736281423,64
3831,5,7831,2926,4905,0,0,0,1.0,1,1.0,1,1.0,1,0.15027024526701058,63
3832,5,7836,2927,4909,0,0,0,1.0,1,1.0,1,1.0,1,0.15648856381785642,64
3833,3,7839,2927,4912,0,0,0,1.0,1,1.0,1,1.0,1,0.11505732941937932,64
3834,2,7841,2929,4912,0,0,0,1.0,1,1.0,1,1.0,1,0.1503036422736904,63
3835,1,7842,2930,4912,0,0,0,1.0,1,1.0,1,1.0,1,0.16065873492501273,63
3836,3,7845,2933,4912,0,0,0,1.0,1,1.0,1,1.0,1,0.1979308502483592,63
3837,7,7852,2935,4917,0,0,0,1.0,1,1.0,1,1.0,1,0.16393730031986042,62
3838,4,7856,2936,4920,0,0,0,1.0,1,1.0,1,1.0,1,0.16816323769041355,62
3839,5,7861,2937,4924,0,0,0,1.0,1,1.0,1,1.0,1,0.21478237146842646,60
3840,6,7867,2938,4929,0,0,0,1.0,1,1.0,1,1.0,1,0.2282535129971947,62
3841,8,7875,2939,4936,0,0,0,1.0,1,1.0,1,1.0,1,0.20492944216047526,62
3842,2,7877,2939,4938,0,0,0,1.0,1,1.0,1,1.0,1,0.1804744831628266,63
3843,0,7877,2939,4938,0,0,0,1.0,1,1.0,1,1.0,1,0.18093677357050994,64
3844,5,7882,2939,4943,0,0,0,1.0,1,1.0,1,1.0,1,0.16528899701127878,65
3845,3,7885,2939,4946,0,0,0,1.0,1,1.0,1,1.0,1,0.13374418207105257,66
3846,1,7886,2939,4947,0,0,0,1.0,1,1.0,1,1.0,1,0.14758543962829992,67
3847,1,7887,2939,4948,0,0,0,1.0,1,1.0,1,1.0,1,0.13891395100075826,67
3848,1,7888,2940,4948,0,0,0,1.0,1,1.0,1,1.0,1,0.13501463986999135,67
3849,6,7894,2941,4953,0,0,0,1.0,1,1.0,1,1.0,1,0.13501291093122336,67
3850,6,7900,2944,4956,0,0,0,1.0,1,1.0,1,1.0,1,0.1430382189392299,68
3851,3,7903,2944,4959,0,0,0,1.0,1,1.0,1,1.0,1,0.13469987837414488,68
3852,7,7910,2945,4965,0,0,0,1.0,1,1.0,1,1.0,1,0.13011131422192215,70
3853,2,7912,2945,4967,0,0,0,1.0,1,1.0,1,1.0,1,0.11791574369806222,70
3854,2,7914,2945,4969,0,0,0,1.0,1,1.0,1,1.0,1,0.10599141641326268,70
3855,0,7914,2945,4969,0,0,0,1.0,1,1.0,1,1.0,1,0.11293231146780548,69
3856,0,7914,2945,4969,0,0,0,1.0,1,1.0,1,1.0,1,0.11944259470862575,70
3857,3,7917,2947,4970,0,0,0,1.0,1,1.0,1,1.0,1,0.14534581639068975,68
3858,3,7920,2949,4971,0,0,0,1.0,1,1.0,1,1.0,1,0.1577630048372916,67
3859,1,7921,2949,4972,0,0,0,1.0,1,1.0,1,1.0,1,0.16354648824293722,66
3860,2,7923,2949,4974,0,0,0,1.0,1,1.0,1,1.0,1,0.1553979035374241,66
3861,4,7927,2950,4977,0,0,0,1.0,1,1.0,1,1.0,1,0.1458959445363188,66
3862,4,7931,2952,4979,0,0,0,1.0,1,1.0,1,1.0,1,0.15394027804700014,66
3863,1,7932,2952,4980,0,0,0,1.0,1,1.0,1,1.0,1,0.14045746150386076,63
3864,1,7933,2953,4980,0,0,0,1.0,1,1.0,1,1.0,1,0.13467343496716452,63
3865,1,7934,2953,4981,0,0,0,1.0,1,1.0,1,1.0,1,0.13136666386432416,61
3866,1,7935,2954,4981,0,0,0,1.0,1,1.0,1,1.0,1,0.1257170002031167,61
3867,2,7937,2956,4981,0,0,0,1.0,1,1.0,1,1.0,1,0.12546641948842438,60
3868,2,7939,2958,4981,0,0,0,1.0,1,1.0,1,1.0,1,0.14156326202927974,59
3869,4,7943,2959,4984,0,0,0,1.0,1,1.0,1,1.0,1,0.11363164844776097,61
3870,3,7946,2959,4987,0,0,0,1.0,1,1.0,1,1.0,1,0.0959054788531007,61
3871,2,7948,2959,4989,0,0,0,1.0,1,1.0,1,1.0,1,0.10898709486911916,64
3872,1,7949,2959,4990,0,0,0,1.0,1,1.0,1,1.0,1,0.09694064363978962,63
3873,3,7952,2959,4993,0,0,0,1.0,1,1.0,1,1.0,1,0.08069707508740581,62
3874,1,7953,2960,4993,0,0,0,1.0,1,1.0,1,1.0,1,0.10349335358115273,63
3875,1,7954,2961,4993,0,0,0,1.0,1,1.0,1,1.0,1,0.08561278086200708,61
3876,0,7954,2961,4993,0,0,0,1.0,1,1.0,1,1.0,1,0.08383361117716988,62
3877,1,7955,2961,4994,0,0,0,1.0,1,1.0,1,1.0,1,0.09150780236901224,63
3878,0,7955,2961,4994,0,0,0,1.0,1,1.0,1,1.0,1,0.09150780236901224,63
3879,1,7956,2962,4994,0,0,0,1.0,1,1.0,1,1.0,1,0.1025755720549333,63
3880,1,7957,2963,4994,0,0,0,1.0,1,1.0,1,1.0,1,0.11208133903386151,65
3881,2,7959,2964,4995,0,0,0,1.0,1,1.0,1,1.0,1,0.1132674514755179,65
3882,3,7962,2965,4997,0,0,0,1.0,1,1.0,1,1.0,1,0.1071884082921919,66
3883,0,7962,2965,4997,0,0,0,1.0,1,1.0,1,1.0,1,0.1071884082921919,66
3884,0,7962,2965,4997,0,0,0,1.0,1,1.0,1,1.0,1,0.1071884082921919,66
3885,5,7967,2969,4998,0,0,0,1.0,1,1.0,1,1.0,1,0.13306763594925575,66
3886,3,7970,2971,4999,0,0,0,1.0,1,1.0,1,1.0,1,0.14992091366635582,65
3887,1,7971,2971,5000,0,0,0,1.0,1,1.0,1,1.0,1,0.1240395843938807,65
3888,0,7971,2971,5000,0,0,0,1.0,1,1.0,1,1.0,1,0.13648545507294366,66
3889,3,7974,2971,5003,0,0,0,1.0,1,1.0,1,1.0,1,0.10704323446659991,64
3890,1,7975,2972,5003,0,0,0,1.0,1,1.0,1,1.0,1,0.1121936203969673,63
3891,2,7977,2972,5005,0,0,0,1.0,1,1.0,1,1.0,1,0.10038414855622657,66
3892,5,7982,2972,5010,0,0,0,1.0,1,1.0,1,1.0,1,0.07732858311343177,67
3893,2,7984,2972,5012,0,0,0,1.0,1,1.0,1,1.0,1,0.06809676215656474,66
3894,0,7984,2972,5012,0,0,0,1.0,1,1.0,1,1.0,1,0.08255101303446652,67
3895,0,7984,2972,5012,0,0,0,1.0,1,1.0,1,1.0,1,0.09224594003435534,66
3896,0,7984,2972,5012,0,0,0,1.0,1,1.0,1,1.0,1,0.09224594003435534,66
3897,1,7985,2973,5012,0,0,0,1.0,1,1.0,1,1.0,1,0.10373332074159904,65
3898,5,7990,2977,5013,0,0,0,1.0,1,1.0,1,1.0,1,0.1527828280761841,65
3899,2,7992,2979,5013,0,0,0,1.0,1,1.0,1,1.0,1,0.16026607227492273,64
3900,3,7995,2980,5015,0,0,0,1.0,1,1.0,1,1.0,1,0.15323326139766513,63
3901,6,8001,2982,5019,0,0,0,1.0,1,1.0,1,1.0,1,0.14872034306375073,63
3902,2,8003,2982,5021,0,0,0,1.0,1,1.0,1,1.0,1,0.14446505838038085,64
3903,2,8005,2984,5021,0,0,0,1.0,1,1.0,1,1.0,1,0.132499250212165,64
3904,1,8006,2985,5021,0,0,0,1.0,1,1.0,1,1.0,1,0.13527177499733947,63
3905,2,8008,2985,5023,0,0,0,1.0,1,1.0,1,1.0,1,0.11663389526634946,63
3906,3,8011,2988,5023,0,0,0,1.0,1,1.0,1,1.0,1,0.12230773760255735,64
3907,4,8015,2989,5026,0,0,0,1.0,1,1.0,1,1.0,1,0.12439324793799666,64
3908,2,8017,2989,5028,0,0,0,1.0,1,1.0,1,1.0,1,0.10800823276461101,63
3909,2,8019,2989,5030,0,0,0,1.0,1,1.0,1,1.0,1,0.10457599225270653,62
3910,2,8021,2989,5032,0,0,0,1.0,1,1.0,1,1.0,1,0.10765336244504498,62
3911,6,8027,2992,5035,0,0,0,1.0,1,1.0,1,1.0,1,0.15044324446577195,64
3912,8,8035,2993,5042,0,0,0,1.0,1,1.0,1,1.0,1,0.1373002500679598,64
3913,2,8037,2993,5044,0,0,0,1.0,1,1.0,1,1.0,1,0.1179760757630303,65
3914,2,8039,2993,5046,0,0,0,1.0,1,1.0,1,1.0,1,0.10376036354904639,65
3915,0,8039,2993,5046,0,0,0,1.0,1,1.0,1,1.0,1,0.09441556245333071,66
3916,0,8039,2993,5046,0,0,0,1.0,1,1.0,1,1.0,1,0.09441556245333071,66
3917,0,8039,2993,5046,0,0,0,1.0,1,1.0,1,1.0,1,0.09441556245333071,66
3918,0,8039,2993,5046,0,0,0,1.0,1,1.0,1,1.0,1,0.09625771258739654,67
3919,1,8040,2994,5046,0,0,0,1.0,1,1.0,1,1.0,1,0.11200329376809547,68
3920,2,8042,2995,5047,0,0,0,1.0,1,1.0,1,1.0,1,0.09549033426817834,69
3921,4,8046,2996,5050,0,0,0,1.0,1,1.0,1,1.0,1,0.09446016617103313,68
3922,3,8049,2999,5050,0,0,0,1.0,1,1.0,1,1.0,1,0.13369919772348693,68
3923,1,8050,2999,5051,0,0,0,1.0,1,1.0,1,1.0,1,0.13643760451611878,69
3924,1,8051,3000,5051,0,0,0,1.0,1,1.0,1,1.0,1,0.14867550224310339,69
3925,3,8054,3002,5052,0,0,0,1.0,1,1.0,1,1.0,1,0.13820105962525256,67
3926,3,8057,3003,5054,0,0,0,1.0,1,1.0,1,1.0,1,0.14240833234477385,67
3927,1,8058,3003,5055,0,0,0,1.0,1,1.0,1,1.0,1,0.1551397961451018,65
3928,1,8059,3004,5055,0,0,0,1.0,1,1.0,1,1.0,1,0.17568737235716128,65
3929,3,8062,3005,5057,0,0,0,1.0,1,1.0,1,1.0,1,0.15331672054438478,64
3930,1,8063,3005,5058,0,0,0,1.0,1,1.0,1,1.0,1,0.15859415337153962,64
3931,0,8063,3005,5058,0,0,0,1.0,1,1.0,1,1.0,1,0.17087365646991454,62
3932,0,8063,3005,5058,0,0,0,1.0,1,1.0,1,1.0,1,0.17087365646991454,62
3933,4,8067,3005,5062,0,0,0,1.0,1,1.0,1,1.0,1,0.1313208876460693,62
3934,0,8067,3005,5062,0,0,0,1.0,1,1.0,1,1.0,1,0.1303250672832397,61
3935,2,8069,3005,5064,0,0,0,1.0,1,1.0,1,1.0,1,0.13625652244310202,64
3936,0,8069,3005,5064,0,0,0,1.0,1,1.0,1,1.0,1,0.1455459505612445,65
3937,1,8070,3005,5065,0,0,0,1.0,1,1.0,1,1.0,1,0.14676844151134552,66
3938,3,8073,3007,5066,0,0,0,1.0,1,1.0,1,1.0,1,0.16211065010920697,66
3939,0,8073,3007,5066,0,0,0,1.0,1,1.0,1,1.0,1,0.15867168947255694,67
3940,2,8075,3007,5068,0,0,0,1.0,1,1.0,1,1.0,1,0.12864849360886063,69
3941,3,8078,3007,5071,0,0,0,1.0,1,1.0,1,1.0,1,0.0894238543396047,69
3942,0,8078,3007,5071,0,0,0,1.0,1,1.0,1,1.0,1,0.0894238543396047,69
3943,3,8081,3009,5072,0,0,0,1.0,1,1.0,1,1.0,1,0.10386226859231408,68
3944,0,8081,3009,5072,0,0,0,1.0,1,1.0,1,1.0,1,0.11868024463716564,68
3945,7,8088,3014,5074,0,0,0,1.0,1,1.0,1,1.0,1,0.14165723599620353,67
3946,6,8094,3016,5078,0,0,0,1.0,1,1.0,1,1.0,1,0.15447124744545304,67
3947,3,8097,3016,5081,0,0,0,1.0,1,1.0,1,1.0,1,0.15251626352738246,66
3948,2,8099,3017,5082,0,0,0,1.0,1,1.0,1,1.0,1,0.14837409095347337,67
3949,6,8105,3019,5086,0,0,0,1.0,1,1.0,1,1.0,1,0.17826480952998003,66
3950,4,8109,3020,5089,0,0,0,1.0,1,1.0,1,1.0,1,0.1984052513573862,65
3951,5,8114,3020,5094,0,0,0,1.0,1,1.0,1,1.0,1,0.18007947329619828,65
3952,4,8118,3022,5096,0,0,0,1.0,1,1.0,1,1.0,1,0.17227665605402523,65
3953,5,8123,3023,5100,0,0,0,1.0,1,1.0,1,1.0,1,0.14275208635355033,65
3954,2,8125,3024,5101,0,0,0,1.0,1,1.0,1,1.0,1,0.14642901308518144,64
3955,0,8125,3024,5101,0,0,0,1.0,1,1.0,1,1.0,1,0.16863874744084079,64
3956,2,8127,3024,5103,0,0,0,1.0,1,1.0,1,1.0,1,0.16035989343272797,63
3957,2,8129,3025,5104,0,0,0,1.0,1,1.0,1,1.0,1,0.14096487255495915,63
3958,0,8129,3025,5104,0,0,0,1.0,1,1.0,1,1.0,1,0.15908336294744652,63
3959,1,8130,3026,5104,0,0,0,1.0,1,1.0,1,1.0,1,0.15786063967367953,62
3960,0,8130,3026,5104,0,0,0,1.0,1,1.0,1,1.0,1,0.15786063967367953,62
3961,5,8135,3028,5107,0,0,0,1.0,1,1.0,1,1.0,1,0.13115991325949064,64
3962,0,8135,3028,5107,0,0,0,1.0,1,1.0,1,1.0,1,0.13115991325949064,64
3963,3,8138,3029,5109,0,0,0,1.0,1,1.0,1,1.0,1,0.12672115384336938,62
3964,4,8142,3032,5110,0,0,0,1.0,1,1.0,1,1.0,1,0.15754648011078923,63
3965,1,8143,3032,5111,0,0,0,1.0,1,1.0,1,1.0,1,0.1397117554606365,63
3966,2,8145,3033,5112,0,0,0,1.0,1,1.0,1,1.0,1,0.1453283535088036,62
3967,3,8148,3033,5115,0,0,0,1.0,1,1.0,1,1.0,1,0.13673386473971222,64
3968,2,8150,3034,5116,0,0,0,1.0,1,1.0,1,1.0,1,0.14179113210635638,63
3969,4,8154,3035,5119,0,0,0,1.0,1,1.0,1,1.0,1,0.13597192042704576,63
3970,3,8157,3035,5122,0,0,0,1.0,1,1.0,1,1.0,1,0.11276760006343844,65
3971,1,8158,3035,5123,0,0,0,1.0,1,1.0,1,1.0,1,0.11228584737234926,65
3972,4,8162,3036,5126,0,0,0,1.0,1,1.0,1,1.0,1,0.10400725238805103,66
3973,0,8162,3036,5126,0,0,0,1.0,1,1.0,1,1.0,1,0.10400725238805103,66
3974,2,8164,3038,5126,0,0,0,1.0,1,1.0,1,1.0,1,0.1313990108570894,66
3975,1,8165,3039,5126,0,0,0,1.0,1,1.0,1,1.0,1,0.12814216960034708,66
3976,5,8170,3042,5128,0,0,0,1.0,1,1.0,1,1.0,1,0.1558561686889412,66
3977,4,8174,3043,5131,0,0,0,1.0,1,1.0,1,1.0,1,0.1159554922452461,64
3978,1,8175,3044,5131,0,0,0,1.0,1,1.0,1,1.0,1,0.14655645372908316,63
3979,1,8176,3044,5132,0,0,0,1.0,1,1.0,1,1.0,1,0.15510639488748007,63
3980,1,8177,3045,5132,0,0,0,1.0,1,1.0,1,1.0,1,0.15329718736271253,63
3981,5,8182,3046,5136,0,0,0,1.0,1,1.0,1,1.0,1,0.1296400537143631,64
3982,0,8182,3046,5136,0,0,0,1.0,1,1.0,1,1.0,1,0.12846523121676573,65
3983,4,8186,3048,5138,0,0,0,1.0,1,1.0,1,1.0,1,0.11085862808507581,64
3984,3,8189,3050,5139,0,0,0,1.0,1,1.0,1,1.0,1,0.10999441879259252,65
3985,4,8193,3052,5141,0,0,0,1.0,1,1.0,1,1.0,1,0.10092467120390781,64
3986,0,8193,3052,5141,0,0,0,1.0,1,1.0,1,1.0,1,0.1023117134435784,63
3987,2,8195,3053,5142,0,0,0,1.0,1,1.0,1,1.0,1,0.12783908856476034,63
3988,3,8198,3055,5143,0,0,0,1.0,1,1.0,1,1.0,1,0.16798771889579772,63
3989,7,8205,3056,5149,0,0,0,1.0,1,1.0,1,1.0,1,0.13286117899969255,63
3990,0,8205,3056,5149,0,0,0,1.0,1,1.0,1,1.0,1,0.14797943027759655,62
3991,1,8206,3056,5150,0,0,0,1.0,1,1.0,1,1.0,1,0.13157529550583805,62
3992,1,8207,3056,5151,0,0,0,1.0,1,1.0,1,1.0,1,0.11835441659728962,65
3993,3,8210,3057,5153,0,0,0,1.0,1,1.0,1,1.0,1,0.11457312122625374,65
3994,0,8210,3057,5153,0,0,0,1.0,1,1.0,1,1.0,1,0.12012002374301933,64
3995,2,8212,3057,5155,0,0,0,1.0,1,1.0,1,1.0,1,0.08365116846113074,64
3996,2,8214,3057,5157,0,0,0,1.0,1,1.0,1,1.0,1,0.0941011268279747,67
3997,2,8216,3057,5159,0,0,0,1.0,1,1.0,1,1.0,1,0.09160125114282354,69
3998,2,8218,3058,5160,0,0,0,1.0,1,1.0,1,1.0,1,0.09424520718225868,69
3999,0,8218,3058,5160,0,0,0,1.0,1,1.0,1,1.0,1,0.09424520718225868,69
4000,2,8220,3058,5162,0,0,0,1.0,1,1.0,1,1.0,1,0.09800698513729542,69
4001,2,8222,3058,5164,0,0,0,1.0,1,1.0,1,1.0,1,0.08158044887468312,68
4002,4,8226,3060,5166,0,0,0,1.0,1,1.0,1,1.0,1,0.11104434261495126,68
4003,6,8232,3061,5171,0,0,0,1.0,1,1.0,1,1.0,1,0.13725799495912716,68
4004,3,8235,3063,5172,0,0,0,1.0,1,1.0,1,1.0,1,0.1427839876485372,67
4005,3,8238,3063,5175,0,0,0,1.0,1,1.0,1,1.0,1,0.10269362712107961,67
4006,3,8241,3066,5175,0,0,0,1.0,1,1.0,1,1.0,1,0.12366768863638669,67
4007,2,8243,3067,5176,0,0,0,1.0,1,1.0,1,1.0,1,0.1263489923310339,67
4008,4,8247,3068,5179,0,0,0,1.0,1,1.0,1,1.0,1,0.11247188256043529,67
4009,2,8249,3068,5181,0,0,0,1.0,1,1.0,1,1.0,1,0.09135815810016074,67
4010,1,8250,3068,5182,0,0,0,1.0,1,1.0,1,1.0,1,0.11182646962338802,66
4011,1,8251,3069,5182,0,0,0,1.0,1,1.0,1,1.0,1,0.12239086193976415,66
4012,2,8253,3070,5183,0,0,0,1.0,1,1.0,1,1.0,1,0.15198361868360188,66
4013,2,8255,3070,5185,0,0,0,1.0,1,1.0,1,1.0,1,0.12826820267973402,66
4014,4,8259,3073,5186,0,0,0,1.0,1,1.0,1,1.0,1,0.1267027665150865,66
4015,0,8259,3073,5186,0,0,0,1.0,1,1.0,1,1.0,1,0.1480099840573742,64
4016,0,8259,3073,5186,0,0,0,1.0,1,1.0,1,1.0,1,0.17867489346397625,64
4017,2,8261,3073,5188,0,0,0,1.0,1,1.0,1,1.0,1,0.14501031402729006,66
4018,2,8263,3073,5190,0,0,0,1.0,1,1.0,1,1.0,1,0.16839448732076565,67
4019,1,8264,3074,5190,0,0,0,1.0,1,1.0,1,1.0,1,0.18194088480790288,67
4020,0,8264,3074,5190,0,0,0,1.0,1,1.0,1,1.0,1,0.20277727810543977,66
4021,7,8271,3076,5195,0,0,0,1.0,1,1.0,1,1.0,1,0.17737764553597912,66
4022,2,8273,3076,5197,0,0,0,1.0,1,1.0,1,1.0,1,0.17737764553597912,66
4023,5,8278,3078,5200,0,0,0,1.0,1,1.0,1,1.0,1,0.17933993565690412,66
4024,3,8281,3079,5202,0,0,0,1.0,1,1.0,1,1.0,1,0.1857076540766558,66
4025,6,8287,3080,5207,0,0,0,1.0,1,1.0,1,1.0,1,0.1346941053689355,66
4026,3,8290,3082,5208,0,0,0,1.0,1,1.0,1,1.0,1,0.15509154536424263,66
4027,1,8291,3083,5208,0,0,0,1.0,1,1.0,1,1.0,1,0.13631588112865514,64
4028,7,8298,3087,5211,0,0,0,1.0,1,1.0,1,1.0,1,0.15149187518375015,63
4029,2,8300,3088,5212,0,0,0,1.0,1,1.0,1,1.0,1,0.13953549733271708,62
4030,1,8301,3088,5213,0,0,0,1.0,1,1.0,1,1.0,1,0.1353699215714848,63
4031,2,8303,3089,5214,0,0,0,1.0,1,1.0,1,1.0,1,0.13718462226252773,62
4032,3,8306,3092,5214,0,0,0,1.0,1,1.0,1,1.0,1,0.17745380588363702,62
4033,4,8310,3093,5217,0,0,0,1.0,1,1.0,1,1.0,1,0.1585788992714775,61
4034,4,8314,3096,5218,0,0,0,1.0,1,1.0,1,1.0,1,0.1538043623612591,60
4035,3,8317,3097,5220,0,0,0,1.0,1,1.0,1,1.0,1,0.15263796569991026,59
4036,1,8318,3097,5221,0,0,0,1.0,1,1.0,1,1.0,1,0.1410242027416323,58
4037,2,8320,3099,5221,0,0,0,1.0,1,1.0,1,1.0,1,0.1400946070367592,59
4038,2,8322,3100,5222,0,0,0,1.0,1,1.0,1,1.0,1,0.1429466886293903,58
4039,2,8324,3102,5222,0,0,0,1.0,1,1.0,1,1.0,1,0.18689000793759877,56
4040,0,8324,3102,5222,0,0,0,1.0,1,1.0,1,1.0,1,0.20739414528396075,55
4041,3,8327,3103,5224,0,0,0,1.0,1,1.0,1,1.0,1,0.19531340866090732,54
4042,1,8328,3104,5224,0,0,0,1.0,1,1.0,1,1.0,1,0.20546853214558902,56
4043,4,8332,3106,5226,0,0,0,1.0,1,1.0,1,1.0,1,0.23571212822434437,56
4044,4,8336,3107,5229,0,0,0,1.0,1,1.0,1,1.0,1,0.2727596885791943,56
4045,6,8342,3109,5233,0,0,0,1.0,1,1.0,1,1.0,1,0.2462301414858085,57
4046,2,8344,3109,5235,0,0,0,1.0,1,1.0,1,1.0,1,0.2661994818999197,59
4047,4,8348,3110,5238,0,0,0,1.0,1,1.0,1,1.0,1,0.27242982071282024,59
4048,1,8349,3110,5239,0,0,0,1.0,1,1.0,1,1.0,1,0.2631699493503522,59
4049,1,8350,3110,5240,0,0,0,1.0,1,1.0,1,1.0,1,0.23347479665050344,60
4050,1,8351,3110,5241,0,0,0,1.0,1,1.0,1,1.0,1,0.22847141962141118,60
4051,1,8352,3110,5242,0,0,0,1.0,1,1.0,1,1.0,1,0.22880215720635688,60
4052,0,8352,3110,5242,0,0,0,1.0,1,1.0,1,1.0,1,0.22880215720635688,60
4053,1,8353,3110,5243,0,0,0,1.0,1,1.0,1,1.0,1,0.21448835296338228,60
4054,2,8355,3111,5244,0,0,0,1.0,1,1.0,1,1.0,1,0.20373990576383205,61
4055,0,8355,3111,5244,0,0,0,1.0,1,1.0,1,1.0,1,0.20373990576383205,61
4056,2,8357,3111,5246,0,0,0,1.0,1,1.0,1,1.0,1,0.1984611131998554,62
4057,0,8357,3111,5246,0,0,0,1.0,1,1.0,1,1.0,1,0.2008370152573901,63
4058,1,8358,3111,5247,0,0,0,1.0,1,1.0,1,1.0,1,0.21143346231642005,64
4059,0,8358,3111,5247,0,0,0,1.0,1,1.0,1,1.0,1,0.2280040361915114,63
4060,0,8358,3111,5247,0,0,0,1.0,1,1.0,1,1.0,1,0.2280040361915114,63
4061,0,8358,3111,5247,0,0,0,1.0,1,1.0,1,1.0,1,0.23183552491336454,63
4062,2,8360,3113,5247,0,0,0,1.0,1,1.0,1,1.0,1,0.24444188049092044,65
4063,2,8362,3113,5249,0,0,0,1.0,1,1.0,1,1.0,1,0.20056038420626957,64
4064,3,8365,3115,5250,0,0,0,1.0,1,1.0,1,1.0,1,0.21278853411337426,65
4065,7,8372,3117,5255,0,0,0,1.0,1,1.0,1,1.0,1,0.15625798791457826,64
4066,2,8374,3118,5256,0,0,0,1.0,1,1.0,1,1.0,1,0.14336971209945812,64
4067,7,8381,3121,5260,0,0,0,1.0,1,1.0,1,1.0,1,0.20074293704808432,63
4068,2,8383,3122,5261,0,0,0,1.0,1,1.0,1,1.0,1,0.20480568283541697,64
4069,11,8394,3124,5270,0,0,0,1.0,1,1.0,1,1.0,1,0.14571764407923815,62
4070,4,8398,3126,5272,0,0,0,1.0,1,1.0,1,1.0,1,0.14502945487331878,61
4071,6,8404,3129,5275,0,0,0,1.0,1,1.0,1,1.0,1,0.17085084204262924,61
4072,8,8412,3132,5280,0,0,0,1.0,1,1.0,1,1.0,1,0.20342141364128816,60
4073,8,8420,3133,5287,0,0,0,1.0,1,1.0,1,1.0,1,0.1316442741592049,60
4074,6,8426,3135,5291,0,0,0,1.0,1,1.0,1,1.0,1,0.1644271799740967,60
4075,2,8428,3135,5293,0,0,0,1.0,1,1.0,1,1.0,1,0.13529545519681135,59
4076,5,8433,3135,5298,0,0,0,1.0,1,1.0,1,1.0,1,0.11942473715491266,60
4077,2,8435,3135,5300,0,0,0,1.0,1,1.0,1,1.0,1,0.10200467940486968,61
4078,0,8435,3135,5300,0,0,0,1.0,1,1.0,1,1.0,1,0.11588647806725003,60
4079,0,8435,3135,5300,0,0,0,1.0,1,1.0,1,1.0,1,0.1442244798594023,58
4080,1,8436,3135,5301,0,0,0,1.0,1,1.0,1,1.0,1,0.13304161005026338,56
4081,2,8438,3136,5302,0,0,0,1.0,1,1.0,1,1.0,1,0.13597687399597866,56
4082,1,8439,3136,5303,0,0,0,1.0,1,1.0,1,1.0,1,0.14237473252676533,55
4083,0,8439,3136,5303,0,0,0,1.0,1,1.0,1,1.0,1,0.14237473252676533,55
4084,1,8440,3137,5303,0,0,0,1.0,1,1.0,1,1.0,1,0.16177277510200694,55
4085,2,8442,3138,5304,0,0,0,1.0,1,1.0,1,1.0,1,0.15685872490569241,56
4086,3,8445,3140,5305,0,0,0,1.0,1,1.0,1,1.0,1,0.13948469844576977,57
4087,2,8447,3142,5305,0,0,0,1.0,1,1.0,1,1.0,1,0.1846397846854372,57
4088,2,8449,3143,5306,0,0,0,1.0,1,1.0,1,1.0,1,0.18297217424652204,57
4089,2,8451,3143,5308,0,0,0,1.0,1,1.0,1,1.0,1,0.19815715775662446,56
4090,2,8453,3144,5309,0,0,0,1.0,1,1.0,1,1.0,1,0.17838520550881076,56
4091,1,8454,3144,5310,0,0,0,1.0,1,1.0,1,1.0,1,0.18564662762847353,56
4092,1,8455,3144,5311,0,0,0,1.0,1,1.0,1,1.0,1,0.16545350568007125,57
4093,5,8460,3145,5315,0,0,0,1.0,1,1.0,1,1.0,1,0.15977539246381872,58
4094,2,8462,3145,5317,0,0,0,1.0,1,1.0,1,1.0,1,0.12316469723841322,57
4095,0,8462,3145,5317,0,0,0,1.0,1,1.0,1,1.0,1,0.12316469723841322,57
4096,1,8463,3145,5318,0,0,0,1.0,1,1.0,1,1.0,1,0.11088274620878305,59
4097,0,8463,3145,5318,0,0,0,1.0,1,1.0,1,1.0,1,0.11088274620878305,59
4098,1,8464,3146,5318,0,0,0,1.0,1,1.0,1,1.0,1,0.10885844159666756,59
4099,2,8466,3148,5318,0,0,0,1.0,1,1.0,1,1.0,1,0.113385415905502,60
4100,2,8468,3149,5319,0,0,0,1.0,1,1.0,1,1.0,1,0.11617326438518161,60
4101,6,8474,3151,5323,0,0,0,1.0,1,1.0,1,1.0,1,0.0837081357131193,60
4102,6,8480,3157,5323,0,0,0,1.0,1,1.0,1,1.0,1,0.12964286403519207,60
4103,1,8481,3158,5323,0,0,0,1.0,1,1.0,1,1.0,1,0.15142628328158736,58
4104,3,8484,3159,5325,0,0,0,1.0,1,1.0,1,1.0,1,0.11900497377913136,60
4105,1,8485,3160,5325,0,0,0,1.0,1,1.0,1,1.0,1,0.11846713317746253,59
4106,2,8487,3161,5326,0,0,0,1.0,1,1.0,1,1.0,1,0.113436599872287,61
4107,0,8487,3161,5326,0,0,0,1.0,1,1.0,1,1.0,1,0.13278709133967667,59
4108,3,8490,3162,5328,0,0,0,1.0,1,1.0,1,1.0,1,0.11330304877514563,60
4109,1,8491,3162,5329,0,0,0,1.0,1,1.0,1,1.0,1,0.0946140755613942,59
4110,0,8491,3162,5329,0,0,0,1.0,1,1.0,1,1.0,1,0.09742379912596999,60
4111,4,8495,3163,5332,0,0,0,1.0,1,1.0,1,1.0,1,0.06727698836565157,61
4112,1,8496,3163,5333,0,0,0,1.0,1,1.0,1,1.0,1,0.05173520813811537,60
4113,1,8497,3164,5333,0,0,0,1.0,1,1.0,1,1.0,1,0.08685105447009313,61
4114,0,8497,3164,5333,0,0,0,1.0,1,1.0,1,1.0,1,0.08419389600468712,62
4115,10,8507,3167,5340,0,0,0,1.0,1,1.0,1,1.0,1,0.14039249431671566,60
4116,3,8510,3168,5342,0,0,0,1.0,1,1.0,1,1.0,1,0.142863818872303,59
4117,6,8516,3170,5346,0,0,0,1.0,1,1.0,1,1.0,1,0.09002967000757135,56
4118,3,8519,3171,5348,0,0,0,1.0,1,1.0,1,1.0,1,0.11005831549445669,55
4119,2,8521,3171,5350,0,0,0,1.0,1,1.0,1,1.0,1,0.13839862560618005,53
4120,4,8525,3172,5353,0,0,0,1.0,1,1.0,1,1.0,1,0.12163965104999405,52
4121,7,8532,3176,5356,0,0,0,1.0,1,1.0,1,1.0,1,0.06913995737755203,53
4122,5,8537,3177,5360,0,0,0,1.0,1,1.0,1,1.0,1,0.101713101118284,52
4123,1,8538,3178,5360,0,0,0,1.0,1,1.0,1,1.0,1,0.1262527783024292,51
4124,3,8541,3178,5363,0,0,0,1.0,1,1.0,1,1.0,1,0.14529033001529035,51
4125,3,8544,3179,5365,0,0,0,1.0,1,1.0,1,1.0,1,0.08882673394567199,50
4126,2,8546,3180,5366,0,0,0,1.0,1,1.0,1,1.0,1,0.08563567340454242,50
4127,0,8546,3180,5366,0,0,0,1.0,1,1.0,1,1.0,1,0.091011753126149,49
4128,0,8546,3180,5366,0,0,0,1.0,1,1.0,1,1.0,1,0.091011753126149,49
4129,0,8546,3180,5366,0,0,0,1.0,1,1.0,1,1.0,1,0.091011753126149,49
4130,2,8548,3182,5366,0,0,0,1.0,1,1.0,1,1.0,1,0.10658985828050525,50
4131,0,8548,3182,5366,0,0,0,1.0,1,1.0,1,1.0,1,0.10658985828050525,50
4132,1,8549,3183,5366,0,0,0,1.0,1,1.0,1,1.0,1,0.13283634999051122,50
4133,4,8553,3184,5369,0,0,0,1.0,1,1.0,1,1.0,1,0.12917123657040247,51
4134,1,8554,3184,5370,0,0,0,1.0,1,1.0,1,1.0,1,0.11752629588138017,53
4135,0,8554,3184,5370,0,0,0,1.0,1,1.0,1,1.0,1,0.12319807726040866,54
4136,1,8555,3184,5371,0,0,0,1.0,1,1.0,1,1.0,1,0.10526681135430528,54
4137,4,8559,3185,5374,0,0,0,1.0,1,1.0,1,1.0,1,0.14895127699238186,55
4138,2,8561,3185,5376,0,0,0,1.0,1,1.0,1,1.0,1,0.10966599417821928,54
4139,1,8562,3186,5376,0,0,0,1.0,1,1.0,1,1.0,1,0.10709291521412768,54
4140,2,8564,3187,5377,0,0,0,1.0,1,1.0,1,1.0,1,0.10947600286061047,55
4141,1,8565,3187,5378,0,0,0,1.0,1,1.0,1,1.0,1,0.12283072801950792,55
4142,0,8565,3187,5378,0,0,0,1.0,1,1.0,1,1.0,1,0.12283072801950792,55
4143,2,8567,3189,5378,0,0,0,1.0,1,1.0,1,1.0,1,0.1630860719977548,53
4144,5,8572,3191,5381,0,0,0,1.0,1,1.0,1,1.0,1,0.15848294998241116,52
4145,3,8575,3192,5383,0,0,0,1.0,1,1.0,1,1.0,1,0.13549678608032678,51
4146,2,8577,3193,5384,0,0,0,1.0,1,1.0,1,1.0,1,0.15033002459823852,51
4147,4,8581,3195,5386,0,0,0,1.0,1,1.0,1,1.0,1,0.14926624913826075,50
4148,1,8582,3195,5387,0,0,0,1.0,1,1.0,1,1.0,1,0.17222247688963352,52
4149,5,8587,3195,5392,0,0,0,1.0,1,1.0,1,1.0,1,0.08869575502924516,53
4150,2,8589,3196,5393,0,0,0,1.0,1,1.0,1,1.0,1,0.09379509462792654,53
4151,2,8591,3197,5394,0,0,0,1.0,1,1.0,1,1.0,1,0.11820667128478578,53
4152,3,8594,3198,5396,0,0,0,1.0,1,1.0,1,1.0,1,0.11341425693575732,54
4153,0,8594,3198,5396,0,0,0,1.0,1,1.0,1,1.0,1,0.14522666794920847,51
4154,0,8594,3198,5396,0,0,0,1.0,1,1.0,1,1.0,1,0.14522666794920847,51
4155,1,8595,3199,5396,0,0,0,1.0,1,1.0,1,1.0,1,0.17334961161304072,51
4156,4,8599,3201,5398,0,0,0,1.0,1,1.0,1,1.0,1,0.1583513040535559,52
4157,6,8605,3205,5400,0,0,0,1.0,1,1.0,1,1.0,1,0.18542935853110085,52
4158,3,8608,3206,5402,0,0,0,1.0,1,1.0,1,1.0,1,0.20319144647645418,52
4159,1,8609,3207,5402,0,0,0,1.0,1,1.0,1,1.0,1,0.1889676966440779,52
4160,3,8612,3208,5404,0,0,0,1.0,1,1.0,1,1.0,1,0.17418537349669255,50
4161,5,8617,3209,5408,0,0,0,1.0,1,1.0,1,1.0,1,0.11412668977773602,50
4162,1,8618,3210,5408,0,0,0,1.0,1,1.0,1,1.0,1,0.14194208100628544,51
4163,2,8620,3210,5410,0,0,0,1.0,1,1.0,1,1.0,1,0.15058381559113443,48
4164,3,8623,3212,5411,0,0,0,1.0,1,1.0,1,1.0,1,0.20024391755990242,50
4165,2,8625,3212,5413,0,0,0,1.0,1,1.0,1,1.0,1,0.15926344111971724,49
4166,1,8626,3212,5414,0,0,0,1.0,1,1.0,1,1.0,1,0.14612028805745758,50
4167,0,8626,3212,5414,0,0,0,1.0,1,1.0,1,1.0,1,0.1464755939926769,50
4168,1,8627,3213,5414,0,0,0,1.0,1,1.0,1,1.0,1,0.19117951907565633,50
4169,5,8632,3214,5418,0,0,0,1.0,1,1.0,1,1.0,1,0.15473409459490362,51
4170,0,8632,3214,5418,0,0,0,1.0,1,1.0,1,1.0,1,0.16987738526380247,50
4171,4,8636,3216,5420,0,0,0,1.0,1,1.0,1,1.0,1,0.18562384847747107,50
4172,0,8636,3216,5420,0,0,0,1.0,1,1.0,1,1.0,1,0.2100317013322897,49
4173,4,8640,3217,5423,0,0,0,1.0,1,1.0,1,1.0,1,0.18312726486079606,48
4174,3,8643,3218,5425,0,0,0,1.0,1,1.0,1,1.0,1,0.21897859301056372,48
4175,1,8644,3218,5426,0,0,0,1.0,1,1.0,1,1.0,1,0.22370892496947994,48
4176,1,8645,3218,5427,0,0,0,1.0,1,1.0,1,1.0,1,0.19927709127547164,50
4177,4,8649,3219,5430,0,0,0,1.0,1,1.0,1,1.0,1,0.15921526460531862,52
4178,1,8650,3219,5431,0,0,0,1.0,1,1.0,1,1.0,1,0.1363790187348469,53
4179,3,8653,3220,5433,0,0,0,1.0,1,1.0,1,1.0,1,0.13524216175784173,54
4180,1,8654,3220,5434,0,0,0,1.0,1,1.0,1,1.0,1,0.13019597132768082,55
4181,1,8655,3220,5435,0,0,0,1.0,1,1.0,1,1.0,1,0.1063056545512558,56
4182,1,8656,3221,5435,0,0,0,1.0,1,1.0,1,1.0,1,0.11862443788779635,56
4183,3,8659,3222,5437,0,0,0,1.0,1,1.0,1,1.0,1,0.09654434732599144,57
4184,4,8663,3225,5438,0,0,0,1.0,1,1.0,1,1.0,1,0.1486113457679119,57
4185,1,8664,3225,5439,0,0,0,1.0,1,1.0,1,1.0,1,0.1275233287579162,54
4186,2,8666,3227,5439,0,0,0,1.0,1,1.0,1,1.0,1,0.12085617439897714,55
4187,1,8667,3228,5439,0,0,0,1.0,1,1.0,1,1.0,1,0.13204020859050702,53
4188,1,8668,3228,5440,0,0,0,1.0,1,1.0,1,1.0,1,0.11414410639638728,53
4189,3,8671,3229,5442,0,0,0,1.0,1,1.0,1,1.0,1,0.09936947129411232,53
4190,3,8674,3232,5442,0,0,0,1.0,1,1.0,1,1.0,1,0.09235200050150219,53
4191,1,8675,3232,5443,0,0,0,1.0,1,1.0,1,1.0,1,0.12529899234567132,51
4192,3,8678,3235,5443,0,0,0,1.0,1,1.0,1,1.0,1,0.19847876316336174,51
4193,4,8682,3236,5446,0,0,0,1.0,1,1.0,1,1.0,1,0.1757406922651225,50
4194,4,8686,3237,5449,0,0,0,1.0,1,1.0,1,1.0,1,0.16993803215738884,50
4195,6,8692,3239,5453,0,0,0,1.0,1,1.0,1,1.0,1,0.14062205480089057,50
4196,3,8695,3239,5456,0,0,0,1.0,1,1.0,1,1.0,1,0.09789415250531,51
4197,1,8696,3240,5456,0,0,0,1.0,1,1.0,1,1.0,1,0.1140121363254423,50
4198,0,8696,3240,5456,0,0,0,1.0,1,1.0,1,1.0,1,0.11832560902382905,48
4199,0,8696,3240,5456,0,0,0,1.0,1,1.0,1,1.0,1,0.13929391622938503,48
4200,0,8696,3240,5456,0,0,0,1.0,1,1.0,1,1.0,1,0.1704894751542092,48
4201,1,8697,3240,5457,0,0,0,1.0,1,1.0,1,1.0,1,0.18070339319950077,47
4202,0,8697,3240,5457,0,0,0,1.0,1,1.0,1,1.0,1,0.18070339319950077,47
4203,0,8697,3240,5457,0,0,0,1.0,1,1.0,1,1.0,1,0.18070339319950077,47
4204,3,8700,3242,5458,0,0,0,1.0,1,1.0,1,1.0,1,0.22513115271925188,48
4205,1,8701,3243,5458,0,0,0,1.0,1,1.0,1,1.0,1,0.2587861886329348,49
4206,0,8701,3243,5458,0,0,0,1.0,1,1.0,1,1.0,1,0.2587861886329348,49
4207,0,8701,3243,5458,0,0,0,1.0,1,1.0,1,1.0,1,0.2454486236442306,48
4208,1,8702,3244,5458,0,0,0,1.0,1,1.0,1,1.0,1,0.2403166937384085,49
4209,5,8707,3245,5462,0,0,0,1.0,1,1.0,1,1.0,1,0.21534514462215712,51
4210,3,8710,3246,5464,0,0,0,1.0,1,1.0,1,1.0,1,0.22227414249981625,52
4211,1,8711,3246,5465,0,0,0,1.0,1,1.0,1,1.0,1,0.23404352137499013,53
4212,1,8712,3246,5466,0,0,0,1.0,1,1.0,1,1.0,1,0.231896092115033,53
4213,4,8716,3246,5470,0,0,0,1.0,1,1.0,1,1.0,1,0.17591912043805527,54
4214,2,8718,3247,5471,0,0,0,1.0,1,1.0,1,1.0,1,0.18734333154108568,54
4215,2,8720,3248,5472,0,0,0,1.0,1,1.0,1,1.0,1,0.18764949662653518,54
4216,0,8720,3248,5472,0,0,0,1.0,1,1.0,1,1.0,1,0.2094763863462398,53
4217,5,8725,3250,5475,0,0,0,1.0,1,1.0,1,1.0,1,0.21717705224623296,54
4218,3,8728,3253,5475,0,0,0,1.0,1,1.0,1,1.0,1,0.25699131250669344,53
4219,2,8730,3253,5477,0,0,0,1.0,1,1.0,1,1.0,1,0.2489367503229676,53
4220,4,8734,3254,5480,0,0,0,1.0,1,1.0,1,1.0,1,0.2739450306197859,53
4221,4,8738,3254,5484,0,0,0,1.0,1,1.0,1,1.0,1,0.24163879127064092,54
4222,4,8742,3257,5485,0,0,0,1.0,1,1.0,1,1.0,1,0.26708855686211136,55
4223,3,8745,3257,5488,0,0,0,1.0,1,1.0,1,1.0,1,0.24644646972677864,56
4224,5,8750,3260,5490,0,0,0,1.0,1,1.0,1,1.0,1,0.243745613529461,55
4225,4,8754,3260,5494,0,0,0,1.0,1,1.0,1,1.0,1,0.18998558793464249,53
4226,6,8760,3264,5496,0,0,0,1.0,1,1.0,1,1.0,1,0.20912053180137877,54
4227,2,8762,3265,5497,0,0,0,1.0,1,1.0,1,1.0,1,0.2048964281953583,52
4228,3,8765,3267,5498,0,0,0,1.0,1,1.0,1,1.0,1,0.20050863338104685,51
4229,3,8768,3269,5499,0,0,0,1.0,1,1.0,1,1.0,1,0.20729626728882586,48
4230,2,8770,3269,5501,0,0,0,1.0,1,1.0,1,1.0,1,0.18743515660462604,48
4231,1,8771,3269,5502,0,0,0,1.0,1,1.0,1,1.0,1,0.14479352824641603,48
4232,1,8772,3269,5503,0,0,0,1.0,1,1.0,1,1.0,1,0.12586368755242983,48
4233,1,8773,3269,5504,0,0,0,1.0,1,1.0,1,1.0,1,0.09966621790511769,48
4234,2,8775,3271,5504,0,0,0,1.0,1,1.0,1,1.0,1,0.11912981948060078,49
4235,0,8775,3271,5504,0,0,0,1.0,1,1.0,1,1.0,1,0.10747011997692653,47
4236,1,8776,3272,5504,0,0,0,1.0,1,1.0,1,1.0,1,0.14161681284742464,47
4237,4,8780,3272,5508,0,0,0,1.0,1,1.0,1,1.0,1,0.07752417702098306,48
4238,3,8783,3273,5510,0,0,0,1.0,1,1.0,1,1.0,1,0.12195683882201747,47
4239,1,8784,3274,5510,0,0,0,1.0,1,1.0,1,1.0,1,0.11058847866948507,48
4240,0,8784,3274,5510,0,0,0,1.0,1,1.0,1,1.0,1,0.10128090151847503,47
4241,1,8785,3274,5511,0,0,0,1.0,1,1.0,1,1.0,1,0.08473955567539423,49
4242,0,8785,3274,5511,0,0,0,1.0,1,1.0,1,1.0,1,0.08422082646379732,49
4243,3,8788,3276,5512,0,0,0,1.0,1,1.0,1,1.0,1,0.09624329493523787,50
4244,2,8790,3276,5514,0,0,0,1.0,1,1.0,1,1.0,1,0.09103843543687873,51
4245,1,8791,3276,5515,0,0,0,1.0,1,1.0,1,1.0,1,0.107326706932092,51
4246,1,8792,3276,5516,0,0,0,1.0,1,1.0,1,1.0,1,0.08293050399856224,51
4247,0,8792,3276,5516,0,0,0,1.0,1,1.0,1,1.0,1,0.09202022541985479,52
4248,2,8794,3278,5516,0,0,0,1.0,1,1.0,1,1.0,1,0.13427921587355252,52
4249,3,8797,3278,5519,0,0,0,1.0,1,1.0,1,1.0,1,0.09056137213702141,52
4250,1,8798,3278,5520,0,0,0,1.0,1,1.0,1,1.0,1,0.09919378089457724,52
4251,3,8801,3280,5521,0,0,0,1.0,1,1.0,1,1.0,1,0.11362554723482307,53
4252,4,8805,3283,5522,0,0,0,1.0,1,1.0,1,1.0,1,0.1212991384844262,53
4253,5,8810,3284,5526,0,0,0,1.0,1,1.0,1,1.0,1,0.09831447341070809,54
4254,0,8810,3284,5526,0,0,0,1.0,1,1.0,1,1.0,1,0.09831447341070809,54
4255,1,8811,3285,5526,0,0,0,1.0,1,1.0,1,1.0,1,0.12722237919253163,55
4256,3,8814,3286,5528,0,0,0,1.0,1,1.0,1,1.0,1,0.07859243844285202,57
4257,1,8815,3287,5528,0,0,0,1.0,1,1.0,1,1.0,1,0.09501861940934,57
4258,0,8815,3287,5528,0,0,0,1.0,1,1.0,1,1.0,1,0.12417738859922216,57
4259,1,8816,3287,5529,0,0,0,1.0,1,1.0,1,1.0,1,0.10553591875360664,57
4260,0,8816,3287,5529,0,0,0,1.0,1,1.0,1,1.0,1,0.11992390782943198,58
4261,3,8819,3288,5531,0,0,0,1.0,1,1.0,1,1.0,1,0.09047571232350929,59
4262,2,8821,3289,5532,0,0,0,1.0,1,1.0,1,1.0,1,0.08269527277667091,60
4263,2,8823,3291,5532,0,0,0,1.0,1,1.0,1,1.0,1,0.09439975999491353,59
4264,4,8827,3293,5534,0,0,0,1.0,1,1.0,1,1.0,1,0.08881268483275594,58
4265,3,8830,3294,5536,0,0,0,1.0,1,1.0,1,1.0,1,0.07235897338125409,58
4266,3,8833,3295,5538,0,0,0,1.0,1,1.0,1,1.0,1,0.0671224100665837,58
4267,2,8835,3297,5538,0,0,0,1.0,1,1.0,1,1.0,1,0.08702839306796521,55
4268,5,8840,3299,5541,0,0,0,1.0,1,1.0,1,1.0,1,0.07966203022108717,55
4269,2,8842,3299,5543,0,0,0,1.0,1,1.0,1,1.0,1,0.0493195607647518,50
4270,2,8844,3301,5543,0,0,0,1.0,1,1.0,1,1.0,1,0.10359193385188008,47
4271,1,8845,3302,5543,0,0,0,1.0,1,1.0,1,1.0,1,0.14487593311555358,47
4272,0,8845,3302,5543,0,0,0,1.0,1,1.0,1,1.0,1,0.15470784007142896,46
4273,7,8852,3304,5548,0,0,0,1.0,1,1.0,1,1.0,1,0.11503917665475598,47
4274,3,8855,3305,5550,0,0,0,1.0,1,1.0,1,1.0,1,0.12689722610278403,45
4275,1,8856,3306,5550,0,0,0,1.0,1,1.0,1,1.0,1,0.13825541896538648,44
4276,6,8862,3310,5552,0,0,0,1.0,1,1.0,1,1.0,1,0.1494007614820902,43
4277,6,8868,3312,5556,0,0,0,1.0,1,1.0,1,1.0,1,0.09066024138845405,42
4278,2,8870,3312,5558,0,0,0,1.0,1,1.0,1,1.0,1,0.08565358302037089,43
4279,4,8874,3313,5561,0,0,0,1.0,1,1.0,1,1.0,1,0.10543497951809158,42
4280,4,8878,3315,5563,0,0,0,1.0,1,1.0,1,1.0,1,0.11655524002433135,44
4281,1,8879,3316,5563,0,0,0,1.0,1,1.0,1,1.0,1,0.14828551081763874,44
4282,0,8879,3316,5563,0,0,0,1.0,1,1.0,1,1.0,1,0.14828551081763874,44
4283,2,8881,3317,5564,0,0,0,1.0,1,1.0,1,1.0,1,0.11765396718818948,45
4284,1,8882,3317,5565,0,0,0,1.0,1,1.0,1,1.0,1,0.09887354329574416,45
4285,0,8882,3317,5565,0,0,0,1.0,1,1.0,1,1.0,1,0.08889859573673979,47
4286,0,8882,3317,5565,0,0,0,1.0,1,1.0,1,1.0,1,0.08889859573673979,47
4287,2,8884,3317,5567,0,0,0,1.0,1,1.0,1,1.0,1,0.09107665301805436,49
4288,2,8886,3318,5568,0,0,0,1.0,1,1.0,1,1.0,1,0.10189806941624178,49
4289,3,8889,3319,5570,0,0,0,1.0,1,1.0,1,1.0,1,0.07197885039607002,50
4290,1,8890,3320,5570,0,0,0,1.0,1,1.0,1,1.0,1,0.0942327285596806,51
4291,3,8893,3321,5572,0,0,0,1.0,1,1.0,1,1.0,1,0.08607751676136308,50
4292,1,8894,3322,5572,0,0,0,1.0,1,1.0,1,1.0,1,0.1319639077405147,51
4293,3,8897,3323,5574,0,0,0,1.0,1,1.0,1,1.0,1,0.09744194550095306,51
4294,2,8899,3324,5575,0,0,0,1.0,1,1.0,1,1.0,1,0.1329337637842927,50
4295,1,8900,3325,5575,0,0,0,1.0,1,1.0,1,1.0,1,0.1541821966517798,50
4296,0,8900,3325,5575,0,0,0,1.0,1,1.0,1,1.0,1,0.15043678930202672,49
4297,3,8903,3325,5578,0,0,0,1.0,1,1.0,1,1.0,1,0.09375588524593846,49
4298,2,8905,3326,5579,0,0,0,1.0,1,1.0,1,1.0,1,0.08191874214413496,49
4299,1,8906,3326,5580,0,0,0,1.0,1,1.0,1,1.0,1,0.0778587211315053,48
4300,1,8907,3326,5581,0,0,0,1.0,1,1.0,1,1.0,1,0.0819995028799523,49
4301,2,8909,3327,5582,0,0,0,1.0,1,1.0,1,1.0,1,0.061048129566025344,50
4302,2,8911,3328,5583,0,0,0,1.0,1,1.0,1,1.0,1,0.06180049724991463,51
4303,4,8915,3330,5585,0,0,0,1.0,1,1.0,1,1.0,1,0.10404380267362227,51
4304,10,8925,3334,5591,0,0,0,1.0,1,1.0,1,1.0,1,0.13621728772275807,51
4305,9,8934,3337,5597,0,0,0,1.0,1,1.0,1,1.0,1,0.08482531260326924,49
4306,5,8939,3339,5600,0,0,0,1.0,1,1.0,1,1.0,1,0.06438416284786062,49
4307,2,8941,3339,5602,0,0,0,1.0,1,1.0,1,1.0,1,0.08195927264471724,46
4308,1,8942,3339,5603,0,0,0,1.0,1,1.0,1,1.0,1,0.121477937920825,44
4309,8,8950,3343,5607,0,0,0,1.0,1,1.0,1,1.0,1,0.13426822093482116,44
4310,3,8953,3344,5609,0,0,0,1.0,1,1.0,1,1.0,1,0.13286129741477223,42
4311,3,8956,3346,5610,0,0,0,1.0,1,1.0,1,1.0,1,0.13979177652504113,42
4312,0,8956,3346,5610,0,0,0,1.0,1,1.0,1,1.0,1,0.16115970581250036,40
4313,3,8959,3348,5611,0,0,0,1.0,1,1.0,1,1.0,1,0.174761089960904,40
4314,0,8959,3348,5611,0,0,0,1.0,1,1.0,1,1.0,1,0.2100363414049713,36
4315,2,8961,3349,5612,0,0,0,1.0,1,1.0,1,1.0,1,0.19390134590801753,37
4316,4,8965,3351,5614,0,0,0,1.0,1,1.0,1,1.0,1,0.236673648628766,37
4317,7,8972,3353,5619,0,0,0,1.0,1,1.0,1,1.0,1,0.1668829159244922,36
4318,3,8975,3355,5620,0,0,0,1.0,1,1.0,1,1.0,1,0.15658564583371412,34
4319,0,8975,3355,5620,0,0,0,1.0,1,1.0,1,1.0,1,0.1807554968220634,34
4320,1,8976,3355,5621,0,0,0,1.0,1,1.0,1,1.0,1,0.18809700461694426,34
4321,5,8981,3355,5626,0,0,0,1.0,1,1.0,1,1.0,1,0.1399676110218041,35
4322,0,8981,3355,5626,0,0,0,1.0,1,1.0,1,1.0,1,0.1399676110218041,35
4323,1,8982,3355,5627,0,0,0,1.0,1,1.0,1,1.0,1,0.12486080099912186,35
4324,2,8984,3355,5629,0,0,0,1.0,1,1.0,1,1.0,1,0.14690872869897895,34
4325,0,8984,3355,5629,0,0,0,1.0,1,1.0,1,1.0,1,0.14690872869897895,34
4326,3,8987,3356,5631,0,0,0,1.0,1,1.0,1,1.0,1,0.1475304339850673,36
4327,3,8990,3356,5634,0,0,0,1.0,1,1.0,1,1.0,1,0.13045502492596173,35
4328,0,8990,3356,5634,0,0,0,1.0,1,1.0,1,1.0,1,0.13045502492596173,35
4329,5,8995,3358,5637,0,0,0,1.0,1,1.0,1,1.0,1,0.08268153655601893,38
4330,2,8997,3359,5638,0,0,0,1.0,1,1.0,1,1.0,1,0.13783725771422367,38
4331,2,8999,3359,5640,0,0,0,1.0,1,1.0,1,1.0,1,0.1383617872003622,39
4332,1,9000,3359,5641,0,0,0,1.0,1,1.0,1,1.0,1,0.12826239425591232,40
4333,1,9001,3359,5642,0,0,0,1.0,1,1.0,1,1.0,1,0.07870875124087799,41
4334,1,9002,3360,5642,0,0,0,1.0,1,1.0,1,1.0,1,0.08586715090643464,41
4335,1,9003,3360,5643,0,0,0,1.0,1,1.0,1,1.0,1,0.06679834075724876,42
4336,0,9003,3360,5643,0,0,0,1.0,1,1.0,1,1.0,1,0.07906360326680305,43
4337,1,9004,3360,5644,0,0,0,1.0,1,1.0,1,1.0,1,0.07639400752410508,44
4338,1,9005,3361,5644,0,0,0,1.0,1,1.0,1,1.0,1,0.09650126607397624,44
4339,2,9007,3362,5645,0,0,0,1.0,1,1.0,1,1.0,1,0.10217644045865411,46
4340,0,9007,3362,5645,0,0,0,1.0,1,1.0,1,1.0,1,0.098972283289881,47
4341,5,9012,3364,5648,0,0,0,1.0,1,1.0,1,1.0,1,0.09244758378810698,47
4342,1,9013,3365,5648,0,0,0,1.0,1,1.0,1,1.0,1,0.11683338389772564,47
4343,0,9013,3365,5648,0,0,0,1.0,1,1.0,1,1.0,1,0.06868780046372587,42
4344,5,9018,3370,5648,0,0,0,1.0,1,1.0,1,1.0,1,0.19868769326454752,42
4345,4,9022,3372,5650,0,0,0,1.0,1,1.0,1,1.0,1,0.1721417626135882,39
4346,1,9023,3373,5650,0,0,0,1.0,1,1.0,1,1.0,1,0.2152251251157018,37
4347,3,9026,3375,5651,0,0,0,1.0,1,1.0,1,1.0,1,0.25046830249216584,37
4348,6,9032,3378,5654,0,0,0,1.0,1,1.0,1,1.0,1,0.29748031114554374,38
4349,4,9036,3378,5658,0,0,0,1.0,1,1.0,1,1.0,1,0.18841048135610086,36
4350,1,9037,3378,5659,0,0,0,1.0,1,1.0,1,1.0,1,0.1752385167220794,37
4351,1,9038,3379,5659,0,0,0,1.0,1,1.0,1,1.0,1,0.19295836433785468,35
4352,1,9039,3379,5660,0,0,0,1.0,1,1.0,1,1.0,1,0.21387679324896564,34
4353,2,9041,3379,5662,0,0,0,1.0,1,1.0,1,1.0,1,0.2279326238446801,34
4354,2,9043,3379,5664,0,0,0,1.0,1,1.0,1,1.0,1,0.22109670636801093,32
4355,1,9044,3379,5665,0,0,0,1.0,1,1.0,1,1.0,1,0.21609330106116528,32
4356,2,9046,3380,5666,0,0,0,1.0,1,1.0,1,1.0,1,0.20187560879010205,34
4357,3,9049,3380,5669,0,0,0,1.0,1,1.0,1,1.0,1,0.12104397727594426,35
4358,2,9051,3382,5669,0,0,0,1.0,1,1.0,1,1.0,1,0.15253829445031117,35
4359,2,9053,3383,5670,0,0,0,1.0,1,1.0,1,1.0,1,0.15338735868219955,37
4360,4,9057,3383,5674,0,0,0,1.0,1,1.0,1,1.0,1,0.1598430925672339,38
4361,5,9062,3383,5679,0,0,0,1.0,1,1.0,1,1.0,1,0.09984032522420803,39
4362,2,9064,3385,5679,0,0,0,1.0,1,1.0,1,1.0,1,0.08992937794616603,38
4363,1,9065,3385,5680,0,0,0,1.0,1,1.0,1,1.0,1,0.10558519742667484,38
4364,6,9071,3388,5683,0,0,0,1.0,1,1.0,1,1.0,1,0.22426456298788208,39
4365,4,9075,3388,5687,0,0,0,1.0,1,1.0,1,1.0,1,0.12884917301091017,39
4366,1,9076,3389,5687,0,0,0,1.0,1,1.0,1,1.0,1,0.1748295812551501,39
4367,2,9078,3389,5689,0,0,0,1.0,1,1.0,1,1.0,1,0.1646870012397073,41
4368,1,9079,3389,5690,0,0,0,1.0,1,1.0,1,1.0,1,0.1264376351531741,41
4369,0,9079,3389,5690,0,0,0,1.0,1,1.0,1,1.0,1,0.1294670425232456,42
4370,0,9079,3389,5690,0,0,0,1.0,1,1.0,1,1.0,1,0.1294670425232456,42
4371,1,9080,3389,5691,0,0,0,1.0,1,1.0,1,1.0,1,0.12735149483474317,43
4372,2,9082,3391,5691,0,0,0,1.0,1,1.0,1,1.0,1,0.19767073140747965,43
4373,3,9085,3392,5693,0,0,0,1.0,1,1.0,1,1.0,1,0.16282333241348382,43
4374,1,9086,3392,5694,0,0,0,1.0,1,1.0,1,1.0,1,0.16499879534513592,44
4375,0,9086,3392,5694,0,0,0,1.0,1,1.0,1,1.0,1,0.15894029710487176,45
4376,1,9087,3392,5695,0,0,0,1.0,1,1.0,1,1.0,1,0.15007963160683974,46
4377,4,9091,3395,5696,0,0,0,1.0,1,1.0,1,1.0,1,0.1594276963236173,47
4378,1,9092,3395,5697,0,0,0,1.0,1,1.0,1,1.0,1,0.16293521664049956,49
4379,1,9093,3396,5697,0,0,0,1.0,1,1.0,1,1.0,1,0.18814078215075863,51
4380,5,9098,3396,5702,0,0,0,1.0,1,1.0,1,1.0,1,0.14664805016377147,50
4381,2,9100,3397,5703,0,0,0,1.0,1,1.0,1,1.0,1,0.1342337219204719,49
4382,4,9104,3400,5704,0,0,0,1.0,1,1.0,1,1.0,1,0.22791633618991772,47
4383,5,9109,3403,5706,0,0,0,1.0,1,1.0,1,1.0,1,0.2370207027120463,47
4384,2,9111,3404,5707,0,0,0,1.0,1,1.0,1,1.0,1,0.26300150744174344,44
4385,7,9118,3406,5712,0,0,0,1.0,1,1.0,1,1.0,1,0.2011744114544038,42
4386,4,9122,3407,5715,0,0,0,1.0,1,1.0,1,1.0,1,0.21306706509136444,41
4387,1,9123,3407,5716,0,0,0,1.0,1,1.0,1,1.0,1,0.2141823016788982,39
4388,2,9125,3407,5718,0,0,0,1.0,1,1.0,1,1.0,1,0.18569537526650678,39
4389,3,9128,3407,5721,0,0,0,1.0,1,1.0,1,1.0,1,0.1420374445105292,38
4390,2,9130,3407,5723,0,0,0,1.0,1,1.0,1,1.0,1,0.0926907919335701,38
4391,0,9130,3407,5723,0,0,0,1.0,1,1.0,1,1.0,1,0.10293743907909464,39
4392,0,9130,3407,5723,0,0,0,1.0,1,1.0,1,1.0,1,0.10293743907909464,39
4393,0,9130,3407,5723,0,0,0,1.0,1,1.0,1,1.0,1,0.09950683087172944,40
4394,0,9130,3407,5723,0,0,0,1.0,1,1.0,1,1.0,1,0.11971639880848671,39
4395,0,9130,3407,5723,0,0,0,1.0,1,1.0,1,1.0,1,0.11971639880848671,39
4396,0,9130,3407,5723,0,0,0,1.0,1,1.0,1,1.0,1,0.16580752679648691,39
4397,4,9134,3408,5726,0,0,0,1.0,1,1.0,1,1.0,1,0.12328777572085331,38
4398,0,9134,3408,5726,0,0,0,1.0,1,1.0,1,1.0,1,0.13806987731101275,39
4399,3,9137,3408,5729,0,0,0,1.0,1,1.0,1,1.0,1,0.13734632808045966,42
4400,1,9138,3408,5730,0,0,0,1.0,1,1.0,1,1.0,1,0.11657486610691578,43
4401,1,9139,3408,5731,0,0,0,1.0,1,1.0,1,1.0,1,0.09358941325384164,44
4402,0,9139,3408,5731,0,0,0,1.0,1,1.0,1,1.0,1,0.09358941325384164,44
4403,0,9139,3408,5731,0,0,0,1.0,1,1.0,1,1.0,1,0.09550070550474646,45
4404,0,9139,3408,5731,0,0,0,1.0,1,1.0,1,1.0,1,0.09550070550474646,45
4405,0,9139,3408,5731,0,0,0,1.0,1,1.0,1,1.0,1,0.10908881112971762,46
4406,1,9140,3409,5731,0,0,0,1.0,1,1.0,1,1.0,1,0.13336194915330826,46
4407,1,9141,3409,5732,0,0,0,1.0,1,1.0,1,1.0,1,0.12208694210430028,46
4408,0,9141,3409,5732,0,0,0,1.0,1,1.0,1,1.0,1,0.13099337938846053,47
4409,2,9143,3409,5734,0,0,0,1.0,1,1.0,1,1.0,1,0.13089696836223108,48
4410,0,9143,3409,5734,0,0,0,1.0,1,1.0,1,1.0,1,0.13089696836223108,48
4411,3,9146,3409,5737,0,0,0,1.0,1,1.0,1,1.0,1,0.10118439160313916,50
4412,2,9148,3410,5738,0,0,0,1.0,1,1.0,1,1.0,1,0.10493963633310888,50
4413,1,9149,3410,5739,0,0,0,1.0,1,1.0,1,1.0,1,0.10307903043653345,50
4414,1,9150,3410,5740,0,0,0,1.0,1,1.0,1,1.0,1,0.09520346257694133,51
4415,0,9150,3410,5740,0,0,0,1.0,1,1.0,1,1.0,1,0.09520346257694133,51
4416,2,9152,3411,5741,0,0,0,1.0,1,1.0,1,1.0,1,0.10108643384760123,51
4417,1,9153,3412,5741,0,0,0,1.0,1,1.0,1,1.0,1,0.10167911102638412,51
4418,0,9153,3412,5741,0,0,0,1.0,1,1.0,1,1.0,1,0.0962938852392662,51
4419,0,9153,3412,5741,0,0,0,1.0,1,1.0,1,1.0,1,0.10940635055942972,50
4420,1,9154,3413,5741,0,0,0,1.0,1,1.0,1,1.0,1,0.1727910407219172,50
4421,4,9158,3413,5745,0,0,0,1.0,1,1.0,1,1.0,1,0.13019083338780296,52
4422,1,9159,3413,5746,0,0,0,1.0,1,1.0,1,1.0,1,0.1110890054348936,51
4423,3,9162,3414,5748,0,0,0,1.0,1,1.0,1,1.0,1,0.1172271049773439,51
4424,1,9163,3414,5749,0,0,0,1.0,1,1.0,1,1.0,1,0.10734014167665702,53
4425,1,9164,3414,5750,0,0,0,1.0,1,1.0,1,1.0,1,0.09714352464086896,54
4426,2,9166,3415,5751,0,0,0,1.0,1,1.0,1,1.0,1,0.07677703466771671,55
4427,1,9167,3415,5752,0,0,0,1.0,1,1.0,1,1.0,1,0.061468067944079136,55
4428,0,9167,3415,5752,0,0,0,1.0,1,1.0,1,1.0,1,0.061468067944079136,55
4429,0,9167,3415,5752,0,0,0,1.0,1,1.0,1,1.0,1,0.05843812836053264,56
4430,0,9167,3415,5752,0,0,0,1.0,1,1.0,1,1.0,1,0.058599715707893414,55
4431,0,9167,3415,5752,0,0,0,1.0,1,1.0,1,1.0,1,0.06459644608273307,56
4432,2,9169,3417,5752,0,0,0,1.0,1,1.0,1,1.0,1,0.0824212601745281,56
4433,2,9171,3417,5754,0,0,0,1.0,1,1.0,1,1.0,1,0.058047401474560015,57
4434,0,9171,3417,5754,0,0,0,1.0,1,1.0,1,1.0,1,0.06830762839852808,56
4435,3,9174,3419,5755,0,0,0,1.0,1,1.0,1,1.0,1,0.06784515668118789,56
4436,2,9176,3421,5755,0,0,0,1.0,1,1.0,1,1.0,1,0.11438458379304164,55
4437,3,9179,3421,5758,0,0,0,1.0,1,1.0,1,1.0,1,0.10064564493126843,54
4438,1,9180,3422,5758,0,0,0,1.0,1,1.0,1,1.0,1,0.1197991759637003,54
4439,0,9180,3422,5758,0,0,0,1.0,1,1.0,1,1.0,1,0.1416693217683553,55
4440,1,9181,3423,5758,0,0,0,1.0,1,1.0,1,1.0,1,0.1487283969925768,55
4441,6,9187,3425,5762,0,0,0,1.0,1,1.0,1,1.0,1,0.11134749166145304,59
4442,3,9190,3426,5764,0,0,0,1.0,1,1.0,1,1.0,1,0.12193017612044263,61
4443,2,9192,3427,5765,0,0,0,1.0,1,1.0,1,1.0,1,0.13097878018546297,60
4444,2,9194,3427,5767,0,0,0,1.0,1,1.0,1,1.0,1,0.1289025621371796,61
4445,3,9197,3427,5770,0,0,0,1.0,1,1.0,1,1.0,1,0.08758852698249063,61
4446,2,9199,3428,5771,0,0,0,1.0,1,1.0,1,1.0,1,0.0914657324190978,62
4447,3,9202,3428,5774,0,0,0,1.0,1,1.0,1,1.0,1,0.09812953966452977,63
4448,1,9203,3428,5775,0,0,0,1.0,1,1.0,1,1.0,1,0.08397498198244636,63
4449,1,9204,3429,5775,0,0,0,1.0,1,1.0,1,1.0,1,0.11137045623178145,63
4450,0,9204,3429,5775,0,0,0,1.0,1,1.0,1,1.0,1,0.12875771228537072,62
4451,1,9205,3429,5776,0,0,0,1.0,1,1.0,1,1.0,1,0.12098080363515516,63
4452,0,9205,3429,5776,0,0,0,1.0,1,1.0,1,1.0,1,0.12363432248397366,64
4453,3,9208,3429,5779,0,0,0,1.0,1,1.0,1,1.0,1,0.09428811158292931,65
4454,0,9208,3429,5779,0,0,0,1.0,1,1.0,1,1.0,1,0.1020051221738198,66
4455,2,9210,3429,5781,0,0,0,1.0,1,1.0,1,1.0,1,0.09043702239907751,67
4456,4,9214,3430,5784,0,0,0,1.0,1,1.0,1,1.0,1,0.06996872332061592,67
4457,0,9214,3430,5784,0,0,0,1.0,1,1.0,1,1.0,1,0.052214157613396345,65
4458,1,9215,3430,5785,0,0,0,1.0,1,1.0,1,1.0,1,0.07103787167441465,65
4459,3,9218,3433,5785,0,0,0,1.0,1,1.0,1,1.0,1,0.1184918243421578,64
4460,0,9218,3433,5785,0,0,0,1.0,1,1.0,1,1.0,1,0.1358270722661626,63
4461,5,9223,3436,5787,0,0,0,1.0,1,1.0,1,1.0,1,0.14588861532925948,62
4462,8,9231,3442,5789,0,0,0,1.0,1,1.0,1,1.0,1,0.19277238110348288,61
4463,3,9234,3443,5791,0,0,0,1.0,1,1.0,1,1.0,1,0.23725706032390656,61
4464,5,9239,3446,5793,0,0,0,1.0,1,1.0,1,1.0,1,0.21626520854530734,58
4465,8,9247,3447,5800,0,0,0,1.0,1,1.0,1,1.0,1,0.18247326419258206,57
4466,6,9253,3450,5803,0,0,0,1.0,1,1.0,1,1.0,1,0.21355253593917206,54
4467,3,9256,3451,5805,0,0,0,1.0,1,1.0,1,1.0,1,0.15862488679847125,52
4468,2,9258,3452,5806,0,0,0,1.0,1,1.0,1,1.0,1,0.18482236141983138,52
4469,4,9262,3453,5809,0,0,0,1.0,1,1.0,1,1.0,1,0.1258714176082543,51
4470,1,9263,3454,5809,0,0,0,1.0,1,1.0,1,1.0,1,0.13692734139371315,51
4471,1,9264,3455,5809,0,0,0,1.0,1,1.0,1,1.0,1,0.1209559078938193,50
4472,1,9265,3456,5809,0,0,0,1.0,1,1.0,1,1.0,1,0.10696817350751293,48
4473,3,9268,3457,5811,0,0,0,1.0,1,1.0,1,1.0,1,0.09063503988788452,47
4474,5,9273,3461,5812,0,0,0,1.0,1,1.0,1,1.0,1,0.13807677541322194,49
4475,3,9276,3462,5814,0,0,0,1.0,1,1.0,1,1.0,1,0.15077487913303106,47
4476,3,9279,3464,5815,0,0,0,1.0,1,1.0,1,1.0,1,0.19097645507712574,49
4477,6,9285,3464,5821,0,0,0,1.0,1,1.0,1,1.0,1,0.14960097653980958,48
4478,2,9287,3464,5823,0,0,0,1.0,1,1.0,1,1.0,1,0.14960097653980958,48
4479,0,9287,3464,5823,0,0,0,1.0,1,1.0,1,1.0,1,0.14960097653980958,48
4480,2,9289,3464,5825,0,0,0,1.0,1,1.0,1,1.0,1,0.1520011198817645,49
4481,2,9291,3464,5827,0,0,0,1.0,1,1.0,1,1.0,1,0.11925387145850855,49
4482,1,9292,3464,5828,0,0,0,1.0,1,1.0,1,1.0,1,0.10407475468035955,49
4483,1,9293,3464,5829,0,0,0,1.0,1,1.0,1,1.0,1,0.10322440827417305,50
4484,4,9297,3466,5831,0,0,0,1.0,1,1.0,1,1.0,1,0.09439879799629695,52
4485,0,9297,3466,5831,0,0,0,1.0,1,1.0,1,1.0,1,0.09629231065787279,53
4486,2,9299,3467,5832,0,0,0,1.0,1,1.0,1,1.0,1,0.08639464094014666,55
4487,2,9301,3469,5832,0,0,0,1.0,1,1.0,1,1.0,1,0.08281778820273333,55
4488,0,9301,3469,5832,0,0,0,1.0,1,1.0,1,1.0,1,0.0851633385026456,54
4489,2,9303,3470,5833,0,0,0,1.0,1,1.0,1,1.0,1,0.11243536369690182,53
4490,0,9303,3470,5833,0,0,0,1.0,1,1.0,1,1.0,1,0.11243536369690182,53
4491,0,9303,3470,5833,0,0,0,1.0,1,1.0,1,1.0,1,0.12817009777085447,52
4492,0,9303,3470,5833,0,0,0,1.0,1,1.0,1,1.0,1,0.12817009777085447,52
4493,3,9306,3471,5835,0,0,0,1.0,1,1.0,1,1.0,1,0.16883342760405123,52
4494,4,9310,3472,5838,0,0,0,1.0,1,1.0,1,1.0,1,0.158090236135308,53
4495,5,9315,3474,5841,0,0,0,1.0,1,1.0,1,1.0,1,0.16984543029904214,50
4496,6,9321,3476,5845,0,0,0,1.0,1,1.0,1,1.0,1,0.16842602306045873,51
4497,5,9326,3478,5848,0,0,0,1.0,1,1.0,1,1.0,1,0.10336365497623366,50
4498,5,9331,3481,5850,0,0,0,1.0,1,1.0,1,1.0,1,0.10926895063069973,49
4499,2,9333,3481,5852,0,0,0,1.0,1,1.0,1,1.0,1,0.08372812101992022,48
4500,5,9338,3486,5852,0,0,0,1.0,1,1.0,1,1.0,1,0.15234247787561353,48
4501,1,9339,3487,5852,0,0,0,1.0,1,1.0,1,1.0,1,0.1461246965626057,48
4502,0,9339,3487,5852,0,0,0,1.0,1,1.0,1,1.0,1,0.14608224044780693,49
4503,3,9342,3489,5853,0,0,0,1.0,1,1.0,1,1.0,1,0.15289260639141158,49
4504,0,9342,3489,5853,0,0,0,1.0,1,1.0,1,1.0,1,0.1515285404068175,45
4505,0,9342,3489,5853,0,0,0,1.0,1,1.0,1,1.0,1,0.15925429506713495,46
4506,4,9346,3491,5855,0,0,0,1.0,1,1.0,1,1.0,1,0.18760740035629936,45
4507,2,9348,3491,5857,0,0,0,1.0,1,1.0,1,1.0,1,0.17120438350504102,45
4508,4,9352,3494,5858,0,0,0,1.0,1,1.0,1,1.0,1,0.2182491214556968,43
4509,6,9358,3495,5863,0,0,0,1.0,1,1.0,1,1.0,1,0.15736775704209507,41
4510,2,9360,3496,5864,0,0,0,1.0,1,1.0,1,1.0,1,0.16023391798076234,42
4511,2,9362,3497,5865,0,0,0,1.0,1,1.0,1,1.0,1,0.17742546631642192,41
4512,1,9363,3497,5866,0,0,0,1.0,1,1.0,1,1.0,1,0.17383592404727863,41
4513,4,9367,3498,5869,0,0,0,1.0,1,1.0,1,1.0,1,0.14009989265807168,41
4514,3,9370,3499,5871,0,0,0,1.0,1,1.0,1,1.0,1,0.18009213257914383,42
4515,1,9371,3499,5872,0,0,0,1.0,1,1.0,1,1.0,1,0.17916503910599196,41
4516,1,9372,3499,5873,0,0,0,1.0,1,1.0,1,1.0,1,0.2144773187949506,42
4517,4,9376,3499,5877,0,0,0,1.0,1,1.0,1,1.0,1,0.14741639145023472,43
4518,1,9377,3499,5878,0,0,0,1.0,1,1.0,1,1.0,1,0.1639553175741942,42
4519,1,9378,3500,5878,0,0,0,1.0,1,1.0,1,1.0,1,0.21708316267247182,42
4520,3,9381,3500,5881,0,0,0,1.0,1,1.0,1,1.0,1,0.2091789029223477,42
4521,6,9387,3501,5886,0,0,0,1.0,1,1.0,1,1.0,1,0.15541498602589504,42
4522,0,9387,3501,5886,0,0,0,1.0,1,1.0,1,1.0,1,0.15541498602589504,42
4523,0,9387,3501,5886,0,0,0,1.0,1,1.0,1,1.0,1,0.15541498602589504,42
4524,2,9389,3503,5886,0,0,0,1.0,1,1.0,1,1.0,1,0.19336892169838865,43
4525,10,9399,3504,5895,0,0,0,1.0,1,1.0,1,1.0,1,0.10027414430664616,46
4526,1,9400,3505,5895,0,0,0,1.0,1,1.0,1,1.0,1,0.10906996280563071,46
4527,3,9403,3506,5897,0,0,0,1.0,1,1.0,1,1.0,1,0.14088643290890046,47
4528,4,9407,3506,5901,0,0,0,1.0,1,1.0,1,1.0,1,0.1665850688259867,49
4529,6,9413,3506,5907,0,0,0,1.0,1,1.0,1,1.0,1,0.08471231443157663,50
4530,2,9415,3506,5909,0,0,0,1.0,1,1.0,1,1.0,1,0.10163047268934403,51
4531,2,9417,3507,5910,0,0,0,1.0,1,1.0,1,1.0,1,0.10347280784076084,51
4532,0,9417,3507,5910,0,0,0,1.0,1,1.0,1,1.0,1,0.10347280784076084,51
4533,1,9418,3507,5911,0,0,0,1.0,1,1.0,1,1.0,1,0.08795764754851898,50
4534,1,9419,3507,5912,0,0,0,1.0,1,1.0,1,1.0,1,0.049652753967213,51
4535,4,9423,3509,5914,0,0,0,1.0,1,1.0,1,1.0,1,0.10038994644761222,50
4536,1,9424,3509,5915,0,0,0,1.0,1,1.0,1,1.0,1,0.11832279079844696,48
4537,2,9426,3509,5917,0,0,0,1.0,1,1.0,1,1.0,1,0.08831381286549207,49
4538,0,9426,3509,5917,0,0,0,1.0,1,1.0,1,1.0,1,0.11566806378712503,48
4539,1,9427,3509,5918,0,0,0,1.0,1,1.0,1,1.0,1,0.12883698321941403,50
4540,0,9427,3509,5918,0,0,0,1.0,1,1.0,1,1.0,1,0.13998302044501326,49
4541,2,9429,3511,5918,0,0,0,1.0,1,1.0,1,1.0,1,0.1382047179649814,49
4542,2,9431,3513,5918,0,0,0,1.0,1,1.0,1,1.0,1,0.18654654904927567,47
4543,1,9432,3513,5919,0,0,0,1.0,1,1.0,1,1.0,1,0.16382894846254198,45
4544,1,9433,3514,5919,0,0,0,1.0,1,1.0,1,1.0,1,0.16577622810597453,45
4545,5,9438,3517,5921,0,0,0,1.0,1,1.0,1,1.0,1,0.204118883604261,43
4546,3,9441,3519,5922,0,0,0,1.0,1,1.0,1,1.0,1,0.2623888465267052,43
4547,1,9442,3519,5923,0,0,0,1.0,1,1.0,1,1.0,1,0.2073910515281751,41
4548,4,9446,3521,5925,0,0,0,1.0,1,1.0,1,1.0,1,0.18700170223447443,42
4549,0,9446,3521,5925,0,0,0,1.0,1,1.0,1,1.0,1,0.15910087890495306,41
4550,2,9448,3522,5926,0,0,0,1.0,1,1.0,1,1.0,1,0.16061666567607535,41
4551,1,9449,3523,5926,0,0,0,1.0,1,1.0,1,1.0,1,0.16026420021084126,39
4552,1,9450,3524,5926,0,0,0,1.0,1,1.0,1,1.0,1,0.17250572750784215,38
4553,6,9456,3525,5931,0,0,0,1.0,1,1.0,1,1.0,1,0.13117542054209763,39
4554,3,9459,3527,5932,0,0,0,1.0,1,1.0,1,1.0,1,0.18150556588291783,38
4555,4,9463,3529,5934,0,0,0,1.0,1,1.0,1,1.0,1,0.23024014785851368,37
4556,2,9465,3530,5935,0,0,0,1.0,1,1.0,1,1.0,1,0.2792348343239155,36
4557,5,9470,3530,5940,0,0,0,1.0,1,1.0,1,1.0,1,0.18154108001986616,38
4558,4,9474,3531,5943,0,0,0,1.0,1,1.0,1,1.0,1,0.2033954988377215,39
4559,5,9479,3531,5948,0,0,0,1.0,1,1.0,1,1.0,1,0.14129407881546535,38
4560,6,9485,3531,5954,0,0,0,1.0,1,1.0,1,1.0,1,0.1888528446109124,41
4561,1,9486,3531,5955,0,0,0,1.0,1,1.0,1,1.0,1,0.16880727500131243,41
4562,3,9489,3531,5958,0,0,0,1.0,1,1.0,1,1.0,1,0.12640412997353112,43
4563,0,9489,3531,5958,0,0,0,1.0,1,1.0,1,1.0,1,0.11541887926438177,42
4564,0,9489,3531,5958,0,0,0,1.0,1,1.0,1,1.0,1,0.13573978741213105,43
4565,3,9492,3531,5961,0,0,0,1.0,1,1.0,1,1.0,1,0.12093467597042146,44
4566,1,9493,3532,5961,0,0,0,1.0,1,1.0,1,1.0,1,0.11953898922473308,45
4567,6,9499,3533,5966,0,0,0,1.0,1,1.0,1,1.0,1,0.09273909642568647,47
4568,0,9499,3533,5966,0,0,0,1.0,1,1.0,1,1.0,1,0.09273909642568647,47
4569,3,9502,3535,5967,0,0,0,1.0,1,1.0,1,1.0,1,0.0821458906241827,49
4570,2,9504,3537,5967,0,0,0,1.0,1,1.0,1,1.0,1,0.09150918772274995,49
4571,0,9504,3537,5967,0,0,0,1.0,1,1.0,1,1.0,1,0.09778504042995259,48
4572,0,9504,3537,5967,0,0,0,1.0,1,1.0,1,1.0,1,0.09778504042995259,48
4573,1,9505,3538,5967,0,0,0,1.0,1,1.0,1,1.0,1,0.10026648909010337,48
4574,0,9505,3538,5967,0,0,0,1.0,1,1.0,1,1.0,1,0.11138662632990957,50
4575,0,9505,3538,5967,0,0,0,1.0,1,1.0,1,1.0,1,0.12840378990564327,51
4576,2,9507,3539,5968,0,0,0,1.0,1,1.0,1,1.0,1,0.16341651037441138,48
4577,2,9509,3539,5970,0,0,0,1.0,1,1.0,1,1.0,1,0.17296064272609268,47
4578,1,9510,3540,5970,0,0,0,1.0,1,1.0,1,1.0,1,0.19742277649736648,46
4579,2,9512,3541,5971,0,0,0,1.0,1,1.0,1,1.0,1,0.18809097438003894,46
4580,0,9512,3541,5971,0,0,0,1.0,1,1.0,1,1.0,1,0.17698601673137693,47
4581,1,9513,3542,5971,0,0,0,1.0,1,1.0,1,1.0,1,0.20510798196727154,47
4582,1,9514,3542,5972,0,0,0,1.0,1,1.0,1,1.0,1,0.20904353029037837,48
4583,0,9514,3542,5972,0,0,0,1.0,1,1.0,1,1.0,1,0.20904353029037837,48
4584,5,9519,3542,5977,0,0,0,1.0,1,1.0,1,1.0,1,0.17337139969495208,50
4585,4,9523,3543,5980,0,0,0,1.0,1,1.0,1,1.0,1,0.1336141567983974,50
4586,0,9523,3543,5980,0,0,0,1.0,1,1.0,1,1.0,1,0.1336141567983974,50
4587,0,9523,3543,5980,0,0,0,1.0,1,1.0,1,1.0,1,0.1336141567983974,50
4588,0,9523,3543,5980,0,0,0,1.0,1,1.0,1,1.0,1,0.1336141567983974,50
4589,0,9523,3543,5980,0,0,0,1.0,1,1.0,1,1.0,1,0.134490044105601,52
4590,0,9523,3543,5980,0,0,0,1.0,1,1.0,1,1.0,1,0.134490044105601,52
4591,1,9524,3543,5981,0,0,0,1.0,1,1.0,1,1.0,1,0.13857356514210403,53
4592,1,9525,3543,5982,0,0,0,1.0,1,1.0,1,1.0,1,0.14236153328389917,54
4593,3,9528,3543,5985,0,0,0,1.0,1,1.0,1,1.0,1,0.10384866670766826,56
4594,0,9528,3543,5985,0,0,0,1.0,1,1.0,1,1.0,1,0.10070444501913886,57
4595,0,9528,3543,5985,0,0,0,1.0,1,1.0,1,1.0,1,0.10974045106154655,56
4596,2,9530,3543,5987,0,0,0,1.0,1,1.0,1,1.0,1,0.09047431348249163,56
4597,0,9530,3543,5987,0,0,0,1.0,1,1.0,1,1.0,1,0.09047431348249163,56
4598,3,9533,3545,5988,0,0,0,1.0,1,1.0,1,1.0,1,0.12261357979356963,57
4599,0,9533,3545,5988,0,0,0,1.0,1,1.0,1,1.0,1,0.12107560250812376,59
4600,2,9535,3545,5990,0,0,0,1.0,1,1.0,1,1.0,1,0.09722341766237412,60
4601,4,9539,3547,5992,0,0,0,1.0,1,1.0,1,1.0,1,0.12350236110578125,60
4602,2,9541,3548,5993,0,0,0,1.0,1,1.0,1,1.0,1,0.11538115578536687,62
4603,0,9541,3548,5993,0,0,0,1.0,1,1.0,1,1.0,1,0.11538115578536687,62
4604,0,9541,3548,5993,0,0,0,1.0,1,1.0,1,1.0,1,0.10735318762242549,63
4605,2,9543,3548,5995,0,0,0,1.0,1,1.0,1,1.0,1,0.09026851103260684,63
4606,1,9544,3548,5996,0,0,0,1.0,1,1.0,1,1.0,1,0.09657859135144274,64
4607,1,9545,3549,5996,0,0,0,1.0,1,1.0,1,1.0,1,0.09806854827193148,65
4608,5,9550,3550,6000,0,0,0,1.0,1,1.0,1,1.0,1,0.11330642400323072,66
4609,2,9552,3551,6001,0,0,0,1.0,1,1.0,1,1.0,1,0.12421007713951339,65
4610,0,9552,3551,6001,0,0,0,1.0,1,1.0,1,1.0,1,0.13660624590407094,63
4611,0,9552,3551,6001,0,0,0,1.0,1,1.0,1,1.0,1,0.14356872719054012,64
4612,1,9553,3552,6001,0,0,0,1.0,1,1.0,1,1.0,1,0.13641568973610899,62
4613,4,9557,3554,6003,0,0,0,1.0,1,1.0,1,1.0,1,0.13374321805083664,63
4614,2,9559,3556,6003,0,0,0,1.0,1,1.0,1,1.0,1,0.12997628987975063,61
4615,1,9560,3557,6003,0,0,0,1.0,1,1.0,1,1.0,1,0.15905982944685876,59
4616,1,9561,3558,6003,0,0,0,1.0,1,1.0,1,1.0,1,0.1573277872927413,58
4617,3,9564,3558,6006,0,0,0,1.0,1,1.0,1,1.0,1,0.13694960884049945,58
4618,1,9565,3558,6007,0,0,0,1.0,1,1.0,1,1.0,1,0.12902601700637528,57
4619,3,9568,3559,6009,0,0,0,1.0,1,1.0,1,1.0,1,0.1410102365149637,57
4620,2,9570,3559,6011,0,0,0,1.0,1,1.0,1,1.0,1,0.1410102365149637,57
4621,4,9574,3561,6013,0,0,0,1.0,1,1.0,1,1.0,1,0.13706546618673227,59
4622,0,9574,3561,6013,0,0,0,1.0,1,1.0,1,1.0,1,0.14945997993922058,60
4623,1,9575,3562,6013,0,0,0,1.0,1,1.0,1,1.0,1,0.15550391171364272,59
4624,3,9578,3565,6013,0,0,0,1.0,1,1.0,1,1.0,1,0.1623008018829867,59
4625,3,9581,3566,6015,0,0,0,1.0,1,1.0,1,1.0,1,0.1477508830543994,57
4626,4,9585,3570,6015,0,0,0,1.0,1,1.0,1,1.0,1,0.17826779037190382,56
4627,1,9586,3571,6015,0,0,0,1.0,1,1.0,1,1.0,1,0.18462446000606358,56
4628,3,9589,3571,6018,0,0,0,1.0,1,1.0,1,1.0,1,0.1658976353780534,56
4629,5,9594,3571,6023,0,0,0,1.0,1,1.0,1,1.0,1,0.14182815647089303,56
4630,1,9595,3572,6023,0,0,0,1.0,1,1.0,1,1.0,1,0.13090982460065936,57
4631,1,9596,3572,6024,0,0,0,1.0,1,1.0,1,1.0,1,0.15049860699350515,56
4632,2,9598,3573,6025,0,0,0,1.0,1,1.0,1,1.0,1,0.1987114702101514,57
4633,4,9602,3573,6029,0,0,0,1.0,1,1.0,1,1.0,1,0.1538163388134267,58
4634,0,9602,3573,6029,0,0,0,1.0,1,1.0,1,1.0,1,0.1538163388134267,58
4635,1,9603,3573,6030,0,0,0,1.0,1,1.0,1,1.0,1,0.13233552862749573,59
4636,0,9603,3573,6030,0,0,0,1.0,1,1.0,1,1.0,1,0.12338345336298229,60
4637,0,9603,3573,6030,0,0,0,1.0,1,1.0,1,1.0,1,0.12338345336298229,60
4638,2,9605,3573,6032,0,0,0,1.0,1,1.0,1,1.0,1,0.11331972636714338,61
4639,1,9606,3573,6033,0,0,0,1.0,1,1.0,1,1.0,1,0.12115650084715614,62
4640,1,9607,3573,6034,0,0,0,1.0,1,1.0,1,1.0,1,0.11813255473729024,63
4641,2,9609,3575,6034,0,0,0,1.0,1,1.0,1,1.0,1,0.12752678019022867,63
4642,1,9610,3575,6035,0,0,0,1.0,1,1.0,1,1.0,1,0.12473940635806557,62
4643,3,9613,3578,6035,0,0,0,1.0,1,1.0,1,1.0,1,0.16630498681777695,63
4644,2,9615,3578,6037,0,0,0,1.0,1,1.0,1,1.0,1,0.16828770155920783,62
4645,5,9620,3579,6041,0,0,0,1.0,1,1.0,1,1.0,1,0.14078513560069617,63
4646,5,9625,3581,6044,0,0,0,1.0,1,1.0,1,1.0,1,0.16047959988691168,63
4647,5,9630,3582,6048,0,0,0,1.0,1,1.0,1,1.0,1,0.15539077587533962,62
4648,4,9634,3584,6050,0,0,0,1.0,1,1.0,1,1.0,1,0.21315658954929792,63
4649,4,9638,3584,6054,0,0,0,1.0,1,1.0,1,1.0,1,0.1462057737687821,61
4650,0,9638,3584,6054,0,0,0,1.0,1,1.0,1,1.0,1,0.13781445661446806,63
4651,3,9641,3585,6056,0,0,0,1.0,1,1.0,1,1.0,1,0.14427095933388498,62
4652,0,9641,3585,6056,0,0,0,1.0,1,1.0,1,1.0,1,0.15610190224546544,59
4653,6,9647,3585,6062,0,0,0,1.0,1,1.0,1,1.0,1,0.11672537294808212,60
4654,2,9649,3586,6063,0,0,0,1.0,1,1.0,1,1.0,1,0.16332416688982093,60
4655,3,9652,3587,6065,0,0,0,1.0,1,1.0,1,1.0,1,0.16161367505902546,60
4656,6,9658,3590,6068,0,0,0,1.0,1,1.0,1,1.0,1,0.23460547536180007,61
4657,4,9662,3590,6072,0,0,0,1.0,1,1.0,1,1.0,1,0.17261451076492898,62
4658,2,9664,3591,6073,0,0,0,1.0,1,1.0,1,1.0,1,0.17752888370218559,62
4659,1,9665,3592,6073,0,0,0,1.0,1,1.0,1,1.0,1,0.18327477221243574,61
4660,1,9666,3593,6073,0,0,0,1.0,1,1.0,1,1.0,1,0.20672053680607871,61
4661,1,9667,3593,6074,0,0,0,1.0,1,1.0,1,1.0,1,0.21695407655735144,61
4662,3,9670,3594,6076,0,0,0,1.0,1,1.0,1,1.0,1,0.18585574428162746,62
4663,2,9672,3594,6078,0,0,0,1.0,1,1.0,1,1.0,1,0.15326254703886064,61
4664,3,9675,3595,6080,0,0,0,1.0,1,1.0,1,1.0,1,0.14440741415531433,62
4665,1,9676,3595,6081,0,0,0,1.0,1,1.0,1,1.0,1,0.13536943553666173,61
4666,2,9678,3596,6082,0,0,0,1.0,1,1.0,1,1.0,1,0.11957794964525278,61
4667,0,9678,3596,6082,0,0,0,1.0,1,1.0,1,1.0,1,0.14028429677873502,59
4668,2,9680,3598,6082,0,0,0,1.0,1,1.0,1,1.0,1,0.13242342509534155,59
4669,3,9683,3599,6084,0,0,0,1.0,1,1.0,1,1.0,1,0.12682601104293184,58
4670,3,9686,3601,6085,0,0,0,1.0,1,1.0,1,1.0,1,0.17082824318384662,57
4671,0,9686,3601,6085,0,0,0,1.0,1,1.0,1,1.0,1,0.15460850617850294,55
4672,4,9690,3602,6088,0,0,0,1.0,1,1.0,1,1.0,1,0.15237937822360115,56
4673,3,9693,3602,6091,0,0,0,1.0,1,1.0,1,1.0,1,0.07791171475840208,58
4674,2,9695,3603,6092,0,0,0,1.0,1,1.0,1,1.0,1,0.09644103132649154,58
4675,1,9696,3603,6093,0,0,0,1.0,1,1.0,1,1.0,1,0.12000223006645279,57
4676,3,9699,3604,6095,0,0,0,1.0,1,1.0,1,1.0,1,0.12298946583576234,58
4677,1,9700,3604,6096,0,0,0,1.0,1,1.0,1,1.0,1,0.11752475703466034,57
4678,0,9700,3604,6096,0,0,0,1.0,1,1.0,1,1.0,1,0.11752475703466034,57
4679,0,9700,3604,6096,0,0,0,1.0,1,1.0,1,1.0,1,0.11752475703466034,57
4680,1,9701,3604,6097,0,0,0,1.0,1,1.0,1,1.0,1,0.11498601904508318,59
4681,2,9703,3606,6097,0,0,0,1.0,1,1.0,1,1.0,1,0.13091599509804058,60
4682,1,9704,3607,6097,0,0,0,1.0,1,1.0,1,1.0,1,0.15976415941101904,60
4683,2,9706,3608,6098,0,0,0,1.0,1,1.0,1,1.0,1,0.178295246794808,60
4684,3,9709,3610,6099,0,0,0,1.0,1,1.0,1,1.0,1,0.22063934876789845,60
4685,8,9717,3611,6106,0,0,0,1.0,1,1.0,1,1.0,1,0.1665312783849522,59
4686,3,9720,3613,6107,0,0,0,1.0,1,1.0,1,1.0,1,0.1780266003652815,60
4687,3,9723,3614,6109,0,0,0,1.0,1,1.0,1,1.0,1,0.17265421067264478,59
4688,3,9726,3615,6111,0,0,0,1.0,1,1.0,1,1.0,1,0.17529447502596,59
4689,2,9728,3616,6112,0,0,0,1.0,1,1.0,1,1.0,1,0.15844196193313445,59
4690,2,9730,3617,6113,0,0,0,1.0,1,1.0,1,1.0,1,0.18623224344472686,58
4691,2,9732,3618,6114,0,0,0,1.0,1,1.0,1,1.0,1,0.17513464625462755,57
4692,3,9735,3618,6117,0,0,0,1.0,1,1.0,1,1.0,1,0.1400339108695226,58
4693,1,9736,3618,6118,0,0,0,1.0,1,1.0,1,1.0,1,0.14409049392571757,57
4694,4,9740,3620,6120,0,0,0,1.0,1,1.0,1,1.0,1,0.17241566906537067,57
4695,0,9740,3620,6120,0,0,0,1.0,1,1.0,1,1.0,1,0.18978526083720973,56
4696,1,9741,3621,6120,0,0,0,1.0,1,1.0,1,1.0,1,0.226256376056336,57
4697,7,9748,3621,6127,0,0,0,1.0,1,1.0,1,1.0,1,0.15702319424280067,58
4698,3,9751,3621,6130,0,0,0,1.0,1,1.0,1,1.0,1,0.1458315633831941,59
4699,1,9752,3621,6131,0,0,0,1.0,1,1.0,1,1.0,1,0.15556780691578156,58
4700,2,9754,3621,6133,0,0,0,1.0,1,1.0,1,1.0,1,0.14023928060482793,59
4701,2,9756,3621,6135,0,0,0,1.0,1,1.0,1,1.0,1,0.14762540767969673,60
4702,3,9759,3622,6137,0,0,0,1.0,1,1.0,1,1.0,1,0.13957782823887535,61
4703,5,9764,3623,6141,0,0,0,1.0,1,1.0,1,1.0,1,0.10771627400110356,59
4704,3,9767,3625,6142,0,0,0,1.0,1,1.0,1,1.0,1,0.13760230879981186,58
4705,4,9771,3627,6144,0,0,0,1.0,1,1.0,1,1.0,1,0.128162850070982,58
4706,5,9776,3629,6147,0,0,0,1.0,1,1.0,1,1.0,1,0.1426457311444505,60
4707,2,9778,3630,6148,0,0,0,1.0,1,1.0,1,1.0,1,0.1461607102395413,57
4708,4,9782,3630,6152,0,0,0,1.0,1,1.0,1,1.0,1,0.14414218062754303,57
4709,4,9786,3631,6155,0,0,0,1.0,1,1.0,1,1.0,1,0.1292397002308529,55
4710,1,9787,3632,6155,0,0,0,1.0,1,1.0,1,1.0,1,0.1768348228684408,53
4711,1,9788,3633,6155,0,0,0,1.0,1,1.0,1,1.0,1,0.16217750881911533,52
4712,3,9791,3636,6155,0,0,0,1.0,1,1.0,1,1.0,1,0.22312916621768644,52
4713,7,9798,3638,6160,0,0,0,1.0,1,1.0,1,1.0,1,0.15360980557736323,51
4714,0,9798,3638,6160,0,0,0,1.0,1,1.0,1,1.0,1,0.1520683423087223,50
4715,2,9800,3639,6161,0,0,0,1.0,1,1.0,1,1.0,1,0.13993069875933553,50
4716,1,9801,3640,6161,0,0,0,1.0,1,1.0,1,1.0,1,0.12750251046458994,49
4717,3,9804,3642,6162,0,0,0,1.0,1,1.0,1,1.0,1,0.12784561685109708,49
4718,0,9804,3642,6162,0,0,0,1.0,1,1.0,1,1.0,1,0.13290129643471102,50
4719,1,9805,3642,6163,0,0,0,1.0,1,1.0,1,1.0,1,0.11470916331175356,49
4720,0,9805,3642,6163,0,0,0,1.0,1,1.0,1,1.0,1,0.11470916331175356,49
4721,1,9806,3642,6164,0,0,0,1.0,1,1.0,1,1.0,1,0.10048873344744313,50
4722,1,9807,3642,6165,0,0,0,1.0,1,1.0,1,1.0,1,0.10701065164737257,51
4723,1,9808,3643,6165,0,0,0,1.0,1,1.0,1,1.0,1,0.11021080914142273,50
4724,4,9812,3644,6168,0,0,0,1.0,1,1.0,1,1.0,1,0.11336959233116455,50
4725,1,9813,3645,6168,0,0,0,1.0,1,1.0,1,1.0,1,0.14380869974140076,52
4726,3,9816,3647,6169,0,0,0,1.0,1,1.0,1,1.0,1,0.15373555450259846,51
4727,1,9817,3647,6170,0,0,0,1.0,1,1.0,1,1.0,1,0.14108684864073273,52
4728,1,9818,3648,6170,0,0,0,1.0,1,1.0,1,1.0,1,0.15743832711418834,52
4729,6,9824,3650,6174,0,0,0,1.0,1,1.0,1,1.0,1,0.17415457727813496,52
4730,2,9826,3651,6175,0,0,0,1.0,1,1.0,1,1.0,1,0.19769849675327178,50
4731,1,9827,3652,6175,0,0,0,1.0,1,1.0,1,1.0,1,0.1967932580115564,51
4732,3,9830,3653,6177,0,0,0,1.0,1,1.0,1,1.0,1,0.23316438444568163,52
4733,7,9837,3655,6182,0,0,0,1.0,1,1.0,1,1.0,1,0.2660485277833321,53
4734,3,9840,3655,6185,0,0,0,1.0,1,1.0,1,1.0,1,0.22661939254608607,53
4735,2,9842,3657,6185,0,0,0,1.0,1,1.0,1,1.0,1,0.23709827314776152,53
4736,1,9843,3657,6186,0,0,0,1.0,1,1.0,1,1.0,1,0.2251929056631609,55
4737,4,9847,3657,6190,0,0,0,1.0,1,1.0,1,1.0,1,0.1898130607545855,57
4738,0,9847,3657,6190,0,0,0,1.0,1,1.0,1,1.0,1,0.1898130607545855,57
4739,2,9849,3658,6191,0,0,0,1.0,1,1.0,1,1.0,1,0.19118325204089706,57
4740,0,9849,3658,6191,0,0,0,1.0,1,1.0,1,1.0,1,0.19118325204089706,57
4741,1,9850,3658,6192,0,0,0,1.0,1,1.0,1,1.0,1,0.18391187053170494,58
4742,4,9854,3660,6194,0,0,0,1.0,1,1.0,1,1.0,1,0.18905599605969298,58
4743,1,9855,3660,6195,0,0,0,1.0,1,1.0,1,1.0,1,0.16673456354151076,56
4744,1,9856,3661,6195,0,0,0,1.0,1,1.0,1,1.0,1,0.16390515123650085,57
4745,5,9861,3662,6199,0,0,0,1.0,1,1.0,1,1.0,1,0.13452460601449392,56
4746,3,9864,3664,6200,0,0,0,1.0,1,1.0,1,1.0,1,0.1323735921774359,56
4747,3,9867,3665,6202,0,0,0,1.0,1,1.0,1,1.0,1,0.08764720919744594,55
4748,3,9870,3666,6204,0,0,0,1.0,1,1.0,1,1.0,1,0.09819812607542266,55
4749,1,9871,3667,6204,0,0,0,1.0,1,1.0,1,1.0,1,0.10272345620195718,54
4750,1,9872,3668,6204,0,0,0,1.0,1,1.0,1,1.0,1,0.10331594929084227,53
4751,2,9874,3670,6204,0,0,0,1.0,1,1.0,1,1.0,1,0.1569684953811199,53
4752,1,9875,3670,6205,0,0,0,1.0,1,1.0,1,1.0,1,0.12593107392357733,53
4753,3,9878,3671,6207,0,0,0,1.0,1,1.0,1,1.0,1,0.1250083511267629,52
4754,1,9879,3672,6207,0,0,0,1.0,1,1.0,1,1.0,1,0.13327246764259484,52
4755,3,9882,3672,6210,0,0,0,1.0,1,1.0,1,1.0,1,0.12523232371907486,51
4756,2,9884,3672,6212,0,0,0,1.0,1,1.0,1,1.0,1,0.10460823622170529,52
4757,0,9884,3672,6212,0,0,0,1.0,1,1.0,1,1.0,1,0.11491521860602996,51
4758,0,9884,3672,6212,0,0,0,1.0,1,1.0,1,1.0,1,0.11491521860602996,51
4759,1,9885,3673,6212,0,0,0,1.0,1,1.0,1,1.0,1,0.13532648971206307,51
4760,3,9888,3674,6214,0,0,0,1.0,1,1.0,1,1.0,1,0.1304739887423213,52
4761,7,9895,3675,6220,0,0,0,1.0,1,1.0,1,1.0,1,0.14013536509380428,50
4762,3,9898,3675,6223,0,0,0,1.0,1,1.0,1,1.0,1,0.13941839192325003,51
4763,4,9902,3677,6225,0,0,0,1.0,1,1.0,1,1.0,1,0.13347700680067315,51
4764,5,9907,3679,6228,0,0,0,1.0,1,1.0,1,1.0,1,0.16764783377921788,53
4765,4,9911,3679,6232,0,0,0,1.0,1,1.0,1,1.0,1,0.09258274232570349,53
4766,2,9913,3681,6232,0,0,0,1.0,1,1.0,1,1.0,1,0.1245650006886337,55
4767,2,9915,3682,6233,0,0,0,1.0,1,1.0,1,1.0,1,0.1434651354524765,56
4768,5,9920,3682,6238,0,0,0,1.0,1,1.0,1,1.0,1,0.11294983801633651,56
4769,1,9921,3682,6239,0,0,0,1.0,1,1.0,1,1.0,1,0.10569206560711163,56
4770,0,9921,3682,6239,0,0,0,1.0,1,1.0,1,1.0,1,0.10569206560711163,56
4771,0,9921,3682,6239,0,0,0,1.0,1,1.0,1,1.0,1,0.11284000308094976,55
4772,2,9923,3684,6239,0,0,0,1.0,1,1.0,1,1.0,1,0.13185615540880274,56
4773,2,9925,3685,6240,0,0,0,1.0,1,1.0,1,1.0,1,0.10391241717794458,56
4774,0,9925,3685,6240,0,0,0,1.0,1,1.0,1,1.0,1,0.08697374431628058,58
4775,1,9926,3686,6240,0,0,0,1.0,1,1.0,1,1.0,1,0.10798505065190077,59
4776,3,9929,3686,6243,0,0,0,1.0,1,1.0,1,1.0,1,0.08104852447535874,59
4777,2,9931,3687,6244,0,0,0,1.0,1,1.0,1,1.0,1,0.08853608270410686,60
4778,2,9933,3688,6245,0,0,0,1.0,1,1.0,1,1.0,1,0.07836727194330259,60
4779,0,9933,3688,6245,0,0,0,1.0,1,1.0,1,1.0,1,0.08663579265084617,61
4780,1,9934,3689,6245,0,0,0,1.0,1,1.0,1,1.0,1,0.12286597615786507,63
4781,3,9937,3689,6248,0,0,0,1.0,1,1.0,1,1.0,1,0.08656177210320631,62
4782,4,9941,3689,6252,0,0,0,1.0,1,1.0,1,1.0,1,0.05392141494873238,63
4783,2,9943,3691,6252,0,0,0,1.0,1,1.0,1,1.0,1,0.06354588711553882,62
4784,5,9948,3694,6254,0,0,0,1.0,1,1.0,1,1.0,1,0.10940871088584612,62
4785,7,9955,3696,6259,0,0,0,1.0,1,1.0,1,1.0,1,0.03957549617617766,62
4786,5,9960,3698,6262,0,0,0,1.0,1,1.0,1,1.0,1,0.08800484628525015,63
4787,4,9964,3699,6265,0,0,0,1.0,1,1.0,1,1.0,1,0.05637483316854258,62
4788,5,9969,3700,6269,0,0,0,1.0,1,1.0,1,1.0,1,0.07199247290962718,62
4789,1,9970,3701,6269,0,0,0,1.0,1,1.0,1,1.0,1,0.10105994644611303,60
4790,11,9981,3706,6275,0,0,0,1.0,1,1.0,1,1.0,1,0.1104554946285117,61
4791,1,9982,3706,6276,0,0,0,1.0,1,1.0,1,1.0,1,0.09905643773658317,60
4792,7,9989,3709,6280,0,0,0,1.0,1,1.0,1,1.0,1,0.14300395964419485,60
4793,9,9998,3710,6288,0,0,0,1.0,1,1.0,1,1.0,1,0.062201353764141445,61
4794,3,10001,3712,6289,0,0,0,1.0,1,1.0,1,1.0,1,0.0747386795172927,59
4795,3,10004,3712,6292,0,0,0,1.0,1,1.0,1,1.0,1,0.0651468916806629,61
4796,6,10010,3714,6296,0,0,0,1.0,1,1.0,1,1.0,1,0.0792951415239967,59
4797,2,10012,3714,6298,0,0,0,1.0,1,1.0,1,1.0,1,0.032163483490594426,58
4798,2,10014,3715,6299,0,0,0,1.0,1,1.0,1,1.0,1,0.04285108816015245,59
4799,1,10015,3716,6299,0,0,0,1.0,1,1.0,1,1.0,1,0.08205321062800053,57
4800,1,10016,3717,6299,0,0,0,1.0,1,1.0,1,1.0,1,0.09727607489234132,58
4801,6,10022,3718,6304,0,0,0,1.0,1,1.0,1,1.0,1,0.043960096200098255,57
4802,2,10024,3719,6305,0,0,0,1.0,1,1.0,1,1.0,1,0.04372300301342626,57
4803,0,10024,3719,6305,0,0,0,1.0,1,1.0,1,1.0,1,0.0381212886489441,56
4804,0,10024,3719,6305,0,0,0,1.0,1,1.0,1,1.0,1,0.034032783764993614,54
4805,1,10025,3720,6305,0,0,0,1.0,1,1.0,1,1.0,1,0.040122575034641436,56
4806,1,10026,3721,6305,0,0,0,1.0,1,1.0,1,1.0,1,0.05660271967383793,55
4807,1,10027,3722,6305,0,0,0,1.0,1,1.0,1,1.0,1,0.06584808907468892,54
4808,2,10029,3723,6306,0,0,0,1.0,1,1.0,1,1.0,1,0.07190740224861714,53
4809,0,10029,3723,6306,0,0,0,1.0,1,1.0,1,1.0,1,0.07190740224861714,53
4810,1,10030,3724,6306,0,0,0,1.0,1,1.0,1,1.0,1,0.08107517625478476,51
4811,0,10030,3724,6306,0,0,0,1.0,1,1.0,1,1.0,1,0.08879724539945133,52
4812,2,10032,3726,6306,0,0,0,1.0,1,1.0,1,1.0,1,0.13593365178555133,52
4813,3,10035,3726,6309,0,0,0,1.0,1,1.0,1,1.0,1,0.05888557666412152,52
4814,6,10041,3730,6311,0,0,0,1.0,1,1.0,1,1.0,1,0.08229437579680954,53
4815,3,10044,3731,6313,0,0,0,1.0,1,1.0,1,1.0,1,0.12469786765017137,54
4816,2,10046,3732,6314,0,0,0,1.0,1,1.0,1,1.0,1,0.11420372104081385,54
4817,11,10057,3736,6321,0,0,0,1.0,1,1.0,1,1.0,1,0.09368623734053456,55
4818,4,10061,3737,6324,0,0,0,1.0,1,1.0,1,1.0,1,0.09127013286096537,55
4819,3,10064,3738,6326,0,0,0,1.0,1,1.0,1,1.0,1,0.11412623296215155,55
4820,5,10069,3739,6330,0,0,0,1.0,1,1.0,1,1.0,1,0.1148486454176251,55
4821,3,10072,3740,6332,0,0,0,1.0,1,1.0,1,1.0,1,0.08012675224027396,55
4822,1,10073,3740,6333,0,0,0,1.0,1,1.0,1,1.0,1,0.08213148399279732,54
4823,2,10075,3740,6335,0,0,0,1.0,1,1.0,1,1.0,1,0.07231765456133997,54
4824,4,10079,3742,6337,0,0,0,1.0,1,1.0,1,1.0,1,0.054338088328927114,55
4825,1,10080,3743,6337,0,0,0,1.0,1,1.0,1,1.0,1,0.07512893148432323,53
4826,4,10084,3746,6338,0,0,0,1.0,1,1.0,1,1.0,1,0.050148292447652947,54
4827,0,10084,3746,6338,0,0,0,1.0,1,1.0,1,1.0,1,0.08166907936830896,53
4828,1,10085,3747,6338,0,0,0,1.0,1,1.0,1,1.0,1,0.06804340983141288,54
4829,1,10086,3747,6339,0,0,0,1.0,1,1.0,1,1.0,1,0.057960235762800925,54
4830,3,10089,3749,6340,0,0,0,1.0,1,1.0,1,1.0,1,0.07119313707208078,53
4831,0,10089,3749,6340,0,0,0,1.0,1,1.0,1,1.0,1,0.07248577591465133,52
4832,0,10089,3749,6340,0,0,0,1.0,1,1.0,1,1.0,1,0.10199615890787365,50
4833,1,10090,3749,6341,0,0,0,1.0,1,1.0,1,1.0,1,0.1069120237960855,51
4834,3,10093,3750,6343,0,0,0,1.0,1,1.0,1,1.0,1,0.11603924860107563,51
4835,0,10093,3750,6343,0,0,0,1.0,1,1.0,1,1.0,1,0.14722782235828616,50
4836,2,10095,3752,6343,0,0,0,1.0,1,1.0,1,1.0,1,0.1741789954400805,50
4837,3,10098,3753,6345,0,0,0,1.0,1,1.0,1,1.0,1,0.168506497406561,46
4838,3,10101,3754,6347,0,0,0,1.0,1,1.0,1,1.0,1,0.1384093739899824,47
4839,0,10101,3754,6347,0,0,0,1.0,1,1.0,1,1.0,1,0.13266740829610582,45
4840,3,10104,3755,6349,0,0,0,1.0,1,1.0,1,1.0,1,0.1494903241808391,45
4841,2,10106,3755,6351,0,0,0,1.0,1,1.0,1,1.0,1,0.11058188610780408,43
4842,5,10111,3758,6353,0,0,0,1.0,1,1.0,1,1.0,1,0.16935833369646838,43
4843,3,10114,3759,6355,0,0,0,1.0,1,1.0,1,1.0,1,0.16294969138404267,44
4844,3,10117,3759,6358,0,0,0,1.0,1,1.0,1,1.0,1,0.18393173590761852,43
4845,7,10124,3760,6364,0,0,0,1.0,1,1.0,1,1.0,1,0.1476408337311697,44
4846,2,10126,3760,6366,0,0,0,1.0,1,1.0,1,1.0,1,0.1313965873874902,43
4847,4,10130,3763,6367,0,0,0,1.0,1,1.0,1,1.0,1,0.2068367797512761,42
4848,3,10133,3764,6369,0,0,0,1.0,1,1.0,1,1.0,1,0.24811167819680024,41
4849,6,10139,3765,6374,0,0,0,1.0,1,1.0,1,1.0,1,0.17526575558075227,41
4850,1,10140,3765,6375,0,0,0,1.0,1,1.0,1,1.0,1,0.19421005072684958,41
4851,1,10141,3765,6376,0,0,0,1.0,1,1.0,1,1.0,1,0.1772189771371901,41
4852,3,10144,3765,6379,0,0,0,1.0,1,1.0,1,1.0,1,0.16502164549227627,43
4853,2,10146,3766,6380,0,0,0,1.0,1,1.0,1,1.0,1,0.19199718063985055,44
4854,1,10147,3767,6380,0,0,0,1.0,1,1.0,1,1.0,1,0.2176071483326576,45
4855,0,10147,3767,6380,0,0,0,1.0,1,1.0,1,1.0,1,0.21542197214871253,44
4856,0,10147,3767,6380,0,0,0,1.0,1,1.0,1,1.0,1,0.21542197214871253,44
4857,5,10152,3767,6385,0,0,0,1.0,1,1.0,1,1.0,1,0.14047878048848902,44
4858,0,10152,3767,6385,0,0,0,1.0,1,1.0,1,1.0,1,0.15577013966979697,45
4859,1,10153,3767,6386,0,0,0,1.0,1,1.0,1,1.0,1,0.15408712954241058,46
4860,0,10153,3767,6386,0,0,0,1.0,1,1.0,1,1.0,1,0.15408712954241058,46
4861,0,10153,3767,6386,0,0,0,1.0,1,1.0,1,1.0,1,0.14624091218393417,46
4862,1,10154,3767,6387,0,0,0,1.0,1,1.0,1,1.0,1,0.1472983309949843,47
4863,4,10158,3768,6390,0,0,0,1.0,1,1.0,1,1.0,1,0.10907515908497158,47
4864,1,10159,3768,6391,0,0,0,1.0,1,1.0,1,1.0,1,0.1067553891387815,47
4865,1,10160,3768,6392,0,0,0,1.0,1,1.0,1,1.0,1,0.08385469762712391,48
4866,1,10161,3768,6393,0,0,0,1.0,1,1.0,1,1.0,1,0.08142284224865946,49
4867,0,10161,3768,6393,0,0,0,1.0,1,1.0,1,1.0,1,0.09454510299295235,50
4868,1,10162,3769,6393,0,0,0,1.0,1,1.0,1,1.0,1,0.0823769666934424,50
4869,0,10162,3769,6393,0,0,0,1.0,1,1.0,1,1.0,1,0.0823769666934424,50
4870,5,10167,3772,6395,0,0,0,1.0,1,1.0,1,1.0,1,0.13143268288666637,52
4871,1,10168,3772,6396,0,0,0,1.0,1,1.0,1,1.0,1,0.1279793803758277,52
4872,1,10169,3773,6396,0,0,0,1.0,1,1.0,1,1.0,1,0.13869481228027059,53
4873,6,10175,3774,6401,0,0,0,1.0,1,1.0,1,1.0,1,0.1334888094379852,55
4874,4,10179,3774,6405,0,0,0,1.0,1,1.0,1,1.0,1,0.12093438909823717,56
4875,2,10181,3775,6406,0,0,0,1.0,1,1.0,1,1.0,1,0.1302156052580962,55
4876,2,10183,3776,6407,0,0,0,1.0,1,1.0,1,1.0,1,0.13035177514165058,55
4877,5,10188,3779,6409,0,0,0,1.0,1,1.0,1,1.0,1,0.15347979797084843,54
4878,2,10190,3779,6411,0,0,0,1.0,1,1.0,1,1.0,1,0.16077579647216833,53
4879,2,10192,3780,6412,0,0,0,1.0,1,1.0,1,1.0,1,0.19529643931507573,54
4880,1,10193,3780,6413,0,0,0,1.0,1,1.0,1,1.0,1,0.17683530096697614,54
4881,3,10196,3781,6415,0,0,0,1.0,1,1.0,1,1.0,1,0.1802187422237079,53
4882,5,10201,3782,6419,0,0,0,1.0,1,1.0,1,1.0,1,0.1592652956361198,53
4883,0,10201,3782,6419,0,0,0,1.0,1,1.0,1,1.0,1,0.1581948678146715,53
4884,3,10204,3783,6421,0,0,0,1.0,1,1.0,1,1.0,1,0.14097289894961476,51
4885,1,10205,3784,6421,0,0,0,1.0,1,1.0,1,1.0,1,0.14837690537647713,50
4886,0,10205,3784,6421,0,0,0,1.0,1,1.0,1,1.0,1,0.1553483514783462,48
4887,0,10205,3784,6421,0,0,0,1.0,1,1.0,1,1.0,1,0.1553483514783462,48
4888,1,10206,3785,6421,0,0,0,1.0,1,1.0,1,1.0,1,0.17321101930295552,48
4889,1,10207,3785,6422,0,0,0,1.0,1,1.0,1,1.0,1,0.16456673446133854,48
4890,1,10208,3785,6423,0,0,0,1.0,1,1.0,1,1.0,1,0.14798038537832323,49
4891,1,10209,3786,6423,0,0,0,1.0,1,1.0,1,1.0,1,0.18490588485697268,50
4892,1,10210,3786,6424,0,0,0,1.0,1,1.0,1,1.0,1,0.16672798358608382,49
4893,1,10211,3786,6425,0,0,0,1.0,1,1.0,1,1.0,1,0.1457747881789324,50
4894,1,10212,3786,6426,0,0,0,1.0,1,1.0,1,1.0,1,0.12516526575685982,51
4895,2,10214,3786,6428,0,0,0,1.0,1,1.0,1,1.0,1,0.13218510157403832,52
4896,1,10215,3786,6429,0,0,0,1.0,1,1.0,1,1.0,1,0.13839161281152482,53
4897,0,10215,3786,6429,0,0,0,1.0,1,1.0,1,1.0,1,0.13839161281152482,53
4898,0,10215,3786,6429,0,0,0,1.0,1,1.0,1,1.0,1,0.13839161281152482,53
4899,2,10217,3787,6430,0,0,0,1.0,1,1.0,1,1.0,1,0.1251899298210083,55
4900,1,10218,3788,6430,0,0,0,1.0,1,1.0,1,1.0,1,0.11440104754157979,55
4901,2,10220,3789,6431,0,0,0,1.0,1,1.0,1,1.0,1,0.12303940988185781,56
4902,4,10224,3792,6432,0,0,0,1.0,1,1.0,1,1.0,1,0.16660013483796146,58
4903,7,10231,3796,6435,0,0,0,1.0,1,1.0,1,1.0,1,0.14724303396874314,58
4904,3,10234,3798,6436,0,0,0,1.0,1,1.0,1,1.0,1,0.15117169859669022,57
4905,3,10237,3799,6438,0,0,0,1.0,1,1.0,1,1.0,1,0.12237008785583275,54
4906,2,10239,3800,6439,0,0,0,1.0,1,1.0,1,1.0,1,0.13827134839751243,55
4907,0,10239,3800,6439,0,0,0,1.0,1,1.0,1,1.0,1,0.14124816847841976,52
4908,2,10241,3801,6440,0,0,0,1.0,1,1.0,1,1.0,1,0.1426249234792947,53
4909,2,10243,3801,6442,0,0,0,1.0,1,1.0,1,1.0,1,0.11551314659063279,52
4910,2,10245,3802,6443,0,0,0,1.0,1,1.0,1,1.0,1,0.14037850597239318,53
4911,2,10247,3802,6445,0,0,0,1.0,1,1.0,1,1.0,1,0.13508589178324146,55
4912,2,10249,3803,6446,0,0,0,1.0,1,1.0,1,1.0,1,0.14594963889360024,54
4913,2,10251,3803,6448,0,0,0,1.0,1,1.0,1,1.0,1,0.113029863565127,53
4914,2,10253,3803,6450,0,0,0,1.0,1,1.0,1,1.0,1,0.09410087056896746,53
4915,2,10255,3804,6451,0,0,0,1.0,1,1.0,1,1.0,1,0.10138798403637919,54
4916,3,10258,3806,6452,0,0,0,1.0,1,1.0,1,1.0,1,0.13337781728797382,52
4917,3,10261,3807,6454,0,0,0,1.0,1,1.0,1,1.0,1,0.1320607987851009,52
4918,1,10262,3808,6454,0,0,0,1.0,1,1.0,1,1.0,1,0.18577151908963704,51
4919,0,10262,3808,6454,0,0,0,1.0,1,1.0,1,1.0,1,0.19681273211066966,50
4920,1,10263,3808,6455,0,0,0,1.0,1,1.0,1,1.0,1,0.15988064209128874,51
4921,4,10267,3809,6458,0,0,0,1.0,1,1.0,1,1.0,1,0.13632807549168152,51
4922,0,10267,3809,6458,0,0,0,1.0,1,1.0,1,1.0,1,0.14611094939577796,53
4923,2,10269,3810,6459,0,0,0,1.0,1,1.0,1,1.0,1,0.12941345655403144,53
4924,1,10270,3810,6460,0,0,0,1.0,1,1.0,1,1.0,1,0.1270550809526437,55
4925,1,10271,3811,6460,0,0,0,1.0,1,1.0,1,1.0,1,0.11132436314022084,56
4926,0,10271,3811,6460,0,0,0,1.0,1,1.0,1,1.0,1,0.10232240228850434,55
4927,1,10272,3812,6460,0,0,0,1.0,1,1.0,1,1.0,1,0.1019340710419616,55
4928,1,10273,3812,6461,0,0,0,1.0,1,1.0,1,1.0,1,0.07876056739057778,55
4929,1,10274,3812,6462,0,0,0,1.0,1,1.0,1,1.0,1,0.05566600742589095,56
4930,5,10279,3815,6464,0,0,0,1.0,1,1.0,1,1.0,1,0.1345696024615307,58
4931,2,10281,3815,6466,0,0,0,1.0,1,1.0,1,1.0,1,0.12194866765189795,59
4932,0,10281,3815,6466,0,0,0,1.0,1,1.0,1,1.0,1,0.12601408294944422,60
4933,1,10282,3815,6467,0,0,0,1.0,1,1.0,1,1.0,1,0.11596243476742736,60
4934,0,10282,3815,6467,0,0,0,1.0,1,1.0,1,1.0,1,0.11596243476742736,60
4935,1,10283,3815,6468,0,0,0,1.0,1,1.0,1,1.0,1,0.09587680602356158,60
4936,2,10285,3817,6468,0,0,0,1.0,1,1.0,1,1.0,1,0.1346826105626548,61
4937,2,10287,3817,6470,0,0,0,1.0,1,1.0,1,1.0,1,0.13121148619801448,62
4938,1,10288,3817,6471,0,0,0,1.0,1,1.0,1,1.0,1,0.10877475655711122,62
4939,5,10293,3820,6473,0,0,0,1.0,1,1.0,1,1.0,1,0.13916710899235252,64
4940,4,10297,3820,6477,0,0,0,1.0,1,1.0,1,1.0,1,0.12069254694075944,67
4941,3,10300,3820,6480,0,0,0,1.0,1,1.0,1,1.0,1,0.11341085839892431,66
4942,2,10302,3821,6481,0,0,0,1.0,1,1.0,1,1.0,1,0.10404162214170795,67
4943,0,10302,3821,6481,0,0,0,1.0,1,1.0,1,1.0,1,0.12183528696542088,65
4944,2,10304,3822,6482,0,0,0,1.0,1,1.0,1,1.0,1,0.11204697401355171,65
4945,3,10307,3824,6483,0,0,0,1.0,1,1.0,1,1.0,1,0.09910130440948577,62
4946,1,10308,3825,6483,0,0,0,1.0,1,1.0,1,1.0,1,0.10898339761741628,61
4947,6,10314,3828,6486,0,0,0,1.0,1,1.0,1,1.0,1,0.0946606239227441,59
4948,4,10318,3832,6486,0,0,0,1.0,1,1.0,1,1.0,1,0.13314939606029924,59
4949,2,10320,3832,6488,0,0,0,1.0,1,1.0,1,1.0,1,0.08276597103340674,57
4950,10,10330,3836,6494,0,0,0,1.0,1,1.0,1,1.0,1,0.09131176371723045,58
4951,3,10333,3839,6494,0,0,0,1.0,1,1.0,1,1.0,1,0.0969135100696364,55
4952,2,10335,3841,6494,0,0,0,1.0,1,1.0,1,1.0,1,0.1346907528757154,53
4953,8,10343,3844,6499,0,0,0,1.0,1,1.0,1,1.0,1,0.14554932463124629,54
4954,1,10344,3844,6500,0,0,0,1.0,1,1.0,1,1.0,1,0.09625185660332286,52
4955,3,10347,3846,6501,0,0,0,1.0,1,1.0,1,1.0,1,0.13892077524136986,51
4956,0,10347,3846,6501,0,0,0,1.0,1,1.0,1,1.0,1,0.10055064811043045,47
4957,3,10350,3846,6504,0,0,0,1.0,1,1.0,1,1.0,1,0.08218809120533603,48
4958,1,10351,3846,6505,0,0,0,1.0,1,1.0,1,1.0,1,0.08690380497092416,47
4959,1,10352,3846,6506,0,0,0,1.0,1,1.0,1,1.0,1,0.08903365623655722,47
4960,1,10353,3846,6507,0,0,0,1.0,1,1.0,1,1.0,1,0.059334299849154726,48
4961,3,10356,3848,6508,0,0,0,1.0,1,1.0,1,1.0,1,0.09576495186958836,49
4962,0,10356,3848,6508,0,0,0,1.0,1,1.0,1,1.0,1,0.09576495186958836,49
4963,1,10357,3848,6509,0,0,0,1.0,1,1.0,1,1.0,1,0.08273057567501971,51
4964,2,10359,3850,6509,0,0,0,1.0,1,1.0,1,1.0,1,0.13271368522316274,51
4965,2,10361,3850,6511,0,0,0,1.0,1,1.0,1,1.0,1,0.10812420179430797,51
4966,4,10365,3851,6514,0,0,0,1.0,1,1.0,1,1.0,1,0.07533863809961087,51
4967,1,10366,3852,6514,0,0,0,1.0,1,1.0,1,1.0,1,0.10948600411852982,51
4968,3,10369,3854,6515,0,0,0,1.0,1,1.0,1,1.0,1,0.11243256836044603,52
4969,3,10372,3855,6517,0,0,0,1.0,1,1.0,1,1.0,1,0.09558257150457679,53
4970,1,10373,3856,6517,0,0,0,1.0,1,1.0,1,1.0,1,0.13521959117550814,54
4971,2,10375,3856,6519,0,0,0,1.0,1,1.0,1,1.0,1,0.10497515896733638,55
4972,5,10380,3859,6521,0,0,0,1.0,1,1.0,1,1.0,1,0.19089376153841164,56
4973,6,10386,3860,6526,0,0,0,1.0,1,1.0,1,1.0,1,0.10180719814116072,57
4974,3,10389,3861,6528,0,0,0,1.0,1,1.0,1,1.0,1,0.10667622371145571,56
4975,2,10391,3861,6530,0,0,0,1.0,1,1.0,1,1.0,1,0.07777441749294363,57
4976,0,10391,3861,6530,0,0,0,1.0,1,1.0,1,1.0,1,0.07801150158070531,57
4977,1,10392,3861,6531,0,0,0,1.0,1,1.0,1,1.0,1,0.05864319970445625,57
4978,3,10395,3863,6532,0,0,0,1.0,1,1.0,1,1.0,1,0.09076126968729295,58
4979,1,10396,3864,6532,0,0,0,1.0,1,1.0,1,1.0,1,0.12147051244653287,58
4980,3,10399,3864,6535,0,0,0,1.0,1,1.0,1,1.0,1,0.08456236861293062,59
4981,3,10402,3865,6537,0,0,0,1.0,1,1.0,1,1.0,1,0.08963883952144483,60
4982,2,10404,3866,6538,0,0,0,1.0,1,1.0,1,1.0,1,0.0773010058052892,61
4983,3,10407,3868,6539,0,0,0,1.0,1,1.0,1,1.0,1,0.08580603041793712,61
4984,1,10408,3869,6539,0,0,0,1.0,1,1.0,1,1.0,1,0.08931082408256616,59
4985,1,10409,3869,6540,0,0,0,1.0,1,1.0,1,1.0,1,0.0963708962133774,58
4986,1,10410,3870,6540,0,0,0,1.0,1,1.0,1,1.0,1,0.10462126480981006,59
4987,4,10414,3873,6541,0,0,0,1.0,1,1.0,1,1.0,1,0.137293852495456,58
4988,6,10420,3874,6546,0,0,0,1.0,1,1.0,1,1.0,1,0.10472171756466452,57
4989,3,10423,3875,6548,0,0,0,1.0,1,1.0,1,1.0,1,0.10169735168119863,54
4990,3,10426,3876,6550,0,0,0,1.0,1,1.0,1,1.0,1,0.1121836304194114,53
4991,4,10430,3879,6551,0,0,0,1.0,1,1.0,1,1.0,1,0.15041993927330213,52
4992,4,10434,3881,6553,0,0,0,1.0,1,1.0,1,1.0,1,0.16785267167818763,48
4993,3,10437,3882,6555,0,0,0,1.0,1,1.0,1,1.0,1,0.14499469416267793,48
4994,2,10439,3883,6556,0,0,0,1.0,1,1.0,1,1.0,1,0.14482920960066897,45
4995,1,10440,3884,6556,0,0,0,1.0,1,1.0,1,1.0,1,0.15444621664440947,45
4996,2,10442,3885,6557,0,0,0,1.0,1,1.0,1,1.0,1,0.12965542441870756,45
4997,3,10445,3885,6560,0,0,0,1.0,1,1.0,1,1.0,1,0.11582048337062699,42
4998,0,10445,3885,6560,0,0,0,1.0,1,1.0,1,1.0,1,0.11879148883217151,44
4999,2,10447,3887,6560,0,0,0,1.0,1,1.0,1,1.0,1,0.14623787738911057,44
5000,1,10448,3888,6560,0,0,0,1.0,1,1.0,1,1.0,1,0.18189088533439862,42
5001,5,10453,3888,6565,0,0,0,1.0,1,1.0,1,1.0,1,0.1541417129546433,42
5002,3,10456,3890,6566,0,0,0,1.0,1,1.0,1,1.0,1,0.17526279690905763,41
5003,4,10460,3891,6569,0,0,0,1.0,1,1.0,1,1.0,1,0.21959463443335595,41
5004,2,10462,3891,6571,0,0,0,1.0,1,1.0,1,1.0,1,0.22767416493620807,41
5005,2,10464,3891,6573,0,0,0,1.0,1,1.0,1,1.0,1,0.2041679571552843,41
5006,1,10465,3891,6574,0,0,0,1.0,1,1.0,1,1.0,1,0.17863776834881712,42
5007,0,10465,3891,6574,0,0,0,1.0,1,1.0,1,1.0,1,0.16834894006436857,43
5008,2,10467,3891,6576,0,0,0,1.0,1,1.0,1,1.0,1,0.1657239043655783,46
5009,0,10467,3891,6576,0,0,0,1.0,1,1.0,1,1.0,1,0.1657239043655783,46
5010,0,10467,3891,6576,0,0,0,1.0,1,1.0,1,1.0,1,0.1685523313430241,46
5011,0,10467,3891,6576,0,0,0,1.0,1,1.0,1,1.0,1,0.15552247679038772,47
5012,0,10467,3891,6576,0,0,0,1.0,1,1.0,1,1.0,1,0.1532655898320896,48
5013,0,10467,3891,6576,0,0,0,1.0,1,1.0,1,1.0,1,0.1532655898320896,48
5014,0,10467,3891,6576,0,0,0,1.0,1,1.0,1,1.0,1,0.16300490954270444,49
5015,2,10469,3892,6577,0,0,0,1.0,1,1.0,1,1.0,1,0.14429409077626687,50
5016,2,10471,3893,6578,0,0,0,1.0,1,1.0,1,1.0,1,0.1830534430413975,51
5017,3,10474,3893,6581,0,0,0,1.0,1,1.0,1,1.0,1,0.12560566257377603,51
5018,0,10474,3893,6581,0,0,0,1.0,1,1.0,1,1.0,1,0.12560566257377603,51
5019,2,10476,3895,6581,0,0,0,1.0,1,1.0,1,1.0,1,0.1564023546720778,51
5020,0,10476,3895,6581,0,0,0,1.0,1,1.0,1,1.0,1,0.1564023546720778,51
5021,3,10479,3896,6583,0,0,0,1.0,1,1.0,1,1.0,1,0.12018948165886262,52
5022,0,10479,3896,6583,0,0,0,1.0,1,1.0,1,1.0,1,0.12018948165886262,52
5023,6,10485,3899,6586,0,0,0,1.0,1,1.0,1,1.0,1,0.10988460061268364,52
5024,5,10490,3902,6588,0,0,0,1.0,1,1.0,1,1.0,1,0.12058247097638686,51
5025,2,10492,3902,6590,0,0,0,1.0,1,1.0,1,1.0,1,0.08416959799071272,50
5026,1,10493,3903,6590,0,0,0,1.0,1,1.0,1,1.0,1,0.14554991833612327,49
5027,3,10496,3905,6591,0,0,0,1.0,1,1.0,1,1.0,1,0.15373416355744227,47
5028,3,10499,3907,6592,0,0,0,1.0,1,1.0,1,1.0,1,0.20296603620166653,47
5029,5,10504,3908,6596,0,0,0,1.0,1,1.0,1,1.0,1,0.1624072613685325,46
5030,1,10505,3908,6597,0,0,0,1.0,1,1.0,1,1.0,1,0.14022561644534995,48
5031,0,10505,3908,6597,0,0,0,1.0,1,1.0,1,1.0,1,0.1515992963159315,46
5032,1,10506,3909,6597,0,0,0,1.0,1,1.0,1,1.0,1,0.1878244501764641,46
5033,5,10511,3911,6600,0,0,0,1.0,1,1.0,1,1.0,1,0.12508036363188124,47
5034,1,10512,3912,6600,0,0,0,1.0,1,1.0,1,1.0,1,0.14747565261305834,48
5035,2,10514,3912,6602,0,0,0,1.0,1,1.0,1,1.0,1,0.1356669292042878,47
5036,1,10515,3913,6602,0,0,0,1.0,1,1.0,1,1.0,1,0.12684305600776868,47
5037,0,10515,3913,6602,0,0,0,1.0,1,1.0,1,1.0,1,0.11443262111562048,47
5038,1,10516,3914,6602,0,0,0,1.0,1,1.0,1,1.0,1,0.12751053263853887,48
5039,0,10516,3914,6602,0,0,0,1.0,1,1.0,1,1.0,1,0.11500506696399876,47
5040,0,10516,3914,6602,0,0,0,1.0,1,1.0,1,1.0,1,0.1202290650793887,48
5041,3,10519,3914,6605,0,0,0,1.0,1,1.0,1,1.0,1,0.0793911147932674,49
5042,0,10519,3914,6605,0,0,0,1.0,1,1.0,1,1.0,1,0.09331455548949176,50
5043,0,10519,3914,6605,0,0,0,1.0,1,1.0,1,1.0,1,0.07354458445172682,51
5044,0,10519,3914,6605,0,0,0,1.0,1,1.0,1,1.0,1,0.07354458445172682,51
5045,1,10520,3915,6605,0,0,0,1.0,1,1.0,1,1.0,1,0.06909740332881381,51
5046,1,10521,3916,6605,0,0,0,1.0,1,1.0,1,1.0,1,0.10127025254364828,52
5047,1,10522,3916,6606,0,0,0,1.0,1,1.0,1,1.0,1,0.09958392196827677,52
5048,0,10522,3916,6606,0,0,0,1.0,1,1.0,1,1.0,1,0.09958392196827677,52
5049,2,10524,3916,6608,0,0,0,1.0,1,1.0,1,1.0,1,0.12111435181017541,52
5050,3,10527,3917,6610,0,0,0,1.0,1,1.0,1,1.0,1,0.1109207352176944,55
5051,4,10531,3917,6614,0,0,0,1.0,1,1.0,1,1.0,1,0.11986831248844214,55
5052,2,10533,3917,6616,0,0,0,1.0,1,1.0,1,1.0,1,0.09092074957850027,55
5053,1,10534,3917,6617,0,0,0,1.0,1,1.0,1,1.0,1,0.08761579349988238,54
5054,1,10535,3918,6617,0,0,0,1.0,1,1.0,1,1.0,1,0.09975688046943226,54
5055,1,10536,3918,6618,0,0,0,1.0,1,1.0,1,1.0,1,0.10124801367088641,54
5056,0,10536,3918,6618,0,0,0,1.0,1,1.0,1,1.0,1,0.11227964150167152,55
5057,2,10538,3918,6620,0,0,0,1.0,1,1.0,1,1.0,1,0.09943950396437042,56
5058,2,10540,3918,6622,0,0,0,1.0,1,1.0,1,1.0,1,0.09623388348094436,58
5059,1,10541,3918,6623,0,0,0,1.0,1,1.0,1,1.0,1,0.08283196370061406,58
5060,2,10543,3919,6624,0,0,0,1.0,1,1.0,1,1.0,1,0.08267086744380193,59
5061,1,10544,3919,6625,0,0,0,1.0,1,1.0,1,1.0,1,0.0823647261333354,58
5062,2,10546,3921,6625,0,0,0,1.0,1,1.0,1,1.0,1,0.08597395487782723,58
5063,12,10558,3927,6631,0,0,0,1.0,1,1.0,1,1.0,1,0.12504831767222188,57
5064,5,10563,3929,6634,0,0,0,1.0,1,1.0,1,1.0,1,0.14245040379456295,57
5065,3,10566,3931,6635,0,0,0,1.0,1,1.0,1,1.0,1,0.16826560201075952,56
5066,4,10570,3933,6637,0,0,0,1.0,1,1.0,1,1.0,1,0.20122590851874672,55
5067,1,10571,3933,6638,0,0,0,1.0,1,1.0,1,1.0,1,0.16661597550739782,54
5068,4,10575,3935,6640,0,0,0,1.0,1,1.0,1,1.0,1,0.17329522190500038,54
5069,6,10581,3935,6646,0,0,0,1.0,1,1.0,1,1.0,1,0.08975952857885205,53
5070,2,10583,3936,6647,0,0,0,1.0,1,1.0,1,1.0,1,0.12279526839150383,53
5071,4,10587,3938,6649,0,0,0,1.0,1,1.0,1,1.0,1,0.14135662227687917,53
5072,3,10590,3939,6651,0,0,0,1.0,1,1.0,1,1.0,1,0.12729125320003506,53
5073,4,10594,3939,6655,0,0,0,1.0,1,1.0,1,1.0,1,0.09151951754174908,53
5074,0,10594,3939,6655,0,0,0,1.0,1,1.0,1,1.0,1,0.08153529997956845,52
5075,0,10594,3939,6655,0,0,0,1.0,1,1.0,1,1.0,1,0.08153529997956845,52
5076,1,10595,3940,6655,0,0,0,1.0,1,1.0,1,1.0,1,0.07713495068890923,55
5077,2,10597,3941,6656,0,0,0,1.0,1,1.0,1,1.0,1,0.08825658569607335,55
5078,0,10597,3941,6656,0,0,0,1.0,1,1.0,1,1.0,1,0.08825658569607335,55
5079,0,10597,3941,6656,0,0,0,1.0,1,1.0,1,1.0,1,0.10426062959263438,54
5080,1,10598,3942,6656,0,0,0,1.0,1,1.0,1,1.0,1,0.12000786421765278,55
5081,2,10600,3942,6658,0,0,0,1.0,1,1.0,1,1.0,1,0.10310075709521625,57
5082,0,10600,3942,6658,0,0,0,1.0,1,1.0,1,1.0,1,0.10310075709521625,57
5083,1,10601,3942,6659,0,0,0,1.0,1,1.0,1,1.0,1,0.08814324375593846,58
5084,0,10601,3942,6659,0,0,0,1.0,1,1.0,1,1.0,1,0.08814324375593846,58
5085,2,10603,3943,6660,0,0,0,1.0,1,1.0,1,1.0,1,0.09449108540531045,59
5086,1,10604,3944,6660,0,0,0,1.0,1,1.0,1,1.0,1,0.08452998949348191,60
5087,3,10607,3946,6661,0,0,0,1.0,1,1.0,1,1.0,1,0.1453971459506072,61
5088,6,10613,3948,6665,0,0,0,1.0,1,1.0,1,1.0,1,0.16237610625395327,62
5089,2,10615,3949,6666,0,0,0,1.0,1,1.0,1,1.0,1,0.12751320563644736,63
5090,0,10615,3949,6666,0,0,0,1.0,1,1.0,1,1.0,1,0.12751320563644736,63
5091,4,10619,3951,6668,0,0,0,1.0,1,1.0,1,1.0,1,0.11653038484347465,63
5092,0,10619,3951,6668,0,0,0,1.0,1,1.0,1,1.0,1,0.11653038484347465,63
5093,7,10626,3955,6671,0,0,0,1.0,1,1.0,1,1.0,1,0.09298687339797976,63
5094,5,10631,3958,6673,0,0,0,1.0,1,1.0,1,1.0,1,0.11153114708575262,64
5095,6,10637,3959,6678,0,0,0,1.0,1,1.0,1,1.0,1,0.13549856443703517,64
5096,4,10641,3959,6682,0,0,0,1.0,1,1.0,1,1.0,1,0.14816148709859212,67
5097,7,10648,3959,6689,0,0,0,1.0,1,1.0,1,1.0,1,0.07258756175731597,67
5098,1,10649,3960,6689,0,0,0,1.0,1,1.0,1,1.0,1,0.08219685177519295,68
5099,3,10652,3960,6692,0,0,0,1.0,1,1.0,1,1.0,1,0.06586980246498543,70
5100,0,10652,3960,6692,0,0,0,1.0,1,1.0,1,1.0,1,0.07344003824664952,71
5101,2,10654,3961,6693,0,0,0,1.0,1,1.0,1,1.0,1,0.06799440823956082,71
5102,1,10655,3962,6693,0,0,0,1.0,1,1.0,1,1.0,1,0.09643687391072264,70
5103,1,10656,3963,6693,0,0,0,1.0,1,1.0,1,1.0,1,0.08344217464012794,67
5104,4,10660,3966,6694,0,0,0,1.0,1,1.0,1,1.0,1,0.09836144821869404,67
5105,4,10664,3970,6694,0,0,0,1.0,1,1.0,1,1.0,1,0.12822410458833317,63
5106,3,10667,3971,6696,0,0,0,1.0,1,1.0,1,1.0,1,0.13768139702303425,63
5107,4,10671,3973,6698,0,0,0,1.0,1,1.0,1,1.0,1,0.1332081707551685,60
5108,3,10674,3975,6699,0,0,0,1.0,1,1.0,1,1.0,1,0.13059259990706995,56
5109,3,10677,3976,6701,0,0,0,1.0,1,1.0,1,1.0,1,0.11745538907089188,56
5110,2,10679,3977,6702,0,0,0,1.0,1,1.0,1,1.0,1,0.07662539926609763,52
5111,6,10685,3983,6702,0,0,0,1.0,1,1.0,1,1.0,1,0.1442380099224874,51
5112,2,10687,3984,6703,0,0,0,1.0,1,1.0,1,1.0,1,0.13355520121610412,50
5113,4,10691,3986,6705,0,0,0,1.0,1,1.0,1,1.0,1,0.14255712845566684,48
5114,1,10692,3987,6705,0,0,0,1.0,1,1.0,1,1.0,1,0.12087350071532771,46
5115,0,10692,3987,6705,0,0,0,1.0,1,1.0,1,1.0,1,0.10752236017635071,44
5116,2,10694,3989,6705,0,0,0,1.0,1,1.0,1,1.0,1,0.13140451409456635,44
5117,0,10694,3989,6705,0,0,0,1.0,1,1.0,1,1.0,1,0.12222762183880267,46
5118,0,10694,3989,6705,0,0,0,1.0,1,1.0,1,1.0,1,0.12222762183880267,46
5119,0,10694,3989,6705,0,0,0,1.0,1,1.0,1,1.0,1,0.12222762183880267,46
5120,2,10696,3989,6707,0,0,0,1.0,1,1.0,1,1.0,1,0.0965646094565608,46
5121,1,10697,3990,6707,0,0,0,1.0,1,1.0,1,1.0,1,0.10359776197203784,46
5122,3,10700,3993,6707,0,0,0,1.0,1,1.0,1,1.0,1,0.1699452442727629,46
5123,5,10705,3995,6710,0,0,0,1.0,1,1.0,1,1.0,1,0.14836583130968362,45
5124,3,10708,3996,6712,0,0,0,1.0,1,1.0,1,1.0,1,0.13664066366618266,47
5125,3,10711,3996,6715,0,0,0,1.0,1,1.0,1,1.0,1,0.12316570118613358,50
5126,2,10713,3997,6716,0,0,0,1.0,1,1.0,1,1.0,1,0.111492246580231,50
5127,2,10715,3997,6718,0,0,0,1.0,1,1.0,1,1.0,1,0.09660756495992952,52
5128,0,10715,3997,6718,0,0,0,1.0,1,1.0,1,1.0,1,0.10609154594910987,53
5129,4,10719,3997,6722,0,0,0,1.0,1,1.0,1,1.0,1,0.1102929427055233,55
5130,2,10721,3998,6723,0,0,0,1.0,1,1.0,1,1.0,1,0.11734361138084964,55
5131,0,10721,3998,6723,0,0,0,1.0,1,1.0,1,1.0,1,0.1258404263109733,54
5132,0,10721,3998,6723,0,0,0,1.0,1,1.0,1,1.0,1,0.1400422345500295,54
5133,2,10723,3998,6725,0,0,0,1.0,1,1.0,1,1.0,1,0.10586191620263143,54
5134,0,10723,3998,6725,0,0,0,1.0,1,1.0,1,1.0,1,0.12253847238841413,53
5135,0,10723,3998,6725,0,0,0,1.0,1,1.0,1,1.0,1,0.13126424902745198,54
5136,1,10724,3998,6726,0,0,0,1.0,1,1.0,1,1.0,1,0.15873638860699832,54
5137,4,10728,3999,6729,0,0,0,1.0,1,1.0,1,1.0,1,0.09918279617063651,54
5138,1,10729,4000,6729,0,0,0,1.0,1,1.0,1,1.0,1,0.1295958546847409,54
5139,1,10730,4001,6729,0,0,0,1.0,1,1.0,1,1.0,1,0.11529088083575426,55
5140,3,10733,4004,6729,0,0,0,1.0,1,1.0,1,1.0,1,0.15678888538449742,55
5141,6,10739,4004,6735,0,0,0,1.0,1,1.0,1,1.0,1,0.13102344851006625,53
5142,4,10743,4006,6737,0,0,0,1.0,1,1.0,1,1.0,1,0.1044196470174175,54
5143,2,10745,4007,6738,0,0,0,1.0,1,1.0,1,1.0,1,0.102587374419988,52
5144,6,10751,4009,6742,0,0,0,1.0,1,1.0,1,1.0,1,0.06646557690222007,50
5145,2,10753,4011,6742,0,0,0,1.0,1,1.0,1,1.0,1,0.08661310809683559,49
5146,1,10754,4011,6743,0,0,0,1.0,1,1.0,1,1.0,1,0.07624895910791092,49
5147,0,10754,4011,6743,0,0,0,1.0,1,1.0,1,1.0,1,0.06758990829956109,46
5148,1,10755,4012,6743,0,0,0,1.0,1,1.0,1,1.0,1,0.08852031387739137,46
5149,3,10758,4013,6745,0,0,0,1.0,1,1.0,1,1.0,1,0.09235407648269078,45
5150,4,10762,4016,6746,0,0,0,1.0,1,1.0,1,1.0,1,0.11129079881695533,47
5151,2,10764,4017,6747,0,0,0,1.0,1,1.0,1,1.0,1,0.11805734512218775,46
5152,7,10771,4020,6751,0,0,0,1.0,1,1.0,1,1.0,1,0.12973013593297647,46
5153,0,10771,4020,6751,0,0,0,1.0,1,1.0,1,1.0,1,0.12396691679231903,45
5154,1,10772,4020,6752,0,0,0,1.0,1,1.0,1,1.0,1,0.14361517220002362,47
5155,3,10775,4021,6754,0,0,0,1.0,1,1.0,1,1.0,1,0.16858293234384916,47
5156,4,10779,4023,6756,0,0,0,1.0,1,1.0,1,1.0,1,0.19243191057033104,47
5157,3,10782,4023,6759,0,0,0,1.0,1,1.0,1,1.0,1,0.11431666180691398,46
5158,0,10782,4023,6759,0,0,0,1.0,1,1.0,1,1.0,1,0.11798178367411055,47
5159,1,10783,4023,6760,0,0,0,1.0,1,1.0,1,1.0,1,0.11607894909221292,49
5160,1,10784,4023,6761,0,0,0,1.0,1,1.0,1,1.0,1,0.1174132753874068,48
5161,1,10785,4023,6762,0,0,0,1.0,1,1.0,1,1.0,1,0.10908415981858093,48
5162,0,10785,4023,6762,0,0,0,1.0,1,1.0,1,1.0,1,0.10446399875509409,49
5163,1,10786,4023,6763,0,0,0,1.0,1,1.0,1,1.0,1,0.10606212115618194,51
5164,0,10786,4023,6763,0,0,0,1.0,1,1.0,1,1.0,1,0.10606212115618194,51
5165,5,10791,4025,6766,0,0,0,1.0,1,1.0,1,1.0,1,0.1117886263780157,52
5166,2,10793,4027,6766,0,0,0,1.0,1,1.0,1,1.0,1,0.12564197178360637,52
5167,4,10797,4029,6768,0,0,0,1.0,1,1.0,1,1.0,1,0.15466634164653176,52
5168,2,10799,4029,6770,0,0,0,1.0,1,1.0,1,1.0,1,0.13134521589303516,52
5169,6,10805,4030,6775,0,0,0,1.0,1,1.0,1,1.0,1,0.06806355742134644,53
5170,0,10805,4030,6775,0,0,0,1.0,1,1.0,1,1.0,1,0.06806355742134644,53
5171,0,10805,4030,6775,0,0,0,1.0,1,1.0,1,1.0,1,0.07658504853974848,52
5172,2,10807,4031,6776,0,0,0,1.0,1,1.0,1,1.0,1,0.09810475204464911,53
5173,1,10808,4031,6777,0,0,0,1.0,1,1.0,1,1.0,1,0.1098249974210674,54
5174,1,10809,4031,6778,0,0,0,1.0,1,1.0,1,1.0,1,0.09782018554572972,56
5175,1,10810,4031,6779,0,0,0,1.0,1,1.0,1,1.0,1,0.08641804490837114,58
5176,0,10810,4031,6779,0,0,0,1.0,1,1.0,1,1.0,1,0.08641804490837114,58
5177,1,10811,4031,6780,0,0,0,1.0,1,1.0,1,1.0,1,0.08241100625111272,59
5178,4,10815,4035,6780,0,0,0,1.0,1,1.0,1,1.0,1,0.12894006230025085,57
5179,1,10816,4035,6781,0,0,0,1.0,1,1.0,1,1.0,1,0.11561853897616847,58
5180,0,10816,4035,6781,0,0,0,1.0,1,1.0,1,1.0,1,0.1076769165209196,56
5181,3,10819,4036,6783,0,0,0,1.0,1,1.0,1,1.0,1,0.0702973240661851,57
5182,1,10820,4037,6783,0,0,0,1.0,1,1.0,1,1.0,1,0.08212776172842155,56
5183,0,10820,4037,6783,0,0,0,1.0,1,1.0,1,1.0,1,0.09555959728218792,57
5184,3,10823,4039,6784,0,0,0,1.0,1,1.0,1,1.0,1,0.10749357930922908,56
5185,1,10824,4040,6784,0,0,0,1.0,1,1.0,1,1.0,1,0.10604117647477326,56
5186,2,10826,4042,6784,0,0,0,1.0,1,1.0,1,1.0,1,0.1425538879342537,54
5187,4,10830,4042,6788,0,0,0,1.0,1,1.0,1,1.0,1,0.059763000098186796,51
5188,1,10831,4043,6788,0,0,0,1.0,1,1.0,1,1.0,1,0.08861887591002174,50
5189,0,10831,4043,6788,0,0,0,1.0,1,1.0,1,1.0,1,0.10364298792341778,49
5190,0,10831,4043,6788,0,0,0,1.0,1,1.0,1,1.0,1,0.11157407140947341,50
5191,1,10832,4043,6789,0,0,0,1.0,1,1.0,1,1.0,1,0.08837060038046189,50
5192,3,10835,4045,6790,0,0,0,1.0,1,1.0,1,1.0,1,0.10502463351499045,49
5193,3,10838,4046,6792,0,0,0,1.0,1,1.0,1,1.0,1,0.11516325695944259,50
5194,0,10838,4046,6792,0,0,0,1.0,1,1.0,1,1.0,1,0.13375145380966577,51
5195,1,10839,4047,6792,0,0,0,1.0,1,1.0,1,1.0,1,0.17054974856398117,51
5196,1,10840,4047,6793,0,0,0,1.0,1,1.0,1,1.0,1,0.16690221607456657,51
5197,8,10848,4047,6801,0,0,0,1.0,1,1.0,1,1.0,1,0.10799376751951799,51
5198,1,10849,4047,6802,0,0,0,1.0,1,1.0,1,1.0,1,0.11823275582539598,51
5199,2,10851,4047,6804,0,0,0,1.0,1,1.0,1,1.0,1,0.07847287947453803,54
5200,2,10853,4047,6806,0,0,0,1.0,1,1.0,1,1.0,1,0.0782455765727825,54
5201,2,10855,4048,6807,0,0,0,1.0,1,1.0,1,1.0,1,0.08204503266642092,55
5202,2,10857,4048,6809,0,0,0,1.0,1,1.0,1,1.0,1,0.06631522383629916,56
5203,0,10857,4048,6809,0,0,0,1.0,1,1.0,1,1.0,1,0.06631522383629916,56
5204,1,10858,4048,6810,0,0,0,1.0,1,1.0,1,1.0,1,0.06858796482555572,58
5205,0,10858,4048,6810,0,0,0,1.0,1,1.0,1,1.0,1,0.06858796482555572,58
5206,0,10858,4048,6810,0,0,0,1.0,1,1.0,1,1.0,1,0.06858796482555572,58
5207,1,10859,4048,6811,0,0,0,1.0,1,1.0,1,1.0,1,0.07342550512252927,59
5208,0,10859,4048,6811,0,0,0,1.0,1,1.0,1,1.0,1,0.09125035912595715,58
5209,2,10861,4048,6813,0,0,0,1.0,1,1.0,1,1.0,1,0.05403138737470941,58
5210,0,10861,4048,6813,0,0,0,1.0,1,1.0,1,1.0,1,0.06988034198233964,57
5211,1,10862,4049,6813,0,0,0,1.0,1,1.0,1,1.0,1,0.08838270323799917,57
5212,0,10862,4049,6813,0,0,0,1.0,1,1.0,1,1.0,1,0.1106492410692269,59
5213,4,10866,4051,6815,0,0,0,1.0,1,1.0,1,1.0,1,0.13302711326435993,59
5214,5,10871,4053,6818,0,0,0,1.0,1,1.0,1,1.0,1,0.14227117419905516,59
5215,2,10873,4055,6818,0,0,0,1.0,1,1.0,1,1.0,1,0.19443728519592596,58
5216,4,10877,4055,6822,0,0,0,1.0,1,1.0,1,1.0,1,0.1429301410239803,59
5217,4,10881,4058,6823,0,0,0,1.0,1,1.0,1,1.0,1,0.14784377177771268,58
5218,5,10886,4061,6825,0,0,0,1.0,1,1.0,1,1.0,1,0.14665268440379983,58
5219,0,10886,4061,6825,0,0,0,1.0,1,1.0,1,1.0,1,0.11490593000792053,57
5220,2,10888,4062,6826,0,0,0,1.0,1,1.0,1,1.0,1,0.13833293656960213,56
5221,3,10891,4063,6828,0,0,0,1.0,1,1.0,1,1.0,1,0.14365271631251023,58
5222,0,10891,4063,6828,0,0,0,1.0,1,1.0,1,1.0,1,0.1669360410712871,56
5223,2,10893,4064,6829,0,0,0,1.0,1,1.0,1,1.0,1,0.17659878633409543,55
5224,1,10894,4065,6829,0,0,0,1.0,1,1.0,1,1.0,1,0.1598105553864451,56
5225,4,10898,4066,6832,0,0,0,1.0,1,1.0,1,1.0,1,0.13694870171286302,55
5226,0,10898,4066,6832,0,0,0,1.0,1,1.0,1,1.0,1,0.13694870171286302,55
5227,0,10898,4066,6832,0,0,0,1.0,1,1.0,1,1.0,1,0.14407541900984303,53
5228,0,10898,4066,6832,0,0,0,1.0,1,1.0,1,1.0,1,0.15303043224669682,51
5229,5,10903,4066,6837,0,0,0,1.0,1,1.0,1,1.0,1,0.09402317140116698,51
5230,0,10903,4066,6837,0,0,0,1.0,1,1.0,1,1.0,1,0.09173365244684684,51
5231,3,10906,4068,6838,0,0,0,1.0,1,1.0,1,1.0,1,0.11563351206219033,52
5232,2,10908,4069,6839,0,0,0,1.0,1,1.0,1,1.0,1,0.14076240315809765,52
5233,5,10913,4070,6843,0,0,0,1.0,1,1.0,1,1.0,1,0.1374772398284043,53
5234,5,10918,4072,6846,0,0,0,1.0,1,1.0,1,1.0,1,0.10430201967264424,53
5235,0,10918,4072,6846,0,0,0,1.0,1,1.0,1,1.0,1,0.10430201967264424,53
5236,0,10918,4072,6846,0,0,0,1.0,1,1.0,1,1.0,1,0.10307638897553834,52
5237,0,10918,4072,6846,0,0,0,1.0,1,1.0,1,1.0,1,0.14118692701814728,52
5238,2,10920,4073,6847,0,0,0,1.0,1,1.0,1,1.0,1,0.13985922115200264,52
5239,0,10920,4073,6847,0,0,0,1.0,1,1.0,1,1.0,1,0.1559830748239392,51
5240,4,10924,4076,6848,0,0,0,1.0,1,1.0,1,1.0,1,0.20758229332328673,53
5241,5,10929,4076,6853,0,0,0,1.0,1,1.0,1,1.0,1,0.17285361329455223,53
5242,2,10931,4076,6855,0,0,0,1.0,1,1.0,1,1.0,1,0.15845616525478565,51
5243,1,10932,4076,6856,0,0,0,1.0,1,1.0,1,1.0,1,0.15037148029104033,51
5244,0,10932,4076,6856,0,0,0,1.0,1,1.0,1,1.0,1,0.16504326096062466,52
5245,5,10937,4077,6860,0,0,0,1.0,1,1.0,1,1.0,1,0.12607931168347447,53
5246,1,10938,4078,6860,0,0,0,1.0,1,1.0,1,1.0,1,0.12446370525719307,53
5247,3,10941,4080,6861,0,0,0,1.0,1,1.0,1,1.0,1,0.16137239702230588,54
5248,1,10942,4081,6861,0,0,0,1.0,1,1.0,1,1.0,1,0.16174427171497713,54
5249,4,10946,4082,6864,0,0,0,1.0,1,1.0,1,1.0,1,0.13772333249163066,55
5250,3,10949,4083,6866,0,0,0,1.0,1,1.0,1,1.0,1,0.1543409366600506,57
5251,1,10950,4083,6867,0,0,0,1.0,1,1.0,1,1.0,1,0.1486982577492605,58
5252,3,10953,4084,6869,0,0,0,1.0,1,1.0,1,1.0,1,0.16125183429832235,58
5253,5,10958,4086,6872,0,0,0,1.0,1,1.0,1,1.0,1,0.15892922538149654,58
5254,1,10959,4086,6873,0,0,0,1.0,1,1.0,1,1.0,1,0.15688859303152963,59
5255,3,10962,4088,6874,0,0,0,1.0,1,1.0,1,1.0,1,0.14098722267670155,58
5256,2,10964,4088,6876,0,0,0,1.0,1,1.0,1,1.0,1,0.1673630566524421,58
5257,4,10968,4089,6879,0,0,0,1.0,1,1.0,1,1.0,1,0.16223474161652232,57
5258,0,10968,4089,6879,0,0,0,1.0,1,1.0,1,1.0,1,0.16850227232528356,55
5259,0,10968,4089,6879,0,0,0,1.0,1,1.0,1,1.0,1,0.1760101819901276,56
5260,2,10970,4090,6880,0,0,0,1.0,1,1.0,1,1.0,1,0.188583969588638,55
5261,3,10973,4090,6883,0,0,0,1.0,1,1.0,1,1.0,1,0.16265390442690203,54
5262,1,10974,4091,6883,0,0,0,1.0,1,1.0,1,1.0,1,0.1737921544731479,54
5263,5,10979,4093,6886,0,0,0,1.0,1,1.0,1,1.0,1,0.17125200652996259,55
5264,2,10981,4095,6886,0,0,0,1.0,1,1.0,1,1.0,1,0.2098309886837909,53
5265,12,10993,4101,6892,0,0,0,1.0,1,1.0,1,1.0,1,0.218267391532844,52
5266,3,10996,4101,6895,0,0,0,1.0,1,1.0,1,1.0,1,0.1964568898902831,49
5267,5,11001,4103,6898,0,0,0,1.0,1,1.0,1,1.0,1,0.1887132159745754,49
5268,3,11004,4104,6900,0,0,0,1.0,1,1.0,1,1.0,1,0.18850182510629737,46
5269,3,11007,4105,6902,0,0,0,1.0,1,1.0,1,1.0,1,0.1372935687438433,45
5270,0,11007,4105,6902,0,0,0,1.0,1,1.0,1,1.0,1,0.14607079272772155,46
5271,4,11011,4108,6903,0,0,0,1.0,1,1.0,1,1.0,1,0.17093798279389763,46
5272,1,11012,4108,6904,0,0,0,1.0,1,1.0,1,1.0,1,0.14812943961133976,45
5273,4,11016,4110,6906,0,0,0,1.0,1,1.0,1,1.0,1,0.11600464253621429,45
5274,1,11017,4110,6907,0,0,0,1.0,1,1.0,1,1.0,1,0.09521799995455424,45
5275,2,11019,4111,6908,0,0,0,1.0,1,1.0,1,1.0,1,0.11909971833126833,46
5276,5,11024,4114,6910,0,0,0,1.0,1,1.0,1,1.0,1,0.1721754127925148,45
5277,4,11028,4115,6913,0,0,0,1.0,1,1.0,1,1.0,1,0.169157854543615,45
5278,1,11029,4116,6913,0,0,0,1.0,1,1.0,1,1.0,1,0.2114693494974197,44
5279,1,11030,4116,6914,0,0,0,1.0,1,1.0,1,1.0,1,0.20863372082355172,45
5280,3,11033,4117,6916,0,0,0,1.0,1,1.0,1,1.0,1,0.21288211788364522,46
5281,1,11034,4117,6917,0,0,0,1.0,1,1.0,1,1.0,1,0.20138048958121452,46
5282,0,11034,4117,6917,0,0,0,1.0,1,1.0,1,1.0,1,0.2051815839523618,47
5283,4,11038,4117,6921,0,0,0,1.0,1,1.0,1,1.0,1,0.1586134485719693,48
5284,0,11038,4117,6921,0,0,0,1.0,1,1.0,1,1.0,1,0.1586134485719693,48
5285,0,11038,4117,6921,0,0,0,1.0,1,1.0,1,1.0,1,0.13779024920484428,48
5286,1,11039,4117,6922,0,0,0,1.0,1,1.0,1,1.0,1,0.13130338898751195,50
5287,0,11039,4117,6922,0,0,0,1.0,1,1.0,1,1.0,1,0.13130338898751195,50
5288,2,11041,4117,6924,0,0,0,1.0,1,1.0,1,1.0,1,0.10731055119459676,51
5289,2,11043,4117,6926,0,0,0,1.0,1,1.0,1,1.0,1,0.07607247252598834,51
5290,0,11043,4117,6926,0,0,0,1.0,1,1.0,1,1.0,1,0.08889154301330458,52
5291,6,11049,4119,6930,0,0,0,1.0,1,1.0,1,1.0,1,0.14997296034223498,52
5292,2,11051,4119,6932,0,0,0,1.0,1,1.0,1,1.0,1,0.15571985405406355,53
5293,2,11053,4120,6933,0,0,0,1.0,1,1.0,1,1.0,1,0.17787195179591853,51
5294,1,11054,4121,6933,0,0,0,1.0,1,1.0,1,1.0,1,0.19758388184552206,50
5295,0,11054,4121,6933,0,0,0,1.0,1,1.0,1,1.0,1,0.22340428460436224,49
5296,1,11055,4122,6933,0,0,0,1.0,1,1.0,1,1.0,1,0.23602752700441038,48
5297,4,11059,4122,6937,0,0,0,1.0,1,1.0,1,1.0,1,0.19099329429284084,46
5298,1,11060,4122,6938,0,0,0,1.0,1,1.0,1,1.0,1,0.18383273275618137,46
5299,2,11062,4122,6940,0,0,0,1.0,1,1.0,1,1.0,1,0.18800183778462892,47
5300,2,11064,4122,6942,0,0,0,1.0,1,1.0,1,1.0,1,0.17032382264448298,48
5301,3,11067,4122,6945,0,0,0,1.0,1,1.0,1,1.0,1,0.1557817196265867,48
5302,5,11072,4125,6947,0,0,0,1.0,1,1.0,1,1.0,1,0.1719149141078708,49
5303,4,11076,4126,6950,0,0,0,1.0,1,1.0,1,1.0,1,0.17709133861515602,48
5304,2,11078,4127,6951,0,0,0,1.0,1,1.0,1,1.0,1,0.1798059183737,48
5305,7,11085,4128,6957,0,0,0,1.0,1,1.0,1,1.0,1,0.09597274872785086,47
5306,2,11087,4129,6958,0,0,0,1.0,1,1.0,1,1.0,1,0.09485907647368504,48
5307,0,11087,4129,6958,0,0,0,1.0,1,1.0,1,1.0,1,0.11222561581139294,48
5308,0,11087,4129,6958,0,0,0,1.0,1,1.0,1,1.0,1,0.12181813015016739,47
5309,3,11090,4130,6960,0,0,0,1.0,1,1.0,1,1.0,1,0.11202891649809625,46
5310,2,11092,4131,6961,0,0,0,1.0,1,1.0,1,1.0,1,0.0767370587607855,46
5311,1,11093,4132,6961,0,0,0,1.0,1,1.0,1,1.0,1,0.08790158148586305,46
5312,1,11094,4133,6961,0,0,0,1.0,1,1.0,1,1.0,1,0.12941701445911283,46
5313,1,11095,4133,6962,0,0,0,1.0,1,1.0,1,1.0,1,0.12720613785643511,46
5314,0,11095,4133,6962,0,0,0,1.0,1,1.0,1,1.0,1,0.12720613785643511,46
5315,4,11099,4136,6963,0,0,0,1.0,1,1.0,1,1.0,1,0.20925928706466732,47
5316,7,11106,4137,6969,0,0,0,1.0,1,1.0,1,1.0,1,0.17586607578968297,48
5317,8,11114,4139,6975,0,0,0,1.0,1,1.0,1,1.0,1,0.15646753439244315,49
5318,2,11116,4140,6976,0,0,0,1.0,1,1.0,1,1.0,1,0.12060289452596168,49
5319,3,11119,4141,6978,0,0,0,1.0,1,1.0,1,1.0,1,0.09310013977522387,50
5320,1,11120,4142,6978,0,0,0,1.0,1,1.0,1,1.0,1,0.10846442850761864,51
5321,1,11121,4142,6979,0,0,0,1.0,1,1.0,1,1.0,1,0.07482283749907363,52
5322,1,11122,4142,6980,0,0,0,1.0,1,1.0,1,1.0,1,0.07966296389101735,53
5323,1,11123,4142,6981,0,0,0,1.0,1,1.0,1,1.0,1,0.07398672820290976,53
5324,2,11125,4142,6983,0,0,0,1.0,1,1.0,1,1.0,1,0.06250269016087179,55
5325,1,11126,4143,6983,0,0,0,1.0,1,1.0,1,1.0,1,0.09139926979592757,55
5326,0,11126,4143,6983,0,0,0,1.0,1,1.0,1,1.0,1,0.09139926979592757,55
5327,1,11127,4143,6984,0,0,0,1.0,1,1.0,1,1.0,1,0.10141694908416378,56
5328,3,11130,4145,6985,0,0,0,1.0,1,1.0,1,1.0,1,0.11815553151928102,57
5329,2,11132,4145,6987,0,0,0,1.0,1,1.0,1,1.0,1,0.09170989157751837,57
5330,4,11136,4148,6988,0,0,0,1.0,1,1.0,1,1.0,1,0.10264156099135432,56
5331,1,11137,4148,6989,0,0,0,1.0,1,1.0,1,1.0,1,0.09766870547544741,57
5332,0,11137,4148,6989,0,0,0,1.0,1,1.0,1,1.0,1,0.09673584526990897,58
5333,2,11139,4148,6991,0,0,0,1.0,1,1.0,1,1.0,1,0.07598464382366528,59
5334,1,11140,4149,6991,0,0,0,1.0,1,1.0,1,1.0,1,0.07638466769159119,59
5335,0,11140,4149,6991,0,0,0,1.0,1,1.0,1,1.0,1,0.08187184370062138,58
5336,0,11140,4149,6991,0,0,0,1.0,1,1.0,1,1.0,1,0.08970232215349067,59
5337,1,11141,4150,6991,0,0,0,1.0,1,1.0,1,1.0,1,0.1086824677136899,60
5338,1,11142,4151,6991,0,0,0,1.0,1,1.0,1,1.0,1,0.12765755547352506,60
5339,1,11143,4152,6991,0,0,0,1.0,1,1.0,1,1.0,1,0.13452850804439995,60
5340,4,11147,4154,6993,0,0,0,1.0,1,1.0,1,1.0,1,0.13402435956440453,60
5341,4,11151,4156,6995,0,0,0,1.0,1,1.0,1,1.0,1,0.11820097823121872,61
5342,2,11153,4158,6995,0,0,0,1.0,1,1.0,1,1.0,1,0.1275205358022661,59
5343,1,11154,4159,6995,0,0,0,1.0,1,1.0,1,1.0,1,0.11476102377404979,58
5344,1,11155,4160,6995,0,0,0,1.0,1,1.0,1,1.0,1,0.14564802342333025,58
5345,7,11162,4162,7000,0,0,0,1.0,1,1.0,1,1.0,1,0.09761509494338294,54
5346,2,11164,4163,7001,0,0,0,1.0,1,1.0,1,1.0,1,0.08868379005784015,54
5347,2,11166,4165,7001,0,0,0,1.0,1,1.0,1,1.0,1,0.07118756574752497,54
5348,2,11168,4166,7002,0,0,0,1.0,1,1.0,1,1.0,1,0.09239509497067608,55
5349,4,11172,4166,7006,0,0,0,1.0,1,1.0,1,1.0,1,0.05311375419161069,56
5350,1,11173,4166,7007,0,0,0,1.0,1,1.0,1,1.0,1,0.06892710544753898,56
5351,0,11173,4166,7007,0,0,0,1.0,1,1.0,1,1.0,1,0.055584047328008326,57
5352,3,11176,4167,7009,0,0,0,1.0,1,1.0,1,1.0,1,0.08883726542256085,57
5353,4,11180,4169,7011,0,0,0,1.0,1,1.0,1,1.0,1,0.06612652228531987,57
5354,0,11180,4169,7011,0,0,0,1.0,1,1.0,1,1.0,1,0.05722880328436318,56
5355,1,11181,4170,7011,0,0,0,1.0,1,1.0,1,1.0,1,0.0693384328454496,57
5356,0,11181,4170,7011,0,0,0,1.0,1,1.0,1,1.0,1,0.0750015350529209,56
5357,0,11181,4170,7011,0,0,0,1.0,1,1.0,1,1.0,1,0.09787913926549408,56
5358,0,11181,4170,7011,0,0,0,1.0,1,1.0,1,1.0,1,0.09186011861607148,57
5359,0,11181,4170,7011,0,0,0,1.0,1,1.0,1,1.0,1,0.09186011861607148,57
5360,0,11181,4170,7011,0,0,0,1.0,1,1.0,1,1.0,1,0.10377412381642409,55
5361,4,11185,4172,7013,0,0,0,1.0,1,1.0,1,1.0,1,0.11226369608861764,56
5362,2,11187,4172,7015,0,0,0,1.0,1,1.0,1,1.0,1,0.0999764029811409,57
5363,3,11190,4173,7017,0,0,0,1.0,1,1.0,1,1.0,1,0.13281948412108197,57
5364,2,11192,4173,7019,0,0,0,1.0,1,1.0,1,1.0,1,0.14323269748793518,58
5365,3,11195,4174,7021,0,0,0,1.0,1,1.0,1,1.0,1,0.11425414811270494,59
5366,6,11201,4175,7026,0,0,0,1.0,1,1.0,1,1.0,1,0.11712721460034342,60
5367,1,11202,4176,7026,0,0,0,1.0,1,1.0,1,1.0,1,0.10948519686164698,60
5368,1,11203,4177,7026,0,0,0,1.0,1,1.0,1,1.0,1,0.10442245617153037,58
5369,2,11205,4178,7027,0,0,0,1.0,1,1.0,1,1.0,1,0.08383239038989666,58
5370,1,11206,4179,7027,0,0,0,1.0,1,1.0,1,1.0,1,0.12851101959546163,57
5371,2,11208,4180,7028,0,0,0,1.0,1,1.0,1,1.0,1,0.13259390089057102,56
5372,3,11211,4183,7028,0,0,0,1.0,1,1.0,1,1.0,1,0.15777299633698283,55
5373,6,11217,4187,7030,0,0,0,1.0,1,1.0,1,1.0,1,0.19896229271562507,54
5374,2,11219,4188,7031,0,0,0,1.0,1,1.0,1,1.0,1,0.1789189822119429,53
5375,4,11223,4189,7034,0,0,0,1.0,1,1.0,1,1.0,1,0.13365318215345437,52
5376,2,11225,4190,7035,0,0,0,1.0,1,1.0,1,1.0,1,0.11508860034829316,52
5377,2,11227,4192,7035,0,0,0,1.0,1,1.0,1,1.0,1,0.13693953787469923,51
5378,3,11230,4194,7036,0,0,0,1.0,1,1.0,1,1.0,1,0.168885489246472,52
5379,0,11230,4194,7036,0,0,0,1.0,1,1.0,1,1.0,1,0.1428849530079229,50
5380,2,11232,4195,7037,0,0,0,1.0,1,1.0,1,1.0,1,0.15351942965745294,51
5381,1,11233,4195,7038,0,0,0,1.0,1,1.0,1,1.0,1,0.11242174886825418,50
5382,3,11236,4197,7039,0,0,0,1.0,1,1.0,1,1.0,1,0.13450319306412467,48
5383,0,11236,4197,7039,0,0,0,1.0,1,1.0,1,1.0,1,0.15873551472234246,48
5384,1,11237,4197,7040,0,0,0,1.0,1,1.0,1,1.0,1,0.13497158175472945,48
5385,2,11239,4197,7042,0,0,0,1.0,1,1.0,1,1.0,1,0.1080918470133751,47
5386,1,11240,4197,7043,0,0,0,1.0,1,1.0,1,1.0,1,0.10997813806368986,48
5387,1,11241,4198,7043,0,0,0,1.0,1,1.0,1,1.0,1,0.10747802335975185,48
5388,1,11242,4199,7043,0,0,0,1.0,1,1.0,1,1.0,1,0.10708023124255688,48
5389,2,11244,4200,7044,0,0,0,1.0,1,1.0,1,1.0,1,0.07110065935333686,50
5390,2,11246,4202,7044,0,0,0,1.0,1,1.0,1,1.0,1,0.10819672180916554,52
5391,4,11250,4203,7047,0,0,0,1.0,1,1.0,1,1.0,1,0.11200989513548927,52
5392,0,11250,4203,7047,0,0,0,1.0,1,1.0,1,1.0,1,0.10825974612684039,51
5393,3,11253,4205,7048,0,0,0,1.0,1,1.0,1,1.0,1,0.12356956833045325,50
5394,1,11254,4206,7048,0,0,0,1.0,1,1.0,1,1.0,1,0.1605238336865425,50
5395,7,11261,4210,7051,0,0,0,1.0,1,1.0,1,1.0,1,0.16493563387356108,49
5396,4,11265,4212,7053,0,0,0,1.0,1,1.0,1,1.0,1,0.1610718098699769,48
5397,5,11270,4215,7055,0,0,0,1.0,1,1.0,1,1.0,1,0.17005527950435598,48
5398,2,11272,4215,7057,0,0,0,1.0,1,1.0,1,1.0,1,0.1493477576814044,46
5399,1,11273,4216,7057,0,0,0,1.0,1,1.0,1,1.0,1,0.15166241063382524,46
5400,2,11275,4218,7057,0,0,0,1.0,1,1.0,1,1.0,1,0.1921709086143399,48
5401,5,11280,4218,7062,0,0,0,1.0,1,1.0,1,1.0,1,0.14195124503306347,49
5402,0,11280,4218,7062,0,0,0,1.0,1,1.0,1,1.0,1,0.0,0
