,SuccessfulHandoverCount,TotalSuccessfulHandoverCount,TotalSuccessfulHandoverCountRange,TotalSuccessfulHandoverCountLoadBalancing,TotalSuccessfulHandoverCountOverload,FailedHandoverCount,TotalFailedHandoverCount,AvgQoS,MinQoS,AvgQoS_LoadBased,MinQoS_LoadBased,AvgQoS_RangeBased,MinQoS_RangeBased,GiniLoad,VehicleCount
0,0,0,0,0,0,0,0,1.0,1,1.0,1,1.0,1,0.0,0
1,21,21,0,21,0,0,0,1.0,1,1.0,1,1.0,1,0.2165790718897854,26
2,17,38,0,38,0,0,0,1.0,1,1.0,1,1.0,1,0.18791858244832024,27
3,17,55,0,55,0,0,0,1.0,1,1.0,1,1.0,1,0.25024768830641797,28
4,13,68,0,68,0,0,0,1.0,1,1.0,1,1.0,1,0.22822342948356183,29
5,15,83,0,83,0,0,0,1.0,1,1.0,1,1.0,1,0.26922230265739816,29
6,3,86,0,86,0,0,0,1.0,1,1.0,1,1.0,1,0.18741110323148036,32
7,3,89,0,89,0,0,0,1.0,1,1.0,1,1.0,1,0.11960828594678763,33
8,5,94,1,93,0,0,0,1.0,1,1.0,1,1.0,1,0.10958636456625812,35
9,3,97,1,96,0,0,0,1.0,1,1.0,1,1.0,1,0.07948720655643748,35
10,4,101,2,99,0,0,0,1.0,1,1.0,1,1.0,1,0.16361480740545717,35
11,1,102,3,99,0,0,0,1.0,1,1.0,1,1.0,1,0.1431587695241961,35
12,2,104,4,100,0,0,0,1.0,1,1.0,1,1.0,1,0.12260299137041097,34
13,1,105,5,100,0,0,0,1.0,1,1.0,1,1.0,1,0.14829081367086655,32
14,2,107,7,100,0,0,0,1.0,1,1.0,1,1.0,1,0.17486845693001737,31
15,0,107,7,100,0,0,0,1.0,1,1.0,1,1.0,1,0.19466314123220727,30
16,3,110,7,103,0,0,0,1.0,1,1.0,1,1.0,1,0.15778487272416883,30
17,0,110,7,103,0,0,0,1.0,1,1.0,1,1.0,1,0.18628846547507733,29
18,1,111,8,103,0,0,0,1.0,1,1.0,1,1.0,1,0.24088420581284767,29
19,0,111,8,103,0,0,0,1.0,1,1.0,1,1.0,1,0.22939281425851596,28
20,1,112,9,103,0,0,0,1.0,1,1.0,1,1.0,1,0.27753989946956387,28
21,2,114,9,105,0,0,0,1.0,1,1.0,1,1.0,1,0.2032198991492228,28
22,6,120,13,107,0,0,0,1.0,1,1.0,1,1.0,1,0.24794986755244314,28
23,4,124,14,110,0,0,0,1.0,1,1.0,1,1.0,1,0.21578295654486696,27
24,1,125,15,110,0,0,0,1.0,1,1.0,1,1.0,1,0.2570224895550576,28
25,7,132,17,115,0,0,0,1.0,1,1.0,1,1.0,1,0.13323909209302617,28
26,3,135,19,116,0,0,0,1.0,1,1.0,1,1.0,1,0.1526974328272622,30
27,0,135,19,116,0,0,0,1.0,1,1.0,1,1.0,1,0.15647649036601413,30
28,1,136,20,116,0,0,0,1.0,1,1.0,1,1.0,1,0.1589977699426278,31
29,3,139,21,118,0,0,0,1.0,1,1.0,1,1.0,1,0.14516992311932972,30
30,0,139,21,118,0,0,0,1.0,1,1.0,1,1.0,1,0.14516992311932972,30
31,2,141,22,119,0,0,0,1.0,1,1.0,1,1.0,1,0.1489824770409586,31
32,0,141,22,119,0,0,0,1.0,1,1.0,1,1.0,1,0.15764639568812588,31
33,1,142,23,119,0,0,0,1.0,1,1.0,1,1.0,1,0.20163242363308728,31
34,3,145,25,120,0,0,0,1.0,1,1.0,1,1.0,1,0.24249719660162875,29
35,1,146,25,121,0,0,0,1.0,1,1.0,1,1.0,1,0.15906895537797114,30
36,3,149,26,123,0,0,0,1.0,1,1.0,1,1.0,1,0.2059704962405762,30
37,1,150,26,124,0,0,0,1.0,1,1.0,1,1.0,1,0.2145253230958311,31
38,2,152,27,125,0,0,0,1.0,1,1.0,1,1.0,1,0.1649152981007818,32
39,3,155,27,128,0,0,0,1.0,1,1.0,1,1.0,1,0.14454017388206084,36
40,0,155,27,128,0,0,0,1.0,1,1.0,1,1.0,1,0.15421010440785407,37
41,1,156,27,129,0,0,0,1.0,1,1.0,1,1.0,1,0.12942484357664194,37
42,0,156,27,129,0,0,0,1.0,1,1.0,1,1.0,1,0.11884948397769139,38
43,5,161,28,133,0,0,0,1.0,1,1.0,1,1.0,1,0.09525087896078864,40
44,0,161,28,133,0,0,0,1.0,1,1.0,1,1.0,1,0.10509477269477185,39
45,1,162,29,133,0,0,0,1.0,1,1.0,1,1.0,1,0.15479428352459962,40
46,1,163,29,134,0,0,0,1.0,1,1.0,1,1.0,1,0.10765108284014015,39
47,1,164,30,134,0,0,0,1.0,1,1.0,1,1.0,1,0.12627693549156885,39
48,2,166,31,135,0,0,0,1.0,1,1.0,1,1.0,1,0.13094132863843205,39
49,1,167,32,135,0,0,0,1.0,1,1.0,1,1.0,1,0.11764240625159665,37
50,2,169,33,136,0,0,0,1.0,1,1.0,1,1.0,1,0.13358239383257603,35
51,1,170,33,137,0,0,0,1.0,1,1.0,1,1.0,1,0.11340889366505015,34
52,0,170,33,137,0,0,0,1.0,1,1.0,1,1.0,1,0.1422594685441579,34
53,1,171,33,138,0,0,0,1.0,1,1.0,1,1.0,1,0.11766745983731318,35
54,0,171,33,138,0,0,0,1.0,1,1.0,1,1.0,1,0.15249348062746437,36
55,1,172,34,138,0,0,0,1.0,1,1.0,1,1.0,1,0.14441436928403448,36
56,4,176,37,139,0,0,0,1.0,1,1.0,1,1.0,1,0.13430927320884334,36
57,1,177,37,140,0,0,0,1.0,1,1.0,1,1.0,1,0.147277237282339,37
58,4,181,39,142,0,0,0,1.0,1,1.0,1,1.0,1,0.18113182477009798,38
59,2,183,40,143,0,0,0,1.0,1,1.0,1,1.0,1,0.20748222988380194,37
60,3,186,41,145,0,0,0,1.0,1,1.0,1,1.0,1,0.17139699706797978,38
61,3,189,41,148,0,0,0,1.0,1,1.0,1,1.0,1,0.1724205265258018,37
62,1,190,42,148,0,0,0,1.0,1,1.0,1,1.0,1,0.2185045357477887,39
63,1,191,43,148,0,0,0,1.0,1,1.0,1,1.0,1,0.23882567070344646,39
64,1,192,44,148,0,0,0,1.0,1,1.0,1,1.0,1,0.23120132107294902,38
65,5,197,46,151,0,0,0,1.0,1,1.0,1,1.0,1,0.21088983419987936,39
66,4,201,48,153,0,0,0,1.0,1,1.0,1,1.0,1,0.20770881925119936,39
67,1,202,48,154,0,0,0,1.0,1,1.0,1,1.0,1,0.1650156534490954,36
68,1,203,48,155,0,0,0,1.0,1,1.0,1,1.0,1,0.17673251796415282,36
69,1,204,48,156,0,0,0,1.0,1,1.0,1,1.0,1,0.14969218159786027,37
70,0,204,48,156,0,0,0,1.0,1,1.0,1,1.0,1,0.1825788170406125,36
71,1,205,48,157,0,0,0,1.0,1,1.0,1,1.0,1,0.16665896794401483,38
72,3,208,49,159,0,0,0,1.0,1,1.0,1,1.0,1,0.1494190143129241,38
73,0,208,49,159,0,0,0,1.0,1,1.0,1,1.0,1,0.1676239618173258,37
74,2,210,49,161,0,0,0,1.0,1,1.0,1,1.0,1,0.14850458237281586,38
75,0,210,49,161,0,0,0,1.0,1,1.0,1,1.0,1,0.14850458237281586,38
76,2,212,51,161,0,0,0,1.0,1,1.0,1,1.0,1,0.163311374543646,39
77,2,214,51,163,0,0,0,1.0,1,1.0,1,1.0,1,0.16896983276528393,40
78,3,217,51,166,0,0,0,1.0,1,1.0,1,1.0,1,0.15269944366370755,41
79,0,217,51,166,0,0,0,1.0,1,1.0,1,1.0,1,0.15269944366370755,41
80,0,217,51,166,0,0,0,1.0,1,1.0,1,1.0,1,0.15269944366370755,41
81,3,220,51,169,0,0,0,1.0,1,1.0,1,1.0,1,0.1165139964404747,41
82,2,222,51,171,0,0,0,1.0,1,1.0,1,1.0,1,0.09766242199222087,44
83,1,223,51,172,0,0,0,1.0,1,1.0,1,1.0,1,0.10805581464967763,44
84,5,228,51,177,0,0,0,1.0,1,1.0,1,1.0,1,0.10116325458238978,45
85,2,230,51,179,0,0,0,1.0,1,1.0,1,1.0,1,0.10708353263629851,45
86,0,230,51,179,0,0,0,1.0,1,1.0,1,1.0,1,0.10708353263629851,45
87,1,231,52,179,0,0,0,1.0,1,1.0,1,1.0,1,0.14511379739685062,44
88,0,231,52,179,0,0,0,1.0,1,1.0,1,1.0,1,0.14511379739685062,44
89,0,231,52,179,0,0,0,1.0,1,1.0,1,1.0,1,0.19886645138230152,43
90,0,231,52,179,0,0,0,1.0,1,1.0,1,1.0,1,0.21641787283736033,44
91,2,233,53,180,0,0,0,1.0,1,1.0,1,1.0,1,0.23921743590078176,44
92,0,233,53,180,0,0,0,1.0,1,1.0,1,1.0,1,0.22310120776513112,43
93,1,234,53,181,0,0,0,1.0,1,1.0,1,1.0,1,0.22362641834904506,44
94,1,235,54,181,0,0,0,1.0,1,1.0,1,1.0,1,0.2398950095383811,44
95,1,236,54,182,0,0,0,1.0,1,1.0,1,1.0,1,0.21877345260443712,43
96,3,239,54,185,0,0,0,1.0,1,1.0,1,1.0,1,0.16270460795697111,44
97,2,241,54,187,0,0,0,1.0,1,1.0,1,1.0,1,0.14176368262916905,44
98,0,241,54,187,0,0,0,1.0,1,1.0,1,1.0,1,0.15219986508440603,43
99,0,241,54,187,0,0,0,1.0,1,1.0,1,1.0,1,0.15219986508440603,43
100,2,243,55,188,0,0,0,1.0,1,1.0,1,1.0,1,0.12004911812001151,47
101,0,243,55,188,0,0,0,1.0,1,1.0,1,1.0,1,0.12004911812001151,47
102,1,244,56,188,0,0,0,1.0,1,1.0,1,1.0,1,0.1451349505002161,47
103,2,246,58,188,0,0,0,1.0,1,1.0,1,1.0,1,0.13979745917892328,46
104,3,249,61,188,0,0,0,1.0,1,1.0,1,1.0,1,0.14235485159753536,45
105,4,253,63,190,0,0,0,1.0,1,1.0,1,1.0,1,0.14002062426773249,44
106,5,258,67,191,0,0,0,1.0,1,1.0,1,1.0,1,0.1588985608230647,45
107,3,261,68,193,0,0,0,1.0,1,1.0,1,1.0,1,0.15096338219742864,44
108,2,263,69,194,0,0,0,1.0,1,1.0,1,1.0,1,0.1302769460730418,46
109,1,264,69,195,0,0,0,1.0,1,1.0,1,1.0,1,0.11926126502825915,46
110,4,268,71,197,0,0,0,1.0,1,1.0,1,1.0,1,0.11543707842828786,46
111,4,272,73,199,0,0,0,1.0,1,1.0,1,1.0,1,0.12966571734686272,46
112,2,274,75,199,0,0,0,1.0,1,1.0,1,1.0,1,0.13682739775259284,46
113,1,275,76,199,0,0,0,1.0,1,1.0,1,1.0,1,0.14642513733260176,46
114,1,276,76,200,0,0,0,1.0,1,1.0,1,1.0,1,0.1456895423012705,46
115,4,280,77,203,0,0,0,1.0,1,1.0,1,1.0,1,0.14296533660958866,47
116,6,286,80,206,0,0,0,1.0,1,1.0,1,1.0,1,0.13054391932570514,47
117,3,289,81,208,0,0,0,1.0,1,1.0,1,1.0,1,0.08616666618226268,45
118,1,290,81,209,0,0,0,1.0,1,1.0,1,1.0,1,0.07203606867342074,46
119,0,290,81,209,0,0,0,1.0,1,1.0,1,1.0,1,0.09402784854363215,46
120,1,291,82,209,0,0,0,1.0,1,1.0,1,1.0,1,0.08611832449819334,47
121,0,291,82,209,0,0,0,1.0,1,1.0,1,1.0,1,0.09331381820300887,46
122,1,292,83,209,0,0,0,1.0,1,1.0,1,1.0,1,0.09006160736119964,46
123,0,292,83,209,0,0,0,1.0,1,1.0,1,1.0,1,0.11121592831789068,45
124,1,293,83,210,0,0,0,1.0,1,1.0,1,1.0,1,0.10012153585770701,46
125,0,293,83,210,0,0,0,1.0,1,1.0,1,1.0,1,0.10946502463805229,44
126,5,298,84,214,0,0,0,1.0,1,1.0,1,1.0,1,0.07243362880802318,45
127,0,298,84,214,0,0,0,1.0,1,1.0,1,1.0,1,0.06716667297415983,45
128,0,298,84,214,0,0,0,1.0,1,1.0,1,1.0,1,0.07121094905155036,46
129,2,300,85,215,0,0,0,1.0,1,1.0,1,1.0,1,0.05894673020919064,48
130,1,301,86,215,0,0,0,1.0,1,1.0,1,1.0,1,0.07953148277520095,48
131,1,302,86,216,0,0,0,1.0,1,1.0,1,1.0,1,0.051209426959091295,49
132,7,309,90,219,0,0,0,1.0,1,1.0,1,1.0,1,0.10247166070007446,51
133,5,314,93,221,0,0,0,1.0,1,1.0,1,1.0,1,0.12127873374206391,49
134,3,317,95,222,0,0,0,1.0,1,1.0,1,1.0,1,0.16025139018691098,49
135,3,320,95,225,0,0,0,1.0,1,1.0,1,1.0,1,0.1400537507694088,49
136,7,327,99,228,0,0,0,1.0,1,1.0,1,1.0,1,0.04559901046972236,48
137,1,328,100,228,0,0,0,1.0,1,1.0,1,1.0,1,0.08635297379803039,47
138,3,331,103,228,0,0,0,1.0,1,1.0,1,1.0,1,0.09944061504660333,48
139,1,332,104,228,0,0,0,1.0,1,1.0,1,1.0,1,0.08438519206332426,48
140,1,333,105,228,0,0,0,1.0,1,1.0,1,1.0,1,0.12410775780130608,49
141,2,335,106,229,0,0,0,1.0,1,1.0,1,1.0,1,0.12516079638986494,49
142,1,336,107,229,0,0,0,1.0,1,1.0,1,1.0,1,0.12259792017415727,49
143,2,338,109,229,0,0,0,1.0,1,1.0,1,1.0,1,0.1301645080985,47
144,2,340,111,229,0,0,0,1.0,1,1.0,1,1.0,1,0.1497650098237227,46
145,3,343,112,231,0,0,0,1.0,1,1.0,1,1.0,1,0.18485797604338844,44
146,5,348,113,235,0,0,0,1.0,1,1.0,1,1.0,1,0.08083006535444778,44
147,0,348,113,235,0,0,0,1.0,1,1.0,1,1.0,1,0.07290787721572194,43
148,1,349,114,235,0,0,0,1.0,1,1.0,1,1.0,1,0.10673900588902718,43
149,2,351,115,236,0,0,0,1.0,1,1.0,1,1.0,1,0.10732706588464841,43
150,0,351,115,236,0,0,0,1.0,1,1.0,1,1.0,1,0.12174179415856214,42
151,3,354,116,238,0,0,0,1.0,1,1.0,1,1.0,1,0.10084126395031981,42
152,0,354,116,238,0,0,0,1.0,1,1.0,1,1.0,1,0.10084126395031981,42
153,0,354,116,238,0,0,0,1.0,1,1.0,1,1.0,1,0.12058526635116268,42
154,4,358,118,240,0,0,0,1.0,1,1.0,1,1.0,1,0.17109448460660343,43
155,1,359,118,241,0,0,0,1.0,1,1.0,1,1.0,1,0.17663957643002837,43
156,4,363,118,245,0,0,0,1.0,1,1.0,1,1.0,1,0.10143151781103305,42
157,2,365,118,247,0,0,0,1.0,1,1.0,1,1.0,1,0.15174998896911474,41
158,5,370,118,252,0,0,0,1.0,1,1.0,1,1.0,1,0.09445541290596494,42
159,2,372,118,254,0,0,0,1.0,1,1.0,1,1.0,1,0.06622831137981672,43
160,8,380,121,259,0,0,0,1.0,1,1.0,1,1.0,1,0.1838288936084183,44
161,3,383,122,261,0,0,0,1.0,1,1.0,1,1.0,1,0.16129321060706012,44
162,6,389,123,266,0,0,0,1.0,1,1.0,1,1.0,1,0.17269407238470588,45
163,4,393,124,269,0,0,0,1.0,1,1.0,1,1.0,1,0.2461631338083972,43
164,4,397,125,272,0,0,0,1.0,1,1.0,1,1.0,1,0.21106743850650586,42
165,1,398,126,272,0,0,0,1.0,1,1.0,1,1.0,1,0.15522887665272284,42
166,3,401,126,275,0,0,0,1.0,1,1.0,1,1.0,1,0.1119781631149841,42
167,7,408,130,278,0,0,0,1.0,1,1.0,1,1.0,1,0.1211532397188458,41
168,1,409,131,278,0,0,0,1.0,1,1.0,1,1.0,1,0.14216210963479067,40
169,2,411,131,280,0,0,0,1.0,1,1.0,1,1.0,1,0.06180527897288305,40
170,2,413,131,282,0,0,0,1.0,1,1.0,1,1.0,1,0.08778091642468178,38
171,1,414,131,283,0,0,0,1.0,1,1.0,1,1.0,1,0.0588769901730248,37
172,2,416,133,283,0,0,0,1.0,1,1.0,1,1.0,1,0.14763766038290904,35
173,4,420,135,285,0,0,0,1.0,1,1.0,1,1.0,1,0.1766889357884085,36
174,0,420,135,285,0,0,0,1.0,1,1.0,1,1.0,1,0.16501539405977228,34
175,0,420,135,285,0,0,0,1.0,1,1.0,1,1.0,1,0.1798147143036901,33
176,3,423,136,287,0,0,0,1.0,1,1.0,1,1.0,1,0.104987900557265,34
177,1,424,136,288,0,0,0,1.0,1,1.0,1,1.0,1,0.11278116306817923,36
178,0,424,136,288,0,0,0,1.0,1,1.0,1,1.0,1,0.1406448037465536,37
179,0,424,136,288,0,0,0,1.0,1,1.0,1,1.0,1,0.1406448037465536,37
180,0,424,136,288,0,0,0,1.0,1,1.0,1,1.0,1,0.1636632481316457,36
181,1,425,136,289,0,0,0,1.0,1,1.0,1,1.0,1,0.13398060211157153,36
182,1,426,137,289,0,0,0,1.0,1,1.0,1,1.0,1,0.1559338852009431,38
183,1,427,138,289,0,0,0,1.0,1,1.0,1,1.0,1,0.1624983888454931,37
184,4,431,140,291,0,0,0,1.0,1,1.0,1,1.0,1,0.17484372339518806,36
185,2,433,140,293,0,0,0,1.0,1,1.0,1,1.0,1,0.16777887521507784,35
186,4,437,141,296,0,0,0,1.0,1,1.0,1,1.0,1,0.1396790243568119,34
187,1,438,142,296,0,0,0,1.0,1,1.0,1,1.0,1,0.1456274850894206,33
188,2,440,143,297,0,0,0,1.0,1,1.0,1,1.0,1,0.1534604579298369,33
189,4,444,147,297,0,0,0,1.0,1,1.0,1,1.0,1,0.2385457139460791,33
190,1,445,148,297,0,0,0,1.0,1,1.0,1,1.0,1,0.26292292004040074,32
191,5,450,148,302,0,0,0,1.0,1,1.0,1,1.0,1,0.136369278142832,34
192,3,453,148,305,0,0,0,1.0,1,1.0,1,1.0,1,0.1163519529001101,34
193,2,455,148,307,0,0,0,1.0,1,1.0,1,1.0,1,0.13463884978842267,35
194,4,459,149,310,0,0,0,1.0,1,1.0,1,1.0,1,0.15184908958778354,37
195,3,462,149,313,0,0,0,1.0,1,1.0,1,1.0,1,0.1913539947469247,36
196,1,463,149,314,0,0,0,1.0,1,1.0,1,1.0,1,0.15610865981299799,36
197,1,464,149,315,0,0,0,1.0,1,1.0,1,1.0,1,0.1590149582992883,37
198,2,466,150,316,0,0,0,1.0,1,1.0,1,1.0,1,0.16369390514059926,37
199,0,466,150,316,0,0,0,1.0,1,1.0,1,1.0,1,0.16369390514059926,37
200,1,467,151,316,0,0,0,1.0,1,1.0,1,1.0,1,0.17961412546525876,37
201,1,468,151,317,0,0,0,1.0,1,1.0,1,1.0,1,0.12101484577267975,36
202,0,468,151,317,0,0,0,1.0,1,1.0,1,1.0,1,0.09973381511702492,36
203,1,469,152,317,0,0,0,1.0,1,1.0,1,1.0,1,0.12373903942600031,35
204,2,471,154,317,0,0,0,1.0,1,1.0,1,1.0,1,0.19824841757491735,35
205,4,475,156,319,0,0,0,1.0,1,1.0,1,1.0,1,0.1695262242641295,35
206,6,481,158,323,0,0,0,1.0,1,1.0,1,1.0,1,0.1447706573592708,34
207,3,484,160,324,0,0,0,1.0,1,1.0,1,1.0,1,0.16971154847095254,34
208,5,489,161,328,0,0,0,1.0,1,1.0,1,1.0,1,0.22701361302651799,33
209,1,490,161,329,0,0,0,1.0,1,1.0,1,1.0,1,0.2510829288236455,33
210,3,493,162,331,0,0,0,1.0,1,1.0,1,1.0,1,0.2774434207656656,34
211,7,500,163,337,0,0,0,1.0,1,1.0,1,1.0,1,0.17242056418492094,33
212,0,500,163,337,0,0,0,1.0,1,1.0,1,1.0,1,0.17242056418492094,33
213,1,501,163,338,0,0,0,1.0,1,1.0,1,1.0,1,0.181969054808685,35
214,3,504,163,341,0,0,0,1.0,1,1.0,1,1.0,1,0.17209386162953824,34
215,2,506,163,343,0,0,0,1.0,1,1.0,1,1.0,1,0.17525494123217614,35
216,6,512,163,349,0,0,0,1.0,1,1.0,1,1.0,1,0.08720485993653833,36
217,1,513,164,349,0,0,0,1.0,1,1.0,1,1.0,1,0.08975363864271471,36
218,1,514,165,349,0,0,0,1.0,1,1.0,1,1.0,1,0.14397707141558513,36
219,3,517,165,352,0,0,0,1.0,1,1.0,1,1.0,1,0.1118508048556561,37
220,1,518,165,353,0,0,0,1.0,1,1.0,1,1.0,1,0.11547361947548941,38
221,2,520,166,354,0,0,0,1.0,1,1.0,1,1.0,1,0.10667312672310235,37
222,4,524,167,357,0,0,0,1.0,1,1.0,1,1.0,1,0.13226104135888392,38
223,4,528,168,360,0,0,0,1.0,1,1.0,1,1.0,1,0.13262088196618108,38
224,4,532,170,362,0,0,0,1.0,1,1.0,1,1.0,1,0.14079350597999743,38
225,2,534,171,363,0,0,0,1.0,1,1.0,1,1.0,1,0.15318608118311494,36
226,5,539,172,367,0,0,0,1.0,1,1.0,1,1.0,1,0.133120930798106,37
227,1,540,172,368,0,0,0,1.0,1,1.0,1,1.0,1,0.10908744964135364,35
228,2,542,173,369,0,0,0,1.0,1,1.0,1,1.0,1,0.08851073826225697,35
229,3,545,175,370,0,0,0,1.0,1,1.0,1,1.0,1,0.11521152518046415,35
230,3,548,177,371,0,0,0,1.0,1,1.0,1,1.0,1,0.13713267349359737,35
231,0,548,177,371,0,0,0,1.0,1,1.0,1,1.0,1,0.11561645833173205,35
232,3,551,179,372,0,0,0,1.0,1,1.0,1,1.0,1,0.15364230531355416,36
233,1,552,179,373,0,0,0,1.0,1,1.0,1,1.0,1,0.11431589305040744,36
234,3,555,180,375,0,0,0,1.0,1,1.0,1,1.0,1,0.1706464903745687,34
235,4,559,183,376,0,0,0,1.0,1,1.0,1,1.0,1,0.24777403682331853,33
236,2,561,184,377,0,0,0,1.0,1,1.0,1,1.0,1,0.205507243235646,31
237,1,562,185,377,0,0,0,1.0,1,1.0,1,1.0,1,0.23300378468970073,32
238,3,565,186,379,0,0,0,1.0,1,1.0,1,1.0,1,0.21691711731187416,31
239,2,567,186,381,0,0,0,1.0,1,1.0,1,1.0,1,0.14741716516036563,30
240,1,568,187,381,0,0,0,1.0,1,1.0,1,1.0,1,0.20303302255428166,27
241,2,570,187,383,0,0,0,1.0,1,1.0,1,1.0,1,0.13413900787180041,27
242,0,570,187,383,0,0,0,1.0,1,1.0,1,1.0,1,0.13294580828350522,28
243,0,570,187,383,0,0,0,1.0,1,1.0,1,1.0,1,0.13294580828350522,28
244,2,572,188,384,0,0,0,1.0,1,1.0,1,1.0,1,0.16028690533988924,27
245,3,575,190,385,0,0,0,1.0,1,1.0,1,1.0,1,0.21452918705657975,27
246,3,578,191,387,0,0,0,1.0,1,1.0,1,1.0,1,0.14890943234004803,25
247,1,579,191,388,0,0,0,1.0,1,1.0,1,1.0,1,0.1407610970867417,24
248,2,581,191,390,0,0,0,1.0,1,1.0,1,1.0,1,0.12586084054354632,24
249,1,582,191,391,0,0,0,1.0,1,1.0,1,1.0,1,0.18267620748000082,25
250,2,584,191,393,0,0,0,1.0,1,1.0,1,1.0,1,0.14869528001318538,27
251,0,584,191,393,0,0,0,1.0,1,1.0,1,1.0,1,0.14869528001318538,27
252,0,584,191,393,0,0,0,1.0,1,1.0,1,1.0,1,0.14869528001318538,27
253,0,584,191,393,0,0,0,1.0,1,1.0,1,1.0,1,0.14876998998392676,29
254,1,585,192,393,0,0,0,1.0,1,1.0,1,1.0,1,0.12668469991493816,30
255,1,586,192,394,0,0,0,1.0,1,1.0,1,1.0,1,0.11344115046290493,31
256,1,587,193,394,0,0,0,1.0,1,1.0,1,1.0,1,0.15351565774389286,31
257,1,588,193,395,0,0,0,1.0,1,1.0,1,1.0,1,0.16332009274522008,33
258,0,588,193,395,0,0,0,1.0,1,1.0,1,1.0,1,0.16332009274522008,33
259,1,589,193,396,0,0,0,1.0,1,1.0,1,1.0,1,0.1467209163138117,33
260,3,592,194,398,0,0,0,1.0,1,1.0,1,1.0,1,0.21403407838758087,35
261,5,597,197,400,0,0,0,1.0,1,1.0,1,1.0,1,0.20015312420419937,35
262,3,600,199,401,0,0,0,1.0,1,1.0,1,1.0,1,0.24576406628968978,35
263,1,601,199,402,0,0,0,1.0,1,1.0,1,1.0,1,0.22177238464668425,34
264,2,603,201,402,0,0,0,1.0,1,1.0,1,1.0,1,0.27132830632266264,32
265,0,603,201,402,0,0,0,1.0,1,1.0,1,1.0,1,0.23094167934899884,30
266,3,606,203,403,0,0,0,1.0,1,1.0,1,1.0,1,0.23212656246994184,31
267,1,607,204,403,0,0,0,1.0,1,1.0,1,1.0,1,0.2135343373828936,30
268,2,609,205,404,0,0,0,1.0,1,1.0,1,1.0,1,0.16095742961294163,31
269,4,613,207,406,0,0,0,1.0,1,1.0,1,1.0,1,0.18985164443685934,31
270,1,614,208,406,0,0,0,1.0,1,1.0,1,1.0,1,0.24376595058483572,32
271,1,615,208,407,0,0,0,1.0,1,1.0,1,1.0,1,0.22469848767427794,31
272,2,617,209,408,0,0,0,1.0,1,1.0,1,1.0,1,0.3193718343601642,32
273,0,617,209,408,0,0,0,1.0,1,1.0,1,1.0,1,0.3193718343601642,32
274,2,619,210,409,0,0,0,1.0,1,1.0,1,1.0,1,0.32008734599890204,32
275,0,619,210,409,0,0,0,1.0,1,1.0,1,1.0,1,0.28024915218696245,33
276,2,621,211,410,0,0,0,1.0,1,1.0,1,1.0,1,0.28290171661449653,34
277,2,623,212,411,0,0,0,1.0,1,1.0,1,1.0,1,0.30269999068068526,32
278,0,623,212,411,0,0,0,1.0,1,1.0,1,1.0,1,0.32296309627909636,31
279,3,626,213,413,0,0,0,1.0,1,1.0,1,1.0,1,0.3087510032034635,31
280,4,630,214,416,0,0,0,1.0,1,1.0,1,1.0,1,0.3113838800494361,30
281,7,637,214,423,0,0,0,1.0,1,1.0,1,1.0,1,0.086333258796181,31
282,3,640,214,426,0,0,0,1.0,1,1.0,1,1.0,1,0.1202605860102156,30
283,5,645,215,430,0,0,0,1.0,1,1.0,1,1.0,1,0.1005463754576677,31
284,5,650,216,434,0,0,0,1.0,1,1.0,1,1.0,1,0.19449140020842715,31
285,6,656,216,440,0,0,0,1.0,1,1.0,1,1.0,1,0.12990812058774678,31
286,1,657,216,441,0,0,0,1.0,1,1.0,1,1.0,1,0.10950263919437143,31
287,0,657,216,441,0,0,0,1.0,1,1.0,1,1.0,1,0.1428166587538329,33
288,0,657,216,441,0,0,0,1.0,1,1.0,1,1.0,1,0.1204674989708524,32
289,1,658,217,441,0,0,0,1.0,1,1.0,1,1.0,1,0.20705243878892168,32
290,1,659,217,442,0,0,0,1.0,1,1.0,1,1.0,1,0.18448636556076392,31
291,0,659,217,442,0,0,0,1.0,1,1.0,1,1.0,1,0.17897384156169377,30
292,1,660,218,442,0,0,0,1.0,1,1.0,1,1.0,1,0.1750223151547231,32
293,0,660,218,442,0,0,0,1.0,1,1.0,1,1.0,1,0.1750223151547231,32
294,0,660,218,442,0,0,0,1.0,1,1.0,1,1.0,1,0.1750223151547231,32
295,2,662,218,444,0,0,0,1.0,1,1.0,1,1.0,1,0.1670771145062238,34
296,2,664,219,445,0,0,0,1.0,1,1.0,1,1.0,1,0.15355365221541523,34
297,4,668,220,448,0,0,0,1.0,1,1.0,1,1.0,1,0.08145259238549583,34
298,0,668,220,448,0,0,0,1.0,1,1.0,1,1.0,1,0.10493298487317859,35
299,0,668,220,448,0,0,0,1.0,1,1.0,1,1.0,1,0.14203122214026379,35
300,1,669,221,448,0,0,0,1.0,1,1.0,1,1.0,1,0.16042098538248195,35
301,6,675,221,454,0,0,0,1.0,1,1.0,1,1.0,1,0.12534746275461303,38
302,3,678,222,456,0,0,0,1.0,1,1.0,1,1.0,1,0.13548627529743182,38
303,3,681,224,457,0,0,0,1.0,1,1.0,1,1.0,1,0.1548407350395835,37
304,3,684,225,459,0,0,0,1.0,1,1.0,1,1.0,1,0.19808233750751522,37
305,4,688,227,461,0,0,0,1.0,1,1.0,1,1.0,1,0.24499257623208087,36
306,5,693,228,465,0,0,0,1.0,1,1.0,1,1.0,1,0.21615573475834904,36
307,1,694,228,466,0,0,0,1.0,1,1.0,1,1.0,1,0.19296043757526807,35
308,1,695,228,467,0,0,0,1.0,1,1.0,1,1.0,1,0.18050007447426425,37
309,2,697,228,469,0,0,0,1.0,1,1.0,1,1.0,1,0.18050007447426425,37
310,1,698,228,470,0,0,0,1.0,1,1.0,1,1.0,1,0.19252406362225055,37
311,3,701,228,473,0,0,0,1.0,1,1.0,1,1.0,1,0.1462264013425843,39
312,2,703,229,474,0,0,0,1.0,1,1.0,1,1.0,1,0.15058886077931535,40
313,0,703,229,474,0,0,0,1.0,1,1.0,1,1.0,1,0.14940182977988653,39
314,1,704,230,474,0,0,0,1.0,1,1.0,1,1.0,1,0.197490186471109,40
315,1,705,230,475,0,0,0,1.0,1,1.0,1,1.0,1,0.14367674496427987,39
316,0,705,230,475,0,0,0,1.0,1,1.0,1,1.0,1,0.14367674496427987,39
317,2,707,230,477,0,0,0,1.0,1,1.0,1,1.0,1,0.15702462634634884,40
318,0,707,230,477,0,0,0,1.0,1,1.0,1,1.0,1,0.1602865245055361,41
319,0,707,230,477,0,0,0,1.0,1,1.0,1,1.0,1,0.20270146164301056,41
320,0,707,230,477,0,0,0,1.0,1,1.0,1,1.0,1,0.21653245830282328,41
321,4,711,230,481,0,0,0,1.0,1,1.0,1,1.0,1,0.15293186357554028,41
322,2,713,232,481,0,0,0,1.0,1,1.0,1,1.0,1,0.1542253759253953,41
323,2,715,232,483,0,0,0,1.0,1,1.0,1,1.0,1,0.1542253759253953,41
324,4,719,234,485,0,0,0,1.0,1,1.0,1,1.0,1,0.14993375287622646,42
325,4,723,235,488,0,0,0,1.0,1,1.0,1,1.0,1,0.16448335068488965,42
326,5,728,236,492,0,0,0,1.0,1,1.0,1,1.0,1,0.08675153165458353,42
327,0,728,236,492,0,0,0,1.0,1,1.0,1,1.0,1,0.08675153165458353,42
328,0,728,236,492,0,0,0,1.0,1,1.0,1,1.0,1,0.08536273913434292,43
329,0,728,236,492,0,0,0,1.0,1,1.0,1,1.0,1,0.08536273913434292,43
330,2,730,237,493,0,0,0,1.0,1,1.0,1,1.0,1,0.09261906993110994,45
331,2,732,237,495,0,0,0,1.0,1,1.0,1,1.0,1,0.06449495009701714,45
332,0,732,237,495,0,0,0,1.0,1,1.0,1,1.0,1,0.06894286440096897,45
333,3,735,238,497,0,0,0,1.0,1,1.0,1,1.0,1,0.08584800345234603,46
334,1,736,238,498,0,0,0,1.0,1,1.0,1,1.0,1,0.09886757389347052,48
335,1,737,238,499,0,0,0,1.0,1,1.0,1,1.0,1,0.08145113639332734,48
336,2,739,239,500,0,0,0,1.0,1,1.0,1,1.0,1,0.05994661848772988,48
337,0,739,239,500,0,0,0,1.0,1,1.0,1,1.0,1,0.07791299690967593,49
338,0,739,239,500,0,0,0,1.0,1,1.0,1,1.0,1,0.0845137426247154,50
339,0,739,239,500,0,0,0,1.0,1,1.0,1,1.0,1,0.0845137426247154,50
340,0,739,239,500,0,0,0,1.0,1,1.0,1,1.0,1,0.0845137426247154,50
341,1,740,239,501,0,0,0,1.0,1,1.0,1,1.0,1,0.07317561052199688,51
342,3,743,240,503,0,0,0,1.0,1,1.0,1,1.0,1,0.09325133851340722,51
343,1,744,241,503,0,0,0,1.0,1,1.0,1,1.0,1,0.08100026458148775,51
344,0,744,241,503,0,0,0,1.0,1,1.0,1,1.0,1,0.08712553650012067,50
345,1,745,242,503,0,0,0,1.0,1,1.0,1,1.0,1,0.10072042068847176,51
346,4,749,243,506,0,0,0,1.0,1,1.0,1,1.0,1,0.08459977304057807,51
347,2,751,245,506,0,0,0,1.0,1,1.0,1,1.0,1,0.09784228825993953,51
348,3,754,247,507,0,0,0,1.0,1,1.0,1,1.0,1,0.1274829543665604,53
349,3,757,248,509,0,0,0,1.0,1,1.0,1,1.0,1,0.11381289394133536,55
350,0,757,248,509,0,0,0,1.0,1,1.0,1,1.0,1,0.12575790384747837,54
351,5,762,249,513,0,0,0,1.0,1,1.0,1,1.0,1,0.10697204848526906,54
352,2,764,250,514,0,0,0,1.0,1,1.0,1,1.0,1,0.09330939063686168,53
353,3,767,252,515,0,0,0,1.0,1,1.0,1,1.0,1,0.12797282862322712,53
354,0,767,252,515,0,0,0,1.0,1,1.0,1,1.0,1,0.1408739589133629,50
355,1,768,252,516,0,0,0,1.0,1,1.0,1,1.0,1,0.15229896634267348,51
356,3,771,252,519,0,0,0,1.0,1,1.0,1,1.0,1,0.16094830421750514,51
357,4,775,255,520,0,0,0,1.0,1,1.0,1,1.0,1,0.1589711596790086,50
358,4,779,256,523,0,0,0,1.0,1,1.0,1,1.0,1,0.1412277094965925,48
359,1,780,256,524,0,0,0,1.0,1,1.0,1,1.0,1,0.11578053913236268,47
360,0,780,256,524,0,0,0,1.0,1,1.0,1,1.0,1,0.14054543393643823,45
361,1,781,257,524,0,0,0,1.0,1,1.0,1,1.0,1,0.1411853460204229,44
362,1,782,257,525,0,0,0,1.0,1,1.0,1,1.0,1,0.1540822446877,44
363,3,785,258,527,0,0,0,1.0,1,1.0,1,1.0,1,0.13661560691992325,44
364,1,786,258,528,0,0,0,1.0,1,1.0,1,1.0,1,0.13900502664038655,43
365,0,786,258,528,0,0,0,1.0,1,1.0,1,1.0,1,0.13900502664038655,43
366,3,789,259,530,0,0,0,1.0,1,1.0,1,1.0,1,0.10979362786892956,45
367,1,790,260,530,0,0,0,1.0,1,1.0,1,1.0,1,0.14801829815055592,44
368,2,792,261,531,0,0,0,1.0,1,1.0,1,1.0,1,0.14745070345369538,46
369,2,794,261,533,0,0,0,1.0,1,1.0,1,1.0,1,0.17323346835681055,45
370,2,796,262,534,0,0,0,1.0,1,1.0,1,1.0,1,0.18928747895452286,46
371,6,802,262,540,0,0,0,1.0,1,1.0,1,1.0,1,0.15558961723130357,47
372,1,803,262,541,0,0,0,1.0,1,1.0,1,1.0,1,0.13774186529552193,48
373,1,804,263,541,0,0,0,1.0,1,1.0,1,1.0,1,0.13682103590919137,48
374,2,806,264,542,0,0,0,1.0,1,1.0,1,1.0,1,0.14466568243170552,49
375,3,809,264,545,0,0,0,1.0,1,1.0,1,1.0,1,0.11230638126941346,49
376,3,812,266,546,0,0,0,1.0,1,1.0,1,1.0,1,0.12101511638029196,49
377,2,814,267,547,0,0,0,1.0,1,1.0,1,1.0,1,0.1262693795616786,49
378,1,815,268,547,0,0,0,1.0,1,1.0,1,1.0,1,0.12250052441903919,49
379,0,815,268,547,0,0,0,1.0,1,1.0,1,1.0,1,0.1250573270507662,50
380,2,817,270,547,0,0,0,1.0,1,1.0,1,1.0,1,0.16649215904159087,50
381,6,823,272,551,0,0,0,1.0,1,1.0,1,1.0,1,0.11902815297827551,51
382,1,824,272,552,0,0,0,1.0,1,1.0,1,1.0,1,0.11471481643636088,50
383,2,826,274,552,0,0,0,1.0,1,1.0,1,1.0,1,0.17046448754280874,51
384,4,830,276,554,0,0,0,1.0,1,1.0,1,1.0,1,0.1761200335081036,50
385,4,834,277,557,0,0,0,1.0,1,1.0,1,1.0,1,0.15759175673278453,50
386,1,835,277,558,0,0,0,1.0,1,1.0,1,1.0,1,0.12180773843428203,48
387,1,836,277,559,0,0,0,1.0,1,1.0,1,1.0,1,0.115181321491962,47
388,3,839,278,561,0,0,0,1.0,1,1.0,1,1.0,1,0.08244956521119122,48
389,1,840,279,561,0,0,0,1.0,1,1.0,1,1.0,1,0.09740724214497942,47
390,6,846,281,565,0,0,0,1.0,1,1.0,1,1.0,1,0.09068249358962518,49
391,4,850,284,566,0,0,0,1.0,1,1.0,1,1.0,1,0.10096743472234893,46
392,1,851,285,566,0,0,0,1.0,1,1.0,1,1.0,1,0.13249141539977805,46
393,2,853,287,566,0,0,0,1.0,1,1.0,1,1.0,1,0.1861944741429656,44
394,0,853,287,566,0,0,0,1.0,1,1.0,1,1.0,1,0.1749216292436406,43
395,1,854,288,566,0,0,0,1.0,1,1.0,1,1.0,1,0.19342142406176588,42
396,3,857,289,568,0,0,0,1.0,1,1.0,1,1.0,1,0.19559600978073913,39
397,5,862,291,571,0,0,0,1.0,1,1.0,1,1.0,1,0.21987626812808334,39
398,0,862,291,571,0,0,0,1.0,1,1.0,1,1.0,1,0.22836162984199418,36
399,1,863,291,572,0,0,0,1.0,1,1.0,1,1.0,1,0.18470135783106717,36
400,2,865,293,572,0,0,0,1.0,1,1.0,1,1.0,1,0.22215659395351858,34
401,4,869,294,575,0,0,0,1.0,1,1.0,1,1.0,1,0.1305173078069231,33
402,0,869,294,575,0,0,0,1.0,1,1.0,1,1.0,1,0.14173753016969398,34
403,0,869,294,575,0,0,0,1.0,1,1.0,1,1.0,1,0.13181882463170924,36
404,2,871,296,575,0,0,0,1.0,1,1.0,1,1.0,1,0.1562123968999473,36
405,2,873,297,576,0,0,0,1.0,1,1.0,1,1.0,1,0.17180110743913424,37
406,1,874,297,577,0,0,0,1.0,1,1.0,1,1.0,1,0.14989551125480113,37
407,3,877,299,578,0,0,0,1.0,1,1.0,1,1.0,1,0.1873674134474423,39
408,4,881,301,580,0,0,0,1.0,1,1.0,1,1.0,1,0.21926327923124828,40
409,4,885,303,582,0,0,0,1.0,1,1.0,1,1.0,1,0.2720922253504821,41
410,5,890,305,585,0,0,0,1.0,1,1.0,1,1.0,1,0.31831209926831033,42
411,5,895,305,590,0,0,0,1.0,1,1.0,1,1.0,1,0.21767147991458405,43
412,2,897,307,590,0,0,0,1.0,1,1.0,1,1.0,1,0.25479352701435865,44
413,0,897,307,590,0,0,0,1.0,1,1.0,1,1.0,1,0.25479352701435865,44
414,2,899,307,592,0,0,0,1.0,1,1.0,1,1.0,1,0.22960422151918555,45
415,2,901,307,594,0,0,0,1.0,1,1.0,1,1.0,1,0.2094676106180958,45
416,0,901,307,594,0,0,0,1.0,1,1.0,1,1.0,1,0.2138499673480685,46
417,0,901,307,594,0,0,0,1.0,1,1.0,1,1.0,1,0.2138499673480685,46
418,0,901,307,594,0,0,0,1.0,1,1.0,1,1.0,1,0.20293926642791732,47
419,0,901,307,594,0,0,0,1.0,1,1.0,1,1.0,1,0.20293926642791732,47
420,0,901,307,594,0,0,0,1.0,1,1.0,1,1.0,1,0.20293926642791732,47
421,0,901,307,594,0,0,0,1.0,1,1.0,1,1.0,1,0.20293926642791732,47
422,3,904,308,596,0,0,0,1.0,1,1.0,1,1.0,1,0.1887959149802314,49
423,1,905,308,597,0,0,0,1.0,1,1.0,1,1.0,1,0.1636662296344663,47
424,4,909,311,598,0,0,0,1.0,1,1.0,1,1.0,1,0.18423937546937527,45
425,3,912,312,600,0,0,0,1.0,1,1.0,1,1.0,1,0.18898880237493906,46
426,5,917,313,604,0,0,0,1.0,1,1.0,1,1.0,1,0.11624768730985441,46
427,4,921,314,607,0,0,0,1.0,1,1.0,1,1.0,1,0.10495078847441801,45
428,2,923,314,609,0,0,0,1.0,1,1.0,1,1.0,1,0.09932776990041363,45
429,4,927,317,610,0,0,0,1.0,1,1.0,1,1.0,1,0.20254732914780085,42
430,2,929,317,612,0,0,0,1.0,1,1.0,1,1.0,1,0.19165567789183735,40
431,10,939,320,619,0,0,0,1.0,1,1.0,1,1.0,1,0.07871083572274629,39
432,3,942,322,620,0,0,0,1.0,1,1.0,1,1.0,1,0.10882284078518653,37
433,1,943,323,620,0,0,0,1.0,1,1.0,1,1.0,1,0.15115500049527852,35
434,3,946,323,623,0,0,0,1.0,1,1.0,1,1.0,1,0.14658467498601585,33
435,1,947,323,624,0,0,0,1.0,1,1.0,1,1.0,1,0.15184001023530264,33
436,2,949,323,626,0,0,0,1.0,1,1.0,1,1.0,1,0.0964807162306741,33
437,0,949,323,626,0,0,0,1.0,1,1.0,1,1.0,1,0.11040606922161109,33
438,0,949,323,626,0,0,0,1.0,1,1.0,1,1.0,1,0.09379293417525203,32
439,2,951,324,627,0,0,0,1.0,1,1.0,1,1.0,1,0.15921619437970827,34
440,5,956,325,631,0,0,0,1.0,1,1.0,1,1.0,1,0.17832378205697497,34
441,3,959,326,633,0,0,0,1.0,1,1.0,1,1.0,1,0.1779605074609193,35
442,6,965,328,637,0,0,0,1.0,1,1.0,1,1.0,1,0.14105687059780522,37
443,5,970,331,639,0,0,0,1.0,1,1.0,1,1.0,1,0.20082781505666922,37
444,4,974,332,642,0,0,0,1.0,1,1.0,1,1.0,1,0.14271666516555515,38
445,4,978,333,645,0,0,0,1.0,1,1.0,1,1.0,1,0.1619726708245547,39
446,2,980,333,647,0,0,0,1.0,1,1.0,1,1.0,1,0.11303860102129677,39
447,2,982,334,648,0,0,0,1.0,1,1.0,1,1.0,1,0.1350831410536879,41
448,1,983,334,649,0,0,0,1.0,1,1.0,1,1.0,1,0.12793925165410347,41
449,1,984,335,649,0,0,0,1.0,1,1.0,1,1.0,1,0.16343839009034822,40
450,1,985,335,650,0,0,0,1.0,1,1.0,1,1.0,1,0.17356324708916795,40
451,1,986,335,651,0,0,0,1.0,1,1.0,1,1.0,1,0.17956926919824026,41
452,1,987,335,652,0,0,0,1.0,1,1.0,1,1.0,1,0.1647321858969803,41
453,0,987,335,652,0,0,0,1.0,1,1.0,1,1.0,1,0.19301590469347552,40
454,1,988,335,653,0,0,0,1.0,1,1.0,1,1.0,1,0.1780821350269402,41
455,3,991,336,655,0,0,0,1.0,1,1.0,1,1.0,1,0.1772362855503983,41
456,3,994,336,658,0,0,0,1.0,1,1.0,1,1.0,1,0.14724163962343625,43
457,2,996,337,659,0,0,0,1.0,1,1.0,1,1.0,1,0.11160324328468575,43
458,0,996,337,659,0,0,0,1.0,1,1.0,1,1.0,1,0.11160324328468575,43
459,0,996,337,659,0,0,0,1.0,1,1.0,1,1.0,1,0.08990147826248526,44
460,1,997,337,660,0,0,0,1.0,1,1.0,1,1.0,1,0.10797199179034997,47
461,1,998,338,660,0,0,0,1.0,1,1.0,1,1.0,1,0.122515319804196,48
462,3,1001,340,661,0,0,0,1.0,1,1.0,1,1.0,1,0.15055792538686516,49
463,0,1001,340,661,0,0,0,1.0,1,1.0,1,1.0,1,0.1337005091064542,47
464,5,1006,342,664,0,0,0,1.0,1,1.0,1,1.0,1,0.09507474700498833,48
465,4,1010,344,666,0,0,0,1.0,1,1.0,1,1.0,1,0.1169409189249407,47
466,5,1015,347,668,0,0,0,1.0,1,1.0,1,1.0,1,0.11593470492121416,46
467,2,1017,348,669,0,0,0,1.0,1,1.0,1,1.0,1,0.10788426807369796,44
468,5,1022,353,669,0,0,0,1.0,1,1.0,1,1.0,1,0.2044133995847964,41
469,2,1024,355,669,0,0,0,1.0,1,1.0,1,1.0,1,0.13930451567395824,40
470,2,1026,356,670,0,0,0,1.0,1,1.0,1,1.0,1,0.1872755857215998,39
471,4,1030,358,672,0,0,0,1.0,1,1.0,1,1.0,1,0.14789735788298056,38
472,4,1034,361,673,0,0,0,1.0,1,1.0,1,1.0,1,0.2445491146851683,36
473,3,1037,362,675,0,0,0,1.0,1,1.0,1,1.0,1,0.192654543844924,36
474,1,1038,363,675,0,0,0,1.0,1,1.0,1,1.0,1,0.1923881414301652,34
475,3,1041,365,676,0,0,0,1.0,1,1.0,1,1.0,1,0.24661802030914717,34
476,1,1042,365,677,0,0,0,1.0,1,1.0,1,1.0,1,0.1770225140508391,32
477,2,1044,366,678,0,0,0,1.0,1,1.0,1,1.0,1,0.22256913948684254,32
478,0,1044,366,678,0,0,0,1.0,1,1.0,1,1.0,1,0.21933009922667834,30
479,1,1045,366,679,0,0,0,1.0,1,1.0,1,1.0,1,0.207178084534961,31
480,0,1045,366,679,0,0,0,1.0,1,1.0,1,1.0,1,0.3199437064782883,27
481,4,1049,367,682,0,0,0,1.0,1,1.0,1,1.0,1,0.23508751294797173,28
482,0,1049,367,682,0,0,0,1.0,1,1.0,1,1.0,1,0.24332430480459688,28
483,2,1051,368,683,0,0,0,1.0,1,1.0,1,1.0,1,0.18886542519644597,29
484,0,1051,368,683,0,0,0,1.0,1,1.0,1,1.0,1,0.18886542519644597,29
485,3,1054,368,686,0,0,0,1.0,1,1.0,1,1.0,1,0.20322194562441434,29
486,4,1058,368,690,0,0,0,1.0,1,1.0,1,1.0,1,0.11557201581870513,31
487,2,1060,368,692,0,0,0,1.0,1,1.0,1,1.0,1,0.07275356579640316,33
488,1,1061,368,693,0,0,0,1.0,1,1.0,1,1.0,1,0.0989198479857239,34
489,3,1064,370,694,0,0,0,1.0,1,1.0,1,1.0,1,0.17737766504363423,34
490,1,1065,370,695,0,0,0,1.0,1,1.0,1,1.0,1,0.17162955710915,34
491,2,1067,371,696,0,0,0,1.0,1,1.0,1,1.0,1,0.175865777547823,34
492,2,1069,371,698,0,0,0,1.0,1,1.0,1,1.0,1,0.13075433777210704,34
493,1,1070,372,698,0,0,0,1.0,1,1.0,1,1.0,1,0.17653831345754467,34
494,1,1071,373,698,0,0,0,1.0,1,1.0,1,1.0,1,0.19730824424391372,36
495,2,1073,373,700,0,0,0,1.0,1,1.0,1,1.0,1,0.17529455140001926,36
496,1,1074,373,701,0,0,0,1.0,1,1.0,1,1.0,1,0.16977217414820128,37
497,2,1076,373,703,0,0,0,1.0,1,1.0,1,1.0,1,0.13411267295476642,39
498,1,1077,373,704,0,0,0,1.0,1,1.0,1,1.0,1,0.1513410110640044,40
499,2,1079,374,705,0,0,0,1.0,1,1.0,1,1.0,1,0.16176799722586233,40
500,9,1088,376,712,0,0,0,1.0,1,1.0,1,1.0,1,0.20259489013116547,42
501,7,1095,376,719,0,0,0,1.0,1,1.0,1,1.0,1,0.07466999467176859,42
502,4,1099,378,721,0,0,0,1.0,1,1.0,1,1.0,1,0.18347648477074602,42
503,1,1100,378,722,0,0,0,1.0,1,1.0,1,1.0,1,0.17195437277765785,41
504,1,1101,379,722,0,0,0,1.0,1,1.0,1,1.0,1,0.1930349992731287,42
505,3,1104,380,724,0,0,0,1.0,1,1.0,1,1.0,1,0.2091284242548648,38
506,4,1108,380,728,0,0,0,1.0,1,1.0,1,1.0,1,0.11367048663189962,37
507,2,1110,380,730,0,0,0,1.0,1,1.0,1,1.0,1,0.1017682990265056,35
508,4,1114,383,731,0,0,0,1.0,1,1.0,1,1.0,1,0.171914244378558,35
509,2,1116,383,733,0,0,0,1.0,1,1.0,1,1.0,1,0.2110142648872791,34
510,4,1120,384,736,0,0,0,1.0,1,1.0,1,1.0,1,0.2275855280868717,34
511,3,1123,385,738,0,0,0,1.0,1,1.0,1,1.0,1,0.1737116897368427,32
512,0,1123,385,738,0,0,0,1.0,1,1.0,1,1.0,1,0.22394576058952312,30
513,2,1125,385,740,0,0,0,1.0,1,1.0,1,1.0,1,0.21580807934934118,31
514,1,1126,385,741,0,0,0,1.0,1,1.0,1,1.0,1,0.20402152627179412,31
515,4,1130,386,744,0,0,0,1.0,1,1.0,1,1.0,1,0.19282414081170082,32
516,0,1130,386,744,0,0,0,1.0,1,1.0,1,1.0,1,0.17365216595825303,31
517,2,1132,387,745,0,0,0,1.0,1,1.0,1,1.0,1,0.12670709094180013,32
518,1,1133,388,745,0,0,0,1.0,1,1.0,1,1.0,1,0.14485940363276503,31
519,2,1135,389,746,0,0,0,1.0,1,1.0,1,1.0,1,0.13420883147963417,31
520,3,1138,392,746,0,0,0,1.0,1,1.0,1,1.0,1,0.1135194587037548,33
521,0,1138,392,746,0,0,0,1.0,1,1.0,1,1.0,1,0.13568527760764632,34
522,3,1141,394,747,0,0,0,1.0,1,1.0,1,1.0,1,0.11569833548805748,34
523,0,1141,394,747,0,0,0,1.0,1,1.0,1,1.0,1,0.1015704962048619,33
524,0,1141,394,747,0,0,0,1.0,1,1.0,1,1.0,1,0.11747994360304445,34
525,0,1141,394,747,0,0,0,1.0,1,1.0,1,1.0,1,0.1426736281677373,32
526,0,1141,394,747,0,0,0,1.0,1,1.0,1,1.0,1,0.1426736281677373,32
527,2,1143,394,749,0,0,0,1.0,1,1.0,1,1.0,1,0.13607087598515383,31
528,1,1144,395,749,0,0,0,1.0,1,1.0,1,1.0,1,0.13588895832504272,31
529,0,1144,395,749,0,0,0,1.0,1,1.0,1,1.0,1,0.15394132626470594,30
530,1,1145,396,749,0,0,0,1.0,1,1.0,1,1.0,1,0.2087361065868694,30
531,1,1146,396,750,0,0,0,1.0,1,1.0,1,1.0,1,0.20201886729470556,32
532,6,1152,399,753,0,0,0,1.0,1,1.0,1,1.0,1,0.19802921496680181,32
533,0,1152,399,753,0,0,0,1.0,1,1.0,1,1.0,1,0.19576374272657046,34
534,1,1153,400,753,0,0,0,1.0,1,1.0,1,1.0,1,0.2112564942721105,34
535,5,1158,401,757,0,0,0,1.0,1,1.0,1,1.0,1,0.26469536768066076,37
536,3,1161,401,760,0,0,0,1.0,1,1.0,1,1.0,1,0.22536391747191306,37
537,1,1162,402,760,0,0,0,1.0,1,1.0,1,1.0,1,0.24405482586814015,37
538,1,1163,402,761,0,0,0,1.0,1,1.0,1,1.0,1,0.22513196665959798,38
539,0,1163,402,761,0,0,0,1.0,1,1.0,1,1.0,1,0.22513196665959798,38
540,0,1163,402,761,0,0,0,1.0,1,1.0,1,1.0,1,0.22513196665959798,38
541,1,1164,402,762,0,0,0,1.0,1,1.0,1,1.0,1,0.180059397841009,39
542,1,1165,403,762,0,0,0,1.0,1,1.0,1,1.0,1,0.19353482926248172,40
543,1,1166,404,762,0,0,0,1.0,1,1.0,1,1.0,1,0.19454409268368256,37
544,4,1170,406,764,0,0,0,1.0,1,1.0,1,1.0,1,0.22583098778368088,35
545,1,1171,407,764,0,0,0,1.0,1,1.0,1,1.0,1,0.18238175641188678,35
546,7,1178,411,767,0,0,0,1.0,1,1.0,1,1.0,1,0.15027160152414132,35
547,2,1180,413,767,0,0,0,1.0,1,1.0,1,1.0,1,0.16650518763007136,34
548,3,1183,414,769,0,0,0,1.0,1,1.0,1,1.0,1,0.14697652125597044,34
549,2,1185,416,769,0,0,0,1.0,1,1.0,1,1.0,1,0.211258362839416,31
550,1,1186,416,770,0,0,0,1.0,1,1.0,1,1.0,1,0.16267176141911166,30
551,2,1188,418,770,0,0,0,1.0,1,1.0,1,1.0,1,0.21782091923216818,31
552,1,1189,418,771,0,0,0,1.0,1,1.0,1,1.0,1,0.15725349319799162,29
553,1,1190,419,771,0,0,0,1.0,1,1.0,1,1.0,1,0.19844992646784307,30
554,3,1193,420,773,0,0,0,1.0,1,1.0,1,1.0,1,0.17527426233844087,30
555,2,1195,420,775,0,0,0,1.0,1,1.0,1,1.0,1,0.12260896619157655,30
556,1,1196,420,776,0,0,0,1.0,1,1.0,1,1.0,1,0.1125513433083411,31
557,0,1196,420,776,0,0,0,1.0,1,1.0,1,1.0,1,0.1638823551135511,31
558,1,1197,420,777,0,0,0,1.0,1,1.0,1,1.0,1,0.11798539738375038,31
559,1,1198,420,778,0,0,0,1.0,1,1.0,1,1.0,1,0.11632762688405768,31
560,1,1199,420,779,0,0,0,1.0,1,1.0,1,1.0,1,0.11315093727495489,32
561,1,1200,421,779,0,0,0,1.0,1,1.0,1,1.0,1,0.11757168783875854,33
562,1,1201,421,780,0,0,0,1.0,1,1.0,1,1.0,1,0.10691238725469893,33
563,1,1202,422,780,0,0,0,1.0,1,1.0,1,1.0,1,0.15655403561201298,33
564,5,1207,423,784,0,0,0,1.0,1,1.0,1,1.0,1,0.1728717345333853,34
565,5,1212,424,788,0,0,0,1.0,1,1.0,1,1.0,1,0.1567517540838938,35
566,3,1215,424,791,0,0,0,1.0,1,1.0,1,1.0,1,0.10786293434595307,36
567,2,1217,426,791,0,0,0,1.0,1,1.0,1,1.0,1,0.1411727267982513,37
568,0,1217,426,791,0,0,0,1.0,1,1.0,1,1.0,1,0.16817664614228808,36
569,2,1219,427,792,0,0,0,1.0,1,1.0,1,1.0,1,0.16608988712207862,37
570,1,1220,428,792,0,0,0,1.0,1,1.0,1,1.0,1,0.15246007535515177,38
571,0,1220,428,792,0,0,0,1.0,1,1.0,1,1.0,1,0.15246007535515177,38
572,0,1220,428,792,0,0,0,1.0,1,1.0,1,1.0,1,0.16633749441056478,39
573,0,1220,428,792,0,0,0,1.0,1,1.0,1,1.0,1,0.16633749441056478,39
574,2,1222,428,794,0,0,0,1.0,1,1.0,1,1.0,1,0.1635662004620663,41
575,1,1223,428,795,0,0,0,1.0,1,1.0,1,1.0,1,0.15359168792782563,41
576,4,1227,428,799,0,0,0,1.0,1,1.0,1,1.0,1,0.11702004672004974,42
577,0,1227,428,799,0,0,0,1.0,1,1.0,1,1.0,1,0.11702004672004974,42
578,0,1227,428,799,0,0,0,1.0,1,1.0,1,1.0,1,0.13286794974607116,41
579,0,1227,428,799,0,0,0,1.0,1,1.0,1,1.0,1,0.12277419588778682,42
580,1,1228,429,799,0,0,0,1.0,1,1.0,1,1.0,1,0.17542981473228378,43
581,8,1236,433,803,0,0,0,1.0,1,1.0,1,1.0,1,0.13758983350997844,42
582,2,1238,434,804,0,0,0,1.0,1,1.0,1,1.0,1,0.16860141436623852,41
583,3,1241,435,806,0,0,0,1.0,1,1.0,1,1.0,1,0.1266109977008538,40
584,9,1250,439,811,0,0,0,1.0,1,1.0,1,1.0,1,0.1556745530921499,38
585,5,1255,441,814,0,0,0,1.0,1,1.0,1,1.0,1,0.1436879859149854,38
586,5,1260,442,818,0,0,0,1.0,1,1.0,1,1.0,1,0.11501405686659698,37
587,2,1262,443,819,0,0,0,1.0,1,1.0,1,1.0,1,0.14654652900940623,35
588,2,1264,445,819,0,0,0,1.0,1,1.0,1,1.0,1,0.1404243919054069,35
589,1,1265,445,820,0,0,0,1.0,1,1.0,1,1.0,1,0.13399582815176522,34
590,1,1266,445,821,0,0,0,1.0,1,1.0,1,1.0,1,0.11905115907408953,36
591,5,1271,448,823,0,0,0,1.0,1,1.0,1,1.0,1,0.09699696641961485,35
592,2,1273,448,825,0,0,0,1.0,1,1.0,1,1.0,1,0.11663824966313756,37
593,2,1275,448,827,0,0,0,1.0,1,1.0,1,1.0,1,0.12073045269481038,36
594,3,1278,450,828,0,0,0,1.0,1,1.0,1,1.0,1,0.19118561803185766,35
595,1,1279,450,829,0,0,0,1.0,1,1.0,1,1.0,1,0.19796535075102567,34
596,3,1282,450,832,0,0,0,1.0,1,1.0,1,1.0,1,0.14413338589305266,34
597,4,1286,453,833,0,0,0,1.0,1,1.0,1,1.0,1,0.19443502269206125,33
598,1,1287,453,834,0,0,0,1.0,1,1.0,1,1.0,1,0.2199473719212401,33
599,0,1287,453,834,0,0,0,1.0,1,1.0,1,1.0,1,0.2199473719212401,33
600,2,1289,454,835,0,0,0,1.0,1,1.0,1,1.0,1,0.21755270645744842,33
601,2,1291,455,836,0,0,0,1.0,1,1.0,1,1.0,1,0.1771539788396634,34
602,2,1293,455,838,0,0,0,1.0,1,1.0,1,1.0,1,0.17516473297578322,35
603,3,1296,455,841,0,0,0,1.0,1,1.0,1,1.0,1,0.14396310432161885,35
604,0,1296,455,841,0,0,0,1.0,1,1.0,1,1.0,1,0.14680065930096076,35
605,1,1297,455,842,0,0,0,1.0,1,1.0,1,1.0,1,0.13325414184805276,35
606,2,1299,455,844,0,0,0,1.0,1,1.0,1,1.0,1,0.12001089376888807,35
607,1,1300,456,844,0,0,0,1.0,1,1.0,1,1.0,1,0.1524517011942584,35
608,1,1301,456,845,0,0,0,1.0,1,1.0,1,1.0,1,0.1511987691822299,36
609,2,1303,456,847,0,0,0,1.0,1,1.0,1,1.0,1,0.15041343215965353,37
610,2,1305,456,849,0,0,0,1.0,1,1.0,1,1.0,1,0.11155414835120755,37
611,1,1306,456,850,0,0,0,1.0,1,1.0,1,1.0,1,0.09979559015008097,39
612,1,1307,457,850,0,0,0,1.0,1,1.0,1,1.0,1,0.12144539043177024,39
613,3,1310,459,851,0,0,0,1.0,1,1.0,1,1.0,1,0.11180674415618495,39
614,1,1311,460,851,0,0,0,1.0,1,1.0,1,1.0,1,0.15209619891743625,39
615,0,1311,460,851,0,0,0,1.0,1,1.0,1,1.0,1,0.15209619891743625,39
616,5,1316,461,855,0,0,0,1.0,1,1.0,1,1.0,1,0.13127547569153017,38
617,4,1320,464,856,0,0,0,1.0,1,1.0,1,1.0,1,0.08272968093237192,39
618,0,1320,464,856,0,0,0,1.0,1,1.0,1,1.0,1,0.08596081204107672,40
619,1,1321,464,857,0,0,0,1.0,1,1.0,1,1.0,1,0.09178727412785018,39
620,0,1321,464,857,0,0,0,1.0,1,1.0,1,1.0,1,0.10930349121237043,38
621,3,1324,465,859,0,0,0,1.0,1,1.0,1,1.0,1,0.09412863494492248,38
622,3,1327,468,859,0,0,0,1.0,1,1.0,1,1.0,1,0.16727095425709673,38
623,3,1330,470,860,0,0,0,1.0,1,1.0,1,1.0,1,0.15424840132069018,37
624,2,1332,471,861,0,0,0,1.0,1,1.0,1,1.0,1,0.16385471043104172,33
625,1,1333,472,861,0,0,0,1.0,1,1.0,1,1.0,1,0.14650762868601505,32
626,6,1339,477,862,0,0,0,1.0,1,1.0,1,1.0,1,0.2314113368865202,31
627,1,1340,477,863,0,0,0,1.0,1,1.0,1,1.0,1,0.1686096893418668,30
628,4,1344,479,865,0,0,0,1.0,1,1.0,1,1.0,1,0.18147483901792996,32
629,3,1347,480,867,0,0,0,1.0,1,1.0,1,1.0,1,0.17855497221293645,29
630,2,1349,480,869,0,0,0,1.0,1,1.0,1,1.0,1,0.17873926526343792,29
631,1,1350,481,869,0,0,0,1.0,1,1.0,1,1.0,1,0.22412501847535074,25
632,0,1350,481,869,0,0,0,1.0,1,1.0,1,1.0,1,0.24824565394311052,24
633,2,1352,482,870,0,0,0,1.0,1,1.0,1,1.0,1,0.2546014792775799,23
634,0,1352,482,870,0,0,0,1.0,1,1.0,1,1.0,1,0.2546014792775799,23
635,3,1355,483,872,0,0,0,1.0,1,1.0,1,1.0,1,0.2784892605548266,22
636,2,1357,483,874,0,0,0,1.0,1,1.0,1,1.0,1,0.24105021437919227,22
637,2,1359,484,875,0,0,0,1.0,1,1.0,1,1.0,1,0.17291596282266258,23
638,0,1359,484,875,0,0,0,1.0,1,1.0,1,1.0,1,0.17291596282266258,23
639,2,1361,484,877,0,0,0,1.0,1,1.0,1,1.0,1,0.18754308980366763,24
640,2,1363,485,878,0,0,0,1.0,1,1.0,1,1.0,1,0.18033804728918434,24
641,1,1364,485,879,0,0,0,1.0,1,1.0,1,1.0,1,0.17690138218674895,25
642,0,1364,485,879,0,0,0,1.0,1,1.0,1,1.0,1,0.13571004114834054,26
643,0,1364,485,879,0,0,0,1.0,1,1.0,1,1.0,1,0.13793122708953612,28
644,3,1367,487,880,0,0,0,1.0,1,1.0,1,1.0,1,0.20739474570400712,28
645,2,1369,487,882,0,0,0,1.0,1,1.0,1,1.0,1,0.2514784041289893,28
646,3,1372,487,885,0,0,0,1.0,1,1.0,1,1.0,1,0.15946152760942178,29
647,2,1374,488,886,0,0,0,1.0,1,1.0,1,1.0,1,0.1885246394024346,30
648,0,1374,488,886,0,0,0,1.0,1,1.0,1,1.0,1,0.1885246394024346,30
649,3,1377,489,888,0,0,0,1.0,1,1.0,1,1.0,1,0.192102240118317,31
650,3,1380,489,891,0,0,0,1.0,1,1.0,1,1.0,1,0.1882112406492778,31
651,3,1383,491,892,0,0,0,1.0,1,1.0,1,1.0,1,0.16201480301081392,32
652,1,1384,491,893,0,0,0,1.0,1,1.0,1,1.0,1,0.1491730989925783,32
653,1,1385,491,894,0,0,0,1.0,1,1.0,1,1.0,1,0.1386481662801729,33
654,0,1385,491,894,0,0,0,1.0,1,1.0,1,1.0,1,0.1386481662801729,33
655,4,1389,493,896,0,0,0,1.0,1,1.0,1,1.0,1,0.2080622345246403,36
656,6,1395,495,900,0,0,0,1.0,1,1.0,1,1.0,1,0.13439373784351719,36
657,1,1396,495,901,0,0,0,1.0,1,1.0,1,1.0,1,0.17491033534052047,35
658,2,1398,497,901,0,0,0,1.0,1,1.0,1,1.0,1,0.1681887568685202,33
659,1,1399,498,901,0,0,0,1.0,1,1.0,1,1.0,1,0.15746301945065055,35
660,1,1400,498,902,0,0,0,1.0,1,1.0,1,1.0,1,0.1898904334424137,34
661,1,1401,499,902,0,0,0,1.0,1,1.0,1,1.0,1,0.22911579087110373,33
662,3,1404,501,903,0,0,0,1.0,1,1.0,1,1.0,1,0.27324727602710797,31
663,3,1407,503,904,0,0,0,1.0,1,1.0,1,1.0,1,0.3146192182785444,29
664,3,1410,504,906,0,0,0,1.0,1,1.0,1,1.0,1,0.32369425789872724,27
665,2,1412,504,908,0,0,0,1.0,1,1.0,1,1.0,1,0.2098964670688248,27
666,6,1418,505,913,0,0,0,1.0,1,1.0,1,1.0,1,0.11689452137136111,28
667,2,1420,506,914,0,0,0,1.0,1,1.0,1,1.0,1,0.12248882759751811,26
668,1,1421,507,914,0,0,0,1.0,1,1.0,1,1.0,1,0.1489019622049104,26
669,2,1423,509,914,0,0,0,1.0,1,1.0,1,1.0,1,0.12885736276799203,25
670,0,1423,509,914,0,0,0,1.0,1,1.0,1,1.0,1,0.16162138801572284,24
671,0,1423,509,914,0,0,0,1.0,1,1.0,1,1.0,1,0.16162138801572284,24
672,1,1424,510,914,0,0,0,1.0,1,1.0,1,1.0,1,0.20963676471219786,25
673,3,1427,512,915,0,0,0,1.0,1,1.0,1,1.0,1,0.19991567076803712,25
674,1,1428,513,915,0,0,0,1.0,1,1.0,1,1.0,1,0.17506614886147803,25
675,3,1431,514,917,0,0,0,1.0,1,1.0,1,1.0,1,0.21104171652184725,26
676,3,1434,516,918,0,0,0,1.0,1,1.0,1,1.0,1,0.21428673928531305,27
677,2,1436,516,920,0,0,0,1.0,1,1.0,1,1.0,1,0.1824660594845837,28
678,3,1439,517,922,0,0,0,1.0,1,1.0,1,1.0,1,0.18316033862872913,28
679,2,1441,517,924,0,0,0,1.0,1,1.0,1,1.0,1,0.22343980376205888,30
680,3,1444,517,927,0,0,0,1.0,1,1.0,1,1.0,1,0.2258235154021257,29
681,2,1446,517,929,0,0,0,1.0,1,1.0,1,1.0,1,0.13764404930956425,29
682,0,1446,517,929,0,0,0,1.0,1,1.0,1,1.0,1,0.15430007115893574,30
683,0,1446,517,929,0,0,0,1.0,1,1.0,1,1.0,1,0.15430007115893574,30
684,1,1447,517,930,0,0,0,1.0,1,1.0,1,1.0,1,0.1675022787831067,31
685,0,1447,517,930,0,0,0,1.0,1,1.0,1,1.0,1,0.16433826573696092,30
686,0,1447,517,930,0,0,0,1.0,1,1.0,1,1.0,1,0.16433826573696092,30
687,2,1449,519,930,0,0,0,1.0,1,1.0,1,1.0,1,0.2546763265655283,30
688,2,1451,519,932,0,0,0,1.0,1,1.0,1,1.0,1,0.2126034228694799,31
689,1,1452,520,932,0,0,0,1.0,1,1.0,1,1.0,1,0.27212144390551984,32
690,1,1453,520,933,0,0,0,1.0,1,1.0,1,1.0,1,0.25544095933568417,32
691,3,1456,521,935,0,0,0,1.0,1,1.0,1,1.0,1,0.16279925465751183,32
692,1,1457,521,936,0,0,0,1.0,1,1.0,1,1.0,1,0.1327388242641941,32
693,1,1458,521,937,0,0,0,1.0,1,1.0,1,1.0,1,0.12989290471783813,34
694,3,1461,522,939,0,0,0,1.0,1,1.0,1,1.0,1,0.12432685593582375,36
695,3,1464,525,939,0,0,0,1.0,1,1.0,1,1.0,1,0.2042190162951731,34
696,6,1470,527,943,0,0,0,1.0,1,1.0,1,1.0,1,0.1656736781474469,33
697,2,1472,528,944,0,0,0,1.0,1,1.0,1,1.0,1,0.16674181871206517,33
698,3,1475,528,947,0,0,0,1.0,1,1.0,1,1.0,1,0.12986607689311128,34
699,0,1475,528,947,0,0,0,1.0,1,1.0,1,1.0,1,0.10737327333608793,33
700,0,1475,528,947,0,0,0,1.0,1,1.0,1,1.0,1,0.09279997121375952,32
701,0,1475,528,947,0,0,0,1.0,1,1.0,1,1.0,1,0.10969162005908237,33
702,3,1478,531,947,0,0,0,1.0,1,1.0,1,1.0,1,0.2291978251417514,34
703,2,1480,532,948,0,0,0,1.0,1,1.0,1,1.0,1,0.2094441403025057,32
704,1,1481,532,949,0,0,0,1.0,1,1.0,1,1.0,1,0.14994714667193804,31
705,4,1485,535,950,0,0,0,1.0,1,1.0,1,1.0,1,0.17436256599965733,33
706,4,1489,538,951,0,0,0,1.0,1,1.0,1,1.0,1,0.2556031385432861,33
707,2,1491,539,952,0,0,0,1.0,1,1.0,1,1.0,1,0.1704416150807144,31
708,1,1492,540,952,0,0,0,1.0,1,1.0,1,1.0,1,0.2224370335573189,31
709,1,1493,541,952,0,0,0,1.0,1,1.0,1,1.0,1,0.22669621954740354,30
710,1,1494,542,952,0,0,0,1.0,1,1.0,1,1.0,1,0.2527617608066183,30
711,1,1495,542,953,0,0,0,1.0,1,1.0,1,1.0,1,0.2283876857468425,30
712,1,1496,542,954,0,0,0,1.0,1,1.0,1,1.0,1,0.21209310218401972,30
713,0,1496,542,954,0,0,0,1.0,1,1.0,1,1.0,1,0.23522419479172937,31
714,5,1501,544,957,0,0,0,1.0,1,1.0,1,1.0,1,0.23674346357280066,31
715,2,1503,544,959,0,0,0,1.0,1,1.0,1,1.0,1,0.2570556034021628,30
716,2,1505,545,960,0,0,0,1.0,1,1.0,1,1.0,1,0.2915385304917642,31
717,2,1507,545,962,0,0,0,1.0,1,1.0,1,1.0,1,0.25670730602881925,32
718,1,1508,545,963,0,0,0,1.0,1,1.0,1,1.0,1,0.2305499478039566,32
719,0,1508,545,963,0,0,0,1.0,1,1.0,1,1.0,1,0.2305499478039566,32
720,1,1509,545,964,0,0,0,1.0,1,1.0,1,1.0,1,0.20172073774678753,34
721,1,1510,545,965,0,0,0,1.0,1,1.0,1,1.0,1,0.16692759431692744,34
722,0,1510,545,965,0,0,0,1.0,1,1.0,1,1.0,1,0.16692759431692744,34
723,1,1511,545,966,0,0,0,1.0,1,1.0,1,1.0,1,0.16653326279422173,35
724,3,1514,546,968,0,0,0,1.0,1,1.0,1,1.0,1,0.18968507568650533,36
725,3,1517,546,971,0,0,0,1.0,1,1.0,1,1.0,1,0.13133637128968728,37
726,1,1518,546,972,0,0,0,1.0,1,1.0,1,1.0,1,0.1204091782665623,37
727,1,1519,546,973,0,0,0,1.0,1,1.0,1,1.0,1,0.1310343571751665,38
728,0,1519,546,973,0,0,0,1.0,1,1.0,1,1.0,1,0.13324800861110028,39
729,1,1520,546,974,0,0,0,1.0,1,1.0,1,1.0,1,0.10607940484583041,39
730,0,1520,546,974,0,0,0,1.0,1,1.0,1,1.0,1,0.11288772951195604,40
731,0,1520,546,974,0,0,0,1.0,1,1.0,1,1.0,1,0.11288772951195604,40
732,0,1520,546,974,0,0,0,1.0,1,1.0,1,1.0,1,0.13506664514102398,41
733,2,1522,547,975,0,0,0,1.0,1,1.0,1,1.0,1,0.10270422388480815,41
734,1,1523,548,975,0,0,0,1.0,1,1.0,1,1.0,1,0.13296148063876093,42
735,0,1523,548,975,0,0,0,1.0,1,1.0,1,1.0,1,0.13928791590045808,42
736,2,1525,548,977,0,0,0,1.0,1,1.0,1,1.0,1,0.1345890981948161,41
737,5,1530,550,980,0,0,0,1.0,1,1.0,1,1.0,1,0.15795208887632778,41
738,2,1532,551,981,0,0,0,1.0,1,1.0,1,1.0,1,0.20218748404911988,39
739,1,1533,551,982,0,0,0,1.0,1,1.0,1,1.0,1,0.19062953240516564,39
740,0,1533,551,982,0,0,0,1.0,1,1.0,1,1.0,1,0.21603211017566548,39
741,4,1537,551,986,0,0,0,1.0,1,1.0,1,1.0,1,0.12616946202345075,38
742,2,1539,552,987,0,0,0,1.0,1,1.0,1,1.0,1,0.12319824367949161,39
743,2,1541,554,987,0,0,0,1.0,1,1.0,1,1.0,1,0.14562971859289436,39
744,3,1544,556,988,0,0,0,1.0,1,1.0,1,1.0,1,0.1067346236531045,39
745,4,1548,559,989,0,0,0,1.0,1,1.0,1,1.0,1,0.20077912025550557,39
746,8,1556,561,995,0,0,0,1.0,1,1.0,1,1.0,1,0.094170249808684,40
747,3,1559,562,997,0,0,0,1.0,1,1.0,1,1.0,1,0.10681054388768027,41
748,2,1561,563,998,0,0,0,1.0,1,1.0,1,1.0,1,0.10460999963724008,41
749,2,1563,564,999,0,0,0,1.0,1,1.0,1,1.0,1,0.09587118881189796,41
750,3,1566,565,1001,0,0,0,1.0,1,1.0,1,1.0,1,0.1092615577507589,39
751,3,1569,565,1004,0,0,0,1.0,1,1.0,1,1.0,1,0.08393953582822303,41
752,0,1569,565,1004,0,0,0,1.0,1,1.0,1,1.0,1,0.08393953582822303,41
753,0,1569,565,1004,0,0,0,1.0,1,1.0,1,1.0,1,0.10701360259030555,41
754,4,1573,569,1004,0,0,0,1.0,1,1.0,1,1.0,1,0.14966208759079655,41
755,2,1575,570,1005,0,0,0,1.0,1,1.0,1,1.0,1,0.18015315001272386,41
756,6,1581,570,1011,0,0,0,1.0,1,1.0,1,1.0,1,0.11868844969653404,41
757,4,1585,572,1013,0,0,0,1.0,1,1.0,1,1.0,1,0.21023693329071574,39
758,3,1588,572,1016,0,0,0,1.0,1,1.0,1,1.0,1,0.15791020383457277,39
759,2,1590,572,1018,0,0,0,1.0,1,1.0,1,1.0,1,0.15806564929954411,39
760,2,1592,572,1020,0,0,0,1.0,1,1.0,1,1.0,1,0.18151597778575437,40
761,3,1595,572,1023,0,0,0,1.0,1,1.0,1,1.0,1,0.11692812443931143,41
762,0,1595,572,1023,0,0,0,1.0,1,1.0,1,1.0,1,0.11574497108856538,42
763,1,1596,572,1024,0,0,0,1.0,1,1.0,1,1.0,1,0.114900313559543,43
764,0,1596,572,1024,0,0,0,1.0,1,1.0,1,1.0,1,0.114900313559543,43
765,1,1597,572,1025,0,0,0,1.0,1,1.0,1,1.0,1,0.10406385646721018,45
766,2,1599,573,1026,0,0,0,1.0,1,1.0,1,1.0,1,0.09802477749102374,45
767,0,1599,573,1026,0,0,0,1.0,1,1.0,1,1.0,1,0.10737966740151028,46
768,0,1599,573,1026,0,0,0,1.0,1,1.0,1,1.0,1,0.10565074200493865,45
769,1,1600,574,1026,0,0,0,1.0,1,1.0,1,1.0,1,0.1364292009469155,46
770,0,1600,574,1026,0,0,0,1.0,1,1.0,1,1.0,1,0.12275960440321995,47
771,3,1603,577,1026,0,0,0,1.0,1,1.0,1,1.0,1,0.13243274717629552,47
772,2,1605,578,1027,0,0,0,1.0,1,1.0,1,1.0,1,0.1449077371863365,46
773,3,1608,580,1028,0,0,0,1.0,1,1.0,1,1.0,1,0.1370993347054214,45
774,0,1608,580,1028,0,0,0,1.0,1,1.0,1,1.0,1,0.11775807671575292,45
775,4,1612,583,1029,0,0,0,1.0,1,1.0,1,1.0,1,0.16286672137941796,45
776,3,1615,583,1032,0,0,0,1.0,1,1.0,1,1.0,1,0.10465497496126681,43
777,0,1615,583,1032,0,0,0,1.0,1,1.0,1,1.0,1,0.11176187592010775,44
778,0,1615,583,1032,0,0,0,1.0,1,1.0,1,1.0,1,0.10807002997793151,45
779,0,1615,583,1032,0,0,0,1.0,1,1.0,1,1.0,1,0.10807002997793151,45
780,2,1617,585,1032,0,0,0,1.0,1,1.0,1,1.0,1,0.17301312994272153,45
781,4,1621,586,1035,0,0,0,1.0,1,1.0,1,1.0,1,0.11461436308617329,46
782,4,1625,588,1037,0,0,0,1.0,1,1.0,1,1.0,1,0.19734678958605245,47
783,2,1627,588,1039,0,0,0,1.0,1,1.0,1,1.0,1,0.13099426899862246,46
784,0,1627,588,1039,0,0,0,1.0,1,1.0,1,1.0,1,0.13693685645477072,45
785,1,1628,588,1040,0,0,0,1.0,1,1.0,1,1.0,1,0.12314729568995592,43
786,3,1631,589,1042,0,0,0,1.0,1,1.0,1,1.0,1,0.11149147508608541,43
787,3,1634,591,1043,0,0,0,1.0,1,1.0,1,1.0,1,0.13641314221850642,43
788,1,1635,592,1043,0,0,0,1.0,1,1.0,1,1.0,1,0.16463141340858584,44
789,1,1636,593,1043,0,0,0,1.0,1,1.0,1,1.0,1,0.18148961594674928,46
790,3,1639,594,1045,0,0,0,1.0,1,1.0,1,1.0,1,0.15683713160564955,46
791,4,1643,595,1048,0,0,0,1.0,1,1.0,1,1.0,1,0.10367049446364615,46
792,0,1643,595,1048,0,0,0,1.0,1,1.0,1,1.0,1,0.0985076740307436,47
793,2,1645,595,1050,0,0,0,1.0,1,1.0,1,1.0,1,0.07319376409960401,48
794,0,1645,595,1050,0,0,0,1.0,1,1.0,1,1.0,1,0.09134173539679007,48
795,0,1645,595,1050,0,0,0,1.0,1,1.0,1,1.0,1,0.099222833241022,47
796,2,1647,596,1051,0,0,0,1.0,1,1.0,1,1.0,1,0.1554723316822071,45
797,2,1649,596,1053,0,0,0,1.0,1,1.0,1,1.0,1,0.1606050480658466,47
798,2,1651,597,1054,0,0,0,1.0,1,1.0,1,1.0,1,0.15202844946564553,48
799,2,1653,598,1055,0,0,0,1.0,1,1.0,1,1.0,1,0.13539551781488168,48
800,2,1655,600,1055,0,0,0,1.0,1,1.0,1,1.0,1,0.15063027896898928,48
801,3,1658,601,1057,0,0,0,1.0,1,1.0,1,1.0,1,0.1340111530201166,49
802,4,1662,603,1059,0,0,0,1.0,1,1.0,1,1.0,1,0.15755667379869007,50
803,0,1662,603,1059,0,0,0,1.0,1,1.0,1,1.0,1,0.15755667379869007,50
804,0,1662,603,1059,0,0,0,1.0,1,1.0,1,1.0,1,0.15755667379869007,50
805,0,1662,603,1059,0,0,0,1.0,1,1.0,1,1.0,1,0.15755667379869007,50
806,1,1663,603,1060,0,0,0,1.0,1,1.0,1,1.0,1,0.14871281359411473,51
807,0,1663,603,1060,0,0,0,1.0,1,1.0,1,1.0,1,0.14871281359411473,51
808,3,1666,604,1062,0,0,0,1.0,1,1.0,1,1.0,1,0.15918810468142933,53
809,1,1667,604,1063,0,0,0,1.0,1,1.0,1,1.0,1,0.10642953993635418,51
810,0,1667,604,1063,0,0,0,1.0,1,1.0,1,1.0,1,0.11892729164098122,52
811,5,1672,606,1066,0,0,0,1.0,1,1.0,1,1.0,1,0.10468399431217844,50
812,3,1675,607,1068,0,0,0,1.0,1,1.0,1,1.0,1,0.07934095714729693,51
813,1,1676,608,1068,0,0,0,1.0,1,1.0,1,1.0,1,0.10851905185393099,51
814,2,1678,609,1069,0,0,0,1.0,1,1.0,1,1.0,1,0.13948673350296595,52
815,1,1679,610,1069,0,0,0,1.0,1,1.0,1,1.0,1,0.15497921062218317,50
816,3,1682,610,1072,0,0,0,1.0,1,1.0,1,1.0,1,0.1341279260927134,50
817,0,1682,610,1072,0,0,0,1.0,1,1.0,1,1.0,1,0.1417051514523032,49
818,2,1684,612,1072,0,0,0,1.0,1,1.0,1,1.0,1,0.19872449631132671,49
819,1,1685,612,1073,0,0,0,1.0,1,1.0,1,1.0,1,0.17638317756412022,50
820,1,1686,613,1073,0,0,0,1.0,1,1.0,1,1.0,1,0.2206852615172396,49
821,4,1690,613,1077,0,0,0,1.0,1,1.0,1,1.0,1,0.1556089452636185,49
822,2,1692,614,1078,0,0,0,1.0,1,1.0,1,1.0,1,0.14005748773532514,49
823,3,1695,616,1079,0,0,0,1.0,1,1.0,1,1.0,1,0.1785565497735685,47
824,7,1702,620,1082,0,0,0,1.0,1,1.0,1,1.0,1,0.15370396102306602,45
825,0,1702,620,1082,0,0,0,1.0,1,1.0,1,1.0,1,0.1542082670069114,43
826,4,1706,621,1085,0,0,0,1.0,1,1.0,1,1.0,1,0.08984697688990223,44
827,1,1707,622,1085,0,0,0,1.0,1,1.0,1,1.0,1,0.06895476048304326,43
828,3,1710,625,1085,0,0,0,1.0,1,1.0,1,1.0,1,0.07591629186992306,43
829,3,1713,627,1086,0,0,0,1.0,1,1.0,1,1.0,1,0.0980071353040633,45
830,2,1715,628,1087,0,0,0,1.0,1,1.0,1,1.0,1,0.12981921522304382,46
831,8,1723,629,1094,0,0,0,1.0,1,1.0,1,1.0,1,0.10691583018663484,48
832,3,1726,630,1096,0,0,0,1.0,1,1.0,1,1.0,1,0.09423735901880784,47
833,0,1726,630,1096,0,0,0,1.0,1,1.0,1,1.0,1,0.09430680015470154,47
834,1,1727,630,1097,0,0,0,1.0,1,1.0,1,1.0,1,0.1345570163517878,46
835,0,1727,630,1097,0,0,0,1.0,1,1.0,1,1.0,1,0.1431129691669226,45
836,4,1731,630,1101,0,0,0,1.0,1,1.0,1,1.0,1,0.06713807794701163,46
837,3,1734,631,1103,0,0,0,1.0,1,1.0,1,1.0,1,0.043913804139460784,46
838,1,1735,632,1103,0,0,0,1.0,1,1.0,1,1.0,1,0.10153250419414706,45
839,3,1738,634,1104,0,0,0,1.0,1,1.0,1,1.0,1,0.15030283543692163,46
840,2,1740,634,1106,0,0,0,1.0,1,1.0,1,1.0,1,0.11526949708665486,46
841,5,1745,636,1109,0,0,0,1.0,1,1.0,1,1.0,1,0.17666872276406095,46
842,4,1749,638,1111,0,0,0,1.0,1,1.0,1,1.0,1,0.19895777792011252,46
843,3,1752,639,1113,0,0,0,1.0,1,1.0,1,1.0,1,0.1888016014767031,46
844,4,1756,642,1114,0,0,0,1.0,1,1.0,1,1.0,1,0.21708450936537926,47
845,4,1760,644,1116,0,0,0,1.0,1,1.0,1,1.0,1,0.26444899142708606,48
846,3,1763,644,1119,0,0,0,1.0,1,1.0,1,1.0,1,0.18697997592208676,47
847,2,1765,644,1121,0,0,0,1.0,1,1.0,1,1.0,1,0.14087046326364208,48
848,4,1769,645,1124,0,0,0,1.0,1,1.0,1,1.0,1,0.1266482326197578,48
849,5,1774,646,1128,0,0,0,1.0,1,1.0,1,1.0,1,0.10624092424651271,48
850,2,1776,646,1130,0,0,0,1.0,1,1.0,1,1.0,1,0.10962596020728799,46
851,0,1776,646,1130,0,0,0,1.0,1,1.0,1,1.0,1,0.12577744812162367,45
852,0,1776,646,1130,0,0,0,1.0,1,1.0,1,1.0,1,0.13533597670656192,44
853,1,1777,647,1130,0,0,0,1.0,1,1.0,1,1.0,1,0.13582396145716996,44
854,2,1779,649,1130,0,0,0,1.0,1,1.0,1,1.0,1,0.1462514076230071,45
855,2,1781,649,1132,0,0,0,1.0,1,1.0,1,1.0,1,0.1260441146531775,46
856,1,1782,649,1133,0,0,0,1.0,1,1.0,1,1.0,1,0.108476431703862,46
857,0,1782,649,1133,0,0,0,1.0,1,1.0,1,1.0,1,0.10898244353639908,47
858,2,1784,651,1133,0,0,0,1.0,1,1.0,1,1.0,1,0.1634548435817448,48
859,1,1785,651,1134,0,0,0,1.0,1,1.0,1,1.0,1,0.16535309065986872,48
860,4,1789,651,1138,0,0,0,1.0,1,1.0,1,1.0,1,0.1794693184225452,49
861,4,1793,652,1141,0,0,0,1.0,1,1.0,1,1.0,1,0.1561813472784515,49
862,3,1796,653,1143,0,0,0,1.0,1,1.0,1,1.0,1,0.12400030465158571,49
863,1,1797,654,1143,0,0,0,1.0,1,1.0,1,1.0,1,0.11968563401197019,48
864,3,1800,654,1146,0,0,0,1.0,1,1.0,1,1.0,1,0.11316588379924387,49
865,2,1802,654,1148,0,0,0,1.0,1,1.0,1,1.0,1,0.12136812548773529,48
866,3,1805,655,1150,0,0,0,1.0,1,1.0,1,1.0,1,0.08183294025045158,50
867,3,1808,656,1152,0,0,0,1.0,1,1.0,1,1.0,1,0.10478939437440034,50
868,5,1813,659,1154,0,0,0,1.0,1,1.0,1,1.0,1,0.13831852858685065,51
869,2,1815,660,1155,0,0,0,1.0,1,1.0,1,1.0,1,0.10582436796612749,49
870,5,1820,663,1157,0,0,0,1.0,1,1.0,1,1.0,1,0.11615268904772827,49
871,5,1825,664,1161,0,0,0,1.0,1,1.0,1,1.0,1,0.0942465575776947,49
872,3,1828,666,1162,0,0,0,1.0,1,1.0,1,1.0,1,0.09419960879562678,48
873,2,1830,667,1163,0,0,0,1.0,1,1.0,1,1.0,1,0.1295323587418621,49
874,0,1830,667,1163,0,0,0,1.0,1,1.0,1,1.0,1,0.13452212095550156,49
875,2,1832,668,1164,0,0,0,1.0,1,1.0,1,1.0,1,0.13368618838165636,50
876,3,1835,669,1166,0,0,0,1.0,1,1.0,1,1.0,1,0.12306437152835707,50
877,3,1838,671,1167,0,0,0,1.0,1,1.0,1,1.0,1,0.1177417239794503,50
878,2,1840,672,1168,0,0,0,1.0,1,1.0,1,1.0,1,0.1302936125601781,49
879,0,1840,672,1168,0,0,0,1.0,1,1.0,1,1.0,1,0.1302936125601781,49
880,1,1841,672,1169,0,0,0,1.0,1,1.0,1,1.0,1,0.13658334743740017,48
881,5,1846,673,1173,0,0,0,1.0,1,1.0,1,1.0,1,0.09497662057876968,49
882,1,1847,673,1174,0,0,0,1.0,1,1.0,1,1.0,1,0.11574619199748343,48
883,4,1851,674,1177,0,0,0,1.0,1,1.0,1,1.0,1,0.12201252176108161,50
884,2,1853,675,1178,0,0,0,1.0,1,1.0,1,1.0,1,0.14134117993027828,50
885,1,1854,675,1179,0,0,0,1.0,1,1.0,1,1.0,1,0.11503993975242816,49
886,3,1857,676,1181,0,0,0,1.0,1,1.0,1,1.0,1,0.13765336092448424,49
887,0,1857,676,1181,0,0,0,1.0,1,1.0,1,1.0,1,0.13675003849085846,49
888,2,1859,677,1182,0,0,0,1.0,1,1.0,1,1.0,1,0.1336530331670317,47
889,1,1860,678,1182,0,0,0,1.0,1,1.0,1,1.0,1,0.12128297433861523,46
890,1,1861,678,1183,0,0,0,1.0,1,1.0,1,1.0,1,0.15910255411943486,44
891,4,1865,679,1186,0,0,0,1.0,1,1.0,1,1.0,1,0.14458259887170793,45
892,3,1868,680,1188,0,0,0,1.0,1,1.0,1,1.0,1,0.1254782002372952,45
893,0,1868,680,1188,0,0,0,1.0,1,1.0,1,1.0,1,0.1254782002372952,45
894,1,1869,680,1189,0,0,0,1.0,1,1.0,1,1.0,1,0.11532932244279229,44
895,1,1870,680,1190,0,0,0,1.0,1,1.0,1,1.0,1,0.1239283406767654,45
896,3,1873,681,1192,0,0,0,1.0,1,1.0,1,1.0,1,0.09287152130423744,44
897,1,1874,681,1193,0,0,0,1.0,1,1.0,1,1.0,1,0.08352087456731429,44
898,1,1875,681,1194,0,0,0,1.0,1,1.0,1,1.0,1,0.0767800088747364,45
899,0,1875,681,1194,0,0,0,1.0,1,1.0,1,1.0,1,0.10147889497763996,44
900,1,1876,681,1195,0,0,0,1.0,1,1.0,1,1.0,1,0.11605403294128325,46
901,3,1879,682,1197,0,0,0,1.0,1,1.0,1,1.0,1,0.10666755068332164,45
902,2,1881,684,1197,0,0,0,1.0,1,1.0,1,1.0,1,0.09973564800579177,45
903,3,1884,687,1197,0,0,0,1.0,1,1.0,1,1.0,1,0.21379163588777036,44
904,2,1886,687,1199,0,0,0,1.0,1,1.0,1,1.0,1,0.16213661170204377,45
905,2,1888,688,1200,0,0,0,1.0,1,1.0,1,1.0,1,0.1873070468099029,45
906,3,1891,688,1203,0,0,0,1.0,1,1.0,1,1.0,1,0.14821178184198253,45
907,5,1896,689,1207,0,0,0,1.0,1,1.0,1,1.0,1,0.12296618800730719,46
908,2,1898,689,1209,0,0,0,1.0,1,1.0,1,1.0,1,0.09963176990000015,46
909,7,1905,692,1213,0,0,0,1.0,1,1.0,1,1.0,1,0.13508627124167735,46
910,3,1908,692,1216,0,0,0,1.0,1,1.0,1,1.0,1,0.16200000177994642,44
911,5,1913,693,1220,0,0,0,1.0,1,1.0,1,1.0,1,0.08703461754025091,45
912,0,1913,693,1220,0,0,0,1.0,1,1.0,1,1.0,1,0.09833420181171061,44
913,0,1913,693,1220,0,0,0,1.0,1,1.0,1,1.0,1,0.1152834975916708,45
914,2,1915,695,1220,0,0,0,1.0,1,1.0,1,1.0,1,0.15068725265150104,45
915,3,1918,696,1222,0,0,0,1.0,1,1.0,1,1.0,1,0.14268127143469675,45
916,2,1920,696,1224,0,0,0,1.0,1,1.0,1,1.0,1,0.10507679855472324,45
917,0,1920,696,1224,0,0,0,1.0,1,1.0,1,1.0,1,0.12362098827083652,46
918,2,1922,697,1225,0,0,0,1.0,1,1.0,1,1.0,1,0.13218425276823614,47
919,1,1923,698,1225,0,0,0,1.0,1,1.0,1,1.0,1,0.1491671353246769,47
920,0,1923,698,1225,0,0,0,1.0,1,1.0,1,1.0,1,0.1491671353246769,47
921,7,1930,701,1229,0,0,0,1.0,1,1.0,1,1.0,1,0.13095607671320178,49
922,2,1932,702,1230,0,0,0,1.0,1,1.0,1,1.0,1,0.12517490469542036,49
923,2,1934,704,1230,0,0,0,1.0,1,1.0,1,1.0,1,0.16501994779755919,47
924,1,1935,705,1230,0,0,0,1.0,1,1.0,1,1.0,1,0.1911163005021206,47
925,2,1937,705,1232,0,0,0,1.0,1,1.0,1,1.0,1,0.17112398858912017,47
926,4,1941,707,1234,0,0,0,1.0,1,1.0,1,1.0,1,0.16096078441117806,46
927,4,1945,708,1237,0,0,0,1.0,1,1.0,1,1.0,1,0.12402527973937243,45
928,0,1945,708,1237,0,0,0,1.0,1,1.0,1,1.0,1,0.14161504271531755,43
929,1,1946,708,1238,0,0,0,1.0,1,1.0,1,1.0,1,0.14558194821418569,42
930,0,1946,708,1238,0,0,0,1.0,1,1.0,1,1.0,1,0.17140307499260835,41
931,9,1955,709,1246,0,0,0,1.0,1,1.0,1,1.0,1,0.07559652671023225,40
932,2,1957,709,1248,0,0,0,1.0,1,1.0,1,1.0,1,0.13272896124233674,40
933,2,1959,710,1249,0,0,0,1.0,1,1.0,1,1.0,1,0.16623343056215142,39
934,2,1961,711,1250,0,0,0,1.0,1,1.0,1,1.0,1,0.16903147361159626,39
935,8,1969,712,1257,0,0,0,1.0,1,1.0,1,1.0,1,0.24067132503821748,41
936,5,1974,712,1262,0,0,0,1.0,1,1.0,1,1.0,1,0.16371981292740148,42
937,2,1976,712,1264,0,0,0,1.0,1,1.0,1,1.0,1,0.15071196216271177,43
938,1,1977,712,1265,0,0,0,1.0,1,1.0,1,1.0,1,0.16249716205298873,44
939,6,1983,712,1271,0,0,0,1.0,1,1.0,1,1.0,1,0.15181452146302019,46
940,5,1988,712,1276,0,0,0,1.0,1,1.0,1,1.0,1,0.21039862684596103,46
941,4,1992,712,1280,0,0,0,1.0,1,1.0,1,1.0,1,0.13199544511610753,46
942,2,1994,713,1281,0,0,0,1.0,1,1.0,1,1.0,1,0.1291752291115876,46
943,0,1994,713,1281,0,0,0,1.0,1,1.0,1,1.0,1,0.10968390954503697,45
944,3,1997,713,1284,0,0,0,1.0,1,1.0,1,1.0,1,0.10396638471273945,45
945,4,2001,713,1288,0,0,0,1.0,1,1.0,1,1.0,1,0.1315765165966397,44
946,4,2005,714,1291,0,0,0,1.0,1,1.0,1,1.0,1,0.10655166367275422,46
947,0,2005,714,1291,0,0,0,1.0,1,1.0,1,1.0,1,0.09917111436747034,44
948,1,2006,715,1291,0,0,0,1.0,1,1.0,1,1.0,1,0.11471617732663705,44
949,3,2009,717,1292,0,0,0,1.0,1,1.0,1,1.0,1,0.18462330397873397,44
950,0,2009,717,1292,0,0,0,1.0,1,1.0,1,1.0,1,0.1867918668381395,43
951,3,2012,717,1295,0,0,0,1.0,1,1.0,1,1.0,1,0.16066734463924184,42
952,0,2012,717,1295,0,0,0,1.0,1,1.0,1,1.0,1,0.16066734463924184,42
953,1,2013,717,1296,0,0,0,1.0,1,1.0,1,1.0,1,0.13537598377048565,41
954,0,2013,717,1296,0,0,0,1.0,1,1.0,1,1.0,1,0.1449080599443646,40
955,2,2015,717,1298,0,0,0,1.0,1,1.0,1,1.0,1,0.11596265622318927,42
956,3,2018,719,1299,0,0,0,1.0,1,1.0,1,1.0,1,0.14008276943068154,43
957,1,2019,719,1300,0,0,0,1.0,1,1.0,1,1.0,1,0.11172709642959915,42
958,0,2019,719,1300,0,0,0,1.0,1,1.0,1,1.0,1,0.1402133315910956,43
959,2,2021,720,1301,0,0,0,1.0,1,1.0,1,1.0,1,0.19537896303323982,45
960,4,2025,721,1304,0,0,0,1.0,1,1.0,1,1.0,1,0.19421353436796596,47
961,0,2025,721,1304,0,0,0,1.0,1,1.0,1,1.0,1,0.17722600863876406,45
962,2,2027,723,1304,0,0,0,1.0,1,1.0,1,1.0,1,0.2105571669665533,45
963,2,2029,724,1305,0,0,0,1.0,1,1.0,1,1.0,1,0.22417405830895976,44
964,1,2030,724,1306,0,0,0,1.0,1,1.0,1,1.0,1,0.2113486571847313,44
965,3,2033,724,1309,0,0,0,1.0,1,1.0,1,1.0,1,0.14681528501379967,45
966,1,2034,725,1309,0,0,0,1.0,1,1.0,1,1.0,1,0.18792267451523328,43
967,1,2035,725,1310,0,0,0,1.0,1,1.0,1,1.0,1,0.18021143000690062,43
968,2,2037,725,1312,0,0,0,1.0,1,1.0,1,1.0,1,0.15494974579164775,43
969,0,2037,725,1312,0,0,0,1.0,1,1.0,1,1.0,1,0.15875197587361545,42
970,0,2037,725,1312,0,0,0,1.0,1,1.0,1,1.0,1,0.16830222661670716,42
971,1,2038,725,1313,0,0,0,1.0,1,1.0,1,1.0,1,0.1545739297641229,42
972,1,2039,726,1313,0,0,0,1.0,1,1.0,1,1.0,1,0.13211556365112034,42
973,0,2039,726,1313,0,0,0,1.0,1,1.0,1,1.0,1,0.13242764252001782,43
974,1,2040,727,1313,0,0,0,1.0,1,1.0,1,1.0,1,0.12825892999040545,43
975,1,2041,727,1314,0,0,0,1.0,1,1.0,1,1.0,1,0.10163227455024867,43
976,0,2041,727,1314,0,0,0,1.0,1,1.0,1,1.0,1,0.10714423962427311,45
977,0,2041,727,1314,0,0,0,1.0,1,1.0,1,1.0,1,0.12508574902920575,44
978,1,2042,728,1314,0,0,0,1.0,1,1.0,1,1.0,1,0.13194220934901302,44
979,1,2043,728,1315,0,0,0,1.0,1,1.0,1,1.0,1,0.1343291938896153,45
980,1,2044,729,1315,0,0,0,1.0,1,1.0,1,1.0,1,0.15690752079854423,45
981,2,2046,729,1317,0,0,0,1.0,1,1.0,1,1.0,1,0.12554291737080703,45
982,6,2052,732,1320,0,0,0,1.0,1,1.0,1,1.0,1,0.22745160647770415,46
983,6,2058,734,1324,0,0,0,1.0,1,1.0,1,1.0,1,0.21445322969167585,45
984,1,2059,735,1324,0,0,0,1.0,1,1.0,1,1.0,1,0.21760429307253654,45
985,7,2066,739,1327,0,0,0,1.0,1,1.0,1,1.0,1,0.2366020020960579,45
986,9,2075,740,1335,0,0,0,1.0,1,1.0,1,1.0,1,0.13462791187915402,44
987,1,2076,740,1336,0,0,0,1.0,1,1.0,1,1.0,1,0.11998775711748255,45
988,3,2079,743,1336,0,0,0,1.0,1,1.0,1,1.0,1,0.19537107895866732,44
989,3,2082,744,1338,0,0,0,1.0,1,1.0,1,1.0,1,0.18336836341889612,43
990,2,2084,745,1339,0,0,0,1.0,1,1.0,1,1.0,1,0.1828842414232079,42
991,1,2085,745,1340,0,0,0,1.0,1,1.0,1,1.0,1,0.16136415845005778,42
992,1,2086,745,1341,0,0,0,1.0,1,1.0,1,1.0,1,0.14415844663204153,43
993,2,2088,746,1342,0,0,0,1.0,1,1.0,1,1.0,1,0.1344186414962675,43
994,2,2090,747,1343,0,0,0,1.0,1,1.0,1,1.0,1,0.15142380644647616,43
995,1,2091,747,1344,0,0,0,1.0,1,1.0,1,1.0,1,0.1311126541277582,43
996,1,2092,747,1345,0,0,0,1.0,1,1.0,1,1.0,1,0.12680851344621574,44
997,0,2092,747,1345,0,0,0,1.0,1,1.0,1,1.0,1,0.12680851344621574,44
998,0,2092,747,1345,0,0,0,1.0,1,1.0,1,1.0,1,0.14182516124494346,45
999,0,2092,747,1345,0,0,0,1.0,1,1.0,1,1.0,1,0.12714506697130476,42
1000,0,2092,747,1345,0,0,0,1.0,1,1.0,1,1.0,1,0.11229875843629902,43
1001,1,2093,747,1346,0,0,0,1.0,1,1.0,1,1.0,1,0.1211744934345471,42
1002,1,2094,747,1347,0,0,0,1.0,1,1.0,1,1.0,1,0.13318922702256636,43
1003,0,2094,747,1347,0,0,0,1.0,1,1.0,1,1.0,1,0.13318922702256636,43
1004,0,2094,747,1347,0,0,0,1.0,1,1.0,1,1.0,1,0.13318922702256636,43
1005,0,2094,747,1347,0,0,0,1.0,1,1.0,1,1.0,1,0.13711928979304738,44
1006,0,2094,747,1347,0,0,0,1.0,1,1.0,1,1.0,1,0.14500965511520567,46
1007,0,2094,747,1347,0,0,0,1.0,1,1.0,1,1.0,1,0.14500965511520567,46
1008,2,2096,747,1349,0,0,0,1.0,1,1.0,1,1.0,1,0.14522570271327515,47
1009,2,2098,748,1350,0,0,0,1.0,1,1.0,1,1.0,1,0.12710770760791124,48
1010,0,2098,748,1350,0,0,0,1.0,1,1.0,1,1.0,1,0.12710770760791124,48
1011,0,2098,748,1350,0,0,0,1.0,1,1.0,1,1.0,1,0.12710770760791124,48
1012,3,2101,749,1352,0,0,0,1.0,1,1.0,1,1.0,1,0.1209620981682231,49
1013,0,2101,749,1352,0,0,0,1.0,1,1.0,1,1.0,1,0.1038916564979256,50
1014,1,2102,750,1352,0,0,0,1.0,1,1.0,1,1.0,1,0.11416661350269204,50
1015,1,2103,750,1353,0,0,0,1.0,1,1.0,1,1.0,1,0.11342908330593005,51
1016,1,2104,751,1353,0,0,0,1.0,1,1.0,1,1.0,1,0.1312329527657626,51
1017,2,2106,751,1355,0,0,0,1.0,1,1.0,1,1.0,1,0.11041461811259666,52
1018,1,2107,752,1355,0,0,0,1.0,1,1.0,1,1.0,1,0.14616535560534177,52
1019,3,2110,753,1357,0,0,0,1.0,1,1.0,1,1.0,1,0.1411410792538928,52
1020,1,2111,754,1357,0,0,0,1.0,1,1.0,1,1.0,1,0.11832160322688713,53
1021,2,2113,754,1359,0,0,0,1.0,1,1.0,1,1.0,1,0.10230336862591705,53
1022,0,2113,754,1359,0,0,0,1.0,1,1.0,1,1.0,1,0.10721951794223314,54
1023,1,2114,755,1359,0,0,0,1.0,1,1.0,1,1.0,1,0.11614092640130114,55
1024,3,2117,756,1361,0,0,0,1.0,1,1.0,1,1.0,1,0.13082849377669212,55
1025,1,2118,756,1362,0,0,0,1.0,1,1.0,1,1.0,1,0.12499503316105244,56
1026,1,2119,756,1363,0,0,0,1.0,1,1.0,1,1.0,1,0.13218001562356538,57
1027,0,2119,756,1363,0,0,0,1.0,1,1.0,1,1.0,1,0.1358149338781904,58
1028,2,2121,758,1363,0,0,0,1.0,1,1.0,1,1.0,1,0.18142092094729761,58
1029,7,2128,761,1367,0,0,0,1.0,1,1.0,1,1.0,1,0.16393812090935897,59
1030,2,2130,762,1368,0,0,0,1.0,1,1.0,1,1.0,1,0.18224956187566263,60
1031,7,2137,762,1375,0,0,0,1.0,1,1.0,1,1.0,1,0.11411616277326168,60
1032,3,2140,762,1378,0,0,0,1.0,1,1.0,1,1.0,1,0.11447051440259157,61
1033,3,2143,762,1381,0,0,0,1.0,1,1.0,1,1.0,1,0.12239923103540853,60
1034,3,2146,763,1383,0,0,0,1.0,1,1.0,1,1.0,1,0.13711561826739482,60
1035,5,2151,764,1387,0,0,0,1.0,1,1.0,1,1.0,1,0.16205313916951386,59
1036,10,2161,766,1395,0,0,0,1.0,1,1.0,1,1.0,1,0.07893509964885033,60
1037,1,2162,766,1396,0,0,0,1.0,1,1.0,1,1.0,1,0.0723626977649703,59
1038,3,2165,769,1396,0,0,0,1.0,1,1.0,1,1.0,1,0.10807830460404835,60
1039,3,2168,770,1398,0,0,0,1.0,1,1.0,1,1.0,1,0.09865246845182223,60
1040,3,2171,771,1400,0,0,0,1.0,1,1.0,1,1.0,1,0.12808847509225882,58
1041,4,2175,773,1402,0,0,0,1.0,1,1.0,1,1.0,1,0.07086539960975906,56
1042,0,2175,773,1402,0,0,0,1.0,1,1.0,1,1.0,1,0.08401574633791332,55
1043,1,2176,774,1402,0,0,0,1.0,1,1.0,1,1.0,1,0.09057830869258157,55
1044,1,2177,775,1402,0,0,0,1.0,1,1.0,1,1.0,1,0.08503447606597299,52
1045,0,2177,775,1402,0,0,0,1.0,1,1.0,1,1.0,1,0.09120554540628172,52
1046,2,2179,775,1404,0,0,0,1.0,1,1.0,1,1.0,1,0.06271655000470852,53
1047,0,2179,775,1404,0,0,0,1.0,1,1.0,1,1.0,1,0.06777077484087338,54
1048,2,2181,777,1404,0,0,0,1.0,1,1.0,1,1.0,1,0.07835434215029526,56
1049,4,2185,780,1405,0,0,0,1.0,1,1.0,1,1.0,1,0.10077979807309566,55
1050,4,2189,780,1409,0,0,0,1.0,1,1.0,1,1.0,1,0.09599732318100847,56
1051,1,2190,780,1410,0,0,0,1.0,1,1.0,1,1.0,1,0.05972661695615395,55
1052,0,2190,780,1410,0,0,0,1.0,1,1.0,1,1.0,1,0.07313998015812469,56
1053,2,2192,782,1410,0,0,0,1.0,1,1.0,1,1.0,1,0.10287207189806787,56
1054,2,2194,783,1411,0,0,0,1.0,1,1.0,1,1.0,1,0.06386845254161129,57
1055,0,2194,783,1411,0,0,0,1.0,1,1.0,1,1.0,1,0.06193838145686063,58
1056,1,2195,783,1412,0,0,0,1.0,1,1.0,1,1.0,1,0.06205326795202703,59
1057,1,2196,784,1412,0,0,0,1.0,1,1.0,1,1.0,1,0.10409118342111967,60
1058,4,2200,785,1415,0,0,0,1.0,1,1.0,1,1.0,1,0.116157698961374,60
1059,1,2201,785,1416,0,0,0,1.0,1,1.0,1,1.0,1,0.12062186695293516,60
1060,4,2205,787,1418,0,0,0,1.0,1,1.0,1,1.0,1,0.16096817879898773,60
1061,8,2213,791,1422,0,0,0,1.0,1,1.0,1,1.0,1,0.15811049260769278,59
1062,5,2218,791,1427,0,0,0,1.0,1,1.0,1,1.0,1,0.14094812630321682,59
1063,2,2220,793,1427,0,0,0,1.0,1,1.0,1,1.0,1,0.13936630557679408,58
1064,6,2226,797,1429,0,0,0,1.0,1,1.0,1,1.0,1,0.16222055081420214,58
1065,2,2228,799,1429,0,0,0,1.0,1,1.0,1,1.0,1,0.17509447356304805,60
1066,8,2236,800,1436,0,0,0,1.0,1,1.0,1,1.0,1,0.15038527897019496,58
1067,4,2240,801,1439,0,0,0,1.0,1,1.0,1,1.0,1,0.1481296631907645,59
1068,2,2242,803,1439,0,0,0,1.0,1,1.0,1,1.0,1,0.17160062558696315,59
1069,1,2243,804,1439,0,0,0,1.0,1,1.0,1,1.0,1,0.17881295384482968,58
1070,3,2246,806,1440,0,0,0,1.0,1,1.0,1,1.0,1,0.17769107147305557,58
1071,5,2251,806,1445,0,0,0,1.0,1,1.0,1,1.0,1,0.12793728425388184,57
1072,1,2252,806,1446,0,0,0,1.0,1,1.0,1,1.0,1,0.12769811894930874,56
1073,1,2253,806,1447,0,0,0,1.0,1,1.0,1,1.0,1,0.149984100361968,54
1074,3,2256,806,1450,0,0,0,1.0,1,1.0,1,1.0,1,0.15159163649826018,54
1075,2,2258,806,1452,0,0,0,1.0,1,1.0,1,1.0,1,0.13612833293982207,51
1076,6,2264,807,1457,0,0,0,1.0,1,1.0,1,1.0,1,0.1215615463129777,51
1077,1,2265,807,1458,0,0,0,1.0,1,1.0,1,1.0,1,0.12815179807659705,51
1078,0,2265,807,1458,0,0,0,1.0,1,1.0,1,1.0,1,0.14488020441237323,52
1079,6,2271,811,1460,0,0,0,1.0,1,1.0,1,1.0,1,0.20374937655394365,51
1080,2,2273,812,1461,0,0,0,1.0,1,1.0,1,1.0,1,0.21677252926512477,51
1081,5,2278,812,1466,0,0,0,1.0,1,1.0,1,1.0,1,0.14799806633354332,48
1082,5,2283,814,1469,0,0,0,1.0,1,1.0,1,1.0,1,0.17880388247624038,47
1083,1,2284,815,1469,0,0,0,1.0,1,1.0,1,1.0,1,0.21752391798000667,46
1084,0,2284,815,1469,0,0,0,1.0,1,1.0,1,1.0,1,0.20625008788694765,45
1085,1,2285,816,1469,0,0,0,1.0,1,1.0,1,1.0,1,0.21870493440038538,46
1086,2,2287,816,1471,0,0,0,1.0,1,1.0,1,1.0,1,0.17074420629769788,45
1087,1,2288,816,1472,0,0,0,1.0,1,1.0,1,1.0,1,0.18695927623816874,44
1088,1,2289,816,1473,0,0,0,1.0,1,1.0,1,1.0,1,0.17092375899791806,45
1089,2,2291,816,1475,0,0,0,1.0,1,1.0,1,1.0,1,0.14212128065558646,46
1090,1,2292,816,1476,0,0,0,1.0,1,1.0,1,1.0,1,0.1281962175645672,47
1091,3,2295,817,1478,0,0,0,1.0,1,1.0,1,1.0,1,0.09101874956615613,47
1092,0,2295,817,1478,0,0,0,1.0,1,1.0,1,1.0,1,0.09262947704280998,48
1093,1,2296,818,1478,0,0,0,1.0,1,1.0,1,1.0,1,0.08694599124848351,48
1094,1,2297,819,1478,0,0,0,1.0,1,1.0,1,1.0,1,0.10670585868523717,48
1095,3,2300,819,1481,0,0,0,1.0,1,1.0,1,1.0,1,0.09656000950408225,49
1096,1,2301,820,1481,0,0,0,1.0,1,1.0,1,1.0,1,0.11331119336692971,49
1097,2,2303,821,1482,0,0,0,1.0,1,1.0,1,1.0,1,0.11640167219435767,50
1098,0,2303,821,1482,0,0,0,1.0,1,1.0,1,1.0,1,0.12393861888171805,51
1099,0,2303,821,1482,0,0,0,1.0,1,1.0,1,1.0,1,0.12428544809949517,54
1100,3,2306,821,1485,0,0,0,1.0,1,1.0,1,1.0,1,0.12995524876454984,54
1101,2,2308,821,1487,0,0,0,1.0,1,1.0,1,1.0,1,0.10325231984588787,54
1102,1,2309,822,1487,0,0,0,1.0,1,1.0,1,1.0,1,0.12031821683210028,54
1103,1,2310,823,1487,0,0,0,1.0,1,1.0,1,1.0,1,0.13161758463873907,53
1104,4,2314,826,1488,0,0,0,1.0,1,1.0,1,1.0,1,0.1258325904286056,53
1105,2,2316,827,1489,0,0,0,1.0,1,1.0,1,1.0,1,0.14333096604744927,52
1106,5,2321,827,1494,0,0,0,1.0,1,1.0,1,1.0,1,0.09911665748546575,52
1107,7,2328,829,1499,0,0,0,1.0,1,1.0,1,1.0,1,0.15075034135141518,52
1108,3,2331,831,1500,0,0,0,1.0,1,1.0,1,1.0,1,0.15131186275445777,51
1109,2,2333,832,1501,0,0,0,1.0,1,1.0,1,1.0,1,0.17443302159907095,49
1110,1,2334,833,1501,0,0,0,1.0,1,1.0,1,1.0,1,0.17308479589658254,48
1111,2,2336,834,1502,0,0,0,1.0,1,1.0,1,1.0,1,0.22224066441347873,47
1112,5,2341,836,1505,0,0,0,1.0,1,1.0,1,1.0,1,0.24976284120640332,46
1113,2,2343,836,1507,0,0,0,1.0,1,1.0,1,1.0,1,0.23817757275591106,43
1114,2,2345,837,1508,0,0,0,1.0,1,1.0,1,1.0,1,0.2589974728247261,41
1115,0,2345,837,1508,0,0,0,1.0,1,1.0,1,1.0,1,0.2662155620993415,40
1116,4,2349,838,1511,0,0,0,1.0,1,1.0,1,1.0,1,0.19248623824514133,39
1117,4,2353,840,1513,0,0,0,1.0,1,1.0,1,1.0,1,0.19888339410297254,40
1118,5,2358,842,1516,0,0,0,1.0,1,1.0,1,1.0,1,0.2617938272624387,40
1119,5,2363,843,1520,0,0,0,1.0,1,1.0,1,1.0,1,0.24517960861244018,40
1120,3,2366,843,1523,0,0,0,1.0,1,1.0,1,1.0,1,0.2922074859272398,40
1121,6,2372,843,1529,0,0,0,1.0,1,1.0,1,1.0,1,0.18383644109408204,40
1122,1,2373,843,1530,0,0,0,1.0,1,1.0,1,1.0,1,0.1702083480912974,41
1123,1,2374,844,1530,0,0,0,1.0,1,1.0,1,1.0,1,0.2046403851009586,41
1124,2,2376,844,1532,0,0,0,1.0,1,1.0,1,1.0,1,0.17101732700101913,41
1125,2,2378,845,1533,0,0,0,1.0,1,1.0,1,1.0,1,0.21676710238115418,41
1126,1,2379,845,1534,0,0,0,1.0,1,1.0,1,1.0,1,0.17714834579769045,41
1127,1,2380,845,1535,0,0,0,1.0,1,1.0,1,1.0,1,0.1508177851883659,41
1128,0,2380,845,1535,0,0,0,1.0,1,1.0,1,1.0,1,0.17162985990318158,42
1129,1,2381,846,1535,0,0,0,1.0,1,1.0,1,1.0,1,0.19625306159542388,42
1130,2,2383,846,1537,0,0,0,1.0,1,1.0,1,1.0,1,0.18419521156014915,42
1131,0,2383,846,1537,0,0,0,1.0,1,1.0,1,1.0,1,0.18419521156014915,42
1132,0,2383,846,1537,0,0,0,1.0,1,1.0,1,1.0,1,0.15133719399096834,43
1133,3,2386,846,1540,0,0,0,1.0,1,1.0,1,1.0,1,0.11658736678980516,45
1134,2,2388,846,1542,0,0,0,1.0,1,1.0,1,1.0,1,0.10959822440707725,46
1135,0,2388,846,1542,0,0,0,1.0,1,1.0,1,1.0,1,0.12426222136784361,45
1136,1,2389,846,1543,0,0,0,1.0,1,1.0,1,1.0,1,0.11676995242597586,48
1137,1,2390,846,1544,0,0,0,1.0,1,1.0,1,1.0,1,0.13569182754847725,49
1138,0,2390,846,1544,0,0,0,1.0,1,1.0,1,1.0,1,0.13569182754847725,49
1139,1,2391,846,1545,0,0,0,1.0,1,1.0,1,1.0,1,0.16609670404784785,49
1140,1,2392,847,1545,0,0,0,1.0,1,1.0,1,1.0,1,0.17155767803439628,49
1141,6,2398,849,1549,0,0,0,1.0,1,1.0,1,1.0,1,0.18195989088138645,48
1142,2,2400,851,1549,0,0,0,1.0,1,1.0,1,1.0,1,0.1869311718551116,48
1143,8,2408,855,1553,0,0,0,1.0,1,1.0,1,1.0,1,0.20324214199456347,48
1144,5,2413,857,1556,0,0,0,1.0,1,1.0,1,1.0,1,0.1879935349605264,48
1145,6,2419,859,1560,0,0,0,1.0,1,1.0,1,1.0,1,0.18684001690111132,48
1146,9,2428,861,1567,0,0,0,1.0,1,1.0,1,1.0,1,0.09734314580868698,48
1147,2,2430,862,1568,0,0,0,1.0,1,1.0,1,1.0,1,0.14673866288858103,46
1148,3,2433,863,1570,0,0,0,1.0,1,1.0,1,1.0,1,0.1450079385715958,46
1149,0,2433,863,1570,0,0,0,1.0,1,1.0,1,1.0,1,0.18788814089070419,45
1150,2,2435,865,1570,0,0,0,1.0,1,1.0,1,1.0,1,0.17629077305903815,46
1151,3,2438,866,1572,0,0,0,1.0,1,1.0,1,1.0,1,0.1480925599009138,44
1152,1,2439,866,1573,0,0,0,1.0,1,1.0,1,1.0,1,0.11511112818283985,44
1153,3,2442,869,1573,0,0,0,1.0,1,1.0,1,1.0,1,0.18413743333329877,43
1154,2,2444,869,1575,0,0,0,1.0,1,1.0,1,1.0,1,0.15428464237154146,43
1155,1,2445,869,1576,0,0,0,1.0,1,1.0,1,1.0,1,0.16602958174204122,43
1156,0,2445,869,1576,0,0,0,1.0,1,1.0,1,1.0,1,0.1783364322341132,42
1157,1,2446,870,1576,0,0,0,1.0,1,1.0,1,1.0,1,0.18787186525130956,42
1158,0,2446,870,1576,0,0,0,1.0,1,1.0,1,1.0,1,0.17210569320816732,41
1159,0,2446,870,1576,0,0,0,1.0,1,1.0,1,1.0,1,0.17467361095589745,41
1160,0,2446,870,1576,0,0,0,1.0,1,1.0,1,1.0,1,0.17467361095589745,41
1161,1,2447,870,1577,0,0,0,1.0,1,1.0,1,1.0,1,0.16592357001644867,42
1162,2,2449,870,1579,0,0,0,1.0,1,1.0,1,1.0,1,0.14887834883837245,43
1163,0,2449,870,1579,0,0,0,1.0,1,1.0,1,1.0,1,0.14887834883837245,43
1164,0,2449,870,1579,0,0,0,1.0,1,1.0,1,1.0,1,0.13942122091300782,44
1165,0,2449,870,1579,0,0,0,1.0,1,1.0,1,1.0,1,0.13942122091300782,44
1166,2,2451,871,1580,0,0,0,1.0,1,1.0,1,1.0,1,0.13269630938060667,46
1167,2,2453,872,1581,0,0,0,1.0,1,1.0,1,1.0,1,0.1094406919739158,46
1168,3,2456,872,1584,0,0,0,1.0,1,1.0,1,1.0,1,0.08673565193595753,47
1169,1,2457,873,1584,0,0,0,1.0,1,1.0,1,1.0,1,0.06888566716071953,46
1170,0,2457,873,1584,0,0,0,1.0,1,1.0,1,1.0,1,0.06759662357005167,48
1171,2,2459,875,1584,0,0,0,1.0,1,1.0,1,1.0,1,0.115111611703394,49
1172,1,2460,875,1585,0,0,0,1.0,1,1.0,1,1.0,1,0.08979980847472817,49
1173,0,2460,875,1585,0,0,0,1.0,1,1.0,1,1.0,1,0.08979980847472817,49
1174,1,2461,876,1585,0,0,0,1.0,1,1.0,1,1.0,1,0.11131543512986304,49
1175,0,2461,876,1585,0,0,0,1.0,1,1.0,1,1.0,1,0.12128884851819498,50
1176,6,2467,876,1591,0,0,0,1.0,1,1.0,1,1.0,1,0.1147439446575491,52
1177,4,2471,878,1593,0,0,0,1.0,1,1.0,1,1.0,1,0.12596023949416837,52
1178,0,2471,878,1593,0,0,0,1.0,1,1.0,1,1.0,1,0.12596023949416837,52
1179,1,2472,879,1593,0,0,0,1.0,1,1.0,1,1.0,1,0.10973739588804521,53
1180,0,2472,879,1593,0,0,0,1.0,1,1.0,1,1.0,1,0.11005719461167902,54
1181,0,2472,879,1593,0,0,0,1.0,1,1.0,1,1.0,1,0.12268774478633385,55
1182,2,2474,881,1593,0,0,0,1.0,1,1.0,1,1.0,1,0.1695220571867618,55
1183,3,2477,882,1595,0,0,0,1.0,1,1.0,1,1.0,1,0.1727395853857077,53
1184,2,2479,883,1596,0,0,0,1.0,1,1.0,1,1.0,1,0.16009062098903662,54
1185,0,2479,883,1596,0,0,0,1.0,1,1.0,1,1.0,1,0.16713663357823474,53
1186,5,2484,884,1600,0,0,0,1.0,1,1.0,1,1.0,1,0.1624457163884643,54
1187,1,2485,884,1601,0,0,0,1.0,1,1.0,1,1.0,1,0.1597976709471885,55
1188,0,2485,884,1601,0,0,0,1.0,1,1.0,1,1.0,1,0.1597976709471885,55
1189,2,2487,884,1603,0,0,0,1.0,1,1.0,1,1.0,1,0.1448008450417449,54
1190,2,2489,885,1604,0,0,0,1.0,1,1.0,1,1.0,1,0.11891867733268491,55
1191,1,2490,885,1605,0,0,0,1.0,1,1.0,1,1.0,1,0.09693443888467684,54
1192,1,2491,886,1605,0,0,0,1.0,1,1.0,1,1.0,1,0.09382088358120665,52
1193,0,2491,886,1605,0,0,0,1.0,1,1.0,1,1.0,1,0.09537408756868396,53
1194,1,2492,887,1605,0,0,0,1.0,1,1.0,1,1.0,1,0.09635181141924463,53
1195,0,2492,887,1605,0,0,0,1.0,1,1.0,1,1.0,1,0.09010098991987509,54
1196,4,2496,887,1609,0,0,0,1.0,1,1.0,1,1.0,1,0.07199728735000455,56
1197,2,2498,889,1609,0,0,0,1.0,1,1.0,1,1.0,1,0.09417062393970058,56
1198,2,2500,890,1610,0,0,0,1.0,1,1.0,1,1.0,1,0.10043526528529413,58
1199,1,2501,891,1610,0,0,0,1.0,1,1.0,1,1.0,1,0.10967078884880171,58
1200,0,2501,891,1610,0,0,0,1.0,1,1.0,1,1.0,1,0.10967078884880171,58
1201,4,2505,893,1612,0,0,0,1.0,1,1.0,1,1.0,1,0.10328816522609689,58
1202,2,2507,893,1614,0,0,0,1.0,1,1.0,1,1.0,1,0.08604643162833622,60
1203,2,2509,893,1616,0,0,0,1.0,1,1.0,1,1.0,1,0.08427230892522838,58
1204,4,2513,894,1619,0,0,0,1.0,1,1.0,1,1.0,1,0.09276220550286289,59
1205,3,2516,895,1621,0,0,0,1.0,1,1.0,1,1.0,1,0.11949149378112582,59
1206,5,2521,895,1626,0,0,0,1.0,1,1.0,1,1.0,1,0.10170185208748908,58
1207,0,2521,895,1626,0,0,0,1.0,1,1.0,1,1.0,1,0.10396119371456997,60
1208,1,2522,895,1627,0,0,0,1.0,1,1.0,1,1.0,1,0.09658312329236424,60
1209,1,2523,895,1628,0,0,0,1.0,1,1.0,1,1.0,1,0.09425289949822108,61
1210,1,2524,895,1629,0,0,0,1.0,1,1.0,1,1.0,1,0.09832772034021782,61
1211,2,2526,895,1631,0,0,0,1.0,1,1.0,1,1.0,1,0.05714451531522831,63
1212,1,2527,896,1631,0,0,0,1.0,1,1.0,1,1.0,1,0.060448721108648316,63
1213,1,2528,897,1631,0,0,0,1.0,1,1.0,1,1.0,1,0.07621411267294675,63
1214,1,2529,898,1631,0,0,0,1.0,1,1.0,1,1.0,1,0.11957102206901947,62
1215,0,2529,898,1631,0,0,0,1.0,1,1.0,1,1.0,1,0.11647264877045985,63
1216,5,2534,899,1635,0,0,0,1.0,1,1.0,1,1.0,1,0.1363983021665392,64
1217,1,2535,899,1636,0,0,0,1.0,1,1.0,1,1.0,1,0.12518495791822187,65
1218,1,2536,900,1636,0,0,0,1.0,1,1.0,1,1.0,1,0.14021342171781043,64
1219,0,2536,900,1636,0,0,0,1.0,1,1.0,1,1.0,1,0.1515960834465994,65
1220,2,2538,900,1638,0,0,0,1.0,1,1.0,1,1.0,1,0.15267423462042015,64
1221,7,2545,901,1644,0,0,0,1.0,1,1.0,1,1.0,1,0.12172018292468516,65
1222,3,2548,903,1645,0,0,0,1.0,1,1.0,1,1.0,1,0.16709145985165433,66
1223,3,2551,904,1647,0,0,0,1.0,1,1.0,1,1.0,1,0.11841586214720924,64
1224,3,2554,905,1649,0,0,0,1.0,1,1.0,1,1.0,1,0.11590068611375397,66
1225,2,2556,906,1650,0,0,0,1.0,1,1.0,1,1.0,1,0.1098931227182037,66
1226,5,2561,906,1655,0,0,0,1.0,1,1.0,1,1.0,1,0.06612385495037337,68
1227,1,2562,907,1655,0,0,0,1.0,1,1.0,1,1.0,1,0.08034466977177672,64
1228,1,2563,908,1655,0,0,0,1.0,1,1.0,1,1.0,1,0.09400877728817339,62
1229,3,2566,910,1656,0,0,0,1.0,1,1.0,1,1.0,1,0.05718447335512144,61
1230,2,2568,912,1656,0,0,0,1.0,1,1.0,1,1.0,1,0.08072791209751785,58
1231,2,2570,913,1657,0,0,0,1.0,1,1.0,1,1.0,1,0.0508659253723206,57
1232,2,2572,914,1658,0,0,0,1.0,1,1.0,1,1.0,1,0.10338474236130075,53
1233,2,2574,916,1658,0,0,0,1.0,1,1.0,1,1.0,1,0.10552871422884794,53
1234,0,2574,916,1658,0,0,0,1.0,1,1.0,1,1.0,1,0.09810147079391138,54
1235,0,2574,916,1658,0,0,0,1.0,1,1.0,1,1.0,1,0.12146327462059094,55
1236,3,2577,917,1660,0,0,0,1.0,1,1.0,1,1.0,1,0.12389298706855668,55
1237,1,2578,918,1660,0,0,0,1.0,1,1.0,1,1.0,1,0.12925734422340662,55
1238,1,2579,919,1660,0,0,0,1.0,1,1.0,1,1.0,1,0.12962630377870812,54
1239,4,2583,919,1664,0,0,0,1.0,1,1.0,1,1.0,1,0.10469273504082804,55
1240,1,2584,920,1664,0,0,0,1.0,1,1.0,1,1.0,1,0.10026481305576204,55
1241,2,2586,921,1665,0,0,0,1.0,1,1.0,1,1.0,1,0.09744083139799174,54
1242,0,2586,921,1665,0,0,0,1.0,1,1.0,1,1.0,1,0.10397225931952175,54
1243,2,2588,923,1665,0,0,0,1.0,1,1.0,1,1.0,1,0.16330645813291497,55
1244,2,2590,923,1667,0,0,0,1.0,1,1.0,1,1.0,1,0.1638653702104821,55
1245,5,2595,924,1671,0,0,0,1.0,1,1.0,1,1.0,1,0.17746567564720564,55
1246,3,2598,924,1674,0,0,0,1.0,1,1.0,1,1.0,1,0.15697668716383287,55
1247,1,2599,925,1674,0,0,0,1.0,1,1.0,1,1.0,1,0.18638764665767227,57
1248,1,2600,925,1675,0,0,0,1.0,1,1.0,1,1.0,1,0.1928601171577132,56
1249,3,2603,928,1675,0,0,0,1.0,1,1.0,1,1.0,1,0.22188870503880884,56
1250,6,2609,931,1678,0,0,0,1.0,1,1.0,1,1.0,1,0.18767644454782534,56
1251,8,2617,931,1686,0,0,0,1.0,1,1.0,1,1.0,1,0.11584756181586492,58
1252,5,2622,933,1689,0,0,0,1.0,1,1.0,1,1.0,1,0.1893144217742043,58
1253,5,2627,934,1693,0,0,0,1.0,1,1.0,1,1.0,1,0.19730600998543668,58
1254,4,2631,934,1697,0,0,0,1.0,1,1.0,1,1.0,1,0.15381494784570987,60
1255,5,2636,934,1702,0,0,0,1.0,1,1.0,1,1.0,1,0.13776238958717765,61
1256,3,2639,934,1705,0,0,0,1.0,1,1.0,1,1.0,1,0.08537907193920062,61
1257,2,2641,936,1705,0,0,0,1.0,1,1.0,1,1.0,1,0.12941174320776627,62
1258,0,2641,936,1705,0,0,0,1.0,1,1.0,1,1.0,1,0.13479694587965035,63
1259,1,2642,936,1706,0,0,0,1.0,1,1.0,1,1.0,1,0.1059498788564759,63
1260,0,2642,936,1706,0,0,0,1.0,1,1.0,1,1.0,1,0.12525573599050682,63
1261,2,2644,936,1708,0,0,0,1.0,1,1.0,1,1.0,1,0.08789030272575528,63
1262,2,2646,937,1709,0,0,0,1.0,1,1.0,1,1.0,1,0.1130855931431393,64
1263,1,2647,938,1709,0,0,0,1.0,1,1.0,1,1.0,1,0.12779178270748634,63
1264,3,2650,940,1710,0,0,0,1.0,1,1.0,1,1.0,1,0.13046234304300378,63
1265,5,2655,944,1711,0,0,0,1.0,1,1.0,1,1.0,1,0.14656811217801174,60
1266,10,2665,947,1718,0,0,0,1.0,1,1.0,1,1.0,1,0.09607311573273025,61
1267,3,2668,949,1719,0,0,0,1.0,1,1.0,1,1.0,1,0.09295699403566393,58
1268,5,2673,952,1721,0,0,0,1.0,1,1.0,1,1.0,1,0.17276942416937346,54
1269,2,2675,953,1722,0,0,0,1.0,1,1.0,1,1.0,1,0.12911533433714498,54
1270,6,2681,954,1727,0,0,0,1.0,1,1.0,1,1.0,1,0.15463206803811458,51
1271,4,2685,955,1730,0,0,0,1.0,1,1.0,1,1.0,1,0.0934973800608034,50
1272,0,2685,955,1730,0,0,0,1.0,1,1.0,1,1.0,1,0.1223326572456205,47
1273,1,2686,956,1730,0,0,0,1.0,1,1.0,1,1.0,1,0.10833138008944346,47
1274,1,2687,957,1730,0,0,0,1.0,1,1.0,1,1.0,1,0.14467970622652848,49
1275,3,2690,959,1731,0,0,0,1.0,1,1.0,1,1.0,1,0.14840702165989889,48
1276,5,2695,960,1735,0,0,0,1.0,1,1.0,1,1.0,1,0.12070518453301617,49
1277,6,2701,963,1738,0,0,0,1.0,1,1.0,1,1.0,1,0.11177043673801257,50
1278,1,2702,963,1739,0,0,0,1.0,1,1.0,1,1.0,1,0.10865975313145308,51
1279,1,2703,964,1739,0,0,0,1.0,1,1.0,1,1.0,1,0.14173432136046454,51
1280,1,2704,964,1740,0,0,0,1.0,1,1.0,1,1.0,1,0.11667768772532132,52
1281,0,2704,964,1740,0,0,0,1.0,1,1.0,1,1.0,1,0.11667768772532132,52
1282,2,2706,966,1740,0,0,0,1.0,1,1.0,1,1.0,1,0.11177633171033469,52
1283,1,2707,966,1741,0,0,0,1.0,1,1.0,1,1.0,1,0.09364048820814269,52
1284,3,2710,968,1742,0,0,0,1.0,1,1.0,1,1.0,1,0.12122791343208647,52
1285,0,2710,968,1742,0,0,0,1.0,1,1.0,1,1.0,1,0.15113004340698927,51
1286,3,2713,968,1745,0,0,0,1.0,1,1.0,1,1.0,1,0.11717592265693642,52
1287,2,2715,969,1746,0,0,0,1.0,1,1.0,1,1.0,1,0.13554163914506873,54
1288,2,2717,969,1748,0,0,0,1.0,1,1.0,1,1.0,1,0.10053988735424649,55
1289,1,2718,969,1749,0,0,0,1.0,1,1.0,1,1.0,1,0.09986375437389358,56
1290,2,2720,970,1750,0,0,0,1.0,1,1.0,1,1.0,1,0.08251446693160176,57
1291,0,2720,970,1750,0,0,0,1.0,1,1.0,1,1.0,1,0.09943653692401475,58
1292,1,2721,971,1750,0,0,0,1.0,1,1.0,1,1.0,1,0.10782563391155657,59
1293,1,2722,971,1751,0,0,0,1.0,1,1.0,1,1.0,1,0.09552027112312472,59
1294,0,2722,971,1751,0,0,0,1.0,1,1.0,1,1.0,1,0.09552027112312472,59
1295,1,2723,972,1751,0,0,0,1.0,1,1.0,1,1.0,1,0.10100869555946475,59
1296,3,2726,972,1754,0,0,0,1.0,1,1.0,1,1.0,1,0.06494242290490942,59
1297,1,2727,973,1754,0,0,0,1.0,1,1.0,1,1.0,1,0.08631414154147268,61
1298,3,2730,973,1757,0,0,0,1.0,1,1.0,1,1.0,1,0.07107391148275768,61
1299,0,2730,973,1757,0,0,0,1.0,1,1.0,1,1.0,1,0.08196829627445047,60
1300,1,2731,973,1758,0,0,0,1.0,1,1.0,1,1.0,1,0.06405629926791566,59
1301,2,2733,974,1759,0,0,0,1.0,1,1.0,1,1.0,1,0.10487681172405845,59
1302,8,2741,978,1763,0,0,0,1.0,1,1.0,1,1.0,1,0.08716266448544226,59
1303,4,2745,982,1763,0,0,0,1.0,1,1.0,1,1.0,1,0.19342384433565976,55
1304,4,2749,985,1764,0,0,0,1.0,1,1.0,1,1.0,1,0.16787417554734194,56
1305,2,2751,987,1764,0,0,0,1.0,1,1.0,1,1.0,1,0.19613099248738577,54
1306,9,2760,988,1772,0,0,0,1.0,1,1.0,1,1.0,1,0.12074579244546575,53
1307,4,2764,990,1774,0,0,0,1.0,1,1.0,1,1.0,1,0.13997548220008627,52
1308,4,2768,992,1776,0,0,0,1.0,1,1.0,1,1.0,1,0.1902681916814626,52
1309,6,2774,994,1780,0,0,0,1.0,1,1.0,1,1.0,1,0.18085541660702179,54
1310,4,2778,994,1784,0,0,0,1.0,1,1.0,1,1.0,1,0.17767195689447993,52
1311,3,2781,995,1786,0,0,0,1.0,1,1.0,1,1.0,1,0.12460702467845046,51
1312,1,2782,996,1786,0,0,0,1.0,1,1.0,1,1.0,1,0.16725950757104335,49
1313,0,2782,996,1786,0,0,0,1.0,1,1.0,1,1.0,1,0.184318451682759,47
1314,1,2783,997,1786,0,0,0,1.0,1,1.0,1,1.0,1,0.18068535800234853,46
1315,2,2785,998,1787,0,0,0,1.0,1,1.0,1,1.0,1,0.15974902210217212,45
1316,4,2789,999,1790,0,0,0,1.0,1,1.0,1,1.0,1,0.10672263851237442,46
1317,1,2790,999,1791,0,0,0,1.0,1,1.0,1,1.0,1,0.09607175933425918,45
1318,4,2794,1002,1792,0,0,0,1.0,1,1.0,1,1.0,1,0.1178313202353344,46
1319,2,2796,1002,1794,0,0,0,1.0,1,1.0,1,1.0,1,0.09324150792914525,46
1320,1,2797,1002,1795,0,0,0,1.0,1,1.0,1,1.0,1,0.08621293693634914,46
1321,1,2798,1002,1796,0,0,0,1.0,1,1.0,1,1.0,1,0.08912795862120816,48
1322,1,2799,1003,1796,0,0,0,1.0,1,1.0,1,1.0,1,0.1097286826870779,49
1323,0,2799,1003,1796,0,0,0,1.0,1,1.0,1,1.0,1,0.12344520245692482,49
1324,2,2801,1003,1798,0,0,0,1.0,1,1.0,1,1.0,1,0.11496918753123021,50
1325,0,2801,1003,1798,0,0,0,1.0,1,1.0,1,1.0,1,0.12467095668893563,49
1326,2,2803,1004,1799,0,0,0,1.0,1,1.0,1,1.0,1,0.1688908415761552,50
1327,5,2808,1005,1803,0,0,0,1.0,1,1.0,1,1.0,1,0.17505928963200668,50
1328,0,2808,1005,1803,0,0,0,1.0,1,1.0,1,1.0,1,0.1967822456905667,49
1329,1,2809,1005,1804,0,0,0,1.0,1,1.0,1,1.0,1,0.15842487941939912,50
1330,0,2809,1005,1804,0,0,0,1.0,1,1.0,1,1.0,1,0.15842487941939912,50
1331,4,2813,1006,1807,0,0,0,1.0,1,1.0,1,1.0,1,0.16076323659087197,50
1332,0,2813,1006,1807,0,0,0,1.0,1,1.0,1,1.0,1,0.15215815776641922,51
1333,1,2814,1007,1807,0,0,0,1.0,1,1.0,1,1.0,1,0.16746926681685972,52
1334,2,2816,1007,1809,0,0,0,1.0,1,1.0,1,1.0,1,0.1645720592112915,54
1335,0,2816,1007,1809,0,0,0,1.0,1,1.0,1,1.0,1,0.1645720592112915,54
1336,2,2818,1007,1811,0,0,0,1.0,1,1.0,1,1.0,1,0.13467857716411696,56
1337,2,2820,1008,1812,0,0,0,1.0,1,1.0,1,1.0,1,0.17591752165256383,57
1338,3,2823,1009,1814,0,0,0,1.0,1,1.0,1,1.0,1,0.18261199512922863,57
1339,5,2828,1011,1817,0,0,0,1.0,1,1.0,1,1.0,1,0.2263258871495093,58
1340,9,2837,1012,1825,0,0,0,1.0,1,1.0,1,1.0,1,0.22275250136509098,59
1341,5,2842,1013,1829,0,0,0,1.0,1,1.0,1,1.0,1,0.15418125300715388,57
1342,5,2847,1016,1831,0,0,0,1.0,1,1.0,1,1.0,1,0.17491347578703012,57
1343,0,2847,1016,1831,0,0,0,1.0,1,1.0,1,1.0,1,0.15821737954287493,55
1344,3,2850,1019,1831,0,0,0,1.0,1,1.0,1,1.0,1,0.1836204813610917,54
1345,0,2850,1019,1831,0,0,0,1.0,1,1.0,1,1.0,1,0.1823456505229178,53
1346,2,2852,1019,1833,0,0,0,1.0,1,1.0,1,1.0,1,0.14077693657461138,53
1347,1,2853,1019,1834,0,0,0,1.0,1,1.0,1,1.0,1,0.1524771491605074,51
1348,2,2855,1021,1834,0,0,0,1.0,1,1.0,1,1.0,1,0.15574506793533235,52
1349,0,2855,1021,1834,0,0,0,1.0,1,1.0,1,1.0,1,0.16837188485539709,50
1350,4,2859,1023,1836,0,0,0,1.0,1,1.0,1,1.0,1,0.14685922391192888,51
1351,4,2863,1024,1839,0,0,0,1.0,1,1.0,1,1.0,1,0.11204395427267312,50
1352,0,2863,1024,1839,0,0,0,1.0,1,1.0,1,1.0,1,0.10557902797301104,50
1353,2,2865,1025,1840,0,0,0,1.0,1,1.0,1,1.0,1,0.09564596009405991,50
1354,3,2868,1026,1842,0,0,0,1.0,1,1.0,1,1.0,1,0.11788919844741932,51
1355,2,2870,1027,1843,0,0,0,1.0,1,1.0,1,1.0,1,0.10217673440472466,53
1356,2,2872,1028,1844,0,0,0,1.0,1,1.0,1,1.0,1,0.0997962993782576,52
1357,2,2874,1029,1845,0,0,0,1.0,1,1.0,1,1.0,1,0.13238520749115446,52
1358,1,2875,1029,1846,0,0,0,1.0,1,1.0,1,1.0,1,0.13908979722863238,53
1359,3,2878,1031,1847,0,0,0,1.0,1,1.0,1,1.0,1,0.19376989755966784,54
1360,2,2880,1031,1849,0,0,0,1.0,1,1.0,1,1.0,1,0.17007405143252496,55
1361,6,2886,1032,1854,0,0,0,1.0,1,1.0,1,1.0,1,0.16371429219952452,55
1362,4,2890,1032,1858,0,0,0,1.0,1,1.0,1,1.0,1,0.13070727108681637,56
1363,3,2893,1032,1861,0,0,0,1.0,1,1.0,1,1.0,1,0.14125947449817877,56
1364,4,2897,1032,1865,0,0,0,1.0,1,1.0,1,1.0,1,0.11651526496294994,55
1365,5,2902,1033,1869,0,0,0,1.0,1,1.0,1,1.0,1,0.1278122038210866,56
1366,4,2906,1034,1872,0,0,0,1.0,1,1.0,1,1.0,1,0.10612707054698015,57
1367,4,2910,1034,1876,0,0,0,1.0,1,1.0,1,1.0,1,0.11109779585234937,57
1368,2,2912,1035,1877,0,0,0,1.0,1,1.0,1,1.0,1,0.11136410588862646,58
1369,5,2917,1037,1880,0,0,0,1.0,1,1.0,1,1.0,1,0.11765651658603309,59
1370,3,2920,1038,1882,0,0,0,1.0,1,1.0,1,1.0,1,0.12139864410761769,60
1371,2,2922,1038,1884,0,0,0,1.0,1,1.0,1,1.0,1,0.09823242722462004,59
1372,2,2924,1040,1884,0,0,0,1.0,1,1.0,1,1.0,1,0.1333963880060296,59
1373,1,2925,1040,1885,0,0,0,1.0,1,1.0,1,1.0,1,0.11410021372513389,59
1374,0,2925,1040,1885,0,0,0,1.0,1,1.0,1,1.0,1,0.11410021372513389,59
1375,1,2926,1040,1886,0,0,0,1.0,1,1.0,1,1.0,1,0.12090697169221136,62
1376,6,2932,1042,1890,0,0,0,1.0,1,1.0,1,1.0,1,0.1226275130502204,61
1377,2,2934,1044,1890,0,0,0,1.0,1,1.0,1,1.0,1,0.12492382623791803,63
1378,1,2935,1045,1890,0,0,0,1.0,1,1.0,1,1.0,1,0.17119403629667249,62
1379,4,2939,1046,1893,0,0,0,1.0,1,1.0,1,1.0,1,0.17897925190815897,61
1380,0,2939,1046,1893,0,0,0,1.0,1,1.0,1,1.0,1,0.16909938628337057,60
1381,3,2942,1046,1896,0,0,0,1.0,1,1.0,1,1.0,1,0.1547469784272762,58
1382,5,2947,1049,1898,0,0,0,1.0,1,1.0,1,1.0,1,0.11582400660469123,56
1383,2,2949,1050,1899,0,0,0,1.0,1,1.0,1,1.0,1,0.1127251779163014,57
1384,1,2950,1050,1900,0,0,0,1.0,1,1.0,1,1.0,1,0.13562542543883627,55
1385,3,2953,1051,1902,0,0,0,1.0,1,1.0,1,1.0,1,0.14284352045811613,55
1386,6,2959,1052,1907,0,0,0,1.0,1,1.0,1,1.0,1,0.07588978038702421,54
1387,1,2960,1053,1907,0,0,0,1.0,1,1.0,1,1.0,1,0.08998217843483848,53
1388,2,2962,1055,1907,0,0,0,1.0,1,1.0,1,1.0,1,0.12116966914841143,52
1389,3,2965,1055,1910,0,0,0,1.0,1,1.0,1,1.0,1,0.13611267976866828,52
1390,1,2966,1055,1911,0,0,0,1.0,1,1.0,1,1.0,1,0.1401924819141846,51
1391,2,2968,1055,1913,0,0,0,1.0,1,1.0,1,1.0,1,0.11933175958332864,52
1392,1,2969,1056,1913,0,0,0,1.0,1,1.0,1,1.0,1,0.10930087369998509,51
1393,1,2970,1057,1913,0,0,0,1.0,1,1.0,1,1.0,1,0.13416063177057924,51
1394,3,2973,1057,1916,0,0,0,1.0,1,1.0,1,1.0,1,0.128404121111941,52
1395,0,2973,1057,1916,0,0,0,1.0,1,1.0,1,1.0,1,0.128404121111941,52
1396,3,2976,1059,1917,0,0,0,1.0,1,1.0,1,1.0,1,0.13896700968654707,53
1397,3,2979,1059,1920,0,0,0,1.0,1,1.0,1,1.0,1,0.1378859661949512,56
1398,3,2982,1060,1922,0,0,0,1.0,1,1.0,1,1.0,1,0.14893899755046902,56
1399,1,2983,1060,1923,0,0,0,1.0,1,1.0,1,1.0,1,0.1443754682575489,57
1400,1,2984,1060,1924,0,0,0,1.0,1,1.0,1,1.0,1,0.14184473722224278,57
1401,4,2988,1060,1928,0,0,0,1.0,1,1.0,1,1.0,1,0.129778278703532,57
1402,2,2990,1061,1929,0,0,0,1.0,1,1.0,1,1.0,1,0.1406092017455555,57
1403,1,2991,1061,1930,0,0,0,1.0,1,1.0,1,1.0,1,0.14059868765305547,56
1404,2,2993,1061,1932,0,0,0,1.0,1,1.0,1,1.0,1,0.12382612223720883,58
1405,3,2996,1062,1934,0,0,0,1.0,1,1.0,1,1.0,1,0.16501446488502072,58
1406,2,2998,1062,1936,0,0,0,1.0,1,1.0,1,1.0,1,0.1536477173743287,58
1407,0,2998,1062,1936,0,0,0,1.0,1,1.0,1,1.0,1,0.17021415047124283,57
1408,0,2998,1062,1936,0,0,0,1.0,1,1.0,1,1.0,1,0.183600168062363,58
1409,0,2998,1062,1936,0,0,0,1.0,1,1.0,1,1.0,1,0.18154258803440282,57
1410,0,2998,1062,1936,0,0,0,1.0,1,1.0,1,1.0,1,0.18154258803440282,57
1411,1,2999,1062,1937,0,0,0,1.0,1,1.0,1,1.0,1,0.18463404128126493,56
1412,0,2999,1062,1937,0,0,0,1.0,1,1.0,1,1.0,1,0.1888203479199237,55
1413,0,2999,1062,1937,0,0,0,1.0,1,1.0,1,1.0,1,0.19384944616211305,57
1414,0,2999,1062,1937,0,0,0,1.0,1,1.0,1,1.0,1,0.19384944616211305,57
1415,4,3003,1063,1940,0,0,0,1.0,1,1.0,1,1.0,1,0.16818583555647307,60
1416,8,3011,1065,1946,0,0,0,1.0,1,1.0,1,1.0,1,0.12222295261017072,61
1417,3,3014,1066,1948,0,0,0,1.0,1,1.0,1,1.0,1,0.12119561687293505,59
1418,3,3017,1067,1950,0,0,0,1.0,1,1.0,1,1.0,1,0.11773960216642244,60
1419,4,3021,1068,1953,0,0,0,1.0,1,1.0,1,1.0,1,0.11703925988171107,59
1420,3,3024,1068,1956,0,0,0,1.0,1,1.0,1,1.0,1,0.12890647667085164,58
1421,0,3024,1068,1956,0,0,0,1.0,1,1.0,1,1.0,1,0.11414023156458666,57
1422,2,3026,1069,1957,0,0,0,1.0,1,1.0,1,1.0,1,0.11312855967580279,57
1423,2,3028,1070,1958,0,0,0,1.0,1,1.0,1,1.0,1,0.10116704477262563,56
1424,1,3029,1071,1958,0,0,0,1.0,1,1.0,1,1.0,1,0.10685024543170019,57
1425,1,3030,1072,1958,0,0,0,1.0,1,1.0,1,1.0,1,0.10904819016236934,54
1426,6,3036,1074,1962,0,0,0,1.0,1,1.0,1,1.0,1,0.07739238435472404,54
1427,4,3040,1077,1963,0,0,0,1.0,1,1.0,1,1.0,1,0.12676712538251567,53
1428,0,3040,1077,1963,0,0,0,1.0,1,1.0,1,1.0,1,0.13160258440143582,52
1429,1,3041,1078,1963,0,0,0,1.0,1,1.0,1,1.0,1,0.12647233048215945,52
1430,4,3045,1081,1964,0,0,0,1.0,1,1.0,1,1.0,1,0.18811858007921461,51
1431,9,3054,1081,1973,0,0,0,1.0,1,1.0,1,1.0,1,0.13594468172314952,51
1432,3,3057,1082,1975,0,0,0,1.0,1,1.0,1,1.0,1,0.12990970547504882,52
1433,5,3062,1083,1979,0,0,0,1.0,1,1.0,1,1.0,1,0.12623408146048185,52
1434,6,3068,1085,1983,0,0,0,1.0,1,1.0,1,1.0,1,0.13856073605881838,52
1435,2,3070,1087,1983,0,0,0,1.0,1,1.0,1,1.0,1,0.1726788630883881,50
1436,5,3075,1089,1986,0,0,0,1.0,1,1.0,1,1.0,1,0.11208089882551665,50
1437,1,3076,1089,1987,0,0,0,1.0,1,1.0,1,1.0,1,0.11786710341921991,49
1438,3,3079,1092,1987,0,0,0,1.0,1,1.0,1,1.0,1,0.1540531988205221,49
1439,5,3084,1094,1990,0,0,0,1.0,1,1.0,1,1.0,1,0.1966125185013137,50
1440,9,3093,1096,1997,0,0,0,1.0,1,1.0,1,1.0,1,0.21820857411008615,50
1441,2,3095,1096,1999,0,0,0,1.0,1,1.0,1,1.0,1,0.19136107059454313,51
1442,0,3095,1096,1999,0,0,0,1.0,1,1.0,1,1.0,1,0.21564519369715618,50
1443,3,3098,1096,2002,0,0,0,1.0,1,1.0,1,1.0,1,0.20255052278235025,51
1444,2,3100,1096,2004,0,0,0,1.0,1,1.0,1,1.0,1,0.20255052278235025,51
1445,3,3103,1096,2007,0,0,0,1.0,1,1.0,1,1.0,1,0.17291398641280914,51
1446,1,3104,1096,2008,0,0,0,1.0,1,1.0,1,1.0,1,0.16440376472021603,51
1447,1,3105,1096,2009,0,0,0,1.0,1,1.0,1,1.0,1,0.14742548978559378,51
1448,1,3106,1096,2010,0,0,0,1.0,1,1.0,1,1.0,1,0.14051648886369772,51
1449,1,3107,1096,2011,0,0,0,1.0,1,1.0,1,1.0,1,0.1323850546799077,51
1450,1,3108,1096,2012,0,0,0,1.0,1,1.0,1,1.0,1,0.11906523129296308,52
1451,2,3110,1096,2014,0,0,0,1.0,1,1.0,1,1.0,1,0.10157302136712874,54
1452,3,3113,1096,2017,0,0,0,1.0,1,1.0,1,1.0,1,0.11676501029038298,56
1453,2,3115,1096,2019,0,0,0,1.0,1,1.0,1,1.0,1,0.10774282476960047,56
1454,4,3119,1097,2022,0,0,0,1.0,1,1.0,1,1.0,1,0.12059465388300193,58
1455,4,3123,1099,2024,0,0,0,1.0,1,1.0,1,1.0,1,0.16852137705341783,55
1456,3,3126,1099,2027,0,0,0,1.0,1,1.0,1,1.0,1,0.14288668650558645,56
1457,2,3128,1100,2028,0,0,0,1.0,1,1.0,1,1.0,1,0.17729128324660207,54
1458,3,3131,1102,2029,0,0,0,1.0,1,1.0,1,1.0,1,0.19895712079382055,52
1459,3,3134,1102,2032,0,0,0,1.0,1,1.0,1,1.0,1,0.16705627083588817,52
1460,0,3134,1102,2032,0,0,0,1.0,1,1.0,1,1.0,1,0.15913919791851122,50
1461,3,3137,1103,2034,0,0,0,1.0,1,1.0,1,1.0,1,0.15570280008602075,53
1462,7,3144,1107,2037,0,0,0,1.0,1,1.0,1,1.0,1,0.14638444474481052,51
1463,4,3148,1107,2041,0,0,0,1.0,1,1.0,1,1.0,1,0.1650558240813472,51
1464,2,3150,1108,2042,0,0,0,1.0,1,1.0,1,1.0,1,0.20366549731098219,51
1465,2,3152,1108,2044,0,0,0,1.0,1,1.0,1,1.0,1,0.23887001713151879,49
1466,8,3160,1111,2049,0,0,0,1.0,1,1.0,1,1.0,1,0.20075161092449265,49
1467,5,3165,1113,2052,0,0,0,1.0,1,1.0,1,1.0,1,0.19473411395324472,47
1468,3,3168,1114,2054,0,0,0,1.0,1,1.0,1,1.0,1,0.1827255065948009,48
1469,6,3174,1116,2058,0,0,0,1.0,1,1.0,1,1.0,1,0.20319984159644452,47
1470,8,3182,1116,2066,0,0,0,1.0,1,1.0,1,1.0,1,0.15589179904884595,49
1471,3,3185,1116,2069,0,0,0,1.0,1,1.0,1,1.0,1,0.16045825287312868,48
1472,2,3187,1116,2071,0,0,0,1.0,1,1.0,1,1.0,1,0.13240745527032238,48
1473,0,3187,1116,2071,0,0,0,1.0,1,1.0,1,1.0,1,0.14440092912721922,49
1474,0,3187,1116,2071,0,0,0,1.0,1,1.0,1,1.0,1,0.14440092912721922,49
1475,0,3187,1116,2071,0,0,0,1.0,1,1.0,1,1.0,1,0.14440092912721922,49
1476,2,3189,1117,2072,0,0,0,1.0,1,1.0,1,1.0,1,0.1436332207168579,51
1477,1,3190,1117,2073,0,0,0,1.0,1,1.0,1,1.0,1,0.12202187622777777,51
1478,1,3191,1117,2074,0,0,0,1.0,1,1.0,1,1.0,1,0.09438569366113568,52
1479,2,3193,1118,2075,0,0,0,1.0,1,1.0,1,1.0,1,0.136315887300175,53
1480,1,3194,1119,2075,0,0,0,1.0,1,1.0,1,1.0,1,0.1564941696260729,53
1481,2,3196,1119,2077,0,0,0,1.0,1,1.0,1,1.0,1,0.13320516027610246,53
1482,0,3196,1119,2077,0,0,0,1.0,1,1.0,1,1.0,1,0.15068460271020645,52
1483,1,3197,1119,2078,0,0,0,1.0,1,1.0,1,1.0,1,0.13097814431929164,52
1484,2,3199,1119,2080,0,0,0,1.0,1,1.0,1,1.0,1,0.14417545864206197,53
1485,1,3200,1119,2081,0,0,0,1.0,1,1.0,1,1.0,1,0.12155893786753628,53
1486,2,3202,1119,2083,0,0,0,1.0,1,1.0,1,1.0,1,0.13568080109649464,54
1487,3,3205,1119,2086,0,0,0,1.0,1,1.0,1,1.0,1,0.14146165882527173,55
1488,2,3207,1119,2088,0,0,0,1.0,1,1.0,1,1.0,1,0.1433260052720614,57
1489,1,3208,1120,2088,0,0,0,1.0,1,1.0,1,1.0,1,0.1314660467282915,58
1490,1,3209,1121,2088,0,0,0,1.0,1,1.0,1,1.0,1,0.13636551762571275,58
1491,3,3212,1122,2090,0,0,0,1.0,1,1.0,1,1.0,1,0.13646624082865855,59
1492,1,3213,1123,2090,0,0,0,1.0,1,1.0,1,1.0,1,0.1684930324825172,59
1493,4,3217,1125,2092,0,0,0,1.0,1,1.0,1,1.0,1,0.15650355431324914,58
1494,6,3223,1127,2096,0,0,0,1.0,1,1.0,1,1.0,1,0.1689385367831049,58
1495,5,3228,1129,2099,0,0,0,1.0,1,1.0,1,1.0,1,0.18560243276168645,57
1496,5,3233,1129,2104,0,0,0,1.0,1,1.0,1,1.0,1,0.11197769737690737,59
1497,1,3234,1130,2104,0,0,0,1.0,1,1.0,1,1.0,1,0.12639486331241184,58
1498,1,3235,1130,2105,0,0,0,1.0,1,1.0,1,1.0,1,0.11712323358752592,58
1499,1,3236,1130,2106,0,0,0,1.0,1,1.0,1,1.0,1,0.12346867900171073,56
1500,1,3237,1131,2106,0,0,0,1.0,1,1.0,1,1.0,1,0.11416305019492559,57
1501,3,3240,1131,2109,0,0,0,1.0,1,1.0,1,1.0,1,0.09430273302387945,55
1502,1,3241,1132,2109,0,0,0,1.0,1,1.0,1,1.0,1,0.12204028079381442,55
1503,2,3243,1133,2110,0,0,0,1.0,1,1.0,1,1.0,1,0.13323337092295826,54
1504,3,3246,1135,2111,0,0,0,1.0,1,1.0,1,1.0,1,0.12047867372931953,55
1505,3,3249,1137,2112,0,0,0,1.0,1,1.0,1,1.0,1,0.09858655089075338,53
1506,7,3256,1139,2117,0,0,0,1.0,1,1.0,1,1.0,1,0.11259838652888968,55
1507,1,3257,1140,2117,0,0,0,1.0,1,1.0,1,1.0,1,0.1230429168027038,53
1508,3,3260,1142,2118,0,0,0,1.0,1,1.0,1,1.0,1,0.13959176684002733,53
1509,0,3260,1142,2118,0,0,0,1.0,1,1.0,1,1.0,1,0.11999800831158816,52
1510,2,3262,1143,2119,0,0,0,1.0,1,1.0,1,1.0,1,0.12712088278523795,50
1511,3,3265,1144,2121,0,0,0,1.0,1,1.0,1,1.0,1,0.1060829474939663,49
1512,4,3269,1147,2122,0,0,0,1.0,1,1.0,1,1.0,1,0.14641264229195883,48
1513,2,3271,1148,2123,0,0,0,1.0,1,1.0,1,1.0,1,0.17563894939175206,47
1514,2,3273,1149,2124,0,0,0,1.0,1,1.0,1,1.0,1,0.14462624446064878,48
1515,2,3275,1150,2125,0,0,0,1.0,1,1.0,1,1.0,1,0.1453054192666307,48
1516,2,3277,1150,2127,0,0,0,1.0,1,1.0,1,1.0,1,0.12927755884556308,47
1517,0,3277,1150,2127,0,0,0,1.0,1,1.0,1,1.0,1,0.1479076560815798,48
1518,0,3277,1150,2127,0,0,0,1.0,1,1.0,1,1.0,1,0.1479076560815798,48
1519,0,3277,1150,2127,0,0,0,1.0,1,1.0,1,1.0,1,0.16361094952785016,47
1520,5,3282,1153,2129,0,0,0,1.0,1,1.0,1,1.0,1,0.1601323921775677,48
1521,3,3285,1153,2132,0,0,0,1.0,1,1.0,1,1.0,1,0.11837690811828225,49
1522,1,3286,1154,2132,0,0,0,1.0,1,1.0,1,1.0,1,0.13982005057548785,48
1523,1,3287,1155,2132,0,0,0,1.0,1,1.0,1,1.0,1,0.13568662618403415,49
1524,0,3287,1155,2132,0,0,0,1.0,1,1.0,1,1.0,1,0.13568662618403415,49
1525,2,3289,1155,2134,0,0,0,1.0,1,1.0,1,1.0,1,0.11970188673649207,51
1526,2,3291,1155,2136,0,0,0,1.0,1,1.0,1,1.0,1,0.08097030387606545,52
1527,2,3293,1156,2137,0,0,0,1.0,1,1.0,1,1.0,1,0.11805056782790495,54
1528,1,3294,1157,2137,0,0,0,1.0,1,1.0,1,1.0,1,0.13799857559682058,54
1529,0,3294,1157,2137,0,0,0,1.0,1,1.0,1,1.0,1,0.13799857559682058,54
1530,0,3294,1157,2137,0,0,0,1.0,1,1.0,1,1.0,1,0.16021339104257346,54
1531,4,3298,1157,2141,0,0,0,1.0,1,1.0,1,1.0,1,0.12094343476520418,54
1532,2,3300,1158,2142,0,0,0,1.0,1,1.0,1,1.0,1,0.11311668083738832,54
1533,0,3300,1158,2142,0,0,0,1.0,1,1.0,1,1.0,1,0.11053054271292682,54
1534,1,3301,1158,2143,0,0,0,1.0,1,1.0,1,1.0,1,0.09734302600253349,54
1535,1,3302,1158,2144,0,0,0,1.0,1,1.0,1,1.0,1,0.09080327970861643,54
1536,0,3302,1158,2144,0,0,0,1.0,1,1.0,1,1.0,1,0.09424979913053191,55
1537,1,3303,1159,2144,0,0,0,1.0,1,1.0,1,1.0,1,0.10514097935444011,53
1538,1,3304,1160,2144,0,0,0,1.0,1,1.0,1,1.0,1,0.11799924653680591,54
1539,3,3307,1161,2146,0,0,0,1.0,1,1.0,1,1.0,1,0.1440004778984813,54
1540,2,3309,1162,2147,0,0,0,1.0,1,1.0,1,1.0,1,0.14641700981127992,54
1541,7,3316,1162,2154,0,0,0,1.0,1,1.0,1,1.0,1,0.08934980986119245,54
1542,4,3320,1164,2156,0,0,0,1.0,1,1.0,1,1.0,1,0.08831237811482395,57
1543,2,3322,1166,2156,0,0,0,1.0,1,1.0,1,1.0,1,0.10002401062333123,55
1544,5,3327,1169,2158,0,0,0,1.0,1,1.0,1,1.0,1,0.15320093600204512,54
1545,5,3332,1170,2162,0,0,0,1.0,1,1.0,1,1.0,1,0.1326216870947278,54
1546,3,3335,1170,2165,0,0,0,1.0,1,1.0,1,1.0,1,0.08777602282773796,53
1547,4,3339,1173,2166,0,0,0,1.0,1,1.0,1,1.0,1,0.09811838028214816,53
1548,2,3341,1175,2166,0,0,0,1.0,1,1.0,1,1.0,1,0.11781944133649846,54
1549,4,3345,1177,2168,0,0,0,1.0,1,1.0,1,1.0,1,0.09439309463692053,52
1550,8,3353,1181,2172,0,0,0,1.0,1,1.0,1,1.0,1,0.12113037122617915,52
1551,8,3361,1184,2177,0,0,0,1.0,1,1.0,1,1.0,1,0.06298381368499678,52
1552,7,3368,1188,2180,0,0,0,1.0,1,1.0,1,1.0,1,0.07884324155776161,51
1553,7,3375,1190,2185,0,0,0,1.0,1,1.0,1,1.0,1,0.16738951685830317,51
1554,7,3382,1194,2188,0,0,0,1.0,1,1.0,1,1.0,1,0.14645571343487762,51
1555,5,3387,1195,2192,0,0,0,1.0,1,1.0,1,1.0,1,0.18736001208064226,50
1556,7,3394,1196,2198,0,0,0,1.0,1,1.0,1,1.0,1,0.10944347633044839,51
1557,6,3400,1198,2202,0,0,0,1.0,1,1.0,1,1.0,1,0.13217607430035214,51
1558,6,3406,1198,2208,0,0,0,1.0,1,1.0,1,1.0,1,0.10919025634348897,52
1559,6,3412,1200,2212,0,0,0,1.0,1,1.0,1,1.0,1,0.11326169262597909,53
1560,3,3415,1201,2214,0,0,0,1.0,1,1.0,1,1.0,1,0.11687808812308384,51
1561,1,3416,1201,2215,0,0,0,1.0,1,1.0,1,1.0,1,0.1060345987197583,51
1562,0,3416,1201,2215,0,0,0,1.0,1,1.0,1,1.0,1,0.1159994967048223,52
1563,2,3418,1202,2216,0,0,0,1.0,1,1.0,1,1.0,1,0.08324003663804942,52
1564,0,3418,1202,2216,0,0,0,1.0,1,1.0,1,1.0,1,0.10298026675876487,51
1565,1,3419,1203,2216,0,0,0,1.0,1,1.0,1,1.0,1,0.11574907404853281,53
1566,4,3423,1203,2220,0,0,0,1.0,1,1.0,1,1.0,1,0.10877464734741453,53
1567,0,3423,1203,2220,0,0,0,1.0,1,1.0,1,1.0,1,0.10402615044474843,52
1568,1,3424,1203,2221,0,0,0,1.0,1,1.0,1,1.0,1,0.09460780060143559,52
1569,0,3424,1203,2221,0,0,0,1.0,1,1.0,1,1.0,1,0.11057648328282885,49
1570,1,3425,1204,2221,0,0,0,1.0,1,1.0,1,1.0,1,0.12414896768784286,48
1571,8,3433,1207,2226,0,0,0,1.0,1,1.0,1,1.0,1,0.11663724317387215,46
1572,0,3433,1207,2226,0,0,0,1.0,1,1.0,1,1.0,1,0.11733856700281126,47
1573,0,3433,1207,2226,0,0,0,1.0,1,1.0,1,1.0,1,0.10840354827041611,48
1574,4,3437,1211,2226,0,0,0,1.0,1,1.0,1,1.0,1,0.18103757482835692,46
1575,4,3441,1211,2230,0,0,0,1.0,1,1.0,1,1.0,1,0.16396205643668765,47
1576,8,3449,1214,2235,0,0,0,1.0,1,1.0,1,1.0,1,0.10951486222303182,46
1577,1,3450,1215,2235,0,0,0,1.0,1,1.0,1,1.0,1,0.15710561195295414,45
1578,2,3452,1215,2237,0,0,0,1.0,1,1.0,1,1.0,1,0.11767702387027591,44
1579,0,3452,1215,2237,0,0,0,1.0,1,1.0,1,1.0,1,0.11849476159979967,43
1580,1,3453,1216,2237,0,0,0,1.0,1,1.0,1,1.0,1,0.13290393922923208,43
1581,5,3458,1217,2241,0,0,0,1.0,1,1.0,1,1.0,1,0.14341061149539067,42
1582,1,3459,1217,2242,0,0,0,1.0,1,1.0,1,1.0,1,0.1380894296692466,42
1583,2,3461,1218,2243,0,0,0,1.0,1,1.0,1,1.0,1,0.14097309995364762,43
1584,3,3464,1220,2244,0,0,0,1.0,1,1.0,1,1.0,1,0.14146387259946194,41
1585,4,3468,1222,2246,0,0,0,1.0,1,1.0,1,1.0,1,0.17405415447282205,43
1586,4,3472,1224,2248,0,0,0,1.0,1,1.0,1,1.0,1,0.13811188998422752,42
1587,3,3475,1225,2250,0,0,0,1.0,1,1.0,1,1.0,1,0.13291691108595913,42
1588,8,3483,1229,2254,0,0,0,1.0,1,1.0,1,1.0,1,0.16033041475420526,42
1589,5,3488,1230,2258,0,0,0,1.0,1,1.0,1,1.0,1,0.07455693660530845,42
1590,0,3488,1230,2258,0,0,0,1.0,1,1.0,1,1.0,1,0.1473669941384495,41
1591,3,3491,1231,2260,0,0,0,1.0,1,1.0,1,1.0,1,0.1248565708351804,40
1592,1,3492,1231,2261,0,0,0,1.0,1,1.0,1,1.0,1,0.16082486321831524,39
1593,0,3492,1231,2261,0,0,0,1.0,1,1.0,1,1.0,1,0.16444652048988082,39
1594,0,3492,1231,2261,0,0,0,1.0,1,1.0,1,1.0,1,0.1614393064443619,39
1595,3,3495,1232,2263,0,0,0,1.0,1,1.0,1,1.0,1,0.15446859740269847,42
1596,0,3495,1232,2263,0,0,0,1.0,1,1.0,1,1.0,1,0.16291660532444854,41
1597,0,3495,1232,2263,0,0,0,1.0,1,1.0,1,1.0,1,0.16291660532444854,41
1598,2,3497,1233,2264,0,0,0,1.0,1,1.0,1,1.0,1,0.19289534822154422,39
1599,0,3497,1233,2264,0,0,0,1.0,1,1.0,1,1.0,1,0.19289534822154422,39
1600,7,3504,1236,2268,0,0,0,1.0,1,1.0,1,1.0,1,0.2040168487882456,40
1601,6,3510,1237,2273,0,0,0,1.0,1,1.0,1,1.0,1,0.14656038681162584,41
1602,2,3512,1238,2274,0,0,0,1.0,1,1.0,1,1.0,1,0.18834979183277353,41
1603,6,3518,1239,2279,0,0,0,1.0,1,1.0,1,1.0,1,0.17252047652561286,43
1604,3,3521,1239,2282,0,0,0,1.0,1,1.0,1,1.0,1,0.18128719364979218,43
1605,3,3524,1240,2284,0,0,0,1.0,1,1.0,1,1.0,1,0.16253322784548363,44
1606,7,3531,1241,2290,0,0,0,1.0,1,1.0,1,1.0,1,0.08325146322782793,44
1607,1,3532,1242,2290,0,0,0,1.0,1,1.0,1,1.0,1,0.10157050204866837,42
1608,2,3534,1244,2290,0,0,0,1.0,1,1.0,1,1.0,1,0.1923576821842124,41
1609,1,3535,1244,2291,0,0,0,1.0,1,1.0,1,1.0,1,0.12635597347978822,39
1610,2,3537,1244,2293,0,0,0,1.0,1,1.0,1,1.0,1,0.15105526776825784,39
1611,5,3542,1244,2298,0,0,0,1.0,1,1.0,1,1.0,1,0.08455737265351786,40
1612,0,3542,1244,2298,0,0,0,1.0,1,1.0,1,1.0,1,0.06796100217814473,39
1613,0,3542,1244,2298,0,0,0,1.0,1,1.0,1,1.0,1,0.11110289908404049,41
1614,0,3542,1244,2298,0,0,0,1.0,1,1.0,1,1.0,1,0.11110289908404049,41
1615,0,3542,1244,2298,0,0,0,1.0,1,1.0,1,1.0,1,0.11110289908404049,41
1616,2,3544,1244,2300,0,0,0,1.0,1,1.0,1,1.0,1,0.07937166064326212,43
1617,1,3545,1245,2300,0,0,0,1.0,1,1.0,1,1.0,1,0.09443890687064695,44
1618,0,3545,1245,2300,0,0,0,1.0,1,1.0,1,1.0,1,0.09443890687064695,44
1619,2,3547,1246,2301,0,0,0,1.0,1,1.0,1,1.0,1,0.1414978030706869,44
1620,3,3550,1248,2302,0,0,0,1.0,1,1.0,1,1.0,1,0.18452459405385224,45
1621,2,3552,1248,2304,0,0,0,1.0,1,1.0,1,1.0,1,0.15377015531756028,44
1622,3,3555,1250,2305,0,0,0,1.0,1,1.0,1,1.0,1,0.13200787925736693,44
1623,1,3556,1250,2306,0,0,0,1.0,1,1.0,1,1.0,1,0.1357058454821172,43
1624,1,3557,1251,2306,0,0,0,1.0,1,1.0,1,1.0,1,0.1464399230207153,43
1625,3,3560,1253,2307,0,0,0,1.0,1,1.0,1,1.0,1,0.18470380691144264,43
1626,1,3561,1253,2308,0,0,0,1.0,1,1.0,1,1.0,1,0.157123597802742,42
1627,0,3561,1253,2308,0,0,0,1.0,1,1.0,1,1.0,1,0.15908909388687315,42
1628,5,3566,1254,2312,0,0,0,1.0,1,1.0,1,1.0,1,0.13892670267344748,42
1629,0,3566,1254,2312,0,0,0,1.0,1,1.0,1,1.0,1,0.12757078364531027,41
1630,3,3569,1256,2313,0,0,0,1.0,1,1.0,1,1.0,1,0.17092816616483578,41
1631,2,3571,1257,2314,0,0,0,1.0,1,1.0,1,1.0,1,0.17324395096205206,40
1632,1,3572,1257,2315,0,0,0,1.0,1,1.0,1,1.0,1,0.14221138640712033,39
1633,0,3572,1257,2315,0,0,0,1.0,1,1.0,1,1.0,1,0.14221138640712033,39
1634,1,3573,1258,2315,0,0,0,1.0,1,1.0,1,1.0,1,0.17555069845252938,39
1635,4,3577,1258,2319,0,0,0,1.0,1,1.0,1,1.0,1,0.1089543314047607,40
1636,0,3577,1258,2319,0,0,0,1.0,1,1.0,1,1.0,1,0.12706413241289,41
1637,1,3578,1258,2320,0,0,0,1.0,1,1.0,1,1.0,1,0.15157764114008818,41
1638,3,3581,1259,2322,0,0,0,1.0,1,1.0,1,1.0,1,0.15351890127963536,42
1639,3,3584,1260,2324,0,0,0,1.0,1,1.0,1,1.0,1,0.12810770184657094,43
1640,1,3585,1260,2325,0,0,0,1.0,1,1.0,1,1.0,1,0.12057710980427754,43
1641,4,3589,1261,2328,0,0,0,1.0,1,1.0,1,1.0,1,0.10031529007891933,44
1642,2,3591,1263,2328,0,0,0,1.0,1,1.0,1,1.0,1,0.14218728906216124,45
1643,3,3594,1264,2330,0,0,0,1.0,1,1.0,1,1.0,1,0.1631798760574426,44
1644,2,3596,1266,2330,0,0,0,1.0,1,1.0,1,1.0,1,0.18891602283837813,45
1645,1,3597,1266,2331,0,0,0,1.0,1,1.0,1,1.0,1,0.22564510751533678,44
1646,5,3602,1267,2335,0,0,0,1.0,1,1.0,1,1.0,1,0.1487599027977068,43
1647,3,3605,1268,2337,0,0,0,1.0,1,1.0,1,1.0,1,0.166565089159003,43
1648,4,3609,1268,2341,0,0,0,1.0,1,1.0,1,1.0,1,0.1741020708995858,42
1649,1,3610,1268,2342,0,0,0,1.0,1,1.0,1,1.0,1,0.20965875756691651,41
1650,0,3610,1268,2342,0,0,0,1.0,1,1.0,1,1.0,1,0.20965875756691651,41
1651,4,3614,1269,2345,0,0,0,1.0,1,1.0,1,1.0,1,0.17220892716354702,40
1652,1,3615,1269,2346,0,0,0,1.0,1,1.0,1,1.0,1,0.15081781634222188,39
1653,0,3615,1269,2346,0,0,0,1.0,1,1.0,1,1.0,1,0.18077823741338253,39
1654,3,3618,1269,2349,0,0,0,1.0,1,1.0,1,1.0,1,0.13196288014166074,39
1655,3,3621,1272,2349,0,0,0,1.0,1,1.0,1,1.0,1,0.2195389794157639,40
1656,4,3625,1272,2353,0,0,0,1.0,1,1.0,1,1.0,1,0.18002277295267824,40
1657,1,3626,1272,2354,0,0,0,1.0,1,1.0,1,1.0,1,0.15564669755501784,40
1658,2,3628,1273,2355,0,0,0,1.0,1,1.0,1,1.0,1,0.16096079417406015,40
1659,3,3631,1275,2356,0,0,0,1.0,1,1.0,1,1.0,1,0.15950539077577572,40
1660,2,3633,1275,2358,0,0,0,1.0,1,1.0,1,1.0,1,0.16916842560034168,41
1661,7,3640,1277,2363,0,0,0,1.0,1,1.0,1,1.0,1,0.09551568797773174,42
1662,2,3642,1278,2364,0,0,0,1.0,1,1.0,1,1.0,1,0.11283420649265863,44
1663,4,3646,1280,2366,0,0,0,1.0,1,1.0,1,1.0,1,0.12291170527011668,43
1664,4,3650,1283,2367,0,0,0,1.0,1,1.0,1,1.0,1,0.22484040262606464,42
1665,3,3653,1283,2370,0,0,0,1.0,1,1.0,1,1.0,1,0.17991905096031266,42
1666,9,3662,1287,2375,0,0,0,1.0,1,1.0,1,1.0,1,0.18655886908771982,43
1667,2,3664,1288,2376,0,0,0,1.0,1,1.0,1,1.0,1,0.1685986638401326,40
1668,1,3665,1288,2377,0,0,0,1.0,1,1.0,1,1.0,1,0.1893320232007352,40
1669,3,3668,1290,2378,0,0,0,1.0,1,1.0,1,1.0,1,0.14878216319254656,40
1670,1,3669,1291,2378,0,0,0,1.0,1,1.0,1,1.0,1,0.14452407208575185,39
1671,1,3670,1291,2379,0,0,0,1.0,1,1.0,1,1.0,1,0.14780922905938054,39
1672,3,3673,1292,2381,0,0,0,1.0,1,1.0,1,1.0,1,0.1870724455714092,38
1673,3,3676,1295,2381,0,0,0,1.0,1,1.0,1,1.0,1,0.18010347038732982,38
1674,0,3676,1295,2381,0,0,0,1.0,1,1.0,1,1.0,1,0.1961662750011974,38
1675,1,3677,1296,2381,0,0,0,1.0,1,1.0,1,1.0,1,0.17527772162599217,39
1676,3,3680,1297,2383,0,0,0,1.0,1,1.0,1,1.0,1,0.12115013805308085,39
1677,0,3680,1297,2383,0,0,0,1.0,1,1.0,1,1.0,1,0.11439185938755167,40
1678,0,3680,1297,2383,0,0,0,1.0,1,1.0,1,1.0,1,0.12613278044173898,39
1679,2,3682,1298,2384,0,0,0,1.0,1,1.0,1,1.0,1,0.1270808732120117,39
1680,1,3683,1298,2385,0,0,0,1.0,1,1.0,1,1.0,1,0.1501840646429926,40
1681,0,3683,1298,2385,0,0,0,1.0,1,1.0,1,1.0,1,0.140695964922537,41
1682,1,3684,1299,2385,0,0,0,1.0,1,1.0,1,1.0,1,0.1606554302884471,40
1683,3,3687,1300,2387,0,0,0,1.0,1,1.0,1,1.0,1,0.14055822834557197,43
1684,3,3690,1301,2389,0,0,0,1.0,1,1.0,1,1.0,1,0.14870978410655952,42
1685,3,3693,1302,2391,0,0,0,1.0,1,1.0,1,1.0,1,0.11152039387096054,41
1686,2,3695,1302,2393,0,0,0,1.0,1,1.0,1,1.0,1,0.11217578205395479,39
1687,3,3698,1304,2394,0,0,0,1.0,1,1.0,1,1.0,1,0.16616754618178814,41
1688,2,3700,1305,2395,0,0,0,1.0,1,1.0,1,1.0,1,0.1017516928693042,39
1689,2,3702,1307,2395,0,0,0,1.0,1,1.0,1,1.0,1,0.16465869493046648,37
1690,1,3703,1308,2395,0,0,0,1.0,1,1.0,1,1.0,1,0.2132043311838526,36
1691,4,3707,1310,2397,0,0,0,1.0,1,1.0,1,1.0,1,0.14795329671707202,36
1692,0,3707,1310,2397,0,0,0,1.0,1,1.0,1,1.0,1,0.16206028704575187,34
1693,2,3709,1311,2398,0,0,0,1.0,1,1.0,1,1.0,1,0.10444466378331294,33
1694,1,3710,1312,2398,0,0,0,1.0,1,1.0,1,1.0,1,0.1610662919535622,32
1695,0,3710,1312,2398,0,0,0,1.0,1,1.0,1,1.0,1,0.1840471673775862,32
1696,2,3712,1313,2399,0,0,0,1.0,1,1.0,1,1.0,1,0.21857117022579076,34
1697,0,3712,1313,2399,0,0,0,1.0,1,1.0,1,1.0,1,0.21857117022579076,34
1698,4,3716,1315,2401,0,0,0,1.0,1,1.0,1,1.0,1,0.24086752803145353,36
1699,2,3718,1315,2403,0,0,0,1.0,1,1.0,1,1.0,1,0.22545761561751462,36
1700,1,3719,1315,2404,0,0,0,1.0,1,1.0,1,1.0,1,0.20194843205403745,37
1701,1,3720,1315,2405,0,0,0,1.0,1,1.0,1,1.0,1,0.20013302051118992,39
1702,3,3723,1318,2405,0,0,0,1.0,1,1.0,1,1.0,1,0.260737895322559,39
1703,4,3727,1320,2407,0,0,0,1.0,1,1.0,1,1.0,1,0.2376006044828032,38
1704,4,3731,1323,2408,0,0,0,1.0,1,1.0,1,1.0,1,0.21918782213298102,38
1705,1,3732,1323,2409,0,0,0,1.0,1,1.0,1,1.0,1,0.18485172224838167,37
1706,3,3735,1324,2411,0,0,0,1.0,1,1.0,1,1.0,1,0.19656266772152806,37
1707,0,3735,1324,2411,0,0,0,1.0,1,1.0,1,1.0,1,0.18375298405953028,36
1708,0,3735,1324,2411,0,0,0,1.0,1,1.0,1,1.0,1,0.20672725765310243,34
1709,2,3737,1325,2412,0,0,0,1.0,1,1.0,1,1.0,1,0.19520478223980645,34
1710,1,3738,1325,2413,0,0,0,1.0,1,1.0,1,1.0,1,0.2510326175713532,33
1711,3,3741,1327,2414,0,0,0,1.0,1,1.0,1,1.0,1,0.22512499502377653,32
1712,1,3742,1328,2414,0,0,0,1.0,1,1.0,1,1.0,1,0.2575842026480501,31
1713,2,3744,1328,2416,0,0,0,1.0,1,1.0,1,1.0,1,0.24695252883142446,32
1714,0,3744,1328,2416,0,0,0,1.0,1,1.0,1,1.0,1,0.24695252883142446,32
1715,1,3745,1328,2417,0,0,0,1.0,1,1.0,1,1.0,1,0.23274036409287685,32
1716,3,3748,1329,2419,0,0,0,1.0,1,1.0,1,1.0,1,0.211381955716178,34
1717,1,3749,1330,2419,0,0,0,1.0,1,1.0,1,1.0,1,0.23099305138734547,34
1718,0,3749,1330,2419,0,0,0,1.0,1,1.0,1,1.0,1,0.2510923578548316,34
1719,0,3749,1330,2419,0,0,0,1.0,1,1.0,1,1.0,1,0.2510923578548316,34
1720,0,3749,1330,2419,0,0,0,1.0,1,1.0,1,1.0,1,0.25541833665778874,34
1721,5,3754,1332,2422,0,0,0,1.0,1,1.0,1,1.0,1,0.20533038888782826,35
1722,2,3756,1332,2424,0,0,0,1.0,1,1.0,1,1.0,1,0.1714063280852244,35
1723,0,3756,1332,2424,0,0,0,1.0,1,1.0,1,1.0,1,0.1936373322084777,34
1724,2,3758,1332,2426,0,0,0,1.0,1,1.0,1,1.0,1,0.13429457619562526,33
1725,1,3759,1333,2426,0,0,0,1.0,1,1.0,1,1.0,1,0.17733192912655693,35
1726,2,3761,1333,2428,0,0,0,1.0,1,1.0,1,1.0,1,0.12160943465500908,34
1727,0,3761,1333,2428,0,0,0,1.0,1,1.0,1,1.0,1,0.12160943465500908,34
1728,1,3762,1333,2429,0,0,0,1.0,1,1.0,1,1.0,1,0.12139965832366516,35
1729,1,3763,1334,2429,0,0,0,1.0,1,1.0,1,1.0,1,0.13192701817315994,35
1730,1,3764,1335,2429,0,0,0,1.0,1,1.0,1,1.0,1,0.1440037086733656,35
1731,1,3765,1335,2430,0,0,0,1.0,1,1.0,1,1.0,1,0.12169536162384226,35
1732,1,3766,1336,2430,0,0,0,1.0,1,1.0,1,1.0,1,0.13212523203510715,35
1733,0,3766,1336,2430,0,0,0,1.0,1,1.0,1,1.0,1,0.12702124321507366,33
1734,3,3769,1338,2431,0,0,0,1.0,1,1.0,1,1.0,1,0.12844189688121124,34
1735,3,3772,1340,2432,0,0,0,1.0,1,1.0,1,1.0,1,0.18758521252364688,33
1736,3,3775,1341,2434,0,0,0,1.0,1,1.0,1,1.0,1,0.14842191749528752,33
1737,3,3778,1342,2436,0,0,0,1.0,1,1.0,1,1.0,1,0.12099009532912246,35
1738,1,3779,1343,2436,0,0,0,1.0,1,1.0,1,1.0,1,0.11699853658199559,36
1739,5,3784,1346,2438,0,0,0,1.0,1,1.0,1,1.0,1,0.16712768120839683,36
1740,5,3789,1348,2441,0,0,0,1.0,1,1.0,1,1.0,1,0.21464770088832022,37
1741,5,3794,1348,2446,0,0,0,1.0,1,1.0,1,1.0,1,0.11682976239004059,36
1742,1,3795,1349,2446,0,0,0,1.0,1,1.0,1,1.0,1,0.14566825410886883,36
1743,3,3798,1350,2448,0,0,0,1.0,1,1.0,1,1.0,1,0.15139682877729535,37
1744,0,3798,1350,2448,0,0,0,1.0,1,1.0,1,1.0,1,0.1520125023553227,37
1745,2,3800,1352,2448,0,0,0,1.0,1,1.0,1,1.0,1,0.19028240781531633,38
1746,5,3805,1352,2453,0,0,0,1.0,1,1.0,1,1.0,1,0.12997860418609838,38
1747,2,3807,1352,2455,0,0,0,1.0,1,1.0,1,1.0,1,0.13931569403141406,37
1748,2,3809,1352,2457,0,0,0,1.0,1,1.0,1,1.0,1,0.12729532242092353,38
1749,2,3811,1353,2458,0,0,0,1.0,1,1.0,1,1.0,1,0.09544365994789858,38
1750,1,3812,1353,2459,0,0,0,1.0,1,1.0,1,1.0,1,0.1415411441014672,39
1751,2,3814,1353,2461,0,0,0,1.0,1,1.0,1,1.0,1,0.09297083001411428,41
1752,0,3814,1353,2461,0,0,0,1.0,1,1.0,1,1.0,1,0.09297083001411428,41
1753,2,3816,1354,2462,0,0,0,1.0,1,1.0,1,1.0,1,0.09347982720856732,41
1754,1,3817,1355,2462,0,0,0,1.0,1,1.0,1,1.0,1,0.09835013408224168,40
1755,2,3819,1356,2463,0,0,0,1.0,1,1.0,1,1.0,1,0.1430395036253663,41
1756,2,3821,1356,2465,0,0,0,1.0,1,1.0,1,1.0,1,0.10329948462908631,41
1757,2,3823,1357,2466,0,0,0,1.0,1,1.0,1,1.0,1,0.11849545219599597,40
1758,2,3825,1358,2467,0,0,0,1.0,1,1.0,1,1.0,1,0.10266862847939265,41
1759,4,3829,1360,2469,0,0,0,1.0,1,1.0,1,1.0,1,0.14497269776762056,38
1760,3,3832,1362,2470,0,0,0,1.0,1,1.0,1,1.0,1,0.22587851473702483,38
1761,6,3838,1364,2474,0,0,0,1.0,1,1.0,1,1.0,1,0.22533072297493476,37
1762,3,3841,1365,2476,0,0,0,1.0,1,1.0,1,1.0,1,0.22286877827268337,37
1763,2,3843,1365,2478,0,0,0,1.0,1,1.0,1,1.0,1,0.2216442637343048,37
1764,2,3845,1365,2480,0,0,0,1.0,1,1.0,1,1.0,1,0.20768277503527124,36
1765,6,3851,1368,2483,0,0,0,1.0,1,1.0,1,1.0,1,0.2484342812992174,36
1766,4,3855,1369,2486,0,0,0,1.0,1,1.0,1,1.0,1,0.17180699157096788,37
1767,0,3855,1369,2486,0,0,0,1.0,1,1.0,1,1.0,1,0.17180699157096788,37
1768,2,3857,1369,2488,0,0,0,1.0,1,1.0,1,1.0,1,0.1385902243718979,37
1769,1,3858,1369,2489,0,0,0,1.0,1,1.0,1,1.0,1,0.12120246756648878,38
1770,4,3862,1370,2492,0,0,0,1.0,1,1.0,1,1.0,1,0.14346607626823019,39
1771,0,3862,1370,2492,0,0,0,1.0,1,1.0,1,1.0,1,0.14346607626823019,39
1772,0,3862,1370,2492,0,0,0,1.0,1,1.0,1,1.0,1,0.14346607626823019,39
1773,0,3862,1370,2492,0,0,0,1.0,1,1.0,1,1.0,1,0.13033161134466106,41
1774,1,3863,1371,2492,0,0,0,1.0,1,1.0,1,1.0,1,0.1502732535868437,41
1775,2,3865,1372,2493,0,0,0,1.0,1,1.0,1,1.0,1,0.15424508741486725,42
1776,2,3867,1373,2494,0,0,0,1.0,1,1.0,1,1.0,1,0.17605833582123293,43
1777,0,3867,1373,2494,0,0,0,1.0,1,1.0,1,1.0,1,0.17605833582123293,43
1778,1,3868,1373,2495,0,0,0,1.0,1,1.0,1,1.0,1,0.17138688271093022,44
1779,5,3873,1373,2500,0,0,0,1.0,1,1.0,1,1.0,1,0.12100099054488953,46
1780,2,3875,1374,2501,0,0,0,1.0,1,1.0,1,1.0,1,0.12064553734926085,46
1781,1,3876,1374,2502,0,0,0,1.0,1,1.0,1,1.0,1,0.09276131693736187,46
1782,2,3878,1376,2502,0,0,0,1.0,1,1.0,1,1.0,1,0.18678235587917172,46
1783,3,3881,1378,2503,0,0,0,1.0,1,1.0,1,1.0,1,0.12417436277098083,44
1784,2,3883,1379,2504,0,0,0,1.0,1,1.0,1,1.0,1,0.11427714329178257,45
1785,0,3883,1379,2504,0,0,0,1.0,1,1.0,1,1.0,1,0.173214587038593,42
1786,9,3892,1382,2510,0,0,0,1.0,1,1.0,1,1.0,1,0.14379408773500874,43
1787,3,3895,1384,2511,0,0,0,1.0,1,1.0,1,1.0,1,0.13700831615135653,41
1788,1,3896,1384,2512,0,0,0,1.0,1,1.0,1,1.0,1,0.12019860624128134,41
1789,3,3899,1386,2513,0,0,0,1.0,1,1.0,1,1.0,1,0.19865822068159394,41
1790,3,3902,1386,2516,0,0,0,1.0,1,1.0,1,1.0,1,0.15722538819787343,41
1791,6,3908,1389,2519,0,0,0,1.0,1,1.0,1,1.0,1,0.1238330646295503,40
1792,3,3911,1389,2522,0,0,0,1.0,1,1.0,1,1.0,1,0.1289255245418484,40
1793,6,3917,1390,2527,0,0,0,1.0,1,1.0,1,1.0,1,0.13612730988297575,41
1794,7,3924,1392,2532,0,0,0,1.0,1,1.0,1,1.0,1,0.17784541025531006,41
1795,4,3928,1393,2535,0,0,0,1.0,1,1.0,1,1.0,1,0.19976023151870187,40
1796,4,3932,1394,2538,0,0,0,1.0,1,1.0,1,1.0,1,0.1368443070915868,40
1797,2,3934,1396,2538,0,0,0,1.0,1,1.0,1,1.0,1,0.1717646671048596,37
1798,3,3937,1397,2540,0,0,0,1.0,1,1.0,1,1.0,1,0.16934855275009716,37
1799,1,3938,1398,2540,0,0,0,1.0,1,1.0,1,1.0,1,0.19297059305357564,36
1800,1,3939,1399,2540,0,0,0,1.0,1,1.0,1,1.0,1,0.23707205084532376,36
1801,3,3942,1400,2542,0,0,0,1.0,1,1.0,1,1.0,1,0.24000441297720174,34
1802,1,3943,1400,2543,0,0,0,1.0,1,1.0,1,1.0,1,0.20314459300922533,33
1803,1,3944,1400,2544,0,0,0,1.0,1,1.0,1,1.0,1,0.1647073936161734,33
1804,1,3945,1400,2545,0,0,0,1.0,1,1.0,1,1.0,1,0.14249186314729212,33
1805,4,3949,1401,2548,0,0,0,1.0,1,1.0,1,1.0,1,0.09878825908318867,35
1806,2,3951,1402,2549,0,0,0,1.0,1,1.0,1,1.0,1,0.12436343890317236,35
1807,0,3951,1402,2549,0,0,0,1.0,1,1.0,1,1.0,1,0.1915453807932821,35
1808,1,3952,1402,2550,0,0,0,1.0,1,1.0,1,1.0,1,0.17958045336807396,36
1809,0,3952,1402,2550,0,0,0,1.0,1,1.0,1,1.0,1,0.1855403415876498,36
1810,0,3952,1402,2550,0,0,0,1.0,1,1.0,1,1.0,1,0.19600836336428992,35
1811,1,3953,1402,2551,0,0,0,1.0,1,1.0,1,1.0,1,0.24884852188832762,36
1812,1,3954,1402,2552,0,0,0,1.0,1,1.0,1,1.0,1,0.23674669254715341,36
1813,1,3955,1403,2552,0,0,0,1.0,1,1.0,1,1.0,1,0.2601371099349859,36
1814,3,3958,1405,2553,0,0,0,1.0,1,1.0,1,1.0,1,0.27943631161053095,34
1815,2,3960,1405,2555,0,0,0,1.0,1,1.0,1,1.0,1,0.25622367082835984,35
1816,4,3964,1405,2559,0,0,0,1.0,1,1.0,1,1.0,1,0.22319307590655746,34
1817,0,3964,1405,2559,0,0,0,1.0,1,1.0,1,1.0,1,0.22319307590655746,34
1818,2,3966,1405,2561,0,0,0,1.0,1,1.0,1,1.0,1,0.2191684497182822,34
1819,4,3970,1406,2564,0,0,0,1.0,1,1.0,1,1.0,1,0.1868026531571445,35
1820,2,3972,1406,2566,0,0,0,1.0,1,1.0,1,1.0,1,0.16254509487132826,36
1821,4,3976,1406,2570,0,0,0,1.0,1,1.0,1,1.0,1,0.08464173880227151,36
1822,1,3977,1406,2571,0,0,0,1.0,1,1.0,1,1.0,1,0.10279228101072622,37
1823,7,3984,1409,2575,0,0,0,1.0,1,1.0,1,1.0,1,0.13303603853893414,38
1824,2,3986,1410,2576,0,0,0,1.0,1,1.0,1,1.0,1,0.15410178440644606,37
1825,6,3992,1412,2580,0,0,0,1.0,1,1.0,1,1.0,1,0.17876167497932424,36
1826,3,3995,1412,2583,0,0,0,1.0,1,1.0,1,1.0,1,0.10813024793308348,35
1827,2,3997,1413,2584,0,0,0,1.0,1,1.0,1,1.0,1,0.11243782112161294,35
1828,3,4000,1415,2585,0,0,0,1.0,1,1.0,1,1.0,1,0.1500929541981107,33
1829,1,4001,1415,2586,0,0,0,1.0,1,1.0,1,1.0,1,0.16186842745755364,32
1830,1,4002,1416,2586,0,0,0,1.0,1,1.0,1,1.0,1,0.22058479789456847,32
1831,4,4006,1417,2589,0,0,0,1.0,1,1.0,1,1.0,1,0.20478563254337784,30
1832,1,4007,1418,2589,0,0,0,1.0,1,1.0,1,1.0,1,0.24943331411640457,30
1833,3,4010,1418,2592,0,0,0,1.0,1,1.0,1,1.0,1,0.133163585998638,29
1834,1,4011,1419,2592,0,0,0,1.0,1,1.0,1,1.0,1,0.13891678094804125,28
1835,4,4015,1422,2593,0,0,0,1.0,1,1.0,1,1.0,1,0.2442731341938749,28
1836,3,4018,1423,2595,0,0,0,1.0,1,1.0,1,1.0,1,0.19059549026964456,29
1837,1,4019,1424,2595,0,0,0,1.0,1,1.0,1,1.0,1,0.24386258479235556,28
1838,1,4020,1425,2595,0,0,0,1.0,1,1.0,1,1.0,1,0.2792902138490967,28
1839,0,4020,1425,2595,0,0,0,1.0,1,1.0,1,1.0,1,0.29659460759307604,27
1840,1,4021,1425,2596,0,0,0,1.0,1,1.0,1,1.0,1,0.3541297996247506,26
1841,5,4026,1425,2601,0,0,0,1.0,1,1.0,1,1.0,1,0.24342332793382046,25
1842,2,4028,1426,2602,0,0,0,1.0,1,1.0,1,1.0,1,0.25124794839704245,26
1843,3,4031,1426,2605,0,0,0,1.0,1,1.0,1,1.0,1,0.24590520480860711,26
1844,4,4035,1427,2608,0,0,0,1.0,1,1.0,1,1.0,1,0.20808950055997988,26
1845,2,4037,1427,2610,0,0,0,1.0,1,1.0,1,1.0,1,0.1995752095786062,26
1846,1,4038,1427,2611,0,0,0,1.0,1,1.0,1,1.0,1,0.1581559619021215,26
1847,0,4038,1427,2611,0,0,0,1.0,1,1.0,1,1.0,1,0.1581559619021215,26
1848,2,4040,1428,2612,0,0,0,1.0,1,1.0,1,1.0,1,0.1370486577748577,27
1849,1,4041,1428,2613,0,0,0,1.0,1,1.0,1,1.0,1,0.09337878747962411,27
1850,1,4042,1428,2614,0,0,0,1.0,1,1.0,1,1.0,1,0.07195429463301642,28
1851,0,4042,1428,2614,0,0,0,1.0,1,1.0,1,1.0,1,0.07195429463301642,28
1852,0,4042,1428,2614,0,0,0,1.0,1,1.0,1,1.0,1,0.07195429463301642,28
1853,0,4042,1428,2614,0,0,0,1.0,1,1.0,1,1.0,1,0.10346956291716124,27
1854,0,4042,1428,2614,0,0,0,1.0,1,1.0,1,1.0,1,0.13533477156267912,28
1855,0,4042,1428,2614,0,0,0,1.0,1,1.0,1,1.0,1,0.13533477156267912,28
1856,2,4044,1429,2615,0,0,0,1.0,1,1.0,1,1.0,1,0.15857979971668582,30
1857,2,4046,1430,2616,0,0,0,1.0,1,1.0,1,1.0,1,0.20939823867313456,31
1858,7,4053,1432,2621,0,0,0,1.0,1,1.0,1,1.0,1,0.29158562182560965,31
1859,3,4056,1432,2624,0,0,0,1.0,1,1.0,1,1.0,1,0.2800181036727526,31
1860,2,4058,1432,2626,0,0,0,1.0,1,1.0,1,1.0,1,0.27513801431018964,31
1861,2,4060,1432,2628,0,0,0,1.0,1,1.0,1,1.0,1,0.24494533337236354,31
1862,1,4061,1433,2628,0,0,0,1.0,1,1.0,1,1.0,1,0.24859393968877613,31
1863,0,4061,1433,2628,0,0,0,1.0,1,1.0,1,1.0,1,0.2550923933168346,31
1864,2,4063,1435,2628,0,0,0,1.0,1,1.0,1,1.0,1,0.24806991608253473,30
1865,0,4063,1435,2628,0,0,0,1.0,1,1.0,1,1.0,1,0.23283651692552823,27
1866,1,4064,1436,2628,0,0,0,1.0,1,1.0,1,1.0,1,0.24630864194517987,28
1867,1,4065,1437,2628,0,0,0,1.0,1,1.0,1,1.0,1,0.2635642389418253,26
1868,2,4067,1438,2629,0,0,0,1.0,1,1.0,1,1.0,1,0.22487440609437018,26
1869,0,4067,1438,2629,0,0,0,1.0,1,1.0,1,1.0,1,0.21456468754596916,25
1870,0,4067,1438,2629,0,0,0,1.0,1,1.0,1,1.0,1,0.21456468754596916,25
1871,2,4069,1438,2631,0,0,0,1.0,1,1.0,1,1.0,1,0.1763816164583978,26
1872,0,4069,1438,2631,0,0,0,1.0,1,1.0,1,1.0,1,0.17945153085977905,25
1873,0,4069,1438,2631,0,0,0,1.0,1,1.0,1,1.0,1,0.22921747329381356,23
1874,0,4069,1438,2631,0,0,0,1.0,1,1.0,1,1.0,1,0.2209849766650025,23
1875,0,4069,1438,2631,0,0,0,1.0,1,1.0,1,1.0,1,0.31795342831105283,21
1876,5,4074,1439,2635,0,0,0,1.0,1,1.0,1,1.0,1,0.20817550907854535,24
1877,0,4074,1439,2635,0,0,0,1.0,1,1.0,1,1.0,1,0.20817550907854535,24
1878,3,4077,1441,2636,0,0,0,1.0,1,1.0,1,1.0,1,0.20504379978102644,26
1879,1,4078,1441,2637,0,0,0,1.0,1,1.0,1,1.0,1,0.17096872650362474,26
1880,0,4078,1441,2637,0,0,0,1.0,1,1.0,1,1.0,1,0.17096872650362474,26
1881,0,4078,1441,2637,0,0,0,1.0,1,1.0,1,1.0,1,0.17096872650362474,26
1882,0,4078,1441,2637,0,0,0,1.0,1,1.0,1,1.0,1,0.17481726772588926,25
1883,0,4078,1441,2637,0,0,0,1.0,1,1.0,1,1.0,1,0.17481726772588926,25
1884,0,4078,1441,2637,0,0,0,1.0,1,1.0,1,1.0,1,0.17481726772588926,25
1885,0,4078,1441,2637,0,0,0,1.0,1,1.0,1,1.0,1,0.17481726772588926,25
1886,0,4078,1441,2637,0,0,0,1.0,1,1.0,1,1.0,1,0.17532083363102607,26
1887,0,4078,1441,2637,0,0,0,1.0,1,1.0,1,1.0,1,0.17532083363102607,26
1888,2,4080,1442,2638,0,0,0,1.0,1,1.0,1,1.0,1,0.21131686918963935,27
1889,0,4080,1442,2638,0,0,0,1.0,1,1.0,1,1.0,1,0.22215174844386132,28
1890,0,4080,1442,2638,0,0,0,1.0,1,1.0,1,1.0,1,0.22215174844386132,28
1891,3,4083,1442,2641,0,0,0,1.0,1,1.0,1,1.0,1,0.1933998818442247,29
1892,1,4084,1442,2642,0,0,0,1.0,1,1.0,1,1.0,1,0.18215948415160216,29
1893,0,4084,1442,2642,0,0,0,1.0,1,1.0,1,1.0,1,0.18215948415160216,29
1894,0,4084,1442,2642,0,0,0,1.0,1,1.0,1,1.0,1,0.18215948415160216,29
1895,1,4085,1442,2643,0,0,0,1.0,1,1.0,1,1.0,1,0.20412190553304432,31
1896,0,4085,1442,2643,0,0,0,1.0,1,1.0,1,1.0,1,0.20412190553304432,31
1897,0,4085,1442,2643,0,0,0,1.0,1,1.0,1,1.0,1,0.20412190553304432,31
1898,0,4085,1442,2643,0,0,0,1.0,1,1.0,1,1.0,1,0.20412190553304432,31
1899,0,4085,1442,2643,0,0,0,1.0,1,1.0,1,1.0,1,0.21984658370003032,32
1900,1,4086,1442,2644,0,0,0,1.0,1,1.0,1,1.0,1,0.2111569449927196,32
1901,0,4086,1442,2644,0,0,0,1.0,1,1.0,1,1.0,1,0.2111569449927196,32
1902,1,4087,1443,2644,0,0,0,1.0,1,1.0,1,1.0,1,0.2401829812618513,32
1903,0,4087,1443,2644,0,0,0,1.0,1,1.0,1,1.0,1,0.2401829812618513,32
1904,1,4088,1443,2645,0,0,0,1.0,1,1.0,1,1.0,1,0.21463253237671034,34
1905,0,4088,1443,2645,0,0,0,1.0,1,1.0,1,1.0,1,0.21463253237671034,34
1906,2,4090,1443,2647,0,0,0,1.0,1,1.0,1,1.0,1,0.2014596710266109,35
1907,2,4092,1444,2648,0,0,0,1.0,1,1.0,1,1.0,1,0.17415004699327022,36
1908,0,4092,1444,2648,0,0,0,1.0,1,1.0,1,1.0,1,0.17415004699327022,36
1909,1,4093,1444,2649,0,0,0,1.0,1,1.0,1,1.0,1,0.18006302708422095,37
1910,2,4095,1445,2650,0,0,0,1.0,1,1.0,1,1.0,1,0.20602238880311868,38
1911,4,4099,1445,2654,0,0,0,1.0,1,1.0,1,1.0,1,0.16378626034450058,37
1912,1,4100,1445,2655,0,0,0,1.0,1,1.0,1,1.0,1,0.12177989865775524,37
1913,0,4100,1445,2655,0,0,0,1.0,1,1.0,1,1.0,1,0.1410217663723763,36
1914,0,4100,1445,2655,0,0,0,1.0,1,1.0,1,1.0,1,0.1498135955804149,37
1915,1,4101,1446,2655,0,0,0,1.0,1,1.0,1,1.0,1,0.18466729247350475,37
1916,3,4104,1447,2657,0,0,0,1.0,1,1.0,1,1.0,1,0.11609192767274701,39
1917,2,4106,1448,2658,0,0,0,1.0,1,1.0,1,1.0,1,0.15475221386048527,38
1918,2,4108,1449,2659,0,0,0,1.0,1,1.0,1,1.0,1,0.19033190302892855,38
1919,0,4108,1449,2659,0,0,0,1.0,1,1.0,1,1.0,1,0.22439437833074116,38
1920,3,4111,1450,2661,0,0,0,1.0,1,1.0,1,1.0,1,0.2581649755297474,39
1921,5,4116,1450,2666,0,0,0,1.0,1,1.0,1,1.0,1,0.14819256949636642,38
1922,0,4116,1450,2666,0,0,0,1.0,1,1.0,1,1.0,1,0.13235728288557677,39
1923,2,4118,1452,2666,0,0,0,1.0,1,1.0,1,1.0,1,0.1780691027715228,40
1924,0,4118,1452,2666,0,0,0,1.0,1,1.0,1,1.0,1,0.1780691027715228,40
1925,2,4120,1453,2667,0,0,0,1.0,1,1.0,1,1.0,1,0.1923059006156769,40
1926,5,4125,1453,2672,0,0,0,1.0,1,1.0,1,1.0,1,0.1323433775355762,40
1927,3,4128,1453,2675,0,0,0,1.0,1,1.0,1,1.0,1,0.1215253909425208,41
1928,1,4129,1453,2676,0,0,0,1.0,1,1.0,1,1.0,1,0.11629310550921815,41
1929,1,4130,1453,2677,0,0,0,1.0,1,1.0,1,1.0,1,0.1451540617269419,40
1930,1,4131,1453,2678,0,0,0,1.0,1,1.0,1,1.0,1,0.1397994186108339,40
1931,3,4134,1455,2679,0,0,0,1.0,1,1.0,1,1.0,1,0.15177970900137355,40
1932,2,4136,1455,2681,0,0,0,1.0,1,1.0,1,1.0,1,0.09686970003770236,40
1933,0,4136,1455,2681,0,0,0,1.0,1,1.0,1,1.0,1,0.11946179467948637,42
1934,2,4138,1455,2683,0,0,0,1.0,1,1.0,1,1.0,1,0.11909085640244466,44
1935,1,4139,1455,2684,0,0,0,1.0,1,1.0,1,1.0,1,0.1362659815976357,44
1936,3,4142,1455,2687,0,0,0,1.0,1,1.0,1,1.0,1,0.11809418305545265,46
1937,2,4144,1456,2688,0,0,0,1.0,1,1.0,1,1.0,1,0.11200088084174287,47
1938,1,4145,1456,2689,0,0,0,1.0,1,1.0,1,1.0,1,0.09648382434329227,47
1939,1,4146,1456,2690,0,0,0,1.0,1,1.0,1,1.0,1,0.08201352313354049,47
1940,0,4146,1456,2690,0,0,0,1.0,1,1.0,1,1.0,1,0.08201352313354049,47
1941,1,4147,1457,2690,0,0,0,1.0,1,1.0,1,1.0,1,0.10475475224981454,47
1942,5,4152,1460,2692,0,0,0,1.0,1,1.0,1,1.0,1,0.10601994726597107,49
1943,2,4154,1461,2693,0,0,0,1.0,1,1.0,1,1.0,1,0.10612087418353017,47
1944,5,4159,1465,2694,0,0,0,1.0,1,1.0,1,1.0,1,0.1436732142226924,47
1945,1,4160,1466,2694,0,0,0,1.0,1,1.0,1,1.0,1,0.1380721751237597,45
1946,3,4163,1468,2695,0,0,0,1.0,1,1.0,1,1.0,1,0.1578388477914479,45
1947,4,4167,1470,2697,0,0,0,1.0,1,1.0,1,1.0,1,0.22437010754431716,45
1948,5,4172,1471,2701,0,0,0,1.0,1,1.0,1,1.0,1,0.1870121216179194,45
1949,3,4175,1473,2702,0,0,0,1.0,1,1.0,1,1.0,1,0.2810588250385689,42
1950,11,4186,1478,2708,0,0,0,1.0,1,1.0,1,1.0,1,0.19760542957951044,42
1951,5,4191,1479,2712,0,0,0,1.0,1,1.0,1,1.0,1,0.17354741126062362,38
1952,2,4193,1481,2712,0,0,0,1.0,1,1.0,1,1.0,1,0.19755378703903648,36
1953,1,4194,1481,2713,0,0,0,1.0,1,1.0,1,1.0,1,0.1286388238593979,35
1954,0,4194,1481,2713,0,0,0,1.0,1,1.0,1,1.0,1,0.16538811993901756,32
1955,3,4197,1482,2715,0,0,0,1.0,1,1.0,1,1.0,1,0.18220747843889992,33
1956,9,4206,1483,2723,0,0,0,1.0,1,1.0,1,1.0,1,0.12025564908927777,31
1957,5,4211,1484,2727,0,0,0,1.0,1,1.0,1,1.0,1,0.1346483557599236,33
1958,8,4219,1486,2733,0,0,0,1.0,1,1.0,1,1.0,1,0.21200932267221922,34
1959,6,4225,1486,2739,0,0,0,1.0,1,1.0,1,1.0,1,0.191981798062821,35
1960,5,4230,1486,2744,0,0,0,1.0,1,1.0,1,1.0,1,0.18340567351760437,36
1961,5,4235,1487,2748,0,0,0,1.0,1,1.0,1,1.0,1,0.15095975311822568,36
1962,4,4239,1487,2752,0,0,0,1.0,1,1.0,1,1.0,1,0.15782464725560544,35
1963,1,4240,1487,2753,0,0,0,1.0,1,1.0,1,1.0,1,0.19928741566130342,36
1964,2,4242,1487,2755,0,0,0,1.0,1,1.0,1,1.0,1,0.21526675578160584,35
1965,3,4245,1488,2757,0,0,0,1.0,1,1.0,1,1.0,1,0.1472976385989505,36
1966,2,4247,1490,2757,0,0,0,1.0,1,1.0,1,1.0,1,0.18741472638080925,36
1967,3,4250,1492,2758,0,0,0,1.0,1,1.0,1,1.0,1,0.16088139682753888,36
1968,0,4250,1492,2758,0,0,0,1.0,1,1.0,1,1.0,1,0.17854284542682286,37
1969,1,4251,1493,2758,0,0,0,1.0,1,1.0,1,1.0,1,0.19701972149196365,37
1970,2,4253,1493,2760,0,0,0,1.0,1,1.0,1,1.0,1,0.17343711397115322,38
1971,1,4254,1493,2761,0,0,0,1.0,1,1.0,1,1.0,1,0.15773447558308745,37
1972,1,4255,1494,2761,0,0,0,1.0,1,1.0,1,1.0,1,0.1684262475881122,37
1973,1,4256,1495,2761,0,0,0,1.0,1,1.0,1,1.0,1,0.2068871855254466,37
1974,0,4256,1495,2761,0,0,0,1.0,1,1.0,1,1.0,1,0.22247564509836898,38
1975,1,4257,1495,2762,0,0,0,1.0,1,1.0,1,1.0,1,0.18297626447396348,37
1976,3,4260,1496,2764,0,0,0,1.0,1,1.0,1,1.0,1,0.23205264533425635,39
1977,2,4262,1496,2766,0,0,0,1.0,1,1.0,1,1.0,1,0.16531282774289863,42
1978,2,4264,1497,2767,0,0,0,1.0,1,1.0,1,1.0,1,0.1567582133999507,42
1979,2,4266,1497,2769,0,0,0,1.0,1,1.0,1,1.0,1,0.1567582133999507,42
1980,3,4269,1497,2772,0,0,0,1.0,1,1.0,1,1.0,1,0.16922522024983888,43
1981,2,4271,1497,2774,0,0,0,1.0,1,1.0,1,1.0,1,0.12978544780789705,44
1982,1,4272,1498,2774,0,0,0,1.0,1,1.0,1,1.0,1,0.13055790850577434,44
1983,3,4275,1500,2775,0,0,0,1.0,1,1.0,1,1.0,1,0.14369002319613153,44
1984,4,4279,1501,2778,0,0,0,1.0,1,1.0,1,1.0,1,0.14137634946008096,42
1985,5,4284,1504,2780,0,0,0,1.0,1,1.0,1,1.0,1,0.22583510063785867,41
1986,6,4290,1506,2784,0,0,0,1.0,1,1.0,1,1.0,1,0.16274567004040003,40
1987,0,4290,1506,2784,0,0,0,1.0,1,1.0,1,1.0,1,0.13205923250178733,37
1988,2,4292,1507,2785,0,0,0,1.0,1,1.0,1,1.0,1,0.12336277219315228,35
1989,0,4292,1507,2785,0,0,0,1.0,1,1.0,1,1.0,1,0.1610246382706962,32
1990,0,4292,1507,2785,0,0,0,1.0,1,1.0,1,1.0,1,0.1682521035174878,31
1991,3,4295,1508,2787,0,0,0,1.0,1,1.0,1,1.0,1,0.14882705747484504,32
1992,6,4301,1512,2789,0,0,0,1.0,1,1.0,1,1.0,1,0.27862758677424937,32
1993,4,4305,1513,2792,0,0,0,1.0,1,1.0,1,1.0,1,0.24358095202893215,32
1994,2,4307,1513,2794,0,0,0,1.0,1,1.0,1,1.0,1,0.22682808426453102,31
1995,1,4308,1513,2795,0,0,0,1.0,1,1.0,1,1.0,1,0.25298067152828285,32
1996,3,4311,1513,2798,0,0,0,1.0,1,1.0,1,1.0,1,0.16270890998212986,32
1997,0,4311,1513,2798,0,0,0,1.0,1,1.0,1,1.0,1,0.19028276817263065,31
1998,0,4311,1513,2798,0,0,0,1.0,1,1.0,1,1.0,1,0.18255996454923915,32
1999,0,4311,1513,2798,0,0,0,1.0,1,1.0,1,1.0,1,0.19521636259881947,31
2000,0,4311,1513,2798,0,0,0,1.0,1,1.0,1,1.0,1,0.2071021573369067,30
2001,1,4312,1513,2799,0,0,0,1.0,1,1.0,1,1.0,1,0.18772666794004808,29
2002,2,4314,1513,2801,0,0,0,1.0,1,1.0,1,1.0,1,0.15871941321454328,31
2003,3,4317,1514,2803,0,0,0,1.0,1,1.0,1,1.0,1,0.10941778845248969,33
2004,3,4320,1515,2805,0,0,0,1.0,1,1.0,1,1.0,1,0.17100304245411074,34
2005,0,4320,1515,2805,0,0,0,1.0,1,1.0,1,1.0,1,0.1917805913560447,35
2006,3,4323,1517,2806,0,0,0,1.0,1,1.0,1,1.0,1,0.18958683719376043,36
2007,1,4324,1517,2807,0,0,0,1.0,1,1.0,1,1.0,1,0.1708822811142677,36
2008,3,4327,1520,2807,0,0,0,1.0,1,1.0,1,1.0,1,0.1919577413159946,36
2009,1,4328,1520,2808,0,0,0,1.0,1,1.0,1,1.0,1,0.18606340342313596,37
2010,3,4331,1521,2810,0,0,0,1.0,1,1.0,1,1.0,1,0.15796156941116515,37
2011,2,4333,1521,2812,0,0,0,1.0,1,1.0,1,1.0,1,0.10148647124856185,37
2012,0,4333,1521,2812,0,0,0,1.0,1,1.0,1,1.0,1,0.10148647124856185,37
2013,0,4333,1521,2812,0,0,0,1.0,1,1.0,1,1.0,1,0.12951432478871605,39
2014,0,4333,1521,2812,0,0,0,1.0,1,1.0,1,1.0,1,0.1584269388893436,39
2015,0,4333,1521,2812,0,0,0,1.0,1,1.0,1,1.0,1,0.1584269388893436,39
2016,1,4334,1521,2813,0,0,0,1.0,1,1.0,1,1.0,1,0.13297825158132176,41
2017,0,4334,1521,2813,0,0,0,1.0,1,1.0,1,1.0,1,0.13297825158132176,41
2018,6,4340,1523,2817,0,0,0,1.0,1,1.0,1,1.0,1,0.14073103990321933,42
2019,0,4340,1523,2817,0,0,0,1.0,1,1.0,1,1.0,1,0.12820719366954572,43
2020,3,4343,1526,2817,0,0,0,1.0,1,1.0,1,1.0,1,0.1746856122135268,43
2021,3,4346,1526,2820,0,0,0,1.0,1,1.0,1,1.0,1,0.12668814431728653,43
2022,1,4347,1527,2820,0,0,0,1.0,1,1.0,1,1.0,1,0.13889916240260952,44
2023,3,4350,1530,2820,0,0,0,1.0,1,1.0,1,1.0,1,0.19271797408237043,42
2024,0,4350,1530,2820,0,0,0,1.0,1,1.0,1,1.0,1,0.17228798403118795,41
2025,2,4352,1532,2820,0,0,0,1.0,1,1.0,1,1.0,1,0.20616411271033586,39
2026,4,4356,1533,2823,0,0,0,1.0,1,1.0,1,1.0,1,0.16656961312440127,39
2027,3,4359,1534,2825,0,0,0,1.0,1,1.0,1,1.0,1,0.18385960501551987,38
2028,3,4362,1536,2826,0,0,0,1.0,1,1.0,1,1.0,1,0.19342541705715446,37
2029,3,4365,1536,2829,0,0,0,1.0,1,1.0,1,1.0,1,0.15620381620767704,35
2030,1,4366,1537,2829,0,0,0,1.0,1,1.0,1,1.0,1,0.23354598694118034,32
2031,5,4371,1539,2832,0,0,0,1.0,1,1.0,1,1.0,1,0.2014385138379559,34
2032,3,4374,1539,2835,0,0,0,1.0,1,1.0,1,1.0,1,0.2085801017913293,35
2033,4,4378,1542,2836,0,0,0,1.0,1,1.0,1,1.0,1,0.22389877453938423,35
2034,2,4380,1542,2838,0,0,0,1.0,1,1.0,1,1.0,1,0.20354026165959502,35
2035,6,4386,1542,2844,0,0,0,1.0,1,1.0,1,1.0,1,0.18249577663669744,36
2036,1,4387,1542,2845,0,0,0,1.0,1,1.0,1,1.0,1,0.15541221632097627,35
2037,2,4389,1544,2845,0,0,0,1.0,1,1.0,1,1.0,1,0.23946810517755562,36
2038,1,4390,1544,2846,0,0,0,1.0,1,1.0,1,1.0,1,0.22831223943917328,38
2039,0,4390,1544,2846,0,0,0,1.0,1,1.0,1,1.0,1,0.21460363698864623,38
2040,0,4390,1544,2846,0,0,0,1.0,1,1.0,1,1.0,1,0.19925998149875465,37
2041,3,4393,1545,2848,0,0,0,1.0,1,1.0,1,1.0,1,0.20543118837087976,38
2042,1,4394,1545,2849,0,0,0,1.0,1,1.0,1,1.0,1,0.18166119430871142,38
2043,0,4394,1545,2849,0,0,0,1.0,1,1.0,1,1.0,1,0.18166119430871142,38
2044,1,4395,1545,2850,0,0,0,1.0,1,1.0,1,1.0,1,0.16990497630286033,39
2045,0,4395,1545,2850,0,0,0,1.0,1,1.0,1,1.0,1,0.1815668747578506,40
2046,3,4398,1545,2853,0,0,0,1.0,1,1.0,1,1.0,1,0.142001972096714,41
2047,1,4399,1546,2853,0,0,0,1.0,1,1.0,1,1.0,1,0.14366639204884568,41
2048,1,4400,1546,2854,0,0,0,1.0,1,1.0,1,1.0,1,0.1398127718453407,43
2049,3,4403,1548,2855,0,0,0,1.0,1,1.0,1,1.0,1,0.1318317945813116,43
2050,1,4404,1548,2856,0,0,0,1.0,1,1.0,1,1.0,1,0.1606470275328669,43
2051,5,4409,1548,2861,0,0,0,1.0,1,1.0,1,1.0,1,0.09119061299369507,43
2052,0,4409,1548,2861,0,0,0,1.0,1,1.0,1,1.0,1,0.10996247860776573,44
2053,1,4410,1549,2861,0,0,0,1.0,1,1.0,1,1.0,1,0.135046954336667,43
2054,1,4411,1550,2861,0,0,0,1.0,1,1.0,1,1.0,1,0.12126797821041371,44
2055,0,4411,1550,2861,0,0,0,1.0,1,1.0,1,1.0,1,0.12849128134157822,43
2056,2,4413,1550,2863,0,0,0,1.0,1,1.0,1,1.0,1,0.09657284542951743,44
2057,3,4416,1552,2864,0,0,0,1.0,1,1.0,1,1.0,1,0.10289144956285472,44
2058,1,4417,1553,2864,0,0,0,1.0,1,1.0,1,1.0,1,0.09559406633376853,44
2059,1,4418,1554,2864,0,0,0,1.0,1,1.0,1,1.0,1,0.11305922121090292,45
2060,0,4418,1554,2864,0,0,0,1.0,1,1.0,1,1.0,1,0.11976610398651626,46
2061,5,4423,1556,2867,0,0,0,1.0,1,1.0,1,1.0,1,0.10714990555977523,48
2062,3,4426,1559,2867,0,0,0,1.0,1,1.0,1,1.0,1,0.17072018062077438,48
2063,2,4428,1559,2869,0,0,0,1.0,1,1.0,1,1.0,1,0.12367737925113068,45
2064,4,4432,1561,2871,0,0,0,1.0,1,1.0,1,1.0,1,0.13805678940044763,44
2065,1,4433,1562,2871,0,0,0,1.0,1,1.0,1,1.0,1,0.12811644499175626,42
2066,4,4437,1566,2871,0,0,0,1.0,1,1.0,1,1.0,1,0.17254203365448584,42
2067,2,4439,1567,2872,0,0,0,1.0,1,1.0,1,1.0,1,0.15370141874237706,38
2068,0,4439,1567,2872,0,0,0,1.0,1,1.0,1,1.0,1,0.13885780764580383,37
2069,0,4439,1567,2872,0,0,0,1.0,1,1.0,1,1.0,1,0.1425374103997638,35
2070,2,4441,1569,2872,0,0,0,1.0,1,1.0,1,1.0,1,0.17935959980417335,35
2071,3,4444,1570,2874,0,0,0,1.0,1,1.0,1,1.0,1,0.17623009086405003,34
2072,3,4447,1572,2875,0,0,0,1.0,1,1.0,1,1.0,1,0.17662851808788974,35
2073,4,4451,1572,2879,0,0,0,1.0,1,1.0,1,1.0,1,0.06927903180744115,37
2074,0,4451,1572,2879,0,0,0,1.0,1,1.0,1,1.0,1,0.06199041798046052,36
2075,2,4453,1572,2881,0,0,0,1.0,1,1.0,1,1.0,1,0.0912927827146614,38
2076,0,4453,1572,2881,0,0,0,1.0,1,1.0,1,1.0,1,0.08682033768159082,37
2077,0,4453,1572,2881,0,0,0,1.0,1,1.0,1,1.0,1,0.08682033768159082,37
2078,0,4453,1572,2881,0,0,0,1.0,1,1.0,1,1.0,1,0.08682033768159082,37
2079,2,4455,1574,2881,0,0,0,1.0,1,1.0,1,1.0,1,0.10263620168624302,37
2080,1,4456,1575,2881,0,0,0,1.0,1,1.0,1,1.0,1,0.14009289902892127,36
2081,5,4461,1575,2886,0,0,0,1.0,1,1.0,1,1.0,1,0.07356760449620404,37
2082,1,4462,1576,2886,0,0,0,1.0,1,1.0,1,1.0,1,0.11468003364714997,38
2083,2,4464,1577,2887,0,0,0,1.0,1,1.0,1,1.0,1,0.1145744375175742,39
2084,2,4466,1578,2888,0,0,0,1.0,1,1.0,1,1.0,1,0.15361667425005218,41
2085,4,4470,1579,2891,0,0,0,1.0,1,1.0,1,1.0,1,0.15456941490777099,41
2086,2,4472,1579,2893,0,0,0,1.0,1,1.0,1,1.0,1,0.08787540182744757,44
2087,1,4473,1580,2893,0,0,0,1.0,1,1.0,1,1.0,1,0.07088937502172112,44
2088,2,4475,1580,2895,0,0,0,1.0,1,1.0,1,1.0,1,0.07607853790765134,45
2089,3,4478,1580,2898,0,0,0,1.0,1,1.0,1,1.0,1,0.06626231789645402,46
2090,2,4480,1580,2900,0,0,0,1.0,1,1.0,1,1.0,1,0.088032332772904,47
2091,2,4482,1581,2901,0,0,0,1.0,1,1.0,1,1.0,1,0.07500099599677443,48
2092,1,4483,1582,2901,0,0,0,1.0,1,1.0,1,1.0,1,0.06272992558587974,48
2093,0,4483,1582,2901,0,0,0,1.0,1,1.0,1,1.0,1,0.06272992558587974,48
2094,0,4483,1582,2901,0,0,0,1.0,1,1.0,1,1.0,1,0.08653639646149171,47
2095,2,4485,1583,2902,0,0,0,1.0,1,1.0,1,1.0,1,0.10311380417356424,49
2096,4,4489,1585,2904,0,0,0,1.0,1,1.0,1,1.0,1,0.09814215718733552,50
2097,0,4489,1585,2904,0,0,0,1.0,1,1.0,1,1.0,1,0.09814215718733552,50
2098,2,4491,1587,2904,0,0,0,1.0,1,1.0,1,1.0,1,0.14576299747114668,51
2099,3,4494,1588,2906,0,0,0,1.0,1,1.0,1,1.0,1,0.13379559424491125,50
2100,3,4497,1591,2906,0,0,0,1.0,1,1.0,1,1.0,1,0.1756285231258273,49
2101,7,4504,1592,2912,0,0,0,1.0,1,1.0,1,1.0,1,0.18619976998635746,48
2102,7,4511,1594,2917,0,0,0,1.0,1,1.0,1,1.0,1,0.23185113974900545,49
2103,6,4517,1595,2922,0,0,0,1.0,1,1.0,1,1.0,1,0.16655415645257435,44
2104,6,4523,1597,2926,0,0,0,1.0,1,1.0,1,1.0,1,0.2241441079610243,42
2105,4,4527,1599,2928,0,0,0,1.0,1,1.0,1,1.0,1,0.23292367380576526,40
2106,9,4536,1602,2934,0,0,0,1.0,1,1.0,1,1.0,1,0.23052471902226215,39
2107,4,4540,1604,2936,0,0,0,1.0,1,1.0,1,1.0,1,0.2257861369986859,37
2108,3,4543,1605,2938,0,0,0,1.0,1,1.0,1,1.0,1,0.23558255098717693,37
2109,2,4545,1606,2939,0,0,0,1.0,1,1.0,1,1.0,1,0.2697971284751553,36
2110,5,4550,1606,2944,0,0,0,1.0,1,1.0,1,1.0,1,0.2549691754337756,35
2111,4,4554,1606,2948,0,0,0,1.0,1,1.0,1,1.0,1,0.21160464642613594,35
2112,1,4555,1607,2948,0,0,0,1.0,1,1.0,1,1.0,1,0.19182366452965272,35
2113,0,4555,1607,2948,0,0,0,1.0,1,1.0,1,1.0,1,0.19241618509844258,35
2114,3,4558,1607,2951,0,0,0,1.0,1,1.0,1,1.0,1,0.18548211303377876,36
2115,1,4559,1607,2952,0,0,0,1.0,1,1.0,1,1.0,1,0.2047153035841771,37
2116,2,4561,1608,2953,0,0,0,1.0,1,1.0,1,1.0,1,0.15691956937900833,39
2117,1,4562,1608,2954,0,0,0,1.0,1,1.0,1,1.0,1,0.1293414453100878,39
2118,1,4563,1608,2955,0,0,0,1.0,1,1.0,1,1.0,1,0.1180818357013019,41
2119,1,4564,1608,2956,0,0,0,1.0,1,1.0,1,1.0,1,0.09362966177661522,42
2120,3,4567,1608,2959,0,0,0,1.0,1,1.0,1,1.0,1,0.0625171122443048,42
2121,0,4567,1608,2959,0,0,0,1.0,1,1.0,1,1.0,1,0.0625171122443048,42
2122,0,4567,1608,2959,0,0,0,1.0,1,1.0,1,1.0,1,0.0855458933931559,43
2123,2,4569,1610,2959,0,0,0,1.0,1,1.0,1,1.0,1,0.17033692747490406,42
2124,1,4570,1610,2960,0,0,0,1.0,1,1.0,1,1.0,1,0.15891907464384925,42
2125,0,4570,1610,2960,0,0,0,1.0,1,1.0,1,1.0,1,0.17647139796105218,41
2126,2,4572,1610,2962,0,0,0,1.0,1,1.0,1,1.0,1,0.12638539962129808,41
2127,1,4573,1610,2963,0,0,0,1.0,1,1.0,1,1.0,1,0.11170822964958403,41
2128,1,4574,1610,2964,0,0,0,1.0,1,1.0,1,1.0,1,0.09198546272791235,42
2129,1,4575,1610,2965,0,0,0,1.0,1,1.0,1,1.0,1,0.09942432581217461,43
2130,3,4578,1610,2968,0,0,0,1.0,1,1.0,1,1.0,1,0.11265966135590531,45
2131,1,4579,1610,2969,0,0,0,1.0,1,1.0,1,1.0,1,0.12134358103217666,44
2132,1,4580,1610,2970,0,0,0,1.0,1,1.0,1,1.0,1,0.102098351392135,44
2133,4,4584,1611,2973,0,0,0,1.0,1,1.0,1,1.0,1,0.12630825215272215,45
2134,2,4586,1612,2974,0,0,0,1.0,1,1.0,1,1.0,1,0.1345834378728411,45
2135,3,4589,1614,2975,0,0,0,1.0,1,1.0,1,1.0,1,0.1400606414529247,46
2136,3,4592,1614,2978,0,0,0,1.0,1,1.0,1,1.0,1,0.1222902178293557,47
2137,1,4593,1614,2979,0,0,0,1.0,1,1.0,1,1.0,1,0.13642432780204705,47
2138,1,4594,1615,2979,0,0,0,1.0,1,1.0,1,1.0,1,0.11092929070164705,45
2139,0,4594,1615,2979,0,0,0,1.0,1,1.0,1,1.0,1,0.11092929070164705,45
2140,0,4594,1615,2979,0,0,0,1.0,1,1.0,1,1.0,1,0.11690630211326163,44
2141,1,4595,1615,2980,0,0,0,1.0,1,1.0,1,1.0,1,0.09417438990248535,45
2142,3,4598,1618,2980,0,0,0,1.0,1,1.0,1,1.0,1,0.1644458617854168,46
2143,1,4599,1618,2981,0,0,0,1.0,1,1.0,1,1.0,1,0.11305509984124462,46
2144,6,4605,1621,2984,0,0,0,1.0,1,1.0,1,1.0,1,0.1799855451895832,48
2145,6,4611,1624,2987,0,0,0,1.0,1,1.0,1,1.0,1,0.21091954640848598,46
2146,7,4618,1624,2994,0,0,0,1.0,1,1.0,1,1.0,1,0.08137313555436872,45
2147,4,4622,1626,2996,0,0,0,1.0,1,1.0,1,1.0,1,0.12496892268029176,44
2148,5,4627,1629,2998,0,0,0,1.0,1,1.0,1,1.0,1,0.14825111978662467,44
2149,7,4634,1632,3002,0,0,0,1.0,1,1.0,1,1.0,1,0.1646768380087545,42
2150,5,4639,1635,3004,0,0,0,1.0,1,1.0,1,1.0,1,0.12392168383931004,40
2151,4,4643,1636,3007,0,0,0,1.0,1,1.0,1,1.0,1,0.11123223476579847,39
2152,2,4645,1637,3008,0,0,0,1.0,1,1.0,1,1.0,1,0.1297688196565674,40
2153,6,4651,1637,3014,0,0,0,1.0,1,1.0,1,1.0,1,0.1299389046360193,42
2154,6,4657,1638,3019,0,0,0,1.0,1,1.0,1,1.0,1,0.17219197812322468,42
2155,4,4661,1639,3022,0,0,0,1.0,1,1.0,1,1.0,1,0.1426577450339147,41
2156,1,4662,1639,3023,0,0,0,1.0,1,1.0,1,1.0,1,0.1350870358596899,40
2157,2,4664,1640,3024,0,0,0,1.0,1,1.0,1,1.0,1,0.1356159549197975,40
2158,0,4664,1640,3024,0,0,0,1.0,1,1.0,1,1.0,1,0.16722158243790425,38
2159,0,4664,1640,3024,0,0,0,1.0,1,1.0,1,1.0,1,0.16796325475861115,38
2160,0,4664,1640,3024,0,0,0,1.0,1,1.0,1,1.0,1,0.16796325475861115,38
2161,1,4665,1640,3025,0,0,0,1.0,1,1.0,1,1.0,1,0.16219040009672012,38
2162,3,4668,1642,3026,0,0,0,1.0,1,1.0,1,1.0,1,0.18256786048412363,38
2163,2,4670,1643,3027,0,0,0,1.0,1,1.0,1,1.0,1,0.15572097519046227,40
2164,1,4671,1644,3027,0,0,0,1.0,1,1.0,1,1.0,1,0.19175982179970374,41
2165,5,4676,1645,3031,0,0,0,1.0,1,1.0,1,1.0,1,0.18791496892627543,42
2166,4,4680,1645,3035,0,0,0,1.0,1,1.0,1,1.0,1,0.13033575273480927,42
2167,1,4681,1645,3036,0,0,0,1.0,1,1.0,1,1.0,1,0.1361975760940757,43
2168,2,4683,1645,3038,0,0,0,1.0,1,1.0,1,1.0,1,0.11309982632538701,43
2169,10,4693,1645,3048,0,0,0,1.0,1,1.0,1,1.0,1,0.1338290798713381,45
2170,3,4696,1645,3051,0,0,0,1.0,1,1.0,1,1.0,1,0.09915254361410787,46
2171,2,4698,1645,3053,0,0,0,1.0,1,1.0,1,1.0,1,0.09153277615227023,48
2172,3,4701,1645,3056,0,0,0,1.0,1,1.0,1,1.0,1,0.06474254593342607,49
2173,1,4702,1646,3056,0,0,0,1.0,1,1.0,1,1.0,1,0.07102656746532707,49
2174,2,4704,1646,3058,0,0,0,1.0,1,1.0,1,1.0,1,0.07102656746532707,49
2175,2,4706,1647,3059,0,0,0,1.0,1,1.0,1,1.0,1,0.07217758422119402,49
2176,2,4708,1649,3059,0,0,0,1.0,1,1.0,1,1.0,1,0.09677346268726099,51
2177,2,4710,1651,3059,0,0,0,1.0,1,1.0,1,1.0,1,0.1290448048217157,51
2178,0,4710,1651,3059,0,0,0,1.0,1,1.0,1,1.0,1,0.14393098791602327,50
2179,3,4713,1653,3060,0,0,0,1.0,1,1.0,1,1.0,1,0.19050255030893146,49
2180,3,4716,1655,3061,0,0,0,1.0,1,1.0,1,1.0,1,0.23244320015117062,47
2181,8,4724,1657,3067,0,0,0,1.0,1,1.0,1,1.0,1,0.17256924807100393,47
2182,4,4728,1658,3070,0,0,0,1.0,1,1.0,1,1.0,1,0.1642821915529809,45
2183,4,4732,1660,3072,0,0,0,1.0,1,1.0,1,1.0,1,0.1884924298281648,44
2184,6,4738,1662,3076,0,0,0,1.0,1,1.0,1,1.0,1,0.18001463046062907,43
2185,6,4744,1666,3078,0,0,0,1.0,1,1.0,1,1.0,1,0.2187824628267839,40
2186,3,4747,1668,3079,0,0,0,1.0,1,1.0,1,1.0,1,0.18840152755682532,38
2187,2,4749,1670,3079,0,0,0,1.0,1,1.0,1,1.0,1,0.17618901068939558,35
2188,6,4755,1674,3081,0,0,0,1.0,1,1.0,1,1.0,1,0.199246305967514,34
2189,1,4756,1675,3081,0,0,0,1.0,1,1.0,1,1.0,1,0.17283089081489314,31
2190,4,4760,1678,3082,0,0,0,1.0,1,1.0,1,1.0,1,0.22046958752295398,29
2191,3,4763,1679,3084,0,0,0,1.0,1,1.0,1,1.0,1,0.2217139059749213,28
2192,1,4764,1680,3084,0,0,0,1.0,1,1.0,1,1.0,1,0.24963112821623906,29
2193,1,4765,1681,3084,0,0,0,1.0,1,1.0,1,1.0,1,0.3199445823842234,28
2194,1,4766,1681,3085,0,0,0,1.0,1,1.0,1,1.0,1,0.2917476765729342,27
2195,2,4768,1682,3086,0,0,0,1.0,1,1.0,1,1.0,1,0.29950339174055157,27
2196,3,4771,1682,3089,0,0,0,1.0,1,1.0,1,1.0,1,0.2433596663091504,27
2197,0,4771,1682,3089,0,0,0,1.0,1,1.0,1,1.0,1,0.2433596663091504,27
2198,0,4771,1682,3089,0,0,0,1.0,1,1.0,1,1.0,1,0.21643782295597705,28
2199,1,4772,1682,3090,0,0,0,1.0,1,1.0,1,1.0,1,0.21750998321340312,29
2200,1,4773,1682,3091,0,0,0,1.0,1,1.0,1,1.0,1,0.21503600500740283,31
2201,2,4775,1682,3093,0,0,0,1.0,1,1.0,1,1.0,1,0.16557545589911818,32
2202,1,4776,1683,3093,0,0,0,1.0,1,1.0,1,1.0,1,0.19178799075800557,31
2203,0,4776,1683,3093,0,0,0,1.0,1,1.0,1,1.0,1,0.1777597737092308,32
2204,0,4776,1683,3093,0,0,0,1.0,1,1.0,1,1.0,1,0.1777597737092308,32
2205,2,4778,1684,3094,0,0,0,1.0,1,1.0,1,1.0,1,0.2106801741940131,33
2206,2,4780,1685,3095,0,0,0,1.0,1,1.0,1,1.0,1,0.17778954222900775,32
2207,2,4782,1685,3097,0,0,0,1.0,1,1.0,1,1.0,1,0.1714338433269882,33
2208,0,4782,1685,3097,0,0,0,1.0,1,1.0,1,1.0,1,0.1842379081385128,35
2209,3,4785,1686,3099,0,0,0,1.0,1,1.0,1,1.0,1,0.1751619304246853,36
2210,2,4787,1686,3101,0,0,0,1.0,1,1.0,1,1.0,1,0.22677020933006153,35
2211,2,4789,1686,3103,0,0,0,1.0,1,1.0,1,1.0,1,0.19872058799184852,36
2212,2,4791,1686,3105,0,0,0,1.0,1,1.0,1,1.0,1,0.1799000507718749,37
2213,1,4792,1687,3105,0,0,0,1.0,1,1.0,1,1.0,1,0.1782077033511518,37
2214,3,4795,1689,3106,0,0,0,1.0,1,1.0,1,1.0,1,0.19536704110753741,39
2215,5,4800,1691,3109,0,0,0,1.0,1,1.0,1,1.0,1,0.24209221751617668,36
2216,5,4805,1692,3113,0,0,0,1.0,1,1.0,1,1.0,1,0.1598235911013184,37
2217,1,4806,1693,3113,0,0,0,1.0,1,1.0,1,1.0,1,0.1727710459588895,35
2218,3,4809,1695,3114,0,0,0,1.0,1,1.0,1,1.0,1,0.11079966331960822,35
2219,0,4809,1695,3114,0,0,0,1.0,1,1.0,1,1.0,1,0.10306549928904964,33
2220,1,4810,1696,3114,0,0,0,1.0,1,1.0,1,1.0,1,0.14319492816564122,31
2221,2,4812,1696,3116,0,0,0,1.0,1,1.0,1,1.0,1,0.08792266268038008,31
2222,3,4815,1698,3117,0,0,0,1.0,1,1.0,1,1.0,1,0.14466644048607047,30
2223,1,4816,1699,3117,0,0,0,1.0,1,1.0,1,1.0,1,0.1806678088179721,28
2224,3,4819,1702,3117,0,0,0,1.0,1,1.0,1,1.0,1,0.27615142538921095,29
2225,6,4825,1704,3121,0,0,0,1.0,1,1.0,1,1.0,1,0.27984316616691907,28
2226,9,4834,1705,3129,0,0,0,1.0,1,1.0,1,1.0,1,0.1946060805364169,30
2227,2,4836,1705,3131,0,0,0,1.0,1,1.0,1,1.0,1,0.24908150710156182,28
2228,3,4839,1705,3134,0,0,0,1.0,1,1.0,1,1.0,1,0.28739799349377715,29
2229,2,4841,1706,3135,0,0,0,1.0,1,1.0,1,1.0,1,0.23869956717886803,28
2230,3,4844,1706,3138,0,0,0,1.0,1,1.0,1,1.0,1,0.26325285319477065,28
2231,4,4848,1706,3142,0,0,0,1.0,1,1.0,1,1.0,1,0.17403508619298894,27
2232,0,4848,1706,3142,0,0,0,1.0,1,1.0,1,1.0,1,0.17597870147927527,27
2233,2,4850,1708,3142,0,0,0,1.0,1,1.0,1,1.0,1,0.20483957354616159,28
2234,3,4853,1710,3143,0,0,0,1.0,1,1.0,1,1.0,1,0.19848661420558336,26
2235,0,4853,1710,3143,0,0,0,1.0,1,1.0,1,1.0,1,0.19848661420558336,26
2236,2,4855,1711,3144,0,0,0,1.0,1,1.0,1,1.0,1,0.1935802049028234,26
2237,0,4855,1711,3144,0,0,0,1.0,1,1.0,1,1.0,1,0.1935802049028234,26
2238,2,4857,1713,3144,0,0,0,1.0,1,1.0,1,1.0,1,0.21561751981775917,27
2239,0,4857,1713,3144,0,0,0,1.0,1,1.0,1,1.0,1,0.19975921991620552,28
2240,1,4858,1714,3144,0,0,0,1.0,1,1.0,1,1.0,1,0.2181405917732557,30
2241,6,4864,1716,3148,0,0,0,1.0,1,1.0,1,1.0,1,0.1570678400493455,29
2242,1,4865,1717,3148,0,0,0,1.0,1,1.0,1,1.0,1,0.14792836016933053,29
2243,0,4865,1717,3148,0,0,0,1.0,1,1.0,1,1.0,1,0.14792836016933053,29
2244,1,4866,1717,3149,0,0,0,1.0,1,1.0,1,1.0,1,0.12955583862023434,29
2245,2,4868,1718,3150,0,0,0,1.0,1,1.0,1,1.0,1,0.19439996856899436,30
2246,2,4870,1718,3152,0,0,0,1.0,1,1.0,1,1.0,1,0.14416933199190798,33
2247,0,4870,1718,3152,0,0,0,1.0,1,1.0,1,1.0,1,0.1209284095183661,34
2248,0,4870,1718,3152,0,0,0,1.0,1,1.0,1,1.0,1,0.1209284095183661,34
2249,1,4871,1718,3153,0,0,0,1.0,1,1.0,1,1.0,1,0.13271342645801548,35
2250,1,4872,1719,3153,0,0,0,1.0,1,1.0,1,1.0,1,0.16357605607925305,35
2251,2,4874,1719,3155,0,0,0,1.0,1,1.0,1,1.0,1,0.14059204158069186,36
2252,3,4877,1720,3157,0,0,0,1.0,1,1.0,1,1.0,1,0.15547672494585277,37
2253,1,4878,1720,3158,0,0,0,1.0,1,1.0,1,1.0,1,0.13819970095963177,35
2254,0,4878,1720,3158,0,0,0,1.0,1,1.0,1,1.0,1,0.19322197759825216,33
2255,3,4881,1721,3160,0,0,0,1.0,1,1.0,1,1.0,1,0.21532867890753732,35
2256,6,4887,1723,3164,0,0,0,1.0,1,1.0,1,1.0,1,0.1522703643980371,34
2257,6,4893,1726,3167,0,0,0,1.0,1,1.0,1,1.0,1,0.14217638012193212,36
2258,3,4896,1726,3170,0,0,0,1.0,1,1.0,1,1.0,1,0.18583350931356651,35
2259,2,4898,1727,3171,0,0,0,1.0,1,1.0,1,1.0,1,0.21656495401097203,35
2260,1,4899,1727,3172,0,0,0,1.0,1,1.0,1,1.0,1,0.2059869131878398,33
2261,3,4902,1727,3175,0,0,0,1.0,1,1.0,1,1.0,1,0.156970286622858,33
2262,2,4904,1729,3175,0,0,0,1.0,1,1.0,1,1.0,1,0.2851089461973461,32
2263,4,4908,1730,3178,0,0,0,1.0,1,1.0,1,1.0,1,0.21674309091277152,31
2264,2,4910,1731,3179,0,0,0,1.0,1,1.0,1,1.0,1,0.1725179365381884,30
2265,1,4911,1731,3180,0,0,0,1.0,1,1.0,1,1.0,1,0.06506790331899955,29
2266,5,4916,1734,3182,0,0,0,1.0,1,1.0,1,1.0,1,0.1424792483400146,30
2267,3,4919,1737,3182,0,0,0,1.0,1,1.0,1,1.0,1,0.22715473128686722,29
2268,2,4921,1737,3184,0,0,0,1.0,1,1.0,1,1.0,1,0.21512839585943172,30
2269,3,4924,1739,3185,0,0,0,1.0,1,1.0,1,1.0,1,0.26917480489782203,31
2270,5,4929,1740,3189,0,0,0,1.0,1,1.0,1,1.0,1,0.2659570781663277,31
2271,6,4935,1741,3194,0,0,0,1.0,1,1.0,1,1.0,1,0.1541125053401018,31
2272,2,4937,1742,3195,0,0,0,1.0,1,1.0,1,1.0,1,0.16993636851649102,31
2273,1,4938,1742,3196,0,0,0,1.0,1,1.0,1,1.0,1,0.15421238448804817,30
2274,0,4938,1742,3196,0,0,0,1.0,1,1.0,1,1.0,1,0.16147391382394033,31
2275,1,4939,1742,3197,0,0,0,1.0,1,1.0,1,1.0,1,0.15189120640763337,32
2276,2,4941,1744,3197,0,0,0,1.0,1,1.0,1,1.0,1,0.18819405134256087,31
2277,3,4944,1745,3199,0,0,0,1.0,1,1.0,1,1.0,1,0.14772078946278325,31
2278,1,4945,1746,3199,0,0,0,1.0,1,1.0,1,1.0,1,0.20396358014686025,32
2279,2,4947,1747,3200,0,0,0,1.0,1,1.0,1,1.0,1,0.15470334624921694,32
2280,1,4948,1747,3201,0,0,0,1.0,1,1.0,1,1.0,1,0.13630574894805997,33
2281,1,4949,1747,3202,0,0,0,1.0,1,1.0,1,1.0,1,0.13997337464232812,34
2282,0,4949,1747,3202,0,0,0,1.0,1,1.0,1,1.0,1,0.13997337464232812,34
2283,0,4949,1747,3202,0,0,0,1.0,1,1.0,1,1.0,1,0.13997337464232812,34
2284,1,4950,1748,3202,0,0,0,1.0,1,1.0,1,1.0,1,0.18025680234800573,34
2285,1,4951,1748,3203,0,0,0,1.0,1,1.0,1,1.0,1,0.13575845979457227,35
2286,1,4952,1748,3204,0,0,0,1.0,1,1.0,1,1.0,1,0.11970079427015583,34
2287,1,4953,1749,3204,0,0,0,1.0,1,1.0,1,1.0,1,0.10295772175361573,35
2288,0,4953,1749,3204,0,0,0,1.0,1,1.0,1,1.0,1,0.1473086837200769,35
2289,3,4956,1750,3206,0,0,0,1.0,1,1.0,1,1.0,1,0.13421956630901574,37
2290,0,4956,1750,3206,0,0,0,1.0,1,1.0,1,1.0,1,0.1968792606402764,37
2291,0,4956,1750,3206,0,0,0,1.0,1,1.0,1,1.0,1,0.19240876481489474,35
2292,1,4957,1751,3206,0,0,0,1.0,1,1.0,1,1.0,1,0.24482460006756773,35
2293,1,4958,1752,3206,0,0,0,1.0,1,1.0,1,1.0,1,0.23827952329297222,34
2294,4,4962,1752,3210,0,0,0,1.0,1,1.0,1,1.0,1,0.21867211210068216,33
2295,3,4965,1753,3212,0,0,0,1.0,1,1.0,1,1.0,1,0.21938714806234128,34
2296,1,4966,1753,3213,0,0,0,1.0,1,1.0,1,1.0,1,0.25842242631415746,33
2297,0,4966,1753,3213,0,0,0,1.0,1,1.0,1,1.0,1,0.2727251557358089,32
2298,4,4970,1753,3217,0,0,0,1.0,1,1.0,1,1.0,1,0.183359757911431,32
2299,0,4970,1753,3217,0,0,0,1.0,1,1.0,1,1.0,1,0.1882834029799958,33
2300,1,4971,1753,3218,0,0,0,1.0,1,1.0,1,1.0,1,0.16236913556055282,33
2301,1,4972,1753,3219,0,0,0,1.0,1,1.0,1,1.0,1,0.13924533839417327,33
2302,3,4975,1755,3220,0,0,0,1.0,1,1.0,1,1.0,1,0.22890012201577847,34
2303,4,4979,1758,3221,0,0,0,1.0,1,1.0,1,1.0,1,0.2608100562538364,34
2304,3,4982,1760,3222,0,0,0,1.0,1,1.0,1,1.0,1,0.2303389236017119,33
2305,2,4984,1761,3223,0,0,0,1.0,1,1.0,1,1.0,1,0.23404498907962612,33
2306,5,4989,1762,3227,0,0,0,1.0,1,1.0,1,1.0,1,0.1833444493009346,33
2307,0,4989,1762,3227,0,0,0,1.0,1,1.0,1,1.0,1,0.197221023959561,35
2308,2,4991,1763,3228,0,0,0,1.0,1,1.0,1,1.0,1,0.19026507441800106,34
2309,4,4995,1765,3230,0,0,0,1.0,1,1.0,1,1.0,1,0.17441233868572475,34
2310,1,4996,1765,3231,0,0,0,1.0,1,1.0,1,1.0,1,0.16728118495686106,34
2311,2,4998,1765,3233,0,0,0,1.0,1,1.0,1,1.0,1,0.1358828948479883,35
2312,1,4999,1766,3233,0,0,0,1.0,1,1.0,1,1.0,1,0.1567762149055103,34
2313,3,5002,1767,3235,0,0,0,1.0,1,1.0,1,1.0,1,0.12042332726844665,35
2314,2,5004,1768,3236,0,0,0,1.0,1,1.0,1,1.0,1,0.10778763225584528,35
2315,1,5005,1768,3237,0,0,0,1.0,1,1.0,1,1.0,1,0.11135958850909086,34
2316,4,5009,1770,3239,0,0,0,1.0,1,1.0,1,1.0,1,0.12007499935288299,35
2317,0,5009,1770,3239,0,0,0,1.0,1,1.0,1,1.0,1,0.13546637921835103,32
2318,1,5010,1771,3239,0,0,0,1.0,1,1.0,1,1.0,1,0.18144911725933785,32
2319,1,5011,1772,3239,0,0,0,1.0,1,1.0,1,1.0,1,0.2458514544124586,32
2320,2,5013,1772,3241,0,0,0,1.0,1,1.0,1,1.0,1,0.2212671382966925,32
2321,1,5014,1772,3242,0,0,0,1.0,1,1.0,1,1.0,1,0.2062005635177065,33
2322,0,5014,1772,3242,0,0,0,1.0,1,1.0,1,1.0,1,0.2062005635177065,33
2323,0,5014,1772,3242,0,0,0,1.0,1,1.0,1,1.0,1,0.2062005635177065,33
2324,1,5015,1773,3242,0,0,0,1.0,1,1.0,1,1.0,1,0.23422292342499243,34
2325,1,5016,1773,3243,0,0,0,1.0,1,1.0,1,1.0,1,0.22381559862901082,35
2326,4,5020,1774,3246,0,0,0,1.0,1,1.0,1,1.0,1,0.181388717790732,35
2327,1,5021,1774,3247,0,0,0,1.0,1,1.0,1,1.0,1,0.18975831666222698,36
2328,0,5021,1774,3247,0,0,0,1.0,1,1.0,1,1.0,1,0.1987693306471123,37
2329,0,5021,1774,3247,0,0,0,1.0,1,1.0,1,1.0,1,0.19157953391455887,37
2330,3,5024,1774,3250,0,0,0,1.0,1,1.0,1,1.0,1,0.1586474936979017,38
2331,1,5025,1774,3251,0,0,0,1.0,1,1.0,1,1.0,1,0.14869163973697072,40
2332,0,5025,1774,3251,0,0,0,1.0,1,1.0,1,1.0,1,0.14869163973697072,40
2333,0,5025,1774,3251,0,0,0,1.0,1,1.0,1,1.0,1,0.14393547021925637,41
2334,0,5025,1774,3251,0,0,0,1.0,1,1.0,1,1.0,1,0.14393547021925637,41
2335,0,5025,1774,3251,0,0,0,1.0,1,1.0,1,1.0,1,0.14393547021925637,41
2336,2,5027,1774,3253,0,0,0,1.0,1,1.0,1,1.0,1,0.1247011990600562,41
2337,0,5027,1774,3253,0,0,0,1.0,1,1.0,1,1.0,1,0.13605158586986651,42
2338,0,5027,1774,3253,0,0,0,1.0,1,1.0,1,1.0,1,0.15558416567917932,43
2339,0,5027,1774,3253,0,0,0,1.0,1,1.0,1,1.0,1,0.15558416567917932,43
2340,1,5028,1774,3254,0,0,0,1.0,1,1.0,1,1.0,1,0.15832316090099485,45
2341,4,5032,1774,3258,0,0,0,1.0,1,1.0,1,1.0,1,0.09856860970561612,45
2342,2,5034,1775,3259,0,0,0,1.0,1,1.0,1,1.0,1,0.13439027089495992,46
2343,2,5036,1776,3260,0,0,0,1.0,1,1.0,1,1.0,1,0.12615587780633283,45
2344,4,5040,1778,3262,0,0,0,1.0,1,1.0,1,1.0,1,0.11176011533290868,44
2345,1,5041,1778,3263,0,0,0,1.0,1,1.0,1,1.0,1,0.0815969776476378,44
2346,1,5042,1779,3263,0,0,0,1.0,1,1.0,1,1.0,1,0.1064434608502253,44
2347,0,5042,1779,3263,0,0,0,1.0,1,1.0,1,1.0,1,0.0982174820172738,44
2348,2,5044,1779,3265,0,0,0,1.0,1,1.0,1,1.0,1,0.09084992835654855,45
2349,2,5046,1780,3266,0,0,0,1.0,1,1.0,1,1.0,1,0.1121668143294851,46
2350,1,5047,1781,3266,0,0,0,1.0,1,1.0,1,1.0,1,0.14127289335575405,47
2351,3,5050,1781,3269,0,0,0,1.0,1,1.0,1,1.0,1,0.10042273613292074,47
2352,2,5052,1782,3270,0,0,0,1.0,1,1.0,1,1.0,1,0.11237033328859791,47
2353,1,5053,1782,3271,0,0,0,1.0,1,1.0,1,1.0,1,0.10994729117285254,46
2354,5,5058,1784,3274,0,0,0,1.0,1,1.0,1,1.0,1,0.08538010318186566,47
2355,0,5058,1784,3274,0,0,0,1.0,1,1.0,1,1.0,1,0.08538010318186566,47
2356,2,5060,1785,3275,0,0,0,1.0,1,1.0,1,1.0,1,0.08133320846036791,47
2357,2,5062,1787,3275,0,0,0,1.0,1,1.0,1,1.0,1,0.08641337829709476,47
2358,0,5062,1787,3275,0,0,0,1.0,1,1.0,1,1.0,1,0.07879077867972846,48
2359,2,5064,1788,3276,0,0,0,1.0,1,1.0,1,1.0,1,0.11893549677607283,49
2360,1,5065,1788,3277,0,0,0,1.0,1,1.0,1,1.0,1,0.0784834595371083,49
2361,0,5065,1788,3277,0,0,0,1.0,1,1.0,1,1.0,1,0.09662976458180227,50
2362,1,5066,1788,3278,0,0,0,1.0,1,1.0,1,1.0,1,0.08645238947073361,51
2363,0,5066,1788,3278,0,0,0,1.0,1,1.0,1,1.0,1,0.08645238947073361,51
2364,0,5066,1788,3278,0,0,0,1.0,1,1.0,1,1.0,1,0.09684436441227118,52
2365,2,5068,1790,3278,0,0,0,1.0,1,1.0,1,1.0,1,0.1282257560364468,53
2366,7,5075,1792,3283,0,0,0,1.0,1,1.0,1,1.0,1,0.11734556883130935,54
2367,5,5080,1795,3285,0,0,0,1.0,1,1.0,1,1.0,1,0.09223836967926104,52
2368,5,5085,1798,3287,0,0,0,1.0,1,1.0,1,1.0,1,0.10397201247350099,51
2369,3,5088,1800,3288,0,0,0,1.0,1,1.0,1,1.0,1,0.1395695511353397,51
2370,5,5093,1803,3290,0,0,0,1.0,1,1.0,1,1.0,1,0.1422443185733736,52
2371,8,5101,1805,3296,0,0,0,1.0,1,1.0,1,1.0,1,0.0466194373487362,52
2372,4,5105,1807,3298,0,0,0,1.0,1,1.0,1,1.0,1,0.06288836276045819,49
2373,2,5107,1809,3298,0,0,0,1.0,1,1.0,1,1.0,1,0.1200897741575314,47
2374,1,5108,1809,3299,0,0,0,1.0,1,1.0,1,1.0,1,0.08015116457948393,45
2375,2,5110,1809,3301,0,0,0,1.0,1,1.0,1,1.0,1,0.07663792006827391,45
2376,1,5111,1809,3302,0,0,0,1.0,1,1.0,1,1.0,1,0.0893497781951671,43
2377,1,5112,1810,3302,0,0,0,1.0,1,1.0,1,1.0,1,0.12723566946540998,44
2378,0,5112,1810,3302,0,0,0,1.0,1,1.0,1,1.0,1,0.12004712503681464,43
2379,0,5112,1810,3302,0,0,0,1.0,1,1.0,1,1.0,1,0.12004712503681464,43
2380,2,5114,1811,3303,0,0,0,1.0,1,1.0,1,1.0,1,0.12057688041037393,43
2381,4,5118,1814,3304,0,0,0,1.0,1,1.0,1,1.0,1,0.11265068729931509,44
2382,1,5119,1814,3305,0,0,0,1.0,1,1.0,1,1.0,1,0.10060501238332878,44
2383,3,5122,1816,3306,0,0,0,1.0,1,1.0,1,1.0,1,0.09907617573748459,45
2384,6,5128,1818,3310,0,0,0,1.0,1,1.0,1,1.0,1,0.1115732330475111,45
2385,2,5130,1818,3312,0,0,0,1.0,1,1.0,1,1.0,1,0.1269261307804212,45
2386,5,5135,1821,3314,0,0,0,1.0,1,1.0,1,1.0,1,0.1448555304902597,46
2387,4,5139,1824,3315,0,0,0,1.0,1,1.0,1,1.0,1,0.10345849982468734,44
2388,2,5141,1826,3315,0,0,0,1.0,1,1.0,1,1.0,1,0.1448542556761189,44
2389,2,5143,1826,3317,0,0,0,1.0,1,1.0,1,1.0,1,0.07968889808902672,43
2390,4,5147,1828,3319,0,0,0,1.0,1,1.0,1,1.0,1,0.0626346057749882,44
2391,2,5149,1830,3319,0,0,0,1.0,1,1.0,1,1.0,1,0.09970384182975486,43
2392,4,5153,1832,3321,0,0,0,1.0,1,1.0,1,1.0,1,0.10146138993388576,44
2393,0,5153,1832,3321,0,0,0,1.0,1,1.0,1,1.0,1,0.10914857055276281,45
2394,2,5155,1833,3322,0,0,0,1.0,1,1.0,1,1.0,1,0.11304011606765878,44
2395,0,5155,1833,3322,0,0,0,1.0,1,1.0,1,1.0,1,0.1136383974307631,44
2396,4,5159,1835,3324,0,0,0,1.0,1,1.0,1,1.0,1,0.11982577269890445,45
2397,1,5160,1835,3325,0,0,0,1.0,1,1.0,1,1.0,1,0.11177821873393003,44
2398,1,5161,1836,3325,0,0,0,1.0,1,1.0,1,1.0,1,0.1418400663434479,44
2399,0,5161,1836,3325,0,0,0,1.0,1,1.0,1,1.0,1,0.16054106083916284,45
2400,1,5162,1836,3326,0,0,0,1.0,1,1.0,1,1.0,1,0.11175091315747061,45
2401,1,5163,1836,3327,0,0,0,1.0,1,1.0,1,1.0,1,0.10606144122384753,46
2402,2,5165,1836,3329,0,0,0,1.0,1,1.0,1,1.0,1,0.10449267447719827,47
2403,3,5168,1837,3331,0,0,0,1.0,1,1.0,1,1.0,1,0.13013167498325437,48
2404,2,5170,1839,3331,0,0,0,1.0,1,1.0,1,1.0,1,0.09321698779529777,47
2405,0,5170,1839,3331,0,0,0,1.0,1,1.0,1,1.0,1,0.10617311395396824,45
2406,2,5172,1840,3332,0,0,0,1.0,1,1.0,1,1.0,1,0.10959489566655116,45
2407,2,5174,1841,3333,0,0,0,1.0,1,1.0,1,1.0,1,0.12127917230775617,42
2408,0,5174,1841,3333,0,0,0,1.0,1,1.0,1,1.0,1,0.12189045914029957,41
2409,0,5174,1841,3333,0,0,0,1.0,1,1.0,1,1.0,1,0.15133825752561603,41
2410,2,5176,1841,3335,0,0,0,1.0,1,1.0,1,1.0,1,0.18533830439557328,40
2411,5,5181,1842,3339,0,0,0,1.0,1,1.0,1,1.0,1,0.17600892532377366,40
2412,0,5181,1842,3339,0,0,0,1.0,1,1.0,1,1.0,1,0.21459539150053414,38
2413,7,5188,1847,3341,0,0,0,1.0,1,1.0,1,1.0,1,0.21172662019771016,38
2414,2,5190,1848,3342,0,0,0,1.0,1,1.0,1,1.0,1,0.188586953156578,36
2415,0,5190,1848,3342,0,0,0,1.0,1,1.0,1,1.0,1,0.21761697752305287,36
2416,7,5197,1849,3348,0,0,0,1.0,1,1.0,1,1.0,1,0.18432505644238104,35
2417,2,5199,1849,3350,0,0,0,1.0,1,1.0,1,1.0,1,0.1893589273042202,33
2418,0,5199,1849,3350,0,0,0,1.0,1,1.0,1,1.0,1,0.1893589273042202,33
2419,3,5202,1850,3352,0,0,0,1.0,1,1.0,1,1.0,1,0.21003284062363559,33
2420,4,5206,1851,3355,0,0,0,1.0,1,1.0,1,1.0,1,0.2189760540196806,34
2421,5,5211,1852,3359,0,0,0,1.0,1,1.0,1,1.0,1,0.17390097389550005,34
2422,3,5214,1855,3359,0,0,0,1.0,1,1.0,1,1.0,1,0.22409620754154064,35
2423,1,5215,1855,3360,0,0,0,1.0,1,1.0,1,1.0,1,0.20051344191641055,36
2424,2,5217,1856,3361,0,0,0,1.0,1,1.0,1,1.0,1,0.18869593471298426,35
2425,3,5220,1858,3362,0,0,0,1.0,1,1.0,1,1.0,1,0.16059627624765285,33
2426,4,5224,1861,3363,0,0,0,1.0,1,1.0,1,1.0,1,0.15323273994490652,34
2427,1,5225,1861,3364,0,0,0,1.0,1,1.0,1,1.0,1,0.1449505277426721,34
2428,1,5226,1862,3364,0,0,0,1.0,1,1.0,1,1.0,1,0.19515670006756608,34
2429,1,5227,1862,3365,0,0,0,1.0,1,1.0,1,1.0,1,0.18731987657549187,34
2430,2,5229,1862,3367,0,0,0,1.0,1,1.0,1,1.0,1,0.1756342647532405,33
2431,1,5230,1863,3367,0,0,0,1.0,1,1.0,1,1.0,1,0.1618618293541222,33
2432,0,5230,1863,3367,0,0,0,1.0,1,1.0,1,1.0,1,0.19685394991972308,33
2433,3,5233,1864,3369,0,0,0,1.0,1,1.0,1,1.0,1,0.1392593682165232,34
2434,2,5235,1864,3371,0,0,0,1.0,1,1.0,1,1.0,1,0.13999402500592084,34
2435,1,5236,1865,3371,0,0,0,1.0,1,1.0,1,1.0,1,0.1295478543071561,34
2436,1,5237,1866,3371,0,0,0,1.0,1,1.0,1,1.0,1,0.1528261490984676,33
2437,1,5238,1866,3372,0,0,0,1.0,1,1.0,1,1.0,1,0.13175621655870254,33
2438,0,5238,1866,3372,0,0,0,1.0,1,1.0,1,1.0,1,0.12231288581609763,34
2439,1,5239,1866,3373,0,0,0,1.0,1,1.0,1,1.0,1,0.12219986957911112,35
2440,0,5239,1866,3373,0,0,0,1.0,1,1.0,1,1.0,1,0.12219986957911112,35
2441,2,5241,1868,3373,0,0,0,1.0,1,1.0,1,1.0,1,0.15987138582815597,35
2442,1,5242,1868,3374,0,0,0,1.0,1,1.0,1,1.0,1,0.13336902440535456,35
2443,4,5246,1870,3376,0,0,0,1.0,1,1.0,1,1.0,1,0.18546922709905644,35
2444,2,5248,1872,3376,0,0,0,1.0,1,1.0,1,1.0,1,0.24371751806651493,34
2445,5,5253,1874,3379,0,0,0,1.0,1,1.0,1,1.0,1,0.25572613730829613,33
2446,5,5258,1875,3383,0,0,0,1.0,1,1.0,1,1.0,1,0.20157539517101533,30
2447,3,5261,1876,3385,0,0,0,1.0,1,1.0,1,1.0,1,0.1519211204527542,29
2448,2,5263,1878,3385,0,0,0,1.0,1,1.0,1,1.0,1,0.2041387637031453,27
2449,3,5266,1878,3388,0,0,0,1.0,1,1.0,1,1.0,1,0.16305732443521614,26
2450,2,5268,1879,3389,0,0,0,1.0,1,1.0,1,1.0,1,0.19248120655876452,28
2451,3,5271,1879,3392,0,0,0,1.0,1,1.0,1,1.0,1,0.11302415007819006,28
2452,0,5271,1879,3392,0,0,0,1.0,1,1.0,1,1.0,1,0.13148233059170503,29
2453,1,5272,1880,3392,0,0,0,1.0,1,1.0,1,1.0,1,0.16643400859253316,30
2454,3,5275,1880,3395,0,0,0,1.0,1,1.0,1,1.0,1,0.15095488441234314,32
2455,2,5277,1880,3397,0,0,0,1.0,1,1.0,1,1.0,1,0.2083706491134729,33
2456,3,5280,1880,3400,0,0,0,1.0,1,1.0,1,1.0,1,0.14985331405666077,34
2457,0,5280,1880,3400,0,0,0,1.0,1,1.0,1,1.0,1,0.14985331405666077,34
2458,4,5284,1881,3403,0,0,0,1.0,1,1.0,1,1.0,1,0.13214709261581517,36
2459,2,5286,1881,3405,0,0,0,1.0,1,1.0,1,1.0,1,0.10291512774001335,36
2460,0,5286,1881,3405,0,0,0,1.0,1,1.0,1,1.0,1,0.11121459488825,37
2461,2,5288,1882,3406,0,0,0,1.0,1,1.0,1,1.0,1,0.1033022931384635,37
2462,3,5291,1884,3407,0,0,0,1.0,1,1.0,1,1.0,1,0.14733732007160427,38
2463,2,5293,1885,3408,0,0,0,1.0,1,1.0,1,1.0,1,0.11817108738303375,38
2464,1,5294,1886,3408,0,0,0,1.0,1,1.0,1,1.0,1,0.1557572636403583,37
2465,2,5296,1887,3409,0,0,0,1.0,1,1.0,1,1.0,1,0.1248538408582955,36
2466,4,5300,1890,3410,0,0,0,1.0,1,1.0,1,1.0,1,0.19333536405743276,36
2467,1,5301,1890,3411,0,0,0,1.0,1,1.0,1,1.0,1,0.15846195007534475,34
2468,3,5304,1892,3412,0,0,0,1.0,1,1.0,1,1.0,1,0.242030745774938,33
2469,1,5305,1893,3412,0,0,0,1.0,1,1.0,1,1.0,1,0.22387151789397733,32
2470,2,5307,1895,3412,0,0,0,1.0,1,1.0,1,1.0,1,0.29942780082845055,33
2471,5,5312,1895,3417,0,0,0,1.0,1,1.0,1,1.0,1,0.19685115010903606,31
2472,3,5315,1895,3420,0,0,0,1.0,1,1.0,1,1.0,1,0.1527820047037354,32
2473,2,5317,1895,3422,0,0,0,1.0,1,1.0,1,1.0,1,0.15519810186089766,31
2474,5,5322,1896,3426,0,0,0,1.0,1,1.0,1,1.0,1,0.2209825932490343,33
2475,3,5325,1896,3429,0,0,0,1.0,1,1.0,1,1.0,1,0.22656041303453298,33
2476,1,5326,1896,3430,0,0,0,1.0,1,1.0,1,1.0,1,0.20224833768423497,33
2477,2,5328,1896,3432,0,0,0,1.0,1,1.0,1,1.0,1,0.17752936239388312,33
2478,1,5329,1896,3433,0,0,0,1.0,1,1.0,1,1.0,1,0.15342541067721122,33
2479,4,5333,1898,3435,0,0,0,1.0,1,1.0,1,1.0,1,0.19900010937057588,33
2480,3,5336,1898,3438,0,0,0,1.0,1,1.0,1,1.0,1,0.18737525372965505,34
2481,5,5341,1901,3440,0,0,0,1.0,1,1.0,1,1.0,1,0.12360930100954429,33
2482,4,5345,1902,3443,0,0,0,1.0,1,1.0,1,1.0,1,0.1400411220732638,34
2483,3,5348,1903,3445,0,0,0,1.0,1,1.0,1,1.0,1,0.2256332180470683,33
2484,3,5351,1903,3448,0,0,0,1.0,1,1.0,1,1.0,1,0.22524898120455644,32
2485,3,5354,1904,3450,0,0,0,1.0,1,1.0,1,1.0,1,0.261894742722314,31
2486,4,5358,1904,3454,0,0,0,1.0,1,1.0,1,1.0,1,0.17775019565243863,29
2487,1,5359,1904,3455,0,0,0,1.0,1,1.0,1,1.0,1,0.14411828862046344,29
2488,2,5361,1906,3455,0,0,0,1.0,1,1.0,1,1.0,1,0.25004127389983427,30
2489,5,5366,1907,3459,0,0,0,1.0,1,1.0,1,1.0,1,0.2452859702356792,29
2490,3,5369,1908,3461,0,0,0,1.0,1,1.0,1,1.0,1,0.24345740227513712,30
2491,2,5371,1908,3463,0,0,0,1.0,1,1.0,1,1.0,1,0.17160377084602196,30
2492,0,5371,1908,3463,0,0,0,1.0,1,1.0,1,1.0,1,0.2013340547868005,29
2493,1,5372,1908,3464,0,0,0,1.0,1,1.0,1,1.0,1,0.1838210135776802,29
2494,0,5372,1908,3464,0,0,0,1.0,1,1.0,1,1.0,1,0.22813293826442788,28
2495,2,5374,1909,3465,0,0,0,1.0,1,1.0,1,1.0,1,0.2330107932948743,29
2496,2,5376,1909,3467,0,0,0,1.0,1,1.0,1,1.0,1,0.1973810223865516,28
2497,0,5376,1909,3467,0,0,0,1.0,1,1.0,1,1.0,1,0.21490060078384338,28
2498,2,5378,1909,3469,0,0,0,1.0,1,1.0,1,1.0,1,0.18632969353322396,29
2499,1,5379,1910,3469,0,0,0,1.0,1,1.0,1,1.0,1,0.2024640789846036,30
2500,2,5381,1910,3471,0,0,0,1.0,1,1.0,1,1.0,1,0.19682871477565944,29
2501,6,5387,1911,3476,0,0,0,1.0,1,1.0,1,1.0,1,0.12051596154795742,33
2502,5,5392,1913,3479,0,0,0,1.0,1,1.0,1,1.0,1,0.1303606177380708,33
2503,4,5396,1914,3482,0,0,0,1.0,1,1.0,1,1.0,1,0.1520063517514976,31
2504,5,5401,1917,3484,0,0,0,1.0,1,1.0,1,1.0,1,0.22756010735107327,31
2505,4,5405,1918,3487,0,0,0,1.0,1,1.0,1,1.0,1,0.23603519395502492,32
2506,7,5412,1921,3491,0,0,0,1.0,1,1.0,1,1.0,1,0.22489626187841935,31
2507,1,5413,1921,3492,0,0,0,1.0,1,1.0,1,1.0,1,0.1717905725143855,29
2508,5,5418,1924,3494,0,0,0,1.0,1,1.0,1,1.0,1,0.1958313220399765,31
2509,1,5419,1924,3495,0,0,0,1.0,1,1.0,1,1.0,1,0.20835450521349616,30
2510,1,5420,1924,3496,0,0,0,1.0,1,1.0,1,1.0,1,0.207329022693168,31
2511,4,5424,1925,3499,0,0,0,1.0,1,1.0,1,1.0,1,0.09808144619309707,32
2512,3,5427,1927,3500,0,0,0,1.0,1,1.0,1,1.0,1,0.14379328173477313,32
2513,3,5430,1928,3502,0,0,0,1.0,1,1.0,1,1.0,1,0.13019404605446275,34
2514,2,5432,1929,3503,0,0,0,1.0,1,1.0,1,1.0,1,0.14559794104067225,35
2515,4,5436,1930,3506,0,0,0,1.0,1,1.0,1,1.0,1,0.13531518104077275,35
2516,2,5438,1930,3508,0,0,0,1.0,1,1.0,1,1.0,1,0.13273161412184556,34
2517,1,5439,1931,3508,0,0,0,1.0,1,1.0,1,1.0,1,0.1316472569287896,34
2518,2,5441,1933,3508,0,0,0,1.0,1,1.0,1,1.0,1,0.21862822000696927,33
2519,0,5441,1933,3508,0,0,0,1.0,1,1.0,1,1.0,1,0.18755525880725263,32
2520,3,5444,1935,3509,0,0,0,1.0,1,1.0,1,1.0,1,0.24307048086310823,31
2521,2,5446,1936,3510,0,0,0,1.0,1,1.0,1,1.0,1,0.20412078178764723,31
2522,0,5446,1936,3510,0,0,0,1.0,1,1.0,1,1.0,1,0.26209835264326165,30
2523,4,5450,1937,3513,0,0,0,1.0,1,1.0,1,1.0,1,0.19727599619888517,30
2524,2,5452,1937,3515,0,0,0,1.0,1,1.0,1,1.0,1,0.1718847016199163,29
2525,0,5452,1937,3515,0,0,0,1.0,1,1.0,1,1.0,1,0.1718847016199163,29
2526,1,5453,1937,3516,0,0,0,1.0,1,1.0,1,1.0,1,0.1968222564846594,27
2527,0,5453,1937,3516,0,0,0,1.0,1,1.0,1,1.0,1,0.19175666522613033,28
2528,0,5453,1937,3516,0,0,0,1.0,1,1.0,1,1.0,1,0.19175666522613033,28
2529,0,5453,1937,3516,0,0,0,1.0,1,1.0,1,1.0,1,0.19175666522613033,28
2530,0,5453,1937,3516,0,0,0,1.0,1,1.0,1,1.0,1,0.18343613592719232,29
2531,1,5454,1937,3517,0,0,0,1.0,1,1.0,1,1.0,1,0.1431971453574592,30
2532,0,5454,1937,3517,0,0,0,1.0,1,1.0,1,1.0,1,0.1542073888607068,31
2533,0,5454,1937,3517,0,0,0,1.0,1,1.0,1,1.0,1,0.1542073888607068,31
2534,0,5454,1937,3517,0,0,0,1.0,1,1.0,1,1.0,1,0.1542073888607068,31
2535,1,5455,1938,3517,0,0,0,1.0,1,1.0,1,1.0,1,0.21040812195018813,31
2536,2,5457,1938,3519,0,0,0,1.0,1,1.0,1,1.0,1,0.19263894460341205,32
2537,3,5460,1940,3520,0,0,0,1.0,1,1.0,1,1.0,1,0.2033988282465242,33
2538,1,5461,1940,3521,0,0,0,1.0,1,1.0,1,1.0,1,0.19182680823930523,35
2539,4,5465,1941,3524,0,0,0,1.0,1,1.0,1,1.0,1,0.20534349229224885,37
2540,3,5468,1943,3525,0,0,0,1.0,1,1.0,1,1.0,1,0.2362387001423871,38
2541,5,5473,1944,3529,0,0,0,1.0,1,1.0,1,1.0,1,0.18786402939620483,39
2542,1,5474,1945,3529,0,0,0,1.0,1,1.0,1,1.0,1,0.2136145674111136,38
2543,4,5478,1949,3529,0,0,0,1.0,1,1.0,1,1.0,1,0.22977310259172384,41
2544,1,5479,1950,3529,0,0,0,1.0,1,1.0,1,1.0,1,0.19916319997106058,39
2545,6,5485,1953,3532,0,0,0,1.0,1,1.0,1,1.0,1,0.1940598267416322,40
2546,1,5486,1953,3533,0,0,0,1.0,1,1.0,1,1.0,1,0.1454150781619273,38
2547,10,5496,1958,3538,0,0,0,1.0,1,1.0,1,1.0,1,0.12655531629354788,38
2548,3,5499,1958,3541,0,0,0,1.0,1,1.0,1,1.0,1,0.10695520456254792,35
2549,2,5501,1960,3541,0,0,0,1.0,1,1.0,1,1.0,1,0.17761927601058605,35
2550,1,5502,1961,3541,0,0,0,1.0,1,1.0,1,1.0,1,0.18709112857889268,33
2551,4,5506,1961,3545,0,0,0,1.0,1,1.0,1,1.0,1,0.0877962428576492,31
2552,0,5506,1961,3545,0,0,0,1.0,1,1.0,1,1.0,1,0.1339269823928472,30
2553,1,5507,1961,3546,0,0,0,1.0,1,1.0,1,1.0,1,0.13796783225465895,30
2554,0,5507,1961,3546,0,0,0,1.0,1,1.0,1,1.0,1,0.13822229012734222,32
2555,0,5507,1961,3546,0,0,0,1.0,1,1.0,1,1.0,1,0.17296670631915906,32
2556,3,5510,1963,3547,0,0,0,1.0,1,1.0,1,1.0,1,0.1275258971452261,32
2557,0,5510,1963,3547,0,0,0,1.0,1,1.0,1,1.0,1,0.18203846619199285,30
2558,1,5511,1963,3548,0,0,0,1.0,1,1.0,1,1.0,1,0.16280630246578248,31
2559,0,5511,1963,3548,0,0,0,1.0,1,1.0,1,1.0,1,0.16328636196178137,30
2560,0,5511,1963,3548,0,0,0,1.0,1,1.0,1,1.0,1,0.16328636196178137,30
2561,0,5511,1963,3548,0,0,0,1.0,1,1.0,1,1.0,1,0.16328636196178137,30
2562,2,5513,1963,3550,0,0,0,1.0,1,1.0,1,1.0,1,0.12992352376205532,33
2563,0,5513,1963,3550,0,0,0,1.0,1,1.0,1,1.0,1,0.12992352376205532,33
2564,1,5514,1963,3551,0,0,0,1.0,1,1.0,1,1.0,1,0.12911061379161987,33
2565,0,5514,1963,3551,0,0,0,1.0,1,1.0,1,1.0,1,0.12911061379161987,33
2566,1,5515,1963,3552,0,0,0,1.0,1,1.0,1,1.0,1,0.12884424274306003,35
2567,2,5517,1965,3552,0,0,0,1.0,1,1.0,1,1.0,1,0.1125977410641091,36
2568,1,5518,1966,3552,0,0,0,1.0,1,1.0,1,1.0,1,0.1433979511204783,37
2569,2,5520,1966,3554,0,0,0,1.0,1,1.0,1,1.0,1,0.13098322183842745,37
2570,0,5520,1966,3554,0,0,0,1.0,1,1.0,1,1.0,1,0.15453807220019206,37
2571,0,5520,1966,3554,0,0,0,1.0,1,1.0,1,1.0,1,0.15453807220019206,37
2572,0,5520,1966,3554,0,0,0,1.0,1,1.0,1,1.0,1,0.14890146801131682,39
2573,1,5521,1966,3555,0,0,0,1.0,1,1.0,1,1.0,1,0.10726424500583373,39
2574,0,5521,1966,3555,0,0,0,1.0,1,1.0,1,1.0,1,0.12735574356175638,38
2575,0,5521,1966,3555,0,0,0,1.0,1,1.0,1,1.0,1,0.12735574356175638,38
2576,0,5521,1966,3555,0,0,0,1.0,1,1.0,1,1.0,1,0.14183387065597464,37
2577,1,5522,1966,3556,0,0,0,1.0,1,1.0,1,1.0,1,0.12622141397787753,39
2578,7,5529,1968,3561,0,0,0,1.0,1,1.0,1,1.0,1,0.1538168868604648,40
2579,2,5531,1968,3563,0,0,0,1.0,1,1.0,1,1.0,1,0.13799670323933202,41
2580,0,5531,1968,3563,0,0,0,1.0,1,1.0,1,1.0,1,0.14843112006653472,42
2581,2,5533,1969,3564,0,0,0,1.0,1,1.0,1,1.0,1,0.14326395039127643,43
2582,1,5534,1969,3565,0,0,0,1.0,1,1.0,1,1.0,1,0.12556147599803416,43
2583,4,5538,1970,3568,0,0,0,1.0,1,1.0,1,1.0,1,0.120432958769985,43
2584,3,5541,1971,3570,0,0,0,1.0,1,1.0,1,1.0,1,0.12398280890263118,43
2585,8,5549,1971,3578,0,0,0,1.0,1,1.0,1,1.0,1,0.09693638878794325,44
2586,2,5551,1972,3579,0,0,0,1.0,1,1.0,1,1.0,1,0.09950974581722856,43
2587,1,5552,1973,3579,0,0,0,1.0,1,1.0,1,1.0,1,0.10093769072806483,44
2588,0,5552,1973,3579,0,0,0,1.0,1,1.0,1,1.0,1,0.10093769072806483,44
2589,3,5555,1974,3581,0,0,0,1.0,1,1.0,1,1.0,1,0.09782209374104373,44
2590,0,5555,1974,3581,0,0,0,1.0,1,1.0,1,1.0,1,0.09782209374104373,44
2591,0,5555,1974,3581,0,0,0,1.0,1,1.0,1,1.0,1,0.09782209374104373,44
2592,2,5557,1975,3582,0,0,0,1.0,1,1.0,1,1.0,1,0.12344742788257221,44
2593,1,5558,1976,3582,0,0,0,1.0,1,1.0,1,1.0,1,0.10371512837905628,43
2594,4,5562,1978,3584,0,0,0,1.0,1,1.0,1,1.0,1,0.10946565615172986,48
2595,2,5564,1978,3586,0,0,0,1.0,1,1.0,1,1.0,1,0.10434207719036384,45
2596,6,5570,1980,3590,0,0,0,1.0,1,1.0,1,1.0,1,0.08976388806409466,46
2597,1,5571,1980,3591,0,0,0,1.0,1,1.0,1,1.0,1,0.07957781082502949,45
2598,1,5572,1981,3591,0,0,0,1.0,1,1.0,1,1.0,1,0.1157598475375259,45
2599,2,5574,1983,3591,0,0,0,1.0,1,1.0,1,1.0,1,0.14782294878694602,45
2600,2,5576,1984,3592,0,0,0,1.0,1,1.0,1,1.0,1,0.15175572832316256,48
2601,5,5581,1985,3596,0,0,0,1.0,1,1.0,1,1.0,1,0.112754571766565,47
2602,1,5582,1985,3597,0,0,0,1.0,1,1.0,1,1.0,1,0.11928644856702461,48
2603,0,5582,1985,3597,0,0,0,1.0,1,1.0,1,1.0,1,0.11928644856702461,48
2604,1,5583,1986,3597,0,0,0,1.0,1,1.0,1,1.0,1,0.12062728444327205,47
2605,1,5584,1987,3597,0,0,0,1.0,1,1.0,1,1.0,1,0.15205806197827323,47
2606,2,5586,1987,3599,0,0,0,1.0,1,1.0,1,1.0,1,0.11687629130277963,46
2607,1,5587,1988,3599,0,0,0,1.0,1,1.0,1,1.0,1,0.13253279135305862,45
2608,2,5589,1989,3600,0,0,0,1.0,1,1.0,1,1.0,1,0.08469645838204785,45
2609,6,5595,1991,3604,0,0,0,1.0,1,1.0,1,1.0,1,0.11896067024373129,44
2610,3,5598,1991,3607,0,0,0,1.0,1,1.0,1,1.0,1,0.05632694189089982,45
2611,3,5601,1994,3607,0,0,0,1.0,1,1.0,1,1.0,1,0.06689666572756373,46
2612,0,5601,1994,3607,0,0,0,1.0,1,1.0,1,1.0,1,0.08546714532385005,47
2613,1,5602,1995,3607,0,0,0,1.0,1,1.0,1,1.0,1,0.11733150949232736,48
2614,5,5607,1997,3610,0,0,0,1.0,1,1.0,1,1.0,1,0.17198562350068444,48
2615,3,5610,1998,3612,0,0,0,1.0,1,1.0,1,1.0,1,0.14084411416034298,49
2616,5,5615,1999,3616,0,0,0,1.0,1,1.0,1,1.0,1,0.13612346598208522,49
2617,1,5616,2000,3616,0,0,0,1.0,1,1.0,1,1.0,1,0.16212538741347324,48
2618,1,5617,2000,3617,0,0,0,1.0,1,1.0,1,1.0,1,0.1490034994481085,47
2619,0,5617,2000,3617,0,0,0,1.0,1,1.0,1,1.0,1,0.16210745542572988,50
2620,2,5619,2000,3619,0,0,0,1.0,1,1.0,1,1.0,1,0.14021170180627757,51
2621,2,5621,2001,3620,0,0,0,1.0,1,1.0,1,1.0,1,0.11704811102609118,52
2622,2,5623,2002,3621,0,0,0,1.0,1,1.0,1,1.0,1,0.11680505348992608,52
2623,4,5627,2003,3624,0,0,0,1.0,1,1.0,1,1.0,1,0.12461328503825844,53
2624,1,5628,2004,3624,0,0,0,1.0,1,1.0,1,1.0,1,0.1360055405089899,51
2625,2,5630,2005,3625,0,0,0,1.0,1,1.0,1,1.0,1,0.13586683915742195,50
2626,4,5634,2006,3628,0,0,0,1.0,1,1.0,1,1.0,1,0.0997876191652198,49
2627,1,5635,2006,3629,0,0,0,1.0,1,1.0,1,1.0,1,0.08805853513458102,48
2628,3,5638,2008,3630,0,0,0,1.0,1,1.0,1,1.0,1,0.1607080599903043,48
2629,2,5640,2009,3631,0,0,0,1.0,1,1.0,1,1.0,1,0.1150759664476034,47
2630,0,5640,2009,3631,0,0,0,1.0,1,1.0,1,1.0,1,0.15450339125429163,47
2631,4,5644,2011,3633,0,0,0,1.0,1,1.0,1,1.0,1,0.11752117204389886,47
2632,2,5646,2012,3634,0,0,0,1.0,1,1.0,1,1.0,1,0.10219277077082776,47
2633,1,5647,2013,3634,0,0,0,1.0,1,1.0,1,1.0,1,0.13491077066429238,44
2634,1,5648,2014,3634,0,0,0,1.0,1,1.0,1,1.0,1,0.12017496800894034,44
2635,5,5653,2016,3637,0,0,0,1.0,1,1.0,1,1.0,1,0.13702902450759125,45
2636,2,5655,2017,3638,0,0,0,1.0,1,1.0,1,1.0,1,0.08175145397371619,40
2637,6,5661,2020,3641,0,0,0,1.0,1,1.0,1,1.0,1,0.1355250840379087,41
2638,3,5664,2022,3642,0,0,0,1.0,1,1.0,1,1.0,1,0.172089059435081,38
2639,6,5670,2023,3647,0,0,0,1.0,1,1.0,1,1.0,1,0.20054542028430863,39
2640,4,5674,2024,3650,0,0,0,1.0,1,1.0,1,1.0,1,0.1600567468457682,38
2641,4,5678,2025,3653,0,0,0,1.0,1,1.0,1,1.0,1,0.11369194769892427,37
2642,5,5683,2028,3655,0,0,0,1.0,1,1.0,1,1.0,1,0.16456817341053612,38
2643,1,5684,2028,3656,0,0,0,1.0,1,1.0,1,1.0,1,0.1514558836536241,37
2644,2,5686,2028,3658,0,0,0,1.0,1,1.0,1,1.0,1,0.14561391746557661,36
2645,2,5688,2029,3659,0,0,0,1.0,1,1.0,1,1.0,1,0.1777822930668431,35
2646,2,5690,2030,3660,0,0,0,1.0,1,1.0,1,1.0,1,0.15452692091126397,35
2647,0,5690,2030,3660,0,0,0,1.0,1,1.0,1,1.0,1,0.17187798805171092,35
2648,1,5691,2030,3661,0,0,0,1.0,1,1.0,1,1.0,1,0.147444560282758,36
2649,1,5692,2030,3662,0,0,0,1.0,1,1.0,1,1.0,1,0.1435108544888117,37
2650,1,5693,2030,3663,0,0,0,1.0,1,1.0,1,1.0,1,0.1491720045127279,39
2651,0,5693,2030,3663,0,0,0,1.0,1,1.0,1,1.0,1,0.1491720045127279,39
2652,0,5693,2030,3663,0,0,0,1.0,1,1.0,1,1.0,1,0.1491720045127279,39
2653,0,5693,2030,3663,0,0,0,1.0,1,1.0,1,1.0,1,0.1491720045127279,39
2654,0,5693,2030,3663,0,0,0,1.0,1,1.0,1,1.0,1,0.15119718887706451,40
2655,1,5694,2031,3663,0,0,0,1.0,1,1.0,1,1.0,1,0.14950609447656918,40
2656,5,5699,2031,3668,0,0,0,1.0,1,1.0,1,1.0,1,0.13994128702069783,39
2657,4,5703,2031,3672,0,0,0,1.0,1,1.0,1,1.0,1,0.16110419118762903,40
2658,3,5706,2032,3674,0,0,0,1.0,1,1.0,1,1.0,1,0.22202796637418182,41
2659,5,5711,2034,3677,0,0,0,1.0,1,1.0,1,1.0,1,0.23626587899075566,41
2660,2,5713,2034,3679,0,0,0,1.0,1,1.0,1,1.0,1,0.24602987215935668,40
2661,3,5716,2034,3682,0,0,0,1.0,1,1.0,1,1.0,1,0.1807736217482794,40
2662,10,5726,2037,3689,0,0,0,1.0,1,1.0,1,1.0,1,0.1399121660064883,42
2663,5,5731,2038,3693,0,0,0,1.0,1,1.0,1,1.0,1,0.07398935319865478,41
2664,4,5735,2040,3695,0,0,0,1.0,1,1.0,1,1.0,1,0.15999090369030508,42
2665,6,5741,2041,3700,0,0,0,1.0,1,1.0,1,1.0,1,0.1262310532371301,43
2666,2,5743,2042,3701,0,0,0,1.0,1,1.0,1,1.0,1,0.14086018148980528,44
2667,3,5746,2044,3702,0,0,0,1.0,1,1.0,1,1.0,1,0.18327636526889063,42
2668,0,5746,2044,3702,0,0,0,1.0,1,1.0,1,1.0,1,0.2097281317934024,41
2669,3,5749,2045,3704,0,0,0,1.0,1,1.0,1,1.0,1,0.21702326485011125,42
2670,1,5750,2045,3705,0,0,0,1.0,1,1.0,1,1.0,1,0.23164758084661852,40
2671,3,5753,2048,3705,0,0,0,1.0,1,1.0,1,1.0,1,0.2745026648945726,39
2672,1,5754,2048,3706,0,0,0,1.0,1,1.0,1,1.0,1,0.27637692036528794,36
2673,3,5757,2049,3708,0,0,0,1.0,1,1.0,1,1.0,1,0.2596426249839816,35
2674,2,5759,2049,3710,0,0,0,1.0,1,1.0,1,1.0,1,0.21158860712767322,33
2675,0,5759,2049,3710,0,0,0,1.0,1,1.0,1,1.0,1,0.19805368848646804,34
2676,0,5759,2049,3710,0,0,0,1.0,1,1.0,1,1.0,1,0.16824149713371744,32
2677,1,5760,2050,3710,0,0,0,1.0,1,1.0,1,1.0,1,0.16107555763157755,33
2678,2,5762,2051,3711,0,0,0,1.0,1,1.0,1,1.0,1,0.16449036567957828,33
2679,2,5764,2052,3712,0,0,0,1.0,1,1.0,1,1.0,1,0.18924911003011977,32
2680,0,5764,2052,3712,0,0,0,1.0,1,1.0,1,1.0,1,0.18924911003011977,32
2681,4,5768,2052,3716,0,0,0,1.0,1,1.0,1,1.0,1,0.09765159024704441,32
2682,3,5771,2054,3717,0,0,0,1.0,1,1.0,1,1.0,1,0.15337946067293465,33
2683,2,5773,2054,3719,0,0,0,1.0,1,1.0,1,1.0,1,0.1553705172807731,32
2684,1,5774,2054,3720,0,0,0,1.0,1,1.0,1,1.0,1,0.1943552540852894,31
2685,3,5777,2054,3723,0,0,0,1.0,1,1.0,1,1.0,1,0.18192054431943008,31
2686,2,5779,2055,3724,0,0,0,1.0,1,1.0,1,1.0,1,0.17756485340180142,30
2687,0,5779,2055,3724,0,0,0,1.0,1,1.0,1,1.0,1,0.17756485340180142,30
2688,1,5780,2056,3724,0,0,0,1.0,1,1.0,1,1.0,1,0.19037015225817963,30
2689,2,5782,2056,3726,0,0,0,1.0,1,1.0,1,1.0,1,0.173086650451582,31
2690,1,5783,2057,3726,0,0,0,1.0,1,1.0,1,1.0,1,0.1914731318705845,31
2691,3,5786,2059,3727,0,0,0,1.0,1,1.0,1,1.0,1,0.16074694352680918,32
2692,2,5788,2061,3727,0,0,0,1.0,1,1.0,1,1.0,1,0.18783805282410834,32
2693,2,5790,2062,3728,0,0,0,1.0,1,1.0,1,1.0,1,0.19195690389028983,33
2694,0,5790,2062,3728,0,0,0,1.0,1,1.0,1,1.0,1,0.19884451945421003,34
2695,1,5791,2062,3729,0,0,0,1.0,1,1.0,1,1.0,1,0.19785357184346572,35
2696,3,5794,2062,3732,0,0,0,1.0,1,1.0,1,1.0,1,0.09414172794943382,35
2697,0,5794,2062,3732,0,0,0,1.0,1,1.0,1,1.0,1,0.09414172794943382,35
2698,2,5796,2063,3733,0,0,0,1.0,1,1.0,1,1.0,1,0.1347946046708426,36
2699,3,5799,2063,3736,0,0,0,1.0,1,1.0,1,1.0,1,0.18139094609311274,36
2700,1,5800,2063,3737,0,0,0,1.0,1,1.0,1,1.0,1,0.1711638457855025,37
2701,3,5803,2064,3739,0,0,0,1.0,1,1.0,1,1.0,1,0.16307688950237478,37
2702,2,5805,2065,3740,0,0,0,1.0,1,1.0,1,1.0,1,0.16878511432614282,37
2703,2,5807,2066,3741,0,0,0,1.0,1,1.0,1,1.0,1,0.17577454584558613,38
2704,2,5809,2067,3742,0,0,0,1.0,1,1.0,1,1.0,1,0.20504730942624283,37
2705,4,5813,2069,3744,0,0,0,1.0,1,1.0,1,1.0,1,0.1795173430322622,36
2706,4,5817,2069,3748,0,0,0,1.0,1,1.0,1,1.0,1,0.08600931114595732,36
2707,1,5818,2069,3749,0,0,0,1.0,1,1.0,1,1.0,1,0.12603768984939778,35
2708,7,5825,2074,3751,0,0,0,1.0,1,1.0,1,1.0,1,0.22265149643470422,36
2709,4,5829,2075,3754,0,0,0,1.0,1,1.0,1,1.0,1,0.2713678442146019,32
2710,4,5833,2077,3756,0,0,0,1.0,1,1.0,1,1.0,1,0.39326541901514595,29
2711,3,5836,2078,3758,0,0,0,1.0,1,1.0,1,1.0,1,0.28833691562891167,29
2712,2,5838,2079,3759,0,0,0,1.0,1,1.0,1,1.0,1,0.3103198173401766,28
2713,2,5840,2079,3761,0,0,0,1.0,1,1.0,1,1.0,1,0.23714042518476605,28
2714,1,5841,2080,3761,0,0,0,1.0,1,1.0,1,1.0,1,0.28913909756878114,26
2715,0,5841,2080,3761,0,0,0,1.0,1,1.0,1,1.0,1,0.28795784935332275,24
2716,3,5844,2080,3764,0,0,0,1.0,1,1.0,1,1.0,1,0.22878227842811455,24
2717,3,5847,2082,3765,0,0,0,1.0,1,1.0,1,1.0,1,0.279205376250946,25
2718,3,5850,2082,3768,0,0,0,1.0,1,1.0,1,1.0,1,0.29082231723565927,25
2719,1,5851,2083,3768,0,0,0,1.0,1,1.0,1,1.0,1,0.2503281740835495,25
2720,2,5853,2084,3769,0,0,0,1.0,1,1.0,1,1.0,1,0.2992337285936085,25
2721,5,5858,2086,3772,0,0,0,1.0,1,1.0,1,1.0,1,0.17813471265839767,25
2722,3,5861,2087,3774,0,0,0,1.0,1,1.0,1,1.0,1,0.22837329064628978,26
2723,1,5862,2087,3775,0,0,0,1.0,1,1.0,1,1.0,1,0.21454242564715814,26
2724,4,5866,2087,3779,0,0,0,1.0,1,1.0,1,1.0,1,0.22000492850618408,27
2725,6,5872,2087,3785,0,0,0,1.0,1,1.0,1,1.0,1,0.2138335947261202,28
2726,5,5877,2088,3789,0,0,0,1.0,1,1.0,1,1.0,1,0.13676603129985304,28
2727,0,5877,2088,3789,0,0,0,1.0,1,1.0,1,1.0,1,0.1674336063515212,29
2728,1,5878,2089,3789,0,0,0,1.0,1,1.0,1,1.0,1,0.19744426053219158,29
2729,2,5880,2089,3791,0,0,0,1.0,1,1.0,1,1.0,1,0.17055301054948857,29
2730,0,5880,2089,3791,0,0,0,1.0,1,1.0,1,1.0,1,0.17055301054948857,29
2731,4,5884,2090,3794,0,0,0,1.0,1,1.0,1,1.0,1,0.12898467607864192,30
2732,0,5884,2090,3794,0,0,0,1.0,1,1.0,1,1.0,1,0.13874069166347822,29
2733,0,5884,2090,3794,0,0,0,1.0,1,1.0,1,1.0,1,0.13874069166347822,29
2734,0,5884,2090,3794,0,0,0,1.0,1,1.0,1,1.0,1,0.13874069166347822,29
2735,0,5884,2090,3794,0,0,0,1.0,1,1.0,1,1.0,1,0.13874069166347822,29
2736,2,5886,2091,3795,0,0,0,1.0,1,1.0,1,1.0,1,0.15685419533945963,30
2737,1,5887,2091,3796,0,0,0,1.0,1,1.0,1,1.0,1,0.18287979770622936,30
2738,2,5889,2092,3797,0,0,0,1.0,1,1.0,1,1.0,1,0.16536922262218068,30
2739,1,5890,2093,3797,0,0,0,1.0,1,1.0,1,1.0,1,0.2264352513005639,29
2740,1,5891,2094,3797,0,0,0,1.0,1,1.0,1,1.0,1,0.2561902833836053,29
2741,4,5895,2095,3800,0,0,0,1.0,1,1.0,1,1.0,1,0.20118925662793566,28
2742,1,5896,2096,3800,0,0,0,1.0,1,1.0,1,1.0,1,0.19989553597441437,28
2743,1,5897,2097,3800,0,0,0,1.0,1,1.0,1,1.0,1,0.2438622257079138,29
2744,0,5897,2097,3800,0,0,0,1.0,1,1.0,1,1.0,1,0.19842169690596204,27
2745,1,5898,2098,3800,0,0,0,1.0,1,1.0,1,1.0,1,0.17664933832250954,25
2746,4,5902,2100,3802,0,0,0,1.0,1,1.0,1,1.0,1,0.2911590102858725,25
2747,4,5906,2102,3804,0,0,0,1.0,1,1.0,1,1.0,1,0.2835592929358371,23
2748,0,5906,2102,3804,0,0,0,1.0,1,1.0,1,1.0,1,0.260687163830463,22
2749,0,5906,2102,3804,0,0,0,1.0,1,1.0,1,1.0,1,0.2741477224194653,19
2750,1,5907,2103,3804,0,0,0,1.0,1,1.0,1,1.0,1,0.30714138487643716,18
2751,1,5908,2103,3805,0,0,0,1.0,1,1.0,1,1.0,1,0.31580141098950715,16
2752,0,5908,2103,3805,0,0,0,1.0,1,1.0,1,1.0,1,0.31494185309373846,15
2753,0,5908,2103,3805,0,0,0,1.0,1,1.0,1,1.0,1,0.31494185309373846,15
2754,0,5908,2103,3805,0,0,0,1.0,1,1.0,1,1.0,1,0.31494185309373846,15
2755,0,5908,2103,3805,0,0,0,1.0,1,1.0,1,1.0,1,0.31494185309373846,15
2756,1,5909,2103,3806,0,0,0,1.0,1,1.0,1,1.0,1,0.2641227830079831,16
2757,0,5909,2103,3806,0,0,0,1.0,1,1.0,1,1.0,1,0.23452246486074066,17
2758,0,5909,2103,3806,0,0,0,1.0,1,1.0,1,1.0,1,0.23452246486074066,17
2759,0,5909,2103,3806,0,0,0,1.0,1,1.0,1,1.0,1,0.2458811578312887,18
2760,0,5909,2103,3806,0,0,0,1.0,1,1.0,1,1.0,1,0.2458811578312887,18
2761,0,5909,2103,3806,0,0,0,1.0,1,1.0,1,1.0,1,0.2458811578312887,18
2762,0,5909,2103,3806,0,0,0,1.0,1,1.0,1,1.0,1,0.2458811578312887,18
2763,1,5910,2103,3807,0,0,0,1.0,1,1.0,1,1.0,1,0.21498823027214692,17
2764,1,5911,2104,3807,0,0,0,1.0,1,1.0,1,1.0,1,0.3048069418684366,17
2765,0,5911,2104,3807,0,0,0,1.0,1,1.0,1,1.0,1,0.32669231021835377,18
2766,1,5912,2104,3808,0,0,0,1.0,1,1.0,1,1.0,1,0.2728422326702984,18
2767,1,5913,2104,3809,0,0,0,1.0,1,1.0,1,1.0,1,0.2162755327637814,18
2768,0,5913,2104,3809,0,0,0,1.0,1,1.0,1,1.0,1,0.2162755327637814,18
2769,0,5913,2104,3809,0,0,0,1.0,1,1.0,1,1.0,1,0.2162755327637814,18
2770,1,5914,2105,3809,0,0,0,1.0,1,1.0,1,1.0,1,0.25059520783460665,18
2771,2,5916,2105,3811,0,0,0,1.0,1,1.0,1,1.0,1,0.18554106958384683,18
2772,0,5916,2105,3811,0,0,0,1.0,1,1.0,1,1.0,1,0.18554106958384683,18
2773,0,5916,2105,3811,0,0,0,1.0,1,1.0,1,1.0,1,0.18554106958384683,18
2774,1,5917,2106,3811,0,0,0,1.0,1,1.0,1,1.0,1,0.22455659586922053,20
2775,2,5919,2107,3812,0,0,0,1.0,1,1.0,1,1.0,1,0.2441669096733079,21
2776,1,5920,2108,3812,0,0,0,1.0,1,1.0,1,1.0,1,0.32962307879709085,21
2777,1,5921,2108,3813,0,0,0,1.0,1,1.0,1,1.0,1,0.283677735815813,22
2778,1,5922,2109,3813,0,0,0,1.0,1,1.0,1,1.0,1,0.2994461776741692,24
2779,1,5923,2110,3813,0,0,0,1.0,1,1.0,1,1.0,1,0.33828349828283905,24
2780,0,5923,2110,3813,0,0,0,1.0,1,1.0,1,1.0,1,0.33828349828283905,24
2781,2,5925,2110,3815,0,0,0,1.0,1,1.0,1,1.0,1,0.2001533925793822,24
2782,1,5926,2110,3816,0,0,0,1.0,1,1.0,1,1.0,1,0.2033348826691502,24
2783,1,5927,2111,3816,0,0,0,1.0,1,1.0,1,1.0,1,0.20276632117301738,24
2784,2,5929,2112,3817,0,0,0,1.0,1,1.0,1,1.0,1,0.252178110062225,24
2785,1,5930,2113,3817,0,0,0,1.0,1,1.0,1,1.0,1,0.29144474058561953,22
2786,0,5930,2113,3817,0,0,0,1.0,1,1.0,1,1.0,1,0.3266269057958905,22
2787,1,5931,2114,3817,0,0,0,1.0,1,1.0,1,1.0,1,0.3258277737893095,21
2788,0,5931,2114,3817,0,0,0,1.0,1,1.0,1,1.0,1,0.3291696302535406,20
2789,1,5932,2115,3817,0,0,0,1.0,1,1.0,1,1.0,1,0.35606733686256126,20
2790,3,5935,2115,3820,0,0,0,1.0,1,1.0,1,1.0,1,0.25707556042603524,21
2791,0,5935,2115,3820,0,0,0,1.0,1,1.0,1,1.0,1,0.25707556042603524,21
2792,0,5935,2115,3820,0,0,0,1.0,1,1.0,1,1.0,1,0.25707556042603524,21
2793,0,5935,2115,3820,0,0,0,1.0,1,1.0,1,1.0,1,0.20353057399010388,18
2794,0,5935,2115,3820,0,0,0,1.0,1,1.0,1,1.0,1,0.20353057399010388,18
2795,0,5935,2115,3820,0,0,0,1.0,1,1.0,1,1.0,1,0.19813134356118778,20
2796,1,5936,2116,3820,0,0,0,1.0,1,1.0,1,1.0,1,0.1735203190138032,21
2797,0,5936,2116,3820,0,0,0,1.0,1,1.0,1,1.0,1,0.1735203190138032,21
2798,0,5936,2116,3820,0,0,0,1.0,1,1.0,1,1.0,1,0.1735203190138032,21
2799,0,5936,2116,3820,0,0,0,1.0,1,1.0,1,1.0,1,0.1758655879135623,22
2800,0,5936,2116,3820,0,0,0,1.0,1,1.0,1,1.0,1,0.1758655879135623,22
2801,1,5937,2117,3820,0,0,0,1.0,1,1.0,1,1.0,1,0.21805122316092942,22
2802,0,5937,2117,3820,0,0,0,1.0,1,1.0,1,1.0,1,0.21805122316092942,22
2803,1,5938,2118,3820,0,0,0,1.0,1,1.0,1,1.0,1,0.27512063360584477,22
2804,1,5939,2118,3821,0,0,0,1.0,1,1.0,1,1.0,1,0.2590410783102697,23
2805,0,5939,2118,3821,0,0,0,1.0,1,1.0,1,1.0,1,0.2590410783102697,23
2806,0,5939,2118,3821,0,0,0,1.0,1,1.0,1,1.0,1,0.2590410783102697,23
2807,1,5940,2118,3822,0,0,0,1.0,1,1.0,1,1.0,1,0.2169046829912066,24
2808,0,5940,2118,3822,0,0,0,1.0,1,1.0,1,1.0,1,0.2169046829912066,24
2809,0,5940,2118,3822,0,0,0,1.0,1,1.0,1,1.0,1,0.2343477327073349,25
2810,0,5940,2118,3822,0,0,0,1.0,1,1.0,1,1.0,1,0.22894541020486117,24
2811,0,5940,2118,3822,0,0,0,1.0,1,1.0,1,1.0,1,0.24037561447385863,26
2812,1,5941,2119,3822,0,0,0,1.0,1,1.0,1,1.0,1,0.2527944800984473,26
2813,1,5942,2120,3822,0,0,0,1.0,1,1.0,1,1.0,1,0.22600229212254005,27
2814,6,5948,2122,3826,0,0,0,1.0,1,1.0,1,1.0,1,0.19657972858432493,29
2815,2,5950,2122,3828,0,0,0,1.0,1,1.0,1,1.0,1,0.17426939637110303,29
2816,2,5952,2122,3830,0,0,0,1.0,1,1.0,1,1.0,1,0.15256203688643916,29
2817,1,5953,2123,3830,0,0,0,1.0,1,1.0,1,1.0,1,0.2096023074289219,29
2818,1,5954,2123,3831,0,0,0,1.0,1,1.0,1,1.0,1,0.22125631816856178,29
2819,1,5955,2123,3832,0,0,0,1.0,1,1.0,1,1.0,1,0.23231705706419437,30
2820,0,5955,2123,3832,0,0,0,1.0,1,1.0,1,1.0,1,0.2307111166740271,30
2821,3,5958,2123,3835,0,0,0,1.0,1,1.0,1,1.0,1,0.15270235093557757,31
2822,2,5960,2124,3836,0,0,0,1.0,1,1.0,1,1.0,1,0.19829659036895514,30
2823,1,5961,2125,3836,0,0,0,1.0,1,1.0,1,1.0,1,0.17758678179710477,27
2824,1,5962,2125,3837,0,0,0,1.0,1,1.0,1,1.0,1,0.12933296515608994,28
2825,6,5968,2128,3840,0,0,0,1.0,1,1.0,1,1.0,1,0.1845534119946558,28
2826,3,5971,2129,3842,0,0,0,1.0,1,1.0,1,1.0,1,0.22728970278125218,27
2827,2,5973,2130,3843,0,0,0,1.0,1,1.0,1,1.0,1,0.21196813372716156,28
2828,1,5974,2130,3844,0,0,0,1.0,1,1.0,1,1.0,1,0.23778558010683176,28
2829,0,5974,2130,3844,0,0,0,1.0,1,1.0,1,1.0,1,0.24433261423469252,27
2830,0,5974,2130,3844,0,0,0,1.0,1,1.0,1,1.0,1,0.24433261423469252,27
2831,1,5975,2131,3844,0,0,0,1.0,1,1.0,1,1.0,1,0.21929236253589074,27
2832,1,5976,2131,3845,0,0,0,1.0,1,1.0,1,1.0,1,0.25485471609820176,27
2833,1,5977,2132,3845,0,0,0,1.0,1,1.0,1,1.0,1,0.30636927271748515,26
2834,2,5979,2134,3845,0,0,0,1.0,1,1.0,1,1.0,1,0.2670396306174204,26
2835,3,5982,2135,3847,0,0,0,1.0,1,1.0,1,1.0,1,0.28689625184801526,25
2836,5,5987,2135,3852,0,0,0,1.0,1,1.0,1,1.0,1,0.13644169169715478,27
2837,2,5989,2136,3853,0,0,0,1.0,1,1.0,1,1.0,1,0.1265547436283365,27
2838,0,5989,2136,3853,0,0,0,1.0,1,1.0,1,1.0,1,0.1265547436283365,27
2839,1,5990,2136,3854,0,0,0,1.0,1,1.0,1,1.0,1,0.0929754436518345,29
2840,3,5993,2137,3856,0,0,0,1.0,1,1.0,1,1.0,1,0.09594137979562516,29
2841,0,5993,2137,3856,0,0,0,1.0,1,1.0,1,1.0,1,0.12160938969111555,31
2842,1,5994,2137,3857,0,0,0,1.0,1,1.0,1,1.0,1,0.06197111164001001,31
2843,0,5994,2137,3857,0,0,0,1.0,1,1.0,1,1.0,1,0.1339348415473744,32
2844,5,5999,2141,3858,0,0,0,1.0,1,1.0,1,1.0,1,0.2085176280737808,33
2845,2,6001,2141,3860,0,0,0,1.0,1,1.0,1,1.0,1,0.2109020168707462,32
2846,3,6004,2141,3863,0,0,0,1.0,1,1.0,1,1.0,1,0.20554579005827184,33
2847,3,6007,2142,3865,0,0,0,1.0,1,1.0,1,1.0,1,0.22636268931352324,32
2848,2,6009,2142,3867,0,0,0,1.0,1,1.0,1,1.0,1,0.25864865102244755,33
2849,4,6013,2142,3871,0,0,0,1.0,1,1.0,1,1.0,1,0.19952690028674402,34
2850,1,6014,2142,3872,0,0,0,1.0,1,1.0,1,1.0,1,0.18742823924878468,34
2851,1,6015,2142,3873,0,0,0,1.0,1,1.0,1,1.0,1,0.16104801620773568,34
2852,3,6018,2145,3873,0,0,0,1.0,1,1.0,1,1.0,1,0.1619191484135918,35
2853,3,6021,2146,3875,0,0,0,1.0,1,1.0,1,1.0,1,0.15193805891846152,36
2854,3,6024,2146,3878,0,0,0,1.0,1,1.0,1,1.0,1,0.14072047758811568,37
2855,3,6027,2148,3879,0,0,0,1.0,1,1.0,1,1.0,1,0.14418157566626028,38
2856,2,6029,2148,3881,0,0,0,1.0,1,1.0,1,1.0,1,0.11472636487866224,38
2857,1,6030,2148,3882,0,0,0,1.0,1,1.0,1,1.0,1,0.09194310431286468,39
2858,0,6030,2148,3882,0,0,0,1.0,1,1.0,1,1.0,1,0.10700257404523372,40
2859,2,6032,2149,3883,0,0,0,1.0,1,1.0,1,1.0,1,0.1194743608338323,40
2860,1,6033,2150,3883,0,0,0,1.0,1,1.0,1,1.0,1,0.14459387154921144,40
2861,1,6034,2151,3883,0,0,0,1.0,1,1.0,1,1.0,1,0.1488141472314698,38
2862,3,6037,2153,3884,0,0,0,1.0,1,1.0,1,1.0,1,0.1548682403829571,38
2863,4,6041,2154,3887,0,0,0,1.0,1,1.0,1,1.0,1,0.19984294192265753,38
2864,6,6047,2159,3888,0,0,0,1.0,1,1.0,1,1.0,1,0.2952213330867609,36
2865,3,6050,2160,3890,0,0,0,1.0,1,1.0,1,1.0,1,0.28061882502642754,34
2866,5,6055,2161,3894,0,0,0,1.0,1,1.0,1,1.0,1,0.19078196328905125,31
2867,1,6056,2161,3895,0,0,0,1.0,1,1.0,1,1.0,1,0.15050723134055533,30
2868,2,6058,2162,3896,0,0,0,1.0,1,1.0,1,1.0,1,0.12919394107425866,27
2869,2,6060,2164,3896,0,0,0,1.0,1,1.0,1,1.0,1,0.1840594636795993,27
2870,0,6060,2164,3896,0,0,0,1.0,1,1.0,1,1.0,1,0.15604139858688307,25
2871,2,6062,2166,3896,0,0,0,1.0,1,1.0,1,1.0,1,0.282127449130149,25
2872,1,6063,2166,3897,0,0,0,1.0,1,1.0,1,1.0,1,0.18394462250594648,23
2873,2,6065,2167,3898,0,0,0,1.0,1,1.0,1,1.0,1,0.2268615907368045,24
2874,1,6066,2168,3898,0,0,0,1.0,1,1.0,1,1.0,1,0.2972427012778992,24
2875,1,6067,2168,3899,0,0,0,1.0,1,1.0,1,1.0,1,0.31151131927394476,23
2876,5,6072,2169,3903,0,0,0,1.0,1,1.0,1,1.0,1,0.2401701358309477,24
2877,2,6074,2169,3905,0,0,0,1.0,1,1.0,1,1.0,1,0.20128904521133115,24
2878,1,6075,2170,3905,0,0,0,1.0,1,1.0,1,1.0,1,0.20538787684751092,24
2879,2,6077,2171,3906,0,0,0,1.0,1,1.0,1,1.0,1,0.24722570238961974,25
2880,0,6077,2171,3906,0,0,0,1.0,1,1.0,1,1.0,1,0.2644303713361544,26
2881,1,6078,2171,3907,0,0,0,1.0,1,1.0,1,1.0,1,0.2363852200706903,26
2882,0,6078,2171,3907,0,0,0,1.0,1,1.0,1,1.0,1,0.21240103037366026,27
2883,0,6078,2171,3907,0,0,0,1.0,1,1.0,1,1.0,1,0.19207742902075373,28
2884,4,6082,2172,3910,0,0,0,1.0,1,1.0,1,1.0,1,0.24330389179007056,29
2885,3,6085,2172,3913,0,0,0,1.0,1,1.0,1,1.0,1,0.22336916302778623,31
2886,3,6088,2173,3915,0,0,0,1.0,1,1.0,1,1.0,1,0.18729167245602696,31
2887,2,6090,2174,3916,0,0,0,1.0,1,1.0,1,1.0,1,0.1867881330213507,33
2888,1,6091,2174,3917,0,0,0,1.0,1,1.0,1,1.0,1,0.1883294388379461,34
2889,0,6091,2174,3917,0,0,0,1.0,1,1.0,1,1.0,1,0.18740868039219874,35
2890,1,6092,2175,3917,0,0,0,1.0,1,1.0,1,1.0,1,0.2017967579633265,35
2891,3,6095,2176,3919,0,0,0,1.0,1,1.0,1,1.0,1,0.13056804710025788,35
2892,1,6096,2177,3919,0,0,0,1.0,1,1.0,1,1.0,1,0.16683921771745955,35
2893,1,6097,2177,3920,0,0,0,1.0,1,1.0,1,1.0,1,0.1726377116882641,37
2894,0,6097,2177,3920,0,0,0,1.0,1,1.0,1,1.0,1,0.1726377116882641,37
2895,0,6097,2177,3920,0,0,0,1.0,1,1.0,1,1.0,1,0.1726377116882641,37
2896,2,6099,2178,3921,0,0,0,1.0,1,1.0,1,1.0,1,0.22418078844257328,38
2897,0,6099,2178,3921,0,0,0,1.0,1,1.0,1,1.0,1,0.26085014986380956,37
2898,3,6102,2178,3924,0,0,0,1.0,1,1.0,1,1.0,1,0.26942586121473056,38
2899,1,6103,2179,3924,0,0,0,1.0,1,1.0,1,1.0,1,0.27014128214055916,37
2900,0,6103,2179,3924,0,0,0,1.0,1,1.0,1,1.0,1,0.2802096687881474,36
2901,5,6108,2179,3929,0,0,0,1.0,1,1.0,1,1.0,1,0.17601701010761428,37
2902,1,6109,2180,3929,0,0,0,1.0,1,1.0,1,1.0,1,0.19297955063273486,35
2903,3,6112,2181,3931,0,0,0,1.0,1,1.0,1,1.0,1,0.17729104842719595,35
2904,0,6112,2181,3931,0,0,0,1.0,1,1.0,1,1.0,1,0.14951719386161397,33
2905,0,6112,2181,3931,0,0,0,1.0,1,1.0,1,1.0,1,0.16942624553197683,34
2906,2,6114,2182,3932,0,0,0,1.0,1,1.0,1,1.0,1,0.18624777469795123,34
2907,2,6116,2183,3933,0,0,0,1.0,1,1.0,1,1.0,1,0.18985139529599873,35
2908,3,6119,2183,3936,0,0,0,1.0,1,1.0,1,1.0,1,0.17621383065501905,36
2909,2,6121,2183,3938,0,0,0,1.0,1,1.0,1,1.0,1,0.1880590675180216,38
2910,1,6122,2183,3939,0,0,0,1.0,1,1.0,1,1.0,1,0.17951937720005684,38
2911,1,6123,2184,3939,0,0,0,1.0,1,1.0,1,1.0,1,0.1977245921893178,37
2912,0,6123,2184,3939,0,0,0,1.0,1,1.0,1,1.0,1,0.1977245921893178,37
2913,1,6124,2184,3940,0,0,0,1.0,1,1.0,1,1.0,1,0.19173723686828523,38
2914,0,6124,2184,3940,0,0,0,1.0,1,1.0,1,1.0,1,0.19173723686828523,38
2915,4,6128,2185,3943,0,0,0,1.0,1,1.0,1,1.0,1,0.14960719581055174,39
2916,0,6128,2185,3943,0,0,0,1.0,1,1.0,1,1.0,1,0.15651476652099866,40
2917,2,6130,2186,3944,0,0,0,1.0,1,1.0,1,1.0,1,0.18230783156110691,41
2918,0,6130,2186,3944,0,0,0,1.0,1,1.0,1,1.0,1,0.20520255489380937,41
2919,0,6130,2186,3944,0,0,0,1.0,1,1.0,1,1.0,1,0.20520255489380937,41
2920,3,6133,2186,3947,0,0,0,1.0,1,1.0,1,1.0,1,0.19505838855197524,43
2921,4,6137,2186,3951,0,0,0,1.0,1,1.0,1,1.0,1,0.13768991270952394,42
2922,1,6138,2187,3951,0,0,0,1.0,1,1.0,1,1.0,1,0.1117657937639476,43
2923,0,6138,2187,3951,0,0,0,1.0,1,1.0,1,1.0,1,0.10900547905467896,44
2924,0,6138,2187,3951,0,0,0,1.0,1,1.0,1,1.0,1,0.08324878790423625,45
2925,0,6138,2187,3951,0,0,0,1.0,1,1.0,1,1.0,1,0.11617328237869048,45
2926,0,6138,2187,3951,0,0,0,1.0,1,1.0,1,1.0,1,0.1082693124206815,47
2927,2,6140,2189,3951,0,0,0,1.0,1,1.0,1,1.0,1,0.12653386466313932,47
2928,1,6141,2190,3951,0,0,0,1.0,1,1.0,1,1.0,1,0.12494056416011706,48
2929,0,6141,2190,3951,0,0,0,1.0,1,1.0,1,1.0,1,0.12494056416011706,48
2930,0,6141,2190,3951,0,0,0,1.0,1,1.0,1,1.0,1,0.14816067861261895,50
2931,2,6143,2190,3953,0,0,0,1.0,1,1.0,1,1.0,1,0.13758939246124338,51
2932,0,6143,2190,3953,0,0,0,1.0,1,1.0,1,1.0,1,0.13758939246124338,51
2933,2,6145,2191,3954,0,0,0,1.0,1,1.0,1,1.0,1,0.1582529907530229,52
2934,1,6146,2191,3955,0,0,0,1.0,1,1.0,1,1.0,1,0.14341153643093665,52
2935,0,6146,2191,3955,0,0,0,1.0,1,1.0,1,1.0,1,0.1556435764180081,51
2936,2,6148,2191,3957,0,0,0,1.0,1,1.0,1,1.0,1,0.10043071110146538,49
2937,0,6148,2191,3957,0,0,0,1.0,1,1.0,1,1.0,1,0.1222964463933214,50
2938,2,6150,2192,3958,0,0,0,1.0,1,1.0,1,1.0,1,0.14261903494862713,50
2939,0,6150,2192,3958,0,0,0,1.0,1,1.0,1,1.0,1,0.14452378534217394,51
2940,4,6154,2194,3960,0,0,0,1.0,1,1.0,1,1.0,1,0.1530184469610066,52
2941,4,6158,2194,3964,0,0,0,1.0,1,1.0,1,1.0,1,0.13815105376990724,53
2942,3,6161,2196,3965,0,0,0,1.0,1,1.0,1,1.0,1,0.13491030282986807,52
2943,2,6163,2198,3965,0,0,0,1.0,1,1.0,1,1.0,1,0.1469034714168973,51
2944,5,6168,2200,3968,0,0,0,1.0,1,1.0,1,1.0,1,0.14854669207034962,52
2945,3,6171,2201,3970,0,0,0,1.0,1,1.0,1,1.0,1,0.10254670016405733,50
2946,6,6177,2204,3973,0,0,0,1.0,1,1.0,1,1.0,1,0.09617378765275048,51
2947,1,6178,2205,3973,0,0,0,1.0,1,1.0,1,1.0,1,0.09159505347205828,50
2948,3,6181,2206,3975,0,0,0,1.0,1,1.0,1,1.0,1,0.0657457814359597,50
2949,0,6181,2206,3975,0,0,0,1.0,1,1.0,1,1.0,1,0.07268775358610262,49
2950,2,6183,2207,3976,0,0,0,1.0,1,1.0,1,1.0,1,0.09583287981103575,48
2951,0,6183,2207,3976,0,0,0,1.0,1,1.0,1,1.0,1,0.12364501402532267,48
2952,0,6183,2207,3976,0,0,0,1.0,1,1.0,1,1.0,1,0.16384019526461807,46
2953,0,6183,2207,3976,0,0,0,1.0,1,1.0,1,1.0,1,0.16384019526461807,46
2954,1,6184,2208,3976,0,0,0,1.0,1,1.0,1,1.0,1,0.16416835765904686,48
2955,0,6184,2208,3976,0,0,0,1.0,1,1.0,1,1.0,1,0.16416835765904686,48
2956,3,6187,2210,3977,0,0,0,1.0,1,1.0,1,1.0,1,0.1556729864531752,47
2957,5,6192,2211,3981,0,0,0,1.0,1,1.0,1,1.0,1,0.09238944400204185,48
2958,2,6194,2212,3982,0,0,0,1.0,1,1.0,1,1.0,1,0.1145283939122989,49
2959,5,6199,2214,3985,0,0,0,1.0,1,1.0,1,1.0,1,0.18055119188091648,49
2960,4,6203,2214,3989,0,0,0,1.0,1,1.0,1,1.0,1,0.14616249398794198,49
2961,9,6212,2216,3996,0,0,0,1.0,1,1.0,1,1.0,1,0.09610456474597957,51
2962,0,6212,2216,3996,0,0,0,1.0,1,1.0,1,1.0,1,0.09610456474597957,51
2963,2,6214,2216,3998,0,0,0,1.0,1,1.0,1,1.0,1,0.08424589208389442,51
2964,0,6214,2216,3998,0,0,0,1.0,1,1.0,1,1.0,1,0.08773911711232874,52
2965,2,6216,2216,4000,0,0,0,1.0,1,1.0,1,1.0,1,0.1173592665321135,53
2966,3,6219,2217,4002,0,0,0,1.0,1,1.0,1,1.0,1,0.0787924092832553,53
2967,1,6220,2217,4003,0,0,0,1.0,1,1.0,1,1.0,1,0.09351077313658586,53
2968,0,6220,2217,4003,0,0,0,1.0,1,1.0,1,1.0,1,0.10259740630650424,54
2969,1,6221,2218,4003,0,0,0,1.0,1,1.0,1,1.0,1,0.11378783585760607,55
2970,0,6221,2218,4003,0,0,0,1.0,1,1.0,1,1.0,1,0.11378783585760607,55
2971,4,6225,2218,4007,0,0,0,1.0,1,1.0,1,1.0,1,0.0885766858524825,55
2972,1,6226,2218,4008,0,0,0,1.0,1,1.0,1,1.0,1,0.07194846393512719,55
2973,2,6228,2218,4010,0,0,0,1.0,1,1.0,1,1.0,1,0.08287083279681812,55
2974,1,6229,2218,4011,0,0,0,1.0,1,1.0,1,1.0,1,0.10132789289519321,56
2975,4,6233,2218,4015,0,0,0,1.0,1,1.0,1,1.0,1,0.09075724177362046,55
2976,4,6237,2218,4019,0,0,0,1.0,1,1.0,1,1.0,1,0.08797104689788554,57
2977,2,6239,2218,4021,0,0,0,1.0,1,1.0,1,1.0,1,0.09111470494007556,59
2978,7,6246,2220,4026,0,0,0,1.0,1,1.0,1,1.0,1,0.11038433429736219,59
2979,5,6251,2221,4030,0,0,0,1.0,1,1.0,1,1.0,1,0.12971591401786467,59
2980,7,6258,2223,4035,0,0,0,1.0,1,1.0,1,1.0,1,0.12657575382774927,59
2981,2,6260,2224,4036,0,0,0,1.0,1,1.0,1,1.0,1,0.12356788489852776,59
2982,4,6264,2224,4040,0,0,0,1.0,1,1.0,1,1.0,1,0.08890110480205658,61
2983,2,6266,2225,4041,0,0,0,1.0,1,1.0,1,1.0,1,0.10229948296924399,61
2984,6,6272,2229,4043,0,0,0,1.0,1,1.0,1,1.0,1,0.09811578129651877,61
2985,2,6274,2231,4043,0,0,0,1.0,1,1.0,1,1.0,1,0.11391058076366326,57
2986,7,6281,2235,4046,0,0,0,1.0,1,1.0,1,1.0,1,0.09144811250362972,58
2987,6,6287,2239,4048,0,0,0,1.0,1,1.0,1,1.0,1,0.1254426703117444,56
2988,5,6292,2241,4051,0,0,0,1.0,1,1.0,1,1.0,1,0.1008182190962223,55
2989,7,6299,2246,4053,0,0,0,1.0,1,1.0,1,1.0,1,0.13135469914732714,53
2990,2,6301,2247,4054,0,0,0,1.0,1,1.0,1,1.0,1,0.12869072543553656,52
2991,4,6305,2247,4058,0,0,0,1.0,1,1.0,1,1.0,1,0.05334505935492365,54
2992,0,6305,2247,4058,0,0,0,1.0,1,1.0,1,1.0,1,0.07295133334855215,55
2993,1,6306,2248,4058,0,0,0,1.0,1,1.0,1,1.0,1,0.08271029978656362,53
2994,1,6307,2249,4058,0,0,0,1.0,1,1.0,1,1.0,1,0.11197821248068554,53
2995,2,6309,2250,4059,0,0,0,1.0,1,1.0,1,1.0,1,0.13253866140852374,51
2996,4,6313,2251,4062,0,0,0,1.0,1,1.0,1,1.0,1,0.07003352822933132,52
2997,3,6316,2253,4063,0,0,0,1.0,1,1.0,1,1.0,1,0.09152212542673475,50
2998,2,6318,2253,4065,0,0,0,1.0,1,1.0,1,1.0,1,0.09381138925865205,51
2999,0,6318,2253,4065,0,0,0,1.0,1,1.0,1,1.0,1,0.10527855125434764,48
3000,1,6319,2254,4065,0,0,0,1.0,1,1.0,1,1.0,1,0.09185520111759726,48
3001,0,6319,2254,4065,0,0,0,1.0,1,1.0,1,1.0,1,0.08984867740715576,49
3002,1,6320,2255,4065,0,0,0,1.0,1,1.0,1,1.0,1,0.10985962501374787,50
3003,0,6320,2255,4065,0,0,0,1.0,1,1.0,1,1.0,1,0.10985962501374787,50
3004,1,6321,2255,4066,0,0,0,1.0,1,1.0,1,1.0,1,0.09756628000635789,51
3005,0,6321,2255,4066,0,0,0,1.0,1,1.0,1,1.0,1,0.10732296618753162,50
3006,2,6323,2255,4068,0,0,0,1.0,1,1.0,1,1.0,1,0.09623310903745645,51
3007,1,6324,2255,4069,0,0,0,1.0,1,1.0,1,1.0,1,0.11732235435292429,51
3008,5,6329,2256,4073,0,0,0,1.0,1,1.0,1,1.0,1,0.1294080530293674,53
3009,2,6331,2256,4075,0,0,0,1.0,1,1.0,1,1.0,1,0.13161298375432182,52
3010,3,6334,2256,4078,0,0,0,1.0,1,1.0,1,1.0,1,0.09367282044182143,52
3011,3,6337,2256,4081,0,0,0,1.0,1,1.0,1,1.0,1,0.048185849940617885,51
3012,4,6341,2259,4082,0,0,0,1.0,1,1.0,1,1.0,1,0.1006785316403452,54
3013,1,6342,2260,4082,0,0,0,1.0,1,1.0,1,1.0,1,0.1253843868094043,52
3014,3,6345,2261,4084,0,0,0,1.0,1,1.0,1,1.0,1,0.0926916153228781,51
3015,2,6347,2262,4085,0,0,0,1.0,1,1.0,1,1.0,1,0.14795985565398737,50
3016,6,6353,2264,4089,0,0,0,1.0,1,1.0,1,1.0,1,0.1149610434251787,50
3017,2,6355,2266,4089,0,0,0,1.0,1,1.0,1,1.0,1,0.16176817358826823,48
3018,7,6362,2268,4094,0,0,0,1.0,1,1.0,1,1.0,1,0.1417617502579027,48
3019,6,6368,2270,4098,0,0,0,1.0,1,1.0,1,1.0,1,0.15691103374171436,47
3020,2,6370,2271,4099,0,0,0,1.0,1,1.0,1,1.0,1,0.15288311504004723,47
3021,5,6375,2273,4102,0,0,0,1.0,1,1.0,1,1.0,1,0.13029336617807838,46
3022,4,6379,2275,4104,0,0,0,1.0,1,1.0,1,1.0,1,0.13816621878432941,45
3023,1,6380,2276,4104,0,0,0,1.0,1,1.0,1,1.0,1,0.11068976075337164,41
3024,4,6384,2279,4105,0,0,0,1.0,1,1.0,1,1.0,1,0.1606902661649215,43
3025,1,6385,2279,4106,0,0,0,1.0,1,1.0,1,1.0,1,0.12822810416951266,39
3026,4,6389,2281,4108,0,0,0,1.0,1,1.0,1,1.0,1,0.16973117747841315,38
3027,2,6391,2282,4109,0,0,0,1.0,1,1.0,1,1.0,1,0.14800114431775668,38
3028,2,6393,2284,4109,0,0,0,1.0,1,1.0,1,1.0,1,0.17052218197453112,38
3029,2,6395,2285,4110,0,0,0,1.0,1,1.0,1,1.0,1,0.19571224794921613,37
3030,1,6396,2285,4111,0,0,0,1.0,1,1.0,1,1.0,1,0.16047719023328078,38
3031,5,6401,2286,4115,0,0,0,1.0,1,1.0,1,1.0,1,0.11419376627530953,39
3032,1,6402,2286,4116,0,0,0,1.0,1,1.0,1,1.0,1,0.16131637546096408,39
3033,3,6405,2286,4119,0,0,0,1.0,1,1.0,1,1.0,1,0.16015216077253444,39
3034,2,6407,2286,4121,0,0,0,1.0,1,1.0,1,1.0,1,0.1764420461045909,38
3035,3,6410,2287,4123,0,0,0,1.0,1,1.0,1,1.0,1,0.1700216647380597,39
3036,4,6414,2287,4127,0,0,0,1.0,1,1.0,1,1.0,1,0.12120793269503742,39
3037,1,6415,2287,4128,0,0,0,1.0,1,1.0,1,1.0,1,0.14410852923249126,39
3038,1,6416,2288,4128,0,0,0,1.0,1,1.0,1,1.0,1,0.1258418953683331,40
3039,2,6418,2288,4130,0,0,0,1.0,1,1.0,1,1.0,1,0.10625819499781311,41
3040,2,6420,2289,4131,0,0,0,1.0,1,1.0,1,1.0,1,0.1122514193876035,42
3041,4,6424,2290,4134,0,0,0,1.0,1,1.0,1,1.0,1,0.11014766911988126,43
3042,2,6426,2291,4135,0,0,0,1.0,1,1.0,1,1.0,1,0.12832380669127044,45
3043,2,6428,2293,4135,0,0,0,1.0,1,1.0,1,1.0,1,0.1657986680136431,45
3044,1,6429,2294,4135,0,0,0,1.0,1,1.0,1,1.0,1,0.14716855509913568,45
3045,2,6431,2295,4136,0,0,0,1.0,1,1.0,1,1.0,1,0.1938568397965278,45
3046,8,6439,2295,4144,0,0,0,1.0,1,1.0,1,1.0,1,0.06376824597811606,46
3047,2,6441,2295,4146,0,0,0,1.0,1,1.0,1,1.0,1,0.0639182550835762,46
3048,5,6446,2295,4151,0,0,0,1.0,1,1.0,1,1.0,1,0.08640928618980304,49
3049,5,6451,2295,4156,0,0,0,1.0,1,1.0,1,1.0,1,0.07982343412901421,50
3050,4,6455,2295,4160,0,0,0,1.0,1,1.0,1,1.0,1,0.11177487651278457,50
3051,4,6459,2295,4164,0,0,0,1.0,1,1.0,1,1.0,1,0.08102871355373911,50
3052,0,6459,2295,4164,0,0,0,1.0,1,1.0,1,1.0,1,0.08102871355373911,50
3053,2,6461,2296,4165,0,0,0,1.0,1,1.0,1,1.0,1,0.07221957985792865,49
3054,1,6462,2297,4165,0,0,0,1.0,1,1.0,1,1.0,1,0.13147774271227328,47
3055,1,6463,2298,4165,0,0,0,1.0,1,1.0,1,1.0,1,0.1448114540384625,48
3056,5,6468,2299,4169,0,0,0,1.0,1,1.0,1,1.0,1,0.14420914032429427,47
3057,4,6472,2301,4171,0,0,0,1.0,1,1.0,1,1.0,1,0.1574333807781152,48
3058,1,6473,2302,4171,0,0,0,1.0,1,1.0,1,1.0,1,0.1617555045419735,46
3059,0,6473,2302,4171,0,0,0,1.0,1,1.0,1,1.0,1,0.17028207514941182,44
3060,1,6474,2302,4172,0,0,0,1.0,1,1.0,1,1.0,1,0.15200093697672076,44
3061,2,6476,2302,4174,0,0,0,1.0,1,1.0,1,1.0,1,0.13523372300401312,42
3062,2,6478,2303,4175,0,0,0,1.0,1,1.0,1,1.0,1,0.12477562542026703,42
3063,2,6480,2305,4175,0,0,0,1.0,1,1.0,1,1.0,1,0.09430632825280204,41
3064,4,6484,2307,4177,0,0,0,1.0,1,1.0,1,1.0,1,0.14990648984252633,42
3065,1,6485,2308,4177,0,0,0,1.0,1,1.0,1,1.0,1,0.09636193647353777,40
3066,4,6489,2310,4179,0,0,0,1.0,1,1.0,1,1.0,1,0.17073356788117655,42
3067,4,6493,2312,4181,0,0,0,1.0,1,1.0,1,1.0,1,0.07097394986691663,40
3068,0,6493,2312,4181,0,0,0,1.0,1,1.0,1,1.0,1,0.06583855185455978,39
3069,1,6494,2313,4181,0,0,0,1.0,1,1.0,1,1.0,1,0.11762795582620511,38
3070,3,6497,2314,4183,0,0,0,1.0,1,1.0,1,1.0,1,0.08031717638178398,39
3071,1,6498,2314,4184,0,0,0,1.0,1,1.0,1,1.0,1,0.08575576456667659,39
3072,3,6501,2316,4185,0,0,0,1.0,1,1.0,1,1.0,1,0.095811770808409,40
3073,2,6503,2317,4186,0,0,0,1.0,1,1.0,1,1.0,1,0.1508072840622606,38
3074,1,6504,2317,4187,0,0,0,1.0,1,1.0,1,1.0,1,0.1126508565700657,38
3075,1,6505,2318,4187,0,0,0,1.0,1,1.0,1,1.0,1,0.11968802640498019,41
3076,2,6507,2319,4188,0,0,0,1.0,1,1.0,1,1.0,1,0.09421630405552947,42
3077,0,6507,2319,4188,0,0,0,1.0,1,1.0,1,1.0,1,0.09421630405552947,42
3078,0,6507,2319,4188,0,0,0,1.0,1,1.0,1,1.0,1,0.09421630405552947,42
3079,0,6507,2319,4188,0,0,0,1.0,1,1.0,1,1.0,1,0.09421630405552947,42
3080,1,6508,2320,4188,0,0,0,1.0,1,1.0,1,1.0,1,0.10851852807486258,43
3081,1,6509,2320,4189,0,0,0,1.0,1,1.0,1,1.0,1,0.09490529246829543,44
3082,4,6513,2321,4192,0,0,0,1.0,1,1.0,1,1.0,1,0.07316500911434136,45
3083,2,6515,2322,4193,0,0,0,1.0,1,1.0,1,1.0,1,0.12082350884973533,45
3084,3,6518,2323,4195,0,0,0,1.0,1,1.0,1,1.0,1,0.1699114842666458,45
3085,2,6520,2323,4197,0,0,0,1.0,1,1.0,1,1.0,1,0.18746600178777773,46
3086,3,6523,2323,4200,0,0,0,1.0,1,1.0,1,1.0,1,0.11676136323107933,46
3087,0,6523,2323,4200,0,0,0,1.0,1,1.0,1,1.0,1,0.13230064242556042,47
3088,5,6528,2326,4202,0,0,0,1.0,1,1.0,1,1.0,1,0.2037698421863552,48
3089,1,6529,2327,4202,0,0,0,1.0,1,1.0,1,1.0,1,0.19227832672049494,46
3090,2,6531,2328,4203,0,0,0,1.0,1,1.0,1,1.0,1,0.18725212380568682,46
3091,4,6535,2328,4207,0,0,0,1.0,1,1.0,1,1.0,1,0.1419444036537553,46
3092,2,6537,2329,4208,0,0,0,1.0,1,1.0,1,1.0,1,0.13293590385516516,47
3093,0,6537,2329,4208,0,0,0,1.0,1,1.0,1,1.0,1,0.13383204134442536,47
3094,3,6540,2329,4211,0,0,0,1.0,1,1.0,1,1.0,1,0.16130549593055232,45
3095,4,6544,2330,4214,0,0,0,1.0,1,1.0,1,1.0,1,0.1154913009359636,46
3096,1,6545,2330,4215,0,0,0,1.0,1,1.0,1,1.0,1,0.08397222577028833,46
3097,2,6547,2332,4215,0,0,0,1.0,1,1.0,1,1.0,1,0.1072057360346937,47
3098,1,6548,2332,4216,0,0,0,1.0,1,1.0,1,1.0,1,0.10566355692219277,47
3099,0,6548,2332,4216,0,0,0,1.0,1,1.0,1,1.0,1,0.10566355692219277,47
3100,1,6549,2332,4217,0,0,0,1.0,1,1.0,1,1.0,1,0.09331978642296795,47
3101,3,6552,2332,4220,0,0,0,1.0,1,1.0,1,1.0,1,0.05403260740398495,48
3102,2,6554,2333,4221,0,0,0,1.0,1,1.0,1,1.0,1,0.05837392198103503,48
3103,2,6556,2334,4222,0,0,0,1.0,1,1.0,1,1.0,1,0.09314110961329314,49
3104,3,6559,2336,4223,0,0,0,1.0,1,1.0,1,1.0,1,0.1566435849904698,48
3105,1,6560,2336,4224,0,0,0,1.0,1,1.0,1,1.0,1,0.12556019291459938,45
3106,4,6564,2336,4228,0,0,0,1.0,1,1.0,1,1.0,1,0.12717880237544354,46
3107,1,6565,2336,4229,0,0,0,1.0,1,1.0,1,1.0,1,0.13226912821102801,44
3108,3,6568,2338,4230,0,0,0,1.0,1,1.0,1,1.0,1,0.11909329560635691,45
3109,1,6569,2338,4231,0,0,0,1.0,1,1.0,1,1.0,1,0.13669868153227205,44
3110,3,6572,2339,4233,0,0,0,1.0,1,1.0,1,1.0,1,0.134890706819658,46
3111,6,6578,2340,4238,0,0,0,1.0,1,1.0,1,1.0,1,0.09786635098819237,46
3112,0,6578,2340,4238,0,0,0,1.0,1,1.0,1,1.0,1,0.10584450659525747,47
3113,1,6579,2341,4238,0,0,0,1.0,1,1.0,1,1.0,1,0.08979882414925676,48
3114,0,6579,2341,4238,0,0,0,1.0,1,1.0,1,1.0,1,0.10208349816338566,48
3115,1,6580,2341,4239,0,0,0,1.0,1,1.0,1,1.0,1,0.12148758764634089,49
3116,2,6582,2341,4241,0,0,0,1.0,1,1.0,1,1.0,1,0.1340856439431297,48
3117,1,6583,2341,4242,0,0,0,1.0,1,1.0,1,1.0,1,0.12225999334260974,49
3118,0,6583,2341,4242,0,0,0,1.0,1,1.0,1,1.0,1,0.14658780041797825,50
3119,1,6584,2341,4243,0,0,0,1.0,1,1.0,1,1.0,1,0.1318117610432659,50
3120,2,6586,2341,4245,0,0,0,1.0,1,1.0,1,1.0,1,0.1246948857533014,50
3121,3,6589,2341,4248,0,0,0,1.0,1,1.0,1,1.0,1,0.0848340417528658,50
3122,0,6589,2341,4248,0,0,0,1.0,1,1.0,1,1.0,1,0.0848340417528658,50
3123,2,6591,2343,4248,0,0,0,1.0,1,1.0,1,1.0,1,0.08833240303204078,51
3124,1,6592,2344,4248,0,0,0,1.0,1,1.0,1,1.0,1,0.11798465335936768,51
3125,2,6594,2345,4249,0,0,0,1.0,1,1.0,1,1.0,1,0.1444867242391877,51
3126,5,6599,2346,4253,0,0,0,1.0,1,1.0,1,1.0,1,0.11479779210571907,54
3127,4,6603,2348,4255,0,0,0,1.0,1,1.0,1,1.0,1,0.11192504793662221,53
3128,2,6605,2349,4256,0,0,0,1.0,1,1.0,1,1.0,1,0.13258639814329537,52
3129,1,6606,2350,4256,0,0,0,1.0,1,1.0,1,1.0,1,0.12311849021282706,51
3130,1,6607,2351,4256,0,0,0,1.0,1,1.0,1,1.0,1,0.1626649827318569,50
3131,6,6613,2353,4260,0,0,0,1.0,1,1.0,1,1.0,1,0.13475634404916584,50
3132,2,6615,2355,4260,0,0,0,1.0,1,1.0,1,1.0,1,0.16979912419554183,49
3133,0,6615,2355,4260,0,0,0,1.0,1,1.0,1,1.0,1,0.16979912419554183,49
3134,1,6616,2355,4261,0,0,0,1.0,1,1.0,1,1.0,1,0.15250283425997913,46
3135,0,6616,2355,4261,0,0,0,1.0,1,1.0,1,1.0,1,0.14383081998498604,47
3136,2,6618,2355,4263,0,0,0,1.0,1,1.0,1,1.0,1,0.09076487220808108,46
3137,1,6619,2355,4264,0,0,0,1.0,1,1.0,1,1.0,1,0.10604724155984142,49
3138,0,6619,2355,4264,0,0,0,1.0,1,1.0,1,1.0,1,0.10604724155984142,49
3139,3,6622,2357,4265,0,0,0,1.0,1,1.0,1,1.0,1,0.14809204598028164,50
3140,6,6628,2359,4269,0,0,0,1.0,1,1.0,1,1.0,1,0.170674956858755,51
3141,3,6631,2359,4272,0,0,0,1.0,1,1.0,1,1.0,1,0.11775791334802914,50
3142,0,6631,2359,4272,0,0,0,1.0,1,1.0,1,1.0,1,0.11775791334802914,50
3143,3,6634,2361,4273,0,0,0,1.0,1,1.0,1,1.0,1,0.14607603896232563,49
3144,2,6636,2361,4275,0,0,0,1.0,1,1.0,1,1.0,1,0.12437361422651473,49
3145,0,6636,2361,4275,0,0,0,1.0,1,1.0,1,1.0,1,0.15643404284825935,48
3146,3,6639,2362,4277,0,0,0,1.0,1,1.0,1,1.0,1,0.1501007575731186,49
3147,3,6642,2362,4280,0,0,0,1.0,1,1.0,1,1.0,1,0.11932140712950877,48
3148,1,6643,2363,4280,0,0,0,1.0,1,1.0,1,1.0,1,0.11021730384744058,48
3149,3,6646,2366,4280,0,0,0,1.0,1,1.0,1,1.0,1,0.10706880320084936,47
3150,0,6646,2366,4280,0,0,0,1.0,1,1.0,1,1.0,1,0.10706880320084936,47
3151,3,6649,2367,4282,0,0,0,1.0,1,1.0,1,1.0,1,0.14567974200230843,48
3152,0,6649,2367,4282,0,0,0,1.0,1,1.0,1,1.0,1,0.13194560391642285,47
3153,3,6652,2368,4284,0,0,0,1.0,1,1.0,1,1.0,1,0.10877937558901245,47
3154,1,6653,2368,4285,0,0,0,1.0,1,1.0,1,1.0,1,0.11642583379750732,48
3155,2,6655,2369,4286,0,0,0,1.0,1,1.0,1,1.0,1,0.10710405368360815,48
3156,2,6657,2369,4288,0,0,0,1.0,1,1.0,1,1.0,1,0.08387654703096677,48
3157,1,6658,2369,4289,0,0,0,1.0,1,1.0,1,1.0,1,0.10745927596723125,48
3158,0,6658,2369,4289,0,0,0,1.0,1,1.0,1,1.0,1,0.10745927596723125,48
3159,3,6661,2369,4292,0,0,0,1.0,1,1.0,1,1.0,1,0.10523972258328021,49
3160,2,6663,2369,4294,0,0,0,1.0,1,1.0,1,1.0,1,0.12479431853525441,51
3161,2,6665,2369,4296,0,0,0,1.0,1,1.0,1,1.0,1,0.07952336033377541,52
3162,1,6666,2370,4296,0,0,0,1.0,1,1.0,1,1.0,1,0.10355713800580502,51
3163,2,6668,2371,4297,0,0,0,1.0,1,1.0,1,1.0,1,0.10917548309354441,51
3164,2,6670,2372,4298,0,0,0,1.0,1,1.0,1,1.0,1,0.12762746548548923,52
3165,2,6672,2373,4299,0,0,0,1.0,1,1.0,1,1.0,1,0.1530805731926815,50
3166,5,6677,2375,4302,0,0,0,1.0,1,1.0,1,1.0,1,0.09537225383545567,50
3167,5,6682,2378,4304,0,0,0,1.0,1,1.0,1,1.0,1,0.11838028968640078,49
3168,3,6685,2380,4305,0,0,0,1.0,1,1.0,1,1.0,1,0.14474478227116935,47
3169,1,6686,2380,4306,0,0,0,1.0,1,1.0,1,1.0,1,0.14434174241898376,48
3170,0,6686,2380,4306,0,0,0,1.0,1,1.0,1,1.0,1,0.160400361666279,47
3171,5,6691,2381,4310,0,0,0,1.0,1,1.0,1,1.0,1,0.12409432032280937,47
3172,1,6692,2381,4311,0,0,0,1.0,1,1.0,1,1.0,1,0.12704438924536737,46
3173,1,6693,2381,4312,0,0,0,1.0,1,1.0,1,1.0,1,0.10726064598079904,45
3174,3,6696,2382,4314,0,0,0,1.0,1,1.0,1,1.0,1,0.12824046631423658,43
3175,1,6697,2382,4315,0,0,0,1.0,1,1.0,1,1.0,1,0.12463774563986331,43
3176,3,6700,2382,4318,0,0,0,1.0,1,1.0,1,1.0,1,0.06457553160288527,44
3177,0,6700,2382,4318,0,0,0,1.0,1,1.0,1,1.0,1,0.06457553160288527,44
3178,1,6701,2382,4319,0,0,0,1.0,1,1.0,1,1.0,1,0.07062704817924446,47
3179,7,6708,2385,4323,0,0,0,1.0,1,1.0,1,1.0,1,0.12254893140882714,48
3180,0,6708,2385,4323,0,0,0,1.0,1,1.0,1,1.0,1,0.12254893140882714,48
3181,3,6711,2385,4326,0,0,0,1.0,1,1.0,1,1.0,1,0.09071604641086024,48
3182,1,6712,2385,4327,0,0,0,1.0,1,1.0,1,1.0,1,0.08006988926929855,51
3183,1,6713,2386,4327,0,0,0,1.0,1,1.0,1,1.0,1,0.09945828034849508,50
3184,2,6715,2388,4327,0,0,0,1.0,1,1.0,1,1.0,1,0.15093016487703,50
3185,0,6715,2388,4327,0,0,0,1.0,1,1.0,1,1.0,1,0.15577734615085523,48
3186,6,6721,2389,4332,0,0,0,1.0,1,1.0,1,1.0,1,0.10601374552787116,48
3187,2,6723,2389,4334,0,0,0,1.0,1,1.0,1,1.0,1,0.10444622134459049,48
3188,1,6724,2389,4335,0,0,0,1.0,1,1.0,1,1.0,1,0.08651764147859001,48
3189,2,6726,2389,4337,0,0,0,1.0,1,1.0,1,1.0,1,0.0977698672680928,49
3190,3,6729,2389,4340,0,0,0,1.0,1,1.0,1,1.0,1,0.09280748461340378,51
3191,0,6729,2389,4340,0,0,0,1.0,1,1.0,1,1.0,1,0.09648899516103895,52
3192,2,6731,2390,4341,0,0,0,1.0,1,1.0,1,1.0,1,0.0861035689151587,52
3193,0,6731,2390,4341,0,0,0,1.0,1,1.0,1,1.0,1,0.0861035689151587,52
3194,6,6737,2392,4345,0,0,0,1.0,1,1.0,1,1.0,1,0.084814732968616,54
3195,1,6738,2392,4346,0,0,0,1.0,1,1.0,1,1.0,1,0.0785527993635764,54
3196,1,6739,2393,4346,0,0,0,1.0,1,1.0,1,1.0,1,0.11477357864136858,54
3197,0,6739,2393,4346,0,0,0,1.0,1,1.0,1,1.0,1,0.14598880146718968,54
3198,3,6742,2395,4347,0,0,0,1.0,1,1.0,1,1.0,1,0.1485104878265685,54
3199,2,6744,2395,4349,0,0,0,1.0,1,1.0,1,1.0,1,0.11244832342139524,56
3200,3,6747,2398,4349,0,0,0,1.0,1,1.0,1,1.0,1,0.20646362908231702,56
3201,7,6754,2398,4356,0,0,0,1.0,1,1.0,1,1.0,1,0.0901847203319391,56
3202,2,6756,2399,4357,0,0,0,1.0,1,1.0,1,1.0,1,0.11201805665422504,57
3203,0,6756,2399,4357,0,0,0,1.0,1,1.0,1,1.0,1,0.11800431492104833,56
3204,4,6760,2401,4359,0,0,0,1.0,1,1.0,1,1.0,1,0.1514761873519866,55
3205,0,6760,2401,4359,0,0,0,1.0,1,1.0,1,1.0,1,0.16325996552145186,54
3206,8,6768,2406,4362,0,0,0,1.0,1,1.0,1,1.0,1,0.1890391686092993,56
3207,4,6772,2407,4365,0,0,0,1.0,1,1.0,1,1.0,1,0.2032352094292678,54
3208,6,6778,2408,4370,0,0,0,1.0,1,1.0,1,1.0,1,0.2228131198981551,53
3209,6,6784,2408,4376,0,0,0,1.0,1,1.0,1,1.0,1,0.2175706783291874,54
3210,4,6788,2408,4380,0,0,0,1.0,1,1.0,1,1.0,1,0.22606647775337957,53
3211,5,6793,2409,4384,0,0,0,1.0,1,1.0,1,1.0,1,0.1994105774885664,53
3212,0,6793,2409,4384,0,0,0,1.0,1,1.0,1,1.0,1,0.2011364319401349,54
3213,0,6793,2409,4384,0,0,0,1.0,1,1.0,1,1.0,1,0.196796807235299,54
3214,1,6794,2409,4385,0,0,0,1.0,1,1.0,1,1.0,1,0.20264163049599987,55
3215,0,6794,2409,4385,0,0,0,1.0,1,1.0,1,1.0,1,0.20264163049599987,55
3216,2,6796,2409,4387,0,0,0,1.0,1,1.0,1,1.0,1,0.1762274914650398,55
3217,1,6797,2410,4387,0,0,0,1.0,1,1.0,1,1.0,1,0.1930881134677887,54
3218,2,6799,2410,4389,0,0,0,1.0,1,1.0,1,1.0,1,0.17369669950264302,54
3219,0,6799,2410,4389,0,0,0,1.0,1,1.0,1,1.0,1,0.17298682382940578,55
3220,0,6799,2410,4389,0,0,0,1.0,1,1.0,1,1.0,1,0.15339594917981014,56
3221,1,6800,2410,4390,0,0,0,1.0,1,1.0,1,1.0,1,0.1506798351669927,57
3222,3,6803,2411,4392,0,0,0,1.0,1,1.0,1,1.0,1,0.1342008276734878,57
3223,2,6805,2412,4393,0,0,0,1.0,1,1.0,1,1.0,1,0.13128122093072023,56
3224,4,6809,2416,4393,0,0,0,1.0,1,1.0,1,1.0,1,0.15285953980042144,58
3225,1,6810,2416,4394,0,0,0,1.0,1,1.0,1,1.0,1,0.12919557106784793,55
3226,3,6813,2417,4396,0,0,0,1.0,1,1.0,1,1.0,1,0.12769233040968062,54
3227,1,6814,2418,4396,0,0,0,1.0,1,1.0,1,1.0,1,0.11878247202979408,53
3228,2,6816,2420,4396,0,0,0,1.0,1,1.0,1,1.0,1,0.16130330667564977,52
3229,4,6820,2423,4397,0,0,0,1.0,1,1.0,1,1.0,1,0.19059591994007555,52
3230,4,6824,2425,4399,0,0,0,1.0,1,1.0,1,1.0,1,0.18984337650289687,50
3231,4,6828,2426,4402,0,0,0,1.0,1,1.0,1,1.0,1,0.1617564851375312,50
3232,2,6830,2427,4403,0,0,0,1.0,1,1.0,1,1.0,1,0.16293921888721505,50
3233,3,6833,2428,4405,0,0,0,1.0,1,1.0,1,1.0,1,0.1492195016891011,50
3234,3,6836,2431,4405,0,0,0,1.0,1,1.0,1,1.0,1,0.19755541568257382,49
3235,1,6837,2432,4405,0,0,0,1.0,1,1.0,1,1.0,1,0.22066790679139506,49
3236,1,6838,2432,4406,0,0,0,1.0,1,1.0,1,1.0,1,0.19772843810243174,51
3237,4,6842,2433,4409,0,0,0,1.0,1,1.0,1,1.0,1,0.19974213264922616,53
3238,0,6842,2433,4409,0,0,0,1.0,1,1.0,1,1.0,1,0.20423949515956163,53
3239,1,6843,2433,4410,0,0,0,1.0,1,1.0,1,1.0,1,0.18946724542710627,53
3240,2,6845,2433,4412,0,0,0,1.0,1,1.0,1,1.0,1,0.18822856594336354,53
3241,5,6850,2433,4417,0,0,0,1.0,1,1.0,1,1.0,1,0.1684398027826008,53
3242,1,6851,2433,4418,0,0,0,1.0,1,1.0,1,1.0,1,0.16014699719278588,53
3243,2,6853,2433,4420,0,0,0,1.0,1,1.0,1,1.0,1,0.1256556861090556,56
3244,1,6854,2433,4421,0,0,0,1.0,1,1.0,1,1.0,1,0.11860989812688606,57
3245,0,6854,2433,4421,0,0,0,1.0,1,1.0,1,1.0,1,0.1155234823637545,59
3246,1,6855,2433,4422,0,0,0,1.0,1,1.0,1,1.0,1,0.10749666570262796,59
3247,0,6855,2433,4422,0,0,0,1.0,1,1.0,1,1.0,1,0.10749666570262796,59
3248,0,6855,2433,4422,0,0,0,1.0,1,1.0,1,1.0,1,0.10749666570262796,59
3249,0,6855,2433,4422,0,0,0,1.0,1,1.0,1,1.0,1,0.13138232661978894,58
3250,0,6855,2433,4422,0,0,0,1.0,1,1.0,1,1.0,1,0.13138232661978894,58
3251,4,6859,2434,4425,0,0,0,1.0,1,1.0,1,1.0,1,0.13030327429741925,57
3252,0,6859,2434,4425,0,0,0,1.0,1,1.0,1,1.0,1,0.14550584603925967,57
3253,0,6859,2434,4425,0,0,0,1.0,1,1.0,1,1.0,1,0.15837763509210856,56
3254,3,6862,2435,4427,0,0,0,1.0,1,1.0,1,1.0,1,0.1461198904413006,57
3255,2,6864,2436,4428,0,0,0,1.0,1,1.0,1,1.0,1,0.14105409949206807,57
3256,1,6865,2436,4429,0,0,0,1.0,1,1.0,1,1.0,1,0.13092313865837674,57
3257,1,6866,2436,4430,0,0,0,1.0,1,1.0,1,1.0,1,0.11955015558431269,57
3258,2,6868,2436,4432,0,0,0,1.0,1,1.0,1,1.0,1,0.12151261342005815,58
3259,6,6874,2439,4435,0,0,0,1.0,1,1.0,1,1.0,1,0.12142847948632,59
3260,3,6877,2439,4438,0,0,0,1.0,1,1.0,1,1.0,1,0.08503182388166058,60
3261,3,6880,2440,4440,0,0,0,1.0,1,1.0,1,1.0,1,0.083282628576051,60
3262,2,6882,2441,4441,0,0,0,1.0,1,1.0,1,1.0,1,0.08813096372283731,61
3263,6,6888,2446,4442,0,0,0,1.0,1,1.0,1,1.0,1,0.11278312038369401,62
3264,6,6894,2451,4443,0,0,0,1.0,1,1.0,1,1.0,1,0.16040790326693216,60
3265,3,6897,2454,4443,0,0,0,1.0,1,1.0,1,1.0,1,0.14948348738161116,58
3266,9,6906,2457,4449,0,0,0,1.0,1,1.0,1,1.0,1,0.10872707657817471,59
3267,5,6911,2460,4451,0,0,0,1.0,1,1.0,1,1.0,1,0.09750127402897539,60
3268,4,6915,2463,4452,0,0,0,1.0,1,1.0,1,1.0,1,0.1523070898363982,58
3269,4,6919,2463,4456,0,0,0,1.0,1,1.0,1,1.0,1,0.08313402783129624,57
3270,1,6920,2463,4457,0,0,0,1.0,1,1.0,1,1.0,1,0.07379196569542895,56
3271,2,6922,2464,4458,0,0,0,1.0,1,1.0,1,1.0,1,0.06118261199832064,55
3272,0,6922,2464,4458,0,0,0,1.0,1,1.0,1,1.0,1,0.06233765014915781,55
3273,5,6927,2466,4461,0,0,0,1.0,1,1.0,1,1.0,1,0.05678442228277828,55
3274,0,6927,2466,4461,0,0,0,1.0,1,1.0,1,1.0,1,0.07700150625392121,55
3275,1,6928,2467,4461,0,0,0,1.0,1,1.0,1,1.0,1,0.07924996007546364,55
3276,1,6929,2467,4462,0,0,0,1.0,1,1.0,1,1.0,1,0.08886848122506688,55
3277,2,6931,2468,4463,0,0,0,1.0,1,1.0,1,1.0,1,0.08539251434336081,57
3278,3,6934,2469,4465,0,0,0,1.0,1,1.0,1,1.0,1,0.060271645317174785,56
3279,3,6937,2470,4467,0,0,0,1.0,1,1.0,1,1.0,1,0.04630238327561707,54
3280,3,6940,2471,4469,0,0,0,1.0,1,1.0,1,1.0,1,0.07452926960664094,53
3281,2,6942,2472,4470,0,0,0,1.0,1,1.0,1,1.0,1,0.11027309178868427,52
3282,1,6943,2473,4470,0,0,0,1.0,1,1.0,1,1.0,1,0.1883750955408221,50
3283,1,6944,2473,4471,0,0,0,1.0,1,1.0,1,1.0,1,0.1524670124066738,50
3284,2,6946,2475,4471,0,0,0,1.0,1,1.0,1,1.0,1,0.1821044059265193,47
3285,0,6946,2475,4471,0,0,0,1.0,1,1.0,1,1.0,1,0.16619619957264783,48
3286,10,6956,2478,4478,0,0,0,1.0,1,1.0,1,1.0,1,0.1010188856902862,46
3287,5,6961,2481,4480,0,0,0,1.0,1,1.0,1,1.0,1,0.14718911351859762,46
3288,5,6966,2482,4484,0,0,0,1.0,1,1.0,1,1.0,1,0.15661271422725023,46
3289,5,6971,2483,4488,0,0,0,1.0,1,1.0,1,1.0,1,0.1350061461940022,48
3290,3,6974,2483,4491,0,0,0,1.0,1,1.0,1,1.0,1,0.11285472392214782,48
3291,5,6979,2485,4494,0,0,0,1.0,1,1.0,1,1.0,1,0.09658745249929014,50
3292,2,6981,2487,4494,0,0,0,1.0,1,1.0,1,1.0,1,0.1507922608135555,50
3293,1,6982,2487,4495,0,0,0,1.0,1,1.0,1,1.0,1,0.12733220547269306,51
3294,3,6985,2488,4497,0,0,0,1.0,1,1.0,1,1.0,1,0.09876821093199761,50
3295,3,6988,2489,4499,0,0,0,1.0,1,1.0,1,1.0,1,0.1081807234608183,50
3296,2,6990,2489,4501,0,0,0,1.0,1,1.0,1,1.0,1,0.09177341452755246,50
3297,1,6991,2489,4502,0,0,0,1.0,1,1.0,1,1.0,1,0.10044426424969984,51
3298,4,6995,2491,4504,0,0,0,1.0,1,1.0,1,1.0,1,0.10365861070930144,52
3299,3,6998,2492,4506,0,0,0,1.0,1,1.0,1,1.0,1,0.1025340113771842,53
3300,0,6998,2492,4506,0,0,0,1.0,1,1.0,1,1.0,1,0.1025340113771842,53
3301,2,7000,2493,4507,0,0,0,1.0,1,1.0,1,1.0,1,0.10402101070159334,53
3302,0,7000,2493,4507,0,0,0,1.0,1,1.0,1,1.0,1,0.10402101070159334,53
3303,2,7002,2494,4508,0,0,0,1.0,1,1.0,1,1.0,1,0.09579032411423444,52
3304,6,7008,2497,4511,0,0,0,1.0,1,1.0,1,1.0,1,0.12537447898561102,52
3305,2,7010,2499,4511,0,0,0,1.0,1,1.0,1,1.0,1,0.16378991596233525,51
3306,1,7011,2499,4512,0,0,0,1.0,1,1.0,1,1.0,1,0.14479398992049036,51
3307,1,7012,2499,4513,0,0,0,1.0,1,1.0,1,1.0,1,0.11096449121545665,48
3308,3,7015,2501,4514,0,0,0,1.0,1,1.0,1,1.0,1,0.0965351734038782,48
3309,1,7016,2501,4515,0,0,0,1.0,1,1.0,1,1.0,1,0.09760410208109102,48
3310,0,7016,2501,4515,0,0,0,1.0,1,1.0,1,1.0,1,0.15729175705608692,47
3311,4,7020,2503,4517,0,0,0,1.0,1,1.0,1,1.0,1,0.1464873991686014,49
3312,4,7024,2505,4519,0,0,0,1.0,1,1.0,1,1.0,1,0.17295364887166081,48
3313,4,7028,2507,4521,0,0,0,1.0,1,1.0,1,1.0,1,0.1806097608545281,49
3314,3,7031,2508,4523,0,0,0,1.0,1,1.0,1,1.0,1,0.19968688584107683,47
3315,1,7032,2509,4523,0,0,0,1.0,1,1.0,1,1.0,1,0.22173986871249726,47
3316,8,7040,2509,4531,0,0,0,1.0,1,1.0,1,1.0,1,0.16955732501520465,47
3317,6,7046,2509,4537,0,0,0,1.0,1,1.0,1,1.0,1,0.17910696340490115,46
3318,5,7051,2510,4541,0,0,0,1.0,1,1.0,1,1.0,1,0.13479889799008177,45
3319,1,7052,2510,4542,0,0,0,1.0,1,1.0,1,1.0,1,0.13709071423641628,44
3320,1,7053,2510,4543,0,0,0,1.0,1,1.0,1,1.0,1,0.15667885443702328,43
3321,4,7057,2511,4546,0,0,0,1.0,1,1.0,1,1.0,1,0.10559651941509962,43
3322,1,7058,2512,4546,0,0,0,1.0,1,1.0,1,1.0,1,0.16107454481942599,40
3323,5,7063,2514,4549,0,0,0,1.0,1,1.0,1,1.0,1,0.13319143891073082,40
3324,4,7067,2516,4551,0,0,0,1.0,1,1.0,1,1.0,1,0.13817403000286713,40
3325,3,7070,2519,4551,0,0,0,1.0,1,1.0,1,1.0,1,0.21298276875006455,40
3326,3,7073,2520,4553,0,0,0,1.0,1,1.0,1,1.0,1,0.16785052420069982,41
3327,2,7075,2522,4553,0,0,0,1.0,1,1.0,1,1.0,1,0.14713547282975453,39
3328,5,7080,2523,4557,0,0,0,1.0,1,1.0,1,1.0,1,0.1811069509618283,41
3329,3,7083,2524,4559,0,0,0,1.0,1,1.0,1,1.0,1,0.22125754707528006,39
3330,1,7084,2524,4560,0,0,0,1.0,1,1.0,1,1.0,1,0.21585759730616233,40
3331,4,7088,2524,4564,0,0,0,1.0,1,1.0,1,1.0,1,0.14898423165776273,38
3332,1,7089,2524,4565,0,0,0,1.0,1,1.0,1,1.0,1,0.16288368751150784,38
3333,0,7089,2524,4565,0,0,0,1.0,1,1.0,1,1.0,1,0.16288368751150784,38
3334,1,7090,2524,4566,0,0,0,1.0,1,1.0,1,1.0,1,0.15299302752421656,40
3335,1,7091,2524,4567,0,0,0,1.0,1,1.0,1,1.0,1,0.13135581803704632,40
3336,1,7092,2524,4568,0,0,0,1.0,1,1.0,1,1.0,1,0.1473739878529033,39
3337,2,7094,2524,4570,0,0,0,1.0,1,1.0,1,1.0,1,0.13233471717191933,40
3338,2,7096,2526,4570,0,0,0,1.0,1,1.0,1,1.0,1,0.16882860928080373,41
3339,2,7098,2527,4571,0,0,0,1.0,1,1.0,1,1.0,1,0.15419204987875648,42
3340,1,7099,2528,4571,0,0,0,1.0,1,1.0,1,1.0,1,0.15774358586300066,43
3341,1,7100,2528,4572,0,0,0,1.0,1,1.0,1,1.0,1,0.12501852714195968,43
3342,3,7103,2529,4574,0,0,0,1.0,1,1.0,1,1.0,1,0.14315661836126786,44
3343,4,7107,2531,4576,0,0,0,1.0,1,1.0,1,1.0,1,0.1526283698267121,44
3344,3,7110,2533,4577,0,0,0,1.0,1,1.0,1,1.0,1,0.18242651395479328,44
3345,0,7110,2533,4577,0,0,0,1.0,1,1.0,1,1.0,1,0.18444553449290543,43
3346,1,7111,2533,4578,0,0,0,1.0,1,1.0,1,1.0,1,0.19439893944956807,42
3347,0,7111,2533,4578,0,0,0,1.0,1,1.0,1,1.0,1,0.1893081411551434,44
3348,1,7112,2533,4579,0,0,0,1.0,1,1.0,1,1.0,1,0.18940520340183345,45
3349,1,7113,2534,4579,0,0,0,1.0,1,1.0,1,1.0,1,0.1660547790245098,45
3350,0,7113,2534,4579,0,0,0,1.0,1,1.0,1,1.0,1,0.1518011887168989,46
3351,3,7116,2535,4581,0,0,0,1.0,1,1.0,1,1.0,1,0.13698140109302595,47
3352,2,7118,2536,4582,0,0,0,1.0,1,1.0,1,1.0,1,0.15503462145225655,47
3353,2,7120,2536,4584,0,0,0,1.0,1,1.0,1,1.0,1,0.13850870194275747,48
3354,2,7122,2537,4585,0,0,0,1.0,1,1.0,1,1.0,1,0.1453308692883854,48
3355,1,7123,2537,4586,0,0,0,1.0,1,1.0,1,1.0,1,0.10834336468640898,48
3356,2,7125,2538,4587,0,0,0,1.0,1,1.0,1,1.0,1,0.1131182583206042,48
3357,2,7127,2539,4588,0,0,0,1.0,1,1.0,1,1.0,1,0.0833401081496164,47
3358,2,7129,2540,4589,0,0,0,1.0,1,1.0,1,1.0,1,0.1282912528539586,46
3359,3,7132,2542,4590,0,0,0,1.0,1,1.0,1,1.0,1,0.12976453089016743,45
3360,5,7137,2545,4592,0,0,0,1.0,1,1.0,1,1.0,1,0.1822490704867064,44
3361,4,7141,2545,4596,0,0,0,1.0,1,1.0,1,1.0,1,0.09287224929840225,43
3362,2,7143,2545,4598,0,0,0,1.0,1,1.0,1,1.0,1,0.07404908315009859,42
3363,1,7144,2546,4598,0,0,0,1.0,1,1.0,1,1.0,1,0.09637198566964514,41
3364,1,7145,2546,4599,0,0,0,1.0,1,1.0,1,1.0,1,0.07303995963085243,41
3365,1,7146,2547,4599,0,0,0,1.0,1,1.0,1,1.0,1,0.061506633431190415,41
3366,1,7147,2548,4599,0,0,0,1.0,1,1.0,1,1.0,1,0.058741497333002886,40
3367,0,7147,2548,4599,0,0,0,1.0,1,1.0,1,1.0,1,0.053977204593997505,39
3368,1,7148,2549,4599,0,0,0,1.0,1,1.0,1,1.0,1,0.09187371701836758,39
3369,2,7150,2550,4600,0,0,0,1.0,1,1.0,1,1.0,1,0.09985862923509223,40
3370,3,7153,2551,4602,0,0,0,1.0,1,1.0,1,1.0,1,0.0827070283984765,41
3371,0,7153,2551,4602,0,0,0,1.0,1,1.0,1,1.0,1,0.0827070283984765,41
3372,3,7156,2553,4603,0,0,0,1.0,1,1.0,1,1.0,1,0.15903239446751685,40
3373,0,7156,2553,4603,0,0,0,1.0,1,1.0,1,1.0,1,0.16808803966369637,41
3374,0,7156,2553,4603,0,0,0,1.0,1,1.0,1,1.0,1,0.17058159557521702,42
3375,4,7160,2553,4607,0,0,0,1.0,1,1.0,1,1.0,1,0.12544232536685815,44
3376,3,7163,2553,4610,0,0,0,1.0,1,1.0,1,1.0,1,0.07820394496768558,46
3377,0,7163,2553,4610,0,0,0,1.0,1,1.0,1,1.0,1,0.08614992837872162,47
3378,3,7166,2555,4611,0,0,0,1.0,1,1.0,1,1.0,1,0.11214961127840811,48
3379,3,7169,2555,4614,0,0,0,1.0,1,1.0,1,1.0,1,0.10445630118967006,48
3380,2,7171,2556,4615,0,0,0,1.0,1,1.0,1,1.0,1,0.14375909023302288,48
3381,2,7173,2556,4617,0,0,0,1.0,1,1.0,1,1.0,1,0.12059345404685347,48
3382,1,7174,2557,4617,0,0,0,1.0,1,1.0,1,1.0,1,0.15876515731839527,49
3383,0,7174,2557,4617,0,0,0,1.0,1,1.0,1,1.0,1,0.12750246299674692,47
3384,5,7179,2558,4621,0,0,0,1.0,1,1.0,1,1.0,1,0.13005537567696804,48
3385,2,7181,2558,4623,0,0,0,1.0,1,1.0,1,1.0,1,0.13710046379081026,47
3386,3,7184,2559,4625,0,0,0,1.0,1,1.0,1,1.0,1,0.16225574153168643,49
3387,0,7184,2559,4625,0,0,0,1.0,1,1.0,1,1.0,1,0.1613631194334817,48
3388,4,7188,2560,4628,0,0,0,1.0,1,1.0,1,1.0,1,0.1505441537354907,48
3389,0,7188,2560,4628,0,0,0,1.0,1,1.0,1,1.0,1,0.16853041353885928,50
3390,0,7188,2560,4628,0,0,0,1.0,1,1.0,1,1.0,1,0.14685833617683333,51
3391,3,7191,2561,4630,0,0,0,1.0,1,1.0,1,1.0,1,0.16001693638779832,51
3392,1,7192,2561,4631,0,0,0,1.0,1,1.0,1,1.0,1,0.12907250950487292,52
3393,2,7194,2561,4633,0,0,0,1.0,1,1.0,1,1.0,1,0.08186145534421987,52
3394,0,7194,2561,4633,0,0,0,1.0,1,1.0,1,1.0,1,0.08186145534421987,52
3395,1,7195,2562,4633,0,0,0,1.0,1,1.0,1,1.0,1,0.10294161080054408,50
3396,2,7197,2562,4635,0,0,0,1.0,1,1.0,1,1.0,1,0.08538065504130633,49
3397,0,7197,2562,4635,0,0,0,1.0,1,1.0,1,1.0,1,0.08331208234580476,49
3398,0,7197,2562,4635,0,0,0,1.0,1,1.0,1,1.0,1,0.08602475524691874,48
3399,2,7199,2563,4636,0,0,0,1.0,1,1.0,1,1.0,1,0.11978447789030656,49
3400,1,7200,2564,4636,0,0,0,1.0,1,1.0,1,1.0,1,0.12567799737439275,50
3401,4,7204,2564,4640,0,0,0,1.0,1,1.0,1,1.0,1,0.09106331710370422,51
3402,2,7206,2565,4641,0,0,0,1.0,1,1.0,1,1.0,1,0.11927491219812793,51
3403,0,7206,2565,4641,0,0,0,1.0,1,1.0,1,1.0,1,0.11927491219812793,51
3404,1,7207,2566,4641,0,0,0,1.0,1,1.0,1,1.0,1,0.12781041677117963,51
3405,3,7210,2567,4643,0,0,0,1.0,1,1.0,1,1.0,1,0.11859778978616829,51
3406,0,7210,2567,4643,0,0,0,1.0,1,1.0,1,1.0,1,0.09899305502207394,51
3407,1,7211,2567,4644,0,0,0,1.0,1,1.0,1,1.0,1,0.09933284066906348,52
3408,0,7211,2567,4644,0,0,0,1.0,1,1.0,1,1.0,1,0.10940666812406022,53
3409,0,7211,2567,4644,0,0,0,1.0,1,1.0,1,1.0,1,0.09881067747024645,54
3410,3,7214,2570,4644,0,0,0,1.0,1,1.0,1,1.0,1,0.11558436056859789,54
3411,3,7217,2571,4646,0,0,0,1.0,1,1.0,1,1.0,1,0.11008790298175294,54
3412,1,7218,2571,4647,0,0,0,1.0,1,1.0,1,1.0,1,0.11831480916866488,55
3413,3,7221,2573,4648,0,0,0,1.0,1,1.0,1,1.0,1,0.10049430818060084,55
3414,3,7224,2573,4651,0,0,0,1.0,1,1.0,1,1.0,1,0.1280175829351017,55
3415,11,7235,2578,4657,0,0,0,1.0,1,1.0,1,1.0,1,0.19215973025473548,56
3416,7,7242,2578,4664,0,0,0,1.0,1,1.0,1,1.0,1,0.11895846242677242,55
3417,1,7243,2579,4664,0,0,0,1.0,1,1.0,1,1.0,1,0.13095164694763675,56
3418,1,7244,2580,4664,0,0,0,1.0,1,1.0,1,1.0,1,0.1519827793678014,55
3419,7,7251,2582,4669,0,0,0,1.0,1,1.0,1,1.0,1,0.1747695349842174,56
3420,1,7252,2582,4670,0,0,0,1.0,1,1.0,1,1.0,1,0.19328220453443157,55
3421,3,7255,2583,4672,0,0,0,1.0,1,1.0,1,1.0,1,0.15889422474948287,57
3422,0,7255,2583,4672,0,0,0,1.0,1,1.0,1,1.0,1,0.16612800809412415,56
3423,2,7257,2585,4672,0,0,0,1.0,1,1.0,1,1.0,1,0.1553183370657058,56
3424,2,7259,2586,4673,0,0,0,1.0,1,1.0,1,1.0,1,0.17490686749699522,56
3425,3,7262,2587,4675,0,0,0,1.0,1,1.0,1,1.0,1,0.16761233684690124,56
3426,4,7266,2588,4678,0,0,0,1.0,1,1.0,1,1.0,1,0.1300723233105105,55
3427,6,7272,2589,4683,0,0,0,1.0,1,1.0,1,1.0,1,0.12015886080896009,55
3428,5,7277,2591,4686,0,0,0,1.0,1,1.0,1,1.0,1,0.14362638996286375,55
3429,3,7280,2592,4688,0,0,0,1.0,1,1.0,1,1.0,1,0.15302304361515065,54
3430,4,7284,2592,4692,0,0,0,1.0,1,1.0,1,1.0,1,0.13664170596655398,56
3431,3,7287,2592,4695,0,0,0,1.0,1,1.0,1,1.0,1,0.08483899702279027,54
3432,4,7291,2593,4698,0,0,0,1.0,1,1.0,1,1.0,1,0.07801252477166812,56
3433,2,7293,2594,4699,0,0,0,1.0,1,1.0,1,1.0,1,0.08329009009033106,53
3434,4,7297,2595,4702,0,0,0,1.0,1,1.0,1,1.0,1,0.07017602551767918,51
3435,1,7298,2596,4702,0,0,0,1.0,1,1.0,1,1.0,1,0.07084681216341282,51
3436,1,7299,2597,4702,0,0,0,1.0,1,1.0,1,1.0,1,0.10934309785016864,51
3437,2,7301,2597,4704,0,0,0,1.0,1,1.0,1,1.0,1,0.10855191946746875,53
3438,1,7302,2598,4704,0,0,0,1.0,1,1.0,1,1.0,1,0.13641949566133302,52
3439,3,7305,2599,4706,0,0,0,1.0,1,1.0,1,1.0,1,0.12022617515892144,54
3440,2,7307,2600,4707,0,0,0,1.0,1,1.0,1,1.0,1,0.13163847280408106,52
3441,6,7313,2600,4713,0,0,0,1.0,1,1.0,1,1.0,1,0.070173882539972,53
3442,2,7315,2601,4714,0,0,0,1.0,1,1.0,1,1.0,1,0.10869121876245422,53
3443,2,7317,2601,4716,0,0,0,1.0,1,1.0,1,1.0,1,0.10247520155043831,53
3444,0,7317,2601,4716,0,0,0,1.0,1,1.0,1,1.0,1,0.11488429582997498,52
3445,4,7321,2603,4718,0,0,0,1.0,1,1.0,1,1.0,1,0.15245821045711125,53
3446,6,7327,2605,4722,0,0,0,1.0,1,1.0,1,1.0,1,0.121781694285732,53
3447,1,7328,2605,4723,0,0,0,1.0,1,1.0,1,1.0,1,0.10318558681467875,53
3448,1,7329,2606,4723,0,0,0,1.0,1,1.0,1,1.0,1,0.1453563525522839,52
3449,3,7332,2607,4725,0,0,0,1.0,1,1.0,1,1.0,1,0.09887157335519937,52
3450,1,7333,2608,4725,0,0,0,1.0,1,1.0,1,1.0,1,0.1140859770327295,52
3451,3,7336,2611,4725,0,0,0,1.0,1,1.0,1,1.0,1,0.13215343085744652,54
3452,2,7338,2612,4726,0,0,0,1.0,1,1.0,1,1.0,1,0.11744024433851995,54
3453,1,7339,2613,4726,0,0,0,1.0,1,1.0,1,1.0,1,0.13568342258910934,54
3454,1,7340,2613,4727,0,0,0,1.0,1,1.0,1,1.0,1,0.12779101641525428,57
3455,0,7340,2613,4727,0,0,0,1.0,1,1.0,1,1.0,1,0.12779101641525428,57
3456,2,7342,2613,4729,0,0,0,1.0,1,1.0,1,1.0,1,0.12525872860731938,58
3457,1,7343,2613,4730,0,0,0,1.0,1,1.0,1,1.0,1,0.13250483438434174,57
3458,0,7343,2613,4730,0,0,0,1.0,1,1.0,1,1.0,1,0.13739108657009977,57
3459,0,7343,2613,4730,0,0,0,1.0,1,1.0,1,1.0,1,0.13739108657009977,57
3460,0,7343,2613,4730,0,0,0,1.0,1,1.0,1,1.0,1,0.1377470768104824,58
3461,3,7346,2613,4733,0,0,0,1.0,1,1.0,1,1.0,1,0.11933446894922521,59
3462,0,7346,2613,4733,0,0,0,1.0,1,1.0,1,1.0,1,0.11933446894922521,59
3463,1,7347,2614,4733,0,0,0,1.0,1,1.0,1,1.0,1,0.11558932643496092,59
3464,5,7352,2616,4736,0,0,0,1.0,1,1.0,1,1.0,1,0.12316832790860995,59
3465,3,7355,2617,4738,0,0,0,1.0,1,1.0,1,1.0,1,0.11152806910198447,57
3466,8,7363,2619,4744,0,0,0,1.0,1,1.0,1,1.0,1,0.10698359179553064,57
3467,2,7365,2619,4746,0,0,0,1.0,1,1.0,1,1.0,1,0.06528715345591116,57
3468,8,7373,2621,4752,0,0,0,1.0,1,1.0,1,1.0,1,0.11702812375115272,57
3469,4,7377,2623,4754,0,0,0,1.0,1,1.0,1,1.0,1,0.11176941871101373,53
3470,6,7383,2627,4756,0,0,0,1.0,1,1.0,1,1.0,1,0.2438875951935871,50
3471,12,7395,2629,4766,0,0,0,1.0,1,1.0,1,1.0,1,0.13632775830911795,49
3472,1,7396,2629,4767,0,0,0,1.0,1,1.0,1,1.0,1,0.18187188790521666,47
3473,10,7406,2634,4772,0,0,0,1.0,1,1.0,1,1.0,1,0.19035109559078758,45
3474,1,7407,2634,4773,0,0,0,1.0,1,1.0,1,1.0,1,0.1555865421943505,42
3475,4,7411,2635,4776,0,0,0,1.0,1,1.0,1,1.0,1,0.13819034415658676,43
3476,6,7417,2635,4782,0,0,0,1.0,1,1.0,1,1.0,1,0.08772829093251563,41
3477,6,7423,2637,4786,0,0,0,1.0,1,1.0,1,1.0,1,0.1784228616806989,42
3478,4,7427,2637,4790,0,0,0,1.0,1,1.0,1,1.0,1,0.09209377131617265,40
3479,5,7432,2638,4794,0,0,0,1.0,1,1.0,1,1.0,1,0.19987932932121824,40
3480,3,7435,2638,4797,0,0,0,1.0,1,1.0,1,1.0,1,0.14086038452512684,40
3481,1,7436,2638,4798,0,0,0,1.0,1,1.0,1,1.0,1,0.12963652019150249,40
3482,2,7438,2638,4800,0,0,0,1.0,1,1.0,1,1.0,1,0.10247757022889611,40
3483,1,7439,2639,4800,0,0,0,1.0,1,1.0,1,1.0,1,0.10865573669374366,39
3484,0,7439,2639,4800,0,0,0,1.0,1,1.0,1,1.0,1,0.10865573669374366,39
3485,4,7443,2640,4803,0,0,0,1.0,1,1.0,1,1.0,1,0.15685253202413277,40
3486,3,7446,2640,4806,0,0,0,1.0,1,1.0,1,1.0,1,0.12255439073918614,41
3487,0,7446,2640,4806,0,0,0,1.0,1,1.0,1,1.0,1,0.1656250145505733,41
3488,0,7446,2640,4806,0,0,0,1.0,1,1.0,1,1.0,1,0.16023707750746888,42
3489,2,7448,2640,4808,0,0,0,1.0,1,1.0,1,1.0,1,0.14306743591313653,44
3490,1,7449,2640,4809,0,0,0,1.0,1,1.0,1,1.0,1,0.14887359884434617,44
3491,4,7453,2640,4813,0,0,0,1.0,1,1.0,1,1.0,1,0.10502429007382985,45
3492,1,7454,2641,4813,0,0,0,1.0,1,1.0,1,1.0,1,0.12104148540660808,45
3493,0,7454,2641,4813,0,0,0,1.0,1,1.0,1,1.0,1,0.12104148540660808,45
3494,0,7454,2641,4813,0,0,0,1.0,1,1.0,1,1.0,1,0.12104148540660808,45
3495,3,7457,2642,4815,0,0,0,1.0,1,1.0,1,1.0,1,0.12872381501343008,45
3496,3,7460,2642,4818,0,0,0,1.0,1,1.0,1,1.0,1,0.08955414603834097,46
3497,2,7462,2643,4819,0,0,0,1.0,1,1.0,1,1.0,1,0.09877085098010106,47
3498,4,7466,2644,4822,0,0,0,1.0,1,1.0,1,1.0,1,0.12412930940344236,48
3499,0,7466,2644,4822,0,0,0,1.0,1,1.0,1,1.0,1,0.13896997114333579,47
3500,0,7466,2644,4822,0,0,0,1.0,1,1.0,1,1.0,1,0.14531063622145338,50
3501,3,7469,2645,4824,0,0,0,1.0,1,1.0,1,1.0,1,0.14035756833606478,50
3502,0,7469,2645,4824,0,0,0,1.0,1,1.0,1,1.0,1,0.14035756833606478,50
3503,2,7471,2647,4824,0,0,0,1.0,1,1.0,1,1.0,1,0.18853461789938983,50
3504,4,7475,2651,4824,0,0,0,1.0,1,1.0,1,1.0,1,0.30016835639027245,47
3505,4,7479,2652,4827,0,0,0,1.0,1,1.0,1,1.0,1,0.3102846151888681,48
3506,8,7487,2653,4834,0,0,0,1.0,1,1.0,1,1.0,1,0.24310205265104082,49
3507,1,7488,2653,4835,0,0,0,1.0,1,1.0,1,1.0,1,0.22448744052856154,46
3508,2,7490,2654,4836,0,0,0,1.0,1,1.0,1,1.0,1,0.22399080669539384,47
3509,4,7494,2654,4840,0,0,0,1.0,1,1.0,1,1.0,1,0.20121348966277539,44
3510,2,7496,2655,4841,0,0,0,1.0,1,1.0,1,1.0,1,0.22317612528166342,45
3511,1,7497,2656,4841,0,0,0,1.0,1,1.0,1,1.0,1,0.21616269297368382,44
3512,0,7497,2656,4841,0,0,0,1.0,1,1.0,1,1.0,1,0.20332424969237453,42
3513,0,7497,2656,4841,0,0,0,1.0,1,1.0,1,1.0,1,0.20332424969237453,42
3514,0,7497,2656,4841,0,0,0,1.0,1,1.0,1,1.0,1,0.2194253972246182,42
3515,4,7501,2658,4843,0,0,0,1.0,1,1.0,1,1.0,1,0.19298509907840758,42
3516,2,7503,2659,4844,0,0,0,1.0,1,1.0,1,1.0,1,0.14170656117175445,41
3517,2,7505,2660,4845,0,0,0,1.0,1,1.0,1,1.0,1,0.13286648708394302,44
3518,3,7508,2661,4847,0,0,0,1.0,1,1.0,1,1.0,1,0.16028481051255286,43
3519,2,7510,2662,4848,0,0,0,1.0,1,1.0,1,1.0,1,0.17509725056138592,44
3520,3,7513,2662,4851,0,0,0,1.0,1,1.0,1,1.0,1,0.1832464552308136,45
3521,5,7518,2662,4856,0,0,0,1.0,1,1.0,1,1.0,1,0.12447536207447804,45
3522,2,7520,2662,4858,0,0,0,1.0,1,1.0,1,1.0,1,0.1259419403212544,46
3523,1,7521,2662,4859,0,0,0,1.0,1,1.0,1,1.0,1,0.12415191828338702,46
3524,2,7523,2662,4861,0,0,0,1.0,1,1.0,1,1.0,1,0.10568151887385831,47
3525,3,7526,2662,4864,0,0,0,1.0,1,1.0,1,1.0,1,0.13608585662085962,48
3526,0,7526,2662,4864,0,0,0,1.0,1,1.0,1,1.0,1,0.11951972140386356,49
3527,2,7528,2664,4864,0,0,0,1.0,1,1.0,1,1.0,1,0.1754524273822543,49
3528,4,7532,2665,4867,0,0,0,1.0,1,1.0,1,1.0,1,0.16792828803801407,51
3529,0,7532,2665,4867,0,0,0,1.0,1,1.0,1,1.0,1,0.16792828803801407,51
3530,1,7533,2666,4867,0,0,0,1.0,1,1.0,1,1.0,1,0.18592360189667487,52
3531,7,7540,2667,4873,0,0,0,1.0,1,1.0,1,1.0,1,0.14611315007468023,52
3532,2,7542,2667,4875,0,0,0,1.0,1,1.0,1,1.0,1,0.15315818232766326,52
3533,0,7542,2667,4875,0,0,0,1.0,1,1.0,1,1.0,1,0.15315818232766326,52
3534,0,7542,2667,4875,0,0,0,1.0,1,1.0,1,1.0,1,0.15315818232766326,52
3535,0,7542,2667,4875,0,0,0,1.0,1,1.0,1,1.0,1,0.15315818232766326,52
3536,3,7545,2667,4878,0,0,0,1.0,1,1.0,1,1.0,1,0.13935265921111134,54
3537,0,7545,2667,4878,0,0,0,1.0,1,1.0,1,1.0,1,0.15005856977457666,55
3538,0,7545,2667,4878,0,0,0,1.0,1,1.0,1,1.0,1,0.15005856977457666,55
3539,1,7546,2667,4879,0,0,0,1.0,1,1.0,1,1.0,1,0.13208463775081927,58
3540,1,7547,2667,4880,0,0,0,1.0,1,1.0,1,1.0,1,0.13487261210754048,59
3541,1,7548,2667,4881,0,0,0,1.0,1,1.0,1,1.0,1,0.1230481242986796,59
3542,0,7548,2667,4881,0,0,0,1.0,1,1.0,1,1.0,1,0.1405289623772321,61
3543,7,7555,2669,4886,0,0,0,1.0,1,1.0,1,1.0,1,0.10712458370760673,62
3544,5,7560,2672,4888,0,0,0,1.0,1,1.0,1,1.0,1,0.07883859633898162,59
3545,3,7563,2674,4889,0,0,0,1.0,1,1.0,1,1.0,1,0.08837349803098428,59
3546,3,7566,2676,4890,0,0,0,1.0,1,1.0,1,1.0,1,0.10054630480001717,57
3547,1,7567,2676,4891,0,0,0,1.0,1,1.0,1,1.0,1,0.07194426881120591,53
3548,1,7568,2677,4891,0,0,0,1.0,1,1.0,1,1.0,1,0.09499209154221129,53
3549,0,7568,2677,4891,0,0,0,1.0,1,1.0,1,1.0,1,0.07844320705998269,52
3550,2,7570,2678,4892,0,0,0,1.0,1,1.0,1,1.0,1,0.0909272266676848,51
3551,1,7571,2679,4892,0,0,0,1.0,1,1.0,1,1.0,1,0.09873996351528992,51
3552,5,7576,2680,4896,0,0,0,1.0,1,1.0,1,1.0,1,0.07280249356956409,51
3553,0,7576,2680,4896,0,0,0,1.0,1,1.0,1,1.0,1,0.0822597070466604,49
3554,0,7576,2680,4896,0,0,0,1.0,1,1.0,1,1.0,1,0.0822597070466604,49
3555,0,7576,2680,4896,0,0,0,1.0,1,1.0,1,1.0,1,0.09246158968065141,51
3556,0,7576,2680,4896,0,0,0,1.0,1,1.0,1,1.0,1,0.09246158968065141,51
3557,1,7577,2681,4896,0,0,0,1.0,1,1.0,1,1.0,1,0.11267513521462619,52
3558,3,7580,2683,4897,0,0,0,1.0,1,1.0,1,1.0,1,0.13457131647703593,52
3559,3,7583,2685,4898,0,0,0,1.0,1,1.0,1,1.0,1,0.1393817243264096,52
3560,0,7583,2685,4898,0,0,0,1.0,1,1.0,1,1.0,1,0.12334919626695469,53
3561,4,7587,2686,4901,0,0,0,1.0,1,1.0,1,1.0,1,0.09893589610605913,54
3562,1,7588,2687,4901,0,0,0,1.0,1,1.0,1,1.0,1,0.11912779638478117,54
3563,2,7590,2688,4902,0,0,0,1.0,1,1.0,1,1.0,1,0.141295716930951,55
3564,5,7595,2688,4907,0,0,0,1.0,1,1.0,1,1.0,1,0.10138568210076492,57
3565,4,7599,2688,4911,0,0,0,1.0,1,1.0,1,1.0,1,0.10708631334209964,56
3566,2,7601,2689,4912,0,0,0,1.0,1,1.0,1,1.0,1,0.1460355069020818,57
3567,3,7604,2690,4914,0,0,0,1.0,1,1.0,1,1.0,1,0.1067293399544498,57
3568,1,7605,2691,4914,0,0,0,1.0,1,1.0,1,1.0,1,0.12551520512668246,57
3569,2,7607,2692,4915,0,0,0,1.0,1,1.0,1,1.0,1,0.12326124302472057,57
3570,3,7610,2692,4918,0,0,0,1.0,1,1.0,1,1.0,1,0.14223603823059205,59
3571,4,7614,2692,4922,0,0,0,1.0,1,1.0,1,1.0,1,0.08578082308693734,60
3572,1,7615,2693,4922,0,0,0,1.0,1,1.0,1,1.0,1,0.0785074041188404,61
3573,2,7617,2693,4924,0,0,0,1.0,1,1.0,1,1.0,1,0.09645503297789859,62
3574,3,7620,2693,4927,0,0,0,1.0,1,1.0,1,1.0,1,0.09475142888197484,63
3575,4,7624,2695,4929,0,0,0,1.0,1,1.0,1,1.0,1,0.1028092848476707,63
3576,4,7628,2696,4932,0,0,0,1.0,1,1.0,1,1.0,1,0.0880220149296083,63
3577,0,7628,2696,4932,0,0,0,1.0,1,1.0,1,1.0,1,0.08064039550799153,64
3578,0,7628,2696,4932,0,0,0,1.0,1,1.0,1,1.0,1,0.07817173473158398,64
3579,0,7628,2696,4932,0,0,0,1.0,1,1.0,1,1.0,1,0.07817173473158398,64
3580,2,7630,2697,4933,0,0,0,1.0,1,1.0,1,1.0,1,0.08512153581693054,65
3581,1,7631,2697,4934,0,0,0,1.0,1,1.0,1,1.0,1,0.09542200229638047,68
3582,4,7635,2698,4937,0,0,0,1.0,1,1.0,1,1.0,1,0.10804497012505974,68
3583,3,7638,2701,4937,0,0,0,1.0,1,1.0,1,1.0,1,0.12951965376780095,65
3584,5,7643,2706,4937,0,0,0,1.0,1,1.0,1,1.0,1,0.13433434422155358,64
3585,3,7646,2708,4938,0,0,0,1.0,1,1.0,1,1.0,1,0.15218195696835057,64
3586,7,7653,2711,4942,0,0,0,1.0,1,1.0,1,1.0,1,0.12518970849112487,65
3587,0,7653,2711,4942,0,0,0,1.0,1,1.0,1,1.0,1,0.09948257818200996,64
3588,1,7654,2712,4942,0,0,0,1.0,1,1.0,1,1.0,1,0.11962625400792112,62
3589,5,7659,2715,4944,0,0,0,1.0,1,1.0,1,1.0,1,0.13569815197297058,63
3590,5,7664,2717,4947,0,0,0,1.0,1,1.0,1,1.0,1,0.13135033856115078,63
3591,4,7668,2717,4951,0,0,0,1.0,1,1.0,1,1.0,1,0.08890208992055625,62
3592,1,7669,2718,4951,0,0,0,1.0,1,1.0,1,1.0,1,0.09517951185575972,59
3593,2,7671,2720,4951,0,0,0,1.0,1,1.0,1,1.0,1,0.11761235475204523,58
3594,1,7672,2720,4952,0,0,0,1.0,1,1.0,1,1.0,1,0.10105993060513709,57
3595,2,7674,2721,4953,0,0,0,1.0,1,1.0,1,1.0,1,0.10396613179606241,59
3596,2,7676,2721,4955,0,0,0,1.0,1,1.0,1,1.0,1,0.06540417159044436,57
3597,0,7676,2721,4955,0,0,0,1.0,1,1.0,1,1.0,1,0.07348369826306211,57
3598,2,7678,2722,4956,0,0,0,1.0,1,1.0,1,1.0,1,0.08416643812564323,57
3599,6,7684,2726,4958,0,0,0,1.0,1,1.0,1,1.0,1,0.08482291719220028,58
3600,0,7684,2726,4958,0,0,0,1.0,1,1.0,1,1.0,1,0.08346143054023984,58
3601,7,7691,2731,4960,0,0,0,1.0,1,1.0,1,1.0,1,0.08042965765407212,58
3602,1,7692,2731,4961,0,0,0,1.0,1,1.0,1,1.0,1,0.05900210958378221,60
3603,1,7693,2731,4962,0,0,0,1.0,1,1.0,1,1.0,1,0.06519774919540397,60
3604,1,7694,2731,4963,0,0,0,1.0,1,1.0,1,1.0,1,0.06249163580974648,60
3605,2,7696,2733,4963,0,0,0,1.0,1,1.0,1,1.0,1,0.1227526151075334,61
3606,8,7704,2736,4968,0,0,0,1.0,1,1.0,1,1.0,1,0.07557558216554087,63
3607,2,7706,2737,4969,0,0,0,1.0,1,1.0,1,1.0,1,0.066800274002897,63
3608,1,7707,2737,4970,0,0,0,1.0,1,1.0,1,1.0,1,0.059304571870149245,64
3609,2,7709,2737,4972,0,0,0,1.0,1,1.0,1,1.0,1,0.06178268206483393,66
3610,3,7712,2738,4974,0,0,0,1.0,1,1.0,1,1.0,1,0.07343544672816678,67
3611,2,7714,2739,4975,0,0,0,1.0,1,1.0,1,1.0,1,0.08208325145550116,67
3612,1,7715,2740,4975,0,0,0,1.0,1,1.0,1,1.0,1,0.11134648318547069,66
3613,1,7716,2741,4975,0,0,0,1.0,1,1.0,1,1.0,1,0.12396592952010801,66
3614,3,7719,2743,4976,0,0,0,1.0,1,1.0,1,1.0,1,0.11405513976812644,65
3615,0,7719,2743,4976,0,0,0,1.0,1,1.0,1,1.0,1,0.11764043461823538,65
3616,3,7722,2744,4978,0,0,0,1.0,1,1.0,1,1.0,1,0.09278803402061558,65
3617,1,7723,2744,4979,0,0,0,1.0,1,1.0,1,1.0,1,0.09066312978663567,66
3618,5,7728,2746,4982,0,0,0,1.0,1,1.0,1,1.0,1,0.1080435795739442,66
3619,3,7731,2746,4985,0,0,0,1.0,1,1.0,1,1.0,1,0.1196443822838817,65
3620,6,7737,2747,4990,0,0,0,1.0,1,1.0,1,1.0,1,0.12467495195686071,66
3621,4,7741,2748,4993,0,0,0,1.0,1,1.0,1,1.0,1,0.11309313324517034,65
3622,8,7749,2750,4999,0,0,0,1.0,1,1.0,1,1.0,1,0.10459477499897965,65
3623,2,7751,2751,5000,0,0,0,1.0,1,1.0,1,1.0,1,0.1407172469586929,62
3624,2,7753,2753,5000,0,0,0,1.0,1,1.0,1,1.0,1,0.1559775850664696,62
3625,3,7756,2754,5002,0,0,0,1.0,1,1.0,1,1.0,1,0.17423562085508526,61
3626,8,7764,2755,5009,0,0,0,1.0,1,1.0,1,1.0,1,0.058635502891986734,58
3627,6,7770,2757,5013,0,0,0,1.0,1,1.0,1,1.0,1,0.08325454018299897,58
3628,8,7778,2761,5017,0,0,0,1.0,1,1.0,1,1.0,1,0.05143999951348846,57
3629,7,7785,2762,5023,0,0,0,1.0,1,1.0,1,1.0,1,0.10743619725879476,57
3630,7,7792,2764,5028,0,0,0,1.0,1,1.0,1,1.0,1,0.11591697039387928,56
3631,7,7799,2766,5033,0,0,0,1.0,1,1.0,1,1.0,1,0.07428773839663094,54
3632,2,7801,2766,5035,0,0,0,1.0,1,1.0,1,1.0,1,0.07868756379072414,52
3633,8,7809,2771,5038,0,0,0,1.0,1,1.0,1,1.0,1,0.15839987951735382,52
3634,7,7816,2773,5043,0,0,0,1.0,1,1.0,1,1.0,1,0.17085239328728272,49
3635,1,7817,2773,5044,0,0,0,1.0,1,1.0,1,1.0,1,0.19444360732054905,47
3636,6,7823,2774,5049,0,0,0,1.0,1,1.0,1,1.0,1,0.10610992598121949,48
3637,3,7826,2774,5052,0,0,0,1.0,1,1.0,1,1.0,1,0.15523718241680912,49
3638,2,7828,2774,5054,0,0,0,1.0,1,1.0,1,1.0,1,0.14755205943776853,50
3639,1,7829,2774,5055,0,0,0,1.0,1,1.0,1,1.0,1,0.15078933659840105,52
3640,1,7830,2774,5056,0,0,0,1.0,1,1.0,1,1.0,1,0.1401953980455496,52
3641,3,7833,2774,5059,0,0,0,1.0,1,1.0,1,1.0,1,0.10993069861587812,52
3642,0,7833,2774,5059,0,0,0,1.0,1,1.0,1,1.0,1,0.10993069861587812,52
3643,0,7833,2774,5059,0,0,0,1.0,1,1.0,1,1.0,1,0.10993069861587812,52
3644,0,7833,2774,5059,0,0,0,1.0,1,1.0,1,1.0,1,0.10993069861587812,52
3645,1,7834,2775,5059,0,0,0,1.0,1,1.0,1,1.0,1,0.126070865084336,53
3646,1,7835,2775,5060,0,0,0,1.0,1,1.0,1,1.0,1,0.11638564483438579,53
3647,2,7837,2776,5061,0,0,0,1.0,1,1.0,1,1.0,1,0.13367144679761667,55
3648,2,7839,2776,5063,0,0,0,1.0,1,1.0,1,1.0,1,0.09907862952953558,57
3649,1,7840,2777,5063,0,0,0,1.0,1,1.0,1,1.0,1,0.09659001630901257,57
3650,3,7843,2777,5066,0,0,0,1.0,1,1.0,1,1.0,1,0.10950501239089334,59
3651,2,7845,2777,5068,0,0,0,1.0,1,1.0,1,1.0,1,0.08039571300059302,59
3652,0,7845,2777,5068,0,0,0,1.0,1,1.0,1,1.0,1,0.08039571300059302,59
3653,0,7845,2777,5068,0,0,0,1.0,1,1.0,1,1.0,1,0.08039571300059302,59
3654,0,7845,2777,5068,0,0,0,1.0,1,1.0,1,1.0,1,0.08039571300059302,59
3655,0,7845,2777,5068,0,0,0,1.0,1,1.0,1,1.0,1,0.09720535113045002,62
3656,0,7845,2777,5068,0,0,0,1.0,1,1.0,1,1.0,1,0.09720535113045002,62
3657,1,7846,2777,5069,0,0,0,1.0,1,1.0,1,1.0,1,0.09249377618576823,63
3658,4,7850,2778,5072,0,0,0,1.0,1,1.0,1,1.0,1,0.0952719798072765,63
3659,0,7850,2778,5072,0,0,0,1.0,1,1.0,1,1.0,1,0.08990030297249656,62
3660,4,7854,2782,5072,0,0,0,1.0,1,1.0,1,1.0,1,0.16401342001314279,62
3661,4,7858,2784,5074,0,0,0,1.0,1,1.0,1,1.0,1,0.1352936700709322,61
3662,2,7860,2786,5074,0,0,0,1.0,1,1.0,1,1.0,1,0.17790711300017722,60
3663,6,7866,2788,5078,0,0,0,1.0,1,1.0,1,1.0,1,0.13276258202603736,61
3664,0,7866,2788,5078,0,0,0,1.0,1,1.0,1,1.0,1,0.1437694108734939,58
3665,4,7870,2791,5079,0,0,0,1.0,1,1.0,1,1.0,1,0.15656412335083475,58
3666,6,7876,2792,5084,0,0,0,1.0,1,1.0,1,1.0,1,0.08636855719803219,58
3667,1,7877,2793,5084,0,0,0,1.0,1,1.0,1,1.0,1,0.09909403837781557,58
3668,0,7877,2793,5084,0,0,0,1.0,1,1.0,1,1.0,1,0.09906892930755663,58
3669,2,7879,2794,5085,0,0,0,1.0,1,1.0,1,1.0,1,0.12515506661205772,57
3670,0,7879,2794,5085,0,0,0,1.0,1,1.0,1,1.0,1,0.10278594486238735,56
3671,5,7884,2795,5089,0,0,0,1.0,1,1.0,1,1.0,1,0.09608378792136911,57
3672,1,7885,2796,5089,0,0,0,1.0,1,1.0,1,1.0,1,0.13093266674730422,57
3673,2,7887,2797,5090,0,0,0,1.0,1,1.0,1,1.0,1,0.1231758737853314,58
3674,2,7889,2797,5092,0,0,0,1.0,1,1.0,1,1.0,1,0.11730819759139391,57
3675,4,7893,2797,5096,0,0,0,1.0,1,1.0,1,1.0,1,0.13011119408808178,58
3676,2,7895,2798,5097,0,0,0,1.0,1,1.0,1,1.0,1,0.1376834445872256,59
3677,2,7897,2799,5098,0,0,0,1.0,1,1.0,1,1.0,1,0.14278247997027646,60
3678,3,7900,2799,5101,0,0,0,1.0,1,1.0,1,1.0,1,0.12127356685989389,62
3679,0,7900,2799,5101,0,0,0,1.0,1,1.0,1,1.0,1,0.12127356685989389,62
3680,0,7900,2799,5101,0,0,0,1.0,1,1.0,1,1.0,1,0.10504072488775018,63
3681,2,7902,2799,5103,0,0,0,1.0,1,1.0,1,1.0,1,0.095701657587032,64
3682,0,7902,2799,5103,0,0,0,1.0,1,1.0,1,1.0,1,0.095701657587032,64
3683,0,7902,2799,5103,0,0,0,1.0,1,1.0,1,1.0,1,0.095701657587032,64
3684,3,7905,2800,5105,0,0,0,1.0,1,1.0,1,1.0,1,0.10148254376720167,64
3685,0,7905,2800,5105,0,0,0,1.0,1,1.0,1,1.0,1,0.10148254376720167,64
3686,1,7906,2800,5106,0,0,0,1.0,1,1.0,1,1.0,1,0.08621341427601033,65
3687,0,7906,2800,5106,0,0,0,1.0,1,1.0,1,1.0,1,0.08621341427601033,65
3688,0,7906,2800,5106,0,0,0,1.0,1,1.0,1,1.0,1,0.09988299392917398,66
3689,0,7906,2800,5106,0,0,0,1.0,1,1.0,1,1.0,1,0.09988299392917398,66
3690,2,7908,2800,5108,0,0,0,1.0,1,1.0,1,1.0,1,0.10351002884755328,67
3691,1,7909,2801,5108,0,0,0,1.0,1,1.0,1,1.0,1,0.08825340073599648,68
3692,0,7909,2801,5108,0,0,0,1.0,1,1.0,1,1.0,1,0.08356004122177427,69
3693,2,7911,2801,5110,0,0,0,1.0,1,1.0,1,1.0,1,0.09358112844993982,69
3694,2,7913,2803,5110,0,0,0,1.0,1,1.0,1,1.0,1,0.09901172548002733,70
3695,1,7914,2803,5111,0,0,0,1.0,1,1.0,1,1.0,1,0.09024897012672072,70
3696,0,7914,2803,5111,0,0,0,1.0,1,1.0,1,1.0,1,0.08237202834280814,71
3697,4,7918,2804,5114,0,0,0,1.0,1,1.0,1,1.0,1,0.08706765705731022,70
3698,0,7918,2804,5114,0,0,0,1.0,1,1.0,1,1.0,1,0.08861041928763173,70
3699,2,7920,2806,5114,0,0,0,1.0,1,1.0,1,1.0,1,0.11866471971129523,70
3700,4,7924,2810,5114,0,0,0,1.0,1,1.0,1,1.0,1,0.1274203624094334,68
3701,6,7930,2812,5118,0,0,0,1.0,1,1.0,1,1.0,1,0.11230666317751788,69
3702,0,7930,2812,5118,0,0,0,1.0,1,1.0,1,1.0,1,0.09921056716742029,69
3703,0,7930,2812,5118,0,0,0,1.0,1,1.0,1,1.0,1,0.10374847540622956,70
3704,2,7932,2814,5118,0,0,0,1.0,1,1.0,1,1.0,1,0.12510344317446848,69
3705,2,7934,2815,5119,0,0,0,1.0,1,1.0,1,1.0,1,0.09659457739061286,69
3706,5,7939,2817,5122,0,0,0,1.0,1,1.0,1,1.0,1,0.09932503845719284,69
3707,0,7939,2817,5122,0,0,0,1.0,1,1.0,1,1.0,1,0.07615796336982618,67
3708,0,7939,2817,5122,0,0,0,1.0,1,1.0,1,1.0,1,0.07099783525436869,67
3709,0,7939,2817,5122,0,0,0,1.0,1,1.0,1,1.0,1,0.07099783525436869,67
3710,0,7939,2817,5122,0,0,0,1.0,1,1.0,1,1.0,1,0.0730152184174185,67
3711,2,7941,2817,5124,0,0,0,1.0,1,1.0,1,1.0,1,0.058343213152662096,68
3712,0,7941,2817,5124,0,0,0,1.0,1,1.0,1,1.0,1,0.058343213152662096,68
3713,2,7943,2819,5124,0,0,0,1.0,1,1.0,1,1.0,1,0.0796626008165712,68
3714,0,7943,2819,5124,0,0,0,1.0,1,1.0,1,1.0,1,0.08879043117831267,67
3715,2,7945,2820,5125,0,0,0,1.0,1,1.0,1,1.0,1,0.08216507395798722,68
3716,2,7947,2821,5126,0,0,0,1.0,1,1.0,1,1.0,1,0.08254519832822031,67
3717,2,7949,2822,5127,0,0,0,1.0,1,1.0,1,1.0,1,0.11726848695176047,68
3718,0,7949,2822,5127,0,0,0,1.0,1,1.0,1,1.0,1,0.1274181591643861,68
3719,5,7954,2823,5131,0,0,0,1.0,1,1.0,1,1.0,1,0.1783788324885568,68
3720,4,7958,2823,5135,0,0,0,1.0,1,1.0,1,1.0,1,0.1598293402415825,68
3721,7,7965,2827,5138,0,0,0,1.0,1,1.0,1,1.0,1,0.14667240352111277,70
3722,0,7965,2827,5138,0,0,0,1.0,1,1.0,1,1.0,1,0.1499968454334015,71
3723,3,7968,2828,5140,0,0,0,1.0,1,1.0,1,1.0,1,0.1566169410886506,71
3724,3,7971,2828,5143,0,0,0,1.0,1,1.0,1,1.0,1,0.14218830183878473,72
3725,0,7971,2828,5143,0,0,0,1.0,1,1.0,1,1.0,1,0.14230879043522848,72
3726,4,7975,2828,5147,0,0,0,1.0,1,1.0,1,1.0,1,0.1142553647800256,71
3727,0,7975,2828,5147,0,0,0,1.0,1,1.0,1,1.0,1,0.1142553647800256,71
3728,2,7977,2829,5148,0,0,0,1.0,1,1.0,1,1.0,1,0.13706776529253137,70
3729,1,7978,2830,5148,0,0,0,1.0,1,1.0,1,1.0,1,0.13012436732064867,70
3730,1,7979,2831,5148,0,0,0,1.0,1,1.0,1,1.0,1,0.16585305220374674,71
3731,1,7980,2831,5149,0,0,0,1.0,1,1.0,1,1.0,1,0.15642166303036564,71
3732,2,7982,2831,5151,0,0,0,1.0,1,1.0,1,1.0,1,0.1423783324315651,72
3733,5,7987,2832,5155,0,0,0,1.0,1,1.0,1,1.0,1,0.15558855837304147,73
3734,8,7995,2834,5161,0,0,0,1.0,1,1.0,1,1.0,1,0.16776573366597938,74
3735,3,7998,2834,5164,0,0,0,1.0,1,1.0,1,1.0,1,0.14671551580745815,72
3736,2,8000,2834,5166,0,0,0,1.0,1,1.0,1,1.0,1,0.10531338109979023,72
3737,2,8002,2834,5168,0,0,0,1.0,1,1.0,1,1.0,1,0.10155776475245296,73
3738,1,8003,2834,5169,0,0,0,1.0,1,1.0,1,1.0,1,0.0951128137268703,72
3739,1,8004,2834,5170,0,0,0,1.0,1,1.0,1,1.0,1,0.10311341667819444,73
3740,1,8005,2834,5171,0,0,0,1.0,1,1.0,1,1.0,1,0.12564134976788857,70
3741,2,8007,2834,5173,0,0,0,1.0,1,1.0,1,1.0,1,0.10251796387213784,70
3742,0,8007,2834,5173,0,0,0,1.0,1,1.0,1,1.0,1,0.10251796387213784,70
3743,1,8008,2834,5174,0,0,0,1.0,1,1.0,1,1.0,1,0.10849993380842904,69
3744,4,8012,2837,5175,0,0,0,1.0,1,1.0,1,1.0,1,0.15281399546122051,69
3745,0,8012,2837,5175,0,0,0,1.0,1,1.0,1,1.0,1,0.1513427616568694,68
3746,6,8018,2838,5180,0,0,0,1.0,1,1.0,1,1.0,1,0.12451708532963704,66
3747,1,8019,2839,5180,0,0,0,1.0,1,1.0,1,1.0,1,0.12084471061060104,66
3748,2,8021,2839,5182,0,0,0,1.0,1,1.0,1,1.0,1,0.09250163231514409,65
3749,3,8024,2840,5184,0,0,0,1.0,1,1.0,1,1.0,1,0.09744171111177215,64
3750,1,8025,2840,5185,0,0,0,1.0,1,1.0,1,1.0,1,0.10301035659523891,63
3751,2,8027,2840,5187,0,0,0,1.0,1,1.0,1,1.0,1,0.07231793937365877,64
3752,2,8029,2842,5187,0,0,0,1.0,1,1.0,1,1.0,1,0.08823511737328107,64
3753,2,8031,2844,5187,0,0,0,1.0,1,1.0,1,1.0,1,0.135123235512699,65
3754,6,8037,2848,5189,0,0,0,1.0,1,1.0,1,1.0,1,0.14780645776850845,65
3755,5,8042,2850,5192,0,0,0,1.0,1,1.0,1,1.0,1,0.16078460183024357,65
3756,5,8047,2851,5196,0,0,0,1.0,1,1.0,1,1.0,1,0.12467937705482557,65
3757,3,8050,2852,5198,0,0,0,1.0,1,1.0,1,1.0,1,0.11044856605600323,65
3758,0,8050,2852,5198,0,0,0,1.0,1,1.0,1,1.0,1,0.11766495951556506,64
3759,0,8050,2852,5198,0,0,0,1.0,1,1.0,1,1.0,1,0.11766495951556506,64
3760,3,8053,2853,5200,0,0,0,1.0,1,1.0,1,1.0,1,0.1306086642483206,63
3761,0,8053,2853,5200,0,0,0,1.0,1,1.0,1,1.0,1,0.1306086642483206,63
3762,4,8057,2853,5204,0,0,0,1.0,1,1.0,1,1.0,1,0.09772954203512334,65
3763,1,8058,2854,5204,0,0,0,1.0,1,1.0,1,1.0,1,0.11082929278402973,65
3764,1,8059,2854,5205,0,0,0,1.0,1,1.0,1,1.0,1,0.1003701609900197,66
3765,2,8061,2854,5207,0,0,0,1.0,1,1.0,1,1.0,1,0.10644117152759161,67
3766,2,8063,2855,5208,0,0,0,1.0,1,1.0,1,1.0,1,0.13064030568978188,67
3767,1,8064,2856,5208,0,0,0,1.0,1,1.0,1,1.0,1,0.1276021338893068,68
3768,4,8068,2859,5209,0,0,0,1.0,1,1.0,1,1.0,1,0.14847529207694007,67
3769,2,8070,2859,5211,0,0,0,1.0,1,1.0,1,1.0,1,0.11759143882855687,69
3770,2,8072,2859,5213,0,0,0,1.0,1,1.0,1,1.0,1,0.12292918594574709,69
3771,2,8074,2859,5215,0,0,0,1.0,1,1.0,1,1.0,1,0.11111093419197517,69
3772,4,8078,2861,5217,0,0,0,1.0,1,1.0,1,1.0,1,0.13234345079957824,70
3773,3,8081,2861,5220,0,0,0,1.0,1,1.0,1,1.0,1,0.09616573282569829,68
3774,1,8082,2862,5220,0,0,0,1.0,1,1.0,1,1.0,1,0.10406159202602037,68
3775,3,8085,2863,5222,0,0,0,1.0,1,1.0,1,1.0,1,0.11492260255469869,68
3776,3,8088,2863,5225,0,0,0,1.0,1,1.0,1,1.0,1,0.09996469428602545,66
3777,0,8088,2863,5225,0,0,0,1.0,1,1.0,1,1.0,1,0.09534023814781044,65
3778,0,8088,2863,5225,0,0,0,1.0,1,1.0,1,1.0,1,0.07806264580613606,65
3779,2,8090,2865,5225,0,0,0,1.0,1,1.0,1,1.0,1,0.09901988994617106,65
3780,1,8091,2866,5225,0,0,0,1.0,1,1.0,1,1.0,1,0.0868035042590608,64
3781,0,8091,2866,5225,0,0,0,1.0,1,1.0,1,1.0,1,0.0868035042590608,64
3782,2,8093,2867,5226,0,0,0,1.0,1,1.0,1,1.0,1,0.10523277135843824,67
3783,3,8096,2869,5227,0,0,0,1.0,1,1.0,1,1.0,1,0.11455423939047879,65
3784,3,8099,2870,5229,0,0,0,1.0,1,1.0,1,1.0,1,0.10101224123115204,65
3785,2,8101,2871,5230,0,0,0,1.0,1,1.0,1,1.0,1,0.11722011883458046,63
3786,3,8104,2872,5232,0,0,0,1.0,1,1.0,1,1.0,1,0.11361689237848409,66
3787,2,8106,2873,5233,0,0,0,1.0,1,1.0,1,1.0,1,0.12152214784994911,65
3788,1,8107,2873,5234,0,0,0,1.0,1,1.0,1,1.0,1,0.1073650925586804,65
3789,2,8109,2875,5234,0,0,0,1.0,1,1.0,1,1.0,1,0.1420022373516835,65
3790,3,8112,2876,5236,0,0,0,1.0,1,1.0,1,1.0,1,0.15947243269393266,64
3791,5,8117,2878,5239,0,0,0,1.0,1,1.0,1,1.0,1,0.1300367426382291,64
3792,6,8123,2880,5243,0,0,0,1.0,1,1.0,1,1.0,1,0.13425330351915363,65
3793,5,8128,2880,5248,0,0,0,1.0,1,1.0,1,1.0,1,0.13856067168675076,68
3794,1,8129,2881,5248,0,0,0,1.0,1,1.0,1,1.0,1,0.15526087023714918,68
3795,4,8133,2881,5252,0,0,0,1.0,1,1.0,1,1.0,1,0.14649183589659417,69
3796,1,8134,2881,5253,0,0,0,1.0,1,1.0,1,1.0,1,0.14035345409798833,69
3797,1,8135,2882,5253,0,0,0,1.0,1,1.0,1,1.0,1,0.15177569028322027,70
3798,2,8137,2882,5255,0,0,0,1.0,1,1.0,1,1.0,1,0.14025853003327102,70
3799,0,8137,2882,5255,0,0,0,1.0,1,1.0,1,1.0,1,0.15196743047500438,69
3800,1,8138,2882,5256,0,0,0,1.0,1,1.0,1,1.0,1,0.13024047217684329,69
3801,2,8140,2882,5258,0,0,0,1.0,1,1.0,1,1.0,1,0.12451322839373181,67
3802,0,8140,2882,5258,0,0,0,1.0,1,1.0,1,1.0,1,0.12451322839373181,67
3803,2,8142,2883,5259,0,0,0,1.0,1,1.0,1,1.0,1,0.12313387464347521,69
3804,3,8145,2884,5261,0,0,0,1.0,1,1.0,1,1.0,1,0.11696335158543004,70
3805,3,8148,2885,5263,0,0,0,1.0,1,1.0,1,1.0,1,0.10383426525824327,71
3806,2,8150,2886,5264,0,0,0,1.0,1,1.0,1,1.0,1,0.08856297155874791,71
3807,2,8152,2887,5265,0,0,0,1.0,1,1.0,1,1.0,1,0.10110443953967432,72
3808,0,8152,2887,5265,0,0,0,1.0,1,1.0,1,1.0,1,0.10110443953967432,72
3809,0,8152,2887,5265,0,0,0,1.0,1,1.0,1,1.0,1,0.10110443953967432,72
3810,2,8154,2889,5265,0,0,0,1.0,1,1.0,1,1.0,1,0.12738962919959587,72
3811,4,8158,2889,5269,0,0,0,1.0,1,1.0,1,1.0,1,0.10175148425881884,71
3812,1,8159,2889,5270,0,0,0,1.0,1,1.0,1,1.0,1,0.09359425135966971,72
3813,2,8161,2891,5270,0,0,0,1.0,1,1.0,1,1.0,1,0.13876420740095988,71
3814,3,8164,2894,5270,0,0,0,1.0,1,1.0,1,1.0,1,0.1546313139996263,72
3815,0,8164,2894,5270,0,0,0,1.0,1,1.0,1,1.0,1,0.16522464028659456,71
3816,6,8170,2894,5276,0,0,0,1.0,1,1.0,1,1.0,1,0.14019973369056396,69
3817,1,8171,2894,5277,0,0,0,1.0,1,1.0,1,1.0,1,0.12391553929876517,72
3818,1,8172,2894,5278,0,0,0,1.0,1,1.0,1,1.0,1,0.10281066556747792,72
3819,1,8173,2895,5278,0,0,0,1.0,1,1.0,1,1.0,1,0.11280958087186006,72
3820,2,8175,2896,5279,0,0,0,1.0,1,1.0,1,1.0,1,0.14131217786920952,72
3821,2,8177,2898,5279,0,0,0,1.0,1,1.0,1,1.0,1,0.1826349383359781,72
3822,2,8179,2899,5280,0,0,0,1.0,1,1.0,1,1.0,1,0.1759900878920904,69
3823,3,8182,2901,5281,0,0,0,1.0,1,1.0,1,1.0,1,0.16437889008700066,69
3824,1,8183,2901,5282,0,0,0,1.0,1,1.0,1,1.0,1,0.17090473989343957,65
3825,1,8184,2902,5282,0,0,0,1.0,1,1.0,1,1.0,1,0.17976721273661317,64
3826,6,8190,2903,5287,0,0,0,1.0,1,1.0,1,1.0,1,0.14898716136865234,65
3827,2,8192,2904,5288,0,0,0,1.0,1,1.0,1,1.0,1,0.1655561649544158,64
3828,2,8194,2905,5289,0,0,0,1.0,1,1.0,1,1.0,1,0.1292345386901663,65
3829,2,8196,2906,5290,0,0,0,1.0,1,1.0,1,1.0,1,0.14689169442633399,65
3830,0,8196,2906,5290,0,0,0,1.0,1,1.0,1,1.0,1,0.15203012407028627,64
3831,5,8201,2908,5293,0,0,0,1.0,1,1.0,1,1.0,1,0.11730477380239134,63
3832,3,8204,2909,5295,0,0,0,1.0,1,1.0,1,1.0,1,0.11899494603886414,64
3833,0,8204,2909,5295,0,0,0,1.0,1,1.0,1,1.0,1,0.11899494603886414,64
3834,3,8207,2912,5295,0,0,0,1.0,1,1.0,1,1.0,1,0.16215813557207925,63
3835,1,8208,2913,5295,0,0,0,1.0,1,1.0,1,1.0,1,0.1858188419014066,63
3836,5,8213,2914,5299,0,0,0,1.0,1,1.0,1,1.0,1,0.14016115215320785,63
3837,4,8217,2916,5301,0,0,0,1.0,1,1.0,1,1.0,1,0.14938029157107177,62
3838,2,8219,2918,5301,0,0,0,1.0,1,1.0,1,1.0,1,0.1622453720901933,62
3839,1,8220,2919,5301,0,0,0,1.0,1,1.0,1,1.0,1,0.20959476862563692,60
3840,3,8223,2920,5303,0,0,0,1.0,1,1.0,1,1.0,1,0.23546447004104085,62
3841,6,8229,2920,5309,0,0,0,1.0,1,1.0,1,1.0,1,0.16399455837591492,62
3842,0,8229,2920,5309,0,0,0,1.0,1,1.0,1,1.0,1,0.1460407315595021,63
3843,1,8230,2920,5310,0,0,0,1.0,1,1.0,1,1.0,1,0.1580072367878548,64
3844,6,8236,2920,5316,0,0,0,1.0,1,1.0,1,1.0,1,0.13282287506751747,65
3845,6,8242,2920,5322,0,0,0,1.0,1,1.0,1,1.0,1,0.1258060752056933,66
3846,4,8246,2920,5326,0,0,0,1.0,1,1.0,1,1.0,1,0.10737181161746394,67
3847,1,8247,2920,5327,0,0,0,1.0,1,1.0,1,1.0,1,0.09811775167430593,67
3848,0,8247,2920,5327,0,0,0,1.0,1,1.0,1,1.0,1,0.09811775167430593,67
3849,1,8248,2921,5327,0,0,0,1.0,1,1.0,1,1.0,1,0.12418976868200368,67
3850,1,8249,2922,5327,0,0,0,1.0,1,1.0,1,1.0,1,0.10943360202792572,68
3851,2,8251,2923,5328,0,0,0,1.0,1,1.0,1,1.0,1,0.1029419409197766,68
3852,4,8255,2924,5331,0,0,0,1.0,1,1.0,1,1.0,1,0.10818705446384547,70
3853,6,8261,2926,5335,0,0,0,1.0,1,1.0,1,1.0,1,0.12901948917945238,70
3854,3,8264,2927,5337,0,0,0,1.0,1,1.0,1,1.0,1,0.1573195105840013,70
3855,3,8267,2928,5339,0,0,0,1.0,1,1.0,1,1.0,1,0.1609834693422913,69
3856,2,8269,2928,5341,0,0,0,1.0,1,1.0,1,1.0,1,0.14088353310717663,70
3857,0,8269,2928,5341,0,0,0,1.0,1,1.0,1,1.0,1,0.15793140449189239,68
3858,2,8271,2929,5342,0,0,0,1.0,1,1.0,1,1.0,1,0.15608489999601552,67
3859,1,8272,2929,5343,0,0,0,1.0,1,1.0,1,1.0,1,0.16287376219199196,66
3860,1,8273,2929,5344,0,0,0,1.0,1,1.0,1,1.0,1,0.1489643910242123,66
3861,3,8276,2930,5346,0,0,0,1.0,1,1.0,1,1.0,1,0.1541768134007333,66
3862,5,8281,2933,5348,0,0,0,1.0,1,1.0,1,1.0,1,0.15420282844066743,66
3863,1,8282,2933,5349,0,0,0,1.0,1,1.0,1,1.0,1,0.15748169587621097,63
3864,1,8283,2934,5349,0,0,0,1.0,1,1.0,1,1.0,1,0.14296575702312853,63
3865,1,8284,2935,5349,0,0,0,1.0,1,1.0,1,1.0,1,0.13734681054051281,61
3866,3,8287,2936,5351,0,0,0,1.0,1,1.0,1,1.0,1,0.10769959203409615,61
3867,2,8289,2938,5351,0,0,0,1.0,1,1.0,1,1.0,1,0.1218490931380075,60
3868,2,8291,2940,5351,0,0,0,1.0,1,1.0,1,1.0,1,0.1289127677850835,59
3869,4,8295,2942,5353,0,0,0,1.0,1,1.0,1,1.0,1,0.1223564230068656,61
3870,0,8295,2942,5353,0,0,0,1.0,1,1.0,1,1.0,1,0.12945449827809563,61
3871,7,8302,2942,5360,0,0,0,1.0,1,1.0,1,1.0,1,0.11859974534613484,64
3872,2,8304,2942,5362,0,0,0,1.0,1,1.0,1,1.0,1,0.11763964402535612,63
3873,2,8306,2942,5364,0,0,0,1.0,1,1.0,1,1.0,1,0.12773339618089033,62
3874,3,8309,2943,5366,0,0,0,1.0,1,1.0,1,1.0,1,0.09360668031607493,63
3875,3,8312,2945,5367,0,0,0,1.0,1,1.0,1,1.0,1,0.11097521358893665,61
3876,2,8314,2945,5369,0,0,0,1.0,1,1.0,1,1.0,1,0.08486314577517523,62
3877,1,8315,2945,5370,0,0,0,1.0,1,1.0,1,1.0,1,0.09599096049591163,63
3878,1,8316,2946,5370,0,0,0,1.0,1,1.0,1,1.0,1,0.10795398956971032,63
3879,2,8318,2947,5371,0,0,0,1.0,1,1.0,1,1.0,1,0.10390854533792608,63
3880,3,8321,2948,5373,0,0,0,1.0,1,1.0,1,1.0,1,0.10500318261921131,65
3881,2,8323,2949,5374,0,0,0,1.0,1,1.0,1,1.0,1,0.11008379171291968,65
3882,1,8324,2949,5375,0,0,0,1.0,1,1.0,1,1.0,1,0.09390368897050792,66
3883,0,8324,2949,5375,0,0,0,1.0,1,1.0,1,1.0,1,0.09390368897050792,66
3884,0,8324,2949,5375,0,0,0,1.0,1,1.0,1,1.0,1,0.09390368897050792,66
3885,5,8329,2952,5377,0,0,0,1.0,1,1.0,1,1.0,1,0.1282438415159932,66
3886,4,8333,2954,5379,0,0,0,1.0,1,1.0,1,1.0,1,0.1292063739756509,65
3887,1,8334,2954,5380,0,0,0,1.0,1,1.0,1,1.0,1,0.12056913050067368,65
3888,2,8336,2955,5381,0,0,0,1.0,1,1.0,1,1.0,1,0.14237323837624072,66
3889,1,8337,2955,5382,0,0,0,1.0,1,1.0,1,1.0,1,0.13792922119534023,64
3890,3,8340,2956,5384,0,0,0,1.0,1,1.0,1,1.0,1,0.12769566349030223,63
3891,6,8346,2958,5388,0,0,0,1.0,1,1.0,1,1.0,1,0.14155736181356798,66
3892,5,8351,2958,5393,0,0,0,1.0,1,1.0,1,1.0,1,0.11078967117755187,67
3893,1,8352,2959,5393,0,0,0,1.0,1,1.0,1,1.0,1,0.14003993048814448,66
3894,0,8352,2959,5393,0,0,0,1.0,1,1.0,1,1.0,1,0.15322725327286915,67
3895,2,8354,2959,5395,0,0,0,1.0,1,1.0,1,1.0,1,0.15458704412912735,66
3896,7,8361,2959,5402,0,0,0,1.0,1,1.0,1,1.0,1,0.08403798698431053,66
3897,4,8365,2960,5405,0,0,0,1.0,1,1.0,1,1.0,1,0.10087846009807772,65
3898,3,8368,2962,5406,0,0,0,1.0,1,1.0,1,1.0,1,0.14006921946053708,65
3899,3,8371,2963,5408,0,0,0,1.0,1,1.0,1,1.0,1,0.14596817040072785,64
3900,5,8376,2964,5412,0,0,0,1.0,1,1.0,1,1.0,1,0.1694920055974941,63
3901,6,8382,2967,5415,0,0,0,1.0,1,1.0,1,1.0,1,0.15720022087160404,63
3902,1,8383,2967,5416,0,0,0,1.0,1,1.0,1,1.0,1,0.1657358420281408,64
3903,1,8384,2968,5416,0,0,0,1.0,1,1.0,1,1.0,1,0.1643608485200242,64
3904,2,8386,2969,5417,0,0,0,1.0,1,1.0,1,1.0,1,0.14756147809866013,63
3905,2,8388,2969,5419,0,0,0,1.0,1,1.0,1,1.0,1,0.15062287768667082,63
3906,3,8391,2971,5420,0,0,0,1.0,1,1.0,1,1.0,1,0.12953781983527696,64
3907,6,8397,2972,5425,0,0,0,1.0,1,1.0,1,1.0,1,0.10323290795284562,64
3908,1,8398,2972,5426,0,0,0,1.0,1,1.0,1,1.0,1,0.10345538253673275,63
3909,1,8399,2973,5426,0,0,0,1.0,1,1.0,1,1.0,1,0.11415735532657097,62
3910,0,8399,2973,5426,0,0,0,1.0,1,1.0,1,1.0,1,0.12172140345695671,62
3911,5,8404,2976,5428,0,0,0,1.0,1,1.0,1,1.0,1,0.1559895724522706,64
3912,3,8407,2976,5431,0,0,0,1.0,1,1.0,1,1.0,1,0.12773697777309773,64
3913,1,8408,2976,5432,0,0,0,1.0,1,1.0,1,1.0,1,0.1232117241100031,65
3914,1,8409,2976,5433,0,0,0,1.0,1,1.0,1,1.0,1,0.13461125534078383,65
3915,0,8409,2976,5433,0,0,0,1.0,1,1.0,1,1.0,1,0.1264268875757581,66
3916,2,8411,2976,5435,0,0,0,1.0,1,1.0,1,1.0,1,0.11476671731213481,66
3917,3,8414,2976,5438,0,0,0,1.0,1,1.0,1,1.0,1,0.08037505011889653,66
3918,0,8414,2976,5438,0,0,0,1.0,1,1.0,1,1.0,1,0.09118602492428741,67
3919,3,8417,2977,5440,0,0,0,1.0,1,1.0,1,1.0,1,0.11616464910892318,68
3920,0,8417,2977,5440,0,0,0,1.0,1,1.0,1,1.0,1,0.11093464279127235,69
3921,1,8418,2977,5441,0,0,0,1.0,1,1.0,1,1.0,1,0.11137633202656859,68
3922,5,8423,2980,5443,0,0,0,1.0,1,1.0,1,1.0,1,0.13849569740276926,68
3923,0,8423,2980,5443,0,0,0,1.0,1,1.0,1,1.0,1,0.1436006450896056,69
3924,1,8424,2981,5443,0,0,0,1.0,1,1.0,1,1.0,1,0.1540798763915612,69
3925,4,8428,2983,5445,0,0,0,1.0,1,1.0,1,1.0,1,0.15942776628639874,67
3926,3,8431,2983,5448,0,0,0,1.0,1,1.0,1,1.0,1,0.1255334310419269,67
3927,1,8432,2983,5449,0,0,0,1.0,1,1.0,1,1.0,1,0.14304826012723443,65
3928,3,8435,2985,5450,0,0,0,1.0,1,1.0,1,1.0,1,0.15102703645976584,65
3929,1,8436,2986,5450,0,0,0,1.0,1,1.0,1,1.0,1,0.14825609177429097,64
3930,0,8436,2986,5450,0,0,0,1.0,1,1.0,1,1.0,1,0.15868411295954402,64
3931,2,8438,2986,5452,0,0,0,1.0,1,1.0,1,1.0,1,0.13613141671584375,62
3932,0,8438,2986,5452,0,0,0,1.0,1,1.0,1,1.0,1,0.13613141671584375,62
3933,0,8438,2986,5452,0,0,0,1.0,1,1.0,1,1.0,1,0.13613141671584375,62
3934,1,8439,2987,5452,0,0,0,1.0,1,1.0,1,1.0,1,0.14187944721590814,61
3935,5,8444,2988,5456,0,0,0,1.0,1,1.0,1,1.0,1,0.12732417108340807,64
3936,2,8446,2988,5458,0,0,0,1.0,1,1.0,1,1.0,1,0.12152241877662141,65
3937,2,8448,2988,5460,0,0,0,1.0,1,1.0,1,1.0,1,0.11385394339712272,66
3938,4,8452,2989,5463,0,0,0,1.0,1,1.0,1,1.0,1,0.12869930186889267,66
3939,3,8455,2989,5466,0,0,0,1.0,1,1.0,1,1.0,1,0.141349893182577,67
3940,3,8458,2989,5469,0,0,0,1.0,1,1.0,1,1.0,1,0.11098123774228408,69
3941,1,8459,2989,5470,0,0,0,1.0,1,1.0,1,1.0,1,0.09414661562677029,69
3942,2,8461,2991,5470,0,0,0,1.0,1,1.0,1,1.0,1,0.11661779300239877,69
3943,6,8467,2994,5473,0,0,0,1.0,1,1.0,1,1.0,1,0.11469888663432509,68
3944,0,8467,2994,5473,0,0,0,1.0,1,1.0,1,1.0,1,0.12342917335414481,68
3945,5,8472,2998,5474,0,0,0,1.0,1,1.0,1,1.0,1,0.18122287382623198,67
3946,8,8480,3000,5480,0,0,0,1.0,1,1.0,1,1.0,1,0.1507125960996322,67
3947,1,8481,3000,5481,0,0,0,1.0,1,1.0,1,1.0,1,0.1568297873727895,66
3948,3,8484,3002,5482,0,0,0,1.0,1,1.0,1,1.0,1,0.1505468010248382,67
3949,3,8487,3005,5482,0,0,0,1.0,1,1.0,1,1.0,1,0.21259595617407037,66
3950,1,8488,3006,5482,0,0,0,1.0,1,1.0,1,1.0,1,0.20932997212391086,65
3951,6,8494,3007,5487,0,0,0,1.0,1,1.0,1,1.0,1,0.16887562069372483,65
3952,3,8497,3008,5489,0,0,0,1.0,1,1.0,1,1.0,1,0.16456458332783444,65
3953,1,8498,3008,5490,0,0,0,1.0,1,1.0,1,1.0,1,0.16981995090207624,65
3954,0,8498,3008,5490,0,0,0,1.0,1,1.0,1,1.0,1,0.18149244438077236,64
3955,1,8499,3008,5491,0,0,0,1.0,1,1.0,1,1.0,1,0.19796558083264038,64
3956,5,8504,3008,5496,0,0,0,1.0,1,1.0,1,1.0,1,0.16198053879997967,63
3957,1,8505,3008,5497,0,0,0,1.0,1,1.0,1,1.0,1,0.1590310702555438,63
3958,1,8506,3009,5497,0,0,0,1.0,1,1.0,1,1.0,1,0.2024495780349109,63
3959,1,8507,3009,5498,0,0,0,1.0,1,1.0,1,1.0,1,0.20364329035567422,62
3960,0,8507,3009,5498,0,0,0,1.0,1,1.0,1,1.0,1,0.20364329035567422,62
3961,7,8514,3012,5502,0,0,0,1.0,1,1.0,1,1.0,1,0.17610256831852816,64
3962,2,8516,3013,5503,0,0,0,1.0,1,1.0,1,1.0,1,0.18354212633783265,64
3963,6,8522,3014,5508,0,0,0,1.0,1,1.0,1,1.0,1,0.20531814136431623,62
3964,3,8525,3015,5510,0,0,0,1.0,1,1.0,1,1.0,1,0.2063587780611187,63
3965,2,8527,3015,5512,0,0,0,1.0,1,1.0,1,1.0,1,0.17685907048241592,63
3966,5,8532,3016,5516,0,0,0,1.0,1,1.0,1,1.0,1,0.1607441560744277,62
3967,1,8533,3016,5517,0,0,0,1.0,1,1.0,1,1.0,1,0.16132704889050262,64
3968,5,8538,3017,5521,0,0,0,1.0,1,1.0,1,1.0,1,0.1435853297357113,63
3969,1,8539,3017,5522,0,0,0,1.0,1,1.0,1,1.0,1,0.156303401418709,63
3970,0,8539,3017,5522,0,0,0,1.0,1,1.0,1,1.0,1,0.14436738537043728,65
3971,3,8542,3017,5525,0,0,0,1.0,1,1.0,1,1.0,1,0.10882234255688661,65
3972,4,8546,3019,5527,0,0,0,1.0,1,1.0,1,1.0,1,0.1119361585643378,66
3973,1,8547,3019,5528,0,0,0,1.0,1,1.0,1,1.0,1,0.10031035804635217,66
3974,1,8548,3020,5528,0,0,0,1.0,1,1.0,1,1.0,1,0.11863188356549809,66
3975,1,8549,3021,5528,0,0,0,1.0,1,1.0,1,1.0,1,0.1155264533452592,66
3976,6,8555,3023,5532,0,0,0,1.0,1,1.0,1,1.0,1,0.11960667707845087,66
3977,0,8555,3023,5532,0,0,0,1.0,1,1.0,1,1.0,1,0.12140934039335301,64
3978,1,8556,3024,5532,0,0,0,1.0,1,1.0,1,1.0,1,0.1526721544776101,63
3979,1,8557,3024,5533,0,0,0,1.0,1,1.0,1,1.0,1,0.15920694962262816,63
3980,1,8558,3024,5534,0,0,0,1.0,1,1.0,1,1.0,1,0.14148779116624294,63
3981,2,8560,3024,5536,0,0,0,1.0,1,1.0,1,1.0,1,0.14197006057191447,64
3982,3,8563,3025,5538,0,0,0,1.0,1,1.0,1,1.0,1,0.1331048389681343,65
3983,1,8564,3025,5539,0,0,0,1.0,1,1.0,1,1.0,1,0.11812410350148275,64
3984,2,8566,3026,5540,0,0,0,1.0,1,1.0,1,1.0,1,0.1173346961288915,65
3985,3,8569,3029,5540,0,0,0,1.0,1,1.0,1,1.0,1,0.13622240722964757,64
3986,3,8572,3029,5543,0,0,0,1.0,1,1.0,1,1.0,1,0.11804432483898339,63
3987,1,8573,3029,5544,0,0,0,1.0,1,1.0,1,1.0,1,0.1207313231741864,63
3988,3,8576,3032,5544,0,0,0,1.0,1,1.0,1,1.0,1,0.12292593064350393,63
3989,2,8578,3034,5544,0,0,0,1.0,1,1.0,1,1.0,1,0.16296536420464494,63
3990,1,8579,3035,5544,0,0,0,1.0,1,1.0,1,1.0,1,0.17328570952825043,62
3991,8,8587,3035,5552,0,0,0,1.0,1,1.0,1,1.0,1,0.11200746096063796,62
3992,5,8592,3035,5557,0,0,0,1.0,1,1.0,1,1.0,1,0.1125549174492543,65
3993,4,8596,3036,5560,0,0,0,1.0,1,1.0,1,1.0,1,0.1499156909930105,65
3994,5,8601,3037,5564,0,0,0,1.0,1,1.0,1,1.0,1,0.14284868862962438,64
3995,4,8605,3037,5568,0,0,0,1.0,1,1.0,1,1.0,1,0.1397550089419034,64
3996,5,8610,3037,5573,0,0,0,1.0,1,1.0,1,1.0,1,0.08430986611093631,67
3997,2,8612,3037,5575,0,0,0,1.0,1,1.0,1,1.0,1,0.07416259667066152,69
3998,1,8613,3038,5575,0,0,0,1.0,1,1.0,1,1.0,1,0.08871407598334474,69
3999,0,8613,3038,5575,0,0,0,1.0,1,1.0,1,1.0,1,0.08871407598334474,69
4000,1,8614,3038,5576,0,0,0,1.0,1,1.0,1,1.0,1,0.10359928433917226,69
4001,1,8615,3038,5577,0,0,0,1.0,1,1.0,1,1.0,1,0.09395510152503456,68
4002,4,8619,3040,5579,0,0,0,1.0,1,1.0,1,1.0,1,0.1113748846231257,68
4003,2,8621,3041,5580,0,0,0,1.0,1,1.0,1,1.0,1,0.1256840830148993,68
4004,4,8625,3044,5581,0,0,0,1.0,1,1.0,1,1.0,1,0.1491905188052288,67
4005,0,8625,3044,5581,0,0,0,1.0,1,1.0,1,1.0,1,0.1491905188052288,67
4006,8,8633,3046,5587,0,0,0,1.0,1,1.0,1,1.0,1,0.11135993186837813,67
4007,1,8634,3046,5588,0,0,0,1.0,1,1.0,1,1.0,1,0.11439125651520313,67
4008,3,8637,3048,5589,0,0,0,1.0,1,1.0,1,1.0,1,0.13780874408796526,67
4009,2,8639,3048,5591,0,0,0,1.0,1,1.0,1,1.0,1,0.12620592330789399,67
4010,2,8641,3050,5591,0,0,0,1.0,1,1.0,1,1.0,1,0.14743834688218513,66
4011,7,8648,3052,5596,0,0,0,1.0,1,1.0,1,1.0,1,0.09503634728064984,66
4012,2,8650,3052,5598,0,0,0,1.0,1,1.0,1,1.0,1,0.11341202444296823,66
4013,1,8651,3052,5599,0,0,0,1.0,1,1.0,1,1.0,1,0.0847155007069204,66
4014,2,8653,3053,5600,0,0,0,1.0,1,1.0,1,1.0,1,0.09140035165719608,66
4015,3,8656,3054,5602,0,0,0,1.0,1,1.0,1,1.0,1,0.1451401645028365,64
4016,2,8658,3055,5603,0,0,0,1.0,1,1.0,1,1.0,1,0.1622051348369952,64
4017,4,8662,3055,5607,0,0,0,1.0,1,1.0,1,1.0,1,0.14042424678329316,66
4018,0,8662,3055,5607,0,0,0,1.0,1,1.0,1,1.0,1,0.15461154865719748,67
4019,1,8663,3056,5607,0,0,0,1.0,1,1.0,1,1.0,1,0.17000154726059508,67
4020,0,8663,3056,5607,0,0,0,1.0,1,1.0,1,1.0,1,0.17799962249589418,66
4021,3,8666,3057,5609,0,0,0,1.0,1,1.0,1,1.0,1,0.17988665255792927,66
4022,1,8667,3058,5609,0,0,0,1.0,1,1.0,1,1.0,1,0.18885282751186502,66
4023,3,8670,3061,5609,0,0,0,1.0,1,1.0,1,1.0,1,0.19940597734629795,66
4024,1,8671,3061,5610,0,0,0,1.0,1,1.0,1,1.0,1,0.20111918578404298,66
4025,4,8675,3062,5613,0,0,0,1.0,1,1.0,1,1.0,1,0.1994133577558606,66
4026,6,8681,3063,5618,0,0,0,1.0,1,1.0,1,1.0,1,0.15912659382361397,66
4027,1,8682,3064,5618,0,0,0,1.0,1,1.0,1,1.0,1,0.16641050688914721,64
4028,2,8684,3065,5619,0,0,0,1.0,1,1.0,1,1.0,1,0.16069042154642982,63
4029,5,8689,3066,5623,0,0,0,1.0,1,1.0,1,1.0,1,0.14954108451174244,62
4030,5,8694,3069,5625,0,0,0,1.0,1,1.0,1,1.0,1,0.193367986165908,63
4031,5,8699,3070,5629,0,0,0,1.0,1,1.0,1,1.0,1,0.14493182899106938,62
4032,4,8703,3073,5630,0,0,0,1.0,1,1.0,1,1.0,1,0.18435329479456278,62
4033,4,8707,3074,5633,0,0,0,1.0,1,1.0,1,1.0,1,0.17164702868652806,61
4034,3,8710,3075,5635,0,0,0,1.0,1,1.0,1,1.0,1,0.15535544632328036,60
4035,1,8711,3076,5635,0,0,0,1.0,1,1.0,1,1.0,1,0.17236321129693782,59
4036,5,8716,3077,5639,0,0,0,1.0,1,1.0,1,1.0,1,0.14572852338214518,58
4037,1,8717,3078,5639,0,0,0,1.0,1,1.0,1,1.0,1,0.13685297839020683,59
4038,0,8717,3078,5639,0,0,0,1.0,1,1.0,1,1.0,1,0.14898848640693993,58
4039,2,8719,3080,5639,0,0,0,1.0,1,1.0,1,1.0,1,0.17776391676576853,56
4040,1,8720,3080,5640,0,0,0,1.0,1,1.0,1,1.0,1,0.18579762089796953,55
4041,3,8723,3081,5642,0,0,0,1.0,1,1.0,1,1.0,1,0.17200797032757892,54
4042,2,8725,3083,5642,0,0,0,1.0,1,1.0,1,1.0,1,0.19580854017091415,56
4043,4,8729,3085,5644,0,0,0,1.0,1,1.0,1,1.0,1,0.2411677407857308,56
4044,8,8737,3088,5649,0,0,0,1.0,1,1.0,1,1.0,1,0.2952304472030541,56
4045,9,8746,3089,5657,0,0,0,1.0,1,1.0,1,1.0,1,0.2725165577272427,57
4046,5,8751,3089,5662,0,0,0,1.0,1,1.0,1,1.0,1,0.2293935004406533,59
4047,3,8754,3090,5664,0,0,0,1.0,1,1.0,1,1.0,1,0.24102141452336548,59
4048,1,8755,3090,5665,0,0,0,1.0,1,1.0,1,1.0,1,0.2328202148308873,59
4049,0,8755,3090,5665,0,0,0,1.0,1,1.0,1,1.0,1,0.21615542042833577,60
4050,1,8756,3090,5666,0,0,0,1.0,1,1.0,1,1.0,1,0.20714052489503915,60
4051,1,8757,3090,5667,0,0,0,1.0,1,1.0,1,1.0,1,0.20351544877244246,60
4052,1,8758,3090,5668,0,0,0,1.0,1,1.0,1,1.0,1,0.1991422982535739,60
4053,0,8758,3090,5668,0,0,0,1.0,1,1.0,1,1.0,1,0.1991422982535739,60
4054,1,8759,3091,5668,0,0,0,1.0,1,1.0,1,1.0,1,0.19400942243371858,61
4055,2,8761,3091,5670,0,0,0,1.0,1,1.0,1,1.0,1,0.1933317723775931,61
4056,0,8761,3091,5670,0,0,0,1.0,1,1.0,1,1.0,1,0.20574847636268373,62
4057,0,8761,3091,5670,0,0,0,1.0,1,1.0,1,1.0,1,0.21132553766803136,63
4058,3,8764,3092,5672,0,0,0,1.0,1,1.0,1,1.0,1,0.21849019240212492,64
4059,0,8764,3092,5672,0,0,0,1.0,1,1.0,1,1.0,1,0.23359281732724343,63
4060,0,8764,3092,5672,0,0,0,1.0,1,1.0,1,1.0,1,0.23359281732724343,63
4061,2,8766,3092,5674,0,0,0,1.0,1,1.0,1,1.0,1,0.23146501158478403,63
4062,3,8769,3094,5675,0,0,0,1.0,1,1.0,1,1.0,1,0.2331821377604604,65
4063,2,8771,3094,5677,0,0,0,1.0,1,1.0,1,1.0,1,0.1848228250117474,64
4064,2,8773,3095,5678,0,0,0,1.0,1,1.0,1,1.0,1,0.18095291590132287,65
4065,5,8778,3096,5682,0,0,0,1.0,1,1.0,1,1.0,1,0.15435493546519632,64
4066,5,8783,3099,5684,0,0,0,1.0,1,1.0,1,1.0,1,0.15297304519243585,64
4067,5,8788,3102,5686,0,0,0,1.0,1,1.0,1,1.0,1,0.18427690217675682,63
4068,2,8790,3103,5687,0,0,0,1.0,1,1.0,1,1.0,1,0.19106301442921628,64
4069,4,8794,3104,5690,0,0,0,1.0,1,1.0,1,1.0,1,0.1567691308651724,62
4070,5,8799,3108,5691,0,0,0,1.0,1,1.0,1,1.0,1,0.16331227556111014,61
4071,7,8806,3112,5694,0,0,0,1.0,1,1.0,1,1.0,1,0.2134597861321754,61
4072,7,8813,3116,5697,0,0,0,1.0,1,1.0,1,1.0,1,0.23170798093696712,60
4073,5,8818,3118,5700,0,0,0,1.0,1,1.0,1,1.0,1,0.21273021228776842,60
4074,4,8822,3120,5702,0,0,0,1.0,1,1.0,1,1.0,1,0.17746764267698983,60
4075,3,8825,3121,5704,0,0,0,1.0,1,1.0,1,1.0,1,0.1512449351050599,59
4076,4,8829,3122,5707,0,0,0,1.0,1,1.0,1,1.0,1,0.12379622605180181,60
4077,0,8829,3122,5707,0,0,0,1.0,1,1.0,1,1.0,1,0.12213666999205382,61
4078,0,8829,3122,5707,0,0,0,1.0,1,1.0,1,1.0,1,0.13855458738109744,60
4079,1,8830,3123,5707,0,0,0,1.0,1,1.0,1,1.0,1,0.17242110953065798,58
4080,1,8831,3124,5707,0,0,0,1.0,1,1.0,1,1.0,1,0.18079340267266727,56
4081,3,8834,3124,5710,0,0,0,1.0,1,1.0,1,1.0,1,0.1734473537747069,56
4082,1,8835,3124,5711,0,0,0,1.0,1,1.0,1,1.0,1,0.19305844114472925,55
4083,1,8836,3125,5711,0,0,0,1.0,1,1.0,1,1.0,1,0.20488047030559176,55
4084,1,8837,3126,5711,0,0,0,1.0,1,1.0,1,1.0,1,0.22363109328940314,55
4085,3,8840,3126,5714,0,0,0,1.0,1,1.0,1,1.0,1,0.1894134919424467,56
4086,8,8848,3127,5721,0,0,0,1.0,1,1.0,1,1.0,1,0.14087214557471422,57
4087,3,8851,3128,5723,0,0,0,1.0,1,1.0,1,1.0,1,0.1680277418260708,57
4088,1,8852,3128,5724,0,0,0,1.0,1,1.0,1,1.0,1,0.1840686206915277,57
4089,1,8853,3128,5725,0,0,0,1.0,1,1.0,1,1.0,1,0.21225669979799597,56
4090,0,8853,3128,5725,0,0,0,1.0,1,1.0,1,1.0,1,0.21225669979799597,56
4091,8,8861,3128,5733,0,0,0,1.0,1,1.0,1,1.0,1,0.17527943815960734,56
4092,2,8863,3128,5735,0,0,0,1.0,1,1.0,1,1.0,1,0.1686008538011283,57
4093,9,8872,3129,5743,0,0,0,1.0,1,1.0,1,1.0,1,0.14589481732608062,58
4094,5,8877,3130,5747,0,0,0,1.0,1,1.0,1,1.0,1,0.14842624865937132,57
4095,3,8880,3130,5750,0,0,0,1.0,1,1.0,1,1.0,1,0.14592978547201269,57
4096,5,8885,3130,5755,0,0,0,1.0,1,1.0,1,1.0,1,0.10193362718166744,59
4097,3,8888,3131,5757,0,0,0,1.0,1,1.0,1,1.0,1,0.08383706659753747,59
4098,1,8889,3132,5757,0,0,0,1.0,1,1.0,1,1.0,1,0.0769076117733787,59
4099,2,8891,3133,5758,0,0,0,1.0,1,1.0,1,1.0,1,0.10632590187869387,60
4100,0,8891,3133,5758,0,0,0,1.0,1,1.0,1,1.0,1,0.10632590187869387,60
4101,3,8894,3135,5759,0,0,0,1.0,1,1.0,1,1.0,1,0.10203639626789339,60
4102,3,8897,3138,5759,0,0,0,1.0,1,1.0,1,1.0,1,0.11614988102859514,60
4103,3,8900,3139,5761,0,0,0,1.0,1,1.0,1,1.0,1,0.11921072611943892,58
4104,3,8903,3142,5761,0,0,0,1.0,1,1.0,1,1.0,1,0.0953774011715774,60
4105,2,8905,3143,5762,0,0,0,1.0,1,1.0,1,1.0,1,0.10079353869315984,59
4106,4,8909,3144,5765,0,0,0,1.0,1,1.0,1,1.0,1,0.0888721101122774,61
4107,0,8909,3144,5765,0,0,0,1.0,1,1.0,1,1.0,1,0.11327329645406578,59
4108,2,8911,3145,5766,0,0,0,1.0,1,1.0,1,1.0,1,0.09732811891296475,60
4109,1,8912,3145,5767,0,0,0,1.0,1,1.0,1,1.0,1,0.09954967756980536,59
4110,0,8912,3145,5767,0,0,0,1.0,1,1.0,1,1.0,1,0.09119413942129369,60
4111,3,8915,3145,5770,0,0,0,1.0,1,1.0,1,1.0,1,0.06922848408303986,61
4112,0,8915,3145,5770,0,0,0,1.0,1,1.0,1,1.0,1,0.07734494511060172,60
4113,2,8917,3146,5771,0,0,0,1.0,1,1.0,1,1.0,1,0.07405612672409981,61
4114,3,8920,3146,5774,0,0,0,1.0,1,1.0,1,1.0,1,0.09521642106029342,62
4115,7,8927,3149,5778,0,0,0,1.0,1,1.0,1,1.0,1,0.11196399779262295,60
4116,6,8933,3150,5783,0,0,0,1.0,1,1.0,1,1.0,1,0.05539901889403634,59
4117,3,8936,3153,5783,0,0,0,1.0,1,1.0,1,1.0,1,0.09398711455466864,56
4118,1,8937,3153,5784,0,0,0,1.0,1,1.0,1,1.0,1,0.11672766157504336,55
4119,4,8941,3154,5787,0,0,0,1.0,1,1.0,1,1.0,1,0.14988331611203132,53
4120,4,8945,3155,5790,0,0,0,1.0,1,1.0,1,1.0,1,0.09862011065537962,52
4121,5,8950,3158,5792,0,0,0,1.0,1,1.0,1,1.0,1,0.10679739691366696,53
4122,3,8953,3159,5794,0,0,0,1.0,1,1.0,1,1.0,1,0.07882024453519526,52
4123,1,8954,3160,5794,0,0,0,1.0,1,1.0,1,1.0,1,0.06145315687839579,51
4124,1,8955,3161,5794,0,0,0,1.0,1,1.0,1,1.0,1,0.10862483388675033,51
4125,2,8957,3162,5795,0,0,0,1.0,1,1.0,1,1.0,1,0.11759768510135091,50
4126,5,8962,3164,5798,0,0,0,1.0,1,1.0,1,1.0,1,0.09111854682099159,50
4127,1,8963,3165,5798,0,0,0,1.0,1,1.0,1,1.0,1,0.09742444724645084,49
4128,0,8963,3165,5798,0,0,0,1.0,1,1.0,1,1.0,1,0.09742444724645084,49
4129,0,8963,3165,5798,0,0,0,1.0,1,1.0,1,1.0,1,0.09742444724645084,49
4130,4,8967,3167,5800,0,0,0,1.0,1,1.0,1,1.0,1,0.11862829685769438,50
4131,2,8969,3168,5801,0,0,0,1.0,1,1.0,1,1.0,1,0.130502331429838,50
4132,0,8969,3168,5801,0,0,0,1.0,1,1.0,1,1.0,1,0.130502331429838,50
4133,0,8969,3168,5801,0,0,0,1.0,1,1.0,1,1.0,1,0.14183711141085387,51
4134,1,8970,3168,5802,0,0,0,1.0,1,1.0,1,1.0,1,0.11107565048688374,53
4135,0,8970,3168,5802,0,0,0,1.0,1,1.0,1,1.0,1,0.11632536743361752,54
4136,4,8974,3168,5806,0,0,0,1.0,1,1.0,1,1.0,1,0.07860661114211814,54
4137,2,8976,3170,5806,0,0,0,1.0,1,1.0,1,1.0,1,0.12047024886214827,55
4138,1,8977,3170,5807,0,0,0,1.0,1,1.0,1,1.0,1,0.09911591528530175,54
4139,0,8977,3170,5807,0,0,0,1.0,1,1.0,1,1.0,1,0.09911591528530175,54
4140,1,8978,3171,5807,0,0,0,1.0,1,1.0,1,1.0,1,0.11845748909834179,55
4141,1,8979,3171,5808,0,0,0,1.0,1,1.0,1,1.0,1,0.1259511728137892,55
4142,0,8979,3171,5808,0,0,0,1.0,1,1.0,1,1.0,1,0.1259511728137892,55
4143,1,8980,3172,5808,0,0,0,1.0,1,1.0,1,1.0,1,0.15723147675494686,53
4144,4,8984,3175,5809,0,0,0,1.0,1,1.0,1,1.0,1,0.179898678247372,52
4145,5,8989,3179,5810,0,0,0,1.0,1,1.0,1,1.0,1,0.21886252369185075,51
4146,9,8998,3180,5818,0,0,0,1.0,1,1.0,1,1.0,1,0.13438366019733722,51
4147,3,9001,3182,5819,0,0,0,1.0,1,1.0,1,1.0,1,0.1156254261041456,50
4148,2,9003,3183,5820,0,0,0,1.0,1,1.0,1,1.0,1,0.12692226890202823,52
4149,1,9004,3183,5821,0,0,0,1.0,1,1.0,1,1.0,1,0.12411860325712677,53
4150,4,9008,3185,5823,0,0,0,1.0,1,1.0,1,1.0,1,0.12406026050526174,53
4151,1,9009,3185,5824,0,0,0,1.0,1,1.0,1,1.0,1,0.11437688151554634,53
4152,2,9011,3186,5825,0,0,0,1.0,1,1.0,1,1.0,1,0.12234857901652466,54
4153,1,9012,3187,5825,0,0,0,1.0,1,1.0,1,1.0,1,0.11918685804853058,51
4154,1,9013,3187,5826,0,0,0,1.0,1,1.0,1,1.0,1,0.10347163579992714,51
4155,2,9015,3189,5826,0,0,0,1.0,1,1.0,1,1.0,1,0.12035254353061203,51
4156,5,9020,3191,5829,0,0,0,1.0,1,1.0,1,1.0,1,0.13784208646507598,52
4157,4,9024,3192,5832,0,0,0,1.0,1,1.0,1,1.0,1,0.16232871799131782,52
4158,1,9025,3192,5833,0,0,0,1.0,1,1.0,1,1.0,1,0.17474219634246263,52
4159,3,9028,3193,5835,0,0,0,1.0,1,1.0,1,1.0,1,0.161314555823064,52
4160,5,9033,3194,5839,0,0,0,1.0,1,1.0,1,1.0,1,0.1794275850331037,50
4161,3,9036,3195,5841,0,0,0,1.0,1,1.0,1,1.0,1,0.14324197019948026,50
4162,2,9038,3196,5842,0,0,0,1.0,1,1.0,1,1.0,1,0.1318631800360245,51
4163,0,9038,3196,5842,0,0,0,1.0,1,1.0,1,1.0,1,0.13694268384144392,48
4164,3,9041,3198,5843,0,0,0,1.0,1,1.0,1,1.0,1,0.1688923296468723,50
4165,0,9041,3198,5843,0,0,0,1.0,1,1.0,1,1.0,1,0.18545557929787576,49
4166,5,9046,3200,5846,0,0,0,1.0,1,1.0,1,1.0,1,0.1282738978303268,50
4167,0,9046,3200,5846,0,0,0,1.0,1,1.0,1,1.0,1,0.13049419870321713,50
4168,0,9046,3200,5846,0,0,0,1.0,1,1.0,1,1.0,1,0.13516968656491057,50
4169,1,9047,3201,5846,0,0,0,1.0,1,1.0,1,1.0,1,0.151719419923465,51
4170,1,9048,3202,5846,0,0,0,1.0,1,1.0,1,1.0,1,0.1904988895544329,50
4171,5,9053,3204,5849,0,0,0,1.0,1,1.0,1,1.0,1,0.17352769336230234,50
4172,1,9054,3205,5849,0,0,0,1.0,1,1.0,1,1.0,1,0.22011211904275013,49
4173,1,9055,3205,5850,0,0,0,1.0,1,1.0,1,1.0,1,0.24733718427784387,48
4174,1,9056,3205,5851,0,0,0,1.0,1,1.0,1,1.0,1,0.23716053859581038,48
4175,2,9058,3206,5852,0,0,0,1.0,1,1.0,1,1.0,1,0.2098432045409902,48
4176,7,9065,3206,5859,0,0,0,1.0,1,1.0,1,1.0,1,0.15634181628339766,50
4177,5,9070,3206,5864,0,0,0,1.0,1,1.0,1,1.0,1,0.14230385432798204,52
4178,1,9071,3206,5865,0,0,0,1.0,1,1.0,1,1.0,1,0.1269646956843312,53
4179,2,9073,3206,5867,0,0,0,1.0,1,1.0,1,1.0,1,0.13187133258265682,54
4180,2,9075,3206,5869,0,0,0,1.0,1,1.0,1,1.0,1,0.13553230704070945,55
4181,1,9076,3206,5870,0,0,0,1.0,1,1.0,1,1.0,1,0.1184814156477826,56
4182,0,9076,3206,5870,0,0,0,1.0,1,1.0,1,1.0,1,0.1184814156477826,56
4183,2,9078,3206,5872,0,0,0,1.0,1,1.0,1,1.0,1,0.09338047111030137,57
4184,3,9081,3209,5872,0,0,0,1.0,1,1.0,1,1.0,1,0.12977144887866315,57
4185,1,9082,3210,5872,0,0,0,1.0,1,1.0,1,1.0,1,0.12773159583662388,54
4186,3,9085,3212,5873,0,0,0,1.0,1,1.0,1,1.0,1,0.10995124202356943,55
4187,2,9087,3213,5874,0,0,0,1.0,1,1.0,1,1.0,1,0.10141288137270485,53
4188,1,9088,3214,5874,0,0,0,1.0,1,1.0,1,1.0,1,0.10224612231379736,53
4189,1,9089,3215,5874,0,0,0,1.0,1,1.0,1,1.0,1,0.11253054812027884,53
4190,1,9090,3216,5874,0,0,0,1.0,1,1.0,1,1.0,1,0.09397952321811842,53
4191,2,9092,3216,5876,0,0,0,1.0,1,1.0,1,1.0,1,0.08468694492250346,51
4192,1,9093,3217,5876,0,0,0,1.0,1,1.0,1,1.0,1,0.10865449020569294,51
4193,2,9095,3219,5876,0,0,0,1.0,1,1.0,1,1.0,1,0.12203393056442857,50
4194,1,9096,3220,5876,0,0,0,1.0,1,1.0,1,1.0,1,0.15612858670586627,50
4195,4,9100,3221,5879,0,0,0,1.0,1,1.0,1,1.0,1,0.1844419451045641,50
4196,9,9109,3222,5887,0,0,0,1.0,1,1.0,1,1.0,1,0.13894531804328483,51
4197,2,9111,3223,5888,0,0,0,1.0,1,1.0,1,1.0,1,0.16884407164636625,50
4198,3,9114,3224,5890,0,0,0,1.0,1,1.0,1,1.0,1,0.1553631862234297,48
4199,2,9116,3224,5892,0,0,0,1.0,1,1.0,1,1.0,1,0.1839352503957092,48
4200,4,9120,3224,5896,0,0,0,1.0,1,1.0,1,1.0,1,0.19875891348956465,48
4201,1,9121,3224,5897,0,0,0,1.0,1,1.0,1,1.0,1,0.18998610434154173,47
4202,1,9122,3225,5897,0,0,0,1.0,1,1.0,1,1.0,1,0.20114199891434384,47
4203,1,9123,3226,5897,0,0,0,1.0,1,1.0,1,1.0,1,0.2344480985515641,47
4204,2,9125,3227,5898,0,0,0,1.0,1,1.0,1,1.0,1,0.2511726238725576,48
4205,2,9127,3228,5899,0,0,0,1.0,1,1.0,1,1.0,1,0.286301046398909,49
4206,6,9133,3231,5902,0,0,0,1.0,1,1.0,1,1.0,1,0.2928827555097004,49
4207,0,9133,3231,5902,0,0,0,1.0,1,1.0,1,1.0,1,0.2939689209500125,48
4208,1,9134,3232,5902,0,0,0,1.0,1,1.0,1,1.0,1,0.2871707144681839,49
4209,2,9136,3232,5904,0,0,0,1.0,1,1.0,1,1.0,1,0.2401960071950143,51
4210,2,9138,3233,5905,0,0,0,1.0,1,1.0,1,1.0,1,0.2555628455552312,52
4211,4,9142,3234,5908,0,0,0,1.0,1,1.0,1,1.0,1,0.23810799416942866,53
4212,1,9143,3234,5909,0,0,0,1.0,1,1.0,1,1.0,1,0.22911728324258537,53
4213,1,9144,3234,5910,0,0,0,1.0,1,1.0,1,1.0,1,0.22284863936705238,54
4214,3,9147,3234,5913,0,0,0,1.0,1,1.0,1,1.0,1,0.2119815320733272,54
4215,4,9151,3235,5916,0,0,0,1.0,1,1.0,1,1.0,1,0.2072611234556292,54
4216,3,9154,3235,5919,0,0,0,1.0,1,1.0,1,1.0,1,0.21181225221338673,53
4217,3,9157,3236,5921,0,0,0,1.0,1,1.0,1,1.0,1,0.2218308434674898,54
4218,1,9158,3237,5921,0,0,0,1.0,1,1.0,1,1.0,1,0.24046588752993647,53
4219,0,9158,3237,5921,0,0,0,1.0,1,1.0,1,1.0,1,0.24046588752993647,53
4220,3,9161,3237,5924,0,0,0,1.0,1,1.0,1,1.0,1,0.22538162892343186,53
4221,2,9163,3237,5926,0,0,0,1.0,1,1.0,1,1.0,1,0.20046019571867513,54
4222,4,9167,3241,5926,0,0,0,1.0,1,1.0,1,1.0,1,0.22899527347405468,55
4223,2,9169,3242,5927,0,0,0,1.0,1,1.0,1,1.0,1,0.22377631471132706,56
4224,5,9174,3245,5929,0,0,0,1.0,1,1.0,1,1.0,1,0.21914728153833207,55
4225,1,9175,3246,5929,0,0,0,1.0,1,1.0,1,1.0,1,0.21214362915332421,53
4226,6,9181,3248,5933,0,0,0,1.0,1,1.0,1,1.0,1,0.20528399677872466,54
4227,0,9181,3248,5933,0,0,0,1.0,1,1.0,1,1.0,1,0.19554692415622638,52
4228,2,9183,3250,5933,0,0,0,1.0,1,1.0,1,1.0,1,0.19686856380673076,51
4229,1,9184,3251,5933,0,0,0,1.0,1,1.0,1,1.0,1,0.22075284172185206,48
4230,2,9186,3253,5933,0,0,0,1.0,1,1.0,1,1.0,1,0.23073175173045796,48
4231,5,9191,3253,5938,0,0,0,1.0,1,1.0,1,1.0,1,0.14617772848707564,48
4232,2,9193,3255,5938,0,0,0,1.0,1,1.0,1,1.0,1,0.1312494717328875,48
4233,1,9194,3256,5938,0,0,0,1.0,1,1.0,1,1.0,1,0.14135564101197376,48
4234,3,9197,3258,5939,0,0,0,1.0,1,1.0,1,1.0,1,0.12558845655226963,49
4235,4,9201,3258,5943,0,0,0,1.0,1,1.0,1,1.0,1,0.12046396805199326,47
4236,2,9203,3259,5944,0,0,0,1.0,1,1.0,1,1.0,1,0.09117572046256717,47
4237,1,9204,3259,5945,0,0,0,1.0,1,1.0,1,1.0,1,0.07099815636487035,48
4238,0,9204,3259,5945,0,0,0,1.0,1,1.0,1,1.0,1,0.09735522880496088,47
4239,1,9205,3260,5945,0,0,0,1.0,1,1.0,1,1.0,1,0.09896531111982207,48
4240,0,9205,3260,5945,0,0,0,1.0,1,1.0,1,1.0,1,0.09929704894910285,47
4241,3,9208,3260,5948,0,0,0,1.0,1,1.0,1,1.0,1,0.07894004943998684,49
4242,0,9208,3260,5948,0,0,0,1.0,1,1.0,1,1.0,1,0.07696029688186158,49
4243,2,9210,3261,5949,0,0,0,1.0,1,1.0,1,1.0,1,0.09159468083463847,50
4244,2,9212,3261,5951,0,0,0,1.0,1,1.0,1,1.0,1,0.12034176049717556,51
4245,1,9213,3261,5952,0,0,0,1.0,1,1.0,1,1.0,1,0.1468422909435139,51
4246,3,9216,3261,5955,0,0,0,1.0,1,1.0,1,1.0,1,0.0792070207106701,51
4247,1,9217,3261,5956,0,0,0,1.0,1,1.0,1,1.0,1,0.08708534432737482,52
4248,1,9218,3262,5956,0,0,0,1.0,1,1.0,1,1.0,1,0.11388420588002353,52
4249,1,9219,3262,5957,0,0,0,1.0,1,1.0,1,1.0,1,0.11667077931920328,52
4250,5,9224,3264,5960,0,0,0,1.0,1,1.0,1,1.0,1,0.12416497908520722,52
4251,3,9227,3265,5962,0,0,0,1.0,1,1.0,1,1.0,1,0.09803288171465027,53
4252,4,9231,3268,5963,0,0,0,1.0,1,1.0,1,1.0,1,0.09152599447324435,53
4253,3,9234,3270,5964,0,0,0,1.0,1,1.0,1,1.0,1,0.08624862071944307,54
4254,1,9235,3270,5965,0,0,0,1.0,1,1.0,1,1.0,1,0.08498034173337937,54
4255,3,9238,3271,5967,0,0,0,1.0,1,1.0,1,1.0,1,0.11793401324414134,55
4256,4,9242,3272,5970,0,0,0,1.0,1,1.0,1,1.0,1,0.09648252297314225,57
4257,0,9242,3272,5970,0,0,0,1.0,1,1.0,1,1.0,1,0.09648252297314225,57
4258,1,9243,3273,5970,0,0,0,1.0,1,1.0,1,1.0,1,0.11836986727201833,57
4259,3,9246,3273,5973,0,0,0,1.0,1,1.0,1,1.0,1,0.11756282170243514,57
4260,2,9248,3273,5975,0,0,0,1.0,1,1.0,1,1.0,1,0.09528807749937528,58
4261,1,9249,3274,5975,0,0,0,1.0,1,1.0,1,1.0,1,0.1059036057576517,59
4262,2,9251,3274,5977,0,0,0,1.0,1,1.0,1,1.0,1,0.06635664149562888,60
4263,2,9253,3276,5977,0,0,0,1.0,1,1.0,1,1.0,1,0.0670768363387377,59
4264,3,9256,3278,5978,0,0,0,1.0,1,1.0,1,1.0,1,0.09748519351558203,58
4265,4,9260,3279,5981,0,0,0,1.0,1,1.0,1,1.0,1,0.0772986754779979,58
4266,1,9261,3279,5982,0,0,0,1.0,1,1.0,1,1.0,1,0.05054236366303455,58
4267,2,9263,3280,5983,0,0,0,1.0,1,1.0,1,1.0,1,0.041427979660546545,55
4268,1,9264,3281,5983,0,0,0,1.0,1,1.0,1,1.0,1,0.05950071983563614,55
4269,2,9266,3283,5983,0,0,0,1.0,1,1.0,1,1.0,1,0.06831983716388101,50
4270,0,9266,3283,5983,0,0,0,1.0,1,1.0,1,1.0,1,0.10485038441958913,47
4271,3,9269,3284,5985,0,0,0,1.0,1,1.0,1,1.0,1,0.12371055311179543,47
4272,0,9269,3284,5985,0,0,0,1.0,1,1.0,1,1.0,1,0.13305372032866658,46
4273,2,9271,3284,5987,0,0,0,1.0,1,1.0,1,1.0,1,0.13981496798009727,47
4274,2,9273,3285,5988,0,0,0,1.0,1,1.0,1,1.0,1,0.16915292228942153,45
4275,5,9278,3289,5989,0,0,0,1.0,1,1.0,1,1.0,1,0.19470578864769506,44
4276,5,9283,3291,5992,0,0,0,1.0,1,1.0,1,1.0,1,0.11982540680662827,43
4277,3,9286,3292,5994,0,0,0,1.0,1,1.0,1,1.0,1,0.17811774211188508,42
4278,3,9289,3292,5997,0,0,0,1.0,1,1.0,1,1.0,1,0.17107540605941968,43
4279,5,9294,3294,6000,0,0,0,1.0,1,1.0,1,1.0,1,0.24971613907315018,42
4280,4,9298,3296,6002,0,0,0,1.0,1,1.0,1,1.0,1,0.2538655271589286,44
4281,8,9306,3297,6009,0,0,0,1.0,1,1.0,1,1.0,1,0.12705707727902363,44
4282,3,9309,3297,6012,0,0,0,1.0,1,1.0,1,1.0,1,0.06452314684767523,44
4283,3,9312,3297,6015,0,0,0,1.0,1,1.0,1,1.0,1,0.08795769002005155,45
4284,3,9315,3297,6018,0,0,0,1.0,1,1.0,1,1.0,1,0.09594348988324163,45
4285,6,9321,3297,6024,0,0,0,1.0,1,1.0,1,1.0,1,0.08994345872657133,47
4286,2,9323,3297,6026,0,0,0,1.0,1,1.0,1,1.0,1,0.052670409284134356,47
4287,2,9325,3297,6028,0,0,0,1.0,1,1.0,1,1.0,1,0.04036668966998289,49
4288,0,9325,3297,6028,0,0,0,1.0,1,1.0,1,1.0,1,0.04036668966998289,49
4289,0,9325,3297,6028,0,0,0,1.0,1,1.0,1,1.0,1,0.05456844324126593,50
4290,2,9327,3298,6029,0,0,0,1.0,1,1.0,1,1.0,1,0.09193306977792673,51
4291,3,9330,3300,6030,0,0,0,1.0,1,1.0,1,1.0,1,0.10569881190689775,50
4292,4,9334,3301,6033,0,0,0,1.0,1,1.0,1,1.0,1,0.12449342849631968,51
4293,2,9336,3302,6034,0,0,0,1.0,1,1.0,1,1.0,1,0.14282222952325566,51
4294,0,9336,3302,6034,0,0,0,1.0,1,1.0,1,1.0,1,0.1636590778980097,50
4295,2,9338,3304,6034,0,0,0,1.0,1,1.0,1,1.0,1,0.20237301529741733,50
4296,5,9343,3304,6039,0,0,0,1.0,1,1.0,1,1.0,1,0.09198583603370404,49
4297,1,9344,3304,6040,0,0,0,1.0,1,1.0,1,1.0,1,0.06913700905178659,49
4298,1,9345,3304,6041,0,0,0,1.0,1,1.0,1,1.0,1,0.048905804773420145,49
4299,2,9347,3304,6043,0,0,0,1.0,1,1.0,1,1.0,1,0.06900824367410474,48
4300,6,9353,3304,6049,0,0,0,1.0,1,1.0,1,1.0,1,0.08637992050312475,49
4301,2,9355,3306,6049,0,0,0,1.0,1,1.0,1,1.0,1,0.0881994672187236,50
4302,0,9355,3306,6049,0,0,0,1.0,1,1.0,1,1.0,1,0.08646033517287645,51
4303,2,9357,3307,6050,0,0,0,1.0,1,1.0,1,1.0,1,0.08824792740401577,51
4304,2,9359,3309,6050,0,0,0,1.0,1,1.0,1,1.0,1,0.0958333412047572,51
4305,4,9363,3312,6051,0,0,0,1.0,1,1.0,1,1.0,1,0.12214178644149859,49
4306,8,9371,3313,6058,0,0,0,1.0,1,1.0,1,1.0,1,0.0996706371254004,49
4307,2,9373,3314,6059,0,0,0,1.0,1,1.0,1,1.0,1,0.12601675817598162,46
4308,3,9376,3316,6060,0,0,0,1.0,1,1.0,1,1.0,1,0.123122524635031,44
4309,5,9381,3320,6061,0,0,0,1.0,1,1.0,1,1.0,1,0.18017697332752958,44
4310,2,9383,3320,6063,0,0,0,1.0,1,1.0,1,1.0,1,0.1740746516571424,42
4311,6,9389,3322,6067,0,0,0,1.0,1,1.0,1,1.0,1,0.10674622057896269,42
4312,0,9389,3322,6067,0,0,0,1.0,1,1.0,1,1.0,1,0.14792494699506528,40
4313,1,9390,3323,6067,0,0,0,1.0,1,1.0,1,1.0,1,0.1452448603801653,40
4314,0,9390,3323,6067,0,0,0,1.0,1,1.0,1,1.0,1,0.19918882594286907,36
4315,2,9392,3324,6068,0,0,0,1.0,1,1.0,1,1.0,1,0.17773189856334032,37
4316,6,9398,3327,6071,0,0,0,1.0,1,1.0,1,1.0,1,0.19238161376779334,37
4317,5,9403,3330,6073,0,0,0,1.0,1,1.0,1,1.0,1,0.21660219893965743,36
4318,1,9404,3331,6073,0,0,0,1.0,1,1.0,1,1.0,1,0.2245123974350508,34
4319,1,9405,3331,6074,0,0,0,1.0,1,1.0,1,1.0,1,0.2324341973483779,34
4320,2,9407,3331,6076,0,0,0,1.0,1,1.0,1,1.0,1,0.18602151697396588,34
4321,3,9410,3331,6079,0,0,0,1.0,1,1.0,1,1.0,1,0.1766056615469296,35
4322,0,9410,3331,6079,0,0,0,1.0,1,1.0,1,1.0,1,0.1766056615469296,35
4323,0,9410,3331,6079,0,0,0,1.0,1,1.0,1,1.0,1,0.1766056615469296,35
4324,0,9410,3331,6079,0,0,0,1.0,1,1.0,1,1.0,1,0.18789680877615852,34
4325,1,9411,3331,6080,0,0,0,1.0,1,1.0,1,1.0,1,0.17063992916658063,34
4326,4,9415,3332,6083,0,0,0,1.0,1,1.0,1,1.0,1,0.1279225100673089,36
4327,2,9417,3332,6085,0,0,0,1.0,1,1.0,1,1.0,1,0.13873892530236115,35
4328,2,9419,3333,6086,0,0,0,1.0,1,1.0,1,1.0,1,0.11333323390689999,35
4329,7,9426,3335,6091,0,0,0,1.0,1,1.0,1,1.0,1,0.18080847706315784,38
4330,7,9433,3337,6096,0,0,0,1.0,1,1.0,1,1.0,1,0.20879736925347744,38
4331,6,9439,3337,6102,0,0,0,1.0,1,1.0,1,1.0,1,0.15378791752096457,39
4332,1,9440,3337,6103,0,0,0,1.0,1,1.0,1,1.0,1,0.15824024307187023,40
4333,0,9440,3337,6103,0,0,0,1.0,1,1.0,1,1.0,1,0.15142630514892827,41
4334,0,9440,3337,6103,0,0,0,1.0,1,1.0,1,1.0,1,0.15142630514892827,41
4335,2,9442,3337,6105,0,0,0,1.0,1,1.0,1,1.0,1,0.1270719482236823,42
4336,4,9446,3337,6109,0,0,0,1.0,1,1.0,1,1.0,1,0.08657645459631808,43
4337,5,9451,3338,6113,0,0,0,1.0,1,1.0,1,1.0,1,0.09172270841332777,44
4338,5,9456,3338,6118,0,0,0,1.0,1,1.0,1,1.0,1,0.06686062631797957,44
4339,7,9463,3338,6125,0,0,0,1.0,1,1.0,1,1.0,1,0.08662943154877986,46
4340,4,9467,3338,6129,0,0,0,1.0,1,1.0,1,1.0,1,0.10211504500503482,47
4341,1,9468,3338,6130,0,0,0,1.0,1,1.0,1,1.0,1,0.09141195095557512,47
4342,2,9470,3340,6130,0,0,0,1.0,1,1.0,1,1.0,1,0.1341393598877263,47
4343,1,9471,3340,6131,0,0,0,1.0,1,1.0,1,1.0,1,0.11020726469704709,42
4344,5,9476,3345,6131,0,0,0,1.0,1,1.0,1,1.0,1,0.21255336837442165,42
4345,4,9480,3348,6132,0,0,0,1.0,1,1.0,1,1.0,1,0.24933125499106576,39
4346,5,9485,3350,6135,0,0,0,1.0,1,1.0,1,1.0,1,0.21384052676357668,37
4347,4,9489,3352,6137,0,0,0,1.0,1,1.0,1,1.0,1,0.22664971750485782,37
4348,6,9495,3354,6141,0,0,0,1.0,1,1.0,1,1.0,1,0.2204775593031417,38
4349,2,9497,3354,6143,0,0,0,1.0,1,1.0,1,1.0,1,0.17632761890992465,36
4350,3,9500,3355,6145,0,0,0,1.0,1,1.0,1,1.0,1,0.18156651378342978,37
4351,3,9503,3356,6147,0,0,0,1.0,1,1.0,1,1.0,1,0.1402013196583241,35
4352,2,9505,3356,6149,0,0,0,1.0,1,1.0,1,1.0,1,0.17096666057878915,34
4353,0,9505,3356,6149,0,0,0,1.0,1,1.0,1,1.0,1,0.21205515882341414,34
4354,1,9506,3356,6150,0,0,0,1.0,1,1.0,1,1.0,1,0.21949286189477504,32
4355,1,9507,3356,6151,0,0,0,1.0,1,1.0,1,1.0,1,0.18194740456039177,32
4356,4,9511,3358,6153,0,0,0,1.0,1,1.0,1,1.0,1,0.154966289996421,34
4357,0,9511,3358,6153,0,0,0,1.0,1,1.0,1,1.0,1,0.14703572332833206,35
4358,2,9513,3360,6153,0,0,0,1.0,1,1.0,1,1.0,1,0.21035774566732982,35
4359,1,9514,3360,6154,0,0,0,1.0,1,1.0,1,1.0,1,0.18296906996241188,37
4360,3,9517,3360,6157,0,0,0,1.0,1,1.0,1,1.0,1,0.20696939803201894,38
4361,6,9523,3361,6162,0,0,0,1.0,1,1.0,1,1.0,1,0.09805960863944571,39
4362,2,9525,3363,6162,0,0,0,1.0,1,1.0,1,1.0,1,0.09776042093087146,38
4363,0,9525,3363,6162,0,0,0,1.0,1,1.0,1,1.0,1,0.09776042093087146,38
4364,4,9529,3364,6165,0,0,0,1.0,1,1.0,1,1.0,1,0.07841552719773932,39
4365,1,9530,3364,6166,0,0,0,1.0,1,1.0,1,1.0,1,0.09813220935857253,39
4366,1,9531,3364,6167,0,0,0,1.0,1,1.0,1,1.0,1,0.07841552719773932,39
4367,1,9532,3365,6167,0,0,0,1.0,1,1.0,1,1.0,1,0.10127736763112634,41
4368,1,9533,3366,6167,0,0,0,1.0,1,1.0,1,1.0,1,0.13826973581258858,41
4369,0,9533,3366,6167,0,0,0,1.0,1,1.0,1,1.0,1,0.14234600049403756,42
4370,0,9533,3366,6167,0,0,0,1.0,1,1.0,1,1.0,1,0.14234600049403756,42
4371,0,9533,3366,6167,0,0,0,1.0,1,1.0,1,1.0,1,0.15040272975375732,43
4372,2,9535,3367,6168,0,0,0,1.0,1,1.0,1,1.0,1,0.13237288881667192,43
4373,1,9536,3368,6168,0,0,0,1.0,1,1.0,1,1.0,1,0.1551541335619031,43
4374,2,9538,3368,6170,0,0,0,1.0,1,1.0,1,1.0,1,0.13105150488627806,44
4375,3,9541,3370,6171,0,0,0,1.0,1,1.0,1,1.0,1,0.13732459493529306,45
4376,2,9543,3370,6173,0,0,0,1.0,1,1.0,1,1.0,1,0.12008469928365256,46
4377,3,9546,3373,6173,0,0,0,1.0,1,1.0,1,1.0,1,0.15993561504510487,47
4378,1,9547,3373,6174,0,0,0,1.0,1,1.0,1,1.0,1,0.16098748476556168,49
4379,6,9553,3376,6177,0,0,0,1.0,1,1.0,1,1.0,1,0.21067334190869,51
4380,6,9559,3377,6182,0,0,0,1.0,1,1.0,1,1.0,1,0.20949391748055646,50
4381,4,9563,3378,6185,0,0,0,1.0,1,1.0,1,1.0,1,0.17627022720682148,49
4382,4,9567,3380,6187,0,0,0,1.0,1,1.0,1,1.0,1,0.21971164954599923,47
4383,2,9569,3381,6188,0,0,0,1.0,1,1.0,1,1.0,1,0.2352808935320158,47
4384,2,9571,3381,6190,0,0,0,1.0,1,1.0,1,1.0,1,0.24565294492420614,44
4385,3,9574,3381,6193,0,0,0,1.0,1,1.0,1,1.0,1,0.242536325415323,42
4386,9,9583,3383,6200,0,0,0,1.0,1,1.0,1,1.0,1,0.22307313016405997,41
4387,1,9584,3383,6201,0,0,0,1.0,1,1.0,1,1.0,1,0.18887438734610354,39
4388,3,9587,3384,6203,0,0,0,1.0,1,1.0,1,1.0,1,0.19324519982698748,39
4389,5,9592,3387,6205,0,0,0,1.0,1,1.0,1,1.0,1,0.1456495657799288,38
4390,1,9593,3387,6206,0,0,0,1.0,1,1.0,1,1.0,1,0.1491547204968265,38
4391,3,9596,3387,6209,0,0,0,1.0,1,1.0,1,1.0,1,0.1203851653983286,39
4392,1,9597,3387,6210,0,0,0,1.0,1,1.0,1,1.0,1,0.1021455462365758,39
4393,0,9597,3387,6210,0,0,0,1.0,1,1.0,1,1.0,1,0.10787546863430436,40
4394,0,9597,3387,6210,0,0,0,1.0,1,1.0,1,1.0,1,0.12633381683306238,39
4395,0,9597,3387,6210,0,0,0,1.0,1,1.0,1,1.0,1,0.12633381683306238,39
4396,1,9598,3387,6211,0,0,0,1.0,1,1.0,1,1.0,1,0.15689936281106476,39
4397,1,9599,3388,6211,0,0,0,1.0,1,1.0,1,1.0,1,0.18099397549183008,38
4398,0,9599,3388,6211,0,0,0,1.0,1,1.0,1,1.0,1,0.1912559853772066,39
4399,0,9599,3388,6211,0,0,0,1.0,1,1.0,1,1.0,1,0.2011230048580379,42
4400,4,9603,3388,6215,0,0,0,1.0,1,1.0,1,1.0,1,0.179354961093723,43
4401,2,9605,3388,6217,0,0,0,1.0,1,1.0,1,1.0,1,0.12261760374116332,44
4402,0,9605,3388,6217,0,0,0,1.0,1,1.0,1,1.0,1,0.12261760374116332,44
4403,1,9606,3388,6218,0,0,0,1.0,1,1.0,1,1.0,1,0.11266974470602639,45
4404,1,9607,3388,6219,0,0,0,1.0,1,1.0,1,1.0,1,0.12016912439483823,45
4405,2,9609,3388,6221,0,0,0,1.0,1,1.0,1,1.0,1,0.09695594330707707,46
4406,0,9609,3388,6221,0,0,0,1.0,1,1.0,1,1.0,1,0.09695594330707707,46
4407,0,9609,3388,6221,0,0,0,1.0,1,1.0,1,1.0,1,0.09695594330707707,46
4408,0,9609,3388,6221,0,0,0,1.0,1,1.0,1,1.0,1,0.10854830606768193,47
4409,0,9609,3388,6221,0,0,0,1.0,1,1.0,1,1.0,1,0.13062932271233796,48
4410,0,9609,3388,6221,0,0,0,1.0,1,1.0,1,1.0,1,0.13062932271233796,48
4411,0,9609,3388,6221,0,0,0,1.0,1,1.0,1,1.0,1,0.12262628037728125,50
4412,1,9610,3388,6222,0,0,0,1.0,1,1.0,1,1.0,1,0.10967293489956968,50
4413,1,9611,3388,6223,0,0,0,1.0,1,1.0,1,1.0,1,0.10498808696508669,50
4414,1,9612,3388,6224,0,0,0,1.0,1,1.0,1,1.0,1,0.11419189319589161,51
4415,2,9614,3388,6226,0,0,0,1.0,1,1.0,1,1.0,1,0.10993720632633928,51
4416,1,9615,3388,6227,0,0,0,1.0,1,1.0,1,1.0,1,0.09177315033597522,51
4417,2,9617,3389,6228,0,0,0,1.0,1,1.0,1,1.0,1,0.09408282072569299,51
4418,0,9617,3389,6228,0,0,0,1.0,1,1.0,1,1.0,1,0.12447229980500542,51
4419,0,9617,3389,6228,0,0,0,1.0,1,1.0,1,1.0,1,0.11400370581580682,50
4420,3,9620,3390,6230,0,0,0,1.0,1,1.0,1,1.0,1,0.16232251249811264,50
4421,5,9625,3390,6235,0,0,0,1.0,1,1.0,1,1.0,1,0.11573354834303855,52
4422,0,9625,3390,6235,0,0,0,1.0,1,1.0,1,1.0,1,0.1168195278589639,51
4423,1,9626,3390,6236,0,0,0,1.0,1,1.0,1,1.0,1,0.12543682362669184,51
4424,1,9627,3390,6237,0,0,0,1.0,1,1.0,1,1.0,1,0.12281912781730281,53
4425,1,9628,3390,6238,0,0,0,1.0,1,1.0,1,1.0,1,0.1384354081397704,54
4426,4,9632,3391,6241,0,0,0,1.0,1,1.0,1,1.0,1,0.034737661790754985,55
4427,0,9632,3391,6241,0,0,0,1.0,1,1.0,1,1.0,1,0.034737661790754985,55
4428,0,9632,3391,6241,0,0,0,1.0,1,1.0,1,1.0,1,0.034737661790754985,55
4429,2,9634,3391,6243,0,0,0,1.0,1,1.0,1,1.0,1,0.04408260621682801,56
4430,1,9635,3391,6244,0,0,0,1.0,1,1.0,1,1.0,1,0.07199893631840916,55
4431,1,9636,3391,6245,0,0,0,1.0,1,1.0,1,1.0,1,0.05226432131852905,56
4432,0,9636,3391,6245,0,0,0,1.0,1,1.0,1,1.0,1,0.05226432131852905,56
4433,0,9636,3391,6245,0,0,0,1.0,1,1.0,1,1.0,1,0.0478507205028818,57
4434,0,9636,3391,6245,0,0,0,1.0,1,1.0,1,1.0,1,0.042103365236284704,56
4435,2,9638,3393,6245,0,0,0,1.0,1,1.0,1,1.0,1,0.04680712792542285,56
4436,2,9640,3395,6245,0,0,0,1.0,1,1.0,1,1.0,1,0.05586852471940465,55
4437,0,9640,3395,6245,0,0,0,1.0,1,1.0,1,1.0,1,0.07307914435208192,54
4438,3,9643,3397,6246,0,0,0,1.0,1,1.0,1,1.0,1,0.1036153251530734,54
4439,1,9644,3397,6247,0,0,0,1.0,1,1.0,1,1.0,1,0.14020607466211227,55
4440,1,9645,3398,6247,0,0,0,1.0,1,1.0,1,1.0,1,0.164676677535902,55
4441,6,9651,3400,6251,0,0,0,1.0,1,1.0,1,1.0,1,0.11215809107567279,59
4442,1,9652,3400,6252,0,0,0,1.0,1,1.0,1,1.0,1,0.10175699925069581,61
4443,1,9653,3401,6252,0,0,0,1.0,1,1.0,1,1.0,1,0.11084079784050782,60
4444,3,9656,3401,6255,0,0,0,1.0,1,1.0,1,1.0,1,0.08623753103116809,61
4445,1,9657,3401,6256,0,0,0,1.0,1,1.0,1,1.0,1,0.0779202616582431,61
4446,0,9657,3401,6256,0,0,0,1.0,1,1.0,1,1.0,1,0.0924515750470365,62
4447,0,9657,3401,6256,0,0,0,1.0,1,1.0,1,1.0,1,0.09062725947988028,63
4448,0,9657,3401,6256,0,0,0,1.0,1,1.0,1,1.0,1,0.09062725947988028,63
4449,0,9657,3401,6256,0,0,0,1.0,1,1.0,1,1.0,1,0.09062725947988028,63
4450,0,9657,3401,6256,0,0,0,1.0,1,1.0,1,1.0,1,0.10765394177321957,62
4451,1,9658,3402,6256,0,0,0,1.0,1,1.0,1,1.0,1,0.12348505235756006,63
4452,1,9659,3402,6257,0,0,0,1.0,1,1.0,1,1.0,1,0.12472521388642575,64
4453,3,9662,3403,6259,0,0,0,1.0,1,1.0,1,1.0,1,0.13370078609804284,65
4454,2,9664,3403,6261,0,0,0,1.0,1,1.0,1,1.0,1,0.10765499836285923,66
4455,2,9666,3403,6263,0,0,0,1.0,1,1.0,1,1.0,1,0.09815530925817428,67
4456,7,9673,3405,6268,0,0,0,1.0,1,1.0,1,1.0,1,0.0971713966705806,67
4457,0,9673,3405,6268,0,0,0,1.0,1,1.0,1,1.0,1,0.11398049421165482,65
4458,2,9675,3405,6270,0,0,0,1.0,1,1.0,1,1.0,1,0.1187885516867685,65
4459,4,9679,3408,6271,0,0,0,1.0,1,1.0,1,1.0,1,0.14741719348846904,64
4460,0,9679,3408,6271,0,0,0,1.0,1,1.0,1,1.0,1,0.1634812470280541,63
4461,5,9684,3411,6273,0,0,0,1.0,1,1.0,1,1.0,1,0.18923025528485465,62
4462,8,9692,3416,6276,0,0,0,1.0,1,1.0,1,1.0,1,0.20253903957803485,61
4463,2,9694,3418,6276,0,0,0,1.0,1,1.0,1,1.0,1,0.23990171522230594,61
4464,4,9698,3421,6277,0,0,0,1.0,1,1.0,1,1.0,1,0.2416152041556879,58
4465,2,9700,3421,6279,0,0,0,1.0,1,1.0,1,1.0,1,0.22598710847800496,57
4466,7,9707,3422,6285,0,0,0,1.0,1,1.0,1,1.0,1,0.1591719417549679,54
4467,3,9710,3424,6286,0,0,0,1.0,1,1.0,1,1.0,1,0.14704451008651465,52
4468,4,9714,3425,6289,0,0,0,1.0,1,1.0,1,1.0,1,0.12507327053114903,52
4469,1,9715,3425,6290,0,0,0,1.0,1,1.0,1,1.0,1,0.12278660547443825,51
4470,1,9716,3426,6290,0,0,0,1.0,1,1.0,1,1.0,1,0.11642896269822466,51
4471,1,9717,3426,6291,0,0,0,1.0,1,1.0,1,1.0,1,0.10120461206063142,50
4472,2,9719,3427,6292,0,0,0,1.0,1,1.0,1,1.0,1,0.09486651484241086,48
4473,1,9720,3428,6292,0,0,0,1.0,1,1.0,1,1.0,1,0.14860254323360733,47
4474,2,9722,3429,6293,0,0,0,1.0,1,1.0,1,1.0,1,0.1308874901237615,49
4475,3,9725,3430,6295,0,0,0,1.0,1,1.0,1,1.0,1,0.19283640510834024,47
4476,8,9733,3432,6301,0,0,0,1.0,1,1.0,1,1.0,1,0.14561934337045992,49
4477,2,9735,3432,6303,0,0,0,1.0,1,1.0,1,1.0,1,0.07587271623023595,48
4478,0,9735,3432,6303,0,0,0,1.0,1,1.0,1,1.0,1,0.07587271623023595,48
4479,0,9735,3432,6303,0,0,0,1.0,1,1.0,1,1.0,1,0.07587271623023595,48
4480,1,9736,3432,6304,0,0,0,1.0,1,1.0,1,1.0,1,0.06945836905967909,49
4481,1,9737,3432,6305,0,0,0,1.0,1,1.0,1,1.0,1,0.0966627757788146,49
4482,1,9738,3432,6306,0,0,0,1.0,1,1.0,1,1.0,1,0.09064595122104402,49
4483,0,9738,3432,6306,0,0,0,1.0,1,1.0,1,1.0,1,0.10168131207854514,50
4484,4,9742,3435,6307,0,0,0,1.0,1,1.0,1,1.0,1,0.13582084123596525,52
4485,0,9742,3435,6307,0,0,0,1.0,1,1.0,1,1.0,1,0.13806742066801986,53
4486,7,9749,3437,6312,0,0,0,1.0,1,1.0,1,1.0,1,0.09927580313974113,55
4487,4,9753,3438,6315,0,0,0,1.0,1,1.0,1,1.0,1,0.08726354822085325,55
4488,2,9755,3438,6317,0,0,0,1.0,1,1.0,1,1.0,1,0.08601433047852665,54
4489,2,9757,3439,6318,0,0,0,1.0,1,1.0,1,1.0,1,0.13714284997624235,53
4490,0,9757,3439,6318,0,0,0,1.0,1,1.0,1,1.0,1,0.13714284997624235,53
4491,1,9758,3439,6319,0,0,0,1.0,1,1.0,1,1.0,1,0.13763618568251867,52
4492,0,9758,3439,6319,0,0,0,1.0,1,1.0,1,1.0,1,0.13763618568251867,52
4493,2,9760,3440,6320,0,0,0,1.0,1,1.0,1,1.0,1,0.13534381082697616,52
4494,3,9763,3440,6323,0,0,0,1.0,1,1.0,1,1.0,1,0.09359787581509921,53
4495,4,9767,3443,6324,0,0,0,1.0,1,1.0,1,1.0,1,0.16799648969616282,50
4496,5,9772,3444,6328,0,0,0,1.0,1,1.0,1,1.0,1,0.1131587395072938,51
4497,3,9775,3445,6330,0,0,0,1.0,1,1.0,1,1.0,1,0.13038439915509956,50
4498,4,9779,3449,6330,0,0,0,1.0,1,1.0,1,1.0,1,0.20561340969289107,49
4499,1,9780,3450,6330,0,0,0,1.0,1,1.0,1,1.0,1,0.2408934027517591,48
4500,4,9784,3453,6331,0,0,0,1.0,1,1.0,1,1.0,1,0.23786052006250166,48
4501,6,9790,3454,6336,0,0,0,1.0,1,1.0,1,1.0,1,0.1633629620764963,48
4502,0,9790,3454,6336,0,0,0,1.0,1,1.0,1,1.0,1,0.17233652018664172,49
4503,9,9799,3457,6342,0,0,0,1.0,1,1.0,1,1.0,1,0.13696032699850827,49
4504,1,9800,3458,6342,0,0,0,1.0,1,1.0,1,1.0,1,0.14298243335537505,45
4505,0,9800,3458,6342,0,0,0,1.0,1,1.0,1,1.0,1,0.15015409072848343,46
4506,6,9806,3461,6345,0,0,0,1.0,1,1.0,1,1.0,1,0.11760500035967227,45
4507,2,9808,3461,6347,0,0,0,1.0,1,1.0,1,1.0,1,0.09592190103496902,45
4508,1,9809,3462,6347,0,0,0,1.0,1,1.0,1,1.0,1,0.12300877590930269,43
4509,1,9810,3463,6347,0,0,0,1.0,1,1.0,1,1.0,1,0.14706334772433174,41
4510,1,9811,3463,6348,0,0,0,1.0,1,1.0,1,1.0,1,0.15270115654760066,42
4511,3,9814,3465,6349,0,0,0,1.0,1,1.0,1,1.0,1,0.13269703446975276,41
4512,2,9816,3465,6351,0,0,0,1.0,1,1.0,1,1.0,1,0.08309358243124741,41
4513,0,9816,3465,6351,0,0,0,1.0,1,1.0,1,1.0,1,0.08309358243124741,41
4514,2,9818,3466,6352,0,0,0,1.0,1,1.0,1,1.0,1,0.10446054993334367,42
4515,0,9818,3466,6352,0,0,0,1.0,1,1.0,1,1.0,1,0.07247683920527893,41
4516,2,9820,3467,6353,0,0,0,1.0,1,1.0,1,1.0,1,0.08402727843118443,42
4517,2,9822,3467,6355,0,0,0,1.0,1,1.0,1,1.0,1,0.08077885120009144,43
4518,0,9822,3467,6355,0,0,0,1.0,1,1.0,1,1.0,1,0.09978224843641008,42
4519,2,9824,3468,6356,0,0,0,1.0,1,1.0,1,1.0,1,0.0878058022972218,42
4520,0,9824,3468,6356,0,0,0,1.0,1,1.0,1,1.0,1,0.12850246247667918,42
4521,1,9825,3468,6357,0,0,0,1.0,1,1.0,1,1.0,1,0.11952250459812643,42
4522,1,9826,3469,6357,0,0,0,1.0,1,1.0,1,1.0,1,0.11497206592525937,42
4523,0,9826,3469,6357,0,0,0,1.0,1,1.0,1,1.0,1,0.11497206592525937,42
4524,3,9829,3472,6357,0,0,0,1.0,1,1.0,1,1.0,1,0.16671831009821755,43
4525,3,9832,3473,6359,0,0,0,1.0,1,1.0,1,1.0,1,0.19017380416559052,46
4526,7,9839,3476,6363,0,0,0,1.0,1,1.0,1,1.0,1,0.14016436806529387,46
4527,2,9841,3477,6364,0,0,0,1.0,1,1.0,1,1.0,1,0.17621009728895873,47
4528,6,9847,3477,6370,0,0,0,1.0,1,1.0,1,1.0,1,0.1536028437512929,49
4529,4,9851,3478,6373,0,0,0,1.0,1,1.0,1,1.0,1,0.21577821940459638,50
4530,7,9858,3478,6380,0,0,0,1.0,1,1.0,1,1.0,1,0.17859937991411196,51
4531,3,9861,3479,6382,0,0,0,1.0,1,1.0,1,1.0,1,0.1282502684613766,51
4532,6,9867,3481,6386,0,0,0,1.0,1,1.0,1,1.0,1,0.16523466359101463,51
4533,6,9873,3481,6392,0,0,0,1.0,1,1.0,1,1.0,1,0.16138913829439233,50
4534,5,9878,3481,6397,0,0,0,1.0,1,1.0,1,1.0,1,0.11680354078913967,51
4535,4,9882,3482,6400,0,0,0,1.0,1,1.0,1,1.0,1,0.1279889641088752,50
4536,2,9884,3482,6402,0,0,0,1.0,1,1.0,1,1.0,1,0.12360576662805889,48
4537,1,9885,3482,6403,0,0,0,1.0,1,1.0,1,1.0,1,0.10585235956423748,49
4538,1,9886,3482,6404,0,0,0,1.0,1,1.0,1,1.0,1,0.13641744664712224,48
4539,2,9888,3482,6406,0,0,0,1.0,1,1.0,1,1.0,1,0.14769438252073872,50
4540,0,9888,3482,6406,0,0,0,1.0,1,1.0,1,1.0,1,0.14184596648645342,49
4541,3,9891,3484,6407,0,0,0,1.0,1,1.0,1,1.0,1,0.1532945149336721,49
4542,1,9892,3485,6407,0,0,0,1.0,1,1.0,1,1.0,1,0.1924103490993897,47
4543,2,9894,3486,6408,0,0,0,1.0,1,1.0,1,1.0,1,0.17442992982461653,45
4544,1,9895,3487,6408,0,0,0,1.0,1,1.0,1,1.0,1,0.17083728364779097,45
4545,2,9897,3489,6408,0,0,0,1.0,1,1.0,1,1.0,1,0.2236656162068542,43
4546,4,9901,3491,6410,0,0,0,1.0,1,1.0,1,1.0,1,0.2503334999939646,43
4547,2,9903,3491,6412,0,0,0,1.0,1,1.0,1,1.0,1,0.20959527967859512,41
4548,3,9906,3491,6415,0,0,0,1.0,1,1.0,1,1.0,1,0.18802852515918853,42
4549,0,9906,3491,6415,0,0,0,1.0,1,1.0,1,1.0,1,0.20699111934386702,41
4550,3,9909,3494,6415,0,0,0,1.0,1,1.0,1,1.0,1,0.17252204441631994,41
4551,2,9911,3495,6416,0,0,0,1.0,1,1.0,1,1.0,1,0.160310253028602,39
4552,1,9912,3496,6416,0,0,0,1.0,1,1.0,1,1.0,1,0.15613332296577662,38
4553,1,9913,3497,6416,0,0,0,1.0,1,1.0,1,1.0,1,0.18409440825474468,39
4554,1,9914,3498,6416,0,0,0,1.0,1,1.0,1,1.0,1,0.1919436044687217,38
4555,1,9915,3499,6416,0,0,0,1.0,1,1.0,1,1.0,1,0.2193019473099147,37
4556,6,9921,3501,6420,0,0,0,1.0,1,1.0,1,1.0,1,0.22099819669764595,36
4557,5,9926,3501,6425,0,0,0,1.0,1,1.0,1,1.0,1,0.18193141906853527,38
4558,5,9931,3502,6429,0,0,0,1.0,1,1.0,1,1.0,1,0.20941348503788426,39
4559,4,9935,3503,6432,0,0,0,1.0,1,1.0,1,1.0,1,0.21199429691112814,38
4560,6,9941,3504,6437,0,0,0,1.0,1,1.0,1,1.0,1,0.21691463233146163,41
4561,1,9942,3504,6438,0,0,0,1.0,1,1.0,1,1.0,1,0.20169877840415568,41
4562,0,9942,3504,6438,0,0,0,1.0,1,1.0,1,1.0,1,0.1828237186694341,43
4563,0,9942,3504,6438,0,0,0,1.0,1,1.0,1,1.0,1,0.16784858504936545,42
4564,2,9944,3504,6440,0,0,0,1.0,1,1.0,1,1.0,1,0.1671046137643767,43
4565,2,9946,3504,6442,0,0,0,1.0,1,1.0,1,1.0,1,0.13474725473749505,44
4566,1,9947,3504,6443,0,0,0,1.0,1,1.0,1,1.0,1,0.11838251410818966,45
4567,3,9950,3505,6445,0,0,0,1.0,1,1.0,1,1.0,1,0.12063424707832436,47
4568,1,9951,3506,6445,0,0,0,1.0,1,1.0,1,1.0,1,0.10572873226425164,47
4569,2,9953,3508,6445,0,0,0,1.0,1,1.0,1,1.0,1,0.11191551163289803,49
4570,1,9954,3508,6446,0,0,0,1.0,1,1.0,1,1.0,1,0.09941750465822692,49
4571,1,9955,3509,6446,0,0,0,1.0,1,1.0,1,1.0,1,0.10900760127957096,48
4572,0,9955,3509,6446,0,0,0,1.0,1,1.0,1,1.0,1,0.10900760127957096,48
4573,2,9957,3510,6447,0,0,0,1.0,1,1.0,1,1.0,1,0.12139425371730997,48
4574,0,9957,3510,6447,0,0,0,1.0,1,1.0,1,1.0,1,0.12618680816688002,50
4575,2,9959,3511,6448,0,0,0,1.0,1,1.0,1,1.0,1,0.13256287058607616,51
4576,5,9964,3512,6452,0,0,0,1.0,1,1.0,1,1.0,1,0.09756229932646408,48
4577,0,9964,3512,6452,0,0,0,1.0,1,1.0,1,1.0,1,0.10646040916747723,47
4578,2,9966,3513,6453,0,0,0,1.0,1,1.0,1,1.0,1,0.1282631808672339,46
4579,2,9968,3514,6454,0,0,0,1.0,1,1.0,1,1.0,1,0.14059967882943764,46
4580,0,9968,3514,6454,0,0,0,1.0,1,1.0,1,1.0,1,0.13520550312915472,47
4581,1,9969,3515,6454,0,0,0,1.0,1,1.0,1,1.0,1,0.14151184010985,47
4582,0,9969,3515,6454,0,0,0,1.0,1,1.0,1,1.0,1,0.1495846511751728,48
4583,0,9969,3515,6454,0,0,0,1.0,1,1.0,1,1.0,1,0.1495846511751728,48
4584,1,9970,3515,6455,0,0,0,1.0,1,1.0,1,1.0,1,0.14967284149972782,50
4585,1,9971,3516,6455,0,0,0,1.0,1,1.0,1,1.0,1,0.16867365678956805,50
4586,0,9971,3516,6455,0,0,0,1.0,1,1.0,1,1.0,1,0.16867365678956805,50
4587,0,9971,3516,6455,0,0,0,1.0,1,1.0,1,1.0,1,0.16867365678956805,50
4588,0,9971,3516,6455,0,0,0,1.0,1,1.0,1,1.0,1,0.16867365678956805,50
4589,2,9973,3517,6456,0,0,0,1.0,1,1.0,1,1.0,1,0.1715609176170257,52
4590,0,9973,3517,6456,0,0,0,1.0,1,1.0,1,1.0,1,0.1715609176170257,52
4591,1,9974,3517,6457,0,0,0,1.0,1,1.0,1,1.0,1,0.16242349255217167,53
4592,0,9974,3517,6457,0,0,0,1.0,1,1.0,1,1.0,1,0.17381767090206263,54
4593,1,9975,3517,6458,0,0,0,1.0,1,1.0,1,1.0,1,0.15546913228203127,56
4594,3,9978,3517,6461,0,0,0,1.0,1,1.0,1,1.0,1,0.15043319744524594,57
4595,0,9978,3517,6461,0,0,0,1.0,1,1.0,1,1.0,1,0.1592983745655971,56
4596,3,9981,3517,6464,0,0,0,1.0,1,1.0,1,1.0,1,0.1094181122622606,56
4597,1,9982,3518,6464,0,0,0,1.0,1,1.0,1,1.0,1,0.11646620771062662,56
4598,3,9985,3520,6465,0,0,0,1.0,1,1.0,1,1.0,1,0.1405191340544775,57
4599,2,9987,3521,6466,0,0,0,1.0,1,1.0,1,1.0,1,0.12176587483094976,59
4600,4,9991,3521,6470,0,0,0,1.0,1,1.0,1,1.0,1,0.1206938467042681,60
4601,5,9996,3523,6473,0,0,0,1.0,1,1.0,1,1.0,1,0.12905907745164727,60
4602,1,9997,3523,6474,0,0,0,1.0,1,1.0,1,1.0,1,0.11651779402044593,62
4603,0,9997,3523,6474,0,0,0,1.0,1,1.0,1,1.0,1,0.11651779402044593,62
4604,0,9997,3523,6474,0,0,0,1.0,1,1.0,1,1.0,1,0.11166022040324432,63
4605,0,9997,3523,6474,0,0,0,1.0,1,1.0,1,1.0,1,0.11166022040324432,63
4606,2,9999,3523,6476,0,0,0,1.0,1,1.0,1,1.0,1,0.09776223455084317,64
4607,1,10000,3524,6476,0,0,0,1.0,1,1.0,1,1.0,1,0.10932887039446372,65
4608,5,10005,3525,6480,0,0,0,1.0,1,1.0,1,1.0,1,0.11853761988388258,66
4609,2,10007,3525,6482,0,0,0,1.0,1,1.0,1,1.0,1,0.09680477419434998,65
4610,0,10007,3525,6482,0,0,0,1.0,1,1.0,1,1.0,1,0.11429072351563485,63
4611,0,10007,3525,6482,0,0,0,1.0,1,1.0,1,1.0,1,0.11723281837348785,64
4612,0,10007,3525,6482,0,0,0,1.0,1,1.0,1,1.0,1,0.11231845899340412,62
4613,1,10008,3526,6482,0,0,0,1.0,1,1.0,1,1.0,1,0.1339953371845395,63
4614,3,10011,3528,6483,0,0,0,1.0,1,1.0,1,1.0,1,0.15013272345222617,61
4615,3,10014,3530,6484,0,0,0,1.0,1,1.0,1,1.0,1,0.1993841202389121,59
4616,7,10021,3531,6490,0,0,0,1.0,1,1.0,1,1.0,1,0.11772653372641942,58
4617,2,10023,3531,6492,0,0,0,1.0,1,1.0,1,1.0,1,0.1376271750386576,58
4618,3,10026,3532,6494,0,0,0,1.0,1,1.0,1,1.0,1,0.1646295583566433,57
4619,3,10029,3533,6496,0,0,0,1.0,1,1.0,1,1.0,1,0.20095172328100933,57
4620,3,10032,3534,6498,0,0,0,1.0,1,1.0,1,1.0,1,0.20326793785267996,57
4621,5,10037,3534,6503,0,0,0,1.0,1,1.0,1,1.0,1,0.13443045116293303,59
4622,2,10039,3535,6504,0,0,0,1.0,1,1.0,1,1.0,1,0.15822617967343858,60
4623,2,10041,3536,6505,0,0,0,1.0,1,1.0,1,1.0,1,0.17099943772969287,59
4624,3,10044,3538,6506,0,0,0,1.0,1,1.0,1,1.0,1,0.17460174287151922,59
4625,0,10044,3538,6506,0,0,0,1.0,1,1.0,1,1.0,1,0.18134779092886122,57
4626,6,10050,3540,6510,0,0,0,1.0,1,1.0,1,1.0,1,0.14095203531314207,56
4627,1,10051,3541,6510,0,0,0,1.0,1,1.0,1,1.0,1,0.14094773420192527,56
4628,0,10051,3541,6510,0,0,0,1.0,1,1.0,1,1.0,1,0.16165376584704144,56
4629,5,10056,3542,6514,0,0,0,1.0,1,1.0,1,1.0,1,0.15092201637292876,56
4630,3,10059,3544,6515,0,0,0,1.0,1,1.0,1,1.0,1,0.14040421032055325,57
4631,1,10060,3544,6516,0,0,0,1.0,1,1.0,1,1.0,1,0.1735989623236343,56
4632,4,10064,3545,6519,0,0,0,1.0,1,1.0,1,1.0,1,0.19166958960799618,57
4633,1,10065,3545,6520,0,0,0,1.0,1,1.0,1,1.0,1,0.16806118728745223,58
4634,1,10066,3545,6521,0,0,0,1.0,1,1.0,1,1.0,1,0.16221638566497779,58
4635,1,10067,3545,6522,0,0,0,1.0,1,1.0,1,1.0,1,0.14370379601170757,59
4636,2,10069,3545,6524,0,0,0,1.0,1,1.0,1,1.0,1,0.11603740043159658,60
4637,0,10069,3545,6524,0,0,0,1.0,1,1.0,1,1.0,1,0.11603740043159658,60
4638,0,10069,3545,6524,0,0,0,1.0,1,1.0,1,1.0,1,0.13140069046114675,61
4639,4,10073,3546,6527,0,0,0,1.0,1,1.0,1,1.0,1,0.10807363582735766,62
4640,0,10073,3546,6527,0,0,0,1.0,1,1.0,1,1.0,1,0.11574840413652426,63
4641,1,10074,3547,6527,0,0,0,1.0,1,1.0,1,1.0,1,0.12777487843335525,63
4642,0,10074,3547,6527,0,0,0,1.0,1,1.0,1,1.0,1,0.13077994968366352,62
4643,4,10078,3550,6528,0,0,0,1.0,1,1.0,1,1.0,1,0.14820042771344435,63
4644,1,10079,3551,6528,0,0,0,1.0,1,1.0,1,1.0,1,0.17300684418820628,62
4645,2,10081,3552,6529,0,0,0,1.0,1,1.0,1,1.0,1,0.18497782770643073,63
4646,10,10091,3554,6537,0,0,0,1.0,1,1.0,1,1.0,1,0.16824439989662576,63
4647,6,10097,3555,6542,0,0,0,1.0,1,1.0,1,1.0,1,0.18714848189045455,62
4648,4,10101,3556,6545,0,0,0,1.0,1,1.0,1,1.0,1,0.20843320718092273,63
4649,4,10105,3556,6549,0,0,0,1.0,1,1.0,1,1.0,1,0.22401794405014164,61
4650,4,10109,3556,6553,0,0,0,1.0,1,1.0,1,1.0,1,0.18266855635847074,63
4651,4,10113,3558,6555,0,0,0,1.0,1,1.0,1,1.0,1,0.14284197227182638,62
4652,0,10113,3558,6555,0,0,0,1.0,1,1.0,1,1.0,1,0.13574231776382847,59
4653,2,10115,3559,6556,0,0,0,1.0,1,1.0,1,1.0,1,0.14902318541926085,60
4654,1,10116,3560,6556,0,0,0,1.0,1,1.0,1,1.0,1,0.15819379262853225,60
4655,0,10116,3560,6556,0,0,0,1.0,1,1.0,1,1.0,1,0.15819379262853225,60
4656,9,10125,3563,6562,0,0,0,1.0,1,1.0,1,1.0,1,0.1670856764449894,61
4657,1,10126,3563,6563,0,0,0,1.0,1,1.0,1,1.0,1,0.15241297022718373,62
4658,4,10130,3564,6566,0,0,0,1.0,1,1.0,1,1.0,1,0.18483378316110613,62
4659,1,10131,3565,6566,0,0,0,1.0,1,1.0,1,1.0,1,0.2066977789997642,61
4660,5,10136,3566,6570,0,0,0,1.0,1,1.0,1,1.0,1,0.2554575414332687,61
4661,5,10141,3566,6575,0,0,0,1.0,1,1.0,1,1.0,1,0.1953836386747427,61
4662,2,10143,3567,6576,0,0,0,1.0,1,1.0,1,1.0,1,0.18080059395422587,62
4663,2,10145,3567,6578,0,0,0,1.0,1,1.0,1,1.0,1,0.14756915456554623,61
4664,3,10148,3568,6580,0,0,0,1.0,1,1.0,1,1.0,1,0.1607820968834481,62
4665,7,10155,3570,6585,0,0,0,1.0,1,1.0,1,1.0,1,0.1400811921121227,61
4666,7,10162,3572,6590,0,0,0,1.0,1,1.0,1,1.0,1,0.10478310977486338,61
4667,0,10162,3572,6590,0,0,0,1.0,1,1.0,1,1.0,1,0.108401486694058,59
4668,3,10165,3574,6591,0,0,0,1.0,1,1.0,1,1.0,1,0.09625352784270583,59
4669,1,10166,3575,6591,0,0,0,1.0,1,1.0,1,1.0,1,0.10430537966474514,58
4670,5,10171,3579,6592,0,0,0,1.0,1,1.0,1,1.0,1,0.17130033605421835,57
4671,5,10176,3579,6597,0,0,0,1.0,1,1.0,1,1.0,1,0.10745337225718667,55
4672,3,10179,3580,6599,0,0,0,1.0,1,1.0,1,1.0,1,0.1181873025546528,56
4673,2,10181,3580,6601,0,0,0,1.0,1,1.0,1,1.0,1,0.10596661421661906,58
4674,3,10184,3582,6602,0,0,0,1.0,1,1.0,1,1.0,1,0.128943115432866,58
4675,2,10186,3582,6604,0,0,0,1.0,1,1.0,1,1.0,1,0.14723664695374683,57
4676,2,10188,3583,6605,0,0,0,1.0,1,1.0,1,1.0,1,0.14191199001402702,58
4677,1,10189,3583,6606,0,0,0,1.0,1,1.0,1,1.0,1,0.13659677393239625,57
4678,1,10190,3584,6606,0,0,0,1.0,1,1.0,1,1.0,1,0.13611098899603402,57
4679,0,10190,3584,6606,0,0,0,1.0,1,1.0,1,1.0,1,0.13611098899603402,57
4680,4,10194,3584,6610,0,0,0,1.0,1,1.0,1,1.0,1,0.11390360467849818,59
4681,3,10197,3586,6611,0,0,0,1.0,1,1.0,1,1.0,1,0.1554451771036031,60
4682,6,10203,3587,6616,0,0,0,1.0,1,1.0,1,1.0,1,0.1744081381152599,60
4683,3,10206,3588,6618,0,0,0,1.0,1,1.0,1,1.0,1,0.18549350915300222,60
4684,6,10212,3589,6623,0,0,0,1.0,1,1.0,1,1.0,1,0.22160720072848344,60
4685,3,10215,3590,6625,0,0,0,1.0,1,1.0,1,1.0,1,0.24850086377757485,59
4686,7,10222,3592,6630,0,0,0,1.0,1,1.0,1,1.0,1,0.18609295519941,60
4687,4,10226,3594,6632,0,0,0,1.0,1,1.0,1,1.0,1,0.20068344043833078,59
4688,4,10230,3595,6635,0,0,0,1.0,1,1.0,1,1.0,1,0.20600099494098187,59
4689,1,10231,3595,6636,0,0,0,1.0,1,1.0,1,1.0,1,0.20971388525516038,59
4690,2,10233,3595,6638,0,0,0,1.0,1,1.0,1,1.0,1,0.20578618963517992,58
4691,5,10238,3596,6642,0,0,0,1.0,1,1.0,1,1.0,1,0.1594727509510663,57
4692,1,10239,3596,6643,0,0,0,1.0,1,1.0,1,1.0,1,0.15462619317271117,58
4693,1,10240,3596,6644,0,0,0,1.0,1,1.0,1,1.0,1,0.17296010511657126,57
4694,2,10242,3597,6645,0,0,0,1.0,1,1.0,1,1.0,1,0.1825351829477934,57
4695,2,10244,3597,6647,0,0,0,1.0,1,1.0,1,1.0,1,0.19495156809331923,56
4696,4,10248,3597,6651,0,0,0,1.0,1,1.0,1,1.0,1,0.15118364756199518,57
4697,1,10249,3597,6652,0,0,0,1.0,1,1.0,1,1.0,1,0.1464717898579257,58
4698,1,10250,3598,6652,0,0,0,1.0,1,1.0,1,1.0,1,0.16154588033232306,59
4699,0,10250,3598,6652,0,0,0,1.0,1,1.0,1,1.0,1,0.17418476608817704,58
4700,1,10251,3598,6653,0,0,0,1.0,1,1.0,1,1.0,1,0.15024412091686812,59
4701,3,10254,3598,6656,0,0,0,1.0,1,1.0,1,1.0,1,0.13818427491029697,60
4702,2,10256,3599,6657,0,0,0,1.0,1,1.0,1,1.0,1,0.14002103965660923,61
4703,1,10257,3600,6657,0,0,0,1.0,1,1.0,1,1.0,1,0.14858764625094398,59
4704,2,10259,3602,6657,0,0,0,1.0,1,1.0,1,1.0,1,0.1770571769612435,58
4705,8,10267,3604,6663,0,0,0,1.0,1,1.0,1,1.0,1,0.198602935174609,58
4706,7,10274,3605,6669,0,0,0,1.0,1,1.0,1,1.0,1,0.1201730729341598,60
4707,1,10275,3606,6669,0,0,0,1.0,1,1.0,1,1.0,1,0.1280063082483123,57
4708,4,10279,3608,6671,0,0,0,1.0,1,1.0,1,1.0,1,0.1461926655325881,57
4709,3,10282,3610,6672,0,0,0,1.0,1,1.0,1,1.0,1,0.1457055204446894,55
4710,1,10283,3611,6672,0,0,0,1.0,1,1.0,1,1.0,1,0.17373498864480696,53
4711,4,10287,3613,6674,0,0,0,1.0,1,1.0,1,1.0,1,0.13305288777403135,52
4712,3,10290,3616,6674,0,0,0,1.0,1,1.0,1,1.0,1,0.19853259718947877,52
4713,1,10291,3617,6674,0,0,0,1.0,1,1.0,1,1.0,1,0.21096451241601447,51
4714,0,10291,3617,6674,0,0,0,1.0,1,1.0,1,1.0,1,0.20293629805514987,50
4715,2,10293,3618,6675,0,0,0,1.0,1,1.0,1,1.0,1,0.2105301270726039,50
4716,5,10298,3618,6680,0,0,0,1.0,1,1.0,1,1.0,1,0.16892657557147908,49
4717,5,10303,3619,6684,0,0,0,1.0,1,1.0,1,1.0,1,0.1540402138283538,49
4718,0,10303,3619,6684,0,0,0,1.0,1,1.0,1,1.0,1,0.14467282821418753,50
4719,3,10306,3619,6687,0,0,0,1.0,1,1.0,1,1.0,1,0.16184826231814262,49
4720,0,10306,3619,6687,0,0,0,1.0,1,1.0,1,1.0,1,0.16184826231814262,49
4721,7,10313,3619,6694,0,0,0,1.0,1,1.0,1,1.0,1,0.07800447315555041,50
4722,1,10314,3619,6695,0,0,0,1.0,1,1.0,1,1.0,1,0.08237844678933585,51
4723,0,10314,3619,6695,0,0,0,1.0,1,1.0,1,1.0,1,0.12257764327320343,50
4724,0,10314,3619,6695,0,0,0,1.0,1,1.0,1,1.0,1,0.12618155719658627,50
4725,0,10314,3619,6695,0,0,0,1.0,1,1.0,1,1.0,1,0.1189815146698761,52
4726,2,10316,3620,6696,0,0,0,1.0,1,1.0,1,1.0,1,0.1329269195492701,51
4727,0,10316,3620,6696,0,0,0,1.0,1,1.0,1,1.0,1,0.13781195708095537,52
4728,1,10317,3621,6696,0,0,0,1.0,1,1.0,1,1.0,1,0.1654705473753141,52
4729,3,10320,3623,6697,0,0,0,1.0,1,1.0,1,1.0,1,0.1962495290595713,52
4730,1,10321,3624,6697,0,0,0,1.0,1,1.0,1,1.0,1,0.22626537269505653,50
4731,4,10325,3624,6701,0,0,0,1.0,1,1.0,1,1.0,1,0.14247261216123835,51
4732,2,10327,3626,6701,0,0,0,1.0,1,1.0,1,1.0,1,0.20278250700095282,52
4733,2,10329,3627,6702,0,0,0,1.0,1,1.0,1,1.0,1,0.21773682021079377,53
4734,3,10332,3628,6704,0,0,0,1.0,1,1.0,1,1.0,1,0.1904832210653919,53
4735,2,10334,3629,6705,0,0,0,1.0,1,1.0,1,1.0,1,0.19618859757047238,53
4736,1,10335,3630,6705,0,0,0,1.0,1,1.0,1,1.0,1,0.20957245355622794,55
4737,2,10337,3630,6707,0,0,0,1.0,1,1.0,1,1.0,1,0.19161410797464123,57
4738,0,10337,3630,6707,0,0,0,1.0,1,1.0,1,1.0,1,0.19161410797464123,57
4739,0,10337,3630,6707,0,0,0,1.0,1,1.0,1,1.0,1,0.19161410797464123,57
4740,2,10339,3630,6709,0,0,0,1.0,1,1.0,1,1.0,1,0.19156473858467754,57
4741,0,10339,3630,6709,0,0,0,1.0,1,1.0,1,1.0,1,0.20014814920668664,58
4742,4,10343,3632,6711,0,0,0,1.0,1,1.0,1,1.0,1,0.20334256256123368,58
4743,4,10347,3634,6713,0,0,0,1.0,1,1.0,1,1.0,1,0.17687871278912207,56
4744,4,10351,3636,6715,0,0,0,1.0,1,1.0,1,1.0,1,0.16506666670536013,57
4745,2,10353,3637,6716,0,0,0,1.0,1,1.0,1,1.0,1,0.1386112735294465,56
4746,3,10356,3638,6718,0,0,0,1.0,1,1.0,1,1.0,1,0.1359914913427449,56
4747,2,10358,3639,6719,0,0,0,1.0,1,1.0,1,1.0,1,0.10932073024753987,55
4748,1,10359,3640,6719,0,0,0,1.0,1,1.0,1,1.0,1,0.13117746651769477,55
4749,1,10360,3641,6719,0,0,0,1.0,1,1.0,1,1.0,1,0.13911036326918436,54
4750,1,10361,3642,6719,0,0,0,1.0,1,1.0,1,1.0,1,0.13306289659847365,53
4751,2,10363,3644,6719,0,0,0,1.0,1,1.0,1,1.0,1,0.17558699410372644,53
4752,2,10365,3645,6720,0,0,0,1.0,1,1.0,1,1.0,1,0.12688237600725064,53
4753,0,10365,3645,6720,0,0,0,1.0,1,1.0,1,1.0,1,0.13474085568724803,52
4754,2,10367,3645,6722,0,0,0,1.0,1,1.0,1,1.0,1,0.10917335922679881,52
4755,2,10369,3645,6724,0,0,0,1.0,1,1.0,1,1.0,1,0.09699604245570471,51
4756,1,10370,3646,6724,0,0,0,1.0,1,1.0,1,1.0,1,0.10928528839236329,52
4757,0,10370,3646,6724,0,0,0,1.0,1,1.0,1,1.0,1,0.10835488036842221,51
4758,0,10370,3646,6724,0,0,0,1.0,1,1.0,1,1.0,1,0.10835488036842221,51
4759,4,10374,3648,6726,0,0,0,1.0,1,1.0,1,1.0,1,0.14324965497044917,51
4760,2,10376,3649,6727,0,0,0,1.0,1,1.0,1,1.0,1,0.16263258887125964,52
4761,10,10386,3649,6737,0,0,0,1.0,1,1.0,1,1.0,1,0.2030400884679704,50
4762,11,10397,3652,6745,0,0,0,1.0,1,1.0,1,1.0,1,0.22344815650214642,51
4763,5,10402,3652,6750,0,0,0,1.0,1,1.0,1,1.0,1,0.1769774693848902,51
4764,7,10409,3655,6754,0,0,0,1.0,1,1.0,1,1.0,1,0.25611212947238565,53
4765,9,10418,3656,6762,0,0,0,1.0,1,1.0,1,1.0,1,0.20849716796424256,53
4766,9,10427,3657,6770,0,0,0,1.0,1,1.0,1,1.0,1,0.12535821054439056,55
4767,1,10428,3657,6771,0,0,0,1.0,1,1.0,1,1.0,1,0.11792138238617934,56
4768,1,10429,3657,6772,0,0,0,1.0,1,1.0,1,1.0,1,0.11308348635034292,56
4769,3,10432,3657,6775,0,0,0,1.0,1,1.0,1,1.0,1,0.08301649417765758,56
4770,1,10433,3657,6776,0,0,0,1.0,1,1.0,1,1.0,1,0.0872122498404944,56
4771,1,10434,3657,6777,0,0,0,1.0,1,1.0,1,1.0,1,0.07160936151500391,55
4772,0,10434,3657,6777,0,0,0,1.0,1,1.0,1,1.0,1,0.0827026633000425,56
4773,0,10434,3657,6777,0,0,0,1.0,1,1.0,1,1.0,1,0.0827026633000425,56
4774,0,10434,3657,6777,0,0,0,1.0,1,1.0,1,1.0,1,0.08120777533029645,58
4775,2,10436,3657,6779,0,0,0,1.0,1,1.0,1,1.0,1,0.07339487787968002,59
4776,0,10436,3657,6779,0,0,0,1.0,1,1.0,1,1.0,1,0.07339487787968002,59
4777,1,10437,3657,6780,0,0,0,1.0,1,1.0,1,1.0,1,0.06085669637828678,60
4778,0,10437,3657,6780,0,0,0,1.0,1,1.0,1,1.0,1,0.06085669637828678,60
4779,0,10437,3657,6780,0,0,0,1.0,1,1.0,1,1.0,1,0.06317027731412653,61
4780,5,10442,3659,6783,0,0,0,1.0,1,1.0,1,1.0,1,0.07330359942317244,63
4781,3,10445,3661,6784,0,0,0,1.0,1,1.0,1,1.0,1,0.07121522911620183,62
4782,4,10449,3664,6785,0,0,0,1.0,1,1.0,1,1.0,1,0.10809067593477886,63
4783,3,10452,3667,6785,0,0,0,1.0,1,1.0,1,1.0,1,0.13227118685278613,62
4784,4,10456,3670,6786,0,0,0,1.0,1,1.0,1,1.0,1,0.1379188594837209,62
4785,6,10462,3672,6790,0,0,0,1.0,1,1.0,1,1.0,1,0.1481972275141092,62
4786,9,10471,3675,6796,0,0,0,1.0,1,1.0,1,1.0,1,0.1001903601998844,63
4787,9,10480,3677,6803,0,0,0,1.0,1,1.0,1,1.0,1,0.10615090504760581,62
4788,3,10483,3678,6805,0,0,0,1.0,1,1.0,1,1.0,1,0.0871287154572298,62
4789,2,10485,3678,6807,0,0,0,1.0,1,1.0,1,1.0,1,0.09958054701236668,60
4790,5,10490,3681,6809,0,0,0,1.0,1,1.0,1,1.0,1,0.12993812452889034,61
4791,8,10498,3683,6815,0,0,0,1.0,1,1.0,1,1.0,1,0.11404189917622494,60
4792,6,10504,3686,6818,0,0,0,1.0,1,1.0,1,1.0,1,0.12779302519312674,60
4793,9,10513,3688,6825,0,0,0,1.0,1,1.0,1,1.0,1,0.12543473593018226,61
4794,4,10517,3689,6828,0,0,0,1.0,1,1.0,1,1.0,1,0.11983149502414625,59
4795,8,10525,3690,6835,0,0,0,1.0,1,1.0,1,1.0,1,0.1098224364983771,61
4796,3,10528,3692,6836,0,0,0,1.0,1,1.0,1,1.0,1,0.12762239922558719,59
4797,1,10529,3692,6837,0,0,0,1.0,1,1.0,1,1.0,1,0.09952241696469684,58
4798,1,10530,3692,6838,0,0,0,1.0,1,1.0,1,1.0,1,0.09186523924637725,59
4799,1,10531,3693,6838,0,0,0,1.0,1,1.0,1,1.0,1,0.07458648572197692,57
4800,3,10534,3694,6840,0,0,0,1.0,1,1.0,1,1.0,1,0.08317236242617307,58
4801,2,10536,3695,6841,0,0,0,1.0,1,1.0,1,1.0,1,0.07124405797224255,57
4802,2,10538,3696,6842,0,0,0,1.0,1,1.0,1,1.0,1,0.06398489541563754,57
4803,1,10539,3697,6842,0,0,0,1.0,1,1.0,1,1.0,1,0.07735392207859842,56
4804,0,10539,3697,6842,0,0,0,1.0,1,1.0,1,1.0,1,0.10553711647811463,54
4805,2,10541,3697,6844,0,0,0,1.0,1,1.0,1,1.0,1,0.07689539435921312,56
4806,3,10544,3697,6847,0,0,0,1.0,1,1.0,1,1.0,1,0.04439088970323412,55
4807,1,10545,3698,6847,0,0,0,1.0,1,1.0,1,1.0,1,0.057173105493624705,54
4808,1,10546,3698,6848,0,0,0,1.0,1,1.0,1,1.0,1,0.0861660640165927,53
4809,2,10548,3699,6849,0,0,0,1.0,1,1.0,1,1.0,1,0.0904806054392161,53
4810,0,10548,3699,6849,0,0,0,1.0,1,1.0,1,1.0,1,0.10116478165713515,51
4811,2,10550,3700,6850,0,0,0,1.0,1,1.0,1,1.0,1,0.060028190187718836,52
4812,1,10551,3700,6851,0,0,0,1.0,1,1.0,1,1.0,1,0.07985269781996236,52
4813,1,10552,3700,6852,0,0,0,1.0,1,1.0,1,1.0,1,0.06517924082568448,52
4814,2,10554,3702,6852,0,0,0,1.0,1,1.0,1,1.0,1,0.07976712791988765,53
4815,5,10559,3705,6854,0,0,0,1.0,1,1.0,1,1.0,1,0.06909987240349814,54
4816,1,10560,3706,6854,0,0,0,1.0,1,1.0,1,1.0,1,0.07317439696077087,54
4817,6,10566,3711,6855,0,0,0,1.0,1,1.0,1,1.0,1,0.15598997609628068,55
4818,3,10569,3713,6856,0,0,0,1.0,1,1.0,1,1.0,1,0.17257139962913215,55
4819,4,10573,3714,6859,0,0,0,1.0,1,1.0,1,1.0,1,0.1785515223715849,55
4820,3,10576,3716,6860,0,0,0,1.0,1,1.0,1,1.0,1,0.21351499258616974,55
4821,9,10585,3718,6867,0,0,0,1.0,1,1.0,1,1.0,1,0.16757278285545027,55
4822,2,10587,3720,6867,0,0,0,1.0,1,1.0,1,1.0,1,0.14012948188427546,54
4823,3,10590,3720,6870,0,0,0,1.0,1,1.0,1,1.0,1,0.07764615868300527,54
4824,2,10592,3721,6871,0,0,0,1.0,1,1.0,1,1.0,1,0.08979373687906753,55
4825,1,10593,3722,6871,0,0,0,1.0,1,1.0,1,1.0,1,0.06776834481551722,53
4826,4,10597,3725,6872,0,0,0,1.0,1,1.0,1,1.0,1,0.08240057173196053,54
4827,1,10598,3725,6873,0,0,0,1.0,1,1.0,1,1.0,1,0.09549534839661902,53
4828,2,10600,3726,6874,0,0,0,1.0,1,1.0,1,1.0,1,0.07772942129079848,54
4829,0,10600,3726,6874,0,0,0,1.0,1,1.0,1,1.0,1,0.07716819499403184,54
4830,2,10602,3728,6874,0,0,0,1.0,1,1.0,1,1.0,1,0.12167326767553355,53
4831,5,10607,3729,6878,0,0,0,1.0,1,1.0,1,1.0,1,0.10187104978108395,52
4832,1,10608,3729,6879,0,0,0,1.0,1,1.0,1,1.0,1,0.09337793947042042,50
4833,0,10608,3729,6879,0,0,0,1.0,1,1.0,1,1.0,1,0.10466437600801344,51
4834,4,10612,3730,6882,0,0,0,1.0,1,1.0,1,1.0,1,0.11369907646423735,51
4835,4,10616,3730,6886,0,0,0,1.0,1,1.0,1,1.0,1,0.1409012589610931,50
4836,7,10623,3732,6891,0,0,0,1.0,1,1.0,1,1.0,1,0.10249948187380847,50
4837,1,10624,3732,6892,0,0,0,1.0,1,1.0,1,1.0,1,0.1148624061379778,46
4838,4,10628,3733,6895,0,0,0,1.0,1,1.0,1,1.0,1,0.11502257010365426,47
4839,1,10629,3734,6895,0,0,0,1.0,1,1.0,1,1.0,1,0.16715302117812475,45
4840,2,10631,3735,6896,0,0,0,1.0,1,1.0,1,1.0,1,0.1809895792147972,45
4841,2,10633,3735,6898,0,0,0,1.0,1,1.0,1,1.0,1,0.10237779559039892,43
4842,3,10636,3737,6899,0,0,0,1.0,1,1.0,1,1.0,1,0.09122162853079512,43
4843,1,10637,3738,6899,0,0,0,1.0,1,1.0,1,1.0,1,0.12479814902627022,44
4844,0,10637,3738,6899,0,0,0,1.0,1,1.0,1,1.0,1,0.11399786098953142,43
4845,2,10639,3740,6899,0,0,0,1.0,1,1.0,1,1.0,1,0.16656166318950577,44
4846,6,10645,3741,6904,0,0,0,1.0,1,1.0,1,1.0,1,0.12154754428134422,43
4847,3,10648,3744,6904,0,0,0,1.0,1,1.0,1,1.0,1,0.2337930321481082,42
4848,7,10655,3746,6909,0,0,0,1.0,1,1.0,1,1.0,1,0.2584606696874025,41
4849,2,10657,3746,6911,0,0,0,1.0,1,1.0,1,1.0,1,0.2149704740534993,41
4850,2,10659,3746,6913,0,0,0,1.0,1,1.0,1,1.0,1,0.2239845422192077,41
4851,3,10662,3746,6916,0,0,0,1.0,1,1.0,1,1.0,1,0.16562836838349354,41
4852,2,10664,3746,6918,0,0,0,1.0,1,1.0,1,1.0,1,0.1636430301788529,43
4853,1,10665,3746,6919,0,0,0,1.0,1,1.0,1,1.0,1,0.16936938052909328,44
4854,2,10667,3747,6920,0,0,0,1.0,1,1.0,1,1.0,1,0.19533941111944766,45
4855,2,10669,3747,6922,0,0,0,1.0,1,1.0,1,1.0,1,0.1829062640586454,44
4856,3,10672,3747,6925,0,0,0,1.0,1,1.0,1,1.0,1,0.1517628490277593,44
4857,0,10672,3747,6925,0,0,0,1.0,1,1.0,1,1.0,1,0.17438149367169786,44
4858,0,10672,3747,6925,0,0,0,1.0,1,1.0,1,1.0,1,0.18773302096185474,45
4859,1,10673,3747,6926,0,0,0,1.0,1,1.0,1,1.0,1,0.17343991804014708,46
4860,0,10673,3747,6926,0,0,0,1.0,1,1.0,1,1.0,1,0.17343991804014708,46
4861,3,10676,3748,6928,0,0,0,1.0,1,1.0,1,1.0,1,0.13880007869744784,46
4862,0,10676,3748,6928,0,0,0,1.0,1,1.0,1,1.0,1,0.15124224917036097,47
4863,2,10678,3749,6929,0,0,0,1.0,1,1.0,1,1.0,1,0.1415727459642885,47
4864,0,10678,3749,6929,0,0,0,1.0,1,1.0,1,1.0,1,0.1417606764897293,47
4865,3,10681,3749,6932,0,0,0,1.0,1,1.0,1,1.0,1,0.12103505604252789,48
4866,1,10682,3750,6932,0,0,0,1.0,1,1.0,1,1.0,1,0.11204419371347389,49
4867,2,10684,3750,6934,0,0,0,1.0,1,1.0,1,1.0,1,0.1003940070099695,50
4868,1,10685,3751,6934,0,0,0,1.0,1,1.0,1,1.0,1,0.09563683531709957,50
4869,0,10685,3751,6934,0,0,0,1.0,1,1.0,1,1.0,1,0.09563683531709957,50
4870,4,10689,3754,6935,0,0,0,1.0,1,1.0,1,1.0,1,0.13976899064492518,52
4871,3,10692,3754,6938,0,0,0,1.0,1,1.0,1,1.0,1,0.10236627332294387,52
4872,2,10694,3755,6939,0,0,0,1.0,1,1.0,1,1.0,1,0.11321801289958008,53
4873,3,10697,3755,6942,0,0,0,1.0,1,1.0,1,1.0,1,0.09854445375131951,55
4874,2,10699,3755,6944,0,0,0,1.0,1,1.0,1,1.0,1,0.08185098033258634,56
4875,1,10700,3755,6945,0,0,0,1.0,1,1.0,1,1.0,1,0.09872095078034705,55
4876,4,10704,3758,6946,0,0,0,1.0,1,1.0,1,1.0,1,0.13459713729538753,55
4877,3,10707,3759,6948,0,0,0,1.0,1,1.0,1,1.0,1,0.1334622016469859,54
4878,2,10709,3759,6950,0,0,0,1.0,1,1.0,1,1.0,1,0.12016688044678345,53
4879,5,10714,3761,6953,0,0,0,1.0,1,1.0,1,1.0,1,0.16096787306759444,54
4880,3,10717,3762,6955,0,0,0,1.0,1,1.0,1,1.0,1,0.1798365226294075,54
4881,1,10718,3762,6956,0,0,0,1.0,1,1.0,1,1.0,1,0.15911762118593914,53
4882,0,10718,3762,6956,0,0,0,1.0,1,1.0,1,1.0,1,0.19473502826727773,53
4883,0,10718,3762,6956,0,0,0,1.0,1,1.0,1,1.0,1,0.20411370306866067,53
4884,0,10718,3762,6956,0,0,0,1.0,1,1.0,1,1.0,1,0.2112242952658703,51
4885,1,10719,3763,6956,0,0,0,1.0,1,1.0,1,1.0,1,0.2351695618709721,50
4886,3,10722,3763,6959,0,0,0,1.0,1,1.0,1,1.0,1,0.20566943809308913,48
4887,0,10722,3763,6959,0,0,0,1.0,1,1.0,1,1.0,1,0.20566943809308913,48
4888,2,10724,3764,6960,0,0,0,1.0,1,1.0,1,1.0,1,0.2030195685148842,48
4889,0,10724,3764,6960,0,0,0,1.0,1,1.0,1,1.0,1,0.2030195685148842,48
4890,1,10725,3764,6961,0,0,0,1.0,1,1.0,1,1.0,1,0.19089527430804046,49
4891,0,10725,3764,6961,0,0,0,1.0,1,1.0,1,1.0,1,0.20470243600513607,50
4892,1,10726,3764,6962,0,0,0,1.0,1,1.0,1,1.0,1,0.19589310707049146,49
4893,2,10728,3764,6964,0,0,0,1.0,1,1.0,1,1.0,1,0.17042186235276738,50
4894,0,10728,3764,6964,0,0,0,1.0,1,1.0,1,1.0,1,0.1771580280148798,51
4895,0,10728,3764,6964,0,0,0,1.0,1,1.0,1,1.0,1,0.17380811718435912,52
4896,3,10731,3764,6967,0,0,0,1.0,1,1.0,1,1.0,1,0.15659446054837667,53
4897,1,10732,3764,6968,0,0,0,1.0,1,1.0,1,1.0,1,0.1247814497816796,53
4898,0,10732,3764,6968,0,0,0,1.0,1,1.0,1,1.0,1,0.1247814497816796,53
4899,2,10734,3766,6968,0,0,0,1.0,1,1.0,1,1.0,1,0.10132636772057695,55
4900,1,10735,3767,6968,0,0,0,1.0,1,1.0,1,1.0,1,0.10829643433472746,55
4901,1,10736,3768,6968,0,0,0,1.0,1,1.0,1,1.0,1,0.0904140928281807,56
4902,2,10738,3769,6969,0,0,0,1.0,1,1.0,1,1.0,1,0.12305992758041931,58
4903,3,10741,3771,6970,0,0,0,1.0,1,1.0,1,1.0,1,0.12641081499069695,58
4904,4,10745,3773,6972,0,0,0,1.0,1,1.0,1,1.0,1,0.13847867479253242,57
4905,3,10748,3774,6974,0,0,0,1.0,1,1.0,1,1.0,1,0.16587781937887677,54
4906,7,10755,3775,6980,0,0,0,1.0,1,1.0,1,1.0,1,0.09952368016668595,55
4907,0,10755,3775,6980,0,0,0,1.0,1,1.0,1,1.0,1,0.12271630630744995,52
4908,4,10759,3777,6982,0,0,0,1.0,1,1.0,1,1.0,1,0.1040337931058398,53
4909,1,10760,3777,6983,0,0,0,1.0,1,1.0,1,1.0,1,0.13290814367715384,52
4910,2,10762,3778,6984,0,0,0,1.0,1,1.0,1,1.0,1,0.164261852750417,53
4911,4,10766,3778,6988,0,0,0,1.0,1,1.0,1,1.0,1,0.11225678724171234,55
4912,5,10771,3780,6991,0,0,0,1.0,1,1.0,1,1.0,1,0.1695715236727261,54
4913,2,10773,3780,6993,0,0,0,1.0,1,1.0,1,1.0,1,0.15476194767272403,53
4914,0,10773,3780,6993,0,0,0,1.0,1,1.0,1,1.0,1,0.17262014223214756,53
4915,1,10774,3781,6993,0,0,0,1.0,1,1.0,1,1.0,1,0.16578299409567682,54
4916,4,10778,3782,6996,0,0,0,1.0,1,1.0,1,1.0,1,0.14843593778122738,52
4917,1,10779,3783,6996,0,0,0,1.0,1,1.0,1,1.0,1,0.17214398502771994,52
4918,2,10781,3785,6996,0,0,0,1.0,1,1.0,1,1.0,1,0.21779460259465486,51
4919,2,10783,3786,6997,0,0,0,1.0,1,1.0,1,1.0,1,0.24513218687609717,50
4920,4,10787,3786,7001,0,0,0,1.0,1,1.0,1,1.0,1,0.2369116034330291,51
4921,6,10793,3786,7007,0,0,0,1.0,1,1.0,1,1.0,1,0.17565601708217518,51
4922,3,10796,3786,7010,0,0,0,1.0,1,1.0,1,1.0,1,0.1718632714063323,53
4923,3,10799,3786,7013,0,0,0,1.0,1,1.0,1,1.0,1,0.14532304066516435,53
4924,3,10802,3786,7016,0,0,0,1.0,1,1.0,1,1.0,1,0.12388271716824435,55
4925,1,10803,3786,7017,0,0,0,1.0,1,1.0,1,1.0,1,0.12422744491018274,56
4926,2,10805,3786,7019,0,0,0,1.0,1,1.0,1,1.0,1,0.11624744393088854,55
4927,0,10805,3786,7019,0,0,0,1.0,1,1.0,1,1.0,1,0.11624744393088854,55
4928,0,10805,3786,7019,0,0,0,1.0,1,1.0,1,1.0,1,0.11624744393088854,55
4929,1,10806,3786,7020,0,0,0,1.0,1,1.0,1,1.0,1,0.09267782267469733,56
4930,1,10807,3787,7020,0,0,0,1.0,1,1.0,1,1.0,1,0.12897525433347387,58
4931,1,10808,3787,7021,0,0,0,1.0,1,1.0,1,1.0,1,0.13010687543378247,59
4932,2,10810,3787,7023,0,0,0,1.0,1,1.0,1,1.0,1,0.11169437584283962,60
4933,0,10810,3787,7023,0,0,0,1.0,1,1.0,1,1.0,1,0.11169437584283962,60
4934,1,10811,3788,7023,0,0,0,1.0,1,1.0,1,1.0,1,0.11947456192572516,60
4935,0,10811,3788,7023,0,0,0,1.0,1,1.0,1,1.0,1,0.11947456192572516,60
4936,3,10814,3790,7024,0,0,0,1.0,1,1.0,1,1.0,1,0.13915082037066545,61
4937,3,10817,3791,7026,0,0,0,1.0,1,1.0,1,1.0,1,0.16216294358591343,62
4938,2,10819,3791,7028,0,0,0,1.0,1,1.0,1,1.0,1,0.1345072517255036,62
4939,2,10821,3792,7029,0,0,0,1.0,1,1.0,1,1.0,1,0.12325306793538708,64
4940,2,10823,3792,7031,0,0,0,1.0,1,1.0,1,1.0,1,0.12095054174999081,67
4941,0,10823,3792,7031,0,0,0,1.0,1,1.0,1,1.0,1,0.12858145996375694,66
4942,3,10826,3792,7034,0,0,0,1.0,1,1.0,1,1.0,1,0.11236271135904813,67
4943,1,10827,3792,7035,0,0,0,1.0,1,1.0,1,1.0,1,0.10887368575631465,65
4944,1,10828,3793,7035,0,0,0,1.0,1,1.0,1,1.0,1,0.11522842259844879,65
4945,3,10831,3796,7035,0,0,0,1.0,1,1.0,1,1.0,1,0.13041514495173434,62
4946,4,10835,3798,7037,0,0,0,1.0,1,1.0,1,1.0,1,0.10727219302691901,61
4947,1,10836,3799,7037,0,0,0,1.0,1,1.0,1,1.0,1,0.10330222690439876,59
4948,3,10839,3802,7037,0,0,0,1.0,1,1.0,1,1.0,1,0.1343807569718466,59
4949,1,10840,3802,7038,0,0,0,1.0,1,1.0,1,1.0,1,0.08877272414983176,57
4950,5,10845,3807,7038,0,0,0,1.0,1,1.0,1,1.0,1,0.1376862137038133,58
4951,5,10850,3810,7040,0,0,0,1.0,1,1.0,1,1.0,1,0.1119229937370741,55
4952,3,10853,3813,7040,0,0,0,1.0,1,1.0,1,1.0,1,0.12652907740051608,53
4953,3,10856,3816,7040,0,0,0,1.0,1,1.0,1,1.0,1,0.12322632818308864,54
4954,0,10856,3816,7040,0,0,0,1.0,1,1.0,1,1.0,1,0.12612329098529773,52
4955,5,10861,3819,7042,0,0,0,1.0,1,1.0,1,1.0,1,0.12876461723838517,51
4956,8,10869,3819,7050,0,0,0,1.0,1,1.0,1,1.0,1,0.08046912856810899,47
4957,2,10871,3819,7052,0,0,0,1.0,1,1.0,1,1.0,1,0.10171512058914625,48
4958,2,10873,3819,7054,0,0,0,1.0,1,1.0,1,1.0,1,0.10447634599282668,47
4959,1,10874,3819,7055,0,0,0,1.0,1,1.0,1,1.0,1,0.0728495469534126,47
4960,2,10876,3819,7057,0,0,0,1.0,1,1.0,1,1.0,1,0.06440748274620725,48
4961,4,10880,3821,7059,0,0,0,1.0,1,1.0,1,1.0,1,0.10565310103244777,49
4962,2,10882,3821,7061,0,0,0,1.0,1,1.0,1,1.0,1,0.10565310103244777,49
4963,2,10884,3821,7063,0,0,0,1.0,1,1.0,1,1.0,1,0.10368281184506671,51
4964,4,10888,3823,7065,0,0,0,1.0,1,1.0,1,1.0,1,0.13017735223145985,51
4965,4,10892,3825,7067,0,0,0,1.0,1,1.0,1,1.0,1,0.1554849575979284,51
4966,5,10897,3825,7072,0,0,0,1.0,1,1.0,1,1.0,1,0.06190457132894773,51
4967,2,10899,3827,7072,0,0,0,1.0,1,1.0,1,1.0,1,0.1050330758197604,51
4968,2,10901,3828,7073,0,0,0,1.0,1,1.0,1,1.0,1,0.1095421148103964,52
4969,2,10903,3829,7074,0,0,0,1.0,1,1.0,1,1.0,1,0.1102535989158417,53
4970,1,10904,3830,7074,0,0,0,1.0,1,1.0,1,1.0,1,0.15506209348727876,54
4971,7,10911,3830,7081,0,0,0,1.0,1,1.0,1,1.0,1,0.10102959796384588,55
4972,4,10915,3832,7083,0,0,0,1.0,1,1.0,1,1.0,1,0.14516297644224033,56
4973,5,10920,3833,7087,0,0,0,1.0,1,1.0,1,1.0,1,0.13848627710183775,57
4974,2,10922,3834,7088,0,0,0,1.0,1,1.0,1,1.0,1,0.1621244109970986,56
4975,1,10923,3834,7089,0,0,0,1.0,1,1.0,1,1.0,1,0.19042107532396152,57
4976,8,10931,3834,7097,0,0,0,1.0,1,1.0,1,1.0,1,0.08543589131098768,57
4977,2,10933,3834,7099,0,0,0,1.0,1,1.0,1,1.0,1,0.0655665518683746,57
4978,0,10933,3834,7099,0,0,0,1.0,1,1.0,1,1.0,1,0.06659038939175382,58
4979,1,10934,3835,7099,0,0,0,1.0,1,1.0,1,1.0,1,0.10404123506213303,58
4980,1,10935,3835,7100,0,0,0,1.0,1,1.0,1,1.0,1,0.08500058890649542,59
4981,3,10938,3836,7102,0,0,0,1.0,1,1.0,1,1.0,1,0.1010766489938979,60
4982,2,10940,3837,7103,0,0,0,1.0,1,1.0,1,1.0,1,0.07085877317957637,61
4983,4,10944,3839,7105,0,0,0,1.0,1,1.0,1,1.0,1,0.056903958379457935,61
4984,3,10947,3841,7106,0,0,0,1.0,1,1.0,1,1.0,1,0.07842013649234265,59
4985,1,10948,3841,7107,0,0,0,1.0,1,1.0,1,1.0,1,0.06107675505550872,58
4986,3,10951,3843,7108,0,0,0,1.0,1,1.0,1,1.0,1,0.06081176380549471,59
4987,2,10953,3845,7108,0,0,0,1.0,1,1.0,1,1.0,1,0.09285550113460897,58
4988,1,10954,3845,7109,0,0,0,1.0,1,1.0,1,1.0,1,0.06892632099187973,57
4989,2,10956,3847,7109,0,0,0,1.0,1,1.0,1,1.0,1,0.09283216176864711,54
4990,2,10958,3848,7110,0,0,0,1.0,1,1.0,1,1.0,1,0.07634757164489084,53
4991,5,10963,3852,7111,0,0,0,1.0,1,1.0,1,1.0,1,0.1295611333469596,52
4992,3,10966,3855,7111,0,0,0,1.0,1,1.0,1,1.0,1,0.149361753796069,48
4993,2,10968,3856,7112,0,0,0,1.0,1,1.0,1,1.0,1,0.14814295642556163,48
4994,2,10970,3858,7112,0,0,0,1.0,1,1.0,1,1.0,1,0.1800445400111361,45
4995,4,10974,3860,7114,0,0,0,1.0,1,1.0,1,1.0,1,0.20733010127269866,45
4996,7,10981,3863,7118,0,0,0,1.0,1,1.0,1,1.0,1,0.1670198625612398,45
4997,2,10983,3864,7119,0,0,0,1.0,1,1.0,1,1.0,1,0.17745451287200376,42
4998,3,10986,3865,7121,0,0,0,1.0,1,1.0,1,1.0,1,0.19713663394425593,44
4999,2,10988,3866,7122,0,0,0,1.0,1,1.0,1,1.0,1,0.21026108414985573,44
5000,1,10989,3866,7123,0,0,0,1.0,1,1.0,1,1.0,1,0.20476459456025928,42
5001,2,10991,3866,7125,0,0,0,1.0,1,1.0,1,1.0,1,0.17576634193339735,42
5002,0,10991,3866,7125,0,0,0,1.0,1,1.0,1,1.0,1,0.16912684095200886,41
5003,2,10993,3867,7126,0,0,0,1.0,1,1.0,1,1.0,1,0.19510921765673406,41
5004,2,10995,3867,7128,0,0,0,1.0,1,1.0,1,1.0,1,0.2021064230263208,41
5005,1,10996,3867,7129,0,0,0,1.0,1,1.0,1,1.0,1,0.20454123783067138,41
5006,3,10999,3867,7132,0,0,0,1.0,1,1.0,1,1.0,1,0.1542459680144402,42
5007,0,10999,3867,7132,0,0,0,1.0,1,1.0,1,1.0,1,0.1482204823193688,43
5008,3,11002,3868,7134,0,0,0,1.0,1,1.0,1,1.0,1,0.11301885681752816,46
5009,2,11004,3868,7136,0,0,0,1.0,1,1.0,1,1.0,1,0.11301885681752816,46
5010,3,11007,3868,7139,0,0,0,1.0,1,1.0,1,1.0,1,0.14168796223449323,46
5011,2,11009,3868,7141,0,0,0,1.0,1,1.0,1,1.0,1,0.1133822413854435,47
5012,0,11009,3868,7141,0,0,0,1.0,1,1.0,1,1.0,1,0.1128943547549118,48
5013,0,11009,3868,7141,0,0,0,1.0,1,1.0,1,1.0,1,0.1128943547549118,48
5014,0,11009,3868,7141,0,0,0,1.0,1,1.0,1,1.0,1,0.10727854185170285,49
5015,2,11011,3869,7142,0,0,0,1.0,1,1.0,1,1.0,1,0.1150989392589619,50
5016,4,11015,3871,7144,0,0,0,1.0,1,1.0,1,1.0,1,0.14244776068784282,51
5017,4,11019,3872,7147,0,0,0,1.0,1,1.0,1,1.0,1,0.12487341699421599,51
5018,0,11019,3872,7147,0,0,0,1.0,1,1.0,1,1.0,1,0.12487341699421599,51
5019,2,11021,3874,7147,0,0,0,1.0,1,1.0,1,1.0,1,0.16841030482584407,51
5020,0,11021,3874,7147,0,0,0,1.0,1,1.0,1,1.0,1,0.16841030482584407,51
5021,6,11027,3874,7153,0,0,0,1.0,1,1.0,1,1.0,1,0.12596282762810254,52
5022,0,11027,3874,7153,0,0,0,1.0,1,1.0,1,1.0,1,0.12596282762810254,52
5023,4,11031,3877,7154,0,0,0,1.0,1,1.0,1,1.0,1,0.1628479096403349,52
5024,3,11034,3879,7155,0,0,0,1.0,1,1.0,1,1.0,1,0.18860592916527527,51
5025,0,11034,3879,7155,0,0,0,1.0,1,1.0,1,1.0,1,0.1713669865906477,50
5026,7,11041,3881,7160,0,0,0,1.0,1,1.0,1,1.0,1,0.16359415323342222,49
5027,3,11044,3882,7162,0,0,0,1.0,1,1.0,1,1.0,1,0.15423950001381687,47
5028,3,11047,3883,7164,0,0,0,1.0,1,1.0,1,1.0,1,0.16822110164110568,47
5029,1,11048,3883,7165,0,0,0,1.0,1,1.0,1,1.0,1,0.15551726776761443,46
5030,1,11049,3883,7166,0,0,0,1.0,1,1.0,1,1.0,1,0.1412603890509371,48
5031,2,11051,3883,7168,0,0,0,1.0,1,1.0,1,1.0,1,0.16350497263629113,46
5032,2,11053,3884,7169,0,0,0,1.0,1,1.0,1,1.0,1,0.15620910111428754,46
5033,7,11060,3887,7173,0,0,0,1.0,1,1.0,1,1.0,1,0.20773835972048812,47
5034,4,11064,3888,7176,0,0,0,1.0,1,1.0,1,1.0,1,0.2003706618698375,48
5035,2,11066,3888,7178,0,0,0,1.0,1,1.0,1,1.0,1,0.1561317385457243,47
5036,1,11067,3889,7178,0,0,0,1.0,1,1.0,1,1.0,1,0.17554007403803898,47
5037,2,11069,3889,7180,0,0,0,1.0,1,1.0,1,1.0,1,0.13027628366421176,47
5038,0,11069,3889,7180,0,0,0,1.0,1,1.0,1,1.0,1,0.131995827824371,48
5039,1,11070,3889,7181,0,0,0,1.0,1,1.0,1,1.0,1,0.10389145955615,47
5040,0,11070,3889,7181,0,0,0,1.0,1,1.0,1,1.0,1,0.10929168877238105,48
5041,0,11070,3889,7181,0,0,0,1.0,1,1.0,1,1.0,1,0.12086842691654982,49
5042,0,11070,3889,7181,0,0,0,1.0,1,1.0,1,1.0,1,0.13383042374559911,50
5043,1,11071,3889,7182,0,0,0,1.0,1,1.0,1,1.0,1,0.10689639158762973,51
5044,2,11073,3889,7184,0,0,0,1.0,1,1.0,1,1.0,1,0.09604834154051975,51
5045,0,11073,3889,7184,0,0,0,1.0,1,1.0,1,1.0,1,0.09604834154051975,51
5046,2,11075,3890,7185,0,0,0,1.0,1,1.0,1,1.0,1,0.09350532723114122,52
5047,0,11075,3890,7185,0,0,0,1.0,1,1.0,1,1.0,1,0.12124242657849847,52
5048,0,11075,3890,7185,0,0,0,1.0,1,1.0,1,1.0,1,0.12124242657849847,52
5049,1,11076,3890,7186,0,0,0,1.0,1,1.0,1,1.0,1,0.1274495969706554,52
5050,3,11079,3891,7188,0,0,0,1.0,1,1.0,1,1.0,1,0.10821731497937197,55
5051,1,11080,3891,7189,0,0,0,1.0,1,1.0,1,1.0,1,0.10686231706024356,55
5052,0,11080,3891,7189,0,0,0,1.0,1,1.0,1,1.0,1,0.10686231706024356,55
5053,0,11080,3891,7189,0,0,0,1.0,1,1.0,1,1.0,1,0.11871551535549311,54
5054,1,11081,3892,7189,0,0,0,1.0,1,1.0,1,1.0,1,0.1363309383926588,54
5055,1,11082,3892,7190,0,0,0,1.0,1,1.0,1,1.0,1,0.15741939592039814,54
5056,3,11085,3892,7193,0,0,0,1.0,1,1.0,1,1.0,1,0.08269348668370671,55
5057,1,11086,3892,7194,0,0,0,1.0,1,1.0,1,1.0,1,0.08068559490547106,56
5058,3,11089,3892,7197,0,0,0,1.0,1,1.0,1,1.0,1,0.07789305925996044,58
5059,4,11093,3892,7201,0,0,0,1.0,1,1.0,1,1.0,1,0.0800166764323316,58
5060,2,11095,3893,7202,0,0,0,1.0,1,1.0,1,1.0,1,0.07535368045552396,59
5061,1,11096,3893,7203,0,0,0,1.0,1,1.0,1,1.0,1,0.06906040331356654,58
5062,1,11097,3894,7203,0,0,0,1.0,1,1.0,1,1.0,1,0.09573341926679989,58
5063,4,11101,3897,7204,0,0,0,1.0,1,1.0,1,1.0,1,0.10794788279661655,57
5064,2,11103,3898,7205,0,0,0,1.0,1,1.0,1,1.0,1,0.13365013522031735,57
5065,2,11105,3900,7205,0,0,0,1.0,1,1.0,1,1.0,1,0.16176998122248096,56
5066,3,11108,3901,7207,0,0,0,1.0,1,1.0,1,1.0,1,0.18610473024955207,55
5067,3,11111,3902,7209,0,0,0,1.0,1,1.0,1,1.0,1,0.1574626656753951,54
5068,6,11117,3905,7212,0,0,0,1.0,1,1.0,1,1.0,1,0.17228793543523024,54
5069,3,11120,3906,7214,0,0,0,1.0,1,1.0,1,1.0,1,0.17686124372435352,53
5070,5,11125,3906,7219,0,0,0,1.0,1,1.0,1,1.0,1,0.15901353609080895,53
5071,2,11127,3906,7221,0,0,0,1.0,1,1.0,1,1.0,1,0.14247735496596983,53
5072,4,11131,3907,7224,0,0,0,1.0,1,1.0,1,1.0,1,0.0811804996221544,53
5073,0,11131,3907,7224,0,0,0,1.0,1,1.0,1,1.0,1,0.0811804996221544,53
5074,3,11134,3907,7227,0,0,0,1.0,1,1.0,1,1.0,1,0.09306064652698538,52
5075,0,11134,3907,7227,0,0,0,1.0,1,1.0,1,1.0,1,0.09306064652698538,52
5076,1,11135,3907,7228,0,0,0,1.0,1,1.0,1,1.0,1,0.07060655078499918,55
5077,3,11138,3908,7230,0,0,0,1.0,1,1.0,1,1.0,1,0.11887132219473062,55
5078,2,11140,3908,7232,0,0,0,1.0,1,1.0,1,1.0,1,0.08144098998958896,55
5079,2,11142,3908,7234,0,0,0,1.0,1,1.0,1,1.0,1,0.09522803092725897,54
5080,2,11144,3908,7236,0,0,0,1.0,1,1.0,1,1.0,1,0.09311607145969553,55
5081,1,11145,3908,7237,0,0,0,1.0,1,1.0,1,1.0,1,0.10544950842881767,57
5082,0,11145,3908,7237,0,0,0,1.0,1,1.0,1,1.0,1,0.10544950842881767,57
5083,1,11146,3909,7237,0,0,0,1.0,1,1.0,1,1.0,1,0.10403869107368262,58
5084,1,11147,3909,7238,0,0,0,1.0,1,1.0,1,1.0,1,0.09069502945752718,58
5085,2,11149,3910,7239,0,0,0,1.0,1,1.0,1,1.0,1,0.09990831611631977,59
5086,3,11152,3911,7241,0,0,0,1.0,1,1.0,1,1.0,1,0.09908470273825921,60
5087,5,11157,3915,7242,0,0,0,1.0,1,1.0,1,1.0,1,0.14267036637074895,61
5088,4,11161,3917,7244,0,0,0,1.0,1,1.0,1,1.0,1,0.13024719473257854,62
5089,5,11166,3920,7246,0,0,0,1.0,1,1.0,1,1.0,1,0.13245546050479903,63
5090,2,11168,3920,7248,0,0,0,1.0,1,1.0,1,1.0,1,0.13112912985567385,63
5091,4,11172,3921,7251,0,0,0,1.0,1,1.0,1,1.0,1,0.12267237978197623,63
5092,2,11174,3921,7253,0,0,0,1.0,1,1.0,1,1.0,1,0.1138469316554642,63
5093,4,11178,3923,7255,0,0,0,1.0,1,1.0,1,1.0,1,0.11027488152552008,63
5094,4,11182,3925,7257,0,0,0,1.0,1,1.0,1,1.0,1,0.09678987123310616,64
5095,0,11182,3925,7257,0,0,0,1.0,1,1.0,1,1.0,1,0.09678987123310616,64
5096,6,11188,3929,7259,0,0,0,1.0,1,1.0,1,1.0,1,0.12110673176932386,67
5097,2,11190,3929,7261,0,0,0,1.0,1,1.0,1,1.0,1,0.11368866209269678,67
5098,3,11193,3930,7263,0,0,0,1.0,1,1.0,1,1.0,1,0.13548908583838926,68
5099,3,11196,3930,7266,0,0,0,1.0,1,1.0,1,1.0,1,0.12784289287571987,70
5100,1,11197,3930,7267,0,0,0,1.0,1,1.0,1,1.0,1,0.11741162697300442,71
5101,4,11201,3931,7270,0,0,0,1.0,1,1.0,1,1.0,1,0.09592987639254077,71
5102,4,11205,3933,7272,0,0,0,1.0,1,1.0,1,1.0,1,0.07899696494522117,70
5103,1,11206,3933,7273,0,0,0,1.0,1,1.0,1,1.0,1,0.10160651095283343,67
5104,0,11206,3933,7273,0,0,0,1.0,1,1.0,1,1.0,1,0.12214275917054895,67
5105,6,11212,3938,7274,0,0,0,1.0,1,1.0,1,1.0,1,0.12709408094666869,63
5106,7,11219,3939,7280,0,0,0,1.0,1,1.0,1,1.0,1,0.0950734068875545,63
5107,7,11226,3943,7283,0,0,0,1.0,1,1.0,1,1.0,1,0.10567299795364933,60
5108,4,11230,3944,7286,0,0,0,1.0,1,1.0,1,1.0,1,0.12623311973814605,56
5109,6,11236,3946,7290,0,0,0,1.0,1,1.0,1,1.0,1,0.12309773716084406,56
5110,0,11236,3946,7290,0,0,0,1.0,1,1.0,1,1.0,1,0.11394090230780579,52
5111,6,11242,3950,7292,0,0,0,1.0,1,1.0,1,1.0,1,0.13538187022348838,51
5112,1,11243,3951,7292,0,0,0,1.0,1,1.0,1,1.0,1,0.1440330291520443,50
5113,1,11244,3952,7292,0,0,0,1.0,1,1.0,1,1.0,1,0.1800077432397552,48
5114,2,11246,3954,7292,0,0,0,1.0,1,1.0,1,1.0,1,0.1646048833027403,46
5115,0,11246,3954,7292,0,0,0,1.0,1,1.0,1,1.0,1,0.14574450182679796,44
5116,5,11251,3955,7296,0,0,0,1.0,1,1.0,1,1.0,1,0.09330018515654082,44
5117,1,11252,3955,7297,0,0,0,1.0,1,1.0,1,1.0,1,0.08422815584079095,46
5118,0,11252,3955,7297,0,0,0,1.0,1,1.0,1,1.0,1,0.08422815584079095,46
5119,1,11253,3956,7297,0,0,0,1.0,1,1.0,1,1.0,1,0.09904406952102518,46
5120,1,11254,3956,7298,0,0,0,1.0,1,1.0,1,1.0,1,0.10176060175558418,46
5121,4,11258,3959,7299,0,0,0,1.0,1,1.0,1,1.0,1,0.11872522203223591,46
5122,4,11262,3963,7299,0,0,0,1.0,1,1.0,1,1.0,1,0.16463755628556934,46
5123,3,11265,3964,7301,0,0,0,1.0,1,1.0,1,1.0,1,0.18892687274654635,45
5124,7,11272,3966,7306,0,0,0,1.0,1,1.0,1,1.0,1,0.1518774784950822,47
5125,4,11276,3967,7309,0,0,0,1.0,1,1.0,1,1.0,1,0.1727777647520949,50
5126,2,11278,3967,7311,0,0,0,1.0,1,1.0,1,1.0,1,0.1215474327219175,50
5127,2,11280,3967,7313,0,0,0,1.0,1,1.0,1,1.0,1,0.11446971142588341,52
5128,0,11280,3967,7313,0,0,0,1.0,1,1.0,1,1.0,1,0.12860113656653752,53
5129,1,11281,3967,7314,0,0,0,1.0,1,1.0,1,1.0,1,0.12312865938982602,55
5130,1,11282,3968,7314,0,0,0,1.0,1,1.0,1,1.0,1,0.12663293473454704,55
5131,2,11284,3968,7316,0,0,0,1.0,1,1.0,1,1.0,1,0.11351538926798553,54
5132,2,11286,3968,7318,0,0,0,1.0,1,1.0,1,1.0,1,0.10755821324864329,54
5133,0,11286,3968,7318,0,0,0,1.0,1,1.0,1,1.0,1,0.10755821324864329,54
5134,0,11286,3968,7318,0,0,0,1.0,1,1.0,1,1.0,1,0.1242632071022829,53
5135,0,11286,3968,7318,0,0,0,1.0,1,1.0,1,1.0,1,0.128157788547167,54
5136,3,11289,3968,7321,0,0,0,1.0,1,1.0,1,1.0,1,0.12199808278473241,54
5137,1,11290,3968,7322,0,0,0,1.0,1,1.0,1,1.0,1,0.11765675898026696,54
5138,2,11292,3970,7322,0,0,0,1.0,1,1.0,1,1.0,1,0.1422257035085836,54
5139,1,11293,3971,7322,0,0,0,1.0,1,1.0,1,1.0,1,0.12895289873659635,55
5140,2,11295,3973,7322,0,0,0,1.0,1,1.0,1,1.0,1,0.14865169018598598,55
5141,4,11299,3973,7326,0,0,0,1.0,1,1.0,1,1.0,1,0.09237945656145108,53
5142,5,11304,3976,7328,0,0,0,1.0,1,1.0,1,1.0,1,0.06454937895363218,54
5143,5,11309,3979,7330,0,0,0,1.0,1,1.0,1,1.0,1,0.1075104895195731,52
5144,3,11312,3981,7331,0,0,0,1.0,1,1.0,1,1.0,1,0.1383448362465685,50
5145,3,11315,3981,7334,0,0,0,1.0,1,1.0,1,1.0,1,0.11908586521673124,49
5146,2,11317,3981,7336,0,0,0,1.0,1,1.0,1,1.0,1,0.08476358733810134,49
5147,1,11318,3982,7336,0,0,0,1.0,1,1.0,1,1.0,1,0.0946301776863078,46
5148,2,11320,3983,7337,0,0,0,1.0,1,1.0,1,1.0,1,0.04723410108020348,46
5149,1,11321,3984,7337,0,0,0,1.0,1,1.0,1,1.0,1,0.08010280484227453,45
5150,4,11325,3987,7338,0,0,0,1.0,1,1.0,1,1.0,1,0.12127401126826394,47
5151,2,11327,3987,7340,0,0,0,1.0,1,1.0,1,1.0,1,0.128823285769594,46
5152,2,11329,3989,7340,0,0,0,1.0,1,1.0,1,1.0,1,0.1518881858865271,46
5153,0,11329,3989,7340,0,0,0,1.0,1,1.0,1,1.0,1,0.14630558293330015,45
5154,4,11333,3991,7342,0,0,0,1.0,1,1.0,1,1.0,1,0.1790702548733783,47
5155,2,11335,3991,7344,0,0,0,1.0,1,1.0,1,1.0,1,0.15503836487638634,47
5156,3,11338,3992,7346,0,0,0,1.0,1,1.0,1,1.0,1,0.15373929553617724,47
5157,1,11339,3992,7347,0,0,0,1.0,1,1.0,1,1.0,1,0.1289943297157261,46
5158,1,11340,3992,7348,0,0,0,1.0,1,1.0,1,1.0,1,0.10927481932715127,47
5159,2,11342,3992,7350,0,0,0,1.0,1,1.0,1,1.0,1,0.10260980876826861,49
5160,1,11343,3992,7351,0,0,0,1.0,1,1.0,1,1.0,1,0.07788707669928494,48
5161,0,11343,3992,7351,0,0,0,1.0,1,1.0,1,1.0,1,0.07788707669928494,48
5162,0,11343,3992,7351,0,0,0,1.0,1,1.0,1,1.0,1,0.07230022587300701,49
5163,2,11345,3993,7352,0,0,0,1.0,1,1.0,1,1.0,1,0.10379202641105788,51
5164,1,11346,3994,7352,0,0,0,1.0,1,1.0,1,1.0,1,0.10851067815269565,51
5165,1,11347,3995,7352,0,0,0,1.0,1,1.0,1,1.0,1,0.1341175890324911,52
5166,5,11352,3997,7355,0,0,0,1.0,1,1.0,1,1.0,1,0.12555886427629748,52
5167,1,11353,3998,7355,0,0,0,1.0,1,1.0,1,1.0,1,0.13019025167957385,52
5168,0,11353,3998,7355,0,0,0,1.0,1,1.0,1,1.0,1,0.13019025167957385,52
5169,3,11356,4000,7356,0,0,0,1.0,1,1.0,1,1.0,1,0.13366194738392065,53
5170,0,11356,4000,7356,0,0,0,1.0,1,1.0,1,1.0,1,0.13366194738392065,53
5171,3,11359,4000,7359,0,0,0,1.0,1,1.0,1,1.0,1,0.09030962134174383,52
5172,1,11360,4001,7359,0,0,0,1.0,1,1.0,1,1.0,1,0.08952776572957376,53
5173,1,11361,4001,7360,0,0,0,1.0,1,1.0,1,1.0,1,0.10252937558579776,54
5174,2,11363,4002,7361,0,0,0,1.0,1,1.0,1,1.0,1,0.10418861872055017,56
5175,5,11368,4003,7365,0,0,0,1.0,1,1.0,1,1.0,1,0.1156861363769353,58
5176,4,11372,4005,7367,0,0,0,1.0,1,1.0,1,1.0,1,0.11583314293577068,58
5177,3,11375,4005,7370,0,0,0,1.0,1,1.0,1,1.0,1,0.09255753560918153,59
5178,4,11379,4008,7371,0,0,0,1.0,1,1.0,1,1.0,1,0.10759495070742273,57
5179,0,11379,4008,7371,0,0,0,1.0,1,1.0,1,1.0,1,0.10633778092787445,58
5180,2,11381,4009,7372,0,0,0,1.0,1,1.0,1,1.0,1,0.1310810994414414,56
5181,3,11384,4010,7374,0,0,0,1.0,1,1.0,1,1.0,1,0.10036899066464915,57
5182,2,11386,4012,7374,0,0,0,1.0,1,1.0,1,1.0,1,0.09771664044844432,56
5183,0,11386,4012,7374,0,0,0,1.0,1,1.0,1,1.0,1,0.10727536098471678,57
5184,4,11390,4015,7375,0,0,0,1.0,1,1.0,1,1.0,1,0.12575478480784003,56
5185,3,11393,4016,7377,0,0,0,1.0,1,1.0,1,1.0,1,0.11184701892912197,56
5186,5,11398,4018,7380,0,0,0,1.0,1,1.0,1,1.0,1,0.12429171583334953,54
5187,0,11398,4018,7380,0,0,0,1.0,1,1.0,1,1.0,1,0.13500635694337995,51
5188,2,11400,4018,7382,0,0,0,1.0,1,1.0,1,1.0,1,0.09600387395296972,50
5189,1,11401,4018,7383,0,0,0,1.0,1,1.0,1,1.0,1,0.1025203703155791,49
5190,0,11401,4018,7383,0,0,0,1.0,1,1.0,1,1.0,1,0.11969638277964911,50
5191,1,11402,4018,7384,0,0,0,1.0,1,1.0,1,1.0,1,0.0958464309625021,50
5192,2,11404,4020,7384,0,0,0,1.0,1,1.0,1,1.0,1,0.10458879716838315,49
5193,2,11406,4020,7386,0,0,0,1.0,1,1.0,1,1.0,1,0.122896354047167,50
5194,3,11409,4022,7387,0,0,0,1.0,1,1.0,1,1.0,1,0.1761619354921484,51
5195,2,11411,4022,7389,0,0,0,1.0,1,1.0,1,1.0,1,0.18098185824576024,51
5196,5,11416,4022,7394,0,0,0,1.0,1,1.0,1,1.0,1,0.13225369611760507,51
5197,0,11416,4022,7394,0,0,0,1.0,1,1.0,1,1.0,1,0.13225369611760507,51
5198,0,11416,4022,7394,0,0,0,1.0,1,1.0,1,1.0,1,0.13225369611760507,51
5199,2,11418,4022,7396,0,0,0,1.0,1,1.0,1,1.0,1,0.12288746917447181,54
5200,4,11422,4022,7400,0,0,0,1.0,1,1.0,1,1.0,1,0.1095325684820361,54
5201,2,11424,4024,7400,0,0,0,1.0,1,1.0,1,1.0,1,0.10590949339095161,55
5202,2,11426,4024,7402,0,0,0,1.0,1,1.0,1,1.0,1,0.10653074608220728,56
5203,3,11429,4024,7405,0,0,0,1.0,1,1.0,1,1.0,1,0.10690271036716148,56
5204,1,11430,4024,7406,0,0,0,1.0,1,1.0,1,1.0,1,0.11468783017325188,58
5205,2,11432,4024,7408,0,0,0,1.0,1,1.0,1,1.0,1,0.11468783017325188,58
5206,2,11434,4024,7410,0,0,0,1.0,1,1.0,1,1.0,1,0.0909189326114318,58
5207,2,11436,4025,7411,0,0,0,1.0,1,1.0,1,1.0,1,0.08875987585987748,59
5208,0,11436,4025,7411,0,0,0,1.0,1,1.0,1,1.0,1,0.08403869847215684,58
5209,0,11436,4025,7411,0,0,0,1.0,1,1.0,1,1.0,1,0.08403869847215684,58
5210,0,11436,4025,7411,0,0,0,1.0,1,1.0,1,1.0,1,0.10039202712227238,57
5211,2,11438,4026,7412,0,0,0,1.0,1,1.0,1,1.0,1,0.10959468067643041,57
5212,2,11440,4026,7414,0,0,0,1.0,1,1.0,1,1.0,1,0.08432809156370816,59
5213,5,11445,4029,7416,0,0,0,1.0,1,1.0,1,1.0,1,0.1289683909460373,59
5214,4,11449,4030,7419,0,0,0,1.0,1,1.0,1,1.0,1,0.12677320942655976,59
5215,1,11450,4031,7419,0,0,0,1.0,1,1.0,1,1.0,1,0.1712482553059647,58
5216,3,11453,4031,7422,0,0,0,1.0,1,1.0,1,1.0,1,0.13082045559859137,59
5217,3,11456,4034,7422,0,0,0,1.0,1,1.0,1,1.0,1,0.14542962400317103,58
5218,7,11463,4038,7425,0,0,0,1.0,1,1.0,1,1.0,1,0.17905781969126777,58
5219,0,11463,4038,7425,0,0,0,1.0,1,1.0,1,1.0,1,0.14892802680064057,57
5220,2,11465,4039,7426,0,0,0,1.0,1,1.0,1,1.0,1,0.15194526223581933,56
5221,9,11474,4042,7432,0,0,0,1.0,1,1.0,1,1.0,1,0.1433406805090676,58
5222,6,11480,4044,7436,0,0,0,1.0,1,1.0,1,1.0,1,0.13670179671020488,56
5223,1,11481,4045,7436,0,0,0,1.0,1,1.0,1,1.0,1,0.14508860148742764,55
5224,1,11482,4046,7436,0,0,0,1.0,1,1.0,1,1.0,1,0.12505075005406882,56
5225,0,11482,4046,7436,0,0,0,1.0,1,1.0,1,1.0,1,0.1303098650369752,55
5226,2,11484,4046,7438,0,0,0,1.0,1,1.0,1,1.0,1,0.11130390775224852,55
5227,2,11486,4047,7439,0,0,0,1.0,1,1.0,1,1.0,1,0.11919394960022288,53
5228,0,11486,4047,7439,0,0,0,1.0,1,1.0,1,1.0,1,0.13180111399909822,51
5229,2,11488,4048,7440,0,0,0,1.0,1,1.0,1,1.0,1,0.12477859207325712,51
5230,1,11489,4049,7440,0,0,0,1.0,1,1.0,1,1.0,1,0.13202627170349504,51
5231,4,11493,4050,7443,0,0,0,1.0,1,1.0,1,1.0,1,0.1258618929217409,52
5232,2,11495,4052,7443,0,0,0,1.0,1,1.0,1,1.0,1,0.15040895208463365,52
5233,2,11497,4053,7444,0,0,0,1.0,1,1.0,1,1.0,1,0.16459361284534346,53
5234,4,11501,4054,7447,0,0,0,1.0,1,1.0,1,1.0,1,0.16554771151161532,53
5235,2,11503,4055,7448,0,0,0,1.0,1,1.0,1,1.0,1,0.16640317543369948,53
5236,5,11508,4057,7451,0,0,0,1.0,1,1.0,1,1.0,1,0.14797842374419268,52
5237,1,11509,4057,7452,0,0,0,1.0,1,1.0,1,1.0,1,0.17318688173718425,52
5238,1,11510,4058,7452,0,0,0,1.0,1,1.0,1,1.0,1,0.17391534898342856,52
5239,0,11510,4058,7452,0,0,0,1.0,1,1.0,1,1.0,1,0.18709002341278416,51
5240,3,11513,4058,7455,0,0,0,1.0,1,1.0,1,1.0,1,0.1703398499943824,53
5241,4,11517,4058,7459,0,0,0,1.0,1,1.0,1,1.0,1,0.1394495186768573,53
5242,1,11518,4059,7459,0,0,0,1.0,1,1.0,1,1.0,1,0.1562393331065586,51
5243,1,11519,4060,7459,0,0,0,1.0,1,1.0,1,1.0,1,0.18186660709334407,51
5244,3,11522,4061,7461,0,0,0,1.0,1,1.0,1,1.0,1,0.17864737050311394,52
5245,5,11527,4063,7464,0,0,0,1.0,1,1.0,1,1.0,1,0.18768551561140964,53
5246,4,11531,4064,7467,0,0,0,1.0,1,1.0,1,1.0,1,0.13633751658727947,53
5247,3,11534,4065,7469,0,0,0,1.0,1,1.0,1,1.0,1,0.14687268676281845,54
5248,1,11535,4066,7469,0,0,0,1.0,1,1.0,1,1.0,1,0.15313766705643514,54
5249,2,11537,4066,7471,0,0,0,1.0,1,1.0,1,1.0,1,0.14134853895868882,55
5250,1,11538,4066,7472,0,0,0,1.0,1,1.0,1,1.0,1,0.15907650446596486,57
5251,1,11539,4066,7473,0,0,0,1.0,1,1.0,1,1.0,1,0.13966728139105852,58
5252,0,11539,4066,7473,0,0,0,1.0,1,1.0,1,1.0,1,0.13966728139105852,58
5253,6,11545,4069,7476,0,0,0,1.0,1,1.0,1,1.0,1,0.162579488831197,58
5254,0,11545,4069,7476,0,0,0,1.0,1,1.0,1,1.0,1,0.1641776404129509,59
5255,3,11548,4072,7476,0,0,0,1.0,1,1.0,1,1.0,1,0.18012262061064482,58
5256,1,11549,4072,7477,0,0,0,1.0,1,1.0,1,1.0,1,0.1752425162264737,58
5257,2,11551,4072,7479,0,0,0,1.0,1,1.0,1,1.0,1,0.16224937696311714,57
5258,3,11554,4072,7482,0,0,0,1.0,1,1.0,1,1.0,1,0.14514022795800752,55
5259,1,11555,4073,7482,0,0,0,1.0,1,1.0,1,1.0,1,0.14660526105296742,56
5260,1,11556,4074,7482,0,0,0,1.0,1,1.0,1,1.0,1,0.14955087137509654,55
5261,0,11556,4074,7482,0,0,0,1.0,1,1.0,1,1.0,1,0.16227971456324167,54
5262,3,11559,4076,7483,0,0,0,1.0,1,1.0,1,1.0,1,0.17273501286829906,54
5263,3,11562,4078,7484,0,0,0,1.0,1,1.0,1,1.0,1,0.18820344705583952,55
5264,1,11563,4079,7484,0,0,0,1.0,1,1.0,1,1.0,1,0.22664251851415637,53
5265,9,11572,4085,7487,0,0,0,1.0,1,1.0,1,1.0,1,0.28600399874987037,52
5266,7,11579,4086,7493,0,0,0,1.0,1,1.0,1,1.0,1,0.2297233778354292,49
5267,7,11586,4087,7499,0,0,0,1.0,1,1.0,1,1.0,1,0.18548842452807476,49
5268,3,11589,4089,7500,0,0,0,1.0,1,1.0,1,1.0,1,0.1904037867306696,46
5269,0,11589,4089,7500,0,0,0,1.0,1,1.0,1,1.0,1,0.20383034345938275,45
5270,0,11589,4089,7500,0,0,0,1.0,1,1.0,1,1.0,1,0.19314302133329567,46
5271,6,11595,4090,7505,0,0,0,1.0,1,1.0,1,1.0,1,0.19022628586704582,46
5272,3,11598,4091,7507,0,0,0,1.0,1,1.0,1,1.0,1,0.1633205807584971,45
5273,3,11601,4093,7508,0,0,0,1.0,1,1.0,1,1.0,1,0.187495624822294,45
5274,2,11603,4094,7509,0,0,0,1.0,1,1.0,1,1.0,1,0.16768831692204314,45
5275,3,11606,4095,7511,0,0,0,1.0,1,1.0,1,1.0,1,0.1542692568432507,46
5276,6,11612,4099,7513,0,0,0,1.0,1,1.0,1,1.0,1,0.21704358651672423,45
5277,5,11617,4100,7517,0,0,0,1.0,1,1.0,1,1.0,1,0.2135026097003945,45
5278,3,11620,4101,7519,0,0,0,1.0,1,1.0,1,1.0,1,0.22386797638631425,44
5279,1,11621,4101,7520,0,0,0,1.0,1,1.0,1,1.0,1,0.2274385260797772,45
5280,3,11624,4101,7523,0,0,0,1.0,1,1.0,1,1.0,1,0.22101804114507687,46
5281,2,11626,4101,7525,0,0,0,1.0,1,1.0,1,1.0,1,0.19773276551442656,46
5282,0,11626,4101,7525,0,0,0,1.0,1,1.0,1,1.0,1,0.20413499985397193,47
5283,2,11628,4101,7527,0,0,0,1.0,1,1.0,1,1.0,1,0.17701217055530719,48
5284,0,11628,4101,7527,0,0,0,1.0,1,1.0,1,1.0,1,0.17701217055530719,48
5285,0,11628,4101,7527,0,0,0,1.0,1,1.0,1,1.0,1,0.15574812919817185,48
5286,1,11629,4101,7528,0,0,0,1.0,1,1.0,1,1.0,1,0.14366804124699525,50
5287,1,11630,4101,7529,0,0,0,1.0,1,1.0,1,1.0,1,0.12523398095736657,50
5288,0,11630,4101,7529,0,0,0,1.0,1,1.0,1,1.0,1,0.1239098436722318,51
5289,1,11631,4101,7530,0,0,0,1.0,1,1.0,1,1.0,1,0.10714009566426647,51
5290,2,11633,4101,7532,0,0,0,1.0,1,1.0,1,1.0,1,0.08151697926856008,52
5291,4,11637,4103,7534,0,0,0,1.0,1,1.0,1,1.0,1,0.1317954821336934,52
5292,3,11640,4103,7537,0,0,0,1.0,1,1.0,1,1.0,1,0.09231893542264843,53
5293,1,11641,4104,7537,0,0,0,1.0,1,1.0,1,1.0,1,0.120629679910741,51
5294,1,11642,4105,7537,0,0,0,1.0,1,1.0,1,1.0,1,0.14173585395017316,50
5295,0,11642,4105,7537,0,0,0,1.0,1,1.0,1,1.0,1,0.17967616065393405,49
5296,1,11643,4106,7537,0,0,0,1.0,1,1.0,1,1.0,1,0.19720664423807155,48
5297,0,11643,4106,7537,0,0,0,1.0,1,1.0,1,1.0,1,0.2329587272537335,46
5298,0,11643,4106,7537,0,0,0,1.0,1,1.0,1,1.0,1,0.23334459753959794,46
5299,1,11644,4106,7538,0,0,0,1.0,1,1.0,1,1.0,1,0.2385546965006385,47
5300,0,11644,4106,7538,0,0,0,1.0,1,1.0,1,1.0,1,0.21246105169072763,48
5301,1,11645,4106,7539,0,0,0,1.0,1,1.0,1,1.0,1,0.20778191897498954,48
5302,3,11648,4108,7540,0,0,0,1.0,1,1.0,1,1.0,1,0.22199419000979315,49
5303,2,11650,4109,7541,0,0,0,1.0,1,1.0,1,1.0,1,0.21682935854886942,48
5304,2,11652,4111,7541,0,0,0,1.0,1,1.0,1,1.0,1,0.24034353654445265,48
5305,4,11656,4112,7544,0,0,0,1.0,1,1.0,1,1.0,1,0.21994744782308692,47
5306,6,11662,4115,7547,0,0,0,1.0,1,1.0,1,1.0,1,0.19687745930227152,48
5307,3,11665,4116,7549,0,0,0,1.0,1,1.0,1,1.0,1,0.176006816596452,48
5308,0,11665,4116,7549,0,0,0,1.0,1,1.0,1,1.0,1,0.17288458782245517,47
5309,3,11668,4116,7552,0,0,0,1.0,1,1.0,1,1.0,1,0.14799534680593593,46
5310,2,11670,4117,7553,0,0,0,1.0,1,1.0,1,1.0,1,0.15073580957813992,46
5311,2,11672,4118,7554,0,0,0,1.0,1,1.0,1,1.0,1,0.10435659737456932,46
5312,2,11674,4119,7555,0,0,0,1.0,1,1.0,1,1.0,1,0.11839195272300809,46
5313,1,11675,4119,7556,0,0,0,1.0,1,1.0,1,1.0,1,0.13185557240863288,46
5314,0,11675,4119,7556,0,0,0,1.0,1,1.0,1,1.0,1,0.13185557240863288,46
5315,6,11681,4121,7560,0,0,0,1.0,1,1.0,1,1.0,1,0.16765741252236105,47
5316,5,11686,4121,7565,0,0,0,1.0,1,1.0,1,1.0,1,0.09534535342064708,48
5317,2,11688,4123,7565,0,0,0,1.0,1,1.0,1,1.0,1,0.11270246944317275,49
5318,7,11695,4124,7571,0,0,0,1.0,1,1.0,1,1.0,1,0.11564736930334493,49
5319,1,11696,4124,7572,0,0,0,1.0,1,1.0,1,1.0,1,0.10029017472264827,50
5320,2,11698,4125,7573,0,0,0,1.0,1,1.0,1,1.0,1,0.08456269543706338,51
5321,1,11699,4125,7574,0,0,0,1.0,1,1.0,1,1.0,1,0.06229871973024402,52
5322,0,11699,4125,7574,0,0,0,1.0,1,1.0,1,1.0,1,0.06417650123336907,53
5323,0,11699,4125,7574,0,0,0,1.0,1,1.0,1,1.0,1,0.08740055907049094,53
5324,3,11702,4126,7576,0,0,0,1.0,1,1.0,1,1.0,1,0.10716032689438573,55
5325,2,11704,4127,7577,0,0,0,1.0,1,1.0,1,1.0,1,0.12632825655726643,55
5326,2,11706,4128,7578,0,0,0,1.0,1,1.0,1,1.0,1,0.1266478196761985,55
5327,1,11707,4128,7579,0,0,0,1.0,1,1.0,1,1.0,1,0.11486014677871996,56
5328,3,11710,4129,7581,0,0,0,1.0,1,1.0,1,1.0,1,0.12712741571878575,57
5329,1,11711,4129,7582,0,0,0,1.0,1,1.0,1,1.0,1,0.12662979302223976,57
5330,3,11714,4131,7583,0,0,0,1.0,1,1.0,1,1.0,1,0.1459257325165941,56
5331,2,11716,4131,7585,0,0,0,1.0,1,1.0,1,1.0,1,0.08833060887674277,57
5332,2,11718,4131,7587,0,0,0,1.0,1,1.0,1,1.0,1,0.07116474742283176,58
5333,2,11720,4132,7588,0,0,0,1.0,1,1.0,1,1.0,1,0.0710555373440455,59
5334,3,11723,4134,7589,0,0,0,1.0,1,1.0,1,1.0,1,0.0756098615866258,59
5335,0,11723,4134,7589,0,0,0,1.0,1,1.0,1,1.0,1,0.0894702005002033,58
5336,1,11724,4135,7589,0,0,0,1.0,1,1.0,1,1.0,1,0.11591522019142149,59
5337,2,11726,4135,7591,0,0,0,1.0,1,1.0,1,1.0,1,0.098436706699448,60
5338,0,11726,4135,7591,0,0,0,1.0,1,1.0,1,1.0,1,0.098436706699448,60
5339,0,11726,4135,7591,0,0,0,1.0,1,1.0,1,1.0,1,0.098436706699448,60
5340,1,11727,4136,7591,0,0,0,1.0,1,1.0,1,1.0,1,0.12797594565502998,60
5341,1,11728,4136,7592,0,0,0,1.0,1,1.0,1,1.0,1,0.10681312503987156,61
5342,3,11731,4138,7593,0,0,0,1.0,1,1.0,1,1.0,1,0.13071242221248278,59
5343,4,11735,4139,7596,0,0,0,1.0,1,1.0,1,1.0,1,0.13485716129178046,58
5344,3,11738,4141,7597,0,0,0,1.0,1,1.0,1,1.0,1,0.18094541741575032,58
5345,3,11741,4143,7598,0,0,0,1.0,1,1.0,1,1.0,1,0.17539528496750248,54
5346,6,11747,4144,7603,0,0,0,1.0,1,1.0,1,1.0,1,0.10659907994273449,54
5347,5,11752,4147,7605,0,0,0,1.0,1,1.0,1,1.0,1,0.05621028690272299,54
5348,2,11754,4148,7606,0,0,0,1.0,1,1.0,1,1.0,1,0.0806266478975018,55
5349,6,11760,4150,7610,0,0,0,1.0,1,1.0,1,1.0,1,0.13691245818295594,56
5350,4,11764,4150,7614,0,0,0,1.0,1,1.0,1,1.0,1,0.14520193040585225,56
5351,3,11767,4151,7616,0,0,0,1.0,1,1.0,1,1.0,1,0.1241342767895754,57
5352,3,11770,4152,7618,0,0,0,1.0,1,1.0,1,1.0,1,0.13171163550347498,57
5353,1,11771,4153,7618,0,0,0,1.0,1,1.0,1,1.0,1,0.1264894836060026,57
5354,0,11771,4153,7618,0,0,0,1.0,1,1.0,1,1.0,1,0.12784604984528347,56
5355,1,11772,4154,7618,0,0,0,1.0,1,1.0,1,1.0,1,0.127189576460238,57
5356,5,11777,4154,7623,0,0,0,1.0,1,1.0,1,1.0,1,0.1049081910705162,56
5357,3,11780,4154,7626,0,0,0,1.0,1,1.0,1,1.0,1,0.08552597319501315,56
5358,2,11782,4154,7628,0,0,0,1.0,1,1.0,1,1.0,1,0.11116767372715919,57
5359,1,11783,4154,7629,0,0,0,1.0,1,1.0,1,1.0,1,0.09947164339793099,57
5360,0,11783,4154,7629,0,0,0,1.0,1,1.0,1,1.0,1,0.12229199416032815,55
5361,3,11786,4156,7630,0,0,0,1.0,1,1.0,1,1.0,1,0.13989282229586802,56
5362,0,11786,4156,7630,0,0,0,1.0,1,1.0,1,1.0,1,0.12475581353648978,57
5363,0,11786,4156,7630,0,0,0,1.0,1,1.0,1,1.0,1,0.12475581353648978,57
5364,2,11788,4156,7632,0,0,0,1.0,1,1.0,1,1.0,1,0.12217055503856691,58
5365,1,11789,4156,7633,0,0,0,1.0,1,1.0,1,1.0,1,0.10435211118994828,59
5366,4,11793,4159,7634,0,0,0,1.0,1,1.0,1,1.0,1,0.14962007848612802,60
5367,2,11795,4160,7635,0,0,0,1.0,1,1.0,1,1.0,1,0.14312345198446796,60
5368,3,11798,4161,7637,0,0,0,1.0,1,1.0,1,1.0,1,0.12245275356138509,58
5369,2,11800,4162,7638,0,0,0,1.0,1,1.0,1,1.0,1,0.11569802010930086,58
5370,1,11801,4163,7638,0,0,0,1.0,1,1.0,1,1.0,1,0.13502017356463675,57
5371,4,11805,4165,7640,0,0,0,1.0,1,1.0,1,1.0,1,0.14611070811113336,56
5372,1,11806,4166,7640,0,0,0,1.0,1,1.0,1,1.0,1,0.12443851495797127,55
5373,4,11810,4169,7641,0,0,0,1.0,1,1.0,1,1.0,1,0.1440520769589852,54
5374,1,11811,4170,7641,0,0,0,1.0,1,1.0,1,1.0,1,0.1254966155646173,53
5375,5,11816,4173,7643,0,0,0,1.0,1,1.0,1,1.0,1,0.146032446808141,52
5376,5,11821,4175,7646,0,0,0,1.0,1,1.0,1,1.0,1,0.11868257406624945,52
5377,2,11823,4176,7647,0,0,0,1.0,1,1.0,1,1.0,1,0.14273032713070585,51
5378,2,11825,4177,7648,0,0,0,1.0,1,1.0,1,1.0,1,0.1513053419923673,52
5379,1,11826,4178,7648,0,0,0,1.0,1,1.0,1,1.0,1,0.1497683384968591,50
5380,4,11830,4180,7650,0,0,0,1.0,1,1.0,1,1.0,1,0.1730782181205563,51
5381,5,11835,4182,7653,0,0,0,1.0,1,1.0,1,1.0,1,0.10008095043773875,50
5382,0,11835,4182,7653,0,0,0,1.0,1,1.0,1,1.0,1,0.10555584240623188,48
5383,0,11835,4182,7653,0,0,0,1.0,1,1.0,1,1.0,1,0.10547523432013146,48
5384,1,11836,4182,7654,0,0,0,1.0,1,1.0,1,1.0,1,0.1041732978651367,48
5385,0,11836,4182,7654,0,0,0,1.0,1,1.0,1,1.0,1,0.10450681624923323,47
5386,4,11840,4184,7656,0,0,0,1.0,1,1.0,1,1.0,1,0.08977918189233616,48
5387,0,11840,4184,7656,0,0,0,1.0,1,1.0,1,1.0,1,0.0943239679378857,48
5388,2,11842,4185,7657,0,0,0,1.0,1,1.0,1,1.0,1,0.06856864288633781,48
5389,1,11843,4185,7658,0,0,0,1.0,1,1.0,1,1.0,1,0.06424855458590442,50
5390,3,11846,4187,7659,0,0,0,1.0,1,1.0,1,1.0,1,0.10270862260306507,52
5391,4,11850,4190,7660,0,0,0,1.0,1,1.0,1,1.0,1,0.1172074984789362,52
5392,0,11850,4190,7660,0,0,0,1.0,1,1.0,1,1.0,1,0.11510259123929943,51
5393,3,11853,4193,7660,0,0,0,1.0,1,1.0,1,1.0,1,0.1950782538102005,50
5394,1,11854,4194,7660,0,0,0,1.0,1,1.0,1,1.0,1,0.22157037330971116,50
5395,4,11858,4197,7661,0,0,0,1.0,1,1.0,1,1.0,1,0.2011605939127968,49
5396,5,11863,4197,7666,0,0,0,1.0,1,1.0,1,1.0,1,0.07583475542578583,48
5397,3,11866,4199,7667,0,0,0,1.0,1,1.0,1,1.0,1,0.05785373892393165,48
5398,2,11868,4200,7668,0,0,0,1.0,1,1.0,1,1.0,1,0.1449811737275657,46
5399,1,11869,4201,7668,0,0,0,1.0,1,1.0,1,1.0,1,0.16472849422214061,46
5400,1,11870,4202,7668,0,0,0,1.0,1,1.0,1,1.0,1,0.17392055527941117,48
5401,8,11878,4202,7676,0,0,0,1.0,1,1.0,1,1.0,1,0.11416498220699585,49
5402,0,11878,4202,7676,0,0,0,1.0,1,1.0,1,1.0,1,0.0,0
