,SuccessfulHandoverCount,TotalSuccessfulHandoverCount,TotalSuccessfulHandoverCountRange,TotalSuccessfulHandoverCountLoadBalancing,TotalSuccessfulHandoverCountOverload,FailedHandoverCount,TotalFailedHandoverCount,AvgQoS,MinQoS,AvgQoS_LoadBased,MinQoS_LoadBased,AvgQoS_RangeBased,MinQoS_RangeBased,GiniLoad,VehicleCount
0,0,0,0,0,0,0,0,1.0,1,1.0,1,1.0,1,0.0,0
1,21,21,0,21,0,0,0,1.0,1,1.0,1,1.0,1,0.21657892356170347,26
2,17,38,0,38,0,0,0,1.0,1,1.0,1,1.0,1,0.18791845812517585,27
3,17,55,0,55,0,0,0,1.0,1,1.0,1,1.0,1,0.25024752654601423,28
4,13,68,0,68,0,0,0,1.0,1,1.0,1,1.0,1,0.2282232856460528,29
5,1,69,0,69,0,0,0,1.0,1,1.0,1,1.0,1,0.22161565311737424,29
6,3,72,0,72,0,0,0,1.0,1,1.0,1,1.0,1,0.14525146786111373,32
7,0,72,0,72,0,0,0,1.0,1,1.0,1,1.0,1,0.13425294408974994,33
8,2,74,0,74,0,0,0,1.0,1,1.0,1,1.0,1,0.13467981917964697,35
9,1,75,0,75,0,0,0,1.0,1,1.0,1,1.0,1,0.10867226454329178,35
10,1,76,1,75,0,0,0,1.0,1,1.0,1,1.0,1,0.11603612697099788,35
11,1,77,2,75,0,0,0,1.0,1,1.0,1,1.0,1,0.1568024177301955,35
12,1,78,3,75,0,0,0,1.0,1,1.0,1,1.0,1,0.11827465942989832,34
13,2,80,4,76,0,0,0,1.0,1,1.0,1,1.0,1,0.18653156440273205,32
14,1,81,5,76,0,0,0,1.0,1,1.0,1,1.0,1,0.2104990636404624,31
15,1,82,5,77,0,0,0,1.0,1,1.0,1,1.0,1,0.20070690294188734,30
16,0,82,5,77,0,0,0,1.0,1,1.0,1,1.0,1,0.23925380261453258,30
17,1,83,5,78,0,0,0,1.0,1,1.0,1,1.0,1,0.24625929953549427,29
18,1,84,6,78,0,0,0,1.0,1,1.0,1,1.0,1,0.28781597645717333,29
19,2,86,6,80,0,0,0,1.0,1,1.0,1,1.0,1,0.2589222359962676,28
20,1,87,6,81,0,0,0,1.0,1,1.0,1,1.0,1,0.22340185065351073,28
21,0,87,6,81,0,0,0,1.0,1,1.0,1,1.0,1,0.22340185065351073,28
22,6,93,10,83,0,0,0,1.0,1,1.0,1,1.0,1,0.2948980083928561,28
23,6,99,12,87,0,0,0,1.0,1,1.0,1,1.0,1,0.20939495514183556,27
24,1,100,13,87,0,0,0,1.0,1,1.0,1,1.0,1,0.24916519387793007,28
25,5,105,14,91,0,0,0,1.0,1,1.0,1,1.0,1,0.12700676403534786,28
26,3,108,15,93,0,0,0,1.0,1,1.0,1,1.0,1,0.1505276444657932,30
27,1,109,15,94,0,0,0,1.0,1,1.0,1,1.0,1,0.11522217108609288,30
28,1,110,16,94,0,0,0,1.0,1,1.0,1,1.0,1,0.1524864200237201,31
29,3,113,17,96,0,0,0,1.0,1,1.0,1,1.0,1,0.0696802565178617,30
30,0,113,17,96,0,0,0,1.0,1,1.0,1,1.0,1,0.0696802565178617,30
31,1,114,18,96,0,0,0,1.0,1,1.0,1,1.0,1,0.12440127902420439,31
32,1,115,19,96,0,0,0,1.0,1,1.0,1,1.0,1,0.16826403775936596,31
33,2,117,20,97,0,0,0,1.0,1,1.0,1,1.0,1,0.21970457918803782,31
34,1,118,21,97,0,0,0,1.0,1,1.0,1,1.0,1,0.22705033131505567,29
35,1,119,22,97,0,0,0,1.0,1,1.0,1,1.0,1,0.2554909124114245,30
36,2,121,22,99,0,0,0,1.0,1,1.0,1,1.0,1,0.1801187674751303,30
37,1,122,22,100,0,0,0,1.0,1,1.0,1,1.0,1,0.18731304564669612,31
38,2,124,22,102,0,0,0,1.0,1,1.0,1,1.0,1,0.1281706339786838,32
39,1,125,22,103,0,0,0,1.0,1,1.0,1,1.0,1,0.12315361975603074,36
40,0,125,22,103,0,0,0,1.0,1,1.0,1,1.0,1,0.132619197994901,37
41,2,127,22,105,0,0,0,1.0,1,1.0,1,1.0,1,0.08137047507122552,37
42,1,128,22,106,0,0,0,1.0,1,1.0,1,1.0,1,0.07931157337870552,38
43,4,132,24,108,0,0,0,1.0,1,1.0,1,1.0,1,0.11036985579407227,40
44,1,133,24,109,0,0,0,1.0,1,1.0,1,1.0,1,0.12182650327672818,39
45,1,134,25,109,0,0,0,1.0,1,1.0,1,1.0,1,0.18456662283379652,40
46,0,134,25,109,0,0,0,1.0,1,1.0,1,1.0,1,0.1625241089182118,39
47,2,136,26,110,0,0,0,1.0,1,1.0,1,1.0,1,0.16244315695940062,39
48,0,136,26,110,0,0,0,1.0,1,1.0,1,1.0,1,0.16244315695940062,39
49,1,137,26,111,0,0,0,1.0,1,1.0,1,1.0,1,0.15900362701613316,37
50,1,138,27,111,0,0,0,1.0,1,1.0,1,1.0,1,0.19155660157946794,35
51,1,139,28,111,0,0,0,1.0,1,1.0,1,1.0,1,0.19310238729058993,34
52,2,141,28,113,0,0,0,1.0,1,1.0,1,1.0,1,0.24310694528179064,34
53,4,145,28,117,0,0,0,1.0,1,1.0,1,1.0,1,0.16940251527485994,35
54,0,145,28,117,0,0,0,1.0,1,1.0,1,1.0,1,0.18904655409598797,36
55,3,148,30,118,0,0,0,1.0,1,1.0,1,1.0,1,0.18829057018471565,36
56,3,151,30,121,0,0,0,1.0,1,1.0,1,1.0,1,0.19045031947033014,36
57,4,155,30,125,0,0,0,1.0,1,1.0,1,1.0,1,0.16122994113425032,37
58,6,161,32,129,0,0,0,1.0,1,1.0,1,1.0,1,0.1312400423798225,38
59,1,162,33,129,0,0,0,1.0,1,1.0,1,1.0,1,0.1773401657016597,37
60,3,165,34,131,0,0,0,1.0,1,1.0,1,1.0,1,0.11001896546009247,38
61,0,165,34,131,0,0,0,1.0,1,1.0,1,1.0,1,0.14777906743488345,37
62,3,168,34,134,0,0,0,1.0,1,1.0,1,1.0,1,0.11412334330176178,39
63,1,169,35,134,0,0,0,1.0,1,1.0,1,1.0,1,0.13411048337451312,39
64,1,170,36,134,0,0,0,1.0,1,1.0,1,1.0,1,0.15330510912688292,38
65,4,174,38,136,0,0,0,1.0,1,1.0,1,1.0,1,0.19857366937149912,39
66,1,175,39,136,0,0,0,1.0,1,1.0,1,1.0,1,0.2484155826687259,39
67,1,176,39,137,0,0,0,1.0,1,1.0,1,1.0,1,0.21298152819385371,36
68,3,179,40,139,0,0,0,1.0,1,1.0,1,1.0,1,0.21999037506818742,36
69,4,183,40,143,0,0,0,1.0,1,1.0,1,1.0,1,0.14062875636152447,37
70,1,184,40,144,0,0,0,1.0,1,1.0,1,1.0,1,0.1351233508401983,36
71,2,186,40,146,0,0,0,1.0,1,1.0,1,1.0,1,0.13966384106581964,38
72,4,190,40,150,0,0,0,1.0,1,1.0,1,1.0,1,0.1209882907356802,38
73,0,190,40,150,0,0,0,1.0,1,1.0,1,1.0,1,0.12910616830975544,37
74,2,192,41,151,0,0,0,1.0,1,1.0,1,1.0,1,0.14751473220846484,38
75,1,193,41,152,0,0,0,1.0,1,1.0,1,1.0,1,0.1200767107254775,38
76,1,194,42,152,0,0,0,1.0,1,1.0,1,1.0,1,0.17075520177107448,39
77,2,196,42,154,0,0,0,1.0,1,1.0,1,1.0,1,0.13307211812569625,40
78,1,197,42,155,0,0,0,1.0,1,1.0,1,1.0,1,0.10524570835047875,41
79,0,197,42,155,0,0,0,1.0,1,1.0,1,1.0,1,0.10524570835047875,41
80,0,197,42,155,0,0,0,1.0,1,1.0,1,1.0,1,0.10524570835047875,41
81,4,201,43,158,0,0,0,1.0,1,1.0,1,1.0,1,0.11581375344532692,41
82,1,202,43,159,0,0,0,1.0,1,1.0,1,1.0,1,0.12981064795659966,44
83,0,202,43,159,0,0,0,1.0,1,1.0,1,1.0,1,0.12981064795659966,44
84,1,203,43,160,0,0,0,1.0,1,1.0,1,1.0,1,0.09339316028478077,45
85,0,203,43,160,0,0,0,1.0,1,1.0,1,1.0,1,0.09339316028478077,45
86,0,203,43,160,0,0,0,1.0,1,1.0,1,1.0,1,0.09339316028478077,45
87,1,204,44,160,0,0,0,1.0,1,1.0,1,1.0,1,0.1286840970378627,44
88,1,205,44,161,0,0,0,1.0,1,1.0,1,1.0,1,0.11919253345888713,44
89,1,206,44,162,0,0,0,1.0,1,1.0,1,1.0,1,0.15068109351532177,43
90,0,206,44,162,0,0,0,1.0,1,1.0,1,1.0,1,0.20037013896589698,44
91,0,206,44,162,0,0,0,1.0,1,1.0,1,1.0,1,0.20037013896589698,44
92,0,206,44,162,0,0,0,1.0,1,1.0,1,1.0,1,0.18533901100343067,43
93,2,208,44,164,0,0,0,1.0,1,1.0,1,1.0,1,0.16545664912084387,44
94,1,209,45,164,0,0,0,1.0,1,1.0,1,1.0,1,0.18559337953808805,44
95,1,210,45,165,0,0,0,1.0,1,1.0,1,1.0,1,0.19670841198198658,43
96,2,212,45,167,0,0,0,1.0,1,1.0,1,1.0,1,0.19241215349819793,44
97,2,214,45,169,0,0,0,1.0,1,1.0,1,1.0,1,0.1669207449370938,44
98,0,214,45,169,0,0,0,1.0,1,1.0,1,1.0,1,0.18367073721114566,43
99,0,214,45,169,0,0,0,1.0,1,1.0,1,1.0,1,0.18367073721114566,43
100,4,218,45,173,0,0,0,1.0,1,1.0,1,1.0,1,0.1338230211150493,47
101,2,220,45,175,0,0,0,1.0,1,1.0,1,1.0,1,0.12236073397898431,47
102,1,221,46,175,0,0,0,1.0,1,1.0,1,1.0,1,0.13298838946673336,47
103,1,222,47,175,0,0,0,1.0,1,1.0,1,1.0,1,0.1509656547940709,46
104,4,226,51,175,0,0,0,1.0,1,1.0,1,1.0,1,0.21571749770136553,45
105,8,234,53,181,0,0,0,1.0,1,1.0,1,1.0,1,0.15099951352759108,44
106,4,238,55,183,0,0,0,1.0,1,1.0,1,1.0,1,0.19232486066564178,45
107,9,247,57,190,0,0,0,1.0,1,1.0,1,1.0,1,0.20141405844585944,44
108,4,251,57,194,0,0,0,1.0,1,1.0,1,1.0,1,0.1832395512789174,46
109,8,259,59,200,0,0,0,1.0,1,1.0,1,1.0,1,0.13098572108341588,46
110,1,260,60,200,0,0,0,1.0,1,1.0,1,1.0,1,0.12509618862983643,46
111,2,262,60,202,0,0,0,1.0,1,1.0,1,1.0,1,0.10011200031186294,46
112,0,262,60,202,0,0,0,1.0,1,1.0,1,1.0,1,0.10011200031186294,46
113,2,264,60,204,0,0,0,1.0,1,1.0,1,1.0,1,0.07274173432394054,46
114,0,264,60,204,0,0,0,1.0,1,1.0,1,1.0,1,0.07274173432394054,46
115,1,265,61,204,0,0,0,1.0,1,1.0,1,1.0,1,0.07271587839957419,47
116,3,268,63,205,0,0,0,1.0,1,1.0,1,1.0,1,0.0993962643030682,47
117,2,270,64,206,0,0,0,1.0,1,1.0,1,1.0,1,0.07765962396026803,45
118,0,270,64,206,0,0,0,1.0,1,1.0,1,1.0,1,0.0742914081826472,46
119,0,270,64,206,0,0,0,1.0,1,1.0,1,1.0,1,0.09856848858331556,46
120,0,270,64,206,0,0,0,1.0,1,1.0,1,1.0,1,0.10890387380253319,47
121,1,271,65,206,0,0,0,1.0,1,1.0,1,1.0,1,0.12776873598131588,46
122,0,271,65,206,0,0,0,1.0,1,1.0,1,1.0,1,0.12776873598131588,46
123,0,271,65,206,0,0,0,1.0,1,1.0,1,1.0,1,0.15043272987174724,45
124,0,271,65,206,0,0,0,1.0,1,1.0,1,1.0,1,0.14314120827017981,46
125,4,275,66,209,0,0,0,1.0,1,1.0,1,1.0,1,0.13900917122520828,44
126,5,280,67,213,0,0,0,1.0,1,1.0,1,1.0,1,0.11299429264423008,45
127,0,280,67,213,0,0,0,1.0,1,1.0,1,1.0,1,0.10611719128961287,45
128,0,280,67,213,0,0,0,1.0,1,1.0,1,1.0,1,0.10755401410569418,46
129,4,284,68,216,0,0,0,1.0,1,1.0,1,1.0,1,0.044977552912129896,48
130,1,285,68,217,0,0,0,1.0,1,1.0,1,1.0,1,0.07427455319013745,48
131,2,287,68,219,0,0,0,1.0,1,1.0,1,1.0,1,0.05391356552059442,49
132,8,295,70,225,0,0,0,1.0,1,1.0,1,1.0,1,0.11496204409889563,51
133,3,298,71,227,0,0,0,1.0,1,1.0,1,1.0,1,0.10181622932783493,49
134,4,302,74,228,0,0,0,1.0,1,1.0,1,1.0,1,0.12748843166862514,49
135,3,305,75,230,0,0,0,1.0,1,1.0,1,1.0,1,0.14819069719951614,49
136,4,309,79,230,0,0,0,1.0,1,1.0,1,1.0,1,0.1753411334482453,48
137,9,318,79,239,0,0,0,1.0,1,1.0,1,1.0,1,0.09598072731268419,47
138,6,324,80,244,0,0,0,1.0,1,1.0,1,1.0,1,0.12645833029484616,48
139,3,327,80,247,0,0,0,1.0,1,1.0,1,1.0,1,0.11072425913729168,48
140,3,330,82,248,0,0,0,1.0,1,1.0,1,1.0,1,0.13387476826362746,49
141,4,334,84,250,0,0,0,1.0,1,1.0,1,1.0,1,0.10775027921298617,49
142,2,336,85,251,0,0,0,1.0,1,1.0,1,1.0,1,0.11757436459548545,49
143,3,339,87,252,0,0,0,1.0,1,1.0,1,1.0,1,0.14364425451867244,47
144,2,341,89,252,0,0,0,1.0,1,1.0,1,1.0,1,0.1584503686908974,46
145,1,342,90,252,0,0,0,1.0,1,1.0,1,1.0,1,0.17685894576934927,44
146,2,344,91,253,0,0,0,1.0,1,1.0,1,1.0,1,0.19713678164515322,44
147,0,344,91,253,0,0,0,1.0,1,1.0,1,1.0,1,0.18354859094208748,43
148,2,346,91,255,0,0,0,1.0,1,1.0,1,1.0,1,0.10970118797128395,43
149,0,346,91,255,0,0,0,1.0,1,1.0,1,1.0,1,0.10889296515825497,43
150,0,346,91,255,0,0,0,1.0,1,1.0,1,1.0,1,0.12718761742883156,42
151,2,348,92,256,0,0,0,1.0,1,1.0,1,1.0,1,0.12928725799113674,42
152,0,348,92,256,0,0,0,1.0,1,1.0,1,1.0,1,0.12928725799113674,42
153,0,348,92,256,0,0,0,1.0,1,1.0,1,1.0,1,0.12171652232921853,42
154,4,352,94,258,0,0,0,1.0,1,1.0,1,1.0,1,0.15580141444729356,43
155,1,353,94,259,0,0,0,1.0,1,1.0,1,1.0,1,0.12568481436109175,43
156,3,356,96,260,0,0,0,1.0,1,1.0,1,1.0,1,0.10306235779117741,42
157,3,359,96,263,0,0,0,1.0,1,1.0,1,1.0,1,0.08623913431759773,41
158,2,361,97,264,0,0,0,1.0,1,1.0,1,1.0,1,0.09328773789981257,42
159,2,363,97,266,0,0,0,1.0,1,1.0,1,1.0,1,0.08420969553556071,43
160,3,366,99,267,0,0,0,1.0,1,1.0,1,1.0,1,0.15612968161204255,44
161,2,368,100,268,0,0,0,1.0,1,1.0,1,1.0,1,0.1943049033206263,44
162,3,371,103,268,0,0,0,1.0,1,1.0,1,1.0,1,0.22958991688837432,45
163,5,376,105,271,0,0,0,1.0,1,1.0,1,1.0,1,0.2020607717032304,43
164,3,379,107,272,0,0,0,1.0,1,1.0,1,1.0,1,0.19012845165791764,42
165,3,382,108,274,0,0,0,1.0,1,1.0,1,1.0,1,0.11950326516893589,42
166,1,383,108,275,0,0,0,1.0,1,1.0,1,1.0,1,0.10739749653797355,42
167,4,387,109,278,0,0,0,1.0,1,1.0,1,1.0,1,0.11707116935463431,41
168,2,389,110,279,0,0,0,1.0,1,1.0,1,1.0,1,0.07506800550357061,40
169,1,390,110,280,0,0,0,1.0,1,1.0,1,1.0,1,0.07687899273831118,40
170,0,390,110,280,0,0,0,1.0,1,1.0,1,1.0,1,0.11849833929425038,38
171,0,390,110,280,0,0,0,1.0,1,1.0,1,1.0,1,0.11625257678722019,37
172,5,395,114,281,0,0,0,1.0,1,1.0,1,1.0,1,0.16209805801128513,35
173,7,402,116,286,0,0,0,1.0,1,1.0,1,1.0,1,0.11258786830828206,36
174,0,402,116,286,0,0,0,1.0,1,1.0,1,1.0,1,0.1394956011938068,34
175,0,402,116,286,0,0,0,1.0,1,1.0,1,1.0,1,0.19899827398392642,33
176,0,402,116,286,0,0,0,1.0,1,1.0,1,1.0,1,0.16210509813117727,34
177,3,405,116,289,0,0,0,1.0,1,1.0,1,1.0,1,0.15421632549073142,36
178,3,408,117,291,0,0,0,1.0,1,1.0,1,1.0,1,0.14073700912548098,37
179,3,411,117,294,0,0,0,1.0,1,1.0,1,1.0,1,0.1275657918291911,37
180,2,413,117,296,0,0,0,1.0,1,1.0,1,1.0,1,0.1853136489785897,36
181,3,416,117,299,0,0,0,1.0,1,1.0,1,1.0,1,0.13899668329160386,36
182,3,419,119,300,0,0,0,1.0,1,1.0,1,1.0,1,0.13617167604403743,38
183,0,419,119,300,0,0,0,1.0,1,1.0,1,1.0,1,0.13410278535370984,37
184,2,421,121,300,0,0,0,1.0,1,1.0,1,1.0,1,0.17230202034625136,36
185,3,424,122,302,0,0,0,1.0,1,1.0,1,1.0,1,0.1382383455769149,35
186,2,426,123,303,0,0,0,1.0,1,1.0,1,1.0,1,0.1601762863379211,34
187,4,430,127,303,0,0,0,1.0,1,1.0,1,1.0,1,0.19915623084796313,33
188,1,431,127,304,0,0,0,1.0,1,1.0,1,1.0,1,0.17111281242330106,33
189,4,435,131,304,0,0,0,1.0,1,1.0,1,1.0,1,0.24575280430529384,33
190,1,436,131,305,0,0,0,1.0,1,1.0,1,1.0,1,0.22113841012918178,32
191,1,437,132,305,0,0,0,1.0,1,1.0,1,1.0,1,0.22449746009284827,34
192,0,437,132,305,0,0,0,1.0,1,1.0,1,1.0,1,0.22449746009284827,34
193,2,439,132,307,0,0,0,1.0,1,1.0,1,1.0,1,0.18101147546198074,35
194,2,441,132,309,0,0,0,1.0,1,1.0,1,1.0,1,0.16889868237522482,37
195,1,442,132,310,0,0,0,1.0,1,1.0,1,1.0,1,0.148175574406261,36
196,0,442,132,310,0,0,0,1.0,1,1.0,1,1.0,1,0.148175574406261,36
197,0,442,132,310,0,0,0,1.0,1,1.0,1,1.0,1,0.1571430162008362,37
198,0,442,132,310,0,0,0,1.0,1,1.0,1,1.0,1,0.1571430162008362,37
199,0,442,132,310,0,0,0,1.0,1,1.0,1,1.0,1,0.1571430162008362,37
200,0,442,132,310,0,0,0,1.0,1,1.0,1,1.0,1,0.1571430162008362,37
201,0,442,132,310,0,0,0,1.0,1,1.0,1,1.0,1,0.13932647568836862,36
202,1,443,133,310,0,0,0,1.0,1,1.0,1,1.0,1,0.11286190222477173,36
203,2,445,135,310,0,0,0,1.0,1,1.0,1,1.0,1,0.07218983285636867,35
204,2,447,137,310,0,0,0,1.0,1,1.0,1,1.0,1,0.18393337176825042,35
205,6,453,139,314,0,0,0,1.0,1,1.0,1,1.0,1,0.13805229941921052,35
206,7,460,142,318,0,0,0,1.0,1,1.0,1,1.0,1,0.13920785139149913,34
207,2,462,143,319,0,0,0,1.0,1,1.0,1,1.0,1,0.1826412676580138,34
208,4,466,144,322,0,0,0,1.0,1,1.0,1,1.0,1,0.21520259484622384,33
209,2,468,144,324,0,0,0,1.0,1,1.0,1,1.0,1,0.18967654359338454,33
210,3,471,146,325,0,0,0,1.0,1,1.0,1,1.0,1,0.21521552264957136,34
211,2,473,147,326,0,0,0,1.0,1,1.0,1,1.0,1,0.25020832774268625,33
212,1,474,147,327,0,0,0,1.0,1,1.0,1,1.0,1,0.1894215869509133,33
213,4,478,148,330,0,0,0,1.0,1,1.0,1,1.0,1,0.1904977773764162,35
214,4,482,148,334,0,0,0,1.0,1,1.0,1,1.0,1,0.19048963612103986,34
215,4,486,148,338,0,0,0,1.0,1,1.0,1,1.0,1,0.19074748926780236,35
216,3,489,149,340,0,0,0,1.0,1,1.0,1,1.0,1,0.12385540008532869,36
217,1,490,150,340,0,0,0,1.0,1,1.0,1,1.0,1,0.16303599638817995,36
218,3,493,152,341,0,0,0,1.0,1,1.0,1,1.0,1,0.1981463964012565,36
219,0,493,152,341,0,0,0,1.0,1,1.0,1,1.0,1,0.1747945343676976,37
220,2,495,152,343,0,0,0,1.0,1,1.0,1,1.0,1,0.14078102857497743,38
221,1,496,153,343,0,0,0,1.0,1,1.0,1,1.0,1,0.1337547132521265,37
222,1,497,154,343,0,0,0,1.0,1,1.0,1,1.0,1,0.149701902142015,38
223,3,500,156,344,0,0,0,1.0,1,1.0,1,1.0,1,0.18843898951649896,38
224,8,508,159,349,0,0,0,1.0,1,1.0,1,1.0,1,0.13891035777556812,38
225,4,512,161,351,0,0,0,1.0,1,1.0,1,1.0,1,0.13995126129619423,36
226,2,514,161,353,0,0,0,1.0,1,1.0,1,1.0,1,0.11450599308614659,37
227,3,517,162,355,0,0,0,1.0,1,1.0,1,1.0,1,0.12079353181881577,35
228,1,518,163,355,0,0,0,1.0,1,1.0,1,1.0,1,0.1289828610079907,35
229,2,520,164,356,0,0,0,1.0,1,1.0,1,1.0,1,0.12362611819849176,35
230,3,523,167,356,0,0,0,1.0,1,1.0,1,1.0,1,0.15938793315572147,35
231,1,524,168,356,0,0,0,1.0,1,1.0,1,1.0,1,0.14639747967858005,35
232,4,528,171,357,0,0,0,1.0,1,1.0,1,1.0,1,0.1847727848331833,36
233,2,530,171,359,0,0,0,1.0,1,1.0,1,1.0,1,0.1083025884968618,36
234,1,531,171,360,0,0,0,1.0,1,1.0,1,1.0,1,0.14730380947344549,34
235,4,535,175,360,0,0,0,1.0,1,1.0,1,1.0,1,0.22480299176335358,33
236,0,535,175,360,0,0,0,1.0,1,1.0,1,1.0,1,0.2261925205277314,31
237,2,537,175,362,0,0,0,1.0,1,1.0,1,1.0,1,0.18984377529573268,32
238,1,538,175,363,0,0,0,1.0,1,1.0,1,1.0,1,0.168225123896298,31
239,2,540,177,363,0,0,0,1.0,1,1.0,1,1.0,1,0.24609249883017487,30
240,2,542,178,364,0,0,0,1.0,1,1.0,1,1.0,1,0.19973413854246572,27
241,0,542,178,364,0,0,0,1.0,1,1.0,1,1.0,1,0.19973413854246572,27
242,1,543,178,365,0,0,0,1.0,1,1.0,1,1.0,1,0.13342156373798872,28
243,2,545,180,365,0,0,0,1.0,1,1.0,1,1.0,1,0.1501825608033142,28
244,1,546,181,365,0,0,0,1.0,1,1.0,1,1.0,1,0.14792350811714175,27
245,0,546,181,365,0,0,0,1.0,1,1.0,1,1.0,1,0.14792350811714175,27
246,3,549,183,366,0,0,0,1.0,1,1.0,1,1.0,1,0.18097151319828172,25
247,0,549,183,366,0,0,0,1.0,1,1.0,1,1.0,1,0.16393952634365974,24
248,0,549,183,366,0,0,0,1.0,1,1.0,1,1.0,1,0.16392810574137692,24
249,0,549,183,366,0,0,0,1.0,1,1.0,1,1.0,1,0.17578811626743965,25
250,0,549,183,366,0,0,0,1.0,1,1.0,1,1.0,1,0.2089691522849745,27
251,4,553,184,369,0,0,0,1.0,1,1.0,1,1.0,1,0.15223456832307117,27
252,1,554,184,370,0,0,0,1.0,1,1.0,1,1.0,1,0.16700257015174577,27
253,0,554,184,370,0,0,0,1.0,1,1.0,1,1.0,1,0.20027496893365018,29
254,4,558,187,371,0,0,0,1.0,1,1.0,1,1.0,1,0.2034174096993151,30
255,1,559,187,372,0,0,0,1.0,1,1.0,1,1.0,1,0.20047851074909576,31
256,1,560,188,372,0,0,0,1.0,1,1.0,1,1.0,1,0.20903385712334044,31
257,4,564,189,375,0,0,0,1.0,1,1.0,1,1.0,1,0.13647561136173927,33
258,2,566,191,375,0,0,0,1.0,1,1.0,1,1.0,1,0.1290312479077571,33
259,0,566,191,375,0,0,0,1.0,1,1.0,1,1.0,1,0.1290312479077571,33
260,3,569,193,376,0,0,0,1.0,1,1.0,1,1.0,1,0.18505137789387216,35
261,4,573,195,378,0,0,0,1.0,1,1.0,1,1.0,1,0.1726356499920496,35
262,3,576,197,379,0,0,0,1.0,1,1.0,1,1.0,1,0.23252157118469285,35
263,1,577,197,380,0,0,0,1.0,1,1.0,1,1.0,1,0.21371826718980336,34
264,2,579,199,380,0,0,0,1.0,1,1.0,1,1.0,1,0.30961231738059897,32
265,1,580,200,380,0,0,0,1.0,1,1.0,1,1.0,1,0.2707452771318229,30
266,3,583,202,381,0,0,0,1.0,1,1.0,1,1.0,1,0.2419090934628966,31
267,2,585,203,382,0,0,0,1.0,1,1.0,1,1.0,1,0.19290921028882907,30
268,2,587,203,384,0,0,0,1.0,1,1.0,1,1.0,1,0.17384588575997675,31
269,1,588,203,385,0,0,0,1.0,1,1.0,1,1.0,1,0.10942619160656958,31
270,3,591,205,386,0,0,0,1.0,1,1.0,1,1.0,1,0.20195906785754905,32
271,1,592,206,386,0,0,0,1.0,1,1.0,1,1.0,1,0.23322141717451836,31
272,1,593,207,386,0,0,0,1.0,1,1.0,1,1.0,1,0.301879645805554,32
273,4,597,207,390,0,0,0,1.0,1,1.0,1,1.0,1,0.21263408856845692,32
274,2,599,208,391,0,0,0,1.0,1,1.0,1,1.0,1,0.21553577703201587,32
275,1,600,208,392,0,0,0,1.0,1,1.0,1,1.0,1,0.18446834107811816,33
276,2,602,208,394,0,0,0,1.0,1,1.0,1,1.0,1,0.20513064538464246,34
277,3,605,209,396,0,0,0,1.0,1,1.0,1,1.0,1,0.15168711450031208,32
278,1,606,209,397,0,0,0,1.0,1,1.0,1,1.0,1,0.1543876383089238,31
279,1,607,209,398,0,0,0,1.0,1,1.0,1,1.0,1,0.14936844021576012,31
280,3,610,211,399,0,0,0,1.0,1,1.0,1,1.0,1,0.18781271557692408,30
281,2,612,211,401,0,0,0,1.0,1,1.0,1,1.0,1,0.12018200076682764,31
282,2,614,212,402,0,0,0,1.0,1,1.0,1,1.0,1,0.19877835584128103,30
283,0,614,212,402,0,0,0,1.0,1,1.0,1,1.0,1,0.1977503832885911,31
284,1,615,212,403,0,0,0,1.0,1,1.0,1,1.0,1,0.1456547572119697,31
285,0,615,212,403,0,0,0,1.0,1,1.0,1,1.0,1,0.1456547572119697,31
286,0,615,212,403,0,0,0,1.0,1,1.0,1,1.0,1,0.1456547572119697,31
287,4,619,215,404,0,0,0,1.0,1,1.0,1,1.0,1,0.20599934527726604,33
288,1,620,215,405,0,0,0,1.0,1,1.0,1,1.0,1,0.17620240902942702,32
289,2,622,215,407,0,0,0,1.0,1,1.0,1,1.0,1,0.17811681184351028,32
290,0,622,215,407,0,0,0,1.0,1,1.0,1,1.0,1,0.18481473074485524,31
291,0,622,215,407,0,0,0,1.0,1,1.0,1,1.0,1,0.17475563022439677,30
292,1,623,216,407,0,0,0,1.0,1,1.0,1,1.0,1,0.17708834116753908,32
293,1,624,216,408,0,0,0,1.0,1,1.0,1,1.0,1,0.1496428967732209,32
294,1,625,216,409,0,0,0,1.0,1,1.0,1,1.0,1,0.12903295525537015,32
295,1,626,216,410,0,0,0,1.0,1,1.0,1,1.0,1,0.1042528777916187,34
296,0,626,216,410,0,0,0,1.0,1,1.0,1,1.0,1,0.1042528777916187,34
297,1,627,217,410,0,0,0,1.0,1,1.0,1,1.0,1,0.12713701626311952,34
298,0,627,217,410,0,0,0,1.0,1,1.0,1,1.0,1,0.14565496802873565,35
299,0,627,217,410,0,0,0,1.0,1,1.0,1,1.0,1,0.17899145279644665,35
300,1,628,218,410,0,0,0,1.0,1,1.0,1,1.0,1,0.18641577910521465,35
301,2,630,219,411,0,0,0,1.0,1,1.0,1,1.0,1,0.18224084594062814,38
302,2,632,221,411,0,0,0,1.0,1,1.0,1,1.0,1,0.21813618856185568,38
303,3,635,224,411,0,0,0,1.0,1,1.0,1,1.0,1,0.22574407198437943,37
304,5,640,225,415,0,0,0,1.0,1,1.0,1,1.0,1,0.20880818422061892,37
305,7,647,227,420,0,0,0,1.0,1,1.0,1,1.0,1,0.2262806727768479,36
306,6,653,229,424,0,0,0,1.0,1,1.0,1,1.0,1,0.22817924557918326,36
307,2,655,229,426,0,0,0,1.0,1,1.0,1,1.0,1,0.21695747217820033,35
308,3,658,229,429,0,0,0,1.0,1,1.0,1,1.0,1,0.1712387531276729,37
309,2,660,229,431,0,0,0,1.0,1,1.0,1,1.0,1,0.13047221648980364,37
310,0,660,229,431,0,0,0,1.0,1,1.0,1,1.0,1,0.13047221648980364,37
311,1,661,229,432,0,0,0,1.0,1,1.0,1,1.0,1,0.1340415765089289,39
312,2,663,230,433,0,0,0,1.0,1,1.0,1,1.0,1,0.136642476294714,40
313,1,664,230,434,0,0,0,1.0,1,1.0,1,1.0,1,0.09379734055437916,39
314,1,665,231,434,0,0,0,1.0,1,1.0,1,1.0,1,0.12544702156779144,40
315,0,665,231,434,0,0,0,1.0,1,1.0,1,1.0,1,0.12811412552522786,39
316,0,665,231,434,0,0,0,1.0,1,1.0,1,1.0,1,0.12811412552522786,39
317,2,667,231,436,0,0,0,1.0,1,1.0,1,1.0,1,0.12653301328323144,40
318,0,667,231,436,0,0,0,1.0,1,1.0,1,1.0,1,0.14917055708483715,41
319,1,668,231,437,0,0,0,1.0,1,1.0,1,1.0,1,0.1448602824707637,41
320,0,668,231,437,0,0,0,1.0,1,1.0,1,1.0,1,0.14493689638326548,41
321,0,668,231,437,0,0,0,1.0,1,1.0,1,1.0,1,0.14493689638326548,41
322,2,670,232,438,0,0,0,1.0,1,1.0,1,1.0,1,0.10483112831205184,41
323,0,670,232,438,0,0,0,1.0,1,1.0,1,1.0,1,0.10483112831205184,41
324,5,675,234,441,0,0,0,1.0,1,1.0,1,1.0,1,0.10288002581306127,42
325,2,677,235,442,0,0,0,1.0,1,1.0,1,1.0,1,0.09587081494930096,42
326,1,678,236,442,0,0,0,1.0,1,1.0,1,1.0,1,0.1466351258291516,42
327,1,679,236,443,0,0,0,1.0,1,1.0,1,1.0,1,0.11949845757656075,42
328,0,679,236,443,0,0,0,1.0,1,1.0,1,1.0,1,0.12296365685962146,43
329,3,682,236,446,0,0,0,1.0,1,1.0,1,1.0,1,0.08022956632151282,43
330,1,683,237,446,0,0,0,1.0,1,1.0,1,1.0,1,0.09477503874306946,45
331,2,685,238,447,0,0,0,1.0,1,1.0,1,1.0,1,0.11121364744893872,45
332,1,686,239,447,0,0,0,1.0,1,1.0,1,1.0,1,0.13343079751382989,45
333,3,689,239,450,0,0,0,1.0,1,1.0,1,1.0,1,0.10061088118329639,46
334,1,690,239,451,0,0,0,1.0,1,1.0,1,1.0,1,0.09097082777458301,48
335,1,691,239,452,0,0,0,1.0,1,1.0,1,1.0,1,0.08588143358105095,48
336,0,691,239,452,0,0,0,1.0,1,1.0,1,1.0,1,0.08588143358105095,48
337,1,692,239,453,0,0,0,1.0,1,1.0,1,1.0,1,0.06882482237295307,49
338,1,693,240,453,0,0,0,1.0,1,1.0,1,1.0,1,0.07164346425783139,50
339,0,693,240,453,0,0,0,1.0,1,1.0,1,1.0,1,0.07164346425783139,50
340,0,693,240,453,0,0,0,1.0,1,1.0,1,1.0,1,0.07164346425783139,50
341,1,694,240,454,0,0,0,1.0,1,1.0,1,1.0,1,0.06255504585458263,51
342,2,696,241,455,0,0,0,1.0,1,1.0,1,1.0,1,0.08323726621115747,51
343,0,696,241,455,0,0,0,1.0,1,1.0,1,1.0,1,0.08388783666458696,51
344,0,696,241,455,0,0,0,1.0,1,1.0,1,1.0,1,0.1053548543458478,50
345,4,700,242,458,0,0,0,1.0,1,1.0,1,1.0,1,0.09338308186341948,51
346,1,701,242,459,0,0,0,1.0,1,1.0,1,1.0,1,0.08940401121034564,51
347,2,703,244,459,0,0,0,1.0,1,1.0,1,1.0,1,0.0919319113432423,51
348,3,706,245,461,0,0,0,1.0,1,1.0,1,1.0,1,0.12186719880440287,53
349,6,712,248,464,0,0,0,1.0,1,1.0,1,1.0,1,0.09383593424828184,55
350,5,717,250,467,0,0,0,1.0,1,1.0,1,1.0,1,0.07833963015974037,54
351,1,718,251,467,0,0,0,1.0,1,1.0,1,1.0,1,0.10514943489704916,54
352,3,721,254,467,0,0,0,1.0,1,1.0,1,1.0,1,0.17008562068268904,53
353,5,726,255,471,0,0,0,1.0,1,1.0,1,1.0,1,0.09485987242694625,53
354,0,726,255,471,0,0,0,1.0,1,1.0,1,1.0,1,0.10402371926116716,50
355,1,727,255,472,0,0,0,1.0,1,1.0,1,1.0,1,0.13289894252229734,51
356,1,728,256,472,0,0,0,1.0,1,1.0,1,1.0,1,0.1464138027436144,51
357,3,731,257,474,0,0,0,1.0,1,1.0,1,1.0,1,0.15261348403957,50
358,1,732,258,474,0,0,0,1.0,1,1.0,1,1.0,1,0.17832092125339877,48
359,3,735,259,476,0,0,0,1.0,1,1.0,1,1.0,1,0.18910270003563928,47
360,0,735,259,476,0,0,0,1.0,1,1.0,1,1.0,1,0.18272878151713576,45
361,4,739,260,479,0,0,0,1.0,1,1.0,1,1.0,1,0.1668328343129296,44
362,1,740,260,480,0,0,0,1.0,1,1.0,1,1.0,1,0.16985356329195356,44
363,2,742,262,480,0,0,0,1.0,1,1.0,1,1.0,1,0.2053292212883086,44
364,1,743,262,481,0,0,0,1.0,1,1.0,1,1.0,1,0.2043366639016549,43
365,3,746,263,483,0,0,0,1.0,1,1.0,1,1.0,1,0.1876126552457861,43
366,2,748,264,484,0,0,0,1.0,1,1.0,1,1.0,1,0.17617922535656075,45
367,2,750,265,485,0,0,0,1.0,1,1.0,1,1.0,1,0.2070244695027582,44
368,1,751,265,486,0,0,0,1.0,1,1.0,1,1.0,1,0.1688549737666573,46
369,3,754,265,489,0,0,0,1.0,1,1.0,1,1.0,1,0.11943591191929218,45
370,1,755,266,489,0,0,0,1.0,1,1.0,1,1.0,1,0.15068315955704634,46
371,2,757,266,491,0,0,0,1.0,1,1.0,1,1.0,1,0.13633157447424196,47
372,2,759,266,493,0,0,0,1.0,1,1.0,1,1.0,1,0.10866374126759158,48
373,2,761,267,494,0,0,0,1.0,1,1.0,1,1.0,1,0.12274779388267267,48
374,2,763,267,496,0,0,0,1.0,1,1.0,1,1.0,1,0.11390684939421204,49
375,0,763,267,496,0,0,0,1.0,1,1.0,1,1.0,1,0.11390684939421204,49
376,2,765,269,496,0,0,0,1.0,1,1.0,1,1.0,1,0.11191475639955632,49
377,3,768,270,498,0,0,0,1.0,1,1.0,1,1.0,1,0.10685904759571634,49
378,1,769,271,498,0,0,0,1.0,1,1.0,1,1.0,1,0.12197547526176945,49
379,0,769,271,498,0,0,0,1.0,1,1.0,1,1.0,1,0.12891289898908764,50
380,2,771,273,498,0,0,0,1.0,1,1.0,1,1.0,1,0.11948334514834835,50
381,4,775,274,501,0,0,0,1.0,1,1.0,1,1.0,1,0.09428768492951961,51
382,0,775,274,501,0,0,0,1.0,1,1.0,1,1.0,1,0.11052214862622856,50
383,1,776,275,501,0,0,0,1.0,1,1.0,1,1.0,1,0.13226509747534115,51
384,2,778,277,501,0,0,0,1.0,1,1.0,1,1.0,1,0.13903062955092574,50
385,3,781,278,503,0,0,0,1.0,1,1.0,1,1.0,1,0.1243165027217728,50
386,1,782,279,503,0,0,0,1.0,1,1.0,1,1.0,1,0.11960770487341725,48
387,1,783,279,504,0,0,0,1.0,1,1.0,1,1.0,1,0.09527810435211809,47
388,2,785,280,505,0,0,0,1.0,1,1.0,1,1.0,1,0.09909644870492813,48
389,2,787,281,506,0,0,0,1.0,1,1.0,1,1.0,1,0.10786488038158239,47
390,5,792,283,509,0,0,0,1.0,1,1.0,1,1.0,1,0.13216312372010436,49
391,0,792,283,509,0,0,0,1.0,1,1.0,1,1.0,1,0.12560692537810378,46
392,2,794,284,510,0,0,0,1.0,1,1.0,1,1.0,1,0.1377439558820882,46
393,4,798,286,512,0,0,0,1.0,1,1.0,1,1.0,1,0.12697384494127972,44
394,0,798,286,512,0,0,0,1.0,1,1.0,1,1.0,1,0.13469458962940867,43
395,0,798,286,512,0,0,0,1.0,1,1.0,1,1.0,1,0.1433106690194642,42
396,2,800,288,512,0,0,0,1.0,1,1.0,1,1.0,1,0.21967021284860883,39
397,10,810,291,519,0,0,0,1.0,1,1.0,1,1.0,1,0.20537613407867059,39
398,2,812,291,521,0,0,0,1.0,1,1.0,1,1.0,1,0.1874214538123712,36
399,3,815,291,524,0,0,0,1.0,1,1.0,1,1.0,1,0.16378696661970948,36
400,2,817,293,524,0,0,0,1.0,1,1.0,1,1.0,1,0.1546168303500845,34
401,3,820,294,526,0,0,0,1.0,1,1.0,1,1.0,1,0.09437416245698017,33
402,1,821,294,527,0,0,0,1.0,1,1.0,1,1.0,1,0.08298173078564551,34
403,0,821,294,527,0,0,0,1.0,1,1.0,1,1.0,1,0.08472230590697619,36
404,2,823,295,528,0,0,0,1.0,1,1.0,1,1.0,1,0.1008371397382112,36
405,3,826,297,529,0,0,0,1.0,1,1.0,1,1.0,1,0.16958283279534223,37
406,0,826,297,529,0,0,0,1.0,1,1.0,1,1.0,1,0.16958283279534223,37
407,3,829,298,531,0,0,0,1.0,1,1.0,1,1.0,1,0.15956703667193842,39
408,4,833,300,533,0,0,0,1.0,1,1.0,1,1.0,1,0.19898174054052598,40
409,1,834,301,533,0,0,0,1.0,1,1.0,1,1.0,1,0.2530488193659458,41
410,2,836,302,534,0,0,0,1.0,1,1.0,1,1.0,1,0.24496935711643608,42
411,2,838,302,536,0,0,0,1.0,1,1.0,1,1.0,1,0.23561538761304582,43
412,5,843,304,539,0,0,0,1.0,1,1.0,1,1.0,1,0.23013939129816188,44
413,0,843,304,539,0,0,0,1.0,1,1.0,1,1.0,1,0.23013939129816188,44
414,2,845,304,541,0,0,0,1.0,1,1.0,1,1.0,1,0.19055659439713743,45
415,2,847,304,543,0,0,0,1.0,1,1.0,1,1.0,1,0.16231700247200315,45
416,2,849,304,545,0,0,0,1.0,1,1.0,1,1.0,1,0.14619866917677934,46
417,0,849,304,545,0,0,0,1.0,1,1.0,1,1.0,1,0.14619866917677934,46
418,0,849,304,545,0,0,0,1.0,1,1.0,1,1.0,1,0.1407767911214583,47
419,0,849,304,545,0,0,0,1.0,1,1.0,1,1.0,1,0.1407767911214583,47
420,0,849,304,545,0,0,0,1.0,1,1.0,1,1.0,1,0.1407767911214583,47
421,0,849,304,545,0,0,0,1.0,1,1.0,1,1.0,1,0.1407767911214583,47
422,2,851,305,546,0,0,0,1.0,1,1.0,1,1.0,1,0.15771150885362326,49
423,1,852,305,547,0,0,0,1.0,1,1.0,1,1.0,1,0.13665216989033513,47
424,0,852,305,547,0,0,0,1.0,1,1.0,1,1.0,1,0.1375474279229073,45
425,0,852,305,547,0,0,0,1.0,1,1.0,1,1.0,1,0.15613316038143152,46
426,4,856,308,548,0,0,0,1.0,1,1.0,1,1.0,1,0.1964386316290559,46
427,3,859,311,548,0,0,0,1.0,1,1.0,1,1.0,1,0.23476707359200863,45
428,3,862,311,551,0,0,0,1.0,1,1.0,1,1.0,1,0.22103270235773212,45
429,9,871,315,556,0,0,0,1.0,1,1.0,1,1.0,1,0.1600154985751795,42
430,4,875,316,559,0,0,0,1.0,1,1.0,1,1.0,1,0.19308895788318878,40
431,4,879,316,563,0,0,0,1.0,1,1.0,1,1.0,1,0.14873970526946417,39
432,2,881,317,564,0,0,0,1.0,1,1.0,1,1.0,1,0.2055387387607264,37
433,7,888,319,569,0,0,0,1.0,1,1.0,1,1.0,1,0.12269939408009833,35
434,2,890,319,571,0,0,0,1.0,1,1.0,1,1.0,1,0.06306538095025876,33
435,0,890,319,571,0,0,0,1.0,1,1.0,1,1.0,1,0.06306538095025876,33
436,0,890,319,571,0,0,0,1.0,1,1.0,1,1.0,1,0.06306538095025876,33
437,0,890,319,571,0,0,0,1.0,1,1.0,1,1.0,1,0.0952389048629641,33
438,0,890,319,571,0,0,0,1.0,1,1.0,1,1.0,1,0.08149686348124871,32
439,1,891,319,572,0,0,0,1.0,1,1.0,1,1.0,1,0.0997632626800775,34
440,3,894,320,574,0,0,0,1.0,1,1.0,1,1.0,1,0.0890794175903553,34
441,1,895,321,574,0,0,0,1.0,1,1.0,1,1.0,1,0.12575274181906065,35
442,5,900,323,577,0,0,0,1.0,1,1.0,1,1.0,1,0.16920170952515362,37
443,6,906,327,579,0,0,0,1.0,1,1.0,1,1.0,1,0.1992525429550604,37
444,1,907,328,579,0,0,0,1.0,1,1.0,1,1.0,1,0.1671584703821151,38
445,2,909,328,581,0,0,0,1.0,1,1.0,1,1.0,1,0.10266346390120051,39
446,0,909,328,581,0,0,0,1.0,1,1.0,1,1.0,1,0.10266346390120051,39
447,2,911,329,582,0,0,0,1.0,1,1.0,1,1.0,1,0.1504262342467465,41
448,0,911,329,582,0,0,0,1.0,1,1.0,1,1.0,1,0.1504262342467465,41
449,2,913,330,583,0,0,0,1.0,1,1.0,1,1.0,1,0.16528180736785875,40
450,1,914,330,584,0,0,0,1.0,1,1.0,1,1.0,1,0.1857873716077162,40
451,1,915,330,585,0,0,0,1.0,1,1.0,1,1.0,1,0.19247660889538268,41
452,2,917,330,587,0,0,0,1.0,1,1.0,1,1.0,1,0.16121045290440353,41
453,2,919,330,589,0,0,0,1.0,1,1.0,1,1.0,1,0.11127440481161965,40
454,2,921,330,591,0,0,0,1.0,1,1.0,1,1.0,1,0.09719755079913255,41
455,3,924,332,592,0,0,0,1.0,1,1.0,1,1.0,1,0.09822337012497041,41
456,1,925,332,593,0,0,0,1.0,1,1.0,1,1.0,1,0.11327112869494811,43
457,1,926,333,593,0,0,0,1.0,1,1.0,1,1.0,1,0.14711204292944005,43
458,1,927,333,594,0,0,0,1.0,1,1.0,1,1.0,1,0.09977079107346153,43
459,0,927,333,594,0,0,0,1.0,1,1.0,1,1.0,1,0.08965198008692975,44
460,3,930,333,597,0,0,0,1.0,1,1.0,1,1.0,1,0.07664158046082334,47
461,2,932,335,597,0,0,0,1.0,1,1.0,1,1.0,1,0.10106687289028873,48
462,3,935,337,598,0,0,0,1.0,1,1.0,1,1.0,1,0.17487143065953947,49
463,1,936,337,599,0,0,0,1.0,1,1.0,1,1.0,1,0.11318597007238784,47
464,2,938,339,599,0,0,0,1.0,1,1.0,1,1.0,1,0.12082369957695527,48
465,2,940,340,600,0,0,0,1.0,1,1.0,1,1.0,1,0.07591460078608825,47
466,2,942,342,600,0,0,0,1.0,1,1.0,1,1.0,1,0.12291591846850002,46
467,3,945,344,601,0,0,0,1.0,1,1.0,1,1.0,1,0.15392141981601315,44
468,4,949,347,602,0,0,0,1.0,1,1.0,1,1.0,1,0.14007558451148996,41
469,3,952,348,604,0,0,0,1.0,1,1.0,1,1.0,1,0.108605041809794,40
470,3,955,350,605,0,0,0,1.0,1,1.0,1,1.0,1,0.10382212090659135,39
471,2,957,352,605,0,0,0,1.0,1,1.0,1,1.0,1,0.12839178769219312,38
472,5,962,356,606,0,0,0,1.0,1,1.0,1,1.0,1,0.22618099524963714,36
473,6,968,358,610,0,0,0,1.0,1,1.0,1,1.0,1,0.15168863299436477,36
474,4,972,360,612,0,0,0,1.0,1,1.0,1,1.0,1,0.1797972662926901,34
475,4,976,361,615,0,0,0,1.0,1,1.0,1,1.0,1,0.18428800025128741,34
476,0,976,361,615,0,0,0,1.0,1,1.0,1,1.0,1,0.1647993480250851,32
477,2,978,362,616,0,0,0,1.0,1,1.0,1,1.0,1,0.20216651221104365,32
478,0,978,362,616,0,0,0,1.0,1,1.0,1,1.0,1,0.20869918881532118,30
479,0,978,362,616,0,0,0,1.0,1,1.0,1,1.0,1,0.21748630631559082,31
480,1,979,362,617,0,0,0,1.0,1,1.0,1,1.0,1,0.28911793268950675,27
481,4,983,362,621,0,0,0,1.0,1,1.0,1,1.0,1,0.2034493603668951,28
482,2,985,363,622,0,0,0,1.0,1,1.0,1,1.0,1,0.26828123110895,28
483,0,985,363,622,0,0,0,1.0,1,1.0,1,1.0,1,0.23051411869683403,29
484,2,987,364,623,0,0,0,1.0,1,1.0,1,1.0,1,0.2520054165753006,29
485,6,993,364,629,0,0,0,1.0,1,1.0,1,1.0,1,0.09257395996343794,29
486,3,996,364,632,0,0,0,1.0,1,1.0,1,1.0,1,0.12766521725248595,31
487,2,998,364,634,0,0,0,1.0,1,1.0,1,1.0,1,0.16106616650701092,33
488,2,1000,364,636,0,0,0,1.0,1,1.0,1,1.0,1,0.10427495387193035,34
489,2,1002,365,637,0,0,0,1.0,1,1.0,1,1.0,1,0.14544885099606367,34
490,0,1002,365,637,0,0,0,1.0,1,1.0,1,1.0,1,0.14544885099606367,34
491,1,1003,366,637,0,0,0,1.0,1,1.0,1,1.0,1,0.1878122969283006,34
492,3,1006,366,640,0,0,0,1.0,1,1.0,1,1.0,1,0.1779611685619641,34
493,2,1008,367,641,0,0,0,1.0,1,1.0,1,1.0,1,0.17243579988829902,34
494,4,1012,367,645,0,0,0,1.0,1,1.0,1,1.0,1,0.1285291897525326,36
495,2,1014,367,647,0,0,0,1.0,1,1.0,1,1.0,1,0.128622647868256,36
496,2,1016,367,649,0,0,0,1.0,1,1.0,1,1.0,1,0.15156359414074147,37
497,4,1020,369,651,0,0,0,1.0,1,1.0,1,1.0,1,0.1418757130750744,39
498,2,1022,369,653,0,0,0,1.0,1,1.0,1,1.0,1,0.1304923698511264,40
499,2,1024,370,654,0,0,0,1.0,1,1.0,1,1.0,1,0.12496566906824522,40
500,2,1026,370,656,0,0,0,1.0,1,1.0,1,1.0,1,0.10389871681914965,42
501,1,1027,370,657,0,0,0,1.0,1,1.0,1,1.0,1,0.09028914663156956,42
502,1,1028,371,657,0,0,0,1.0,1,1.0,1,1.0,1,0.12506238805413497,42
503,3,1031,373,658,0,0,0,1.0,1,1.0,1,1.0,1,0.12036967866730103,41
504,2,1033,375,658,0,0,0,1.0,1,1.0,1,1.0,1,0.2063168582220531,42
505,2,1035,375,660,0,0,0,1.0,1,1.0,1,1.0,1,0.14354229511701994,38
506,8,1043,377,666,0,0,0,1.0,1,1.0,1,1.0,1,0.15462751149604742,37
507,4,1047,378,669,0,0,0,1.0,1,1.0,1,1.0,1,0.16046817800481813,35
508,2,1049,380,669,0,0,0,1.0,1,1.0,1,1.0,1,0.19549186327428378,35
509,2,1051,380,671,0,0,0,1.0,1,1.0,1,1.0,1,0.16710063064890468,34
510,3,1054,381,673,0,0,0,1.0,1,1.0,1,1.0,1,0.20456053407274036,34
511,0,1054,381,673,0,0,0,1.0,1,1.0,1,1.0,1,0.19408324627594858,32
512,0,1054,381,673,0,0,0,1.0,1,1.0,1,1.0,1,0.24767466157258566,30
513,2,1056,381,675,0,0,0,1.0,1,1.0,1,1.0,1,0.18707880497483187,31
514,0,1056,381,675,0,0,0,1.0,1,1.0,1,1.0,1,0.18707880497483187,31
515,5,1061,383,678,0,0,0,1.0,1,1.0,1,1.0,1,0.17313524103182276,32
516,0,1061,383,678,0,0,0,1.0,1,1.0,1,1.0,1,0.1534209790626938,31
517,2,1063,385,678,0,0,0,1.0,1,1.0,1,1.0,1,0.18224922375725344,32
518,0,1063,385,678,0,0,0,1.0,1,1.0,1,1.0,1,0.16875069271286294,31
519,1,1064,386,678,0,0,0,1.0,1,1.0,1,1.0,1,0.21612913960292715,31
520,3,1067,388,679,0,0,0,1.0,1,1.0,1,1.0,1,0.17399566994361487,33
521,4,1071,389,682,0,0,0,1.0,1,1.0,1,1.0,1,0.09570609490706225,34
522,2,1073,391,682,0,0,0,1.0,1,1.0,1,1.0,1,0.14058929897022734,34
523,1,1074,391,683,0,0,0,1.0,1,1.0,1,1.0,1,0.1315163916646792,33
524,1,1075,392,683,0,0,0,1.0,1,1.0,1,1.0,1,0.1530949259831324,34
525,3,1078,392,686,0,0,0,1.0,1,1.0,1,1.0,1,0.12992633239145093,32
526,1,1079,392,687,0,0,0,1.0,1,1.0,1,1.0,1,0.08387225293377217,32
527,0,1079,392,687,0,0,0,1.0,1,1.0,1,1.0,1,0.11890954001919754,31
528,2,1081,394,687,0,0,0,1.0,1,1.0,1,1.0,1,0.16138183005621756,31
529,0,1081,394,687,0,0,0,1.0,1,1.0,1,1.0,1,0.1734615399317519,30
530,2,1083,395,688,0,0,0,1.0,1,1.0,1,1.0,1,0.1534572999278201,30
531,2,1085,395,690,0,0,0,1.0,1,1.0,1,1.0,1,0.19042675977331774,32
532,4,1089,398,691,0,0,0,1.0,1,1.0,1,1.0,1,0.23822235377540002,32
533,2,1091,398,693,0,0,0,1.0,1,1.0,1,1.0,1,0.22857442770315528,34
534,1,1092,398,694,0,0,0,1.0,1,1.0,1,1.0,1,0.20646914030320906,34
535,2,1094,399,695,0,0,0,1.0,1,1.0,1,1.0,1,0.23091988912395095,37
536,0,1094,399,695,0,0,0,1.0,1,1.0,1,1.0,1,0.23091988912395095,37
537,3,1097,401,696,0,0,0,1.0,1,1.0,1,1.0,1,0.27483679027257935,37
538,0,1097,401,696,0,0,0,1.0,1,1.0,1,1.0,1,0.2644775354859195,38
539,0,1097,401,696,0,0,0,1.0,1,1.0,1,1.0,1,0.2644775354859195,38
540,0,1097,401,696,0,0,0,1.0,1,1.0,1,1.0,1,0.2644775354859195,38
541,3,1100,402,698,0,0,0,1.0,1,1.0,1,1.0,1,0.2127760365011802,39
542,1,1101,403,698,0,0,0,1.0,1,1.0,1,1.0,1,0.21451770034403114,40
543,2,1103,404,699,0,0,0,1.0,1,1.0,1,1.0,1,0.2426444194911989,37
544,2,1105,406,699,0,0,0,1.0,1,1.0,1,1.0,1,0.31170397542733896,35
545,6,1111,407,704,0,0,0,1.0,1,1.0,1,1.0,1,0.18235950689154987,35
546,2,1113,408,705,0,0,0,1.0,1,1.0,1,1.0,1,0.14992128144471698,35
547,3,1116,410,706,0,0,0,1.0,1,1.0,1,1.0,1,0.15430408036348509,34
548,4,1120,412,708,0,0,0,1.0,1,1.0,1,1.0,1,0.1898692537533406,34
549,5,1125,415,710,0,0,0,1.0,1,1.0,1,1.0,1,0.19350390362059913,31
550,0,1125,415,710,0,0,0,1.0,1,1.0,1,1.0,1,0.17404667574857552,30
551,2,1127,416,711,0,0,0,1.0,1,1.0,1,1.0,1,0.24349745169132317,31
552,1,1128,416,712,0,0,0,1.0,1,1.0,1,1.0,1,0.13664526547673794,29
553,2,1130,417,713,0,0,0,1.0,1,1.0,1,1.0,1,0.1947185797445313,30
554,0,1130,417,713,0,0,0,1.0,1,1.0,1,1.0,1,0.16030222931136248,30
555,1,1131,417,714,0,0,0,1.0,1,1.0,1,1.0,1,0.21241522546939753,30
556,0,1131,417,714,0,0,0,1.0,1,1.0,1,1.0,1,0.21381716838252152,31
557,2,1133,417,716,0,0,0,1.0,1,1.0,1,1.0,1,0.16361190545187096,31
558,2,1135,417,718,0,0,0,1.0,1,1.0,1,1.0,1,0.13397230885812828,31
559,0,1135,417,718,0,0,0,1.0,1,1.0,1,1.0,1,0.13397230885812828,31
560,1,1136,417,719,0,0,0,1.0,1,1.0,1,1.0,1,0.11868030388492741,32
561,1,1137,418,719,0,0,0,1.0,1,1.0,1,1.0,1,0.1598751506127628,33
562,0,1137,418,719,0,0,0,1.0,1,1.0,1,1.0,1,0.1598751506127628,33
563,2,1139,420,719,0,0,0,1.0,1,1.0,1,1.0,1,0.20002977808926473,33
564,2,1141,421,720,0,0,0,1.0,1,1.0,1,1.0,1,0.21573264650193336,34
565,5,1146,421,725,0,0,0,1.0,1,1.0,1,1.0,1,0.10071496924669793,35
566,1,1147,421,726,0,0,0,1.0,1,1.0,1,1.0,1,0.140983572577471,36
567,3,1150,422,728,0,0,0,1.0,1,1.0,1,1.0,1,0.1611548466859366,37
568,2,1152,422,730,0,0,0,1.0,1,1.0,1,1.0,1,0.1771145575696074,36
569,3,1155,423,732,0,0,0,1.0,1,1.0,1,1.0,1,0.19365930091525557,37
570,0,1155,423,732,0,0,0,1.0,1,1.0,1,1.0,1,0.17296882208054717,38
571,0,1155,423,732,0,0,0,1.0,1,1.0,1,1.0,1,0.17296882208054717,38
572,0,1155,423,732,0,0,0,1.0,1,1.0,1,1.0,1,0.1864597636038105,39
573,0,1155,423,732,0,0,0,1.0,1,1.0,1,1.0,1,0.1864597636038105,39
574,0,1155,423,732,0,0,0,1.0,1,1.0,1,1.0,1,0.18631522064591274,41
575,1,1156,423,733,0,0,0,1.0,1,1.0,1,1.0,1,0.17833626813285453,41
576,1,1157,423,734,0,0,0,1.0,1,1.0,1,1.0,1,0.16181915256575732,42
577,0,1157,423,734,0,0,0,1.0,1,1.0,1,1.0,1,0.16181915256575732,42
578,2,1159,424,735,0,0,0,1.0,1,1.0,1,1.0,1,0.17820655275190087,41
579,0,1159,424,735,0,0,0,1.0,1,1.0,1,1.0,1,0.1837225991758134,42
580,6,1165,427,738,0,0,0,1.0,1,1.0,1,1.0,1,0.19115158640283153,43
581,9,1174,431,743,0,0,0,1.0,1,1.0,1,1.0,1,0.159687045335748,42
582,0,1174,431,743,0,0,0,1.0,1,1.0,1,1.0,1,0.17662488352005887,41
583,3,1177,432,745,0,0,0,1.0,1,1.0,1,1.0,1,0.10906911792065527,40
584,4,1181,434,747,0,0,0,1.0,1,1.0,1,1.0,1,0.10644871869276834,38
585,3,1184,436,748,0,0,0,1.0,1,1.0,1,1.0,1,0.09388976291087191,38
586,1,1185,437,748,0,0,0,1.0,1,1.0,1,1.0,1,0.09068483171898387,37
587,3,1188,440,748,0,0,0,1.0,1,1.0,1,1.0,1,0.14301983568632842,35
588,1,1189,441,748,0,0,0,1.0,1,1.0,1,1.0,1,0.1633552994656697,35
589,4,1193,441,752,0,0,0,1.0,1,1.0,1,1.0,1,0.0829371862871736,34
590,0,1193,441,752,0,0,0,1.0,1,1.0,1,1.0,1,0.09455489757474937,36
591,1,1194,441,753,0,0,0,1.0,1,1.0,1,1.0,1,0.1171288300646717,35
592,3,1197,442,755,0,0,0,1.0,1,1.0,1,1.0,1,0.11003220416241456,37
593,0,1197,442,755,0,0,0,1.0,1,1.0,1,1.0,1,0.14223526061527555,36
594,3,1200,444,756,0,0,0,1.0,1,1.0,1,1.0,1,0.17753711154502363,35
595,1,1201,445,756,0,0,0,1.0,1,1.0,1,1.0,1,0.1937640329184319,34
596,0,1201,445,756,0,0,0,1.0,1,1.0,1,1.0,1,0.20279567913769542,34
597,4,1205,446,759,0,0,0,1.0,1,1.0,1,1.0,1,0.18965831486160822,33
598,1,1206,446,760,0,0,0,1.0,1,1.0,1,1.0,1,0.2007673658204595,33
599,2,1208,447,761,0,0,0,1.0,1,1.0,1,1.0,1,0.14315039933963955,33
600,1,1209,448,761,0,0,0,1.0,1,1.0,1,1.0,1,0.1916177834353634,33
601,3,1212,448,764,0,0,0,1.0,1,1.0,1,1.0,1,0.14622094355314802,34
602,0,1212,448,764,0,0,0,1.0,1,1.0,1,1.0,1,0.16829343768967753,35
603,1,1213,448,765,0,0,0,1.0,1,1.0,1,1.0,1,0.17048196196411955,35
604,0,1213,448,765,0,0,0,1.0,1,1.0,1,1.0,1,0.18571323154966732,35
605,1,1214,448,766,0,0,0,1.0,1,1.0,1,1.0,1,0.1656499681944958,35
606,1,1215,448,767,0,0,0,1.0,1,1.0,1,1.0,1,0.17518747402035395,35
607,1,1216,449,767,0,0,0,1.0,1,1.0,1,1.0,1,0.20430248159140282,35
608,1,1217,449,768,0,0,0,1.0,1,1.0,1,1.0,1,0.21611770631848976,36
609,3,1220,449,771,0,0,0,1.0,1,1.0,1,1.0,1,0.18299726397854657,37
610,2,1222,449,773,0,0,0,1.0,1,1.0,1,1.0,1,0.11580290503433441,37
611,5,1227,450,777,0,0,0,1.0,1,1.0,1,1.0,1,0.09955629597477963,39
612,2,1229,450,779,0,0,0,1.0,1,1.0,1,1.0,1,0.0938921257049033,39
613,2,1231,451,780,0,0,0,1.0,1,1.0,1,1.0,1,0.0992298526765872,39
614,1,1232,452,780,0,0,0,1.0,1,1.0,1,1.0,1,0.14943432119159264,39
615,2,1234,453,781,0,0,0,1.0,1,1.0,1,1.0,1,0.13211650510757025,39
616,2,1236,454,782,0,0,0,1.0,1,1.0,1,1.0,1,0.19134058324756456,38
617,6,1242,455,787,0,0,0,1.0,1,1.0,1,1.0,1,0.08950044613460215,39
618,1,1243,455,788,0,0,0,1.0,1,1.0,1,1.0,1,0.09819096678378889,40
619,1,1244,456,788,0,0,0,1.0,1,1.0,1,1.0,1,0.08331301104762848,39
620,0,1244,456,788,0,0,0,1.0,1,1.0,1,1.0,1,0.09952431220535257,38
621,5,1249,460,789,0,0,0,1.0,1,1.0,1,1.0,1,0.1091379787810147,38
622,1,1250,460,790,0,0,0,1.0,1,1.0,1,1.0,1,0.10220356093802385,38
623,2,1252,462,790,0,0,0,1.0,1,1.0,1,1.0,1,0.12693946873492817,37
624,3,1255,464,791,0,0,0,1.0,1,1.0,1,1.0,1,0.16039750875848016,33
625,6,1261,466,795,0,0,0,1.0,1,1.0,1,1.0,1,0.142416141304276,32
626,3,1264,467,797,0,0,0,1.0,1,1.0,1,1.0,1,0.17475219896646993,31
627,6,1270,468,802,0,0,0,1.0,1,1.0,1,1.0,1,0.15341131102119698,30
628,5,1275,470,805,0,0,0,1.0,1,1.0,1,1.0,1,0.19046771158720543,32
629,1,1276,470,806,0,0,0,1.0,1,1.0,1,1.0,1,0.16096507408968144,29
630,2,1278,471,807,0,0,0,1.0,1,1.0,1,1.0,1,0.12464490454284809,29
631,1,1279,472,807,0,0,0,1.0,1,1.0,1,1.0,1,0.2007758990869575,25
632,0,1279,472,807,0,0,0,1.0,1,1.0,1,1.0,1,0.2269631326740395,24
633,1,1280,473,807,0,0,0,1.0,1,1.0,1,1.0,1,0.231293664901386,23
634,0,1280,473,807,0,0,0,1.0,1,1.0,1,1.0,1,0.231293664901386,23
635,4,1284,475,809,0,0,0,1.0,1,1.0,1,1.0,1,0.13824448145749768,22
636,0,1284,475,809,0,0,0,1.0,1,1.0,1,1.0,1,0.19614742354011908,22
637,1,1285,476,809,0,0,0,1.0,1,1.0,1,1.0,1,0.18199719871113407,23
638,1,1286,477,809,0,0,0,1.0,1,1.0,1,1.0,1,0.24074871729137026,23
639,2,1288,477,811,0,0,0,1.0,1,1.0,1,1.0,1,0.2628393603728064,24
640,2,1290,478,812,0,0,0,1.0,1,1.0,1,1.0,1,0.2882403428002974,24
641,2,1292,478,814,0,0,0,1.0,1,1.0,1,1.0,1,0.24478389724060323,25
642,0,1292,478,814,0,0,0,1.0,1,1.0,1,1.0,1,0.19656888854990073,26
643,5,1297,478,819,0,0,0,1.0,1,1.0,1,1.0,1,0.20064905824497714,28
644,2,1299,478,821,0,0,0,1.0,1,1.0,1,1.0,1,0.20064905824497714,28
645,3,1302,479,823,0,0,0,1.0,1,1.0,1,1.0,1,0.16630912807405576,28
646,1,1303,479,824,0,0,0,1.0,1,1.0,1,1.0,1,0.1711668642798178,29
647,5,1308,481,827,0,0,0,1.0,1,1.0,1,1.0,1,0.2481959648028293,30
648,1,1309,481,828,0,0,0,1.0,1,1.0,1,1.0,1,0.2413881872053682,30
649,4,1313,481,832,0,0,0,1.0,1,1.0,1,1.0,1,0.09298924170144458,31
650,1,1314,481,833,0,0,0,1.0,1,1.0,1,1.0,1,0.07826762769869923,31
651,0,1314,481,833,0,0,0,1.0,1,1.0,1,1.0,1,0.08903004605876182,32
652,0,1314,481,833,0,0,0,1.0,1,1.0,1,1.0,1,0.08903004605876182,32
653,0,1314,481,833,0,0,0,1.0,1,1.0,1,1.0,1,0.0861921627404748,33
654,0,1314,481,833,0,0,0,1.0,1,1.0,1,1.0,1,0.0861921627404748,33
655,6,1320,485,835,0,0,0,1.0,1,1.0,1,1.0,1,0.15695033160487706,36
656,5,1325,488,837,0,0,0,1.0,1,1.0,1,1.0,1,0.21565776914419543,36
657,6,1331,489,842,0,0,0,1.0,1,1.0,1,1.0,1,0.16742374679261354,35
658,1,1332,490,842,0,0,0,1.0,1,1.0,1,1.0,1,0.20850459558910606,33
659,0,1332,490,842,0,0,0,1.0,1,1.0,1,1.0,1,0.1879277603472694,35
660,0,1332,490,842,0,0,0,1.0,1,1.0,1,1.0,1,0.23247174620444977,34
661,0,1332,490,842,0,0,0,1.0,1,1.0,1,1.0,1,0.26166490550088356,33
662,4,1336,491,845,0,0,0,1.0,1,1.0,1,1.0,1,0.26195658948583944,31
663,3,1339,493,846,0,0,0,1.0,1,1.0,1,1.0,1,0.26244943243921603,29
664,2,1341,494,847,0,0,0,1.0,1,1.0,1,1.0,1,0.2314354893816768,27
665,0,1341,494,847,0,0,0,1.0,1,1.0,1,1.0,1,0.22418814035455795,27
666,6,1347,496,851,0,0,0,1.0,1,1.0,1,1.0,1,0.15024428598656508,28
667,1,1348,497,851,0,0,0,1.0,1,1.0,1,1.0,1,0.1587723442888912,26
668,3,1351,499,852,0,0,0,1.0,1,1.0,1,1.0,1,0.24591933236213162,26
669,5,1356,501,855,0,0,0,1.0,1,1.0,1,1.0,1,0.10156879512344572,25
670,0,1356,501,855,0,0,0,1.0,1,1.0,1,1.0,1,0.11324910638511894,24
671,0,1356,501,855,0,0,0,1.0,1,1.0,1,1.0,1,0.11324910638511894,24
672,2,1358,502,856,0,0,0,1.0,1,1.0,1,1.0,1,0.16727884014377808,25
673,1,1359,503,856,0,0,0,1.0,1,1.0,1,1.0,1,0.16762469637540936,25
674,0,1359,503,856,0,0,0,1.0,1,1.0,1,1.0,1,0.16762469637540936,25
675,5,1364,505,859,0,0,0,1.0,1,1.0,1,1.0,1,0.19997900105037972,26
676,4,1368,508,860,0,0,0,1.0,1,1.0,1,1.0,1,0.20152684799438864,27
677,2,1370,509,861,0,0,0,1.0,1,1.0,1,1.0,1,0.20314883226437855,28
678,1,1371,510,861,0,0,0,1.0,1,1.0,1,1.0,1,0.21136326472417533,28
679,3,1374,511,863,0,0,0,1.0,1,1.0,1,1.0,1,0.20132326706993917,30
680,0,1374,511,863,0,0,0,1.0,1,1.0,1,1.0,1,0.2405059729903728,29
681,2,1376,511,865,0,0,0,1.0,1,1.0,1,1.0,1,0.1877519420949274,29
682,2,1378,511,867,0,0,0,1.0,1,1.0,1,1.0,1,0.17624668348285394,30
683,1,1379,512,867,0,0,0,1.0,1,1.0,1,1.0,1,0.20228765861117054,30
684,2,1381,512,869,0,0,0,1.0,1,1.0,1,1.0,1,0.1795963631531996,31
685,1,1382,512,870,0,0,0,1.0,1,1.0,1,1.0,1,0.16305460714424677,30
686,1,1383,513,870,0,0,0,1.0,1,1.0,1,1.0,1,0.19319146216032412,30
687,1,1384,513,871,0,0,0,1.0,1,1.0,1,1.0,1,0.17053042775226426,30
688,0,1384,513,871,0,0,0,1.0,1,1.0,1,1.0,1,0.18686676244253733,31
689,0,1384,513,871,0,0,0,1.0,1,1.0,1,1.0,1,0.16459443978944938,32
690,0,1384,513,871,0,0,0,1.0,1,1.0,1,1.0,1,0.16459443978944938,32
691,3,1387,515,872,0,0,0,1.0,1,1.0,1,1.0,1,0.17962511901721978,32
692,0,1387,515,872,0,0,0,1.0,1,1.0,1,1.0,1,0.17962511901721978,32
693,2,1389,516,873,0,0,0,1.0,1,1.0,1,1.0,1,0.131480727526739,34
694,4,1393,518,875,0,0,0,1.0,1,1.0,1,1.0,1,0.15552087926887004,36
695,3,1396,519,877,0,0,0,1.0,1,1.0,1,1.0,1,0.15671648791143258,34
696,4,1400,521,879,0,0,0,1.0,1,1.0,1,1.0,1,0.1947442340468688,33
697,0,1400,521,879,0,0,0,1.0,1,1.0,1,1.0,1,0.19660078306651388,33
698,1,1401,521,880,0,0,0,1.0,1,1.0,1,1.0,1,0.16681425138883715,34
699,4,1405,522,883,0,0,0,1.0,1,1.0,1,1.0,1,0.10759379805976793,33
700,1,1406,523,883,0,0,0,1.0,1,1.0,1,1.0,1,0.1260674895682749,32
701,1,1407,523,884,0,0,0,1.0,1,1.0,1,1.0,1,0.11706410469966957,33
702,2,1409,525,884,0,0,0,1.0,1,1.0,1,1.0,1,0.2140278161225461,34
703,4,1413,526,887,0,0,0,1.0,1,1.0,1,1.0,1,0.16520362700360494,32
704,1,1414,526,888,0,0,0,1.0,1,1.0,1,1.0,1,0.12129630706272096,31
705,2,1416,528,888,0,0,0,1.0,1,1.0,1,1.0,1,0.1474239064057938,33
706,3,1419,531,888,0,0,0,1.0,1,1.0,1,1.0,1,0.25944188264715873,33
707,1,1420,532,888,0,0,0,1.0,1,1.0,1,1.0,1,0.2213005817229586,31
708,2,1422,534,888,0,0,0,1.0,1,1.0,1,1.0,1,0.3187798749393425,31
709,4,1426,535,891,0,0,0,1.0,1,1.0,1,1.0,1,0.23511552732741092,30
710,0,1426,535,891,0,0,0,1.0,1,1.0,1,1.0,1,0.23511552732741092,30
711,1,1427,535,892,0,0,0,1.0,1,1.0,1,1.0,1,0.2120585800881912,30
712,0,1427,535,892,0,0,0,1.0,1,1.0,1,1.0,1,0.23057400098180922,30
713,1,1428,535,893,0,0,0,1.0,1,1.0,1,1.0,1,0.21008527243895989,31
714,1,1429,535,894,0,0,0,1.0,1,1.0,1,1.0,1,0.20934836287331,31
715,0,1429,535,894,0,0,0,1.0,1,1.0,1,1.0,1,0.2064014260143254,30
716,1,1430,536,894,0,0,0,1.0,1,1.0,1,1.0,1,0.27794118147490837,31
717,2,1432,536,896,0,0,0,1.0,1,1.0,1,1.0,1,0.2644263238404238,32
718,2,1434,536,898,0,0,0,1.0,1,1.0,1,1.0,1,0.21805382279586993,32
719,0,1434,536,898,0,0,0,1.0,1,1.0,1,1.0,1,0.21805382279586993,32
720,0,1434,536,898,0,0,0,1.0,1,1.0,1,1.0,1,0.22111595049553065,34
721,1,1435,536,899,0,0,0,1.0,1,1.0,1,1.0,1,0.19818531246832566,34
722,1,1436,537,899,0,0,0,1.0,1,1.0,1,1.0,1,0.24298630144179226,34
723,1,1437,537,900,0,0,0,1.0,1,1.0,1,1.0,1,0.23252917547647195,35
724,2,1439,539,900,0,0,0,1.0,1,1.0,1,1.0,1,0.30730795967177027,36
725,5,1444,539,905,0,0,0,1.0,1,1.0,1,1.0,1,0.2097314505131766,37
726,1,1445,539,906,0,0,0,1.0,1,1.0,1,1.0,1,0.20305719766690467,37
727,2,1447,539,908,0,0,0,1.0,1,1.0,1,1.0,1,0.21070184411187515,38
728,0,1447,539,908,0,0,0,1.0,1,1.0,1,1.0,1,0.2023212723891548,39
729,0,1447,539,908,0,0,0,1.0,1,1.0,1,1.0,1,0.2023212723891548,39
730,1,1448,539,909,0,0,0,1.0,1,1.0,1,1.0,1,0.1800212500473255,40
731,1,1449,539,910,0,0,0,1.0,1,1.0,1,1.0,1,0.16445807237808988,40
732,0,1449,539,910,0,0,0,1.0,1,1.0,1,1.0,1,0.1869171186891375,41
733,1,1450,539,911,0,0,0,1.0,1,1.0,1,1.0,1,0.12426253855806282,41
734,1,1451,540,911,0,0,0,1.0,1,1.0,1,1.0,1,0.134273775172488,42
735,1,1452,541,911,0,0,0,1.0,1,1.0,1,1.0,1,0.12500684686667451,42
736,1,1453,541,912,0,0,0,1.0,1,1.0,1,1.0,1,0.18710610867078073,41
737,2,1455,541,914,0,0,0,1.0,1,1.0,1,1.0,1,0.17233691216528135,41
738,2,1457,541,916,0,0,0,1.0,1,1.0,1,1.0,1,0.14367404614932336,39
739,1,1458,541,917,0,0,0,1.0,1,1.0,1,1.0,1,0.12409815360826397,39
740,1,1459,542,917,0,0,0,1.0,1,1.0,1,1.0,1,0.16541904893159418,39
741,2,1461,542,919,0,0,0,1.0,1,1.0,1,1.0,1,0.14995716014311428,38
742,1,1462,543,919,0,0,0,1.0,1,1.0,1,1.0,1,0.1799777422423329,39
743,3,1465,545,920,0,0,0,1.0,1,1.0,1,1.0,1,0.14520260513427927,39
744,5,1470,547,923,0,0,0,1.0,1,1.0,1,1.0,1,0.1647978194217177,39
745,5,1475,550,925,0,0,0,1.0,1,1.0,1,1.0,1,0.16027901140789438,39
746,3,1478,551,927,0,0,0,1.0,1,1.0,1,1.0,1,0.0919422028555038,40
747,2,1480,552,928,0,0,0,1.0,1,1.0,1,1.0,1,0.07085549370653468,41
748,2,1482,553,929,0,0,0,1.0,1,1.0,1,1.0,1,0.10146297814389872,41
749,4,1486,556,930,0,0,0,1.0,1,1.0,1,1.0,1,0.14864221832348234,41
750,4,1490,558,932,0,0,0,1.0,1,1.0,1,1.0,1,0.15443974483379785,39
751,2,1492,559,933,0,0,0,1.0,1,1.0,1,1.0,1,0.11356920271239042,41
752,2,1494,560,934,0,0,0,1.0,1,1.0,1,1.0,1,0.16122222499344788,41
753,2,1496,560,936,0,0,0,1.0,1,1.0,1,1.0,1,0.1584465545917296,41
754,3,1499,562,937,0,0,0,1.0,1,1.0,1,1.0,1,0.19882613738589505,41
755,0,1499,562,937,0,0,0,1.0,1,1.0,1,1.0,1,0.2453752989845295,41
756,1,1500,563,937,0,0,0,1.0,1,1.0,1,1.0,1,0.23039669741380644,41
757,6,1506,564,942,0,0,0,1.0,1,1.0,1,1.0,1,0.1667227725391974,39
758,0,1506,564,942,0,0,0,1.0,1,1.0,1,1.0,1,0.17397739187903954,39
759,0,1506,564,942,0,0,0,1.0,1,1.0,1,1.0,1,0.16918751138652113,39
760,1,1507,564,943,0,0,0,1.0,1,1.0,1,1.0,1,0.18492618752919404,40
761,3,1510,564,946,0,0,0,1.0,1,1.0,1,1.0,1,0.13749311494274574,41
762,1,1511,564,947,0,0,0,1.0,1,1.0,1,1.0,1,0.11959813934792368,42
763,1,1512,564,948,0,0,0,1.0,1,1.0,1,1.0,1,0.13265822108665445,43
764,1,1513,564,949,0,0,0,1.0,1,1.0,1,1.0,1,0.1157422861630216,43
765,0,1513,564,949,0,0,0,1.0,1,1.0,1,1.0,1,0.0931751828819426,45
766,0,1513,564,949,0,0,0,1.0,1,1.0,1,1.0,1,0.0931751828819426,45
767,0,1513,564,949,0,0,0,1.0,1,1.0,1,1.0,1,0.09516380849805105,46
768,0,1513,564,949,0,0,0,1.0,1,1.0,1,1.0,1,0.09617388013630786,45
769,1,1514,564,950,0,0,0,1.0,1,1.0,1,1.0,1,0.10480130445309808,46
770,0,1514,564,950,0,0,0,1.0,1,1.0,1,1.0,1,0.09655338019057329,47
771,2,1516,566,950,0,0,0,1.0,1,1.0,1,1.0,1,0.12618291355732444,47
772,0,1516,566,950,0,0,0,1.0,1,1.0,1,1.0,1,0.11329726304033888,46
773,3,1519,568,951,0,0,0,1.0,1,1.0,1,1.0,1,0.09423725473738837,45
774,0,1519,568,951,0,0,0,1.0,1,1.0,1,1.0,1,0.11194562936283986,45
775,2,1521,570,951,0,0,0,1.0,1,1.0,1,1.0,1,0.12776289470875574,45
776,0,1521,570,951,0,0,0,1.0,1,1.0,1,1.0,1,0.12754564244676772,43
777,2,1523,570,953,0,0,0,1.0,1,1.0,1,1.0,1,0.0968550359562554,44
778,1,1524,571,953,0,0,0,1.0,1,1.0,1,1.0,1,0.14362990075988782,45
779,0,1524,571,953,0,0,0,1.0,1,1.0,1,1.0,1,0.14362990075988782,45
780,1,1525,572,953,0,0,0,1.0,1,1.0,1,1.0,1,0.17553758552156584,45
781,2,1527,572,955,0,0,0,1.0,1,1.0,1,1.0,1,0.11810502604164744,46
782,1,1528,573,955,0,0,0,1.0,1,1.0,1,1.0,1,0.1958727227715058,47
783,2,1530,574,956,0,0,0,1.0,1,1.0,1,1.0,1,0.15681166571566957,46
784,0,1530,574,956,0,0,0,1.0,1,1.0,1,1.0,1,0.158641360774942,45
785,6,1536,574,962,0,0,0,1.0,1,1.0,1,1.0,1,0.07652500469227941,43
786,2,1538,574,964,0,0,0,1.0,1,1.0,1,1.0,1,0.07652500469227941,43
787,2,1540,575,965,0,0,0,1.0,1,1.0,1,1.0,1,0.10133049641075272,43
788,1,1541,576,965,0,0,0,1.0,1,1.0,1,1.0,1,0.134825614961439,44
789,1,1542,576,966,0,0,0,1.0,1,1.0,1,1.0,1,0.10580583682469151,46
790,0,1542,576,966,0,0,0,1.0,1,1.0,1,1.0,1,0.10580583682469151,46
791,2,1544,577,967,0,0,0,1.0,1,1.0,1,1.0,1,0.1218602419700643,46
792,0,1544,577,967,0,0,0,1.0,1,1.0,1,1.0,1,0.11397857044440453,47
793,3,1547,577,970,0,0,0,1.0,1,1.0,1,1.0,1,0.089262238395421,48
794,2,1549,577,972,0,0,0,1.0,1,1.0,1,1.0,1,0.12170431164291734,48
795,1,1550,577,973,0,0,0,1.0,1,1.0,1,1.0,1,0.11981180125072471,47
796,2,1552,578,974,0,0,0,1.0,1,1.0,1,1.0,1,0.1871438732378842,45
797,4,1556,579,977,0,0,0,1.0,1,1.0,1,1.0,1,0.13947134304313386,47
798,0,1556,579,977,0,0,0,1.0,1,1.0,1,1.0,1,0.15310645334947046,48
799,2,1558,580,978,0,0,0,1.0,1,1.0,1,1.0,1,0.13224663410481022,48
800,2,1560,582,978,0,0,0,1.0,1,1.0,1,1.0,1,0.15533452830015873,48
801,5,1565,583,982,0,0,0,1.0,1,1.0,1,1.0,1,0.09754375749078202,49
802,4,1569,585,984,0,0,0,1.0,1,1.0,1,1.0,1,0.12056953862401983,50
803,3,1572,586,986,0,0,0,1.0,1,1.0,1,1.0,1,0.13089892845087547,50
804,2,1574,586,988,0,0,0,1.0,1,1.0,1,1.0,1,0.13089892845087547,50
805,1,1575,587,988,0,0,0,1.0,1,1.0,1,1.0,1,0.1562262106295299,50
806,1,1576,587,989,0,0,0,1.0,1,1.0,1,1.0,1,0.1465634888886756,51
807,2,1578,588,990,0,0,0,1.0,1,1.0,1,1.0,1,0.14284466500026882,51
808,2,1580,588,992,0,0,0,1.0,1,1.0,1,1.0,1,0.16400350431362035,53
809,1,1581,588,993,0,0,0,1.0,1,1.0,1,1.0,1,0.11891181872101465,51
810,0,1581,588,993,0,0,0,1.0,1,1.0,1,1.0,1,0.13219820364156298,52
811,2,1583,589,994,0,0,0,1.0,1,1.0,1,1.0,1,0.1485661054783674,50
812,1,1584,589,995,0,0,0,1.0,1,1.0,1,1.0,1,0.14155793740696304,51
813,4,1588,591,997,0,0,0,1.0,1,1.0,1,1.0,1,0.1410403314171259,51
814,2,1590,592,998,0,0,0,1.0,1,1.0,1,1.0,1,0.142313375053381,52
815,2,1592,593,999,0,0,0,1.0,1,1.0,1,1.0,1,0.16158413950335643,50
816,1,1593,593,1000,0,0,0,1.0,1,1.0,1,1.0,1,0.17003374894260606,50
817,1,1594,593,1001,0,0,0,1.0,1,1.0,1,1.0,1,0.1553928015628905,49
818,2,1596,595,1001,0,0,0,1.0,1,1.0,1,1.0,1,0.19356584419623682,49
819,2,1598,595,1003,0,0,0,1.0,1,1.0,1,1.0,1,0.16479024774134352,50
820,3,1601,596,1005,0,0,0,1.0,1,1.0,1,1.0,1,0.18940619487877447,49
821,0,1601,596,1005,0,0,0,1.0,1,1.0,1,1.0,1,0.18857437874687277,49
822,5,1606,597,1009,0,0,0,1.0,1,1.0,1,1.0,1,0.13167848218794712,49
823,5,1611,600,1011,0,0,0,1.0,1,1.0,1,1.0,1,0.1916161793829127,47
824,3,1614,603,1011,0,0,0,1.0,1,1.0,1,1.0,1,0.18387645750524884,45
825,3,1617,603,1014,0,0,0,1.0,1,1.0,1,1.0,1,0.1488173341395091,43
826,2,1619,605,1014,0,0,0,1.0,1,1.0,1,1.0,1,0.12726208658956353,44
827,0,1619,605,1014,0,0,0,1.0,1,1.0,1,1.0,1,0.1188569107362594,43
828,3,1622,607,1015,0,0,0,1.0,1,1.0,1,1.0,1,0.13298129787908003,43
829,4,1626,609,1017,0,0,0,1.0,1,1.0,1,1.0,1,0.1316061863160732,45
830,0,1626,609,1017,0,0,0,1.0,1,1.0,1,1.0,1,0.11368480001394234,46
831,3,1629,610,1019,0,0,0,1.0,1,1.0,1,1.0,1,0.10702014362127568,48
832,2,1631,611,1020,0,0,0,1.0,1,1.0,1,1.0,1,0.10924270249488008,47
833,1,1632,612,1020,0,0,0,1.0,1,1.0,1,1.0,1,0.12552183664542652,47
834,2,1634,612,1022,0,0,0,1.0,1,1.0,1,1.0,1,0.12042126913720425,46
835,0,1634,612,1022,0,0,0,1.0,1,1.0,1,1.0,1,0.11693564210709212,45
836,3,1637,614,1023,0,0,0,1.0,1,1.0,1,1.0,1,0.13963312962067362,46
837,3,1640,614,1026,0,0,0,1.0,1,1.0,1,1.0,1,0.07709530119400598,46
838,1,1641,615,1026,0,0,0,1.0,1,1.0,1,1.0,1,0.09962907516882037,45
839,2,1643,616,1027,0,0,0,1.0,1,1.0,1,1.0,1,0.13125878104554514,46
840,0,1643,616,1027,0,0,0,1.0,1,1.0,1,1.0,1,0.13759499386999613,46
841,5,1648,617,1031,0,0,0,1.0,1,1.0,1,1.0,1,0.10586774546588572,46
842,0,1648,617,1031,0,0,0,1.0,1,1.0,1,1.0,1,0.10586774546588572,46
843,1,1649,618,1031,0,0,0,1.0,1,1.0,1,1.0,1,0.12791020456994073,46
844,4,1653,621,1032,0,0,0,1.0,1,1.0,1,1.0,1,0.17129350972830612,47
845,5,1658,623,1035,0,0,0,1.0,1,1.0,1,1.0,1,0.20680795110112912,48
846,2,1660,623,1037,0,0,0,1.0,1,1.0,1,1.0,1,0.16799101716544376,47
847,3,1663,623,1040,0,0,0,1.0,1,1.0,1,1.0,1,0.1504344595046126,48
848,3,1666,623,1043,0,0,0,1.0,1,1.0,1,1.0,1,0.181525417695466,48
849,6,1672,624,1048,0,0,0,1.0,1,1.0,1,1.0,1,0.13520831132215608,48
850,1,1673,624,1049,0,0,0,1.0,1,1.0,1,1.0,1,0.12382513113624002,46
851,0,1673,624,1049,0,0,0,1.0,1,1.0,1,1.0,1,0.12118158835398982,45
852,2,1675,625,1050,0,0,0,1.0,1,1.0,1,1.0,1,0.14590221088879374,44
853,4,1679,626,1053,0,0,0,1.0,1,1.0,1,1.0,1,0.08796737467819213,44
854,1,1680,627,1053,0,0,0,1.0,1,1.0,1,1.0,1,0.10917053916654382,45
855,1,1681,627,1054,0,0,0,1.0,1,1.0,1,1.0,1,0.0946825821680727,46
856,0,1681,627,1054,0,0,0,1.0,1,1.0,1,1.0,1,0.0946825821680727,46
857,0,1681,627,1054,0,0,0,1.0,1,1.0,1,1.0,1,0.10497172047728452,47
858,1,1682,628,1054,0,0,0,1.0,1,1.0,1,1.0,1,0.1112516534553165,48
859,0,1682,628,1054,0,0,0,1.0,1,1.0,1,1.0,1,0.1112516534553165,48
860,0,1682,628,1054,0,0,0,1.0,1,1.0,1,1.0,1,0.11100856695723763,49
861,1,1683,629,1054,0,0,0,1.0,1,1.0,1,1.0,1,0.12214543150741644,49
862,2,1685,630,1055,0,0,0,1.0,1,1.0,1,1.0,1,0.12095750099036051,49
863,2,1687,631,1056,0,0,0,1.0,1,1.0,1,1.0,1,0.13277308139432678,48
864,2,1689,632,1057,0,0,0,1.0,1,1.0,1,1.0,1,0.13489027881922683,49
865,1,1690,632,1058,0,0,0,1.0,1,1.0,1,1.0,1,0.0952471192543491,48
866,2,1692,633,1059,0,0,0,1.0,1,1.0,1,1.0,1,0.07798357021360816,50
867,2,1694,634,1060,0,0,0,1.0,1,1.0,1,1.0,1,0.0886763348408985,50
868,3,1697,636,1061,0,0,0,1.0,1,1.0,1,1.0,1,0.13311647295422327,51
869,2,1699,637,1062,0,0,0,1.0,1,1.0,1,1.0,1,0.10410322634293422,49
870,8,1707,641,1066,0,0,0,1.0,1,1.0,1,1.0,1,0.11400523364601434,49
871,2,1709,642,1067,0,0,0,1.0,1,1.0,1,1.0,1,0.09806146433620237,49
872,0,1709,642,1067,0,0,0,1.0,1,1.0,1,1.0,1,0.10336949336855274,48
873,4,1713,644,1069,0,0,0,1.0,1,1.0,1,1.0,1,0.08924412996546363,49
874,0,1713,644,1069,0,0,0,1.0,1,1.0,1,1.0,1,0.08774636515069165,49
875,1,1714,645,1069,0,0,0,1.0,1,1.0,1,1.0,1,0.135811970880124,50
876,4,1718,647,1071,0,0,0,1.0,1,1.0,1,1.0,1,0.17228916144962925,50
877,8,1726,650,1076,0,0,0,1.0,1,1.0,1,1.0,1,0.1439439082657452,50
878,4,1730,651,1079,0,0,0,1.0,1,1.0,1,1.0,1,0.1262420844642533,49
879,2,1732,652,1080,0,0,0,1.0,1,1.0,1,1.0,1,0.15073677526910031,49
880,2,1734,653,1081,0,0,0,1.0,1,1.0,1,1.0,1,0.14326411763836433,48
881,6,1740,654,1086,0,0,0,1.0,1,1.0,1,1.0,1,0.06993986113530416,49
882,0,1740,654,1086,0,0,0,1.0,1,1.0,1,1.0,1,0.0956834029888826,48
883,2,1742,654,1088,0,0,0,1.0,1,1.0,1,1.0,1,0.1106292641980893,50
884,2,1744,655,1089,0,0,0,1.0,1,1.0,1,1.0,1,0.14574869405458107,50
885,2,1746,656,1090,0,0,0,1.0,1,1.0,1,1.0,1,0.11570112199201027,49
886,3,1749,657,1092,0,0,0,1.0,1,1.0,1,1.0,1,0.12107767820369532,49
887,1,1750,657,1093,0,0,0,1.0,1,1.0,1,1.0,1,0.10512778376288691,49
888,1,1751,658,1093,0,0,0,1.0,1,1.0,1,1.0,1,0.14390327131654979,47
889,2,1753,660,1093,0,0,0,1.0,1,1.0,1,1.0,1,0.1598994202973014,46
890,0,1753,660,1093,0,0,0,1.0,1,1.0,1,1.0,1,0.16747954364395215,44
891,0,1753,660,1093,0,0,0,1.0,1,1.0,1,1.0,1,0.1864577752668839,45
892,3,1756,661,1095,0,0,0,1.0,1,1.0,1,1.0,1,0.16880645067894712,45
893,4,1760,661,1099,0,0,0,1.0,1,1.0,1,1.0,1,0.08903692677423569,45
894,0,1760,661,1099,0,0,0,1.0,1,1.0,1,1.0,1,0.10912431743738904,44
895,0,1760,661,1099,0,0,0,1.0,1,1.0,1,1.0,1,0.09305545417863789,45
896,1,1761,662,1099,0,0,0,1.0,1,1.0,1,1.0,1,0.11539280942983621,44
897,1,1762,662,1100,0,0,0,1.0,1,1.0,1,1.0,1,0.09590632731822288,44
898,0,1762,662,1100,0,0,0,1.0,1,1.0,1,1.0,1,0.09924585365788179,45
899,0,1762,662,1100,0,0,0,1.0,1,1.0,1,1.0,1,0.11707309954526442,44
900,3,1765,663,1102,0,0,0,1.0,1,1.0,1,1.0,1,0.12463089999131843,46
901,3,1768,664,1104,0,0,0,1.0,1,1.0,1,1.0,1,0.12464429270477394,45
902,3,1771,666,1105,0,0,0,1.0,1,1.0,1,1.0,1,0.07544407851196068,45
903,1,1772,667,1105,0,0,0,1.0,1,1.0,1,1.0,1,0.08499861443130564,44
904,1,1773,668,1105,0,0,0,1.0,1,1.0,1,1.0,1,0.10684736674844755,45
905,1,1774,669,1105,0,0,0,1.0,1,1.0,1,1.0,1,0.15771275624223352,45
906,2,1776,669,1107,0,0,0,1.0,1,1.0,1,1.0,1,0.12486702155286282,45
907,4,1780,671,1109,0,0,0,1.0,1,1.0,1,1.0,1,0.12318203440773737,46
908,1,1781,672,1109,0,0,0,1.0,1,1.0,1,1.0,1,0.1408856866598145,46
909,7,1788,674,1114,0,0,0,1.0,1,1.0,1,1.0,1,0.0926845026771679,46
910,2,1790,674,1116,0,0,0,1.0,1,1.0,1,1.0,1,0.11598024999905239,44
911,2,1792,674,1118,0,0,0,1.0,1,1.0,1,1.0,1,0.12074788967798902,45
912,2,1794,674,1120,0,0,0,1.0,1,1.0,1,1.0,1,0.14453875805825994,44
913,3,1797,675,1122,0,0,0,1.0,1,1.0,1,1.0,1,0.08314616365537605,45
914,2,1799,677,1122,0,0,0,1.0,1,1.0,1,1.0,1,0.09942684205094818,45
915,1,1800,678,1122,0,0,0,1.0,1,1.0,1,1.0,1,0.11757508981034266,45
916,3,1803,678,1125,0,0,0,1.0,1,1.0,1,1.0,1,0.11865147767471394,45
917,2,1805,678,1127,0,0,0,1.0,1,1.0,1,1.0,1,0.09965279633370026,46
918,1,1806,679,1127,0,0,0,1.0,1,1.0,1,1.0,1,0.12443245614735998,47
919,1,1807,679,1128,0,0,0,1.0,1,1.0,1,1.0,1,0.1094298112023037,47
920,2,1809,680,1129,0,0,0,1.0,1,1.0,1,1.0,1,0.11674111765294991,47
921,4,1813,683,1130,0,0,0,1.0,1,1.0,1,1.0,1,0.1433169860365874,49
922,7,1820,684,1136,0,0,0,1.0,1,1.0,1,1.0,1,0.04833110832261531,49
923,2,1822,686,1136,0,0,0,1.0,1,1.0,1,1.0,1,0.08690461984674545,47
924,1,1823,687,1136,0,0,0,1.0,1,1.0,1,1.0,1,0.11607699584983036,47
925,1,1824,688,1136,0,0,0,1.0,1,1.0,1,1.0,1,0.16261347111701696,47
926,3,1827,689,1138,0,0,0,1.0,1,1.0,1,1.0,1,0.16898720072237539,46
927,3,1830,690,1140,0,0,0,1.0,1,1.0,1,1.0,1,0.14538209830393672,45
928,0,1830,690,1140,0,0,0,1.0,1,1.0,1,1.0,1,0.1732463304694181,43
929,4,1834,690,1144,0,0,0,1.0,1,1.0,1,1.0,1,0.11767830595843203,42
930,2,1836,691,1145,0,0,0,1.0,1,1.0,1,1.0,1,0.09896037704038317,41
931,2,1838,692,1146,0,0,0,1.0,1,1.0,1,1.0,1,0.14761174721731446,40
932,1,1839,692,1147,0,0,0,1.0,1,1.0,1,1.0,1,0.1537436625267976,40
933,2,1841,692,1149,0,0,0,1.0,1,1.0,1,1.0,1,0.11672987135019973,39
934,3,1844,693,1151,0,0,0,1.0,1,1.0,1,1.0,1,0.1380739833443865,39
935,2,1846,693,1153,0,0,0,1.0,1,1.0,1,1.0,1,0.11524462374442149,41
936,0,1846,693,1153,0,0,0,1.0,1,1.0,1,1.0,1,0.09759257255174641,42
937,1,1847,693,1154,0,0,0,1.0,1,1.0,1,1.0,1,0.08126851765141693,43
938,1,1848,694,1154,0,0,0,1.0,1,1.0,1,1.0,1,0.13048339989530944,44
939,4,1852,695,1157,0,0,0,1.0,1,1.0,1,1.0,1,0.16319113155199835,46
940,3,1855,695,1160,0,0,0,1.0,1,1.0,1,1.0,1,0.20362267221151323,46
941,5,1860,696,1164,0,0,0,1.0,1,1.0,1,1.0,1,0.1870088297546514,46
942,2,1862,697,1165,0,0,0,1.0,1,1.0,1,1.0,1,0.15024048429064998,46
943,3,1865,698,1167,0,0,0,1.0,1,1.0,1,1.0,1,0.14321755106919573,45
944,1,1866,699,1167,0,0,0,1.0,1,1.0,1,1.0,1,0.13536067655745207,45
945,4,1870,700,1170,0,0,0,1.0,1,1.0,1,1.0,1,0.1513122639922194,44
946,6,1876,702,1174,0,0,0,1.0,1,1.0,1,1.0,1,0.10838551219480233,46
947,1,1877,702,1175,0,0,0,1.0,1,1.0,1,1.0,1,0.13713505961744282,44
948,3,1880,704,1176,0,0,0,1.0,1,1.0,1,1.0,1,0.14537331516094004,44
949,5,1885,705,1180,0,0,0,1.0,1,1.0,1,1.0,1,0.16233752951718794,44
950,1,1886,705,1181,0,0,0,1.0,1,1.0,1,1.0,1,0.1573936635339169,43
951,1,1887,705,1182,0,0,0,1.0,1,1.0,1,1.0,1,0.17642400823330548,42
952,2,1889,706,1183,0,0,0,1.0,1,1.0,1,1.0,1,0.20582518024433955,42
953,1,1890,706,1184,0,0,0,1.0,1,1.0,1,1.0,1,0.1750957504203021,41
954,0,1890,706,1184,0,0,0,1.0,1,1.0,1,1.0,1,0.19684105831281523,40
955,1,1891,706,1185,0,0,0,1.0,1,1.0,1,1.0,1,0.1738588393265956,42
956,2,1893,707,1186,0,0,0,1.0,1,1.0,1,1.0,1,0.15815135745284206,43
957,1,1894,707,1187,0,0,0,1.0,1,1.0,1,1.0,1,0.14312673703250672,42
958,1,1895,707,1188,0,0,0,1.0,1,1.0,1,1.0,1,0.18771834200541082,43
959,2,1897,708,1189,0,0,0,1.0,1,1.0,1,1.0,1,0.21676517214631869,45
960,3,1900,708,1192,0,0,0,1.0,1,1.0,1,1.0,1,0.1768094870063019,47
961,0,1900,708,1192,0,0,0,1.0,1,1.0,1,1.0,1,0.17235541465519508,45
962,2,1902,709,1193,0,0,0,1.0,1,1.0,1,1.0,1,0.23900663541598335,45
963,3,1905,710,1195,0,0,0,1.0,1,1.0,1,1.0,1,0.20239952272773046,44
964,1,1906,710,1196,0,0,0,1.0,1,1.0,1,1.0,1,0.1881050707434833,44
965,4,1910,710,1200,0,0,0,1.0,1,1.0,1,1.0,1,0.1243238235825736,45
966,1,1911,711,1200,0,0,0,1.0,1,1.0,1,1.0,1,0.15265279621497688,43
967,0,1911,711,1200,0,0,0,1.0,1,1.0,1,1.0,1,0.15265279621497688,43
968,0,1911,711,1200,0,0,0,1.0,1,1.0,1,1.0,1,0.14697235016088073,43
969,3,1914,712,1202,0,0,0,1.0,1,1.0,1,1.0,1,0.1681882563717958,42
970,0,1914,712,1202,0,0,0,1.0,1,1.0,1,1.0,1,0.17201777900053092,42
971,1,1915,712,1203,0,0,0,1.0,1,1.0,1,1.0,1,0.14932623815278442,42
972,0,1915,712,1203,0,0,0,1.0,1,1.0,1,1.0,1,0.14932623815278442,42
973,2,1917,712,1205,0,0,0,1.0,1,1.0,1,1.0,1,0.09054015837314774,43
974,1,1918,713,1205,0,0,0,1.0,1,1.0,1,1.0,1,0.08415905655855797,43
975,2,1920,713,1207,0,0,0,1.0,1,1.0,1,1.0,1,0.09024910511638785,43
976,2,1922,714,1208,0,0,0,1.0,1,1.0,1,1.0,1,0.10123597077966567,45
977,0,1922,714,1208,0,0,0,1.0,1,1.0,1,1.0,1,0.11907104699541256,44
978,1,1923,714,1209,0,0,0,1.0,1,1.0,1,1.0,1,0.08275186484578381,44
979,0,1923,714,1209,0,0,0,1.0,1,1.0,1,1.0,1,0.12782277639037265,45
980,1,1924,715,1209,0,0,0,1.0,1,1.0,1,1.0,1,0.11817990355737801,45
981,0,1924,715,1209,0,0,0,1.0,1,1.0,1,1.0,1,0.11817990355737801,45
982,7,1931,719,1212,0,0,0,1.0,1,1.0,1,1.0,1,0.21250777286968503,46
983,5,1936,721,1215,0,0,0,1.0,1,1.0,1,1.0,1,0.2066451765853998,45
984,4,1940,722,1218,0,0,0,1.0,1,1.0,1,1.0,1,0.19403930889132956,45
985,6,1946,725,1221,0,0,0,1.0,1,1.0,1,1.0,1,0.2005926362757384,45
986,3,1949,726,1223,0,0,0,1.0,1,1.0,1,1.0,1,0.15626900551246034,44
987,3,1952,727,1225,0,0,0,1.0,1,1.0,1,1.0,1,0.14800883766247408,45
988,1,1953,728,1225,0,0,0,1.0,1,1.0,1,1.0,1,0.16351104773188194,44
989,1,1954,728,1226,0,0,0,1.0,1,1.0,1,1.0,1,0.14004246887467697,43
990,0,1954,728,1226,0,0,0,1.0,1,1.0,1,1.0,1,0.14191120059309437,42
991,0,1954,728,1226,0,0,0,1.0,1,1.0,1,1.0,1,0.1368254955266493,42
992,0,1954,728,1226,0,0,0,1.0,1,1.0,1,1.0,1,0.15116872758001482,43
993,2,1956,729,1227,0,0,0,1.0,1,1.0,1,1.0,1,0.1426479817848693,43
994,2,1958,730,1228,0,0,0,1.0,1,1.0,1,1.0,1,0.15294768516912183,43
995,0,1958,730,1228,0,0,0,1.0,1,1.0,1,1.0,1,0.1654170887472477,43
996,1,1959,730,1229,0,0,0,1.0,1,1.0,1,1.0,1,0.15588682861008518,44
997,2,1961,731,1230,0,0,0,1.0,1,1.0,1,1.0,1,0.1596719919484726,44
998,4,1965,732,1233,0,0,0,1.0,1,1.0,1,1.0,1,0.15173169354252491,45
999,0,1965,732,1233,0,0,0,1.0,1,1.0,1,1.0,1,0.14858643403472827,42
1000,1,1966,732,1234,0,0,0,1.0,1,1.0,1,1.0,1,0.13238895428488104,43
1001,2,1968,732,1236,0,0,0,1.0,1,1.0,1,1.0,1,0.09869292799641022,42
1002,1,1969,732,1237,0,0,0,1.0,1,1.0,1,1.0,1,0.09211282085469416,43
1003,0,1969,732,1237,0,0,0,1.0,1,1.0,1,1.0,1,0.09211282085469416,43
1004,0,1969,732,1237,0,0,0,1.0,1,1.0,1,1.0,1,0.09211282085469416,43
1005,0,1969,732,1237,0,0,0,1.0,1,1.0,1,1.0,1,0.10283059101980005,44
1006,1,1970,732,1238,0,0,0,1.0,1,1.0,1,1.0,1,0.09735835918866688,46
1007,1,1971,732,1239,0,0,0,1.0,1,1.0,1,1.0,1,0.07884984683880185,46
1008,2,1973,734,1239,0,0,0,1.0,1,1.0,1,1.0,1,0.15043282860112497,47
1009,1,1974,734,1240,0,0,0,1.0,1,1.0,1,1.0,1,0.13363111744227718,48
1010,0,1974,734,1240,0,0,0,1.0,1,1.0,1,1.0,1,0.13363111744227718,48
1011,0,1974,734,1240,0,0,0,1.0,1,1.0,1,1.0,1,0.13363111744227718,48
1012,4,1978,736,1242,0,0,0,1.0,1,1.0,1,1.0,1,0.1556402875724797,49
1013,1,1979,736,1243,0,0,0,1.0,1,1.0,1,1.0,1,0.12509999245583797,50
1014,1,1980,737,1243,0,0,0,1.0,1,1.0,1,1.0,1,0.14662029081158753,50
1015,2,1982,737,1245,0,0,0,1.0,1,1.0,1,1.0,1,0.13319223522003498,51
1016,2,1984,738,1246,0,0,0,1.0,1,1.0,1,1.0,1,0.13415491109982838,51
1017,1,1985,738,1247,0,0,0,1.0,1,1.0,1,1.0,1,0.1369854521728602,52
1018,1,1986,739,1247,0,0,0,1.0,1,1.0,1,1.0,1,0.16283522325313615,52
1019,1,1987,739,1248,0,0,0,1.0,1,1.0,1,1.0,1,0.17945149536223812,52
1020,2,1989,739,1250,0,0,0,1.0,1,1.0,1,1.0,1,0.14467083880418216,53
1021,4,1993,740,1253,0,0,0,1.0,1,1.0,1,1.0,1,0.1339579491490702,53
1022,0,1993,740,1253,0,0,0,1.0,1,1.0,1,1.0,1,0.1297719471556521,54
1023,1,1994,741,1253,0,0,0,1.0,1,1.0,1,1.0,1,0.11853482860354833,55
1024,0,1994,741,1253,0,0,0,1.0,1,1.0,1,1.0,1,0.11999561914445779,55
1025,2,1996,741,1255,0,0,0,1.0,1,1.0,1,1.0,1,0.1074445463060641,56
1026,5,2001,743,1258,0,0,0,1.0,1,1.0,1,1.0,1,0.10178283421270029,57
1027,1,2002,743,1259,0,0,0,1.0,1,1.0,1,1.0,1,0.10134109054455698,58
1028,2,2004,744,1260,0,0,0,1.0,1,1.0,1,1.0,1,0.09835986261064818,58
1029,2,2006,746,1260,0,0,0,1.0,1,1.0,1,1.0,1,0.1455665688293778,59
1030,1,2007,746,1261,0,0,0,1.0,1,1.0,1,1.0,1,0.1467089687964074,60
1031,0,2007,746,1261,0,0,0,1.0,1,1.0,1,1.0,1,0.1467089687964074,60
1032,1,2008,747,1261,0,0,0,1.0,1,1.0,1,1.0,1,0.17282498605666102,61
1033,3,2011,748,1263,0,0,0,1.0,1,1.0,1,1.0,1,0.1330540152746412,60
1034,2,2013,750,1263,0,0,0,1.0,1,1.0,1,1.0,1,0.1315705104792428,60
1035,1,2014,751,1263,0,0,0,1.0,1,1.0,1,1.0,1,0.13756531298204552,59
1036,5,2019,754,1265,0,0,0,1.0,1,1.0,1,1.0,1,0.13671563265368958,60
1037,2,2021,756,1265,0,0,0,1.0,1,1.0,1,1.0,1,0.15966359673242572,59
1038,3,2024,758,1266,0,0,0,1.0,1,1.0,1,1.0,1,0.1662242412168217,60
1039,6,2030,760,1270,0,0,0,1.0,1,1.0,1,1.0,1,0.16459927343375116,60
1040,5,2035,762,1273,0,0,0,1.0,1,1.0,1,1.0,1,0.14991271033208212,58
1041,2,2037,763,1274,0,0,0,1.0,1,1.0,1,1.0,1,0.14325779399950012,56
1042,2,2039,764,1275,0,0,0,1.0,1,1.0,1,1.0,1,0.15592577346952846,55
1043,4,2043,766,1277,0,0,0,1.0,1,1.0,1,1.0,1,0.1512959731891304,55
1044,1,2044,767,1277,0,0,0,1.0,1,1.0,1,1.0,1,0.1408413327989143,52
1045,5,2049,767,1282,0,0,0,1.0,1,1.0,1,1.0,1,0.11039325185935403,52
1046,4,2053,768,1285,0,0,0,1.0,1,1.0,1,1.0,1,0.11139466459251507,53
1047,2,2055,768,1287,0,0,0,1.0,1,1.0,1,1.0,1,0.13101900474712497,54
1048,3,2058,769,1289,0,0,0,1.0,1,1.0,1,1.0,1,0.13852605797098375,56
1049,7,2065,772,1293,0,0,0,1.0,1,1.0,1,1.0,1,0.0958232452271654,55
1050,0,2065,772,1293,0,0,0,1.0,1,1.0,1,1.0,1,0.09019666474915641,56
1051,0,2065,772,1293,0,0,0,1.0,1,1.0,1,1.0,1,0.0889798548200168,55
1052,0,2065,772,1293,0,0,0,1.0,1,1.0,1,1.0,1,0.0936998452518018,56
1053,1,2066,773,1293,0,0,0,1.0,1,1.0,1,1.0,1,0.0999003531577296,56
1054,1,2067,773,1294,0,0,0,1.0,1,1.0,1,1.0,1,0.08831517645796935,57
1055,2,2069,773,1296,0,0,0,1.0,1,1.0,1,1.0,1,0.07350719325782407,58
1056,0,2069,773,1296,0,0,0,1.0,1,1.0,1,1.0,1,0.08383063612399147,59
1057,2,2071,774,1297,0,0,0,1.0,1,1.0,1,1.0,1,0.09420819316912538,60
1058,3,2074,776,1298,0,0,0,1.0,1,1.0,1,1.0,1,0.12389671173655194,60
1059,1,2075,777,1298,0,0,0,1.0,1,1.0,1,1.0,1,0.10213433149556578,60
1060,2,2077,778,1299,0,0,0,1.0,1,1.0,1,1.0,1,0.12168018818233495,60
1061,6,2083,781,1302,0,0,0,1.0,1,1.0,1,1.0,1,0.10124961719428686,59
1062,3,2086,783,1303,0,0,0,1.0,1,1.0,1,1.0,1,0.11156184702182194,59
1063,2,2088,785,1303,0,0,0,1.0,1,1.0,1,1.0,1,0.1342940145262701,58
1064,7,2095,789,1306,0,0,0,1.0,1,1.0,1,1.0,1,0.1401670938959192,58
1065,8,2103,793,1310,0,0,0,1.0,1,1.0,1,1.0,1,0.11505897265349894,60
1066,1,2104,794,1310,0,0,0,1.0,1,1.0,1,1.0,1,0.11220682444954232,58
1067,4,2108,796,1312,0,0,0,1.0,1,1.0,1,1.0,1,0.1610841930406003,59
1068,0,2108,796,1312,0,0,0,1.0,1,1.0,1,1.0,1,0.1610841930406003,59
1069,6,2114,797,1317,0,0,0,1.0,1,1.0,1,1.0,1,0.1526090589242668,58
1070,4,2118,798,1320,0,0,0,1.0,1,1.0,1,1.0,1,0.11238731044581034,58
1071,2,2120,800,1320,0,0,0,1.0,1,1.0,1,1.0,1,0.15520667799676166,57
1072,0,2120,800,1320,0,0,0,1.0,1,1.0,1,1.0,1,0.14920375668322483,56
1073,3,2123,800,1323,0,0,0,1.0,1,1.0,1,1.0,1,0.13890624483415923,54
1074,1,2124,801,1323,0,0,0,1.0,1,1.0,1,1.0,1,0.14307063909738876,54
1075,1,2125,802,1323,0,0,0,1.0,1,1.0,1,1.0,1,0.1366651564084102,51
1076,1,2126,802,1324,0,0,0,1.0,1,1.0,1,1.0,1,0.12315050064750731,51
1077,1,2127,802,1325,0,0,0,1.0,1,1.0,1,1.0,1,0.1181081915028036,51
1078,2,2129,803,1326,0,0,0,1.0,1,1.0,1,1.0,1,0.1513152690497875,52
1079,8,2137,809,1328,0,0,0,1.0,1,1.0,1,1.0,1,0.17381616520418913,51
1080,2,2139,810,1329,0,0,0,1.0,1,1.0,1,1.0,1,0.18198858402826304,51
1081,4,2143,810,1333,0,0,0,1.0,1,1.0,1,1.0,1,0.12583532188857718,48
1082,1,2144,811,1333,0,0,0,1.0,1,1.0,1,1.0,1,0.17374650293534702,47
1083,2,2146,812,1334,0,0,0,1.0,1,1.0,1,1.0,1,0.21598153636994707,46
1084,1,2147,812,1335,0,0,0,1.0,1,1.0,1,1.0,1,0.19184337651196456,45
1085,4,2151,813,1338,0,0,0,1.0,1,1.0,1,1.0,1,0.20217002865880462,46
1086,1,2152,813,1339,0,0,0,1.0,1,1.0,1,1.0,1,0.16863925125605683,45
1087,3,2155,813,1342,0,0,0,1.0,1,1.0,1,1.0,1,0.16793708521952755,44
1088,1,2156,813,1343,0,0,0,1.0,1,1.0,1,1.0,1,0.132383990542087,45
1089,3,2159,813,1346,0,0,0,1.0,1,1.0,1,1.0,1,0.12823412957266228,46
1090,2,2161,813,1348,0,0,0,1.0,1,1.0,1,1.0,1,0.13918965680480042,47
1091,2,2163,814,1349,0,0,0,1.0,1,1.0,1,1.0,1,0.1308781405874141,47
1092,3,2166,814,1352,0,0,0,1.0,1,1.0,1,1.0,1,0.11439607356345761,48
1093,2,2168,815,1353,0,0,0,1.0,1,1.0,1,1.0,1,0.10404318416383354,48
1094,2,2170,817,1353,0,0,0,1.0,1,1.0,1,1.0,1,0.14233201591033695,48
1095,3,2173,817,1356,0,0,0,1.0,1,1.0,1,1.0,1,0.14913870928966527,49
1096,2,2175,817,1358,0,0,0,1.0,1,1.0,1,1.0,1,0.12673626039632313,49
1097,3,2178,818,1360,0,0,0,1.0,1,1.0,1,1.0,1,0.11821825141717275,50
1098,0,2178,818,1360,0,0,0,1.0,1,1.0,1,1.0,1,0.12695081309909192,51
1099,2,2180,818,1362,0,0,0,1.0,1,1.0,1,1.0,1,0.11151920603785208,54
1100,0,2180,818,1362,0,0,0,1.0,1,1.0,1,1.0,1,0.11151920603785208,54
1101,1,2181,818,1363,0,0,0,1.0,1,1.0,1,1.0,1,0.10197972004439858,54
1102,0,2181,818,1363,0,0,0,1.0,1,1.0,1,1.0,1,0.09994140392956821,54
1103,1,2182,819,1363,0,0,0,1.0,1,1.0,1,1.0,1,0.10515029473070212,53
1104,2,2184,821,1363,0,0,0,1.0,1,1.0,1,1.0,1,0.1102897992896027,53
1105,5,2189,824,1365,0,0,0,1.0,1,1.0,1,1.0,1,0.08345893290759908,52
1106,1,2190,824,1366,0,0,0,1.0,1,1.0,1,1.0,1,0.08139083683465975,52
1107,2,2192,826,1366,0,0,0,1.0,1,1.0,1,1.0,1,0.13651587866991385,52
1108,1,2193,827,1366,0,0,0,1.0,1,1.0,1,1.0,1,0.15295177053879785,51
1109,5,2198,831,1367,0,0,0,1.0,1,1.0,1,1.0,1,0.14718795587721004,49
1110,1,2199,832,1367,0,0,0,1.0,1,1.0,1,1.0,1,0.1708569482417515,48
1111,4,2203,835,1368,0,0,0,1.0,1,1.0,1,1.0,1,0.23868667746703803,47
1112,2,2205,836,1369,0,0,0,1.0,1,1.0,1,1.0,1,0.2749430320489325,46
1113,4,2209,838,1371,0,0,0,1.0,1,1.0,1,1.0,1,0.2696503256794984,43
1114,2,2211,839,1372,0,0,0,1.0,1,1.0,1,1.0,1,0.28530037867226504,41
1115,4,2215,840,1375,0,0,0,1.0,1,1.0,1,1.0,1,0.24759361266204222,40
1116,2,2217,841,1376,0,0,0,1.0,1,1.0,1,1.0,1,0.23501342353180257,39
1117,5,2222,843,1379,0,0,0,1.0,1,1.0,1,1.0,1,0.23528826783757686,40
1118,3,2225,844,1381,0,0,0,1.0,1,1.0,1,1.0,1,0.1758051799503646,40
1119,2,2227,844,1383,0,0,0,1.0,1,1.0,1,1.0,1,0.18284094924464847,40
1120,2,2229,844,1385,0,0,0,1.0,1,1.0,1,1.0,1,0.18014719501406973,40
1121,5,2234,846,1388,0,0,0,1.0,1,1.0,1,1.0,1,0.2153717239400829,40
1122,2,2236,846,1390,0,0,0,1.0,1,1.0,1,1.0,1,0.2132482690320697,41
1123,2,2238,848,1390,0,0,0,1.0,1,1.0,1,1.0,1,0.27901825058173646,41
1124,2,2240,848,1392,0,0,0,1.0,1,1.0,1,1.0,1,0.2633620049122207,41
1125,1,2241,848,1393,0,0,0,1.0,1,1.0,1,1.0,1,0.25954514720908284,41
1126,0,2241,848,1393,0,0,0,1.0,1,1.0,1,1.0,1,0.23485186022592597,41
1127,1,2242,848,1394,0,0,0,1.0,1,1.0,1,1.0,1,0.22905731807789817,41
1128,0,2242,848,1394,0,0,0,1.0,1,1.0,1,1.0,1,0.24176067124350892,42
1129,4,2246,848,1398,0,0,0,1.0,1,1.0,1,1.0,1,0.21609008880794597,42
1130,2,2248,848,1400,0,0,0,1.0,1,1.0,1,1.0,1,0.1847673717315415,42
1131,0,2248,848,1400,0,0,0,1.0,1,1.0,1,1.0,1,0.1847673717315415,42
1132,0,2248,848,1400,0,0,0,1.0,1,1.0,1,1.0,1,0.15189161454891822,43
1133,0,2248,848,1400,0,0,0,1.0,1,1.0,1,1.0,1,0.14166580488591604,45
1134,2,2250,848,1402,0,0,0,1.0,1,1.0,1,1.0,1,0.13338148852344064,46
1135,0,2250,848,1402,0,0,0,1.0,1,1.0,1,1.0,1,0.14797401783717068,45
1136,3,2253,848,1405,0,0,0,1.0,1,1.0,1,1.0,1,0.1458623915495909,48
1137,4,2257,848,1409,0,0,0,1.0,1,1.0,1,1.0,1,0.12421428628901558,49
1138,3,2260,848,1412,0,0,0,1.0,1,1.0,1,1.0,1,0.11897604032510775,49
1139,1,2261,848,1413,0,0,0,1.0,1,1.0,1,1.0,1,0.12207336554141339,49
1140,2,2263,849,1414,0,0,0,1.0,1,1.0,1,1.0,1,0.12798004938895838,49
1141,1,2264,850,1414,0,0,0,1.0,1,1.0,1,1.0,1,0.17060778313237715,48
1142,5,2269,854,1415,0,0,0,1.0,1,1.0,1,1.0,1,0.12257647118160636,48
1143,3,2272,857,1415,0,0,0,1.0,1,1.0,1,1.0,1,0.18429319827214352,48
1144,2,2274,859,1415,0,0,0,1.0,1,1.0,1,1.0,1,0.15615832259208723,48
1145,4,2278,860,1418,0,0,0,1.0,1,1.0,1,1.0,1,0.15066985710878458,48
1146,5,2283,863,1420,0,0,0,1.0,1,1.0,1,1.0,1,0.1743208535074492,48
1147,3,2286,863,1423,0,0,0,1.0,1,1.0,1,1.0,1,0.18358684370484613,46
1148,3,2289,864,1425,0,0,0,1.0,1,1.0,1,1.0,1,0.18106864567187625,46
1149,6,2295,865,1430,0,0,0,1.0,1,1.0,1,1.0,1,0.1987382284182424,45
1150,3,2298,866,1432,0,0,0,1.0,1,1.0,1,1.0,1,0.20842483849838456,46
1151,5,2303,868,1435,0,0,0,1.0,1,1.0,1,1.0,1,0.16625237235482168,44
1152,3,2306,868,1438,0,0,0,1.0,1,1.0,1,1.0,1,0.1666939786410606,44
1153,4,2310,870,1440,0,0,0,1.0,1,1.0,1,1.0,1,0.169937830278389,43
1154,1,2311,871,1440,0,0,0,1.0,1,1.0,1,1.0,1,0.16733732051291508,43
1155,4,2315,872,1443,0,0,0,1.0,1,1.0,1,1.0,1,0.17613411801597237,43
1156,0,2315,872,1443,0,0,0,1.0,1,1.0,1,1.0,1,0.18077821995760424,42
1157,3,2318,874,1444,0,0,0,1.0,1,1.0,1,1.0,1,0.1830739659821896,42
1158,0,2318,874,1444,0,0,0,1.0,1,1.0,1,1.0,1,0.1731749507481119,41
1159,0,2318,874,1444,0,0,0,1.0,1,1.0,1,1.0,1,0.17335066538925498,41
1160,0,2318,874,1444,0,0,0,1.0,1,1.0,1,1.0,1,0.17335066538925498,41
1161,1,2319,874,1445,0,0,0,1.0,1,1.0,1,1.0,1,0.15470667322936527,42
1162,3,2322,874,1448,0,0,0,1.0,1,1.0,1,1.0,1,0.115271381427798,43
1163,0,2322,874,1448,0,0,0,1.0,1,1.0,1,1.0,1,0.115271381427798,43
1164,0,2322,874,1448,0,0,0,1.0,1,1.0,1,1.0,1,0.10280787064679807,44
1165,0,2322,874,1448,0,0,0,1.0,1,1.0,1,1.0,1,0.10280787064679807,44
1166,0,2322,874,1448,0,0,0,1.0,1,1.0,1,1.0,1,0.12746726116721446,46
1167,0,2322,874,1448,0,0,0,1.0,1,1.0,1,1.0,1,0.12746726116721446,46
1168,2,2324,874,1450,0,0,0,1.0,1,1.0,1,1.0,1,0.12356540466051534,47
1169,2,2326,875,1451,0,0,0,1.0,1,1.0,1,1.0,1,0.06905424396548115,46
1170,1,2327,875,1452,0,0,0,1.0,1,1.0,1,1.0,1,0.06799168654985284,48
1171,3,2330,877,1453,0,0,0,1.0,1,1.0,1,1.0,1,0.09850773222832698,49
1172,1,2331,877,1454,0,0,0,1.0,1,1.0,1,1.0,1,0.09431487732165934,49
1173,0,2331,877,1454,0,0,0,1.0,1,1.0,1,1.0,1,0.09431487732165934,49
1174,1,2332,878,1454,0,0,0,1.0,1,1.0,1,1.0,1,0.1178812237013929,49
1175,2,2334,878,1456,0,0,0,1.0,1,1.0,1,1.0,1,0.10614328120496905,50
1176,1,2335,879,1456,0,0,0,1.0,1,1.0,1,1.0,1,0.10465018044783662,52
1177,2,2337,881,1456,0,0,0,1.0,1,1.0,1,1.0,1,0.13972181049386762,52
1178,0,2337,881,1456,0,0,0,1.0,1,1.0,1,1.0,1,0.13972181049386762,52
1179,1,2338,882,1456,0,0,0,1.0,1,1.0,1,1.0,1,0.12861502496538085,53
1180,1,2339,882,1457,0,0,0,1.0,1,1.0,1,1.0,1,0.10755232248512966,54
1181,0,2339,882,1457,0,0,0,1.0,1,1.0,1,1.0,1,0.1202234907112907,55
1182,2,2341,884,1457,0,0,0,1.0,1,1.0,1,1.0,1,0.15608575246836684,55
1183,3,2344,885,1459,0,0,0,1.0,1,1.0,1,1.0,1,0.1857141979501834,53
1184,1,2345,886,1459,0,0,0,1.0,1,1.0,1,1.0,1,0.17506565504562221,54
1185,3,2348,886,1462,0,0,0,1.0,1,1.0,1,1.0,1,0.13794676687984253,53
1186,5,2353,887,1466,0,0,0,1.0,1,1.0,1,1.0,1,0.16380588279149705,54
1187,2,2355,887,1468,0,0,0,1.0,1,1.0,1,1.0,1,0.16346315311205203,55
1188,0,2355,887,1468,0,0,0,1.0,1,1.0,1,1.0,1,0.16346315311205203,55
1189,3,2358,887,1471,0,0,0,1.0,1,1.0,1,1.0,1,0.13548694907444145,54
1190,1,2359,888,1471,0,0,0,1.0,1,1.0,1,1.0,1,0.13093115584468185,55
1191,4,2363,888,1475,0,0,0,1.0,1,1.0,1,1.0,1,0.08491433757111906,54
1192,7,2370,891,1479,0,0,0,1.0,1,1.0,1,1.0,1,0.11287881844312994,52
1193,1,2371,891,1480,0,0,0,1.0,1,1.0,1,1.0,1,0.09689180218964981,53
1194,2,2373,893,1480,0,0,0,1.0,1,1.0,1,1.0,1,0.12196606644967033,53
1195,2,2375,893,1482,0,0,0,1.0,1,1.0,1,1.0,1,0.09770256576023334,54
1196,0,2375,893,1482,0,0,0,1.0,1,1.0,1,1.0,1,0.09903892895834115,56
1197,2,2377,893,1484,0,0,0,1.0,1,1.0,1,1.0,1,0.0773998548551143,56
1198,1,2378,894,1484,0,0,0,1.0,1,1.0,1,1.0,1,0.0850481832831252,58
1199,1,2379,895,1484,0,0,0,1.0,1,1.0,1,1.0,1,0.0803167550243229,58
1200,0,2379,895,1484,0,0,0,1.0,1,1.0,1,1.0,1,0.0803167550243229,58
1201,3,2382,897,1485,0,0,0,1.0,1,1.0,1,1.0,1,0.09854277456872924,58
1202,1,2383,898,1485,0,0,0,1.0,1,1.0,1,1.0,1,0.10169512089528746,60
1203,1,2384,898,1486,0,0,0,1.0,1,1.0,1,1.0,1,0.10409460622241092,58
1204,1,2385,899,1486,0,0,0,1.0,1,1.0,1,1.0,1,0.10598243377869732,59
1205,3,2388,900,1488,0,0,0,1.0,1,1.0,1,1.0,1,0.08808840191771808,59
1206,0,2388,900,1488,0,0,0,1.0,1,1.0,1,1.0,1,0.1099510546743351,58
1207,1,2389,900,1489,0,0,0,1.0,1,1.0,1,1.0,1,0.11722635071000286,60
1208,0,2389,900,1489,0,0,0,1.0,1,1.0,1,1.0,1,0.11722635071000286,60
1209,1,2390,900,1490,0,0,0,1.0,1,1.0,1,1.0,1,0.10821313906346774,61
1210,1,2391,900,1491,0,0,0,1.0,1,1.0,1,1.0,1,0.104875060629073,61
1211,2,2393,900,1493,0,0,0,1.0,1,1.0,1,1.0,1,0.08822690529006788,63
1212,1,2394,901,1493,0,0,0,1.0,1,1.0,1,1.0,1,0.08895667080874901,63
1213,1,2395,902,1493,0,0,0,1.0,1,1.0,1,1.0,1,0.09790480450620986,63
1214,5,2400,904,1496,0,0,0,1.0,1,1.0,1,1.0,1,0.15168529543011475,62
1215,2,2402,905,1497,0,0,0,1.0,1,1.0,1,1.0,1,0.1572529357439127,63
1216,1,2403,905,1498,0,0,0,1.0,1,1.0,1,1.0,1,0.17780555592599123,64
1217,3,2406,905,1501,0,0,0,1.0,1,1.0,1,1.0,1,0.15441510913519021,65
1218,1,2407,905,1502,0,0,0,1.0,1,1.0,1,1.0,1,0.1640417626141162,64
1219,1,2408,905,1503,0,0,0,1.0,1,1.0,1,1.0,1,0.17236684994320653,65
1220,0,2408,905,1503,0,0,0,1.0,1,1.0,1,1.0,1,0.1850479728683332,64
1221,6,2414,906,1508,0,0,0,1.0,1,1.0,1,1.0,1,0.14375106684952998,65
1222,1,2415,906,1509,0,0,0,1.0,1,1.0,1,1.0,1,0.14054255590211387,66
1223,3,2418,907,1511,0,0,0,1.0,1,1.0,1,1.0,1,0.12915481477235002,64
1224,8,2426,910,1516,0,0,0,1.0,1,1.0,1,1.0,1,0.11842771197497219,66
1225,6,2432,912,1520,0,0,0,1.0,1,1.0,1,1.0,1,0.09296361913486045,66
1226,4,2436,912,1524,0,0,0,1.0,1,1.0,1,1.0,1,0.10173408051147417,68
1227,3,2439,912,1527,0,0,0,1.0,1,1.0,1,1.0,1,0.0642080434050092,64
1228,2,2441,912,1529,0,0,0,1.0,1,1.0,1,1.0,1,0.06058314943192892,62
1229,4,2445,914,1531,0,0,0,1.0,1,1.0,1,1.0,1,0.10589690718552962,61
1230,1,2446,915,1531,0,0,0,1.0,1,1.0,1,1.0,1,0.09428658526045441,58
1231,1,2447,916,1531,0,0,0,1.0,1,1.0,1,1.0,1,0.10438020137809442,57
1232,1,2448,917,1531,0,0,0,1.0,1,1.0,1,1.0,1,0.1325175144993095,53
1233,4,2452,918,1534,0,0,0,1.0,1,1.0,1,1.0,1,0.08817245571886635,53
1234,1,2453,918,1535,0,0,0,1.0,1,1.0,1,1.0,1,0.08995363883085562,54
1235,5,2458,918,1540,0,0,0,1.0,1,1.0,1,1.0,1,0.05658840900537241,55
1236,1,2459,919,1540,0,0,0,1.0,1,1.0,1,1.0,1,0.0978693876287359,55
1237,3,2462,919,1543,0,0,0,1.0,1,1.0,1,1.0,1,0.07401641048906527,55
1238,0,2462,919,1543,0,0,0,1.0,1,1.0,1,1.0,1,0.0910748535867446,54
1239,0,2462,919,1543,0,0,0,1.0,1,1.0,1,1.0,1,0.09396308190365041,55
1240,0,2462,919,1543,0,0,0,1.0,1,1.0,1,1.0,1,0.09396308190365041,55
1241,0,2462,919,1543,0,0,0,1.0,1,1.0,1,1.0,1,0.07486476576919503,54
1242,0,2462,919,1543,0,0,0,1.0,1,1.0,1,1.0,1,0.07912690126197956,54
1243,2,2464,921,1543,0,0,0,1.0,1,1.0,1,1.0,1,0.1301170966510221,55
1244,0,2464,921,1543,0,0,0,1.0,1,1.0,1,1.0,1,0.13993401318156998,55
1245,6,2470,923,1547,0,0,0,1.0,1,1.0,1,1.0,1,0.13754979743907897,55
1246,0,2470,923,1547,0,0,0,1.0,1,1.0,1,1.0,1,0.15960082908346818,55
1247,3,2473,924,1549,0,0,0,1.0,1,1.0,1,1.0,1,0.16220484555172754,57
1248,0,2473,924,1549,0,0,0,1.0,1,1.0,1,1.0,1,0.17386496900967796,56
1249,7,2480,927,1553,0,0,0,1.0,1,1.0,1,1.0,1,0.1625741062015273,56
1250,3,2483,929,1554,0,0,0,1.0,1,1.0,1,1.0,1,0.13638342023338862,56
1251,1,2484,929,1555,0,0,0,1.0,1,1.0,1,1.0,1,0.1131774776568107,58
1252,2,2486,931,1555,0,0,0,1.0,1,1.0,1,1.0,1,0.1572270296764361,58
1253,5,2491,933,1558,0,0,0,1.0,1,1.0,1,1.0,1,0.1500888066150924,58
1254,1,2492,933,1559,0,0,0,1.0,1,1.0,1,1.0,1,0.12848529347008153,60
1255,1,2493,933,1560,0,0,0,1.0,1,1.0,1,1.0,1,0.12424703190904553,61
1256,1,2494,933,1561,0,0,0,1.0,1,1.0,1,1.0,1,0.12872383730229559,61
1257,6,2500,935,1565,0,0,0,1.0,1,1.0,1,1.0,1,0.12381757876630468,62
1258,1,2501,935,1566,0,0,0,1.0,1,1.0,1,1.0,1,0.11249629059704983,63
1259,0,2501,935,1566,0,0,0,1.0,1,1.0,1,1.0,1,0.11249629059704983,63
1260,0,2501,935,1566,0,0,0,1.0,1,1.0,1,1.0,1,0.10586152284224887,63
1261,2,2503,935,1568,0,0,0,1.0,1,1.0,1,1.0,1,0.08594013501631091,63
1262,1,2504,936,1568,0,0,0,1.0,1,1.0,1,1.0,1,0.10497795601512637,64
1263,1,2505,937,1568,0,0,0,1.0,1,1.0,1,1.0,1,0.11844393238148179,63
1264,3,2508,939,1569,0,0,0,1.0,1,1.0,1,1.0,1,0.1315615096805744,63
1265,5,2513,942,1571,0,0,0,1.0,1,1.0,1,1.0,1,0.12259995424245423,60
1266,8,2521,946,1575,0,0,0,1.0,1,1.0,1,1.0,1,0.14292057302962316,61
1267,5,2526,947,1579,0,0,0,1.0,1,1.0,1,1.0,1,0.08037455104122009,58
1268,4,2530,950,1580,0,0,0,1.0,1,1.0,1,1.0,1,0.15044411451688083,54
1269,3,2533,951,1582,0,0,0,1.0,1,1.0,1,1.0,1,0.09147645655245604,54
1270,2,2535,953,1582,0,0,0,1.0,1,1.0,1,1.0,1,0.10954554931367917,51
1271,1,2536,954,1582,0,0,0,1.0,1,1.0,1,1.0,1,0.13685811885527857,50
1272,0,2536,954,1582,0,0,0,1.0,1,1.0,1,1.0,1,0.14778058995936408,47
1273,6,2542,955,1587,0,0,0,1.0,1,1.0,1,1.0,1,0.09886811369865622,47
1274,1,2543,956,1587,0,0,0,1.0,1,1.0,1,1.0,1,0.14681707495077304,49
1275,3,2546,958,1588,0,0,0,1.0,1,1.0,1,1.0,1,0.1597518235288785,48
1276,4,2550,959,1591,0,0,0,1.0,1,1.0,1,1.0,1,0.14447051766739688,49
1277,8,2558,963,1595,0,0,0,1.0,1,1.0,1,1.0,1,0.14907915570371408,50
1278,1,2559,963,1596,0,0,0,1.0,1,1.0,1,1.0,1,0.15029692950480453,51
1279,1,2560,964,1596,0,0,0,1.0,1,1.0,1,1.0,1,0.18925955743455233,51
1280,5,2565,964,1601,0,0,0,1.0,1,1.0,1,1.0,1,0.10308186275874129,52
1281,3,2568,966,1602,0,0,0,1.0,1,1.0,1,1.0,1,0.0907322896405282,52
1282,0,2568,966,1602,0,0,0,1.0,1,1.0,1,1.0,1,0.0907322896405282,52
1283,0,2568,966,1602,0,0,0,1.0,1,1.0,1,1.0,1,0.0907322896405282,52
1284,1,2569,967,1602,0,0,0,1.0,1,1.0,1,1.0,1,0.09983333936754364,52
1285,3,2572,968,1604,0,0,0,1.0,1,1.0,1,1.0,1,0.13744070176233797,51
1286,1,2573,968,1605,0,0,0,1.0,1,1.0,1,1.0,1,0.1430901506495761,52
1287,4,2577,969,1608,0,0,0,1.0,1,1.0,1,1.0,1,0.1446190890800298,54
1288,0,2577,969,1608,0,0,0,1.0,1,1.0,1,1.0,1,0.15345463503479675,55
1289,2,2579,969,1610,0,0,0,1.0,1,1.0,1,1.0,1,0.1334748045689742,56
1290,2,2581,969,1612,0,0,0,1.0,1,1.0,1,1.0,1,0.09286406765800993,57
1291,1,2582,969,1613,0,0,0,1.0,1,1.0,1,1.0,1,0.09302928810112675,58
1292,5,2587,970,1617,0,0,0,1.0,1,1.0,1,1.0,1,0.08740351789573717,59
1293,1,2588,970,1618,0,0,0,1.0,1,1.0,1,1.0,1,0.06544330663677535,59
1294,0,2588,970,1618,0,0,0,1.0,1,1.0,1,1.0,1,0.06544330663677535,59
1295,1,2589,971,1618,0,0,0,1.0,1,1.0,1,1.0,1,0.06061167571956396,59
1296,0,2589,971,1618,0,0,0,1.0,1,1.0,1,1.0,1,0.09127266112939109,59
1297,4,2593,972,1621,0,0,0,1.0,1,1.0,1,1.0,1,0.07373919209847081,61
1298,0,2593,972,1621,0,0,0,1.0,1,1.0,1,1.0,1,0.09380480309346317,61
1299,0,2593,972,1621,0,0,0,1.0,1,1.0,1,1.0,1,0.10495715169544256,60
1300,1,2594,972,1622,0,0,0,1.0,1,1.0,1,1.0,1,0.08932038427507234,59
1301,4,2598,973,1625,0,0,0,1.0,1,1.0,1,1.0,1,0.10799261604889097,59
1302,2,2600,974,1626,0,0,0,1.0,1,1.0,1,1.0,1,0.08848539772106004,59
1303,3,2603,977,1626,0,0,0,1.0,1,1.0,1,1.0,1,0.15856137727180053,55
1304,5,2608,981,1627,0,0,0,1.0,1,1.0,1,1.0,1,0.10783633100587584,56
1305,3,2611,982,1629,0,0,0,1.0,1,1.0,1,1.0,1,0.1482850466932476,54
1306,3,2614,984,1630,0,0,0,1.0,1,1.0,1,1.0,1,0.13178360398102568,53
1307,3,2617,987,1630,0,0,0,1.0,1,1.0,1,1.0,1,0.1366644892664315,52
1308,4,2621,990,1631,0,0,0,1.0,1,1.0,1,1.0,1,0.17558292924704455,52
1309,3,2624,990,1634,0,0,0,1.0,1,1.0,1,1.0,1,0.1299516817414787,54
1310,0,2624,990,1634,0,0,0,1.0,1,1.0,1,1.0,1,0.13720395740188718,52
1311,3,2627,992,1635,0,0,0,1.0,1,1.0,1,1.0,1,0.12880871970002372,51
1312,2,2629,994,1635,0,0,0,1.0,1,1.0,1,1.0,1,0.17517449029528376,49
1313,1,2630,994,1636,0,0,0,1.0,1,1.0,1,1.0,1,0.17685261679510905,47
1314,1,2631,995,1636,0,0,0,1.0,1,1.0,1,1.0,1,0.16011159919897017,46
1315,2,2633,996,1637,0,0,0,1.0,1,1.0,1,1.0,1,0.1318481773971195,45
1316,3,2636,998,1638,0,0,0,1.0,1,1.0,1,1.0,1,0.09381283425571708,46
1317,1,2637,998,1639,0,0,0,1.0,1,1.0,1,1.0,1,0.08169491513045483,45
1318,2,2639,1000,1639,0,0,0,1.0,1,1.0,1,1.0,1,0.12593352547929676,46
1319,0,2639,1000,1639,0,0,0,1.0,1,1.0,1,1.0,1,0.12593352547929676,46
1320,0,2639,1000,1639,0,0,0,1.0,1,1.0,1,1.0,1,0.12593352547929676,46
1321,0,2639,1000,1639,0,0,0,1.0,1,1.0,1,1.0,1,0.11104204764654055,48
1322,0,2639,1000,1639,0,0,0,1.0,1,1.0,1,1.0,1,0.12135446721278101,49
1323,1,2640,1000,1640,0,0,0,1.0,1,1.0,1,1.0,1,0.1225811102407122,49
1324,1,2641,1000,1641,0,0,0,1.0,1,1.0,1,1.0,1,0.13217519253504462,50
1325,3,2644,1000,1644,0,0,0,1.0,1,1.0,1,1.0,1,0.11798894583569818,49
1326,4,2648,1002,1646,0,0,0,1.0,1,1.0,1,1.0,1,0.11305882478386396,50
1327,2,2650,1003,1647,0,0,0,1.0,1,1.0,1,1.0,1,0.14473440936388135,50
1328,1,2651,1003,1648,0,0,0,1.0,1,1.0,1,1.0,1,0.1344000526229177,49
1329,1,2652,1003,1649,0,0,0,1.0,1,1.0,1,1.0,1,0.13050859520259764,50
1330,0,2652,1003,1649,0,0,0,1.0,1,1.0,1,1.0,1,0.13050859520259764,50
1331,3,2655,1004,1651,0,0,0,1.0,1,1.0,1,1.0,1,0.13855080067320288,50
1332,1,2656,1005,1651,0,0,0,1.0,1,1.0,1,1.0,1,0.12317769936912733,51
1333,3,2659,1006,1653,0,0,0,1.0,1,1.0,1,1.0,1,0.12742078547429686,52
1334,2,2661,1007,1654,0,0,0,1.0,1,1.0,1,1.0,1,0.1320153925040056,54
1335,0,2661,1007,1654,0,0,0,1.0,1,1.0,1,1.0,1,0.1320153925040056,54
1336,0,2661,1007,1654,0,0,0,1.0,1,1.0,1,1.0,1,0.13581773035734954,56
1337,4,2665,1008,1657,0,0,0,1.0,1,1.0,1,1.0,1,0.14545358965335342,57
1338,2,2667,1009,1658,0,0,0,1.0,1,1.0,1,1.0,1,0.14497787677869564,57
1339,4,2671,1011,1660,0,0,0,1.0,1,1.0,1,1.0,1,0.1820720097276126,58
1340,7,2678,1012,1666,0,0,0,1.0,1,1.0,1,1.0,1,0.20408028012419602,59
1341,3,2681,1012,1669,0,0,0,1.0,1,1.0,1,1.0,1,0.1355271252798619,57
1342,3,2684,1014,1670,0,0,0,1.0,1,1.0,1,1.0,1,0.15645968679635772,57
1343,0,2684,1014,1670,0,0,0,1.0,1,1.0,1,1.0,1,0.14992923903760708,55
1344,2,2686,1016,1670,0,0,0,1.0,1,1.0,1,1.0,1,0.15170904967678825,54
1345,3,2689,1016,1673,0,0,0,1.0,1,1.0,1,1.0,1,0.1342112507510495,53
1346,3,2692,1017,1675,0,0,0,1.0,1,1.0,1,1.0,1,0.11891321365267438,53
1347,0,2692,1017,1675,0,0,0,1.0,1,1.0,1,1.0,1,0.1168662171250535,51
1348,3,2695,1020,1675,0,0,0,1.0,1,1.0,1,1.0,1,0.13490635103730172,52
1349,1,2696,1020,1676,0,0,0,1.0,1,1.0,1,1.0,1,0.11092264186183164,50
1350,3,2699,1021,1678,0,0,0,1.0,1,1.0,1,1.0,1,0.12176334497607465,51
1351,1,2700,1022,1678,0,0,0,1.0,1,1.0,1,1.0,1,0.1331850201782451,50
1352,0,2700,1022,1678,0,0,0,1.0,1,1.0,1,1.0,1,0.1291325174936307,50
1353,4,2704,1022,1682,0,0,0,1.0,1,1.0,1,1.0,1,0.09999720187705777,50
1354,2,2706,1023,1683,0,0,0,1.0,1,1.0,1,1.0,1,0.13014705619459127,51
1355,3,2709,1025,1684,0,0,0,1.0,1,1.0,1,1.0,1,0.09669509246975003,53
1356,3,2712,1027,1685,0,0,0,1.0,1,1.0,1,1.0,1,0.09612350142232105,52
1357,3,2715,1028,1687,0,0,0,1.0,1,1.0,1,1.0,1,0.10159467929026157,52
1358,0,2715,1028,1687,0,0,0,1.0,1,1.0,1,1.0,1,0.10705196333876894,53
1359,4,2719,1029,1690,0,0,0,1.0,1,1.0,1,1.0,1,0.12423152160100372,54
1360,3,2722,1030,1692,0,0,0,1.0,1,1.0,1,1.0,1,0.12384503879381713,55
1361,5,2727,1031,1696,0,0,0,1.0,1,1.0,1,1.0,1,0.10748413327175352,55
1362,2,2729,1031,1698,0,0,0,1.0,1,1.0,1,1.0,1,0.08392654919165903,56
1363,2,2731,1032,1699,0,0,0,1.0,1,1.0,1,1.0,1,0.11551626727628497,56
1364,0,2731,1032,1699,0,0,0,1.0,1,1.0,1,1.0,1,0.10618711644272913,55
1365,0,2731,1032,1699,0,0,0,1.0,1,1.0,1,1.0,1,0.12125840893039237,56
1366,2,2733,1033,1700,0,0,0,1.0,1,1.0,1,1.0,1,0.1136828078845835,57
1367,3,2736,1034,1702,0,0,0,1.0,1,1.0,1,1.0,1,0.10234423950576083,57
1368,2,2738,1035,1703,0,0,0,1.0,1,1.0,1,1.0,1,0.11005427957264403,58
1369,5,2743,1036,1707,0,0,0,1.0,1,1.0,1,1.0,1,0.09263232154487966,59
1370,2,2745,1037,1708,0,0,0,1.0,1,1.0,1,1.0,1,0.10522263885738568,60
1371,0,2745,1037,1708,0,0,0,1.0,1,1.0,1,1.0,1,0.10443677325093452,59
1372,5,2750,1041,1709,0,0,0,1.0,1,1.0,1,1.0,1,0.1691640507071362,59
1373,9,2759,1042,1717,0,0,0,1.0,1,1.0,1,1.0,1,0.09489980336361273,59
1374,0,2759,1042,1717,0,0,0,1.0,1,1.0,1,1.0,1,0.09489980336361273,59
1375,1,2760,1042,1718,0,0,0,1.0,1,1.0,1,1.0,1,0.12065592654173102,62
1376,2,2762,1043,1719,0,0,0,1.0,1,1.0,1,1.0,1,0.1557473923948918,61
1377,5,2767,1044,1723,0,0,0,1.0,1,1.0,1,1.0,1,0.14602864950444314,63
1378,2,2769,1044,1725,0,0,0,1.0,1,1.0,1,1.0,1,0.14256202587590036,62
1379,7,2776,1046,1730,0,0,0,1.0,1,1.0,1,1.0,1,0.19358561877961694,61
1380,3,2779,1046,1733,0,0,0,1.0,1,1.0,1,1.0,1,0.1609363354337363,60
1381,3,2782,1046,1736,0,0,0,1.0,1,1.0,1,1.0,1,0.12448724766041966,58
1382,3,2785,1047,1738,0,0,0,1.0,1,1.0,1,1.0,1,0.09514524697311602,56
1383,1,2786,1047,1739,0,0,0,1.0,1,1.0,1,1.0,1,0.10346427654949489,57
1384,1,2787,1047,1740,0,0,0,1.0,1,1.0,1,1.0,1,0.12285052899618344,55
1385,6,2793,1047,1746,0,0,0,1.0,1,1.0,1,1.0,1,0.08237079823728896,55
1386,1,2794,1047,1747,0,0,0,1.0,1,1.0,1,1.0,1,0.09677569068968947,54
1387,1,2795,1048,1747,0,0,0,1.0,1,1.0,1,1.0,1,0.11021001430410558,53
1388,2,2797,1050,1747,0,0,0,1.0,1,1.0,1,1.0,1,0.13719501484979502,52
1389,8,2805,1050,1755,0,0,0,1.0,1,1.0,1,1.0,1,0.09298579928152263,52
1390,3,2808,1050,1758,0,0,0,1.0,1,1.0,1,1.0,1,0.12170854744489717,51
1391,5,2813,1050,1763,0,0,0,1.0,1,1.0,1,1.0,1,0.10982470618796282,52
1392,5,2818,1051,1767,0,0,0,1.0,1,1.0,1,1.0,1,0.10197847035487705,51
1393,4,2822,1052,1770,0,0,0,1.0,1,1.0,1,1.0,1,0.07785060559117879,51
1394,2,2824,1052,1772,0,0,0,1.0,1,1.0,1,1.0,1,0.09429729399936775,52
1395,2,2826,1052,1774,0,0,0,1.0,1,1.0,1,1.0,1,0.09429729399936775,52
1396,1,2827,1052,1775,0,0,0,1.0,1,1.0,1,1.0,1,0.08579500191232675,53
1397,0,2827,1052,1775,0,0,0,1.0,1,1.0,1,1.0,1,0.1049913250206937,56
1398,4,2831,1054,1777,0,0,0,1.0,1,1.0,1,1.0,1,0.14356745614315453,56
1399,2,2833,1055,1778,0,0,0,1.0,1,1.0,1,1.0,1,0.15438549890996503,57
1400,3,2836,1055,1781,0,0,0,1.0,1,1.0,1,1.0,1,0.13768756678274172,57
1401,5,2841,1056,1785,0,0,0,1.0,1,1.0,1,1.0,1,0.11455796074969153,57
1402,1,2842,1057,1785,0,0,0,1.0,1,1.0,1,1.0,1,0.1274268753920024,57
1403,1,2843,1057,1786,0,0,0,1.0,1,1.0,1,1.0,1,0.12765252151623047,56
1404,1,2844,1058,1786,0,0,0,1.0,1,1.0,1,1.0,1,0.13013875651923343,58
1405,4,2848,1059,1789,0,0,0,1.0,1,1.0,1,1.0,1,0.1693135831783255,58
1406,0,2848,1059,1789,0,0,0,1.0,1,1.0,1,1.0,1,0.1693135831783255,58
1407,0,2848,1059,1789,0,0,0,1.0,1,1.0,1,1.0,1,0.18674234836215076,57
1408,2,2850,1059,1791,0,0,0,1.0,1,1.0,1,1.0,1,0.19993159230331006,58
1409,8,2858,1059,1799,0,0,0,1.0,1,1.0,1,1.0,1,0.1504539410526385,57
1410,2,2860,1059,1801,0,0,0,1.0,1,1.0,1,1.0,1,0.1504539410526385,57
1411,1,2861,1060,1801,0,0,0,1.0,1,1.0,1,1.0,1,0.18464267323376568,56
1412,1,2862,1060,1802,0,0,0,1.0,1,1.0,1,1.0,1,0.17125655431924627,55
1413,2,2864,1060,1804,0,0,0,1.0,1,1.0,1,1.0,1,0.1625065956529691,57
1414,0,2864,1060,1804,0,0,0,1.0,1,1.0,1,1.0,1,0.1625065956529691,57
1415,2,2866,1061,1805,0,0,0,1.0,1,1.0,1,1.0,1,0.14130689702405413,60
1416,4,2870,1062,1808,0,0,0,1.0,1,1.0,1,1.0,1,0.14433447705990352,61
1417,1,2871,1062,1809,0,0,0,1.0,1,1.0,1,1.0,1,0.1112845618058508,59
1418,1,2872,1062,1810,0,0,0,1.0,1,1.0,1,1.0,1,0.10320022883638635,60
1419,1,2873,1063,1810,0,0,0,1.0,1,1.0,1,1.0,1,0.11069669173393099,59
1420,1,2874,1063,1811,0,0,0,1.0,1,1.0,1,1.0,1,0.13525346676613245,58
1421,2,2876,1063,1813,0,0,0,1.0,1,1.0,1,1.0,1,0.12020595228512575,57
1422,0,2876,1063,1813,0,0,0,1.0,1,1.0,1,1.0,1,0.12020595228512575,57
1423,2,2878,1064,1814,0,0,0,1.0,1,1.0,1,1.0,1,0.11973179016296087,56
1424,1,2879,1065,1814,0,0,0,1.0,1,1.0,1,1.0,1,0.11174439398968025,57
1425,2,2881,1066,1815,0,0,0,1.0,1,1.0,1,1.0,1,0.11345803550206493,54
1426,3,2884,1068,1816,0,0,0,1.0,1,1.0,1,1.0,1,0.146299751390123,54
1427,6,2890,1070,1820,0,0,0,1.0,1,1.0,1,1.0,1,0.18115686276003204,53
1428,1,2891,1071,1820,0,0,0,1.0,1,1.0,1,1.0,1,0.19115499977539988,52
1429,6,2897,1073,1824,0,0,0,1.0,1,1.0,1,1.0,1,0.10469172188012468,52
1430,1,2898,1074,1824,0,0,0,1.0,1,1.0,1,1.0,1,0.11633638966696497,51
1431,0,2898,1074,1824,0,0,0,1.0,1,1.0,1,1.0,1,0.11641264146950651,51
1432,3,2901,1076,1825,0,0,0,1.0,1,1.0,1,1.0,1,0.12997152035577117,52
1433,3,2904,1078,1826,0,0,0,1.0,1,1.0,1,1.0,1,0.10535418029529285,52
1434,4,2908,1081,1827,0,0,0,1.0,1,1.0,1,1.0,1,0.12818359840657859,52
1435,2,2910,1083,1827,0,0,0,1.0,1,1.0,1,1.0,1,0.17963975844680088,50
1436,3,2913,1086,1827,0,0,0,1.0,1,1.0,1,1.0,1,0.23739621086879809,50
1437,6,2919,1086,1833,0,0,0,1.0,1,1.0,1,1.0,1,0.189405182287674,49
1438,2,2921,1086,1835,0,0,0,1.0,1,1.0,1,1.0,1,0.189405182287674,49
1439,2,2923,1087,1836,0,0,0,1.0,1,1.0,1,1.0,1,0.18409730787119857,50
1440,7,2930,1091,1839,0,0,0,1.0,1,1.0,1,1.0,1,0.1941826234277543,50
1441,4,2934,1092,1842,0,0,0,1.0,1,1.0,1,1.0,1,0.15535719216378252,51
1442,1,2935,1092,1843,0,0,0,1.0,1,1.0,1,1.0,1,0.1668206922356063,50
1443,2,2937,1092,1845,0,0,0,1.0,1,1.0,1,1.0,1,0.1537874626739019,51
1444,1,2938,1092,1846,0,0,0,1.0,1,1.0,1,1.0,1,0.145237850053454,51
1445,4,2942,1094,1848,0,0,0,1.0,1,1.0,1,1.0,1,0.1576189601831295,51
1446,0,2942,1094,1848,0,0,0,1.0,1,1.0,1,1.0,1,0.15303428872289304,51
1447,0,2942,1094,1848,0,0,0,1.0,1,1.0,1,1.0,1,0.15303428872289304,51
1448,2,2944,1095,1849,0,0,0,1.0,1,1.0,1,1.0,1,0.12007771792727018,51
1449,0,2944,1095,1849,0,0,0,1.0,1,1.0,1,1.0,1,0.12007771792727018,51
1450,1,2945,1095,1850,0,0,0,1.0,1,1.0,1,1.0,1,0.10666751776257402,52
1451,1,2946,1095,1851,0,0,0,1.0,1,1.0,1,1.0,1,0.11409259460778393,54
1452,3,2949,1096,1853,0,0,0,1.0,1,1.0,1,1.0,1,0.13818719275979544,56
1453,6,2955,1097,1858,0,0,0,1.0,1,1.0,1,1.0,1,0.11977729577664978,56
1454,4,2959,1097,1862,0,0,0,1.0,1,1.0,1,1.0,1,0.11991114138601613,58
1455,1,2960,1098,1862,0,0,0,1.0,1,1.0,1,1.0,1,0.1475180171037683,55
1456,0,2960,1098,1862,0,0,0,1.0,1,1.0,1,1.0,1,0.16066517780837117,56
1457,5,2965,1099,1866,0,0,0,1.0,1,1.0,1,1.0,1,0.16389361128562008,54
1458,5,2970,1104,1866,0,0,0,1.0,1,1.0,1,1.0,1,0.2332309909112083,52
1459,2,2972,1104,1868,0,0,0,1.0,1,1.0,1,1.0,1,0.21922815927155254,52
1460,0,2972,1104,1868,0,0,0,1.0,1,1.0,1,1.0,1,0.19933699864274848,50
1461,2,2974,1104,1870,0,0,0,1.0,1,1.0,1,1.0,1,0.18563790058188137,53
1462,7,2981,1107,1874,0,0,0,1.0,1,1.0,1,1.0,1,0.1494877914489563,51
1463,6,2987,1109,1878,0,0,0,1.0,1,1.0,1,1.0,1,0.17465030953858932,51
1464,0,2987,1109,1878,0,0,0,1.0,1,1.0,1,1.0,1,0.17465030953858932,51
1465,5,2992,1109,1883,0,0,0,1.0,1,1.0,1,1.0,1,0.15466311463437443,49
1466,9,3001,1112,1889,0,0,0,1.0,1,1.0,1,1.0,1,0.16092786480246982,49
1467,3,3004,1114,1890,0,0,0,1.0,1,1.0,1,1.0,1,0.16504642048551602,47
1468,5,3009,1115,1894,0,0,0,1.0,1,1.0,1,1.0,1,0.17276069533855257,48
1469,4,3013,1116,1897,0,0,0,1.0,1,1.0,1,1.0,1,0.17425908197056122,47
1470,3,3016,1117,1899,0,0,0,1.0,1,1.0,1,1.0,1,0.1475173467287118,49
1471,2,3018,1117,1901,0,0,0,1.0,1,1.0,1,1.0,1,0.17206092242896592,48
1472,0,3018,1117,1901,0,0,0,1.0,1,1.0,1,1.0,1,0.15860740677735247,48
1473,2,3020,1117,1903,0,0,0,1.0,1,1.0,1,1.0,1,0.15120901079202156,49
1474,1,3021,1117,1904,0,0,0,1.0,1,1.0,1,1.0,1,0.1371465058560311,49
1475,1,3022,1117,1905,0,0,0,1.0,1,1.0,1,1.0,1,0.13058995485419714,49
1476,1,3023,1117,1906,0,0,0,1.0,1,1.0,1,1.0,1,0.12813788881491237,51
1477,0,3023,1117,1906,0,0,0,1.0,1,1.0,1,1.0,1,0.12813788881491237,51
1478,1,3024,1118,1906,0,0,0,1.0,1,1.0,1,1.0,1,0.11384036815904539,52
1479,2,3026,1118,1908,0,0,0,1.0,1,1.0,1,1.0,1,0.100916904674284,53
1480,1,3027,1119,1908,0,0,0,1.0,1,1.0,1,1.0,1,0.11276896401584914,53
1481,1,3028,1119,1909,0,0,0,1.0,1,1.0,1,1.0,1,0.10255855835038119,53
1482,3,3031,1120,1911,0,0,0,1.0,1,1.0,1,1.0,1,0.12941604437691395,52
1483,1,3032,1120,1912,0,0,0,1.0,1,1.0,1,1.0,1,0.1310777006577533,52
1484,1,3033,1120,1913,0,0,0,1.0,1,1.0,1,1.0,1,0.14703606114445725,53
1485,2,3035,1120,1915,0,0,0,1.0,1,1.0,1,1.0,1,0.1290274621172774,53
1486,1,3036,1120,1916,0,0,0,1.0,1,1.0,1,1.0,1,0.14320499139976064,54
1487,1,3037,1121,1916,0,0,0,1.0,1,1.0,1,1.0,1,0.14394108425480723,55
1488,2,3039,1121,1918,0,0,0,1.0,1,1.0,1,1.0,1,0.16103644765990785,57
1489,5,3044,1124,1920,0,0,0,1.0,1,1.0,1,1.0,1,0.1421229970545524,58
1490,1,3045,1124,1921,0,0,0,1.0,1,1.0,1,1.0,1,0.12341430125530915,58
1491,4,3049,1126,1923,0,0,0,1.0,1,1.0,1,1.0,1,0.15404699268331712,59
1492,9,3058,1127,1931,0,0,0,1.0,1,1.0,1,1.0,1,0.15259249526903404,59
1493,2,3060,1128,1932,0,0,0,1.0,1,1.0,1,1.0,1,0.10954454331999412,58
1494,2,3062,1129,1933,0,0,0,1.0,1,1.0,1,1.0,1,0.12720877628144844,58
1495,3,3065,1130,1935,0,0,0,1.0,1,1.0,1,1.0,1,0.15609855026737282,57
1496,1,3066,1130,1936,0,0,0,1.0,1,1.0,1,1.0,1,0.1562159985439989,59
1497,5,3071,1132,1939,0,0,0,1.0,1,1.0,1,1.0,1,0.16771483268532789,58
1498,4,3075,1133,1942,0,0,0,1.0,1,1.0,1,1.0,1,0.19243164953970213,58
1499,1,3076,1133,1943,0,0,0,1.0,1,1.0,1,1.0,1,0.16676829515155098,56
1500,3,3079,1134,1945,0,0,0,1.0,1,1.0,1,1.0,1,0.16783676983726084,57
1501,2,3081,1134,1947,0,0,0,1.0,1,1.0,1,1.0,1,0.14110100489888613,55
1502,1,3082,1135,1947,0,0,0,1.0,1,1.0,1,1.0,1,0.15774711706213534,55
1503,2,3084,1137,1947,0,0,0,1.0,1,1.0,1,1.0,1,0.15001576444453643,54
1504,1,3085,1137,1948,0,0,0,1.0,1,1.0,1,1.0,1,0.11668451618713044,55
1505,2,3087,1138,1949,0,0,0,1.0,1,1.0,1,1.0,1,0.10212467257728358,53
1506,2,3089,1139,1950,0,0,0,1.0,1,1.0,1,1.0,1,0.11089970713082309,55
1507,1,3090,1140,1950,0,0,0,1.0,1,1.0,1,1.0,1,0.12410604403039581,53
1508,4,3094,1143,1951,0,0,0,1.0,1,1.0,1,1.0,1,0.14626304836019358,53
1509,3,3097,1144,1953,0,0,0,1.0,1,1.0,1,1.0,1,0.13388173257562458,52
1510,1,3098,1145,1953,0,0,0,1.0,1,1.0,1,1.0,1,0.1528057683228147,50
1511,1,3099,1146,1953,0,0,0,1.0,1,1.0,1,1.0,1,0.16895652747568032,49
1512,2,3101,1147,1954,0,0,0,1.0,1,1.0,1,1.0,1,0.1692275302763631,48
1513,4,3105,1148,1957,0,0,0,1.0,1,1.0,1,1.0,1,0.18289717128389424,47
1514,0,3105,1148,1957,0,0,0,1.0,1,1.0,1,1.0,1,0.15952051655914165,48
1515,1,3106,1148,1958,0,0,0,1.0,1,1.0,1,1.0,1,0.1467627960243795,48
1516,0,3106,1148,1958,0,0,0,1.0,1,1.0,1,1.0,1,0.15202760570858956,47
1517,1,3107,1148,1959,0,0,0,1.0,1,1.0,1,1.0,1,0.16256532676196953,48
1518,1,3108,1149,1959,0,0,0,1.0,1,1.0,1,1.0,1,0.15709279088328518,48
1519,0,3108,1149,1959,0,0,0,1.0,1,1.0,1,1.0,1,0.17293519608808405,47
1520,4,3112,1152,1960,0,0,0,1.0,1,1.0,1,1.0,1,0.20048865272722152,48
1521,5,3117,1152,1965,0,0,0,1.0,1,1.0,1,1.0,1,0.14497718905097626,49
1522,1,3118,1153,1965,0,0,0,1.0,1,1.0,1,1.0,1,0.15353699267587598,48
1523,2,3120,1154,1966,0,0,0,1.0,1,1.0,1,1.0,1,0.1554453595112379,49
1524,3,3123,1155,1968,0,0,0,1.0,1,1.0,1,1.0,1,0.16443127772423288,49
1525,8,3131,1156,1975,0,0,0,1.0,1,1.0,1,1.0,1,0.11808275718153914,51
1526,2,3133,1156,1977,0,0,0,1.0,1,1.0,1,1.0,1,0.07684152191893984,52
1527,6,3139,1157,1982,0,0,0,1.0,1,1.0,1,1.0,1,0.12485935253286988,54
1528,4,3143,1158,1985,0,0,0,1.0,1,1.0,1,1.0,1,0.1344924509586545,54
1529,2,3145,1158,1987,0,0,0,1.0,1,1.0,1,1.0,1,0.11385832283406323,54
1530,1,3146,1158,1988,0,0,0,1.0,1,1.0,1,1.0,1,0.11765490398704148,54
1531,0,3146,1158,1988,0,0,0,1.0,1,1.0,1,1.0,1,0.121869751105528,54
1532,1,3147,1159,1988,0,0,0,1.0,1,1.0,1,1.0,1,0.1276292382645505,54
1533,2,3149,1159,1990,0,0,0,1.0,1,1.0,1,1.0,1,0.09626699805145271,54
1534,1,3150,1160,1990,0,0,0,1.0,1,1.0,1,1.0,1,0.08333997152856894,54
1535,0,3150,1160,1990,0,0,0,1.0,1,1.0,1,1.0,1,0.08333997152856894,54
1536,0,3150,1160,1990,0,0,0,1.0,1,1.0,1,1.0,1,0.08443920322328069,55
1537,1,3151,1160,1991,0,0,0,1.0,1,1.0,1,1.0,1,0.08949926295746853,53
1538,1,3152,1160,1992,0,0,0,1.0,1,1.0,1,1.0,1,0.06951537821625824,54
1539,0,3152,1160,1992,0,0,0,1.0,1,1.0,1,1.0,1,0.10084075428495257,54
1540,1,3153,1161,1992,0,0,0,1.0,1,1.0,1,1.0,1,0.1165936437516082,54
1541,2,3155,1161,1994,0,0,0,1.0,1,1.0,1,1.0,1,0.08451101168268414,54
1542,1,3156,1162,1994,0,0,0,1.0,1,1.0,1,1.0,1,0.0969697051861735,57
1543,3,3159,1164,1995,0,0,0,1.0,1,1.0,1,1.0,1,0.11528330062248124,55
1544,6,3165,1166,1999,0,0,0,1.0,1,1.0,1,1.0,1,0.1172362076106243,54
1545,5,3170,1167,2003,0,0,0,1.0,1,1.0,1,1.0,1,0.08221189906452589,54
1546,1,3171,1168,2003,0,0,0,1.0,1,1.0,1,1.0,1,0.08938486530391201,53
1547,7,3178,1171,2007,0,0,0,1.0,1,1.0,1,1.0,1,0.08491270644744678,53
1548,3,3181,1173,2008,0,0,0,1.0,1,1.0,1,1.0,1,0.06320061782900452,54
1549,2,3183,1174,2009,0,0,0,1.0,1,1.0,1,1.0,1,0.06452647043065364,52
1550,4,3187,1178,2009,0,0,0,1.0,1,1.0,1,1.0,1,0.10617282077375449,52
1551,7,3194,1182,2012,0,0,0,1.0,1,1.0,1,1.0,1,0.11076398898956784,52
1552,5,3199,1186,2013,0,0,0,1.0,1,1.0,1,1.0,1,0.12209059312917907,51
1553,14,3213,1189,2024,0,0,0,1.0,1,1.0,1,1.0,1,0.09878039867370025,51
1554,6,3219,1191,2028,0,0,0,1.0,1,1.0,1,1.0,1,0.11419413880519569,51
1555,3,3222,1191,2031,0,0,0,1.0,1,1.0,1,1.0,1,0.08781286976772883,50
1556,4,3226,1191,2035,0,0,0,1.0,1,1.0,1,1.0,1,0.1146026353388199,51
1557,2,3228,1193,2035,0,0,0,1.0,1,1.0,1,1.0,1,0.14691151208036238,51
1558,2,3230,1193,2037,0,0,0,1.0,1,1.0,1,1.0,1,0.12387451554813239,52
1559,6,3236,1196,2040,0,0,0,1.0,1,1.0,1,1.0,1,0.1283288526111585,53
1560,3,3239,1199,2040,0,0,0,1.0,1,1.0,1,1.0,1,0.13633697574613507,51
1561,1,3240,1199,2041,0,0,0,1.0,1,1.0,1,1.0,1,0.11454148160640622,51
1562,0,3240,1199,2041,0,0,0,1.0,1,1.0,1,1.0,1,0.12156944235011444,52
1563,0,3240,1199,2041,0,0,0,1.0,1,1.0,1,1.0,1,0.12156944235011444,52
1564,0,3240,1199,2041,0,0,0,1.0,1,1.0,1,1.0,1,0.1474672479582935,51
1565,2,3242,1200,2042,0,0,0,1.0,1,1.0,1,1.0,1,0.12724743339824704,53
1566,2,3244,1200,2044,0,0,0,1.0,1,1.0,1,1.0,1,0.13529344255194437,53
1567,1,3245,1200,2045,0,0,0,1.0,1,1.0,1,1.0,1,0.13837801706516178,52
1568,0,3245,1200,2045,0,0,0,1.0,1,1.0,1,1.0,1,0.13837801706516178,52
1569,6,3251,1200,2051,0,0,0,1.0,1,1.0,1,1.0,1,0.09617438381190684,49
1570,3,3254,1201,2053,0,0,0,1.0,1,1.0,1,1.0,1,0.11042880989991984,48
1571,0,3254,1201,2053,0,0,0,1.0,1,1.0,1,1.0,1,0.10992488216012067,46
1572,1,3255,1202,2053,0,0,0,1.0,1,1.0,1,1.0,1,0.10237580423054474,47
1573,1,3256,1202,2054,0,0,0,1.0,1,1.0,1,1.0,1,0.08242862115737222,48
1574,2,3258,1204,2054,0,0,0,1.0,1,1.0,1,1.0,1,0.1489887920852869,46
1575,5,3263,1207,2056,0,0,0,1.0,1,1.0,1,1.0,1,0.19386989078662706,47
1576,5,3268,1210,2058,0,0,0,1.0,1,1.0,1,1.0,1,0.11063587312566102,46
1577,0,3268,1210,2058,0,0,0,1.0,1,1.0,1,1.0,1,0.09186223116797318,45
1578,2,3270,1211,2059,0,0,0,1.0,1,1.0,1,1.0,1,0.1033773557246836,44
1579,1,3271,1212,2059,0,0,0,1.0,1,1.0,1,1.0,1,0.13487689376560322,43
1580,1,3272,1212,2060,0,0,0,1.0,1,1.0,1,1.0,1,0.13182890799097519,43
1581,2,3274,1212,2062,0,0,0,1.0,1,1.0,1,1.0,1,0.1419188431347926,42
1582,3,3277,1214,2063,0,0,0,1.0,1,1.0,1,1.0,1,0.14549690901440213,42
1583,1,3278,1215,2063,0,0,0,1.0,1,1.0,1,1.0,1,0.167203105474243,43
1584,2,3280,1217,2063,0,0,0,1.0,1,1.0,1,1.0,1,0.15900926198755438,41
1585,3,3283,1218,2065,0,0,0,1.0,1,1.0,1,1.0,1,0.11463785378284509,43
1586,4,3287,1220,2067,0,0,0,1.0,1,1.0,1,1.0,1,0.13534415953212786,42
1587,3,3290,1221,2069,0,0,0,1.0,1,1.0,1,1.0,1,0.13031074633790543,42
1588,2,3292,1222,2070,0,0,0,1.0,1,1.0,1,1.0,1,0.12890003646713236,42
1589,2,3294,1223,2071,0,0,0,1.0,1,1.0,1,1.0,1,0.0915806382929451,42
1590,1,3295,1223,2072,0,0,0,1.0,1,1.0,1,1.0,1,0.12671357700575903,41
1591,1,3296,1223,2073,0,0,0,1.0,1,1.0,1,1.0,1,0.12083602353528806,40
1592,1,3297,1224,2073,0,0,0,1.0,1,1.0,1,1.0,1,0.14167591618853773,39
1593,4,3301,1226,2075,0,0,0,1.0,1,1.0,1,1.0,1,0.1403839963969091,39
1594,1,3302,1226,2076,0,0,0,1.0,1,1.0,1,1.0,1,0.0824725719001069,39
1595,2,3304,1228,2076,0,0,0,1.0,1,1.0,1,1.0,1,0.15820970987409025,42
1596,0,3304,1228,2076,0,0,0,1.0,1,1.0,1,1.0,1,0.1646975411026294,41
1597,4,3308,1229,2079,0,0,0,1.0,1,1.0,1,1.0,1,0.11354586529514218,41
1598,2,3310,1229,2081,0,0,0,1.0,1,1.0,1,1.0,1,0.08148562988311063,39
1599,0,3310,1229,2081,0,0,0,1.0,1,1.0,1,1.0,1,0.08148562988311063,39
1600,1,3311,1230,2081,0,0,0,1.0,1,1.0,1,1.0,1,0.13416199168951573,40
1601,5,3316,1232,2084,0,0,0,1.0,1,1.0,1,1.0,1,0.15433539819006786,41
1602,1,3317,1232,2085,0,0,0,1.0,1,1.0,1,1.0,1,0.09756995269473974,41
1603,3,3320,1233,2087,0,0,0,1.0,1,1.0,1,1.0,1,0.1569950745900005,43
1604,2,3322,1233,2089,0,0,0,1.0,1,1.0,1,1.0,1,0.1569950745900005,43
1605,4,3326,1234,2092,0,0,0,1.0,1,1.0,1,1.0,1,0.1559055343000722,44
1606,3,3329,1235,2094,0,0,0,1.0,1,1.0,1,1.0,1,0.1503661558755974,44
1607,2,3331,1236,2095,0,0,0,1.0,1,1.0,1,1.0,1,0.14256465913423289,42
1608,3,3334,1239,2095,0,0,0,1.0,1,1.0,1,1.0,1,0.1863431272917633,41
1609,2,3336,1239,2097,0,0,0,1.0,1,1.0,1,1.0,1,0.1210892284512801,39
1610,2,3338,1240,2098,0,0,0,1.0,1,1.0,1,1.0,1,0.12988960853410741,39
1611,3,3341,1240,2101,0,0,0,1.0,1,1.0,1,1.0,1,0.13689608291474462,40
1612,0,3341,1240,2101,0,0,0,1.0,1,1.0,1,1.0,1,0.1319872795023434,39
1613,3,3344,1241,2103,0,0,0,1.0,1,1.0,1,1.0,1,0.14772635779834736,41
1614,1,3345,1242,2103,0,0,0,1.0,1,1.0,1,1.0,1,0.1600581850808594,41
1615,1,3346,1242,2104,0,0,0,1.0,1,1.0,1,1.0,1,0.15256376271307456,41
1616,5,3351,1243,2108,0,0,0,1.0,1,1.0,1,1.0,1,0.188929233768801,43
1617,4,3355,1244,2111,0,0,0,1.0,1,1.0,1,1.0,1,0.1571670244248471,44
1618,3,3358,1244,2114,0,0,0,1.0,1,1.0,1,1.0,1,0.10427657907412137,44
1619,2,3360,1244,2116,0,0,0,1.0,1,1.0,1,1.0,1,0.13831013829909217,44
1620,2,3362,1244,2118,0,0,0,1.0,1,1.0,1,1.0,1,0.13996054557132453,45
1621,2,3364,1244,2120,0,0,0,1.0,1,1.0,1,1.0,1,0.15192041141954638,44
1622,1,3365,1245,2120,0,0,0,1.0,1,1.0,1,1.0,1,0.1632381145056391,44
1623,5,3370,1246,2124,0,0,0,1.0,1,1.0,1,1.0,1,0.12861197077775158,43
1624,1,3371,1247,2124,0,0,0,1.0,1,1.0,1,1.0,1,0.1001267206825962,43
1625,1,3372,1248,2124,0,0,0,1.0,1,1.0,1,1.0,1,0.1489560055528544,43
1626,1,3373,1249,2124,0,0,0,1.0,1,1.0,1,1.0,1,0.15252038818064179,42
1627,3,3376,1250,2126,0,0,0,1.0,1,1.0,1,1.0,1,0.14055131227223142,42
1628,2,3378,1251,2127,0,0,0,1.0,1,1.0,1,1.0,1,0.1532630037120557,42
1629,2,3380,1251,2129,0,0,0,1.0,1,1.0,1,1.0,1,0.1089521124006397,41
1630,5,3385,1254,2131,0,0,0,1.0,1,1.0,1,1.0,1,0.16348984704278685,41
1631,2,3387,1255,2132,0,0,0,1.0,1,1.0,1,1.0,1,0.15163945293154185,40
1632,0,3387,1255,2132,0,0,0,1.0,1,1.0,1,1.0,1,0.13968976400105942,39
1633,2,3389,1255,2134,0,0,0,1.0,1,1.0,1,1.0,1,0.11495733911522525,39
1634,1,3390,1255,2135,0,0,0,1.0,1,1.0,1,1.0,1,0.11923401991674236,39
1635,0,3390,1255,2135,0,0,0,1.0,1,1.0,1,1.0,1,0.11779906772970014,40
1636,2,3392,1255,2137,0,0,0,1.0,1,1.0,1,1.0,1,0.05393417595190651,41
1637,2,3394,1256,2138,0,0,0,1.0,1,1.0,1,1.0,1,0.07700616981855078,41
1638,1,3395,1257,2138,0,0,0,1.0,1,1.0,1,1.0,1,0.1239938174237333,42
1639,1,3396,1258,2138,0,0,0,1.0,1,1.0,1,1.0,1,0.14160552790658334,43
1640,0,3396,1258,2138,0,0,0,1.0,1,1.0,1,1.0,1,0.14160552790658334,43
1641,2,3398,1258,2140,0,0,0,1.0,1,1.0,1,1.0,1,0.10068355608231927,44
1642,2,3400,1260,2140,0,0,0,1.0,1,1.0,1,1.0,1,0.17620690354688312,45
1643,6,3406,1262,2144,0,0,0,1.0,1,1.0,1,1.0,1,0.1337319173969571,44
1644,3,3409,1263,2146,0,0,0,1.0,1,1.0,1,1.0,1,0.16017066579775657,45
1645,5,3414,1263,2151,0,0,0,1.0,1,1.0,1,1.0,1,0.10196005458806205,44
1646,2,3416,1264,2152,0,0,0,1.0,1,1.0,1,1.0,1,0.16010555133397858,43
1647,3,3419,1265,2154,0,0,0,1.0,1,1.0,1,1.0,1,0.14577453526822662,43
1648,1,3420,1265,2155,0,0,0,1.0,1,1.0,1,1.0,1,0.1688007398784168,42
1649,3,3423,1265,2158,0,0,0,1.0,1,1.0,1,1.0,1,0.14616871538312692,41
1650,0,3423,1265,2158,0,0,0,1.0,1,1.0,1,1.0,1,0.14616871538312692,41
1651,2,3425,1266,2159,0,0,0,1.0,1,1.0,1,1.0,1,0.16147999999740995,40
1652,2,3427,1266,2161,0,0,0,1.0,1,1.0,1,1.0,1,0.1437186625518223,39
1653,1,3428,1266,2162,0,0,0,1.0,1,1.0,1,1.0,1,0.17521448483948404,39
1654,0,3428,1266,2162,0,0,0,1.0,1,1.0,1,1.0,1,0.17521448483948404,39
1655,2,3430,1268,2162,0,0,0,1.0,1,1.0,1,1.0,1,0.22721121845926795,40
1656,3,3433,1269,2164,0,0,0,1.0,1,1.0,1,1.0,1,0.22590558295752755,40
1657,3,3436,1269,2167,0,0,0,1.0,1,1.0,1,1.0,1,0.1662239250787143,40
1658,6,3442,1270,2172,0,0,0,1.0,1,1.0,1,1.0,1,0.18307827853000624,40
1659,5,3447,1272,2175,0,0,0,1.0,1,1.0,1,1.0,1,0.19308627390829475,40
1660,4,3451,1272,2179,0,0,0,1.0,1,1.0,1,1.0,1,0.1824321743991496,41
1661,9,3460,1273,2187,0,0,0,1.0,1,1.0,1,1.0,1,0.13463933567120542,42
1662,3,3463,1273,2190,0,0,0,1.0,1,1.0,1,1.0,1,0.14233771425943384,44
1663,4,3467,1274,2193,0,0,0,1.0,1,1.0,1,1.0,1,0.11707253190246263,43
1664,4,3471,1276,2195,0,0,0,1.0,1,1.0,1,1.0,1,0.1067597214837793,42
1665,1,3472,1276,2196,0,0,0,1.0,1,1.0,1,1.0,1,0.07749970295132318,42
1666,2,3474,1278,2196,0,0,0,1.0,1,1.0,1,1.0,1,0.10110975226556726,43
1667,1,3475,1279,2196,0,0,0,1.0,1,1.0,1,1.0,1,0.0791418179861299,40
1668,2,3477,1280,2197,0,0,0,1.0,1,1.0,1,1.0,1,0.08426535830703388,40
1669,1,3478,1281,2197,0,0,0,1.0,1,1.0,1,1.0,1,0.12033417516561638,40
1670,2,3480,1282,2198,0,0,0,1.0,1,1.0,1,1.0,1,0.12818616716977654,39
1671,2,3482,1284,2198,0,0,0,1.0,1,1.0,1,1.0,1,0.13769351331121235,39
1672,2,3484,1286,2198,0,0,0,1.0,1,1.0,1,1.0,1,0.14583190363702037,38
1673,3,3487,1288,2199,0,0,0,1.0,1,1.0,1,1.0,1,0.12398742823590876,38
1674,0,3487,1288,2199,0,0,0,1.0,1,1.0,1,1.0,1,0.13785430743429006,38
1675,2,3489,1290,2199,0,0,0,1.0,1,1.0,1,1.0,1,0.14306491305754845,39
1676,0,3489,1290,2199,0,0,0,1.0,1,1.0,1,1.0,1,0.15459390118437658,39
1677,1,3490,1290,2200,0,0,0,1.0,1,1.0,1,1.0,1,0.1261909741494834,40
1678,0,3490,1290,2200,0,0,0,1.0,1,1.0,1,1.0,1,0.13067093832500462,39
1679,1,3491,1291,2200,0,0,0,1.0,1,1.0,1,1.0,1,0.15154734780079004,39
1680,3,3494,1291,2203,0,0,0,1.0,1,1.0,1,1.0,1,0.1494657037074822,40
1681,1,3495,1291,2204,0,0,0,1.0,1,1.0,1,1.0,1,0.13497725641261168,41
1682,1,3496,1291,2205,0,0,0,1.0,1,1.0,1,1.0,1,0.09982645618300667,40
1683,2,3498,1292,2206,0,0,0,1.0,1,1.0,1,1.0,1,0.12132028203151861,43
1684,2,3500,1294,2206,0,0,0,1.0,1,1.0,1,1.0,1,0.21357246949679376,42
1685,7,3507,1296,2211,0,0,0,1.0,1,1.0,1,1.0,1,0.09793589265115954,41
1686,0,3507,1296,2211,0,0,0,1.0,1,1.0,1,1.0,1,0.1372149735178576,39
1687,4,3511,1299,2212,0,0,0,1.0,1,1.0,1,1.0,1,0.2013719210370782,41
1688,5,3516,1301,2215,0,0,0,1.0,1,1.0,1,1.0,1,0.14380425687305823,39
1689,1,3517,1302,2215,0,0,0,1.0,1,1.0,1,1.0,1,0.14089234708176296,37
1690,0,3517,1302,2215,0,0,0,1.0,1,1.0,1,1.0,1,0.1684030074595552,36
1691,3,3520,1304,2216,0,0,0,1.0,1,1.0,1,1.0,1,0.18640380312170382,36
1692,0,3520,1304,2216,0,0,0,1.0,1,1.0,1,1.0,1,0.20338372534480154,34
1693,4,3524,1305,2219,0,0,0,1.0,1,1.0,1,1.0,1,0.167064119341491,33
1694,1,3525,1305,2220,0,0,0,1.0,1,1.0,1,1.0,1,0.20160005249944427,32
1695,0,3525,1305,2220,0,0,0,1.0,1,1.0,1,1.0,1,0.1875206474848508,32
1696,2,3527,1306,2221,0,0,0,1.0,1,1.0,1,1.0,1,0.23518068231584713,34
1697,2,3529,1306,2223,0,0,0,1.0,1,1.0,1,1.0,1,0.20293067166169879,34
1698,2,3531,1308,2223,0,0,0,1.0,1,1.0,1,1.0,1,0.2519862621657713,36
1699,0,3531,1308,2223,0,0,0,1.0,1,1.0,1,1.0,1,0.2519862621657713,36
1700,2,3533,1308,2225,0,0,0,1.0,1,1.0,1,1.0,1,0.24339734024409365,37
1701,3,3536,1308,2228,0,0,0,1.0,1,1.0,1,1.0,1,0.22557452586137577,39
1702,5,3541,1311,2230,0,0,0,1.0,1,1.0,1,1.0,1,0.2289985656707117,39
1703,0,3541,1311,2230,0,0,0,1.0,1,1.0,1,1.0,1,0.21274562553702994,38
1704,4,3545,1315,2230,0,0,0,1.0,1,1.0,1,1.0,1,0.23095031127426502,38
1705,1,3546,1315,2231,0,0,0,1.0,1,1.0,1,1.0,1,0.17658749986909186,37
1706,1,3547,1316,2231,0,0,0,1.0,1,1.0,1,1.0,1,0.17153138914576044,37
1707,3,3550,1318,2232,0,0,0,1.0,1,1.0,1,1.0,1,0.19880243561079117,36
1708,0,3550,1318,2232,0,0,0,1.0,1,1.0,1,1.0,1,0.20982701221371908,34
1709,2,3552,1319,2233,0,0,0,1.0,1,1.0,1,1.0,1,0.20231208270015968,34
1710,1,3553,1320,2233,0,0,0,1.0,1,1.0,1,1.0,1,0.26485531729345313,33
1711,3,3556,1322,2234,0,0,0,1.0,1,1.0,1,1.0,1,0.26852171336495995,32
1712,1,3557,1323,2234,0,0,0,1.0,1,1.0,1,1.0,1,0.30747849888114276,31
1713,2,3559,1323,2236,0,0,0,1.0,1,1.0,1,1.0,1,0.2719570854719977,32
1714,1,3560,1323,2237,0,0,0,1.0,1,1.0,1,1.0,1,0.25997133750469653,32
1715,1,3561,1323,2238,0,0,0,1.0,1,1.0,1,1.0,1,0.24691116295518134,32
1716,2,3563,1324,2239,0,0,0,1.0,1,1.0,1,1.0,1,0.2507974084426417,34
1717,2,3565,1324,2241,0,0,0,1.0,1,1.0,1,1.0,1,0.2134510139127588,34
1718,2,3567,1324,2243,0,0,0,1.0,1,1.0,1,1.0,1,0.19011392046890377,34
1719,0,3567,1324,2243,0,0,0,1.0,1,1.0,1,1.0,1,0.19011392046890377,34
1720,1,3568,1325,2243,0,0,0,1.0,1,1.0,1,1.0,1,0.2160152597158829,34
1721,2,3570,1326,2244,0,0,0,1.0,1,1.0,1,1.0,1,0.20916979362833,35
1722,1,3571,1326,2245,0,0,0,1.0,1,1.0,1,1.0,1,0.21393215186707923,35
1723,0,3571,1326,2245,0,0,0,1.0,1,1.0,1,1.0,1,0.23870906785375928,34
1724,2,3573,1326,2247,0,0,0,1.0,1,1.0,1,1.0,1,0.15546949077468417,33
1725,1,3574,1326,2248,0,0,0,1.0,1,1.0,1,1.0,1,0.13853793998879363,35
1726,0,3574,1326,2248,0,0,0,1.0,1,1.0,1,1.0,1,0.1394263223389526,34
1727,0,3574,1326,2248,0,0,0,1.0,1,1.0,1,1.0,1,0.1394263223389526,34
1728,1,3575,1326,2249,0,0,0,1.0,1,1.0,1,1.0,1,0.1385437295550432,35
1729,1,3576,1326,2250,0,0,0,1.0,1,1.0,1,1.0,1,0.11559059746158942,35
1730,1,3577,1327,2250,0,0,0,1.0,1,1.0,1,1.0,1,0.13495638240236943,35
1731,1,3578,1328,2250,0,0,0,1.0,1,1.0,1,1.0,1,0.12956869323688452,35
1732,0,3578,1328,2250,0,0,0,1.0,1,1.0,1,1.0,1,0.12956869323688452,35
1733,1,3579,1328,2251,0,0,0,1.0,1,1.0,1,1.0,1,0.158035127526385,33
1734,3,3582,1330,2252,0,0,0,1.0,1,1.0,1,1.0,1,0.17051491522287746,34
1735,2,3584,1331,2253,0,0,0,1.0,1,1.0,1,1.0,1,0.15786155923062584,33
1736,2,3586,1333,2253,0,0,0,1.0,1,1.0,1,1.0,1,0.1565137567853726,33
1737,2,3588,1333,2255,0,0,0,1.0,1,1.0,1,1.0,1,0.14379795940659215,35
1738,1,3589,1334,2255,0,0,0,1.0,1,1.0,1,1.0,1,0.15513110887668682,36
1739,3,3592,1335,2257,0,0,0,1.0,1,1.0,1,1.0,1,0.14230855068558132,36
1740,2,3594,1336,2258,0,0,0,1.0,1,1.0,1,1.0,1,0.17683891763525164,37
1741,5,3599,1336,2263,0,0,0,1.0,1,1.0,1,1.0,1,0.10208916574563345,36
1742,1,3600,1337,2263,0,0,0,1.0,1,1.0,1,1.0,1,0.12864774699780235,36
1743,3,3603,1337,2266,0,0,0,1.0,1,1.0,1,1.0,1,0.10272293642073338,37
1744,0,3603,1337,2266,0,0,0,1.0,1,1.0,1,1.0,1,0.11473055626542551,37
1745,4,3607,1340,2267,0,0,0,1.0,1,1.0,1,1.0,1,0.18129807157085767,38
1746,1,3608,1340,2268,0,0,0,1.0,1,1.0,1,1.0,1,0.16135019642182563,38
1747,0,3608,1340,2268,0,0,0,1.0,1,1.0,1,1.0,1,0.1877584770597354,37
1748,1,3609,1340,2269,0,0,0,1.0,1,1.0,1,1.0,1,0.1775625794502631,38
1749,2,3611,1340,2271,0,0,0,1.0,1,1.0,1,1.0,1,0.13229657004270529,38
1750,1,3612,1340,2272,0,0,0,1.0,1,1.0,1,1.0,1,0.13879324752076133,39
1751,0,3612,1340,2272,0,0,0,1.0,1,1.0,1,1.0,1,0.13069642486733143,41
1752,2,3614,1340,2274,0,0,0,1.0,1,1.0,1,1.0,1,0.13452754084454863,41
1753,3,3617,1341,2276,0,0,0,1.0,1,1.0,1,1.0,1,0.12280222216223458,41
1754,1,3618,1342,2276,0,0,0,1.0,1,1.0,1,1.0,1,0.12931902439563656,40
1755,2,3620,1343,2277,0,0,0,1.0,1,1.0,1,1.0,1,0.143490517880631,41
1756,2,3622,1344,2278,0,0,0,1.0,1,1.0,1,1.0,1,0.16623016113297642,41
1757,2,3624,1345,2279,0,0,0,1.0,1,1.0,1,1.0,1,0.15579271883842313,40
1758,1,3625,1346,2279,0,0,0,1.0,1,1.0,1,1.0,1,0.1832033654298788,41
1759,2,3627,1347,2280,0,0,0,1.0,1,1.0,1,1.0,1,0.21300733819680692,38
1760,4,3631,1348,2283,0,0,0,1.0,1,1.0,1,1.0,1,0.2201605170731024,38
1761,3,3634,1349,2285,0,0,0,1.0,1,1.0,1,1.0,1,0.20293131394946334,37
1762,1,3635,1349,2286,0,0,0,1.0,1,1.0,1,1.0,1,0.1951510605155056,37
1763,2,3637,1351,2286,0,0,0,1.0,1,1.0,1,1.0,1,0.19336785349515753,37
1764,1,3638,1352,2286,0,0,0,1.0,1,1.0,1,1.0,1,0.22018906119464174,36
1765,3,3641,1353,2288,0,0,0,1.0,1,1.0,1,1.0,1,0.17986174799959695,36
1766,1,3642,1354,2288,0,0,0,1.0,1,1.0,1,1.0,1,0.17146508063223004,37
1767,3,3645,1356,2289,0,0,0,1.0,1,1.0,1,1.0,1,0.18754127404109253,37
1768,4,3649,1357,2292,0,0,0,1.0,1,1.0,1,1.0,1,0.1818292453386734,37
1769,2,3651,1358,2293,0,0,0,1.0,1,1.0,1,1.0,1,0.1563313289783654,38
1770,0,3651,1358,2293,0,0,0,1.0,1,1.0,1,1.0,1,0.16753857816566278,39
1771,0,3651,1358,2293,0,0,0,1.0,1,1.0,1,1.0,1,0.16753857816566278,39
1772,0,3651,1358,2293,0,0,0,1.0,1,1.0,1,1.0,1,0.16753857816566278,39
1773,1,3652,1359,2293,0,0,0,1.0,1,1.0,1,1.0,1,0.1646947014506945,41
1774,0,3652,1359,2293,0,0,0,1.0,1,1.0,1,1.0,1,0.1646947014506945,41
1775,0,3652,1359,2293,0,0,0,1.0,1,1.0,1,1.0,1,0.17883269904338592,42
1776,2,3654,1360,2294,0,0,0,1.0,1,1.0,1,1.0,1,0.1982199400788979,43
1777,2,3656,1360,2296,0,0,0,1.0,1,1.0,1,1.0,1,0.16364844291203876,43
1778,3,3659,1361,2298,0,0,0,1.0,1,1.0,1,1.0,1,0.17172573212088316,44
1779,3,3662,1361,2301,0,0,0,1.0,1,1.0,1,1.0,1,0.13799966995458432,46
1780,2,3664,1361,2303,0,0,0,1.0,1,1.0,1,1.0,1,0.10961501022627908,46
1781,0,3664,1361,2303,0,0,0,1.0,1,1.0,1,1.0,1,0.10961501022627908,46
1782,1,3665,1362,2303,0,0,0,1.0,1,1.0,1,1.0,1,0.14689886528913199,46
1783,0,3665,1362,2303,0,0,0,1.0,1,1.0,1,1.0,1,0.12441159534591316,44
1784,1,3666,1363,2303,0,0,0,1.0,1,1.0,1,1.0,1,0.135843499792109,45
1785,4,3670,1365,2305,0,0,0,1.0,1,1.0,1,1.0,1,0.13422336154633838,42
1786,3,3673,1367,2306,0,0,0,1.0,1,1.0,1,1.0,1,0.1840709754680371,43
1787,1,3674,1367,2307,0,0,0,1.0,1,1.0,1,1.0,1,0.153524398442495,41
1788,3,3677,1367,2310,0,0,0,1.0,1,1.0,1,1.0,1,0.15735240991874488,41
1789,3,3680,1367,2313,0,0,0,1.0,1,1.0,1,1.0,1,0.12249619498547983,41
1790,2,3682,1368,2314,0,0,0,1.0,1,1.0,1,1.0,1,0.10199653647081285,41
1791,5,3687,1372,2315,0,0,0,1.0,1,1.0,1,1.0,1,0.15378389743882484,40
1792,2,3689,1373,2316,0,0,0,1.0,1,1.0,1,1.0,1,0.1697314602754594,40
1793,2,3691,1373,2318,0,0,0,1.0,1,1.0,1,1.0,1,0.12378360707558751,41
1794,1,3692,1374,2318,0,0,0,1.0,1,1.0,1,1.0,1,0.13494193758185855,41
1795,6,3698,1377,2321,0,0,0,1.0,1,1.0,1,1.0,1,0.14592105877449177,40
1796,4,3702,1380,2322,0,0,0,1.0,1,1.0,1,1.0,1,0.173517559653539,40
1797,5,3707,1382,2325,0,0,0,1.0,1,1.0,1,1.0,1,0.18836970786915186,37
1798,1,3708,1382,2326,0,0,0,1.0,1,1.0,1,1.0,1,0.17356490783825915,37
1799,2,3710,1383,2327,0,0,0,1.0,1,1.0,1,1.0,1,0.15212078681127508,36
1800,0,3710,1383,2327,0,0,0,1.0,1,1.0,1,1.0,1,0.15212078681127508,36
1801,1,3711,1384,2327,0,0,0,1.0,1,1.0,1,1.0,1,0.16496903770551422,34
1802,0,3711,1384,2327,0,0,0,1.0,1,1.0,1,1.0,1,0.19369361053223433,33
1803,0,3711,1384,2327,0,0,0,1.0,1,1.0,1,1.0,1,0.19369361053223433,33
1804,0,3711,1384,2327,0,0,0,1.0,1,1.0,1,1.0,1,0.19369361053223433,33
1805,4,3715,1384,2331,0,0,0,1.0,1,1.0,1,1.0,1,0.10037437216946249,35
1806,1,3716,1385,2331,0,0,0,1.0,1,1.0,1,1.0,1,0.13164668894596115,35
1807,3,3719,1385,2334,0,0,0,1.0,1,1.0,1,1.0,1,0.143894385826582,35
1808,0,3719,1385,2334,0,0,0,1.0,1,1.0,1,1.0,1,0.19545214373455605,36
1809,3,3722,1385,2337,0,0,0,1.0,1,1.0,1,1.0,1,0.11748492389526768,36
1810,0,3722,1385,2337,0,0,0,1.0,1,1.0,1,1.0,1,0.14332039373569955,35
1811,1,3723,1385,2338,0,0,0,1.0,1,1.0,1,1.0,1,0.18995818559385894,36
1812,2,3725,1386,2339,0,0,0,1.0,1,1.0,1,1.0,1,0.18411293613432417,36
1813,2,3727,1387,2340,0,0,0,1.0,1,1.0,1,1.0,1,0.1930711090321432,36
1814,1,3728,1388,2340,0,0,0,1.0,1,1.0,1,1.0,1,0.23259505071245007,34
1815,3,3731,1389,2342,0,0,0,1.0,1,1.0,1,1.0,1,0.2069554773930973,35
1816,1,3732,1389,2343,0,0,0,1.0,1,1.0,1,1.0,1,0.1969635359310719,34
1817,2,3734,1390,2344,0,0,0,1.0,1,1.0,1,1.0,1,0.16491278601331263,34
1818,0,3734,1390,2344,0,0,0,1.0,1,1.0,1,1.0,1,0.16491278601331263,34
1819,3,3737,1392,2345,0,0,0,1.0,1,1.0,1,1.0,1,0.15967823575994497,35
1820,1,3738,1393,2345,0,0,0,1.0,1,1.0,1,1.0,1,0.11110126120162166,36
1821,1,3739,1393,2346,0,0,0,1.0,1,1.0,1,1.0,1,0.09783399915251391,36
1822,4,3743,1395,2348,0,0,0,1.0,1,1.0,1,1.0,1,0.14113498166352115,37
1823,5,3748,1397,2351,0,0,0,1.0,1,1.0,1,1.0,1,0.19297453590972624,38
1824,2,3750,1398,2352,0,0,0,1.0,1,1.0,1,1.0,1,0.20984380653658172,37
1825,4,3754,1400,2354,0,0,0,1.0,1,1.0,1,1.0,1,0.17522656626693164,36
1826,1,3755,1401,2354,0,0,0,1.0,1,1.0,1,1.0,1,0.15850984052077646,35
1827,0,3755,1401,2354,0,0,0,1.0,1,1.0,1,1.0,1,0.16384335188732244,35
1828,1,3756,1402,2354,0,0,0,1.0,1,1.0,1,1.0,1,0.1908296982853925,33
1829,3,3759,1402,2357,0,0,0,1.0,1,1.0,1,1.0,1,0.10066497768630293,32
1830,6,3765,1405,2360,0,0,0,1.0,1,1.0,1,1.0,1,0.21546900940193967,32
1831,1,3766,1406,2360,0,0,0,1.0,1,1.0,1,1.0,1,0.20951514984340347,30
1832,1,3767,1407,2360,0,0,0,1.0,1,1.0,1,1.0,1,0.2586989402649026,30
1833,5,3772,1408,2364,0,0,0,1.0,1,1.0,1,1.0,1,0.15193257042977043,29
1834,3,3775,1410,2365,0,0,0,1.0,1,1.0,1,1.0,1,0.22702691115269655,28
1835,2,3777,1411,2366,0,0,0,1.0,1,1.0,1,1.0,1,0.27379131684349167,28
1836,5,3782,1412,2370,0,0,0,1.0,1,1.0,1,1.0,1,0.2382546884268956,29
1837,2,3784,1412,2372,0,0,0,1.0,1,1.0,1,1.0,1,0.2002241397861755,28
1838,1,3785,1413,2372,0,0,0,1.0,1,1.0,1,1.0,1,0.2012484023799979,28
1839,0,3785,1413,2372,0,0,0,1.0,1,1.0,1,1.0,1,0.24807828310012853,27
1840,2,3787,1413,2374,0,0,0,1.0,1,1.0,1,1.0,1,0.304684796627643,26
1841,1,3788,1413,2375,0,0,0,1.0,1,1.0,1,1.0,1,0.2864107293778168,25
1842,2,3790,1414,2376,0,0,0,1.0,1,1.0,1,1.0,1,0.2888869649488939,26
1843,0,3790,1414,2376,0,0,0,1.0,1,1.0,1,1.0,1,0.2888869649488939,26
1844,1,3791,1414,2377,0,0,0,1.0,1,1.0,1,1.0,1,0.26058806640344295,26
1845,2,3793,1415,2378,0,0,0,1.0,1,1.0,1,1.0,1,0.2913884847278424,26
1846,1,3794,1416,2378,0,0,0,1.0,1,1.0,1,1.0,1,0.24008497510386928,26
1847,0,3794,1416,2378,0,0,0,1.0,1,1.0,1,1.0,1,0.24008497510386928,26
1848,1,3795,1416,2379,0,0,0,1.0,1,1.0,1,1.0,1,0.21538020288144577,27
1849,1,3796,1416,2380,0,0,0,1.0,1,1.0,1,1.0,1,0.1967887829955183,27
1850,0,3796,1416,2380,0,0,0,1.0,1,1.0,1,1.0,1,0.17590982870493135,28
1851,0,3796,1416,2380,0,0,0,1.0,1,1.0,1,1.0,1,0.17590982870493135,28
1852,1,3797,1417,2380,0,0,0,1.0,1,1.0,1,1.0,1,0.1825878535964722,28
1853,0,3797,1417,2380,0,0,0,1.0,1,1.0,1,1.0,1,0.1987283784634362,27
1854,0,3797,1417,2380,0,0,0,1.0,1,1.0,1,1.0,1,0.2267288274158496,28
1855,0,3797,1417,2380,0,0,0,1.0,1,1.0,1,1.0,1,0.2267288274158496,28
1856,2,3799,1417,2382,0,0,0,1.0,1,1.0,1,1.0,1,0.22744097124777113,30
1857,2,3801,1417,2384,0,0,0,1.0,1,1.0,1,1.0,1,0.2033965628501112,31
1858,1,3802,1418,2384,0,0,0,1.0,1,1.0,1,1.0,1,0.19349457080665988,31
1859,0,3802,1418,2384,0,0,0,1.0,1,1.0,1,1.0,1,0.19349457080665988,31
1860,0,3802,1418,2384,0,0,0,1.0,1,1.0,1,1.0,1,0.19349457080665988,31
1861,0,3802,1418,2384,0,0,0,1.0,1,1.0,1,1.0,1,0.19349457080665988,31
1862,0,3802,1418,2384,0,0,0,1.0,1,1.0,1,1.0,1,0.19349457080665988,31
1863,2,3804,1420,2384,0,0,0,1.0,1,1.0,1,1.0,1,0.2214488838654122,31
1864,2,3806,1422,2384,0,0,0,1.0,1,1.0,1,1.0,1,0.24009961152797202,30
1865,1,3807,1422,2385,0,0,0,1.0,1,1.0,1,1.0,1,0.20466808039479562,27
1866,2,3809,1424,2385,0,0,0,1.0,1,1.0,1,1.0,1,0.2765930620347675,28
1867,1,3810,1425,2385,0,0,0,1.0,1,1.0,1,1.0,1,0.2596812668591207,26
1868,1,3811,1426,2385,0,0,0,1.0,1,1.0,1,1.0,1,0.31879065318726696,26
1869,5,3816,1426,2390,0,0,0,1.0,1,1.0,1,1.0,1,0.22553094658615797,25
1870,0,3816,1426,2390,0,0,0,1.0,1,1.0,1,1.0,1,0.22553094658615797,25
1871,0,3816,1426,2390,0,0,0,1.0,1,1.0,1,1.0,1,0.2410102465024777,26
1872,0,3816,1426,2390,0,0,0,1.0,1,1.0,1,1.0,1,0.23815868045232508,25
1873,3,3819,1426,2393,0,0,0,1.0,1,1.0,1,1.0,1,0.22483890141404747,23
1874,2,3821,1427,2394,0,0,0,1.0,1,1.0,1,1.0,1,0.24082793046371534,23
1875,1,3822,1427,2395,0,0,0,1.0,1,1.0,1,1.0,1,0.2625008509110042,21
1876,3,3825,1428,2397,0,0,0,1.0,1,1.0,1,1.0,1,0.2399934805654646,24
1877,0,3825,1428,2397,0,0,0,1.0,1,1.0,1,1.0,1,0.2399934805654646,24
1878,3,3828,1430,2398,0,0,0,1.0,1,1.0,1,1.0,1,0.22184828300553391,26
1879,1,3829,1430,2399,0,0,0,1.0,1,1.0,1,1.0,1,0.19827185040823023,26
1880,0,3829,1430,2399,0,0,0,1.0,1,1.0,1,1.0,1,0.19827185040823023,26
1881,0,3829,1430,2399,0,0,0,1.0,1,1.0,1,1.0,1,0.19827185040823023,26
1882,0,3829,1430,2399,0,0,0,1.0,1,1.0,1,1.0,1,0.19761776903493763,25
1883,0,3829,1430,2399,0,0,0,1.0,1,1.0,1,1.0,1,0.19761776903493763,25
1884,0,3829,1430,2399,0,0,0,1.0,1,1.0,1,1.0,1,0.19761776903493763,25
1885,0,3829,1430,2399,0,0,0,1.0,1,1.0,1,1.0,1,0.19761776903493763,25
1886,0,3829,1430,2399,0,0,0,1.0,1,1.0,1,1.0,1,0.19889165030784628,26
1887,0,3829,1430,2399,0,0,0,1.0,1,1.0,1,1.0,1,0.19889165030784628,26
1888,2,3831,1431,2400,0,0,0,1.0,1,1.0,1,1.0,1,0.22967638474925717,27
1889,1,3832,1431,2401,0,0,0,1.0,1,1.0,1,1.0,1,0.22834809618564686,28
1890,0,3832,1431,2401,0,0,0,1.0,1,1.0,1,1.0,1,0.22834809618564686,28
1891,2,3834,1431,2403,0,0,0,1.0,1,1.0,1,1.0,1,0.228027033148292,29
1892,1,3835,1431,2404,0,0,0,1.0,1,1.0,1,1.0,1,0.2139035437237154,29
1893,2,3837,1431,2406,0,0,0,1.0,1,1.0,1,1.0,1,0.18242793413375027,29
1894,0,3837,1431,2406,0,0,0,1.0,1,1.0,1,1.0,1,0.18242793413375027,29
1895,1,3838,1431,2407,0,0,0,1.0,1,1.0,1,1.0,1,0.1906392157014621,31
1896,1,3839,1431,2408,0,0,0,1.0,1,1.0,1,1.0,1,0.17781127194752336,31
1897,0,3839,1431,2408,0,0,0,1.0,1,1.0,1,1.0,1,0.17781127194752336,31
1898,0,3839,1431,2408,0,0,0,1.0,1,1.0,1,1.0,1,0.17781127194752336,31
1899,0,3839,1431,2408,0,0,0,1.0,1,1.0,1,1.0,1,0.19889547300621105,32
1900,0,3839,1431,2408,0,0,0,1.0,1,1.0,1,1.0,1,0.19889547300621105,32
1901,0,3839,1431,2408,0,0,0,1.0,1,1.0,1,1.0,1,0.19889547300621105,32
1902,0,3839,1431,2408,0,0,0,1.0,1,1.0,1,1.0,1,0.19889547300621105,32
1903,0,3839,1431,2408,0,0,0,1.0,1,1.0,1,1.0,1,0.19889547300621105,32
1904,2,3841,1431,2410,0,0,0,1.0,1,1.0,1,1.0,1,0.15080894915717966,34
1905,0,3841,1431,2410,0,0,0,1.0,1,1.0,1,1.0,1,0.15080894915717966,34
1906,0,3841,1431,2410,0,0,0,1.0,1,1.0,1,1.0,1,0.16085002241832638,35
1907,0,3841,1431,2410,0,0,0,1.0,1,1.0,1,1.0,1,0.16896088816771498,36
1908,1,3842,1431,2411,0,0,0,1.0,1,1.0,1,1.0,1,0.16171495035292083,36
1909,1,3843,1431,2412,0,0,0,1.0,1,1.0,1,1.0,1,0.16181581945905624,37
1910,4,3847,1432,2415,0,0,0,1.0,1,1.0,1,1.0,1,0.20127311394249264,38
1911,3,3850,1432,2418,0,0,0,1.0,1,1.0,1,1.0,1,0.14322644888431682,37
1912,2,3852,1433,2419,0,0,0,1.0,1,1.0,1,1.0,1,0.1792244262235366,37
1913,3,3855,1435,2420,0,0,0,1.0,1,1.0,1,1.0,1,0.17129799872793888,36
1914,2,3857,1435,2422,0,0,0,1.0,1,1.0,1,1.0,1,0.16600528149668886,37
1915,5,3862,1437,2425,0,0,0,1.0,1,1.0,1,1.0,1,0.1934472161698797,37
1916,1,3863,1437,2426,0,0,0,1.0,1,1.0,1,1.0,1,0.14709046387880736,39
1917,2,3865,1438,2427,0,0,0,1.0,1,1.0,1,1.0,1,0.16653199717352568,38
1918,1,3866,1438,2428,0,0,0,1.0,1,1.0,1,1.0,1,0.17009395349664594,38
1919,0,3866,1438,2428,0,0,0,1.0,1,1.0,1,1.0,1,0.21340316055918634,38
1920,1,3867,1438,2429,0,0,0,1.0,1,1.0,1,1.0,1,0.215866834410032,39
1921,2,3869,1438,2431,0,0,0,1.0,1,1.0,1,1.0,1,0.13623405795968327,38
1922,1,3870,1438,2432,0,0,0,1.0,1,1.0,1,1.0,1,0.11778928638253709,39
1923,1,3871,1439,2432,0,0,0,1.0,1,1.0,1,1.0,1,0.1562358170380185,40
1924,0,3871,1439,2432,0,0,0,1.0,1,1.0,1,1.0,1,0.1562358170380185,40
1925,3,3874,1440,2434,0,0,0,1.0,1,1.0,1,1.0,1,0.1632233245485348,40
1926,2,3876,1440,2436,0,0,0,1.0,1,1.0,1,1.0,1,0.12205512452080483,40
1927,5,3881,1441,2440,0,0,0,1.0,1,1.0,1,1.0,1,0.16029916750479542,41
1928,2,3883,1442,2441,0,0,0,1.0,1,1.0,1,1.0,1,0.12865627066491728,41
1929,1,3884,1442,2442,0,0,0,1.0,1,1.0,1,1.0,1,0.13888845252953388,40
1930,1,3885,1443,2442,0,0,0,1.0,1,1.0,1,1.0,1,0.14611055051941937,40
1931,0,3885,1443,2442,0,0,0,1.0,1,1.0,1,1.0,1,0.14611055051941937,40
1932,0,3885,1443,2442,0,0,0,1.0,1,1.0,1,1.0,1,0.14611055051941937,40
1933,2,3887,1443,2444,0,0,0,1.0,1,1.0,1,1.0,1,0.127980335015023,42
1934,1,3888,1443,2445,0,0,0,1.0,1,1.0,1,1.0,1,0.10810295369684216,44
1935,1,3889,1443,2446,0,0,0,1.0,1,1.0,1,1.0,1,0.08667818708538125,44
1936,0,3889,1443,2446,0,0,0,1.0,1,1.0,1,1.0,1,0.12006672056229073,46
1937,2,3891,1444,2447,0,0,0,1.0,1,1.0,1,1.0,1,0.09431450006678532,47
1938,1,3892,1445,2447,0,0,0,1.0,1,1.0,1,1.0,1,0.12054496919073797,47
1939,1,3893,1445,2448,0,0,0,1.0,1,1.0,1,1.0,1,0.09127365951620887,47
1940,1,3894,1446,2448,0,0,0,1.0,1,1.0,1,1.0,1,0.08048742046790085,47
1941,1,3895,1447,2448,0,0,0,1.0,1,1.0,1,1.0,1,0.10146774568971427,47
1942,1,3896,1448,2448,0,0,0,1.0,1,1.0,1,1.0,1,0.1438752664874582,49
1943,2,3898,1450,2448,0,0,0,1.0,1,1.0,1,1.0,1,0.14197689740000838,47
1944,3,3901,1453,2448,0,0,0,1.0,1,1.0,1,1.0,1,0.19426343371385207,47
1945,5,3906,1454,2452,0,0,0,1.0,1,1.0,1,1.0,1,0.09610212135612294,45
1946,1,3907,1455,2452,0,0,0,1.0,1,1.0,1,1.0,1,0.10543384252156845,45
1947,5,3912,1458,2454,0,0,0,1.0,1,1.0,1,1.0,1,0.17788427623846287,45
1948,4,3916,1459,2457,0,0,0,1.0,1,1.0,1,1.0,1,0.2098904867903056,45
1949,7,3923,1461,2462,0,0,0,1.0,1,1.0,1,1.0,1,0.20631974424301006,42
1950,6,3929,1464,2465,0,0,0,1.0,1,1.0,1,1.0,1,0.18153076107042723,42
1951,2,3931,1465,2466,0,0,0,1.0,1,1.0,1,1.0,1,0.18377182076477563,38
1952,3,3934,1467,2467,0,0,0,1.0,1,1.0,1,1.0,1,0.17675480939630198,36
1953,2,3936,1467,2469,0,0,0,1.0,1,1.0,1,1.0,1,0.12711578926958328,35
1954,0,3936,1467,2469,0,0,0,1.0,1,1.0,1,1.0,1,0.15627148243927522,32
1955,2,3938,1469,2469,0,0,0,1.0,1,1.0,1,1.0,1,0.1805010413520926,33
1956,2,3940,1471,2469,0,0,0,1.0,1,1.0,1,1.0,1,0.1942554449928608,31
1957,3,3943,1471,2472,0,0,0,1.0,1,1.0,1,1.0,1,0.12051314474210924,33
1958,5,3948,1473,2475,0,0,0,1.0,1,1.0,1,1.0,1,0.18479993138325307,34
1959,1,3949,1473,2476,0,0,0,1.0,1,1.0,1,1.0,1,0.1581250452962285,35
1960,2,3951,1473,2478,0,0,0,1.0,1,1.0,1,1.0,1,0.16481084845393026,36
1961,1,3952,1474,2478,0,0,0,1.0,1,1.0,1,1.0,1,0.16710919530373794,36
1962,0,3952,1474,2478,0,0,0,1.0,1,1.0,1,1.0,1,0.2057142544982016,35
1963,1,3953,1474,2479,0,0,0,1.0,1,1.0,1,1.0,1,0.20049690900017378,36
1964,2,3955,1474,2481,0,0,0,1.0,1,1.0,1,1.0,1,0.21438000219328418,35
1965,2,3957,1474,2483,0,0,0,1.0,1,1.0,1,1.0,1,0.17171561189061055,36
1966,4,3961,1475,2486,0,0,0,1.0,1,1.0,1,1.0,1,0.16633488162023688,36
1967,2,3963,1476,2487,0,0,0,1.0,1,1.0,1,1.0,1,0.17801753434626524,36
1968,0,3963,1476,2487,0,0,0,1.0,1,1.0,1,1.0,1,0.19526325194499977,37
1969,8,3971,1477,2494,0,0,0,1.0,1,1.0,1,1.0,1,0.20477919499857988,37
1970,4,3975,1477,2498,0,0,0,1.0,1,1.0,1,1.0,1,0.19236989305601454,38
1971,2,3977,1478,2499,0,0,0,1.0,1,1.0,1,1.0,1,0.2371400235746183,37
1972,2,3979,1478,2501,0,0,0,1.0,1,1.0,1,1.0,1,0.16124885296001254,37
1973,3,3982,1480,2502,0,0,0,1.0,1,1.0,1,1.0,1,0.19344794414190186,37
1974,3,3985,1481,2504,0,0,0,1.0,1,1.0,1,1.0,1,0.17135910515939215,38
1975,2,3987,1481,2506,0,0,0,1.0,1,1.0,1,1.0,1,0.1758203758230463,37
1976,2,3989,1482,2507,0,0,0,1.0,1,1.0,1,1.0,1,0.1706450835037138,39
1977,3,3992,1483,2509,0,0,0,1.0,1,1.0,1,1.0,1,0.13099899554534183,42
1978,1,3993,1484,2509,0,0,0,1.0,1,1.0,1,1.0,1,0.14236190860811493,42
1979,0,3993,1484,2509,0,0,0,1.0,1,1.0,1,1.0,1,0.14236190860811493,42
1980,0,3993,1484,2509,0,0,0,1.0,1,1.0,1,1.0,1,0.14043798009181127,43
1981,1,3994,1484,2510,0,0,0,1.0,1,1.0,1,1.0,1,0.12850001830388175,44
1982,2,3996,1486,2510,0,0,0,1.0,1,1.0,1,1.0,1,0.1384911791392798,44
1983,0,3996,1486,2510,0,0,0,1.0,1,1.0,1,1.0,1,0.1384911791392798,44
1984,2,3998,1487,2511,0,0,0,1.0,1,1.0,1,1.0,1,0.11965202384104992,42
1985,4,4002,1490,2512,0,0,0,1.0,1,1.0,1,1.0,1,0.17223781788154915,41
1986,3,4005,1491,2514,0,0,0,1.0,1,1.0,1,1.0,1,0.14605157704646415,40
1987,0,4005,1491,2514,0,0,0,1.0,1,1.0,1,1.0,1,0.1554415945640717,37
1988,3,4008,1494,2514,0,0,0,1.0,1,1.0,1,1.0,1,0.2055503117246945,35
1989,3,4011,1494,2517,0,0,0,1.0,1,1.0,1,1.0,1,0.13687364429544804,32
1990,2,4013,1496,2517,0,0,0,1.0,1,1.0,1,1.0,1,0.2032932397241711,31
1991,0,4013,1496,2517,0,0,0,1.0,1,1.0,1,1.0,1,0.23046406829786087,32
1992,4,4017,1498,2519,0,0,0,1.0,1,1.0,1,1.0,1,0.27420753409477744,32
1993,5,4022,1500,2522,0,0,0,1.0,1,1.0,1,1.0,1,0.28870900349207684,32
1994,1,4023,1500,2523,0,0,0,1.0,1,1.0,1,1.0,1,0.2549640109830594,31
1995,3,4026,1500,2526,0,0,0,1.0,1,1.0,1,1.0,1,0.19598231786737924,32
1996,1,4027,1500,2527,0,0,0,1.0,1,1.0,1,1.0,1,0.20308934059026287,32
1997,2,4029,1500,2529,0,0,0,1.0,1,1.0,1,1.0,1,0.17506674594388874,31
1998,1,4030,1500,2530,0,0,0,1.0,1,1.0,1,1.0,1,0.12356585787381898,32
1999,0,4030,1500,2530,0,0,0,1.0,1,1.0,1,1.0,1,0.15720722763176562,31
2000,0,4030,1500,2530,0,0,0,1.0,1,1.0,1,1.0,1,0.15341107269792492,30
2001,2,4032,1500,2532,0,0,0,1.0,1,1.0,1,1.0,1,0.12940485813055458,29
2002,1,4033,1500,2533,0,0,0,1.0,1,1.0,1,1.0,1,0.12448678129924913,31
2003,2,4035,1501,2534,0,0,0,1.0,1,1.0,1,1.0,1,0.12562534170061238,33
2004,4,4039,1502,2537,0,0,0,1.0,1,1.0,1,1.0,1,0.18386859363216912,34
2005,3,4042,1502,2540,0,0,0,1.0,1,1.0,1,1.0,1,0.15475565885287262,35
2006,1,4043,1503,2540,0,0,0,1.0,1,1.0,1,1.0,1,0.16449330521517963,36
2007,1,4044,1503,2541,0,0,0,1.0,1,1.0,1,1.0,1,0.15197684098620448,36
2008,1,4045,1504,2541,0,0,0,1.0,1,1.0,1,1.0,1,0.1621660431329772,36
2009,1,4046,1504,2542,0,0,0,1.0,1,1.0,1,1.0,1,0.1305956917227418,37
2010,3,4049,1505,2544,0,0,0,1.0,1,1.0,1,1.0,1,0.11329125794392231,37
2011,0,4049,1505,2544,0,0,0,1.0,1,1.0,1,1.0,1,0.11329125794392231,37
2012,0,4049,1505,2544,0,0,0,1.0,1,1.0,1,1.0,1,0.11329125794392231,37
2013,0,4049,1505,2544,0,0,0,1.0,1,1.0,1,1.0,1,0.14061929472746457,39
2014,2,4051,1505,2546,0,0,0,1.0,1,1.0,1,1.0,1,0.1307386332893093,39
2015,1,4052,1505,2547,0,0,0,1.0,1,1.0,1,1.0,1,0.13166661666090118,39
2016,1,4053,1505,2548,0,0,0,1.0,1,1.0,1,1.0,1,0.0979142245179586,41
2017,1,4054,1505,2549,0,0,0,1.0,1,1.0,1,1.0,1,0.0901203309188449,41
2018,2,4056,1506,2550,0,0,0,1.0,1,1.0,1,1.0,1,0.13427415471087648,42
2019,0,4056,1506,2550,0,0,0,1.0,1,1.0,1,1.0,1,0.11691916742783207,43
2020,4,4060,1509,2551,0,0,0,1.0,1,1.0,1,1.0,1,0.14922575035792543,43
2021,3,4063,1510,2553,0,0,0,1.0,1,1.0,1,1.0,1,0.09597543601057697,43
2022,0,4063,1510,2553,0,0,0,1.0,1,1.0,1,1.0,1,0.11073100147504476,44
2023,3,4066,1513,2553,0,0,0,1.0,1,1.0,1,1.0,1,0.21506428186443696,42
2024,1,4067,1514,2553,0,0,0,1.0,1,1.0,1,1.0,1,0.20610636190856357,41
2025,5,4072,1517,2555,0,0,0,1.0,1,1.0,1,1.0,1,0.1919136213738092,39
2026,2,4074,1517,2557,0,0,0,1.0,1,1.0,1,1.0,1,0.1675484692342816,39
2027,4,4078,1519,2559,0,0,0,1.0,1,1.0,1,1.0,1,0.2463361309794126,38
2028,3,4081,1520,2561,0,0,0,1.0,1,1.0,1,1.0,1,0.23413805191122175,37
2029,3,4084,1521,2563,0,0,0,1.0,1,1.0,1,1.0,1,0.19546840679843772,35
2030,1,4085,1522,2563,0,0,0,1.0,1,1.0,1,1.0,1,0.23408459681768526,32
2031,1,4086,1523,2563,0,0,0,1.0,1,1.0,1,1.0,1,0.25734263731111306,34
2032,4,4090,1525,2565,0,0,0,1.0,1,1.0,1,1.0,1,0.2699745972550199,35
2033,5,4095,1528,2567,0,0,0,1.0,1,1.0,1,1.0,1,0.21140736532923507,35
2034,2,4097,1528,2569,0,0,0,1.0,1,1.0,1,1.0,1,0.19806655918526908,35
2035,3,4100,1530,2570,0,0,0,1.0,1,1.0,1,1.0,1,0.17032288475186205,36
2036,0,4100,1530,2570,0,0,0,1.0,1,1.0,1,1.0,1,0.1679303581497341,35
2037,0,4100,1530,2570,0,0,0,1.0,1,1.0,1,1.0,1,0.15471725557297408,36
2038,0,4100,1530,2570,0,0,0,1.0,1,1.0,1,1.0,1,0.15428925204217753,38
2039,3,4103,1531,2572,0,0,0,1.0,1,1.0,1,1.0,1,0.16227403490230163,38
2040,1,4104,1531,2573,0,0,0,1.0,1,1.0,1,1.0,1,0.1554234866381949,37
2041,2,4106,1532,2574,0,0,0,1.0,1,1.0,1,1.0,1,0.17208819770048392,38
2042,1,4107,1532,2575,0,0,0,1.0,1,1.0,1,1.0,1,0.1597314284071129,38
2043,1,4108,1533,2575,0,0,0,1.0,1,1.0,1,1.0,1,0.16007114988076926,38
2044,1,4109,1533,2576,0,0,0,1.0,1,1.0,1,1.0,1,0.13019733197425964,39
2045,1,4110,1533,2577,0,0,0,1.0,1,1.0,1,1.0,1,0.13925769737115662,40
2046,0,4110,1533,2577,0,0,0,1.0,1,1.0,1,1.0,1,0.13976069746509168,41
2047,0,4110,1533,2577,0,0,0,1.0,1,1.0,1,1.0,1,0.13976069746509168,41
2048,1,4111,1533,2578,0,0,0,1.0,1,1.0,1,1.0,1,0.12797747468455054,43
2049,1,4112,1534,2578,0,0,0,1.0,1,1.0,1,1.0,1,0.14011717214734828,43
2050,1,4113,1534,2579,0,0,0,1.0,1,1.0,1,1.0,1,0.13314119751207776,43
2051,5,4118,1536,2582,0,0,0,1.0,1,1.0,1,1.0,1,0.1595384145771487,43
2052,1,4119,1536,2583,0,0,0,1.0,1,1.0,1,1.0,1,0.17197394628901302,44
2053,4,4123,1537,2586,0,0,0,1.0,1,1.0,1,1.0,1,0.15136335916632435,43
2054,3,4126,1538,2588,0,0,0,1.0,1,1.0,1,1.0,1,0.12113272673366154,44
2055,0,4126,1538,2588,0,0,0,1.0,1,1.0,1,1.0,1,0.13525979386962125,43
2056,2,4128,1538,2590,0,0,0,1.0,1,1.0,1,1.0,1,0.10749088525395055,44
2057,3,4131,1539,2592,0,0,0,1.0,1,1.0,1,1.0,1,0.0894108286729492,44
2058,1,4132,1540,2592,0,0,0,1.0,1,1.0,1,1.0,1,0.08172983633215455,44
2059,1,4133,1540,2593,0,0,0,1.0,1,1.0,1,1.0,1,0.07529769495982523,45
2060,2,4135,1541,2594,0,0,0,1.0,1,1.0,1,1.0,1,0.11583149494844493,46
2061,6,4141,1544,2597,0,0,0,1.0,1,1.0,1,1.0,1,0.10036243935852576,48
2062,2,4143,1546,2597,0,0,0,1.0,1,1.0,1,1.0,1,0.15226219276573608,48
2063,1,4144,1546,2598,0,0,0,1.0,1,1.0,1,1.0,1,0.09236438922030925,45
2064,1,4145,1547,2598,0,0,0,1.0,1,1.0,1,1.0,1,0.14208037539476256,44
2065,2,4147,1548,2599,0,0,0,1.0,1,1.0,1,1.0,1,0.09563450716127746,42
2066,3,4150,1550,2600,0,0,0,1.0,1,1.0,1,1.0,1,0.15205661768613138,42
2067,1,4151,1551,2600,0,0,0,1.0,1,1.0,1,1.0,1,0.18095302515064007,38
2068,1,4152,1552,2600,0,0,0,1.0,1,1.0,1,1.0,1,0.2346290018217685,37
2069,5,4157,1552,2605,0,0,0,1.0,1,1.0,1,1.0,1,0.10823785953903732,35
2070,2,4159,1554,2605,0,0,0,1.0,1,1.0,1,1.0,1,0.14862367100308793,35
2071,2,4161,1555,2606,0,0,0,1.0,1,1.0,1,1.0,1,0.18883317023139945,34
2072,2,4163,1556,2607,0,0,0,1.0,1,1.0,1,1.0,1,0.1876127230971885,35
2073,3,4166,1556,2610,0,0,0,1.0,1,1.0,1,1.0,1,0.14986759722971843,37
2074,3,4169,1557,2612,0,0,0,1.0,1,1.0,1,1.0,1,0.14316176373940712,36
2075,1,4170,1557,2613,0,0,0,1.0,1,1.0,1,1.0,1,0.15970480485914162,38
2076,0,4170,1557,2613,0,0,0,1.0,1,1.0,1,1.0,1,0.14283376979622972,37
2077,1,4171,1557,2614,0,0,0,1.0,1,1.0,1,1.0,1,0.1072314870822594,37
2078,0,4171,1557,2614,0,0,0,1.0,1,1.0,1,1.0,1,0.1072314870822594,37
2079,3,4174,1558,2616,0,0,0,1.0,1,1.0,1,1.0,1,0.08582930636662917,37
2080,1,4175,1559,2616,0,0,0,1.0,1,1.0,1,1.0,1,0.11577382724127523,36
2081,3,4178,1560,2618,0,0,0,1.0,1,1.0,1,1.0,1,0.11815352566775646,37
2082,7,4185,1563,2622,0,0,0,1.0,1,1.0,1,1.0,1,0.13138121117691498,38
2083,3,4188,1564,2624,0,0,0,1.0,1,1.0,1,1.0,1,0.1224802670612025,39
2084,1,4189,1564,2625,0,0,0,1.0,1,1.0,1,1.0,1,0.12937007611145834,41
2085,1,4190,1565,2625,0,0,0,1.0,1,1.0,1,1.0,1,0.14467926009755108,41
2086,3,4193,1565,2628,0,0,0,1.0,1,1.0,1,1.0,1,0.12070001055998333,44
2087,0,4193,1565,2628,0,0,0,1.0,1,1.0,1,1.0,1,0.12070001055998333,44
2088,0,4193,1565,2628,0,0,0,1.0,1,1.0,1,1.0,1,0.12506133063148642,45
2089,2,4195,1566,2629,0,0,0,1.0,1,1.0,1,1.0,1,0.13076820367627393,46
2090,2,4197,1566,2631,0,0,0,1.0,1,1.0,1,1.0,1,0.12559491943982845,47
2091,5,4202,1567,2635,0,0,0,1.0,1,1.0,1,1.0,1,0.14519800445791345,48
2092,1,4203,1568,2635,0,0,0,1.0,1,1.0,1,1.0,1,0.13594071082335946,48
2093,2,4205,1568,2637,0,0,0,1.0,1,1.0,1,1.0,1,0.08038460748673412,48
2094,1,4206,1569,2637,0,0,0,1.0,1,1.0,1,1.0,1,0.1040209067201699,47
2095,2,4208,1569,2639,0,0,0,1.0,1,1.0,1,1.0,1,0.0829599970035005,49
2096,2,4210,1570,2640,0,0,0,1.0,1,1.0,1,1.0,1,0.06427387707128689,50
2097,0,4210,1570,2640,0,0,0,1.0,1,1.0,1,1.0,1,0.06427387707128689,50
2098,2,4212,1572,2640,0,0,0,1.0,1,1.0,1,1.0,1,0.12584241748077954,51
2099,0,4212,1572,2640,0,0,0,1.0,1,1.0,1,1.0,1,0.1281630117545784,50
2100,2,4214,1574,2640,0,0,0,1.0,1,1.0,1,1.0,1,0.14536076700037381,49
2101,3,4217,1575,2642,0,0,0,1.0,1,1.0,1,1.0,1,0.12169882933358081,48
2102,5,4222,1578,2644,0,0,0,1.0,1,1.0,1,1.0,1,0.1793389019831265,49
2103,2,4224,1579,2645,0,0,0,1.0,1,1.0,1,1.0,1,0.17803419218111888,44
2104,4,4228,1582,2646,0,0,0,1.0,1,1.0,1,1.0,1,0.22110066923963712,42
2105,3,4231,1583,2648,0,0,0,1.0,1,1.0,1,1.0,1,0.18369504251354823,40
2106,7,4238,1586,2652,0,0,0,1.0,1,1.0,1,1.0,1,0.22469306796240937,39
2107,2,4240,1588,2652,0,0,0,1.0,1,1.0,1,1.0,1,0.26759634267343396,37
2108,4,4244,1589,2655,0,0,0,1.0,1,1.0,1,1.0,1,0.21351310411166924,37
2109,7,4251,1590,2661,0,0,0,1.0,1,1.0,1,1.0,1,0.17540235823457026,36
2110,1,4252,1590,2662,0,0,0,1.0,1,1.0,1,1.0,1,0.189587263240976,35
2111,2,4254,1590,2664,0,0,0,1.0,1,1.0,1,1.0,1,0.19109753759923725,35
2112,1,4255,1590,2665,0,0,0,1.0,1,1.0,1,1.0,1,0.194531121684246,35
2113,1,4256,1590,2666,0,0,0,1.0,1,1.0,1,1.0,1,0.17785466133465205,35
2114,0,4256,1590,2666,0,0,0,1.0,1,1.0,1,1.0,1,0.18151598356686882,36
2115,3,4259,1591,2668,0,0,0,1.0,1,1.0,1,1.0,1,0.1765565520776045,37
2116,3,4262,1592,2670,0,0,0,1.0,1,1.0,1,1.0,1,0.17490187526100898,39
2117,1,4263,1592,2671,0,0,0,1.0,1,1.0,1,1.0,1,0.11651430777625295,39
2118,1,4264,1593,2671,0,0,0,1.0,1,1.0,1,1.0,1,0.10619508228359273,41
2119,3,4267,1594,2673,0,0,0,1.0,1,1.0,1,1.0,1,0.0801500943626146,42
2120,1,4268,1594,2674,0,0,0,1.0,1,1.0,1,1.0,1,0.10344661534048713,42
2121,1,4269,1595,2674,0,0,0,1.0,1,1.0,1,1.0,1,0.10202698702035443,42
2122,2,4271,1596,2675,0,0,0,1.0,1,1.0,1,1.0,1,0.1263102323275619,43
2123,3,4274,1598,2676,0,0,0,1.0,1,1.0,1,1.0,1,0.18708917541266806,42
2124,2,4276,1599,2677,0,0,0,1.0,1,1.0,1,1.0,1,0.17105710377743624,42
2125,3,4279,1599,2680,0,0,0,1.0,1,1.0,1,1.0,1,0.11571553239964995,41
2126,0,4279,1599,2680,0,0,0,1.0,1,1.0,1,1.0,1,0.11571553239964995,41
2127,0,4279,1599,2680,0,0,0,1.0,1,1.0,1,1.0,1,0.11571553239964995,41
2128,1,4280,1599,2681,0,0,0,1.0,1,1.0,1,1.0,1,0.1106439518163188,42
2129,1,4281,1599,2682,0,0,0,1.0,1,1.0,1,1.0,1,0.13027042029048205,43
2130,2,4283,1599,2684,0,0,0,1.0,1,1.0,1,1.0,1,0.1018108568117189,45
2131,1,4284,1600,2684,0,0,0,1.0,1,1.0,1,1.0,1,0.10260859335112903,44
2132,0,4284,1600,2684,0,0,0,1.0,1,1.0,1,1.0,1,0.10260859335112903,44
2133,0,4284,1600,2684,0,0,0,1.0,1,1.0,1,1.0,1,0.11551658349231844,45
2134,0,4284,1600,2684,0,0,0,1.0,1,1.0,1,1.0,1,0.11551658349231844,45
2135,4,4288,1602,2686,0,0,0,1.0,1,1.0,1,1.0,1,0.07862374444425914,46
2136,4,4292,1604,2688,0,0,0,1.0,1,1.0,1,1.0,1,0.127348833202531,47
2137,4,4296,1605,2691,0,0,0,1.0,1,1.0,1,1.0,1,0.1287840493715079,47
2138,0,4296,1605,2691,0,0,0,1.0,1,1.0,1,1.0,1,0.14129854609911702,45
2139,0,4296,1605,2691,0,0,0,1.0,1,1.0,1,1.0,1,0.14129854609911702,45
2140,0,4296,1605,2691,0,0,0,1.0,1,1.0,1,1.0,1,0.15640680170463403,44
2141,2,4298,1605,2693,0,0,0,1.0,1,1.0,1,1.0,1,0.09070184395678063,45
2142,5,4303,1608,2695,0,0,0,1.0,1,1.0,1,1.0,1,0.15657563438027672,46
2143,6,4309,1608,2701,0,0,0,1.0,1,1.0,1,1.0,1,0.11491912203563542,46
2144,6,4315,1609,2706,0,0,0,1.0,1,1.0,1,1.0,1,0.13275400427601253,48
2145,6,4321,1613,2708,0,0,0,1.0,1,1.0,1,1.0,1,0.12107969328470915,46
2146,2,4323,1615,2708,0,0,0,1.0,1,1.0,1,1.0,1,0.10892059694754115,45
2147,4,4327,1617,2710,0,0,0,1.0,1,1.0,1,1.0,1,0.14748894032646118,44
2148,4,4331,1620,2711,0,0,0,1.0,1,1.0,1,1.0,1,0.16555325324470926,44
2149,7,4338,1625,2713,0,0,0,1.0,1,1.0,1,1.0,1,0.16542938008117292,42
2150,2,4340,1626,2714,0,0,0,1.0,1,1.0,1,1.0,1,0.14333859850199035,40
2151,3,4343,1627,2716,0,0,0,1.0,1,1.0,1,1.0,1,0.17987639134361635,39
2152,3,4346,1628,2718,0,0,0,1.0,1,1.0,1,1.0,1,0.17320263983115972,40
2153,3,4349,1628,2721,0,0,0,1.0,1,1.0,1,1.0,1,0.11073788662261386,42
2154,2,4351,1629,2722,0,0,0,1.0,1,1.0,1,1.0,1,0.14111919973285741,42
2155,2,4353,1630,2723,0,0,0,1.0,1,1.0,1,1.0,1,0.1259671708918668,41
2156,0,4353,1630,2723,0,0,0,1.0,1,1.0,1,1.0,1,0.14244287481093404,40
2157,3,4356,1631,2725,0,0,0,1.0,1,1.0,1,1.0,1,0.13418515300539544,40
2158,0,4356,1631,2725,0,0,0,1.0,1,1.0,1,1.0,1,0.16389028238649475,38
2159,0,4356,1631,2725,0,0,0,1.0,1,1.0,1,1.0,1,0.15702897814466632,38
2160,0,4356,1631,2725,0,0,0,1.0,1,1.0,1,1.0,1,0.15702897814466632,38
2161,3,4359,1632,2727,0,0,0,1.0,1,1.0,1,1.0,1,0.13112392709046747,38
2162,3,4362,1634,2728,0,0,0,1.0,1,1.0,1,1.0,1,0.1704759830295557,38
2163,4,4366,1636,2730,0,0,0,1.0,1,1.0,1,1.0,1,0.15346728670456974,40
2164,3,4369,1638,2731,0,0,0,1.0,1,1.0,1,1.0,1,0.16620051926411003,41
2165,7,4376,1639,2737,0,0,0,1.0,1,1.0,1,1.0,1,0.13322741649465422,42
2166,0,4376,1639,2737,0,0,0,1.0,1,1.0,1,1.0,1,0.13322741649465422,42
2167,6,4382,1639,2743,0,0,0,1.0,1,1.0,1,1.0,1,0.14076958386149904,43
2168,6,4388,1639,2749,0,0,0,1.0,1,1.0,1,1.0,1,0.1294441213558164,43
2169,5,4393,1639,2754,0,0,0,1.0,1,1.0,1,1.0,1,0.1148534930779247,45
2170,5,4398,1640,2758,0,0,0,1.0,1,1.0,1,1.0,1,0.11750995162683396,46
2171,1,4399,1640,2759,0,0,0,1.0,1,1.0,1,1.0,1,0.0894626515896336,48
2172,4,4403,1640,2763,0,0,0,1.0,1,1.0,1,1.0,1,0.08665483567425471,49
2173,1,4404,1640,2764,0,0,0,1.0,1,1.0,1,1.0,1,0.06846338276517482,49
2174,0,4404,1640,2764,0,0,0,1.0,1,1.0,1,1.0,1,0.06846338276517482,49
2175,0,4404,1640,2764,0,0,0,1.0,1,1.0,1,1.0,1,0.06846338276517482,49
2176,4,4408,1641,2767,0,0,0,1.0,1,1.0,1,1.0,1,0.05647985321594988,51
2177,1,4409,1641,2768,0,0,0,1.0,1,1.0,1,1.0,1,0.05792366296913841,51
2178,1,4410,1642,2768,0,0,0,1.0,1,1.0,1,1.0,1,0.11245308731235912,50
2179,2,4412,1643,2769,0,0,0,1.0,1,1.0,1,1.0,1,0.11452122811594787,49
2180,0,4412,1643,2769,0,0,0,1.0,1,1.0,1,1.0,1,0.1487317669352408,47
2181,3,4415,1644,2771,0,0,0,1.0,1,1.0,1,1.0,1,0.1272355490212227,47
2182,4,4419,1647,2772,0,0,0,1.0,1,1.0,1,1.0,1,0.178403242551528,45
2183,6,4425,1649,2776,0,0,0,1.0,1,1.0,1,1.0,1,0.13158470626972127,44
2184,2,4427,1651,2776,0,0,0,1.0,1,1.0,1,1.0,1,0.14676351903412654,43
2185,6,4433,1654,2779,0,0,0,1.0,1,1.0,1,1.0,1,0.09448844603113293,40
2186,2,4435,1655,2780,0,0,0,1.0,1,1.0,1,1.0,1,0.10096241693700254,38
2187,3,4438,1657,2781,0,0,0,1.0,1,1.0,1,1.0,1,0.14011460235374934,35
2188,4,4442,1661,2781,0,0,0,1.0,1,1.0,1,1.0,1,0.15336966684708606,34
2189,2,4444,1663,2781,0,0,0,1.0,1,1.0,1,1.0,1,0.1759215641606401,31
2190,4,4448,1666,2782,0,0,0,1.0,1,1.0,1,1.0,1,0.18714604563028986,29
2191,2,4450,1667,2783,0,0,0,1.0,1,1.0,1,1.0,1,0.1898702527654503,28
2192,1,4451,1668,2783,0,0,0,1.0,1,1.0,1,1.0,1,0.21169140840484496,29
2193,4,4455,1670,2785,0,0,0,1.0,1,1.0,1,1.0,1,0.22567673583006337,28
2194,1,4456,1670,2786,0,0,0,1.0,1,1.0,1,1.0,1,0.20700791053335557,27
2195,4,4460,1673,2787,0,0,0,1.0,1,1.0,1,1.0,1,0.2821147191493017,27
2196,3,4463,1674,2789,0,0,0,1.0,1,1.0,1,1.0,1,0.3205705591466446,27
2197,3,4466,1674,2792,0,0,0,1.0,1,1.0,1,1.0,1,0.24387439997381538,27
2198,0,4466,1674,2792,0,0,0,1.0,1,1.0,1,1.0,1,0.21953679709822654,28
2199,0,4466,1674,2792,0,0,0,1.0,1,1.0,1,1.0,1,0.24750442538549444,29
2200,8,4474,1675,2799,0,0,0,1.0,1,1.0,1,1.0,1,0.20448136752618687,31
2201,0,4474,1675,2799,0,0,0,1.0,1,1.0,1,1.0,1,0.18016262579898806,32
2202,2,4476,1676,2800,0,0,0,1.0,1,1.0,1,1.0,1,0.18517819822450063,31
2203,0,4476,1676,2800,0,0,0,1.0,1,1.0,1,1.0,1,0.1514410249124384,32
2204,0,4476,1676,2800,0,0,0,1.0,1,1.0,1,1.0,1,0.1514410249124384,32
2205,1,4477,1677,2800,0,0,0,1.0,1,1.0,1,1.0,1,0.21111464225940899,33
2206,1,4478,1678,2800,0,0,0,1.0,1,1.0,1,1.0,1,0.2635806666951167,32
2207,1,4479,1678,2801,0,0,0,1.0,1,1.0,1,1.0,1,0.23374643720969318,33
2208,2,4481,1679,2802,0,0,0,1.0,1,1.0,1,1.0,1,0.2175910067533966,35
2209,3,4484,1680,2804,0,0,0,1.0,1,1.0,1,1.0,1,0.1917791482202622,36
2210,0,4484,1680,2804,0,0,0,1.0,1,1.0,1,1.0,1,0.20171074195336483,35
2211,1,4485,1680,2805,0,0,0,1.0,1,1.0,1,1.0,1,0.19277977442574334,36
2212,3,4488,1681,2807,0,0,0,1.0,1,1.0,1,1.0,1,0.16338600046306426,37
2213,1,4489,1682,2807,0,0,0,1.0,1,1.0,1,1.0,1,0.15190990608739127,37
2214,1,4490,1683,2807,0,0,0,1.0,1,1.0,1,1.0,1,0.19308043059985228,39
2215,1,4491,1684,2807,0,0,0,1.0,1,1.0,1,1.0,1,0.18264785746249843,36
2216,2,4493,1686,2807,0,0,0,1.0,1,1.0,1,1.0,1,0.24136207126347847,37
2217,3,4496,1687,2809,0,0,0,1.0,1,1.0,1,1.0,1,0.17395374754432508,35
2218,3,4499,1688,2811,0,0,0,1.0,1,1.0,1,1.0,1,0.1122727421443484,35
2219,1,4500,1689,2811,0,0,0,1.0,1,1.0,1,1.0,1,0.09608254462062225,33
2220,1,4501,1690,2811,0,0,0,1.0,1,1.0,1,1.0,1,0.13578033401340725,31
2221,2,4503,1691,2812,0,0,0,1.0,1,1.0,1,1.0,1,0.13546077221441996,31
2222,3,4506,1692,2814,0,0,0,1.0,1,1.0,1,1.0,1,0.14948744711142786,30
2223,5,4511,1694,2817,0,0,0,1.0,1,1.0,1,1.0,1,0.11461815929061175,28
2224,2,4513,1696,2817,0,0,0,1.0,1,1.0,1,1.0,1,0.2222197765153556,29
2225,6,4519,1697,2822,0,0,0,1.0,1,1.0,1,1.0,1,0.08114621117769609,28
2226,2,4521,1698,2823,0,0,0,1.0,1,1.0,1,1.0,1,0.11450311407105418,30
2227,1,4522,1699,2823,0,0,0,1.0,1,1.0,1,1.0,1,0.16377636287831193,28
2228,2,4524,1700,2824,0,0,0,1.0,1,1.0,1,1.0,1,0.2504503400014226,29
2229,2,4526,1700,2826,0,0,0,1.0,1,1.0,1,1.0,1,0.12802647420365806,28
2230,1,4527,1701,2826,0,0,0,1.0,1,1.0,1,1.0,1,0.14509636177015464,28
2231,1,4528,1702,2826,0,0,0,1.0,1,1.0,1,1.0,1,0.1745223574449114,27
2232,2,4530,1702,2828,0,0,0,1.0,1,1.0,1,1.0,1,0.11632960876477746,27
2233,7,4537,1707,2830,0,0,0,1.0,1,1.0,1,1.0,1,0.1638742766428933,28
2234,0,4537,1707,2830,0,0,0,1.0,1,1.0,1,1.0,1,0.19846742686131452,26
2235,1,4538,1708,2830,0,0,0,1.0,1,1.0,1,1.0,1,0.25276075764110467,26
2236,2,4540,1709,2831,0,0,0,1.0,1,1.0,1,1.0,1,0.27384927397199355,26
2237,2,4542,1709,2833,0,0,0,1.0,1,1.0,1,1.0,1,0.23637037072995348,26
2238,1,4543,1710,2833,0,0,0,1.0,1,1.0,1,1.0,1,0.26596814623892046,27
2239,2,4545,1711,2834,0,0,0,1.0,1,1.0,1,1.0,1,0.2669293421388778,28
2240,7,4552,1712,2840,0,0,0,1.0,1,1.0,1,1.0,1,0.240274683363604,30
2241,4,4556,1714,2842,0,0,0,1.0,1,1.0,1,1.0,1,0.2637212964491249,29
2242,4,4560,1715,2845,0,0,0,1.0,1,1.0,1,1.0,1,0.17847275890460185,29
2243,0,4560,1715,2845,0,0,0,1.0,1,1.0,1,1.0,1,0.17847275890460185,29
2244,0,4560,1715,2845,0,0,0,1.0,1,1.0,1,1.0,1,0.17847275890460185,29
2245,2,4562,1715,2847,0,0,0,1.0,1,1.0,1,1.0,1,0.08141983646860096,30
2246,2,4564,1715,2849,0,0,0,1.0,1,1.0,1,1.0,1,0.11995142423757359,33
2247,0,4564,1715,2849,0,0,0,1.0,1,1.0,1,1.0,1,0.11915557221432488,34
2248,0,4564,1715,2849,0,0,0,1.0,1,1.0,1,1.0,1,0.11915557221432488,34
2249,1,4565,1715,2850,0,0,0,1.0,1,1.0,1,1.0,1,0.12032643981629598,35
2250,0,4565,1715,2850,0,0,0,1.0,1,1.0,1,1.0,1,0.12032643981629598,35
2251,1,4566,1715,2851,0,0,0,1.0,1,1.0,1,1.0,1,0.1312422995200661,36
2252,1,4567,1715,2852,0,0,0,1.0,1,1.0,1,1.0,1,0.14753187494210807,37
2253,2,4569,1716,2853,0,0,0,1.0,1,1.0,1,1.0,1,0.1560936444416091,35
2254,0,4569,1716,2853,0,0,0,1.0,1,1.0,1,1.0,1,0.1659511204660781,33
2255,1,4570,1717,2853,0,0,0,1.0,1,1.0,1,1.0,1,0.19262261948982065,35
2256,2,4572,1718,2854,0,0,0,1.0,1,1.0,1,1.0,1,0.22438684484311172,34
2257,5,4577,1720,2857,0,0,0,1.0,1,1.0,1,1.0,1,0.1379107529067908,36
2258,2,4579,1720,2859,0,0,0,1.0,1,1.0,1,1.0,1,0.13595978557897237,35
2259,0,4579,1720,2859,0,0,0,1.0,1,1.0,1,1.0,1,0.14358968766600602,35
2260,0,4579,1720,2859,0,0,0,1.0,1,1.0,1,1.0,1,0.16565616715935957,33
2261,3,4582,1721,2861,0,0,0,1.0,1,1.0,1,1.0,1,0.1579276559221517,33
2262,1,4583,1722,2861,0,0,0,1.0,1,1.0,1,1.0,1,0.26585131632014125,32
2263,1,4584,1723,2861,0,0,0,1.0,1,1.0,1,1.0,1,0.276232976405058,31
2264,3,4587,1725,2862,0,0,0,1.0,1,1.0,1,1.0,1,0.33883173298745456,30
2265,6,4593,1725,2868,0,0,0,1.0,1,1.0,1,1.0,1,0.09518664197142876,29
2266,3,4596,1727,2869,0,0,0,1.0,1,1.0,1,1.0,1,0.17307777592551213,30
2267,2,4598,1729,2869,0,0,0,1.0,1,1.0,1,1.0,1,0.18210953898601295,29
2268,2,4600,1730,2870,0,0,0,1.0,1,1.0,1,1.0,1,0.22864040669762883,30
2269,5,4605,1732,2873,0,0,0,1.0,1,1.0,1,1.0,1,0.12344641206230704,31
2270,2,4607,1733,2874,0,0,0,1.0,1,1.0,1,1.0,1,0.14740919057658364,31
2271,5,4612,1737,2875,0,0,0,1.0,1,1.0,1,1.0,1,0.14391566513229936,31
2272,1,4613,1738,2875,0,0,0,1.0,1,1.0,1,1.0,1,0.16574855869931354,31
2273,4,4617,1738,2879,0,0,0,1.0,1,1.0,1,1.0,1,0.1368321775267892,30
2274,2,4619,1738,2881,0,0,0,1.0,1,1.0,1,1.0,1,0.10915313123059373,31
2275,1,4620,1738,2882,0,0,0,1.0,1,1.0,1,1.0,1,0.09747393179507524,32
2276,3,4623,1740,2883,0,0,0,1.0,1,1.0,1,1.0,1,0.11835930387759348,31
2277,1,4624,1741,2883,0,0,0,1.0,1,1.0,1,1.0,1,0.15037093197172605,31
2278,2,4626,1742,2884,0,0,0,1.0,1,1.0,1,1.0,1,0.17623179782101442,32
2279,2,4628,1743,2885,0,0,0,1.0,1,1.0,1,1.0,1,0.11333170739136747,32
2280,1,4629,1743,2886,0,0,0,1.0,1,1.0,1,1.0,1,0.08827677566707348,33
2281,0,4629,1743,2886,0,0,0,1.0,1,1.0,1,1.0,1,0.10712989920266028,34
2282,0,4629,1743,2886,0,0,0,1.0,1,1.0,1,1.0,1,0.10712989920266028,34
2283,0,4629,1743,2886,0,0,0,1.0,1,1.0,1,1.0,1,0.10712989920266028,34
2284,2,4631,1744,2887,0,0,0,1.0,1,1.0,1,1.0,1,0.10570072767687717,34
2285,1,4632,1744,2888,0,0,0,1.0,1,1.0,1,1.0,1,0.06269377529751458,35
2286,0,4632,1744,2888,0,0,0,1.0,1,1.0,1,1.0,1,0.08755382398803396,34
2287,0,4632,1744,2888,0,0,0,1.0,1,1.0,1,1.0,1,0.09478902127709977,35
2288,1,4633,1744,2889,0,0,0,1.0,1,1.0,1,1.0,1,0.12320915148203986,35
2289,3,4636,1745,2891,0,0,0,1.0,1,1.0,1,1.0,1,0.10373317528167278,37
2290,1,4637,1745,2892,0,0,0,1.0,1,1.0,1,1.0,1,0.13824900469947862,37
2291,1,4638,1746,2892,0,0,0,1.0,1,1.0,1,1.0,1,0.14817549729450874,35
2292,1,4639,1747,2892,0,0,0,1.0,1,1.0,1,1.0,1,0.24042779465503855,35
2293,3,4642,1748,2894,0,0,0,1.0,1,1.0,1,1.0,1,0.18923267688098303,34
2294,1,4643,1748,2895,0,0,0,1.0,1,1.0,1,1.0,1,0.2288873565918935,33
2295,4,4647,1749,2898,0,0,0,1.0,1,1.0,1,1.0,1,0.16354065792968192,34
2296,1,4648,1749,2899,0,0,0,1.0,1,1.0,1,1.0,1,0.21741060395135445,33
2297,0,4648,1749,2899,0,0,0,1.0,1,1.0,1,1.0,1,0.2521983525832205,32
2298,2,4650,1749,2901,0,0,0,1.0,1,1.0,1,1.0,1,0.24167443137621236,32
2299,2,4652,1749,2903,0,0,0,1.0,1,1.0,1,1.0,1,0.19523356383059146,33
2300,1,4653,1750,2903,0,0,0,1.0,1,1.0,1,1.0,1,0.24145864356744962,33
2301,2,4655,1750,2905,0,0,0,1.0,1,1.0,1,1.0,1,0.20015536062087572,33
2302,2,4657,1750,2907,0,0,0,1.0,1,1.0,1,1.0,1,0.147946090570641,34
2303,4,4661,1753,2908,0,0,0,1.0,1,1.0,1,1.0,1,0.16234294259880172,34
2304,2,4663,1755,2908,0,0,0,1.0,1,1.0,1,1.0,1,0.17644908196383915,33
2305,5,4668,1757,2911,0,0,0,1.0,1,1.0,1,1.0,1,0.17520769602948938,33
2306,3,4671,1759,2912,0,0,0,1.0,1,1.0,1,1.0,1,0.17903610910159942,33
2307,2,4673,1760,2913,0,0,0,1.0,1,1.0,1,1.0,1,0.16799522794836796,35
2308,1,4674,1761,2913,0,0,0,1.0,1,1.0,1,1.0,1,0.16806682094741707,34
2309,2,4676,1762,2914,0,0,0,1.0,1,1.0,1,1.0,1,0.16353989379797856,34
2310,1,4677,1762,2915,0,0,0,1.0,1,1.0,1,1.0,1,0.1171635558525889,34
2311,3,4680,1763,2917,0,0,0,1.0,1,1.0,1,1.0,1,0.15249229996036792,35
2312,1,4681,1764,2917,0,0,0,1.0,1,1.0,1,1.0,1,0.17395784532484102,34
2313,5,4686,1765,2921,0,0,0,1.0,1,1.0,1,1.0,1,0.14603912106778275,35
2314,1,4687,1765,2922,0,0,0,1.0,1,1.0,1,1.0,1,0.13742163531281473,35
2315,1,4688,1765,2923,0,0,0,1.0,1,1.0,1,1.0,1,0.1338302053450529,34
2316,3,4691,1767,2924,0,0,0,1.0,1,1.0,1,1.0,1,0.1789291360786806,35
2317,4,4695,1767,2928,0,0,0,1.0,1,1.0,1,1.0,1,0.06948717762299608,32
2318,1,4696,1768,2928,0,0,0,1.0,1,1.0,1,1.0,1,0.08999782892724086,32
2319,1,4697,1769,2928,0,0,0,1.0,1,1.0,1,1.0,1,0.1572040774309749,32
2320,0,4697,1769,2928,0,0,0,1.0,1,1.0,1,1.0,1,0.1531321966050015,32
2321,2,4699,1769,2930,0,0,0,1.0,1,1.0,1,1.0,1,0.13733152733575485,33
2322,0,4699,1769,2930,0,0,0,1.0,1,1.0,1,1.0,1,0.13733152733575485,33
2323,0,4699,1769,2930,0,0,0,1.0,1,1.0,1,1.0,1,0.13733152733575485,33
2324,3,4702,1771,2931,0,0,0,1.0,1,1.0,1,1.0,1,0.2166771619794968,34
2325,3,4705,1771,2934,0,0,0,1.0,1,1.0,1,1.0,1,0.1496238551920934,35
2326,0,4705,1771,2934,0,0,0,1.0,1,1.0,1,1.0,1,0.1496238551920934,35
2327,1,4706,1771,2935,0,0,0,1.0,1,1.0,1,1.0,1,0.12588710039454035,36
2328,0,4706,1771,2935,0,0,0,1.0,1,1.0,1,1.0,1,0.1492815296040663,37
2329,0,4706,1771,2935,0,0,0,1.0,1,1.0,1,1.0,1,0.11773990971466884,37
2330,0,4706,1771,2935,0,0,0,1.0,1,1.0,1,1.0,1,0.13799603895237447,38
2331,0,4706,1771,2935,0,0,0,1.0,1,1.0,1,1.0,1,0.13450993045192608,40
2332,0,4706,1771,2935,0,0,0,1.0,1,1.0,1,1.0,1,0.13450993045192608,40
2333,0,4706,1771,2935,0,0,0,1.0,1,1.0,1,1.0,1,0.12537900865177742,41
2334,0,4706,1771,2935,0,0,0,1.0,1,1.0,1,1.0,1,0.12537900865177742,41
2335,1,4707,1771,2936,0,0,0,1.0,1,1.0,1,1.0,1,0.10538940151274476,41
2336,0,4707,1771,2936,0,0,0,1.0,1,1.0,1,1.0,1,0.10538940151274476,41
2337,0,4707,1771,2936,0,0,0,1.0,1,1.0,1,1.0,1,0.11900959534684007,42
2338,3,4710,1772,2938,0,0,0,1.0,1,1.0,1,1.0,1,0.1243103812509472,43
2339,0,4710,1772,2938,0,0,0,1.0,1,1.0,1,1.0,1,0.1243103812509472,43
2340,1,4711,1772,2939,0,0,0,1.0,1,1.0,1,1.0,1,0.13184265584137214,45
2341,1,4712,1772,2940,0,0,0,1.0,1,1.0,1,1.0,1,0.1099486520290571,45
2342,4,4716,1773,2943,0,0,0,1.0,1,1.0,1,1.0,1,0.09728922334428845,46
2343,1,4717,1774,2943,0,0,0,1.0,1,1.0,1,1.0,1,0.11343991914883886,45
2344,3,4720,1776,2944,0,0,0,1.0,1,1.0,1,1.0,1,0.13585924927329926,44
2345,2,4722,1776,2946,0,0,0,1.0,1,1.0,1,1.0,1,0.09859366250278606,44
2346,1,4723,1777,2946,0,0,0,1.0,1,1.0,1,1.0,1,0.11701250419525802,44
2347,2,4725,1777,2948,0,0,0,1.0,1,1.0,1,1.0,1,0.09586376057876121,44
2348,2,4727,1777,2950,0,0,0,1.0,1,1.0,1,1.0,1,0.07950357404059101,45
2349,2,4729,1778,2951,0,0,0,1.0,1,1.0,1,1.0,1,0.09583326844288141,46
2350,1,4730,1779,2951,0,0,0,1.0,1,1.0,1,1.0,1,0.12169058937914433,47
2351,3,4733,1780,2953,0,0,0,1.0,1,1.0,1,1.0,1,0.10615197324082426,47
2352,1,4734,1781,2953,0,0,0,1.0,1,1.0,1,1.0,1,0.09327797067333822,47
2353,2,4736,1781,2955,0,0,0,1.0,1,1.0,1,1.0,1,0.06993107820201538,46
2354,1,4737,1782,2955,0,0,0,1.0,1,1.0,1,1.0,1,0.07739826887042076,47
2355,1,4738,1782,2956,0,0,0,1.0,1,1.0,1,1.0,1,0.07173193131898416,47
2356,1,4739,1783,2956,0,0,0,1.0,1,1.0,1,1.0,1,0.09714446453321719,47
2357,3,4742,1785,2957,0,0,0,1.0,1,1.0,1,1.0,1,0.07140623820574261,47
2358,0,4742,1785,2957,0,0,0,1.0,1,1.0,1,1.0,1,0.08276348358177597,48
2359,2,4744,1786,2958,0,0,0,1.0,1,1.0,1,1.0,1,0.13032540376006543,49
2360,1,4745,1786,2959,0,0,0,1.0,1,1.0,1,1.0,1,0.08807707596771179,49
2361,4,4749,1787,2962,0,0,0,1.0,1,1.0,1,1.0,1,0.09911097727337781,50
2362,4,4753,1788,2965,0,0,0,1.0,1,1.0,1,1.0,1,0.11600344276364255,51
2363,1,4754,1789,2965,0,0,0,1.0,1,1.0,1,1.0,1,0.13110519422485126,51
2364,3,4757,1791,2966,0,0,0,1.0,1,1.0,1,1.0,1,0.14485087275372824,52
2365,7,4764,1793,2971,0,0,0,1.0,1,1.0,1,1.0,1,0.08368250969786767,53
2366,4,4768,1793,2975,0,0,0,1.0,1,1.0,1,1.0,1,0.04923867560408462,54
2367,4,4772,1795,2977,0,0,0,1.0,1,1.0,1,1.0,1,0.10838156652322913,52
2368,1,4773,1796,2977,0,0,0,1.0,1,1.0,1,1.0,1,0.14233864341961083,51
2369,9,4782,1797,2985,0,0,0,1.0,1,1.0,1,1.0,1,0.08276073496235206,51
2370,8,4790,1800,2990,0,0,0,1.0,1,1.0,1,1.0,1,0.09235291197494874,52
2371,3,4793,1802,2991,0,0,0,1.0,1,1.0,1,1.0,1,0.09487484901746482,52
2372,3,4796,1804,2992,0,0,0,1.0,1,1.0,1,1.0,1,0.14255731759027881,49
2373,4,4800,1805,2995,0,0,0,1.0,1,1.0,1,1.0,1,0.11627469287878567,47
2374,1,4801,1805,2996,0,0,0,1.0,1,1.0,1,1.0,1,0.09361673028806436,45
2375,0,4801,1805,2996,0,0,0,1.0,1,1.0,1,1.0,1,0.10427717836881896,45
2376,1,4802,1805,2997,0,0,0,1.0,1,1.0,1,1.0,1,0.15243298024942034,43
2377,5,4807,1806,3001,0,0,0,1.0,1,1.0,1,1.0,1,0.12003381780659172,44
2378,0,4807,1806,3001,0,0,0,1.0,1,1.0,1,1.0,1,0.12305571601816681,43
2379,1,4808,1806,3002,0,0,0,1.0,1,1.0,1,1.0,1,0.10748320762973727,43
2380,0,4808,1806,3002,0,0,0,1.0,1,1.0,1,1.0,1,0.10748320762973727,43
2381,3,4811,1808,3003,0,0,0,1.0,1,1.0,1,1.0,1,0.14169196752750554,44
2382,1,4812,1808,3004,0,0,0,1.0,1,1.0,1,1.0,1,0.09889889272491618,44
2383,2,4814,1809,3005,0,0,0,1.0,1,1.0,1,1.0,1,0.08523186450605491,45
2384,4,4818,1811,3007,0,0,0,1.0,1,1.0,1,1.0,1,0.11392029954117062,45
2385,3,4821,1812,3009,0,0,0,1.0,1,1.0,1,1.0,1,0.0772208083437029,45
2386,5,4826,1816,3010,0,0,0,1.0,1,1.0,1,1.0,1,0.1573965283881024,46
2387,3,4829,1818,3011,0,0,0,1.0,1,1.0,1,1.0,1,0.13435232824817386,44
2388,4,4833,1820,3013,0,0,0,1.0,1,1.0,1,1.0,1,0.1156885556621717,44
2389,4,4837,1820,3017,0,0,0,1.0,1,1.0,1,1.0,1,0.06329537374074609,43
2390,2,4839,1822,3017,0,0,0,1.0,1,1.0,1,1.0,1,0.05758793193596681,44
2391,1,4840,1823,3017,0,0,0,1.0,1,1.0,1,1.0,1,0.08703848207849657,43
2392,4,4844,1825,3019,0,0,0,1.0,1,1.0,1,1.0,1,0.12259837869357444,44
2393,6,4850,1827,3023,0,0,0,1.0,1,1.0,1,1.0,1,0.08336488769595135,45
2394,1,4851,1828,3023,0,0,0,1.0,1,1.0,1,1.0,1,0.1339890189193662,44
2395,3,4854,1828,3026,0,0,0,1.0,1,1.0,1,1.0,1,0.11633093483077733,44
2396,2,4856,1829,3027,0,0,0,1.0,1,1.0,1,1.0,1,0.10909454537724521,45
2397,2,4858,1829,3029,0,0,0,1.0,1,1.0,1,1.0,1,0.10507621604221618,44
2398,1,4859,1830,3029,0,0,0,1.0,1,1.0,1,1.0,1,0.1345693412494705,44
2399,2,4861,1830,3031,0,0,0,1.0,1,1.0,1,1.0,1,0.1177589227041876,45
2400,0,4861,1830,3031,0,0,0,1.0,1,1.0,1,1.0,1,0.1177589227041876,45
2401,3,4864,1830,3034,0,0,0,1.0,1,1.0,1,1.0,1,0.10153647900313104,46
2402,2,4866,1830,3036,0,0,0,1.0,1,1.0,1,1.0,1,0.09865823054153657,47
2403,5,4871,1831,3040,0,0,0,1.0,1,1.0,1,1.0,1,0.11125949008302599,48
2404,3,4874,1832,3042,0,0,0,1.0,1,1.0,1,1.0,1,0.08591124867363116,47
2405,2,4876,1832,3044,0,0,0,1.0,1,1.0,1,1.0,1,0.08892143190660902,45
2406,2,4878,1833,3045,0,0,0,1.0,1,1.0,1,1.0,1,0.10690695732897951,45
2407,1,4879,1833,3046,0,0,0,1.0,1,1.0,1,1.0,1,0.13329250951161714,42
2408,0,4879,1833,3046,0,0,0,1.0,1,1.0,1,1.0,1,0.1510233187429453,41
2409,4,4883,1834,3049,0,0,0,1.0,1,1.0,1,1.0,1,0.1528051815073969,41
2410,1,4884,1834,3050,0,0,0,1.0,1,1.0,1,1.0,1,0.16058683558287,40
2411,2,4886,1835,3051,0,0,0,1.0,1,1.0,1,1.0,1,0.15667368447665586,40
2412,1,4887,1835,3052,0,0,0,1.0,1,1.0,1,1.0,1,0.16388694647694269,38
2413,5,4892,1838,3054,0,0,0,1.0,1,1.0,1,1.0,1,0.18405414694101574,38
2414,1,4893,1839,3054,0,0,0,1.0,1,1.0,1,1.0,1,0.1947299680718442,36
2415,2,4895,1840,3055,0,0,0,1.0,1,1.0,1,1.0,1,0.22582389360901078,36
2416,1,4896,1841,3055,0,0,0,1.0,1,1.0,1,1.0,1,0.22562062733131957,35
2417,4,4900,1842,3058,0,0,0,1.0,1,1.0,1,1.0,1,0.22560960903997238,33
2418,2,4902,1842,3060,0,0,0,1.0,1,1.0,1,1.0,1,0.17454371155816603,33
2419,1,4903,1843,3060,0,0,0,1.0,1,1.0,1,1.0,1,0.23678375261199033,33
2420,4,4907,1844,3063,0,0,0,1.0,1,1.0,1,1.0,1,0.19476300005513367,34
2421,4,4911,1844,3067,0,0,0,1.0,1,1.0,1,1.0,1,0.09102501078515601,34
2422,2,4913,1846,3067,0,0,0,1.0,1,1.0,1,1.0,1,0.1318307209702444,35
2423,3,4916,1848,3068,0,0,0,1.0,1,1.0,1,1.0,1,0.16158997480873846,36
2424,0,4916,1848,3068,0,0,0,1.0,1,1.0,1,1.0,1,0.1255154938450073,35
2425,2,4918,1850,3068,0,0,0,1.0,1,1.0,1,1.0,1,0.1275278502483275,33
2426,4,4922,1854,3068,0,0,0,1.0,1,1.0,1,1.0,1,0.20841658770723173,34
2427,1,4923,1854,3069,0,0,0,1.0,1,1.0,1,1.0,1,0.16825358171683766,34
2428,4,4927,1856,3071,0,0,0,1.0,1,1.0,1,1.0,1,0.1599667403022704,34
2429,3,4930,1857,3073,0,0,0,1.0,1,1.0,1,1.0,1,0.16480140886576303,34
2430,1,4931,1857,3074,0,0,0,1.0,1,1.0,1,1.0,1,0.153019154680291,33
2431,0,4931,1857,3074,0,0,0,1.0,1,1.0,1,1.0,1,0.153019154680291,33
2432,0,4931,1857,3074,0,0,0,1.0,1,1.0,1,1.0,1,0.2060273411656496,33
2433,1,4932,1857,3075,0,0,0,1.0,1,1.0,1,1.0,1,0.15478968341045968,34
2434,0,4932,1857,3075,0,0,0,1.0,1,1.0,1,1.0,1,0.15478968341045968,34
2435,1,4933,1857,3076,0,0,0,1.0,1,1.0,1,1.0,1,0.14023374379451128,34
2436,2,4935,1858,3077,0,0,0,1.0,1,1.0,1,1.0,1,0.1818542919416229,33
2437,3,4938,1858,3080,0,0,0,1.0,1,1.0,1,1.0,1,0.10096456002348941,33
2438,5,4943,1860,3083,0,0,0,1.0,1,1.0,1,1.0,1,0.11691774562746055,34
2439,0,4943,1860,3083,0,0,0,1.0,1,1.0,1,1.0,1,0.12888925226108316,35
2440,0,4943,1860,3083,0,0,0,1.0,1,1.0,1,1.0,1,0.12888925226108316,35
2441,2,4945,1862,3083,0,0,0,1.0,1,1.0,1,1.0,1,0.15307786205694077,35
2442,0,4945,1862,3083,0,0,0,1.0,1,1.0,1,1.0,1,0.1269129137928863,35
2443,5,4950,1865,3085,0,0,0,1.0,1,1.0,1,1.0,1,0.2280840543607198,35
2444,2,4952,1867,3085,0,0,0,1.0,1,1.0,1,1.0,1,0.2843267866187465,34
2445,8,4960,1869,3091,0,0,0,1.0,1,1.0,1,1.0,1,0.2093022441175218,33
2446,3,4963,1870,3093,0,0,0,1.0,1,1.0,1,1.0,1,0.21362224388259768,30
2447,0,4963,1870,3093,0,0,0,1.0,1,1.0,1,1.0,1,0.19045841275009184,29
2448,2,4965,1872,3093,0,0,0,1.0,1,1.0,1,1.0,1,0.1882916323948176,27
2449,3,4968,1872,3096,0,0,0,1.0,1,1.0,1,1.0,1,0.09586777305497712,26
2450,2,4970,1873,3097,0,0,0,1.0,1,1.0,1,1.0,1,0.1080983436825734,28
2451,0,4970,1873,3097,0,0,0,1.0,1,1.0,1,1.0,1,0.1080983436825734,28
2452,0,4970,1873,3097,0,0,0,1.0,1,1.0,1,1.0,1,0.1397260248203268,29
2453,2,4972,1874,3098,0,0,0,1.0,1,1.0,1,1.0,1,0.12333011139772315,30
2454,1,4973,1874,3099,0,0,0,1.0,1,1.0,1,1.0,1,0.10860712489706609,32
2455,2,4975,1874,3101,0,0,0,1.0,1,1.0,1,1.0,1,0.134108919350068,33
2456,4,4979,1875,3104,0,0,0,1.0,1,1.0,1,1.0,1,0.1287228106328944,34
2457,0,4979,1875,3104,0,0,0,1.0,1,1.0,1,1.0,1,0.1287228106328944,34
2458,1,4980,1875,3105,0,0,0,1.0,1,1.0,1,1.0,1,0.15307643937441323,36
2459,0,4980,1875,3105,0,0,0,1.0,1,1.0,1,1.0,1,0.15307643937441323,36
2460,2,4982,1876,3106,0,0,0,1.0,1,1.0,1,1.0,1,0.15071550133008457,37
2461,2,4984,1876,3108,0,0,0,1.0,1,1.0,1,1.0,1,0.10976709620091779,37
2462,4,4988,1879,3109,0,0,0,1.0,1,1.0,1,1.0,1,0.15280529150975405,38
2463,2,4990,1879,3111,0,0,0,1.0,1,1.0,1,1.0,1,0.11049849046565255,38
2464,4,4994,1882,3112,0,0,0,1.0,1,1.0,1,1.0,1,0.13312100842613836,37
2465,2,4996,1883,3113,0,0,0,1.0,1,1.0,1,1.0,1,0.07957818043185465,36
2466,3,4999,1885,3114,0,0,0,1.0,1,1.0,1,1.0,1,0.12509411761921213,36
2467,0,4999,1885,3114,0,0,0,1.0,1,1.0,1,1.0,1,0.14680491063033768,34
2468,1,5000,1886,3114,0,0,0,1.0,1,1.0,1,1.0,1,0.18196049522624902,33
2469,1,5001,1886,3115,0,0,0,1.0,1,1.0,1,1.0,1,0.174891505339787,32
2470,3,5004,1889,3115,0,0,0,1.0,1,1.0,1,1.0,1,0.28285387639385157,33
2471,2,5006,1889,3117,0,0,0,1.0,1,1.0,1,1.0,1,0.26103399502763713,31
2472,0,5006,1889,3117,0,0,0,1.0,1,1.0,1,1.0,1,0.24129963249167466,32
2473,2,5008,1889,3119,0,0,0,1.0,1,1.0,1,1.0,1,0.21046166923829535,31
2474,3,5011,1890,3121,0,0,0,1.0,1,1.0,1,1.0,1,0.21341841922625865,33
2475,2,5013,1890,3123,0,0,0,1.0,1,1.0,1,1.0,1,0.18518481038427737,33
2476,3,5016,1892,3124,0,0,0,1.0,1,1.0,1,1.0,1,0.1994725106159688,33
2477,2,5018,1892,3126,0,0,0,1.0,1,1.0,1,1.0,1,0.1602807970134823,33
2478,1,5019,1892,3127,0,0,0,1.0,1,1.0,1,1.0,1,0.13170420118745124,33
2479,2,5021,1894,3127,0,0,0,1.0,1,1.0,1,1.0,1,0.19487566577466212,33
2480,6,5027,1896,3131,0,0,0,1.0,1,1.0,1,1.0,1,0.14822503738741993,34
2481,4,5031,1897,3134,0,0,0,1.0,1,1.0,1,1.0,1,0.1038838904891407,33
2482,1,5032,1898,3134,0,0,0,1.0,1,1.0,1,1.0,1,0.16501968029690592,34
2483,2,5034,1898,3136,0,0,0,1.0,1,1.0,1,1.0,1,0.1183392713057514,33
2484,1,5035,1899,3136,0,0,0,1.0,1,1.0,1,1.0,1,0.1448014916821948,32
2485,0,5035,1899,3136,0,0,0,1.0,1,1.0,1,1.0,1,0.13987899675370838,31
2486,2,5037,1900,3137,0,0,0,1.0,1,1.0,1,1.0,1,0.1836818427819032,29
2487,0,5037,1900,3137,0,0,0,1.0,1,1.0,1,1.0,1,0.1836818427819032,29
2488,0,5037,1900,3137,0,0,0,1.0,1,1.0,1,1.0,1,0.22196912887831624,30
2489,3,5040,1901,3139,0,0,0,1.0,1,1.0,1,1.0,1,0.19436878987978284,29
2490,2,5042,1902,3140,0,0,0,1.0,1,1.0,1,1.0,1,0.19302533450924267,30
2491,1,5043,1903,3140,0,0,0,1.0,1,1.0,1,1.0,1,0.13919106934560632,30
2492,0,5043,1903,3140,0,0,0,1.0,1,1.0,1,1.0,1,0.1345645003167844,29
2493,0,5043,1903,3140,0,0,0,1.0,1,1.0,1,1.0,1,0.1345645003167844,29
2494,0,5043,1903,3140,0,0,0,1.0,1,1.0,1,1.0,1,0.17757433445854726,28
2495,1,5044,1904,3140,0,0,0,1.0,1,1.0,1,1.0,1,0.23252379483020572,29
2496,0,5044,1904,3140,0,0,0,1.0,1,1.0,1,1.0,1,0.21786926145377566,28
2497,1,5045,1904,3141,0,0,0,1.0,1,1.0,1,1.0,1,0.19752259369653652,28
2498,0,5045,1904,3141,0,0,0,1.0,1,1.0,1,1.0,1,0.21452397126034958,29
2499,1,5046,1904,3142,0,0,0,1.0,1,1.0,1,1.0,1,0.1906668292388056,30
2500,1,5047,1904,3143,0,0,0,1.0,1,1.0,1,1.0,1,0.13632050353611083,29
2501,5,5052,1907,3145,0,0,0,1.0,1,1.0,1,1.0,1,0.15485800210969172,33
2502,3,5055,1908,3147,0,0,0,1.0,1,1.0,1,1.0,1,0.11127376735845543,33
2503,3,5058,1910,3148,0,0,0,1.0,1,1.0,1,1.0,1,0.11386800727076006,31
2504,8,5066,1916,3150,0,0,0,1.0,1,1.0,1,1.0,1,0.1473918817613637,31
2505,1,5067,1917,3150,0,0,0,1.0,1,1.0,1,1.0,1,0.15890468865083082,32
2506,3,5070,1919,3151,0,0,0,1.0,1,1.0,1,1.0,1,0.1910307910451732,31
2507,1,5071,1920,3151,0,0,0,1.0,1,1.0,1,1.0,1,0.16475718389663796,29
2508,5,5076,1924,3152,0,0,0,1.0,1,1.0,1,1.0,1,0.21376396047256818,31
2509,1,5077,1924,3153,0,0,0,1.0,1,1.0,1,1.0,1,0.1638883493575003,30
2510,1,5078,1924,3154,0,0,0,1.0,1,1.0,1,1.0,1,0.17510492382302367,31
2511,0,5078,1924,3154,0,0,0,1.0,1,1.0,1,1.0,1,0.18238221258949022,32
2512,4,5082,1927,3155,0,0,0,1.0,1,1.0,1,1.0,1,0.1953375422172692,32
2513,3,5085,1928,3157,0,0,0,1.0,1,1.0,1,1.0,1,0.11780530813962352,34
2514,6,5091,1930,3161,0,0,0,1.0,1,1.0,1,1.0,1,0.07071691198643948,35
2515,7,5098,1932,3166,0,0,0,1.0,1,1.0,1,1.0,1,0.14644121307247412,35
2516,3,5101,1933,3168,0,0,0,1.0,1,1.0,1,1.0,1,0.17306800235507375,34
2517,4,5105,1934,3171,0,0,0,1.0,1,1.0,1,1.0,1,0.1495823111746204,34
2518,1,5106,1935,3171,0,0,0,1.0,1,1.0,1,1.0,1,0.18032746151895573,33
2519,0,5106,1935,3171,0,0,0,1.0,1,1.0,1,1.0,1,0.14590879769020057,32
2520,1,5107,1936,3171,0,0,0,1.0,1,1.0,1,1.0,1,0.18328393783698596,31
2521,2,5109,1937,3172,0,0,0,1.0,1,1.0,1,1.0,1,0.13706097725041777,31
2522,2,5111,1938,3173,0,0,0,1.0,1,1.0,1,1.0,1,0.16537759635244154,30
2523,0,5111,1938,3173,0,0,0,1.0,1,1.0,1,1.0,1,0.1623480977990778,30
2524,2,5113,1938,3175,0,0,0,1.0,1,1.0,1,1.0,1,0.3029266935245833,29
2525,2,5115,1938,3177,0,0,0,1.0,1,1.0,1,1.0,1,0.21165531815503832,29
2526,0,5115,1938,3177,0,0,0,1.0,1,1.0,1,1.0,1,0.23902181605097217,27
2527,1,5116,1938,3178,0,0,0,1.0,1,1.0,1,1.0,1,0.18871546555557794,28
2528,0,5116,1938,3178,0,0,0,1.0,1,1.0,1,1.0,1,0.18871546555557794,28
2529,0,5116,1938,3178,0,0,0,1.0,1,1.0,1,1.0,1,0.18871546555557794,28
2530,1,5117,1938,3179,0,0,0,1.0,1,1.0,1,1.0,1,0.18581073786350558,29
2531,0,5117,1938,3179,0,0,0,1.0,1,1.0,1,1.0,1,0.21056047873316067,30
2532,0,5117,1938,3179,0,0,0,1.0,1,1.0,1,1.0,1,0.21695555636028385,31
2533,0,5117,1938,3179,0,0,0,1.0,1,1.0,1,1.0,1,0.21695555636028385,31
2534,0,5117,1938,3179,0,0,0,1.0,1,1.0,1,1.0,1,0.21695555636028385,31
2535,1,5118,1939,3179,0,0,0,1.0,1,1.0,1,1.0,1,0.26235289294457714,31
2536,3,5121,1939,3182,0,0,0,1.0,1,1.0,1,1.0,1,0.2149000002850396,32
2537,2,5123,1939,3184,0,0,0,1.0,1,1.0,1,1.0,1,0.1582404154458941,33
2538,2,5125,1940,3185,0,0,0,1.0,1,1.0,1,1.0,1,0.20074213210818884,35
2539,1,5126,1941,3185,0,0,0,1.0,1,1.0,1,1.0,1,0.21204887826507565,37
2540,5,5131,1944,3187,0,0,0,1.0,1,1.0,1,1.0,1,0.20515015421739485,38
2541,2,5133,1944,3189,0,0,0,1.0,1,1.0,1,1.0,1,0.18034253515610496,39
2542,5,5138,1947,3191,0,0,0,1.0,1,1.0,1,1.0,1,0.18512181825318128,38
2543,3,5141,1949,3192,0,0,0,1.0,1,1.0,1,1.0,1,0.20526512851417075,41
2544,1,5142,1950,3192,0,0,0,1.0,1,1.0,1,1.0,1,0.2017756230845976,39
2545,7,5149,1951,3198,0,0,0,1.0,1,1.0,1,1.0,1,0.13421790673855305,40
2546,1,5150,1951,3199,0,0,0,1.0,1,1.0,1,1.0,1,0.0885191925259061,38
2547,7,5157,1955,3202,0,0,0,1.0,1,1.0,1,1.0,1,0.09969809974482059,38
2548,0,5157,1955,3202,0,0,0,1.0,1,1.0,1,1.0,1,0.11226335990697098,35
2549,3,5160,1957,3203,0,0,0,1.0,1,1.0,1,1.0,1,0.15103549191775234,35
2550,1,5161,1958,3203,0,0,0,1.0,1,1.0,1,1.0,1,0.16627538394259517,33
2551,1,5162,1959,3203,0,0,0,1.0,1,1.0,1,1.0,1,0.21777301090008128,31
2552,1,5163,1959,3204,0,0,0,1.0,1,1.0,1,1.0,1,0.2307168760556942,30
2553,0,5163,1959,3204,0,0,0,1.0,1,1.0,1,1.0,1,0.2307168760556942,30
2554,3,5166,1959,3207,0,0,0,1.0,1,1.0,1,1.0,1,0.14653530269118983,32
2555,2,5168,1959,3209,0,0,0,1.0,1,1.0,1,1.0,1,0.13829436231298667,32
2556,0,5168,1959,3209,0,0,0,1.0,1,1.0,1,1.0,1,0.11569844595230026,32
2557,0,5168,1959,3209,0,0,0,1.0,1,1.0,1,1.0,1,0.1658437047953693,30
2558,2,5170,1961,3209,0,0,0,1.0,1,1.0,1,1.0,1,0.1421051621249496,31
2559,0,5170,1961,3209,0,0,0,1.0,1,1.0,1,1.0,1,0.16170068279525854,30
2560,0,5170,1961,3209,0,0,0,1.0,1,1.0,1,1.0,1,0.16170068279525854,30
2561,0,5170,1961,3209,0,0,0,1.0,1,1.0,1,1.0,1,0.16170068279525854,30
2562,2,5172,1961,3211,0,0,0,1.0,1,1.0,1,1.0,1,0.13967688062931177,33
2563,1,5173,1961,3212,0,0,0,1.0,1,1.0,1,1.0,1,0.13498761848604462,33
2564,0,5173,1961,3212,0,0,0,1.0,1,1.0,1,1.0,1,0.13498761848604462,33
2565,1,5174,1962,3212,0,0,0,1.0,1,1.0,1,1.0,1,0.11413154158076147,33
2566,0,5174,1962,3212,0,0,0,1.0,1,1.0,1,1.0,1,0.11433855671985615,35
2567,2,5176,1963,3213,0,0,0,1.0,1,1.0,1,1.0,1,0.14381791958111215,36
2568,1,5177,1964,3213,0,0,0,1.0,1,1.0,1,1.0,1,0.17925317581216818,37
2569,4,5181,1964,3217,0,0,0,1.0,1,1.0,1,1.0,1,0.1303486903655253,37
2570,1,5182,1964,3218,0,0,0,1.0,1,1.0,1,1.0,1,0.16798412036975813,37
2571,2,5184,1964,3220,0,0,0,1.0,1,1.0,1,1.0,1,0.1631808613271354,37
2572,1,5185,1964,3221,0,0,0,1.0,1,1.0,1,1.0,1,0.13184352524638907,39
2573,0,5185,1964,3221,0,0,0,1.0,1,1.0,1,1.0,1,0.13184352524638907,39
2574,0,5185,1964,3221,0,0,0,1.0,1,1.0,1,1.0,1,0.14456354514553646,38
2575,0,5185,1964,3221,0,0,0,1.0,1,1.0,1,1.0,1,0.14456354514553646,38
2576,0,5185,1964,3221,0,0,0,1.0,1,1.0,1,1.0,1,0.16117571353593751,37
2577,0,5185,1964,3221,0,0,0,1.0,1,1.0,1,1.0,1,0.17996650245881665,39
2578,1,5186,1964,3222,0,0,0,1.0,1,1.0,1,1.0,1,0.18255333623099138,40
2579,1,5187,1964,3223,0,0,0,1.0,1,1.0,1,1.0,1,0.16189429287236615,41
2580,1,5188,1964,3224,0,0,0,1.0,1,1.0,1,1.0,1,0.15063123773332124,42
2581,3,5191,1964,3227,0,0,0,1.0,1,1.0,1,1.0,1,0.12815037560885137,43
2582,1,5192,1965,3227,0,0,0,1.0,1,1.0,1,1.0,1,0.15267007608804992,43
2583,4,5196,1966,3230,0,0,0,1.0,1,1.0,1,1.0,1,0.133313690457835,43
2584,3,5199,1967,3232,0,0,0,1.0,1,1.0,1,1.0,1,0.12545848061960055,43
2585,3,5202,1968,3234,0,0,0,1.0,1,1.0,1,1.0,1,0.09901129652000278,44
2586,2,5204,1969,3235,0,0,0,1.0,1,1.0,1,1.0,1,0.09512177719042035,43
2587,5,5209,1972,3237,0,0,0,1.0,1,1.0,1,1.0,1,0.13858048259348513,44
2588,0,5209,1972,3237,0,0,0,1.0,1,1.0,1,1.0,1,0.13858048259348513,44
2589,6,5215,1974,3241,0,0,0,1.0,1,1.0,1,1.0,1,0.15217342466807424,44
2590,0,5215,1974,3241,0,0,0,1.0,1,1.0,1,1.0,1,0.15217342466807424,44
2591,1,5216,1974,3242,0,0,0,1.0,1,1.0,1,1.0,1,0.13901061472153703,44
2592,1,5217,1974,3243,0,0,0,1.0,1,1.0,1,1.0,1,0.1239624181293264,44
2593,0,5217,1974,3243,0,0,0,1.0,1,1.0,1,1.0,1,0.11363741753620721,43
2594,6,5223,1976,3247,0,0,0,1.0,1,1.0,1,1.0,1,0.12698312685304192,48
2595,1,5224,1976,3248,0,0,0,1.0,1,1.0,1,1.0,1,0.0698302946319528,45
2596,1,5225,1977,3248,0,0,0,1.0,1,1.0,1,1.0,1,0.06262946587284565,46
2597,1,5226,1977,3249,0,0,0,1.0,1,1.0,1,1.0,1,0.060736509670682254,45
2598,0,5226,1977,3249,0,0,0,1.0,1,1.0,1,1.0,1,0.060736509670682254,45
2599,3,5229,1980,3249,0,0,0,1.0,1,1.0,1,1.0,1,0.10655418492516563,45
2600,3,5232,1981,3251,0,0,0,1.0,1,1.0,1,1.0,1,0.12234435277427001,48
2601,5,5237,1982,3255,0,0,0,1.0,1,1.0,1,1.0,1,0.08753419592946418,47
2602,0,5237,1982,3255,0,0,0,1.0,1,1.0,1,1.0,1,0.0960529809820192,48
2603,0,5237,1982,3255,0,0,0,1.0,1,1.0,1,1.0,1,0.0960529809820192,48
2604,0,5237,1982,3255,0,0,0,1.0,1,1.0,1,1.0,1,0.09636208647876818,47
2605,1,5238,1983,3255,0,0,0,1.0,1,1.0,1,1.0,1,0.1212607050553291,47
2606,0,5238,1983,3255,0,0,0,1.0,1,1.0,1,1.0,1,0.11438369963370505,46
2607,1,5239,1984,3255,0,0,0,1.0,1,1.0,1,1.0,1,0.15760607329060067,45
2608,3,5242,1985,3257,0,0,0,1.0,1,1.0,1,1.0,1,0.12309240585957267,45
2609,4,5246,1987,3259,0,0,0,1.0,1,1.0,1,1.0,1,0.15891418814427746,44
2610,6,5252,1987,3265,0,0,0,1.0,1,1.0,1,1.0,1,0.09308468696725225,45
2611,2,5254,1988,3266,0,0,0,1.0,1,1.0,1,1.0,1,0.09185705615714966,46
2612,0,5254,1988,3266,0,0,0,1.0,1,1.0,1,1.0,1,0.10986362236221156,47
2613,2,5256,1989,3267,0,0,0,1.0,1,1.0,1,1.0,1,0.10922656097993455,48
2614,3,5259,1991,3268,0,0,0,1.0,1,1.0,1,1.0,1,0.1526765268552791,48
2615,4,5263,1994,3269,0,0,0,1.0,1,1.0,1,1.0,1,0.14590404595074916,49
2616,2,5265,1995,3270,0,0,0,1.0,1,1.0,1,1.0,1,0.17914544212640662,49
2617,5,5270,1996,3274,0,0,0,1.0,1,1.0,1,1.0,1,0.14846778758994905,48
2618,1,5271,1996,3275,0,0,0,1.0,1,1.0,1,1.0,1,0.14915415432422216,47
2619,3,5274,1996,3278,0,0,0,1.0,1,1.0,1,1.0,1,0.13626325453301852,50
2620,0,5274,1996,3278,0,0,0,1.0,1,1.0,1,1.0,1,0.1467496585556457,51
2621,2,5276,1996,3280,0,0,0,1.0,1,1.0,1,1.0,1,0.11686899525117779,52
2622,2,5278,1997,3281,0,0,0,1.0,1,1.0,1,1.0,1,0.11590746459568427,52
2623,3,5281,1998,3283,0,0,0,1.0,1,1.0,1,1.0,1,0.12351116289973098,53
2624,3,5284,2001,3283,0,0,0,1.0,1,1.0,1,1.0,1,0.11623836065967716,51
2625,0,5284,2001,3283,0,0,0,1.0,1,1.0,1,1.0,1,0.11237100852118231,50
2626,3,5287,2003,3284,0,0,0,1.0,1,1.0,1,1.0,1,0.10702400023361423,49
2627,2,5289,2005,3284,0,0,0,1.0,1,1.0,1,1.0,1,0.1098974112298163,48
2628,3,5292,2007,3285,0,0,0,1.0,1,1.0,1,1.0,1,0.13113658085496677,48
2629,2,5294,2008,3286,0,0,0,1.0,1,1.0,1,1.0,1,0.11717017052640592,47
2630,1,5295,2008,3287,0,0,0,1.0,1,1.0,1,1.0,1,0.13547710886456546,47
2631,0,5295,2008,3287,0,0,0,1.0,1,1.0,1,1.0,1,0.13426605554516946,47
2632,1,5296,2009,3287,0,0,0,1.0,1,1.0,1,1.0,1,0.13545603121587374,47
2633,2,5298,2010,3288,0,0,0,1.0,1,1.0,1,1.0,1,0.14343692940544736,44
2634,1,5299,2011,3288,0,0,0,1.0,1,1.0,1,1.0,1,0.15225765883787754,44
2635,9,5308,2014,3294,0,0,0,1.0,1,1.0,1,1.0,1,0.15791685583612922,45
2636,0,5308,2014,3294,0,0,0,1.0,1,1.0,1,1.0,1,0.14387907674306968,40
2637,7,5315,2017,3298,0,0,0,1.0,1,1.0,1,1.0,1,0.10526424008715889,41
2638,3,5318,2018,3300,0,0,0,1.0,1,1.0,1,1.0,1,0.11781077331744355,38
2639,0,5318,2018,3300,0,0,0,1.0,1,1.0,1,1.0,1,0.11274775079163041,39
2640,2,5320,2019,3301,0,0,0,1.0,1,1.0,1,1.0,1,0.16506888519562052,38
2641,6,5326,2022,3304,0,0,0,1.0,1,1.0,1,1.0,1,0.13659837894809235,37
2642,10,5336,2027,3309,0,0,0,1.0,1,1.0,1,1.0,1,0.11154424673282867,38
2643,3,5339,2027,3312,0,0,0,1.0,1,1.0,1,1.0,1,0.160177063703412,37
2644,1,5340,2027,3313,0,0,0,1.0,1,1.0,1,1.0,1,0.14271466918836337,36
2645,4,5344,2029,3315,0,0,0,1.0,1,1.0,1,1.0,1,0.1341931785820969,35
2646,0,5344,2029,3315,0,0,0,1.0,1,1.0,1,1.0,1,0.13402346696835962,35
2647,3,5347,2030,3317,0,0,0,1.0,1,1.0,1,1.0,1,0.12186387409373325,35
2648,0,5347,2030,3317,0,0,0,1.0,1,1.0,1,1.0,1,0.11697320159285951,36
2649,1,5348,2031,3317,0,0,0,1.0,1,1.0,1,1.0,1,0.10642631821207747,37
2650,0,5348,2031,3317,0,0,0,1.0,1,1.0,1,1.0,1,0.13009204949839862,39
2651,1,5349,2032,3317,0,0,0,1.0,1,1.0,1,1.0,1,0.10858316060199202,39
2652,0,5349,2032,3317,0,0,0,1.0,1,1.0,1,1.0,1,0.10858316060199202,39
2653,0,5349,2032,3317,0,0,0,1.0,1,1.0,1,1.0,1,0.10858316060199202,39
2654,0,5349,2032,3317,0,0,0,1.0,1,1.0,1,1.0,1,0.1257381601046396,40
2655,0,5349,2032,3317,0,0,0,1.0,1,1.0,1,1.0,1,0.1257381601046396,40
2656,0,5349,2032,3317,0,0,0,1.0,1,1.0,1,1.0,1,0.1489955522745499,39
2657,3,5352,2032,3320,0,0,0,1.0,1,1.0,1,1.0,1,0.14728659245586692,40
2658,3,5355,2033,3322,0,0,0,1.0,1,1.0,1,1.0,1,0.1911750460026515,41
2659,4,5359,2035,3324,0,0,0,1.0,1,1.0,1,1.0,1,0.1927157433047694,41
2660,2,5361,2036,3325,0,0,0,1.0,1,1.0,1,1.0,1,0.21415827087762804,40
2661,5,5366,2036,3330,0,0,0,1.0,1,1.0,1,1.0,1,0.07618911654235162,40
2662,4,5370,2037,3333,0,0,0,1.0,1,1.0,1,1.0,1,0.06408581121725383,42
2663,2,5372,2038,3334,0,0,0,1.0,1,1.0,1,1.0,1,0.04976445769153552,41
2664,2,5374,2040,3334,0,0,0,1.0,1,1.0,1,1.0,1,0.11468427448196306,42
2665,3,5377,2042,3335,0,0,0,1.0,1,1.0,1,1.0,1,0.12444549178740423,43
2666,6,5383,2044,3339,0,0,0,1.0,1,1.0,1,1.0,1,0.10216039117205454,44
2667,2,5385,2046,3339,0,0,0,1.0,1,1.0,1,1.0,1,0.1756698674048638,42
2668,3,5388,2046,3342,0,0,0,1.0,1,1.0,1,1.0,1,0.14896883600609534,41
2669,3,5391,2047,3344,0,0,0,1.0,1,1.0,1,1.0,1,0.17343843113297724,42
2670,0,5391,2047,3344,0,0,0,1.0,1,1.0,1,1.0,1,0.1945771772940969,40
2671,3,5394,2049,3345,0,0,0,1.0,1,1.0,1,1.0,1,0.22045826824096748,39
2672,2,5396,2051,3345,0,0,0,1.0,1,1.0,1,1.0,1,0.30473186309962036,36
2673,3,5399,2052,3347,0,0,0,1.0,1,1.0,1,1.0,1,0.2814082988795339,35
2674,2,5401,2052,3349,0,0,0,1.0,1,1.0,1,1.0,1,0.213573848803315,33
2675,4,5405,2054,3351,0,0,0,1.0,1,1.0,1,1.0,1,0.21451087346855366,34
2676,3,5408,2054,3354,0,0,0,1.0,1,1.0,1,1.0,1,0.18991926872320689,32
2677,3,5411,2054,3357,0,0,0,1.0,1,1.0,1,1.0,1,0.11386751127967201,33
2678,0,5411,2054,3357,0,0,0,1.0,1,1.0,1,1.0,1,0.12382324034216227,33
2679,1,5412,2055,3357,0,0,0,1.0,1,1.0,1,1.0,1,0.13373256965308217,32
2680,1,5413,2056,3357,0,0,0,1.0,1,1.0,1,1.0,1,0.12681945181197007,32
2681,2,5415,2056,3359,0,0,0,1.0,1,1.0,1,1.0,1,0.14163591646930274,32
2682,1,5416,2056,3360,0,0,0,1.0,1,1.0,1,1.0,1,0.0758696566586018,33
2683,1,5417,2057,3360,0,0,0,1.0,1,1.0,1,1.0,1,0.1344618864242898,32
2684,0,5417,2057,3360,0,0,0,1.0,1,1.0,1,1.0,1,0.15711236499704945,31
2685,1,5418,2057,3361,0,0,0,1.0,1,1.0,1,1.0,1,0.11396160818613833,31
2686,1,5419,2058,3361,0,0,0,1.0,1,1.0,1,1.0,1,0.1368665733664319,30
2687,1,5420,2059,3361,0,0,0,1.0,1,1.0,1,1.0,1,0.1690154117565852,30
2688,1,5421,2060,3361,0,0,0,1.0,1,1.0,1,1.0,1,0.1894398030300118,30
2689,2,5423,2062,3361,0,0,0,1.0,1,1.0,1,1.0,1,0.2142796570816353,31
2690,2,5425,2064,3361,0,0,0,1.0,1,1.0,1,1.0,1,0.2046193209748877,31
2691,7,5432,2067,3365,0,0,0,1.0,1,1.0,1,1.0,1,0.15776321515163688,32
2692,4,5436,2068,3368,0,0,0,1.0,1,1.0,1,1.0,1,0.17184772175750354,32
2693,2,5438,2069,3369,0,0,0,1.0,1,1.0,1,1.0,1,0.15608535566117657,33
2694,1,5439,2069,3370,0,0,0,1.0,1,1.0,1,1.0,1,0.1437656379332505,34
2695,0,5439,2069,3370,0,0,0,1.0,1,1.0,1,1.0,1,0.12332082437725053,35
2696,0,5439,2069,3370,0,0,0,1.0,1,1.0,1,1.0,1,0.12332082437725053,35
2697,0,5439,2069,3370,0,0,0,1.0,1,1.0,1,1.0,1,0.12332082437725053,35
2698,1,5440,2070,3370,0,0,0,1.0,1,1.0,1,1.0,1,0.15257128355806215,36
2699,3,5443,2071,3372,0,0,0,1.0,1,1.0,1,1.0,1,0.14875632520829926,36
2700,0,5443,2071,3372,0,0,0,1.0,1,1.0,1,1.0,1,0.15053722841829353,37
2701,1,5444,2072,3372,0,0,0,1.0,1,1.0,1,1.0,1,0.16135653689184545,37
2702,6,5450,2076,3374,0,0,0,1.0,1,1.0,1,1.0,1,0.2636586572321206,37
2703,3,5453,2077,3376,0,0,0,1.0,1,1.0,1,1.0,1,0.19994098453076822,38
2704,4,5457,2080,3377,0,0,0,1.0,1,1.0,1,1.0,1,0.24205915991874,37
2705,3,5460,2080,3380,0,0,0,1.0,1,1.0,1,1.0,1,0.18007658871963866,36
2706,1,5461,2080,3381,0,0,0,1.0,1,1.0,1,1.0,1,0.16018343038162577,36
2707,3,5464,2081,3383,0,0,0,1.0,1,1.0,1,1.0,1,0.22000624663471977,35
2708,4,5468,2085,3383,0,0,0,1.0,1,1.0,1,1.0,1,0.2398046615625144,36
2709,4,5472,2087,3385,0,0,0,1.0,1,1.0,1,1.0,1,0.1521485217491855,32
2710,1,5473,2087,3386,0,0,0,1.0,1,1.0,1,1.0,1,0.20965956297177105,29
2711,0,5473,2087,3386,0,0,0,1.0,1,1.0,1,1.0,1,0.17175969075444772,29
2712,1,5474,2088,3386,0,0,0,1.0,1,1.0,1,1.0,1,0.25057382518959237,28
2713,0,5474,2088,3386,0,0,0,1.0,1,1.0,1,1.0,1,0.23146884940311632,28
2714,3,5477,2090,3387,0,0,0,1.0,1,1.0,1,1.0,1,0.2814790848746772,26
2715,0,5477,2090,3387,0,0,0,1.0,1,1.0,1,1.0,1,0.27928665468986846,24
2716,2,5479,2090,3389,0,0,0,1.0,1,1.0,1,1.0,1,0.20326793956658154,24
2717,2,5481,2090,3391,0,0,0,1.0,1,1.0,1,1.0,1,0.23564387108344456,25
2718,4,5485,2091,3394,0,0,0,1.0,1,1.0,1,1.0,1,0.2559490556947494,25
2719,4,5489,2093,3396,0,0,0,1.0,1,1.0,1,1.0,1,0.3051637780475723,25
2720,1,5490,2093,3397,0,0,0,1.0,1,1.0,1,1.0,1,0.3004700155101024,25
2721,5,5495,2095,3400,0,0,0,1.0,1,1.0,1,1.0,1,0.17979084749361784,25
2722,0,5495,2095,3400,0,0,0,1.0,1,1.0,1,1.0,1,0.18768221143702607,26
2723,1,5496,2096,3400,0,0,0,1.0,1,1.0,1,1.0,1,0.25469362953652325,26
2724,3,5499,2097,3402,0,0,0,1.0,1,1.0,1,1.0,1,0.22823900949226522,27
2725,2,5501,2097,3404,0,0,0,1.0,1,1.0,1,1.0,1,0.16811404695041307,28
2726,1,5502,2098,3404,0,0,0,1.0,1,1.0,1,1.0,1,0.19591501023352503,28
2727,1,5503,2098,3405,0,0,0,1.0,1,1.0,1,1.0,1,0.20481958327068514,29
2728,0,5503,2098,3405,0,0,0,1.0,1,1.0,1,1.0,1,0.20481958327068514,29
2729,4,5507,2100,3407,0,0,0,1.0,1,1.0,1,1.0,1,0.21581211188971505,29
2730,1,5508,2100,3408,0,0,0,1.0,1,1.0,1,1.0,1,0.20800556562973188,29
2731,2,5510,2101,3409,0,0,0,1.0,1,1.0,1,1.0,1,0.20635935652888202,30
2732,1,5511,2102,3409,0,0,0,1.0,1,1.0,1,1.0,1,0.21606177368660598,29
2733,0,5511,2102,3409,0,0,0,1.0,1,1.0,1,1.0,1,0.21606177368660598,29
2734,0,5511,2102,3409,0,0,0,1.0,1,1.0,1,1.0,1,0.21606177368660598,29
2735,2,5513,2103,3410,0,0,0,1.0,1,1.0,1,1.0,1,0.21004395640649118,29
2736,4,5517,2105,3412,0,0,0,1.0,1,1.0,1,1.0,1,0.18406108477128172,30
2737,1,5518,2105,3413,0,0,0,1.0,1,1.0,1,1.0,1,0.18467597765557886,30
2738,1,5519,2106,3413,0,0,0,1.0,1,1.0,1,1.0,1,0.21568802750075494,30
2739,2,5521,2106,3415,0,0,0,1.0,1,1.0,1,1.0,1,0.2096893664165318,29
2740,1,5522,2107,3415,0,0,0,1.0,1,1.0,1,1.0,1,0.24649601441617375,29
2741,3,5525,2107,3418,0,0,0,1.0,1,1.0,1,1.0,1,0.15921179034106306,28
2742,1,5526,2108,3418,0,0,0,1.0,1,1.0,1,1.0,1,0.17160462563842752,28
2743,3,5529,2109,3420,0,0,0,1.0,1,1.0,1,1.0,1,0.20334416859449173,29
2744,2,5531,2110,3421,0,0,0,1.0,1,1.0,1,1.0,1,0.15583258826455162,27
2745,2,5533,2111,3422,0,0,0,1.0,1,1.0,1,1.0,1,0.07940774838568727,25
2746,2,5535,2112,3423,0,0,0,1.0,1,1.0,1,1.0,1,0.13092857147544978,25
2747,1,5536,2113,3423,0,0,0,1.0,1,1.0,1,1.0,1,0.11308385753069705,23
2748,0,5536,2113,3423,0,0,0,1.0,1,1.0,1,1.0,1,0.07651578683503903,22
2749,1,5537,2113,3424,0,0,0,1.0,1,1.0,1,1.0,1,0.192799116679191,19
2750,2,5539,2115,3424,0,0,0,1.0,1,1.0,1,1.0,1,0.2173035436314477,18
2751,0,5539,2115,3424,0,0,0,1.0,1,1.0,1,1.0,1,0.2504065371589861,16
2752,0,5539,2115,3424,0,0,0,1.0,1,1.0,1,1.0,1,0.3039322589672552,15
2753,1,5540,2115,3425,0,0,0,1.0,1,1.0,1,1.0,1,0.23172135821979267,15
2754,0,5540,2115,3425,0,0,0,1.0,1,1.0,1,1.0,1,0.23172135821979267,15
2755,0,5540,2115,3425,0,0,0,1.0,1,1.0,1,1.0,1,0.23172135821979267,15
2756,0,5540,2115,3425,0,0,0,1.0,1,1.0,1,1.0,1,0.2500823206373681,16
2757,0,5540,2115,3425,0,0,0,1.0,1,1.0,1,1.0,1,0.21251021368129616,17
2758,0,5540,2115,3425,0,0,0,1.0,1,1.0,1,1.0,1,0.21251021368129616,17
2759,0,5540,2115,3425,0,0,0,1.0,1,1.0,1,1.0,1,0.2209086192253725,18
2760,0,5540,2115,3425,0,0,0,1.0,1,1.0,1,1.0,1,0.2209086192253725,18
2761,0,5540,2115,3425,0,0,0,1.0,1,1.0,1,1.0,1,0.2209086192253725,18
2762,0,5540,2115,3425,0,0,0,1.0,1,1.0,1,1.0,1,0.2209086192253725,18
2763,0,5540,2115,3425,0,0,0,1.0,1,1.0,1,1.0,1,0.21318043713719112,17
2764,1,5541,2116,3425,0,0,0,1.0,1,1.0,1,1.0,1,0.2745610194352615,17
2765,0,5541,2116,3425,0,0,0,1.0,1,1.0,1,1.0,1,0.29757966944977676,18
2766,0,5541,2116,3425,0,0,0,1.0,1,1.0,1,1.0,1,0.29757966944977676,18
2767,1,5542,2116,3426,0,0,0,1.0,1,1.0,1,1.0,1,0.25550951909289665,18
2768,0,5542,2116,3426,0,0,0,1.0,1,1.0,1,1.0,1,0.25550951909289665,18
2769,3,5545,2118,3427,0,0,0,1.0,1,1.0,1,1.0,1,0.30796384205397864,18
2770,0,5545,2118,3427,0,0,0,1.0,1,1.0,1,1.0,1,0.30796384205397864,18
2771,0,5545,2118,3427,0,0,0,1.0,1,1.0,1,1.0,1,0.30796384205397864,18
2772,0,5545,2118,3427,0,0,0,1.0,1,1.0,1,1.0,1,0.30796384205397864,18
2773,2,5547,2118,3429,0,0,0,1.0,1,1.0,1,1.0,1,0.23336724993031033,18
2774,3,5550,2119,3431,0,0,0,1.0,1,1.0,1,1.0,1,0.21132907018611274,20
2775,3,5553,2120,3433,0,0,0,1.0,1,1.0,1,1.0,1,0.212142912827269,21
2776,2,5555,2121,3434,0,0,0,1.0,1,1.0,1,1.0,1,0.2911623897888486,21
2777,0,5555,2121,3434,0,0,0,1.0,1,1.0,1,1.0,1,0.2877098719685848,22
2778,5,5560,2122,3438,0,0,0,1.0,1,1.0,1,1.0,1,0.17242084592632617,24
2779,1,5561,2123,3438,0,0,0,1.0,1,1.0,1,1.0,1,0.18017508498690632,24
2780,1,5562,2123,3439,0,0,0,1.0,1,1.0,1,1.0,1,0.10090247033418741,24
2781,0,5562,2123,3439,0,0,0,1.0,1,1.0,1,1.0,1,0.10090247033418741,24
2782,0,5562,2123,3439,0,0,0,1.0,1,1.0,1,1.0,1,0.10090247033418741,24
2783,0,5562,2123,3439,0,0,0,1.0,1,1.0,1,1.0,1,0.10090247033418741,24
2784,0,5562,2123,3439,0,0,0,1.0,1,1.0,1,1.0,1,0.10485564070343527,24
2785,0,5562,2123,3439,0,0,0,1.0,1,1.0,1,1.0,1,0.13031189441375324,22
2786,0,5562,2123,3439,0,0,0,1.0,1,1.0,1,1.0,1,0.17655821235766164,22
2787,0,5562,2123,3439,0,0,0,1.0,1,1.0,1,1.0,1,0.2471851683102945,21
2788,0,5562,2123,3439,0,0,0,1.0,1,1.0,1,1.0,1,0.28370874895144105,20
2789,3,5565,2124,3441,0,0,0,1.0,1,1.0,1,1.0,1,0.19050718856218668,20
2790,0,5565,2124,3441,0,0,0,1.0,1,1.0,1,1.0,1,0.22517499139673297,21
2791,1,5566,2125,3441,0,0,0,1.0,1,1.0,1,1.0,1,0.27241706515221653,21
2792,3,5569,2125,3444,0,0,0,1.0,1,1.0,1,1.0,1,0.19229151625325208,21
2793,1,5570,2125,3445,0,0,0,1.0,1,1.0,1,1.0,1,0.24074793037440587,18
2794,0,5570,2125,3445,0,0,0,1.0,1,1.0,1,1.0,1,0.24074793037440587,18
2795,0,5570,2125,3445,0,0,0,1.0,1,1.0,1,1.0,1,0.19749811640972045,20
2796,0,5570,2125,3445,0,0,0,1.0,1,1.0,1,1.0,1,0.19174349950069552,21
2797,1,5571,2125,3446,0,0,0,1.0,1,1.0,1,1.0,1,0.1406514268898889,21
2798,0,5571,2125,3446,0,0,0,1.0,1,1.0,1,1.0,1,0.1406514268898889,21
2799,0,5571,2125,3446,0,0,0,1.0,1,1.0,1,1.0,1,0.16553147642328297,22
2800,0,5571,2125,3446,0,0,0,1.0,1,1.0,1,1.0,1,0.16553147642328297,22
2801,2,5573,2127,3446,0,0,0,1.0,1,1.0,1,1.0,1,0.17863953718117256,22
2802,0,5573,2127,3446,0,0,0,1.0,1,1.0,1,1.0,1,0.17863953718117256,22
2803,0,5573,2127,3446,0,0,0,1.0,1,1.0,1,1.0,1,0.17863953718117256,22
2804,0,5573,2127,3446,0,0,0,1.0,1,1.0,1,1.0,1,0.18379213693969793,23
2805,0,5573,2127,3446,0,0,0,1.0,1,1.0,1,1.0,1,0.18379213693969793,23
2806,0,5573,2127,3446,0,0,0,1.0,1,1.0,1,1.0,1,0.18379213693969793,23
2807,0,5573,2127,3446,0,0,0,1.0,1,1.0,1,1.0,1,0.2076358937013884,24
2808,0,5573,2127,3446,0,0,0,1.0,1,1.0,1,1.0,1,0.2076358937013884,24
2809,2,5575,2128,3447,0,0,0,1.0,1,1.0,1,1.0,1,0.23181881641060387,25
2810,0,5575,2128,3447,0,0,0,1.0,1,1.0,1,1.0,1,0.22505792491990298,24
2811,2,5577,2128,3449,0,0,0,1.0,1,1.0,1,1.0,1,0.18197155512627944,26
2812,2,5579,2129,3450,0,0,0,1.0,1,1.0,1,1.0,1,0.24440616088101427,26
2813,2,5581,2129,3452,0,0,0,1.0,1,1.0,1,1.0,1,0.17131210350250192,27
2814,3,5584,2131,3453,0,0,0,1.0,1,1.0,1,1.0,1,0.21122519692328098,29
2815,2,5586,2131,3455,0,0,0,1.0,1,1.0,1,1.0,1,0.1469706545063775,29
2816,1,5587,2131,3456,0,0,0,1.0,1,1.0,1,1.0,1,0.1401446671598127,29
2817,0,5587,2131,3456,0,0,0,1.0,1,1.0,1,1.0,1,0.1401446671598127,29
2818,0,5587,2131,3456,0,0,0,1.0,1,1.0,1,1.0,1,0.19986901743328506,29
2819,1,5588,2131,3457,0,0,0,1.0,1,1.0,1,1.0,1,0.21173448075626716,30
2820,0,5588,2131,3457,0,0,0,1.0,1,1.0,1,1.0,1,0.238592405431882,30
2821,6,5594,2133,3461,0,0,0,1.0,1,1.0,1,1.0,1,0.15548574125975478,31
2822,4,5598,2135,3463,0,0,0,1.0,1,1.0,1,1.0,1,0.15902809882795332,30
2823,2,5600,2136,3464,0,0,0,1.0,1,1.0,1,1.0,1,0.23644923427235595,27
2824,0,5600,2136,3464,0,0,0,1.0,1,1.0,1,1.0,1,0.23717427587287715,28
2825,5,5605,2138,3467,0,0,0,1.0,1,1.0,1,1.0,1,0.1357135066151452,28
2826,1,5606,2139,3467,0,0,0,1.0,1,1.0,1,1.0,1,0.1892401947419862,27
2827,1,5607,2140,3467,0,0,0,1.0,1,1.0,1,1.0,1,0.19136292178185696,28
2828,0,5607,2140,3467,0,0,0,1.0,1,1.0,1,1.0,1,0.2209467793260223,28
2829,2,5609,2141,3468,0,0,0,1.0,1,1.0,1,1.0,1,0.18680533267590912,27
2830,1,5610,2141,3469,0,0,0,1.0,1,1.0,1,1.0,1,0.15815093471025257,27
2831,1,5611,2142,3469,0,0,0,1.0,1,1.0,1,1.0,1,0.17317192966980302,27
2832,2,5613,2143,3470,0,0,0,1.0,1,1.0,1,1.0,1,0.19038098842030332,27
2833,2,5615,2144,3471,0,0,0,1.0,1,1.0,1,1.0,1,0.1499203011615362,26
2834,0,5615,2144,3471,0,0,0,1.0,1,1.0,1,1.0,1,0.170793121946493,26
2835,0,5615,2144,3471,0,0,0,1.0,1,1.0,1,1.0,1,0.20373506129880972,25
2836,0,5615,2144,3471,0,0,0,1.0,1,1.0,1,1.0,1,0.24643069806514728,27
2837,3,5618,2145,3473,0,0,0,1.0,1,1.0,1,1.0,1,0.15928376588064108,27
2838,4,5622,2146,3476,0,0,0,1.0,1,1.0,1,1.0,1,0.11333811013883235,27
2839,1,5623,2146,3477,0,0,0,1.0,1,1.0,1,1.0,1,0.1480205578885722,29
2840,4,5627,2147,3480,0,0,0,1.0,1,1.0,1,1.0,1,0.1519400606941842,29
2841,2,5629,2147,3482,0,0,0,1.0,1,1.0,1,1.0,1,0.06803245074249441,31
2842,0,5629,2147,3482,0,0,0,1.0,1,1.0,1,1.0,1,0.06803245074249441,31
2843,0,5629,2147,3482,0,0,0,1.0,1,1.0,1,1.0,1,0.08280274195031823,32
2844,3,5632,2149,3483,0,0,0,1.0,1,1.0,1,1.0,1,0.15952913939510277,33
2845,2,5634,2150,3484,0,0,0,1.0,1,1.0,1,1.0,1,0.18545225390790693,32
2846,1,5635,2150,3485,0,0,0,1.0,1,1.0,1,1.0,1,0.17299263681865631,33
2847,1,5636,2151,3485,0,0,0,1.0,1,1.0,1,1.0,1,0.2469934929464313,32
2848,1,5637,2151,3486,0,0,0,1.0,1,1.0,1,1.0,1,0.24234177353970626,33
2849,4,5641,2151,3490,0,0,0,1.0,1,1.0,1,1.0,1,0.17277297413456905,34
2850,0,5641,2151,3490,0,0,0,1.0,1,1.0,1,1.0,1,0.17277297413456905,34
2851,1,5642,2151,3491,0,0,0,1.0,1,1.0,1,1.0,1,0.14039779832248045,34
2852,3,5645,2154,3491,0,0,0,1.0,1,1.0,1,1.0,1,0.1557358185635834,35
2853,1,5646,2154,3492,0,0,0,1.0,1,1.0,1,1.0,1,0.13251126517984177,36
2854,0,5646,2154,3492,0,0,0,1.0,1,1.0,1,1.0,1,0.16019371636196547,37
2855,3,5649,2156,3493,0,0,0,1.0,1,1.0,1,1.0,1,0.14501743810448092,38
2856,0,5649,2156,3493,0,0,0,1.0,1,1.0,1,1.0,1,0.14501743810448092,38
2857,3,5652,2157,3495,0,0,0,1.0,1,1.0,1,1.0,1,0.1252710873249765,39
2858,3,5655,2159,3496,0,0,0,1.0,1,1.0,1,1.0,1,0.1385261170382424,40
2859,5,5660,2161,3499,0,0,0,1.0,1,1.0,1,1.0,1,0.10545219439999973,40
2860,1,5661,2161,3500,0,0,0,1.0,1,1.0,1,1.0,1,0.09118844572221758,40
2861,1,5662,2162,3500,0,0,0,1.0,1,1.0,1,1.0,1,0.08829091356476626,38
2862,1,5663,2163,3500,0,0,0,1.0,1,1.0,1,1.0,1,0.13163929168902597,38
2863,7,5670,2166,3504,0,0,0,1.0,1,1.0,1,1.0,1,0.18530333980212746,38
2864,4,5674,2169,3505,0,0,0,1.0,1,1.0,1,1.0,1,0.2267604582800079,36
2865,7,5681,2173,3508,0,0,0,1.0,1,1.0,1,1.0,1,0.24628196289929638,34
2866,2,5683,2173,3510,0,0,0,1.0,1,1.0,1,1.0,1,0.19103364133590495,31
2867,0,5683,2173,3510,0,0,0,1.0,1,1.0,1,1.0,1,0.18291048802269413,30
2868,1,5684,2174,3510,0,0,0,1.0,1,1.0,1,1.0,1,0.15773042871503803,27
2869,2,5686,2175,3511,0,0,0,1.0,1,1.0,1,1.0,1,0.10092784491464996,27
2870,0,5686,2175,3511,0,0,0,1.0,1,1.0,1,1.0,1,0.13961185738166568,25
2871,2,5688,2177,3511,0,0,0,1.0,1,1.0,1,1.0,1,0.10858489907829434,25
2872,0,5688,2177,3511,0,0,0,1.0,1,1.0,1,1.0,1,0.14169929546359042,23
2873,1,5689,2178,3511,0,0,0,1.0,1,1.0,1,1.0,1,0.1723760124585611,24
2874,1,5690,2179,3511,0,0,0,1.0,1,1.0,1,1.0,1,0.23772602233864187,24
2875,1,5691,2179,3512,0,0,0,1.0,1,1.0,1,1.0,1,0.2815240204009314,23
2876,6,5697,2180,3517,0,0,0,1.0,1,1.0,1,1.0,1,0.2180524731015142,24
2877,2,5699,2181,3518,0,0,0,1.0,1,1.0,1,1.0,1,0.24424315410750358,24
2878,1,5700,2182,3518,0,0,0,1.0,1,1.0,1,1.0,1,0.21737375735448639,24
2879,3,5703,2184,3519,0,0,0,1.0,1,1.0,1,1.0,1,0.32002807651097603,25
2880,3,5706,2184,3522,0,0,0,1.0,1,1.0,1,1.0,1,0.30976890388560385,26
2881,1,5707,2184,3523,0,0,0,1.0,1,1.0,1,1.0,1,0.29299212401357594,26
2882,1,5708,2184,3524,0,0,0,1.0,1,1.0,1,1.0,1,0.22378068230709372,27
2883,2,5710,2184,3526,0,0,0,1.0,1,1.0,1,1.0,1,0.18780191619170739,28
2884,2,5712,2185,3527,0,0,0,1.0,1,1.0,1,1.0,1,0.24485834147612603,29
2885,1,5713,2185,3528,0,0,0,1.0,1,1.0,1,1.0,1,0.22764593534004954,31
2886,3,5716,2186,3530,0,0,0,1.0,1,1.0,1,1.0,1,0.20716684352759343,31
2887,1,5717,2186,3531,0,0,0,1.0,1,1.0,1,1.0,1,0.16676684498257743,33
2888,3,5720,2186,3534,0,0,0,1.0,1,1.0,1,1.0,1,0.20896738132782613,34
2889,2,5722,2186,3536,0,0,0,1.0,1,1.0,1,1.0,1,0.16338693869641918,35
2890,1,5723,2187,3536,0,0,0,1.0,1,1.0,1,1.0,1,0.17601779237146573,35
2891,1,5724,2187,3537,0,0,0,1.0,1,1.0,1,1.0,1,0.16466520257773595,35
2892,2,5726,2189,3537,0,0,0,1.0,1,1.0,1,1.0,1,0.2251385863931924,35
2893,5,5731,2189,3542,0,0,0,1.0,1,1.0,1,1.0,1,0.14102611496399836,37
2894,0,5731,2189,3542,0,0,0,1.0,1,1.0,1,1.0,1,0.14102611496399836,37
2895,1,5732,2190,3542,0,0,0,1.0,1,1.0,1,1.0,1,0.1804802736080501,37
2896,4,5736,2191,3545,0,0,0,1.0,1,1.0,1,1.0,1,0.2293294405835467,38
2897,1,5737,2191,3546,0,0,0,1.0,1,1.0,1,1.0,1,0.25359062417244116,37
2898,1,5738,2191,3547,0,0,0,1.0,1,1.0,1,1.0,1,0.25974450222062895,38
2899,0,5738,2191,3547,0,0,0,1.0,1,1.0,1,1.0,1,0.20899877803282557,37
2900,0,5738,2191,3547,0,0,0,1.0,1,1.0,1,1.0,1,0.2152734796553289,36
2901,1,5739,2191,3548,0,0,0,1.0,1,1.0,1,1.0,1,0.18512842070161356,37
2902,1,5740,2192,3548,0,0,0,1.0,1,1.0,1,1.0,1,0.23133428456997265,35
2903,2,5742,2193,3549,0,0,0,1.0,1,1.0,1,1.0,1,0.17609251839110324,35
2904,0,5742,2193,3549,0,0,0,1.0,1,1.0,1,1.0,1,0.17499041675806817,33
2905,2,5744,2193,3551,0,0,0,1.0,1,1.0,1,1.0,1,0.12119564399487187,34
2906,1,5745,2194,3551,0,0,0,1.0,1,1.0,1,1.0,1,0.15470498167307625,34
2907,1,5746,2194,3552,0,0,0,1.0,1,1.0,1,1.0,1,0.13130964235829276,35
2908,1,5747,2194,3553,0,0,0,1.0,1,1.0,1,1.0,1,0.14096942477784785,36
2909,1,5748,2194,3554,0,0,0,1.0,1,1.0,1,1.0,1,0.1347062188896627,38
2910,0,5748,2194,3554,0,0,0,1.0,1,1.0,1,1.0,1,0.1347062188896627,38
2911,1,5749,2195,3554,0,0,0,1.0,1,1.0,1,1.0,1,0.1525074747858366,37
2912,0,5749,2195,3554,0,0,0,1.0,1,1.0,1,1.0,1,0.1525074747858366,37
2913,1,5750,2195,3555,0,0,0,1.0,1,1.0,1,1.0,1,0.16475244521611093,38
2914,0,5750,2195,3555,0,0,0,1.0,1,1.0,1,1.0,1,0.16475244521611093,38
2915,1,5751,2195,3556,0,0,0,1.0,1,1.0,1,1.0,1,0.15924047333044358,39
2916,2,5753,2196,3557,0,0,0,1.0,1,1.0,1,1.0,1,0.17431729315345829,40
2917,2,5755,2197,3558,0,0,0,1.0,1,1.0,1,1.0,1,0.17747288365844582,41
2918,2,5757,2199,3558,0,0,0,1.0,1,1.0,1,1.0,1,0.2041279226190644,41
2919,0,5757,2199,3558,0,0,0,1.0,1,1.0,1,1.0,1,0.2041279226190644,41
2920,1,5758,2199,3559,0,0,0,1.0,1,1.0,1,1.0,1,0.2231281217097231,43
2921,5,5763,2199,3564,0,0,0,1.0,1,1.0,1,1.0,1,0.11896381280489882,42
2922,2,5765,2199,3566,0,0,0,1.0,1,1.0,1,1.0,1,0.09582882394591026,43
2923,1,5766,2199,3567,0,0,0,1.0,1,1.0,1,1.0,1,0.09825907273318715,44
2924,1,5767,2199,3568,0,0,0,1.0,1,1.0,1,1.0,1,0.07891854035598664,45
2925,2,5769,2200,3569,0,0,0,1.0,1,1.0,1,1.0,1,0.10048789846320601,45
2926,0,5769,2200,3569,0,0,0,1.0,1,1.0,1,1.0,1,0.08905801852408725,47
2927,2,5771,2202,3569,0,0,0,1.0,1,1.0,1,1.0,1,0.140286140370828,47
2928,1,5772,2203,3569,0,0,0,1.0,1,1.0,1,1.0,1,0.13759961512392982,48
2929,1,5773,2203,3570,0,0,0,1.0,1,1.0,1,1.0,1,0.12013412187803878,48
2930,1,5774,2203,3571,0,0,0,1.0,1,1.0,1,1.0,1,0.1379751326137102,50
2931,1,5775,2203,3572,0,0,0,1.0,1,1.0,1,1.0,1,0.13441738655984586,51
2932,0,5775,2203,3572,0,0,0,1.0,1,1.0,1,1.0,1,0.13441738655984586,51
2933,3,5778,2204,3574,0,0,0,1.0,1,1.0,1,1.0,1,0.1387805264874753,52
2934,1,5779,2205,3574,0,0,0,1.0,1,1.0,1,1.0,1,0.15081962526917486,52
2935,1,5780,2206,3574,0,0,0,1.0,1,1.0,1,1.0,1,0.16333906868549392,51
2936,1,5781,2206,3575,0,0,0,1.0,1,1.0,1,1.0,1,0.12142134458572358,49
2937,1,5782,2206,3576,0,0,0,1.0,1,1.0,1,1.0,1,0.12069176047178429,50
2938,2,5784,2207,3577,0,0,0,1.0,1,1.0,1,1.0,1,0.1272396485229575,50
2939,0,5784,2207,3577,0,0,0,1.0,1,1.0,1,1.0,1,0.13059777337752873,51
2940,3,5787,2209,3578,0,0,0,1.0,1,1.0,1,1.0,1,0.16445946529152108,52
2941,4,5791,2209,3582,0,0,0,1.0,1,1.0,1,1.0,1,0.14289437510039904,53
2942,3,5794,2211,3583,0,0,0,1.0,1,1.0,1,1.0,1,0.1455626979497702,52
2943,1,5795,2212,3583,0,0,0,1.0,1,1.0,1,1.0,1,0.13882523336226796,51
2944,1,5796,2213,3583,0,0,0,1.0,1,1.0,1,1.0,1,0.12760735095293377,52
2945,2,5798,2214,3584,0,0,0,1.0,1,1.0,1,1.0,1,0.1101060734324944,50
2946,5,5803,2217,3586,0,0,0,1.0,1,1.0,1,1.0,1,0.1359710117561211,51
2947,3,5806,2219,3587,0,0,0,1.0,1,1.0,1,1.0,1,0.13435102518427552,50
2948,5,5811,2221,3590,0,0,0,1.0,1,1.0,1,1.0,1,0.11309836111461218,50
2949,2,5813,2221,3592,0,0,0,1.0,1,1.0,1,1.0,1,0.046558148537937036,49
2950,0,5813,2221,3592,0,0,0,1.0,1,1.0,1,1.0,1,0.07021607138973923,48
2951,1,5814,2222,3592,0,0,0,1.0,1,1.0,1,1.0,1,0.08109001671882361,48
2952,0,5814,2222,3592,0,0,0,1.0,1,1.0,1,1.0,1,0.09737098951941765,46
2953,0,5814,2222,3592,0,0,0,1.0,1,1.0,1,1.0,1,0.09737098951941765,46
2954,1,5815,2223,3592,0,0,0,1.0,1,1.0,1,1.0,1,0.12332250193721124,48
2955,0,5815,2223,3592,0,0,0,1.0,1,1.0,1,1.0,1,0.12332250193721124,48
2956,0,5815,2223,3592,0,0,0,1.0,1,1.0,1,1.0,1,0.14027123954929385,47
2957,6,5821,2225,3596,0,0,0,1.0,1,1.0,1,1.0,1,0.10057736776297996,48
2958,1,5822,2226,3596,0,0,0,1.0,1,1.0,1,1.0,1,0.1271920239389098,49
2959,6,5828,2229,3599,0,0,0,1.0,1,1.0,1,1.0,1,0.145492959096546,49
2960,3,5831,2229,3602,0,0,0,1.0,1,1.0,1,1.0,1,0.15469509461706207,49
2961,8,5839,2231,3608,0,0,0,1.0,1,1.0,1,1.0,1,0.07645984808664082,51
2962,2,5841,2232,3609,0,0,0,1.0,1,1.0,1,1.0,1,0.10735838799829384,51
2963,4,5845,2232,3613,0,0,0,1.0,1,1.0,1,1.0,1,0.10577084189409645,51
2964,0,5845,2232,3613,0,0,0,1.0,1,1.0,1,1.0,1,0.10999853581137822,52
2965,5,5850,2232,3618,0,0,0,1.0,1,1.0,1,1.0,1,0.07138454651072632,53
2966,0,5850,2232,3618,0,0,0,1.0,1,1.0,1,1.0,1,0.07138454651072632,53
2967,2,5852,2232,3620,0,0,0,1.0,1,1.0,1,1.0,1,0.07090856900383297,53
2968,1,5853,2232,3621,0,0,0,1.0,1,1.0,1,1.0,1,0.09117034295040054,54
2969,2,5855,2233,3622,0,0,0,1.0,1,1.0,1,1.0,1,0.09663959684957331,55
2970,0,5855,2233,3622,0,0,0,1.0,1,1.0,1,1.0,1,0.09663959684957331,55
2971,0,5855,2233,3622,0,0,0,1.0,1,1.0,1,1.0,1,0.09663959684957331,55
2972,0,5855,2233,3622,0,0,0,1.0,1,1.0,1,1.0,1,0.09663959684957331,55
2973,2,5857,2233,3624,0,0,0,1.0,1,1.0,1,1.0,1,0.08136294576483752,55
2974,3,5860,2233,3627,0,0,0,1.0,1,1.0,1,1.0,1,0.0857520170698167,56
2975,2,5862,2233,3629,0,0,0,1.0,1,1.0,1,1.0,1,0.0959543851505238,55
2976,1,5863,2233,3630,0,0,0,1.0,1,1.0,1,1.0,1,0.08282732931024829,57
2977,2,5865,2233,3632,0,0,0,1.0,1,1.0,1,1.0,1,0.06201023871482414,59
2978,2,5867,2235,3632,0,0,0,1.0,1,1.0,1,1.0,1,0.11316661630760085,59
2979,2,5869,2236,3633,0,0,0,1.0,1,1.0,1,1.0,1,0.11535246277654199,59
2980,1,5870,2237,3633,0,0,0,1.0,1,1.0,1,1.0,1,0.10458106455631502,59
2981,3,5873,2238,3635,0,0,0,1.0,1,1.0,1,1.0,1,0.08214246488462579,59
2982,1,5874,2238,3636,0,0,0,1.0,1,1.0,1,1.0,1,0.09472019301913782,61
2983,4,5878,2241,3637,0,0,0,1.0,1,1.0,1,1.0,1,0.11100839971817077,61
2984,7,5885,2245,3640,0,0,0,1.0,1,1.0,1,1.0,1,0.09676307804097933,61
2985,7,5892,2249,3643,0,0,0,1.0,1,1.0,1,1.0,1,0.05955447534778982,57
2986,5,5897,2253,3644,0,0,0,1.0,1,1.0,1,1.0,1,0.1193548950299863,58
2987,5,5902,2257,3645,0,0,0,1.0,1,1.0,1,1.0,1,0.15888180133263483,56
2988,3,5905,2259,3646,0,0,0,1.0,1,1.0,1,1.0,1,0.16122963948973976,55
2989,6,5911,2261,3650,0,0,0,1.0,1,1.0,1,1.0,1,0.10161215042525927,53
2990,4,5915,2263,3652,0,0,0,1.0,1,1.0,1,1.0,1,0.1155159046262797,52
2991,2,5917,2263,3654,0,0,0,1.0,1,1.0,1,1.0,1,0.09750816675755562,54
2992,2,5919,2263,3656,0,0,0,1.0,1,1.0,1,1.0,1,0.10553460754759884,55
2993,1,5920,2264,3656,0,0,0,1.0,1,1.0,1,1.0,1,0.09564746884620556,53
2994,4,5924,2266,3658,0,0,0,1.0,1,1.0,1,1.0,1,0.09187325492926376,53
2995,1,5925,2267,3658,0,0,0,1.0,1,1.0,1,1.0,1,0.08443583924415862,51
2996,2,5927,2268,3659,0,0,0,1.0,1,1.0,1,1.0,1,0.08271670842043187,52
2997,3,5930,2270,3660,0,0,0,1.0,1,1.0,1,1.0,1,0.11773878118645159,50
2998,0,5930,2270,3660,0,0,0,1.0,1,1.0,1,1.0,1,0.13418523109939273,51
2999,1,5931,2270,3661,0,0,0,1.0,1,1.0,1,1.0,1,0.10627983261237937,48
3000,1,5932,2271,3661,0,0,0,1.0,1,1.0,1,1.0,1,0.1103363691439637,48
3001,0,5932,2271,3661,0,0,0,1.0,1,1.0,1,1.0,1,0.11745086017873453,49
3002,2,5934,2271,3663,0,0,0,1.0,1,1.0,1,1.0,1,0.10496764457010843,50
3003,1,5935,2271,3664,0,0,0,1.0,1,1.0,1,1.0,1,0.09563620040264458,50
3004,3,5938,2271,3667,0,0,0,1.0,1,1.0,1,1.0,1,0.06592300636914061,51
3005,0,5938,2271,3667,0,0,0,1.0,1,1.0,1,1.0,1,0.06854217731991995,50
3006,0,5938,2271,3667,0,0,0,1.0,1,1.0,1,1.0,1,0.08754041681473228,51
3007,0,5938,2271,3667,0,0,0,1.0,1,1.0,1,1.0,1,0.11671099021357548,51
3008,5,5943,2273,3670,0,0,0,1.0,1,1.0,1,1.0,1,0.14782980823757658,53
3009,7,5950,2273,3677,0,0,0,1.0,1,1.0,1,1.0,1,0.0975357886701618,52
3010,0,5950,2273,3677,0,0,0,1.0,1,1.0,1,1.0,1,0.0975357886701618,52
3011,2,5952,2273,3679,0,0,0,1.0,1,1.0,1,1.0,1,0.1288997505163391,51
3012,3,5955,2276,3679,0,0,0,1.0,1,1.0,1,1.0,1,0.13262936115392734,54
3013,4,5959,2277,3682,0,0,0,1.0,1,1.0,1,1.0,1,0.10103204835987221,52
3014,3,5962,2279,3683,0,0,0,1.0,1,1.0,1,1.0,1,0.11057069622080178,51
3015,2,5964,2280,3684,0,0,0,1.0,1,1.0,1,1.0,1,0.09795644811961392,50
3016,5,5969,2284,3685,0,0,0,1.0,1,1.0,1,1.0,1,0.14411146228707775,50
3017,8,5977,2286,3691,0,0,0,1.0,1,1.0,1,1.0,1,0.08319371469207237,48
3018,2,5979,2287,3692,0,0,0,1.0,1,1.0,1,1.0,1,0.13605254758922233,48
3019,7,5986,2289,3697,0,0,0,1.0,1,1.0,1,1.0,1,0.15069783936938144,47
3020,4,5990,2292,3698,0,0,0,1.0,1,1.0,1,1.0,1,0.15457935937294628,47
3021,7,5997,2294,3703,0,0,0,1.0,1,1.0,1,1.0,1,0.08975516301950764,46
3022,3,6000,2296,3704,0,0,0,1.0,1,1.0,1,1.0,1,0.1170690456484781,45
3023,0,6000,2296,3704,0,0,0,1.0,1,1.0,1,1.0,1,0.07815382249991613,41
3024,2,6002,2298,3704,0,0,0,1.0,1,1.0,1,1.0,1,0.12748295490803807,43
3025,3,6005,2300,3705,0,0,0,1.0,1,1.0,1,1.0,1,0.14369214620848886,39
3026,3,6008,2302,3706,0,0,0,1.0,1,1.0,1,1.0,1,0.1826380725665085,38
3027,5,6013,2304,3709,0,0,0,1.0,1,1.0,1,1.0,1,0.12807504485748647,38
3028,2,6015,2306,3709,0,0,0,1.0,1,1.0,1,1.0,1,0.15794767980373925,38
3029,5,6020,2307,3713,0,0,0,1.0,1,1.0,1,1.0,1,0.11940343905207494,37
3030,1,6021,2307,3714,0,0,0,1.0,1,1.0,1,1.0,1,0.10450968665253586,38
3031,2,6023,2308,3715,0,0,0,1.0,1,1.0,1,1.0,1,0.16050956186523596,39
3032,0,6023,2308,3715,0,0,0,1.0,1,1.0,1,1.0,1,0.16050956186523596,39
3033,4,6027,2308,3719,0,0,0,1.0,1,1.0,1,1.0,1,0.09688100380783456,39
3034,3,6030,2308,3722,0,0,0,1.0,1,1.0,1,1.0,1,0.07966966659094064,38
3035,2,6032,2309,3723,0,0,0,1.0,1,1.0,1,1.0,1,0.08425859870492682,39
3036,1,6033,2309,3724,0,0,0,1.0,1,1.0,1,1.0,1,0.08914682415983877,39
3037,3,6036,2309,3727,0,0,0,1.0,1,1.0,1,1.0,1,0.08587012670115382,39
3038,2,6038,2310,3728,0,0,0,1.0,1,1.0,1,1.0,1,0.07171198092000287,40
3039,1,6039,2311,3728,0,0,0,1.0,1,1.0,1,1.0,1,0.11763613615756303,41
3040,2,6041,2312,3729,0,0,0,1.0,1,1.0,1,1.0,1,0.10083868919945348,42
3041,3,6044,2314,3730,0,0,0,1.0,1,1.0,1,1.0,1,0.13204793153956937,43
3042,1,6045,2314,3731,0,0,0,1.0,1,1.0,1,1.0,1,0.11507989830906819,45
3043,3,6048,2316,3732,0,0,0,1.0,1,1.0,1,1.0,1,0.15635192543673854,45
3044,1,6049,2316,3733,0,0,0,1.0,1,1.0,1,1.0,1,0.1398283869420016,45
3045,3,6052,2318,3734,0,0,0,1.0,1,1.0,1,1.0,1,0.11773942052597046,45
3046,1,6053,2319,3734,0,0,0,1.0,1,1.0,1,1.0,1,0.1677555078097265,46
3047,2,6055,2319,3736,0,0,0,1.0,1,1.0,1,1.0,1,0.11147540751671742,46
3048,3,6058,2319,3739,0,0,0,1.0,1,1.0,1,1.0,1,0.10581243469491106,49
3049,1,6059,2319,3740,0,0,0,1.0,1,1.0,1,1.0,1,0.10478065423797758,50
3050,0,6059,2319,3740,0,0,0,1.0,1,1.0,1,1.0,1,0.10478065423797758,50
3051,3,6062,2321,3741,0,0,0,1.0,1,1.0,1,1.0,1,0.12171150724359038,50
3052,0,6062,2321,3741,0,0,0,1.0,1,1.0,1,1.0,1,0.12171150724359038,50
3053,3,6065,2324,3741,0,0,0,1.0,1,1.0,1,1.0,1,0.11164784586541894,49
3054,2,6067,2326,3741,0,0,0,1.0,1,1.0,1,1.0,1,0.15617877586232165,47
3055,2,6069,2326,3743,0,0,0,1.0,1,1.0,1,1.0,1,0.14753698088671185,48
3056,0,6069,2326,3743,0,0,0,1.0,1,1.0,1,1.0,1,0.13930774725300232,47
3057,5,6074,2328,3746,0,0,0,1.0,1,1.0,1,1.0,1,0.12785050322986335,48
3058,1,6075,2329,3746,0,0,0,1.0,1,1.0,1,1.0,1,0.12818973267468842,46
3059,1,6076,2330,3746,0,0,0,1.0,1,1.0,1,1.0,1,0.18084655936243338,44
3060,3,6079,2331,3748,0,0,0,1.0,1,1.0,1,1.0,1,0.20105623619506796,44
3061,2,6081,2332,3749,0,0,0,1.0,1,1.0,1,1.0,1,0.2063999743015721,42
3062,8,6089,2335,3754,0,0,0,1.0,1,1.0,1,1.0,1,0.15417270542380995,42
3063,2,6091,2337,3754,0,0,0,1.0,1,1.0,1,1.0,1,0.10598254793085055,41
3064,7,6098,2339,3759,0,0,0,1.0,1,1.0,1,1.0,1,0.21404965540951598,42
3065,4,6102,2340,3762,0,0,0,1.0,1,1.0,1,1.0,1,0.10597798157287286,40
3066,3,6105,2342,3763,0,0,0,1.0,1,1.0,1,1.0,1,0.08888325334922138,42
3067,4,6109,2344,3765,0,0,0,1.0,1,1.0,1,1.0,1,0.16908713152631455,40
3068,2,6111,2346,3765,0,0,0,1.0,1,1.0,1,1.0,1,0.15741354598606538,39
3069,3,6114,2347,3767,0,0,0,1.0,1,1.0,1,1.0,1,0.13860549337970954,38
3070,3,6117,2348,3769,0,0,0,1.0,1,1.0,1,1.0,1,0.12073710369058038,39
3071,0,6117,2348,3769,0,0,0,1.0,1,1.0,1,1.0,1,0.11844902700773036,39
3072,5,6122,2351,3771,0,0,0,1.0,1,1.0,1,1.0,1,0.17883125237926795,40
3073,5,6127,2352,3775,0,0,0,1.0,1,1.0,1,1.0,1,0.11808448100397938,38
3074,1,6128,2352,3776,0,0,0,1.0,1,1.0,1,1.0,1,0.0785962070099875,38
3075,2,6130,2353,3777,0,0,0,1.0,1,1.0,1,1.0,1,0.09147011674504153,41
3076,0,6130,2353,3777,0,0,0,1.0,1,1.0,1,1.0,1,0.06705001702989738,42
3077,2,6132,2355,3777,0,0,0,1.0,1,1.0,1,1.0,1,0.13752851155979734,42
3078,0,6132,2355,3777,0,0,0,1.0,1,1.0,1,1.0,1,0.13752851155979734,42
3079,0,6132,2355,3777,0,0,0,1.0,1,1.0,1,1.0,1,0.13752851155979734,42
3080,1,6133,2355,3778,0,0,0,1.0,1,1.0,1,1.0,1,0.1271899695045142,43
3081,1,6134,2355,3779,0,0,0,1.0,1,1.0,1,1.0,1,0.1259975155723599,44
3082,1,6135,2355,3780,0,0,0,1.0,1,1.0,1,1.0,1,0.10072083454819347,45
3083,1,6136,2355,3781,0,0,0,1.0,1,1.0,1,1.0,1,0.0998357017846208,45
3084,2,6138,2357,3781,0,0,0,1.0,1,1.0,1,1.0,1,0.15448146631103002,45
3085,6,6144,2358,3786,0,0,0,1.0,1,1.0,1,1.0,1,0.17407611571082782,46
3086,6,6150,2358,3792,0,0,0,1.0,1,1.0,1,1.0,1,0.10148854647777016,46
3087,3,6153,2359,3794,0,0,0,1.0,1,1.0,1,1.0,1,0.15704530033378175,47
3088,7,6160,2360,3800,0,0,0,1.0,1,1.0,1,1.0,1,0.1609134496496626,48
3089,1,6161,2360,3801,0,0,0,1.0,1,1.0,1,1.0,1,0.14575494408426726,46
3090,2,6163,2360,3803,0,0,0,1.0,1,1.0,1,1.0,1,0.1316252830127512,46
3091,1,6164,2360,3804,0,0,0,1.0,1,1.0,1,1.0,1,0.12014146377047034,46
3092,2,6166,2361,3805,0,0,0,1.0,1,1.0,1,1.0,1,0.09987248449333418,47
3093,1,6167,2362,3805,0,0,0,1.0,1,1.0,1,1.0,1,0.13120090202091816,47
3094,0,6167,2362,3805,0,0,0,1.0,1,1.0,1,1.0,1,0.15340646956478196,45
3095,2,6169,2363,3806,0,0,0,1.0,1,1.0,1,1.0,1,0.13078668137405364,46
3096,1,6170,2363,3807,0,0,0,1.0,1,1.0,1,1.0,1,0.11958433638042477,46
3097,2,6172,2364,3808,0,0,0,1.0,1,1.0,1,1.0,1,0.13625649432656273,47
3098,3,6175,2365,3810,0,0,0,1.0,1,1.0,1,1.0,1,0.08731003340856391,47
3099,0,6175,2365,3810,0,0,0,1.0,1,1.0,1,1.0,1,0.08731003340856391,47
3100,0,6175,2365,3810,0,0,0,1.0,1,1.0,1,1.0,1,0.08731003340856391,47
3101,0,6175,2365,3810,0,0,0,1.0,1,1.0,1,1.0,1,0.07583699865860208,48
3102,1,6176,2366,3810,0,0,0,1.0,1,1.0,1,1.0,1,0.08453592213270036,48
3103,1,6177,2367,3810,0,0,0,1.0,1,1.0,1,1.0,1,0.09776870315261596,49
3104,2,6179,2369,3810,0,0,0,1.0,1,1.0,1,1.0,1,0.1345576565460504,48
3105,3,6182,2371,3811,0,0,0,1.0,1,1.0,1,1.0,1,0.10128657561989392,45
3106,6,6188,2374,3814,0,0,0,1.0,1,1.0,1,1.0,1,0.18700975091893637,46
3107,3,6191,2375,3816,0,0,0,1.0,1,1.0,1,1.0,1,0.1569602653136542,44
3108,2,6193,2376,3817,0,0,0,1.0,1,1.0,1,1.0,1,0.17700016841804986,45
3109,5,6198,2376,3822,0,0,0,1.0,1,1.0,1,1.0,1,0.11509910621794464,44
3110,5,6203,2378,3825,0,0,0,1.0,1,1.0,1,1.0,1,0.10340439280780425,46
3111,1,6204,2379,3825,0,0,0,1.0,1,1.0,1,1.0,1,0.13159757308408074,46
3112,1,6205,2379,3826,0,0,0,1.0,1,1.0,1,1.0,1,0.13041386927917606,47
3113,2,6207,2380,3827,0,0,0,1.0,1,1.0,1,1.0,1,0.11849106438940714,48
3114,1,6208,2380,3828,0,0,0,1.0,1,1.0,1,1.0,1,0.10577750196688682,48
3115,1,6209,2380,3829,0,0,0,1.0,1,1.0,1,1.0,1,0.09656010325526905,49
3116,0,6209,2380,3829,0,0,0,1.0,1,1.0,1,1.0,1,0.12159022770557766,48
3117,0,6209,2380,3829,0,0,0,1.0,1,1.0,1,1.0,1,0.13744453443114682,49
3118,0,6209,2380,3829,0,0,0,1.0,1,1.0,1,1.0,1,0.14899395897524462,50
3119,1,6210,2380,3830,0,0,0,1.0,1,1.0,1,1.0,1,0.14277505830076334,50
3120,4,6214,2380,3834,0,0,0,1.0,1,1.0,1,1.0,1,0.09962512772208665,50
3121,0,6214,2380,3834,0,0,0,1.0,1,1.0,1,1.0,1,0.09962512772208665,50
3122,0,6214,2380,3834,0,0,0,1.0,1,1.0,1,1.0,1,0.09962512772208665,50
3123,2,6216,2382,3834,0,0,0,1.0,1,1.0,1,1.0,1,0.09058908457963552,51
3124,1,6217,2383,3834,0,0,0,1.0,1,1.0,1,1.0,1,0.12242842567973297,51
3125,1,6218,2384,3834,0,0,0,1.0,1,1.0,1,1.0,1,0.14344469761622117,51
3126,2,6220,2385,3835,0,0,0,1.0,1,1.0,1,1.0,1,0.13051869893322868,54
3127,1,6221,2386,3835,0,0,0,1.0,1,1.0,1,1.0,1,0.15973709703073474,53
3128,3,6224,2387,3837,0,0,0,1.0,1,1.0,1,1.0,1,0.15462700887166458,52
3129,5,6229,2388,3841,0,0,0,1.0,1,1.0,1,1.0,1,0.10896030612454644,51
3130,1,6230,2389,3841,0,0,0,1.0,1,1.0,1,1.0,1,0.11290422557076578,50
3131,2,6232,2391,3841,0,0,0,1.0,1,1.0,1,1.0,1,0.1313186020014882,50
3132,4,6236,2394,3842,0,0,0,1.0,1,1.0,1,1.0,1,0.21463462638220662,49
3133,6,6242,2394,3848,0,0,0,1.0,1,1.0,1,1.0,1,0.111805361517095,49
3134,3,6245,2395,3850,0,0,0,1.0,1,1.0,1,1.0,1,0.13591507985016615,46
3135,0,6245,2395,3850,0,0,0,1.0,1,1.0,1,1.0,1,0.1194313451436188,47
3136,1,6246,2395,3851,0,0,0,1.0,1,1.0,1,1.0,1,0.10167903731596373,46
3137,2,6248,2395,3853,0,0,0,1.0,1,1.0,1,1.0,1,0.07370542086643515,49
3138,1,6249,2395,3854,0,0,0,1.0,1,1.0,1,1.0,1,0.06879789117448512,49
3139,2,6251,2397,3854,0,0,0,1.0,1,1.0,1,1.0,1,0.1290898983451616,50
3140,6,6257,2399,3858,0,0,0,1.0,1,1.0,1,1.0,1,0.17736355014094446,51
3141,4,6261,2399,3862,0,0,0,1.0,1,1.0,1,1.0,1,0.116785217517481,50
3142,1,6262,2399,3863,0,0,0,1.0,1,1.0,1,1.0,1,0.11165192946480414,50
3143,1,6263,2400,3863,0,0,0,1.0,1,1.0,1,1.0,1,0.13464186651665597,49
3144,2,6265,2401,3864,0,0,0,1.0,1,1.0,1,1.0,1,0.14851139283298243,49
3145,4,6269,2402,3867,0,0,0,1.0,1,1.0,1,1.0,1,0.11685237189451654,48
3146,1,6270,2402,3868,0,0,0,1.0,1,1.0,1,1.0,1,0.10968834803234175,49
3147,2,6272,2402,3870,0,0,0,1.0,1,1.0,1,1.0,1,0.12317560498643727,48
3148,1,6273,2403,3870,0,0,0,1.0,1,1.0,1,1.0,1,0.11594341498324523,48
3149,3,6276,2405,3871,0,0,0,1.0,1,1.0,1,1.0,1,0.11392732915117701,47
3150,0,6276,2405,3871,0,0,0,1.0,1,1.0,1,1.0,1,0.11392732915117701,47
3151,1,6277,2406,3871,0,0,0,1.0,1,1.0,1,1.0,1,0.15341449192031534,48
3152,0,6277,2406,3871,0,0,0,1.0,1,1.0,1,1.0,1,0.1523292093000641,47
3153,6,6283,2407,3876,0,0,0,1.0,1,1.0,1,1.0,1,0.0851619937519036,47
3154,1,6284,2408,3876,0,0,0,1.0,1,1.0,1,1.0,1,0.1248474380096106,48
3155,0,6284,2408,3876,0,0,0,1.0,1,1.0,1,1.0,1,0.120813319524709,48
3156,2,6286,2409,3877,0,0,0,1.0,1,1.0,1,1.0,1,0.15098990072462112,48
3157,6,6292,2409,3883,0,0,0,1.0,1,1.0,1,1.0,1,0.07636057187338577,48
3158,0,6292,2409,3883,0,0,0,1.0,1,1.0,1,1.0,1,0.07636057187338577,48
3159,0,6292,2409,3883,0,0,0,1.0,1,1.0,1,1.0,1,0.0823363142839691,49
3160,0,6292,2409,3883,0,0,0,1.0,1,1.0,1,1.0,1,0.112020423573734,51
3161,1,6293,2409,3884,0,0,0,1.0,1,1.0,1,1.0,1,0.09834869718648173,52
3162,1,6294,2410,3884,0,0,0,1.0,1,1.0,1,1.0,1,0.12788632955774784,51
3163,3,6297,2411,3886,0,0,0,1.0,1,1.0,1,1.0,1,0.08991423511042476,51
3164,1,6298,2412,3886,0,0,0,1.0,1,1.0,1,1.0,1,0.10177321097748318,52
3165,3,6301,2413,3888,0,0,0,1.0,1,1.0,1,1.0,1,0.08899811370054761,50
3166,0,6301,2413,3888,0,0,0,1.0,1,1.0,1,1.0,1,0.08899811370054761,50
3167,5,6306,2418,3888,0,0,0,1.0,1,1.0,1,1.0,1,0.1054277605801017,49
3168,1,6307,2419,3888,0,0,0,1.0,1,1.0,1,1.0,1,0.14052313891834595,47
3169,5,6312,2420,3892,0,0,0,1.0,1,1.0,1,1.0,1,0.11383640314323211,48
3170,0,6312,2420,3892,0,0,0,1.0,1,1.0,1,1.0,1,0.13485071006976013,47
3171,0,6312,2420,3892,0,0,0,1.0,1,1.0,1,1.0,1,0.1568014916693156,47
3172,0,6312,2420,3892,0,0,0,1.0,1,1.0,1,1.0,1,0.16425578491756349,46
3173,4,6316,2421,3895,0,0,0,1.0,1,1.0,1,1.0,1,0.12554812972113627,45
3174,3,6319,2422,3897,0,0,0,1.0,1,1.0,1,1.0,1,0.15362232108615287,43
3175,1,6320,2423,3897,0,0,0,1.0,1,1.0,1,1.0,1,0.15716544772270988,43
3176,0,6320,2423,3897,0,0,0,1.0,1,1.0,1,1.0,1,0.148916935805729,44
3177,3,6323,2424,3899,0,0,0,1.0,1,1.0,1,1.0,1,0.11549782548124042,44
3178,5,6328,2424,3904,0,0,0,1.0,1,1.0,1,1.0,1,0.05898692894550595,47
3179,3,6331,2426,3905,0,0,0,1.0,1,1.0,1,1.0,1,0.05429582426466648,48
3180,0,6331,2426,3905,0,0,0,1.0,1,1.0,1,1.0,1,0.05429582426466648,48
3181,0,6331,2426,3905,0,0,0,1.0,1,1.0,1,1.0,1,0.05429582426466648,48
3182,1,6332,2427,3905,0,0,0,1.0,1,1.0,1,1.0,1,0.08578229710355582,51
3183,1,6333,2428,3905,0,0,0,1.0,1,1.0,1,1.0,1,0.11175845800021739,50
3184,2,6335,2430,3905,0,0,0,1.0,1,1.0,1,1.0,1,0.17471421705115459,50
3185,7,6342,2430,3912,0,0,0,1.0,1,1.0,1,1.0,1,0.1256020898588092,48
3186,4,6346,2431,3915,0,0,0,1.0,1,1.0,1,1.0,1,0.12623640935497157,48
3187,0,6346,2431,3915,0,0,0,1.0,1,1.0,1,1.0,1,0.13912961402277463,48
3188,1,6347,2432,3915,0,0,0,1.0,1,1.0,1,1.0,1,0.16763426732038655,48
3189,7,6354,2432,3922,0,0,0,1.0,1,1.0,1,1.0,1,0.1019440472799637,49
3190,5,6359,2432,3927,0,0,0,1.0,1,1.0,1,1.0,1,0.09540855560328951,51
3191,2,6361,2432,3929,0,0,0,1.0,1,1.0,1,1.0,1,0.10723795814622056,52
3192,2,6363,2433,3930,0,0,0,1.0,1,1.0,1,1.0,1,0.12481274533086882,52
3193,2,6365,2433,3932,0,0,0,1.0,1,1.0,1,1.0,1,0.08411153225472603,52
3194,4,6369,2434,3935,0,0,0,1.0,1,1.0,1,1.0,1,0.08534773734531949,54
3195,0,6369,2434,3935,0,0,0,1.0,1,1.0,1,1.0,1,0.08534773734531949,54
3196,2,6371,2435,3936,0,0,0,1.0,1,1.0,1,1.0,1,0.07080952891215575,54
3197,2,6373,2435,3938,0,0,0,1.0,1,1.0,1,1.0,1,0.0792039655214817,54
3198,1,6374,2435,3939,0,0,0,1.0,1,1.0,1,1.0,1,0.06821617499581883,54
3199,0,6374,2435,3939,0,0,0,1.0,1,1.0,1,1.0,1,0.06740385743356929,56
3200,0,6374,2435,3939,0,0,0,1.0,1,1.0,1,1.0,1,0.09218074166280435,56
3201,2,6376,2436,3940,0,0,0,1.0,1,1.0,1,1.0,1,0.0806949591943707,56
3202,1,6377,2436,3941,0,0,0,1.0,1,1.0,1,1.0,1,0.07998127264301559,57
3203,2,6379,2437,3942,0,0,0,1.0,1,1.0,1,1.0,1,0.10571875485616396,56
3204,8,6387,2440,3947,0,0,0,1.0,1,1.0,1,1.0,1,0.11941048773167115,55
3205,0,6387,2440,3947,0,0,0,1.0,1,1.0,1,1.0,1,0.11924682280259978,54
3206,7,6394,2443,3951,0,0,0,1.0,1,1.0,1,1.0,1,0.1345232391008204,56
3207,1,6395,2443,3952,0,0,0,1.0,1,1.0,1,1.0,1,0.14714346027665964,54
3208,1,6396,2444,3952,0,0,0,1.0,1,1.0,1,1.0,1,0.16184527751339842,53
3209,1,6397,2444,3953,0,0,0,1.0,1,1.0,1,1.0,1,0.1470111805646585,54
3210,0,6397,2444,3953,0,0,0,1.0,1,1.0,1,1.0,1,0.1652486064318844,53
3211,3,6400,2445,3955,0,0,0,1.0,1,1.0,1,1.0,1,0.18359956665268623,53
3212,0,6400,2445,3955,0,0,0,1.0,1,1.0,1,1.0,1,0.1948704269401894,54
3213,2,6402,2445,3957,0,0,0,1.0,1,1.0,1,1.0,1,0.1840515771061495,54
3214,4,6406,2445,3961,0,0,0,1.0,1,1.0,1,1.0,1,0.2098806918178937,55
3215,2,6408,2445,3963,0,0,0,1.0,1,1.0,1,1.0,1,0.2098806918178937,55
3216,2,6410,2445,3965,0,0,0,1.0,1,1.0,1,1.0,1,0.2098806918178937,55
3217,5,6415,2447,3968,0,0,0,1.0,1,1.0,1,1.0,1,0.20248781720195788,54
3218,4,6419,2447,3972,0,0,0,1.0,1,1.0,1,1.0,1,0.1858586493141656,54
3219,3,6422,2448,3974,0,0,0,1.0,1,1.0,1,1.0,1,0.2040554548873661,55
3220,1,6423,2448,3975,0,0,0,1.0,1,1.0,1,1.0,1,0.18008930814250837,56
3221,1,6424,2449,3975,0,0,0,1.0,1,1.0,1,1.0,1,0.21282635748600093,57
3222,2,6426,2449,3977,0,0,0,1.0,1,1.0,1,1.0,1,0.18421970409150837,57
3223,2,6428,2450,3978,0,0,0,1.0,1,1.0,1,1.0,1,0.1871139087508465,56
3224,7,6435,2454,3981,0,0,0,1.0,1,1.0,1,1.0,1,0.17447213727973157,58
3225,1,6436,2454,3982,0,0,0,1.0,1,1.0,1,1.0,1,0.14719891035874122,55
3226,3,6439,2456,3983,0,0,0,1.0,1,1.0,1,1.0,1,0.1732098932972205,54
3227,1,6440,2457,3983,0,0,0,1.0,1,1.0,1,1.0,1,0.15998816920936862,53
3228,2,6442,2459,3983,0,0,0,1.0,1,1.0,1,1.0,1,0.18631656613653186,52
3229,5,6447,2460,3987,0,0,0,1.0,1,1.0,1,1.0,1,0.15572303364565462,52
3230,3,6450,2461,3989,0,0,0,1.0,1,1.0,1,1.0,1,0.20711409667227862,50
3231,8,6458,2463,3995,0,0,0,1.0,1,1.0,1,1.0,1,0.2190584804861653,50
3232,6,6464,2464,4000,0,0,0,1.0,1,1.0,1,1.0,1,0.21548955261583957,50
3233,6,6470,2464,4006,0,0,0,1.0,1,1.0,1,1.0,1,0.14648939838103955,50
3234,2,6472,2466,4006,0,0,0,1.0,1,1.0,1,1.0,1,0.15551098410870334,49
3235,1,6473,2467,4006,0,0,0,1.0,1,1.0,1,1.0,1,0.17783145388021554,49
3236,2,6475,2468,4007,0,0,0,1.0,1,1.0,1,1.0,1,0.1814015216844339,51
3237,2,6477,2469,4008,0,0,0,1.0,1,1.0,1,1.0,1,0.19931863637139735,53
3238,1,6478,2470,4008,0,0,0,1.0,1,1.0,1,1.0,1,0.20830360902561748,53
3239,1,6479,2470,4009,0,0,0,1.0,1,1.0,1,1.0,1,0.20470395379100387,53
3240,0,6479,2470,4009,0,0,0,1.0,1,1.0,1,1.0,1,0.2108949504836508,53
3241,4,6483,2470,4013,0,0,0,1.0,1,1.0,1,1.0,1,0.1949858652340933,53
3242,0,6483,2470,4013,0,0,0,1.0,1,1.0,1,1.0,1,0.1949858652340933,53
3243,1,6484,2470,4014,0,0,0,1.0,1,1.0,1,1.0,1,0.16571415979393736,56
3244,0,6484,2470,4014,0,0,0,1.0,1,1.0,1,1.0,1,0.1738583509319468,57
3245,0,6484,2470,4014,0,0,0,1.0,1,1.0,1,1.0,1,0.1745801386064252,59
3246,0,6484,2470,4014,0,0,0,1.0,1,1.0,1,1.0,1,0.1745801386064252,59
3247,0,6484,2470,4014,0,0,0,1.0,1,1.0,1,1.0,1,0.1745801386064252,59
3248,3,6487,2471,4016,0,0,0,1.0,1,1.0,1,1.0,1,0.168549723250508,59
3249,4,6491,2471,4020,0,0,0,1.0,1,1.0,1,1.0,1,0.15788222832482768,58
3250,0,6491,2471,4020,0,0,0,1.0,1,1.0,1,1.0,1,0.15788222832482768,58
3251,2,6493,2473,4020,0,0,0,1.0,1,1.0,1,1.0,1,0.19057302605344842,57
3252,2,6495,2474,4021,0,0,0,1.0,1,1.0,1,1.0,1,0.1941028572390371,57
3253,3,6498,2474,4024,0,0,0,1.0,1,1.0,1,1.0,1,0.16155387260332457,56
3254,1,6499,2474,4025,0,0,0,1.0,1,1.0,1,1.0,1,0.14563761294518845,57
3255,3,6502,2475,4027,0,0,0,1.0,1,1.0,1,1.0,1,0.1435877933471535,57
3256,0,6502,2475,4027,0,0,0,1.0,1,1.0,1,1.0,1,0.1435877933471535,57
3257,3,6505,2475,4030,0,0,0,1.0,1,1.0,1,1.0,1,0.11319101957537835,57
3258,1,6506,2475,4031,0,0,0,1.0,1,1.0,1,1.0,1,0.12011183483925272,58
3259,2,6508,2476,4032,0,0,0,1.0,1,1.0,1,1.0,1,0.134157295670401,59
3260,4,6512,2477,4035,0,0,0,1.0,1,1.0,1,1.0,1,0.09927130359077516,60
3261,3,6515,2479,4036,0,0,0,1.0,1,1.0,1,1.0,1,0.1108706158677224,60
3262,3,6518,2481,4037,0,0,0,1.0,1,1.0,1,1.0,1,0.1493029559187257,61
3263,6,6524,2484,4040,0,0,0,1.0,1,1.0,1,1.0,1,0.1376801642039972,62
3264,4,6528,2488,4040,0,0,0,1.0,1,1.0,1,1.0,1,0.18192705132360004,60
3265,4,6532,2489,4043,0,0,0,1.0,1,1.0,1,1.0,1,0.1260733138572682,58
3266,4,6536,2491,4045,0,0,0,1.0,1,1.0,1,1.0,1,0.1395255582386214,59
3267,3,6539,2493,4046,0,0,0,1.0,1,1.0,1,1.0,1,0.15433290821282525,60
3268,6,6545,2497,4048,0,0,0,1.0,1,1.0,1,1.0,1,0.1739922595182155,58
3269,5,6550,2497,4053,0,0,0,1.0,1,1.0,1,1.0,1,0.1029575421763411,57
3270,1,6551,2498,4053,0,0,0,1.0,1,1.0,1,1.0,1,0.09468883318306238,56
3271,1,6552,2499,4053,0,0,0,1.0,1,1.0,1,1.0,1,0.08889511861048696,55
3272,0,6552,2499,4053,0,0,0,1.0,1,1.0,1,1.0,1,0.08819269995590767,55
3273,5,6557,2502,4055,0,0,0,1.0,1,1.0,1,1.0,1,0.11580622210105293,55
3274,0,6557,2502,4055,0,0,0,1.0,1,1.0,1,1.0,1,0.09378610053629358,55
3275,1,6558,2503,4055,0,0,0,1.0,1,1.0,1,1.0,1,0.11336778430532389,55
3276,0,6558,2503,4055,0,0,0,1.0,1,1.0,1,1.0,1,0.12421708482090095,55
3277,3,6561,2504,4057,0,0,0,1.0,1,1.0,1,1.0,1,0.10794803790753377,57
3278,1,6562,2504,4058,0,0,0,1.0,1,1.0,1,1.0,1,0.10643171862684092,56
3279,2,6564,2505,4059,0,0,0,1.0,1,1.0,1,1.0,1,0.07444271431988082,54
3280,3,6567,2506,4061,0,0,0,1.0,1,1.0,1,1.0,1,0.07931598857950833,53
3281,4,6571,2507,4064,0,0,0,1.0,1,1.0,1,1.0,1,0.09026217407726646,52
3282,0,6571,2507,4064,0,0,0,1.0,1,1.0,1,1.0,1,0.129117281972289,50
3283,1,6572,2508,4064,0,0,0,1.0,1,1.0,1,1.0,1,0.11200375361809452,50
3284,3,6575,2511,4064,0,0,0,1.0,1,1.0,1,1.0,1,0.18210534355826194,47
3285,4,6579,2511,4068,0,0,0,1.0,1,1.0,1,1.0,1,0.10521996547133784,48
3286,1,6580,2511,4069,0,0,0,1.0,1,1.0,1,1.0,1,0.08920395884282313,46
3287,8,6588,2513,4075,0,0,0,1.0,1,1.0,1,1.0,1,0.1587331453826311,46
3288,8,6596,2515,4081,0,0,0,1.0,1,1.0,1,1.0,1,0.1518560916419026,46
3289,8,6604,2516,4088,0,0,0,1.0,1,1.0,1,1.0,1,0.07786443316549542,48
3290,1,6605,2516,4089,0,0,0,1.0,1,1.0,1,1.0,1,0.07192232158976022,48
3291,2,6607,2516,4091,0,0,0,1.0,1,1.0,1,1.0,1,0.04997160925284191,50
3292,1,6608,2517,4091,0,0,0,1.0,1,1.0,1,1.0,1,0.0862529138625231,50
3293,0,6608,2517,4091,0,0,0,1.0,1,1.0,1,1.0,1,0.0935926751523667,51
3294,1,6609,2518,4091,0,0,0,1.0,1,1.0,1,1.0,1,0.10164915506729028,50
3295,3,6612,2520,4092,0,0,0,1.0,1,1.0,1,1.0,1,0.13293750204184596,50
3296,1,6613,2520,4093,0,0,0,1.0,1,1.0,1,1.0,1,0.10900924817372337,50
3297,1,6614,2520,4094,0,0,0,1.0,1,1.0,1,1.0,1,0.109168177521614,51
3298,3,6617,2523,4094,0,0,0,1.0,1,1.0,1,1.0,1,0.12178874409658462,52
3299,3,6620,2525,4095,0,0,0,1.0,1,1.0,1,1.0,1,0.11996149405645766,53
3300,1,6621,2525,4096,0,0,0,1.0,1,1.0,1,1.0,1,0.10629810779698504,53
3301,2,6623,2526,4097,0,0,0,1.0,1,1.0,1,1.0,1,0.11567027705546458,53
3302,5,6628,2528,4100,0,0,0,1.0,1,1.0,1,1.0,1,0.08997575758789178,53
3303,1,6629,2529,4100,0,0,0,1.0,1,1.0,1,1.0,1,0.08149957838841838,52
3304,3,6632,2531,4101,0,0,0,1.0,1,1.0,1,1.0,1,0.08216969096208786,52
3305,3,6635,2533,4102,0,0,0,1.0,1,1.0,1,1.0,1,0.1450147913863344,51
3306,4,6639,2535,4104,0,0,0,1.0,1,1.0,1,1.0,1,0.1381498295413547,51
3307,2,6641,2535,4106,0,0,0,1.0,1,1.0,1,1.0,1,0.10995082762792802,48
3308,3,6644,2537,4107,0,0,0,1.0,1,1.0,1,1.0,1,0.13491967330734408,48
3309,3,6647,2538,4109,0,0,0,1.0,1,1.0,1,1.0,1,0.09440739844299115,48
3310,0,6647,2538,4109,0,0,0,1.0,1,1.0,1,1.0,1,0.13432625320288427,47
3311,3,6650,2540,4110,0,0,0,1.0,1,1.0,1,1.0,1,0.17875650347557262,49
3312,3,6653,2542,4111,0,0,0,1.0,1,1.0,1,1.0,1,0.20824239275106496,48
3313,7,6660,2545,4115,0,0,0,1.0,1,1.0,1,1.0,1,0.17100847807727465,49
3314,1,6661,2546,4115,0,0,0,1.0,1,1.0,1,1.0,1,0.22760135345797025,47
3315,1,6662,2547,4115,0,0,0,1.0,1,1.0,1,1.0,1,0.2550455191294855,47
3316,2,6664,2547,4117,0,0,0,1.0,1,1.0,1,1.0,1,0.21789682137106708,47
3317,4,6668,2547,4121,0,0,0,1.0,1,1.0,1,1.0,1,0.16165122940723864,46
3318,4,6672,2549,4123,0,0,0,1.0,1,1.0,1,1.0,1,0.14715934748269655,45
3319,4,6676,2551,4125,0,0,0,1.0,1,1.0,1,1.0,1,0.14238431998375484,44
3320,7,6683,2552,4131,0,0,0,1.0,1,1.0,1,1.0,1,0.1668715747672625,43
3321,5,6688,2553,4135,0,0,0,1.0,1,1.0,1,1.0,1,0.13445939151053873,43
3322,0,6688,2553,4135,0,0,0,1.0,1,1.0,1,1.0,1,0.13177536728644368,40
3323,0,6688,2553,4135,0,0,0,1.0,1,1.0,1,1.0,1,0.12715576501150583,40
3324,2,6690,2554,4136,0,0,0,1.0,1,1.0,1,1.0,1,0.11427084193923726,40
3325,2,6692,2556,4136,0,0,0,1.0,1,1.0,1,1.0,1,0.1714869541920665,40
3326,1,6693,2557,4136,0,0,0,1.0,1,1.0,1,1.0,1,0.1495873309136979,41
3327,0,6693,2557,4136,0,0,0,1.0,1,1.0,1,1.0,1,0.1898499672757903,39
3328,5,6698,2562,4136,0,0,0,1.0,1,1.0,1,1.0,1,0.3390504319235949,41
3329,7,6705,2564,4141,0,0,0,1.0,1,1.0,1,1.0,1,0.22388049817922567,39
3330,4,6709,2565,4144,0,0,0,1.0,1,1.0,1,1.0,1,0.21393913917136598,40
3331,7,6716,2565,4151,0,0,0,1.0,1,1.0,1,1.0,1,0.15892060254207369,38
3332,5,6721,2565,4156,0,0,0,1.0,1,1.0,1,1.0,1,0.1930093763680403,38
3333,1,6722,2565,4157,0,0,0,1.0,1,1.0,1,1.0,1,0.17904912886138455,38
3334,1,6723,2565,4158,0,0,0,1.0,1,1.0,1,1.0,1,0.17414886751328276,40
3335,2,6725,2565,4160,0,0,0,1.0,1,1.0,1,1.0,1,0.10954504138464072,40
3336,0,6725,2565,4160,0,0,0,1.0,1,1.0,1,1.0,1,0.1421149709133131,39
3337,0,6725,2565,4160,0,0,0,1.0,1,1.0,1,1.0,1,0.14321442763567846,40
3338,2,6727,2566,4161,0,0,0,1.0,1,1.0,1,1.0,1,0.1512581761793428,41
3339,0,6727,2566,4161,0,0,0,1.0,1,1.0,1,1.0,1,0.1525604704554611,42
3340,3,6730,2568,4162,0,0,0,1.0,1,1.0,1,1.0,1,0.1527399980672465,43
3341,2,6732,2568,4164,0,0,0,1.0,1,1.0,1,1.0,1,0.10066199979518732,43
3342,1,6733,2569,4164,0,0,0,1.0,1,1.0,1,1.0,1,0.15888496217413142,44
3343,2,6735,2571,4164,0,0,0,1.0,1,1.0,1,1.0,1,0.17076920000173829,44
3344,2,6737,2573,4164,0,0,0,1.0,1,1.0,1,1.0,1,0.23742209646685547,44
3345,1,6738,2573,4165,0,0,0,1.0,1,1.0,1,1.0,1,0.21296815117074497,43
3346,1,6739,2573,4166,0,0,0,1.0,1,1.0,1,1.0,1,0.22118483695487556,42
3347,2,6741,2573,4168,0,0,0,1.0,1,1.0,1,1.0,1,0.19519725136064936,44
3348,1,6742,2573,4169,0,0,0,1.0,1,1.0,1,1.0,1,0.20543672436732102,45
3349,3,6745,2574,4171,0,0,0,1.0,1,1.0,1,1.0,1,0.1792069126991762,45
3350,0,6745,2574,4171,0,0,0,1.0,1,1.0,1,1.0,1,0.15972328981095787,46
3351,2,6747,2574,4173,0,0,0,1.0,1,1.0,1,1.0,1,0.11295077804282547,47
3352,1,6748,2574,4174,0,0,0,1.0,1,1.0,1,1.0,1,0.1304649330441471,47
3353,0,6748,2574,4174,0,0,0,1.0,1,1.0,1,1.0,1,0.14486192250388427,48
3354,0,6748,2574,4174,0,0,0,1.0,1,1.0,1,1.0,1,0.14486192250388427,48
3355,1,6749,2574,4175,0,0,0,1.0,1,1.0,1,1.0,1,0.1551046985799061,48
3356,3,6752,2574,4178,0,0,0,1.0,1,1.0,1,1.0,1,0.1386360504782598,48
3357,2,6754,2575,4179,0,0,0,1.0,1,1.0,1,1.0,1,0.11897706384768308,47
3358,2,6756,2576,4180,0,0,0,1.0,1,1.0,1,1.0,1,0.11778415004154091,46
3359,5,6761,2578,4183,0,0,0,1.0,1,1.0,1,1.0,1,0.10630469885827196,45
3360,3,6764,2580,4184,0,0,0,1.0,1,1.0,1,1.0,1,0.1530758883326386,44
3361,3,6767,2581,4186,0,0,0,1.0,1,1.0,1,1.0,1,0.1506488916107272,43
3362,2,6769,2581,4188,0,0,0,1.0,1,1.0,1,1.0,1,0.09342637976421765,42
3363,1,6770,2582,4188,0,0,0,1.0,1,1.0,1,1.0,1,0.11467212862525207,41
3364,1,6771,2583,4188,0,0,0,1.0,1,1.0,1,1.0,1,0.08356768551196908,41
3365,0,6771,2583,4188,0,0,0,1.0,1,1.0,1,1.0,1,0.10226918394629321,41
3366,2,6773,2585,4188,0,0,0,1.0,1,1.0,1,1.0,1,0.16731711411172473,40
3367,1,6774,2586,4188,0,0,0,1.0,1,1.0,1,1.0,1,0.1376312586289614,39
3368,1,6775,2587,4188,0,0,0,1.0,1,1.0,1,1.0,1,0.16227643261835864,39
3369,4,6779,2588,4191,0,0,0,1.0,1,1.0,1,1.0,1,0.10023419792356796,40
3370,2,6781,2589,4192,0,0,0,1.0,1,1.0,1,1.0,1,0.1242650199455759,41
3371,3,6784,2590,4194,0,0,0,1.0,1,1.0,1,1.0,1,0.12212542085175165,41
3372,2,6786,2592,4194,0,0,0,1.0,1,1.0,1,1.0,1,0.1741785368927861,40
3373,2,6788,2592,4196,0,0,0,1.0,1,1.0,1,1.0,1,0.17211602454469258,41
3374,1,6789,2592,4197,0,0,0,1.0,1,1.0,1,1.0,1,0.15762608805101716,42
3375,3,6792,2592,4200,0,0,0,1.0,1,1.0,1,1.0,1,0.13141394951042787,44
3376,4,6796,2592,4204,0,0,0,1.0,1,1.0,1,1.0,1,0.13971702873187936,46
3377,5,6801,2592,4209,0,0,0,1.0,1,1.0,1,1.0,1,0.09683587283801127,47
3378,3,6804,2593,4211,0,0,0,1.0,1,1.0,1,1.0,1,0.12249368405013904,48
3379,2,6806,2593,4213,0,0,0,1.0,1,1.0,1,1.0,1,0.1277089335129614,48
3380,4,6810,2593,4217,0,0,0,1.0,1,1.0,1,1.0,1,0.1237965201676136,48
3381,3,6813,2593,4220,0,0,0,1.0,1,1.0,1,1.0,1,0.08367688499056813,48
3382,2,6815,2593,4222,0,0,0,1.0,1,1.0,1,1.0,1,0.09101189604862495,49
3383,0,6815,2593,4222,0,0,0,1.0,1,1.0,1,1.0,1,0.11103771221809745,47
3384,4,6819,2596,4223,0,0,0,1.0,1,1.0,1,1.0,1,0.14480324273149364,48
3385,2,6821,2596,4225,0,0,0,1.0,1,1.0,1,1.0,1,0.11085462702243236,47
3386,2,6823,2597,4226,0,0,0,1.0,1,1.0,1,1.0,1,0.13774036202160223,49
3387,0,6823,2597,4226,0,0,0,1.0,1,1.0,1,1.0,1,0.13018975372769484,48
3388,0,6823,2597,4226,0,0,0,1.0,1,1.0,1,1.0,1,0.13018975372769484,48
3389,2,6825,2597,4228,0,0,0,1.0,1,1.0,1,1.0,1,0.11742895452362448,50
3390,1,6826,2598,4228,0,0,0,1.0,1,1.0,1,1.0,1,0.1207572120293674,51
3391,1,6827,2598,4229,0,0,0,1.0,1,1.0,1,1.0,1,0.11277813732398542,51
3392,0,6827,2598,4229,0,0,0,1.0,1,1.0,1,1.0,1,0.09938727325414377,52
3393,2,6829,2599,4230,0,0,0,1.0,1,1.0,1,1.0,1,0.08108667159110763,52
3394,1,6830,2600,4230,0,0,0,1.0,1,1.0,1,1.0,1,0.10061793375706272,52
3395,0,6830,2600,4230,0,0,0,1.0,1,1.0,1,1.0,1,0.10473916543279983,50
3396,1,6831,2601,4230,0,0,0,1.0,1,1.0,1,1.0,1,0.129141213258122,49
3397,6,6837,2602,4235,0,0,0,1.0,1,1.0,1,1.0,1,0.10611905389374657,49
3398,2,6839,2602,4237,0,0,0,1.0,1,1.0,1,1.0,1,0.11309988738348364,48
3399,3,6842,2603,4239,0,0,0,1.0,1,1.0,1,1.0,1,0.12414283024230514,49
3400,3,6845,2604,4241,0,0,0,1.0,1,1.0,1,1.0,1,0.1584641411143628,50
3401,3,6848,2604,4244,0,0,0,1.0,1,1.0,1,1.0,1,0.11034857407898355,51
3402,2,6850,2605,4245,0,0,0,1.0,1,1.0,1,1.0,1,0.14944948096825975,51
3403,1,6851,2606,4245,0,0,0,1.0,1,1.0,1,1.0,1,0.14370954693359103,51
3404,2,6853,2607,4246,0,0,0,1.0,1,1.0,1,1.0,1,0.14896074540914334,51
3405,4,6857,2608,4249,0,0,0,1.0,1,1.0,1,1.0,1,0.13962231832534633,51
3406,1,6858,2608,4250,0,0,0,1.0,1,1.0,1,1.0,1,0.13836828622766525,51
3407,0,6858,2608,4250,0,0,0,1.0,1,1.0,1,1.0,1,0.1482408407320296,52
3408,2,6860,2608,4252,0,0,0,1.0,1,1.0,1,1.0,1,0.15919565084120593,53
3409,4,6864,2608,4256,0,0,0,1.0,1,1.0,1,1.0,1,0.12651678543832354,54
3410,2,6866,2610,4256,0,0,0,1.0,1,1.0,1,1.0,1,0.14482232091368424,54
3411,3,6869,2610,4259,0,0,0,1.0,1,1.0,1,1.0,1,0.1396681344280817,54
3412,3,6872,2611,4261,0,0,0,1.0,1,1.0,1,1.0,1,0.1825992766504023,55
3413,3,6875,2611,4264,0,0,0,1.0,1,1.0,1,1.0,1,0.1388937551201276,55
3414,5,6880,2611,4269,0,0,0,1.0,1,1.0,1,1.0,1,0.14021016693527336,55
3415,5,6885,2614,4271,0,0,0,1.0,1,1.0,1,1.0,1,0.17682848062408693,56
3416,6,6891,2614,4277,0,0,0,1.0,1,1.0,1,1.0,1,0.1649688388190596,55
3417,5,6896,2614,4282,0,0,0,1.0,1,1.0,1,1.0,1,0.100940625593658,56
3418,2,6898,2616,4282,0,0,0,1.0,1,1.0,1,1.0,1,0.15131185511303513,55
3419,4,6902,2617,4285,0,0,0,1.0,1,1.0,1,1.0,1,0.1337599838855162,56
3420,0,6902,2617,4285,0,0,0,1.0,1,1.0,1,1.0,1,0.15266875215418502,55
3421,2,6904,2617,4287,0,0,0,1.0,1,1.0,1,1.0,1,0.13843662712853244,57
3422,0,6904,2617,4287,0,0,0,1.0,1,1.0,1,1.0,1,0.1468593435991989,56
3423,0,6904,2617,4287,0,0,0,1.0,1,1.0,1,1.0,1,0.14645443621939644,56
3424,1,6905,2618,4287,0,0,0,1.0,1,1.0,1,1.0,1,0.15824222866300303,56
3425,4,6909,2620,4289,0,0,0,1.0,1,1.0,1,1.0,1,0.11776381315224296,56
3426,0,6909,2620,4289,0,0,0,1.0,1,1.0,1,1.0,1,0.13432678105415746,55
3427,1,6910,2621,4289,0,0,0,1.0,1,1.0,1,1.0,1,0.16566207801131416,55
3428,3,6913,2622,4291,0,0,0,1.0,1,1.0,1,1.0,1,0.1773800786059696,55
3429,6,6919,2622,4297,0,0,0,1.0,1,1.0,1,1.0,1,0.11580167472434254,54
3430,5,6924,2622,4302,0,0,0,1.0,1,1.0,1,1.0,1,0.10504650111721278,56
3431,3,6927,2622,4305,0,0,0,1.0,1,1.0,1,1.0,1,0.0834978143471711,54
3432,7,6934,2623,4311,0,0,0,1.0,1,1.0,1,1.0,1,0.10941567828307973,56
3433,4,6938,2625,4313,0,0,0,1.0,1,1.0,1,1.0,1,0.06522931754274472,53
3434,1,6939,2626,4313,0,0,0,1.0,1,1.0,1,1.0,1,0.04859869341881904,51
3435,1,6940,2627,4313,0,0,0,1.0,1,1.0,1,1.0,1,0.06604059886242276,51
3436,3,6943,2629,4314,0,0,0,1.0,1,1.0,1,1.0,1,0.16302951625501297,51
3437,6,6949,2631,4318,0,0,0,1.0,1,1.0,1,1.0,1,0.09131222738753346,53
3438,4,6953,2631,4322,0,0,0,1.0,1,1.0,1,1.0,1,0.10483552943581217,52
3439,3,6956,2631,4325,0,0,0,1.0,1,1.0,1,1.0,1,0.11078827500586035,54
3440,3,6959,2631,4328,0,0,0,1.0,1,1.0,1,1.0,1,0.11656567584343037,52
3441,4,6963,2631,4332,0,0,0,1.0,1,1.0,1,1.0,1,0.05301058501757675,53
3442,3,6966,2632,4334,0,0,0,1.0,1,1.0,1,1.0,1,0.05753343628405296,53
3443,1,6967,2632,4335,0,0,0,1.0,1,1.0,1,1.0,1,0.0803450351127042,53
3444,2,6969,2633,4336,0,0,0,1.0,1,1.0,1,1.0,1,0.10349487555531169,52
3445,2,6971,2634,4337,0,0,0,1.0,1,1.0,1,1.0,1,0.10546345954459546,53
3446,3,6974,2636,4338,0,0,0,1.0,1,1.0,1,1.0,1,0.1615323275376391,53
3447,0,6974,2636,4338,0,0,0,1.0,1,1.0,1,1.0,1,0.1615323275376391,53
3448,3,6977,2637,4340,0,0,0,1.0,1,1.0,1,1.0,1,0.1904477909003048,52
3449,4,6981,2638,4343,0,0,0,1.0,1,1.0,1,1.0,1,0.13957273120867192,52
3450,1,6982,2639,4343,0,0,0,1.0,1,1.0,1,1.0,1,0.14764535454008593,52
3451,3,6985,2641,4344,0,0,0,1.0,1,1.0,1,1.0,1,0.12722986973686579,54
3452,1,6986,2642,4344,0,0,0,1.0,1,1.0,1,1.0,1,0.13663607880004505,54
3453,5,6991,2643,4348,0,0,0,1.0,1,1.0,1,1.0,1,0.11502935916541109,54
3454,0,6991,2643,4348,0,0,0,1.0,1,1.0,1,1.0,1,0.13366760668266356,57
3455,0,6991,2643,4348,0,0,0,1.0,1,1.0,1,1.0,1,0.13366760668266356,57
3456,1,6992,2643,4349,0,0,0,1.0,1,1.0,1,1.0,1,0.12556965395182995,58
3457,1,6993,2643,4350,0,0,0,1.0,1,1.0,1,1.0,1,0.12741087614656973,57
3458,0,6993,2643,4350,0,0,0,1.0,1,1.0,1,1.0,1,0.12430619925305937,57
3459,0,6993,2643,4350,0,0,0,1.0,1,1.0,1,1.0,1,0.12430619925305937,57
3460,1,6994,2643,4351,0,0,0,1.0,1,1.0,1,1.0,1,0.11266540115482898,58
3461,2,6996,2643,4353,0,0,0,1.0,1,1.0,1,1.0,1,0.10661973970341604,59
3462,1,6997,2644,4353,0,0,0,1.0,1,1.0,1,1.0,1,0.11637235264744451,59
3463,2,6999,2646,4353,0,0,0,1.0,1,1.0,1,1.0,1,0.12547315955415336,59
3464,2,7001,2647,4354,0,0,0,1.0,1,1.0,1,1.0,1,0.1335683919995621,59
3465,3,7004,2649,4355,0,0,0,1.0,1,1.0,1,1.0,1,0.10968953632766304,57
3466,1,7005,2650,4355,0,0,0,1.0,1,1.0,1,1.0,1,0.1317242145974558,57
3467,4,7009,2651,4358,0,0,0,1.0,1,1.0,1,1.0,1,0.10741963951866192,57
3468,2,7011,2653,4358,0,0,0,1.0,1,1.0,1,1.0,1,0.13104063456452417,57
3469,5,7016,2655,4361,0,0,0,1.0,1,1.0,1,1.0,1,0.10898951435855896,53
3470,4,7020,2659,4361,0,0,0,1.0,1,1.0,1,1.0,1,0.14503805956393614,50
3471,3,7023,2661,4362,0,0,0,1.0,1,1.0,1,1.0,1,0.1231199950728314,49
3472,1,7024,2662,4362,0,0,0,1.0,1,1.0,1,1.0,1,0.1991545476869713,47
3473,15,7039,2667,4372,0,0,0,1.0,1,1.0,1,1.0,1,0.1337451364287991,45
3474,1,7040,2667,4373,0,0,0,1.0,1,1.0,1,1.0,1,0.08477616510351864,42
3475,2,7042,2669,4373,0,0,0,1.0,1,1.0,1,1.0,1,0.12799225839098963,43
3476,2,7044,2671,4373,0,0,0,1.0,1,1.0,1,1.0,1,0.15739514910378583,41
3477,7,7051,2675,4376,0,0,0,1.0,1,1.0,1,1.0,1,0.07382080087829108,42
3478,6,7057,2677,4380,0,0,0,1.0,1,1.0,1,1.0,1,0.18272698472371998,40
3479,2,7059,2678,4381,0,0,0,1.0,1,1.0,1,1.0,1,0.18694627806724068,40
3480,1,7060,2678,4382,0,0,0,1.0,1,1.0,1,1.0,1,0.16677699610461236,40
3481,3,7063,2678,4385,0,0,0,1.0,1,1.0,1,1.0,1,0.10071490883051451,40
3482,1,7064,2679,4385,0,0,0,1.0,1,1.0,1,1.0,1,0.13236521467139292,40
3483,1,7065,2679,4386,0,0,0,1.0,1,1.0,1,1.0,1,0.1294018365536662,39
3484,1,7066,2679,4387,0,0,0,1.0,1,1.0,1,1.0,1,0.1549317629717205,39
3485,5,7071,2681,4390,0,0,0,1.0,1,1.0,1,1.0,1,0.15630020288874943,40
3486,2,7073,2681,4392,0,0,0,1.0,1,1.0,1,1.0,1,0.15131774238239315,41
3487,4,7077,2681,4396,0,0,0,1.0,1,1.0,1,1.0,1,0.15743369781336147,41
3488,0,7077,2681,4396,0,0,0,1.0,1,1.0,1,1.0,1,0.15550539504546304,42
3489,3,7080,2681,4399,0,0,0,1.0,1,1.0,1,1.0,1,0.12066449864263168,44
3490,0,7080,2681,4399,0,0,0,1.0,1,1.0,1,1.0,1,0.12066449864263168,44
3491,1,7081,2681,4400,0,0,0,1.0,1,1.0,1,1.0,1,0.12183659755706418,45
3492,2,7083,2682,4401,0,0,0,1.0,1,1.0,1,1.0,1,0.11482994588920577,45
3493,2,7085,2682,4403,0,0,0,1.0,1,1.0,1,1.0,1,0.07585634070286448,45
3494,0,7085,2682,4403,0,0,0,1.0,1,1.0,1,1.0,1,0.07585634070286448,45
3495,0,7085,2682,4403,0,0,0,1.0,1,1.0,1,1.0,1,0.07585634070286448,45
3496,1,7086,2682,4404,0,0,0,1.0,1,1.0,1,1.0,1,0.06474202811512716,46
3497,1,7087,2683,4404,0,0,0,1.0,1,1.0,1,1.0,1,0.10297486660782118,47
3498,1,7088,2684,4404,0,0,0,1.0,1,1.0,1,1.0,1,0.12349074547751909,48
3499,0,7088,2684,4404,0,0,0,1.0,1,1.0,1,1.0,1,0.13657580426521587,47
3500,1,7089,2684,4405,0,0,0,1.0,1,1.0,1,1.0,1,0.14368736640730487,50
3501,3,7092,2685,4407,0,0,0,1.0,1,1.0,1,1.0,1,0.1353420469286867,50
3502,1,7093,2685,4408,0,0,0,1.0,1,1.0,1,1.0,1,0.11347316522882733,50
3503,2,7095,2687,4408,0,0,0,1.0,1,1.0,1,1.0,1,0.16390785390966725,50
3504,3,7098,2690,4408,0,0,0,1.0,1,1.0,1,1.0,1,0.20600462419030138,47
3505,2,7100,2690,4410,0,0,0,1.0,1,1.0,1,1.0,1,0.19695793797281355,48
3506,2,7102,2691,4411,0,0,0,1.0,1,1.0,1,1.0,1,0.21910611044361467,49
3507,1,7103,2691,4412,0,0,0,1.0,1,1.0,1,1.0,1,0.18255758214442064,46
3508,0,7103,2691,4412,0,0,0,1.0,1,1.0,1,1.0,1,0.19653566972738581,47
3509,1,7104,2692,4412,0,0,0,1.0,1,1.0,1,1.0,1,0.16437582209761123,44
3510,3,7107,2694,4413,0,0,0,1.0,1,1.0,1,1.0,1,0.22681611016949924,45
3511,0,7107,2694,4413,0,0,0,1.0,1,1.0,1,1.0,1,0.21134559268168734,44
3512,0,7107,2694,4413,0,0,0,1.0,1,1.0,1,1.0,1,0.20772146177748504,42
3513,2,7109,2694,4415,0,0,0,1.0,1,1.0,1,1.0,1,0.1827259208340619,42
3514,0,7109,2694,4415,0,0,0,1.0,1,1.0,1,1.0,1,0.20272523432351067,42
3515,5,7114,2695,4419,0,0,0,1.0,1,1.0,1,1.0,1,0.16703352952099898,42
3516,2,7116,2695,4421,0,0,0,1.0,1,1.0,1,1.0,1,0.1317673623698096,41
3517,2,7118,2696,4422,0,0,0,1.0,1,1.0,1,1.0,1,0.09271239750929247,44
3518,0,7118,2696,4422,0,0,0,1.0,1,1.0,1,1.0,1,0.11543289971418913,43
3519,2,7120,2697,4423,0,0,0,1.0,1,1.0,1,1.0,1,0.13320799139626527,44
3520,2,7122,2697,4425,0,0,0,1.0,1,1.0,1,1.0,1,0.15174965778107802,45
3521,2,7124,2697,4427,0,0,0,1.0,1,1.0,1,1.0,1,0.11106530748376578,45
3522,0,7124,2697,4427,0,0,0,1.0,1,1.0,1,1.0,1,0.12435394774417012,46
3523,2,7126,2698,4428,0,0,0,1.0,1,1.0,1,1.0,1,0.13156427853303002,46
3524,0,7126,2698,4428,0,0,0,1.0,1,1.0,1,1.0,1,0.11867480310738371,47
3525,0,7126,2698,4428,0,0,0,1.0,1,1.0,1,1.0,1,0.13778108785597643,48
3526,1,7127,2699,4428,0,0,0,1.0,1,1.0,1,1.0,1,0.14591231654150222,49
3527,5,7132,2701,4431,0,0,0,1.0,1,1.0,1,1.0,1,0.15423992054234065,49
3528,3,7135,2702,4433,0,0,0,1.0,1,1.0,1,1.0,1,0.1609579092740028,51
3529,0,7135,2702,4433,0,0,0,1.0,1,1.0,1,1.0,1,0.1609579092740028,51
3530,0,7135,2702,4433,0,0,0,1.0,1,1.0,1,1.0,1,0.16738567618056652,52
3531,1,7136,2703,4433,0,0,0,1.0,1,1.0,1,1.0,1,0.18262028894334054,52
3532,2,7138,2703,4435,0,0,0,1.0,1,1.0,1,1.0,1,0.17339750547114816,52
3533,1,7139,2703,4436,0,0,0,1.0,1,1.0,1,1.0,1,0.159764233199899,52
3534,0,7139,2703,4436,0,0,0,1.0,1,1.0,1,1.0,1,0.159764233199899,52
3535,1,7140,2704,4436,0,0,0,1.0,1,1.0,1,1.0,1,0.16797813404619605,52
3536,7,7147,2704,4443,0,0,0,1.0,1,1.0,1,1.0,1,0.11655970943484795,54
3537,1,7148,2704,4444,0,0,0,1.0,1,1.0,1,1.0,1,0.11865622257873126,55
3538,0,7148,2704,4444,0,0,0,1.0,1,1.0,1,1.0,1,0.11865622257873126,55
3539,1,7149,2704,4445,0,0,0,1.0,1,1.0,1,1.0,1,0.09772852121681298,58
3540,1,7150,2705,4445,0,0,0,1.0,1,1.0,1,1.0,1,0.09872025410327534,59
3541,1,7151,2705,4446,0,0,0,1.0,1,1.0,1,1.0,1,0.08127471388760962,59
3542,1,7152,2705,4447,0,0,0,1.0,1,1.0,1,1.0,1,0.0862406555706808,61
3543,4,7156,2707,4449,0,0,0,1.0,1,1.0,1,1.0,1,0.09408409628858544,62
3544,2,7158,2709,4449,0,0,0,1.0,1,1.0,1,1.0,1,0.10394534934103325,59
3545,1,7159,2710,4449,0,0,0,1.0,1,1.0,1,1.0,1,0.09061270648064262,59
3546,4,7163,2712,4451,0,0,0,1.0,1,1.0,1,1.0,1,0.07926665933364772,57
3547,2,7165,2714,4451,0,0,0,1.0,1,1.0,1,1.0,1,0.09103375195966157,53
3548,2,7167,2715,4452,0,0,0,1.0,1,1.0,1,1.0,1,0.08922783115757435,53
3549,3,7170,2716,4454,0,0,0,1.0,1,1.0,1,1.0,1,0.057209451483441004,52
3550,1,7171,2717,4454,0,0,0,1.0,1,1.0,1,1.0,1,0.07291008696538097,51
3551,2,7173,2718,4455,0,0,0,1.0,1,1.0,1,1.0,1,0.07487606393468198,51
3552,1,7174,2719,4455,0,0,0,1.0,1,1.0,1,1.0,1,0.12269194077199362,51
3553,1,7175,2719,4456,0,0,0,1.0,1,1.0,1,1.0,1,0.12076406634354571,49
3554,0,7175,2719,4456,0,0,0,1.0,1,1.0,1,1.0,1,0.12076406634354571,49
3555,3,7178,2719,4459,0,0,0,1.0,1,1.0,1,1.0,1,0.11982499038911872,51
3556,0,7178,2719,4459,0,0,0,1.0,1,1.0,1,1.0,1,0.11982499038911872,51
3557,2,7180,2720,4460,0,0,0,1.0,1,1.0,1,1.0,1,0.13077581232789978,52
3558,2,7182,2722,4460,0,0,0,1.0,1,1.0,1,1.0,1,0.16201433671754167,52
3559,6,7188,2724,4464,0,0,0,1.0,1,1.0,1,1.0,1,0.11312577179452571,52
3560,1,7189,2724,4465,0,0,0,1.0,1,1.0,1,1.0,1,0.09255590008129382,53
3561,1,7190,2724,4466,0,0,0,1.0,1,1.0,1,1.0,1,0.09077778752589813,54
3562,1,7191,2725,4466,0,0,0,1.0,1,1.0,1,1.0,1,0.10068477830098918,54
3563,2,7193,2726,4467,0,0,0,1.0,1,1.0,1,1.0,1,0.1263094810293011,55
3564,1,7194,2726,4468,0,0,0,1.0,1,1.0,1,1.0,1,0.09367271292099456,57
3565,2,7196,2726,4470,0,0,0,1.0,1,1.0,1,1.0,1,0.09780044245074092,56
3566,1,7197,2726,4471,0,0,0,1.0,1,1.0,1,1.0,1,0.09414902236822663,57
3567,0,7197,2726,4471,0,0,0,1.0,1,1.0,1,1.0,1,0.09414902236822663,57
3568,2,7199,2727,4472,0,0,0,1.0,1,1.0,1,1.0,1,0.10268274992638984,57
3569,1,7200,2727,4473,0,0,0,1.0,1,1.0,1,1.0,1,0.0817848891498188,57
3570,5,7205,2729,4476,0,0,0,1.0,1,1.0,1,1.0,1,0.12161093821595988,59
3571,4,7209,2729,4480,0,0,0,1.0,1,1.0,1,1.0,1,0.11285199518791955,60
3572,1,7210,2729,4481,0,0,0,1.0,1,1.0,1,1.0,1,0.10879760451544306,61
3573,1,7211,2729,4482,0,0,0,1.0,1,1.0,1,1.0,1,0.10679466403503615,62
3574,0,7211,2729,4482,0,0,0,1.0,1,1.0,1,1.0,1,0.1065591734637119,63
3575,1,7212,2730,4482,0,0,0,1.0,1,1.0,1,1.0,1,0.12307291396749828,63
3576,4,7216,2732,4484,0,0,0,1.0,1,1.0,1,1.0,1,0.1570976548538287,63
3577,7,7223,2732,4491,0,0,0,1.0,1,1.0,1,1.0,1,0.10569202515271774,64
3578,3,7226,2732,4494,0,0,0,1.0,1,1.0,1,1.0,1,0.1065282648891705,64
3579,0,7226,2732,4494,0,0,0,1.0,1,1.0,1,1.0,1,0.1065282648891705,64
3580,2,7228,2733,4495,0,0,0,1.0,1,1.0,1,1.0,1,0.13113917094935473,65
3581,4,7232,2733,4499,0,0,0,1.0,1,1.0,1,1.0,1,0.09038673240807325,68
3582,7,7239,2736,4503,0,0,0,1.0,1,1.0,1,1.0,1,0.11427264504763839,68
3583,1,7240,2737,4503,0,0,0,1.0,1,1.0,1,1.0,1,0.09840798873466491,65
3584,2,7242,2739,4503,0,0,0,1.0,1,1.0,1,1.0,1,0.13187596504932483,64
3585,3,7245,2740,4505,0,0,0,1.0,1,1.0,1,1.0,1,0.09117111040096736,64
3586,3,7248,2743,4505,0,0,0,1.0,1,1.0,1,1.0,1,0.13070993819422178,65
3587,2,7250,2744,4506,0,0,0,1.0,1,1.0,1,1.0,1,0.11916650682907354,64
3588,2,7252,2745,4507,0,0,0,1.0,1,1.0,1,1.0,1,0.11156591351853518,62
3589,6,7258,2748,4510,0,0,0,1.0,1,1.0,1,1.0,1,0.1186893773806495,63
3590,3,7261,2749,4512,0,0,0,1.0,1,1.0,1,1.0,1,0.1239326986532658,63
3591,3,7264,2750,4514,0,0,0,1.0,1,1.0,1,1.0,1,0.12905928203034017,62
3592,2,7266,2751,4515,0,0,0,1.0,1,1.0,1,1.0,1,0.1215385521738252,59
3593,3,7269,2753,4516,0,0,0,1.0,1,1.0,1,1.0,1,0.12088194797874785,58
3594,1,7270,2753,4517,0,0,0,1.0,1,1.0,1,1.0,1,0.11475394158517405,57
3595,1,7271,2754,4517,0,0,0,1.0,1,1.0,1,1.0,1,0.09834517636883379,59
3596,3,7274,2756,4518,0,0,0,1.0,1,1.0,1,1.0,1,0.12085029398852919,57
3597,8,7282,2759,4523,0,0,0,1.0,1,1.0,1,1.0,1,0.12460168365619884,57
3598,2,7284,2759,4525,0,0,0,1.0,1,1.0,1,1.0,1,0.09129261185115735,57
3599,7,7291,2762,4529,0,0,0,1.0,1,1.0,1,1.0,1,0.1254142439746684,58
3600,5,7296,2763,4533,0,0,0,1.0,1,1.0,1,1.0,1,0.12381792656688774,58
3601,7,7303,2764,4539,0,0,0,1.0,1,1.0,1,1.0,1,0.05310872404500341,58
3602,1,7304,2764,4540,0,0,0,1.0,1,1.0,1,1.0,1,0.05617174174167788,60
3603,0,7304,2764,4540,0,0,0,1.0,1,1.0,1,1.0,1,0.05617174174167788,60
3604,0,7304,2764,4540,0,0,0,1.0,1,1.0,1,1.0,1,0.05617174174167788,60
3605,2,7306,2765,4541,0,0,0,1.0,1,1.0,1,1.0,1,0.05706603396409587,61
3606,4,7310,2766,4544,0,0,0,1.0,1,1.0,1,1.0,1,0.065495636631084,63
3607,4,7314,2767,4547,0,0,0,1.0,1,1.0,1,1.0,1,0.08096373196586945,63
3608,3,7317,2767,4550,0,0,0,1.0,1,1.0,1,1.0,1,0.1020951703070135,64
3609,4,7321,2767,4554,0,0,0,1.0,1,1.0,1,1.0,1,0.07363603225607768,66
3610,2,7323,2769,4554,0,0,0,1.0,1,1.0,1,1.0,1,0.09390612430113844,67
3611,5,7328,2771,4557,0,0,0,1.0,1,1.0,1,1.0,1,0.10073048173075419,67
3612,4,7332,2772,4560,0,0,0,1.0,1,1.0,1,1.0,1,0.13329704074551935,66
3613,5,7337,2773,4564,0,0,0,1.0,1,1.0,1,1.0,1,0.12780072826205288,66
3614,2,7339,2774,4565,0,0,0,1.0,1,1.0,1,1.0,1,0.12210220222792326,65
3615,1,7340,2774,4566,0,0,0,1.0,1,1.0,1,1.0,1,0.13446235069483353,65
3616,1,7341,2774,4567,0,0,0,1.0,1,1.0,1,1.0,1,0.12794360322306567,65
3617,6,7347,2775,4572,0,0,0,1.0,1,1.0,1,1.0,1,0.1080602683997862,66
3618,1,7348,2775,4573,0,0,0,1.0,1,1.0,1,1.0,1,0.09257332951729097,66
3619,1,7349,2776,4573,0,0,0,1.0,1,1.0,1,1.0,1,0.12358393090205955,65
3620,4,7353,2777,4576,0,0,0,1.0,1,1.0,1,1.0,1,0.14611392952196398,66
3621,3,7356,2777,4579,0,0,0,1.0,1,1.0,1,1.0,1,0.10430930141331729,65
3622,3,7359,2778,4581,0,0,0,1.0,1,1.0,1,1.0,1,0.09554605869409218,65
3623,1,7360,2779,4581,0,0,0,1.0,1,1.0,1,1.0,1,0.079889169548276,62
3624,4,7364,2782,4582,0,0,0,1.0,1,1.0,1,1.0,1,0.07802366180030514,62
3625,4,7368,2784,4584,0,0,0,1.0,1,1.0,1,1.0,1,0.0826354786826156,61
3626,4,7372,2788,4584,0,0,0,1.0,1,1.0,1,1.0,1,0.09034302325748125,58
3627,0,7372,2788,4584,0,0,0,1.0,1,1.0,1,1.0,1,0.09136882507812434,58
3628,3,7375,2790,4585,0,0,0,1.0,1,1.0,1,1.0,1,0.0735447988238148,57
3629,6,7381,2792,4589,0,0,0,1.0,1,1.0,1,1.0,1,0.1088807203459046,57
3630,3,7384,2794,4590,0,0,0,1.0,1,1.0,1,1.0,1,0.08574281700791082,56
3631,5,7389,2799,4590,0,0,0,1.0,1,1.0,1,1.0,1,0.12131436483310129,54
3632,2,7391,2799,4592,0,0,0,1.0,1,1.0,1,1.0,1,0.12675768362657902,52
3633,12,7403,2804,4599,0,0,0,1.0,1,1.0,1,1.0,1,0.12808055417037084,52
3634,5,7408,2805,4603,0,0,0,1.0,1,1.0,1,1.0,1,0.12285980769532702,49
3635,0,7408,2805,4603,0,0,0,1.0,1,1.0,1,1.0,1,0.16115916771882433,47
3636,1,7409,2805,4604,0,0,0,1.0,1,1.0,1,1.0,1,0.17406020639276176,48
3637,6,7415,2805,4610,0,0,0,1.0,1,1.0,1,1.0,1,0.1515932474622703,49
3638,3,7418,2806,4612,0,0,0,1.0,1,1.0,1,1.0,1,0.1629200037821485,50
3639,4,7422,2806,4616,0,0,0,1.0,1,1.0,1,1.0,1,0.14287295057029473,52
3640,8,7430,2808,4622,0,0,0,1.0,1,1.0,1,1.0,1,0.19559765490353032,52
3641,8,7438,2808,4630,0,0,0,1.0,1,1.0,1,1.0,1,0.1453286210458727,52
3642,2,7440,2808,4632,0,0,0,1.0,1,1.0,1,1.0,1,0.1453286210458727,52
3643,1,7441,2808,4633,0,0,0,1.0,1,1.0,1,1.0,1,0.13902358831239403,52
3644,2,7443,2808,4635,0,0,0,1.0,1,1.0,1,1.0,1,0.13939406506584948,52
3645,1,7444,2808,4636,0,0,0,1.0,1,1.0,1,1.0,1,0.10377842350932391,53
3646,0,7444,2808,4636,0,0,0,1.0,1,1.0,1,1.0,1,0.10377842350932391,53
3647,2,7446,2809,4637,0,0,0,1.0,1,1.0,1,1.0,1,0.13131556915674614,55
3648,1,7447,2809,4638,0,0,0,1.0,1,1.0,1,1.0,1,0.10729654050885576,57
3649,1,7448,2810,4638,0,0,0,1.0,1,1.0,1,1.0,1,0.11035177559633651,57
3650,2,7450,2810,4640,0,0,0,1.0,1,1.0,1,1.0,1,0.09440677953525814,59
3651,0,7450,2810,4640,0,0,0,1.0,1,1.0,1,1.0,1,0.09440677953525814,59
3652,0,7450,2810,4640,0,0,0,1.0,1,1.0,1,1.0,1,0.09440677953525814,59
3653,0,7450,2810,4640,0,0,0,1.0,1,1.0,1,1.0,1,0.09440677953525814,59
3654,0,7450,2810,4640,0,0,0,1.0,1,1.0,1,1.0,1,0.09440677953525814,59
3655,1,7451,2810,4641,0,0,0,1.0,1,1.0,1,1.0,1,0.0948854913067595,62
3656,0,7451,2810,4641,0,0,0,1.0,1,1.0,1,1.0,1,0.0948854913067595,62
3657,0,7451,2810,4641,0,0,0,1.0,1,1.0,1,1.0,1,0.10463753111245484,63
3658,3,7454,2811,4643,0,0,0,1.0,1,1.0,1,1.0,1,0.12392726399272863,63
3659,1,7455,2811,4644,0,0,0,1.0,1,1.0,1,1.0,1,0.10475205796744645,62
3660,3,7458,2814,4644,0,0,0,1.0,1,1.0,1,1.0,1,0.1538679926643836,62
3661,5,7463,2815,4648,0,0,0,1.0,1,1.0,1,1.0,1,0.11155760834783476,61
3662,2,7465,2817,4648,0,0,0,1.0,1,1.0,1,1.0,1,0.15904321192943197,60
3663,5,7470,2818,4652,0,0,0,1.0,1,1.0,1,1.0,1,0.12072304330899067,61
3664,1,7471,2818,4653,0,0,0,1.0,1,1.0,1,1.0,1,0.1270986487276606,58
3665,4,7475,2819,4656,0,0,0,1.0,1,1.0,1,1.0,1,0.10324926342049265,58
3666,2,7477,2820,4657,0,0,0,1.0,1,1.0,1,1.0,1,0.08422418480180911,58
3667,3,7480,2822,4658,0,0,0,1.0,1,1.0,1,1.0,1,0.07840806172661612,58
3668,3,7483,2823,4660,0,0,0,1.0,1,1.0,1,1.0,1,0.07495994483831317,58
3669,4,7487,2825,4662,0,0,0,1.0,1,1.0,1,1.0,1,0.07674364035248202,57
3670,2,7489,2826,4663,0,0,0,1.0,1,1.0,1,1.0,1,0.1110225264876761,56
3671,2,7491,2827,4664,0,0,0,1.0,1,1.0,1,1.0,1,0.14631114130711625,57
3672,4,7495,2828,4667,0,0,0,1.0,1,1.0,1,1.0,1,0.17437059273778152,57
3673,6,7501,2829,4672,0,0,0,1.0,1,1.0,1,1.0,1,0.11367810223675553,58
3674,1,7502,2829,4673,0,0,0,1.0,1,1.0,1,1.0,1,0.12130735398100113,57
3675,2,7504,2829,4675,0,0,0,1.0,1,1.0,1,1.0,1,0.1375791112875453,58
3676,3,7507,2830,4677,0,0,0,1.0,1,1.0,1,1.0,1,0.14628358417620638,59
3677,1,7508,2831,4677,0,0,0,1.0,1,1.0,1,1.0,1,0.15485658754862697,60
3678,3,7511,2831,4680,0,0,0,1.0,1,1.0,1,1.0,1,0.12912215653654333,62
3679,0,7511,2831,4680,0,0,0,1.0,1,1.0,1,1.0,1,0.12912215653654333,62
3680,0,7511,2831,4680,0,0,0,1.0,1,1.0,1,1.0,1,0.11272762567940225,63
3681,2,7513,2831,4682,0,0,0,1.0,1,1.0,1,1.0,1,0.10713124865124837,64
3682,0,7513,2831,4682,0,0,0,1.0,1,1.0,1,1.0,1,0.10713124865124837,64
3683,0,7513,2831,4682,0,0,0,1.0,1,1.0,1,1.0,1,0.10713124865124837,64
3684,1,7514,2832,4682,0,0,0,1.0,1,1.0,1,1.0,1,0.12984770050436378,64
3685,2,7516,2832,4684,0,0,0,1.0,1,1.0,1,1.0,1,0.11501463950029667,64
3686,0,7516,2832,4684,0,0,0,1.0,1,1.0,1,1.0,1,0.11428346505910551,65
3687,0,7516,2832,4684,0,0,0,1.0,1,1.0,1,1.0,1,0.11428346505910551,65
3688,1,7517,2832,4685,0,0,0,1.0,1,1.0,1,1.0,1,0.12293665224719609,66
3689,0,7517,2832,4685,0,0,0,1.0,1,1.0,1,1.0,1,0.12293665224719609,66
3690,3,7520,2832,4688,0,0,0,1.0,1,1.0,1,1.0,1,0.10478987248726868,67
3691,2,7522,2833,4689,0,0,0,1.0,1,1.0,1,1.0,1,0.09247190952122789,68
3692,0,7522,2833,4689,0,0,0,1.0,1,1.0,1,1.0,1,0.08957965819582736,69
3693,2,7524,2833,4691,0,0,0,1.0,1,1.0,1,1.0,1,0.07099738977177764,69
3694,0,7524,2833,4691,0,0,0,1.0,1,1.0,1,1.0,1,0.0790216752643743,70
3695,0,7524,2833,4691,0,0,0,1.0,1,1.0,1,1.0,1,0.0790216752643743,70
3696,0,7524,2833,4691,0,0,0,1.0,1,1.0,1,1.0,1,0.0709231826847544,71
3697,7,7531,2835,4696,0,0,0,1.0,1,1.0,1,1.0,1,0.09902597372665688,70
3698,0,7531,2835,4696,0,0,0,1.0,1,1.0,1,1.0,1,0.09508607645033945,70
3699,2,7533,2837,4696,0,0,0,1.0,1,1.0,1,1.0,1,0.11663911024989188,70
3700,10,7543,2841,4702,0,0,0,1.0,1,1.0,1,1.0,1,0.15746063754876005,68
3701,7,7550,2842,4708,0,0,0,1.0,1,1.0,1,1.0,1,0.13426329322213454,69
3702,0,7550,2842,4708,0,0,0,1.0,1,1.0,1,1.0,1,0.11826154168692538,69
3703,0,7550,2842,4708,0,0,0,1.0,1,1.0,1,1.0,1,0.1291956102041851,70
3704,2,7552,2844,4708,0,0,0,1.0,1,1.0,1,1.0,1,0.15853675307191534,69
3705,2,7554,2844,4710,0,0,0,1.0,1,1.0,1,1.0,1,0.11832877381493358,69
3706,5,7559,2846,4713,0,0,0,1.0,1,1.0,1,1.0,1,0.13260561240170146,69
3707,2,7561,2846,4715,0,0,0,1.0,1,1.0,1,1.0,1,0.10474919770841958,67
3708,0,7561,2846,4715,0,0,0,1.0,1,1.0,1,1.0,1,0.09112183712332908,67
3709,0,7561,2846,4715,0,0,0,1.0,1,1.0,1,1.0,1,0.09112183712332908,67
3710,0,7561,2846,4715,0,0,0,1.0,1,1.0,1,1.0,1,0.08943023585241716,67
3711,2,7563,2846,4717,0,0,0,1.0,1,1.0,1,1.0,1,0.07681107513551495,68
3712,0,7563,2846,4717,0,0,0,1.0,1,1.0,1,1.0,1,0.07681107513551495,68
3713,2,7565,2848,4717,0,0,0,1.0,1,1.0,1,1.0,1,0.09674462820266809,68
3714,0,7565,2848,4717,0,0,0,1.0,1,1.0,1,1.0,1,0.11111977062425095,67
3715,2,7567,2849,4718,0,0,0,1.0,1,1.0,1,1.0,1,0.1109111920838374,68
3716,0,7567,2849,4718,0,0,0,1.0,1,1.0,1,1.0,1,0.11844105897634476,67
3717,3,7570,2849,4721,0,0,0,1.0,1,1.0,1,1.0,1,0.11849004736597347,68
3718,1,7571,2849,4722,0,0,0,1.0,1,1.0,1,1.0,1,0.1153095610858929,68
3719,6,7577,2851,4726,0,0,0,1.0,1,1.0,1,1.0,1,0.16636685792519162,68
3720,2,7579,2851,4728,0,0,0,1.0,1,1.0,1,1.0,1,0.16636685792519162,68
3721,4,7583,2854,4729,0,0,0,1.0,1,1.0,1,1.0,1,0.12758825671621898,70
3722,1,7584,2854,4730,0,0,0,1.0,1,1.0,1,1.0,1,0.1260982611485251,71
3723,3,7587,2856,4731,0,0,0,1.0,1,1.0,1,1.0,1,0.1354928411384141,71
3724,2,7589,2856,4733,0,0,0,1.0,1,1.0,1,1.0,1,0.12582255137677564,72
3725,2,7591,2858,4733,0,0,0,1.0,1,1.0,1,1.0,1,0.14518708656884607,72
3726,2,7593,2858,4735,0,0,0,1.0,1,1.0,1,1.0,1,0.1309139789316751,71
3727,0,7593,2858,4735,0,0,0,1.0,1,1.0,1,1.0,1,0.1309139789316751,71
3728,2,7595,2858,4737,0,0,0,1.0,1,1.0,1,1.0,1,0.12419841739368044,70
3729,1,7596,2858,4738,0,0,0,1.0,1,1.0,1,1.0,1,0.11586600827069521,70
3730,2,7598,2859,4739,0,0,0,1.0,1,1.0,1,1.0,1,0.1428243845536748,71
3731,0,7598,2859,4739,0,0,0,1.0,1,1.0,1,1.0,1,0.1428243845536748,71
3732,0,7598,2859,4739,0,0,0,1.0,1,1.0,1,1.0,1,0.13678882092947592,72
3733,3,7601,2860,4741,0,0,0,1.0,1,1.0,1,1.0,1,0.14256671825336298,73
3734,3,7604,2861,4743,0,0,0,1.0,1,1.0,1,1.0,1,0.16123145926427687,74
3735,2,7606,2862,4744,0,0,0,1.0,1,1.0,1,1.0,1,0.15514654598626476,72
3736,1,7607,2862,4745,0,0,0,1.0,1,1.0,1,1.0,1,0.1367388997385138,72
3737,6,7613,2862,4751,0,0,0,1.0,1,1.0,1,1.0,1,0.08716458360100704,73
3738,1,7614,2862,4752,0,0,0,1.0,1,1.0,1,1.0,1,0.10357908138040421,72
3739,0,7614,2862,4752,0,0,0,1.0,1,1.0,1,1.0,1,0.10713267578816421,73
3740,0,7614,2862,4752,0,0,0,1.0,1,1.0,1,1.0,1,0.1299706374908869,70
3741,4,7618,2862,4756,0,0,0,1.0,1,1.0,1,1.0,1,0.08985816508987758,70
3742,1,7619,2863,4756,0,0,0,1.0,1,1.0,1,1.0,1,0.09804967038025031,70
3743,2,7621,2863,4758,0,0,0,1.0,1,1.0,1,1.0,1,0.10874499323199074,69
3744,6,7627,2867,4760,0,0,0,1.0,1,1.0,1,1.0,1,0.17361438271964053,69
3745,6,7633,2868,4765,0,0,0,1.0,1,1.0,1,1.0,1,0.09731596517137563,68
3746,3,7636,2868,4768,0,0,0,1.0,1,1.0,1,1.0,1,0.10922728683438793,66
3747,1,7637,2868,4769,0,0,0,1.0,1,1.0,1,1.0,1,0.10583089707037305,66
3748,1,7638,2868,4770,0,0,0,1.0,1,1.0,1,1.0,1,0.09776182354107972,65
3749,2,7640,2869,4771,0,0,0,1.0,1,1.0,1,1.0,1,0.09708049412128417,64
3750,0,7640,2869,4771,0,0,0,1.0,1,1.0,1,1.0,1,0.10759174251873103,63
3751,1,7641,2869,4772,0,0,0,1.0,1,1.0,1,1.0,1,0.08929894828816085,64
3752,2,7643,2871,4772,0,0,0,1.0,1,1.0,1,1.0,1,0.11292873556946216,64
3753,7,7650,2872,4778,0,0,0,1.0,1,1.0,1,1.0,1,0.06627334020096465,65
3754,6,7656,2876,4780,0,0,0,1.0,1,1.0,1,1.0,1,0.1073346349613581,65
3755,4,7660,2877,4783,0,0,0,1.0,1,1.0,1,1.0,1,0.12858359008604364,65
3756,6,7666,2878,4788,0,0,0,1.0,1,1.0,1,1.0,1,0.15069482099954803,65
3757,6,7672,2880,4792,0,0,0,1.0,1,1.0,1,1.0,1,0.10876612404358145,65
3758,0,7672,2880,4792,0,0,0,1.0,1,1.0,1,1.0,1,0.11417297748405117,64
3759,1,7673,2881,4792,0,0,0,1.0,1,1.0,1,1.0,1,0.11716203489622957,64
3760,1,7674,2881,4793,0,0,0,1.0,1,1.0,1,1.0,1,0.15562954792910924,63
3761,4,7678,2881,4797,0,0,0,1.0,1,1.0,1,1.0,1,0.11585271458602302,63
3762,2,7680,2881,4799,0,0,0,1.0,1,1.0,1,1.0,1,0.10512027798743595,65
3763,2,7682,2882,4800,0,0,0,1.0,1,1.0,1,1.0,1,0.11894931469484761,65
3764,1,7683,2882,4801,0,0,0,1.0,1,1.0,1,1.0,1,0.12139544285070608,66
3765,1,7684,2882,4802,0,0,0,1.0,1,1.0,1,1.0,1,0.12383728364978064,67
3766,3,7687,2883,4804,0,0,0,1.0,1,1.0,1,1.0,1,0.13872788021474805,67
3767,3,7690,2884,4806,0,0,0,1.0,1,1.0,1,1.0,1,0.12343618740328713,68
3768,4,7694,2886,4808,0,0,0,1.0,1,1.0,1,1.0,1,0.16758621034112087,67
3769,3,7697,2886,4811,0,0,0,1.0,1,1.0,1,1.0,1,0.13704708376006627,69
3770,0,7697,2886,4811,0,0,0,1.0,1,1.0,1,1.0,1,0.13704708376006627,69
3771,2,7699,2886,4813,0,0,0,1.0,1,1.0,1,1.0,1,0.12610949961499435,69
3772,1,7700,2886,4814,0,0,0,1.0,1,1.0,1,1.0,1,0.1301151809312928,70
3773,3,7703,2886,4817,0,0,0,1.0,1,1.0,1,1.0,1,0.11453929352589548,68
3774,0,7703,2886,4817,0,0,0,1.0,1,1.0,1,1.0,1,0.12096507480595828,68
3775,2,7705,2887,4818,0,0,0,1.0,1,1.0,1,1.0,1,0.147098085896488,68
3776,1,7706,2888,4818,0,0,0,1.0,1,1.0,1,1.0,1,0.15757590836894114,66
3777,4,7710,2889,4821,0,0,0,1.0,1,1.0,1,1.0,1,0.11469763840627799,65
3778,1,7711,2889,4822,0,0,0,1.0,1,1.0,1,1.0,1,0.10124244956286604,65
3779,3,7714,2891,4823,0,0,0,1.0,1,1.0,1,1.0,1,0.11202848479708005,65
3780,2,7716,2892,4824,0,0,0,1.0,1,1.0,1,1.0,1,0.11449539827397907,64
3781,2,7718,2892,4826,0,0,0,1.0,1,1.0,1,1.0,1,0.08846669744986835,64
3782,1,7719,2892,4827,0,0,0,1.0,1,1.0,1,1.0,1,0.08472026359155534,67
3783,2,7721,2894,4827,0,0,0,1.0,1,1.0,1,1.0,1,0.09426348708241317,65
3784,0,7721,2894,4827,0,0,0,1.0,1,1.0,1,1.0,1,0.09411809365335613,65
3785,4,7725,2895,4830,0,0,0,1.0,1,1.0,1,1.0,1,0.09875010916432779,63
3786,1,7726,2895,4831,0,0,0,1.0,1,1.0,1,1.0,1,0.10299238092099662,66
3787,3,7729,2896,4833,0,0,0,1.0,1,1.0,1,1.0,1,0.09471031489713852,65
3788,3,7732,2897,4835,0,0,0,1.0,1,1.0,1,1.0,1,0.08717239392786617,65
3789,3,7735,2898,4837,0,0,0,1.0,1,1.0,1,1.0,1,0.09081981208325983,65
3790,4,7739,2899,4840,0,0,0,1.0,1,1.0,1,1.0,1,0.12140328305302996,64
3791,4,7743,2900,4843,0,0,0,1.0,1,1.0,1,1.0,1,0.15295791862837552,64
3792,5,7748,2901,4847,0,0,0,1.0,1,1.0,1,1.0,1,0.16234990958575685,65
3793,6,7754,2902,4852,0,0,0,1.0,1,1.0,1,1.0,1,0.12212048926542139,68
3794,2,7756,2903,4853,0,0,0,1.0,1,1.0,1,1.0,1,0.14828885834275252,68
3795,3,7759,2904,4855,0,0,0,1.0,1,1.0,1,1.0,1,0.15905047445154336,69
3796,1,7760,2904,4856,0,0,0,1.0,1,1.0,1,1.0,1,0.15686628575614545,69
3797,2,7762,2904,4858,0,0,0,1.0,1,1.0,1,1.0,1,0.1561489177685692,70
3798,3,7765,2904,4861,0,0,0,1.0,1,1.0,1,1.0,1,0.1357807464173797,70
3799,1,7766,2904,4862,0,0,0,1.0,1,1.0,1,1.0,1,0.14092067795567703,69
3800,1,7767,2904,4863,0,0,0,1.0,1,1.0,1,1.0,1,0.133811079845496,69
3801,1,7768,2904,4864,0,0,0,1.0,1,1.0,1,1.0,1,0.13389437783463198,67
3802,0,7768,2904,4864,0,0,0,1.0,1,1.0,1,1.0,1,0.13389437783463198,67
3803,2,7770,2904,4866,0,0,0,1.0,1,1.0,1,1.0,1,0.1286456028802434,69
3804,1,7771,2904,4867,0,0,0,1.0,1,1.0,1,1.0,1,0.11673986919097065,70
3805,3,7774,2904,4870,0,0,0,1.0,1,1.0,1,1.0,1,0.10393592991015684,71
3806,1,7775,2905,4870,0,0,0,1.0,1,1.0,1,1.0,1,0.10195806082804254,71
3807,1,7776,2906,4870,0,0,0,1.0,1,1.0,1,1.0,1,0.1138476328959698,72
3808,0,7776,2906,4870,0,0,0,1.0,1,1.0,1,1.0,1,0.1138476328959698,72
3809,3,7779,2907,4872,0,0,0,1.0,1,1.0,1,1.0,1,0.11240239911829472,72
3810,1,7780,2908,4872,0,0,0,1.0,1,1.0,1,1.0,1,0.12481067011105221,72
3811,0,7780,2908,4872,0,0,0,1.0,1,1.0,1,1.0,1,0.12781462339084151,71
3812,0,7780,2908,4872,0,0,0,1.0,1,1.0,1,1.0,1,0.1296894380756692,72
3813,5,7785,2909,4876,0,0,0,1.0,1,1.0,1,1.0,1,0.14256332115870482,71
3814,4,7789,2911,4878,0,0,0,1.0,1,1.0,1,1.0,1,0.17158656510075976,72
3815,3,7792,2912,4880,0,0,0,1.0,1,1.0,1,1.0,1,0.1594470711782508,71
3816,0,7792,2912,4880,0,0,0,1.0,1,1.0,1,1.0,1,0.14442059424142994,69
3817,5,7797,2912,4885,0,0,0,1.0,1,1.0,1,1.0,1,0.1382631298435323,72
3818,1,7798,2912,4886,0,0,0,1.0,1,1.0,1,1.0,1,0.1238098623368819,72
3819,1,7799,2913,4886,0,0,0,1.0,1,1.0,1,1.0,1,0.1331708895957263,72
3820,1,7800,2914,4886,0,0,0,1.0,1,1.0,1,1.0,1,0.15714491866212368,72
3821,3,7803,2916,4887,0,0,0,1.0,1,1.0,1,1.0,1,0.19234836006925776,72
3822,2,7805,2917,4888,0,0,0,1.0,1,1.0,1,1.0,1,0.17119001559865993,69
3823,2,7807,2919,4888,0,0,0,1.0,1,1.0,1,1.0,1,0.16835750864961432,69
3824,3,7810,2920,4890,0,0,0,1.0,1,1.0,1,1.0,1,0.17733660016597896,65
3825,3,7813,2920,4893,0,0,0,1.0,1,1.0,1,1.0,1,0.1470738842119869,64
3826,2,7815,2920,4895,0,0,0,1.0,1,1.0,1,1.0,1,0.15842399371141969,65
3827,4,7819,2921,4898,0,0,0,1.0,1,1.0,1,1.0,1,0.16075029732979132,64
3828,2,7821,2921,4900,0,0,0,1.0,1,1.0,1,1.0,1,0.1476720552563555,65
3829,4,7825,2923,4902,0,0,0,1.0,1,1.0,1,1.0,1,0.14278322697022494,65
3830,1,7826,2923,4903,0,0,0,1.0,1,1.0,1,1.0,1,0.1355564469068264,64
3831,5,7831,2926,4905,0,0,0,1.0,1,1.0,1,1.0,1,0.15027019957643764,63
3832,5,7836,2927,4909,0,0,0,1.0,1,1.0,1,1.0,1,0.15648851696411814,64
3833,3,7839,2927,4912,0,0,0,1.0,1,1.0,1,1.0,1,0.1150572949704339,64
3834,2,7841,2929,4912,0,0,0,1.0,1,1.0,1,1.0,1,0.15030359704659027,63
3835,1,7842,2930,4912,0,0,0,1.0,1,1.0,1,1.0,1,0.1606586867081389,63
3836,3,7845,2933,4912,0,0,0,1.0,1,1.0,1,1.0,1,0.1979307908453841,63
3837,7,7852,2935,4917,0,0,0,1.0,1,1.0,1,1.0,1,0.16393725027191225,62
3838,4,7856,2936,4920,0,0,0,1.0,1,1.0,1,1.0,1,0.16816318635234112,62
3839,5,7861,2937,4924,0,0,0,1.0,1,1.0,1,1.0,1,0.21478230392429964,60
3840,6,7867,2938,4929,0,0,0,1.0,1,1.0,1,1.0,1,0.22825344365865838,62
3841,8,7875,2939,4936,0,0,0,1.0,1,1.0,1,1.0,1,0.20492937990729299,62
3842,2,7877,2939,4938,0,0,0,1.0,1,1.0,1,1.0,1,0.18047442945468892,63
3843,0,7877,2939,4938,0,0,0,1.0,1,1.0,1,1.0,1,0.18093672032105362,64
3844,5,7882,2939,4943,0,0,0,1.0,1,1.0,1,1.0,1,0.16528894901279337,65
3845,3,7885,2939,4946,0,0,0,1.0,1,1.0,1,1.0,1,0.1337441436410293,66
3846,1,7886,2939,4947,0,0,0,1.0,1,1.0,1,1.0,1,0.14758539804999038,67
3847,1,7887,2939,4948,0,0,0,1.0,1,1.0,1,1.0,1,0.1389139118654122,67
3848,1,7888,2940,4948,0,0,0,1.0,1,1.0,1,1.0,1,0.13501460183317346,67
3849,6,7894,2941,4953,0,0,0,1.0,1,1.0,1,1.0,1,0.13501287290352726,67
3850,6,7900,2944,4956,0,0,0,1.0,1,1.0,1,1.0,1,0.1430381793806872,68
3851,3,7903,2944,4959,0,0,0,1.0,1,1.0,1,1.0,1,0.13469984112164743,68
3852,7,7910,2945,4965,0,0,0,1.0,1,1.0,1,1.0,1,0.13011127931057842,70
3853,2,7912,2945,4967,0,0,0,1.0,1,1.0,1,1.0,1,0.11791571205902232,70
3854,2,7914,2945,4969,0,0,0,1.0,1,1.0,1,1.0,1,0.10599138797374692,70
3855,0,7914,2945,4969,0,0,0,1.0,1,1.0,1,1.0,1,0.11293228078381418,69
3856,0,7914,2945,4969,0,0,0,1.0,1,1.0,1,1.0,1,0.11944256292393081,70
3857,3,7917,2947,4970,0,0,0,1.0,1,1.0,1,1.0,1,0.14534577664969103,68
3858,3,7920,2949,4971,0,0,0,1.0,1,1.0,1,1.0,1,0.15776296126167735,67
3859,1,7921,2949,4972,0,0,0,1.0,1,1.0,1,1.0,1,0.1635464423833118,66
3860,2,7923,2949,4974,0,0,0,1.0,1,1.0,1,1.0,1,0.15539785997653788,66
3861,4,7927,2950,4977,0,0,0,1.0,1,1.0,1,1.0,1,0.14589590351009624,66
3862,4,7931,2952,4979,0,0,0,1.0,1,1.0,1,1.0,1,0.1539402347586954,66
3863,1,7932,2952,4980,0,0,0,1.0,1,1.0,1,1.0,1,0.14045742006526507,63
3864,1,7933,2953,4980,0,0,0,1.0,1,1.0,1,1.0,1,0.13467339523500668,63
3865,1,7934,2953,4981,0,0,0,1.0,1,1.0,1,1.0,1,0.13136662380690287,61
3866,1,7935,2954,4981,0,0,0,1.0,1,1.0,1,1.0,1,0.12571696176092467,61
3867,2,7937,2956,4981,0,0,0,1.0,1,1.0,1,1.0,1,0.1254663804088748,60
3868,2,7939,2958,4981,0,0,0,1.0,1,1.0,1,1.0,1,0.14156321700907876,59
3869,4,7943,2959,4984,0,0,0,1.0,1,1.0,1,1.0,1,0.11363161323480775,61
3870,3,7946,2959,4987,0,0,0,1.0,1,1.0,1,1.0,1,0.09590544892657538,61
3871,2,7948,2959,4989,0,0,0,1.0,1,1.0,1,1.0,1,0.10898706230963882,64
3872,1,7949,2959,4990,0,0,0,1.0,1,1.0,1,1.0,1,0.09694061420534351,63
3873,3,7952,2959,4993,0,0,0,1.0,1,1.0,1,1.0,1,0.08069705008707577,62
3874,1,7953,2960,4993,0,0,0,1.0,1,1.0,1,1.0,1,0.10349332193019706,63
3875,1,7954,2961,4993,0,0,0,1.0,1,1.0,1,1.0,1,0.08561275363516185,61
3876,0,7954,2961,4993,0,0,0,1.0,1,1.0,1,1.0,1,0.08383358501424976,62
3877,1,7955,2961,4994,0,0,0,1.0,1,1.0,1,1.0,1,0.09150777441069721,63
3878,0,7955,2961,4994,0,0,0,1.0,1,1.0,1,1.0,1,0.09150777441069721,63
3879,1,7956,2962,4994,0,0,0,1.0,1,1.0,1,1.0,1,0.10257554071509033,63
3880,1,7957,2963,4994,0,0,0,1.0,1,1.0,1,1.0,1,0.11208130597498947,65
3881,2,7959,2964,4995,0,0,0,1.0,1,1.0,1,1.0,1,0.11326741806679691,65
3882,3,7962,2965,4997,0,0,0,1.0,1,1.0,1,1.0,1,0.10718837727376167,66
3883,0,7962,2965,4997,0,0,0,1.0,1,1.0,1,1.0,1,0.10718837727376167,66
3884,0,7962,2965,4997,0,0,0,1.0,1,1.0,1,1.0,1,0.10718837727376167,66
3885,5,7967,2969,4998,0,0,0,1.0,1,1.0,1,1.0,1,0.1330675974418346,66
3886,3,7970,2971,4999,0,0,0,1.0,1,1.0,1,1.0,1,0.14992086948661182,65
3887,1,7971,2971,5000,0,0,0,1.0,1,1.0,1,1.0,1,0.12403954777893834,65
3888,0,7971,2971,5000,0,0,0,1.0,1,1.0,1,1.0,1,0.13648541561139854,66
3889,3,7974,2971,5003,0,0,0,1.0,1,1.0,1,1.0,1,0.10704320247285222,64
3890,1,7975,2972,5003,0,0,0,1.0,1,1.0,1,1.0,1,0.1121935864824363,63
3891,2,7977,2972,5005,0,0,0,1.0,1,1.0,1,1.0,1,0.1003841197676628,66
3892,5,7982,2972,5010,0,0,0,1.0,1,1.0,1,1.0,1,0.07732856130828093,67
3893,2,7984,2972,5012,0,0,0,1.0,1,1.0,1,1.0,1,0.06809674272450789,66
3894,0,7984,2972,5012,0,0,0,1.0,1,1.0,1,1.0,1,0.08255098989258867,67
3895,0,7984,2972,5012,0,0,0,1.0,1,1.0,1,1.0,1,0.09224591381628539,66
3896,0,7984,2972,5012,0,0,0,1.0,1,1.0,1,1.0,1,0.09224591381628539,66
3897,1,7985,2973,5012,0,0,0,1.0,1,1.0,1,1.0,1,0.10373329071795417,65
3898,5,7990,2977,5013,0,0,0,1.0,1,1.0,1,1.0,1,0.15278278410798563,65
3899,2,7992,2979,5013,0,0,0,1.0,1,1.0,1,1.0,1,0.16026602530692982,64
3900,3,7995,2980,5015,0,0,0,1.0,1,1.0,1,1.0,1,0.15323321580309565,63
3901,6,8001,2982,5019,0,0,0,1.0,1,1.0,1,1.0,1,0.1487202988120005,63
3902,2,8003,2982,5021,0,0,0,1.0,1,1.0,1,1.0,1,0.14446501576784582,64
3903,2,8005,2984,5021,0,0,0,1.0,1,1.0,1,1.0,1,0.13249921112915763,64
3904,1,8006,2985,5021,0,0,0,1.0,1,1.0,1,1.0,1,0.1352717344614819,63
3905,2,8008,2985,5023,0,0,0,1.0,1,1.0,1,1.0,1,0.11663386020179087,63
3906,3,8011,2988,5023,0,0,0,1.0,1,1.0,1,1.0,1,0.12230770133606426,64
3907,4,8015,2989,5026,0,0,0,1.0,1,1.0,1,1.0,1,0.1243932109172283,64
3908,2,8017,2989,5028,0,0,0,1.0,1,1.0,1,1.0,1,0.1080082002244413,63
3909,2,8019,2989,5030,0,0,0,1.0,1,1.0,1,1.0,1,0.10457596007766351,62
3910,2,8021,2989,5032,0,0,0,1.0,1,1.0,1,1.0,1,0.10765332931713828,62
3911,6,8027,2992,5035,0,0,0,1.0,1,1.0,1,1.0,1,0.15044319958213723,64
3912,8,8035,2993,5042,0,0,0,1.0,1,1.0,1,1.0,1,0.13730020910544066,64
3913,2,8037,2993,5044,0,0,0,1.0,1,1.0,1,1.0,1,0.1179760411839648,65
3914,2,8039,2993,5046,0,0,0,1.0,1,1.0,1,1.0,1,0.10376033287715856,65
3915,0,8039,2993,5046,0,0,0,1.0,1,1.0,1,1.0,1,0.09441553482886725,66
3916,0,8039,2993,5046,0,0,0,1.0,1,1.0,1,1.0,1,0.09441553482886725,66
3917,0,8039,2993,5046,0,0,0,1.0,1,1.0,1,1.0,1,0.09441553482886725,66
3918,0,8039,2993,5046,0,0,0,1.0,1,1.0,1,1.0,1,0.09625768486883314,67
3919,1,8040,2994,5046,0,0,0,1.0,1,1.0,1,1.0,1,0.11200326192321079,68
3920,2,8042,2995,5047,0,0,0,1.0,1,1.0,1,1.0,1,0.09549030754592684,69
3921,4,8046,2996,5050,0,0,0,1.0,1,1.0,1,1.0,1,0.0944601394446889,68
3922,3,8049,2999,5050,0,0,0,1.0,1,1.0,1,1.0,1,0.13369915989494055,68
3923,1,8050,2999,5051,0,0,0,1.0,1,1.0,1,1.0,1,0.136437566453293,69
3924,1,8051,3000,5051,0,0,0,1.0,1,1.0,1,1.0,1,0.14867546097231576,69
3925,3,8054,3002,5052,0,0,0,1.0,1,1.0,1,1.0,1,0.13820102016324007,67
3926,3,8057,3003,5054,0,0,0,1.0,1,1.0,1,1.0,1,0.14240829155224738,67
3927,1,8058,3003,5055,0,0,0,1.0,1,1.0,1,1.0,1,0.1551397506308846,65
3928,1,8059,3004,5055,0,0,0,1.0,1,1.0,1,1.0,1,0.17568732081478844,65
3929,3,8062,3005,5057,0,0,0,1.0,1,1.0,1,1.0,1,0.15331667440557867,64
3930,1,8063,3005,5058,0,0,0,1.0,1,1.0,1,1.0,1,0.15859410582165223,64
3931,0,8063,3005,5058,0,0,0,1.0,1,1.0,1,1.0,1,0.170873603430057,62
3932,0,8063,3005,5058,0,0,0,1.0,1,1.0,1,1.0,1,0.170873603430057,62
3933,4,8067,3005,5062,0,0,0,1.0,1,1.0,1,1.0,1,0.13132084688354734,62
3934,0,8067,3005,5062,0,0,0,1.0,1,1.0,1,1.0,1,0.13032502638665894,61
3935,2,8069,3005,5064,0,0,0,1.0,1,1.0,1,1.0,1,0.13625648201581136,64
3936,0,8069,3005,5064,0,0,0,1.0,1,1.0,1,1.0,1,0.14554590791077718,65
3937,1,8070,3005,5065,0,0,0,1.0,1,1.0,1,1.0,1,0.14676839929928157,66
3938,3,8073,3007,5066,0,0,0,1.0,1,1.0,1,1.0,1,0.16211060348457132,66
3939,0,8073,3007,5066,0,0,0,1.0,1,1.0,1,1.0,1,0.15867164463065603,67
3940,2,8075,3007,5068,0,0,0,1.0,1,1.0,1,1.0,1,0.12864845818292223,69
3941,3,8078,3007,5071,0,0,0,1.0,1,1.0,1,1.0,1,0.08942382971495604,69
3942,0,8078,3007,5071,0,0,0,1.0,1,1.0,1,1.0,1,0.08942382971495604,69
3943,3,8081,3009,5072,0,0,0,1.0,1,1.0,1,1.0,1,0.10386223946775013,68
3944,0,8081,3009,5072,0,0,0,1.0,1,1.0,1,1.0,1,0.11868021139325582,68
3945,7,8088,3014,5074,0,0,0,1.0,1,1.0,1,1.0,1,0.14165719587864375,67
3946,6,8094,3016,5078,0,0,0,1.0,1,1.0,1,1.0,1,0.15447120397723002,67
3947,3,8097,3016,5081,0,0,0,1.0,1,1.0,1,1.0,1,0.1525162199521273,66
3948,2,8099,3017,5082,0,0,0,1.0,1,1.0,1,1.0,1,0.1483740492710172,67
3949,6,8105,3019,5086,0,0,0,1.0,1,1.0,1,1.0,1,0.1782647589696768,66
3950,4,8109,3020,5089,0,0,0,1.0,1,1.0,1,1.0,1,0.19840519405627485,65
3951,5,8114,3020,5094,0,0,0,1.0,1,1.0,1,1.0,1,0.18007942132979363,65
3952,4,8118,3022,5096,0,0,0,1.0,1,1.0,1,1.0,1,0.1722766059728157,65
3953,5,8123,3023,5100,0,0,0,1.0,1,1.0,1,1.0,1,0.14275204470266611,65
3954,2,8125,3024,5101,0,0,0,1.0,1,1.0,1,1.0,1,0.1464289695496252,64
3955,0,8125,3024,5101,0,0,0,1.0,1,1.0,1,1.0,1,0.1686386967663711,64
3956,2,8127,3024,5103,0,0,0,1.0,1,1.0,1,1.0,1,0.16035984507957707,63
3957,2,8129,3025,5104,0,0,0,1.0,1,1.0,1,1.0,1,0.14096483004996865,63
3958,0,8129,3025,5104,0,0,0,1.0,1,1.0,1,1.0,1,0.15908331502174436,63
3959,1,8130,3026,5104,0,0,0,1.0,1,1.0,1,1.0,1,0.15786059144492245,62
3960,0,8130,3026,5104,0,0,0,1.0,1,1.0,1,1.0,1,0.15786059144492245,62
3961,5,8135,3028,5107,0,0,0,1.0,1,1.0,1,1.0,1,0.1311598742999161,64
3962,0,8135,3028,5107,0,0,0,1.0,1,1.0,1,1.0,1,0.1311598742999161,64
3963,3,8138,3029,5109,0,0,0,1.0,1,1.0,1,1.0,1,0.12672111519758314,62
3964,4,8142,3032,5110,0,0,0,1.0,1,1.0,1,1.0,1,0.1575464326679476,63
3965,1,8143,3032,5111,0,0,0,1.0,1,1.0,1,1.0,1,0.13971171325999443,63
3966,2,8145,3033,5112,0,0,0,1.0,1,1.0,1,1.0,1,0.1453283091520454,62
3967,3,8148,3033,5115,0,0,0,1.0,1,1.0,1,1.0,1,0.13673382431661696,64
3968,2,8150,3034,5116,0,0,0,1.0,1,1.0,1,1.0,1,0.14179108965868448,63
3969,4,8154,3035,5119,0,0,0,1.0,1,1.0,1,1.0,1,0.13597187947104794,63
3970,3,8157,3035,5122,0,0,0,1.0,1,1.0,1,1.0,1,0.11276756722981104,65
3971,1,8158,3035,5123,0,0,0,1.0,1,1.0,1,1.0,1,0.11228581467898993,65
3972,4,8162,3036,5126,0,0,0,1.0,1,1.0,1,1.0,1,0.10400722250457849,66
3973,0,8162,3036,5126,0,0,0,1.0,1,1.0,1,1.0,1,0.10400722250457849,66
3974,2,8164,3038,5126,0,0,0,1.0,1,1.0,1,1.0,1,0.1313989731033881,66
3975,1,8165,3039,5126,0,0,0,1.0,1,1.0,1,1.0,1,0.12814213278240486,66
3976,5,8170,3042,5128,0,0,0,1.0,1,1.0,1,1.0,1,0.1558561240839737,66
3977,4,8174,3043,5131,0,0,0,1.0,1,1.0,1,1.0,1,0.11595545792264124,64
3978,1,8175,3044,5131,0,0,0,1.0,1,1.0,1,1.0,1,0.1465564095131476,63
3979,1,8176,3044,5132,0,0,0,1.0,1,1.0,1,1.0,1,0.15510634845020663,63
3980,1,8177,3045,5132,0,0,0,1.0,1,1.0,1,1.0,1,0.1532971414670974,63
3981,5,8182,3046,5136,0,0,0,1.0,1,1.0,1,1.0,1,0.12964001564843003,64
3982,0,8182,3046,5136,0,0,0,1.0,1,1.0,1,1.0,1,0.12846519416988275,65
3983,4,8186,3048,5138,0,0,0,1.0,1,1.0,1,1.0,1,0.1108585954900195,64
3984,3,8189,3050,5139,0,0,0,1.0,1,1.0,1,1.0,1,0.10999438678124243,65
3985,4,8193,3052,5141,0,0,0,1.0,1,1.0,1,1.0,1,0.1009246414654062,64
3986,0,8193,3052,5141,0,0,0,1.0,1,1.0,1,1.0,1,0.10231168286074893,63
3987,2,8195,3053,5142,0,0,0,1.0,1,1.0,1,1.0,1,0.12783905025597048,63
3988,3,8198,3055,5143,0,0,0,1.0,1,1.0,1,1.0,1,0.16798766858951386,63
3989,7,8205,3056,5149,0,0,0,1.0,1,1.0,1,1.0,1,0.13286113909029412,63
3990,0,8205,3056,5149,0,0,0,1.0,1,1.0,1,1.0,1,0.1479793848528563,62
3991,1,8206,3056,5150,0,0,0,1.0,1,1.0,1,1.0,1,0.13157525511661902,62
3992,1,8207,3056,5151,0,0,0,1.0,1,1.0,1,1.0,1,0.11835438178982705,65
3993,3,8210,3057,5153,0,0,0,1.0,1,1.0,1,1.0,1,0.11457308753085185,65
3994,0,8210,3057,5153,0,0,0,1.0,1,1.0,1,1.0,1,0.12011998793277441,64
3995,2,8212,3057,5155,0,0,0,1.0,1,1.0,1,1.0,1,0.08365114352300021,64
3996,2,8214,3057,5157,0,0,0,1.0,1,1.0,1,1.0,1,0.09410110006140052,67
3997,2,8216,3057,5159,0,0,0,1.0,1,1.0,1,1.0,1,0.09160122570713963,69
3998,2,8218,3058,5160,0,0,0,1.0,1,1.0,1,1.0,1,0.09424518101240545,69
3999,0,8218,3058,5160,0,0,0,1.0,1,1.0,1,1.0,1,0.09424518101240545,69
4000,2,8220,3058,5162,0,0,0,1.0,1,1.0,1,1.0,1,0.0980069578654453,69
4001,2,8222,3058,5164,0,0,0,1.0,1,1.0,1,1.0,1,0.08158042586757383,68
4002,4,8226,3060,5166,0,0,0,1.0,1,1.0,1,1.0,1,0.11104431124794906,68
4003,6,8232,3061,5171,0,0,0,1.0,1,1.0,1,1.0,1,0.137257955846041,68
4004,3,8235,3063,5172,0,0,0,1.0,1,1.0,1,1.0,1,0.14278394647119946,67
4005,3,8238,3063,5175,0,0,0,1.0,1,1.0,1,1.0,1,0.10269359750536258,67
4006,3,8241,3066,5175,0,0,0,1.0,1,1.0,1,1.0,1,0.12366765297198015,67
4007,2,8243,3067,5176,0,0,0,1.0,1,1.0,1,1.0,1,0.1263489558933688,67
4008,4,8247,3068,5179,0,0,0,1.0,1,1.0,1,1.0,1,0.11247184988677485,67
4009,2,8249,3068,5181,0,0,0,1.0,1,1.0,1,1.0,1,0.0913581315601459,67
4010,1,8250,3068,5182,0,0,0,1.0,1,1.0,1,1.0,1,0.111826436593041,66
4011,1,8251,3069,5182,0,0,0,1.0,1,1.0,1,1.0,1,0.1223908257889972,66
4012,2,8253,3070,5183,0,0,0,1.0,1,1.0,1,1.0,1,0.15198357356731812,66
4013,2,8255,3070,5185,0,0,0,1.0,1,1.0,1,1.0,1,0.12826816450930936,66
4014,4,8259,3073,5186,0,0,0,1.0,1,1.0,1,1.0,1,0.12670272881050898,66
4015,0,8259,3073,5186,0,0,0,1.0,1,1.0,1,1.0,1,0.14800993836192777,64
4016,0,8259,3073,5186,0,0,0,1.0,1,1.0,1,1.0,1,0.17867483787572339,64
4017,2,8261,3073,5188,0,0,0,1.0,1,1.0,1,1.0,1,0.14501027022962432,66
4018,2,8263,3073,5190,0,0,0,1.0,1,1.0,1,1.0,1,0.1683944371074403,67
4019,1,8264,3074,5190,0,0,0,1.0,1,1.0,1,1.0,1,0.1819408305551955,67
4020,0,8264,3074,5190,0,0,0,1.0,1,1.0,1,1.0,1,0.20277721640655982,66
4021,7,8271,3076,5195,0,0,0,1.0,1,1.0,1,1.0,1,0.177377591565425,66
4022,2,8273,3076,5197,0,0,0,1.0,1,1.0,1,1.0,1,0.177377591565425,66
4023,5,8278,3078,5200,0,0,0,1.0,1,1.0,1,1.0,1,0.17933988079337654,66
4024,3,8281,3079,5202,0,0,0,1.0,1,1.0,1,1.0,1,0.18570759737083528,66
4025,6,8287,3080,5207,0,0,0,1.0,1,1.0,1,1.0,1,0.13469406462169103,66
4026,3,8290,3082,5208,0,0,0,1.0,1,1.0,1,1.0,1,0.15509149874152617,66
4027,1,8291,3083,5208,0,0,0,1.0,1,1.0,1,1.0,1,0.13631583864449345,64
4028,7,8298,3087,5211,0,0,0,1.0,1,1.0,1,1.0,1,0.15149182716773174,63
4029,2,8300,3088,5212,0,0,0,1.0,1,1.0,1,1.0,1,0.13953545244904225,62
4030,1,8301,3088,5213,0,0,0,1.0,1,1.0,1,1.0,1,0.13536987882434465,63
4031,2,8303,3089,5214,0,0,0,1.0,1,1.0,1,1.0,1,0.13718457817869992,62
4032,3,8306,3092,5214,0,0,0,1.0,1,1.0,1,1.0,1,0.17745374920990023,62
4033,4,8310,3093,5217,0,0,0,1.0,1,1.0,1,1.0,1,0.1585788476484184,61
4034,4,8314,3096,5218,0,0,0,1.0,1,1.0,1,1.0,1,0.15380431139105671,60
4035,3,8317,3097,5220,0,0,0,1.0,1,1.0,1,1.0,1,0.15263791416058559,59
4036,1,8318,3097,5221,0,0,0,1.0,1,1.0,1,1.0,1,0.14102415453353206,58
4037,2,8320,3099,5221,0,0,0,1.0,1,1.0,1,1.0,1,0.14009455994559514,59
4038,2,8322,3100,5222,0,0,0,1.0,1,1.0,1,1.0,1,0.1429466394093333,58
4039,2,8324,3102,5222,0,0,0,1.0,1,1.0,1,1.0,1,0.18688994212523732,56
4040,0,8324,3102,5222,0,0,0,1.0,1,1.0,1,1.0,1,0.2073940708216365,55
4041,3,8327,3103,5224,0,0,0,1.0,1,1.0,1,1.0,1,0.19531333763459913,54
4042,1,8328,3104,5224,0,0,0,1.0,1,1.0,1,1.0,1,0.20546846025818988,56
4043,4,8332,3106,5226,0,0,0,1.0,1,1.0,1,1.0,1,0.23571204575560004,56
4044,4,8336,3107,5229,0,0,0,1.0,1,1.0,1,1.0,1,0.2727595938451608,56
4045,6,8342,3109,5233,0,0,0,1.0,1,1.0,1,1.0,1,0.24623005737125855,57
4046,2,8344,3109,5235,0,0,0,1.0,1,1.0,1,1.0,1,0.2661993942579753,59
4047,4,8348,3110,5238,0,0,0,1.0,1,1.0,1,1.0,1,0.27242973101963586,59
4048,1,8349,3110,5239,0,0,0,1.0,1,1.0,1,1.0,1,0.26316986270583315,59
4049,1,8350,3110,5240,0,0,0,1.0,1,1.0,1,1.0,1,0.23347472147923473,60
4050,1,8351,3110,5241,0,0,0,1.0,1,1.0,1,1.0,1,0.22847134606106667,60
4051,1,8352,3110,5242,0,0,0,1.0,1,1.0,1,1.0,1,0.22880208353952564,60
4052,0,8352,3110,5242,0,0,0,1.0,1,1.0,1,1.0,1,0.22880208353952564,60
4053,1,8353,3110,5243,0,0,0,1.0,1,1.0,1,1.0,1,0.21448828390512914,60
4054,2,8355,3111,5244,0,0,0,1.0,1,1.0,1,1.0,1,0.20373984131170478,61
4055,0,8355,3111,5244,0,0,0,1.0,1,1.0,1,1.0,1,0.20373984131170478,61
4056,2,8357,3111,5246,0,0,0,1.0,1,1.0,1,1.0,1,0.198461051593534,62
4057,0,8357,3111,5246,0,0,0,1.0,1,1.0,1,1.0,1,0.2008369536678947,63
4058,1,8358,3111,5247,0,0,0,1.0,1,1.0,1,1.0,1,0.21143339885698156,64
4059,0,8358,3111,5247,0,0,0,1.0,1,1.0,1,1.0,1,0.22800396672801473,63
4060,0,8358,3111,5247,0,0,0,1.0,1,1.0,1,1.0,1,0.22800396672801473,63
4061,0,8358,3111,5247,0,0,0,1.0,1,1.0,1,1.0,1,0.23183545447581397,63
4062,2,8360,3113,5247,0,0,0,1.0,1,1.0,1,1.0,1,0.24444180804360527,65
4063,2,8362,3113,5249,0,0,0,1.0,1,1.0,1,1.0,1,0.20056032419641825,64
4064,3,8365,3115,5250,0,0,0,1.0,1,1.0,1,1.0,1,0.2127884711072379,65
4065,7,8372,3117,5255,0,0,0,1.0,1,1.0,1,1.0,1,0.15625794086363082,64
4066,2,8374,3118,5256,0,0,0,1.0,1,1.0,1,1.0,1,0.14336966892930814,64
4067,7,8381,3121,5260,0,0,0,1.0,1,1.0,1,1.0,1,0.2007428762734181,63
4068,2,8383,3122,5261,0,0,0,1.0,1,1.0,1,1.0,1,0.20480562146484513,64
4069,11,8394,3124,5270,0,0,0,1.0,1,1.0,1,1.0,1,0.14571759896026545,62
4070,4,8398,3126,5272,0,0,0,1.0,1,1.0,1,1.0,1,0.14502940927651192,61
4071,6,8404,3129,5275,0,0,0,1.0,1,1.0,1,1.0,1,0.17085078780163104,61
4072,8,8412,3132,5280,0,0,0,1.0,1,1.0,1,1.0,1,0.20342134833934186,60
4073,8,8420,3133,5287,0,0,0,1.0,1,1.0,1,1.0,1,0.1316442320800782,60
4074,6,8426,3135,5291,0,0,0,1.0,1,1.0,1,1.0,1,0.16442712728023592,60
4075,2,8428,3135,5293,0,0,0,1.0,1,1.0,1,1.0,1,0.13529541130232312,59
4076,5,8433,3135,5298,0,0,0,1.0,1,1.0,1,1.0,1,0.11942469914403961,60
4077,2,8435,3135,5300,0,0,0,1.0,1,1.0,1,1.0,1,0.10200464748608667,61
4078,0,8435,3135,5300,0,0,0,1.0,1,1.0,1,1.0,1,0.11588644121578182,60
4079,0,8435,3135,5300,0,0,0,1.0,1,1.0,1,1.0,1,0.14422443217215883,58
4080,1,8436,3135,5301,0,0,0,1.0,1,1.0,1,1.0,1,0.1330415647416941,56
4081,2,8438,3136,5302,0,0,0,1.0,1,1.0,1,1.0,1,0.13597682773270417,56
4082,1,8439,3136,5303,0,0,0,1.0,1,1.0,1,1.0,1,0.1423746833487212,55
4083,0,8439,3136,5303,0,0,0,1.0,1,1.0,1,1.0,1,0.1423746833487212,55
4084,1,8440,3137,5303,0,0,0,1.0,1,1.0,1,1.0,1,0.16177271922363212,55
4085,2,8442,3138,5304,0,0,0,1.0,1,1.0,1,1.0,1,0.15685867149319607,56
4086,3,8445,3140,5305,0,0,0,1.0,1,1.0,1,1.0,1,0.13948465182290556,57
4087,2,8447,3142,5305,0,0,0,1.0,1,1.0,1,1.0,1,0.1846397235638125,57
4088,2,8449,3143,5306,0,0,0,1.0,1,1.0,1,1.0,1,0.18297211408360314,57
4089,2,8451,3143,5308,0,0,0,1.0,1,1.0,1,1.0,1,0.19815709193203798,56
4090,2,8453,3144,5309,0,0,0,1.0,1,1.0,1,1.0,1,0.17838514625214544,56
4091,1,8454,3144,5310,0,0,0,1.0,1,1.0,1,1.0,1,0.18564656585576375,56
4092,1,8455,3144,5311,0,0,0,1.0,1,1.0,1,1.0,1,0.16545345129740086,57
4093,5,8460,3145,5315,0,0,0,1.0,1,1.0,1,1.0,1,0.15977534068014868,58
4094,2,8462,3145,5317,0,0,0,1.0,1,1.0,1,1.0,1,0.12316465669517158,57
4095,0,8462,3145,5317,0,0,0,1.0,1,1.0,1,1.0,1,0.12316465669517158,57
4096,1,8463,3145,5318,0,0,0,1.0,1,1.0,1,1.0,1,0.11088271093037726,59
4097,0,8463,3145,5318,0,0,0,1.0,1,1.0,1,1.0,1,0.11088271093037726,59
4098,1,8464,3146,5318,0,0,0,1.0,1,1.0,1,1.0,1,0.1088584069623137,59
4099,2,8466,3148,5318,0,0,0,1.0,1,1.0,1,1.0,1,0.11338538030892674,60
4100,2,8468,3149,5319,0,0,0,1.0,1,1.0,1,1.0,1,0.11617322791338042,60
4101,6,8474,3151,5323,0,0,0,1.0,1,1.0,1,1.0,1,0.08370810943352305,60
4102,6,8480,3157,5323,0,0,0,1.0,1,1.0,1,1.0,1,0.1296428233347023,60
4103,1,8481,3158,5323,0,0,0,1.0,1,1.0,1,1.0,1,0.15142623411284759,58
4104,3,8484,3159,5325,0,0,0,1.0,1,1.0,1,1.0,1,0.11900493640796464,60
4105,1,8485,3160,5325,0,0,0,1.0,1,1.0,1,1.0,1,0.11846709515670381,59
4106,2,8487,3161,5326,0,0,0,1.0,1,1.0,1,1.0,1,0.1134365643123425,61
4107,0,8487,3161,5326,0,0,0,1.0,1,1.0,1,1.0,1,0.1327870485005481,59
4108,3,8490,3162,5328,0,0,0,1.0,1,1.0,1,1.0,1,0.11330301295984953,60
4109,1,8491,3162,5329,0,0,0,1.0,1,1.0,1,1.0,1,0.09461404507056385,59
4110,0,8491,3162,5329,0,0,0,1.0,1,1.0,1,1.0,1,0.09742376842095865,60
4111,4,8495,3163,5332,0,0,0,1.0,1,1.0,1,1.0,1,0.06727696744990348,61
4112,1,8496,3163,5333,0,0,0,1.0,1,1.0,1,1.0,1,0.051735191871579815,60
4113,1,8497,3164,5333,0,0,0,1.0,1,1.0,1,1.0,1,0.08685102769333371,61
4114,0,8497,3164,5333,0,0,0,1.0,1,1.0,1,1.0,1,0.08419387045346832,62
4115,10,8507,3167,5340,0,0,0,1.0,1,1.0,1,1.0,1,0.14039245016799604,60
4116,3,8510,3168,5342,0,0,0,1.0,1,1.0,1,1.0,1,0.1428637731382383,59
4117,6,8516,3170,5346,0,0,0,1.0,1,1.0,1,1.0,1,0.09002963964777545,56
4118,3,8519,3171,5348,0,0,0,1.0,1,1.0,1,1.0,1,0.11005827741533772,55
4119,2,8521,3171,5350,0,0,0,1.0,1,1.0,1,1.0,1,0.13839857593677218,53
4120,4,8525,3172,5353,0,0,0,1.0,1,1.0,1,1.0,1,0.12163960583322388,52
4121,7,8532,3176,5356,0,0,0,1.0,1,1.0,1,1.0,1,0.06913993208227857,53
4122,5,8537,3177,5360,0,0,0,1.0,1,1.0,1,1.0,1,0.10171306360816035,52
4123,1,8538,3178,5360,0,0,0,1.0,1,1.0,1,1.0,1,0.126252731051124,51
4124,3,8541,3178,5363,0,0,0,1.0,1,1.0,1,1.0,1,0.145290275886957,51
4125,3,8544,3179,5365,0,0,0,1.0,1,1.0,1,1.0,1,0.08882670010193125,50
4126,2,8546,3180,5366,0,0,0,1.0,1,1.0,1,1.0,1,0.08563564095407647,50
4127,0,8546,3180,5366,0,0,0,1.0,1,1.0,1,1.0,1,0.09101171787699598,49
4128,0,8546,3180,5366,0,0,0,1.0,1,1.0,1,1.0,1,0.09101171787699598,49
4129,0,8546,3180,5366,0,0,0,1.0,1,1.0,1,1.0,1,0.09101171787699598,49
4130,2,8548,3182,5366,0,0,0,1.0,1,1.0,1,1.0,1,0.10658981787604949,50
4131,0,8548,3182,5366,0,0,0,1.0,1,1.0,1,1.0,1,0.10658981787604949,50
4132,1,8549,3183,5366,0,0,0,1.0,1,1.0,1,1.0,1,0.13283629963693616,50
4133,4,8553,3184,5369,0,0,0,1.0,1,1.0,1,1.0,1,0.12917118840073372,51
4134,1,8554,3184,5370,0,0,0,1.0,1,1.0,1,1.0,1,0.11752625363233836,53
4135,0,8554,3184,5370,0,0,0,1.0,1,1.0,1,1.0,1,0.12319803366986505,54
4136,1,8555,3184,5371,0,0,0,1.0,1,1.0,1,1.0,1,0.10526677410828944,54
4137,4,8559,3185,5374,0,0,0,1.0,1,1.0,1,1.0,1,0.14895122477571268,55
4138,2,8561,3185,5376,0,0,0,1.0,1,1.0,1,1.0,1,0.10966595485297796,54
4139,1,8562,3186,5376,0,0,0,1.0,1,1.0,1,1.0,1,0.1070928768115694,54
4140,2,8564,3187,5377,0,0,0,1.0,1,1.0,1,1.0,1,0.10947596431517863,55
4141,1,8565,3187,5378,0,0,0,1.0,1,1.0,1,1.0,1,0.12283068474538072,55
4142,0,8565,3187,5378,0,0,0,1.0,1,1.0,1,1.0,1,0.12283068474538072,55
4143,2,8567,3189,5378,0,0,0,1.0,1,1.0,1,1.0,1,0.16308601223163402,53
4144,5,8572,3191,5381,0,0,0,1.0,1,1.0,1,1.0,1,0.15848289039990265,52
4145,3,8575,3192,5383,0,0,0,1.0,1,1.0,1,1.0,1,0.13549673423137348,51
4146,2,8577,3193,5384,0,0,0,1.0,1,1.0,1,1.0,1,0.15032996702680376,51
4147,4,8581,3195,5386,0,0,0,1.0,1,1.0,1,1.0,1,0.1492661909004171,50
4148,1,8582,3195,5387,0,0,0,1.0,1,1.0,1,1.0,1,0.1722224126413352,52
4149,5,8587,3195,5392,0,0,0,1.0,1,1.0,1,1.0,1,0.08869572264687801,53
4150,2,8589,3196,5393,0,0,0,1.0,1,1.0,1,1.0,1,0.09379506038381663,53
4151,2,8591,3197,5394,0,0,0,1.0,1,1.0,1,1.0,1,0.11820662812813386,53
4152,3,8594,3198,5396,0,0,0,1.0,1,1.0,1,1.0,1,0.11341421642431374,54
4153,0,8594,3198,5396,0,0,0,1.0,1,1.0,1,1.0,1,0.14522661324881905,51
4154,0,8594,3198,5396,0,0,0,1.0,1,1.0,1,1.0,1,0.14522661324881905,51
4155,1,8595,3199,5396,0,0,0,1.0,1,1.0,1,1.0,1,0.17334954686528078,51
4156,4,8599,3201,5398,0,0,0,1.0,1,1.0,1,1.0,1,0.15835124629192043,52
4157,6,8605,3205,5400,0,0,0,1.0,1,1.0,1,1.0,1,0.18542929082802398,52
4158,3,8608,3206,5402,0,0,0,1.0,1,1.0,1,1.0,1,0.20319137261539164,52
4159,1,8609,3207,5402,0,0,0,1.0,1,1.0,1,1.0,1,0.18896762769891515,52
4160,3,8612,3208,5404,0,0,0,1.0,1,1.0,1,1.0,1,0.17418530694759796,50
4161,5,8617,3209,5408,0,0,0,1.0,1,1.0,1,1.0,1,0.11412664617460377,50
4162,1,8618,3210,5408,0,0,0,1.0,1,1.0,1,1.0,1,0.14194202765096003,51
4163,2,8620,3210,5410,0,0,0,1.0,1,1.0,1,1.0,1,0.15058375573515698,48
4164,3,8623,3212,5411,0,0,0,1.0,1,1.0,1,1.0,1,0.2002438407317214,50
4165,2,8625,3212,5413,0,0,0,1.0,1,1.0,1,1.0,1,0.15926337798547918,49
4166,1,8626,3212,5414,0,0,0,1.0,1,1.0,1,1.0,1,0.14612023140890107,50
4167,0,8626,3212,5414,0,0,0,1.0,1,1.0,1,1.0,1,0.14647553747149852,50
4168,1,8627,3213,5414,0,0,0,1.0,1,1.0,1,1.0,1,0.19117944573755782,50
4169,5,8632,3214,5418,0,0,0,1.0,1,1.0,1,1.0,1,0.154734036255559,51
4170,0,8632,3214,5418,0,0,0,1.0,1,1.0,1,1.0,1,0.16987731989037877,50
4171,4,8636,3216,5420,0,0,0,1.0,1,1.0,1,1.0,1,0.18562377704438143,50
4172,0,8636,3216,5420,0,0,0,1.0,1,1.0,1,1.0,1,0.21003161823753216,49
4173,4,8640,3217,5423,0,0,0,1.0,1,1.0,1,1.0,1,0.1831271903391678,48
4174,3,8643,3218,5425,0,0,0,1.0,1,1.0,1,1.0,1,0.21897850389963136,48
4175,1,8644,3218,5426,0,0,0,1.0,1,1.0,1,1.0,1,0.22370883393359103,48
4176,1,8645,3218,5427,0,0,0,1.0,1,1.0,1,1.0,1,0.19927701364151412,50
4177,4,8649,3219,5430,0,0,0,1.0,1,1.0,1,1.0,1,0.15921520512991336,52
4178,1,8650,3219,5431,0,0,0,1.0,1,1.0,1,1.0,1,0.13637896857226878,53
4179,3,8653,3220,5433,0,0,0,1.0,1,1.0,1,1.0,1,0.1352421132737412,54
4180,1,8654,3220,5434,0,0,0,1.0,1,1.0,1,1.0,1,0.1301959252723568,55
4181,1,8655,3220,5435,0,0,0,1.0,1,1.0,1,1.0,1,0.1063056177924483,56
4182,1,8656,3221,5435,0,0,0,1.0,1,1.0,1,1.0,1,0.11862439686934916,56
4183,3,8659,3222,5437,0,0,0,1.0,1,1.0,1,1.0,1,0.09654431450613185,57
4184,4,8663,3225,5438,0,0,0,1.0,1,1.0,1,1.0,1,0.14861129520335353,57
4185,1,8664,3225,5439,0,0,0,1.0,1,1.0,1,1.0,1,0.1275232833891285,54
4186,2,8666,3227,5439,0,0,0,1.0,1,1.0,1,1.0,1,0.12085613196113151,55
4187,1,8667,3228,5439,0,0,0,1.0,1,1.0,1,1.0,1,0.13204016102411326,53
4188,1,8668,3228,5440,0,0,0,1.0,1,1.0,1,1.0,1,0.1141440652769164,53
4189,3,8671,3229,5442,0,0,0,1.0,1,1.0,1,1.0,1,0.09936943548599962,53
4190,3,8674,3232,5442,0,0,0,1.0,1,1.0,1,1.0,1,0.09235196722215797,53
4191,1,8675,3232,5443,0,0,0,1.0,1,1.0,1,1.0,1,0.12529894598266006,51
4192,3,8678,3235,5443,0,0,0,1.0,1,1.0,1,1.0,1,0.1984786897224428,51
4193,4,8682,3236,5446,0,0,0,1.0,1,1.0,1,1.0,1,0.17574062635137794,50
4194,4,8686,3237,5449,0,0,0,1.0,1,1.0,1,1.0,1,0.1699379684301084,50
4195,6,8692,3239,5453,0,0,0,1.0,1,1.0,1,1.0,1,0.14062200203195158,50
4196,3,8695,3239,5456,0,0,0,1.0,1,1.0,1,1.0,1,0.09789411678776311,51
4197,1,8696,3240,5456,0,0,0,1.0,1,1.0,1,1.0,1,0.11401209411489988,50
4198,0,8696,3240,5456,0,0,0,1.0,1,1.0,1,1.0,1,0.11832556349065586,48
4199,0,8696,3240,5456,0,0,0,1.0,1,1.0,1,1.0,1,0.13929386235799787,48
4200,0,8696,3240,5456,0,0,0,1.0,1,1.0,1,1.0,1,0.170489409109576,48
4201,1,8697,3240,5457,0,0,0,1.0,1,1.0,1,1.0,1,0.1807033222066222,47
4202,0,8697,3240,5457,0,0,0,1.0,1,1.0,1,1.0,1,0.1807033222066222,47
4203,0,8697,3240,5457,0,0,0,1.0,1,1.0,1,1.0,1,0.1807033222066222,47
4204,3,8700,3242,5458,0,0,0,1.0,1,1.0,1,1.0,1,0.2251310655490879,48
4205,1,8701,3243,5458,0,0,0,1.0,1,1.0,1,1.0,1,0.2587860901892931,49
4206,0,8701,3243,5458,0,0,0,1.0,1,1.0,1,1.0,1,0.2587860901892931,49
4207,0,8701,3243,5458,0,0,0,1.0,1,1.0,1,1.0,1,0.24544852829788158,48
4208,1,8702,3244,5458,0,0,0,1.0,1,1.0,1,1.0,1,0.24031660190778378,49
4209,5,8707,3245,5462,0,0,0,1.0,1,1.0,1,1.0,1,0.21534506566461997,51
4210,3,8710,3246,5464,0,0,0,1.0,1,1.0,1,1.0,1,0.22227406251731893,52
4211,1,8711,3246,5465,0,0,0,1.0,1,1.0,1,1.0,1,0.23404343847499856,53
4212,1,8712,3246,5466,0,0,0,1.0,1,1.0,1,1.0,1,0.23189600997567716,53
4213,4,8716,3246,5470,0,0,0,1.0,1,1.0,1,1.0,1,0.17591905897864804,54
4214,2,8718,3247,5471,0,0,0,1.0,1,1.0,1,1.0,1,0.18734326624701522,54
4215,2,8720,3248,5472,0,0,0,1.0,1,1.0,1,1.0,1,0.18764943122575814,54
4216,0,8720,3248,5472,0,0,0,1.0,1,1.0,1,1.0,1,0.2094763118074575,53
4217,5,8725,3250,5475,0,0,0,1.0,1,1.0,1,1.0,1,0.21717697674516692,54
4218,3,8728,3253,5475,0,0,0,1.0,1,1.0,1,1.0,1,0.25699122188074286,53
4219,2,8730,3253,5477,0,0,0,1.0,1,1.0,1,1.0,1,0.24893666253739455,53
4220,4,8734,3254,5480,0,0,0,1.0,1,1.0,1,1.0,1,0.27394493401032916,53
4221,4,8738,3254,5484,0,0,0,1.0,1,1.0,1,1.0,1,0.24163870747458166,54
4222,4,8742,3257,5485,0,0,0,1.0,1,1.0,1,1.0,1,0.2670884662377677,55
4223,3,8745,3257,5488,0,0,0,1.0,1,1.0,1,1.0,1,0.246446387122963,56
4224,5,8750,3260,5490,0,0,0,1.0,1,1.0,1,1.0,1,0.24374552981488004,55
4225,4,8754,3260,5494,0,0,0,1.0,1,1.0,1,1.0,1,0.18998551983747342,53
4226,6,8760,3264,5496,0,0,0,1.0,1,1.0,1,1.0,1,0.209120457970297,54
4227,2,8762,3265,5497,0,0,0,1.0,1,1.0,1,1.0,1,0.20489635352495023,52
4228,3,8765,3267,5498,0,0,0,1.0,1,1.0,1,1.0,1,0.20050855859345748,51
4229,3,8768,3269,5499,0,0,0,1.0,1,1.0,1,1.0,1,0.2072961856803705,48
4230,2,8770,3269,5501,0,0,0,1.0,1,1.0,1,1.0,1,0.18743508293536185,48
4231,1,8771,3269,5502,0,0,0,1.0,1,1.0,1,1.0,1,0.14479347165857684,48
4232,1,8772,3269,5503,0,0,0,1.0,1,1.0,1,1.0,1,0.1258636380999875,48
4233,1,8773,3269,5504,0,0,0,1.0,1,1.0,1,1.0,1,0.09966617857846147,48
4234,2,8775,3271,5504,0,0,0,1.0,1,1.0,1,1.0,1,0.11912977321829249,49
4235,0,8775,3271,5504,0,0,0,1.0,1,1.0,1,1.0,1,0.10747007666885484,47
4236,1,8776,3272,5504,0,0,0,1.0,1,1.0,1,1.0,1,0.14161675577899405,47
4237,4,8780,3272,5508,0,0,0,1.0,1,1.0,1,1.0,1,0.07752414623171884,48
4238,3,8783,3273,5510,0,0,0,1.0,1,1.0,1,1.0,1,0.12195678905603348,47
4239,1,8784,3274,5510,0,0,0,1.0,1,1.0,1,1.0,1,0.11058843477143807,48
4240,0,8784,3274,5510,0,0,0,1.0,1,1.0,1,1.0,1,0.10128086071848608,47
4241,1,8785,3274,5511,0,0,0,1.0,1,1.0,1,1.0,1,0.08473952302865669,49
4242,0,8785,3274,5511,0,0,0,1.0,1,1.0,1,1.0,1,0.08422079421552729,49
4243,3,8788,3276,5512,0,0,0,1.0,1,1.0,1,1.0,1,0.09624325905256963,50
4244,2,8790,3276,5514,0,0,0,1.0,1,1.0,1,1.0,1,0.09103840212455315,51
4245,1,8791,3276,5515,0,0,0,1.0,1,1.0,1,1.0,1,0.1073266676319933,51
4246,1,8792,3276,5516,0,0,0,1.0,1,1.0,1,1.0,1,0.08293047363168442,51
4247,0,8792,3276,5516,0,0,0,1.0,1,1.0,1,1.0,1,0.0920201922492603,52
4248,2,8794,3278,5516,0,0,0,1.0,1,1.0,1,1.0,1,0.13427916746983046,52
4249,3,8797,3278,5519,0,0,0,1.0,1,1.0,1,1.0,1,0.09056133949230087,52
4250,1,8798,3278,5520,0,0,0,1.0,1,1.0,1,1.0,1,0.0991937451381263,52
4251,3,8801,3280,5521,0,0,0,1.0,1,1.0,1,1.0,1,0.11362550724465986,53
4252,4,8805,3283,5522,0,0,0,1.0,1,1.0,1,1.0,1,0.12129909579356601,53
4253,5,8810,3284,5526,0,0,0,1.0,1,1.0,1,1.0,1,0.09831443926012445,54
4254,0,8810,3284,5526,0,0,0,1.0,1,1.0,1,1.0,1,0.09831443926012445,54
4255,1,8811,3285,5526,0,0,0,1.0,1,1.0,1,1.0,1,0.12722233587665363,55
4256,3,8814,3286,5528,0,0,0,1.0,1,1.0,1,1.0,1,0.0785924127366181,57
4257,1,8815,3287,5528,0,0,0,1.0,1,1.0,1,1.0,1,0.09501858833038501,57
4258,0,8815,3287,5528,0,0,0,1.0,1,1.0,1,1.0,1,0.12417734788143542,57
4259,1,8816,3287,5529,0,0,0,1.0,1,1.0,1,1.0,1,0.10553588414836103,57
4260,0,8816,3287,5529,0,0,0,1.0,1,1.0,1,1.0,1,0.11992386922861616,58
4261,3,8819,3288,5531,0,0,0,1.0,1,1.0,1,1.0,1,0.09047568356747639,59
4262,2,8821,3289,5532,0,0,0,1.0,1,1.0,1,1.0,1,0.0826952468393554,60
4263,2,8823,3291,5532,0,0,0,1.0,1,1.0,1,1.0,1,0.09439972977352994,59
4264,4,8827,3293,5534,0,0,0,1.0,1,1.0,1,1.0,1,0.08881265590623949,58
4265,3,8830,3294,5536,0,0,0,1.0,1,1.0,1,1.0,1,0.0723589497304253,58
4266,3,8833,3295,5538,0,0,0,1.0,1,1.0,1,1.0,1,0.06712238818308988,58
4267,2,8835,3297,5538,0,0,0,1.0,1,1.0,1,1.0,1,0.08702836355582268,55
4268,5,8840,3299,5541,0,0,0,1.0,1,1.0,1,1.0,1,0.07966200320694722,55
4269,2,8842,3299,5543,0,0,0,1.0,1,1.0,1,1.0,1,0.04931954239669584,50
4270,2,8844,3301,5543,0,0,0,1.0,1,1.0,1,1.0,1,0.10359189286248938,47
4271,1,8845,3302,5543,0,0,0,1.0,1,1.0,1,1.0,1,0.14487587612898692,47
4272,0,8845,3302,5543,0,0,0,1.0,1,1.0,1,1.0,1,0.15470777841724928,46
4273,7,8852,3304,5548,0,0,0,1.0,1,1.0,1,1.0,1,0.11503913171589047,47
4274,3,8855,3305,5550,0,0,0,1.0,1,1.0,1,1.0,1,0.1268971740676833,45
4275,1,8856,3306,5550,0,0,0,1.0,1,1.0,1,1.0,1,0.13825536089925644,44
4276,6,8862,3310,5552,0,0,0,1.0,1,1.0,1,1.0,1,0.1494006970551249,43
4277,6,8868,3312,5556,0,0,0,1.0,1,1.0,1,1.0,1,0.09066020136935882,42
4278,2,8870,3312,5558,0,0,0,1.0,1,1.0,1,1.0,1,0.08565354620838059,43
4279,4,8874,3313,5561,0,0,0,1.0,1,1.0,1,1.0,1,0.1054349329375565,42
4280,4,8878,3315,5563,0,0,0,1.0,1,1.0,1,1.0,1,0.11655519039821695,44
4281,1,8879,3316,5563,0,0,0,1.0,1,1.0,1,1.0,1,0.14828544768162083,44
4282,0,8879,3316,5563,0,0,0,1.0,1,1.0,1,1.0,1,0.14828544768162083,44
4283,2,8881,3317,5564,0,0,0,1.0,1,1.0,1,1.0,1,0.11765391854606666,45
4284,1,8882,3317,5565,0,0,0,1.0,1,1.0,1,1.0,1,0.09887350241808272,45
4285,0,8882,3317,5565,0,0,0,1.0,1,1.0,1,1.0,1,0.08889856079710948,47
4286,0,8882,3317,5565,0,0,0,1.0,1,1.0,1,1.0,1,0.08889856079710948,47
4287,2,8884,3317,5567,0,0,0,1.0,1,1.0,1,1.0,1,0.09107661901934472,49
4288,2,8886,3318,5568,0,0,0,1.0,1,1.0,1,1.0,1,0.10189803137792172,49
4289,3,8889,3319,5570,0,0,0,1.0,1,1.0,1,1.0,1,0.07197882398534888,50
4290,1,8890,3320,5570,0,0,0,1.0,1,1.0,1,1.0,1,0.09423269468966335,51
4291,3,8893,3321,5572,0,0,0,1.0,1,1.0,1,1.0,1,0.08607748504283577,50
4292,1,8894,3322,5572,0,0,0,1.0,1,1.0,1,1.0,1,0.13196386010930522,51
4293,3,8897,3323,5574,0,0,0,1.0,1,1.0,1,1.0,1,0.09744191009841355,51
4294,2,8899,3324,5575,0,0,0,1.0,1,1.0,1,1.0,1,0.13293371451145736,50
4295,1,8900,3325,5575,0,0,0,1.0,1,1.0,1,1.0,1,0.15418213899048633,50
4296,0,8900,3325,5575,0,0,0,1.0,1,1.0,1,1.0,1,0.15043673170843092,49
4297,3,8903,3325,5578,0,0,0,1.0,1,1.0,1,1.0,1,0.09375584936374631,49
4298,2,8905,3326,5579,0,0,0,1.0,1,1.0,1,1.0,1,0.08191871079224664,49
4299,1,8906,3326,5580,0,0,0,1.0,1,1.0,1,1.0,1,0.07785869089940751,48
4300,1,8907,3326,5581,0,0,0,1.0,1,1.0,1,1.0,1,0.08199947174886484,49
4301,2,8909,3327,5582,0,0,0,1.0,1,1.0,1,1.0,1,0.061048106932311615,50
4302,2,8911,3328,5583,0,0,0,1.0,1,1.0,1,1.0,1,0.06180047485586825,51
4303,4,8915,3330,5585,0,0,0,1.0,1,1.0,1,1.0,1,0.10404376474046552,51
4304,10,8925,3334,5591,0,0,0,1.0,1,1.0,1,1.0,1,0.13621723771612806,51
4305,9,8934,3337,5597,0,0,0,1.0,1,1.0,1,1.0,1,0.0848252798857224,49
4306,5,8939,3339,5600,0,0,0,1.0,1,1.0,1,1.0,1,0.06438413825188812,49
4307,2,8941,3339,5602,0,0,0,1.0,1,1.0,1,1.0,1,0.0819592395373546,46
4308,1,8942,3339,5603,0,0,0,1.0,1,1.0,1,1.0,1,0.12147788678207166,44
4309,8,8950,3343,5607,0,0,0,1.0,1,1.0,1,1.0,1,0.13426816494789817,44
4310,3,8953,3344,5609,0,0,0,1.0,1,1.0,1,1.0,1,0.1328612387623727,42
4311,3,8956,3346,5610,0,0,0,1.0,1,1.0,1,1.0,1,0.13979171481314093,42
4312,0,8956,3346,5610,0,0,0,1.0,1,1.0,1,1.0,1,0.16115963117013682,40
4313,3,8959,3348,5611,0,0,0,1.0,1,1.0,1,1.0,1,0.17476100901895425,40
4314,0,8959,3348,5611,0,0,0,1.0,1,1.0,1,1.0,1,0.21003623407527014,36
4315,2,8961,3349,5612,0,0,0,1.0,1,1.0,1,1.0,1,0.19390125004767828,37
4316,4,8965,3351,5614,0,0,0,1.0,1,1.0,1,1.0,1,0.23667353218149284,37
4317,7,8972,3353,5619,0,0,0,1.0,1,1.0,1,1.0,1,0.16688283171816032,36
4318,3,8975,3355,5620,0,0,0,1.0,1,1.0,1,1.0,1,0.15658556197008025,34
4319,0,8975,3355,5620,0,0,0,1.0,1,1.0,1,1.0,1,0.1807553982658743,34
4320,1,8976,3355,5621,0,0,0,1.0,1,1.0,1,1.0,1,0.18809690205782834,34
4321,5,8981,3355,5626,0,0,0,1.0,1,1.0,1,1.0,1,0.13996753573191748,35
4322,0,8981,3355,5626,0,0,0,1.0,1,1.0,1,1.0,1,0.13996753573191748,35
4323,1,8982,3355,5627,0,0,0,1.0,1,1.0,1,1.0,1,0.12486073383532954,35
4324,2,8984,3355,5629,0,0,0,1.0,1,1.0,1,1.0,1,0.1469086474381786,34
4325,0,8984,3355,5629,0,0,0,1.0,1,1.0,1,1.0,1,0.1469086474381786,34
4326,3,8987,3356,5631,0,0,0,1.0,1,1.0,1,1.0,1,0.14753035705804712,36
4327,3,8990,3356,5634,0,0,0,1.0,1,1.0,1,1.0,1,0.130454955591312,35
4328,0,8990,3356,5634,0,0,0,1.0,1,1.0,1,1.0,1,0.130454955591312,35
4329,5,8995,3358,5637,0,0,0,1.0,1,1.0,1,1.0,1,0.082681496323783,38
4330,2,8997,3359,5638,0,0,0,1.0,1,1.0,1,1.0,1,0.13783719064361394,38
4331,2,8999,3359,5640,0,0,0,1.0,1,1.0,1,1.0,1,0.13836172172091585,39
4332,1,9000,3359,5641,0,0,0,1.0,1,1.0,1,1.0,1,0.12826233521210276,40
4333,1,9001,3359,5642,0,0,0,1.0,1,1.0,1,1.0,1,0.07870871576471583,41
4334,1,9002,3360,5642,0,0,0,1.0,1,1.0,1,1.0,1,0.0858671122037882,41
4335,1,9003,3360,5643,0,0,0,1.0,1,1.0,1,1.0,1,0.06679831141847566,42
4336,0,9003,3360,5643,0,0,0,1.0,1,1.0,1,1.0,1,0.0790635691532707,43
4337,1,9004,3360,5644,0,0,0,1.0,1,1.0,1,1.0,1,0.07639397551684576,44
4338,1,9005,3361,5644,0,0,0,1.0,1,1.0,1,1.0,1,0.09650122564225716,44
4339,2,9007,3362,5645,0,0,0,1.0,1,1.0,1,1.0,1,0.10217639918207895,46
4340,0,9007,3362,5645,0,0,0,1.0,1,1.0,1,1.0,1,0.09897224426296436,47
4341,5,9012,3364,5648,0,0,0,1.0,1,1.0,1,1.0,1,0.09244754733402076,47
4342,1,9013,3365,5648,0,0,0,1.0,1,1.0,1,1.0,1,0.11683333782778987,47
4343,0,9013,3365,5648,0,0,0,1.0,1,1.0,1,1.0,1,0.06868777018602144,42
4344,5,9018,3370,5648,0,0,0,1.0,1,1.0,1,1.0,1,0.19868760568265947,42
4345,4,9022,3372,5650,0,0,0,1.0,1,1.0,1,1.0,1,0.17214168080975614,39
4346,1,9023,3373,5650,0,0,0,1.0,1,1.0,1,1.0,1,0.21522501695206717,37
4347,3,9026,3375,5651,0,0,0,1.0,1,1.0,1,1.0,1,0.2504681776248453,37
4348,6,9032,3378,5654,0,0,0,1.0,1,1.0,1,1.0,1,0.29748016572957636,38
4349,4,9036,3378,5658,0,0,0,1.0,1,1.0,1,1.0,1,0.1884103853334624,36
4350,1,9037,3378,5659,0,0,0,1.0,1,1.0,1,1.0,1,0.17523842937227074,37
4351,1,9038,3379,5659,0,0,0,1.0,1,1.0,1,1.0,1,0.19295826367577126,35
4352,1,9039,3379,5660,0,0,0,1.0,1,1.0,1,1.0,1,0.2138766767728136,34
4353,2,9041,3379,5662,0,0,0,1.0,1,1.0,1,1.0,1,0.22793249859014283,34
4354,2,9043,3379,5664,0,0,0,1.0,1,1.0,1,1.0,1,0.22109657699744356,32
4355,1,9044,3379,5665,0,0,0,1.0,1,1.0,1,1.0,1,0.21609317548864213,32
4356,2,9046,3380,5666,0,0,0,1.0,1,1.0,1,1.0,1,0.20187549742877434,34
4357,3,9049,3380,5669,0,0,0,1.0,1,1.0,1,1.0,1,0.1210439119845043,35
4358,2,9051,3382,5669,0,0,0,1.0,1,1.0,1,1.0,1,0.15253821217075356,35
4359,2,9053,3383,5670,0,0,0,1.0,1,1.0,1,1.0,1,0.15338727989331744,37
4360,4,9057,3383,5674,0,0,0,1.0,1,1.0,1,1.0,1,0.15984301290729688,38
4361,5,9062,3383,5679,0,0,0,1.0,1,1.0,1,1.0,1,0.09984027712955432,39
4362,2,9064,3385,5679,0,0,0,1.0,1,1.0,1,1.0,1,0.08992933374869887,38
4363,1,9065,3385,5680,0,0,0,1.0,1,1.0,1,1.0,1,0.10558514553486364,38
4364,6,9071,3388,5683,0,0,0,1.0,1,1.0,1,1.0,1,0.2242644554070493,39
4365,4,9075,3388,5687,0,0,0,1.0,1,1.0,1,1.0,1,0.12884911120131737,39
4366,1,9076,3389,5687,0,0,0,1.0,1,1.0,1,1.0,1,0.17482949738852543,39
4367,2,9078,3389,5689,0,0,0,1.0,1,1.0,1,1.0,1,0.1646869260364512,41
4368,1,9079,3389,5690,0,0,0,1.0,1,1.0,1,1.0,1,0.12643757741624415,41
4369,0,9079,3389,5690,0,0,0,1.0,1,1.0,1,1.0,1,0.12946698434505527,42
4370,0,9079,3389,5690,0,0,0,1.0,1,1.0,1,1.0,1,0.12946698434505527,42
4371,1,9080,3389,5691,0,0,0,1.0,1,1.0,1,1.0,1,0.1273514391334226,43
4372,2,9082,3391,5691,0,0,0,1.0,1,1.0,1,1.0,1,0.19767064494975264,43
4373,3,9085,3392,5693,0,0,0,1.0,1,1.0,1,1.0,1,0.16282326119740076,43
4374,1,9086,3392,5694,0,0,0,1.0,1,1.0,1,1.0,1,0.16499872509682806,44
4375,0,9086,3392,5694,0,0,0,1.0,1,1.0,1,1.0,1,0.15894023127322338,45
4376,1,9087,3392,5695,0,0,0,1.0,1,1.0,1,1.0,1,0.15007957035803893,46
4377,4,9091,3395,5696,0,0,0,1.0,1,1.0,1,1.0,1,0.15942763289229828,47
4378,1,9092,3395,5697,0,0,0,1.0,1,1.0,1,1.0,1,0.16293515413301116,49
4379,1,9093,3396,5697,0,0,0,1.0,1,1.0,1,1.0,1,0.1881407123659792,51
4380,5,9098,3396,5702,0,0,0,1.0,1,1.0,1,1.0,1,0.14664799472212262,50
4381,2,9100,3397,5703,0,0,0,1.0,1,1.0,1,1.0,1,0.13423367039403955,49
4382,4,9104,3400,5704,0,0,0,1.0,1,1.0,1,1.0,1,0.2279162447011455,47
4383,5,9109,3403,5706,0,0,0,1.0,1,1.0,1,1.0,1,0.23702060858195645,47
4384,2,9111,3404,5707,0,0,0,1.0,1,1.0,1,1.0,1,0.26300139579517107,44
4385,7,9118,3406,5712,0,0,0,1.0,1,1.0,1,1.0,1,0.20117432115995595,42
4386,4,9122,3407,5715,0,0,0,1.0,1,1.0,1,1.0,1,0.2130669675456212,41
4387,1,9123,3407,5716,0,0,0,1.0,1,1.0,1,1.0,1,0.214182198596449,39
4388,2,9125,3407,5718,0,0,0,1.0,1,1.0,1,1.0,1,0.18569528589435075,39
4389,3,9128,3407,5721,0,0,0,1.0,1,1.0,1,1.0,1,0.14203737477869244,38
4390,2,9130,3407,5723,0,0,0,1.0,1,1.0,1,1.0,1,0.09269074676978281,38
4391,0,9130,3407,5723,0,0,0,1.0,1,1.0,1,1.0,1,0.10293739048827917,39
4392,0,9130,3407,5723,0,0,0,1.0,1,1.0,1,1.0,1,0.10293739048827917,39
4393,0,9130,3407,5723,0,0,0,1.0,1,1.0,1,1.0,1,0.0995067847869535,40
4394,0,9130,3407,5723,0,0,0,1.0,1,1.0,1,1.0,1,0.11971634214897683,39
4395,0,9130,3407,5723,0,0,0,1.0,1,1.0,1,1.0,1,0.11971634214897683,39
4396,0,9130,3407,5723,0,0,0,1.0,1,1.0,1,1.0,1,0.16580744699216615,39
4397,4,9134,3408,5726,0,0,0,1.0,1,1.0,1,1.0,1,0.12328771454223776,38
4398,0,9134,3408,5726,0,0,0,1.0,1,1.0,1,1.0,1,0.1380698106609857,39
4399,3,9137,3408,5729,0,0,0,1.0,1,1.0,1,1.0,1,0.13734626559539512,42
4400,1,9138,3408,5730,0,0,0,1.0,1,1.0,1,1.0,1,0.11657481416632919,43
4401,1,9139,3408,5731,0,0,0,1.0,1,1.0,1,1.0,1,0.09358937222162056,44
4402,0,9139,3408,5731,0,0,0,1.0,1,1.0,1,1.0,1,0.09358937222162056,44
4403,0,9139,3408,5731,0,0,0,1.0,1,1.0,1,1.0,1,0.09550066428490651,45
4404,0,9139,3408,5731,0,0,0,1.0,1,1.0,1,1.0,1,0.09550066428490651,45
4405,0,9139,3408,5731,0,0,0,1.0,1,1.0,1,1.0,1,0.10908876539319654,46
4406,1,9140,3409,5731,0,0,0,1.0,1,1.0,1,1.0,1,0.13336189324004327,46
4407,1,9141,3409,5732,0,0,0,1.0,1,1.0,1,1.0,1,0.12208689091818917,46
4408,0,9141,3409,5732,0,0,0,1.0,1,1.0,1,1.0,1,0.1309933254981523,47
4409,2,9143,3409,5734,0,0,0,1.0,1,1.0,1,1.0,1,0.13089691603537773,48
4410,0,9143,3409,5734,0,0,0,1.0,1,1.0,1,1.0,1,0.13089691603537773,48
4411,3,9146,3409,5737,0,0,0,1.0,1,1.0,1,1.0,1,0.10118435284774192,50
4412,2,9148,3410,5738,0,0,0,1.0,1,1.0,1,1.0,1,0.10493959613938703,50
4413,1,9149,3410,5739,0,0,0,1.0,1,1.0,1,1.0,1,0.1030789913261995,50
4414,1,9150,3410,5740,0,0,0,1.0,1,1.0,1,1.0,1,0.09520342721209023,51
4415,0,9150,3410,5740,0,0,0,1.0,1,1.0,1,1.0,1,0.09520342721209023,51
4416,2,9152,3411,5741,0,0,0,1.0,1,1.0,1,1.0,1,0.10108639629742627,51
4417,1,9153,3412,5741,0,0,0,1.0,1,1.0,1,1.0,1,0.10167907325604975,51
4418,0,9153,3412,5741,0,0,0,1.0,1,1.0,1,1.0,1,0.09629384934233833,51
4419,0,9153,3412,5741,0,0,0,1.0,1,1.0,1,1.0,1,0.10940630921582349,50
4420,1,9154,3413,5741,0,0,0,1.0,1,1.0,1,1.0,1,0.1727909747880133,50
4421,4,9158,3413,5745,0,0,0,1.0,1,1.0,1,1.0,1,0.130190785258199,52
4422,1,9159,3413,5746,0,0,0,1.0,1,1.0,1,1.0,1,0.11108896418627158,51
4423,3,9162,3414,5748,0,0,0,1.0,1,1.0,1,1.0,1,0.11722706144957512,51
4424,1,9163,3414,5749,0,0,0,1.0,1,1.0,1,1.0,1,0.10734010351601925,53
4425,1,9164,3414,5750,0,0,0,1.0,1,1.0,1,1.0,1,0.09714349095402652,54
4426,2,9166,3415,5751,0,0,0,1.0,1,1.0,1,1.0,1,0.07677700858029414,55
4427,1,9167,3415,5752,0,0,0,1.0,1,1.0,1,1.0,1,0.06146804705836159,55
4428,0,9167,3415,5752,0,0,0,1.0,1,1.0,1,1.0,1,0.06146804705836159,55
4429,0,9167,3415,5752,0,0,0,1.0,1,1.0,1,1.0,1,0.05843810874004822,56
4430,0,9167,3415,5752,0,0,0,1.0,1,1.0,1,1.0,1,0.05859969579253129,55
4431,0,9167,3415,5752,0,0,0,1.0,1,1.0,1,1.0,1,0.06459642461419814,56
4432,2,9169,3417,5752,0,0,0,1.0,1,1.0,1,1.0,1,0.08242123278194217,56
4433,2,9171,3417,5754,0,0,0,1.0,1,1.0,1,1.0,1,0.05804738248278741,57
4434,0,9171,3417,5754,0,0,0,1.0,1,1.0,1,1.0,1,0.06830760558358773,56
4435,3,9174,3419,5755,0,0,0,1.0,1,1.0,1,1.0,1,0.06784513402071439,56
4436,2,9176,3421,5755,0,0,0,1.0,1,1.0,1,1.0,1,0.11438454495888761,55
4437,3,9179,3421,5758,0,0,0,1.0,1,1.0,1,1.0,1,0.10064560995045765,54
4438,1,9180,3422,5758,0,0,0,1.0,1,1.0,1,1.0,1,0.1197991343258101,54
4439,0,9180,3422,5758,0,0,0,1.0,1,1.0,1,1.0,1,0.1416692729997932,55
4440,1,9181,3423,5758,0,0,0,1.0,1,1.0,1,1.0,1,0.14872834579398295,55
4441,6,9187,3425,5762,0,0,0,1.0,1,1.0,1,1.0,1,0.11134745586128948,59
4442,3,9190,3426,5764,0,0,0,1.0,1,1.0,1,1.0,1,0.12193013781546604,61
4443,2,9192,3427,5765,0,0,0,1.0,1,1.0,1,1.0,1,0.13097873852467237,60
4444,2,9194,3427,5767,0,0,0,1.0,1,1.0,1,1.0,1,0.1289025219194877,61
4445,3,9197,3427,5770,0,0,0,1.0,1,1.0,1,1.0,1,0.08758849965480738,61
4446,2,9199,3428,5771,0,0,0,1.0,1,1.0,1,1.0,1,0.09146570446042684,62
4447,3,9202,3428,5774,0,0,0,1.0,1,1.0,1,1.0,1,0.09812951002438704,63
4448,1,9203,3428,5775,0,0,0,1.0,1,1.0,1,1.0,1,0.0839749566177044,63
4449,1,9204,3429,5775,0,0,0,1.0,1,1.0,1,1.0,1,0.11137042259220432,63
4450,0,9204,3429,5775,0,0,0,1.0,1,1.0,1,1.0,1,0.1287576727179129,62
4451,1,9205,3429,5776,0,0,0,1.0,1,1.0,1,1.0,1,0.12098076696119671,63
4452,0,9205,3429,5776,0,0,0,1.0,1,1.0,1,1.0,1,0.12363428546772087,64
4453,3,9208,3429,5779,0,0,0,1.0,1,1.0,1,1.0,1,0.09428808364452851,65
4454,0,9208,3429,5779,0,0,0,1.0,1,1.0,1,1.0,1,0.10200509243052103,66
4455,2,9210,3429,5781,0,0,0,1.0,1,1.0,1,1.0,1,0.09043699648354496,67
4456,4,9214,3430,5784,0,0,0,1.0,1,1.0,1,1.0,1,0.06996870327045637,67
4457,0,9214,3430,5784,0,0,0,1.0,1,1.0,1,1.0,1,0.052214142281540754,65
4458,1,9215,3430,5785,0,0,0,1.0,1,1.0,1,1.0,1,0.07103785092162776,65
4459,3,9218,3433,5785,0,0,0,1.0,1,1.0,1,1.0,1,0.11849178903792722,64
4460,0,9218,3433,5785,0,0,0,1.0,1,1.0,1,1.0,1,0.13582703099838916,63
4461,5,9223,3436,5787,0,0,0,1.0,1,1.0,1,1.0,1,0.14588857003609348,62
4462,8,9231,3442,5789,0,0,0,1.0,1,1.0,1,1.0,1,0.1927723201581007,61
4463,3,9234,3443,5791,0,0,0,1.0,1,1.0,1,1.0,1,0.23725698418313318,61
4464,5,9239,3446,5793,0,0,0,1.0,1,1.0,1,1.0,1,0.21626513493666338,58
4465,8,9247,3447,5800,0,0,0,1.0,1,1.0,1,1.0,1,0.18247320121007152,57
4466,6,9253,3450,5803,0,0,0,1.0,1,1.0,1,1.0,1,0.21355245741682033,54
4467,3,9256,3451,5805,0,0,0,1.0,1,1.0,1,1.0,1,0.15862482732006647,52
4468,2,9258,3452,5806,0,0,0,1.0,1,1.0,1,1.0,1,0.18482229264220573,52
4469,4,9262,3453,5809,0,0,0,1.0,1,1.0,1,1.0,1,0.12587137008364913,51
4470,1,9263,3454,5809,0,0,0,1.0,1,1.0,1,1.0,1,0.13692729004212179,51
4471,1,9264,3455,5809,0,0,0,1.0,1,1.0,1,1.0,1,0.1209558613783665,50
4472,1,9265,3456,5809,0,0,0,1.0,1,1.0,1,1.0,1,0.1069681307130123,48
4473,3,9268,3457,5811,0,0,0,1.0,1,1.0,1,1.0,1,0.09063500272479041,47
4474,5,9273,3461,5812,0,0,0,1.0,1,1.0,1,1.0,1,0.1380767214161656,49
4475,3,9276,3462,5814,0,0,0,1.0,1,1.0,1,1.0,1,0.15077481744983945,47
4476,3,9279,3464,5815,0,0,0,1.0,1,1.0,1,1.0,1,0.19097637912779206,49
4477,6,9285,3464,5821,0,0,0,1.0,1,1.0,1,1.0,1,0.14960091476624052,48
4478,2,9287,3464,5823,0,0,0,1.0,1,1.0,1,1.0,1,0.14960091476624052,48
4479,0,9287,3464,5823,0,0,0,1.0,1,1.0,1,1.0,1,0.14960091476624052,48
4480,2,9289,3464,5825,0,0,0,1.0,1,1.0,1,1.0,1,0.1520010580724808,49
4481,2,9291,3464,5827,0,0,0,1.0,1,1.0,1,1.0,1,0.11925382253143835,49
4482,1,9292,3464,5828,0,0,0,1.0,1,1.0,1,1.0,1,0.10407471198092547,49
4483,1,9293,3464,5829,0,0,0,1.0,1,1.0,1,1.0,1,0.10322436694471554,50
4484,4,9297,3466,5831,0,0,0,1.0,1,1.0,1,1.0,1,0.09439876192796536,52
4485,0,9297,3466,5831,0,0,0,1.0,1,1.0,1,1.0,1,0.09629227441107452,53
4486,2,9299,3467,5832,0,0,0,1.0,1,1.0,1,1.0,1,0.0863946097026573,55
4487,2,9301,3469,5832,0,0,0,1.0,1,1.0,1,1.0,1,0.08281775825851743,55
4488,0,9301,3469,5832,0,0,0,1.0,1,1.0,1,1.0,1,0.08516330709463531,54
4489,2,9303,3470,5833,0,0,0,1.0,1,1.0,1,1.0,1,0.1124353211111905,53
4490,0,9303,3470,5833,0,0,0,1.0,1,1.0,1,1.0,1,0.1124353211111905,53
4491,0,9303,3470,5833,0,0,0,1.0,1,1.0,1,1.0,1,0.12817004846266047,52
4492,0,9303,3470,5833,0,0,0,1.0,1,1.0,1,1.0,1,0.12817004846266047,52
4493,3,9306,3471,5835,0,0,0,1.0,1,1.0,1,1.0,1,0.16883336178601524,52
4494,4,9310,3472,5838,0,0,0,1.0,1,1.0,1,1.0,1,0.15809017555395283,53
4495,5,9315,3474,5841,0,0,0,1.0,1,1.0,1,1.0,1,0.16984536235553746,50
4496,6,9321,3476,5845,0,0,0,1.0,1,1.0,1,1.0,1,0.1684259569094192,51
4497,5,9326,3478,5848,0,0,0,1.0,1,1.0,1,1.0,1,0.10336361348933175,50
4498,5,9331,3481,5850,0,0,0,1.0,1,1.0,1,1.0,1,0.1092689055228363,49
4499,2,9333,3481,5852,0,0,0,1.0,1,1.0,1,1.0,1,0.0837280857504246,48
4500,5,9338,3486,5852,0,0,0,1.0,1,1.0,1,1.0,1,0.15234241443532734,48
4501,1,9339,3487,5852,0,0,0,1.0,1,1.0,1,1.0,1,0.14612463571160278,48
4502,0,9339,3487,5852,0,0,0,1.0,1,1.0,1,1.0,1,0.14608218122001504,49
4503,3,9342,3489,5853,0,0,0,1.0,1,1.0,1,1.0,1,0.1528925444024153,49
4504,0,9342,3489,5853,0,0,0,1.0,1,1.0,1,1.0,1,0.15152847293239718,45
4505,0,9342,3489,5853,0,0,0,1.0,1,1.0,1,1.0,1,0.15925422679880422,46
4506,4,9346,3491,5855,0,0,0,1.0,1,1.0,1,1.0,1,0.1876073185420683,45
4507,2,9348,3491,5857,0,0,0,1.0,1,1.0,1,1.0,1,0.17120430929916594,45
4508,4,9352,3494,5858,0,0,0,1.0,1,1.0,1,1.0,1,0.21824902265494533,43
4509,6,9358,3495,5863,0,0,0,1.0,1,1.0,1,1.0,1,0.15736768280934943,41
4510,2,9360,3496,5864,0,0,0,1.0,1,1.0,1,1.0,1,0.1602338431182415,42
4511,2,9362,3497,5865,0,0,0,1.0,1,1.0,1,1.0,1,0.1774253815380462,41
4512,1,9363,3497,5866,0,0,0,1.0,1,1.0,1,1.0,1,0.173835840984077,41
4513,4,9367,3498,5869,0,0,0,1.0,1,1.0,1,1.0,1,0.14009982571479915,41
4514,3,9370,3499,5871,0,0,0,1.0,1,1.0,1,1.0,1,0.18009204804549125,42
4515,1,9371,3499,5872,0,0,0,1.0,1,1.0,1,1.0,1,0.17916495109907463,41
4516,1,9372,3499,5873,0,0,0,1.0,1,1.0,1,1.0,1,0.21447721594031136,42
4517,4,9376,3499,5877,0,0,0,1.0,1,1.0,1,1.0,1,0.14741632223435466,43
4518,1,9377,3499,5878,0,0,0,1.0,1,1.0,1,1.0,1,0.1639552390841849,42
4519,1,9378,3500,5878,0,0,0,1.0,1,1.0,1,1.0,1,0.21708305874867292,42
4520,3,9381,3500,5881,0,0,0,1.0,1,1.0,1,1.0,1,0.20917880250769855,42
4521,6,9387,3501,5886,0,0,0,1.0,1,1.0,1,1.0,1,0.15541491142018163,42
4522,0,9387,3501,5886,0,0,0,1.0,1,1.0,1,1.0,1,0.15541491142018163,42
4523,0,9387,3501,5886,0,0,0,1.0,1,1.0,1,1.0,1,0.15541491142018163,42
4524,2,9389,3503,5886,0,0,0,1.0,1,1.0,1,1.0,1,0.19336883087690196,43
4525,10,9399,3504,5895,0,0,0,1.0,1,1.0,1,1.0,1,0.10027410108813825,46
4526,1,9400,3505,5895,0,0,0,1.0,1,1.0,1,1.0,1,0.10906991579609418,46
4527,3,9403,3506,5897,0,0,0,1.0,1,1.0,1,1.0,1,0.14088637334482715,47
4528,4,9407,3506,5901,0,0,0,1.0,1,1.0,1,1.0,1,0.16658500105946147,49
4529,6,9413,3506,5907,0,0,0,1.0,1,1.0,1,1.0,1,0.08471228061511318,50
4530,2,9415,3506,5909,0,0,0,1.0,1,1.0,1,1.0,1,0.10163043313001544,51
4531,2,9417,3507,5910,0,0,0,1.0,1,1.0,1,1.0,1,0.10347276756430931,51
4532,0,9417,3507,5910,0,0,0,1.0,1,1.0,1,1.0,1,0.10347276756430931,51
4533,1,9418,3507,5911,0,0,0,1.0,1,1.0,1,1.0,1,0.08795761266784981,50
4534,1,9419,3507,5912,0,0,0,1.0,1,1.0,1,1.0,1,0.049652734938302134,51
4535,4,9423,3509,5914,0,0,0,1.0,1,1.0,1,1.0,1,0.10038990703120894,50
4536,1,9424,3509,5915,0,0,0,1.0,1,1.0,1,1.0,1,0.11832274284215144,48
4537,2,9426,3509,5917,0,0,0,1.0,1,1.0,1,1.0,1,0.08831377769946962,49
4538,0,9426,3509,5917,0,0,0,1.0,1,1.0,1,1.0,1,0.11566801727611238,48
4539,1,9427,3509,5918,0,0,0,1.0,1,1.0,1,1.0,1,0.12883693340284674,50
4540,0,9427,3509,5918,0,0,0,1.0,1,1.0,1,1.0,1,0.13998296422203912,49
4541,2,9429,3511,5918,0,0,0,1.0,1,1.0,1,1.0,1,0.1382046624562472,49
4542,2,9431,3513,5918,0,0,0,1.0,1,1.0,1,1.0,1,0.18654647100935842,47
4543,1,9432,3513,5919,0,0,0,1.0,1,1.0,1,1.0,1,0.16382887710945707,45
4544,1,9433,3514,5919,0,0,0,1.0,1,1.0,1,1.0,1,0.16577615620046263,45
4545,5,9438,3517,5921,0,0,0,1.0,1,1.0,1,1.0,1,0.20411879119609105,43
4546,3,9441,3519,5922,0,0,0,1.0,1,1.0,1,1.0,1,0.26238872734060287,43
4547,1,9442,3519,5923,0,0,0,1.0,1,1.0,1,1.0,1,0.2073909514442082,41
4548,4,9446,3521,5925,0,0,0,1.0,1,1.0,1,1.0,1,0.18700161356603506,42
4549,0,9446,3521,5925,0,0,0,1.0,1,1.0,1,1.0,1,0.15910080173207913,41
4550,2,9448,3522,5926,0,0,0,1.0,1,1.0,1,1.0,1,0.1606165877679597,41
4551,1,9449,3523,5926,0,0,0,1.0,1,1.0,1,1.0,1,0.1602641181771365,39
4552,1,9450,3524,5926,0,0,0,1.0,1,1.0,1,1.0,1,0.17250563706567262,38
4553,6,9456,3525,5931,0,0,0,1.0,1,1.0,1,1.0,1,0.13117535306172914,39
4554,3,9459,3527,5932,0,0,0,1.0,1,1.0,1,1.0,1,0.18150547065146125,38
4555,4,9463,3529,5934,0,0,0,1.0,1,1.0,1,1.0,1,0.2302400232509696,37
4556,2,9465,3530,5935,0,0,0,1.0,1,1.0,1,1.0,1,0.27923467775792865,36
4557,5,9470,3530,5940,0,0,0,1.0,1,1.0,1,1.0,1,0.18154098355127907,38
4558,4,9474,3531,5943,0,0,0,1.0,1,1.0,1,1.0,1,0.20339539313878113,39
4559,5,9479,3531,5948,0,0,0,1.0,1,1.0,1,1.0,1,0.14129400268218373,38
4560,6,9485,3531,5954,0,0,0,1.0,1,1.0,1,1.0,1,0.18885275153455194,41
4561,1,9486,3531,5955,0,0,0,1.0,1,1.0,1,1.0,1,0.16880719180443599,41
4562,3,9489,3531,5958,0,0,0,1.0,1,1.0,1,1.0,1,0.12640407085270589,43
4563,0,9489,3531,5958,0,0,0,1.0,1,1.0,1,1.0,1,0.11541882386565476,42
4564,0,9489,3531,5958,0,0,0,1.0,1,1.0,1,1.0,1,0.13573972397148662,43
4565,3,9492,3531,5961,0,0,0,1.0,1,1.0,1,1.0,1,0.12093462094036678,44
4566,1,9493,3532,5961,0,0,0,1.0,1,1.0,1,1.0,1,0.11953893628817427,45
4567,6,9499,3533,5966,0,0,0,1.0,1,1.0,1,1.0,1,0.09273905751131704,47
4568,0,9499,3533,5966,0,0,0,1.0,1,1.0,1,1.0,1,0.09273905751131704,47
4569,3,9502,3535,5967,0,0,0,1.0,1,1.0,1,1.0,1,0.08214585762180553,49
4570,2,9504,3537,5967,0,0,0,1.0,1,1.0,1,1.0,1,0.09150915095863782,49
4571,0,9504,3537,5967,0,0,0,1.0,1,1.0,1,1.0,1,0.0977850003910276,48
4572,0,9504,3537,5967,0,0,0,1.0,1,1.0,1,1.0,1,0.0977850003910276,48
4573,1,9505,3538,5967,0,0,0,1.0,1,1.0,1,1.0,1,0.10026644803512792,48
4574,0,9505,3538,5967,0,0,0,1.0,1,1.0,1,1.0,1,0.1113865822352235,50
4575,0,9505,3538,5967,0,0,0,1.0,1,1.0,1,1.0,1,0.12840374002209556,51
4576,2,9507,3539,5968,0,0,0,1.0,1,1.0,1,1.0,1,0.16341644225488625,48
4577,2,9509,3539,5970,0,0,0,1.0,1,1.0,1,1.0,1,0.17296056974864463,47
4578,1,9510,3540,5970,0,0,0,1.0,1,1.0,1,1.0,1,0.19742269158181242,46
4579,2,9512,3541,5971,0,0,0,1.0,1,1.0,1,1.0,1,0.18809089243754176,46
4580,0,9512,3541,5971,0,0,0,1.0,1,1.0,1,1.0,1,0.1769859409804615,47
4581,1,9513,3542,5971,0,0,0,1.0,1,1.0,1,1.0,1,0.20510789418001193,47
4582,1,9514,3542,5972,0,0,0,1.0,1,1.0,1,1.0,1,0.2090434429810979,48
4583,0,9514,3542,5972,0,0,0,1.0,1,1.0,1,1.0,1,0.2090434429810979,48
4584,5,9519,3542,5977,0,0,0,1.0,1,1.0,1,1.0,1,0.17337133038657732,50
4585,4,9523,3543,5980,0,0,0,1.0,1,1.0,1,1.0,1,0.1336141033837046,50
4586,0,9523,3543,5980,0,0,0,1.0,1,1.0,1,1.0,1,0.1336141033837046,50
4587,0,9523,3543,5980,0,0,0,1.0,1,1.0,1,1.0,1,0.1336141033837046,50
4588,0,9523,3543,5980,0,0,0,1.0,1,1.0,1,1.0,1,0.1336141033837046,50
4589,0,9523,3543,5980,0,0,0,1.0,1,1.0,1,1.0,1,0.13448999215548957,52
4590,0,9523,3543,5980,0,0,0,1.0,1,1.0,1,1.0,1,0.13448999215548957,52
4591,1,9524,3543,5981,0,0,0,1.0,1,1.0,1,1.0,1,0.1385735125713193,53
4592,1,9525,3543,5982,0,0,0,1.0,1,1.0,1,1.0,1,0.142361480496462,54
4593,3,9528,3543,5985,0,0,0,1.0,1,1.0,1,1.0,1,0.10384862968281568,56
4594,0,9528,3543,5985,0,0,0,1.0,1,1.0,1,1.0,1,0.10070440977078057,57
4595,0,9528,3543,5985,0,0,0,1.0,1,1.0,1,1.0,1,0.10974041201374875,56
4596,2,9530,3543,5987,0,0,0,1.0,1,1.0,1,1.0,1,0.09047428128996221,56
4597,0,9530,3543,5987,0,0,0,1.0,1,1.0,1,1.0,1,0.09047428128996221,56
4598,3,9533,3545,5988,0,0,0,1.0,1,1.0,1,1.0,1,0.12261353722826064,57
4599,0,9533,3545,5988,0,0,0,1.0,1,1.0,1,1.0,1,0.12107556208791928,59
4600,2,9535,3545,5990,0,0,0,1.0,1,1.0,1,1.0,1,0.0972233857575061,60
4601,4,9539,3547,5992,0,0,0,1.0,1,1.0,1,1.0,1,0.12350232057720664,60
4602,2,9541,3548,5993,0,0,0,1.0,1,1.0,1,1.0,1,0.11538111917297858,62
4603,0,9541,3548,5993,0,0,0,1.0,1,1.0,1,1.0,1,0.11538111917297858,62
4604,0,9541,3548,5993,0,0,0,1.0,1,1.0,1,1.0,1,0.10735315404594284,63
4605,2,9543,3548,5995,0,0,0,1.0,1,1.0,1,1.0,1,0.09026848279963898,63
4606,1,9544,3548,5996,0,0,0,1.0,1,1.0,1,1.0,1,0.09657856155008249,64
4607,1,9545,3549,5996,0,0,0,1.0,1,1.0,1,1.0,1,0.09806851866342851,65
4608,5,9550,3550,6000,0,0,0,1.0,1,1.0,1,1.0,1,0.11330639041668841,66
4609,2,9552,3551,6001,0,0,0,1.0,1,1.0,1,1.0,1,0.12421003965391553,65
4610,0,9552,3551,6001,0,0,0,1.0,1,1.0,1,1.0,1,0.1366062034707772,63
4611,0,9552,3551,6001,0,0,0,1.0,1,1.0,1,1.0,1,0.1435686830900565,64
4612,1,9553,3552,6001,0,0,0,1.0,1,1.0,1,1.0,1,0.1364156462893538,62
4613,4,9557,3554,6003,0,0,0,1.0,1,1.0,1,1.0,1,0.1337431759222285,63
4614,2,9559,3556,6003,0,0,0,1.0,1,1.0,1,1.0,1,0.12997624729924445,61
4615,1,9560,3557,6003,0,0,0,1.0,1,1.0,1,1.0,1,0.15905977580477984,59
4616,1,9561,3558,6003,0,0,0,1.0,1,1.0,1,1.0,1,0.15732773343170375,58
4617,3,9564,3558,6006,0,0,0,1.0,1,1.0,1,1.0,1,0.1369495614799036,58
4618,1,9565,3558,6007,0,0,0,1.0,1,1.0,1,1.0,1,0.12902597180077097,57
4619,3,9568,3559,6009,0,0,0,1.0,1,1.0,1,1.0,1,0.14101018711056365,57
4620,2,9570,3559,6011,0,0,0,1.0,1,1.0,1,1.0,1,0.14101018711056365,57
4621,4,9574,3561,6013,0,0,0,1.0,1,1.0,1,1.0,1,0.13706542037963662,59
4622,0,9574,3561,6013,0,0,0,1.0,1,1.0,1,1.0,1,0.14945993088148174,60
4623,1,9575,3562,6013,0,0,0,1.0,1,1.0,1,1.0,1,0.15550386030391883,59
4624,3,9578,3565,6013,0,0,0,1.0,1,1.0,1,1.0,1,0.16230074804476013,59
4625,3,9581,3566,6015,0,0,0,1.0,1,1.0,1,1.0,1,0.14775083216941648,57
4626,4,9585,3570,6015,0,0,0,1.0,1,1.0,1,1.0,1,0.17826772745197855,56
4627,1,9586,3571,6015,0,0,0,1.0,1,1.0,1,1.0,1,0.18462439466304997,56
4628,3,9589,3571,6018,0,0,0,1.0,1,1.0,1,1.0,1,0.1658975771043959,56
4629,5,9594,3571,6023,0,0,0,1.0,1,1.0,1,1.0,1,0.14182810611130742,56
4630,1,9595,3572,6023,0,0,0,1.0,1,1.0,1,1.0,1,0.13090977885773142,57
4631,1,9596,3572,6024,0,0,0,1.0,1,1.0,1,1.0,1,0.15049855305788337,56
4632,2,9598,3573,6025,0,0,0,1.0,1,1.0,1,1.0,1,0.19871140025380554,57
4633,4,9602,3573,6029,0,0,0,1.0,1,1.0,1,1.0,1,0.15381628579098117,58
4634,0,9602,3573,6029,0,0,0,1.0,1,1.0,1,1.0,1,0.15381628579098117,58
4635,1,9603,3573,6030,0,0,0,1.0,1,1.0,1,1.0,1,0.1323354839941699,59
4636,0,9603,3573,6030,0,0,0,1.0,1,1.0,1,1.0,1,0.12338341252810171,60
4637,0,9603,3573,6030,0,0,0,1.0,1,1.0,1,1.0,1,0.12338341252810171,60
4638,2,9605,3573,6032,0,0,0,1.0,1,1.0,1,1.0,1,0.11331968966101587,61
4639,1,9606,3573,6033,0,0,0,1.0,1,1.0,1,1.0,1,0.12115646221736608,62
4640,1,9607,3573,6034,0,0,0,1.0,1,1.0,1,1.0,1,0.11813251784524702,63
4641,2,9609,3575,6034,0,0,0,1.0,1,1.0,1,1.0,1,0.12752674036442874,63
4642,1,9610,3575,6035,0,0,0,1.0,1,1.0,1,1.0,1,0.12473936681988909,62
4643,3,9613,3578,6035,0,0,0,1.0,1,1.0,1,1.0,1,0.16630493497389418,63
4644,2,9615,3578,6037,0,0,0,1.0,1,1.0,1,1.0,1,0.16828764846555425,62
4645,5,9620,3579,6041,0,0,0,1.0,1,1.0,1,1.0,1,0.14078509176796872,63
4646,5,9625,3581,6044,0,0,0,1.0,1,1.0,1,1.0,1,0.16047954992241412,63
4647,5,9630,3582,6048,0,0,0,1.0,1,1.0,1,1.0,1,0.15539072694044626,62
4648,4,9634,3584,6050,0,0,0,1.0,1,1.0,1,1.0,1,0.2131565231519612,63
4649,4,9638,3584,6054,0,0,0,1.0,1,1.0,1,1.0,1,0.14620572688435307,61
4650,0,9638,3584,6054,0,0,0,1.0,1,1.0,1,1.0,1,0.1378144133400882,63
4651,3,9641,3585,6056,0,0,0,1.0,1,1.0,1,1.0,1,0.14427091337040224,62
4652,0,9641,3585,6056,0,0,0,1.0,1,1.0,1,1.0,1,0.1561018503999059,59
4653,6,9647,3585,6062,0,0,0,1.0,1,1.0,1,1.0,1,0.11672533485829216,60
4654,2,9649,3586,6063,0,0,0,1.0,1,1.0,1,1.0,1,0.16332411397782995,60
4655,3,9652,3587,6065,0,0,0,1.0,1,1.0,1,1.0,1,0.16161362270118107,60
4656,6,9658,3590,6068,0,0,0,1.0,1,1.0,1,1.0,1,0.23460540044516337,61
4657,4,9662,3590,6072,0,0,0,1.0,1,1.0,1,1.0,1,0.17261445656858565,62
4658,2,9664,3591,6073,0,0,0,1.0,1,1.0,1,1.0,1,0.17752882796286043,62
4659,1,9665,3592,6073,0,0,0,1.0,1,1.0,1,1.0,1,0.18327471374441662,61
4660,1,9666,3593,6073,0,0,0,1.0,1,1.0,1,1.0,1,0.2067204710762091,61
4661,1,9667,3593,6074,0,0,0,1.0,1,1.0,1,1.0,1,0.21695400761368913,61
4662,3,9670,3594,6076,0,0,0,1.0,1,1.0,1,1.0,1,0.1858556859202995,62
4663,2,9672,3594,6078,0,0,0,1.0,1,1.0,1,1.0,1,0.15326249833407432,61
4664,3,9675,3595,6080,0,0,0,1.0,1,1.0,1,1.0,1,0.1444073691210502,62
4665,1,9676,3595,6081,0,0,0,1.0,1,1.0,1,1.0,1,0.13536939248099808,61
4666,2,9678,3596,6082,0,0,0,1.0,1,1.0,1,1.0,1,0.11957791165377359,61
4667,0,9678,3596,6082,0,0,0,1.0,1,1.0,1,1.0,1,0.14028425065522881,59
4668,2,9680,3598,6082,0,0,0,1.0,1,1.0,1,1.0,1,0.13242338155637956,59
4669,3,9683,3599,6084,0,0,0,1.0,1,1.0,1,1.0,1,0.12682596901554535,58
4670,3,9686,3601,6085,0,0,0,1.0,1,1.0,1,1.0,1,0.1708281858519387,57
4671,0,9686,3601,6085,0,0,0,1.0,1,1.0,1,1.0,1,0.15460845267390114,55
4672,4,9690,3602,6088,0,0,0,1.0,1,1.0,1,1.0,1,0.15237932661468023,56
4673,3,9693,3602,6091,0,0,0,1.0,1,1.0,1,1.0,1,0.07791168909810796,58
4674,2,9695,3603,6092,0,0,0,1.0,1,1.0,1,1.0,1,0.09644099956355016,58
4675,1,9696,3603,6093,0,0,0,1.0,1,1.0,1,1.0,1,0.12000218931519495,57
4676,3,9699,3604,6095,0,0,0,1.0,1,1.0,1,1.0,1,0.12298942481049499,58
4677,1,9700,3604,6096,0,0,0,1.0,1,1.0,1,1.0,1,0.11752471689244794,57
4678,0,9700,3604,6096,0,0,0,1.0,1,1.0,1,1.0,1,0.11752471689244794,57
4679,0,9700,3604,6096,0,0,0,1.0,1,1.0,1,1.0,1,0.11752471689244794,57
4680,1,9701,3604,6097,0,0,0,1.0,1,1.0,1,1.0,1,0.11498598109445744,59
4681,2,9703,3606,6097,0,0,0,1.0,1,1.0,1,1.0,1,0.13091595261774264,60
4682,1,9704,3607,6097,0,0,0,1.0,1,1.0,1,1.0,1,0.1597641075699198,60
4683,2,9706,3608,6098,0,0,0,1.0,1,1.0,1,1.0,1,0.17829518894064586,60
4684,3,9709,3610,6099,0,0,0,1.0,1,1.0,1,1.0,1,0.2206392771737035,60
4685,8,9717,3611,6106,0,0,0,1.0,1,1.0,1,1.0,1,0.1665312232270439,59
4686,3,9720,3613,6107,0,0,0,1.0,1,1.0,1,1.0,1,0.1780265425287904,60
4687,3,9723,3614,6109,0,0,0,1.0,1,1.0,1,1.0,1,0.17265415344466536,59
4688,3,9726,3615,6111,0,0,0,1.0,1,1.0,1,1.0,1,0.17529441692283834,59
4689,2,9728,3616,6112,0,0,0,1.0,1,1.0,1,1.0,1,0.15844190910277423,59
4690,2,9730,3617,6113,0,0,0,1.0,1,1.0,1,1.0,1,0.18623218017732154,58
4691,2,9732,3618,6114,0,0,0,1.0,1,1.0,1,1.0,1,0.17513458585058814,57
4692,3,9735,3618,6117,0,0,0,1.0,1,1.0,1,1.0,1,0.14003386345998098,58
4693,1,9736,3618,6118,0,0,0,1.0,1,1.0,1,1.0,1,0.14409044424407974,57
4694,4,9740,3620,6120,0,0,0,1.0,1,1.0,1,1.0,1,0.17241560956922933,57
4695,0,9740,3620,6120,0,0,0,1.0,1,1.0,1,1.0,1,0.18978519386634576,56
4696,1,9741,3621,6120,0,0,0,1.0,1,1.0,1,1.0,1,0.22625629786960796,57
4697,7,9748,3621,6127,0,0,0,1.0,1,1.0,1,1.0,1,0.1570231406891421,58
4698,3,9751,3621,6130,0,0,0,1.0,1,1.0,1,1.0,1,0.14583151448752257,59
4699,1,9752,3621,6131,0,0,0,1.0,1,1.0,1,1.0,1,0.15556775391851063,58
4700,2,9754,3621,6133,0,0,0,1.0,1,1.0,1,1.0,1,0.14023923390215828,59
4701,2,9756,3621,6135,0,0,0,1.0,1,1.0,1,1.0,1,0.14762535944488325,60
4702,3,9759,3622,6137,0,0,0,1.0,1,1.0,1,1.0,1,0.13957778322161135,61
4703,5,9764,3623,6141,0,0,0,1.0,1,1.0,1,1.0,1,0.10771623814135206,59
4704,3,9767,3625,6142,0,0,0,1.0,1,1.0,1,1.0,1,0.13760226203195838,58
4705,4,9771,3627,6144,0,0,0,1.0,1,1.0,1,1.0,1,0.12816280614089706,58
4706,5,9776,3629,6147,0,0,0,1.0,1,1.0,1,1.0,1,0.14264568416980294,60
4707,2,9778,3630,6148,0,0,0,1.0,1,1.0,1,1.0,1,0.1461606594381507,57
4708,4,9782,3630,6152,0,0,0,1.0,1,1.0,1,1.0,1,0.1441421305277371,57
4709,4,9786,3631,6155,0,0,0,1.0,1,1.0,1,1.0,1,0.12923965451807845,55
4710,1,9787,3632,6155,0,0,0,1.0,1,1.0,1,1.0,1,0.17683475761159623,53
4711,1,9788,3633,6155,0,0,0,1.0,1,1.0,1,1.0,1,0.16217744778279797,52
4712,3,9791,3636,6155,0,0,0,1.0,1,1.0,1,1.0,1,0.22312908145321245,52
4713,7,9798,3638,6160,0,0,0,1.0,1,1.0,1,1.0,1,0.1536097457289644,51
4714,0,9798,3638,6160,0,0,0,1.0,1,1.0,1,1.0,1,0.15206828172982229,50
4715,2,9800,3639,6161,0,0,0,1.0,1,1.0,1,1.0,1,0.13993064301566344,50
4716,1,9801,3640,6161,0,0,0,1.0,1,1.0,1,1.0,1,0.12750245915113378,49
4717,3,9804,3642,6162,0,0,0,1.0,1,1.0,1,1.0,1,0.1278455653995576,49
4718,0,9804,3642,6162,0,0,0,1.0,1,1.0,1,1.0,1,0.13290124420051613,50
4719,1,9805,3642,6163,0,0,0,1.0,1,1.0,1,1.0,1,0.11470911759327329,49
4720,0,9805,3642,6163,0,0,0,1.0,1,1.0,1,1.0,1,0.11470911759327329,49
4721,1,9806,3642,6164,0,0,0,1.0,1,1.0,1,1.0,1,0.10048869404783677,50
4722,1,9807,3642,6165,0,0,0,1.0,1,1.0,1,1.0,1,0.10701061064896224,51
4723,1,9808,3643,6165,0,0,0,1.0,1,1.0,1,1.0,1,0.11021076612575231,50
4724,4,9812,3644,6168,0,0,0,1.0,1,1.0,1,1.0,1,0.11336954837453841,50
4725,1,9813,3645,6168,0,0,0,1.0,1,1.0,1,1.0,1,0.14380864572092936,52
4726,3,9816,3647,6169,0,0,0,1.0,1,1.0,1,1.0,1,0.15373549526091368,51
4727,1,9817,3647,6170,0,0,0,1.0,1,1.0,1,1.0,1,0.1410867955042122,52
4728,1,9818,3648,6170,0,0,0,1.0,1,1.0,1,1.0,1,0.15743826781932857,52
4729,6,9824,3650,6174,0,0,0,1.0,1,1.0,1,1.0,1,0.1741545116875547,52
4730,2,9826,3651,6175,0,0,0,1.0,1,1.0,1,1.0,1,0.19769841919181075,50
4731,1,9827,3652,6175,0,0,0,1.0,1,1.0,1,1.0,1,0.1967931828826004,51
4732,3,9830,3653,6177,0,0,0,1.0,1,1.0,1,1.0,1,0.23316429685924994,52
4733,7,9837,3655,6182,0,0,0,1.0,1,1.0,1,1.0,1,0.2660484303586112,53
4734,3,9840,3655,6185,0,0,0,1.0,1,1.0,1,1.0,1,0.22661930955998108,53
4735,2,9842,3657,6185,0,0,0,1.0,1,1.0,1,1.0,1,0.2370981863243791,53
4736,1,9843,3657,6186,0,0,0,1.0,1,1.0,1,1.0,1,0.22519282539362134,55
4737,4,9847,3657,6190,0,0,0,1.0,1,1.0,1,1.0,1,0.18981299582885783,57
4738,0,9847,3657,6190,0,0,0,1.0,1,1.0,1,1.0,1,0.18981299582885783,57
4739,2,9849,3658,6191,0,0,0,1.0,1,1.0,1,1.0,1,0.1911831866464942,57
4740,0,9849,3658,6191,0,0,0,1.0,1,1.0,1,1.0,1,0.1911831866464942,57
4741,1,9850,3658,6192,0,0,0,1.0,1,1.0,1,1.0,1,0.18391180839881363,58
4742,4,9854,3660,6194,0,0,0,1.0,1,1.0,1,1.0,1,0.18905593218890743,58
4743,1,9855,3660,6195,0,0,0,1.0,1,1.0,1,1.0,1,0.16673450543268,56
4744,1,9856,3661,6195,0,0,0,1.0,1,1.0,1,1.0,1,0.16390509538340584,57
4745,5,9861,3662,6199,0,0,0,1.0,1,1.0,1,1.0,1,0.13452455928055415,56
4746,3,9864,3664,6200,0,0,0,1.0,1,1.0,1,1.0,1,0.1323735461907598,56
4747,3,9867,3665,6202,0,0,0,1.0,1,1.0,1,1.0,1,0.08764717839365413,55
4748,3,9870,3666,6204,0,0,0,1.0,1,1.0,1,1.0,1,0.09819809162163674,55
4749,1,9871,3667,6204,0,0,0,1.0,1,1.0,1,1.0,1,0.10272341953544002,54
4750,1,9872,3668,6204,0,0,0,1.0,1,1.0,1,1.0,1,0.10331591168823241,53
4751,2,9874,3670,6204,0,0,0,1.0,1,1.0,1,1.0,1,0.15696843811647843,53
4752,1,9875,3670,6205,0,0,0,1.0,1,1.0,1,1.0,1,0.1259310276049044,53
4753,3,9878,3671,6207,0,0,0,1.0,1,1.0,1,1.0,1,0.12500830400342985,52
4754,1,9879,3672,6207,0,0,0,1.0,1,1.0,1,1.0,1,0.13327241786181335,52
4755,3,9882,3672,6210,0,0,0,1.0,1,1.0,1,1.0,1,0.12523227638322892,51
4756,2,9884,3672,6212,0,0,0,1.0,1,1.0,1,1.0,1,0.10460819745900125,52
4757,0,9884,3672,6212,0,0,0,1.0,1,1.0,1,1.0,1,0.11491517543109704,51
4758,0,9884,3672,6212,0,0,0,1.0,1,1.0,1,1.0,1,0.11491517543109704,51
4759,1,9885,3673,6212,0,0,0,1.0,1,1.0,1,1.0,1,0.13532643886838727,51
4760,3,9888,3674,6214,0,0,0,1.0,1,1.0,1,1.0,1,0.13047394037401927,52
4761,7,9895,3675,6220,0,0,0,1.0,1,1.0,1,1.0,1,0.14013531113281724,50
4762,3,9898,3675,6223,0,0,0,1.0,1,1.0,1,1.0,1,0.1394183391549368,51
4763,4,9902,3677,6225,0,0,0,1.0,1,1.0,1,1.0,1,0.13347695628110828,51
4764,5,9907,3679,6228,0,0,0,1.0,1,1.0,1,1.0,1,0.167647772634558,53
4765,4,9911,3679,6232,0,0,0,1.0,1,1.0,1,1.0,1,0.09258270855884736,53
4766,2,9913,3681,6232,0,0,0,1.0,1,1.0,1,1.0,1,0.12456495684715081,55
4767,2,9915,3682,6233,0,0,0,1.0,1,1.0,1,1.0,1,0.1434650861022477,56
4768,5,9920,3682,6238,0,0,0,1.0,1,1.0,1,1.0,1,0.11294979952435771,56
4769,1,9921,3682,6239,0,0,0,1.0,1,1.0,1,1.0,1,0.10569202958849648,56
4770,0,9921,3682,6239,0,0,0,1.0,1,1.0,1,1.0,1,0.10569202958849648,56
4771,0,9921,3682,6239,0,0,0,1.0,1,1.0,1,1.0,1,0.11283996412676074,55
4772,2,9923,3684,6239,0,0,0,1.0,1,1.0,1,1.0,1,0.13185611061239602,56
4773,2,9925,3685,6240,0,0,0,1.0,1,1.0,1,1.0,1,0.10391238187505807,56
4774,0,9925,3685,6240,0,0,0,1.0,1,1.0,1,1.0,1,0.08697371581030137,58
4775,1,9926,3686,6240,0,0,0,1.0,1,1.0,1,1.0,1,0.10798501571336694,59
4776,3,9929,3686,6243,0,0,0,1.0,1,1.0,1,1.0,1,0.08104849825213063,59
4777,2,9931,3687,6244,0,0,0,1.0,1,1.0,1,1.0,1,0.08853605454773783,60
4778,2,9933,3688,6245,0,0,0,1.0,1,1.0,1,1.0,1,0.07836724702083299,60
4779,0,9933,3688,6245,0,0,0,1.0,1,1.0,1,1.0,1,0.08663576542004213,61
4780,1,9934,3689,6245,0,0,0,1.0,1,1.0,1,1.0,1,0.12286593911684707,63
4781,3,9937,3689,6248,0,0,0,1.0,1,1.0,1,1.0,1,0.08656174558124637,62
4782,4,9941,3689,6252,0,0,0,1.0,1,1.0,1,1.0,1,0.05392139874892398,63
4783,2,9943,3691,6252,0,0,0,1.0,1,1.0,1,1.0,1,0.06354586761568944,62
4784,5,9948,3694,6254,0,0,0,1.0,1,1.0,1,1.0,1,0.10940867742594454,62
4785,7,9955,3696,6259,0,0,0,1.0,1,1.0,1,1.0,1,0.03957548407171069,62
4786,5,9960,3698,6262,0,0,0,1.0,1,1.0,1,1.0,1,0.08800481971906561,63
4787,4,9964,3699,6265,0,0,0,1.0,1,1.0,1,1.0,1,0.05637481583734833,62
4788,5,9969,3700,6269,0,0,0,1.0,1,1.0,1,1.0,1,0.0719924507771354,62
4789,1,9970,3701,6269,0,0,0,1.0,1,1.0,1,1.0,1,0.10105991426342635,60
4790,11,9981,3706,6275,0,0,0,1.0,1,1.0,1,1.0,1,0.11045545986016841,61
4791,1,9982,3706,6276,0,0,0,1.0,1,1.0,1,1.0,1,0.09905640588324022,60
4792,7,9989,3709,6280,0,0,0,1.0,1,1.0,1,1.0,1,0.1430039136587519,60
4793,9,9998,3710,6288,0,0,0,1.0,1,1.0,1,1.0,1,0.062201334003267696,61
4794,3,10001,3712,6289,0,0,0,1.0,1,1.0,1,1.0,1,0.07473865518085981,59
4795,3,10004,3712,6292,0,0,0,1.0,1,1.0,1,1.0,1,0.06514687113675968,61
4796,6,10010,3714,6296,0,0,0,1.0,1,1.0,1,1.0,1,0.07929511540054272,59
4797,2,10012,3714,6298,0,0,0,1.0,1,1.0,1,1.0,1,0.0321634725867023,58
4798,2,10014,3715,6299,0,0,0,1.0,1,1.0,1,1.0,1,0.042851073805119974,59
4799,1,10015,3716,6299,0,0,0,1.0,1,1.0,1,1.0,1,0.08205318224597889,57
4800,1,10016,3717,6299,0,0,0,1.0,1,1.0,1,1.0,1,0.09727604178921118,58
4801,6,10022,3718,6304,0,0,0,1.0,1,1.0,1,1.0,1,0.04396008110047738,57
4802,2,10024,3719,6305,0,0,0,1.0,1,1.0,1,1.0,1,0.04372298799524329,57
4803,0,10024,3719,6305,0,0,0,1.0,1,1.0,1,1.0,1,0.03812127532352533,56
4804,0,10024,3719,6305,0,0,0,1.0,1,1.0,1,1.0,1,0.034032771457510415,54
4805,1,10025,3720,6305,0,0,0,1.0,1,1.0,1,1.0,1,0.0401225610949163,56
4806,1,10026,3721,6305,0,0,0,1.0,1,1.0,1,1.0,1,0.05660269972097561,55
4807,1,10027,3722,6305,0,0,0,1.0,1,1.0,1,1.0,1,0.0658480654081663,54
4808,2,10029,3723,6306,0,0,0,1.0,1,1.0,1,1.0,1,0.07190737620497316,53
4809,0,10029,3723,6306,0,0,0,1.0,1,1.0,1,1.0,1,0.07190737620497316,53
4810,1,10030,3724,6306,0,0,0,1.0,1,1.0,1,1.0,1,0.08107514586574568,51
4811,0,10030,3724,6306,0,0,0,1.0,1,1.0,1,1.0,1,0.08879721284644557,52
4812,2,10032,3726,6306,0,0,0,1.0,1,1.0,1,1.0,1,0.13593360205975064,52
4813,3,10035,3726,6309,0,0,0,1.0,1,1.0,1,1.0,1,0.05888555512322698,52
4814,6,10041,3730,6311,0,0,0,1.0,1,1.0,1,1.0,1,0.08229434606132559,53
4815,3,10044,3731,6313,0,0,0,1.0,1,1.0,1,1.0,1,0.12469782315833909,54
4816,2,10046,3732,6314,0,0,0,1.0,1,1.0,1,1.0,1,0.11420368029326221,54
4817,11,10057,3736,6321,0,0,0,1.0,1,1.0,1,1.0,1,0.0936862047406732,55
4818,4,10061,3737,6324,0,0,0,1.0,1,1.0,1,1.0,1,0.0912701011192109,55
4819,3,10064,3738,6326,0,0,0,1.0,1,1.0,1,1.0,1,0.11412619327154569,55
4820,5,10069,3739,6330,0,0,0,1.0,1,1.0,1,1.0,1,0.11484860569931625,55
4821,3,10072,3740,6332,0,0,0,1.0,1,1.0,1,1.0,1,0.08012672473734772,55
4822,1,10073,3740,6333,0,0,0,1.0,1,1.0,1,1.0,1,0.0821314551644969,54
4823,2,10075,3740,6335,0,0,0,1.0,1,1.0,1,1.0,1,0.07231762886327522,54
4824,4,10079,3742,6337,0,0,0,1.0,1,1.0,1,1.0,1,0.05433806943141701,55
4825,1,10080,3743,6337,0,0,0,1.0,1,1.0,1,1.0,1,0.07512890429377539,53
4826,4,10084,3746,6338,0,0,0,1.0,1,1.0,1,1.0,1,0.05014827451931257,54
4827,0,10084,3746,6338,0,0,0,1.0,1,1.0,1,1.0,1,0.08166904952904612,53
4828,1,10085,3747,6338,0,0,0,1.0,1,1.0,1,1.0,1,0.06804338552210461,54
4829,1,10086,3747,6339,0,0,0,1.0,1,1.0,1,1.0,1,0.05796021520533478,54
4830,3,10089,3749,6340,0,0,0,1.0,1,1.0,1,1.0,1,0.07119311119137803,53
4831,0,10089,3749,6340,0,0,0,1.0,1,1.0,1,1.0,1,0.07248574921460321,52
4832,0,10089,3749,6340,0,0,0,1.0,1,1.0,1,1.0,1,0.1019961198504922,50
4833,1,10090,3749,6341,0,0,0,1.0,1,1.0,1,1.0,1,0.10691198373305491,51
4834,3,10093,3750,6343,0,0,0,1.0,1,1.0,1,1.0,1,0.11603920511887815,51
4835,0,10093,3750,6343,0,0,0,1.0,1,1.0,1,1.0,1,0.14722776601081825,50
4836,2,10095,3752,6343,0,0,0,1.0,1,1.0,1,1.0,1,0.17417892881597719,50
4837,3,10098,3753,6345,0,0,0,1.0,1,1.0,1,1.0,1,0.16850642775080513,46
4838,3,10101,3754,6347,0,0,0,1.0,1,1.0,1,1.0,1,0.13840931794236117,47
4839,0,10101,3754,6347,0,0,0,1.0,1,1.0,1,1.0,1,0.1326673524137374,45
4840,3,10104,3755,6349,0,0,0,1.0,1,1.0,1,1.0,1,0.14949026121229628,45
4841,2,10106,3755,6351,0,0,0,1.0,1,1.0,1,1.0,1,0.11058183708607378,43
4842,5,10111,3758,6353,0,0,0,1.0,1,1.0,1,1.0,1,0.16935825910710356,43
4843,3,10114,3759,6355,0,0,0,1.0,1,1.0,1,1.0,1,0.16294962087271483,44
4844,3,10117,3759,6358,0,0,0,1.0,1,1.0,1,1.0,1,0.18393165439892792,43
4845,7,10124,3760,6364,0,0,0,1.0,1,1.0,1,1.0,1,0.14764076972582546,44
4846,2,10126,3760,6366,0,0,0,1.0,1,1.0,1,1.0,1,0.13139652971343752,43
4847,4,10130,3763,6367,0,0,0,1.0,1,1.0,1,1.0,1,0.20683668641187303,42
4848,3,10133,3764,6369,0,0,0,1.0,1,1.0,1,1.0,1,0.2481115633826542,41
4849,6,10139,3765,6374,0,0,0,1.0,1,1.0,1,1.0,1,0.17526567543472552,41
4850,1,10140,3765,6375,0,0,0,1.0,1,1.0,1,1.0,1,0.19420996156722364,41
4851,1,10141,3765,6376,0,0,0,1.0,1,1.0,1,1.0,1,0.17721889577797284,41
4852,3,10144,3765,6379,0,0,0,1.0,1,1.0,1,1.0,1,0.16502157340116416,43
4853,2,10146,3766,6380,0,0,0,1.0,1,1.0,1,1.0,1,0.19199709909311385,44
4854,1,10147,3767,6380,0,0,0,1.0,1,1.0,1,1.0,1,0.21760705801905852,45
4855,0,10147,3767,6380,0,0,0,1.0,1,1.0,1,1.0,1,0.21542188003243506,44
4856,0,10147,3767,6380,0,0,0,1.0,1,1.0,1,1.0,1,0.21542188003243506,44
4857,5,10152,3767,6385,0,0,0,1.0,1,1.0,1,1.0,1,0.14047872043875012,44
4858,0,10152,3767,6385,0,0,0,1.0,1,1.0,1,1.0,1,0.15577007480381097,45
4859,1,10153,3767,6386,0,0,0,1.0,1,1.0,1,1.0,1,0.15408706692313356,46
4860,0,10153,3767,6386,0,0,0,1.0,1,1.0,1,1.0,1,0.15408706692313356,46
4861,0,10153,3767,6386,0,0,0,1.0,1,1.0,1,1.0,1,0.14624085302000028,46
4862,1,10154,3767,6387,0,0,0,1.0,1,1.0,1,1.0,1,0.1472982723917391,47
4863,4,10158,3768,6390,0,0,0,1.0,1,1.0,1,1.0,1,0.10907511568897207,47
4864,1,10159,3768,6391,0,0,0,1.0,1,1.0,1,1.0,1,0.10675534676468328,47
4865,1,10160,3768,6392,0,0,0,1.0,1,1.0,1,1.0,1,0.0838546650662886,48
4866,1,10161,3768,6393,0,0,0,1.0,1,1.0,1,1.0,1,0.08142281104335951,49
4867,0,10161,3768,6393,0,0,0,1.0,1,1.0,1,1.0,1,0.09454506765294465,50
4868,1,10162,3769,6393,0,0,0,1.0,1,1.0,1,1.0,1,0.08237693590176155,50
4869,0,10162,3769,6393,0,0,0,1.0,1,1.0,1,1.0,1,0.08237693590176155,50
4870,5,10167,3772,6395,0,0,0,1.0,1,1.0,1,1.0,1,0.13143263545156003,52
4871,1,10168,3772,6396,0,0,0,1.0,1,1.0,1,1.0,1,0.12797933418704585,52
4872,1,10169,3773,6396,0,0,0,1.0,1,1.0,1,1.0,1,0.13869476336373596,53
4873,6,10175,3774,6401,0,0,0,1.0,1,1.0,1,1.0,1,0.13348876431772955,55
4874,4,10179,3774,6405,0,0,0,1.0,1,1.0,1,1.0,1,0.12093434888197212,56
4875,2,10181,3775,6406,0,0,0,1.0,1,1.0,1,1.0,1,0.130215561147973,55
4876,2,10183,3776,6407,0,0,0,1.0,1,1.0,1,1.0,1,0.13035173098540023,55
4877,5,10188,3779,6409,0,0,0,1.0,1,1.0,1,1.0,1,0.15347974503915152,54
4878,2,10190,3779,6411,0,0,0,1.0,1,1.0,1,1.0,1,0.16077573981071494,53
4879,2,10192,3780,6412,0,0,0,1.0,1,1.0,1,1.0,1,0.19529637130959523,54
4880,1,10193,3780,6413,0,0,0,1.0,1,1.0,1,1.0,1,0.17683523927122785,54
4881,3,10196,3781,6415,0,0,0,1.0,1,1.0,1,1.0,1,0.1802186776029222,53
4882,5,10201,3782,6419,0,0,0,1.0,1,1.0,1,1.0,1,0.1592652382461146,53
4883,0,10201,3782,6419,0,0,0,1.0,1,1.0,1,1.0,1,0.15819481084854745,53
4884,3,10204,3783,6421,0,0,0,1.0,1,1.0,1,1.0,1,0.140972846043663,51
4885,1,10205,3784,6421,0,0,0,1.0,1,1.0,1,1.0,1,0.1483768486166938,50
4886,0,10205,3784,6421,0,0,0,1.0,1,1.0,1,1.0,1,0.15534828950048973,48
4887,0,10205,3784,6421,0,0,0,1.0,1,1.0,1,1.0,1,0.15534828950048973,48
4888,1,10206,3785,6421,0,0,0,1.0,1,1.0,1,1.0,1,0.1732109501986002,48
4889,1,10207,3785,6422,0,0,0,1.0,1,1.0,1,1.0,1,0.1645666688057114,48
4890,1,10208,3785,6423,0,0,0,1.0,1,1.0,1,1.0,1,0.14798032781675227,49
4891,1,10209,3786,6423,0,0,0,1.0,1,1.0,1,1.0,1,0.18490581455829116,50
4892,1,10210,3786,6424,0,0,0,1.0,1,1.0,1,1.0,1,0.16672791871439321,49
4893,1,10211,3786,6425,0,0,0,1.0,1,1.0,1,1.0,1,0.14577473242101102,50
4894,1,10212,3786,6426,0,0,0,1.0,1,1.0,1,1.0,1,0.12516521912885625,51
4895,2,10214,3786,6428,0,0,0,1.0,1,1.0,1,1.0,1,0.13218505341533274,52
4896,1,10215,3786,6429,0,0,0,1.0,1,1.0,1,1.0,1,0.13839156366294403,53
4897,0,10215,3786,6429,0,0,0,1.0,1,1.0,1,1.0,1,0.13839156366294403,53
4898,0,10215,3786,6429,0,0,0,1.0,1,1.0,1,1.0,1,0.13839156366294403,53
4899,2,10217,3787,6430,0,0,0,1.0,1,1.0,1,1.0,1,0.12518988744918486,55
4900,1,10218,3788,6430,0,0,0,1.0,1,1.0,1,1.0,1,0.11440100882136486,55
4901,2,10220,3789,6431,0,0,0,1.0,1,1.0,1,1.0,1,0.12303936909724274,56
4902,4,10224,3792,6432,0,0,0,1.0,1,1.0,1,1.0,1,0.16660008133579662,58
4903,7,10231,3796,6435,0,0,0,1.0,1,1.0,1,1.0,1,0.14724298668294064,58
4904,3,10234,3798,6436,0,0,0,1.0,1,1.0,1,1.0,1,0.15117164953216136,57
4905,3,10237,3799,6438,0,0,0,1.0,1,1.0,1,1.0,1,0.12237004633599412,54
4906,2,10239,3800,6439,0,0,0,1.0,1,1.0,1,1.0,1,0.13827130245862226,55
4907,0,10239,3800,6439,0,0,0,1.0,1,1.0,1,1.0,1,0.1412481185048915,52
4908,2,10241,3801,6440,0,0,0,1.0,1,1.0,1,1.0,1,0.14262487395492454,53
4909,2,10243,3801,6442,0,0,0,1.0,1,1.0,1,1.0,1,0.11551310584120561,52
4910,2,10245,3802,6443,0,0,0,1.0,1,1.0,1,1.0,1,0.14037845758630346,53
4911,2,10247,3802,6445,0,0,0,1.0,1,1.0,1,1.0,1,0.13508584656406117,55
4912,2,10249,3803,6446,0,0,0,1.0,1,1.0,1,1.0,1,0.14594958906886102,54
4913,2,10251,3803,6448,0,0,0,1.0,1,1.0,1,1.0,1,0.1130298241605915,53
4914,2,10253,3803,6450,0,0,0,1.0,1,1.0,1,1.0,1,0.09410083810755913,53
4915,2,10255,3804,6451,0,0,0,1.0,1,1.0,1,1.0,1,0.10138794951289834,54
4916,3,10258,3806,6452,0,0,0,1.0,1,1.0,1,1.0,1,0.13337777027736716,52
4917,3,10261,3807,6454,0,0,0,1.0,1,1.0,1,1.0,1,0.13206075258990774,52
4918,1,10262,3808,6454,0,0,0,1.0,1,1.0,1,1.0,1,0.18577145247722535,51
4919,0,10262,3808,6454,0,0,0,1.0,1,1.0,1,1.0,1,0.196812659991065,50
4920,1,10263,3808,6455,0,0,0,1.0,1,1.0,1,1.0,1,0.15988058460175616,51
4921,4,10267,3809,6458,0,0,0,1.0,1,1.0,1,1.0,1,0.1363280264711294,51
4922,0,10267,3809,6458,0,0,0,1.0,1,1.0,1,1.0,1,0.14611089841736424,53
4923,2,10269,3810,6459,0,0,0,1.0,1,1.0,1,1.0,1,0.1294134114014076,53
4924,1,10270,3810,6460,0,0,0,1.0,1,1.0,1,1.0,1,0.12705503812304775,55
4925,1,10271,3811,6460,0,0,0,1.0,1,1.0,1,1.0,1,0.1113243264029149,56
4926,0,10271,3811,6460,0,0,0,1.0,1,1.0,1,1.0,1,0.10232236774203929,55
4927,1,10272,3812,6460,0,0,0,1.0,1,1.0,1,1.0,1,0.10193403662660634,55
4928,1,10273,3812,6461,0,0,0,1.0,1,1.0,1,1.0,1,0.07876054079914585,55
4929,1,10274,3812,6462,0,0,0,1.0,1,1.0,1,1.0,1,0.05566598889717043,56
4930,5,10279,3815,6464,0,0,0,1.0,1,1.0,1,1.0,1,0.1345695590530974,58
4931,2,10281,3815,6466,0,0,0,1.0,1,1.0,1,1.0,1,0.1219486288807108,59
4932,0,10281,3815,6466,0,0,0,1.0,1,1.0,1,1.0,1,0.12601404372465724,60
4933,1,10282,3815,6467,0,0,0,1.0,1,1.0,1,1.0,1,0.1159623986714475,60
4934,0,10282,3815,6467,0,0,0,1.0,1,1.0,1,1.0,1,0.1159623986714475,60
4935,1,10283,3815,6468,0,0,0,1.0,1,1.0,1,1.0,1,0.09587677617969649,60
4936,2,10285,3817,6468,0,0,0,1.0,1,1.0,1,1.0,1,0.13468256933650066,61
4937,2,10287,3817,6470,0,0,0,1.0,1,1.0,1,1.0,1,0.13121144684342131,62
4938,1,10288,3817,6471,0,0,0,1.0,1,1.0,1,1.0,1,0.10877472393202316,62
4939,5,10293,3820,6473,0,0,0,1.0,1,1.0,1,1.0,1,0.13916706833181047,64
4940,4,10297,3820,6477,0,0,0,1.0,1,1.0,1,1.0,1,0.12069251339156437,67
4941,3,10300,3820,6480,0,0,0,1.0,1,1.0,1,1.0,1,0.11341082652277823,66
4942,2,10302,3821,6481,0,0,0,1.0,1,1.0,1,1.0,1,0.10404159320918943,67
4943,0,10302,3821,6481,0,0,0,1.0,1,1.0,1,1.0,1,0.12183525233834294,65
4944,2,10304,3822,6482,0,0,0,1.0,1,1.0,1,1.0,1,0.11204694216843197,65
4945,3,10307,3824,6483,0,0,0,1.0,1,1.0,1,1.0,1,0.09910127500976408,62
4946,1,10308,3825,6483,0,0,0,1.0,1,1.0,1,1.0,1,0.10898336474014685,61
4947,6,10314,3828,6486,0,0,0,1.0,1,1.0,1,1.0,1,0.09466059432669219,59
4948,4,10318,3832,6486,0,0,0,1.0,1,1.0,1,1.0,1,0.13314935443056689,59
4949,2,10320,3832,6488,0,0,0,1.0,1,1.0,1,1.0,1,0.0827659441289054,57
4950,10,10330,3836,6494,0,0,0,1.0,1,1.0,1,1.0,1,0.09131173466153718,58
4951,3,10333,3839,6494,0,0,0,1.0,1,1.0,1,1.0,1,0.09691347785182537,55
4952,2,10335,3841,6494,0,0,0,1.0,1,1.0,1,1.0,1,0.13469070557346138,53
4953,8,10343,3844,6499,0,0,0,1.0,1,1.0,1,1.0,1,0.14554927415310992,54
4954,1,10344,3844,6500,0,0,0,1.0,1,1.0,1,1.0,1,0.09625182192584912,52
4955,3,10347,3846,6501,0,0,0,1.0,1,1.0,1,1.0,1,0.13892072437936098,51
4956,0,10347,3846,6501,0,0,0,1.0,1,1.0,1,1.0,1,0.10055060814981903,47
4957,3,10350,3846,6504,0,0,0,1.0,1,1.0,1,1.0,1,0.08218805921095404,48
4958,1,10351,3846,6505,0,0,0,1.0,1,1.0,1,1.0,1,0.08690377071768021,47
4959,1,10352,3846,6506,0,0,0,1.0,1,1.0,1,1.0,1,0.0890336211438297,47
4960,1,10353,3846,6507,0,0,0,1.0,1,1.0,1,1.0,1,0.05933427697866478,48
4961,3,10356,3848,6508,0,0,0,1.0,1,1.0,1,1.0,1,0.09576491569841233,49
4962,0,10356,3848,6508,0,0,0,1.0,1,1.0,1,1.0,1,0.09576491569841233,49
4963,1,10357,3848,6509,0,0,0,1.0,1,1.0,1,1.0,1,0.08273054571030777,51
4964,2,10359,3850,6509,0,0,0,1.0,1,1.0,1,1.0,1,0.13271363715475135,51
4965,2,10361,3850,6511,0,0,0,1.0,1,1.0,1,1.0,1,0.10812416263211753,51
4966,4,10365,3851,6514,0,0,0,1.0,1,1.0,1,1.0,1,0.07533861081223168,51
4967,1,10366,3852,6514,0,0,0,1.0,1,1.0,1,1.0,1,0.10948596446309955,51
4968,3,10369,3854,6515,0,0,0,1.0,1,1.0,1,1.0,1,0.112432528614703,52
4969,3,10372,3855,6517,0,0,0,1.0,1,1.0,1,1.0,1,0.09558253819564515,53
4970,1,10373,3856,6517,0,0,0,1.0,1,1.0,1,1.0,1,0.1352195451828964,54
4971,2,10375,3856,6519,0,0,0,1.0,1,1.0,1,1.0,1,0.10497512402707913,55
4972,5,10380,3859,6521,0,0,0,1.0,1,1.0,1,1.0,1,0.19089369910800108,56
4973,6,10386,3860,6526,0,0,0,1.0,1,1.0,1,1.0,1,0.10180716554236319,57
4974,3,10389,3861,6528,0,0,0,1.0,1,1.0,1,1.0,1,0.10667618874477339,56
4975,2,10391,3861,6530,0,0,0,1.0,1,1.0,1,1.0,1,0.07777439251157486,57
4976,0,10391,3861,6530,0,0,0,1.0,1,1.0,1,1.0,1,0.07801147644680025,57
4977,1,10392,3861,6531,0,0,0,1.0,1,1.0,1,1.0,1,0.05864318081067023,57
4978,3,10395,3863,6532,0,0,0,1.0,1,1.0,1,1.0,1,0.09076124086713458,58
4979,1,10396,3864,6532,0,0,0,1.0,1,1.0,1,1.0,1,0.12147047387502086,58
4980,3,10399,3864,6535,0,0,0,1.0,1,1.0,1,1.0,1,0.08456234218584795,59
4981,3,10402,3865,6537,0,0,0,1.0,1,1.0,1,1.0,1,0.08963881190461669,60
4982,2,10404,3866,6538,0,0,0,1.0,1,1.0,1,1.0,1,0.07730098233953943,61
4983,3,10407,3868,6539,0,0,0,1.0,1,1.0,1,1.0,1,0.08580600452306675,61
4984,1,10408,3869,6539,0,0,0,1.0,1,1.0,1,1.0,1,0.08931079631377563,59
4985,1,10409,3869,6540,0,0,0,1.0,1,1.0,1,1.0,1,0.09637086579922452,58
4986,1,10410,3870,6540,0,0,0,1.0,1,1.0,1,1.0,1,0.10462123242427798,59
4987,4,10414,3873,6541,0,0,0,1.0,1,1.0,1,1.0,1,0.1372938089950787,58
4988,6,10420,3874,6546,0,0,0,1.0,1,1.0,1,1.0,1,0.10472168381574523,57
4989,3,10423,3875,6548,0,0,0,1.0,1,1.0,1,1.0,1,0.10169731690574949,54
4990,3,10426,3876,6550,0,0,0,1.0,1,1.0,1,1.0,1,0.11218359186882572,53
4991,4,10430,3879,6551,0,0,0,1.0,1,1.0,1,1.0,1,0.1504198860430011,52
4992,4,10434,3881,6553,0,0,0,1.0,1,1.0,1,1.0,1,0.16785260672523256,48
4993,3,10437,3882,6555,0,0,0,1.0,1,1.0,1,1.0,1,0.1449946380549392,48
4994,2,10439,3883,6556,0,0,0,1.0,1,1.0,1,1.0,1,0.1448291502556874,45
4995,1,10440,3884,6556,0,0,0,1.0,1,1.0,1,1.0,1,0.1544461533587787,45
4996,2,10442,3885,6557,0,0,0,1.0,1,1.0,1,1.0,1,0.12965537178883899,45
4997,3,10445,3885,6560,0,0,0,1.0,1,1.0,1,1.0,1,0.11582043303113358,42
4998,0,10445,3885,6560,0,0,0,1.0,1,1.0,1,1.0,1,0.11879143960800284,44
4999,2,10447,3887,6560,0,0,0,1.0,1,1.0,1,1.0,1,0.14623781640572964,44
5000,1,10448,3888,6560,0,0,0,1.0,1,1.0,1,1.0,1,0.18189080561058696,42
5001,5,10453,3888,6565,0,0,0,1.0,1,1.0,1,1.0,1,0.15414164462674002,42
5002,3,10456,3890,6566,0,0,0,1.0,1,1.0,1,1.0,1,0.1752627176428844,41
5003,4,10460,3891,6569,0,0,0,1.0,1,1.0,1,1.0,1,0.21959453510697818,41
5004,2,10462,3891,6571,0,0,0,1.0,1,1.0,1,1.0,1,0.22767406225857215,41
5005,2,10464,3891,6573,0,0,0,1.0,1,1.0,1,1.0,1,0.20416786507859572,41
5006,1,10465,3891,6574,0,0,0,1.0,1,1.0,1,1.0,1,0.17863769005130606,42
5007,0,10465,3891,6574,0,0,0,1.0,1,1.0,1,1.0,1,0.1683488674574807,43
5008,2,10467,3891,6576,0,0,0,1.0,1,1.0,1,1.0,1,0.1657238378648368,46
5009,0,10467,3891,6576,0,0,0,1.0,1,1.0,1,1.0,1,0.1657238378648368,46
5010,0,10467,3891,6576,0,0,0,1.0,1,1.0,1,1.0,1,0.16855226445665325,46
5011,0,10467,3891,6576,0,0,0,1.0,1,1.0,1,1.0,1,0.15552241673384748,47
5012,0,10467,3891,6576,0,0,0,1.0,1,1.0,1,1.0,1,0.1532655317754212,48
5013,0,10467,3891,6576,0,0,0,1.0,1,1.0,1,1.0,1,0.1532655317754212,48
5014,0,10467,3891,6576,0,0,0,1.0,1,1.0,1,1.0,1,0.16300484882338068,49
5015,2,10469,3892,6577,0,0,0,1.0,1,1.0,1,1.0,1,0.1442940377912513,50
5016,2,10471,3893,6578,0,0,0,1.0,1,1.0,1,1.0,1,0.18305337709983682,51
5017,3,10474,3893,6581,0,0,0,1.0,1,1.0,1,1.0,1,0.12560561732669803,51
5018,0,10474,3893,6581,0,0,0,1.0,1,1.0,1,1.0,1,0.12560561732669803,51
5019,2,10476,3895,6581,0,0,0,1.0,1,1.0,1,1.0,1,0.156402297914401,51
5020,0,10476,3895,6581,0,0,0,1.0,1,1.0,1,1.0,1,0.156402297914401,51
5021,3,10479,3896,6583,0,0,0,1.0,1,1.0,1,1.0,1,0.12018943910856818,52
5022,0,10479,3896,6583,0,0,0,1.0,1,1.0,1,1.0,1,0.12018943910856818,52
5023,6,10485,3899,6586,0,0,0,1.0,1,1.0,1,1.0,1,0.10988456171059303,52
5024,5,10490,3902,6588,0,0,0,1.0,1,1.0,1,1.0,1,0.12058242735908287,51
5025,2,10492,3902,6590,0,0,0,1.0,1,1.0,1,1.0,1,0.08416956679524572,50
5026,1,10493,3903,6590,0,0,0,1.0,1,1.0,1,1.0,1,0.14554986308856077,49
5027,3,10496,3905,6591,0,0,0,1.0,1,1.0,1,1.0,1,0.15373410255981076,47
5028,3,10499,3907,6592,0,0,0,1.0,1,1.0,1,1.0,1,0.20296595533090322,47
5029,5,10504,3908,6596,0,0,0,1.0,1,1.0,1,1.0,1,0.16240719432446865,46
5030,1,10505,3908,6597,0,0,0,1.0,1,1.0,1,1.0,1,0.14022556095609018,48
5031,0,10505,3908,6597,0,0,0,1.0,1,1.0,1,1.0,1,0.15159923311292675,46
5032,1,10506,3909,6597,0,0,0,1.0,1,1.0,1,1.0,1,0.18782437187089202,46
5033,5,10511,3911,6600,0,0,0,1.0,1,1.0,1,1.0,1,0.1250803126947724,47
5034,1,10512,3912,6600,0,0,0,1.0,1,1.0,1,1.0,1,0.14747559458071502,48
5035,2,10514,3912,6602,0,0,0,1.0,1,1.0,1,1.0,1,0.1356668748174788,47
5036,1,10515,3913,6602,0,0,0,1.0,1,1.0,1,1.0,1,0.12684300515831629,47
5037,0,10515,3913,6602,0,0,0,1.0,1,1.0,1,1.0,1,0.11443257529095462,47
5038,1,10516,3914,6602,0,0,0,1.0,1,1.0,1,1.0,1,0.12751048253174938,48
5039,0,10516,3914,6602,0,0,0,1.0,1,1.0,1,1.0,1,0.1150050204674535,47
5040,0,10516,3914,6602,0,0,0,1.0,1,1.0,1,1.0,1,0.12022901724157901,48
5041,3,10519,3914,6605,0,0,0,1.0,1,1.0,1,1.0,1,0.07939108377101553,49
5042,0,10519,3914,6605,0,0,0,1.0,1,1.0,1,1.0,1,0.09331451999890897,50
5043,0,10519,3914,6605,0,0,0,1.0,1,1.0,1,1.0,1,0.0735445570761853,51
5044,0,10519,3914,6605,0,0,0,1.0,1,1.0,1,1.0,1,0.0735445570761853,51
5045,1,10520,3915,6605,0,0,0,1.0,1,1.0,1,1.0,1,0.06909737760864898,51
5046,1,10521,3916,6605,0,0,0,1.0,1,1.0,1,1.0,1,0.10127021545904223,52
5047,1,10522,3916,6606,0,0,0,1.0,1,1.0,1,1.0,1,0.09958388532199933,52
5048,0,10522,3916,6606,0,0,0,1.0,1,1.0,1,1.0,1,0.09958388532199933,52
5049,2,10524,3916,6608,0,0,0,1.0,1,1.0,1,1.0,1,0.12111430720973737,52
5050,3,10527,3917,6610,0,0,0,1.0,1,1.0,1,1.0,1,0.11092069692414798,55
5051,4,10531,3917,6614,0,0,0,1.0,1,1.0,1,1.0,1,0.11986827145534178,55
5052,2,10533,3917,6616,0,0,0,1.0,1,1.0,1,1.0,1,0.09092071845467646,55
5053,1,10534,3917,6617,0,0,0,1.0,1,1.0,1,1.0,1,0.08761576308276321,54
5054,1,10535,3918,6617,0,0,0,1.0,1,1.0,1,1.0,1,0.09975684583735507,54
5055,1,10536,3918,6618,0,0,0,1.0,1,1.0,1,1.0,1,0.10124797857772573,54
5056,0,10536,3918,6618,0,0,0,1.0,1,1.0,1,1.0,1,0.11227960312994825,55
5057,2,10538,3918,6620,0,0,0,1.0,1,1.0,1,1.0,1,0.09943947041472304,56
5058,2,10540,3918,6622,0,0,0,1.0,1,1.0,1,1.0,1,0.09623385234193048,58
5059,1,10541,3918,6623,0,0,0,1.0,1,1.0,1,1.0,1,0.08283193689814518,58
5060,2,10543,3919,6624,0,0,0,1.0,1,1.0,1,1.0,1,0.08267084111498793,59
5061,1,10544,3919,6625,0,0,0,1.0,1,1.0,1,1.0,1,0.08236469951061784,58
5062,2,10546,3921,6625,0,0,0,1.0,1,1.0,1,1.0,1,0.08597392708850012,58
5063,12,10558,3927,6631,0,0,0,1.0,1,1.0,1,1.0,1,0.12504827655114378,57
5064,5,10563,3929,6634,0,0,0,1.0,1,1.0,1,1.0,1,0.14245035679130297,57
5065,3,10566,3931,6635,0,0,0,1.0,1,1.0,1,1.0,1,0.16826554519225692,56
5066,4,10570,3933,6637,0,0,0,1.0,1,1.0,1,1.0,1,0.2012258392487741,55
5067,1,10571,3933,6638,0,0,0,1.0,1,1.0,1,1.0,1,0.1666159169033087,54
5068,4,10575,3935,6640,0,0,0,1.0,1,1.0,1,1.0,1,0.17329516121147168,54
5069,6,10581,3935,6646,0,0,0,1.0,1,1.0,1,1.0,1,0.0897594964134653,53
5070,2,10583,3936,6647,0,0,0,1.0,1,1.0,1,1.0,1,0.1227952246038504,53
5071,4,10587,3938,6649,0,0,0,1.0,1,1.0,1,1.0,1,0.14135657161171844,53
5072,3,10590,3939,6651,0,0,0,1.0,1,1.0,1,1.0,1,0.12729120730032034,53
5073,4,10594,3939,6655,0,0,0,1.0,1,1.0,1,1.0,1,0.09151948454089752,53
5074,0,10594,3939,6655,0,0,0,1.0,1,1.0,1,1.0,1,0.08153526966993824,52
5075,0,10594,3939,6655,0,0,0,1.0,1,1.0,1,1.0,1,0.08153526966993824,52
5076,1,10595,3940,6655,0,0,0,1.0,1,1.0,1,1.0,1,0.07713492344124186,55
5077,2,10597,3941,6656,0,0,0,1.0,1,1.0,1,1.0,1,0.08825655471278154,55
5078,0,10597,3941,6656,0,0,0,1.0,1,1.0,1,1.0,1,0.08825655471278154,55
5079,0,10597,3941,6656,0,0,0,1.0,1,1.0,1,1.0,1,0.10426059239149967,54
5080,1,10598,3942,6656,0,0,0,1.0,1,1.0,1,1.0,1,0.12000782210415958,55
5081,2,10600,3942,6658,0,0,0,1.0,1,1.0,1,1.0,1,0.10310072204189635,57
5082,0,10600,3942,6658,0,0,0,1.0,1,1.0,1,1.0,1,0.10310072204189635,57
5083,1,10601,3942,6659,0,0,0,1.0,1,1.0,1,1.0,1,0.0881432144472718,58
5084,0,10601,3942,6659,0,0,0,1.0,1,1.0,1,1.0,1,0.0881432144472718,58
5085,2,10603,3943,6660,0,0,0,1.0,1,1.0,1,1.0,1,0.09449105444939196,59
5086,1,10604,3944,6660,0,0,0,1.0,1,1.0,1,1.0,1,0.08452996217455022,60
5087,3,10607,3946,6661,0,0,0,1.0,1,1.0,1,1.0,1,0.1453970996408716,61
5088,6,10613,3948,6665,0,0,0,1.0,1,1.0,1,1.0,1,0.1623760552107903,62
5089,2,10615,3949,6666,0,0,0,1.0,1,1.0,1,1.0,1,0.1275131661213014,63
5090,0,10615,3949,6666,0,0,0,1.0,1,1.0,1,1.0,1,0.1275131661213014,63
5091,4,10619,3951,6668,0,0,0,1.0,1,1.0,1,1.0,1,0.11653034873180176,63
5092,0,10619,3951,6668,0,0,0,1.0,1,1.0,1,1.0,1,0.11653034873180176,63
5093,7,10626,3955,6671,0,0,0,1.0,1,1.0,1,1.0,1,0.09298684458222022,63
5094,5,10631,3958,6673,0,0,0,1.0,1,1.0,1,1.0,1,0.1115311129147306,64
5095,6,10637,3959,6678,0,0,0,1.0,1,1.0,1,1.0,1,0.13549852292285242,64
5096,4,10641,3959,6682,0,0,0,1.0,1,1.0,1,1.0,1,0.14816144377865392,67
5097,7,10648,3959,6689,0,0,0,1.0,1,1.0,1,1.0,1,0.07258754039034215,67
5098,1,10649,3960,6689,0,0,0,1.0,1,1.0,1,1.0,1,0.08219682787401358,68
5099,3,10652,3960,6692,0,0,0,1.0,1,1.0,1,1.0,1,0.06586978403652595,70
5100,0,10652,3960,6692,0,0,0,1.0,1,1.0,1,1.0,1,0.07344001803611393,71
5101,2,10654,3961,6693,0,0,0,1.0,1,1.0,1,1.0,1,0.06799438952765051,71
5102,1,10655,3962,6693,0,0,0,1.0,1,1.0,1,1.0,1,0.09643684696416427,70
5103,1,10656,3963,6693,0,0,0,1.0,1,1.0,1,1.0,1,0.0834421497179369,67
5104,4,10660,3966,6694,0,0,0,1.0,1,1.0,1,1.0,1,0.09836141880261681,67
5105,4,10664,3970,6694,0,0,0,1.0,1,1.0,1,1.0,1,0.1282240635025062,63
5106,3,10667,3971,6696,0,0,0,1.0,1,1.0,1,1.0,1,0.13768135263100773,63
5107,4,10671,3973,6698,0,0,0,1.0,1,1.0,1,1.0,1,0.13320812564309267,60
5108,3,10674,3975,6699,0,0,0,1.0,1,1.0,1,1.0,1,0.13059255312501805,56
5109,3,10677,3976,6701,0,0,0,1.0,1,1.0,1,1.0,1,0.11745534699496939,56
5110,2,10679,3977,6702,0,0,0,1.0,1,1.0,1,1.0,1,0.07662536966045354,52
5111,6,10685,3983,6702,0,0,0,1.0,1,1.0,1,1.0,1,0.14423795341192622,51
5112,2,10687,3984,6703,0,0,0,1.0,1,1.0,1,1.0,1,0.1335551478539651,50
5113,4,10691,3986,6705,0,0,0,1.0,1,1.0,1,1.0,1,0.14255706948858674,48
5114,1,10692,3987,6705,0,0,0,1.0,1,1.0,1,1.0,1,0.12087344829376823,46
5115,0,10692,3987,6705,0,0,0,1.0,1,1.0,1,1.0,1,0.10752231141468996,44
5116,2,10694,3989,6705,0,0,0,1.0,1,1.0,1,1.0,1,0.1314044547714578,44
5117,0,10694,3989,6705,0,0,0,1.0,1,1.0,1,1.0,1,0.12222756927903877,46
5118,0,10694,3989,6705,0,0,0,1.0,1,1.0,1,1.0,1,0.12222756927903877,46
5119,0,10694,3989,6705,0,0,0,1.0,1,1.0,1,1.0,1,0.12222756927903877,46
5120,2,10696,3989,6707,0,0,0,1.0,1,1.0,1,1.0,1,0.09656456793228829,46
5121,1,10697,3990,6707,0,0,0,1.0,1,1.0,1,1.0,1,0.10359771742340124,46
5122,3,10700,3993,6707,0,0,0,1.0,1,1.0,1,1.0,1,0.16994517119368494,46
5123,5,10705,3995,6710,0,0,0,1.0,1,1.0,1,1.0,1,0.14836576647957453,45
5124,3,10708,3996,6712,0,0,0,1.0,1,1.0,1,1.0,1,0.13664060676496936,47
5125,3,10711,3996,6715,0,0,0,1.0,1,1.0,1,1.0,1,0.12316565263576419,50
5126,2,10713,3997,6716,0,0,0,1.0,1,1.0,1,1.0,1,0.11149220263139048,50
5127,2,10715,3997,6718,0,0,0,1.0,1,1.0,1,1.0,1,0.09660752834862633,52
5128,0,10715,3997,6718,0,0,0,1.0,1,1.0,1,1.0,1,0.1060915064892177,53
5129,4,10719,3997,6722,0,0,0,1.0,1,1.0,1,1.0,1,0.11029290305373728,55
5130,2,10721,3998,6723,0,0,0,1.0,1,1.0,1,1.0,1,0.11734356919425408,55
5131,0,10721,3998,6723,0,0,0,1.0,1,1.0,1,1.0,1,0.12584038012358578,54
5132,0,10721,3998,6723,0,0,0,1.0,1,1.0,1,1.0,1,0.14004218306619381,54
5133,2,10723,3998,6725,0,0,0,1.0,1,1.0,1,1.0,1,0.10586187728453278,54
5134,0,10723,3998,6725,0,0,0,1.0,1,1.0,1,1.0,1,0.12253842658427536,53
5135,0,10723,3998,6725,0,0,0,1.0,1,1.0,1,1.0,1,0.13126420080761916,54
5136,1,10724,3998,6726,0,0,0,1.0,1,1.0,1,1.0,1,0.15873633051986055,54
5137,4,10728,3999,6729,0,0,0,1.0,1,1.0,1,1.0,1,0.09918275987621909,54
5138,1,10729,4000,6729,0,0,0,1.0,1,1.0,1,1.0,1,0.1295958072611329,54
5139,1,10730,4001,6729,0,0,0,1.0,1,1.0,1,1.0,1,0.115290839508535,55
5140,3,10733,4004,6729,0,0,0,1.0,1,1.0,1,1.0,1,0.15678882918188541,55
5141,6,10739,4004,6735,0,0,0,1.0,1,1.0,1,1.0,1,0.131023399989621,53
5142,4,10743,4006,6737,0,0,0,1.0,1,1.0,1,1.0,1,0.10441960902682429,54
5143,2,10745,4007,6738,0,0,0,1.0,1,1.0,1,1.0,1,0.1025873352987478,52
5144,6,10751,4009,6742,0,0,0,1.0,1,1.0,1,1.0,1,0.06646555051509236,50
5145,2,10753,4011,6742,0,0,0,1.0,1,1.0,1,1.0,1,0.0866130726891563,49
5146,1,10754,4011,6743,0,0,0,1.0,1,1.0,1,1.0,1,0.07624892804452289,49
5147,0,10754,4011,6743,0,0,0,1.0,1,1.0,1,1.0,1,0.06758987902292601,46
5148,1,10755,4012,6743,0,0,0,1.0,1,1.0,1,1.0,1,0.08852027537708648,46
5149,3,10758,4013,6745,0,0,0,1.0,1,1.0,1,1.0,1,0.09235403526593815,45
5150,4,10762,4016,6746,0,0,0,1.0,1,1.0,1,1.0,1,0.11129075066202608,47
5151,2,10764,4017,6747,0,0,0,1.0,1,1.0,1,1.0,1,0.11805729255486995,46
5152,7,10771,4020,6751,0,0,0,1.0,1,1.0,1,1.0,1,0.12973007816812274,46
5153,0,10771,4020,6751,0,0,0,1.0,1,1.0,1,1.0,1,0.12396686034045926,45
5154,1,10772,4020,6752,0,0,0,1.0,1,1.0,1,1.0,1,0.14361511011119688,47
5155,3,10775,4021,6754,0,0,0,1.0,1,1.0,1,1.0,1,0.16858285977712856,47
5156,4,10779,4023,6756,0,0,0,1.0,1,1.0,1,1.0,1,0.19243182773778983,47
5157,3,10782,4023,6759,0,0,0,1.0,1,1.0,1,1.0,1,0.11431661129536132,46
5158,0,10782,4023,6759,0,0,0,1.0,1,1.0,1,1.0,1,0.11798173226123171,47
5159,1,10783,4023,6760,0,0,0,1.0,1,1.0,1,1.0,1,0.11607890033385841,49
5160,1,10784,4023,6761,0,0,0,1.0,1,1.0,1,1.0,1,0.1174132253145076,48
5161,1,10785,4023,6762,0,0,0,1.0,1,1.0,1,1.0,1,0.1090841132977755,48
5162,0,10785,4023,6762,0,0,0,1.0,1,1.0,1,1.0,1,0.10446395529891744,49
5163,1,10786,4023,6763,0,0,0,1.0,1,1.0,1,1.0,1,0.10606207899621245,51
5164,0,10786,4023,6763,0,0,0,1.0,1,1.0,1,1.0,1,0.10606207899621245,51
5165,5,10791,4025,6766,0,0,0,1.0,1,1.0,1,1.0,1,0.11178858308568032,52
5166,2,10793,4027,6766,0,0,0,1.0,1,1.0,1,1.0,1,0.12564192312629152,52
5167,4,10797,4029,6768,0,0,0,1.0,1,1.0,1,1.0,1,0.1546662817489611,52
5168,2,10799,4029,6770,0,0,0,1.0,1,1.0,1,1.0,1,0.13134516502702734,52
5169,6,10805,4030,6775,0,0,0,1.0,1,1.0,1,1.0,1,0.0680635316840215,53
5170,0,10805,4030,6775,0,0,0,1.0,1,1.0,1,1.0,1,0.0680635316840215,53
5171,0,10805,4030,6775,0,0,0,1.0,1,1.0,1,1.0,1,0.07658501894243104,52
5172,2,10807,4031,6776,0,0,0,1.0,1,1.0,1,1.0,1,0.09810471514552753,53
5173,1,10808,4031,6777,0,0,0,1.0,1,1.0,1,1.0,1,0.1098249570582376,54
5174,1,10809,4031,6778,0,0,0,1.0,1,1.0,1,1.0,1,0.09782015124676677,56
5175,1,10810,4031,6779,0,0,0,1.0,1,1.0,1,1.0,1,0.08641801588268207,58
5176,0,10810,4031,6779,0,0,0,1.0,1,1.0,1,1.0,1,0.08641801588268207,58
5177,1,10811,4031,6780,0,0,0,1.0,1,1.0,1,1.0,1,0.08241097919822009,59
5178,4,10815,4035,6780,0,0,0,1.0,1,1.0,1,1.0,1,0.12894001880675754,57
5179,1,10816,4035,6781,0,0,0,1.0,1,1.0,1,1.0,1,0.11561850064492198,58
5180,0,10816,4035,6781,0,0,0,1.0,1,1.0,1,1.0,1,0.10767687944952664,56
5181,3,10819,4036,6783,0,0,0,1.0,1,1.0,1,1.0,1,0.07029730033659022,57
5182,1,10820,4037,6783,0,0,0,1.0,1,1.0,1,1.0,1,0.08212773363325043,56
5183,0,10820,4037,6783,0,0,0,1.0,1,1.0,1,1.0,1,0.09555956540059472,57
5184,3,10823,4039,6784,0,0,0,1.0,1,1.0,1,1.0,1,0.107493542987463,56
5185,1,10824,4040,6784,0,0,0,1.0,1,1.0,1,1.0,1,0.10604114086733198,56
5186,2,10826,4042,6784,0,0,0,1.0,1,1.0,1,1.0,1,0.142553838376763,54
5187,4,10830,4042,6788,0,0,0,1.0,1,1.0,1,1.0,1,0.05976297859211596,51
5188,1,10831,4043,6788,0,0,0,1.0,1,1.0,1,1.0,1,0.0886188434354731,50
5189,0,10831,4043,6788,0,0,0,1.0,1,1.0,1,1.0,1,0.10364294902321929,49
5190,0,10831,4043,6788,0,0,0,1.0,1,1.0,1,1.0,1,0.11157403085243643,50
5191,1,10832,4043,6789,0,0,0,1.0,1,1.0,1,1.0,1,0.08837056825785797,50
5192,3,10835,4045,6790,0,0,0,1.0,1,1.0,1,1.0,1,0.10502459449355844,49
5193,3,10838,4046,6792,0,0,0,1.0,1,1.0,1,1.0,1,0.11516321524143772,50
5194,0,10838,4046,6792,0,0,0,1.0,1,1.0,1,1.0,1,0.1337514065220821,51
5195,1,10839,4047,6792,0,0,0,1.0,1,1.0,1,1.0,1,0.17054968826642725,51
5196,1,10840,4047,6793,0,0,0,1.0,1,1.0,1,1.0,1,0.16690215706659112,51
5197,8,10848,4047,6801,0,0,0,1.0,1,1.0,1,1.0,1,0.10799372933851756,51
5198,1,10849,4047,6802,0,0,0,1.0,1,1.0,1,1.0,1,0.11823271402441984,51
5199,2,10851,4047,6804,0,0,0,1.0,1,1.0,1,1.0,1,0.0784728531382386,54
5200,2,10853,4047,6806,0,0,0,1.0,1,1.0,1,1.0,1,0.07824555031276828,54
5201,2,10855,4048,6807,0,0,0,1.0,1,1.0,1,1.0,1,0.08204500576780863,55
5202,2,10857,4048,6809,0,0,0,1.0,1,1.0,1,1.0,1,0.0663152023805399,56
5203,0,10857,4048,6809,0,0,0,1.0,1,1.0,1,1.0,1,0.0663152023805399,56
5204,1,10858,4048,6810,0,0,0,1.0,1,1.0,1,1.0,1,0.06858794342526352,58
5205,0,10858,4048,6810,0,0,0,1.0,1,1.0,1,1.0,1,0.06858794342526352,58
5206,0,10858,4048,6810,0,0,0,1.0,1,1.0,1,1.0,1,0.06858794342526352,58
5207,1,10859,4048,6811,0,0,0,1.0,1,1.0,1,1.0,1,0.07342548250772832,59
5208,0,10859,4048,6811,0,0,0,1.0,1,1.0,1,1.0,1,0.09125033050058083,58
5209,2,10861,4048,6813,0,0,0,1.0,1,1.0,1,1.0,1,0.05403137042498109,58
5210,0,10861,4048,6813,0,0,0,1.0,1,1.0,1,1.0,1,0.06988031969230436,57
5211,1,10862,4049,6813,0,0,0,1.0,1,1.0,1,1.0,1,0.08838267504618565,57
5212,0,10862,4049,6813,0,0,0,1.0,1,1.0,1,1.0,1,0.11064920691481805,59
5213,4,10866,4051,6815,0,0,0,1.0,1,1.0,1,1.0,1,0.13302707220251103,59
5214,5,10871,4053,6818,0,0,0,1.0,1,1.0,1,1.0,1,0.14227113002801528,59
5215,2,10873,4055,6818,0,0,0,1.0,1,1.0,1,1.0,1,0.1944372240643933,58
5216,4,10877,4055,6822,0,0,0,1.0,1,1.0,1,1.0,1,0.1429300969294613,59
5217,4,10881,4058,6823,0,0,0,1.0,1,1.0,1,1.0,1,0.14784372496571768,58
5218,5,10886,4061,6825,0,0,0,1.0,1,1.0,1,1.0,1,0.1466526379689406,58
5219,0,10886,4061,6825,0,0,0,1.0,1,1.0,1,1.0,1,0.11490589299728858,57
5220,2,10888,4062,6826,0,0,0,1.0,1,1.0,1,1.0,1,0.1383328910876561,56
5221,3,10891,4063,6828,0,0,0,1.0,1,1.0,1,1.0,1,0.1436526702685897,58
5222,0,10891,4063,6828,0,0,0,1.0,1,1.0,1,1.0,1,0.16693598540138246,56
5223,2,10893,4064,6829,0,0,0,1.0,1,1.0,1,1.0,1,0.17659872644328597,55
5224,1,10894,4065,6829,0,0,0,1.0,1,1.0,1,1.0,1,0.15981050239218342,56
5225,4,10898,4066,6832,0,0,0,1.0,1,1.0,1,1.0,1,0.13694865561200903,55
5226,0,10898,4066,6832,0,0,0,1.0,1,1.0,1,1.0,1,0.13694865561200903,55
5227,0,10898,4066,6832,0,0,0,1.0,1,1.0,1,1.0,1,0.14407536897005677,53
5228,0,10898,4066,6832,0,0,0,1.0,1,1.0,1,1.0,1,0.15303037719983129,51
5229,5,10903,4066,6837,0,0,0,1.0,1,1.0,1,1.0,1,0.09402313759061129,51
5230,0,10903,4066,6837,0,0,0,1.0,1,1.0,1,1.0,1,0.09173361932770972,51
5231,3,10906,4068,6838,0,0,0,1.0,1,1.0,1,1.0,1,0.11563347096258132,52
5232,2,10908,4069,6839,0,0,0,1.0,1,1.0,1,1.0,1,0.14076235267200168,52
5233,5,10913,4070,6843,0,0,0,1.0,1,1.0,1,1.0,1,0.13747719170696926,53
5234,5,10918,4072,6846,0,0,0,1.0,1,1.0,1,1.0,1,0.10430198296721786,53
5235,0,10918,4072,6846,0,0,0,1.0,1,1.0,1,1.0,1,0.10430198296721786,53
5236,0,10918,4072,6846,0,0,0,1.0,1,1.0,1,1.0,1,0.10307635205469218,52
5237,0,10918,4072,6846,0,0,0,1.0,1,1.0,1,1.0,1,0.14118687651199555,52
5238,2,10920,4073,6847,0,0,0,1.0,1,1.0,1,1.0,1,0.13985917112080504,52
5239,0,10920,4073,6847,0,0,0,1.0,1,1.0,1,1.0,1,0.15598301815027482,51
5240,4,10924,4076,6848,0,0,0,1.0,1,1.0,1,1.0,1,0.2075822200418291,53
5241,5,10929,4076,6853,0,0,0,1.0,1,1.0,1,1.0,1,0.1728535518510753,53
5242,2,10931,4076,6855,0,0,0,1.0,1,1.0,1,1.0,1,0.15845610668499333,51
5243,1,10932,4076,6856,0,0,0,1.0,1,1.0,1,1.0,1,0.15037142470957174,51
5244,0,10932,4076,6856,0,0,0,1.0,1,1.0,1,1.0,1,0.1650432013563023,52
5245,5,10937,4077,6860,0,0,0,1.0,1,1.0,1,1.0,1,0.12607926700781633,53
5246,1,10938,4078,6860,0,0,0,1.0,1,1.0,1,1.0,1,0.12446366115401805,53
5247,3,10941,4080,6861,0,0,0,1.0,1,1.0,1,1.0,1,0.1613723407679842,54
5248,1,10942,4081,6861,0,0,0,1.0,1,1.0,1,1.0,1,0.16174421546879242,54
5249,4,10946,4082,6864,0,0,0,1.0,1,1.0,1,1.0,1,0.13772328553854504,55
5250,3,10949,4083,6866,0,0,0,1.0,1,1.0,1,1.0,1,0.15434088642539193,57
5251,1,10950,4083,6867,0,0,0,1.0,1,1.0,1,1.0,1,0.14869821026980104,58
5252,3,10953,4084,6869,0,0,0,1.0,1,1.0,1,1.0,1,0.161251782810497,58
5253,5,10958,4086,6872,0,0,0,1.0,1,1.0,1,1.0,1,0.15892917463528186,58
5254,1,10959,4086,6873,0,0,0,1.0,1,1.0,1,1.0,1,0.15688854394932586,59
5255,3,10962,4088,6874,0,0,0,1.0,1,1.0,1,1.0,1,0.14098717759657006,58
5256,2,10964,4088,6876,0,0,0,1.0,1,1.0,1,1.0,1,0.16736300356173753,58
5257,4,10968,4089,6879,0,0,0,1.0,1,1.0,1,1.0,1,0.16223468947525588,57
5258,0,10968,4089,6879,0,0,0,1.0,1,1.0,1,1.0,1,0.16850221650264957,55
5259,0,10968,4089,6879,0,0,0,1.0,1,1.0,1,1.0,1,0.17601012438233182,56
5260,2,10970,4090,6880,0,0,0,1.0,1,1.0,1,1.0,1,0.18858390688642912,55
5261,3,10973,4090,6883,0,0,0,1.0,1,1.0,1,1.0,1,0.16265384940738142,54
5262,1,10974,4091,6883,0,0,0,1.0,1,1.0,1,1.0,1,0.17379209568598836,54
5263,5,10979,4093,6886,0,0,0,1.0,1,1.0,1,1.0,1,0.1712519499422744,55
5264,2,10981,4095,6886,0,0,0,1.0,1,1.0,1,1.0,1,0.20983091699430803,53
5265,12,10993,4101,6892,0,0,0,1.0,1,1.0,1,1.0,1,0.2182673157457815,52
5266,3,10996,4101,6895,0,0,0,1.0,1,1.0,1,1.0,1,0.1964568175511488,49
5267,5,11001,4103,6898,0,0,0,1.0,1,1.0,1,1.0,1,0.18871314705186953,49
5268,3,11004,4104,6900,0,0,0,1.0,1,1.0,1,1.0,1,0.188501751755798,46
5269,3,11007,4105,6902,0,0,0,1.0,1,1.0,1,1.0,1,0.13729351408902848,45
5270,0,11007,4105,6902,0,0,0,1.0,1,1.0,1,1.0,1,0.1460707355429386,46
5271,4,11011,4108,6903,0,0,0,1.0,1,1.0,1,1.0,1,0.1709379157266939,46
5272,1,11012,4108,6904,0,0,0,1.0,1,1.0,1,1.0,1,0.148129379875947,45
5273,4,11016,4110,6906,0,0,0,1.0,1,1.0,1,1.0,1,0.11600459631148685,45
5274,1,11017,4110,6907,0,0,0,1.0,1,1.0,1,1.0,1,0.09521796154747837,45
5275,2,11019,4111,6908,0,0,0,1.0,1,1.0,1,1.0,1,0.11909967131276693,46
5276,5,11024,4114,6910,0,0,0,1.0,1,1.0,1,1.0,1,0.172175343140527,45
5277,4,11028,4115,6913,0,0,0,1.0,1,1.0,1,1.0,1,0.16915778550925842,45
5278,1,11029,4116,6913,0,0,0,1.0,1,1.0,1,1.0,1,0.21146926186378392,44
5279,1,11030,4116,6914,0,0,0,1.0,1,1.0,1,1.0,1,0.20863363598436313,45
5280,3,11033,4117,6916,0,0,0,1.0,1,1.0,1,1.0,1,0.2128820325221375,46
5281,1,11034,4117,6917,0,0,0,1.0,1,1.0,1,1.0,1,0.20138040883163166,46
5282,0,11034,4117,6917,0,0,0,1.0,1,1.0,1,1.0,1,0.20518150296523224,47
5283,4,11038,4117,6921,0,0,0,1.0,1,1.0,1,1.0,1,0.15861338729581767,48
5284,0,11038,4117,6921,0,0,0,1.0,1,1.0,1,1.0,1,0.15861338729581767,48
5285,0,11038,4117,6921,0,0,0,1.0,1,1.0,1,1.0,1,0.137790195865214,48
5286,1,11039,4117,6922,0,0,0,1.0,1,1.0,1,1.0,1,0.13130334043987157,50
5287,0,11039,4117,6922,0,0,0,1.0,1,1.0,1,1.0,1,0.13130334043987157,50
5288,2,11041,4117,6924,0,0,0,1.0,1,1.0,1,1.0,1,0.10731051223057438,51
5289,2,11043,4117,6926,0,0,0,1.0,1,1.0,1,1.0,1,0.07607244490438458,51
5290,0,11043,4117,6926,0,0,0,1.0,1,1.0,1,1.0,1,0.0888915112461815,52
5291,6,11049,4119,6930,0,0,0,1.0,1,1.0,1,1.0,1,0.1499729062071168,52
5292,2,11051,4119,6932,0,0,0,1.0,1,1.0,1,1.0,1,0.15571979867641056,53
5293,2,11053,4120,6933,0,0,0,1.0,1,1.0,1,1.0,1,0.1778718869486195,51
5294,1,11054,4121,6933,0,0,0,1.0,1,1.0,1,1.0,1,0.19758380819156016,50
5295,0,11054,4121,6933,0,0,0,1.0,1,1.0,1,1.0,1,0.2234041990520458,49
5296,1,11055,4122,6933,0,0,0,1.0,1,1.0,1,1.0,1,0.23602743531745524,48
5297,4,11059,4122,6937,0,0,0,1.0,1,1.0,1,1.0,1,0.19099321634103947,46
5298,1,11060,4122,6938,0,0,0,1.0,1,1.0,1,1.0,1,0.18383265760260636,46
5299,2,11062,4122,6940,0,0,0,1.0,1,1.0,1,1.0,1,0.18800176215618702,47
5300,2,11064,4122,6942,0,0,0,1.0,1,1.0,1,1.0,1,0.17032375571322764,48
5301,3,11067,4122,6945,0,0,0,1.0,1,1.0,1,1.0,1,0.155781658409865,48
5302,5,11072,4125,6947,0,0,0,1.0,1,1.0,1,1.0,1,0.17191484804469498,49
5303,4,11076,4126,6950,0,0,0,1.0,1,1.0,1,1.0,1,0.17709126873813308,48
5304,2,11078,4127,6951,0,0,0,1.0,1,1.0,1,1.0,1,0.17980584812814196,48
5305,7,11085,4128,6957,0,0,0,1.0,1,1.0,1,1.0,1,0.0959727106832723,47
5306,2,11087,4129,6958,0,0,0,1.0,1,1.0,1,1.0,1,0.09485903960600259,48
5307,0,11087,4129,6958,0,0,0,1.0,1,1.0,1,1.0,1,0.11222557182150245,48
5308,0,11087,4129,6958,0,0,0,1.0,1,1.0,1,1.0,1,0.12181808169528555,47
5309,3,11090,4130,6960,0,0,0,1.0,1,1.0,1,1.0,1,0.11202887040836247,46
5310,2,11092,4131,6961,0,0,0,1.0,1,1.0,1,1.0,1,0.07673702715138729,46
5311,1,11093,4132,6961,0,0,0,1.0,1,1.0,1,1.0,1,0.08790154535682562,46
5312,1,11094,4133,6961,0,0,0,1.0,1,1.0,1,1.0,1,0.12941696084215665,46
5313,1,11095,4133,6962,0,0,0,1.0,1,1.0,1,1.0,1,0.12720608470995828,46
5314,0,11095,4133,6962,0,0,0,1.0,1,1.0,1,1.0,1,0.12720608470995828,46
5315,4,11099,4136,6963,0,0,0,1.0,1,1.0,1,1.0,1,0.20925920176200283,47
5316,7,11106,4137,6969,0,0,0,1.0,1,1.0,1,1.0,1,0.17586600608319136,48
5317,8,11114,4139,6975,0,0,0,1.0,1,1.0,1,1.0,1,0.15646747375563316,49
5318,2,11116,4140,6976,0,0,0,1.0,1,1.0,1,1.0,1,0.12060284778799253,49
5319,3,11119,4141,6978,0,0,0,1.0,1,1.0,1,1.0,1,0.09310010443635275,50
5320,1,11120,4142,6978,0,0,0,1.0,1,1.0,1,1.0,1,0.10846438787680865,51
5321,1,11121,4142,6979,0,0,0,1.0,1,1.0,1,1.0,1,0.07482281009691383,52
5322,1,11122,4142,6980,0,0,0,1.0,1,1.0,1,1.0,1,0.0796629352855557,53
5323,1,11123,4142,6981,0,0,0,1.0,1,1.0,1,1.0,1,0.07398670165330994,53
5324,2,11125,4142,6983,0,0,0,1.0,1,1.0,1,1.0,1,0.06250266862264854,55
5325,1,11126,4143,6983,0,0,0,1.0,1,1.0,1,1.0,1,0.09139923830003717,55
5326,0,11126,4143,6983,0,0,0,1.0,1,1.0,1,1.0,1,0.09139923830003717,55
5327,1,11127,4143,6984,0,0,0,1.0,1,1.0,1,1.0,1,0.10141691481321931,56
5328,3,11130,4145,6985,0,0,0,1.0,1,1.0,1,1.0,1,0.11815549227815643,57
5329,2,11132,4145,6987,0,0,0,1.0,1,1.0,1,1.0,1,0.0917098611193652,57
5330,4,11136,4148,6988,0,0,0,1.0,1,1.0,1,1.0,1,0.10264152622255379,56
5331,1,11137,4148,6989,0,0,0,1.0,1,1.0,1,1.0,1,0.09766867301997435,57
5332,0,11137,4148,6989,0,0,0,1.0,1,1.0,1,1.0,1,0.09673581364365397,58
5333,2,11139,4148,6991,0,0,0,1.0,1,1.0,1,1.0,1,0.07598461939325048,59
5334,1,11140,4149,6991,0,0,0,1.0,1,1.0,1,1.0,1,0.07638464313256162,59
5335,0,11140,4149,6991,0,0,0,1.0,1,1.0,1,1.0,1,0.08187181696019333,58
5336,0,11140,4149,6991,0,0,0,1.0,1,1.0,1,1.0,1,0.0897022932777014,59
5337,1,11141,4150,6991,0,0,0,1.0,1,1.0,1,1.0,1,0.10868243328647614,60
5338,1,11142,4151,6991,0,0,0,1.0,1,1.0,1,1.0,1,0.12765751503559572,60
5339,1,11143,4152,6991,0,0,0,1.0,1,1.0,1,1.0,1,0.13452846542996733,60
5340,4,11147,4154,6993,0,0,0,1.0,1,1.0,1,1.0,1,0.13402431710967036,60
5341,4,11151,4156,6995,0,0,0,1.0,1,1.0,1,1.0,1,0.11820094136017577,61
5342,2,11153,4158,6995,0,0,0,1.0,1,1.0,1,1.0,1,0.1275204949877417,59
5343,1,11154,4159,6995,0,0,0,1.0,1,1.0,1,1.0,1,0.11476098648821506,58
5344,1,11155,4160,6995,0,0,0,1.0,1,1.0,1,1.0,1,0.14564797613801356,58
5345,7,11162,4162,7000,0,0,0,1.0,1,1.0,1,1.0,1,0.09761506034403711,54
5346,2,11164,4163,7001,0,0,0,1.0,1,1.0,1,1.0,1,0.08868375862416567,54
5347,2,11166,4165,7001,0,0,0,1.0,1,1.0,1,1.0,1,0.071187540555702,54
5348,2,11168,4166,7002,0,0,0,1.0,1,1.0,1,1.0,1,0.09239506293173515,55
5349,4,11172,4166,7006,0,0,0,1.0,1,1.0,1,1.0,1,0.05311373610472849,56
5350,1,11173,4166,7007,0,0,0,1.0,1,1.0,1,1.0,1,0.0689270821055399,56
5351,0,11173,4166,7007,0,0,0,1.0,1,1.0,1,1.0,1,0.055584028836270206,57
5352,3,11176,4167,7009,0,0,0,1.0,1,1.0,1,1.0,1,0.08883723612798325,57
5353,4,11180,4169,7011,0,0,0,1.0,1,1.0,1,1.0,1,0.06612650047973495,57
5354,0,11180,4169,7011,0,0,0,1.0,1,1.0,1,1.0,1,0.05722878402523897,56
5355,1,11181,4170,7011,0,0,0,1.0,1,1.0,1,1.0,1,0.0693384099757606,57
5356,0,11181,4170,7011,0,0,0,1.0,1,1.0,1,1.0,1,0.07500150994999748,56
5357,0,11181,4170,7011,0,0,0,1.0,1,1.0,1,1.0,1,0.09787910658985337,56
5358,0,11181,4170,7011,0,0,0,1.0,1,1.0,1,1.0,1,0.09186008839870527,57
5359,0,11181,4170,7011,0,0,0,1.0,1,1.0,1,1.0,1,0.09186008839870527,57
5360,0,11181,4170,7011,0,0,0,1.0,1,1.0,1,1.0,1,0.10377408822907874,55
5361,4,11185,4172,7013,0,0,0,1.0,1,1.0,1,1.0,1,0.11226365823627427,56
5362,2,11187,4172,7015,0,0,0,1.0,1,1.0,1,1.0,1,0.0999763697677311,57
5363,3,11190,4173,7017,0,0,0,1.0,1,1.0,1,1.0,1,0.13281943999679038,57
5364,2,11192,4173,7019,0,0,0,1.0,1,1.0,1,1.0,1,0.14323265064557167,58
5365,3,11195,4174,7021,0,0,0,1.0,1,1.0,1,1.0,1,0.11425411122098593,59
5366,6,11201,4175,7026,0,0,0,1.0,1,1.0,1,1.0,1,0.11712717728833189,60
5367,1,11202,4176,7026,0,0,0,1.0,1,1.0,1,1.0,1,0.10948516196224804,60
5368,1,11203,4177,7026,0,0,0,1.0,1,1.0,1,1.0,1,0.10442242178672176,58
5369,2,11205,4178,7027,0,0,0,1.0,1,1.0,1,1.0,1,0.08383236279270528,58
5370,1,11206,4179,7027,0,0,0,1.0,1,1.0,1,1.0,1,0.12851097687668214,57
5371,2,11208,4180,7028,0,0,0,1.0,1,1.0,1,1.0,1,0.13259385578094016,56
5372,3,11211,4183,7028,0,0,0,1.0,1,1.0,1,1.0,1,0.15777294142862908,55
5373,6,11217,4187,7030,0,0,0,1.0,1,1.0,1,1.0,1,0.19896222218826393,54
5374,2,11219,4188,7031,0,0,0,1.0,1,1.0,1,1.0,1,0.17891891764597626,53
5375,4,11223,4189,7034,0,0,0,1.0,1,1.0,1,1.0,1,0.13365313255361272,52
5376,2,11225,4190,7035,0,0,0,1.0,1,1.0,1,1.0,1,0.11508855795643319,52
5377,2,11227,4192,7035,0,0,0,1.0,1,1.0,1,1.0,1,0.13693948626053265,51
5378,3,11230,4194,7036,0,0,0,1.0,1,1.0,1,1.0,1,0.16888542721740746,52
5379,0,11230,4194,7036,0,0,0,1.0,1,1.0,1,1.0,1,0.1428848986333376,50
5380,2,11232,4195,7037,0,0,0,1.0,1,1.0,1,1.0,1,0.15351937224178622,51
5381,1,11233,4195,7038,0,0,0,1.0,1,1.0,1,1.0,1,0.11242170588816505,50
5382,3,11236,4197,7039,0,0,0,1.0,1,1.0,1,1.0,1,0.1345031392542332,48
5383,0,11236,4197,7039,0,0,0,1.0,1,1.0,1,1.0,1,0.15873545137287445,48
5384,1,11237,4197,7040,0,0,0,1.0,1,1.0,1,1.0,1,0.13497152788916625,48
5385,2,11239,4197,7042,0,0,0,1.0,1,1.0,1,1.0,1,0.10809180307570412,47
5386,1,11240,4197,7043,0,0,0,1.0,1,1.0,1,1.0,1,0.10997809427435515,48
5387,1,11241,4198,7043,0,0,0,1.0,1,1.0,1,1.0,1,0.10747798030938464,48
5388,1,11242,4199,7043,0,0,0,1.0,1,1.0,1,1.0,1,0.10708018835152548,48
5389,2,11244,4200,7044,0,0,0,1.0,1,1.0,1,1.0,1,0.07110063175333847,50
5390,2,11246,4202,7044,0,0,0,1.0,1,1.0,1,1.0,1,0.10819668152567248,52
5391,4,11250,4203,7047,0,0,0,1.0,1,1.0,1,1.0,1,0.11200985343228648,52
5392,0,11250,4203,7047,0,0,0,1.0,1,1.0,1,1.0,1,0.10825970492635284,51
5393,3,11253,4205,7048,0,0,0,1.0,1,1.0,1,1.0,1,0.12356952010522461,50
5394,1,11254,4206,7048,0,0,0,1.0,1,1.0,1,1.0,1,0.16052377139776933,50
5395,7,11261,4210,7051,0,0,0,1.0,1,1.0,1,1.0,1,0.16493556793695652,49
5396,4,11265,4212,7053,0,0,0,1.0,1,1.0,1,1.0,1,0.16107174453346534,48
5397,5,11270,4215,7055,0,0,0,1.0,1,1.0,1,1.0,1,0.1700552105238264,48
5398,2,11272,4215,7057,0,0,0,1.0,1,1.0,1,1.0,1,0.14934769467326,46
5399,1,11273,4216,7057,0,0,0,1.0,1,1.0,1,1.0,1,0.1516623466491547,46
5400,2,11275,4218,7057,0,0,0,1.0,1,1.0,1,1.0,1,0.19217083032034601,48
5401,5,11280,4218,7062,0,0,0,1.0,1,1.0,1,1.0,1,0.1419511885980945,49
5402,0,11280,4218,7062,0,0,0,1.0,1,1.0,1,1.0,1,0.0,0
