,SuccessfulHandoverCount,TotalSuccessfulHandoverCount,TotalSuccessfulHandoverCountRange,TotalSuccessfulHandoverCountLoadBalancing,TotalSuccessfulHandoverCountOverload,FailedHandoverCount,TotalFailedHandoverCount,AvgQoS,MinQoS,AvgQoS_LoadBased,MinQoS_LoadBased,AvgQoS_RangeBased,MinQoS_RangeBased,GiniLoad,VehicleCount
0,0,0,0,0,0,0,0,1.0,1,1.0,1,1.0,1,0.0,0
1,16,16,0,16,0,0,0,1.0,1,1.0,1,1.0,1,0.2981687554246577,30
2,17,33,0,33,0,0,0,1.0,1,1.0,1,1.0,1,0.2838240682696022,32
3,8,41,0,41,0,0,0,1.0,1,1.0,1,1.0,1,0.24939211196566097,33
4,13,54,0,54,0,0,0,1.0,1,1.0,1,1.0,1,0.17969812735158372,34
5,0,54,0,54,0,0,0,1.0,1,1.0,1,1.0,1,0.16084560668882855,36
6,0,54,0,54,0,0,0,1.0,1,1.0,1,1.0,1,0.16033884909911664,38
7,0,54,0,54,0,0,0,1.0,1,1.0,1,1.0,1,0.17668275496023272,40
8,0,54,0,54,0,0,0,1.0,1,1.0,1,1.0,1,0.17668275496023272,40
9,0,54,0,54,0,0,0,1.0,1,1.0,1,1.0,1,0.17668275496023272,40
10,1,55,1,54,0,0,0,1.0,1,1.0,1,1.0,1,0.21741287619169605,41
11,1,56,2,54,0,0,0,1.0,1,1.0,1,1.0,1,0.19017255555224846,40
12,1,57,3,54,0,0,0,1.0,1,1.0,1,1.0,1,0.1995863598813695,39
13,3,60,5,55,0,0,0,1.0,1,1.0,1,1.0,1,0.2459996499864857,37
14,0,60,5,55,0,0,0,1.0,1,1.0,1,1.0,1,0.2799963781625049,35
15,2,62,7,55,0,0,0,1.0,1,1.0,1,1.0,1,0.2909369178060809,36
16,1,63,8,55,0,0,0,1.0,1,1.0,1,1.0,1,0.2978357281008549,34
17,0,63,8,55,0,0,0,1.0,1,1.0,1,1.0,1,0.31848860925781053,33
18,3,66,8,58,0,0,0,1.0,1,1.0,1,1.0,1,0.26624827866886863,34
19,1,67,9,58,0,0,0,1.0,1,1.0,1,1.0,1,0.29819041882246916,34
20,0,67,9,58,0,0,0,1.0,1,1.0,1,1.0,1,0.2758022496030532,34
21,5,72,10,62,0,0,0,1.0,1,1.0,1,1.0,1,0.22216668708011458,36
22,0,72,10,62,0,0,0,1.0,1,1.0,1,1.0,1,0.23759026186469515,35
23,2,74,11,63,0,0,0,1.0,1,1.0,1,1.0,1,0.2711972731238711,35
24,2,76,13,63,0,0,0,1.0,1,1.0,1,1.0,1,0.25022738520383647,35
25,8,84,17,67,0,0,0,1.0,1,1.0,1,1.0,1,0.2636775140097138,35
26,5,89,20,69,0,0,0,1.0,1,1.0,1,1.0,1,0.25183463113675186,36
27,2,91,22,69,0,0,0,1.0,1,1.0,1,1.0,1,0.23185407482437917,34
28,0,91,22,69,0,0,0,1.0,1,1.0,1,1.0,1,0.23469909934584904,35
29,1,92,22,70,0,0,0,1.0,1,1.0,1,1.0,1,0.16100904074412903,33
30,1,93,23,70,0,0,0,1.0,1,1.0,1,1.0,1,0.20676284951056753,33
31,3,96,24,72,0,0,0,1.0,1,1.0,1,1.0,1,0.22569584929990366,33
32,3,99,25,74,0,0,0,1.0,1,1.0,1,1.0,1,0.24462930918011394,32
33,1,100,26,74,0,0,0,1.0,1,1.0,1,1.0,1,0.23673076534532375,33
34,1,101,27,74,0,0,0,1.0,1,1.0,1,1.0,1,0.25041133784860486,33
35,0,101,27,74,0,0,0,1.0,1,1.0,1,1.0,1,0.2471283909580747,35
36,0,101,27,74,0,0,0,1.0,1,1.0,1,1.0,1,0.2642067358801363,36
37,2,103,27,76,0,0,0,1.0,1,1.0,1,1.0,1,0.20090255973017856,37
38,2,105,27,78,0,0,0,1.0,1,1.0,1,1.0,1,0.16374026658057234,36
39,0,105,27,78,0,0,0,1.0,1,1.0,1,1.0,1,0.1891602188883135,38
40,1,106,27,79,0,0,0,1.0,1,1.0,1,1.0,1,0.20477471408333414,40
41,0,106,27,79,0,0,0,1.0,1,1.0,1,1.0,1,0.20477471408333414,40
42,3,109,30,79,0,0,0,1.0,1,1.0,1,1.0,1,0.25731087108700496,40
43,1,110,31,79,0,0,0,1.0,1,1.0,1,1.0,1,0.3052632256595492,43
44,1,111,31,80,0,0,0,1.0,1,1.0,1,1.0,1,0.2806230298475507,43
45,1,112,31,81,0,0,0,1.0,1,1.0,1,1.0,1,0.24575171464644413,44
46,0,112,31,81,0,0,0,1.0,1,1.0,1,1.0,1,0.24575171464644413,44
47,0,112,31,81,0,0,0,1.0,1,1.0,1,1.0,1,0.24575171464644413,44
48,5,117,34,83,0,0,0,1.0,1,1.0,1,1.0,1,0.2899063392073152,44
49,1,118,35,83,0,0,0,1.0,1,1.0,1,1.0,1,0.25501824897162567,41
50,0,118,35,83,0,0,0,1.0,1,1.0,1,1.0,1,0.2793172119307263,40
51,0,118,35,83,0,0,0,1.0,1,1.0,1,1.0,1,0.27575407421747933,38
52,1,119,36,83,0,0,0,1.0,1,1.0,1,1.0,1,0.32444535304329936,37
53,0,119,36,83,0,0,0,1.0,1,1.0,1,1.0,1,0.339631739438969,38
54,4,123,38,85,0,0,0,1.0,1,1.0,1,1.0,1,0.3103011211391025,38
55,2,125,38,87,0,0,0,1.0,1,1.0,1,1.0,1,0.262223625141762,38
56,1,126,38,88,0,0,0,1.0,1,1.0,1,1.0,1,0.2752155891299222,38
57,1,127,38,89,0,0,0,1.0,1,1.0,1,1.0,1,0.2570073403717346,38
58,3,130,41,89,0,0,0,1.0,1,1.0,1,1.0,1,0.3065052432698907,38
59,1,131,41,90,0,0,0,1.0,1,1.0,1,1.0,1,0.2908418616318584,40
60,3,134,42,92,0,0,0,1.0,1,1.0,1,1.0,1,0.25294835267256105,40
61,0,134,42,92,0,0,0,1.0,1,1.0,1,1.0,1,0.2591203378532265,40
62,2,136,43,93,0,0,0,1.0,1,1.0,1,1.0,1,0.27830924075075625,42
63,2,138,44,94,0,0,0,1.0,1,1.0,1,1.0,1,0.26726432176099507,40
64,0,138,44,94,0,0,0,1.0,1,1.0,1,1.0,1,0.2648390848826376,41
65,2,140,45,95,0,0,0,1.0,1,1.0,1,1.0,1,0.28310751887887836,41
66,3,143,46,97,0,0,0,1.0,1,1.0,1,1.0,1,0.2768148772946423,41
67,1,144,46,98,0,0,0,1.0,1,1.0,1,1.0,1,0.24614106484006398,41
68,2,146,47,99,0,0,0,1.0,1,1.0,1,1.0,1,0.24005703444592882,41
69,5,151,48,103,0,0,0,1.0,1,1.0,1,1.0,1,0.2128343011454721,41
70,0,151,48,103,0,0,0,1.0,1,1.0,1,1.0,1,0.22906029473379877,42
71,2,153,49,104,0,0,0,1.0,1,1.0,1,1.0,1,0.2334822476466818,44
72,0,153,49,104,0,0,0,1.0,1,1.0,1,1.0,1,0.2334822476466818,44
73,2,155,49,106,0,0,0,1.0,1,1.0,1,1.0,1,0.20700736171874015,46
74,1,156,49,107,0,0,0,1.0,1,1.0,1,1.0,1,0.20664976280805725,44
75,0,156,49,107,0,0,0,1.0,1,1.0,1,1.0,1,0.20664976280805725,44
76,3,159,52,107,0,0,0,1.0,1,1.0,1,1.0,1,0.3242734809827827,45
77,2,161,52,109,0,0,0,1.0,1,1.0,1,1.0,1,0.2473061333041842,44
78,0,161,52,109,0,0,0,1.0,1,1.0,1,1.0,1,0.270024067866514,44
79,2,163,52,111,0,0,0,1.0,1,1.0,1,1.0,1,0.2732254121426978,43
80,2,165,53,112,0,0,0,1.0,1,1.0,1,1.0,1,0.25823702744534566,43
81,6,171,56,115,0,0,0,1.0,1,1.0,1,1.0,1,0.2854919238903786,44
82,2,173,57,116,0,0,0,1.0,1,1.0,1,1.0,1,0.2705751434642807,45
83,3,176,59,117,0,0,0,1.0,1,1.0,1,1.0,1,0.272338601249972,45
84,0,176,59,117,0,0,0,1.0,1,1.0,1,1.0,1,0.272338601249972,45
85,1,177,60,117,0,0,0,1.0,1,1.0,1,1.0,1,0.27082695632238124,45
86,1,178,60,118,0,0,0,1.0,1,1.0,1,1.0,1,0.25169395764423225,45
87,0,178,60,118,0,0,0,1.0,1,1.0,1,1.0,1,0.27299964505190305,44
88,1,179,60,119,0,0,0,1.0,1,1.0,1,1.0,1,0.2551844479695606,45
89,0,179,60,119,0,0,0,1.0,1,1.0,1,1.0,1,0.2687659815383565,46
90,0,179,60,119,0,0,0,1.0,1,1.0,1,1.0,1,0.2968607749227432,44
91,1,180,61,119,0,0,0,1.0,1,1.0,1,1.0,1,0.2929480558057383,45
92,0,180,61,119,0,0,0,1.0,1,1.0,1,1.0,1,0.30473306424417734,46
93,1,181,61,120,0,0,0,1.0,1,1.0,1,1.0,1,0.2932274714241336,46
94,0,181,61,120,0,0,0,1.0,1,1.0,1,1.0,1,0.2932274714241336,46
95,1,182,61,121,0,0,0,1.0,1,1.0,1,1.0,1,0.2902161438513577,46
96,1,183,62,121,0,0,0,1.0,1,1.0,1,1.0,1,0.30433622602239263,46
97,2,185,62,123,0,0,0,1.0,1,1.0,1,1.0,1,0.28284313238474956,47
98,0,185,62,123,0,0,0,1.0,1,1.0,1,1.0,1,0.28284313238474956,47
99,0,185,62,123,0,0,0,1.0,1,1.0,1,1.0,1,0.2953907998120519,46
100,2,187,63,124,0,0,0,1.0,1,1.0,1,1.0,1,0.32212805521591015,48
101,2,189,64,125,0,0,0,1.0,1,1.0,1,1.0,1,0.31646362730586386,49
102,2,191,65,126,0,0,0,1.0,1,1.0,1,1.0,1,0.31477681047135786,49
103,3,194,66,128,0,0,0,1.0,1,1.0,1,1.0,1,0.2423608938593475,48
104,3,197,69,128,0,0,0,1.0,1,1.0,1,1.0,1,0.30217550068724786,49
105,7,204,72,132,0,0,0,1.0,1,1.0,1,1.0,1,0.24979695513796007,48
106,2,206,73,133,0,0,0,1.0,1,1.0,1,1.0,1,0.2392442100526346,48
107,2,208,75,133,0,0,0,1.0,1,1.0,1,1.0,1,0.2856265366238665,47
108,4,212,75,137,0,0,0,1.0,1,1.0,1,1.0,1,0.20294130285820663,47
109,2,214,76,138,0,0,0,1.0,1,1.0,1,1.0,1,0.19950604539111833,47
110,1,215,77,138,0,0,0,1.0,1,1.0,1,1.0,1,0.2258220611365922,47
111,4,219,80,139,0,0,0,1.0,1,1.0,1,1.0,1,0.1563017020706365,46
112,3,222,82,140,0,0,0,1.0,1,1.0,1,1.0,1,0.14718281810432202,46
113,4,226,85,141,0,0,0,1.0,1,1.0,1,1.0,1,0.1518666260488346,45
114,0,226,85,141,0,0,0,1.0,1,1.0,1,1.0,1,0.14828819504439672,46
115,1,227,86,141,0,0,0,1.0,1,1.0,1,1.0,1,0.190076754980464,47
116,0,227,86,141,0,0,0,1.0,1,1.0,1,1.0,1,0.16543151002494833,48
117,2,229,88,141,0,0,0,1.0,1,1.0,1,1.0,1,0.18579397445947768,48
118,0,229,88,141,0,0,0,1.0,1,1.0,1,1.0,1,0.18746276576239845,49
119,1,230,89,141,0,0,0,1.0,1,1.0,1,1.0,1,0.19333250970540125,50
120,0,230,89,141,0,0,0,1.0,1,1.0,1,1.0,1,0.18955300113337942,51
121,0,230,89,141,0,0,0,1.0,1,1.0,1,1.0,1,0.18955300113337942,51
122,2,232,90,142,0,0,0,1.0,1,1.0,1,1.0,1,0.15278040788937436,51
123,0,232,90,142,0,0,0,1.0,1,1.0,1,1.0,1,0.15278040788937436,51
124,0,232,90,142,0,0,0,1.0,1,1.0,1,1.0,1,0.15278040788937436,51
125,0,232,90,142,0,0,0,1.0,1,1.0,1,1.0,1,0.2089013046722051,50
126,3,235,91,144,0,0,0,1.0,1,1.0,1,1.0,1,0.17498656078874153,52
127,0,235,91,144,0,0,0,1.0,1,1.0,1,1.0,1,0.19916422849756402,50
128,0,235,91,144,0,0,0,1.0,1,1.0,1,1.0,1,0.19916422849756402,50
129,3,238,91,147,0,0,0,1.0,1,1.0,1,1.0,1,0.177875011912171,52
130,1,239,92,147,0,0,0,1.0,1,1.0,1,1.0,1,0.20699824109570597,52
131,1,240,93,147,0,0,0,1.0,1,1.0,1,1.0,1,0.21217179422526689,54
132,2,242,94,148,0,0,0,1.0,1,1.0,1,1.0,1,0.22594777199036598,54
133,3,245,95,150,0,0,0,1.0,1,1.0,1,1.0,1,0.21239512126906532,52
134,2,247,95,152,0,0,0,1.0,1,1.0,1,1.0,1,0.19375000397467268,52
135,6,253,100,153,0,0,0,1.0,1,1.0,1,1.0,1,0.17667378932724498,51
136,4,257,103,154,0,0,0,1.0,1,1.0,1,1.0,1,0.19512682549975496,51
137,3,260,104,156,0,0,0,1.0,1,1.0,1,1.0,1,0.13360925873762536,50
138,2,262,105,157,0,0,0,1.0,1,1.0,1,1.0,1,0.14961102893190642,52
139,5,267,107,160,0,0,0,1.0,1,1.0,1,1.0,1,0.16618890725493543,51
140,2,269,108,161,0,0,0,1.0,1,1.0,1,1.0,1,0.1679906302127077,51
141,5,274,109,165,0,0,0,1.0,1,1.0,1,1.0,1,0.11206485428821797,50
142,2,276,111,165,0,0,0,1.0,1,1.0,1,1.0,1,0.13201562559917215,51
143,1,277,111,166,0,0,0,1.0,1,1.0,1,1.0,1,0.15042792042361133,48
144,2,279,113,166,0,0,0,1.0,1,1.0,1,1.0,1,0.18564260008844843,49
145,3,282,114,168,0,0,0,1.0,1,1.0,1,1.0,1,0.1147793206582229,47
146,1,283,115,168,0,0,0,1.0,1,1.0,1,1.0,1,0.14423298964769232,49
147,0,283,115,168,0,0,0,1.0,1,1.0,1,1.0,1,0.13900226140401245,46
148,1,284,116,168,0,0,0,1.0,1,1.0,1,1.0,1,0.12631885803112955,47
149,1,285,117,168,0,0,0,1.0,1,1.0,1,1.0,1,0.12381568891123783,46
150,1,286,118,168,0,0,0,1.0,1,1.0,1,1.0,1,0.1120882115251924,47
151,2,288,120,168,0,0,0,1.0,1,1.0,1,1.0,1,0.17269250405512876,46
152,1,289,121,168,0,0,0,1.0,1,1.0,1,1.0,1,0.1937126878816381,45
153,4,293,121,172,0,0,0,1.0,1,1.0,1,1.0,1,0.1263617171876626,46
154,0,293,121,172,0,0,0,1.0,1,1.0,1,1.0,1,0.14264208933376446,44
155,3,296,123,173,0,0,0,1.0,1,1.0,1,1.0,1,0.1767916481917215,45
156,2,298,124,174,0,0,0,1.0,1,1.0,1,1.0,1,0.21847437287485416,43
157,0,298,124,174,0,0,0,1.0,1,1.0,1,1.0,1,0.2032416870946077,42
158,2,300,124,176,0,0,0,1.0,1,1.0,1,1.0,1,0.19166025879454368,43
159,1,301,125,176,0,0,0,1.0,1,1.0,1,1.0,1,0.2536710466766433,44
160,0,301,125,176,0,0,0,1.0,1,1.0,1,1.0,1,0.23747220512986036,44
161,3,304,126,178,0,0,0,1.0,1,1.0,1,1.0,1,0.2199276436976939,44
162,1,305,127,178,0,0,0,1.0,1,1.0,1,1.0,1,0.2421019685028854,44
163,9,314,133,181,0,0,0,1.0,1,1.0,1,1.0,1,0.24636693412889163,44
164,3,317,134,183,0,0,0,1.0,1,1.0,1,1.0,1,0.24796872030734637,44
165,3,320,136,184,0,0,0,1.0,1,1.0,1,1.0,1,0.2093716176413127,43
166,2,322,137,185,0,0,0,1.0,1,1.0,1,1.0,1,0.26586019572990965,43
167,1,323,138,185,0,0,0,1.0,1,1.0,1,1.0,1,0.2617402745704644,42
168,0,323,138,185,0,0,0,1.0,1,1.0,1,1.0,1,0.2262506100499405,40
169,2,325,138,187,0,0,0,1.0,1,1.0,1,1.0,1,0.15155937240789374,41
170,1,326,139,187,0,0,0,1.0,1,1.0,1,1.0,1,0.15556117139237982,39
171,0,326,139,187,0,0,0,1.0,1,1.0,1,1.0,1,0.15556117139237982,39
172,0,326,139,187,0,0,0,1.0,1,1.0,1,1.0,1,0.17365194817206875,38
173,3,329,142,187,0,0,0,1.0,1,1.0,1,1.0,1,0.29690004376094314,38
174,1,330,142,188,0,0,0,1.0,1,1.0,1,1.0,1,0.23909567524948822,37
175,2,332,144,188,0,0,0,1.0,1,1.0,1,1.0,1,0.3375022190519744,36
176,0,332,144,188,0,0,0,1.0,1,1.0,1,1.0,1,0.3389920254234586,36
177,3,335,145,190,0,0,0,1.0,1,1.0,1,1.0,1,0.28755285009424436,38
178,0,335,145,190,0,0,0,1.0,1,1.0,1,1.0,1,0.29661107022997746,39
179,3,338,145,193,0,0,0,1.0,1,1.0,1,1.0,1,0.2280034556028057,40
180,0,338,145,193,0,0,0,1.0,1,1.0,1,1.0,1,0.2280034556028057,40
181,1,339,146,193,0,0,0,1.0,1,1.0,1,1.0,1,0.23351194625378519,39
182,3,342,148,194,0,0,0,1.0,1,1.0,1,1.0,1,0.23925785441376052,40
183,1,343,149,194,0,0,0,1.0,1,1.0,1,1.0,1,0.2830818013092344,40
184,0,343,149,194,0,0,0,1.0,1,1.0,1,1.0,1,0.27961464112538065,38
185,2,345,150,195,0,0,0,1.0,1,1.0,1,1.0,1,0.28823531745571873,38
186,1,346,151,195,0,0,0,1.0,1,1.0,1,1.0,1,0.3055109403915919,37
187,3,349,153,196,0,0,0,1.0,1,1.0,1,1.0,1,0.31367310637116186,36
188,2,351,155,196,0,0,0,1.0,1,1.0,1,1.0,1,0.3133991710391169,36
189,4,355,156,199,0,0,0,1.0,1,1.0,1,1.0,1,0.2343505816310179,36
190,3,358,156,202,0,0,0,1.0,1,1.0,1,1.0,1,0.1815159981275328,36
191,1,359,157,202,0,0,0,1.0,1,1.0,1,1.0,1,0.19736486626903582,37
192,2,361,158,203,0,0,0,1.0,1,1.0,1,1.0,1,0.14739717715184772,37
193,1,362,159,203,0,0,0,1.0,1,1.0,1,1.0,1,0.16929014896750702,38
194,1,363,159,204,0,0,0,1.0,1,1.0,1,1.0,1,0.15881017968086478,39
195,1,364,160,204,0,0,0,1.0,1,1.0,1,1.0,1,0.19701674935523136,40
196,0,364,160,204,0,0,0,1.0,1,1.0,1,1.0,1,0.19701674935523136,40
197,1,365,160,205,0,0,0,1.0,1,1.0,1,1.0,1,0.21727143818317105,40
198,1,366,161,205,0,0,0,1.0,1,1.0,1,1.0,1,0.20637423799156654,40
199,1,367,162,205,0,0,0,1.0,1,1.0,1,1.0,1,0.19473561946004417,40
200,1,368,163,205,0,0,0,1.0,1,1.0,1,1.0,1,0.20576620585778257,40
201,1,369,164,205,0,0,0,1.0,1,1.0,1,1.0,1,0.215368019056809,39
202,0,369,164,205,0,0,0,1.0,1,1.0,1,1.0,1,0.1891381756916364,40
203,5,374,167,207,0,0,0,1.0,1,1.0,1,1.0,1,0.16209865751814204,39
204,4,378,170,208,0,0,0,1.0,1,1.0,1,1.0,1,0.14795167212329421,38
205,0,378,170,208,0,0,0,1.0,1,1.0,1,1.0,1,0.13595037602640772,37
206,1,379,171,208,0,0,0,1.0,1,1.0,1,1.0,1,0.17101978213910757,36
207,1,380,172,208,0,0,0,1.0,1,1.0,1,1.0,1,0.16850926725111295,37
208,0,380,172,208,0,0,0,1.0,1,1.0,1,1.0,1,0.1486334465026989,36
209,2,382,174,208,0,0,0,1.0,1,1.0,1,1.0,1,0.17485202071408354,36
210,1,383,175,208,0,0,0,1.0,1,1.0,1,1.0,1,0.19874961468136643,36
211,0,383,175,208,0,0,0,1.0,1,1.0,1,1.0,1,0.20404844954196177,34
212,1,384,176,208,0,0,0,1.0,1,1.0,1,1.0,1,0.23837475012703596,34
213,1,385,176,209,0,0,0,1.0,1,1.0,1,1.0,1,0.24328169198360564,36
214,2,387,177,210,0,0,0,1.0,1,1.0,1,1.0,1,0.23623544272630664,35
215,2,389,179,210,0,0,0,1.0,1,1.0,1,1.0,1,0.23573476097316834,35
216,1,390,179,211,0,0,0,1.0,1,1.0,1,1.0,1,0.22049327746635836,37
217,4,394,180,214,0,0,0,1.0,1,1.0,1,1.0,1,0.19429340468396758,37
218,5,399,184,215,0,0,0,1.0,1,1.0,1,1.0,1,0.2355865716876663,37
219,2,401,185,216,0,0,0,1.0,1,1.0,1,1.0,1,0.2536619467032659,37
220,1,402,186,216,0,0,0,1.0,1,1.0,1,1.0,1,0.2540370865348078,38
221,4,406,188,218,0,0,0,1.0,1,1.0,1,1.0,1,0.18292360157417062,39
222,1,407,189,218,0,0,0,1.0,1,1.0,1,1.0,1,0.17322754625277909,39
223,4,411,189,222,0,0,0,1.0,1,1.0,1,1.0,1,0.10433047139537177,40
224,5,416,193,223,0,0,0,1.0,1,1.0,1,1.0,1,0.13511434426848595,40
225,0,416,193,223,0,0,0,1.0,1,1.0,1,1.0,1,0.12115530879952668,39
226,1,417,194,223,0,0,0,1.0,1,1.0,1,1.0,1,0.12231116490142892,39
227,2,419,195,224,0,0,0,1.0,1,1.0,1,1.0,1,0.15844480742930925,39
228,3,422,198,224,0,0,0,1.0,1,1.0,1,1.0,1,0.15891416262621366,38
229,0,422,198,224,0,0,0,1.0,1,1.0,1,1.0,1,0.18318841475123268,39
230,3,425,201,224,0,0,0,1.0,1,1.0,1,1.0,1,0.2285513337500159,38
231,2,427,202,225,0,0,0,1.0,1,1.0,1,1.0,1,0.24139976635084767,38
232,5,432,204,228,0,0,0,1.0,1,1.0,1,1.0,1,0.18928360932875635,37
233,3,435,206,229,0,0,0,1.0,1,1.0,1,1.0,1,0.16288792946692682,36
234,0,435,206,229,0,0,0,1.0,1,1.0,1,1.0,1,0.18572819869168936,34
235,2,437,208,229,0,0,0,1.0,1,1.0,1,1.0,1,0.2575392957538194,34
236,0,437,208,229,0,0,0,1.0,1,1.0,1,1.0,1,0.2822377143613345,33
237,0,437,208,229,0,0,0,1.0,1,1.0,1,1.0,1,0.25626055132767506,32
238,1,438,209,229,0,0,0,1.0,1,1.0,1,1.0,1,0.29450539252697333,32
239,2,440,210,230,0,0,0,1.0,1,1.0,1,1.0,1,0.19036822557181107,31
240,0,440,210,230,0,0,0,1.0,1,1.0,1,1.0,1,0.19810402453832085,28
241,1,441,211,230,0,0,0,1.0,1,1.0,1,1.0,1,0.22709321692500004,27
242,0,441,211,230,0,0,0,1.0,1,1.0,1,1.0,1,0.2715559826429476,29
243,1,442,212,230,0,0,0,1.0,1,1.0,1,1.0,1,0.31309993651157725,28
244,0,442,212,230,0,0,0,1.0,1,1.0,1,1.0,1,0.32810237090925687,28
245,1,443,213,230,0,0,0,1.0,1,1.0,1,1.0,1,0.31726466980652207,27
246,2,445,215,230,0,0,0,1.0,1,1.0,1,1.0,1,0.3255508509926352,25
247,2,447,216,231,0,0,0,1.0,1,1.0,1,1.0,1,0.3239351899281445,26
248,1,448,216,232,0,0,0,1.0,1,1.0,1,1.0,1,0.28472480134224804,27
249,3,451,218,233,0,0,0,1.0,1,1.0,1,1.0,1,0.3014933364083685,26
250,1,452,218,234,0,0,0,1.0,1,1.0,1,1.0,1,0.29741923966960027,27
251,1,453,218,235,0,0,0,1.0,1,1.0,1,1.0,1,0.30142941325753364,28
252,1,454,219,235,0,0,0,1.0,1,1.0,1,1.0,1,0.3143612952856379,28
253,0,454,219,235,0,0,0,1.0,1,1.0,1,1.0,1,0.29468808318694506,28
254,0,454,219,235,0,0,0,1.0,1,1.0,1,1.0,1,0.3214710995376264,29
255,4,458,220,238,0,0,0,1.0,1,1.0,1,1.0,1,0.30603793389312556,30
256,0,458,220,238,0,0,0,1.0,1,1.0,1,1.0,1,0.30603793389312556,30
257,1,459,221,238,0,0,0,1.0,1,1.0,1,1.0,1,0.35192076217779206,32
258,5,464,223,241,0,0,0,1.0,1,1.0,1,1.0,1,0.2964627386656991,32
259,1,465,223,242,0,0,0,1.0,1,1.0,1,1.0,1,0.28550251142061234,32
260,0,465,223,242,0,0,0,1.0,1,1.0,1,1.0,1,0.2439134090599632,34
261,0,465,223,242,0,0,0,1.0,1,1.0,1,1.0,1,0.25499897465046034,35
262,3,468,226,242,0,0,0,1.0,1,1.0,1,1.0,1,0.344767599975782,36
263,0,468,226,242,0,0,0,1.0,1,1.0,1,1.0,1,0.3188498187568815,34
264,4,472,228,244,0,0,0,1.0,1,1.0,1,1.0,1,0.3263136847675345,34
265,0,472,228,244,0,0,0,1.0,1,1.0,1,1.0,1,0.35011043170729395,33
266,0,472,228,244,0,0,0,1.0,1,1.0,1,1.0,1,0.34900406822227054,34
267,0,472,228,244,0,0,0,1.0,1,1.0,1,1.0,1,0.34100488461535294,33
268,0,472,228,244,0,0,0,1.0,1,1.0,1,1.0,1,0.35862511735308555,34
269,2,474,230,244,0,0,0,1.0,1,1.0,1,1.0,1,0.3502511271504951,34
270,3,477,230,247,0,0,0,1.0,1,1.0,1,1.0,1,0.31138495072449757,36
271,0,477,230,247,0,0,0,1.0,1,1.0,1,1.0,1,0.31138495072449757,36
272,0,477,230,247,0,0,0,1.0,1,1.0,1,1.0,1,0.3295250927981388,38
273,0,477,230,247,0,0,0,1.0,1,1.0,1,1.0,1,0.3295250927981388,38
274,1,478,231,247,0,0,0,1.0,1,1.0,1,1.0,1,0.3320484468078165,38
275,2,480,231,249,0,0,0,1.0,1,1.0,1,1.0,1,0.27727350014903845,38
276,0,480,231,249,0,0,0,1.0,1,1.0,1,1.0,1,0.2779880987948268,39
277,2,482,232,250,0,0,0,1.0,1,1.0,1,1.0,1,0.2774082070627423,38
278,0,482,232,250,0,0,0,1.0,1,1.0,1,1.0,1,0.31129068771340157,38
279,1,483,233,250,0,0,0,1.0,1,1.0,1,1.0,1,0.31425399167227275,38
280,0,483,233,250,0,0,0,1.0,1,1.0,1,1.0,1,0.3204637930657076,38
281,0,483,233,250,0,0,0,1.0,1,1.0,1,1.0,1,0.3155168845546013,38
282,0,483,233,250,0,0,0,1.0,1,1.0,1,1.0,1,0.3112337631140758,38
283,1,484,234,250,0,0,0,1.0,1,1.0,1,1.0,1,0.3499634909672745,38
284,1,485,234,251,0,0,0,1.0,1,1.0,1,1.0,1,0.3414348569499428,39
285,2,487,235,252,0,0,0,1.0,1,1.0,1,1.0,1,0.3642951772721511,39
286,0,487,235,252,0,0,0,1.0,1,1.0,1,1.0,1,0.3642951772721511,39
287,2,489,236,253,0,0,0,1.0,1,1.0,1,1.0,1,0.3942650312751222,39
288,2,491,236,255,0,0,0,1.0,1,1.0,1,1.0,1,0.32912888002362395,39
289,0,491,236,255,0,0,0,1.0,1,1.0,1,1.0,1,0.32912888002362395,39
290,1,492,236,256,0,0,0,1.0,1,1.0,1,1.0,1,0.32112275762080333,39
291,1,493,236,257,0,0,0,1.0,1,1.0,1,1.0,1,0.2991068464086211,39
292,2,495,236,259,0,0,0,1.0,1,1.0,1,1.0,1,0.26338914289710363,40
293,2,497,236,261,0,0,0,1.0,1,1.0,1,1.0,1,0.22098188700439284,41
294,1,498,237,261,0,0,0,1.0,1,1.0,1,1.0,1,0.2157541285803258,40
295,3,501,238,263,0,0,0,1.0,1,1.0,1,1.0,1,0.18629749733011108,42
296,2,503,240,263,0,0,0,1.0,1,1.0,1,1.0,1,0.22177148038339634,42
297,6,509,241,268,0,0,0,1.0,1,1.0,1,1.0,1,0.1283390647380289,43
298,1,510,242,268,0,0,0,1.0,1,1.0,1,1.0,1,0.17104489602557596,44
299,0,510,242,268,0,0,0,1.0,1,1.0,1,1.0,1,0.17104489602557596,44
300,0,510,242,268,0,0,0,1.0,1,1.0,1,1.0,1,0.18944693518519365,45
301,4,514,245,269,0,0,0,1.0,1,1.0,1,1.0,1,0.17852849020471426,47
302,6,520,248,272,0,0,0,1.0,1,1.0,1,1.0,1,0.18791254111279881,46
303,1,521,249,272,0,0,0,1.0,1,1.0,1,1.0,1,0.20020206742202398,45
304,1,522,250,272,0,0,0,1.0,1,1.0,1,1.0,1,0.2025842925360428,45
305,1,523,250,273,0,0,0,1.0,1,1.0,1,1.0,1,0.1739243494130986,43
306,1,524,251,273,0,0,0,1.0,1,1.0,1,1.0,1,0.2255622052837936,44
307,0,524,251,273,0,0,0,1.0,1,1.0,1,1.0,1,0.23440270960704354,42
308,2,526,253,273,0,0,0,1.0,1,1.0,1,1.0,1,0.23493305317087226,41
309,5,531,253,278,0,0,0,1.0,1,1.0,1,1.0,1,0.15574300180960246,42
310,0,531,253,278,0,0,0,1.0,1,1.0,1,1.0,1,0.15269684012798096,41
311,0,531,253,278,0,0,0,1.0,1,1.0,1,1.0,1,0.15269684012798096,41
312,0,531,253,278,0,0,0,1.0,1,1.0,1,1.0,1,0.14600616697364313,44
313,0,531,253,278,0,0,0,1.0,1,1.0,1,1.0,1,0.15032068276761518,43
314,0,531,253,278,0,0,0,1.0,1,1.0,1,1.0,1,0.15032068276761518,43
315,0,531,253,278,0,0,0,1.0,1,1.0,1,1.0,1,0.1538001613982503,43
316,1,532,254,278,0,0,0,1.0,1,1.0,1,1.0,1,0.18778074188172733,43
317,0,532,254,278,0,0,0,1.0,1,1.0,1,1.0,1,0.20444014549963854,44
318,3,535,256,279,0,0,0,1.0,1,1.0,1,1.0,1,0.27538897368947923,45
319,3,538,256,282,0,0,0,1.0,1,1.0,1,1.0,1,0.2553166774300726,46
320,0,538,256,282,0,0,0,1.0,1,1.0,1,1.0,1,0.2775908740673952,45
321,1,539,257,282,0,0,0,1.0,1,1.0,1,1.0,1,0.25101256092787505,44
322,1,540,257,283,0,0,0,1.0,1,1.0,1,1.0,1,0.23865666693292806,42
323,2,542,259,283,0,0,0,1.0,1,1.0,1,1.0,1,0.251029377332526,42
324,1,543,259,284,0,0,0,1.0,1,1.0,1,1.0,1,0.23161550568076536,43
325,3,546,261,285,0,0,0,1.0,1,1.0,1,1.0,1,0.2646497601091137,43
326,0,546,261,285,0,0,0,1.0,1,1.0,1,1.0,1,0.2646497601091137,43
327,1,547,262,285,0,0,0,1.0,1,1.0,1,1.0,1,0.29306489347962855,44
328,1,548,263,285,0,0,0,1.0,1,1.0,1,1.0,1,0.31283711338795567,44
329,4,552,263,289,0,0,0,1.0,1,1.0,1,1.0,1,0.21786898066446717,45
330,1,553,263,290,0,0,0,1.0,1,1.0,1,1.0,1,0.20139574292303644,46
331,0,553,263,290,0,0,0,1.0,1,1.0,1,1.0,1,0.20139574292303644,46
332,1,554,263,291,0,0,0,1.0,1,1.0,1,1.0,1,0.17486522861890275,47
333,1,555,263,292,0,0,0,1.0,1,1.0,1,1.0,1,0.1824433254958971,48
334,1,556,263,293,0,0,0,1.0,1,1.0,1,1.0,1,0.13989150158504804,48
335,1,557,264,293,0,0,0,1.0,1,1.0,1,1.0,1,0.1623570927505768,49
336,0,557,264,293,0,0,0,1.0,1,1.0,1,1.0,1,0.1736578471364264,50
337,2,559,265,294,0,0,0,1.0,1,1.0,1,1.0,1,0.1735836060636889,51
338,0,559,265,294,0,0,0,1.0,1,1.0,1,1.0,1,0.1735836060636889,51
339,1,560,266,294,0,0,0,1.0,1,1.0,1,1.0,1,0.17433739151703537,51
340,1,561,267,294,0,0,0,1.0,1,1.0,1,1.0,1,0.20141239199312244,51
341,0,561,267,294,0,0,0,1.0,1,1.0,1,1.0,1,0.20118356234556747,51
342,1,562,268,294,0,0,0,1.0,1,1.0,1,1.0,1,0.22579732968345392,51
343,1,563,268,295,0,0,0,1.0,1,1.0,1,1.0,1,0.2316365394586137,51
344,2,565,269,296,0,0,0,1.0,1,1.0,1,1.0,1,0.19524392305281574,50
345,2,567,269,298,0,0,0,1.0,1,1.0,1,1.0,1,0.17796777244622597,50
346,2,569,271,298,0,0,0,1.0,1,1.0,1,1.0,1,0.21673133738972608,50
347,0,569,271,298,0,0,0,1.0,1,1.0,1,1.0,1,0.2205330903203623,51
348,2,571,273,298,0,0,0,1.0,1,1.0,1,1.0,1,0.24798086331832792,52
349,3,574,275,299,0,0,0,1.0,1,1.0,1,1.0,1,0.23733021075813338,54
350,4,578,275,303,0,0,0,1.0,1,1.0,1,1.0,1,0.2293881366068427,54
351,2,580,277,303,0,0,0,1.0,1,1.0,1,1.0,1,0.22807082135657814,54
352,2,582,277,305,0,0,0,1.0,1,1.0,1,1.0,1,0.19610256925520372,56
353,2,584,279,305,0,0,0,1.0,1,1.0,1,1.0,1,0.17236287695573027,54
354,0,584,279,305,0,0,0,1.0,1,1.0,1,1.0,1,0.18518624319119728,53
355,2,586,281,305,0,0,0,1.0,1,1.0,1,1.0,1,0.19522404026639503,54
356,1,587,282,305,0,0,0,1.0,1,1.0,1,1.0,1,0.21926645360612373,54
357,6,593,285,308,0,0,0,1.0,1,1.0,1,1.0,1,0.2194418635467227,53
358,0,593,285,308,0,0,0,1.0,1,1.0,1,1.0,1,0.2785171645578706,49
359,0,593,285,308,0,0,0,1.0,1,1.0,1,1.0,1,0.2694040794747738,48
360,0,593,285,308,0,0,0,1.0,1,1.0,1,1.0,1,0.28794246974175525,47
361,2,595,285,310,0,0,0,1.0,1,1.0,1,1.0,1,0.2440514975349084,46
362,1,596,285,311,0,0,0,1.0,1,1.0,1,1.0,1,0.2382090931712026,46
363,0,596,285,311,0,0,0,1.0,1,1.0,1,1.0,1,0.24354975522590233,47
364,0,596,285,311,0,0,0,1.0,1,1.0,1,1.0,1,0.24354975522590233,47
365,0,596,285,311,0,0,0,1.0,1,1.0,1,1.0,1,0.24354975522590233,47
366,7,603,287,316,0,0,0,1.0,1,1.0,1,1.0,1,0.22683132041649082,50
367,0,603,287,316,0,0,0,1.0,1,1.0,1,1.0,1,0.22683132041649082,50
368,0,603,287,316,0,0,0,1.0,1,1.0,1,1.0,1,0.20544576564550293,51
369,0,603,287,316,0,0,0,1.0,1,1.0,1,1.0,1,0.2233464661170028,51
370,0,603,287,316,0,0,0,1.0,1,1.0,1,1.0,1,0.2233464661170028,51
371,2,605,287,318,0,0,0,1.0,1,1.0,1,1.0,1,0.22407062045678713,52
372,0,605,287,318,0,0,0,1.0,1,1.0,1,1.0,1,0.22402575903282976,53
373,1,606,288,318,0,0,0,1.0,1,1.0,1,1.0,1,0.22075598139883784,53
374,1,607,288,319,0,0,0,1.0,1,1.0,1,1.0,1,0.23461082535782454,53
375,4,611,292,319,0,0,0,1.0,1,1.0,1,1.0,1,0.23812026491591692,53
376,2,613,293,320,0,0,0,1.0,1,1.0,1,1.0,1,0.22773272236364642,53
377,3,616,295,321,0,0,0,1.0,1,1.0,1,1.0,1,0.20615743465911424,53
378,1,617,296,321,0,0,0,1.0,1,1.0,1,1.0,1,0.19403954572684445,53
379,1,618,297,321,0,0,0,1.0,1,1.0,1,1.0,1,0.20886291107357838,54
380,1,619,298,321,0,0,0,1.0,1,1.0,1,1.0,1,0.20167236330659277,54
381,2,621,299,322,0,0,0,1.0,1,1.0,1,1.0,1,0.20646892723219235,54
382,3,624,300,324,0,0,0,1.0,1,1.0,1,1.0,1,0.1976827928135306,55
383,2,626,302,324,0,0,0,1.0,1,1.0,1,1.0,1,0.20728407041050714,55
384,1,627,303,324,0,0,0,1.0,1,1.0,1,1.0,1,0.23907873313267822,54
385,4,631,303,328,0,0,0,1.0,1,1.0,1,1.0,1,0.1794257154304169,52
386,1,632,304,328,0,0,0,1.0,1,1.0,1,1.0,1,0.20554980578918353,52
387,2,634,305,329,0,0,0,1.0,1,1.0,1,1.0,1,0.21071228385296378,50
388,1,635,305,330,0,0,0,1.0,1,1.0,1,1.0,1,0.21110735799386435,52
389,4,639,305,334,0,0,0,1.0,1,1.0,1,1.0,1,0.19457421400386554,51
390,1,640,306,334,0,0,0,1.0,1,1.0,1,1.0,1,0.20197338065853543,50
391,2,642,308,334,0,0,0,1.0,1,1.0,1,1.0,1,0.2375675687111578,49
392,4,646,310,336,0,0,0,1.0,1,1.0,1,1.0,1,0.22729813679964,47
393,2,648,312,336,0,0,0,1.0,1,1.0,1,1.0,1,0.27397765776159577,47
394,4,652,314,338,0,0,0,1.0,1,1.0,1,1.0,1,0.26925860980980953,48
395,4,656,315,341,0,0,0,1.0,1,1.0,1,1.0,1,0.3220478257192957,46
396,4,660,317,343,0,0,0,1.0,1,1.0,1,1.0,1,0.3363623145975802,43
397,4,664,317,347,0,0,0,1.0,1,1.0,1,1.0,1,0.29435398996598505,42
398,3,667,318,349,0,0,0,1.0,1,1.0,1,1.0,1,0.29060791445128237,40
399,0,667,318,349,0,0,0,1.0,1,1.0,1,1.0,1,0.28061760129532165,39
400,2,669,319,350,0,0,0,1.0,1,1.0,1,1.0,1,0.2555977353572656,38
401,1,670,319,351,0,0,0,1.0,1,1.0,1,1.0,1,0.2525856721805948,37
402,0,670,319,351,0,0,0,1.0,1,1.0,1,1.0,1,0.24317384093635783,36
403,1,671,320,351,0,0,0,1.0,1,1.0,1,1.0,1,0.19978554144542177,38
404,2,673,322,351,0,0,0,1.0,1,1.0,1,1.0,1,0.24261652788347976,39
405,2,675,322,353,0,0,0,1.0,1,1.0,1,1.0,1,0.19740025429693916,40
406,2,677,322,355,0,0,0,1.0,1,1.0,1,1.0,1,0.13820577665932035,41
407,0,677,322,355,0,0,0,1.0,1,1.0,1,1.0,1,0.12648468231356322,42
408,0,677,322,355,0,0,0,1.0,1,1.0,1,1.0,1,0.1284138420145398,43
409,1,678,323,355,0,0,0,1.0,1,1.0,1,1.0,1,0.16865245180799823,44
410,0,678,323,355,0,0,0,1.0,1,1.0,1,1.0,1,0.17263887721649257,46
411,1,679,324,355,0,0,0,1.0,1,1.0,1,1.0,1,0.19809390404878807,46
412,1,680,324,356,0,0,0,1.0,1,1.0,1,1.0,1,0.2027877851615857,47
413,1,681,325,356,0,0,0,1.0,1,1.0,1,1.0,1,0.23555755441145002,47
414,0,681,325,356,0,0,0,1.0,1,1.0,1,1.0,1,0.23555755441145002,47
415,3,684,325,359,0,0,0,1.0,1,1.0,1,1.0,1,0.22291095839684008,48
416,0,684,325,359,0,0,0,1.0,1,1.0,1,1.0,1,0.22714399883130365,49
417,1,685,325,360,0,0,0,1.0,1,1.0,1,1.0,1,0.2071417326263769,49
418,3,688,326,362,0,0,0,1.0,1,1.0,1,1.0,1,0.2041406734533432,50
419,0,688,326,362,0,0,0,1.0,1,1.0,1,1.0,1,0.2041406734533432,50
420,1,689,327,362,0,0,0,1.0,1,1.0,1,1.0,1,0.2078979269337836,50
421,1,690,327,363,0,0,0,1.0,1,1.0,1,1.0,1,0.19124292268344054,50
422,0,690,327,363,0,0,0,1.0,1,1.0,1,1.0,1,0.2119128542819924,50
423,2,692,329,363,0,0,0,1.0,1,1.0,1,1.0,1,0.24849844220054862,51
424,0,692,329,363,0,0,0,1.0,1,1.0,1,1.0,1,0.25324781896054904,49
425,4,696,330,366,0,0,0,1.0,1,1.0,1,1.0,1,0.2377263234943981,48
426,0,696,330,366,0,0,0,1.0,1,1.0,1,1.0,1,0.23100748823285622,50
427,4,700,332,368,0,0,0,1.0,1,1.0,1,1.0,1,0.2484057967387806,48
428,5,705,335,370,0,0,0,1.0,1,1.0,1,1.0,1,0.2881490446344265,49
429,2,707,336,371,0,0,0,1.0,1,1.0,1,1.0,1,0.2875381391187694,45
430,2,709,338,371,0,0,0,1.0,1,1.0,1,1.0,1,0.2801003115784953,44
431,4,713,341,372,0,0,0,1.0,1,1.0,1,1.0,1,0.249838125513515,42
432,0,713,341,372,0,0,0,1.0,1,1.0,1,1.0,1,0.26001913075796834,40
433,2,715,342,373,0,0,0,1.0,1,1.0,1,1.0,1,0.267014354763529,39
434,2,717,344,373,0,0,0,1.0,1,1.0,1,1.0,1,0.2428067069557166,39
435,5,722,347,375,0,0,0,1.0,1,1.0,1,1.0,1,0.3041332410050014,38
436,1,723,347,376,0,0,0,1.0,1,1.0,1,1.0,1,0.2755199151609379,38
437,3,726,347,379,0,0,0,1.0,1,1.0,1,1.0,1,0.220553550150033,39
438,0,726,347,379,0,0,0,1.0,1,1.0,1,1.0,1,0.21436203073075694,38
439,1,727,347,380,0,0,0,1.0,1,1.0,1,1.0,1,0.1935081302173984,39
440,0,727,347,380,0,0,0,1.0,1,1.0,1,1.0,1,0.1935081302173984,39
441,1,728,347,381,0,0,0,1.0,1,1.0,1,1.0,1,0.1719793419277727,41
442,2,730,347,383,0,0,0,1.0,1,1.0,1,1.0,1,0.1331337152753096,42
443,0,730,347,383,0,0,0,1.0,1,1.0,1,1.0,1,0.1331337152753096,42
444,0,730,347,383,0,0,0,1.0,1,1.0,1,1.0,1,0.126956279019477,43
445,2,732,349,383,0,0,0,1.0,1,1.0,1,1.0,1,0.13545703931547895,44
446,1,733,350,383,0,0,0,1.0,1,1.0,1,1.0,1,0.17652165039436699,44
447,2,735,351,384,0,0,0,1.0,1,1.0,1,1.0,1,0.17637271917013034,47
448,1,736,352,384,0,0,0,1.0,1,1.0,1,1.0,1,0.23053798664587738,46
449,1,737,352,385,0,0,0,1.0,1,1.0,1,1.0,1,0.2031973521295239,46
450,0,737,352,385,0,0,0,1.0,1,1.0,1,1.0,1,0.23647451563026334,46
451,2,739,352,387,0,0,0,1.0,1,1.0,1,1.0,1,0.22848866398792142,47
452,0,739,352,387,0,0,0,1.0,1,1.0,1,1.0,1,0.23874783606351735,47
453,0,739,352,387,0,0,0,1.0,1,1.0,1,1.0,1,0.23874783606351735,47
454,2,741,352,389,0,0,0,1.0,1,1.0,1,1.0,1,0.17717531414917226,46
455,3,744,353,391,0,0,0,1.0,1,1.0,1,1.0,1,0.1592000986692192,47
456,2,746,354,392,0,0,0,1.0,1,1.0,1,1.0,1,0.14763381259211913,49
457,1,747,355,392,0,0,0,1.0,1,1.0,1,1.0,1,0.16902253633491196,50
458,0,747,355,392,0,0,0,1.0,1,1.0,1,1.0,1,0.16902253633491196,50
459,1,748,355,393,0,0,0,1.0,1,1.0,1,1.0,1,0.13377327913616716,52
460,1,749,355,394,0,0,0,1.0,1,1.0,1,1.0,1,0.14447872880572477,53
461,1,750,355,395,0,0,0,1.0,1,1.0,1,1.0,1,0.15293771672973835,54
462,0,750,355,395,0,0,0,1.0,1,1.0,1,1.0,1,0.15293771672973835,54
463,1,751,356,395,0,0,0,1.0,1,1.0,1,1.0,1,0.15513883451914354,55
464,3,754,357,397,0,0,0,1.0,1,1.0,1,1.0,1,0.1494707261142119,56
465,3,757,358,399,0,0,0,1.0,1,1.0,1,1.0,1,0.11474331756018445,54
466,4,761,361,400,0,0,0,1.0,1,1.0,1,1.0,1,0.15088668937596103,54
467,3,764,363,401,0,0,0,1.0,1,1.0,1,1.0,1,0.15314094305024775,51
468,3,767,366,401,0,0,0,1.0,1,1.0,1,1.0,1,0.2283572422928927,51
469,5,772,367,405,0,0,0,1.0,1,1.0,1,1.0,1,0.1706161332622793,48
470,1,773,368,405,0,0,0,1.0,1,1.0,1,1.0,1,0.16117490461090309,47
471,3,776,370,406,0,0,0,1.0,1,1.0,1,1.0,1,0.1437134051271755,44
472,6,782,375,407,0,0,0,1.0,1,1.0,1,1.0,1,0.21537013330795998,43
473,2,784,376,408,0,0,0,1.0,1,1.0,1,1.0,1,0.11714372282920793,41
474,0,784,376,408,0,0,0,1.0,1,1.0,1,1.0,1,0.15934448960154401,39
475,0,784,376,408,0,0,0,1.0,1,1.0,1,1.0,1,0.16673114519501117,40
476,3,787,379,408,0,0,0,1.0,1,1.0,1,1.0,1,0.2205385088179342,38
477,4,791,381,410,0,0,0,1.0,1,1.0,1,1.0,1,0.20936414107635729,35
478,1,792,381,411,0,0,0,1.0,1,1.0,1,1.0,1,0.1806558208443423,35
479,1,793,382,411,0,0,0,1.0,1,1.0,1,1.0,1,0.25000996685414345,32
480,0,793,382,411,0,0,0,1.0,1,1.0,1,1.0,1,0.27401878923716444,32
481,0,793,382,411,0,0,0,1.0,1,1.0,1,1.0,1,0.27240196230554503,33
482,4,797,384,413,0,0,0,1.0,1,1.0,1,1.0,1,0.3051595960784069,34
483,0,797,384,413,0,0,0,1.0,1,1.0,1,1.0,1,0.29661415750707876,32
484,2,799,385,414,0,0,0,1.0,1,1.0,1,1.0,1,0.3003432092247107,33
485,4,803,387,416,0,0,0,1.0,1,1.0,1,1.0,1,0.28847119871886817,34
486,3,806,387,419,0,0,0,1.0,1,1.0,1,1.0,1,0.25085872966356776,36
487,1,807,387,420,0,0,0,1.0,1,1.0,1,1.0,1,0.24076723333685454,36
488,1,808,387,421,0,0,0,1.0,1,1.0,1,1.0,1,0.2430592860161076,37
489,3,811,388,423,0,0,0,1.0,1,1.0,1,1.0,1,0.2221139829132298,38
490,1,812,389,423,0,0,0,1.0,1,1.0,1,1.0,1,0.24016492149800855,38
491,0,812,389,423,0,0,0,1.0,1,1.0,1,1.0,1,0.23886970248670905,37
492,0,812,389,423,0,0,0,1.0,1,1.0,1,1.0,1,0.23886970248670905,37
493,3,815,389,426,0,0,0,1.0,1,1.0,1,1.0,1,0.16725288264213387,37
494,3,818,391,427,0,0,0,1.0,1,1.0,1,1.0,1,0.22914212119560537,39
495,0,818,391,427,0,0,0,1.0,1,1.0,1,1.0,1,0.2327452396737807,40
496,0,818,391,427,0,0,0,1.0,1,1.0,1,1.0,1,0.2327452396737807,40
497,3,821,391,430,0,0,0,1.0,1,1.0,1,1.0,1,0.1712519411371046,43
498,2,823,391,432,0,0,0,1.0,1,1.0,1,1.0,1,0.13351717799223733,43
499,1,824,391,433,0,0,0,1.0,1,1.0,1,1.0,1,0.11996237037654747,44
500,1,825,392,433,0,0,0,1.0,1,1.0,1,1.0,1,0.12423880753391946,45
501,2,827,393,434,0,0,0,1.0,1,1.0,1,1.0,1,0.12753879172169613,45
502,2,829,395,434,0,0,0,1.0,1,1.0,1,1.0,1,0.13974240085917114,45
503,1,830,396,434,0,0,0,1.0,1,1.0,1,1.0,1,0.14392173559549357,46
504,3,833,398,435,0,0,0,1.0,1,1.0,1,1.0,1,0.19266168192739705,47
505,1,834,398,436,0,0,0,1.0,1,1.0,1,1.0,1,0.17651422701396968,42
506,2,836,400,436,0,0,0,1.0,1,1.0,1,1.0,1,0.23505684627828163,41
507,0,836,400,436,0,0,0,1.0,1,1.0,1,1.0,1,0.23377471469966646,38
508,2,838,402,436,0,0,0,1.0,1,1.0,1,1.0,1,0.33362459413744044,38
509,0,838,402,436,0,0,0,1.0,1,1.0,1,1.0,1,0.3629095398726286,37
510,0,838,402,436,0,0,0,1.0,1,1.0,1,1.0,1,0.3835108430066513,36
511,1,839,403,436,0,0,0,1.0,1,1.0,1,1.0,1,0.4525198461839392,34
512,0,839,403,436,0,0,0,1.0,1,1.0,1,1.0,1,0.42914391234537497,32
513,0,839,403,436,0,0,0,1.0,1,1.0,1,1.0,1,0.42914391234537497,32
514,1,840,403,437,0,0,0,1.0,1,1.0,1,1.0,1,0.4127121433734193,35
515,1,841,403,438,0,0,0,1.0,1,1.0,1,1.0,1,0.3927998985080674,35
516,4,845,403,442,0,0,0,1.0,1,1.0,1,1.0,1,0.34052623654396635,36
517,2,847,403,444,0,0,0,1.0,1,1.0,1,1.0,1,0.3193889493468105,36
518,2,849,403,446,0,0,0,1.0,1,1.0,1,1.0,1,0.3202725553139923,39
519,1,850,404,446,0,0,0,1.0,1,1.0,1,1.0,1,0.31300117079488254,39
520,2,852,404,448,0,0,0,1.0,1,1.0,1,1.0,1,0.29369752923229575,39
521,0,852,404,448,0,0,0,1.0,1,1.0,1,1.0,1,0.2860549285747471,40
522,0,852,404,448,0,0,0,1.0,1,1.0,1,1.0,1,0.2860549285747471,40
523,1,853,404,449,0,0,0,1.0,1,1.0,1,1.0,1,0.28456978128717525,41
524,1,854,404,450,0,0,0,1.0,1,1.0,1,1.0,1,0.271270225066838,41
525,5,859,406,453,0,0,0,1.0,1,1.0,1,1.0,1,0.24012811389898994,40
526,1,860,406,454,0,0,0,1.0,1,1.0,1,1.0,1,0.23098305502546365,40
527,0,860,406,454,0,0,0,1.0,1,1.0,1,1.0,1,0.23098305502546365,40
528,0,860,406,454,0,0,0,1.0,1,1.0,1,1.0,1,0.23098305502546365,40
529,0,860,406,454,0,0,0,1.0,1,1.0,1,1.0,1,0.25515685201277655,39
530,0,860,406,454,0,0,0,1.0,1,1.0,1,1.0,1,0.25515685201277655,39
531,1,861,407,454,0,0,0,1.0,1,1.0,1,1.0,1,0.278577297201274,39
532,3,864,407,457,0,0,0,1.0,1,1.0,1,1.0,1,0.18751332243819238,40
533,1,865,408,457,0,0,0,1.0,1,1.0,1,1.0,1,0.2303157934758375,40
534,0,865,408,457,0,0,0,1.0,1,1.0,1,1.0,1,0.25769114911805785,42
535,0,865,408,457,0,0,0,1.0,1,1.0,1,1.0,1,0.2756711789241005,42
536,0,865,408,457,0,0,0,1.0,1,1.0,1,1.0,1,0.2816217644734563,43
537,0,865,408,457,0,0,0,1.0,1,1.0,1,1.0,1,0.2816217644734563,43
538,2,867,409,458,0,0,0,1.0,1,1.0,1,1.0,1,0.2972167733584484,44
539,1,868,409,459,0,0,0,1.0,1,1.0,1,1.0,1,0.2759389128454063,44
540,1,869,410,459,0,0,0,1.0,1,1.0,1,1.0,1,0.28462218017135427,44
541,0,869,410,459,0,0,0,1.0,1,1.0,1,1.0,1,0.2723297041397841,45
542,3,872,412,460,0,0,0,1.0,1,1.0,1,1.0,1,0.3092428838005736,46
543,4,876,414,462,0,0,0,1.0,1,1.0,1,1.0,1,0.3415802816562577,43
544,1,877,415,462,0,0,0,1.0,1,1.0,1,1.0,1,0.35133657486132613,42
545,7,884,417,467,0,0,0,1.0,1,1.0,1,1.0,1,0.2889066745584428,43
546,4,888,419,469,0,0,0,1.0,1,1.0,1,1.0,1,0.26015744579783767,41
547,1,889,419,470,0,0,0,1.0,1,1.0,1,1.0,1,0.21534938466527973,40
548,4,893,423,470,0,0,0,1.0,1,1.0,1,1.0,1,0.3022904673719663,40
549,2,895,425,470,0,0,0,1.0,1,1.0,1,1.0,1,0.3425989233635207,39
550,0,895,425,470,0,0,0,1.0,1,1.0,1,1.0,1,0.3232886644618636,38
551,1,896,426,470,0,0,0,1.0,1,1.0,1,1.0,1,0.3492267648014837,38
552,1,897,427,470,0,0,0,1.0,1,1.0,1,1.0,1,0.38379514384425606,39
553,0,897,427,470,0,0,0,1.0,1,1.0,1,1.0,1,0.3762807310319466,38
554,2,899,428,471,0,0,0,1.0,1,1.0,1,1.0,1,0.3779221743554736,39
555,0,899,428,471,0,0,0,1.0,1,1.0,1,1.0,1,0.38622567797152796,39
556,1,900,428,472,0,0,0,1.0,1,1.0,1,1.0,1,0.38179311761115386,40
557,1,901,428,473,0,0,0,1.0,1,1.0,1,1.0,1,0.38484629587278657,40
558,2,903,428,475,0,0,0,1.0,1,1.0,1,1.0,1,0.3567038233681222,40
559,3,906,429,477,0,0,0,1.0,1,1.0,1,1.0,1,0.32436065118369745,40
560,1,907,429,478,0,0,0,1.0,1,1.0,1,1.0,1,0.31976623739502447,41
561,4,911,430,481,0,0,0,1.0,1,1.0,1,1.0,1,0.28208220089954045,42
562,2,913,431,482,0,0,0,1.0,1,1.0,1,1.0,1,0.29452087990993586,42
563,4,917,432,485,0,0,0,1.0,1,1.0,1,1.0,1,0.29396596835473243,42
564,2,919,432,487,0,0,0,1.0,1,1.0,1,1.0,1,0.2825929270682928,43
565,1,920,432,488,0,0,0,1.0,1,1.0,1,1.0,1,0.26241304771170165,44
566,0,920,432,488,0,0,0,1.0,1,1.0,1,1.0,1,0.25925160144586684,45
567,0,920,432,488,0,0,0,1.0,1,1.0,1,1.0,1,0.25925160144586684,45
568,2,922,432,490,0,0,0,1.0,1,1.0,1,1.0,1,0.20764637373109432,46
569,0,922,432,490,0,0,0,1.0,1,1.0,1,1.0,1,0.19553536621824133,47
570,1,923,433,490,0,0,0,1.0,1,1.0,1,1.0,1,0.22266884686003496,48
571,1,924,434,490,0,0,0,1.0,1,1.0,1,1.0,1,0.25394313518051614,48
572,0,924,434,490,0,0,0,1.0,1,1.0,1,1.0,1,0.2454751214367283,47
573,1,925,434,491,0,0,0,1.0,1,1.0,1,1.0,1,0.23393118603091956,49
574,1,926,434,492,0,0,0,1.0,1,1.0,1,1.0,1,0.22217225080060762,49
575,1,927,434,493,0,0,0,1.0,1,1.0,1,1.0,1,0.18302703680126733,50
576,1,928,434,494,0,0,0,1.0,1,1.0,1,1.0,1,0.18602104148699353,51
577,1,929,434,495,0,0,0,1.0,1,1.0,1,1.0,1,0.15504149038262846,51
578,0,929,434,495,0,0,0,1.0,1,1.0,1,1.0,1,0.15504149038262846,51
579,3,932,436,496,0,0,0,1.0,1,1.0,1,1.0,1,0.16550167427979973,52
580,1,933,436,497,0,0,0,1.0,1,1.0,1,1.0,1,0.18659170903975797,52
581,1,934,436,498,0,0,0,1.0,1,1.0,1,1.0,1,0.18258236434555544,52
582,0,934,436,498,0,0,0,1.0,1,1.0,1,1.0,1,0.1927572165930114,53
583,3,937,438,499,0,0,0,1.0,1,1.0,1,1.0,1,0.2294145987781033,51
584,7,944,442,502,0,0,0,1.0,1,1.0,1,1.0,1,0.25506202743206746,51
585,6,950,445,505,0,0,0,1.0,1,1.0,1,1.0,1,0.23470250571277865,49
586,2,952,447,505,0,0,0,1.0,1,1.0,1,1.0,1,0.2130514753282082,49
587,3,955,449,506,0,0,0,1.0,1,1.0,1,1.0,1,0.24379961634073766,48
588,2,957,451,506,0,0,0,1.0,1,1.0,1,1.0,1,0.24391329583636653,46
589,3,960,453,507,0,0,0,1.0,1,1.0,1,1.0,1,0.2290373465088521,48
590,2,962,454,508,0,0,0,1.0,1,1.0,1,1.0,1,0.23547703244460683,47
591,2,964,455,509,0,0,0,1.0,1,1.0,1,1.0,1,0.2549283499365217,48
592,2,966,455,511,0,0,0,1.0,1,1.0,1,1.0,1,0.18352635549054977,47
593,1,967,456,511,0,0,0,1.0,1,1.0,1,1.0,1,0.2202839576967347,45
594,1,968,457,511,0,0,0,1.0,1,1.0,1,1.0,1,0.22293464186190498,44
595,2,970,459,511,0,0,0,1.0,1,1.0,1,1.0,1,0.23611587929159902,43
596,2,972,460,512,0,0,0,1.0,1,1.0,1,1.0,1,0.23835414965894772,44
597,2,974,461,513,0,0,0,1.0,1,1.0,1,1.0,1,0.210075848574491,43
598,2,976,462,514,0,0,0,1.0,1,1.0,1,1.0,1,0.18324264021534248,45
599,2,978,464,514,0,0,0,1.0,1,1.0,1,1.0,1,0.18478331252807553,44
600,0,978,464,514,0,0,0,1.0,1,1.0,1,1.0,1,0.18478331252807553,44
601,0,978,464,514,0,0,0,1.0,1,1.0,1,1.0,1,0.20200417546901817,45
602,1,979,465,514,0,0,0,1.0,1,1.0,1,1.0,1,0.21391043394664913,46
603,0,979,465,514,0,0,0,1.0,1,1.0,1,1.0,1,0.2102887032895331,46
604,0,979,465,514,0,0,0,1.0,1,1.0,1,1.0,1,0.1988777196474035,47
605,1,980,465,515,0,0,0,1.0,1,1.0,1,1.0,1,0.17669822303253926,47
606,0,980,465,515,0,0,0,1.0,1,1.0,1,1.0,1,0.19231561025420923,47
607,0,980,465,515,0,0,0,1.0,1,1.0,1,1.0,1,0.18626274945022187,48
608,0,980,465,515,0,0,0,1.0,1,1.0,1,1.0,1,0.21312775282332191,47
609,1,981,465,516,0,0,0,1.0,1,1.0,1,1.0,1,0.2039989860450776,48
610,2,983,465,518,0,0,0,1.0,1,1.0,1,1.0,1,0.15414832612519222,48
611,2,985,467,518,0,0,0,1.0,1,1.0,1,1.0,1,0.16524480333534064,49
612,1,986,467,519,0,0,0,1.0,1,1.0,1,1.0,1,0.1665425277879048,50
613,2,988,469,519,0,0,0,1.0,1,1.0,1,1.0,1,0.1777779609526275,50
614,1,989,469,520,0,0,0,1.0,1,1.0,1,1.0,1,0.1574583600013142,50
615,1,990,470,520,0,0,0,1.0,1,1.0,1,1.0,1,0.18563577558386402,50
616,1,991,471,520,0,0,0,1.0,1,1.0,1,1.0,1,0.19087950532137626,50
617,5,996,471,525,0,0,0,1.0,1,1.0,1,1.0,1,0.12576151194238538,52
618,0,996,471,525,0,0,0,1.0,1,1.0,1,1.0,1,0.12576151194238538,52
619,3,999,473,526,0,0,0,1.0,1,1.0,1,1.0,1,0.1529082054738221,50
620,0,999,473,526,0,0,0,1.0,1,1.0,1,1.0,1,0.14411135768953007,50
621,2,1001,474,527,0,0,0,1.0,1,1.0,1,1.0,1,0.13656947015766993,49
622,0,1001,474,527,0,0,0,1.0,1,1.0,1,1.0,1,0.15884440419193824,49
623,2,1003,476,527,0,0,0,1.0,1,1.0,1,1.0,1,0.20376229262458248,48
624,2,1005,478,527,0,0,0,1.0,1,1.0,1,1.0,1,0.23852856353836904,46
625,2,1007,479,528,0,0,0,1.0,1,1.0,1,1.0,1,0.19801005625450877,45
626,3,1010,482,528,0,0,0,1.0,1,1.0,1,1.0,1,0.21915993455176283,44
627,3,1013,485,528,0,0,0,1.0,1,1.0,1,1.0,1,0.2065711689683405,44
628,1,1014,486,528,0,0,0,1.0,1,1.0,1,1.0,1,0.2257556591242808,44
629,2,1016,487,529,0,0,0,1.0,1,1.0,1,1.0,1,0.2061969967022278,41
630,2,1018,488,530,0,0,0,1.0,1,1.0,1,1.0,1,0.23621058319306026,40
631,2,1020,490,530,0,0,0,1.0,1,1.0,1,1.0,1,0.2631958435421653,38
632,1,1021,491,530,0,0,0,1.0,1,1.0,1,1.0,1,0.27340007005519873,38
633,3,1024,493,531,0,0,0,1.0,1,1.0,1,1.0,1,0.32681938453120096,36
634,0,1024,493,531,0,0,0,1.0,1,1.0,1,1.0,1,0.31228290110740636,35
635,1,1025,494,531,0,0,0,1.0,1,1.0,1,1.0,1,0.31683812996107164,35
636,2,1027,495,532,0,0,0,1.0,1,1.0,1,1.0,1,0.34232978985334817,36
637,3,1030,495,535,0,0,0,1.0,1,1.0,1,1.0,1,0.24387454803230527,35
638,2,1032,497,535,0,0,0,1.0,1,1.0,1,1.0,1,0.24987313054475596,34
639,2,1034,498,536,0,0,0,1.0,1,1.0,1,1.0,1,0.22594384959565977,36
640,2,1036,499,537,0,0,0,1.0,1,1.0,1,1.0,1,0.2611997750722733,37
641,1,1037,499,538,0,0,0,1.0,1,1.0,1,1.0,1,0.24556292010178213,37
642,1,1038,499,539,0,0,0,1.0,1,1.0,1,1.0,1,0.19213129866945597,38
643,1,1039,499,540,0,0,0,1.0,1,1.0,1,1.0,1,0.16497083557775713,39
644,1,1040,500,540,0,0,0,1.0,1,1.0,1,1.0,1,0.18758272153483807,39
645,0,1040,500,540,0,0,0,1.0,1,1.0,1,1.0,1,0.1826592137419089,39
646,4,1044,503,541,0,0,0,1.0,1,1.0,1,1.0,1,0.25454708365027456,40
647,1,1045,503,542,0,0,0,1.0,1,1.0,1,1.0,1,0.24852313010591137,40
648,1,1046,504,542,0,0,0,1.0,1,1.0,1,1.0,1,0.2853857825169175,40
649,3,1049,504,545,0,0,0,1.0,1,1.0,1,1.0,1,0.2076706995663721,40
650,2,1051,505,546,0,0,0,1.0,1,1.0,1,1.0,1,0.21168231446216057,41
651,3,1054,506,548,0,0,0,1.0,1,1.0,1,1.0,1,0.17045411672454694,42
652,0,1054,506,548,0,0,0,1.0,1,1.0,1,1.0,1,0.1934201382591943,41
653,0,1054,506,548,0,0,0,1.0,1,1.0,1,1.0,1,0.1934201382591943,41
654,1,1055,506,549,0,0,0,1.0,1,1.0,1,1.0,1,0.19981835658570166,42
655,0,1055,506,549,0,0,0,1.0,1,1.0,1,1.0,1,0.19547993350239679,45
656,3,1058,509,549,0,0,0,1.0,1,1.0,1,1.0,1,0.25923911692265966,45
657,2,1060,509,551,0,0,0,1.0,1,1.0,1,1.0,1,0.2237866554835195,43
658,2,1062,510,552,0,0,0,1.0,1,1.0,1,1.0,1,0.2595752677839146,43
659,0,1062,510,552,0,0,0,1.0,1,1.0,1,1.0,1,0.2381749754814643,43
660,3,1065,513,552,0,0,0,1.0,1,1.0,1,1.0,1,0.32263032941135766,43
661,1,1066,513,553,0,0,0,1.0,1,1.0,1,1.0,1,0.32192736396581406,41
662,5,1071,515,556,0,0,0,1.0,1,1.0,1,1.0,1,0.3463080889823886,40
663,1,1072,516,556,0,0,0,1.0,1,1.0,1,1.0,1,0.33964067228498857,39
664,2,1074,517,557,0,0,0,1.0,1,1.0,1,1.0,1,0.3418872515700923,36
665,4,1078,518,560,0,0,0,1.0,1,1.0,1,1.0,1,0.2572648631420785,36
666,2,1080,519,561,0,0,0,1.0,1,1.0,1,1.0,1,0.2580850047031677,36
667,2,1082,520,562,0,0,0,1.0,1,1.0,1,1.0,1,0.24562124651275397,35
668,2,1084,521,563,0,0,0,1.0,1,1.0,1,1.0,1,0.21283477197197553,34
669,3,1087,523,564,0,0,0,1.0,1,1.0,1,1.0,1,0.22985842081610836,34
670,2,1089,524,565,0,0,0,1.0,1,1.0,1,1.0,1,0.23231407251133188,32
671,3,1092,525,567,0,0,0,1.0,1,1.0,1,1.0,1,0.14321940761544216,33
672,0,1092,525,567,0,0,0,1.0,1,1.0,1,1.0,1,0.16753829778137222,32
673,0,1092,525,567,0,0,0,1.0,1,1.0,1,1.0,1,0.16753829778137222,32
674,1,1093,526,567,0,0,0,1.0,1,1.0,1,1.0,1,0.20846614292253482,32
675,2,1095,528,567,0,0,0,1.0,1,1.0,1,1.0,1,0.2617049416081842,34
676,1,1096,528,568,0,0,0,1.0,1,1.0,1,1.0,1,0.23130916280219227,35
677,2,1098,529,569,0,0,0,1.0,1,1.0,1,1.0,1,0.21184443225282445,35
678,0,1098,529,569,0,0,0,1.0,1,1.0,1,1.0,1,0.21184443225282445,35
679,2,1100,530,570,0,0,0,1.0,1,1.0,1,1.0,1,0.20462366476138769,36
680,1,1101,531,570,0,0,0,1.0,1,1.0,1,1.0,1,0.17584179095087038,37
681,1,1102,532,570,0,0,0,1.0,1,1.0,1,1.0,1,0.20979947576948252,37
682,1,1103,533,570,0,0,0,1.0,1,1.0,1,1.0,1,0.23064102070298045,37
683,1,1104,533,571,0,0,0,1.0,1,1.0,1,1.0,1,0.20417360317048008,38
684,1,1105,534,571,0,0,0,1.0,1,1.0,1,1.0,1,0.23005966028409064,39
685,0,1105,534,571,0,0,0,1.0,1,1.0,1,1.0,1,0.22184547528021054,38
686,1,1106,534,572,0,0,0,1.0,1,1.0,1,1.0,1,0.22185654023478402,37
687,3,1109,535,574,0,0,0,1.0,1,1.0,1,1.0,1,0.2725083758123773,38
688,0,1109,535,574,0,0,0,1.0,1,1.0,1,1.0,1,0.31068956604245124,37
689,5,1114,536,578,0,0,0,1.0,1,1.0,1,1.0,1,0.2709378443019291,39
690,1,1115,536,579,0,0,0,1.0,1,1.0,1,1.0,1,0.25621753997046315,38
691,2,1117,537,580,0,0,0,1.0,1,1.0,1,1.0,1,0.23804711392100147,38
692,2,1119,538,581,0,0,0,1.0,1,1.0,1,1.0,1,0.2494384998915154,38
693,2,1121,540,581,0,0,0,1.0,1,1.0,1,1.0,1,0.2746419698138272,40
694,2,1123,542,581,0,0,0,1.0,1,1.0,1,1.0,1,0.33125549398568327,42
695,2,1125,543,582,0,0,0,1.0,1,1.0,1,1.0,1,0.31383973844717133,40
696,3,1128,544,584,0,0,0,1.0,1,1.0,1,1.0,1,0.30694200220383844,39
697,3,1131,544,587,0,0,0,1.0,1,1.0,1,1.0,1,0.26312257836201036,39
698,4,1135,546,589,0,0,0,1.0,1,1.0,1,1.0,1,0.20481693143009408,37
699,0,1135,546,589,0,0,0,1.0,1,1.0,1,1.0,1,0.20502438920406738,37
700,2,1137,547,590,0,0,0,1.0,1,1.0,1,1.0,1,0.2524875962931959,37
701,0,1137,547,590,0,0,0,1.0,1,1.0,1,1.0,1,0.2524875962931959,37
702,2,1139,548,591,0,0,0,1.0,1,1.0,1,1.0,1,0.2682717175099712,38
703,1,1140,549,591,0,0,0,1.0,1,1.0,1,1.0,1,0.26566507737682343,36
704,3,1143,551,592,0,0,0,1.0,1,1.0,1,1.0,1,0.23686761831087075,36
705,2,1145,553,592,0,0,0,1.0,1,1.0,1,1.0,1,0.22465093961982127,36
706,4,1149,557,592,0,0,0,1.0,1,1.0,1,1.0,1,0.2659449974809129,35
707,5,1154,559,595,0,0,0,1.0,1,1.0,1,1.0,1,0.22740098913426895,36
708,2,1156,561,595,0,0,0,1.0,1,1.0,1,1.0,1,0.25043290891733616,36
709,2,1158,562,596,0,0,0,1.0,1,1.0,1,1.0,1,0.22852650198560986,34
710,1,1159,563,596,0,0,0,1.0,1,1.0,1,1.0,1,0.25330041103432976,34
711,0,1159,563,596,0,0,0,1.0,1,1.0,1,1.0,1,0.2447656287004664,34
712,2,1161,564,597,0,0,0,1.0,1,1.0,1,1.0,1,0.285389602520111,35
713,3,1164,565,599,0,0,0,1.0,1,1.0,1,1.0,1,0.2506619313209227,34
714,1,1165,566,599,0,0,0,1.0,1,1.0,1,1.0,1,0.25271250720604843,34
715,0,1165,566,599,0,0,0,1.0,1,1.0,1,1.0,1,0.27299519191909205,35
716,1,1166,567,599,0,0,0,1.0,1,1.0,1,1.0,1,0.296996708995554,33
717,4,1170,569,601,0,0,0,1.0,1,1.0,1,1.0,1,0.3258844834797592,33
718,1,1171,569,602,0,0,0,1.0,1,1.0,1,1.0,1,0.2957470257058605,32
719,0,1171,569,602,0,0,0,1.0,1,1.0,1,1.0,1,0.2957470257058605,32
720,2,1173,570,603,0,0,0,1.0,1,1.0,1,1.0,1,0.24610942197758123,33
721,1,1174,570,604,0,0,0,1.0,1,1.0,1,1.0,1,0.24083299235520872,33
722,2,1176,571,605,0,0,0,1.0,1,1.0,1,1.0,1,0.25963917718204516,34
723,0,1176,571,605,0,0,0,1.0,1,1.0,1,1.0,1,0.25963917718204516,34
724,1,1177,571,606,0,0,0,1.0,1,1.0,1,1.0,1,0.24963261941564524,36
725,2,1179,572,607,0,0,0,1.0,1,1.0,1,1.0,1,0.2653273083493122,36
726,0,1179,572,607,0,0,0,1.0,1,1.0,1,1.0,1,0.2653273083493122,36
727,0,1179,572,607,0,0,0,1.0,1,1.0,1,1.0,1,0.2653273083493122,36
728,0,1179,572,607,0,0,0,1.0,1,1.0,1,1.0,1,0.27949581189343004,37
729,2,1181,573,608,0,0,0,1.0,1,1.0,1,1.0,1,0.24900255749412223,37
730,1,1182,573,609,0,0,0,1.0,1,1.0,1,1.0,1,0.22152347179673923,38
731,3,1185,573,612,0,0,0,1.0,1,1.0,1,1.0,1,0.17065239192715637,39
732,1,1186,574,612,0,0,0,1.0,1,1.0,1,1.0,1,0.1807861734068515,41
733,1,1187,575,612,0,0,0,1.0,1,1.0,1,1.0,1,0.1428599415829645,39
734,2,1189,577,612,0,0,0,1.0,1,1.0,1,1.0,1,0.23939099156843474,39
735,3,1192,579,613,0,0,0,1.0,1,1.0,1,1.0,1,0.2634078121927621,39
736,0,1192,579,613,0,0,0,1.0,1,1.0,1,1.0,1,0.2544278202236015,38
737,2,1194,580,614,0,0,0,1.0,1,1.0,1,1.0,1,0.2806331147476476,39
738,0,1194,580,614,0,0,0,1.0,1,1.0,1,1.0,1,0.2892031218994845,37
739,0,1194,580,614,0,0,0,1.0,1,1.0,1,1.0,1,0.2892031218994845,37
740,0,1194,580,614,0,0,0,1.0,1,1.0,1,1.0,1,0.2841636456148495,35
741,0,1194,580,614,0,0,0,1.0,1,1.0,1,1.0,1,0.2675033314307024,33
742,1,1195,581,614,0,0,0,1.0,1,1.0,1,1.0,1,0.2900649527337995,35
743,3,1198,583,615,0,0,0,1.0,1,1.0,1,1.0,1,0.3049535394687535,35
744,2,1200,585,615,0,0,0,1.0,1,1.0,1,1.0,1,0.29034641208727846,34
745,2,1202,586,616,0,0,0,1.0,1,1.0,1,1.0,1,0.2987129648996004,34
746,4,1206,589,617,0,0,0,1.0,1,1.0,1,1.0,1,0.24373101192141491,33
747,0,1206,589,617,0,0,0,1.0,1,1.0,1,1.0,1,0.23232761571884242,32
748,0,1206,589,617,0,0,0,1.0,1,1.0,1,1.0,1,0.2235054097662484,33
749,0,1206,589,617,0,0,0,1.0,1,1.0,1,1.0,1,0.2235054097662484,33
750,1,1207,590,617,0,0,0,1.0,1,1.0,1,1.0,1,0.24287933422308292,34
751,1,1208,591,617,0,0,0,1.0,1,1.0,1,1.0,1,0.2734295323130317,36
752,3,1211,594,617,0,0,0,1.0,1,1.0,1,1.0,1,0.2568849286772922,35
753,3,1214,596,618,0,0,0,1.0,1,1.0,1,1.0,1,0.31277876349487066,37
754,4,1218,598,620,0,0,0,1.0,1,1.0,1,1.0,1,0.330413285672583,37
755,3,1221,599,622,0,0,0,1.0,1,1.0,1,1.0,1,0.30127620365444596,35
756,1,1222,599,623,0,0,0,1.0,1,1.0,1,1.0,1,0.3069400295005203,36
757,0,1222,599,623,0,0,0,1.0,1,1.0,1,1.0,1,0.30065046594117495,35
758,0,1222,599,623,0,0,0,1.0,1,1.0,1,1.0,1,0.30597491628225426,36
759,0,1222,599,623,0,0,0,1.0,1,1.0,1,1.0,1,0.30691773181094123,37
760,0,1222,599,623,0,0,0,1.0,1,1.0,1,1.0,1,0.3350055350368705,36
761,1,1223,599,624,0,0,0,1.0,1,1.0,1,1.0,1,0.320235372490814,36
762,0,1223,599,624,0,0,0,1.0,1,1.0,1,1.0,1,0.3294793256572019,37
763,2,1225,599,626,0,0,0,1.0,1,1.0,1,1.0,1,0.3073254479428536,38
764,0,1225,599,626,0,0,0,1.0,1,1.0,1,1.0,1,0.3073254479428536,38
765,0,1225,599,626,0,0,0,1.0,1,1.0,1,1.0,1,0.3073254479428536,38
766,1,1226,599,627,0,0,0,1.0,1,1.0,1,1.0,1,0.27956811587523417,40
767,0,1226,599,627,0,0,0,1.0,1,1.0,1,1.0,1,0.29348888827402975,41
768,3,1229,600,629,0,0,0,1.0,1,1.0,1,1.0,1,0.2913480842245388,41
769,1,1230,600,630,0,0,0,1.0,1,1.0,1,1.0,1,0.2933844023961344,42
770,2,1232,601,631,0,0,0,1.0,1,1.0,1,1.0,1,0.26675800211672074,41
771,0,1232,601,631,0,0,0,1.0,1,1.0,1,1.0,1,0.2966336244027534,41
772,3,1235,603,632,0,0,0,1.0,1,1.0,1,1.0,1,0.2717794850237762,41
773,2,1237,603,634,0,0,0,1.0,1,1.0,1,1.0,1,0.23241266592243226,41
774,4,1241,605,636,0,0,0,1.0,1,1.0,1,1.0,1,0.2271165157606619,42
775,0,1241,605,636,0,0,0,1.0,1,1.0,1,1.0,1,0.2271165157606619,42
776,0,1241,605,636,0,0,0,1.0,1,1.0,1,1.0,1,0.2271165157606619,42
777,1,1242,605,637,0,0,0,1.0,1,1.0,1,1.0,1,0.21787091370633827,42
778,0,1242,605,637,0,0,0,1.0,1,1.0,1,1.0,1,0.24285977438053072,44
779,0,1242,605,637,0,0,0,1.0,1,1.0,1,1.0,1,0.24285977438053072,44
780,1,1243,606,637,0,0,0,1.0,1,1.0,1,1.0,1,0.258828729746738,44
781,1,1244,606,638,0,0,0,1.0,1,1.0,1,1.0,1,0.24069515723997545,46
782,3,1247,608,639,0,0,0,1.0,1,1.0,1,1.0,1,0.2849976805201099,45
783,3,1250,609,641,0,0,0,1.0,1,1.0,1,1.0,1,0.3002499426560208,44
784,0,1250,609,641,0,0,0,1.0,1,1.0,1,1.0,1,0.3002499426560208,44
785,2,1252,610,642,0,0,0,1.0,1,1.0,1,1.0,1,0.24903877821696532,43
786,1,1253,611,642,0,0,0,1.0,1,1.0,1,1.0,1,0.24058326395708496,43
787,0,1253,611,642,0,0,0,1.0,1,1.0,1,1.0,1,0.24058326395708496,43
788,3,1256,612,644,0,0,0,1.0,1,1.0,1,1.0,1,0.26506018233277384,45
789,2,1258,613,645,0,0,0,1.0,1,1.0,1,1.0,1,0.24035452959710701,46
790,1,1259,613,646,0,0,0,1.0,1,1.0,1,1.0,1,0.24977035528408464,45
791,0,1259,613,646,0,0,0,1.0,1,1.0,1,1.0,1,0.26653564174772765,46
792,1,1260,614,646,0,0,0,1.0,1,1.0,1,1.0,1,0.3057158155418704,46
793,5,1265,614,651,0,0,0,1.0,1,1.0,1,1.0,1,0.21393234946093925,46
794,1,1266,615,651,0,0,0,1.0,1,1.0,1,1.0,1,0.2515391532850892,47
795,0,1266,615,651,0,0,0,1.0,1,1.0,1,1.0,1,0.2515391532850892,47
796,4,1270,616,654,0,0,0,1.0,1,1.0,1,1.0,1,0.23350726229147856,46
797,3,1273,618,655,0,0,0,1.0,1,1.0,1,1.0,1,0.26243589286497815,47
798,4,1277,620,657,0,0,0,1.0,1,1.0,1,1.0,1,0.2635097827000786,48
799,2,1279,620,659,0,0,0,1.0,1,1.0,1,1.0,1,0.24273933046594767,48
800,1,1280,621,659,0,0,0,1.0,1,1.0,1,1.0,1,0.27356358769414346,48
801,7,1287,621,666,0,0,0,1.0,1,1.0,1,1.0,1,0.16358063293620692,49
802,0,1287,621,666,0,0,0,1.0,1,1.0,1,1.0,1,0.16723331318447635,50
803,3,1290,621,669,0,0,0,1.0,1,1.0,1,1.0,1,0.16046612052303513,49
804,1,1291,622,669,0,0,0,1.0,1,1.0,1,1.0,1,0.16890976719821527,50
805,2,1293,622,671,0,0,0,1.0,1,1.0,1,1.0,1,0.14240516613350304,50
806,1,1294,623,671,0,0,0,1.0,1,1.0,1,1.0,1,0.14357367514400754,50
807,0,1294,623,671,0,0,0,1.0,1,1.0,1,1.0,1,0.15980910679805868,51
808,2,1296,624,672,0,0,0,1.0,1,1.0,1,1.0,1,0.170543462916223,51
809,2,1298,626,672,0,0,0,1.0,1,1.0,1,1.0,1,0.19590359828557027,51
810,4,1302,627,675,0,0,0,1.0,1,1.0,1,1.0,1,0.18930909111984942,52
811,1,1303,628,675,0,0,0,1.0,1,1.0,1,1.0,1,0.21467715081035013,50
812,3,1306,630,676,0,0,0,1.0,1,1.0,1,1.0,1,0.21611845577271577,48
813,3,1309,631,678,0,0,0,1.0,1,1.0,1,1.0,1,0.19350624965877858,49
814,0,1309,631,678,0,0,0,1.0,1,1.0,1,1.0,1,0.1816769254808385,48
815,3,1312,633,679,0,0,0,1.0,1,1.0,1,1.0,1,0.21044045401743638,48
816,1,1313,633,680,0,0,0,1.0,1,1.0,1,1.0,1,0.2020005974165768,46
817,1,1314,633,681,0,0,0,1.0,1,1.0,1,1.0,1,0.2376445714594741,44
818,1,1315,633,682,0,0,0,1.0,1,1.0,1,1.0,1,0.20188232256421404,46
819,0,1315,633,682,0,0,0,1.0,1,1.0,1,1.0,1,0.21940877124374486,44
820,1,1316,634,682,0,0,0,1.0,1,1.0,1,1.0,1,0.2756202697087396,44
821,2,1318,634,684,0,0,0,1.0,1,1.0,1,1.0,1,0.22053794750308517,44
822,2,1320,636,684,0,0,0,1.0,1,1.0,1,1.0,1,0.27568197789436244,44
823,2,1322,637,685,0,0,0,1.0,1,1.0,1,1.0,1,0.2379665485055153,42
824,5,1327,641,686,0,0,0,1.0,1,1.0,1,1.0,1,0.24186160704352397,42
825,2,1329,643,686,0,0,0,1.0,1,1.0,1,1.0,1,0.24898786650629287,40
826,3,1332,646,686,0,0,0,1.0,1,1.0,1,1.0,1,0.27562595517006083,41
827,1,1333,646,687,0,0,0,1.0,1,1.0,1,1.0,1,0.25324632195410673,40
828,3,1336,649,687,0,0,0,1.0,1,1.0,1,1.0,1,0.2515189871250313,40
829,4,1340,651,689,0,0,0,1.0,1,1.0,1,1.0,1,0.24692233326858512,42
830,3,1343,652,691,0,0,0,1.0,1,1.0,1,1.0,1,0.2693893233877127,42
831,5,1348,653,695,0,0,0,1.0,1,1.0,1,1.0,1,0.21287097805152008,43
832,0,1348,653,695,0,0,0,1.0,1,1.0,1,1.0,1,0.21646015833593754,42
833,0,1348,653,695,0,0,0,1.0,1,1.0,1,1.0,1,0.2341659214599294,41
834,2,1350,655,695,0,0,0,1.0,1,1.0,1,1.0,1,0.25867685075096486,41
835,0,1350,655,695,0,0,0,1.0,1,1.0,1,1.0,1,0.26477511399319614,41
836,0,1350,655,695,0,0,0,1.0,1,1.0,1,1.0,1,0.2671701695023631,40
837,0,1350,655,695,0,0,0,1.0,1,1.0,1,1.0,1,0.2650631860464575,41
838,0,1350,655,695,0,0,0,1.0,1,1.0,1,1.0,1,0.2650631860464575,41
839,2,1352,656,696,0,0,0,1.0,1,1.0,1,1.0,1,0.2537601692298155,41
840,3,1355,657,698,0,0,0,1.0,1,1.0,1,1.0,1,0.2595709069581953,42
841,3,1358,657,701,0,0,0,1.0,1,1.0,1,1.0,1,0.20038602387521165,42
842,2,1360,658,702,0,0,0,1.0,1,1.0,1,1.0,1,0.1931391278043689,42
843,1,1361,659,702,0,0,0,1.0,1,1.0,1,1.0,1,0.2007684797878168,42
844,0,1361,659,702,0,0,0,1.0,1,1.0,1,1.0,1,0.22077116437970196,42
845,0,1361,659,702,0,0,0,1.0,1,1.0,1,1.0,1,0.278883827284284,44
846,3,1364,659,705,0,0,0,1.0,1,1.0,1,1.0,1,0.23186074000511783,44
847,1,1365,660,705,0,0,0,1.0,1,1.0,1,1.0,1,0.218995359645665,42
848,0,1365,660,705,0,0,0,1.0,1,1.0,1,1.0,1,0.264145396657246,43
849,1,1366,660,706,0,0,0,1.0,1,1.0,1,1.0,1,0.24450574399470557,43
850,2,1368,661,707,0,0,0,1.0,1,1.0,1,1.0,1,0.28713467747908217,41
851,2,1370,663,707,0,0,0,1.0,1,1.0,1,1.0,1,0.2829754811762191,40
852,1,1371,663,708,0,0,0,1.0,1,1.0,1,1.0,1,0.2507497123455156,40
853,3,1374,664,710,0,0,0,1.0,1,1.0,1,1.0,1,0.24008668660225072,40
854,2,1376,665,711,0,0,0,1.0,1,1.0,1,1.0,1,0.22689549843419055,40
855,1,1377,666,711,0,0,0,1.0,1,1.0,1,1.0,1,0.22757531206936943,41
856,1,1378,667,711,0,0,0,1.0,1,1.0,1,1.0,1,0.24066225117741996,41
857,2,1380,668,712,0,0,0,1.0,1,1.0,1,1.0,1,0.2215053698718087,42
858,1,1381,668,713,0,0,0,1.0,1,1.0,1,1.0,1,0.21643541154199092,43
859,0,1381,668,713,0,0,0,1.0,1,1.0,1,1.0,1,0.21643541154199092,43
860,2,1383,670,713,0,0,0,1.0,1,1.0,1,1.0,1,0.23490321777494666,44
861,4,1387,671,716,0,0,0,1.0,1,1.0,1,1.0,1,0.21468419529869456,44
862,1,1388,671,717,0,0,0,1.0,1,1.0,1,1.0,1,0.18674866638922452,44
863,5,1393,673,720,0,0,0,1.0,1,1.0,1,1.0,1,0.2314981742010999,44
864,1,1394,674,720,0,0,0,1.0,1,1.0,1,1.0,1,0.2524460686645486,44
865,3,1397,676,721,0,0,0,1.0,1,1.0,1,1.0,1,0.21018800966211232,43
866,5,1402,680,722,0,0,0,1.0,1,1.0,1,1.0,1,0.2495761449190937,45
867,0,1402,680,722,0,0,0,1.0,1,1.0,1,1.0,1,0.2256768461446646,44
868,1,1403,680,723,0,0,0,1.0,1,1.0,1,1.0,1,0.20103168097114651,45
869,3,1406,683,723,0,0,0,1.0,1,1.0,1,1.0,1,0.2156539874442132,44
870,0,1406,683,723,0,0,0,1.0,1,1.0,1,1.0,1,0.2156539874442132,44
871,0,1406,683,723,0,0,0,1.0,1,1.0,1,1.0,1,0.23334391190751844,43
872,2,1408,684,724,0,0,0,1.0,1,1.0,1,1.0,1,0.19613872102735308,43
873,4,1412,685,727,0,0,0,1.0,1,1.0,1,1.0,1,0.16472657021644563,43
874,3,1415,686,729,0,0,0,1.0,1,1.0,1,1.0,1,0.13241738407426557,46
875,1,1416,687,729,0,0,0,1.0,1,1.0,1,1.0,1,0.15897751966393736,43
876,1,1417,688,729,0,0,0,1.0,1,1.0,1,1.0,1,0.1467417805312096,44
877,2,1419,688,731,0,0,0,1.0,1,1.0,1,1.0,1,0.1378468132206587,44
878,1,1420,689,731,0,0,0,1.0,1,1.0,1,1.0,1,0.16727326146163254,44
879,0,1420,689,731,0,0,0,1.0,1,1.0,1,1.0,1,0.16727326146163254,44
880,3,1423,692,731,0,0,0,1.0,1,1.0,1,1.0,1,0.26950197801894293,44
881,3,1426,693,733,0,0,0,1.0,1,1.0,1,1.0,1,0.2295329373774483,43
882,2,1428,694,734,0,0,0,1.0,1,1.0,1,1.0,1,0.21743654239025642,45
883,3,1431,695,736,0,0,0,1.0,1,1.0,1,1.0,1,0.21012791748593054,45
884,1,1432,695,737,0,0,0,1.0,1,1.0,1,1.0,1,0.21848331595347859,45
885,3,1435,696,739,0,0,0,1.0,1,1.0,1,1.0,1,0.14886825165224243,43
886,2,1437,698,739,0,0,0,1.0,1,1.0,1,1.0,1,0.2300648658896565,43
887,1,1438,699,739,0,0,0,1.0,1,1.0,1,1.0,1,0.22304951101999193,41
888,0,1438,699,739,0,0,0,1.0,1,1.0,1,1.0,1,0.29303218264778697,40
889,3,1441,701,740,0,0,0,1.0,1,1.0,1,1.0,1,0.3426130107676923,40
890,2,1443,702,741,0,0,0,1.0,1,1.0,1,1.0,1,0.3070137209744729,38
891,1,1444,703,741,0,0,0,1.0,1,1.0,1,1.0,1,0.3197542649744945,39
892,6,1450,704,746,0,0,0,1.0,1,1.0,1,1.0,1,0.25720317182549385,39
893,0,1450,704,746,0,0,0,1.0,1,1.0,1,1.0,1,0.2628070684573345,37
894,2,1452,704,748,0,0,0,1.0,1,1.0,1,1.0,1,0.21179691229039557,36
895,0,1452,704,748,0,0,0,1.0,1,1.0,1,1.0,1,0.20742260261598114,37
896,3,1455,707,748,0,0,0,1.0,1,1.0,1,1.0,1,0.27260746953340165,36
897,1,1456,708,748,0,0,0,1.0,1,1.0,1,1.0,1,0.2622027744230189,36
898,0,1456,708,748,0,0,0,1.0,1,1.0,1,1.0,1,0.28400806525277306,35
899,1,1457,709,748,0,0,0,1.0,1,1.0,1,1.0,1,0.2917363645807592,35
900,3,1460,710,750,0,0,0,1.0,1,1.0,1,1.0,1,0.3159613671741242,36
901,1,1461,710,751,0,0,0,1.0,1,1.0,1,1.0,1,0.2979989244675448,36
902,2,1463,712,751,0,0,0,1.0,1,1.0,1,1.0,1,0.3563184009218533,36
903,2,1465,713,752,0,0,0,1.0,1,1.0,1,1.0,1,0.3025740173648979,35
904,2,1467,714,753,0,0,0,1.0,1,1.0,1,1.0,1,0.3065552869853422,37
905,1,1468,715,753,0,0,0,1.0,1,1.0,1,1.0,1,0.3187190687284817,36
906,3,1471,716,755,0,0,0,1.0,1,1.0,1,1.0,1,0.2841827266533865,37
907,1,1472,717,755,0,0,0,1.0,1,1.0,1,1.0,1,0.26223426303472636,37
908,1,1473,718,755,0,0,0,1.0,1,1.0,1,1.0,1,0.27499447941697075,36
909,2,1475,719,756,0,0,0,1.0,1,1.0,1,1.0,1,0.23767223394941134,36
910,3,1478,720,758,0,0,0,1.0,1,1.0,1,1.0,1,0.20111964699163923,37
911,1,1479,721,758,0,0,0,1.0,1,1.0,1,1.0,1,0.25606217823173133,36
912,2,1481,723,758,0,0,0,1.0,1,1.0,1,1.0,1,0.2733064769986071,34
913,3,1484,724,760,0,0,0,1.0,1,1.0,1,1.0,1,0.25195067991849507,34
914,2,1486,725,761,0,0,0,1.0,1,1.0,1,1.0,1,0.22874002455375922,33
915,1,1487,725,762,0,0,0,1.0,1,1.0,1,1.0,1,0.2229137372582546,33
916,1,1488,725,763,0,0,0,1.0,1,1.0,1,1.0,1,0.22145980932569145,34
917,1,1489,726,763,0,0,0,1.0,1,1.0,1,1.0,1,0.24691864355929283,34
918,0,1489,726,763,0,0,0,1.0,1,1.0,1,1.0,1,0.25613696465056857,36
919,0,1489,726,763,0,0,0,1.0,1,1.0,1,1.0,1,0.25613696465056857,36
920,2,1491,727,764,0,0,0,1.0,1,1.0,1,1.0,1,0.2414136644294175,37
921,2,1493,727,766,0,0,0,1.0,1,1.0,1,1.0,1,0.17255788396080382,37
922,4,1497,729,768,0,0,0,1.0,1,1.0,1,1.0,1,0.1575318186186127,38
923,1,1498,730,768,0,0,0,1.0,1,1.0,1,1.0,1,0.1374681398297272,36
924,1,1499,731,768,0,0,0,1.0,1,1.0,1,1.0,1,0.1624321616186355,35
925,3,1502,731,771,0,0,0,1.0,1,1.0,1,1.0,1,0.1935790632167286,35
926,2,1504,733,771,0,0,0,1.0,1,1.0,1,1.0,1,0.2087025281189301,34
927,0,1504,733,771,0,0,0,1.0,1,1.0,1,1.0,1,0.25536557915344454,32
928,1,1505,733,772,0,0,0,1.0,1,1.0,1,1.0,1,0.23032460848464892,32
929,2,1507,734,773,0,0,0,1.0,1,1.0,1,1.0,1,0.18720719674626718,31
930,0,1507,734,773,0,0,0,1.0,1,1.0,1,1.0,1,0.21383504669040357,30
931,1,1508,735,773,0,0,0,1.0,1,1.0,1,1.0,1,0.2633824807796012,29
932,2,1510,737,773,0,0,0,1.0,1,1.0,1,1.0,1,0.2479681234460499,29
933,2,1512,737,775,0,0,0,1.0,1,1.0,1,1.0,1,0.20578325032530245,29
934,1,1513,738,775,0,0,0,1.0,1,1.0,1,1.0,1,0.21342141565209327,29
935,0,1513,738,775,0,0,0,1.0,1,1.0,1,1.0,1,0.25607534570120205,31
936,2,1515,739,776,0,0,0,1.0,1,1.0,1,1.0,1,0.27266600920751943,31
937,3,1518,740,778,0,0,0,1.0,1,1.0,1,1.0,1,0.22359950094710213,34
938,0,1518,740,778,0,0,0,1.0,1,1.0,1,1.0,1,0.2321217911175003,33
939,1,1519,740,779,0,0,0,1.0,1,1.0,1,1.0,1,0.2646380413360361,36
940,2,1521,740,781,0,0,0,1.0,1,1.0,1,1.0,1,0.27089797576876185,36
941,4,1525,742,783,0,0,0,1.0,1,1.0,1,1.0,1,0.30331110451698523,36
942,1,1526,743,783,0,0,0,1.0,1,1.0,1,1.0,1,0.3223840893261034,36
943,0,1526,743,783,0,0,0,1.0,1,1.0,1,1.0,1,0.3142731780236156,35
944,5,1531,746,785,0,0,0,1.0,1,1.0,1,1.0,1,0.3073865562245585,35
945,2,1533,747,786,0,0,0,1.0,1,1.0,1,1.0,1,0.2489917705195221,33
946,1,1534,747,787,0,0,0,1.0,1,1.0,1,1.0,1,0.24611775960538898,36
947,0,1534,747,787,0,0,0,1.0,1,1.0,1,1.0,1,0.24124841723912796,34
948,2,1536,749,787,0,0,0,1.0,1,1.0,1,1.0,1,0.29583673096456975,33
949,3,1539,750,789,0,0,0,1.0,1,1.0,1,1.0,1,0.30477765225960823,34
950,0,1539,750,789,0,0,0,1.0,1,1.0,1,1.0,1,0.3212677809876691,33
951,0,1539,750,789,0,0,0,1.0,1,1.0,1,1.0,1,0.3212677809876691,33
952,0,1539,750,789,0,0,0,1.0,1,1.0,1,1.0,1,0.3410898006300815,32
953,1,1540,750,790,0,0,0,1.0,1,1.0,1,1.0,1,0.33102430147484024,32
954,1,1541,751,790,0,0,0,1.0,1,1.0,1,1.0,1,0.34173642090889345,31
955,2,1543,752,791,0,0,0,1.0,1,1.0,1,1.0,1,0.36227619785007337,32
956,2,1545,753,792,0,0,0,1.0,1,1.0,1,1.0,1,0.32513585256923144,32
957,2,1547,753,794,0,0,0,1.0,1,1.0,1,1.0,1,0.27754414264041644,33
958,0,1547,753,794,0,0,0,1.0,1,1.0,1,1.0,1,0.2965084201590525,35
959,1,1548,754,794,0,0,0,1.0,1,1.0,1,1.0,1,0.316067110121703,36
960,1,1549,754,795,0,0,0,1.0,1,1.0,1,1.0,1,0.315806689519715,38
961,3,1552,756,796,0,0,0,1.0,1,1.0,1,1.0,1,0.3948762713215437,37
962,1,1553,757,796,0,0,0,1.0,1,1.0,1,1.0,1,0.3718789806882729,35
963,0,1553,757,796,0,0,0,1.0,1,1.0,1,1.0,1,0.36101896821354923,35
964,1,1554,757,797,0,0,0,1.0,1,1.0,1,1.0,1,0.36865880739428214,34
965,1,1555,757,798,0,0,0,1.0,1,1.0,1,1.0,1,0.34322767472081644,35
966,0,1555,757,798,0,0,0,1.0,1,1.0,1,1.0,1,0.338993075562748,34
967,1,1556,757,799,0,0,0,1.0,1,1.0,1,1.0,1,0.3237198656704324,35
968,1,1557,758,799,0,0,0,1.0,1,1.0,1,1.0,1,0.3029690991267254,36
969,1,1558,758,800,0,0,0,1.0,1,1.0,1,1.0,1,0.32553092894329594,35
970,0,1558,758,800,0,0,0,1.0,1,1.0,1,1.0,1,0.3648842710060813,34
971,0,1558,758,800,0,0,0,1.0,1,1.0,1,1.0,1,0.367958096913123,35
972,2,1560,759,801,0,0,0,1.0,1,1.0,1,1.0,1,0.3478629098786377,35
973,1,1561,759,802,0,0,0,1.0,1,1.0,1,1.0,1,0.3542540089509542,36
974,0,1561,759,802,0,0,0,1.0,1,1.0,1,1.0,1,0.3963273416288973,35
975,0,1561,759,802,0,0,0,1.0,1,1.0,1,1.0,1,0.3759714102235323,36
976,5,1566,761,805,0,0,0,1.0,1,1.0,1,1.0,1,0.39826946648193123,38
977,1,1567,761,806,0,0,0,1.0,1,1.0,1,1.0,1,0.3771803258153568,38
978,0,1567,761,806,0,0,0,1.0,1,1.0,1,1.0,1,0.3771803258153568,38
979,2,1569,761,808,0,0,0,1.0,1,1.0,1,1.0,1,0.34023935938341077,39
980,4,1573,764,809,0,0,0,1.0,1,1.0,1,1.0,1,0.3924853088796243,39
981,3,1576,765,811,0,0,0,1.0,1,1.0,1,1.0,1,0.383655467652802,40
982,3,1579,767,812,0,0,0,1.0,1,1.0,1,1.0,1,0.42267499972419875,40
983,1,1580,768,812,0,0,0,1.0,1,1.0,1,1.0,1,0.40847775260147196,38
984,1,1581,768,813,0,0,0,1.0,1,1.0,1,1.0,1,0.3900256371274122,39
985,7,1588,770,818,0,0,0,1.0,1,1.0,1,1.0,1,0.33053189429310076,38
986,3,1591,772,819,0,0,0,1.0,1,1.0,1,1.0,1,0.3710008451224941,38
987,3,1594,773,821,0,0,0,1.0,1,1.0,1,1.0,1,0.3414661035215751,38
988,1,1595,774,821,0,0,0,1.0,1,1.0,1,1.0,1,0.3670728899176283,38
989,2,1597,774,823,0,0,0,1.0,1,1.0,1,1.0,1,0.3230363338285708,38
990,2,1599,775,824,0,0,0,1.0,1,1.0,1,1.0,1,0.35560062399840425,38
991,2,1601,775,826,0,0,0,1.0,1,1.0,1,1.0,1,0.3242978797114018,40
992,0,1601,775,826,0,0,0,1.0,1,1.0,1,1.0,1,0.3047822466847535,39
993,1,1602,776,826,0,0,0,1.0,1,1.0,1,1.0,1,0.31162982384264254,38
994,2,1604,776,828,0,0,0,1.0,1,1.0,1,1.0,1,0.2880655369789268,39
995,0,1604,776,828,0,0,0,1.0,1,1.0,1,1.0,1,0.28882046447492343,41
996,0,1604,776,828,0,0,0,1.0,1,1.0,1,1.0,1,0.2991449024729356,40
997,1,1605,776,829,0,0,0,1.0,1,1.0,1,1.0,1,0.3046275045148971,41
998,0,1605,776,829,0,0,0,1.0,1,1.0,1,1.0,1,0.32828982102209653,40
999,1,1606,776,830,0,0,0,1.0,1,1.0,1,1.0,1,0.3294177274622906,40
1000,0,1606,776,830,0,0,0,1.0,1,1.0,1,1.0,1,0.3294177274622906,40
1001,2,1608,776,832,0,0,0,1.0,1,1.0,1,1.0,1,0.28877935757875595,39
1002,0,1608,776,832,0,0,0,1.0,1,1.0,1,1.0,1,0.28877935757875595,39
1003,1,1609,776,833,0,0,0,1.0,1,1.0,1,1.0,1,0.26828386151321576,39
1004,0,1609,776,833,0,0,0,1.0,1,1.0,1,1.0,1,0.26828386151321576,39
1005,0,1609,776,833,0,0,0,1.0,1,1.0,1,1.0,1,0.272064917581016,40
1006,0,1609,776,833,0,0,0,1.0,1,1.0,1,1.0,1,0.2708054778275113,41
1007,1,1610,776,834,0,0,0,1.0,1,1.0,1,1.0,1,0.256415867268966,42
1008,0,1610,776,834,0,0,0,1.0,1,1.0,1,1.0,1,0.26748414974655593,43
1009,1,1611,776,835,0,0,0,1.0,1,1.0,1,1.0,1,0.2617914542130757,44
1010,0,1611,776,835,0,0,0,1.0,1,1.0,1,1.0,1,0.2617914542130757,44
1011,1,1612,776,836,0,0,0,1.0,1,1.0,1,1.0,1,0.23448720769195516,44
1012,2,1614,778,836,0,0,0,1.0,1,1.0,1,1.0,1,0.24825653008639595,46
1013,2,1616,778,838,0,0,0,1.0,1,1.0,1,1.0,1,0.21698884209167577,46
1014,2,1618,779,839,0,0,0,1.0,1,1.0,1,1.0,1,0.21878943048991503,46
1015,0,1618,779,839,0,0,0,1.0,1,1.0,1,1.0,1,0.21878943048991503,46
1016,1,1619,780,839,0,0,0,1.0,1,1.0,1,1.0,1,0.2365293684179164,47
1017,2,1621,780,841,0,0,0,1.0,1,1.0,1,1.0,1,0.20975991359958307,47
1018,4,1625,781,844,0,0,0,1.0,1,1.0,1,1.0,1,0.1802351984990955,48
1019,0,1625,781,844,0,0,0,1.0,1,1.0,1,1.0,1,0.19065284561821497,49
1020,2,1627,781,846,0,0,0,1.0,1,1.0,1,1.0,1,0.16038886370041194,51
1021,2,1629,782,847,0,0,0,1.0,1,1.0,1,1.0,1,0.1741899457192209,51
1022,1,1630,783,847,0,0,0,1.0,1,1.0,1,1.0,1,0.1741714621953171,52
1023,0,1630,783,847,0,0,0,1.0,1,1.0,1,1.0,1,0.17780030383160636,52
1024,1,1631,784,847,0,0,0,1.0,1,1.0,1,1.0,1,0.19910240402543022,52
1025,1,1632,784,848,0,0,0,1.0,1,1.0,1,1.0,1,0.18097058478212535,54
1026,1,1633,784,849,0,0,0,1.0,1,1.0,1,1.0,1,0.14631801726028262,54
1027,0,1633,784,849,0,0,0,1.0,1,1.0,1,1.0,1,0.14761117865529963,55
1028,1,1634,785,849,0,0,0,1.0,1,1.0,1,1.0,1,0.16988498391466197,56
1029,1,1635,785,850,0,0,0,1.0,1,1.0,1,1.0,1,0.16634992566052992,56
1030,1,1636,785,851,0,0,0,1.0,1,1.0,1,1.0,1,0.17778680582787032,57
1031,0,1636,785,851,0,0,0,1.0,1,1.0,1,1.0,1,0.1817575128903723,58
1032,3,1639,788,851,0,0,0,1.0,1,1.0,1,1.0,1,0.2135480618596582,58
1033,0,1639,788,851,0,0,0,1.0,1,1.0,1,1.0,1,0.20709261210848862,57
1034,5,1644,792,852,0,0,0,1.0,1,1.0,1,1.0,1,0.21415667809065925,57
1035,3,1647,794,853,0,0,0,1.0,1,1.0,1,1.0,1,0.23428829037264692,57
1036,7,1654,796,858,0,0,0,1.0,1,1.0,1,1.0,1,0.20810889181868297,59
1037,4,1658,799,859,0,0,0,1.0,1,1.0,1,1.0,1,0.22110866207079738,57
1038,2,1660,800,860,0,0,0,1.0,1,1.0,1,1.0,1,0.23736716206620717,59
1039,3,1663,803,860,0,0,0,1.0,1,1.0,1,1.0,1,0.23779767591764597,57
1040,1,1664,804,860,0,0,0,1.0,1,1.0,1,1.0,1,0.2896293920655541,56
1041,8,1672,806,866,0,0,0,1.0,1,1.0,1,1.0,1,0.2292528325856305,54
1042,2,1674,806,868,0,0,0,1.0,1,1.0,1,1.0,1,0.20952262926911375,52
1043,1,1675,806,869,0,0,0,1.0,1,1.0,1,1.0,1,0.18591613896256917,52
1044,0,1675,806,869,0,0,0,1.0,1,1.0,1,1.0,1,0.16423732516187964,50
1045,1,1676,807,869,0,0,0,1.0,1,1.0,1,1.0,1,0.17293156465613663,51
1046,1,1677,808,869,0,0,0,1.0,1,1.0,1,1.0,1,0.17379036512039095,50
1047,0,1677,808,869,0,0,0,1.0,1,1.0,1,1.0,1,0.19330322121970178,50
1048,1,1678,809,869,0,0,0,1.0,1,1.0,1,1.0,1,0.22440144957497055,50
1049,3,1681,810,871,0,0,0,1.0,1,1.0,1,1.0,1,0.20571057919826166,50
1050,3,1684,811,873,0,0,0,1.0,1,1.0,1,1.0,1,0.16531405457423526,50
1051,1,1685,811,874,0,0,0,1.0,1,1.0,1,1.0,1,0.14773452360973738,50
1052,1,1686,812,874,0,0,0,1.0,1,1.0,1,1.0,1,0.16653398682643303,51
1053,0,1686,812,874,0,0,0,1.0,1,1.0,1,1.0,1,0.16653398682643303,51
1054,1,1687,812,875,0,0,0,1.0,1,1.0,1,1.0,1,0.13945373047704937,53
1055,1,1688,812,876,0,0,0,1.0,1,1.0,1,1.0,1,0.14864846303117182,54
1056,0,1688,812,876,0,0,0,1.0,1,1.0,1,1.0,1,0.1673778574900582,54
1057,1,1689,812,877,0,0,0,1.0,1,1.0,1,1.0,1,0.17174377991510353,55
1058,1,1690,812,878,0,0,0,1.0,1,1.0,1,1.0,1,0.16533043896867447,54
1059,3,1693,814,879,0,0,0,1.0,1,1.0,1,1.0,1,0.23248723054121623,53
1060,1,1694,814,880,0,0,0,1.0,1,1.0,1,1.0,1,0.21566753568280017,53
1061,2,1696,816,880,0,0,0,1.0,1,1.0,1,1.0,1,0.2163546350126022,53
1062,5,1701,821,880,0,0,0,1.0,1,1.0,1,1.0,1,0.22152511889383505,54
1063,1,1702,821,881,0,0,0,1.0,1,1.0,1,1.0,1,0.23722742928395485,53
1064,6,1708,825,883,0,0,0,1.0,1,1.0,1,1.0,1,0.2507657842027639,55
1065,4,1712,826,886,0,0,0,1.0,1,1.0,1,1.0,1,0.2284656327374752,54
1066,1,1713,827,886,0,0,0,1.0,1,1.0,1,1.0,1,0.2406205759690475,55
1067,2,1715,828,887,0,0,0,1.0,1,1.0,1,1.0,1,0.25646042948638303,55
1068,2,1717,828,889,0,0,0,1.0,1,1.0,1,1.0,1,0.23761601112667416,55
1069,5,1722,828,894,0,0,0,1.0,1,1.0,1,1.0,1,0.1898408164918018,55
1070,0,1722,828,894,0,0,0,1.0,1,1.0,1,1.0,1,0.20535544799531563,54
1071,0,1722,828,894,0,0,0,1.0,1,1.0,1,1.0,1,0.19074814519619662,55
1072,0,1722,828,894,0,0,0,1.0,1,1.0,1,1.0,1,0.1833221148751644,54
1073,2,1724,830,894,0,0,0,1.0,1,1.0,1,1.0,1,0.19230957275335991,54
1074,1,1725,831,894,0,0,0,1.0,1,1.0,1,1.0,1,0.19488501284496562,52
1075,2,1727,831,896,0,0,0,1.0,1,1.0,1,1.0,1,0.14666138595377004,51
1076,0,1727,831,896,0,0,0,1.0,1,1.0,1,1.0,1,0.16718993080647718,52
1077,4,1731,833,898,0,0,0,1.0,1,1.0,1,1.0,1,0.19148995849174405,49
1078,2,1733,835,898,0,0,0,1.0,1,1.0,1,1.0,1,0.2467690889736237,48
1079,3,1736,837,899,0,0,0,1.0,1,1.0,1,1.0,1,0.2441798156023192,47
1080,2,1738,839,899,0,0,0,1.0,1,1.0,1,1.0,1,0.3291239953517482,47
1081,3,1741,841,900,0,0,0,1.0,1,1.0,1,1.0,1,0.3430167041404798,45
1082,3,1744,843,901,0,0,0,1.0,1,1.0,1,1.0,1,0.34528668308021065,42
1083,1,1745,844,901,0,0,0,1.0,1,1.0,1,1.0,1,0.3843161819277397,42
1084,0,1745,844,901,0,0,0,1.0,1,1.0,1,1.0,1,0.3816018648114494,40
1085,2,1747,844,903,0,0,0,1.0,1,1.0,1,1.0,1,0.3417192512928289,43
1086,3,1750,845,905,0,0,0,1.0,1,1.0,1,1.0,1,0.2859410772580925,41
1087,2,1752,845,907,0,0,0,1.0,1,1.0,1,1.0,1,0.2705148268185526,41
1088,0,1752,845,907,0,0,0,1.0,1,1.0,1,1.0,1,0.2705148268185526,41
1089,4,1756,847,909,0,0,0,1.0,1,1.0,1,1.0,1,0.22384702908121773,42
1090,2,1758,847,911,0,0,0,1.0,1,1.0,1,1.0,1,0.20084086140173651,43
1091,1,1759,848,911,0,0,0,1.0,1,1.0,1,1.0,1,0.20366014197576573,43
1092,1,1760,849,911,0,0,0,1.0,1,1.0,1,1.0,1,0.19948710479522128,43
1093,1,1761,850,911,0,0,0,1.0,1,1.0,1,1.0,1,0.21601882082547036,43
1094,0,1761,850,911,0,0,0,1.0,1,1.0,1,1.0,1,0.21601882082547036,43
1095,0,1761,850,911,0,0,0,1.0,1,1.0,1,1.0,1,0.2184639193105313,44
1096,2,1763,852,911,0,0,0,1.0,1,1.0,1,1.0,1,0.23502846398300012,44
1097,3,1766,854,912,0,0,0,1.0,1,1.0,1,1.0,1,0.2848271284483781,45
1098,1,1767,854,913,0,0,0,1.0,1,1.0,1,1.0,1,0.2618182440746766,46
1099,0,1767,854,913,0,0,0,1.0,1,1.0,1,1.0,1,0.26920227526052215,48
1100,0,1767,854,913,0,0,0,1.0,1,1.0,1,1.0,1,0.27244110699415885,49
1101,5,1772,855,917,0,0,0,1.0,1,1.0,1,1.0,1,0.20308722908669008,49
1102,5,1777,858,919,0,0,0,1.0,1,1.0,1,1.0,1,0.21330893581484794,50
1103,3,1780,859,921,0,0,0,1.0,1,1.0,1,1.0,1,0.14736485654189088,48
1104,2,1782,860,922,0,0,0,1.0,1,1.0,1,1.0,1,0.1379298306889003,50
1105,1,1783,861,922,0,0,0,1.0,1,1.0,1,1.0,1,0.11808187696448752,48
1106,1,1784,862,922,0,0,0,1.0,1,1.0,1,1.0,1,0.13618529595951245,48
1107,1,1785,863,922,0,0,0,1.0,1,1.0,1,1.0,1,0.17675131626137722,47
1108,2,1787,864,923,0,0,0,1.0,1,1.0,1,1.0,1,0.1883677881453902,47
1109,4,1791,866,925,0,0,0,1.0,1,1.0,1,1.0,1,0.18782249824208105,46
1110,1,1792,867,925,0,0,0,1.0,1,1.0,1,1.0,1,0.21330824257562134,43
1111,4,1796,869,927,0,0,0,1.0,1,1.0,1,1.0,1,0.2530282390828516,44
1112,4,1800,871,929,0,0,0,1.0,1,1.0,1,1.0,1,0.27651227307366305,43
1113,3,1803,872,931,0,0,0,1.0,1,1.0,1,1.0,1,0.3110324453729074,39
1114,1,1804,872,932,0,0,0,1.0,1,1.0,1,1.0,1,0.29187216177549935,39
1115,3,1807,874,933,0,0,0,1.0,1,1.0,1,1.0,1,0.2308045016602074,37
1116,3,1810,876,934,0,0,0,1.0,1,1.0,1,1.0,1,0.20816304248630504,37
1117,5,1815,879,936,0,0,0,1.0,1,1.0,1,1.0,1,0.26494495596513495,36
1118,1,1816,879,937,0,0,0,1.0,1,1.0,1,1.0,1,0.2275520802668188,36
1119,0,1816,879,937,0,0,0,1.0,1,1.0,1,1.0,1,0.2275520802668188,36
1120,0,1816,879,937,0,0,0,1.0,1,1.0,1,1.0,1,0.2275520802668188,36
1121,0,1816,879,937,0,0,0,1.0,1,1.0,1,1.0,1,0.2275520802668188,36
1122,0,1816,879,937,0,0,0,1.0,1,1.0,1,1.0,1,0.19321706397453847,37
1123,0,1816,879,937,0,0,0,1.0,1,1.0,1,1.0,1,0.19321706397453847,37
1124,0,1816,879,937,0,0,0,1.0,1,1.0,1,1.0,1,0.19321706397453847,37
1125,3,1819,881,938,0,0,0,1.0,1,1.0,1,1.0,1,0.2505187410288062,38
1126,0,1819,881,938,0,0,0,1.0,1,1.0,1,1.0,1,0.2505187410288062,38
1127,2,1821,882,939,0,0,0,1.0,1,1.0,1,1.0,1,0.2691191506061577,39
1128,0,1821,882,939,0,0,0,1.0,1,1.0,1,1.0,1,0.2691191506061577,39
1129,1,1822,882,940,0,0,0,1.0,1,1.0,1,1.0,1,0.2568936979225955,39
1130,1,1823,883,940,0,0,0,1.0,1,1.0,1,1.0,1,0.2783437515868215,39
1131,0,1823,883,940,0,0,0,1.0,1,1.0,1,1.0,1,0.2783437515868215,39
1132,2,1825,885,940,0,0,0,1.0,1,1.0,1,1.0,1,0.26747649008435004,39
1133,3,1828,886,942,0,0,0,1.0,1,1.0,1,1.0,1,0.2211243846032942,42
1134,0,1828,886,942,0,0,0,1.0,1,1.0,1,1.0,1,0.2211243846032942,42
1135,4,1832,887,945,0,0,0,1.0,1,1.0,1,1.0,1,0.2678684315788905,44
1136,1,1833,888,945,0,0,0,1.0,1,1.0,1,1.0,1,0.30892748175634954,46
1137,2,1835,888,947,0,0,0,1.0,1,1.0,1,1.0,1,0.28296427120101897,45
1138,0,1835,888,947,0,0,0,1.0,1,1.0,1,1.0,1,0.2931774015021185,46
1139,1,1836,888,948,0,0,0,1.0,1,1.0,1,1.0,1,0.29701056840467893,47
1140,0,1836,888,948,0,0,0,1.0,1,1.0,1,1.0,1,0.31218948539744157,46
1141,2,1838,888,950,0,0,0,1.0,1,1.0,1,1.0,1,0.2920104353378172,45
1142,6,1844,893,951,0,0,0,1.0,1,1.0,1,1.0,1,0.29016442387116914,45
1143,3,1847,895,952,0,0,0,1.0,1,1.0,1,1.0,1,0.27481025223043776,43
1144,3,1850,897,953,0,0,0,1.0,1,1.0,1,1.0,1,0.2583081012358497,45
1145,4,1854,899,955,0,0,0,1.0,1,1.0,1,1.0,1,0.235588493454925,44
1146,2,1856,899,957,0,0,0,1.0,1,1.0,1,1.0,1,0.2152135519411192,45
1147,1,1857,900,957,0,0,0,1.0,1,1.0,1,1.0,1,0.213451413658937,44
1148,3,1860,903,957,0,0,0,1.0,1,1.0,1,1.0,1,0.24699922939837082,43
1149,4,1864,904,960,0,0,0,1.0,1,1.0,1,1.0,1,0.22616555738634034,42
1150,6,1870,906,964,0,0,0,1.0,1,1.0,1,1.0,1,0.23061473369329866,45
1151,1,1871,907,964,0,0,0,1.0,1,1.0,1,1.0,1,0.29439031611712724,40
1152,0,1871,907,964,0,0,0,1.0,1,1.0,1,1.0,1,0.2623428229564169,41
1153,3,1874,909,965,0,0,0,1.0,1,1.0,1,1.0,1,0.2782323242832844,38
1154,1,1875,910,965,0,0,0,1.0,1,1.0,1,1.0,1,0.24658484636056263,37
1155,2,1877,911,966,0,0,0,1.0,1,1.0,1,1.0,1,0.23611890392409177,38
1156,1,1878,912,966,0,0,0,1.0,1,1.0,1,1.0,1,0.2888524958860144,38
1157,0,1878,912,966,0,0,0,1.0,1,1.0,1,1.0,1,0.27747555696771997,37
1158,1,1879,913,966,0,0,0,1.0,1,1.0,1,1.0,1,0.3460044074682443,36
1159,0,1879,913,966,0,0,0,1.0,1,1.0,1,1.0,1,0.3345152107842461,35
1160,0,1879,913,966,0,0,0,1.0,1,1.0,1,1.0,1,0.3345152107842461,35
1161,0,1879,913,966,0,0,0,1.0,1,1.0,1,1.0,1,0.3470812141461123,36
1162,1,1880,913,967,0,0,0,1.0,1,1.0,1,1.0,1,0.3301984239778035,37
1163,0,1880,913,967,0,0,0,1.0,1,1.0,1,1.0,1,0.3301984239778035,37
1164,0,1880,913,967,0,0,0,1.0,1,1.0,1,1.0,1,0.3191061015277151,38
1165,1,1881,913,968,0,0,0,1.0,1,1.0,1,1.0,1,0.30487714286836815,38
1166,1,1882,913,969,0,0,0,1.0,1,1.0,1,1.0,1,0.321609847245025,40
1167,4,1886,915,971,0,0,0,1.0,1,1.0,1,1.0,1,0.31362457444904746,40
1168,3,1889,916,973,0,0,0,1.0,1,1.0,1,1.0,1,0.23428477581150792,40
1169,1,1890,916,974,0,0,0,1.0,1,1.0,1,1.0,1,0.2449025899448691,41
1170,3,1893,918,975,0,0,0,1.0,1,1.0,1,1.0,1,0.21406044707543803,41
1171,1,1894,919,975,0,0,0,1.0,1,1.0,1,1.0,1,0.22702303794016035,43
1172,2,1896,920,976,0,0,0,1.0,1,1.0,1,1.0,1,0.20425325683053783,43
1173,0,1896,920,976,0,0,0,1.0,1,1.0,1,1.0,1,0.20425325683053783,43
1174,0,1896,920,976,0,0,0,1.0,1,1.0,1,1.0,1,0.20425325683053783,43
1175,2,1898,920,978,0,0,0,1.0,1,1.0,1,1.0,1,0.17964597816232214,44
1176,2,1900,921,979,0,0,0,1.0,1,1.0,1,1.0,1,0.18141952159774818,45
1177,1,1901,922,979,0,0,0,1.0,1,1.0,1,1.0,1,0.20971860589621427,45
1178,0,1901,922,979,0,0,0,1.0,1,1.0,1,1.0,1,0.20971860589621427,45
1179,1,1902,923,979,0,0,0,1.0,1,1.0,1,1.0,1,0.2706605130626124,46
1180,1,1903,923,980,0,0,0,1.0,1,1.0,1,1.0,1,0.238659534952304,47
1181,1,1904,923,981,0,0,0,1.0,1,1.0,1,1.0,1,0.24102835087939004,48
1182,2,1906,925,981,0,0,0,1.0,1,1.0,1,1.0,1,0.2598117672628542,48
1183,0,1906,925,981,0,0,0,1.0,1,1.0,1,1.0,1,0.26196766617169587,46
1184,2,1908,927,981,0,0,0,1.0,1,1.0,1,1.0,1,0.28226008521500295,47
1185,3,1911,928,983,0,0,0,1.0,1,1.0,1,1.0,1,0.26805576577711987,44
1186,1,1912,928,984,0,0,0,1.0,1,1.0,1,1.0,1,0.2874110533003885,47
1187,0,1912,928,984,0,0,0,1.0,1,1.0,1,1.0,1,0.29766218087659463,49
1188,0,1912,928,984,0,0,0,1.0,1,1.0,1,1.0,1,0.29987708730798873,50
1189,2,1914,928,986,0,0,0,1.0,1,1.0,1,1.0,1,0.2644188446447296,48
1190,2,1916,929,987,0,0,0,1.0,1,1.0,1,1.0,1,0.30302149300139636,48
1191,2,1918,929,989,0,0,0,1.0,1,1.0,1,1.0,1,0.28661727614704857,46
1192,0,1918,929,989,0,0,0,1.0,1,1.0,1,1.0,1,0.28661727614704857,46
1193,0,1918,929,989,0,0,0,1.0,1,1.0,1,1.0,1,0.3139664975297432,45
1194,1,1919,929,990,0,0,0,1.0,1,1.0,1,1.0,1,0.29178938088106193,45
1195,3,1922,929,993,0,0,0,1.0,1,1.0,1,1.0,1,0.2459282954423186,47
1196,1,1923,929,994,0,0,0,1.0,1,1.0,1,1.0,1,0.25039634927519266,48
1197,3,1926,929,997,0,0,0,1.0,1,1.0,1,1.0,1,0.21064698350608096,49
1198,1,1927,930,997,0,0,0,1.0,1,1.0,1,1.0,1,0.1971659169755749,49
1199,0,1927,930,997,0,0,0,1.0,1,1.0,1,1.0,1,0.20911817962068752,50
1200,1,1928,931,997,0,0,0,1.0,1,1.0,1,1.0,1,0.21173944715207785,50
1201,1,1929,931,998,0,0,0,1.0,1,1.0,1,1.0,1,0.20587501152833512,50
1202,1,1930,932,998,0,0,0,1.0,1,1.0,1,1.0,1,0.218823302018193,51
1203,0,1930,932,998,0,0,0,1.0,1,1.0,1,1.0,1,0.20912775896732969,52
1204,0,1930,932,998,0,0,0,1.0,1,1.0,1,1.0,1,0.20912775896732969,52
1205,2,1932,932,1000,0,0,0,1.0,1,1.0,1,1.0,1,0.2044410610398759,53
1206,1,1933,932,1001,0,0,0,1.0,1,1.0,1,1.0,1,0.18045235892860395,53
1207,0,1933,932,1001,0,0,0,1.0,1,1.0,1,1.0,1,0.18691501654769985,55
1208,1,1934,932,1002,0,0,0,1.0,1,1.0,1,1.0,1,0.19095154881136547,56
1209,0,1934,932,1002,0,0,0,1.0,1,1.0,1,1.0,1,0.20132943341189782,55
1210,0,1934,932,1002,0,0,0,1.0,1,1.0,1,1.0,1,0.20132943341189782,55
1211,0,1934,932,1002,0,0,0,1.0,1,1.0,1,1.0,1,0.18875023523005588,57
1212,2,1936,934,1002,0,0,0,1.0,1,1.0,1,1.0,1,0.18713555145933944,57
1213,2,1938,935,1003,0,0,0,1.0,1,1.0,1,1.0,1,0.1447608113744276,57
1214,4,1942,937,1005,0,0,0,1.0,1,1.0,1,1.0,1,0.19197240347763303,57
1215,1,1943,937,1006,0,0,0,1.0,1,1.0,1,1.0,1,0.1850550283835894,59
1216,1,1944,938,1006,0,0,0,1.0,1,1.0,1,1.0,1,0.20008879620874095,61
1217,1,1945,938,1007,0,0,0,1.0,1,1.0,1,1.0,1,0.19513846753445707,61
1218,1,1946,939,1007,0,0,0,1.0,1,1.0,1,1.0,1,0.22868960986071962,61
1219,1,1947,940,1007,0,0,0,1.0,1,1.0,1,1.0,1,0.2331254163011009,61
1220,2,1949,941,1008,0,0,0,1.0,1,1.0,1,1.0,1,0.24270521211323262,60
1221,4,1953,942,1011,0,0,0,1.0,1,1.0,1,1.0,1,0.20682661766343952,61
1222,3,1956,943,1013,0,0,0,1.0,1,1.0,1,1.0,1,0.18377218326993772,61
1223,2,1958,945,1013,0,0,0,1.0,1,1.0,1,1.0,1,0.1910773361385794,59
1224,2,1960,947,1013,0,0,0,1.0,1,1.0,1,1.0,1,0.18885663910664613,60
1225,4,1964,948,1016,0,0,0,1.0,1,1.0,1,1.0,1,0.19380359702976416,60
1226,3,1967,948,1019,0,0,0,1.0,1,1.0,1,1.0,1,0.1555532695973229,61
1227,4,1971,951,1020,0,0,0,1.0,1,1.0,1,1.0,1,0.18296502916856605,59
1228,0,1971,951,1020,0,0,0,1.0,1,1.0,1,1.0,1,0.17989416706428765,58
1229,3,1974,953,1021,0,0,0,1.0,1,1.0,1,1.0,1,0.1803727837546715,57
1230,3,1977,955,1022,0,0,0,1.0,1,1.0,1,1.0,1,0.18747047209435053,55
1231,2,1979,957,1022,0,0,0,1.0,1,1.0,1,1.0,1,0.2464417787803997,54
1232,2,1981,959,1022,0,0,0,1.0,1,1.0,1,1.0,1,0.2642244802996756,51
1233,4,1985,960,1025,0,0,0,1.0,1,1.0,1,1.0,1,0.21204761025780183,49
1234,2,1987,961,1026,0,0,0,1.0,1,1.0,1,1.0,1,0.2370798737944633,49
1235,1,1988,961,1027,0,0,0,1.0,1,1.0,1,1.0,1,0.23925136245538506,48
1236,2,1990,961,1029,0,0,0,1.0,1,1.0,1,1.0,1,0.2448322590076247,49
1237,3,1993,962,1031,0,0,0,1.0,1,1.0,1,1.0,1,0.2558244203904091,48
1238,1,1994,962,1032,0,0,0,1.0,1,1.0,1,1.0,1,0.2517471536168445,47
1239,0,1994,962,1032,0,0,0,1.0,1,1.0,1,1.0,1,0.24464189267896175,48
1240,1,1995,963,1032,0,0,0,1.0,1,1.0,1,1.0,1,0.24822988471046503,49
1241,1,1996,964,1032,0,0,0,1.0,1,1.0,1,1.0,1,0.23647561755414828,49
1242,0,1996,964,1032,0,0,0,1.0,1,1.0,1,1.0,1,0.23717263572527392,49
1243,0,1996,964,1032,0,0,0,1.0,1,1.0,1,1.0,1,0.24039394620290505,50
1244,1,1997,965,1032,0,0,0,1.0,1,1.0,1,1.0,1,0.30621718052080826,50
1245,3,2000,965,1035,0,0,0,1.0,1,1.0,1,1.0,1,0.27637071520717416,51
1246,6,2006,966,1040,0,0,0,1.0,1,1.0,1,1.0,1,0.2723612980776449,52
1247,0,2006,966,1040,0,0,0,1.0,1,1.0,1,1.0,1,0.2723612980776449,52
1248,0,2006,966,1040,0,0,0,1.0,1,1.0,1,1.0,1,0.2859878891752517,51
1249,5,2011,968,1043,0,0,0,1.0,1,1.0,1,1.0,1,0.24801215778360994,51
1250,3,2014,971,1043,0,0,0,1.0,1,1.0,1,1.0,1,0.25142511226271974,51
1251,4,2018,971,1047,0,0,0,1.0,1,1.0,1,1.0,1,0.20698989089257394,53
1252,2,2020,972,1048,0,0,0,1.0,1,1.0,1,1.0,1,0.2169875036242034,52
1253,4,2024,972,1052,0,0,0,1.0,1,1.0,1,1.0,1,0.15192581866130214,52
1254,0,2024,972,1052,0,0,0,1.0,1,1.0,1,1.0,1,0.1517295236617302,53
1255,2,2026,973,1053,0,0,0,1.0,1,1.0,1,1.0,1,0.17792916031869307,55
1256,0,2026,973,1053,0,0,0,1.0,1,1.0,1,1.0,1,0.17792916031869307,55
1257,1,2027,973,1054,0,0,0,1.0,1,1.0,1,1.0,1,0.18339754101826877,57
1258,0,2027,973,1054,0,0,0,1.0,1,1.0,1,1.0,1,0.18384122329199035,57
1259,0,2027,973,1054,0,0,0,1.0,1,1.0,1,1.0,1,0.18384122329199035,57
1260,0,2027,973,1054,0,0,0,1.0,1,1.0,1,1.0,1,0.18738116205432406,56
1261,1,2028,973,1055,0,0,0,1.0,1,1.0,1,1.0,1,0.17859593897110404,57
1262,1,2029,973,1056,0,0,0,1.0,1,1.0,1,1.0,1,0.16687079028706905,58
1263,4,2033,976,1057,0,0,0,1.0,1,1.0,1,1.0,1,0.20697865339126845,58
1264,3,2036,977,1059,0,0,0,1.0,1,1.0,1,1.0,1,0.18696570763412684,57
1265,2,2038,978,1060,0,0,0,1.0,1,1.0,1,1.0,1,0.1899082460191572,56
1266,6,2044,980,1064,0,0,0,1.0,1,1.0,1,1.0,1,0.23086717295703113,55
1267,3,2047,981,1066,0,0,0,1.0,1,1.0,1,1.0,1,0.2035079113093889,53
1268,3,2050,983,1067,0,0,0,1.0,1,1.0,1,1.0,1,0.20065344388947343,52
1269,1,2051,984,1067,0,0,0,1.0,1,1.0,1,1.0,1,0.190497722474005,51
1270,0,2051,984,1067,0,0,0,1.0,1,1.0,1,1.0,1,0.1998779855309645,47
1271,1,2052,985,1067,0,0,0,1.0,1,1.0,1,1.0,1,0.22419359229046365,46
1272,1,2053,986,1067,0,0,0,1.0,1,1.0,1,1.0,1,0.20242330109701628,43
1273,6,2059,988,1071,0,0,0,1.0,1,1.0,1,1.0,1,0.13570817383954675,44
1274,2,2061,990,1071,0,0,0,1.0,1,1.0,1,1.0,1,0.19995630927301775,44
1275,2,2063,991,1072,0,0,0,1.0,1,1.0,1,1.0,1,0.202322911944552,45
1276,0,2063,991,1072,0,0,0,1.0,1,1.0,1,1.0,1,0.21340508034047848,43
1277,2,2065,993,1072,0,0,0,1.0,1,1.0,1,1.0,1,0.22372714918819714,44
1278,4,2069,996,1073,0,0,0,1.0,1,1.0,1,1.0,1,0.24047564770545657,45
1279,2,2071,996,1075,0,0,0,1.0,1,1.0,1,1.0,1,0.20939044089211883,47
1280,0,2071,996,1075,0,0,0,1.0,1,1.0,1,1.0,1,0.20939044089211883,47
1281,1,2072,996,1076,0,0,0,1.0,1,1.0,1,1.0,1,0.1881041044348763,47
1282,1,2073,997,1076,0,0,0,1.0,1,1.0,1,1.0,1,0.22553510794711612,46
1283,3,2076,998,1078,0,0,0,1.0,1,1.0,1,1.0,1,0.20477919765203012,46
1284,0,2076,998,1078,0,0,0,1.0,1,1.0,1,1.0,1,0.20477919765203012,46
1285,3,2079,999,1080,0,0,0,1.0,1,1.0,1,1.0,1,0.22398255134344078,46
1286,0,2079,999,1080,0,0,0,1.0,1,1.0,1,1.0,1,0.22402992034407423,45
1287,4,2083,1000,1083,0,0,0,1.0,1,1.0,1,1.0,1,0.21014739478063926,49
1288,1,2084,1000,1084,0,0,0,1.0,1,1.0,1,1.0,1,0.1805075088697301,49
1289,2,2086,1000,1086,0,0,0,1.0,1,1.0,1,1.0,1,0.13701016764851107,52
1290,0,2086,1000,1086,0,0,0,1.0,1,1.0,1,1.0,1,0.13701016764851107,52
1291,0,2086,1000,1086,0,0,0,1.0,1,1.0,1,1.0,1,0.13701016764851107,52
1292,0,2086,1000,1086,0,0,0,1.0,1,1.0,1,1.0,1,0.13466145628498868,53
1293,0,2086,1000,1086,0,0,0,1.0,1,1.0,1,1.0,1,0.13466145628498868,53
1294,1,2087,1001,1086,0,0,0,1.0,1,1.0,1,1.0,1,0.13524287526241024,53
1295,1,2088,1002,1086,0,0,0,1.0,1,1.0,1,1.0,1,0.1514939482384015,54
1296,1,2089,1002,1087,0,0,0,1.0,1,1.0,1,1.0,1,0.13380091630909835,55
1297,1,2090,1002,1088,0,0,0,1.0,1,1.0,1,1.0,1,0.14025362116183385,54
1298,0,2090,1002,1088,0,0,0,1.0,1,1.0,1,1.0,1,0.1538755146379845,55
1299,2,2092,1003,1089,0,0,0,1.0,1,1.0,1,1.0,1,0.16332722944504238,54
1300,0,2092,1003,1089,0,0,0,1.0,1,1.0,1,1.0,1,0.18092421157724506,55
1301,3,2095,1005,1090,0,0,0,1.0,1,1.0,1,1.0,1,0.20102803613299974,54
1302,2,2097,1007,1090,0,0,0,1.0,1,1.0,1,1.0,1,0.23417770465152157,54
1303,4,2101,1010,1091,0,0,0,1.0,1,1.0,1,1.0,1,0.3012417286553171,50
1304,4,2105,1013,1092,0,0,0,1.0,1,1.0,1,1.0,1,0.2819012329349091,51
1305,8,2113,1016,1097,0,0,0,1.0,1,1.0,1,1.0,1,0.1953111005057234,48
1306,3,2116,1018,1098,0,0,0,1.0,1,1.0,1,1.0,1,0.2468815598353136,48
1307,1,2117,1019,1098,0,0,0,1.0,1,1.0,1,1.0,1,0.19961706719750005,48
1308,4,2121,1021,1100,0,0,0,1.0,1,1.0,1,1.0,1,0.20877868880662676,46
1309,2,2123,1022,1101,0,0,0,1.0,1,1.0,1,1.0,1,0.22133269337711292,47
1310,0,2123,1022,1101,0,0,0,1.0,1,1.0,1,1.0,1,0.18404454501092823,46
1311,2,2125,1024,1101,0,0,0,1.0,1,1.0,1,1.0,1,0.2629447544297711,46
1312,3,2128,1026,1102,0,0,0,1.0,1,1.0,1,1.0,1,0.28028914722522313,45
1313,1,2129,1026,1103,0,0,0,1.0,1,1.0,1,1.0,1,0.2847768162189016,44
1314,0,2129,1026,1103,0,0,0,1.0,1,1.0,1,1.0,1,0.2866294433883421,42
1315,0,2129,1026,1103,0,0,0,1.0,1,1.0,1,1.0,1,0.2976910700627107,40
1316,1,2130,1026,1104,0,0,0,1.0,1,1.0,1,1.0,1,0.2453542180857944,42
1317,1,2131,1027,1104,0,0,0,1.0,1,1.0,1,1.0,1,0.2759146187106806,42
1318,0,2131,1027,1104,0,0,0,1.0,1,1.0,1,1.0,1,0.2759146187106806,42
1319,1,2132,1028,1104,0,0,0,1.0,1,1.0,1,1.0,1,0.26872720080824436,42
1320,0,2132,1028,1104,0,0,0,1.0,1,1.0,1,1.0,1,0.26872720080824436,42
1321,2,2134,1028,1106,0,0,0,1.0,1,1.0,1,1.0,1,0.22911631505724048,45
1322,0,2134,1028,1106,0,0,0,1.0,1,1.0,1,1.0,1,0.22911631505724048,45
1323,2,2136,1029,1107,0,0,0,1.0,1,1.0,1,1.0,1,0.22823264668306964,46
1324,0,2136,1029,1107,0,0,0,1.0,1,1.0,1,1.0,1,0.24186849365214153,45
1325,4,2140,1030,1110,0,0,0,1.0,1,1.0,1,1.0,1,0.234419787607791,46
1326,2,2142,1032,1110,0,0,0,1.0,1,1.0,1,1.0,1,0.2849132386891284,45
1327,3,2145,1032,1113,0,0,0,1.0,1,1.0,1,1.0,1,0.26135413572887023,46
1328,2,2147,1032,1115,0,0,0,1.0,1,1.0,1,1.0,1,0.2143411032436192,47
1329,2,2149,1033,1116,0,0,0,1.0,1,1.0,1,1.0,1,0.21346216150941685,47
1330,0,2149,1033,1116,0,0,0,1.0,1,1.0,1,1.0,1,0.2322991135752414,46
1331,1,2150,1034,1116,0,0,0,1.0,1,1.0,1,1.0,1,0.2289644815729329,46
1332,2,2152,1035,1117,0,0,0,1.0,1,1.0,1,1.0,1,0.22551027874622018,49
1333,1,2153,1035,1118,0,0,0,1.0,1,1.0,1,1.0,1,0.21250607149540063,50
1334,0,2153,1035,1118,0,0,0,1.0,1,1.0,1,1.0,1,0.21250607149540063,50
1335,0,2153,1035,1118,0,0,0,1.0,1,1.0,1,1.0,1,0.2401581539770644,52
1336,0,2153,1035,1118,0,0,0,1.0,1,1.0,1,1.0,1,0.2295671423157922,53
1337,3,2156,1037,1119,0,0,0,1.0,1,1.0,1,1.0,1,0.2688842031784942,54
1338,3,2159,1038,1121,0,0,0,1.0,1,1.0,1,1.0,1,0.26765299325353176,54
1339,1,2160,1039,1121,0,0,0,1.0,1,1.0,1,1.0,1,0.2865334647106838,54
1340,2,2162,1039,1123,0,0,0,1.0,1,1.0,1,1.0,1,0.2791301543338543,53
1341,0,2162,1039,1123,0,0,0,1.0,1,1.0,1,1.0,1,0.27215955716348605,53
1342,1,2163,1040,1123,0,0,0,1.0,1,1.0,1,1.0,1,0.27887536298744914,52
1343,1,2164,1041,1123,0,0,0,1.0,1,1.0,1,1.0,1,0.2751376494173216,50
1344,4,2168,1044,1124,0,0,0,1.0,1,1.0,1,1.0,1,0.31178469092005984,51
1345,0,2168,1044,1124,0,0,0,1.0,1,1.0,1,1.0,1,0.3008544670880959,50
1346,4,2172,1046,1126,0,0,0,1.0,1,1.0,1,1.0,1,0.29307398033117255,50
1347,0,2172,1046,1126,0,0,0,1.0,1,1.0,1,1.0,1,0.29055802203350134,48
1348,1,2173,1046,1127,0,0,0,1.0,1,1.0,1,1.0,1,0.2812066645209421,49
1349,3,2176,1046,1130,0,0,0,1.0,1,1.0,1,1.0,1,0.23649047309812615,48
1350,0,2176,1046,1130,0,0,0,1.0,1,1.0,1,1.0,1,0.24855550206868318,49
1351,0,2176,1046,1130,0,0,0,1.0,1,1.0,1,1.0,1,0.2344627049867911,48
1352,2,2178,1048,1130,0,0,0,1.0,1,1.0,1,1.0,1,0.22654750063974977,49
1353,1,2179,1048,1131,0,0,0,1.0,1,1.0,1,1.0,1,0.20708252995147022,49
1354,1,2180,1049,1131,0,0,0,1.0,1,1.0,1,1.0,1,0.244259898858932,49
1355,3,2183,1051,1132,0,0,0,1.0,1,1.0,1,1.0,1,0.19559591346544866,50
1356,3,2186,1052,1134,0,0,0,1.0,1,1.0,1,1.0,1,0.19023324116905754,50
1357,5,2191,1056,1135,0,0,0,1.0,1,1.0,1,1.0,1,0.2233824713386634,50
1358,4,2195,1057,1138,0,0,0,1.0,1,1.0,1,1.0,1,0.22121944518593414,51
1359,5,2200,1058,1142,0,0,0,1.0,1,1.0,1,1.0,1,0.21437912810611526,53
1360,0,2200,1058,1142,0,0,0,1.0,1,1.0,1,1.0,1,0.2177964991265515,54
1361,2,2202,1058,1144,0,0,0,1.0,1,1.0,1,1.0,1,0.18388110911078387,54
1362,2,2204,1059,1145,0,0,0,1.0,1,1.0,1,1.0,1,0.16277581773627547,55
1363,1,2205,1059,1146,0,0,0,1.0,1,1.0,1,1.0,1,0.16592584847317585,55
1364,0,2205,1059,1146,0,0,0,1.0,1,1.0,1,1.0,1,0.18021407928170366,55
1365,3,2208,1060,1148,0,0,0,1.0,1,1.0,1,1.0,1,0.17433865479257646,56
1366,0,2208,1060,1148,0,0,0,1.0,1,1.0,1,1.0,1,0.17433865479257646,56
1367,1,2209,1061,1148,0,0,0,1.0,1,1.0,1,1.0,1,0.18144088339417577,56
1368,2,2211,1061,1150,0,0,0,1.0,1,1.0,1,1.0,1,0.16825345928523067,58
1369,0,2211,1061,1150,0,0,0,1.0,1,1.0,1,1.0,1,0.1742710131760845,59
1370,1,2212,1062,1150,0,0,0,1.0,1,1.0,1,1.0,1,0.18024070107066437,59
1371,0,2212,1062,1150,0,0,0,1.0,1,1.0,1,1.0,1,0.18024070107066437,59
1372,2,2214,1063,1151,0,0,0,1.0,1,1.0,1,1.0,1,0.176568314422966,59
1373,1,2215,1063,1152,0,0,0,1.0,1,1.0,1,1.0,1,0.17327524224134477,59
1374,6,2221,1066,1155,0,0,0,1.0,1,1.0,1,1.0,1,0.1603092279087864,60
1375,3,2224,1066,1158,0,0,0,1.0,1,1.0,1,1.0,1,0.1155618384506895,61
1376,2,2226,1066,1160,0,0,0,1.0,1,1.0,1,1.0,1,0.12236023343094111,61
1377,0,2226,1066,1160,0,0,0,1.0,1,1.0,1,1.0,1,0.12236023343094111,61
1378,2,2228,1068,1160,0,0,0,1.0,1,1.0,1,1.0,1,0.1831341631314732,61
1379,0,2228,1068,1160,0,0,0,1.0,1,1.0,1,1.0,1,0.17665788559273202,60
1380,1,2229,1069,1160,0,0,0,1.0,1,1.0,1,1.0,1,0.21193561682331064,60
1381,3,2232,1069,1163,0,0,0,1.0,1,1.0,1,1.0,1,0.17991000636766177,58
1382,3,2235,1071,1164,0,0,0,1.0,1,1.0,1,1.0,1,0.2125480811762082,58
1383,2,2237,1073,1164,0,0,0,1.0,1,1.0,1,1.0,1,0.16618451507297122,57
1384,4,2241,1077,1164,0,0,0,1.0,1,1.0,1,1.0,1,0.21107545187889892,54
1385,4,2245,1078,1167,0,0,0,1.0,1,1.0,1,1.0,1,0.20113379435143477,52
1386,2,2247,1079,1168,0,0,0,1.0,1,1.0,1,1.0,1,0.18150014048237004,51
1387,1,2248,1080,1168,0,0,0,1.0,1,1.0,1,1.0,1,0.25643291016663416,51
1388,7,2255,1082,1173,0,0,0,1.0,1,1.0,1,1.0,1,0.1371790933297385,52
1389,1,2256,1082,1174,0,0,0,1.0,1,1.0,1,1.0,1,0.18652823880252636,50
1390,1,2257,1083,1174,0,0,0,1.0,1,1.0,1,1.0,1,0.17487219088329725,51
1391,0,2257,1083,1174,0,0,0,1.0,1,1.0,1,1.0,1,0.18518322949963326,50
1392,3,2260,1085,1175,0,0,0,1.0,1,1.0,1,1.0,1,0.1829067105288208,50
1393,2,2262,1085,1177,0,0,0,1.0,1,1.0,1,1.0,1,0.15432396182779273,49
1394,1,2263,1086,1177,0,0,0,1.0,1,1.0,1,1.0,1,0.19084961994245694,50
1395,0,2263,1086,1177,0,0,0,1.0,1,1.0,1,1.0,1,0.19683537009097601,51
1396,3,2266,1086,1180,0,0,0,1.0,1,1.0,1,1.0,1,0.17769613131758993,52
1397,0,2266,1086,1180,0,0,0,1.0,1,1.0,1,1.0,1,0.17769613131758993,52
1398,1,2267,1087,1180,0,0,0,1.0,1,1.0,1,1.0,1,0.16783388987895717,53
1399,3,2270,1090,1180,0,0,0,1.0,1,1.0,1,1.0,1,0.20438226872545331,54
1400,0,2270,1090,1180,0,0,0,1.0,1,1.0,1,1.0,1,0.20438226872545331,54
1401,1,2271,1091,1180,0,0,0,1.0,1,1.0,1,1.0,1,0.19660819765331983,54
1402,2,2273,1093,1180,0,0,0,1.0,1,1.0,1,1.0,1,0.18974979583428836,53
1403,0,2273,1093,1180,0,0,0,1.0,1,1.0,1,1.0,1,0.20779911157816888,52
1404,0,2273,1093,1180,0,0,0,1.0,1,1.0,1,1.0,1,0.21615364654999145,53
1405,2,2275,1094,1181,0,0,0,1.0,1,1.0,1,1.0,1,0.26260546110689215,52
1406,1,2276,1094,1182,0,0,0,1.0,1,1.0,1,1.0,1,0.24583501995858129,53
1407,0,2276,1094,1182,0,0,0,1.0,1,1.0,1,1.0,1,0.2551160199179593,54
1408,0,2276,1094,1182,0,0,0,1.0,1,1.0,1,1.0,1,0.27271046046028186,53
1409,3,2279,1094,1185,0,0,0,1.0,1,1.0,1,1.0,1,0.24568524335617348,55
1410,0,2279,1094,1185,0,0,0,1.0,1,1.0,1,1.0,1,0.2505214521644673,54
1411,0,2279,1094,1185,0,0,0,1.0,1,1.0,1,1.0,1,0.2505214521644673,54
1412,0,2279,1094,1185,0,0,0,1.0,1,1.0,1,1.0,1,0.2617754044860618,53
1413,1,2280,1094,1186,0,0,0,1.0,1,1.0,1,1.0,1,0.23499551556442277,54
1414,0,2280,1094,1186,0,0,0,1.0,1,1.0,1,1.0,1,0.24826255377885204,55
1415,2,2282,1095,1187,0,0,0,1.0,1,1.0,1,1.0,1,0.23886349968206358,57
1416,7,2289,1096,1193,0,0,0,1.0,1,1.0,1,1.0,1,0.2194520151108592,59
1417,4,2293,1096,1197,0,0,0,1.0,1,1.0,1,1.0,1,0.14072944973918516,58
1418,2,2295,1098,1197,0,0,0,1.0,1,1.0,1,1.0,1,0.15822785779408133,57
1419,1,2296,1099,1197,0,0,0,1.0,1,1.0,1,1.0,1,0.18105577983114549,56
1420,0,2296,1099,1197,0,0,0,1.0,1,1.0,1,1.0,1,0.2008151153805893,54
1421,2,2298,1100,1198,0,0,0,1.0,1,1.0,1,1.0,1,0.18461313513257768,55
1422,0,2298,1100,1198,0,0,0,1.0,1,1.0,1,1.0,1,0.16996361472956975,52
1423,1,2299,1101,1198,0,0,0,1.0,1,1.0,1,1.0,1,0.2209981346200006,52
1424,6,2305,1105,1200,0,0,0,1.0,1,1.0,1,1.0,1,0.2313058902050502,51
1425,3,2308,1105,1203,0,0,0,1.0,1,1.0,1,1.0,1,0.17811859857805348,50
1426,3,2311,1107,1204,0,0,0,1.0,1,1.0,1,1.0,1,0.20797921214109386,50
1427,1,2312,1107,1205,0,0,0,1.0,1,1.0,1,1.0,1,0.19236064617554885,48
1428,3,2315,1110,1205,0,0,0,1.0,1,1.0,1,1.0,1,0.22999295754217003,48
1429,1,2316,1110,1206,0,0,0,1.0,1,1.0,1,1.0,1,0.2192593537009566,48
1430,0,2316,1110,1206,0,0,0,1.0,1,1.0,1,1.0,1,0.2192593537009566,48
1431,1,2317,1110,1207,0,0,0,1.0,1,1.0,1,1.0,1,0.19891837844695331,48
1432,2,2319,1110,1209,0,0,0,1.0,1,1.0,1,1.0,1,0.16764220971572524,50
1433,0,2319,1110,1209,0,0,0,1.0,1,1.0,1,1.0,1,0.1825871208298009,51
1434,3,2322,1113,1209,0,0,0,1.0,1,1.0,1,1.0,1,0.20405918475438928,51
1435,5,2327,1116,1211,0,0,0,1.0,1,1.0,1,1.0,1,0.1888206582433169,50
1436,1,2328,1117,1211,0,0,0,1.0,1,1.0,1,1.0,1,0.19025272617728597,51
1437,2,2330,1117,1213,0,0,0,1.0,1,1.0,1,1.0,1,0.15066436544003609,51
1438,1,2331,1118,1213,0,0,0,1.0,1,1.0,1,1.0,1,0.16728911266462165,51
1439,3,2334,1121,1213,0,0,0,1.0,1,1.0,1,1.0,1,0.19555810933996925,50
1440,3,2337,1122,1215,0,0,0,1.0,1,1.0,1,1.0,1,0.22685210609233508,51
1441,4,2341,1122,1219,0,0,0,1.0,1,1.0,1,1.0,1,0.17693374971554698,51
1442,4,2345,1124,1221,0,0,0,1.0,1,1.0,1,1.0,1,0.1751443533161925,52
1443,1,2346,1124,1222,0,0,0,1.0,1,1.0,1,1.0,1,0.1826084359066692,53
1444,3,2349,1125,1224,0,0,0,1.0,1,1.0,1,1.0,1,0.1588891304128919,54
1445,0,2349,1125,1224,0,0,0,1.0,1,1.0,1,1.0,1,0.1588891304128919,54
1446,3,2352,1125,1227,0,0,0,1.0,1,1.0,1,1.0,1,0.14406636366937764,54
1447,0,2352,1125,1227,0,0,0,1.0,1,1.0,1,1.0,1,0.13275197438765593,55
1448,1,2353,1125,1228,0,0,0,1.0,1,1.0,1,1.0,1,0.12199045124457264,55
1449,0,2353,1125,1228,0,0,0,1.0,1,1.0,1,1.0,1,0.12199045124457264,55
1450,1,2354,1126,1228,0,0,0,1.0,1,1.0,1,1.0,1,0.13588763428538206,57
1451,0,2354,1126,1228,0,0,0,1.0,1,1.0,1,1.0,1,0.13588763428538206,57
1452,0,2354,1126,1228,0,0,0,1.0,1,1.0,1,1.0,1,0.13588763428538206,57
1453,1,2355,1127,1228,0,0,0,1.0,1,1.0,1,1.0,1,0.15287097843573955,57
1454,1,2356,1128,1228,0,0,0,1.0,1,1.0,1,1.0,1,0.17834328153895043,58
1455,0,2356,1128,1228,0,0,0,1.0,1,1.0,1,1.0,1,0.17270498072896828,56
1456,3,2359,1130,1229,0,0,0,1.0,1,1.0,1,1.0,1,0.1574558729862217,55
1457,1,2360,1130,1230,0,0,0,1.0,1,1.0,1,1.0,1,0.17372002203633144,54
1458,1,2361,1131,1230,0,0,0,1.0,1,1.0,1,1.0,1,0.19869755905887754,53
1459,2,2363,1131,1232,0,0,0,1.0,1,1.0,1,1.0,1,0.15552807590053278,52
1460,0,2363,1131,1232,0,0,0,1.0,1,1.0,1,1.0,1,0.14552615301488867,51
1461,4,2367,1134,1233,0,0,0,1.0,1,1.0,1,1.0,1,0.15045181061879623,51
1462,4,2371,1137,1234,0,0,0,1.0,1,1.0,1,1.0,1,0.14202732456638617,51
1463,3,2374,1139,1235,0,0,0,1.0,1,1.0,1,1.0,1,0.1962681584964771,52
1464,3,2377,1142,1235,0,0,0,1.0,1,1.0,1,1.0,1,0.20336563474136243,52
1465,2,2379,1143,1236,0,0,0,1.0,1,1.0,1,1.0,1,0.21256319483055375,51
1466,6,2385,1148,1237,0,0,0,1.0,1,1.0,1,1.0,1,0.21477087657160515,50
1467,5,2390,1150,1240,0,0,0,1.0,1,1.0,1,1.0,1,0.1923701476757027,48
1468,5,2395,1153,1242,0,0,0,1.0,1,1.0,1,1.0,1,0.1633554615947221,48
1469,4,2399,1154,1245,0,0,0,1.0,1,1.0,1,1.0,1,0.15214102289971235,48
1470,2,2401,1155,1246,0,0,0,1.0,1,1.0,1,1.0,1,0.1440771679254639,48
1471,3,2404,1157,1247,0,0,0,1.0,1,1.0,1,1.0,1,0.17606683971991635,45
1472,0,2404,1157,1247,0,0,0,1.0,1,1.0,1,1.0,1,0.17850823275873975,45
1473,4,2408,1158,1250,0,0,0,1.0,1,1.0,1,1.0,1,0.11434974397678248,46
1474,1,2409,1158,1251,0,0,0,1.0,1,1.0,1,1.0,1,0.1257723273898356,46
1475,0,2409,1158,1251,0,0,0,1.0,1,1.0,1,1.0,1,0.1257723273898356,46
1476,0,2409,1158,1251,0,0,0,1.0,1,1.0,1,1.0,1,0.13772492425255442,47
1477,1,2410,1159,1251,0,0,0,1.0,1,1.0,1,1.0,1,0.13598229680674281,47
1478,1,2411,1159,1252,0,0,0,1.0,1,1.0,1,1.0,1,0.1627539647436122,47
1479,0,2411,1159,1252,0,0,0,1.0,1,1.0,1,1.0,1,0.16705681670563605,48
1480,1,2412,1160,1252,0,0,0,1.0,1,1.0,1,1.0,1,0.16473965448496672,47
1481,1,2413,1161,1252,0,0,0,1.0,1,1.0,1,1.0,1,0.17675004155409654,47
1482,2,2415,1163,1252,0,0,0,1.0,1,1.0,1,1.0,1,0.21498022814053308,46
1483,3,2418,1164,1254,0,0,0,1.0,1,1.0,1,1.0,1,0.2172430371720516,47
1484,2,2420,1165,1255,0,0,0,1.0,1,1.0,1,1.0,1,0.21272226404945635,47
1485,3,2423,1165,1258,0,0,0,1.0,1,1.0,1,1.0,1,0.2113528440360971,47
1486,2,2425,1165,1260,0,0,0,1.0,1,1.0,1,1.0,1,0.18680116904602337,49
1487,3,2428,1168,1260,0,0,0,1.0,1,1.0,1,1.0,1,0.17983079497457172,49
1488,2,2430,1169,1261,0,0,0,1.0,1,1.0,1,1.0,1,0.16688814906660615,51
1489,1,2431,1170,1261,0,0,0,1.0,1,1.0,1,1.0,1,0.2010779058413584,52
1490,0,2431,1170,1261,0,0,0,1.0,1,1.0,1,1.0,1,0.2010779058413584,52
1491,4,2435,1173,1262,0,0,0,1.0,1,1.0,1,1.0,1,0.19985360486567544,53
1492,4,2439,1176,1263,0,0,0,1.0,1,1.0,1,1.0,1,0.23449567298729837,53
1493,3,2442,1176,1266,0,0,0,1.0,1,1.0,1,1.0,1,0.14309673330528358,52
1494,2,2444,1178,1266,0,0,0,1.0,1,1.0,1,1.0,1,0.14961497191497738,50
1495,2,2446,1180,1266,0,0,0,1.0,1,1.0,1,1.0,1,0.11785958098728264,50
1496,2,2448,1181,1267,0,0,0,1.0,1,1.0,1,1.0,1,0.14585281973028685,52
1497,1,2449,1182,1267,0,0,0,1.0,1,1.0,1,1.0,1,0.1643660052975711,51
1498,2,2451,1183,1268,0,0,0,1.0,1,1.0,1,1.0,1,0.14844148571049356,50
1499,0,2451,1183,1268,0,0,0,1.0,1,1.0,1,1.0,1,0.14472249344734453,50
1500,1,2452,1184,1268,0,0,0,1.0,1,1.0,1,1.0,1,0.16943362457672592,49
1501,1,2453,1184,1269,0,0,0,1.0,1,1.0,1,1.0,1,0.14992178335392353,47
1502,4,2457,1188,1269,0,0,0,1.0,1,1.0,1,1.0,1,0.21369237168759364,47
1503,2,2459,1189,1270,0,0,0,1.0,1,1.0,1,1.0,1,0.17385599017133083,47
1504,2,2461,1191,1270,0,0,0,1.0,1,1.0,1,1.0,1,0.200556102526713,48
1505,3,2464,1193,1271,0,0,0,1.0,1,1.0,1,1.0,1,0.19736430072567376,47
1506,2,2466,1195,1271,0,0,0,1.0,1,1.0,1,1.0,1,0.22027218373288981,47
1507,3,2469,1198,1271,0,0,0,1.0,1,1.0,1,1.0,1,0.2973840593224081,45
1508,3,2472,1199,1273,0,0,0,1.0,1,1.0,1,1.0,1,0.26609748284334805,45
1509,4,2476,1201,1275,0,0,0,1.0,1,1.0,1,1.0,1,0.23692880071610667,44
1510,2,2478,1203,1275,0,0,0,1.0,1,1.0,1,1.0,1,0.2873548249640651,42
1511,0,2478,1203,1275,0,0,0,1.0,1,1.0,1,1.0,1,0.28166415958085667,40
1512,3,2481,1206,1275,0,0,0,1.0,1,1.0,1,1.0,1,0.3451225074534345,39
1513,2,2483,1206,1277,0,0,0,1.0,1,1.0,1,1.0,1,0.28691275459943333,39
1514,1,2484,1206,1278,0,0,0,1.0,1,1.0,1,1.0,1,0.25568181397801604,38
1515,1,2485,1207,1278,0,0,0,1.0,1,1.0,1,1.0,1,0.2813320072457777,39
1516,2,2487,1207,1280,0,0,0,1.0,1,1.0,1,1.0,1,0.2510204815225061,39
1517,2,2489,1208,1281,0,0,0,1.0,1,1.0,1,1.0,1,0.2214988766266043,39
1518,1,2490,1209,1281,0,0,0,1.0,1,1.0,1,1.0,1,0.24604671783401436,39
1519,2,2492,1209,1283,0,0,0,1.0,1,1.0,1,1.0,1,0.21372600581939205,39
1520,2,2494,1210,1284,0,0,0,1.0,1,1.0,1,1.0,1,0.23465112479120712,39
1521,1,2495,1211,1284,0,0,0,1.0,1,1.0,1,1.0,1,0.261504063064145,40
1522,2,2497,1212,1285,0,0,0,1.0,1,1.0,1,1.0,1,0.2755687564651551,40
1523,2,2499,1212,1287,0,0,0,1.0,1,1.0,1,1.0,1,0.22841485583674873,41
1524,1,2500,1213,1287,0,0,0,1.0,1,1.0,1,1.0,1,0.2682137957572125,42
1525,3,2503,1214,1289,0,0,0,1.0,1,1.0,1,1.0,1,0.21413663789043813,45
1526,1,2504,1214,1290,0,0,0,1.0,1,1.0,1,1.0,1,0.21969775815532575,46
1527,0,2504,1214,1290,0,0,0,1.0,1,1.0,1,1.0,1,0.21969775815532575,46
1528,1,2505,1214,1291,0,0,0,1.0,1,1.0,1,1.0,1,0.21504987266193734,47
1529,0,2505,1214,1291,0,0,0,1.0,1,1.0,1,1.0,1,0.21504987266193734,47
1530,1,2506,1214,1292,0,0,0,1.0,1,1.0,1,1.0,1,0.20270176270014653,48
1531,0,2506,1214,1292,0,0,0,1.0,1,1.0,1,1.0,1,0.20682859985314478,46
1532,1,2507,1214,1293,0,0,0,1.0,1,1.0,1,1.0,1,0.1637512589019849,47
1533,0,2507,1214,1293,0,0,0,1.0,1,1.0,1,1.0,1,0.17136164171757304,46
1534,1,2508,1215,1293,0,0,0,1.0,1,1.0,1,1.0,1,0.1561685319607784,47
1535,1,2509,1216,1293,0,0,0,1.0,1,1.0,1,1.0,1,0.1533787826626804,47
1536,0,2509,1216,1293,0,0,0,1.0,1,1.0,1,1.0,1,0.16280430352834846,48
1537,0,2509,1216,1293,0,0,0,1.0,1,1.0,1,1.0,1,0.16595220550491505,46
1538,0,2509,1216,1293,0,0,0,1.0,1,1.0,1,1.0,1,0.17859949133730518,47
1539,2,2511,1216,1295,0,0,0,1.0,1,1.0,1,1.0,1,0.16974580756414956,47
1540,2,2513,1218,1295,0,0,0,1.0,1,1.0,1,1.0,1,0.20789192528306802,47
1541,1,2514,1218,1296,0,0,0,1.0,1,1.0,1,1.0,1,0.18298135066954088,47
1542,3,2517,1220,1297,0,0,0,1.0,1,1.0,1,1.0,1,0.2339641719634702,50
1543,3,2520,1223,1297,0,0,0,1.0,1,1.0,1,1.0,1,0.2503244698587456,47
1544,3,2523,1226,1297,0,0,0,1.0,1,1.0,1,1.0,1,0.27507403035225203,48
1545,2,2525,1227,1298,0,0,0,1.0,1,1.0,1,1.0,1,0.24586862455681635,47
1546,3,2528,1228,1300,0,0,0,1.0,1,1.0,1,1.0,1,0.22315028346558066,47
1547,2,2530,1229,1301,0,0,0,1.0,1,1.0,1,1.0,1,0.24000253478993827,47
1548,4,2534,1232,1302,0,0,0,1.0,1,1.0,1,1.0,1,0.20793488759980883,47
1549,7,2541,1236,1305,0,0,0,1.0,1,1.0,1,1.0,1,0.17840719334302466,46
1550,2,2543,1237,1306,0,0,0,1.0,1,1.0,1,1.0,1,0.22088488877967113,44
1551,6,2549,1240,1309,0,0,0,1.0,1,1.0,1,1.0,1,0.20628509228765152,45
1552,4,2553,1242,1311,0,0,0,1.0,1,1.0,1,1.0,1,0.21573940227150254,43
1553,4,2557,1244,1313,0,0,0,1.0,1,1.0,1,1.0,1,0.15935436607549716,43
1554,1,2558,1245,1313,0,0,0,1.0,1,1.0,1,1.0,1,0.20348050159504452,41
1555,3,2561,1246,1315,0,0,0,1.0,1,1.0,1,1.0,1,0.2311063935604295,44
1556,3,2564,1247,1317,0,0,0,1.0,1,1.0,1,1.0,1,0.19595405917962816,45
1557,0,2564,1247,1317,0,0,0,1.0,1,1.0,1,1.0,1,0.19595405917962816,45
1558,3,2567,1247,1320,0,0,0,1.0,1,1.0,1,1.0,1,0.15332956545049117,46
1559,1,2568,1247,1321,0,0,0,1.0,1,1.0,1,1.0,1,0.13438458221462318,47
1560,2,2570,1249,1321,0,0,0,1.0,1,1.0,1,1.0,1,0.1178751571172078,46
1561,0,2570,1249,1321,0,0,0,1.0,1,1.0,1,1.0,1,0.11981043982771057,47
1562,0,2570,1249,1321,0,0,0,1.0,1,1.0,1,1.0,1,0.13614616465665208,47
1563,0,2570,1249,1321,0,0,0,1.0,1,1.0,1,1.0,1,0.13614616465665208,47
1564,0,2570,1249,1321,0,0,0,1.0,1,1.0,1,1.0,1,0.13614616465665208,47
1565,0,2570,1249,1321,0,0,0,1.0,1,1.0,1,1.0,1,0.1712026055252819,48
1566,1,2571,1250,1321,0,0,0,1.0,1,1.0,1,1.0,1,0.16194307832211868,48
1567,2,2573,1250,1323,0,0,0,1.0,1,1.0,1,1.0,1,0.16861182174374428,48
1568,2,2575,1252,1323,0,0,0,1.0,1,1.0,1,1.0,1,0.20571044044572726,48
1569,0,2575,1252,1323,0,0,0,1.0,1,1.0,1,1.0,1,0.178686474583641,45
1570,0,2575,1252,1323,0,0,0,1.0,1,1.0,1,1.0,1,0.19125989041485136,44
1571,2,2577,1254,1323,0,0,0,1.0,1,1.0,1,1.0,1,0.21388018517206464,42
1572,4,2581,1256,1325,0,0,0,1.0,1,1.0,1,1.0,1,0.2749695255822737,43
1573,5,2586,1257,1329,0,0,0,1.0,1,1.0,1,1.0,1,0.2350547084811092,43
1574,4,2590,1260,1330,0,0,0,1.0,1,1.0,1,1.0,1,0.24228618305104954,42
1575,4,2594,1262,1332,0,0,0,1.0,1,1.0,1,1.0,1,0.26623620364306705,43
1576,3,2597,1265,1332,0,0,0,1.0,1,1.0,1,1.0,1,0.3109661663619791,41
1577,4,2601,1265,1336,0,0,0,1.0,1,1.0,1,1.0,1,0.19932243420363457,40
1578,0,2601,1265,1336,0,0,0,1.0,1,1.0,1,1.0,1,0.1786067948885634,40
1579,0,2601,1265,1336,0,0,0,1.0,1,1.0,1,1.0,1,0.17756475918085562,40
1580,0,2601,1265,1336,0,0,0,1.0,1,1.0,1,1.0,1,0.17756475918085562,40
1581,2,2603,1267,1336,0,0,0,1.0,1,1.0,1,1.0,1,0.18198263005204462,40
1582,5,2608,1270,1338,0,0,0,1.0,1,1.0,1,1.0,1,0.2051402404182919,40
1583,2,2610,1271,1339,0,0,0,1.0,1,1.0,1,1.0,1,0.21581503946234046,38
1584,3,2613,1274,1339,0,0,0,1.0,1,1.0,1,1.0,1,0.21903283638907647,39
1585,2,2615,1275,1340,0,0,0,1.0,1,1.0,1,1.0,1,0.19458912129639333,38
1586,2,2617,1277,1340,0,0,0,1.0,1,1.0,1,1.0,1,0.21065512181442525,38
1587,2,2619,1279,1340,0,0,0,1.0,1,1.0,1,1.0,1,0.19198332957084255,37
1588,2,2621,1281,1340,0,0,0,1.0,1,1.0,1,1.0,1,0.2098923674757865,39
1589,3,2624,1283,1341,0,0,0,1.0,1,1.0,1,1.0,1,0.20817763996909328,37
1590,1,2625,1284,1341,0,0,0,1.0,1,1.0,1,1.0,1,0.2183706694321811,37
1591,3,2628,1286,1342,0,0,0,1.0,1,1.0,1,1.0,1,0.2719134410464688,36
1592,1,2629,1286,1343,0,0,0,1.0,1,1.0,1,1.0,1,0.27821176070776293,34
1593,2,2631,1287,1344,0,0,0,1.0,1,1.0,1,1.0,1,0.30170444460332324,33
1594,0,2631,1287,1344,0,0,0,1.0,1,1.0,1,1.0,1,0.2955282505130965,31
1595,3,2634,1288,1346,0,0,0,1.0,1,1.0,1,1.0,1,0.2073188698786766,34
1596,0,2634,1288,1346,0,0,0,1.0,1,1.0,1,1.0,1,0.21116920580562618,33
1597,0,2634,1288,1346,0,0,0,1.0,1,1.0,1,1.0,1,0.21116920580562618,33
1598,0,2634,1288,1346,0,0,0,1.0,1,1.0,1,1.0,1,0.2236361157533348,33
1599,1,2635,1289,1346,0,0,0,1.0,1,1.0,1,1.0,1,0.21133677558917366,33
1600,0,2635,1289,1346,0,0,0,1.0,1,1.0,1,1.0,1,0.226593409165727,34
1601,3,2638,1291,1347,0,0,0,1.0,1,1.0,1,1.0,1,0.2776980913364035,35
1602,0,2638,1291,1347,0,0,0,1.0,1,1.0,1,1.0,1,0.25780690951591195,36
1603,3,2641,1292,1349,0,0,0,1.0,1,1.0,1,1.0,1,0.27177084836783066,38
1604,0,2641,1292,1349,0,0,0,1.0,1,1.0,1,1.0,1,0.27177084836783066,38
1605,1,2642,1292,1350,0,0,0,1.0,1,1.0,1,1.0,1,0.24395946624154635,38
1606,5,2647,1295,1352,0,0,0,1.0,1,1.0,1,1.0,1,0.2568122623051576,39
1607,3,2650,1296,1354,0,0,0,1.0,1,1.0,1,1.0,1,0.24495678485875214,37
1608,3,2653,1298,1355,0,0,0,1.0,1,1.0,1,1.0,1,0.23240249164069468,36
1609,0,2653,1298,1355,0,0,0,1.0,1,1.0,1,1.0,1,0.20008404468527002,34
1610,1,2654,1299,1355,0,0,0,1.0,1,1.0,1,1.0,1,0.21455033197645135,34
1611,1,2655,1300,1355,0,0,0,1.0,1,1.0,1,1.0,1,0.23430933649693636,35
1612,0,2655,1300,1355,0,0,0,1.0,1,1.0,1,1.0,1,0.255788061750608,33
1613,2,2657,1300,1357,0,0,0,1.0,1,1.0,1,1.0,1,0.23535280722801277,34
1614,2,2659,1301,1358,0,0,0,1.0,1,1.0,1,1.0,1,0.2002884145167603,35
1615,1,2660,1301,1359,0,0,0,1.0,1,1.0,1,1.0,1,0.17556598742472268,35
1616,0,2660,1301,1359,0,0,0,1.0,1,1.0,1,1.0,1,0.17411845009688973,37
1617,1,2661,1302,1359,0,0,0,1.0,1,1.0,1,1.0,1,0.20165634060777687,38
1618,1,2662,1303,1359,0,0,0,1.0,1,1.0,1,1.0,1,0.21234921182540442,38
1619,1,2663,1303,1360,0,0,0,1.0,1,1.0,1,1.0,1,0.20148123941797036,38
1620,2,2665,1304,1361,0,0,0,1.0,1,1.0,1,1.0,1,0.2170619202667286,39
1621,2,2667,1306,1361,0,0,0,1.0,1,1.0,1,1.0,1,0.266114022325158,37
1622,4,2671,1308,1363,0,0,0,1.0,1,1.0,1,1.0,1,0.30980339332953555,37
1623,4,2675,1310,1365,0,0,0,1.0,1,1.0,1,1.0,1,0.26567632970655525,37
1624,1,2676,1311,1365,0,0,0,1.0,1,1.0,1,1.0,1,0.28405855821071585,37
1625,3,2679,1312,1367,0,0,0,1.0,1,1.0,1,1.0,1,0.30138737395817927,35
1626,2,2681,1313,1368,0,0,0,1.0,1,1.0,1,1.0,1,0.29546580750713836,35
1627,0,2681,1313,1368,0,0,0,1.0,1,1.0,1,1.0,1,0.298376770063761,34
1628,4,2685,1316,1369,0,0,0,1.0,1,1.0,1,1.0,1,0.34222657435051623,35
1629,5,2690,1317,1373,0,0,0,1.0,1,1.0,1,1.0,1,0.24858648662956356,34
1630,1,2691,1317,1374,0,0,0,1.0,1,1.0,1,1.0,1,0.19106152333389692,32
1631,1,2692,1318,1374,0,0,0,1.0,1,1.0,1,1.0,1,0.24900478662025377,33
1632,0,2692,1318,1374,0,0,0,1.0,1,1.0,1,1.0,1,0.2416589598872714,32
1633,0,2692,1318,1374,0,0,0,1.0,1,1.0,1,1.0,1,0.23981635510839172,31
1634,1,2693,1319,1374,0,0,0,1.0,1,1.0,1,1.0,1,0.26068027150982137,31
1635,0,2693,1319,1374,0,0,0,1.0,1,1.0,1,1.0,1,0.27763310340364233,31
1636,2,2695,1320,1375,0,0,0,1.0,1,1.0,1,1.0,1,0.28504934075500704,33
1637,0,2695,1320,1375,0,0,0,1.0,1,1.0,1,1.0,1,0.28504934075500704,33
1638,2,2697,1320,1377,0,0,0,1.0,1,1.0,1,1.0,1,0.2580012875824784,36
1639,0,2697,1320,1377,0,0,0,1.0,1,1.0,1,1.0,1,0.2580012875824784,36
1640,1,2698,1321,1377,0,0,0,1.0,1,1.0,1,1.0,1,0.2811255964431714,36
1641,1,2699,1322,1377,0,0,0,1.0,1,1.0,1,1.0,1,0.26753703330277356,38
1642,3,2702,1324,1378,0,0,0,1.0,1,1.0,1,1.0,1,0.267804041052003,37
1643,4,2706,1326,1380,0,0,0,1.0,1,1.0,1,1.0,1,0.288187776634832,37
1644,4,2710,1328,1382,0,0,0,1.0,1,1.0,1,1.0,1,0.32083516385867944,38
1645,1,2711,1328,1383,0,0,0,1.0,1,1.0,1,1.0,1,0.30817267092144945,36
1646,0,2711,1328,1383,0,0,0,1.0,1,1.0,1,1.0,1,0.3207407133687336,37
1647,2,2713,1329,1384,0,0,0,1.0,1,1.0,1,1.0,1,0.3379340673224257,35
1648,1,2714,1329,1385,0,0,0,1.0,1,1.0,1,1.0,1,0.3446747838814862,38
1649,1,2715,1330,1385,0,0,0,1.0,1,1.0,1,1.0,1,0.33446508186052093,35
1650,0,2715,1330,1385,0,0,0,1.0,1,1.0,1,1.0,1,0.3506218782405695,34
1651,0,2715,1330,1385,0,0,0,1.0,1,1.0,1,1.0,1,0.38028888999812493,32
1652,1,2716,1330,1386,0,0,0,1.0,1,1.0,1,1.0,1,0.37873658066257104,33
1653,0,2716,1330,1386,0,0,0,1.0,1,1.0,1,1.0,1,0.37873658066257104,33
1654,1,2717,1330,1387,0,0,0,1.0,1,1.0,1,1.0,1,0.370003621433212,34
1655,3,2720,1330,1390,0,0,0,1.0,1,1.0,1,1.0,1,0.3116978284160975,35
1656,1,2721,1330,1391,0,0,0,1.0,1,1.0,1,1.0,1,0.2897746777385554,35
1657,0,2721,1330,1391,0,0,0,1.0,1,1.0,1,1.0,1,0.295804723505321,36
1658,1,2722,1331,1391,0,0,0,1.0,1,1.0,1,1.0,1,0.2707388595426749,36
1659,0,2722,1331,1391,0,0,0,1.0,1,1.0,1,1.0,1,0.2707388595426749,36
1660,7,2729,1335,1394,0,0,0,1.0,1,1.0,1,1.0,1,0.25154179163989665,38
1661,3,2732,1335,1397,0,0,0,1.0,1,1.0,1,1.0,1,0.15034485809246634,38
1662,3,2735,1338,1397,0,0,0,1.0,1,1.0,1,1.0,1,0.17876038303737657,39
1663,1,2736,1339,1397,0,0,0,1.0,1,1.0,1,1.0,1,0.21547760716623376,40
1664,1,2737,1339,1398,0,0,0,1.0,1,1.0,1,1.0,1,0.20469748777199986,39
1665,2,2739,1340,1399,0,0,0,1.0,1,1.0,1,1.0,1,0.22697286379396758,40
1666,1,2740,1340,1400,0,0,0,1.0,1,1.0,1,1.0,1,0.2345232104633266,40
1667,3,2743,1342,1401,0,0,0,1.0,1,1.0,1,1.0,1,0.23159191368580187,40
1668,1,2744,1342,1402,0,0,0,1.0,1,1.0,1,1.0,1,0.22565781399286602,41
1669,0,2744,1342,1402,0,0,0,1.0,1,1.0,1,1.0,1,0.21616375848374195,40
1670,2,2746,1344,1402,0,0,0,1.0,1,1.0,1,1.0,1,0.1972352913764649,40
1671,1,2747,1344,1403,0,0,0,1.0,1,1.0,1,1.0,1,0.21026368046608326,41
1672,2,2749,1345,1404,0,0,0,1.0,1,1.0,1,1.0,1,0.2126209183116853,40
1673,2,2751,1347,1404,0,0,0,1.0,1,1.0,1,1.0,1,0.258184628799174,39
1674,3,2754,1347,1407,0,0,0,1.0,1,1.0,1,1.0,1,0.19206794793851975,40
1675,0,2754,1347,1407,0,0,0,1.0,1,1.0,1,1.0,1,0.18955557738854842,38
1676,0,2754,1347,1407,0,0,0,1.0,1,1.0,1,1.0,1,0.2023739968110501,39
1677,0,2754,1347,1407,0,0,0,1.0,1,1.0,1,1.0,1,0.20287388817235488,39
1678,0,2754,1347,1407,0,0,0,1.0,1,1.0,1,1.0,1,0.20287388817235488,39
1679,0,2754,1347,1407,0,0,0,1.0,1,1.0,1,1.0,1,0.20287388817235488,39
1680,2,2756,1348,1408,0,0,0,1.0,1,1.0,1,1.0,1,0.19824787540291397,41
1681,3,2759,1350,1409,0,0,0,1.0,1,1.0,1,1.0,1,0.21537185294072975,41
1682,4,2763,1351,1412,0,0,0,1.0,1,1.0,1,1.0,1,0.2094698850965595,43
1683,3,2766,1353,1413,0,0,0,1.0,1,1.0,1,1.0,1,0.1757642854477729,43
1684,1,2767,1354,1413,0,0,0,1.0,1,1.0,1,1.0,1,0.215826505872513,42
1685,2,2769,1355,1414,0,0,0,1.0,1,1.0,1,1.0,1,0.22365262974029185,41
1686,2,2771,1357,1414,0,0,0,1.0,1,1.0,1,1.0,1,0.264797621909439,41
1687,1,2772,1358,1414,0,0,0,1.0,1,1.0,1,1.0,1,0.2563604267893474,40
1688,3,2775,1360,1415,0,0,0,1.0,1,1.0,1,1.0,1,0.22461364633089115,39
1689,1,2776,1361,1415,0,0,0,1.0,1,1.0,1,1.0,1,0.30111175332343704,38
1690,0,2776,1361,1415,0,0,0,1.0,1,1.0,1,1.0,1,0.2948081417866759,38
1691,0,2776,1361,1415,0,0,0,1.0,1,1.0,1,1.0,1,0.34208968489669966,36
1692,1,2777,1362,1415,0,0,0,1.0,1,1.0,1,1.0,1,0.35075095271170653,36
1693,4,2781,1363,1418,0,0,0,1.0,1,1.0,1,1.0,1,0.27274502705719744,35
1694,1,2782,1363,1419,0,0,0,1.0,1,1.0,1,1.0,1,0.24315528361915223,33
1695,1,2783,1363,1420,0,0,0,1.0,1,1.0,1,1.0,1,0.25155135677045687,34
1696,0,2783,1363,1420,0,0,0,1.0,1,1.0,1,1.0,1,0.2667769094154826,35
1697,2,2785,1363,1422,0,0,0,1.0,1,1.0,1,1.0,1,0.23246014345620122,36
1698,4,2789,1365,1424,0,0,0,1.0,1,1.0,1,1.0,1,0.26358697136844567,38
1699,1,2790,1366,1424,0,0,0,1.0,1,1.0,1,1.0,1,0.2875959017348855,38
1700,3,2793,1366,1427,0,0,0,1.0,1,1.0,1,1.0,1,0.2268269323229195,39
1701,0,2793,1366,1427,0,0,0,1.0,1,1.0,1,1.0,1,0.22913228935365063,40
1702,3,2796,1369,1427,0,0,0,1.0,1,1.0,1,1.0,1,0.2986230024667543,41
1703,3,2799,1370,1429,0,0,0,1.0,1,1.0,1,1.0,1,0.3120619072423077,41
1704,2,2801,1372,1429,0,0,0,1.0,1,1.0,1,1.0,1,0.2865399052849338,41
1705,3,2804,1373,1431,0,0,0,1.0,1,1.0,1,1.0,1,0.20454264362450147,40
1706,0,2804,1373,1431,0,0,0,1.0,1,1.0,1,1.0,1,0.20454264362450147,40
1707,0,2804,1373,1431,0,0,0,1.0,1,1.0,1,1.0,1,0.22768427106894176,39
1708,1,2805,1374,1431,0,0,0,1.0,1,1.0,1,1.0,1,0.24977302720388622,39
1709,1,2806,1375,1431,0,0,0,1.0,1,1.0,1,1.0,1,0.274615937971369,38
1710,7,2813,1379,1434,0,0,0,1.0,1,1.0,1,1.0,1,0.2524720185265569,39
1711,0,2813,1379,1434,0,0,0,1.0,1,1.0,1,1.0,1,0.2705706607449792,38
1712,2,2815,1381,1434,0,0,0,1.0,1,1.0,1,1.0,1,0.2628919793444118,38
1713,2,2817,1381,1436,0,0,0,1.0,1,1.0,1,1.0,1,0.24552495934795926,37
1714,0,2817,1381,1436,0,0,0,1.0,1,1.0,1,1.0,1,0.2514716967481188,38
1715,2,2819,1381,1438,0,0,0,1.0,1,1.0,1,1.0,1,0.22466350492963424,40
1716,1,2820,1382,1438,0,0,0,1.0,1,1.0,1,1.0,1,0.2476653895541179,39
1717,0,2820,1382,1438,0,0,0,1.0,1,1.0,1,1.0,1,0.243837806880253,38
1718,0,2820,1382,1438,0,0,0,1.0,1,1.0,1,1.0,1,0.27193353039104623,38
1719,1,2821,1383,1438,0,0,0,1.0,1,1.0,1,1.0,1,0.28399006373160357,38
1720,2,2823,1383,1440,0,0,0,1.0,1,1.0,1,1.0,1,0.2657472018881119,41
1721,1,2824,1383,1441,0,0,0,1.0,1,1.0,1,1.0,1,0.21393150681892725,39
1722,1,2825,1384,1441,0,0,0,1.0,1,1.0,1,1.0,1,0.24025204443508097,40
1723,2,2827,1386,1441,0,0,0,1.0,1,1.0,1,1.0,1,0.23470661124248604,38
1724,0,2827,1386,1441,0,0,0,1.0,1,1.0,1,1.0,1,0.2568961519059305,37
1725,0,2827,1386,1441,0,0,0,1.0,1,1.0,1,1.0,1,0.28326029912298295,38
1726,1,2828,1386,1442,0,0,0,1.0,1,1.0,1,1.0,1,0.2603537269071316,37
1727,2,2830,1387,1443,0,0,0,1.0,1,1.0,1,1.0,1,0.23920685668261343,37
1728,0,2830,1387,1443,0,0,0,1.0,1,1.0,1,1.0,1,0.24699414857426938,35
1729,0,2830,1387,1443,0,0,0,1.0,1,1.0,1,1.0,1,0.24004113256498716,37
1730,2,2832,1388,1444,0,0,0,1.0,1,1.0,1,1.0,1,0.28399943242532016,37
1731,0,2832,1388,1444,0,0,0,1.0,1,1.0,1,1.0,1,0.28399943242532016,37
1732,1,2833,1388,1445,0,0,0,1.0,1,1.0,1,1.0,1,0.33232200176584986,37
1733,4,2837,1389,1448,0,0,0,1.0,1,1.0,1,1.0,1,0.27500176979829205,36
1734,1,2838,1389,1449,0,0,0,1.0,1,1.0,1,1.0,1,0.2671098643695834,35
1735,1,2839,1390,1449,0,0,0,1.0,1,1.0,1,1.0,1,0.26172424102785796,34
1736,0,2839,1390,1449,0,0,0,1.0,1,1.0,1,1.0,1,0.26983510325695004,35
1737,4,2843,1392,1451,0,0,0,1.0,1,1.0,1,1.0,1,0.2364946100263231,36
1738,1,2844,1393,1451,0,0,0,1.0,1,1.0,1,1.0,1,0.2995982728321113,37
1739,3,2847,1394,1453,0,0,0,1.0,1,1.0,1,1.0,1,0.2548120671142262,38
1740,1,2848,1394,1454,0,0,0,1.0,1,1.0,1,1.0,1,0.23290013421668715,37
1741,0,2848,1394,1454,0,0,0,1.0,1,1.0,1,1.0,1,0.24953898206171335,38
1742,3,2851,1396,1455,0,0,0,1.0,1,1.0,1,1.0,1,0.27785946328168437,39
1743,2,2853,1398,1455,0,0,0,1.0,1,1.0,1,1.0,1,0.29048303101895656,37
1744,3,2856,1401,1455,0,0,0,1.0,1,1.0,1,1.0,1,0.33891016419835834,38
1745,5,2861,1402,1459,0,0,0,1.0,1,1.0,1,1.0,1,0.2573929744383351,37
1746,2,2863,1403,1460,0,0,0,1.0,1,1.0,1,1.0,1,0.2522697482505677,38
1747,1,2864,1403,1461,0,0,0,1.0,1,1.0,1,1.0,1,0.24412194023339795,38
1748,0,2864,1403,1461,0,0,0,1.0,1,1.0,1,1.0,1,0.24412194023339795,38
1749,2,2866,1403,1463,0,0,0,1.0,1,1.0,1,1.0,1,0.2216053023476219,37
1750,1,2867,1403,1464,0,0,0,1.0,1,1.0,1,1.0,1,0.19521875626834198,39
1751,0,2867,1403,1464,0,0,0,1.0,1,1.0,1,1.0,1,0.1974059763217051,38
1752,1,2868,1404,1464,0,0,0,1.0,1,1.0,1,1.0,1,0.178991674123672,39
1753,1,2869,1404,1465,0,0,0,1.0,1,1.0,1,1.0,1,0.1623873357145705,40
1754,0,2869,1404,1465,0,0,0,1.0,1,1.0,1,1.0,1,0.18074816661524748,41
1755,0,2869,1404,1465,0,0,0,1.0,1,1.0,1,1.0,1,0.21136225293281533,41
1756,1,2870,1405,1465,0,0,0,1.0,1,1.0,1,1.0,1,0.2544744500309793,42
1757,2,2872,1405,1467,0,0,0,1.0,1,1.0,1,1.0,1,0.20754402873629257,42
1758,2,2874,1406,1468,0,0,0,1.0,1,1.0,1,1.0,1,0.21121958624042947,42
1759,2,2876,1407,1469,0,0,0,1.0,1,1.0,1,1.0,1,0.23908828238706484,39
1760,3,2879,1408,1471,0,0,0,1.0,1,1.0,1,1.0,1,0.30907681719856667,39
1761,5,2884,1409,1475,0,0,0,1.0,1,1.0,1,1.0,1,0.19151825242325224,38
1762,2,2886,1410,1476,0,0,0,1.0,1,1.0,1,1.0,1,0.19188529166618631,37
1763,1,2887,1411,1476,0,0,0,1.0,1,1.0,1,1.0,1,0.2208150292140226,37
1764,1,2888,1412,1476,0,0,0,1.0,1,1.0,1,1.0,1,0.24624153055686912,36
1765,7,2895,1415,1480,0,0,0,1.0,1,1.0,1,1.0,1,0.14588697420789237,37
1766,1,2896,1415,1481,0,0,0,1.0,1,1.0,1,1.0,1,0.11440397760418419,36
1767,0,2896,1415,1481,0,0,0,1.0,1,1.0,1,1.0,1,0.11440397760418419,36
1768,0,2896,1415,1481,0,0,0,1.0,1,1.0,1,1.0,1,0.11440397760418419,36
1769,0,2896,1415,1481,0,0,0,1.0,1,1.0,1,1.0,1,0.14810974742074134,38
1770,0,2896,1415,1481,0,0,0,1.0,1,1.0,1,1.0,1,0.14810974742074134,38
1771,0,2896,1415,1481,0,0,0,1.0,1,1.0,1,1.0,1,0.14810974742074134,38
1772,0,2896,1415,1481,0,0,0,1.0,1,1.0,1,1.0,1,0.15476930562929767,40
1773,1,2897,1416,1481,0,0,0,1.0,1,1.0,1,1.0,1,0.18125527123743887,40
1774,0,2897,1416,1481,0,0,0,1.0,1,1.0,1,1.0,1,0.18125527123743887,40
1775,1,2898,1416,1482,0,0,0,1.0,1,1.0,1,1.0,1,0.1819498438467105,41
1776,0,2898,1416,1482,0,0,0,1.0,1,1.0,1,1.0,1,0.1645156648586301,43
1777,1,2899,1417,1482,0,0,0,1.0,1,1.0,1,1.0,1,0.16913395465431605,44
1778,3,2902,1420,1482,0,0,0,1.0,1,1.0,1,1.0,1,0.1982451351056636,44
1779,1,2903,1420,1483,0,0,0,1.0,1,1.0,1,1.0,1,0.19185466016408023,44
1780,1,2904,1421,1483,0,0,0,1.0,1,1.0,1,1.0,1,0.1992936322788927,46
1781,0,2904,1421,1483,0,0,0,1.0,1,1.0,1,1.0,1,0.1992936322788927,46
1782,2,2906,1422,1484,0,0,0,1.0,1,1.0,1,1.0,1,0.21389757500121528,45
1783,3,2909,1424,1485,0,0,0,1.0,1,1.0,1,1.0,1,0.226660167098247,44
1784,2,2911,1426,1485,0,0,0,1.0,1,1.0,1,1.0,1,0.28045474973907575,44
1785,4,2915,1428,1487,0,0,0,1.0,1,1.0,1,1.0,1,0.2244768447643024,42
1786,5,2920,1431,1489,0,0,0,1.0,1,1.0,1,1.0,1,0.27655708075683466,42
1787,3,2923,1432,1491,0,0,0,1.0,1,1.0,1,1.0,1,0.2691676655517382,41
1788,3,2926,1433,1493,0,0,0,1.0,1,1.0,1,1.0,1,0.26412658787983245,41
1789,5,2931,1435,1496,0,0,0,1.0,1,1.0,1,1.0,1,0.24392649542999412,41
1790,3,2934,1437,1497,0,0,0,1.0,1,1.0,1,1.0,1,0.24055312580669122,41
1791,1,2935,1437,1498,0,0,0,1.0,1,1.0,1,1.0,1,0.239799243967668,41
1792,0,2935,1437,1498,0,0,0,1.0,1,1.0,1,1.0,1,0.2391443909103088,43
1793,3,2938,1438,1500,0,0,0,1.0,1,1.0,1,1.0,1,0.16064250912084818,43
1794,3,2941,1441,1500,0,0,0,1.0,1,1.0,1,1.0,1,0.19367886935241924,41
1795,2,2943,1443,1500,0,0,0,1.0,1,1.0,1,1.0,1,0.18103973399199094,41
1796,2,2945,1444,1501,0,0,0,1.0,1,1.0,1,1.0,1,0.20558146997438012,40
1797,2,2947,1445,1502,0,0,0,1.0,1,1.0,1,1.0,1,0.27858532142458164,38
1798,2,2949,1445,1504,0,0,0,1.0,1,1.0,1,1.0,1,0.22843488055387512,38
1799,1,2950,1446,1504,0,0,0,1.0,1,1.0,1,1.0,1,0.21883203130367954,37
1800,2,2952,1447,1505,0,0,0,1.0,1,1.0,1,1.0,1,0.24654825920750761,35
1801,0,2952,1447,1505,0,0,0,1.0,1,1.0,1,1.0,1,0.2325891428337744,34
1802,0,2952,1447,1505,0,0,0,1.0,1,1.0,1,1.0,1,0.21554226282342062,33
1803,0,2952,1447,1505,0,0,0,1.0,1,1.0,1,1.0,1,0.21554226282342062,33
1804,1,2953,1448,1505,0,0,0,1.0,1,1.0,1,1.0,1,0.22895485331121318,33
1805,1,2954,1448,1506,0,0,0,1.0,1,1.0,1,1.0,1,0.2171305272402645,35
1806,3,2957,1450,1507,0,0,0,1.0,1,1.0,1,1.0,1,0.2773068304890248,36
1807,2,2959,1450,1509,0,0,0,1.0,1,1.0,1,1.0,1,0.24471007195768438,35
1808,1,2960,1451,1509,0,0,0,1.0,1,1.0,1,1.0,1,0.22767360149374388,37
1809,3,2963,1451,1512,0,0,0,1.0,1,1.0,1,1.0,1,0.20814606097291194,35
1810,0,2963,1451,1512,0,0,0,1.0,1,1.0,1,1.0,1,0.2233324502149407,36
1811,0,2963,1451,1512,0,0,0,1.0,1,1.0,1,1.0,1,0.2313786790249929,34
1812,0,2963,1451,1512,0,0,0,1.0,1,1.0,1,1.0,1,0.2527282050880996,36
1813,0,2963,1451,1512,0,0,0,1.0,1,1.0,1,1.0,1,0.2671067153595317,35
1814,0,2963,1451,1512,0,0,0,1.0,1,1.0,1,1.0,1,0.2826242586335105,36
1815,1,2964,1451,1513,0,0,0,1.0,1,1.0,1,1.0,1,0.26871139684185713,35
1816,1,2965,1452,1513,0,0,0,1.0,1,1.0,1,1.0,1,0.2501531486565728,35
1817,0,2965,1452,1513,0,0,0,1.0,1,1.0,1,1.0,1,0.2501531486565728,35
1818,3,2968,1454,1514,0,0,0,1.0,1,1.0,1,1.0,1,0.22690004722157248,36
1819,3,2971,1456,1515,0,0,0,1.0,1,1.0,1,1.0,1,0.23354766305879412,37
1820,0,2971,1456,1515,0,0,0,1.0,1,1.0,1,1.0,1,0.23354766305879412,37
1821,1,2972,1457,1515,0,0,0,1.0,1,1.0,1,1.0,1,0.201228219730935,38
1822,6,2978,1461,1517,0,0,0,1.0,1,1.0,1,1.0,1,0.2506530222141869,37
1823,3,2981,1464,1517,0,0,0,1.0,1,1.0,1,1.0,1,0.29448977941380955,36
1824,3,2984,1467,1517,0,0,0,1.0,1,1.0,1,1.0,1,0.3433396439487946,36
1825,4,2988,1469,1519,0,0,0,1.0,1,1.0,1,1.0,1,0.2637015452283565,34
1826,1,2989,1469,1520,0,0,0,1.0,1,1.0,1,1.0,1,0.2237032157692984,35
1827,1,2990,1470,1520,0,0,0,1.0,1,1.0,1,1.0,1,0.23284106896679266,34
1828,1,2991,1471,1520,0,0,0,1.0,1,1.0,1,1.0,1,0.2517515624264401,33
1829,2,2993,1472,1521,0,0,0,1.0,1,1.0,1,1.0,1,0.19938309605040244,31
1830,0,2993,1472,1521,0,0,0,1.0,1,1.0,1,1.0,1,0.21700868866509374,31
1831,1,2994,1473,1521,0,0,0,1.0,1,1.0,1,1.0,1,0.21159326060474745,30
1832,1,2995,1474,1521,0,0,0,1.0,1,1.0,1,1.0,1,0.21193782392607396,29
1833,5,3000,1477,1523,0,0,0,1.0,1,1.0,1,1.0,1,0.32773385856748427,28
1834,3,3003,1479,1524,0,0,0,1.0,1,1.0,1,1.0,1,0.2777914035802763,27
1835,3,3006,1482,1524,0,0,0,1.0,1,1.0,1,1.0,1,0.3706077455955561,26
1836,3,3009,1483,1526,0,0,0,1.0,1,1.0,1,1.0,1,0.332378957592443,26
1837,4,3013,1483,1530,0,0,0,1.0,1,1.0,1,1.0,1,0.25608205381496857,25
1838,0,3013,1483,1530,0,0,0,1.0,1,1.0,1,1.0,1,0.23578946714790724,25
1839,0,3013,1483,1530,0,0,0,1.0,1,1.0,1,1.0,1,0.2891363221147204,24
1840,1,3014,1484,1530,0,0,0,1.0,1,1.0,1,1.0,1,0.40005960973325455,23
1841,2,3016,1484,1532,0,0,0,1.0,1,1.0,1,1.0,1,0.3136384499938786,22
1842,1,3017,1485,1532,0,0,0,1.0,1,1.0,1,1.0,1,0.35341290700056954,23
1843,1,3018,1486,1532,0,0,0,1.0,1,1.0,1,1.0,1,0.3464897183495339,23
1844,0,3018,1486,1532,0,0,0,1.0,1,1.0,1,1.0,1,0.3464897183495339,23
1845,2,3020,1488,1532,0,0,0,1.0,1,1.0,1,1.0,1,0.37243568803474825,23
1846,1,3021,1488,1533,0,0,0,1.0,1,1.0,1,1.0,1,0.33900341339897777,23
1847,0,3021,1488,1533,0,0,0,1.0,1,1.0,1,1.0,1,0.35790425506423745,24
1848,0,3021,1488,1533,0,0,0,1.0,1,1.0,1,1.0,1,0.35790425506423745,24
1849,0,3021,1488,1533,0,0,0,1.0,1,1.0,1,1.0,1,0.38054900102824496,25
1850,0,3021,1488,1533,0,0,0,1.0,1,1.0,1,1.0,1,0.38054900102824496,25
1851,0,3021,1488,1533,0,0,0,1.0,1,1.0,1,1.0,1,0.38054900102824496,25
1852,0,3021,1488,1533,0,0,0,1.0,1,1.0,1,1.0,1,0.38054900102824496,25
1853,0,3021,1488,1533,0,0,0,1.0,1,1.0,1,1.0,1,0.39902546624291885,25
1854,0,3021,1488,1533,0,0,0,1.0,1,1.0,1,1.0,1,0.39902546624291885,25
1855,0,3021,1488,1533,0,0,0,1.0,1,1.0,1,1.0,1,0.4089036257469483,26
1856,1,3022,1489,1533,0,0,0,1.0,1,1.0,1,1.0,1,0.3637831957281073,27
1857,0,3022,1489,1533,0,0,0,1.0,1,1.0,1,1.0,1,0.35104897455893835,28
1858,3,3025,1491,1534,0,0,0,1.0,1,1.0,1,1.0,1,0.3515005231654228,28
1859,3,3028,1493,1535,0,0,0,1.0,1,1.0,1,1.0,1,0.3699217847925509,28
1860,0,3028,1493,1535,0,0,0,1.0,1,1.0,1,1.0,1,0.3699217847925509,28
1861,1,3029,1493,1536,0,0,0,1.0,1,1.0,1,1.0,1,0.35440056647733276,28
1862,0,3029,1493,1536,0,0,0,1.0,1,1.0,1,1.0,1,0.35440056647733276,28
1863,2,3031,1494,1537,0,0,0,1.0,1,1.0,1,1.0,1,0.34877106811967984,29
1864,1,3032,1495,1537,0,0,0,1.0,1,1.0,1,1.0,1,0.364502726054834,27
1865,4,3036,1496,1540,0,0,0,1.0,1,1.0,1,1.0,1,0.3536257399302866,26
1866,1,3037,1497,1540,0,0,0,1.0,1,1.0,1,1.0,1,0.3944957812560069,26
1867,0,3037,1497,1540,0,0,0,1.0,1,1.0,1,1.0,1,0.3944957812560069,26
1868,0,3037,1497,1540,0,0,0,1.0,1,1.0,1,1.0,1,0.3944957812560069,26
1869,1,3038,1497,1541,0,0,0,1.0,1,1.0,1,1.0,1,0.3471989128487653,26
1870,1,3039,1497,1542,0,0,0,1.0,1,1.0,1,1.0,1,0.3469198298615195,27
1871,0,3039,1497,1542,0,0,0,1.0,1,1.0,1,1.0,1,0.3469198298615195,27
1872,0,3039,1497,1542,0,0,0,1.0,1,1.0,1,1.0,1,0.32527797063757125,25
1873,0,3039,1497,1542,0,0,0,1.0,1,1.0,1,1.0,1,0.32527797063757125,25
1874,2,3041,1497,1544,0,0,0,1.0,1,1.0,1,1.0,1,0.2844099679248166,25
1875,0,3041,1497,1544,0,0,0,1.0,1,1.0,1,1.0,1,0.2844099679248166,25
1876,0,3041,1497,1544,0,0,0,1.0,1,1.0,1,1.0,1,0.28156933204439505,26
1877,0,3041,1497,1544,0,0,0,1.0,1,1.0,1,1.0,1,0.265106105355805,27
1878,2,3043,1499,1544,0,0,0,1.0,1,1.0,1,1.0,1,0.2946971035979542,28
1879,1,3044,1499,1545,0,0,0,1.0,1,1.0,1,1.0,1,0.249636208312679,29
1880,0,3044,1499,1545,0,0,0,1.0,1,1.0,1,1.0,1,0.249636208312679,29
1881,0,3044,1499,1545,0,0,0,1.0,1,1.0,1,1.0,1,0.249636208312679,29
1882,0,3044,1499,1545,0,0,0,1.0,1,1.0,1,1.0,1,0.23278178627007662,28
1883,0,3044,1499,1545,0,0,0,1.0,1,1.0,1,1.0,1,0.23278178627007662,28
1884,1,3045,1500,1545,0,0,0,1.0,1,1.0,1,1.0,1,0.2495932484754333,28
1885,0,3045,1500,1545,0,0,0,1.0,1,1.0,1,1.0,1,0.2495932484754333,28
1886,0,3045,1500,1545,0,0,0,1.0,1,1.0,1,1.0,1,0.24419244877504168,29
1887,0,3045,1500,1545,0,0,0,1.0,1,1.0,1,1.0,1,0.24419244877504168,29
1888,1,3046,1500,1546,0,0,0,1.0,1,1.0,1,1.0,1,0.26499075198020194,31
1889,0,3046,1500,1546,0,0,0,1.0,1,1.0,1,1.0,1,0.26499075198020194,31
1890,1,3047,1501,1546,0,0,0,1.0,1,1.0,1,1.0,1,0.2858181117321814,31
1891,0,3047,1501,1546,0,0,0,1.0,1,1.0,1,1.0,1,0.30279643964671016,32
1892,0,3047,1501,1546,0,0,0,1.0,1,1.0,1,1.0,1,0.30279643964671016,32
1893,0,3047,1501,1546,0,0,0,1.0,1,1.0,1,1.0,1,0.30279643964671016,32
1894,0,3047,1501,1546,0,0,0,1.0,1,1.0,1,1.0,1,0.2877101214262135,33
1895,3,3050,1502,1548,0,0,0,1.0,1,1.0,1,1.0,1,0.2571878129325313,35
1896,0,3050,1502,1548,0,0,0,1.0,1,1.0,1,1.0,1,0.2840295974889091,34
1897,0,3050,1502,1548,0,0,0,1.0,1,1.0,1,1.0,1,0.2840295974889091,34
1898,0,3050,1502,1548,0,0,0,1.0,1,1.0,1,1.0,1,0.2840295974889091,34
1899,0,3050,1502,1548,0,0,0,1.0,1,1.0,1,1.0,1,0.2840295974889091,34
1900,3,3053,1502,1551,0,0,0,1.0,1,1.0,1,1.0,1,0.2012980956229387,35
1901,0,3053,1502,1551,0,0,0,1.0,1,1.0,1,1.0,1,0.2012980956229387,35
1902,0,3053,1502,1551,0,0,0,1.0,1,1.0,1,1.0,1,0.2012980956229387,35
1903,0,3053,1502,1551,0,0,0,1.0,1,1.0,1,1.0,1,0.2012980956229387,35
1904,0,3053,1502,1551,0,0,0,1.0,1,1.0,1,1.0,1,0.2012980956229387,35
1905,0,3053,1502,1551,0,0,0,1.0,1,1.0,1,1.0,1,0.19050384277875032,37
1906,0,3053,1502,1551,0,0,0,1.0,1,1.0,1,1.0,1,0.19050384277875032,37
1907,1,3054,1502,1552,0,0,0,1.0,1,1.0,1,1.0,1,0.1729542703858144,39
1908,0,3054,1502,1552,0,0,0,1.0,1,1.0,1,1.0,1,0.1729542703858144,39
1909,0,3054,1502,1552,0,0,0,1.0,1,1.0,1,1.0,1,0.18988328493080348,41
1910,0,3054,1502,1552,0,0,0,1.0,1,1.0,1,1.0,1,0.18988328493080348,41
1911,0,3054,1502,1552,0,0,0,1.0,1,1.0,1,1.0,1,0.22491270180122244,40
1912,3,3057,1505,1552,0,0,0,1.0,1,1.0,1,1.0,1,0.25969065801239355,39
1913,4,3061,1507,1554,0,0,0,1.0,1,1.0,1,1.0,1,0.25271041639205916,40
1914,1,3062,1508,1554,0,0,0,1.0,1,1.0,1,1.0,1,0.26042552633258303,41
1915,2,3064,1510,1554,0,0,0,1.0,1,1.0,1,1.0,1,0.30150066299016154,42
1916,3,3067,1511,1556,0,0,0,1.0,1,1.0,1,1.0,1,0.29903441812851717,42
1917,4,3071,1512,1559,0,0,0,1.0,1,1.0,1,1.0,1,0.2252521753934538,41
1918,2,3073,1514,1559,0,0,0,1.0,1,1.0,1,1.0,1,0.24084874775174878,38
1919,1,3074,1515,1559,0,0,0,1.0,1,1.0,1,1.0,1,0.2925161865072952,38
1920,1,3075,1515,1560,0,0,0,1.0,1,1.0,1,1.0,1,0.2947066668543989,38
1921,1,3076,1515,1561,0,0,0,1.0,1,1.0,1,1.0,1,0.24323673778246288,39
1922,0,3076,1515,1561,0,0,0,1.0,1,1.0,1,1.0,1,0.2343611698767209,40
1923,1,3077,1516,1561,0,0,0,1.0,1,1.0,1,1.0,1,0.22254124213989218,41
1924,3,3080,1519,1561,0,0,0,1.0,1,1.0,1,1.0,1,0.3022478408055552,41
1925,3,3083,1519,1564,0,0,0,1.0,1,1.0,1,1.0,1,0.20568371606877556,41
1926,0,3083,1519,1564,0,0,0,1.0,1,1.0,1,1.0,1,0.20568371606877556,41
1927,1,3084,1519,1565,0,0,0,1.0,1,1.0,1,1.0,1,0.17915188241804242,41
1928,2,3086,1521,1565,0,0,0,1.0,1,1.0,1,1.0,1,0.18507392565673575,42
1929,0,3086,1521,1565,0,0,0,1.0,1,1.0,1,1.0,1,0.19102226395196065,41
1930,0,3086,1521,1565,0,0,0,1.0,1,1.0,1,1.0,1,0.19102226395196065,41
1931,0,3086,1521,1565,0,0,0,1.0,1,1.0,1,1.0,1,0.19102226395196065,41
1932,0,3086,1521,1565,0,0,0,1.0,1,1.0,1,1.0,1,0.19102226395196065,41
1933,2,3088,1522,1566,0,0,0,1.0,1,1.0,1,1.0,1,0.23640234204237706,43
1934,0,3088,1522,1566,0,0,0,1.0,1,1.0,1,1.0,1,0.2489163719982774,44
1935,0,3088,1522,1566,0,0,0,1.0,1,1.0,1,1.0,1,0.23161153252995761,45
1936,3,3091,1522,1569,0,0,0,1.0,1,1.0,1,1.0,1,0.1845038412867128,48
1937,2,3093,1524,1569,0,0,0,1.0,1,1.0,1,1.0,1,0.2159729754878787,48
1938,2,3095,1525,1570,0,0,0,1.0,1,1.0,1,1.0,1,0.20081318484018434,48
1939,0,3095,1525,1570,0,0,0,1.0,1,1.0,1,1.0,1,0.20081318484018434,48
1940,0,3095,1525,1570,0,0,0,1.0,1,1.0,1,1.0,1,0.20081318484018434,48
1941,1,3096,1525,1571,0,0,0,1.0,1,1.0,1,1.0,1,0.18712207292262326,48
1942,2,3098,1526,1572,0,0,0,1.0,1,1.0,1,1.0,1,0.240761716780573,49
1943,0,3098,1526,1572,0,0,0,1.0,1,1.0,1,1.0,1,0.23125168628083845,48
1944,4,3102,1529,1573,0,0,0,1.0,1,1.0,1,1.0,1,0.27575817019856286,47
1945,4,3106,1530,1576,0,0,0,1.0,1,1.0,1,1.0,1,0.24440829981283219,46
1946,2,3108,1531,1577,0,0,0,1.0,1,1.0,1,1.0,1,0.27140779737932774,46
1947,4,3112,1534,1578,0,0,0,1.0,1,1.0,1,1.0,1,0.36999425768026034,45
1948,3,3115,1535,1580,0,0,0,1.0,1,1.0,1,1.0,1,0.30672589767113023,46
1949,3,3118,1536,1582,0,0,0,1.0,1,1.0,1,1.0,1,0.29666683332661037,42
1950,1,3119,1536,1583,0,0,0,1.0,1,1.0,1,1.0,1,0.2658337735813075,40
1951,1,3120,1537,1583,0,0,0,1.0,1,1.0,1,1.0,1,0.32064588173041664,39
1952,1,3121,1538,1583,0,0,0,1.0,1,1.0,1,1.0,1,0.3614946340897921,35
1953,6,3127,1541,1586,0,0,0,1.0,1,1.0,1,1.0,1,0.29952985401449594,36
1954,1,3128,1542,1586,0,0,0,1.0,1,1.0,1,1.0,1,0.3182307933427805,34
1955,0,3128,1542,1586,0,0,0,1.0,1,1.0,1,1.0,1,0.32914450430367403,35
1956,4,3132,1544,1588,0,0,0,1.0,1,1.0,1,1.0,1,0.30388330038674255,37
1957,1,3133,1544,1589,0,0,0,1.0,1,1.0,1,1.0,1,0.29066101380559467,37
1958,3,3136,1544,1592,0,0,0,1.0,1,1.0,1,1.0,1,0.24452565264956183,39
1959,2,3138,1544,1594,0,0,0,1.0,1,1.0,1,1.0,1,0.23175395451057942,41
1960,1,3139,1545,1594,0,0,0,1.0,1,1.0,1,1.0,1,0.23770992882303713,40
1961,2,3141,1546,1595,0,0,0,1.0,1,1.0,1,1.0,1,0.23254589378832433,41
1962,1,3142,1547,1595,0,0,0,1.0,1,1.0,1,1.0,1,0.28099000474376445,40
1963,1,3143,1547,1596,0,0,0,1.0,1,1.0,1,1.0,1,0.27691162593965196,41
1964,1,3144,1548,1596,0,0,0,1.0,1,1.0,1,1.0,1,0.28713158699331537,40
1965,1,3145,1548,1597,0,0,0,1.0,1,1.0,1,1.0,1,0.2555360216425146,41
1966,1,3146,1548,1598,0,0,0,1.0,1,1.0,1,1.0,1,0.23519301392631403,41
1967,2,3148,1550,1598,0,0,0,1.0,1,1.0,1,1.0,1,0.2556654272909942,42
1968,0,3148,1550,1598,0,0,0,1.0,1,1.0,1,1.0,1,0.26904706121102434,42
1969,1,3149,1551,1598,0,0,0,1.0,1,1.0,1,1.0,1,0.26466299005854227,43
1970,0,3149,1551,1598,0,0,0,1.0,1,1.0,1,1.0,1,0.28736492675308956,42
1971,0,3149,1551,1598,0,0,0,1.0,1,1.0,1,1.0,1,0.28736492675308956,42
1972,0,3149,1551,1598,0,0,0,1.0,1,1.0,1,1.0,1,0.28736492675308956,42
1973,1,3150,1551,1599,0,0,0,1.0,1,1.0,1,1.0,1,0.2803074376679863,43
1974,0,3150,1551,1599,0,0,0,1.0,1,1.0,1,1.0,1,0.28403120534420023,43
1975,0,3150,1551,1599,0,0,0,1.0,1,1.0,1,1.0,1,0.28403120534420023,43
1976,2,3152,1553,1599,0,0,0,1.0,1,1.0,1,1.0,1,0.278657649850899,43
1977,6,3158,1553,1605,0,0,0,1.0,1,1.0,1,1.0,1,0.2451463694758237,48
1978,3,3161,1555,1606,0,0,0,1.0,1,1.0,1,1.0,1,0.25741150621151726,48
1979,2,3163,1555,1608,0,0,0,1.0,1,1.0,1,1.0,1,0.23655956330474814,49
1980,0,3163,1555,1608,0,0,0,1.0,1,1.0,1,1.0,1,0.24290932955568187,50
1981,1,3164,1556,1608,0,0,0,1.0,1,1.0,1,1.0,1,0.23351788443774565,50
1982,3,3167,1558,1609,0,0,0,1.0,1,1.0,1,1.0,1,0.20706013644824028,50
1983,2,3169,1559,1610,0,0,0,1.0,1,1.0,1,1.0,1,0.20490570406291522,49
1984,2,3171,1561,1610,0,0,0,1.0,1,1.0,1,1.0,1,0.20744040342360762,48
1985,0,3171,1561,1610,0,0,0,1.0,1,1.0,1,1.0,1,0.21690624256350263,46
1986,1,3172,1562,1610,0,0,0,1.0,1,1.0,1,1.0,1,0.21192149363806215,46
1987,2,3174,1564,1610,0,0,0,1.0,1,1.0,1,1.0,1,0.23295417685037806,42
1988,1,3175,1564,1611,0,0,0,1.0,1,1.0,1,1.0,1,0.2009866919147078,40
1989,5,3180,1568,1612,0,0,0,1.0,1,1.0,1,1.0,1,0.20273034541907234,38
1990,0,3180,1568,1612,0,0,0,1.0,1,1.0,1,1.0,1,0.19478912196337728,38
1991,1,3181,1569,1612,0,0,0,1.0,1,1.0,1,1.0,1,0.22617454754847433,38
1992,2,3183,1570,1613,0,0,0,1.0,1,1.0,1,1.0,1,0.26619432498700607,39
1993,3,3186,1571,1615,0,0,0,1.0,1,1.0,1,1.0,1,0.26995887747448266,38
1994,0,3186,1571,1615,0,0,0,1.0,1,1.0,1,1.0,1,0.25601935526034697,37
1995,2,3188,1572,1616,0,0,0,1.0,1,1.0,1,1.0,1,0.2976286924578274,37
1996,2,3190,1573,1617,0,0,0,1.0,1,1.0,1,1.0,1,0.2503537261199308,37
1997,1,3191,1574,1617,0,0,0,1.0,1,1.0,1,1.0,1,0.29426082101472234,35
1998,0,3191,1574,1617,0,0,0,1.0,1,1.0,1,1.0,1,0.31423793560198626,34
1999,2,3193,1576,1617,0,0,0,1.0,1,1.0,1,1.0,1,0.32182706845034936,35
2000,0,3193,1576,1617,0,0,0,1.0,1,1.0,1,1.0,1,0.3554217864831045,34
2001,4,3197,1577,1620,0,0,0,1.0,1,1.0,1,1.0,1,0.3226241380275568,35
2002,4,3201,1577,1624,0,0,0,1.0,1,1.0,1,1.0,1,0.25806636060224597,36
2003,0,3201,1577,1624,0,0,0,1.0,1,1.0,1,1.0,1,0.2715718420344489,37
2004,3,3204,1579,1625,0,0,0,1.0,1,1.0,1,1.0,1,0.27245207816005196,38
2005,5,3209,1580,1629,0,0,0,1.0,1,1.0,1,1.0,1,0.19005445717651595,38
2006,0,3209,1580,1629,0,0,0,1.0,1,1.0,1,1.0,1,0.19005445717651595,38
2007,2,3211,1581,1630,0,0,0,1.0,1,1.0,1,1.0,1,0.16183047543541373,40
2008,1,3212,1582,1630,0,0,0,1.0,1,1.0,1,1.0,1,0.16152820431252254,40
2009,2,3214,1584,1630,0,0,0,1.0,1,1.0,1,1.0,1,0.17322640661190156,41
2010,0,3214,1584,1630,0,0,0,1.0,1,1.0,1,1.0,1,0.17322640661190156,41
2011,0,3214,1584,1630,0,0,0,1.0,1,1.0,1,1.0,1,0.17322640661190156,41
2012,0,3214,1584,1630,0,0,0,1.0,1,1.0,1,1.0,1,0.17322640661190156,41
2013,1,3215,1584,1631,0,0,0,1.0,1,1.0,1,1.0,1,0.1864763511801653,43
2014,1,3216,1584,1632,0,0,0,1.0,1,1.0,1,1.0,1,0.19869255612479125,43
2015,0,3216,1584,1632,0,0,0,1.0,1,1.0,1,1.0,1,0.19869255612479125,43
2016,1,3217,1585,1632,0,0,0,1.0,1,1.0,1,1.0,1,0.21737953760495463,44
2017,0,3217,1585,1632,0,0,0,1.0,1,1.0,1,1.0,1,0.21749841040038445,45
2018,1,3218,1585,1633,0,0,0,1.0,1,1.0,1,1.0,1,0.21111111410832115,46
2019,0,3218,1585,1633,0,0,0,1.0,1,1.0,1,1.0,1,0.19855120130603712,47
2020,4,3222,1588,1634,0,0,0,1.0,1,1.0,1,1.0,1,0.20680591679886567,47
2021,2,3224,1590,1634,0,0,0,1.0,1,1.0,1,1.0,1,0.2206490326144169,47
2022,0,3224,1590,1634,0,0,0,1.0,1,1.0,1,1.0,1,0.2312621558884383,48
2023,4,3228,1593,1635,0,0,0,1.0,1,1.0,1,1.0,1,0.2871911493093643,48
2024,4,3232,1596,1636,0,0,0,1.0,1,1.0,1,1.0,1,0.2507914456971865,45
2025,7,3239,1599,1640,0,0,0,1.0,1,1.0,1,1.0,1,0.2495861320643518,42
2026,2,3241,1599,1642,0,0,0,1.0,1,1.0,1,1.0,1,0.22676060845206258,44
2027,1,3242,1600,1642,0,0,0,1.0,1,1.0,1,1.0,1,0.24883430562029782,40
2028,1,3243,1601,1642,0,0,0,1.0,1,1.0,1,1.0,1,0.3245529452797568,39
2029,3,3246,1601,1645,0,0,0,1.0,1,1.0,1,1.0,1,0.30239250374822296,37
2030,2,3248,1602,1646,0,0,0,1.0,1,1.0,1,1.0,1,0.25362925289389854,34
2031,2,3250,1604,1646,0,0,0,1.0,1,1.0,1,1.0,1,0.26493517930007493,35
2032,2,3252,1605,1647,0,0,0,1.0,1,1.0,1,1.0,1,0.2526123624930018,34
2033,5,3257,1608,1649,0,0,0,1.0,1,1.0,1,1.0,1,0.23814283821353377,36
2034,1,3258,1609,1649,0,0,0,1.0,1,1.0,1,1.0,1,0.27898040828218523,34
2035,2,3260,1610,1650,0,0,0,1.0,1,1.0,1,1.0,1,0.2858713032010494,35
2036,3,3263,1611,1652,0,0,0,1.0,1,1.0,1,1.0,1,0.2441912422414149,34
2037,2,3265,1611,1654,0,0,0,1.0,1,1.0,1,1.0,1,0.20840439561112853,35
2038,0,3265,1611,1654,0,0,0,1.0,1,1.0,1,1.0,1,0.21531784592529474,36
2039,1,3266,1612,1654,0,0,0,1.0,1,1.0,1,1.0,1,0.22147000342883563,38
2040,0,3266,1612,1654,0,0,0,1.0,1,1.0,1,1.0,1,0.22147000342883563,38
2041,0,3266,1612,1654,0,0,0,1.0,1,1.0,1,1.0,1,0.22397551266688398,39
2042,0,3266,1612,1654,0,0,0,1.0,1,1.0,1,1.0,1,0.22397551266688398,39
2043,0,3266,1612,1654,0,0,0,1.0,1,1.0,1,1.0,1,0.22397551266688398,39
2044,0,3266,1612,1654,0,0,0,1.0,1,1.0,1,1.0,1,0.22397551266688398,39
2045,0,3266,1612,1654,0,0,0,1.0,1,1.0,1,1.0,1,0.22716816887831276,41
2046,0,3266,1612,1654,0,0,0,1.0,1,1.0,1,1.0,1,0.24710485435911014,42
2047,0,3266,1612,1654,0,0,0,1.0,1,1.0,1,1.0,1,0.24710485435911014,42
2048,4,3270,1613,1657,0,0,0,1.0,1,1.0,1,1.0,1,0.22090300087793768,43
2049,3,3273,1614,1659,0,0,0,1.0,1,1.0,1,1.0,1,0.2375298498649479,44
2050,3,3276,1614,1662,0,0,0,1.0,1,1.0,1,1.0,1,0.17868911935006482,44
2051,0,3276,1614,1662,0,0,0,1.0,1,1.0,1,1.0,1,0.22947599261975576,45
2052,1,3277,1614,1663,0,0,0,1.0,1,1.0,1,1.0,1,0.19849702373840294,45
2053,1,3278,1614,1664,0,0,0,1.0,1,1.0,1,1.0,1,0.17338573498213197,45
2054,2,3280,1615,1665,0,0,0,1.0,1,1.0,1,1.0,1,0.18084632488620597,46
2055,0,3280,1615,1665,0,0,0,1.0,1,1.0,1,1.0,1,0.18084632488620597,46
2056,3,3283,1616,1667,0,0,0,1.0,1,1.0,1,1.0,1,0.18927245826724326,46
2057,5,3288,1620,1668,0,0,0,1.0,1,1.0,1,1.0,1,0.14254136918874558,47
2058,4,3292,1622,1670,0,0,0,1.0,1,1.0,1,1.0,1,0.17320039493909936,47
2059,2,3294,1624,1670,0,0,0,1.0,1,1.0,1,1.0,1,0.19080269744320041,48
2060,1,3295,1625,1670,0,0,0,1.0,1,1.0,1,1.0,1,0.216453457654755,50
2061,3,3298,1625,1673,0,0,0,1.0,1,1.0,1,1.0,1,0.16463686808676858,51
2062,2,3300,1627,1673,0,0,0,1.0,1,1.0,1,1.0,1,0.1758306991673369,49
2063,2,3302,1628,1674,0,0,0,1.0,1,1.0,1,1.0,1,0.15361291193008314,48
2064,3,3305,1630,1675,0,0,0,1.0,1,1.0,1,1.0,1,0.19321097320112207,45
2065,2,3307,1631,1676,0,0,0,1.0,1,1.0,1,1.0,1,0.1877855115986542,44
2066,1,3308,1632,1676,0,0,0,1.0,1,1.0,1,1.0,1,0.19762083912106235,42
2067,2,3310,1633,1677,0,0,0,1.0,1,1.0,1,1.0,1,0.20334420963937738,41
2068,0,3310,1633,1677,0,0,0,1.0,1,1.0,1,1.0,1,0.19464074148246926,40
2069,4,3314,1634,1680,0,0,0,1.0,1,1.0,1,1.0,1,0.16518228114939756,40
2070,0,3314,1634,1680,0,0,0,1.0,1,1.0,1,1.0,1,0.16755282362828536,40
2071,1,3315,1635,1680,0,0,0,1.0,1,1.0,1,1.0,1,0.17894364954343805,40
2072,0,3315,1635,1680,0,0,0,1.0,1,1.0,1,1.0,1,0.20879047877855678,41
2073,3,3318,1637,1681,0,0,0,1.0,1,1.0,1,1.0,1,0.22663673341464657,41
2074,1,3319,1637,1682,0,0,0,1.0,1,1.0,1,1.0,1,0.2017874486493965,41
2075,1,3320,1638,1682,0,0,0,1.0,1,1.0,1,1.0,1,0.1953409313871067,41
2076,2,3322,1640,1682,0,0,0,1.0,1,1.0,1,1.0,1,0.22412438980569394,41
2077,1,3323,1640,1683,0,0,0,1.0,1,1.0,1,1.0,1,0.19181669074268928,40
2078,1,3324,1641,1683,0,0,0,1.0,1,1.0,1,1.0,1,0.21400337978421988,40
2079,1,3325,1641,1684,0,0,0,1.0,1,1.0,1,1.0,1,0.1614337010595306,39
2080,0,3325,1641,1684,0,0,0,1.0,1,1.0,1,1.0,1,0.1876229590982958,38
2081,2,3327,1642,1685,0,0,0,1.0,1,1.0,1,1.0,1,0.18409915807158933,40
2082,1,3328,1643,1685,0,0,0,1.0,1,1.0,1,1.0,1,0.2516314567226246,41
2083,2,3330,1645,1685,0,0,0,1.0,1,1.0,1,1.0,1,0.23176490359763793,40
2084,6,3336,1648,1688,0,0,0,1.0,1,1.0,1,1.0,1,0.2360669188769594,42
2085,2,3338,1648,1690,0,0,0,1.0,1,1.0,1,1.0,1,0.1876591161132557,42
2086,1,3339,1649,1690,0,0,0,1.0,1,1.0,1,1.0,1,0.16745974112281123,43
2087,1,3340,1650,1690,0,0,0,1.0,1,1.0,1,1.0,1,0.19525798056779073,45
2088,3,3343,1652,1691,0,0,0,1.0,1,1.0,1,1.0,1,0.19106116765618084,46
2089,0,3343,1652,1691,0,0,0,1.0,1,1.0,1,1.0,1,0.1913003501795513,47
2090,2,3345,1652,1693,0,0,0,1.0,1,1.0,1,1.0,1,0.19509820982908668,49
2091,1,3346,1652,1694,0,0,0,1.0,1,1.0,1,1.0,1,0.18120867948724123,49
2092,1,3347,1653,1694,0,0,0,1.0,1,1.0,1,1.0,1,0.15729852065899882,49
2093,1,3348,1654,1694,0,0,0,1.0,1,1.0,1,1.0,1,0.1890546754413501,49
2094,0,3348,1654,1694,0,0,0,1.0,1,1.0,1,1.0,1,0.1890546754413501,49
2095,1,3349,1655,1694,0,0,0,1.0,1,1.0,1,1.0,1,0.16996362057109032,49
2096,0,3349,1655,1694,0,0,0,1.0,1,1.0,1,1.0,1,0.18021921462351634,51
2097,2,3351,1656,1695,0,0,0,1.0,1,1.0,1,1.0,1,0.13969822733026274,51
2098,1,3352,1657,1695,0,0,0,1.0,1,1.0,1,1.0,1,0.16212103581111967,52
2099,0,3352,1657,1695,0,0,0,1.0,1,1.0,1,1.0,1,0.18943233312686367,51
2100,1,3353,1658,1695,0,0,0,1.0,1,1.0,1,1.0,1,0.2128323600266769,51
2101,3,3356,1658,1698,0,0,0,1.0,1,1.0,1,1.0,1,0.18945986962481637,48
2102,3,3359,1660,1699,0,0,0,1.0,1,1.0,1,1.0,1,0.23388863559909762,49
2103,4,3363,1662,1701,0,0,0,1.0,1,1.0,1,1.0,1,0.26590265048949274,48
2104,1,3364,1663,1701,0,0,0,1.0,1,1.0,1,1.0,1,0.2936461500531601,43
2105,4,3368,1665,1703,0,0,0,1.0,1,1.0,1,1.0,1,0.3201263915035249,42
2106,3,3371,1666,1705,0,0,0,1.0,1,1.0,1,1.0,1,0.31502365685590467,40
2107,0,3371,1666,1705,0,0,0,1.0,1,1.0,1,1.0,1,0.32122777839697936,39
2108,4,3375,1669,1706,0,0,0,1.0,1,1.0,1,1.0,1,0.3134185355102226,38
2109,2,3377,1669,1708,0,0,0,1.0,1,1.0,1,1.0,1,0.2578229250917608,37
2110,2,3379,1669,1710,0,0,0,1.0,1,1.0,1,1.0,1,0.22894661188994014,38
2111,1,3380,1670,1710,0,0,0,1.0,1,1.0,1,1.0,1,0.23727117405371775,37
2112,0,3380,1670,1710,0,0,0,1.0,1,1.0,1,1.0,1,0.21288553634910815,36
2113,3,3383,1671,1712,0,0,0,1.0,1,1.0,1,1.0,1,0.22030633068418334,36
2114,1,3384,1672,1712,0,0,0,1.0,1,1.0,1,1.0,1,0.2558364033072827,36
2115,0,3384,1672,1712,0,0,0,1.0,1,1.0,1,1.0,1,0.24225844060516422,35
2116,1,3385,1673,1712,0,0,0,1.0,1,1.0,1,1.0,1,0.3201843513388259,37
2117,0,3385,1673,1712,0,0,0,1.0,1,1.0,1,1.0,1,0.29722092607528827,38
2118,1,3386,1673,1713,0,0,0,1.0,1,1.0,1,1.0,1,0.29622296455283875,40
2119,1,3387,1674,1713,0,0,0,1.0,1,1.0,1,1.0,1,0.29087395737119376,40
2120,2,3389,1675,1714,0,0,0,1.0,1,1.0,1,1.0,1,0.32403999635070785,41
2121,1,3390,1675,1715,0,0,0,1.0,1,1.0,1,1.0,1,0.31253673021534706,41
2122,0,3390,1675,1715,0,0,0,1.0,1,1.0,1,1.0,1,0.3204847520038301,42
2123,0,3390,1675,1715,0,0,0,1.0,1,1.0,1,1.0,1,0.31607380335257707,43
2124,0,3390,1675,1715,0,0,0,1.0,1,1.0,1,1.0,1,0.35242351195938626,41
2125,0,3390,1675,1715,0,0,0,1.0,1,1.0,1,1.0,1,0.35242351195938626,41
2126,0,3390,1675,1715,0,0,0,1.0,1,1.0,1,1.0,1,0.37868992503573945,40
2127,0,3390,1675,1715,0,0,0,1.0,1,1.0,1,1.0,1,0.37868992503573945,40
2128,0,3390,1675,1715,0,0,0,1.0,1,1.0,1,1.0,1,0.39368714670634153,41
2129,1,3391,1675,1716,0,0,0,1.0,1,1.0,1,1.0,1,0.37543656523182944,42
2130,4,3395,1675,1720,0,0,0,1.0,1,1.0,1,1.0,1,0.30471039359668517,45
2131,1,3396,1675,1721,0,0,0,1.0,1,1.0,1,1.0,1,0.29190389403346706,45
2132,1,3397,1675,1722,0,0,0,1.0,1,1.0,1,1.0,1,0.2818898327048051,46
2133,6,3403,1677,1726,0,0,0,1.0,1,1.0,1,1.0,1,0.2890811510011042,46
2134,1,3404,1677,1727,0,0,0,1.0,1,1.0,1,1.0,1,0.2786405378147852,47
2135,2,3406,1677,1729,0,0,0,1.0,1,1.0,1,1.0,1,0.24190479415389646,47
2136,1,3407,1677,1730,0,0,0,1.0,1,1.0,1,1.0,1,0.21826423932752673,47
2137,3,3410,1679,1731,0,0,0,1.0,1,1.0,1,1.0,1,0.20130121966062445,49
2138,3,3413,1680,1733,0,0,0,1.0,1,1.0,1,1.0,1,0.16309119321905896,49
2139,1,3414,1681,1733,0,0,0,1.0,1,1.0,1,1.0,1,0.1807601527178129,47
2140,1,3415,1681,1734,0,0,0,1.0,1,1.0,1,1.0,1,0.16801463454695179,48
2141,3,3418,1682,1736,0,0,0,1.0,1,1.0,1,1.0,1,0.13357754859447157,47
2142,2,3420,1684,1736,0,0,0,1.0,1,1.0,1,1.0,1,0.18875198132132207,47
2143,2,3422,1685,1737,0,0,0,1.0,1,1.0,1,1.0,1,0.14583597774875273,48
2144,5,3427,1688,1739,0,0,0,1.0,1,1.0,1,1.0,1,0.18755953652153207,48
2145,3,3430,1690,1740,0,0,0,1.0,1,1.0,1,1.0,1,0.14425889866502387,46
2146,0,3430,1690,1740,0,0,0,1.0,1,1.0,1,1.0,1,0.1548703607143797,47
2147,4,3434,1694,1740,0,0,0,1.0,1,1.0,1,1.0,1,0.15722057067404047,48
2148,0,3434,1694,1740,0,0,0,1.0,1,1.0,1,1.0,1,0.14229225299143441,46
2149,1,3435,1695,1740,0,0,0,1.0,1,1.0,1,1.0,1,0.15931551575993513,46
2150,2,3437,1696,1741,0,0,0,1.0,1,1.0,1,1.0,1,0.15686004456516614,46
2151,1,3438,1697,1741,0,0,0,1.0,1,1.0,1,1.0,1,0.1846638666587952,44
2152,2,3440,1699,1741,0,0,0,1.0,1,1.0,1,1.0,1,0.2567624759081166,45
2153,7,3447,1702,1745,0,0,0,1.0,1,1.0,1,1.0,1,0.255994193388658,48
2154,2,3449,1703,1746,0,0,0,1.0,1,1.0,1,1.0,1,0.2600844244365597,47
2155,3,3452,1705,1747,0,0,0,1.0,1,1.0,1,1.0,1,0.29692645442558974,48
2156,0,3452,1705,1747,0,0,0,1.0,1,1.0,1,1.0,1,0.3153558236745598,45
2157,5,3457,1705,1752,0,0,0,1.0,1,1.0,1,1.0,1,0.2304219835851373,43
2158,1,3458,1706,1752,0,0,0,1.0,1,1.0,1,1.0,1,0.21122441567248276,43
2159,3,3461,1708,1753,0,0,0,1.0,1,1.0,1,1.0,1,0.25726175540563306,43
2160,2,3463,1708,1755,0,0,0,1.0,1,1.0,1,1.0,1,0.1975365000744991,41
2161,2,3465,1708,1757,0,0,0,1.0,1,1.0,1,1.0,1,0.16034808735424702,41
2162,1,3466,1709,1757,0,0,0,1.0,1,1.0,1,1.0,1,0.168032093679321,42
2163,1,3467,1710,1757,0,0,0,1.0,1,1.0,1,1.0,1,0.19054991544132008,43
2164,2,3469,1712,1757,0,0,0,1.0,1,1.0,1,1.0,1,0.2700620722526937,44
2165,2,3471,1712,1759,0,0,0,1.0,1,1.0,1,1.0,1,0.2215014041774035,44
2166,0,3471,1712,1759,0,0,0,1.0,1,1.0,1,1.0,1,0.21558969833195404,46
2167,3,3474,1713,1761,0,0,0,1.0,1,1.0,1,1.0,1,0.23144903128165395,46
2168,0,3474,1713,1761,0,0,0,1.0,1,1.0,1,1.0,1,0.2176182437511141,45
2169,3,3477,1714,1763,0,0,0,1.0,1,1.0,1,1.0,1,0.16216968070525611,49
2170,0,3477,1714,1763,0,0,0,1.0,1,1.0,1,1.0,1,0.16216968070525611,49
2171,0,3477,1714,1763,0,0,0,1.0,1,1.0,1,1.0,1,0.17503402889543784,51
2172,2,3479,1716,1763,0,0,0,1.0,1,1.0,1,1.0,1,0.1371446102980544,52
2173,1,3480,1716,1764,0,0,0,1.0,1,1.0,1,1.0,1,0.12747414296948992,52
2174,0,3480,1716,1764,0,0,0,1.0,1,1.0,1,1.0,1,0.12747414296948992,52
2175,0,3480,1716,1764,0,0,0,1.0,1,1.0,1,1.0,1,0.13490188006421122,53
2176,0,3480,1716,1764,0,0,0,1.0,1,1.0,1,1.0,1,0.1327387325874387,54
2177,2,3482,1718,1764,0,0,0,1.0,1,1.0,1,1.0,1,0.20505320080417097,55
2178,3,3485,1721,1764,0,0,0,1.0,1,1.0,1,1.0,1,0.23026546909912204,54
2179,4,3489,1723,1766,0,0,0,1.0,1,1.0,1,1.0,1,0.20715139599062737,52
2180,0,3489,1723,1766,0,0,0,1.0,1,1.0,1,1.0,1,0.21779667165651295,51
2181,2,3491,1723,1768,0,0,0,1.0,1,1.0,1,1.0,1,0.18274334976479664,49
2182,2,3493,1725,1768,0,0,0,1.0,1,1.0,1,1.0,1,0.19554649201364852,49
2183,5,3498,1730,1768,0,0,0,1.0,1,1.0,1,1.0,1,0.2828578038679843,46
2184,5,3503,1733,1770,0,0,0,1.0,1,1.0,1,1.0,1,0.2919879893274427,45
2185,2,3505,1734,1771,0,0,0,1.0,1,1.0,1,1.0,1,0.2639272011877055,44
2186,4,3509,1737,1772,0,0,0,1.0,1,1.0,1,1.0,1,0.21221186694514504,42
2187,5,3514,1740,1774,0,0,0,1.0,1,1.0,1,1.0,1,0.17225754220054748,40
2188,4,3518,1743,1775,0,0,0,1.0,1,1.0,1,1.0,1,0.13508453517292898,38
2189,1,3519,1744,1775,0,0,0,1.0,1,1.0,1,1.0,1,0.16602447554573102,36
2190,6,3525,1747,1778,0,0,0,1.0,1,1.0,1,1.0,1,0.21809293953849404,34
2191,2,3527,1749,1778,0,0,0,1.0,1,1.0,1,1.0,1,0.20572444783423746,34
2192,2,3529,1751,1778,0,0,0,1.0,1,1.0,1,1.0,1,0.2533790500731536,33
2193,2,3531,1751,1780,0,0,0,1.0,1,1.0,1,1.0,1,0.18705350954401728,32
2194,1,3532,1752,1780,0,0,0,1.0,1,1.0,1,1.0,1,0.19425111815645396,32
2195,1,3533,1752,1781,0,0,0,1.0,1,1.0,1,1.0,1,0.18848389875800606,31
2196,1,3534,1753,1781,0,0,0,1.0,1,1.0,1,1.0,1,0.2168311858285222,32
2197,2,3536,1754,1782,0,0,0,1.0,1,1.0,1,1.0,1,0.18887885767072965,31
2198,0,3536,1754,1782,0,0,0,1.0,1,1.0,1,1.0,1,0.18887885767072965,31
2199,0,3536,1754,1782,0,0,0,1.0,1,1.0,1,1.0,1,0.16408077514213887,32
2200,1,3537,1754,1783,0,0,0,1.0,1,1.0,1,1.0,1,0.1885189087790607,35
2201,1,3538,1754,1784,0,0,0,1.0,1,1.0,1,1.0,1,0.15582457074325318,36
2202,2,3540,1756,1784,0,0,0,1.0,1,1.0,1,1.0,1,0.13310293163262968,36
2203,0,3540,1756,1784,0,0,0,1.0,1,1.0,1,1.0,1,0.14606742606530332,37
2204,1,3541,1757,1784,0,0,0,1.0,1,1.0,1,1.0,1,0.21785415677401632,36
2205,0,3541,1757,1784,0,0,0,1.0,1,1.0,1,1.0,1,0.22463391743450375,37
2206,2,3543,1759,1784,0,0,0,1.0,1,1.0,1,1.0,1,0.3127258572233498,35
2207,2,3545,1760,1785,0,0,0,1.0,1,1.0,1,1.0,1,0.3097542844217528,37
2208,0,3545,1760,1785,0,0,0,1.0,1,1.0,1,1.0,1,0.3057226367829004,36
2209,5,3550,1761,1789,0,0,0,1.0,1,1.0,1,1.0,1,0.22995999515220802,35
2210,1,3551,1761,1790,0,0,0,1.0,1,1.0,1,1.0,1,0.22762020614751974,38
2211,0,3551,1761,1790,0,0,0,1.0,1,1.0,1,1.0,1,0.25201509836304936,37
2212,0,3551,1761,1790,0,0,0,1.0,1,1.0,1,1.0,1,0.26052329036868876,38
2213,1,3552,1762,1790,0,0,0,1.0,1,1.0,1,1.0,1,0.22213767225028974,38
2214,0,3552,1762,1790,0,0,0,1.0,1,1.0,1,1.0,1,0.2123280826676742,39
2215,1,3553,1763,1790,0,0,0,1.0,1,1.0,1,1.0,1,0.23355256195439605,39
2216,1,3554,1764,1790,0,0,0,1.0,1,1.0,1,1.0,1,0.2536796264249439,39
2217,1,3555,1765,1790,0,0,0,1.0,1,1.0,1,1.0,1,0.22163506131465277,38
2218,3,3558,1767,1791,0,0,0,1.0,1,1.0,1,1.0,1,0.19604410626684968,37
2219,1,3559,1768,1791,0,0,0,1.0,1,1.0,1,1.0,1,0.21694401377984152,36
2220,2,3561,1769,1792,0,0,0,1.0,1,1.0,1,1.0,1,0.2462767098560609,34
2221,2,3563,1769,1794,0,0,0,1.0,1,1.0,1,1.0,1,0.19360381532939464,35
2222,0,3563,1769,1794,0,0,0,1.0,1,1.0,1,1.0,1,0.21005722771066476,33
2223,2,3565,1770,1795,0,0,0,1.0,1,1.0,1,1.0,1,0.1861750821293712,34
2224,0,3565,1770,1795,0,0,0,1.0,1,1.0,1,1.0,1,0.16153446730627938,32
2225,4,3569,1773,1796,0,0,0,1.0,1,1.0,1,1.0,1,0.22941266063174007,33
2226,3,3572,1775,1797,0,0,0,1.0,1,1.0,1,1.0,1,0.2908391263283081,32
2227,0,3572,1775,1797,0,0,0,1.0,1,1.0,1,1.0,1,0.2605440740733127,31
2228,2,3574,1776,1798,0,0,0,1.0,1,1.0,1,1.0,1,0.24212548694121777,32
2229,2,3576,1777,1799,0,0,0,1.0,1,1.0,1,1.0,1,0.18401696476758092,32
2230,0,3576,1777,1799,0,0,0,1.0,1,1.0,1,1.0,1,0.18337814816218162,31
2231,0,3576,1777,1799,0,0,0,1.0,1,1.0,1,1.0,1,0.18379650033474748,32
2232,0,3576,1777,1799,0,0,0,1.0,1,1.0,1,1.0,1,0.19857905577553364,32
2233,1,3577,1777,1800,0,0,0,1.0,1,1.0,1,1.0,1,0.19903892998397293,31
2234,0,3577,1777,1800,0,0,0,1.0,1,1.0,1,1.0,1,0.20760142017694738,32
2235,0,3577,1777,1800,0,0,0,1.0,1,1.0,1,1.0,1,0.2638698058248088,31
2236,1,3578,1778,1800,0,0,0,1.0,1,1.0,1,1.0,1,0.287348285805955,31
2237,4,3582,1780,1802,0,0,0,1.0,1,1.0,1,1.0,1,0.30405820169068365,31
2238,3,3585,1781,1804,0,0,0,1.0,1,1.0,1,1.0,1,0.2800184738876977,31
2239,0,3585,1781,1804,0,0,0,1.0,1,1.0,1,1.0,1,0.2800184738876977,31
2240,4,3589,1783,1806,0,0,0,1.0,1,1.0,1,1.0,1,0.25655370933745286,32
2241,1,3590,1784,1806,0,0,0,1.0,1,1.0,1,1.0,1,0.2847531038385689,32
2242,3,3593,1786,1807,0,0,0,1.0,1,1.0,1,1.0,1,0.23061433745093532,34
2243,0,3593,1786,1807,0,0,0,1.0,1,1.0,1,1.0,1,0.23061433745093532,34
2244,0,3593,1786,1807,0,0,0,1.0,1,1.0,1,1.0,1,0.24369734683826255,36
2245,0,3593,1786,1807,0,0,0,1.0,1,1.0,1,1.0,1,0.24369734683826255,36
2246,3,3596,1786,1810,0,0,0,1.0,1,1.0,1,1.0,1,0.18884617682033897,39
2247,0,3596,1786,1810,0,0,0,1.0,1,1.0,1,1.0,1,0.1887694505442557,40
2248,0,3596,1786,1810,0,0,0,1.0,1,1.0,1,1.0,1,0.1887694505442557,40
2249,0,3596,1786,1810,0,0,0,1.0,1,1.0,1,1.0,1,0.1853659620332618,41
2250,0,3596,1786,1810,0,0,0,1.0,1,1.0,1,1.0,1,0.1853659620332618,41
2251,0,3596,1786,1810,0,0,0,1.0,1,1.0,1,1.0,1,0.20488024030728907,42
2252,0,3596,1786,1810,0,0,0,1.0,1,1.0,1,1.0,1,0.2251479579920062,41
2253,1,3597,1787,1810,0,0,0,1.0,1,1.0,1,1.0,1,0.23040828810758548,40
2254,1,3598,1788,1810,0,0,0,1.0,1,1.0,1,1.0,1,0.27335609189450893,39
2255,1,3599,1789,1810,0,0,0,1.0,1,1.0,1,1.0,1,0.27970791369881015,39
2256,4,3603,1792,1811,0,0,0,1.0,1,1.0,1,1.0,1,0.31572706484243457,40
2257,4,3607,1794,1813,0,0,0,1.0,1,1.0,1,1.0,1,0.2939598187985466,40
2258,2,3609,1796,1813,0,0,0,1.0,1,1.0,1,1.0,1,0.2682256804792817,39
2259,3,3612,1798,1814,0,0,0,1.0,1,1.0,1,1.0,1,0.25404791664325055,41
2260,1,3613,1799,1814,0,0,0,1.0,1,1.0,1,1.0,1,0.25700878423825235,38
2261,1,3614,1800,1814,0,0,0,1.0,1,1.0,1,1.0,1,0.25789348604645473,38
2262,2,3616,1801,1815,0,0,0,1.0,1,1.0,1,1.0,1,0.27497444592019643,36
2263,4,3620,1804,1816,0,0,0,1.0,1,1.0,1,1.0,1,0.28039799427307666,35
2264,2,3622,1806,1816,0,0,0,1.0,1,1.0,1,1.0,1,0.30514696090300836,33
2265,3,3625,1808,1817,0,0,0,1.0,1,1.0,1,1.0,1,0.3171405488160329,33
2266,2,3627,1809,1818,0,0,0,1.0,1,1.0,1,1.0,1,0.28561517854192686,33
2267,3,3630,1812,1818,0,0,0,1.0,1,1.0,1,1.0,1,0.34043848463341936,33
2268,3,3633,1813,1820,0,0,0,1.0,1,1.0,1,1.0,1,0.2908476088603673,35
2269,3,3636,1815,1821,0,0,0,1.0,1,1.0,1,1.0,1,0.32022178064894863,36
2270,3,3639,1815,1824,0,0,0,1.0,1,1.0,1,1.0,1,0.23103553950363062,34
2271,5,3644,1818,1826,0,0,0,1.0,1,1.0,1,1.0,1,0.17135488172569782,34
2272,2,3646,1819,1827,0,0,0,1.0,1,1.0,1,1.0,1,0.1173478680942648,33
2273,0,3646,1819,1827,0,0,0,1.0,1,1.0,1,1.0,1,0.11465871056728123,32
2274,0,3646,1819,1827,0,0,0,1.0,1,1.0,1,1.0,1,0.11465871056728123,32
2275,1,3647,1819,1828,0,0,0,1.0,1,1.0,1,1.0,1,0.12834031097476517,32
2276,1,3648,1820,1828,0,0,0,1.0,1,1.0,1,1.0,1,0.16049562551004748,31
2277,1,3649,1821,1828,0,0,0,1.0,1,1.0,1,1.0,1,0.16367540712149098,30
2278,2,3651,1823,1828,0,0,0,1.0,1,1.0,1,1.0,1,0.1680533148907114,33
2279,0,3651,1823,1828,0,0,0,1.0,1,1.0,1,1.0,1,0.1680533148907114,33
2280,1,3652,1823,1829,0,0,0,1.0,1,1.0,1,1.0,1,0.1962945980205853,35
2281,0,3652,1823,1829,0,0,0,1.0,1,1.0,1,1.0,1,0.21158793448810534,36
2282,0,3652,1823,1829,0,0,0,1.0,1,1.0,1,1.0,1,0.21158793448810534,36
2283,1,3653,1824,1829,0,0,0,1.0,1,1.0,1,1.0,1,0.20022123501586464,36
2284,1,3654,1825,1829,0,0,0,1.0,1,1.0,1,1.0,1,0.23949094282502065,36
2285,4,3658,1825,1833,0,0,0,1.0,1,1.0,1,1.0,1,0.1620566452204556,37
2286,1,3659,1826,1833,0,0,0,1.0,1,1.0,1,1.0,1,0.21060048528082245,38
2287,0,3659,1826,1833,0,0,0,1.0,1,1.0,1,1.0,1,0.1892159375135903,38
2288,3,3662,1828,1834,0,0,0,1.0,1,1.0,1,1.0,1,0.25673092907542755,40
2289,3,3665,1828,1837,0,0,0,1.0,1,1.0,1,1.0,1,0.22164836373810262,40
2290,2,3667,1830,1837,0,0,0,1.0,1,1.0,1,1.0,1,0.2725088835954799,39
2291,1,3668,1830,1838,0,0,0,1.0,1,1.0,1,1.0,1,0.275150109242868,37
2292,1,3669,1831,1838,0,0,0,1.0,1,1.0,1,1.0,1,0.2997020914735472,35
2293,2,3671,1833,1838,0,0,0,1.0,1,1.0,1,1.0,1,0.3760767627718733,35
2294,3,3674,1834,1840,0,0,0,1.0,1,1.0,1,1.0,1,0.34548376145738113,35
2295,0,3674,1834,1840,0,0,0,1.0,1,1.0,1,1.0,1,0.351228651348465,36
2296,0,3674,1834,1840,0,0,0,1.0,1,1.0,1,1.0,1,0.3668484783611307,34
2297,0,3674,1834,1840,0,0,0,1.0,1,1.0,1,1.0,1,0.3773278785428823,35
2298,2,3676,1835,1841,0,0,0,1.0,1,1.0,1,1.0,1,0.3752781706868301,34
2299,1,3677,1836,1841,0,0,0,1.0,1,1.0,1,1.0,1,0.34788534960279194,35
2300,0,3677,1836,1841,0,0,0,1.0,1,1.0,1,1.0,1,0.34788534960279194,35
2301,0,3677,1836,1841,0,0,0,1.0,1,1.0,1,1.0,1,0.34788534960279194,35
2302,4,3681,1839,1842,0,0,0,1.0,1,1.0,1,1.0,1,0.40063322902743204,37
2303,2,3683,1840,1843,0,0,0,1.0,1,1.0,1,1.0,1,0.3547328846834327,35
2304,4,3687,1842,1845,0,0,0,1.0,1,1.0,1,1.0,1,0.40085752203329816,36
2305,1,3688,1842,1846,0,0,0,1.0,1,1.0,1,1.0,1,0.34560601953227227,34
2306,1,3689,1842,1847,0,0,0,1.0,1,1.0,1,1.0,1,0.3315381004851408,35
2307,1,3690,1842,1848,0,0,0,1.0,1,1.0,1,1.0,1,0.32200574935397736,35
2308,0,3690,1842,1848,0,0,0,1.0,1,1.0,1,1.0,1,0.32200574935397736,35
2309,0,3690,1842,1848,0,0,0,1.0,1,1.0,1,1.0,1,0.33918277578771794,34
2310,1,3691,1842,1849,0,0,0,1.0,1,1.0,1,1.0,1,0.32663511648898697,36
2311,3,3694,1842,1852,0,0,0,1.0,1,1.0,1,1.0,1,0.2909837472035062,38
2312,4,3698,1844,1854,0,0,0,1.0,1,1.0,1,1.0,1,0.29257748494569547,39
2313,4,3702,1845,1857,0,0,0,1.0,1,1.0,1,1.0,1,0.21698622665797546,39
2314,3,3705,1845,1860,0,0,0,1.0,1,1.0,1,1.0,1,0.16031959817633473,39
2315,3,3708,1847,1861,0,0,0,1.0,1,1.0,1,1.0,1,0.20974279541400762,40
2316,1,3709,1847,1862,0,0,0,1.0,1,1.0,1,1.0,1,0.1579832734892245,40
2317,1,3710,1848,1862,0,0,0,1.0,1,1.0,1,1.0,1,0.2142859558956296,41
2318,1,3711,1849,1862,0,0,0,1.0,1,1.0,1,1.0,1,0.2151569257924932,41
2319,0,3711,1849,1862,0,0,0,1.0,1,1.0,1,1.0,1,0.2151569257924932,41
2320,1,3712,1849,1863,0,0,0,1.0,1,1.0,1,1.0,1,0.21845058156358788,42
2321,2,3714,1849,1865,0,0,0,1.0,1,1.0,1,1.0,1,0.16773971667611368,43
2322,0,3714,1849,1865,0,0,0,1.0,1,1.0,1,1.0,1,0.15300264581471956,42
2323,1,3715,1850,1865,0,0,0,1.0,1,1.0,1,1.0,1,0.1895503979893908,43
2324,2,3717,1850,1867,0,0,0,1.0,1,1.0,1,1.0,1,0.20813763321208456,44
2325,1,3718,1850,1868,0,0,0,1.0,1,1.0,1,1.0,1,0.17810742441929997,44
2326,0,3718,1850,1868,0,0,0,1.0,1,1.0,1,1.0,1,0.18403723588216056,45
2327,0,3718,1850,1868,0,0,0,1.0,1,1.0,1,1.0,1,0.18403723588216056,45
2328,0,3718,1850,1868,0,0,0,1.0,1,1.0,1,1.0,1,0.19504796159390128,46
2329,1,3719,1851,1868,0,0,0,1.0,1,1.0,1,1.0,1,0.22585714235835488,45
2330,0,3719,1851,1868,0,0,0,1.0,1,1.0,1,1.0,1,0.22814443317072264,47
2331,2,3721,1852,1869,0,0,0,1.0,1,1.0,1,1.0,1,0.23624415967951395,48
2332,0,3721,1852,1869,0,0,0,1.0,1,1.0,1,1.0,1,0.23624415967951395,48
2333,2,3723,1853,1870,0,0,0,1.0,1,1.0,1,1.0,1,0.2535614037664367,49
2334,2,3725,1854,1871,0,0,0,1.0,1,1.0,1,1.0,1,0.2820934289493506,47
2335,1,3726,1855,1871,0,0,0,1.0,1,1.0,1,1.0,1,0.30680240148228005,46
2336,2,3728,1855,1873,0,0,0,1.0,1,1.0,1,1.0,1,0.29680283984493344,46
2337,2,3730,1855,1875,0,0,0,1.0,1,1.0,1,1.0,1,0.23532618677390107,45
2338,1,3731,1856,1875,0,0,0,1.0,1,1.0,1,1.0,1,0.21399534186629415,44
2339,3,3734,1857,1877,0,0,0,1.0,1,1.0,1,1.0,1,0.18163885691787524,45
2340,0,3734,1857,1877,0,0,0,1.0,1,1.0,1,1.0,1,0.19755776214382034,44
2341,0,3734,1857,1877,0,0,0,1.0,1,1.0,1,1.0,1,0.21360463136624283,45
2342,2,3736,1858,1878,0,0,0,1.0,1,1.0,1,1.0,1,0.1914552179555007,47
2343,1,3737,1859,1878,0,0,0,1.0,1,1.0,1,1.0,1,0.1933052854015343,46
2344,1,3738,1859,1879,0,0,0,1.0,1,1.0,1,1.0,1,0.22031714201927471,46
2345,2,3740,1859,1881,0,0,0,1.0,1,1.0,1,1.0,1,0.19051087592584615,45
2346,0,3740,1859,1881,0,0,0,1.0,1,1.0,1,1.0,1,0.18054686873779538,46
2347,1,3741,1859,1882,0,0,0,1.0,1,1.0,1,1.0,1,0.17790077059277126,47
2348,1,3742,1860,1882,0,0,0,1.0,1,1.0,1,1.0,1,0.19434934127711812,49
2349,1,3743,1861,1882,0,0,0,1.0,1,1.0,1,1.0,1,0.22001442257952808,49
2350,3,3746,1862,1884,0,0,0,1.0,1,1.0,1,1.0,1,0.20748995297025138,50
2351,1,3747,1863,1884,0,0,0,1.0,1,1.0,1,1.0,1,0.21077888564192512,50
2352,2,3749,1863,1886,0,0,0,1.0,1,1.0,1,1.0,1,0.21144224012058777,51
2353,1,3750,1863,1887,0,0,0,1.0,1,1.0,1,1.0,1,0.19801925223121677,51
2354,0,3750,1863,1887,0,0,0,1.0,1,1.0,1,1.0,1,0.20842152714005446,51
2355,2,3752,1864,1888,0,0,0,1.0,1,1.0,1,1.0,1,0.22850801742837742,50
2356,0,3752,1864,1888,0,0,0,1.0,1,1.0,1,1.0,1,0.22850801742837742,50
2357,1,3753,1864,1889,0,0,0,1.0,1,1.0,1,1.0,1,0.2183987629493514,49
2358,2,3755,1864,1891,0,0,0,1.0,1,1.0,1,1.0,1,0.203747834434021,51
2359,0,3755,1864,1891,0,0,0,1.0,1,1.0,1,1.0,1,0.20211260768060563,51
2360,1,3756,1865,1891,0,0,0,1.0,1,1.0,1,1.0,1,0.23034129283794258,51
2361,3,3759,1867,1892,0,0,0,1.0,1,1.0,1,1.0,1,0.25371593146695687,52
2362,1,3760,1867,1893,0,0,0,1.0,1,1.0,1,1.0,1,0.23277352406227658,53
2363,4,3764,1867,1897,0,0,0,1.0,1,1.0,1,1.0,1,0.1938936558334997,54
2364,2,3766,1868,1898,0,0,0,1.0,1,1.0,1,1.0,1,0.19790612682572273,55
2365,1,3767,1868,1899,0,0,0,1.0,1,1.0,1,1.0,1,0.1815606351297355,53
2366,3,3770,1871,1899,0,0,0,1.0,1,1.0,1,1.0,1,0.17090325866988446,53
2367,2,3772,1872,1900,0,0,0,1.0,1,1.0,1,1.0,1,0.20161748531433335,51
2368,3,3775,1875,1900,0,0,0,1.0,1,1.0,1,1.0,1,0.2534647870056762,50
2369,5,3780,1876,1904,0,0,0,1.0,1,1.0,1,1.0,1,0.23356916004690495,47
2370,1,3781,1876,1905,0,0,0,1.0,1,1.0,1,1.0,1,0.2472411980937042,48
2371,0,3781,1876,1905,0,0,0,1.0,1,1.0,1,1.0,1,0.23637357495888045,49
2372,0,3781,1876,1905,0,0,0,1.0,1,1.0,1,1.0,1,0.25259142017308606,48
2373,4,3785,1877,1908,0,0,0,1.0,1,1.0,1,1.0,1,0.22277566612546132,49
2374,0,3785,1877,1908,0,0,0,1.0,1,1.0,1,1.0,1,0.21883873544834628,50
2375,2,3787,1879,1908,0,0,0,1.0,1,1.0,1,1.0,1,0.2452384208399288,50
2376,1,3788,1879,1909,0,0,0,1.0,1,1.0,1,1.0,1,0.2362774335807523,50
2377,0,3788,1879,1909,0,0,0,1.0,1,1.0,1,1.0,1,0.23951158872308004,49
2378,0,3788,1879,1909,0,0,0,1.0,1,1.0,1,1.0,1,0.23951158872308004,49
2379,1,3789,1880,1909,0,0,0,1.0,1,1.0,1,1.0,1,0.2766942310324988,50
2380,1,3790,1881,1909,0,0,0,1.0,1,1.0,1,1.0,1,0.2889018475455554,50
2381,1,3791,1882,1909,0,0,0,1.0,1,1.0,1,1.0,1,0.30851425346390715,51
2382,1,3792,1883,1909,0,0,0,1.0,1,1.0,1,1.0,1,0.3231732590751749,51
2383,7,3799,1884,1915,0,0,0,1.0,1,1.0,1,1.0,1,0.2507633266316368,52
2384,1,3800,1885,1915,0,0,0,1.0,1,1.0,1,1.0,1,0.21823425583503683,52
2385,1,3801,1886,1915,0,0,0,1.0,1,1.0,1,1.0,1,0.23031821564438087,51
2386,0,3801,1886,1915,0,0,0,1.0,1,1.0,1,1.0,1,0.2545560803651627,52
2387,1,3802,1887,1915,0,0,0,1.0,1,1.0,1,1.0,1,0.281815435877692,49
2388,1,3803,1888,1915,0,0,0,1.0,1,1.0,1,1.0,1,0.2877648510660159,48
2389,3,3806,1890,1916,0,0,0,1.0,1,1.0,1,1.0,1,0.2859826921737585,48
2390,2,3808,1891,1917,0,0,0,1.0,1,1.0,1,1.0,1,0.2685658969617081,49
2391,1,3809,1892,1917,0,0,0,1.0,1,1.0,1,1.0,1,0.2524727603876463,48
2392,5,3814,1896,1918,0,0,0,1.0,1,1.0,1,1.0,1,0.23867095900214094,49
2393,3,3817,1897,1920,0,0,0,1.0,1,1.0,1,1.0,1,0.2112766037829233,50
2394,5,3822,1901,1921,0,0,0,1.0,1,1.0,1,1.0,1,0.24754183320395007,50
2395,2,3824,1902,1922,0,0,0,1.0,1,1.0,1,1.0,1,0.23349007183012113,49
2396,0,3824,1902,1922,0,0,0,1.0,1,1.0,1,1.0,1,0.2307019982761647,50
2397,0,3824,1902,1922,0,0,0,1.0,1,1.0,1,1.0,1,0.24313141166731428,51
2398,3,3827,1904,1923,0,0,0,1.0,1,1.0,1,1.0,1,0.2337090195476139,49
2399,1,3828,1904,1924,0,0,0,1.0,1,1.0,1,1.0,1,0.21380518994898454,50
2400,0,3828,1904,1924,0,0,0,1.0,1,1.0,1,1.0,1,0.22582433303589178,51
2401,1,3829,1905,1924,0,0,0,1.0,1,1.0,1,1.0,1,0.22714931170807062,50
2402,1,3830,1905,1925,0,0,0,1.0,1,1.0,1,1.0,1,0.21011513273505816,51
2403,0,3830,1905,1925,0,0,0,1.0,1,1.0,1,1.0,1,0.20734369120987792,52
2404,3,3833,1905,1928,0,0,0,1.0,1,1.0,1,1.0,1,0.18273889103055937,53
2405,0,3833,1905,1928,0,0,0,1.0,1,1.0,1,1.0,1,0.1858323623792138,52
2406,2,3835,1907,1928,0,0,0,1.0,1,1.0,1,1.0,1,0.20942847384793026,52
2407,0,3835,1907,1928,0,0,0,1.0,1,1.0,1,1.0,1,0.2351274329233278,51
2408,0,3835,1907,1928,0,0,0,1.0,1,1.0,1,1.0,1,0.24057945239925063,50
2409,0,3835,1907,1928,0,0,0,1.0,1,1.0,1,1.0,1,0.2612035070704303,50
2410,2,3837,1909,1928,0,0,0,1.0,1,1.0,1,1.0,1,0.288057962136718,49
2411,0,3837,1909,1928,0,0,0,1.0,1,1.0,1,1.0,1,0.3087211611923171,48
2412,0,3837,1909,1928,0,0,0,1.0,1,1.0,1,1.0,1,0.3256997390736443,47
2413,3,3840,1909,1931,0,0,0,1.0,1,1.0,1,1.0,1,0.28124912743009967,47
2414,4,3844,1911,1933,0,0,0,1.0,1,1.0,1,1.0,1,0.30459999577681174,47
2415,0,3844,1911,1933,0,0,0,1.0,1,1.0,1,1.0,1,0.31431600880375193,46
2416,1,3845,1911,1934,0,0,0,1.0,1,1.0,1,1.0,1,0.2945537970600736,47
2417,3,3848,1911,1937,0,0,0,1.0,1,1.0,1,1.0,1,0.2667153679537146,46
2418,3,3851,1912,1939,0,0,0,1.0,1,1.0,1,1.0,1,0.2573283621963775,48
2419,2,3853,1913,1940,0,0,0,1.0,1,1.0,1,1.0,1,0.2331485641730048,47
2420,1,3854,1914,1940,0,0,0,1.0,1,1.0,1,1.0,1,0.22369100667889227,49
2421,2,3856,1915,1941,0,0,0,1.0,1,1.0,1,1.0,1,0.2112693322015879,50
2422,3,3859,1917,1942,0,0,0,1.0,1,1.0,1,1.0,1,0.19547742996539494,50
2423,2,3861,1917,1944,0,0,0,1.0,1,1.0,1,1.0,1,0.1713417815842382,51
2424,3,3864,1920,1944,0,0,0,1.0,1,1.0,1,1.0,1,0.19690327426139473,50
2425,0,3864,1920,1944,0,0,0,1.0,1,1.0,1,1.0,1,0.20359846932307796,48
2426,5,3869,1924,1945,0,0,0,1.0,1,1.0,1,1.0,1,0.19942116032458934,51
2427,1,3870,1925,1945,0,0,0,1.0,1,1.0,1,1.0,1,0.22371911677313314,50
2428,1,3871,1926,1945,0,0,0,1.0,1,1.0,1,1.0,1,0.21926078494703255,49
2429,4,3875,1928,1947,0,0,0,1.0,1,1.0,1,1.0,1,0.2682184026843983,49
2430,1,3876,1929,1947,0,0,0,1.0,1,1.0,1,1.0,1,0.2873577300081758,46
2431,1,3877,1930,1947,0,0,0,1.0,1,1.0,1,1.0,1,0.3175736819793478,45
2432,0,3877,1930,1947,0,0,0,1.0,1,1.0,1,1.0,1,0.33774627570992954,44
2433,6,3883,1930,1953,0,0,0,1.0,1,1.0,1,1.0,1,0.17789127633803783,45
2434,1,3884,1931,1953,0,0,0,1.0,1,1.0,1,1.0,1,0.19428918521360292,44
2435,0,3884,1931,1953,0,0,0,1.0,1,1.0,1,1.0,1,0.19428918521360292,44
2436,2,3886,1931,1955,0,0,0,1.0,1,1.0,1,1.0,1,0.1518469358412284,44
2437,1,3887,1932,1955,0,0,0,1.0,1,1.0,1,1.0,1,0.17817576367474022,45
2438,1,3888,1933,1955,0,0,0,1.0,1,1.0,1,1.0,1,0.21344188719134294,45
2439,0,3888,1933,1955,0,0,0,1.0,1,1.0,1,1.0,1,0.2071914386958084,46
2440,0,3888,1933,1955,0,0,0,1.0,1,1.0,1,1.0,1,0.22289240746210823,45
2441,3,3891,1934,1957,0,0,0,1.0,1,1.0,1,1.0,1,0.20142155001412898,45
2442,0,3891,1934,1957,0,0,0,1.0,1,1.0,1,1.0,1,0.19997462898829652,46
2443,0,3891,1934,1957,0,0,0,1.0,1,1.0,1,1.0,1,0.2170223735571783,45
2444,2,3893,1936,1957,0,0,0,1.0,1,1.0,1,1.0,1,0.27678502639785374,46
2445,4,3897,1937,1960,0,0,0,1.0,1,1.0,1,1.0,1,0.28246718015779526,44
2446,3,3900,1939,1961,0,0,0,1.0,1,1.0,1,1.0,1,0.2635004297273211,44
2447,3,3903,1941,1962,0,0,0,1.0,1,1.0,1,1.0,1,0.25516843910142273,42
2448,3,3906,1944,1962,0,0,0,1.0,1,1.0,1,1.0,1,0.2901705763714507,41
2449,4,3910,1945,1965,0,0,0,1.0,1,1.0,1,1.0,1,0.2412637708515228,40
2450,4,3914,1948,1966,0,0,0,1.0,1,1.0,1,1.0,1,0.2424558956010457,42
2451,0,3914,1948,1966,0,0,0,1.0,1,1.0,1,1.0,1,0.24056895559438235,43
2452,1,3915,1948,1967,0,0,0,1.0,1,1.0,1,1.0,1,0.21433961194517934,43
2453,1,3916,1948,1968,0,0,0,1.0,1,1.0,1,1.0,1,0.2263645667329225,45
2454,2,3918,1950,1968,0,0,0,1.0,1,1.0,1,1.0,1,0.26634886693230003,47
2455,0,3918,1950,1968,0,0,0,1.0,1,1.0,1,1.0,1,0.2682461048630338,48
2456,3,3921,1951,1970,0,0,0,1.0,1,1.0,1,1.0,1,0.266530093824408,49
2457,2,3923,1952,1971,0,0,0,1.0,1,1.0,1,1.0,1,0.31081754754708835,48
2458,3,3926,1953,1973,0,0,0,1.0,1,1.0,1,1.0,1,0.2834878378415911,49
2459,3,3929,1953,1976,0,0,0,1.0,1,1.0,1,1.0,1,0.24729123888348886,49
2460,3,3932,1955,1977,0,0,0,1.0,1,1.0,1,1.0,1,0.27824483348935675,50
2461,1,3933,1955,1978,0,0,0,1.0,1,1.0,1,1.0,1,0.27168547205274757,50
2462,6,3939,1957,1982,0,0,0,1.0,1,1.0,1,1.0,1,0.23840586832223523,51
2463,0,3939,1957,1982,0,0,0,1.0,1,1.0,1,1.0,1,0.24242816250420027,51
2464,1,3940,1958,1982,0,0,0,1.0,1,1.0,1,1.0,1,0.24089886027559249,50
2465,2,3942,1958,1984,0,0,0,1.0,1,1.0,1,1.0,1,0.203564229792271,49
2466,3,3945,1959,1986,0,0,0,1.0,1,1.0,1,1.0,1,0.16628130264913993,49
2467,0,3945,1959,1986,0,0,0,1.0,1,1.0,1,1.0,1,0.17990854178818014,48
2468,2,3947,1961,1986,0,0,0,1.0,1,1.0,1,1.0,1,0.1917171503586387,47
2469,3,3950,1962,1988,0,0,0,1.0,1,1.0,1,1.0,1,0.16147100759078947,46
2470,1,3951,1963,1988,0,0,0,1.0,1,1.0,1,1.0,1,0.18912550775259776,44
2471,2,3953,1964,1989,0,0,0,1.0,1,1.0,1,1.0,1,0.1818342203212074,44
2472,0,3953,1964,1989,0,0,0,1.0,1,1.0,1,1.0,1,0.2047110089292619,44
2473,3,3956,1965,1991,0,0,0,1.0,1,1.0,1,1.0,1,0.1914082045991948,43
2474,4,3960,1968,1992,0,0,0,1.0,1,1.0,1,1.0,1,0.20940421193651623,44
2475,3,3963,1969,1994,0,0,0,1.0,1,1.0,1,1.0,1,0.1844178040998889,46
2476,0,3963,1969,1994,0,0,0,1.0,1,1.0,1,1.0,1,0.1844178040998889,46
2477,0,3963,1969,1994,0,0,0,1.0,1,1.0,1,1.0,1,0.1844178040998889,46
2478,0,3963,1969,1994,0,0,0,1.0,1,1.0,1,1.0,1,0.1844178040998889,46
2479,1,3964,1970,1994,0,0,0,1.0,1,1.0,1,1.0,1,0.18898638371402632,46
2480,1,3965,1971,1994,0,0,0,1.0,1,1.0,1,1.0,1,0.22658619127902524,47
2481,4,3969,1972,1997,0,0,0,1.0,1,1.0,1,1.0,1,0.1810016505930037,47
2482,1,3970,1973,1997,0,0,0,1.0,1,1.0,1,1.0,1,0.18967289590187134,45
2483,0,3970,1973,1997,0,0,0,1.0,1,1.0,1,1.0,1,0.19483825872781466,45
2484,1,3971,1974,1997,0,0,0,1.0,1,1.0,1,1.0,1,0.24431339461055582,46
2485,1,3972,1975,1997,0,0,0,1.0,1,1.0,1,1.0,1,0.23520532345320846,44
2486,1,3973,1975,1998,0,0,0,1.0,1,1.0,1,1.0,1,0.18980913785392423,43
2487,1,3974,1976,1998,0,0,0,1.0,1,1.0,1,1.0,1,0.22092121047959265,44
2488,4,3978,1978,2000,0,0,0,1.0,1,1.0,1,1.0,1,0.21513117654831265,45
2489,0,3978,1978,2000,0,0,0,1.0,1,1.0,1,1.0,1,0.22526873669602693,44
2490,2,3980,1980,2000,0,0,0,1.0,1,1.0,1,1.0,1,0.2625230278457913,44
2491,1,3981,1981,2000,0,0,0,1.0,1,1.0,1,1.0,1,0.26626931572037765,44
2492,0,3981,1981,2000,0,0,0,1.0,1,1.0,1,1.0,1,0.26626931572037765,44
2493,1,3982,1981,2001,0,0,0,1.0,1,1.0,1,1.0,1,0.27365745132322333,42
2494,1,3983,1982,2001,0,0,0,1.0,1,1.0,1,1.0,1,0.29817678733779734,42
2495,0,3983,1982,2001,0,0,0,1.0,1,1.0,1,1.0,1,0.2979294963618162,42
2496,1,3984,1983,2001,0,0,0,1.0,1,1.0,1,1.0,1,0.32048571917918917,42
2497,3,3987,1983,2004,0,0,0,1.0,1,1.0,1,1.0,1,0.29536466406079354,44
2498,0,3987,1983,2004,0,0,0,1.0,1,1.0,1,1.0,1,0.31096902064679854,43
2499,1,3988,1984,2004,0,0,0,1.0,1,1.0,1,1.0,1,0.2915415239269929,43
2500,4,3992,1986,2006,0,0,0,1.0,1,1.0,1,1.0,1,0.26007775045130854,44
2501,5,3997,1986,2011,0,0,0,1.0,1,1.0,1,1.0,1,0.16893821366636358,46
2502,3,4000,1987,2013,0,0,0,1.0,1,1.0,1,1.0,1,0.17274277440326877,47
2503,1,4001,1988,2013,0,0,0,1.0,1,1.0,1,1.0,1,0.2045535088374425,47
2504,1,4002,1989,2013,0,0,0,1.0,1,1.0,1,1.0,1,0.2418287857092573,46
2505,5,4007,1992,2015,0,0,0,1.0,1,1.0,1,1.0,1,0.22176023143866272,46
2506,1,4008,1993,2015,0,0,0,1.0,1,1.0,1,1.0,1,0.26984846419141434,45
2507,3,4011,1995,2016,0,0,0,1.0,1,1.0,1,1.0,1,0.284352977864409,45
2508,4,4015,1998,2017,0,0,0,1.0,1,1.0,1,1.0,1,0.2773135659542373,46
2509,1,4016,1999,2017,0,0,0,1.0,1,1.0,1,1.0,1,0.30335516665032053,45
2510,4,4020,2001,2019,0,0,0,1.0,1,1.0,1,1.0,1,0.2864232812570745,46
2511,0,4020,2001,2019,0,0,0,1.0,1,1.0,1,1.0,1,0.26630908607764026,47
2512,0,4020,2001,2019,0,0,0,1.0,1,1.0,1,1.0,1,0.27831162854147,47
2513,2,4022,2002,2020,0,0,0,1.0,1,1.0,1,1.0,1,0.21923065105347944,48
2514,4,4026,2005,2021,0,0,0,1.0,1,1.0,1,1.0,1,0.24254089682375624,48
2515,3,4029,2006,2023,0,0,0,1.0,1,1.0,1,1.0,1,0.19758636694406714,49
2516,0,4029,2006,2023,0,0,0,1.0,1,1.0,1,1.0,1,0.19758636694406714,49
2517,0,4029,2006,2023,0,0,0,1.0,1,1.0,1,1.0,1,0.17656817173089112,49
2518,0,4029,2006,2023,0,0,0,1.0,1,1.0,1,1.0,1,0.1787494434130253,48
2519,0,4029,2006,2023,0,0,0,1.0,1,1.0,1,1.0,1,0.18346075055881267,48
2520,1,4030,2007,2023,0,0,0,1.0,1,1.0,1,1.0,1,0.2224620753014817,46
2521,4,4034,2010,2024,0,0,0,1.0,1,1.0,1,1.0,1,0.22041365480831096,47
2522,2,4036,2012,2024,0,0,0,1.0,1,1.0,1,1.0,1,0.28139635471259467,45
2523,3,4039,2014,2025,0,0,0,1.0,1,1.0,1,1.0,1,0.32818864880184606,44
2524,0,4039,2014,2025,0,0,0,1.0,1,1.0,1,1.0,1,0.32456175954383437,42
2525,3,4042,2014,2028,0,0,0,1.0,1,1.0,1,1.0,1,0.29329885793730853,42
2526,0,4042,2014,2028,0,0,0,1.0,1,1.0,1,1.0,1,0.2954492205731028,41
2527,0,4042,2014,2028,0,0,0,1.0,1,1.0,1,1.0,1,0.2954492205731028,41
2528,1,4043,2014,2029,0,0,0,1.0,1,1.0,1,1.0,1,0.2627780817826483,41
2529,0,4043,2014,2029,0,0,0,1.0,1,1.0,1,1.0,1,0.2663442800168034,42
2530,0,4043,2014,2029,0,0,0,1.0,1,1.0,1,1.0,1,0.2821616038296367,41
2531,0,4043,2014,2029,0,0,0,1.0,1,1.0,1,1.0,1,0.2821616038296367,41
2532,0,4043,2014,2029,0,0,0,1.0,1,1.0,1,1.0,1,0.29405661570551456,43
2533,0,4043,2014,2029,0,0,0,1.0,1,1.0,1,1.0,1,0.29405661570551456,43
2534,0,4043,2014,2029,0,0,0,1.0,1,1.0,1,1.0,1,0.29405661570551456,43
2535,1,4044,2015,2029,0,0,0,1.0,1,1.0,1,1.0,1,0.326543231120364,44
2536,0,4044,2015,2029,0,0,0,1.0,1,1.0,1,1.0,1,0.326543231120364,44
2537,0,4044,2015,2029,0,0,0,1.0,1,1.0,1,1.0,1,0.33282558924757166,45
2538,2,4046,2015,2031,0,0,0,1.0,1,1.0,1,1.0,1,0.31419206773003094,48
2539,1,4047,2016,2031,0,0,0,1.0,1,1.0,1,1.0,1,0.3092105331079452,48
2540,3,4050,2016,2034,0,0,0,1.0,1,1.0,1,1.0,1,0.2903934265138623,50
2541,2,4052,2017,2035,0,0,0,1.0,1,1.0,1,1.0,1,0.2731816523183271,52
2542,5,4057,2020,2037,0,0,0,1.0,1,1.0,1,1.0,1,0.3293678512464556,52
2543,6,4063,2023,2040,0,0,0,1.0,1,1.0,1,1.0,1,0.3023659142288787,51
2544,5,4068,2027,2041,0,0,0,1.0,1,1.0,1,1.0,1,0.329811316443476,51
2545,7,4075,2027,2048,0,0,0,1.0,1,1.0,1,1.0,1,0.22865473418273724,50
2546,2,4077,2029,2048,0,0,0,1.0,1,1.0,1,1.0,1,0.254008235503729,50
2547,1,4078,2029,2049,0,0,0,1.0,1,1.0,1,1.0,1,0.255167061959481,47
2548,0,4078,2029,2049,0,0,0,1.0,1,1.0,1,1.0,1,0.2400619996710426,46
2549,3,4081,2031,2050,0,0,0,1.0,1,1.0,1,1.0,1,0.2473850357472817,46
2550,2,4083,2033,2050,0,0,0,1.0,1,1.0,1,1.0,1,0.2606080967648569,44
2551,0,4083,2033,2050,0,0,0,1.0,1,1.0,1,1.0,1,0.25187778535611344,43
2552,0,4083,2033,2050,0,0,0,1.0,1,1.0,1,1.0,1,0.28304325558682353,43
2553,1,4084,2033,2051,0,0,0,1.0,1,1.0,1,1.0,1,0.26338637040770824,44
2554,2,4086,2035,2051,0,0,0,1.0,1,1.0,1,1.0,1,0.2841518977940959,45
2555,1,4087,2036,2051,0,0,0,1.0,1,1.0,1,1.0,1,0.3276824122704987,44
2556,1,4088,2036,2052,0,0,0,1.0,1,1.0,1,1.0,1,0.2908674506103391,44
2557,4,4092,2037,2055,0,0,0,1.0,1,1.0,1,1.0,1,0.2959610528502341,41
2558,0,4092,2037,2055,0,0,0,1.0,1,1.0,1,1.0,1,0.2875099704087069,40
2559,0,4092,2037,2055,0,0,0,1.0,1,1.0,1,1.0,1,0.3015688947974655,41
2560,0,4092,2037,2055,0,0,0,1.0,1,1.0,1,1.0,1,0.3015688947974655,41
2561,2,4094,2037,2057,0,0,0,1.0,1,1.0,1,1.0,1,0.29812530718384483,43
2562,3,4097,2038,2059,0,0,0,1.0,1,1.0,1,1.0,1,0.28681906425776915,44
2563,1,4098,2038,2060,0,0,0,1.0,1,1.0,1,1.0,1,0.27188879982111713,44
2564,1,4099,2039,2060,0,0,0,1.0,1,1.0,1,1.0,1,0.2864442805647177,44
2565,5,4104,2041,2063,0,0,0,1.0,1,1.0,1,1.0,1,0.24878149266509036,45
2566,1,4105,2042,2063,0,0,0,1.0,1,1.0,1,1.0,1,0.2517034997810348,46
2567,1,4106,2043,2063,0,0,0,1.0,1,1.0,1,1.0,1,0.2757824368587984,48
2568,2,4108,2045,2063,0,0,0,1.0,1,1.0,1,1.0,1,0.31790187644053824,48
2569,3,4111,2045,2066,0,0,0,1.0,1,1.0,1,1.0,1,0.27642324681919406,49
2570,1,4112,2045,2067,0,0,0,1.0,1,1.0,1,1.0,1,0.2661871661125386,48
2571,0,4112,2045,2067,0,0,0,1.0,1,1.0,1,1.0,1,0.2661871661125386,48
2572,0,4112,2045,2067,0,0,0,1.0,1,1.0,1,1.0,1,0.24601698461376725,49
2573,0,4112,2045,2067,0,0,0,1.0,1,1.0,1,1.0,1,0.2385872914394399,50
2574,2,4114,2046,2068,0,0,0,1.0,1,1.0,1,1.0,1,0.23468082528052275,49
2575,0,4114,2046,2068,0,0,0,1.0,1,1.0,1,1.0,1,0.23485355711300965,48
2576,0,4114,2046,2068,0,0,0,1.0,1,1.0,1,1.0,1,0.23485355711300965,48
2577,2,4116,2046,2070,0,0,0,1.0,1,1.0,1,1.0,1,0.2299838085001221,50
2578,0,4116,2046,2070,0,0,0,1.0,1,1.0,1,1.0,1,0.2299838085001221,50
2579,2,4118,2047,2071,0,0,0,1.0,1,1.0,1,1.0,1,0.21784862359620621,51
2580,0,4118,2047,2071,0,0,0,1.0,1,1.0,1,1.0,1,0.2248817921266649,52
2581,1,4119,2048,2071,0,0,0,1.0,1,1.0,1,1.0,1,0.2549099408767611,51
2582,3,4122,2049,2073,0,0,0,1.0,1,1.0,1,1.0,1,0.2344982152710903,51
2583,2,4124,2051,2073,0,0,0,1.0,1,1.0,1,1.0,1,0.24712554755749508,51
2584,3,4127,2053,2074,0,0,0,1.0,1,1.0,1,1.0,1,0.26602768676104077,51
2585,3,4130,2053,2077,0,0,0,1.0,1,1.0,1,1.0,1,0.21808932281543889,50
2586,2,4132,2055,2077,0,0,0,1.0,1,1.0,1,1.0,1,0.2579812082079045,50
2587,1,4133,2055,2078,0,0,0,1.0,1,1.0,1,1.0,1,0.21114677132755696,48
2588,4,4137,2058,2079,0,0,0,1.0,1,1.0,1,1.0,1,0.2771831081484352,50
2589,5,4142,2059,2083,0,0,0,1.0,1,1.0,1,1.0,1,0.1747338111473881,48
2590,1,4143,2060,2083,0,0,0,1.0,1,1.0,1,1.0,1,0.21040345908426736,47
2591,0,4143,2060,2083,0,0,0,1.0,1,1.0,1,1.0,1,0.21040345908426736,47
2592,2,4145,2062,2083,0,0,0,1.0,1,1.0,1,1.0,1,0.251056115418576,47
2593,5,4150,2063,2087,0,0,0,1.0,1,1.0,1,1.0,1,0.1974102069357312,47
2594,5,4155,2064,2091,0,0,0,1.0,1,1.0,1,1.0,1,0.14489021197270613,49
2595,3,4158,2066,2092,0,0,0,1.0,1,1.0,1,1.0,1,0.1657560476465305,48
2596,0,4158,2066,2092,0,0,0,1.0,1,1.0,1,1.0,1,0.14933014738734912,47
2597,2,4160,2068,2092,0,0,0,1.0,1,1.0,1,1.0,1,0.1307752748703005,48
2598,1,4161,2069,2092,0,0,0,1.0,1,1.0,1,1.0,1,0.11663427202320806,48
2599,1,4162,2070,2092,0,0,0,1.0,1,1.0,1,1.0,1,0.1009403942441692,49
2600,2,4164,2071,2093,0,0,0,1.0,1,1.0,1,1.0,1,0.15674439644099622,52
2601,2,4166,2073,2093,0,0,0,1.0,1,1.0,1,1.0,1,0.173969984927052,51
2602,2,4168,2074,2094,0,0,0,1.0,1,1.0,1,1.0,1,0.1758433317314827,52
2603,1,4169,2074,2095,0,0,0,1.0,1,1.0,1,1.0,1,0.1816442700194114,53
2604,0,4169,2074,2095,0,0,0,1.0,1,1.0,1,1.0,1,0.1816442700194114,53
2605,2,4171,2075,2096,0,0,0,1.0,1,1.0,1,1.0,1,0.19813191237519875,52
2606,2,4173,2075,2098,0,0,0,1.0,1,1.0,1,1.0,1,0.15829426900657756,52
2607,0,4173,2075,2098,0,0,0,1.0,1,1.0,1,1.0,1,0.17274677275887082,52
2608,0,4173,2075,2098,0,0,0,1.0,1,1.0,1,1.0,1,0.17274677275887082,52
2609,0,4173,2075,2098,0,0,0,1.0,1,1.0,1,1.0,1,0.164146526373019,53
2610,2,4175,2076,2099,0,0,0,1.0,1,1.0,1,1.0,1,0.19069495917744228,54
2611,3,4178,2077,2101,0,0,0,1.0,1,1.0,1,1.0,1,0.15828545754794382,54
2612,3,4181,2079,2102,0,0,0,1.0,1,1.0,1,1.0,1,0.1482799087497877,56
2613,1,4182,2080,2102,0,0,0,1.0,1,1.0,1,1.0,1,0.1142255045317764,56
2614,1,4183,2081,2102,0,0,0,1.0,1,1.0,1,1.0,1,0.11452181721610181,56
2615,1,4184,2082,2102,0,0,0,1.0,1,1.0,1,1.0,1,0.12238239536897215,57
2616,0,4184,2082,2102,0,0,0,1.0,1,1.0,1,1.0,1,0.12238239536897215,57
2617,1,4185,2083,2102,0,0,0,1.0,1,1.0,1,1.0,1,0.13586770861042108,58
2618,2,4187,2084,2103,0,0,0,1.0,1,1.0,1,1.0,1,0.12863368530893213,58
2619,0,4187,2084,2103,0,0,0,1.0,1,1.0,1,1.0,1,0.15371657867898694,58
2620,1,4188,2084,2104,0,0,0,1.0,1,1.0,1,1.0,1,0.15775896606143391,60
2621,5,4193,2086,2107,0,0,0,1.0,1,1.0,1,1.0,1,0.12010656104503757,59
2622,1,4194,2086,2108,0,0,0,1.0,1,1.0,1,1.0,1,0.11665034166304822,60
2623,1,4195,2087,2108,0,0,0,1.0,1,1.0,1,1.0,1,0.14143633520055912,59
2624,5,4200,2090,2110,0,0,0,1.0,1,1.0,1,1.0,1,0.18477231303146127,58
2625,3,4203,2093,2110,0,0,0,1.0,1,1.0,1,1.0,1,0.20447549604198131,58
2626,2,4205,2095,2110,0,0,0,1.0,1,1.0,1,1.0,1,0.20921445482914341,57
2627,0,4205,2095,2110,0,0,0,1.0,1,1.0,1,1.0,1,0.1907928847993745,55
2628,1,4206,2096,2110,0,0,0,1.0,1,1.0,1,1.0,1,0.19611241958905323,55
2629,1,4207,2096,2111,0,0,0,1.0,1,1.0,1,1.0,1,0.1789877599441294,54
2630,4,4211,2097,2114,0,0,0,1.0,1,1.0,1,1.0,1,0.19180559568183195,55
2631,2,4213,2097,2116,0,0,0,1.0,1,1.0,1,1.0,1,0.17811366391063538,55
2632,2,4215,2099,2116,0,0,0,1.0,1,1.0,1,1.0,1,0.22746145704274856,55
2633,4,4219,2100,2119,0,0,0,1.0,1,1.0,1,1.0,1,0.1977226838328111,53
2634,3,4222,2101,2121,0,0,0,1.0,1,1.0,1,1.0,1,0.17375165861396558,52
2635,4,4226,2102,2124,0,0,0,1.0,1,1.0,1,1.0,1,0.16298677603502476,52
2636,4,4230,2104,2126,0,0,0,1.0,1,1.0,1,1.0,1,0.22566935597376148,51
2637,2,4232,2104,2128,0,0,0,1.0,1,1.0,1,1.0,1,0.18014591864794194,50
2638,2,4234,2106,2128,0,0,0,1.0,1,1.0,1,1.0,1,0.18340194828447418,48
2639,1,4235,2107,2128,0,0,0,1.0,1,1.0,1,1.0,1,0.21460809964030877,48
2640,5,4240,2111,2129,0,0,0,1.0,1,1.0,1,1.0,1,0.216279343499079,46
2641,5,4245,2113,2132,0,0,0,1.0,1,1.0,1,1.0,1,0.21488444694367126,46
2642,5,4250,2117,2133,0,0,0,1.0,1,1.0,1,1.0,1,0.2215607542230199,47
2643,3,4253,2118,2135,0,0,0,1.0,1,1.0,1,1.0,1,0.23165565286614154,45
2644,6,4259,2122,2137,0,0,0,1.0,1,1.0,1,1.0,1,0.3071963167891795,44
2645,1,4260,2122,2138,0,0,0,1.0,1,1.0,1,1.0,1,0.2644216319665661,42
2646,7,4267,2123,2144,0,0,0,1.0,1,1.0,1,1.0,1,0.1419886246232116,43
2647,0,4267,2123,2144,0,0,0,1.0,1,1.0,1,1.0,1,0.14047103704195277,40
2648,2,4269,2123,2146,0,0,0,1.0,1,1.0,1,1.0,1,0.12421150409720651,41
2649,1,4270,2123,2147,0,0,0,1.0,1,1.0,1,1.0,1,0.13962526423904714,43
2650,0,4270,2123,2147,0,0,0,1.0,1,1.0,1,1.0,1,0.1575192170772492,43
2651,0,4270,2123,2147,0,0,0,1.0,1,1.0,1,1.0,1,0.1462131744396447,44
2652,1,4271,2124,2147,0,0,0,1.0,1,1.0,1,1.0,1,0.1073356541205007,44
2653,0,4271,2124,2147,0,0,0,1.0,1,1.0,1,1.0,1,0.1073356541205007,44
2654,0,4271,2124,2147,0,0,0,1.0,1,1.0,1,1.0,1,0.11632910610465731,45
2655,1,4272,2125,2147,0,0,0,1.0,1,1.0,1,1.0,1,0.1107269412106724,45
2656,0,4272,2125,2147,0,0,0,1.0,1,1.0,1,1.0,1,0.1107269412106724,45
2657,0,4272,2125,2147,0,0,0,1.0,1,1.0,1,1.0,1,0.13609361923944388,45
2658,1,4273,2126,2147,0,0,0,1.0,1,1.0,1,1.0,1,0.14401617735576844,47
2659,2,4275,2127,2148,0,0,0,1.0,1,1.0,1,1.0,1,0.16934365697373607,46
2660,0,4275,2127,2148,0,0,0,1.0,1,1.0,1,1.0,1,0.16934365697373607,46
2661,4,4279,2130,2149,0,0,0,1.0,1,1.0,1,1.0,1,0.13706022284613442,46
2662,5,4284,2132,2152,0,0,0,1.0,1,1.0,1,1.0,1,0.13175870959853014,47
2663,4,4288,2134,2154,0,0,0,1.0,1,1.0,1,1.0,1,0.08808207528915983,46
2664,0,4288,2134,2154,0,0,0,1.0,1,1.0,1,1.0,1,0.06774994368542286,45
2665,2,4290,2136,2154,0,0,0,1.0,1,1.0,1,1.0,1,0.09948192500508214,47
2666,4,4294,2140,2154,0,0,0,1.0,1,1.0,1,1.0,1,0.10991199921769584,47
2667,2,4296,2142,2154,0,0,0,1.0,1,1.0,1,1.0,1,0.13350479096960594,45
2668,1,4297,2143,2154,0,0,0,1.0,1,1.0,1,1.0,1,0.1314189332012609,45
2669,3,4300,2145,2155,0,0,0,1.0,1,1.0,1,1.0,1,0.14492730922159472,45
2670,1,4301,2146,2155,0,0,0,1.0,1,1.0,1,1.0,1,0.1331273087662896,45
2671,4,4305,2150,2155,0,0,0,1.0,1,1.0,1,1.0,1,0.16767371957913524,41
2672,2,4307,2152,2155,0,0,0,1.0,1,1.0,1,1.0,1,0.17156405447420384,40
2673,1,4308,2153,2155,0,0,0,1.0,1,1.0,1,1.0,1,0.2033215442741592,39
2674,1,4309,2154,2155,0,0,0,1.0,1,1.0,1,1.0,1,0.22118220620084636,37
2675,1,4310,2155,2155,0,0,0,1.0,1,1.0,1,1.0,1,0.24070830571729382,35
2676,1,4311,2155,2156,0,0,0,1.0,1,1.0,1,1.0,1,0.24132087943784855,34
2677,2,4313,2156,2157,0,0,0,1.0,1,1.0,1,1.0,1,0.244467131024756,32
2678,0,4313,2156,2157,0,0,0,1.0,1,1.0,1,1.0,1,0.25856373028015284,33
2679,4,4317,2159,2158,0,0,0,1.0,1,1.0,1,1.0,1,0.33002891968380527,33
2680,3,4320,2161,2159,0,0,0,1.0,1,1.0,1,1.0,1,0.31546932820881995,33
2681,1,4321,2162,2159,0,0,0,1.0,1,1.0,1,1.0,1,0.28495889349856357,32
2682,4,4325,2163,2162,0,0,0,1.0,1,1.0,1,1.0,1,0.2079107779345204,32
2683,2,4327,2165,2162,0,0,0,1.0,1,1.0,1,1.0,1,0.3166611595764952,32
2684,2,4329,2165,2164,0,0,0,1.0,1,1.0,1,1.0,1,0.2832605115325206,31
2685,1,4330,2165,2165,0,0,0,1.0,1,1.0,1,1.0,1,0.2782139644427245,30
2686,1,4331,2165,2166,0,0,0,1.0,1,1.0,1,1.0,1,0.25394212686307016,29
2687,0,4331,2165,2166,0,0,0,1.0,1,1.0,1,1.0,1,0.29223399631214186,28
2688,0,4331,2165,2166,0,0,0,1.0,1,1.0,1,1.0,1,0.29223399631214186,28
2689,1,4332,2165,2167,0,0,0,1.0,1,1.0,1,1.0,1,0.26556664514720485,29
2690,2,4334,2165,2169,0,0,0,1.0,1,1.0,1,1.0,1,0.17627307140955403,29
2691,1,4335,2166,2169,0,0,0,1.0,1,1.0,1,1.0,1,0.1975207741480599,29
2692,0,4335,2166,2169,0,0,0,1.0,1,1.0,1,1.0,1,0.2209477022391035,31
2693,3,4338,2168,2170,0,0,0,1.0,1,1.0,1,1.0,1,0.27853136954825,32
2694,2,4340,2169,2171,0,0,0,1.0,1,1.0,1,1.0,1,0.2493845284547418,32
2695,1,4341,2170,2171,0,0,0,1.0,1,1.0,1,1.0,1,0.2064362311416972,33
2696,0,4341,2170,2171,0,0,0,1.0,1,1.0,1,1.0,1,0.2064362311416972,33
2697,2,4343,2171,2172,0,0,0,1.0,1,1.0,1,1.0,1,0.17405537474491362,34
2698,1,4344,2172,2172,0,0,0,1.0,1,1.0,1,1.0,1,0.19321175649885564,34
2699,0,4344,2172,2172,0,0,0,1.0,1,1.0,1,1.0,1,0.17993363557405434,36
2700,1,4345,2173,2172,0,0,0,1.0,1,1.0,1,1.0,1,0.26061729918183557,36
2701,1,4346,2173,2173,0,0,0,1.0,1,1.0,1,1.0,1,0.21748513525042035,36
2702,3,4349,2175,2174,0,0,0,1.0,1,1.0,1,1.0,1,0.2375709868585466,36
2703,5,4354,2177,2177,0,0,0,1.0,1,1.0,1,1.0,1,0.16751289095464145,38
2704,1,4355,2178,2177,0,0,0,1.0,1,1.0,1,1.0,1,0.20021546069548893,37
2705,5,4360,2181,2179,0,0,0,1.0,1,1.0,1,1.0,1,0.23503511220141055,36
2706,1,4361,2182,2179,0,0,0,1.0,1,1.0,1,1.0,1,0.25404252854732734,34
2707,2,4363,2184,2179,0,0,0,1.0,1,1.0,1,1.0,1,0.26398336990150756,36
2708,3,4366,2187,2179,0,0,0,1.0,1,1.0,1,1.0,1,0.2735230467051533,36
2709,1,4367,2187,2180,0,0,0,1.0,1,1.0,1,1.0,1,0.22260840913735222,33
2710,2,4369,2189,2180,0,0,0,1.0,1,1.0,1,1.0,1,0.21718967782419013,32
2711,1,4370,2190,2180,0,0,0,1.0,1,1.0,1,1.0,1,0.18851890545202873,29
2712,0,4370,2190,2180,0,0,0,1.0,1,1.0,1,1.0,1,0.20347382491274976,28
2713,1,4371,2191,2180,0,0,0,1.0,1,1.0,1,1.0,1,0.28624513378428956,28
2714,0,4371,2191,2180,0,0,0,1.0,1,1.0,1,1.0,1,0.3289405667016143,25
2715,2,4373,2193,2180,0,0,0,1.0,1,1.0,1,1.0,1,0.4189922243776008,24
2716,4,4377,2195,2182,0,0,0,1.0,1,1.0,1,1.0,1,0.41458547838331367,23
2717,3,4380,2196,2184,0,0,0,1.0,1,1.0,1,1.0,1,0.2680126766450421,24
2718,1,4381,2196,2185,0,0,0,1.0,1,1.0,1,1.0,1,0.21171905374267289,24
2719,0,4381,2196,2185,0,0,0,1.0,1,1.0,1,1.0,1,0.22442542689116837,25
2720,2,4383,2198,2185,0,0,0,1.0,1,1.0,1,1.0,1,0.2580801087245652,25
2721,1,4384,2199,2185,0,0,0,1.0,1,1.0,1,1.0,1,0.21407092992720642,26
2722,2,4386,2200,2186,0,0,0,1.0,1,1.0,1,1.0,1,0.2056728080413061,26
2723,1,4387,2201,2186,0,0,0,1.0,1,1.0,1,1.0,1,0.21334239076384967,26
2724,1,4388,2202,2186,0,0,0,1.0,1,1.0,1,1.0,1,0.26645561216009633,27
2725,2,4390,2203,2187,0,0,0,1.0,1,1.0,1,1.0,1,0.21575076812897656,27
2726,0,4390,2203,2187,0,0,0,1.0,1,1.0,1,1.0,1,0.24518801061251091,28
2727,0,4390,2203,2187,0,0,0,1.0,1,1.0,1,1.0,1,0.23857459629066802,29
2728,0,4390,2203,2187,0,0,0,1.0,1,1.0,1,1.0,1,0.23804481221840312,28
2729,0,4390,2203,2187,0,0,0,1.0,1,1.0,1,1.0,1,0.23804481221840312,28
2730,0,4390,2203,2187,0,0,0,1.0,1,1.0,1,1.0,1,0.25293489364151905,29
2731,1,4391,2203,2188,0,0,0,1.0,1,1.0,1,1.0,1,0.2618857910142357,30
2732,1,4392,2204,2188,0,0,0,1.0,1,1.0,1,1.0,1,0.3057825435105735,29
2733,1,4393,2204,2189,0,0,0,1.0,1,1.0,1,1.0,1,0.2879148022232623,29
2734,0,4393,2204,2189,0,0,0,1.0,1,1.0,1,1.0,1,0.2879148022232623,29
2735,0,4393,2204,2189,0,0,0,1.0,1,1.0,1,1.0,1,0.2879148022232623,29
2736,1,4394,2204,2190,0,0,0,1.0,1,1.0,1,1.0,1,0.28983408040175007,30
2737,0,4394,2204,2190,0,0,0,1.0,1,1.0,1,1.0,1,0.28983408040175007,30
2738,2,4396,2206,2190,0,0,0,1.0,1,1.0,1,1.0,1,0.32503327738002563,29
2739,2,4398,2207,2191,0,0,0,1.0,1,1.0,1,1.0,1,0.3072162246267595,30
2740,1,4399,2208,2191,0,0,0,1.0,1,1.0,1,1.0,1,0.3470976935486965,29
2741,4,4403,2209,2194,0,0,0,1.0,1,1.0,1,1.0,1,0.2641677684092638,29
2742,1,4404,2210,2194,0,0,0,1.0,1,1.0,1,1.0,1,0.2850249382486743,29
2743,3,4407,2211,2196,0,0,0,1.0,1,1.0,1,1.0,1,0.32045100335337856,30
2744,2,4409,2213,2196,0,0,0,1.0,1,1.0,1,1.0,1,0.4015404798383246,28
2745,1,4410,2213,2197,0,0,0,1.0,1,1.0,1,1.0,1,0.32817296812003,27
2746,2,4412,2215,2197,0,0,0,1.0,1,1.0,1,1.0,1,0.4273918377289348,26
2747,5,4417,2217,2200,0,0,0,1.0,1,1.0,1,1.0,1,0.4087933466730038,22
2748,1,4418,2217,2201,0,0,0,1.0,1,1.0,1,1.0,1,0.40857680976911526,22
2749,0,4418,2217,2201,0,0,0,1.0,1,1.0,1,1.0,1,0.4687532629594376,20
2750,0,4418,2217,2201,0,0,0,1.0,1,1.0,1,1.0,1,0.48159161114060334,17
2751,0,4418,2217,2201,0,0,0,1.0,1,1.0,1,1.0,1,0.48159161114060334,17
2752,1,4419,2217,2202,0,0,0,1.0,1,1.0,1,1.0,1,0.4186527664309941,16
2753,1,4420,2217,2203,0,0,0,1.0,1,1.0,1,1.0,1,0.3391027092949485,16
2754,1,4421,2218,2203,0,0,0,1.0,1,1.0,1,1.0,1,0.371825102263545,16
2755,1,4422,2219,2203,0,0,0,1.0,1,1.0,1,1.0,1,0.42663283666557944,16
2756,1,4423,2219,2204,0,0,0,1.0,1,1.0,1,1.0,1,0.42952255759382874,17
2757,1,4424,2219,2205,0,0,0,1.0,1,1.0,1,1.0,1,0.39080645565978667,18
2758,0,4424,2219,2205,0,0,0,1.0,1,1.0,1,1.0,1,0.39080645565978667,18
2759,0,4424,2219,2205,0,0,0,1.0,1,1.0,1,1.0,1,0.41304836541007683,19
2760,0,4424,2219,2205,0,0,0,1.0,1,1.0,1,1.0,1,0.37787616243916405,18
2761,0,4424,2219,2205,0,0,0,1.0,1,1.0,1,1.0,1,0.37787616243916405,18
2762,0,4424,2219,2205,0,0,0,1.0,1,1.0,1,1.0,1,0.37787616243916405,18
2763,0,4424,2219,2205,0,0,0,1.0,1,1.0,1,1.0,1,0.37787616243916405,18
2764,0,4424,2219,2205,0,0,0,1.0,1,1.0,1,1.0,1,0.37787616243916405,18
2765,1,4425,2220,2205,0,0,0,1.0,1,1.0,1,1.0,1,0.3795669488988154,18
2766,0,4425,2220,2205,0,0,0,1.0,1,1.0,1,1.0,1,0.3795669488988154,18
2767,0,4425,2220,2205,0,0,0,1.0,1,1.0,1,1.0,1,0.43661048629308646,17
2768,0,4425,2220,2205,0,0,0,1.0,1,1.0,1,1.0,1,0.43661048629308646,17
2769,0,4425,2220,2205,0,0,0,1.0,1,1.0,1,1.0,1,0.43661048629308646,17
2770,0,4425,2220,2205,0,0,0,1.0,1,1.0,1,1.0,1,0.43661048629308646,17
2771,0,4425,2220,2205,0,0,0,1.0,1,1.0,1,1.0,1,0.43661048629308646,17
2772,0,4425,2220,2205,0,0,0,1.0,1,1.0,1,1.0,1,0.43661048629308646,17
2773,1,4426,2221,2205,0,0,0,1.0,1,1.0,1,1.0,1,0.49642164205087924,17
2774,0,4426,2221,2205,0,0,0,1.0,1,1.0,1,1.0,1,0.4599415176900018,18
2775,3,4429,2224,2205,0,0,0,1.0,1,1.0,1,1.0,1,0.41479129379189206,20
2776,0,4429,2224,2205,0,0,0,1.0,1,1.0,1,1.0,1,0.39727166983443035,21
2777,0,4429,2224,2205,0,0,0,1.0,1,1.0,1,1.0,1,0.39727166983443035,21
2778,4,4433,2226,2207,0,0,0,1.0,1,1.0,1,1.0,1,0.4353043654005592,21
2779,2,4435,2227,2208,0,0,0,1.0,1,1.0,1,1.0,1,0.4419868196424838,22
2780,1,4436,2228,2208,0,0,0,1.0,1,1.0,1,1.0,1,0.5208696418766924,22
2781,3,4439,2228,2211,0,0,0,1.0,1,1.0,1,1.0,1,0.4125186630472479,22
2782,2,4441,2229,2212,0,0,0,1.0,1,1.0,1,1.0,1,0.35757147816392054,23
2783,0,4441,2229,2212,0,0,0,1.0,1,1.0,1,1.0,1,0.3336284130976024,22
2784,0,4441,2229,2212,0,0,0,1.0,1,1.0,1,1.0,1,0.3112464956512756,21
2785,0,4441,2229,2212,0,0,0,1.0,1,1.0,1,1.0,1,0.2886740588111144,19
2786,1,4442,2230,2212,0,0,0,1.0,1,1.0,1,1.0,1,0.31592140984364875,19
2787,0,4442,2230,2212,0,0,0,1.0,1,1.0,1,1.0,1,0.3043618417881258,20
2788,1,4443,2231,2212,0,0,0,1.0,1,1.0,1,1.0,1,0.3282487404324746,20
2789,0,4443,2231,2212,0,0,0,1.0,1,1.0,1,1.0,1,0.33900103423380684,19
2790,0,4443,2231,2212,0,0,0,1.0,1,1.0,1,1.0,1,0.33180551134194375,20
2791,0,4443,2231,2212,0,0,0,1.0,1,1.0,1,1.0,1,0.33180551134194375,20
2792,0,4443,2231,2212,0,0,0,1.0,1,1.0,1,1.0,1,0.33180551134194375,20
2793,0,4443,2231,2212,0,0,0,1.0,1,1.0,1,1.0,1,0.3686690959064954,19
2794,0,4443,2231,2212,0,0,0,1.0,1,1.0,1,1.0,1,0.38820884191650684,20
2795,0,4443,2231,2212,0,0,0,1.0,1,1.0,1,1.0,1,0.3947334673291431,21
2796,0,4443,2231,2212,0,0,0,1.0,1,1.0,1,1.0,1,0.37992021838044465,22
2797,0,4443,2231,2212,0,0,0,1.0,1,1.0,1,1.0,1,0.4235973272756897,21
2798,1,4444,2232,2212,0,0,0,1.0,1,1.0,1,1.0,1,0.4768984102699198,21
2799,0,4444,2232,2212,0,0,0,1.0,1,1.0,1,1.0,1,0.4629394541538588,20
2800,0,4444,2232,2212,0,0,0,1.0,1,1.0,1,1.0,1,0.4629394541538588,20
2801,1,4445,2232,2213,0,0,0,1.0,1,1.0,1,1.0,1,0.4125366137394858,20
2802,1,4446,2232,2214,0,0,0,1.0,1,1.0,1,1.0,1,0.356509999243963,20
2803,1,4447,2232,2215,0,0,0,1.0,1,1.0,1,1.0,1,0.31911404945514393,21
2804,2,4449,2232,2217,0,0,0,1.0,1,1.0,1,1.0,1,0.24502659273527214,22
2805,1,4450,2233,2217,0,0,0,1.0,1,1.0,1,1.0,1,0.2402051670535805,22
2806,0,4450,2233,2217,0,0,0,1.0,1,1.0,1,1.0,1,0.2503891222973223,23
2807,3,4453,2236,2217,0,0,0,1.0,1,1.0,1,1.0,1,0.3691512771165693,24
2808,2,4455,2238,2217,0,0,0,1.0,1,1.0,1,1.0,1,0.4369686323545768,24
2809,3,4458,2238,2220,0,0,0,1.0,1,1.0,1,1.0,1,0.294784127416619,26
2810,2,4460,2238,2222,0,0,0,1.0,1,1.0,1,1.0,1,0.17990287384046022,26
2811,0,4460,2238,2222,0,0,0,1.0,1,1.0,1,1.0,1,0.18938726317679083,27
2812,1,4461,2238,2223,0,0,0,1.0,1,1.0,1,1.0,1,0.16208082059410248,27
2813,0,4461,2238,2223,0,0,0,1.0,1,1.0,1,1.0,1,0.14924653200997162,28
2814,1,4462,2239,2223,0,0,0,1.0,1,1.0,1,1.0,1,0.18620346012527061,29
2815,0,4462,2239,2223,0,0,0,1.0,1,1.0,1,1.0,1,0.19072561146846118,30
2816,2,4464,2241,2223,0,0,0,1.0,1,1.0,1,1.0,1,0.14132918143082057,31
2817,0,4464,2241,2223,0,0,0,1.0,1,1.0,1,1.0,1,0.14132918143082057,31
2818,1,4465,2242,2223,0,0,0,1.0,1,1.0,1,1.0,1,0.1651126752987962,32
2819,0,4465,2242,2223,0,0,0,1.0,1,1.0,1,1.0,1,0.1651126752987962,32
2820,0,4465,2242,2223,0,0,0,1.0,1,1.0,1,1.0,1,0.18102787234933077,33
2821,1,4466,2242,2224,0,0,0,1.0,1,1.0,1,1.0,1,0.18216677824215288,34
2822,1,4467,2243,2224,0,0,0,1.0,1,1.0,1,1.0,1,0.16739629206590506,35
2823,2,4469,2244,2225,0,0,0,1.0,1,1.0,1,1.0,1,0.2319933319934403,31
2824,3,4472,2247,2225,0,0,0,1.0,1,1.0,1,1.0,1,0.3724441870400761,33
2825,2,4474,2247,2227,0,0,0,1.0,1,1.0,1,1.0,1,0.27462570735014535,31
2826,1,4475,2248,2227,0,0,0,1.0,1,1.0,1,1.0,1,0.33140101925320026,31
2827,1,4476,2249,2227,0,0,0,1.0,1,1.0,1,1.0,1,0.3293200343663883,32
2828,4,4480,2250,2230,0,0,0,1.0,1,1.0,1,1.0,1,0.35138213165342896,33
2829,5,4485,2252,2233,0,0,0,1.0,1,1.0,1,1.0,1,0.28406544703506964,33
2830,2,4487,2252,2235,0,0,0,1.0,1,1.0,1,1.0,1,0.2665749643473908,32
2831,3,4490,2254,2236,0,0,0,1.0,1,1.0,1,1.0,1,0.28588686583606254,31
2832,2,4492,2255,2237,0,0,0,1.0,1,1.0,1,1.0,1,0.20493741695567458,30
2833,1,4493,2256,2237,0,0,0,1.0,1,1.0,1,1.0,1,0.19229701272399502,29
2834,5,4498,2259,2239,0,0,0,1.0,1,1.0,1,1.0,1,0.19711880766690015,29
2835,2,4500,2261,2239,0,0,0,1.0,1,1.0,1,1.0,1,0.33115992037149805,27
2836,0,4500,2261,2239,0,0,0,1.0,1,1.0,1,1.0,1,0.31322021623202734,27
2837,1,4501,2261,2240,0,0,0,1.0,1,1.0,1,1.0,1,0.28297935123180024,28
2838,1,4502,2261,2241,0,0,0,1.0,1,1.0,1,1.0,1,0.2635262184945759,29
2839,0,4502,2261,2241,0,0,0,1.0,1,1.0,1,1.0,1,0.2635151622895987,29
2840,0,4502,2261,2241,0,0,0,1.0,1,1.0,1,1.0,1,0.2635151622895987,29
2841,1,4503,2262,2241,0,0,0,1.0,1,1.0,1,1.0,1,0.27378426328610866,31
2842,1,4504,2262,2242,0,0,0,1.0,1,1.0,1,1.0,1,0.23761805864424831,32
2843,0,4504,2262,2242,0,0,0,1.0,1,1.0,1,1.0,1,0.23761805864424831,32
2844,2,4506,2262,2244,0,0,0,1.0,1,1.0,1,1.0,1,0.18574683724615496,33
2845,2,4508,2264,2244,0,0,0,1.0,1,1.0,1,1.0,1,0.1900602110898659,34
2846,1,4509,2265,2244,0,0,0,1.0,1,1.0,1,1.0,1,0.20234101615396416,34
2847,1,4510,2266,2244,0,0,0,1.0,1,1.0,1,1.0,1,0.21341670626873607,35
2848,1,4511,2267,2244,0,0,0,1.0,1,1.0,1,1.0,1,0.25444762368219387,37
2849,2,4513,2268,2245,0,0,0,1.0,1,1.0,1,1.0,1,0.2532175350959379,37
2850,1,4514,2269,2245,0,0,0,1.0,1,1.0,1,1.0,1,0.24745810572594576,37
2851,1,4515,2270,2245,0,0,0,1.0,1,1.0,1,1.0,1,0.2815901669241193,38
2852,0,4515,2270,2245,0,0,0,1.0,1,1.0,1,1.0,1,0.27930545417597996,36
2853,1,4516,2270,2246,0,0,0,1.0,1,1.0,1,1.0,1,0.2764299345016698,36
2854,0,4516,2270,2246,0,0,0,1.0,1,1.0,1,1.0,1,0.29105115687303273,37
2855,2,4518,2270,2248,0,0,0,1.0,1,1.0,1,1.0,1,0.28138579749709863,37
2856,1,4519,2270,2249,0,0,0,1.0,1,1.0,1,1.0,1,0.2418591349935682,38
2857,2,4521,2272,2249,0,0,0,1.0,1,1.0,1,1.0,1,0.27031601076754264,39
2858,4,4525,2273,2252,0,0,0,1.0,1,1.0,1,1.0,1,0.22150446035836566,39
2859,0,4525,2273,2252,0,0,0,1.0,1,1.0,1,1.0,1,0.22150446035836566,39
2860,1,4526,2274,2252,0,0,0,1.0,1,1.0,1,1.0,1,0.21973765238873347,40
2861,2,4528,2276,2252,0,0,0,1.0,1,1.0,1,1.0,1,0.1990184845906624,38
2862,7,4535,2282,2253,0,0,0,1.0,1,1.0,1,1.0,1,0.2687933139065241,38
2863,2,4537,2283,2254,0,0,0,1.0,1,1.0,1,1.0,1,0.24544117277574778,37
2864,5,4542,2287,2255,0,0,0,1.0,1,1.0,1,1.0,1,0.24781174952074186,35
2865,2,4544,2288,2256,0,0,0,1.0,1,1.0,1,1.0,1,0.2779940351847038,33
2866,2,4546,2289,2257,0,0,0,1.0,1,1.0,1,1.0,1,0.233706478244801,31
2867,1,4547,2290,2257,0,0,0,1.0,1,1.0,1,1.0,1,0.26415986814196313,30
2868,2,4549,2292,2257,0,0,0,1.0,1,1.0,1,1.0,1,0.30836756021347156,31
2869,5,4554,2294,2260,0,0,0,1.0,1,1.0,1,1.0,1,0.352569139824073,30
2870,1,4555,2294,2261,0,0,0,1.0,1,1.0,1,1.0,1,0.3327626722845497,26
2871,1,4556,2295,2261,0,0,0,1.0,1,1.0,1,1.0,1,0.38537739835381296,27
2872,0,4556,2295,2261,0,0,0,1.0,1,1.0,1,1.0,1,0.3652928905348238,25
2873,0,4556,2295,2261,0,0,0,1.0,1,1.0,1,1.0,1,0.35653807478949145,24
2874,0,4556,2295,2261,0,0,0,1.0,1,1.0,1,1.0,1,0.31361945966496224,25
2875,1,4557,2296,2261,0,0,0,1.0,1,1.0,1,1.0,1,0.3317862586044454,26
2876,2,4559,2297,2262,0,0,0,1.0,1,1.0,1,1.0,1,0.3452309119444041,28
2877,1,4560,2297,2263,0,0,0,1.0,1,1.0,1,1.0,1,0.32660778396977985,29
2878,2,4562,2297,2265,0,0,0,1.0,1,1.0,1,1.0,1,0.2277663839961967,31
2879,0,4562,2297,2265,0,0,0,1.0,1,1.0,1,1.0,1,0.2277663839961967,31
2880,0,4562,2297,2265,0,0,0,1.0,1,1.0,1,1.0,1,0.2315839406827933,32
2881,0,4562,2297,2265,0,0,0,1.0,1,1.0,1,1.0,1,0.2557566065528328,31
2882,0,4562,2297,2265,0,0,0,1.0,1,1.0,1,1.0,1,0.2557566065528328,31
2883,2,4564,2297,2267,0,0,0,1.0,1,1.0,1,1.0,1,0.2558611788668502,32
2884,1,4565,2298,2267,0,0,0,1.0,1,1.0,1,1.0,1,0.2662726482147191,32
2885,1,4566,2298,2268,0,0,0,1.0,1,1.0,1,1.0,1,0.2592043720411158,33
2886,3,4569,2300,2269,0,0,0,1.0,1,1.0,1,1.0,1,0.22751007327013842,34
2887,1,4570,2300,2270,0,0,0,1.0,1,1.0,1,1.0,1,0.20497467980879608,34
2888,2,4572,2301,2271,0,0,0,1.0,1,1.0,1,1.0,1,0.1986663765104258,34
2889,4,4576,2302,2274,0,0,0,1.0,1,1.0,1,1.0,1,0.19155125856325578,37
2890,1,4577,2302,2275,0,0,0,1.0,1,1.0,1,1.0,1,0.17410400213471885,37
2891,2,4579,2304,2275,0,0,0,1.0,1,1.0,1,1.0,1,0.2442557112837132,37
2892,0,4579,2304,2275,0,0,0,1.0,1,1.0,1,1.0,1,0.2442557112837132,37
2893,2,4581,2305,2276,0,0,0,1.0,1,1.0,1,1.0,1,0.2323300864852589,38
2894,2,4583,2305,2278,0,0,0,1.0,1,1.0,1,1.0,1,0.18721945887799318,39
2895,1,4584,2306,2278,0,0,0,1.0,1,1.0,1,1.0,1,0.1797622443533625,40
2896,3,4587,2308,2279,0,0,0,1.0,1,1.0,1,1.0,1,0.2319035733179129,41
2897,0,4587,2308,2279,0,0,0,1.0,1,1.0,1,1.0,1,0.2319035733179129,41
2898,2,4589,2310,2279,0,0,0,1.0,1,1.0,1,1.0,1,0.28079892226526554,41
2899,0,4589,2310,2279,0,0,0,1.0,1,1.0,1,1.0,1,0.269336801550074,39
2900,3,4592,2312,2280,0,0,0,1.0,1,1.0,1,1.0,1,0.3501272619493738,40
2901,2,4594,2312,2282,0,0,0,1.0,1,1.0,1,1.0,1,0.2972223996826568,40
2902,1,4595,2313,2282,0,0,0,1.0,1,1.0,1,1.0,1,0.34132750044287086,38
2903,0,4595,2313,2282,0,0,0,1.0,1,1.0,1,1.0,1,0.312033542083903,36
2904,3,4598,2315,2283,0,0,0,1.0,1,1.0,1,1.0,1,0.3328995138731116,36
2905,0,4598,2315,2283,0,0,0,1.0,1,1.0,1,1.0,1,0.31337727266329074,35
2906,0,4598,2315,2283,0,0,0,1.0,1,1.0,1,1.0,1,0.32813487418333875,36
2907,2,4600,2316,2284,0,0,0,1.0,1,1.0,1,1.0,1,0.3450765821541944,37
2908,5,4605,2317,2288,0,0,0,1.0,1,1.0,1,1.0,1,0.3104483739338969,38
2909,1,4606,2318,2288,0,0,0,1.0,1,1.0,1,1.0,1,0.32880441298872987,37
2910,1,4607,2318,2289,0,0,0,1.0,1,1.0,1,1.0,1,0.30129034520840264,37
2911,0,4607,2318,2289,0,0,0,1.0,1,1.0,1,1.0,1,0.29662022594186815,36
2912,3,4610,2321,2289,0,0,0,1.0,1,1.0,1,1.0,1,0.34174638836862187,36
2913,1,4611,2321,2290,0,0,0,1.0,1,1.0,1,1.0,1,0.33361684536222425,36
2914,4,4615,2322,2293,0,0,0,1.0,1,1.0,1,1.0,1,0.3202109226139182,38
2915,1,4616,2322,2294,0,0,0,1.0,1,1.0,1,1.0,1,0.28451484174678354,37
2916,2,4618,2322,2296,0,0,0,1.0,1,1.0,1,1.0,1,0.2712387606547335,39
2917,7,4625,2323,2302,0,0,0,1.0,1,1.0,1,1.0,1,0.1785817462273493,40
2918,1,4626,2324,2302,0,0,0,1.0,1,1.0,1,1.0,1,0.1909275343812183,40
2919,1,4627,2325,2302,0,0,0,1.0,1,1.0,1,1.0,1,0.1912016544990849,42
2920,0,4627,2325,2302,0,0,0,1.0,1,1.0,1,1.0,1,0.1912016544990849,42
2921,1,4628,2325,2303,0,0,0,1.0,1,1.0,1,1.0,1,0.17300588878261772,42
2922,1,4629,2326,2303,0,0,0,1.0,1,1.0,1,1.0,1,0.18164530526669095,43
2923,1,4630,2326,2304,0,0,0,1.0,1,1.0,1,1.0,1,0.19201908727670094,45
2924,3,4633,2327,2306,0,0,0,1.0,1,1.0,1,1.0,1,0.13459820176955353,46
2925,0,4633,2327,2306,0,0,0,1.0,1,1.0,1,1.0,1,0.13459820176955353,46
2926,0,4633,2327,2306,0,0,0,1.0,1,1.0,1,1.0,1,0.13459820176955353,46
2927,1,4634,2328,2306,0,0,0,1.0,1,1.0,1,1.0,1,0.15984106387296668,48
2928,2,4636,2330,2306,0,0,0,1.0,1,1.0,1,1.0,1,0.19540714981969362,48
2929,0,4636,2330,2306,0,0,0,1.0,1,1.0,1,1.0,1,0.19540714981969362,48
2930,0,4636,2330,2306,0,0,0,1.0,1,1.0,1,1.0,1,0.2191508368813336,50
2931,1,4637,2331,2306,0,0,0,1.0,1,1.0,1,1.0,1,0.2512248623530858,51
2932,1,4638,2331,2307,0,0,0,1.0,1,1.0,1,1.0,1,0.25511836436621677,52
2933,0,4638,2331,2307,0,0,0,1.0,1,1.0,1,1.0,1,0.2602436825555484,53
2934,4,4642,2332,2310,0,0,0,1.0,1,1.0,1,1.0,1,0.24510295929936088,54
2935,0,4642,2332,2310,0,0,0,1.0,1,1.0,1,1.0,1,0.26945603346366387,53
2936,0,4642,2332,2310,0,0,0,1.0,1,1.0,1,1.0,1,0.26945603346366387,53
2937,2,4644,2333,2311,0,0,0,1.0,1,1.0,1,1.0,1,0.27830112269032037,51
2938,2,4646,2335,2311,0,0,0,1.0,1,1.0,1,1.0,1,0.3299319895954923,53
2939,4,4650,2336,2314,0,0,0,1.0,1,1.0,1,1.0,1,0.2947740580573421,52
2940,3,4653,2338,2315,0,0,0,1.0,1,1.0,1,1.0,1,0.3345539250560973,52
2941,1,4654,2338,2316,0,0,0,1.0,1,1.0,1,1.0,1,0.3172040574801024,50
2942,3,4657,2338,2319,0,0,0,1.0,1,1.0,1,1.0,1,0.2413522773197848,50
2943,1,4658,2339,2319,0,0,0,1.0,1,1.0,1,1.0,1,0.2348732255383941,49
2944,3,4661,2339,2322,0,0,0,1.0,1,1.0,1,1.0,1,0.18243458325802764,48
2945,0,4661,2339,2322,0,0,0,1.0,1,1.0,1,1.0,1,0.18492980372953344,48
2946,3,4664,2341,2323,0,0,0,1.0,1,1.0,1,1.0,1,0.18733650671258553,47
2947,0,4664,2341,2323,0,0,0,1.0,1,1.0,1,1.0,1,0.17918600383792507,47
2948,1,4665,2342,2323,0,0,0,1.0,1,1.0,1,1.0,1,0.1807533589934315,48
2949,1,4666,2342,2324,0,0,0,1.0,1,1.0,1,1.0,1,0.16561634311227014,48
2950,0,4666,2342,2324,0,0,0,1.0,1,1.0,1,1.0,1,0.16561634311227014,48
2951,0,4666,2342,2324,0,0,0,1.0,1,1.0,1,1.0,1,0.1882763740250076,50
2952,0,4666,2342,2324,0,0,0,1.0,1,1.0,1,1.0,1,0.1882763740250076,50
2953,1,4667,2342,2325,0,0,0,1.0,1,1.0,1,1.0,1,0.19905207234783034,51
2954,0,4667,2342,2325,0,0,0,1.0,1,1.0,1,1.0,1,0.19905207234783034,51
2955,0,4667,2342,2325,0,0,0,1.0,1,1.0,1,1.0,1,0.19905207234783034,51
2956,1,4668,2342,2326,0,0,0,1.0,1,1.0,1,1.0,1,0.18569873168335738,51
2957,0,4668,2342,2326,0,0,0,1.0,1,1.0,1,1.0,1,0.193493053970547,52
2958,1,4669,2342,2327,0,0,0,1.0,1,1.0,1,1.0,1,0.1682845100037873,52
2959,2,4671,2343,2328,0,0,0,1.0,1,1.0,1,1.0,1,0.18685599300968048,53
2960,0,4671,2343,2328,0,0,0,1.0,1,1.0,1,1.0,1,0.17519281806528123,52
2961,0,4671,2343,2328,0,0,0,1.0,1,1.0,1,1.0,1,0.18820867215573533,53
2962,0,4671,2343,2328,0,0,0,1.0,1,1.0,1,1.0,1,0.194693909667665,54
2963,2,4673,2345,2328,0,0,0,1.0,1,1.0,1,1.0,1,0.2062522537358442,55
2964,1,4674,2345,2329,0,0,0,1.0,1,1.0,1,1.0,1,0.20768749429250835,55
2965,2,4676,2345,2331,0,0,0,1.0,1,1.0,1,1.0,1,0.18944445822780123,55
2966,0,4676,2345,2331,0,0,0,1.0,1,1.0,1,1.0,1,0.18944445822780123,55
2967,1,4677,2345,2332,0,0,0,1.0,1,1.0,1,1.0,1,0.21733780623845614,56
2968,1,4678,2345,2333,0,0,0,1.0,1,1.0,1,1.0,1,0.20480712549172908,56
2969,2,4680,2346,2334,0,0,0,1.0,1,1.0,1,1.0,1,0.18938336503149752,55
2970,2,4682,2346,2336,0,0,0,1.0,1,1.0,1,1.0,1,0.17670333313324998,57
2971,2,4684,2348,2336,0,0,0,1.0,1,1.0,1,1.0,1,0.16924072548637917,56
2972,1,4685,2349,2336,0,0,0,1.0,1,1.0,1,1.0,1,0.18704101112997376,57
2973,2,4687,2351,2336,0,0,0,1.0,1,1.0,1,1.0,1,0.20623821603348816,59
2974,5,4692,2353,2339,0,0,0,1.0,1,1.0,1,1.0,1,0.20577078845193217,60
2975,4,4696,2355,2341,0,0,0,1.0,1,1.0,1,1.0,1,0.2528924595902583,58
2976,3,4699,2355,2344,0,0,0,1.0,1,1.0,1,1.0,1,0.20817319008531035,59
2977,3,4702,2356,2346,0,0,0,1.0,1,1.0,1,1.0,1,0.20420080992559977,59
2978,3,4705,2358,2347,0,0,0,1.0,1,1.0,1,1.0,1,0.20858539508045176,58
2979,1,4706,2359,2347,0,0,0,1.0,1,1.0,1,1.0,1,0.2143538288723775,57
2980,2,4708,2361,2347,0,0,0,1.0,1,1.0,1,1.0,1,0.1830855849964525,56
2981,1,4709,2362,2347,0,0,0,1.0,1,1.0,1,1.0,1,0.21227409368763628,56
2982,2,4711,2363,2348,0,0,0,1.0,1,1.0,1,1.0,1,0.20454337271660003,57
2983,3,4714,2363,2351,0,0,0,1.0,1,1.0,1,1.0,1,0.16821297855388262,57
2984,1,4715,2364,2351,0,0,0,1.0,1,1.0,1,1.0,1,0.14943165276173168,56
2985,1,4716,2365,2351,0,0,0,1.0,1,1.0,1,1.0,1,0.19981193620026078,55
2986,6,4722,2369,2353,0,0,0,1.0,1,1.0,1,1.0,1,0.21942269801468722,55
2987,1,4723,2369,2354,0,0,0,1.0,1,1.0,1,1.0,1,0.2625569212318536,51
2988,4,4727,2371,2356,0,0,0,1.0,1,1.0,1,1.0,1,0.24064036431175226,52
2989,5,4732,2371,2361,0,0,0,1.0,1,1.0,1,1.0,1,0.18779094051768075,50
2990,3,4735,2373,2362,0,0,0,1.0,1,1.0,1,1.0,1,0.1777225801409947,50
2991,1,4736,2373,2363,0,0,0,1.0,1,1.0,1,1.0,1,0.15243741817157305,50
2992,1,4737,2374,2363,0,0,0,1.0,1,1.0,1,1.0,1,0.1552952684010244,50
2993,1,4738,2374,2364,0,0,0,1.0,1,1.0,1,1.0,1,0.1843618399033757,51
2994,1,4739,2375,2364,0,0,0,1.0,1,1.0,1,1.0,1,0.20065789837424372,51
2995,0,4739,2375,2364,0,0,0,1.0,1,1.0,1,1.0,1,0.22082425267896427,51
2996,2,4741,2376,2365,0,0,0,1.0,1,1.0,1,1.0,1,0.23327558940485005,52
2997,2,4743,2378,2365,0,0,0,1.0,1,1.0,1,1.0,1,0.2792508344631559,52
2998,5,4748,2382,2366,0,0,0,1.0,1,1.0,1,1.0,1,0.2755082283042271,51
2999,1,4749,2382,2367,0,0,0,1.0,1,1.0,1,1.0,1,0.26259689010305276,51
3000,3,4752,2384,2368,0,0,0,1.0,1,1.0,1,1.0,1,0.2424172056675386,52
3001,1,4753,2384,2369,0,0,0,1.0,1,1.0,1,1.0,1,0.23520260876680799,52
3002,2,4755,2385,2370,0,0,0,1.0,1,1.0,1,1.0,1,0.256568976999138,53
3003,0,4755,2385,2370,0,0,0,1.0,1,1.0,1,1.0,1,0.2477510994447175,54
3004,0,4755,2385,2370,0,0,0,1.0,1,1.0,1,1.0,1,0.25521189764540425,55
3005,3,4758,2385,2373,0,0,0,1.0,1,1.0,1,1.0,1,0.23190296264658575,56
3006,1,4759,2385,2374,0,0,0,1.0,1,1.0,1,1.0,1,0.21323922509845777,57
3007,0,4759,2385,2374,0,0,0,1.0,1,1.0,1,1.0,1,0.22459553030253523,58
3008,1,4760,2385,2375,0,0,0,1.0,1,1.0,1,1.0,1,0.20560450412518988,59
3009,0,4760,2385,2375,0,0,0,1.0,1,1.0,1,1.0,1,0.20560450412518988,59
3010,1,4761,2385,2376,0,0,0,1.0,1,1.0,1,1.0,1,0.19055017889831705,59
3011,1,4762,2385,2377,0,0,0,1.0,1,1.0,1,1.0,1,0.16034846785063842,59
3012,0,4762,2385,2377,0,0,0,1.0,1,1.0,1,1.0,1,0.17108815530610627,61
3013,1,4763,2386,2377,0,0,0,1.0,1,1.0,1,1.0,1,0.1823926477162977,59
3014,2,4765,2387,2378,0,0,0,1.0,1,1.0,1,1.0,1,0.2007048642151183,60
3015,1,4766,2388,2378,0,0,0,1.0,1,1.0,1,1.0,1,0.20441039823593232,58
3016,2,4768,2389,2379,0,0,0,1.0,1,1.0,1,1.0,1,0.25313188724455304,57
3017,3,4771,2392,2379,0,0,0,1.0,1,1.0,1,1.0,1,0.268245833104892,58
3018,0,4771,2392,2379,0,0,0,1.0,1,1.0,1,1.0,1,0.29551407565103094,55
3019,2,4773,2392,2381,0,0,0,1.0,1,1.0,1,1.0,1,0.2718220246150605,56
3020,0,4773,2392,2381,0,0,0,1.0,1,1.0,1,1.0,1,0.30073856792125,55
3021,2,4775,2393,2382,0,0,0,1.0,1,1.0,1,1.0,1,0.289268307998562,55
3022,1,4776,2394,2382,0,0,0,1.0,1,1.0,1,1.0,1,0.3256780727325471,55
3023,4,4780,2396,2384,0,0,0,1.0,1,1.0,1,1.0,1,0.2885987381411056,54
3024,1,4781,2397,2384,0,0,0,1.0,1,1.0,1,1.0,1,0.2944726627651893,54
3025,8,4789,2400,2389,0,0,0,1.0,1,1.0,1,1.0,1,0.2716136362561047,54
3026,3,4792,2400,2392,0,0,0,1.0,1,1.0,1,1.0,1,0.24107462534587892,53
3027,5,4797,2403,2394,0,0,0,1.0,1,1.0,1,1.0,1,0.19658005569240583,53
3028,2,4799,2404,2395,0,0,0,1.0,1,1.0,1,1.0,1,0.20458208942038889,51
3029,4,4803,2405,2398,0,0,0,1.0,1,1.0,1,1.0,1,0.17145320263906083,51
3030,3,4806,2407,2399,0,0,0,1.0,1,1.0,1,1.0,1,0.16823540880952978,52
3031,3,4809,2409,2400,0,0,0,1.0,1,1.0,1,1.0,1,0.184634221881502,51
3032,0,4809,2409,2400,0,0,0,1.0,1,1.0,1,1.0,1,0.17973872052813475,50
3033,1,4810,2409,2401,0,0,0,1.0,1,1.0,1,1.0,1,0.16543983070844098,52
3034,0,4810,2409,2401,0,0,0,1.0,1,1.0,1,1.0,1,0.18031182595531972,51
3035,0,4810,2409,2401,0,0,0,1.0,1,1.0,1,1.0,1,0.1780753576246023,51
3036,1,4811,2409,2402,0,0,0,1.0,1,1.0,1,1.0,1,0.16053635707845143,53
3037,0,4811,2409,2402,0,0,0,1.0,1,1.0,1,1.0,1,0.1748758982782409,52
3038,1,4812,2409,2403,0,0,0,1.0,1,1.0,1,1.0,1,0.14577319369679864,52
3039,2,4814,2409,2405,0,0,0,1.0,1,1.0,1,1.0,1,0.10294296387520824,54
3040,0,4814,2409,2405,0,0,0,1.0,1,1.0,1,1.0,1,0.11326750379825015,55
3041,1,4815,2409,2406,0,0,0,1.0,1,1.0,1,1.0,1,0.11814197804661959,56
3042,2,4817,2411,2406,0,0,0,1.0,1,1.0,1,1.0,1,0.16440864163821026,56
3043,0,4817,2411,2406,0,0,0,1.0,1,1.0,1,1.0,1,0.16056015428326637,57
3044,1,4818,2412,2406,0,0,0,1.0,1,1.0,1,1.0,1,0.1859528298063585,57
3045,3,4821,2412,2409,0,0,0,1.0,1,1.0,1,1.0,1,0.14235450428626664,56
3046,2,4823,2414,2409,0,0,0,1.0,1,1.0,1,1.0,1,0.1576506376772869,57
3047,0,4823,2414,2409,0,0,0,1.0,1,1.0,1,1.0,1,0.1713659819944924,56
3048,2,4825,2415,2410,0,0,0,1.0,1,1.0,1,1.0,1,0.17295777834554985,58
3049,2,4827,2415,2412,0,0,0,1.0,1,1.0,1,1.0,1,0.18034482826235548,59
3050,1,4828,2415,2413,0,0,0,1.0,1,1.0,1,1.0,1,0.18473486280112958,60
3051,3,4831,2417,2414,0,0,0,1.0,1,1.0,1,1.0,1,0.21526551651807677,59
3052,2,4833,2418,2415,0,0,0,1.0,1,1.0,1,1.0,1,0.2301416126552003,58
3053,7,4840,2420,2420,0,0,0,1.0,1,1.0,1,1.0,1,0.2151222308735013,57
3054,1,4841,2421,2420,0,0,0,1.0,1,1.0,1,1.0,1,0.26062016011790995,55
3055,1,4842,2422,2420,0,0,0,1.0,1,1.0,1,1.0,1,0.26502349771960293,54
3056,3,4845,2423,2422,0,0,0,1.0,1,1.0,1,1.0,1,0.25675545398742833,55
3057,0,4845,2423,2422,0,0,0,1.0,1,1.0,1,1.0,1,0.2739867268572212,54
3058,1,4846,2424,2422,0,0,0,1.0,1,1.0,1,1.0,1,0.2913353864181132,55
3059,0,4846,2424,2422,0,0,0,1.0,1,1.0,1,1.0,1,0.28610595988860493,56
3060,0,4846,2424,2422,0,0,0,1.0,1,1.0,1,1.0,1,0.28610595988860493,56
3061,2,4848,2426,2422,0,0,0,1.0,1,1.0,1,1.0,1,0.2810080637102383,56
3062,3,4851,2429,2422,0,0,0,1.0,1,1.0,1,1.0,1,0.33836480325863827,57
3063,1,4852,2430,2422,0,0,0,1.0,1,1.0,1,1.0,1,0.31308524086245765,55
3064,4,4856,2433,2423,0,0,0,1.0,1,1.0,1,1.0,1,0.35931656408319046,56
3065,6,4862,2435,2427,0,0,0,1.0,1,1.0,1,1.0,1,0.29984181832017087,55
3066,2,4864,2436,2428,0,0,0,1.0,1,1.0,1,1.0,1,0.3023105109116007,55
3067,2,4866,2437,2429,0,0,0,1.0,1,1.0,1,1.0,1,0.2930218389681785,54
3068,7,4873,2440,2433,0,0,0,1.0,1,1.0,1,1.0,1,0.305725879246924,53
3069,3,4876,2442,2434,0,0,0,1.0,1,1.0,1,1.0,1,0.317491872358835,51
3070,2,4878,2442,2436,0,0,0,1.0,1,1.0,1,1.0,1,0.2956566146618492,50
3071,2,4880,2442,2438,0,0,0,1.0,1,1.0,1,1.0,1,0.24964261780546665,51
3072,1,4881,2442,2439,0,0,0,1.0,1,1.0,1,1.0,1,0.26124877347676473,53
3073,1,4882,2442,2440,0,0,0,1.0,1,1.0,1,1.0,1,0.2533949331744946,51
3074,1,4883,2443,2440,0,0,0,1.0,1,1.0,1,1.0,1,0.25916399496066844,50
3075,2,4885,2444,2441,0,0,0,1.0,1,1.0,1,1.0,1,0.2813357522814423,52
3076,2,4887,2445,2442,0,0,0,1.0,1,1.0,1,1.0,1,0.30061017161797404,53
3077,1,4888,2445,2443,0,0,0,1.0,1,1.0,1,1.0,1,0.2846174641796675,52
3078,0,4888,2445,2443,0,0,0,1.0,1,1.0,1,1.0,1,0.31717398391981516,53
3079,0,4888,2445,2443,0,0,0,1.0,1,1.0,1,1.0,1,0.31717398391981516,53
3080,0,4888,2445,2443,0,0,0,1.0,1,1.0,1,1.0,1,0.3393779813864334,52
3081,4,4892,2446,2446,0,0,0,1.0,1,1.0,1,1.0,1,0.33089820015252946,54
3082,5,4897,2448,2449,0,0,0,1.0,1,1.0,1,1.0,1,0.32559188925593735,54
3083,0,4897,2448,2449,0,0,0,1.0,1,1.0,1,1.0,1,0.32559188925593735,54
3084,1,4898,2449,2449,0,0,0,1.0,1,1.0,1,1.0,1,0.33395065033785615,55
3085,0,4898,2449,2449,0,0,0,1.0,1,1.0,1,1.0,1,0.33395065033785615,55
3086,0,4898,2449,2449,0,0,0,1.0,1,1.0,1,1.0,1,0.34318239590713445,56
3087,2,4900,2449,2451,0,0,0,1.0,1,1.0,1,1.0,1,0.3386802655042436,57
3088,1,4901,2449,2452,0,0,0,1.0,1,1.0,1,1.0,1,0.3399953452680648,56
3089,0,4901,2449,2452,0,0,0,1.0,1,1.0,1,1.0,1,0.333476613765656,55
3090,1,4902,2449,2453,0,0,0,1.0,1,1.0,1,1.0,1,0.3276429079133908,54
3091,0,4902,2449,2453,0,0,0,1.0,1,1.0,1,1.0,1,0.3470982379179563,53
3092,1,4903,2449,2454,0,0,0,1.0,1,1.0,1,1.0,1,0.3200270260387779,56
3093,1,4904,2450,2454,0,0,0,1.0,1,1.0,1,1.0,1,0.33406923361067875,56
3094,1,4905,2450,2455,0,0,0,1.0,1,1.0,1,1.0,1,0.32993060595849005,58
3095,1,4906,2450,2456,0,0,0,1.0,1,1.0,1,1.0,1,0.3251760985433983,59
3096,0,4906,2450,2456,0,0,0,1.0,1,1.0,1,1.0,1,0.33179969902749773,60
3097,2,4908,2451,2457,0,0,0,1.0,1,1.0,1,1.0,1,0.3189754848637702,60
3098,1,4909,2451,2458,0,0,0,1.0,1,1.0,1,1.0,1,0.33626999238410066,58
3099,0,4909,2451,2458,0,0,0,1.0,1,1.0,1,1.0,1,0.3495600617524011,57
3100,0,4909,2451,2458,0,0,0,1.0,1,1.0,1,1.0,1,0.3495600617524011,57
3101,2,4911,2452,2459,0,0,0,1.0,1,1.0,1,1.0,1,0.3434209401991665,58
3102,2,4913,2454,2459,0,0,0,1.0,1,1.0,1,1.0,1,0.3883787244881836,59
3103,5,4918,2455,2463,0,0,0,1.0,1,1.0,1,1.0,1,0.3204848932235557,58
3104,6,4924,2457,2467,0,0,0,1.0,1,1.0,1,1.0,1,0.29532467359786035,58
3105,3,4927,2458,2469,0,0,0,1.0,1,1.0,1,1.0,1,0.2415916316261839,56
3106,4,4931,2460,2471,0,0,0,1.0,1,1.0,1,1.0,1,0.26958286503195056,57
3107,3,4934,2462,2472,0,0,0,1.0,1,1.0,1,1.0,1,0.24846144967721764,55
3108,1,4935,2462,2473,0,0,0,1.0,1,1.0,1,1.0,1,0.2252817927881319,55
3109,3,4938,2464,2474,0,0,0,1.0,1,1.0,1,1.0,1,0.22612623721405342,54
3110,6,4944,2467,2477,0,0,0,1.0,1,1.0,1,1.0,1,0.14149511063134368,54
3111,1,4945,2467,2478,0,0,0,1.0,1,1.0,1,1.0,1,0.12740281462511785,54
3112,5,4950,2471,2479,0,0,0,1.0,1,1.0,1,1.0,1,0.14877499560469393,56
3113,3,4953,2474,2479,0,0,0,1.0,1,1.0,1,1.0,1,0.16114269519256966,55
3114,1,4954,2475,2479,0,0,0,1.0,1,1.0,1,1.0,1,0.17835936416656667,54
3115,0,4954,2475,2479,0,0,0,1.0,1,1.0,1,1.0,1,0.17965624155722368,56
3116,3,4957,2477,2480,0,0,0,1.0,1,1.0,1,1.0,1,0.19426517238672716,56
3117,4,4961,2477,2484,0,0,0,1.0,1,1.0,1,1.0,1,0.20234783940552545,58
3118,2,4963,2479,2484,0,0,0,1.0,1,1.0,1,1.0,1,0.20304636316469243,57
3119,2,4965,2480,2485,0,0,0,1.0,1,1.0,1,1.0,1,0.19497986771078404,57
3120,0,4965,2480,2485,0,0,0,1.0,1,1.0,1,1.0,1,0.18588592039595914,56
3121,1,4966,2481,2485,0,0,0,1.0,1,1.0,1,1.0,1,0.183890254029486,57
3122,1,4967,2481,2486,0,0,0,1.0,1,1.0,1,1.0,1,0.16656235046048673,57
3123,0,4967,2481,2486,0,0,0,1.0,1,1.0,1,1.0,1,0.16656235046048673,57
3124,1,4968,2481,2487,0,0,0,1.0,1,1.0,1,1.0,1,0.16412123755485875,59
3125,4,4972,2482,2490,0,0,0,1.0,1,1.0,1,1.0,1,0.13979302932356763,61
3126,0,4972,2482,2490,0,0,0,1.0,1,1.0,1,1.0,1,0.1435383123162762,60
3127,0,4972,2482,2490,0,0,0,1.0,1,1.0,1,1.0,1,0.1629896207386595,58
3128,2,4974,2484,2490,0,0,0,1.0,1,1.0,1,1.0,1,0.20659267868901998,58
3129,4,4978,2486,2492,0,0,0,1.0,1,1.0,1,1.0,1,0.20420331415997944,56
3130,1,4979,2486,2493,0,0,0,1.0,1,1.0,1,1.0,1,0.21871496861551737,56
3131,2,4981,2487,2494,0,0,0,1.0,1,1.0,1,1.0,1,0.23263454872664927,55
3132,1,4982,2488,2494,0,0,0,1.0,1,1.0,1,1.0,1,0.19967282071539655,53
3133,1,4983,2488,2495,0,0,0,1.0,1,1.0,1,1.0,1,0.193921151366882,52
3134,1,4984,2489,2495,0,0,0,1.0,1,1.0,1,1.0,1,0.19469049713538455,52
3135,1,4985,2490,2495,0,0,0,1.0,1,1.0,1,1.0,1,0.196956802797238,53
3136,5,4990,2493,2497,0,0,0,1.0,1,1.0,1,1.0,1,0.21755456714496219,54
3137,4,4994,2495,2499,0,0,0,1.0,1,1.0,1,1.0,1,0.19410912649257625,55
3138,6,5000,2497,2503,0,0,0,1.0,1,1.0,1,1.0,1,0.2226265238830613,57
3139,3,5003,2497,2506,0,0,0,1.0,1,1.0,1,1.0,1,0.18372216442498823,56
3140,2,5005,2498,2507,0,0,0,1.0,1,1.0,1,1.0,1,0.1629768651671846,56
3141,1,5006,2498,2508,0,0,0,1.0,1,1.0,1,1.0,1,0.15036301504139857,56
3142,1,5007,2499,2508,0,0,0,1.0,1,1.0,1,1.0,1,0.14917963258482028,56
3143,1,5008,2500,2508,0,0,0,1.0,1,1.0,1,1.0,1,0.16150347772054818,56
3144,1,5009,2501,2508,0,0,0,1.0,1,1.0,1,1.0,1,0.16370502945024107,54
3145,4,5013,2502,2511,0,0,0,1.0,1,1.0,1,1.0,1,0.13699267901332643,55
3146,1,5014,2502,2512,0,0,0,1.0,1,1.0,1,1.0,1,0.10790433449501076,53
3147,0,5014,2502,2512,0,0,0,1.0,1,1.0,1,1.0,1,0.12390607505582239,54
3148,1,5015,2503,2512,0,0,0,1.0,1,1.0,1,1.0,1,0.13479150059512612,54
3149,0,5015,2503,2512,0,0,0,1.0,1,1.0,1,1.0,1,0.13366309181276712,53
3150,1,5016,2503,2513,0,0,0,1.0,1,1.0,1,1.0,1,0.11182542351465265,53
3151,1,5017,2503,2514,0,0,0,1.0,1,1.0,1,1.0,1,0.1025023487702398,53
3152,0,5017,2503,2514,0,0,0,1.0,1,1.0,1,1.0,1,0.10154856921356252,54
3153,0,5017,2503,2514,0,0,0,1.0,1,1.0,1,1.0,1,0.1218235082923482,53
3154,1,5018,2504,2514,0,0,0,1.0,1,1.0,1,1.0,1,0.15939381865623548,55
3155,1,5019,2504,2515,0,0,0,1.0,1,1.0,1,1.0,1,0.14257137562395542,56
3156,1,5020,2505,2515,0,0,0,1.0,1,1.0,1,1.0,1,0.18417053981942064,56
3157,0,5020,2505,2515,0,0,0,1.0,1,1.0,1,1.0,1,0.18417053981942064,56
3158,2,5022,2505,2517,0,0,0,1.0,1,1.0,1,1.0,1,0.15951204738307592,57
3159,3,5025,2506,2519,0,0,0,1.0,1,1.0,1,1.0,1,0.15054645879709827,56
3160,2,5027,2507,2520,0,0,0,1.0,1,1.0,1,1.0,1,0.15971384698080354,58
3161,0,5027,2507,2520,0,0,0,1.0,1,1.0,1,1.0,1,0.14938022180672145,59
3162,1,5028,2508,2520,0,0,0,1.0,1,1.0,1,1.0,1,0.16803423373585696,59
3163,4,5032,2510,2522,0,0,0,1.0,1,1.0,1,1.0,1,0.20506911768704006,59
3164,1,5033,2511,2522,0,0,0,1.0,1,1.0,1,1.0,1,0.23794239220732138,60
3165,1,5034,2511,2523,0,0,0,1.0,1,1.0,1,1.0,1,0.20612589907324053,58
3166,4,5038,2513,2525,0,0,0,1.0,1,1.0,1,1.0,1,0.17738175584211766,59
3167,5,5043,2516,2527,0,0,0,1.0,1,1.0,1,1.0,1,0.2095703970933304,57
3168,2,5045,2517,2528,0,0,0,1.0,1,1.0,1,1.0,1,0.21774561001513187,58
3169,3,5048,2517,2531,0,0,0,1.0,1,1.0,1,1.0,1,0.15291919476332083,57
3170,0,5048,2517,2531,0,0,0,1.0,1,1.0,1,1.0,1,0.17692161773333284,55
3171,5,5053,2520,2533,0,0,0,1.0,1,1.0,1,1.0,1,0.15232623114181826,56
3172,1,5054,2520,2534,0,0,0,1.0,1,1.0,1,1.0,1,0.1673889748025844,54
3173,1,5055,2521,2534,0,0,0,1.0,1,1.0,1,1.0,1,0.15661043145798037,53
3174,2,5057,2522,2535,0,0,0,1.0,1,1.0,1,1.0,1,0.2068231263348408,53
3175,1,5058,2522,2536,0,0,0,1.0,1,1.0,1,1.0,1,0.20634847089997568,52
3176,6,5064,2526,2538,0,0,0,1.0,1,1.0,1,1.0,1,0.22069624004016702,53
3177,5,5069,2527,2542,0,0,0,1.0,1,1.0,1,1.0,1,0.21557113024690663,52
3178,1,5070,2527,2543,0,0,0,1.0,1,1.0,1,1.0,1,0.2246628261138269,53
3179,2,5072,2527,2545,0,0,0,1.0,1,1.0,1,1.0,1,0.15166835272319687,54
3180,1,5073,2527,2546,0,0,0,1.0,1,1.0,1,1.0,1,0.16883323525885155,54
3181,2,5075,2527,2548,0,0,0,1.0,1,1.0,1,1.0,1,0.16726969097592373,55
3182,0,5075,2527,2548,0,0,0,1.0,1,1.0,1,1.0,1,0.18363443111915098,54
3183,2,5077,2529,2548,0,0,0,1.0,1,1.0,1,1.0,1,0.21170692712819975,56
3184,1,5078,2530,2548,0,0,0,1.0,1,1.0,1,1.0,1,0.24020122172749642,54
3185,5,5083,2533,2550,0,0,0,1.0,1,1.0,1,1.0,1,0.1979093521589909,53
3186,6,5089,2535,2554,0,0,0,1.0,1,1.0,1,1.0,1,0.1775084819696892,52
3187,0,5089,2535,2554,0,0,0,1.0,1,1.0,1,1.0,1,0.1802938262850658,50
3188,3,5092,2537,2555,0,0,0,1.0,1,1.0,1,1.0,1,0.19633199880177477,50
3189,1,5093,2538,2555,0,0,0,1.0,1,1.0,1,1.0,1,0.21547105646328413,49
3190,1,5094,2538,2556,0,0,0,1.0,1,1.0,1,1.0,1,0.22086412476496492,50
3191,2,5096,2540,2556,0,0,0,1.0,1,1.0,1,1.0,1,0.2519195483167152,49
3192,0,5096,2540,2556,0,0,0,1.0,1,1.0,1,1.0,1,0.2519195483167152,49
3193,1,5097,2540,2557,0,0,0,1.0,1,1.0,1,1.0,1,0.23192746077752474,49
3194,4,5101,2542,2559,0,0,0,1.0,1,1.0,1,1.0,1,0.2433818026043967,50
3195,0,5101,2542,2559,0,0,0,1.0,1,1.0,1,1.0,1,0.24736145682890445,49
3196,1,5102,2543,2559,0,0,0,1.0,1,1.0,1,1.0,1,0.26287549938163757,49
3197,2,5104,2543,2561,0,0,0,1.0,1,1.0,1,1.0,1,0.19436513178441583,50
3198,2,5106,2543,2563,0,0,0,1.0,1,1.0,1,1.0,1,0.16186120592692288,50
3199,3,5109,2543,2566,0,0,0,1.0,1,1.0,1,1.0,1,0.1304050831122599,52
3200,1,5110,2544,2566,0,0,0,1.0,1,1.0,1,1.0,1,0.1406028999894682,53
3201,6,5116,2546,2570,0,0,0,1.0,1,1.0,1,1.0,1,0.11917323015819921,55
3202,1,5117,2547,2570,0,0,0,1.0,1,1.0,1,1.0,1,0.15381677355263762,55
3203,0,5117,2547,2570,0,0,0,1.0,1,1.0,1,1.0,1,0.12243374526809564,53
3204,1,5118,2548,2570,0,0,0,1.0,1,1.0,1,1.0,1,0.14966303730457078,53
3205,1,5119,2549,2570,0,0,0,1.0,1,1.0,1,1.0,1,0.16632449014582926,53
3206,0,5119,2549,2570,0,0,0,1.0,1,1.0,1,1.0,1,0.16279421734696106,52
3207,1,5120,2550,2570,0,0,0,1.0,1,1.0,1,1.0,1,0.19644646231096918,53
3208,0,5120,2550,2570,0,0,0,1.0,1,1.0,1,1.0,1,0.20825801460579818,51
3209,1,5121,2551,2570,0,0,0,1.0,1,1.0,1,1.0,1,0.2516362760511423,52
3210,0,5121,2551,2570,0,0,0,1.0,1,1.0,1,1.0,1,0.25236129941790697,49
3211,4,5125,2553,2572,0,0,0,1.0,1,1.0,1,1.0,1,0.20661436249737009,48
3212,0,5125,2553,2572,0,0,0,1.0,1,1.0,1,1.0,1,0.2416795834327161,48
3213,2,5127,2555,2572,0,0,0,1.0,1,1.0,1,1.0,1,0.2544949341495238,49
3214,4,5131,2557,2574,0,0,0,1.0,1,1.0,1,1.0,1,0.2180527703674852,51
3215,1,5132,2557,2575,0,0,0,1.0,1,1.0,1,1.0,1,0.20036382031465796,51
3216,2,5134,2559,2575,0,0,0,1.0,1,1.0,1,1.0,1,0.19987454966323515,51
3217,1,5135,2560,2575,0,0,0,1.0,1,1.0,1,1.0,1,0.21654580386560338,51
3218,0,5135,2560,2575,0,0,0,1.0,1,1.0,1,1.0,1,0.21654580386560338,51
3219,1,5136,2560,2576,0,0,0,1.0,1,1.0,1,1.0,1,0.2242727601330909,52
3220,0,5136,2560,2576,0,0,0,1.0,1,1.0,1,1.0,1,0.2242727601330909,52
3221,1,5137,2560,2577,0,0,0,1.0,1,1.0,1,1.0,1,0.21317281459721305,54
3222,0,5137,2560,2577,0,0,0,1.0,1,1.0,1,1.0,1,0.210688320397,54
3223,1,5138,2560,2578,0,0,0,1.0,1,1.0,1,1.0,1,0.22221966868842238,56
3224,1,5139,2561,2578,0,0,0,1.0,1,1.0,1,1.0,1,0.22929324128055362,57
3225,5,5144,2561,2583,0,0,0,1.0,1,1.0,1,1.0,1,0.18535929875681342,58
3226,0,5144,2561,2583,0,0,0,1.0,1,1.0,1,1.0,1,0.18535929875681342,58
3227,0,5144,2561,2583,0,0,0,1.0,1,1.0,1,1.0,1,0.18535929875681342,58
3228,0,5144,2561,2583,0,0,0,1.0,1,1.0,1,1.0,1,0.18535929875681342,58
3229,3,5147,2562,2585,0,0,0,1.0,1,1.0,1,1.0,1,0.21590235612218528,60
3230,0,5147,2562,2585,0,0,0,1.0,1,1.0,1,1.0,1,0.21573922492268255,61
3231,0,5147,2562,2585,0,0,0,1.0,1,1.0,1,1.0,1,0.21573922492268255,61
3232,0,5147,2562,2585,0,0,0,1.0,1,1.0,1,1.0,1,0.21573922492268255,61
3233,3,5150,2562,2588,0,0,0,1.0,1,1.0,1,1.0,1,0.17334185117820625,63
3234,1,5151,2563,2588,0,0,0,1.0,1,1.0,1,1.0,1,0.21225992945135064,64
3235,0,5151,2563,2588,0,0,0,1.0,1,1.0,1,1.0,1,0.21240449768688258,65
3236,0,5151,2563,2588,0,0,0,1.0,1,1.0,1,1.0,1,0.21973578123474652,66
3237,3,5154,2563,2591,0,0,0,1.0,1,1.0,1,1.0,1,0.17671065076551182,67
3238,0,5154,2563,2591,0,0,0,1.0,1,1.0,1,1.0,1,0.17671065076551182,67
3239,1,5155,2563,2592,0,0,0,1.0,1,1.0,1,1.0,1,0.18320350906451152,69
3240,0,5155,2563,2592,0,0,0,1.0,1,1.0,1,1.0,1,0.18320350906451152,69
3241,4,5159,2566,2593,0,0,0,1.0,1,1.0,1,1.0,1,0.1615819677239286,68
3242,1,5160,2567,2593,0,0,0,1.0,1,1.0,1,1.0,1,0.18763217581170247,67
3243,3,5163,2569,2594,0,0,0,1.0,1,1.0,1,1.0,1,0.20376290955294804,68
3244,0,5163,2569,2594,0,0,0,1.0,1,1.0,1,1.0,1,0.1946290516925507,68
3245,2,5165,2569,2596,0,0,0,1.0,1,1.0,1,1.0,1,0.1799876061207278,69
3246,2,5167,2570,2597,0,0,0,1.0,1,1.0,1,1.0,1,0.17240453866620384,68
3247,1,5168,2570,2598,0,0,0,1.0,1,1.0,1,1.0,1,0.15974606229058425,68
3248,1,5169,2571,2598,0,0,0,1.0,1,1.0,1,1.0,1,0.1790001458888487,68
3249,1,5170,2571,2599,0,0,0,1.0,1,1.0,1,1.0,1,0.18023519575314925,69
3250,0,5170,2571,2599,0,0,0,1.0,1,1.0,1,1.0,1,0.18023519575314925,69
3251,1,5171,2572,2599,0,0,0,1.0,1,1.0,1,1.0,1,0.20828397574694946,68
3252,0,5171,2572,2599,0,0,0,1.0,1,1.0,1,1.0,1,0.18888946766697454,68
3253,1,5172,2573,2599,0,0,0,1.0,1,1.0,1,1.0,1,0.1899997916326903,69
3254,0,5172,2573,2599,0,0,0,1.0,1,1.0,1,1.0,1,0.1899997916326903,69
3255,3,5175,2573,2602,0,0,0,1.0,1,1.0,1,1.0,1,0.17004135287331912,70
3256,2,5177,2573,2604,0,0,0,1.0,1,1.0,1,1.0,1,0.14003495747048894,70
3257,0,5177,2573,2604,0,0,0,1.0,1,1.0,1,1.0,1,0.14671485546942828,71
3258,3,5180,2576,2604,0,0,0,1.0,1,1.0,1,1.0,1,0.1447092301058557,72
3259,2,5182,2577,2605,0,0,0,1.0,1,1.0,1,1.0,1,0.14767780927441246,71
3260,0,5182,2577,2605,0,0,0,1.0,1,1.0,1,1.0,1,0.17066825132211802,72
3261,2,5184,2578,2606,0,0,0,1.0,1,1.0,1,1.0,1,0.1607473515703133,74
3262,1,5185,2579,2606,0,0,0,1.0,1,1.0,1,1.0,1,0.17322944063386422,73
3263,2,5187,2581,2606,0,0,0,1.0,1,1.0,1,1.0,1,0.20261835175130555,73
3264,3,5190,2583,2607,0,0,0,1.0,1,1.0,1,1.0,1,0.2304762909167303,71
3265,6,5196,2584,2612,0,0,0,1.0,1,1.0,1,1.0,1,0.17787589756227573,70
3266,3,5199,2586,2613,0,0,0,1.0,1,1.0,1,1.0,1,0.17563019510498964,69
3267,0,5199,2586,2613,0,0,0,1.0,1,1.0,1,1.0,1,0.186809091418362,69
3268,3,5202,2589,2613,0,0,0,1.0,1,1.0,1,1.0,1,0.2183574271382494,68
3269,7,5209,2591,2618,0,0,0,1.0,1,1.0,1,1.0,1,0.19779976726409304,68
3270,0,5209,2591,2618,0,0,0,1.0,1,1.0,1,1.0,1,0.20886171629030975,67
3271,0,5209,2591,2618,0,0,0,1.0,1,1.0,1,1.0,1,0.21632218607236317,66
3272,1,5210,2592,2618,0,0,0,1.0,1,1.0,1,1.0,1,0.2062689939741433,67
3273,1,5211,2592,2619,0,0,0,1.0,1,1.0,1,1.0,1,0.2203200636175296,66
3274,2,5213,2593,2620,0,0,0,1.0,1,1.0,1,1.0,1,0.23607616144551508,68
3275,2,5215,2593,2622,0,0,0,1.0,1,1.0,1,1.0,1,0.21576208937387276,68
3276,2,5217,2593,2624,0,0,0,1.0,1,1.0,1,1.0,1,0.19996351235757856,69
3277,3,5220,2593,2627,0,0,0,1.0,1,1.0,1,1.0,1,0.1616672284024869,68
3278,0,5220,2593,2627,0,0,0,1.0,1,1.0,1,1.0,1,0.16665516866467445,69
3279,1,5221,2594,2627,0,0,0,1.0,1,1.0,1,1.0,1,0.1662866140056624,67
3280,1,5222,2595,2627,0,0,0,1.0,1,1.0,1,1.0,1,0.19339759222154898,66
3281,6,5228,2598,2630,0,0,0,1.0,1,1.0,1,1.0,1,0.21927824806210347,67
3282,4,5232,2599,2633,0,0,0,1.0,1,1.0,1,1.0,1,0.24085011982070886,66
3283,4,5236,2599,2637,0,0,0,1.0,1,1.0,1,1.0,1,0.20259038995198825,67
3284,0,5236,2599,2637,0,0,0,1.0,1,1.0,1,1.0,1,0.18611299516344196,66
3285,2,5238,2599,2639,0,0,0,1.0,1,1.0,1,1.0,1,0.15409134469050975,66
3286,1,5239,2599,2640,0,0,0,1.0,1,1.0,1,1.0,1,0.18515596003837856,63
3287,1,5240,2600,2640,0,0,0,1.0,1,1.0,1,1.0,1,0.22356205627974646,61
3288,0,5240,2600,2640,0,0,0,1.0,1,1.0,1,1.0,1,0.2370650965321754,63
3289,3,5243,2601,2642,0,0,0,1.0,1,1.0,1,1.0,1,0.23710293498719945,62
3290,2,5245,2602,2643,0,0,0,1.0,1,1.0,1,1.0,1,0.23587099447932222,63
3291,1,5246,2603,2643,0,0,0,1.0,1,1.0,1,1.0,1,0.269852789971212,62
3292,2,5248,2604,2644,0,0,0,1.0,1,1.0,1,1.0,1,0.2852802806670593,63
3293,3,5251,2607,2644,0,0,0,1.0,1,1.0,1,1.0,1,0.29420793288268987,65
3294,1,5252,2607,2645,0,0,0,1.0,1,1.0,1,1.0,1,0.26513393079988606,65
3295,2,5254,2609,2645,0,0,0,1.0,1,1.0,1,1.0,1,0.27534894983527786,65
3296,1,5255,2609,2646,0,0,0,1.0,1,1.0,1,1.0,1,0.27222825997922484,65
3297,5,5260,2610,2650,0,0,0,1.0,1,1.0,1,1.0,1,0.21934579282170336,66
3298,1,5261,2611,2650,0,0,0,1.0,1,1.0,1,1.0,1,0.21582446930499952,66
3299,0,5261,2611,2650,0,0,0,1.0,1,1.0,1,1.0,1,0.22133460384395345,67
3300,3,5264,2613,2651,0,0,0,1.0,1,1.0,1,1.0,1,0.24156564671889388,67
3301,3,5267,2613,2654,0,0,0,1.0,1,1.0,1,1.0,1,0.23258072704207394,68
3302,0,5267,2613,2654,0,0,0,1.0,1,1.0,1,1.0,1,0.243175336008532,67
3303,1,5268,2614,2654,0,0,0,1.0,1,1.0,1,1.0,1,0.25486222554829024,67
3304,1,5269,2614,2655,0,0,0,1.0,1,1.0,1,1.0,1,0.24865293657733695,67
3305,4,5273,2614,2659,0,0,0,1.0,1,1.0,1,1.0,1,0.23524836248597342,69
3306,0,5273,2614,2659,0,0,0,1.0,1,1.0,1,1.0,1,0.2247010734102597,70
3307,0,5273,2614,2659,0,0,0,1.0,1,1.0,1,1.0,1,0.2247010734102597,70
3308,0,5273,2614,2659,0,0,0,1.0,1,1.0,1,1.0,1,0.2247010734102597,70
3309,1,5274,2614,2660,0,0,0,1.0,1,1.0,1,1.0,1,0.23447407578726154,72
3310,5,5279,2614,2665,0,0,0,1.0,1,1.0,1,1.0,1,0.19528366808670117,74
3311,1,5280,2614,2666,0,0,0,1.0,1,1.0,1,1.0,1,0.1842202063597036,74
3312,0,5280,2614,2666,0,0,0,1.0,1,1.0,1,1.0,1,0.1842202063597036,74
3313,2,5282,2614,2668,0,0,0,1.0,1,1.0,1,1.0,1,0.17702133355498503,75
3314,2,5284,2614,2670,0,0,0,1.0,1,1.0,1,1.0,1,0.1790890601021208,76
3315,0,5284,2614,2670,0,0,0,1.0,1,1.0,1,1.0,1,0.19067243866869127,75
3316,2,5286,2616,2670,0,0,0,1.0,1,1.0,1,1.0,1,0.20697819181925045,76
3317,3,5289,2618,2671,0,0,0,1.0,1,1.0,1,1.0,1,0.21457453454304243,73
3318,3,5292,2620,2672,0,0,0,1.0,1,1.0,1,1.0,1,0.22973691030671475,72
3319,2,5294,2621,2673,0,0,0,1.0,1,1.0,1,1.0,1,0.22468711502148828,71
3320,1,5295,2622,2673,0,0,0,1.0,1,1.0,1,1.0,1,0.21190818467880546,70
3321,2,5297,2624,2673,0,0,0,1.0,1,1.0,1,1.0,1,0.26599139169293884,69
3322,2,5299,2626,2673,0,0,0,1.0,1,1.0,1,1.0,1,0.24548122155031932,68
3323,3,5302,2627,2675,0,0,0,1.0,1,1.0,1,1.0,1,0.26423261217135974,69
3324,1,5303,2628,2675,0,0,0,1.0,1,1.0,1,1.0,1,0.2515242145285192,69
3325,3,5306,2628,2678,0,0,0,1.0,1,1.0,1,1.0,1,0.21898852094375174,70
3326,2,5308,2629,2679,0,0,0,1.0,1,1.0,1,1.0,1,0.2117643176730425,69
3327,0,5308,2629,2679,0,0,0,1.0,1,1.0,1,1.0,1,0.20335441616923638,70
3328,2,5310,2630,2680,0,0,0,1.0,1,1.0,1,1.0,1,0.21299241367224872,73
3329,3,5313,2631,2682,0,0,0,1.0,1,1.0,1,1.0,1,0.23361384707370592,72
3330,1,5314,2632,2682,0,0,0,1.0,1,1.0,1,1.0,1,0.24032578543679955,72
3331,2,5316,2634,2682,0,0,0,1.0,1,1.0,1,1.0,1,0.25068272188517743,72
3332,0,5316,2634,2682,0,0,0,1.0,1,1.0,1,1.0,1,0.2547121231571483,73
3333,2,5318,2634,2684,0,0,0,1.0,1,1.0,1,1.0,1,0.24205839492648656,72
3334,1,5319,2634,2685,0,0,0,1.0,1,1.0,1,1.0,1,0.22421766758553496,73
3335,0,5319,2634,2685,0,0,0,1.0,1,1.0,1,1.0,1,0.23087972331047876,74
3336,0,5319,2634,2685,0,0,0,1.0,1,1.0,1,1.0,1,0.23087972331047876,74
3337,0,5319,2634,2685,0,0,0,1.0,1,1.0,1,1.0,1,0.23087972331047876,74
3338,0,5319,2634,2685,0,0,0,1.0,1,1.0,1,1.0,1,0.23087972331047876,74
3339,1,5320,2635,2685,0,0,0,1.0,1,1.0,1,1.0,1,0.24028182890142333,75
3340,0,5320,2635,2685,0,0,0,1.0,1,1.0,1,1.0,1,0.246610679819086,75
3341,2,5322,2635,2687,0,0,0,1.0,1,1.0,1,1.0,1,0.24159031854087168,76
3342,3,5325,2637,2688,0,0,0,1.0,1,1.0,1,1.0,1,0.266269220369675,76
3343,5,5330,2639,2691,0,0,0,1.0,1,1.0,1,1.0,1,0.23086727411081526,75
3344,1,5331,2640,2691,0,0,0,1.0,1,1.0,1,1.0,1,0.25257020604300856,75
3345,4,5335,2641,2694,0,0,0,1.0,1,1.0,1,1.0,1,0.24343901277235053,72
3346,2,5337,2642,2695,0,0,0,1.0,1,1.0,1,1.0,1,0.25114510656241357,73
3347,2,5339,2643,2696,0,0,0,1.0,1,1.0,1,1.0,1,0.23845758860799016,73
3348,2,5341,2643,2698,0,0,0,1.0,1,1.0,1,1.0,1,0.23586524946506146,73
3349,3,5344,2644,2700,0,0,0,1.0,1,1.0,1,1.0,1,0.2348384327650467,74
3350,4,5348,2646,2702,0,0,0,1.0,1,1.0,1,1.0,1,0.24045877679983846,73
3351,1,5349,2647,2702,0,0,0,1.0,1,1.0,1,1.0,1,0.24639971853804166,72
3352,3,5352,2648,2704,0,0,0,1.0,1,1.0,1,1.0,1,0.2510630676461053,72
3353,7,5359,2650,2709,0,0,0,1.0,1,1.0,1,1.0,1,0.2203556883876504,72
3354,3,5362,2652,2710,0,0,0,1.0,1,1.0,1,1.0,1,0.23647976300028517,70
3355,1,5363,2653,2710,0,0,0,1.0,1,1.0,1,1.0,1,0.2513979896976254,69
3356,3,5366,2655,2711,0,0,0,1.0,1,1.0,1,1.0,1,0.2570529902675528,69
3357,4,5370,2656,2714,0,0,0,1.0,1,1.0,1,1.0,1,0.21296372978011988,68
3358,1,5371,2657,2714,0,0,0,1.0,1,1.0,1,1.0,1,0.24001378871682272,68
3359,1,5372,2658,2714,0,0,0,1.0,1,1.0,1,1.0,1,0.24689903158966683,66
3360,2,5374,2660,2714,0,0,0,1.0,1,1.0,1,1.0,1,0.30289062957218277,65
3361,4,5378,2660,2718,0,0,0,1.0,1,1.0,1,1.0,1,0.2577289753276286,64
3362,0,5378,2660,2718,0,0,0,1.0,1,1.0,1,1.0,1,0.2577289753276286,64
3363,0,5378,2660,2718,0,0,0,1.0,1,1.0,1,1.0,1,0.2508075218992923,65
3364,1,5379,2660,2719,0,0,0,1.0,1,1.0,1,1.0,1,0.24227805874990577,66
3365,0,5379,2660,2719,0,0,0,1.0,1,1.0,1,1.0,1,0.2450986465590035,68
3366,1,5380,2661,2719,0,0,0,1.0,1,1.0,1,1.0,1,0.2673110732957307,66
3367,1,5381,2661,2720,0,0,0,1.0,1,1.0,1,1.0,1,0.2689478598872516,68
3368,3,5384,2662,2722,0,0,0,1.0,1,1.0,1,1.0,1,0.24078615100219752,68
3369,1,5385,2662,2723,0,0,0,1.0,1,1.0,1,1.0,1,0.23795765893051038,69
3370,1,5386,2662,2724,0,0,0,1.0,1,1.0,1,1.0,1,0.21716128724076067,71
3371,0,5386,2662,2724,0,0,0,1.0,1,1.0,1,1.0,1,0.21716128724076067,71
3372,2,5388,2663,2725,0,0,0,1.0,1,1.0,1,1.0,1,0.2139124228705082,71
3373,2,5390,2663,2727,0,0,0,1.0,1,1.0,1,1.0,1,0.1953145272300053,72
3374,1,5391,2663,2728,0,0,0,1.0,1,1.0,1,1.0,1,0.17815762638382246,72
3375,1,5392,2664,2728,0,0,0,1.0,1,1.0,1,1.0,1,0.1835593265227631,73
3376,3,5395,2664,2731,0,0,0,1.0,1,1.0,1,1.0,1,0.16296048674436345,75
3377,2,5397,2665,2732,0,0,0,1.0,1,1.0,1,1.0,1,0.1618926480291241,77
3378,0,5397,2665,2732,0,0,0,1.0,1,1.0,1,1.0,1,0.1618926480291241,77
3379,2,5399,2667,2732,0,0,0,1.0,1,1.0,1,1.0,1,0.19503509739310218,77
3380,2,5401,2667,2734,0,0,0,1.0,1,1.0,1,1.0,1,0.19240990020294826,76
3381,3,5404,2669,2735,0,0,0,1.0,1,1.0,1,1.0,1,0.19804413439493837,76
3382,2,5406,2670,2736,0,0,0,1.0,1,1.0,1,1.0,1,0.2056402957326012,78
3383,0,5406,2670,2736,0,0,0,1.0,1,1.0,1,1.0,1,0.20232566632906787,77
3384,6,5412,2676,2736,0,0,0,1.0,1,1.0,1,1.0,1,0.2446040651860697,77
3385,0,5412,2676,2736,0,0,0,1.0,1,1.0,1,1.0,1,0.23263538741301348,75
3386,2,5414,2677,2737,0,0,0,1.0,1,1.0,1,1.0,1,0.23513087608255553,76
3387,1,5415,2678,2737,0,0,0,1.0,1,1.0,1,1.0,1,0.22984768201897005,75
3388,1,5416,2679,2737,0,0,0,1.0,1,1.0,1,1.0,1,0.23988936273513403,76
3389,1,5417,2680,2737,0,0,0,1.0,1,1.0,1,1.0,1,0.24742308051693138,77
3390,0,5417,2680,2737,0,0,0,1.0,1,1.0,1,1.0,1,0.24183871376233848,76
3391,1,5418,2681,2737,0,0,0,1.0,1,1.0,1,1.0,1,0.23680760917937982,77
3392,1,5419,2681,2738,0,0,0,1.0,1,1.0,1,1.0,1,0.22211182744496025,78
3393,2,5421,2681,2740,0,0,0,1.0,1,1.0,1,1.0,1,0.19797878422878284,76
3394,5,5426,2682,2744,0,0,0,1.0,1,1.0,1,1.0,1,0.19911852964429774,75
3395,0,5426,2682,2744,0,0,0,1.0,1,1.0,1,1.0,1,0.199314232882696,73
3396,1,5427,2682,2745,0,0,0,1.0,1,1.0,1,1.0,1,0.18361906962912633,73
3397,2,5429,2683,2746,0,0,0,1.0,1,1.0,1,1.0,1,0.16943058885259815,74
3398,2,5431,2684,2747,0,0,0,1.0,1,1.0,1,1.0,1,0.1560015517682177,74
3399,2,5433,2686,2747,0,0,0,1.0,1,1.0,1,1.0,1,0.17001048744933725,75
3400,3,5436,2687,2749,0,0,0,1.0,1,1.0,1,1.0,1,0.16741621925068415,75
3401,5,5441,2688,2753,0,0,0,1.0,1,1.0,1,1.0,1,0.11006705126779238,77
3402,1,5442,2689,2753,0,0,0,1.0,1,1.0,1,1.0,1,0.12502897739182905,77
3403,1,5443,2690,2753,0,0,0,1.0,1,1.0,1,1.0,1,0.13422509119149978,78
3404,1,5444,2691,2753,0,0,0,1.0,1,1.0,1,1.0,1,0.14253670271575583,78
3405,1,5445,2691,2754,0,0,0,1.0,1,1.0,1,1.0,1,0.13657630788044556,78
3406,1,5446,2692,2754,0,0,0,1.0,1,1.0,1,1.0,1,0.146957351686851,78
3407,1,5447,2693,2754,0,0,0,1.0,1,1.0,1,1.0,1,0.16892634509325732,78
3408,1,5448,2693,2755,0,0,0,1.0,1,1.0,1,1.0,1,0.16687201735513116,79
3409,1,5449,2693,2756,0,0,0,1.0,1,1.0,1,1.0,1,0.16378979341639235,81
3410,0,5449,2693,2756,0,0,0,1.0,1,1.0,1,1.0,1,0.16949038586101395,82
3411,1,5450,2693,2757,0,0,0,1.0,1,1.0,1,1.0,1,0.16562669585276943,84
3412,0,5450,2693,2757,0,0,0,1.0,1,1.0,1,1.0,1,0.16562669585276943,84
3413,3,5453,2694,2759,0,0,0,1.0,1,1.0,1,1.0,1,0.14956330378327592,84
3414,0,5453,2694,2759,0,0,0,1.0,1,1.0,1,1.0,1,0.14956330378327592,84
3415,2,5455,2696,2759,0,0,0,1.0,1,1.0,1,1.0,1,0.16825032642567497,85
3416,1,5456,2697,2759,0,0,0,1.0,1,1.0,1,1.0,1,0.15975914976470484,85
3417,4,5460,2698,2762,0,0,0,1.0,1,1.0,1,1.0,1,0.14906419925285944,86
3418,1,5461,2699,2762,0,0,0,1.0,1,1.0,1,1.0,1,0.1565362015215212,86
3419,1,5462,2700,2762,0,0,0,1.0,1,1.0,1,1.0,1,0.1693275254156098,87
3420,0,5462,2700,2762,0,0,0,1.0,1,1.0,1,1.0,1,0.17462421656070895,88
3421,3,5465,2701,2764,0,0,0,1.0,1,1.0,1,1.0,1,0.16608828251864177,89
3422,3,5468,2701,2767,0,0,0,1.0,1,1.0,1,1.0,1,0.15900575957459617,90
3423,0,5468,2701,2767,0,0,0,1.0,1,1.0,1,1.0,1,0.15904859488313774,90
3424,0,5468,2701,2767,0,0,0,1.0,1,1.0,1,1.0,1,0.14976229167506921,91
3425,2,5470,2702,2768,0,0,0,1.0,1,1.0,1,1.0,1,0.1494576119378276,90
3426,2,5472,2704,2768,0,0,0,1.0,1,1.0,1,1.0,1,0.1610096373208604,92
3427,0,5472,2704,2768,0,0,0,1.0,1,1.0,1,1.0,1,0.1663598185698784,92
3428,0,5472,2704,2768,0,0,0,1.0,1,1.0,1,1.0,1,0.17391934968127726,91
3429,3,5475,2704,2771,0,0,0,1.0,1,1.0,1,1.0,1,0.16199366493613238,91
3430,3,5478,2705,2773,0,0,0,1.0,1,1.0,1,1.0,1,0.1555839230248895,91
3431,0,5478,2705,2773,0,0,0,1.0,1,1.0,1,1.0,1,0.1502576708789567,90
3432,3,5481,2707,2774,0,0,0,1.0,1,1.0,1,1.0,1,0.16424841976337504,91
3433,4,5485,2707,2778,0,0,0,1.0,1,1.0,1,1.0,1,0.15174438874211896,90
3434,0,5485,2707,2778,0,0,0,1.0,1,1.0,1,1.0,1,0.15890517046651792,89
3435,1,5486,2708,2778,0,0,0,1.0,1,1.0,1,1.0,1,0.1697256918850473,88
3436,0,5486,2708,2778,0,0,0,1.0,1,1.0,1,1.0,1,0.17850228136684806,86
3437,3,5489,2709,2780,0,0,0,1.0,1,1.0,1,1.0,1,0.15574424551397673,86
3438,1,5490,2709,2781,0,0,0,1.0,1,1.0,1,1.0,1,0.1552064839920529,87
3439,2,5492,2710,2782,0,0,0,1.0,1,1.0,1,1.0,1,0.16698074198804122,86
3440,2,5494,2710,2784,0,0,0,1.0,1,1.0,1,1.0,1,0.1505064518640081,86
3441,2,5496,2712,2784,0,0,0,1.0,1,1.0,1,1.0,1,0.15765823604122683,85
3442,0,5496,2712,2784,0,0,0,1.0,1,1.0,1,1.0,1,0.1581471886812463,85
3443,0,5496,2712,2784,0,0,0,1.0,1,1.0,1,1.0,1,0.16643465344418742,85
3444,2,5498,2713,2785,0,0,0,1.0,1,1.0,1,1.0,1,0.1545160452845561,85
3445,3,5501,2715,2786,0,0,0,1.0,1,1.0,1,1.0,1,0.16928100615494357,84
3446,4,5505,2718,2787,0,0,0,1.0,1,1.0,1,1.0,1,0.20830540512479773,85
3447,1,5506,2719,2787,0,0,0,1.0,1,1.0,1,1.0,1,0.22122559586673585,85
3448,4,5510,2722,2788,0,0,0,1.0,1,1.0,1,1.0,1,0.24375205614376666,85
3449,4,5514,2722,2792,0,0,0,1.0,1,1.0,1,1.0,1,0.21765920267170683,84
3450,1,5515,2722,2793,0,0,0,1.0,1,1.0,1,1.0,1,0.21206415330917444,84
3451,0,5515,2722,2793,0,0,0,1.0,1,1.0,1,1.0,1,0.21788122410595542,85
3452,1,5516,2723,2793,0,0,0,1.0,1,1.0,1,1.0,1,0.2088912254547084,86
3453,2,5518,2723,2795,0,0,0,1.0,1,1.0,1,1.0,1,0.1913500237514308,85
3454,1,5519,2723,2796,0,0,0,1.0,1,1.0,1,1.0,1,0.1777125727977404,88
3455,0,5519,2723,2796,0,0,0,1.0,1,1.0,1,1.0,1,0.1777125727977404,88
3456,1,5520,2724,2796,0,0,0,1.0,1,1.0,1,1.0,1,0.19472229473525401,88
3457,3,5523,2725,2798,0,0,0,1.0,1,1.0,1,1.0,1,0.1853526919047537,89
3458,0,5523,2725,2798,0,0,0,1.0,1,1.0,1,1.0,1,0.1909711036474806,88
3459,0,5523,2725,2798,0,0,0,1.0,1,1.0,1,1.0,1,0.1909711036474806,88
3460,0,5523,2725,2798,0,0,0,1.0,1,1.0,1,1.0,1,0.1861259580396639,89
3461,0,5523,2725,2798,0,0,0,1.0,1,1.0,1,1.0,1,0.1861259580396639,89
3462,0,5523,2725,2798,0,0,0,1.0,1,1.0,1,1.0,1,0.1924128069045082,90
3463,2,5525,2725,2800,0,0,0,1.0,1,1.0,1,1.0,1,0.180781821366982,89
3464,1,5526,2726,2800,0,0,0,1.0,1,1.0,1,1.0,1,0.17890194533203801,88
3465,2,5528,2726,2802,0,0,0,1.0,1,1.0,1,1.0,1,0.18595287724812454,87
3466,1,5529,2726,2803,0,0,0,1.0,1,1.0,1,1.0,1,0.17549819889175122,87
3467,4,5533,2727,2806,0,0,0,1.0,1,1.0,1,1.0,1,0.15794459491404073,87
3468,2,5535,2728,2807,0,0,0,1.0,1,1.0,1,1.0,1,0.1757082006081114,88
3469,1,5536,2729,2807,0,0,0,1.0,1,1.0,1,1.0,1,0.18845640516447443,85
3470,3,5539,2730,2809,0,0,0,1.0,1,1.0,1,1.0,1,0.19732455231292764,86
3471,6,5545,2732,2813,0,0,0,1.0,1,1.0,1,1.0,1,0.19916429560838073,84
3472,1,5546,2733,2813,0,0,0,1.0,1,1.0,1,1.0,1,0.20440803839988375,83
3473,2,5548,2733,2815,0,0,0,1.0,1,1.0,1,1.0,1,0.2001381672653085,81
3474,2,5550,2734,2816,0,0,0,1.0,1,1.0,1,1.0,1,0.1718747784841663,80
3475,1,5551,2735,2816,0,0,0,1.0,1,1.0,1,1.0,1,0.2023089436831279,82
3476,2,5553,2736,2817,0,0,0,1.0,1,1.0,1,1.0,1,0.19075593189790732,81
3477,4,5557,2738,2819,0,0,0,1.0,1,1.0,1,1.0,1,0.1946370246045343,83
3478,4,5561,2739,2822,0,0,0,1.0,1,1.0,1,1.0,1,0.1842253164989187,83
3479,1,5562,2739,2823,0,0,0,1.0,1,1.0,1,1.0,1,0.1700776488099363,83
3480,1,5563,2739,2824,0,0,0,1.0,1,1.0,1,1.0,1,0.16805992973930048,83
3481,1,5564,2739,2825,0,0,0,1.0,1,1.0,1,1.0,1,0.14679197485729628,83
3482,1,5565,2740,2825,0,0,0,1.0,1,1.0,1,1.0,1,0.15045682985305622,83
3483,3,5568,2742,2826,0,0,0,1.0,1,1.0,1,1.0,1,0.14875869119647522,82
3484,1,5569,2743,2826,0,0,0,1.0,1,1.0,1,1.0,1,0.1624441605174425,82
3485,3,5572,2745,2827,0,0,0,1.0,1,1.0,1,1.0,1,0.1871068340378324,83
3486,2,5574,2745,2829,0,0,0,1.0,1,1.0,1,1.0,1,0.17105759158036188,83
3487,0,5574,2745,2829,0,0,0,1.0,1,1.0,1,1.0,1,0.17658747677049721,84
3488,0,5574,2745,2829,0,0,0,1.0,1,1.0,1,1.0,1,0.18140871966308852,84
3489,2,5576,2745,2831,0,0,0,1.0,1,1.0,1,1.0,1,0.1549430131511858,84
3490,0,5576,2745,2831,0,0,0,1.0,1,1.0,1,1.0,1,0.1549430131511858,84
3491,0,5576,2745,2831,0,0,0,1.0,1,1.0,1,1.0,1,0.15809394338551216,86
3492,2,5578,2746,2832,0,0,0,1.0,1,1.0,1,1.0,1,0.15732297375923082,86
3493,0,5578,2746,2832,0,0,0,1.0,1,1.0,1,1.0,1,0.15732297375923082,86
3494,1,5579,2746,2833,0,0,0,1.0,1,1.0,1,1.0,1,0.14872581610789312,86
3495,0,5579,2746,2833,0,0,0,1.0,1,1.0,1,1.0,1,0.14654798335019734,87
3496,0,5579,2746,2833,0,0,0,1.0,1,1.0,1,1.0,1,0.1554717515710894,88
3497,2,5581,2747,2834,0,0,0,1.0,1,1.0,1,1.0,1,0.16310172722001454,89
3498,3,5584,2747,2837,0,0,0,1.0,1,1.0,1,1.0,1,0.15421379203632404,89
3499,2,5586,2748,2838,0,0,0,1.0,1,1.0,1,1.0,1,0.14366702891061062,91
3500,0,5586,2748,2838,0,0,0,1.0,1,1.0,1,1.0,1,0.15187703526224958,90
3501,1,5587,2748,2839,0,0,0,1.0,1,1.0,1,1.0,1,0.14093968095489257,90
3502,1,5588,2749,2839,0,0,0,1.0,1,1.0,1,1.0,1,0.1432812565937991,91
3503,3,5591,2752,2839,0,0,0,1.0,1,1.0,1,1.0,1,0.15935653065594038,91
3504,2,5593,2753,2840,0,0,0,1.0,1,1.0,1,1.0,1,0.15519255084318564,89
3505,5,5598,2754,2844,0,0,0,1.0,1,1.0,1,1.0,1,0.13182793092006612,87
3506,1,5599,2755,2844,0,0,0,1.0,1,1.0,1,1.0,1,0.14724586195206182,87
3507,2,5601,2757,2844,0,0,0,1.0,1,1.0,1,1.0,1,0.15241729810319987,84
3508,2,5603,2759,2844,0,0,0,1.0,1,1.0,1,1.0,1,0.19035870940467825,83
3509,4,5607,2762,2845,0,0,0,1.0,1,1.0,1,1.0,1,0.18376756073792763,80
3510,0,5607,2762,2845,0,0,0,1.0,1,1.0,1,1.0,1,0.19048644126414346,78
3511,2,5609,2764,2845,0,0,0,1.0,1,1.0,1,1.0,1,0.19414665055397945,77
3512,0,5609,2764,2845,0,0,0,1.0,1,1.0,1,1.0,1,0.19408502512877865,74
3513,1,5610,2764,2846,0,0,0,1.0,1,1.0,1,1.0,1,0.19039081595336685,76
3514,0,5610,2764,2846,0,0,0,1.0,1,1.0,1,1.0,1,0.1890902913124505,76
3515,1,5611,2765,2846,0,0,0,1.0,1,1.0,1,1.0,1,0.192869770687344,75
3516,1,5612,2766,2846,0,0,0,1.0,1,1.0,1,1.0,1,0.19487571609819015,73
3517,2,5614,2768,2846,0,0,0,1.0,1,1.0,1,1.0,1,0.22790586499912557,74
3518,4,5618,2768,2850,0,0,0,1.0,1,1.0,1,1.0,1,0.2003463728570049,74
3519,0,5618,2768,2850,0,0,0,1.0,1,1.0,1,1.0,1,0.21334661867086152,73
3520,1,5619,2768,2851,0,0,0,1.0,1,1.0,1,1.0,1,0.19735919042251038,74
3521,2,5621,2768,2853,0,0,0,1.0,1,1.0,1,1.0,1,0.17917136166340156,75
3522,0,5621,2768,2853,0,0,0,1.0,1,1.0,1,1.0,1,0.17917136166340156,75
3523,1,5622,2768,2854,0,0,0,1.0,1,1.0,1,1.0,1,0.16558146663167267,75
3524,1,5623,2769,2854,0,0,0,1.0,1,1.0,1,1.0,1,0.15589829851420822,75
3525,2,5625,2769,2856,0,0,0,1.0,1,1.0,1,1.0,1,0.15374749342010557,75
3526,1,5626,2770,2856,0,0,0,1.0,1,1.0,1,1.0,1,0.16345994199329653,76
3527,5,5631,2772,2859,0,0,0,1.0,1,1.0,1,1.0,1,0.1969479269000531,77
3528,4,5635,2773,2862,0,0,0,1.0,1,1.0,1,1.0,1,0.21382367559676208,77
3529,6,5641,2775,2866,0,0,0,1.0,1,1.0,1,1.0,1,0.19975493026166524,78
3530,1,5642,2775,2867,0,0,0,1.0,1,1.0,1,1.0,1,0.20567876356810166,78
3531,1,5643,2776,2867,0,0,0,1.0,1,1.0,1,1.0,1,0.22322747977947455,79
3532,2,5645,2777,2868,0,0,0,1.0,1,1.0,1,1.0,1,0.24978118284017536,79
3533,3,5648,2779,2869,0,0,0,1.0,1,1.0,1,1.0,1,0.26768262581479485,79
3534,4,5652,2781,2871,0,0,0,1.0,1,1.0,1,1.0,1,0.2780860482230813,80
3535,3,5655,2782,2873,0,0,0,1.0,1,1.0,1,1.0,1,0.2786276418349508,81
3536,3,5658,2782,2876,0,0,0,1.0,1,1.0,1,1.0,1,0.26433476498177844,82
3537,1,5659,2782,2877,0,0,0,1.0,1,1.0,1,1.0,1,0.2528738474498918,82
3538,1,5660,2782,2878,0,0,0,1.0,1,1.0,1,1.0,1,0.25039700593911685,83
3539,0,5660,2782,2878,0,0,0,1.0,1,1.0,1,1.0,1,0.25039700593911685,83
3540,0,5660,2782,2878,0,0,0,1.0,1,1.0,1,1.0,1,0.2370476724632355,85
3541,2,5662,2783,2879,0,0,0,1.0,1,1.0,1,1.0,1,0.22537688387861535,85
3542,3,5665,2783,2882,0,0,0,1.0,1,1.0,1,1.0,1,0.19587574154614373,88
3543,1,5666,2784,2882,0,0,0,1.0,1,1.0,1,1.0,1,0.19247466165703342,87
3544,1,5667,2785,2882,0,0,0,1.0,1,1.0,1,1.0,1,0.1939232771770815,87
3545,2,5669,2786,2883,0,0,0,1.0,1,1.0,1,1.0,1,0.1922409112443381,85
3546,0,5669,2786,2883,0,0,0,1.0,1,1.0,1,1.0,1,0.18412917148901115,83
3547,1,5670,2786,2884,0,0,0,1.0,1,1.0,1,1.0,1,0.1755921630802192,82
3548,1,5671,2787,2884,0,0,0,1.0,1,1.0,1,1.0,1,0.18077931896646537,82
3549,1,5672,2787,2885,0,0,0,1.0,1,1.0,1,1.0,1,0.1693661064915403,81
3550,2,5674,2789,2885,0,0,0,1.0,1,1.0,1,1.0,1,0.17959759108865703,79
3551,2,5676,2791,2885,0,0,0,1.0,1,1.0,1,1.0,1,0.17975452335064426,80
3552,1,5677,2792,2885,0,0,0,1.0,1,1.0,1,1.0,1,0.19410238062139784,78
3553,4,5681,2793,2888,0,0,0,1.0,1,1.0,1,1.0,1,0.18379406706023563,79
3554,1,5682,2793,2889,0,0,0,1.0,1,1.0,1,1.0,1,0.1761834411494561,77
3555,2,5684,2794,2890,0,0,0,1.0,1,1.0,1,1.0,1,0.1853716097482424,77
3556,1,5685,2794,2891,0,0,0,1.0,1,1.0,1,1.0,1,0.18585345592035105,76
3557,0,5685,2794,2891,0,0,0,1.0,1,1.0,1,1.0,1,0.1865285259485589,76
3558,2,5687,2795,2892,0,0,0,1.0,1,1.0,1,1.0,1,0.19296477810139895,76
3559,1,5688,2795,2893,0,0,0,1.0,1,1.0,1,1.0,1,0.18005078800056748,76
3560,1,5689,2796,2893,0,0,0,1.0,1,1.0,1,1.0,1,0.20508879103602876,78
3561,3,5692,2796,2896,0,0,0,1.0,1,1.0,1,1.0,1,0.18023760793190732,79
3562,3,5695,2797,2898,0,0,0,1.0,1,1.0,1,1.0,1,0.16521912970664787,79
3563,4,5699,2799,2900,0,0,0,1.0,1,1.0,1,1.0,1,0.15464031119821806,79
3564,3,5702,2801,2901,0,0,0,1.0,1,1.0,1,1.0,1,0.17906505634911857,80
3565,5,5707,2802,2905,0,0,0,1.0,1,1.0,1,1.0,1,0.1640529586795307,83
3566,1,5708,2803,2905,0,0,0,1.0,1,1.0,1,1.0,1,0.19363378266573691,84
3567,3,5711,2803,2908,0,0,0,1.0,1,1.0,1,1.0,1,0.16969712127416467,84
3568,2,5713,2804,2909,0,0,0,1.0,1,1.0,1,1.0,1,0.17247583071562833,84
3569,3,5716,2805,2911,0,0,0,1.0,1,1.0,1,1.0,1,0.164402805363729,84
3570,4,5720,2807,2913,0,0,0,1.0,1,1.0,1,1.0,1,0.16755134224255208,87
3571,5,5725,2809,2916,0,0,0,1.0,1,1.0,1,1.0,1,0.1772561180911294,86
3572,1,5726,2810,2916,0,0,0,1.0,1,1.0,1,1.0,1,0.1865183819303618,87
3573,5,5731,2812,2919,0,0,0,1.0,1,1.0,1,1.0,1,0.17243591473163017,87
3574,2,5733,2814,2919,0,0,0,1.0,1,1.0,1,1.0,1,0.18496536280820708,88
3575,1,5734,2814,2920,0,0,0,1.0,1,1.0,1,1.0,1,0.17869456510546294,88
3576,1,5735,2815,2920,0,0,0,1.0,1,1.0,1,1.0,1,0.17785292344819456,90
3577,2,5737,2815,2922,0,0,0,1.0,1,1.0,1,1.0,1,0.15749318291794362,90
3578,0,5737,2815,2922,0,0,0,1.0,1,1.0,1,1.0,1,0.16604185192597853,91
3579,2,5739,2817,2922,0,0,0,1.0,1,1.0,1,1.0,1,0.1704586464141475,91
3580,1,5740,2817,2923,0,0,0,1.0,1,1.0,1,1.0,1,0.18253864349588853,91
3581,3,5743,2818,2925,0,0,0,1.0,1,1.0,1,1.0,1,0.16196780640810554,91
3582,3,5746,2819,2927,0,0,0,1.0,1,1.0,1,1.0,1,0.16682519084034506,92
3583,2,5748,2819,2929,0,0,0,1.0,1,1.0,1,1.0,1,0.14744040832424957,88
3584,3,5751,2821,2930,0,0,0,1.0,1,1.0,1,1.0,1,0.14036381829994973,87
3585,3,5754,2823,2931,0,0,0,1.0,1,1.0,1,1.0,1,0.14523315456242022,84
3586,4,5758,2825,2933,0,0,0,1.0,1,1.0,1,1.0,1,0.1372891376814143,83
3587,1,5759,2825,2934,0,0,0,1.0,1,1.0,1,1.0,1,0.13237093050206858,82
3588,2,5761,2827,2934,0,0,0,1.0,1,1.0,1,1.0,1,0.14725230277887402,81
3589,8,5769,2832,2937,0,0,0,1.0,1,1.0,1,1.0,1,0.14153746879720475,80
3590,2,5771,2834,2937,0,0,0,1.0,1,1.0,1,1.0,1,0.16376349953503683,78
3591,4,5775,2836,2939,0,0,0,1.0,1,1.0,1,1.0,1,0.13566321760981576,77
3592,1,5776,2837,2939,0,0,0,1.0,1,1.0,1,1.0,1,0.15798791639650733,75
3593,2,5778,2838,2940,0,0,0,1.0,1,1.0,1,1.0,1,0.17058713041960108,76
3594,0,5778,2838,2940,0,0,0,1.0,1,1.0,1,1.0,1,0.17974352471040608,74
3595,2,5780,2840,2940,0,0,0,1.0,1,1.0,1,1.0,1,0.20062964169308492,74
3596,1,5781,2841,2940,0,0,0,1.0,1,1.0,1,1.0,1,0.19498716819607764,73
3597,4,5785,2843,2942,0,0,0,1.0,1,1.0,1,1.0,1,0.17789993189947065,73
3598,1,5786,2844,2942,0,0,0,1.0,1,1.0,1,1.0,1,0.18344443617022496,73
3599,2,5788,2846,2942,0,0,0,1.0,1,1.0,1,1.0,1,0.19610296105957292,73
3600,2,5790,2846,2944,0,0,0,1.0,1,1.0,1,1.0,1,0.18137827142768476,74
3601,4,5794,2847,2947,0,0,0,1.0,1,1.0,1,1.0,1,0.16945900193637833,75
3602,1,5795,2847,2948,0,0,0,1.0,1,1.0,1,1.0,1,0.14351582656299156,76
3603,1,5796,2848,2948,0,0,0,1.0,1,1.0,1,1.0,1,0.1610459972622368,77
3604,1,5797,2849,2948,0,0,0,1.0,1,1.0,1,1.0,1,0.17449400558761965,78
3605,2,5799,2849,2950,0,0,0,1.0,1,1.0,1,1.0,1,0.15001595062642017,77
3606,4,5803,2850,2953,0,0,0,1.0,1,1.0,1,1.0,1,0.11721953489459981,79
3607,0,5803,2850,2953,0,0,0,1.0,1,1.0,1,1.0,1,0.11721953489459981,79
3608,0,5803,2850,2953,0,0,0,1.0,1,1.0,1,1.0,1,0.11721953489459981,79
3609,0,5803,2850,2953,0,0,0,1.0,1,1.0,1,1.0,1,0.11721953489459981,79
3610,3,5806,2852,2954,0,0,0,1.0,1,1.0,1,1.0,1,0.1298415115010636,80
3611,2,5808,2853,2955,0,0,0,1.0,1,1.0,1,1.0,1,0.11191057784583458,80
3612,2,5810,2854,2956,0,0,0,1.0,1,1.0,1,1.0,1,0.12150302825808292,79
3613,4,5814,2856,2958,0,0,0,1.0,1,1.0,1,1.0,1,0.12166160685906617,79
3614,3,5817,2859,2958,0,0,0,1.0,1,1.0,1,1.0,1,0.15543000987160258,78
3615,1,5818,2859,2959,0,0,0,1.0,1,1.0,1,1.0,1,0.13209524344198334,79
3616,1,5819,2860,2959,0,0,0,1.0,1,1.0,1,1.0,1,0.14673014002599755,79
3617,4,5823,2862,2961,0,0,0,1.0,1,1.0,1,1.0,1,0.13116216863257596,80
3618,1,5824,2862,2962,0,0,0,1.0,1,1.0,1,1.0,1,0.14249528344631376,82
3619,3,5827,2863,2964,0,0,0,1.0,1,1.0,1,1.0,1,0.1472550847569056,82
3620,4,5831,2865,2966,0,0,0,1.0,1,1.0,1,1.0,1,0.14747028236597381,81
3621,2,5833,2866,2967,0,0,0,1.0,1,1.0,1,1.0,1,0.1579743754182667,83
3622,3,5836,2867,2969,0,0,0,1.0,1,1.0,1,1.0,1,0.16357404786695323,81
3623,3,5839,2870,2969,0,0,0,1.0,1,1.0,1,1.0,1,0.19626549940969149,81
3624,1,5840,2871,2969,0,0,0,1.0,1,1.0,1,1.0,1,0.20126450272902047,79
3625,4,5844,2872,2972,0,0,0,1.0,1,1.0,1,1.0,1,0.19885323176305628,80
3626,1,5845,2872,2973,0,0,0,1.0,1,1.0,1,1.0,1,0.18981434359871896,78
3627,1,5846,2873,2973,0,0,0,1.0,1,1.0,1,1.0,1,0.19672070177662132,78
3628,1,5847,2874,2973,0,0,0,1.0,1,1.0,1,1.0,1,0.18466566566619652,77
3629,3,5850,2874,2976,0,0,0,1.0,1,1.0,1,1.0,1,0.1558006317389623,76
3630,0,5850,2874,2976,0,0,0,1.0,1,1.0,1,1.0,1,0.16408914786357207,77
3631,0,5850,2874,2976,0,0,0,1.0,1,1.0,1,1.0,1,0.17375580906800359,75
3632,5,5855,2876,2979,0,0,0,1.0,1,1.0,1,1.0,1,0.1764544056724511,74
3633,5,5860,2878,2982,0,0,0,1.0,1,1.0,1,1.0,1,0.15119282029210987,75
3634,1,5861,2879,2982,0,0,0,1.0,1,1.0,1,1.0,1,0.1672992675102234,74
3635,1,5862,2880,2982,0,0,0,1.0,1,1.0,1,1.0,1,0.17033256666682928,74
3636,1,5863,2880,2983,0,0,0,1.0,1,1.0,1,1.0,1,0.17688191078196913,74
3637,4,5867,2880,2987,0,0,0,1.0,1,1.0,1,1.0,1,0.14544220186698276,74
3638,1,5868,2880,2988,0,0,0,1.0,1,1.0,1,1.0,1,0.14342334821613612,75
3639,4,5872,2883,2989,0,0,0,1.0,1,1.0,1,1.0,1,0.14562119066455423,76
3640,0,5872,2883,2989,0,0,0,1.0,1,1.0,1,1.0,1,0.14562119066455423,76
3641,4,5876,2885,2991,0,0,0,1.0,1,1.0,1,1.0,1,0.17684424342609323,75
3642,2,5878,2887,2991,0,0,0,1.0,1,1.0,1,1.0,1,0.21459699530494855,75
3643,0,5878,2887,2991,0,0,0,1.0,1,1.0,1,1.0,1,0.2083564736852151,74
3644,1,5879,2888,2991,0,0,0,1.0,1,1.0,1,1.0,1,0.2002028331349259,74
3645,4,5883,2888,2995,0,0,0,1.0,1,1.0,1,1.0,1,0.1710182202554881,74
3646,0,5883,2888,2995,0,0,0,1.0,1,1.0,1,1.0,1,0.16717321706747437,75
3647,1,5884,2888,2996,0,0,0,1.0,1,1.0,1,1.0,1,0.16996334438853247,77
3648,0,5884,2888,2996,0,0,0,1.0,1,1.0,1,1.0,1,0.17636433171572757,78
3649,3,5887,2888,2999,0,0,0,1.0,1,1.0,1,1.0,1,0.166833738478429,80
3650,1,5888,2889,2999,0,0,0,1.0,1,1.0,1,1.0,1,0.18277885038337213,81
3651,1,5889,2889,3000,0,0,0,1.0,1,1.0,1,1.0,1,0.16593368609283493,81
3652,5,5894,2890,3004,0,0,0,1.0,1,1.0,1,1.0,1,0.1681974746642928,83
3653,2,5896,2890,3006,0,0,0,1.0,1,1.0,1,1.0,1,0.13985559621036717,83
3654,0,5896,2890,3006,0,0,0,1.0,1,1.0,1,1.0,1,0.13985559621036717,83
3655,0,5896,2890,3006,0,0,0,1.0,1,1.0,1,1.0,1,0.14038167540360147,84
3656,1,5897,2890,3007,0,0,0,1.0,1,1.0,1,1.0,1,0.13758552244679595,85
3657,0,5897,2890,3007,0,0,0,1.0,1,1.0,1,1.0,1,0.1385005992580893,86
3658,3,5900,2891,3009,0,0,0,1.0,1,1.0,1,1.0,1,0.14120254053301443,87
3659,0,5900,2891,3009,0,0,0,1.0,1,1.0,1,1.0,1,0.15641898040287014,87
3660,0,5900,2891,3009,0,0,0,1.0,1,1.0,1,1.0,1,0.15267485970917882,86
3661,4,5904,2892,3012,0,0,0,1.0,1,1.0,1,1.0,1,0.14340159600297137,86
3662,1,5905,2892,3013,0,0,0,1.0,1,1.0,1,1.0,1,0.14219733782767363,83
3663,5,5910,2896,3014,0,0,0,1.0,1,1.0,1,1.0,1,0.18768212723529523,85
3664,1,5911,2897,3014,0,0,0,1.0,1,1.0,1,1.0,1,0.19862134816834637,82
3665,4,5915,2898,3017,0,0,0,1.0,1,1.0,1,1.0,1,0.17577739830251415,81
3666,2,5917,2900,3017,0,0,0,1.0,1,1.0,1,1.0,1,0.214665843595804,79
3667,0,5917,2900,3017,0,0,0,1.0,1,1.0,1,1.0,1,0.2172043097680595,79
3668,2,5919,2902,3017,0,0,0,1.0,1,1.0,1,1.0,1,0.1921128714949183,77
3669,2,5921,2904,3017,0,0,0,1.0,1,1.0,1,1.0,1,0.17645682097486465,75
3670,2,5923,2906,3017,0,0,0,1.0,1,1.0,1,1.0,1,0.17073325648868629,76
3671,1,5924,2907,3017,0,0,0,1.0,1,1.0,1,1.0,1,0.15120294316783517,74
3672,3,5927,2908,3019,0,0,0,1.0,1,1.0,1,1.0,1,0.14087907003469552,75
3673,1,5928,2908,3020,0,0,0,1.0,1,1.0,1,1.0,1,0.13102237615562465,75
3674,3,5931,2911,3020,0,0,0,1.0,1,1.0,1,1.0,1,0.14965874175083366,75
3675,0,5931,2911,3020,0,0,0,1.0,1,1.0,1,1.0,1,0.15054596429766356,75
3676,1,5932,2912,3020,0,0,0,1.0,1,1.0,1,1.0,1,0.17441428599590048,75
3677,2,5934,2912,3022,0,0,0,1.0,1,1.0,1,1.0,1,0.16604644115444775,75
3678,3,5937,2912,3025,0,0,0,1.0,1,1.0,1,1.0,1,0.16262233470042264,77
3679,2,5939,2913,3026,0,0,0,1.0,1,1.0,1,1.0,1,0.18971028093971987,78
3680,2,5941,2913,3028,0,0,0,1.0,1,1.0,1,1.0,1,0.17604552076793503,80
3681,1,5942,2913,3029,0,0,0,1.0,1,1.0,1,1.0,1,0.17685657611531,81
3682,0,5942,2913,3029,0,0,0,1.0,1,1.0,1,1.0,1,0.17685657611531,81
3683,0,5942,2913,3029,0,0,0,1.0,1,1.0,1,1.0,1,0.17685657611531,81
3684,0,5942,2913,3029,0,0,0,1.0,1,1.0,1,1.0,1,0.17685657611531,81
3685,0,5942,2913,3029,0,0,0,1.0,1,1.0,1,1.0,1,0.17685657611531,81
3686,0,5942,2913,3029,0,0,0,1.0,1,1.0,1,1.0,1,0.17685657611531,81
3687,0,5942,2913,3029,0,0,0,1.0,1,1.0,1,1.0,1,0.17048380764626442,82
3688,0,5942,2913,3029,0,0,0,1.0,1,1.0,1,1.0,1,0.18408953814674991,84
3689,0,5942,2913,3029,0,0,0,1.0,1,1.0,1,1.0,1,0.18408953814674991,84
3690,1,5943,2913,3030,0,0,0,1.0,1,1.0,1,1.0,1,0.18903003151784792,85
3691,0,5943,2913,3030,0,0,0,1.0,1,1.0,1,1.0,1,0.18592995438929558,86
3692,0,5943,2913,3030,0,0,0,1.0,1,1.0,1,1.0,1,0.18718322101272014,86
3693,1,5944,2913,3031,0,0,0,1.0,1,1.0,1,1.0,1,0.18229384062749007,86
3694,0,5944,2913,3031,0,0,0,1.0,1,1.0,1,1.0,1,0.18229384062749007,86
3695,2,5946,2915,3031,0,0,0,1.0,1,1.0,1,1.0,1,0.22027025483302046,86
3696,4,5950,2915,3035,0,0,0,1.0,1,1.0,1,1.0,1,0.16633699734974844,87
3697,2,5952,2917,3035,0,0,0,1.0,1,1.0,1,1.0,1,0.16857377526258796,85
3698,1,5953,2918,3035,0,0,0,1.0,1,1.0,1,1.0,1,0.17345408693573422,85
3699,1,5954,2919,3035,0,0,0,1.0,1,1.0,1,1.0,1,0.16630782189122842,85
3700,2,5956,2921,3035,0,0,0,1.0,1,1.0,1,1.0,1,0.17974125640295527,84
3701,2,5958,2921,3037,0,0,0,1.0,1,1.0,1,1.0,1,0.17059311436747557,85
3702,2,5960,2923,3037,0,0,0,1.0,1,1.0,1,1.0,1,0.17549580419992955,85
3703,0,5960,2923,3037,0,0,0,1.0,1,1.0,1,1.0,1,0.17549580419992955,85
3704,3,5963,2925,3038,0,0,0,1.0,1,1.0,1,1.0,1,0.1999049210101685,85
3705,0,5963,2925,3038,0,0,0,1.0,1,1.0,1,1.0,1,0.19040462741402062,86
3706,1,5964,2926,3038,0,0,0,1.0,1,1.0,1,1.0,1,0.19964237024121265,86
3707,2,5966,2927,3039,0,0,0,1.0,1,1.0,1,1.0,1,0.20258387354434657,85
3708,1,5967,2927,3040,0,0,0,1.0,1,1.0,1,1.0,1,0.17990423842203965,84
3709,0,5967,2927,3040,0,0,0,1.0,1,1.0,1,1.0,1,0.18414536175093796,85
3710,0,5967,2927,3040,0,0,0,1.0,1,1.0,1,1.0,1,0.1766184089620119,84
3711,0,5967,2927,3040,0,0,0,1.0,1,1.0,1,1.0,1,0.18278988470908367,85
3712,0,5967,2927,3040,0,0,0,1.0,1,1.0,1,1.0,1,0.18278988470908367,85
3713,1,5968,2927,3041,0,0,0,1.0,1,1.0,1,1.0,1,0.17200957316529142,85
3714,2,5970,2928,3042,0,0,0,1.0,1,1.0,1,1.0,1,0.1894203665319137,85
3715,1,5971,2929,3042,0,0,0,1.0,1,1.0,1,1.0,1,0.18896521838134972,85
3716,0,5971,2929,3042,0,0,0,1.0,1,1.0,1,1.0,1,0.1969349908100776,84
3717,4,5975,2929,3046,0,0,0,1.0,1,1.0,1,1.0,1,0.18510989015848345,86
3718,2,5977,2929,3048,0,0,0,1.0,1,1.0,1,1.0,1,0.1863168655760437,85
3719,1,5978,2930,3048,0,0,0,1.0,1,1.0,1,1.0,1,0.1947597615113022,84
3720,0,5978,2930,3048,0,0,0,1.0,1,1.0,1,1.0,1,0.212637862538241,84
3721,5,5983,2934,3049,0,0,0,1.0,1,1.0,1,1.0,1,0.21952165887997332,85
3722,2,5985,2934,3051,0,0,0,1.0,1,1.0,1,1.0,1,0.21110021430879233,85
3723,2,5987,2935,3052,0,0,0,1.0,1,1.0,1,1.0,1,0.21063401009204144,85
3724,1,5988,2935,3053,0,0,0,1.0,1,1.0,1,1.0,1,0.19916595600029627,86
3725,3,5991,2936,3055,0,0,0,1.0,1,1.0,1,1.0,1,0.18930162483113402,86
3726,0,5991,2936,3055,0,0,0,1.0,1,1.0,1,1.0,1,0.18930162483113402,86
3727,0,5991,2936,3055,0,0,0,1.0,1,1.0,1,1.0,1,0.18930162483113402,86
3728,0,5991,2936,3055,0,0,0,1.0,1,1.0,1,1.0,1,0.18930162483113402,86
3729,4,5995,2937,3058,0,0,0,1.0,1,1.0,1,1.0,1,0.17049845022849944,86
3730,0,5995,2937,3058,0,0,0,1.0,1,1.0,1,1.0,1,0.18288778375725,85
3731,0,5995,2937,3058,0,0,0,1.0,1,1.0,1,1.0,1,0.1936188142425233,86
3732,1,5996,2938,3058,0,0,0,1.0,1,1.0,1,1.0,1,0.20321566378630485,87
3733,2,5998,2939,3059,0,0,0,1.0,1,1.0,1,1.0,1,0.2080379382857679,87
3734,2,6000,2939,3061,0,0,0,1.0,1,1.0,1,1.0,1,0.19562649412729857,87
3735,3,6003,2940,3063,0,0,0,1.0,1,1.0,1,1.0,1,0.20267040860647287,86
3736,0,6003,2940,3063,0,0,0,1.0,1,1.0,1,1.0,1,0.1896336388249032,87
3737,3,6006,2941,3065,0,0,0,1.0,1,1.0,1,1.0,1,0.19560871102868652,87
3738,2,6008,2942,3066,0,0,0,1.0,1,1.0,1,1.0,1,0.19454297856883332,87
3739,2,6010,2942,3068,0,0,0,1.0,1,1.0,1,1.0,1,0.1802989553470617,88
3740,4,6014,2945,3069,0,0,0,1.0,1,1.0,1,1.0,1,0.21806983538330055,87
3741,4,6018,2945,3073,0,0,0,1.0,1,1.0,1,1.0,1,0.18381730143571884,87
3742,3,6021,2947,3074,0,0,0,1.0,1,1.0,1,1.0,1,0.18291215621460713,86
3743,2,6023,2948,3075,0,0,0,1.0,1,1.0,1,1.0,1,0.1903376028335704,84
3744,1,6024,2949,3075,0,0,0,1.0,1,1.0,1,1.0,1,0.213960826486767,83
3745,4,6028,2949,3079,0,0,0,1.0,1,1.0,1,1.0,1,0.17716082753627477,83
3746,2,6030,2950,3080,0,0,0,1.0,1,1.0,1,1.0,1,0.20873520028251685,83
3747,2,6032,2950,3082,0,0,0,1.0,1,1.0,1,1.0,1,0.19238413830885906,81
3748,1,6033,2950,3083,0,0,0,1.0,1,1.0,1,1.0,1,0.19384517376261481,81
3749,3,6036,2950,3086,0,0,0,1.0,1,1.0,1,1.0,1,0.1803668741042417,80
3750,0,6036,2950,3086,0,0,0,1.0,1,1.0,1,1.0,1,0.18407273373645536,79
3751,2,6038,2952,3086,0,0,0,1.0,1,1.0,1,1.0,1,0.19516633052100077,80
3752,3,6041,2954,3087,0,0,0,1.0,1,1.0,1,1.0,1,0.21458605162467775,80
3753,8,6049,2959,3090,0,0,0,1.0,1,1.0,1,1.0,1,0.20506211576146935,81
3754,0,6049,2959,3090,0,0,0,1.0,1,1.0,1,1.0,1,0.2187386764598214,81
3755,2,6051,2959,3092,0,0,0,1.0,1,1.0,1,1.0,1,0.20200945016195088,80
3756,0,6051,2959,3092,0,0,0,1.0,1,1.0,1,1.0,1,0.21615290134977624,79
3757,4,6055,2959,3096,0,0,0,1.0,1,1.0,1,1.0,1,0.19274270651700326,80
3758,1,6056,2960,3096,0,0,0,1.0,1,1.0,1,1.0,1,0.210856093980291,79
3759,3,6059,2962,3097,0,0,0,1.0,1,1.0,1,1.0,1,0.23210684534179032,79
3760,0,6059,2962,3097,0,0,0,1.0,1,1.0,1,1.0,1,0.23210684534179032,79
3761,3,6062,2962,3100,0,0,0,1.0,1,1.0,1,1.0,1,0.23064532226748594,78
3762,0,6062,2962,3100,0,0,0,1.0,1,1.0,1,1.0,1,0.22761722509110202,80
3763,0,6062,2962,3100,0,0,0,1.0,1,1.0,1,1.0,1,0.22761722509110202,80
3764,1,6063,2963,3100,0,0,0,1.0,1,1.0,1,1.0,1,0.23178189456911835,80
3765,2,6065,2963,3102,0,0,0,1.0,1,1.0,1,1.0,1,0.2268825536115644,81
3766,4,6069,2965,3104,0,0,0,1.0,1,1.0,1,1.0,1,0.23058551057851798,83
3767,1,6070,2966,3104,0,0,0,1.0,1,1.0,1,1.0,1,0.22325872326421256,83
3768,3,6073,2967,3106,0,0,0,1.0,1,1.0,1,1.0,1,0.2149013299903706,84
3769,2,6075,2967,3108,0,0,0,1.0,1,1.0,1,1.0,1,0.18664002925322395,86
3770,0,6075,2967,3108,0,0,0,1.0,1,1.0,1,1.0,1,0.19089317931175542,87
3771,1,6076,2968,3108,0,0,0,1.0,1,1.0,1,1.0,1,0.19411382031393226,87
3772,0,6076,2968,3108,0,0,0,1.0,1,1.0,1,1.0,1,0.2127884987645101,88
3773,3,6079,2968,3111,0,0,0,1.0,1,1.0,1,1.0,1,0.21075339832627984,85
3774,1,6080,2968,3112,0,0,0,1.0,1,1.0,1,1.0,1,0.20674956276475695,85
3775,2,6082,2969,3113,0,0,0,1.0,1,1.0,1,1.0,1,0.22459702607796808,83
3776,2,6084,2971,3113,0,0,0,1.0,1,1.0,1,1.0,1,0.25092110096612524,82
3777,4,6088,2972,3116,0,0,0,1.0,1,1.0,1,1.0,1,0.21875608470475624,81
3778,1,6089,2972,3117,0,0,0,1.0,1,1.0,1,1.0,1,0.21194217968456433,81
3779,2,6091,2974,3117,0,0,0,1.0,1,1.0,1,1.0,1,0.2450195391570126,80
3780,2,6093,2975,3118,0,0,0,1.0,1,1.0,1,1.0,1,0.2341136141988676,80
3781,2,6095,2975,3120,0,0,0,1.0,1,1.0,1,1.0,1,0.22181163499142037,80
3782,0,6095,2975,3120,0,0,0,1.0,1,1.0,1,1.0,1,0.22181163499142037,80
3783,1,6096,2976,3120,0,0,0,1.0,1,1.0,1,1.0,1,0.22767233754122104,80
3784,0,6096,2976,3120,0,0,0,1.0,1,1.0,1,1.0,1,0.22952997649040074,79
3785,4,6100,2977,3123,0,0,0,1.0,1,1.0,1,1.0,1,0.23434042762276963,77
3786,2,6102,2978,3124,0,0,0,1.0,1,1.0,1,1.0,1,0.2297559678094844,78
3787,0,6102,2978,3124,0,0,0,1.0,1,1.0,1,1.0,1,0.21555106353264464,77
3788,0,6102,2978,3124,0,0,0,1.0,1,1.0,1,1.0,1,0.22499770772667588,78
3789,5,6107,2979,3128,0,0,0,1.0,1,1.0,1,1.0,1,0.201126896375595,77
3790,1,6108,2980,3128,0,0,0,1.0,1,1.0,1,1.0,1,0.21684945681616552,77
3791,1,6109,2981,3128,0,0,0,1.0,1,1.0,1,1.0,1,0.22631821353750645,77
3792,3,6112,2981,3131,0,0,0,1.0,1,1.0,1,1.0,1,0.19414719929023397,78
3793,3,6115,2982,3133,0,0,0,1.0,1,1.0,1,1.0,1,0.20057344239006883,80
3794,5,6120,2983,3137,0,0,0,1.0,1,1.0,1,1.0,1,0.14864784477671947,82
3795,0,6120,2983,3137,0,0,0,1.0,1,1.0,1,1.0,1,0.15942924915314877,83
3796,1,6121,2984,3137,0,0,0,1.0,1,1.0,1,1.0,1,0.15936142208570872,83
3797,1,6122,2984,3138,0,0,0,1.0,1,1.0,1,1.0,1,0.15666218666641854,82
3798,1,6123,2985,3138,0,0,0,1.0,1,1.0,1,1.0,1,0.17014137323971043,82
3799,0,6123,2985,3138,0,0,0,1.0,1,1.0,1,1.0,1,0.17616816201856902,83
3800,2,6125,2986,3139,0,0,0,1.0,1,1.0,1,1.0,1,0.20726935590371504,83
3801,3,6128,2987,3141,0,0,0,1.0,1,1.0,1,1.0,1,0.18511379279072873,83
3802,0,6128,2987,3141,0,0,0,1.0,1,1.0,1,1.0,1,0.2017144549992243,82
3803,2,6130,2987,3143,0,0,0,1.0,1,1.0,1,1.0,1,0.18488815507343653,84
3804,0,6130,2987,3143,0,0,0,1.0,1,1.0,1,1.0,1,0.18488815507343653,84
3805,7,6137,2988,3149,0,0,0,1.0,1,1.0,1,1.0,1,0.16934900501569672,86
3806,0,6137,2988,3149,0,0,0,1.0,1,1.0,1,1.0,1,0.16934900501569672,86
3807,1,6138,2989,3149,0,0,0,1.0,1,1.0,1,1.0,1,0.18095135235663523,86
3808,1,6139,2990,3149,0,0,0,1.0,1,1.0,1,1.0,1,0.17580528573273405,85
3809,4,6143,2991,3152,0,0,0,1.0,1,1.0,1,1.0,1,0.16413563975630743,85
3810,1,6144,2991,3153,0,0,0,1.0,1,1.0,1,1.0,1,0.15842796740280066,85
3811,1,6145,2992,3153,0,0,0,1.0,1,1.0,1,1.0,1,0.16752766511338332,84
3812,0,6145,2992,3153,0,0,0,1.0,1,1.0,1,1.0,1,0.16377527300536712,83
3813,0,6145,2992,3153,0,0,0,1.0,1,1.0,1,1.0,1,0.15582859511324298,82
3814,2,6147,2994,3153,0,0,0,1.0,1,1.0,1,1.0,1,0.18427412584150032,81
3815,0,6147,2994,3153,0,0,0,1.0,1,1.0,1,1.0,1,0.18512091164348482,82
3816,1,6148,2994,3154,0,0,0,1.0,1,1.0,1,1.0,1,0.16614225980755784,81
3817,0,6148,2994,3154,0,0,0,1.0,1,1.0,1,1.0,1,0.16614225980755784,81
3818,5,6153,2996,3157,0,0,0,1.0,1,1.0,1,1.0,1,0.1714507683413487,81
3819,3,6156,2998,3158,0,0,0,1.0,1,1.0,1,1.0,1,0.19923671295368245,82
3820,1,6157,2998,3159,0,0,0,1.0,1,1.0,1,1.0,1,0.19703647942907418,84
3821,4,6161,2999,3162,0,0,0,1.0,1,1.0,1,1.0,1,0.2087572304159628,84
3822,0,6161,2999,3162,0,0,0,1.0,1,1.0,1,1.0,1,0.18883012511589198,82
3823,3,6164,3002,3162,0,0,0,1.0,1,1.0,1,1.0,1,0.18546612825169112,81
3824,0,6164,3002,3162,0,0,0,1.0,1,1.0,1,1.0,1,0.2029918872343227,78
3825,3,6167,3002,3165,0,0,0,1.0,1,1.0,1,1.0,1,0.1845081375302449,76
3826,1,6168,3003,3165,0,0,0,1.0,1,1.0,1,1.0,1,0.21423439038240252,76
3827,1,6169,3003,3166,0,0,0,1.0,1,1.0,1,1.0,1,0.2009363671092223,75
3828,1,6170,3004,3166,0,0,0,1.0,1,1.0,1,1.0,1,0.20768936867450516,74
3829,3,6173,3004,3169,0,0,0,1.0,1,1.0,1,1.0,1,0.20030493981428246,74
3830,1,6174,3005,3169,0,0,0,1.0,1,1.0,1,1.0,1,0.2018569431134579,74
3831,4,6178,3007,3171,0,0,0,1.0,1,1.0,1,1.0,1,0.2166869058823315,74
3832,4,6182,3007,3175,0,0,0,1.0,1,1.0,1,1.0,1,0.1903529419075316,73
3833,3,6185,3009,3176,0,0,0,1.0,1,1.0,1,1.0,1,0.19534132593401926,73
3834,0,6185,3009,3176,0,0,0,1.0,1,1.0,1,1.0,1,0.19318738973764216,74
3835,1,6186,3010,3176,0,0,0,1.0,1,1.0,1,1.0,1,0.2143592775182793,75
3836,1,6187,3010,3177,0,0,0,1.0,1,1.0,1,1.0,1,0.20374670275994808,75
3837,2,6189,3011,3178,0,0,0,1.0,1,1.0,1,1.0,1,0.24310063338578777,78
3838,2,6191,3013,3178,0,0,0,1.0,1,1.0,1,1.0,1,0.24011672091762057,78
3839,5,6196,3013,3183,0,0,0,1.0,1,1.0,1,1.0,1,0.20638020401456986,79
3840,2,6198,3014,3184,0,0,0,1.0,1,1.0,1,1.0,1,0.215398709955091,82
3841,2,6200,3014,3186,0,0,0,1.0,1,1.0,1,1.0,1,0.20407841630475906,82
3842,0,6200,3014,3186,0,0,0,1.0,1,1.0,1,1.0,1,0.20199604387957648,82
3843,0,6200,3014,3186,0,0,0,1.0,1,1.0,1,1.0,1,0.20199604387957648,82
3844,2,6202,3015,3187,0,0,0,1.0,1,1.0,1,1.0,1,0.18494092192120742,83
3845,0,6202,3015,3187,0,0,0,1.0,1,1.0,1,1.0,1,0.18801909072456777,84
3846,1,6203,3015,3188,0,0,0,1.0,1,1.0,1,1.0,1,0.186336159182708,85
3847,0,6203,3015,3188,0,0,0,1.0,1,1.0,1,1.0,1,0.19836468190540363,84
3848,1,6204,3016,3188,0,0,0,1.0,1,1.0,1,1.0,1,0.21448686982822357,84
3849,2,6206,3016,3190,0,0,0,1.0,1,1.0,1,1.0,1,0.18883108197142984,83
3850,0,6206,3016,3190,0,0,0,1.0,1,1.0,1,1.0,1,0.2070707615146435,80
3851,1,6207,3016,3191,0,0,0,1.0,1,1.0,1,1.0,1,0.1958587782864584,80
3852,0,6207,3016,3191,0,0,0,1.0,1,1.0,1,1.0,1,0.21931904529050456,79
3853,1,6208,3017,3191,0,0,0,1.0,1,1.0,1,1.0,1,0.23050129624502452,79
3854,4,6212,3019,3193,0,0,0,1.0,1,1.0,1,1.0,1,0.2499177293810551,78
3855,2,6214,3020,3194,0,0,0,1.0,1,1.0,1,1.0,1,0.2604035579413184,78
3856,1,6215,3021,3194,0,0,0,1.0,1,1.0,1,1.0,1,0.27555080775480933,80
3857,5,6220,3021,3199,0,0,0,1.0,1,1.0,1,1.0,1,0.2351052773909569,81
3858,1,6221,3022,3199,0,0,0,1.0,1,1.0,1,1.0,1,0.2416030729902773,81
3859,0,6221,3022,3199,0,0,0,1.0,1,1.0,1,1.0,1,0.25148049488260354,83
3860,3,6224,3023,3201,0,0,0,1.0,1,1.0,1,1.0,1,0.2510586186432419,82
3861,3,6227,3024,3203,0,0,0,1.0,1,1.0,1,1.0,1,0.264818080807032,84
3862,8,6235,3028,3207,0,0,0,1.0,1,1.0,1,1.0,1,0.26630280044262933,85
3863,0,6235,3028,3207,0,0,0,1.0,1,1.0,1,1.0,1,0.25974846757873843,84
3864,2,6237,3030,3207,0,0,0,1.0,1,1.0,1,1.0,1,0.2600179380492838,83
3865,2,6239,3030,3209,0,0,0,1.0,1,1.0,1,1.0,1,0.24821090476615726,82
3866,1,6240,3030,3210,0,0,0,1.0,1,1.0,1,1.0,1,0.2373764599181303,81
3867,3,6243,3033,3210,0,0,0,1.0,1,1.0,1,1.0,1,0.2464954172355956,81
3868,2,6245,3034,3211,0,0,0,1.0,1,1.0,1,1.0,1,0.24106457742880233,81
3869,4,6249,3036,3213,0,0,0,1.0,1,1.0,1,1.0,1,0.2401486557321551,81
3870,0,6249,3036,3213,0,0,0,1.0,1,1.0,1,1.0,1,0.21444986887236275,80
3871,2,6251,3038,3213,0,0,0,1.0,1,1.0,1,1.0,1,0.2283441669424008,82
3872,1,6252,3038,3214,0,0,0,1.0,1,1.0,1,1.0,1,0.2120790841730023,81
3873,0,6252,3038,3214,0,0,0,1.0,1,1.0,1,1.0,1,0.2120790841730023,81
3874,2,6254,3039,3215,0,0,0,1.0,1,1.0,1,1.0,1,0.20714552563910593,78
3875,0,6254,3039,3215,0,0,0,1.0,1,1.0,1,1.0,1,0.205870286832828,77
3876,4,6258,3042,3216,0,0,0,1.0,1,1.0,1,1.0,1,0.21975262669516235,78
3877,4,6262,3042,3220,0,0,0,1.0,1,1.0,1,1.0,1,0.16706122836622933,75
3878,2,6264,3044,3220,0,0,0,1.0,1,1.0,1,1.0,1,0.17506896006958755,75
3879,0,6264,3044,3220,0,0,0,1.0,1,1.0,1,1.0,1,0.18476619073655673,73
3880,0,6264,3044,3220,0,0,0,1.0,1,1.0,1,1.0,1,0.1934102463003895,74
3881,4,6268,3045,3223,0,0,0,1.0,1,1.0,1,1.0,1,0.1984777956511178,75
3882,5,6273,3045,3228,0,0,0,1.0,1,1.0,1,1.0,1,0.16314455754828908,76
3883,0,6273,3045,3228,0,0,0,1.0,1,1.0,1,1.0,1,0.17118929853932824,77
3884,2,6275,3046,3229,0,0,0,1.0,1,1.0,1,1.0,1,0.17423353585402823,78
3885,1,6276,3046,3230,0,0,0,1.0,1,1.0,1,1.0,1,0.1645388653803812,78
3886,2,6278,3047,3231,0,0,0,1.0,1,1.0,1,1.0,1,0.17712878166607574,79
3887,2,6280,3048,3232,0,0,0,1.0,1,1.0,1,1.0,1,0.1676170415807992,78
3888,2,6282,3048,3234,0,0,0,1.0,1,1.0,1,1.0,1,0.16510907220575827,80
3889,4,6286,3048,3238,0,0,0,1.0,1,1.0,1,1.0,1,0.127688357371221,82
3890,3,6289,3050,3239,0,0,0,1.0,1,1.0,1,1.0,1,0.13130124265830678,82
3891,5,6294,3052,3242,0,0,0,1.0,1,1.0,1,1.0,1,0.13482822904865063,85
3892,2,6296,3054,3242,0,0,0,1.0,1,1.0,1,1.0,1,0.1735014967653249,87
3893,5,6301,3054,3247,0,0,0,1.0,1,1.0,1,1.0,1,0.12575874598095302,86
3894,0,6301,3054,3247,0,0,0,1.0,1,1.0,1,1.0,1,0.12993379274112235,87
3895,1,6302,3055,3247,0,0,0,1.0,1,1.0,1,1.0,1,0.1425550363779346,87
3896,1,6303,3056,3247,0,0,0,1.0,1,1.0,1,1.0,1,0.15002253174600966,85
3897,2,6305,3058,3247,0,0,0,1.0,1,1.0,1,1.0,1,0.16342548646113755,85
3898,1,6306,3059,3247,0,0,0,1.0,1,1.0,1,1.0,1,0.18293138274245352,86
3899,3,6309,3061,3248,0,0,0,1.0,1,1.0,1,1.0,1,0.17267203110298782,86
3900,0,6309,3061,3248,0,0,0,1.0,1,1.0,1,1.0,1,0.17267203110298782,86
3901,2,6311,3062,3249,0,0,0,1.0,1,1.0,1,1.0,1,0.17711123642124516,86
3902,1,6312,3063,3249,0,0,0,1.0,1,1.0,1,1.0,1,0.17322472547713466,87
3903,3,6315,3065,3250,0,0,0,1.0,1,1.0,1,1.0,1,0.17590060059489745,87
3904,2,6317,3066,3251,0,0,0,1.0,1,1.0,1,1.0,1,0.1766305018449348,85
3905,3,6320,3068,3252,0,0,0,1.0,1,1.0,1,1.0,1,0.15980845427477905,84
3906,3,6323,3070,3253,0,0,0,1.0,1,1.0,1,1.0,1,0.16922488100431293,86
3907,2,6325,3071,3254,0,0,0,1.0,1,1.0,1,1.0,1,0.16434005341073013,84
3908,1,6326,3071,3255,0,0,0,1.0,1,1.0,1,1.0,1,0.15057304765489926,83
3909,2,6328,3071,3257,0,0,0,1.0,1,1.0,1,1.0,1,0.13139873122249313,81
3910,6,6334,3075,3259,0,0,0,1.0,1,1.0,1,1.0,1,0.131512679327094,82
3911,1,6335,3076,3259,0,0,0,1.0,1,1.0,1,1.0,1,0.12926077716869427,81
3912,0,6335,3076,3259,0,0,0,1.0,1,1.0,1,1.0,1,0.12638945758995132,80
3913,7,6342,3079,3263,0,0,0,1.0,1,1.0,1,1.0,1,0.11192088605275241,80
3914,2,6344,3081,3263,0,0,0,1.0,1,1.0,1,1.0,1,0.15077458429515234,81
3915,5,6349,3083,3266,0,0,0,1.0,1,1.0,1,1.0,1,0.1336836690259755,81
3916,4,6353,3085,3268,0,0,0,1.0,1,1.0,1,1.0,1,0.16762991922833992,81
3917,4,6357,3086,3271,0,0,0,1.0,1,1.0,1,1.0,1,0.1284734879916336,82
3918,4,6361,3088,3273,0,0,0,1.0,1,1.0,1,1.0,1,0.17263165320748658,85
3919,1,6362,3089,3273,0,0,0,1.0,1,1.0,1,1.0,1,0.1892900245378771,85
3920,1,6363,3090,3273,0,0,0,1.0,1,1.0,1,1.0,1,0.18627682722140934,85
3921,5,6368,3091,3277,0,0,0,1.0,1,1.0,1,1.0,1,0.16386550676185183,88
3922,0,6368,3091,3277,0,0,0,1.0,1,1.0,1,1.0,1,0.16386550676185183,88
3923,0,6368,3091,3277,0,0,0,1.0,1,1.0,1,1.0,1,0.15500016585446227,89
3924,0,6368,3091,3277,0,0,0,1.0,1,1.0,1,1.0,1,0.15881341926032452,90
3925,1,6369,3092,3277,0,0,0,1.0,1,1.0,1,1.0,1,0.1559159914707388,88
3926,3,6372,3093,3279,0,0,0,1.0,1,1.0,1,1.0,1,0.15097599224134728,89
3927,1,6373,3093,3280,0,0,0,1.0,1,1.0,1,1.0,1,0.15382687715849228,89
3928,0,6373,3093,3280,0,0,0,1.0,1,1.0,1,1.0,1,0.1496955752130981,88
3929,0,6373,3093,3280,0,0,0,1.0,1,1.0,1,1.0,1,0.1496955752130981,88
3930,0,6373,3093,3280,0,0,0,1.0,1,1.0,1,1.0,1,0.1587219351431393,87
3931,1,6374,3094,3280,0,0,0,1.0,1,1.0,1,1.0,1,0.17151367698142708,86
3932,1,6375,3095,3280,0,0,0,1.0,1,1.0,1,1.0,1,0.18082533511153442,85
3933,4,6379,3095,3284,0,0,0,1.0,1,1.0,1,1.0,1,0.1523966096737569,84
3934,1,6380,3096,3284,0,0,0,1.0,1,1.0,1,1.0,1,0.1616676312479253,85
3935,3,6383,3098,3285,0,0,0,1.0,1,1.0,1,1.0,1,0.17095439784346617,84
3936,2,6385,3098,3287,0,0,0,1.0,1,1.0,1,1.0,1,0.15961783550941702,84
3937,2,6387,3098,3289,0,0,0,1.0,1,1.0,1,1.0,1,0.13159225308270503,82
3938,1,6388,3098,3290,0,0,0,1.0,1,1.0,1,1.0,1,0.11957038914575181,82
3939,1,6389,3098,3291,0,0,0,1.0,1,1.0,1,1.0,1,0.12252910432144645,84
3940,0,6389,3098,3291,0,0,0,1.0,1,1.0,1,1.0,1,0.12252910432144645,84
3941,2,6391,3099,3292,0,0,0,1.0,1,1.0,1,1.0,1,0.10212714224531258,85
3942,3,6394,3102,3292,0,0,0,1.0,1,1.0,1,1.0,1,0.13424009464888337,85
3943,2,6396,3103,3293,0,0,0,1.0,1,1.0,1,1.0,1,0.11900013297963437,84
3944,2,6398,3105,3293,0,0,0,1.0,1,1.0,1,1.0,1,0.1606992686793789,83
3945,3,6401,3106,3295,0,0,0,1.0,1,1.0,1,1.0,1,0.1488086805509241,83
3946,4,6405,3108,3297,0,0,0,1.0,1,1.0,1,1.0,1,0.15920091322392624,83
3947,0,6405,3108,3297,0,0,0,1.0,1,1.0,1,1.0,1,0.15920091322392624,83
3948,2,6407,3110,3297,0,0,0,1.0,1,1.0,1,1.0,1,0.1681397968709291,84
3949,2,6409,3110,3299,0,0,0,1.0,1,1.0,1,1.0,1,0.16559230436513692,84
3950,4,6413,3111,3302,0,0,0,1.0,1,1.0,1,1.0,1,0.1653162373544355,86
3951,3,6416,3111,3305,0,0,0,1.0,1,1.0,1,1.0,1,0.15223743114535665,87
3952,0,6416,3111,3305,0,0,0,1.0,1,1.0,1,1.0,1,0.15473822601431858,86
3953,3,6419,3113,3306,0,0,0,1.0,1,1.0,1,1.0,1,0.17964903883945024,86
3954,2,6421,3113,3308,0,0,0,1.0,1,1.0,1,1.0,1,0.15507189452868236,85
3955,2,6423,3113,3310,0,0,0,1.0,1,1.0,1,1.0,1,0.16265144952668137,85
3956,0,6423,3113,3310,0,0,0,1.0,1,1.0,1,1.0,1,0.1617788447974705,84
3957,3,6426,3113,3313,0,0,0,1.0,1,1.0,1,1.0,1,0.14077528735302283,85
3958,2,6428,3114,3314,0,0,0,1.0,1,1.0,1,1.0,1,0.13581015402971774,84
3959,0,6428,3114,3314,0,0,0,1.0,1,1.0,1,1.0,1,0.1448977751948431,83
3960,0,6428,3114,3314,0,0,0,1.0,1,1.0,1,1.0,1,0.15105250342801202,84
3961,1,6429,3114,3315,0,0,0,1.0,1,1.0,1,1.0,1,0.15437143431211675,83
3962,0,6429,3114,3315,0,0,0,1.0,1,1.0,1,1.0,1,0.13914647215558293,84
3963,1,6430,3115,3315,0,0,0,1.0,1,1.0,1,1.0,1,0.17167970051032597,81
3964,2,6432,3117,3315,0,0,0,1.0,1,1.0,1,1.0,1,0.18123902428045432,81
3965,4,6436,3117,3319,0,0,0,1.0,1,1.0,1,1.0,1,0.15566753477503514,81
3966,2,6438,3119,3319,0,0,0,1.0,1,1.0,1,1.0,1,0.19088978840845588,79
3967,3,6441,3120,3321,0,0,0,1.0,1,1.0,1,1.0,1,0.19674438303788316,81
3968,2,6443,3122,3321,0,0,0,1.0,1,1.0,1,1.0,1,0.19017024315344802,79
3969,8,6451,3125,3326,0,0,0,1.0,1,1.0,1,1.0,1,0.17134932836251573,79
3970,2,6453,3127,3326,0,0,0,1.0,1,1.0,1,1.0,1,0.1869313261574455,78
3971,0,6453,3127,3326,0,0,0,1.0,1,1.0,1,1.0,1,0.18457354688998587,77
3972,1,6454,3128,3326,0,0,0,1.0,1,1.0,1,1.0,1,0.18612851658486998,78
3973,3,6457,3129,3328,0,0,0,1.0,1,1.0,1,1.0,1,0.17085549157418906,77
3974,1,6458,3130,3328,0,0,0,1.0,1,1.0,1,1.0,1,0.17382123130151084,77
3975,1,6459,3131,3328,0,0,0,1.0,1,1.0,1,1.0,1,0.20292879644637266,76
3976,1,6460,3131,3329,0,0,0,1.0,1,1.0,1,1.0,1,0.20839799715320334,77
3977,1,6461,3131,3330,0,0,0,1.0,1,1.0,1,1.0,1,0.20521744528830854,78
3978,3,6464,3132,3332,0,0,0,1.0,1,1.0,1,1.0,1,0.2187792183287385,79
3979,1,6465,3132,3333,0,0,0,1.0,1,1.0,1,1.0,1,0.21154464174863186,79
3980,0,6465,3132,3333,0,0,0,1.0,1,1.0,1,1.0,1,0.21154464174863186,79
3981,3,6468,3134,3334,0,0,0,1.0,1,1.0,1,1.0,1,0.2313113418368243,83
3982,2,6470,3135,3335,0,0,0,1.0,1,1.0,1,1.0,1,0.22848088915997647,83
3983,2,6472,3136,3336,0,0,0,1.0,1,1.0,1,1.0,1,0.21756087533941648,82
3984,1,6473,3137,3336,0,0,0,1.0,1,1.0,1,1.0,1,0.23369589631130633,83
3985,6,6479,3139,3340,0,0,0,1.0,1,1.0,1,1.0,1,0.21224996870762278,84
3986,5,6484,3142,3342,0,0,0,1.0,1,1.0,1,1.0,1,0.23589084036358274,83
3987,4,6488,3144,3344,0,0,0,1.0,1,1.0,1,1.0,1,0.23363237922709937,82
3988,0,6488,3144,3344,0,0,0,1.0,1,1.0,1,1.0,1,0.2393167548356955,83
3989,5,6493,3144,3349,0,0,0,1.0,1,1.0,1,1.0,1,0.20254956114817646,81
3990,2,6495,3144,3351,0,0,0,1.0,1,1.0,1,1.0,1,0.18002373360508117,81
3991,2,6497,3145,3352,0,0,0,1.0,1,1.0,1,1.0,1,0.20682061685871878,79
3992,4,6501,3146,3355,0,0,0,1.0,1,1.0,1,1.0,1,0.1882547950417603,81
3993,0,6501,3146,3355,0,0,0,1.0,1,1.0,1,1.0,1,0.1907280289672207,80
3994,2,6503,3147,3356,0,0,0,1.0,1,1.0,1,1.0,1,0.18057687855165558,80
3995,1,6504,3148,3356,0,0,0,1.0,1,1.0,1,1.0,1,0.1788520276517811,81
3996,0,6504,3148,3356,0,0,0,1.0,1,1.0,1,1.0,1,0.20636812798605264,80
3997,6,6510,3150,3360,0,0,0,1.0,1,1.0,1,1.0,1,0.16980812147820895,81
3998,1,6511,3150,3361,0,0,0,1.0,1,1.0,1,1.0,1,0.15448651291247262,82
3999,1,6512,3150,3362,0,0,0,1.0,1,1.0,1,1.0,1,0.14655583545974318,82
4000,3,6515,3153,3362,0,0,0,1.0,1,1.0,1,1.0,1,0.17057679737388037,82
4001,5,6520,3155,3365,0,0,0,1.0,1,1.0,1,1.0,1,0.16785439094998195,81
4002,2,6522,3157,3365,0,0,0,1.0,1,1.0,1,1.0,1,0.19852291966239555,81
4003,5,6527,3158,3369,0,0,0,1.0,1,1.0,1,1.0,1,0.18008903047252514,81
4004,0,6527,3158,3369,0,0,0,1.0,1,1.0,1,1.0,1,0.19028626991447578,80
4005,5,6532,3160,3372,0,0,0,1.0,1,1.0,1,1.0,1,0.1860867329704076,78
4006,1,6533,3161,3372,0,0,0,1.0,1,1.0,1,1.0,1,0.18149016440958163,76
4007,2,6535,3161,3374,0,0,0,1.0,1,1.0,1,1.0,1,0.1631475062436352,75
4008,3,6538,3162,3376,0,0,0,1.0,1,1.0,1,1.0,1,0.15969631056213393,74
4009,3,6541,3163,3378,0,0,0,1.0,1,1.0,1,1.0,1,0.15480938804271155,75
4010,0,6541,3163,3378,0,0,0,1.0,1,1.0,1,1.0,1,0.16493582108627144,75
4011,1,6542,3164,3378,0,0,0,1.0,1,1.0,1,1.0,1,0.19892494769037294,74
4012,1,6543,3165,3378,0,0,0,1.0,1,1.0,1,1.0,1,0.20393593440501287,74
4013,2,6545,3166,3379,0,0,0,1.0,1,1.0,1,1.0,1,0.21950897286107185,74
4014,3,6548,3166,3382,0,0,0,1.0,1,1.0,1,1.0,1,0.21801680198311915,73
4015,1,6549,3166,3383,0,0,0,1.0,1,1.0,1,1.0,1,0.22269586421295665,74
4016,1,6550,3167,3383,0,0,0,1.0,1,1.0,1,1.0,1,0.24942697149106013,74
4017,4,6554,3167,3387,0,0,0,1.0,1,1.0,1,1.0,1,0.20948422297244654,78
4018,1,6555,3168,3387,0,0,0,1.0,1,1.0,1,1.0,1,0.22613248351595572,78
4019,0,6555,3168,3387,0,0,0,1.0,1,1.0,1,1.0,1,0.22613248351595572,78
4020,1,6556,3168,3388,0,0,0,1.0,1,1.0,1,1.0,1,0.21766196951222408,78
4021,1,6557,3168,3389,0,0,0,1.0,1,1.0,1,1.0,1,0.2100394340976669,78
4022,1,6558,3169,3389,0,0,0,1.0,1,1.0,1,1.0,1,0.20953578011395477,79
4023,0,6558,3169,3389,0,0,0,1.0,1,1.0,1,1.0,1,0.20552432245773394,78
4024,1,6559,3170,3389,0,0,0,1.0,1,1.0,1,1.0,1,0.20630222738343243,77
4025,0,6559,3170,3389,0,0,0,1.0,1,1.0,1,1.0,1,0.20443613081227716,76
4026,1,6560,3171,3389,0,0,0,1.0,1,1.0,1,1.0,1,0.19849743565735553,76
4027,4,6564,3174,3390,0,0,0,1.0,1,1.0,1,1.0,1,0.19489185015973193,75
4028,3,6567,3176,3391,0,0,0,1.0,1,1.0,1,1.0,1,0.2136858086711592,76
4029,5,6572,3177,3395,0,0,0,1.0,1,1.0,1,1.0,1,0.18282488348908515,75
4030,1,6573,3177,3396,0,0,0,1.0,1,1.0,1,1.0,1,0.17172126444674082,74
4031,2,6575,3179,3396,0,0,0,1.0,1,1.0,1,1.0,1,0.20359325161150696,73
4032,0,6575,3179,3396,0,0,0,1.0,1,1.0,1,1.0,1,0.20264866625375963,71
4033,3,6578,3179,3399,0,0,0,1.0,1,1.0,1,1.0,1,0.16604376406519714,73
4034,3,6581,3181,3400,0,0,0,1.0,1,1.0,1,1.0,1,0.14508709596396172,72
4035,1,6582,3182,3400,0,0,0,1.0,1,1.0,1,1.0,1,0.16970293958114932,71
4036,1,6583,3183,3400,0,0,0,1.0,1,1.0,1,1.0,1,0.1732997214646714,71
4037,4,6587,3184,3403,0,0,0,1.0,1,1.0,1,1.0,1,0.16733591372202603,70
4038,0,6587,3184,3403,0,0,0,1.0,1,1.0,1,1.0,1,0.18568912057433706,69
4039,2,6589,3185,3404,0,0,0,1.0,1,1.0,1,1.0,1,0.21869961312734,68
4040,2,6591,3186,3405,0,0,0,1.0,1,1.0,1,1.0,1,0.2478515830197038,69
4041,4,6595,3186,3409,0,0,0,1.0,1,1.0,1,1.0,1,0.23407242181594837,67
4042,2,6597,3187,3410,0,0,0,1.0,1,1.0,1,1.0,1,0.27424799895737545,67
4043,2,6599,3188,3411,0,0,0,1.0,1,1.0,1,1.0,1,0.3101556010944285,66
4044,2,6601,3190,3411,0,0,0,1.0,1,1.0,1,1.0,1,0.3436275722074217,65
4045,3,6604,3190,3414,0,0,0,1.0,1,1.0,1,1.0,1,0.3131787794575408,66
4046,1,6605,3190,3415,0,0,0,1.0,1,1.0,1,1.0,1,0.31913477913993116,68
4047,0,6605,3190,3415,0,0,0,1.0,1,1.0,1,1.0,1,0.31913477913993116,68
4048,2,6607,3190,3417,0,0,0,1.0,1,1.0,1,1.0,1,0.3054075898703259,69
4049,0,6607,3190,3417,0,0,0,1.0,1,1.0,1,1.0,1,0.3054075898703259,69
4050,0,6607,3190,3417,0,0,0,1.0,1,1.0,1,1.0,1,0.307281919564197,69
4051,0,6607,3190,3417,0,0,0,1.0,1,1.0,1,1.0,1,0.307281919564197,69
4052,1,6608,3190,3418,0,0,0,1.0,1,1.0,1,1.0,1,0.2949344701226323,69
4053,0,6608,3190,3418,0,0,0,1.0,1,1.0,1,1.0,1,0.2949344701226323,69
4054,0,6608,3190,3418,0,0,0,1.0,1,1.0,1,1.0,1,0.2917065409390461,70
4055,1,6609,3190,3419,0,0,0,1.0,1,1.0,1,1.0,1,0.2785181827400507,70
4056,0,6609,3190,3419,0,0,0,1.0,1,1.0,1,1.0,1,0.2785181827400507,70
4057,2,6611,3190,3421,0,0,0,1.0,1,1.0,1,1.0,1,0.25656429678850917,71
4058,0,6611,3190,3421,0,0,0,1.0,1,1.0,1,1.0,1,0.25656429678850917,71
4059,2,6613,3191,3422,0,0,0,1.0,1,1.0,1,1.0,1,0.249646874232961,72
4060,2,6615,3192,3423,0,0,0,1.0,1,1.0,1,1.0,1,0.26051071147219185,71
4061,1,6616,3192,3424,0,0,0,1.0,1,1.0,1,1.0,1,0.25635078649653315,72
4062,2,6618,3194,3424,0,0,0,1.0,1,1.0,1,1.0,1,0.26395983063811995,72
4063,4,6622,3195,3427,0,0,0,1.0,1,1.0,1,1.0,1,0.24806025822479946,72
4064,4,6626,3198,3428,0,0,0,1.0,1,1.0,1,1.0,1,0.24387105488617633,71
4065,3,6629,3200,3429,0,0,0,1.0,1,1.0,1,1.0,1,0.2357278981111878,70
4066,1,6630,3201,3429,0,0,0,1.0,1,1.0,1,1.0,1,0.2460136204979475,70
4067,2,6632,3202,3430,0,0,0,1.0,1,1.0,1,1.0,1,0.2269977428029645,68
4068,8,6640,3205,3435,0,0,0,1.0,1,1.0,1,1.0,1,0.21258236810596384,70
4069,4,6644,3206,3438,0,0,0,1.0,1,1.0,1,1.0,1,0.18247979165477216,68
4070,2,6646,3207,3439,0,0,0,1.0,1,1.0,1,1.0,1,0.17008556215157394,67
4071,2,6648,3207,3441,0,0,0,1.0,1,1.0,1,1.0,1,0.15422166173261803,68
4072,4,6652,3210,3442,0,0,0,1.0,1,1.0,1,1.0,1,0.14727609413397855,70
4073,1,6653,3210,3443,0,0,0,1.0,1,1.0,1,1.0,1,0.13991400840630988,70
4074,5,6658,3215,3443,0,0,0,1.0,1,1.0,1,1.0,1,0.1796256546625727,71
4075,5,6663,3218,3445,0,0,0,1.0,1,1.0,1,1.0,1,0.19700625388803508,72
4076,3,6666,3220,3446,0,0,0,1.0,1,1.0,1,1.0,1,0.22367203714922995,73
4077,4,6670,3220,3450,0,0,0,1.0,1,1.0,1,1.0,1,0.18513224374552228,72
4078,1,6671,3221,3450,0,0,0,1.0,1,1.0,1,1.0,1,0.20157369292604732,71
4079,5,6676,3223,3453,0,0,0,1.0,1,1.0,1,1.0,1,0.19038241873436815,69
4080,3,6679,3224,3455,0,0,0,1.0,1,1.0,1,1.0,1,0.21097196484055977,67
4081,2,6681,3224,3457,0,0,0,1.0,1,1.0,1,1.0,1,0.19097860022502774,66
4082,0,6681,3224,3457,0,0,0,1.0,1,1.0,1,1.0,1,0.2126181619758962,65
4083,2,6683,3225,3458,0,0,0,1.0,1,1.0,1,1.0,1,0.21062555166930125,64
4084,2,6685,3227,3458,0,0,0,1.0,1,1.0,1,1.0,1,0.2332071104495633,64
4085,3,6688,3227,3461,0,0,0,1.0,1,1.0,1,1.0,1,0.20962413342684888,65
4086,1,6689,3228,3461,0,0,0,1.0,1,1.0,1,1.0,1,0.20442458057682888,66
4087,3,6692,3229,3463,0,0,0,1.0,1,1.0,1,1.0,1,0.18448812993799438,66
4088,0,6692,3229,3463,0,0,0,1.0,1,1.0,1,1.0,1,0.20298999067432608,65
4089,0,6692,3229,3463,0,0,0,1.0,1,1.0,1,1.0,1,0.20298999067432608,65
4090,1,6693,3229,3464,0,0,0,1.0,1,1.0,1,1.0,1,0.20133226714042243,65
4091,2,6695,3229,3466,0,0,0,1.0,1,1.0,1,1.0,1,0.18242660078973924,65
4092,1,6696,3229,3467,0,0,0,1.0,1,1.0,1,1.0,1,0.18428328898382146,64
4093,0,6696,3229,3467,0,0,0,1.0,1,1.0,1,1.0,1,0.17691998484037155,66
4094,2,6698,3231,3467,0,0,0,1.0,1,1.0,1,1.0,1,0.2047782853189005,65
4095,4,6702,3232,3470,0,0,0,1.0,1,1.0,1,1.0,1,0.1873418947420794,65
4096,1,6703,3233,3470,0,0,0,1.0,1,1.0,1,1.0,1,0.18444291145879624,67
4097,5,6708,3235,3473,0,0,0,1.0,1,1.0,1,1.0,1,0.1641419453387254,67
4098,2,6710,3236,3474,0,0,0,1.0,1,1.0,1,1.0,1,0.1822376325554995,68
4099,1,6711,3237,3474,0,0,0,1.0,1,1.0,1,1.0,1,0.19159438117010497,69
4100,2,6713,3239,3474,0,0,0,1.0,1,1.0,1,1.0,1,0.18733263626996866,70
4101,5,6718,3241,3477,0,0,0,1.0,1,1.0,1,1.0,1,0.1751129584493066,71
4102,3,6721,3243,3478,0,0,0,1.0,1,1.0,1,1.0,1,0.16836698666691147,71
4103,1,6722,3244,3478,0,0,0,1.0,1,1.0,1,1.0,1,0.1694301907488912,71
4104,3,6725,3247,3478,0,0,0,1.0,1,1.0,1,1.0,1,0.1963742468729722,69
4105,1,6726,3247,3479,0,0,0,1.0,1,1.0,1,1.0,1,0.18492178536136683,67
4106,1,6727,3247,3480,0,0,0,1.0,1,1.0,1,1.0,1,0.18893935987170585,68
4107,2,6729,3247,3482,0,0,0,1.0,1,1.0,1,1.0,1,0.17176039522268405,70
4108,0,6729,3247,3482,0,0,0,1.0,1,1.0,1,1.0,1,0.17193606091778307,70
4109,2,6731,3247,3484,0,0,0,1.0,1,1.0,1,1.0,1,0.16303756035963524,69
4110,1,6732,3247,3485,0,0,0,1.0,1,1.0,1,1.0,1,0.14964650783211134,71
4111,1,6733,3247,3486,0,0,0,1.0,1,1.0,1,1.0,1,0.13051330847014847,70
4112,0,6733,3247,3486,0,0,0,1.0,1,1.0,1,1.0,1,0.1388263913745081,72
4113,1,6734,3248,3486,0,0,0,1.0,1,1.0,1,1.0,1,0.1434605174377797,72
4114,4,6738,3251,3487,0,0,0,1.0,1,1.0,1,1.0,1,0.1903107494582168,72
4115,0,6738,3251,3487,0,0,0,1.0,1,1.0,1,1.0,1,0.1862308370012956,70
4116,2,6740,3252,3488,0,0,0,1.0,1,1.0,1,1.0,1,0.1950066882516408,67
4117,1,6741,3253,3488,0,0,0,1.0,1,1.0,1,1.0,1,0.22510862015649552,67
4118,0,6741,3253,3488,0,0,0,1.0,1,1.0,1,1.0,1,0.2478380444259665,66
4119,3,6744,3255,3489,0,0,0,1.0,1,1.0,1,1.0,1,0.28645446490850884,67
4120,1,6745,3255,3490,0,0,0,1.0,1,1.0,1,1.0,1,0.2962755490078035,64
4121,7,6752,3255,3497,0,0,0,1.0,1,1.0,1,1.0,1,0.2426660843497741,63
4122,2,6754,3256,3498,0,0,0,1.0,1,1.0,1,1.0,1,0.24843510840237434,63
4123,1,6755,3257,3498,0,0,0,1.0,1,1.0,1,1.0,1,0.21386052920724086,61
4124,1,6756,3258,3498,0,0,0,1.0,1,1.0,1,1.0,1,0.23941540839767692,62
4125,4,6760,3259,3501,0,0,0,1.0,1,1.0,1,1.0,1,0.23211877376851084,60
4126,2,6762,3261,3501,0,0,0,1.0,1,1.0,1,1.0,1,0.23222641124921323,59
4127,2,6764,3263,3501,0,0,0,1.0,1,1.0,1,1.0,1,0.2457882302183237,60
4128,2,6766,3264,3502,0,0,0,1.0,1,1.0,1,1.0,1,0.23350162456746587,60
4129,3,6769,3264,3505,0,0,0,1.0,1,1.0,1,1.0,1,0.21703854711917608,60
4130,3,6772,3267,3505,0,0,0,1.0,1,1.0,1,1.0,1,0.23691267626187523,61
4131,1,6773,3267,3506,0,0,0,1.0,1,1.0,1,1.0,1,0.22633548219230726,60
4132,3,6776,3269,3507,0,0,0,1.0,1,1.0,1,1.0,1,0.238333586908006,60
4133,3,6779,3270,3509,0,0,0,1.0,1,1.0,1,1.0,1,0.21041779358717813,62
4134,1,6780,3271,3509,0,0,0,1.0,1,1.0,1,1.0,1,0.20330048436584217,63
4135,4,6784,3272,3512,0,0,0,1.0,1,1.0,1,1.0,1,0.18259293811337932,65
4136,0,6784,3272,3512,0,0,0,1.0,1,1.0,1,1.0,1,0.18259293811337932,65
4137,1,6785,3273,3512,0,0,0,1.0,1,1.0,1,1.0,1,0.19031061778050146,66
4138,1,6786,3274,3512,0,0,0,1.0,1,1.0,1,1.0,1,0.1960820388446401,67
4139,3,6789,3276,3513,0,0,0,1.0,1,1.0,1,1.0,1,0.2211096482508537,67
4140,0,6789,3276,3513,0,0,0,1.0,1,1.0,1,1.0,1,0.20964713222845613,66
4141,2,6791,3276,3515,0,0,0,1.0,1,1.0,1,1.0,1,0.18691859344525236,67
4142,1,6792,3277,3515,0,0,0,1.0,1,1.0,1,1.0,1,0.18908745361840817,67
4143,1,6793,3277,3516,0,0,0,1.0,1,1.0,1,1.0,1,0.17114136609959948,66
4144,1,6794,3278,3516,0,0,0,1.0,1,1.0,1,1.0,1,0.18945485910242552,64
4145,4,6798,3279,3519,0,0,0,1.0,1,1.0,1,1.0,1,0.16031787080140789,63
4146,1,6799,3280,3519,0,0,0,1.0,1,1.0,1,1.0,1,0.18033406519601725,62
4147,0,6799,3280,3519,0,0,0,1.0,1,1.0,1,1.0,1,0.18696621728546925,60
4148,4,6803,3282,3521,0,0,0,1.0,1,1.0,1,1.0,1,0.17649288771586347,62
4149,1,6804,3283,3521,0,0,0,1.0,1,1.0,1,1.0,1,0.18497145986551936,61
4150,2,6806,3285,3521,0,0,0,1.0,1,1.0,1,1.0,1,0.18190701443125196,60
4151,1,6807,3286,3521,0,0,0,1.0,1,1.0,1,1.0,1,0.17190378264106723,60
4152,1,6808,3287,3521,0,0,0,1.0,1,1.0,1,1.0,1,0.187147651039034,60
4153,1,6809,3288,3521,0,0,0,1.0,1,1.0,1,1.0,1,0.2058956424764356,58
4154,0,6809,3288,3521,0,0,0,1.0,1,1.0,1,1.0,1,0.22955081629579485,57
4155,3,6812,3290,3522,0,0,0,1.0,1,1.0,1,1.0,1,0.2365661376003896,57
4156,4,6816,3292,3524,0,0,0,1.0,1,1.0,1,1.0,1,0.26019431628675155,58
4157,5,6821,3292,3529,0,0,0,1.0,1,1.0,1,1.0,1,0.16894815906855973,57
4158,1,6822,3293,3529,0,0,0,1.0,1,1.0,1,1.0,1,0.19802856435416955,55
4159,0,6822,3293,3529,0,0,0,1.0,1,1.0,1,1.0,1,0.1993254478789841,57
4160,1,6823,3294,3529,0,0,0,1.0,1,1.0,1,1.0,1,0.2153847694051906,58
4161,2,6825,3294,3531,0,0,0,1.0,1,1.0,1,1.0,1,0.18667064858355445,58
4162,1,6826,3295,3531,0,0,0,1.0,1,1.0,1,1.0,1,0.20456532581740902,57
4163,0,6826,3295,3531,0,0,0,1.0,1,1.0,1,1.0,1,0.2004356800966741,58
4164,5,6831,3298,3533,0,0,0,1.0,1,1.0,1,1.0,1,0.23795603505974114,56
4165,5,6836,3299,3537,0,0,0,1.0,1,1.0,1,1.0,1,0.23880369154212705,58
4166,0,6836,3299,3537,0,0,0,1.0,1,1.0,1,1.0,1,0.23129979824193758,57
4167,1,6837,3299,3538,0,0,0,1.0,1,1.0,1,1.0,1,0.23398057692676047,57
4168,0,6837,3299,3538,0,0,0,1.0,1,1.0,1,1.0,1,0.23296542727184794,58
4169,0,6837,3299,3538,0,0,0,1.0,1,1.0,1,1.0,1,0.23296542727184794,58
4170,1,6838,3300,3538,0,0,0,1.0,1,1.0,1,1.0,1,0.2485827363264786,58
4171,0,6838,3300,3538,0,0,0,1.0,1,1.0,1,1.0,1,0.262711209374171,57
4172,0,6838,3300,3538,0,0,0,1.0,1,1.0,1,1.0,1,0.262711209374171,57
4173,1,6839,3300,3539,0,0,0,1.0,1,1.0,1,1.0,1,0.2705938166245536,56
4174,1,6840,3300,3540,0,0,0,1.0,1,1.0,1,1.0,1,0.26389301873227927,56
4175,4,6844,3301,3543,0,0,0,1.0,1,1.0,1,1.0,1,0.23806900281516186,55
4176,1,6845,3301,3544,0,0,0,1.0,1,1.0,1,1.0,1,0.25079324617630544,57
4177,2,6847,3302,3545,0,0,0,1.0,1,1.0,1,1.0,1,0.25673400306105626,58
4178,7,6854,3306,3548,0,0,0,1.0,1,1.0,1,1.0,1,0.2451534939645761,60
4179,1,6855,3307,3548,0,0,0,1.0,1,1.0,1,1.0,1,0.23736424283723737,61
4180,0,6855,3307,3548,0,0,0,1.0,1,1.0,1,1.0,1,0.2323952879260306,62
4181,1,6856,3307,3549,0,0,0,1.0,1,1.0,1,1.0,1,0.2210501688790167,63
4182,1,6857,3308,3549,0,0,0,1.0,1,1.0,1,1.0,1,0.23982155353517173,63
4183,2,6859,3309,3550,0,0,0,1.0,1,1.0,1,1.0,1,0.2289891735670323,63
4184,3,6862,3310,3552,0,0,0,1.0,1,1.0,1,1.0,1,0.23446335158091483,63
4185,1,6863,3310,3553,0,0,0,1.0,1,1.0,1,1.0,1,0.2144489820506568,61
4186,7,6870,3315,3555,0,0,0,1.0,1,1.0,1,1.0,1,0.19068261757168734,62
4187,0,6870,3315,3555,0,0,0,1.0,1,1.0,1,1.0,1,0.18848541753015707,60
4188,1,6871,3315,3556,0,0,0,1.0,1,1.0,1,1.0,1,0.17773270572731167,60
4189,0,6871,3315,3556,0,0,0,1.0,1,1.0,1,1.0,1,0.17773270572731167,60
4190,3,6874,3317,3557,0,0,0,1.0,1,1.0,1,1.0,1,0.187393866316883,61
4191,0,6874,3317,3557,0,0,0,1.0,1,1.0,1,1.0,1,0.2027240873405779,59
4192,2,6876,3319,3557,0,0,0,1.0,1,1.0,1,1.0,1,0.20804673819478803,58
4193,2,6878,3321,3557,0,0,0,1.0,1,1.0,1,1.0,1,0.24350575518551626,57
4194,0,6878,3321,3557,0,0,0,1.0,1,1.0,1,1.0,1,0.2569113196863707,54
4195,1,6879,3322,3557,0,0,0,1.0,1,1.0,1,1.0,1,0.25444335027842296,55
4196,3,6882,3323,3559,0,0,0,1.0,1,1.0,1,1.0,1,0.2510575125118139,56
4197,2,6884,3324,3560,0,0,0,1.0,1,1.0,1,1.0,1,0.245646720541337,55
4198,2,6886,3325,3561,0,0,0,1.0,1,1.0,1,1.0,1,0.25764763497367515,56
4199,1,6887,3326,3561,0,0,0,1.0,1,1.0,1,1.0,1,0.28475555690300186,55
4200,0,6887,3326,3561,0,0,0,1.0,1,1.0,1,1.0,1,0.2847710323949837,55
4201,0,6887,3326,3561,0,0,0,1.0,1,1.0,1,1.0,1,0.26961172909488,56
4202,1,6888,3326,3562,0,0,0,1.0,1,1.0,1,1.0,1,0.25929040078374616,56
4203,0,6888,3326,3562,0,0,0,1.0,1,1.0,1,1.0,1,0.26950104630351285,57
4204,0,6888,3326,3562,0,0,0,1.0,1,1.0,1,1.0,1,0.26950104630351285,57
4205,2,6890,3326,3564,0,0,0,1.0,1,1.0,1,1.0,1,0.24777896322854345,58
4206,3,6893,3327,3566,0,0,0,1.0,1,1.0,1,1.0,1,0.22103004175369237,58
4207,2,6895,3329,3566,0,0,0,1.0,1,1.0,1,1.0,1,0.2171506003325908,58
4208,2,6897,3330,3567,0,0,0,1.0,1,1.0,1,1.0,1,0.21851310074908323,60
4209,6,6903,3333,3570,0,0,0,1.0,1,1.0,1,1.0,1,0.16649758962133443,61
4210,0,6903,3333,3570,0,0,0,1.0,1,1.0,1,1.0,1,0.15645627045684316,62
4211,1,6904,3334,3570,0,0,0,1.0,1,1.0,1,1.0,1,0.16887557481083254,63
4212,0,6904,3334,3570,0,0,0,1.0,1,1.0,1,1.0,1,0.16747006884517968,64
4213,1,6905,3334,3571,0,0,0,1.0,1,1.0,1,1.0,1,0.16633032845807552,65
4214,0,6905,3334,3571,0,0,0,1.0,1,1.0,1,1.0,1,0.17270517959761117,65
4215,0,6905,3334,3571,0,0,0,1.0,1,1.0,1,1.0,1,0.17270517959761117,65
4216,0,6905,3334,3571,0,0,0,1.0,1,1.0,1,1.0,1,0.183499153961799,64
4217,1,6906,3335,3571,0,0,0,1.0,1,1.0,1,1.0,1,0.20732688067631158,65
4218,1,6907,3335,3572,0,0,0,1.0,1,1.0,1,1.0,1,0.19365073051000822,65
4219,1,6908,3336,3572,0,0,0,1.0,1,1.0,1,1.0,1,0.21986813972930497,65
4220,1,6909,3336,3573,0,0,0,1.0,1,1.0,1,1.0,1,0.2100366112720687,65
4221,1,6910,3337,3573,0,0,0,1.0,1,1.0,1,1.0,1,0.23903904604149162,67
4222,0,6910,3337,3573,0,0,0,1.0,1,1.0,1,1.0,1,0.244213187688102,68
4223,2,6912,3339,3573,0,0,0,1.0,1,1.0,1,1.0,1,0.2737248882518552,68
4224,2,6914,3340,3574,0,0,0,1.0,1,1.0,1,1.0,1,0.28450177237763175,68
4225,3,6917,3340,3577,0,0,0,1.0,1,1.0,1,1.0,1,0.24382112522253266,66
4226,1,6918,3341,3577,0,0,0,1.0,1,1.0,1,1.0,1,0.258238969488417,66
4227,0,6918,3341,3577,0,0,0,1.0,1,1.0,1,1.0,1,0.258238969488417,66
4228,0,6918,3341,3577,0,0,0,1.0,1,1.0,1,1.0,1,0.25254331461038243,65
4229,1,6919,3342,3577,0,0,0,1.0,1,1.0,1,1.0,1,0.25692584452458794,65
4230,3,6922,3343,3579,0,0,0,1.0,1,1.0,1,1.0,1,0.24581330815515953,64
4231,0,6922,3343,3579,0,0,0,1.0,1,1.0,1,1.0,1,0.24566952184333096,64
4232,3,6925,3344,3581,0,0,0,1.0,1,1.0,1,1.0,1,0.23308486322844368,65
4233,0,6925,3344,3581,0,0,0,1.0,1,1.0,1,1.0,1,0.23354110171395126,64
4234,2,6927,3345,3582,0,0,0,1.0,1,1.0,1,1.0,1,0.21699461738504663,63
4235,4,6931,3347,3584,0,0,0,1.0,1,1.0,1,1.0,1,0.21278019875176835,63
4236,0,6931,3347,3584,0,0,0,1.0,1,1.0,1,1.0,1,0.21278019875176835,63
4237,5,6936,3349,3587,0,0,0,1.0,1,1.0,1,1.0,1,0.20509409945313803,65
4238,0,6936,3349,3587,0,0,0,1.0,1,1.0,1,1.0,1,0.20509409945313803,65
4239,0,6936,3349,3587,0,0,0,1.0,1,1.0,1,1.0,1,0.20509409945313803,65
4240,1,6937,3350,3587,0,0,0,1.0,1,1.0,1,1.0,1,0.18225248193690866,66
4241,1,6938,3350,3588,0,0,0,1.0,1,1.0,1,1.0,1,0.17935462449610828,66
4242,1,6939,3351,3588,0,0,0,1.0,1,1.0,1,1.0,1,0.17744142896461493,69
4243,0,6939,3351,3588,0,0,0,1.0,1,1.0,1,1.0,1,0.18958266203999222,71
4244,0,6939,3351,3588,0,0,0,1.0,1,1.0,1,1.0,1,0.18958266203999222,71
4245,4,6943,3351,3592,0,0,0,1.0,1,1.0,1,1.0,1,0.16415061794446748,73
4246,1,6944,3351,3593,0,0,0,1.0,1,1.0,1,1.0,1,0.1389975218674448,74
4247,0,6944,3351,3593,0,0,0,1.0,1,1.0,1,1.0,1,0.1389975218674448,74
4248,0,6944,3351,3593,0,0,0,1.0,1,1.0,1,1.0,1,0.1389975218674448,74
4249,0,6944,3351,3593,0,0,0,1.0,1,1.0,1,1.0,1,0.1389975218674448,74
4250,0,6944,3351,3593,0,0,0,1.0,1,1.0,1,1.0,1,0.1389975218674448,74
4251,1,6945,3351,3594,0,0,0,1.0,1,1.0,1,1.0,1,0.133072210632959,75
4252,2,6947,3353,3594,0,0,0,1.0,1,1.0,1,1.0,1,0.17979665676466344,75
4253,2,6949,3353,3596,0,0,0,1.0,1,1.0,1,1.0,1,0.16942972377992313,76
4254,2,6951,3355,3596,0,0,0,1.0,1,1.0,1,1.0,1,0.17761377535228315,75
4255,4,6955,3358,3597,0,0,0,1.0,1,1.0,1,1.0,1,0.195145172934138,76
4256,2,6957,3359,3598,0,0,0,1.0,1,1.0,1,1.0,1,0.20582840824741294,78
4257,1,6958,3359,3599,0,0,0,1.0,1,1.0,1,1.0,1,0.18253249973937993,78
4258,2,6960,3361,3599,0,0,0,1.0,1,1.0,1,1.0,1,0.2198730978225249,77
4259,4,6964,3364,3600,0,0,0,1.0,1,1.0,1,1.0,1,0.2418131529136094,78
4260,4,6968,3364,3604,0,0,0,1.0,1,1.0,1,1.0,1,0.18414760865155633,77
4261,3,6971,3365,3606,0,0,0,1.0,1,1.0,1,1.0,1,0.18342944235593478,76
4262,2,6973,3365,3608,0,0,0,1.0,1,1.0,1,1.0,1,0.18269005823352477,75
4263,1,6974,3366,3608,0,0,0,1.0,1,1.0,1,1.0,1,0.18204740614704645,74
4264,3,6977,3366,3611,0,0,0,1.0,1,1.0,1,1.0,1,0.1896083815682681,74
4265,3,6980,3369,3611,0,0,0,1.0,1,1.0,1,1.0,1,0.1968321733271858,73
4266,0,6980,3369,3611,0,0,0,1.0,1,1.0,1,1.0,1,0.22739083324232418,71
4267,3,6983,3372,3611,0,0,0,1.0,1,1.0,1,1.0,1,0.22400813102482506,69
4268,3,6986,3374,3612,0,0,0,1.0,1,1.0,1,1.0,1,0.2499916299677609,67
4269,4,6990,3374,3616,0,0,0,1.0,1,1.0,1,1.0,1,0.17626667111367855,64
4270,2,6992,3375,3617,0,0,0,1.0,1,1.0,1,1.0,1,0.17024005995535738,63
4271,1,6993,3376,3617,0,0,0,1.0,1,1.0,1,1.0,1,0.1941447003262548,63
4272,3,6996,3377,3619,0,0,0,1.0,1,1.0,1,1.0,1,0.18835622499347848,62
4273,3,6999,3378,3621,0,0,0,1.0,1,1.0,1,1.0,1,0.20407745106485886,62
4274,0,6999,3378,3621,0,0,0,1.0,1,1.0,1,1.0,1,0.21831908996248323,62
4275,0,6999,3378,3621,0,0,0,1.0,1,1.0,1,1.0,1,0.21013355679836992,61
4276,1,7000,3378,3622,0,0,0,1.0,1,1.0,1,1.0,1,0.20877965189075634,62
4277,2,7002,3378,3624,0,0,0,1.0,1,1.0,1,1.0,1,0.21088267997245774,63
4278,0,7002,3378,3624,0,0,0,1.0,1,1.0,1,1.0,1,0.2008012456250265,64
4279,3,7005,3380,3625,0,0,0,1.0,1,1.0,1,1.0,1,0.19870986531196516,65
4280,2,7007,3381,3626,0,0,0,1.0,1,1.0,1,1.0,1,0.19963063118259372,65
4281,2,7009,3382,3627,0,0,0,1.0,1,1.0,1,1.0,1,0.21411846980688976,65
4282,5,7014,3386,3628,0,0,0,1.0,1,1.0,1,1.0,1,0.2506794382995242,66
4283,1,7015,3386,3629,0,0,0,1.0,1,1.0,1,1.0,1,0.24847572564355058,66
4284,3,7018,3387,3631,0,0,0,1.0,1,1.0,1,1.0,1,0.2530985051900573,66
4285,2,7020,3388,3632,0,0,0,1.0,1,1.0,1,1.0,1,0.23943990729990877,67
4286,1,7021,3388,3633,0,0,0,1.0,1,1.0,1,1.0,1,0.24457554889687408,67
4287,1,7022,3388,3634,0,0,0,1.0,1,1.0,1,1.0,1,0.2313639353136049,67
4288,0,7022,3388,3634,0,0,0,1.0,1,1.0,1,1.0,1,0.22483547337743112,68
4289,3,7025,3389,3636,0,0,0,1.0,1,1.0,1,1.0,1,0.2216881335948424,68
4290,0,7025,3389,3636,0,0,0,1.0,1,1.0,1,1.0,1,0.223914223561038,70
4291,1,7026,3390,3636,0,0,0,1.0,1,1.0,1,1.0,1,0.22996712579163278,71
4292,0,7026,3390,3636,0,0,0,1.0,1,1.0,1,1.0,1,0.22996712579163278,71
4293,2,7028,3390,3638,0,0,0,1.0,1,1.0,1,1.0,1,0.2186696786078374,71
4294,0,7028,3390,3638,0,0,0,1.0,1,1.0,1,1.0,1,0.2186696786078374,71
4295,2,7030,3391,3639,0,0,0,1.0,1,1.0,1,1.0,1,0.22710002335654791,72
4296,0,7030,3391,3639,0,0,0,1.0,1,1.0,1,1.0,1,0.23565854899165484,73
4297,1,7031,3392,3639,0,0,0,1.0,1,1.0,1,1.0,1,0.2326765609703646,73
4298,0,7031,3392,3639,0,0,0,1.0,1,1.0,1,1.0,1,0.2407712655588838,74
4299,0,7031,3392,3639,0,0,0,1.0,1,1.0,1,1.0,1,0.22738998231237398,75
4300,1,7032,3392,3640,0,0,0,1.0,1,1.0,1,1.0,1,0.21002167201120384,75
4301,1,7033,3392,3641,0,0,0,1.0,1,1.0,1,1.0,1,0.20213776452738877,76
4302,0,7033,3392,3641,0,0,0,1.0,1,1.0,1,1.0,1,0.20213776452738877,76
4303,2,7035,3392,3643,0,0,0,1.0,1,1.0,1,1.0,1,0.16950102154088964,75
4304,5,7040,3394,3646,0,0,0,1.0,1,1.0,1,1.0,1,0.1913107677970214,75
4305,2,7042,3395,3647,0,0,0,1.0,1,1.0,1,1.0,1,0.2092811077979423,73
4306,4,7046,3397,3649,0,0,0,1.0,1,1.0,1,1.0,1,0.22257725904077774,74
4307,1,7047,3398,3649,0,0,0,1.0,1,1.0,1,1.0,1,0.21984017722767754,73
4308,1,7048,3399,3649,0,0,0,1.0,1,1.0,1,1.0,1,0.25139383097311413,71
4309,1,7049,3400,3649,0,0,0,1.0,1,1.0,1,1.0,1,0.25507094230628813,70
4310,2,7051,3401,3650,0,0,0,1.0,1,1.0,1,1.0,1,0.24270721507680382,69
4311,6,7057,3404,3653,0,0,0,1.0,1,1.0,1,1.0,1,0.22998034424048813,69
4312,4,7061,3406,3655,0,0,0,1.0,1,1.0,1,1.0,1,0.2498666386201851,66
4313,1,7062,3406,3656,0,0,0,1.0,1,1.0,1,1.0,1,0.24102508398398625,64
4314,2,7064,3408,3656,0,0,0,1.0,1,1.0,1,1.0,1,0.2767482133345611,61
4315,4,7068,3411,3657,0,0,0,1.0,1,1.0,1,1.0,1,0.2753848237251906,61
4316,1,7069,3412,3657,0,0,0,1.0,1,1.0,1,1.0,1,0.2677702568801103,60
4317,4,7073,3412,3661,0,0,0,1.0,1,1.0,1,1.0,1,0.23075559550585792,62
4318,1,7074,3412,3662,0,0,0,1.0,1,1.0,1,1.0,1,0.2553825087372058,59
4319,1,7075,3412,3663,0,0,0,1.0,1,1.0,1,1.0,1,0.2418878946456495,60
4320,0,7075,3412,3663,0,0,0,1.0,1,1.0,1,1.0,1,0.2418878946456495,60
4321,3,7078,3415,3663,0,0,0,1.0,1,1.0,1,1.0,1,0.2604046678754232,61
4322,2,7080,3416,3664,0,0,0,1.0,1,1.0,1,1.0,1,0.26348132129895413,61
4323,1,7081,3416,3665,0,0,0,1.0,1,1.0,1,1.0,1,0.2558807070893237,61
4324,0,7081,3416,3665,0,0,0,1.0,1,1.0,1,1.0,1,0.2668531429995935,60
4325,1,7082,3416,3666,0,0,0,1.0,1,1.0,1,1.0,1,0.24810946429623817,60
4326,1,7083,3417,3666,0,0,0,1.0,1,1.0,1,1.0,1,0.25007411891628717,61
4327,1,7084,3417,3667,0,0,0,1.0,1,1.0,1,1.0,1,0.23040854541155628,62
4328,0,7084,3417,3667,0,0,0,1.0,1,1.0,1,1.0,1,0.23040854541155628,62
4329,0,7084,3417,3667,0,0,0,1.0,1,1.0,1,1.0,1,0.22155641323090866,65
4330,1,7085,3417,3668,0,0,0,1.0,1,1.0,1,1.0,1,0.2037802966887918,65
4331,0,7085,3417,3668,0,0,0,1.0,1,1.0,1,1.0,1,0.2037802966887918,65
4332,3,7088,3418,3670,0,0,0,1.0,1,1.0,1,1.0,1,0.2018622339475842,66
4333,2,7090,3419,3671,0,0,0,1.0,1,1.0,1,1.0,1,0.18938902186012496,66
4334,2,7092,3420,3672,0,0,0,1.0,1,1.0,1,1.0,1,0.19981853470107436,66
4335,0,7092,3420,3672,0,0,0,1.0,1,1.0,1,1.0,1,0.2128169205834203,65
4336,2,7094,3421,3673,0,0,0,1.0,1,1.0,1,1.0,1,0.20896241122187298,67
4337,2,7096,3422,3674,0,0,0,1.0,1,1.0,1,1.0,1,0.23377920260372634,69
4338,0,7096,3422,3674,0,0,0,1.0,1,1.0,1,1.0,1,0.24044061289670177,70
4339,1,7097,3422,3675,0,0,0,1.0,1,1.0,1,1.0,1,0.2455111116143651,70
4340,2,7099,3422,3677,0,0,0,1.0,1,1.0,1,1.0,1,0.2358511986293398,71
4341,4,7103,3424,3679,0,0,0,1.0,1,1.0,1,1.0,1,0.22733676148952633,70
4342,1,7104,3425,3679,0,0,0,1.0,1,1.0,1,1.0,1,0.24444288070296083,71
4343,5,7109,3429,3680,0,0,0,1.0,1,1.0,1,1.0,1,0.27484206014448265,67
4344,6,7115,3432,3683,0,0,0,1.0,1,1.0,1,1.0,1,0.2759930209783728,67
4345,6,7121,3435,3686,0,0,0,1.0,1,1.0,1,1.0,1,0.25073086625992436,64
4346,2,7123,3437,3686,0,0,0,1.0,1,1.0,1,1.0,1,0.25626252426633817,64
4347,7,7130,3441,3689,0,0,0,1.0,1,1.0,1,1.0,1,0.254329507578832,62
4348,2,7132,3443,3689,0,0,0,1.0,1,1.0,1,1.0,1,0.2605339868351422,62
4349,3,7135,3444,3691,0,0,0,1.0,1,1.0,1,1.0,1,0.2808065014901444,61
4350,2,7137,3446,3691,0,0,0,1.0,1,1.0,1,1.0,1,0.3088430471891217,60
4351,0,7137,3446,3691,0,0,0,1.0,1,1.0,1,1.0,1,0.3117740631260888,60
4352,1,7138,3446,3692,0,0,0,1.0,1,1.0,1,1.0,1,0.31609120107261934,57
4353,3,7141,3447,3694,0,0,0,1.0,1,1.0,1,1.0,1,0.28991716001911727,55
4354,2,7143,3448,3695,0,0,0,1.0,1,1.0,1,1.0,1,0.26897524159906083,55
4355,1,7144,3448,3696,0,0,0,1.0,1,1.0,1,1.0,1,0.2772022292040199,53
4356,1,7145,3448,3697,0,0,0,1.0,1,1.0,1,1.0,1,0.25565853649075243,55
4357,3,7148,3448,3700,0,0,0,1.0,1,1.0,1,1.0,1,0.2500232677271202,55
4358,1,7149,3449,3700,0,0,0,1.0,1,1.0,1,1.0,1,0.25868366441448637,55
4359,1,7150,3449,3701,0,0,0,1.0,1,1.0,1,1.0,1,0.25922654047227583,54
4360,1,7151,3450,3701,0,0,0,1.0,1,1.0,1,1.0,1,0.2640773663446862,55
4361,3,7154,3451,3703,0,0,0,1.0,1,1.0,1,1.0,1,0.24645627165319411,54
4362,2,7156,3451,3705,0,0,0,1.0,1,1.0,1,1.0,1,0.20207801746804488,55
4363,1,7157,3452,3705,0,0,0,1.0,1,1.0,1,1.0,1,0.23046111296480495,55
4364,3,7160,3454,3706,0,0,0,1.0,1,1.0,1,1.0,1,0.26630295187514347,55
4365,3,7163,3454,3709,0,0,0,1.0,1,1.0,1,1.0,1,0.23761475120303113,54
4366,3,7166,3455,3711,0,0,0,1.0,1,1.0,1,1.0,1,0.21473138745089498,54
4367,1,7167,3455,3712,0,0,0,1.0,1,1.0,1,1.0,1,0.218730422159248,57
4368,2,7169,3456,3713,0,0,0,1.0,1,1.0,1,1.0,1,0.261054315503013,57
4369,2,7171,3456,3715,0,0,0,1.0,1,1.0,1,1.0,1,0.23619436266115085,58
4370,1,7172,3457,3715,0,0,0,1.0,1,1.0,1,1.0,1,0.25403669302198933,59
4371,2,7174,3457,3717,0,0,0,1.0,1,1.0,1,1.0,1,0.2359839919073486,60
4372,1,7175,3458,3717,0,0,0,1.0,1,1.0,1,1.0,1,0.2422640084249885,60
4373,1,7176,3458,3718,0,0,0,1.0,1,1.0,1,1.0,1,0.22603256723179366,60
4374,1,7177,3459,3718,0,0,0,1.0,1,1.0,1,1.0,1,0.25170681442032417,59
4375,1,7178,3459,3719,0,0,0,1.0,1,1.0,1,1.0,1,0.25280051981025486,60
4376,0,7178,3459,3719,0,0,0,1.0,1,1.0,1,1.0,1,0.27573666685150294,60
4377,2,7180,3459,3721,0,0,0,1.0,1,1.0,1,1.0,1,0.24965386155680455,61
4378,0,7180,3459,3721,0,0,0,1.0,1,1.0,1,1.0,1,0.22944285983523177,64
4379,1,7181,3460,3721,0,0,0,1.0,1,1.0,1,1.0,1,0.24045285991143148,64
4380,1,7182,3461,3721,0,0,0,1.0,1,1.0,1,1.0,1,0.25479117920377015,65
4381,0,7182,3461,3721,0,0,0,1.0,1,1.0,1,1.0,1,0.25933875132737255,64
4382,0,7182,3461,3721,0,0,0,1.0,1,1.0,1,1.0,1,0.2731939015481489,64
4383,2,7184,3462,3722,0,0,0,1.0,1,1.0,1,1.0,1,0.2839903071560203,64
4384,2,7186,3464,3722,0,0,0,1.0,1,1.0,1,1.0,1,0.3119732535763008,60
4385,1,7187,3464,3723,0,0,0,1.0,1,1.0,1,1.0,1,0.29130702545762144,58
4386,2,7189,3466,3723,0,0,0,1.0,1,1.0,1,1.0,1,0.2824770271620811,58
4387,2,7191,3466,3725,0,0,0,1.0,1,1.0,1,1.0,1,0.2645652360384196,55
4388,4,7195,3469,3726,0,0,0,1.0,1,1.0,1,1.0,1,0.3167801475035478,56
4389,4,7199,3469,3730,0,0,0,1.0,1,1.0,1,1.0,1,0.251913119032562,55
4390,3,7202,3470,3732,0,0,0,1.0,1,1.0,1,1.0,1,0.24465297698609914,55
4391,3,7205,3472,3733,0,0,0,1.0,1,1.0,1,1.0,1,0.24275353925558085,56
4392,1,7206,3472,3734,0,0,0,1.0,1,1.0,1,1.0,1,0.248622653397826,56
4393,1,7207,3473,3734,0,0,0,1.0,1,1.0,1,1.0,1,0.27613595001744107,55
4394,2,7209,3475,3734,0,0,0,1.0,1,1.0,1,1.0,1,0.2845316557870386,53
4395,1,7210,3476,3734,0,0,0,1.0,1,1.0,1,1.0,1,0.30059930215600406,53
4396,2,7212,3478,3734,0,0,0,1.0,1,1.0,1,1.0,1,0.31350872063996316,53
4397,2,7214,3479,3735,0,0,0,1.0,1,1.0,1,1.0,1,0.3115958312852901,50
4398,2,7216,3480,3736,0,0,0,1.0,1,1.0,1,1.0,1,0.3485757949277816,50
4399,0,7216,3480,3736,0,0,0,1.0,1,1.0,1,1.0,1,0.3523343146834444,52
4400,3,7219,3481,3738,0,0,0,1.0,1,1.0,1,1.0,1,0.34235468376108985,55
4401,1,7220,3481,3739,0,0,0,1.0,1,1.0,1,1.0,1,0.3239280802650062,56
4402,0,7220,3481,3739,0,0,0,1.0,1,1.0,1,1.0,1,0.3239280802650062,56
4403,4,7224,3483,3741,0,0,0,1.0,1,1.0,1,1.0,1,0.31127332132607166,57
4404,0,7224,3483,3741,0,0,0,1.0,1,1.0,1,1.0,1,0.31127332132607166,57
4405,0,7224,3483,3741,0,0,0,1.0,1,1.0,1,1.0,1,0.3074410635366172,58
4406,0,7224,3483,3741,0,0,0,1.0,1,1.0,1,1.0,1,0.3074410635366172,58
4407,0,7224,3483,3741,0,0,0,1.0,1,1.0,1,1.0,1,0.3074410635366172,58
4408,0,7224,3483,3741,0,0,0,1.0,1,1.0,1,1.0,1,0.30953121055790017,59
4409,0,7224,3483,3741,0,0,0,1.0,1,1.0,1,1.0,1,0.30953121055790017,59
4410,0,7224,3483,3741,0,0,0,1.0,1,1.0,1,1.0,1,0.30953121055790017,59
4411,0,7224,3483,3741,0,0,0,1.0,1,1.0,1,1.0,1,0.29717697645218344,62
4412,0,7224,3483,3741,0,0,0,1.0,1,1.0,1,1.0,1,0.29124749420893936,63
4413,0,7224,3483,3741,0,0,0,1.0,1,1.0,1,1.0,1,0.29124749420893936,63
4414,2,7226,3483,3743,0,0,0,1.0,1,1.0,1,1.0,1,0.2760702688948186,64
4415,1,7227,3483,3744,0,0,0,1.0,1,1.0,1,1.0,1,0.26364926709009184,64
4416,0,7227,3483,3744,0,0,0,1.0,1,1.0,1,1.0,1,0.26364926709009184,64
4417,2,7229,3483,3746,0,0,0,1.0,1,1.0,1,1.0,1,0.2558311484177394,65
4418,1,7230,3484,3746,0,0,0,1.0,1,1.0,1,1.0,1,0.2705310770817594,65
4419,2,7232,3485,3747,0,0,0,1.0,1,1.0,1,1.0,1,0.3136147827487551,62
4420,1,7233,3485,3748,0,0,0,1.0,1,1.0,1,1.0,1,0.3158240336203672,62
4421,3,7236,3486,3750,0,0,0,1.0,1,1.0,1,1.0,1,0.3118186468947772,65
4422,5,7241,3488,3753,0,0,0,1.0,1,1.0,1,1.0,1,0.3206864607356242,64
4423,1,7242,3489,3753,0,0,0,1.0,1,1.0,1,1.0,1,0.3220274980084025,63
4424,3,7245,3490,3755,0,0,0,1.0,1,1.0,1,1.0,1,0.3151518666784213,63
4425,5,7250,3492,3758,0,0,0,1.0,1,1.0,1,1.0,1,0.28332975379868847,63
4426,1,7251,3493,3758,0,0,0,1.0,1,1.0,1,1.0,1,0.275667290727099,63
4427,1,7252,3493,3759,0,0,0,1.0,1,1.0,1,1.0,1,0.25265314785751913,62
4428,0,7252,3493,3759,0,0,0,1.0,1,1.0,1,1.0,1,0.24630397637989843,61
4429,4,7256,3494,3762,0,0,0,1.0,1,1.0,1,1.0,1,0.24625913218452417,62
4430,3,7259,3495,3764,0,0,0,1.0,1,1.0,1,1.0,1,0.24854626499720053,60
4431,2,7261,3497,3764,0,0,0,1.0,1,1.0,1,1.0,1,0.20468412802768993,59
4432,3,7264,3498,3766,0,0,0,1.0,1,1.0,1,1.0,1,0.1883776807664257,60
4433,2,7266,3499,3767,0,0,0,1.0,1,1.0,1,1.0,1,0.1912324078023867,61
4434,1,7267,3500,3767,0,0,0,1.0,1,1.0,1,1.0,1,0.19615654574426797,61
4435,3,7270,3501,3769,0,0,0,1.0,1,1.0,1,1.0,1,0.16616431387058656,61
4436,1,7271,3502,3769,0,0,0,1.0,1,1.0,1,1.0,1,0.19971304745442955,61
4437,4,7275,3505,3770,0,0,0,1.0,1,1.0,1,1.0,1,0.20997379835764252,61
4438,1,7276,3505,3771,0,0,0,1.0,1,1.0,1,1.0,1,0.1969583733864299,62
4439,1,7277,3505,3772,0,0,0,1.0,1,1.0,1,1.0,1,0.1968821322445459,63
4440,0,7277,3505,3772,0,0,0,1.0,1,1.0,1,1.0,1,0.19880248930876995,64
4441,3,7280,3505,3775,0,0,0,1.0,1,1.0,1,1.0,1,0.16863032442952405,64
4442,2,7282,3507,3775,0,0,0,1.0,1,1.0,1,1.0,1,0.1745218000317831,67
4443,1,7283,3507,3776,0,0,0,1.0,1,1.0,1,1.0,1,0.1567053169086594,68
4444,0,7283,3507,3776,0,0,0,1.0,1,1.0,1,1.0,1,0.15648978551764514,69
4445,3,7286,3508,3778,0,0,0,1.0,1,1.0,1,1.0,1,0.16916442760003406,71
4446,1,7287,3508,3779,0,0,0,1.0,1,1.0,1,1.0,1,0.1589408762255682,71
4447,0,7287,3508,3779,0,0,0,1.0,1,1.0,1,1.0,1,0.16673912244631287,72
4448,0,7287,3508,3779,0,0,0,1.0,1,1.0,1,1.0,1,0.1776335435440308,71
4449,2,7289,3509,3780,0,0,0,1.0,1,1.0,1,1.0,1,0.1768913670262252,70
4450,0,7289,3509,3780,0,0,0,1.0,1,1.0,1,1.0,1,0.18349994289285534,69
4451,1,7290,3509,3781,0,0,0,1.0,1,1.0,1,1.0,1,0.17658538825673584,69
4452,0,7290,3509,3781,0,0,0,1.0,1,1.0,1,1.0,1,0.18006863298934073,70
4453,2,7292,3509,3783,0,0,0,1.0,1,1.0,1,1.0,1,0.17829457437349777,70
4454,3,7295,3510,3785,0,0,0,1.0,1,1.0,1,1.0,1,0.17111767690722895,71
4455,0,7295,3510,3785,0,0,0,1.0,1,1.0,1,1.0,1,0.18120413971205349,71
4456,5,7300,3513,3787,0,0,0,1.0,1,1.0,1,1.0,1,0.193610574991075,71
4457,7,7307,3515,3792,0,0,0,1.0,1,1.0,1,1.0,1,0.16358527535889802,69
4458,4,7311,3519,3792,0,0,0,1.0,1,1.0,1,1.0,1,0.19815619897088602,70
4459,3,7314,3521,3793,0,0,0,1.0,1,1.0,1,1.0,1,0.19954468348042204,68
4460,3,7317,3524,3793,0,0,0,1.0,1,1.0,1,1.0,1,0.21709068516688046,68
4461,6,7323,3524,3799,0,0,0,1.0,1,1.0,1,1.0,1,0.1658861078368811,67
4462,3,7326,3527,3799,0,0,0,1.0,1,1.0,1,1.0,1,0.1789505799140461,66
4463,4,7330,3530,3800,0,0,0,1.0,1,1.0,1,1.0,1,0.18276347261738818,65
4464,3,7333,3532,3801,0,0,0,1.0,1,1.0,1,1.0,1,0.22476981077206348,62
4465,3,7336,3535,3801,0,0,0,1.0,1,1.0,1,1.0,1,0.23094378362990492,61
4466,1,7337,3535,3802,0,0,0,1.0,1,1.0,1,1.0,1,0.235203415343107,60
4467,2,7339,3536,3803,0,0,0,1.0,1,1.0,1,1.0,1,0.21777550340998436,58
4468,3,7342,3538,3804,0,0,0,1.0,1,1.0,1,1.0,1,0.22447731979217167,57
4469,3,7345,3539,3806,0,0,0,1.0,1,1.0,1,1.0,1,0.22272946677354022,56
4470,1,7346,3540,3806,0,0,0,1.0,1,1.0,1,1.0,1,0.2308053962358039,55
4471,2,7348,3542,3806,0,0,0,1.0,1,1.0,1,1.0,1,0.23307192442034003,55
4472,2,7350,3544,3806,0,0,0,1.0,1,1.0,1,1.0,1,0.24000146758572227,55
4473,2,7352,3546,3806,0,0,0,1.0,1,1.0,1,1.0,1,0.2541103167852655,55
4474,6,7358,3549,3809,0,0,0,1.0,1,1.0,1,1.0,1,0.249705487193327,55
4475,2,7360,3550,3810,0,0,0,1.0,1,1.0,1,1.0,1,0.20228538289721595,56
4476,1,7361,3551,3810,0,0,0,1.0,1,1.0,1,1.0,1,0.2177137345904552,56
4477,2,7363,3551,3812,0,0,0,1.0,1,1.0,1,1.0,1,0.19916751810235284,57
4478,2,7365,3551,3814,0,0,0,1.0,1,1.0,1,1.0,1,0.1801272770993827,55
4479,1,7366,3552,3814,0,0,0,1.0,1,1.0,1,1.0,1,0.19210699165000755,55
4480,0,7366,3552,3814,0,0,0,1.0,1,1.0,1,1.0,1,0.1980179974802057,54
4481,3,7369,3552,3817,0,0,0,1.0,1,1.0,1,1.0,1,0.19597857725360784,53
4482,2,7371,3554,3817,0,0,0,1.0,1,1.0,1,1.0,1,0.23052826159919546,54
4483,0,7371,3554,3817,0,0,0,1.0,1,1.0,1,1.0,1,0.23636687361713477,55
4484,2,7373,3556,3817,0,0,0,1.0,1,1.0,1,1.0,1,0.2586698284455906,57
4485,5,7378,3558,3820,0,0,0,1.0,1,1.0,1,1.0,1,0.21279865948507592,60
4486,6,7384,3560,3824,0,0,0,1.0,1,1.0,1,1.0,1,0.16179106778209604,60
4487,0,7384,3560,3824,0,0,0,1.0,1,1.0,1,1.0,1,0.16179106778209604,60
4488,0,7384,3560,3824,0,0,0,1.0,1,1.0,1,1.0,1,0.16179106778209604,60
4489,2,7386,3561,3825,0,0,0,1.0,1,1.0,1,1.0,1,0.1507166610728441,60
4490,0,7386,3561,3825,0,0,0,1.0,1,1.0,1,1.0,1,0.1507166610728441,60
4491,1,7387,3562,3825,0,0,0,1.0,1,1.0,1,1.0,1,0.1459192846734586,61
4492,1,7388,3563,3825,0,0,0,1.0,1,1.0,1,1.0,1,0.12618078981475206,61
4493,2,7390,3565,3825,0,0,0,1.0,1,1.0,1,1.0,1,0.16568437675987202,60
4494,4,7394,3567,3827,0,0,0,1.0,1,1.0,1,1.0,1,0.16558343599574782,61
4495,0,7394,3567,3827,0,0,0,1.0,1,1.0,1,1.0,1,0.1646924966559082,59
4496,0,7394,3567,3827,0,0,0,1.0,1,1.0,1,1.0,1,0.17833272586274734,60
4497,2,7396,3567,3829,0,0,0,1.0,1,1.0,1,1.0,1,0.18028359157803298,59
4498,0,7396,3567,3829,0,0,0,1.0,1,1.0,1,1.0,1,0.17371300679002744,57
4499,3,7399,3569,3830,0,0,0,1.0,1,1.0,1,1.0,1,0.1858478337722221,58
4500,1,7400,3570,3830,0,0,0,1.0,1,1.0,1,1.0,1,0.2069546847764559,56
4501,2,7402,3571,3831,0,0,0,1.0,1,1.0,1,1.0,1,0.21302854008449082,57
4502,5,7407,3575,3832,0,0,0,1.0,1,1.0,1,1.0,1,0.227265819609763,56
4503,1,7408,3576,3832,0,0,0,1.0,1,1.0,1,1.0,1,0.24658698084777203,54
4504,2,7410,3577,3833,0,0,0,1.0,1,1.0,1,1.0,1,0.21985147532383953,54
4505,3,7413,3578,3835,0,0,0,1.0,1,1.0,1,1.0,1,0.1856711069566645,51
4506,0,7413,3578,3835,0,0,0,1.0,1,1.0,1,1.0,1,0.19711905476927316,49
4507,3,7416,3580,3836,0,0,0,1.0,1,1.0,1,1.0,1,0.19926582734310783,48
4508,0,7416,3580,3836,0,0,0,1.0,1,1.0,1,1.0,1,0.22408984422032308,48
4509,4,7420,3583,3837,0,0,0,1.0,1,1.0,1,1.0,1,0.2316145007113309,46
4510,0,7420,3583,3837,0,0,0,1.0,1,1.0,1,1.0,1,0.24927641795914693,44
4511,3,7423,3584,3839,0,0,0,1.0,1,1.0,1,1.0,1,0.25812379980053185,45
4512,2,7425,3585,3840,0,0,0,1.0,1,1.0,1,1.0,1,0.2539679731934761,46
4513,2,7427,3585,3842,0,0,0,1.0,1,1.0,1,1.0,1,0.23023117393718173,45
4514,0,7427,3585,3842,0,0,0,1.0,1,1.0,1,1.0,1,0.21745856630449384,46
4515,1,7428,3585,3843,0,0,0,1.0,1,1.0,1,1.0,1,0.2144905562748456,48
4516,1,7429,3586,3843,0,0,0,1.0,1,1.0,1,1.0,1,0.22726189360985652,49
4517,2,7431,3587,3844,0,0,0,1.0,1,1.0,1,1.0,1,0.21242591839717917,50
4518,2,7433,3589,3844,0,0,0,1.0,1,1.0,1,1.0,1,0.21055149131339243,50
4519,2,7435,3591,3844,0,0,0,1.0,1,1.0,1,1.0,1,0.22128533896163363,49
4520,0,7435,3591,3844,0,0,0,1.0,1,1.0,1,1.0,1,0.2297524094900984,50
4521,3,7438,3593,3845,0,0,0,1.0,1,1.0,1,1.0,1,0.178832341835839,50
4522,0,7438,3593,3845,0,0,0,1.0,1,1.0,1,1.0,1,0.178832341835839,50
4523,0,7438,3593,3845,0,0,0,1.0,1,1.0,1,1.0,1,0.18256393347846667,51
4524,3,7441,3594,3847,0,0,0,1.0,1,1.0,1,1.0,1,0.1781660841397159,52
4525,2,7443,3595,3848,0,0,0,1.0,1,1.0,1,1.0,1,0.16865627799504013,53
4526,0,7443,3595,3848,0,0,0,1.0,1,1.0,1,1.0,1,0.1657435281832413,54
4527,0,7443,3595,3848,0,0,0,1.0,1,1.0,1,1.0,1,0.17899260205841633,55
4528,1,7444,3595,3849,0,0,0,1.0,1,1.0,1,1.0,1,0.16579260176591792,55
4529,0,7444,3595,3849,0,0,0,1.0,1,1.0,1,1.0,1,0.1668185721010856,55
4530,2,7446,3595,3851,0,0,0,1.0,1,1.0,1,1.0,1,0.14287389633846906,56
4531,6,7452,3598,3854,0,0,0,1.0,1,1.0,1,1.0,1,0.17429363273974005,56
4532,1,7453,3599,3854,0,0,0,1.0,1,1.0,1,1.0,1,0.21718914610939485,55
4533,2,7455,3600,3855,0,0,0,1.0,1,1.0,1,1.0,1,0.22421818855544975,54
4534,1,7456,3600,3856,0,0,0,1.0,1,1.0,1,1.0,1,0.21979087409973508,55
4535,1,7457,3600,3857,0,0,0,1.0,1,1.0,1,1.0,1,0.20248547880837528,52
4536,2,7459,3602,3857,0,0,0,1.0,1,1.0,1,1.0,1,0.23391840034829828,53
4537,2,7461,3603,3858,0,0,0,1.0,1,1.0,1,1.0,1,0.20210197749376757,52
4538,2,7463,3604,3859,0,0,0,1.0,1,1.0,1,1.0,1,0.22642860512332838,52
4539,1,7464,3605,3859,0,0,0,1.0,1,1.0,1,1.0,1,0.2697546666357064,53
4540,2,7466,3606,3860,0,0,0,1.0,1,1.0,1,1.0,1,0.2841046009141322,54
4541,4,7470,3606,3864,0,0,0,1.0,1,1.0,1,1.0,1,0.2531570508270622,53
4542,6,7476,3610,3866,0,0,0,1.0,1,1.0,1,1.0,1,0.271695538419211,53
4543,3,7479,3611,3868,0,0,0,1.0,1,1.0,1,1.0,1,0.2717816892373075,53
4544,2,7481,3613,3868,0,0,0,1.0,1,1.0,1,1.0,1,0.29678635311989693,52
4545,6,7487,3613,3874,0,0,0,1.0,1,1.0,1,1.0,1,0.21988029780633514,50
4546,0,7487,3613,3874,0,0,0,1.0,1,1.0,1,1.0,1,0.21311755089847623,49
4547,0,7487,3613,3874,0,0,0,1.0,1,1.0,1,1.0,1,0.2131112024991451,49
4548,0,7487,3613,3874,0,0,0,1.0,1,1.0,1,1.0,1,0.2131112024991451,49
4549,3,7490,3614,3876,0,0,0,1.0,1,1.0,1,1.0,1,0.19364618757395516,50
4550,1,7491,3615,3876,0,0,0,1.0,1,1.0,1,1.0,1,0.21771263531818627,49
4551,0,7491,3615,3876,0,0,0,1.0,1,1.0,1,1.0,1,0.21771263531818627,49
4552,1,7492,3616,3876,0,0,0,1.0,1,1.0,1,1.0,1,0.21831065871818736,49
4553,2,7494,3618,3876,0,0,0,1.0,1,1.0,1,1.0,1,0.29144865804672887,49
4554,1,7495,3619,3876,0,0,0,1.0,1,1.0,1,1.0,1,0.31172519179994274,49
4555,2,7497,3620,3877,0,0,0,1.0,1,1.0,1,1.0,1,0.29960789451508885,48
4556,1,7498,3620,3878,0,0,0,1.0,1,1.0,1,1.0,1,0.27391084912726665,48
4557,4,7502,3621,3881,0,0,0,1.0,1,1.0,1,1.0,1,0.2697474649527652,49
4558,1,7503,3621,3882,0,0,0,1.0,1,1.0,1,1.0,1,0.23388958531542692,49
4559,1,7504,3622,3882,0,0,0,1.0,1,1.0,1,1.0,1,0.2668950631814594,50
4560,1,7505,3622,3883,0,0,0,1.0,1,1.0,1,1.0,1,0.2714991884879717,51
4561,2,7507,3622,3885,0,0,0,1.0,1,1.0,1,1.0,1,0.25699655873367105,52
4562,2,7509,3622,3887,0,0,0,1.0,1,1.0,1,1.0,1,0.2438737405413506,53
4563,0,7509,3622,3887,0,0,0,1.0,1,1.0,1,1.0,1,0.23548157792291682,52
4564,1,7510,3622,3888,0,0,0,1.0,1,1.0,1,1.0,1,0.21416399165362326,54
4565,2,7512,3623,3889,0,0,0,1.0,1,1.0,1,1.0,1,0.22712623305593985,55
4566,1,7513,3623,3890,0,0,0,1.0,1,1.0,1,1.0,1,0.20354769531750766,55
4567,2,7515,3624,3891,0,0,0,1.0,1,1.0,1,1.0,1,0.1944516797430639,56
4568,3,7518,3625,3893,0,0,0,1.0,1,1.0,1,1.0,1,0.1765820870425904,58
4569,1,7519,3625,3894,0,0,0,1.0,1,1.0,1,1.0,1,0.1729188391548263,59
4570,0,7519,3625,3894,0,0,0,1.0,1,1.0,1,1.0,1,0.1729188391548263,59
4571,0,7519,3625,3894,0,0,0,1.0,1,1.0,1,1.0,1,0.16161209921713993,57
4572,2,7521,3627,3894,0,0,0,1.0,1,1.0,1,1.0,1,0.19105793489319087,56
4573,2,7523,3628,3895,0,0,0,1.0,1,1.0,1,1.0,1,0.19206984270768154,56
4574,1,7524,3628,3896,0,0,0,1.0,1,1.0,1,1.0,1,0.2294256281099684,55
4575,1,7525,3629,3896,0,0,0,1.0,1,1.0,1,1.0,1,0.24110720883573822,55
4576,1,7526,3629,3897,0,0,0,1.0,1,1.0,1,1.0,1,0.2614817469328433,55
4577,1,7527,3629,3898,0,0,0,1.0,1,1.0,1,1.0,1,0.26168532649641646,54
4578,0,7527,3629,3898,0,0,0,1.0,1,1.0,1,1.0,1,0.26208025338518237,54
4579,1,7528,3629,3899,0,0,0,1.0,1,1.0,1,1.0,1,0.23988468725888415,54
4580,0,7528,3629,3899,0,0,0,1.0,1,1.0,1,1.0,1,0.23404686692073054,55
4581,1,7529,3630,3899,0,0,0,1.0,1,1.0,1,1.0,1,0.256965452639946,56
4582,0,7529,3630,3899,0,0,0,1.0,1,1.0,1,1.0,1,0.256965452639946,56
4583,1,7530,3631,3899,0,0,0,1.0,1,1.0,1,1.0,1,0.2688544725721065,57
4584,1,7531,3632,3899,0,0,0,1.0,1,1.0,1,1.0,1,0.29076793520070365,57
4585,0,7531,3632,3899,0,0,0,1.0,1,1.0,1,1.0,1,0.29076793520070365,57
4586,0,7531,3632,3899,0,0,0,1.0,1,1.0,1,1.0,1,0.29076793520070365,57
4587,0,7531,3632,3899,0,0,0,1.0,1,1.0,1,1.0,1,0.29076793520070365,57
4588,2,7533,3632,3901,0,0,0,1.0,1,1.0,1,1.0,1,0.2831772429991234,58
4589,1,7534,3632,3902,0,0,0,1.0,1,1.0,1,1.0,1,0.2647435519406156,59
4590,0,7534,3632,3902,0,0,0,1.0,1,1.0,1,1.0,1,0.2740017078315691,60
4591,2,7536,3632,3904,0,0,0,1.0,1,1.0,1,1.0,1,0.2608704359517546,61
4592,0,7536,3632,3904,0,0,0,1.0,1,1.0,1,1.0,1,0.2669304546008234,62
4593,2,7538,3633,3905,0,0,0,1.0,1,1.0,1,1.0,1,0.24877270926191625,64
4594,1,7539,3633,3906,0,0,0,1.0,1,1.0,1,1.0,1,0.2421466802856283,64
4595,2,7541,3634,3907,0,0,0,1.0,1,1.0,1,1.0,1,0.23016452836866563,63
4596,0,7541,3634,3907,0,0,0,1.0,1,1.0,1,1.0,1,0.23016452836866563,63
4597,2,7543,3635,3908,0,0,0,1.0,1,1.0,1,1.0,1,0.21232111928037256,63
4598,3,7546,3636,3910,0,0,0,1.0,1,1.0,1,1.0,1,0.18634497295477592,65
4599,1,7547,3636,3911,0,0,0,1.0,1,1.0,1,1.0,1,0.16889731968357263,66
4600,2,7549,3637,3912,0,0,0,1.0,1,1.0,1,1.0,1,0.18091035603327446,67
4601,1,7550,3637,3913,0,0,0,1.0,1,1.0,1,1.0,1,0.1683838835197363,67
4602,1,7551,3637,3914,0,0,0,1.0,1,1.0,1,1.0,1,0.14701407574548916,69
4603,1,7552,3638,3914,0,0,0,1.0,1,1.0,1,1.0,1,0.1623449282271726,69
4604,0,7552,3638,3914,0,0,0,1.0,1,1.0,1,1.0,1,0.1623449282271726,69
4605,0,7552,3638,3914,0,0,0,1.0,1,1.0,1,1.0,1,0.16012429249277116,70
4606,0,7552,3638,3914,0,0,0,1.0,1,1.0,1,1.0,1,0.16012429249277116,70
4607,0,7552,3638,3914,0,0,0,1.0,1,1.0,1,1.0,1,0.16637149218702632,72
4608,2,7554,3638,3916,0,0,0,1.0,1,1.0,1,1.0,1,0.15866600435048314,73
4609,2,7556,3640,3916,0,0,0,1.0,1,1.0,1,1.0,1,0.19621818720365353,72
4610,1,7557,3640,3917,0,0,0,1.0,1,1.0,1,1.0,1,0.1854357746332743,72
4611,0,7557,3640,3917,0,0,0,1.0,1,1.0,1,1.0,1,0.20325415267114524,71
4612,2,7559,3642,3917,0,0,0,1.0,1,1.0,1,1.0,1,0.25235790851664247,70
4613,3,7562,3642,3920,0,0,0,1.0,1,1.0,1,1.0,1,0.21728529477368155,69
4614,0,7562,3642,3920,0,0,0,1.0,1,1.0,1,1.0,1,0.19826448673309202,68
4615,1,7563,3643,3920,0,0,0,1.0,1,1.0,1,1.0,1,0.19448472828313265,68
4616,0,7563,3643,3920,0,0,0,1.0,1,1.0,1,1.0,1,0.2219725735387724,65
4617,4,7567,3645,3922,0,0,0,1.0,1,1.0,1,1.0,1,0.21399671799619524,66
4618,2,7569,3646,3923,0,0,0,1.0,1,1.0,1,1.0,1,0.2269521954408724,66
4619,0,7569,3646,3923,0,0,0,1.0,1,1.0,1,1.0,1,0.2341035761443884,65
4620,2,7571,3647,3924,0,0,0,1.0,1,1.0,1,1.0,1,0.239704348678536,65
4621,8,7579,3650,3929,0,0,0,1.0,1,1.0,1,1.0,1,0.23085038057857524,67
4622,0,7579,3650,3929,0,0,0,1.0,1,1.0,1,1.0,1,0.24564208862750364,65
4623,2,7581,3652,3929,0,0,0,1.0,1,1.0,1,1.0,1,0.2619229970509245,66
4624,3,7584,3655,3929,0,0,0,1.0,1,1.0,1,1.0,1,0.2638546034968808,65
4625,5,7589,3655,3934,0,0,0,1.0,1,1.0,1,1.0,1,0.214181336179559,64
4626,2,7591,3657,3934,0,0,0,1.0,1,1.0,1,1.0,1,0.21546936662212737,63
4627,3,7594,3658,3936,0,0,0,1.0,1,1.0,1,1.0,1,0.18041631873570518,65
4628,0,7594,3658,3936,0,0,0,1.0,1,1.0,1,1.0,1,0.18912717337797863,64
4629,2,7596,3659,3937,0,0,0,1.0,1,1.0,1,1.0,1,0.1781573346870149,64
4630,3,7599,3660,3939,0,0,0,1.0,1,1.0,1,1.0,1,0.15069998664753775,64
4631,2,7601,3661,3940,0,0,0,1.0,1,1.0,1,1.0,1,0.19100876088074398,66
4632,2,7603,3661,3942,0,0,0,1.0,1,1.0,1,1.0,1,0.1864035372302758,65
4633,1,7604,3661,3943,0,0,0,1.0,1,1.0,1,1.0,1,0.1670574828581926,66
4634,0,7604,3661,3943,0,0,0,1.0,1,1.0,1,1.0,1,0.1670574828581926,66
4635,0,7604,3661,3943,0,0,0,1.0,1,1.0,1,1.0,1,0.167576268798271,66
4636,0,7604,3661,3943,0,0,0,1.0,1,1.0,1,1.0,1,0.167576268798271,66
4637,1,7605,3661,3944,0,0,0,1.0,1,1.0,1,1.0,1,0.1490252901418969,68
4638,0,7605,3661,3944,0,0,0,1.0,1,1.0,1,1.0,1,0.1490252901418969,68
4639,2,7607,3662,3945,0,0,0,1.0,1,1.0,1,1.0,1,0.14115089361424016,69
4640,1,7608,3662,3946,0,0,0,1.0,1,1.0,1,1.0,1,0.12800787154013044,69
4641,1,7609,3663,3946,0,0,0,1.0,1,1.0,1,1.0,1,0.14263279160493378,70
4642,0,7609,3663,3946,0,0,0,1.0,1,1.0,1,1.0,1,0.15265525602025798,69
4643,3,7612,3664,3948,0,0,0,1.0,1,1.0,1,1.0,1,0.15582824986314872,70
4644,1,7613,3665,3948,0,0,0,1.0,1,1.0,1,1.0,1,0.18732877687214314,69
4645,4,7617,3666,3951,0,0,0,1.0,1,1.0,1,1.0,1,0.17942153820139992,70
4646,1,7618,3667,3951,0,0,0,1.0,1,1.0,1,1.0,1,0.21261101291731502,68
4647,4,7622,3669,3953,0,0,0,1.0,1,1.0,1,1.0,1,0.23206575512197766,68
4648,2,7624,3669,3955,0,0,0,1.0,1,1.0,1,1.0,1,0.2526994871262798,67
4649,5,7629,3670,3959,0,0,0,1.0,1,1.0,1,1.0,1,0.22986263111845512,67
4650,0,7629,3670,3959,0,0,0,1.0,1,1.0,1,1.0,1,0.2107800876034626,67
4651,5,7634,3673,3961,0,0,0,1.0,1,1.0,1,1.0,1,0.1979033460582062,68
4652,1,7635,3674,3961,0,0,0,1.0,1,1.0,1,1.0,1,0.21689908017531842,66
4653,1,7636,3675,3961,0,0,0,1.0,1,1.0,1,1.0,1,0.21177263318761952,64
4654,1,7637,3676,3961,0,0,0,1.0,1,1.0,1,1.0,1,0.2429204756696492,65
4655,0,7637,3676,3961,0,0,0,1.0,1,1.0,1,1.0,1,0.2437760636065434,64
4656,1,7638,3677,3961,0,0,0,1.0,1,1.0,1,1.0,1,0.2541345244269747,65
4657,4,7642,3679,3963,0,0,0,1.0,1,1.0,1,1.0,1,0.2342306296589848,66
4658,3,7645,3680,3965,0,0,0,1.0,1,1.0,1,1.0,1,0.24655919903683463,65
4659,1,7646,3680,3966,0,0,0,1.0,1,1.0,1,1.0,1,0.24026378485943903,65
4660,1,7647,3681,3966,0,0,0,1.0,1,1.0,1,1.0,1,0.2580795587019304,66
4661,0,7647,3681,3966,0,0,0,1.0,1,1.0,1,1.0,1,0.27269490219134795,66
4662,2,7649,3681,3968,0,0,0,1.0,1,1.0,1,1.0,1,0.25535937153282545,68
4663,1,7650,3682,3968,0,0,0,1.0,1,1.0,1,1.0,1,0.2607259326819055,67
4664,5,7655,3684,3971,0,0,0,1.0,1,1.0,1,1.0,1,0.254483762872698,67
4665,2,7657,3684,3973,0,0,0,1.0,1,1.0,1,1.0,1,0.2410603950842587,67
4666,2,7659,3684,3975,0,0,0,1.0,1,1.0,1,1.0,1,0.2359008543165894,67
4667,2,7661,3685,3976,0,0,0,1.0,1,1.0,1,1.0,1,0.21018834864562566,66
4668,2,7663,3687,3976,0,0,0,1.0,1,1.0,1,1.0,1,0.22839987228610478,66
4669,1,7664,3687,3977,0,0,0,1.0,1,1.0,1,1.0,1,0.23271663972589587,66
4670,0,7664,3687,3977,0,0,0,1.0,1,1.0,1,1.0,1,0.25150631531841755,64
4671,0,7664,3687,3977,0,0,0,1.0,1,1.0,1,1.0,1,0.25150631531841755,64
4672,1,7665,3688,3977,0,0,0,1.0,1,1.0,1,1.0,1,0.2636261344503502,64
4673,5,7670,3689,3981,0,0,0,1.0,1,1.0,1,1.0,1,0.24310704372663042,65
4674,3,7673,3691,3982,0,0,0,1.0,1,1.0,1,1.0,1,0.2556133653347531,66
4675,3,7676,3691,3985,0,0,0,1.0,1,1.0,1,1.0,1,0.24551608544707892,65
4676,0,7676,3691,3985,0,0,0,1.0,1,1.0,1,1.0,1,0.2602558174523772,65
4677,5,7681,3693,3988,0,0,0,1.0,1,1.0,1,1.0,1,0.23145499902868727,65
4678,0,7681,3693,3988,0,0,0,1.0,1,1.0,1,1.0,1,0.2433983154709244,64
4679,1,7682,3694,3988,0,0,0,1.0,1,1.0,1,1.0,1,0.24814177418344188,66
4680,1,7683,3694,3989,0,0,0,1.0,1,1.0,1,1.0,1,0.244976525023468,67
4681,4,7687,3695,3992,0,0,0,1.0,1,1.0,1,1.0,1,0.22748876723647915,67
4682,7,7694,3698,3996,0,0,0,1.0,1,1.0,1,1.0,1,0.2227896919428478,67
4683,2,7696,3699,3997,0,0,0,1.0,1,1.0,1,1.0,1,0.2110448777653279,67
4684,1,7697,3700,3997,0,0,0,1.0,1,1.0,1,1.0,1,0.21241629823842081,66
4685,0,7697,3700,3997,0,0,0,1.0,1,1.0,1,1.0,1,0.20467409805582112,65
4686,1,7698,3701,3997,0,0,0,1.0,1,1.0,1,1.0,1,0.21438895966658547,65
4687,0,7698,3701,3997,0,0,0,1.0,1,1.0,1,1.0,1,0.20262503922652547,65
4688,1,7699,3702,3997,0,0,0,1.0,1,1.0,1,1.0,1,0.21976315516860861,64
4689,3,7702,3704,3998,0,0,0,1.0,1,1.0,1,1.0,1,0.26420378711379056,65
4690,2,7704,3704,4000,0,0,0,1.0,1,1.0,1,1.0,1,0.2716136421379843,63
4691,5,7709,3707,4002,0,0,0,1.0,1,1.0,1,1.0,1,0.283379057457812,64
4692,1,7710,3707,4003,0,0,0,1.0,1,1.0,1,1.0,1,0.2605715427446547,63
4693,1,7711,3707,4004,0,0,0,1.0,1,1.0,1,1.0,1,0.25138723879406016,64
4694,0,7711,3707,4004,0,0,0,1.0,1,1.0,1,1.0,1,0.23377286582288662,63
4695,0,7711,3707,4004,0,0,0,1.0,1,1.0,1,1.0,1,0.23094162364130102,62
4696,1,7712,3707,4005,0,0,0,1.0,1,1.0,1,1.0,1,0.22494952377318544,61
4697,2,7714,3707,4007,0,0,0,1.0,1,1.0,1,1.0,1,0.1835928691643447,63
4698,0,7714,3707,4007,0,0,0,1.0,1,1.0,1,1.0,1,0.19887970114568276,63
4699,0,7714,3707,4007,0,0,0,1.0,1,1.0,1,1.0,1,0.19128363348086003,65
4700,0,7714,3707,4007,0,0,0,1.0,1,1.0,1,1.0,1,0.20192991090104265,64
4701,2,7716,3709,4007,0,0,0,1.0,1,1.0,1,1.0,1,0.22220770330417483,64
4702,1,7717,3709,4008,0,0,0,1.0,1,1.0,1,1.0,1,0.22932419185094555,66
4703,1,7718,3710,4008,0,0,0,1.0,1,1.0,1,1.0,1,0.2330580163841943,65
4704,3,7721,3712,4009,0,0,0,1.0,1,1.0,1,1.0,1,0.22727027053427962,64
4705,9,7730,3714,4016,0,0,0,1.0,1,1.0,1,1.0,1,0.23692289982019352,65
4706,2,7732,3716,4016,0,0,0,1.0,1,1.0,1,1.0,1,0.24734405624533753,65
4707,4,7736,3718,4018,0,0,0,1.0,1,1.0,1,1.0,1,0.29073684654200843,63
4708,5,7741,3720,4021,0,0,0,1.0,1,1.0,1,1.0,1,0.2927669489396528,62
4709,10,7751,3723,4028,0,0,0,1.0,1,1.0,1,1.0,1,0.23464601250541814,61
4710,0,7751,3723,4028,0,0,0,1.0,1,1.0,1,1.0,1,0.23798217329549987,60
4711,2,7753,3725,4028,0,0,0,1.0,1,1.0,1,1.0,1,0.24053682279269598,59
4712,1,7754,3726,4028,0,0,0,1.0,1,1.0,1,1.0,1,0.23352883636245447,58
4713,4,7758,3728,4030,0,0,0,1.0,1,1.0,1,1.0,1,0.22520982195459693,58
4714,0,7758,3728,4030,0,0,0,1.0,1,1.0,1,1.0,1,0.21936658212970223,57
4715,0,7758,3728,4030,0,0,0,1.0,1,1.0,1,1.0,1,0.2207790555858152,57
4716,1,7759,3729,4030,0,0,0,1.0,1,1.0,1,1.0,1,0.2453227182099455,55
4717,2,7761,3729,4032,0,0,0,1.0,1,1.0,1,1.0,1,0.23651784719091595,57
4718,1,7762,3729,4033,0,0,0,1.0,1,1.0,1,1.0,1,0.21564741489985706,56
4719,1,7763,3730,4033,0,0,0,1.0,1,1.0,1,1.0,1,0.2616156776054985,56
4720,0,7763,3730,4033,0,0,0,1.0,1,1.0,1,1.0,1,0.2642260383303251,57
4721,7,7770,3730,4040,0,0,0,1.0,1,1.0,1,1.0,1,0.19101817561953813,57
4722,2,7772,3731,4041,0,0,0,1.0,1,1.0,1,1.0,1,0.1829428039927088,57
4723,1,7773,3732,4041,0,0,0,1.0,1,1.0,1,1.0,1,0.19048513310804793,57
4724,0,7773,3732,4041,0,0,0,1.0,1,1.0,1,1.0,1,0.19177571532944698,57
4725,2,7775,3733,4042,0,0,0,1.0,1,1.0,1,1.0,1,0.22986032635204448,57
4726,3,7778,3735,4043,0,0,0,1.0,1,1.0,1,1.0,1,0.24300818793649406,57
4727,0,7778,3735,4043,0,0,0,1.0,1,1.0,1,1.0,1,0.2542653909098252,56
4728,2,7780,3735,4045,0,0,0,1.0,1,1.0,1,1.0,1,0.24483860600256085,57
4729,0,7780,3735,4045,0,0,0,1.0,1,1.0,1,1.0,1,0.2571181213634605,56
4730,1,7781,3736,4045,0,0,0,1.0,1,1.0,1,1.0,1,0.288314043095492,54
4731,1,7782,3736,4046,0,0,0,1.0,1,1.0,1,1.0,1,0.27253571732034004,54
4732,2,7784,3738,4046,0,0,0,1.0,1,1.0,1,1.0,1,0.31818284300388905,54
4733,4,7788,3739,4049,0,0,0,1.0,1,1.0,1,1.0,1,0.316969451807003,55
4734,1,7789,3739,4050,0,0,0,1.0,1,1.0,1,1.0,1,0.3015416514636048,56
4735,1,7790,3740,4050,0,0,0,1.0,1,1.0,1,1.0,1,0.3070642739063243,56
4736,2,7792,3741,4051,0,0,0,1.0,1,1.0,1,1.0,1,0.31745102415233406,58
4737,1,7793,3741,4052,0,0,0,1.0,1,1.0,1,1.0,1,0.3064545549618055,59
4738,4,7797,3744,4053,0,0,0,1.0,1,1.0,1,1.0,1,0.34512228388748195,60
4739,1,7798,3744,4054,0,0,0,1.0,1,1.0,1,1.0,1,0.33516728067672036,60
4740,0,7798,3744,4054,0,0,0,1.0,1,1.0,1,1.0,1,0.33516728067672036,60
4741,2,7800,3745,4055,0,0,0,1.0,1,1.0,1,1.0,1,0.3468354365532858,61
4742,2,7802,3746,4056,0,0,0,1.0,1,1.0,1,1.0,1,0.33362231777947354,61
4743,0,7802,3746,4056,0,0,0,1.0,1,1.0,1,1.0,1,0.3246593702604654,60
4744,2,7804,3748,4056,0,0,0,1.0,1,1.0,1,1.0,1,0.3303064629920746,60
4745,3,7807,3748,4059,0,0,0,1.0,1,1.0,1,1.0,1,0.2871182126540164,59
4746,2,7809,3750,4059,0,0,0,1.0,1,1.0,1,1.0,1,0.3111054836108352,59
4747,4,7813,3752,4061,0,0,0,1.0,1,1.0,1,1.0,1,0.2946477451852481,58
4748,4,7817,3754,4063,0,0,0,1.0,1,1.0,1,1.0,1,0.2735365253590933,58
4749,9,7826,3755,4071,0,0,0,1.0,1,1.0,1,1.0,1,0.1875923875321567,58
4750,1,7827,3756,4071,0,0,0,1.0,1,1.0,1,1.0,1,0.18426889176232955,56
4751,4,7831,3758,4073,0,0,0,1.0,1,1.0,1,1.0,1,0.20722466893527608,58
4752,1,7832,3759,4073,0,0,0,1.0,1,1.0,1,1.0,1,0.19751769438894579,55
4753,0,7832,3759,4073,0,0,0,1.0,1,1.0,1,1.0,1,0.19751769438894579,55
4754,1,7833,3759,4074,0,0,0,1.0,1,1.0,1,1.0,1,0.17696444325178823,54
4755,1,7834,3760,4074,0,0,0,1.0,1,1.0,1,1.0,1,0.19148669892122405,54
4756,1,7835,3761,4074,0,0,0,1.0,1,1.0,1,1.0,1,0.2256013062579714,54
4757,0,7835,3761,4074,0,0,0,1.0,1,1.0,1,1.0,1,0.21632785268739632,53
4758,2,7837,3762,4075,0,0,0,1.0,1,1.0,1,1.0,1,0.2215881194019926,53
4759,1,7838,3762,4076,0,0,0,1.0,1,1.0,1,1.0,1,0.20153211331977122,53
4760,1,7839,3763,4076,0,0,0,1.0,1,1.0,1,1.0,1,0.2221912481351808,53
4761,8,7847,3765,4082,0,0,0,1.0,1,1.0,1,1.0,1,0.164706150346836,52
4762,2,7849,3766,4083,0,0,0,1.0,1,1.0,1,1.0,1,0.19750310984034838,54
4763,3,7852,3769,4083,0,0,0,1.0,1,1.0,1,1.0,1,0.21675669105443146,54
4764,0,7852,3769,4083,0,0,0,1.0,1,1.0,1,1.0,1,0.1999039775869448,55
4765,5,7857,3773,4084,0,0,0,1.0,1,1.0,1,1.0,1,0.2538454973310616,56
4766,2,7859,3773,4086,0,0,0,1.0,1,1.0,1,1.0,1,0.21565584841737714,58
4767,1,7860,3773,4087,0,0,0,1.0,1,1.0,1,1.0,1,0.21743578733184657,59
4768,1,7861,3774,4087,0,0,0,1.0,1,1.0,1,1.0,1,0.2200472733541975,60
4769,3,7864,3774,4090,0,0,0,1.0,1,1.0,1,1.0,1,0.17608195805900348,59
4770,1,7865,3774,4091,0,0,0,1.0,1,1.0,1,1.0,1,0.1808104904889189,60
4771,0,7865,3774,4091,0,0,0,1.0,1,1.0,1,1.0,1,0.2002498536255164,59
4772,0,7865,3774,4091,0,0,0,1.0,1,1.0,1,1.0,1,0.2002498536255164,59
4773,0,7865,3774,4091,0,0,0,1.0,1,1.0,1,1.0,1,0.18484373936844498,60
4774,0,7865,3774,4091,0,0,0,1.0,1,1.0,1,1.0,1,0.18484373936844498,60
4775,0,7865,3774,4091,0,0,0,1.0,1,1.0,1,1.0,1,0.189155999958221,62
4776,0,7865,3774,4091,0,0,0,1.0,1,1.0,1,1.0,1,0.17986971082398942,63
4777,0,7865,3774,4091,0,0,0,1.0,1,1.0,1,1.0,1,0.17986971082398942,63
4778,1,7866,3775,4091,0,0,0,1.0,1,1.0,1,1.0,1,0.18806193267227148,63
4779,2,7868,3776,4092,0,0,0,1.0,1,1.0,1,1.0,1,0.1851462024336496,63
4780,2,7870,3777,4093,0,0,0,1.0,1,1.0,1,1.0,1,0.19434232598012108,65
4781,3,7873,3778,4095,0,0,0,1.0,1,1.0,1,1.0,1,0.20081476939387036,64
4782,3,7876,3778,4098,0,0,0,1.0,1,1.0,1,1.0,1,0.1819625835371799,65
4783,3,7879,3779,4100,0,0,0,1.0,1,1.0,1,1.0,1,0.1607979799719622,66
4784,2,7881,3781,4100,0,0,0,1.0,1,1.0,1,1.0,1,0.1530850341688713,64
4785,6,7887,3783,4104,0,0,0,1.0,1,1.0,1,1.0,1,0.16467458395093845,65
4786,4,7891,3785,4106,0,0,0,1.0,1,1.0,1,1.0,1,0.17401780733843578,66
4787,4,7895,3788,4107,0,0,0,1.0,1,1.0,1,1.0,1,0.16154464970678395,63
4788,8,7903,3793,4110,0,0,0,1.0,1,1.0,1,1.0,1,0.1851361895585405,63
4789,3,7906,3795,4111,0,0,0,1.0,1,1.0,1,1.0,1,0.17754606966043668,60
4790,3,7909,3797,4112,0,0,0,1.0,1,1.0,1,1.0,1,0.20963656478924952,61
4791,2,7911,3799,4112,0,0,0,1.0,1,1.0,1,1.0,1,0.21245824680260794,59
4792,2,7913,3801,4112,0,0,0,1.0,1,1.0,1,1.0,1,0.20870782006336458,59
4793,4,7917,3803,4114,0,0,0,1.0,1,1.0,1,1.0,1,0.21593514999923757,61
4794,3,7920,3805,4115,0,0,0,1.0,1,1.0,1,1.0,1,0.17641630147704956,60
4795,2,7922,3805,4117,0,0,0,1.0,1,1.0,1,1.0,1,0.1323676807365354,61
4796,2,7924,3807,4117,0,0,0,1.0,1,1.0,1,1.0,1,0.15086732807888212,60
4797,4,7928,3808,4120,0,0,0,1.0,1,1.0,1,1.0,1,0.14093595861991803,61
4798,2,7930,3809,4121,0,0,0,1.0,1,1.0,1,1.0,1,0.12718662686548865,61
4799,0,7930,3809,4121,0,0,0,1.0,1,1.0,1,1.0,1,0.15608007400416257,59
4800,0,7930,3809,4121,0,0,0,1.0,1,1.0,1,1.0,1,0.17330371889770668,57
4801,3,7933,3810,4123,0,0,0,1.0,1,1.0,1,1.0,1,0.137052817905902,58
4802,1,7934,3811,4123,0,0,0,1.0,1,1.0,1,1.0,1,0.1423596267655072,56
4803,2,7936,3812,4124,0,0,0,1.0,1,1.0,1,1.0,1,0.1457084851433337,57
4804,0,7936,3812,4124,0,0,0,1.0,1,1.0,1,1.0,1,0.1378615061324567,55
4805,1,7937,3813,4124,0,0,0,1.0,1,1.0,1,1.0,1,0.13401042408673394,56
4806,0,7937,3813,4124,0,0,0,1.0,1,1.0,1,1.0,1,0.13712795548323908,55
4807,0,7937,3813,4124,0,0,0,1.0,1,1.0,1,1.0,1,0.16597085008466606,53
4808,2,7939,3813,4126,0,0,0,1.0,1,1.0,1,1.0,1,0.1512911538285151,54
4809,2,7941,3813,4128,0,0,0,1.0,1,1.0,1,1.0,1,0.15737291887755359,53
4810,0,7941,3813,4128,0,0,0,1.0,1,1.0,1,1.0,1,0.15737291887755359,53
4811,1,7942,3813,4129,0,0,0,1.0,1,1.0,1,1.0,1,0.13625158592605863,54
4812,3,7945,3816,4129,0,0,0,1.0,1,1.0,1,1.0,1,0.12913093341791929,54
4813,1,7946,3816,4130,0,0,0,1.0,1,1.0,1,1.0,1,0.11425435035743468,55
4814,3,7949,3818,4131,0,0,0,1.0,1,1.0,1,1.0,1,0.15334266168623234,55
4815,2,7951,3818,4133,0,0,0,1.0,1,1.0,1,1.0,1,0.13220786069254273,56
4816,2,7953,3820,4133,0,0,0,1.0,1,1.0,1,1.0,1,0.17664441078491952,56
4817,6,7959,3822,4137,0,0,0,1.0,1,1.0,1,1.0,1,0.1546473282435351,58
4818,2,7961,3824,4137,0,0,0,1.0,1,1.0,1,1.0,1,0.21269421875145658,58
4819,1,7962,3825,4137,0,0,0,1.0,1,1.0,1,1.0,1,0.21224270796732336,58
4820,0,7962,3825,4137,0,0,0,1.0,1,1.0,1,1.0,1,0.21224270796732336,58
4821,1,7963,3826,4137,0,0,0,1.0,1,1.0,1,1.0,1,0.22451798774076115,58
4822,1,7964,3826,4138,0,0,0,1.0,1,1.0,1,1.0,1,0.2058766343607964,58
4823,1,7965,3827,4138,0,0,0,1.0,1,1.0,1,1.0,1,0.21044439025764528,57
4824,3,7968,3829,4139,0,0,0,1.0,1,1.0,1,1.0,1,0.18688752144941773,56
4825,4,7972,3829,4143,0,0,0,1.0,1,1.0,1,1.0,1,0.16420912866693038,57
4826,1,7973,3830,4143,0,0,0,1.0,1,1.0,1,1.0,1,0.17440742968775985,57
4827,0,7973,3830,4143,0,0,0,1.0,1,1.0,1,1.0,1,0.202025556903678,56
4828,1,7974,3830,4144,0,0,0,1.0,1,1.0,1,1.0,1,0.18315708532688257,57
4829,0,7974,3830,4144,0,0,0,1.0,1,1.0,1,1.0,1,0.18995837718423392,56
4830,1,7975,3831,4144,0,0,0,1.0,1,1.0,1,1.0,1,0.18646940985896435,57
4831,1,7976,3832,4144,0,0,0,1.0,1,1.0,1,1.0,1,0.22268899762024233,57
4832,1,7977,3833,4144,0,0,0,1.0,1,1.0,1,1.0,1,0.23593603282643308,55
4833,3,7980,3835,4145,0,0,0,1.0,1,1.0,1,1.0,1,0.26010454402575006,55
4834,1,7981,3835,4146,0,0,0,1.0,1,1.0,1,1.0,1,0.24265026128935105,55
4835,1,7982,3835,4147,0,0,0,1.0,1,1.0,1,1.0,1,0.21894572955988548,55
4836,1,7983,3835,4148,0,0,0,1.0,1,1.0,1,1.0,1,0.19797724923839297,55
4837,1,7984,3836,4148,0,0,0,1.0,1,1.0,1,1.0,1,0.19568973525965397,53
4838,3,7987,3837,4150,0,0,0,1.0,1,1.0,1,1.0,1,0.18932527893937054,54
4839,5,7992,3841,4151,0,0,0,1.0,1,1.0,1,1.0,1,0.2091120786898841,53
4840,3,7995,3842,4153,0,0,0,1.0,1,1.0,1,1.0,1,0.182546858617484,52
4841,3,7998,3844,4154,0,0,0,1.0,1,1.0,1,1.0,1,0.18988471404995325,51
4842,3,8001,3846,4155,0,0,0,1.0,1,1.0,1,1.0,1,0.21921766879228133,50
4843,3,8004,3848,4156,0,0,0,1.0,1,1.0,1,1.0,1,0.25826418966117287,51
4844,2,8006,3848,4158,0,0,0,1.0,1,1.0,1,1.0,1,0.2335052227521967,50
4845,2,8008,3850,4158,0,0,0,1.0,1,1.0,1,1.0,1,0.24811631136921977,49
4846,6,8014,3853,4161,0,0,0,1.0,1,1.0,1,1.0,1,0.20904414871673185,49
4847,0,8014,3853,4161,0,0,0,1.0,1,1.0,1,1.0,1,0.23475948616271106,48
4848,1,8015,3854,4161,0,0,0,1.0,1,1.0,1,1.0,1,0.24574967179662863,48
4849,0,8015,3854,4161,0,0,0,1.0,1,1.0,1,1.0,1,0.21902749938188423,48
4850,0,8015,3854,4161,0,0,0,1.0,1,1.0,1,1.0,1,0.22546473360386426,49
4851,1,8016,3855,4161,0,0,0,1.0,1,1.0,1,1.0,1,0.20930417377726612,49
4852,0,8016,3855,4161,0,0,0,1.0,1,1.0,1,1.0,1,0.2137729591916633,49
4853,2,8018,3856,4162,0,0,0,1.0,1,1.0,1,1.0,1,0.22370049544261839,50
4854,0,8018,3856,4162,0,0,0,1.0,1,1.0,1,1.0,1,0.2316926869348193,51
4855,1,8019,3856,4163,0,0,0,1.0,1,1.0,1,1.0,1,0.2110133387942407,51
4856,0,8019,3856,4163,0,0,0,1.0,1,1.0,1,1.0,1,0.21776645734754346,50
4857,1,8020,3856,4164,0,0,0,1.0,1,1.0,1,1.0,1,0.19784836042322343,51
4858,0,8020,3856,4164,0,0,0,1.0,1,1.0,1,1.0,1,0.191453637414911,51
4859,2,8022,3856,4166,0,0,0,1.0,1,1.0,1,1.0,1,0.18286085428614532,52
4860,0,8022,3856,4166,0,0,0,1.0,1,1.0,1,1.0,1,0.18286085428614532,52
4861,1,8023,3856,4167,0,0,0,1.0,1,1.0,1,1.0,1,0.17958646920484866,53
4862,2,8025,3858,4167,0,0,0,1.0,1,1.0,1,1.0,1,0.2233250178944865,53
4863,0,8025,3858,4167,0,0,0,1.0,1,1.0,1,1.0,1,0.2150874698106943,51
4864,2,8027,3859,4168,0,0,0,1.0,1,1.0,1,1.0,1,0.21903490520569577,53
4865,3,8030,3859,4171,0,0,0,1.0,1,1.0,1,1.0,1,0.16190011298612236,52
4866,1,8031,3860,4171,0,0,0,1.0,1,1.0,1,1.0,1,0.1977152434002586,53
4867,2,8033,3861,4172,0,0,0,1.0,1,1.0,1,1.0,1,0.18278651972290522,51
4868,3,8036,3863,4173,0,0,0,1.0,1,1.0,1,1.0,1,0.16982518323723977,53
4869,2,8038,3863,4175,0,0,0,1.0,1,1.0,1,1.0,1,0.13566422261815878,53
4870,2,8040,3865,4175,0,0,0,1.0,1,1.0,1,1.0,1,0.16941623029639064,55
4871,2,8042,3866,4176,0,0,0,1.0,1,1.0,1,1.0,1,0.1843853850270822,55
4872,7,8049,3868,4181,0,0,0,1.0,1,1.0,1,1.0,1,0.1540754430341439,56
4873,3,8052,3869,4183,0,0,0,1.0,1,1.0,1,1.0,1,0.11100817164246816,56
4874,4,8056,3871,4185,0,0,0,1.0,1,1.0,1,1.0,1,0.11452475958088125,58
4875,1,8057,3872,4185,0,0,0,1.0,1,1.0,1,1.0,1,0.12810254073995855,56
4876,0,8057,3872,4185,0,0,0,1.0,1,1.0,1,1.0,1,0.15002297991316949,56
4877,4,8061,3874,4187,0,0,0,1.0,1,1.0,1,1.0,1,0.17045553626487234,54
4878,4,8065,3875,4190,0,0,0,1.0,1,1.0,1,1.0,1,0.16302584407237922,54
4879,3,8068,3877,4191,0,0,0,1.0,1,1.0,1,1.0,1,0.15431321369036144,54
4880,0,8068,3877,4191,0,0,0,1.0,1,1.0,1,1.0,1,0.14329285148225368,53
4881,2,8070,3878,4192,0,0,0,1.0,1,1.0,1,1.0,1,0.16304210297769461,54
4882,1,8071,3879,4192,0,0,0,1.0,1,1.0,1,1.0,1,0.17460299693762948,52
4883,1,8072,3880,4192,0,0,0,1.0,1,1.0,1,1.0,1,0.20501296600356883,54
4884,0,8072,3880,4192,0,0,0,1.0,1,1.0,1,1.0,1,0.2131834911597096,52
4885,1,8073,3881,4192,0,0,0,1.0,1,1.0,1,1.0,1,0.23252730465602822,51
4886,0,8073,3881,4192,0,0,0,1.0,1,1.0,1,1.0,1,0.2253120779503903,50
4887,0,8073,3881,4192,0,0,0,1.0,1,1.0,1,1.0,1,0.22735555652184264,49
4888,0,8073,3881,4192,0,0,0,1.0,1,1.0,1,1.0,1,0.2429135026931383,48
4889,0,8073,3881,4192,0,0,0,1.0,1,1.0,1,1.0,1,0.2429135026931383,48
4890,0,8073,3881,4192,0,0,0,1.0,1,1.0,1,1.0,1,0.2429135026931383,48
4891,2,8075,3883,4192,0,0,0,1.0,1,1.0,1,1.0,1,0.2880726098728132,49
4892,1,8076,3883,4193,0,0,0,1.0,1,1.0,1,1.0,1,0.3014669183310602,51
4893,1,8077,3883,4194,0,0,0,1.0,1,1.0,1,1.0,1,0.2994644193750388,51
4894,1,8078,3883,4195,0,0,0,1.0,1,1.0,1,1.0,1,0.2806732961655528,52
4895,2,8080,3883,4197,0,0,0,1.0,1,1.0,1,1.0,1,0.2599622254803371,52
4896,1,8081,3883,4198,0,0,0,1.0,1,1.0,1,1.0,1,0.24380520929792746,51
4897,1,8082,3883,4199,0,0,0,1.0,1,1.0,1,1.0,1,0.23239225408032388,52
4898,1,8083,3884,4199,0,0,0,1.0,1,1.0,1,1.0,1,0.2316734207396339,52
4899,2,8085,3884,4201,0,0,0,1.0,1,1.0,1,1.0,1,0.20065875559425672,53
4900,4,8089,3887,4202,0,0,0,1.0,1,1.0,1,1.0,1,0.17516557503332106,54
4901,4,8093,3889,4204,0,0,0,1.0,1,1.0,1,1.0,1,0.14127617004226664,54
4902,1,8094,3890,4204,0,0,0,1.0,1,1.0,1,1.0,1,0.1518108690431364,55
4903,2,8096,3890,4206,0,0,0,1.0,1,1.0,1,1.0,1,0.17671409612990463,56
4904,1,8097,3891,4206,0,0,0,1.0,1,1.0,1,1.0,1,0.20733542436157712,55
4905,3,8100,3891,4209,0,0,0,1.0,1,1.0,1,1.0,1,0.16537304724509871,54
4906,1,8101,3892,4209,0,0,0,1.0,1,1.0,1,1.0,1,0.17977124741138478,54
4907,0,8101,3892,4209,0,0,0,1.0,1,1.0,1,1.0,1,0.1797241296698286,54
4908,1,8102,3892,4210,0,0,0,1.0,1,1.0,1,1.0,1,0.1588169736642341,53
4909,3,8105,3894,4211,0,0,0,1.0,1,1.0,1,1.0,1,0.1925100709392785,54
4910,2,8107,3894,4213,0,0,0,1.0,1,1.0,1,1.0,1,0.18086345416719413,55
4911,4,8111,3895,4216,0,0,0,1.0,1,1.0,1,1.0,1,0.16020389871971563,57
4912,3,8114,3897,4217,0,0,0,1.0,1,1.0,1,1.0,1,0.1917053671202733,57
4913,1,8115,3897,4218,0,0,0,1.0,1,1.0,1,1.0,1,0.15722663821562557,56
4914,1,8116,3898,4218,0,0,0,1.0,1,1.0,1,1.0,1,0.1857368733904027,56
4915,3,8119,3900,4219,0,0,0,1.0,1,1.0,1,1.0,1,0.1974295908779761,56
4916,0,8119,3900,4219,0,0,0,1.0,1,1.0,1,1.0,1,0.20554596240685152,54
4917,3,8122,3900,4222,0,0,0,1.0,1,1.0,1,1.0,1,0.16742873257421437,53
4918,1,8123,3901,4222,0,0,0,1.0,1,1.0,1,1.0,1,0.17455259215920285,52
4919,0,8123,3901,4222,0,0,0,1.0,1,1.0,1,1.0,1,0.21033307521435174,49
4920,0,8123,3901,4222,0,0,0,1.0,1,1.0,1,1.0,1,0.21033307521435174,49
4921,3,8126,3903,4223,0,0,0,1.0,1,1.0,1,1.0,1,0.25599024596334974,50
4922,0,8126,3903,4223,0,0,0,1.0,1,1.0,1,1.0,1,0.25599024596334974,50
4923,3,8129,3905,4224,0,0,0,1.0,1,1.0,1,1.0,1,0.23761170881942198,52
4924,3,8132,3906,4226,0,0,0,1.0,1,1.0,1,1.0,1,0.23916263026266324,53
4925,3,8135,3907,4228,0,0,0,1.0,1,1.0,1,1.0,1,0.18195742760121322,54
4926,1,8136,3907,4229,0,0,0,1.0,1,1.0,1,1.0,1,0.17059371877626905,54
4927,2,8138,3909,4229,0,0,0,1.0,1,1.0,1,1.0,1,0.17215042900495686,54
4928,0,8138,3909,4229,0,0,0,1.0,1,1.0,1,1.0,1,0.17215042900495686,54
4929,0,8138,3909,4229,0,0,0,1.0,1,1.0,1,1.0,1,0.16113401373755962,55
4930,1,8139,3910,4229,0,0,0,1.0,1,1.0,1,1.0,1,0.2096828326646769,58
4931,1,8140,3910,4230,0,0,0,1.0,1,1.0,1,1.0,1,0.1894129784649698,58
4932,1,8141,3910,4231,0,0,0,1.0,1,1.0,1,1.0,1,0.19743370410670047,59
4933,0,8141,3910,4231,0,0,0,1.0,1,1.0,1,1.0,1,0.19743370410670047,59
4934,0,8141,3910,4231,0,0,0,1.0,1,1.0,1,1.0,1,0.19743370410670047,59
4935,2,8143,3910,4233,0,0,0,1.0,1,1.0,1,1.0,1,0.17567198475136894,59
4936,1,8144,3911,4233,0,0,0,1.0,1,1.0,1,1.0,1,0.20054480921349624,59
4937,0,8144,3911,4233,0,0,0,1.0,1,1.0,1,1.0,1,0.20769784381966805,61
4938,1,8145,3911,4234,0,0,0,1.0,1,1.0,1,1.0,1,0.20774151445504363,62
4939,2,8147,3911,4236,0,0,0,1.0,1,1.0,1,1.0,1,0.1846922847164158,63
4940,0,8147,3911,4236,0,0,0,1.0,1,1.0,1,1.0,1,0.20630092867828193,65
4941,2,8149,3912,4237,0,0,0,1.0,1,1.0,1,1.0,1,0.20556335978549597,65
4942,4,8153,3914,4239,0,0,0,1.0,1,1.0,1,1.0,1,0.21101937834796852,67
4943,3,8156,3915,4241,0,0,0,1.0,1,1.0,1,1.0,1,0.21297159010005384,66
4944,3,8159,3917,4242,0,0,0,1.0,1,1.0,1,1.0,1,0.232091484975138,63
4945,3,8162,3918,4244,0,0,0,1.0,1,1.0,1,1.0,1,0.17774592347846002,61
4946,2,8164,3920,4244,0,0,0,1.0,1,1.0,1,1.0,1,0.22207787031337223,60
4947,0,8164,3920,4244,0,0,0,1.0,1,1.0,1,1.0,1,0.20777194316315828,58
4948,3,8167,3922,4245,0,0,0,1.0,1,1.0,1,1.0,1,0.2356513522274274,57
4949,4,8171,3923,4248,0,0,0,1.0,1,1.0,1,1.0,1,0.19904418075578556,56
4950,3,8174,3924,4250,0,0,0,1.0,1,1.0,1,1.0,1,0.17747214204438613,57
4951,3,8177,3926,4251,0,0,0,1.0,1,1.0,1,1.0,1,0.18935963337689118,55
4952,5,8182,3930,4252,0,0,0,1.0,1,1.0,1,1.0,1,0.25326064696530837,55
4953,7,8189,3932,4257,0,0,0,1.0,1,1.0,1,1.0,1,0.19272838632185255,54
4954,1,8190,3933,4257,0,0,0,1.0,1,1.0,1,1.0,1,0.21756321709390378,54
4955,0,8190,3933,4257,0,0,0,1.0,1,1.0,1,1.0,1,0.1910784112207419,52
4956,1,8191,3933,4258,0,0,0,1.0,1,1.0,1,1.0,1,0.18015840498090127,52
4957,3,8194,3934,4260,0,0,0,1.0,1,1.0,1,1.0,1,0.11984045583396236,53
4958,1,8195,3935,4260,0,0,0,1.0,1,1.0,1,1.0,1,0.1312835694824843,52
4959,1,8196,3936,4260,0,0,0,1.0,1,1.0,1,1.0,1,0.15074532067441024,51
4960,0,8196,3936,4260,0,0,0,1.0,1,1.0,1,1.0,1,0.1623115563035307,53
4961,1,8197,3936,4261,0,0,0,1.0,1,1.0,1,1.0,1,0.138090054331883,53
4962,2,8199,3936,4263,0,0,0,1.0,1,1.0,1,1.0,1,0.1353949495846869,55
4963,0,8199,3936,4263,0,0,0,1.0,1,1.0,1,1.0,1,0.11742957229514955,54
4964,1,8200,3937,4263,0,0,0,1.0,1,1.0,1,1.0,1,0.12340388119049948,54
4965,1,8201,3937,4264,0,0,0,1.0,1,1.0,1,1.0,1,0.10971501935693043,54
4966,1,8202,3938,4264,0,0,0,1.0,1,1.0,1,1.0,1,0.09991155347625048,54
4967,2,8204,3940,4264,0,0,0,1.0,1,1.0,1,1.0,1,0.14830565263334788,55
4968,2,8206,3941,4265,0,0,0,1.0,1,1.0,1,1.0,1,0.1274636408311758,55
4969,2,8208,3942,4266,0,0,0,1.0,1,1.0,1,1.0,1,0.16196299511713894,57
4970,2,8210,3943,4267,0,0,0,1.0,1,1.0,1,1.0,1,0.15843758098521835,56
4971,3,8213,3944,4269,0,0,0,1.0,1,1.0,1,1.0,1,0.14912617857886074,57
4972,3,8216,3946,4270,0,0,0,1.0,1,1.0,1,1.0,1,0.2136465391511546,57
4973,3,8219,3946,4273,0,0,0,1.0,1,1.0,1,1.0,1,0.18802403018377198,60
4974,1,8220,3946,4274,0,0,0,1.0,1,1.0,1,1.0,1,0.1770784688173936,58
4975,1,8221,3946,4275,0,0,0,1.0,1,1.0,1,1.0,1,0.17150644424241185,59
4976,2,8223,3947,4276,0,0,0,1.0,1,1.0,1,1.0,1,0.14133590218596495,59
4977,4,8227,3951,4276,0,0,0,1.0,1,1.0,1,1.0,1,0.1772167706383117,59
4978,2,8229,3953,4276,0,0,0,1.0,1,1.0,1,1.0,1,0.15288205343425607,59
4979,1,8230,3954,4276,0,0,0,1.0,1,1.0,1,1.0,1,0.14258929569347795,61
4980,1,8231,3955,4276,0,0,0,1.0,1,1.0,1,1.0,1,0.16378654894556197,62
4981,1,8232,3956,4276,0,0,0,1.0,1,1.0,1,1.0,1,0.1798541574189427,62
4982,2,8234,3957,4277,0,0,0,1.0,1,1.0,1,1.0,1,0.1460629225079629,63
4983,0,8234,3957,4277,0,0,0,1.0,1,1.0,1,1.0,1,0.14662433981760928,63
4984,0,8234,3957,4277,0,0,0,1.0,1,1.0,1,1.0,1,0.15832836857534624,61
4985,2,8236,3958,4278,0,0,0,1.0,1,1.0,1,1.0,1,0.148158632057594,59
4986,3,8239,3960,4279,0,0,0,1.0,1,1.0,1,1.0,1,0.1786418619340335,62
4987,1,8240,3961,4279,0,0,0,1.0,1,1.0,1,1.0,1,0.18953389751932315,60
4988,2,8242,3962,4280,0,0,0,1.0,1,1.0,1,1.0,1,0.21467396078508016,59
4989,6,8248,3963,4285,0,0,0,1.0,1,1.0,1,1.0,1,0.19401052009564682,57
4990,1,8249,3963,4286,0,0,0,1.0,1,1.0,1,1.0,1,0.18317139898111875,55
4991,3,8252,3965,4287,0,0,0,1.0,1,1.0,1,1.0,1,0.18992132935939673,54
4992,3,8255,3965,4290,0,0,0,1.0,1,1.0,1,1.0,1,0.16264049805730946,52
4993,1,8256,3965,4291,0,0,0,1.0,1,1.0,1,1.0,1,0.13562193364342545,51
4994,1,8257,3966,4291,0,0,0,1.0,1,1.0,1,1.0,1,0.1757034576565048,49
4995,1,8258,3967,4291,0,0,0,1.0,1,1.0,1,1.0,1,0.22837193568129238,48
4996,3,8261,3970,4291,0,0,0,1.0,1,1.0,1,1.0,1,0.20204319332573434,48
4997,2,8263,3971,4292,0,0,0,1.0,1,1.0,1,1.0,1,0.19919075996914384,46
4998,1,8264,3972,4292,0,0,0,1.0,1,1.0,1,1.0,1,0.24082526806497923,48
4999,3,8267,3975,4292,0,0,0,1.0,1,1.0,1,1.0,1,0.31778183726163467,48
5000,3,8270,3975,4295,0,0,0,1.0,1,1.0,1,1.0,1,0.2507633429287183,47
5001,2,8272,3976,4296,0,0,0,1.0,1,1.0,1,1.0,1,0.27950687670417834,45
5002,2,8274,3978,4296,0,0,0,1.0,1,1.0,1,1.0,1,0.29758079835375023,46
5003,1,8275,3978,4297,0,0,0,1.0,1,1.0,1,1.0,1,0.29872539585134966,46
5004,2,8277,3978,4299,0,0,0,1.0,1,1.0,1,1.0,1,0.2649707235214058,46
5005,1,8278,3978,4300,0,0,0,1.0,1,1.0,1,1.0,1,0.2635228804024656,45
5006,0,8278,3978,4300,0,0,0,1.0,1,1.0,1,1.0,1,0.28430742053004276,45
5007,1,8279,3978,4301,0,0,0,1.0,1,1.0,1,1.0,1,0.26245383256720706,46
5008,0,8279,3978,4301,0,0,0,1.0,1,1.0,1,1.0,1,0.2709318717460352,49
5009,1,8280,3978,4302,0,0,0,1.0,1,1.0,1,1.0,1,0.26523653840091765,49
5010,0,8280,3978,4302,0,0,0,1.0,1,1.0,1,1.0,1,0.27506538200846636,50
5011,0,8280,3978,4302,0,0,0,1.0,1,1.0,1,1.0,1,0.28620521429203505,51
5012,0,8280,3978,4302,0,0,0,1.0,1,1.0,1,1.0,1,0.2931960956109931,52
5013,0,8280,3978,4302,0,0,0,1.0,1,1.0,1,1.0,1,0.2931960956109931,52
5014,0,8280,3978,4302,0,0,0,1.0,1,1.0,1,1.0,1,0.29205452907925733,53
5015,5,8285,3979,4306,0,0,0,1.0,1,1.0,1,1.0,1,0.2873957829345397,54
5016,0,8285,3979,4306,0,0,0,1.0,1,1.0,1,1.0,1,0.2944838503700099,55
5017,4,8289,3979,4310,0,0,0,1.0,1,1.0,1,1.0,1,0.25579224407255613,55
5018,0,8289,3979,4310,0,0,0,1.0,1,1.0,1,1.0,1,0.2637637520478798,56
5019,2,8291,3979,4312,0,0,0,1.0,1,1.0,1,1.0,1,0.2313509443643228,56
5020,1,8292,3980,4312,0,0,0,1.0,1,1.0,1,1.0,1,0.2256470740959409,55
5021,0,8292,3980,4312,0,0,0,1.0,1,1.0,1,1.0,1,0.23272275347181096,56
5022,3,8295,3983,4312,0,0,0,1.0,1,1.0,1,1.0,1,0.27568354661131045,56
5023,1,8296,3984,4312,0,0,0,1.0,1,1.0,1,1.0,1,0.26094896061602896,55
5024,7,8303,3988,4315,0,0,0,1.0,1,1.0,1,1.0,1,0.2694124594892444,55
5025,5,8308,3989,4319,0,0,0,1.0,1,1.0,1,1.0,1,0.21598113428118776,53
5026,2,8310,3991,4319,0,0,0,1.0,1,1.0,1,1.0,1,0.2184194357007885,52
5027,1,8311,3992,4319,0,0,0,1.0,1,1.0,1,1.0,1,0.2492057581517394,51
5028,3,8314,3994,4320,0,0,0,1.0,1,1.0,1,1.0,1,0.27671591183194494,51
5029,0,8314,3994,4320,0,0,0,1.0,1,1.0,1,1.0,1,0.2887493735622487,50
5030,3,8317,3996,4321,0,0,0,1.0,1,1.0,1,1.0,1,0.28593055723395877,49
5031,2,8319,3997,4322,0,0,0,1.0,1,1.0,1,1.0,1,0.2790655144279336,49
5032,1,8320,3998,4322,0,0,0,1.0,1,1.0,1,1.0,1,0.2957752418652962,48
5033,5,8325,4001,4324,0,0,0,1.0,1,1.0,1,1.0,1,0.3303703210610281,50
5034,2,8327,4001,4326,0,0,0,1.0,1,1.0,1,1.0,1,0.2731884829317169,49
5035,2,8329,4003,4326,0,0,0,1.0,1,1.0,1,1.0,1,0.31676215079969466,49
5036,2,8331,4005,4326,0,0,0,1.0,1,1.0,1,1.0,1,0.3228756703965363,47
5037,4,8335,4005,4330,0,0,0,1.0,1,1.0,1,1.0,1,0.2591504284481075,47
5038,0,8335,4005,4330,0,0,0,1.0,1,1.0,1,1.0,1,0.2550522080014587,47
5039,0,8335,4005,4330,0,0,0,1.0,1,1.0,1,1.0,1,0.2664896410617674,48
5040,0,8335,4005,4330,0,0,0,1.0,1,1.0,1,1.0,1,0.2664896410617674,48
5041,0,8335,4005,4330,0,0,0,1.0,1,1.0,1,1.0,1,0.2664896410617674,48
5042,1,8336,4005,4331,0,0,0,1.0,1,1.0,1,1.0,1,0.2574777819040582,50
5043,0,8336,4005,4331,0,0,0,1.0,1,1.0,1,1.0,1,0.25520566325582544,51
5044,0,8336,4005,4331,0,0,0,1.0,1,1.0,1,1.0,1,0.25520566325582544,51
5045,1,8337,4005,4332,0,0,0,1.0,1,1.0,1,1.0,1,0.2532826574826722,52
5046,1,8338,4006,4332,0,0,0,1.0,1,1.0,1,1.0,1,0.2789450192310559,51
5047,0,8338,4006,4332,0,0,0,1.0,1,1.0,1,1.0,1,0.2789450192310559,51
5048,1,8339,4007,4332,0,0,0,1.0,1,1.0,1,1.0,1,0.2753763300184212,52
5049,3,8342,4008,4334,0,0,0,1.0,1,1.0,1,1.0,1,0.26886531834353894,54
5050,3,8345,4008,4337,0,0,0,1.0,1,1.0,1,1.0,1,0.24259952334822107,56
5051,1,8346,4008,4338,0,0,0,1.0,1,1.0,1,1.0,1,0.23773747716051094,55
5052,0,8346,4008,4338,0,0,0,1.0,1,1.0,1,1.0,1,0.23773747716051094,55
5053,2,8348,4009,4339,0,0,0,1.0,1,1.0,1,1.0,1,0.23181548229207805,55
5054,2,8350,4010,4340,0,0,0,1.0,1,1.0,1,1.0,1,0.22073516861340095,55
5055,0,8350,4010,4340,0,0,0,1.0,1,1.0,1,1.0,1,0.24833790042736012,55
5056,0,8350,4010,4340,0,0,0,1.0,1,1.0,1,1.0,1,0.2563154169040498,56
5057,4,8354,4010,4344,0,0,0,1.0,1,1.0,1,1.0,1,0.21777749508989297,58
5058,1,8355,4010,4345,0,0,0,1.0,1,1.0,1,1.0,1,0.20456742830487765,59
5059,2,8357,4010,4347,0,0,0,1.0,1,1.0,1,1.0,1,0.16172436037728918,59
5060,1,8358,4010,4348,0,0,0,1.0,1,1.0,1,1.0,1,0.1562474880646207,59
5061,3,8361,4010,4351,0,0,0,1.0,1,1.0,1,1.0,1,0.13696181850006914,59
5062,6,8367,4013,4354,0,0,0,1.0,1,1.0,1,1.0,1,0.1724973204442027,59
5063,1,8368,4014,4354,0,0,0,1.0,1,1.0,1,1.0,1,0.20947416678426184,59
5064,5,8373,4019,4354,0,0,0,1.0,1,1.0,1,1.0,1,0.2884254939722756,57
5065,4,8377,4020,4357,0,0,0,1.0,1,1.0,1,1.0,1,0.2570632271658982,55
5066,3,8380,4021,4359,0,0,0,1.0,1,1.0,1,1.0,1,0.25858890744856594,55
5067,2,8382,4022,4360,0,0,0,1.0,1,1.0,1,1.0,1,0.2584889692269568,54
5068,0,8382,4022,4360,0,0,0,1.0,1,1.0,1,1.0,1,0.2519858071508224,54
5069,3,8385,4024,4361,0,0,0,1.0,1,1.0,1,1.0,1,0.2559866793631596,54
5070,3,8388,4025,4363,0,0,0,1.0,1,1.0,1,1.0,1,0.2645998300927201,52
5071,5,8393,4027,4366,0,0,0,1.0,1,1.0,1,1.0,1,0.2589733188987695,54
5072,1,8394,4027,4367,0,0,0,1.0,1,1.0,1,1.0,1,0.2267618023378432,52
5073,0,8394,4027,4367,0,0,0,1.0,1,1.0,1,1.0,1,0.21809481479232992,51
5074,0,8394,4027,4367,0,0,0,1.0,1,1.0,1,1.0,1,0.20766901330809248,52
5075,0,8394,4027,4367,0,0,0,1.0,1,1.0,1,1.0,1,0.21685650797602365,53
5076,0,8394,4027,4367,0,0,0,1.0,1,1.0,1,1.0,1,0.21685650797602365,53
5077,6,8400,4029,4371,0,0,0,1.0,1,1.0,1,1.0,1,0.21107308275644077,56
5078,2,8402,4030,4372,0,0,0,1.0,1,1.0,1,1.0,1,0.22872159996483912,55
5079,0,8402,4030,4372,0,0,0,1.0,1,1.0,1,1.0,1,0.2434741168870214,56
5080,2,8404,4030,4374,0,0,0,1.0,1,1.0,1,1.0,1,0.20387746062681544,57
5081,0,8404,4030,4374,0,0,0,1.0,1,1.0,1,1.0,1,0.2078638141155793,58
5082,0,8404,4030,4374,0,0,0,1.0,1,1.0,1,1.0,1,0.2078638141155793,58
5083,0,8404,4030,4374,0,0,0,1.0,1,1.0,1,1.0,1,0.21620024868953167,59
5084,2,8406,4031,4375,0,0,0,1.0,1,1.0,1,1.0,1,0.1646960386181439,59
5085,1,8407,4032,4375,0,0,0,1.0,1,1.0,1,1.0,1,0.18175968331099004,60
5086,2,8409,4032,4377,0,0,0,1.0,1,1.0,1,1.0,1,0.1606202293390093,61
5087,3,8412,4035,4377,0,0,0,1.0,1,1.0,1,1.0,1,0.15984542191747647,62
5088,4,8416,4036,4380,0,0,0,1.0,1,1.0,1,1.0,1,0.15512142261150497,64
5089,2,8418,4038,4380,0,0,0,1.0,1,1.0,1,1.0,1,0.17175081786997715,64
5090,1,8419,4038,4381,0,0,0,1.0,1,1.0,1,1.0,1,0.15973316515155458,64
5091,2,8421,4040,4381,0,0,0,1.0,1,1.0,1,1.0,1,0.1758938315630341,64
5092,1,8422,4041,4381,0,0,0,1.0,1,1.0,1,1.0,1,0.19124910575188353,64
5093,1,8423,4041,4382,0,0,0,1.0,1,1.0,1,1.0,1,0.17867973820057753,64
5094,3,8426,4042,4384,0,0,0,1.0,1,1.0,1,1.0,1,0.1669922876790716,65
5095,2,8428,4043,4385,0,0,0,1.0,1,1.0,1,1.0,1,0.1748977208772128,66
5096,2,8430,4043,4387,0,0,0,1.0,1,1.0,1,1.0,1,0.15011634895107545,66
5097,1,8431,4043,4388,0,0,0,1.0,1,1.0,1,1.0,1,0.15184792724102925,67
5098,0,8431,4043,4388,0,0,0,1.0,1,1.0,1,1.0,1,0.15184792724102925,67
5099,2,8433,4044,4389,0,0,0,1.0,1,1.0,1,1.0,1,0.12745393960232596,70
5100,3,8436,4046,4390,0,0,0,1.0,1,1.0,1,1.0,1,0.13515924698795934,71
5101,2,8438,4046,4392,0,0,0,1.0,1,1.0,1,1.0,1,0.1194079169004685,72
5102,3,8441,4048,4393,0,0,0,1.0,1,1.0,1,1.0,1,0.1343025110050568,72
5103,3,8444,4049,4395,0,0,0,1.0,1,1.0,1,1.0,1,0.09967051268788141,70
5104,2,8446,4051,4395,0,0,0,1.0,1,1.0,1,1.0,1,0.13681951638105427,67
5105,3,8449,4053,4396,0,0,0,1.0,1,1.0,1,1.0,1,0.14383927181298412,66
5106,3,8452,4056,4396,0,0,0,1.0,1,1.0,1,1.0,1,0.22467152251985592,64
5107,3,8455,4059,4396,0,0,0,1.0,1,1.0,1,1.0,1,0.2259482485225184,61
5108,2,8457,4061,4396,0,0,0,1.0,1,1.0,1,1.0,1,0.2697954976436211,57
5109,7,8464,4064,4400,0,0,0,1.0,1,1.0,1,1.0,1,0.23895685876237774,55
5110,2,8466,4065,4401,0,0,0,1.0,1,1.0,1,1.0,1,0.25984793616612856,53
5111,8,8474,4068,4406,0,0,0,1.0,1,1.0,1,1.0,1,0.20250242273777788,52
5112,3,8477,4069,4408,0,0,0,1.0,1,1.0,1,1.0,1,0.17290733622369553,52
5113,2,8479,4069,4410,0,0,0,1.0,1,1.0,1,1.0,1,0.12585008277817927,49
5114,4,8483,4073,4410,0,0,0,1.0,1,1.0,1,1.0,1,0.16780201937690242,49
5115,2,8485,4074,4411,0,0,0,1.0,1,1.0,1,1.0,1,0.18162555856577647,48
5116,2,8487,4075,4412,0,0,0,1.0,1,1.0,1,1.0,1,0.18321810247856368,47
5117,2,8489,4075,4414,0,0,0,1.0,1,1.0,1,1.0,1,0.16629500779324943,48
5118,2,8491,4076,4415,0,0,0,1.0,1,1.0,1,1.0,1,0.16325248967795894,49
5119,2,8493,4078,4415,0,0,0,1.0,1,1.0,1,1.0,1,0.17057458699875386,49
5120,0,8493,4078,4415,0,0,0,1.0,1,1.0,1,1.0,1,0.18199473164756233,48
5121,1,8494,4079,4415,0,0,0,1.0,1,1.0,1,1.0,1,0.16325367999142898,48
5122,2,8496,4080,4416,0,0,0,1.0,1,1.0,1,1.0,1,0.1930971976648322,46
5123,1,8497,4081,4416,0,0,0,1.0,1,1.0,1,1.0,1,0.19928622324529366,46
5124,0,8497,4081,4416,0,0,0,1.0,1,1.0,1,1.0,1,0.1850827959258457,47
5125,4,8501,4082,4419,0,0,0,1.0,1,1.0,1,1.0,1,0.1602518341908515,49
5126,0,8501,4082,4419,0,0,0,1.0,1,1.0,1,1.0,1,0.1602518341908515,49
5127,2,8503,4083,4420,0,0,0,1.0,1,1.0,1,1.0,1,0.18120008401720863,51
5128,4,8507,4084,4423,0,0,0,1.0,1,1.0,1,1.0,1,0.2026595873173404,53
5129,4,8511,4085,4426,0,0,0,1.0,1,1.0,1,1.0,1,0.1812415220370919,55
5130,1,8512,4086,4426,0,0,0,1.0,1,1.0,1,1.0,1,0.18691983613815577,55
5131,1,8513,4086,4427,0,0,0,1.0,1,1.0,1,1.0,1,0.170148449330831,55
5132,0,8513,4086,4427,0,0,0,1.0,1,1.0,1,1.0,1,0.170148449330831,55
5133,2,8515,4086,4429,0,0,0,1.0,1,1.0,1,1.0,1,0.14232353192764935,56
5134,0,8515,4086,4429,0,0,0,1.0,1,1.0,1,1.0,1,0.173621009130313,56
5135,1,8516,4087,4429,0,0,0,1.0,1,1.0,1,1.0,1,0.18447895531770664,56
5136,0,8516,4087,4429,0,0,0,1.0,1,1.0,1,1.0,1,0.19168486541960553,55
5137,2,8518,4087,4431,0,0,0,1.0,1,1.0,1,1.0,1,0.19555850245231923,55
5138,2,8520,4088,4432,0,0,0,1.0,1,1.0,1,1.0,1,0.17371672012702075,54
5139,2,8522,4090,4432,0,0,0,1.0,1,1.0,1,1.0,1,0.16889701160078652,54
5140,1,8523,4091,4432,0,0,0,1.0,1,1.0,1,1.0,1,0.19293680502027313,54
5141,3,8526,4094,4432,0,0,0,1.0,1,1.0,1,1.0,1,0.21397838527555257,53
5142,6,8532,4096,4436,0,0,0,1.0,1,1.0,1,1.0,1,0.23169480301132886,55
5143,3,8535,4098,4437,0,0,0,1.0,1,1.0,1,1.0,1,0.18276708351052162,54
5144,4,8539,4100,4439,0,0,0,1.0,1,1.0,1,1.0,1,0.18029837723294653,50
5145,3,8542,4101,4441,0,0,0,1.0,1,1.0,1,1.0,1,0.17126157096268482,51
5146,3,8545,4103,4442,0,0,0,1.0,1,1.0,1,1.0,1,0.14166255957919957,48
5147,3,8548,4105,4443,0,0,0,1.0,1,1.0,1,1.0,1,0.16544330073391367,49
5148,1,8549,4106,4443,0,0,0,1.0,1,1.0,1,1.0,1,0.15666310241931997,47
5149,1,8550,4107,4443,0,0,0,1.0,1,1.0,1,1.0,1,0.17884469955177792,46
5150,3,8553,4110,4443,0,0,0,1.0,1,1.0,1,1.0,1,0.2031103116864442,46
5151,0,8553,4110,4443,0,0,0,1.0,1,1.0,1,1.0,1,0.19132080118156103,45
5152,5,8558,4115,4443,0,0,0,1.0,1,1.0,1,1.0,1,0.25158498049197414,45
5153,2,8560,4115,4445,0,0,0,1.0,1,1.0,1,1.0,1,0.2316804554652205,45
5154,2,8562,4117,4445,0,0,0,1.0,1,1.0,1,1.0,1,0.2614876151611438,45
5155,2,8564,4118,4446,0,0,0,1.0,1,1.0,1,1.0,1,0.2675816935824301,44
5156,0,8564,4118,4446,0,0,0,1.0,1,1.0,1,1.0,1,0.2665084746900454,44
5157,0,8564,4118,4446,0,0,0,1.0,1,1.0,1,1.0,1,0.2587999941303162,42
5158,0,8564,4118,4446,0,0,0,1.0,1,1.0,1,1.0,1,0.25255550922216824,43
5159,3,8567,4118,4449,0,0,0,1.0,1,1.0,1,1.0,1,0.2565543557788773,43
5160,0,8567,4118,4449,0,0,0,1.0,1,1.0,1,1.0,1,0.2565543557788773,43
5161,1,8568,4118,4450,0,0,0,1.0,1,1.0,1,1.0,1,0.24090881151505056,43
5162,1,8569,4118,4451,0,0,0,1.0,1,1.0,1,1.0,1,0.23092639458321196,44
5163,1,8570,4118,4452,0,0,0,1.0,1,1.0,1,1.0,1,0.223897762092902,46
5164,2,8572,4119,4453,0,0,0,1.0,1,1.0,1,1.0,1,0.1984524012362586,46
5165,1,8573,4119,4454,0,0,0,1.0,1,1.0,1,1.0,1,0.18208703345142263,46
5166,5,8578,4122,4456,0,0,0,1.0,1,1.0,1,1.0,1,0.19821284765058925,47
5167,0,8578,4122,4456,0,0,0,1.0,1,1.0,1,1.0,1,0.19821284765058925,47
5168,3,8581,4124,4457,0,0,0,1.0,1,1.0,1,1.0,1,0.24385768241677494,47
5169,3,8584,4124,4460,0,0,0,1.0,1,1.0,1,1.0,1,0.19803515051276205,47
5170,1,8585,4125,4460,0,0,0,1.0,1,1.0,1,1.0,1,0.20617043252441913,48
5171,2,8587,4126,4461,0,0,0,1.0,1,1.0,1,1.0,1,0.2130099713168312,48
5172,1,8588,4126,4462,0,0,0,1.0,1,1.0,1,1.0,1,0.16821026062796757,49
5173,0,8588,4126,4462,0,0,0,1.0,1,1.0,1,1.0,1,0.17621597833484315,49
5174,1,8589,4126,4463,0,0,0,1.0,1,1.0,1,1.0,1,0.1602200916718699,52
5175,1,8590,4127,4463,0,0,0,1.0,1,1.0,1,1.0,1,0.16635741471973198,53
5176,1,8591,4127,4464,0,0,0,1.0,1,1.0,1,1.0,1,0.17687346362773096,54
5177,4,8595,4130,4465,0,0,0,1.0,1,1.0,1,1.0,1,0.1775482345259806,54
5178,3,8598,4132,4466,0,0,0,1.0,1,1.0,1,1.0,1,0.17872260906109055,55
5179,0,8598,4132,4466,0,0,0,1.0,1,1.0,1,1.0,1,0.1801949409868263,53
5180,0,8598,4132,4466,0,0,0,1.0,1,1.0,1,1.0,1,0.1973304595452354,52
5181,2,8600,4133,4467,0,0,0,1.0,1,1.0,1,1.0,1,0.1696087252019459,52
5182,0,8600,4133,4467,0,0,0,1.0,1,1.0,1,1.0,1,0.1696087252019459,52
5183,4,8604,4136,4468,0,0,0,1.0,1,1.0,1,1.0,1,0.19356162665397955,52
5184,1,8605,4137,4468,0,0,0,1.0,1,1.0,1,1.0,1,0.21438830083990176,52
5185,5,8610,4139,4471,0,0,0,1.0,1,1.0,1,1.0,1,0.1943411728335075,50
5186,1,8611,4140,4471,0,0,0,1.0,1,1.0,1,1.0,1,0.22843990695923283,48
5187,0,8611,4140,4471,0,0,0,1.0,1,1.0,1,1.0,1,0.2362667906210023,46
5188,0,8611,4140,4471,0,0,0,1.0,1,1.0,1,1.0,1,0.2555520608374444,44
5189,2,8613,4140,4473,0,0,0,1.0,1,1.0,1,1.0,1,0.21032704978231168,44
5190,1,8614,4141,4473,0,0,0,1.0,1,1.0,1,1.0,1,0.21254191492615293,45
5191,0,8614,4141,4473,0,0,0,1.0,1,1.0,1,1.0,1,0.21250395702978075,45
5192,1,8615,4141,4474,0,0,0,1.0,1,1.0,1,1.0,1,0.19754851881349264,45
5193,1,8616,4141,4475,0,0,0,1.0,1,1.0,1,1.0,1,0.17203498589792574,45
5194,0,8616,4141,4475,0,0,0,1.0,1,1.0,1,1.0,1,0.1892909156847704,45
5195,1,8617,4142,4475,0,0,0,1.0,1,1.0,1,1.0,1,0.21034125207425053,46
5196,0,8617,4142,4475,0,0,0,1.0,1,1.0,1,1.0,1,0.21034125207425053,46
5197,2,8619,4144,4475,0,0,0,1.0,1,1.0,1,1.0,1,0.2521922602850709,46
5198,1,8620,4144,4476,0,0,0,1.0,1,1.0,1,1.0,1,0.22106831696745122,47
5199,2,8622,4145,4477,0,0,0,1.0,1,1.0,1,1.0,1,0.24002587096076433,49
5200,1,8623,4146,4477,0,0,0,1.0,1,1.0,1,1.0,1,0.2590389956212258,49
5201,6,8629,4148,4481,0,0,0,1.0,1,1.0,1,1.0,1,0.1888680618202323,50
5202,1,8630,4148,4482,0,0,0,1.0,1,1.0,1,1.0,1,0.1807236018646707,52
5203,0,8630,4148,4482,0,0,0,1.0,1,1.0,1,1.0,1,0.1807236018646707,52
5204,0,8630,4148,4482,0,0,0,1.0,1,1.0,1,1.0,1,0.18893043936018017,54
5205,1,8631,4148,4483,0,0,0,1.0,1,1.0,1,1.0,1,0.1806712638013472,54
5206,2,8633,4148,4485,0,0,0,1.0,1,1.0,1,1.0,1,0.14533313582160853,55
5207,0,8633,4148,4485,0,0,0,1.0,1,1.0,1,1.0,1,0.14247115793245846,54
5208,0,8633,4148,4485,0,0,0,1.0,1,1.0,1,1.0,1,0.14247115793245846,54
5209,2,8635,4148,4487,0,0,0,1.0,1,1.0,1,1.0,1,0.11939981525559303,54
5210,0,8635,4148,4487,0,0,0,1.0,1,1.0,1,1.0,1,0.11939981525559303,54
5211,1,8636,4148,4488,0,0,0,1.0,1,1.0,1,1.0,1,0.1142354157849145,56
5212,0,8636,4148,4488,0,0,0,1.0,1,1.0,1,1.0,1,0.11413382686040789,57
5213,2,8638,4150,4488,0,0,0,1.0,1,1.0,1,1.0,1,0.13398814082552496,57
5214,5,8643,4152,4491,0,0,0,1.0,1,1.0,1,1.0,1,0.17020415665379449,58
5215,1,8644,4152,4492,0,0,0,1.0,1,1.0,1,1.0,1,0.17691257763126747,57
5216,1,8645,4153,4492,0,0,0,1.0,1,1.0,1,1.0,1,0.1950974309831436,57
5217,3,8648,4154,4494,0,0,0,1.0,1,1.0,1,1.0,1,0.1862303502602937,56
5218,2,8650,4156,4494,0,0,0,1.0,1,1.0,1,1.0,1,0.2134045114598828,56
5219,1,8651,4156,4495,0,0,0,1.0,1,1.0,1,1.0,1,0.20668059917712298,54
5220,0,8651,4156,4495,0,0,0,1.0,1,1.0,1,1.0,1,0.21597417775650138,53
5221,2,8653,4156,4497,0,0,0,1.0,1,1.0,1,1.0,1,0.2079249824047066,52
5222,2,8655,4157,4498,0,0,0,1.0,1,1.0,1,1.0,1,0.21110034084469984,52
5223,2,8657,4159,4498,0,0,0,1.0,1,1.0,1,1.0,1,0.21738181536109066,52
5224,2,8659,4161,4498,0,0,0,1.0,1,1.0,1,1.0,1,0.2364562282437744,52
5225,4,8663,4161,4502,0,0,0,1.0,1,1.0,1,1.0,1,0.16635562004054372,50
5226,4,8667,4164,4503,0,0,0,1.0,1,1.0,1,1.0,1,0.16477868519441088,51
5227,2,8669,4165,4504,0,0,0,1.0,1,1.0,1,1.0,1,0.19535962807136747,49
5228,0,8669,4165,4504,0,0,0,1.0,1,1.0,1,1.0,1,0.22009491668717013,48
5229,3,8672,4165,4507,0,0,0,1.0,1,1.0,1,1.0,1,0.15429480961979397,49
5230,0,8672,4165,4507,0,0,0,1.0,1,1.0,1,1.0,1,0.15429480961979397,49
5231,1,8673,4166,4507,0,0,0,1.0,1,1.0,1,1.0,1,0.14502444615324003,49
5232,2,8675,4167,4508,0,0,0,1.0,1,1.0,1,1.0,1,0.15620292086260362,51
5233,3,8678,4169,4509,0,0,0,1.0,1,1.0,1,1.0,1,0.1726230835967102,51
5234,3,8681,4172,4509,0,0,0,1.0,1,1.0,1,1.0,1,0.19586041444050403,52
5235,2,8683,4172,4511,0,0,0,1.0,1,1.0,1,1.0,1,0.14903206839334537,52
5236,0,8683,4172,4511,0,0,0,1.0,1,1.0,1,1.0,1,0.14903206839334537,52
5237,1,8684,4172,4512,0,0,0,1.0,1,1.0,1,1.0,1,0.15695919153308857,53
5238,0,8684,4172,4512,0,0,0,1.0,1,1.0,1,1.0,1,0.15695919153308857,53
5239,0,8684,4172,4512,0,0,0,1.0,1,1.0,1,1.0,1,0.15695919153308857,53
5240,5,8689,4175,4514,0,0,0,1.0,1,1.0,1,1.0,1,0.164227253766217,55
5241,3,8692,4175,4517,0,0,0,1.0,1,1.0,1,1.0,1,0.11453793888311574,56
5242,1,8693,4176,4517,0,0,0,1.0,1,1.0,1,1.0,1,0.1347035718441575,54
5243,1,8694,4177,4517,0,0,0,1.0,1,1.0,1,1.0,1,0.1607595826542516,55
5244,0,8694,4177,4517,0,0,0,1.0,1,1.0,1,1.0,1,0.1614281770457494,55
5245,2,8696,4178,4518,0,0,0,1.0,1,1.0,1,1.0,1,0.16424500291842326,55
5246,2,8698,4179,4519,0,0,0,1.0,1,1.0,1,1.0,1,0.20340564869332814,55
5247,1,8699,4180,4519,0,0,0,1.0,1,1.0,1,1.0,1,0.21412532863816916,54
5248,4,8703,4181,4522,0,0,0,1.0,1,1.0,1,1.0,1,0.20825138642136812,53
5249,5,8708,4184,4524,0,0,0,1.0,1,1.0,1,1.0,1,0.18364967653833994,55
5250,1,8709,4185,4524,0,0,0,1.0,1,1.0,1,1.0,1,0.18194906612482384,55
5251,3,8712,4186,4526,0,0,0,1.0,1,1.0,1,1.0,1,0.162486969724923,57
5252,3,8715,4187,4528,0,0,0,1.0,1,1.0,1,1.0,1,0.19071395334444433,58
5253,4,8719,4189,4530,0,0,0,1.0,1,1.0,1,1.0,1,0.2061437112514403,59
5254,2,8721,4190,4531,0,0,0,1.0,1,1.0,1,1.0,1,0.19557976770901372,59
5255,1,8722,4191,4531,0,0,0,1.0,1,1.0,1,1.0,1,0.19897750688026392,58
5256,2,8724,4193,4531,0,0,0,1.0,1,1.0,1,1.0,1,0.23532690934051823,59
5257,3,8727,4193,4534,0,0,0,1.0,1,1.0,1,1.0,1,0.21328222593185958,58
5258,1,8728,4194,4534,0,0,0,1.0,1,1.0,1,1.0,1,0.24424818426027514,56
5259,0,8728,4194,4534,0,0,0,1.0,1,1.0,1,1.0,1,0.25263069364681523,56
5260,1,8729,4194,4535,0,0,0,1.0,1,1.0,1,1.0,1,0.23704145254808687,55
5261,2,8731,4195,4536,0,0,0,1.0,1,1.0,1,1.0,1,0.21954193115139145,54
5262,1,8732,4196,4536,0,0,0,1.0,1,1.0,1,1.0,1,0.24312038083189683,54
5263,4,8736,4199,4537,0,0,0,1.0,1,1.0,1,1.0,1,0.24730483777423348,53
5264,1,8737,4200,4537,0,0,0,1.0,1,1.0,1,1.0,1,0.24799389204797864,51
5265,5,8742,4201,4541,0,0,0,1.0,1,1.0,1,1.0,1,0.19495547894035628,50
5266,2,8744,4203,4541,0,0,0,1.0,1,1.0,1,1.0,1,0.1854719210353641,49
5267,2,8746,4205,4541,0,0,0,1.0,1,1.0,1,1.0,1,0.20283059910177503,48
5268,2,8748,4207,4541,0,0,0,1.0,1,1.0,1,1.0,1,0.2048173133445575,47
5269,2,8750,4207,4543,0,0,0,1.0,1,1.0,1,1.0,1,0.20578314168533918,45
5270,1,8751,4207,4544,0,0,0,1.0,1,1.0,1,1.0,1,0.19093095964623155,47
5271,0,8751,4207,4544,0,0,0,1.0,1,1.0,1,1.0,1,0.20640032911889497,45
5272,4,8755,4211,4544,0,0,0,1.0,1,1.0,1,1.0,1,0.2596142825140356,46
5273,2,8757,4211,4546,0,0,0,1.0,1,1.0,1,1.0,1,0.2564152538225787,44
5274,1,8758,4212,4546,0,0,0,1.0,1,1.0,1,1.0,1,0.278246589395379,44
5275,4,8762,4213,4549,0,0,0,1.0,1,1.0,1,1.0,1,0.21004058075700188,46
5276,1,8763,4214,4549,0,0,0,1.0,1,1.0,1,1.0,1,0.19873466031080117,46
5277,4,8767,4216,4551,0,0,0,1.0,1,1.0,1,1.0,1,0.18943607880586333,46
5278,2,8769,4218,4551,0,0,0,1.0,1,1.0,1,1.0,1,0.17966662362315391,46
5279,2,8771,4219,4552,0,0,0,1.0,1,1.0,1,1.0,1,0.22151452984146328,47
5280,3,8774,4221,4553,0,0,0,1.0,1,1.0,1,1.0,1,0.21798572365759689,47
5281,0,8774,4221,4553,0,0,0,1.0,1,1.0,1,1.0,1,0.22787035780877243,48
5282,2,8776,4223,4553,0,0,0,1.0,1,1.0,1,1.0,1,0.26437635225289097,48
5283,1,8777,4223,4554,0,0,0,1.0,1,1.0,1,1.0,1,0.2589536910822698,49
5284,0,8777,4223,4554,0,0,0,1.0,1,1.0,1,1.0,1,0.2589536910822698,49
5285,0,8777,4223,4554,0,0,0,1.0,1,1.0,1,1.0,1,0.2318340407095893,50
5286,2,8779,4223,4556,0,0,0,1.0,1,1.0,1,1.0,1,0.21900486970043598,51
5287,0,8779,4223,4556,0,0,0,1.0,1,1.0,1,1.0,1,0.21900486970043598,51
5288,1,8780,4223,4557,0,0,0,1.0,1,1.0,1,1.0,1,0.2112322458152842,51
5289,3,8783,4223,4560,0,0,0,1.0,1,1.0,1,1.0,1,0.17575396035664143,53
5290,0,8783,4223,4560,0,0,0,1.0,1,1.0,1,1.0,1,0.17575396035664143,53
5291,1,8784,4224,4560,0,0,0,1.0,1,1.0,1,1.0,1,0.19624971560391657,53
5292,3,8787,4226,4561,0,0,0,1.0,1,1.0,1,1.0,1,0.23792706148631204,53
5293,7,8794,4229,4565,0,0,0,1.0,1,1.0,1,1.0,1,0.24894910019836575,53
5294,0,8794,4229,4565,0,0,0,1.0,1,1.0,1,1.0,1,0.2492867166763231,54
5295,1,8795,4230,4565,0,0,0,1.0,1,1.0,1,1.0,1,0.2694494779860401,52
5296,1,8796,4231,4565,0,0,0,1.0,1,1.0,1,1.0,1,0.2671478525738405,49
5297,6,8802,4233,4569,0,0,0,1.0,1,1.0,1,1.0,1,0.2709707731292045,49
5298,5,8807,4234,4573,0,0,0,1.0,1,1.0,1,1.0,1,0.21247842450321816,49
5299,4,8811,4236,4575,0,0,0,1.0,1,1.0,1,1.0,1,0.20227898571513234,50
5300,0,8811,4236,4575,0,0,0,1.0,1,1.0,1,1.0,1,0.20993568184614872,48
5301,1,8812,4237,4575,0,0,0,1.0,1,1.0,1,1.0,1,0.2371973341880432,46
5302,0,8812,4237,4575,0,0,0,1.0,1,1.0,1,1.0,1,0.23315936459323144,47
5303,1,8813,4238,4575,0,0,0,1.0,1,1.0,1,1.0,1,0.2232447279819303,46
5304,2,8815,4240,4575,0,0,0,1.0,1,1.0,1,1.0,1,0.2672752216127365,45
5305,0,8815,4240,4575,0,0,0,1.0,1,1.0,1,1.0,1,0.25789197146941134,44
5306,2,8817,4242,4575,0,0,0,1.0,1,1.0,1,1.0,1,0.3145562255396641,42
5307,2,8819,4244,4575,0,0,0,1.0,1,1.0,1,1.0,1,0.3338225693212052,42
5308,5,8824,4246,4578,0,0,0,1.0,1,1.0,1,1.0,1,0.31686050453496867,43
5309,1,8825,4247,4578,0,0,0,1.0,1,1.0,1,1.0,1,0.33320927341779966,41
5310,0,8825,4247,4578,0,0,0,1.0,1,1.0,1,1.0,1,0.33915068899646733,41
5311,0,8825,4247,4578,0,0,0,1.0,1,1.0,1,1.0,1,0.3217736820341828,42
5312,0,8825,4247,4578,0,0,0,1.0,1,1.0,1,1.0,1,0.3350168770479851,43
5313,0,8825,4247,4578,0,0,0,1.0,1,1.0,1,1.0,1,0.33276164959971705,44
5314,1,8826,4247,4579,0,0,0,1.0,1,1.0,1,1.0,1,0.3101745262306281,44
5315,7,8833,4248,4585,0,0,0,1.0,1,1.0,1,1.0,1,0.2538065960644414,45
5316,0,8833,4248,4585,0,0,0,1.0,1,1.0,1,1.0,1,0.2612909033840928,46
5317,3,8836,4248,4588,0,0,0,1.0,1,1.0,1,1.0,1,0.2431675687888104,46
5318,1,8837,4249,4588,0,0,0,1.0,1,1.0,1,1.0,1,0.23264173710932912,46
5319,0,8837,4249,4588,0,0,0,1.0,1,1.0,1,1.0,1,0.24430576320381742,47
5320,3,8840,4250,4590,0,0,0,1.0,1,1.0,1,1.0,1,0.21353441189382572,48
5321,3,8843,4250,4593,0,0,0,1.0,1,1.0,1,1.0,1,0.17975009435043257,49
5322,0,8843,4250,4593,0,0,0,1.0,1,1.0,1,1.0,1,0.17975009435043257,49
5323,0,8843,4250,4593,0,0,0,1.0,1,1.0,1,1.0,1,0.20610386190714203,51
5324,1,8844,4250,4594,0,0,0,1.0,1,1.0,1,1.0,1,0.19088942931795522,53
5325,2,8846,4251,4595,0,0,0,1.0,1,1.0,1,1.0,1,0.1934683351053864,53
5326,1,8847,4252,4595,0,0,0,1.0,1,1.0,1,1.0,1,0.21225679387350177,53
5327,1,8848,4252,4596,0,0,0,1.0,1,1.0,1,1.0,1,0.2240084065548467,53
5328,1,8849,4252,4597,0,0,0,1.0,1,1.0,1,1.0,1,0.22578146768110582,54
5329,3,8852,4254,4598,0,0,0,1.0,1,1.0,1,1.0,1,0.25301433861628764,53
5330,2,8854,4256,4598,0,0,0,1.0,1,1.0,1,1.0,1,0.28551939701752255,52
5331,2,8856,4256,4600,0,0,0,1.0,1,1.0,1,1.0,1,0.29115650865092646,51
5332,1,8857,4256,4601,0,0,0,1.0,1,1.0,1,1.0,1,0.2880777937081267,52
5333,3,8860,4258,4602,0,0,0,1.0,1,1.0,1,1.0,1,0.2960587631176241,53
5334,2,8862,4259,4603,0,0,0,1.0,1,1.0,1,1.0,1,0.31710640651247984,54
5335,2,8864,4259,4605,0,0,0,1.0,1,1.0,1,1.0,1,0.30265222191884583,55
5336,0,8864,4259,4605,0,0,0,1.0,1,1.0,1,1.0,1,0.3082433450468028,54
5337,2,8866,4259,4607,0,0,0,1.0,1,1.0,1,1.0,1,0.2684346016613922,55
5338,0,8866,4259,4607,0,0,0,1.0,1,1.0,1,1.0,1,0.2684346016613922,55
5339,0,8866,4259,4607,0,0,0,1.0,1,1.0,1,1.0,1,0.2684346016613922,55
5340,0,8866,4259,4607,0,0,0,1.0,1,1.0,1,1.0,1,0.2684346016613922,55
5341,1,8867,4260,4607,0,0,0,1.0,1,1.0,1,1.0,1,0.33062382787445294,54
5342,1,8868,4261,4607,0,0,0,1.0,1,1.0,1,1.0,1,0.3380956810026847,55
5343,3,8871,4263,4608,0,0,0,1.0,1,1.0,1,1.0,1,0.3462812514842893,54
5344,2,8873,4265,4608,0,0,0,1.0,1,1.0,1,1.0,1,0.3753940001956387,55
5345,2,8875,4266,4609,0,0,0,1.0,1,1.0,1,1.0,1,0.34381237016088045,53
5346,4,8879,4268,4611,0,0,0,1.0,1,1.0,1,1.0,1,0.3295978287712753,53
5347,1,8880,4269,4611,0,0,0,1.0,1,1.0,1,1.0,1,0.3444433435858594,51
5348,6,8886,4271,4615,0,0,0,1.0,1,1.0,1,1.0,1,0.2781681465880169,53
5349,7,8893,4274,4619,0,0,0,1.0,1,1.0,1,1.0,1,0.2654159911119465,52
5350,1,8894,4275,4619,0,0,0,1.0,1,1.0,1,1.0,1,0.2778516640706942,50
5351,3,8897,4277,4620,0,0,0,1.0,1,1.0,1,1.0,1,0.3290852678574596,52
5352,3,8900,4279,4621,0,0,0,1.0,1,1.0,1,1.0,1,0.3400768568951476,49
5353,3,8903,4279,4624,0,0,0,1.0,1,1.0,1,1.0,1,0.29158223841101494,49
5354,1,8904,4279,4625,0,0,0,1.0,1,1.0,1,1.0,1,0.2564502962470984,49
5355,0,8904,4279,4625,0,0,0,1.0,1,1.0,1,1.0,1,0.2423767355144551,48
5356,1,8905,4280,4625,0,0,0,1.0,1,1.0,1,1.0,1,0.2700140599238403,49
5357,1,8906,4280,4626,0,0,0,1.0,1,1.0,1,1.0,1,0.2562260757905116,47
5358,2,8908,4281,4627,0,0,0,1.0,1,1.0,1,1.0,1,0.2725227006874669,48
5359,0,8908,4281,4627,0,0,0,1.0,1,1.0,1,1.0,1,0.2725227006874669,48
5360,1,8909,4281,4628,0,0,0,1.0,1,1.0,1,1.0,1,0.2521431389876599,48
5361,1,8910,4281,4629,0,0,0,1.0,1,1.0,1,1.0,1,0.2613910038071471,50
5362,1,8911,4281,4630,0,0,0,1.0,1,1.0,1,1.0,1,0.24659874491168063,50
5363,0,8911,4281,4630,0,0,0,1.0,1,1.0,1,1.0,1,0.24659874491168063,50
5364,1,8912,4282,4630,0,0,0,1.0,1,1.0,1,1.0,1,0.24061743235590718,51
5365,1,8913,4282,4631,0,0,0,1.0,1,1.0,1,1.0,1,0.24240603624003593,52
5366,1,8914,4282,4632,0,0,0,1.0,1,1.0,1,1.0,1,0.21792629005083705,52
5367,1,8915,4283,4632,0,0,0,1.0,1,1.0,1,1.0,1,0.2406325821411151,54
5368,3,8918,4283,4635,0,0,0,1.0,1,1.0,1,1.0,1,0.2207516164529832,55
5369,0,8918,4283,4635,0,0,0,1.0,1,1.0,1,1.0,1,0.19894118277814038,53
5370,5,8923,4286,4637,0,0,0,1.0,1,1.0,1,1.0,1,0.2597477422812073,54
5371,3,8926,4288,4638,0,0,0,1.0,1,1.0,1,1.0,1,0.26802986951869595,53
5372,2,8928,4289,4639,0,0,0,1.0,1,1.0,1,1.0,1,0.3127045800951105,53
5373,2,8930,4289,4641,0,0,0,1.0,1,1.0,1,1.0,1,0.2671224967120406,52
5374,0,8930,4289,4641,0,0,0,1.0,1,1.0,1,1.0,1,0.25377316947597456,51
5375,1,8931,4289,4642,0,0,0,1.0,1,1.0,1,1.0,1,0.20376718591900406,52
5376,1,8932,4290,4642,0,0,0,1.0,1,1.0,1,1.0,1,0.22962322352213488,51
5377,1,8933,4291,4642,0,0,0,1.0,1,1.0,1,1.0,1,0.24255378282698087,52
5378,2,8935,4292,4643,0,0,0,1.0,1,1.0,1,1.0,1,0.2738897633339058,50
5379,0,8935,4292,4643,0,0,0,1.0,1,1.0,1,1.0,1,0.2738897633339058,50
5380,2,8937,4292,4645,0,0,0,1.0,1,1.0,1,1.0,1,0.26913369405724547,52
5381,0,8937,4292,4645,0,0,0,1.0,1,1.0,1,1.0,1,0.26913369405724547,52
5382,1,8938,4292,4646,0,0,0,1.0,1,1.0,1,1.0,1,0.2831738616670064,52
5383,0,8938,4292,4646,0,0,0,1.0,1,1.0,1,1.0,1,0.2717656675517017,51
5384,4,8942,4294,4648,0,0,0,1.0,1,1.0,1,1.0,1,0.253894184017044,52
5385,4,8946,4295,4651,0,0,0,1.0,1,1.0,1,1.0,1,0.23326797472867972,51
5386,2,8948,4296,4652,0,0,0,1.0,1,1.0,1,1.0,1,0.20056302423581285,52
5387,4,8952,4296,4656,0,0,0,1.0,1,1.0,1,1.0,1,0.16686087128046073,53
5388,0,8952,4296,4656,0,0,0,1.0,1,1.0,1,1.0,1,0.16782183038463086,54
5389,1,8953,4296,4657,0,0,0,1.0,1,1.0,1,1.0,1,0.13903590460809842,55
5390,3,8956,4298,4658,0,0,0,1.0,1,1.0,1,1.0,1,0.13020287748916148,56
5391,2,8958,4299,4659,0,0,0,1.0,1,1.0,1,1.0,1,0.11169984429741145,56
5392,3,8961,4301,4660,0,0,0,1.0,1,1.0,1,1.0,1,0.1462901699562521,56
5393,2,8963,4302,4661,0,0,0,1.0,1,1.0,1,1.0,1,0.14920958815554597,54
5394,1,8964,4303,4661,0,0,0,1.0,1,1.0,1,1.0,1,0.16526181228671435,53
5395,2,8966,4305,4661,0,0,0,1.0,1,1.0,1,1.0,1,0.16909504700143052,53
5396,3,8969,4306,4663,0,0,0,1.0,1,1.0,1,1.0,1,0.18380501515753203,54
5397,0,8969,4306,4663,0,0,0,1.0,1,1.0,1,1.0,1,0.17200443304305477,53
5398,2,8971,4307,4664,0,0,0,1.0,1,1.0,1,1.0,1,0.14787410380915486,53
5399,2,8973,4309,4664,0,0,0,1.0,1,1.0,1,1.0,1,0.19764988131389846,55
5400,3,8976,4309,4667,0,0,0,1.0,1,1.0,1,1.0,1,0.15154547043619496,55
5401,4,8980,4310,4670,0,0,0,1.0,1,1.0,1,1.0,1,0.16474168118150567,56
5402,0,8980,4310,4670,0,0,0,1.0,1,1.0,1,1.0,1,0.0,0
