,SuccessfulHandoverCount,TotalSuccessfulHandoverCount,TotalSuccessfulHandoverCountRange,TotalSuccessfulHandoverCountLoadBalancing,TotalSuccessfulHandoverCountOverload,FailedHandoverCount,TotalFailedHandoverCount,AvgQoS,MinQoS,AvgQoS_LoadBased,MinQoS_LoadBased,AvgQoS_RangeBased,MinQoS_RangeBased,GiniLoad,VehicleCount
0,0,0,0,0,0,0,0,1.0,1,1.0,1,1.0,1,0.0,0
1,16,16,0,16,0,0,0,1.0,1,1.0,1,1.0,1,0.2981687554246577,30
2,13,29,0,29,0,0,0,1.0,1,1.0,1,1.0,1,0.31202009050008755,32
3,12,41,0,41,0,0,0,1.0,1,1.0,1,1.0,1,0.29758167576404887,33
4,14,55,0,55,0,0,0,1.0,1,1.0,1,1.0,1,0.24429859528530384,34
5,1,56,0,56,0,0,0,1.0,1,1.0,1,1.0,1,0.20977612538493767,36
6,0,56,0,56,0,0,0,1.0,1,1.0,1,1.0,1,0.21411468637793216,38
7,0,56,0,56,0,0,0,1.0,1,1.0,1,1.0,1,0.20617083199219877,40
8,1,57,0,57,0,0,0,1.0,1,1.0,1,1.0,1,0.2003861804920439,40
9,0,57,0,57,0,0,0,1.0,1,1.0,1,1.0,1,0.2003861804920439,40
10,1,58,1,57,0,0,0,1.0,1,1.0,1,1.0,1,0.2398203516221621,41
11,0,58,1,57,0,0,0,1.0,1,1.0,1,1.0,1,0.21200207543957209,40
12,0,58,1,57,0,0,0,1.0,1,1.0,1,1.0,1,0.20075455147793364,39
13,2,60,2,58,0,0,0,1.0,1,1.0,1,1.0,1,0.21703909845528907,37
14,1,61,2,59,0,0,0,1.0,1,1.0,1,1.0,1,0.26219001528246216,35
15,1,62,3,59,0,0,0,1.0,1,1.0,1,1.0,1,0.22000629620196457,36
16,0,62,3,59,0,0,0,1.0,1,1.0,1,1.0,1,0.26753660281178493,34
17,0,62,3,59,0,0,0,1.0,1,1.0,1,1.0,1,0.2945828024082121,33
18,1,63,3,60,0,0,0,1.0,1,1.0,1,1.0,1,0.275500216176358,34
19,2,65,4,61,0,0,0,1.0,1,1.0,1,1.0,1,0.2907311450115698,34
20,0,65,4,61,0,0,0,1.0,1,1.0,1,1.0,1,0.2535421602673743,34
21,4,69,5,64,0,0,0,1.0,1,1.0,1,1.0,1,0.2412449036061561,36
22,0,69,5,64,0,0,0,1.0,1,1.0,1,1.0,1,0.24195272114783153,35
23,5,74,7,67,0,0,0,1.0,1,1.0,1,1.0,1,0.26106233271176327,35
24,2,76,9,67,0,0,0,1.0,1,1.0,1,1.0,1,0.255335500065292,35
25,5,81,13,68,0,0,0,1.0,1,1.0,1,1.0,1,0.31592307558039556,35
26,6,87,15,72,0,0,0,1.0,1,1.0,1,1.0,1,0.29418481956415227,36
27,2,89,17,72,0,0,0,1.0,1,1.0,1,1.0,1,0.24183173402460376,34
28,2,91,18,73,0,0,0,1.0,1,1.0,1,1.0,1,0.24908414442864713,35
29,3,94,18,76,0,0,0,1.0,1,1.0,1,1.0,1,0.10495808733406127,33
30,1,95,19,76,0,0,0,1.0,1,1.0,1,1.0,1,0.1620440215068238,33
31,1,96,20,76,0,0,0,1.0,1,1.0,1,1.0,1,0.18662304137723779,33
32,1,97,21,76,0,0,0,1.0,1,1.0,1,1.0,1,0.2298685731528659,32
33,1,98,21,77,0,0,0,1.0,1,1.0,1,1.0,1,0.22049969569240824,33
34,1,99,22,77,0,0,0,1.0,1,1.0,1,1.0,1,0.2684731118303382,33
35,1,100,22,78,0,0,0,1.0,1,1.0,1,1.0,1,0.23626814065598348,35
36,1,101,23,78,0,0,0,1.0,1,1.0,1,1.0,1,0.2721113712685676,36
37,2,103,24,79,0,0,0,1.0,1,1.0,1,1.0,1,0.23601632653456497,37
38,1,104,24,80,0,0,0,1.0,1,1.0,1,1.0,1,0.22918373314236554,36
39,2,106,24,82,0,0,0,1.0,1,1.0,1,1.0,1,0.21571576907679943,38
40,0,106,24,82,0,0,0,1.0,1,1.0,1,1.0,1,0.23515347230275277,40
41,0,106,24,82,0,0,0,1.0,1,1.0,1,1.0,1,0.23515347230275277,40
42,2,108,26,82,0,0,0,1.0,1,1.0,1,1.0,1,0.26386365577149257,40
43,4,112,27,85,0,0,0,1.0,1,1.0,1,1.0,1,0.2926346397229957,43
44,0,112,27,85,0,0,0,1.0,1,1.0,1,1.0,1,0.2926346397229957,43
45,2,114,27,87,0,0,0,1.0,1,1.0,1,1.0,1,0.25773859357139856,44
46,0,114,27,87,0,0,0,1.0,1,1.0,1,1.0,1,0.25773859357139856,44
47,1,115,28,87,0,0,0,1.0,1,1.0,1,1.0,1,0.2535728642267783,44
48,2,117,30,87,0,0,0,1.0,1,1.0,1,1.0,1,0.3152188812387639,44
49,1,118,31,87,0,0,0,1.0,1,1.0,1,1.0,1,0.297781029915081,41
50,1,119,32,87,0,0,0,1.0,1,1.0,1,1.0,1,0.31062003973921154,40
51,0,119,32,87,0,0,0,1.0,1,1.0,1,1.0,1,0.311813249703694,38
52,1,120,33,87,0,0,0,1.0,1,1.0,1,1.0,1,0.34789959152240846,37
53,0,120,33,87,0,0,0,1.0,1,1.0,1,1.0,1,0.3578614182449297,38
54,4,124,34,90,0,0,0,1.0,1,1.0,1,1.0,1,0.30440106145370155,38
55,1,125,34,91,0,0,0,1.0,1,1.0,1,1.0,1,0.28304756571663015,38
56,2,127,34,93,0,0,0,1.0,1,1.0,1,1.0,1,0.3165154460807079,38
57,2,129,34,95,0,0,0,1.0,1,1.0,1,1.0,1,0.27233247238364905,38
58,5,134,36,98,0,0,0,1.0,1,1.0,1,1.0,1,0.3050190318757328,38
59,1,135,36,99,0,0,0,1.0,1,1.0,1,1.0,1,0.2782892850645314,40
60,2,137,38,99,0,0,0,1.0,1,1.0,1,1.0,1,0.2841100185758473,40
61,0,137,38,99,0,0,0,1.0,1,1.0,1,1.0,1,0.28052519868492193,40
62,3,140,39,101,0,0,0,1.0,1,1.0,1,1.0,1,0.2800231598712006,42
63,3,143,40,103,0,0,0,1.0,1,1.0,1,1.0,1,0.2380320058988148,40
64,0,143,40,103,0,0,0,1.0,1,1.0,1,1.0,1,0.23611748943594812,41
65,1,144,41,103,0,0,0,1.0,1,1.0,1,1.0,1,0.2774075235154105,41
66,2,146,42,104,0,0,0,1.0,1,1.0,1,1.0,1,0.2982225411716392,41
67,1,147,43,104,0,0,0,1.0,1,1.0,1,1.0,1,0.3091528279925199,41
68,0,147,43,104,0,0,0,1.0,1,1.0,1,1.0,1,0.2927876205358169,41
69,2,149,43,106,0,0,0,1.0,1,1.0,1,1.0,1,0.28641071314397515,41
70,1,150,43,107,0,0,0,1.0,1,1.0,1,1.0,1,0.28560477731314365,42
71,1,151,44,107,0,0,0,1.0,1,1.0,1,1.0,1,0.2992043086292529,44
72,1,152,44,108,0,0,0,1.0,1,1.0,1,1.0,1,0.25839573851577885,44
73,1,153,44,109,0,0,0,1.0,1,1.0,1,1.0,1,0.27302819855198285,46
74,2,155,44,111,0,0,0,1.0,1,1.0,1,1.0,1,0.2730299267352675,44
75,2,157,45,112,0,0,0,1.0,1,1.0,1,1.0,1,0.23787718885408876,44
76,6,163,48,115,0,0,0,1.0,1,1.0,1,1.0,1,0.2952581568939625,45
77,4,167,48,119,0,0,0,1.0,1,1.0,1,1.0,1,0.20975799586754668,44
78,0,167,48,119,0,0,0,1.0,1,1.0,1,1.0,1,0.2324686852542254,44
79,1,168,48,120,0,0,0,1.0,1,1.0,1,1.0,1,0.24193800749422953,43
80,0,168,48,120,0,0,0,1.0,1,1.0,1,1.0,1,0.24193800749422953,43
81,4,172,51,121,0,0,0,1.0,1,1.0,1,1.0,1,0.2837859195522132,44
82,4,176,53,123,0,0,0,1.0,1,1.0,1,1.0,1,0.2604738544986196,45
83,3,179,55,124,0,0,0,1.0,1,1.0,1,1.0,1,0.27364774698130384,45
84,0,179,55,124,0,0,0,1.0,1,1.0,1,1.0,1,0.27364774698130384,45
85,1,180,56,124,0,0,0,1.0,1,1.0,1,1.0,1,0.27438395551834666,45
86,1,181,56,125,0,0,0,1.0,1,1.0,1,1.0,1,0.2382952262865813,45
87,0,181,56,125,0,0,0,1.0,1,1.0,1,1.0,1,0.2465898543838565,44
88,0,181,56,125,0,0,0,1.0,1,1.0,1,1.0,1,0.23814425026454747,45
89,0,181,56,125,0,0,0,1.0,1,1.0,1,1.0,1,0.25361897531476946,46
90,0,181,56,125,0,0,0,1.0,1,1.0,1,1.0,1,0.2838899696437303,44
91,1,182,57,125,0,0,0,1.0,1,1.0,1,1.0,1,0.28208016849027234,45
92,0,182,57,125,0,0,0,1.0,1,1.0,1,1.0,1,0.2941385319171356,46
93,0,182,57,125,0,0,0,1.0,1,1.0,1,1.0,1,0.2941385319171356,46
94,2,184,58,126,0,0,0,1.0,1,1.0,1,1.0,1,0.28145429197923716,46
95,1,185,58,127,0,0,0,1.0,1,1.0,1,1.0,1,0.28399068468408367,46
96,2,187,59,128,0,0,0,1.0,1,1.0,1,1.0,1,0.28144915214676275,46
97,0,187,59,128,0,0,0,1.0,1,1.0,1,1.0,1,0.2764363930662608,47
98,0,187,59,128,0,0,0,1.0,1,1.0,1,1.0,1,0.2764363930662608,47
99,0,187,59,128,0,0,0,1.0,1,1.0,1,1.0,1,0.28855775599027406,46
100,3,190,60,130,0,0,0,1.0,1,1.0,1,1.0,1,0.3072132613797682,48
101,3,193,61,132,0,0,0,1.0,1,1.0,1,1.0,1,0.2978287703598438,49
102,1,194,62,132,0,0,0,1.0,1,1.0,1,1.0,1,0.3066409144858085,49
103,3,197,63,134,0,0,0,1.0,1,1.0,1,1.0,1,0.24768957153005103,48
104,5,202,65,137,0,0,0,1.0,1,1.0,1,1.0,1,0.2669083473119514,49
105,5,207,68,139,0,0,0,1.0,1,1.0,1,1.0,1,0.22831510921234824,48
106,1,208,69,139,0,0,0,1.0,1,1.0,1,1.0,1,0.2318116404265897,48
107,1,209,70,139,0,0,0,1.0,1,1.0,1,1.0,1,0.24598768864506554,47
108,0,209,70,139,0,0,0,1.0,1,1.0,1,1.0,1,0.24143188570242957,47
109,5,214,72,142,0,0,0,1.0,1,1.0,1,1.0,1,0.24060404790702286,47
110,2,216,73,143,0,0,0,1.0,1,1.0,1,1.0,1,0.2551440857954586,47
111,3,219,75,144,0,0,0,1.0,1,1.0,1,1.0,1,0.1712246294910856,46
112,2,221,77,144,0,0,0,1.0,1,1.0,1,1.0,1,0.18671346849259265,46
113,2,223,78,145,0,0,0,1.0,1,1.0,1,1.0,1,0.13691681777228923,45
114,1,224,79,145,0,0,0,1.0,1,1.0,1,1.0,1,0.1596563136983617,46
115,1,225,80,145,0,0,0,1.0,1,1.0,1,1.0,1,0.18531313872602176,47
116,0,225,80,145,0,0,0,1.0,1,1.0,1,1.0,1,0.1704103278401941,48
117,4,229,84,145,0,0,0,1.0,1,1.0,1,1.0,1,0.22606968414862513,48
118,1,230,84,146,0,0,0,1.0,1,1.0,1,1.0,1,0.2310333911764661,49
119,1,231,85,146,0,0,0,1.0,1,1.0,1,1.0,1,0.24430952813128753,50
120,1,232,85,147,0,0,0,1.0,1,1.0,1,1.0,1,0.20602604356826465,51
121,2,234,85,149,0,0,0,1.0,1,1.0,1,1.0,1,0.17732329431320598,51
122,0,234,85,149,0,0,0,1.0,1,1.0,1,1.0,1,0.17732329431320598,51
123,0,234,85,149,0,0,0,1.0,1,1.0,1,1.0,1,0.17732329431320598,51
124,1,235,85,150,0,0,0,1.0,1,1.0,1,1.0,1,0.1757432621239056,51
125,2,237,85,152,0,0,0,1.0,1,1.0,1,1.0,1,0.19713982941613128,50
126,3,240,87,153,0,0,0,1.0,1,1.0,1,1.0,1,0.1535374366555395,52
127,0,240,87,153,0,0,0,1.0,1,1.0,1,1.0,1,0.17427466258251498,50
128,3,243,89,154,0,0,0,1.0,1,1.0,1,1.0,1,0.14153981286767406,50
129,1,244,89,155,0,0,0,1.0,1,1.0,1,1.0,1,0.15454869511899685,52
130,2,246,90,156,0,0,0,1.0,1,1.0,1,1.0,1,0.17586751580521792,52
131,0,246,90,156,0,0,0,1.0,1,1.0,1,1.0,1,0.19136345608627045,54
132,2,248,91,157,0,0,0,1.0,1,1.0,1,1.0,1,0.17199315518897385,54
133,1,249,91,158,0,0,0,1.0,1,1.0,1,1.0,1,0.14746573482216654,52
134,0,249,91,158,0,0,0,1.0,1,1.0,1,1.0,1,0.14746582968629898,52
135,5,254,96,158,0,0,0,1.0,1,1.0,1,1.0,1,0.22297138270513964,51
136,3,257,97,160,0,0,0,1.0,1,1.0,1,1.0,1,0.21498481925138324,51
137,4,261,98,163,0,0,0,1.0,1,1.0,1,1.0,1,0.11887128860886241,50
138,1,262,99,163,0,0,0,1.0,1,1.0,1,1.0,1,0.11735592419627167,52
139,3,265,101,164,0,0,0,1.0,1,1.0,1,1.0,1,0.15259351176815586,51
140,1,266,102,164,0,0,0,1.0,1,1.0,1,1.0,1,0.16580351292791168,51
141,3,269,103,166,0,0,0,1.0,1,1.0,1,1.0,1,0.1787313352330191,50
142,2,271,105,166,0,0,0,1.0,1,1.0,1,1.0,1,0.1604442158323842,51
143,1,272,106,166,0,0,0,1.0,1,1.0,1,1.0,1,0.16155071918272146,48
144,2,274,108,166,0,0,0,1.0,1,1.0,1,1.0,1,0.19824978367186022,49
145,5,279,112,167,0,0,0,1.0,1,1.0,1,1.0,1,0.09846448011517528,47
146,4,283,114,169,0,0,0,1.0,1,1.0,1,1.0,1,0.113954563354043,49
147,0,283,114,169,0,0,0,1.0,1,1.0,1,1.0,1,0.1451028182653232,46
148,1,284,115,169,0,0,0,1.0,1,1.0,1,1.0,1,0.12688504139501722,47
149,2,286,116,170,0,0,0,1.0,1,1.0,1,1.0,1,0.14432005068327883,46
150,0,286,116,170,0,0,0,1.0,1,1.0,1,1.0,1,0.12612005184811773,47
151,2,288,118,170,0,0,0,1.0,1,1.0,1,1.0,1,0.16304517438965185,46
152,0,288,118,170,0,0,0,1.0,1,1.0,1,1.0,1,0.18398515898235182,45
153,1,289,118,171,0,0,0,1.0,1,1.0,1,1.0,1,0.17327035769396654,46
154,0,289,118,171,0,0,0,1.0,1,1.0,1,1.0,1,0.18480534329108564,44
155,3,292,120,172,0,0,0,1.0,1,1.0,1,1.0,1,0.1767316760729016,45
156,2,294,122,172,0,0,0,1.0,1,1.0,1,1.0,1,0.23848689153793134,43
157,1,295,122,173,0,0,0,1.0,1,1.0,1,1.0,1,0.22508507217251394,42
158,2,297,122,175,0,0,0,1.0,1,1.0,1,1.0,1,0.208408702704262,43
159,1,298,123,175,0,0,0,1.0,1,1.0,1,1.0,1,0.2583372104910594,44
160,2,300,124,176,0,0,0,1.0,1,1.0,1,1.0,1,0.2544630380159631,44
161,5,305,126,179,0,0,0,1.0,1,1.0,1,1.0,1,0.2153028104849673,44
162,1,306,127,179,0,0,0,1.0,1,1.0,1,1.0,1,0.23075022932060846,44
163,10,316,133,183,0,0,0,1.0,1,1.0,1,1.0,1,0.24043631802262644,44
164,5,321,137,184,0,0,0,1.0,1,1.0,1,1.0,1,0.3182186609640075,44
165,7,328,138,190,0,0,0,1.0,1,1.0,1,1.0,1,0.16950766450894683,43
166,1,329,138,191,0,0,0,1.0,1,1.0,1,1.0,1,0.1671570982947303,43
167,0,329,138,191,0,0,0,1.0,1,1.0,1,1.0,1,0.16656278500239968,42
168,0,329,138,191,0,0,0,1.0,1,1.0,1,1.0,1,0.20107621293324376,40
169,3,332,139,193,0,0,0,1.0,1,1.0,1,1.0,1,0.11371144097858273,41
170,0,332,139,193,0,0,0,1.0,1,1.0,1,1.0,1,0.14919341348101134,39
171,1,333,140,193,0,0,0,1.0,1,1.0,1,1.0,1,0.20408291539418386,39
172,0,333,140,193,0,0,0,1.0,1,1.0,1,1.0,1,0.17980154050513247,38
173,1,334,141,193,0,0,0,1.0,1,1.0,1,1.0,1,0.2160700853239819,38
174,1,335,142,193,0,0,0,1.0,1,1.0,1,1.0,1,0.16200003658906553,37
175,2,337,144,193,0,0,0,1.0,1,1.0,1,1.0,1,0.2175284235489327,36
176,3,340,147,193,0,0,0,1.0,1,1.0,1,1.0,1,0.24820232891258923,36
177,1,341,148,193,0,0,0,1.0,1,1.0,1,1.0,1,0.24257698472120037,38
178,1,342,149,193,0,0,0,1.0,1,1.0,1,1.0,1,0.27700659291763413,39
179,3,345,149,196,0,0,0,1.0,1,1.0,1,1.0,1,0.25041443384524226,40
180,2,347,150,197,0,0,0,1.0,1,1.0,1,1.0,1,0.24368183519912173,40
181,1,348,150,198,0,0,0,1.0,1,1.0,1,1.0,1,0.24521242244725402,39
182,2,350,151,199,0,0,0,1.0,1,1.0,1,1.0,1,0.22053706895857453,40
183,1,351,152,199,0,0,0,1.0,1,1.0,1,1.0,1,0.2699964816814553,40
184,0,351,152,199,0,0,0,1.0,1,1.0,1,1.0,1,0.2917240247299064,38
185,2,353,152,201,0,0,0,1.0,1,1.0,1,1.0,1,0.2559901681292222,38
186,3,356,154,202,0,0,0,1.0,1,1.0,1,1.0,1,0.2503733831597516,37
187,1,357,155,202,0,0,0,1.0,1,1.0,1,1.0,1,0.2656239024267805,36
188,5,362,158,204,0,0,0,1.0,1,1.0,1,1.0,1,0.24787028687224275,36
189,3,365,159,206,0,0,0,1.0,1,1.0,1,1.0,1,0.16857763216117544,36
190,2,367,160,207,0,0,0,1.0,1,1.0,1,1.0,1,0.19880210076351018,36
191,1,368,161,207,0,0,0,1.0,1,1.0,1,1.0,1,0.2120777203576134,37
192,1,369,161,208,0,0,0,1.0,1,1.0,1,1.0,1,0.19512482382253515,37
193,0,369,161,208,0,0,0,1.0,1,1.0,1,1.0,1,0.19841384067901693,38
194,2,371,161,210,0,0,0,1.0,1,1.0,1,1.0,1,0.16834004905124153,39
195,2,373,163,210,0,0,0,1.0,1,1.0,1,1.0,1,0.2002620138512218,40
196,1,374,164,210,0,0,0,1.0,1,1.0,1,1.0,1,0.19805216492089311,40
197,1,375,164,211,0,0,0,1.0,1,1.0,1,1.0,1,0.21865897374268234,40
198,1,376,165,211,0,0,0,1.0,1,1.0,1,1.0,1,0.23250989017582951,40
199,2,378,166,212,0,0,0,1.0,1,1.0,1,1.0,1,0.21776323541868214,40
200,0,378,166,212,0,0,0,1.0,1,1.0,1,1.0,1,0.21776323541868214,40
201,2,380,168,212,0,0,0,1.0,1,1.0,1,1.0,1,0.2295498422654186,39
202,0,380,168,212,0,0,0,1.0,1,1.0,1,1.0,1,0.22249396443743275,40
203,2,382,170,212,0,0,0,1.0,1,1.0,1,1.0,1,0.21508829171180643,39
204,2,384,171,213,0,0,0,1.0,1,1.0,1,1.0,1,0.16126428625744013,38
205,2,386,173,213,0,0,0,1.0,1,1.0,1,1.0,1,0.16932110152847218,37
206,0,386,173,213,0,0,0,1.0,1,1.0,1,1.0,1,0.20187364507688368,36
207,1,387,174,213,0,0,0,1.0,1,1.0,1,1.0,1,0.23469434266297567,37
208,0,387,174,213,0,0,0,1.0,1,1.0,1,1.0,1,0.25445832993477085,36
209,3,390,175,215,0,0,0,1.0,1,1.0,1,1.0,1,0.24717380526389265,36
210,2,392,176,216,0,0,0,1.0,1,1.0,1,1.0,1,0.2748064090579676,36
211,0,392,176,216,0,0,0,1.0,1,1.0,1,1.0,1,0.27692229891104014,34
212,2,394,177,217,0,0,0,1.0,1,1.0,1,1.0,1,0.3018795717691336,34
213,1,395,177,218,0,0,0,1.0,1,1.0,1,1.0,1,0.28926320615665496,36
214,1,396,177,219,0,0,0,1.0,1,1.0,1,1.0,1,0.25881153048838856,35
215,2,398,178,220,0,0,0,1.0,1,1.0,1,1.0,1,0.23425100875758828,35
216,1,399,178,221,0,0,0,1.0,1,1.0,1,1.0,1,0.22042392204158892,37
217,2,401,179,222,0,0,0,1.0,1,1.0,1,1.0,1,0.21063287253710905,37
218,5,406,183,223,0,0,0,1.0,1,1.0,1,1.0,1,0.24885061550677867,37
219,2,408,184,224,0,0,0,1.0,1,1.0,1,1.0,1,0.2506266002376046,37
220,1,409,185,224,0,0,0,1.0,1,1.0,1,1.0,1,0.2336885605270889,38
221,3,412,187,225,0,0,0,1.0,1,1.0,1,1.0,1,0.16006535302798758,39
222,1,413,188,225,0,0,0,1.0,1,1.0,1,1.0,1,0.15217287791786907,39
223,2,415,189,226,0,0,0,1.0,1,1.0,1,1.0,1,0.18468094031314042,40
224,4,419,192,227,0,0,0,1.0,1,1.0,1,1.0,1,0.17050351074686174,40
225,1,420,192,228,0,0,0,1.0,1,1.0,1,1.0,1,0.14295355898012302,39
226,2,422,194,228,0,0,0,1.0,1,1.0,1,1.0,1,0.17376920427544731,39
227,2,424,195,229,0,0,0,1.0,1,1.0,1,1.0,1,0.18356841293605164,39
228,3,427,198,229,0,0,0,1.0,1,1.0,1,1.0,1,0.24568909221409382,38
229,4,431,199,232,0,0,0,1.0,1,1.0,1,1.0,1,0.24135270429753627,39
230,2,433,201,232,0,0,0,1.0,1,1.0,1,1.0,1,0.23435801819783514,38
231,2,435,202,233,0,0,0,1.0,1,1.0,1,1.0,1,0.23702706078850275,38
232,3,438,203,235,0,0,0,1.0,1,1.0,1,1.0,1,0.2006008710153153,37
233,3,441,205,236,0,0,0,1.0,1,1.0,1,1.0,1,0.18677195757891726,36
234,0,441,205,236,0,0,0,1.0,1,1.0,1,1.0,1,0.21499450492636712,34
235,1,442,206,236,0,0,0,1.0,1,1.0,1,1.0,1,0.2685515450579669,34
236,0,442,206,236,0,0,0,1.0,1,1.0,1,1.0,1,0.30122558411886524,33
237,1,443,206,237,0,0,0,1.0,1,1.0,1,1.0,1,0.3083992161473132,32
238,0,443,206,237,0,0,0,1.0,1,1.0,1,1.0,1,0.3124851511754593,32
239,3,446,208,238,0,0,0,1.0,1,1.0,1,1.0,1,0.2623571018835057,31
240,0,446,208,238,0,0,0,1.0,1,1.0,1,1.0,1,0.2959084329564948,28
241,1,447,209,238,0,0,0,1.0,1,1.0,1,1.0,1,0.3243430649074206,27
242,2,449,209,240,0,0,0,1.0,1,1.0,1,1.0,1,0.3052420251475501,29
243,1,450,210,240,0,0,0,1.0,1,1.0,1,1.0,1,0.30106738543172523,28
244,0,450,210,240,0,0,0,1.0,1,1.0,1,1.0,1,0.31237209986097714,28
245,2,452,211,241,0,0,0,1.0,1,1.0,1,1.0,1,0.25362085470064355,27
246,2,454,213,241,0,0,0,1.0,1,1.0,1,1.0,1,0.2965760265348284,25
247,1,455,214,241,0,0,0,1.0,1,1.0,1,1.0,1,0.3217974669647967,26
248,1,456,214,242,0,0,0,1.0,1,1.0,1,1.0,1,0.2806220449023077,27
249,1,457,215,242,0,0,0,1.0,1,1.0,1,1.0,1,0.30819885791307894,26
250,2,459,215,244,0,0,0,1.0,1,1.0,1,1.0,1,0.2921941142772713,27
251,0,459,215,244,0,0,0,1.0,1,1.0,1,1.0,1,0.3080406105782718,28
252,3,462,216,246,0,0,0,1.0,1,1.0,1,1.0,1,0.2607480587593576,28
253,0,462,216,246,0,0,0,1.0,1,1.0,1,1.0,1,0.24353758687479754,28
254,0,462,216,246,0,0,0,1.0,1,1.0,1,1.0,1,0.2726261614911823,29
255,2,464,217,247,0,0,0,1.0,1,1.0,1,1.0,1,0.3188176345356012,30
256,0,464,217,247,0,0,0,1.0,1,1.0,1,1.0,1,0.3188176345356012,30
257,4,468,218,250,0,0,0,1.0,1,1.0,1,1.0,1,0.32171153098329935,32
258,2,470,220,250,0,0,0,1.0,1,1.0,1,1.0,1,0.3139270876593335,32
259,0,470,220,250,0,0,0,1.0,1,1.0,1,1.0,1,0.3139270876593335,32
260,1,471,220,251,0,0,0,1.0,1,1.0,1,1.0,1,0.24030452290302293,34
261,0,471,220,251,0,0,0,1.0,1,1.0,1,1.0,1,0.25062014013525863,35
262,3,474,223,251,0,0,0,1.0,1,1.0,1,1.0,1,0.34186990206519263,36
263,0,474,223,251,0,0,0,1.0,1,1.0,1,1.0,1,0.3154054589160494,34
264,2,476,225,251,0,0,0,1.0,1,1.0,1,1.0,1,0.38240956442844354,34
265,1,477,225,252,0,0,0,1.0,1,1.0,1,1.0,1,0.40343666488224866,33
266,1,478,225,253,0,0,0,1.0,1,1.0,1,1.0,1,0.3705326814618807,34
267,0,478,225,253,0,0,0,1.0,1,1.0,1,1.0,1,0.36398629689696044,33
268,1,479,225,254,0,0,0,1.0,1,1.0,1,1.0,1,0.35942709098816533,34
269,2,481,227,254,0,0,0,1.0,1,1.0,1,1.0,1,0.3482982914855921,34
270,2,483,227,256,0,0,0,1.0,1,1.0,1,1.0,1,0.3188414907943966,36
271,0,483,227,256,0,0,0,1.0,1,1.0,1,1.0,1,0.3188414907943966,36
272,1,484,227,257,0,0,0,1.0,1,1.0,1,1.0,1,0.30974800487908793,38
273,0,484,227,257,0,0,0,1.0,1,1.0,1,1.0,1,0.30974800487908793,38
274,3,487,229,258,0,0,0,1.0,1,1.0,1,1.0,1,0.25421876601907784,38
275,1,488,229,259,0,0,0,1.0,1,1.0,1,1.0,1,0.23037543808641192,38
276,0,488,229,259,0,0,0,1.0,1,1.0,1,1.0,1,0.2370889894887049,39
277,1,489,230,259,0,0,0,1.0,1,1.0,1,1.0,1,0.24884748034557577,38
278,0,489,230,259,0,0,0,1.0,1,1.0,1,1.0,1,0.2617403197875456,38
279,0,489,230,259,0,0,0,1.0,1,1.0,1,1.0,1,0.24880907723041948,38
280,0,489,230,259,0,0,0,1.0,1,1.0,1,1.0,1,0.28713988636233506,38
281,0,489,230,259,0,0,0,1.0,1,1.0,1,1.0,1,0.28212306111930446,38
282,0,489,230,259,0,0,0,1.0,1,1.0,1,1.0,1,0.28177682933802706,38
283,1,490,231,259,0,0,0,1.0,1,1.0,1,1.0,1,0.3106635265570663,38
284,1,491,231,260,0,0,0,1.0,1,1.0,1,1.0,1,0.2944198623566285,39
285,1,492,232,260,0,0,0,1.0,1,1.0,1,1.0,1,0.3374412186027048,39
286,0,492,232,260,0,0,0,1.0,1,1.0,1,1.0,1,0.3374412186027048,39
287,3,495,233,262,0,0,0,1.0,1,1.0,1,1.0,1,0.3552337548034913,39
288,2,497,233,264,0,0,0,1.0,1,1.0,1,1.0,1,0.29280397623926974,39
289,0,497,233,264,0,0,0,1.0,1,1.0,1,1.0,1,0.29280397623926974,39
290,0,497,233,264,0,0,0,1.0,1,1.0,1,1.0,1,0.2930689579466668,39
291,1,498,233,265,0,0,0,1.0,1,1.0,1,1.0,1,0.2737232908850049,39
292,2,500,233,267,0,0,0,1.0,1,1.0,1,1.0,1,0.22957116804566746,40
293,2,502,233,269,0,0,0,1.0,1,1.0,1,1.0,1,0.19406695806686386,41
294,2,504,234,270,0,0,0,1.0,1,1.0,1,1.0,1,0.1611040426798378,40
295,4,508,237,271,0,0,0,1.0,1,1.0,1,1.0,1,0.18314461832245651,42
296,3,511,240,271,0,0,0,1.0,1,1.0,1,1.0,1,0.17674886758513894,42
297,4,515,242,273,0,0,0,1.0,1,1.0,1,1.0,1,0.14806959531431582,43
298,2,517,243,274,0,0,0,1.0,1,1.0,1,1.0,1,0.19732128160908263,44
299,2,519,244,275,0,0,0,1.0,1,1.0,1,1.0,1,0.1901739890722214,44
300,1,520,244,276,0,0,0,1.0,1,1.0,1,1.0,1,0.19295645233048742,45
301,4,524,247,277,0,0,0,1.0,1,1.0,1,1.0,1,0.20858583775956127,47
302,5,529,249,280,0,0,0,1.0,1,1.0,1,1.0,1,0.18539422184058,46
303,2,531,250,281,0,0,0,1.0,1,1.0,1,1.0,1,0.18866233678442948,45
304,1,532,251,281,0,0,0,1.0,1,1.0,1,1.0,1,0.192145443057731,45
305,2,534,251,283,0,0,0,1.0,1,1.0,1,1.0,1,0.16502944185950305,43
306,3,537,252,285,0,0,0,1.0,1,1.0,1,1.0,1,0.19686593007212835,44
307,1,538,253,285,0,0,0,1.0,1,1.0,1,1.0,1,0.21977713726034295,42
308,2,540,255,285,0,0,0,1.0,1,1.0,1,1.0,1,0.22631346516036496,41
309,3,543,255,288,0,0,0,1.0,1,1.0,1,1.0,1,0.15015427957097124,42
310,0,543,255,288,0,0,0,1.0,1,1.0,1,1.0,1,0.15101055449533496,41
311,0,543,255,288,0,0,0,1.0,1,1.0,1,1.0,1,0.15101055449533496,41
312,0,543,255,288,0,0,0,1.0,1,1.0,1,1.0,1,0.12991437141021397,44
313,0,543,255,288,0,0,0,1.0,1,1.0,1,1.0,1,0.1382843607118192,43
314,1,544,256,288,0,0,0,1.0,1,1.0,1,1.0,1,0.14201211698902524,43
315,2,546,257,289,0,0,0,1.0,1,1.0,1,1.0,1,0.1862707917602962,43
316,0,546,257,289,0,0,0,1.0,1,1.0,1,1.0,1,0.1862707917602962,43
317,1,547,257,290,0,0,0,1.0,1,1.0,1,1.0,1,0.1438396598745355,44
318,2,549,259,290,0,0,0,1.0,1,1.0,1,1.0,1,0.2067167836422599,45
319,1,550,259,291,0,0,0,1.0,1,1.0,1,1.0,1,0.17034007618469307,46
320,1,551,260,291,0,0,0,1.0,1,1.0,1,1.0,1,0.2303640767028617,45
321,0,551,260,291,0,0,0,1.0,1,1.0,1,1.0,1,0.21543717284209188,44
322,0,551,260,291,0,0,0,1.0,1,1.0,1,1.0,1,0.2398605366780724,42
323,4,555,262,293,0,0,0,1.0,1,1.0,1,1.0,1,0.18038961067373047,42
324,0,555,262,293,0,0,0,1.0,1,1.0,1,1.0,1,0.19195480237090654,43
325,3,558,264,294,0,0,0,1.0,1,1.0,1,1.0,1,0.23119000352916932,43
326,1,559,264,295,0,0,0,1.0,1,1.0,1,1.0,1,0.20178176360242456,43
327,3,562,266,296,0,0,0,1.0,1,1.0,1,1.0,1,0.23787402559133122,44
328,1,563,266,297,0,0,0,1.0,1,1.0,1,1.0,1,0.21219677702510648,44
329,0,563,266,297,0,0,0,1.0,1,1.0,1,1.0,1,0.19486173743182325,45
330,1,564,266,298,0,0,0,1.0,1,1.0,1,1.0,1,0.18133514956343993,46
331,0,564,266,298,0,0,0,1.0,1,1.0,1,1.0,1,0.18133514956343993,46
332,0,564,266,298,0,0,0,1.0,1,1.0,1,1.0,1,0.16427309762566034,47
333,0,564,266,298,0,0,0,1.0,1,1.0,1,1.0,1,0.17751136930482703,48
334,0,564,266,298,0,0,0,1.0,1,1.0,1,1.0,1,0.17751136930482703,48
335,1,565,267,298,0,0,0,1.0,1,1.0,1,1.0,1,0.1788272200424976,49
336,2,567,267,300,0,0,0,1.0,1,1.0,1,1.0,1,0.18222448214449202,50
337,3,570,268,302,0,0,0,1.0,1,1.0,1,1.0,1,0.1706197669803068,51
338,0,570,268,302,0,0,0,1.0,1,1.0,1,1.0,1,0.1706197669803068,51
339,2,572,269,303,0,0,0,1.0,1,1.0,1,1.0,1,0.15774070738543675,51
340,1,573,270,303,0,0,0,1.0,1,1.0,1,1.0,1,0.18033107687399816,51
341,1,574,270,304,0,0,0,1.0,1,1.0,1,1.0,1,0.17141812512032098,51
342,1,575,271,304,0,0,0,1.0,1,1.0,1,1.0,1,0.1994672960663939,51
343,2,577,271,306,0,0,0,1.0,1,1.0,1,1.0,1,0.17082428420300064,51
344,0,577,271,306,0,0,0,1.0,1,1.0,1,1.0,1,0.17004229964056905,50
345,0,577,271,306,0,0,0,1.0,1,1.0,1,1.0,1,0.17004229964056905,50
346,3,580,273,307,0,0,0,1.0,1,1.0,1,1.0,1,0.2235651810900028,50
347,1,581,273,308,0,0,0,1.0,1,1.0,1,1.0,1,0.20759669431217603,51
348,2,583,275,308,0,0,0,1.0,1,1.0,1,1.0,1,0.23515178193693612,52
349,3,586,277,309,0,0,0,1.0,1,1.0,1,1.0,1,0.22478767605627958,54
350,4,590,277,313,0,0,0,1.0,1,1.0,1,1.0,1,0.21475595241544798,54
351,2,592,279,313,0,0,0,1.0,1,1.0,1,1.0,1,0.2136601253680061,54
352,3,595,280,315,0,0,0,1.0,1,1.0,1,1.0,1,0.23286225390302076,56
353,2,597,282,315,0,0,0,1.0,1,1.0,1,1.0,1,0.17838824144131724,54
354,0,597,282,315,0,0,0,1.0,1,1.0,1,1.0,1,0.19483270169037065,53
355,2,599,283,316,0,0,0,1.0,1,1.0,1,1.0,1,0.17128550878728818,54
356,1,600,284,316,0,0,0,1.0,1,1.0,1,1.0,1,0.20068591378994668,54
357,5,605,289,316,0,0,0,1.0,1,1.0,1,1.0,1,0.28482658125316535,53
358,2,607,289,318,0,0,0,1.0,1,1.0,1,1.0,1,0.27359423921201653,49
359,0,607,289,318,0,0,0,1.0,1,1.0,1,1.0,1,0.264407652956198,48
360,0,607,289,318,0,0,0,1.0,1,1.0,1,1.0,1,0.2828660757993311,47
361,2,609,289,320,0,0,0,1.0,1,1.0,1,1.0,1,0.22328620789982434,46
362,0,609,289,320,0,0,0,1.0,1,1.0,1,1.0,1,0.22427849248214535,46
363,1,610,290,320,0,0,0,1.0,1,1.0,1,1.0,1,0.21349992484923963,47
364,1,611,290,321,0,0,0,1.0,1,1.0,1,1.0,1,0.19669389212448943,47
365,0,611,290,321,0,0,0,1.0,1,1.0,1,1.0,1,0.19669389212448943,47
366,3,614,292,322,0,0,0,1.0,1,1.0,1,1.0,1,0.23975054962808887,50
367,0,614,292,322,0,0,0,1.0,1,1.0,1,1.0,1,0.23975054962808887,50
368,0,614,292,322,0,0,0,1.0,1,1.0,1,1.0,1,0.22633984913027566,51
369,1,615,292,323,0,0,0,1.0,1,1.0,1,1.0,1,0.22463021237001202,51
370,1,616,292,324,0,0,0,1.0,1,1.0,1,1.0,1,0.20393507338770253,51
371,1,617,292,325,0,0,0,1.0,1,1.0,1,1.0,1,0.23621484209725488,52
372,0,617,292,325,0,0,0,1.0,1,1.0,1,1.0,1,0.2358752351658316,53
373,2,619,294,325,0,0,0,1.0,1,1.0,1,1.0,1,0.23437179226226473,53
374,2,621,294,327,0,0,0,1.0,1,1.0,1,1.0,1,0.2209295993663819,53
375,7,628,298,330,0,0,0,1.0,1,1.0,1,1.0,1,0.2014409654539345,53
376,0,628,298,330,0,0,0,1.0,1,1.0,1,1.0,1,0.2014409654539345,53
377,3,631,300,331,0,0,0,1.0,1,1.0,1,1.0,1,0.18137274406531587,53
378,1,632,301,331,0,0,0,1.0,1,1.0,1,1.0,1,0.16588975096252012,53
379,1,633,302,331,0,0,0,1.0,1,1.0,1,1.0,1,0.1814180971607606,54
380,3,636,305,331,0,0,0,1.0,1,1.0,1,1.0,1,0.1779119570082298,54
381,1,637,306,331,0,0,0,1.0,1,1.0,1,1.0,1,0.18739074578454398,54
382,2,639,308,331,0,0,0,1.0,1,1.0,1,1.0,1,0.18856918358625338,55
383,2,641,310,331,0,0,0,1.0,1,1.0,1,1.0,1,0.19291262869270237,55
384,2,643,310,333,0,0,0,1.0,1,1.0,1,1.0,1,0.17818674544437504,54
385,2,645,310,335,0,0,0,1.0,1,1.0,1,1.0,1,0.15030896942755217,52
386,1,646,311,335,0,0,0,1.0,1,1.0,1,1.0,1,0.16094920659871678,52
387,3,649,313,336,0,0,0,1.0,1,1.0,1,1.0,1,0.16686813154736033,50
388,2,651,314,337,0,0,0,1.0,1,1.0,1,1.0,1,0.16768604490642952,52
389,2,653,314,339,0,0,0,1.0,1,1.0,1,1.0,1,0.1685712697769207,51
390,2,655,316,339,0,0,0,1.0,1,1.0,1,1.0,1,0.1639121396994053,50
391,3,658,318,340,0,0,0,1.0,1,1.0,1,1.0,1,0.21548084586069588,49
392,3,661,320,341,0,0,0,1.0,1,1.0,1,1.0,1,0.23455731270378308,47
393,1,662,321,341,0,0,0,1.0,1,1.0,1,1.0,1,0.2638257909391946,47
394,4,666,323,343,0,0,0,1.0,1,1.0,1,1.0,1,0.25745181703246567,48
395,5,671,324,347,0,0,0,1.0,1,1.0,1,1.0,1,0.2648789066382083,46
396,3,674,326,348,0,0,0,1.0,1,1.0,1,1.0,1,0.29154246389323524,43
397,2,676,326,350,0,0,0,1.0,1,1.0,1,1.0,1,0.2764042527734072,42
398,2,678,327,351,0,0,0,1.0,1,1.0,1,1.0,1,0.30909557041320834,40
399,0,678,327,351,0,0,0,1.0,1,1.0,1,1.0,1,0.2981251124342276,39
400,2,680,328,352,0,0,0,1.0,1,1.0,1,1.0,1,0.23678938749388093,38
401,1,681,328,353,0,0,0,1.0,1,1.0,1,1.0,1,0.2470246326930751,37
402,1,682,329,353,0,0,0,1.0,1,1.0,1,1.0,1,0.2259648400670392,36
403,1,683,330,353,0,0,0,1.0,1,1.0,1,1.0,1,0.18832631421789625,38
404,1,684,331,353,0,0,0,1.0,1,1.0,1,1.0,1,0.23566252492584783,39
405,2,686,331,355,0,0,0,1.0,1,1.0,1,1.0,1,0.18245002065290533,40
406,1,687,331,356,0,0,0,1.0,1,1.0,1,1.0,1,0.18214483818560778,41
407,0,687,331,356,0,0,0,1.0,1,1.0,1,1.0,1,0.16739018678824996,42
408,0,687,331,356,0,0,0,1.0,1,1.0,1,1.0,1,0.1755183202565641,43
409,1,688,332,356,0,0,0,1.0,1,1.0,1,1.0,1,0.21874613047382588,44
410,0,688,332,356,0,0,0,1.0,1,1.0,1,1.0,1,0.23153482167983402,46
411,1,689,333,356,0,0,0,1.0,1,1.0,1,1.0,1,0.2550971167014298,46
412,2,691,333,358,0,0,0,1.0,1,1.0,1,1.0,1,0.25068105161397075,47
413,1,692,334,358,0,0,0,1.0,1,1.0,1,1.0,1,0.2771120849079089,47
414,0,692,334,358,0,0,0,1.0,1,1.0,1,1.0,1,0.2771120849079089,47
415,2,694,335,359,0,0,0,1.0,1,1.0,1,1.0,1,0.25233886269105255,48
416,0,694,335,359,0,0,0,1.0,1,1.0,1,1.0,1,0.2585837157442654,49
417,0,694,335,359,0,0,0,1.0,1,1.0,1,1.0,1,0.2585837157442654,49
418,3,697,336,361,0,0,0,1.0,1,1.0,1,1.0,1,0.23568257538746198,50
419,1,698,336,362,0,0,0,1.0,1,1.0,1,1.0,1,0.21796241567389146,50
420,1,699,337,362,0,0,0,1.0,1,1.0,1,1.0,1,0.21411104867013642,50
421,1,700,337,363,0,0,0,1.0,1,1.0,1,1.0,1,0.20203323085191666,50
422,2,702,337,365,0,0,0,1.0,1,1.0,1,1.0,1,0.19897731616084774,50
423,3,705,340,365,0,0,0,1.0,1,1.0,1,1.0,1,0.23484612053152557,51
424,0,705,340,365,0,0,0,1.0,1,1.0,1,1.0,1,0.23156770677436367,49
425,1,706,341,365,0,0,0,1.0,1,1.0,1,1.0,1,0.2680271321074112,48
426,2,708,341,367,0,0,0,1.0,1,1.0,1,1.0,1,0.22683630974317984,50
427,5,713,344,369,0,0,0,1.0,1,1.0,1,1.0,1,0.2504994167380699,48
428,5,718,347,371,0,0,0,1.0,1,1.0,1,1.0,1,0.30633656088492955,49
429,3,721,348,373,0,0,0,1.0,1,1.0,1,1.0,1,0.2713561603371634,45
430,3,724,349,375,0,0,0,1.0,1,1.0,1,1.0,1,0.23597923029565512,44
431,2,726,349,377,0,0,0,1.0,1,1.0,1,1.0,1,0.20592814704623394,42
432,0,726,349,377,0,0,0,1.0,1,1.0,1,1.0,1,0.19854192906813825,40
433,1,727,350,377,0,0,0,1.0,1,1.0,1,1.0,1,0.21483441338642492,39
434,1,728,351,377,0,0,0,1.0,1,1.0,1,1.0,1,0.20096697845702924,39
435,2,730,353,377,0,0,0,1.0,1,1.0,1,1.0,1,0.29363395281768534,38
436,0,730,353,377,0,0,0,1.0,1,1.0,1,1.0,1,0.29363395281768534,38
437,3,733,353,380,0,0,0,1.0,1,1.0,1,1.0,1,0.2432316687426275,39
438,0,733,353,380,0,0,0,1.0,1,1.0,1,1.0,1,0.23984537507126044,38
439,0,733,353,380,0,0,0,1.0,1,1.0,1,1.0,1,0.2534328478750219,39
440,1,734,353,381,0,0,0,1.0,1,1.0,1,1.0,1,0.21422530003261692,39
441,2,736,354,382,0,0,0,1.0,1,1.0,1,1.0,1,0.17246191552318133,41
442,0,736,354,382,0,0,0,1.0,1,1.0,1,1.0,1,0.18409295607346213,42
443,0,736,354,382,0,0,0,1.0,1,1.0,1,1.0,1,0.18409295607346213,42
444,1,737,354,383,0,0,0,1.0,1,1.0,1,1.0,1,0.1591517518790772,43
445,2,739,356,383,0,0,0,1.0,1,1.0,1,1.0,1,0.1789343037342214,44
446,2,741,357,384,0,0,0,1.0,1,1.0,1,1.0,1,0.20783290104730623,44
447,2,743,358,385,0,0,0,1.0,1,1.0,1,1.0,1,0.19732748264420633,47
448,1,744,359,385,0,0,0,1.0,1,1.0,1,1.0,1,0.2430743722978417,46
449,0,744,359,385,0,0,0,1.0,1,1.0,1,1.0,1,0.2430743722978417,46
450,1,745,359,386,0,0,0,1.0,1,1.0,1,1.0,1,0.25678725098287974,46
451,2,747,360,387,0,0,0,1.0,1,1.0,1,1.0,1,0.23918999082923556,47
452,0,747,360,387,0,0,0,1.0,1,1.0,1,1.0,1,0.25702466406625046,47
453,0,747,360,387,0,0,0,1.0,1,1.0,1,1.0,1,0.25702466406625046,47
454,1,748,360,388,0,0,0,1.0,1,1.0,1,1.0,1,0.22746756889169878,46
455,4,752,362,390,0,0,0,1.0,1,1.0,1,1.0,1,0.20068471862402645,47
456,1,753,363,390,0,0,0,1.0,1,1.0,1,1.0,1,0.21803622367730469,49
457,3,756,364,392,0,0,0,1.0,1,1.0,1,1.0,1,0.19919125162233617,50
458,0,756,364,392,0,0,0,1.0,1,1.0,1,1.0,1,0.19919125162233617,50
459,1,757,364,393,0,0,0,1.0,1,1.0,1,1.0,1,0.16612815639785217,52
460,2,759,364,395,0,0,0,1.0,1,1.0,1,1.0,1,0.1549563657453704,53
461,1,760,364,396,0,0,0,1.0,1,1.0,1,1.0,1,0.16415066960507005,54
462,0,760,364,396,0,0,0,1.0,1,1.0,1,1.0,1,0.16415066960507005,54
463,3,763,365,398,0,0,0,1.0,1,1.0,1,1.0,1,0.149125204998086,55
464,1,764,366,398,0,0,0,1.0,1,1.0,1,1.0,1,0.17591724297683678,56
465,2,766,367,399,0,0,0,1.0,1,1.0,1,1.0,1,0.15756987452765608,54
466,5,771,369,402,0,0,0,1.0,1,1.0,1,1.0,1,0.16186199305968005,54
467,2,773,371,402,0,0,0,1.0,1,1.0,1,1.0,1,0.18517225515325855,51
468,5,778,374,404,0,0,0,1.0,1,1.0,1,1.0,1,0.1781939594394234,51
469,3,781,374,407,0,0,0,1.0,1,1.0,1,1.0,1,0.13582594008857898,48
470,3,784,376,408,0,0,0,1.0,1,1.0,1,1.0,1,0.14003420218739598,47
471,1,785,377,408,0,0,0,1.0,1,1.0,1,1.0,1,0.15990756545237103,44
472,5,790,381,409,0,0,0,1.0,1,1.0,1,1.0,1,0.23051377183447727,43
473,2,792,382,410,0,0,0,1.0,1,1.0,1,1.0,1,0.1705053048176185,41
474,0,792,382,410,0,0,0,1.0,1,1.0,1,1.0,1,0.2140294019032582,39
475,2,794,384,410,0,0,0,1.0,1,1.0,1,1.0,1,0.2452899995405568,40
476,3,797,386,411,0,0,0,1.0,1,1.0,1,1.0,1,0.26324948455204994,38
477,3,800,388,412,0,0,0,1.0,1,1.0,1,1.0,1,0.3004818488213079,35
478,0,800,388,412,0,0,0,1.0,1,1.0,1,1.0,1,0.29409073334381913,35
479,1,801,389,412,0,0,0,1.0,1,1.0,1,1.0,1,0.31460325542385453,32
480,0,801,389,412,0,0,0,1.0,1,1.0,1,1.0,1,0.34568527490098927,32
481,0,801,389,412,0,0,0,1.0,1,1.0,1,1.0,1,0.3279580742594387,33
482,2,803,390,413,0,0,0,1.0,1,1.0,1,1.0,1,0.3146914413334851,34
483,0,803,390,413,0,0,0,1.0,1,1.0,1,1.0,1,0.31606820321423285,32
484,2,805,391,414,0,0,0,1.0,1,1.0,1,1.0,1,0.30390053732735567,33
485,4,809,392,417,0,0,0,1.0,1,1.0,1,1.0,1,0.2783687522756169,34
486,3,812,392,420,0,0,0,1.0,1,1.0,1,1.0,1,0.2566941219645078,36
487,3,815,392,423,0,0,0,1.0,1,1.0,1,1.0,1,0.21415723626484331,36
488,0,815,392,423,0,0,0,1.0,1,1.0,1,1.0,1,0.2291957094823319,37
489,3,818,394,424,0,0,0,1.0,1,1.0,1,1.0,1,0.28250290341033524,38
490,1,819,395,424,0,0,0,1.0,1,1.0,1,1.0,1,0.2950091808396859,38
491,0,819,395,424,0,0,0,1.0,1,1.0,1,1.0,1,0.30064918399562157,37
492,2,821,396,425,0,0,0,1.0,1,1.0,1,1.0,1,0.2968507550300439,37
493,2,823,396,427,0,0,0,1.0,1,1.0,1,1.0,1,0.25156116356083186,37
494,7,830,399,431,0,0,0,1.0,1,1.0,1,1.0,1,0.28036552503284967,39
495,3,833,399,434,0,0,0,1.0,1,1.0,1,1.0,1,0.27070785946166964,40
496,1,834,399,435,0,0,0,1.0,1,1.0,1,1.0,1,0.24702022289393652,40
497,2,836,399,437,0,0,0,1.0,1,1.0,1,1.0,1,0.18919301133398994,43
498,1,837,400,437,0,0,0,1.0,1,1.0,1,1.0,1,0.1826416417028996,43
499,1,838,401,437,0,0,0,1.0,1,1.0,1,1.0,1,0.22360339793709855,44
500,4,842,402,440,0,0,0,1.0,1,1.0,1,1.0,1,0.193397151829032,45
501,1,843,402,441,0,0,0,1.0,1,1.0,1,1.0,1,0.163345526791115,45
502,2,845,403,442,0,0,0,1.0,1,1.0,1,1.0,1,0.15924647315916576,45
503,1,846,404,442,0,0,0,1.0,1,1.0,1,1.0,1,0.16326368578034903,46
504,3,849,406,443,0,0,0,1.0,1,1.0,1,1.0,1,0.2045490913505331,47
505,0,849,406,443,0,0,0,1.0,1,1.0,1,1.0,1,0.217746533635214,42
506,2,851,408,443,0,0,0,1.0,1,1.0,1,1.0,1,0.30339425124579456,41
507,1,852,408,444,0,0,0,1.0,1,1.0,1,1.0,1,0.24691159272837948,38
508,2,854,410,444,0,0,0,1.0,1,1.0,1,1.0,1,0.32651684743371634,38
509,0,854,410,444,0,0,0,1.0,1,1.0,1,1.0,1,0.3664396360230671,37
510,1,855,411,444,0,0,0,1.0,1,1.0,1,1.0,1,0.4079109112292549,36
511,4,859,412,447,0,0,0,1.0,1,1.0,1,1.0,1,0.36236983792724864,34
512,0,859,412,447,0,0,0,1.0,1,1.0,1,1.0,1,0.35108664390972744,32
513,0,859,412,447,0,0,0,1.0,1,1.0,1,1.0,1,0.35108664390972744,32
514,1,860,412,448,0,0,0,1.0,1,1.0,1,1.0,1,0.3216422292532031,35
515,1,861,412,449,0,0,0,1.0,1,1.0,1,1.0,1,0.2902876726029359,35
516,2,863,412,451,0,0,0,1.0,1,1.0,1,1.0,1,0.27314935606747615,36
517,0,863,412,451,0,0,0,1.0,1,1.0,1,1.0,1,0.27314935606747615,36
518,3,866,412,454,0,0,0,1.0,1,1.0,1,1.0,1,0.258432443867187,39
519,1,867,413,454,0,0,0,1.0,1,1.0,1,1.0,1,0.25641447073435303,39
520,1,868,414,454,0,0,0,1.0,1,1.0,1,1.0,1,0.25155825305370505,39
521,1,869,414,455,0,0,0,1.0,1,1.0,1,1.0,1,0.22461500246762753,40
522,0,869,414,455,0,0,0,1.0,1,1.0,1,1.0,1,0.22461500246762753,40
523,1,870,415,455,0,0,0,1.0,1,1.0,1,1.0,1,0.23555423819436092,41
524,1,871,415,456,0,0,0,1.0,1,1.0,1,1.0,1,0.21400622590532906,41
525,2,873,417,456,0,0,0,1.0,1,1.0,1,1.0,1,0.24519992670941648,40
526,0,873,417,456,0,0,0,1.0,1,1.0,1,1.0,1,0.25468926683064375,40
527,1,874,418,456,0,0,0,1.0,1,1.0,1,1.0,1,0.289366594613487,40
528,1,875,419,456,0,0,0,1.0,1,1.0,1,1.0,1,0.2903650801043918,40
529,3,878,419,459,0,0,0,1.0,1,1.0,1,1.0,1,0.256808967490544,39
530,0,878,419,459,0,0,0,1.0,1,1.0,1,1.0,1,0.256808967490544,39
531,0,878,419,459,0,0,0,1.0,1,1.0,1,1.0,1,0.26112780797437096,39
532,1,879,420,459,0,0,0,1.0,1,1.0,1,1.0,1,0.31140579575692484,40
533,1,880,421,459,0,0,0,1.0,1,1.0,1,1.0,1,0.35919745742531006,40
534,2,882,421,461,0,0,0,1.0,1,1.0,1,1.0,1,0.33059684759373226,42
535,2,884,422,462,0,0,0,1.0,1,1.0,1,1.0,1,0.3479812300895933,42
536,2,886,422,464,0,0,0,1.0,1,1.0,1,1.0,1,0.3081659748356351,43
537,2,888,422,466,0,0,0,1.0,1,1.0,1,1.0,1,0.2612725855452104,43
538,2,890,423,467,0,0,0,1.0,1,1.0,1,1.0,1,0.27181434665250875,44
539,0,890,423,467,0,0,0,1.0,1,1.0,1,1.0,1,0.27181434665250875,44
540,0,890,423,467,0,0,0,1.0,1,1.0,1,1.0,1,0.27181434665250875,44
541,0,890,423,467,0,0,0,1.0,1,1.0,1,1.0,1,0.2609344259201179,45
542,2,892,424,468,0,0,0,1.0,1,1.0,1,1.0,1,0.2641152447244448,46
543,5,897,427,470,0,0,0,1.0,1,1.0,1,1.0,1,0.28406003492229714,43
544,2,899,429,470,0,0,0,1.0,1,1.0,1,1.0,1,0.29743540305592103,42
545,3,902,430,472,0,0,0,1.0,1,1.0,1,1.0,1,0.28047970409675466,43
546,4,906,433,473,0,0,0,1.0,1,1.0,1,1.0,1,0.34963917243857473,41
547,0,906,433,473,0,0,0,1.0,1,1.0,1,1.0,1,0.3119985240178243,40
548,4,910,436,474,0,0,0,1.0,1,1.0,1,1.0,1,0.35398319568188036,40
549,4,914,437,477,0,0,0,1.0,1,1.0,1,1.0,1,0.29730037042094554,39
550,2,916,438,478,0,0,0,1.0,1,1.0,1,1.0,1,0.3122199656142366,38
551,3,919,440,479,0,0,0,1.0,1,1.0,1,1.0,1,0.3384336631599721,38
552,1,920,441,479,0,0,0,1.0,1,1.0,1,1.0,1,0.364627943730282,39
553,2,922,441,481,0,0,0,1.0,1,1.0,1,1.0,1,0.3329119886812226,38
554,2,924,442,482,0,0,0,1.0,1,1.0,1,1.0,1,0.332330106694376,39
555,0,924,442,482,0,0,0,1.0,1,1.0,1,1.0,1,0.3210844126176863,39
556,2,926,443,483,0,0,0,1.0,1,1.0,1,1.0,1,0.3271702844993307,40
557,0,926,443,483,0,0,0,1.0,1,1.0,1,1.0,1,0.3425491754680587,40
558,1,927,443,484,0,0,0,1.0,1,1.0,1,1.0,1,0.3258506131809555,40
559,2,929,444,485,0,0,0,1.0,1,1.0,1,1.0,1,0.2982775902184279,40
560,1,930,444,486,0,0,0,1.0,1,1.0,1,1.0,1,0.2820720394672209,41
561,4,934,445,489,0,0,0,1.0,1,1.0,1,1.0,1,0.24571663075707842,42
562,1,935,446,489,0,0,0,1.0,1,1.0,1,1.0,1,0.26143949351694207,42
563,1,936,447,489,0,0,0,1.0,1,1.0,1,1.0,1,0.2933506400684509,42
564,1,937,447,490,0,0,0,1.0,1,1.0,1,1.0,1,0.3063162222755253,43
565,3,940,448,492,0,0,0,1.0,1,1.0,1,1.0,1,0.2652334469590014,44
566,0,940,448,492,0,0,0,1.0,1,1.0,1,1.0,1,0.2703312681851828,45
567,0,940,448,492,0,0,0,1.0,1,1.0,1,1.0,1,0.2703312681851828,45
568,3,943,448,495,0,0,0,1.0,1,1.0,1,1.0,1,0.18673961472388814,46
569,2,945,450,495,0,0,0,1.0,1,1.0,1,1.0,1,0.20880052026356008,47
570,2,947,451,496,0,0,0,1.0,1,1.0,1,1.0,1,0.2203828737773043,48
571,2,949,452,497,0,0,0,1.0,1,1.0,1,1.0,1,0.2331435032411915,48
572,0,949,452,497,0,0,0,1.0,1,1.0,1,1.0,1,0.23074701602604447,47
573,0,949,452,497,0,0,0,1.0,1,1.0,1,1.0,1,0.23474106148914478,49
574,0,949,452,497,0,0,0,1.0,1,1.0,1,1.0,1,0.23474106148914478,49
575,1,950,452,498,0,0,0,1.0,1,1.0,1,1.0,1,0.1932689579241168,50
576,2,952,452,500,0,0,0,1.0,1,1.0,1,1.0,1,0.18540703246196982,51
577,1,953,452,501,0,0,0,1.0,1,1.0,1,1.0,1,0.1600390028184356,51
578,1,954,452,502,0,0,0,1.0,1,1.0,1,1.0,1,0.1556319849418982,51
579,2,956,454,502,0,0,0,1.0,1,1.0,1,1.0,1,0.17614956882754118,52
580,1,957,454,503,0,0,0,1.0,1,1.0,1,1.0,1,0.20285282961223844,52
581,0,957,454,503,0,0,0,1.0,1,1.0,1,1.0,1,0.2168386452154498,52
582,4,961,455,506,0,0,0,1.0,1,1.0,1,1.0,1,0.20598726855006885,53
583,2,963,457,506,0,0,0,1.0,1,1.0,1,1.0,1,0.25129365507286544,51
584,4,967,460,507,0,0,0,1.0,1,1.0,1,1.0,1,0.23990095595121452,51
585,4,971,463,508,0,0,0,1.0,1,1.0,1,1.0,1,0.24489879300380188,49
586,4,975,466,509,0,0,0,1.0,1,1.0,1,1.0,1,0.2049973491341076,49
587,1,976,467,509,0,0,0,1.0,1,1.0,1,1.0,1,0.22054140049798965,48
588,2,978,469,509,0,0,0,1.0,1,1.0,1,1.0,1,0.2277166156128458,46
589,2,980,470,510,0,0,0,1.0,1,1.0,1,1.0,1,0.2389192387354637,48
590,3,983,471,512,0,0,0,1.0,1,1.0,1,1.0,1,0.21352374550937053,47
591,1,984,472,512,0,0,0,1.0,1,1.0,1,1.0,1,0.23037387010826949,48
592,1,985,473,512,0,0,0,1.0,1,1.0,1,1.0,1,0.22985032913312034,47
593,2,987,474,513,0,0,0,1.0,1,1.0,1,1.0,1,0.2395701748719939,45
594,2,989,475,514,0,0,0,1.0,1,1.0,1,1.0,1,0.23422613548355478,44
595,1,990,476,514,0,0,0,1.0,1,1.0,1,1.0,1,0.22750293663206442,43
596,1,991,477,514,0,0,0,1.0,1,1.0,1,1.0,1,0.25590768966715216,44
597,4,995,478,517,0,0,0,1.0,1,1.0,1,1.0,1,0.19629604544277854,43
598,1,996,479,517,0,0,0,1.0,1,1.0,1,1.0,1,0.1892566998420288,45
599,1,997,480,517,0,0,0,1.0,1,1.0,1,1.0,1,0.19476575386053535,44
600,0,997,480,517,0,0,0,1.0,1,1.0,1,1.0,1,0.19476575386053535,44
601,1,998,481,517,0,0,0,1.0,1,1.0,1,1.0,1,0.22434845917069635,45
602,4,1002,483,519,0,0,0,1.0,1,1.0,1,1.0,1,0.2659655526567711,46
603,0,1002,483,519,0,0,0,1.0,1,1.0,1,1.0,1,0.26238147626247804,46
604,2,1004,484,520,0,0,0,1.0,1,1.0,1,1.0,1,0.2548512139358831,47
605,1,1005,484,521,0,0,0,1.0,1,1.0,1,1.0,1,0.21059893548317832,47
606,0,1005,484,521,0,0,0,1.0,1,1.0,1,1.0,1,0.23129113689359115,47
607,3,1008,485,523,0,0,0,1.0,1,1.0,1,1.0,1,0.19803615033607486,48
608,0,1008,485,523,0,0,0,1.0,1,1.0,1,1.0,1,0.2223240599066303,47
609,2,1010,485,525,0,0,0,1.0,1,1.0,1,1.0,1,0.16768925123456146,48
610,1,1011,485,526,0,0,0,1.0,1,1.0,1,1.0,1,0.15045727046853893,48
611,2,1013,487,526,0,0,0,1.0,1,1.0,1,1.0,1,0.14740092657118448,49
612,1,1014,487,527,0,0,0,1.0,1,1.0,1,1.0,1,0.13366042584854632,50
613,2,1016,488,528,0,0,0,1.0,1,1.0,1,1.0,1,0.12785421911332592,50
614,0,1016,488,528,0,0,0,1.0,1,1.0,1,1.0,1,0.12785421911332592,50
615,1,1017,489,528,0,0,0,1.0,1,1.0,1,1.0,1,0.1400960271196436,50
616,1,1018,490,528,0,0,0,1.0,1,1.0,1,1.0,1,0.150350991928702,50
617,2,1020,490,530,0,0,0,1.0,1,1.0,1,1.0,1,0.12349621840139079,52
618,2,1022,490,532,0,0,0,1.0,1,1.0,1,1.0,1,0.10571862094350742,52
619,1,1023,491,532,0,0,0,1.0,1,1.0,1,1.0,1,0.10741430387075006,50
620,1,1024,491,533,0,0,0,1.0,1,1.0,1,1.0,1,0.13524786857344667,50
621,1,1025,492,533,0,0,0,1.0,1,1.0,1,1.0,1,0.14315570525352989,49
622,0,1025,492,533,0,0,0,1.0,1,1.0,1,1.0,1,0.14256346183454366,49
623,3,1028,494,534,0,0,0,1.0,1,1.0,1,1.0,1,0.18279762488748813,48
624,3,1031,496,535,0,0,0,1.0,1,1.0,1,1.0,1,0.23672858107522982,46
625,1,1032,497,535,0,0,0,1.0,1,1.0,1,1.0,1,0.20928952632703268,45
626,5,1037,500,537,0,0,0,1.0,1,1.0,1,1.0,1,0.2250148521797208,44
627,4,1041,503,538,0,0,0,1.0,1,1.0,1,1.0,1,0.18419179435270364,44
628,2,1043,505,538,0,0,0,1.0,1,1.0,1,1.0,1,0.21481452099323467,44
629,1,1044,506,538,0,0,0,1.0,1,1.0,1,1.0,1,0.22427777445547945,41
630,1,1045,507,538,0,0,0,1.0,1,1.0,1,1.0,1,0.2708800025080808,40
631,5,1050,510,540,0,0,0,1.0,1,1.0,1,1.0,1,0.2694370615986017,38
632,1,1051,511,540,0,0,0,1.0,1,1.0,1,1.0,1,0.27836707807385497,38
633,2,1053,512,541,0,0,0,1.0,1,1.0,1,1.0,1,0.2975091639310458,36
634,0,1053,512,541,0,0,0,1.0,1,1.0,1,1.0,1,0.29160030549004945,35
635,1,1054,513,541,0,0,0,1.0,1,1.0,1,1.0,1,0.2961555343437147,35
636,3,1057,514,543,0,0,0,1.0,1,1.0,1,1.0,1,0.2810387673512071,36
637,1,1058,514,544,0,0,0,1.0,1,1.0,1,1.0,1,0.24954168318235026,35
638,1,1059,515,544,0,0,0,1.0,1,1.0,1,1.0,1,0.2714874836513195,34
639,1,1060,516,544,0,0,0,1.0,1,1.0,1,1.0,1,0.2538924990906679,36
640,4,1064,517,547,0,0,0,1.0,1,1.0,1,1.0,1,0.23945876167075944,37
641,2,1066,517,549,0,0,0,1.0,1,1.0,1,1.0,1,0.19629206904945243,37
642,0,1066,517,549,0,0,0,1.0,1,1.0,1,1.0,1,0.18136235299941014,38
643,1,1067,517,550,0,0,0,1.0,1,1.0,1,1.0,1,0.1544746509434832,39
644,2,1069,518,551,0,0,0,1.0,1,1.0,1,1.0,1,0.17484133948301983,39
645,1,1070,518,552,0,0,0,1.0,1,1.0,1,1.0,1,0.18119181475864188,39
646,2,1072,519,553,0,0,0,1.0,1,1.0,1,1.0,1,0.22627034966500384,40
647,0,1072,519,553,0,0,0,1.0,1,1.0,1,1.0,1,0.22627034966500384,40
648,1,1073,520,553,0,0,0,1.0,1,1.0,1,1.0,1,0.2467842072218693,40
649,1,1074,520,554,0,0,0,1.0,1,1.0,1,1.0,1,0.22864729572472414,40
650,3,1077,522,555,0,0,0,1.0,1,1.0,1,1.0,1,0.2718421996634758,41
651,3,1080,523,557,0,0,0,1.0,1,1.0,1,1.0,1,0.25560475457940246,42
652,0,1080,523,557,0,0,0,1.0,1,1.0,1,1.0,1,0.2822253689307199,41
653,3,1083,523,560,0,0,0,1.0,1,1.0,1,1.0,1,0.21428208409489866,41
654,1,1084,523,561,0,0,0,1.0,1,1.0,1,1.0,1,0.19674412953875936,42
655,1,1085,523,562,0,0,0,1.0,1,1.0,1,1.0,1,0.18394888561459422,45
656,2,1087,525,562,0,0,0,1.0,1,1.0,1,1.0,1,0.2499124207765282,45
657,3,1090,525,565,0,0,0,1.0,1,1.0,1,1.0,1,0.19250631740888854,43
658,1,1091,526,565,0,0,0,1.0,1,1.0,1,1.0,1,0.24710764294445614,43
659,0,1091,526,565,0,0,0,1.0,1,1.0,1,1.0,1,0.23371225879026788,43
660,3,1094,529,565,0,0,0,1.0,1,1.0,1,1.0,1,0.31109025980974736,43
661,0,1094,529,565,0,0,0,1.0,1,1.0,1,1.0,1,0.31637731030784033,41
662,2,1096,530,566,0,0,0,1.0,1,1.0,1,1.0,1,0.3562942680300816,40
663,3,1099,531,568,0,0,0,1.0,1,1.0,1,1.0,1,0.30794261287328173,39
664,2,1101,533,568,0,0,0,1.0,1,1.0,1,1.0,1,0.34115879889847744,36
665,4,1105,534,571,0,0,0,1.0,1,1.0,1,1.0,1,0.2839267271635902,36
666,2,1107,536,571,0,0,0,1.0,1,1.0,1,1.0,1,0.274847799294456,36
667,2,1109,537,572,0,0,0,1.0,1,1.0,1,1.0,1,0.2742524666653713,35
668,2,1111,538,573,0,0,0,1.0,1,1.0,1,1.0,1,0.26523306329845847,34
669,2,1113,539,574,0,0,0,1.0,1,1.0,1,1.0,1,0.28059807012685584,34
670,4,1117,540,577,0,0,0,1.0,1,1.0,1,1.0,1,0.20597763677718955,32
671,3,1120,541,579,0,0,0,1.0,1,1.0,1,1.0,1,0.13829738210025258,33
672,0,1120,541,579,0,0,0,1.0,1,1.0,1,1.0,1,0.16931055972035086,32
673,0,1120,541,579,0,0,0,1.0,1,1.0,1,1.0,1,0.16931055972035086,32
674,3,1123,543,580,0,0,0,1.0,1,1.0,1,1.0,1,0.2044166045650009,32
675,2,1125,545,580,0,0,0,1.0,1,1.0,1,1.0,1,0.24658729067967106,34
676,1,1126,545,581,0,0,0,1.0,1,1.0,1,1.0,1,0.23965183687343564,35
677,2,1128,546,582,0,0,0,1.0,1,1.0,1,1.0,1,0.19256207911773865,35
678,0,1128,546,582,0,0,0,1.0,1,1.0,1,1.0,1,0.19256207911773865,35
679,3,1131,547,584,0,0,0,1.0,1,1.0,1,1.0,1,0.15193552169413324,36
680,0,1131,547,584,0,0,0,1.0,1,1.0,1,1.0,1,0.15604862121626953,37
681,0,1131,547,584,0,0,0,1.0,1,1.0,1,1.0,1,0.15604862121626953,37
682,1,1132,548,584,0,0,0,1.0,1,1.0,1,1.0,1,0.18077415764666394,37
683,0,1132,548,584,0,0,0,1.0,1,1.0,1,1.0,1,0.19317102845931236,38
684,1,1133,549,584,0,0,0,1.0,1,1.0,1,1.0,1,0.21700103587195718,39
685,1,1134,549,585,0,0,0,1.0,1,1.0,1,1.0,1,0.17406175067937163,38
686,0,1134,549,585,0,0,0,1.0,1,1.0,1,1.0,1,0.1970078068140322,37
687,4,1138,550,588,0,0,0,1.0,1,1.0,1,1.0,1,0.21003495238124517,38
688,0,1138,550,588,0,0,0,1.0,1,1.0,1,1.0,1,0.2470181801305606,37
689,2,1140,552,588,0,0,0,1.0,1,1.0,1,1.0,1,0.30076245436708376,39
690,1,1141,552,589,0,0,0,1.0,1,1.0,1,1.0,1,0.26667975568114755,38
691,1,1142,553,589,0,0,0,1.0,1,1.0,1,1.0,1,0.2656887812531546,38
692,2,1144,555,589,0,0,0,1.0,1,1.0,1,1.0,1,0.275822923571532,38
693,3,1147,557,590,0,0,0,1.0,1,1.0,1,1.0,1,0.29045912084136727,40
694,2,1149,559,590,0,0,0,1.0,1,1.0,1,1.0,1,0.3409206840497002,42
695,0,1149,559,590,0,0,0,1.0,1,1.0,1,1.0,1,0.3126976217043935,40
696,3,1152,561,591,0,0,0,1.0,1,1.0,1,1.0,1,0.30635980680540764,39
697,3,1155,561,594,0,0,0,1.0,1,1.0,1,1.0,1,0.23994739423851358,39
698,2,1157,562,595,0,0,0,1.0,1,1.0,1,1.0,1,0.20014985572191124,37
699,0,1157,562,595,0,0,0,1.0,1,1.0,1,1.0,1,0.19713966164122734,37
700,2,1159,563,596,0,0,0,1.0,1,1.0,1,1.0,1,0.22842166912300227,37
701,1,1160,564,596,0,0,0,1.0,1,1.0,1,1.0,1,0.2343550802773728,37
702,1,1161,564,597,0,0,0,1.0,1,1.0,1,1.0,1,0.20196755964154928,38
703,2,1163,566,597,0,0,0,1.0,1,1.0,1,1.0,1,0.2358360174742772,36
704,1,1164,567,597,0,0,0,1.0,1,1.0,1,1.0,1,0.26404992270479904,36
705,4,1168,569,599,0,0,0,1.0,1,1.0,1,1.0,1,0.21934855999954367,36
706,3,1171,572,599,0,0,0,1.0,1,1.0,1,1.0,1,0.28204446925256854,35
707,3,1174,574,600,0,0,0,1.0,1,1.0,1,1.0,1,0.28969713855016715,36
708,1,1175,575,600,0,0,0,1.0,1,1.0,1,1.0,1,0.3062879607840032,36
709,3,1178,577,601,0,0,0,1.0,1,1.0,1,1.0,1,0.2753427844584613,34
710,1,1179,578,601,0,0,0,1.0,1,1.0,1,1.0,1,0.2986205211914195,34
711,0,1179,578,601,0,0,0,1.0,1,1.0,1,1.0,1,0.29182227900053803,34
712,6,1185,581,604,0,0,0,1.0,1,1.0,1,1.0,1,0.3515942972037092,35
713,3,1188,582,606,0,0,0,1.0,1,1.0,1,1.0,1,0.30907858555380435,34
714,3,1191,583,608,0,0,0,1.0,1,1.0,1,1.0,1,0.2640738741762621,34
715,0,1191,583,608,0,0,0,1.0,1,1.0,1,1.0,1,0.2805285700924667,35
716,1,1192,584,608,0,0,0,1.0,1,1.0,1,1.0,1,0.30083979991807935,33
717,4,1196,586,610,0,0,0,1.0,1,1.0,1,1.0,1,0.3726303420989338,33
718,4,1200,587,613,0,0,0,1.0,1,1.0,1,1.0,1,0.34489484320566094,32
719,2,1202,587,615,0,0,0,1.0,1,1.0,1,1.0,1,0.28803460972967543,32
720,2,1204,587,617,0,0,0,1.0,1,1.0,1,1.0,1,0.24830533094613505,33
721,2,1206,588,618,0,0,0,1.0,1,1.0,1,1.0,1,0.1987768922479839,33
722,2,1208,589,619,0,0,0,1.0,1,1.0,1,1.0,1,0.23864757331967845,34
723,0,1208,589,619,0,0,0,1.0,1,1.0,1,1.0,1,0.23864757331967845,34
724,0,1208,589,619,0,0,0,1.0,1,1.0,1,1.0,1,0.25943598586747324,36
725,2,1210,589,621,0,0,0,1.0,1,1.0,1,1.0,1,0.20317090378060032,36
726,0,1210,589,621,0,0,0,1.0,1,1.0,1,1.0,1,0.20317090378060032,36
727,0,1210,589,621,0,0,0,1.0,1,1.0,1,1.0,1,0.20317090378060032,36
728,1,1211,590,621,0,0,0,1.0,1,1.0,1,1.0,1,0.20685866848425838,37
729,0,1211,590,621,0,0,0,1.0,1,1.0,1,1.0,1,0.21079737673086169,37
730,0,1211,590,621,0,0,0,1.0,1,1.0,1,1.0,1,0.2165612499675696,38
731,2,1213,590,623,0,0,0,1.0,1,1.0,1,1.0,1,0.20715647485588543,39
732,0,1213,590,623,0,0,0,1.0,1,1.0,1,1.0,1,0.17613494995634452,41
733,0,1213,590,623,0,0,0,1.0,1,1.0,1,1.0,1,0.13102065651597913,39
734,1,1214,591,623,0,0,0,1.0,1,1.0,1,1.0,1,0.17010325273805973,39
735,2,1216,593,623,0,0,0,1.0,1,1.0,1,1.0,1,0.22524633458341636,39
736,1,1217,593,624,0,0,0,1.0,1,1.0,1,1.0,1,0.26046699523448114,38
737,2,1219,594,625,0,0,0,1.0,1,1.0,1,1.0,1,0.28926478354651114,39
738,0,1219,594,625,0,0,0,1.0,1,1.0,1,1.0,1,0.33890185030059655,37
739,0,1219,594,625,0,0,0,1.0,1,1.0,1,1.0,1,0.33890185030059655,37
740,0,1219,594,625,0,0,0,1.0,1,1.0,1,1.0,1,0.3243372389345398,35
741,0,1219,594,625,0,0,0,1.0,1,1.0,1,1.0,1,0.3018538204280263,33
742,1,1220,595,625,0,0,0,1.0,1,1.0,1,1.0,1,0.3375206510825555,35
743,3,1223,597,626,0,0,0,1.0,1,1.0,1,1.0,1,0.3445078307615057,35
744,3,1226,599,627,0,0,0,1.0,1,1.0,1,1.0,1,0.29939446267716435,34
745,2,1228,600,628,0,0,0,1.0,1,1.0,1,1.0,1,0.30742107468040425,34
746,2,1230,601,629,0,0,0,1.0,1,1.0,1,1.0,1,0.277657550651658,33
747,1,1231,602,629,0,0,0,1.0,1,1.0,1,1.0,1,0.2515481012511153,32
748,1,1232,602,630,0,0,0,1.0,1,1.0,1,1.0,1,0.22133138234830355,33
749,0,1232,602,630,0,0,0,1.0,1,1.0,1,1.0,1,0.22133138234830355,33
750,1,1233,603,630,0,0,0,1.0,1,1.0,1,1.0,1,0.2507253858876326,34
751,2,1235,604,631,0,0,0,1.0,1,1.0,1,1.0,1,0.2533184845178736,36
752,2,1237,605,632,0,0,0,1.0,1,1.0,1,1.0,1,0.2681580056113545,35
753,3,1240,607,633,0,0,0,1.0,1,1.0,1,1.0,1,0.3270011385787145,37
754,2,1242,608,634,0,0,0,1.0,1,1.0,1,1.0,1,0.3259990487599382,37
755,3,1245,609,636,0,0,0,1.0,1,1.0,1,1.0,1,0.2785598915955347,35
756,3,1248,610,638,0,0,0,1.0,1,1.0,1,1.0,1,0.2860149946927246,36
757,1,1249,610,639,0,0,0,1.0,1,1.0,1,1.0,1,0.2581123308855913,35
758,0,1249,610,639,0,0,0,1.0,1,1.0,1,1.0,1,0.26954716376971205,36
759,0,1249,610,639,0,0,0,1.0,1,1.0,1,1.0,1,0.27369942192352764,37
760,0,1249,610,639,0,0,0,1.0,1,1.0,1,1.0,1,0.305049336750281,36
761,1,1250,610,640,0,0,0,1.0,1,1.0,1,1.0,1,0.2900718412474704,36
762,0,1250,610,640,0,0,0,1.0,1,1.0,1,1.0,1,0.30172622389134357,37
763,0,1250,610,640,0,0,0,1.0,1,1.0,1,1.0,1,0.31094788153719,38
764,0,1250,610,640,0,0,0,1.0,1,1.0,1,1.0,1,0.31094788153719,38
765,0,1250,610,640,0,0,0,1.0,1,1.0,1,1.0,1,0.31094788153719,38
766,1,1251,610,641,0,0,0,1.0,1,1.0,1,1.0,1,0.2831728552028608,40
767,0,1251,610,641,0,0,0,1.0,1,1.0,1,1.0,1,0.29649668739156787,41
768,3,1254,611,643,0,0,0,1.0,1,1.0,1,1.0,1,0.29435588334207685,41
769,1,1255,611,644,0,0,0,1.0,1,1.0,1,1.0,1,0.29633852031547336,42
770,2,1257,612,645,0,0,0,1.0,1,1.0,1,1.0,1,0.26962976503027525,41
771,0,1257,612,645,0,0,0,1.0,1,1.0,1,1.0,1,0.2602287383838777,41
772,2,1259,614,645,0,0,0,1.0,1,1.0,1,1.0,1,0.24674104310661163,41
773,1,1260,614,646,0,0,0,1.0,1,1.0,1,1.0,1,0.24153987560759319,41
774,2,1262,616,646,0,0,0,1.0,1,1.0,1,1.0,1,0.2539073423583227,42
775,2,1264,616,648,0,0,0,1.0,1,1.0,1,1.0,1,0.22688151872804643,42
776,0,1264,616,648,0,0,0,1.0,1,1.0,1,1.0,1,0.22688151872804643,42
777,1,1265,616,649,0,0,0,1.0,1,1.0,1,1.0,1,0.21753213184420483,42
778,1,1266,617,649,0,0,0,1.0,1,1.0,1,1.0,1,0.25771366516335364,44
779,0,1266,617,649,0,0,0,1.0,1,1.0,1,1.0,1,0.25771366516335364,44
780,0,1266,617,649,0,0,0,1.0,1,1.0,1,1.0,1,0.25771366516335364,44
781,1,1267,617,650,0,0,0,1.0,1,1.0,1,1.0,1,0.23939550433655618,46
782,1,1268,618,650,0,0,0,1.0,1,1.0,1,1.0,1,0.26465605683113164,45
783,2,1270,619,651,0,0,0,1.0,1,1.0,1,1.0,1,0.27214801942899103,44
784,0,1270,619,651,0,0,0,1.0,1,1.0,1,1.0,1,0.27214801942899103,44
785,1,1271,620,651,0,0,0,1.0,1,1.0,1,1.0,1,0.28055170426703196,43
786,1,1272,621,651,0,0,0,1.0,1,1.0,1,1.0,1,0.27209619000715163,43
787,0,1272,621,651,0,0,0,1.0,1,1.0,1,1.0,1,0.27209619000715163,43
788,3,1275,622,653,0,0,0,1.0,1,1.0,1,1.0,1,0.25517227897089617,45
789,1,1276,623,653,0,0,0,1.0,1,1.0,1,1.0,1,0.2625534846316414,46
790,0,1276,623,653,0,0,0,1.0,1,1.0,1,1.0,1,0.29238201802724706,45
791,4,1280,623,657,0,0,0,1.0,1,1.0,1,1.0,1,0.23160486732348254,46
792,3,1283,624,659,0,0,0,1.0,1,1.0,1,1.0,1,0.2132638949698584,46
793,1,1284,624,660,0,0,0,1.0,1,1.0,1,1.0,1,0.19622300762056438,46
794,2,1286,625,661,0,0,0,1.0,1,1.0,1,1.0,1,0.22418338441070834,47
795,1,1287,625,662,0,0,0,1.0,1,1.0,1,1.0,1,0.1976664670404757,47
796,4,1291,627,664,0,0,0,1.0,1,1.0,1,1.0,1,0.21138892582516286,46
797,2,1293,629,664,0,0,0,1.0,1,1.0,1,1.0,1,0.24612336281181402,47
798,5,1298,631,667,0,0,0,1.0,1,1.0,1,1.0,1,0.25462006997269715,48
799,0,1298,631,667,0,0,0,1.0,1,1.0,1,1.0,1,0.25462006997269715,48
800,3,1301,632,669,0,0,0,1.0,1,1.0,1,1.0,1,0.2759915873412581,48
801,6,1307,632,675,0,0,0,1.0,1,1.0,1,1.0,1,0.18620702713902626,49
802,1,1308,632,676,0,0,0,1.0,1,1.0,1,1.0,1,0.16883650485559737,50
803,1,1309,632,677,0,0,0,1.0,1,1.0,1,1.0,1,0.20609798437293886,49
804,2,1311,632,679,0,0,0,1.0,1,1.0,1,1.0,1,0.22491340372105573,50
805,5,1316,632,684,0,0,0,1.0,1,1.0,1,1.0,1,0.12413315953822561,50
806,0,1316,632,684,0,0,0,1.0,1,1.0,1,1.0,1,0.12413315953822561,50
807,0,1316,632,684,0,0,0,1.0,1,1.0,1,1.0,1,0.138153095936617,51
808,2,1318,633,685,0,0,0,1.0,1,1.0,1,1.0,1,0.13594991772589687,51
809,4,1322,635,687,0,0,0,1.0,1,1.0,1,1.0,1,0.15093500842072605,51
810,2,1324,636,688,0,0,0,1.0,1,1.0,1,1.0,1,0.1710327147695023,52
811,1,1325,637,688,0,0,0,1.0,1,1.0,1,1.0,1,0.19279257253271917,50
812,4,1329,639,690,0,0,0,1.0,1,1.0,1,1.0,1,0.17597776698887915,48
813,2,1331,640,691,0,0,0,1.0,1,1.0,1,1.0,1,0.19010994085249602,49
814,0,1331,640,691,0,0,0,1.0,1,1.0,1,1.0,1,0.16596707930281868,48
815,2,1333,642,691,0,0,0,1.0,1,1.0,1,1.0,1,0.25575842547894717,48
816,0,1333,642,691,0,0,0,1.0,1,1.0,1,1.0,1,0.22292319955055725,46
817,2,1335,642,693,0,0,0,1.0,1,1.0,1,1.0,1,0.22339666131924837,44
818,0,1335,642,693,0,0,0,1.0,1,1.0,1,1.0,1,0.20806195287846435,46
819,0,1335,642,693,0,0,0,1.0,1,1.0,1,1.0,1,0.23308732272361804,44
820,1,1336,643,693,0,0,0,1.0,1,1.0,1,1.0,1,0.2785840848119495,44
821,1,1337,643,694,0,0,0,1.0,1,1.0,1,1.0,1,0.24873254730208055,44
822,3,1340,645,695,0,0,0,1.0,1,1.0,1,1.0,1,0.27641920629670047,44
823,1,1341,646,695,0,0,0,1.0,1,1.0,1,1.0,1,0.2704487606799607,42
824,3,1344,649,695,0,0,0,1.0,1,1.0,1,1.0,1,0.2882412828083053,42
825,5,1349,652,697,0,0,0,1.0,1,1.0,1,1.0,1,0.25475407556214485,40
826,5,1354,657,697,0,0,0,1.0,1,1.0,1,1.0,1,0.27272726316185886,41
827,0,1354,657,697,0,0,0,1.0,1,1.0,1,1.0,1,0.266073550328965,40
828,4,1358,659,699,0,0,0,1.0,1,1.0,1,1.0,1,0.1972113573275588,40
829,2,1360,660,700,0,0,0,1.0,1,1.0,1,1.0,1,0.20826451738326285,42
830,3,1363,662,701,0,0,0,1.0,1,1.0,1,1.0,1,0.24102683860677562,42
831,3,1366,663,703,0,0,0,1.0,1,1.0,1,1.0,1,0.20464846356695227,43
832,3,1369,665,704,0,0,0,1.0,1,1.0,1,1.0,1,0.20293238817915044,42
833,0,1369,665,704,0,0,0,1.0,1,1.0,1,1.0,1,0.21386804166344786,41
834,1,1370,666,704,0,0,0,1.0,1,1.0,1,1.0,1,0.23250925019857385,41
835,1,1371,666,705,0,0,0,1.0,1,1.0,1,1.0,1,0.22481580267817067,41
836,0,1371,666,705,0,0,0,1.0,1,1.0,1,1.0,1,0.22784410306052055,40
837,0,1371,666,705,0,0,0,1.0,1,1.0,1,1.0,1,0.22483336054594763,41
838,0,1371,666,705,0,0,0,1.0,1,1.0,1,1.0,1,0.22483336054594763,41
839,2,1373,667,706,0,0,0,1.0,1,1.0,1,1.0,1,0.21133175333504717,41
840,3,1376,668,708,0,0,0,1.0,1,1.0,1,1.0,1,0.2262991068892743,42
841,3,1379,668,711,0,0,0,1.0,1,1.0,1,1.0,1,0.16973533641891383,42
842,1,1380,669,711,0,0,0,1.0,1,1.0,1,1.0,1,0.19431582270294206,42
843,1,1381,670,711,0,0,0,1.0,1,1.0,1,1.0,1,0.20179850978983452,42
844,0,1381,670,711,0,0,0,1.0,1,1.0,1,1.0,1,0.22193487783746116,42
845,0,1381,670,711,0,0,0,1.0,1,1.0,1,1.0,1,0.2814899118732805,44
846,3,1384,670,714,0,0,0,1.0,1,1.0,1,1.0,1,0.22413724461902165,44
847,1,1385,671,714,0,0,0,1.0,1,1.0,1,1.0,1,0.21094096627869133,42
848,0,1385,671,714,0,0,0,1.0,1,1.0,1,1.0,1,0.25614937760605583,43
849,1,1386,671,715,0,0,0,1.0,1,1.0,1,1.0,1,0.23700777215539834,43
850,2,1388,672,716,0,0,0,1.0,1,1.0,1,1.0,1,0.2755457729892775,41
851,2,1390,674,716,0,0,0,1.0,1,1.0,1,1.0,1,0.2384754412267653,40
852,0,1390,674,716,0,0,0,1.0,1,1.0,1,1.0,1,0.2384754412267653,40
853,2,1392,675,717,0,0,0,1.0,1,1.0,1,1.0,1,0.24428118507594823,40
854,3,1395,677,718,0,0,0,1.0,1,1.0,1,1.0,1,0.22716284746169646,40
855,1,1396,678,718,0,0,0,1.0,1,1.0,1,1.0,1,0.21794376138982352,41
856,1,1397,679,718,0,0,0,1.0,1,1.0,1,1.0,1,0.22715037388158069,41
857,1,1398,680,718,0,0,0,1.0,1,1.0,1,1.0,1,0.22417874790789924,42
858,1,1399,680,719,0,0,0,1.0,1,1.0,1,1.0,1,0.21650979848881594,43
859,0,1399,680,719,0,0,0,1.0,1,1.0,1,1.0,1,0.21650979848881594,43
860,1,1400,681,719,0,0,0,1.0,1,1.0,1,1.0,1,0.21643080010394294,44
861,2,1402,683,719,0,0,0,1.0,1,1.0,1,1.0,1,0.2510496903392851,44
862,3,1405,684,721,0,0,0,1.0,1,1.0,1,1.0,1,0.2097454592961801,44
863,4,1409,686,723,0,0,0,1.0,1,1.0,1,1.0,1,0.244815950775161,44
864,4,1413,688,725,0,0,0,1.0,1,1.0,1,1.0,1,0.259821327454326,44
865,4,1417,689,728,0,0,0,1.0,1,1.0,1,1.0,1,0.16966237723255195,43
866,3,1420,692,728,0,0,0,1.0,1,1.0,1,1.0,1,0.2481732126988575,45
867,1,1421,692,729,0,0,0,1.0,1,1.0,1,1.0,1,0.22218910929150706,44
868,1,1422,692,730,0,0,0,1.0,1,1.0,1,1.0,1,0.23286171520956808,45
869,3,1425,694,731,0,0,0,1.0,1,1.0,1,1.0,1,0.23938816145528077,44
870,2,1427,695,732,0,0,0,1.0,1,1.0,1,1.0,1,0.22663182565685405,44
871,0,1427,695,732,0,0,0,1.0,1,1.0,1,1.0,1,0.22604704569204817,43
872,2,1429,696,733,0,0,0,1.0,1,1.0,1,1.0,1,0.19705095052918428,43
873,3,1432,697,735,0,0,0,1.0,1,1.0,1,1.0,1,0.18318338762083364,43
874,3,1435,698,737,0,0,0,1.0,1,1.0,1,1.0,1,0.17434865222317517,46
875,2,1437,699,738,0,0,0,1.0,1,1.0,1,1.0,1,0.16223360549023422,43
876,2,1439,699,740,0,0,0,1.0,1,1.0,1,1.0,1,0.1435112212189178,44
877,0,1439,699,740,0,0,0,1.0,1,1.0,1,1.0,1,0.17791695896640922,44
878,2,1441,700,741,0,0,0,1.0,1,1.0,1,1.0,1,0.1899056895080473,44
879,0,1441,700,741,0,0,0,1.0,1,1.0,1,1.0,1,0.1899056895080473,44
880,1,1442,701,741,0,0,0,1.0,1,1.0,1,1.0,1,0.23235826437529802,44
881,2,1444,701,743,0,0,0,1.0,1,1.0,1,1.0,1,0.18219017962387088,43
882,4,1448,703,745,0,0,0,1.0,1,1.0,1,1.0,1,0.196152837815621,45
883,2,1450,704,746,0,0,0,1.0,1,1.0,1,1.0,1,0.19699801793371466,45
884,0,1450,704,746,0,0,0,1.0,1,1.0,1,1.0,1,0.20352884447083408,45
885,3,1453,705,748,0,0,0,1.0,1,1.0,1,1.0,1,0.14839648258119034,43
886,2,1455,707,748,0,0,0,1.0,1,1.0,1,1.0,1,0.20428638399550075,43
887,1,1456,708,748,0,0,0,1.0,1,1.0,1,1.0,1,0.19415927279564987,41
888,1,1457,708,749,0,0,0,1.0,1,1.0,1,1.0,1,0.2592851237418681,40
889,5,1462,710,752,0,0,0,1.0,1,1.0,1,1.0,1,0.25317068338507304,40
890,1,1463,711,752,0,0,0,1.0,1,1.0,1,1.0,1,0.22191578322246358,38
891,1,1464,712,752,0,0,0,1.0,1,1.0,1,1.0,1,0.22553999278472403,39
892,2,1466,714,752,0,0,0,1.0,1,1.0,1,1.0,1,0.2822027209817798,39
893,1,1467,714,753,0,0,0,1.0,1,1.0,1,1.0,1,0.23968193532712215,37
894,1,1468,715,753,0,0,0,1.0,1,1.0,1,1.0,1,0.21942526677155272,36
895,0,1468,715,753,0,0,0,1.0,1,1.0,1,1.0,1,0.23171438590470392,37
896,2,1470,717,753,0,0,0,1.0,1,1.0,1,1.0,1,0.23755011352002553,36
897,2,1472,719,753,0,0,0,1.0,1,1.0,1,1.0,1,0.2303192673157527,36
898,0,1472,719,753,0,0,0,1.0,1,1.0,1,1.0,1,0.2453663778122304,35
899,1,1473,720,753,0,0,0,1.0,1,1.0,1,1.0,1,0.25161076957419165,35
900,2,1475,721,754,0,0,0,1.0,1,1.0,1,1.0,1,0.28312920478135484,36
901,0,1475,721,754,0,0,0,1.0,1,1.0,1,1.0,1,0.28312920478135484,36
902,3,1478,724,754,0,0,0,1.0,1,1.0,1,1.0,1,0.35683235849697353,36
903,3,1481,725,756,0,0,0,1.0,1,1.0,1,1.0,1,0.3142116122877375,35
904,4,1485,728,757,0,0,0,1.0,1,1.0,1,1.0,1,0.32121313130958223,37
905,2,1487,729,758,0,0,0,1.0,1,1.0,1,1.0,1,0.3094767419548875,36
906,1,1488,730,758,0,0,0,1.0,1,1.0,1,1.0,1,0.3319127101375888,37
907,3,1491,732,759,0,0,0,1.0,1,1.0,1,1.0,1,0.29973830838200405,37
908,1,1492,733,759,0,0,0,1.0,1,1.0,1,1.0,1,0.3241261122635155,36
909,4,1496,733,763,0,0,0,1.0,1,1.0,1,1.0,1,0.21617556997245743,36
910,2,1498,734,764,0,0,0,1.0,1,1.0,1,1.0,1,0.24930543175102063,37
911,3,1501,735,766,0,0,0,1.0,1,1.0,1,1.0,1,0.29530230064762253,36
912,1,1502,736,766,0,0,0,1.0,1,1.0,1,1.0,1,0.29309655948492147,34
913,5,1507,736,771,0,0,0,1.0,1,1.0,1,1.0,1,0.18438418260980666,34
914,0,1507,736,771,0,0,0,1.0,1,1.0,1,1.0,1,0.21222313907327442,33
915,0,1507,736,771,0,0,0,1.0,1,1.0,1,1.0,1,0.21222313907327442,33
916,1,1508,737,771,0,0,0,1.0,1,1.0,1,1.0,1,0.2254557077103546,34
917,1,1509,737,772,0,0,0,1.0,1,1.0,1,1.0,1,0.18869822542296102,34
918,1,1510,738,772,0,0,0,1.0,1,1.0,1,1.0,1,0.16071915404029954,36
919,0,1510,738,772,0,0,0,1.0,1,1.0,1,1.0,1,0.16071915404029954,36
920,1,1511,739,772,0,0,0,1.0,1,1.0,1,1.0,1,0.175355347377533,37
921,0,1511,739,772,0,0,0,1.0,1,1.0,1,1.0,1,0.175355347377533,37
922,1,1512,740,772,0,0,0,1.0,1,1.0,1,1.0,1,0.2018880789513746,38
923,2,1514,742,772,0,0,0,1.0,1,1.0,1,1.0,1,0.1840254748037955,36
924,1,1515,743,772,0,0,0,1.0,1,1.0,1,1.0,1,0.17532187880130148,35
925,3,1518,744,774,0,0,0,1.0,1,1.0,1,1.0,1,0.23227952670175195,35
926,2,1520,746,774,0,0,0,1.0,1,1.0,1,1.0,1,0.24113903655012778,34
927,0,1520,746,774,0,0,0,1.0,1,1.0,1,1.0,1,0.23799496206181558,32
928,1,1521,747,774,0,0,0,1.0,1,1.0,1,1.0,1,0.23821254282331752,32
929,2,1523,748,775,0,0,0,1.0,1,1.0,1,1.0,1,0.21099584042683822,31
930,0,1523,748,775,0,0,0,1.0,1,1.0,1,1.0,1,0.24092546729419836,30
931,2,1525,750,775,0,0,0,1.0,1,1.0,1,1.0,1,0.2554223637829661,29
932,1,1526,751,775,0,0,0,1.0,1,1.0,1,1.0,1,0.24080627048290307,29
933,0,1526,751,775,0,0,0,1.0,1,1.0,1,1.0,1,0.24080627048290307,29
934,1,1527,752,775,0,0,0,1.0,1,1.0,1,1.0,1,0.25024662606268766,29
935,2,1529,752,777,0,0,0,1.0,1,1.0,1,1.0,1,0.23885553817514077,31
936,2,1531,753,778,0,0,0,1.0,1,1.0,1,1.0,1,0.24218585210444854,31
937,3,1534,755,779,0,0,0,1.0,1,1.0,1,1.0,1,0.2392703996147827,34
938,0,1534,755,779,0,0,0,1.0,1,1.0,1,1.0,1,0.24542979322824648,33
939,2,1536,756,780,0,0,0,1.0,1,1.0,1,1.0,1,0.303373786354837,36
940,1,1537,756,781,0,0,0,1.0,1,1.0,1,1.0,1,0.29004664133326014,36
941,3,1540,758,782,0,0,0,1.0,1,1.0,1,1.0,1,0.2933925151917664,36
942,3,1543,760,783,0,0,0,1.0,1,1.0,1,1.0,1,0.2984426858169009,36
943,2,1545,762,783,0,0,0,1.0,1,1.0,1,1.0,1,0.2932950451150682,35
944,1,1546,763,783,0,0,0,1.0,1,1.0,1,1.0,1,0.27750170655315176,35
945,3,1549,764,785,0,0,0,1.0,1,1.0,1,1.0,1,0.19507819772521015,33
946,3,1552,766,786,0,0,0,1.0,1,1.0,1,1.0,1,0.2665347209548896,36
947,0,1552,766,786,0,0,0,1.0,1,1.0,1,1.0,1,0.24402850983705068,34
948,1,1553,767,786,0,0,0,1.0,1,1.0,1,1.0,1,0.26891783543310743,33
949,1,1554,768,786,0,0,0,1.0,1,1.0,1,1.0,1,0.3433166969995256,34
950,0,1554,768,786,0,0,0,1.0,1,1.0,1,1.0,1,0.35159761527549355,33
951,0,1554,768,786,0,0,0,1.0,1,1.0,1,1.0,1,0.35159761527549355,33
952,0,1554,768,786,0,0,0,1.0,1,1.0,1,1.0,1,0.36435450772980005,32
953,1,1555,768,787,0,0,0,1.0,1,1.0,1,1.0,1,0.33386147390355986,32
954,0,1555,768,787,0,0,0,1.0,1,1.0,1,1.0,1,0.36102737941513047,31
955,1,1556,768,788,0,0,0,1.0,1,1.0,1,1.0,1,0.36946869330041177,32
956,2,1558,769,789,0,0,0,1.0,1,1.0,1,1.0,1,0.32548101080268516,32
957,2,1560,769,791,0,0,0,1.0,1,1.0,1,1.0,1,0.28473687081381255,33
958,0,1560,769,791,0,0,0,1.0,1,1.0,1,1.0,1,0.2811042024675095,35
959,1,1561,770,791,0,0,0,1.0,1,1.0,1,1.0,1,0.3011219304007705,36
960,1,1562,770,792,0,0,0,1.0,1,1.0,1,1.0,1,0.3153668597639428,38
961,2,1564,772,792,0,0,0,1.0,1,1.0,1,1.0,1,0.4033764658618617,37
962,2,1566,773,793,0,0,0,1.0,1,1.0,1,1.0,1,0.37850263702407666,35
963,0,1566,773,793,0,0,0,1.0,1,1.0,1,1.0,1,0.3966650955821215,35
964,1,1567,773,794,0,0,0,1.0,1,1.0,1,1.0,1,0.3894745943190099,34
965,3,1570,773,797,0,0,0,1.0,1,1.0,1,1.0,1,0.3149346674458856,35
966,0,1570,773,797,0,0,0,1.0,1,1.0,1,1.0,1,0.3077489288038443,34
967,0,1570,773,797,0,0,0,1.0,1,1.0,1,1.0,1,0.3212439167224721,35
968,1,1571,774,797,0,0,0,1.0,1,1.0,1,1.0,1,0.3154888859924526,36
969,1,1572,774,798,0,0,0,1.0,1,1.0,1,1.0,1,0.32540040651270585,35
970,0,1572,774,798,0,0,0,1.0,1,1.0,1,1.0,1,0.36474951898883395,34
971,0,1572,774,798,0,0,0,1.0,1,1.0,1,1.0,1,0.37314887484363907,35
972,1,1573,775,798,0,0,0,1.0,1,1.0,1,1.0,1,0.3592935103396915,35
973,1,1574,775,799,0,0,0,1.0,1,1.0,1,1.0,1,0.3646330689834366,36
974,1,1575,776,799,0,0,0,1.0,1,1.0,1,1.0,1,0.41332704764863787,35
975,1,1576,776,800,0,0,0,1.0,1,1.0,1,1.0,1,0.38379668070559375,36
976,3,1579,777,802,0,0,0,1.0,1,1.0,1,1.0,1,0.3903392242825262,38
977,0,1579,777,802,0,0,0,1.0,1,1.0,1,1.0,1,0.3903392242825262,38
978,0,1579,777,802,0,0,0,1.0,1,1.0,1,1.0,1,0.3903392242825262,38
979,1,1580,777,803,0,0,0,1.0,1,1.0,1,1.0,1,0.369782062897745,39
980,3,1583,780,803,0,0,0,1.0,1,1.0,1,1.0,1,0.4308000129126317,39
981,5,1588,780,808,0,0,0,1.0,1,1.0,1,1.0,1,0.3847281718874489,40
982,2,1590,782,808,0,0,0,1.0,1,1.0,1,1.0,1,0.4438237215295259,40
983,1,1591,782,809,0,0,0,1.0,1,1.0,1,1.0,1,0.3963532004141298,38
984,2,1593,783,810,0,0,0,1.0,1,1.0,1,1.0,1,0.4055254302103057,39
985,8,1601,786,815,0,0,0,1.0,1,1.0,1,1.0,1,0.34097345710124943,38
986,5,1606,788,818,0,0,0,1.0,1,1.0,1,1.0,1,0.3371616619501892,38
987,2,1608,788,820,0,0,0,1.0,1,1.0,1,1.0,1,0.2925223482811739,38
988,1,1609,789,820,0,0,0,1.0,1,1.0,1,1.0,1,0.3146019201919801,38
989,2,1611,789,822,0,0,0,1.0,1,1.0,1,1.0,1,0.2784085877698625,38
990,0,1611,789,822,0,0,0,1.0,1,1.0,1,1.0,1,0.2784085877698625,38
991,2,1613,790,823,0,0,0,1.0,1,1.0,1,1.0,1,0.2937619701363234,40
992,0,1613,790,823,0,0,0,1.0,1,1.0,1,1.0,1,0.2768037188557893,39
993,1,1614,791,823,0,0,0,1.0,1,1.0,1,1.0,1,0.2880881488951648,38
994,1,1615,791,824,0,0,0,1.0,1,1.0,1,1.0,1,0.2877246166541554,39
995,0,1615,791,824,0,0,0,1.0,1,1.0,1,1.0,1,0.28420438570633944,41
996,0,1615,791,824,0,0,0,1.0,1,1.0,1,1.0,1,0.2858893464876972,40
997,2,1617,791,826,0,0,0,1.0,1,1.0,1,1.0,1,0.28253539318373944,41
998,0,1617,791,826,0,0,0,1.0,1,1.0,1,1.0,1,0.3057206420539884,40
999,0,1617,791,826,0,0,0,1.0,1,1.0,1,1.0,1,0.30642280367274805,40
1000,0,1617,791,826,0,0,0,1.0,1,1.0,1,1.0,1,0.30642280367274805,40
1001,1,1618,791,827,0,0,0,1.0,1,1.0,1,1.0,1,0.29634320221470556,39
1002,0,1618,791,827,0,0,0,1.0,1,1.0,1,1.0,1,0.29634320221470556,39
1003,1,1619,791,828,0,0,0,1.0,1,1.0,1,1.0,1,0.2680853899432425,39
1004,0,1619,791,828,0,0,0,1.0,1,1.0,1,1.0,1,0.2680853899432425,39
1005,0,1619,791,828,0,0,0,1.0,1,1.0,1,1.0,1,0.27546679188956263,40
1006,0,1619,791,828,0,0,0,1.0,1,1.0,1,1.0,1,0.272196163682541,41
1007,0,1619,791,828,0,0,0,1.0,1,1.0,1,1.0,1,0.2833107609145222,42
1008,1,1620,791,829,0,0,0,1.0,1,1.0,1,1.0,1,0.27448154043513917,43
1009,0,1620,791,829,0,0,0,1.0,1,1.0,1,1.0,1,0.2844661394420577,44
1010,1,1621,792,829,0,0,0,1.0,1,1.0,1,1.0,1,0.2650258664017793,44
1011,0,1621,792,829,0,0,0,1.0,1,1.0,1,1.0,1,0.2650258664017793,44
1012,4,1625,795,830,0,0,0,1.0,1,1.0,1,1.0,1,0.2644812148331086,46
1013,0,1625,795,830,0,0,0,1.0,1,1.0,1,1.0,1,0.2644812148331086,46
1014,3,1628,796,832,0,0,0,1.0,1,1.0,1,1.0,1,0.2652672767081994,46
1015,0,1628,796,832,0,0,0,1.0,1,1.0,1,1.0,1,0.2652672767081994,46
1016,2,1630,797,833,0,0,0,1.0,1,1.0,1,1.0,1,0.27879293694732205,47
1017,2,1632,797,835,0,0,0,1.0,1,1.0,1,1.0,1,0.24433766595677267,47
1018,5,1637,798,839,0,0,0,1.0,1,1.0,1,1.0,1,0.20462276405443214,48
1019,1,1638,799,839,0,0,0,1.0,1,1.0,1,1.0,1,0.21339676195364898,49
1020,1,1639,799,840,0,0,0,1.0,1,1.0,1,1.0,1,0.20394760519038724,51
1021,1,1640,800,840,0,0,0,1.0,1,1.0,1,1.0,1,0.220037492569146,51
1022,3,1643,801,842,0,0,0,1.0,1,1.0,1,1.0,1,0.174171154912079,52
1023,0,1643,801,842,0,0,0,1.0,1,1.0,1,1.0,1,0.18270433189037497,52
1024,1,1644,802,842,0,0,0,1.0,1,1.0,1,1.0,1,0.20096327491365257,52
1025,1,1645,802,843,0,0,0,1.0,1,1.0,1,1.0,1,0.20237323218217898,54
1026,1,1646,802,844,0,0,0,1.0,1,1.0,1,1.0,1,0.16764791174083993,54
1027,0,1646,802,844,0,0,0,1.0,1,1.0,1,1.0,1,0.16485733999013263,55
1028,1,1647,803,844,0,0,0,1.0,1,1.0,1,1.0,1,0.18104909023418364,56
1029,0,1647,803,844,0,0,0,1.0,1,1.0,1,1.0,1,0.18104909023418364,56
1030,3,1650,803,847,0,0,0,1.0,1,1.0,1,1.0,1,0.17259844999223825,57
1031,0,1650,803,847,0,0,0,1.0,1,1.0,1,1.0,1,0.1798812802141823,58
1032,3,1653,805,848,0,0,0,1.0,1,1.0,1,1.0,1,0.1788197708966659,58
1033,0,1653,805,848,0,0,0,1.0,1,1.0,1,1.0,1,0.1708337702557262,57
1034,3,1656,808,848,0,0,0,1.0,1,1.0,1,1.0,1,0.1789124857692728,57
1035,3,1659,810,849,0,0,0,1.0,1,1.0,1,1.0,1,0.20955389820931608,57
1036,5,1664,812,852,0,0,0,1.0,1,1.0,1,1.0,1,0.1886126597256818,59
1037,4,1668,815,853,0,0,0,1.0,1,1.0,1,1.0,1,0.20254479001446318,57
1038,3,1671,816,855,0,0,0,1.0,1,1.0,1,1.0,1,0.20363299484353728,59
1039,3,1674,819,855,0,0,0,1.0,1,1.0,1,1.0,1,0.20316965285421384,57
1040,1,1675,820,855,0,0,0,1.0,1,1.0,1,1.0,1,0.25385007758512806,56
1041,4,1679,822,857,0,0,0,1.0,1,1.0,1,1.0,1,0.2317601817059547,54
1042,2,1681,822,859,0,0,0,1.0,1,1.0,1,1.0,1,0.20441217260239264,52
1043,0,1681,822,859,0,0,0,1.0,1,1.0,1,1.0,1,0.20441217260239264,52
1044,1,1682,823,859,0,0,0,1.0,1,1.0,1,1.0,1,0.17839215664207092,50
1045,1,1683,824,859,0,0,0,1.0,1,1.0,1,1.0,1,0.21564696346672246,51
1046,2,1685,826,859,0,0,0,1.0,1,1.0,1,1.0,1,0.22414364820335742,50
1047,2,1687,826,861,0,0,0,1.0,1,1.0,1,1.0,1,0.20210035874274324,50
1048,1,1688,827,861,0,0,0,1.0,1,1.0,1,1.0,1,0.2031749390377286,50
1049,2,1690,828,862,0,0,0,1.0,1,1.0,1,1.0,1,0.20988240586293705,50
1050,1,1691,828,863,0,0,0,1.0,1,1.0,1,1.0,1,0.20031136754794776,50
1051,1,1692,828,864,0,0,0,1.0,1,1.0,1,1.0,1,0.18003220872763132,50
1052,2,1694,829,865,0,0,0,1.0,1,1.0,1,1.0,1,0.17756720702670648,51
1053,1,1695,829,866,0,0,0,1.0,1,1.0,1,1.0,1,0.17106235631041875,51
1054,0,1695,829,866,0,0,0,1.0,1,1.0,1,1.0,1,0.156097610583357,53
1055,0,1695,829,866,0,0,0,1.0,1,1.0,1,1.0,1,0.17106602534863677,54
1056,0,1695,829,866,0,0,0,1.0,1,1.0,1,1.0,1,0.1979064114775111,54
1057,4,1699,830,869,0,0,0,1.0,1,1.0,1,1.0,1,0.19718671087476433,55
1058,1,1700,831,869,0,0,0,1.0,1,1.0,1,1.0,1,0.21100877145864821,54
1059,2,1702,832,870,0,0,0,1.0,1,1.0,1,1.0,1,0.24174835509356304,53
1060,0,1702,832,870,0,0,0,1.0,1,1.0,1,1.0,1,0.24174835509356304,53
1061,4,1706,835,871,0,0,0,1.0,1,1.0,1,1.0,1,0.22553514323886453,53
1062,5,1711,840,871,0,0,0,1.0,1,1.0,1,1.0,1,0.23963256505640973,54
1063,4,1715,841,874,0,0,0,1.0,1,1.0,1,1.0,1,0.21452622895413598,53
1064,8,1723,845,878,0,0,0,1.0,1,1.0,1,1.0,1,0.20215373440520357,55
1065,0,1723,845,878,0,0,0,1.0,1,1.0,1,1.0,1,0.22446475918773323,54
1066,2,1725,845,880,0,0,0,1.0,1,1.0,1,1.0,1,0.21329867010486359,55
1067,2,1727,846,881,0,0,0,1.0,1,1.0,1,1.0,1,0.231170763278592,55
1068,0,1727,846,881,0,0,0,1.0,1,1.0,1,1.0,1,0.2512009535782286,55
1069,5,1732,848,884,0,0,0,1.0,1,1.0,1,1.0,1,0.2338901539889422,55
1070,0,1732,848,884,0,0,0,1.0,1,1.0,1,1.0,1,0.2334463295375929,54
1071,1,1733,848,885,0,0,0,1.0,1,1.0,1,1.0,1,0.21888965685619882,55
1072,0,1733,848,885,0,0,0,1.0,1,1.0,1,1.0,1,0.21190273472162915,54
1073,3,1736,849,887,0,0,0,1.0,1,1.0,1,1.0,1,0.1813462878251818,54
1074,1,1737,850,887,0,0,0,1.0,1,1.0,1,1.0,1,0.19928156721422788,52
1075,2,1739,851,888,0,0,0,1.0,1,1.0,1,1.0,1,0.21367962400930735,51
1076,4,1743,852,891,0,0,0,1.0,1,1.0,1,1.0,1,0.16559269018485714,52
1077,1,1744,853,891,0,0,0,1.0,1,1.0,1,1.0,1,0.17773905839440785,49
1078,2,1746,855,891,0,0,0,1.0,1,1.0,1,1.0,1,0.21741081223391448,48
1079,2,1748,857,891,0,0,0,1.0,1,1.0,1,1.0,1,0.23381951052308675,47
1080,1,1749,858,891,0,0,0,1.0,1,1.0,1,1.0,1,0.271380122813792,47
1081,1,1750,859,891,0,0,0,1.0,1,1.0,1,1.0,1,0.28692973716946063,45
1082,1,1751,860,891,0,0,0,1.0,1,1.0,1,1.0,1,0.3688317752714609,42
1083,4,1755,861,894,0,0,0,1.0,1,1.0,1,1.0,1,0.3572601006035734,42
1084,1,1756,861,895,0,0,0,1.0,1,1.0,1,1.0,1,0.34451786455306016,40
1085,2,1758,861,897,0,0,0,1.0,1,1.0,1,1.0,1,0.299448732223187,43
1086,1,1759,861,898,0,0,0,1.0,1,1.0,1,1.0,1,0.29217870469535534,41
1087,1,1760,861,899,0,0,0,1.0,1,1.0,1,1.0,1,0.26032170922140535,41
1088,2,1762,861,901,0,0,0,1.0,1,1.0,1,1.0,1,0.23758686360902728,41
1089,1,1763,862,901,0,0,0,1.0,1,1.0,1,1.0,1,0.23450284534507504,42
1090,0,1763,862,901,0,0,0,1.0,1,1.0,1,1.0,1,0.2285487017444112,43
1091,0,1763,862,901,0,0,0,1.0,1,1.0,1,1.0,1,0.23413502286746593,43
1092,1,1764,863,901,0,0,0,1.0,1,1.0,1,1.0,1,0.21385075720975794,43
1093,1,1765,864,901,0,0,0,1.0,1,1.0,1,1.0,1,0.21921483688820456,43
1094,1,1766,865,901,0,0,0,1.0,1,1.0,1,1.0,1,0.22756769133302598,43
1095,0,1766,865,901,0,0,0,1.0,1,1.0,1,1.0,1,0.24197420803180197,44
1096,2,1768,867,901,0,0,0,1.0,1,1.0,1,1.0,1,0.27047258190097834,44
1097,3,1771,869,902,0,0,0,1.0,1,1.0,1,1.0,1,0.321754388912248,45
1098,2,1773,869,904,0,0,0,1.0,1,1.0,1,1.0,1,0.31083169426647494,46
1099,3,1776,869,907,0,0,0,1.0,1,1.0,1,1.0,1,0.25341473036787643,48
1100,1,1777,869,908,0,0,0,1.0,1,1.0,1,1.0,1,0.2401069005237089,49
1101,2,1779,870,909,0,0,0,1.0,1,1.0,1,1.0,1,0.2328563085035933,49
1102,4,1783,873,910,0,0,0,1.0,1,1.0,1,1.0,1,0.2502847347750554,50
1103,3,1786,874,912,0,0,0,1.0,1,1.0,1,1.0,1,0.2024000264905264,48
1104,4,1790,878,912,0,0,0,1.0,1,1.0,1,1.0,1,0.213775975371464,50
1105,3,1793,880,913,0,0,0,1.0,1,1.0,1,1.0,1,0.17263393424436071,48
1106,1,1794,881,913,0,0,0,1.0,1,1.0,1,1.0,1,0.18952793889166045,48
1107,3,1797,883,914,0,0,0,1.0,1,1.0,1,1.0,1,0.20979175225785565,47
1108,2,1799,884,915,0,0,0,1.0,1,1.0,1,1.0,1,0.23169575223704794,47
1109,4,1803,886,917,0,0,0,1.0,1,1.0,1,1.0,1,0.21867727657209496,46
1110,2,1805,887,918,0,0,0,1.0,1,1.0,1,1.0,1,0.25322241893113906,43
1111,3,1808,888,920,0,0,0,1.0,1,1.0,1,1.0,1,0.242413925524241,44
1112,1,1809,889,920,0,0,0,1.0,1,1.0,1,1.0,1,0.30124221059564943,43
1113,3,1812,890,922,0,0,0,1.0,1,1.0,1,1.0,1,0.2984073043457569,39
1114,0,1812,890,922,0,0,0,1.0,1,1.0,1,1.0,1,0.2984073043457569,39
1115,1,1813,891,922,0,0,0,1.0,1,1.0,1,1.0,1,0.2910460521969195,37
1116,4,1817,894,923,0,0,0,1.0,1,1.0,1,1.0,1,0.24926429529984,37
1117,4,1821,896,925,0,0,0,1.0,1,1.0,1,1.0,1,0.21901547135207644,36
1118,0,1821,896,925,0,0,0,1.0,1,1.0,1,1.0,1,0.22030148063486907,36
1119,0,1821,896,925,0,0,0,1.0,1,1.0,1,1.0,1,0.22030148063486907,36
1120,0,1821,896,925,0,0,0,1.0,1,1.0,1,1.0,1,0.22030148063486907,36
1121,0,1821,896,925,0,0,0,1.0,1,1.0,1,1.0,1,0.22030148063486907,36
1122,1,1822,896,926,0,0,0,1.0,1,1.0,1,1.0,1,0.22691887733260901,37
1123,0,1822,896,926,0,0,0,1.0,1,1.0,1,1.0,1,0.22691887733260901,37
1124,0,1822,896,926,0,0,0,1.0,1,1.0,1,1.0,1,0.22691887733260901,37
1125,2,1824,897,927,0,0,0,1.0,1,1.0,1,1.0,1,0.2877342571248356,38
1126,0,1824,897,927,0,0,0,1.0,1,1.0,1,1.0,1,0.2877342571248356,38
1127,3,1827,898,929,0,0,0,1.0,1,1.0,1,1.0,1,0.2624599940503881,39
1128,0,1827,898,929,0,0,0,1.0,1,1.0,1,1.0,1,0.2624599940503881,39
1129,2,1829,899,930,0,0,0,1.0,1,1.0,1,1.0,1,0.2546817899458557,39
1130,1,1830,900,930,0,0,0,1.0,1,1.0,1,1.0,1,0.25933294829049935,39
1131,0,1830,900,930,0,0,0,1.0,1,1.0,1,1.0,1,0.25933294829049935,39
1132,1,1831,901,930,0,0,0,1.0,1,1.0,1,1.0,1,0.26687013447031976,39
1133,3,1834,902,932,0,0,0,1.0,1,1.0,1,1.0,1,0.2169784315374279,42
1134,0,1834,902,932,0,0,0,1.0,1,1.0,1,1.0,1,0.2169784315374279,42
1135,3,1837,903,934,0,0,0,1.0,1,1.0,1,1.0,1,0.2910164650911193,44
1136,1,1838,903,935,0,0,0,1.0,1,1.0,1,1.0,1,0.2972145343004543,46
1137,1,1839,903,936,0,0,0,1.0,1,1.0,1,1.0,1,0.2864646517534545,45
1138,3,1842,904,938,0,0,0,1.0,1,1.0,1,1.0,1,0.26552127078404697,46
1139,1,1843,905,938,0,0,0,1.0,1,1.0,1,1.0,1,0.28704743623341955,47
1140,1,1844,905,939,0,0,0,1.0,1,1.0,1,1.0,1,0.28003350518491005,46
1141,3,1847,905,942,0,0,0,1.0,1,1.0,1,1.0,1,0.24588710830176433,45
1142,4,1851,908,943,0,0,0,1.0,1,1.0,1,1.0,1,0.2358144403003958,45
1143,2,1853,910,943,0,0,0,1.0,1,1.0,1,1.0,1,0.22829601948696024,43
1144,6,1859,913,946,0,0,0,1.0,1,1.0,1,1.0,1,0.18173413899699348,45
1145,1,1860,914,946,0,0,0,1.0,1,1.0,1,1.0,1,0.18534037181949825,44
1146,1,1861,914,947,0,0,0,1.0,1,1.0,1,1.0,1,0.19696699762388753,45
1147,2,1863,916,947,0,0,0,1.0,1,1.0,1,1.0,1,0.22958373134721247,44
1148,4,1867,919,948,0,0,0,1.0,1,1.0,1,1.0,1,0.21951202326089886,43
1149,4,1871,920,951,0,0,0,1.0,1,1.0,1,1.0,1,0.22331584833764678,42
1150,5,1876,922,954,0,0,0,1.0,1,1.0,1,1.0,1,0.18941692186115044,45
1151,2,1878,923,955,0,0,0,1.0,1,1.0,1,1.0,1,0.22196533328798126,40
1152,4,1882,925,957,0,0,0,1.0,1,1.0,1,1.0,1,0.2652108752699477,41
1153,3,1885,927,958,0,0,0,1.0,1,1.0,1,1.0,1,0.28791042676462253,38
1154,1,1886,928,958,0,0,0,1.0,1,1.0,1,1.0,1,0.2740379892925682,37
1155,1,1887,928,959,0,0,0,1.0,1,1.0,1,1.0,1,0.2529042465086961,38
1156,0,1887,928,959,0,0,0,1.0,1,1.0,1,1.0,1,0.28647024771713847,38
1157,0,1887,928,959,0,0,0,1.0,1,1.0,1,1.0,1,0.27926156590086343,37
1158,1,1888,929,959,0,0,0,1.0,1,1.0,1,1.0,1,0.3429396787650913,36
1159,1,1889,929,960,0,0,0,1.0,1,1.0,1,1.0,1,0.2952916562157815,35
1160,0,1889,929,960,0,0,0,1.0,1,1.0,1,1.0,1,0.2952916562157815,35
1161,1,1890,929,961,0,0,0,1.0,1,1.0,1,1.0,1,0.29149175768757557,36
1162,0,1890,929,961,0,0,0,1.0,1,1.0,1,1.0,1,0.2938577545452421,37
1163,0,1890,929,961,0,0,0,1.0,1,1.0,1,1.0,1,0.2938577545452421,37
1164,0,1890,929,961,0,0,0,1.0,1,1.0,1,1.0,1,0.2811896861429846,38
1165,1,1891,929,962,0,0,0,1.0,1,1.0,1,1.0,1,0.2692912941091865,38
1166,1,1892,929,963,0,0,0,1.0,1,1.0,1,1.0,1,0.2779925803612702,40
1167,4,1896,931,965,0,0,0,1.0,1,1.0,1,1.0,1,0.27325224236490775,40
1168,3,1899,932,967,0,0,0,1.0,1,1.0,1,1.0,1,0.21000334215442065,40
1169,1,1900,932,968,0,0,0,1.0,1,1.0,1,1.0,1,0.20948779579597598,41
1170,2,1902,934,968,0,0,0,1.0,1,1.0,1,1.0,1,0.2160051576459554,41
1171,1,1903,935,968,0,0,0,1.0,1,1.0,1,1.0,1,0.22864374093498627,43
1172,1,1904,936,968,0,0,0,1.0,1,1.0,1,1.0,1,0.2196897010811609,43
1173,0,1904,936,968,0,0,0,1.0,1,1.0,1,1.0,1,0.2196897010811609,43
1174,0,1904,936,968,0,0,0,1.0,1,1.0,1,1.0,1,0.2196897010811609,43
1175,2,1906,936,970,0,0,0,1.0,1,1.0,1,1.0,1,0.19245218383237464,44
1176,2,1908,937,971,0,0,0,1.0,1,1.0,1,1.0,1,0.1790711847214159,45
1177,1,1909,938,971,0,0,0,1.0,1,1.0,1,1.0,1,0.2083090855093604,45
1178,1,1910,939,971,0,0,0,1.0,1,1.0,1,1.0,1,0.2097826611264761,45
1179,2,1912,940,972,0,0,0,1.0,1,1.0,1,1.0,1,0.25665958599454536,46
1180,1,1913,940,973,0,0,0,1.0,1,1.0,1,1.0,1,0.22928411912117105,47
1181,0,1913,940,973,0,0,0,1.0,1,1.0,1,1.0,1,0.24383089168225505,48
1182,2,1915,942,973,0,0,0,1.0,1,1.0,1,1.0,1,0.2613712330466032,48
1183,0,1915,942,973,0,0,0,1.0,1,1.0,1,1.0,1,0.26567750853766625,46
1184,2,1917,944,973,0,0,0,1.0,1,1.0,1,1.0,1,0.28970852951934645,47
1185,4,1921,945,976,0,0,0,1.0,1,1.0,1,1.0,1,0.25597191184007595,44
1186,1,1922,945,977,0,0,0,1.0,1,1.0,1,1.0,1,0.2742998811089524,47
1187,2,1924,946,978,0,0,0,1.0,1,1.0,1,1.0,1,0.2981186122449083,49
1188,0,1924,946,978,0,0,0,1.0,1,1.0,1,1.0,1,0.2969733553297011,50
1189,2,1926,946,980,0,0,0,1.0,1,1.0,1,1.0,1,0.26825999182789606,48
1190,1,1927,947,980,0,0,0,1.0,1,1.0,1,1.0,1,0.31024776201652754,48
1191,3,1930,947,983,0,0,0,1.0,1,1.0,1,1.0,1,0.28402301190153295,46
1192,0,1930,947,983,0,0,0,1.0,1,1.0,1,1.0,1,0.28402301190153295,46
1193,0,1930,947,983,0,0,0,1.0,1,1.0,1,1.0,1,0.26494243595332,45
1194,1,1931,947,984,0,0,0,1.0,1,1.0,1,1.0,1,0.25005283202898665,45
1195,2,1933,947,986,0,0,0,1.0,1,1.0,1,1.0,1,0.22784418886101204,47
1196,1,1934,948,986,0,0,0,1.0,1,1.0,1,1.0,1,0.22255880182802965,48
1197,1,1935,948,987,0,0,0,1.0,1,1.0,1,1.0,1,0.20268024817060926,49
1198,1,1936,949,987,0,0,0,1.0,1,1.0,1,1.0,1,0.20957851650642884,49
1199,1,1937,949,988,0,0,0,1.0,1,1.0,1,1.0,1,0.19879519813454893,50
1200,1,1938,950,988,0,0,0,1.0,1,1.0,1,1.0,1,0.2066899935589766,50
1201,0,1938,950,988,0,0,0,1.0,1,1.0,1,1.0,1,0.2066899935589766,50
1202,1,1939,951,988,0,0,0,1.0,1,1.0,1,1.0,1,0.2194333105068517,51
1203,0,1939,951,988,0,0,0,1.0,1,1.0,1,1.0,1,0.20827449812591436,52
1204,0,1939,951,988,0,0,0,1.0,1,1.0,1,1.0,1,0.20827449812591436,52
1205,4,1943,952,991,0,0,0,1.0,1,1.0,1,1.0,1,0.21215917880456553,53
1206,0,1943,952,991,0,0,0,1.0,1,1.0,1,1.0,1,0.21215917880456553,53
1207,1,1944,952,992,0,0,0,1.0,1,1.0,1,1.0,1,0.20617226282540155,55
1208,1,1945,952,993,0,0,0,1.0,1,1.0,1,1.0,1,0.20915683604195634,56
1209,2,1947,952,995,0,0,0,1.0,1,1.0,1,1.0,1,0.20332768386616923,55
1210,0,1947,952,995,0,0,0,1.0,1,1.0,1,1.0,1,0.20332768386616923,55
1211,0,1947,952,995,0,0,0,1.0,1,1.0,1,1.0,1,0.1908959393644576,57
1212,1,1948,953,995,0,0,0,1.0,1,1.0,1,1.0,1,0.18616552218858853,57
1213,1,1949,954,995,0,0,0,1.0,1,1.0,1,1.0,1,0.17822295252545772,57
1214,3,1952,957,995,0,0,0,1.0,1,1.0,1,1.0,1,0.24516609323128122,57
1215,1,1953,957,996,0,0,0,1.0,1,1.0,1,1.0,1,0.24994881540972885,59
1216,3,1956,957,999,0,0,0,1.0,1,1.0,1,1.0,1,0.2087328708834929,61
1217,2,1958,957,1001,0,0,0,1.0,1,1.0,1,1.0,1,0.188252285710208,61
1218,0,1958,957,1001,0,0,0,1.0,1,1.0,1,1.0,1,0.2147212327549105,61
1219,2,1960,958,1002,0,0,0,1.0,1,1.0,1,1.0,1,0.20267836979504342,61
1220,4,1964,959,1005,0,0,0,1.0,1,1.0,1,1.0,1,0.19024403863450745,60
1221,2,1966,960,1006,0,0,0,1.0,1,1.0,1,1.0,1,0.1899065350681196,61
1222,0,1966,960,1006,0,0,0,1.0,1,1.0,1,1.0,1,0.1899065350681196,61
1223,1,1967,961,1006,0,0,0,1.0,1,1.0,1,1.0,1,0.20355287592778065,59
1224,3,1970,964,1006,0,0,0,1.0,1,1.0,1,1.0,1,0.21859342726229605,60
1225,5,1975,965,1010,0,0,0,1.0,1,1.0,1,1.0,1,0.20833026205931524,60
1226,5,1980,966,1014,0,0,0,1.0,1,1.0,1,1.0,1,0.17337777132294424,61
1227,3,1983,968,1015,0,0,0,1.0,1,1.0,1,1.0,1,0.148899620055544,59
1228,2,1985,969,1016,0,0,0,1.0,1,1.0,1,1.0,1,0.1311631804492991,58
1229,2,1987,971,1016,0,0,0,1.0,1,1.0,1,1.0,1,0.14729692213232087,57
1230,2,1989,972,1017,0,0,0,1.0,1,1.0,1,1.0,1,0.1650535503505932,55
1231,3,1992,974,1018,0,0,0,1.0,1,1.0,1,1.0,1,0.1995436648468317,54
1232,2,1994,976,1018,0,0,0,1.0,1,1.0,1,1.0,1,0.23829648714841828,51
1233,3,1997,978,1019,0,0,0,1.0,1,1.0,1,1.0,1,0.2386594543015225,49
1234,4,2001,981,1020,0,0,0,1.0,1,1.0,1,1.0,1,0.2733749592014813,49
1235,1,2002,982,1020,0,0,0,1.0,1,1.0,1,1.0,1,0.30840882678134945,48
1236,4,2006,982,1024,0,0,0,1.0,1,1.0,1,1.0,1,0.23700438203676136,49
1237,3,2009,983,1026,0,0,0,1.0,1,1.0,1,1.0,1,0.24212378434681928,48
1238,1,2010,983,1027,0,0,0,1.0,1,1.0,1,1.0,1,0.22691757454921446,47
1239,0,2010,983,1027,0,0,0,1.0,1,1.0,1,1.0,1,0.21116251092446134,48
1240,1,2011,983,1028,0,0,0,1.0,1,1.0,1,1.0,1,0.2173645218626179,49
1241,1,2012,984,1028,0,0,0,1.0,1,1.0,1,1.0,1,0.21137528067065287,49
1242,0,2012,984,1028,0,0,0,1.0,1,1.0,1,1.0,1,0.21492265647374187,49
1243,0,2012,984,1028,0,0,0,1.0,1,1.0,1,1.0,1,0.2184897645382853,50
1244,0,2012,984,1028,0,0,0,1.0,1,1.0,1,1.0,1,0.23273390977304986,50
1245,1,2013,984,1029,0,0,0,1.0,1,1.0,1,1.0,1,0.24320470346782425,51
1246,1,2014,985,1029,0,0,0,1.0,1,1.0,1,1.0,1,0.2839038638474253,52
1247,1,2015,985,1030,0,0,0,1.0,1,1.0,1,1.0,1,0.2691674963624063,52
1248,1,2016,986,1030,0,0,0,1.0,1,1.0,1,1.0,1,0.32838182166455526,51
1249,6,2022,987,1035,0,0,0,1.0,1,1.0,1,1.0,1,0.24641728309116712,51
1250,2,2024,989,1035,0,0,0,1.0,1,1.0,1,1.0,1,0.22161902788118867,51
1251,1,2025,989,1036,0,0,0,1.0,1,1.0,1,1.0,1,0.20670994400629317,53
1252,2,2027,991,1036,0,0,0,1.0,1,1.0,1,1.0,1,0.2222231259551329,52
1253,1,2028,991,1037,0,0,0,1.0,1,1.0,1,1.0,1,0.20503981202887092,52
1254,0,2028,991,1037,0,0,0,1.0,1,1.0,1,1.0,1,0.191271623831257,53
1255,5,2033,992,1041,0,0,0,1.0,1,1.0,1,1.0,1,0.17405588360905966,55
1256,0,2033,992,1041,0,0,0,1.0,1,1.0,1,1.0,1,0.17405588360905966,55
1257,0,2033,992,1041,0,0,0,1.0,1,1.0,1,1.0,1,0.18848273263433762,57
1258,0,2033,992,1041,0,0,0,1.0,1,1.0,1,1.0,1,0.18820275201067596,57
1259,0,2033,992,1041,0,0,0,1.0,1,1.0,1,1.0,1,0.18820275201067596,57
1260,1,2034,993,1041,0,0,0,1.0,1,1.0,1,1.0,1,0.1947602235185437,56
1261,1,2035,993,1042,0,0,0,1.0,1,1.0,1,1.0,1,0.1912070130078827,57
1262,2,2037,994,1043,0,0,0,1.0,1,1.0,1,1.0,1,0.20796156429013296,58
1263,5,2042,997,1045,0,0,0,1.0,1,1.0,1,1.0,1,0.21810001766282128,58
1264,3,2045,997,1048,0,0,0,1.0,1,1.0,1,1.0,1,0.1680690896996534,57
1265,6,2051,1001,1050,0,0,0,1.0,1,1.0,1,1.0,1,0.1704197924728691,56
1266,0,2051,1001,1050,0,0,0,1.0,1,1.0,1,1.0,1,0.16727002788541803,55
1267,2,2053,1002,1051,0,0,0,1.0,1,1.0,1,1.0,1,0.20024207129694577,53
1268,3,2056,1005,1051,0,0,0,1.0,1,1.0,1,1.0,1,0.2466860404563973,52
1269,1,2057,1005,1052,0,0,0,1.0,1,1.0,1,1.0,1,0.2188973300370361,51
1270,0,2057,1005,1052,0,0,0,1.0,1,1.0,1,1.0,1,0.20688732825161946,47
1271,1,2058,1006,1052,0,0,0,1.0,1,1.0,1,1.0,1,0.23679933421652602,46
1272,0,2058,1006,1052,0,0,0,1.0,1,1.0,1,1.0,1,0.20288997047643842,43
1273,4,2062,1008,1054,0,0,0,1.0,1,1.0,1,1.0,1,0.1857410310098955,44
1274,3,2065,1010,1055,0,0,0,1.0,1,1.0,1,1.0,1,0.23026817290600954,44
1275,1,2066,1010,1056,0,0,0,1.0,1,1.0,1,1.0,1,0.21979161195231792,45
1276,0,2066,1010,1056,0,0,0,1.0,1,1.0,1,1.0,1,0.23289947349295714,43
1277,4,2070,1012,1058,0,0,0,1.0,1,1.0,1,1.0,1,0.23838948892584305,44
1278,4,2074,1015,1059,0,0,0,1.0,1,1.0,1,1.0,1,0.26390115161948596,45
1279,0,2074,1015,1059,0,0,0,1.0,1,1.0,1,1.0,1,0.2560506131849636,47
1280,0,2074,1015,1059,0,0,0,1.0,1,1.0,1,1.0,1,0.2560506131849636,47
1281,3,2077,1015,1062,0,0,0,1.0,1,1.0,1,1.0,1,0.21404498741632683,47
1282,2,2079,1016,1063,0,0,0,1.0,1,1.0,1,1.0,1,0.23705329677382336,46
1283,1,2080,1017,1063,0,0,0,1.0,1,1.0,1,1.0,1,0.2440904425445108,46
1284,0,2080,1017,1063,0,0,0,1.0,1,1.0,1,1.0,1,0.2440904425445108,46
1285,2,2082,1017,1065,0,0,0,1.0,1,1.0,1,1.0,1,0.24493720558135568,46
1286,0,2082,1017,1065,0,0,0,1.0,1,1.0,1,1.0,1,0.24653511246932802,45
1287,3,2085,1017,1068,0,0,0,1.0,1,1.0,1,1.0,1,0.2079180615332211,49
1288,1,2086,1017,1069,0,0,0,1.0,1,1.0,1,1.0,1,0.1767713082015453,49
1289,2,2088,1017,1071,0,0,0,1.0,1,1.0,1,1.0,1,0.13026596118207842,52
1290,0,2088,1017,1071,0,0,0,1.0,1,1.0,1,1.0,1,0.13026596118207842,52
1291,0,2088,1017,1071,0,0,0,1.0,1,1.0,1,1.0,1,0.13026596118207842,52
1292,1,2089,1017,1072,0,0,0,1.0,1,1.0,1,1.0,1,0.1187451513874585,53
1293,1,2090,1018,1072,0,0,0,1.0,1,1.0,1,1.0,1,0.11593061123186582,53
1294,0,2090,1018,1072,0,0,0,1.0,1,1.0,1,1.0,1,0.11593061123186582,53
1295,1,2091,1019,1072,0,0,0,1.0,1,1.0,1,1.0,1,0.13814215137727248,54
1296,0,2091,1019,1072,0,0,0,1.0,1,1.0,1,1.0,1,0.14825645149210132,55
1297,3,2094,1019,1075,0,0,0,1.0,1,1.0,1,1.0,1,0.1021200280536205,54
1298,0,2094,1019,1075,0,0,0,1.0,1,1.0,1,1.0,1,0.11643578644046401,55
1299,0,2094,1019,1075,0,0,0,1.0,1,1.0,1,1.0,1,0.13525239023911742,54
1300,0,2094,1019,1075,0,0,0,1.0,1,1.0,1,1.0,1,0.15353026893943506,55
1301,3,2097,1021,1076,0,0,0,1.0,1,1.0,1,1.0,1,0.19115704256765845,54
1302,2,2099,1023,1076,0,0,0,1.0,1,1.0,1,1.0,1,0.2306403168418592,54
1303,7,2106,1026,1080,0,0,0,1.0,1,1.0,1,1.0,1,0.26828207537970583,50
1304,5,2111,1030,1081,0,0,0,1.0,1,1.0,1,1.0,1,0.2531220589526758,51
1305,6,2117,1032,1085,0,0,0,1.0,1,1.0,1,1.0,1,0.18101417956331284,48
1306,5,2122,1036,1086,0,0,0,1.0,1,1.0,1,1.0,1,0.2563639293191772,48
1307,0,2122,1036,1086,0,0,0,1.0,1,1.0,1,1.0,1,0.22610216488880172,48
1308,2,2124,1038,1086,0,0,0,1.0,1,1.0,1,1.0,1,0.2554899971288871,46
1309,5,2129,1040,1089,0,0,0,1.0,1,1.0,1,1.0,1,0.2270832757925255,47
1310,0,2129,1040,1089,0,0,0,1.0,1,1.0,1,1.0,1,0.20037382935675316,46
1311,2,2131,1042,1089,0,0,0,1.0,1,1.0,1,1.0,1,0.2650988300979441,46
1312,2,2133,1044,1089,0,0,0,1.0,1,1.0,1,1.0,1,0.29098051310979034,45
1313,2,2135,1044,1091,0,0,0,1.0,1,1.0,1,1.0,1,0.28194394767706954,44
1314,1,2136,1044,1092,0,0,0,1.0,1,1.0,1,1.0,1,0.26633064951100516,42
1315,0,2136,1044,1092,0,0,0,1.0,1,1.0,1,1.0,1,0.27561461210645144,40
1316,0,2136,1044,1092,0,0,0,1.0,1,1.0,1,1.0,1,0.2574301110886909,42
1317,2,2138,1045,1093,0,0,0,1.0,1,1.0,1,1.0,1,0.28744669354816826,42
1318,0,2138,1045,1093,0,0,0,1.0,1,1.0,1,1.0,1,0.28744669354816826,42
1319,1,2139,1045,1094,0,0,0,1.0,1,1.0,1,1.0,1,0.25026213578682543,42
1320,0,2139,1045,1094,0,0,0,1.0,1,1.0,1,1.0,1,0.25026213578682543,42
1321,0,2139,1045,1094,0,0,0,1.0,1,1.0,1,1.0,1,0.23553860421743547,45
1322,1,2140,1045,1095,0,0,0,1.0,1,1.0,1,1.0,1,0.22959058856557987,45
1323,1,2141,1046,1095,0,0,0,1.0,1,1.0,1,1.0,1,0.22937308278139518,46
1324,0,2141,1046,1095,0,0,0,1.0,1,1.0,1,1.0,1,0.24518088992407663,45
1325,3,2144,1047,1097,0,0,0,1.0,1,1.0,1,1.0,1,0.24045041137766487,46
1326,1,2145,1048,1097,0,0,0,1.0,1,1.0,1,1.0,1,0.28878276080648074,45
1327,3,2148,1048,1100,0,0,0,1.0,1,1.0,1,1.0,1,0.2533709054024519,46
1328,2,2150,1048,1102,0,0,0,1.0,1,1.0,1,1.0,1,0.21612322121462418,47
1329,3,2153,1049,1104,0,0,0,1.0,1,1.0,1,1.0,1,0.20227592792717916,47
1330,0,2153,1049,1104,0,0,0,1.0,1,1.0,1,1.0,1,0.22079259966160286,46
1331,1,2154,1050,1104,0,0,0,1.0,1,1.0,1,1.0,1,0.21537048741615203,46
1332,2,2156,1051,1105,0,0,0,1.0,1,1.0,1,1.0,1,0.21814102167262983,49
1333,1,2157,1051,1106,0,0,0,1.0,1,1.0,1,1.0,1,0.21269222675366628,50
1334,1,2158,1052,1106,0,0,0,1.0,1,1.0,1,1.0,1,0.20941142659933895,50
1335,0,2158,1052,1106,0,0,0,1.0,1,1.0,1,1.0,1,0.23731730187508537,52
1336,0,2158,1052,1106,0,0,0,1.0,1,1.0,1,1.0,1,0.22478977458582336,53
1337,3,2161,1054,1107,0,0,0,1.0,1,1.0,1,1.0,1,0.26487406775902433,54
1338,2,2163,1055,1108,0,0,0,1.0,1,1.0,1,1.0,1,0.2689073687146317,54
1339,2,2165,1056,1109,0,0,0,1.0,1,1.0,1,1.0,1,0.2839011674693882,54
1340,1,2166,1056,1110,0,0,0,1.0,1,1.0,1,1.0,1,0.29536018996238783,53
1341,0,2166,1056,1110,0,0,0,1.0,1,1.0,1,1.0,1,0.2794694177810359,53
1342,1,2167,1057,1110,0,0,0,1.0,1,1.0,1,1.0,1,0.27341641214483725,52
1343,1,2168,1058,1110,0,0,0,1.0,1,1.0,1,1.0,1,0.27263982145015003,50
1344,4,2172,1061,1111,0,0,0,1.0,1,1.0,1,1.0,1,0.2904602753024615,51
1345,1,2173,1061,1112,0,0,0,1.0,1,1.0,1,1.0,1,0.2690994349360469,50
1346,2,2175,1063,1112,0,0,0,1.0,1,1.0,1,1.0,1,0.2793918991241254,50
1347,0,2175,1063,1112,0,0,0,1.0,1,1.0,1,1.0,1,0.27548270497062305,48
1348,1,2176,1063,1113,0,0,0,1.0,1,1.0,1,1.0,1,0.26259198631603237,49
1349,2,2178,1064,1114,0,0,0,1.0,1,1.0,1,1.0,1,0.2489417028043397,48
1350,2,2180,1065,1115,0,0,0,1.0,1,1.0,1,1.0,1,0.28120295173299,49
1351,0,2180,1065,1115,0,0,0,1.0,1,1.0,1,1.0,1,0.268705086028282,48
1352,3,2183,1067,1116,0,0,0,1.0,1,1.0,1,1.0,1,0.2817538932253983,49
1353,1,2184,1067,1117,0,0,0,1.0,1,1.0,1,1.0,1,0.255987800399244,49
1354,2,2186,1067,1119,0,0,0,1.0,1,1.0,1,1.0,1,0.22854090334961658,49
1355,1,2187,1067,1120,0,0,0,1.0,1,1.0,1,1.0,1,0.20580859096285833,50
1356,2,2189,1067,1122,0,0,0,1.0,1,1.0,1,1.0,1,0.17109528676992294,50
1357,4,2193,1070,1123,0,0,0,1.0,1,1.0,1,1.0,1,0.18692758898319276,50
1358,4,2197,1071,1126,0,0,0,1.0,1,1.0,1,1.0,1,0.19432765328391874,51
1359,3,2200,1072,1128,0,0,0,1.0,1,1.0,1,1.0,1,0.20296977828062937,53
1360,1,2201,1072,1129,0,0,0,1.0,1,1.0,1,1.0,1,0.20696426060468856,54
1361,2,2203,1072,1131,0,0,0,1.0,1,1.0,1,1.0,1,0.16447607199483946,54
1362,1,2204,1073,1131,0,0,0,1.0,1,1.0,1,1.0,1,0.1658874995682349,55
1363,0,2204,1073,1131,0,0,0,1.0,1,1.0,1,1.0,1,0.1658874995682349,55
1364,2,2206,1073,1133,0,0,0,1.0,1,1.0,1,1.0,1,0.1618418987811999,55
1365,2,2208,1074,1134,0,0,0,1.0,1,1.0,1,1.0,1,0.18096456476059453,56
1366,0,2208,1074,1134,0,0,0,1.0,1,1.0,1,1.0,1,0.18096456476059453,56
1367,1,2209,1075,1134,0,0,0,1.0,1,1.0,1,1.0,1,0.18958173526186564,56
1368,4,2213,1076,1137,0,0,0,1.0,1,1.0,1,1.0,1,0.19810222114615683,58
1369,5,2218,1076,1142,0,0,0,1.0,1,1.0,1,1.0,1,0.13360080496476415,59
1370,1,2219,1077,1142,0,0,0,1.0,1,1.0,1,1.0,1,0.13762735159796977,59
1371,1,2220,1077,1143,0,0,0,1.0,1,1.0,1,1.0,1,0.14879696250172636,59
1372,1,2221,1078,1143,0,0,0,1.0,1,1.0,1,1.0,1,0.1626717864420507,59
1373,1,2222,1078,1144,0,0,0,1.0,1,1.0,1,1.0,1,0.15698689228691445,59
1374,3,2225,1081,1144,0,0,0,1.0,1,1.0,1,1.0,1,0.18333110990155735,60
1375,2,2227,1081,1146,0,0,0,1.0,1,1.0,1,1.0,1,0.15789795812452484,61
1376,2,2229,1081,1148,0,0,0,1.0,1,1.0,1,1.0,1,0.16835574948748036,61
1377,2,2231,1081,1150,0,0,0,1.0,1,1.0,1,1.0,1,0.1381347317996473,61
1378,1,2232,1082,1150,0,0,0,1.0,1,1.0,1,1.0,1,0.16175752704657492,61
1379,1,2233,1083,1150,0,0,0,1.0,1,1.0,1,1.0,1,0.1821905711504965,60
1380,2,2235,1085,1150,0,0,0,1.0,1,1.0,1,1.0,1,0.2036302090072573,60
1381,3,2238,1086,1152,0,0,0,1.0,1,1.0,1,1.0,1,0.20840480786639276,58
1382,4,2242,1089,1153,0,0,0,1.0,1,1.0,1,1.0,1,0.22467881696485326,58
1383,3,2245,1092,1153,0,0,0,1.0,1,1.0,1,1.0,1,0.18624312995276845,57
1384,4,2249,1095,1154,0,0,0,1.0,1,1.0,1,1.0,1,0.19904192642060045,54
1385,1,2250,1096,1154,0,0,0,1.0,1,1.0,1,1.0,1,0.21088146110513464,52
1386,3,2253,1097,1156,0,0,0,1.0,1,1.0,1,1.0,1,0.18796384335502705,51
1387,4,2257,1098,1159,0,0,0,1.0,1,1.0,1,1.0,1,0.21137741401779367,51
1388,3,2260,1101,1159,0,0,0,1.0,1,1.0,1,1.0,1,0.18850204806350687,52
1389,3,2263,1101,1162,0,0,0,1.0,1,1.0,1,1.0,1,0.19035564297713442,50
1390,2,2265,1102,1163,0,0,0,1.0,1,1.0,1,1.0,1,0.19506654435493895,51
1391,0,2265,1102,1163,0,0,0,1.0,1,1.0,1,1.0,1,0.18615273305139438,50
1392,1,2266,1103,1163,0,0,0,1.0,1,1.0,1,1.0,1,0.20817681629353915,50
1393,2,2268,1103,1165,0,0,0,1.0,1,1.0,1,1.0,1,0.16284901327929321,49
1394,1,2269,1104,1165,0,0,0,1.0,1,1.0,1,1.0,1,0.18437951940439049,50
1395,0,2269,1104,1165,0,0,0,1.0,1,1.0,1,1.0,1,0.19776137115210723,51
1396,1,2270,1104,1166,0,0,0,1.0,1,1.0,1,1.0,1,0.19996337819999438,52
1397,0,2270,1104,1166,0,0,0,1.0,1,1.0,1,1.0,1,0.19996337819999438,52
1398,1,2271,1105,1166,0,0,0,1.0,1,1.0,1,1.0,1,0.19167841619996603,53
1399,2,2273,1107,1166,0,0,0,1.0,1,1.0,1,1.0,1,0.19417964207903313,54
1400,2,2275,1108,1167,0,0,0,1.0,1,1.0,1,1.0,1,0.20876447400728576,54
1401,1,2276,1109,1167,0,0,0,1.0,1,1.0,1,1.0,1,0.21574650791328642,54
1402,3,2279,1112,1167,0,0,0,1.0,1,1.0,1,1.0,1,0.25492963443366423,53
1403,0,2279,1112,1167,0,0,0,1.0,1,1.0,1,1.0,1,0.27406963188929623,52
1404,1,2280,1112,1168,0,0,0,1.0,1,1.0,1,1.0,1,0.274793808674306,53
1405,2,2282,1112,1170,0,0,0,1.0,1,1.0,1,1.0,1,0.24548402744140824,52
1406,0,2282,1112,1170,0,0,0,1.0,1,1.0,1,1.0,1,0.23419589200035057,53
1407,0,2282,1112,1170,0,0,0,1.0,1,1.0,1,1.0,1,0.24364487593638554,54
1408,0,2282,1112,1170,0,0,0,1.0,1,1.0,1,1.0,1,0.2585076951574124,53
1409,2,2284,1112,1172,0,0,0,1.0,1,1.0,1,1.0,1,0.2368276702796172,55
1410,0,2284,1112,1172,0,0,0,1.0,1,1.0,1,1.0,1,0.23274082298570045,54
1411,0,2284,1112,1172,0,0,0,1.0,1,1.0,1,1.0,1,0.23274082298570045,54
1412,0,2284,1112,1172,0,0,0,1.0,1,1.0,1,1.0,1,0.23781697268070126,53
1413,1,2285,1112,1173,0,0,0,1.0,1,1.0,1,1.0,1,0.21702411011090053,54
1414,2,2287,1112,1175,0,0,0,1.0,1,1.0,1,1.0,1,0.21710011444453634,55
1415,2,2289,1113,1176,0,0,0,1.0,1,1.0,1,1.0,1,0.200791852542896,57
1416,2,2291,1113,1178,0,0,0,1.0,1,1.0,1,1.0,1,0.1990029439778061,59
1417,1,2292,1114,1178,0,0,0,1.0,1,1.0,1,1.0,1,0.2139860006400067,58
1418,3,2295,1115,1180,0,0,0,1.0,1,1.0,1,1.0,1,0.1893322295488696,57
1419,1,2296,1116,1180,0,0,0,1.0,1,1.0,1,1.0,1,0.21253291416059958,56
1420,2,2298,1116,1182,0,0,0,1.0,1,1.0,1,1.0,1,0.23991383934303978,54
1421,2,2300,1117,1183,0,0,0,1.0,1,1.0,1,1.0,1,0.2561423551925412,55
1422,1,2301,1117,1184,0,0,0,1.0,1,1.0,1,1.0,1,0.19824398690275338,52
1423,2,2303,1119,1184,0,0,0,1.0,1,1.0,1,1.0,1,0.21969594163291395,52
1424,3,2306,1122,1184,0,0,0,1.0,1,1.0,1,1.0,1,0.24899791886022918,51
1425,2,2308,1122,1186,0,0,0,1.0,1,1.0,1,1.0,1,0.22554551172496745,50
1426,2,2310,1123,1187,0,0,0,1.0,1,1.0,1,1.0,1,0.2462273977610308,50
1427,0,2310,1123,1187,0,0,0,1.0,1,1.0,1,1.0,1,0.25156360938132843,48
1428,5,2315,1126,1189,0,0,0,1.0,1,1.0,1,1.0,1,0.24974881796152404,48
1429,2,2317,1127,1190,0,0,0,1.0,1,1.0,1,1.0,1,0.2505611174836224,48
1430,0,2317,1127,1190,0,0,0,1.0,1,1.0,1,1.0,1,0.2505611174836224,48
1431,0,2317,1127,1190,0,0,0,1.0,1,1.0,1,1.0,1,0.2505611174836224,48
1432,2,2319,1128,1191,0,0,0,1.0,1,1.0,1,1.0,1,0.2277530451140874,50
1433,1,2320,1128,1192,0,0,0,1.0,1,1.0,1,1.0,1,0.2264953253684902,51
1434,3,2323,1130,1193,0,0,0,1.0,1,1.0,1,1.0,1,0.22680390903085482,51
1435,5,2328,1133,1195,0,0,0,1.0,1,1.0,1,1.0,1,0.220314332647304,50
1436,2,2330,1134,1196,0,0,0,1.0,1,1.0,1,1.0,1,0.22399850250944806,51
1437,3,2333,1134,1199,0,0,0,1.0,1,1.0,1,1.0,1,0.17334230775449203,51
1438,2,2335,1135,1200,0,0,0,1.0,1,1.0,1,1.0,1,0.17561226368421828,51
1439,2,2337,1137,1200,0,0,0,1.0,1,1.0,1,1.0,1,0.19975493866537572,50
1440,1,2338,1138,1200,0,0,0,1.0,1,1.0,1,1.0,1,0.23852196892713196,51
1441,1,2339,1138,1201,0,0,0,1.0,1,1.0,1,1.0,1,0.23390980968169423,51
1442,2,2341,1139,1202,0,0,0,1.0,1,1.0,1,1.0,1,0.22587335714328058,52
1443,3,2344,1139,1205,0,0,0,1.0,1,1.0,1,1.0,1,0.21005643940345628,53
1444,3,2347,1139,1208,0,0,0,1.0,1,1.0,1,1.0,1,0.17621915254730386,54
1445,0,2347,1139,1208,0,0,0,1.0,1,1.0,1,1.0,1,0.17621915254730386,54
1446,0,2347,1139,1208,0,0,0,1.0,1,1.0,1,1.0,1,0.18678015631467615,54
1447,0,2347,1139,1208,0,0,0,1.0,1,1.0,1,1.0,1,0.187427257418484,55
1448,0,2347,1139,1208,0,0,0,1.0,1,1.0,1,1.0,1,0.187427257418484,55
1449,1,2348,1140,1208,0,0,0,1.0,1,1.0,1,1.0,1,0.17757412008440007,55
1450,5,2353,1141,1212,0,0,0,1.0,1,1.0,1,1.0,1,0.13259294200270777,57
1451,0,2353,1141,1212,0,0,0,1.0,1,1.0,1,1.0,1,0.13259294200270777,57
1452,0,2353,1141,1212,0,0,0,1.0,1,1.0,1,1.0,1,0.13259294200270777,57
1453,2,2355,1143,1212,0,0,0,1.0,1,1.0,1,1.0,1,0.17560648499978412,57
1454,4,2359,1145,1214,0,0,0,1.0,1,1.0,1,1.0,1,0.1904599849705038,58
1455,1,2360,1145,1215,0,0,0,1.0,1,1.0,1,1.0,1,0.18374405575186362,56
1456,2,2362,1146,1216,0,0,0,1.0,1,1.0,1,1.0,1,0.1884763767012792,55
1457,2,2364,1146,1218,0,0,0,1.0,1,1.0,1,1.0,1,0.1808476683846684,54
1458,2,2366,1148,1218,0,0,0,1.0,1,1.0,1,1.0,1,0.19846959021877614,53
1459,2,2368,1148,1220,0,0,0,1.0,1,1.0,1,1.0,1,0.14214423063426893,52
1460,0,2368,1148,1220,0,0,0,1.0,1,1.0,1,1.0,1,0.1378811602235595,51
1461,2,2370,1150,1220,0,0,0,1.0,1,1.0,1,1.0,1,0.14601342369912737,51
1462,3,2373,1153,1220,0,0,0,1.0,1,1.0,1,1.0,1,0.14446896600806516,51
1463,4,2377,1157,1220,0,0,0,1.0,1,1.0,1,1.0,1,0.2137657732893651,52
1464,3,2380,1160,1220,0,0,0,1.0,1,1.0,1,1.0,1,0.26296427762594166,52
1465,4,2384,1161,1223,0,0,0,1.0,1,1.0,1,1.0,1,0.22664385173686175,51
1466,4,2388,1163,1225,0,0,0,1.0,1,1.0,1,1.0,1,0.21632911631639262,50
1467,3,2391,1165,1226,0,0,0,1.0,1,1.0,1,1.0,1,0.1991317016888805,48
1468,3,2394,1166,1228,0,0,0,1.0,1,1.0,1,1.0,1,0.1510564196438656,48
1469,5,2399,1168,1231,0,0,0,1.0,1,1.0,1,1.0,1,0.14176386812696962,48
1470,2,2401,1169,1232,0,0,0,1.0,1,1.0,1,1.0,1,0.13673803455864178,48
1471,2,2403,1171,1232,0,0,0,1.0,1,1.0,1,1.0,1,0.1652898589943939,45
1472,1,2404,1172,1232,0,0,0,1.0,1,1.0,1,1.0,1,0.16543104738404027,45
1473,2,2406,1173,1233,0,0,0,1.0,1,1.0,1,1.0,1,0.14962659593647645,46
1474,0,2406,1173,1233,0,0,0,1.0,1,1.0,1,1.0,1,0.16551561626608216,46
1475,0,2406,1173,1233,0,0,0,1.0,1,1.0,1,1.0,1,0.16551561626608216,46
1476,1,2407,1173,1234,0,0,0,1.0,1,1.0,1,1.0,1,0.16565702029559323,47
1477,1,2408,1174,1234,0,0,0,1.0,1,1.0,1,1.0,1,0.17907088776503235,47
1478,3,2411,1175,1236,0,0,0,1.0,1,1.0,1,1.0,1,0.18661618943176353,47
1479,1,2412,1175,1237,0,0,0,1.0,1,1.0,1,1.0,1,0.17415670857584137,48
1480,2,2414,1176,1238,0,0,0,1.0,1,1.0,1,1.0,1,0.18483231203347145,47
1481,3,2417,1177,1240,0,0,0,1.0,1,1.0,1,1.0,1,0.17821692703783873,47
1482,2,2419,1179,1240,0,0,0,1.0,1,1.0,1,1.0,1,0.21248070469018704,46
1483,2,2421,1180,1241,0,0,0,1.0,1,1.0,1,1.0,1,0.2197355944886797,47
1484,1,2422,1181,1241,0,0,0,1.0,1,1.0,1,1.0,1,0.22165210195484816,47
1485,2,2424,1181,1243,0,0,0,1.0,1,1.0,1,1.0,1,0.2435683732864295,47
1486,2,2426,1181,1245,0,0,0,1.0,1,1.0,1,1.0,1,0.21946194505496144,49
1487,4,2430,1184,1246,0,0,0,1.0,1,1.0,1,1.0,1,0.1805324685969606,49
1488,1,2431,1185,1246,0,0,0,1.0,1,1.0,1,1.0,1,0.17839190056948503,51
1489,1,2432,1185,1247,0,0,0,1.0,1,1.0,1,1.0,1,0.17886322588735148,52
1490,1,2433,1185,1248,0,0,0,1.0,1,1.0,1,1.0,1,0.1492905482739901,52
1491,2,2435,1187,1248,0,0,0,1.0,1,1.0,1,1.0,1,0.17005259708777043,53
1492,4,2439,1190,1249,0,0,0,1.0,1,1.0,1,1.0,1,0.20405642066768875,53
1493,2,2441,1190,1251,0,0,0,1.0,1,1.0,1,1.0,1,0.11850290568474735,52
1494,2,2443,1192,1251,0,0,0,1.0,1,1.0,1,1.0,1,0.1294290412114744,50
1495,2,2445,1194,1251,0,0,0,1.0,1,1.0,1,1.0,1,0.11091261993200875,50
1496,3,2448,1196,1252,0,0,0,1.0,1,1.0,1,1.0,1,0.17128032453706227,52
1497,2,2450,1197,1253,0,0,0,1.0,1,1.0,1,1.0,1,0.16099762172711157,51
1498,1,2451,1198,1253,0,0,0,1.0,1,1.0,1,1.0,1,0.17412706463690325,50
1499,0,2451,1198,1253,0,0,0,1.0,1,1.0,1,1.0,1,0.1720236922778885,50
1500,3,2454,1200,1254,0,0,0,1.0,1,1.0,1,1.0,1,0.19790016983218323,49
1501,1,2455,1200,1255,0,0,0,1.0,1,1.0,1,1.0,1,0.1795406827977598,47
1502,3,2458,1203,1255,0,0,0,1.0,1,1.0,1,1.0,1,0.24744188894517538,47
1503,3,2461,1204,1257,0,0,0,1.0,1,1.0,1,1.0,1,0.18033212078077865,47
1504,0,2461,1204,1257,0,0,0,1.0,1,1.0,1,1.0,1,0.16144776054627483,48
1505,2,2463,1206,1257,0,0,0,1.0,1,1.0,1,1.0,1,0.18744505609405687,47
1506,2,2465,1208,1257,0,0,0,1.0,1,1.0,1,1.0,1,0.20030416916105206,47
1507,3,2468,1211,1257,0,0,0,1.0,1,1.0,1,1.0,1,0.27269150787646684,45
1508,2,2470,1212,1258,0,0,0,1.0,1,1.0,1,1.0,1,0.24902322885305408,45
1509,4,2474,1215,1259,0,0,0,1.0,1,1.0,1,1.0,1,0.26580301227166303,44
1510,2,2476,1217,1259,0,0,0,1.0,1,1.0,1,1.0,1,0.3221311982025319,42
1511,0,2476,1217,1259,0,0,0,1.0,1,1.0,1,1.0,1,0.3168969488377208,40
1512,3,2479,1220,1259,0,0,0,1.0,1,1.0,1,1.0,1,0.3842079884305432,39
1513,5,2484,1220,1264,0,0,0,1.0,1,1.0,1,1.0,1,0.28899535381329516,39
1514,0,2484,1220,1264,0,0,0,1.0,1,1.0,1,1.0,1,0.2800425034499976,38
1515,1,2485,1220,1265,0,0,0,1.0,1,1.0,1,1.0,1,0.26106560146904156,39
1516,1,2486,1220,1266,0,0,0,1.0,1,1.0,1,1.0,1,0.24146475402149536,39
1517,3,2489,1221,1268,0,0,0,1.0,1,1.0,1,1.0,1,0.23627063695686432,39
1518,1,2490,1222,1268,0,0,0,1.0,1,1.0,1,1.0,1,0.2620364289116523,39
1519,1,2491,1222,1269,0,0,0,1.0,1,1.0,1,1.0,1,0.24294510669478686,39
1520,2,2493,1223,1270,0,0,0,1.0,1,1.0,1,1.0,1,0.25976611577466135,39
1521,2,2495,1224,1271,0,0,0,1.0,1,1.0,1,1.0,1,0.27415280604337006,40
1522,1,2496,1225,1271,0,0,0,1.0,1,1.0,1,1.0,1,0.29486969216649406,40
1523,3,2499,1225,1274,0,0,0,1.0,1,1.0,1,1.0,1,0.238209465150249,41
1524,1,2500,1226,1274,0,0,0,1.0,1,1.0,1,1.0,1,0.27614825360679807,42
1525,3,2503,1227,1276,0,0,0,1.0,1,1.0,1,1.0,1,0.22848171757453994,45
1526,3,2506,1227,1279,0,0,0,1.0,1,1.0,1,1.0,1,0.20026705301918316,46
1527,0,2506,1227,1279,0,0,0,1.0,1,1.0,1,1.0,1,0.20026705301918316,46
1528,0,2506,1227,1279,0,0,0,1.0,1,1.0,1,1.0,1,0.20507760797346747,47
1529,0,2506,1227,1279,0,0,0,1.0,1,1.0,1,1.0,1,0.20507760797346747,47
1530,2,2508,1227,1281,0,0,0,1.0,1,1.0,1,1.0,1,0.18112077083200961,48
1531,0,2508,1227,1281,0,0,0,1.0,1,1.0,1,1.0,1,0.18982197720421867,46
1532,1,2509,1227,1282,0,0,0,1.0,1,1.0,1,1.0,1,0.14870589564965236,47
1533,0,2509,1227,1282,0,0,0,1.0,1,1.0,1,1.0,1,0.15601962343698228,46
1534,1,2510,1228,1282,0,0,0,1.0,1,1.0,1,1.0,1,0.13947307096384948,47
1535,1,2511,1229,1282,0,0,0,1.0,1,1.0,1,1.0,1,0.13211696445199417,47
1536,0,2511,1229,1282,0,0,0,1.0,1,1.0,1,1.0,1,0.14531928042864056,48
1537,0,2511,1229,1282,0,0,0,1.0,1,1.0,1,1.0,1,0.14407668922804903,46
1538,0,2511,1229,1282,0,0,0,1.0,1,1.0,1,1.0,1,0.1602523852203802,47
1539,0,2511,1229,1282,0,0,0,1.0,1,1.0,1,1.0,1,0.1940158451830209,47
1540,1,2512,1230,1282,0,0,0,1.0,1,1.0,1,1.0,1,0.20522036764902343,47
1541,1,2513,1230,1283,0,0,0,1.0,1,1.0,1,1.0,1,0.17111467220181673,47
1542,2,2515,1232,1283,0,0,0,1.0,1,1.0,1,1.0,1,0.213754022726155,50
1543,5,2520,1235,1285,0,0,0,1.0,1,1.0,1,1.0,1,0.2296033713724105,47
1544,7,2527,1239,1288,0,0,0,1.0,1,1.0,1,1.0,1,0.2714491395226817,48
1545,3,2530,1240,1290,0,0,0,1.0,1,1.0,1,1.0,1,0.20369073532417936,47
1546,2,2532,1241,1291,0,0,0,1.0,1,1.0,1,1.0,1,0.22682695110182072,47
1547,1,2533,1242,1291,0,0,0,1.0,1,1.0,1,1.0,1,0.25022114093754566,47
1548,2,2535,1244,1291,0,0,0,1.0,1,1.0,1,1.0,1,0.2230198129861259,47
1549,7,2542,1248,1294,0,0,0,1.0,1,1.0,1,1.0,1,0.18130330656987279,46
1550,1,2543,1249,1294,0,0,0,1.0,1,1.0,1,1.0,1,0.22987136090103072,44
1551,6,2549,1253,1296,0,0,0,1.0,1,1.0,1,1.0,1,0.21524989898771202,45
1552,3,2552,1255,1297,0,0,0,1.0,1,1.0,1,1.0,1,0.24752383810946807,43
1553,5,2557,1257,1300,0,0,0,1.0,1,1.0,1,1.0,1,0.18321377256685123,43
1554,0,2557,1257,1300,0,0,0,1.0,1,1.0,1,1.0,1,0.20974273516538364,41
1555,0,2557,1257,1300,0,0,0,1.0,1,1.0,1,1.0,1,0.23489784930701296,44
1556,1,2558,1258,1300,0,0,0,1.0,1,1.0,1,1.0,1,0.23354436873588785,45
1557,2,2560,1258,1302,0,0,0,1.0,1,1.0,1,1.0,1,0.19690714902948372,45
1558,1,2561,1258,1303,0,0,0,1.0,1,1.0,1,1.0,1,0.18586467342282276,46
1559,4,2565,1259,1306,0,0,0,1.0,1,1.0,1,1.0,1,0.1549143541119516,47
1560,1,2566,1260,1306,0,0,0,1.0,1,1.0,1,1.0,1,0.14171583403402435,46
1561,1,2567,1261,1306,0,0,0,1.0,1,1.0,1,1.0,1,0.15764812880720966,47
1562,1,2568,1262,1306,0,0,0,1.0,1,1.0,1,1.0,1,0.15131254847905926,47
1563,0,2568,1262,1306,0,0,0,1.0,1,1.0,1,1.0,1,0.15131254847905926,47
1564,0,2568,1262,1306,0,0,0,1.0,1,1.0,1,1.0,1,0.15131254847905926,47
1565,1,2569,1262,1307,0,0,0,1.0,1,1.0,1,1.0,1,0.18729209607381503,48
1566,2,2571,1263,1308,0,0,0,1.0,1,1.0,1,1.0,1,0.16171603950976032,48
1567,1,2572,1263,1309,0,0,0,1.0,1,1.0,1,1.0,1,0.1740838403084819,48
1568,4,2576,1266,1310,0,0,0,1.0,1,1.0,1,1.0,1,0.21716244405745955,48
1569,1,2577,1266,1311,0,0,0,1.0,1,1.0,1,1.0,1,0.1773796744922276,45
1570,0,2577,1266,1311,0,0,0,1.0,1,1.0,1,1.0,1,0.19118528058804926,44
1571,2,2579,1268,1311,0,0,0,1.0,1,1.0,1,1.0,1,0.21236807698754764,42
1572,5,2584,1269,1315,0,0,0,1.0,1,1.0,1,1.0,1,0.22173903470126008,43
1573,4,2588,1271,1317,0,0,0,1.0,1,1.0,1,1.0,1,0.21469256474672507,43
1574,3,2591,1274,1317,0,0,0,1.0,1,1.0,1,1.0,1,0.21060201782932403,42
1575,1,2592,1275,1317,0,0,0,1.0,1,1.0,1,1.0,1,0.23757184807360304,43
1576,3,2595,1278,1317,0,0,0,1.0,1,1.0,1,1.0,1,0.20798856033074548,41
1577,1,2596,1279,1317,0,0,0,1.0,1,1.0,1,1.0,1,0.22851085043238006,40
1578,0,2596,1279,1317,0,0,0,1.0,1,1.0,1,1.0,1,0.21420416628793804,40
1579,0,2596,1279,1317,0,0,0,1.0,1,1.0,1,1.0,1,0.21321435452394508,40
1580,0,2596,1279,1317,0,0,0,1.0,1,1.0,1,1.0,1,0.21321435452394508,40
1581,3,2599,1281,1318,0,0,0,1.0,1,1.0,1,1.0,1,0.2214824643203779,40
1582,6,2605,1285,1320,0,0,0,1.0,1,1.0,1,1.0,1,0.2455119527630437,40
1583,2,2607,1286,1321,0,0,0,1.0,1,1.0,1,1.0,1,0.2370879203099509,38
1584,4,2611,1289,1322,0,0,0,1.0,1,1.0,1,1.0,1,0.24132557558165818,39
1585,4,2615,1292,1323,0,0,0,1.0,1,1.0,1,1.0,1,0.19923672581737314,38
1586,2,2617,1294,1323,0,0,0,1.0,1,1.0,1,1.0,1,0.22330370031625912,38
1587,1,2618,1295,1323,0,0,0,1.0,1,1.0,1,1.0,1,0.21164944010494194,37
1588,4,2622,1298,1324,0,0,0,1.0,1,1.0,1,1.0,1,0.2181906826382504,39
1589,3,2625,1300,1325,0,0,0,1.0,1,1.0,1,1.0,1,0.20278791003603608,37
1590,2,2627,1302,1325,0,0,0,1.0,1,1.0,1,1.0,1,0.24562711359288822,37
1591,3,2630,1303,1327,0,0,0,1.0,1,1.0,1,1.0,1,0.26744363521395254,36
1592,2,2632,1303,1329,0,0,0,1.0,1,1.0,1,1.0,1,0.2536061745419276,34
1593,1,2633,1303,1330,0,0,0,1.0,1,1.0,1,1.0,1,0.2642621332430185,33
1594,0,2633,1303,1330,0,0,0,1.0,1,1.0,1,1.0,1,0.3152848291562102,31
1595,2,2635,1304,1331,0,0,0,1.0,1,1.0,1,1.0,1,0.27045719884621455,34
1596,0,2635,1304,1331,0,0,0,1.0,1,1.0,1,1.0,1,0.2903284770702007,33
1597,0,2635,1304,1331,0,0,0,1.0,1,1.0,1,1.0,1,0.2903284770702007,33
1598,1,2636,1304,1332,0,0,0,1.0,1,1.0,1,1.0,1,0.213130795108691,33
1599,0,2636,1304,1332,0,0,0,1.0,1,1.0,1,1.0,1,0.213130795108691,33
1600,2,2638,1305,1333,0,0,0,1.0,1,1.0,1,1.0,1,0.22091287641131488,34
1601,2,2640,1305,1335,0,0,0,1.0,1,1.0,1,1.0,1,0.18919456104421295,35
1602,0,2640,1305,1335,0,0,0,1.0,1,1.0,1,1.0,1,0.16470805674515704,36
1603,3,2643,1306,1337,0,0,0,1.0,1,1.0,1,1.0,1,0.16926991243048764,38
1604,1,2644,1307,1337,0,0,0,1.0,1,1.0,1,1.0,1,0.15532970585471875,38
1605,0,2644,1307,1337,0,0,0,1.0,1,1.0,1,1.0,1,0.15532970585471875,38
1606,4,2648,1309,1339,0,0,0,1.0,1,1.0,1,1.0,1,0.2025308851066631,39
1607,2,2650,1311,1339,0,0,0,1.0,1,1.0,1,1.0,1,0.23982579459579065,37
1608,0,2650,1311,1339,0,0,0,1.0,1,1.0,1,1.0,1,0.25729551814682755,36
1609,2,2652,1311,1341,0,0,0,1.0,1,1.0,1,1.0,1,0.2241922619908177,34
1610,2,2654,1312,1342,0,0,0,1.0,1,1.0,1,1.0,1,0.19652402049694526,34
1611,2,2656,1314,1342,0,0,0,1.0,1,1.0,1,1.0,1,0.2213718185177463,35
1612,0,2656,1314,1342,0,0,0,1.0,1,1.0,1,1.0,1,0.23139930366426398,33
1613,3,2659,1316,1343,0,0,0,1.0,1,1.0,1,1.0,1,0.2714365496599764,34
1614,1,2660,1317,1343,0,0,0,1.0,1,1.0,1,1.0,1,0.26838928205134865,35
1615,3,2663,1319,1344,0,0,0,1.0,1,1.0,1,1.0,1,0.26096531392580596,35
1616,2,2665,1320,1345,0,0,0,1.0,1,1.0,1,1.0,1,0.19647004345957889,37
1617,1,2666,1321,1345,0,0,0,1.0,1,1.0,1,1.0,1,0.2204788155748568,38
1618,3,2669,1323,1346,0,0,0,1.0,1,1.0,1,1.0,1,0.23492952627828714,38
1619,0,2669,1323,1346,0,0,0,1.0,1,1.0,1,1.0,1,0.23606098721212945,38
1620,2,2671,1324,1347,0,0,0,1.0,1,1.0,1,1.0,1,0.25053893597814725,39
1621,3,2674,1325,1349,0,0,0,1.0,1,1.0,1,1.0,1,0.16345132605977944,37
1622,0,2674,1325,1349,0,0,0,1.0,1,1.0,1,1.0,1,0.1869401813890784,37
1623,2,2676,1327,1349,0,0,0,1.0,1,1.0,1,1.0,1,0.2075818570544136,37
1624,2,2678,1329,1349,0,0,0,1.0,1,1.0,1,1.0,1,0.2515896321049912,37
1625,2,2680,1329,1351,0,0,0,1.0,1,1.0,1,1.0,1,0.22312168271088464,35
1626,1,2681,1330,1351,0,0,0,1.0,1,1.0,1,1.0,1,0.27984451807243077,35
1627,0,2681,1330,1351,0,0,0,1.0,1,1.0,1,1.0,1,0.26288644856790083,34
1628,2,2683,1331,1352,0,0,0,1.0,1,1.0,1,1.0,1,0.2655416721924454,35
1629,3,2686,1334,1352,0,0,0,1.0,1,1.0,1,1.0,1,0.35719550969908115,34
1630,1,2687,1334,1353,0,0,0,1.0,1,1.0,1,1.0,1,0.29508887461204114,32
1631,0,2687,1334,1353,0,0,0,1.0,1,1.0,1,1.0,1,0.3126320045517139,33
1632,0,2687,1334,1353,0,0,0,1.0,1,1.0,1,1.0,1,0.3560614962898578,32
1633,1,2688,1334,1354,0,0,0,1.0,1,1.0,1,1.0,1,0.33906787727052023,31
1634,0,2688,1334,1354,0,0,0,1.0,1,1.0,1,1.0,1,0.33906787727052023,31
1635,1,2689,1334,1355,0,0,0,1.0,1,1.0,1,1.0,1,0.338781180183614,31
1636,2,2691,1335,1356,0,0,0,1.0,1,1.0,1,1.0,1,0.28835359163811103,33
1637,1,2692,1335,1357,0,0,0,1.0,1,1.0,1,1.0,1,0.2728260635345561,33
1638,2,2694,1335,1359,0,0,0,1.0,1,1.0,1,1.0,1,0.2420927656589708,36
1639,0,2694,1335,1359,0,0,0,1.0,1,1.0,1,1.0,1,0.2420927656589708,36
1640,1,2695,1336,1359,0,0,0,1.0,1,1.0,1,1.0,1,0.26468897105995415,36
1641,1,2696,1337,1359,0,0,0,1.0,1,1.0,1,1.0,1,0.25326429343217355,38
1642,1,2697,1338,1359,0,0,0,1.0,1,1.0,1,1.0,1,0.2756407227905582,37
1643,2,2699,1340,1359,0,0,0,1.0,1,1.0,1,1.0,1,0.2900731868829639,37
1644,5,2704,1342,1362,0,0,0,1.0,1,1.0,1,1.0,1,0.33572563487556284,38
1645,1,2705,1342,1363,0,0,0,1.0,1,1.0,1,1.0,1,0.3384168327238391,36
1646,0,2705,1342,1363,0,0,0,1.0,1,1.0,1,1.0,1,0.35033032153966914,37
1647,1,2706,1343,1363,0,0,0,1.0,1,1.0,1,1.0,1,0.41062542057844487,35
1648,3,2709,1343,1366,0,0,0,1.0,1,1.0,1,1.0,1,0.3971299990785596,38
1649,1,2710,1344,1366,0,0,0,1.0,1,1.0,1,1.0,1,0.38920611918349945,35
1650,0,2710,1344,1366,0,0,0,1.0,1,1.0,1,1.0,1,0.40345251914911107,34
1651,0,2710,1344,1366,0,0,0,1.0,1,1.0,1,1.0,1,0.4296680275628277,32
1652,0,2710,1344,1366,0,0,0,1.0,1,1.0,1,1.0,1,0.43299514336323,33
1653,1,2711,1344,1367,0,0,0,1.0,1,1.0,1,1.0,1,0.39550261831467365,33
1654,1,2712,1344,1368,0,0,0,1.0,1,1.0,1,1.0,1,0.3721090165819984,34
1655,2,2714,1344,1370,0,0,0,1.0,1,1.0,1,1.0,1,0.34812889723104334,35
1656,0,2714,1344,1370,0,0,0,1.0,1,1.0,1,1.0,1,0.34812889723104334,35
1657,5,2719,1344,1375,0,0,0,1.0,1,1.0,1,1.0,1,0.20804342733578807,36
1658,0,2719,1344,1375,0,0,0,1.0,1,1.0,1,1.0,1,0.20804342733578807,36
1659,2,2721,1344,1377,0,0,0,1.0,1,1.0,1,1.0,1,0.20899551379745734,36
1660,6,2727,1348,1379,0,0,0,1.0,1,1.0,1,1.0,1,0.20421590444196355,38
1661,0,2727,1348,1379,0,0,0,1.0,1,1.0,1,1.0,1,0.20421590444196355,38
1662,3,2730,1351,1379,0,0,0,1.0,1,1.0,1,1.0,1,0.2338178420072678,39
1663,1,2731,1352,1379,0,0,0,1.0,1,1.0,1,1.0,1,0.262617061918789,40
1664,1,2732,1352,1380,0,0,0,1.0,1,1.0,1,1.0,1,0.24622606563623578,39
1665,4,2736,1353,1383,0,0,0,1.0,1,1.0,1,1.0,1,0.2109757340477505,40
1666,0,2736,1353,1383,0,0,0,1.0,1,1.0,1,1.0,1,0.2471780459541254,40
1667,1,2737,1354,1383,0,0,0,1.0,1,1.0,1,1.0,1,0.24325092558065875,40
1668,2,2739,1355,1384,0,0,0,1.0,1,1.0,1,1.0,1,0.2436312316469587,41
1669,2,2741,1355,1386,0,0,0,1.0,1,1.0,1,1.0,1,0.21201453369395376,40
1670,2,2743,1356,1387,0,0,0,1.0,1,1.0,1,1.0,1,0.1807911118691715,40
1671,0,2743,1356,1387,0,0,0,1.0,1,1.0,1,1.0,1,0.2035091086821017,41
1672,2,2745,1358,1387,0,0,0,1.0,1,1.0,1,1.0,1,0.26074402376368216,40
1673,4,2749,1359,1390,0,0,0,1.0,1,1.0,1,1.0,1,0.21469446916108947,39
1674,0,2749,1359,1390,0,0,0,1.0,1,1.0,1,1.0,1,0.22795440313087179,40
1675,0,2749,1359,1390,0,0,0,1.0,1,1.0,1,1.0,1,0.22361700920653962,38
1676,0,2749,1359,1390,0,0,0,1.0,1,1.0,1,1.0,1,0.2358111001264604,39
1677,0,2749,1359,1390,0,0,0,1.0,1,1.0,1,1.0,1,0.23608872843912262,39
1678,0,2749,1359,1390,0,0,0,1.0,1,1.0,1,1.0,1,0.23608872843912262,39
1679,1,2750,1360,1390,0,0,0,1.0,1,1.0,1,1.0,1,0.24316628691754977,39
1680,3,2753,1360,1393,0,0,0,1.0,1,1.0,1,1.0,1,0.16964769859030662,41
1681,1,2754,1360,1394,0,0,0,1.0,1,1.0,1,1.0,1,0.13923635310401145,41
1682,1,2755,1361,1394,0,0,0,1.0,1,1.0,1,1.0,1,0.2160717911244249,43
1683,4,2759,1365,1394,0,0,0,1.0,1,1.0,1,1.0,1,0.266182979292996,43
1684,2,2761,1366,1395,0,0,0,1.0,1,1.0,1,1.0,1,0.2286685055236374,42
1685,2,2763,1367,1396,0,0,0,1.0,1,1.0,1,1.0,1,0.22100322732499603,41
1686,5,2768,1369,1399,0,0,0,1.0,1,1.0,1,1.0,1,0.2531876126151753,41
1687,2,2770,1369,1401,0,0,0,1.0,1,1.0,1,1.0,1,0.20663303069709432,40
1688,3,2773,1371,1402,0,0,0,1.0,1,1.0,1,1.0,1,0.2487820439039735,39
1689,3,2776,1373,1403,0,0,0,1.0,1,1.0,1,1.0,1,0.24666481260942108,38
1690,3,2779,1374,1405,0,0,0,1.0,1,1.0,1,1.0,1,0.208843442677886,38
1691,0,2779,1374,1405,0,0,0,1.0,1,1.0,1,1.0,1,0.26409066132530146,36
1692,0,2779,1374,1405,0,0,0,1.0,1,1.0,1,1.0,1,0.23397782393929384,36
1693,1,2780,1375,1405,0,0,0,1.0,1,1.0,1,1.0,1,0.2387255371177464,35
1694,0,2780,1375,1405,0,0,0,1.0,1,1.0,1,1.0,1,0.2460465815400037,33
1695,0,2780,1375,1405,0,0,0,1.0,1,1.0,1,1.0,1,0.2627738696967318,34
1696,1,2781,1376,1405,0,0,0,1.0,1,1.0,1,1.0,1,0.3083083665923364,35
1697,4,2785,1377,1408,0,0,0,1.0,1,1.0,1,1.0,1,0.2655813235984694,36
1698,2,2787,1378,1409,0,0,0,1.0,1,1.0,1,1.0,1,0.260971952507989,38
1699,1,2788,1379,1409,0,0,0,1.0,1,1.0,1,1.0,1,0.28498088287442874,38
1700,2,2790,1380,1410,0,0,0,1.0,1,1.0,1,1.0,1,0.27396514565043406,39
1701,0,2790,1380,1410,0,0,0,1.0,1,1.0,1,1.0,1,0.28550318916645995,40
1702,4,2794,1383,1411,0,0,0,1.0,1,1.0,1,1.0,1,0.32506521904293845,41
1703,3,2797,1384,1413,0,0,0,1.0,1,1.0,1,1.0,1,0.3210935462190358,41
1704,3,2800,1386,1414,0,0,0,1.0,1,1.0,1,1.0,1,0.3105558069207553,41
1705,1,2801,1387,1414,0,0,0,1.0,1,1.0,1,1.0,1,0.2667047548178995,40
1706,0,2801,1387,1414,0,0,0,1.0,1,1.0,1,1.0,1,0.2667047548178995,40
1707,2,2803,1388,1415,0,0,0,1.0,1,1.0,1,1.0,1,0.26389337867838863,39
1708,1,2804,1388,1416,0,0,0,1.0,1,1.0,1,1.0,1,0.2273127710365457,39
1709,1,2805,1389,1416,0,0,0,1.0,1,1.0,1,1.0,1,0.22497737048667854,38
1710,4,2809,1391,1418,0,0,0,1.0,1,1.0,1,1.0,1,0.25141915019195443,39
1711,0,2809,1391,1418,0,0,0,1.0,1,1.0,1,1.0,1,0.2629180438372238,38
1712,3,2812,1393,1419,0,0,0,1.0,1,1.0,1,1.0,1,0.2582872734523156,38
1713,1,2813,1393,1420,0,0,0,1.0,1,1.0,1,1.0,1,0.22460442376885292,37
1714,0,2813,1393,1420,0,0,0,1.0,1,1.0,1,1.0,1,0.24058824486706798,38
1715,3,2816,1394,1422,0,0,0,1.0,1,1.0,1,1.0,1,0.21937389030918544,40
1716,0,2816,1394,1422,0,0,0,1.0,1,1.0,1,1.0,1,0.21970463288379494,39
1717,0,2816,1394,1422,0,0,0,1.0,1,1.0,1,1.0,1,0.212064044568185,38
1718,0,2816,1394,1422,0,0,0,1.0,1,1.0,1,1.0,1,0.24263591343314758,38
1719,0,2816,1394,1422,0,0,0,1.0,1,1.0,1,1.0,1,0.24263591343314758,38
1720,1,2817,1394,1423,0,0,0,1.0,1,1.0,1,1.0,1,0.2444181918085574,41
1721,1,2818,1395,1423,0,0,0,1.0,1,1.0,1,1.0,1,0.2234681204802259,39
1722,2,2820,1397,1423,0,0,0,1.0,1,1.0,1,1.0,1,0.2755590075052651,40
1723,1,2821,1398,1423,0,0,0,1.0,1,1.0,1,1.0,1,0.26894731081906226,38
1724,1,2822,1399,1423,0,0,0,1.0,1,1.0,1,1.0,1,0.28742894188140367,37
1725,2,2824,1399,1425,0,0,0,1.0,1,1.0,1,1.0,1,0.2476095812175509,38
1726,2,2826,1400,1426,0,0,0,1.0,1,1.0,1,1.0,1,0.2659941899285613,37
1727,0,2826,1400,1426,0,0,0,1.0,1,1.0,1,1.0,1,0.2659941899285613,37
1728,0,2826,1400,1426,0,0,0,1.0,1,1.0,1,1.0,1,0.26520117505490926,35
1729,1,2827,1401,1426,0,0,0,1.0,1,1.0,1,1.0,1,0.2774483480539202,37
1730,4,2831,1402,1429,0,0,0,1.0,1,1.0,1,1.0,1,0.2911605865561828,37
1731,1,2832,1403,1429,0,0,0,1.0,1,1.0,1,1.0,1,0.31877360068548866,37
1732,1,2833,1403,1430,0,0,0,1.0,1,1.0,1,1.0,1,0.3303143004958885,37
1733,2,2835,1404,1431,0,0,0,1.0,1,1.0,1,1.0,1,0.2896234935178113,36
1734,1,2836,1404,1432,0,0,0,1.0,1,1.0,1,1.0,1,0.281124811063428,35
1735,2,2838,1405,1433,0,0,0,1.0,1,1.0,1,1.0,1,0.24612889001236657,34
1736,0,2838,1405,1433,0,0,0,1.0,1,1.0,1,1.0,1,0.2629713872482135,35
1737,2,2840,1407,1433,0,0,0,1.0,1,1.0,1,1.0,1,0.2507002378333042,36
1738,4,2844,1408,1436,0,0,0,1.0,1,1.0,1,1.0,1,0.23327361391344614,37
1739,1,2845,1409,1436,0,0,0,1.0,1,1.0,1,1.0,1,0.21870509808959085,38
1740,1,2846,1410,1436,0,0,0,1.0,1,1.0,1,1.0,1,0.21008884124466554,37
1741,1,2847,1410,1437,0,0,0,1.0,1,1.0,1,1.0,1,0.19203234215020226,38
1742,2,2849,1412,1437,0,0,0,1.0,1,1.0,1,1.0,1,0.2467000179483464,39
1743,2,2851,1414,1437,0,0,0,1.0,1,1.0,1,1.0,1,0.2635664124926747,37
1744,3,2854,1416,1438,0,0,0,1.0,1,1.0,1,1.0,1,0.2793654849905703,38
1745,3,2857,1416,1441,0,0,0,1.0,1,1.0,1,1.0,1,0.22962326073053893,37
1746,3,2860,1418,1442,0,0,0,1.0,1,1.0,1,1.0,1,0.23144605256563122,38
1747,1,2861,1418,1443,0,0,0,1.0,1,1.0,1,1.0,1,0.20683453190330847,38
1748,0,2861,1418,1443,0,0,0,1.0,1,1.0,1,1.0,1,0.20683453190330847,38
1749,1,2862,1418,1444,0,0,0,1.0,1,1.0,1,1.0,1,0.20093990714186044,37
1750,0,2862,1418,1444,0,0,0,1.0,1,1.0,1,1.0,1,0.20923357277091031,39
1751,0,2862,1418,1444,0,0,0,1.0,1,1.0,1,1.0,1,0.20663139579668743,38
1752,0,2862,1418,1444,0,0,0,1.0,1,1.0,1,1.0,1,0.21558251143221305,39
1753,0,2862,1418,1444,0,0,0,1.0,1,1.0,1,1.0,1,0.21034037375458592,40
1754,3,2865,1419,1446,0,0,0,1.0,1,1.0,1,1.0,1,0.1919281407530621,41
1755,1,2866,1419,1447,0,0,0,1.0,1,1.0,1,1.0,1,0.20545817138065053,41
1756,1,2867,1420,1447,0,0,0,1.0,1,1.0,1,1.0,1,0.2377970231597088,42
1757,2,2869,1420,1449,0,0,0,1.0,1,1.0,1,1.0,1,0.221421019951398,42
1758,1,2870,1421,1449,0,0,0,1.0,1,1.0,1,1.0,1,0.23946677350668225,42
1759,1,2871,1422,1449,0,0,0,1.0,1,1.0,1,1.0,1,0.28938540953503755,39
1760,3,2874,1424,1450,0,0,0,1.0,1,1.0,1,1.0,1,0.314527038589653,39
1761,5,2879,1425,1454,0,0,0,1.0,1,1.0,1,1.0,1,0.2486906171990848,38
1762,0,2879,1425,1454,0,0,0,1.0,1,1.0,1,1.0,1,0.2704382243191481,37
1763,2,2881,1426,1455,0,0,0,1.0,1,1.0,1,1.0,1,0.30449321684929964,37
1764,2,2883,1428,1455,0,0,0,1.0,1,1.0,1,1.0,1,0.3019501535132779,36
1765,6,2889,1430,1459,0,0,0,1.0,1,1.0,1,1.0,1,0.17084443917837053,37
1766,2,2891,1430,1461,0,0,0,1.0,1,1.0,1,1.0,1,0.12256339367274653,36
1767,0,2891,1430,1461,0,0,0,1.0,1,1.0,1,1.0,1,0.12256339367274653,36
1768,0,2891,1430,1461,0,0,0,1.0,1,1.0,1,1.0,1,0.12256339367274653,36
1769,0,2891,1430,1461,0,0,0,1.0,1,1.0,1,1.0,1,0.15559744524731764,38
1770,1,2892,1431,1461,0,0,0,1.0,1,1.0,1,1.0,1,0.18479754948630547,38
1771,0,2892,1431,1461,0,0,0,1.0,1,1.0,1,1.0,1,0.18479754948630547,38
1772,1,2893,1432,1461,0,0,0,1.0,1,1.0,1,1.0,1,0.1973955754267244,40
1773,1,2894,1433,1461,0,0,0,1.0,1,1.0,1,1.0,1,0.23028406019880823,40
1774,0,2894,1433,1461,0,0,0,1.0,1,1.0,1,1.0,1,0.23028406019880823,40
1775,2,2896,1433,1463,0,0,0,1.0,1,1.0,1,1.0,1,0.2239996291411264,41
1776,0,2896,1433,1463,0,0,0,1.0,1,1.0,1,1.0,1,0.21659800982806615,43
1777,3,2899,1434,1465,0,0,0,1.0,1,1.0,1,1.0,1,0.20348280883626108,44
1778,2,2901,1436,1465,0,0,0,1.0,1,1.0,1,1.0,1,0.2253948092952438,44
1779,1,2902,1437,1465,0,0,0,1.0,1,1.0,1,1.0,1,0.23351575735894678,44
1780,1,2903,1438,1465,0,0,0,1.0,1,1.0,1,1.0,1,0.23334108058793274,46
1781,1,2904,1438,1466,0,0,0,1.0,1,1.0,1,1.0,1,0.21189668836112774,46
1782,4,2908,1440,1468,0,0,0,1.0,1,1.0,1,1.0,1,0.24436954389709037,45
1783,1,2909,1441,1468,0,0,0,1.0,1,1.0,1,1.0,1,0.26778388557344657,44
1784,0,2909,1441,1468,0,0,0,1.0,1,1.0,1,1.0,1,0.26815691663633506,44
1785,4,2913,1443,1470,0,0,0,1.0,1,1.0,1,1.0,1,0.22861488894409643,42
1786,4,2917,1446,1471,0,0,0,1.0,1,1.0,1,1.0,1,0.3029043683629043,42
1787,3,2920,1447,1473,0,0,0,1.0,1,1.0,1,1.0,1,0.3009295261966395,41
1788,5,2925,1449,1476,0,0,0,1.0,1,1.0,1,1.0,1,0.3199625894046988,41
1789,4,2929,1451,1478,0,0,0,1.0,1,1.0,1,1.0,1,0.2955220835460422,41
1790,4,2933,1452,1481,0,0,0,1.0,1,1.0,1,1.0,1,0.23840338063027317,41
1791,0,2933,1452,1481,0,0,0,1.0,1,1.0,1,1.0,1,0.2385258269520168,41
1792,0,2933,1452,1481,0,0,0,1.0,1,1.0,1,1.0,1,0.2377737577377169,43
1793,3,2936,1452,1484,0,0,0,1.0,1,1.0,1,1.0,1,0.17687984453655434,43
1794,2,2938,1454,1484,0,0,0,1.0,1,1.0,1,1.0,1,0.2064193467888916,41
1795,2,2940,1456,1484,0,0,0,1.0,1,1.0,1,1.0,1,0.22540502263021447,41
1796,1,2941,1456,1485,0,0,0,1.0,1,1.0,1,1.0,1,0.21623125836683554,40
1797,2,2943,1457,1486,0,0,0,1.0,1,1.0,1,1.0,1,0.21599036594319312,38
1798,0,2943,1457,1486,0,0,0,1.0,1,1.0,1,1.0,1,0.21599036594319312,38
1799,0,2943,1457,1486,0,0,0,1.0,1,1.0,1,1.0,1,0.19752597950484374,37
1800,1,2944,1458,1486,0,0,0,1.0,1,1.0,1,1.0,1,0.27329276115362994,35
1801,1,2945,1458,1487,0,0,0,1.0,1,1.0,1,1.0,1,0.2475583035336289,34
1802,0,2945,1458,1487,0,0,0,1.0,1,1.0,1,1.0,1,0.29100240517881715,33
1803,2,2947,1459,1488,0,0,0,1.0,1,1.0,1,1.0,1,0.3100992103064239,33
1804,4,2951,1462,1489,0,0,0,1.0,1,1.0,1,1.0,1,0.36052286092098823,33
1805,3,2954,1462,1492,0,0,0,1.0,1,1.0,1,1.0,1,0.2945139412151716,35
1806,5,2959,1463,1496,0,0,0,1.0,1,1.0,1,1.0,1,0.22178498636800345,36
1807,1,2960,1464,1496,0,0,0,1.0,1,1.0,1,1.0,1,0.19491571110968012,35
1808,1,2961,1464,1497,0,0,0,1.0,1,1.0,1,1.0,1,0.17429519492154694,37
1809,0,2961,1464,1497,0,0,0,1.0,1,1.0,1,1.0,1,0.19696624337893587,35
1810,0,2961,1464,1497,0,0,0,1.0,1,1.0,1,1.0,1,0.20954165378455034,36
1811,0,2961,1464,1497,0,0,0,1.0,1,1.0,1,1.0,1,0.24471887830358835,34
1812,1,2962,1464,1498,0,0,0,1.0,1,1.0,1,1.0,1,0.2244472160411496,36
1813,0,2962,1464,1498,0,0,0,1.0,1,1.0,1,1.0,1,0.2380687320699675,35
1814,3,2965,1466,1499,0,0,0,1.0,1,1.0,1,1.0,1,0.29256390875051663,36
1815,1,2966,1466,1500,0,0,0,1.0,1,1.0,1,1.0,1,0.28546732736196945,35
1816,1,2967,1467,1500,0,0,0,1.0,1,1.0,1,1.0,1,0.26661061068303216,35
1817,1,2968,1467,1501,0,0,0,1.0,1,1.0,1,1.0,1,0.24738497811458574,35
1818,3,2971,1470,1501,0,0,0,1.0,1,1.0,1,1.0,1,0.18895484929217263,36
1819,3,2974,1472,1502,0,0,0,1.0,1,1.0,1,1.0,1,0.19575610246034883,37
1820,0,2974,1472,1502,0,0,0,1.0,1,1.0,1,1.0,1,0.19575610246034883,37
1821,2,2976,1474,1502,0,0,0,1.0,1,1.0,1,1.0,1,0.17141452328372425,38
1822,4,2980,1476,1504,0,0,0,1.0,1,1.0,1,1.0,1,0.23324422651682675,37
1823,2,2982,1478,1504,0,0,0,1.0,1,1.0,1,1.0,1,0.2743091380774456,36
1824,3,2985,1481,1504,0,0,0,1.0,1,1.0,1,1.0,1,0.38725775489617525,36
1825,4,2989,1483,1506,0,0,0,1.0,1,1.0,1,1.0,1,0.32230208139193683,34
1826,1,2990,1483,1507,0,0,0,1.0,1,1.0,1,1.0,1,0.2866764924011179,35
1827,2,2992,1484,1508,0,0,0,1.0,1,1.0,1,1.0,1,0.2851343752059918,34
1828,2,2994,1486,1508,0,0,0,1.0,1,1.0,1,1.0,1,0.3051172884673729,33
1829,2,2996,1486,1510,0,0,0,1.0,1,1.0,1,1.0,1,0.23683642675271685,31
1830,0,2996,1486,1510,0,0,0,1.0,1,1.0,1,1.0,1,0.25168905571998856,31
1831,1,2997,1487,1510,0,0,0,1.0,1,1.0,1,1.0,1,0.24898388236009805,30
1832,1,2998,1488,1510,0,0,0,1.0,1,1.0,1,1.0,1,0.24680982792407297,29
1833,2,3000,1490,1510,0,0,0,1.0,1,1.0,1,1.0,1,0.3179000777615,28
1834,2,3002,1490,1512,0,0,0,1.0,1,1.0,1,1.0,1,0.22642496863672965,27
1835,3,3005,1493,1512,0,0,0,1.0,1,1.0,1,1.0,1,0.2856211715927741,26
1836,1,3006,1494,1512,0,0,0,1.0,1,1.0,1,1.0,1,0.3165436663621096,26
1837,3,3009,1495,1514,0,0,0,1.0,1,1.0,1,1.0,1,0.3462700245370257,25
1838,2,3011,1495,1516,0,0,0,1.0,1,1.0,1,1.0,1,0.2558020581543583,25
1839,0,3011,1495,1516,0,0,0,1.0,1,1.0,1,1.0,1,0.30869606761076895,24
1840,2,3013,1496,1517,0,0,0,1.0,1,1.0,1,1.0,1,0.40005960973325455,23
1841,2,3015,1496,1519,0,0,0,1.0,1,1.0,1,1.0,1,0.3136384499938786,22
1842,1,3016,1497,1519,0,0,0,1.0,1,1.0,1,1.0,1,0.35341290700056954,23
1843,1,3017,1498,1519,0,0,0,1.0,1,1.0,1,1.0,1,0.3464897183495339,23
1844,0,3017,1498,1519,0,0,0,1.0,1,1.0,1,1.0,1,0.3464897183495339,23
1845,2,3019,1500,1519,0,0,0,1.0,1,1.0,1,1.0,1,0.37243568803474825,23
1846,1,3020,1500,1520,0,0,0,1.0,1,1.0,1,1.0,1,0.33900341339897777,23
1847,0,3020,1500,1520,0,0,0,1.0,1,1.0,1,1.0,1,0.35790425506423745,24
1848,0,3020,1500,1520,0,0,0,1.0,1,1.0,1,1.0,1,0.35790425506423745,24
1849,0,3020,1500,1520,0,0,0,1.0,1,1.0,1,1.0,1,0.38054900102824496,25
1850,0,3020,1500,1520,0,0,0,1.0,1,1.0,1,1.0,1,0.38054900102824496,25
1851,0,3020,1500,1520,0,0,0,1.0,1,1.0,1,1.0,1,0.38054900102824496,25
1852,0,3020,1500,1520,0,0,0,1.0,1,1.0,1,1.0,1,0.38054900102824496,25
1853,0,3020,1500,1520,0,0,0,1.0,1,1.0,1,1.0,1,0.39902546624291885,25
1854,0,3020,1500,1520,0,0,0,1.0,1,1.0,1,1.0,1,0.39902546624291885,25
1855,0,3020,1500,1520,0,0,0,1.0,1,1.0,1,1.0,1,0.4089036257469483,26
1856,1,3021,1501,1520,0,0,0,1.0,1,1.0,1,1.0,1,0.3637831957281073,27
1857,0,3021,1501,1520,0,0,0,1.0,1,1.0,1,1.0,1,0.35104897455893835,28
1858,3,3024,1503,1521,0,0,0,1.0,1,1.0,1,1.0,1,0.3515005231654228,28
1859,3,3027,1505,1522,0,0,0,1.0,1,1.0,1,1.0,1,0.3699217847925509,28
1860,0,3027,1505,1522,0,0,0,1.0,1,1.0,1,1.0,1,0.3699217847925509,28
1861,1,3028,1505,1523,0,0,0,1.0,1,1.0,1,1.0,1,0.35440056647733276,28
1862,0,3028,1505,1523,0,0,0,1.0,1,1.0,1,1.0,1,0.35440056647733276,28
1863,1,3029,1506,1523,0,0,0,1.0,1,1.0,1,1.0,1,0.36803473253223995,29
1864,1,3030,1507,1523,0,0,0,1.0,1,1.0,1,1.0,1,0.3531512507381367,27
1865,2,3032,1508,1524,0,0,0,1.0,1,1.0,1,1.0,1,0.37502517459654533,26
1866,1,3033,1509,1524,0,0,0,1.0,1,1.0,1,1.0,1,0.41313886091495,26
1867,0,3033,1509,1524,0,0,0,1.0,1,1.0,1,1.0,1,0.41313886091495,26
1868,0,3033,1509,1524,0,0,0,1.0,1,1.0,1,1.0,1,0.41313886091495,26
1869,1,3034,1509,1525,0,0,0,1.0,1,1.0,1,1.0,1,0.36815733451802707,26
1870,1,3035,1509,1526,0,0,0,1.0,1,1.0,1,1.0,1,0.3687377437403143,27
1871,1,3036,1510,1526,0,0,0,1.0,1,1.0,1,1.0,1,0.37556504226147125,27
1872,0,3036,1510,1526,0,0,0,1.0,1,1.0,1,1.0,1,0.3672861916843798,25
1873,1,3037,1510,1527,0,0,0,1.0,1,1.0,1,1.0,1,0.30800384151605875,25
1874,1,3038,1510,1528,0,0,0,1.0,1,1.0,1,1.0,1,0.3500562651497415,25
1875,1,3039,1510,1529,0,0,0,1.0,1,1.0,1,1.0,1,0.3198452043961156,25
1876,0,3039,1510,1529,0,0,0,1.0,1,1.0,1,1.0,1,0.30963748813586167,26
1877,0,3039,1510,1529,0,0,0,1.0,1,1.0,1,1.0,1,0.3218648238567474,27
1878,3,3042,1512,1530,0,0,0,1.0,1,1.0,1,1.0,1,0.2946971035979542,28
1879,1,3043,1512,1531,0,0,0,1.0,1,1.0,1,1.0,1,0.249636208312679,29
1880,0,3043,1512,1531,0,0,0,1.0,1,1.0,1,1.0,1,0.249636208312679,29
1881,0,3043,1512,1531,0,0,0,1.0,1,1.0,1,1.0,1,0.249636208312679,29
1882,0,3043,1512,1531,0,0,0,1.0,1,1.0,1,1.0,1,0.23278178627007662,28
1883,0,3043,1512,1531,0,0,0,1.0,1,1.0,1,1.0,1,0.23278178627007662,28
1884,1,3044,1513,1531,0,0,0,1.0,1,1.0,1,1.0,1,0.2495932484754333,28
1885,0,3044,1513,1531,0,0,0,1.0,1,1.0,1,1.0,1,0.2495932484754333,28
1886,0,3044,1513,1531,0,0,0,1.0,1,1.0,1,1.0,1,0.24419244877504168,29
1887,0,3044,1513,1531,0,0,0,1.0,1,1.0,1,1.0,1,0.24419244877504168,29
1888,1,3045,1513,1532,0,0,0,1.0,1,1.0,1,1.0,1,0.26499075198020194,31
1889,0,3045,1513,1532,0,0,0,1.0,1,1.0,1,1.0,1,0.26499075198020194,31
1890,1,3046,1514,1532,0,0,0,1.0,1,1.0,1,1.0,1,0.2858181117321814,31
1891,0,3046,1514,1532,0,0,0,1.0,1,1.0,1,1.0,1,0.30279643964671016,32
1892,0,3046,1514,1532,0,0,0,1.0,1,1.0,1,1.0,1,0.30279643964671016,32
1893,0,3046,1514,1532,0,0,0,1.0,1,1.0,1,1.0,1,0.30279643964671016,32
1894,0,3046,1514,1532,0,0,0,1.0,1,1.0,1,1.0,1,0.2877101214262135,33
1895,3,3049,1515,1534,0,0,0,1.0,1,1.0,1,1.0,1,0.2571878129325313,35
1896,0,3049,1515,1534,0,0,0,1.0,1,1.0,1,1.0,1,0.2840295974889091,34
1897,0,3049,1515,1534,0,0,0,1.0,1,1.0,1,1.0,1,0.2840295974889091,34
1898,0,3049,1515,1534,0,0,0,1.0,1,1.0,1,1.0,1,0.2840295974889091,34
1899,0,3049,1515,1534,0,0,0,1.0,1,1.0,1,1.0,1,0.2840295974889091,34
1900,2,3051,1515,1536,0,0,0,1.0,1,1.0,1,1.0,1,0.23164947543415831,35
1901,1,3052,1515,1537,0,0,0,1.0,1,1.0,1,1.0,1,0.2012980956229387,35
1902,0,3052,1515,1537,0,0,0,1.0,1,1.0,1,1.0,1,0.2012980956229387,35
1903,0,3052,1515,1537,0,0,0,1.0,1,1.0,1,1.0,1,0.2012980956229387,35
1904,0,3052,1515,1537,0,0,0,1.0,1,1.0,1,1.0,1,0.2012980956229387,35
1905,0,3052,1515,1537,0,0,0,1.0,1,1.0,1,1.0,1,0.19050384277875032,37
1906,0,3052,1515,1537,0,0,0,1.0,1,1.0,1,1.0,1,0.19050384277875032,37
1907,1,3053,1515,1538,0,0,0,1.0,1,1.0,1,1.0,1,0.1729542703858144,39
1908,0,3053,1515,1538,0,0,0,1.0,1,1.0,1,1.0,1,0.1729542703858144,39
1909,0,3053,1515,1538,0,0,0,1.0,1,1.0,1,1.0,1,0.18988328493080348,41
1910,0,3053,1515,1538,0,0,0,1.0,1,1.0,1,1.0,1,0.18988328493080348,41
1911,0,3053,1515,1538,0,0,0,1.0,1,1.0,1,1.0,1,0.22491270180122244,40
1912,3,3056,1518,1538,0,0,0,1.0,1,1.0,1,1.0,1,0.25969065801239355,39
1913,4,3060,1520,1540,0,0,0,1.0,1,1.0,1,1.0,1,0.25271041639205916,40
1914,1,3061,1521,1540,0,0,0,1.0,1,1.0,1,1.0,1,0.26042552633258303,41
1915,3,3064,1523,1541,0,0,0,1.0,1,1.0,1,1.0,1,0.2946410389458853,42
1916,3,3067,1524,1543,0,0,0,1.0,1,1.0,1,1.0,1,0.2952554362268522,42
1917,4,3071,1525,1546,0,0,0,1.0,1,1.0,1,1.0,1,0.2236177385826258,41
1918,2,3073,1527,1546,0,0,0,1.0,1,1.0,1,1.0,1,0.23689569661641105,38
1919,1,3074,1528,1546,0,0,0,1.0,1,1.0,1,1.0,1,0.3044185330643775,38
1920,1,3075,1528,1547,0,0,0,1.0,1,1.0,1,1.0,1,0.3043807234915326,38
1921,1,3076,1528,1548,0,0,0,1.0,1,1.0,1,1.0,1,0.25173844115650035,39
1922,0,3076,1528,1548,0,0,0,1.0,1,1.0,1,1.0,1,0.23354307927692713,40
1923,1,3077,1529,1548,0,0,0,1.0,1,1.0,1,1.0,1,0.21271196701622117,41
1924,6,3083,1532,1551,0,0,0,1.0,1,1.0,1,1.0,1,0.2621158798995527,41
1925,2,3085,1532,1553,0,0,0,1.0,1,1.0,1,1.0,1,0.17480995998594864,41
1926,0,3085,1532,1553,0,0,0,1.0,1,1.0,1,1.0,1,0.17480995998594864,41
1927,1,3086,1532,1554,0,0,0,1.0,1,1.0,1,1.0,1,0.15365640867480462,41
1928,1,3087,1533,1554,0,0,0,1.0,1,1.0,1,1.0,1,0.15572766209115443,42
1929,0,3087,1533,1554,0,0,0,1.0,1,1.0,1,1.0,1,0.15400325794443182,41
1930,0,3087,1533,1554,0,0,0,1.0,1,1.0,1,1.0,1,0.15400325794443182,41
1931,0,3087,1533,1554,0,0,0,1.0,1,1.0,1,1.0,1,0.15400325794443182,41
1932,0,3087,1533,1554,0,0,0,1.0,1,1.0,1,1.0,1,0.15400325794443182,41
1933,2,3089,1534,1555,0,0,0,1.0,1,1.0,1,1.0,1,0.19133896063503236,43
1934,0,3089,1534,1555,0,0,0,1.0,1,1.0,1,1.0,1,0.20065377239078874,44
1935,0,3089,1534,1555,0,0,0,1.0,1,1.0,1,1.0,1,0.182082163368286,45
1936,0,3089,1534,1555,0,0,0,1.0,1,1.0,1,1.0,1,0.1900868262692015,48
1937,3,3092,1536,1556,0,0,0,1.0,1,1.0,1,1.0,1,0.2142740985106064,48
1938,2,3094,1538,1556,0,0,0,1.0,1,1.0,1,1.0,1,0.20287877445159644,48
1939,1,3095,1538,1557,0,0,0,1.0,1,1.0,1,1.0,1,0.17842778049715646,48
1940,0,3095,1538,1557,0,0,0,1.0,1,1.0,1,1.0,1,0.17842778049715646,48
1941,0,3095,1538,1557,0,0,0,1.0,1,1.0,1,1.0,1,0.17842778049715646,48
1942,2,3097,1539,1558,0,0,0,1.0,1,1.0,1,1.0,1,0.23128865831416526,49
1943,1,3098,1539,1559,0,0,0,1.0,1,1.0,1,1.0,1,0.21503860103969283,48
1944,5,3103,1542,1561,0,0,0,1.0,1,1.0,1,1.0,1,0.24741085430940857,47
1945,3,3106,1543,1563,0,0,0,1.0,1,1.0,1,1.0,1,0.22748104544097644,46
1946,2,3108,1544,1564,0,0,0,1.0,1,1.0,1,1.0,1,0.2491365688334002,46
1947,3,3111,1547,1564,0,0,0,1.0,1,1.0,1,1.0,1,0.366716403673427,45
1948,3,3114,1548,1566,0,0,0,1.0,1,1.0,1,1.0,1,0.28580926083529695,46
1949,3,3117,1549,1568,0,0,0,1.0,1,1.0,1,1.0,1,0.2919092899350975,42
1950,0,3117,1549,1568,0,0,0,1.0,1,1.0,1,1.0,1,0.28874531836143313,40
1951,1,3118,1550,1568,0,0,0,1.0,1,1.0,1,1.0,1,0.34560404606982403,39
1952,1,3119,1551,1568,0,0,0,1.0,1,1.0,1,1.0,1,0.3821898253604211,35
1953,6,3125,1554,1571,0,0,0,1.0,1,1.0,1,1.0,1,0.31845585842032925,36
1954,1,3126,1555,1571,0,0,0,1.0,1,1.0,1,1.0,1,0.3462085095004699,34
1955,0,3126,1555,1571,0,0,0,1.0,1,1.0,1,1.0,1,0.3562459022321922,35
1956,5,3131,1557,1574,0,0,0,1.0,1,1.0,1,1.0,1,0.3327806145085639,37
1957,2,3133,1557,1576,0,0,0,1.0,1,1.0,1,1.0,1,0.2841666272886724,37
1958,0,3133,1557,1576,0,0,0,1.0,1,1.0,1,1.0,1,0.2757857629636079,39
1959,1,3134,1557,1577,0,0,0,1.0,1,1.0,1,1.0,1,0.2762130141397654,41
1960,2,3136,1558,1578,0,0,0,1.0,1,1.0,1,1.0,1,0.27125989423363644,40
1961,0,3136,1558,1578,0,0,0,1.0,1,1.0,1,1.0,1,0.26294577609864545,41
1962,1,3137,1559,1578,0,0,0,1.0,1,1.0,1,1.0,1,0.3169160056529915,40
1963,5,3142,1559,1583,0,0,0,1.0,1,1.0,1,1.0,1,0.2601932762129264,41
1964,1,3143,1560,1583,0,0,0,1.0,1,1.0,1,1.0,1,0.27157574705040893,40
1965,2,3145,1560,1585,0,0,0,1.0,1,1.0,1,1.0,1,0.2274671845184835,41
1966,0,3145,1560,1585,0,0,0,1.0,1,1.0,1,1.0,1,0.2274671845184835,41
1967,0,3145,1560,1585,0,0,0,1.0,1,1.0,1,1.0,1,0.24212898393207227,42
1968,0,3145,1560,1585,0,0,0,1.0,1,1.0,1,1.0,1,0.2550570834158868,42
1969,1,3146,1561,1585,0,0,0,1.0,1,1.0,1,1.0,1,0.251463666166274,43
1970,1,3147,1561,1586,0,0,0,1.0,1,1.0,1,1.0,1,0.2516456214087541,42
1971,1,3148,1562,1586,0,0,0,1.0,1,1.0,1,1.0,1,0.2594786244409704,42
1972,0,3148,1562,1586,0,0,0,1.0,1,1.0,1,1.0,1,0.2594786244409704,42
1973,0,3148,1562,1586,0,0,0,1.0,1,1.0,1,1.0,1,0.2705146074662181,43
1974,1,3149,1563,1586,0,0,0,1.0,1,1.0,1,1.0,1,0.302823160533617,43
1975,2,3151,1563,1588,0,0,0,1.0,1,1.0,1,1.0,1,0.278301470817198,43
1976,1,3152,1564,1588,0,0,0,1.0,1,1.0,1,1.0,1,0.26455634764063024,43
1977,5,3157,1564,1593,0,0,0,1.0,1,1.0,1,1.0,1,0.2624777908351573,48
1978,3,3160,1567,1593,0,0,0,1.0,1,1.0,1,1.0,1,0.25960258202989517,48
1979,0,3160,1567,1593,0,0,0,1.0,1,1.0,1,1.0,1,0.2685475775986442,49
1980,1,3161,1567,1594,0,0,0,1.0,1,1.0,1,1.0,1,0.2589749071852094,50
1981,3,3164,1568,1596,0,0,0,1.0,1,1.0,1,1.0,1,0.21974933231168473,50
1982,1,3165,1569,1596,0,0,0,1.0,1,1.0,1,1.0,1,0.21861025685987961,50
1983,1,3166,1569,1597,0,0,0,1.0,1,1.0,1,1.0,1,0.20895329399999282,49
1984,2,3168,1571,1597,0,0,0,1.0,1,1.0,1,1.0,1,0.2314707726258595,48
1985,1,3169,1571,1598,0,0,0,1.0,1,1.0,1,1.0,1,0.2211027809379766,46
1986,3,3172,1573,1599,0,0,0,1.0,1,1.0,1,1.0,1,0.20775108751359875,46
1987,2,3174,1575,1599,0,0,0,1.0,1,1.0,1,1.0,1,0.2297871754151238,42
1988,1,3175,1575,1600,0,0,0,1.0,1,1.0,1,1.0,1,0.19667584571708305,40
1989,3,3178,1578,1600,0,0,0,1.0,1,1.0,1,1.0,1,0.21552117933613354,38
1990,1,3179,1578,1601,0,0,0,1.0,1,1.0,1,1.0,1,0.20384700857907168,38
1991,1,3180,1579,1601,0,0,0,1.0,1,1.0,1,1.0,1,0.23964358409155084,38
1992,2,3182,1580,1602,0,0,0,1.0,1,1.0,1,1.0,1,0.2752478389399303,39
1993,4,3186,1582,1604,0,0,0,1.0,1,1.0,1,1.0,1,0.28684668406914304,38
1994,1,3187,1583,1604,0,0,0,1.0,1,1.0,1,1.0,1,0.27691927648135417,37
1995,2,3189,1584,1605,0,0,0,1.0,1,1.0,1,1.0,1,0.3251325331785272,37
1996,0,3189,1584,1605,0,0,0,1.0,1,1.0,1,1.0,1,0.32349898144022887,37
1997,1,3190,1584,1606,0,0,0,1.0,1,1.0,1,1.0,1,0.3074568567805751,35
1998,1,3191,1585,1606,0,0,0,1.0,1,1.0,1,1.0,1,0.34970246156106716,34
1999,4,3195,1588,1607,0,0,0,1.0,1,1.0,1,1.0,1,0.3380843439137794,35
2000,0,3195,1588,1607,0,0,0,1.0,1,1.0,1,1.0,1,0.37213115224280563,34
2001,1,3196,1588,1608,0,0,0,1.0,1,1.0,1,1.0,1,0.3487196345718778,35
2002,3,3199,1588,1611,0,0,0,1.0,1,1.0,1,1.0,1,0.28436750765150803,36
2003,2,3201,1588,1613,0,0,0,1.0,1,1.0,1,1.0,1,0.2636038817494935,37
2004,4,3205,1590,1615,0,0,0,1.0,1,1.0,1,1.0,1,0.24240436160106196,38
2005,1,3206,1591,1615,0,0,0,1.0,1,1.0,1,1.0,1,0.2399469360975196,38
2006,0,3206,1591,1615,0,0,0,1.0,1,1.0,1,1.0,1,0.2399469360975196,38
2007,1,3207,1592,1615,0,0,0,1.0,1,1.0,1,1.0,1,0.23699213412365766,40
2008,1,3208,1593,1615,0,0,0,1.0,1,1.0,1,1.0,1,0.2408742158805604,40
2009,3,3211,1595,1616,0,0,0,1.0,1,1.0,1,1.0,1,0.23697471507538895,41
2010,0,3211,1595,1616,0,0,0,1.0,1,1.0,1,1.0,1,0.23697471507538895,41
2011,0,3211,1595,1616,0,0,0,1.0,1,1.0,1,1.0,1,0.23697471507538895,41
2012,0,3211,1595,1616,0,0,0,1.0,1,1.0,1,1.0,1,0.23697471507538895,41
2013,0,3211,1595,1616,0,0,0,1.0,1,1.0,1,1.0,1,0.25990404711926185,43
2014,0,3211,1595,1616,0,0,0,1.0,1,1.0,1,1.0,1,0.28164807553860755,43
2015,1,3212,1596,1616,0,0,0,1.0,1,1.0,1,1.0,1,0.2725526847592832,43
2016,3,3215,1597,1618,0,0,0,1.0,1,1.0,1,1.0,1,0.2626476576260466,44
2017,2,3217,1597,1620,0,0,0,1.0,1,1.0,1,1.0,1,0.23912918673719968,45
2018,3,3220,1599,1621,0,0,0,1.0,1,1.0,1,1.0,1,0.21235196189145158,46
2019,1,3221,1599,1622,0,0,0,1.0,1,1.0,1,1.0,1,0.1678214991022696,47
2020,0,3221,1599,1622,0,0,0,1.0,1,1.0,1,1.0,1,0.1678214991022696,47
2021,1,3222,1600,1622,0,0,0,1.0,1,1.0,1,1.0,1,0.16356190388947162,47
2022,0,3222,1600,1622,0,0,0,1.0,1,1.0,1,1.0,1,0.17024558812264035,48
2023,3,3225,1603,1622,0,0,0,1.0,1,1.0,1,1.0,1,0.22981910940104233,48
2024,4,3229,1606,1623,0,0,0,1.0,1,1.0,1,1.0,1,0.21100599826829836,45
2025,3,3232,1608,1624,0,0,0,1.0,1,1.0,1,1.0,1,0.2564241887426216,42
2026,4,3236,1610,1626,0,0,0,1.0,1,1.0,1,1.0,1,0.2507362283806601,44
2027,1,3237,1611,1626,0,0,0,1.0,1,1.0,1,1.0,1,0.30347907975877675,40
2028,1,3238,1612,1626,0,0,0,1.0,1,1.0,1,1.0,1,0.3599282515554347,39
2029,3,3241,1612,1629,0,0,0,1.0,1,1.0,1,1.0,1,0.33166318252582405,37
2030,3,3244,1613,1631,0,0,0,1.0,1,1.0,1,1.0,1,0.36743288325539525,34
2031,0,3244,1613,1631,0,0,0,1.0,1,1.0,1,1.0,1,0.3811062902913002,35
2032,3,3247,1614,1633,0,0,0,1.0,1,1.0,1,1.0,1,0.3506817728294277,34
2033,7,3254,1618,1636,0,0,0,1.0,1,1.0,1,1.0,1,0.31301511496037143,36
2034,0,3254,1618,1636,0,0,0,1.0,1,1.0,1,1.0,1,0.32667235863461647,34
2035,1,3255,1619,1636,0,0,0,1.0,1,1.0,1,1.0,1,0.31258347107227347,35
2036,2,3257,1620,1637,0,0,0,1.0,1,1.0,1,1.0,1,0.29710529513253436,34
2037,1,3258,1620,1638,0,0,0,1.0,1,1.0,1,1.0,1,0.2802513122748406,35
2038,0,3258,1620,1638,0,0,0,1.0,1,1.0,1,1.0,1,0.26693705935113216,36
2039,2,3260,1621,1639,0,0,0,1.0,1,1.0,1,1.0,1,0.24936079330258515,38
2040,0,3260,1621,1639,0,0,0,1.0,1,1.0,1,1.0,1,0.24936079330258515,38
2041,0,3260,1621,1639,0,0,0,1.0,1,1.0,1,1.0,1,0.24773987527748279,39
2042,1,3261,1621,1640,0,0,0,1.0,1,1.0,1,1.0,1,0.19765526156840438,39
2043,0,3261,1621,1640,0,0,0,1.0,1,1.0,1,1.0,1,0.19765526156840438,39
2044,0,3261,1621,1640,0,0,0,1.0,1,1.0,1,1.0,1,0.19765526156840438,39
2045,2,3263,1621,1642,0,0,0,1.0,1,1.0,1,1.0,1,0.15800007124554277,41
2046,1,3264,1621,1643,0,0,0,1.0,1,1.0,1,1.0,1,0.15489404906668905,42
2047,0,3264,1621,1643,0,0,0,1.0,1,1.0,1,1.0,1,0.15489404906668905,42
2048,1,3265,1622,1643,0,0,0,1.0,1,1.0,1,1.0,1,0.18514342345826698,43
2049,1,3266,1623,1643,0,0,0,1.0,1,1.0,1,1.0,1,0.23614548145638176,44
2050,1,3267,1623,1644,0,0,0,1.0,1,1.0,1,1.0,1,0.2079690571527761,44
2051,4,3271,1624,1647,0,0,0,1.0,1,1.0,1,1.0,1,0.23680414746053516,45
2052,0,3271,1624,1647,0,0,0,1.0,1,1.0,1,1.0,1,0.23680414746053516,45
2053,3,3274,1625,1649,0,0,0,1.0,1,1.0,1,1.0,1,0.2163206885731533,45
2054,1,3275,1626,1649,0,0,0,1.0,1,1.0,1,1.0,1,0.23081126394679632,46
2055,0,3275,1626,1649,0,0,0,1.0,1,1.0,1,1.0,1,0.23081126394679632,46
2056,3,3278,1626,1652,0,0,0,1.0,1,1.0,1,1.0,1,0.16617836865762753,46
2057,3,3281,1628,1653,0,0,0,1.0,1,1.0,1,1.0,1,0.13503807504962734,47
2058,2,3283,1630,1653,0,0,0,1.0,1,1.0,1,1.0,1,0.16182823907803773,47
2059,2,3285,1632,1653,0,0,0,1.0,1,1.0,1,1.0,1,0.1731985640365486,48
2060,3,3288,1633,1655,0,0,0,1.0,1,1.0,1,1.0,1,0.1806005650177419,50
2061,2,3290,1634,1656,0,0,0,1.0,1,1.0,1,1.0,1,0.1450489570276834,51
2062,2,3292,1636,1656,0,0,0,1.0,1,1.0,1,1.0,1,0.1519287304326995,49
2063,3,3295,1638,1657,0,0,0,1.0,1,1.0,1,1.0,1,0.15737429775303702,48
2064,2,3297,1640,1657,0,0,0,1.0,1,1.0,1,1.0,1,0.24839910215733213,45
2065,2,3299,1640,1659,0,0,0,1.0,1,1.0,1,1.0,1,0.18719990906484243,44
2066,1,3300,1641,1659,0,0,0,1.0,1,1.0,1,1.0,1,0.24700836215864605,42
2067,2,3302,1642,1660,0,0,0,1.0,1,1.0,1,1.0,1,0.23442446347423362,41
2068,0,3302,1642,1660,0,0,0,1.0,1,1.0,1,1.0,1,0.2499693095007988,40
2069,4,3306,1643,1663,0,0,0,1.0,1,1.0,1,1.0,1,0.20931385671055389,40
2070,2,3308,1643,1665,0,0,0,1.0,1,1.0,1,1.0,1,0.1763690214843278,40
2071,3,3311,1646,1665,0,0,0,1.0,1,1.0,1,1.0,1,0.1525716180015488,40
2072,1,3312,1646,1666,0,0,0,1.0,1,1.0,1,1.0,1,0.17199077617828562,41
2073,2,3314,1647,1667,0,0,0,1.0,1,1.0,1,1.0,1,0.17833252708416322,41
2074,0,3314,1647,1667,0,0,0,1.0,1,1.0,1,1.0,1,0.17880450806105466,41
2075,1,3315,1648,1667,0,0,0,1.0,1,1.0,1,1.0,1,0.19964793023053334,41
2076,4,3319,1650,1669,0,0,0,1.0,1,1.0,1,1.0,1,0.20755472556559393,41
2077,1,3320,1650,1670,0,0,0,1.0,1,1.0,1,1.0,1,0.17402943724278813,40
2078,0,3320,1650,1670,0,0,0,1.0,1,1.0,1,1.0,1,0.17402943724278813,40
2079,2,3322,1650,1672,0,0,0,1.0,1,1.0,1,1.0,1,0.10884185158100781,39
2080,1,3323,1650,1673,0,0,0,1.0,1,1.0,1,1.0,1,0.12388238459920961,38
2081,0,3323,1650,1673,0,0,0,1.0,1,1.0,1,1.0,1,0.1397393796180568,40
2082,1,3324,1651,1673,0,0,0,1.0,1,1.0,1,1.0,1,0.18867838393888908,41
2083,0,3324,1651,1673,0,0,0,1.0,1,1.0,1,1.0,1,0.18957769646318143,40
2084,3,3327,1654,1673,0,0,0,1.0,1,1.0,1,1.0,1,0.22383795393328665,42
2085,1,3328,1654,1674,0,0,0,1.0,1,1.0,1,1.0,1,0.20318617914469161,42
2086,1,3329,1655,1674,0,0,0,1.0,1,1.0,1,1.0,1,0.17731982324902348,43
2087,1,3330,1655,1675,0,0,0,1.0,1,1.0,1,1.0,1,0.16699212803093424,45
2088,4,3334,1657,1677,0,0,0,1.0,1,1.0,1,1.0,1,0.20340670870680475,46
2089,1,3335,1657,1678,0,0,0,1.0,1,1.0,1,1.0,1,0.18231707184430881,47
2090,4,3339,1659,1680,0,0,0,1.0,1,1.0,1,1.0,1,0.21631179573571346,49
2091,0,3339,1659,1680,0,0,0,1.0,1,1.0,1,1.0,1,0.21631179573571346,49
2092,0,3339,1659,1680,0,0,0,1.0,1,1.0,1,1.0,1,0.21631179573571346,49
2093,2,3341,1660,1681,0,0,0,1.0,1,1.0,1,1.0,1,0.21315686927724395,49
2094,0,3341,1660,1681,0,0,0,1.0,1,1.0,1,1.0,1,0.21315686927724395,49
2095,1,3342,1660,1682,0,0,0,1.0,1,1.0,1,1.0,1,0.1744976754291337,49
2096,1,3343,1660,1683,0,0,0,1.0,1,1.0,1,1.0,1,0.16123065060594202,51
2097,0,3343,1660,1683,0,0,0,1.0,1,1.0,1,1.0,1,0.16123065060594202,51
2098,0,3343,1660,1683,0,0,0,1.0,1,1.0,1,1.0,1,0.15752882166755738,52
2099,1,3344,1661,1683,0,0,0,1.0,1,1.0,1,1.0,1,0.17070857202179177,51
2100,1,3345,1661,1684,0,0,0,1.0,1,1.0,1,1.0,1,0.15690145428318503,51
2101,1,3346,1661,1685,0,0,0,1.0,1,1.0,1,1.0,1,0.18760272914476542,48
2102,5,3351,1664,1687,0,0,0,1.0,1,1.0,1,1.0,1,0.2260493483833522,49
2103,4,3355,1667,1688,0,0,0,1.0,1,1.0,1,1.0,1,0.3095231504954104,48
2104,1,3356,1668,1688,0,0,0,1.0,1,1.0,1,1.0,1,0.34109200771460746,43
2105,6,3362,1670,1692,0,0,0,1.0,1,1.0,1,1.0,1,0.30343694725565623,42
2106,3,3365,1671,1694,0,0,0,1.0,1,1.0,1,1.0,1,0.25759983402850656,40
2107,1,3366,1671,1695,0,0,0,1.0,1,1.0,1,1.0,1,0.2194094686742636,39
2108,2,3368,1672,1696,0,0,0,1.0,1,1.0,1,1.0,1,0.19334550192042835,38
2109,2,3370,1673,1697,0,0,0,1.0,1,1.0,1,1.0,1,0.15927615227819233,37
2110,2,3372,1675,1697,0,0,0,1.0,1,1.0,1,1.0,1,0.20508924605102344,38
2111,1,3373,1676,1697,0,0,0,1.0,1,1.0,1,1.0,1,0.22721057631336572,37
2112,4,3377,1678,1699,0,0,0,1.0,1,1.0,1,1.0,1,0.23959994807479462,36
2113,2,3379,1679,1700,0,0,0,1.0,1,1.0,1,1.0,1,0.2953766254218693,36
2114,0,3379,1679,1700,0,0,0,1.0,1,1.0,1,1.0,1,0.2811213727618336,36
2115,0,3379,1679,1700,0,0,0,1.0,1,1.0,1,1.0,1,0.265176146048163,35
2116,0,3379,1679,1700,0,0,0,1.0,1,1.0,1,1.0,1,0.2800725746408417,37
2117,0,3379,1679,1700,0,0,0,1.0,1,1.0,1,1.0,1,0.26437828980358874,38
2118,1,3380,1679,1701,0,0,0,1.0,1,1.0,1,1.0,1,0.2607865710342877,40
2119,0,3380,1679,1701,0,0,0,1.0,1,1.0,1,1.0,1,0.2607865710342877,40
2120,1,3381,1680,1701,0,0,0,1.0,1,1.0,1,1.0,1,0.3008238666390202,41
2121,0,3381,1680,1701,0,0,0,1.0,1,1.0,1,1.0,1,0.3008238666390202,41
2122,1,3382,1681,1701,0,0,0,1.0,1,1.0,1,1.0,1,0.32115170148054906,42
2123,0,3382,1681,1701,0,0,0,1.0,1,1.0,1,1.0,1,0.31769663429095885,43
2124,0,3382,1681,1701,0,0,0,1.0,1,1.0,1,1.0,1,0.3487896609623768,41
2125,1,3383,1681,1702,0,0,0,1.0,1,1.0,1,1.0,1,0.331147981598572,41
2126,0,3383,1681,1702,0,0,0,1.0,1,1.0,1,1.0,1,0.35113839213201714,40
2127,0,3383,1681,1702,0,0,0,1.0,1,1.0,1,1.0,1,0.35113839213201714,40
2128,1,3384,1681,1703,0,0,0,1.0,1,1.0,1,1.0,1,0.34872043252484386,41
2129,1,3385,1681,1704,0,0,0,1.0,1,1.0,1,1.0,1,0.3371271873447435,42
2130,2,3387,1681,1706,0,0,0,1.0,1,1.0,1,1.0,1,0.329106195013801,45
2131,0,3387,1681,1706,0,0,0,1.0,1,1.0,1,1.0,1,0.329106195013801,45
2132,3,3390,1681,1709,0,0,0,1.0,1,1.0,1,1.0,1,0.28813822512051235,46
2133,2,3392,1682,1710,0,0,0,1.0,1,1.0,1,1.0,1,0.29062666796515385,46
2134,1,3393,1682,1711,0,0,0,1.0,1,1.0,1,1.0,1,0.2801551238820922,47
2135,4,3397,1682,1715,0,0,0,1.0,1,1.0,1,1.0,1,0.219826738188693,47
2136,0,3397,1682,1715,0,0,0,1.0,1,1.0,1,1.0,1,0.219826738188693,47
2137,2,3399,1684,1715,0,0,0,1.0,1,1.0,1,1.0,1,0.21734333635959205,49
2138,1,3400,1685,1715,0,0,0,1.0,1,1.0,1,1.0,1,0.21364846695676024,49
2139,2,3402,1686,1716,0,0,0,1.0,1,1.0,1,1.0,1,0.15331893060672497,47
2140,6,3408,1689,1719,0,0,0,1.0,1,1.0,1,1.0,1,0.1813222200283272,48
2141,3,3411,1690,1721,0,0,0,1.0,1,1.0,1,1.0,1,0.1541151528350065,47
2142,1,3412,1691,1721,0,0,0,1.0,1,1.0,1,1.0,1,0.15152757586879353,47
2143,1,3413,1692,1721,0,0,0,1.0,1,1.0,1,1.0,1,0.15173410190395092,48
2144,0,3413,1692,1721,0,0,0,1.0,1,1.0,1,1.0,1,0.14336657626562044,48
2145,3,3416,1695,1721,0,0,0,1.0,1,1.0,1,1.0,1,0.1624738921978938,46
2146,2,3418,1696,1722,0,0,0,1.0,1,1.0,1,1.0,1,0.15866875344735762,47
2147,4,3422,1700,1722,0,0,0,1.0,1,1.0,1,1.0,1,0.14407787402448477,48
2148,2,3424,1701,1723,0,0,0,1.0,1,1.0,1,1.0,1,0.16295771113212013,46
2149,4,3428,1703,1725,0,0,0,1.0,1,1.0,1,1.0,1,0.15452074829369858,46
2150,2,3430,1705,1725,0,0,0,1.0,1,1.0,1,1.0,1,0.19166892724593762,46
2151,5,3435,1707,1728,0,0,0,1.0,1,1.0,1,1.0,1,0.22178781088457022,44
2152,3,3438,1708,1730,0,0,0,1.0,1,1.0,1,1.0,1,0.24150689312580267,45
2153,2,3440,1710,1730,0,0,0,1.0,1,1.0,1,1.0,1,0.28531498875182026,48
2154,2,3442,1710,1732,0,0,0,1.0,1,1.0,1,1.0,1,0.29068760420825357,47
2155,4,3446,1712,1734,0,0,0,1.0,1,1.0,1,1.0,1,0.3001861152120181,48
2156,1,3447,1712,1735,0,0,0,1.0,1,1.0,1,1.0,1,0.29495272071035106,45
2157,3,3450,1712,1738,0,0,0,1.0,1,1.0,1,1.0,1,0.2596354976361301,43
2158,1,3451,1712,1739,0,0,0,1.0,1,1.0,1,1.0,1,0.2448681139928619,43
2159,5,3456,1714,1742,0,0,0,1.0,1,1.0,1,1.0,1,0.2829315780153915,43
2160,3,3459,1714,1745,0,0,0,1.0,1,1.0,1,1.0,1,0.20537388222206773,41
2161,3,3462,1714,1748,0,0,0,1.0,1,1.0,1,1.0,1,0.12937733591442854,41
2162,1,3463,1715,1748,0,0,0,1.0,1,1.0,1,1.0,1,0.13283627702377251,42
2163,2,3465,1716,1749,0,0,0,1.0,1,1.0,1,1.0,1,0.14664451391105185,43
2164,3,3468,1718,1750,0,0,0,1.0,1,1.0,1,1.0,1,0.21056453162754182,44
2165,2,3470,1718,1752,0,0,0,1.0,1,1.0,1,1.0,1,0.18517342626587915,44
2166,1,3471,1718,1753,0,0,0,1.0,1,1.0,1,1.0,1,0.1806422275427874,46
2167,1,3472,1719,1753,0,0,0,1.0,1,1.0,1,1.0,1,0.21727136796335972,46
2168,0,3472,1719,1753,0,0,0,1.0,1,1.0,1,1.0,1,0.20314232007217106,45
2169,3,3475,1720,1755,0,0,0,1.0,1,1.0,1,1.0,1,0.16792137924529896,49
2170,0,3475,1720,1755,0,0,0,1.0,1,1.0,1,1.0,1,0.16792137924529896,49
2171,0,3475,1720,1755,0,0,0,1.0,1,1.0,1,1.0,1,0.17088571933808538,51
2172,2,3477,1722,1755,0,0,0,1.0,1,1.0,1,1.0,1,0.12749955787146539,52
2173,0,3477,1722,1755,0,0,0,1.0,1,1.0,1,1.0,1,0.12749955787146539,52
2174,1,3478,1723,1755,0,0,0,1.0,1,1.0,1,1.0,1,0.14078023699136816,52
2175,1,3479,1723,1756,0,0,0,1.0,1,1.0,1,1.0,1,0.13604193074265422,53
2176,0,3479,1723,1756,0,0,0,1.0,1,1.0,1,1.0,1,0.13140764655334647,54
2177,2,3481,1724,1757,0,0,0,1.0,1,1.0,1,1.0,1,0.11627424102488958,55
2178,0,3481,1724,1757,0,0,0,1.0,1,1.0,1,1.0,1,0.10782016903223349,54
2179,2,3483,1726,1757,0,0,0,1.0,1,1.0,1,1.0,1,0.1516954000140912,52
2180,2,3485,1728,1757,0,0,0,1.0,1,1.0,1,1.0,1,0.18823824195562136,51
2181,5,3490,1729,1761,0,0,0,1.0,1,1.0,1,1.0,1,0.11811955034791584,49
2182,2,3492,1731,1761,0,0,0,1.0,1,1.0,1,1.0,1,0.17891579289691706,49
2183,4,3496,1734,1762,0,0,0,1.0,1,1.0,1,1.0,1,0.24818556718989113,46
2184,2,3498,1736,1762,0,0,0,1.0,1,1.0,1,1.0,1,0.2935213671647771,45
2185,5,3503,1737,1766,0,0,0,1.0,1,1.0,1,1.0,1,0.16741247721596095,44
2186,2,3505,1739,1766,0,0,0,1.0,1,1.0,1,1.0,1,0.17291882124645458,42
2187,6,3511,1743,1768,0,0,0,1.0,1,1.0,1,1.0,1,0.15340761889015567,40
2188,4,3515,1747,1768,0,0,0,1.0,1,1.0,1,1.0,1,0.20009462524884977,38
2189,2,3517,1748,1769,0,0,0,1.0,1,1.0,1,1.0,1,0.1765586139278308,36
2190,3,3520,1751,1769,0,0,0,1.0,1,1.0,1,1.0,1,0.2384047122608559,34
2191,2,3522,1753,1769,0,0,0,1.0,1,1.0,1,1.0,1,0.21551716215230032,34
2192,2,3524,1755,1769,0,0,0,1.0,1,1.0,1,1.0,1,0.2666107004697101,33
2193,3,3527,1755,1772,0,0,0,1.0,1,1.0,1,1.0,1,0.2109616271595587,32
2194,2,3529,1756,1773,0,0,0,1.0,1,1.0,1,1.0,1,0.16674766155108425,32
2195,0,3529,1756,1773,0,0,0,1.0,1,1.0,1,1.0,1,0.18245607933951727,31
2196,2,3531,1757,1774,0,0,0,1.0,1,1.0,1,1.0,1,0.16743059580086567,32
2197,1,3532,1758,1774,0,0,0,1.0,1,1.0,1,1.0,1,0.18061592151920486,31
2198,0,3532,1758,1774,0,0,0,1.0,1,1.0,1,1.0,1,0.18061592151920486,31
2199,2,3534,1759,1775,0,0,0,1.0,1,1.0,1,1.0,1,0.15017497173449654,32
2200,0,3534,1759,1775,0,0,0,1.0,1,1.0,1,1.0,1,0.2017012204736606,35
2201,1,3535,1759,1776,0,0,0,1.0,1,1.0,1,1.0,1,0.16399580279325857,36
2202,1,3536,1760,1776,0,0,0,1.0,1,1.0,1,1.0,1,0.12387101834972604,36
2203,0,3536,1760,1776,0,0,0,1.0,1,1.0,1,1.0,1,0.1290130917209213,37
2204,1,3537,1761,1776,0,0,0,1.0,1,1.0,1,1.0,1,0.17953580517603954,36
2205,2,3539,1762,1777,0,0,0,1.0,1,1.0,1,1.0,1,0.157262803638648,37
2206,1,3540,1763,1777,0,0,0,1.0,1,1.0,1,1.0,1,0.2159018001723823,35
2207,1,3541,1763,1778,0,0,0,1.0,1,1.0,1,1.0,1,0.2102064978521116,37
2208,0,3541,1763,1778,0,0,0,1.0,1,1.0,1,1.0,1,0.21988036512942177,36
2209,1,3542,1763,1779,0,0,0,1.0,1,1.0,1,1.0,1,0.2293559044955363,35
2210,0,3542,1763,1779,0,0,0,1.0,1,1.0,1,1.0,1,0.2602990484615283,38
2211,0,3542,1763,1779,0,0,0,1.0,1,1.0,1,1.0,1,0.28213572062898856,37
2212,1,3543,1763,1780,0,0,0,1.0,1,1.0,1,1.0,1,0.26798142986663004,38
2213,1,3544,1764,1780,0,0,0,1.0,1,1.0,1,1.0,1,0.2438287363930604,38
2214,1,3545,1765,1780,0,0,0,1.0,1,1.0,1,1.0,1,0.27733951320529104,39
2215,2,3547,1766,1781,0,0,0,1.0,1,1.0,1,1.0,1,0.25523775753015515,39
2216,1,3548,1767,1781,0,0,0,1.0,1,1.0,1,1.0,1,0.2796144367956586,39
2217,2,3550,1769,1781,0,0,0,1.0,1,1.0,1,1.0,1,0.25369691337263534,38
2218,3,3553,1771,1782,0,0,0,1.0,1,1.0,1,1.0,1,0.24543573429512694,37
2219,1,3554,1772,1782,0,0,0,1.0,1,1.0,1,1.0,1,0.2461602662660316,36
2220,0,3554,1772,1782,0,0,0,1.0,1,1.0,1,1.0,1,0.27771665375093924,34
2221,5,3559,1774,1785,0,0,0,1.0,1,1.0,1,1.0,1,0.24899593969473227,35
2222,0,3559,1774,1785,0,0,0,1.0,1,1.0,1,1.0,1,0.23825427698491888,33
2223,1,3560,1775,1785,0,0,0,1.0,1,1.0,1,1.0,1,0.23958890020821652,34
2224,1,3561,1776,1785,0,0,0,1.0,1,1.0,1,1.0,1,0.20453426621852927,32
2225,4,3565,1779,1786,0,0,0,1.0,1,1.0,1,1.0,1,0.26300569343681657,33
2226,2,3567,1781,1786,0,0,0,1.0,1,1.0,1,1.0,1,0.3029432853693727,32
2227,0,3567,1781,1786,0,0,0,1.0,1,1.0,1,1.0,1,0.25746326264225017,31
2228,2,3569,1782,1787,0,0,0,1.0,1,1.0,1,1.0,1,0.2482199215824489,32
2229,1,3570,1783,1787,0,0,0,1.0,1,1.0,1,1.0,1,0.23000663672843838,32
2230,0,3570,1783,1787,0,0,0,1.0,1,1.0,1,1.0,1,0.23094591025683872,31
2231,0,3570,1783,1787,0,0,0,1.0,1,1.0,1,1.0,1,0.22876921777602618,32
2232,3,3573,1784,1789,0,0,0,1.0,1,1.0,1,1.0,1,0.23407107976823804,32
2233,1,3574,1785,1789,0,0,0,1.0,1,1.0,1,1.0,1,0.2643993243911965,31
2234,1,3575,1785,1790,0,0,0,1.0,1,1.0,1,1.0,1,0.239147804449718,32
2235,1,3576,1785,1791,0,0,0,1.0,1,1.0,1,1.0,1,0.2629285453331991,31
2236,1,3577,1786,1791,0,0,0,1.0,1,1.0,1,1.0,1,0.29789284483089384,31
2237,2,3579,1787,1792,0,0,0,1.0,1,1.0,1,1.0,1,0.31534043311729953,31
2238,4,3583,1789,1794,0,0,0,1.0,1,1.0,1,1.0,1,0.2930220681670602,31
2239,0,3583,1789,1794,0,0,0,1.0,1,1.0,1,1.0,1,0.2930220681670602,31
2240,1,3584,1790,1794,0,0,0,1.0,1,1.0,1,1.0,1,0.2802081017930572,32
2241,2,3586,1791,1795,0,0,0,1.0,1,1.0,1,1.0,1,0.2617037394321091,32
2242,2,3588,1793,1795,0,0,0,1.0,1,1.0,1,1.0,1,0.24724603044216534,34
2243,1,3589,1794,1795,0,0,0,1.0,1,1.0,1,1.0,1,0.2704477791229291,34
2244,1,3590,1794,1796,0,0,0,1.0,1,1.0,1,1.0,1,0.2677333062112483,36
2245,0,3590,1794,1796,0,0,0,1.0,1,1.0,1,1.0,1,0.2677333062112483,36
2246,0,3590,1794,1796,0,0,0,1.0,1,1.0,1,1.0,1,0.281784141257893,39
2247,1,3591,1794,1797,0,0,0,1.0,1,1.0,1,1.0,1,0.25859845370538326,40
2248,0,3591,1794,1797,0,0,0,1.0,1,1.0,1,1.0,1,0.25859845370538326,40
2249,0,3591,1794,1797,0,0,0,1.0,1,1.0,1,1.0,1,0.25748020164708446,41
2250,0,3591,1794,1797,0,0,0,1.0,1,1.0,1,1.0,1,0.25748020164708446,41
2251,1,3592,1794,1798,0,0,0,1.0,1,1.0,1,1.0,1,0.26863220078598227,42
2252,3,3595,1795,1800,0,0,0,1.0,1,1.0,1,1.0,1,0.2887719182579614,41
2253,1,3596,1795,1801,0,0,0,1.0,1,1.0,1,1.0,1,0.26087400064921873,40
2254,2,3598,1797,1801,0,0,0,1.0,1,1.0,1,1.0,1,0.2874330526446397,39
2255,2,3600,1797,1803,0,0,0,1.0,1,1.0,1,1.0,1,0.21505457863612268,39
2256,3,3603,1800,1803,0,0,0,1.0,1,1.0,1,1.0,1,0.273960691763984,40
2257,2,3605,1801,1804,0,0,0,1.0,1,1.0,1,1.0,1,0.2812389776334576,40
2258,2,3607,1803,1804,0,0,0,1.0,1,1.0,1,1.0,1,0.2616901016991259,39
2259,4,3611,1805,1806,0,0,0,1.0,1,1.0,1,1.0,1,0.23645650155610526,41
2260,0,3611,1805,1806,0,0,0,1.0,1,1.0,1,1.0,1,0.22646596983771158,38
2261,0,3611,1805,1806,0,0,0,1.0,1,1.0,1,1.0,1,0.22646596983771158,38
2262,0,3611,1805,1806,0,0,0,1.0,1,1.0,1,1.0,1,0.2520653314406206,36
2263,2,3613,1807,1806,0,0,0,1.0,1,1.0,1,1.0,1,0.25243787364923165,35
2264,2,3615,1809,1806,0,0,0,1.0,1,1.0,1,1.0,1,0.326861304461957,33
2265,4,3619,1810,1809,0,0,0,1.0,1,1.0,1,1.0,1,0.26436977058458694,33
2266,4,3623,1812,1811,0,0,0,1.0,1,1.0,1,1.0,1,0.22209346406432362,33
2267,2,3625,1814,1811,0,0,0,1.0,1,1.0,1,1.0,1,0.23753368194363744,33
2268,3,3628,1816,1812,0,0,0,1.0,1,1.0,1,1.0,1,0.23674849621627247,35
2269,2,3630,1817,1813,0,0,0,1.0,1,1.0,1,1.0,1,0.23372643543594504,36
2270,0,3630,1817,1813,0,0,0,1.0,1,1.0,1,1.0,1,0.24357999294820676,34
2271,5,3635,1822,1813,0,0,0,1.0,1,1.0,1,1.0,1,0.2457119670502098,34
2272,3,3638,1824,1814,0,0,0,1.0,1,1.0,1,1.0,1,0.18185788106959297,33
2273,3,3641,1826,1815,0,0,0,1.0,1,1.0,1,1.0,1,0.14368118896725932,32
2274,0,3641,1826,1815,0,0,0,1.0,1,1.0,1,1.0,1,0.14368118896725932,32
2275,1,3642,1826,1816,0,0,0,1.0,1,1.0,1,1.0,1,0.14690512827164198,32
2276,1,3643,1827,1816,0,0,0,1.0,1,1.0,1,1.0,1,0.1798103411882566,31
2277,0,3643,1827,1816,0,0,0,1.0,1,1.0,1,1.0,1,0.198586480546013,30
2278,0,3643,1827,1816,0,0,0,1.0,1,1.0,1,1.0,1,0.20257872021201648,33
2279,0,3643,1827,1816,0,0,0,1.0,1,1.0,1,1.0,1,0.20257872021201648,33
2280,3,3646,1828,1818,0,0,0,1.0,1,1.0,1,1.0,1,0.1235542484123557,35
2281,0,3646,1828,1818,0,0,0,1.0,1,1.0,1,1.0,1,0.14045378154651156,36
2282,0,3646,1828,1818,0,0,0,1.0,1,1.0,1,1.0,1,0.14045378154651156,36
2283,0,3646,1828,1818,0,0,0,1.0,1,1.0,1,1.0,1,0.14045378154651156,36
2284,1,3647,1829,1818,0,0,0,1.0,1,1.0,1,1.0,1,0.1908454604749957,36
2285,1,3648,1829,1819,0,0,0,1.0,1,1.0,1,1.0,1,0.17176137641029338,37
2286,1,3649,1830,1819,0,0,0,1.0,1,1.0,1,1.0,1,0.21846661498709333,38
2287,1,3650,1830,1820,0,0,0,1.0,1,1.0,1,1.0,1,0.18076818562917069,38
2288,3,3653,1832,1821,0,0,0,1.0,1,1.0,1,1.0,1,0.2631625349178256,40
2289,3,3656,1832,1824,0,0,0,1.0,1,1.0,1,1.0,1,0.19859773907301295,40
2290,0,3656,1832,1824,0,0,0,1.0,1,1.0,1,1.0,1,0.22034773586897988,39
2291,1,3657,1833,1824,0,0,0,1.0,1,1.0,1,1.0,1,0.24189430837982234,37
2292,0,3657,1833,1824,0,0,0,1.0,1,1.0,1,1.0,1,0.2725644814177896,35
2293,3,3660,1836,1824,0,0,0,1.0,1,1.0,1,1.0,1,0.36285812656304545,35
2294,6,3666,1836,1830,0,0,0,1.0,1,1.0,1,1.0,1,0.2992648425448977,35
2295,0,3666,1836,1830,0,0,0,1.0,1,1.0,1,1.0,1,0.30227562480230497,36
2296,0,3666,1836,1830,0,0,0,1.0,1,1.0,1,1.0,1,0.33311398188299435,34
2297,1,3667,1836,1831,0,0,0,1.0,1,1.0,1,1.0,1,0.33000320385927934,35
2298,1,3668,1837,1831,0,0,0,1.0,1,1.0,1,1.0,1,0.30820482767699425,34
2299,2,3670,1839,1831,0,0,0,1.0,1,1.0,1,1.0,1,0.3108034182522801,35
2300,1,3671,1839,1832,0,0,0,1.0,1,1.0,1,1.0,1,0.2890018811125548,35
2301,0,3671,1839,1832,0,0,0,1.0,1,1.0,1,1.0,1,0.2890018811125548,35
2302,3,3674,1842,1832,0,0,0,1.0,1,1.0,1,1.0,1,0.3349548093641473,37
2303,2,3676,1843,1833,0,0,0,1.0,1,1.0,1,1.0,1,0.25101648432764667,35
2304,4,3680,1845,1835,0,0,0,1.0,1,1.0,1,1.0,1,0.29293518004141833,36
2305,0,3680,1845,1835,0,0,0,1.0,1,1.0,1,1.0,1,0.3094001596665159,34
2306,2,3682,1845,1837,0,0,0,1.0,1,1.0,1,1.0,1,0.32267565142247295,35
2307,0,3682,1845,1837,0,0,0,1.0,1,1.0,1,1.0,1,0.31716525851472865,35
2308,0,3682,1845,1837,0,0,0,1.0,1,1.0,1,1.0,1,0.31716525851472865,35
2309,0,3682,1845,1837,0,0,0,1.0,1,1.0,1,1.0,1,0.32904062580989846,34
2310,0,3682,1845,1837,0,0,0,1.0,1,1.0,1,1.0,1,0.33544993770216475,36
2311,1,3683,1845,1838,0,0,0,1.0,1,1.0,1,1.0,1,0.33007672452685927,38
2312,4,3687,1847,1840,0,0,0,1.0,1,1.0,1,1.0,1,0.35677800129912385,39
2313,5,3692,1848,1844,0,0,0,1.0,1,1.0,1,1.0,1,0.2711217657756157,39
2314,2,3694,1848,1846,0,0,0,1.0,1,1.0,1,1.0,1,0.2310586824614513,39
2315,6,3700,1850,1850,0,0,0,1.0,1,1.0,1,1.0,1,0.20981655358574652,40
2316,0,3700,1850,1850,0,0,0,1.0,1,1.0,1,1.0,1,0.20981655358574652,40
2317,3,3703,1851,1852,0,0,0,1.0,1,1.0,1,1.0,1,0.19975152300094273,41
2318,1,3704,1852,1852,0,0,0,1.0,1,1.0,1,1.0,1,0.20686241244073836,41
2319,0,3704,1852,1852,0,0,0,1.0,1,1.0,1,1.0,1,0.20686241244073836,41
2320,2,3706,1852,1854,0,0,0,1.0,1,1.0,1,1.0,1,0.20785027953271878,42
2321,0,3706,1852,1854,0,0,0,1.0,1,1.0,1,1.0,1,0.19235748216078283,43
2322,1,3707,1853,1854,0,0,0,1.0,1,1.0,1,1.0,1,0.23518865641459757,42
2323,0,3707,1853,1854,0,0,0,1.0,1,1.0,1,1.0,1,0.24081027783423967,43
2324,0,3707,1853,1854,0,0,0,1.0,1,1.0,1,1.0,1,0.2571740078080579,44
2325,1,3708,1853,1855,0,0,0,1.0,1,1.0,1,1.0,1,0.2392215557216296,44
2326,1,3709,1853,1856,0,0,0,1.0,1,1.0,1,1.0,1,0.21145223756585851,45
2327,0,3709,1853,1856,0,0,0,1.0,1,1.0,1,1.0,1,0.21145223756585851,45
2328,0,3709,1853,1856,0,0,0,1.0,1,1.0,1,1.0,1,0.22279587159551967,46
2329,0,3709,1853,1856,0,0,0,1.0,1,1.0,1,1.0,1,0.21755453111703502,45
2330,0,3709,1853,1856,0,0,0,1.0,1,1.0,1,1.0,1,0.21906531102658242,47
2331,0,3709,1853,1856,0,0,0,1.0,1,1.0,1,1.0,1,0.21914746252408737,48
2332,0,3709,1853,1856,0,0,0,1.0,1,1.0,1,1.0,1,0.21914746252408737,48
2333,2,3711,1855,1856,0,0,0,1.0,1,1.0,1,1.0,1,0.26325765266422224,49
2334,3,3714,1856,1858,0,0,0,1.0,1,1.0,1,1.0,1,0.2799430540058919,47
2335,1,3715,1857,1858,0,0,0,1.0,1,1.0,1,1.0,1,0.3290782448630478,46
2336,1,3716,1857,1859,0,0,0,1.0,1,1.0,1,1.0,1,0.3052364433765058,46
2337,2,3718,1858,1860,0,0,0,1.0,1,1.0,1,1.0,1,0.2620161347496364,45
2338,5,3723,1862,1861,0,0,0,1.0,1,1.0,1,1.0,1,0.19949276805950647,44
2339,3,3726,1863,1863,0,0,0,1.0,1,1.0,1,1.0,1,0.15838218073174534,45
2340,0,3726,1863,1863,0,0,0,1.0,1,1.0,1,1.0,1,0.1578483122068426,44
2341,0,3726,1863,1863,0,0,0,1.0,1,1.0,1,1.0,1,0.1721553230280652,45
2342,1,3727,1864,1863,0,0,0,1.0,1,1.0,1,1.0,1,0.16681391677628754,47
2343,1,3728,1864,1864,0,0,0,1.0,1,1.0,1,1.0,1,0.15481182033376892,46
2344,0,3728,1864,1864,0,0,0,1.0,1,1.0,1,1.0,1,0.19192732862168024,46
2345,2,3730,1864,1866,0,0,0,1.0,1,1.0,1,1.0,1,0.1600880309098625,45
2346,0,3730,1864,1866,0,0,0,1.0,1,1.0,1,1.0,1,0.15083960948468572,46
2347,1,3731,1864,1867,0,0,0,1.0,1,1.0,1,1.0,1,0.14556242869450192,47
2348,1,3732,1865,1867,0,0,0,1.0,1,1.0,1,1.0,1,0.17537612482154374,49
2349,2,3734,1866,1868,0,0,0,1.0,1,1.0,1,1.0,1,0.19715577827043376,49
2350,0,3734,1866,1868,0,0,0,1.0,1,1.0,1,1.0,1,0.17945430429874912,50
2351,3,3737,1867,1870,0,0,0,1.0,1,1.0,1,1.0,1,0.17126233032842744,50
2352,1,3738,1867,1871,0,0,0,1.0,1,1.0,1,1.0,1,0.17895366942069782,51
2353,1,3739,1867,1872,0,0,0,1.0,1,1.0,1,1.0,1,0.1728313300321664,51
2354,0,3739,1867,1872,0,0,0,1.0,1,1.0,1,1.0,1,0.18927818505136093,51
2355,2,3741,1869,1872,0,0,0,1.0,1,1.0,1,1.0,1,0.18399364994231718,50
2356,0,3741,1869,1872,0,0,0,1.0,1,1.0,1,1.0,1,0.18399364994231718,50
2357,1,3742,1869,1873,0,0,0,1.0,1,1.0,1,1.0,1,0.17867737085349414,49
2358,0,3742,1869,1873,0,0,0,1.0,1,1.0,1,1.0,1,0.1971171560497158,51
2359,0,3742,1869,1873,0,0,0,1.0,1,1.0,1,1.0,1,0.18731004991367528,51
2360,3,3745,1871,1874,0,0,0,1.0,1,1.0,1,1.0,1,0.24312660371954825,51
2361,4,3749,1873,1876,0,0,0,1.0,1,1.0,1,1.0,1,0.2475114333789973,52
2362,2,3751,1874,1877,0,0,0,1.0,1,1.0,1,1.0,1,0.22750177188544207,53
2363,2,3753,1875,1878,0,0,0,1.0,1,1.0,1,1.0,1,0.22460212132562835,54
2364,2,3755,1875,1880,0,0,0,1.0,1,1.0,1,1.0,1,0.20672296681608934,55
2365,2,3757,1876,1881,0,0,0,1.0,1,1.0,1,1.0,1,0.18964996223900843,53
2366,1,3758,1877,1881,0,0,0,1.0,1,1.0,1,1.0,1,0.18950472042681926,53
2367,2,3760,1879,1881,0,0,0,1.0,1,1.0,1,1.0,1,0.25079751549198714,51
2368,2,3762,1880,1882,0,0,0,1.0,1,1.0,1,1.0,1,0.23531101717426275,50
2369,2,3764,1881,1883,0,0,0,1.0,1,1.0,1,1.0,1,0.24262664750983046,47
2370,0,3764,1881,1883,0,0,0,1.0,1,1.0,1,1.0,1,0.2624874027728234,48
2371,2,3766,1883,1883,0,0,0,1.0,1,1.0,1,1.0,1,0.27222679719444265,49
2372,1,3767,1883,1884,0,0,0,1.0,1,1.0,1,1.0,1,0.27585661298814385,48
2373,3,3770,1884,1886,0,0,0,1.0,1,1.0,1,1.0,1,0.25102017700847373,49
2374,1,3771,1884,1887,0,0,0,1.0,1,1.0,1,1.0,1,0.23895711760206553,50
2375,1,3772,1885,1887,0,0,0,1.0,1,1.0,1,1.0,1,0.24188981742819374,50
2376,0,3772,1885,1887,0,0,0,1.0,1,1.0,1,1.0,1,0.24160275597849892,50
2377,1,3773,1885,1888,0,0,0,1.0,1,1.0,1,1.0,1,0.23198985798788227,49
2378,0,3773,1885,1888,0,0,0,1.0,1,1.0,1,1.0,1,0.23198985798788227,49
2379,1,3774,1886,1888,0,0,0,1.0,1,1.0,1,1.0,1,0.26661445019414404,50
2380,1,3775,1887,1888,0,0,0,1.0,1,1.0,1,1.0,1,0.28291616869821795,50
2381,1,3776,1888,1888,0,0,0,1.0,1,1.0,1,1.0,1,0.30740409388581336,51
2382,2,3778,1889,1889,0,0,0,1.0,1,1.0,1,1.0,1,0.2880003110746839,51
2383,4,3782,1889,1893,0,0,0,1.0,1,1.0,1,1.0,1,0.24411276103644372,52
2384,2,3784,1891,1893,0,0,0,1.0,1,1.0,1,1.0,1,0.23535391825310736,52
2385,5,3789,1894,1895,0,0,0,1.0,1,1.0,1,1.0,1,0.26237314074555296,51
2386,5,3794,1896,1898,0,0,0,1.0,1,1.0,1,1.0,1,0.2673585444506863,52
2387,0,3794,1896,1898,0,0,0,1.0,1,1.0,1,1.0,1,0.28474439388558415,49
2388,1,3795,1897,1898,0,0,0,1.0,1,1.0,1,1.0,1,0.2891468267866484,48
2389,2,3797,1897,1900,0,0,0,1.0,1,1.0,1,1.0,1,0.26176361133009535,48
2390,3,3800,1899,1901,0,0,0,1.0,1,1.0,1,1.0,1,0.24531500484099106,49
2391,0,3800,1899,1901,0,0,0,1.0,1,1.0,1,1.0,1,0.24203546088539635,48
2392,2,3802,1900,1902,0,0,0,1.0,1,1.0,1,1.0,1,0.2317369263244455,49
2393,4,3806,1901,1905,0,0,0,1.0,1,1.0,1,1.0,1,0.22156179445979363,50
2394,3,3809,1903,1906,0,0,0,1.0,1,1.0,1,1.0,1,0.26362075536313334,50
2395,2,3811,1904,1907,0,0,0,1.0,1,1.0,1,1.0,1,0.24559366351777934,49
2396,1,3812,1905,1907,0,0,0,1.0,1,1.0,1,1.0,1,0.239114045604415,50
2397,4,3816,1907,1909,0,0,0,1.0,1,1.0,1,1.0,1,0.245429086036098,51
2398,2,3818,1908,1910,0,0,0,1.0,1,1.0,1,1.0,1,0.20978331259262636,49
2399,2,3820,1908,1912,0,0,0,1.0,1,1.0,1,1.0,1,0.17989934137223837,50
2400,0,3820,1908,1912,0,0,0,1.0,1,1.0,1,1.0,1,0.19252214182217608,51
2401,1,3821,1909,1912,0,0,0,1.0,1,1.0,1,1.0,1,0.21322796393751142,50
2402,0,3821,1909,1912,0,0,0,1.0,1,1.0,1,1.0,1,0.2101849359263271,51
2403,0,3821,1909,1912,0,0,0,1.0,1,1.0,1,1.0,1,0.20911811886287537,52
2404,1,3822,1909,1913,0,0,0,1.0,1,1.0,1,1.0,1,0.21915886333302742,53
2405,1,3823,1909,1914,0,0,0,1.0,1,1.0,1,1.0,1,0.21106650705965976,52
2406,1,3824,1910,1914,0,0,0,1.0,1,1.0,1,1.0,1,0.224436120527823,52
2407,0,3824,1910,1914,0,0,0,1.0,1,1.0,1,1.0,1,0.24910700112518053,51
2408,0,3824,1910,1914,0,0,0,1.0,1,1.0,1,1.0,1,0.2566662335026674,50
2409,2,3826,1910,1916,0,0,0,1.0,1,1.0,1,1.0,1,0.2429654717817059,50
2410,1,3827,1911,1916,0,0,0,1.0,1,1.0,1,1.0,1,0.2788703375392007,49
2411,0,3827,1911,1916,0,0,0,1.0,1,1.0,1,1.0,1,0.29040848777451145,48
2412,0,3827,1911,1916,0,0,0,1.0,1,1.0,1,1.0,1,0.31297042388154145,47
2413,4,3831,1911,1920,0,0,0,1.0,1,1.0,1,1.0,1,0.2650964572806969,47
2414,1,3832,1912,1920,0,0,0,1.0,1,1.0,1,1.0,1,0.30175661685605365,47
2415,0,3832,1912,1920,0,0,0,1.0,1,1.0,1,1.0,1,0.3108725811559004,46
2416,1,3833,1912,1921,0,0,0,1.0,1,1.0,1,1.0,1,0.28799658451963067,47
2417,1,3834,1912,1922,0,0,0,1.0,1,1.0,1,1.0,1,0.278770455399426,46
2418,2,3836,1913,1923,0,0,0,1.0,1,1.0,1,1.0,1,0.273954017311828,48
2419,3,3839,1915,1924,0,0,0,1.0,1,1.0,1,1.0,1,0.2403869335628014,47
2420,1,3840,1916,1924,0,0,0,1.0,1,1.0,1,1.0,1,0.2212742883210486,49
2421,2,3842,1917,1925,0,0,0,1.0,1,1.0,1,1.0,1,0.20958267188342122,50
2422,3,3845,1919,1926,0,0,0,1.0,1,1.0,1,1.0,1,0.1796803419927566,50
2423,1,3846,1919,1927,0,0,0,1.0,1,1.0,1,1.0,1,0.1704909306496567,51
2424,3,3849,1922,1927,0,0,0,1.0,1,1.0,1,1.0,1,0.17973830124560228,50
2425,2,3851,1922,1929,0,0,0,1.0,1,1.0,1,1.0,1,0.1649079745692644,48
2426,3,3854,1924,1930,0,0,0,1.0,1,1.0,1,1.0,1,0.1715208001234551,51
2427,1,3855,1925,1930,0,0,0,1.0,1,1.0,1,1.0,1,0.1938342815144545,50
2428,2,3857,1927,1930,0,0,0,1.0,1,1.0,1,1.0,1,0.20942641748863838,49
2429,3,3860,1929,1931,0,0,0,1.0,1,1.0,1,1.0,1,0.2567126089918295,49
2430,1,3861,1930,1931,0,0,0,1.0,1,1.0,1,1.0,1,0.2712644678124957,46
2431,0,3861,1930,1931,0,0,0,1.0,1,1.0,1,1.0,1,0.2911942161285783,45
2432,0,3861,1930,1931,0,0,0,1.0,1,1.0,1,1.0,1,0.3221177047010045,44
2433,5,3866,1930,1936,0,0,0,1.0,1,1.0,1,1.0,1,0.2030409370411527,45
2434,1,3867,1931,1936,0,0,0,1.0,1,1.0,1,1.0,1,0.21399832252457898,44
2435,0,3867,1931,1936,0,0,0,1.0,1,1.0,1,1.0,1,0.21399832252457898,44
2436,1,3868,1931,1937,0,0,0,1.0,1,1.0,1,1.0,1,0.18145991713985607,44
2437,3,3871,1933,1938,0,0,0,1.0,1,1.0,1,1.0,1,0.20987194420481703,45
2438,2,3873,1934,1939,0,0,0,1.0,1,1.0,1,1.0,1,0.24384517532822603,45
2439,1,3874,1934,1940,0,0,0,1.0,1,1.0,1,1.0,1,0.211542011738827,46
2440,0,3874,1934,1940,0,0,0,1.0,1,1.0,1,1.0,1,0.22730530094802218,45
2441,2,3876,1935,1941,0,0,0,1.0,1,1.0,1,1.0,1,0.21330230107156825,45
2442,0,3876,1935,1941,0,0,0,1.0,1,1.0,1,1.0,1,0.20950957467290607,46
2443,0,3876,1935,1941,0,0,0,1.0,1,1.0,1,1.0,1,0.25812667109833676,45
2444,5,3881,1937,1944,0,0,0,1.0,1,1.0,1,1.0,1,0.2955568334105271,46
2445,3,3884,1938,1946,0,0,0,1.0,1,1.0,1,1.0,1,0.3124388235767286,44
2446,4,3888,1941,1947,0,0,0,1.0,1,1.0,1,1.0,1,0.26653239775900944,44
2447,2,3890,1942,1948,0,0,0,1.0,1,1.0,1,1.0,1,0.2670894143322877,42
2448,4,3894,1945,1949,0,0,0,1.0,1,1.0,1,1.0,1,0.2647147351345668,41
2449,4,3898,1946,1952,0,0,0,1.0,1,1.0,1,1.0,1,0.21621053226300552,40
2450,3,3901,1949,1952,0,0,0,1.0,1,1.0,1,1.0,1,0.2343328810023416,42
2451,2,3903,1949,1954,0,0,0,1.0,1,1.0,1,1.0,1,0.20387477723030215,43
2452,0,3903,1949,1954,0,0,0,1.0,1,1.0,1,1.0,1,0.20387477723030215,43
2453,0,3903,1949,1954,0,0,0,1.0,1,1.0,1,1.0,1,0.22138285313148456,45
2454,3,3906,1951,1955,0,0,0,1.0,1,1.0,1,1.0,1,0.25520677343509296,47
2455,0,3906,1951,1955,0,0,0,1.0,1,1.0,1,1.0,1,0.259213752303563,48
2456,2,3908,1952,1956,0,0,0,1.0,1,1.0,1,1.0,1,0.2682292287992313,49
2457,2,3910,1953,1957,0,0,0,1.0,1,1.0,1,1.0,1,0.3066973088080871,48
2458,0,3910,1953,1957,0,0,0,1.0,1,1.0,1,1.0,1,0.30496566896695326,49
2459,0,3910,1953,1957,0,0,0,1.0,1,1.0,1,1.0,1,0.30496566896695326,49
2460,7,3917,1955,1962,0,0,0,1.0,1,1.0,1,1.0,1,0.2807962167583023,50
2461,0,3917,1955,1962,0,0,0,1.0,1,1.0,1,1.0,1,0.2807962167583023,50
2462,6,3923,1957,1966,0,0,0,1.0,1,1.0,1,1.0,1,0.25165263582472785,51
2463,4,3927,1958,1969,0,0,0,1.0,1,1.0,1,1.0,1,0.26073992570636145,51
2464,3,3930,1960,1970,0,0,0,1.0,1,1.0,1,1.0,1,0.2491389884786942,50
2465,3,3933,1960,1973,0,0,0,1.0,1,1.0,1,1.0,1,0.2071026877778368,49
2466,1,3934,1961,1973,0,0,0,1.0,1,1.0,1,1.0,1,0.20959721897957673,49
2467,1,3935,1961,1974,0,0,0,1.0,1,1.0,1,1.0,1,0.1927921811273379,48
2468,2,3937,1963,1974,0,0,0,1.0,1,1.0,1,1.0,1,0.23927019126165108,47
2469,2,3939,1964,1975,0,0,0,1.0,1,1.0,1,1.0,1,0.19824406909802894,46
2470,0,3939,1964,1975,0,0,0,1.0,1,1.0,1,1.0,1,0.20980437129247678,44
2471,0,3939,1964,1975,0,0,0,1.0,1,1.0,1,1.0,1,0.22250157206789992,44
2472,1,3940,1964,1976,0,0,0,1.0,1,1.0,1,1.0,1,0.2365318170472962,44
2473,2,3942,1965,1977,0,0,0,1.0,1,1.0,1,1.0,1,0.2136949208562837,43
2474,3,3945,1967,1978,0,0,0,1.0,1,1.0,1,1.0,1,0.23427463326602627,44
2475,3,3948,1968,1980,0,0,0,1.0,1,1.0,1,1.0,1,0.19340586210738714,46
2476,0,3948,1968,1980,0,0,0,1.0,1,1.0,1,1.0,1,0.19340586210738714,46
2477,1,3949,1968,1981,0,0,0,1.0,1,1.0,1,1.0,1,0.18052150800295375,46
2478,0,3949,1968,1981,0,0,0,1.0,1,1.0,1,1.0,1,0.18052150800295375,46
2479,2,3951,1970,1981,0,0,0,1.0,1,1.0,1,1.0,1,0.16665650283273514,46
2480,2,3953,1972,1981,0,0,0,1.0,1,1.0,1,1.0,1,0.2264809073933841,47
2481,5,3958,1974,1984,0,0,0,1.0,1,1.0,1,1.0,1,0.17349026083303373,47
2482,1,3959,1975,1984,0,0,0,1.0,1,1.0,1,1.0,1,0.18234679832914763,45
2483,0,3959,1975,1984,0,0,0,1.0,1,1.0,1,1.0,1,0.18799162339254571,45
2484,1,3960,1976,1984,0,0,0,1.0,1,1.0,1,1.0,1,0.2375204339572762,46
2485,1,3961,1977,1984,0,0,0,1.0,1,1.0,1,1.0,1,0.22777945705192873,44
2486,0,3961,1977,1984,0,0,0,1.0,1,1.0,1,1.0,1,0.22027221223532398,43
2487,1,3962,1978,1984,0,0,0,1.0,1,1.0,1,1.0,1,0.24643966759386984,44
2488,2,3964,1980,1984,0,0,0,1.0,1,1.0,1,1.0,1,0.27422609196643855,45
2489,3,3967,1981,1986,0,0,0,1.0,1,1.0,1,1.0,1,0.247030441674094,44
2490,3,3970,1983,1987,0,0,0,1.0,1,1.0,1,1.0,1,0.28086874701005177,44
2491,2,3972,1984,1988,0,0,0,1.0,1,1.0,1,1.0,1,0.26917880576771086,44
2492,0,3972,1984,1988,0,0,0,1.0,1,1.0,1,1.0,1,0.26917880576771086,44
2493,2,3974,1985,1989,0,0,0,1.0,1,1.0,1,1.0,1,0.28688067765119496,42
2494,0,3974,1985,1989,0,0,0,1.0,1,1.0,1,1.0,1,0.28688067765119496,42
2495,1,3975,1985,1990,0,0,0,1.0,1,1.0,1,1.0,1,0.258785103242372,42
2496,1,3976,1985,1991,0,0,0,1.0,1,1.0,1,1.0,1,0.23266972509557637,42
2497,1,3977,1986,1991,0,0,0,1.0,1,1.0,1,1.0,1,0.24665968679348982,44
2498,0,3977,1986,1991,0,0,0,1.0,1,1.0,1,1.0,1,0.26246665673549213,43
2499,2,3979,1987,1992,0,0,0,1.0,1,1.0,1,1.0,1,0.22539718635679676,43
2500,4,3983,1988,1995,0,0,0,1.0,1,1.0,1,1.0,1,0.1657459388404689,44
2501,0,3983,1988,1995,0,0,0,1.0,1,1.0,1,1.0,1,0.17690291637792907,46
2502,3,3986,1991,1995,0,0,0,1.0,1,1.0,1,1.0,1,0.18989554756993748,47
2503,2,3988,1992,1996,0,0,0,1.0,1,1.0,1,1.0,1,0.1831289100437832,47
2504,1,3989,1993,1996,0,0,0,1.0,1,1.0,1,1.0,1,0.2114082086625861,46
2505,5,3994,1996,1998,0,0,0,1.0,1,1.0,1,1.0,1,0.19769707817176993,46
2506,0,3994,1996,1998,0,0,0,1.0,1,1.0,1,1.0,1,0.20356413607647528,45
2507,2,3996,1998,1998,0,0,0,1.0,1,1.0,1,1.0,1,0.21580274116375564,45
2508,3,3999,2001,1998,0,0,0,1.0,1,1.0,1,1.0,1,0.2216620022381372,46
2509,3,4002,2002,2000,0,0,0,1.0,1,1.0,1,1.0,1,0.21607088182985637,45
2510,3,4005,2004,2001,0,0,0,1.0,1,1.0,1,1.0,1,0.24726057506378757,46
2511,3,4008,2005,2003,0,0,0,1.0,1,1.0,1,1.0,1,0.23878146245070672,47
2512,1,4009,2005,2004,0,0,0,1.0,1,1.0,1,1.0,1,0.2335188753193059,47
2513,3,4012,2005,2007,0,0,0,1.0,1,1.0,1,1.0,1,0.1621722529509166,48
2514,4,4016,2007,2009,0,0,0,1.0,1,1.0,1,1.0,1,0.21220968616042327,48
2515,2,4018,2007,2011,0,0,0,1.0,1,1.0,1,1.0,1,0.17744895928601126,49
2516,0,4018,2007,2011,0,0,0,1.0,1,1.0,1,1.0,1,0.17744895928601126,49
2517,3,4021,2009,2012,0,0,0,1.0,1,1.0,1,1.0,1,0.16637820098781814,49
2518,2,4023,2011,2012,0,0,0,1.0,1,1.0,1,1.0,1,0.19420639160663788,48
2519,2,4025,2012,2013,0,0,0,1.0,1,1.0,1,1.0,1,0.20005715875906516,48
2520,1,4026,2013,2013,0,0,0,1.0,1,1.0,1,1.0,1,0.2527493712239542,46
2521,2,4028,2015,2013,0,0,0,1.0,1,1.0,1,1.0,1,0.27497438098115407,47
2522,1,4029,2016,2013,0,0,0,1.0,1,1.0,1,1.0,1,0.30989171014783917,45
2523,2,4031,2017,2014,0,0,0,1.0,1,1.0,1,1.0,1,0.3368449774237514,44
2524,1,4032,2017,2015,0,0,0,1.0,1,1.0,1,1.0,1,0.2717345866154975,42
2525,1,4033,2017,2016,0,0,0,1.0,1,1.0,1,1.0,1,0.2668516184219004,42
2526,0,4033,2017,2016,0,0,0,1.0,1,1.0,1,1.0,1,0.28684485307636587,41
2527,0,4033,2017,2016,0,0,0,1.0,1,1.0,1,1.0,1,0.28684485307636587,41
2528,0,4033,2017,2016,0,0,0,1.0,1,1.0,1,1.0,1,0.3123822719483509,41
2529,2,4035,2018,2017,0,0,0,1.0,1,1.0,1,1.0,1,0.31229265991102256,42
2530,0,4035,2018,2017,0,0,0,1.0,1,1.0,1,1.0,1,0.32448866644796126,41
2531,0,4035,2018,2017,0,0,0,1.0,1,1.0,1,1.0,1,0.32448866644796126,41
2532,1,4036,2018,2018,0,0,0,1.0,1,1.0,1,1.0,1,0.3233958003959573,43
2533,1,4037,2018,2019,0,0,0,1.0,1,1.0,1,1.0,1,0.29378054149267246,43
2534,0,4037,2018,2019,0,0,0,1.0,1,1.0,1,1.0,1,0.29378054149267246,43
2535,1,4038,2019,2019,0,0,0,1.0,1,1.0,1,1.0,1,0.32865897158860774,44
2536,0,4038,2019,2019,0,0,0,1.0,1,1.0,1,1.0,1,0.32865897158860774,44
2537,0,4038,2019,2019,0,0,0,1.0,1,1.0,1,1.0,1,0.3404825792736843,45
2538,5,4043,2019,2024,0,0,0,1.0,1,1.0,1,1.0,1,0.2720890797095777,48
2539,2,4045,2020,2025,0,0,0,1.0,1,1.0,1,1.0,1,0.25418983683905966,48
2540,0,4045,2020,2025,0,0,0,1.0,1,1.0,1,1.0,1,0.26802784733114693,50
2541,2,4047,2021,2026,0,0,0,1.0,1,1.0,1,1.0,1,0.2547835946931327,52
2542,3,4050,2024,2026,0,0,0,1.0,1,1.0,1,1.0,1,0.3276958493038558,52
2543,6,4056,2027,2029,0,0,0,1.0,1,1.0,1,1.0,1,0.34246715951999546,51
2544,7,4063,2031,2032,0,0,0,1.0,1,1.0,1,1.0,1,0.3529707732147665,51
2545,9,4072,2031,2041,0,0,0,1.0,1,1.0,1,1.0,1,0.20558250515668,50
2546,2,4074,2032,2042,0,0,0,1.0,1,1.0,1,1.0,1,0.21646828217111636,50
2547,1,4075,2033,2042,0,0,0,1.0,1,1.0,1,1.0,1,0.21300357899530384,47
2548,0,4075,2033,2042,0,0,0,1.0,1,1.0,1,1.0,1,0.20010506078334178,46
2549,2,4077,2034,2043,0,0,0,1.0,1,1.0,1,1.0,1,0.21492922162717876,46
2550,2,4079,2036,2043,0,0,0,1.0,1,1.0,1,1.0,1,0.22583365613719908,44
2551,0,4079,2036,2043,0,0,0,1.0,1,1.0,1,1.0,1,0.21743701806873478,43
2552,0,4079,2036,2043,0,0,0,1.0,1,1.0,1,1.0,1,0.24751871434582068,43
2553,1,4080,2036,2044,0,0,0,1.0,1,1.0,1,1.0,1,0.22974489977391888,44
2554,2,4082,2038,2044,0,0,0,1.0,1,1.0,1,1.0,1,0.24987127283234137,45
2555,1,4083,2039,2044,0,0,0,1.0,1,1.0,1,1.0,1,0.2899075495393294,44
2556,1,4084,2039,2045,0,0,0,1.0,1,1.0,1,1.0,1,0.252447617078896,44
2557,2,4086,2040,2046,0,0,0,1.0,1,1.0,1,1.0,1,0.28980905870203405,41
2558,2,4088,2040,2048,0,0,0,1.0,1,1.0,1,1.0,1,0.2708938205230276,40
2559,1,4089,2040,2049,0,0,0,1.0,1,1.0,1,1.0,1,0.2768093690426084,41
2560,0,4089,2040,2049,0,0,0,1.0,1,1.0,1,1.0,1,0.2768093690426084,41
2561,1,4090,2040,2050,0,0,0,1.0,1,1.0,1,1.0,1,0.2808185814218891,43
2562,0,4090,2040,2050,0,0,0,1.0,1,1.0,1,1.0,1,0.2933806522670363,44
2563,1,4091,2040,2051,0,0,0,1.0,1,1.0,1,1.0,1,0.27730702502234184,44
2564,2,4093,2042,2051,0,0,0,1.0,1,1.0,1,1.0,1,0.27399985726834075,44
2565,3,4096,2043,2053,0,0,0,1.0,1,1.0,1,1.0,1,0.23539565183009598,45
2566,0,4096,2043,2053,0,0,0,1.0,1,1.0,1,1.0,1,0.2429239247027259,46
2567,2,4098,2044,2054,0,0,0,1.0,1,1.0,1,1.0,1,0.2437780128804925,48
2568,4,4102,2047,2055,0,0,0,1.0,1,1.0,1,1.0,1,0.2909381397898217,48
2569,2,4104,2047,2057,0,0,0,1.0,1,1.0,1,1.0,1,0.2746905196985621,49
2570,1,4105,2047,2058,0,0,0,1.0,1,1.0,1,1.0,1,0.281905430605127,48
2571,0,4105,2047,2058,0,0,0,1.0,1,1.0,1,1.0,1,0.281905430605127,48
2572,0,4105,2047,2058,0,0,0,1.0,1,1.0,1,1.0,1,0.26489228335707105,49
2573,3,4108,2047,2061,0,0,0,1.0,1,1.0,1,1.0,1,0.23418226685234106,50
2574,2,4110,2049,2061,0,0,0,1.0,1,1.0,1,1.0,1,0.24708945871435134,49
2575,1,4111,2049,2062,0,0,0,1.0,1,1.0,1,1.0,1,0.24245454402795436,48
2576,0,4111,2049,2062,0,0,0,1.0,1,1.0,1,1.0,1,0.24245454402795436,48
2577,2,4113,2049,2064,0,0,0,1.0,1,1.0,1,1.0,1,0.22647208917890405,50
2578,0,4113,2049,2064,0,0,0,1.0,1,1.0,1,1.0,1,0.22647208917890405,50
2579,1,4114,2050,2064,0,0,0,1.0,1,1.0,1,1.0,1,0.21569506817078343,51
2580,0,4114,2050,2064,0,0,0,1.0,1,1.0,1,1.0,1,0.22460516939308645,52
2581,1,4115,2050,2065,0,0,0,1.0,1,1.0,1,1.0,1,0.23438519825662651,51
2582,2,4117,2051,2066,0,0,0,1.0,1,1.0,1,1.0,1,0.23644437571644983,51
2583,2,4119,2052,2067,0,0,0,1.0,1,1.0,1,1.0,1,0.24841982794704046,51
2584,4,4123,2055,2068,0,0,0,1.0,1,1.0,1,1.0,1,0.28157547450394016,51
2585,2,4125,2055,2070,0,0,0,1.0,1,1.0,1,1.0,1,0.24163110136572571,50
2586,4,4129,2058,2071,0,0,0,1.0,1,1.0,1,1.0,1,0.2646598140118459,50
2587,2,4131,2058,2073,0,0,0,1.0,1,1.0,1,1.0,1,0.2093516147675419,48
2588,2,4133,2059,2074,0,0,0,1.0,1,1.0,1,1.0,1,0.24684576822842189,50
2589,4,4137,2060,2077,0,0,0,1.0,1,1.0,1,1.0,1,0.15765906656595896,48
2590,0,4137,2060,2077,0,0,0,1.0,1,1.0,1,1.0,1,0.1493016581725631,47
2591,0,4137,2060,2077,0,0,0,1.0,1,1.0,1,1.0,1,0.1493016581725631,47
2592,1,4138,2061,2077,0,0,0,1.0,1,1.0,1,1.0,1,0.16753382306198006,47
2593,2,4140,2062,2078,0,0,0,1.0,1,1.0,1,1.0,1,0.19045477815673167,47
2594,2,4142,2064,2078,0,0,0,1.0,1,1.0,1,1.0,1,0.21779899559288604,49
2595,3,4145,2066,2079,0,0,0,1.0,1,1.0,1,1.0,1,0.24085886561083544,48
2596,2,4147,2068,2079,0,0,0,1.0,1,1.0,1,1.0,1,0.19351008578059964,47
2597,2,4149,2070,2079,0,0,0,1.0,1,1.0,1,1.0,1,0.23995640793364173,48
2598,4,4153,2073,2080,0,0,0,1.0,1,1.0,1,1.0,1,0.23202054510151945,48
2599,2,4155,2075,2080,0,0,0,1.0,1,1.0,1,1.0,1,0.21697878818176355,49
2600,0,4155,2075,2080,0,0,0,1.0,1,1.0,1,1.0,1,0.22932893632794435,52
2601,2,4157,2076,2081,0,0,0,1.0,1,1.0,1,1.0,1,0.2145950494926308,51
2602,4,4161,2077,2084,0,0,0,1.0,1,1.0,1,1.0,1,0.17667640875145285,52
2603,2,4163,2078,2085,0,0,0,1.0,1,1.0,1,1.0,1,0.2091861358395216,53
2604,0,4163,2078,2085,0,0,0,1.0,1,1.0,1,1.0,1,0.2091861358395216,53
2605,1,4164,2078,2086,0,0,0,1.0,1,1.0,1,1.0,1,0.227228235140677,52
2606,1,4165,2078,2087,0,0,0,1.0,1,1.0,1,1.0,1,0.1976843003852344,52
2607,2,4167,2079,2088,0,0,0,1.0,1,1.0,1,1.0,1,0.21546845717989768,52
2608,1,4168,2079,2089,0,0,0,1.0,1,1.0,1,1.0,1,0.19631469187599299,52
2609,0,4168,2079,2089,0,0,0,1.0,1,1.0,1,1.0,1,0.20322562588556412,53
2610,2,4170,2080,2090,0,0,0,1.0,1,1.0,1,1.0,1,0.23485136505570484,54
2611,3,4173,2081,2092,0,0,0,1.0,1,1.0,1,1.0,1,0.17610142681725507,54
2612,3,4176,2083,2093,0,0,0,1.0,1,1.0,1,1.0,1,0.1466673607439848,56
2613,0,4176,2083,2093,0,0,0,1.0,1,1.0,1,1.0,1,0.1466673607439848,56
2614,2,4178,2084,2094,0,0,0,1.0,1,1.0,1,1.0,1,0.1330657082937412,56
2615,0,4178,2084,2094,0,0,0,1.0,1,1.0,1,1.0,1,0.13164335019049342,57
2616,0,4178,2084,2094,0,0,0,1.0,1,1.0,1,1.0,1,0.13164335019049342,57
2617,2,4180,2085,2095,0,0,0,1.0,1,1.0,1,1.0,1,0.11607885685734032,58
2618,1,4181,2086,2095,0,0,0,1.0,1,1.0,1,1.0,1,0.1181575397543109,58
2619,0,4181,2086,2095,0,0,0,1.0,1,1.0,1,1.0,1,0.1441888579966713,58
2620,0,4181,2086,2095,0,0,0,1.0,1,1.0,1,1.0,1,0.16444750161471966,60
2621,2,4183,2087,2096,0,0,0,1.0,1,1.0,1,1.0,1,0.1247554917112511,59
2622,1,4184,2088,2096,0,0,0,1.0,1,1.0,1,1.0,1,0.14273063028952773,60
2623,4,4188,2090,2098,0,0,0,1.0,1,1.0,1,1.0,1,0.14186462224608135,59
2624,1,4189,2091,2098,0,0,0,1.0,1,1.0,1,1.0,1,0.1537171826758786,58
2625,3,4192,2094,2098,0,0,0,1.0,1,1.0,1,1.0,1,0.18300368020314464,58
2626,3,4195,2096,2099,0,0,0,1.0,1,1.0,1,1.0,1,0.20846463646093652,57
2627,1,4196,2097,2099,0,0,0,1.0,1,1.0,1,1.0,1,0.17741680867467433,55
2628,2,4198,2099,2099,0,0,0,1.0,1,1.0,1,1.0,1,0.21390508423529928,55
2629,0,4198,2099,2099,0,0,0,1.0,1,1.0,1,1.0,1,0.20250051650424972,54
2630,2,4200,2099,2101,0,0,0,1.0,1,1.0,1,1.0,1,0.20073896269655553,55
2631,1,4201,2099,2102,0,0,0,1.0,1,1.0,1,1.0,1,0.1937712988435115,55
2632,1,4202,2100,2102,0,0,0,1.0,1,1.0,1,1.0,1,0.22238259343959602,55
2633,4,4206,2101,2105,0,0,0,1.0,1,1.0,1,1.0,1,0.22064145141768995,53
2634,4,4210,2103,2107,0,0,0,1.0,1,1.0,1,1.0,1,0.21927521061209038,52
2635,4,4214,2104,2110,0,0,0,1.0,1,1.0,1,1.0,1,0.1964634937758527,52
2636,4,4218,2105,2113,0,0,0,1.0,1,1.0,1,1.0,1,0.17882425326501214,51
2637,2,4220,2106,2114,0,0,0,1.0,1,1.0,1,1.0,1,0.19068793851363527,50
2638,3,4223,2108,2115,0,0,0,1.0,1,1.0,1,1.0,1,0.19908512226542058,48
2639,1,4224,2109,2115,0,0,0,1.0,1,1.0,1,1.0,1,0.22954282425100234,48
2640,6,4230,2114,2116,0,0,0,1.0,1,1.0,1,1.0,1,0.23174460332512037,46
2641,4,4234,2116,2118,0,0,0,1.0,1,1.0,1,1.0,1,0.17782466347243217,46
2642,4,4238,2120,2118,0,0,0,1.0,1,1.0,1,1.0,1,0.18422913936295673,47
2643,1,4239,2121,2118,0,0,0,1.0,1,1.0,1,1.0,1,0.20093585281331725,45
2644,2,4241,2123,2118,0,0,0,1.0,1,1.0,1,1.0,1,0.25765452837990754,44
2645,2,4243,2123,2120,0,0,0,1.0,1,1.0,1,1.0,1,0.2389984632038108,42
2646,3,4246,2124,2122,0,0,0,1.0,1,1.0,1,1.0,1,0.1984038235668574,43
2647,0,4246,2124,2122,0,0,0,1.0,1,1.0,1,1.0,1,0.20280790039090507,40
2648,0,4246,2124,2122,0,0,0,1.0,1,1.0,1,1.0,1,0.17335195555886615,41
2649,2,4248,2124,2124,0,0,0,1.0,1,1.0,1,1.0,1,0.15235276098650039,43
2650,0,4248,2124,2124,0,0,0,1.0,1,1.0,1,1.0,1,0.13961345321114574,43
2651,1,4249,2125,2124,0,0,0,1.0,1,1.0,1,1.0,1,0.13108363290691047,44
2652,1,4250,2126,2124,0,0,0,1.0,1,1.0,1,1.0,1,0.09361472358143645,44
2653,0,4250,2126,2124,0,0,0,1.0,1,1.0,1,1.0,1,0.09361472358143645,44
2654,1,4251,2127,2124,0,0,0,1.0,1,1.0,1,1.0,1,0.10095668214748948,45
2655,1,4252,2128,2124,0,0,0,1.0,1,1.0,1,1.0,1,0.11007075185523461,45
2656,0,4252,2128,2124,0,0,0,1.0,1,1.0,1,1.0,1,0.11007075185523461,45
2657,0,4252,2128,2124,0,0,0,1.0,1,1.0,1,1.0,1,0.13315212674041843,45
2658,1,4253,2129,2124,0,0,0,1.0,1,1.0,1,1.0,1,0.1451156567913276,47
2659,1,4254,2130,2124,0,0,0,1.0,1,1.0,1,1.0,1,0.16855990789112352,46
2660,1,4255,2131,2124,0,0,0,1.0,1,1.0,1,1.0,1,0.17581687271586416,46
2661,1,4256,2131,2125,0,0,0,1.0,1,1.0,1,1.0,1,0.17262082088171782,46
2662,3,4259,2132,2127,0,0,0,1.0,1,1.0,1,1.0,1,0.1634058230262912,47
2663,4,4263,2136,2127,0,0,0,1.0,1,1.0,1,1.0,1,0.22301167645078032,46
2664,4,4267,2139,2128,0,0,0,1.0,1,1.0,1,1.0,1,0.21856423531122932,45
2665,4,4271,2141,2130,0,0,0,1.0,1,1.0,1,1.0,1,0.14987280270673972,47
2666,4,4275,2145,2130,0,0,0,1.0,1,1.0,1,1.0,1,0.18992008151582007,47
2667,4,4279,2146,2133,0,0,0,1.0,1,1.0,1,1.0,1,0.12309170863851292,45
2668,2,4281,2146,2135,0,0,0,1.0,1,1.0,1,1.0,1,0.11191036429329414,45
2669,2,4283,2148,2135,0,0,0,1.0,1,1.0,1,1.0,1,0.17550836057401692,45
2670,5,4288,2151,2137,0,0,0,1.0,1,1.0,1,1.0,1,0.1415892157660795,45
2671,2,4290,2153,2137,0,0,0,1.0,1,1.0,1,1.0,1,0.17313031056554598,41
2672,2,4292,2155,2137,0,0,0,1.0,1,1.0,1,1.0,1,0.2273103768980378,40
2673,2,4294,2155,2139,0,0,0,1.0,1,1.0,1,1.0,1,0.19068044091234407,39
2674,3,4297,2157,2140,0,0,0,1.0,1,1.0,1,1.0,1,0.19088729157056922,37
2675,2,4299,2159,2140,0,0,0,1.0,1,1.0,1,1.0,1,0.2316037610238016,35
2676,0,4299,2159,2140,0,0,0,1.0,1,1.0,1,1.0,1,0.21873867107943215,34
2677,2,4301,2161,2140,0,0,0,1.0,1,1.0,1,1.0,1,0.24656185186691912,32
2678,0,4301,2161,2140,0,0,0,1.0,1,1.0,1,1.0,1,0.3015580588285234,33
2679,1,4302,2162,2140,0,0,0,1.0,1,1.0,1,1.0,1,0.3541452036912478,33
2680,9,4311,2166,2145,0,0,0,1.0,1,1.0,1,1.0,1,0.3149529642876377,33
2681,4,4315,2167,2148,0,0,0,1.0,1,1.0,1,1.0,1,0.1461439640603707,32
2682,0,4315,2167,2148,0,0,0,1.0,1,1.0,1,1.0,1,0.1461439640603707,32
2683,1,4316,2168,2148,0,0,0,1.0,1,1.0,1,1.0,1,0.25564160649338824,32
2684,0,4316,2168,2148,0,0,0,1.0,1,1.0,1,1.0,1,0.2684084296519312,31
2685,3,4319,2169,2150,0,0,0,1.0,1,1.0,1,1.0,1,0.26800699552130386,30
2686,3,4322,2170,2152,0,0,0,1.0,1,1.0,1,1.0,1,0.24228466175662705,29
2687,0,4322,2170,2152,0,0,0,1.0,1,1.0,1,1.0,1,0.23901399947108945,28
2688,0,4322,2170,2152,0,0,0,1.0,1,1.0,1,1.0,1,0.23901399947108945,28
2689,1,4323,2170,2153,0,0,0,1.0,1,1.0,1,1.0,1,0.24799597280471392,29
2690,1,4324,2170,2154,0,0,0,1.0,1,1.0,1,1.0,1,0.22274231520718624,29
2691,1,4325,2171,2154,0,0,0,1.0,1,1.0,1,1.0,1,0.21263942336070346,29
2692,0,4325,2171,2154,0,0,0,1.0,1,1.0,1,1.0,1,0.24350375080661005,31
2693,3,4328,2173,2155,0,0,0,1.0,1,1.0,1,1.0,1,0.27143406303946516,32
2694,1,4329,2174,2155,0,0,0,1.0,1,1.0,1,1.0,1,0.2760355031180797,32
2695,1,4330,2175,2155,0,0,0,1.0,1,1.0,1,1.0,1,0.23170922886062262,33
2696,0,4330,2175,2155,0,0,0,1.0,1,1.0,1,1.0,1,0.23170922886062262,33
2697,2,4332,2176,2156,0,0,0,1.0,1,1.0,1,1.0,1,0.18261131430458136,34
2698,2,4334,2178,2156,0,0,0,1.0,1,1.0,1,1.0,1,0.17660906497335127,34
2699,0,4334,2178,2156,0,0,0,1.0,1,1.0,1,1.0,1,0.16837829698590234,36
2700,0,4334,2178,2156,0,0,0,1.0,1,1.0,1,1.0,1,0.182913525477071,36
2701,0,4334,2178,2156,0,0,0,1.0,1,1.0,1,1.0,1,0.182913525477071,36
2702,2,4336,2179,2157,0,0,0,1.0,1,1.0,1,1.0,1,0.21035322203584622,36
2703,3,4339,2181,2158,0,0,0,1.0,1,1.0,1,1.0,1,0.206876033562796,38
2704,1,4340,2182,2158,0,0,0,1.0,1,1.0,1,1.0,1,0.24453715277620078,37
2705,6,4346,2186,2160,0,0,0,1.0,1,1.0,1,1.0,1,0.2816912296984924,36
2706,1,4347,2187,2160,0,0,0,1.0,1,1.0,1,1.0,1,0.28903763185330833,34
2707,1,4348,2188,2160,0,0,0,1.0,1,1.0,1,1.0,1,0.286318151543981,36
2708,3,4351,2191,2160,0,0,0,1.0,1,1.0,1,1.0,1,0.30757408193269875,36
2709,1,4352,2191,2161,0,0,0,1.0,1,1.0,1,1.0,1,0.29650692919484045,33
2710,4,4356,2194,2162,0,0,0,1.0,1,1.0,1,1.0,1,0.27912316744809584,32
2711,2,4358,2196,2162,0,0,0,1.0,1,1.0,1,1.0,1,0.2799393675029655,29
2712,0,4358,2196,2162,0,0,0,1.0,1,1.0,1,1.0,1,0.2876986176313464,28
2713,1,4359,2196,2163,0,0,0,1.0,1,1.0,1,1.0,1,0.27378980178695433,28
2714,3,4362,2197,2165,0,0,0,1.0,1,1.0,1,1.0,1,0.2667617141919584,25
2715,2,4364,2199,2165,0,0,0,1.0,1,1.0,1,1.0,1,0.3708005626316017,24
2716,4,4368,2201,2167,0,0,0,1.0,1,1.0,1,1.0,1,0.401541713998657,23
2717,3,4371,2202,2169,0,0,0,1.0,1,1.0,1,1.0,1,0.28892974886864387,24
2718,1,4372,2202,2170,0,0,0,1.0,1,1.0,1,1.0,1,0.22984937217220242,24
2719,1,4373,2202,2171,0,0,0,1.0,1,1.0,1,1.0,1,0.21137773157089682,25
2720,1,4374,2203,2171,0,0,0,1.0,1,1.0,1,1.0,1,0.23267825231341174,25
2721,1,4375,2204,2171,0,0,0,1.0,1,1.0,1,1.0,1,0.20291141592253137,26
2722,1,4376,2205,2171,0,0,0,1.0,1,1.0,1,1.0,1,0.2271134280722492,26
2723,1,4377,2206,2171,0,0,0,1.0,1,1.0,1,1.0,1,0.24122953536053993,26
2724,1,4378,2207,2171,0,0,0,1.0,1,1.0,1,1.0,1,0.2755669293608661,27
2725,1,4379,2208,2171,0,0,0,1.0,1,1.0,1,1.0,1,0.24537161810744965,27
2726,0,4379,2208,2171,0,0,0,1.0,1,1.0,1,1.0,1,0.26403347934149374,28
2727,0,4379,2208,2171,0,0,0,1.0,1,1.0,1,1.0,1,0.2523005158951078,29
2728,0,4379,2208,2171,0,0,0,1.0,1,1.0,1,1.0,1,0.24730631155560115,28
2729,0,4379,2208,2171,0,0,0,1.0,1,1.0,1,1.0,1,0.24730631155560115,28
2730,0,4379,2208,2171,0,0,0,1.0,1,1.0,1,1.0,1,0.23822965042385313,29
2731,1,4380,2209,2171,0,0,0,1.0,1,1.0,1,1.0,1,0.2564625705220656,30
2732,1,4381,2210,2171,0,0,0,1.0,1,1.0,1,1.0,1,0.29754063075975284,29
2733,1,4382,2211,2171,0,0,0,1.0,1,1.0,1,1.0,1,0.3221366716584929,29
2734,2,4384,2211,2173,0,0,0,1.0,1,1.0,1,1.0,1,0.29125326583053834,29
2735,2,4386,2212,2174,0,0,0,1.0,1,1.0,1,1.0,1,0.306658254244922,29
2736,0,4386,2212,2174,0,0,0,1.0,1,1.0,1,1.0,1,0.32018399522554547,30
2737,1,4387,2212,2175,0,0,0,1.0,1,1.0,1,1.0,1,0.3121591604584998,30
2738,1,4388,2213,2175,0,0,0,1.0,1,1.0,1,1.0,1,0.34045198494831624,29
2739,0,4388,2213,2175,0,0,0,1.0,1,1.0,1,1.0,1,0.3427690471068666,30
2740,1,4389,2214,2175,0,0,0,1.0,1,1.0,1,1.0,1,0.36864951379820443,29
2741,3,4392,2216,2176,0,0,0,1.0,1,1.0,1,1.0,1,0.32634597729187764,29
2742,1,4393,2217,2176,0,0,0,1.0,1,1.0,1,1.0,1,0.35000670624906,29
2743,3,4396,2218,2178,0,0,0,1.0,1,1.0,1,1.0,1,0.39486104729675997,30
2744,2,4398,2220,2178,0,0,0,1.0,1,1.0,1,1.0,1,0.4821752910315027,28
2745,1,4399,2220,2179,0,0,0,1.0,1,1.0,1,1.0,1,0.4089322269436386,27
2746,1,4400,2221,2179,0,0,0,1.0,1,1.0,1,1.0,1,0.4292174585060335,26
2747,3,4403,2223,2180,0,0,0,1.0,1,1.0,1,1.0,1,0.4874109704277974,22
2748,1,4404,2223,2181,0,0,0,1.0,1,1.0,1,1.0,1,0.4471680452138616,22
2749,1,4405,2223,2182,0,0,0,1.0,1,1.0,1,1.0,1,0.4750601065807532,20
2750,1,4406,2223,2183,0,0,0,1.0,1,1.0,1,1.0,1,0.4761811407412929,17
2751,0,4406,2223,2183,0,0,0,1.0,1,1.0,1,1.0,1,0.4761811407412929,17
2752,0,4406,2223,2183,0,0,0,1.0,1,1.0,1,1.0,1,0.44597211696252725,16
2753,1,4407,2223,2184,0,0,0,1.0,1,1.0,1,1.0,1,0.3889624625247416,16
2754,1,4408,2224,2184,0,0,0,1.0,1,1.0,1,1.0,1,0.4339634312198476,16
2755,1,4409,2225,2184,0,0,0,1.0,1,1.0,1,1.0,1,0.5198114095032842,16
2756,1,4410,2225,2185,0,0,0,1.0,1,1.0,1,1.0,1,0.5084606988167061,17
2757,3,4413,2225,2188,0,0,0,1.0,1,1.0,1,1.0,1,0.37399286116636943,18
2758,0,4413,2225,2188,0,0,0,1.0,1,1.0,1,1.0,1,0.37399286116636943,18
2759,0,4413,2225,2188,0,0,0,1.0,1,1.0,1,1.0,1,0.39402154063514794,19
2760,0,4413,2225,2188,0,0,0,1.0,1,1.0,1,1.0,1,0.37025181932022655,18
2761,0,4413,2225,2188,0,0,0,1.0,1,1.0,1,1.0,1,0.37025181932022655,18
2762,0,4413,2225,2188,0,0,0,1.0,1,1.0,1,1.0,1,0.37025181932022655,18
2763,0,4413,2225,2188,0,0,0,1.0,1,1.0,1,1.0,1,0.37025181932022655,18
2764,0,4413,2225,2188,0,0,0,1.0,1,1.0,1,1.0,1,0.37025181932022655,18
2765,1,4414,2226,2188,0,0,0,1.0,1,1.0,1,1.0,1,0.39427141211265115,18
2766,0,4414,2226,2188,0,0,0,1.0,1,1.0,1,1.0,1,0.39427141211265115,18
2767,0,4414,2226,2188,0,0,0,1.0,1,1.0,1,1.0,1,0.44080824419714587,17
2768,0,4414,2226,2188,0,0,0,1.0,1,1.0,1,1.0,1,0.44080824419714587,17
2769,0,4414,2226,2188,0,0,0,1.0,1,1.0,1,1.0,1,0.44080824419714587,17
2770,0,4414,2226,2188,0,0,0,1.0,1,1.0,1,1.0,1,0.44080824419714587,17
2771,0,4414,2226,2188,0,0,0,1.0,1,1.0,1,1.0,1,0.44080824419714587,17
2772,0,4414,2226,2188,0,0,0,1.0,1,1.0,1,1.0,1,0.44080824419714587,17
2773,1,4415,2227,2188,0,0,0,1.0,1,1.0,1,1.0,1,0.5205738650515599,17
2774,1,4416,2227,2189,0,0,0,1.0,1,1.0,1,1.0,1,0.44259750796186936,18
2775,2,4418,2229,2189,0,0,0,1.0,1,1.0,1,1.0,1,0.4275744871528378,20
2776,0,4418,2229,2189,0,0,0,1.0,1,1.0,1,1.0,1,0.40413487820796845,21
2777,1,4419,2230,2189,0,0,0,1.0,1,1.0,1,1.0,1,0.4229456335583895,21
2778,2,4421,2231,2190,0,0,0,1.0,1,1.0,1,1.0,1,0.39333515719525164,21
2779,1,4422,2232,2190,0,0,0,1.0,1,1.0,1,1.0,1,0.36860841420079343,22
2780,2,4424,2233,2191,0,0,0,1.0,1,1.0,1,1.0,1,0.3960394629359894,22
2781,0,4424,2233,2191,0,0,0,1.0,1,1.0,1,1.0,1,0.3960394629359894,22
2782,2,4426,2234,2192,0,0,0,1.0,1,1.0,1,1.0,1,0.3449237366124132,23
2783,1,4427,2235,2192,0,0,0,1.0,1,1.0,1,1.0,1,0.35729513717208033,22
2784,1,4428,2236,2192,0,0,0,1.0,1,1.0,1,1.0,1,0.3903290286268434,21
2785,1,4429,2236,2193,0,0,0,1.0,1,1.0,1,1.0,1,0.31130384643899567,19
2786,1,4430,2237,2193,0,0,0,1.0,1,1.0,1,1.0,1,0.34684321325582107,19
2787,0,4430,2237,2193,0,0,0,1.0,1,1.0,1,1.0,1,0.3249720173468422,20
2788,0,4430,2237,2193,0,0,0,1.0,1,1.0,1,1.0,1,0.3249720173468422,20
2789,0,4430,2237,2193,0,0,0,1.0,1,1.0,1,1.0,1,0.329959704560428,19
2790,0,4430,2237,2193,0,0,0,1.0,1,1.0,1,1.0,1,0.3259897467570383,20
2791,1,4431,2238,2193,0,0,0,1.0,1,1.0,1,1.0,1,0.38290148607058666,20
2792,1,4432,2238,2194,0,0,0,1.0,1,1.0,1,1.0,1,0.3259897467570383,20
2793,0,4432,2238,2194,0,0,0,1.0,1,1.0,1,1.0,1,0.3584951416082891,19
2794,0,4432,2238,2194,0,0,0,1.0,1,1.0,1,1.0,1,0.3784181331871197,20
2795,0,4432,2238,2194,0,0,0,1.0,1,1.0,1,1.0,1,0.38847366302746605,21
2796,0,4432,2238,2194,0,0,0,1.0,1,1.0,1,1.0,1,0.3763994063400777,22
2797,1,4433,2238,2195,0,0,0,1.0,1,1.0,1,1.0,1,0.37992878430694327,21
2798,1,4434,2239,2195,0,0,0,1.0,1,1.0,1,1.0,1,0.4459683048490949,21
2799,0,4434,2239,2195,0,0,0,1.0,1,1.0,1,1.0,1,0.42736347277904774,20
2800,0,4434,2239,2195,0,0,0,1.0,1,1.0,1,1.0,1,0.42736347277904774,20
2801,0,4434,2239,2195,0,0,0,1.0,1,1.0,1,1.0,1,0.42736347277904774,20
2802,1,4435,2239,2196,0,0,0,1.0,1,1.0,1,1.0,1,0.37458089371385744,20
2803,1,4436,2239,2197,0,0,0,1.0,1,1.0,1,1.0,1,0.33954277994539983,21
2804,1,4437,2239,2198,0,0,0,1.0,1,1.0,1,1.0,1,0.3139280195810055,22
2805,1,4438,2240,2198,0,0,0,1.0,1,1.0,1,1.0,1,0.31033699146136173,22
2806,1,4439,2240,2199,0,0,0,1.0,1,1.0,1,1.0,1,0.24944325704598655,23
2807,3,4442,2243,2199,0,0,0,1.0,1,1.0,1,1.0,1,0.3600057536882842,24
2808,2,4444,2245,2199,0,0,0,1.0,1,1.0,1,1.0,1,0.3882458106916375,24
2809,4,4448,2245,2203,0,0,0,1.0,1,1.0,1,1.0,1,0.24045365700908844,26
2810,1,4449,2245,2204,0,0,0,1.0,1,1.0,1,1.0,1,0.15534991493717337,26
2811,0,4449,2245,2204,0,0,0,1.0,1,1.0,1,1.0,1,0.17115683672200585,27
2812,0,4449,2245,2204,0,0,0,1.0,1,1.0,1,1.0,1,0.17115683672200585,27
2813,0,4449,2245,2204,0,0,0,1.0,1,1.0,1,1.0,1,0.1595213239251428,28
2814,1,4450,2246,2204,0,0,0,1.0,1,1.0,1,1.0,1,0.2364169376532677,29
2815,0,4450,2246,2204,0,0,0,1.0,1,1.0,1,1.0,1,0.24123201744097406,30
2816,1,4451,2247,2204,0,0,0,1.0,1,1.0,1,1.0,1,0.21646305571398264,31
2817,0,4451,2247,2204,0,0,0,1.0,1,1.0,1,1.0,1,0.21646305571398264,31
2818,2,4453,2248,2205,0,0,0,1.0,1,1.0,1,1.0,1,0.21479742195137908,32
2819,0,4453,2248,2205,0,0,0,1.0,1,1.0,1,1.0,1,0.21479742195137908,32
2820,0,4453,2248,2205,0,0,0,1.0,1,1.0,1,1.0,1,0.2254423637641974,33
2821,0,4453,2248,2205,0,0,0,1.0,1,1.0,1,1.0,1,0.24493508732003474,34
2822,1,4454,2249,2205,0,0,0,1.0,1,1.0,1,1.0,1,0.23843349189326704,35
2823,1,4455,2250,2205,0,0,0,1.0,1,1.0,1,1.0,1,0.2530401545421824,31
2824,3,4458,2252,2206,0,0,0,1.0,1,1.0,1,1.0,1,0.3514326187070342,33
2825,1,4459,2252,2207,0,0,0,1.0,1,1.0,1,1.0,1,0.2915613400163975,31
2826,1,4460,2253,2207,0,0,0,1.0,1,1.0,1,1.0,1,0.34502023725944364,31
2827,4,4464,2255,2209,0,0,0,1.0,1,1.0,1,1.0,1,0.27693031990405165,32
2828,2,4466,2256,2210,0,0,0,1.0,1,1.0,1,1.0,1,0.33717739025456267,33
2829,5,4471,2257,2214,0,0,0,1.0,1,1.0,1,1.0,1,0.2436874324455161,33
2830,0,4471,2257,2214,0,0,0,1.0,1,1.0,1,1.0,1,0.23095706119433387,32
2831,2,4473,2258,2215,0,0,0,1.0,1,1.0,1,1.0,1,0.21200476741145236,31
2832,2,4475,2259,2216,0,0,0,1.0,1,1.0,1,1.0,1,0.19200531509754848,30
2833,2,4477,2261,2216,0,0,0,1.0,1,1.0,1,1.0,1,0.25759544224485525,29
2834,3,4480,2264,2216,0,0,0,1.0,1,1.0,1,1.0,1,0.3133314137228085,29
2835,5,4485,2266,2219,0,0,0,1.0,1,1.0,1,1.0,1,0.3357332152524384,27
2836,0,4485,2266,2219,0,0,0,1.0,1,1.0,1,1.0,1,0.31259103717704795,27
2837,1,4486,2266,2220,0,0,0,1.0,1,1.0,1,1.0,1,0.27378502624615936,28
2838,0,4486,2266,2220,0,0,0,1.0,1,1.0,1,1.0,1,0.29819672055094765,29
2839,0,4486,2266,2220,0,0,0,1.0,1,1.0,1,1.0,1,0.2953730344156415,29
2840,1,4487,2267,2220,0,0,0,1.0,1,1.0,1,1.0,1,0.2685765272797233,29
2841,1,4488,2268,2220,0,0,0,1.0,1,1.0,1,1.0,1,0.2911479239816112,31
2842,1,4489,2268,2221,0,0,0,1.0,1,1.0,1,1.0,1,0.25299829093307147,32
2843,0,4489,2268,2221,0,0,0,1.0,1,1.0,1,1.0,1,0.25299829093307147,32
2844,2,4491,2268,2223,0,0,0,1.0,1,1.0,1,1.0,1,0.20023608661821332,33
2845,2,4493,2270,2223,0,0,0,1.0,1,1.0,1,1.0,1,0.21088520377313152,34
2846,1,4494,2271,2223,0,0,0,1.0,1,1.0,1,1.0,1,0.21695577574858127,34
2847,1,4495,2272,2223,0,0,0,1.0,1,1.0,1,1.0,1,0.2124656662714115,35
2848,1,4496,2273,2223,0,0,0,1.0,1,1.0,1,1.0,1,0.2582871103233961,37
2849,1,4497,2274,2223,0,0,0,1.0,1,1.0,1,1.0,1,0.30268507617594825,37
2850,2,4499,2275,2224,0,0,0,1.0,1,1.0,1,1.0,1,0.2692367935587531,37
2851,1,4500,2276,2224,0,0,0,1.0,1,1.0,1,1.0,1,0.30213827377774244,38
2852,0,4500,2276,2224,0,0,0,1.0,1,1.0,1,1.0,1,0.3016175988142538,36
2853,3,4503,2276,2227,0,0,0,1.0,1,1.0,1,1.0,1,0.2618604790939088,36
2854,1,4504,2276,2228,0,0,0,1.0,1,1.0,1,1.0,1,0.26615200627810154,37
2855,1,4505,2276,2229,0,0,0,1.0,1,1.0,1,1.0,1,0.2715442416285852,37
2856,0,4505,2276,2229,0,0,0,1.0,1,1.0,1,1.0,1,0.27309219886649055,38
2857,3,4508,2278,2230,0,0,0,1.0,1,1.0,1,1.0,1,0.2614252235519551,39
2858,3,4511,2278,2233,0,0,0,1.0,1,1.0,1,1.0,1,0.19674008086634026,39
2859,0,4511,2278,2233,0,0,0,1.0,1,1.0,1,1.0,1,0.19674008086634026,39
2860,3,4514,2281,2233,0,0,0,1.0,1,1.0,1,1.0,1,0.2388781534039262,40
2861,2,4516,2282,2234,0,0,0,1.0,1,1.0,1,1.0,1,0.16429751483549818,38
2862,6,4522,2288,2234,0,0,0,1.0,1,1.0,1,1.0,1,0.21455552728860935,38
2863,2,4524,2289,2235,0,0,0,1.0,1,1.0,1,1.0,1,0.19502700079152693,37
2864,3,4527,2292,2235,0,0,0,1.0,1,1.0,1,1.0,1,0.21940541647539388,35
2865,1,4528,2293,2235,0,0,0,1.0,1,1.0,1,1.0,1,0.24903675747100007,33
2866,3,4531,2295,2236,0,0,0,1.0,1,1.0,1,1.0,1,0.2576154541867051,31
2867,2,4533,2296,2237,0,0,0,1.0,1,1.0,1,1.0,1,0.2746316715641578,30
2868,1,4534,2297,2237,0,0,0,1.0,1,1.0,1,1.0,1,0.30021728717223517,31
2869,6,4540,2299,2241,0,0,0,1.0,1,1.0,1,1.0,1,0.2779602335722846,30
2870,0,4540,2299,2241,0,0,0,1.0,1,1.0,1,1.0,1,0.3094004605787292,26
2871,1,4541,2300,2241,0,0,0,1.0,1,1.0,1,1.0,1,0.36048258112522646,27
2872,0,4541,2300,2241,0,0,0,1.0,1,1.0,1,1.0,1,0.34093310168020363,25
2873,0,4541,2300,2241,0,0,0,1.0,1,1.0,1,1.0,1,0.3287398278057668,24
2874,0,4541,2300,2241,0,0,0,1.0,1,1.0,1,1.0,1,0.28727111130905764,25
2875,1,4542,2301,2241,0,0,0,1.0,1,1.0,1,1.0,1,0.32499368782339094,26
2876,3,4545,2302,2243,0,0,0,1.0,1,1.0,1,1.0,1,0.33139652415881826,28
2877,1,4546,2302,2244,0,0,0,1.0,1,1.0,1,1.0,1,0.31324819548257304,29
2878,1,4547,2302,2245,0,0,0,1.0,1,1.0,1,1.0,1,0.2584722022940499,31
2879,0,4547,2302,2245,0,0,0,1.0,1,1.0,1,1.0,1,0.2584722022940499,31
2880,0,4547,2302,2245,0,0,0,1.0,1,1.0,1,1.0,1,0.25949796812184184,32
2881,1,4548,2302,2246,0,0,0,1.0,1,1.0,1,1.0,1,0.2575501921306672,31
2882,0,4548,2302,2246,0,0,0,1.0,1,1.0,1,1.0,1,0.2575501921306672,31
2883,1,4549,2302,2247,0,0,0,1.0,1,1.0,1,1.0,1,0.26625457161976845,32
2884,2,4551,2303,2248,0,0,0,1.0,1,1.0,1,1.0,1,0.25814233079926885,32
2885,2,4553,2304,2249,0,0,0,1.0,1,1.0,1,1.0,1,0.23450131382706027,33
2886,2,4555,2306,2249,0,0,0,1.0,1,1.0,1,1.0,1,0.22678356324737436,34
2887,1,4556,2306,2250,0,0,0,1.0,1,1.0,1,1.0,1,0.21777171169757664,34
2888,1,4557,2307,2250,0,0,0,1.0,1,1.0,1,1.0,1,0.21973095506631074,34
2889,3,4560,2308,2252,0,0,0,1.0,1,1.0,1,1.0,1,0.22244400178640839,37
2890,1,4561,2308,2253,0,0,0,1.0,1,1.0,1,1.0,1,0.20532886250868412,37
2891,2,4563,2310,2253,0,0,0,1.0,1,1.0,1,1.0,1,0.250268804633857,37
2892,0,4563,2310,2253,0,0,0,1.0,1,1.0,1,1.0,1,0.250268804633857,37
2893,1,4564,2311,2253,0,0,0,1.0,1,1.0,1,1.0,1,0.2781035775193615,38
2894,3,4567,2311,2256,0,0,0,1.0,1,1.0,1,1.0,1,0.21778585229922087,39
2895,1,4568,2312,2256,0,0,0,1.0,1,1.0,1,1.0,1,0.21079271221428325,40
2896,3,4571,2314,2257,0,0,0,1.0,1,1.0,1,1.0,1,0.24430253713318795,41
2897,3,4574,2315,2259,0,0,0,1.0,1,1.0,1,1.0,1,0.19624801562603708,41
2898,3,4577,2317,2260,0,0,0,1.0,1,1.0,1,1.0,1,0.2089215722312539,41
2899,0,4577,2317,2260,0,0,0,1.0,1,1.0,1,1.0,1,0.20210189295336792,39
2900,3,4580,2319,2261,0,0,0,1.0,1,1.0,1,1.0,1,0.2844257357890282,40
2901,0,4580,2319,2261,0,0,0,1.0,1,1.0,1,1.0,1,0.24522862687055436,40
2902,1,4581,2320,2261,0,0,0,1.0,1,1.0,1,1.0,1,0.23697211299808243,38
2903,0,4581,2320,2261,0,0,0,1.0,1,1.0,1,1.0,1,0.19731462871292021,36
2904,1,4582,2321,2261,0,0,0,1.0,1,1.0,1,1.0,1,0.2729960348439652,36
2905,1,4583,2322,2261,0,0,0,1.0,1,1.0,1,1.0,1,0.2714810399925057,35
2906,1,4584,2322,2262,0,0,0,1.0,1,1.0,1,1.0,1,0.2723132001998748,36
2907,0,4584,2322,2262,0,0,0,1.0,1,1.0,1,1.0,1,0.28898971369370025,37
2908,2,4586,2323,2263,0,0,0,1.0,1,1.0,1,1.0,1,0.3159514141919022,38
2909,2,4588,2323,2265,0,0,0,1.0,1,1.0,1,1.0,1,0.26172624404346573,37
2910,2,4590,2324,2266,0,0,0,1.0,1,1.0,1,1.0,1,0.25337404847802625,37
2911,0,4590,2324,2266,0,0,0,1.0,1,1.0,1,1.0,1,0.30280797230830475,36
2912,4,4594,2327,2267,0,0,0,1.0,1,1.0,1,1.0,1,0.33019400094192813,36
2913,1,4595,2328,2267,0,0,0,1.0,1,1.0,1,1.0,1,0.3153646135331159,36
2914,0,4595,2328,2267,0,0,0,1.0,1,1.0,1,1.0,1,0.32546572151207903,38
2915,0,4595,2328,2267,0,0,0,1.0,1,1.0,1,1.0,1,0.32218732162502345,37
2916,0,4595,2328,2267,0,0,0,1.0,1,1.0,1,1.0,1,0.33652215251840073,39
2917,6,4601,2330,2271,0,0,0,1.0,1,1.0,1,1.0,1,0.27282559941243856,40
2918,4,4605,2333,2272,0,0,0,1.0,1,1.0,1,1.0,1,0.26391651691955703,40
2919,2,4607,2334,2273,0,0,0,1.0,1,1.0,1,1.0,1,0.23708399079167655,42
2920,0,4607,2334,2273,0,0,0,1.0,1,1.0,1,1.0,1,0.23708399079167655,42
2921,1,4608,2334,2274,0,0,0,1.0,1,1.0,1,1.0,1,0.22034270789057997,42
2922,0,4608,2334,2274,0,0,0,1.0,1,1.0,1,1.0,1,0.20354507423685708,43
2923,2,4610,2334,2276,0,0,0,1.0,1,1.0,1,1.0,1,0.16448625842064707,45
2924,1,4611,2335,2276,0,0,0,1.0,1,1.0,1,1.0,1,0.16606800253972703,46
2925,0,4611,2335,2276,0,0,0,1.0,1,1.0,1,1.0,1,0.16606800253972703,46
2926,0,4611,2335,2276,0,0,0,1.0,1,1.0,1,1.0,1,0.16606800253972703,46
2927,1,4612,2336,2276,0,0,0,1.0,1,1.0,1,1.0,1,0.16199445811562646,48
2928,2,4614,2338,2276,0,0,0,1.0,1,1.0,1,1.0,1,0.19885779902559597,48
2929,0,4614,2338,2276,0,0,0,1.0,1,1.0,1,1.0,1,0.19885779902559597,48
2930,1,4615,2338,2277,0,0,0,1.0,1,1.0,1,1.0,1,0.20605162753752346,50
2931,1,4616,2339,2277,0,0,0,1.0,1,1.0,1,1.0,1,0.23650008206022965,51
2932,1,4617,2339,2278,0,0,0,1.0,1,1.0,1,1.0,1,0.24070095038839368,52
2933,0,4617,2339,2278,0,0,0,1.0,1,1.0,1,1.0,1,0.24700514157455725,53
2934,6,4623,2341,2282,0,0,0,1.0,1,1.0,1,1.0,1,0.24120323415222503,54
2935,1,4624,2341,2283,0,0,0,1.0,1,1.0,1,1.0,1,0.25045891209445637,53
2936,1,4625,2341,2284,0,0,0,1.0,1,1.0,1,1.0,1,0.23823992719913614,53
2937,1,4626,2342,2284,0,0,0,1.0,1,1.0,1,1.0,1,0.23844057497915175,51
2938,4,4630,2344,2286,0,0,0,1.0,1,1.0,1,1.0,1,0.273182724380887,53
2939,0,4630,2344,2286,0,0,0,1.0,1,1.0,1,1.0,1,0.28953609432624994,52
2940,1,4631,2345,2286,0,0,0,1.0,1,1.0,1,1.0,1,0.330497523801056,52
2941,3,4634,2346,2288,0,0,0,1.0,1,1.0,1,1.0,1,0.28088991732504626,50
2942,1,4635,2346,2289,0,0,0,1.0,1,1.0,1,1.0,1,0.27481604018003936,50
2943,3,4638,2347,2291,0,0,0,1.0,1,1.0,1,1.0,1,0.23861633316634073,49
2944,3,4641,2348,2293,0,0,0,1.0,1,1.0,1,1.0,1,0.21769645459989365,48
2945,3,4644,2349,2295,0,0,0,1.0,1,1.0,1,1.0,1,0.19761966693068966,48
2946,2,4646,2351,2295,0,0,0,1.0,1,1.0,1,1.0,1,0.1920162606613331,47
2947,1,4647,2351,2296,0,0,0,1.0,1,1.0,1,1.0,1,0.1568330201745489,47
2948,3,4650,2352,2298,0,0,0,1.0,1,1.0,1,1.0,1,0.14147283445786443,48
2949,2,4652,2352,2300,0,0,0,1.0,1,1.0,1,1.0,1,0.08809757453114442,48
2950,1,4653,2353,2300,0,0,0,1.0,1,1.0,1,1.0,1,0.11053329338917113,48
2951,0,4653,2353,2300,0,0,0,1.0,1,1.0,1,1.0,1,0.13519371220984872,50
2952,0,4653,2353,2300,0,0,0,1.0,1,1.0,1,1.0,1,0.13519371220984872,50
2953,0,4653,2353,2300,0,0,0,1.0,1,1.0,1,1.0,1,0.17105636524999068,51
2954,0,4653,2353,2300,0,0,0,1.0,1,1.0,1,1.0,1,0.17105636524999068,51
2955,0,4653,2353,2300,0,0,0,1.0,1,1.0,1,1.0,1,0.17105636524999068,51
2956,0,4653,2353,2300,0,0,0,1.0,1,1.0,1,1.0,1,0.17105636524999068,51
2957,0,4653,2353,2300,0,0,0,1.0,1,1.0,1,1.0,1,0.1826891948640115,52
2958,1,4654,2353,2301,0,0,0,1.0,1,1.0,1,1.0,1,0.1714631597638439,52
2959,2,4656,2354,2302,0,0,0,1.0,1,1.0,1,1.0,1,0.1747022298857513,53
2960,0,4656,2354,2302,0,0,0,1.0,1,1.0,1,1.0,1,0.16613279960442945,52
2961,0,4656,2354,2302,0,0,0,1.0,1,1.0,1,1.0,1,0.1693307775925822,53
2962,0,4656,2354,2302,0,0,0,1.0,1,1.0,1,1.0,1,0.18754254097640113,54
2963,4,4660,2356,2304,0,0,0,1.0,1,1.0,1,1.0,1,0.1952341553181622,55
2964,4,4664,2356,2308,0,0,0,1.0,1,1.0,1,1.0,1,0.17521690327612904,55
2965,1,4665,2356,2309,0,0,0,1.0,1,1.0,1,1.0,1,0.1624991750575166,55
2966,0,4665,2356,2309,0,0,0,1.0,1,1.0,1,1.0,1,0.1624991750575166,55
2967,2,4667,2356,2311,0,0,0,1.0,1,1.0,1,1.0,1,0.16391460960041623,56
2968,0,4667,2356,2311,0,0,0,1.0,1,1.0,1,1.0,1,0.16391460960041623,56
2969,1,4668,2356,2312,0,0,0,1.0,1,1.0,1,1.0,1,0.16679772115372501,55
2970,0,4668,2356,2312,0,0,0,1.0,1,1.0,1,1.0,1,0.18321294384815087,57
2971,2,4670,2358,2312,0,0,0,1.0,1,1.0,1,1.0,1,0.17767606262571123,56
2972,2,4672,2359,2313,0,0,0,1.0,1,1.0,1,1.0,1,0.19120399430737917,57
2973,4,4676,2361,2315,0,0,0,1.0,1,1.0,1,1.0,1,0.18676418915218196,59
2974,2,4678,2362,2316,0,0,0,1.0,1,1.0,1,1.0,1,0.1832832242006125,60
2975,2,4680,2364,2316,0,0,0,1.0,1,1.0,1,1.0,1,0.21521191654967056,58
2976,3,4683,2365,2318,0,0,0,1.0,1,1.0,1,1.0,1,0.2041310762800251,59
2977,6,4689,2366,2323,0,0,0,1.0,1,1.0,1,1.0,1,0.1813031645264933,59
2978,2,4691,2368,2323,0,0,0,1.0,1,1.0,1,1.0,1,0.18525979487749006,58
2979,1,4692,2369,2323,0,0,0,1.0,1,1.0,1,1.0,1,0.19926258426803015,57
2980,2,4694,2371,2323,0,0,0,1.0,1,1.0,1,1.0,1,0.19898374179675044,56
2981,2,4696,2372,2324,0,0,0,1.0,1,1.0,1,1.0,1,0.2010627832699536,56
2982,1,4697,2372,2325,0,0,0,1.0,1,1.0,1,1.0,1,0.19601781715144845,57
2983,5,4702,2375,2327,0,0,0,1.0,1,1.0,1,1.0,1,0.22554687949096974,57
2984,0,4702,2375,2327,0,0,0,1.0,1,1.0,1,1.0,1,0.22157996443928493,56
2985,6,4708,2375,2333,0,0,0,1.0,1,1.0,1,1.0,1,0.17959519215978006,55
2986,4,4712,2379,2333,0,0,0,1.0,1,1.0,1,1.0,1,0.20959412124224955,55
2987,0,4712,2379,2333,0,0,0,1.0,1,1.0,1,1.0,1,0.25272940542301386,51
2988,1,4713,2379,2334,0,0,0,1.0,1,1.0,1,1.0,1,0.23737309971832182,52
2989,2,4715,2379,2336,0,0,0,1.0,1,1.0,1,1.0,1,0.2155752495650453,50
2990,3,4718,2381,2337,0,0,0,1.0,1,1.0,1,1.0,1,0.1983511327700622,50
2991,0,4718,2381,2337,0,0,0,1.0,1,1.0,1,1.0,1,0.20409905695426658,50
2992,0,4718,2381,2337,0,0,0,1.0,1,1.0,1,1.0,1,0.20409905695426658,50
2993,3,4721,2381,2340,0,0,0,1.0,1,1.0,1,1.0,1,0.1920699461430572,51
2994,2,4723,2383,2340,0,0,0,1.0,1,1.0,1,1.0,1,0.21494754392475895,51
2995,0,4723,2383,2340,0,0,0,1.0,1,1.0,1,1.0,1,0.229218256947504,51
2996,1,4724,2384,2340,0,0,0,1.0,1,1.0,1,1.0,1,0.25377210138558404,52
2997,0,4724,2384,2340,0,0,0,1.0,1,1.0,1,1.0,1,0.2724646632350006,52
2998,3,4727,2387,2340,0,0,0,1.0,1,1.0,1,1.0,1,0.27830628541153135,51
2999,1,4728,2387,2341,0,0,0,1.0,1,1.0,1,1.0,1,0.2649259385842811,51
3000,2,4730,2389,2341,0,0,0,1.0,1,1.0,1,1.0,1,0.2514040654322301,52
3001,0,4730,2389,2341,0,0,0,1.0,1,1.0,1,1.0,1,0.2514040654322301,52
3002,1,4731,2389,2342,0,0,0,1.0,1,1.0,1,1.0,1,0.2560427036964402,53
3003,1,4732,2389,2343,0,0,0,1.0,1,1.0,1,1.0,1,0.2346203034076572,54
3004,0,4732,2389,2343,0,0,0,1.0,1,1.0,1,1.0,1,0.2423149583258122,55
3005,3,4735,2389,2346,0,0,0,1.0,1,1.0,1,1.0,1,0.22283112717503054,56
3006,1,4736,2389,2347,0,0,0,1.0,1,1.0,1,1.0,1,0.2101191312295771,57
3007,0,4736,2389,2347,0,0,0,1.0,1,1.0,1,1.0,1,0.21565897766607287,58
3008,2,4738,2390,2348,0,0,0,1.0,1,1.0,1,1.0,1,0.20892988974093737,59
3009,0,4738,2390,2348,0,0,0,1.0,1,1.0,1,1.0,1,0.20892988974093737,59
3010,1,4739,2390,2349,0,0,0,1.0,1,1.0,1,1.0,1,0.18484296937794079,59
3011,2,4741,2391,2350,0,0,0,1.0,1,1.0,1,1.0,1,0.1791223634203229,59
3012,1,4742,2391,2351,0,0,0,1.0,1,1.0,1,1.0,1,0.16941377313212874,61
3013,0,4742,2391,2351,0,0,0,1.0,1,1.0,1,1.0,1,0.16753817129263657,59
3014,1,4743,2392,2351,0,0,0,1.0,1,1.0,1,1.0,1,0.18389714890946776,60
3015,2,4745,2393,2352,0,0,0,1.0,1,1.0,1,1.0,1,0.23398133672947535,58
3016,0,4745,2393,2352,0,0,0,1.0,1,1.0,1,1.0,1,0.22610200994684457,57
3017,3,4748,2396,2352,0,0,0,1.0,1,1.0,1,1.0,1,0.24519729899311993,58
3018,0,4748,2396,2352,0,0,0,1.0,1,1.0,1,1.0,1,0.2970956513753975,55
3019,1,4749,2396,2353,0,0,0,1.0,1,1.0,1,1.0,1,0.2977741835001312,56
3020,3,4752,2397,2355,0,0,0,1.0,1,1.0,1,1.0,1,0.29354728812069103,55
3021,3,4755,2398,2357,0,0,0,1.0,1,1.0,1,1.0,1,0.265509327773037,55
3022,6,4761,2401,2360,0,0,0,1.0,1,1.0,1,1.0,1,0.2587190797913473,55
3023,3,4764,2403,2361,0,0,0,1.0,1,1.0,1,1.0,1,0.23198191181098746,54
3024,1,4765,2404,2361,0,0,0,1.0,1,1.0,1,1.0,1,0.247132536501571,54
3025,4,4769,2406,2363,0,0,0,1.0,1,1.0,1,1.0,1,0.20769781838718915,54
3026,0,4769,2406,2363,0,0,0,1.0,1,1.0,1,1.0,1,0.18643169356203546,53
3027,2,4771,2408,2363,0,0,0,1.0,1,1.0,1,1.0,1,0.1723055017733944,53
3028,3,4774,2410,2364,0,0,0,1.0,1,1.0,1,1.0,1,0.15431539322931434,51
3029,2,4776,2411,2365,0,0,0,1.0,1,1.0,1,1.0,1,0.17842644032200658,51
3030,2,4778,2413,2365,0,0,0,1.0,1,1.0,1,1.0,1,0.2250290863446432,52
3031,4,4782,2416,2366,0,0,0,1.0,1,1.0,1,1.0,1,0.21986644004060402,51
3032,0,4782,2416,2366,0,0,0,1.0,1,1.0,1,1.0,1,0.20831070367087165,50
3033,2,4784,2417,2367,0,0,0,1.0,1,1.0,1,1.0,1,0.18474746185108323,52
3034,0,4784,2417,2367,0,0,0,1.0,1,1.0,1,1.0,1,0.19649459344831668,51
3035,0,4784,2417,2367,0,0,0,1.0,1,1.0,1,1.0,1,0.19480217755741233,51
3036,2,4786,2417,2369,0,0,0,1.0,1,1.0,1,1.0,1,0.17371741342656719,53
3037,1,4787,2417,2370,0,0,0,1.0,1,1.0,1,1.0,1,0.17775802176136396,52
3038,0,4787,2417,2370,0,0,0,1.0,1,1.0,1,1.0,1,0.17775802176136396,52
3039,0,4787,2417,2370,0,0,0,1.0,1,1.0,1,1.0,1,0.1661697860159889,54
3040,1,4788,2418,2370,0,0,0,1.0,1,1.0,1,1.0,1,0.14594152967889787,55
3041,1,4789,2418,2371,0,0,0,1.0,1,1.0,1,1.0,1,0.14721551896974022,56
3042,1,4790,2419,2371,0,0,0,1.0,1,1.0,1,1.0,1,0.16447879757786849,56
3043,0,4790,2419,2371,0,0,0,1.0,1,1.0,1,1.0,1,0.15465426969651944,57
3044,3,4793,2422,2371,0,0,0,1.0,1,1.0,1,1.0,1,0.1911569490581572,57
3045,2,4795,2422,2373,0,0,0,1.0,1,1.0,1,1.0,1,0.17953696532736205,56
3046,2,4797,2424,2373,0,0,0,1.0,1,1.0,1,1.0,1,0.1957305900919639,57
3047,0,4797,2424,2373,0,0,0,1.0,1,1.0,1,1.0,1,0.2130127751769326,56
3048,5,4802,2425,2377,0,0,0,1.0,1,1.0,1,1.0,1,0.18075882055712025,58
3049,5,4807,2426,2381,0,0,0,1.0,1,1.0,1,1.0,1,0.18927523919907854,59
3050,2,4809,2426,2383,0,0,0,1.0,1,1.0,1,1.0,1,0.16839888816581824,60
3051,2,4811,2428,2383,0,0,0,1.0,1,1.0,1,1.0,1,0.21507126169012347,59
3052,1,4812,2429,2383,0,0,0,1.0,1,1.0,1,1.0,1,0.20808508055485553,58
3053,4,4816,2431,2385,0,0,0,1.0,1,1.0,1,1.0,1,0.22429265247842883,57
3054,3,4819,2434,2385,0,0,0,1.0,1,1.0,1,1.0,1,0.2992742277016507,55
3055,1,4820,2435,2385,0,0,0,1.0,1,1.0,1,1.0,1,0.3055572607363773,54
3056,2,4822,2436,2386,0,0,0,1.0,1,1.0,1,1.0,1,0.3044491046468844,55
3057,2,4824,2436,2388,0,0,0,1.0,1,1.0,1,1.0,1,0.27981364447423174,54
3058,2,4826,2437,2389,0,0,0,1.0,1,1.0,1,1.0,1,0.2798013821088768,55
3059,3,4829,2437,2392,0,0,0,1.0,1,1.0,1,1.0,1,0.24827689512565712,56
3060,0,4829,2437,2392,0,0,0,1.0,1,1.0,1,1.0,1,0.24827689512565712,56
3061,1,4830,2438,2392,0,0,0,1.0,1,1.0,1,1.0,1,0.2586768488757148,56
3062,4,4834,2440,2394,0,0,0,1.0,1,1.0,1,1.0,1,0.25613605548536517,57
3063,2,4836,2441,2395,0,0,0,1.0,1,1.0,1,1.0,1,0.22751540567192646,55
3064,4,4840,2444,2396,0,0,0,1.0,1,1.0,1,1.0,1,0.2712835640743041,56
3065,3,4843,2446,2397,0,0,0,1.0,1,1.0,1,1.0,1,0.26277220604428225,55
3066,2,4845,2447,2398,0,0,0,1.0,1,1.0,1,1.0,1,0.26997257499249017,55
3067,2,4847,2448,2399,0,0,0,1.0,1,1.0,1,1.0,1,0.2640154095198427,54
3068,5,4852,2450,2402,0,0,0,1.0,1,1.0,1,1.0,1,0.2569145868168372,53
3069,2,4854,2451,2403,0,0,0,1.0,1,1.0,1,1.0,1,0.21796310025853718,51
3070,0,4854,2451,2403,0,0,0,1.0,1,1.0,1,1.0,1,0.22296291281501257,50
3071,1,4855,2451,2404,0,0,0,1.0,1,1.0,1,1.0,1,0.19385754712102327,51
3072,1,4856,2452,2404,0,0,0,1.0,1,1.0,1,1.0,1,0.2142219659653815,53
3073,2,4858,2452,2406,0,0,0,1.0,1,1.0,1,1.0,1,0.20018672725895711,51
3074,0,4858,2452,2406,0,0,0,1.0,1,1.0,1,1.0,1,0.20444883884487047,50
3075,2,4860,2453,2407,0,0,0,1.0,1,1.0,1,1.0,1,0.23267261078883764,52
3076,0,4860,2453,2407,0,0,0,1.0,1,1.0,1,1.0,1,0.25258784136218426,53
3077,1,4861,2453,2408,0,0,0,1.0,1,1.0,1,1.0,1,0.23802394213125638,52
3078,1,4862,2453,2409,0,0,0,1.0,1,1.0,1,1.0,1,0.26767427991574655,53
3079,1,4863,2454,2409,0,0,0,1.0,1,1.0,1,1.0,1,0.2764680760332566,53
3080,2,4865,2454,2411,0,0,0,1.0,1,1.0,1,1.0,1,0.2615917816869796,52
3081,1,4866,2455,2411,0,0,0,1.0,1,1.0,1,1.0,1,0.29355807365540326,54
3082,3,4869,2457,2412,0,0,0,1.0,1,1.0,1,1.0,1,0.3001072343828942,54
3083,3,4872,2457,2415,0,0,0,1.0,1,1.0,1,1.0,1,0.27500942772840004,54
3084,2,4874,2458,2416,0,0,0,1.0,1,1.0,1,1.0,1,0.2881641373621663,55
3085,0,4874,2458,2416,0,0,0,1.0,1,1.0,1,1.0,1,0.2881641373621663,55
3086,0,4874,2458,2416,0,0,0,1.0,1,1.0,1,1.0,1,0.29717983273420745,56
3087,1,4875,2458,2417,0,0,0,1.0,1,1.0,1,1.0,1,0.300149751529549,57
3088,0,4875,2458,2417,0,0,0,1.0,1,1.0,1,1.0,1,0.3199475333188791,56
3089,2,4877,2460,2417,0,0,0,1.0,1,1.0,1,1.0,1,0.33795562258404926,55
3090,1,4878,2460,2418,0,0,0,1.0,1,1.0,1,1.0,1,0.3278907765867192,54
3091,0,4878,2460,2418,0,0,0,1.0,1,1.0,1,1.0,1,0.3473500706198864,53
3092,1,4879,2460,2419,0,0,0,1.0,1,1.0,1,1.0,1,0.32337215998731167,56
3093,1,4880,2461,2419,0,0,0,1.0,1,1.0,1,1.0,1,0.3374143675592125,56
3094,0,4880,2461,2419,0,0,0,1.0,1,1.0,1,1.0,1,0.3409212661791189,58
3095,1,4881,2461,2420,0,0,0,1.0,1,1.0,1,1.0,1,0.33707732316340844,59
3096,1,4882,2461,2421,0,0,0,1.0,1,1.0,1,1.0,1,0.33723308124949836,60
3097,2,4884,2462,2422,0,0,0,1.0,1,1.0,1,1.0,1,0.32440527001862673,60
3098,1,4885,2462,2423,0,0,0,1.0,1,1.0,1,1.0,1,0.34187249380766216,58
3099,0,4885,2462,2423,0,0,0,1.0,1,1.0,1,1.0,1,0.35475366905317784,57
3100,0,4885,2462,2423,0,0,0,1.0,1,1.0,1,1.0,1,0.35475366905317784,57
3101,2,4887,2463,2424,0,0,0,1.0,1,1.0,1,1.0,1,0.3485389126715524,58
3102,4,4891,2465,2426,0,0,0,1.0,1,1.0,1,1.0,1,0.3416819801466967,59
3103,4,4895,2466,2429,0,0,0,1.0,1,1.0,1,1.0,1,0.3141427078139107,58
3104,6,4901,2468,2433,0,0,0,1.0,1,1.0,1,1.0,1,0.2884512856854481,58
3105,2,4903,2469,2434,0,0,0,1.0,1,1.0,1,1.0,1,0.25914079059383466,56
3106,6,4909,2473,2436,0,0,0,1.0,1,1.0,1,1.0,1,0.2685030362567824,57
3107,3,4912,2475,2437,0,0,0,1.0,1,1.0,1,1.0,1,0.23920838770498548,55
3108,3,4915,2476,2439,0,0,0,1.0,1,1.0,1,1.0,1,0.21532156512602493,55
3109,5,4920,2478,2442,0,0,0,1.0,1,1.0,1,1.0,1,0.18928128026542687,54
3110,3,4923,2480,2443,0,0,0,1.0,1,1.0,1,1.0,1,0.16400381783578682,54
3111,1,4924,2480,2444,0,0,0,1.0,1,1.0,1,1.0,1,0.15767144688046422,54
3112,4,4928,2484,2444,0,0,0,1.0,1,1.0,1,1.0,1,0.17518355570536415,56
3113,2,4930,2486,2444,0,0,0,1.0,1,1.0,1,1.0,1,0.19354918906759344,55
3114,1,4931,2487,2444,0,0,0,1.0,1,1.0,1,1.0,1,0.18032548268879736,54
3115,0,4931,2487,2444,0,0,0,1.0,1,1.0,1,1.0,1,0.17942510540855866,56
3116,3,4934,2489,2445,0,0,0,1.0,1,1.0,1,1.0,1,0.1692289796094899,56
3117,2,4936,2489,2447,0,0,0,1.0,1,1.0,1,1.0,1,0.20182819712971883,58
3118,6,4942,2491,2451,0,0,0,1.0,1,1.0,1,1.0,1,0.17032129757547929,57
3119,0,4942,2491,2451,0,0,0,1.0,1,1.0,1,1.0,1,0.17032129757547929,57
3120,0,4942,2491,2451,0,0,0,1.0,1,1.0,1,1.0,1,0.16090419011886997,56
3121,2,4944,2493,2451,0,0,0,1.0,1,1.0,1,1.0,1,0.16066812609764988,57
3122,0,4944,2493,2451,0,0,0,1.0,1,1.0,1,1.0,1,0.16066812609764988,57
3123,0,4944,2493,2451,0,0,0,1.0,1,1.0,1,1.0,1,0.16066812609764988,57
3124,0,4944,2493,2451,0,0,0,1.0,1,1.0,1,1.0,1,0.17216601128552564,59
3125,3,4947,2494,2453,0,0,0,1.0,1,1.0,1,1.0,1,0.1819832653151646,61
3126,1,4948,2494,2454,0,0,0,1.0,1,1.0,1,1.0,1,0.17020819216117242,60
3127,1,4949,2495,2454,0,0,0,1.0,1,1.0,1,1.0,1,0.19643659101128272,58
3128,2,4951,2496,2455,0,0,0,1.0,1,1.0,1,1.0,1,0.24302269778464225,58
3129,3,4954,2497,2457,0,0,0,1.0,1,1.0,1,1.0,1,0.23013307408610326,56
3130,2,4956,2497,2459,0,0,0,1.0,1,1.0,1,1.0,1,0.22327742780711435,56
3131,3,4959,2498,2461,0,0,0,1.0,1,1.0,1,1.0,1,0.22255024519864067,55
3132,1,4960,2498,2462,0,0,0,1.0,1,1.0,1,1.0,1,0.20748510806698495,53
3133,3,4963,2498,2465,0,0,0,1.0,1,1.0,1,1.0,1,0.1698850892057192,52
3134,2,4965,2498,2467,0,0,0,1.0,1,1.0,1,1.0,1,0.16426669757471463,52
3135,4,4969,2499,2470,0,0,0,1.0,1,1.0,1,1.0,1,0.1238603994412299,53
3136,2,4971,2501,2470,0,0,0,1.0,1,1.0,1,1.0,1,0.14997999948383117,54
3137,1,4972,2502,2470,0,0,0,1.0,1,1.0,1,1.0,1,0.16564291521273058,55
3138,6,4978,2506,2472,0,0,0,1.0,1,1.0,1,1.0,1,0.18314848215816498,57
3139,2,4980,2507,2473,0,0,0,1.0,1,1.0,1,1.0,1,0.18063203178247345,56
3140,3,4983,2509,2474,0,0,0,1.0,1,1.0,1,1.0,1,0.15582702378978172,56
3141,3,4986,2511,2475,0,0,0,1.0,1,1.0,1,1.0,1,0.1719879503446956,56
3142,1,4987,2511,2476,0,0,0,1.0,1,1.0,1,1.0,1,0.15649902036851315,56
3143,1,4988,2512,2476,0,0,0,1.0,1,1.0,1,1.0,1,0.17051926098674483,56
3144,1,4989,2513,2476,0,0,0,1.0,1,1.0,1,1.0,1,0.16697995046736133,54
3145,1,4990,2513,2477,0,0,0,1.0,1,1.0,1,1.0,1,0.16466854151660354,55
3146,1,4991,2513,2478,0,0,0,1.0,1,1.0,1,1.0,1,0.13577416089216104,53
3147,0,4991,2513,2478,0,0,0,1.0,1,1.0,1,1.0,1,0.14918299211969244,54
3148,4,4995,2515,2480,0,0,0,1.0,1,1.0,1,1.0,1,0.12194207257211762,54
3149,0,4995,2515,2480,0,0,0,1.0,1,1.0,1,1.0,1,0.11785951229800998,53
3150,0,4995,2515,2480,0,0,0,1.0,1,1.0,1,1.0,1,0.11785951229800998,53
3151,0,4995,2515,2480,0,0,0,1.0,1,1.0,1,1.0,1,0.1311290006878659,53
3152,0,4995,2515,2480,0,0,0,1.0,1,1.0,1,1.0,1,0.12888404022393202,54
3153,1,4996,2515,2481,0,0,0,1.0,1,1.0,1,1.0,1,0.12404166035812905,53
3154,1,4997,2516,2481,0,0,0,1.0,1,1.0,1,1.0,1,0.166716894642388,55
3155,0,4997,2516,2481,0,0,0,1.0,1,1.0,1,1.0,1,0.16924197930861648,56
3156,1,4998,2517,2481,0,0,0,1.0,1,1.0,1,1.0,1,0.2088389398631234,56
3157,2,5000,2517,2483,0,0,0,1.0,1,1.0,1,1.0,1,0.1802522659304548,56
3158,3,5003,2517,2486,0,0,0,1.0,1,1.0,1,1.0,1,0.1549179387182575,57
3159,0,5003,2517,2486,0,0,0,1.0,1,1.0,1,1.0,1,0.17316008019328746,56
3160,5,5008,2518,2490,0,0,0,1.0,1,1.0,1,1.0,1,0.14762953699450732,58
3161,0,5008,2518,2490,0,0,0,1.0,1,1.0,1,1.0,1,0.13780112997833482,59
3162,1,5009,2519,2490,0,0,0,1.0,1,1.0,1,1.0,1,0.15687733762865633,59
3163,2,5011,2521,2490,0,0,0,1.0,1,1.0,1,1.0,1,0.21980014462359326,59
3164,3,5014,2523,2491,0,0,0,1.0,1,1.0,1,1.0,1,0.21153323750831457,60
3165,1,5015,2523,2492,0,0,0,1.0,1,1.0,1,1.0,1,0.2009564331511568,58
3166,5,5020,2525,2495,0,0,0,1.0,1,1.0,1,1.0,1,0.1345921471756762,59
3167,3,5023,2528,2495,0,0,0,1.0,1,1.0,1,1.0,1,0.17148288553124372,57
3168,2,5025,2529,2496,0,0,0,1.0,1,1.0,1,1.0,1,0.18748645663149713,58
3169,3,5028,2529,2499,0,0,0,1.0,1,1.0,1,1.0,1,0.1253886078392068,57
3170,1,5029,2529,2500,0,0,0,1.0,1,1.0,1,1.0,1,0.11830363849270904,55
3171,6,5035,2533,2502,0,0,0,1.0,1,1.0,1,1.0,1,0.13329138016683456,56
3172,0,5035,2533,2502,0,0,0,1.0,1,1.0,1,1.0,1,0.14226502812608324,54
3173,2,5037,2535,2502,0,0,0,1.0,1,1.0,1,1.0,1,0.14133859151381137,53
3174,3,5040,2537,2503,0,0,0,1.0,1,1.0,1,1.0,1,0.20438254398338826,53
3175,2,5042,2537,2505,0,0,0,1.0,1,1.0,1,1.0,1,0.2020337861493786,52
3176,5,5047,2542,2505,0,0,0,1.0,1,1.0,1,1.0,1,0.24707443239423568,53
3177,4,5051,2543,2508,0,0,0,1.0,1,1.0,1,1.0,1,0.17165190735753708,52
3178,4,5055,2545,2510,0,0,0,1.0,1,1.0,1,1.0,1,0.19172407739177894,53
3179,2,5057,2545,2512,0,0,0,1.0,1,1.0,1,1.0,1,0.14830763706707883,54
3180,0,5057,2545,2512,0,0,0,1.0,1,1.0,1,1.0,1,0.17014114056739976,54
3181,3,5060,2545,2515,0,0,0,1.0,1,1.0,1,1.0,1,0.13964978627897853,55
3182,0,5060,2545,2515,0,0,0,1.0,1,1.0,1,1.0,1,0.15558656742839247,54
3183,2,5062,2547,2515,0,0,0,1.0,1,1.0,1,1.0,1,0.19727338205355135,56
3184,4,5066,2549,2517,0,0,0,1.0,1,1.0,1,1.0,1,0.19076639932487063,54
3185,1,5067,2550,2517,0,0,0,1.0,1,1.0,1,1.0,1,0.2012160244601029,53
3186,2,5069,2551,2518,0,0,0,1.0,1,1.0,1,1.0,1,0.21458138223484657,52
3187,2,5071,2553,2518,0,0,0,1.0,1,1.0,1,1.0,1,0.2172207981214215,50
3188,4,5075,2555,2520,0,0,0,1.0,1,1.0,1,1.0,1,0.18985217177426483,50
3189,3,5078,2558,2520,0,0,0,1.0,1,1.0,1,1.0,1,0.22754613854709085,49
3190,3,5081,2559,2522,0,0,0,1.0,1,1.0,1,1.0,1,0.22126625651339363,50
3191,2,5083,2561,2522,0,0,0,1.0,1,1.0,1,1.0,1,0.2494954749328237,49
3192,0,5083,2561,2522,0,0,0,1.0,1,1.0,1,1.0,1,0.2494954749328237,49
3193,1,5084,2561,2523,0,0,0,1.0,1,1.0,1,1.0,1,0.22943053719255296,49
3194,3,5087,2562,2525,0,0,0,1.0,1,1.0,1,1.0,1,0.23273202331354947,50
3195,0,5087,2562,2525,0,0,0,1.0,1,1.0,1,1.0,1,0.24723028525253352,49
3196,0,5087,2562,2525,0,0,0,1.0,1,1.0,1,1.0,1,0.24723028525253352,49
3197,2,5089,2562,2527,0,0,0,1.0,1,1.0,1,1.0,1,0.16599104408737528,50
3198,2,5091,2562,2529,0,0,0,1.0,1,1.0,1,1.0,1,0.13896018157918427,50
3199,1,5092,2562,2530,0,0,0,1.0,1,1.0,1,1.0,1,0.1155732128966922,52
3200,1,5093,2563,2530,0,0,0,1.0,1,1.0,1,1.0,1,0.1264083280759634,53
3201,2,5095,2563,2532,0,0,0,1.0,1,1.0,1,1.0,1,0.09494243109442893,55
3202,1,5096,2564,2532,0,0,0,1.0,1,1.0,1,1.0,1,0.11988936513129692,55
3203,0,5096,2564,2532,0,0,0,1.0,1,1.0,1,1.0,1,0.08461552797080024,53
3204,2,5098,2565,2533,0,0,0,1.0,1,1.0,1,1.0,1,0.1272048428976043,53
3205,1,5099,2566,2533,0,0,0,1.0,1,1.0,1,1.0,1,0.15411484628071795,53
3206,0,5099,2566,2533,0,0,0,1.0,1,1.0,1,1.0,1,0.13495471694883346,52
3207,2,5101,2568,2533,0,0,0,1.0,1,1.0,1,1.0,1,0.17753598711829954,53
3208,0,5101,2568,2533,0,0,0,1.0,1,1.0,1,1.0,1,0.2436743643683746,51
3209,1,5102,2568,2534,0,0,0,1.0,1,1.0,1,1.0,1,0.22448978547427417,52
3210,0,5102,2568,2534,0,0,0,1.0,1,1.0,1,1.0,1,0.22602336130463846,49
3211,3,5105,2570,2535,0,0,0,1.0,1,1.0,1,1.0,1,0.22996877885091574,48
3212,0,5105,2570,2535,0,0,0,1.0,1,1.0,1,1.0,1,0.253722813224431,48
3213,3,5108,2572,2536,0,0,0,1.0,1,1.0,1,1.0,1,0.2067432159994866,49
3214,2,5110,2574,2536,0,0,0,1.0,1,1.0,1,1.0,1,0.17765780641885212,51
3215,0,5110,2574,2536,0,0,0,1.0,1,1.0,1,1.0,1,0.17765780641885212,51
3216,4,5114,2576,2538,0,0,0,1.0,1,1.0,1,1.0,1,0.16884137538097832,51
3217,1,5115,2577,2538,0,0,0,1.0,1,1.0,1,1.0,1,0.19359591095198794,51
3218,0,5115,2577,2538,0,0,0,1.0,1,1.0,1,1.0,1,0.19359591095198794,51
3219,0,5115,2577,2538,0,0,0,1.0,1,1.0,1,1.0,1,0.20938042279911506,52
3220,0,5115,2577,2538,0,0,0,1.0,1,1.0,1,1.0,1,0.20938042279911506,52
3221,0,5115,2577,2538,0,0,0,1.0,1,1.0,1,1.0,1,0.20370529617713407,54
3222,0,5115,2577,2538,0,0,0,1.0,1,1.0,1,1.0,1,0.19431009940368696,54
3223,2,5117,2577,2540,0,0,0,1.0,1,1.0,1,1.0,1,0.19659446925956814,56
3224,1,5118,2578,2540,0,0,0,1.0,1,1.0,1,1.0,1,0.20940007175533773,57
3225,4,5122,2578,2544,0,0,0,1.0,1,1.0,1,1.0,1,0.17639870706888766,58
3226,0,5122,2578,2544,0,0,0,1.0,1,1.0,1,1.0,1,0.17639870706888766,58
3227,0,5122,2578,2544,0,0,0,1.0,1,1.0,1,1.0,1,0.17639870706888766,58
3228,0,5122,2578,2544,0,0,0,1.0,1,1.0,1,1.0,1,0.17639870706888766,58
3229,3,5125,2579,2546,0,0,0,1.0,1,1.0,1,1.0,1,0.21393393857117202,60
3230,1,5126,2579,2547,0,0,0,1.0,1,1.0,1,1.0,1,0.19125557616089203,61
3231,1,5127,2580,2547,0,0,0,1.0,1,1.0,1,1.0,1,0.21507949090751396,61
3232,0,5127,2580,2547,0,0,0,1.0,1,1.0,1,1.0,1,0.21507949090751396,61
3233,3,5130,2580,2550,0,0,0,1.0,1,1.0,1,1.0,1,0.2111238012398169,63
3234,0,5130,2580,2550,0,0,0,1.0,1,1.0,1,1.0,1,0.21379560397683364,64
3235,0,5130,2580,2550,0,0,0,1.0,1,1.0,1,1.0,1,0.21388478578469935,65
3236,0,5130,2580,2550,0,0,0,1.0,1,1.0,1,1.0,1,0.2211463811346201,66
3237,3,5133,2580,2553,0,0,0,1.0,1,1.0,1,1.0,1,0.18037076714336703,67
3238,0,5133,2580,2553,0,0,0,1.0,1,1.0,1,1.0,1,0.18037076714336703,67
3239,0,5133,2580,2553,0,0,0,1.0,1,1.0,1,1.0,1,0.19472279850641586,69
3240,1,5134,2581,2553,0,0,0,1.0,1,1.0,1,1.0,1,0.1905614099786374,69
3241,4,5138,2584,2554,0,0,0,1.0,1,1.0,1,1.0,1,0.16840802857531392,68
3242,0,5138,2584,2554,0,0,0,1.0,1,1.0,1,1.0,1,0.16858128057820607,67
3243,2,5140,2586,2554,0,0,0,1.0,1,1.0,1,1.0,1,0.2050405890518315,68
3244,1,5141,2586,2555,0,0,0,1.0,1,1.0,1,1.0,1,0.2106624073410926,68
3245,4,5145,2586,2559,0,0,0,1.0,1,1.0,1,1.0,1,0.1746147646677917,69
3246,1,5146,2587,2559,0,0,0,1.0,1,1.0,1,1.0,1,0.17518169305797401,68
3247,1,5147,2587,2560,0,0,0,1.0,1,1.0,1,1.0,1,0.16904943922640037,68
3248,2,5149,2589,2560,0,0,0,1.0,1,1.0,1,1.0,1,0.18280717592862508,68
3249,1,5150,2589,2561,0,0,0,1.0,1,1.0,1,1.0,1,0.1793807468290264,69
3250,0,5150,2589,2561,0,0,0,1.0,1,1.0,1,1.0,1,0.1793807468290264,69
3251,1,5151,2590,2561,0,0,0,1.0,1,1.0,1,1.0,1,0.21419115221279664,68
3252,0,5151,2590,2561,0,0,0,1.0,1,1.0,1,1.0,1,0.19646570466942,68
3253,2,5153,2591,2562,0,0,0,1.0,1,1.0,1,1.0,1,0.18681892084425714,69
3254,1,5154,2591,2563,0,0,0,1.0,1,1.0,1,1.0,1,0.1839741357399444,69
3255,3,5157,2591,2566,0,0,0,1.0,1,1.0,1,1.0,1,0.16829516073236658,70
3256,1,5158,2591,2567,0,0,0,1.0,1,1.0,1,1.0,1,0.16151024509055517,70
3257,0,5158,2591,2567,0,0,0,1.0,1,1.0,1,1.0,1,0.16840947374357362,71
3258,4,5162,2593,2569,0,0,0,1.0,1,1.0,1,1.0,1,0.1591340428208194,72
3259,1,5163,2594,2569,0,0,0,1.0,1,1.0,1,1.0,1,0.17549463982476668,71
3260,4,5167,2595,2572,0,0,0,1.0,1,1.0,1,1.0,1,0.16929448001185554,72
3261,1,5168,2595,2573,0,0,0,1.0,1,1.0,1,1.0,1,0.17499352612685812,74
3262,1,5169,2596,2573,0,0,0,1.0,1,1.0,1,1.0,1,0.18959635034040512,73
3263,2,5171,2598,2573,0,0,0,1.0,1,1.0,1,1.0,1,0.20671303238901984,73
3264,3,5174,2600,2574,0,0,0,1.0,1,1.0,1,1.0,1,0.21811565768076585,71
3265,4,5178,2603,2575,0,0,0,1.0,1,1.0,1,1.0,1,0.22988139145957578,70
3266,2,5180,2605,2575,0,0,0,1.0,1,1.0,1,1.0,1,0.24344560469695062,69
3267,1,5181,2606,2575,0,0,0,1.0,1,1.0,1,1.0,1,0.26275099446963773,69
3268,3,5184,2609,2575,0,0,0,1.0,1,1.0,1,1.0,1,0.2692703618015411,68
3269,7,5191,2609,2582,0,0,0,1.0,1,1.0,1,1.0,1,0.21383458521757692,68
3270,0,5191,2609,2582,0,0,0,1.0,1,1.0,1,1.0,1,0.22565937205956704,67
3271,0,5191,2609,2582,0,0,0,1.0,1,1.0,1,1.0,1,0.22957515726559563,66
3272,3,5194,2609,2585,0,0,0,1.0,1,1.0,1,1.0,1,0.18278502427901339,67
3273,1,5195,2609,2586,0,0,0,1.0,1,1.0,1,1.0,1,0.19438528785202808,66
3274,3,5198,2610,2588,0,0,0,1.0,1,1.0,1,1.0,1,0.1864454063249865,68
3275,1,5199,2610,2589,0,0,0,1.0,1,1.0,1,1.0,1,0.17838074071845403,68
3276,1,5200,2611,2589,0,0,0,1.0,1,1.0,1,1.0,1,0.1907107564507593,69
3277,2,5202,2611,2591,0,0,0,1.0,1,1.0,1,1.0,1,0.16076063612680927,68
3278,2,5204,2611,2593,0,0,0,1.0,1,1.0,1,1.0,1,0.15141100873340607,69
3279,0,5204,2611,2593,0,0,0,1.0,1,1.0,1,1.0,1,0.15113028207179188,67
3280,1,5205,2612,2593,0,0,0,1.0,1,1.0,1,1.0,1,0.1829959447001078,66
3281,6,5211,2614,2597,0,0,0,1.0,1,1.0,1,1.0,1,0.17257058603876893,67
3282,4,5215,2615,2600,0,0,0,1.0,1,1.0,1,1.0,1,0.18034077085556835,66
3283,3,5218,2617,2601,0,0,0,1.0,1,1.0,1,1.0,1,0.22224175435683666,67
3284,0,5218,2617,2601,0,0,0,1.0,1,1.0,1,1.0,1,0.23525428637350443,66
3285,3,5221,2617,2604,0,0,0,1.0,1,1.0,1,1.0,1,0.16810006057138777,66
3286,0,5221,2617,2604,0,0,0,1.0,1,1.0,1,1.0,1,0.15709068963309347,63
3287,0,5221,2617,2604,0,0,0,1.0,1,1.0,1,1.0,1,0.17556302461835122,61
3288,0,5221,2617,2604,0,0,0,1.0,1,1.0,1,1.0,1,0.18760440666697795,63
3289,2,5223,2618,2605,0,0,0,1.0,1,1.0,1,1.0,1,0.20228937937114372,62
3290,1,5224,2619,2605,0,0,0,1.0,1,1.0,1,1.0,1,0.2097689274382993,63
3291,2,5226,2621,2605,0,0,0,1.0,1,1.0,1,1.0,1,0.25190076143559326,62
3292,1,5227,2621,2606,0,0,0,1.0,1,1.0,1,1.0,1,0.24645717775806247,63
3293,2,5229,2623,2606,0,0,0,1.0,1,1.0,1,1.0,1,0.2549970860208963,65
3294,0,5229,2623,2606,0,0,0,1.0,1,1.0,1,1.0,1,0.2549970860208963,65
3295,2,5231,2625,2606,0,0,0,1.0,1,1.0,1,1.0,1,0.2556051299475485,65
3296,0,5231,2625,2606,0,0,0,1.0,1,1.0,1,1.0,1,0.2556051299475485,65
3297,3,5234,2626,2608,0,0,0,1.0,1,1.0,1,1.0,1,0.22645018683149773,66
3298,1,5235,2626,2609,0,0,0,1.0,1,1.0,1,1.0,1,0.22154476184888053,66
3299,0,5235,2626,2609,0,0,0,1.0,1,1.0,1,1.0,1,0.22970095473696855,67
3300,2,5237,2628,2609,0,0,0,1.0,1,1.0,1,1.0,1,0.2587435322137645,67
3301,4,5241,2629,2612,0,0,0,1.0,1,1.0,1,1.0,1,0.2692166013624936,68
3302,1,5242,2629,2613,0,0,0,1.0,1,1.0,1,1.0,1,0.2718724908003917,67
3303,1,5243,2629,2614,0,0,0,1.0,1,1.0,1,1.0,1,0.2655813313953522,67
3304,1,5244,2630,2614,0,0,0,1.0,1,1.0,1,1.0,1,0.2625333887081432,67
3305,8,5252,2630,2622,0,0,0,1.0,1,1.0,1,1.0,1,0.19376197561955544,69
3306,0,5252,2630,2622,0,0,0,1.0,1,1.0,1,1.0,1,0.18503129232794333,70
3307,0,5252,2630,2622,0,0,0,1.0,1,1.0,1,1.0,1,0.18503129232794333,70
3308,1,5253,2630,2623,0,0,0,1.0,1,1.0,1,1.0,1,0.18103999825570563,70
3309,0,5253,2630,2623,0,0,0,1.0,1,1.0,1,1.0,1,0.19747939884412996,72
3310,2,5255,2630,2625,0,0,0,1.0,1,1.0,1,1.0,1,0.19681431154393667,74
3311,0,5255,2630,2625,0,0,0,1.0,1,1.0,1,1.0,1,0.19681431154393667,74
3312,0,5255,2630,2625,0,0,0,1.0,1,1.0,1,1.0,1,0.19681431154393667,74
3313,2,5257,2630,2627,0,0,0,1.0,1,1.0,1,1.0,1,0.20106268634703345,75
3314,3,5260,2630,2630,0,0,0,1.0,1,1.0,1,1.0,1,0.19648447548734083,76
3315,1,5261,2631,2630,0,0,0,1.0,1,1.0,1,1.0,1,0.23154026700347585,75
3316,1,5262,2632,2630,0,0,0,1.0,1,1.0,1,1.0,1,0.24768256209685843,76
3317,3,5265,2633,2632,0,0,0,1.0,1,1.0,1,1.0,1,0.23770454550725875,73
3318,4,5269,2636,2633,0,0,0,1.0,1,1.0,1,1.0,1,0.26803966006277596,72
3319,7,5276,2637,2639,0,0,0,1.0,1,1.0,1,1.0,1,0.20977952669932015,71
3320,0,5276,2637,2639,0,0,0,1.0,1,1.0,1,1.0,1,0.20843727895395142,70
3321,3,5279,2638,2641,0,0,0,1.0,1,1.0,1,1.0,1,0.20718900243961336,69
3322,1,5280,2639,2641,0,0,0,1.0,1,1.0,1,1.0,1,0.20760431901483795,68
3323,1,5281,2640,2641,0,0,0,1.0,1,1.0,1,1.0,1,0.2333145591290445,69
3324,1,5282,2641,2641,0,0,0,1.0,1,1.0,1,1.0,1,0.21574989250025806,69
3325,2,5284,2641,2643,0,0,0,1.0,1,1.0,1,1.0,1,0.19216631891830108,70
3326,3,5287,2642,2645,0,0,0,1.0,1,1.0,1,1.0,1,0.19602483712227428,69
3327,0,5287,2642,2645,0,0,0,1.0,1,1.0,1,1.0,1,0.18779476200614403,70
3328,1,5288,2643,2645,0,0,0,1.0,1,1.0,1,1.0,1,0.20414703101780718,73
3329,2,5290,2644,2646,0,0,0,1.0,1,1.0,1,1.0,1,0.23795217682096878,72
3330,2,5292,2645,2647,0,0,0,1.0,1,1.0,1,1.0,1,0.2398392317232471,72
3331,3,5295,2647,2648,0,0,0,1.0,1,1.0,1,1.0,1,0.2488624607026011,72
3332,3,5298,2647,2651,0,0,0,1.0,1,1.0,1,1.0,1,0.22598967696689637,73
3333,1,5299,2647,2652,0,0,0,1.0,1,1.0,1,1.0,1,0.22282730588972824,72
3334,1,5300,2647,2653,0,0,0,1.0,1,1.0,1,1.0,1,0.2109439815138126,73
3335,1,5301,2647,2654,0,0,0,1.0,1,1.0,1,1.0,1,0.20842299999649497,74
3336,0,5301,2647,2654,0,0,0,1.0,1,1.0,1,1.0,1,0.20842299999649497,74
3337,0,5301,2647,2654,0,0,0,1.0,1,1.0,1,1.0,1,0.20842299999649497,74
3338,1,5302,2647,2655,0,0,0,1.0,1,1.0,1,1.0,1,0.20118061763878878,74
3339,1,5303,2648,2655,0,0,0,1.0,1,1.0,1,1.0,1,0.21022441315005072,75
3340,0,5303,2648,2655,0,0,0,1.0,1,1.0,1,1.0,1,0.21305288924884633,75
3341,0,5303,2648,2655,0,0,0,1.0,1,1.0,1,1.0,1,0.22341646356340053,76
3342,1,5304,2648,2656,0,0,0,1.0,1,1.0,1,1.0,1,0.23087804537732104,76
3343,5,5309,2650,2659,0,0,0,1.0,1,1.0,1,1.0,1,0.20164643382410505,75
3344,1,5310,2651,2659,0,0,0,1.0,1,1.0,1,1.0,1,0.2091641919023217,75
3345,5,5315,2653,2662,0,0,0,1.0,1,1.0,1,1.0,1,0.21390643531480036,72
3346,6,5321,2655,2666,0,0,0,1.0,1,1.0,1,1.0,1,0.21063896324556056,73
3347,1,5322,2656,2666,0,0,0,1.0,1,1.0,1,1.0,1,0.2064149403305583,73
3348,2,5324,2656,2668,0,0,0,1.0,1,1.0,1,1.0,1,0.2063231173777973,73
3349,4,5328,2657,2671,0,0,0,1.0,1,1.0,1,1.0,1,0.18611494041000684,74
3350,2,5330,2658,2672,0,0,0,1.0,1,1.0,1,1.0,1,0.18571861301435758,73
3351,1,5331,2659,2672,0,0,0,1.0,1,1.0,1,1.0,1,0.193545488371496,72
3352,1,5332,2660,2672,0,0,0,1.0,1,1.0,1,1.0,1,0.20812496071707906,72
3353,5,5337,2662,2675,0,0,0,1.0,1,1.0,1,1.0,1,0.18978458714186808,72
3354,1,5338,2663,2675,0,0,0,1.0,1,1.0,1,1.0,1,0.20660066876126326,70
3355,3,5341,2665,2676,0,0,0,1.0,1,1.0,1,1.0,1,0.24152762989557422,69
3356,4,5345,2667,2678,0,0,0,1.0,1,1.0,1,1.0,1,0.25537109308929795,69
3357,3,5348,2669,2679,0,0,0,1.0,1,1.0,1,1.0,1,0.24342257290212724,68
3358,1,5349,2670,2679,0,0,0,1.0,1,1.0,1,1.0,1,0.264633506451959,68
3359,1,5350,2671,2679,0,0,0,1.0,1,1.0,1,1.0,1,0.2661256540039668,66
3360,1,5351,2672,2679,0,0,0,1.0,1,1.0,1,1.0,1,0.287650127898268,65
3361,2,5353,2672,2681,0,0,0,1.0,1,1.0,1,1.0,1,0.25697742490139835,64
3362,0,5353,2672,2681,0,0,0,1.0,1,1.0,1,1.0,1,0.25697742490139835,64
3363,0,5353,2672,2681,0,0,0,1.0,1,1.0,1,1.0,1,0.2532715121176219,65
3364,0,5353,2672,2681,0,0,0,1.0,1,1.0,1,1.0,1,0.25994061386979933,66
3365,1,5354,2672,2682,0,0,0,1.0,1,1.0,1,1.0,1,0.25558618931717453,68
3366,1,5355,2673,2682,0,0,0,1.0,1,1.0,1,1.0,1,0.2769359471201044,66
3367,2,5357,2673,2684,0,0,0,1.0,1,1.0,1,1.0,1,0.2695152447671918,68
3368,3,5360,2674,2686,0,0,0,1.0,1,1.0,1,1.0,1,0.24569617792942072,68
3369,2,5362,2674,2688,0,0,0,1.0,1,1.0,1,1.0,1,0.22782278476160625,69
3370,0,5362,2674,2688,0,0,0,1.0,1,1.0,1,1.0,1,0.21400657236353873,71
3371,1,5363,2674,2689,0,0,0,1.0,1,1.0,1,1.0,1,0.201952968026846,71
3372,3,5366,2675,2691,0,0,0,1.0,1,1.0,1,1.0,1,0.20069775200428117,71
3373,0,5366,2675,2691,0,0,0,1.0,1,1.0,1,1.0,1,0.20354197749697797,72
3374,0,5366,2675,2691,0,0,0,1.0,1,1.0,1,1.0,1,0.2017651914917269,72
3375,0,5366,2675,2691,0,0,0,1.0,1,1.0,1,1.0,1,0.20705012697174438,73
3376,1,5367,2675,2692,0,0,0,1.0,1,1.0,1,1.0,1,0.19973911080939644,75
3377,3,5370,2676,2694,0,0,0,1.0,1,1.0,1,1.0,1,0.1939385798450907,77
3378,0,5370,2676,2694,0,0,0,1.0,1,1.0,1,1.0,1,0.1939385798450907,77
3379,4,5374,2679,2695,0,0,0,1.0,1,1.0,1,1.0,1,0.2319637927058599,77
3380,3,5377,2679,2698,0,0,0,1.0,1,1.0,1,1.0,1,0.2235949333941812,76
3381,1,5378,2680,2698,0,0,0,1.0,1,1.0,1,1.0,1,0.223971683587863,76
3382,0,5378,2680,2698,0,0,0,1.0,1,1.0,1,1.0,1,0.23048217859944634,78
3383,1,5379,2680,2699,0,0,0,1.0,1,1.0,1,1.0,1,0.22123024472793373,77
3384,6,5385,2686,2699,0,0,0,1.0,1,1.0,1,1.0,1,0.2607095895723887,77
3385,1,5386,2686,2700,0,0,0,1.0,1,1.0,1,1.0,1,0.24849875902546212,75
3386,2,5388,2687,2701,0,0,0,1.0,1,1.0,1,1.0,1,0.24158018806944973,76
3387,1,5389,2687,2702,0,0,0,1.0,1,1.0,1,1.0,1,0.23025869401353075,75
3388,2,5391,2689,2702,0,0,0,1.0,1,1.0,1,1.0,1,0.24986406613759338,76
3389,1,5392,2689,2703,0,0,0,1.0,1,1.0,1,1.0,1,0.2435636330565051,77
3390,0,5392,2689,2703,0,0,0,1.0,1,1.0,1,1.0,1,0.23850333281897593,76
3391,1,5393,2690,2703,0,0,0,1.0,1,1.0,1,1.0,1,0.23296008165441312,77
3392,3,5396,2690,2706,0,0,0,1.0,1,1.0,1,1.0,1,0.20833493699274747,78
3393,4,5400,2690,2710,0,0,0,1.0,1,1.0,1,1.0,1,0.1634407731910275,76
3394,2,5402,2691,2711,0,0,0,1.0,1,1.0,1,1.0,1,0.18848492941141745,75
3395,1,5403,2691,2712,0,0,0,1.0,1,1.0,1,1.0,1,0.18115638940181408,73
3396,1,5404,2691,2713,0,0,0,1.0,1,1.0,1,1.0,1,0.16924572714917016,73
3397,1,5405,2692,2713,0,0,0,1.0,1,1.0,1,1.0,1,0.15905175405902652,74
3398,1,5406,2693,2713,0,0,0,1.0,1,1.0,1,1.0,1,0.16849630669564647,74
3399,2,5408,2694,2714,0,0,0,1.0,1,1.0,1,1.0,1,0.16858149371921569,75
3400,1,5409,2695,2714,0,0,0,1.0,1,1.0,1,1.0,1,0.1845838365423321,75
3401,5,5414,2696,2718,0,0,0,1.0,1,1.0,1,1.0,1,0.11873885315245644,77
3402,1,5415,2697,2718,0,0,0,1.0,1,1.0,1,1.0,1,0.12911108275872815,77
3403,3,5418,2698,2720,0,0,0,1.0,1,1.0,1,1.0,1,0.10581048585541906,78
3404,1,5419,2699,2720,0,0,0,1.0,1,1.0,1,1.0,1,0.11385382626413929,78
3405,1,5420,2699,2721,0,0,0,1.0,1,1.0,1,1.0,1,0.10704224974122926,78
3406,2,5422,2701,2721,0,0,0,1.0,1,1.0,1,1.0,1,0.13335549148279655,78
3407,0,5422,2701,2721,0,0,0,1.0,1,1.0,1,1.0,1,0.13314397139202436,78
3408,0,5422,2701,2721,0,0,0,1.0,1,1.0,1,1.0,1,0.13772595498616247,79
3409,1,5423,2701,2722,0,0,0,1.0,1,1.0,1,1.0,1,0.13244338624513133,81
3410,0,5423,2701,2722,0,0,0,1.0,1,1.0,1,1.0,1,0.14002631725399414,82
3411,0,5423,2701,2722,0,0,0,1.0,1,1.0,1,1.0,1,0.14509306676253939,84
3412,0,5423,2701,2722,0,0,0,1.0,1,1.0,1,1.0,1,0.14509306676253939,84
3413,1,5424,2702,2722,0,0,0,1.0,1,1.0,1,1.0,1,0.14688304050569606,84
3414,1,5425,2702,2723,0,0,0,1.0,1,1.0,1,1.0,1,0.14134247722267157,84
3415,3,5428,2704,2724,0,0,0,1.0,1,1.0,1,1.0,1,0.15470254935316738,85
3416,1,5429,2705,2724,0,0,0,1.0,1,1.0,1,1.0,1,0.14591718066133472,85
3417,2,5431,2706,2725,0,0,0,1.0,1,1.0,1,1.0,1,0.15248171687205303,86
3418,3,5434,2708,2726,0,0,0,1.0,1,1.0,1,1.0,1,0.17287101470954808,86
3419,3,5437,2709,2728,0,0,0,1.0,1,1.0,1,1.0,1,0.17221016982040727,87
3420,1,5438,2709,2729,0,0,0,1.0,1,1.0,1,1.0,1,0.1769510566122908,88
3421,3,5441,2710,2731,0,0,0,1.0,1,1.0,1,1.0,1,0.18352779973368152,89
3422,1,5442,2710,2732,0,0,0,1.0,1,1.0,1,1.0,1,0.18387506144553736,90
3423,1,5443,2711,2732,0,0,0,1.0,1,1.0,1,1.0,1,0.18188238365902876,90
3424,0,5443,2711,2732,0,0,0,1.0,1,1.0,1,1.0,1,0.17483847747979694,91
3425,4,5447,2712,2735,0,0,0,1.0,1,1.0,1,1.0,1,0.1507521145293066,90
3426,2,5449,2714,2735,0,0,0,1.0,1,1.0,1,1.0,1,0.15616231253174015,92
3427,1,5450,2714,2736,0,0,0,1.0,1,1.0,1,1.0,1,0.15451148067275852,92
3428,0,5450,2714,2736,0,0,0,1.0,1,1.0,1,1.0,1,0.1619861333300844,91
3429,2,5452,2714,2738,0,0,0,1.0,1,1.0,1,1.0,1,0.15809567845514297,91
3430,2,5454,2716,2738,0,0,0,1.0,1,1.0,1,1.0,1,0.1808787793973493,91
3431,0,5454,2716,2738,0,0,0,1.0,1,1.0,1,1.0,1,0.16786988260281915,90
3432,2,5456,2717,2739,0,0,0,1.0,1,1.0,1,1.0,1,0.17106185251424058,91
3433,3,5459,2717,2742,0,0,0,1.0,1,1.0,1,1.0,1,0.16074286122908227,90
3434,0,5459,2717,2742,0,0,0,1.0,1,1.0,1,1.0,1,0.1546662463408894,89
3435,1,5460,2718,2742,0,0,0,1.0,1,1.0,1,1.0,1,0.17001456452472896,88
3436,0,5460,2718,2742,0,0,0,1.0,1,1.0,1,1.0,1,0.17417301896265483,86
3437,2,5462,2719,2743,0,0,0,1.0,1,1.0,1,1.0,1,0.18904139748702706,86
3438,1,5463,2719,2744,0,0,0,1.0,1,1.0,1,1.0,1,0.19627563392335554,87
3439,2,5465,2720,2745,0,0,0,1.0,1,1.0,1,1.0,1,0.21832398948315285,86
3440,3,5468,2720,2748,0,0,0,1.0,1,1.0,1,1.0,1,0.19216783243954966,86
3441,2,5470,2721,2749,0,0,0,1.0,1,1.0,1,1.0,1,0.19235315141826875,85
3442,0,5470,2721,2749,0,0,0,1.0,1,1.0,1,1.0,1,0.19354070150863187,85
3443,0,5470,2721,2749,0,0,0,1.0,1,1.0,1,1.0,1,0.2015531829687455,85
3444,3,5473,2722,2751,0,0,0,1.0,1,1.0,1,1.0,1,0.1787268806883072,85
3445,2,5475,2724,2751,0,0,0,1.0,1,1.0,1,1.0,1,0.20779043564940455,84
3446,5,5480,2727,2753,0,0,0,1.0,1,1.0,1,1.0,1,0.23963601584398203,85
3447,2,5482,2728,2754,0,0,0,1.0,1,1.0,1,1.0,1,0.2425287028605361,85
3448,2,5484,2730,2754,0,0,0,1.0,1,1.0,1,1.0,1,0.24893762117031978,85
3449,3,5487,2730,2757,0,0,0,1.0,1,1.0,1,1.0,1,0.2351699584826225,84
3450,0,5487,2730,2757,0,0,0,1.0,1,1.0,1,1.0,1,0.2351699584826225,84
3451,3,5490,2730,2760,0,0,0,1.0,1,1.0,1,1.0,1,0.21090985300604126,85
3452,2,5492,2732,2760,0,0,0,1.0,1,1.0,1,1.0,1,0.20021354390965349,86
3453,1,5493,2732,2761,0,0,0,1.0,1,1.0,1,1.0,1,0.19293571521292704,85
3454,2,5495,2732,2763,0,0,0,1.0,1,1.0,1,1.0,1,0.17452634535643655,88
3455,0,5495,2732,2763,0,0,0,1.0,1,1.0,1,1.0,1,0.17452634535643655,88
3456,0,5495,2732,2763,0,0,0,1.0,1,1.0,1,1.0,1,0.17452634535643655,88
3457,2,5497,2732,2765,0,0,0,1.0,1,1.0,1,1.0,1,0.16074287510817825,89
3458,0,5497,2732,2765,0,0,0,1.0,1,1.0,1,1.0,1,0.16593683702029685,88
3459,0,5497,2732,2765,0,0,0,1.0,1,1.0,1,1.0,1,0.16593683702029685,88
3460,0,5497,2732,2765,0,0,0,1.0,1,1.0,1,1.0,1,0.1598440645182078,89
3461,0,5497,2732,2765,0,0,0,1.0,1,1.0,1,1.0,1,0.1598440645182078,89
3462,0,5497,2732,2765,0,0,0,1.0,1,1.0,1,1.0,1,0.16273485495469428,90
3463,2,5499,2732,2767,0,0,0,1.0,1,1.0,1,1.0,1,0.15635660411848024,89
3464,1,5500,2733,2767,0,0,0,1.0,1,1.0,1,1.0,1,0.1535315432496436,88
3465,2,5502,2733,2769,0,0,0,1.0,1,1.0,1,1.0,1,0.15824280079739558,87
3466,1,5503,2733,2770,0,0,0,1.0,1,1.0,1,1.0,1,0.14533219190617652,87
3467,1,5504,2734,2770,0,0,0,1.0,1,1.0,1,1.0,1,0.15627075590758235,87
3468,4,5508,2736,2772,0,0,0,1.0,1,1.0,1,1.0,1,0.17180471966512212,88
3469,3,5511,2737,2774,0,0,0,1.0,1,1.0,1,1.0,1,0.16845563678762512,85
3470,2,5513,2739,2774,0,0,0,1.0,1,1.0,1,1.0,1,0.19680724211348044,86
3471,6,5519,2741,2778,0,0,0,1.0,1,1.0,1,1.0,1,0.1953323427483655,84
3472,1,5520,2742,2778,0,0,0,1.0,1,1.0,1,1.0,1,0.20054018834047896,83
3473,2,5522,2742,2780,0,0,0,1.0,1,1.0,1,1.0,1,0.19168721430525199,81
3474,2,5524,2743,2781,0,0,0,1.0,1,1.0,1,1.0,1,0.15882484939844616,80
3475,5,5529,2745,2784,0,0,0,1.0,1,1.0,1,1.0,1,0.18588124586563998,82
3476,3,5532,2746,2786,0,0,0,1.0,1,1.0,1,1.0,1,0.16566592729520288,81
3477,5,5537,2748,2789,0,0,0,1.0,1,1.0,1,1.0,1,0.16757731704983012,83
3478,1,5538,2749,2789,0,0,0,1.0,1,1.0,1,1.0,1,0.18351256334858268,83
3479,1,5539,2749,2790,0,0,0,1.0,1,1.0,1,1.0,1,0.16282435911301532,83
3480,0,5539,2749,2790,0,0,0,1.0,1,1.0,1,1.0,1,0.16282435911301532,83
3481,6,5545,2752,2793,0,0,0,1.0,1,1.0,1,1.0,1,0.15117771547118758,83
3482,2,5547,2753,2794,0,0,0,1.0,1,1.0,1,1.0,1,0.16262348860283607,83
3483,3,5550,2756,2794,0,0,0,1.0,1,1.0,1,1.0,1,0.18385424207655968,82
3484,1,5551,2757,2794,0,0,0,1.0,1,1.0,1,1.0,1,0.20149601279790427,82
3485,3,5554,2757,2797,0,0,0,1.0,1,1.0,1,1.0,1,0.18678249077101036,83
3486,0,5554,2757,2797,0,0,0,1.0,1,1.0,1,1.0,1,0.18678249077101036,83
3487,0,5554,2757,2797,0,0,0,1.0,1,1.0,1,1.0,1,0.19221103284100158,84
3488,1,5555,2757,2798,0,0,0,1.0,1,1.0,1,1.0,1,0.1810018900364934,84
3489,2,5557,2757,2800,0,0,0,1.0,1,1.0,1,1.0,1,0.16597240101352356,84
3490,0,5557,2757,2800,0,0,0,1.0,1,1.0,1,1.0,1,0.16597240101352356,84
3491,0,5557,2757,2800,0,0,0,1.0,1,1.0,1,1.0,1,0.1692727070966328,86
3492,1,5558,2758,2800,0,0,0,1.0,1,1.0,1,1.0,1,0.1605063182714639,86
3493,0,5558,2758,2800,0,0,0,1.0,1,1.0,1,1.0,1,0.1605063182714639,86
3494,0,5558,2758,2800,0,0,0,1.0,1,1.0,1,1.0,1,0.1605063182714639,86
3495,3,5561,2758,2803,0,0,0,1.0,1,1.0,1,1.0,1,0.141646274337411,87
3496,0,5561,2758,2803,0,0,0,1.0,1,1.0,1,1.0,1,0.150247900825894,88
3497,1,5562,2759,2803,0,0,0,1.0,1,1.0,1,1.0,1,0.16855710232446736,89
3498,3,5565,2759,2806,0,0,0,1.0,1,1.0,1,1.0,1,0.16761023896417418,89
3499,2,5567,2760,2807,0,0,0,1.0,1,1.0,1,1.0,1,0.14999110761820544,91
3500,1,5568,2761,2807,0,0,0,1.0,1,1.0,1,1.0,1,0.16128054309633394,90
3501,1,5569,2761,2808,0,0,0,1.0,1,1.0,1,1.0,1,0.15231842063365408,90
3502,1,5570,2761,2809,0,0,0,1.0,1,1.0,1,1.0,1,0.15453295837803688,91
3503,5,5575,2764,2811,0,0,0,1.0,1,1.0,1,1.0,1,0.14190136441567106,91
3504,3,5578,2766,2812,0,0,0,1.0,1,1.0,1,1.0,1,0.16007209845874348,89
3505,5,5583,2767,2816,0,0,0,1.0,1,1.0,1,1.0,1,0.14795913544087438,87
3506,1,5584,2768,2816,0,0,0,1.0,1,1.0,1,1.0,1,0.1534233717144815,87
3507,2,5586,2770,2816,0,0,0,1.0,1,1.0,1,1.0,1,0.1658085964272075,84
3508,3,5589,2773,2816,0,0,0,1.0,1,1.0,1,1.0,1,0.19675695575289615,83
3509,3,5592,2774,2818,0,0,0,1.0,1,1.0,1,1.0,1,0.18356365277275685,80
3510,1,5593,2775,2818,0,0,0,1.0,1,1.0,1,1.0,1,0.18206998657166398,78
3511,3,5596,2777,2819,0,0,0,1.0,1,1.0,1,1.0,1,0.16396975001002492,77
3512,0,5596,2777,2819,0,0,0,1.0,1,1.0,1,1.0,1,0.1717438315495083,74
3513,2,5598,2778,2820,0,0,0,1.0,1,1.0,1,1.0,1,0.16795947675223433,76
3514,2,5600,2779,2821,0,0,0,1.0,1,1.0,1,1.0,1,0.16351747609868364,76
3515,0,5600,2779,2821,0,0,0,1.0,1,1.0,1,1.0,1,0.16101731947423256,75
3516,1,5601,2780,2821,0,0,0,1.0,1,1.0,1,1.0,1,0.1779279824697441,73
3517,5,5606,2783,2823,0,0,0,1.0,1,1.0,1,1.0,1,0.18750230637978021,74
3518,0,5606,2783,2823,0,0,0,1.0,1,1.0,1,1.0,1,0.1986439733203972,74
3519,0,5606,2783,2823,0,0,0,1.0,1,1.0,1,1.0,1,0.20989874492439212,73
3520,1,5607,2783,2824,0,0,0,1.0,1,1.0,1,1.0,1,0.19188660346048173,74
3521,4,5611,2783,2828,0,0,0,1.0,1,1.0,1,1.0,1,0.1679927926451027,75
3522,0,5611,2783,2828,0,0,0,1.0,1,1.0,1,1.0,1,0.1679927926451027,75
3523,1,5612,2783,2829,0,0,0,1.0,1,1.0,1,1.0,1,0.15525451998591144,75
3524,1,5613,2784,2829,0,0,0,1.0,1,1.0,1,1.0,1,0.15834089695924328,75
3525,1,5614,2784,2830,0,0,0,1.0,1,1.0,1,1.0,1,0.15571423267529552,75
3526,2,5616,2785,2831,0,0,0,1.0,1,1.0,1,1.0,1,0.15312704417504686,76
3527,3,5619,2787,2832,0,0,0,1.0,1,1.0,1,1.0,1,0.1982483137255846,77
3528,5,5624,2788,2836,0,0,0,1.0,1,1.0,1,1.0,1,0.1872747060214628,77
3529,2,5626,2789,2837,0,0,0,1.0,1,1.0,1,1.0,1,0.18763725863171132,78
3530,3,5629,2789,2840,0,0,0,1.0,1,1.0,1,1.0,1,0.183641696988898,78
3531,3,5632,2790,2842,0,0,0,1.0,1,1.0,1,1.0,1,0.19788065760502177,79
3532,1,5633,2791,2842,0,0,0,1.0,1,1.0,1,1.0,1,0.2236479911550489,79
3533,2,5635,2792,2843,0,0,0,1.0,1,1.0,1,1.0,1,0.2387857196789463,79
3534,3,5638,2794,2844,0,0,0,1.0,1,1.0,1,1.0,1,0.25487039833817493,80
3535,0,5638,2794,2844,0,0,0,1.0,1,1.0,1,1.0,1,0.26239069907641693,81
3536,0,5638,2794,2844,0,0,0,1.0,1,1.0,1,1.0,1,0.2583325592467741,82
3537,0,5638,2794,2844,0,0,0,1.0,1,1.0,1,1.0,1,0.2583325592467741,82
3538,1,5639,2794,2845,0,0,0,1.0,1,1.0,1,1.0,1,0.25540426973306046,83
3539,0,5639,2794,2845,0,0,0,1.0,1,1.0,1,1.0,1,0.25540426973306046,83
3540,1,5640,2795,2845,0,0,0,1.0,1,1.0,1,1.0,1,0.2563946163700552,85
3541,4,5644,2796,2848,0,0,0,1.0,1,1.0,1,1.0,1,0.24086128854010913,85
3542,7,5651,2798,2853,0,0,0,1.0,1,1.0,1,1.0,1,0.19665778890612434,88
3543,1,5652,2799,2853,0,0,0,1.0,1,1.0,1,1.0,1,0.1957697232216833,87
3544,1,5653,2800,2853,0,0,0,1.0,1,1.0,1,1.0,1,0.20222406621055125,87
3545,1,5654,2801,2853,0,0,0,1.0,1,1.0,1,1.0,1,0.19954050077104316,85
3546,0,5654,2801,2853,0,0,0,1.0,1,1.0,1,1.0,1,0.1929299461143176,83
3547,1,5655,2801,2854,0,0,0,1.0,1,1.0,1,1.0,1,0.17384303026396195,82
3548,2,5657,2803,2854,0,0,0,1.0,1,1.0,1,1.0,1,0.17677695981131292,82
3549,0,5657,2803,2854,0,0,0,1.0,1,1.0,1,1.0,1,0.1691841394711988,81
3550,2,5659,2805,2854,0,0,0,1.0,1,1.0,1,1.0,1,0.1871438433078168,79
3551,2,5661,2807,2854,0,0,0,1.0,1,1.0,1,1.0,1,0.18753125722035185,80
3552,2,5663,2808,2855,0,0,0,1.0,1,1.0,1,1.0,1,0.193412923755919,78
3553,3,5666,2809,2857,0,0,0,1.0,1,1.0,1,1.0,1,0.184195628647751,79
3554,1,5667,2809,2858,0,0,0,1.0,1,1.0,1,1.0,1,0.18039357524269622,77
3555,1,5668,2810,2858,0,0,0,1.0,1,1.0,1,1.0,1,0.18987102455944044,77
3556,1,5669,2810,2859,0,0,0,1.0,1,1.0,1,1.0,1,0.18951144134231598,76
3557,2,5671,2810,2861,0,0,0,1.0,1,1.0,1,1.0,1,0.17235543668505068,76
3558,2,5673,2811,2862,0,0,0,1.0,1,1.0,1,1.0,1,0.18474363310478678,76
3559,2,5675,2811,2864,0,0,0,1.0,1,1.0,1,1.0,1,0.16515767552582117,76
3560,1,5676,2812,2864,0,0,0,1.0,1,1.0,1,1.0,1,0.1941395854938153,78
3561,3,5679,2813,2866,0,0,0,1.0,1,1.0,1,1.0,1,0.17690364630424463,79
3562,3,5682,2815,2867,0,0,0,1.0,1,1.0,1,1.0,1,0.18105208527108388,79
3563,3,5685,2817,2868,0,0,0,1.0,1,1.0,1,1.0,1,0.17944029523201982,79
3564,1,5686,2817,2869,0,0,0,1.0,1,1.0,1,1.0,1,0.18371050560154883,80
3565,4,5690,2818,2872,0,0,0,1.0,1,1.0,1,1.0,1,0.180516647325215,83
3566,2,5692,2820,2872,0,0,0,1.0,1,1.0,1,1.0,1,0.20137100278828218,84
3567,4,5696,2820,2876,0,0,0,1.0,1,1.0,1,1.0,1,0.16541337184509644,84
3568,2,5698,2821,2877,0,0,0,1.0,1,1.0,1,1.0,1,0.16677474867841033,84
3569,2,5700,2822,2878,0,0,0,1.0,1,1.0,1,1.0,1,0.1635929354037011,84
3570,4,5704,2824,2880,0,0,0,1.0,1,1.0,1,1.0,1,0.16643044827494013,87
3571,2,5706,2826,2880,0,0,0,1.0,1,1.0,1,1.0,1,0.209408236055824,86
3572,2,5708,2827,2881,0,0,0,1.0,1,1.0,1,1.0,1,0.20483319094379362,87
3573,4,5712,2829,2883,0,0,0,1.0,1,1.0,1,1.0,1,0.19045759085720412,87
3574,2,5714,2831,2883,0,0,0,1.0,1,1.0,1,1.0,1,0.20559615333079748,88
3575,2,5716,2831,2885,0,0,0,1.0,1,1.0,1,1.0,1,0.19082268994537768,88
3576,1,5717,2832,2885,0,0,0,1.0,1,1.0,1,1.0,1,0.1803636560944381,90
3577,1,5718,2832,2886,0,0,0,1.0,1,1.0,1,1.0,1,0.1679119898938665,90
3578,1,5719,2833,2886,0,0,0,1.0,1,1.0,1,1.0,1,0.1766808019601897,91
3579,3,5722,2835,2887,0,0,0,1.0,1,1.0,1,1.0,1,0.17644824702760903,91
3580,2,5724,2835,2889,0,0,0,1.0,1,1.0,1,1.0,1,0.19160146329103686,91
3581,3,5727,2836,2891,0,0,0,1.0,1,1.0,1,1.0,1,0.17439190741776237,91
3582,3,5730,2836,2894,0,0,0,1.0,1,1.0,1,1.0,1,0.15640290261817638,92
3583,2,5732,2836,2896,0,0,0,1.0,1,1.0,1,1.0,1,0.14854522410338364,88
3584,2,5734,2837,2897,0,0,0,1.0,1,1.0,1,1.0,1,0.13805774064976806,87
3585,2,5736,2839,2897,0,0,0,1.0,1,1.0,1,1.0,1,0.15810629631132675,84
3586,4,5740,2842,2898,0,0,0,1.0,1,1.0,1,1.0,1,0.1527833021189599,83
3587,1,5741,2842,2899,0,0,0,1.0,1,1.0,1,1.0,1,0.14488014183561165,82
3588,2,5743,2844,2899,0,0,0,1.0,1,1.0,1,1.0,1,0.15207610762258866,81
3589,6,5749,2849,2900,0,0,0,1.0,1,1.0,1,1.0,1,0.1802786277982187,80
3590,3,5752,2851,2901,0,0,0,1.0,1,1.0,1,1.0,1,0.2077055157391508,78
3591,3,5755,2852,2903,0,0,0,1.0,1,1.0,1,1.0,1,0.19235687020071837,77
3592,1,5756,2853,2903,0,0,0,1.0,1,1.0,1,1.0,1,0.22259554858148395,75
3593,7,5763,2855,2908,0,0,0,1.0,1,1.0,1,1.0,1,0.16216960114936113,76
3594,1,5764,2856,2908,0,0,0,1.0,1,1.0,1,1.0,1,0.1689690935377341,74
3595,2,5766,2858,2908,0,0,0,1.0,1,1.0,1,1.0,1,0.1836393717598262,74
3596,1,5767,2859,2908,0,0,0,1.0,1,1.0,1,1.0,1,0.18918226764844334,73
3597,4,5771,2861,2910,0,0,0,1.0,1,1.0,1,1.0,1,0.18333671467025517,73
3598,2,5773,2862,2911,0,0,0,1.0,1,1.0,1,1.0,1,0.18052892273157323,73
3599,3,5776,2864,2912,0,0,0,1.0,1,1.0,1,1.0,1,0.19392018582870163,73
3600,1,5777,2864,2913,0,0,0,1.0,1,1.0,1,1.0,1,0.18724206850812025,74
3601,4,5781,2865,2916,0,0,0,1.0,1,1.0,1,1.0,1,0.17542640770573814,75
3602,1,5782,2865,2917,0,0,0,1.0,1,1.0,1,1.0,1,0.14777734100940607,76
3603,1,5783,2866,2917,0,0,0,1.0,1,1.0,1,1.0,1,0.16135806608808556,77
3604,2,5785,2867,2918,0,0,0,1.0,1,1.0,1,1.0,1,0.167157299364338,78
3605,2,5787,2867,2920,0,0,0,1.0,1,1.0,1,1.0,1,0.1386144081540124,77
3606,0,5787,2867,2920,0,0,0,1.0,1,1.0,1,1.0,1,0.1338009691464795,79
3607,0,5787,2867,2920,0,0,0,1.0,1,1.0,1,1.0,1,0.1338009691464795,79
3608,0,5787,2867,2920,0,0,0,1.0,1,1.0,1,1.0,1,0.1338009691464795,79
3609,0,5787,2867,2920,0,0,0,1.0,1,1.0,1,1.0,1,0.1338009691464795,79
3610,2,5789,2869,2920,0,0,0,1.0,1,1.0,1,1.0,1,0.15521862333129333,80
3611,2,5791,2870,2921,0,0,0,1.0,1,1.0,1,1.0,1,0.13901407007920372,80
3612,2,5793,2871,2922,0,0,0,1.0,1,1.0,1,1.0,1,0.14341828200158277,79
3613,3,5796,2873,2923,0,0,0,1.0,1,1.0,1,1.0,1,0.16577623657230123,79
3614,6,5802,2876,2926,0,0,0,1.0,1,1.0,1,1.0,1,0.14105073166498316,78
3615,0,5802,2876,2926,0,0,0,1.0,1,1.0,1,1.0,1,0.1308496122691828,79
3616,1,5803,2877,2926,0,0,0,1.0,1,1.0,1,1.0,1,0.14217244595434142,79
3617,4,5807,2879,2928,0,0,0,1.0,1,1.0,1,1.0,1,0.12810774422486237,80
3618,1,5808,2879,2929,0,0,0,1.0,1,1.0,1,1.0,1,0.14692987399332233,82
3619,2,5810,2880,2930,0,0,0,1.0,1,1.0,1,1.0,1,0.15873936879704156,82
3620,3,5813,2882,2931,0,0,0,1.0,1,1.0,1,1.0,1,0.17063539363619168,81
3621,3,5816,2883,2933,0,0,0,1.0,1,1.0,1,1.0,1,0.1534165286056305,83
3622,1,5817,2884,2933,0,0,0,1.0,1,1.0,1,1.0,1,0.1728463305688037,81
3623,3,5820,2887,2933,0,0,0,1.0,1,1.0,1,1.0,1,0.22231911086968228,81
3624,2,5822,2888,2934,0,0,0,1.0,1,1.0,1,1.0,1,0.22448119344205883,79
3625,9,5831,2891,2940,0,0,0,1.0,1,1.0,1,1.0,1,0.22289834858666988,80
3626,1,5832,2891,2941,0,0,0,1.0,1,1.0,1,1.0,1,0.19110590244704675,78
3627,2,5834,2891,2943,0,0,0,1.0,1,1.0,1,1.0,1,0.1835435117026771,78
3628,1,5835,2892,2943,0,0,0,1.0,1,1.0,1,1.0,1,0.17348281316066555,77
3629,1,5836,2892,2944,0,0,0,1.0,1,1.0,1,1.0,1,0.16298655253046002,76
3630,1,5837,2892,2945,0,0,0,1.0,1,1.0,1,1.0,1,0.15320917726915886,77
3631,1,5838,2893,2945,0,0,0,1.0,1,1.0,1,1.0,1,0.15584964280350677,75
3632,1,5839,2894,2945,0,0,0,1.0,1,1.0,1,1.0,1,0.16825589053885703,74
3633,6,5845,2896,2949,0,0,0,1.0,1,1.0,1,1.0,1,0.14326557040082868,75
3634,2,5847,2897,2950,0,0,0,1.0,1,1.0,1,1.0,1,0.1409962395550355,74
3635,1,5848,2898,2950,0,0,0,1.0,1,1.0,1,1.0,1,0.14502605477945,74
3636,1,5849,2898,2951,0,0,0,1.0,1,1.0,1,1.0,1,0.14070317823482503,74
3637,3,5852,2898,2954,0,0,0,1.0,1,1.0,1,1.0,1,0.11121843148669024,74
3638,0,5852,2898,2954,0,0,0,1.0,1,1.0,1,1.0,1,0.12032405768136388,75
3639,3,5855,2901,2954,0,0,0,1.0,1,1.0,1,1.0,1,0.13921501869309802,76
3640,1,5856,2901,2955,0,0,0,1.0,1,1.0,1,1.0,1,0.1339697949649743,76
3641,4,5860,2903,2957,0,0,0,1.0,1,1.0,1,1.0,1,0.1560151837204661,75
3642,3,5863,2905,2958,0,0,0,1.0,1,1.0,1,1.0,1,0.19097446980516822,75
3643,0,5863,2905,2958,0,0,0,1.0,1,1.0,1,1.0,1,0.18134022469446098,74
3644,1,5864,2906,2958,0,0,0,1.0,1,1.0,1,1.0,1,0.1764255581085595,74
3645,2,5866,2906,2960,0,0,0,1.0,1,1.0,1,1.0,1,0.15791153488252566,74
3646,0,5866,2906,2960,0,0,0,1.0,1,1.0,1,1.0,1,0.14941286748866472,75
3647,1,5867,2906,2961,0,0,0,1.0,1,1.0,1,1.0,1,0.13415164446359798,77
3648,0,5867,2906,2961,0,0,0,1.0,1,1.0,1,1.0,1,0.14513772141146308,78
3649,1,5868,2906,2962,0,0,0,1.0,1,1.0,1,1.0,1,0.15080028116008723,80
3650,2,5870,2907,2963,0,0,0,1.0,1,1.0,1,1.0,1,0.16286875727462305,81
3651,1,5871,2907,2964,0,0,0,1.0,1,1.0,1,1.0,1,0.1475758219813257,81
3652,3,5874,2908,2966,0,0,0,1.0,1,1.0,1,1.0,1,0.15462689368460011,83
3653,2,5876,2908,2968,0,0,0,1.0,1,1.0,1,1.0,1,0.13516252019939953,83
3654,0,5876,2908,2968,0,0,0,1.0,1,1.0,1,1.0,1,0.13516252019939953,83
3655,0,5876,2908,2968,0,0,0,1.0,1,1.0,1,1.0,1,0.12615782653875118,84
3656,1,5877,2908,2969,0,0,0,1.0,1,1.0,1,1.0,1,0.12460799549977783,85
3657,1,5878,2909,2969,0,0,0,1.0,1,1.0,1,1.0,1,0.13432988723519088,86
3658,3,5881,2911,2970,0,0,0,1.0,1,1.0,1,1.0,1,0.16399816079450696,87
3659,0,5881,2911,2970,0,0,0,1.0,1,1.0,1,1.0,1,0.18015386817941081,87
3660,0,5881,2911,2970,0,0,0,1.0,1,1.0,1,1.0,1,0.19137970367282217,86
3661,2,5883,2912,2971,0,0,0,1.0,1,1.0,1,1.0,1,0.1823322461774103,86
3662,1,5884,2912,2972,0,0,0,1.0,1,1.0,1,1.0,1,0.17839382835506526,83
3663,5,5889,2916,2973,0,0,0,1.0,1,1.0,1,1.0,1,0.2304844664475212,85
3664,0,5889,2916,2973,0,0,0,1.0,1,1.0,1,1.0,1,0.22811060701591035,82
3665,4,5893,2916,2977,0,0,0,1.0,1,1.0,1,1.0,1,0.18369316467891725,81
3666,2,5895,2918,2977,0,0,0,1.0,1,1.0,1,1.0,1,0.2059375206160769,79
3667,0,5895,2918,2977,0,0,0,1.0,1,1.0,1,1.0,1,0.20850884913674847,79
3668,2,5897,2920,2977,0,0,0,1.0,1,1.0,1,1.0,1,0.18965223178824453,77
3669,3,5900,2922,2978,0,0,0,1.0,1,1.0,1,1.0,1,0.1795676612203577,75
3670,5,5905,2925,2980,0,0,0,1.0,1,1.0,1,1.0,1,0.18538923512841676,76
3671,2,5907,2926,2981,0,0,0,1.0,1,1.0,1,1.0,1,0.16248791146814687,74
3672,1,5908,2927,2981,0,0,0,1.0,1,1.0,1,1.0,1,0.17419479680581293,75
3673,2,5910,2927,2983,0,0,0,1.0,1,1.0,1,1.0,1,0.15352378668977446,75
3674,2,5912,2929,2983,0,0,0,1.0,1,1.0,1,1.0,1,0.1654396598503937,75
3675,0,5912,2929,2983,0,0,0,1.0,1,1.0,1,1.0,1,0.16795504555396445,75
3676,2,5914,2930,2984,0,0,0,1.0,1,1.0,1,1.0,1,0.17648295343797502,75
3677,1,5915,2930,2985,0,0,0,1.0,1,1.0,1,1.0,1,0.174350135264353,75
3678,0,5915,2930,2985,0,0,0,1.0,1,1.0,1,1.0,1,0.1872317119632373,77
3679,1,5916,2931,2985,0,0,0,1.0,1,1.0,1,1.0,1,0.2088160343527504,78
3680,3,5919,2931,2988,0,0,0,1.0,1,1.0,1,1.0,1,0.19755879634807597,80
3681,3,5922,2931,2991,0,0,0,1.0,1,1.0,1,1.0,1,0.19405392780446049,81
3682,0,5922,2931,2991,0,0,0,1.0,1,1.0,1,1.0,1,0.19405392780446049,81
3683,2,5924,2932,2992,0,0,0,1.0,1,1.0,1,1.0,1,0.20328863852159493,81
3684,0,5924,2932,2992,0,0,0,1.0,1,1.0,1,1.0,1,0.20328863852159493,81
3685,0,5924,2932,2992,0,0,0,1.0,1,1.0,1,1.0,1,0.20328863852159493,81
3686,0,5924,2932,2992,0,0,0,1.0,1,1.0,1,1.0,1,0.20328863852159493,81
3687,1,5925,2932,2993,0,0,0,1.0,1,1.0,1,1.0,1,0.18991645550593592,82
3688,2,5927,2932,2995,0,0,0,1.0,1,1.0,1,1.0,1,0.1871376824158764,84
3689,1,5928,2932,2996,0,0,0,1.0,1,1.0,1,1.0,1,0.18377152171817626,84
3690,0,5928,2932,2996,0,0,0,1.0,1,1.0,1,1.0,1,0.19297417956406543,85
3691,0,5928,2932,2996,0,0,0,1.0,1,1.0,1,1.0,1,0.18984437089474088,86
3692,0,5928,2932,2996,0,0,0,1.0,1,1.0,1,1.0,1,0.18786182996806708,86
3693,1,5929,2932,2997,0,0,0,1.0,1,1.0,1,1.0,1,0.18473279982992563,86
3694,0,5929,2932,2997,0,0,0,1.0,1,1.0,1,1.0,1,0.18473279982992563,86
3695,2,5931,2934,2997,0,0,0,1.0,1,1.0,1,1.0,1,0.2232984704258075,86
3696,3,5934,2934,3000,0,0,0,1.0,1,1.0,1,1.0,1,0.18026974581703636,87
3697,2,5936,2935,3001,0,0,0,1.0,1,1.0,1,1.0,1,0.16514797428393163,85
3698,1,5937,2936,3001,0,0,0,1.0,1,1.0,1,1.0,1,0.16886409232575617,85
3699,1,5938,2937,3001,0,0,0,1.0,1,1.0,1,1.0,1,0.16268267474625203,85
3700,2,5940,2939,3001,0,0,0,1.0,1,1.0,1,1.0,1,0.18059987475752412,84
3701,1,5941,2939,3002,0,0,0,1.0,1,1.0,1,1.0,1,0.1707164277595025,85
3702,3,5944,2941,3003,0,0,0,1.0,1,1.0,1,1.0,1,0.1753991117498131,85
3703,1,5945,2941,3004,0,0,0,1.0,1,1.0,1,1.0,1,0.1635063262404449,85
3704,3,5948,2943,3005,0,0,0,1.0,1,1.0,1,1.0,1,0.1801332323731411,85
3705,0,5948,2943,3005,0,0,0,1.0,1,1.0,1,1.0,1,0.17172303945670123,86
3706,1,5949,2944,3005,0,0,0,1.0,1,1.0,1,1.0,1,0.1779036922121642,86
3707,1,5950,2945,3005,0,0,0,1.0,1,1.0,1,1.0,1,0.1849434563821825,85
3708,2,5952,2945,3007,0,0,0,1.0,1,1.0,1,1.0,1,0.16251576611764687,84
3709,1,5953,2945,3008,0,0,0,1.0,1,1.0,1,1.0,1,0.1582633319807324,85
3710,0,5953,2945,3008,0,0,0,1.0,1,1.0,1,1.0,1,0.15308480928102616,84
3711,0,5953,2945,3008,0,0,0,1.0,1,1.0,1,1.0,1,0.15683514831060563,85
3712,1,5954,2946,3008,0,0,0,1.0,1,1.0,1,1.0,1,0.15032700146442626,85
3713,0,5954,2946,3008,0,0,0,1.0,1,1.0,1,1.0,1,0.15032700146442626,85
3714,3,5957,2947,3010,0,0,0,1.0,1,1.0,1,1.0,1,0.16218979963239394,85
3715,1,5958,2948,3010,0,0,0,1.0,1,1.0,1,1.0,1,0.16025613439240613,85
3716,1,5959,2949,3010,0,0,0,1.0,1,1.0,1,1.0,1,0.1640097031972393,84
3717,1,5960,2949,3011,0,0,0,1.0,1,1.0,1,1.0,1,0.1647371525542219,86
3718,0,5960,2949,3011,0,0,0,1.0,1,1.0,1,1.0,1,0.17593111472902495,85
3719,2,5962,2950,3012,0,0,0,1.0,1,1.0,1,1.0,1,0.17911921107767886,84
3720,0,5962,2950,3012,0,0,0,1.0,1,1.0,1,1.0,1,0.19844477387894494,84
3721,7,5969,2954,3015,0,0,0,1.0,1,1.0,1,1.0,1,0.18841418476934568,85
3722,2,5971,2954,3017,0,0,0,1.0,1,1.0,1,1.0,1,0.1770141729654909,85
3723,0,5971,2954,3017,0,0,0,1.0,1,1.0,1,1.0,1,0.1910790792180069,85
3724,1,5972,2954,3018,0,0,0,1.0,1,1.0,1,1.0,1,0.17129632697148856,86
3725,2,5974,2956,3018,0,0,0,1.0,1,1.0,1,1.0,1,0.16723725918162557,86
3726,0,5974,2956,3018,0,0,0,1.0,1,1.0,1,1.0,1,0.16723725918162557,86
3727,0,5974,2956,3018,0,0,0,1.0,1,1.0,1,1.0,1,0.16723725918162557,86
3728,1,5975,2957,3018,0,0,0,1.0,1,1.0,1,1.0,1,0.19294766735572452,86
3729,3,5978,2957,3021,0,0,0,1.0,1,1.0,1,1.0,1,0.16722320464396806,86
3730,0,5978,2957,3021,0,0,0,1.0,1,1.0,1,1.0,1,0.1760482333030371,85
3731,0,5978,2957,3021,0,0,0,1.0,1,1.0,1,1.0,1,0.1868832231502664,86
3732,2,5980,2958,3022,0,0,0,1.0,1,1.0,1,1.0,1,0.1847749719113983,87
3733,1,5981,2959,3022,0,0,0,1.0,1,1.0,1,1.0,1,0.19414113096116206,87
3734,0,5981,2959,3022,0,0,0,1.0,1,1.0,1,1.0,1,0.19414113096116206,87
3735,4,5985,2961,3024,0,0,0,1.0,1,1.0,1,1.0,1,0.2213571569246848,86
3736,0,5985,2961,3024,0,0,0,1.0,1,1.0,1,1.0,1,0.20306963117911672,87
3737,4,5989,2961,3028,0,0,0,1.0,1,1.0,1,1.0,1,0.174491106788628,87
3738,1,5990,2961,3029,0,0,0,1.0,1,1.0,1,1.0,1,0.17982416936984158,87
3739,2,5992,2961,3031,0,0,0,1.0,1,1.0,1,1.0,1,0.16838599778407237,88
3740,2,5994,2963,3031,0,0,0,1.0,1,1.0,1,1.0,1,0.19911311092207837,87
3741,5,5999,2963,3036,0,0,0,1.0,1,1.0,1,1.0,1,0.175249102056059,87
3742,1,6000,2964,3036,0,0,0,1.0,1,1.0,1,1.0,1,0.1876617250360431,86
3743,1,6001,2965,3036,0,0,0,1.0,1,1.0,1,1.0,1,0.1992729019977254,84
3744,2,6003,2967,3036,0,0,0,1.0,1,1.0,1,1.0,1,0.2201178258129215,83
3745,6,6009,2967,3042,0,0,0,1.0,1,1.0,1,1.0,1,0.1549850655059434,83
3746,1,6010,2968,3042,0,0,0,1.0,1,1.0,1,1.0,1,0.18904701312986877,83
3747,2,6012,2968,3044,0,0,0,1.0,1,1.0,1,1.0,1,0.170181704760091,81
3748,1,6013,2968,3045,0,0,0,1.0,1,1.0,1,1.0,1,0.17073574077882242,81
3749,3,6016,2968,3048,0,0,0,1.0,1,1.0,1,1.0,1,0.15560601871491278,80
3750,0,6016,2968,3048,0,0,0,1.0,1,1.0,1,1.0,1,0.1578053187809761,79
3751,3,6019,2971,3048,0,0,0,1.0,1,1.0,1,1.0,1,0.1809388543825837,80
3752,3,6022,2973,3049,0,0,0,1.0,1,1.0,1,1.0,1,0.1953756513080646,80
3753,4,6026,2976,3050,0,0,0,1.0,1,1.0,1,1.0,1,0.19991906518626204,81
3754,1,6027,2977,3050,0,0,0,1.0,1,1.0,1,1.0,1,0.23146074543813613,81
3755,2,6029,2977,3052,0,0,0,1.0,1,1.0,1,1.0,1,0.22627795399301304,80
3756,2,6031,2978,3053,0,0,0,1.0,1,1.0,1,1.0,1,0.23501735791869896,79
3757,4,6035,2978,3057,0,0,0,1.0,1,1.0,1,1.0,1,0.20530430983595532,80
3758,0,6035,2978,3057,0,0,0,1.0,1,1.0,1,1.0,1,0.212630961345718,79
3759,1,6036,2979,3057,0,0,0,1.0,1,1.0,1,1.0,1,0.2283663318614109,79
3760,0,6036,2979,3057,0,0,0,1.0,1,1.0,1,1.0,1,0.2283663318614109,79
3761,1,6037,2979,3058,0,0,0,1.0,1,1.0,1,1.0,1,0.23309084988418274,78
3762,2,6039,2979,3060,0,0,0,1.0,1,1.0,1,1.0,1,0.22004505677298075,80
3763,0,6039,2979,3060,0,0,0,1.0,1,1.0,1,1.0,1,0.22004505677298075,80
3764,3,6042,2981,3061,0,0,0,1.0,1,1.0,1,1.0,1,0.23983838100023377,80
3765,2,6044,2981,3063,0,0,0,1.0,1,1.0,1,1.0,1,0.23041841558689513,81
3766,4,6048,2982,3066,0,0,0,1.0,1,1.0,1,1.0,1,0.2320489815582968,83
3767,1,6049,2983,3066,0,0,0,1.0,1,1.0,1,1.0,1,0.22455886671401798,83
3768,2,6051,2984,3067,0,0,0,1.0,1,1.0,1,1.0,1,0.21863049957405079,84
3769,1,6052,2984,3068,0,0,0,1.0,1,1.0,1,1.0,1,0.19631638427942813,86
3770,2,6054,2984,3070,0,0,0,1.0,1,1.0,1,1.0,1,0.19321050885166305,87
3771,2,6056,2985,3071,0,0,0,1.0,1,1.0,1,1.0,1,0.19005274620329077,87
3772,4,6060,2985,3075,0,0,0,1.0,1,1.0,1,1.0,1,0.17214304065540656,88
3773,1,6061,2985,3076,0,0,0,1.0,1,1.0,1,1.0,1,0.17889648017852866,85
3774,2,6063,2986,3077,0,0,0,1.0,1,1.0,1,1.0,1,0.1780876583802477,85
3775,2,6065,2987,3078,0,0,0,1.0,1,1.0,1,1.0,1,0.20138758584174785,83
3776,1,6066,2988,3078,0,0,0,1.0,1,1.0,1,1.0,1,0.21209591787710802,82
3777,5,6071,2989,3082,0,0,0,1.0,1,1.0,1,1.0,1,0.18253557664831865,81
3778,1,6072,2989,3083,0,0,0,1.0,1,1.0,1,1.0,1,0.18231610995885478,81
3779,2,6074,2991,3083,0,0,0,1.0,1,1.0,1,1.0,1,0.2136230806825757,80
3780,1,6075,2991,3084,0,0,0,1.0,1,1.0,1,1.0,1,0.20752469617857539,80
3781,2,6077,2991,3086,0,0,0,1.0,1,1.0,1,1.0,1,0.19598236091301588,80
3782,2,6079,2992,3087,0,0,0,1.0,1,1.0,1,1.0,1,0.20086448747155947,80
3783,1,6080,2993,3087,0,0,0,1.0,1,1.0,1,1.0,1,0.20762068077643675,80
3784,1,6081,2993,3088,0,0,0,1.0,1,1.0,1,1.0,1,0.19893934485975723,79
3785,3,6084,2993,3091,0,0,0,1.0,1,1.0,1,1.0,1,0.1822085053002622,77
3786,1,6085,2994,3091,0,0,0,1.0,1,1.0,1,1.0,1,0.17617881740820632,78
3787,1,6086,2995,3091,0,0,0,1.0,1,1.0,1,1.0,1,0.16798257214210338,77
3788,0,6086,2995,3091,0,0,0,1.0,1,1.0,1,1.0,1,0.17499595067652385,78
3789,3,6089,2996,3093,0,0,0,1.0,1,1.0,1,1.0,1,0.17670618225361212,77
3790,1,6090,2997,3093,0,0,0,1.0,1,1.0,1,1.0,1,0.19383128720068768,77
3791,1,6091,2998,3093,0,0,0,1.0,1,1.0,1,1.0,1,0.1985461540119071,77
3792,1,6092,2998,3094,0,0,0,1.0,1,1.0,1,1.0,1,0.1772019056175499,78
3793,3,6095,2999,3096,0,0,0,1.0,1,1.0,1,1.0,1,0.1844961498200592,80
3794,5,6100,3000,3100,0,0,0,1.0,1,1.0,1,1.0,1,0.14024606606791892,82
3795,1,6101,3000,3101,0,0,0,1.0,1,1.0,1,1.0,1,0.1481944829175884,83
3796,1,6102,3001,3101,0,0,0,1.0,1,1.0,1,1.0,1,0.1425827534615729,83
3797,2,6104,3001,3103,0,0,0,1.0,1,1.0,1,1.0,1,0.14248476335728563,82
3798,0,6104,3001,3103,0,0,0,1.0,1,1.0,1,1.0,1,0.14591064093709752,82
3799,0,6104,3001,3103,0,0,0,1.0,1,1.0,1,1.0,1,0.15133377141609716,83
3800,1,6105,3002,3103,0,0,0,1.0,1,1.0,1,1.0,1,0.18032667126066504,83
3801,3,6108,3003,3105,0,0,0,1.0,1,1.0,1,1.0,1,0.16739940911035422,83
3802,0,6108,3003,3105,0,0,0,1.0,1,1.0,1,1.0,1,0.18029141526613596,82
3803,0,6108,3003,3105,0,0,0,1.0,1,1.0,1,1.0,1,0.18290526865223988,84
3804,0,6108,3003,3105,0,0,0,1.0,1,1.0,1,1.0,1,0.18290526865223988,84
3805,7,6115,3004,3111,0,0,0,1.0,1,1.0,1,1.0,1,0.17449344267843045,86
3806,1,6116,3004,3112,0,0,0,1.0,1,1.0,1,1.0,1,0.1689547418933397,86
3807,1,6117,3005,3112,0,0,0,1.0,1,1.0,1,1.0,1,0.18323561814776068,86
3808,1,6118,3006,3112,0,0,0,1.0,1,1.0,1,1.0,1,0.17646923057895594,85
3809,3,6121,3007,3114,0,0,0,1.0,1,1.0,1,1.0,1,0.1799040161498927,85
3810,1,6122,3007,3115,0,0,0,1.0,1,1.0,1,1.0,1,0.17310219631506618,85
3811,1,6123,3008,3115,0,0,0,1.0,1,1.0,1,1.0,1,0.18209029975499658,84
3812,0,6123,3008,3115,0,0,0,1.0,1,1.0,1,1.0,1,0.1783516034189035,83
3813,0,6123,3008,3115,0,0,0,1.0,1,1.0,1,1.0,1,0.16695741680597626,82
3814,2,6125,3010,3115,0,0,0,1.0,1,1.0,1,1.0,1,0.1870213192336248,81
3815,2,6127,3010,3117,0,0,0,1.0,1,1.0,1,1.0,1,0.1692768060869371,82
3816,2,6129,3011,3118,0,0,0,1.0,1,1.0,1,1.0,1,0.1619292766244291,81
3817,1,6130,3011,3119,0,0,0,1.0,1,1.0,1,1.0,1,0.15278809475250976,81
3818,3,6133,3013,3120,0,0,0,1.0,1,1.0,1,1.0,1,0.1945263417526085,81
3819,3,6136,3014,3122,0,0,0,1.0,1,1.0,1,1.0,1,0.20357573187237565,82
3820,2,6138,3014,3124,0,0,0,1.0,1,1.0,1,1.0,1,0.19392902908937512,84
3821,3,6141,3015,3126,0,0,0,1.0,1,1.0,1,1.0,1,0.20926667932802423,84
3822,0,6141,3015,3126,0,0,0,1.0,1,1.0,1,1.0,1,0.1891500995078067,82
3823,3,6144,3018,3126,0,0,0,1.0,1,1.0,1,1.0,1,0.18200818126629556,81
3824,0,6144,3018,3126,0,0,0,1.0,1,1.0,1,1.0,1,0.19789676963053643,78
3825,6,6150,3018,3132,0,0,0,1.0,1,1.0,1,1.0,1,0.16993879800799747,76
3826,1,6151,3019,3132,0,0,0,1.0,1,1.0,1,1.0,1,0.20631011141529781,76
3827,0,6151,3019,3132,0,0,0,1.0,1,1.0,1,1.0,1,0.19497479881182447,75
3828,1,6152,3020,3132,0,0,0,1.0,1,1.0,1,1.0,1,0.19451522705376206,74
3829,3,6155,3021,3134,0,0,0,1.0,1,1.0,1,1.0,1,0.20300133815769528,74
3830,0,6155,3021,3134,0,0,0,1.0,1,1.0,1,1.0,1,0.20300133815769528,74
3831,2,6157,3023,3134,0,0,0,1.0,1,1.0,1,1.0,1,0.23769748109238342,74
3832,2,6159,3023,3136,0,0,0,1.0,1,1.0,1,1.0,1,0.23213088139705293,73
3833,5,6164,3026,3138,0,0,0,1.0,1,1.0,1,1.0,1,0.22436224415006692,73
3834,0,6164,3026,3138,0,0,0,1.0,1,1.0,1,1.0,1,0.2230632748923395,74
3835,2,6166,3027,3139,0,0,0,1.0,1,1.0,1,1.0,1,0.2401348093347429,75
3836,1,6167,3027,3140,0,0,0,1.0,1,1.0,1,1.0,1,0.23133265638250275,75
3837,4,6171,3028,3143,0,0,0,1.0,1,1.0,1,1.0,1,0.2342062176766759,78
3838,1,6172,3029,3143,0,0,0,1.0,1,1.0,1,1.0,1,0.23689318047456906,78
3839,1,6173,3029,3144,0,0,0,1.0,1,1.0,1,1.0,1,0.23479177490917258,79
3840,5,6178,3030,3148,0,0,0,1.0,1,1.0,1,1.0,1,0.21952853266834177,82
3841,2,6180,3030,3150,0,0,0,1.0,1,1.0,1,1.0,1,0.20457763978593468,82
3842,0,6180,3030,3150,0,0,0,1.0,1,1.0,1,1.0,1,0.2024957735885439,82
3843,1,6181,3030,3151,0,0,0,1.0,1,1.0,1,1.0,1,0.19062353086222766,82
3844,1,6182,3031,3151,0,0,0,1.0,1,1.0,1,1.0,1,0.1961890323881227,83
3845,3,6185,3031,3154,0,0,0,1.0,1,1.0,1,1.0,1,0.18985795066999964,84
3846,1,6186,3031,3155,0,0,0,1.0,1,1.0,1,1.0,1,0.18548320893128664,85
3847,0,6186,3031,3155,0,0,0,1.0,1,1.0,1,1.0,1,0.1975021897152979,84
3848,1,6187,3032,3155,0,0,0,1.0,1,1.0,1,1.0,1,0.2136243776381179,84
3849,2,6189,3032,3157,0,0,0,1.0,1,1.0,1,1.0,1,0.19024799248569274,83
3850,0,6189,3032,3157,0,0,0,1.0,1,1.0,1,1.0,1,0.20798663886108934,80
3851,1,6190,3032,3158,0,0,0,1.0,1,1.0,1,1.0,1,0.19928576128610992,80
3852,0,6190,3032,3158,0,0,0,1.0,1,1.0,1,1.0,1,0.22348410820554968,79
3853,2,6192,3033,3159,0,0,0,1.0,1,1.0,1,1.0,1,0.22711107802479288,79
3854,2,6194,3035,3159,0,0,0,1.0,1,1.0,1,1.0,1,0.2507570871655599,78
3855,2,6196,3036,3160,0,0,0,1.0,1,1.0,1,1.0,1,0.2584584853395396,78
3856,3,6199,3037,3162,0,0,0,1.0,1,1.0,1,1.0,1,0.2721220918038414,80
3857,6,6205,3038,3167,0,0,0,1.0,1,1.0,1,1.0,1,0.2371980610559182,81
3858,1,6206,3039,3167,0,0,0,1.0,1,1.0,1,1.0,1,0.24681524218007017,81
3859,2,6208,3039,3169,0,0,0,1.0,1,1.0,1,1.0,1,0.23133246862268547,83
3860,2,6210,3040,3170,0,0,0,1.0,1,1.0,1,1.0,1,0.24611652904560005,82
3861,4,6214,3041,3173,0,0,0,1.0,1,1.0,1,1.0,1,0.25593006955298464,84
3862,2,6216,3042,3174,0,0,0,1.0,1,1.0,1,1.0,1,0.26151013706102383,85
3863,1,6217,3042,3175,0,0,0,1.0,1,1.0,1,1.0,1,0.24636410492479063,84
3864,1,6218,3043,3175,0,0,0,1.0,1,1.0,1,1.0,1,0.24332071616108816,83
3865,1,6219,3044,3175,0,0,0,1.0,1,1.0,1,1.0,1,0.24382408832806512,82
3866,1,6220,3045,3175,0,0,0,1.0,1,1.0,1,1.0,1,0.24458261530040798,81
3867,6,6226,3049,3177,0,0,0,1.0,1,1.0,1,1.0,1,0.22580717748154194,81
3868,1,6227,3050,3177,0,0,0,1.0,1,1.0,1,1.0,1,0.23024786645860174,81
3869,4,6231,3052,3179,0,0,0,1.0,1,1.0,1,1.0,1,0.23355074660404618,81
3870,0,6231,3052,3179,0,0,0,1.0,1,1.0,1,1.0,1,0.20767392352501615,80
3871,1,6232,3053,3179,0,0,0,1.0,1,1.0,1,1.0,1,0.21685391152305425,82
3872,3,6235,3054,3181,0,0,0,1.0,1,1.0,1,1.0,1,0.20453855258857623,81
3873,0,6235,3054,3181,0,0,0,1.0,1,1.0,1,1.0,1,0.20453855258857623,81
3874,1,6236,3054,3182,0,0,0,1.0,1,1.0,1,1.0,1,0.19546240446421448,78
3875,0,6236,3054,3182,0,0,0,1.0,1,1.0,1,1.0,1,0.1949405036367014,77
3876,2,6238,3055,3183,0,0,0,1.0,1,1.0,1,1.0,1,0.17835780402228477,78
3877,1,6239,3055,3184,0,0,0,1.0,1,1.0,1,1.0,1,0.18927767908221985,75
3878,2,6241,3057,3184,0,0,0,1.0,1,1.0,1,1.0,1,0.18563228275440097,75
3879,0,6241,3057,3184,0,0,0,1.0,1,1.0,1,1.0,1,0.20288425262317525,73
3880,0,6241,3057,3184,0,0,0,1.0,1,1.0,1,1.0,1,0.2023518460506429,74
3881,4,6245,3058,3187,0,0,0,1.0,1,1.0,1,1.0,1,0.19089733770082523,75
3882,1,6246,3058,3188,0,0,0,1.0,1,1.0,1,1.0,1,0.1896376432229305,76
3883,1,6247,3058,3189,0,0,0,1.0,1,1.0,1,1.0,1,0.1794202233482848,77
3884,2,6249,3058,3191,0,0,0,1.0,1,1.0,1,1.0,1,0.17010381763092414,78
3885,5,6254,3058,3196,0,0,0,1.0,1,1.0,1,1.0,1,0.12771852738199949,78
3886,2,6256,3059,3197,0,0,0,1.0,1,1.0,1,1.0,1,0.1342930498539386,79
3887,2,6258,3061,3197,0,0,0,1.0,1,1.0,1,1.0,1,0.15258681007084937,78
3888,3,6261,3062,3199,0,0,0,1.0,1,1.0,1,1.0,1,0.17614284585648118,80
3889,4,6265,3062,3203,0,0,0,1.0,1,1.0,1,1.0,1,0.14377620606045888,82
3890,3,6268,3064,3204,0,0,0,1.0,1,1.0,1,1.0,1,0.1460091544952798,82
3891,3,6271,3067,3204,0,0,0,1.0,1,1.0,1,1.0,1,0.16160175722939804,85
3892,3,6274,3068,3206,0,0,0,1.0,1,1.0,1,1.0,1,0.17150681858793174,87
3893,4,6278,3068,3210,0,0,0,1.0,1,1.0,1,1.0,1,0.13402117414077244,86
3894,0,6278,3068,3210,0,0,0,1.0,1,1.0,1,1.0,1,0.13984768894355118,87
3895,2,6280,3069,3211,0,0,0,1.0,1,1.0,1,1.0,1,0.1403874394197941,87
3896,2,6282,3070,3212,0,0,0,1.0,1,1.0,1,1.0,1,0.15670639563362737,85
3897,3,6285,3072,3213,0,0,0,1.0,1,1.0,1,1.0,1,0.16169255474443123,85
3898,1,6286,3073,3213,0,0,0,1.0,1,1.0,1,1.0,1,0.16926082822814273,86
3899,1,6287,3074,3213,0,0,0,1.0,1,1.0,1,1.0,1,0.16927925093131177,86
3900,2,6289,3075,3214,0,0,0,1.0,1,1.0,1,1.0,1,0.18413421715308248,86
3901,2,6291,3077,3214,0,0,0,1.0,1,1.0,1,1.0,1,0.19261235742449456,86
3902,1,6292,3078,3214,0,0,0,1.0,1,1.0,1,1.0,1,0.19169902127119534,87
3903,2,6294,3079,3215,0,0,0,1.0,1,1.0,1,1.0,1,0.19136639457774204,87
3904,3,6297,3081,3216,0,0,0,1.0,1,1.0,1,1.0,1,0.18894438527057128,85
3905,2,6299,3081,3218,0,0,0,1.0,1,1.0,1,1.0,1,0.17074243503391998,84
3906,3,6302,3082,3220,0,0,0,1.0,1,1.0,1,1.0,1,0.15393303368912717,86
3907,0,6302,3082,3220,0,0,0,1.0,1,1.0,1,1.0,1,0.14959278808056536,84
3908,0,6302,3082,3220,0,0,0,1.0,1,1.0,1,1.0,1,0.144911846954584,83
3909,4,6306,3084,3222,0,0,0,1.0,1,1.0,1,1.0,1,0.16348054331129158,81
3910,4,6310,3088,3222,0,0,0,1.0,1,1.0,1,1.0,1,0.18998504481632342,82
3911,1,6311,3088,3223,0,0,0,1.0,1,1.0,1,1.0,1,0.17570532773740305,81
3912,0,6311,3088,3223,0,0,0,1.0,1,1.0,1,1.0,1,0.1732571174794143,80
3913,9,6320,3091,3229,0,0,0,1.0,1,1.0,1,1.0,1,0.13080200999674538,80
3914,3,6323,3092,3231,0,0,0,1.0,1,1.0,1,1.0,1,0.136396527353677,81
3915,3,6326,3094,3232,0,0,0,1.0,1,1.0,1,1.0,1,0.15488728252273026,81
3916,2,6328,3095,3233,0,0,0,1.0,1,1.0,1,1.0,1,0.18494944525661125,81
3917,9,6337,3097,3240,0,0,0,1.0,1,1.0,1,1.0,1,0.12603064485606255,82
3918,6,6343,3099,3244,0,0,0,1.0,1,1.0,1,1.0,1,0.16100867910911534,85
3919,2,6345,3100,3245,0,0,0,1.0,1,1.0,1,1.0,1,0.18035158879603064,85
3920,5,6350,3101,3249,0,0,0,1.0,1,1.0,1,1.0,1,0.17286347021058404,85
3921,6,6356,3101,3255,0,0,0,1.0,1,1.0,1,1.0,1,0.13176879839715192,88
3922,1,6357,3101,3256,0,0,0,1.0,1,1.0,1,1.0,1,0.1294800435785614,88
3923,1,6358,3102,3256,0,0,0,1.0,1,1.0,1,1.0,1,0.1413462523750533,89
3924,1,6359,3102,3257,0,0,0,1.0,1,1.0,1,1.0,1,0.13418531960404032,90
3925,2,6361,3104,3257,0,0,0,1.0,1,1.0,1,1.0,1,0.13888543077847826,88
3926,2,6363,3105,3258,0,0,0,1.0,1,1.0,1,1.0,1,0.15327094955833429,89
3927,5,6368,3106,3262,0,0,0,1.0,1,1.0,1,1.0,1,0.14085168790345437,89
3928,0,6368,3106,3262,0,0,0,1.0,1,1.0,1,1.0,1,0.13616156812675276,88
3929,1,6369,3106,3263,0,0,0,1.0,1,1.0,1,1.0,1,0.12561153995494884,88
3930,0,6369,3106,3263,0,0,0,1.0,1,1.0,1,1.0,1,0.13341651696137627,87
3931,1,6370,3107,3263,0,0,0,1.0,1,1.0,1,1.0,1,0.13974611056285874,86
3932,1,6371,3108,3263,0,0,0,1.0,1,1.0,1,1.0,1,0.14772070092934306,85
3933,2,6373,3109,3264,0,0,0,1.0,1,1.0,1,1.0,1,0.1575323019240224,84
3934,2,6375,3110,3265,0,0,0,1.0,1,1.0,1,1.0,1,0.16692633062709697,85
3935,1,6376,3110,3266,0,0,0,1.0,1,1.0,1,1.0,1,0.1578620893846894,84
3936,0,6376,3110,3266,0,0,0,1.0,1,1.0,1,1.0,1,0.15657168001561256,84
3937,1,6377,3110,3267,0,0,0,1.0,1,1.0,1,1.0,1,0.14836539660030995,82
3938,1,6378,3110,3268,0,0,0,1.0,1,1.0,1,1.0,1,0.1401653850219411,82
3939,1,6379,3110,3269,0,0,0,1.0,1,1.0,1,1.0,1,0.12902177740311904,84
3940,1,6380,3111,3269,0,0,0,1.0,1,1.0,1,1.0,1,0.13213748563838668,84
3941,2,6382,3111,3271,0,0,0,1.0,1,1.0,1,1.0,1,0.11605755836589314,85
3942,2,6384,3113,3271,0,0,0,1.0,1,1.0,1,1.0,1,0.12381168687314112,85
3943,1,6385,3114,3271,0,0,0,1.0,1,1.0,1,1.0,1,0.10785673001575603,84
3944,3,6388,3117,3271,0,0,0,1.0,1,1.0,1,1.0,1,0.16210917901643304,83
3945,3,6391,3118,3273,0,0,0,1.0,1,1.0,1,1.0,1,0.14058436296186977,83
3946,1,6392,3119,3273,0,0,0,1.0,1,1.0,1,1.0,1,0.15852885169104458,83
3947,2,6394,3120,3274,0,0,0,1.0,1,1.0,1,1.0,1,0.1518350263932603,83
3948,3,6397,3122,3275,0,0,0,1.0,1,1.0,1,1.0,1,0.15800664105370082,84
3949,3,6400,3122,3278,0,0,0,1.0,1,1.0,1,1.0,1,0.15589020408097382,84
3950,2,6402,3123,3279,0,0,0,1.0,1,1.0,1,1.0,1,0.16498801928710172,86
3951,1,6403,3123,3280,0,0,0,1.0,1,1.0,1,1.0,1,0.17186949112414984,87
3952,1,6404,3123,3281,0,0,0,1.0,1,1.0,1,1.0,1,0.16872141577207128,86
3953,5,6409,3125,3284,0,0,0,1.0,1,1.0,1,1.0,1,0.16797630801266875,86
3954,4,6413,3125,3288,0,0,0,1.0,1,1.0,1,1.0,1,0.1276985739371011,85
3955,1,6414,3126,3288,0,0,0,1.0,1,1.0,1,1.0,1,0.1451463392920859,85
3956,0,6414,3126,3288,0,0,0,1.0,1,1.0,1,1.0,1,0.15302465596664466,84
3957,3,6417,3127,3290,0,0,0,1.0,1,1.0,1,1.0,1,0.1308659343723364,85
3958,1,6418,3128,3290,0,0,0,1.0,1,1.0,1,1.0,1,0.135186648809542,84
3959,1,6419,3128,3291,0,0,0,1.0,1,1.0,1,1.0,1,0.13749103911660693,83
3960,1,6420,3129,3291,0,0,0,1.0,1,1.0,1,1.0,1,0.1480036139297532,84
3961,0,6420,3129,3291,0,0,0,1.0,1,1.0,1,1.0,1,0.15614708447194015,83
3962,1,6421,3130,3291,0,0,0,1.0,1,1.0,1,1.0,1,0.15956092626764506,84
3963,0,6421,3130,3291,0,0,0,1.0,1,1.0,1,1.0,1,0.17251289057637242,81
3964,1,6422,3131,3291,0,0,0,1.0,1,1.0,1,1.0,1,0.17274534156865148,81
3965,3,6425,3131,3294,0,0,0,1.0,1,1.0,1,1.0,1,0.15163124555386784,81
3966,2,6427,3133,3294,0,0,0,1.0,1,1.0,1,1.0,1,0.1764797364108137,79
3967,2,6429,3134,3295,0,0,0,1.0,1,1.0,1,1.0,1,0.18821696694358092,81
3968,2,6431,3136,3295,0,0,0,1.0,1,1.0,1,1.0,1,0.1961697257371845,79
3969,7,6438,3139,3299,0,0,0,1.0,1,1.0,1,1.0,1,0.17108550262880298,79
3970,4,6442,3141,3301,0,0,0,1.0,1,1.0,1,1.0,1,0.1699631970318092,78
3971,0,6442,3141,3301,0,0,0,1.0,1,1.0,1,1.0,1,0.16752202365163416,77
3972,1,6443,3142,3301,0,0,0,1.0,1,1.0,1,1.0,1,0.1699473885581052,78
3973,0,6443,3142,3301,0,0,0,1.0,1,1.0,1,1.0,1,0.1655144370515265,77
3974,0,6443,3142,3301,0,0,0,1.0,1,1.0,1,1.0,1,0.1655144370515265,77
3975,2,6445,3144,3301,0,0,0,1.0,1,1.0,1,1.0,1,0.21252419018305124,76
3976,1,6446,3144,3302,0,0,0,1.0,1,1.0,1,1.0,1,0.21972876245549455,77
3977,1,6447,3144,3303,0,0,0,1.0,1,1.0,1,1.0,1,0.21587849457088734,78
3978,4,6451,3145,3306,0,0,0,1.0,1,1.0,1,1.0,1,0.22665937920134718,79
3979,1,6452,3145,3307,0,0,0,1.0,1,1.0,1,1.0,1,0.22098800211072045,79
3980,0,6452,3145,3307,0,0,0,1.0,1,1.0,1,1.0,1,0.22098800211072045,79
3981,5,6457,3147,3310,0,0,0,1.0,1,1.0,1,1.0,1,0.22313712865896346,83
3982,2,6459,3148,3311,0,0,0,1.0,1,1.0,1,1.0,1,0.2240998736174491,83
3983,2,6461,3149,3312,0,0,0,1.0,1,1.0,1,1.0,1,0.21204919783305134,82
3984,3,6464,3151,3313,0,0,0,1.0,1,1.0,1,1.0,1,0.2282736822325534,83
3985,5,6469,3153,3316,0,0,0,1.0,1,1.0,1,1.0,1,0.2145140170604831,84
3986,3,6472,3155,3317,0,0,0,1.0,1,1.0,1,1.0,1,0.23233649239346613,83
3987,2,6474,3156,3318,0,0,0,1.0,1,1.0,1,1.0,1,0.23282505417754842,82
3988,1,6475,3156,3319,0,0,0,1.0,1,1.0,1,1.0,1,0.23581059052023645,83
3989,3,6478,3156,3322,0,0,0,1.0,1,1.0,1,1.0,1,0.22418562123029812,81
3990,4,6482,3156,3326,0,0,0,1.0,1,1.0,1,1.0,1,0.19113384156428675,81
3991,3,6485,3158,3327,0,0,0,1.0,1,1.0,1,1.0,1,0.21232132899884007,79
3992,1,6486,3159,3327,0,0,0,1.0,1,1.0,1,1.0,1,0.19837466787290414,81
3993,1,6487,3159,3328,0,0,0,1.0,1,1.0,1,1.0,1,0.19555495823545901,80
3994,2,6489,3160,3329,0,0,0,1.0,1,1.0,1,1.0,1,0.18380526137571354,80
3995,2,6491,3162,3329,0,0,0,1.0,1,1.0,1,1.0,1,0.1877377046497959,81
3996,1,6492,3162,3330,0,0,0,1.0,1,1.0,1,1.0,1,0.20946353693526917,80
3997,3,6495,3162,3333,0,0,0,1.0,1,1.0,1,1.0,1,0.1839991701017396,81
3998,0,6495,3162,3333,0,0,0,1.0,1,1.0,1,1.0,1,0.17317778182892452,82
3999,1,6496,3162,3334,0,0,0,1.0,1,1.0,1,1.0,1,0.16878558009425956,82
4000,3,6499,3165,3334,0,0,0,1.0,1,1.0,1,1.0,1,0.1991491324107208,82
4001,3,6502,3165,3337,0,0,0,1.0,1,1.0,1,1.0,1,0.17123991557943682,81
4002,1,6503,3166,3337,0,0,0,1.0,1,1.0,1,1.0,1,0.16744517428876643,81
4003,1,6504,3167,3337,0,0,0,1.0,1,1.0,1,1.0,1,0.1735192420844428,81
4004,1,6505,3168,3337,0,0,0,1.0,1,1.0,1,1.0,1,0.19323629417876745,80
4005,2,6507,3170,3337,0,0,0,1.0,1,1.0,1,1.0,1,0.22263937878794784,78
4006,1,6508,3171,3337,0,0,0,1.0,1,1.0,1,1.0,1,0.22713120003755322,76
4007,3,6511,3172,3339,0,0,0,1.0,1,1.0,1,1.0,1,0.23259867722390434,75
4008,4,6515,3174,3341,0,0,0,1.0,1,1.0,1,1.0,1,0.2322411108607218,74
4009,10,6525,3176,3349,0,0,0,1.0,1,1.0,1,1.0,1,0.20298321967150765,75
4010,0,6525,3176,3349,0,0,0,1.0,1,1.0,1,1.0,1,0.20646653092379022,75
4011,2,6527,3178,3349,0,0,0,1.0,1,1.0,1,1.0,1,0.19085042742512057,74
4012,1,6528,3179,3349,0,0,0,1.0,1,1.0,1,1.0,1,0.19596188200715425,74
4013,3,6531,3180,3351,0,0,0,1.0,1,1.0,1,1.0,1,0.1978708812037405,74
4014,0,6531,3180,3351,0,0,0,1.0,1,1.0,1,1.0,1,0.20964737938050595,73
4015,0,6531,3180,3351,0,0,0,1.0,1,1.0,1,1.0,1,0.21813232527602758,74
4016,1,6532,3180,3352,0,0,0,1.0,1,1.0,1,1.0,1,0.23191114452346226,74
4017,6,6538,3182,3356,0,0,0,1.0,1,1.0,1,1.0,1,0.2135266205809734,78
4018,1,6539,3183,3356,0,0,0,1.0,1,1.0,1,1.0,1,0.22927369867628475,78
4019,1,6540,3184,3356,0,0,0,1.0,1,1.0,1,1.0,1,0.2299385352290906,78
4020,0,6540,3184,3356,0,0,0,1.0,1,1.0,1,1.0,1,0.2299385352290906,78
4021,0,6540,3184,3356,0,0,0,1.0,1,1.0,1,1.0,1,0.2299385352290906,78
4022,2,6542,3185,3357,0,0,0,1.0,1,1.0,1,1.0,1,0.22986660959986194,79
4023,0,6542,3185,3357,0,0,0,1.0,1,1.0,1,1.0,1,0.2242303615626792,78
4024,2,6544,3186,3358,0,0,0,1.0,1,1.0,1,1.0,1,0.21435101892789118,77
4025,2,6546,3188,3358,0,0,0,1.0,1,1.0,1,1.0,1,0.22410871092690324,76
4026,2,6548,3190,3358,0,0,0,1.0,1,1.0,1,1.0,1,0.23245024730431557,76
4027,2,6550,3191,3359,0,0,0,1.0,1,1.0,1,1.0,1,0.22458567464194953,75
4028,5,6555,3193,3362,0,0,0,1.0,1,1.0,1,1.0,1,0.22237212656833383,76
4029,5,6560,3194,3366,0,0,0,1.0,1,1.0,1,1.0,1,0.21345195102180986,75
4030,1,6561,3194,3367,0,0,0,1.0,1,1.0,1,1.0,1,0.20489896182407522,74
4031,3,6564,3197,3367,0,0,0,1.0,1,1.0,1,1.0,1,0.22425725972372043,73
4032,0,6564,3197,3367,0,0,0,1.0,1,1.0,1,1.0,1,0.2289994736252541,71
4033,4,6568,3198,3370,0,0,0,1.0,1,1.0,1,1.0,1,0.19777509800898155,73
4034,3,6571,3200,3371,0,0,0,1.0,1,1.0,1,1.0,1,0.17564673903184977,72
4035,0,6571,3200,3371,0,0,0,1.0,1,1.0,1,1.0,1,0.18975054092374521,71
4036,2,6573,3202,3371,0,0,0,1.0,1,1.0,1,1.0,1,0.19120991343324123,71
4037,2,6575,3203,3372,0,0,0,1.0,1,1.0,1,1.0,1,0.20389335473461176,70
4038,0,6575,3203,3372,0,0,0,1.0,1,1.0,1,1.0,1,0.221565877119469,69
4039,3,6578,3204,3374,0,0,0,1.0,1,1.0,1,1.0,1,0.26789937816675047,68
4040,2,6580,3205,3375,0,0,0,1.0,1,1.0,1,1.0,1,0.2671254495934353,69
4041,2,6582,3205,3377,0,0,0,1.0,1,1.0,1,1.0,1,0.2570480730418642,67
4042,0,6582,3205,3377,0,0,0,1.0,1,1.0,1,1.0,1,0.2863151166321528,67
4043,1,6583,3206,3377,0,0,0,1.0,1,1.0,1,1.0,1,0.32194019237972493,66
4044,3,6586,3208,3378,0,0,0,1.0,1,1.0,1,1.0,1,0.3283880026345894,65
4045,2,6588,3208,3380,0,0,0,1.0,1,1.0,1,1.0,1,0.31461067766709067,66
4046,0,6588,3208,3380,0,0,0,1.0,1,1.0,1,1.0,1,0.33125716693024054,68
4047,0,6588,3208,3380,0,0,0,1.0,1,1.0,1,1.0,1,0.33125716693024054,68
4048,0,6588,3208,3380,0,0,0,1.0,1,1.0,1,1.0,1,0.3395500277930386,69
4049,1,6589,3208,3381,0,0,0,1.0,1,1.0,1,1.0,1,0.33245007205002747,69
4050,0,6589,3208,3381,0,0,0,1.0,1,1.0,1,1.0,1,0.3342730486740846,69
4051,0,6589,3208,3381,0,0,0,1.0,1,1.0,1,1.0,1,0.3342730486740846,69
4052,2,6591,3209,3382,0,0,0,1.0,1,1.0,1,1.0,1,0.3299516397183324,69
4053,5,6596,3209,3387,0,0,0,1.0,1,1.0,1,1.0,1,0.285421656887615,69
4054,0,6596,3209,3387,0,0,0,1.0,1,1.0,1,1.0,1,0.2822978412972841,70
4055,1,6597,3209,3388,0,0,0,1.0,1,1.0,1,1.0,1,0.265818150921901,70
4056,0,6597,3209,3388,0,0,0,1.0,1,1.0,1,1.0,1,0.265818150921901,70
4057,1,6598,3209,3389,0,0,0,1.0,1,1.0,1,1.0,1,0.2574995455003383,71
4058,0,6598,3209,3389,0,0,0,1.0,1,1.0,1,1.0,1,0.2574995455003383,71
4059,1,6599,3210,3389,0,0,0,1.0,1,1.0,1,1.0,1,0.2624188207020164,72
4060,0,6599,3210,3389,0,0,0,1.0,1,1.0,1,1.0,1,0.2722870172174066,71
4061,2,6601,3211,3390,0,0,0,1.0,1,1.0,1,1.0,1,0.28773525042340475,72
4062,5,6606,3213,3393,0,0,0,1.0,1,1.0,1,1.0,1,0.26053073838795504,72
4063,3,6609,3215,3394,0,0,0,1.0,1,1.0,1,1.0,1,0.2706636179449842,72
4064,3,6612,3217,3395,0,0,0,1.0,1,1.0,1,1.0,1,0.2643401417513327,71
4065,2,6614,3219,3395,0,0,0,1.0,1,1.0,1,1.0,1,0.25497047069948475,70
4066,4,6618,3221,3397,0,0,0,1.0,1,1.0,1,1.0,1,0.2582466969208116,70
4067,4,6622,3222,3400,0,0,0,1.0,1,1.0,1,1.0,1,0.22646437982593753,68
4068,2,6624,3223,3401,0,0,0,1.0,1,1.0,1,1.0,1,0.23435385011599516,70
4069,5,6629,3225,3404,0,0,0,1.0,1,1.0,1,1.0,1,0.2269140564322089,68
4070,3,6632,3226,3406,0,0,0,1.0,1,1.0,1,1.0,1,0.20735909119856183,67
4071,2,6634,3227,3407,0,0,0,1.0,1,1.0,1,1.0,1,0.23470817161184757,68
4072,7,6641,3231,3410,0,0,0,1.0,1,1.0,1,1.0,1,0.20078603200891684,70
4073,6,6647,3233,3414,0,0,0,1.0,1,1.0,1,1.0,1,0.1663059279016758,70
4074,5,6652,3237,3415,0,0,0,1.0,1,1.0,1,1.0,1,0.20554192270070681,71
4075,3,6655,3239,3416,0,0,0,1.0,1,1.0,1,1.0,1,0.2314347158767541,72
4076,4,6659,3242,3417,0,0,0,1.0,1,1.0,1,1.0,1,0.23629077980923288,73
4077,3,6662,3243,3419,0,0,0,1.0,1,1.0,1,1.0,1,0.23426504106276416,72
4078,5,6667,3247,3420,0,0,0,1.0,1,1.0,1,1.0,1,0.2753192919766604,71
4079,2,6669,3248,3421,0,0,0,1.0,1,1.0,1,1.0,1,0.266618634474985,69
4080,1,6670,3249,3421,0,0,0,1.0,1,1.0,1,1.0,1,0.2785082237724372,67
4081,5,6675,3249,3426,0,0,0,1.0,1,1.0,1,1.0,1,0.22021831318306662,66
4082,0,6675,3249,3426,0,0,0,1.0,1,1.0,1,1.0,1,0.24111749020110532,65
4083,2,6677,3250,3427,0,0,0,1.0,1,1.0,1,1.0,1,0.24202667856697757,64
4084,2,6679,3252,3427,0,0,0,1.0,1,1.0,1,1.0,1,0.2594172105968889,64
4085,2,6681,3252,3429,0,0,0,1.0,1,1.0,1,1.0,1,0.2273758970089711,65
4086,2,6683,3253,3430,0,0,0,1.0,1,1.0,1,1.0,1,0.21685117844378832,66
4087,1,6684,3254,3430,0,0,0,1.0,1,1.0,1,1.0,1,0.21478244383562475,66
4088,0,6684,3254,3430,0,0,0,1.0,1,1.0,1,1.0,1,0.23729095528414573,65
4089,1,6685,3254,3431,0,0,0,1.0,1,1.0,1,1.0,1,0.22799174332542155,65
4090,0,6685,3254,3431,0,0,0,1.0,1,1.0,1,1.0,1,0.23805075570690054,65
4091,1,6686,3254,3432,0,0,0,1.0,1,1.0,1,1.0,1,0.22658367837466045,65
4092,1,6687,3254,3433,0,0,0,1.0,1,1.0,1,1.0,1,0.23481764079645995,64
4093,2,6689,3254,3435,0,0,0,1.0,1,1.0,1,1.0,1,0.20188971916035053,66
4094,1,6690,3255,3435,0,0,0,1.0,1,1.0,1,1.0,1,0.22857804346165164,65
4095,3,6693,3256,3437,0,0,0,1.0,1,1.0,1,1.0,1,0.22491209519409636,65
4096,2,6695,3257,3438,0,0,0,1.0,1,1.0,1,1.0,1,0.22664321569740417,67
4097,7,6702,3259,3443,0,0,0,1.0,1,1.0,1,1.0,1,0.1856557594206211,67
4098,1,6703,3260,3443,0,0,0,1.0,1,1.0,1,1.0,1,0.2024556966917041,68
4099,1,6704,3260,3444,0,0,0,1.0,1,1.0,1,1.0,1,0.20324263339875998,69
4100,1,6705,3261,3444,0,0,0,1.0,1,1.0,1,1.0,1,0.20352043113766488,70
4101,6,6711,3262,3449,0,0,0,1.0,1,1.0,1,1.0,1,0.17197584146998726,71
4102,1,6712,3263,3449,0,0,0,1.0,1,1.0,1,1.0,1,0.16930207521089002,71
4103,0,6712,3263,3449,0,0,0,1.0,1,1.0,1,1.0,1,0.16832220636953119,71
4104,4,6716,3266,3450,0,0,0,1.0,1,1.0,1,1.0,1,0.20005105762664835,69
4105,4,6720,3266,3454,0,0,0,1.0,1,1.0,1,1.0,1,0.17833928219108286,67
4106,0,6720,3266,3454,0,0,0,1.0,1,1.0,1,1.0,1,0.18455253621414602,68
4107,2,6722,3266,3456,0,0,0,1.0,1,1.0,1,1.0,1,0.16277015524403132,70
4108,0,6722,3266,3456,0,0,0,1.0,1,1.0,1,1.0,1,0.16065634405107715,70
4109,1,6723,3266,3457,0,0,0,1.0,1,1.0,1,1.0,1,0.158024592962265,69
4110,0,6723,3266,3457,0,0,0,1.0,1,1.0,1,1.0,1,0.14209340520960373,71
4111,1,6724,3266,3458,0,0,0,1.0,1,1.0,1,1.0,1,0.12782509978800394,70
4112,0,6724,3266,3458,0,0,0,1.0,1,1.0,1,1.0,1,0.12550902766278468,72
4113,0,6724,3266,3458,0,0,0,1.0,1,1.0,1,1.0,1,0.12550902766278468,72
4114,3,6727,3269,3458,0,0,0,1.0,1,1.0,1,1.0,1,0.19171654395176008,72
4115,1,6728,3270,3458,0,0,0,1.0,1,1.0,1,1.0,1,0.18582822553831718,70
4116,1,6729,3271,3458,0,0,0,1.0,1,1.0,1,1.0,1,0.21143165771688174,67
4117,3,6732,3272,3460,0,0,0,1.0,1,1.0,1,1.0,1,0.21830164905442143,67
4118,2,6734,3272,3462,0,0,0,1.0,1,1.0,1,1.0,1,0.21665611162232418,66
4119,2,6736,3274,3462,0,0,0,1.0,1,1.0,1,1.0,1,0.2600138749248865,67
4120,0,6736,3274,3462,0,0,0,1.0,1,1.0,1,1.0,1,0.27121556408662434,64
4121,5,6741,3275,3466,0,0,0,1.0,1,1.0,1,1.0,1,0.26436713647952764,63
4122,2,6743,3277,3466,0,0,0,1.0,1,1.0,1,1.0,1,0.2677031674699285,63
4123,3,6746,3279,3467,0,0,0,1.0,1,1.0,1,1.0,1,0.2328079782368646,61
4124,2,6748,3280,3468,0,0,0,1.0,1,1.0,1,1.0,1,0.23573564146344322,62
4125,3,6751,3281,3470,0,0,0,1.0,1,1.0,1,1.0,1,0.21796678555094107,60
4126,2,6753,3283,3470,0,0,0,1.0,1,1.0,1,1.0,1,0.23119308354824508,59
4127,3,6756,3284,3472,0,0,0,1.0,1,1.0,1,1.0,1,0.22972916903382679,60
4128,2,6758,3285,3473,0,0,0,1.0,1,1.0,1,1.0,1,0.22566258833127859,60
4129,1,6759,3285,3474,0,0,0,1.0,1,1.0,1,1.0,1,0.2439660095757138,60
4130,2,6761,3287,3474,0,0,0,1.0,1,1.0,1,1.0,1,0.24748351402733074,61
4131,2,6763,3288,3475,0,0,0,1.0,1,1.0,1,1.0,1,0.26195264136409646,60
4132,4,6767,3289,3478,0,0,0,1.0,1,1.0,1,1.0,1,0.2484960612498284,60
4133,1,6768,3289,3479,0,0,0,1.0,1,1.0,1,1.0,1,0.25131414268938307,62
4134,4,6772,3292,3480,0,0,0,1.0,1,1.0,1,1.0,1,0.27786575961577586,63
4135,4,6776,3293,3483,0,0,0,1.0,1,1.0,1,1.0,1,0.2676322753096948,65
4136,0,6776,3293,3483,0,0,0,1.0,1,1.0,1,1.0,1,0.2676322753096948,65
4137,1,6777,3294,3483,0,0,0,1.0,1,1.0,1,1.0,1,0.25829984490202385,66
4138,3,6780,3295,3485,0,0,0,1.0,1,1.0,1,1.0,1,0.23695895787423552,67
4139,1,6781,3296,3485,0,0,0,1.0,1,1.0,1,1.0,1,0.24671321038423605,67
4140,0,6781,3296,3485,0,0,0,1.0,1,1.0,1,1.0,1,0.23466462074030972,66
4141,2,6783,3297,3486,0,0,0,1.0,1,1.0,1,1.0,1,0.24076870703963957,67
4142,0,6783,3297,3486,0,0,0,1.0,1,1.0,1,1.0,1,0.24076870703963957,67
4143,2,6785,3298,3487,0,0,0,1.0,1,1.0,1,1.0,1,0.23472294301605756,66
4144,1,6786,3299,3487,0,0,0,1.0,1,1.0,1,1.0,1,0.24713599693202398,64
4145,3,6789,3300,3489,0,0,0,1.0,1,1.0,1,1.0,1,0.23040845374722896,63
4146,4,6793,3301,3492,0,0,0,1.0,1,1.0,1,1.0,1,0.21010811334591617,62
4147,0,6793,3301,3492,0,0,0,1.0,1,1.0,1,1.0,1,0.21621980012151695,60
4148,4,6797,3302,3495,0,0,0,1.0,1,1.0,1,1.0,1,0.19982255616973194,62
4149,2,6799,3302,3497,0,0,0,1.0,1,1.0,1,1.0,1,0.19881117849908045,61
4150,2,6801,3303,3498,0,0,0,1.0,1,1.0,1,1.0,1,0.19710323750795739,60
4151,1,6802,3304,3498,0,0,0,1.0,1,1.0,1,1.0,1,0.19128654922398414,60
4152,1,6803,3305,3498,0,0,0,1.0,1,1.0,1,1.0,1,0.2065286499930397,60
4153,0,6803,3305,3498,0,0,0,1.0,1,1.0,1,1.0,1,0.2127659076351066,58
4154,0,6803,3305,3498,0,0,0,1.0,1,1.0,1,1.0,1,0.20740563044447066,57
4155,3,6806,3307,3499,0,0,0,1.0,1,1.0,1,1.0,1,0.21359428738246825,57
4156,4,6810,3309,3501,0,0,0,1.0,1,1.0,1,1.0,1,0.23713141788210682,58
4157,2,6812,3309,3503,0,0,0,1.0,1,1.0,1,1.0,1,0.20784359478498768,57
4158,1,6813,3310,3503,0,0,0,1.0,1,1.0,1,1.0,1,0.24289016446391523,55
4159,0,6813,3310,3503,0,0,0,1.0,1,1.0,1,1.0,1,0.24890563338554758,57
4160,1,6814,3311,3503,0,0,0,1.0,1,1.0,1,1.0,1,0.24346690970097243,58
4161,2,6816,3311,3505,0,0,0,1.0,1,1.0,1,1.0,1,0.21320162371340448,58
4162,0,6816,3311,3505,0,0,0,1.0,1,1.0,1,1.0,1,0.2173304517569165,57
4163,1,6817,3312,3505,0,0,0,1.0,1,1.0,1,1.0,1,0.2257715119980114,58
4164,4,6821,3315,3506,0,0,0,1.0,1,1.0,1,1.0,1,0.2658181743429344,56
4165,4,6825,3316,3509,0,0,0,1.0,1,1.0,1,1.0,1,0.275246724604883,58
4166,2,6827,3316,3511,0,0,0,1.0,1,1.0,1,1.0,1,0.2495686633309027,57
4167,0,6827,3316,3511,0,0,0,1.0,1,1.0,1,1.0,1,0.2698281852311409,57
4168,0,6827,3316,3511,0,0,0,1.0,1,1.0,1,1.0,1,0.2655263774247787,58
4169,4,6831,3317,3514,0,0,0,1.0,1,1.0,1,1.0,1,0.22335648331942243,58
4170,1,6832,3318,3514,0,0,0,1.0,1,1.0,1,1.0,1,0.24921414547306214,58
4171,0,6832,3318,3514,0,0,0,1.0,1,1.0,1,1.0,1,0.26616700580408414,57
4172,0,6832,3318,3514,0,0,0,1.0,1,1.0,1,1.0,1,0.26616700580408414,57
4173,1,6833,3318,3515,0,0,0,1.0,1,1.0,1,1.0,1,0.2852718454544029,56
4174,0,6833,3318,3515,0,0,0,1.0,1,1.0,1,1.0,1,0.2852718454544029,56
4175,2,6835,3318,3517,0,0,0,1.0,1,1.0,1,1.0,1,0.2514884120835587,55
4176,1,6836,3319,3517,0,0,0,1.0,1,1.0,1,1.0,1,0.2712334441036737,57
4177,4,6840,3320,3520,0,0,0,1.0,1,1.0,1,1.0,1,0.2586300770821378,58
4178,6,6846,3323,3523,0,0,0,1.0,1,1.0,1,1.0,1,0.25338701546499887,60
4179,2,6848,3324,3524,0,0,0,1.0,1,1.0,1,1.0,1,0.23683327821754557,61
4180,0,6848,3324,3524,0,0,0,1.0,1,1.0,1,1.0,1,0.2288690111053901,62
4181,2,6850,3324,3526,0,0,0,1.0,1,1.0,1,1.0,1,0.2117475308568572,63
4182,1,6851,3325,3526,0,0,0,1.0,1,1.0,1,1.0,1,0.22707429845860932,63
4183,1,6852,3325,3527,0,0,0,1.0,1,1.0,1,1.0,1,0.20599399941809093,63
4184,4,6856,3328,3528,0,0,0,1.0,1,1.0,1,1.0,1,0.21594234475371413,63
4185,2,6858,3328,3530,0,0,0,1.0,1,1.0,1,1.0,1,0.19616245685016268,61
4186,6,6864,3331,3533,0,0,0,1.0,1,1.0,1,1.0,1,0.17804890529251874,62
4187,2,6866,3332,3534,0,0,0,1.0,1,1.0,1,1.0,1,0.18073584289956832,60
4188,1,6867,3332,3535,0,0,0,1.0,1,1.0,1,1.0,1,0.15792646624834386,60
4189,0,6867,3332,3535,0,0,0,1.0,1,1.0,1,1.0,1,0.15792646624834386,60
4190,1,6868,3333,3535,0,0,0,1.0,1,1.0,1,1.0,1,0.18008380896454948,61
4191,1,6869,3334,3535,0,0,0,1.0,1,1.0,1,1.0,1,0.1851847413922464,59
4192,1,6870,3335,3535,0,0,0,1.0,1,1.0,1,1.0,1,0.19630650079951484,58
4193,1,6871,3336,3535,0,0,0,1.0,1,1.0,1,1.0,1,0.20751533448900633,57
4194,1,6872,3337,3535,0,0,0,1.0,1,1.0,1,1.0,1,0.2508878767229995,54
4195,1,6873,3337,3536,0,0,0,1.0,1,1.0,1,1.0,1,0.23493256967960457,55
4196,0,6873,3337,3536,0,0,0,1.0,1,1.0,1,1.0,1,0.25146987926907666,56
4197,2,6875,3338,3537,0,0,0,1.0,1,1.0,1,1.0,1,0.25869255187609286,55
4198,3,6878,3339,3539,0,0,0,1.0,1,1.0,1,1.0,1,0.2689731425801387,56
4199,1,6879,3340,3539,0,0,0,1.0,1,1.0,1,1.0,1,0.2954934239625215,55
4200,0,6879,3340,3539,0,0,0,1.0,1,1.0,1,1.0,1,0.29540156753793356,55
4201,1,6880,3340,3540,0,0,0,1.0,1,1.0,1,1.0,1,0.26893792576122955,56
4202,0,6880,3340,3540,0,0,0,1.0,1,1.0,1,1.0,1,0.26893792576122955,56
4203,2,6882,3340,3542,0,0,0,1.0,1,1.0,1,1.0,1,0.2706229207551827,57
4204,0,6882,3340,3542,0,0,0,1.0,1,1.0,1,1.0,1,0.2706229207551827,57
4205,0,6882,3340,3542,0,0,0,1.0,1,1.0,1,1.0,1,0.26704519969562657,58
4206,3,6885,3342,3543,0,0,0,1.0,1,1.0,1,1.0,1,0.2452121210080582,58
4207,2,6887,3344,3543,0,0,0,1.0,1,1.0,1,1.0,1,0.2506391981552438,58
4208,1,6888,3345,3543,0,0,0,1.0,1,1.0,1,1.0,1,0.25583049472529557,60
4209,5,6893,3348,3545,0,0,0,1.0,1,1.0,1,1.0,1,0.2058522826577457,61
4210,1,6894,3348,3546,0,0,0,1.0,1,1.0,1,1.0,1,0.18222518211070374,62
4211,2,6896,3349,3547,0,0,0,1.0,1,1.0,1,1.0,1,0.18474522539076269,63
4212,0,6896,3349,3547,0,0,0,1.0,1,1.0,1,1.0,1,0.1871120028256094,64
4213,1,6897,3349,3548,0,0,0,1.0,1,1.0,1,1.0,1,0.18819164161485943,65
4214,0,6897,3349,3548,0,0,0,1.0,1,1.0,1,1.0,1,0.19554459099013893,65
4215,0,6897,3349,3548,0,0,0,1.0,1,1.0,1,1.0,1,0.19554459099013893,65
4216,0,6897,3349,3548,0,0,0,1.0,1,1.0,1,1.0,1,0.20502497232584857,64
4217,1,6898,3350,3548,0,0,0,1.0,1,1.0,1,1.0,1,0.2120040278213956,65
4218,1,6899,3350,3549,0,0,0,1.0,1,1.0,1,1.0,1,0.19741564753446916,65
4219,1,6900,3351,3549,0,0,0,1.0,1,1.0,1,1.0,1,0.22363305675376594,65
4220,2,6902,3351,3551,0,0,0,1.0,1,1.0,1,1.0,1,0.19772045263593122,65
4221,1,6903,3352,3551,0,0,0,1.0,1,1.0,1,1.0,1,0.2285898115424157,67
4222,0,6903,3352,3551,0,0,0,1.0,1,1.0,1,1.0,1,0.2338903851985343,68
4223,1,6904,3353,3551,0,0,0,1.0,1,1.0,1,1.0,1,0.2432167946167956,68
4224,2,6906,3354,3552,0,0,0,1.0,1,1.0,1,1.0,1,0.25453400490581163,68
4225,3,6909,3354,3555,0,0,0,1.0,1,1.0,1,1.0,1,0.2280215373963008,66
4226,1,6910,3354,3556,0,0,0,1.0,1,1.0,1,1.0,1,0.2168103119598446,66
4227,1,6911,3355,3556,0,0,0,1.0,1,1.0,1,1.0,1,0.22972703191293864,66
4228,0,6911,3355,3556,0,0,0,1.0,1,1.0,1,1.0,1,0.22869010143444124,65
4229,1,6912,3356,3556,0,0,0,1.0,1,1.0,1,1.0,1,0.23438629987233384,65
4230,2,6914,3357,3557,0,0,0,1.0,1,1.0,1,1.0,1,0.2531955072290018,64
4231,1,6915,3358,3557,0,0,0,1.0,1,1.0,1,1.0,1,0.2675252579037389,64
4232,1,6916,3358,3558,0,0,0,1.0,1,1.0,1,1.0,1,0.24298486495633645,65
4233,1,6917,3358,3559,0,0,0,1.0,1,1.0,1,1.0,1,0.2372842856841947,64
4234,2,6919,3359,3560,0,0,0,1.0,1,1.0,1,1.0,1,0.2154922243431919,63
4235,2,6921,3361,3560,0,0,0,1.0,1,1.0,1,1.0,1,0.22672649558981198,63
4236,1,6922,3361,3561,0,0,0,1.0,1,1.0,1,1.0,1,0.21940308352112006,63
4237,3,6925,3363,3562,0,0,0,1.0,1,1.0,1,1.0,1,0.23690020888950072,65
4238,1,6926,3363,3563,0,0,0,1.0,1,1.0,1,1.0,1,0.22953137159830483,65
4239,0,6926,3363,3563,0,0,0,1.0,1,1.0,1,1.0,1,0.22953137159830483,65
4240,1,6927,3364,3563,0,0,0,1.0,1,1.0,1,1.0,1,0.21247633083549522,66
4241,2,6929,3364,3565,0,0,0,1.0,1,1.0,1,1.0,1,0.18072814297104145,66
4242,1,6930,3364,3566,0,0,0,1.0,1,1.0,1,1.0,1,0.151003487707639,69
4243,1,6931,3364,3567,0,0,0,1.0,1,1.0,1,1.0,1,0.1563504062943899,71
4244,0,6931,3364,3567,0,0,0,1.0,1,1.0,1,1.0,1,0.1563504062943899,71
4245,3,6934,3364,3570,0,0,0,1.0,1,1.0,1,1.0,1,0.14197760538968712,73
4246,1,6935,3364,3571,0,0,0,1.0,1,1.0,1,1.0,1,0.11626732717648225,74
4247,0,6935,3364,3571,0,0,0,1.0,1,1.0,1,1.0,1,0.11626732717648225,74
4248,0,6935,3364,3571,0,0,0,1.0,1,1.0,1,1.0,1,0.11626732717648225,74
4249,0,6935,3364,3571,0,0,0,1.0,1,1.0,1,1.0,1,0.11626732717648225,74
4250,0,6935,3364,3571,0,0,0,1.0,1,1.0,1,1.0,1,0.11626732717648225,74
4251,0,6935,3364,3571,0,0,0,1.0,1,1.0,1,1.0,1,0.11751198971949127,75
4252,2,6937,3366,3571,0,0,0,1.0,1,1.0,1,1.0,1,0.16299290228567334,75
4253,1,6938,3366,3572,0,0,0,1.0,1,1.0,1,1.0,1,0.158670212966508,76
4254,2,6940,3368,3572,0,0,0,1.0,1,1.0,1,1.0,1,0.16761702710053675,75
4255,4,6944,3371,3573,0,0,0,1.0,1,1.0,1,1.0,1,0.1810032020764058,76
4256,3,6947,3373,3574,0,0,0,1.0,1,1.0,1,1.0,1,0.18391562011606413,78
4257,2,6949,3374,3575,0,0,0,1.0,1,1.0,1,1.0,1,0.16416937820249847,78
4258,1,6950,3375,3575,0,0,0,1.0,1,1.0,1,1.0,1,0.19133516689802332,77
4259,4,6954,3377,3577,0,0,0,1.0,1,1.0,1,1.0,1,0.18233512022278392,78
4260,3,6957,3377,3580,0,0,0,1.0,1,1.0,1,1.0,1,0.15709708051576785,77
4261,1,6958,3378,3580,0,0,0,1.0,1,1.0,1,1.0,1,0.1510414619874726,76
4262,0,6958,3378,3580,0,0,0,1.0,1,1.0,1,1.0,1,0.16599029846446314,75
4263,4,6962,3382,3580,0,0,0,1.0,1,1.0,1,1.0,1,0.148049810666209,74
4264,0,6962,3382,3580,0,0,0,1.0,1,1.0,1,1.0,1,0.18560061052398197,74
4265,3,6965,3384,3581,0,0,0,1.0,1,1.0,1,1.0,1,0.1786576433450325,73
4266,0,6965,3384,3581,0,0,0,1.0,1,1.0,1,1.0,1,0.2032419553462523,71
4267,3,6968,3387,3581,0,0,0,1.0,1,1.0,1,1.0,1,0.22004609647681508,69
4268,2,6970,3389,3581,0,0,0,1.0,1,1.0,1,1.0,1,0.26503484902076707,67
4269,5,6975,3390,3585,0,0,0,1.0,1,1.0,1,1.0,1,0.2112001201282888,64
4270,1,6976,3391,3585,0,0,0,1.0,1,1.0,1,1.0,1,0.22495150802651392,63
4271,3,6979,3392,3587,0,0,0,1.0,1,1.0,1,1.0,1,0.24235244740131415,63
4272,2,6981,3393,3588,0,0,0,1.0,1,1.0,1,1.0,1,0.23175960420615002,62
4273,5,6986,3393,3593,0,0,0,1.0,1,1.0,1,1.0,1,0.19994337024699782,62
4274,2,6988,3393,3595,0,0,0,1.0,1,1.0,1,1.0,1,0.20529349012645065,62
4275,0,6988,3393,3595,0,0,0,1.0,1,1.0,1,1.0,1,0.1964899932081821,61
4276,0,6988,3393,3595,0,0,0,1.0,1,1.0,1,1.0,1,0.20364370286675265,62
4277,0,6988,3393,3595,0,0,0,1.0,1,1.0,1,1.0,1,0.2155635083023514,63
4278,1,6989,3393,3596,0,0,0,1.0,1,1.0,1,1.0,1,0.20234920683546348,64
4279,4,6993,3396,3597,0,0,0,1.0,1,1.0,1,1.0,1,0.19195267505170122,65
4280,1,6994,3397,3597,0,0,0,1.0,1,1.0,1,1.0,1,0.19564507426921604,65
4281,1,6995,3397,3598,0,0,0,1.0,1,1.0,1,1.0,1,0.1914036830734577,65
4282,5,7000,3402,3598,0,0,0,1.0,1,1.0,1,1.0,1,0.24815149667896433,66
4283,2,7002,3403,3599,0,0,0,1.0,1,1.0,1,1.0,1,0.25596822132893166,66
4284,2,7004,3404,3600,0,0,0,1.0,1,1.0,1,1.0,1,0.27097102181139604,66
4285,3,7007,3405,3602,0,0,0,1.0,1,1.0,1,1.0,1,0.2466975920152099,67
4286,1,7008,3405,3603,0,0,0,1.0,1,1.0,1,1.0,1,0.25205372958719247,67
4287,1,7009,3405,3604,0,0,0,1.0,1,1.0,1,1.0,1,0.23649057218293942,67
4288,0,7009,3405,3604,0,0,0,1.0,1,1.0,1,1.0,1,0.23106397702774734,68
4289,3,7012,3405,3607,0,0,0,1.0,1,1.0,1,1.0,1,0.2257875638732019,68
4290,1,7013,3405,3608,0,0,0,1.0,1,1.0,1,1.0,1,0.21647371586109623,70
4291,1,7014,3406,3608,0,0,0,1.0,1,1.0,1,1.0,1,0.22260564089367202,71
4292,1,7015,3406,3609,0,0,0,1.0,1,1.0,1,1.0,1,0.2141325555058255,71
4293,1,7016,3406,3610,0,0,0,1.0,1,1.0,1,1.0,1,0.21130819370987666,71
4294,0,7016,3406,3610,0,0,0,1.0,1,1.0,1,1.0,1,0.21130819370987666,71
4295,1,7017,3407,3610,0,0,0,1.0,1,1.0,1,1.0,1,0.22479620086688973,72
4296,1,7018,3407,3611,0,0,0,1.0,1,1.0,1,1.0,1,0.2309629472025579,73
4297,0,7018,3407,3611,0,0,0,1.0,1,1.0,1,1.0,1,0.2309629472025579,73
4298,0,7018,3407,3611,0,0,0,1.0,1,1.0,1,1.0,1,0.23853931615741292,74
4299,1,7019,3407,3612,0,0,0,1.0,1,1.0,1,1.0,1,0.22108165195506196,75
4300,1,7020,3407,3613,0,0,0,1.0,1,1.0,1,1.0,1,0.2066080600374202,75
4301,1,7021,3407,3614,0,0,0,1.0,1,1.0,1,1.0,1,0.20007966886527934,76
4302,0,7021,3407,3614,0,0,0,1.0,1,1.0,1,1.0,1,0.20007966886527934,76
4303,1,7022,3407,3615,0,0,0,1.0,1,1.0,1,1.0,1,0.18604821902188595,75
4304,2,7024,3409,3615,0,0,0,1.0,1,1.0,1,1.0,1,0.22822294152675987,75
4305,4,7028,3410,3618,0,0,0,1.0,1,1.0,1,1.0,1,0.2387411828060885,73
4306,9,7037,3414,3623,0,0,0,1.0,1,1.0,1,1.0,1,0.22183536482690677,74
4307,2,7039,3415,3624,0,0,0,1.0,1,1.0,1,1.0,1,0.20724071079792644,73
4308,0,7039,3415,3624,0,0,0,1.0,1,1.0,1,1.0,1,0.23297809541290143,71
4309,2,7041,3416,3625,0,0,0,1.0,1,1.0,1,1.0,1,0.22867664179344516,70
4310,2,7043,3417,3626,0,0,0,1.0,1,1.0,1,1.0,1,0.22041946980720498,69
4311,3,7046,3419,3627,0,0,0,1.0,1,1.0,1,1.0,1,0.2152809002267965,69
4312,1,7047,3420,3627,0,0,0,1.0,1,1.0,1,1.0,1,0.25428384820050237,66
4313,4,7051,3422,3629,0,0,0,1.0,1,1.0,1,1.0,1,0.24710502151831498,64
4314,1,7052,3423,3629,0,0,0,1.0,1,1.0,1,1.0,1,0.26801512022750323,61
4315,3,7055,3426,3629,0,0,0,1.0,1,1.0,1,1.0,1,0.2634608246629282,61
4316,3,7058,3429,3629,0,0,0,1.0,1,1.0,1,1.0,1,0.25516267138288423,60
4317,3,7061,3429,3632,0,0,0,1.0,1,1.0,1,1.0,1,0.2209213807593984,62
4318,1,7062,3429,3633,0,0,0,1.0,1,1.0,1,1.0,1,0.24955067558604782,59
4319,1,7063,3430,3633,0,0,0,1.0,1,1.0,1,1.0,1,0.2555608044394441,60
4320,1,7064,3430,3634,0,0,0,1.0,1,1.0,1,1.0,1,0.24720128810115474,60
4321,4,7068,3433,3635,0,0,0,1.0,1,1.0,1,1.0,1,0.2462819431902202,61
4322,2,7070,3435,3635,0,0,0,1.0,1,1.0,1,1.0,1,0.26577304523094275,61
4323,0,7070,3435,3635,0,0,0,1.0,1,1.0,1,1.0,1,0.26577304523094275,61
4324,2,7072,3436,3636,0,0,0,1.0,1,1.0,1,1.0,1,0.2733353223222027,60
4325,3,7075,3437,3638,0,0,0,1.0,1,1.0,1,1.0,1,0.2777239957711325,60
4326,1,7076,3438,3638,0,0,0,1.0,1,1.0,1,1.0,1,0.2793659543488954,61
4327,1,7077,3438,3639,0,0,0,1.0,1,1.0,1,1.0,1,0.26023358047240525,62
4328,0,7077,3438,3639,0,0,0,1.0,1,1.0,1,1.0,1,0.26023358047240525,62
4329,3,7080,3438,3642,0,0,0,1.0,1,1.0,1,1.0,1,0.23261180598819586,65
4330,1,7081,3438,3643,0,0,0,1.0,1,1.0,1,1.0,1,0.21640696529590348,65
4331,0,7081,3438,3643,0,0,0,1.0,1,1.0,1,1.0,1,0.21640696529590348,65
4332,3,7084,3439,3645,0,0,0,1.0,1,1.0,1,1.0,1,0.2086173954231774,66
4333,5,7089,3440,3649,0,0,0,1.0,1,1.0,1,1.0,1,0.18951987553582908,66
4334,1,7090,3441,3649,0,0,0,1.0,1,1.0,1,1.0,1,0.20545119940370385,66
4335,0,7090,3441,3649,0,0,0,1.0,1,1.0,1,1.0,1,0.21856322762112207,65
4336,4,7094,3443,3651,0,0,0,1.0,1,1.0,1,1.0,1,0.2302346326619216,67
4337,0,7094,3443,3651,0,0,0,1.0,1,1.0,1,1.0,1,0.24224011290974548,69
4338,1,7095,3443,3652,0,0,0,1.0,1,1.0,1,1.0,1,0.24234087887707145,70
4339,1,7096,3443,3653,0,0,0,1.0,1,1.0,1,1.0,1,0.24679178579233824,70
4340,2,7098,3443,3655,0,0,0,1.0,1,1.0,1,1.0,1,0.2208277635017129,71
4341,1,7099,3443,3656,0,0,0,1.0,1,1.0,1,1.0,1,0.23452816252820474,70
4342,1,7100,3444,3656,0,0,0,1.0,1,1.0,1,1.0,1,0.2516987953632425,71
4343,5,7105,3447,3658,0,0,0,1.0,1,1.0,1,1.0,1,0.2818745935579781,67
4344,6,7111,3450,3661,0,0,0,1.0,1,1.0,1,1.0,1,0.2855493090551325,67
4345,7,7118,3452,3666,0,0,0,1.0,1,1.0,1,1.0,1,0.2322645602489282,64
4346,4,7122,3454,3668,0,0,0,1.0,1,1.0,1,1.0,1,0.234003380326132,64
4347,4,7126,3457,3669,0,0,0,1.0,1,1.0,1,1.0,1,0.2569157970657529,62
4348,4,7130,3459,3671,0,0,0,1.0,1,1.0,1,1.0,1,0.25336032083104115,62
4349,1,7131,3460,3671,0,0,0,1.0,1,1.0,1,1.0,1,0.28502504509710225,61
4350,1,7132,3461,3671,0,0,0,1.0,1,1.0,1,1.0,1,0.28836742808963817,60
4351,0,7132,3461,3671,0,0,0,1.0,1,1.0,1,1.0,1,0.28733568296975925,60
4352,0,7132,3461,3671,0,0,0,1.0,1,1.0,1,1.0,1,0.3028817301327628,57
4353,1,7133,3461,3672,0,0,0,1.0,1,1.0,1,1.0,1,0.29366627254027083,55
4354,2,7135,3462,3673,0,0,0,1.0,1,1.0,1,1.0,1,0.2903685924705705,55
4355,1,7136,3462,3674,0,0,0,1.0,1,1.0,1,1.0,1,0.292687895365595,53
4356,1,7137,3462,3675,0,0,0,1.0,1,1.0,1,1.0,1,0.2715955905744032,55
4357,2,7139,3462,3677,0,0,0,1.0,1,1.0,1,1.0,1,0.269993109935363,55
4358,4,7143,3463,3680,0,0,0,1.0,1,1.0,1,1.0,1,0.21596418644117973,55
4359,0,7143,3463,3680,0,0,0,1.0,1,1.0,1,1.0,1,0.22974837478411553,54
4360,1,7144,3464,3680,0,0,0,1.0,1,1.0,1,1.0,1,0.22085778040191825,55
4361,4,7148,3465,3683,0,0,0,1.0,1,1.0,1,1.0,1,0.219914502384808,54
4362,3,7151,3465,3686,0,0,0,1.0,1,1.0,1,1.0,1,0.1511321480833671,55
4363,0,7151,3465,3686,0,0,0,1.0,1,1.0,1,1.0,1,0.1588627838064084,55
4364,3,7154,3467,3687,0,0,0,1.0,1,1.0,1,1.0,1,0.19765996819027964,55
4365,2,7156,3467,3689,0,0,0,1.0,1,1.0,1,1.0,1,0.18838613912222715,54
4366,0,7156,3467,3689,0,0,0,1.0,1,1.0,1,1.0,1,0.18838613912222715,54
4367,0,7156,3467,3689,0,0,0,1.0,1,1.0,1,1.0,1,0.2093209443024388,57
4368,4,7160,3469,3691,0,0,0,1.0,1,1.0,1,1.0,1,0.23149619000831567,57
4369,1,7161,3469,3692,0,0,0,1.0,1,1.0,1,1.0,1,0.21942752639547503,58
4370,2,7163,3470,3693,0,0,0,1.0,1,1.0,1,1.0,1,0.22719765929912625,59
4371,0,7163,3470,3693,0,0,0,1.0,1,1.0,1,1.0,1,0.22421023857339953,60
4372,1,7164,3471,3693,0,0,0,1.0,1,1.0,1,1.0,1,0.2292123098027231,60
4373,2,7166,3471,3695,0,0,0,1.0,1,1.0,1,1.0,1,0.20950249367405194,60
4374,1,7167,3472,3695,0,0,0,1.0,1,1.0,1,1.0,1,0.2389401043047694,59
4375,1,7168,3472,3696,0,0,0,1.0,1,1.0,1,1.0,1,0.22984611393246845,60
4376,0,7168,3472,3696,0,0,0,1.0,1,1.0,1,1.0,1,0.25559243151389405,60
4377,2,7170,3473,3697,0,0,0,1.0,1,1.0,1,1.0,1,0.2602531341085759,61
4378,1,7171,3473,3698,0,0,0,1.0,1,1.0,1,1.0,1,0.23746100827799885,64
4379,0,7171,3473,3698,0,0,0,1.0,1,1.0,1,1.0,1,0.23746100827799885,64
4380,3,7174,3475,3699,0,0,0,1.0,1,1.0,1,1.0,1,0.2550926990763458,65
4381,1,7175,3475,3700,0,0,0,1.0,1,1.0,1,1.0,1,0.2572494959360539,64
4382,1,7176,3476,3700,0,0,0,1.0,1,1.0,1,1.0,1,0.2740839194811318,64
4383,0,7176,3476,3700,0,0,0,1.0,1,1.0,1,1.0,1,0.28496704705821757,64
4384,1,7177,3477,3700,0,0,0,1.0,1,1.0,1,1.0,1,0.3073690833336788,60
4385,1,7178,3477,3701,0,0,0,1.0,1,1.0,1,1.0,1,0.2827908096144214,58
4386,3,7181,3480,3701,0,0,0,1.0,1,1.0,1,1.0,1,0.28803463827783027,58
4387,3,7184,3481,3703,0,0,0,1.0,1,1.0,1,1.0,1,0.2678931618099932,55
4388,4,7188,3484,3704,0,0,0,1.0,1,1.0,1,1.0,1,0.2843778068940966,56
4389,6,7194,3484,3710,0,0,0,1.0,1,1.0,1,1.0,1,0.21022285004240107,55
4390,1,7195,3485,3710,0,0,0,1.0,1,1.0,1,1.0,1,0.210515373262729,55
4391,2,7197,3487,3710,0,0,0,1.0,1,1.0,1,1.0,1,0.22654177511406606,56
4392,1,7198,3487,3711,0,0,0,1.0,1,1.0,1,1.0,1,0.22620944953766495,56
4393,2,7200,3488,3712,0,0,0,1.0,1,1.0,1,1.0,1,0.25681304317492776,55
4394,1,7201,3489,3712,0,0,0,1.0,1,1.0,1,1.0,1,0.24313705861675833,53
4395,2,7203,3491,3712,0,0,0,1.0,1,1.0,1,1.0,1,0.26817884865212166,53
4396,3,7206,3494,3712,0,0,0,1.0,1,1.0,1,1.0,1,0.29612679147425613,53
4397,1,7207,3495,3712,0,0,0,1.0,1,1.0,1,1.0,1,0.3252794387542663,50
4398,0,7207,3495,3712,0,0,0,1.0,1,1.0,1,1.0,1,0.34555336946293563,50
4399,1,7208,3495,3713,0,0,0,1.0,1,1.0,1,1.0,1,0.3371684407997188,52
4400,2,7210,3496,3714,0,0,0,1.0,1,1.0,1,1.0,1,0.3344952988737055,55
4401,1,7211,3496,3715,0,0,0,1.0,1,1.0,1,1.0,1,0.3140806885509416,56
4402,0,7211,3496,3715,0,0,0,1.0,1,1.0,1,1.0,1,0.3140806885509416,56
4403,3,7214,3498,3716,0,0,0,1.0,1,1.0,1,1.0,1,0.3005424079335925,57
4404,0,7214,3498,3716,0,0,0,1.0,1,1.0,1,1.0,1,0.3005424079335925,57
4405,0,7214,3498,3716,0,0,0,1.0,1,1.0,1,1.0,1,0.29479265509678143,58
4406,0,7214,3498,3716,0,0,0,1.0,1,1.0,1,1.0,1,0.29479265509678143,58
4407,0,7214,3498,3716,0,0,0,1.0,1,1.0,1,1.0,1,0.29479265509678143,58
4408,1,7215,3499,3716,0,0,0,1.0,1,1.0,1,1.0,1,0.30801260881597775,59
4409,0,7215,3499,3716,0,0,0,1.0,1,1.0,1,1.0,1,0.30801260881597775,59
4410,0,7215,3499,3716,0,0,0,1.0,1,1.0,1,1.0,1,0.30801260881597775,59
4411,0,7215,3499,3716,0,0,0,1.0,1,1.0,1,1.0,1,0.2976753440954994,62
4412,0,7215,3499,3716,0,0,0,1.0,1,1.0,1,1.0,1,0.2925885477680551,63
4413,0,7215,3499,3716,0,0,0,1.0,1,1.0,1,1.0,1,0.2925885477680551,63
4414,3,7218,3499,3719,0,0,0,1.0,1,1.0,1,1.0,1,0.26926314241166033,64
4415,1,7219,3499,3720,0,0,0,1.0,1,1.0,1,1.0,1,0.26097985251785266,64
4416,0,7219,3499,3720,0,0,0,1.0,1,1.0,1,1.0,1,0.26097985251785266,64
4417,2,7221,3499,3722,0,0,0,1.0,1,1.0,1,1.0,1,0.2512800149908368,65
4418,2,7223,3501,3722,0,0,0,1.0,1,1.0,1,1.0,1,0.2779082436308556,65
4419,1,7224,3501,3723,0,0,0,1.0,1,1.0,1,1.0,1,0.30928729610092065,62
4420,0,7224,3501,3723,0,0,0,1.0,1,1.0,1,1.0,1,0.3102484568950925,62
4421,3,7227,3502,3725,0,0,0,1.0,1,1.0,1,1.0,1,0.30114771442629246,65
4422,3,7230,3504,3726,0,0,0,1.0,1,1.0,1,1.0,1,0.33104348694616365,64
4423,0,7230,3504,3726,0,0,0,1.0,1,1.0,1,1.0,1,0.3220460912832015,63
4424,3,7233,3505,3728,0,0,0,1.0,1,1.0,1,1.0,1,0.3071297182013796,63
4425,6,7239,3507,3732,0,0,0,1.0,1,1.0,1,1.0,1,0.2864719564691398,63
4426,3,7242,3508,3734,0,0,0,1.0,1,1.0,1,1.0,1,0.26521825036867314,63
4427,1,7243,3508,3735,0,0,0,1.0,1,1.0,1,1.0,1,0.24076855035139938,62
4428,2,7245,3508,3737,0,0,0,1.0,1,1.0,1,1.0,1,0.20715194688472255,61
4429,2,7247,3509,3738,0,0,0,1.0,1,1.0,1,1.0,1,0.23059392366490888,62
4430,2,7249,3510,3739,0,0,0,1.0,1,1.0,1,1.0,1,0.2406920945137301,60
4431,1,7250,3511,3739,0,0,0,1.0,1,1.0,1,1.0,1,0.219699470437691,59
4432,3,7253,3512,3741,0,0,0,1.0,1,1.0,1,1.0,1,0.2050333544742726,60
4433,3,7256,3514,3742,0,0,0,1.0,1,1.0,1,1.0,1,0.19790114576547005,61
4434,4,7260,3516,3744,0,0,0,1.0,1,1.0,1,1.0,1,0.17480065573869255,61
4435,0,7260,3516,3744,0,0,0,1.0,1,1.0,1,1.0,1,0.17480065573869255,61
4436,1,7261,3517,3744,0,0,0,1.0,1,1.0,1,1.0,1,0.20513856170990355,61
4437,5,7266,3521,3745,0,0,0,1.0,1,1.0,1,1.0,1,0.21795455684934553,61
4438,1,7267,3521,3746,0,0,0,1.0,1,1.0,1,1.0,1,0.21252277633019256,62
4439,1,7268,3521,3747,0,0,0,1.0,1,1.0,1,1.0,1,0.21693692534050207,63
4440,1,7269,3521,3748,0,0,0,1.0,1,1.0,1,1.0,1,0.20200978961406316,64
4441,1,7270,3521,3749,0,0,0,1.0,1,1.0,1,1.0,1,0.18999518220469006,64
4442,2,7272,3522,3750,0,0,0,1.0,1,1.0,1,1.0,1,0.1766704694804917,67
4443,1,7273,3522,3751,0,0,0,1.0,1,1.0,1,1.0,1,0.1578114102523299,68
4444,2,7275,3523,3752,0,0,0,1.0,1,1.0,1,1.0,1,0.16632700959720995,69
4445,2,7277,3525,3752,0,0,0,1.0,1,1.0,1,1.0,1,0.19171486219868877,71
4446,1,7278,3525,3753,0,0,0,1.0,1,1.0,1,1.0,1,0.1812439915248593,71
4447,1,7279,3525,3754,0,0,0,1.0,1,1.0,1,1.0,1,0.17859830131491117,72
4448,1,7280,3525,3755,0,0,0,1.0,1,1.0,1,1.0,1,0.19028569760467945,71
4449,3,7283,3526,3757,0,0,0,1.0,1,1.0,1,1.0,1,0.1794377066113599,70
4450,0,7283,3526,3757,0,0,0,1.0,1,1.0,1,1.0,1,0.18478937002125903,69
4451,0,7283,3526,3757,0,0,0,1.0,1,1.0,1,1.0,1,0.19221638787300402,69
4452,0,7283,3526,3757,0,0,0,1.0,1,1.0,1,1.0,1,0.1954963667617967,70
4453,1,7284,3526,3758,0,0,0,1.0,1,1.0,1,1.0,1,0.21251312627546592,70
4454,3,7287,3527,3760,0,0,0,1.0,1,1.0,1,1.0,1,0.1976941019178623,71
4455,4,7291,3528,3763,0,0,0,1.0,1,1.0,1,1.0,1,0.20016739361214891,71
4456,1,7292,3529,3763,0,0,0,1.0,1,1.0,1,1.0,1,0.22107464454222422,71
4457,7,7299,3532,3767,0,0,0,1.0,1,1.0,1,1.0,1,0.16656927616857653,69
4458,7,7306,3536,3770,0,0,0,1.0,1,1.0,1,1.0,1,0.1714269869156088,70
4459,2,7308,3537,3771,0,0,0,1.0,1,1.0,1,1.0,1,0.17821888786904833,68
4460,3,7311,3540,3771,0,0,0,1.0,1,1.0,1,1.0,1,0.18793934431869316,68
4461,2,7313,3540,3773,0,0,0,1.0,1,1.0,1,1.0,1,0.16907484418571944,67
4462,3,7316,3543,3773,0,0,0,1.0,1,1.0,1,1.0,1,0.18654575376662988,66
4463,5,7321,3546,3775,0,0,0,1.0,1,1.0,1,1.0,1,0.19606404111475476,65
4464,2,7323,3548,3775,0,0,0,1.0,1,1.0,1,1.0,1,0.21686613741588687,62
4465,5,7328,3551,3777,0,0,0,1.0,1,1.0,1,1.0,1,0.20679652022387737,61
4466,1,7329,3551,3778,0,0,0,1.0,1,1.0,1,1.0,1,0.21571248031028234,60
4467,4,7333,3554,3779,0,0,0,1.0,1,1.0,1,1.0,1,0.19217838920623134,58
4468,1,7334,3555,3779,0,0,0,1.0,1,1.0,1,1.0,1,0.21087205998734668,57
4469,3,7337,3556,3781,0,0,0,1.0,1,1.0,1,1.0,1,0.21809084637473364,56
4470,1,7338,3557,3781,0,0,0,1.0,1,1.0,1,1.0,1,0.23561313352230195,55
4471,3,7341,3560,3781,0,0,0,1.0,1,1.0,1,1.0,1,0.23646892954013912,55
4472,2,7343,3562,3781,0,0,0,1.0,1,1.0,1,1.0,1,0.24333862004118872,55
4473,5,7348,3564,3784,0,0,0,1.0,1,1.0,1,1.0,1,0.21549881353303946,55
4474,4,7352,3566,3786,0,0,0,1.0,1,1.0,1,1.0,1,0.21925572736064836,55
4475,1,7353,3566,3787,0,0,0,1.0,1,1.0,1,1.0,1,0.1637152788006233,56
4476,1,7354,3567,3787,0,0,0,1.0,1,1.0,1,1.0,1,0.17055208222594073,56
4477,1,7355,3567,3788,0,0,0,1.0,1,1.0,1,1.0,1,0.1728474037646736,57
4478,0,7355,3567,3788,0,0,0,1.0,1,1.0,1,1.0,1,0.18577897305010405,55
4479,1,7356,3568,3788,0,0,0,1.0,1,1.0,1,1.0,1,0.1938693415412822,55
4480,0,7356,3568,3788,0,0,0,1.0,1,1.0,1,1.0,1,0.20376427844764497,54
4481,2,7358,3568,3790,0,0,0,1.0,1,1.0,1,1.0,1,0.19543911774940467,53
4482,3,7361,3570,3791,0,0,0,1.0,1,1.0,1,1.0,1,0.2168519097232297,54
4483,0,7361,3570,3791,0,0,0,1.0,1,1.0,1,1.0,1,0.2218559031862563,55
4484,2,7363,3572,3791,0,0,0,1.0,1,1.0,1,1.0,1,0.24447104773918665,57
4485,6,7369,3574,3795,0,0,0,1.0,1,1.0,1,1.0,1,0.23229537143878157,60
4486,7,7376,3577,3799,0,0,0,1.0,1,1.0,1,1.0,1,0.1756199237574862,60
4487,1,7377,3577,3800,0,0,0,1.0,1,1.0,1,1.0,1,0.17074805436924456,60
4488,0,7377,3577,3800,0,0,0,1.0,1,1.0,1,1.0,1,0.17074805436924456,60
4489,1,7378,3578,3800,0,0,0,1.0,1,1.0,1,1.0,1,0.17906587567581814,60
4490,0,7378,3578,3800,0,0,0,1.0,1,1.0,1,1.0,1,0.17906587567581814,60
4491,1,7379,3579,3800,0,0,0,1.0,1,1.0,1,1.0,1,0.1847626454183056,61
4492,1,7380,3580,3800,0,0,0,1.0,1,1.0,1,1.0,1,0.16041961600708174,61
4493,2,7382,3582,3800,0,0,0,1.0,1,1.0,1,1.0,1,0.17080771219356544,60
4494,3,7385,3583,3802,0,0,0,1.0,1,1.0,1,1.0,1,0.13550223390405358,61
4495,0,7385,3583,3802,0,0,0,1.0,1,1.0,1,1.0,1,0.13618783693844283,59
4496,1,7386,3583,3803,0,0,0,1.0,1,1.0,1,1.0,1,0.12753277508268912,60
4497,1,7387,3583,3804,0,0,0,1.0,1,1.0,1,1.0,1,0.13394455505468417,59
4498,0,7387,3583,3804,0,0,0,1.0,1,1.0,1,1.0,1,0.1506463982414964,57
4499,3,7390,3585,3805,0,0,0,1.0,1,1.0,1,1.0,1,0.14489159937975207,58
4500,2,7392,3587,3805,0,0,0,1.0,1,1.0,1,1.0,1,0.1780057938509572,56
4501,1,7393,3588,3805,0,0,0,1.0,1,1.0,1,1.0,1,0.2239484704048244,57
4502,8,7401,3592,3809,0,0,0,1.0,1,1.0,1,1.0,1,0.22487579753710163,56
4503,1,7402,3593,3809,0,0,0,1.0,1,1.0,1,1.0,1,0.25191700787542914,54
4504,0,7402,3593,3809,0,0,0,1.0,1,1.0,1,1.0,1,0.2268290269600941,54
4505,2,7404,3594,3810,0,0,0,1.0,1,1.0,1,1.0,1,0.1911404235556769,51
4506,0,7404,3594,3810,0,0,0,1.0,1,1.0,1,1.0,1,0.18922032658517687,49
4507,1,7405,3595,3810,0,0,0,1.0,1,1.0,1,1.0,1,0.2124733663783729,48
4508,0,7405,3595,3810,0,0,0,1.0,1,1.0,1,1.0,1,0.23725250410884666,48
4509,6,7411,3597,3814,0,0,0,1.0,1,1.0,1,1.0,1,0.20297734833993122,46
4510,0,7411,3597,3814,0,0,0,1.0,1,1.0,1,1.0,1,0.2190186115890624,44
4511,3,7414,3598,3816,0,0,0,1.0,1,1.0,1,1.0,1,0.2277959628313534,45
4512,1,7415,3599,3816,0,0,0,1.0,1,1.0,1,1.0,1,0.24446749223316955,46
4513,2,7417,3600,3817,0,0,0,1.0,1,1.0,1,1.0,1,0.2345534455961467,45
4514,2,7419,3600,3819,0,0,0,1.0,1,1.0,1,1.0,1,0.18069075433966675,46
4515,1,7420,3600,3820,0,0,0,1.0,1,1.0,1,1.0,1,0.17490056341971727,48
4516,1,7421,3601,3820,0,0,0,1.0,1,1.0,1,1.0,1,0.18246233087806932,49
4517,3,7424,3602,3822,0,0,0,1.0,1,1.0,1,1.0,1,0.17482016214708995,50
4518,1,7425,3603,3822,0,0,0,1.0,1,1.0,1,1.0,1,0.16036061473726024,50
4519,2,7427,3605,3822,0,0,0,1.0,1,1.0,1,1.0,1,0.17655137845144528,49
4520,1,7428,3605,3823,0,0,0,1.0,1,1.0,1,1.0,1,0.18836311633058211,50
4521,2,7430,3606,3824,0,0,0,1.0,1,1.0,1,1.0,1,0.178327129453269,50
4522,1,7431,3606,3825,0,0,0,1.0,1,1.0,1,1.0,1,0.14600242320930293,50
4523,0,7431,3606,3825,0,0,0,1.0,1,1.0,1,1.0,1,0.14424916529052625,51
4524,2,7433,3607,3826,0,0,0,1.0,1,1.0,1,1.0,1,0.15749327194560805,52
4525,2,7435,3608,3827,0,0,0,1.0,1,1.0,1,1.0,1,0.13879119607042695,53
4526,0,7435,3608,3827,0,0,0,1.0,1,1.0,1,1.0,1,0.12729501548471778,54
4527,0,7435,3608,3827,0,0,0,1.0,1,1.0,1,1.0,1,0.13758556105341413,55
4528,0,7435,3608,3827,0,0,0,1.0,1,1.0,1,1.0,1,0.13758556105341413,55
4529,0,7435,3608,3827,0,0,0,1.0,1,1.0,1,1.0,1,0.147431381536672,55
4530,0,7435,3608,3827,0,0,0,1.0,1,1.0,1,1.0,1,0.14974109862106086,56
4531,3,7438,3611,3827,0,0,0,1.0,1,1.0,1,1.0,1,0.23124801327612096,56
4532,3,7441,3612,3829,0,0,0,1.0,1,1.0,1,1.0,1,0.24973588294094906,55
4533,3,7444,3613,3831,0,0,0,1.0,1,1.0,1,1.0,1,0.23988069033288245,54
4534,3,7447,3613,3834,0,0,0,1.0,1,1.0,1,1.0,1,0.20776906570361917,55
4535,1,7448,3613,3835,0,0,0,1.0,1,1.0,1,1.0,1,0.21134820905727614,52
4536,2,7450,3614,3836,0,0,0,1.0,1,1.0,1,1.0,1,0.19488351740597976,53
4537,2,7452,3615,3837,0,0,0,1.0,1,1.0,1,1.0,1,0.19173068722649364,52
4538,0,7452,3615,3837,0,0,0,1.0,1,1.0,1,1.0,1,0.20382111770771616,52
4539,1,7453,3616,3837,0,0,0,1.0,1,1.0,1,1.0,1,0.24540520631133217,53
4540,3,7456,3617,3839,0,0,0,1.0,1,1.0,1,1.0,1,0.25438387954430625,54
4541,3,7459,3618,3841,0,0,0,1.0,1,1.0,1,1.0,1,0.21862499072646135,53
4542,3,7462,3620,3842,0,0,0,1.0,1,1.0,1,1.0,1,0.23301939719580442,53
4543,2,7464,3621,3843,0,0,0,1.0,1,1.0,1,1.0,1,0.23412049018942194,53
4544,4,7468,3623,3845,0,0,0,1.0,1,1.0,1,1.0,1,0.23633500588327974,52
4545,2,7470,3623,3847,0,0,0,1.0,1,1.0,1,1.0,1,0.1996374773619771,50
4546,0,7470,3623,3847,0,0,0,1.0,1,1.0,1,1.0,1,0.21611387151935368,49
4547,1,7471,3624,3847,0,0,0,1.0,1,1.0,1,1.0,1,0.2259199156822597,49
4548,0,7471,3624,3847,0,0,0,1.0,1,1.0,1,1.0,1,0.2259199156822597,49
4549,2,7473,3626,3847,0,0,0,1.0,1,1.0,1,1.0,1,0.2487041567525104,50
4550,1,7474,3627,3847,0,0,0,1.0,1,1.0,1,1.0,1,0.26011642554667336,49
4551,1,7475,3627,3848,0,0,0,1.0,1,1.0,1,1.0,1,0.24851174097691606,49
4552,0,7475,3627,3848,0,0,0,1.0,1,1.0,1,1.0,1,0.24851174097691606,49
4553,3,7478,3629,3849,0,0,0,1.0,1,1.0,1,1.0,1,0.3062880392892271,49
4554,3,7481,3629,3852,0,0,0,1.0,1,1.0,1,1.0,1,0.2599270119683415,49
4555,1,7482,3630,3852,0,0,0,1.0,1,1.0,1,1.0,1,0.2664186134037134,48
4556,1,7483,3630,3853,0,0,0,1.0,1,1.0,1,1.0,1,0.2527795775101054,48
4557,2,7485,3631,3854,0,0,0,1.0,1,1.0,1,1.0,1,0.2673177618891629,49
4558,0,7485,3631,3854,0,0,0,1.0,1,1.0,1,1.0,1,0.24255301667766882,49
4559,3,7488,3632,3856,0,0,0,1.0,1,1.0,1,1.0,1,0.25951189118870577,50
4560,1,7489,3633,3856,0,0,0,1.0,1,1.0,1,1.0,1,0.26320985910217165,51
4561,1,7490,3633,3857,0,0,0,1.0,1,1.0,1,1.0,1,0.24558498996926398,52
4562,0,7490,3633,3857,0,0,0,1.0,1,1.0,1,1.0,1,0.25144130136280396,53
4563,2,7492,3634,3858,0,0,0,1.0,1,1.0,1,1.0,1,0.22502098690854874,52
4564,2,7494,3634,3860,0,0,0,1.0,1,1.0,1,1.0,1,0.1898597146496808,54
4565,2,7496,3635,3861,0,0,0,1.0,1,1.0,1,1.0,1,0.21171033086523716,55
4566,0,7496,3635,3861,0,0,0,1.0,1,1.0,1,1.0,1,0.21171033086523716,55
4567,2,7498,3637,3861,0,0,0,1.0,1,1.0,1,1.0,1,0.19047586448059983,56
4568,2,7500,3638,3862,0,0,0,1.0,1,1.0,1,1.0,1,0.19447239635595204,58
4569,2,7502,3639,3863,0,0,0,1.0,1,1.0,1,1.0,1,0.18680230947820478,59
4570,1,7503,3640,3863,0,0,0,1.0,1,1.0,1,1.0,1,0.17972641141966506,59
4571,0,7503,3640,3863,0,0,0,1.0,1,1.0,1,1.0,1,0.16762347674213754,57
4572,3,7506,3643,3863,0,0,0,1.0,1,1.0,1,1.0,1,0.20493368469287343,56
4573,1,7507,3643,3864,0,0,0,1.0,1,1.0,1,1.0,1,0.19698428930220038,56
4574,0,7507,3643,3864,0,0,0,1.0,1,1.0,1,1.0,1,0.230365022062442,55
4575,0,7507,3643,3864,0,0,0,1.0,1,1.0,1,1.0,1,0.230365022062442,55
4576,0,7507,3643,3864,0,0,0,1.0,1,1.0,1,1.0,1,0.24086066278591312,55
4577,1,7508,3643,3865,0,0,0,1.0,1,1.0,1,1.0,1,0.24725338139806544,54
4578,1,7509,3644,3865,0,0,0,1.0,1,1.0,1,1.0,1,0.27341461518092053,54
4579,1,7510,3644,3866,0,0,0,1.0,1,1.0,1,1.0,1,0.25050875683727364,54
4580,0,7510,3644,3866,0,0,0,1.0,1,1.0,1,1.0,1,0.24453672208209606,55
4581,2,7512,3645,3867,0,0,0,1.0,1,1.0,1,1.0,1,0.2619742024538227,56
4582,0,7512,3645,3867,0,0,0,1.0,1,1.0,1,1.0,1,0.2619742024538227,56
4583,1,7513,3646,3867,0,0,0,1.0,1,1.0,1,1.0,1,0.2736432290051602,57
4584,1,7514,3647,3867,0,0,0,1.0,1,1.0,1,1.0,1,0.2979643627721661,57
4585,1,7515,3647,3868,0,0,0,1.0,1,1.0,1,1.0,1,0.28641524387237705,57
4586,0,7515,3647,3868,0,0,0,1.0,1,1.0,1,1.0,1,0.28641524387237705,57
4587,0,7515,3647,3868,0,0,0,1.0,1,1.0,1,1.0,1,0.28641524387237705,57
4588,0,7515,3647,3868,0,0,0,1.0,1,1.0,1,1.0,1,0.2955662501366296,58
4589,0,7515,3647,3868,0,0,0,1.0,1,1.0,1,1.0,1,0.2989185504861218,59
4590,0,7515,3647,3868,0,0,0,1.0,1,1.0,1,1.0,1,0.30559694588812863,60
4591,3,7518,3647,3871,0,0,0,1.0,1,1.0,1,1.0,1,0.2846847040768247,61
4592,0,7518,3647,3871,0,0,0,1.0,1,1.0,1,1.0,1,0.29038908879430775,62
4593,4,7522,3648,3874,0,0,0,1.0,1,1.0,1,1.0,1,0.2565563847981459,64
4594,1,7523,3648,3875,0,0,0,1.0,1,1.0,1,1.0,1,0.24969324982302038,64
4595,0,7523,3648,3875,0,0,0,1.0,1,1.0,1,1.0,1,0.26075365327106514,63
4596,0,7523,3648,3875,0,0,0,1.0,1,1.0,1,1.0,1,0.26075365327106514,63
4597,2,7525,3650,3875,0,0,0,1.0,1,1.0,1,1.0,1,0.25276847877509917,63
4598,3,7528,3651,3877,0,0,0,1.0,1,1.0,1,1.0,1,0.21289334835174614,65
4599,2,7530,3652,3878,0,0,0,1.0,1,1.0,1,1.0,1,0.20562644640703084,66
4600,1,7531,3653,3878,0,0,0,1.0,1,1.0,1,1.0,1,0.22304939747009,67
4601,2,7533,3653,3880,0,0,0,1.0,1,1.0,1,1.0,1,0.19603182794735505,67
4602,1,7534,3653,3881,0,0,0,1.0,1,1.0,1,1.0,1,0.17569225555656934,69
4603,1,7535,3654,3881,0,0,0,1.0,1,1.0,1,1.0,1,0.19412411947438254,69
4604,0,7535,3654,3881,0,0,0,1.0,1,1.0,1,1.0,1,0.19412411947438254,69
4605,3,7538,3654,3884,0,0,0,1.0,1,1.0,1,1.0,1,0.17566799764727484,70
4606,0,7538,3654,3884,0,0,0,1.0,1,1.0,1,1.0,1,0.17566799764727484,70
4607,1,7539,3655,3884,0,0,0,1.0,1,1.0,1,1.0,1,0.20239247559389573,72
4608,1,7540,3655,3885,0,0,0,1.0,1,1.0,1,1.0,1,0.19952794224546871,73
4609,2,7542,3655,3887,0,0,0,1.0,1,1.0,1,1.0,1,0.17278841293449881,72
4610,2,7544,3656,3888,0,0,0,1.0,1,1.0,1,1.0,1,0.15968727772447128,72
4611,0,7544,3656,3888,0,0,0,1.0,1,1.0,1,1.0,1,0.15310104912647762,71
4612,1,7545,3657,3888,0,0,0,1.0,1,1.0,1,1.0,1,0.1705372424525931,70
4613,0,7545,3657,3888,0,0,0,1.0,1,1.0,1,1.0,1,0.16646512882173617,69
4614,0,7545,3657,3888,0,0,0,1.0,1,1.0,1,1.0,1,0.19405531949088145,68
4615,3,7548,3659,3889,0,0,0,1.0,1,1.0,1,1.0,1,0.19085104605325018,68
4616,0,7548,3659,3889,0,0,0,1.0,1,1.0,1,1.0,1,0.22609450309502513,65
4617,1,7549,3660,3889,0,0,0,1.0,1,1.0,1,1.0,1,0.2177314995725465,66
4618,1,7550,3661,3889,0,0,0,1.0,1,1.0,1,1.0,1,0.23800681416843145,66
4619,0,7550,3661,3889,0,0,0,1.0,1,1.0,1,1.0,1,0.24527594313334247,65
4620,0,7550,3661,3889,0,0,0,1.0,1,1.0,1,1.0,1,0.24527594313334247,65
4621,9,7559,3665,3894,0,0,0,1.0,1,1.0,1,1.0,1,0.2301120158012786,67
4622,2,7561,3666,3895,0,0,0,1.0,1,1.0,1,1.0,1,0.23802915099977082,65
4623,3,7564,3669,3895,0,0,0,1.0,1,1.0,1,1.0,1,0.28229762325762586,66
4624,2,7566,3671,3895,0,0,0,1.0,1,1.0,1,1.0,1,0.2833793010132993,65
4625,5,7571,3672,3899,0,0,0,1.0,1,1.0,1,1.0,1,0.23165064574192226,64
4626,3,7574,3674,3900,0,0,0,1.0,1,1.0,1,1.0,1,0.22027633712068004,63
4627,2,7576,3675,3901,0,0,0,1.0,1,1.0,1,1.0,1,0.20675915079651025,65
4628,0,7576,3675,3901,0,0,0,1.0,1,1.0,1,1.0,1,0.21287138765218652,64
4629,4,7580,3676,3904,0,0,0,1.0,1,1.0,1,1.0,1,0.2013193253577623,64
4630,3,7583,3677,3906,0,0,0,1.0,1,1.0,1,1.0,1,0.1580694153022096,64
4631,2,7585,3678,3907,0,0,0,1.0,1,1.0,1,1.0,1,0.20111007179226167,66
4632,1,7586,3678,3908,0,0,0,1.0,1,1.0,1,1.0,1,0.198522751570532,65
4633,1,7587,3678,3909,0,0,0,1.0,1,1.0,1,1.0,1,0.18251330319880124,66
4634,0,7587,3678,3909,0,0,0,1.0,1,1.0,1,1.0,1,0.18251330319880124,66
4635,1,7588,3679,3909,0,0,0,1.0,1,1.0,1,1.0,1,0.187647388217424,66
4636,0,7588,3679,3909,0,0,0,1.0,1,1.0,1,1.0,1,0.187647388217424,66
4637,3,7591,3679,3912,0,0,0,1.0,1,1.0,1,1.0,1,0.15792094662090322,68
4638,0,7591,3679,3912,0,0,0,1.0,1,1.0,1,1.0,1,0.15792094662090322,68
4639,2,7593,3680,3913,0,0,0,1.0,1,1.0,1,1.0,1,0.17469713003883167,69
4640,0,7593,3680,3913,0,0,0,1.0,1,1.0,1,1.0,1,0.17469713003883167,69
4641,2,7595,3680,3915,0,0,0,1.0,1,1.0,1,1.0,1,0.1506136196390021,70
4642,0,7595,3680,3915,0,0,0,1.0,1,1.0,1,1.0,1,0.16328099766741666,69
4643,2,7597,3681,3916,0,0,0,1.0,1,1.0,1,1.0,1,0.1654880417685659,70
4644,1,7598,3682,3916,0,0,0,1.0,1,1.0,1,1.0,1,0.19860165101285235,69
4645,2,7600,3682,3918,0,0,0,1.0,1,1.0,1,1.0,1,0.17820559504091035,70
4646,2,7602,3683,3919,0,0,0,1.0,1,1.0,1,1.0,1,0.20265438720831544,68
4647,2,7604,3685,3919,0,0,0,1.0,1,1.0,1,1.0,1,0.219734247399454,68
4648,1,7605,3685,3920,0,0,0,1.0,1,1.0,1,1.0,1,0.2461041780557622,67
4649,3,7608,3686,3922,0,0,0,1.0,1,1.0,1,1.0,1,0.27087670945139025,67
4650,0,7608,3686,3922,0,0,0,1.0,1,1.0,1,1.0,1,0.24961931138320362,67
4651,4,7612,3689,3923,0,0,0,1.0,1,1.0,1,1.0,1,0.24869341379395285,68
4652,3,7615,3690,3925,0,0,0,1.0,1,1.0,1,1.0,1,0.23654578506160284,66
4653,1,7616,3691,3925,0,0,0,1.0,1,1.0,1,1.0,1,0.22000449244370454,64
4654,2,7618,3692,3926,0,0,0,1.0,1,1.0,1,1.0,1,0.25483687578621067,65
4655,1,7619,3692,3927,0,0,0,1.0,1,1.0,1,1.0,1,0.2428444003219161,64
4656,1,7620,3693,3927,0,0,0,1.0,1,1.0,1,1.0,1,0.2592065104214835,65
4657,4,7624,3695,3929,0,0,0,1.0,1,1.0,1,1.0,1,0.25034049720065205,66
4658,1,7625,3696,3929,0,0,0,1.0,1,1.0,1,1.0,1,0.290293060421521,65
4659,1,7626,3696,3930,0,0,0,1.0,1,1.0,1,1.0,1,0.2809661746971061,65
4660,0,7626,3696,3930,0,0,0,1.0,1,1.0,1,1.0,1,0.29013315666270934,66
4661,1,7627,3696,3931,0,0,0,1.0,1,1.0,1,1.0,1,0.2910693278440451,66
4662,3,7630,3697,3933,0,0,0,1.0,1,1.0,1,1.0,1,0.2713870095332036,68
4663,0,7630,3697,3933,0,0,0,1.0,1,1.0,1,1.0,1,0.2722151490044683,67
4664,3,7633,3698,3935,0,0,0,1.0,1,1.0,1,1.0,1,0.2700827227937322,67
4665,3,7636,3699,3937,0,0,0,1.0,1,1.0,1,1.0,1,0.2554145811144491,67
4666,0,7636,3699,3937,0,0,0,1.0,1,1.0,1,1.0,1,0.2714260931208956,67
4667,1,7637,3700,3937,0,0,0,1.0,1,1.0,1,1.0,1,0.2730226528224468,66
4668,3,7640,3702,3938,0,0,0,1.0,1,1.0,1,1.0,1,0.2891713809520066,66
4669,5,7645,3703,3942,0,0,0,1.0,1,1.0,1,1.0,1,0.24812221309623533,66
4670,0,7645,3703,3942,0,0,0,1.0,1,1.0,1,1.0,1,0.2660762330115097,64
4671,0,7645,3703,3942,0,0,0,1.0,1,1.0,1,1.0,1,0.2660762330115097,64
4672,5,7650,3705,3945,0,0,0,1.0,1,1.0,1,1.0,1,0.2787393490203157,64
4673,5,7655,3705,3950,0,0,0,1.0,1,1.0,1,1.0,1,0.22938893262126708,65
4674,4,7659,3707,3952,0,0,0,1.0,1,1.0,1,1.0,1,0.2107594673476759,66
4675,2,7661,3708,3953,0,0,0,1.0,1,1.0,1,1.0,1,0.22703271209004983,65
4676,0,7661,3708,3953,0,0,0,1.0,1,1.0,1,1.0,1,0.24478989763919184,65
4677,2,7663,3708,3955,0,0,0,1.0,1,1.0,1,1.0,1,0.2353659838764143,65
4678,0,7663,3708,3955,0,0,0,1.0,1,1.0,1,1.0,1,0.24590195380278182,64
4679,1,7664,3709,3955,0,0,0,1.0,1,1.0,1,1.0,1,0.2427191814594595,66
4680,1,7665,3709,3956,0,0,0,1.0,1,1.0,1,1.0,1,0.25130422551002685,67
4681,3,7668,3710,3958,0,0,0,1.0,1,1.0,1,1.0,1,0.24033391543027338,67
4682,7,7675,3712,3963,0,0,0,1.0,1,1.0,1,1.0,1,0.21052325390623083,67
4683,2,7677,3713,3964,0,0,0,1.0,1,1.0,1,1.0,1,0.20329038612139425,67
4684,0,7677,3713,3964,0,0,0,1.0,1,1.0,1,1.0,1,0.19398755420159922,66
4685,1,7678,3713,3965,0,0,0,1.0,1,1.0,1,1.0,1,0.17537478435436255,65
4686,1,7679,3714,3965,0,0,0,1.0,1,1.0,1,1.0,1,0.20013575115398372,65
4687,0,7679,3714,3965,0,0,0,1.0,1,1.0,1,1.0,1,0.1919169327111377,65
4688,2,7681,3716,3965,0,0,0,1.0,1,1.0,1,1.0,1,0.23485235220824796,64
4689,4,7685,3718,3967,0,0,0,1.0,1,1.0,1,1.0,1,0.27552444892767597,65
4690,0,7685,3718,3967,0,0,0,1.0,1,1.0,1,1.0,1,0.29668279765730177,63
4691,5,7690,3721,3969,0,0,0,1.0,1,1.0,1,1.0,1,0.31141512994600795,64
4692,0,7690,3721,3969,0,0,0,1.0,1,1.0,1,1.0,1,0.2782448481351825,63
4693,2,7692,3721,3971,0,0,0,1.0,1,1.0,1,1.0,1,0.274483076128352,64
4694,0,7692,3721,3971,0,0,0,1.0,1,1.0,1,1.0,1,0.2649766089791158,63
4695,1,7693,3721,3972,0,0,0,1.0,1,1.0,1,1.0,1,0.26036270123439825,62
4696,1,7694,3721,3973,0,0,0,1.0,1,1.0,1,1.0,1,0.24718052625204665,61
4697,3,7697,3722,3975,0,0,0,1.0,1,1.0,1,1.0,1,0.22147426911546156,63
4698,1,7698,3722,3976,0,0,0,1.0,1,1.0,1,1.0,1,0.2130460209403545,63
4699,0,7698,3722,3976,0,0,0,1.0,1,1.0,1,1.0,1,0.21175533900584284,65
4700,2,7700,3722,3978,0,0,0,1.0,1,1.0,1,1.0,1,0.2226556491552474,64
4701,3,7703,3724,3979,0,0,0,1.0,1,1.0,1,1.0,1,0.23580791553309027,64
4702,0,7703,3724,3979,0,0,0,1.0,1,1.0,1,1.0,1,0.23887143700191227,66
4703,2,7705,3726,3979,0,0,0,1.0,1,1.0,1,1.0,1,0.24552638886394365,65
4704,3,7708,3727,3981,0,0,0,1.0,1,1.0,1,1.0,1,0.22497592765605245,64
4705,5,7713,3729,3984,0,0,0,1.0,1,1.0,1,1.0,1,0.24497398933801506,65
4706,2,7715,3731,3984,0,0,0,1.0,1,1.0,1,1.0,1,0.2599244051463017,65
4707,2,7717,3732,3985,0,0,0,1.0,1,1.0,1,1.0,1,0.2677113889712476,63
4708,1,7718,3733,3985,0,0,0,1.0,1,1.0,1,1.0,1,0.27886432315455256,62
4709,10,7728,3738,3990,0,0,0,1.0,1,1.0,1,1.0,1,0.2652834867058325,61
4710,0,7728,3738,3990,0,0,0,1.0,1,1.0,1,1.0,1,0.2658957251181015,60
4711,3,7731,3741,3990,0,0,0,1.0,1,1.0,1,1.0,1,0.27265875231302317,59
4712,0,7731,3741,3990,0,0,0,1.0,1,1.0,1,1.0,1,0.2705818410475191,58
4713,4,7735,3742,3993,0,0,0,1.0,1,1.0,1,1.0,1,0.25563940755857956,58
4714,0,7735,3742,3993,0,0,0,1.0,1,1.0,1,1.0,1,0.25608172628244175,57
4715,0,7735,3742,3993,0,0,0,1.0,1,1.0,1,1.0,1,0.26252478796683776,57
4716,1,7736,3743,3993,0,0,0,1.0,1,1.0,1,1.0,1,0.2817715937171763,55
4717,5,7741,3744,3997,0,0,0,1.0,1,1.0,1,1.0,1,0.22987086597980483,57
4718,1,7742,3744,3998,0,0,0,1.0,1,1.0,1,1.0,1,0.20947622048236278,56
4719,3,7745,3745,4000,0,0,0,1.0,1,1.0,1,1.0,1,0.21493330453775003,56
4720,0,7745,3745,4000,0,0,0,1.0,1,1.0,1,1.0,1,0.21757143682170185,57
4721,1,7746,3745,4001,0,0,0,1.0,1,1.0,1,1.0,1,0.2017913717418693,57
4722,2,7748,3746,4002,0,0,0,1.0,1,1.0,1,1.0,1,0.1848480119772243,57
4723,2,7750,3747,4003,0,0,0,1.0,1,1.0,1,1.0,1,0.1861074546205773,57
4724,0,7750,3747,4003,0,0,0,1.0,1,1.0,1,1.0,1,0.1876339741344737,57
4725,0,7750,3747,4003,0,0,0,1.0,1,1.0,1,1.0,1,0.22600532957080355,57
4726,3,7753,3749,4004,0,0,0,1.0,1,1.0,1,1.0,1,0.2456018829660824,57
4727,0,7753,3749,4004,0,0,0,1.0,1,1.0,1,1.0,1,0.25745965792483244,56
4728,0,7753,3749,4004,0,0,0,1.0,1,1.0,1,1.0,1,0.2619145685461405,57
4729,1,7754,3749,4005,0,0,0,1.0,1,1.0,1,1.0,1,0.2724528976930065,56
4730,0,7754,3749,4005,0,0,0,1.0,1,1.0,1,1.0,1,0.28679974181844414,54
4731,1,7755,3749,4006,0,0,0,1.0,1,1.0,1,1.0,1,0.2704257697093509,54
4732,3,7758,3752,4006,0,0,0,1.0,1,1.0,1,1.0,1,0.3009410862073991,54
4733,2,7760,3753,4007,0,0,0,1.0,1,1.0,1,1.0,1,0.3121650385091059,55
4734,1,7761,3753,4008,0,0,0,1.0,1,1.0,1,1.0,1,0.3136725761358822,56
4735,1,7762,3754,4008,0,0,0,1.0,1,1.0,1,1.0,1,0.32401186062808857,56
4736,3,7765,3755,4010,0,0,0,1.0,1,1.0,1,1.0,1,0.3103709964913074,58
4737,0,7765,3755,4010,0,0,0,1.0,1,1.0,1,1.0,1,0.3043601490139195,59
4738,5,7770,3759,4011,0,0,0,1.0,1,1.0,1,1.0,1,0.3482363339264409,60
4739,3,7773,3759,4014,0,0,0,1.0,1,1.0,1,1.0,1,0.32064653804809407,60
4740,0,7773,3759,4014,0,0,0,1.0,1,1.0,1,1.0,1,0.32064653804809407,60
4741,1,7774,3760,4014,0,0,0,1.0,1,1.0,1,1.0,1,0.3403555741278473,61
4742,2,7776,3760,4016,0,0,0,1.0,1,1.0,1,1.0,1,0.30880266962974623,61
4743,1,7777,3761,4016,0,0,0,1.0,1,1.0,1,1.0,1,0.3116365205005225,60
4744,6,7783,3763,4020,0,0,0,1.0,1,1.0,1,1.0,1,0.2738879501469569,60
4745,3,7786,3764,4022,0,0,0,1.0,1,1.0,1,1.0,1,0.2536852495023373,59
4746,1,7787,3765,4022,0,0,0,1.0,1,1.0,1,1.0,1,0.26693238402567077,59
4747,2,7789,3766,4023,0,0,0,1.0,1,1.0,1,1.0,1,0.2337208729420486,58
4748,4,7793,3768,4025,0,0,0,1.0,1,1.0,1,1.0,1,0.2143973637995447,58
4749,2,7795,3768,4027,0,0,0,1.0,1,1.0,1,1.0,1,0.1850698160992936,58
4750,0,7795,3768,4027,0,0,0,1.0,1,1.0,1,1.0,1,0.18470844822367308,56
4751,2,7797,3770,4027,0,0,0,1.0,1,1.0,1,1.0,1,0.19282199223862934,58
4752,0,7797,3770,4027,0,0,0,1.0,1,1.0,1,1.0,1,0.1789138525975135,55
4753,2,7799,3771,4028,0,0,0,1.0,1,1.0,1,1.0,1,0.16480661760173124,55
4754,3,7802,3774,4028,0,0,0,1.0,1,1.0,1,1.0,1,0.20482692610487793,54
4755,1,7803,3775,4028,0,0,0,1.0,1,1.0,1,1.0,1,0.21740710911729225,54
4756,2,7805,3777,4028,0,0,0,1.0,1,1.0,1,1.0,1,0.2385422809144633,54
4757,3,7808,3777,4031,0,0,0,1.0,1,1.0,1,1.0,1,0.19580776999002147,53
4758,0,7808,3777,4031,0,0,0,1.0,1,1.0,1,1.0,1,0.19580776999002147,53
4759,1,7809,3777,4032,0,0,0,1.0,1,1.0,1,1.0,1,0.17881102456911424,53
4760,1,7810,3778,4032,0,0,0,1.0,1,1.0,1,1.0,1,0.21921538219537545,53
4761,4,7814,3779,4035,0,0,0,1.0,1,1.0,1,1.0,1,0.2149842316541193,52
4762,6,7820,3782,4038,0,0,0,1.0,1,1.0,1,1.0,1,0.2453658066378302,54
4763,4,7824,3784,4040,0,0,0,1.0,1,1.0,1,1.0,1,0.23737675398840077,54
4764,2,7826,3784,4042,0,0,0,1.0,1,1.0,1,1.0,1,0.20362100663476537,55
4765,2,7828,3786,4042,0,0,0,1.0,1,1.0,1,1.0,1,0.26220032099743573,56
4766,2,7830,3787,4043,0,0,0,1.0,1,1.0,1,1.0,1,0.24874398873522008,58
4767,2,7832,3788,4044,0,0,0,1.0,1,1.0,1,1.0,1,0.23313090294087196,59
4768,2,7834,3789,4045,0,0,0,1.0,1,1.0,1,1.0,1,0.2259566157302744,60
4769,0,7834,3789,4045,0,0,0,1.0,1,1.0,1,1.0,1,0.229212131001734,59
4770,0,7834,3789,4045,0,0,0,1.0,1,1.0,1,1.0,1,0.23988491575012807,60
4771,0,7834,3789,4045,0,0,0,1.0,1,1.0,1,1.0,1,0.2548326851182342,59
4772,1,7835,3790,4045,0,0,0,1.0,1,1.0,1,1.0,1,0.24365872192452,59
4773,1,7836,3790,4046,0,0,0,1.0,1,1.0,1,1.0,1,0.22344898943214794,60
4774,0,7836,3790,4046,0,0,0,1.0,1,1.0,1,1.0,1,0.22344898943214794,60
4775,2,7838,3790,4048,0,0,0,1.0,1,1.0,1,1.0,1,0.20986770469894417,62
4776,0,7838,3790,4048,0,0,0,1.0,1,1.0,1,1.0,1,0.200302214759131,63
4777,1,7839,3790,4049,0,0,0,1.0,1,1.0,1,1.0,1,0.18259788086924603,63
4778,0,7839,3790,4049,0,0,0,1.0,1,1.0,1,1.0,1,0.18259788086924603,63
4779,1,7840,3791,4049,0,0,0,1.0,1,1.0,1,1.0,1,0.19187130623052298,63
4780,3,7843,3792,4051,0,0,0,1.0,1,1.0,1,1.0,1,0.19862064727719825,65
4781,3,7846,3792,4054,0,0,0,1.0,1,1.0,1,1.0,1,0.18806849902688544,64
4782,0,7846,3792,4054,0,0,0,1.0,1,1.0,1,1.0,1,0.19885288686349276,65
4783,5,7851,3794,4057,0,0,0,1.0,1,1.0,1,1.0,1,0.18074793517087542,66
4784,2,7853,3796,4057,0,0,0,1.0,1,1.0,1,1.0,1,0.16744197055645219,64
4785,5,7858,3797,4061,0,0,0,1.0,1,1.0,1,1.0,1,0.15453161495070292,65
4786,5,7863,3800,4063,0,0,0,1.0,1,1.0,1,1.0,1,0.19309586332665882,66
4787,3,7866,3802,4064,0,0,0,1.0,1,1.0,1,1.0,1,0.16327094722752478,63
4788,3,7869,3805,4064,0,0,0,1.0,1,1.0,1,1.0,1,0.1948803402606311,63
4789,4,7873,3808,4065,0,0,0,1.0,1,1.0,1,1.0,1,0.182588170488798,60
4790,5,7878,3811,4067,0,0,0,1.0,1,1.0,1,1.0,1,0.16953428918707836,61
4791,3,7881,3814,4067,0,0,0,1.0,1,1.0,1,1.0,1,0.18792892479480555,59
4792,1,7882,3815,4067,0,0,0,1.0,1,1.0,1,1.0,1,0.1829041097062729,59
4793,4,7886,3816,4070,0,0,0,1.0,1,1.0,1,1.0,1,0.15616620402070447,61
4794,2,7888,3817,4071,0,0,0,1.0,1,1.0,1,1.0,1,0.13619071302555213,60
4795,0,7888,3817,4071,0,0,0,1.0,1,1.0,1,1.0,1,0.1394545895304255,61
4796,2,7890,3819,4071,0,0,0,1.0,1,1.0,1,1.0,1,0.1729544450664814,60
4797,4,7894,3822,4072,0,0,0,1.0,1,1.0,1,1.0,1,0.18604804313563694,61
4798,3,7897,3823,4074,0,0,0,1.0,1,1.0,1,1.0,1,0.1580825406115003,61
4799,1,7898,3823,4075,0,0,0,1.0,1,1.0,1,1.0,1,0.17318749694995014,59
4800,0,7898,3823,4075,0,0,0,1.0,1,1.0,1,1.0,1,0.20082439879493402,57
4801,5,7903,3825,4078,0,0,0,1.0,1,1.0,1,1.0,1,0.14427477940014322,58
4802,0,7903,3825,4078,0,0,0,1.0,1,1.0,1,1.0,1,0.161075125171016,56
4803,1,7904,3826,4078,0,0,0,1.0,1,1.0,1,1.0,1,0.17941071192436694,57
4804,2,7906,3827,4079,0,0,0,1.0,1,1.0,1,1.0,1,0.1554247722560918,55
4805,1,7907,3828,4079,0,0,0,1.0,1,1.0,1,1.0,1,0.1604572984227576,56
4806,0,7907,3828,4079,0,0,0,1.0,1,1.0,1,1.0,1,0.15453507798014157,55
4807,0,7907,3828,4079,0,0,0,1.0,1,1.0,1,1.0,1,0.16793157860393762,53
4808,1,7908,3828,4080,0,0,0,1.0,1,1.0,1,1.0,1,0.1709907284813773,54
4809,0,7908,3828,4080,0,0,0,1.0,1,1.0,1,1.0,1,0.20328016742839244,53
4810,1,7909,3829,4080,0,0,0,1.0,1,1.0,1,1.0,1,0.2004970016302272,53
4811,0,7909,3829,4080,0,0,0,1.0,1,1.0,1,1.0,1,0.19096580216243306,54
4812,5,7914,3832,4082,0,0,0,1.0,1,1.0,1,1.0,1,0.17146597129645685,54
4813,2,7916,3832,4084,0,0,0,1.0,1,1.0,1,1.0,1,0.14255242223828335,55
4814,2,7918,3834,4084,0,0,0,1.0,1,1.0,1,1.0,1,0.179640970932655,55
4815,1,7919,3834,4085,0,0,0,1.0,1,1.0,1,1.0,1,0.17078985213291376,56
4816,2,7921,3836,4085,0,0,0,1.0,1,1.0,1,1.0,1,0.19991285396035782,56
4817,7,7928,3838,4090,0,0,0,1.0,1,1.0,1,1.0,1,0.20165214567808531,58
4818,2,7930,3840,4090,0,0,0,1.0,1,1.0,1,1.0,1,0.24351901801659903,58
4819,0,7930,3840,4090,0,0,0,1.0,1,1.0,1,1.0,1,0.24431148921221083,58
4820,2,7932,3841,4091,0,0,0,1.0,1,1.0,1,1.0,1,0.24326733962753977,58
4821,4,7936,3842,4094,0,0,0,1.0,1,1.0,1,1.0,1,0.17725516667631783,58
4822,1,7937,3842,4095,0,0,0,1.0,1,1.0,1,1.0,1,0.15953519311251121,58
4823,1,7938,3843,4095,0,0,0,1.0,1,1.0,1,1.0,1,0.1751409187319305,57
4824,2,7940,3845,4095,0,0,0,1.0,1,1.0,1,1.0,1,0.19203017619032894,56
4825,3,7943,3845,4098,0,0,0,1.0,1,1.0,1,1.0,1,0.16580243760855196,57
4826,3,7946,3846,4100,0,0,0,1.0,1,1.0,1,1.0,1,0.1592335741483197,57
4827,0,7946,3846,4100,0,0,0,1.0,1,1.0,1,1.0,1,0.19479319646033938,56
4828,0,7946,3846,4100,0,0,0,1.0,1,1.0,1,1.0,1,0.1769018104252714,57
4829,1,7947,3846,4101,0,0,0,1.0,1,1.0,1,1.0,1,0.1641613968502549,56
4830,1,7948,3847,4101,0,0,0,1.0,1,1.0,1,1.0,1,0.15771002226074046,57
4831,1,7949,3848,4101,0,0,0,1.0,1,1.0,1,1.0,1,0.1996656152486768,57
4832,0,7949,3848,4101,0,0,0,1.0,1,1.0,1,1.0,1,0.20797709132714834,55
4833,3,7952,3850,4102,0,0,0,1.0,1,1.0,1,1.0,1,0.22593083992912563,55
4834,3,7955,3851,4104,0,0,0,1.0,1,1.0,1,1.0,1,0.22971304451598695,55
4835,1,7956,3851,4105,0,0,0,1.0,1,1.0,1,1.0,1,0.2232727001749404,55
4836,1,7957,3851,4106,0,0,0,1.0,1,1.0,1,1.0,1,0.20639354279670258,55
4837,1,7958,3851,4107,0,0,0,1.0,1,1.0,1,1.0,1,0.16533305841544196,53
4838,1,7959,3852,4107,0,0,0,1.0,1,1.0,1,1.0,1,0.17330902002788773,54
4839,4,7963,3856,4107,0,0,0,1.0,1,1.0,1,1.0,1,0.20894789426154084,53
4840,2,7965,3857,4108,0,0,0,1.0,1,1.0,1,1.0,1,0.20793709538038807,52
4841,3,7968,3859,4109,0,0,0,1.0,1,1.0,1,1.0,1,0.2107339302061609,51
4842,3,7971,3861,4110,0,0,0,1.0,1,1.0,1,1.0,1,0.23824490300645138,50
4843,7,7978,3865,4113,0,0,0,1.0,1,1.0,1,1.0,1,0.2446577868411529,51
4844,0,7978,3865,4113,0,0,0,1.0,1,1.0,1,1.0,1,0.22657314830203298,50
4845,3,7981,3866,4115,0,0,0,1.0,1,1.0,1,1.0,1,0.22751277324065075,49
4846,3,7984,3867,4117,0,0,0,1.0,1,1.0,1,1.0,1,0.17730749083786454,49
4847,0,7984,3867,4117,0,0,0,1.0,1,1.0,1,1.0,1,0.17020495969453484,48
4848,1,7985,3868,4117,0,0,0,1.0,1,1.0,1,1.0,1,0.17184756531214082,48
4849,0,7985,3868,4117,0,0,0,1.0,1,1.0,1,1.0,1,0.1471863892968796,48
4850,0,7985,3868,4117,0,0,0,1.0,1,1.0,1,1.0,1,0.14697630243259582,49
4851,1,7986,3869,4117,0,0,0,1.0,1,1.0,1,1.0,1,0.15845938207477717,49
4852,0,7986,3869,4117,0,0,0,1.0,1,1.0,1,1.0,1,0.17255040073551164,49
4853,1,7987,3870,4117,0,0,0,1.0,1,1.0,1,1.0,1,0.19652190557052632,50
4854,2,7989,3871,4118,0,0,0,1.0,1,1.0,1,1.0,1,0.19414537559653489,51
4855,0,7989,3871,4118,0,0,0,1.0,1,1.0,1,1.0,1,0.19414537559653489,51
4856,0,7989,3871,4118,0,0,0,1.0,1,1.0,1,1.0,1,0.18973550434267944,50
4857,2,7991,3871,4120,0,0,0,1.0,1,1.0,1,1.0,1,0.1631052348068076,51
4858,0,7991,3871,4120,0,0,0,1.0,1,1.0,1,1.0,1,0.1715639366114041,51
4859,1,7992,3871,4121,0,0,0,1.0,1,1.0,1,1.0,1,0.17742039959091305,52
4860,0,7992,3871,4121,0,0,0,1.0,1,1.0,1,1.0,1,0.17742039959091305,52
4861,0,7992,3871,4121,0,0,0,1.0,1,1.0,1,1.0,1,0.19267707255853112,53
4862,2,7994,3873,4121,0,0,0,1.0,1,1.0,1,1.0,1,0.2380647069924608,53
4863,0,7994,3873,4121,0,0,0,1.0,1,1.0,1,1.0,1,0.22346183505270192,51
4864,2,7996,3874,4122,0,0,0,1.0,1,1.0,1,1.0,1,0.24903730759970893,53
4865,3,7999,3874,4125,0,0,0,1.0,1,1.0,1,1.0,1,0.17347385291229303,52
4866,2,8001,3875,4126,0,0,0,1.0,1,1.0,1,1.0,1,0.19811706581612548,53
4867,2,8003,3875,4128,0,0,0,1.0,1,1.0,1,1.0,1,0.180960524092221,51
4868,4,8007,3877,4130,0,0,0,1.0,1,1.0,1,1.0,1,0.16147981803970027,53
4869,1,8008,3877,4131,0,0,0,1.0,1,1.0,1,1.0,1,0.14874258359009748,53
4870,2,8010,3879,4131,0,0,0,1.0,1,1.0,1,1.0,1,0.1801655821268713,55
4871,3,8013,3880,4133,0,0,0,1.0,1,1.0,1,1.0,1,0.1806555988929025,55
4872,6,8019,3882,4137,0,0,0,1.0,1,1.0,1,1.0,1,0.1506035054815343,56
4873,3,8022,3884,4138,0,0,0,1.0,1,1.0,1,1.0,1,0.1286044317214541,56
4874,1,8023,3885,4138,0,0,0,1.0,1,1.0,1,1.0,1,0.13290683861090183,58
4875,2,8025,3886,4139,0,0,0,1.0,1,1.0,1,1.0,1,0.16605189097975043,56
4876,0,8025,3886,4139,0,0,0,1.0,1,1.0,1,1.0,1,0.18946536061437017,56
4877,6,8031,3888,4143,0,0,0,1.0,1,1.0,1,1.0,1,0.17086092969503716,54
4878,1,8032,3888,4144,0,0,0,1.0,1,1.0,1,1.0,1,0.15000614084563685,54
4879,3,8035,3891,4144,0,0,0,1.0,1,1.0,1,1.0,1,0.17352629456427446,54
4880,2,8037,3891,4146,0,0,0,1.0,1,1.0,1,1.0,1,0.15216557525599023,53
4881,0,8037,3891,4146,0,0,0,1.0,1,1.0,1,1.0,1,0.1527024904826016,54
4882,1,8038,3892,4146,0,0,0,1.0,1,1.0,1,1.0,1,0.17231340497814368,52
4883,1,8039,3893,4146,0,0,0,1.0,1,1.0,1,1.0,1,0.20005195527145983,54
4884,0,8039,3893,4146,0,0,0,1.0,1,1.0,1,1.0,1,0.18836872320613107,52
4885,1,8040,3894,4146,0,0,0,1.0,1,1.0,1,1.0,1,0.23344320241683816,51
4886,0,8040,3894,4146,0,0,0,1.0,1,1.0,1,1.0,1,0.2320150301683954,50
4887,0,8040,3894,4146,0,0,0,1.0,1,1.0,1,1.0,1,0.2375035172075128,49
4888,0,8040,3894,4146,0,0,0,1.0,1,1.0,1,1.0,1,0.2532029032101512,48
4889,0,8040,3894,4146,0,0,0,1.0,1,1.0,1,1.0,1,0.2532029032101512,48
4890,0,8040,3894,4146,0,0,0,1.0,1,1.0,1,1.0,1,0.2532029032101512,48
4891,2,8042,3896,4146,0,0,0,1.0,1,1.0,1,1.0,1,0.2841339447969459,49
4892,1,8043,3896,4147,0,0,0,1.0,1,1.0,1,1.0,1,0.29270180290907366,51
4893,0,8043,3896,4147,0,0,0,1.0,1,1.0,1,1.0,1,0.2939180930721779,51
4894,1,8044,3896,4148,0,0,0,1.0,1,1.0,1,1.0,1,0.2750004139294921,52
4895,2,8046,3897,4149,0,0,0,1.0,1,1.0,1,1.0,1,0.2490111943982387,52
4896,1,8047,3897,4150,0,0,0,1.0,1,1.0,1,1.0,1,0.23730720689708593,51
4897,1,8048,3897,4151,0,0,0,1.0,1,1.0,1,1.0,1,0.22721484772400696,52
4898,1,8049,3898,4151,0,0,0,1.0,1,1.0,1,1.0,1,0.20946357831491103,52
4899,1,8050,3898,4152,0,0,0,1.0,1,1.0,1,1.0,1,0.20330769822432251,53
4900,1,8051,3899,4152,0,0,0,1.0,1,1.0,1,1.0,1,0.16883441816750172,54
4901,2,8053,3901,4152,0,0,0,1.0,1,1.0,1,1.0,1,0.1809965221170681,54
4902,1,8054,3902,4152,0,0,0,1.0,1,1.0,1,1.0,1,0.20221570978954193,55
4903,1,8055,3902,4153,0,0,0,1.0,1,1.0,1,1.0,1,0.2190323810586556,56
4904,1,8056,3903,4153,0,0,0,1.0,1,1.0,1,1.0,1,0.24322901892267135,55
4905,2,8058,3903,4155,0,0,0,1.0,1,1.0,1,1.0,1,0.22058801309237283,54
4906,7,8065,3906,4159,0,0,0,1.0,1,1.0,1,1.0,1,0.2286444704658745,54
4907,0,8065,3906,4159,0,0,0,1.0,1,1.0,1,1.0,1,0.22870103127606067,54
4908,2,8067,3907,4160,0,0,0,1.0,1,1.0,1,1.0,1,0.22805222177551815,53
4909,6,8073,3908,4165,0,0,0,1.0,1,1.0,1,1.0,1,0.21269276566761697,54
4910,0,8073,3908,4165,0,0,0,1.0,1,1.0,1,1.0,1,0.21646915641154005,55
4911,6,8079,3910,4169,0,0,0,1.0,1,1.0,1,1.0,1,0.18831769426151257,57
4912,0,8079,3910,4169,0,0,0,1.0,1,1.0,1,1.0,1,0.18831769426151257,57
4913,3,8082,3910,4172,0,0,0,1.0,1,1.0,1,1.0,1,0.13732178334769862,56
4914,0,8082,3910,4172,0,0,0,1.0,1,1.0,1,1.0,1,0.13732178334769862,56
4915,3,8085,3912,4173,0,0,0,1.0,1,1.0,1,1.0,1,0.13410511135639624,56
4916,0,8085,3912,4173,0,0,0,1.0,1,1.0,1,1.0,1,0.14803302759975667,54
4917,0,8085,3912,4173,0,0,0,1.0,1,1.0,1,1.0,1,0.16175319549155245,53
4918,1,8086,3913,4173,0,0,0,1.0,1,1.0,1,1.0,1,0.18637771514404616,52
4919,0,8086,3913,4173,0,0,0,1.0,1,1.0,1,1.0,1,0.22152974588746857,49
4920,0,8086,3913,4173,0,0,0,1.0,1,1.0,1,1.0,1,0.22152974588746857,49
4921,3,8089,3915,4174,0,0,0,1.0,1,1.0,1,1.0,1,0.27318798645894865,50
4922,0,8089,3915,4174,0,0,0,1.0,1,1.0,1,1.0,1,0.27318798645894865,50
4923,2,8091,3917,4174,0,0,0,1.0,1,1.0,1,1.0,1,0.26757489337449425,52
4924,3,8094,3918,4176,0,0,0,1.0,1,1.0,1,1.0,1,0.2701446429302481,53
4925,3,8097,3919,4178,0,0,0,1.0,1,1.0,1,1.0,1,0.21723941491558865,54
4926,2,8099,3919,4180,0,0,0,1.0,1,1.0,1,1.0,1,0.1943782154756584,54
4927,2,8101,3921,4180,0,0,0,1.0,1,1.0,1,1.0,1,0.19082050948796195,54
4928,0,8101,3921,4180,0,0,0,1.0,1,1.0,1,1.0,1,0.19082050948796195,54
4929,0,8101,3921,4180,0,0,0,1.0,1,1.0,1,1.0,1,0.1856711911359433,55
4930,1,8102,3922,4180,0,0,0,1.0,1,1.0,1,1.0,1,0.23955394896990675,58
4931,2,8104,3922,4182,0,0,0,1.0,1,1.0,1,1.0,1,0.2142468075954634,58
4932,0,8104,3922,4182,0,0,0,1.0,1,1.0,1,1.0,1,0.22636507782921692,59
4933,1,8105,3922,4183,0,0,0,1.0,1,1.0,1,1.0,1,0.2031798124126537,59
4934,0,8105,3922,4183,0,0,0,1.0,1,1.0,1,1.0,1,0.2031798124126537,59
4935,2,8107,3922,4185,0,0,0,1.0,1,1.0,1,1.0,1,0.17615285973678563,59
4936,1,8108,3923,4185,0,0,0,1.0,1,1.0,1,1.0,1,0.20102568419891298,59
4937,3,8111,3923,4188,0,0,0,1.0,1,1.0,1,1.0,1,0.18920880099390924,61
4938,2,8113,3923,4190,0,0,0,1.0,1,1.0,1,1.0,1,0.18703844824849744,62
4939,3,8116,3923,4193,0,0,0,1.0,1,1.0,1,1.0,1,0.16686053034281084,63
4940,1,8117,3923,4194,0,0,0,1.0,1,1.0,1,1.0,1,0.17803927973539227,65
4941,2,8119,3924,4195,0,0,0,1.0,1,1.0,1,1.0,1,0.17563780698138917,65
4942,4,8123,3927,4196,0,0,0,1.0,1,1.0,1,1.0,1,0.20641645535270564,67
4943,1,8124,3927,4197,0,0,0,1.0,1,1.0,1,1.0,1,0.2100090669880633,66
4944,3,8127,3930,4197,0,0,0,1.0,1,1.0,1,1.0,1,0.24256488264241868,63
4945,3,8130,3931,4199,0,0,0,1.0,1,1.0,1,1.0,1,0.1995755732181276,61
4946,7,8137,3933,4204,0,0,0,1.0,1,1.0,1,1.0,1,0.17126544348032519,60
4947,0,8137,3933,4204,0,0,0,1.0,1,1.0,1,1.0,1,0.15905141254674446,58
4948,2,8139,3935,4204,0,0,0,1.0,1,1.0,1,1.0,1,0.19453088555806075,57
4949,3,8142,3936,4206,0,0,0,1.0,1,1.0,1,1.0,1,0.184564177461944,56
4950,3,8145,3937,4208,0,0,0,1.0,1,1.0,1,1.0,1,0.16455739521198082,57
4951,3,8148,3939,4209,0,0,0,1.0,1,1.0,1,1.0,1,0.18158248195400253,55
4952,5,8153,3943,4210,0,0,0,1.0,1,1.0,1,1.0,1,0.23963263195731138,55
4953,5,8158,3945,4213,0,0,0,1.0,1,1.0,1,1.0,1,0.19506090737935727,54
4954,1,8159,3946,4213,0,0,0,1.0,1,1.0,1,1.0,1,0.21914661882994746,54
4955,2,8161,3946,4215,0,0,0,1.0,1,1.0,1,1.0,1,0.1526748638552228,52
4956,0,8161,3946,4215,0,0,0,1.0,1,1.0,1,1.0,1,0.1526748638552228,52
4957,1,8162,3947,4215,0,0,0,1.0,1,1.0,1,1.0,1,0.15176023254773374,53
4958,1,8163,3948,4215,0,0,0,1.0,1,1.0,1,1.0,1,0.16553070601064368,52
4959,1,8164,3949,4215,0,0,0,1.0,1,1.0,1,1.0,1,0.17946678395325466,51
4960,1,8165,3949,4216,0,0,0,1.0,1,1.0,1,1.0,1,0.17939519370023593,53
4961,2,8167,3949,4218,0,0,0,1.0,1,1.0,1,1.0,1,0.135675147764529,53
4962,0,8167,3949,4218,0,0,0,1.0,1,1.0,1,1.0,1,0.1519974189906273,55
4963,0,8167,3949,4218,0,0,0,1.0,1,1.0,1,1.0,1,0.13411837131173834,54
4964,0,8167,3949,4218,0,0,0,1.0,1,1.0,1,1.0,1,0.13411837131173834,54
4965,0,8167,3949,4218,0,0,0,1.0,1,1.0,1,1.0,1,0.13411837131173834,54
4966,3,8170,3951,4219,0,0,0,1.0,1,1.0,1,1.0,1,0.14849299081398523,54
4967,3,8173,3954,4219,0,0,0,1.0,1,1.0,1,1.0,1,0.18901294206147792,55
4968,2,8175,3955,4220,0,0,0,1.0,1,1.0,1,1.0,1,0.16023264200704632,55
4969,4,8179,3956,4223,0,0,0,1.0,1,1.0,1,1.0,1,0.16565475409732341,57
4970,0,8179,3956,4223,0,0,0,1.0,1,1.0,1,1.0,1,0.18219507149539732,56
4971,2,8181,3957,4224,0,0,0,1.0,1,1.0,1,1.0,1,0.19464782398803365,57
4972,3,8184,3959,4225,0,0,0,1.0,1,1.0,1,1.0,1,0.25267592643676867,57
4973,3,8187,3959,4228,0,0,0,1.0,1,1.0,1,1.0,1,0.19945046248504253,60
4974,1,8188,3959,4229,0,0,0,1.0,1,1.0,1,1.0,1,0.1911342467152197,58
4975,2,8190,3960,4230,0,0,0,1.0,1,1.0,1,1.0,1,0.19540016585823536,59
4976,3,8193,3961,4232,0,0,0,1.0,1,1.0,1,1.0,1,0.17701938427289526,59
4977,3,8196,3964,4232,0,0,0,1.0,1,1.0,1,1.0,1,0.20257602040551156,59
4978,1,8197,3965,4232,0,0,0,1.0,1,1.0,1,1.0,1,0.20402061368689559,59
4979,3,8200,3965,4235,0,0,0,1.0,1,1.0,1,1.0,1,0.18646318233525505,61
4980,1,8201,3966,4235,0,0,0,1.0,1,1.0,1,1.0,1,0.207207800008875,62
4981,4,8205,3967,4238,0,0,0,1.0,1,1.0,1,1.0,1,0.1825583454053957,62
4982,2,8207,3968,4239,0,0,0,1.0,1,1.0,1,1.0,1,0.17361813705759496,63
4983,3,8210,3968,4242,0,0,0,1.0,1,1.0,1,1.0,1,0.161450258167452,63
4984,2,8212,3970,4242,0,0,0,1.0,1,1.0,1,1.0,1,0.19080780305207817,61
4985,2,8214,3970,4244,0,0,0,1.0,1,1.0,1,1.0,1,0.15584575192074682,59
4986,7,8221,3972,4249,0,0,0,1.0,1,1.0,1,1.0,1,0.14657865440820073,62
4987,0,8221,3972,4249,0,0,0,1.0,1,1.0,1,1.0,1,0.14475562614289048,60
4988,0,8221,3972,4249,0,0,0,1.0,1,1.0,1,1.0,1,0.15865805409621425,59
4989,3,8224,3973,4251,0,0,0,1.0,1,1.0,1,1.0,1,0.15664207663119112,57
4990,0,8224,3973,4251,0,0,0,1.0,1,1.0,1,1.0,1,0.18666859538300837,55
4991,5,8229,3977,4252,0,0,0,1.0,1,1.0,1,1.0,1,0.18647417301230002,54
4992,1,8230,3977,4253,0,0,0,1.0,1,1.0,1,1.0,1,0.17589826757380914,52
4993,1,8231,3978,4253,0,0,0,1.0,1,1.0,1,1.0,1,0.159160721830723,51
4994,3,8234,3980,4254,0,0,0,1.0,1,1.0,1,1.0,1,0.21657502255714478,49
4995,4,8238,3982,4256,0,0,0,1.0,1,1.0,1,1.0,1,0.22296082753332946,48
4996,2,8240,3984,4256,0,0,0,1.0,1,1.0,1,1.0,1,0.22410624278166916,48
4997,1,8241,3985,4256,0,0,0,1.0,1,1.0,1,1.0,1,0.24151357715969732,46
4998,2,8243,3986,4257,0,0,0,1.0,1,1.0,1,1.0,1,0.22474707413819808,48
4999,4,8247,3988,4259,0,0,0,1.0,1,1.0,1,1.0,1,0.27277636237091984,48
5000,0,8247,3988,4259,0,0,0,1.0,1,1.0,1,1.0,1,0.25470345477291656,47
5001,3,8250,3989,4261,0,0,0,1.0,1,1.0,1,1.0,1,0.25740216585349046,45
5002,3,8253,3991,4262,0,0,0,1.0,1,1.0,1,1.0,1,0.2549424906989842,46
5003,0,8253,3991,4262,0,0,0,1.0,1,1.0,1,1.0,1,0.2733943276234879,46
5004,2,8255,3991,4264,0,0,0,1.0,1,1.0,1,1.0,1,0.23881520039290782,46
5005,1,8256,3991,4265,0,0,0,1.0,1,1.0,1,1.0,1,0.22832418741952235,45
5006,0,8256,3991,4265,0,0,0,1.0,1,1.0,1,1.0,1,0.258205194523469,45
5007,0,8256,3991,4265,0,0,0,1.0,1,1.0,1,1.0,1,0.2628791592039808,46
5008,2,8258,3991,4267,0,0,0,1.0,1,1.0,1,1.0,1,0.23271777055198,49
5009,0,8258,3991,4267,0,0,0,1.0,1,1.0,1,1.0,1,0.2284808480500722,49
5010,0,8258,3991,4267,0,0,0,1.0,1,1.0,1,1.0,1,0.23762762623770997,50
5011,0,8258,3991,4267,0,0,0,1.0,1,1.0,1,1.0,1,0.24944688887167193,51
5012,0,8258,3991,4267,0,0,0,1.0,1,1.0,1,1.0,1,0.2571131949646604,52
5013,0,8258,3991,4267,0,0,0,1.0,1,1.0,1,1.0,1,0.2571131949646604,52
5014,0,8258,3991,4267,0,0,0,1.0,1,1.0,1,1.0,1,0.25855977893011184,53
5015,3,8261,3992,4269,0,0,0,1.0,1,1.0,1,1.0,1,0.26829983036118216,54
5016,0,8261,3992,4269,0,0,0,1.0,1,1.0,1,1.0,1,0.2775980675633187,55
5017,1,8262,3992,4270,0,0,0,1.0,1,1.0,1,1.0,1,0.2690562717036202,55
5018,2,8264,3992,4272,0,0,0,1.0,1,1.0,1,1.0,1,0.26571166167319693,56
5019,3,8267,3992,4275,0,0,0,1.0,1,1.0,1,1.0,1,0.22817462674010502,56
5020,1,8268,3993,4275,0,0,0,1.0,1,1.0,1,1.0,1,0.2216567245810558,55
5021,0,8268,3993,4275,0,0,0,1.0,1,1.0,1,1.0,1,0.2267635716260614,56
5022,3,8271,3996,4275,0,0,0,1.0,1,1.0,1,1.0,1,0.29216004267313456,56
5023,2,8273,3997,4276,0,0,0,1.0,1,1.0,1,1.0,1,0.26899163943678756,55
5024,4,8277,4001,4276,0,0,0,1.0,1,1.0,1,1.0,1,0.2895589428290002,55
5025,4,8281,4002,4279,0,0,0,1.0,1,1.0,1,1.0,1,0.24865780185635655,53
5026,3,8284,4005,4279,0,0,0,1.0,1,1.0,1,1.0,1,0.27109819098425425,52
5027,1,8285,4006,4279,0,0,0,1.0,1,1.0,1,1.0,1,0.29804446457282774,51
5028,4,8289,4008,4281,0,0,0,1.0,1,1.0,1,1.0,1,0.3205938452681492,51
5029,1,8290,4008,4282,0,0,0,1.0,1,1.0,1,1.0,1,0.32248370422714295,50
5030,4,8294,4010,4284,0,0,0,1.0,1,1.0,1,1.0,1,0.3042085814649385,49
5031,2,8296,4011,4285,0,0,0,1.0,1,1.0,1,1.0,1,0.29734353865891333,49
5032,1,8297,4012,4285,0,0,0,1.0,1,1.0,1,1.0,1,0.2997036986690226,48
5033,6,8303,4015,4288,0,0,0,1.0,1,1.0,1,1.0,1,0.3200829057335,50
5034,1,8304,4015,4289,0,0,0,1.0,1,1.0,1,1.0,1,0.28469296042325154,49
5035,2,8306,4017,4289,0,0,0,1.0,1,1.0,1,1.0,1,0.3288333537234254,49
5036,1,8307,4018,4289,0,0,0,1.0,1,1.0,1,1.0,1,0.32466771442441666,47
5037,5,8312,4019,4293,0,0,0,1.0,1,1.0,1,1.0,1,0.25679427595359416,47
5038,0,8312,4019,4293,0,0,0,1.0,1,1.0,1,1.0,1,0.2513974119453574,47
5039,0,8312,4019,4293,0,0,0,1.0,1,1.0,1,1.0,1,0.26417534900211365,48
5040,0,8312,4019,4293,0,0,0,1.0,1,1.0,1,1.0,1,0.26417534900211365,48
5041,1,8313,4019,4294,0,0,0,1.0,1,1.0,1,1.0,1,0.25120155731488675,48
5042,1,8314,4019,4295,0,0,0,1.0,1,1.0,1,1.0,1,0.24082011862408495,50
5043,0,8314,4019,4295,0,0,0,1.0,1,1.0,1,1.0,1,0.2404764354269396,51
5044,0,8314,4019,4295,0,0,0,1.0,1,1.0,1,1.0,1,0.2404764354269396,51
5045,1,8315,4019,4296,0,0,0,1.0,1,1.0,1,1.0,1,0.2376915002221227,52
5046,1,8316,4020,4296,0,0,0,1.0,1,1.0,1,1.0,1,0.26309016225858384,51
5047,1,8317,4020,4297,0,0,0,1.0,1,1.0,1,1.0,1,0.24408649015874212,51
5048,0,8317,4020,4297,0,0,0,1.0,1,1.0,1,1.0,1,0.2516039965185114,52
5049,2,8319,4021,4298,0,0,0,1.0,1,1.0,1,1.0,1,0.2653120287128088,54
5050,4,8323,4021,4302,0,0,0,1.0,1,1.0,1,1.0,1,0.23135989644888655,56
5051,1,8324,4021,4303,0,0,0,1.0,1,1.0,1,1.0,1,0.2272315308404925,55
5052,0,8324,4021,4303,0,0,0,1.0,1,1.0,1,1.0,1,0.2272315308404925,55
5053,2,8326,4022,4304,0,0,0,1.0,1,1.0,1,1.0,1,0.24878106734937863,55
5054,2,8328,4023,4305,0,0,0,1.0,1,1.0,1,1.0,1,0.24888799576838605,55
5055,1,8329,4023,4306,0,0,0,1.0,1,1.0,1,1.0,1,0.2556201582845154,55
5056,0,8329,4023,4306,0,0,0,1.0,1,1.0,1,1.0,1,0.2634588023318353,56
5057,4,8333,4024,4309,0,0,0,1.0,1,1.0,1,1.0,1,0.2197403696078864,58
5058,0,8333,4024,4309,0,0,0,1.0,1,1.0,1,1.0,1,0.22995015007293423,59
5059,1,8334,4024,4310,0,0,0,1.0,1,1.0,1,1.0,1,0.22117384461546769,59
5060,1,8335,4024,4311,0,0,0,1.0,1,1.0,1,1.0,1,0.21508226226756474,59
5061,5,8340,4025,4315,0,0,0,1.0,1,1.0,1,1.0,1,0.21088101964959058,59
5062,7,8347,4029,4318,0,0,0,1.0,1,1.0,1,1.0,1,0.24700966486868328,59
5063,5,8352,4030,4322,0,0,0,1.0,1,1.0,1,1.0,1,0.2614864298761346,59
5064,2,8354,4032,4322,0,0,0,1.0,1,1.0,1,1.0,1,0.2780827605171882,57
5065,2,8356,4033,4323,0,0,0,1.0,1,1.0,1,1.0,1,0.27159140206357835,55
5066,2,8358,4033,4325,0,0,0,1.0,1,1.0,1,1.0,1,0.24958472765603415,55
5067,6,8364,4035,4329,0,0,0,1.0,1,1.0,1,1.0,1,0.24645108320523978,54
5068,0,8364,4035,4329,0,0,0,1.0,1,1.0,1,1.0,1,0.23982373912747182,54
5069,2,8366,4036,4330,0,0,0,1.0,1,1.0,1,1.0,1,0.2164008646878286,54
5070,2,8368,4036,4332,0,0,0,1.0,1,1.0,1,1.0,1,0.20840771002494662,52
5071,2,8370,4037,4333,0,0,0,1.0,1,1.0,1,1.0,1,0.21740047353463424,54
5072,0,8370,4037,4333,0,0,0,1.0,1,1.0,1,1.0,1,0.22438004545417572,52
5073,3,8373,4037,4336,0,0,0,1.0,1,1.0,1,1.0,1,0.1933912383432775,51
5074,0,8373,4037,4336,0,0,0,1.0,1,1.0,1,1.0,1,0.17734406904109007,52
5075,0,8373,4037,4336,0,0,0,1.0,1,1.0,1,1.0,1,0.18694055098867282,53
5076,0,8373,4037,4336,0,0,0,1.0,1,1.0,1,1.0,1,0.18694055098867282,53
5077,4,8377,4039,4338,0,0,0,1.0,1,1.0,1,1.0,1,0.195872137953544,56
5078,3,8380,4040,4340,0,0,0,1.0,1,1.0,1,1.0,1,0.18737218532745578,55
5079,0,8380,4040,4340,0,0,0,1.0,1,1.0,1,1.0,1,0.19994842163022666,56
5080,0,8380,4040,4340,0,0,0,1.0,1,1.0,1,1.0,1,0.19805880118315658,57
5081,2,8382,4040,4342,0,0,0,1.0,1,1.0,1,1.0,1,0.18075553172236875,58
5082,0,8382,4040,4342,0,0,0,1.0,1,1.0,1,1.0,1,0.18075553172236875,58
5083,0,8382,4040,4342,0,0,0,1.0,1,1.0,1,1.0,1,0.1894237990451497,59
5084,1,8383,4040,4343,0,0,0,1.0,1,1.0,1,1.0,1,0.15910722212937248,59
5085,1,8384,4041,4343,0,0,0,1.0,1,1.0,1,1.0,1,0.18034941729584558,60
5086,1,8385,4041,4344,0,0,0,1.0,1,1.0,1,1.0,1,0.15429760243117138,61
5087,4,8389,4044,4345,0,0,0,1.0,1,1.0,1,1.0,1,0.13473943270077535,62
5088,3,8392,4046,4346,0,0,0,1.0,1,1.0,1,1.0,1,0.16156197008067139,64
5089,2,8394,4048,4346,0,0,0,1.0,1,1.0,1,1.0,1,0.17886376336363047,64
5090,0,8394,4048,4346,0,0,0,1.0,1,1.0,1,1.0,1,0.17886376336363047,64
5091,2,8396,4050,4346,0,0,0,1.0,1,1.0,1,1.0,1,0.2161093585260574,64
5092,2,8398,4051,4347,0,0,0,1.0,1,1.0,1,1.0,1,0.21938627894552162,64
5093,0,8398,4051,4347,0,0,0,1.0,1,1.0,1,1.0,1,0.21938627894552162,64
5094,2,8400,4052,4348,0,0,0,1.0,1,1.0,1,1.0,1,0.2221955658956821,65
5095,4,8404,4053,4351,0,0,0,1.0,1,1.0,1,1.0,1,0.21186012760453304,66
5096,2,8406,4053,4353,0,0,0,1.0,1,1.0,1,1.0,1,0.17505512996353997,66
5097,1,8407,4053,4354,0,0,0,1.0,1,1.0,1,1.0,1,0.1774210097523597,67
5098,1,8408,4053,4355,0,0,0,1.0,1,1.0,1,1.0,1,0.1697675718552078,67
5099,1,8409,4054,4355,0,0,0,1.0,1,1.0,1,1.0,1,0.164135201848335,70
5100,1,8410,4055,4355,0,0,0,1.0,1,1.0,1,1.0,1,0.1782190968325444,71
5101,2,8412,4055,4357,0,0,0,1.0,1,1.0,1,1.0,1,0.15659112573873482,72
5102,3,8415,4057,4358,0,0,0,1.0,1,1.0,1,1.0,1,0.17539796379924652,72
5103,2,8417,4059,4358,0,0,0,1.0,1,1.0,1,1.0,1,0.16403309146816974,70
5104,5,8422,4063,4359,0,0,0,1.0,1,1.0,1,1.0,1,0.20697047680667882,67
5105,6,8428,4065,4363,0,0,0,1.0,1,1.0,1,1.0,1,0.20293907486626575,66
5106,4,8432,4069,4363,0,0,0,1.0,1,1.0,1,1.0,1,0.2502497582757484,64
5107,5,8437,4073,4364,0,0,0,1.0,1,1.0,1,1.0,1,0.24650784004924603,61
5108,2,8439,4075,4364,0,0,0,1.0,1,1.0,1,1.0,1,0.2915643045423846,57
5109,5,8444,4078,4366,0,0,0,1.0,1,1.0,1,1.0,1,0.2771622910855188,55
5110,5,8449,4080,4369,0,0,0,1.0,1,1.0,1,1.0,1,0.2468115492995975,53
5111,4,8453,4083,4370,0,0,0,1.0,1,1.0,1,1.0,1,0.27003457649569557,52
5112,6,8459,4085,4374,0,0,0,1.0,1,1.0,1,1.0,1,0.19709729334370796,52
5113,1,8460,4085,4375,0,0,0,1.0,1,1.0,1,1.0,1,0.17114110050859657,49
5114,5,8465,4090,4375,0,0,0,1.0,1,1.0,1,1.0,1,0.18948289402916196,49
5115,2,8467,4090,4377,0,0,0,1.0,1,1.0,1,1.0,1,0.15086314649899882,48
5116,1,8468,4091,4377,0,0,0,1.0,1,1.0,1,1.0,1,0.16347183484012268,47
5117,0,8468,4091,4377,0,0,0,1.0,1,1.0,1,1.0,1,0.1742206656476733,48
5118,0,8468,4091,4377,0,0,0,1.0,1,1.0,1,1.0,1,0.16401052947551378,49
5119,2,8470,4093,4377,0,0,0,1.0,1,1.0,1,1.0,1,0.17336372611500037,49
5120,2,8472,4094,4378,0,0,0,1.0,1,1.0,1,1.0,1,0.2060967678061857,48
5121,2,8474,4095,4379,0,0,0,1.0,1,1.0,1,1.0,1,0.18276398721506634,48
5122,1,8475,4096,4379,0,0,0,1.0,1,1.0,1,1.0,1,0.1949957589017915,46
5123,1,8476,4097,4379,0,0,0,1.0,1,1.0,1,1.0,1,0.20906426936916084,46
5124,1,8477,4097,4380,0,0,0,1.0,1,1.0,1,1.0,1,0.18564046537484216,47
5125,5,8482,4098,4384,0,0,0,1.0,1,1.0,1,1.0,1,0.15762892297983352,49
5126,0,8482,4098,4384,0,0,0,1.0,1,1.0,1,1.0,1,0.15762892297983352,49
5127,3,8485,4099,4386,0,0,0,1.0,1,1.0,1,1.0,1,0.16915448296372196,51
5128,3,8488,4100,4388,0,0,0,1.0,1,1.0,1,1.0,1,0.19573335859585203,53
5129,3,8491,4102,4389,0,0,0,1.0,1,1.0,1,1.0,1,0.19708653799841439,55
5130,0,8491,4102,4389,0,0,0,1.0,1,1.0,1,1.0,1,0.19708653799841439,55
5131,1,8492,4102,4390,0,0,0,1.0,1,1.0,1,1.0,1,0.18204433103688714,55
5132,0,8492,4102,4390,0,0,0,1.0,1,1.0,1,1.0,1,0.18204433103688714,55
5133,0,8492,4102,4390,0,0,0,1.0,1,1.0,1,1.0,1,0.18268015118068995,56
5134,0,8492,4102,4390,0,0,0,1.0,1,1.0,1,1.0,1,0.21246872148632548,56
5135,2,8494,4103,4391,0,0,0,1.0,1,1.0,1,1.0,1,0.21104556734603927,56
5136,0,8494,4103,4391,0,0,0,1.0,1,1.0,1,1.0,1,0.2221896304687679,55
5137,4,8498,4104,4394,0,0,0,1.0,1,1.0,1,1.0,1,0.224590214976967,55
5138,2,8500,4104,4396,0,0,0,1.0,1,1.0,1,1.0,1,0.19293931152550772,54
5139,2,8502,4106,4396,0,0,0,1.0,1,1.0,1,1.0,1,0.19896043199067956,54
5140,1,8503,4107,4396,0,0,0,1.0,1,1.0,1,1.0,1,0.21590323530052927,54
5141,7,8510,4111,4399,0,0,0,1.0,1,1.0,1,1.0,1,0.21021736798432153,53
5142,8,8518,4114,4404,0,0,0,1.0,1,1.0,1,1.0,1,0.18926416020701067,55
5143,4,8522,4117,4405,0,0,0,1.0,1,1.0,1,1.0,1,0.14629645590602536,54
5144,3,8525,4118,4407,0,0,0,1.0,1,1.0,1,1.0,1,0.12564446459865986,50
5145,2,8527,4119,4408,0,0,0,1.0,1,1.0,1,1.0,1,0.14447076049452343,51
5146,1,8528,4120,4408,0,0,0,1.0,1,1.0,1,1.0,1,0.1478425763303789,48
5147,1,8529,4121,4408,0,0,0,1.0,1,1.0,1,1.0,1,0.1885703766753306,49
5148,3,8532,4123,4409,0,0,0,1.0,1,1.0,1,1.0,1,0.18693259315651894,47
5149,1,8533,4124,4409,0,0,0,1.0,1,1.0,1,1.0,1,0.21094233926516046,46
5150,4,8537,4128,4409,0,0,0,1.0,1,1.0,1,1.0,1,0.2467225925814599,46
5151,0,8537,4128,4409,0,0,0,1.0,1,1.0,1,1.0,1,0.23164584252041778,45
5152,3,8540,4131,4409,0,0,0,1.0,1,1.0,1,1.0,1,0.24086185608541089,45
5153,2,8542,4133,4409,0,0,0,1.0,1,1.0,1,1.0,1,0.2728271044865364,45
5154,4,8546,4134,4412,0,0,0,1.0,1,1.0,1,1.0,1,0.24608413746686938,45
5155,1,8547,4135,4412,0,0,0,1.0,1,1.0,1,1.0,1,0.25922543994012515,44
5156,0,8547,4135,4412,0,0,0,1.0,1,1.0,1,1.0,1,0.2575321496515096,44
5157,1,8548,4135,4413,0,0,0,1.0,1,1.0,1,1.0,1,0.224472064166871,42
5158,2,8550,4136,4414,0,0,0,1.0,1,1.0,1,1.0,1,0.21670283194756432,43
5159,0,8550,4136,4414,0,0,0,1.0,1,1.0,1,1.0,1,0.23147177854323345,43
5160,0,8550,4136,4414,0,0,0,1.0,1,1.0,1,1.0,1,0.23147177854323345,43
5161,0,8550,4136,4414,0,0,0,1.0,1,1.0,1,1.0,1,0.23147177854323345,43
5162,0,8550,4136,4414,0,0,0,1.0,1,1.0,1,1.0,1,0.23128860097756207,44
5163,1,8551,4136,4415,0,0,0,1.0,1,1.0,1,1.0,1,0.23509605411405243,46
5164,3,8554,4138,4416,0,0,0,1.0,1,1.0,1,1.0,1,0.2182882160813136,46
5165,1,8555,4138,4417,0,0,0,1.0,1,1.0,1,1.0,1,0.2143235178334209,46
5166,5,8560,4141,4419,0,0,0,1.0,1,1.0,1,1.0,1,0.2224699276434544,47
5167,0,8560,4141,4419,0,0,0,1.0,1,1.0,1,1.0,1,0.2224699276434544,47
5168,3,8563,4142,4421,0,0,0,1.0,1,1.0,1,1.0,1,0.23266549470746634,47
5169,2,8565,4142,4423,0,0,0,1.0,1,1.0,1,1.0,1,0.21554256216018047,47
5170,2,8567,4143,4424,0,0,0,1.0,1,1.0,1,1.0,1,0.21632922660220258,48
5171,1,8568,4144,4424,0,0,0,1.0,1,1.0,1,1.0,1,0.2418417904025589,48
5172,1,8569,4144,4425,0,0,0,1.0,1,1.0,1,1.0,1,0.18926061662255989,49
5173,0,8569,4144,4425,0,0,0,1.0,1,1.0,1,1.0,1,0.19746739844819536,49
5174,0,8569,4144,4425,0,0,0,1.0,1,1.0,1,1.0,1,0.20034057711406622,52
5175,2,8571,4145,4426,0,0,0,1.0,1,1.0,1,1.0,1,0.18744016719451073,53
5176,2,8573,4145,4428,0,0,0,1.0,1,1.0,1,1.0,1,0.17540516876395407,54
5177,4,8577,4147,4430,0,0,0,1.0,1,1.0,1,1.0,1,0.15921310788587004,54
5178,3,8580,4149,4431,0,0,0,1.0,1,1.0,1,1.0,1,0.1957145345482578,55
5179,0,8580,4149,4431,0,0,0,1.0,1,1.0,1,1.0,1,0.1888835455291251,53
5180,1,8581,4149,4432,0,0,0,1.0,1,1.0,1,1.0,1,0.1877545719354674,52
5181,2,8583,4151,4432,0,0,0,1.0,1,1.0,1,1.0,1,0.19520676927666084,52
5182,0,8583,4151,4432,0,0,0,1.0,1,1.0,1,1.0,1,0.19520676927666084,52
5183,1,8584,4152,4432,0,0,0,1.0,1,1.0,1,1.0,1,0.21696080483504795,52
5184,1,8585,4153,4432,0,0,0,1.0,1,1.0,1,1.0,1,0.23204679215501697,52
5185,2,8587,4154,4433,0,0,0,1.0,1,1.0,1,1.0,1,0.22781698379287044,50
5186,1,8588,4155,4433,0,0,0,1.0,1,1.0,1,1.0,1,0.2790279589961769,48
5187,4,8592,4156,4436,0,0,0,1.0,1,1.0,1,1.0,1,0.2688765380445982,46
5188,0,8592,4156,4436,0,0,0,1.0,1,1.0,1,1.0,1,0.2794963090428329,44
5189,3,8595,4156,4439,0,0,0,1.0,1,1.0,1,1.0,1,0.18695843966783782,44
5190,1,8596,4157,4439,0,0,0,1.0,1,1.0,1,1.0,1,0.2105906128244307,45
5191,0,8596,4157,4439,0,0,0,1.0,1,1.0,1,1.0,1,0.20793090638280506,45
5192,2,8598,4158,4440,0,0,0,1.0,1,1.0,1,1.0,1,0.16765056101205209,45
5193,0,8598,4158,4440,0,0,0,1.0,1,1.0,1,1.0,1,0.16765056101205209,45
5194,0,8598,4158,4440,0,0,0,1.0,1,1.0,1,1.0,1,0.1703951929561436,45
5195,1,8599,4159,4440,0,0,0,1.0,1,1.0,1,1.0,1,0.18539535184698747,46
5196,0,8599,4159,4440,0,0,0,1.0,1,1.0,1,1.0,1,0.18539535184698747,46
5197,2,8601,4161,4440,0,0,0,1.0,1,1.0,1,1.0,1,0.2117984939132128,46
5198,1,8602,4161,4441,0,0,0,1.0,1,1.0,1,1.0,1,0.18215229420295545,47
5199,2,8604,4162,4442,0,0,0,1.0,1,1.0,1,1.0,1,0.20606565940165228,49
5200,1,8605,4163,4442,0,0,0,1.0,1,1.0,1,1.0,1,0.21457936513229045,49
5201,3,8608,4165,4443,0,0,0,1.0,1,1.0,1,1.0,1,0.21435281629224248,50
5202,1,8609,4165,4444,0,0,0,1.0,1,1.0,1,1.0,1,0.18855722396790292,52
5203,0,8609,4165,4444,0,0,0,1.0,1,1.0,1,1.0,1,0.18855722396790292,52
5204,1,8610,4165,4445,0,0,0,1.0,1,1.0,1,1.0,1,0.1561772255372736,54
5205,1,8611,4165,4446,0,0,0,1.0,1,1.0,1,1.0,1,0.14876086339503172,54
5206,0,8611,4165,4446,0,0,0,1.0,1,1.0,1,1.0,1,0.16035893992777545,55
5207,0,8611,4165,4446,0,0,0,1.0,1,1.0,1,1.0,1,0.16669355512103592,54
5208,0,8611,4165,4446,0,0,0,1.0,1,1.0,1,1.0,1,0.16669355512103592,54
5209,1,8612,4165,4447,0,0,0,1.0,1,1.0,1,1.0,1,0.14142443127367255,54
5210,0,8612,4165,4447,0,0,0,1.0,1,1.0,1,1.0,1,0.14142443127367255,54
5211,2,8614,4166,4448,0,0,0,1.0,1,1.0,1,1.0,1,0.16391208143442945,56
5212,1,8615,4167,4448,0,0,0,1.0,1,1.0,1,1.0,1,0.15053501179160825,57
5213,2,8617,4168,4449,0,0,0,1.0,1,1.0,1,1.0,1,0.15166688294345484,57
5214,6,8623,4170,4453,0,0,0,1.0,1,1.0,1,1.0,1,0.1836103302655346,58
5215,1,8624,4170,4454,0,0,0,1.0,1,1.0,1,1.0,1,0.1961593570516943,57
5216,2,8626,4172,4454,0,0,0,1.0,1,1.0,1,1.0,1,0.22361146546362276,57
5217,4,8630,4174,4456,0,0,0,1.0,1,1.0,1,1.0,1,0.1862917746059724,56
5218,0,8630,4174,4456,0,0,0,1.0,1,1.0,1,1.0,1,0.1862917746059724,56
5219,1,8631,4174,4457,0,0,0,1.0,1,1.0,1,1.0,1,0.17556682048997285,54
5220,1,8632,4174,4458,0,0,0,1.0,1,1.0,1,1.0,1,0.1708462660140206,53
5221,0,8632,4174,4458,0,0,0,1.0,1,1.0,1,1.0,1,0.18208323537270749,52
5222,2,8634,4176,4458,0,0,0,1.0,1,1.0,1,1.0,1,0.19420583960536353,52
5223,2,8636,4178,4458,0,0,0,1.0,1,1.0,1,1.0,1,0.2106614942049811,52
5224,4,8640,4181,4459,0,0,0,1.0,1,1.0,1,1.0,1,0.24740104558868797,52
5225,5,8645,4181,4464,0,0,0,1.0,1,1.0,1,1.0,1,0.1859923351674862,50
5226,3,8648,4183,4465,0,0,0,1.0,1,1.0,1,1.0,1,0.16690955711945643,51
5227,2,8650,4185,4465,0,0,0,1.0,1,1.0,1,1.0,1,0.2045096846858983,49
5228,0,8650,4185,4465,0,0,0,1.0,1,1.0,1,1.0,1,0.224384093687979,48
5229,1,8651,4185,4466,0,0,0,1.0,1,1.0,1,1.0,1,0.19029677923681626,49
5230,0,8651,4185,4466,0,0,0,1.0,1,1.0,1,1.0,1,0.19029677923681626,49
5231,1,8652,4186,4466,0,0,0,1.0,1,1.0,1,1.0,1,0.20158334462600186,49
5232,4,8656,4188,4468,0,0,0,1.0,1,1.0,1,1.0,1,0.17877028300130876,51
5233,1,8657,4189,4468,0,0,0,1.0,1,1.0,1,1.0,1,0.21342616614139298,51
5234,4,8661,4192,4469,0,0,0,1.0,1,1.0,1,1.0,1,0.23785563754271175,52
5235,4,8665,4192,4473,0,0,0,1.0,1,1.0,1,1.0,1,0.17448379132958367,52
5236,0,8665,4192,4473,0,0,0,1.0,1,1.0,1,1.0,1,0.17448379132958367,52
5237,3,8668,4193,4475,0,0,0,1.0,1,1.0,1,1.0,1,0.18189157289867033,53
5238,0,8668,4193,4475,0,0,0,1.0,1,1.0,1,1.0,1,0.18189157289867033,53
5239,2,8670,4193,4477,0,0,0,1.0,1,1.0,1,1.0,1,0.1772332571292137,53
5240,1,8671,4193,4478,0,0,0,1.0,1,1.0,1,1.0,1,0.17628246588648688,55
5241,2,8673,4193,4480,0,0,0,1.0,1,1.0,1,1.0,1,0.15674745973990353,56
5242,2,8675,4194,4481,0,0,0,1.0,1,1.0,1,1.0,1,0.1716700104559222,54
5243,1,8676,4195,4481,0,0,0,1.0,1,1.0,1,1.0,1,0.1866047254299964,55
5244,0,8676,4195,4481,0,0,0,1.0,1,1.0,1,1.0,1,0.20054023293166282,55
5245,3,8679,4196,4483,0,0,0,1.0,1,1.0,1,1.0,1,0.1716015610438221,55
5246,2,8681,4198,4483,0,0,0,1.0,1,1.0,1,1.0,1,0.26802670467130446,55
5247,2,8683,4199,4484,0,0,0,1.0,1,1.0,1,1.0,1,0.25899293621862435,54
5248,4,8687,4200,4487,0,0,0,1.0,1,1.0,1,1.0,1,0.23535348487883273,53
5249,2,8689,4202,4487,0,0,0,1.0,1,1.0,1,1.0,1,0.23006569063221366,55
5250,3,8692,4204,4488,0,0,0,1.0,1,1.0,1,1.0,1,0.20656537430598476,55
5251,2,8694,4205,4489,0,0,0,1.0,1,1.0,1,1.0,1,0.2230238734767734,57
5252,0,8694,4205,4489,0,0,0,1.0,1,1.0,1,1.0,1,0.22687232389101994,58
5253,7,8701,4206,4495,0,0,0,1.0,1,1.0,1,1.0,1,0.15286002838399712,59
5254,1,8702,4207,4495,0,0,0,1.0,1,1.0,1,1.0,1,0.1632007236375699,59
5255,0,8702,4207,4495,0,0,0,1.0,1,1.0,1,1.0,1,0.15784261091952903,58
5256,2,8704,4209,4495,0,0,0,1.0,1,1.0,1,1.0,1,0.19877279084984786,59
5257,0,8704,4209,4495,0,0,0,1.0,1,1.0,1,1.0,1,0.1966408103457196,58
5258,0,8704,4209,4495,0,0,0,1.0,1,1.0,1,1.0,1,0.19543114813415882,56
5259,0,8704,4209,4495,0,0,0,1.0,1,1.0,1,1.0,1,0.20328662927538665,56
5260,0,8704,4209,4495,0,0,0,1.0,1,1.0,1,1.0,1,0.19401590565034274,55
5261,1,8705,4210,4495,0,0,0,1.0,1,1.0,1,1.0,1,0.21926944522620767,54
5262,3,8708,4212,4496,0,0,0,1.0,1,1.0,1,1.0,1,0.236999917369473,54
5263,3,8711,4214,4497,0,0,0,1.0,1,1.0,1,1.0,1,0.2538494105460808,53
5264,2,8713,4215,4498,0,0,0,1.0,1,1.0,1,1.0,1,0.2593348633767764,51
5265,6,8719,4217,4502,0,0,0,1.0,1,1.0,1,1.0,1,0.22532676090653533,50
5266,2,8721,4218,4503,0,0,0,1.0,1,1.0,1,1.0,1,0.19165071276885462,49
5267,1,8722,4219,4503,0,0,0,1.0,1,1.0,1,1.0,1,0.19567403048981277,48
5268,2,8724,4221,4503,0,0,0,1.0,1,1.0,1,1.0,1,0.1926643247966929,47
5269,1,8725,4221,4504,0,0,0,1.0,1,1.0,1,1.0,1,0.21377483376432946,45
5270,0,8725,4221,4504,0,0,0,1.0,1,1.0,1,1.0,1,0.222990220810902,47
5271,0,8725,4221,4504,0,0,0,1.0,1,1.0,1,1.0,1,0.23493320856194266,45
5272,5,8730,4226,4504,0,0,0,1.0,1,1.0,1,1.0,1,0.30571925908704267,46
5273,5,8735,4226,4509,0,0,0,1.0,1,1.0,1,1.0,1,0.2161706737244673,44
5274,3,8738,4228,4510,0,0,0,1.0,1,1.0,1,1.0,1,0.26697181376507684,44
5275,5,8743,4230,4513,0,0,0,1.0,1,1.0,1,1.0,1,0.27050756314511315,46
5276,1,8744,4231,4513,0,0,0,1.0,1,1.0,1,1.0,1,0.25463355395200404,46
5277,3,8747,4231,4516,0,0,0,1.0,1,1.0,1,1.0,1,0.20332626236655857,46
5278,4,8751,4234,4517,0,0,0,1.0,1,1.0,1,1.0,1,0.19829893224305392,46
5279,3,8754,4235,4519,0,0,0,1.0,1,1.0,1,1.0,1,0.22845503117332314,47
5280,2,8756,4236,4520,0,0,0,1.0,1,1.0,1,1.0,1,0.23195945311483224,47
5281,1,8757,4236,4521,0,0,0,1.0,1,1.0,1,1.0,1,0.2238241233334902,48
5282,3,8760,4238,4522,0,0,0,1.0,1,1.0,1,1.0,1,0.23250537438106128,48
5283,1,8761,4238,4523,0,0,0,1.0,1,1.0,1,1.0,1,0.22650172410472225,49
5284,0,8761,4238,4523,0,0,0,1.0,1,1.0,1,1.0,1,0.22650172410472225,49
5285,0,8761,4238,4523,0,0,0,1.0,1,1.0,1,1.0,1,0.20080597621623528,50
5286,1,8762,4238,4524,0,0,0,1.0,1,1.0,1,1.0,1,0.20884741156378372,51
5287,1,8763,4238,4525,0,0,0,1.0,1,1.0,1,1.0,1,0.19797776050052146,51
5288,1,8764,4238,4526,0,0,0,1.0,1,1.0,1,1.0,1,0.1772181680430205,51
5289,1,8765,4238,4527,0,0,0,1.0,1,1.0,1,1.0,1,0.19488013324134323,53
5290,1,8766,4238,4528,0,0,0,1.0,1,1.0,1,1.0,1,0.18590910709213723,53
5291,1,8767,4239,4528,0,0,0,1.0,1,1.0,1,1.0,1,0.20211463974466365,53
5292,1,8768,4240,4528,0,0,0,1.0,1,1.0,1,1.0,1,0.2222615444259436,53
5293,5,8773,4242,4531,0,0,0,1.0,1,1.0,1,1.0,1,0.2567146948167332,53
5294,3,8776,4243,4533,0,0,0,1.0,1,1.0,1,1.0,1,0.24840245761507335,54
5295,3,8779,4244,4535,0,0,0,1.0,1,1.0,1,1.0,1,0.24031259640208952,52
5296,0,8779,4244,4535,0,0,0,1.0,1,1.0,1,1.0,1,0.25035976694103307,49
5297,4,8783,4246,4537,0,0,0,1.0,1,1.0,1,1.0,1,0.28702020217734353,49
5298,0,8783,4246,4537,0,0,0,1.0,1,1.0,1,1.0,1,0.28388548630139804,49
5299,2,8785,4248,4537,0,0,0,1.0,1,1.0,1,1.0,1,0.2926041095719944,50
5300,1,8786,4248,4538,0,0,0,1.0,1,1.0,1,1.0,1,0.2795132756468804,48
5301,1,8787,4249,4538,0,0,0,1.0,1,1.0,1,1.0,1,0.3001380418341412,46
5302,2,8789,4250,4539,0,0,0,1.0,1,1.0,1,1.0,1,0.30198458226676256,47
5303,2,8791,4252,4539,0,0,0,1.0,1,1.0,1,1.0,1,0.29944144525198957,46
5304,0,8791,4252,4539,0,0,0,1.0,1,1.0,1,1.0,1,0.31097677673175206,45
5305,1,8792,4253,4539,0,0,0,1.0,1,1.0,1,1.0,1,0.3165889877743622,44
5306,3,8795,4256,4539,0,0,0,1.0,1,1.0,1,1.0,1,0.3958403465049884,42
5307,4,8799,4258,4541,0,0,0,1.0,1,1.0,1,1.0,1,0.39271986066462766,42
5308,6,8805,4260,4545,0,0,0,1.0,1,1.0,1,1.0,1,0.3472840388661954,43
5309,2,8807,4260,4547,0,0,0,1.0,1,1.0,1,1.0,1,0.31803612807841514,41
5310,1,8808,4261,4547,0,0,0,1.0,1,1.0,1,1.0,1,0.3538968692753004,41
5311,0,8808,4261,4547,0,0,0,1.0,1,1.0,1,1.0,1,0.33914250126295925,42
5312,1,8809,4261,4548,0,0,0,1.0,1,1.0,1,1.0,1,0.3154983432812954,43
5313,1,8810,4261,4549,0,0,0,1.0,1,1.0,1,1.0,1,0.2926963401965044,44
5314,1,8811,4261,4550,0,0,0,1.0,1,1.0,1,1.0,1,0.271954558721451,44
5315,5,8816,4262,4554,0,0,0,1.0,1,1.0,1,1.0,1,0.23031729408941795,45
5316,0,8816,4262,4554,0,0,0,1.0,1,1.0,1,1.0,1,0.24225584799288077,46
5317,1,8817,4262,4555,0,0,0,1.0,1,1.0,1,1.0,1,0.2417846122499053,46
5318,1,8818,4263,4555,0,0,0,1.0,1,1.0,1,1.0,1,0.23477857946988095,46
5319,1,8819,4263,4556,0,0,0,1.0,1,1.0,1,1.0,1,0.23501438161536015,47
5320,2,8821,4264,4557,0,0,0,1.0,1,1.0,1,1.0,1,0.2207431518739078,48
5321,2,8823,4264,4559,0,0,0,1.0,1,1.0,1,1.0,1,0.19387312350654562,49
5322,0,8823,4264,4559,0,0,0,1.0,1,1.0,1,1.0,1,0.19387312350654562,49
5323,0,8823,4264,4559,0,0,0,1.0,1,1.0,1,1.0,1,0.21963750269960752,51
5324,1,8824,4264,4560,0,0,0,1.0,1,1.0,1,1.0,1,0.20554145721035447,53
5325,2,8826,4265,4561,0,0,0,1.0,1,1.0,1,1.0,1,0.21158009899380545,53
5326,1,8827,4266,4561,0,0,0,1.0,1,1.0,1,1.0,1,0.23020171426002867,53
5327,1,8828,4266,4562,0,0,0,1.0,1,1.0,1,1.0,1,0.2415957414526513,53
5328,1,8829,4266,4563,0,0,0,1.0,1,1.0,1,1.0,1,0.2357242824644579,54
5329,1,8830,4267,4563,0,0,0,1.0,1,1.0,1,1.0,1,0.2637564139229226,53
5330,2,8832,4269,4563,0,0,0,1.0,1,1.0,1,1.0,1,0.28845938794455234,52
5331,3,8835,4269,4566,0,0,0,1.0,1,1.0,1,1.0,1,0.2610259812510041,51
5332,2,8837,4269,4568,0,0,0,1.0,1,1.0,1,1.0,1,0.24575215342630677,52
5333,2,8839,4270,4569,0,0,0,1.0,1,1.0,1,1.0,1,0.2787948909943947,53
5334,2,8841,4271,4570,0,0,0,1.0,1,1.0,1,1.0,1,0.2958830118991849,54
5335,1,8842,4271,4571,0,0,0,1.0,1,1.0,1,1.0,1,0.29040970558824797,55
5336,0,8842,4271,4571,0,0,0,1.0,1,1.0,1,1.0,1,0.3008412947762691,54
5337,0,8842,4271,4571,0,0,0,1.0,1,1.0,1,1.0,1,0.30742682818991746,55
5338,0,8842,4271,4571,0,0,0,1.0,1,1.0,1,1.0,1,0.30742682818991746,55
5339,0,8842,4271,4571,0,0,0,1.0,1,1.0,1,1.0,1,0.30742682818991746,55
5340,0,8842,4271,4571,0,0,0,1.0,1,1.0,1,1.0,1,0.30742682818991746,55
5341,1,8843,4272,4571,0,0,0,1.0,1,1.0,1,1.0,1,0.3494349077348244,54
5342,1,8844,4273,4571,0,0,0,1.0,1,1.0,1,1.0,1,0.35366568986541413,55
5343,6,8850,4276,4574,0,0,0,1.0,1,1.0,1,1.0,1,0.3302662440603346,54
5344,3,8853,4279,4574,0,0,0,1.0,1,1.0,1,1.0,1,0.33056430123700864,55
5345,0,8853,4279,4574,0,0,0,1.0,1,1.0,1,1.0,1,0.3196433131036877,53
5346,3,8856,4282,4574,0,0,0,1.0,1,1.0,1,1.0,1,0.33291682163340347,53
5347,4,8860,4285,4575,0,0,0,1.0,1,1.0,1,1.0,1,0.3350939688891196,51
5348,6,8866,4287,4579,0,0,0,1.0,1,1.0,1,1.0,1,0.2896896457210782,53
5349,5,8871,4290,4581,0,0,0,1.0,1,1.0,1,1.0,1,0.3005141446779024,52
5350,1,8872,4291,4581,0,0,0,1.0,1,1.0,1,1.0,1,0.31057558058945034,50
5351,9,8881,4293,4588,0,0,0,1.0,1,1.0,1,1.0,1,0.236797055033672,52
5352,2,8883,4295,4588,0,0,0,1.0,1,1.0,1,1.0,1,0.25439709615930994,49
5353,2,8885,4295,4590,0,0,0,1.0,1,1.0,1,1.0,1,0.2381710253406172,49
5354,1,8886,4295,4591,0,0,0,1.0,1,1.0,1,1.0,1,0.21315232951213958,49
5355,1,8887,4295,4592,0,0,0,1.0,1,1.0,1,1.0,1,0.19077909778728147,48
5356,2,8889,4296,4593,0,0,0,1.0,1,1.0,1,1.0,1,0.2196024885267448,49
5357,1,8890,4296,4594,0,0,0,1.0,1,1.0,1,1.0,1,0.20093168226384264,47
5358,1,8891,4297,4594,0,0,0,1.0,1,1.0,1,1.0,1,0.22656414633617059,48
5359,0,8891,4297,4594,0,0,0,1.0,1,1.0,1,1.0,1,0.22656414633617059,48
5360,0,8891,4297,4594,0,0,0,1.0,1,1.0,1,1.0,1,0.22656414633617059,48
5361,1,8892,4297,4595,0,0,0,1.0,1,1.0,1,1.0,1,0.23571724095591456,50
5362,0,8892,4297,4595,0,0,0,1.0,1,1.0,1,1.0,1,0.23571724095591456,50
5363,0,8892,4297,4595,0,0,0,1.0,1,1.0,1,1.0,1,0.23571724095591456,50
5364,1,8893,4298,4595,0,0,0,1.0,1,1.0,1,1.0,1,0.22097417401022973,51
5365,4,8897,4298,4599,0,0,0,1.0,1,1.0,1,1.0,1,0.1887295615939958,52
5366,0,8897,4298,4599,0,0,0,1.0,1,1.0,1,1.0,1,0.1887295615939958,52
5367,1,8898,4299,4599,0,0,0,1.0,1,1.0,1,1.0,1,0.2121368712379647,54
5368,3,8901,4299,4602,0,0,0,1.0,1,1.0,1,1.0,1,0.18100448575916658,55
5369,1,8902,4300,4602,0,0,0,1.0,1,1.0,1,1.0,1,0.1961617198413547,53
5370,3,8905,4302,4603,0,0,0,1.0,1,1.0,1,1.0,1,0.23870812434209307,54
5371,2,8907,4304,4603,0,0,0,1.0,1,1.0,1,1.0,1,0.25134067445603586,53
5372,5,8912,4307,4605,0,0,0,1.0,1,1.0,1,1.0,1,0.3154004292648801,53
5373,4,8916,4307,4609,0,0,0,1.0,1,1.0,1,1.0,1,0.25450637532286385,52
5374,1,8917,4308,4609,0,0,0,1.0,1,1.0,1,1.0,1,0.2533063998111225,51
5375,2,8919,4308,4611,0,0,0,1.0,1,1.0,1,1.0,1,0.19778888474456238,52
5376,1,8920,4309,4611,0,0,0,1.0,1,1.0,1,1.0,1,0.21048829838822458,51
5377,2,8922,4310,4612,0,0,0,1.0,1,1.0,1,1.0,1,0.21125851840141532,52
5378,1,8923,4311,4612,0,0,0,1.0,1,1.0,1,1.0,1,0.23956691769635186,50
5379,0,8923,4311,4612,0,0,0,1.0,1,1.0,1,1.0,1,0.23956691769635186,50
5380,0,8923,4311,4612,0,0,0,1.0,1,1.0,1,1.0,1,0.25622134507987393,52
5381,1,8924,4311,4613,0,0,0,1.0,1,1.0,1,1.0,1,0.2531916044453976,52
5382,1,8925,4312,4613,0,0,0,1.0,1,1.0,1,1.0,1,0.27998456850089004,52
5383,1,8926,4312,4614,0,0,0,1.0,1,1.0,1,1.0,1,0.23113801571339324,51
5384,3,8929,4314,4615,0,0,0,1.0,1,1.0,1,1.0,1,0.226998071377671,52
5385,3,8932,4315,4617,0,0,0,1.0,1,1.0,1,1.0,1,0.23386120464148116,51
5386,2,8934,4316,4618,0,0,0,1.0,1,1.0,1,1.0,1,0.19109929482782204,52
5387,3,8937,4317,4620,0,0,0,1.0,1,1.0,1,1.0,1,0.16085129065336384,53
5388,2,8939,4317,4622,0,0,0,1.0,1,1.0,1,1.0,1,0.12822768390625205,54
5389,2,8941,4318,4623,0,0,0,1.0,1,1.0,1,1.0,1,0.08878209454789786,55
5390,3,8944,4320,4624,0,0,0,1.0,1,1.0,1,1.0,1,0.07770328576381706,56
5391,1,8945,4321,4624,0,0,0,1.0,1,1.0,1,1.0,1,0.09318835204304064,56
5392,3,8948,4324,4624,0,0,0,1.0,1,1.0,1,1.0,1,0.12294998706631349,56
5393,1,8949,4325,4624,0,0,0,1.0,1,1.0,1,1.0,1,0.1538162828188522,54
5394,2,8951,4326,4625,0,0,0,1.0,1,1.0,1,1.0,1,0.15379201989101207,53
5395,2,8953,4328,4625,0,0,0,1.0,1,1.0,1,1.0,1,0.2012906592043868,53
5396,1,8954,4328,4626,0,0,0,1.0,1,1.0,1,1.0,1,0.19163934750378583,54
5397,2,8956,4329,4627,0,0,0,1.0,1,1.0,1,1.0,1,0.16130870271058742,53
5398,1,8957,4329,4628,0,0,0,1.0,1,1.0,1,1.0,1,0.1429897988266023,53
5399,6,8963,4333,4630,0,0,0,1.0,1,1.0,1,1.0,1,0.17082460946888056,55
5400,2,8965,4333,4632,0,0,0,1.0,1,1.0,1,1.0,1,0.14904563165742643,55
5401,3,8968,4335,4633,0,0,0,1.0,1,1.0,1,1.0,1,0.18867073780330076,56
5402,0,8968,4335,4633,0,0,0,1.0,1,1.0,1,1.0,1,0.0,0
