,SuccessfulHandoverCount,TotalSuccessfulHandoverCount,TotalSuccessfulHandoverCountRange,TotalSuccessfulHandoverCountLoadBalancing,TotalSuccessfulHandoverCountOverload,FailedHandoverCount,TotalFailedHandoverCount,AvgQoS,MinQoS,AvgQoS_LoadBased,MinQoS_LoadBased,AvgQoS_RangeBased,MinQoS_RangeBased,GiniLoad,VehicleCount
0,0,0,0,0,0,0,0,1.0,1,1.0,1,1.0,1,0.0,0
1,11,11,0,11,0,0,0,1.0,1,1.0,1,1.0,1,0.2655469490441757,26
2,9,20,0,20,0,0,0,1.0,1,1.0,1,1.0,1,0.16272410082778538,27
3,4,24,0,24,0,0,0,1.0,1,1.0,1,1.0,1,0.20302033641249814,28
4,4,28,0,28,0,0,0,1.0,1,1.0,1,1.0,1,0.17522474033099672,29
5,4,32,0,32,0,0,0,1.0,1,1.0,1,1.0,1,0.18433181406358987,29
6,5,37,0,37,0,0,0,1.0,1,1.0,1,1.0,1,0.2300087718693946,32
7,9,46,0,46,0,0,0,1.0,1,1.0,1,1.0,1,0.24131953011291885,33
8,18,64,0,64,0,0,0,1.0,1,1.0,1,1.0,1,0.18709365359979419,35
9,11,75,0,75,0,0,0,1.0,1,1.0,1,1.0,1,0.18527920089706748,35
10,7,82,0,82,0,0,0,1.0,1,1.0,1,1.0,1,0.12050118090937856,35
11,7,89,0,89,0,0,0,1.0,1,1.0,1,1.0,1,0.16006602807256126,35
12,9,98,0,98,0,0,0,1.0,1,1.0,1,1.0,1,0.19700706189881623,34
13,9,107,0,107,0,0,0,1.0,1,1.0,1,1.0,1,0.22717971041313423,32
14,12,119,3,116,0,0,0,1.0,1,1.0,1,1.0,1,0.3279868612875868,31
15,11,130,3,127,0,0,0,1.0,1,1.0,1,1.0,1,0.3094894018826918,30
16,3,133,3,130,0,0,0,1.0,1,1.0,1,1.0,1,0.2643874613982458,30
17,0,133,3,130,0,0,0,1.0,1,1.0,1,1.0,1,0.25808831546028,29
18,2,135,5,130,0,0,0,1.0,1,1.0,1,1.0,1,0.3618786577009994,29
19,1,136,5,131,0,0,0,1.0,1,1.0,1,1.0,1,0.3037037160139366,28
20,0,136,5,131,0,0,0,1.0,1,1.0,1,1.0,1,0.337432769747945,28
21,0,136,5,131,0,0,0,1.0,1,1.0,1,1.0,1,0.337432769747945,28
22,2,138,7,131,0,0,0,1.0,1,1.0,1,1.0,1,0.3442299637766512,28
23,2,140,9,131,0,0,0,1.0,1,1.0,1,1.0,1,0.4010087265564075,27
24,3,143,12,131,0,0,0,1.0,1,1.0,1,1.0,1,0.4450715470941593,28
25,4,147,14,133,0,0,0,1.0,1,1.0,1,1.0,1,0.29056602810952853,28
26,3,150,15,135,0,0,0,1.0,1,1.0,1,1.0,1,0.2505953808945358,30
27,0,150,15,135,0,0,0,1.0,1,1.0,1,1.0,1,0.24159240186377237,30
28,3,153,16,137,0,0,0,1.0,1,1.0,1,1.0,1,0.2542003884734517,31
29,0,153,16,137,0,0,0,1.0,1,1.0,1,1.0,1,0.26525545948838286,30
30,1,154,17,137,0,0,0,1.0,1,1.0,1,1.0,1,0.24858668113699023,30
31,2,156,18,138,0,0,0,1.0,1,1.0,1,1.0,1,0.25781184541710067,31
32,1,157,18,139,0,0,0,1.0,1,1.0,1,1.0,1,0.25730000633901257,31
33,2,159,20,139,0,0,0,1.0,1,1.0,1,1.0,1,0.31815467867809505,31
34,4,163,21,142,0,0,0,1.0,1,1.0,1,1.0,1,0.2308368226241438,29
35,0,163,21,142,0,0,0,1.0,1,1.0,1,1.0,1,0.2286878638792586,30
36,0,163,21,142,0,0,0,1.0,1,1.0,1,1.0,1,0.25003393498506504,30
37,1,164,21,143,0,0,0,1.0,1,1.0,1,1.0,1,0.23363194681921884,31
38,0,164,21,143,0,0,0,1.0,1,1.0,1,1.0,1,0.24018440974859812,32
39,3,167,21,146,0,0,0,1.0,1,1.0,1,1.0,1,0.27421992267472234,36
40,1,168,21,147,0,0,0,1.0,1,1.0,1,1.0,1,0.25962490567094837,37
41,0,168,21,147,0,0,0,1.0,1,1.0,1,1.0,1,0.25962490567094837,37
42,0,168,21,147,0,0,0,1.0,1,1.0,1,1.0,1,0.27713450302309833,38
43,8,176,23,153,0,0,0,1.0,1,1.0,1,1.0,1,0.2847776058826168,40
44,3,179,23,156,0,0,0,1.0,1,1.0,1,1.0,1,0.2765654849153457,39
45,3,182,24,158,0,0,0,1.0,1,1.0,1,1.0,1,0.3144069781302434,40
46,3,185,24,161,0,0,0,1.0,1,1.0,1,1.0,1,0.23251790470868788,39
47,0,185,24,161,0,0,0,1.0,1,1.0,1,1.0,1,0.23251790470868788,39
48,0,185,24,161,0,0,0,1.0,1,1.0,1,1.0,1,0.23251790470868788,39
49,1,186,25,161,0,0,0,1.0,1,1.0,1,1.0,1,0.26744592536203005,37
50,1,187,26,161,0,0,0,1.0,1,1.0,1,1.0,1,0.2687233567809266,35
51,0,187,26,161,0,0,0,1.0,1,1.0,1,1.0,1,0.25827998023971666,34
52,0,187,26,161,0,0,0,1.0,1,1.0,1,1.0,1,0.32105954393579866,34
53,3,190,27,163,0,0,0,1.0,1,1.0,1,1.0,1,0.29485045888073047,35
54,0,190,27,163,0,0,0,1.0,1,1.0,1,1.0,1,0.3290190395004424,36
55,4,194,28,166,0,0,0,1.0,1,1.0,1,1.0,1,0.27203471944428786,36
56,2,196,30,166,0,0,0,1.0,1,1.0,1,1.0,1,0.29537182097718034,36
57,0,196,30,166,0,0,0,1.0,1,1.0,1,1.0,1,0.3084058719102677,37
58,6,202,32,170,0,0,0,1.0,1,1.0,1,1.0,1,0.21905336134730988,38
59,1,203,33,170,0,0,0,1.0,1,1.0,1,1.0,1,0.23105699933063256,37
60,1,204,33,171,0,0,0,1.0,1,1.0,1,1.0,1,0.22098076283458468,38
61,0,204,33,171,0,0,0,1.0,1,1.0,1,1.0,1,0.22748251689655846,37
62,1,205,34,171,0,0,0,1.0,1,1.0,1,1.0,1,0.22596679982559917,39
63,1,206,35,171,0,0,0,1.0,1,1.0,1,1.0,1,0.24759535332129132,39
64,1,207,36,171,0,0,0,1.0,1,1.0,1,1.0,1,0.2573501649211484,38
65,4,211,38,173,0,0,0,1.0,1,1.0,1,1.0,1,0.25461424394958826,39
66,2,213,40,173,0,0,0,1.0,1,1.0,1,1.0,1,0.3011486299433615,39
67,0,213,40,173,0,0,0,1.0,1,1.0,1,1.0,1,0.3053289204609219,36
68,1,214,41,173,0,0,0,1.0,1,1.0,1,1.0,1,0.3380354767751821,36
69,1,215,41,174,0,0,0,1.0,1,1.0,1,1.0,1,0.3265890252081811,37
70,0,215,41,174,0,0,0,1.0,1,1.0,1,1.0,1,0.35822454243774593,36
71,3,218,41,177,0,0,0,1.0,1,1.0,1,1.0,1,0.35690966104157906,38
72,1,219,42,177,0,0,0,1.0,1,1.0,1,1.0,1,0.3418010932976634,38
73,2,221,43,178,0,0,0,1.0,1,1.0,1,1.0,1,0.3674251308440445,37
74,2,223,43,180,0,0,0,1.0,1,1.0,1,1.0,1,0.33187890077134974,38
75,0,223,43,180,0,0,0,1.0,1,1.0,1,1.0,1,0.33187890077134974,38
76,6,229,44,185,0,0,0,1.0,1,1.0,1,1.0,1,0.2312157412459143,39
77,0,229,44,185,0,0,0,1.0,1,1.0,1,1.0,1,0.24400169534841148,40
78,1,230,44,186,0,0,0,1.0,1,1.0,1,1.0,1,0.2460230317513977,41
79,0,230,44,186,0,0,0,1.0,1,1.0,1,1.0,1,0.2460230317513977,41
80,0,230,44,186,0,0,0,1.0,1,1.0,1,1.0,1,0.2460230317513977,41
81,1,231,45,186,0,0,0,1.0,1,1.0,1,1.0,1,0.2774328703490875,41
82,3,234,45,189,0,0,0,1.0,1,1.0,1,1.0,1,0.2428005229181893,44
83,1,235,45,190,0,0,0,1.0,1,1.0,1,1.0,1,0.22542141440564675,44
84,0,235,45,190,0,0,0,1.0,1,1.0,1,1.0,1,0.21620053026948272,45
85,0,235,45,190,0,0,0,1.0,1,1.0,1,1.0,1,0.21620053026948272,45
86,0,235,45,190,0,0,0,1.0,1,1.0,1,1.0,1,0.21620053026948272,45
87,1,236,46,190,0,0,0,1.0,1,1.0,1,1.0,1,0.25877073056025185,44
88,0,236,46,190,0,0,0,1.0,1,1.0,1,1.0,1,0.25877073056025185,44
89,0,236,46,190,0,0,0,1.0,1,1.0,1,1.0,1,0.2935710269309657,43
90,2,238,46,192,0,0,0,1.0,1,1.0,1,1.0,1,0.3211876197019067,44
91,1,239,47,192,0,0,0,1.0,1,1.0,1,1.0,1,0.34536249571141503,44
92,0,239,47,192,0,0,0,1.0,1,1.0,1,1.0,1,0.33184721489658026,43
93,1,240,47,193,0,0,0,1.0,1,1.0,1,1.0,1,0.33708499145964205,44
94,1,241,48,193,0,0,0,1.0,1,1.0,1,1.0,1,0.358604072255517,44
95,1,242,48,194,0,0,0,1.0,1,1.0,1,1.0,1,0.33317879187342775,43
96,0,242,48,194,0,0,0,1.0,1,1.0,1,1.0,1,0.33975773817682975,44
97,0,242,48,194,0,0,0,1.0,1,1.0,1,1.0,1,0.33975773817682975,44
98,0,242,48,194,0,0,0,1.0,1,1.0,1,1.0,1,0.36409352984193016,43
99,0,242,48,194,0,0,0,1.0,1,1.0,1,1.0,1,0.36409352984193016,43
100,3,245,48,197,0,0,0,1.0,1,1.0,1,1.0,1,0.33149594856921216,47
101,0,245,48,197,0,0,0,1.0,1,1.0,1,1.0,1,0.33149594856921216,47
102,2,247,49,198,0,0,0,1.0,1,1.0,1,1.0,1,0.34066573470725603,47
103,2,249,51,198,0,0,0,1.0,1,1.0,1,1.0,1,0.33912699184687867,46
104,4,253,54,199,0,0,0,1.0,1,1.0,1,1.0,1,0.3683849856933311,45
105,4,257,56,201,0,0,0,1.0,1,1.0,1,1.0,1,0.32635052528503433,44
106,6,263,59,204,0,0,0,1.0,1,1.0,1,1.0,1,0.32527009892144765,45
107,1,264,60,204,0,0,0,1.0,1,1.0,1,1.0,1,0.30351765015794757,44
108,2,266,60,206,0,0,0,1.0,1,1.0,1,1.0,1,0.25272049862255513,46
109,3,269,61,208,0,0,0,1.0,1,1.0,1,1.0,1,0.20940304725681425,46
110,3,272,62,210,0,0,0,1.0,1,1.0,1,1.0,1,0.15926302198372455,46
111,5,277,64,213,0,0,0,1.0,1,1.0,1,1.0,1,0.1442355732380902,46
112,1,278,65,213,0,0,0,1.0,1,1.0,1,1.0,1,0.1451867481692297,46
113,0,278,65,213,0,0,0,1.0,1,1.0,1,1.0,1,0.13760655103686115,46
114,4,282,69,213,0,0,0,1.0,1,1.0,1,1.0,1,0.12063075201614362,46
115,1,283,70,213,0,0,0,1.0,1,1.0,1,1.0,1,0.15897811003838325,47
116,2,285,72,213,0,0,0,1.0,1,1.0,1,1.0,1,0.22318838116169837,47
117,2,287,73,214,0,0,0,1.0,1,1.0,1,1.0,1,0.25444770650914283,45
118,1,288,74,214,0,0,0,1.0,1,1.0,1,1.0,1,0.25378156117159295,46
119,0,288,74,214,0,0,0,1.0,1,1.0,1,1.0,1,0.2599936712494491,46
120,2,290,74,216,0,0,0,1.0,1,1.0,1,1.0,1,0.23429558233572534,47
121,2,292,74,218,0,0,0,1.0,1,1.0,1,1.0,1,0.21776367094414448,46
122,1,293,74,219,0,0,0,1.0,1,1.0,1,1.0,1,0.20385040100489338,46
123,0,293,74,219,0,0,0,1.0,1,1.0,1,1.0,1,0.20341174544062285,45
124,0,293,74,219,0,0,0,1.0,1,1.0,1,1.0,1,0.20440633438255704,46
125,1,294,75,219,0,0,0,1.0,1,1.0,1,1.0,1,0.22185139961610853,44
126,1,295,75,220,0,0,0,1.0,1,1.0,1,1.0,1,0.2075553889925625,45
127,2,297,75,222,0,0,0,1.0,1,1.0,1,1.0,1,0.13878948131987096,45
128,2,299,75,224,0,0,0,1.0,1,1.0,1,1.0,1,0.122545522511801,46
129,0,299,75,224,0,0,0,1.0,1,1.0,1,1.0,1,0.14003677264701117,48
130,0,299,75,224,0,0,0,1.0,1,1.0,1,1.0,1,0.14003677264701117,48
131,3,302,75,227,0,0,0,1.0,1,1.0,1,1.0,1,0.09543408262162817,49
132,2,304,77,227,0,0,0,1.0,1,1.0,1,1.0,1,0.16676570217285036,51
133,2,306,79,227,0,0,0,1.0,1,1.0,1,1.0,1,0.2244526000525514,49
134,7,313,83,230,0,0,0,1.0,1,1.0,1,1.0,1,0.19062317547365445,49
135,1,314,84,230,0,0,0,1.0,1,1.0,1,1.0,1,0.22004945497375544,49
136,5,319,86,233,0,0,0,1.0,1,1.0,1,1.0,1,0.17057291574599687,48
137,0,319,86,233,0,0,0,1.0,1,1.0,1,1.0,1,0.1846176692477659,47
138,2,321,88,233,0,0,0,1.0,1,1.0,1,1.0,1,0.18936961176035338,48
139,2,323,90,233,0,0,0,1.0,1,1.0,1,1.0,1,0.20604393057358122,48
140,4,327,93,234,0,0,0,1.0,1,1.0,1,1.0,1,0.22767613850786214,49
141,2,329,95,234,0,0,0,1.0,1,1.0,1,1.0,1,0.23591883145559278,49
142,3,332,96,236,0,0,0,1.0,1,1.0,1,1.0,1,0.17453927915189527,49
143,1,333,97,236,0,0,0,1.0,1,1.0,1,1.0,1,0.18147024977488543,47
144,3,336,100,236,0,0,0,1.0,1,1.0,1,1.0,1,0.21946059747560367,46
145,0,336,100,236,0,0,0,1.0,1,1.0,1,1.0,1,0.20565951031652666,44
146,2,338,102,236,0,0,0,1.0,1,1.0,1,1.0,1,0.22872920241787728,44
147,1,339,103,236,0,0,0,1.0,1,1.0,1,1.0,1,0.2582160270146023,43
148,1,340,104,236,0,0,0,1.0,1,1.0,1,1.0,1,0.29572959865914705,43
149,2,342,105,237,0,0,0,1.0,1,1.0,1,1.0,1,0.3041411735436532,43
150,1,343,105,238,0,0,0,1.0,1,1.0,1,1.0,1,0.29922440420549906,42
151,5,348,106,242,0,0,0,1.0,1,1.0,1,1.0,1,0.21124305398968957,42
152,2,350,107,243,0,0,0,1.0,1,1.0,1,1.0,1,0.1952799638105739,42
153,0,350,107,243,0,0,0,1.0,1,1.0,1,1.0,1,0.21430878263753012,42
154,2,352,109,243,0,0,0,1.0,1,1.0,1,1.0,1,0.29733820671759525,43
155,1,353,109,244,0,0,0,1.0,1,1.0,1,1.0,1,0.28660389372816475,43
156,0,353,109,244,0,0,0,1.0,1,1.0,1,1.0,1,0.2704516902723392,42
157,4,357,109,248,0,0,0,1.0,1,1.0,1,1.0,1,0.23595542924669016,41
158,1,358,109,249,0,0,0,1.0,1,1.0,1,1.0,1,0.2140373479047203,42
159,1,359,109,250,0,0,0,1.0,1,1.0,1,1.0,1,0.18264243713198142,43
160,4,363,113,250,0,0,0,1.0,1,1.0,1,1.0,1,0.27949631363859967,44
161,5,368,114,254,0,0,0,1.0,1,1.0,1,1.0,1,0.25759416877510727,44
162,3,371,116,255,0,0,0,1.0,1,1.0,1,1.0,1,0.2645527620257863,45
163,4,375,119,256,0,0,0,1.0,1,1.0,1,1.0,1,0.278713931934734,43
164,0,375,119,256,0,0,0,1.0,1,1.0,1,1.0,1,0.2746743454167631,42
165,3,378,121,257,0,0,0,1.0,1,1.0,1,1.0,1,0.26801038019299595,42
166,1,379,121,258,0,0,0,1.0,1,1.0,1,1.0,1,0.24529262572857183,42
167,3,382,123,259,0,0,0,1.0,1,1.0,1,1.0,1,0.21472815398906986,41
168,1,383,123,260,0,0,0,1.0,1,1.0,1,1.0,1,0.1914201076128007,40
169,2,385,124,261,0,0,0,1.0,1,1.0,1,1.0,1,0.1529242085346878,40
170,0,385,124,261,0,0,0,1.0,1,1.0,1,1.0,1,0.16431109266226915,38
171,1,386,125,261,0,0,0,1.0,1,1.0,1,1.0,1,0.14147273407452648,37
172,3,389,128,261,0,0,0,1.0,1,1.0,1,1.0,1,0.18387727419590175,35
173,3,392,130,262,0,0,0,1.0,1,1.0,1,1.0,1,0.28835118713957975,36
174,1,393,131,262,0,0,0,1.0,1,1.0,1,1.0,1,0.24129978422059958,34
175,0,393,131,262,0,0,0,1.0,1,1.0,1,1.0,1,0.30304993148683695,33
176,2,395,131,264,0,0,0,1.0,1,1.0,1,1.0,1,0.31970991038898117,34
177,1,396,132,264,0,0,0,1.0,1,1.0,1,1.0,1,0.296867890524546,36
178,0,396,132,264,0,0,0,1.0,1,1.0,1,1.0,1,0.30217605699603056,37
179,0,396,132,264,0,0,0,1.0,1,1.0,1,1.0,1,0.30217605699603056,37
180,0,396,132,264,0,0,0,1.0,1,1.0,1,1.0,1,0.3139006073358414,36
181,2,398,132,266,0,0,0,1.0,1,1.0,1,1.0,1,0.23886927114450235,36
182,3,401,133,268,0,0,0,1.0,1,1.0,1,1.0,1,0.21802350573257404,38
183,2,403,135,268,0,0,0,1.0,1,1.0,1,1.0,1,0.227682015669434,37
184,2,405,137,268,0,0,0,1.0,1,1.0,1,1.0,1,0.28977316519595947,36
185,1,406,138,268,0,0,0,1.0,1,1.0,1,1.0,1,0.2897899039030242,35
186,1,407,139,268,0,0,0,1.0,1,1.0,1,1.0,1,0.3263130642382105,34
187,2,409,141,268,0,0,0,1.0,1,1.0,1,1.0,1,0.3123510323169313,33
188,3,412,142,270,0,0,0,1.0,1,1.0,1,1.0,1,0.2551860236120973,33
189,4,416,146,270,0,0,0,1.0,1,1.0,1,1.0,1,0.34098022128602384,33
190,2,418,146,272,0,0,0,1.0,1,1.0,1,1.0,1,0.34399883061918063,32
191,1,419,147,272,0,0,0,1.0,1,1.0,1,1.0,1,0.3311916299411295,34
192,0,419,147,272,0,0,0,1.0,1,1.0,1,1.0,1,0.3311916299411295,34
193,0,419,147,272,0,0,0,1.0,1,1.0,1,1.0,1,0.3183535853215354,35
194,1,420,147,273,0,0,0,1.0,1,1.0,1,1.0,1,0.3197920815160668,37
195,0,420,147,273,0,0,0,1.0,1,1.0,1,1.0,1,0.33233181617749846,36
196,4,424,148,276,0,0,0,1.0,1,1.0,1,1.0,1,0.23129729623814657,36
197,2,426,149,277,0,0,0,1.0,1,1.0,1,1.0,1,0.24746293012412637,37
198,2,428,150,278,0,0,0,1.0,1,1.0,1,1.0,1,0.23217680405390675,37
199,1,429,151,278,0,0,0,1.0,1,1.0,1,1.0,1,0.24776629344852127,37
200,2,431,152,279,0,0,0,1.0,1,1.0,1,1.0,1,0.22036473545527532,37
201,0,431,152,279,0,0,0,1.0,1,1.0,1,1.0,1,0.1905552860299426,36
202,3,434,153,281,0,0,0,1.0,1,1.0,1,1.0,1,0.13973354611774283,36
203,1,435,154,281,0,0,0,1.0,1,1.0,1,1.0,1,0.17788959688079797,35
204,2,437,155,282,0,0,0,1.0,1,1.0,1,1.0,1,0.20510285402084732,35
205,3,440,157,283,0,0,0,1.0,1,1.0,1,1.0,1,0.23743241639864748,35
206,1,441,158,283,0,0,0,1.0,1,1.0,1,1.0,1,0.26926612271859146,34
207,0,441,158,283,0,0,0,1.0,1,1.0,1,1.0,1,0.2963770218792308,34
208,1,442,158,284,0,0,0,1.0,1,1.0,1,1.0,1,0.29170770262484885,33
209,1,443,159,284,0,0,0,1.0,1,1.0,1,1.0,1,0.3097333729021263,33
210,2,445,161,284,0,0,0,1.0,1,1.0,1,1.0,1,0.35154971560476467,34
211,4,449,162,287,0,0,0,1.0,1,1.0,1,1.0,1,0.360520607331962,33
212,1,450,162,288,0,0,0,1.0,1,1.0,1,1.0,1,0.3110030919961006,33
213,3,453,162,291,0,0,0,1.0,1,1.0,1,1.0,1,0.25621961902384016,35
214,2,455,163,292,0,0,0,1.0,1,1.0,1,1.0,1,0.20967113467417095,34
215,2,457,164,293,0,0,0,1.0,1,1.0,1,1.0,1,0.18937526207357386,35
216,1,458,165,293,0,0,0,1.0,1,1.0,1,1.0,1,0.20061986957679628,36
217,1,459,166,293,0,0,0,1.0,1,1.0,1,1.0,1,0.22807673689445027,36
218,6,465,169,296,0,0,0,1.0,1,1.0,1,1.0,1,0.3005712145068069,36
219,4,469,169,300,0,0,0,1.0,1,1.0,1,1.0,1,0.2545519839721587,37
220,1,470,170,300,0,0,0,1.0,1,1.0,1,1.0,1,0.24052654193818768,38
221,1,471,171,300,0,0,0,1.0,1,1.0,1,1.0,1,0.2441948283552884,37
222,1,472,172,300,0,0,0,1.0,1,1.0,1,1.0,1,0.20318611219532798,38
223,2,474,174,300,0,0,0,1.0,1,1.0,1,1.0,1,0.23932133712780781,38
224,4,478,176,302,0,0,0,1.0,1,1.0,1,1.0,1,0.2262694898871205,38
225,2,480,177,303,0,0,0,1.0,1,1.0,1,1.0,1,0.21622852655762717,36
226,2,482,178,304,0,0,0,1.0,1,1.0,1,1.0,1,0.25499375285593046,37
227,2,484,180,304,0,0,0,1.0,1,1.0,1,1.0,1,0.2240215867383939,35
228,0,484,180,304,0,0,0,1.0,1,1.0,1,1.0,1,0.2240215867383939,35
229,4,488,184,304,0,0,0,1.0,1,1.0,1,1.0,1,0.1998002721380063,35
230,2,490,186,304,0,0,0,1.0,1,1.0,1,1.0,1,0.2627651438285001,35
231,4,494,189,305,0,0,0,1.0,1,1.0,1,1.0,1,0.17825627175962938,35
232,2,496,191,305,0,0,0,1.0,1,1.0,1,1.0,1,0.19805614979776123,36
233,1,497,191,306,0,0,0,1.0,1,1.0,1,1.0,1,0.17428832275311057,36
234,0,497,191,306,0,0,0,1.0,1,1.0,1,1.0,1,0.18844739733737145,34
235,5,502,196,306,0,0,0,1.0,1,1.0,1,1.0,1,0.22936765405648643,33
236,1,503,196,307,0,0,0,1.0,1,1.0,1,1.0,1,0.2086642994703977,31
237,1,504,197,307,0,0,0,1.0,1,1.0,1,1.0,1,0.23219824522229665,32
238,2,506,199,307,0,0,0,1.0,1,1.0,1,1.0,1,0.27145741296042764,31
239,1,507,200,307,0,0,0,1.0,1,1.0,1,1.0,1,0.2414862760880179,30
240,0,507,200,307,0,0,0,1.0,1,1.0,1,1.0,1,0.2606543990425789,27
241,3,510,202,308,0,0,0,1.0,1,1.0,1,1.0,1,0.2814425732088051,27
242,1,511,202,309,0,0,0,1.0,1,1.0,1,1.0,1,0.26009424054277436,28
243,1,512,203,309,0,0,0,1.0,1,1.0,1,1.0,1,0.28319911366673,28
244,1,513,204,309,0,0,0,1.0,1,1.0,1,1.0,1,0.3116643752563995,27
245,1,514,205,309,0,0,0,1.0,1,1.0,1,1.0,1,0.3574115158122153,27
246,1,515,206,309,0,0,0,1.0,1,1.0,1,1.0,1,0.36897987918117603,25
247,0,515,206,309,0,0,0,1.0,1,1.0,1,1.0,1,0.36266268259927686,24
248,1,516,206,310,0,0,0,1.0,1,1.0,1,1.0,1,0.3355194348678006,24
249,0,516,206,310,0,0,0,1.0,1,1.0,1,1.0,1,0.34496803419812533,25
250,1,517,206,311,0,0,0,1.0,1,1.0,1,1.0,1,0.3127759557923675,27
251,0,517,206,311,0,0,0,1.0,1,1.0,1,1.0,1,0.3127759557923675,27
252,1,518,206,312,0,0,0,1.0,1,1.0,1,1.0,1,0.28067632711088414,27
253,1,519,207,312,0,0,0,1.0,1,1.0,1,1.0,1,0.3208872506122356,29
254,1,520,208,312,0,0,0,1.0,1,1.0,1,1.0,1,0.30745777944679253,30
255,2,522,209,313,0,0,0,1.0,1,1.0,1,1.0,1,0.3283528926306245,31
256,2,524,211,313,0,0,0,1.0,1,1.0,1,1.0,1,0.3234353216310044,31
257,4,528,212,316,0,0,0,1.0,1,1.0,1,1.0,1,0.29477052562444506,33
258,1,529,213,316,0,0,0,1.0,1,1.0,1,1.0,1,0.2932361631941074,33
259,0,529,213,316,0,0,0,1.0,1,1.0,1,1.0,1,0.2932361631941074,33
260,2,531,215,316,0,0,0,1.0,1,1.0,1,1.0,1,0.34590727452079867,35
261,2,533,216,317,0,0,0,1.0,1,1.0,1,1.0,1,0.369509003628741,35
262,1,534,217,317,0,0,0,1.0,1,1.0,1,1.0,1,0.3932958375057369,35
263,2,536,218,318,0,0,0,1.0,1,1.0,1,1.0,1,0.4176487166102618,34
264,1,537,219,318,0,0,0,1.0,1,1.0,1,1.0,1,0.4741881185479999,32
265,3,540,221,319,0,0,0,1.0,1,1.0,1,1.0,1,0.465719831295823,30
266,2,542,222,320,0,0,0,1.0,1,1.0,1,1.0,1,0.4486322007018442,31
267,1,543,223,320,0,0,0,1.0,1,1.0,1,1.0,1,0.47403377349942,30
268,1,544,223,321,0,0,0,1.0,1,1.0,1,1.0,1,0.4844980728250114,31
269,0,544,223,321,0,0,0,1.0,1,1.0,1,1.0,1,0.4844980728250114,31
270,2,546,224,322,0,0,0,1.0,1,1.0,1,1.0,1,0.4785145519061398,32
271,3,549,224,325,0,0,0,1.0,1,1.0,1,1.0,1,0.40208912846660855,31
272,2,551,225,326,0,0,0,1.0,1,1.0,1,1.0,1,0.4642057363095197,32
273,0,551,225,326,0,0,0,1.0,1,1.0,1,1.0,1,0.4642057363095197,32
274,3,554,226,328,0,0,0,1.0,1,1.0,1,1.0,1,0.4496141458466033,32
275,2,556,226,330,0,0,0,1.0,1,1.0,1,1.0,1,0.3644518226939351,33
276,2,558,227,331,0,0,0,1.0,1,1.0,1,1.0,1,0.37933032660679866,34
277,1,559,228,331,0,0,0,1.0,1,1.0,1,1.0,1,0.3271855946141128,32
278,0,559,228,331,0,0,0,1.0,1,1.0,1,1.0,1,0.307849185431065,31
279,1,560,228,332,0,0,0,1.0,1,1.0,1,1.0,1,0.2601338743618607,31
280,2,562,228,334,0,0,0,1.0,1,1.0,1,1.0,1,0.23856983174046817,30
281,2,564,228,336,0,0,0,1.0,1,1.0,1,1.0,1,0.15267203211241817,31
282,1,565,228,337,0,0,0,1.0,1,1.0,1,1.0,1,0.12741170657639128,30
283,0,565,228,337,0,0,0,1.0,1,1.0,1,1.0,1,0.13378471068475092,31
284,1,566,229,337,0,0,0,1.0,1,1.0,1,1.0,1,0.1449638518349951,31
285,3,569,232,337,0,0,0,1.0,1,1.0,1,1.0,1,0.2956167977224002,31
286,5,574,232,342,0,0,0,1.0,1,1.0,1,1.0,1,0.17593261607191843,31
287,2,576,233,343,0,0,0,1.0,1,1.0,1,1.0,1,0.1897187736660316,33
288,0,576,233,343,0,0,0,1.0,1,1.0,1,1.0,1,0.1541131380883433,32
289,1,577,234,343,0,0,0,1.0,1,1.0,1,1.0,1,0.1783238708755278,32
290,0,577,234,343,0,0,0,1.0,1,1.0,1,1.0,1,0.19077626254571406,31
291,1,578,235,343,0,0,0,1.0,1,1.0,1,1.0,1,0.25559549067438325,30
292,0,578,235,343,0,0,0,1.0,1,1.0,1,1.0,1,0.19951464348474285,32
293,0,578,235,343,0,0,0,1.0,1,1.0,1,1.0,1,0.19951464348474285,32
294,0,578,235,343,0,0,0,1.0,1,1.0,1,1.0,1,0.19951464348474285,32
295,1,579,235,344,0,0,0,1.0,1,1.0,1,1.0,1,0.1527058561847966,34
296,2,581,236,345,0,0,0,1.0,1,1.0,1,1.0,1,0.17084781522129813,34
297,2,583,237,346,0,0,0,1.0,1,1.0,1,1.0,1,0.21285459200284218,34
298,2,585,237,348,0,0,0,1.0,1,1.0,1,1.0,1,0.19627050232362026,35
299,2,587,237,350,0,0,0,1.0,1,1.0,1,1.0,1,0.2288065330107182,35
300,3,590,237,353,0,0,0,1.0,1,1.0,1,1.0,1,0.2069677892523225,35
301,0,590,237,353,0,0,0,1.0,1,1.0,1,1.0,1,0.22529283544206374,38
302,1,591,238,353,0,0,0,1.0,1,1.0,1,1.0,1,0.2212679883950959,38
303,2,593,240,353,0,0,0,1.0,1,1.0,1,1.0,1,0.2757383507181142,37
304,1,594,241,353,0,0,0,1.0,1,1.0,1,1.0,1,0.2940645604731067,37
305,4,598,243,355,0,0,0,1.0,1,1.0,1,1.0,1,0.3380074598541494,36
306,1,599,244,355,0,0,0,1.0,1,1.0,1,1.0,1,0.3772602103942101,36
307,2,601,244,357,0,0,0,1.0,1,1.0,1,1.0,1,0.3522986372745834,35
308,1,602,245,357,0,0,0,1.0,1,1.0,1,1.0,1,0.3380906538716273,37
309,0,602,245,357,0,0,0,1.0,1,1.0,1,1.0,1,0.3380906538716273,37
310,1,603,245,358,0,0,0,1.0,1,1.0,1,1.0,1,0.3216436996368508,37
311,0,603,245,358,0,0,0,1.0,1,1.0,1,1.0,1,0.3196754301553794,39
312,0,603,245,358,0,0,0,1.0,1,1.0,1,1.0,1,0.31953629641432074,40
313,0,603,245,358,0,0,0,1.0,1,1.0,1,1.0,1,0.3189884807522443,39
314,2,605,246,359,0,0,0,1.0,1,1.0,1,1.0,1,0.3442292414994762,40
315,2,607,247,360,0,0,0,1.0,1,1.0,1,1.0,1,0.4163258409518067,39
316,8,615,247,368,0,0,0,1.0,1,1.0,1,1.0,1,0.24173853258929082,39
317,1,616,247,369,0,0,0,1.0,1,1.0,1,1.0,1,0.24904453909060437,40
318,1,617,247,370,0,0,0,1.0,1,1.0,1,1.0,1,0.2277092111127673,41
319,1,618,247,371,0,0,0,1.0,1,1.0,1,1.0,1,0.19827688409874278,41
320,2,620,247,373,0,0,0,1.0,1,1.0,1,1.0,1,0.18051489586408176,41
321,3,623,247,376,0,0,0,1.0,1,1.0,1,1.0,1,0.1789798003772951,41
322,3,626,249,377,0,0,0,1.0,1,1.0,1,1.0,1,0.1600917013732404,41
323,0,626,249,377,0,0,0,1.0,1,1.0,1,1.0,1,0.1600917013732404,41
324,4,630,251,379,0,0,0,1.0,1,1.0,1,1.0,1,0.19591731841543505,42
325,2,632,252,380,0,0,0,1.0,1,1.0,1,1.0,1,0.22077615201247902,42
326,4,636,253,383,0,0,0,1.0,1,1.0,1,1.0,1,0.2865566634969772,42
327,4,640,253,387,0,0,0,1.0,1,1.0,1,1.0,1,0.2865566634969772,42
328,4,644,253,391,0,0,0,1.0,1,1.0,1,1.0,1,0.2809322679523434,43
329,2,646,253,393,0,0,0,1.0,1,1.0,1,1.0,1,0.2481003287773918,43
330,6,652,253,399,0,0,0,1.0,1,1.0,1,1.0,1,0.23901115599395809,45
331,9,661,253,408,0,0,0,1.0,1,1.0,1,1.0,1,0.10935954204879916,45
332,0,661,253,408,0,0,0,1.0,1,1.0,1,1.0,1,0.08899672912402577,45
333,0,661,253,408,0,0,0,1.0,1,1.0,1,1.0,1,0.09730946905877977,46
334,1,662,253,409,0,0,0,1.0,1,1.0,1,1.0,1,0.10152111936825929,48
335,0,662,253,409,0,0,0,1.0,1,1.0,1,1.0,1,0.10152111936825929,48
336,1,663,254,409,0,0,0,1.0,1,1.0,1,1.0,1,0.11869918648105778,48
337,4,667,254,413,0,0,0,1.0,1,1.0,1,1.0,1,0.1325110060146648,49
338,1,668,255,413,0,0,0,1.0,1,1.0,1,1.0,1,0.12091590199299003,50
339,0,668,255,413,0,0,0,1.0,1,1.0,1,1.0,1,0.12091590199299003,50
340,1,669,255,414,0,0,0,1.0,1,1.0,1,1.0,1,0.09031411603322988,50
341,1,670,255,415,0,0,0,1.0,1,1.0,1,1.0,1,0.11093045686901654,51
342,2,672,256,416,0,0,0,1.0,1,1.0,1,1.0,1,0.10554094165706,51
343,1,673,257,416,0,0,0,1.0,1,1.0,1,1.0,1,0.09178183885210561,51
344,1,674,257,417,0,0,0,1.0,1,1.0,1,1.0,1,0.0976572563257471,50
345,2,676,257,419,0,0,0,1.0,1,1.0,1,1.0,1,0.10908582935243573,51
346,1,677,258,419,0,0,0,1.0,1,1.0,1,1.0,1,0.13548608355669856,51
347,0,677,258,419,0,0,0,1.0,1,1.0,1,1.0,1,0.13548608355669856,51
348,5,682,261,421,0,0,0,1.0,1,1.0,1,1.0,1,0.18367719753101405,53
349,2,684,261,423,0,0,0,1.0,1,1.0,1,1.0,1,0.12840666071077556,55
350,0,684,261,423,0,0,0,1.0,1,1.0,1,1.0,1,0.11754315104486074,54
351,2,686,263,423,0,0,0,1.0,1,1.0,1,1.0,1,0.19614088078410344,54
352,3,689,266,423,0,0,0,1.0,1,1.0,1,1.0,1,0.258127904275466,53
353,5,694,268,426,0,0,0,1.0,1,1.0,1,1.0,1,0.26673232065389213,53
354,0,694,268,426,0,0,0,1.0,1,1.0,1,1.0,1,0.2826368666306269,50
355,0,694,268,426,0,0,0,1.0,1,1.0,1,1.0,1,0.28572092706867847,51
356,1,695,269,426,0,0,0,1.0,1,1.0,1,1.0,1,0.3440425789545384,51
357,1,696,270,426,0,0,0,1.0,1,1.0,1,1.0,1,0.3461429563187837,50
358,2,698,271,427,0,0,0,1.0,1,1.0,1,1.0,1,0.3166680897916369,48
359,3,701,272,429,0,0,0,1.0,1,1.0,1,1.0,1,0.3170818375626868,47
360,1,702,273,429,0,0,0,1.0,1,1.0,1,1.0,1,0.2972067173410278,45
361,4,706,275,431,0,0,0,1.0,1,1.0,1,1.0,1,0.2990022388148573,44
362,0,706,275,431,0,0,0,1.0,1,1.0,1,1.0,1,0.3052268904341428,44
363,1,707,275,432,0,0,0,1.0,1,1.0,1,1.0,1,0.28307265984343477,44
364,0,707,275,432,0,0,0,1.0,1,1.0,1,1.0,1,0.27587281005488007,43
365,2,709,277,432,0,0,0,1.0,1,1.0,1,1.0,1,0.2700149325938617,43
366,2,711,278,433,0,0,0,1.0,1,1.0,1,1.0,1,0.27139299164793246,45
367,1,712,279,433,0,0,0,1.0,1,1.0,1,1.0,1,0.28885797002305896,44
368,1,713,279,434,0,0,0,1.0,1,1.0,1,1.0,1,0.24887621942920102,46
369,1,714,280,434,0,0,0,1.0,1,1.0,1,1.0,1,0.2935433423875628,45
370,1,715,280,435,0,0,0,1.0,1,1.0,1,1.0,1,0.2724905027424238,46
371,2,717,280,437,0,0,0,1.0,1,1.0,1,1.0,1,0.2930339067031618,47
372,1,718,280,438,0,0,0,1.0,1,1.0,1,1.0,1,0.28801467958722005,48
373,2,720,281,439,0,0,0,1.0,1,1.0,1,1.0,1,0.279948127643452,48
374,2,722,283,439,0,0,0,1.0,1,1.0,1,1.0,1,0.27188284598912016,49
375,1,723,283,440,0,0,0,1.0,1,1.0,1,1.0,1,0.24226712136888878,49
376,4,727,286,441,0,0,0,1.0,1,1.0,1,1.0,1,0.19303069653077634,49
377,3,730,288,442,0,0,0,1.0,1,1.0,1,1.0,1,0.18979323542448437,49
378,2,732,289,443,0,0,0,1.0,1,1.0,1,1.0,1,0.20964511264220947,49
379,0,732,289,443,0,0,0,1.0,1,1.0,1,1.0,1,0.21667718283516724,50
380,1,733,290,443,0,0,0,1.0,1,1.0,1,1.0,1,0.2291908045985892,50
381,1,734,291,443,0,0,0,1.0,1,1.0,1,1.0,1,0.24577411567264668,51
382,2,736,293,443,0,0,0,1.0,1,1.0,1,1.0,1,0.2360705574816064,50
383,3,739,295,444,0,0,0,1.0,1,1.0,1,1.0,1,0.19205487888084374,51
384,4,743,298,445,0,0,0,1.0,1,1.0,1,1.0,1,0.1630611542818731,50
385,1,744,299,445,0,0,0,1.0,1,1.0,1,1.0,1,0.14818604713197306,50
386,2,746,300,446,0,0,0,1.0,1,1.0,1,1.0,1,0.1721925494057403,48
387,1,747,300,447,0,0,0,1.0,1,1.0,1,1.0,1,0.16140903154471775,47
388,1,748,301,447,0,0,0,1.0,1,1.0,1,1.0,1,0.16368323625774123,48
389,1,749,301,448,0,0,0,1.0,1,1.0,1,1.0,1,0.17097317469629075,47
390,2,751,303,448,0,0,0,1.0,1,1.0,1,1.0,1,0.17009032932865648,49
391,1,752,304,448,0,0,0,1.0,1,1.0,1,1.0,1,0.1787670620359028,46
392,1,753,305,448,0,0,0,1.0,1,1.0,1,1.0,1,0.23940760750481885,46
393,3,756,308,448,0,0,0,1.0,1,1.0,1,1.0,1,0.29416099121878053,44
394,5,761,310,451,0,0,0,1.0,1,1.0,1,1.0,1,0.2762426464300056,43
395,0,761,310,451,0,0,0,1.0,1,1.0,1,1.0,1,0.2934998233009876,42
396,2,763,312,451,0,0,0,1.0,1,1.0,1,1.0,1,0.3745052745946209,39
397,4,767,313,454,0,0,0,1.0,1,1.0,1,1.0,1,0.3958010956455581,39
398,0,767,313,454,0,0,0,1.0,1,1.0,1,1.0,1,0.43839415745727295,36
399,0,767,313,454,0,0,0,1.0,1,1.0,1,1.0,1,0.43839415745727295,36
400,3,770,315,455,0,0,0,1.0,1,1.0,1,1.0,1,0.43583244791856196,34
401,1,771,316,455,0,0,0,1.0,1,1.0,1,1.0,1,0.4340024177023714,33
402,0,771,316,455,0,0,0,1.0,1,1.0,1,1.0,1,0.4266444327976378,34
403,0,771,316,455,0,0,0,1.0,1,1.0,1,1.0,1,0.42614365960269557,36
404,2,773,318,455,0,0,0,1.0,1,1.0,1,1.0,1,0.4242482865320756,36
405,1,774,318,456,0,0,0,1.0,1,1.0,1,1.0,1,0.3976315626932816,37
406,3,777,318,459,0,0,0,1.0,1,1.0,1,1.0,1,0.31679313359145456,37
407,3,780,319,461,0,0,0,1.0,1,1.0,1,1.0,1,0.26761604510973114,39
408,3,783,322,461,0,0,0,1.0,1,1.0,1,1.0,1,0.2788333202862775,40
409,3,786,324,462,0,0,0,1.0,1,1.0,1,1.0,1,0.3104108926747121,41
410,5,791,325,466,0,0,0,1.0,1,1.0,1,1.0,1,0.33798530910973,42
411,2,793,325,468,0,0,0,1.0,1,1.0,1,1.0,1,0.34081794523477627,43
412,10,803,327,476,0,0,0,1.0,1,1.0,1,1.0,1,0.38065217408397783,44
413,8,811,327,484,0,0,0,1.0,1,1.0,1,1.0,1,0.38065217408397783,44
414,6,817,327,490,0,0,0,1.0,1,1.0,1,1.0,1,0.3536201988429479,45
415,11,828,327,501,0,0,0,1.0,1,1.0,1,1.0,1,0.3359876428042824,45
416,9,837,327,510,0,0,0,1.0,1,1.0,1,1.0,1,0.31617357848962496,46
417,8,845,327,518,0,0,0,1.0,1,1.0,1,1.0,1,0.31617357848962496,46
418,10,855,328,527,0,0,0,1.0,1,1.0,1,1.0,1,0.2928208589319331,47
419,7,862,328,534,0,0,0,1.0,1,1.0,1,1.0,1,0.2886454860466761,47
420,3,865,328,537,0,0,0,1.0,1,1.0,1,1.0,1,0.2980916535462909,47
421,3,868,329,539,0,0,0,1.0,1,1.0,1,1.0,1,0.2799865984173247,47
422,5,873,330,543,0,0,0,1.0,1,1.0,1,1.0,1,0.25994669216007577,49
423,1,874,330,544,0,0,0,1.0,1,1.0,1,1.0,1,0.2592838452838589,47
424,1,875,331,544,0,0,0,1.0,1,1.0,1,1.0,1,0.28218806740990665,45
425,4,879,331,548,0,0,0,1.0,1,1.0,1,1.0,1,0.22489371470381553,46
426,2,881,331,550,0,0,0,1.0,1,1.0,1,1.0,1,0.2449094939580057,46
427,2,883,332,551,0,0,0,1.0,1,1.0,1,1.0,1,0.2386529819688058,45
428,1,884,332,552,0,0,0,1.0,1,1.0,1,1.0,1,0.2011350514772831,45
429,5,889,334,555,0,0,0,1.0,1,1.0,1,1.0,1,0.20690306563614663,42
430,3,892,335,557,0,0,0,1.0,1,1.0,1,1.0,1,0.20953843900424043,40
431,3,895,337,558,0,0,0,1.0,1,1.0,1,1.0,1,0.2206393691317647,39
432,2,897,339,558,0,0,0,1.0,1,1.0,1,1.0,1,0.29453928047518924,37
433,3,900,342,558,0,0,0,1.0,1,1.0,1,1.0,1,0.3142527208585439,35
434,1,901,343,558,0,0,0,1.0,1,1.0,1,1.0,1,0.3410727012969915,33
435,0,901,343,558,0,0,0,1.0,1,1.0,1,1.0,1,0.3410727012969915,33
436,5,906,343,563,0,0,0,1.0,1,1.0,1,1.0,1,0.19088966155242923,33
437,1,907,344,563,0,0,0,1.0,1,1.0,1,1.0,1,0.1862238652672663,33
438,0,907,344,563,0,0,0,1.0,1,1.0,1,1.0,1,0.20666135920346318,32
439,2,909,345,564,0,0,0,1.0,1,1.0,1,1.0,1,0.23087127207709712,34
440,1,910,346,564,0,0,0,1.0,1,1.0,1,1.0,1,0.26912313156141615,34
441,2,912,347,565,0,0,0,1.0,1,1.0,1,1.0,1,0.2520519010362552,35
442,0,912,347,565,0,0,0,1.0,1,1.0,1,1.0,1,0.2636587358342768,37
443,4,916,350,566,0,0,0,1.0,1,1.0,1,1.0,1,0.2963391935212104,37
444,2,918,351,567,0,0,0,1.0,1,1.0,1,1.0,1,0.2842769812752895,38
445,4,922,352,570,0,0,0,1.0,1,1.0,1,1.0,1,0.269433881467336,39
446,5,927,352,575,0,0,0,1.0,1,1.0,1,1.0,1,0.27939294284610483,39
447,6,933,352,581,0,0,0,1.0,1,1.0,1,1.0,1,0.29168605847234497,41
448,6,939,352,587,0,0,0,1.0,1,1.0,1,1.0,1,0.29168605847234497,41
449,6,945,352,593,0,0,0,1.0,1,1.0,1,1.0,1,0.31377266762977896,40
450,5,950,354,596,0,0,0,1.0,1,1.0,1,1.0,1,0.32984203343002566,40
451,6,956,354,602,0,0,0,1.0,1,1.0,1,1.0,1,0.24119308246450968,41
452,0,956,354,602,0,0,0,1.0,1,1.0,1,1.0,1,0.24119308246450968,41
453,1,957,355,602,0,0,0,1.0,1,1.0,1,1.0,1,0.24914470439425532,40
454,1,958,355,603,0,0,0,1.0,1,1.0,1,1.0,1,0.23724651114487486,41
455,5,963,358,605,0,0,0,1.0,1,1.0,1,1.0,1,0.24762289928141465,41
456,0,963,358,605,0,0,0,1.0,1,1.0,1,1.0,1,0.24310348489742498,43
457,3,966,359,607,0,0,0,1.0,1,1.0,1,1.0,1,0.23315204781222643,43
458,1,967,360,607,0,0,0,1.0,1,1.0,1,1.0,1,0.20204256967153617,43
459,1,968,360,608,0,0,0,1.0,1,1.0,1,1.0,1,0.1783399055581133,44
460,0,968,360,608,0,0,0,1.0,1,1.0,1,1.0,1,0.19996359650561235,47
461,2,970,361,609,0,0,0,1.0,1,1.0,1,1.0,1,0.18846653902563937,48
462,1,971,362,609,0,0,0,1.0,1,1.0,1,1.0,1,0.16546220028189315,49
463,0,971,362,609,0,0,0,1.0,1,1.0,1,1.0,1,0.18528538376784498,47
464,4,975,365,610,0,0,0,1.0,1,1.0,1,1.0,1,0.14475095583119843,48
465,1,976,366,610,0,0,0,1.0,1,1.0,1,1.0,1,0.15920950786269536,47
466,2,978,367,611,0,0,0,1.0,1,1.0,1,1.0,1,0.1152186183687726,46
467,5,983,372,611,0,0,0,1.0,1,1.0,1,1.0,1,0.13440582157990802,44
468,1,984,373,611,0,0,0,1.0,1,1.0,1,1.0,1,0.14379876065551944,41
469,1,985,374,611,0,0,0,1.0,1,1.0,1,1.0,1,0.1533229697651545,40
470,4,989,377,612,0,0,0,1.0,1,1.0,1,1.0,1,0.20141758671324111,39
471,4,993,381,612,0,0,0,1.0,1,1.0,1,1.0,1,0.23312188116831148,38
472,4,997,385,612,0,0,0,1.0,1,1.0,1,1.0,1,0.29972921256202295,36
473,4,1001,388,613,0,0,0,1.0,1,1.0,1,1.0,1,0.3466356547813706,36
474,2,1003,389,614,0,0,0,1.0,1,1.0,1,1.0,1,0.288563979575385,34
475,1,1004,390,614,0,0,0,1.0,1,1.0,1,1.0,1,0.3439634109850071,34
476,0,1004,390,614,0,0,0,1.0,1,1.0,1,1.0,1,0.3232991584884982,32
477,0,1004,390,614,0,0,0,1.0,1,1.0,1,1.0,1,0.3241134198450844,32
478,0,1004,390,614,0,0,0,1.0,1,1.0,1,1.0,1,0.29157286536558974,30
479,1,1005,391,614,0,0,0,1.0,1,1.0,1,1.0,1,0.3138360101255405,31
480,0,1005,391,614,0,0,0,1.0,1,1.0,1,1.0,1,0.36373995199979037,27
481,4,1009,393,616,0,0,0,1.0,1,1.0,1,1.0,1,0.3523594547118764,28
482,1,1010,394,616,0,0,0,1.0,1,1.0,1,1.0,1,0.3395652370787564,28
483,1,1011,395,616,0,0,0,1.0,1,1.0,1,1.0,1,0.3355313320820335,29
484,2,1013,396,617,0,0,0,1.0,1,1.0,1,1.0,1,0.3266107134883723,29
485,0,1013,396,617,0,0,0,1.0,1,1.0,1,1.0,1,0.3266107134883723,29
486,5,1018,398,620,0,0,0,1.0,1,1.0,1,1.0,1,0.28168554156896436,31
487,4,1022,398,624,0,0,0,1.0,1,1.0,1,1.0,1,0.2561381334830934,33
488,2,1024,398,626,0,0,0,1.0,1,1.0,1,1.0,1,0.23226623678371427,34
489,1,1025,399,626,0,0,0,1.0,1,1.0,1,1.0,1,0.2656080538136683,34
490,0,1025,399,626,0,0,0,1.0,1,1.0,1,1.0,1,0.2656080538136683,34
491,0,1025,399,626,0,0,0,1.0,1,1.0,1,1.0,1,0.2656080538136683,34
492,1,1026,399,627,0,0,0,1.0,1,1.0,1,1.0,1,0.25502775412159473,34
493,0,1026,399,627,0,0,0,1.0,1,1.0,1,1.0,1,0.25502775412159473,34
494,2,1028,400,628,0,0,0,1.0,1,1.0,1,1.0,1,0.27899281876465043,36
495,0,1028,400,628,0,0,0,1.0,1,1.0,1,1.0,1,0.27899281876465043,36
496,2,1030,400,630,0,0,0,1.0,1,1.0,1,1.0,1,0.20627254691438976,37
497,0,1030,400,630,0,0,0,1.0,1,1.0,1,1.0,1,0.19840371889163888,39
498,0,1030,400,630,0,0,0,1.0,1,1.0,1,1.0,1,0.21916027844866012,40
499,2,1032,401,631,0,0,0,1.0,1,1.0,1,1.0,1,0.21623498465983118,40
500,5,1037,403,634,0,0,0,1.0,1,1.0,1,1.0,1,0.20628853006159217,42
501,1,1038,403,635,0,0,0,1.0,1,1.0,1,1.0,1,0.19451217629901552,42
502,1,1039,404,635,0,0,0,1.0,1,1.0,1,1.0,1,0.21422943307712183,42
503,1,1040,405,635,0,0,0,1.0,1,1.0,1,1.0,1,0.19872590857073,41
504,5,1045,409,636,0,0,0,1.0,1,1.0,1,1.0,1,0.310968445334687,42
505,4,1049,411,638,0,0,0,1.0,1,1.0,1,1.0,1,0.30660173294166915,38
506,0,1049,411,638,0,0,0,1.0,1,1.0,1,1.0,1,0.3293830993421856,37
507,1,1050,411,639,0,0,0,1.0,1,1.0,1,1.0,1,0.3448493048036303,35
508,4,1054,414,640,0,0,0,1.0,1,1.0,1,1.0,1,0.36549997220004754,35
509,1,1055,415,640,0,0,0,1.0,1,1.0,1,1.0,1,0.3294942043447606,34
510,0,1055,415,640,0,0,0,1.0,1,1.0,1,1.0,1,0.3203235536213847,34
511,2,1057,416,641,0,0,0,1.0,1,1.0,1,1.0,1,0.3483491021281394,32
512,3,1060,418,642,0,0,0,1.0,1,1.0,1,1.0,1,0.3552790002050221,30
513,0,1060,418,642,0,0,0,1.0,1,1.0,1,1.0,1,0.3628063662137639,31
514,0,1060,418,642,0,0,0,1.0,1,1.0,1,1.0,1,0.3628063662137639,31
515,3,1063,420,643,0,0,0,1.0,1,1.0,1,1.0,1,0.4079215389525799,32
516,1,1064,420,644,0,0,0,1.0,1,1.0,1,1.0,1,0.3658994326325751,31
517,2,1066,420,646,0,0,0,1.0,1,1.0,1,1.0,1,0.295777303840602,32
518,0,1066,420,646,0,0,0,1.0,1,1.0,1,1.0,1,0.2817917121413333,31
519,3,1069,422,647,0,0,0,1.0,1,1.0,1,1.0,1,0.27304706410945756,31
520,1,1070,423,647,0,0,0,1.0,1,1.0,1,1.0,1,0.3306461088883007,33
521,1,1071,424,647,0,0,0,1.0,1,1.0,1,1.0,1,0.31990195649864855,34
522,2,1073,426,647,0,0,0,1.0,1,1.0,1,1.0,1,0.3029787821889191,34
523,1,1074,426,648,0,0,0,1.0,1,1.0,1,1.0,1,0.28568954300357,33
524,1,1075,427,648,0,0,0,1.0,1,1.0,1,1.0,1,0.28037444743076056,34
525,0,1075,427,648,0,0,0,1.0,1,1.0,1,1.0,1,0.3249903470221938,32
526,2,1077,427,650,0,0,0,1.0,1,1.0,1,1.0,1,0.28614027091374306,32
527,0,1077,427,650,0,0,0,1.0,1,1.0,1,1.0,1,0.33349992369042086,31
528,2,1079,429,650,0,0,0,1.0,1,1.0,1,1.0,1,0.34862779593403886,31
529,0,1079,429,650,0,0,0,1.0,1,1.0,1,1.0,1,0.37253670118381277,30
530,0,1079,429,650,0,0,0,1.0,1,1.0,1,1.0,1,0.37253670118381277,30
531,1,1080,429,651,0,0,0,1.0,1,1.0,1,1.0,1,0.3725982731879214,32
532,3,1083,431,652,0,0,0,1.0,1,1.0,1,1.0,1,0.3139732236557528,32
533,2,1085,433,652,0,0,0,1.0,1,1.0,1,1.0,1,0.33088693772080546,34
534,1,1086,434,652,0,0,0,1.0,1,1.0,1,1.0,1,0.3494547532354919,34
535,3,1089,434,655,0,0,0,1.0,1,1.0,1,1.0,1,0.2937409516525792,37
536,1,1090,434,656,0,0,0,1.0,1,1.0,1,1.0,1,0.2898851678748013,37
537,2,1092,436,656,0,0,0,1.0,1,1.0,1,1.0,1,0.3271676502576059,37
538,2,1094,437,657,0,0,0,1.0,1,1.0,1,1.0,1,0.3310052619036307,38
539,2,1096,437,659,0,0,0,1.0,1,1.0,1,1.0,1,0.2865577813145157,38
540,0,1096,437,659,0,0,0,1.0,1,1.0,1,1.0,1,0.2865577813145157,38
541,0,1096,437,659,0,0,0,1.0,1,1.0,1,1.0,1,0.2766362677661611,39
542,2,1098,438,660,0,0,0,1.0,1,1.0,1,1.0,1,0.2773350039694256,40
543,1,1099,439,660,0,0,0,1.0,1,1.0,1,1.0,1,0.3048709287301969,37
544,3,1102,441,661,0,0,0,1.0,1,1.0,1,1.0,1,0.3464090433440731,35
545,0,1102,441,661,0,0,0,1.0,1,1.0,1,1.0,1,0.30656590868645733,35
546,4,1106,445,661,0,0,0,1.0,1,1.0,1,1.0,1,0.324760271929609,35
547,1,1107,446,661,0,0,0,1.0,1,1.0,1,1.0,1,0.3048595266431338,34
548,4,1111,448,663,0,0,0,1.0,1,1.0,1,1.0,1,0.33533986388070147,34
549,3,1114,451,663,0,0,0,1.0,1,1.0,1,1.0,1,0.45383712916000946,31
550,0,1114,451,663,0,0,0,1.0,1,1.0,1,1.0,1,0.44166416578620427,30
551,4,1118,454,664,0,0,0,1.0,1,1.0,1,1.0,1,0.48045333912783916,31
552,2,1120,454,666,0,0,0,1.0,1,1.0,1,1.0,1,0.38287865558731,29
553,2,1122,455,667,0,0,0,1.0,1,1.0,1,1.0,1,0.4317724798272616,30
554,2,1124,455,669,0,0,0,1.0,1,1.0,1,1.0,1,0.35768572835518114,30
555,1,1125,455,670,0,0,0,1.0,1,1.0,1,1.0,1,0.33830135798867417,30
556,5,1130,455,675,0,0,0,1.0,1,1.0,1,1.0,1,0.21269812431904933,31
557,0,1130,455,675,0,0,0,1.0,1,1.0,1,1.0,1,0.24980363072265455,31
558,0,1130,455,675,0,0,0,1.0,1,1.0,1,1.0,1,0.24980363072265455,31
559,0,1130,455,675,0,0,0,1.0,1,1.0,1,1.0,1,0.24980363072265455,31
560,2,1132,456,676,0,0,0,1.0,1,1.0,1,1.0,1,0.1939925471169871,32
561,5,1137,460,677,0,0,0,1.0,1,1.0,1,1.0,1,0.21748327186594507,33
562,1,1138,461,677,0,0,0,1.0,1,1.0,1,1.0,1,0.22544130777926202,33
563,1,1139,462,677,0,0,0,1.0,1,1.0,1,1.0,1,0.23744734161292533,33
564,1,1140,462,678,0,0,0,1.0,1,1.0,1,1.0,1,0.22562540923038193,34
565,4,1144,463,681,0,0,0,1.0,1,1.0,1,1.0,1,0.1967444759884139,35
566,0,1144,463,681,0,0,0,1.0,1,1.0,1,1.0,1,0.19789048686199587,36
567,2,1146,464,682,0,0,0,1.0,1,1.0,1,1.0,1,0.16783781583240304,37
568,1,1147,465,682,0,0,0,1.0,1,1.0,1,1.0,1,0.22548504084134646,36
569,1,1148,466,682,0,0,0,1.0,1,1.0,1,1.0,1,0.22060505064557134,37
570,0,1148,466,682,0,0,0,1.0,1,1.0,1,1.0,1,0.22916542909634324,38
571,1,1149,467,682,0,0,0,1.0,1,1.0,1,1.0,1,0.2056875619092898,38
572,0,1149,467,682,0,0,0,1.0,1,1.0,1,1.0,1,0.21251906049269015,39
573,0,1149,467,682,0,0,0,1.0,1,1.0,1,1.0,1,0.21251906049269015,39
574,1,1150,467,683,0,0,0,1.0,1,1.0,1,1.0,1,0.21238882941907722,41
575,1,1151,468,683,0,0,0,1.0,1,1.0,1,1.0,1,0.20647076479768445,41
576,0,1151,468,683,0,0,0,1.0,1,1.0,1,1.0,1,0.2185347094707248,42
577,1,1152,468,684,0,0,0,1.0,1,1.0,1,1.0,1,0.20811600603756827,42
578,0,1152,468,684,0,0,0,1.0,1,1.0,1,1.0,1,0.21763476010713664,41
579,0,1152,468,684,0,0,0,1.0,1,1.0,1,1.0,1,0.20427594320910233,42
580,5,1157,470,687,0,0,0,1.0,1,1.0,1,1.0,1,0.20592764869642882,43
581,4,1161,472,689,0,0,0,1.0,1,1.0,1,1.0,1,0.16401474589482953,42
582,1,1162,473,689,0,0,0,1.0,1,1.0,1,1.0,1,0.18296685847388247,41
583,5,1167,476,691,0,0,0,1.0,1,1.0,1,1.0,1,0.193213288900226,40
584,2,1169,478,691,0,0,0,1.0,1,1.0,1,1.0,1,0.25527736577740023,38
585,3,1172,481,691,0,0,0,1.0,1,1.0,1,1.0,1,0.27648377938263397,38
586,6,1178,484,694,0,0,0,1.0,1,1.0,1,1.0,1,0.17670231837024936,37
587,4,1182,487,695,0,0,0,1.0,1,1.0,1,1.0,1,0.18106977506260585,35
588,1,1183,488,695,0,0,0,1.0,1,1.0,1,1.0,1,0.19317124157423396,35
589,2,1185,488,697,0,0,0,1.0,1,1.0,1,1.0,1,0.20350903239028675,34
590,3,1188,489,699,0,0,0,1.0,1,1.0,1,1.0,1,0.19322891183622393,36
591,1,1189,489,700,0,0,0,1.0,1,1.0,1,1.0,1,0.19262306856974595,35
592,2,1191,490,701,0,0,0,1.0,1,1.0,1,1.0,1,0.1918152843994093,37
593,1,1192,491,701,0,0,0,1.0,1,1.0,1,1.0,1,0.18861017333105803,36
594,0,1192,491,701,0,0,0,1.0,1,1.0,1,1.0,1,0.16361966450940918,35
595,1,1193,492,701,0,0,0,1.0,1,1.0,1,1.0,1,0.17344685500677,34
596,2,1195,493,702,0,0,0,1.0,1,1.0,1,1.0,1,0.18219216615019923,34
597,1,1196,494,702,0,0,0,1.0,1,1.0,1,1.0,1,0.22349219481509555,33
598,0,1196,494,702,0,0,0,1.0,1,1.0,1,1.0,1,0.2599167945773279,33
599,2,1198,496,702,0,0,0,1.0,1,1.0,1,1.0,1,0.2780620415075566,33
600,1,1199,497,702,0,0,0,1.0,1,1.0,1,1.0,1,0.3282034338979905,33
601,2,1201,498,703,0,0,0,1.0,1,1.0,1,1.0,1,0.317466334911682,34
602,1,1202,498,704,0,0,0,1.0,1,1.0,1,1.0,1,0.3305037103619542,35
603,1,1203,498,705,0,0,0,1.0,1,1.0,1,1.0,1,0.33780206216820463,35
604,0,1203,498,705,0,0,0,1.0,1,1.0,1,1.0,1,0.33358951931739184,35
605,0,1203,498,705,0,0,0,1.0,1,1.0,1,1.0,1,0.3541725837670928,35
606,1,1204,498,706,0,0,0,1.0,1,1.0,1,1.0,1,0.35140429274176366,35
607,0,1204,498,706,0,0,0,1.0,1,1.0,1,1.0,1,0.35140429274176366,35
608,1,1205,498,707,0,0,0,1.0,1,1.0,1,1.0,1,0.3479429084488024,36
609,2,1207,498,709,0,0,0,1.0,1,1.0,1,1.0,1,0.32838491988482693,37
610,0,1207,498,709,0,0,0,1.0,1,1.0,1,1.0,1,0.32838491988482693,37
611,2,1209,499,710,0,0,0,1.0,1,1.0,1,1.0,1,0.31586525550339434,39
612,3,1212,500,712,0,0,0,1.0,1,1.0,1,1.0,1,0.26429088181088456,39
613,1,1213,501,712,0,0,0,1.0,1,1.0,1,1.0,1,0.26058120647980987,39
614,1,1214,502,712,0,0,0,1.0,1,1.0,1,1.0,1,0.28069417337668295,39
615,3,1217,503,714,0,0,0,1.0,1,1.0,1,1.0,1,0.24584867496282273,39
616,5,1222,505,717,0,0,0,1.0,1,1.0,1,1.0,1,0.23552412217091745,38
617,5,1227,508,719,0,0,0,1.0,1,1.0,1,1.0,1,0.20811758363702001,39
618,3,1230,509,721,0,0,0,1.0,1,1.0,1,1.0,1,0.22392262713331268,40
619,1,1231,510,721,0,0,0,1.0,1,1.0,1,1.0,1,0.21244214265095113,39
620,0,1231,510,721,0,0,0,1.0,1,1.0,1,1.0,1,0.20035989096260245,38
621,5,1236,513,723,0,0,0,1.0,1,1.0,1,1.0,1,0.190702979518903,38
622,0,1236,513,723,0,0,0,1.0,1,1.0,1,1.0,1,0.1492445350488575,38
623,3,1239,516,723,0,0,0,1.0,1,1.0,1,1.0,1,0.17668055460626667,37
624,7,1246,519,727,0,0,0,1.0,1,1.0,1,1.0,1,0.08323821183353461,33
625,1,1247,520,727,0,0,0,1.0,1,1.0,1,1.0,1,0.11058525491095021,32
626,4,1251,524,727,0,0,0,1.0,1,1.0,1,1.0,1,0.1625192293094208,31
627,1,1252,525,727,0,0,0,1.0,1,1.0,1,1.0,1,0.15267754989791188,30
628,4,1256,528,728,0,0,0,1.0,1,1.0,1,1.0,1,0.20985957049705348,32
629,2,1258,529,729,0,0,0,1.0,1,1.0,1,1.0,1,0.2311999702756659,29
630,1,1259,530,729,0,0,0,1.0,1,1.0,1,1.0,1,0.3260983530068299,29
631,3,1262,531,731,0,0,0,1.0,1,1.0,1,1.0,1,0.310100422175577,25
632,0,1262,531,731,0,0,0,1.0,1,1.0,1,1.0,1,0.32159282681272144,24
633,0,1262,531,731,0,0,0,1.0,1,1.0,1,1.0,1,0.36417200698904634,23
634,0,1262,531,731,0,0,0,1.0,1,1.0,1,1.0,1,0.36417200698904634,23
635,2,1264,532,732,0,0,0,1.0,1,1.0,1,1.0,1,0.3708856842614214,22
636,0,1264,532,732,0,0,0,1.0,1,1.0,1,1.0,1,0.40818946757298047,22
637,1,1265,533,732,0,0,0,1.0,1,1.0,1,1.0,1,0.4264902429867754,23
638,1,1266,534,732,0,0,0,1.0,1,1.0,1,1.0,1,0.44625684991536463,23
639,1,1267,534,733,0,0,0,1.0,1,1.0,1,1.0,1,0.3981123452983153,24
640,1,1268,535,733,0,0,0,1.0,1,1.0,1,1.0,1,0.44017697602141925,24
641,3,1271,535,736,0,0,0,1.0,1,1.0,1,1.0,1,0.44559475584013153,25
642,1,1272,535,737,0,0,0,1.0,1,1.0,1,1.0,1,0.3899217323292798,26
643,2,1274,535,739,0,0,0,1.0,1,1.0,1,1.0,1,0.3704868513057835,28
644,3,1277,537,740,0,0,0,1.0,1,1.0,1,1.0,1,0.371734207782574,28
645,4,1281,540,741,0,0,0,1.0,1,1.0,1,1.0,1,0.3620451375151247,28
646,4,1285,540,745,0,0,0,1.0,1,1.0,1,1.0,1,0.19455973156014336,29
647,3,1288,541,747,0,0,0,1.0,1,1.0,1,1.0,1,0.2019194857064066,30
648,0,1288,541,747,0,0,0,1.0,1,1.0,1,1.0,1,0.2019194857064066,30
649,0,1288,541,747,0,0,0,1.0,1,1.0,1,1.0,1,0.22947354385505006,31
650,0,1288,541,747,0,0,0,1.0,1,1.0,1,1.0,1,0.22947354385505006,31
651,2,1290,542,748,0,0,0,1.0,1,1.0,1,1.0,1,0.2128073650799036,32
652,0,1290,542,748,0,0,0,1.0,1,1.0,1,1.0,1,0.2128073650799036,32
653,0,1290,542,748,0,0,0,1.0,1,1.0,1,1.0,1,0.1995073171972881,33
654,0,1290,542,748,0,0,0,1.0,1,1.0,1,1.0,1,0.1995073171972881,33
655,3,1293,544,749,0,0,0,1.0,1,1.0,1,1.0,1,0.25058656739130214,36
656,1,1294,545,749,0,0,0,1.0,1,1.0,1,1.0,1,0.2934500973126146,36
657,3,1297,547,750,0,0,0,1.0,1,1.0,1,1.0,1,0.3095965145466007,35
658,2,1299,549,750,0,0,0,1.0,1,1.0,1,1.0,1,0.326097788216284,33
659,4,1303,550,753,0,0,0,1.0,1,1.0,1,1.0,1,0.3498666645179525,35
660,5,1308,552,756,0,0,0,1.0,1,1.0,1,1.0,1,0.4134285537193119,34
661,5,1313,552,761,0,0,0,1.0,1,1.0,1,1.0,1,0.33630183646669737,33
662,3,1316,554,762,0,0,0,1.0,1,1.0,1,1.0,1,0.35524561747635963,31
663,3,1319,556,763,0,0,0,1.0,1,1.0,1,1.0,1,0.36380989467938557,29
664,2,1321,557,764,0,0,0,1.0,1,1.0,1,1.0,1,0.42954396912035686,27
665,3,1324,557,767,0,0,0,1.0,1,1.0,1,1.0,1,0.2743194919594871,27
666,5,1329,559,770,0,0,0,1.0,1,1.0,1,1.0,1,0.32403590551453654,28
667,1,1330,560,770,0,0,0,1.0,1,1.0,1,1.0,1,0.36444455054590197,26
668,0,1330,560,770,0,0,0,1.0,1,1.0,1,1.0,1,0.35526895488005494,26
669,3,1333,563,770,0,0,0,1.0,1,1.0,1,1.0,1,0.36008896400694135,25
670,1,1334,563,771,0,0,0,1.0,1,1.0,1,1.0,1,0.2941854602607559,24
671,3,1337,563,774,0,0,0,1.0,1,1.0,1,1.0,1,0.26911485311805194,24
672,0,1337,563,774,0,0,0,1.0,1,1.0,1,1.0,1,0.26027748146237306,25
673,3,1340,563,777,0,0,0,1.0,1,1.0,1,1.0,1,0.29451747460077743,25
674,2,1342,563,779,0,0,0,1.0,1,1.0,1,1.0,1,0.29451747460077743,25
675,2,1344,564,780,0,0,0,1.0,1,1.0,1,1.0,1,0.3088905353190352,26
676,3,1347,566,781,0,0,0,1.0,1,1.0,1,1.0,1,0.18470455490224658,27
677,3,1350,566,784,0,0,0,1.0,1,1.0,1,1.0,1,0.14980803527589526,28
678,2,1352,568,784,0,0,0,1.0,1,1.0,1,1.0,1,0.16641452790899217,28
679,1,1353,568,785,0,0,0,1.0,1,1.0,1,1.0,1,0.20378073325259705,30
680,2,1355,568,787,0,0,0,1.0,1,1.0,1,1.0,1,0.23277256301018742,29
681,2,1357,569,788,0,0,0,1.0,1,1.0,1,1.0,1,0.28717323084400964,29
682,2,1359,569,790,0,0,0,1.0,1,1.0,1,1.0,1,0.29558705610792047,30
683,2,1361,569,792,0,0,0,1.0,1,1.0,1,1.0,1,0.23622136821572645,30
684,2,1363,569,794,0,0,0,1.0,1,1.0,1,1.0,1,0.26244754860874653,31
685,2,1365,569,796,0,0,0,1.0,1,1.0,1,1.0,1,0.28052641112159665,30
686,5,1370,572,798,0,0,0,1.0,1,1.0,1,1.0,1,0.2692541602126969,30
687,4,1374,574,800,0,0,0,1.0,1,1.0,1,1.0,1,0.36686737519359264,30
688,2,1376,574,802,0,0,0,1.0,1,1.0,1,1.0,1,0.3205535596832854,31
689,4,1380,575,805,0,0,0,1.0,1,1.0,1,1.0,1,0.39644750517076055,32
690,5,1385,575,810,0,0,0,1.0,1,1.0,1,1.0,1,0.3406978279650864,32
691,5,1390,575,815,0,0,0,1.0,1,1.0,1,1.0,1,0.2125886126241824,32
692,1,1391,576,815,0,0,0,1.0,1,1.0,1,1.0,1,0.21795179961741484,32
693,0,1391,576,815,0,0,0,1.0,1,1.0,1,1.0,1,0.20549611465324508,34
694,4,1395,577,818,0,0,0,1.0,1,1.0,1,1.0,1,0.22893660306464222,36
695,0,1395,577,818,0,0,0,1.0,1,1.0,1,1.0,1,0.24852799674009446,34
696,0,1395,577,818,0,0,0,1.0,1,1.0,1,1.0,1,0.2727087395011506,33
697,0,1395,577,818,0,0,0,1.0,1,1.0,1,1.0,1,0.27277727534341656,33
698,4,1399,580,819,0,0,0,1.0,1,1.0,1,1.0,1,0.3053547954458314,34
699,3,1402,581,821,0,0,0,1.0,1,1.0,1,1.0,1,0.3574427520852245,33
700,2,1404,582,822,0,0,0,1.0,1,1.0,1,1.0,1,0.27029431908749324,32
701,2,1406,582,824,0,0,0,1.0,1,1.0,1,1.0,1,0.26175845651841184,33
702,2,1408,583,825,0,0,0,1.0,1,1.0,1,1.0,1,0.2821968350389748,34
703,1,1409,583,826,0,0,0,1.0,1,1.0,1,1.0,1,0.21738187795602043,32
704,0,1409,583,826,0,0,0,1.0,1,1.0,1,1.0,1,0.19731413243721116,31
705,4,1413,586,827,0,0,0,1.0,1,1.0,1,1.0,1,0.23165139677948,33
706,3,1416,589,827,0,0,0,1.0,1,1.0,1,1.0,1,0.3384779007902842,33
707,1,1417,590,827,0,0,0,1.0,1,1.0,1,1.0,1,0.321550539123627,31
708,1,1418,591,827,0,0,0,1.0,1,1.0,1,1.0,1,0.364274752855504,31
709,1,1419,592,827,0,0,0,1.0,1,1.0,1,1.0,1,0.37510151193199065,30
710,0,1419,592,827,0,0,0,1.0,1,1.0,1,1.0,1,0.37510151193199065,30
711,0,1419,592,827,0,0,0,1.0,1,1.0,1,1.0,1,0.3756729134860774,30
712,1,1420,592,828,0,0,0,1.0,1,1.0,1,1.0,1,0.3572613904839974,30
713,1,1421,592,829,0,0,0,1.0,1,1.0,1,1.0,1,0.36714905181885865,31
714,2,1423,593,830,0,0,0,1.0,1,1.0,1,1.0,1,0.3973515034819083,31
715,0,1423,593,830,0,0,0,1.0,1,1.0,1,1.0,1,0.3961788916759135,30
716,1,1424,594,830,0,0,0,1.0,1,1.0,1,1.0,1,0.41363826145919536,31
717,0,1424,594,830,0,0,0,1.0,1,1.0,1,1.0,1,0.424578931342255,32
718,3,1427,595,832,0,0,0,1.0,1,1.0,1,1.0,1,0.4106736073265326,32
719,3,1430,596,834,0,0,0,1.0,1,1.0,1,1.0,1,0.39088440779572503,32
720,0,1430,596,834,0,0,0,1.0,1,1.0,1,1.0,1,0.3777454729521805,34
721,1,1431,596,835,0,0,0,1.0,1,1.0,1,1.0,1,0.3392521064979746,34
722,0,1431,596,835,0,0,0,1.0,1,1.0,1,1.0,1,0.3392521064979746,34
723,2,1433,596,837,0,0,0,1.0,1,1.0,1,1.0,1,0.3102322846700463,35
724,0,1433,596,837,0,0,0,1.0,1,1.0,1,1.0,1,0.30625430923780655,36
725,4,1437,596,841,0,0,0,1.0,1,1.0,1,1.0,1,0.2412370243331956,37
726,1,1438,596,842,0,0,0,1.0,1,1.0,1,1.0,1,0.221415207713174,37
727,0,1438,596,842,0,0,0,1.0,1,1.0,1,1.0,1,0.2385873696462527,38
728,0,1438,596,842,0,0,0,1.0,1,1.0,1,1.0,1,0.22485979095753142,39
729,0,1438,596,842,0,0,0,1.0,1,1.0,1,1.0,1,0.22485979095753142,39
730,0,1438,596,842,0,0,0,1.0,1,1.0,1,1.0,1,0.2324825741559583,40
731,0,1438,596,842,0,0,0,1.0,1,1.0,1,1.0,1,0.2324825741559583,40
732,1,1439,596,843,0,0,0,1.0,1,1.0,1,1.0,1,0.24595459040597648,41
733,2,1441,597,844,0,0,0,1.0,1,1.0,1,1.0,1,0.2158440018801291,41
734,1,1442,598,844,0,0,0,1.0,1,1.0,1,1.0,1,0.24071645383977325,42
735,1,1443,599,844,0,0,0,1.0,1,1.0,1,1.0,1,0.22155227925239668,42
736,0,1443,599,844,0,0,0,1.0,1,1.0,1,1.0,1,0.29394020329747483,41
737,4,1447,600,847,0,0,0,1.0,1,1.0,1,1.0,1,0.2933041923764978,41
738,1,1448,600,848,0,0,0,1.0,1,1.0,1,1.0,1,0.3057124832363946,39
739,0,1448,600,848,0,0,0,1.0,1,1.0,1,1.0,1,0.3057124832363946,39
740,1,1449,600,849,0,0,0,1.0,1,1.0,1,1.0,1,0.2756658057033712,39
741,0,1449,600,849,0,0,0,1.0,1,1.0,1,1.0,1,0.2797741825735019,38
742,1,1450,600,850,0,0,0,1.0,1,1.0,1,1.0,1,0.25094585340749226,39
743,5,1455,603,852,0,0,0,1.0,1,1.0,1,1.0,1,0.17447605978736877,39
744,3,1458,605,853,0,0,0,1.0,1,1.0,1,1.0,1,0.1342443882323153,39
745,2,1460,607,853,0,0,0,1.0,1,1.0,1,1.0,1,0.16258858924451294,39
746,4,1464,609,855,0,0,0,1.0,1,1.0,1,1.0,1,0.15495303864624255,40
747,2,1466,610,856,0,0,0,1.0,1,1.0,1,1.0,1,0.1572101165123608,41
748,2,1468,611,857,0,0,0,1.0,1,1.0,1,1.0,1,0.13510971688137302,41
749,1,1469,611,858,0,0,0,1.0,1,1.0,1,1.0,1,0.14526771107583974,41
750,3,1472,613,859,0,0,0,1.0,1,1.0,1,1.0,1,0.17881183592304095,39
751,0,1472,613,859,0,0,0,1.0,1,1.0,1,1.0,1,0.17112346492121147,41
752,2,1474,615,859,0,0,0,1.0,1,1.0,1,1.0,1,0.2035338361573092,41
753,1,1475,615,860,0,0,0,1.0,1,1.0,1,1.0,1,0.1820691858694873,41
754,3,1478,617,861,0,0,0,1.0,1,1.0,1,1.0,1,0.17456563780921222,41
755,1,1479,618,861,0,0,0,1.0,1,1.0,1,1.0,1,0.21208738781041053,41
756,0,1479,618,861,0,0,0,1.0,1,1.0,1,1.0,1,0.21208738781041053,41
757,0,1479,618,861,0,0,0,1.0,1,1.0,1,1.0,1,0.24425673131155845,39
758,0,1479,618,861,0,0,0,1.0,1,1.0,1,1.0,1,0.20839063504943917,39
759,0,1479,618,861,0,0,0,1.0,1,1.0,1,1.0,1,0.22735859992852828,39
760,1,1480,618,862,0,0,0,1.0,1,1.0,1,1.0,1,0.22194460299589489,40
761,0,1480,618,862,0,0,0,1.0,1,1.0,1,1.0,1,0.21045315826542405,41
762,1,1481,618,863,0,0,0,1.0,1,1.0,1,1.0,1,0.2045399987374393,42
763,0,1481,618,863,0,0,0,1.0,1,1.0,1,1.0,1,0.22170132581588448,43
764,1,1482,618,864,0,0,0,1.0,1,1.0,1,1.0,1,0.20525190961320344,43
765,0,1482,618,864,0,0,0,1.0,1,1.0,1,1.0,1,0.17339047983131448,45
766,3,1485,619,866,0,0,0,1.0,1,1.0,1,1.0,1,0.14523473046051105,45
767,0,1485,619,866,0,0,0,1.0,1,1.0,1,1.0,1,0.15668647326778384,46
768,0,1485,619,866,0,0,0,1.0,1,1.0,1,1.0,1,0.1488778693799949,45
769,0,1485,619,866,0,0,0,1.0,1,1.0,1,1.0,1,0.16223981524378087,46
770,0,1485,619,866,0,0,0,1.0,1,1.0,1,1.0,1,0.1528862163866137,47
771,4,1489,623,866,0,0,0,1.0,1,1.0,1,1.0,1,0.23978387330725456,47
772,2,1491,624,867,0,0,0,1.0,1,1.0,1,1.0,1,0.26700031645338945,46
773,3,1494,626,868,0,0,0,1.0,1,1.0,1,1.0,1,0.2744404075668619,45
774,0,1494,626,868,0,0,0,1.0,1,1.0,1,1.0,1,0.31468382962118135,45
775,2,1496,628,868,0,0,0,1.0,1,1.0,1,1.0,1,0.3287063774282293,45
776,0,1496,628,868,0,0,0,1.0,1,1.0,1,1.0,1,0.3064070005033433,43
777,0,1496,628,868,0,0,0,1.0,1,1.0,1,1.0,1,0.31366221782849074,44
778,4,1500,630,870,0,0,0,1.0,1,1.0,1,1.0,1,0.33274219170240027,45
779,0,1500,630,870,0,0,0,1.0,1,1.0,1,1.0,1,0.33274219170240027,45
780,2,1502,632,870,0,0,0,1.0,1,1.0,1,1.0,1,0.3780852739774371,45
781,5,1507,632,875,0,0,0,1.0,1,1.0,1,1.0,1,0.26211528430291564,46
782,0,1507,632,875,0,0,0,1.0,1,1.0,1,1.0,1,0.2987918195514018,47
783,1,1508,633,875,0,0,0,1.0,1,1.0,1,1.0,1,0.2609597870196733,46
784,1,1509,633,876,0,0,0,1.0,1,1.0,1,1.0,1,0.2581189235481768,45
785,0,1509,633,876,0,0,0,1.0,1,1.0,1,1.0,1,0.2440836614827379,43
786,1,1510,634,876,0,0,0,1.0,1,1.0,1,1.0,1,0.23696603473965475,43
787,3,1513,636,877,0,0,0,1.0,1,1.0,1,1.0,1,0.22964355338519957,43
788,2,1515,638,877,0,0,0,1.0,1,1.0,1,1.0,1,0.250241593507725,44
789,2,1517,638,879,0,0,0,1.0,1,1.0,1,1.0,1,0.23465728857671098,46
790,2,1519,639,880,0,0,0,1.0,1,1.0,1,1.0,1,0.2506873697003727,46
791,3,1522,640,882,0,0,0,1.0,1,1.0,1,1.0,1,0.24344263481443532,46
792,0,1522,640,882,0,0,0,1.0,1,1.0,1,1.0,1,0.24294526375164333,47
793,2,1524,640,884,0,0,0,1.0,1,1.0,1,1.0,1,0.22908974971109117,48
794,2,1526,641,885,0,0,0,1.0,1,1.0,1,1.0,1,0.2390783568468798,48
795,1,1527,641,886,0,0,0,1.0,1,1.0,1,1.0,1,0.2461207457297293,47
796,3,1530,642,888,0,0,0,1.0,1,1.0,1,1.0,1,0.22533278347872548,45
797,3,1533,643,890,0,0,0,1.0,1,1.0,1,1.0,1,0.21646404191980934,47
798,1,1534,644,890,0,0,0,1.0,1,1.0,1,1.0,1,0.22441367605363863,48
799,2,1536,646,890,0,0,0,1.0,1,1.0,1,1.0,1,0.23562849181027648,48
800,1,1537,647,890,0,0,0,1.0,1,1.0,1,1.0,1,0.23869721224214246,48
801,2,1539,649,890,0,0,0,1.0,1,1.0,1,1.0,1,0.2412357922564207,49
802,2,1541,651,890,0,0,0,1.0,1,1.0,1,1.0,1,0.291308564362251,50
803,1,1542,651,891,0,0,0,1.0,1,1.0,1,1.0,1,0.28837202369257003,50
804,0,1542,651,891,0,0,0,1.0,1,1.0,1,1.0,1,0.28837202369257003,50
805,0,1542,651,891,0,0,0,1.0,1,1.0,1,1.0,1,0.28837202369257003,50
806,0,1542,651,891,0,0,0,1.0,1,1.0,1,1.0,1,0.27154915869221635,51
807,0,1542,651,891,0,0,0,1.0,1,1.0,1,1.0,1,0.27154915869221635,51
808,3,1545,651,894,0,0,0,1.0,1,1.0,1,1.0,1,0.2214807851906315,53
809,0,1545,651,894,0,0,0,1.0,1,1.0,1,1.0,1,0.2090456885395483,51
810,1,1546,652,894,0,0,0,1.0,1,1.0,1,1.0,1,0.23910368463817405,52
811,7,1553,654,899,0,0,0,1.0,1,1.0,1,1.0,1,0.1822772437794504,50
812,2,1555,655,900,0,0,0,1.0,1,1.0,1,1.0,1,0.1814119132983548,51
813,2,1557,657,900,0,0,0,1.0,1,1.0,1,1.0,1,0.22372120515973506,51
814,2,1559,658,901,0,0,0,1.0,1,1.0,1,1.0,1,0.22574549089822407,52
815,1,1560,659,901,0,0,0,1.0,1,1.0,1,1.0,1,0.23350109875404826,50
816,0,1560,659,901,0,0,0,1.0,1,1.0,1,1.0,1,0.23350109875404826,50
817,0,1560,659,901,0,0,0,1.0,1,1.0,1,1.0,1,0.23021504118334563,49
818,2,1562,661,901,0,0,0,1.0,1,1.0,1,1.0,1,0.25081755471304,49
819,0,1562,661,901,0,0,0,1.0,1,1.0,1,1.0,1,0.2526053664541102,50
820,1,1563,662,901,0,0,0,1.0,1,1.0,1,1.0,1,0.28734600684826256,49
821,0,1563,662,901,0,0,0,1.0,1,1.0,1,1.0,1,0.28610883975471435,49
822,1,1564,663,901,0,0,0,1.0,1,1.0,1,1.0,1,0.29202939341789846,49
823,2,1566,665,901,0,0,0,1.0,1,1.0,1,1.0,1,0.34901605483485404,47
824,4,1570,668,902,0,0,0,1.0,1,1.0,1,1.0,1,0.2707334894999203,45
825,0,1570,668,902,0,0,0,1.0,1,1.0,1,1.0,1,0.27930946812016816,43
826,4,1574,671,903,0,0,0,1.0,1,1.0,1,1.0,1,0.2590752979508327,44
827,3,1577,673,904,0,0,0,1.0,1,1.0,1,1.0,1,0.2616163213810786,43
828,2,1579,675,904,0,0,0,1.0,1,1.0,1,1.0,1,0.307437259488714,43
829,4,1583,676,907,0,0,0,1.0,1,1.0,1,1.0,1,0.2560567489446649,45
830,4,1587,677,910,0,0,0,1.0,1,1.0,1,1.0,1,0.21378643097702818,46
831,5,1592,679,913,0,0,0,1.0,1,1.0,1,1.0,1,0.1741228683192088,48
832,1,1593,680,913,0,0,0,1.0,1,1.0,1,1.0,1,0.18141974229257915,47
833,1,1594,681,913,0,0,0,1.0,1,1.0,1,1.0,1,0.18427291979551355,47
834,0,1594,681,913,0,0,0,1.0,1,1.0,1,1.0,1,0.18557119374379336,46
835,0,1594,681,913,0,0,0,1.0,1,1.0,1,1.0,1,0.1877969005802312,45
836,2,1596,683,913,0,0,0,1.0,1,1.0,1,1.0,1,0.21929679111803851,46
837,1,1597,683,914,0,0,0,1.0,1,1.0,1,1.0,1,0.193633087374076,46
838,1,1598,684,914,0,0,0,1.0,1,1.0,1,1.0,1,0.19619287163472615,45
839,2,1600,685,915,0,0,0,1.0,1,1.0,1,1.0,1,0.2164902263118414,46
840,2,1602,685,917,0,0,0,1.0,1,1.0,1,1.0,1,0.20840290405182998,46
841,2,1604,685,919,0,0,0,1.0,1,1.0,1,1.0,1,0.18161377212980973,46
842,0,1604,685,919,0,0,0,1.0,1,1.0,1,1.0,1,0.18161377212980973,46
843,0,1604,685,919,0,0,0,1.0,1,1.0,1,1.0,1,0.18161377212980973,46
844,2,1606,687,919,0,0,0,1.0,1,1.0,1,1.0,1,0.20144766391387048,47
845,3,1609,689,920,0,0,0,1.0,1,1.0,1,1.0,1,0.27492232611288436,48
846,1,1610,689,921,0,0,0,1.0,1,1.0,1,1.0,1,0.26106605042738046,47
847,4,1614,689,925,0,0,0,1.0,1,1.0,1,1.0,1,0.25912063280342207,48
848,1,1615,689,926,0,0,0,1.0,1,1.0,1,1.0,1,0.28560738978357253,48
849,3,1618,690,928,0,0,0,1.0,1,1.0,1,1.0,1,0.32210356966027914,48
850,2,1620,690,930,0,0,0,1.0,1,1.0,1,1.0,1,0.3338807867869213,46
851,1,1621,690,931,0,0,0,1.0,1,1.0,1,1.0,1,0.324006889004494,45
852,2,1623,692,931,0,0,0,1.0,1,1.0,1,1.0,1,0.30852674768689614,44
853,1,1624,693,931,0,0,0,1.0,1,1.0,1,1.0,1,0.3114329622970212,44
854,3,1627,694,933,0,0,0,1.0,1,1.0,1,1.0,1,0.2914901827953175,45
855,0,1627,694,933,0,0,0,1.0,1,1.0,1,1.0,1,0.2745112431144831,46
856,5,1632,695,937,0,0,0,1.0,1,1.0,1,1.0,1,0.19874454793896243,46
857,1,1633,695,938,0,0,0,1.0,1,1.0,1,1.0,1,0.18411106596031734,47
858,1,1634,696,938,0,0,0,1.0,1,1.0,1,1.0,1,0.2065511570944321,48
859,0,1634,696,938,0,0,0,1.0,1,1.0,1,1.0,1,0.2065511570944321,48
860,1,1635,696,939,0,0,0,1.0,1,1.0,1,1.0,1,0.20441493949586304,49
861,1,1636,697,939,0,0,0,1.0,1,1.0,1,1.0,1,0.22549484557993757,49
862,2,1638,697,941,0,0,0,1.0,1,1.0,1,1.0,1,0.19797004323223874,49
863,1,1639,698,941,0,0,0,1.0,1,1.0,1,1.0,1,0.22216959632963837,48
864,5,1644,700,944,0,0,0,1.0,1,1.0,1,1.0,1,0.19505985537045503,49
865,0,1644,700,944,0,0,0,1.0,1,1.0,1,1.0,1,0.18553087964738593,48
866,2,1646,701,945,0,0,0,1.0,1,1.0,1,1.0,1,0.18345038632007932,50
867,1,1647,702,945,0,0,0,1.0,1,1.0,1,1.0,1,0.18494095294313284,50
868,1,1648,703,945,0,0,0,1.0,1,1.0,1,1.0,1,0.2306880318953275,51
869,2,1650,704,946,0,0,0,1.0,1,1.0,1,1.0,1,0.2322276139230353,49
870,1,1651,704,947,0,0,0,1.0,1,1.0,1,1.0,1,0.2334316489290755,49
871,6,1657,705,952,0,0,0,1.0,1,1.0,1,1.0,1,0.13244095705386116,49
872,1,1658,706,952,0,0,0,1.0,1,1.0,1,1.0,1,0.1418550711584131,48
873,3,1661,708,953,0,0,0,1.0,1,1.0,1,1.0,1,0.1422910789481054,49
874,0,1661,708,953,0,0,0,1.0,1,1.0,1,1.0,1,0.13966436597913812,49
875,1,1662,709,953,0,0,0,1.0,1,1.0,1,1.0,1,0.17460228004781686,50
876,2,1664,710,954,0,0,0,1.0,1,1.0,1,1.0,1,0.12815963426870575,50
877,4,1668,713,955,0,0,0,1.0,1,1.0,1,1.0,1,0.15369152052190405,50
878,1,1669,714,955,0,0,0,1.0,1,1.0,1,1.0,1,0.15922753186550334,49
879,1,1670,715,955,0,0,0,1.0,1,1.0,1,1.0,1,0.18429623812207158,49
880,1,1671,716,955,0,0,0,1.0,1,1.0,1,1.0,1,0.21904860210562527,48
881,3,1674,718,956,0,0,0,1.0,1,1.0,1,1.0,1,0.22363537067692305,49
882,0,1674,718,956,0,0,0,1.0,1,1.0,1,1.0,1,0.24753903335799035,48
883,0,1674,718,956,0,0,0,1.0,1,1.0,1,1.0,1,0.23382823445508194,50
884,0,1674,718,956,0,0,0,1.0,1,1.0,1,1.0,1,0.2526230498362318,50
885,2,1676,720,956,0,0,0,1.0,1,1.0,1,1.0,1,0.24816362138186235,49
886,6,1682,721,961,0,0,0,1.0,1,1.0,1,1.0,1,0.20188343268020617,49
887,0,1682,721,961,0,0,0,1.0,1,1.0,1,1.0,1,0.20105734425996716,49
888,0,1682,721,961,0,0,0,1.0,1,1.0,1,1.0,1,0.23150647342591374,47
889,2,1684,723,961,0,0,0,1.0,1,1.0,1,1.0,1,0.2745695823104266,46
890,0,1684,723,961,0,0,0,1.0,1,1.0,1,1.0,1,0.2869110479317632,44
891,0,1684,723,961,0,0,0,1.0,1,1.0,1,1.0,1,0.2969013359523384,45
892,7,1691,724,967,0,0,0,1.0,1,1.0,1,1.0,1,0.22969047654573524,45
893,0,1691,724,967,0,0,0,1.0,1,1.0,1,1.0,1,0.22969047654573524,45
894,0,1691,724,967,0,0,0,1.0,1,1.0,1,1.0,1,0.21732131688177483,44
895,0,1691,724,967,0,0,0,1.0,1,1.0,1,1.0,1,0.2263988900563036,45
896,4,1695,725,970,0,0,0,1.0,1,1.0,1,1.0,1,0.22132172178160903,44
897,0,1695,725,970,0,0,0,1.0,1,1.0,1,1.0,1,0.22132172178160903,44
898,1,1696,725,971,0,0,0,1.0,1,1.0,1,1.0,1,0.23136522824099362,45
899,0,1696,725,971,0,0,0,1.0,1,1.0,1,1.0,1,0.21646200213599695,44
900,0,1696,725,971,0,0,0,1.0,1,1.0,1,1.0,1,0.23285215076154128,46
901,0,1696,725,971,0,0,0,1.0,1,1.0,1,1.0,1,0.23526903333846017,45
902,3,1699,728,971,0,0,0,1.0,1,1.0,1,1.0,1,0.2360171717927897,45
903,2,1701,729,972,0,0,0,1.0,1,1.0,1,1.0,1,0.2664120607403071,44
904,1,1702,729,973,0,0,0,1.0,1,1.0,1,1.0,1,0.22997610816854777,45
905,2,1704,730,974,0,0,0,1.0,1,1.0,1,1.0,1,0.24712950899055441,45
906,1,1705,731,974,0,0,0,1.0,1,1.0,1,1.0,1,0.2772173851610684,45
907,4,1709,733,976,0,0,0,1.0,1,1.0,1,1.0,1,0.256005683869971,46
908,2,1711,734,977,0,0,0,1.0,1,1.0,1,1.0,1,0.20385054780141953,46
909,4,1715,737,978,0,0,0,1.0,1,1.0,1,1.0,1,0.20645815655688607,46
910,1,1716,737,979,0,0,0,1.0,1,1.0,1,1.0,1,0.2056766991684433,44
911,0,1716,737,979,0,0,0,1.0,1,1.0,1,1.0,1,0.2144825433763422,45
912,0,1716,737,979,0,0,0,1.0,1,1.0,1,1.0,1,0.23922367271257458,44
913,0,1716,737,979,0,0,0,1.0,1,1.0,1,1.0,1,0.2531523215578852,45
914,1,1717,738,979,0,0,0,1.0,1,1.0,1,1.0,1,0.23817808228980858,45
915,0,1717,738,979,0,0,0,1.0,1,1.0,1,1.0,1,0.23817808228980858,45
916,2,1719,738,981,0,0,0,1.0,1,1.0,1,1.0,1,0.20096516534092054,45
917,2,1721,739,982,0,0,0,1.0,1,1.0,1,1.0,1,0.19866587565346014,46
918,1,1722,740,982,0,0,0,1.0,1,1.0,1,1.0,1,0.22329663286965057,47
919,0,1722,740,982,0,0,0,1.0,1,1.0,1,1.0,1,0.22329663286965057,47
920,2,1724,741,983,0,0,0,1.0,1,1.0,1,1.0,1,0.21319567218665095,47
921,4,1728,744,984,0,0,0,1.0,1,1.0,1,1.0,1,0.22173790126548665,49
922,2,1730,745,985,0,0,0,1.0,1,1.0,1,1.0,1,0.19667834513459068,49
923,4,1734,747,987,0,0,0,1.0,1,1.0,1,1.0,1,0.20609287861874662,47
924,1,1735,748,987,0,0,0,1.0,1,1.0,1,1.0,1,0.22315786156355108,47
925,3,1738,749,989,0,0,0,1.0,1,1.0,1,1.0,1,0.25090717259064976,47
926,2,1740,751,989,0,0,0,1.0,1,1.0,1,1.0,1,0.2762494779068262,46
927,2,1742,751,991,0,0,0,1.0,1,1.0,1,1.0,1,0.2755456299239813,45
928,1,1743,751,992,0,0,0,1.0,1,1.0,1,1.0,1,0.289689224635208,43
929,1,1744,751,993,0,0,0,1.0,1,1.0,1,1.0,1,0.29837312618277634,42
930,3,1747,751,996,0,0,0,1.0,1,1.0,1,1.0,1,0.3010318783361219,41
931,4,1751,753,998,0,0,0,1.0,1,1.0,1,1.0,1,0.22323294102445715,40
932,1,1752,753,999,0,0,0,1.0,1,1.0,1,1.0,1,0.20347705769017985,40
933,2,1754,755,999,0,0,0,1.0,1,1.0,1,1.0,1,0.2386241662346619,39
934,3,1757,756,1001,0,0,0,1.0,1,1.0,1,1.0,1,0.21239829053464798,39
935,4,1761,758,1003,0,0,0,1.0,1,1.0,1,1.0,1,0.24055468314350667,41
936,1,1762,758,1004,0,0,0,1.0,1,1.0,1,1.0,1,0.2199626084297582,42
937,2,1764,759,1005,0,0,0,1.0,1,1.0,1,1.0,1,0.27212216007506934,43
938,4,1768,760,1008,0,0,0,1.0,1,1.0,1,1.0,1,0.26148882793933304,44
939,1,1769,760,1009,0,0,0,1.0,1,1.0,1,1.0,1,0.2683880282650332,46
940,0,1769,760,1009,0,0,0,1.0,1,1.0,1,1.0,1,0.28961194997614037,46
941,0,1769,760,1009,0,0,0,1.0,1,1.0,1,1.0,1,0.28961194997614037,46
942,2,1771,761,1010,0,0,0,1.0,1,1.0,1,1.0,1,0.31971198912601184,46
943,3,1774,763,1011,0,0,0,1.0,1,1.0,1,1.0,1,0.31381282360751656,45
944,1,1775,764,1011,0,0,0,1.0,1,1.0,1,1.0,1,0.30561811805642575,45
945,3,1778,764,1014,0,0,0,1.0,1,1.0,1,1.0,1,0.2968884339822777,44
946,6,1784,766,1018,0,0,0,1.0,1,1.0,1,1.0,1,0.21298807863484204,46
947,1,1785,766,1019,0,0,0,1.0,1,1.0,1,1.0,1,0.18294272732077949,44
948,0,1785,766,1019,0,0,0,1.0,1,1.0,1,1.0,1,0.18294272732077949,44
949,4,1789,768,1021,0,0,0,1.0,1,1.0,1,1.0,1,0.18573105100646406,44
950,0,1789,768,1021,0,0,0,1.0,1,1.0,1,1.0,1,0.1914640812600254,43
951,0,1789,768,1021,0,0,0,1.0,1,1.0,1,1.0,1,0.21338634526389372,42
952,2,1791,769,1022,0,0,0,1.0,1,1.0,1,1.0,1,0.22518868891161956,42
953,0,1791,769,1022,0,0,0,1.0,1,1.0,1,1.0,1,0.21984414441048378,41
954,0,1791,769,1022,0,0,0,1.0,1,1.0,1,1.0,1,0.23061608099148243,40
955,0,1791,769,1022,0,0,0,1.0,1,1.0,1,1.0,1,0.2316268503845247,42
956,2,1793,771,1022,0,0,0,1.0,1,1.0,1,1.0,1,0.27079366531958976,43
957,0,1793,771,1022,0,0,0,1.0,1,1.0,1,1.0,1,0.27054449161718924,42
958,2,1795,772,1023,0,0,0,1.0,1,1.0,1,1.0,1,0.2933623437790386,43
959,1,1796,772,1024,0,0,0,1.0,1,1.0,1,1.0,1,0.28484393439925687,45
960,1,1797,773,1024,0,0,0,1.0,1,1.0,1,1.0,1,0.31584623704547005,47
961,3,1800,773,1027,0,0,0,1.0,1,1.0,1,1.0,1,0.2918225085422498,45
962,2,1802,775,1027,0,0,0,1.0,1,1.0,1,1.0,1,0.3175434117624348,45
963,2,1804,776,1028,0,0,0,1.0,1,1.0,1,1.0,1,0.3302296511056904,44
964,1,1805,777,1028,0,0,0,1.0,1,1.0,1,1.0,1,0.3694018602612493,44
965,4,1809,777,1032,0,0,0,1.0,1,1.0,1,1.0,1,0.31838943596595226,45
966,2,1811,777,1034,0,0,0,1.0,1,1.0,1,1.0,1,0.30330227059683046,43
967,0,1811,777,1034,0,0,0,1.0,1,1.0,1,1.0,1,0.30330227059683046,43
968,0,1811,777,1034,0,0,0,1.0,1,1.0,1,1.0,1,0.2987844264587318,43
969,0,1811,777,1034,0,0,0,1.0,1,1.0,1,1.0,1,0.3170221111791834,42
970,1,1812,778,1034,0,0,0,1.0,1,1.0,1,1.0,1,0.34037197526700064,42
971,0,1812,778,1034,0,0,0,1.0,1,1.0,1,1.0,1,0.34037197526700064,42
972,2,1814,779,1035,0,0,0,1.0,1,1.0,1,1.0,1,0.32900574461157894,42
973,2,1816,779,1037,0,0,0,1.0,1,1.0,1,1.0,1,0.290080915579445,43
974,2,1818,781,1037,0,0,0,1.0,1,1.0,1,1.0,1,0.30893070472677453,43
975,0,1818,781,1037,0,0,0,1.0,1,1.0,1,1.0,1,0.3108782408544518,43
976,7,1825,781,1044,0,0,0,1.0,1,1.0,1,1.0,1,0.2599588890184803,45
977,0,1825,781,1044,0,0,0,1.0,1,1.0,1,1.0,1,0.28065302529149533,44
978,1,1826,781,1045,0,0,0,1.0,1,1.0,1,1.0,1,0.25197476532585067,44
979,0,1826,781,1045,0,0,0,1.0,1,1.0,1,1.0,1,0.27733839893941287,45
980,1,1827,782,1045,0,0,0,1.0,1,1.0,1,1.0,1,0.2900522332694134,45
981,1,1828,783,1045,0,0,0,1.0,1,1.0,1,1.0,1,0.27175795162535005,45
982,1,1829,784,1045,0,0,0,1.0,1,1.0,1,1.0,1,0.32299773874961374,46
983,7,1836,787,1049,0,0,0,1.0,1,1.0,1,1.0,1,0.30862208731270424,45
984,1,1837,788,1049,0,0,0,1.0,1,1.0,1,1.0,1,0.3103400316747861,45
985,4,1841,790,1051,0,0,0,1.0,1,1.0,1,1.0,1,0.30661323954918673,45
986,3,1844,793,1051,0,0,0,1.0,1,1.0,1,1.0,1,0.34537474242258837,44
987,0,1844,793,1051,0,0,0,1.0,1,1.0,1,1.0,1,0.353277823388918,45
988,2,1846,795,1051,0,0,0,1.0,1,1.0,1,1.0,1,0.38544785203534926,44
989,1,1847,796,1051,0,0,0,1.0,1,1.0,1,1.0,1,0.4071589966158582,43
990,3,1850,798,1052,0,0,0,1.0,1,1.0,1,1.0,1,0.41551144454805083,42
991,0,1850,798,1052,0,0,0,1.0,1,1.0,1,1.0,1,0.393398100458177,42
992,1,1851,798,1053,0,0,0,1.0,1,1.0,1,1.0,1,0.36279233261749116,43
993,1,1852,799,1053,0,0,0,1.0,1,1.0,1,1.0,1,0.3583628050703632,43
994,1,1853,799,1054,0,0,0,1.0,1,1.0,1,1.0,1,0.3472610274595497,43
995,1,1854,799,1055,0,0,0,1.0,1,1.0,1,1.0,1,0.3203415480935221,43
996,0,1854,799,1055,0,0,0,1.0,1,1.0,1,1.0,1,0.3292261903686903,44
997,0,1854,799,1055,0,0,0,1.0,1,1.0,1,1.0,1,0.3292261903686903,44
998,2,1856,799,1057,0,0,0,1.0,1,1.0,1,1.0,1,0.3207099298865835,45
999,0,1856,799,1057,0,0,0,1.0,1,1.0,1,1.0,1,0.3519559958042077,42
1000,0,1856,799,1057,0,0,0,1.0,1,1.0,1,1.0,1,0.3601280472678964,43
1001,0,1856,799,1057,0,0,0,1.0,1,1.0,1,1.0,1,0.3913199791230431,42
1002,0,1856,799,1057,0,0,0,1.0,1,1.0,1,1.0,1,0.3791680467014992,43
1003,1,1857,799,1058,0,0,0,1.0,1,1.0,1,1.0,1,0.3683572272785437,43
1004,1,1858,799,1059,0,0,0,1.0,1,1.0,1,1.0,1,0.3630789620049162,43
1005,0,1858,799,1059,0,0,0,1.0,1,1.0,1,1.0,1,0.3746560547948968,44
1006,4,1862,799,1063,0,0,0,1.0,1,1.0,1,1.0,1,0.3159699191816056,46
1007,2,1864,799,1065,0,0,0,1.0,1,1.0,1,1.0,1,0.29629390862129196,46
1008,0,1864,799,1065,0,0,0,1.0,1,1.0,1,1.0,1,0.3072919248668138,47
1009,6,1870,800,1070,0,0,0,1.0,1,1.0,1,1.0,1,0.21716512080141526,48
1010,3,1873,800,1073,0,0,0,1.0,1,1.0,1,1.0,1,0.21946830944456402,48
1011,2,1875,800,1075,0,0,0,1.0,1,1.0,1,1.0,1,0.21105976011192312,48
1012,2,1877,801,1076,0,0,0,1.0,1,1.0,1,1.0,1,0.1976671554904661,49
1013,1,1878,801,1077,0,0,0,1.0,1,1.0,1,1.0,1,0.1928933664904769,50
1014,2,1880,802,1078,0,0,0,1.0,1,1.0,1,1.0,1,0.20024154659754181,50
1015,1,1881,802,1079,0,0,0,1.0,1,1.0,1,1.0,1,0.22446100013782994,51
1016,5,1886,803,1083,0,0,0,1.0,1,1.0,1,1.0,1,0.20421941351981954,51
1017,2,1888,803,1085,0,0,0,1.0,1,1.0,1,1.0,1,0.17967536484978733,52
1018,2,1890,804,1086,0,0,0,1.0,1,1.0,1,1.0,1,0.208998453567757,52
1019,1,1891,805,1086,0,0,0,1.0,1,1.0,1,1.0,1,0.23707870558779548,52
1020,0,1891,805,1086,0,0,0,1.0,1,1.0,1,1.0,1,0.22428431936100265,53
1021,1,1892,805,1087,0,0,0,1.0,1,1.0,1,1.0,1,0.21862542491425282,53
1022,1,1893,805,1088,0,0,0,1.0,1,1.0,1,1.0,1,0.19251284203824942,54
1023,1,1894,806,1088,0,0,0,1.0,1,1.0,1,1.0,1,0.21801300832471543,55
1024,0,1894,806,1088,0,0,0,1.0,1,1.0,1,1.0,1,0.21238150193559727,55
1025,1,1895,806,1089,0,0,0,1.0,1,1.0,1,1.0,1,0.1999206067286882,56
1026,1,1896,806,1090,0,0,0,1.0,1,1.0,1,1.0,1,0.19746341541922025,57
1027,1,1897,806,1091,0,0,0,1.0,1,1.0,1,1.0,1,0.1907588946340889,58
1028,0,1897,806,1091,0,0,0,1.0,1,1.0,1,1.0,1,0.1907588946340889,58
1029,3,1900,808,1092,0,0,0,1.0,1,1.0,1,1.0,1,0.20603444877352933,59
1030,2,1902,809,1093,0,0,0,1.0,1,1.0,1,1.0,1,0.22461118448826087,60
1031,2,1904,810,1094,0,0,0,1.0,1,1.0,1,1.0,1,0.1943766641129382,60
1032,1,1905,811,1094,0,0,0,1.0,1,1.0,1,1.0,1,0.22334053291999958,61
1033,4,1909,812,1097,0,0,0,1.0,1,1.0,1,1.0,1,0.20233512380727384,60
1034,2,1911,814,1097,0,0,0,1.0,1,1.0,1,1.0,1,0.21229024016326986,60
1035,1,1912,815,1097,0,0,0,1.0,1,1.0,1,1.0,1,0.22067034917381492,59
1036,3,1915,817,1098,0,0,0,1.0,1,1.0,1,1.0,1,0.23987054075832662,60
1037,3,1918,820,1098,0,0,0,1.0,1,1.0,1,1.0,1,0.2283697000492819,59
1038,5,1923,823,1100,0,0,0,1.0,1,1.0,1,1.0,1,0.22411235456699663,60
1039,3,1926,824,1102,0,0,0,1.0,1,1.0,1,1.0,1,0.22653682621560414,60
1040,5,1931,826,1105,0,0,0,1.0,1,1.0,1,1.0,1,0.21848325001598023,58
1041,0,1931,826,1105,0,0,0,1.0,1,1.0,1,1.0,1,0.20039091701779743,56
1042,0,1931,826,1105,0,0,0,1.0,1,1.0,1,1.0,1,0.19673526378646733,55
1043,4,1935,828,1107,0,0,0,1.0,1,1.0,1,1.0,1,0.2184264518773705,55
1044,3,1938,830,1108,0,0,0,1.0,1,1.0,1,1.0,1,0.2318900032092972,52
1045,0,1938,830,1108,0,0,0,1.0,1,1.0,1,1.0,1,0.2344756085554034,52
1046,2,1940,831,1109,0,0,0,1.0,1,1.0,1,1.0,1,0.2497050458088624,53
1047,1,1941,831,1110,0,0,0,1.0,1,1.0,1,1.0,1,0.23486188310693631,54
1048,4,1945,832,1113,0,0,0,1.0,1,1.0,1,1.0,1,0.2143795582016274,56
1049,1,1946,833,1113,0,0,0,1.0,1,1.0,1,1.0,1,0.2356053060634183,55
1050,1,1947,833,1114,0,0,0,1.0,1,1.0,1,1.0,1,0.23031442891946421,56
1051,7,1954,833,1121,0,0,0,1.0,1,1.0,1,1.0,1,0.0757787732176181,55
1052,1,1955,834,1121,0,0,0,1.0,1,1.0,1,1.0,1,0.08575677271138503,56
1053,0,1955,834,1121,0,0,0,1.0,1,1.0,1,1.0,1,0.08575677271138503,56
1054,0,1955,834,1121,0,0,0,1.0,1,1.0,1,1.0,1,0.06848117098491754,57
1055,0,1955,834,1121,0,0,0,1.0,1,1.0,1,1.0,1,0.08112709290403163,58
1056,1,1956,834,1122,0,0,0,1.0,1,1.0,1,1.0,1,0.08501945787418463,59
1057,0,1956,834,1122,0,0,0,1.0,1,1.0,1,1.0,1,0.09889480843632649,60
1058,2,1958,836,1122,0,0,0,1.0,1,1.0,1,1.0,1,0.13409831284649631,60
1059,0,1958,836,1122,0,0,0,1.0,1,1.0,1,1.0,1,0.13409831284649631,60
1060,2,1960,837,1123,0,0,0,1.0,1,1.0,1,1.0,1,0.14634962902138135,60
1061,5,1965,842,1123,0,0,0,1.0,1,1.0,1,1.0,1,0.200024854275368,59
1062,3,1968,843,1125,0,0,0,1.0,1,1.0,1,1.0,1,0.22368214501176864,59
1063,2,1970,845,1125,0,0,0,1.0,1,1.0,1,1.0,1,0.2466276543695607,58
1064,5,1975,847,1128,0,0,0,1.0,1,1.0,1,1.0,1,0.2931203718309938,58
1065,4,1979,850,1129,0,0,0,1.0,1,1.0,1,1.0,1,0.30444772271302706,60
1066,7,1986,850,1136,0,0,0,1.0,1,1.0,1,1.0,1,0.22674522580243694,58
1067,5,1991,850,1141,0,0,0,1.0,1,1.0,1,1.0,1,0.20601314690615857,59
1068,2,1993,851,1142,0,0,0,1.0,1,1.0,1,1.0,1,0.19406094945664704,59
1069,0,1993,851,1142,0,0,0,1.0,1,1.0,1,1.0,1,0.22282219891352906,58
1070,0,1993,851,1142,0,0,0,1.0,1,1.0,1,1.0,1,0.22282219891352906,58
1071,2,1995,852,1143,0,0,0,1.0,1,1.0,1,1.0,1,0.22200476812220607,57
1072,2,1997,853,1144,0,0,0,1.0,1,1.0,1,1.0,1,0.20318878620715,56
1073,0,1997,853,1144,0,0,0,1.0,1,1.0,1,1.0,1,0.23819888858326393,54
1074,1,1998,854,1144,0,0,0,1.0,1,1.0,1,1.0,1,0.23042311354857797,54
1075,1,1999,855,1144,0,0,0,1.0,1,1.0,1,1.0,1,0.23915235734020018,51
1076,1,2000,855,1145,0,0,0,1.0,1,1.0,1,1.0,1,0.2319967452676473,51
1077,0,2000,855,1145,0,0,0,1.0,1,1.0,1,1.0,1,0.2062693404384505,51
1078,1,2001,856,1145,0,0,0,1.0,1,1.0,1,1.0,1,0.23248547616214474,52
1079,2,2003,858,1145,0,0,0,1.0,1,1.0,1,1.0,1,0.2437168358512986,51
1080,1,2004,859,1145,0,0,0,1.0,1,1.0,1,1.0,1,0.24541992901634474,51
1081,1,2005,859,1146,0,0,0,1.0,1,1.0,1,1.0,1,0.23692927841717437,48
1082,2,2007,860,1147,0,0,0,1.0,1,1.0,1,1.0,1,0.2706480373048164,47
1083,2,2009,861,1148,0,0,0,1.0,1,1.0,1,1.0,1,0.3061644303053255,46
1084,0,2009,861,1148,0,0,0,1.0,1,1.0,1,1.0,1,0.31937094117915577,45
1085,1,2010,862,1148,0,0,0,1.0,1,1.0,1,1.0,1,0.35683244380922374,46
1086,1,2011,862,1149,0,0,0,1.0,1,1.0,1,1.0,1,0.33574176483404683,45
1087,0,2011,862,1149,0,0,0,1.0,1,1.0,1,1.0,1,0.37110135984054377,44
1088,1,2012,863,1149,0,0,0,1.0,1,1.0,1,1.0,1,0.3526633801834394,45
1089,4,2016,865,1151,0,0,0,1.0,1,1.0,1,1.0,1,0.3126249278854275,46
1090,1,2017,865,1152,0,0,0,1.0,1,1.0,1,1.0,1,0.305977372801318,47
1091,1,2018,866,1152,0,0,0,1.0,1,1.0,1,1.0,1,0.3123148829211175,47
1092,0,2018,866,1152,0,0,0,1.0,1,1.0,1,1.0,1,0.3014229407301229,48
1093,1,2019,867,1152,0,0,0,1.0,1,1.0,1,1.0,1,0.3115615060656336,48
1094,2,2021,869,1152,0,0,0,1.0,1,1.0,1,1.0,1,0.3473714605916695,48
1095,3,2024,869,1155,0,0,0,1.0,1,1.0,1,1.0,1,0.336740784668203,49
1096,6,2030,870,1160,0,0,0,1.0,1,1.0,1,1.0,1,0.27939774002650786,49
1097,4,2034,872,1162,0,0,0,1.0,1,1.0,1,1.0,1,0.24843532102708407,50
1098,2,2036,872,1164,0,0,0,1.0,1,1.0,1,1.0,1,0.24392260202090416,51
1099,4,2040,872,1168,0,0,0,1.0,1,1.0,1,1.0,1,0.23725128933800974,54
1100,2,2042,872,1170,0,0,0,1.0,1,1.0,1,1.0,1,0.23818045274032906,54
1101,3,2045,873,1172,0,0,0,1.0,1,1.0,1,1.0,1,0.22707698788254238,54
1102,2,2047,873,1174,0,0,0,1.0,1,1.0,1,1.0,1,0.22914905086530132,54
1103,4,2051,875,1176,0,0,0,1.0,1,1.0,1,1.0,1,0.24039372339907575,53
1104,2,2053,876,1177,0,0,0,1.0,1,1.0,1,1.0,1,0.21577274350382378,53
1105,3,2056,877,1179,0,0,0,1.0,1,1.0,1,1.0,1,0.2173590656979122,52
1106,0,2056,877,1179,0,0,0,1.0,1,1.0,1,1.0,1,0.2265703345453791,52
1107,3,2059,878,1181,0,0,0,1.0,1,1.0,1,1.0,1,0.22594989159313064,52
1108,3,2062,879,1183,0,0,0,1.0,1,1.0,1,1.0,1,0.2081392583272971,51
1109,3,2065,882,1183,0,0,0,1.0,1,1.0,1,1.0,1,0.22113088649791215,49
1110,1,2066,883,1183,0,0,0,1.0,1,1.0,1,1.0,1,0.25572392857937654,48
1111,6,2072,886,1186,0,0,0,1.0,1,1.0,1,1.0,1,0.2858835250110778,47
1112,3,2075,886,1189,0,0,0,1.0,1,1.0,1,1.0,1,0.2518671953893361,46
1113,2,2077,888,1189,0,0,0,1.0,1,1.0,1,1.0,1,0.27345247949887386,43
1114,0,2077,888,1189,0,0,0,1.0,1,1.0,1,1.0,1,0.2783006460530668,41
1115,4,2081,890,1191,0,0,0,1.0,1,1.0,1,1.0,1,0.2459420839997391,40
1116,1,2082,891,1191,0,0,0,1.0,1,1.0,1,1.0,1,0.2647681068449821,39
1117,4,2086,895,1191,0,0,0,1.0,1,1.0,1,1.0,1,0.3266463593962869,40
1118,3,2089,895,1194,0,0,0,1.0,1,1.0,1,1.0,1,0.27097253551446104,40
1119,2,2091,895,1196,0,0,0,1.0,1,1.0,1,1.0,1,0.25070263823355965,40
1120,3,2094,895,1199,0,0,0,1.0,1,1.0,1,1.0,1,0.24306111257058718,40
1121,3,2097,896,1201,0,0,0,1.0,1,1.0,1,1.0,1,0.2787886799611658,40
1122,0,2097,896,1201,0,0,0,1.0,1,1.0,1,1.0,1,0.28280348620643536,41
1123,2,2099,898,1201,0,0,0,1.0,1,1.0,1,1.0,1,0.33143295778911747,41
1124,0,2099,898,1201,0,0,0,1.0,1,1.0,1,1.0,1,0.33143295778911747,41
1125,1,2100,899,1201,0,0,0,1.0,1,1.0,1,1.0,1,0.39710533375205065,41
1126,5,2105,900,1205,0,0,0,1.0,1,1.0,1,1.0,1,0.29851988475795277,41
1127,0,2105,900,1205,0,0,0,1.0,1,1.0,1,1.0,1,0.29851988475795277,41
1128,3,2108,900,1208,0,0,0,1.0,1,1.0,1,1.0,1,0.25901118570816795,42
1129,3,2111,900,1211,0,0,0,1.0,1,1.0,1,1.0,1,0.22161993940573851,42
1130,4,2115,901,1214,0,0,0,1.0,1,1.0,1,1.0,1,0.19310084832268767,42
1131,2,2117,901,1216,0,0,0,1.0,1,1.0,1,1.0,1,0.16833235567705948,42
1132,2,2119,901,1218,0,0,0,1.0,1,1.0,1,1.0,1,0.12444915028254276,43
1133,2,2121,901,1220,0,0,0,1.0,1,1.0,1,1.0,1,0.09663922886083595,45
1134,1,2122,902,1220,0,0,0,1.0,1,1.0,1,1.0,1,0.12799400040349146,46
1135,0,2122,902,1220,0,0,0,1.0,1,1.0,1,1.0,1,0.14282137326521313,45
1136,0,2122,902,1220,0,0,0,1.0,1,1.0,1,1.0,1,0.16888280513412166,48
1137,3,2125,902,1223,0,0,0,1.0,1,1.0,1,1.0,1,0.1808070108166329,49
1138,2,2127,902,1225,0,0,0,1.0,1,1.0,1,1.0,1,0.18184119670538948,49
1139,2,2129,902,1227,0,0,0,1.0,1,1.0,1,1.0,1,0.19810977189883966,49
1140,4,2133,904,1229,0,0,0,1.0,1,1.0,1,1.0,1,0.20875995225799457,49
1141,5,2138,905,1233,0,0,0,1.0,1,1.0,1,1.0,1,0.2061623587762167,48
1142,3,2141,908,1233,0,0,0,1.0,1,1.0,1,1.0,1,0.22207408443145785,48
1143,4,2145,910,1235,0,0,0,1.0,1,1.0,1,1.0,1,0.21867144345782816,48
1144,3,2148,912,1236,0,0,0,1.0,1,1.0,1,1.0,1,0.17907910978327116,48
1145,2,2150,912,1238,0,0,0,1.0,1,1.0,1,1.0,1,0.1706352488427585,48
1146,3,2153,914,1239,0,0,0,1.0,1,1.0,1,1.0,1,0.2251914689071942,48
1147,3,2156,915,1241,0,0,0,1.0,1,1.0,1,1.0,1,0.24776865014908012,46
1148,2,2158,917,1241,0,0,0,1.0,1,1.0,1,1.0,1,0.24976257290636988,46
1149,1,2159,917,1242,0,0,0,1.0,1,1.0,1,1.0,1,0.2863093980275633,45
1150,2,2161,918,1243,0,0,0,1.0,1,1.0,1,1.0,1,0.29548143365873925,46
1151,3,2164,921,1243,0,0,0,1.0,1,1.0,1,1.0,1,0.33287750876656996,44
1152,1,2165,921,1244,0,0,0,1.0,1,1.0,1,1.0,1,0.2940764424525617,44
1153,3,2168,924,1244,0,0,0,1.0,1,1.0,1,1.0,1,0.3341174292124255,43
1154,2,2170,926,1244,0,0,0,1.0,1,1.0,1,1.0,1,0.34136931861410796,43
1155,1,2171,927,1244,0,0,0,1.0,1,1.0,1,1.0,1,0.30995633068528133,43
1156,4,2175,927,1248,0,0,0,1.0,1,1.0,1,1.0,1,0.21111890768183003,42
1157,2,2177,928,1249,0,0,0,1.0,1,1.0,1,1.0,1,0.2183221019453599,42
1158,0,2177,928,1249,0,0,0,1.0,1,1.0,1,1.0,1,0.20324078239414436,41
1159,0,2177,928,1249,0,0,0,1.0,1,1.0,1,1.0,1,0.2056971546436842,41
1160,0,2177,928,1249,0,0,0,1.0,1,1.0,1,1.0,1,0.2056971546436842,41
1161,0,2177,928,1249,0,0,0,1.0,1,1.0,1,1.0,1,0.205260588489313,42
1162,0,2177,928,1249,0,0,0,1.0,1,1.0,1,1.0,1,0.19519253376756673,43
1163,0,2177,928,1249,0,0,0,1.0,1,1.0,1,1.0,1,0.19519253376756673,43
1164,0,2177,928,1249,0,0,0,1.0,1,1.0,1,1.0,1,0.18343371594219898,44
1165,0,2177,928,1249,0,0,0,1.0,1,1.0,1,1.0,1,0.18343371594219898,44
1166,1,2178,929,1249,0,0,0,1.0,1,1.0,1,1.0,1,0.23285306164500097,46
1167,1,2179,930,1249,0,0,0,1.0,1,1.0,1,1.0,1,0.22191542677644063,46
1168,1,2180,930,1250,0,0,0,1.0,1,1.0,1,1.0,1,0.2074834966270092,47
1169,2,2182,932,1250,0,0,0,1.0,1,1.0,1,1.0,1,0.23237192501700907,46
1170,1,2183,932,1251,0,0,0,1.0,1,1.0,1,1.0,1,0.20982524267127378,48
1171,5,2188,934,1254,0,0,0,1.0,1,1.0,1,1.0,1,0.2110535902580078,49
1172,0,2188,934,1254,0,0,0,1.0,1,1.0,1,1.0,1,0.2110535902580078,49
1173,0,2188,934,1254,0,0,0,1.0,1,1.0,1,1.0,1,0.2110535902580078,49
1174,1,2189,935,1254,0,0,0,1.0,1,1.0,1,1.0,1,0.22676438241626076,49
1175,1,2190,935,1255,0,0,0,1.0,1,1.0,1,1.0,1,0.23090681339155866,50
1176,0,2190,935,1255,0,0,0,1.0,1,1.0,1,1.0,1,0.25127930894458567,52
1177,2,2192,937,1255,0,0,0,1.0,1,1.0,1,1.0,1,0.2735302024156574,52
1178,1,2193,937,1256,0,0,0,1.0,1,1.0,1,1.0,1,0.2531312166700097,52
1179,0,2193,937,1256,0,0,0,1.0,1,1.0,1,1.0,1,0.23667424666265266,53
1180,0,2193,937,1256,0,0,0,1.0,1,1.0,1,1.0,1,0.22496370591335663,54
1181,2,2195,937,1258,0,0,0,1.0,1,1.0,1,1.0,1,0.21455530779650397,55
1182,2,2197,939,1258,0,0,0,1.0,1,1.0,1,1.0,1,0.21795440980552097,55
1183,2,2199,941,1258,0,0,0,1.0,1,1.0,1,1.0,1,0.24532661549691925,53
1184,0,2199,941,1258,0,0,0,1.0,1,1.0,1,1.0,1,0.2321151600671556,54
1185,0,2199,941,1258,0,0,0,1.0,1,1.0,1,1.0,1,0.2370467416781159,53
1186,3,2202,942,1260,0,0,0,1.0,1,1.0,1,1.0,1,0.2541724358825849,54
1187,2,2204,943,1261,0,0,0,1.0,1,1.0,1,1.0,1,0.2751487583237944,55
1188,0,2204,943,1261,0,0,0,1.0,1,1.0,1,1.0,1,0.2751487583237944,55
1189,2,2206,943,1263,0,0,0,1.0,1,1.0,1,1.0,1,0.2371478484101562,54
1190,1,2207,944,1263,0,0,0,1.0,1,1.0,1,1.0,1,0.2489601342369019,55
1191,0,2207,944,1263,0,0,0,1.0,1,1.0,1,1.0,1,0.2378213210187719,54
1192,3,2210,946,1264,0,0,0,1.0,1,1.0,1,1.0,1,0.2456457770926968,52
1193,0,2210,946,1264,0,0,0,1.0,1,1.0,1,1.0,1,0.24895372196079327,53
1194,3,2213,948,1265,0,0,0,1.0,1,1.0,1,1.0,1,0.26414721421776266,53
1195,1,2214,949,1265,0,0,0,1.0,1,1.0,1,1.0,1,0.24967807387865412,54
1196,1,2215,950,1265,0,0,0,1.0,1,1.0,1,1.0,1,0.2515665167154776,56
1197,3,2218,952,1266,0,0,0,1.0,1,1.0,1,1.0,1,0.2502949904853421,56
1198,4,2222,953,1269,0,0,0,1.0,1,1.0,1,1.0,1,0.235881552947352,58
1199,1,2223,954,1269,0,0,0,1.0,1,1.0,1,1.0,1,0.23912245285823577,58
1200,0,2223,954,1269,0,0,0,1.0,1,1.0,1,1.0,1,0.23912245285823577,58
1201,8,2231,955,1276,0,0,0,1.0,1,1.0,1,1.0,1,0.1506814696404681,58
1202,3,2234,956,1278,0,0,0,1.0,1,1.0,1,1.0,1,0.13170507662618475,60
1203,0,2234,956,1278,0,0,0,1.0,1,1.0,1,1.0,1,0.14759973247859487,58
1204,1,2235,957,1278,0,0,0,1.0,1,1.0,1,1.0,1,0.16723697239074126,59
1205,3,2238,958,1280,0,0,0,1.0,1,1.0,1,1.0,1,0.17444537955115774,59
1206,3,2241,958,1283,0,0,0,1.0,1,1.0,1,1.0,1,0.193966691886113,58
1207,3,2244,958,1286,0,0,0,1.0,1,1.0,1,1.0,1,0.19552524870889534,60
1208,1,2245,958,1287,0,0,0,1.0,1,1.0,1,1.0,1,0.17969269684895536,60
1209,2,2247,958,1289,0,0,0,1.0,1,1.0,1,1.0,1,0.18933726811013088,61
1210,1,2248,958,1290,0,0,0,1.0,1,1.0,1,1.0,1,0.20495450835901974,61
1211,2,2250,958,1292,0,0,0,1.0,1,1.0,1,1.0,1,0.17155204435887805,63
1212,4,2254,959,1295,0,0,0,1.0,1,1.0,1,1.0,1,0.1633595399592667,63
1213,3,2257,960,1297,0,0,0,1.0,1,1.0,1,1.0,1,0.18242134438878457,63
1214,3,2260,961,1299,0,0,0,1.0,1,1.0,1,1.0,1,0.2342845781403711,62
1215,4,2264,961,1303,0,0,0,1.0,1,1.0,1,1.0,1,0.2413448868979561,63
1216,5,2269,961,1308,0,0,0,1.0,1,1.0,1,1.0,1,0.22352703255470255,64
1217,0,2269,961,1308,0,0,0,1.0,1,1.0,1,1.0,1,0.22351346497380628,65
1218,3,2272,962,1310,0,0,0,1.0,1,1.0,1,1.0,1,0.23847943180133438,64
1219,1,2273,962,1311,0,0,0,1.0,1,1.0,1,1.0,1,0.2321963336329151,65
1220,1,2274,962,1312,0,0,0,1.0,1,1.0,1,1.0,1,0.2316160969504094,64
1221,3,2277,963,1314,0,0,0,1.0,1,1.0,1,1.0,1,0.2248943285973759,65
1222,3,2280,965,1315,0,0,0,1.0,1,1.0,1,1.0,1,0.2373742710060452,66
1223,3,2283,966,1317,0,0,0,1.0,1,1.0,1,1.0,1,0.21055715043323522,64
1224,4,2287,967,1320,0,0,0,1.0,1,1.0,1,1.0,1,0.20203891516231193,66
1225,4,2291,968,1323,0,0,0,1.0,1,1.0,1,1.0,1,0.1978293221244596,66
1226,3,2294,969,1325,0,0,0,1.0,1,1.0,1,1.0,1,0.20817844231857274,68
1227,2,2296,970,1326,0,0,0,1.0,1,1.0,1,1.0,1,0.18573425690722017,64
1228,0,2296,970,1326,0,0,0,1.0,1,1.0,1,1.0,1,0.1976704343206689,62
1229,2,2298,972,1326,0,0,0,1.0,1,1.0,1,1.0,1,0.20310896803350686,61
1230,2,2300,974,1326,0,0,0,1.0,1,1.0,1,1.0,1,0.2529031167921338,58
1231,6,2306,975,1331,0,0,0,1.0,1,1.0,1,1.0,1,0.16050486981056503,57
1232,2,2308,976,1332,0,0,0,1.0,1,1.0,1,1.0,1,0.17500675047155187,53
1233,1,2309,977,1332,0,0,0,1.0,1,1.0,1,1.0,1,0.19130542059926456,53
1234,2,2311,977,1334,0,0,0,1.0,1,1.0,1,1.0,1,0.16695158856529776,54
1235,1,2312,977,1335,0,0,0,1.0,1,1.0,1,1.0,1,0.17415871763509266,55
1236,1,2313,978,1335,0,0,0,1.0,1,1.0,1,1.0,1,0.21030617110843275,55
1237,2,2315,979,1336,0,0,0,1.0,1,1.0,1,1.0,1,0.2188149044706955,55
1238,3,2318,981,1337,0,0,0,1.0,1,1.0,1,1.0,1,0.19085375953509193,54
1239,0,2318,981,1337,0,0,0,1.0,1,1.0,1,1.0,1,0.19979802734130975,55
1240,0,2318,981,1337,0,0,0,1.0,1,1.0,1,1.0,1,0.19979802734130975,55
1241,0,2318,981,1337,0,0,0,1.0,1,1.0,1,1.0,1,0.18324243141410293,54
1242,0,2318,981,1337,0,0,0,1.0,1,1.0,1,1.0,1,0.1904032167559007,54
1243,1,2319,982,1337,0,0,0,1.0,1,1.0,1,1.0,1,0.18951085352129127,55
1244,0,2319,982,1337,0,0,0,1.0,1,1.0,1,1.0,1,0.21882891952631334,55
1245,2,2321,983,1338,0,0,0,1.0,1,1.0,1,1.0,1,0.23080878851755057,55
1246,6,2327,985,1342,0,0,0,1.0,1,1.0,1,1.0,1,0.23980051805594713,55
1247,5,2332,987,1345,0,0,0,1.0,1,1.0,1,1.0,1,0.25200617248220003,57
1248,0,2332,987,1345,0,0,0,1.0,1,1.0,1,1.0,1,0.2618127730292306,56
1249,2,2334,989,1345,0,0,0,1.0,1,1.0,1,1.0,1,0.26326809570859316,56
1250,2,2336,991,1345,0,0,0,1.0,1,1.0,1,1.0,1,0.2889424809724441,56
1251,1,2337,991,1346,0,0,0,1.0,1,1.0,1,1.0,1,0.2628728804613992,58
1252,1,2338,992,1346,0,0,0,1.0,1,1.0,1,1.0,1,0.27962189279249733,58
1253,3,2341,994,1347,0,0,0,1.0,1,1.0,1,1.0,1,0.2703025052369808,58
1254,0,2341,994,1347,0,0,0,1.0,1,1.0,1,1.0,1,0.24695751567091168,60
1255,2,2343,994,1349,0,0,0,1.0,1,1.0,1,1.0,1,0.23975619476623508,61
1256,1,2344,994,1350,0,0,0,1.0,1,1.0,1,1.0,1,0.2433812392117069,61
1257,3,2347,995,1352,0,0,0,1.0,1,1.0,1,1.0,1,0.2391366305133277,62
1258,4,2351,995,1356,0,0,0,1.0,1,1.0,1,1.0,1,0.20983118218540417,63
1259,0,2351,995,1356,0,0,0,1.0,1,1.0,1,1.0,1,0.20983118218540417,63
1260,1,2352,996,1356,0,0,0,1.0,1,1.0,1,1.0,1,0.18096778359345383,63
1261,2,2354,996,1358,0,0,0,1.0,1,1.0,1,1.0,1,0.13491883601019417,63
1262,1,2355,997,1358,0,0,0,1.0,1,1.0,1,1.0,1,0.15227942347799792,64
1263,1,2356,998,1358,0,0,0,1.0,1,1.0,1,1.0,1,0.1670704609774243,63
1264,1,2357,999,1358,0,0,0,1.0,1,1.0,1,1.0,1,0.1713077633809283,63
1265,3,2360,1002,1358,0,0,0,1.0,1,1.0,1,1.0,1,0.20980414260827093,60
1266,6,2366,1005,1361,0,0,0,1.0,1,1.0,1,1.0,1,0.22910132914940484,61
1267,2,2368,1007,1361,0,0,0,1.0,1,1.0,1,1.0,1,0.2684460172959308,58
1268,4,2372,1010,1362,0,0,0,1.0,1,1.0,1,1.0,1,0.3096052318944903,54
1269,5,2377,1013,1364,0,0,0,1.0,1,1.0,1,1.0,1,0.26586157821888445,54
1270,1,2378,1014,1364,0,0,0,1.0,1,1.0,1,1.0,1,0.23674002537803523,51
1271,0,2378,1014,1364,0,0,0,1.0,1,1.0,1,1.0,1,0.2453183278550557,50
1272,0,2378,1014,1364,0,0,0,1.0,1,1.0,1,1.0,1,0.24602168761904586,47
1273,0,2378,1014,1364,0,0,0,1.0,1,1.0,1,1.0,1,0.24602168761904586,47
1274,1,2379,1015,1364,0,0,0,1.0,1,1.0,1,1.0,1,0.29220232171140326,49
1275,2,2381,1017,1364,0,0,0,1.0,1,1.0,1,1.0,1,0.31167070720571,48
1276,9,2390,1020,1370,0,0,0,1.0,1,1.0,1,1.0,1,0.21807571870748008,49
1277,5,2395,1024,1371,0,0,0,1.0,1,1.0,1,1.0,1,0.2586748333544236,50
1278,2,2397,1024,1373,0,0,0,1.0,1,1.0,1,1.0,1,0.24291336268891853,51
1279,1,2398,1024,1374,0,0,0,1.0,1,1.0,1,1.0,1,0.2476557551597375,51
1280,3,2401,1024,1377,0,0,0,1.0,1,1.0,1,1.0,1,0.19814672672183772,52
1281,1,2402,1024,1378,0,0,0,1.0,1,1.0,1,1.0,1,0.21745442500451181,52
1282,1,2403,1025,1378,0,0,0,1.0,1,1.0,1,1.0,1,0.22406288997115906,52
1283,2,2405,1025,1380,0,0,0,1.0,1,1.0,1,1.0,1,0.22406288997115906,52
1284,2,2407,1026,1381,0,0,0,1.0,1,1.0,1,1.0,1,0.2224122972469168,52
1285,1,2408,1026,1382,0,0,0,1.0,1,1.0,1,1.0,1,0.264818835583892,51
1286,2,2410,1026,1384,0,0,0,1.0,1,1.0,1,1.0,1,0.24637208722248155,52
1287,2,2412,1027,1385,0,0,0,1.0,1,1.0,1,1.0,1,0.25547759310900997,54
1288,1,2413,1027,1386,0,0,0,1.0,1,1.0,1,1.0,1,0.23662548964803803,55
1289,1,2414,1027,1387,0,0,0,1.0,1,1.0,1,1.0,1,0.2045349315036777,56
1290,0,2414,1027,1387,0,0,0,1.0,1,1.0,1,1.0,1,0.1795513525759504,57
1291,2,2416,1027,1389,0,0,0,1.0,1,1.0,1,1.0,1,0.17819692369610163,58
1292,0,2416,1027,1389,0,0,0,1.0,1,1.0,1,1.0,1,0.16555054317794188,59
1293,0,2416,1027,1389,0,0,0,1.0,1,1.0,1,1.0,1,0.16555054317794188,59
1294,1,2417,1028,1389,0,0,0,1.0,1,1.0,1,1.0,1,0.1601024363582419,59
1295,1,2418,1029,1389,0,0,0,1.0,1,1.0,1,1.0,1,0.16722724719299914,59
1296,2,2420,1029,1391,0,0,0,1.0,1,1.0,1,1.0,1,0.1686530876793558,59
1297,1,2421,1030,1391,0,0,0,1.0,1,1.0,1,1.0,1,0.17316690401383458,61
1298,0,2421,1030,1391,0,0,0,1.0,1,1.0,1,1.0,1,0.19525996544331836,61
1299,1,2422,1030,1392,0,0,0,1.0,1,1.0,1,1.0,1,0.19751851270853185,60
1300,1,2423,1030,1393,0,0,0,1.0,1,1.0,1,1.0,1,0.1959068793666645,59
1301,0,2423,1030,1393,0,0,0,1.0,1,1.0,1,1.0,1,0.209082288646514,59
1302,4,2427,1034,1393,0,0,0,1.0,1,1.0,1,1.0,1,0.19927199056939304,59
1303,4,2431,1038,1393,0,0,0,1.0,1,1.0,1,1.0,1,0.273384088678386,55
1304,6,2437,1043,1394,0,0,0,1.0,1,1.0,1,1.0,1,0.2909121756284101,56
1305,4,2441,1044,1397,0,0,0,1.0,1,1.0,1,1.0,1,0.2701768260391253,54
1306,6,2447,1045,1402,0,0,0,1.0,1,1.0,1,1.0,1,0.21581020012367327,53
1307,3,2450,1047,1403,0,0,0,1.0,1,1.0,1,1.0,1,0.19701744789981288,52
1308,3,2453,1050,1403,0,0,0,1.0,1,1.0,1,1.0,1,0.22578101814341076,52
1309,2,2455,1051,1404,0,0,0,1.0,1,1.0,1,1.0,1,0.24080928504676624,54
1310,2,2457,1052,1405,0,0,0,1.0,1,1.0,1,1.0,1,0.2508393885927955,52
1311,1,2458,1053,1405,0,0,0,1.0,1,1.0,1,1.0,1,0.2568963580632856,51
1312,2,2460,1055,1405,0,0,0,1.0,1,1.0,1,1.0,1,0.2709145825921393,49
1313,0,2460,1055,1405,0,0,0,1.0,1,1.0,1,1.0,1,0.27680182684392085,47
1314,1,2461,1056,1405,0,0,0,1.0,1,1.0,1,1.0,1,0.2577788722873093,46
1315,2,2463,1056,1407,0,0,0,1.0,1,1.0,1,1.0,1,0.21925003081642291,45
1316,3,2466,1058,1408,0,0,0,1.0,1,1.0,1,1.0,1,0.20236315656945747,46
1317,2,2468,1058,1410,0,0,0,1.0,1,1.0,1,1.0,1,0.18182721984907127,45
1318,1,2469,1059,1410,0,0,0,1.0,1,1.0,1,1.0,1,0.21758775927332238,46
1319,2,2471,1060,1411,0,0,0,1.0,1,1.0,1,1.0,1,0.20172188108172465,46
1320,2,2473,1060,1413,0,0,0,1.0,1,1.0,1,1.0,1,0.20344229206073486,46
1321,1,2474,1060,1414,0,0,0,1.0,1,1.0,1,1.0,1,0.15155941432310746,48
1322,1,2475,1060,1415,0,0,0,1.0,1,1.0,1,1.0,1,0.15716286241692373,49
1323,0,2475,1060,1415,0,0,0,1.0,1,1.0,1,1.0,1,0.1462638849425151,49
1324,0,2475,1060,1415,0,0,0,1.0,1,1.0,1,1.0,1,0.16699559764076538,50
1325,0,2475,1060,1415,0,0,0,1.0,1,1.0,1,1.0,1,0.16931318290966627,49
1326,3,2478,1061,1417,0,0,0,1.0,1,1.0,1,1.0,1,0.2068968484904399,50
1327,2,2480,1062,1418,0,0,0,1.0,1,1.0,1,1.0,1,0.23833066422713167,50
1328,0,2480,1062,1418,0,0,0,1.0,1,1.0,1,1.0,1,0.2561412396183173,49
1329,1,2481,1062,1419,0,0,0,1.0,1,1.0,1,1.0,1,0.23652679821641795,50
1330,1,2482,1063,1419,0,0,0,1.0,1,1.0,1,1.0,1,0.22738569458091798,50
1331,1,2483,1064,1419,0,0,0,1.0,1,1.0,1,1.0,1,0.2555435727886373,50
1332,2,2485,1066,1419,0,0,0,1.0,1,1.0,1,1.0,1,0.2470279399806028,51
1333,2,2487,1066,1421,0,0,0,1.0,1,1.0,1,1.0,1,0.23280784368205845,52
1334,2,2489,1067,1422,0,0,0,1.0,1,1.0,1,1.0,1,0.22787604831615194,54
1335,0,2489,1067,1422,0,0,0,1.0,1,1.0,1,1.0,1,0.22787604831615194,54
1336,3,2492,1067,1425,0,0,0,1.0,1,1.0,1,1.0,1,0.18886870299007621,56
1337,5,2497,1069,1428,0,0,0,1.0,1,1.0,1,1.0,1,0.20658085679209634,57
1338,1,2498,1069,1429,0,0,0,1.0,1,1.0,1,1.0,1,0.18153941409289415,57
1339,3,2501,1072,1429,0,0,0,1.0,1,1.0,1,1.0,1,0.2526094986211291,58
1340,0,2501,1072,1429,0,0,0,1.0,1,1.0,1,1.0,1,0.2652432105609532,59
1341,2,2503,1073,1430,0,0,0,1.0,1,1.0,1,1.0,1,0.23353488631208713,57
1342,6,2509,1076,1433,0,0,0,1.0,1,1.0,1,1.0,1,0.22879699629365619,57
1343,0,2509,1076,1433,0,0,0,1.0,1,1.0,1,1.0,1,0.21671335987733098,55
1344,3,2512,1079,1433,0,0,0,1.0,1,1.0,1,1.0,1,0.2547934788033327,54
1345,1,2513,1080,1433,0,0,0,1.0,1,1.0,1,1.0,1,0.25409461797647004,53
1346,1,2514,1080,1434,0,0,0,1.0,1,1.0,1,1.0,1,0.24493483673045416,53
1347,1,2515,1080,1435,0,0,0,1.0,1,1.0,1,1.0,1,0.2275001621060364,51
1348,2,2517,1082,1435,0,0,0,1.0,1,1.0,1,1.0,1,0.2692938950947402,52
1349,0,2517,1082,1435,0,0,0,1.0,1,1.0,1,1.0,1,0.25860946073669355,50
1350,1,2518,1083,1435,0,0,0,1.0,1,1.0,1,1.0,1,0.272607859867744,51
1351,5,2523,1084,1439,0,0,0,1.0,1,1.0,1,1.0,1,0.2296868124106392,50
1352,1,2524,1085,1439,0,0,0,1.0,1,1.0,1,1.0,1,0.21280992013635677,50
1353,1,2525,1085,1440,0,0,0,1.0,1,1.0,1,1.0,1,0.19922139481046433,50
1354,1,2526,1085,1441,0,0,0,1.0,1,1.0,1,1.0,1,0.18136285494114274,51
1355,0,2526,1085,1441,0,0,0,1.0,1,1.0,1,1.0,1,0.17483955168717877,53
1356,2,2528,1087,1441,0,0,0,1.0,1,1.0,1,1.0,1,0.19045372207299915,52
1357,3,2531,1087,1444,0,0,0,1.0,1,1.0,1,1.0,1,0.18995905222631074,52
1358,2,2533,1088,1445,0,0,0,1.0,1,1.0,1,1.0,1,0.18456011114997933,53
1359,3,2536,1090,1446,0,0,0,1.0,1,1.0,1,1.0,1,0.22447964137917467,54
1360,3,2539,1091,1448,0,0,0,1.0,1,1.0,1,1.0,1,0.22553047107713647,55
1361,5,2544,1092,1452,0,0,0,1.0,1,1.0,1,1.0,1,0.2327133987143966,55
1362,6,2550,1092,1458,0,0,0,1.0,1,1.0,1,1.0,1,0.16688956140505123,56
1363,0,2550,1092,1458,0,0,0,1.0,1,1.0,1,1.0,1,0.16688956140505123,56
1364,0,2550,1092,1458,0,0,0,1.0,1,1.0,1,1.0,1,0.15795838650262034,55
1365,0,2550,1092,1458,0,0,0,1.0,1,1.0,1,1.0,1,0.1720327939159644,56
1366,2,2552,1092,1460,0,0,0,1.0,1,1.0,1,1.0,1,0.16701312235566063,57
1367,0,2552,1092,1460,0,0,0,1.0,1,1.0,1,1.0,1,0.16701312235566063,57
1368,3,2555,1093,1462,0,0,0,1.0,1,1.0,1,1.0,1,0.18226282468250596,58
1369,2,2557,1095,1462,0,0,0,1.0,1,1.0,1,1.0,1,0.19362739019267453,59
1370,3,2560,1096,1464,0,0,0,1.0,1,1.0,1,1.0,1,0.17774043819006213,60
1371,1,2561,1097,1464,0,0,0,1.0,1,1.0,1,1.0,1,0.16045988771748065,59
1372,2,2563,1099,1464,0,0,0,1.0,1,1.0,1,1.0,1,0.18141486357688175,59
1373,2,2565,1100,1465,0,0,0,1.0,1,1.0,1,1.0,1,0.16561987272130943,59
1374,0,2565,1100,1465,0,0,0,1.0,1,1.0,1,1.0,1,0.16561987272130943,59
1375,1,2566,1100,1466,0,0,0,1.0,1,1.0,1,1.0,1,0.1762885416628136,62
1376,2,2568,1101,1467,0,0,0,1.0,1,1.0,1,1.0,1,0.18984227604376244,61
1377,5,2573,1103,1470,0,0,0,1.0,1,1.0,1,1.0,1,0.20864199186389473,63
1378,5,2578,1105,1473,0,0,0,1.0,1,1.0,1,1.0,1,0.26619071677523437,62
1379,8,2586,1107,1479,0,0,0,1.0,1,1.0,1,1.0,1,0.2914118616103145,61
1380,3,2589,1107,1482,0,0,0,1.0,1,1.0,1,1.0,1,0.27626878986380476,60
1381,6,2595,1108,1487,0,0,0,1.0,1,1.0,1,1.0,1,0.23657666736918392,58
1382,3,2598,1109,1489,0,0,0,1.0,1,1.0,1,1.0,1,0.2606184600143629,56
1383,3,2601,1109,1492,0,0,0,1.0,1,1.0,1,1.0,1,0.21385427911522542,57
1384,1,2602,1109,1493,0,0,0,1.0,1,1.0,1,1.0,1,0.18943139471059894,55
1385,1,2603,1110,1493,0,0,0,1.0,1,1.0,1,1.0,1,0.23420257185169505,55
1386,1,2604,1111,1493,0,0,0,1.0,1,1.0,1,1.0,1,0.21274962923448998,54
1387,1,2605,1112,1493,0,0,0,1.0,1,1.0,1,1.0,1,0.2258462945298603,53
1388,3,2608,1115,1493,0,0,0,1.0,1,1.0,1,1.0,1,0.27213277544738385,52
1389,1,2609,1116,1493,0,0,0,1.0,1,1.0,1,1.0,1,0.2964063105660024,52
1390,1,2610,1116,1494,0,0,0,1.0,1,1.0,1,1.0,1,0.31029423350118246,51
1391,2,2612,1116,1496,0,0,0,1.0,1,1.0,1,1.0,1,0.29882008430803847,52
1392,1,2613,1117,1496,0,0,0,1.0,1,1.0,1,1.0,1,0.28195159760438115,51
1393,1,2614,1118,1496,0,0,0,1.0,1,1.0,1,1.0,1,0.2906277204119937,51
1394,1,2615,1118,1497,0,0,0,1.0,1,1.0,1,1.0,1,0.31442533562764546,52
1395,2,2617,1118,1499,0,0,0,1.0,1,1.0,1,1.0,1,0.31442533562764546,52
1396,9,2626,1119,1507,0,0,0,1.0,1,1.0,1,1.0,1,0.1553168396166055,53
1397,0,2626,1119,1507,0,0,0,1.0,1,1.0,1,1.0,1,0.16087126459844636,56
1398,1,2627,1120,1507,0,0,0,1.0,1,1.0,1,1.0,1,0.17775926442778978,56
1399,2,2629,1120,1509,0,0,0,1.0,1,1.0,1,1.0,1,0.17983804461607883,57
1400,4,2633,1123,1510,0,0,0,1.0,1,1.0,1,1.0,1,0.19182384802467747,57
1401,3,2636,1123,1513,0,0,0,1.0,1,1.0,1,1.0,1,0.15539157117995844,57
1402,4,2640,1127,1513,0,0,0,1.0,1,1.0,1,1.0,1,0.1798968164171547,57
1403,0,2640,1127,1513,0,0,0,1.0,1,1.0,1,1.0,1,0.1939170153526154,56
1404,2,2642,1127,1515,0,0,0,1.0,1,1.0,1,1.0,1,0.17853522151074183,58
1405,2,2644,1127,1517,0,0,0,1.0,1,1.0,1,1.0,1,0.2031302080089559,58
1406,2,2646,1128,1518,0,0,0,1.0,1,1.0,1,1.0,1,0.18826342307737665,58
1407,1,2647,1128,1519,0,0,0,1.0,1,1.0,1,1.0,1,0.1991557249503648,57
1408,1,2648,1128,1520,0,0,0,1.0,1,1.0,1,1.0,1,0.21567374567181138,58
1409,2,2650,1128,1522,0,0,0,1.0,1,1.0,1,1.0,1,0.21839189121163574,57
1410,2,2652,1128,1524,0,0,0,1.0,1,1.0,1,1.0,1,0.20817916314024232,57
1411,1,2653,1129,1524,0,0,0,1.0,1,1.0,1,1.0,1,0.22650116888137461,56
1412,0,2653,1129,1524,0,0,0,1.0,1,1.0,1,1.0,1,0.23401102850543828,55
1413,0,2653,1129,1524,0,0,0,1.0,1,1.0,1,1.0,1,0.2378570388577845,57
1414,1,2654,1129,1525,0,0,0,1.0,1,1.0,1,1.0,1,0.22488370983477107,57
1415,3,2657,1129,1528,0,0,0,1.0,1,1.0,1,1.0,1,0.19476515808996,60
1416,4,2661,1129,1532,0,0,0,1.0,1,1.0,1,1.0,1,0.1625393135554254,61
1417,0,2661,1129,1532,0,0,0,1.0,1,1.0,1,1.0,1,0.153487697062184,59
1418,1,2662,1129,1533,0,0,0,1.0,1,1.0,1,1.0,1,0.1408845438475719,60
1419,1,2663,1130,1533,0,0,0,1.0,1,1.0,1,1.0,1,0.15233074158733242,59
1420,2,2665,1131,1534,0,0,0,1.0,1,1.0,1,1.0,1,0.1923724138237075,58
1421,0,2665,1131,1534,0,0,0,1.0,1,1.0,1,1.0,1,0.1769105729067985,57
1422,1,2666,1132,1534,0,0,0,1.0,1,1.0,1,1.0,1,0.18273993660344848,57
1423,2,2668,1133,1535,0,0,0,1.0,1,1.0,1,1.0,1,0.17965860669536812,56
1424,1,2669,1134,1535,0,0,0,1.0,1,1.0,1,1.0,1,0.2000529648182374,57
1425,3,2672,1137,1535,0,0,0,1.0,1,1.0,1,1.0,1,0.2451189001254962,54
1426,6,2678,1139,1539,0,0,0,1.0,1,1.0,1,1.0,1,0.19709407604787943,54
1427,4,2682,1141,1541,0,0,0,1.0,1,1.0,1,1.0,1,0.23192048281824143,53
1428,0,2682,1141,1541,0,0,0,1.0,1,1.0,1,1.0,1,0.22414367166705268,52
1429,1,2683,1141,1542,0,0,0,1.0,1,1.0,1,1.0,1,0.20921027187057503,52
1430,2,2685,1143,1542,0,0,0,1.0,1,1.0,1,1.0,1,0.2172655564675896,51
1431,1,2686,1143,1543,0,0,0,1.0,1,1.0,1,1.0,1,0.19888717961881514,51
1432,4,2690,1146,1544,0,0,0,1.0,1,1.0,1,1.0,1,0.20883007317595997,52
1433,2,2692,1147,1545,0,0,0,1.0,1,1.0,1,1.0,1,0.2181066947274496,52
1434,2,2694,1149,1545,0,0,0,1.0,1,1.0,1,1.0,1,0.24232252026502304,52
1435,3,2697,1151,1546,0,0,0,1.0,1,1.0,1,1.0,1,0.2521751471978203,50
1436,2,2699,1153,1546,0,0,0,1.0,1,1.0,1,1.0,1,0.28684933306720667,50
1437,3,2702,1154,1548,0,0,0,1.0,1,1.0,1,1.0,1,0.31651558653619094,49
1438,1,2703,1155,1548,0,0,0,1.0,1,1.0,1,1.0,1,0.33306092224990225,49
1439,5,2708,1156,1552,0,0,0,1.0,1,1.0,1,1.0,1,0.31569882867578297,50
1440,2,2710,1158,1552,0,0,0,1.0,1,1.0,1,1.0,1,0.3226995702926548,50
1441,5,2715,1159,1556,0,0,0,1.0,1,1.0,1,1.0,1,0.27081040514397087,51
1442,3,2718,1159,1559,0,0,0,1.0,1,1.0,1,1.0,1,0.24493775231496281,50
1443,2,2720,1159,1561,0,0,0,1.0,1,1.0,1,1.0,1,0.2395984632901119,51
1444,2,2722,1159,1563,0,0,0,1.0,1,1.0,1,1.0,1,0.2395984632901119,51
1445,2,2724,1160,1564,0,0,0,1.0,1,1.0,1,1.0,1,0.25152774924193566,51
1446,1,2725,1160,1565,0,0,0,1.0,1,1.0,1,1.0,1,0.2609766437824355,51
1447,1,2726,1160,1566,0,0,0,1.0,1,1.0,1,1.0,1,0.24765675768350368,51
1448,2,2728,1161,1567,0,0,0,1.0,1,1.0,1,1.0,1,0.24852479406817915,51
1449,1,2729,1161,1568,0,0,0,1.0,1,1.0,1,1.0,1,0.23338851330939542,51
1450,2,2731,1161,1570,0,0,0,1.0,1,1.0,1,1.0,1,0.2250096587161558,52
1451,3,2734,1162,1572,0,0,0,1.0,1,1.0,1,1.0,1,0.22860001417097525,54
1452,1,2735,1162,1573,0,0,0,1.0,1,1.0,1,1.0,1,0.24522015358504692,56
1453,4,2739,1163,1576,0,0,0,1.0,1,1.0,1,1.0,1,0.24877102875126805,56
1454,7,2746,1164,1582,0,0,0,1.0,1,1.0,1,1.0,1,0.25224840208656124,58
1455,8,2754,1166,1588,0,0,0,1.0,1,1.0,1,1.0,1,0.2757330275333961,55
1456,3,2757,1166,1591,0,0,0,1.0,1,1.0,1,1.0,1,0.2616554102992165,56
1457,3,2760,1167,1593,0,0,0,1.0,1,1.0,1,1.0,1,0.3069173662180432,54
1458,1,2761,1168,1593,0,0,0,1.0,1,1.0,1,1.0,1,0.31999585527218255,52
1459,2,2763,1169,1594,0,0,0,1.0,1,1.0,1,1.0,1,0.31022890536796094,52
1460,0,2763,1169,1594,0,0,0,1.0,1,1.0,1,1.0,1,0.2950872940740144,50
1461,2,2765,1171,1594,0,0,0,1.0,1,1.0,1,1.0,1,0.27047696462070503,53
1462,3,2768,1174,1594,0,0,0,1.0,1,1.0,1,1.0,1,0.24057098778482786,51
1463,3,2771,1176,1595,0,0,0,1.0,1,1.0,1,1.0,1,0.2459026355694097,51
1464,4,2775,1179,1596,0,0,0,1.0,1,1.0,1,1.0,1,0.2664400634213032,51
1465,0,2775,1179,1596,0,0,0,1.0,1,1.0,1,1.0,1,0.28640952162130057,49
1466,5,2780,1182,1598,0,0,0,1.0,1,1.0,1,1.0,1,0.299096052983558,49
1467,2,2782,1184,1598,0,0,0,1.0,1,1.0,1,1.0,1,0.35481089789530923,47
1468,0,2782,1184,1598,0,0,0,1.0,1,1.0,1,1.0,1,0.33479677284118303,48
1469,4,2786,1186,1600,0,0,0,1.0,1,1.0,1,1.0,1,0.36924227584681174,47
1470,1,2787,1187,1600,0,0,0,1.0,1,1.0,1,1.0,1,0.3633818058156866,49
1471,11,2798,1187,1611,0,0,0,1.0,1,1.0,1,1.0,1,0.19949525371599106,48
1472,1,2799,1187,1612,0,0,0,1.0,1,1.0,1,1.0,1,0.18050586120667497,48
1473,0,2799,1187,1612,0,0,0,1.0,1,1.0,1,1.0,1,0.19098496203773282,49
1474,0,2799,1187,1612,0,0,0,1.0,1,1.0,1,1.0,1,0.19098496203773282,49
1475,2,2801,1187,1614,0,0,0,1.0,1,1.0,1,1.0,1,0.17992101331185398,49
1476,3,2804,1188,1616,0,0,0,1.0,1,1.0,1,1.0,1,0.17758552962487548,51
1477,1,2805,1188,1617,0,0,0,1.0,1,1.0,1,1.0,1,0.18816085876616478,51
1478,2,2807,1188,1619,0,0,0,1.0,1,1.0,1,1.0,1,0.17351785858272126,52
1479,1,2808,1188,1620,0,0,0,1.0,1,1.0,1,1.0,1,0.1770565491898596,53
1480,2,2810,1189,1621,0,0,0,1.0,1,1.0,1,1.0,1,0.20323869010057422,53
1481,3,2813,1189,1624,0,0,0,1.0,1,1.0,1,1.0,1,0.21015273794440262,53
1482,3,2816,1190,1626,0,0,0,1.0,1,1.0,1,1.0,1,0.24898078716067282,52
1483,6,2822,1191,1631,0,0,0,1.0,1,1.0,1,1.0,1,0.23474350972112307,52
1484,7,2829,1191,1638,0,0,0,1.0,1,1.0,1,1.0,1,0.26422927967892035,53
1485,2,2831,1191,1640,0,0,0,1.0,1,1.0,1,1.0,1,0.24453334622369685,53
1486,10,2841,1191,1650,0,0,0,1.0,1,1.0,1,1.0,1,0.18297215576856768,54
1487,4,2845,1192,1653,0,0,0,1.0,1,1.0,1,1.0,1,0.1912761532317651,55
1488,4,2849,1192,1657,0,0,0,1.0,1,1.0,1,1.0,1,0.2095623875568165,57
1489,5,2854,1194,1660,0,0,0,1.0,1,1.0,1,1.0,1,0.21059196366278551,58
1490,2,2856,1194,1662,0,0,0,1.0,1,1.0,1,1.0,1,0.19940723206552627,58
1491,3,2859,1195,1664,0,0,0,1.0,1,1.0,1,1.0,1,0.2174392946944699,59
1492,6,2865,1195,1670,0,0,0,1.0,1,1.0,1,1.0,1,0.2024081553855698,59
1493,4,2869,1195,1674,0,0,0,1.0,1,1.0,1,1.0,1,0.18268630659140053,58
1494,4,2873,1196,1677,0,0,0,1.0,1,1.0,1,1.0,1,0.21409848549968263,58
1495,5,2878,1198,1680,0,0,0,1.0,1,1.0,1,1.0,1,0.2765371815476582,57
1496,5,2883,1198,1685,0,0,0,1.0,1,1.0,1,1.0,1,0.2586305564967055,59
1497,5,2888,1199,1689,0,0,0,1.0,1,1.0,1,1.0,1,0.25951205051102033,58
1498,5,2893,1200,1693,0,0,0,1.0,1,1.0,1,1.0,1,0.28877094675956283,58
1499,2,2895,1200,1695,0,0,0,1.0,1,1.0,1,1.0,1,0.25730655957854287,56
1500,3,2898,1201,1697,0,0,0,1.0,1,1.0,1,1.0,1,0.2626147257103109,57
1501,0,2898,1201,1697,0,0,0,1.0,1,1.0,1,1.0,1,0.25416662526220984,55
1502,2,2900,1203,1697,0,0,0,1.0,1,1.0,1,1.0,1,0.2828189586260114,55
1503,6,2906,1204,1702,0,0,0,1.0,1,1.0,1,1.0,1,0.21784439204947426,54
1504,2,2908,1206,1702,0,0,0,1.0,1,1.0,1,1.0,1,0.19978468640604938,55
1505,1,2909,1206,1703,0,0,0,1.0,1,1.0,1,1.0,1,0.18069196915420965,53
1506,4,2913,1208,1705,0,0,0,1.0,1,1.0,1,1.0,1,0.19438445261849716,55
1507,0,2913,1208,1705,0,0,0,1.0,1,1.0,1,1.0,1,0.20503302779921953,53
1508,4,2917,1211,1706,0,0,0,1.0,1,1.0,1,1.0,1,0.18371307809178353,53
1509,2,2919,1212,1707,0,0,0,1.0,1,1.0,1,1.0,1,0.1878875747231006,52
1510,3,2922,1214,1708,0,0,0,1.0,1,1.0,1,1.0,1,0.2069809915353506,50
1511,1,2923,1215,1708,0,0,0,1.0,1,1.0,1,1.0,1,0.22826052234828922,49
1512,1,2924,1216,1708,0,0,0,1.0,1,1.0,1,1.0,1,0.2532663765060127,48
1513,1,2925,1217,1708,0,0,0,1.0,1,1.0,1,1.0,1,0.31204945971738574,47
1514,1,2926,1218,1708,0,0,0,1.0,1,1.0,1,1.0,1,0.2933808106130562,48
1515,1,2927,1219,1708,0,0,0,1.0,1,1.0,1,1.0,1,0.3146840294418253,48
1516,7,2934,1219,1715,0,0,0,1.0,1,1.0,1,1.0,1,0.15617805675932392,47
1517,2,2936,1219,1717,0,0,0,1.0,1,1.0,1,1.0,1,0.1682097529078348,48
1518,0,2936,1219,1717,0,0,0,1.0,1,1.0,1,1.0,1,0.1682097529078348,48
1519,0,2936,1219,1717,0,0,0,1.0,1,1.0,1,1.0,1,0.18422052914724935,47
1520,3,2939,1222,1717,0,0,0,1.0,1,1.0,1,1.0,1,0.23871879060418483,48
1521,1,2940,1222,1718,0,0,0,1.0,1,1.0,1,1.0,1,0.22055715909469795,49
1522,2,2942,1223,1719,0,0,0,1.0,1,1.0,1,1.0,1,0.2351185433878339,48
1523,5,2947,1223,1724,0,0,0,1.0,1,1.0,1,1.0,1,0.2618676319314512,49
1524,4,2951,1223,1728,0,0,0,1.0,1,1.0,1,1.0,1,0.24570839761036203,49
1525,5,2956,1223,1733,0,0,0,1.0,1,1.0,1,1.0,1,0.24897233484118828,51
1526,0,2956,1223,1733,0,0,0,1.0,1,1.0,1,1.0,1,0.24390688036363106,52
1527,5,2961,1225,1736,0,0,0,1.0,1,1.0,1,1.0,1,0.2523815035882916,54
1528,4,2965,1225,1740,0,0,0,1.0,1,1.0,1,1.0,1,0.25190648479910865,54
1529,3,2968,1225,1743,0,0,0,1.0,1,1.0,1,1.0,1,0.28707859430093446,54
1530,4,2972,1225,1747,0,0,0,1.0,1,1.0,1,1.0,1,0.3011218294353294,54
1531,7,2979,1225,1754,0,0,0,1.0,1,1.0,1,1.0,1,0.20798627801887765,54
1532,4,2983,1226,1757,0,0,0,1.0,1,1.0,1,1.0,1,0.1726036279902576,54
1533,2,2985,1226,1759,0,0,0,1.0,1,1.0,1,1.0,1,0.13819350550942264,54
1534,0,2985,1226,1759,0,0,0,1.0,1,1.0,1,1.0,1,0.13819350550942264,54
1535,0,2985,1226,1759,0,0,0,1.0,1,1.0,1,1.0,1,0.13819350550942264,54
1536,0,2985,1226,1759,0,0,0,1.0,1,1.0,1,1.0,1,0.14835085537348636,55
1537,0,2985,1226,1759,0,0,0,1.0,1,1.0,1,1.0,1,0.17320921675254847,53
1538,0,2985,1226,1759,0,0,0,1.0,1,1.0,1,1.0,1,0.18516351716190171,54
1539,0,2985,1226,1759,0,0,0,1.0,1,1.0,1,1.0,1,0.21207438135272422,54
1540,1,2986,1227,1759,0,0,0,1.0,1,1.0,1,1.0,1,0.21878003918667166,54
1541,1,2987,1227,1760,0,0,0,1.0,1,1.0,1,1.0,1,0.21922713235497304,54
1542,9,2996,1229,1767,0,0,0,1.0,1,1.0,1,1.0,1,0.2077140382749515,57
1543,4,3000,1231,1769,0,0,0,1.0,1,1.0,1,1.0,1,0.21887450664308725,55
1544,3,3003,1234,1769,0,0,0,1.0,1,1.0,1,1.0,1,0.27051597246788556,54
1545,6,3009,1236,1773,0,0,0,1.0,1,1.0,1,1.0,1,0.2338838430891651,54
1546,7,3016,1239,1777,0,0,0,1.0,1,1.0,1,1.0,1,0.12785100523590148,53
1547,4,3020,1241,1779,0,0,0,1.0,1,1.0,1,1.0,1,0.12943032801943305,53
1548,5,3025,1243,1782,0,0,0,1.0,1,1.0,1,1.0,1,0.14066464147172908,54
1549,1,3026,1243,1783,0,0,0,1.0,1,1.0,1,1.0,1,0.11559306985911168,52
1550,3,3029,1245,1784,0,0,0,1.0,1,1.0,1,1.0,1,0.14337181535387952,52
1551,2,3031,1247,1784,0,0,0,1.0,1,1.0,1,1.0,1,0.1681522523004493,52
1552,5,3036,1251,1785,0,0,0,1.0,1,1.0,1,1.0,1,0.1836237797610134,51
1553,6,3042,1254,1788,0,0,0,1.0,1,1.0,1,1.0,1,0.20138340621237472,51
1554,9,3051,1259,1792,0,0,0,1.0,1,1.0,1,1.0,1,0.20062824117244527,51
1555,2,3053,1261,1792,0,0,0,1.0,1,1.0,1,1.0,1,0.24288014694335003,50
1556,3,3056,1263,1793,0,0,0,1.0,1,1.0,1,1.0,1,0.2635214794234469,51
1557,3,3059,1265,1794,0,0,0,1.0,1,1.0,1,1.0,1,0.28729624119274066,51
1558,2,3061,1266,1795,0,0,0,1.0,1,1.0,1,1.0,1,0.2953402488884493,52
1559,2,3063,1268,1795,0,0,0,1.0,1,1.0,1,1.0,1,0.2854976842932596,53
1560,1,3064,1269,1795,0,0,0,1.0,1,1.0,1,1.0,1,0.3087855204334488,51
1561,9,3073,1269,1804,0,0,0,1.0,1,1.0,1,1.0,1,0.16982794544258079,51
1562,1,3074,1269,1805,0,0,0,1.0,1,1.0,1,1.0,1,0.16483756953045553,52
1563,0,3074,1269,1805,0,0,0,1.0,1,1.0,1,1.0,1,0.16483756953045553,52
1564,1,3075,1269,1806,0,0,0,1.0,1,1.0,1,1.0,1,0.13520457388950982,51
1565,2,3077,1270,1807,0,0,0,1.0,1,1.0,1,1.0,1,0.15708449855052134,53
1566,0,3077,1270,1807,0,0,0,1.0,1,1.0,1,1.0,1,0.15939110646489416,53
1567,2,3079,1270,1809,0,0,0,1.0,1,1.0,1,1.0,1,0.16974248871284664,52
1568,0,3079,1270,1809,0,0,0,1.0,1,1.0,1,1.0,1,0.16974248871284664,52
1569,4,3083,1272,1811,0,0,0,1.0,1,1.0,1,1.0,1,0.16118515131137556,49
1570,1,3084,1273,1811,0,0,0,1.0,1,1.0,1,1.0,1,0.1674713374691996,48
1571,2,3086,1275,1811,0,0,0,1.0,1,1.0,1,1.0,1,0.16743932267455627,46
1572,4,3090,1278,1812,0,0,0,1.0,1,1.0,1,1.0,1,0.19739773159668017,47
1573,1,3091,1279,1812,0,0,0,1.0,1,1.0,1,1.0,1,0.2250509061136839,48
1574,3,3094,1281,1813,0,0,0,1.0,1,1.0,1,1.0,1,0.21195307070732947,46
1575,1,3095,1282,1813,0,0,0,1.0,1,1.0,1,1.0,1,0.22838804647141506,47
1576,4,3099,1284,1815,0,0,0,1.0,1,1.0,1,1.0,1,0.1696189705305154,46
1577,0,3099,1284,1815,0,0,0,1.0,1,1.0,1,1.0,1,0.17357490988696975,45
1578,0,3099,1284,1815,0,0,0,1.0,1,1.0,1,1.0,1,0.1836770981941492,44
1579,0,3099,1284,1815,0,0,0,1.0,1,1.0,1,1.0,1,0.19979881033070768,43
1580,0,3099,1284,1815,0,0,0,1.0,1,1.0,1,1.0,1,0.19979881033070768,43
1581,2,3101,1285,1816,0,0,0,1.0,1,1.0,1,1.0,1,0.21646257338622582,42
1582,0,3101,1285,1816,0,0,0,1.0,1,1.0,1,1.0,1,0.21646257338622582,42
1583,3,3104,1287,1817,0,0,0,1.0,1,1.0,1,1.0,1,0.2320383085994827,43
1584,1,3105,1288,1817,0,0,0,1.0,1,1.0,1,1.0,1,0.24031663237089856,41
1585,4,3109,1291,1818,0,0,0,1.0,1,1.0,1,1.0,1,0.2127029685227185,43
1586,1,3110,1292,1818,0,0,0,1.0,1,1.0,1,1.0,1,0.21231021192122343,42
1587,1,3111,1293,1818,0,0,0,1.0,1,1.0,1,1.0,1,0.25020458159255815,42
1588,5,3116,1297,1819,0,0,0,1.0,1,1.0,1,1.0,1,0.34099204531269756,42
1589,1,3117,1297,1820,0,0,0,1.0,1,1.0,1,1.0,1,0.2918230010751015,42
1590,1,3118,1297,1821,0,0,0,1.0,1,1.0,1,1.0,1,0.27179079116719573,41
1591,3,3121,1298,1823,0,0,0,1.0,1,1.0,1,1.0,1,0.22769268694024586,40
1592,1,3122,1298,1824,0,0,0,1.0,1,1.0,1,1.0,1,0.2448674165777445,39
1593,2,3124,1300,1824,0,0,0,1.0,1,1.0,1,1.0,1,0.2598715940277911,39
1594,0,3124,1300,1824,0,0,0,1.0,1,1.0,1,1.0,1,0.25133893179328115,39
1595,2,3126,1301,1825,0,0,0,1.0,1,1.0,1,1.0,1,0.2692429334226836,42
1596,0,3126,1301,1825,0,0,0,1.0,1,1.0,1,1.0,1,0.27993330334454414,41
1597,1,3127,1302,1825,0,0,0,1.0,1,1.0,1,1.0,1,0.31287075349912785,41
1598,2,3129,1302,1827,0,0,0,1.0,1,1.0,1,1.0,1,0.29367246180499623,39
1599,3,3132,1303,1829,0,0,0,1.0,1,1.0,1,1.0,1,0.2794168203782833,39
1600,2,3134,1304,1830,0,0,0,1.0,1,1.0,1,1.0,1,0.2975954244077312,40
1601,4,3138,1306,1832,0,0,0,1.0,1,1.0,1,1.0,1,0.3265442255692968,41
1602,1,3139,1306,1833,0,0,0,1.0,1,1.0,1,1.0,1,0.2745140691884386,41
1603,3,3142,1307,1835,0,0,0,1.0,1,1.0,1,1.0,1,0.3383815653646125,43
1604,3,3145,1308,1837,0,0,0,1.0,1,1.0,1,1.0,1,0.3623926738577021,43
1605,3,3148,1309,1839,0,0,0,1.0,1,1.0,1,1.0,1,0.3405146263648183,44
1606,9,3157,1311,1846,0,0,0,1.0,1,1.0,1,1.0,1,0.21143908650044912,44
1607,1,3158,1312,1846,0,0,0,1.0,1,1.0,1,1.0,1,0.20229250623604014,42
1608,2,3160,1314,1846,0,0,0,1.0,1,1.0,1,1.0,1,0.23765131759250194,41
1609,1,3161,1314,1847,0,0,0,1.0,1,1.0,1,1.0,1,0.19448935516002966,39
1610,0,3161,1314,1847,0,0,0,1.0,1,1.0,1,1.0,1,0.2229230631998381,39
1611,0,3161,1314,1847,0,0,0,1.0,1,1.0,1,1.0,1,0.20667904409439344,40
1612,1,3162,1314,1848,0,0,0,1.0,1,1.0,1,1.0,1,0.14335420579170946,39
1613,0,3162,1314,1848,0,0,0,1.0,1,1.0,1,1.0,1,0.1819129606778647,41
1614,3,3165,1314,1851,0,0,0,1.0,1,1.0,1,1.0,1,0.1880692477844189,41
1615,2,3167,1314,1853,0,0,0,1.0,1,1.0,1,1.0,1,0.1880692477844189,41
1616,1,3168,1314,1854,0,0,0,1.0,1,1.0,1,1.0,1,0.19749858351575866,43
1617,2,3170,1316,1854,0,0,0,1.0,1,1.0,1,1.0,1,0.24735078398242274,44
1618,5,3175,1317,1858,0,0,0,1.0,1,1.0,1,1.0,1,0.2787511971628601,44
1619,4,3179,1318,1861,0,0,0,1.0,1,1.0,1,1.0,1,0.3003119334096374,44
1620,6,3185,1319,1866,0,0,0,1.0,1,1.0,1,1.0,1,0.31906224294119706,45
1621,2,3187,1319,1868,0,0,0,1.0,1,1.0,1,1.0,1,0.30054517602010455,44
1622,1,3188,1320,1868,0,0,0,1.0,1,1.0,1,1.0,1,0.31078117981876247,44
1623,2,3190,1320,1870,0,0,0,1.0,1,1.0,1,1.0,1,0.313857436702095,43
1624,1,3191,1321,1870,0,0,0,1.0,1,1.0,1,1.0,1,0.30660261434365677,43
1625,2,3193,1322,1871,0,0,0,1.0,1,1.0,1,1.0,1,0.29949578365896673,43
1626,2,3195,1323,1872,0,0,0,1.0,1,1.0,1,1.0,1,0.2885952589864368,42
1627,2,3197,1323,1874,0,0,0,1.0,1,1.0,1,1.0,1,0.2545018619273314,42
1628,1,3198,1324,1874,0,0,0,1.0,1,1.0,1,1.0,1,0.29128060981585174,42
1629,0,3198,1324,1874,0,0,0,1.0,1,1.0,1,1.0,1,0.2837950667529578,41
1630,3,3201,1326,1875,0,0,0,1.0,1,1.0,1,1.0,1,0.3071823108542734,41
1631,1,3202,1327,1875,0,0,0,1.0,1,1.0,1,1.0,1,0.33950345201765086,40
1632,1,3203,1327,1876,0,0,0,1.0,1,1.0,1,1.0,1,0.30967158884339335,39
1633,0,3203,1327,1876,0,0,0,1.0,1,1.0,1,1.0,1,0.30967158884339335,39
1634,0,3203,1327,1876,0,0,0,1.0,1,1.0,1,1.0,1,0.30967158884339335,39
1635,3,3206,1327,1879,0,0,0,1.0,1,1.0,1,1.0,1,0.2787191362389166,40
1636,8,3214,1327,1887,0,0,0,1.0,1,1.0,1,1.0,1,0.15307194645332958,41
1637,0,3214,1327,1887,0,0,0,1.0,1,1.0,1,1.0,1,0.18109030877039645,41
1638,1,3215,1328,1887,0,0,0,1.0,1,1.0,1,1.0,1,0.22177155377305519,42
1639,3,3218,1328,1890,0,0,0,1.0,1,1.0,1,1.0,1,0.2046058997809732,43
1640,2,3220,1328,1892,0,0,0,1.0,1,1.0,1,1.0,1,0.20183560860474778,43
1641,4,3224,1328,1896,0,0,0,1.0,1,1.0,1,1.0,1,0.20488760351448512,44
1642,5,3229,1329,1900,0,0,0,1.0,1,1.0,1,1.0,1,0.2660474573405012,45
1643,8,3237,1331,1906,0,0,0,1.0,1,1.0,1,1.0,1,0.21156855161928836,44
1644,3,3240,1333,1907,0,0,0,1.0,1,1.0,1,1.0,1,0.2552666689845924,45
1645,1,3241,1333,1908,0,0,0,1.0,1,1.0,1,1.0,1,0.2518303218786207,44
1646,4,3245,1333,1912,0,0,0,1.0,1,1.0,1,1.0,1,0.23160960593758362,43
1647,2,3247,1334,1913,0,0,0,1.0,1,1.0,1,1.0,1,0.249181056264113,43
1648,0,3247,1334,1913,0,0,0,1.0,1,1.0,1,1.0,1,0.28862795109969636,42
1649,3,3250,1334,1916,0,0,0,1.0,1,1.0,1,1.0,1,0.32962141687364943,41
1650,1,3251,1334,1917,0,0,0,1.0,1,1.0,1,1.0,1,0.3336880796020065,41
1651,4,3255,1336,1919,0,0,0,1.0,1,1.0,1,1.0,1,0.30173191221955625,40
1652,1,3256,1336,1920,0,0,0,1.0,1,1.0,1,1.0,1,0.2921583374345794,39
1653,0,3256,1336,1920,0,0,0,1.0,1,1.0,1,1.0,1,0.32450586272939574,39
1654,0,3256,1336,1920,0,0,0,1.0,1,1.0,1,1.0,1,0.32450586272939574,39
1655,2,3258,1338,1920,0,0,0,1.0,1,1.0,1,1.0,1,0.3538692761059156,40
1656,3,3261,1338,1923,0,0,0,1.0,1,1.0,1,1.0,1,0.31251456146038126,40
1657,0,3261,1338,1923,0,0,0,1.0,1,1.0,1,1.0,1,0.31251456146038126,40
1658,1,3262,1338,1924,0,0,0,1.0,1,1.0,1,1.0,1,0.27726553099605156,40
1659,2,3264,1340,1924,0,0,0,1.0,1,1.0,1,1.0,1,0.3079074994794292,40
1660,4,3268,1340,1928,0,0,0,1.0,1,1.0,1,1.0,1,0.21198382806554153,41
1661,1,3269,1341,1928,0,0,0,1.0,1,1.0,1,1.0,1,0.2317334864437359,42
1662,2,3271,1342,1929,0,0,0,1.0,1,1.0,1,1.0,1,0.20460609235265528,44
1663,1,3272,1343,1929,0,0,0,1.0,1,1.0,1,1.0,1,0.21793772914380516,43
1664,7,3279,1349,1930,0,0,0,1.0,1,1.0,1,1.0,1,0.25851244447640337,42
1665,0,3279,1349,1930,0,0,0,1.0,1,1.0,1,1.0,1,0.2625038059467424,42
1666,6,3285,1353,1932,0,0,0,1.0,1,1.0,1,1.0,1,0.29014437317639163,43
1667,3,3288,1356,1932,0,0,0,1.0,1,1.0,1,1.0,1,0.3184997193966602,40
1668,1,3289,1357,1932,0,0,0,1.0,1,1.0,1,1.0,1,0.3033621875319674,40
1669,1,3290,1358,1932,0,0,0,1.0,1,1.0,1,1.0,1,0.2707537342853462,40
1670,1,3291,1359,1932,0,0,0,1.0,1,1.0,1,1.0,1,0.28741127635840064,39
1671,2,3293,1360,1933,0,0,0,1.0,1,1.0,1,1.0,1,0.23250556744364734,39
1672,3,3296,1362,1934,0,0,0,1.0,1,1.0,1,1.0,1,0.2211999749907039,38
1673,0,3296,1362,1934,0,0,0,1.0,1,1.0,1,1.0,1,0.2211999749907039,38
1674,2,3298,1363,1935,0,0,0,1.0,1,1.0,1,1.0,1,0.18603137754002458,38
1675,2,3300,1364,1936,0,0,0,1.0,1,1.0,1,1.0,1,0.21912841724634496,39
1676,1,3301,1364,1937,0,0,0,1.0,1,1.0,1,1.0,1,0.20681139859879927,39
1677,0,3301,1364,1937,0,0,0,1.0,1,1.0,1,1.0,1,0.21372436433064793,40
1678,0,3301,1364,1937,0,0,0,1.0,1,1.0,1,1.0,1,0.20566234219246093,39
1679,0,3301,1364,1937,0,0,0,1.0,1,1.0,1,1.0,1,0.20566234219246093,39
1680,5,3306,1365,1941,0,0,0,1.0,1,1.0,1,1.0,1,0.2074216470721538,40
1681,0,3306,1365,1941,0,0,0,1.0,1,1.0,1,1.0,1,0.21254308831501617,41
1682,1,3307,1366,1941,0,0,0,1.0,1,1.0,1,1.0,1,0.21746935853054267,40
1683,1,3308,1367,1941,0,0,0,1.0,1,1.0,1,1.0,1,0.2163717356487369,43
1684,2,3310,1368,1942,0,0,0,1.0,1,1.0,1,1.0,1,0.1970750613977377,42
1685,1,3311,1369,1942,0,0,0,1.0,1,1.0,1,1.0,1,0.18326311527718717,41
1686,0,3311,1369,1942,0,0,0,1.0,1,1.0,1,1.0,1,0.21703537519267438,39
1687,6,3317,1373,1944,0,0,0,1.0,1,1.0,1,1.0,1,0.2126942907297719,41
1688,4,3321,1376,1945,0,0,0,1.0,1,1.0,1,1.0,1,0.2535591291974862,39
1689,4,3325,1378,1947,0,0,0,1.0,1,1.0,1,1.0,1,0.2825302599612997,37
1690,0,3325,1378,1947,0,0,0,1.0,1,1.0,1,1.0,1,0.3171188412834372,36
1691,5,3330,1380,1950,0,0,0,1.0,1,1.0,1,1.0,1,0.285853373834809,36
1692,0,3330,1380,1950,0,0,0,1.0,1,1.0,1,1.0,1,0.2628343719722066,34
1693,1,3331,1381,1950,0,0,0,1.0,1,1.0,1,1.0,1,0.27048358462289795,33
1694,0,3331,1381,1950,0,0,0,1.0,1,1.0,1,1.0,1,0.2804201273297098,32
1695,0,3331,1381,1950,0,0,0,1.0,1,1.0,1,1.0,1,0.27824505003056027,32
1696,4,3335,1383,1952,0,0,0,1.0,1,1.0,1,1.0,1,0.24324192531186675,34
1697,1,3336,1383,1953,0,0,0,1.0,1,1.0,1,1.0,1,0.23936111422309947,34
1698,2,3338,1385,1953,0,0,0,1.0,1,1.0,1,1.0,1,0.2637631006002938,36
1699,1,3339,1386,1953,0,0,0,1.0,1,1.0,1,1.0,1,0.2857448251392922,36
1700,4,3343,1387,1956,0,0,0,1.0,1,1.0,1,1.0,1,0.3048202878652849,37
1701,3,3346,1388,1958,0,0,0,1.0,1,1.0,1,1.0,1,0.2995268884948323,39
1702,1,3347,1389,1958,0,0,0,1.0,1,1.0,1,1.0,1,0.3163974673130323,39
1703,2,3349,1389,1960,0,0,0,1.0,1,1.0,1,1.0,1,0.3040042893228151,38
1704,2,3351,1391,1960,0,0,0,1.0,1,1.0,1,1.0,1,0.29550794885374215,38
1705,2,3353,1392,1961,0,0,0,1.0,1,1.0,1,1.0,1,0.2866105241400554,37
1706,1,3354,1393,1961,0,0,0,1.0,1,1.0,1,1.0,1,0.29973353479627257,37
1707,2,3356,1395,1961,0,0,0,1.0,1,1.0,1,1.0,1,0.3276974500025879,36
1708,1,3357,1396,1961,0,0,0,1.0,1,1.0,1,1.0,1,0.29900815437724443,34
1709,3,3360,1398,1962,0,0,0,1.0,1,1.0,1,1.0,1,0.3034390426119156,34
1710,7,3367,1400,1967,0,0,0,1.0,1,1.0,1,1.0,1,0.2998220456585412,33
1711,2,3369,1401,1968,0,0,0,1.0,1,1.0,1,1.0,1,0.27031721305522166,32
1712,1,3370,1402,1968,0,0,0,1.0,1,1.0,1,1.0,1,0.32275708532761016,31
1713,1,3371,1402,1969,0,0,0,1.0,1,1.0,1,1.0,1,0.3114189663415422,32
1714,0,3371,1402,1969,0,0,0,1.0,1,1.0,1,1.0,1,0.3114189663415422,32
1715,0,3371,1402,1969,0,0,0,1.0,1,1.0,1,1.0,1,0.3114189663415422,32
1716,1,3372,1402,1970,0,0,0,1.0,1,1.0,1,1.0,1,0.3024304196890148,34
1717,0,3372,1402,1970,0,0,0,1.0,1,1.0,1,1.0,1,0.3024304196890148,34
1718,2,3374,1402,1972,0,0,0,1.0,1,1.0,1,1.0,1,0.2748286172367062,34
1719,1,3375,1403,1972,0,0,0,1.0,1,1.0,1,1.0,1,0.3025670835957637,34
1720,0,3375,1403,1972,0,0,0,1.0,1,1.0,1,1.0,1,0.28376399282212283,34
1721,1,3376,1404,1972,0,0,0,1.0,1,1.0,1,1.0,1,0.2643716365442375,35
1722,0,3376,1404,1972,0,0,0,1.0,1,1.0,1,1.0,1,0.23475778041612652,35
1723,0,3376,1404,1972,0,0,0,1.0,1,1.0,1,1.0,1,0.25317496821006646,34
1724,1,3377,1405,1972,0,0,0,1.0,1,1.0,1,1.0,1,0.1831824099099908,33
1725,1,3378,1406,1972,0,0,0,1.0,1,1.0,1,1.0,1,0.24946981987047512,35
1726,0,3378,1406,1972,0,0,0,1.0,1,1.0,1,1.0,1,0.2500166111187645,34
1727,1,3379,1407,1972,0,0,0,1.0,1,1.0,1,1.0,1,0.29249324819270134,34
1728,1,3380,1407,1973,0,0,0,1.0,1,1.0,1,1.0,1,0.2758916380050385,35
1729,1,3381,1408,1973,0,0,0,1.0,1,1.0,1,1.0,1,0.3135208428590693,35
1730,2,3383,1409,1974,0,0,0,1.0,1,1.0,1,1.0,1,0.29401278150065663,35
1731,1,3384,1410,1974,0,0,0,1.0,1,1.0,1,1.0,1,0.3391755187192809,35
1732,1,3385,1410,1975,0,0,0,1.0,1,1.0,1,1.0,1,0.3290402795743055,35
1733,1,3386,1410,1976,0,0,0,1.0,1,1.0,1,1.0,1,0.3260249286424675,33
1734,2,3388,1412,1976,0,0,0,1.0,1,1.0,1,1.0,1,0.33117109042624726,34
1735,2,3390,1413,1977,0,0,0,1.0,1,1.0,1,1.0,1,0.33067643409118813,33
1736,5,3395,1417,1978,0,0,0,1.0,1,1.0,1,1.0,1,0.29844597517879484,33
1737,1,3396,1417,1979,0,0,0,1.0,1,1.0,1,1.0,1,0.30305714824196095,35
1738,2,3398,1418,1980,0,0,0,1.0,1,1.0,1,1.0,1,0.26077129371587854,36
1739,4,3402,1420,1982,0,0,0,1.0,1,1.0,1,1.0,1,0.27858346085460645,36
1740,0,3402,1420,1982,0,0,0,1.0,1,1.0,1,1.0,1,0.2921339882770444,37
1741,5,3407,1420,1987,0,0,0,1.0,1,1.0,1,1.0,1,0.17555873760369,36
1742,1,3408,1421,1987,0,0,0,1.0,1,1.0,1,1.0,1,0.15346793703379952,36
1743,1,3409,1422,1987,0,0,0,1.0,1,1.0,1,1.0,1,0.1562611354799874,37
1744,0,3409,1422,1987,0,0,0,1.0,1,1.0,1,1.0,1,0.1704880213714669,37
1745,6,3415,1426,1989,0,0,0,1.0,1,1.0,1,1.0,1,0.1983011091166836,38
1746,0,3415,1426,1989,0,0,0,1.0,1,1.0,1,1.0,1,0.1969749424416635,38
1747,1,3416,1427,1989,0,0,0,1.0,1,1.0,1,1.0,1,0.19442485901721077,37
1748,1,3417,1428,1989,0,0,0,1.0,1,1.0,1,1.0,1,0.1783575390632927,38
1749,0,3417,1428,1989,0,0,0,1.0,1,1.0,1,1.0,1,0.1783575390632927,38
1750,0,3417,1428,1989,0,0,0,1.0,1,1.0,1,1.0,1,0.19696042741008463,39
1751,0,3417,1428,1989,0,0,0,1.0,1,1.0,1,1.0,1,0.19097872652558165,41
1752,1,3418,1429,1989,0,0,0,1.0,1,1.0,1,1.0,1,0.18519966927476592,41
1753,2,3420,1430,1990,0,0,0,1.0,1,1.0,1,1.0,1,0.17910466429115093,41
1754,0,3420,1430,1990,0,0,0,1.0,1,1.0,1,1.0,1,0.17895840135751517,40
1755,1,3421,1431,1990,0,0,0,1.0,1,1.0,1,1.0,1,0.1806005961497445,41
1756,2,3423,1431,1992,0,0,0,1.0,1,1.0,1,1.0,1,0.17768422561376115,41
1757,0,3423,1431,1992,0,0,0,1.0,1,1.0,1,1.0,1,0.19636979599923368,40
1758,1,3424,1432,1992,0,0,0,1.0,1,1.0,1,1.0,1,0.22716416801045775,41
1759,1,3425,1433,1992,0,0,0,1.0,1,1.0,1,1.0,1,0.27148493696505954,38
1760,3,3428,1434,1994,0,0,0,1.0,1,1.0,1,1.0,1,0.28636472656280115,38
1761,3,3431,1435,1996,0,0,0,1.0,1,1.0,1,1.0,1,0.28073709315396284,37
1762,2,3433,1436,1997,0,0,0,1.0,1,1.0,1,1.0,1,0.2792155721098852,37
1763,4,3437,1440,1997,0,0,0,1.0,1,1.0,1,1.0,1,0.3479944052574629,37
1764,2,3439,1441,1998,0,0,0,1.0,1,1.0,1,1.0,1,0.29647026022206,36
1765,3,3442,1444,1998,0,0,0,1.0,1,1.0,1,1.0,1,0.3381847317963906,36
1766,3,3445,1445,2000,0,0,0,1.0,1,1.0,1,1.0,1,0.3359012445396981,37
1767,1,3446,1446,2000,0,0,0,1.0,1,1.0,1,1.0,1,0.35286232136795526,37
1768,2,3448,1447,2001,0,0,0,1.0,1,1.0,1,1.0,1,0.31148994270646646,37
1769,1,3449,1448,2001,0,0,0,1.0,1,1.0,1,1.0,1,0.29207428338832986,38
1770,1,3450,1449,2001,0,0,0,1.0,1,1.0,1,1.0,1,0.310571801386427,39
1771,2,3452,1449,2003,0,0,0,1.0,1,1.0,1,1.0,1,0.25586019278831307,39
1772,0,3452,1449,2003,0,0,0,1.0,1,1.0,1,1.0,1,0.25586019278831307,39
1773,1,3453,1450,2003,0,0,0,1.0,1,1.0,1,1.0,1,0.2656212946045345,41
1774,2,3455,1450,2005,0,0,0,1.0,1,1.0,1,1.0,1,0.2067113756667299,41
1775,1,3456,1450,2006,0,0,0,1.0,1,1.0,1,1.0,1,0.18690487441703674,42
1776,2,3458,1451,2007,0,0,0,1.0,1,1.0,1,1.0,1,0.2015037956420387,43
1777,0,3458,1451,2007,0,0,0,1.0,1,1.0,1,1.0,1,0.2015037956420387,43
1778,1,3459,1451,2008,0,0,0,1.0,1,1.0,1,1.0,1,0.19691114242625976,44
1779,1,3460,1451,2009,0,0,0,1.0,1,1.0,1,1.0,1,0.19335105376155526,46
1780,2,3462,1452,2010,0,0,0,1.0,1,1.0,1,1.0,1,0.19924694129665926,46
1781,0,3462,1452,2010,0,0,0,1.0,1,1.0,1,1.0,1,0.19924694129665926,46
1782,3,3465,1453,2012,0,0,0,1.0,1,1.0,1,1.0,1,0.24023499291181175,46
1783,2,3467,1455,2012,0,0,0,1.0,1,1.0,1,1.0,1,0.2515759899138696,44
1784,4,3471,1456,2015,0,0,0,1.0,1,1.0,1,1.0,1,0.1965959032085715,45
1785,2,3473,1457,2016,0,0,0,1.0,1,1.0,1,1.0,1,0.20948714241302124,42
1786,4,3477,1460,2017,0,0,0,1.0,1,1.0,1,1.0,1,0.25507660511776353,43
1787,1,3478,1461,2017,0,0,0,1.0,1,1.0,1,1.0,1,0.25794889093337753,41
1788,2,3480,1461,2019,0,0,0,1.0,1,1.0,1,1.0,1,0.25494676087982526,41
1789,2,3482,1462,2020,0,0,0,1.0,1,1.0,1,1.0,1,0.2766500409630727,41
1790,0,3482,1462,2020,0,0,0,1.0,1,1.0,1,1.0,1,0.27724365591329797,41
1791,0,3482,1462,2020,0,0,0,1.0,1,1.0,1,1.0,1,0.2733563524149972,40
1792,2,3484,1464,2020,0,0,0,1.0,1,1.0,1,1.0,1,0.2624726693294507,40
1793,2,3486,1465,2021,0,0,0,1.0,1,1.0,1,1.0,1,0.2810696551277139,41
1794,1,3487,1466,2021,0,0,0,1.0,1,1.0,1,1.0,1,0.2962798995539692,41
1795,4,3491,1470,2021,0,0,0,1.0,1,1.0,1,1.0,1,0.3126059915563557,40
1796,3,3494,1472,2022,0,0,0,1.0,1,1.0,1,1.0,1,0.3192758214092526,40
1797,2,3496,1473,2023,0,0,0,1.0,1,1.0,1,1.0,1,0.33712914161268676,37
1798,1,3497,1474,2023,0,0,0,1.0,1,1.0,1,1.0,1,0.3611182023416987,37
1799,2,3499,1474,2025,0,0,0,1.0,1,1.0,1,1.0,1,0.37088906588455245,36
1800,1,3500,1474,2026,0,0,0,1.0,1,1.0,1,1.0,1,0.3416111732113377,36
1801,1,3501,1475,2026,0,0,0,1.0,1,1.0,1,1.0,1,0.3567717427255009,34
1802,1,3502,1475,2027,0,0,0,1.0,1,1.0,1,1.0,1,0.2901236958872455,33
1803,2,3504,1476,2028,0,0,0,1.0,1,1.0,1,1.0,1,0.24387260372855987,33
1804,1,3505,1477,2028,0,0,0,1.0,1,1.0,1,1.0,1,0.24999471862305067,33
1805,0,3505,1477,2028,0,0,0,1.0,1,1.0,1,1.0,1,0.2583563247450693,35
1806,4,3509,1479,2030,0,0,0,1.0,1,1.0,1,1.0,1,0.2881203939350875,35
1807,2,3511,1479,2032,0,0,0,1.0,1,1.0,1,1.0,1,0.2680779251371884,35
1808,2,3513,1480,2033,0,0,0,1.0,1,1.0,1,1.0,1,0.2698654612890018,36
1809,1,3514,1480,2034,0,0,0,1.0,1,1.0,1,1.0,1,0.2352187957907992,36
1810,0,3514,1480,2034,0,0,0,1.0,1,1.0,1,1.0,1,0.2526669941047811,35
1811,0,3514,1480,2034,0,0,0,1.0,1,1.0,1,1.0,1,0.26456320105705455,36
1812,3,3517,1481,2036,0,0,0,1.0,1,1.0,1,1.0,1,0.25077006237030686,36
1813,1,3518,1482,2036,0,0,0,1.0,1,1.0,1,1.0,1,0.2535765891392097,36
1814,0,3518,1482,2036,0,0,0,1.0,1,1.0,1,1.0,1,0.24983676094290852,34
1815,0,3518,1482,2036,0,0,0,1.0,1,1.0,1,1.0,1,0.2626170412112979,35
1816,3,3521,1483,2038,0,0,0,1.0,1,1.0,1,1.0,1,0.2779469056532429,34
1817,2,3523,1484,2039,0,0,0,1.0,1,1.0,1,1.0,1,0.2546361047297586,34
1818,1,3524,1485,2039,0,0,0,1.0,1,1.0,1,1.0,1,0.24852425139190606,34
1819,3,3527,1487,2040,0,0,0,1.0,1,1.0,1,1.0,1,0.23253046953379045,35
1820,0,3527,1487,2040,0,0,0,1.0,1,1.0,1,1.0,1,0.2134638390783582,36
1821,1,3528,1488,2040,0,0,0,1.0,1,1.0,1,1.0,1,0.22103899482606684,36
1822,3,3531,1491,2040,0,0,0,1.0,1,1.0,1,1.0,1,0.26844989057034996,37
1823,6,3537,1494,2043,0,0,0,1.0,1,1.0,1,1.0,1,0.3042110451781119,38
1824,2,3539,1496,2043,0,0,0,1.0,1,1.0,1,1.0,1,0.3030047384481336,37
1825,5,3544,1498,2046,0,0,0,1.0,1,1.0,1,1.0,1,0.30275710458937366,36
1826,0,3544,1498,2046,0,0,0,1.0,1,1.0,1,1.0,1,0.3045870132829766,35
1827,2,3546,1499,2047,0,0,0,1.0,1,1.0,1,1.0,1,0.2781126877265033,35
1828,1,3547,1500,2047,0,0,0,1.0,1,1.0,1,1.0,1,0.29698523543025884,33
1829,1,3548,1500,2048,0,0,0,1.0,1,1.0,1,1.0,1,0.3075112905697015,32
1830,4,3552,1502,2050,0,0,0,1.0,1,1.0,1,1.0,1,0.3663853389319576,32
1831,2,3554,1502,2052,0,0,0,1.0,1,1.0,1,1.0,1,0.32739629301728695,30
1832,1,3555,1502,2053,0,0,0,1.0,1,1.0,1,1.0,1,0.2937091934736911,30
1833,2,3557,1502,2055,0,0,0,1.0,1,1.0,1,1.0,1,0.25610754401865465,29
1834,4,3561,1503,2058,0,0,0,1.0,1,1.0,1,1.0,1,0.21627427775270344,28
1835,2,3563,1504,2059,0,0,0,1.0,1,1.0,1,1.0,1,0.24581881030724187,28
1836,2,3565,1504,2061,0,0,0,1.0,1,1.0,1,1.0,1,0.2633809464240334,29
1837,3,3568,1504,2064,0,0,0,1.0,1,1.0,1,1.0,1,0.3242847013283297,28
1838,2,3570,1505,2065,0,0,0,1.0,1,1.0,1,1.0,1,0.33098899005198024,28
1839,1,3571,1505,2066,0,0,0,1.0,1,1.0,1,1.0,1,0.425382891725104,27
1840,1,3572,1505,2067,0,0,0,1.0,1,1.0,1,1.0,1,0.4604639026105486,26
1841,1,3573,1505,2068,0,0,0,1.0,1,1.0,1,1.0,1,0.46894705000464315,25
1842,4,3577,1506,2071,0,0,0,1.0,1,1.0,1,1.0,1,0.4508966381916,26
1843,2,3579,1506,2073,0,0,0,1.0,1,1.0,1,1.0,1,0.4508966381916,26
1844,2,3581,1507,2074,0,0,0,1.0,1,1.0,1,1.0,1,0.42096070584753886,26
1845,0,3581,1507,2074,0,0,0,1.0,1,1.0,1,1.0,1,0.42096070584753886,26
1846,4,3585,1509,2076,0,0,0,1.0,1,1.0,1,1.0,1,0.3651144930286795,26
1847,4,3589,1509,2080,0,0,0,1.0,1,1.0,1,1.0,1,0.24570489875774842,26
1848,0,3589,1509,2080,0,0,0,1.0,1,1.0,1,1.0,1,0.2699084355558184,27
1849,0,3589,1509,2080,0,0,0,1.0,1,1.0,1,1.0,1,0.2699084355558184,27
1850,1,3590,1509,2081,0,0,0,1.0,1,1.0,1,1.0,1,0.2547653485527329,28
1851,0,3590,1509,2081,0,0,0,1.0,1,1.0,1,1.0,1,0.2547653485527329,28
1852,0,3590,1509,2081,0,0,0,1.0,1,1.0,1,1.0,1,0.2547653485527329,28
1853,0,3590,1509,2081,0,0,0,1.0,1,1.0,1,1.0,1,0.2688429979265666,27
1854,0,3590,1509,2081,0,0,0,1.0,1,1.0,1,1.0,1,0.277401006431738,28
1855,0,3590,1509,2081,0,0,0,1.0,1,1.0,1,1.0,1,0.277401006431738,28
1856,0,3590,1509,2081,0,0,0,1.0,1,1.0,1,1.0,1,0.2688029891186049,30
1857,2,3592,1511,2081,0,0,0,1.0,1,1.0,1,1.0,1,0.3140245119840348,31
1858,4,3596,1514,2082,0,0,0,1.0,1,1.0,1,1.0,1,0.3225406302624911,31
1859,1,3597,1514,2083,0,0,0,1.0,1,1.0,1,1.0,1,0.31463358167301636,31
1860,0,3597,1514,2083,0,0,0,1.0,1,1.0,1,1.0,1,0.31463358167301636,31
1861,1,3598,1515,2083,0,0,0,1.0,1,1.0,1,1.0,1,0.33692254020041096,31
1862,2,3600,1516,2084,0,0,0,1.0,1,1.0,1,1.0,1,0.32531523093839765,31
1863,0,3600,1516,2084,0,0,0,1.0,1,1.0,1,1.0,1,0.3352370692737984,31
1864,2,3602,1518,2084,0,0,0,1.0,1,1.0,1,1.0,1,0.37063669378548636,30
1865,0,3602,1518,2084,0,0,0,1.0,1,1.0,1,1.0,1,0.36992800910458096,27
1866,2,3604,1520,2084,0,0,0,1.0,1,1.0,1,1.0,1,0.41691109100082085,28
1867,1,3605,1521,2084,0,0,0,1.0,1,1.0,1,1.0,1,0.43020256116534383,26
1868,0,3605,1521,2084,0,0,0,1.0,1,1.0,1,1.0,1,0.43020256116534383,26
1869,0,3605,1521,2084,0,0,0,1.0,1,1.0,1,1.0,1,0.43981921124826917,25
1870,1,3606,1522,2084,0,0,0,1.0,1,1.0,1,1.0,1,0.41318178278538215,25
1871,0,3606,1522,2084,0,0,0,1.0,1,1.0,1,1.0,1,0.42752690202957966,26
1872,0,3606,1522,2084,0,0,0,1.0,1,1.0,1,1.0,1,0.4175256887881067,25
1873,0,3606,1522,2084,0,0,0,1.0,1,1.0,1,1.0,1,0.46437441338165064,23
1874,2,3608,1523,2085,0,0,0,1.0,1,1.0,1,1.0,1,0.35035704075656854,23
1875,1,3609,1523,2086,0,0,0,1.0,1,1.0,1,1.0,1,0.4117033674186942,21
1876,5,3614,1524,2090,0,0,0,1.0,1,1.0,1,1.0,1,0.27561179712406036,24
1877,2,3616,1525,2091,0,0,0,1.0,1,1.0,1,1.0,1,0.3010811907643783,24
1878,0,3616,1525,2091,0,0,0,1.0,1,1.0,1,1.0,1,0.259077098156573,26
1879,0,3616,1525,2091,0,0,0,1.0,1,1.0,1,1.0,1,0.259077098156573,26
1880,1,3617,1525,2092,0,0,0,1.0,1,1.0,1,1.0,1,0.2152398348032348,26
1881,1,3618,1526,2092,0,0,0,1.0,1,1.0,1,1.0,1,0.23856741171675014,26
1882,0,3618,1526,2092,0,0,0,1.0,1,1.0,1,1.0,1,0.24013440315335977,25
1883,0,3618,1526,2092,0,0,0,1.0,1,1.0,1,1.0,1,0.24013440315335977,25
1884,0,3618,1526,2092,0,0,0,1.0,1,1.0,1,1.0,1,0.24013440315335977,25
1885,0,3618,1526,2092,0,0,0,1.0,1,1.0,1,1.0,1,0.24013440315335977,25
1886,0,3618,1526,2092,0,0,0,1.0,1,1.0,1,1.0,1,0.24584398102292762,26
1887,0,3618,1526,2092,0,0,0,1.0,1,1.0,1,1.0,1,0.24584398102292762,26
1888,1,3619,1527,2092,0,0,0,1.0,1,1.0,1,1.0,1,0.30925329021516246,27
1889,0,3619,1527,2092,0,0,0,1.0,1,1.0,1,1.0,1,0.3250388422952321,28
1890,0,3619,1527,2092,0,0,0,1.0,1,1.0,1,1.0,1,0.3250388422952321,28
1891,2,3621,1527,2094,0,0,0,1.0,1,1.0,1,1.0,1,0.302404509861046,29
1892,0,3621,1527,2094,0,0,0,1.0,1,1.0,1,1.0,1,0.302404509861046,29
1893,0,3621,1527,2094,0,0,0,1.0,1,1.0,1,1.0,1,0.302404509861046,29
1894,0,3621,1527,2094,0,0,0,1.0,1,1.0,1,1.0,1,0.302404509861046,29
1895,2,3623,1528,2095,0,0,0,1.0,1,1.0,1,1.0,1,0.287292328690005,31
1896,0,3623,1528,2095,0,0,0,1.0,1,1.0,1,1.0,1,0.287292328690005,31
1897,0,3623,1528,2095,0,0,0,1.0,1,1.0,1,1.0,1,0.287292328690005,31
1898,0,3623,1528,2095,0,0,0,1.0,1,1.0,1,1.0,1,0.287292328690005,31
1899,2,3625,1528,2097,0,0,0,1.0,1,1.0,1,1.0,1,0.27467339347842495,32
1900,0,3625,1528,2097,0,0,0,1.0,1,1.0,1,1.0,1,0.27467339347842495,32
1901,0,3625,1528,2097,0,0,0,1.0,1,1.0,1,1.0,1,0.27467339347842495,32
1902,1,3626,1529,2097,0,0,0,1.0,1,1.0,1,1.0,1,0.2992151534088683,32
1903,0,3626,1529,2097,0,0,0,1.0,1,1.0,1,1.0,1,0.2992151534088683,32
1904,0,3626,1529,2097,0,0,0,1.0,1,1.0,1,1.0,1,0.27125303242689053,34
1905,0,3626,1529,2097,0,0,0,1.0,1,1.0,1,1.0,1,0.27125303242689053,34
1906,0,3626,1529,2097,0,0,0,1.0,1,1.0,1,1.0,1,0.2831162275173752,35
1907,1,3627,1530,2097,0,0,0,1.0,1,1.0,1,1.0,1,0.2717582348622397,36
1908,1,3628,1530,2098,0,0,0,1.0,1,1.0,1,1.0,1,0.2495228829060705,36
1909,1,3629,1530,2099,0,0,0,1.0,1,1.0,1,1.0,1,0.2539498788037525,37
1910,1,3630,1531,2099,0,0,0,1.0,1,1.0,1,1.0,1,0.2804556442510835,38
1911,1,3631,1531,2100,0,0,0,1.0,1,1.0,1,1.0,1,0.24729458080550487,37
1912,1,3632,1532,2100,0,0,0,1.0,1,1.0,1,1.0,1,0.24108164106041907,37
1913,1,3633,1533,2100,0,0,0,1.0,1,1.0,1,1.0,1,0.21677370616636135,36
1914,1,3634,1533,2101,0,0,0,1.0,1,1.0,1,1.0,1,0.24133997132056967,37
1915,1,3635,1534,2101,0,0,0,1.0,1,1.0,1,1.0,1,0.2702644254550531,37
1916,3,3638,1536,2102,0,0,0,1.0,1,1.0,1,1.0,1,0.2376385466345361,39
1917,3,3641,1537,2104,0,0,0,1.0,1,1.0,1,1.0,1,0.20419291452261176,38
1918,1,3642,1538,2104,0,0,0,1.0,1,1.0,1,1.0,1,0.21121048710802365,38
1919,1,3643,1539,2104,0,0,0,1.0,1,1.0,1,1.0,1,0.25368228348906546,38
1920,1,3644,1539,2105,0,0,0,1.0,1,1.0,1,1.0,1,0.26042388068516076,39
1921,1,3645,1539,2106,0,0,0,1.0,1,1.0,1,1.0,1,0.2121353445481352,38
1922,3,3648,1541,2107,0,0,0,1.0,1,1.0,1,1.0,1,0.18173499971691673,39
1923,3,3651,1544,2107,0,0,0,1.0,1,1.0,1,1.0,1,0.2514015627189147,40
1924,3,3654,1544,2110,0,0,0,1.0,1,1.0,1,1.0,1,0.22855720887780234,40
1925,1,3655,1544,2111,0,0,0,1.0,1,1.0,1,1.0,1,0.23699514232606206,40
1926,0,3655,1544,2111,0,0,0,1.0,1,1.0,1,1.0,1,0.23699514232606206,40
1927,0,3655,1544,2111,0,0,0,1.0,1,1.0,1,1.0,1,0.20878355318603767,41
1928,1,3656,1545,2111,0,0,0,1.0,1,1.0,1,1.0,1,0.22044659488670645,41
1929,0,3656,1545,2111,0,0,0,1.0,1,1.0,1,1.0,1,0.22560176266867735,40
1930,0,3656,1545,2111,0,0,0,1.0,1,1.0,1,1.0,1,0.22560176266867735,40
1931,1,3657,1545,2112,0,0,0,1.0,1,1.0,1,1.0,1,0.18290191706389633,40
1932,0,3657,1545,2112,0,0,0,1.0,1,1.0,1,1.0,1,0.18290191706389633,40
1933,0,3657,1545,2112,0,0,0,1.0,1,1.0,1,1.0,1,0.2047938965763531,42
1934,0,3657,1545,2112,0,0,0,1.0,1,1.0,1,1.0,1,0.21647112151692888,44
1935,1,3658,1545,2113,0,0,0,1.0,1,1.0,1,1.0,1,0.20330479325644107,44
1936,5,3663,1547,2116,0,0,0,1.0,1,1.0,1,1.0,1,0.14128109030793579,46
1937,1,3664,1548,2116,0,0,0,1.0,1,1.0,1,1.0,1,0.12370843642608835,47
1938,2,3666,1548,2118,0,0,0,1.0,1,1.0,1,1.0,1,0.10265701392939397,47
1939,0,3666,1548,2118,0,0,0,1.0,1,1.0,1,1.0,1,0.10265701392939397,47
1940,1,3667,1549,2118,0,0,0,1.0,1,1.0,1,1.0,1,0.1286754673261274,47
1941,2,3669,1551,2118,0,0,0,1.0,1,1.0,1,1.0,1,0.143992479771815,47
1942,4,3673,1553,2120,0,0,0,1.0,1,1.0,1,1.0,1,0.22524652607805082,49
1943,3,3676,1555,2121,0,0,0,1.0,1,1.0,1,1.0,1,0.18915294671228805,47
1944,2,3678,1557,2121,0,0,0,1.0,1,1.0,1,1.0,1,0.24680964749845397,47
1945,4,3682,1560,2122,0,0,0,1.0,1,1.0,1,1.0,1,0.2277936963043905,45
1946,0,3682,1560,2122,0,0,0,1.0,1,1.0,1,1.0,1,0.25203711417547847,45
1947,5,3687,1563,2124,0,0,0,1.0,1,1.0,1,1.0,1,0.26626463939451434,45
1948,6,3693,1564,2129,0,0,0,1.0,1,1.0,1,1.0,1,0.2691872483773816,45
1949,4,3697,1566,2131,0,0,0,1.0,1,1.0,1,1.0,1,0.3385176375212984,42
1950,4,3701,1568,2133,0,0,0,1.0,1,1.0,1,1.0,1,0.3522549619347856,42
1951,6,3707,1569,2138,0,0,0,1.0,1,1.0,1,1.0,1,0.25688808259420576,38
1952,2,3709,1571,2138,0,0,0,1.0,1,1.0,1,1.0,1,0.2816686718117378,36
1953,1,3710,1571,2139,0,0,0,1.0,1,1.0,1,1.0,1,0.24266486180501018,35
1954,3,3713,1572,2141,0,0,0,1.0,1,1.0,1,1.0,1,0.2530508705968445,32
1955,1,3714,1572,2142,0,0,0,1.0,1,1.0,1,1.0,1,0.23535873377077046,33
1956,1,3715,1572,2143,0,0,0,1.0,1,1.0,1,1.0,1,0.2433961683344381,31
1957,1,3716,1573,2143,0,0,0,1.0,1,1.0,1,1.0,1,0.237021787387394,33
1958,3,3719,1575,2144,0,0,0,1.0,1,1.0,1,1.0,1,0.1882506800316341,34
1959,0,3719,1575,2144,0,0,0,1.0,1,1.0,1,1.0,1,0.16401858692346688,35
1960,1,3720,1576,2144,0,0,0,1.0,1,1.0,1,1.0,1,0.1871975757276477,36
1961,0,3720,1576,2144,0,0,0,1.0,1,1.0,1,1.0,1,0.17612565772702293,36
1962,0,3720,1576,2144,0,0,0,1.0,1,1.0,1,1.0,1,0.20801352630937098,35
1963,1,3721,1576,2145,0,0,0,1.0,1,1.0,1,1.0,1,0.20401871525756304,36
1964,2,3723,1578,2145,0,0,0,1.0,1,1.0,1,1.0,1,0.20637947441118712,35
1965,0,3723,1578,2145,0,0,0,1.0,1,1.0,1,1.0,1,0.18527379372920627,36
1966,1,3724,1579,2145,0,0,0,1.0,1,1.0,1,1.0,1,0.1773819817883882,36
1967,1,3725,1580,2145,0,0,0,1.0,1,1.0,1,1.0,1,0.20201702543245165,36
1968,0,3725,1580,2145,0,0,0,1.0,1,1.0,1,1.0,1,0.2130641474007456,37
1969,1,3726,1581,2145,0,0,0,1.0,1,1.0,1,1.0,1,0.22868449003631344,37
1970,1,3727,1582,2145,0,0,0,1.0,1,1.0,1,1.0,1,0.2560166563340232,38
1971,0,3727,1582,2145,0,0,0,1.0,1,1.0,1,1.0,1,0.2763917060672163,37
1972,0,3727,1582,2145,0,0,0,1.0,1,1.0,1,1.0,1,0.2763917060672163,37
1973,2,3729,1583,2146,0,0,0,1.0,1,1.0,1,1.0,1,0.30127872011147955,37
1974,2,3731,1584,2147,0,0,0,1.0,1,1.0,1,1.0,1,0.3107291866406447,38
1975,1,3732,1584,2148,0,0,0,1.0,1,1.0,1,1.0,1,0.3048605316688563,37
1976,4,3736,1586,2150,0,0,0,1.0,1,1.0,1,1.0,1,0.3039432735650685,39
1977,2,3738,1587,2151,0,0,0,1.0,1,1.0,1,1.0,1,0.31152822129330526,42
1978,3,3741,1589,2152,0,0,0,1.0,1,1.0,1,1.0,1,0.3140706614884944,42
1979,1,3742,1589,2153,0,0,0,1.0,1,1.0,1,1.0,1,0.31707075000662693,42
1980,0,3742,1589,2153,0,0,0,1.0,1,1.0,1,1.0,1,0.3226724907214865,43
1981,3,3745,1589,2156,0,0,0,1.0,1,1.0,1,1.0,1,0.26517487590495725,44
1982,4,3749,1590,2159,0,0,0,1.0,1,1.0,1,1.0,1,0.21919292658505377,44
1983,1,3750,1591,2159,0,0,0,1.0,1,1.0,1,1.0,1,0.2059128006141019,44
1984,1,3751,1592,2159,0,0,0,1.0,1,1.0,1,1.0,1,0.22970385107238522,42
1985,2,3753,1594,2159,0,0,0,1.0,1,1.0,1,1.0,1,0.200375793047344,41
1986,3,3756,1596,2160,0,0,0,1.0,1,1.0,1,1.0,1,0.20022451711510017,40
1987,2,3758,1598,2160,0,0,0,1.0,1,1.0,1,1.0,1,0.236571957789742,37
1988,2,3760,1600,2160,0,0,0,1.0,1,1.0,1,1.0,1,0.34370774167695933,35
1989,3,3763,1602,2161,0,0,0,1.0,1,1.0,1,1.0,1,0.3935001763613575,32
1990,3,3766,1604,2162,0,0,0,1.0,1,1.0,1,1.0,1,0.4057571104268204,31
1991,1,3767,1605,2162,0,0,0,1.0,1,1.0,1,1.0,1,0.43790502690691435,32
1992,0,3767,1605,2162,0,0,0,1.0,1,1.0,1,1.0,1,0.43790502690691435,32
1993,0,3767,1605,2162,0,0,0,1.0,1,1.0,1,1.0,1,0.43119792129853346,32
1994,0,3767,1605,2162,0,0,0,1.0,1,1.0,1,1.0,1,0.4259697004990694,31
1995,1,3768,1605,2163,0,0,0,1.0,1,1.0,1,1.0,1,0.3818872038448723,32
1996,2,3770,1605,2165,0,0,0,1.0,1,1.0,1,1.0,1,0.32076198177358173,32
1997,2,3772,1605,2167,0,0,0,1.0,1,1.0,1,1.0,1,0.29442509749835294,31
1998,0,3772,1605,2167,0,0,0,1.0,1,1.0,1,1.0,1,0.2876218970919956,32
1999,0,3772,1605,2167,0,0,0,1.0,1,1.0,1,1.0,1,0.3253311812483328,31
2000,0,3772,1605,2167,0,0,0,1.0,1,1.0,1,1.0,1,0.3377898229724541,30
2001,1,3773,1605,2168,0,0,0,1.0,1,1.0,1,1.0,1,0.33675269190399837,29
2002,1,3774,1605,2169,0,0,0,1.0,1,1.0,1,1.0,1,0.34437291897839234,31
2003,2,3776,1606,2170,0,0,0,1.0,1,1.0,1,1.0,1,0.37367710957909905,33
2004,4,3780,1607,2173,0,0,0,1.0,1,1.0,1,1.0,1,0.33694884453257795,34
2005,3,3783,1607,2176,0,0,0,1.0,1,1.0,1,1.0,1,0.29102169561886193,35
2006,3,3786,1608,2178,0,0,0,1.0,1,1.0,1,1.0,1,0.2894063038995004,36
2007,0,3786,1608,2178,0,0,0,1.0,1,1.0,1,1.0,1,0.2894063038995004,36
2008,4,3790,1610,2180,0,0,0,1.0,1,1.0,1,1.0,1,0.2843309880330407,36
2009,0,3790,1610,2180,0,0,0,1.0,1,1.0,1,1.0,1,0.2661668376745874,37
2010,1,3791,1611,2180,0,0,0,1.0,1,1.0,1,1.0,1,0.28555191222539883,37
2011,2,3793,1611,2182,0,0,0,1.0,1,1.0,1,1.0,1,0.2463279555340793,37
2012,2,3795,1611,2184,0,0,0,1.0,1,1.0,1,1.0,1,0.18953173867423975,37
2013,1,3796,1611,2185,0,0,0,1.0,1,1.0,1,1.0,1,0.2071319912057045,39
2014,1,3797,1611,2186,0,0,0,1.0,1,1.0,1,1.0,1,0.2161676759575695,39
2015,0,3797,1611,2186,0,0,0,1.0,1,1.0,1,1.0,1,0.2161676759575695,39
2016,1,3798,1611,2187,0,0,0,1.0,1,1.0,1,1.0,1,0.18549418853081318,41
2017,1,3799,1611,2188,0,0,0,1.0,1,1.0,1,1.0,1,0.16399943922551255,41
2018,4,3803,1613,2190,0,0,0,1.0,1,1.0,1,1.0,1,0.18704901856721398,42
2019,0,3803,1613,2190,0,0,0,1.0,1,1.0,1,1.0,1,0.16780789366140236,43
2020,3,3806,1615,2191,0,0,0,1.0,1,1.0,1,1.0,1,0.17991814445195142,43
2021,2,3808,1616,2192,0,0,0,1.0,1,1.0,1,1.0,1,0.15540985221358852,43
2022,0,3808,1616,2192,0,0,0,1.0,1,1.0,1,1.0,1,0.15839426410618024,44
2023,3,3811,1619,2192,0,0,0,1.0,1,1.0,1,1.0,1,0.2174959361546077,42
2024,2,3813,1620,2193,0,0,0,1.0,1,1.0,1,1.0,1,0.23305298251456846,41
2025,4,3817,1623,2194,0,0,0,1.0,1,1.0,1,1.0,1,0.2519650882725478,39
2026,2,3819,1624,2195,0,0,0,1.0,1,1.0,1,1.0,1,0.24849711830896676,39
2027,4,3823,1626,2197,0,0,0,1.0,1,1.0,1,1.0,1,0.3132220526560338,38
2028,2,3825,1626,2199,0,0,0,1.0,1,1.0,1,1.0,1,0.32469482698422036,37
2029,0,3825,1626,2199,0,0,0,1.0,1,1.0,1,1.0,1,0.308399191161321,35
2030,0,3825,1626,2199,0,0,0,1.0,1,1.0,1,1.0,1,0.32374425538030055,32
2031,4,3829,1627,2202,0,0,0,1.0,1,1.0,1,1.0,1,0.2721068677145136,34
2032,1,3830,1628,2202,0,0,0,1.0,1,1.0,1,1.0,1,0.31248655125503,35
2033,7,3837,1633,2204,0,0,0,1.0,1,1.0,1,1.0,1,0.2661423183054166,35
2034,0,3837,1633,2204,0,0,0,1.0,1,1.0,1,1.0,1,0.28639891223447356,35
2035,3,3840,1635,2205,0,0,0,1.0,1,1.0,1,1.0,1,0.2955800555051709,36
2036,0,3840,1635,2205,0,0,0,1.0,1,1.0,1,1.0,1,0.3051662131672847,35
2037,2,3842,1636,2206,0,0,0,1.0,1,1.0,1,1.0,1,0.30455743278262576,36
2038,1,3843,1637,2206,0,0,0,1.0,1,1.0,1,1.0,1,0.2990804158214858,38
2039,1,3844,1638,2206,0,0,0,1.0,1,1.0,1,1.0,1,0.3185301996522652,38
2040,0,3844,1638,2206,0,0,0,1.0,1,1.0,1,1.0,1,0.30122587431494086,37
2041,4,3848,1639,2209,0,0,0,1.0,1,1.0,1,1.0,1,0.2632609032829223,38
2042,1,3849,1639,2210,0,0,0,1.0,1,1.0,1,1.0,1,0.24033317158162198,38
2043,0,3849,1639,2210,0,0,0,1.0,1,1.0,1,1.0,1,0.24033317158162198,38
2044,0,3849,1639,2210,0,0,0,1.0,1,1.0,1,1.0,1,0.23196217861956053,39
2045,2,3851,1639,2212,0,0,0,1.0,1,1.0,1,1.0,1,0.212491223991663,40
2046,2,3853,1639,2214,0,0,0,1.0,1,1.0,1,1.0,1,0.1763200094538687,41
2047,1,3854,1639,2215,0,0,0,1.0,1,1.0,1,1.0,1,0.15536117659122053,41
2048,1,3855,1639,2216,0,0,0,1.0,1,1.0,1,1.0,1,0.17970905561356346,43
2049,1,3856,1640,2216,0,0,0,1.0,1,1.0,1,1.0,1,0.17594886500648058,43
2050,1,3857,1640,2217,0,0,0,1.0,1,1.0,1,1.0,1,0.15097902391249293,43
2051,2,3859,1641,2218,0,0,0,1.0,1,1.0,1,1.0,1,0.19036714889090064,43
2052,0,3859,1641,2218,0,0,0,1.0,1,1.0,1,1.0,1,0.18865230324555302,44
2053,1,3860,1642,2218,0,0,0,1.0,1,1.0,1,1.0,1,0.23217530539759385,43
2054,1,3861,1643,2218,0,0,0,1.0,1,1.0,1,1.0,1,0.2210459385136291,44
2055,1,3862,1643,2219,0,0,0,1.0,1,1.0,1,1.0,1,0.2350630722415053,43
2056,5,3867,1644,2223,0,0,0,1.0,1,1.0,1,1.0,1,0.1836279982610946,44
2057,3,3870,1646,2224,0,0,0,1.0,1,1.0,1,1.0,1,0.17756625854914979,44
2058,2,3872,1648,2224,0,0,0,1.0,1,1.0,1,1.0,1,0.17835986969347414,44
2059,1,3873,1648,2225,0,0,0,1.0,1,1.0,1,1.0,1,0.1647302240024697,45
2060,0,3873,1648,2225,0,0,0,1.0,1,1.0,1,1.0,1,0.16494483728114115,46
2061,4,3877,1650,2227,0,0,0,1.0,1,1.0,1,1.0,1,0.18226953561186812,48
2062,1,3878,1651,2227,0,0,0,1.0,1,1.0,1,1.0,1,0.18754141441961436,48
2063,0,3878,1651,2227,0,0,0,1.0,1,1.0,1,1.0,1,0.1825436696158755,45
2064,2,3880,1653,2227,0,0,0,1.0,1,1.0,1,1.0,1,0.23620309777684476,44
2065,1,3881,1654,2227,0,0,0,1.0,1,1.0,1,1.0,1,0.22977952360251203,42
2066,5,3886,1659,2227,0,0,0,1.0,1,1.0,1,1.0,1,0.3664520735402771,42
2067,4,3890,1660,2230,0,0,0,1.0,1,1.0,1,1.0,1,0.3070063396251372,38
2068,0,3890,1660,2230,0,0,0,1.0,1,1.0,1,1.0,1,0.3157172387528452,37
2069,0,3890,1660,2230,0,0,0,1.0,1,1.0,1,1.0,1,0.3154441062381326,35
2070,1,3891,1661,2230,0,0,0,1.0,1,1.0,1,1.0,1,0.3311156440687673,35
2071,2,3893,1662,2231,0,0,0,1.0,1,1.0,1,1.0,1,0.34602052464078237,34
2072,6,3899,1663,2236,0,0,0,1.0,1,1.0,1,1.0,1,0.31725551763341203,35
2073,1,3900,1663,2237,0,0,0,1.0,1,1.0,1,1.0,1,0.30067807034364186,37
2074,0,3900,1663,2237,0,0,0,1.0,1,1.0,1,1.0,1,0.28502382856250064,36
2075,1,3901,1663,2238,0,0,0,1.0,1,1.0,1,1.0,1,0.26076567747063195,38
2076,0,3901,1663,2238,0,0,0,1.0,1,1.0,1,1.0,1,0.24519143756427839,37
2077,0,3901,1663,2238,0,0,0,1.0,1,1.0,1,1.0,1,0.24519143756427839,37
2078,0,3901,1663,2238,0,0,0,1.0,1,1.0,1,1.0,1,0.24519143756427839,37
2079,1,3902,1664,2238,0,0,0,1.0,1,1.0,1,1.0,1,0.245230537272282,37
2080,1,3903,1664,2239,0,0,0,1.0,1,1.0,1,1.0,1,0.22136653736161346,36
2081,3,3906,1664,2242,0,0,0,1.0,1,1.0,1,1.0,1,0.21037196439531672,37
2082,3,3909,1666,2243,0,0,0,1.0,1,1.0,1,1.0,1,0.22153512904921926,38
2083,1,3910,1666,2244,0,0,0,1.0,1,1.0,1,1.0,1,0.2148360268288001,39
2084,2,3912,1667,2245,0,0,0,1.0,1,1.0,1,1.0,1,0.24227494309061257,41
2085,3,3915,1669,2246,0,0,0,1.0,1,1.0,1,1.0,1,0.30214179248862494,41
2086,4,3919,1669,2250,0,0,0,1.0,1,1.0,1,1.0,1,0.24237486333842698,44
2087,1,3920,1669,2251,0,0,0,1.0,1,1.0,1,1.0,1,0.2226422935304939,44
2088,0,3920,1669,2251,0,0,0,1.0,1,1.0,1,1.0,1,0.22246498183876967,45
2089,0,3920,1669,2251,0,0,0,1.0,1,1.0,1,1.0,1,0.21588293881366583,46
2090,0,3920,1669,2251,0,0,0,1.0,1,1.0,1,1.0,1,0.22885849654774407,47
2091,2,3922,1670,2252,0,0,0,1.0,1,1.0,1,1.0,1,0.19666881674366388,48
2092,3,3925,1673,2252,0,0,0,1.0,1,1.0,1,1.0,1,0.17812074120228133,48
2093,1,3926,1673,2253,0,0,0,1.0,1,1.0,1,1.0,1,0.15709220330882118,48
2094,0,3926,1673,2253,0,0,0,1.0,1,1.0,1,1.0,1,0.14940757906319224,47
2095,2,3928,1673,2255,0,0,0,1.0,1,1.0,1,1.0,1,0.13804009528009778,49
2096,1,3929,1674,2255,0,0,0,1.0,1,1.0,1,1.0,1,0.1595072097931059,50
2097,0,3929,1674,2255,0,0,0,1.0,1,1.0,1,1.0,1,0.1595072097931059,50
2098,0,3929,1674,2255,0,0,0,1.0,1,1.0,1,1.0,1,0.1775064376089363,51
2099,0,3929,1674,2255,0,0,0,1.0,1,1.0,1,1.0,1,0.18997209650697597,50
2100,2,3931,1676,2255,0,0,0,1.0,1,1.0,1,1.0,1,0.22635186270544239,49
2101,5,3936,1677,2259,0,0,0,1.0,1,1.0,1,1.0,1,0.2183520463470708,48
2102,4,3940,1680,2260,0,0,0,1.0,1,1.0,1,1.0,1,0.2904704575932091,49
2103,3,3943,1682,2261,0,0,0,1.0,1,1.0,1,1.0,1,0.2683122157375688,44
2104,2,3945,1684,2261,0,0,0,1.0,1,1.0,1,1.0,1,0.35152754928354124,42
2105,2,3947,1685,2262,0,0,0,1.0,1,1.0,1,1.0,1,0.3504329443490865,40
2106,2,3949,1686,2263,0,0,0,1.0,1,1.0,1,1.0,1,0.4003734374419131,39
2107,0,3949,1686,2263,0,0,0,1.0,1,1.0,1,1.0,1,0.37838842513900456,37
2108,2,3951,1687,2264,0,0,0,1.0,1,1.0,1,1.0,1,0.3455441632620124,37
2109,2,3953,1689,2264,0,0,0,1.0,1,1.0,1,1.0,1,0.3654197514105034,36
2110,0,3953,1689,2264,0,0,0,1.0,1,1.0,1,1.0,1,0.3696043230844798,35
2111,1,3954,1690,2264,0,0,0,1.0,1,1.0,1,1.0,1,0.34028654765745925,35
2112,0,3954,1690,2264,0,0,0,1.0,1,1.0,1,1.0,1,0.34028654765745925,35
2113,0,3954,1690,2264,0,0,0,1.0,1,1.0,1,1.0,1,0.3404555034878059,35
2114,2,3956,1692,2264,0,0,0,1.0,1,1.0,1,1.0,1,0.34348612205487505,36
2115,2,3958,1693,2265,0,0,0,1.0,1,1.0,1,1.0,1,0.3183806471846842,37
2116,6,3964,1695,2269,0,0,0,1.0,1,1.0,1,1.0,1,0.2466545747665173,39
2117,1,3965,1695,2270,0,0,0,1.0,1,1.0,1,1.0,1,0.22401291799403972,39
2118,0,3965,1695,2270,0,0,0,1.0,1,1.0,1,1.0,1,0.2363626941166358,41
2119,2,3967,1696,2271,0,0,0,1.0,1,1.0,1,1.0,1,0.20228721625140045,42
2120,1,3968,1696,2272,0,0,0,1.0,1,1.0,1,1.0,1,0.18123736006260335,42
2121,3,3971,1697,2274,0,0,0,1.0,1,1.0,1,1.0,1,0.12494523062890364,42
2122,2,3973,1698,2275,0,0,0,1.0,1,1.0,1,1.0,1,0.1586410027504659,43
2123,1,3974,1698,2276,0,0,0,1.0,1,1.0,1,1.0,1,0.16228725300566202,42
2124,0,3974,1698,2276,0,0,0,1.0,1,1.0,1,1.0,1,0.16228725300566202,42
2125,0,3974,1698,2276,0,0,0,1.0,1,1.0,1,1.0,1,0.17313702903881373,41
2126,0,3974,1698,2276,0,0,0,1.0,1,1.0,1,1.0,1,0.17313702903881373,41
2127,0,3974,1698,2276,0,0,0,1.0,1,1.0,1,1.0,1,0.17313702903881373,41
2128,0,3974,1698,2276,0,0,0,1.0,1,1.0,1,1.0,1,0.17889597977592916,42
2129,0,3974,1698,2276,0,0,0,1.0,1,1.0,1,1.0,1,0.2121763664411276,43
2130,0,3974,1698,2276,0,0,0,1.0,1,1.0,1,1.0,1,0.21212023617341494,45
2131,5,3979,1700,2279,0,0,0,1.0,1,1.0,1,1.0,1,0.19610380180486006,44
2132,0,3979,1700,2279,0,0,0,1.0,1,1.0,1,1.0,1,0.19610380180486006,44
2133,1,3980,1700,2280,0,0,0,1.0,1,1.0,1,1.0,1,0.20062843952372567,45
2134,0,3980,1700,2280,0,0,0,1.0,1,1.0,1,1.0,1,0.20062843952372567,45
2135,1,3981,1700,2281,0,0,0,1.0,1,1.0,1,1.0,1,0.19411502332423722,46
2136,2,3983,1701,2282,0,0,0,1.0,1,1.0,1,1.0,1,0.15070093992004915,47
2137,3,3986,1703,2283,0,0,0,1.0,1,1.0,1,1.0,1,0.12864089416442986,47
2138,1,3987,1704,2283,0,0,0,1.0,1,1.0,1,1.0,1,0.17052372987595707,45
2139,1,3988,1704,2284,0,0,0,1.0,1,1.0,1,1.0,1,0.1391137703706551,45
2140,1,3989,1705,2284,0,0,0,1.0,1,1.0,1,1.0,1,0.17684953184966626,44
2141,1,3990,1706,2284,0,0,0,1.0,1,1.0,1,1.0,1,0.17981695595934802,45
2142,3,3993,1709,2284,0,0,0,1.0,1,1.0,1,1.0,1,0.21106081922322167,46
2143,1,3994,1710,2284,0,0,0,1.0,1,1.0,1,1.0,1,0.1947263243707486,46
2144,4,3998,1712,2286,0,0,0,1.0,1,1.0,1,1.0,1,0.1974991019205961,48
2145,6,4004,1717,2287,0,0,0,1.0,1,1.0,1,1.0,1,0.20983414634401662,46
2146,7,4011,1720,2291,0,0,0,1.0,1,1.0,1,1.0,1,0.13262080365094356,45
2147,3,4014,1723,2291,0,0,0,1.0,1,1.0,1,1.0,1,0.13992563095962302,44
2148,3,4017,1726,2291,0,0,0,1.0,1,1.0,1,1.0,1,0.20934514747713723,44
2149,3,4020,1728,2292,0,0,0,1.0,1,1.0,1,1.0,1,0.21463205041603306,42
2150,1,4021,1729,2292,0,0,0,1.0,1,1.0,1,1.0,1,0.16793532286586144,40
2151,1,4022,1730,2292,0,0,0,1.0,1,1.0,1,1.0,1,0.30713811720445466,39
2152,1,4023,1730,2293,0,0,0,1.0,1,1.0,1,1.0,1,0.3068907766300003,40
2153,1,4024,1730,2294,0,0,0,1.0,1,1.0,1,1.0,1,0.29871665493210403,42
2154,3,4027,1731,2296,0,0,0,1.0,1,1.0,1,1.0,1,0.3203303322534988,42
2155,2,4029,1733,2296,0,0,0,1.0,1,1.0,1,1.0,1,0.3217658301686018,41
2156,0,4029,1733,2296,0,0,0,1.0,1,1.0,1,1.0,1,0.33183330492926927,40
2157,1,4030,1734,2296,0,0,0,1.0,1,1.0,1,1.0,1,0.35932856724128864,40
2158,0,4030,1734,2296,0,0,0,1.0,1,1.0,1,1.0,1,0.3963160892101213,38
2159,0,4030,1734,2296,0,0,0,1.0,1,1.0,1,1.0,1,0.392626662449619,38
2160,1,4031,1735,2296,0,0,0,1.0,1,1.0,1,1.0,1,0.3700361848144478,38
2161,5,4036,1737,2299,0,0,0,1.0,1,1.0,1,1.0,1,0.281574334078076,38
2162,4,4040,1738,2302,0,0,0,1.0,1,1.0,1,1.0,1,0.2391987215544277,38
2163,3,4043,1739,2304,0,0,0,1.0,1,1.0,1,1.0,1,0.1842899754590206,40
2164,1,4044,1740,2304,0,0,0,1.0,1,1.0,1,1.0,1,0.24961636418396335,41
2165,2,4046,1740,2306,0,0,0,1.0,1,1.0,1,1.0,1,0.2432473234709825,42
2166,0,4046,1740,2306,0,0,0,1.0,1,1.0,1,1.0,1,0.2432473234709825,42
2167,1,4047,1740,2307,0,0,0,1.0,1,1.0,1,1.0,1,0.19540336279595807,43
2168,0,4047,1740,2307,0,0,0,1.0,1,1.0,1,1.0,1,0.17257476955739254,43
2169,0,4047,1740,2307,0,0,0,1.0,1,1.0,1,1.0,1,0.20355761171840386,45
2170,1,4048,1741,2307,0,0,0,1.0,1,1.0,1,1.0,1,0.21053850383326114,46
2171,1,4049,1741,2308,0,0,0,1.0,1,1.0,1,1.0,1,0.19000443828099356,48
2172,1,4050,1741,2309,0,0,0,1.0,1,1.0,1,1.0,1,0.18390408568871977,49
2173,0,4050,1741,2309,0,0,0,1.0,1,1.0,1,1.0,1,0.18390408568871977,49
2174,2,4052,1742,2310,0,0,0,1.0,1,1.0,1,1.0,1,0.1449294178510024,49
2175,1,4053,1742,2311,0,0,0,1.0,1,1.0,1,1.0,1,0.12769377918469718,49
2176,3,4056,1744,2312,0,0,0,1.0,1,1.0,1,1.0,1,0.1561778154642246,51
2177,3,4059,1746,2313,0,0,0,1.0,1,1.0,1,1.0,1,0.17490086647074238,51
2178,0,4059,1746,2313,0,0,0,1.0,1,1.0,1,1.0,1,0.15636774045769436,50
2179,2,4061,1747,2314,0,0,0,1.0,1,1.0,1,1.0,1,0.11384480442760561,49
2180,1,4062,1748,2314,0,0,0,1.0,1,1.0,1,1.0,1,0.13868883863917245,47
2181,2,4064,1749,2315,0,0,0,1.0,1,1.0,1,1.0,1,0.14686321708491204,47
2182,5,4069,1752,2317,0,0,0,1.0,1,1.0,1,1.0,1,0.2248972080681658,45
2183,6,4075,1756,2319,0,0,0,1.0,1,1.0,1,1.0,1,0.2756305636881257,44
2184,4,4079,1757,2322,0,0,0,1.0,1,1.0,1,1.0,1,0.3024334568621235,43
2185,2,4081,1758,2323,0,0,0,1.0,1,1.0,1,1.0,1,0.30947418538379323,40
2186,3,4084,1761,2323,0,0,0,1.0,1,1.0,1,1.0,1,0.4082650994094482,38
2187,2,4086,1762,2324,0,0,0,1.0,1,1.0,1,1.0,1,0.37894590061832967,35
2188,3,4089,1764,2325,0,0,0,1.0,1,1.0,1,1.0,1,0.3873313995472373,34
2189,1,4090,1765,2325,0,0,0,1.0,1,1.0,1,1.0,1,0.37807612464571966,31
2190,2,4092,1767,2325,0,0,0,1.0,1,1.0,1,1.0,1,0.4127470006792142,29
2191,9,4101,1768,2333,0,0,0,1.0,1,1.0,1,1.0,1,0.19681044636550174,28
2192,2,4103,1770,2333,0,0,0,1.0,1,1.0,1,1.0,1,0.27642173330106967,29
2193,0,4103,1770,2333,0,0,0,1.0,1,1.0,1,1.0,1,0.31149726748956075,28
2194,0,4103,1770,2333,0,0,0,1.0,1,1.0,1,1.0,1,0.32092823974720847,27
2195,3,4106,1773,2333,0,0,0,1.0,1,1.0,1,1.0,1,0.38704911420314186,27
2196,1,4107,1774,2333,0,0,0,1.0,1,1.0,1,1.0,1,0.4367915322899228,27
2197,0,4107,1774,2333,0,0,0,1.0,1,1.0,1,1.0,1,0.4367915322899228,27
2198,0,4107,1774,2333,0,0,0,1.0,1,1.0,1,1.0,1,0.41294952296346005,28
2199,1,4108,1775,2333,0,0,0,1.0,1,1.0,1,1.0,1,0.4115532662561,29
2200,0,4108,1775,2333,0,0,0,1.0,1,1.0,1,1.0,1,0.423960189013646,31
2201,2,4110,1777,2333,0,0,0,1.0,1,1.0,1,1.0,1,0.3640410085123901,32
2202,0,4110,1777,2333,0,0,0,1.0,1,1.0,1,1.0,1,0.3609159462820857,31
2203,1,4111,1777,2334,0,0,0,1.0,1,1.0,1,1.0,1,0.3364284725050505,32
2204,1,4112,1778,2334,0,0,0,1.0,1,1.0,1,1.0,1,0.33313670803349693,32
2205,2,4114,1779,2335,0,0,0,1.0,1,1.0,1,1.0,1,0.30721730682559667,33
2206,2,4116,1779,2337,0,0,0,1.0,1,1.0,1,1.0,1,0.2828859362090874,32
2207,1,4117,1779,2338,0,0,0,1.0,1,1.0,1,1.0,1,0.2626112602272588,33
2208,0,4117,1779,2338,0,0,0,1.0,1,1.0,1,1.0,1,0.23495308066333023,35
2209,5,4122,1780,2342,0,0,0,1.0,1,1.0,1,1.0,1,0.21286149638490473,36
2210,2,4124,1781,2343,0,0,0,1.0,1,1.0,1,1.0,1,0.23826230809430668,35
2211,0,4124,1781,2343,0,0,0,1.0,1,1.0,1,1.0,1,0.25326486630712874,36
2212,1,4125,1781,2344,0,0,0,1.0,1,1.0,1,1.0,1,0.23256371140750437,37
2213,4,4129,1783,2346,0,0,0,1.0,1,1.0,1,1.0,1,0.2244909802621434,37
2214,3,4132,1784,2348,0,0,0,1.0,1,1.0,1,1.0,1,0.2331648849860047,39
2215,2,4134,1786,2348,0,0,0,1.0,1,1.0,1,1.0,1,0.2891109184663806,36
2216,2,4136,1788,2348,0,0,0,1.0,1,1.0,1,1.0,1,0.3379077926782134,37
2217,1,4137,1788,2349,0,0,0,1.0,1,1.0,1,1.0,1,0.3007581145854504,35
2218,2,4139,1790,2349,0,0,0,1.0,1,1.0,1,1.0,1,0.3549865656049146,35
2219,1,4140,1790,2350,0,0,0,1.0,1,1.0,1,1.0,1,0.3515245511770864,33
2220,2,4142,1790,2352,0,0,0,1.0,1,1.0,1,1.0,1,0.2951213768330111,31
2221,3,4145,1791,2354,0,0,0,1.0,1,1.0,1,1.0,1,0.241596936734405,31
2222,3,4148,1792,2356,0,0,0,1.0,1,1.0,1,1.0,1,0.22077608273619426,30
2223,1,4149,1793,2356,0,0,0,1.0,1,1.0,1,1.0,1,0.2457371606456518,28
2224,2,4151,1795,2356,0,0,0,1.0,1,1.0,1,1.0,1,0.3157632337977213,29
2225,2,4153,1797,2356,0,0,0,1.0,1,1.0,1,1.0,1,0.31747368284006866,28
2226,0,4153,1797,2356,0,0,0,1.0,1,1.0,1,1.0,1,0.3245042144453251,30
2227,1,4154,1798,2356,0,0,0,1.0,1,1.0,1,1.0,1,0.34372482103600666,28
2228,3,4157,1800,2357,0,0,0,1.0,1,1.0,1,1.0,1,0.36007747727996464,29
2229,0,4157,1800,2357,0,0,0,1.0,1,1.0,1,1.0,1,0.3442978349851084,28
2230,0,4157,1800,2357,0,0,0,1.0,1,1.0,1,1.0,1,0.34529545409906803,28
2231,1,4158,1801,2357,0,0,0,1.0,1,1.0,1,1.0,1,0.3707427426999018,27
2232,1,4159,1801,2358,0,0,0,1.0,1,1.0,1,1.0,1,0.35816380913138895,27
2233,1,4160,1802,2358,0,0,0,1.0,1,1.0,1,1.0,1,0.3792416553226696,28
2234,2,4162,1804,2358,0,0,0,1.0,1,1.0,1,1.0,1,0.3398562973446971,26
2235,0,4162,1804,2358,0,0,0,1.0,1,1.0,1,1.0,1,0.3398562973446971,26
2236,2,4164,1805,2359,0,0,0,1.0,1,1.0,1,1.0,1,0.28186938904369213,26
2237,3,4167,1808,2359,0,0,0,1.0,1,1.0,1,1.0,1,0.31589984834147705,26
2238,4,4171,1810,2361,0,0,0,1.0,1,1.0,1,1.0,1,0.29644145471120426,27
2239,3,4174,1811,2363,0,0,0,1.0,1,1.0,1,1.0,1,0.32391111355601143,28
2240,5,4179,1814,2365,0,0,0,1.0,1,1.0,1,1.0,1,0.3244343957844882,30
2241,3,4182,1815,2367,0,0,0,1.0,1,1.0,1,1.0,1,0.30573020051449823,29
2242,1,4183,1816,2367,0,0,0,1.0,1,1.0,1,1.0,1,0.3037783059850454,29
2243,1,4184,1817,2367,0,0,0,1.0,1,1.0,1,1.0,1,0.3233908990125397,29
2244,0,4184,1817,2367,0,0,0,1.0,1,1.0,1,1.0,1,0.3233908990125397,29
2245,2,4186,1817,2369,0,0,0,1.0,1,1.0,1,1.0,1,0.2864259017726173,30
2246,1,4187,1817,2370,0,0,0,1.0,1,1.0,1,1.0,1,0.2850679264865129,33
2247,2,4189,1817,2372,0,0,0,1.0,1,1.0,1,1.0,1,0.28151488519856754,34
2248,0,4189,1817,2372,0,0,0,1.0,1,1.0,1,1.0,1,0.28151488519856754,34
2249,0,4189,1817,2372,0,0,0,1.0,1,1.0,1,1.0,1,0.25725112388861604,35
2250,1,4190,1818,2372,0,0,0,1.0,1,1.0,1,1.0,1,0.26400280769135814,35
2251,1,4191,1818,2373,0,0,0,1.0,1,1.0,1,1.0,1,0.23780326884573377,36
2252,2,4193,1819,2374,0,0,0,1.0,1,1.0,1,1.0,1,0.23303575089083164,37
2253,1,4194,1820,2374,0,0,0,1.0,1,1.0,1,1.0,1,0.2564062710591855,35
2254,0,4194,1820,2374,0,0,0,1.0,1,1.0,1,1.0,1,0.26417418129582226,33
2255,0,4194,1820,2374,0,0,0,1.0,1,1.0,1,1.0,1,0.2519723276353557,35
2256,3,4197,1823,2374,0,0,0,1.0,1,1.0,1,1.0,1,0.27794302219544753,34
2257,4,4201,1825,2376,0,0,0,1.0,1,1.0,1,1.0,1,0.247371796791773,36
2258,0,4201,1825,2376,0,0,0,1.0,1,1.0,1,1.0,1,0.24114606627346682,35
2259,1,4202,1826,2376,0,0,0,1.0,1,1.0,1,1.0,1,0.23118498850860106,35
2260,0,4202,1826,2376,0,0,0,1.0,1,1.0,1,1.0,1,0.2545430046155308,33
2261,2,4204,1827,2377,0,0,0,1.0,1,1.0,1,1.0,1,0.26016089924427915,33
2262,2,4206,1829,2377,0,0,0,1.0,1,1.0,1,1.0,1,0.3512549385981121,32
2263,2,4208,1830,2378,0,0,0,1.0,1,1.0,1,1.0,1,0.34644245234737964,31
2264,2,4210,1832,2378,0,0,0,1.0,1,1.0,1,1.0,1,0.46591437849322737,30
2265,0,4210,1832,2378,0,0,0,1.0,1,1.0,1,1.0,1,0.42993018658352655,29
2266,3,4213,1833,2380,0,0,0,1.0,1,1.0,1,1.0,1,0.3966190146289255,30
2267,2,4215,1834,2381,0,0,0,1.0,1,1.0,1,1.0,1,0.2967508531816494,29
2268,3,4218,1835,2383,0,0,0,1.0,1,1.0,1,1.0,1,0.215841007029523,30
2269,4,4222,1838,2384,0,0,0,1.0,1,1.0,1,1.0,1,0.21273232937554534,31
2270,1,4223,1838,2385,0,0,0,1.0,1,1.0,1,1.0,1,0.19651096267440923,31
2271,5,4228,1841,2387,0,0,0,1.0,1,1.0,1,1.0,1,0.21432157135056162,31
2272,1,4229,1842,2387,0,0,0,1.0,1,1.0,1,1.0,1,0.24907520794925134,31
2273,1,4230,1843,2387,0,0,0,1.0,1,1.0,1,1.0,1,0.3387185455132187,30
2274,2,4232,1843,2389,0,0,0,1.0,1,1.0,1,1.0,1,0.2441220909973989,31
2275,1,4233,1844,2389,0,0,0,1.0,1,1.0,1,1.0,1,0.2577213841932235,32
2276,1,4234,1845,2389,0,0,0,1.0,1,1.0,1,1.0,1,0.28343877546905905,31
2277,2,4236,1846,2390,0,0,0,1.0,1,1.0,1,1.0,1,0.2769244884976913,31
2278,0,4236,1846,2390,0,0,0,1.0,1,1.0,1,1.0,1,0.29012982316363833,32
2279,1,4237,1846,2391,0,0,0,1.0,1,1.0,1,1.0,1,0.27115095856641397,32
2280,0,4237,1846,2391,0,0,0,1.0,1,1.0,1,1.0,1,0.27635096660322506,33
2281,1,4238,1846,2392,0,0,0,1.0,1,1.0,1,1.0,1,0.27906910770053145,34
2282,1,4239,1846,2393,0,0,0,1.0,1,1.0,1,1.0,1,0.25421733103250344,34
2283,0,4239,1846,2393,0,0,0,1.0,1,1.0,1,1.0,1,0.25421733103250344,34
2284,0,4239,1846,2393,0,0,0,1.0,1,1.0,1,1.0,1,0.25421733103250344,34
2285,1,4240,1847,2393,0,0,0,1.0,1,1.0,1,1.0,1,0.2655414151801532,35
2286,0,4240,1847,2393,0,0,0,1.0,1,1.0,1,1.0,1,0.2936329264862481,34
2287,2,4242,1848,2394,0,0,0,1.0,1,1.0,1,1.0,1,0.23018941443050098,35
2288,0,4242,1848,2394,0,0,0,1.0,1,1.0,1,1.0,1,0.25092928337329723,35
2289,4,4246,1849,2397,0,0,0,1.0,1,1.0,1,1.0,1,0.18630530813347476,37
2290,2,4248,1849,2399,0,0,0,1.0,1,1.0,1,1.0,1,0.22271529035774645,37
2291,1,4249,1850,2399,0,0,0,1.0,1,1.0,1,1.0,1,0.24007207722171084,35
2292,1,4250,1851,2399,0,0,0,1.0,1,1.0,1,1.0,1,0.2982476696918379,35
2293,1,4251,1852,2399,0,0,0,1.0,1,1.0,1,1.0,1,0.2939725547717352,34
2294,0,4251,1852,2399,0,0,0,1.0,1,1.0,1,1.0,1,0.296107883915382,33
2295,2,4253,1853,2400,0,0,0,1.0,1,1.0,1,1.0,1,0.32034817350112743,34
2296,2,4255,1853,2402,0,0,0,1.0,1,1.0,1,1.0,1,0.34497666512671843,33
2297,0,4255,1853,2402,0,0,0,1.0,1,1.0,1,1.0,1,0.36332182904350946,32
2298,1,4256,1853,2403,0,0,0,1.0,1,1.0,1,1.0,1,0.3529356707393367,32
2299,0,4256,1853,2403,0,0,0,1.0,1,1.0,1,1.0,1,0.3370982811289648,33
2300,2,4258,1854,2404,0,0,0,1.0,1,1.0,1,1.0,1,0.316113502652381,33
2301,2,4260,1856,2404,0,0,0,1.0,1,1.0,1,1.0,1,0.3101175740318905,33
2302,1,4261,1857,2404,0,0,0,1.0,1,1.0,1,1.0,1,0.30571619706617886,34
2303,5,4266,1861,2405,0,0,0,1.0,1,1.0,1,1.0,1,0.33879696247777197,34
2304,4,4270,1864,2406,0,0,0,1.0,1,1.0,1,1.0,1,0.33007674391343284,33
2305,2,4272,1865,2407,0,0,0,1.0,1,1.0,1,1.0,1,0.336818240504541,33
2306,2,4274,1866,2408,0,0,0,1.0,1,1.0,1,1.0,1,0.3333192075406961,33
2307,3,4277,1866,2411,0,0,0,1.0,1,1.0,1,1.0,1,0.24310800668898616,35
2308,0,4277,1866,2411,0,0,0,1.0,1,1.0,1,1.0,1,0.22949074148150939,34
2309,1,4278,1867,2411,0,0,0,1.0,1,1.0,1,1.0,1,0.2699779719917955,34
2310,0,4278,1867,2411,0,0,0,1.0,1,1.0,1,1.0,1,0.2671371508470487,34
2311,2,4280,1868,2412,0,0,0,1.0,1,1.0,1,1.0,1,0.2924061433077651,35
2312,5,4285,1873,2412,0,0,0,1.0,1,1.0,1,1.0,1,0.35986516045269745,34
2313,1,4286,1874,2412,0,0,0,1.0,1,1.0,1,1.0,1,0.334490901683338,35
2314,0,4286,1874,2412,0,0,0,1.0,1,1.0,1,1.0,1,0.35274461942323043,35
2315,1,4287,1874,2413,0,0,0,1.0,1,1.0,1,1.0,1,0.3465195513760969,34
2316,0,4287,1874,2413,0,0,0,1.0,1,1.0,1,1.0,1,0.3536911715458582,35
2317,0,4287,1874,2413,0,0,0,1.0,1,1.0,1,1.0,1,0.38385187009635036,32
2318,1,4288,1875,2413,0,0,0,1.0,1,1.0,1,1.0,1,0.41092202045007215,32
2319,1,4289,1876,2413,0,0,0,1.0,1,1.0,1,1.0,1,0.45420613357354556,32
2320,2,4291,1876,2415,0,0,0,1.0,1,1.0,1,1.0,1,0.4490486067260974,32
2321,3,4294,1876,2418,0,0,0,1.0,1,1.0,1,1.0,1,0.4358029704680993,33
2322,1,4295,1876,2419,0,0,0,1.0,1,1.0,1,1.0,1,0.44059944377515053,33
2323,0,4295,1876,2419,0,0,0,1.0,1,1.0,1,1.0,1,0.44059944377515053,33
2324,5,4300,1878,2422,0,0,0,1.0,1,1.0,1,1.0,1,0.445531361492702,34
2325,2,4302,1878,2424,0,0,0,1.0,1,1.0,1,1.0,1,0.43979525918828033,35
2326,6,4308,1879,2429,0,0,0,1.0,1,1.0,1,1.0,1,0.3607151327875174,35
2327,0,4308,1879,2429,0,0,0,1.0,1,1.0,1,1.0,1,0.3778144112190879,36
2328,0,4308,1879,2429,0,0,0,1.0,1,1.0,1,1.0,1,0.3875277571658578,37
2329,1,4309,1879,2430,0,0,0,1.0,1,1.0,1,1.0,1,0.35535928109877674,37
2330,2,4311,1879,2432,0,0,0,1.0,1,1.0,1,1.0,1,0.29249676344896675,38
2331,0,4311,1879,2432,0,0,0,1.0,1,1.0,1,1.0,1,0.2933084742290539,40
2332,2,4313,1879,2434,0,0,0,1.0,1,1.0,1,1.0,1,0.2711612714166032,40
2333,0,4313,1879,2434,0,0,0,1.0,1,1.0,1,1.0,1,0.2817175150028889,41
2334,0,4313,1879,2434,0,0,0,1.0,1,1.0,1,1.0,1,0.2817175150028889,41
2335,0,4313,1879,2434,0,0,0,1.0,1,1.0,1,1.0,1,0.2817175150028889,41
2336,0,4313,1879,2434,0,0,0,1.0,1,1.0,1,1.0,1,0.2817175150028889,41
2337,1,4314,1879,2435,0,0,0,1.0,1,1.0,1,1.0,1,0.2553600382141044,42
2338,0,4314,1879,2435,0,0,0,1.0,1,1.0,1,1.0,1,0.27179711201453843,43
2339,0,4314,1879,2435,0,0,0,1.0,1,1.0,1,1.0,1,0.27179711201453843,43
2340,1,4315,1879,2436,0,0,0,1.0,1,1.0,1,1.0,1,0.26260345685296693,45
2341,4,4319,1879,2440,0,0,0,1.0,1,1.0,1,1.0,1,0.20549463173275073,45
2342,2,4321,1880,2441,0,0,0,1.0,1,1.0,1,1.0,1,0.21260618861419972,46
2343,2,4323,1881,2442,0,0,0,1.0,1,1.0,1,1.0,1,0.21161004195346472,45
2344,6,4329,1885,2444,0,0,0,1.0,1,1.0,1,1.0,1,0.23374720225583984,44
2345,0,4329,1885,2444,0,0,0,1.0,1,1.0,1,1.0,1,0.21455524126095718,44
2346,1,4330,1886,2444,0,0,0,1.0,1,1.0,1,1.0,1,0.24129332258882086,44
2347,4,4334,1888,2446,0,0,0,1.0,1,1.0,1,1.0,1,0.2095473403276754,44
2348,0,4334,1888,2446,0,0,0,1.0,1,1.0,1,1.0,1,0.20395529176074628,45
2349,3,4337,1888,2449,0,0,0,1.0,1,1.0,1,1.0,1,0.18276859677381832,46
2350,0,4337,1888,2449,0,0,0,1.0,1,1.0,1,1.0,1,0.19435518048735817,47
2351,0,4337,1888,2449,0,0,0,1.0,1,1.0,1,1.0,1,0.19435518048735817,47
2352,1,4338,1889,2449,0,0,0,1.0,1,1.0,1,1.0,1,0.22592309240225358,47
2353,1,4339,1889,2450,0,0,0,1.0,1,1.0,1,1.0,1,0.2064167603285439,46
2354,1,4340,1890,2450,0,0,0,1.0,1,1.0,1,1.0,1,0.2110098513764287,47
2355,5,4345,1891,2454,0,0,0,1.0,1,1.0,1,1.0,1,0.21147603732679143,47
2356,7,4352,1893,2459,0,0,0,1.0,1,1.0,1,1.0,1,0.10174366077679016,47
2357,3,4355,1893,2462,0,0,0,1.0,1,1.0,1,1.0,1,0.12060756485145652,47
2358,0,4355,1893,2462,0,0,0,1.0,1,1.0,1,1.0,1,0.12254501291604358,48
2359,0,4355,1893,2462,0,0,0,1.0,1,1.0,1,1.0,1,0.16217466867342772,49
2360,0,4355,1893,2462,0,0,0,1.0,1,1.0,1,1.0,1,0.16217466867342772,49
2361,0,4355,1893,2462,0,0,0,1.0,1,1.0,1,1.0,1,0.17844697885352961,50
2362,0,4355,1893,2462,0,0,0,1.0,1,1.0,1,1.0,1,0.1844868244775041,51
2363,0,4355,1893,2462,0,0,0,1.0,1,1.0,1,1.0,1,0.1844868244775041,51
2364,3,4358,1895,2463,0,0,0,1.0,1,1.0,1,1.0,1,0.19638710730858552,52
2365,6,4364,1898,2466,0,0,0,1.0,1,1.0,1,1.0,1,0.20652488448784387,53
2366,4,4368,1899,2469,0,0,0,1.0,1,1.0,1,1.0,1,0.17016572472529576,54
2367,4,4372,1902,2470,0,0,0,1.0,1,1.0,1,1.0,1,0.1496102544202633,52
2368,6,4378,1907,2471,0,0,0,1.0,1,1.0,1,1.0,1,0.2433730817675507,51
2369,3,4381,1908,2473,0,0,0,1.0,1,1.0,1,1.0,1,0.21652727003658448,51
2370,3,4384,1911,2473,0,0,0,1.0,1,1.0,1,1.0,1,0.23125737849150194,52
2371,9,4393,1913,2480,0,0,0,1.0,1,1.0,1,1.0,1,0.14011324669597972,52
2372,1,4394,1914,2480,0,0,0,1.0,1,1.0,1,1.0,1,0.17466465581671836,49
2373,1,4395,1915,2480,0,0,0,1.0,1,1.0,1,1.0,1,0.19466515157595915,47
2374,0,4395,1915,2480,0,0,0,1.0,1,1.0,1,1.0,1,0.1922196987226128,45
2375,0,4395,1915,2480,0,0,0,1.0,1,1.0,1,1.0,1,0.21215374707429857,45
2376,0,4395,1915,2480,0,0,0,1.0,1,1.0,1,1.0,1,0.2145187999353687,43
2377,2,4397,1917,2480,0,0,0,1.0,1,1.0,1,1.0,1,0.24105687913007845,44
2378,1,4398,1917,2481,0,0,0,1.0,1,1.0,1,1.0,1,0.20735704828074045,43
2379,0,4398,1917,2481,0,0,0,1.0,1,1.0,1,1.0,1,0.20735704828074045,43
2380,1,4399,1917,2482,0,0,0,1.0,1,1.0,1,1.0,1,0.21111566431924417,43
2381,2,4401,1919,2482,0,0,0,1.0,1,1.0,1,1.0,1,0.20624370432885702,44
2382,0,4401,1919,2482,0,0,0,1.0,1,1.0,1,1.0,1,0.20624370432885702,44
2383,3,4404,1921,2483,0,0,0,1.0,1,1.0,1,1.0,1,0.24129262348175656,45
2384,2,4406,1923,2483,0,0,0,1.0,1,1.0,1,1.0,1,0.28265130899298596,45
2385,1,4407,1923,2484,0,0,0,1.0,1,1.0,1,1.0,1,0.28217895450167746,45
2386,7,4414,1927,2487,0,0,0,1.0,1,1.0,1,1.0,1,0.24766928706167238,46
2387,2,4416,1927,2489,0,0,0,1.0,1,1.0,1,1.0,1,0.2020608297366604,44
2388,1,4417,1928,2489,0,0,0,1.0,1,1.0,1,1.0,1,0.22676033302977092,44
2389,4,4421,1929,2492,0,0,0,1.0,1,1.0,1,1.0,1,0.21689114158250158,43
2390,3,4424,1931,2493,0,0,0,1.0,1,1.0,1,1.0,1,0.20057546195813591,44
2391,1,4425,1932,2493,0,0,0,1.0,1,1.0,1,1.0,1,0.21926023124591423,43
2392,2,4427,1933,2494,0,0,0,1.0,1,1.0,1,1.0,1,0.22182771179500782,44
2393,3,4430,1933,2497,0,0,0,1.0,1,1.0,1,1.0,1,0.1830261200086091,45
2394,2,4432,1934,2498,0,0,0,1.0,1,1.0,1,1.0,1,0.14140094879066917,44
2395,1,4433,1934,2499,0,0,0,1.0,1,1.0,1,1.0,1,0.14306886816648823,44
2396,1,4434,1935,2499,0,0,0,1.0,1,1.0,1,1.0,1,0.1225735146680196,45
2397,1,4435,1935,2500,0,0,0,1.0,1,1.0,1,1.0,1,0.1572764898901671,44
2398,3,4438,1936,2502,0,0,0,1.0,1,1.0,1,1.0,1,0.19636389260587922,44
2399,0,4438,1936,2502,0,0,0,1.0,1,1.0,1,1.0,1,0.20132887212448547,45
2400,0,4438,1936,2502,0,0,0,1.0,1,1.0,1,1.0,1,0.20132887212448547,45
2401,0,4438,1936,2502,0,0,0,1.0,1,1.0,1,1.0,1,0.19512499500779057,46
2402,4,4442,1937,2505,0,0,0,1.0,1,1.0,1,1.0,1,0.15335302412917418,47
2403,7,4449,1941,2508,0,0,0,1.0,1,1.0,1,1.0,1,0.1473952380471477,48
2404,5,4454,1941,2513,0,0,0,1.0,1,1.0,1,1.0,1,0.11528573308532672,47
2405,2,4456,1942,2514,0,0,0,1.0,1,1.0,1,1.0,1,0.15637210816135394,45
2406,4,4460,1945,2515,0,0,0,1.0,1,1.0,1,1.0,1,0.12913785177999093,45
2407,4,4464,1946,2518,0,0,0,1.0,1,1.0,1,1.0,1,0.17095968284230487,42
2408,3,4467,1946,2521,0,0,0,1.0,1,1.0,1,1.0,1,0.201418337768844,41
2409,1,4468,1947,2521,0,0,0,1.0,1,1.0,1,1.0,1,0.21913086369049187,41
2410,0,4468,1947,2521,0,0,0,1.0,1,1.0,1,1.0,1,0.2326051851214232,40
2411,3,4471,1949,2522,0,0,0,1.0,1,1.0,1,1.0,1,0.24487635133835128,40
2412,0,4471,1949,2522,0,0,0,1.0,1,1.0,1,1.0,1,0.26385779570283174,38
2413,4,4475,1952,2523,0,0,0,1.0,1,1.0,1,1.0,1,0.317275464450998,38
2414,0,4475,1952,2523,0,0,0,1.0,1,1.0,1,1.0,1,0.3238359856711426,36
2415,1,4476,1953,2523,0,0,0,1.0,1,1.0,1,1.0,1,0.3341272726285899,36
2416,4,4480,1953,2527,0,0,0,1.0,1,1.0,1,1.0,1,0.23236423154385133,35
2417,0,4480,1953,2527,0,0,0,1.0,1,1.0,1,1.0,1,0.29339027414141067,33
2418,1,4481,1954,2527,0,0,0,1.0,1,1.0,1,1.0,1,0.2777180637890017,33
2419,3,4484,1955,2529,0,0,0,1.0,1,1.0,1,1.0,1,0.27270564818517823,33
2420,0,4484,1955,2529,0,0,0,1.0,1,1.0,1,1.0,1,0.22872171539382016,34
2421,2,4486,1956,2530,0,0,0,1.0,1,1.0,1,1.0,1,0.25964653994477,34
2422,3,4489,1958,2531,0,0,0,1.0,1,1.0,1,1.0,1,0.2597711170038875,35
2423,4,4493,1961,2532,0,0,0,1.0,1,1.0,1,1.0,1,0.28889579304941465,36
2424,4,4497,1963,2534,0,0,0,1.0,1,1.0,1,1.0,1,0.1847297526115766,35
2425,2,4499,1964,2535,0,0,0,1.0,1,1.0,1,1.0,1,0.13420680792602124,33
2426,1,4500,1965,2535,0,0,0,1.0,1,1.0,1,1.0,1,0.15358552105255158,34
2427,1,4501,1965,2536,0,0,0,1.0,1,1.0,1,1.0,1,0.1915553096834867,34
2428,2,4503,1966,2537,0,0,0,1.0,1,1.0,1,1.0,1,0.20701545069072266,34
2429,2,4505,1967,2538,0,0,0,1.0,1,1.0,1,1.0,1,0.2326117232468929,34
2430,0,4505,1967,2538,0,0,0,1.0,1,1.0,1,1.0,1,0.2549228544366317,33
2431,4,4509,1969,2540,0,0,0,1.0,1,1.0,1,1.0,1,0.1939185014960002,33
2432,0,4509,1969,2540,0,0,0,1.0,1,1.0,1,1.0,1,0.23372918786439534,33
2433,0,4509,1969,2540,0,0,0,1.0,1,1.0,1,1.0,1,0.20961752038202755,34
2434,0,4509,1969,2540,0,0,0,1.0,1,1.0,1,1.0,1,0.20961752038202755,34
2435,1,4510,1969,2541,0,0,0,1.0,1,1.0,1,1.0,1,0.14675627687593418,34
2436,0,4510,1969,2541,0,0,0,1.0,1,1.0,1,1.0,1,0.16135276970939727,33
2437,0,4510,1969,2541,0,0,0,1.0,1,1.0,1,1.0,1,0.16135276970939727,33
2438,1,4511,1970,2541,0,0,0,1.0,1,1.0,1,1.0,1,0.17277383853020625,34
2439,0,4511,1970,2541,0,0,0,1.0,1,1.0,1,1.0,1,0.1941227175216674,35
2440,0,4511,1970,2541,0,0,0,1.0,1,1.0,1,1.0,1,0.1941227175216674,35
2441,3,4514,1973,2541,0,0,0,1.0,1,1.0,1,1.0,1,0.25180393975341414,35
2442,3,4517,1974,2543,0,0,0,1.0,1,1.0,1,1.0,1,0.23190608513462002,35
2443,4,4521,1977,2544,0,0,0,1.0,1,1.0,1,1.0,1,0.26695599102517015,35
2444,3,4524,1979,2545,0,0,0,1.0,1,1.0,1,1.0,1,0.2746160916334713,34
2445,2,4526,1981,2545,0,0,0,1.0,1,1.0,1,1.0,1,0.32874069352709845,33
2446,4,4530,1982,2548,0,0,0,1.0,1,1.0,1,1.0,1,0.35855067260180895,30
2447,0,4530,1982,2548,0,0,0,1.0,1,1.0,1,1.0,1,0.33900010840999983,29
2448,2,4532,1984,2548,0,0,0,1.0,1,1.0,1,1.0,1,0.3324318399141525,27
2449,0,4532,1984,2548,0,0,0,1.0,1,1.0,1,1.0,1,0.32167666420198293,26
2450,3,4535,1986,2549,0,0,0,1.0,1,1.0,1,1.0,1,0.30108263482007214,28
2451,0,4535,1986,2549,0,0,0,1.0,1,1.0,1,1.0,1,0.30108263482007214,28
2452,1,4536,1987,2549,0,0,0,1.0,1,1.0,1,1.0,1,0.29093077391118477,29
2453,0,4536,1987,2549,0,0,0,1.0,1,1.0,1,1.0,1,0.30542869770108877,30
2454,1,4537,1987,2550,0,0,0,1.0,1,1.0,1,1.0,1,0.2998667462045112,32
2455,2,4539,1989,2550,0,0,0,1.0,1,1.0,1,1.0,1,0.2947714088081368,33
2456,1,4540,1989,2551,0,0,0,1.0,1,1.0,1,1.0,1,0.30065974504602605,34
2457,1,4541,1990,2551,0,0,0,1.0,1,1.0,1,1.0,1,0.32593766896397547,34
2458,5,4546,1993,2553,0,0,0,1.0,1,1.0,1,1.0,1,0.3042282832443241,36
2459,0,4546,1993,2553,0,0,0,1.0,1,1.0,1,1.0,1,0.3042282832443241,36
2460,2,4548,1995,2553,0,0,0,1.0,1,1.0,1,1.0,1,0.3182408936033285,37
2461,5,4553,1996,2557,0,0,0,1.0,1,1.0,1,1.0,1,0.21298115649953006,37
2462,2,4555,1998,2557,0,0,0,1.0,1,1.0,1,1.0,1,0.2897955339978241,38
2463,2,4557,1999,2558,0,0,0,1.0,1,1.0,1,1.0,1,0.28634566184037075,38
2464,2,4559,2000,2559,0,0,0,1.0,1,1.0,1,1.0,1,0.27114054022080447,37
2465,2,4561,2001,2560,0,0,0,1.0,1,1.0,1,1.0,1,0.24693855210630822,36
2466,3,4564,2003,2561,0,0,0,1.0,1,1.0,1,1.0,1,0.2769434117874252,36
2467,0,4564,2003,2561,0,0,0,1.0,1,1.0,1,1.0,1,0.2676798193778394,34
2468,1,4565,2004,2561,0,0,0,1.0,1,1.0,1,1.0,1,0.2870383086434194,33
2469,1,4566,2005,2561,0,0,0,1.0,1,1.0,1,1.0,1,0.2899988462911321,32
2470,3,4569,2007,2562,0,0,0,1.0,1,1.0,1,1.0,1,0.3709240271673324,33
2471,0,4569,2007,2562,0,0,0,1.0,1,1.0,1,1.0,1,0.3695518264348477,31
2472,0,4569,2007,2562,0,0,0,1.0,1,1.0,1,1.0,1,0.39344259507093776,32
2473,0,4569,2007,2562,0,0,0,1.0,1,1.0,1,1.0,1,0.3828519341034921,31
2474,1,4570,2008,2562,0,0,0,1.0,1,1.0,1,1.0,1,0.3935510937765808,33
2475,4,4574,2009,2565,0,0,0,1.0,1,1.0,1,1.0,1,0.3214608586188981,33
2476,4,4578,2010,2568,0,0,0,1.0,1,1.0,1,1.0,1,0.26030361594147816,33
2477,3,4581,2011,2570,0,0,0,1.0,1,1.0,1,1.0,1,0.2391795189998793,33
2478,1,4582,2011,2571,0,0,0,1.0,1,1.0,1,1.0,1,0.21369037776630465,33
2479,4,4586,2013,2573,0,0,0,1.0,1,1.0,1,1.0,1,0.22421970239122035,33
2480,1,4587,2013,2574,0,0,0,1.0,1,1.0,1,1.0,1,0.2597228899918363,34
2481,3,4590,2015,2575,0,0,0,1.0,1,1.0,1,1.0,1,0.29326762674206797,33
2482,1,4591,2015,2576,0,0,0,1.0,1,1.0,1,1.0,1,0.2903924869955344,34
2483,0,4591,2015,2576,0,0,0,1.0,1,1.0,1,1.0,1,0.27966045475267526,33
2484,1,4592,2016,2576,0,0,0,1.0,1,1.0,1,1.0,1,0.2654579762717621,32
2485,1,4593,2017,2576,0,0,0,1.0,1,1.0,1,1.0,1,0.30144391581773095,31
2486,2,4595,2019,2576,0,0,0,1.0,1,1.0,1,1.0,1,0.336521967793199,29
2487,2,4597,2020,2577,0,0,0,1.0,1,1.0,1,1.0,1,0.296970336868777,29
2488,1,4598,2021,2577,0,0,0,1.0,1,1.0,1,1.0,1,0.32732914748265285,30
2489,1,4599,2022,2577,0,0,0,1.0,1,1.0,1,1.0,1,0.2835153218229314,29
2490,1,4600,2023,2577,0,0,0,1.0,1,1.0,1,1.0,1,0.3358059973010084,30
2491,2,4602,2023,2579,0,0,0,1.0,1,1.0,1,1.0,1,0.2627120448187995,30
2492,1,4603,2023,2580,0,0,0,1.0,1,1.0,1,1.0,1,0.2184709312508567,29
2493,0,4603,2023,2580,0,0,0,1.0,1,1.0,1,1.0,1,0.2184709312508567,29
2494,0,4603,2023,2580,0,0,0,1.0,1,1.0,1,1.0,1,0.25005784501270095,28
2495,1,4604,2024,2580,0,0,0,1.0,1,1.0,1,1.0,1,0.28117189072570387,29
2496,0,4604,2024,2580,0,0,0,1.0,1,1.0,1,1.0,1,0.26922198391062085,28
2497,0,4604,2024,2580,0,0,0,1.0,1,1.0,1,1.0,1,0.2892637913351158,28
2498,0,4604,2024,2580,0,0,0,1.0,1,1.0,1,1.0,1,0.30193655244701567,29
2499,1,4605,2024,2581,0,0,0,1.0,1,1.0,1,1.0,1,0.30291116119070427,30
2500,1,4606,2024,2582,0,0,0,1.0,1,1.0,1,1.0,1,0.29243442764792127,29
2501,5,4611,2027,2584,0,0,0,1.0,1,1.0,1,1.0,1,0.2585673469773847,33
2502,4,4615,2030,2585,0,0,0,1.0,1,1.0,1,1.0,1,0.31110303519110766,33
2503,2,4617,2032,2585,0,0,0,1.0,1,1.0,1,1.0,1,0.27513049771994436,31
2504,5,4622,2036,2586,0,0,0,1.0,1,1.0,1,1.0,1,0.31401891021813255,31
2505,2,4624,2038,2586,0,0,0,1.0,1,1.0,1,1.0,1,0.2854916189858645,32
2506,4,4628,2040,2588,0,0,0,1.0,1,1.0,1,1.0,1,0.21567664112255117,31
2507,1,4629,2041,2588,0,0,0,1.0,1,1.0,1,1.0,1,0.19842950294900902,29
2508,2,4631,2043,2588,0,0,0,1.0,1,1.0,1,1.0,1,0.24440067073826827,31
2509,0,4631,2043,2588,0,0,0,1.0,1,1.0,1,1.0,1,0.22772772610326691,30
2510,1,4632,2044,2588,0,0,0,1.0,1,1.0,1,1.0,1,0.2522761098862464,31
2511,1,4633,2044,2589,0,0,0,1.0,1,1.0,1,1.0,1,0.2119291863575314,32
2512,1,4634,2045,2589,0,0,0,1.0,1,1.0,1,1.0,1,0.24728399318071323,32
2513,3,4637,2046,2591,0,0,0,1.0,1,1.0,1,1.0,1,0.154826541477572,34
2514,0,4637,2046,2591,0,0,0,1.0,1,1.0,1,1.0,1,0.1501635455259575,35
2515,4,4641,2049,2592,0,0,0,1.0,1,1.0,1,1.0,1,0.15593332708340377,35
2516,1,4642,2050,2592,0,0,0,1.0,1,1.0,1,1.0,1,0.14364243809792693,34
2517,2,4644,2052,2592,0,0,0,1.0,1,1.0,1,1.0,1,0.21720318751868098,34
2518,4,4648,2054,2594,0,0,0,1.0,1,1.0,1,1.0,1,0.28530241213389224,33
2519,0,4648,2054,2594,0,0,0,1.0,1,1.0,1,1.0,1,0.25181436151060477,32
2520,1,4649,2055,2594,0,0,0,1.0,1,1.0,1,1.0,1,0.2914648761955212,31
2521,3,4652,2056,2596,0,0,0,1.0,1,1.0,1,1.0,1,0.19026946372381803,31
2522,0,4652,2056,2596,0,0,0,1.0,1,1.0,1,1.0,1,0.252147577404039,30
2523,1,4653,2056,2597,0,0,0,1.0,1,1.0,1,1.0,1,0.24021727371093332,30
2524,0,4653,2056,2597,0,0,0,1.0,1,1.0,1,1.0,1,0.33298769691282926,29
2525,0,4653,2056,2597,0,0,0,1.0,1,1.0,1,1.0,1,0.33298769691282926,29
2526,0,4653,2056,2597,0,0,0,1.0,1,1.0,1,1.0,1,0.36658294917000517,27
2527,0,4653,2056,2597,0,0,0,1.0,1,1.0,1,1.0,1,0.3576167480521559,28
2528,0,4653,2056,2597,0,0,0,1.0,1,1.0,1,1.0,1,0.3576167480521559,28
2529,0,4653,2056,2597,0,0,0,1.0,1,1.0,1,1.0,1,0.3576167480521559,28
2530,0,4653,2056,2597,0,0,0,1.0,1,1.0,1,1.0,1,0.3699086900024538,29
2531,1,4654,2056,2598,0,0,0,1.0,1,1.0,1,1.0,1,0.3603614129630175,30
2532,0,4654,2056,2598,0,0,0,1.0,1,1.0,1,1.0,1,0.3624319907697878,31
2533,0,4654,2056,2598,0,0,0,1.0,1,1.0,1,1.0,1,0.3624319907697878,31
2534,0,4654,2056,2598,0,0,0,1.0,1,1.0,1,1.0,1,0.3624319907697878,31
2535,1,4655,2057,2598,0,0,0,1.0,1,1.0,1,1.0,1,0.4040288088046931,31
2536,3,4658,2058,2600,0,0,0,1.0,1,1.0,1,1.0,1,0.35497340575674075,32
2537,1,4659,2059,2600,0,0,0,1.0,1,1.0,1,1.0,1,0.3112796269413531,33
2538,1,4660,2059,2601,0,0,0,1.0,1,1.0,1,1.0,1,0.2892394327834048,35
2539,3,4663,2061,2602,0,0,0,1.0,1,1.0,1,1.0,1,0.2765806167468414,37
2540,3,4666,2063,2603,0,0,0,1.0,1,1.0,1,1.0,1,0.27266534753607174,38
2541,3,4669,2064,2605,0,0,0,1.0,1,1.0,1,1.0,1,0.2623016356871779,39
2542,5,4674,2067,2607,0,0,0,1.0,1,1.0,1,1.0,1,0.28409368534077734,38
2543,4,4678,2069,2609,0,0,0,1.0,1,1.0,1,1.0,1,0.29702929049242915,41
2544,2,4680,2071,2609,0,0,0,1.0,1,1.0,1,1.0,1,0.31212809452672485,39
2545,5,4685,2072,2613,0,0,0,1.0,1,1.0,1,1.0,1,0.32377617790143953,40
2546,1,4686,2072,2614,0,0,0,1.0,1,1.0,1,1.0,1,0.2613906473387221,38
2547,1,4687,2073,2614,0,0,0,1.0,1,1.0,1,1.0,1,0.2902301513133491,38
2548,0,4687,2073,2614,0,0,0,1.0,1,1.0,1,1.0,1,0.26262982998999934,35
2549,3,4690,2076,2614,0,0,0,1.0,1,1.0,1,1.0,1,0.3672679653447965,35
2550,1,4691,2077,2614,0,0,0,1.0,1,1.0,1,1.0,1,0.3915987552372987,33
2551,4,4695,2079,2616,0,0,0,1.0,1,1.0,1,1.0,1,0.4291815042756666,31
2552,1,4696,2079,2617,0,0,0,1.0,1,1.0,1,1.0,1,0.4168689191420328,30
2553,1,4697,2079,2618,0,0,0,1.0,1,1.0,1,1.0,1,0.40253089381838114,30
2554,1,4698,2079,2619,0,0,0,1.0,1,1.0,1,1.0,1,0.3644175015474683,32
2555,2,4700,2079,2621,0,0,0,1.0,1,1.0,1,1.0,1,0.3359345047394513,32
2556,1,4701,2079,2622,0,0,0,1.0,1,1.0,1,1.0,1,0.2977253041061839,32
2557,0,4701,2079,2622,0,0,0,1.0,1,1.0,1,1.0,1,0.3370006697668827,30
2558,2,4703,2080,2623,0,0,0,1.0,1,1.0,1,1.0,1,0.36673567733060686,31
2559,1,4704,2080,2624,0,0,0,1.0,1,1.0,1,1.0,1,0.3263378780360165,30
2560,0,4704,2080,2624,0,0,0,1.0,1,1.0,1,1.0,1,0.3263378780360165,30
2561,0,4704,2080,2624,0,0,0,1.0,1,1.0,1,1.0,1,0.3263378780360165,30
2562,1,4705,2080,2625,0,0,0,1.0,1,1.0,1,1.0,1,0.3135755614771315,33
2563,1,4706,2080,2626,0,0,0,1.0,1,1.0,1,1.0,1,0.30015432626705424,33
2564,0,4706,2080,2626,0,0,0,1.0,1,1.0,1,1.0,1,0.30015432626705424,33
2565,0,4706,2080,2626,0,0,0,1.0,1,1.0,1,1.0,1,0.30015432626705424,33
2566,2,4708,2080,2628,0,0,0,1.0,1,1.0,1,1.0,1,0.26914610405946054,35
2567,2,4710,2081,2629,0,0,0,1.0,1,1.0,1,1.0,1,0.26660319683120126,36
2568,4,4714,2082,2632,0,0,0,1.0,1,1.0,1,1.0,1,0.2888404019511693,37
2569,3,4717,2083,2634,0,0,0,1.0,1,1.0,1,1.0,1,0.26905881231722356,37
2570,0,4717,2083,2634,0,0,0,1.0,1,1.0,1,1.0,1,0.2771405848671701,37
2571,0,4717,2083,2634,0,0,0,1.0,1,1.0,1,1.0,1,0.2771405848671701,37
2572,0,4717,2083,2634,0,0,0,1.0,1,1.0,1,1.0,1,0.26499685898947395,39
2573,0,4717,2083,2634,0,0,0,1.0,1,1.0,1,1.0,1,0.26499685898947395,39
2574,0,4717,2083,2634,0,0,0,1.0,1,1.0,1,1.0,1,0.2895027455034714,38
2575,0,4717,2083,2634,0,0,0,1.0,1,1.0,1,1.0,1,0.2895027455034714,38
2576,0,4717,2083,2634,0,0,0,1.0,1,1.0,1,1.0,1,0.30627100351207515,37
2577,1,4718,2083,2635,0,0,0,1.0,1,1.0,1,1.0,1,0.3221739084494083,39
2578,2,4720,2083,2637,0,0,0,1.0,1,1.0,1,1.0,1,0.3211702700463952,40
2579,1,4721,2083,2638,0,0,0,1.0,1,1.0,1,1.0,1,0.3190231917638037,41
2580,3,4724,2083,2641,0,0,0,1.0,1,1.0,1,1.0,1,0.33292553775778305,42
2581,4,4728,2083,2645,0,0,0,1.0,1,1.0,1,1.0,1,0.25439918727198424,43
2582,2,4730,2084,2646,0,0,0,1.0,1,1.0,1,1.0,1,0.25363106975889127,43
2583,1,4731,2085,2646,0,0,0,1.0,1,1.0,1,1.0,1,0.29830343905501716,43
2584,5,4736,2085,2651,0,0,0,1.0,1,1.0,1,1.0,1,0.19806986978343932,43
2585,3,4739,2086,2653,0,0,0,1.0,1,1.0,1,1.0,1,0.2177762603545625,44
2586,3,4742,2086,2656,0,0,0,1.0,1,1.0,1,1.0,1,0.11407975225858676,43
2587,2,4744,2087,2657,0,0,0,1.0,1,1.0,1,1.0,1,0.15349903161041464,44
2588,4,4748,2088,2660,0,0,0,1.0,1,1.0,1,1.0,1,0.14188712486510585,44
2589,4,4752,2090,2662,0,0,0,1.0,1,1.0,1,1.0,1,0.19097374603199913,44
2590,0,4752,2090,2662,0,0,0,1.0,1,1.0,1,1.0,1,0.19097374603199913,44
2591,0,4752,2090,2662,0,0,0,1.0,1,1.0,1,1.0,1,0.19097374603199913,44
2592,1,4753,2091,2662,0,0,0,1.0,1,1.0,1,1.0,1,0.22580484740794515,44
2593,0,4753,2091,2662,0,0,0,1.0,1,1.0,1,1.0,1,0.2120651255216172,43
2594,5,4758,2092,2666,0,0,0,1.0,1,1.0,1,1.0,1,0.212652125104365,48
2595,1,4759,2092,2667,0,0,0,1.0,1,1.0,1,1.0,1,0.1715959264592475,45
2596,4,4763,2094,2669,0,0,0,1.0,1,1.0,1,1.0,1,0.12990335759876295,46
2597,2,4765,2096,2669,0,0,0,1.0,1,1.0,1,1.0,1,0.15953391999975808,45
2598,1,4766,2096,2670,0,0,0,1.0,1,1.0,1,1.0,1,0.14291547490939074,45
2599,0,4766,2096,2670,0,0,0,1.0,1,1.0,1,1.0,1,0.11807992291028455,45
2600,5,4771,2098,2673,0,0,0,1.0,1,1.0,1,1.0,1,0.10580896124049632,48
2601,0,4771,2098,2673,0,0,0,1.0,1,1.0,1,1.0,1,0.1038595791087817,47
2602,0,4771,2098,2673,0,0,0,1.0,1,1.0,1,1.0,1,0.11667297318136122,48
2603,0,4771,2098,2673,0,0,0,1.0,1,1.0,1,1.0,1,0.11667297318136122,48
2604,0,4771,2098,2673,0,0,0,1.0,1,1.0,1,1.0,1,0.13795022371833449,47
2605,2,4773,2100,2673,0,0,0,1.0,1,1.0,1,1.0,1,0.1828920440375512,47
2606,0,4773,2100,2673,0,0,0,1.0,1,1.0,1,1.0,1,0.17404313574068495,46
2607,1,4774,2100,2674,0,0,0,1.0,1,1.0,1,1.0,1,0.20835622261873982,45
2608,2,4776,2100,2676,0,0,0,1.0,1,1.0,1,1.0,1,0.20072464068801707,45
2609,2,4778,2101,2677,0,0,0,1.0,1,1.0,1,1.0,1,0.19739166522753895,44
2610,5,4783,2103,2680,0,0,0,1.0,1,1.0,1,1.0,1,0.25483258187786667,45
2611,6,4789,2105,2684,0,0,0,1.0,1,1.0,1,1.0,1,0.19721667131512752,46
2612,3,4792,2107,2685,0,0,0,1.0,1,1.0,1,1.0,1,0.22123687715517346,47
2613,2,4794,2108,2686,0,0,0,1.0,1,1.0,1,1.0,1,0.23506417641079763,48
2614,2,4796,2109,2687,0,0,0,1.0,1,1.0,1,1.0,1,0.2496225063849468,48
2615,2,4798,2110,2688,0,0,0,1.0,1,1.0,1,1.0,1,0.22826167584437082,49
2616,0,4798,2110,2688,0,0,0,1.0,1,1.0,1,1.0,1,0.22826167584437082,49
2617,1,4799,2110,2689,0,0,0,1.0,1,1.0,1,1.0,1,0.2093666395904981,48
2618,1,4800,2110,2690,0,0,0,1.0,1,1.0,1,1.0,1,0.19402427774941414,47
2619,1,4801,2110,2691,0,0,0,1.0,1,1.0,1,1.0,1,0.17285943653184072,50
2620,3,4804,2113,2691,0,0,0,1.0,1,1.0,1,1.0,1,0.20422657960716617,51
2621,2,4806,2114,2692,0,0,0,1.0,1,1.0,1,1.0,1,0.1900209164196333,52
2622,0,4806,2114,2692,0,0,0,1.0,1,1.0,1,1.0,1,0.173069056648271,52
2623,4,4810,2117,2693,0,0,0,1.0,1,1.0,1,1.0,1,0.18417132593462,53
2624,1,4811,2118,2693,0,0,0,1.0,1,1.0,1,1.0,1,0.18959423869187012,51
2625,4,4815,2120,2695,0,0,0,1.0,1,1.0,1,1.0,1,0.13312672062663056,50
2626,2,4817,2122,2695,0,0,0,1.0,1,1.0,1,1.0,1,0.16232630571211976,49
2627,1,4818,2123,2695,0,0,0,1.0,1,1.0,1,1.0,1,0.16757972388951034,48
2628,1,4819,2124,2695,0,0,0,1.0,1,1.0,1,1.0,1,0.16916168707118578,48
2629,0,4819,2124,2695,0,0,0,1.0,1,1.0,1,1.0,1,0.13561639603763506,47
2630,1,4820,2125,2695,0,0,0,1.0,1,1.0,1,1.0,1,0.1939784090855733,47
2631,0,4820,2125,2695,0,0,0,1.0,1,1.0,1,1.0,1,0.19482640507185794,47
2632,3,4823,2128,2695,0,0,0,1.0,1,1.0,1,1.0,1,0.19210863463996616,47
2633,0,4823,2128,2695,0,0,0,1.0,1,1.0,1,1.0,1,0.17765330015788883,44
2634,0,4823,2128,2695,0,0,0,1.0,1,1.0,1,1.0,1,0.17740087625985237,44
2635,4,4827,2130,2697,0,0,0,1.0,1,1.0,1,1.0,1,0.25861285021256897,45
2636,2,4829,2132,2697,0,0,0,1.0,1,1.0,1,1.0,1,0.2688383495934691,40
2637,7,4836,2136,2700,0,0,0,1.0,1,1.0,1,1.0,1,0.3171821766391003,41
2638,5,4841,2139,2702,0,0,0,1.0,1,1.0,1,1.0,1,0.3725953071609896,38
2639,0,4841,2139,2702,0,0,0,1.0,1,1.0,1,1.0,1,0.39444126114003164,39
2640,4,4845,2141,2704,0,0,0,1.0,1,1.0,1,1.0,1,0.45103744164402315,38
2641,11,4856,2141,2715,0,0,0,1.0,1,1.0,1,1.0,1,0.1833363414755888,37
2642,8,4864,2145,2719,0,0,0,1.0,1,1.0,1,1.0,1,0.299921006044336,38
2643,2,4866,2145,2721,0,0,0,1.0,1,1.0,1,1.0,1,0.27229098840100435,37
2644,2,4868,2145,2723,0,0,0,1.0,1,1.0,1,1.0,1,0.2774325975085059,36
2645,1,4869,2145,2724,0,0,0,1.0,1,1.0,1,1.0,1,0.24182164810177875,35
2646,3,4872,2145,2727,0,0,0,1.0,1,1.0,1,1.0,1,0.22935249913497094,35
2647,2,4874,2145,2729,0,0,0,1.0,1,1.0,1,1.0,1,0.24608270877323316,35
2648,1,4875,2145,2730,0,0,0,1.0,1,1.0,1,1.0,1,0.2697468732121846,36
2649,1,4876,2145,2731,0,0,0,1.0,1,1.0,1,1.0,1,0.23347535655163945,37
2650,3,4879,2145,2734,0,0,0,1.0,1,1.0,1,1.0,1,0.23766262809309194,39
2651,1,4880,2145,2735,0,0,0,1.0,1,1.0,1,1.0,1,0.2530114870128318,39
2652,1,4881,2145,2736,0,0,0,1.0,1,1.0,1,1.0,1,0.23766262809309194,39
2653,1,4882,2145,2737,0,0,0,1.0,1,1.0,1,1.0,1,0.2530114870128318,39
2654,2,4884,2145,2739,0,0,0,1.0,1,1.0,1,1.0,1,0.23032257497864533,40
2655,3,4887,2145,2742,0,0,0,1.0,1,1.0,1,1.0,1,0.22111870008873796,40
2656,2,4889,2145,2744,0,0,0,1.0,1,1.0,1,1.0,1,0.18623096690147678,39
2657,0,4889,2145,2744,0,0,0,1.0,1,1.0,1,1.0,1,0.17898570229088526,40
2658,1,4890,2145,2745,0,0,0,1.0,1,1.0,1,1.0,1,0.20202346796642662,41
2659,1,4891,2146,2745,0,0,0,1.0,1,1.0,1,1.0,1,0.2186967562064746,41
2660,0,4891,2146,2745,0,0,0,1.0,1,1.0,1,1.0,1,0.22173333058774908,40
2661,2,4893,2147,2746,0,0,0,1.0,1,1.0,1,1.0,1,0.2209692773981752,40
2662,2,4895,2149,2746,0,0,0,1.0,1,1.0,1,1.0,1,0.22374655589008216,42
2663,3,4898,2151,2747,0,0,0,1.0,1,1.0,1,1.0,1,0.2000398766707846,41
2664,5,4903,2153,2750,0,0,0,1.0,1,1.0,1,1.0,1,0.2466547619848512,42
2665,7,4910,2155,2755,0,0,0,1.0,1,1.0,1,1.0,1,0.2112978481515879,43
2666,6,4916,2158,2758,0,0,0,1.0,1,1.0,1,1.0,1,0.21696182503684805,44
2667,4,4920,2160,2760,0,0,0,1.0,1,1.0,1,1.0,1,0.29972792909505935,42
2668,2,4922,2160,2762,0,0,0,1.0,1,1.0,1,1.0,1,0.27462851896777174,41
2669,4,4926,2160,2766,0,0,0,1.0,1,1.0,1,1.0,1,0.24469658586315288,42
2670,2,4928,2161,2767,0,0,0,1.0,1,1.0,1,1.0,1,0.31786480110154985,40
2671,4,4932,2163,2769,0,0,0,1.0,1,1.0,1,1.0,1,0.2597738714382845,39
2672,2,4934,2164,2770,0,0,0,1.0,1,1.0,1,1.0,1,0.31559146786756026,36
2673,5,4939,2166,2773,0,0,0,1.0,1,1.0,1,1.0,1,0.3366439558739012,35
2674,2,4941,2166,2775,0,0,0,1.0,1,1.0,1,1.0,1,0.26794803575394116,33
2675,0,4941,2166,2775,0,0,0,1.0,1,1.0,1,1.0,1,0.2576054689311889,34
2676,0,4941,2166,2775,0,0,0,1.0,1,1.0,1,1.0,1,0.2605424899252273,32
2677,1,4942,2167,2775,0,0,0,1.0,1,1.0,1,1.0,1,0.30588879889188775,33
2678,2,4944,2168,2776,0,0,0,1.0,1,1.0,1,1.0,1,0.2638321811396654,33
2679,0,4944,2168,2776,0,0,0,1.0,1,1.0,1,1.0,1,0.3007019167777697,32
2680,1,4945,2169,2776,0,0,0,1.0,1,1.0,1,1.0,1,0.2737472096065175,32
2681,0,4945,2169,2776,0,0,0,1.0,1,1.0,1,1.0,1,0.3013818968401943,32
2682,2,4947,2171,2776,0,0,0,1.0,1,1.0,1,1.0,1,0.3671541722381073,33
2683,0,4947,2171,2776,0,0,0,1.0,1,1.0,1,1.0,1,0.34515917878257146,32
2684,1,4948,2172,2776,0,0,0,1.0,1,1.0,1,1.0,1,0.4205415546149216,31
2685,1,4949,2172,2777,0,0,0,1.0,1,1.0,1,1.0,1,0.3924213414723678,31
2686,4,4953,2172,2781,0,0,0,1.0,1,1.0,1,1.0,1,0.32159877756631905,30
2687,1,4954,2172,2782,0,0,0,1.0,1,1.0,1,1.0,1,0.3033976789308795,30
2688,1,4955,2173,2782,0,0,0,1.0,1,1.0,1,1.0,1,0.3281633461361038,30
2689,4,4959,2174,2785,0,0,0,1.0,1,1.0,1,1.0,1,0.2681505271937528,31
2690,1,4960,2175,2785,0,0,0,1.0,1,1.0,1,1.0,1,0.23741516273962518,31
2691,2,4962,2176,2786,0,0,0,1.0,1,1.0,1,1.0,1,0.27685327840624924,32
2692,5,4967,2178,2789,0,0,0,1.0,1,1.0,1,1.0,1,0.19339462473121324,32
2693,4,4971,2180,2791,0,0,0,1.0,1,1.0,1,1.0,1,0.22792266877247255,33
2694,0,4971,2180,2791,0,0,0,1.0,1,1.0,1,1.0,1,0.20427347260870785,34
2695,0,4971,2180,2791,0,0,0,1.0,1,1.0,1,1.0,1,0.17078068631608112,35
2696,0,4971,2180,2791,0,0,0,1.0,1,1.0,1,1.0,1,0.17078068631608112,35
2697,0,4971,2180,2791,0,0,0,1.0,1,1.0,1,1.0,1,0.17078068631608112,35
2698,0,4971,2180,2791,0,0,0,1.0,1,1.0,1,1.0,1,0.14892228548954722,36
2699,1,4972,2180,2792,0,0,0,1.0,1,1.0,1,1.0,1,0.17219638312769983,36
2700,1,4973,2181,2792,0,0,0,1.0,1,1.0,1,1.0,1,0.1869241937706707,37
2701,2,4975,2182,2793,0,0,0,1.0,1,1.0,1,1.0,1,0.18380477198122996,37
2702,5,4980,2185,2795,0,0,0,1.0,1,1.0,1,1.0,1,0.22389140319694847,37
2703,3,4983,2186,2797,0,0,0,1.0,1,1.0,1,1.0,1,0.1710207443361109,38
2704,1,4984,2187,2797,0,0,0,1.0,1,1.0,1,1.0,1,0.20352119718172104,37
2705,2,4986,2189,2797,0,0,0,1.0,1,1.0,1,1.0,1,0.23738889801541754,36
2706,1,4987,2190,2797,0,0,0,1.0,1,1.0,1,1.0,1,0.23055391588231128,36
2707,2,4989,2191,2798,0,0,0,1.0,1,1.0,1,1.0,1,0.2637482529285059,35
2708,2,4991,2193,2798,0,0,0,1.0,1,1.0,1,1.0,1,0.2788652783674341,36
2709,1,4992,2194,2798,0,0,0,1.0,1,1.0,1,1.0,1,0.280867216429118,32
2710,1,4993,2195,2798,0,0,0,1.0,1,1.0,1,1.0,1,0.3308249053987868,29
2711,3,4996,2196,2800,0,0,0,1.0,1,1.0,1,1.0,1,0.3611291918834468,29
2712,2,4998,2197,2801,0,0,0,1.0,1,1.0,1,1.0,1,0.42156077626204,28
2713,0,4998,2197,2801,0,0,0,1.0,1,1.0,1,1.0,1,0.4008452809697547,28
2714,3,5001,2200,2801,0,0,0,1.0,1,1.0,1,1.0,1,0.3488454517127448,26
2715,0,5001,2200,2801,0,0,0,1.0,1,1.0,1,1.0,1,0.3319935719229748,24
2716,2,5003,2200,2803,0,0,0,1.0,1,1.0,1,1.0,1,0.25652945233890784,24
2717,4,5007,2203,2804,0,0,0,1.0,1,1.0,1,1.0,1,0.28068904881178064,25
2718,3,5010,2204,2806,0,0,0,1.0,1,1.0,1,1.0,1,0.33533739813506935,25
2719,4,5014,2206,2808,0,0,0,1.0,1,1.0,1,1.0,1,0.348356001484173,25
2720,2,5016,2207,2809,0,0,0,1.0,1,1.0,1,1.0,1,0.37426004403008145,25
2721,4,5020,2209,2811,0,0,0,1.0,1,1.0,1,1.0,1,0.3451541543679072,25
2722,3,5023,2210,2813,0,0,0,1.0,1,1.0,1,1.0,1,0.3371377343238858,26
2723,3,5026,2210,2816,0,0,0,1.0,1,1.0,1,1.0,1,0.3414174409519965,26
2724,3,5029,2211,2818,0,0,0,1.0,1,1.0,1,1.0,1,0.3231662182912759,27
2725,1,5030,2211,2819,0,0,0,1.0,1,1.0,1,1.0,1,0.3032308201863675,28
2726,2,5032,2211,2821,0,0,0,1.0,1,1.0,1,1.0,1,0.3032308201863675,28
2727,2,5034,2211,2823,0,0,0,1.0,1,1.0,1,1.0,1,0.30730465606758206,29
2728,1,5035,2211,2824,0,0,0,1.0,1,1.0,1,1.0,1,0.3261447567436344,29
2729,2,5037,2211,2826,0,0,0,1.0,1,1.0,1,1.0,1,0.3289099167478814,29
2730,1,5038,2211,2827,0,0,0,1.0,1,1.0,1,1.0,1,0.27798491435783607,29
2731,2,5040,2211,2829,0,0,0,1.0,1,1.0,1,1.0,1,0.22194093000411147,30
2732,0,5040,2211,2829,0,0,0,1.0,1,1.0,1,1.0,1,0.24087672993086653,29
2733,0,5040,2211,2829,0,0,0,1.0,1,1.0,1,1.0,1,0.24087672993086653,29
2734,1,5041,2212,2829,0,0,0,1.0,1,1.0,1,1.0,1,0.2279077751862298,29
2735,1,5042,2213,2829,0,0,0,1.0,1,1.0,1,1.0,1,0.2699382799591453,29
2736,1,5043,2213,2830,0,0,0,1.0,1,1.0,1,1.0,1,0.2680864554535367,30
2737,1,5044,2213,2831,0,0,0,1.0,1,1.0,1,1.0,1,0.29193701657776105,30
2738,1,5045,2214,2831,0,0,0,1.0,1,1.0,1,1.0,1,0.3351614669056446,30
2739,0,5045,2214,2831,0,0,0,1.0,1,1.0,1,1.0,1,0.368057519600468,29
2740,0,5045,2214,2831,0,0,0,1.0,1,1.0,1,1.0,1,0.368057519600468,29
2741,0,5045,2214,2831,0,0,0,1.0,1,1.0,1,1.0,1,0.4026243713630708,28
2742,1,5046,2215,2831,0,0,0,1.0,1,1.0,1,1.0,1,0.40596093564050906,28
2743,5,5051,2217,2834,0,0,0,1.0,1,1.0,1,1.0,1,0.3763396669080934,29
2744,4,5055,2219,2836,0,0,0,1.0,1,1.0,1,1.0,1,0.36466712957845315,27
2745,1,5056,2220,2836,0,0,0,1.0,1,1.0,1,1.0,1,0.3722084065730688,25
2746,2,5058,2221,2837,0,0,0,1.0,1,1.0,1,1.0,1,0.4076740980876083,25
2747,1,5059,2222,2837,0,0,0,1.0,1,1.0,1,1.0,1,0.4239879986149845,23
2748,0,5059,2222,2837,0,0,0,1.0,1,1.0,1,1.0,1,0.40001189876813603,22
2749,2,5061,2223,2838,0,0,0,1.0,1,1.0,1,1.0,1,0.3742710666795714,19
2750,1,5062,2224,2838,0,0,0,1.0,1,1.0,1,1.0,1,0.39679779122312797,18
2751,0,5062,2224,2838,0,0,0,1.0,1,1.0,1,1.0,1,0.456017539599383,16
2752,0,5062,2224,2838,0,0,0,1.0,1,1.0,1,1.0,1,0.43568065118775334,15
2753,0,5062,2224,2838,0,0,0,1.0,1,1.0,1,1.0,1,0.43568065118775334,15
2754,0,5062,2224,2838,0,0,0,1.0,1,1.0,1,1.0,1,0.43568065118775334,15
2755,0,5062,2224,2838,0,0,0,1.0,1,1.0,1,1.0,1,0.43568065118775334,15
2756,0,5062,2224,2838,0,0,0,1.0,1,1.0,1,1.0,1,0.44543157998322674,16
2757,0,5062,2224,2838,0,0,0,1.0,1,1.0,1,1.0,1,0.3685799699966152,17
2758,0,5062,2224,2838,0,0,0,1.0,1,1.0,1,1.0,1,0.3685799699966152,17
2759,0,5062,2224,2838,0,0,0,1.0,1,1.0,1,1.0,1,0.3599990819974102,18
2760,0,5062,2224,2838,0,0,0,1.0,1,1.0,1,1.0,1,0.3599990819974102,18
2761,0,5062,2224,2838,0,0,0,1.0,1,1.0,1,1.0,1,0.3599990819974102,18
2762,0,5062,2224,2838,0,0,0,1.0,1,1.0,1,1.0,1,0.3599990819974102,18
2763,0,5062,2224,2838,0,0,0,1.0,1,1.0,1,1.0,1,0.42252977523206375,17
2764,2,5064,2225,2839,0,0,0,1.0,1,1.0,1,1.0,1,0.47780339407635736,17
2765,0,5064,2225,2839,0,0,0,1.0,1,1.0,1,1.0,1,0.49320660772562325,18
2766,1,5065,2225,2840,0,0,0,1.0,1,1.0,1,1.0,1,0.45616459841046786,18
2767,0,5065,2225,2840,0,0,0,1.0,1,1.0,1,1.0,1,0.45616459841046786,18
2768,0,5065,2225,2840,0,0,0,1.0,1,1.0,1,1.0,1,0.45616459841046786,18
2769,2,5067,2227,2840,0,0,0,1.0,1,1.0,1,1.0,1,0.398219101565649,18
2770,0,5067,2227,2840,0,0,0,1.0,1,1.0,1,1.0,1,0.398219101565649,18
2771,0,5067,2227,2840,0,0,0,1.0,1,1.0,1,1.0,1,0.398219101565649,18
2772,0,5067,2227,2840,0,0,0,1.0,1,1.0,1,1.0,1,0.398219101565649,18
2773,0,5067,2227,2840,0,0,0,1.0,1,1.0,1,1.0,1,0.398219101565649,18
2774,2,5069,2228,2841,0,0,0,1.0,1,1.0,1,1.0,1,0.4221850780709074,20
2775,0,5069,2228,2841,0,0,0,1.0,1,1.0,1,1.0,1,0.40609806000127824,21
2776,1,5070,2229,2841,0,0,0,1.0,1,1.0,1,1.0,1,0.3505436583076273,21
2777,1,5071,2229,2842,0,0,0,1.0,1,1.0,1,1.0,1,0.31921161053559494,22
2778,2,5073,2230,2843,0,0,0,1.0,1,1.0,1,1.0,1,0.2922626407679355,24
2779,1,5074,2231,2843,0,0,0,1.0,1,1.0,1,1.0,1,0.3313606353087439,24
2780,0,5074,2231,2843,0,0,0,1.0,1,1.0,1,1.0,1,0.3313606353087439,24
2781,0,5074,2231,2843,0,0,0,1.0,1,1.0,1,1.0,1,0.3313606353087439,24
2782,1,5075,2231,2844,0,0,0,1.0,1,1.0,1,1.0,1,0.29546017869412133,24
2783,1,5076,2232,2844,0,0,0,1.0,1,1.0,1,1.0,1,0.2842853302568357,24
2784,4,5080,2234,2846,0,0,0,1.0,1,1.0,1,1.0,1,0.281268593798173,24
2785,2,5082,2235,2847,0,0,0,1.0,1,1.0,1,1.0,1,0.28580849751547777,22
2786,0,5082,2235,2847,0,0,0,1.0,1,1.0,1,1.0,1,0.31728754586316255,22
2787,0,5082,2235,2847,0,0,0,1.0,1,1.0,1,1.0,1,0.2905538970208377,21
2788,0,5082,2235,2847,0,0,0,1.0,1,1.0,1,1.0,1,0.26756525250654717,20
2789,1,5083,2236,2847,0,0,0,1.0,1,1.0,1,1.0,1,0.33048628923538537,20
2790,0,5083,2236,2847,0,0,0,1.0,1,1.0,1,1.0,1,0.3539999608933767,21
2791,1,5084,2237,2847,0,0,0,1.0,1,1.0,1,1.0,1,0.4088363262267659,21
2792,0,5084,2237,2847,0,0,0,1.0,1,1.0,1,1.0,1,0.4088363262267659,21
2793,0,5084,2237,2847,0,0,0,1.0,1,1.0,1,1.0,1,0.43383176631404713,18
2794,0,5084,2237,2847,0,0,0,1.0,1,1.0,1,1.0,1,0.43383176631404713,18
2795,1,5085,2237,2848,0,0,0,1.0,1,1.0,1,1.0,1,0.38109556905953546,20
2796,1,5086,2238,2848,0,0,0,1.0,1,1.0,1,1.0,1,0.358792407132505,21
2797,0,5086,2238,2848,0,0,0,1.0,1,1.0,1,1.0,1,0.358792407132505,21
2798,0,5086,2238,2848,0,0,0,1.0,1,1.0,1,1.0,1,0.358792407132505,21
2799,0,5086,2238,2848,0,0,0,1.0,1,1.0,1,1.0,1,0.3696848504730397,22
2800,0,5086,2238,2848,0,0,0,1.0,1,1.0,1,1.0,1,0.3696848504730397,22
2801,1,5087,2239,2848,0,0,0,1.0,1,1.0,1,1.0,1,0.3600807918298386,22
2802,0,5087,2239,2848,0,0,0,1.0,1,1.0,1,1.0,1,0.3600807918298386,22
2803,1,5088,2240,2848,0,0,0,1.0,1,1.0,1,1.0,1,0.4114559465615842,22
2804,0,5088,2240,2848,0,0,0,1.0,1,1.0,1,1.0,1,0.4269781308386967,23
2805,0,5088,2240,2848,0,0,0,1.0,1,1.0,1,1.0,1,0.4269781308386967,23
2806,0,5088,2240,2848,0,0,0,1.0,1,1.0,1,1.0,1,0.4269781308386967,23
2807,0,5088,2240,2848,0,0,0,1.0,1,1.0,1,1.0,1,0.41214736268746377,24
2808,0,5088,2240,2848,0,0,0,1.0,1,1.0,1,1.0,1,0.41214736268746377,24
2809,2,5090,2241,2849,0,0,0,1.0,1,1.0,1,1.0,1,0.4338035466519281,25
2810,0,5090,2241,2849,0,0,0,1.0,1,1.0,1,1.0,1,0.4252640950567094,24
2811,1,5091,2241,2850,0,0,0,1.0,1,1.0,1,1.0,1,0.41229776053394673,26
2812,2,5093,2242,2851,0,0,0,1.0,1,1.0,1,1.0,1,0.3941990491984837,26
2813,0,5093,2242,2851,0,0,0,1.0,1,1.0,1,1.0,1,0.39600817874475097,27
2814,6,5099,2244,2855,0,0,0,1.0,1,1.0,1,1.0,1,0.3695714600567031,29
2815,2,5101,2244,2857,0,0,0,1.0,1,1.0,1,1.0,1,0.3695714600567031,29
2816,1,5102,2244,2858,0,0,0,1.0,1,1.0,1,1.0,1,0.3916025559293078,29
2817,1,5103,2244,2859,0,0,0,1.0,1,1.0,1,1.0,1,0.37520481791335486,29
2818,1,5104,2244,2860,0,0,0,1.0,1,1.0,1,1.0,1,0.4167186367593964,29
2819,0,5104,2244,2860,0,0,0,1.0,1,1.0,1,1.0,1,0.431988016065854,30
2820,2,5106,2245,2861,0,0,0,1.0,1,1.0,1,1.0,1,0.41837558831564087,30
2821,3,5109,2245,2864,0,0,0,1.0,1,1.0,1,1.0,1,0.3540278732015549,31
2822,2,5111,2246,2865,0,0,0,1.0,1,1.0,1,1.0,1,0.38358046939815804,30
2823,1,5112,2247,2865,0,0,0,1.0,1,1.0,1,1.0,1,0.33814473029197295,27
2824,0,5112,2247,2865,0,0,0,1.0,1,1.0,1,1.0,1,0.3233791582955601,28
2825,4,5116,2251,2865,0,0,0,1.0,1,1.0,1,1.0,1,0.3669530417509305,28
2826,1,5117,2252,2865,0,0,0,1.0,1,1.0,1,1.0,1,0.42057967764737697,27
2827,2,5119,2254,2865,0,0,0,1.0,1,1.0,1,1.0,1,0.44644889993369985,28
2828,4,5123,2254,2869,0,0,0,1.0,1,1.0,1,1.0,1,0.36071760145399295,28
2829,2,5125,2255,2870,0,0,0,1.0,1,1.0,1,1.0,1,0.3204453192221849,27
2830,0,5125,2255,2870,0,0,0,1.0,1,1.0,1,1.0,1,0.3204453192221849,27
2831,0,5125,2255,2870,0,0,0,1.0,1,1.0,1,1.0,1,0.3204453192221849,27
2832,2,5127,2255,2872,0,0,0,1.0,1,1.0,1,1.0,1,0.29643925254040693,27
2833,0,5127,2255,2872,0,0,0,1.0,1,1.0,1,1.0,1,0.27209222943112643,26
2834,1,5128,2256,2872,0,0,0,1.0,1,1.0,1,1.0,1,0.22615665960887746,26
2835,1,5129,2257,2872,0,0,0,1.0,1,1.0,1,1.0,1,0.19915855893965864,25
2836,1,5130,2258,2872,0,0,0,1.0,1,1.0,1,1.0,1,0.24489542169275522,27
2837,1,5131,2258,2873,0,0,0,1.0,1,1.0,1,1.0,1,0.22416623640652067,27
2838,0,5131,2258,2873,0,0,0,1.0,1,1.0,1,1.0,1,0.22416623640652067,27
2839,1,5132,2259,2873,0,0,0,1.0,1,1.0,1,1.0,1,0.2782738114279569,29
2840,1,5133,2260,2873,0,0,0,1.0,1,1.0,1,1.0,1,0.26982805428025974,29
2841,1,5134,2260,2874,0,0,0,1.0,1,1.0,1,1.0,1,0.25685567928475805,31
2842,1,5135,2260,2875,0,0,0,1.0,1,1.0,1,1.0,1,0.23529412596534677,31
2843,0,5135,2260,2875,0,0,0,1.0,1,1.0,1,1.0,1,0.24477128690215488,32
2844,2,5137,2261,2876,0,0,0,1.0,1,1.0,1,1.0,1,0.26639262357827065,33
2845,0,5137,2261,2876,0,0,0,1.0,1,1.0,1,1.0,1,0.2722123830157312,32
2846,2,5139,2263,2876,0,0,0,1.0,1,1.0,1,1.0,1,0.22018242034323418,33
2847,0,5139,2263,2876,0,0,0,1.0,1,1.0,1,1.0,1,0.2460515150651908,32
2848,1,5140,2264,2876,0,0,0,1.0,1,1.0,1,1.0,1,0.2968170036910866,33
2849,0,5140,2264,2876,0,0,0,1.0,1,1.0,1,1.0,1,0.3007099658985722,34
2850,2,5142,2266,2876,0,0,0,1.0,1,1.0,1,1.0,1,0.25241028533940835,34
2851,0,5142,2266,2876,0,0,0,1.0,1,1.0,1,1.0,1,0.25241028533940835,34
2852,4,5146,2270,2876,0,0,0,1.0,1,1.0,1,1.0,1,0.2625018306263539,35
2853,2,5148,2271,2877,0,0,0,1.0,1,1.0,1,1.0,1,0.26930395470934065,36
2854,0,5148,2271,2877,0,0,0,1.0,1,1.0,1,1.0,1,0.29197995678896144,37
2855,3,5151,2273,2878,0,0,0,1.0,1,1.0,1,1.0,1,0.2887388307053148,38
2856,2,5153,2273,2880,0,0,0,1.0,1,1.0,1,1.0,1,0.258370256773979,38
2857,1,5154,2274,2880,0,0,0,1.0,1,1.0,1,1.0,1,0.25843631678558887,39
2858,2,5156,2275,2881,0,0,0,1.0,1,1.0,1,1.0,1,0.24939679731648964,40
2859,3,5159,2276,2883,0,0,0,1.0,1,1.0,1,1.0,1,0.2334320863725484,40
2860,3,5162,2279,2883,0,0,0,1.0,1,1.0,1,1.0,1,0.2504047375006923,40
2861,2,5164,2280,2884,0,0,0,1.0,1,1.0,1,1.0,1,0.23387314480556043,38
2862,1,5165,2281,2884,0,0,0,1.0,1,1.0,1,1.0,1,0.254711060839702,38
2863,6,5171,2284,2887,0,0,0,1.0,1,1.0,1,1.0,1,0.23830403797459634,38
2864,1,5172,2285,2887,0,0,0,1.0,1,1.0,1,1.0,1,0.22535485026642493,36
2865,3,5175,2288,2887,0,0,0,1.0,1,1.0,1,1.0,1,0.3095645586014252,34
2866,3,5178,2290,2888,0,0,0,1.0,1,1.0,1,1.0,1,0.342493575091224,31
2867,0,5178,2290,2888,0,0,0,1.0,1,1.0,1,1.0,1,0.33415238900699107,30
2868,3,5181,2293,2888,0,0,0,1.0,1,1.0,1,1.0,1,0.43849485641404645,27
2869,4,5185,2294,2891,0,0,0,1.0,1,1.0,1,1.0,1,0.31747723362859664,27
2870,1,5186,2294,2892,0,0,0,1.0,1,1.0,1,1.0,1,0.29253575875577764,25
2871,1,5187,2295,2892,0,0,0,1.0,1,1.0,1,1.0,1,0.3187223475572637,25
2872,0,5187,2295,2892,0,0,0,1.0,1,1.0,1,1.0,1,0.319976515746419,23
2873,2,5189,2296,2893,0,0,0,1.0,1,1.0,1,1.0,1,0.3324553465981154,24
2874,2,5191,2297,2894,0,0,0,1.0,1,1.0,1,1.0,1,0.35089009332217486,24
2875,0,5191,2297,2894,0,0,0,1.0,1,1.0,1,1.0,1,0.36293387889337203,23
2876,1,5192,2298,2894,0,0,0,1.0,1,1.0,1,1.0,1,0.39446622164080264,24
2877,1,5193,2299,2894,0,0,0,1.0,1,1.0,1,1.0,1,0.4504161595122006,24
2878,2,5195,2300,2895,0,0,0,1.0,1,1.0,1,1.0,1,0.38780203865435225,24
2879,2,5197,2302,2895,0,0,0,1.0,1,1.0,1,1.0,1,0.4143446661375563,25
2880,0,5197,2302,2895,0,0,0,1.0,1,1.0,1,1.0,1,0.424101325676267,26
2881,3,5200,2302,2898,0,0,0,1.0,1,1.0,1,1.0,1,0.3458099343320871,26
2882,0,5200,2302,2898,0,0,0,1.0,1,1.0,1,1.0,1,0.3391016626638217,27
2883,0,5200,2302,2898,0,0,0,1.0,1,1.0,1,1.0,1,0.3278287038816501,28
2884,1,5201,2302,2899,0,0,0,1.0,1,1.0,1,1.0,1,0.34772231064534603,29
2885,1,5202,2302,2900,0,0,0,1.0,1,1.0,1,1.0,1,0.3194812528490379,31
2886,3,5205,2303,2902,0,0,0,1.0,1,1.0,1,1.0,1,0.3055216952841942,31
2887,0,5205,2303,2902,0,0,0,1.0,1,1.0,1,1.0,1,0.30098075426085996,33
2888,0,5205,2303,2902,0,0,0,1.0,1,1.0,1,1.0,1,0.3225082535910213,34
2889,1,5206,2303,2903,0,0,0,1.0,1,1.0,1,1.0,1,0.2999633978493564,35
2890,0,5206,2303,2903,0,0,0,1.0,1,1.0,1,1.0,1,0.2999633978493564,35
2891,0,5206,2303,2903,0,0,0,1.0,1,1.0,1,1.0,1,0.2999633978493564,35
2892,2,5208,2305,2903,0,0,0,1.0,1,1.0,1,1.0,1,0.3336713665691507,35
2893,2,5210,2305,2905,0,0,0,1.0,1,1.0,1,1.0,1,0.3076720379329851,37
2894,3,5213,2305,2908,0,0,0,1.0,1,1.0,1,1.0,1,0.30542280432430824,37
2895,4,5217,2306,2911,0,0,0,1.0,1,1.0,1,1.0,1,0.32773357537202125,37
2896,1,5218,2306,2912,0,0,0,1.0,1,1.0,1,1.0,1,0.3193477572945891,38
2897,0,5218,2306,2912,0,0,0,1.0,1,1.0,1,1.0,1,0.35574276149041867,37
2898,1,5219,2306,2913,0,0,0,1.0,1,1.0,1,1.0,1,0.36518524940452335,38
2899,0,5219,2306,2913,0,0,0,1.0,1,1.0,1,1.0,1,0.34767327759888444,37
2900,0,5219,2306,2913,0,0,0,1.0,1,1.0,1,1.0,1,0.34408089652327084,36
2901,0,5219,2306,2913,0,0,0,1.0,1,1.0,1,1.0,1,0.3422798276666755,37
2902,1,5220,2307,2913,0,0,0,1.0,1,1.0,1,1.0,1,0.3927203632416789,35
2903,0,5220,2307,2913,0,0,0,1.0,1,1.0,1,1.0,1,0.3844595227621917,35
2904,0,5220,2307,2913,0,0,0,1.0,1,1.0,1,1.0,1,0.4265476330888757,33
2905,0,5220,2307,2913,0,0,0,1.0,1,1.0,1,1.0,1,0.41563280202717917,34
2906,2,5222,2309,2913,0,0,0,1.0,1,1.0,1,1.0,1,0.44788040308990906,34
2907,1,5223,2309,2914,0,0,0,1.0,1,1.0,1,1.0,1,0.4228944449635006,35
2908,1,5224,2309,2915,0,0,0,1.0,1,1.0,1,1.0,1,0.39474576880596596,36
2909,0,5224,2309,2915,0,0,0,1.0,1,1.0,1,1.0,1,0.4147440693340169,38
2910,0,5224,2309,2915,0,0,0,1.0,1,1.0,1,1.0,1,0.4147440693340169,38
2911,2,5226,2310,2916,0,0,0,1.0,1,1.0,1,1.0,1,0.3898657651071941,37
2912,0,5226,2310,2916,0,0,0,1.0,1,1.0,1,1.0,1,0.3898657651071941,37
2913,0,5226,2310,2916,0,0,0,1.0,1,1.0,1,1.0,1,0.4008057668305148,38
2914,1,5227,2310,2917,0,0,0,1.0,1,1.0,1,1.0,1,0.37394972783491587,38
2915,2,5229,2310,2919,0,0,0,1.0,1,1.0,1,1.0,1,0.3464626664763948,39
2916,1,5230,2311,2919,0,0,0,1.0,1,1.0,1,1.0,1,0.3458159059503379,40
2917,1,5231,2312,2919,0,0,0,1.0,1,1.0,1,1.0,1,0.3760851686371094,41
2918,2,5233,2313,2920,0,0,0,1.0,1,1.0,1,1.0,1,0.37675614014902536,41
2919,0,5233,2313,2920,0,0,0,1.0,1,1.0,1,1.0,1,0.37675614014902536,41
2920,3,5236,2313,2923,0,0,0,1.0,1,1.0,1,1.0,1,0.34249500723683324,43
2921,0,5236,2313,2923,0,0,0,1.0,1,1.0,1,1.0,1,0.3639471943146258,42
2922,1,5237,2314,2923,0,0,0,1.0,1,1.0,1,1.0,1,0.3498778753270688,43
2923,0,5237,2314,2923,0,0,0,1.0,1,1.0,1,1.0,1,0.35562086606340293,44
2924,0,5237,2314,2923,0,0,0,1.0,1,1.0,1,1.0,1,0.3453513343056373,45
2925,2,5239,2314,2925,0,0,0,1.0,1,1.0,1,1.0,1,0.3217991982120241,45
2926,7,5246,2314,2932,0,0,0,1.0,1,1.0,1,1.0,1,0.2523428297898213,47
2927,2,5248,2315,2933,0,0,0,1.0,1,1.0,1,1.0,1,0.24685863095691618,47
2928,2,5250,2315,2935,0,0,0,1.0,1,1.0,1,1.0,1,0.250266552310667,48
2929,0,5250,2315,2935,0,0,0,1.0,1,1.0,1,1.0,1,0.250266552310667,48
2930,0,5250,2315,2935,0,0,0,1.0,1,1.0,1,1.0,1,0.27229301665766736,50
2931,2,5252,2315,2937,0,0,0,1.0,1,1.0,1,1.0,1,0.266985102488954,51
2932,1,5253,2315,2938,0,0,0,1.0,1,1.0,1,1.0,1,0.2642263214660897,51
2933,1,5254,2316,2938,0,0,0,1.0,1,1.0,1,1.0,1,0.2935877601689975,52
2934,2,5256,2317,2939,0,0,0,1.0,1,1.0,1,1.0,1,0.294193593138183,52
2935,0,5256,2317,2939,0,0,0,1.0,1,1.0,1,1.0,1,0.3058737961994646,51
2936,1,5257,2317,2940,0,0,0,1.0,1,1.0,1,1.0,1,0.27452529979046336,49
2937,0,5257,2317,2940,0,0,0,1.0,1,1.0,1,1.0,1,0.29684416768432853,50
2938,4,5261,2318,2943,0,0,0,1.0,1,1.0,1,1.0,1,0.2803864094290537,50
2939,0,5261,2318,2943,0,0,0,1.0,1,1.0,1,1.0,1,0.2790853538527847,51
2940,0,5261,2318,2943,0,0,0,1.0,1,1.0,1,1.0,1,0.2924535580649501,52
2941,2,5263,2318,2945,0,0,0,1.0,1,1.0,1,1.0,1,0.2828569046749139,53
2942,2,5265,2320,2945,0,0,0,1.0,1,1.0,1,1.0,1,0.31499917728123333,52
2943,2,5267,2322,2945,0,0,0,1.0,1,1.0,1,1.0,1,0.3194456992594068,51
2944,5,5272,2324,2948,0,0,0,1.0,1,1.0,1,1.0,1,0.30027631775794184,52
2945,3,5275,2325,2950,0,0,0,1.0,1,1.0,1,1.0,1,0.2578554568900007,50
2946,5,5280,2327,2953,0,0,0,1.0,1,1.0,1,1.0,1,0.26696293591805687,51
2947,3,5283,2329,2954,0,0,0,1.0,1,1.0,1,1.0,1,0.2640794443327999,50
2948,2,5285,2330,2955,0,0,0,1.0,1,1.0,1,1.0,1,0.26244192809481365,50
2949,1,5286,2330,2956,0,0,0,1.0,1,1.0,1,1.0,1,0.2438113966181308,49
2950,0,5286,2330,2956,0,0,0,1.0,1,1.0,1,1.0,1,0.25378869133585996,48
2951,2,5288,2331,2957,0,0,0,1.0,1,1.0,1,1.0,1,0.2763077510154182,48
2952,0,5288,2331,2957,0,0,0,1.0,1,1.0,1,1.0,1,0.2786337589348717,46
2953,0,5288,2331,2957,0,0,0,1.0,1,1.0,1,1.0,1,0.2786337589348717,46
2954,0,5288,2331,2957,0,0,0,1.0,1,1.0,1,1.0,1,0.2938584670726251,48
2955,1,5289,2331,2958,0,0,0,1.0,1,1.0,1,1.0,1,0.27444337644320665,48
2956,4,5293,2331,2962,0,0,0,1.0,1,1.0,1,1.0,1,0.23264393042015638,47
2957,4,5297,2332,2965,0,0,0,1.0,1,1.0,1,1.0,1,0.21501762334414676,48
2958,0,5297,2332,2965,0,0,0,1.0,1,1.0,1,1.0,1,0.2168003150039804,49
2959,3,5300,2334,2966,0,0,0,1.0,1,1.0,1,1.0,1,0.23754474117025845,49
2960,2,5302,2334,2968,0,0,0,1.0,1,1.0,1,1.0,1,0.19241515741791398,49
2961,3,5305,2334,2971,0,0,0,1.0,1,1.0,1,1.0,1,0.15819872550813796,51
2962,3,5308,2335,2973,0,0,0,1.0,1,1.0,1,1.0,1,0.1393154797533353,51
2963,1,5309,2336,2973,0,0,0,1.0,1,1.0,1,1.0,1,0.14819065189381744,51
2964,2,5311,2337,2974,0,0,0,1.0,1,1.0,1,1.0,1,0.15107994437902666,52
2965,3,5314,2337,2977,0,0,0,1.0,1,1.0,1,1.0,1,0.154421742608587,53
2966,1,5315,2338,2977,0,0,0,1.0,1,1.0,1,1.0,1,0.17833172749020337,53
2967,4,5319,2339,2980,0,0,0,1.0,1,1.0,1,1.0,1,0.17792839287234233,53
2968,1,5320,2339,2981,0,0,0,1.0,1,1.0,1,1.0,1,0.15856782795173716,54
2969,1,5321,2340,2981,0,0,0,1.0,1,1.0,1,1.0,1,0.18394814458053452,55
2970,0,5321,2340,2981,0,0,0,1.0,1,1.0,1,1.0,1,0.18394814458053452,55
2971,1,5322,2340,2982,0,0,0,1.0,1,1.0,1,1.0,1,0.15343010646609967,55
2972,0,5322,2340,2982,0,0,0,1.0,1,1.0,1,1.0,1,0.15343010646609967,55
2973,0,5322,2340,2982,0,0,0,1.0,1,1.0,1,1.0,1,0.15851769413153072,55
2974,1,5323,2341,2982,0,0,0,1.0,1,1.0,1,1.0,1,0.15335445700979464,56
2975,0,5323,2341,2982,0,0,0,1.0,1,1.0,1,1.0,1,0.14963038912719287,55
2976,0,5323,2341,2982,0,0,0,1.0,1,1.0,1,1.0,1,0.16800509053882745,57
2977,1,5324,2341,2983,0,0,0,1.0,1,1.0,1,1.0,1,0.15486038100923288,59
2978,1,5325,2342,2983,0,0,0,1.0,1,1.0,1,1.0,1,0.1627479762052456,59
2979,2,5327,2343,2984,0,0,0,1.0,1,1.0,1,1.0,1,0.15859889691477105,59
2980,2,5329,2344,2985,0,0,0,1.0,1,1.0,1,1.0,1,0.16101064684621877,59
2981,1,5330,2345,2985,0,0,0,1.0,1,1.0,1,1.0,1,0.17211897524699316,59
2982,4,5334,2347,2987,0,0,0,1.0,1,1.0,1,1.0,1,0.1983073579851813,61
2983,7,5341,2350,2991,0,0,0,1.0,1,1.0,1,1.0,1,0.19698391583085498,61
2984,6,5347,2353,2994,0,0,0,1.0,1,1.0,1,1.0,1,0.2080139375714203,61
2985,5,5352,2357,2995,0,0,0,1.0,1,1.0,1,1.0,1,0.2623603589734897,57
2986,13,5365,2361,3004,0,0,0,1.0,1,1.0,1,1.0,1,0.16875964757905113,58
2987,7,5372,2362,3010,0,0,0,1.0,1,1.0,1,1.0,1,0.1434812776629691,56
2988,4,5376,2363,3013,0,0,0,1.0,1,1.0,1,1.0,1,0.13959646194184772,55
2989,6,5382,2365,3017,0,0,0,1.0,1,1.0,1,1.0,1,0.1550793917721471,53
2990,2,5384,2365,3019,0,0,0,1.0,1,1.0,1,1.0,1,0.1854474993271861,52
2991,1,5385,2365,3020,0,0,0,1.0,1,1.0,1,1.0,1,0.16760645650696893,54
2992,2,5387,2366,3021,0,0,0,1.0,1,1.0,1,1.0,1,0.16290981136254434,55
2993,1,5388,2367,3021,0,0,0,1.0,1,1.0,1,1.0,1,0.1579991080890765,53
2994,3,5391,2370,3021,0,0,0,1.0,1,1.0,1,1.0,1,0.20158094314996763,53
2995,3,5394,2371,3023,0,0,0,1.0,1,1.0,1,1.0,1,0.18201349720045312,51
2996,3,5397,2372,3025,0,0,0,1.0,1,1.0,1,1.0,1,0.1343586037952693,52
2997,3,5400,2374,3026,0,0,0,1.0,1,1.0,1,1.0,1,0.14300449396357376,50
2998,0,5400,2374,3026,0,0,0,1.0,1,1.0,1,1.0,1,0.16036046417758326,51
2999,0,5400,2374,3026,0,0,0,1.0,1,1.0,1,1.0,1,0.13608275045727197,48
3000,2,5402,2375,3027,0,0,0,1.0,1,1.0,1,1.0,1,0.10057257009196544,48
3001,0,5402,2375,3027,0,0,0,1.0,1,1.0,1,1.0,1,0.10553422173970035,49
3002,1,5403,2375,3028,0,0,0,1.0,1,1.0,1,1.0,1,0.09886690657726784,50
3003,1,5404,2376,3028,0,0,0,1.0,1,1.0,1,1.0,1,0.1078078802397081,50
3004,0,5404,2376,3028,0,0,0,1.0,1,1.0,1,1.0,1,0.11301403113661769,51
3005,0,5404,2376,3028,0,0,0,1.0,1,1.0,1,1.0,1,0.13104918157616152,50
3006,0,5404,2376,3028,0,0,0,1.0,1,1.0,1,1.0,1,0.14760268941101837,51
3007,1,5405,2376,3029,0,0,0,1.0,1,1.0,1,1.0,1,0.166335134891437,51
3008,3,5408,2377,3031,0,0,0,1.0,1,1.0,1,1.0,1,0.19049018913139937,53
3009,0,5408,2377,3031,0,0,0,1.0,1,1.0,1,1.0,1,0.17478038127266132,52
3010,0,5408,2377,3031,0,0,0,1.0,1,1.0,1,1.0,1,0.17478038127266132,52
3011,1,5409,2378,3031,0,0,0,1.0,1,1.0,1,1.0,1,0.19362299022135646,51
3012,7,5416,2382,3034,0,0,0,1.0,1,1.0,1,1.0,1,0.22370722016753863,54
3013,3,5419,2384,3035,0,0,0,1.0,1,1.0,1,1.0,1,0.22594599857504957,52
3014,4,5423,2386,3037,0,0,0,1.0,1,1.0,1,1.0,1,0.2340242355211988,51
3015,4,5427,2388,3039,0,0,0,1.0,1,1.0,1,1.0,1,0.23459341390042301,50
3016,6,5433,2391,3042,0,0,0,1.0,1,1.0,1,1.0,1,0.21624140690129823,50
3017,3,5436,2393,3043,0,0,0,1.0,1,1.0,1,1.0,1,0.218427370236674,48
3018,1,5437,2394,3043,0,0,0,1.0,1,1.0,1,1.0,1,0.23477636520766848,48
3019,2,5439,2396,3043,0,0,0,1.0,1,1.0,1,1.0,1,0.2355606427670431,47
3020,2,5441,2398,3043,0,0,0,1.0,1,1.0,1,1.0,1,0.2176996508114077,47
3021,3,5444,2401,3043,0,0,0,1.0,1,1.0,1,1.0,1,0.23141104502085688,46
3022,5,5449,2405,3044,0,0,0,1.0,1,1.0,1,1.0,1,0.27273469185431903,45
3023,1,5450,2406,3044,0,0,0,1.0,1,1.0,1,1.0,1,0.24777119690273638,41
3024,3,5453,2409,3044,0,0,0,1.0,1,1.0,1,1.0,1,0.3091383969059437,43
3025,2,5455,2410,3045,0,0,0,1.0,1,1.0,1,1.0,1,0.28613917419337825,39
3026,2,5457,2412,3045,0,0,0,1.0,1,1.0,1,1.0,1,0.33048184678625725,38
3027,2,5459,2414,3045,0,0,0,1.0,1,1.0,1,1.0,1,0.34923521075374836,38
3028,1,5460,2415,3045,0,0,0,1.0,1,1.0,1,1.0,1,0.36370260756337236,38
3029,3,5463,2417,3046,0,0,0,1.0,1,1.0,1,1.0,1,0.3550602412598458,37
3030,0,5463,2417,3046,0,0,0,1.0,1,1.0,1,1.0,1,0.3421425053031008,38
3031,6,5469,2417,3052,0,0,0,1.0,1,1.0,1,1.0,1,0.1764528691929305,39
3032,0,5469,2417,3052,0,0,0,1.0,1,1.0,1,1.0,1,0.1764528691929305,39
3033,2,5471,2417,3054,0,0,0,1.0,1,1.0,1,1.0,1,0.17680165845564697,39
3034,2,5473,2417,3056,0,0,0,1.0,1,1.0,1,1.0,1,0.17558222468156132,38
3035,3,5476,2418,3058,0,0,0,1.0,1,1.0,1,1.0,1,0.19540293174761017,39
3036,2,5478,2418,3060,0,0,0,1.0,1,1.0,1,1.0,1,0.20757233349558057,39
3037,2,5480,2418,3062,0,0,0,1.0,1,1.0,1,1.0,1,0.2040161030074418,39
3038,2,5482,2419,3063,0,0,0,1.0,1,1.0,1,1.0,1,0.2301940203342586,40
3039,4,5486,2420,3066,0,0,0,1.0,1,1.0,1,1.0,1,0.23867926433632025,41
3040,5,5491,2422,3069,0,0,0,1.0,1,1.0,1,1.0,1,0.21838630282613594,42
3041,5,5496,2423,3073,0,0,0,1.0,1,1.0,1,1.0,1,0.23452647832705423,43
3042,8,5504,2425,3079,0,0,0,1.0,1,1.0,1,1.0,1,0.23475419579471876,45
3043,4,5508,2427,3081,0,0,0,1.0,1,1.0,1,1.0,1,0.27663987889231717,45
3044,5,5513,2428,3085,0,0,0,1.0,1,1.0,1,1.0,1,0.24990173387014492,45
3045,6,5519,2429,3090,0,0,0,1.0,1,1.0,1,1.0,1,0.31642454022064204,45
3046,6,5525,2429,3096,0,0,0,1.0,1,1.0,1,1.0,1,0.18829822104578053,46
3047,2,5527,2429,3098,0,0,0,1.0,1,1.0,1,1.0,1,0.1737835969121976,46
3048,1,5528,2429,3099,0,0,0,1.0,1,1.0,1,1.0,1,0.1835454511172011,49
3049,4,5532,2430,3102,0,0,0,1.0,1,1.0,1,1.0,1,0.17230777977375356,50
3050,2,5534,2431,3103,0,0,0,1.0,1,1.0,1,1.0,1,0.17339840512010546,50
3051,0,5534,2431,3103,0,0,0,1.0,1,1.0,1,1.0,1,0.20311881999020376,50
3052,2,5536,2432,3104,0,0,0,1.0,1,1.0,1,1.0,1,0.20244545055131874,50
3053,3,5539,2435,3104,0,0,0,1.0,1,1.0,1,1.0,1,0.2199362447055872,49
3054,0,5539,2435,3104,0,0,0,1.0,1,1.0,1,1.0,1,0.20041889593458628,47
3055,2,5541,2435,3106,0,0,0,1.0,1,1.0,1,1.0,1,0.17064415325052568,48
3056,1,5542,2436,3106,0,0,0,1.0,1,1.0,1,1.0,1,0.2273056159055992,47
3057,2,5544,2437,3107,0,0,0,1.0,1,1.0,1,1.0,1,0.2504222218441345,48
3058,2,5546,2439,3107,0,0,0,1.0,1,1.0,1,1.0,1,0.23040284906762007,46
3059,2,5548,2440,3108,0,0,0,1.0,1,1.0,1,1.0,1,0.2133172981153329,44
3060,1,5549,2440,3109,0,0,0,1.0,1,1.0,1,1.0,1,0.23254041911859774,44
3061,0,5549,2440,3109,0,0,0,1.0,1,1.0,1,1.0,1,0.2379099541775507,42
3062,4,5553,2443,3110,0,0,0,1.0,1,1.0,1,1.0,1,0.25794004065598164,42
3063,4,5557,2446,3111,0,0,0,1.0,1,1.0,1,1.0,1,0.25428875823721675,41
3064,4,5561,2449,3112,0,0,0,1.0,1,1.0,1,1.0,1,0.2997308558949606,42
3065,1,5562,2450,3112,0,0,0,1.0,1,1.0,1,1.0,1,0.27793413570539865,40
3066,4,5566,2453,3113,0,0,0,1.0,1,1.0,1,1.0,1,0.2611303662466745,42
3067,3,5569,2455,3114,0,0,0,1.0,1,1.0,1,1.0,1,0.2556638726519311,40
3068,1,5570,2456,3114,0,0,0,1.0,1,1.0,1,1.0,1,0.2428380631890932,39
3069,0,5570,2456,3114,0,0,0,1.0,1,1.0,1,1.0,1,0.2633469901243672,38
3070,1,5571,2456,3115,0,0,0,1.0,1,1.0,1,1.0,1,0.2697887833548007,39
3071,0,5571,2456,3115,0,0,0,1.0,1,1.0,1,1.0,1,0.28107867137566594,39
3072,6,5577,2459,3118,0,0,0,1.0,1,1.0,1,1.0,1,0.27889264934772656,40
3073,2,5579,2460,3119,0,0,0,1.0,1,1.0,1,1.0,1,0.29204764349034945,38
3074,0,5579,2460,3119,0,0,0,1.0,1,1.0,1,1.0,1,0.2599737312556265,38
3075,3,5582,2462,3120,0,0,0,1.0,1,1.0,1,1.0,1,0.2781729928113351,41
3076,3,5585,2462,3123,0,0,0,1.0,1,1.0,1,1.0,1,0.15716920193966133,42
3077,2,5587,2464,3123,0,0,0,1.0,1,1.0,1,1.0,1,0.19322437414269045,42
3078,2,5589,2464,3125,0,0,0,1.0,1,1.0,1,1.0,1,0.182253862483221,42
3079,1,5590,2464,3126,0,0,0,1.0,1,1.0,1,1.0,1,0.17181700239889225,42
3080,2,5592,2465,3127,0,0,0,1.0,1,1.0,1,1.0,1,0.1966140255632176,43
3081,3,5595,2465,3130,0,0,0,1.0,1,1.0,1,1.0,1,0.20463084567306036,44
3082,5,5600,2465,3135,0,0,0,1.0,1,1.0,1,1.0,1,0.2145707615063858,45
3083,4,5604,2465,3139,0,0,0,1.0,1,1.0,1,1.0,1,0.2145707615063858,45
3084,4,5608,2466,3142,0,0,0,1.0,1,1.0,1,1.0,1,0.22803991074235916,45
3085,5,5613,2467,3146,0,0,0,1.0,1,1.0,1,1.0,1,0.327452687381828,46
3086,6,5619,2467,3152,0,0,0,1.0,1,1.0,1,1.0,1,0.327452687381828,46
3087,3,5622,2467,3155,0,0,0,1.0,1,1.0,1,1.0,1,0.32903962491280714,47
3088,4,5626,2467,3159,0,0,0,1.0,1,1.0,1,1.0,1,0.3229990220666257,48
3089,7,5633,2467,3166,0,0,0,1.0,1,1.0,1,1.0,1,0.3165244722560261,46
3090,4,5637,2467,3170,0,0,0,1.0,1,1.0,1,1.0,1,0.3087695548331908,46
3091,2,5639,2467,3172,0,0,0,1.0,1,1.0,1,1.0,1,0.2791948026340298,46
3092,6,5645,2469,3176,0,0,0,1.0,1,1.0,1,1.0,1,0.23748370389660126,47
3093,3,5648,2470,3178,0,0,0,1.0,1,1.0,1,1.0,1,0.2616417585707488,47
3094,0,5648,2470,3178,0,0,0,1.0,1,1.0,1,1.0,1,0.2650980363971211,45
3095,3,5651,2472,3179,0,0,0,1.0,1,1.0,1,1.0,1,0.2192893531701419,46
3096,0,5651,2472,3179,0,0,0,1.0,1,1.0,1,1.0,1,0.22161648949718332,46
3097,2,5653,2474,3179,0,0,0,1.0,1,1.0,1,1.0,1,0.20220766260663214,47
3098,0,5653,2474,3179,0,0,0,1.0,1,1.0,1,1.0,1,0.20220766260663214,47
3099,0,5653,2474,3179,0,0,0,1.0,1,1.0,1,1.0,1,0.20220766260663214,47
3100,0,5653,2474,3179,0,0,0,1.0,1,1.0,1,1.0,1,0.20220766260663214,47
3101,1,5654,2474,3180,0,0,0,1.0,1,1.0,1,1.0,1,0.19525807147014965,48
3102,0,5654,2474,3180,0,0,0,1.0,1,1.0,1,1.0,1,0.19525807147014965,48
3103,1,5655,2475,3180,0,0,0,1.0,1,1.0,1,1.0,1,0.1785205817242414,49
3104,4,5659,2478,3181,0,0,0,1.0,1,1.0,1,1.0,1,0.15493284811717872,48
3105,0,5659,2478,3181,0,0,0,1.0,1,1.0,1,1.0,1,0.18187812613621226,45
3106,3,5662,2479,3183,0,0,0,1.0,1,1.0,1,1.0,1,0.16819237565633902,46
3107,1,5663,2480,3183,0,0,0,1.0,1,1.0,1,1.0,1,0.1837159945190067,44
3108,2,5665,2482,3183,0,0,0,1.0,1,1.0,1,1.0,1,0.17663616627974268,45
3109,0,5665,2482,3183,0,0,0,1.0,1,1.0,1,1.0,1,0.19166777888479683,44
3110,6,5671,2486,3185,0,0,0,1.0,1,1.0,1,1.0,1,0.20883476338685308,46
3111,3,5674,2488,3186,0,0,0,1.0,1,1.0,1,1.0,1,0.19000048789394486,46
3112,1,5675,2488,3187,0,0,0,1.0,1,1.0,1,1.0,1,0.19561816249489578,47
3113,0,5675,2488,3187,0,0,0,1.0,1,1.0,1,1.0,1,0.18335189015812983,48
3114,0,5675,2488,3187,0,0,0,1.0,1,1.0,1,1.0,1,0.1944204968420273,48
3115,0,5675,2488,3187,0,0,0,1.0,1,1.0,1,1.0,1,0.2133089575094975,49
3116,0,5675,2488,3187,0,0,0,1.0,1,1.0,1,1.0,1,0.22941643822002908,48
3117,1,5676,2488,3188,0,0,0,1.0,1,1.0,1,1.0,1,0.2401615949148935,49
3118,1,5677,2488,3189,0,0,0,1.0,1,1.0,1,1.0,1,0.2700388188990118,50
3119,0,5677,2488,3189,0,0,0,1.0,1,1.0,1,1.0,1,0.2700388188990118,50
3120,2,5679,2489,3190,0,0,0,1.0,1,1.0,1,1.0,1,0.2752251431173605,50
3121,5,5684,2491,3193,0,0,0,1.0,1,1.0,1,1.0,1,0.22918070452519898,50
3122,1,5685,2491,3194,0,0,0,1.0,1,1.0,1,1.0,1,0.2252057362223181,50
3123,1,5686,2492,3194,0,0,0,1.0,1,1.0,1,1.0,1,0.22100629735386895,51
3124,1,5687,2493,3194,0,0,0,1.0,1,1.0,1,1.0,1,0.24382547914018926,51
3125,1,5688,2494,3194,0,0,0,1.0,1,1.0,1,1.0,1,0.26649690008696036,51
3126,2,5690,2494,3196,0,0,0,1.0,1,1.0,1,1.0,1,0.2435684041795892,54
3127,1,5691,2495,3196,0,0,0,1.0,1,1.0,1,1.0,1,0.28260263020527365,53
3128,0,5691,2495,3196,0,0,0,1.0,1,1.0,1,1.0,1,0.30130938672644436,52
3129,0,5691,2495,3196,0,0,0,1.0,1,1.0,1,1.0,1,0.29317160976564904,51
3130,0,5691,2495,3196,0,0,0,1.0,1,1.0,1,1.0,1,0.27951954887218905,50
3131,2,5693,2497,3196,0,0,0,1.0,1,1.0,1,1.0,1,0.3012188147015543,50
3132,0,5693,2497,3196,0,0,0,1.0,1,1.0,1,1.0,1,0.28096723921826045,49
3133,2,5695,2498,3197,0,0,0,1.0,1,1.0,1,1.0,1,0.29842718532072376,49
3134,0,5695,2498,3197,0,0,0,1.0,1,1.0,1,1.0,1,0.30914644299266775,46
3135,4,5699,2499,3200,0,0,0,1.0,1,1.0,1,1.0,1,0.29339229361279523,47
3136,5,5704,2500,3204,0,0,0,1.0,1,1.0,1,1.0,1,0.21096902194036152,46
3137,1,5705,2500,3205,0,0,0,1.0,1,1.0,1,1.0,1,0.21187908178514586,49
3138,3,5708,2502,3206,0,0,0,1.0,1,1.0,1,1.0,1,0.2134057292094533,49
3139,1,5709,2503,3206,0,0,0,1.0,1,1.0,1,1.0,1,0.24798978040102873,50
3140,8,5717,2504,3213,0,0,0,1.0,1,1.0,1,1.0,1,0.19864194275852143,51
3141,0,5717,2504,3213,0,0,0,1.0,1,1.0,1,1.0,1,0.20770088941340015,50
3142,0,5717,2504,3213,0,0,0,1.0,1,1.0,1,1.0,1,0.20770088941340015,50
3143,2,5719,2504,3215,0,0,0,1.0,1,1.0,1,1.0,1,0.2147819327268859,49
3144,3,5722,2505,3217,0,0,0,1.0,1,1.0,1,1.0,1,0.21569781886877,49
3145,5,5727,2507,3220,0,0,0,1.0,1,1.0,1,1.0,1,0.24761076958175393,48
3146,6,5733,2507,3226,0,0,0,1.0,1,1.0,1,1.0,1,0.22469448607322134,49
3147,2,5735,2507,3228,0,0,0,1.0,1,1.0,1,1.0,1,0.26475050982417625,48
3148,8,5743,2510,3233,0,0,0,1.0,1,1.0,1,1.0,1,0.20186633657924805,48
3149,1,5744,2510,3234,0,0,0,1.0,1,1.0,1,1.0,1,0.20212439683011088,47
3150,1,5745,2510,3235,0,0,0,1.0,1,1.0,1,1.0,1,0.1932540877195824,47
3151,3,5748,2511,3237,0,0,0,1.0,1,1.0,1,1.0,1,0.19803061326651755,48
3152,0,5748,2511,3237,0,0,0,1.0,1,1.0,1,1.0,1,0.1967688308557401,47
3153,1,5749,2512,3237,0,0,0,1.0,1,1.0,1,1.0,1,0.2097638474292946,47
3154,2,5751,2514,3237,0,0,0,1.0,1,1.0,1,1.0,1,0.22874155428174964,48
3155,1,5752,2514,3238,0,0,0,1.0,1,1.0,1,1.0,1,0.22072668154448427,48
3156,0,5752,2514,3238,0,0,0,1.0,1,1.0,1,1.0,1,0.21800339469835472,48
3157,1,5753,2514,3239,0,0,0,1.0,1,1.0,1,1.0,1,0.23712574086491187,48
3158,1,5754,2514,3240,0,0,0,1.0,1,1.0,1,1.0,1,0.19984306971164456,48
3159,0,5754,2514,3240,0,0,0,1.0,1,1.0,1,1.0,1,0.2001785968882337,49
3160,1,5755,2514,3241,0,0,0,1.0,1,1.0,1,1.0,1,0.22219807739606623,51
3161,0,5755,2514,3241,0,0,0,1.0,1,1.0,1,1.0,1,0.21415739872159936,52
3162,0,5755,2514,3241,0,0,0,1.0,1,1.0,1,1.0,1,0.21018974468588672,51
3163,0,5755,2514,3241,0,0,0,1.0,1,1.0,1,1.0,1,0.21018974468588672,51
3164,4,5759,2515,3244,0,0,0,1.0,1,1.0,1,1.0,1,0.1979944541049944,52
3165,4,5763,2517,3246,0,0,0,1.0,1,1.0,1,1.0,1,0.25248538083984456,50
3166,8,5771,2518,3253,0,0,0,1.0,1,1.0,1,1.0,1,0.12774504670823925,50
3167,2,5773,2520,3253,0,0,0,1.0,1,1.0,1,1.0,1,0.08849799933017591,49
3168,0,5773,2520,3253,0,0,0,1.0,1,1.0,1,1.0,1,0.11560686395482704,47
3169,1,5774,2521,3253,0,0,0,1.0,1,1.0,1,1.0,1,0.13205217805378985,48
3170,3,5777,2523,3254,0,0,0,1.0,1,1.0,1,1.0,1,0.18529347177132705,47
3171,1,5778,2523,3255,0,0,0,1.0,1,1.0,1,1.0,1,0.1882593291992521,47
3172,0,5778,2523,3255,0,0,0,1.0,1,1.0,1,1.0,1,0.20294348832739692,46
3173,0,5778,2523,3255,0,0,0,1.0,1,1.0,1,1.0,1,0.18961966611003525,45
3174,2,5780,2524,3256,0,0,0,1.0,1,1.0,1,1.0,1,0.20783660252717473,43
3175,2,5782,2526,3256,0,0,0,1.0,1,1.0,1,1.0,1,0.21081578842809076,43
3176,0,5782,2526,3256,0,0,0,1.0,1,1.0,1,1.0,1,0.20713080941215967,44
3177,2,5784,2528,3256,0,0,0,1.0,1,1.0,1,1.0,1,0.2649055409834078,44
3178,0,5784,2528,3256,0,0,0,1.0,1,1.0,1,1.0,1,0.2584183525245554,47
3179,5,5789,2530,3259,0,0,0,1.0,1,1.0,1,1.0,1,0.23697917337667695,48
3180,1,5790,2531,3259,0,0,0,1.0,1,1.0,1,1.0,1,0.21742690775993537,48
3181,5,5795,2531,3264,0,0,0,1.0,1,1.0,1,1.0,1,0.1447415050041336,48
3182,0,5795,2531,3264,0,0,0,1.0,1,1.0,1,1.0,1,0.1546239963578427,51
3183,2,5797,2533,3264,0,0,0,1.0,1,1.0,1,1.0,1,0.17503540403704723,50
3184,2,5799,2533,3266,0,0,0,1.0,1,1.0,1,1.0,1,0.18361097665306206,50
3185,2,5801,2533,3268,0,0,0,1.0,1,1.0,1,1.0,1,0.19744392306259753,48
3186,3,5804,2534,3270,0,0,0,1.0,1,1.0,1,1.0,1,0.17700313118407127,48
3187,0,5804,2534,3270,0,0,0,1.0,1,1.0,1,1.0,1,0.19489710758814466,48
3188,1,5805,2534,3271,0,0,0,1.0,1,1.0,1,1.0,1,0.1717349129354348,48
3189,2,5807,2534,3273,0,0,0,1.0,1,1.0,1,1.0,1,0.16926746892938604,49
3190,2,5809,2534,3275,0,0,0,1.0,1,1.0,1,1.0,1,0.17697124889293098,51
3191,1,5810,2534,3276,0,0,0,1.0,1,1.0,1,1.0,1,0.18004414719309575,52
3192,1,5811,2534,3277,0,0,0,1.0,1,1.0,1,1.0,1,0.16378878110767392,52
3193,1,5812,2535,3277,0,0,0,1.0,1,1.0,1,1.0,1,0.1590158523395989,52
3194,4,5816,2538,3278,0,0,0,1.0,1,1.0,1,1.0,1,0.15833070531257032,54
3195,1,5817,2538,3279,0,0,0,1.0,1,1.0,1,1.0,1,0.15566619809410315,54
3196,2,5819,2539,3280,0,0,0,1.0,1,1.0,1,1.0,1,0.10508648811628843,54
3197,0,5819,2539,3280,0,0,0,1.0,1,1.0,1,1.0,1,0.1293146052604934,54
3198,1,5820,2540,3280,0,0,0,1.0,1,1.0,1,1.0,1,0.14135245302918567,54
3199,0,5820,2540,3280,0,0,0,1.0,1,1.0,1,1.0,1,0.14234709644164228,56
3200,2,5822,2542,3280,0,0,0,1.0,1,1.0,1,1.0,1,0.2127776280715115,56
3201,1,5823,2542,3281,0,0,0,1.0,1,1.0,1,1.0,1,0.19521655529333834,56
3202,2,5825,2543,3282,0,0,0,1.0,1,1.0,1,1.0,1,0.21623859890476696,57
3203,2,5827,2543,3284,0,0,0,1.0,1,1.0,1,1.0,1,0.16972419882862813,56
3204,4,5831,2546,3285,0,0,0,1.0,1,1.0,1,1.0,1,0.20134097771184267,55
3205,0,5831,2546,3285,0,0,0,1.0,1,1.0,1,1.0,1,0.2086808959708204,54
3206,3,5834,2548,3286,0,0,0,1.0,1,1.0,1,1.0,1,0.2589225430891709,56
3207,2,5836,2549,3287,0,0,0,1.0,1,1.0,1,1.0,1,0.27216866306225923,54
3208,1,5837,2549,3288,0,0,0,1.0,1,1.0,1,1.0,1,0.2780393979422978,53
3209,4,5841,2549,3292,0,0,0,1.0,1,1.0,1,1.0,1,0.24359864455572078,54
3210,1,5842,2550,3292,0,0,0,1.0,1,1.0,1,1.0,1,0.2648800745881588,53
3211,3,5845,2551,3294,0,0,0,1.0,1,1.0,1,1.0,1,0.26044450621261667,53
3212,0,5845,2551,3294,0,0,0,1.0,1,1.0,1,1.0,1,0.26592137954610184,54
3213,1,5846,2551,3295,0,0,0,1.0,1,1.0,1,1.0,1,0.2524242807509849,54
3214,0,5846,2551,3295,0,0,0,1.0,1,1.0,1,1.0,1,0.2812748694479005,55
3215,0,5846,2551,3295,0,0,0,1.0,1,1.0,1,1.0,1,0.2812748694479005,55
3216,1,5847,2552,3295,0,0,0,1.0,1,1.0,1,1.0,1,0.28539876534856856,55
3217,3,5850,2555,3295,0,0,0,1.0,1,1.0,1,1.0,1,0.3218320457899361,54
3218,0,5850,2555,3295,0,0,0,1.0,1,1.0,1,1.0,1,0.3218320457899361,54
3219,0,5850,2555,3295,0,0,0,1.0,1,1.0,1,1.0,1,0.3241869181358868,55
3220,0,5850,2555,3295,0,0,0,1.0,1,1.0,1,1.0,1,0.2981963242879011,56
3221,5,5855,2557,3298,0,0,0,1.0,1,1.0,1,1.0,1,0.29227362640753735,57
3222,1,5856,2558,3298,0,0,0,1.0,1,1.0,1,1.0,1,0.3036746239936678,57
3223,3,5859,2559,3300,0,0,0,1.0,1,1.0,1,1.0,1,0.3075274163834547,56
3224,6,5865,2564,3301,0,0,0,1.0,1,1.0,1,1.0,1,0.3051682693293519,58
3225,5,5870,2566,3304,0,0,0,1.0,1,1.0,1,1.0,1,0.26527089599134357,55
3226,1,5871,2567,3304,0,0,0,1.0,1,1.0,1,1.0,1,0.2822769336221491,54
3227,1,5872,2568,3304,0,0,0,1.0,1,1.0,1,1.0,1,0.26460267496482953,53
3228,2,5874,2570,3304,0,0,0,1.0,1,1.0,1,1.0,1,0.3120332170697775,52
3229,4,5878,2572,3306,0,0,0,1.0,1,1.0,1,1.0,1,0.2867801397601448,52
3230,2,5880,2573,3307,0,0,0,1.0,1,1.0,1,1.0,1,0.24696614415887042,50
3231,2,5882,2575,3307,0,0,0,1.0,1,1.0,1,1.0,1,0.2597038470279072,50
3232,2,5884,2576,3308,0,0,0,1.0,1,1.0,1,1.0,1,0.2692277724017869,50
3233,2,5886,2578,3308,0,0,0,1.0,1,1.0,1,1.0,1,0.31231066579944045,50
3234,2,5888,2580,3308,0,0,0,1.0,1,1.0,1,1.0,1,0.31386791445191436,49
3235,1,5889,2581,3308,0,0,0,1.0,1,1.0,1,1.0,1,0.31968617677729905,49
3236,1,5890,2581,3309,0,0,0,1.0,1,1.0,1,1.0,1,0.31281827662432377,51
3237,3,5893,2583,3310,0,0,0,1.0,1,1.0,1,1.0,1,0.36073704823182423,53
3238,1,5894,2584,3310,0,0,0,1.0,1,1.0,1,1.0,1,0.3686049182059324,53
3239,1,5895,2584,3311,0,0,0,1.0,1,1.0,1,1.0,1,0.36016225881814806,53
3240,1,5896,2584,3312,0,0,0,1.0,1,1.0,1,1.0,1,0.35565393760564207,53
3241,6,5902,2584,3318,0,0,0,1.0,1,1.0,1,1.0,1,0.27500758187703295,53
3242,2,5904,2584,3320,0,0,0,1.0,1,1.0,1,1.0,1,0.2531581129537332,53
3243,1,5905,2584,3321,0,0,0,1.0,1,1.0,1,1.0,1,0.24736897882166922,56
3244,1,5906,2584,3322,0,0,0,1.0,1,1.0,1,1.0,1,0.2510121389672299,57
3245,1,5907,2584,3323,0,0,0,1.0,1,1.0,1,1.0,1,0.2544132289481469,59
3246,1,5908,2584,3324,0,0,0,1.0,1,1.0,1,1.0,1,0.23529087799004206,59
3247,1,5909,2585,3324,0,0,0,1.0,1,1.0,1,1.0,1,0.2536509450621845,59
3248,1,5910,2586,3324,0,0,0,1.0,1,1.0,1,1.0,1,0.2557529406043542,59
3249,1,5911,2586,3325,0,0,0,1.0,1,1.0,1,1.0,1,0.27485696173873025,58
3250,1,5912,2587,3325,0,0,0,1.0,1,1.0,1,1.0,1,0.2687962272068877,58
3251,1,5913,2587,3326,0,0,0,1.0,1,1.0,1,1.0,1,0.263616104492105,57
3252,1,5914,2588,3326,0,0,0,1.0,1,1.0,1,1.0,1,0.26520341373256034,57
3253,0,5914,2588,3326,0,0,0,1.0,1,1.0,1,1.0,1,0.2799722302789344,56
3254,0,5914,2588,3326,0,0,0,1.0,1,1.0,1,1.0,1,0.28365171770597625,57
3255,2,5916,2589,3327,0,0,0,1.0,1,1.0,1,1.0,1,0.2717756184809551,57
3256,3,5919,2589,3330,0,0,0,1.0,1,1.0,1,1.0,1,0.23747873241351974,57
3257,1,5920,2589,3331,0,0,0,1.0,1,1.0,1,1.0,1,0.21589937315686047,57
3258,1,5921,2589,3332,0,0,0,1.0,1,1.0,1,1.0,1,0.21691922310988332,58
3259,3,5924,2590,3334,0,0,0,1.0,1,1.0,1,1.0,1,0.21684371360095137,59
3260,2,5926,2591,3335,0,0,0,1.0,1,1.0,1,1.0,1,0.22704359308376226,60
3261,3,5929,2592,3337,0,0,0,1.0,1,1.0,1,1.0,1,0.18927496829370014,60
3262,4,5933,2594,3339,0,0,0,1.0,1,1.0,1,1.0,1,0.184976123314278,61
3263,5,5938,2598,3340,0,0,0,1.0,1,1.0,1,1.0,1,0.18424796360265003,62
3264,3,5941,2600,3341,0,0,0,1.0,1,1.0,1,1.0,1,0.1858712436071591,60
3265,3,5944,2602,3342,0,0,0,1.0,1,1.0,1,1.0,1,0.17378037518812134,58
3266,7,5951,2607,3344,0,0,0,1.0,1,1.0,1,1.0,1,0.1893638623478272,59
3267,6,5957,2609,3348,0,0,0,1.0,1,1.0,1,1.0,1,0.1707240340928371,60
3268,4,5961,2612,3349,0,0,0,1.0,1,1.0,1,1.0,1,0.16165036237491393,58
3269,1,5962,2612,3350,0,0,0,1.0,1,1.0,1,1.0,1,0.13952051503492097,57
3270,2,5964,2614,3350,0,0,0,1.0,1,1.0,1,1.0,1,0.15616684347658763,56
3271,2,5966,2615,3351,0,0,0,1.0,1,1.0,1,1.0,1,0.11916043523591743,55
3272,0,5966,2615,3351,0,0,0,1.0,1,1.0,1,1.0,1,0.11849481150230547,55
3273,3,5969,2617,3352,0,0,0,1.0,1,1.0,1,1.0,1,0.17178508524944303,55
3274,1,5970,2617,3353,0,0,0,1.0,1,1.0,1,1.0,1,0.1268582645537496,55
3275,0,5970,2617,3353,0,0,0,1.0,1,1.0,1,1.0,1,0.1268582645537496,55
3276,0,5970,2617,3353,0,0,0,1.0,1,1.0,1,1.0,1,0.12117802287369277,55
3277,0,5970,2617,3353,0,0,0,1.0,1,1.0,1,1.0,1,0.1137621768364583,57
3278,2,5972,2618,3354,0,0,0,1.0,1,1.0,1,1.0,1,0.1280733991586115,56
3279,2,5974,2620,3354,0,0,0,1.0,1,1.0,1,1.0,1,0.11523542409975998,54
3280,1,5975,2621,3354,0,0,0,1.0,1,1.0,1,1.0,1,0.16737601419624862,53
3281,2,5977,2623,3354,0,0,0,1.0,1,1.0,1,1.0,1,0.19329837189223462,52
3282,1,5978,2624,3354,0,0,0,1.0,1,1.0,1,1.0,1,0.22565792235408863,50
3283,2,5980,2626,3354,0,0,0,1.0,1,1.0,1,1.0,1,0.24497077289120806,50
3284,2,5982,2628,3354,0,0,0,1.0,1,1.0,1,1.0,1,0.24927285402508853,47
3285,0,5982,2628,3354,0,0,0,1.0,1,1.0,1,1.0,1,0.23682390488743638,48
3286,8,5990,2631,3359,0,0,0,1.0,1,1.0,1,1.0,1,0.16229603144476348,46
3287,4,5994,2634,3360,0,0,0,1.0,1,1.0,1,1.0,1,0.18228114405513157,46
3288,2,5996,2636,3360,0,0,0,1.0,1,1.0,1,1.0,1,0.18360255861404431,46
3289,4,6000,2638,3362,0,0,0,1.0,1,1.0,1,1.0,1,0.24666655850565683,48
3290,2,6002,2640,3362,0,0,0,1.0,1,1.0,1,1.0,1,0.26301386825022577,48
3291,5,6007,2641,3366,0,0,0,1.0,1,1.0,1,1.0,1,0.25342612096055855,50
3292,5,6012,2643,3369,0,0,0,1.0,1,1.0,1,1.0,1,0.29041347598550454,50
3293,5,6017,2644,3373,0,0,0,1.0,1,1.0,1,1.0,1,0.29214989152522314,51
3294,4,6021,2646,3375,0,0,0,1.0,1,1.0,1,1.0,1,0.2645443758028439,50
3295,3,6024,2647,3377,0,0,0,1.0,1,1.0,1,1.0,1,0.25295569718346395,50
3296,1,6025,2648,3377,0,0,0,1.0,1,1.0,1,1.0,1,0.24468118262635793,50
3297,7,6032,2650,3382,0,0,0,1.0,1,1.0,1,1.0,1,0.23225150991946558,51
3298,2,6034,2650,3384,0,0,0,1.0,1,1.0,1,1.0,1,0.25860990538773904,52
3299,2,6036,2651,3385,0,0,0,1.0,1,1.0,1,1.0,1,0.25053183711160815,53
3300,0,6036,2651,3385,0,0,0,1.0,1,1.0,1,1.0,1,0.25053183711160815,53
3301,6,6042,2651,3391,0,0,0,1.0,1,1.0,1,1.0,1,0.1531569568630085,53
3302,4,6046,2654,3392,0,0,0,1.0,1,1.0,1,1.0,1,0.13294860178438042,53
3303,1,6047,2654,3393,0,0,0,1.0,1,1.0,1,1.0,1,0.10157749288636637,52
3304,5,6052,2656,3396,0,0,0,1.0,1,1.0,1,1.0,1,0.15346272077101622,52
3305,0,6052,2656,3396,0,0,0,1.0,1,1.0,1,1.0,1,0.14456115610840586,51
3306,4,6056,2658,3398,0,0,0,1.0,1,1.0,1,1.0,1,0.1884177852504178,51
3307,0,6056,2658,3398,0,0,0,1.0,1,1.0,1,1.0,1,0.1840894920264183,48
3308,2,6058,2659,3399,0,0,0,1.0,1,1.0,1,1.0,1,0.20286905085733628,48
3309,0,6058,2659,3399,0,0,0,1.0,1,1.0,1,1.0,1,0.18655033482655262,48
3310,0,6058,2659,3399,0,0,0,1.0,1,1.0,1,1.0,1,0.239018937265475,47
3311,3,6061,2660,3401,0,0,0,1.0,1,1.0,1,1.0,1,0.23615516656826493,49
3312,1,6062,2661,3401,0,0,0,1.0,1,1.0,1,1.0,1,0.25681657717010403,48
3313,4,6066,2664,3402,0,0,0,1.0,1,1.0,1,1.0,1,0.3011872953479003,49
3314,2,6068,2666,3402,0,0,0,1.0,1,1.0,1,1.0,1,0.30451540474963623,47
3315,1,6069,2667,3402,0,0,0,1.0,1,1.0,1,1.0,1,0.3123565917451083,47
3316,6,6075,2667,3408,0,0,0,1.0,1,1.0,1,1.0,1,0.21035885708242003,47
3317,1,6076,2667,3409,0,0,0,1.0,1,1.0,1,1.0,1,0.17429508772978955,46
3318,2,6078,2668,3410,0,0,0,1.0,1,1.0,1,1.0,1,0.17699322315926747,45
3319,1,6079,2668,3411,0,0,0,1.0,1,1.0,1,1.0,1,0.18199108699013505,44
3320,2,6081,2669,3412,0,0,0,1.0,1,1.0,1,1.0,1,0.1780595279039339,43
3321,1,6082,2670,3412,0,0,0,1.0,1,1.0,1,1.0,1,0.19800643166423543,43
3322,0,6082,2670,3412,0,0,0,1.0,1,1.0,1,1.0,1,0.23151269695481222,40
3323,1,6083,2670,3413,0,0,0,1.0,1,1.0,1,1.0,1,0.26521952096386076,40
3324,0,6083,2670,3413,0,0,0,1.0,1,1.0,1,1.0,1,0.27341301190628364,40
3325,1,6084,2671,3413,0,0,0,1.0,1,1.0,1,1.0,1,0.31829003556239593,40
3326,0,6084,2671,3413,0,0,0,1.0,1,1.0,1,1.0,1,0.2668897460849756,41
3327,0,6084,2671,3413,0,0,0,1.0,1,1.0,1,1.0,1,0.2655076997069774,39
3328,6,6090,2676,3414,0,0,0,1.0,1,1.0,1,1.0,1,0.3786054810806236,41
3329,4,6094,2677,3417,0,0,0,1.0,1,1.0,1,1.0,1,0.2762229644219616,39
3330,4,6098,2680,3418,0,0,0,1.0,1,1.0,1,1.0,1,0.32744041140660923,40
3331,2,6100,2680,3420,0,0,0,1.0,1,1.0,1,1.0,1,0.2831321605949391,38
3332,0,6100,2680,3420,0,0,0,1.0,1,1.0,1,1.0,1,0.3210214256329241,38
3333,1,6101,2680,3421,0,0,0,1.0,1,1.0,1,1.0,1,0.29933383816259734,38
3334,1,6102,2680,3422,0,0,0,1.0,1,1.0,1,1.0,1,0.3161541435566589,40
3335,1,6103,2680,3423,0,0,0,1.0,1,1.0,1,1.0,1,0.29472475004712306,40
3336,0,6103,2680,3423,0,0,0,1.0,1,1.0,1,1.0,1,0.3337254481812606,39
3337,0,6103,2680,3423,0,0,0,1.0,1,1.0,1,1.0,1,0.33132095040048276,40
3338,3,6106,2683,3423,0,0,0,1.0,1,1.0,1,1.0,1,0.32140746562345207,41
3339,2,6108,2683,3425,0,0,0,1.0,1,1.0,1,1.0,1,0.2850832813116896,42
3340,3,6111,2685,3426,0,0,0,1.0,1,1.0,1,1.0,1,0.2865973351359275,43
3341,2,6113,2685,3428,0,0,0,1.0,1,1.0,1,1.0,1,0.2865973351359275,43
3342,8,6121,2686,3435,0,0,0,1.0,1,1.0,1,1.0,1,0.24720666490838933,44
3343,3,6124,2688,3436,0,0,0,1.0,1,1.0,1,1.0,1,0.2543230143079035,44
3344,2,6126,2690,3436,0,0,0,1.0,1,1.0,1,1.0,1,0.2931012768804399,44
3345,0,6126,2690,3436,0,0,0,1.0,1,1.0,1,1.0,1,0.3048803638292215,43
3346,1,6127,2690,3437,0,0,0,1.0,1,1.0,1,1.0,1,0.298402863575473,42
3347,0,6127,2690,3437,0,0,0,1.0,1,1.0,1,1.0,1,0.2749117786483926,44
3348,0,6127,2690,3437,0,0,0,1.0,1,1.0,1,1.0,1,0.2864590520451662,45
3349,2,6129,2692,3437,0,0,0,1.0,1,1.0,1,1.0,1,0.28780930874123156,45
3350,1,6130,2692,3438,0,0,0,1.0,1,1.0,1,1.0,1,0.25330232163150085,46
3351,2,6132,2692,3440,0,0,0,1.0,1,1.0,1,1.0,1,0.20534810697039224,47
3352,1,6133,2692,3441,0,0,0,1.0,1,1.0,1,1.0,1,0.1846530980246302,47
3353,0,6133,2692,3441,0,0,0,1.0,1,1.0,1,1.0,1,0.1980214403858876,48
3354,2,6135,2693,3442,0,0,0,1.0,1,1.0,1,1.0,1,0.20341992330346523,48
3355,2,6137,2694,3443,0,0,0,1.0,1,1.0,1,1.0,1,0.19201780105025115,48
3356,4,6141,2696,3445,0,0,0,1.0,1,1.0,1,1.0,1,0.2030265339457449,48
3357,1,6142,2697,3445,0,0,0,1.0,1,1.0,1,1.0,1,0.2071084555346354,47
3358,0,6142,2697,3445,0,0,0,1.0,1,1.0,1,1.0,1,0.23692379742850161,46
3359,2,6144,2699,3445,0,0,0,1.0,1,1.0,1,1.0,1,0.2624722232373613,45
3360,1,6145,2700,3445,0,0,0,1.0,1,1.0,1,1.0,1,0.26589149195647377,44
3361,2,6147,2700,3447,0,0,0,1.0,1,1.0,1,1.0,1,0.234757225824474,43
3362,1,6148,2700,3448,0,0,0,1.0,1,1.0,1,1.0,1,0.20350134661516434,42
3363,1,6149,2701,3448,0,0,0,1.0,1,1.0,1,1.0,1,0.23481711816255052,41
3364,0,6149,2701,3448,0,0,0,1.0,1,1.0,1,1.0,1,0.2435788389273985,41
3365,0,6149,2701,3448,0,0,0,1.0,1,1.0,1,1.0,1,0.2593078066170209,41
3366,2,6151,2703,3448,0,0,0,1.0,1,1.0,1,1.0,1,0.31615009449927256,40
3367,1,6152,2703,3449,0,0,0,1.0,1,1.0,1,1.0,1,0.26349360799109967,39
3368,2,6154,2704,3450,0,0,0,1.0,1,1.0,1,1.0,1,0.22641041916020316,39
3369,0,6154,2704,3450,0,0,0,1.0,1,1.0,1,1.0,1,0.22137650267512607,40
3370,2,6156,2706,3450,0,0,0,1.0,1,1.0,1,1.0,1,0.23023141321623125,41
3371,1,6157,2707,3450,0,0,0,1.0,1,1.0,1,1.0,1,0.24058719617935184,41
3372,2,6159,2709,3450,0,0,0,1.0,1,1.0,1,1.0,1,0.2865694389958293,40
3373,5,6164,2710,3454,0,0,0,1.0,1,1.0,1,1.0,1,0.2899566796883273,41
3374,2,6166,2711,3455,0,0,0,1.0,1,1.0,1,1.0,1,0.293230050569701,42
3375,2,6168,2711,3457,0,0,0,1.0,1,1.0,1,1.0,1,0.31603850154550717,44
3376,9,6177,2712,3465,0,0,0,1.0,1,1.0,1,1.0,1,0.12560472733592767,46
3377,1,6178,2712,3466,0,0,0,1.0,1,1.0,1,1.0,1,0.1382900072846483,47
3378,1,6179,2713,3466,0,0,0,1.0,1,1.0,1,1.0,1,0.14764678973753198,48
3379,0,6179,2713,3466,0,0,0,1.0,1,1.0,1,1.0,1,0.14764678973753198,48
3380,1,6180,2713,3467,0,0,0,1.0,1,1.0,1,1.0,1,0.11881397677380395,48
3381,0,6180,2713,3467,0,0,0,1.0,1,1.0,1,1.0,1,0.11881397677380395,48
3382,3,6183,2715,3468,0,0,0,1.0,1,1.0,1,1.0,1,0.2066918750024039,49
3383,0,6183,2715,3468,0,0,0,1.0,1,1.0,1,1.0,1,0.18526327292943973,47
3384,5,6188,2718,3470,0,0,0,1.0,1,1.0,1,1.0,1,0.29178218019758506,48
3385,1,6189,2718,3471,0,0,0,1.0,1,1.0,1,1.0,1,0.2523458088975694,47
3386,1,6190,2718,3472,0,0,0,1.0,1,1.0,1,1.0,1,0.25908770942650855,49
3387,0,6190,2718,3472,0,0,0,1.0,1,1.0,1,1.0,1,0.2508789715963484,48
3388,2,6192,2719,3473,0,0,0,1.0,1,1.0,1,1.0,1,0.2731450807120955,48
3389,0,6192,2719,3473,0,0,0,1.0,1,1.0,1,1.0,1,0.2936645710168575,50
3390,0,6192,2719,3473,0,0,0,1.0,1,1.0,1,1.0,1,0.2739823526401901,51
3391,2,6194,2719,3475,0,0,0,1.0,1,1.0,1,1.0,1,0.23082999820947686,51
3392,2,6196,2719,3477,0,0,0,1.0,1,1.0,1,1.0,1,0.2322310099451742,52
3393,1,6197,2719,3478,0,0,0,1.0,1,1.0,1,1.0,1,0.1974195733536554,52
3394,2,6199,2720,3479,0,0,0,1.0,1,1.0,1,1.0,1,0.20938955894965658,52
3395,0,6199,2720,3479,0,0,0,1.0,1,1.0,1,1.0,1,0.20691795238246044,50
3396,0,6199,2720,3479,0,0,0,1.0,1,1.0,1,1.0,1,0.1969501452643469,49
3397,1,6200,2721,3479,0,0,0,1.0,1,1.0,1,1.0,1,0.22953649425862632,49
3398,0,6200,2721,3479,0,0,0,1.0,1,1.0,1,1.0,1,0.24621813796798991,48
3399,4,6204,2722,3482,0,0,0,1.0,1,1.0,1,1.0,1,0.2302295447613118,49
3400,1,6205,2723,3482,0,0,0,1.0,1,1.0,1,1.0,1,0.24130123582558863,50
3401,1,6206,2723,3483,0,0,0,1.0,1,1.0,1,1.0,1,0.2193738957584625,51
3402,1,6207,2724,3483,0,0,0,1.0,1,1.0,1,1.0,1,0.24009260654247663,51
3403,1,6208,2725,3483,0,0,0,1.0,1,1.0,1,1.0,1,0.23729098214084135,51
3404,1,6209,2725,3484,0,0,0,1.0,1,1.0,1,1.0,1,0.22309088117508669,51
3405,2,6211,2726,3485,0,0,0,1.0,1,1.0,1,1.0,1,0.2210233238722992,51
3406,1,6212,2726,3486,0,0,0,1.0,1,1.0,1,1.0,1,0.1891292100688046,51
3407,0,6212,2726,3486,0,0,0,1.0,1,1.0,1,1.0,1,0.1983340380222211,52
3408,1,6213,2726,3487,0,0,0,1.0,1,1.0,1,1.0,1,0.19930775463153022,53
3409,1,6214,2727,3487,0,0,0,1.0,1,1.0,1,1.0,1,0.19765152644228626,54
3410,2,6216,2729,3487,0,0,0,1.0,1,1.0,1,1.0,1,0.2174303988113643,54
3411,2,6218,2730,3488,0,0,0,1.0,1,1.0,1,1.0,1,0.1703005107889619,54
3412,1,6219,2730,3489,0,0,0,1.0,1,1.0,1,1.0,1,0.18034862491802517,55
3413,1,6220,2730,3490,0,0,0,1.0,1,1.0,1,1.0,1,0.14588718095325348,55
3414,1,6221,2730,3491,0,0,0,1.0,1,1.0,1,1.0,1,0.15222540365156303,55
3415,2,6223,2732,3491,0,0,0,1.0,1,1.0,1,1.0,1,0.17776321879395085,56
3416,1,6224,2732,3492,0,0,0,1.0,1,1.0,1,1.0,1,0.18919058101058173,55
3417,0,6224,2732,3492,0,0,0,1.0,1,1.0,1,1.0,1,0.2042699209880377,56
3418,4,6228,2735,3493,0,0,0,1.0,1,1.0,1,1.0,1,0.27188939440619575,55
3419,7,6235,2736,3499,0,0,0,1.0,1,1.0,1,1.0,1,0.23416501505783974,56
3420,3,6238,2737,3501,0,0,0,1.0,1,1.0,1,1.0,1,0.23226525759121597,55
3421,5,6243,2738,3505,0,0,0,1.0,1,1.0,1,1.0,1,0.18914201695890634,57
3422,1,6244,2739,3505,0,0,0,1.0,1,1.0,1,1.0,1,0.19580151962069922,56
3423,1,6245,2740,3505,0,0,0,1.0,1,1.0,1,1.0,1,0.18095078607146742,56
3424,1,6246,2741,3505,0,0,0,1.0,1,1.0,1,1.0,1,0.19535854173205588,56
3425,0,6246,2741,3505,0,0,0,1.0,1,1.0,1,1.0,1,0.19535854173205588,56
3426,1,6247,2741,3506,0,0,0,1.0,1,1.0,1,1.0,1,0.21406185545217185,55
3427,2,6249,2742,3507,0,0,0,1.0,1,1.0,1,1.0,1,0.23348709554631245,55
3428,2,6251,2744,3507,0,0,0,1.0,1,1.0,1,1.0,1,0.2371213736236864,55
3429,0,6251,2744,3507,0,0,0,1.0,1,1.0,1,1.0,1,0.24880412681523958,54
3430,0,6251,2744,3507,0,0,0,1.0,1,1.0,1,1.0,1,0.25240008315484835,56
3431,0,6251,2744,3507,0,0,0,1.0,1,1.0,1,1.0,1,0.240371912081603,54
3432,1,6252,2745,3507,0,0,0,1.0,1,1.0,1,1.0,1,0.26935456491009024,56
3433,3,6255,2747,3508,0,0,0,1.0,1,1.0,1,1.0,1,0.26192687504361,53
3434,0,6255,2747,3508,0,0,0,1.0,1,1.0,1,1.0,1,0.25526287406373416,51
3435,1,6256,2748,3508,0,0,0,1.0,1,1.0,1,1.0,1,0.2627822140045551,51
3436,9,6265,2751,3514,0,0,0,1.0,1,1.0,1,1.0,1,0.2042444886113322,51
3437,6,6271,2752,3519,0,0,0,1.0,1,1.0,1,1.0,1,0.12236665202580434,53
3438,3,6274,2753,3521,0,0,0,1.0,1,1.0,1,1.0,1,0.11571106404888713,52
3439,2,6276,2753,3523,0,0,0,1.0,1,1.0,1,1.0,1,0.13571827465297864,54
3440,3,6279,2754,3525,0,0,0,1.0,1,1.0,1,1.0,1,0.09739531705560867,52
3441,3,6282,2754,3528,0,0,0,1.0,1,1.0,1,1.0,1,0.09474865593855375,53
3442,3,6285,2755,3530,0,0,0,1.0,1,1.0,1,1.0,1,0.1492784535327274,53
3443,2,6287,2755,3532,0,0,0,1.0,1,1.0,1,1.0,1,0.17725840293107922,53
3444,4,6291,2755,3536,0,0,0,1.0,1,1.0,1,1.0,1,0.17820851759546888,52
3445,3,6294,2756,3538,0,0,0,1.0,1,1.0,1,1.0,1,0.19486369762638658,53
3446,4,6298,2756,3542,0,0,0,1.0,1,1.0,1,1.0,1,0.2281466453038021,53
3447,6,6304,2758,3546,0,0,0,1.0,1,1.0,1,1.0,1,0.2807428292032483,53
3448,6,6310,2760,3550,0,0,0,1.0,1,1.0,1,1.0,1,0.3375058351861116,52
3449,8,6318,2763,3555,0,0,0,1.0,1,1.0,1,1.0,1,0.26413585449819643,52
3450,6,6324,2764,3560,0,0,0,1.0,1,1.0,1,1.0,1,0.2849030859156297,52
3451,9,6333,2767,3566,0,0,0,1.0,1,1.0,1,1.0,1,0.1560983891343153,54
3452,0,6333,2767,3566,0,0,0,1.0,1,1.0,1,1.0,1,0.1560983891343153,54
3453,3,6336,2768,3568,0,0,0,1.0,1,1.0,1,1.0,1,0.12059200377076064,54
3454,2,6338,2768,3570,0,0,0,1.0,1,1.0,1,1.0,1,0.12971268514757664,57
3455,0,6338,2768,3570,0,0,0,1.0,1,1.0,1,1.0,1,0.12971268514757664,57
3456,2,6340,2769,3571,0,0,0,1.0,1,1.0,1,1.0,1,0.1447349808654493,58
3457,1,6341,2769,3572,0,0,0,1.0,1,1.0,1,1.0,1,0.17344716218522158,57
3458,0,6341,2769,3572,0,0,0,1.0,1,1.0,1,1.0,1,0.17444927178419106,57
3459,0,6341,2769,3572,0,0,0,1.0,1,1.0,1,1.0,1,0.17444927178419106,57
3460,0,6341,2769,3572,0,0,0,1.0,1,1.0,1,1.0,1,0.17499836075213163,58
3461,2,6343,2770,3573,0,0,0,1.0,1,1.0,1,1.0,1,0.191758345511061,59
3462,1,6344,2770,3574,0,0,0,1.0,1,1.0,1,1.0,1,0.17473068738056785,59
3463,2,6346,2772,3574,0,0,0,1.0,1,1.0,1,1.0,1,0.20858564377056657,59
3464,5,6351,2774,3577,0,0,0,1.0,1,1.0,1,1.0,1,0.20271540962920115,59
3465,3,6354,2775,3579,0,0,0,1.0,1,1.0,1,1.0,1,0.15405252765671912,57
3466,3,6357,2776,3581,0,0,0,1.0,1,1.0,1,1.0,1,0.1509734076285869,57
3467,2,6359,2776,3583,0,0,0,1.0,1,1.0,1,1.0,1,0.13247340892730194,57
3468,2,6361,2777,3584,0,0,0,1.0,1,1.0,1,1.0,1,0.11847258439783492,57
3469,2,6363,2779,3584,0,0,0,1.0,1,1.0,1,1.0,1,0.1735808921929867,53
3470,1,6364,2780,3584,0,0,0,1.0,1,1.0,1,1.0,1,0.218245316990485,50
3471,1,6365,2780,3585,0,0,0,1.0,1,1.0,1,1.0,1,0.18155189986356945,49
3472,0,6365,2780,3585,0,0,0,1.0,1,1.0,1,1.0,1,0.22273250608542364,47
3473,3,6368,2783,3585,0,0,0,1.0,1,1.0,1,1.0,1,0.2480063179045825,45
3474,2,6370,2784,3586,0,0,0,1.0,1,1.0,1,1.0,1,0.27257220289879275,42
3475,7,6377,2788,3589,0,0,0,1.0,1,1.0,1,1.0,1,0.3461256224085677,43
3476,1,6378,2789,3589,0,0,0,1.0,1,1.0,1,1.0,1,0.37017861546969216,41
3477,4,6382,2793,3589,0,0,0,1.0,1,1.0,1,1.0,1,0.37709621399705245,42
3478,2,6384,2795,3589,0,0,0,1.0,1,1.0,1,1.0,1,0.3716945676876007,40
3479,0,6384,2795,3589,0,0,0,1.0,1,1.0,1,1.0,1,0.3432726095222097,40
3480,1,6385,2796,3589,0,0,0,1.0,1,1.0,1,1.0,1,0.367963580110362,40
3481,7,6392,2796,3596,0,0,0,1.0,1,1.0,1,1.0,1,0.21270957673801427,40
3482,0,6392,2796,3596,0,0,0,1.0,1,1.0,1,1.0,1,0.21270957673801427,40
3483,0,6392,2796,3596,0,0,0,1.0,1,1.0,1,1.0,1,0.2121222496277902,39
3484,0,6392,2796,3596,0,0,0,1.0,1,1.0,1,1.0,1,0.2121222496277902,39
3485,1,6393,2797,3596,0,0,0,1.0,1,1.0,1,1.0,1,0.2391270415455594,40
3486,1,6394,2797,3597,0,0,0,1.0,1,1.0,1,1.0,1,0.23516683689310666,41
3487,0,6394,2797,3597,0,0,0,1.0,1,1.0,1,1.0,1,0.24949289873172167,41
3488,1,6395,2798,3597,0,0,0,1.0,1,1.0,1,1.0,1,0.222580435295662,42
3489,2,6397,2799,3598,0,0,0,1.0,1,1.0,1,1.0,1,0.18651368612544014,44
3490,1,6398,2799,3599,0,0,0,1.0,1,1.0,1,1.0,1,0.20587560544416156,44
3491,2,6400,2799,3601,0,0,0,1.0,1,1.0,1,1.0,1,0.18771010749533656,45
3492,1,6401,2800,3601,0,0,0,1.0,1,1.0,1,1.0,1,0.21099867494644678,45
3493,1,6402,2801,3601,0,0,0,1.0,1,1.0,1,1.0,1,0.20971630906393754,45
3494,0,6402,2801,3601,0,0,0,1.0,1,1.0,1,1.0,1,0.20971630906393754,45
3495,0,6402,2801,3601,0,0,0,1.0,1,1.0,1,1.0,1,0.20971630906393754,45
3496,3,6405,2801,3604,0,0,0,1.0,1,1.0,1,1.0,1,0.17269264844789092,46
3497,2,6407,2802,3605,0,0,0,1.0,1,1.0,1,1.0,1,0.18450081253616554,47
3498,1,6408,2803,3605,0,0,0,1.0,1,1.0,1,1.0,1,0.23075003242029787,48
3499,0,6408,2803,3605,0,0,0,1.0,1,1.0,1,1.0,1,0.2517619867535659,47
3500,4,6412,2803,3609,0,0,0,1.0,1,1.0,1,1.0,1,0.20857976935938466,50
3501,1,6413,2804,3609,0,0,0,1.0,1,1.0,1,1.0,1,0.22510794732814687,50
3502,0,6413,2804,3609,0,0,0,1.0,1,1.0,1,1.0,1,0.22510794732814687,50
3503,2,6415,2806,3609,0,0,0,1.0,1,1.0,1,1.0,1,0.26794149687323016,50
3504,3,6418,2808,3610,0,0,0,1.0,1,1.0,1,1.0,1,0.3140546265749626,47
3505,1,6419,2809,3610,0,0,0,1.0,1,1.0,1,1.0,1,0.34311843598289754,48
3506,5,6424,2811,3613,0,0,0,1.0,1,1.0,1,1.0,1,0.40452310560648463,49
3507,0,6424,2811,3613,0,0,0,1.0,1,1.0,1,1.0,1,0.3977494616250035,46
3508,4,6428,2813,3615,0,0,0,1.0,1,1.0,1,1.0,1,0.40029886450109026,47
3509,0,6428,2813,3615,0,0,0,1.0,1,1.0,1,1.0,1,0.37459030639618357,44
3510,0,6428,2813,3615,0,0,0,1.0,1,1.0,1,1.0,1,0.4095876419433955,45
3511,3,6431,2814,3617,0,0,0,1.0,1,1.0,1,1.0,1,0.32515391273466465,44
3512,0,6431,2814,3617,0,0,0,1.0,1,1.0,1,1.0,1,0.3302014834032318,42
3513,0,6431,2814,3617,0,0,0,1.0,1,1.0,1,1.0,1,0.3302014834032318,42
3514,0,6431,2814,3617,0,0,0,1.0,1,1.0,1,1.0,1,0.36805251852794574,42
3515,5,6436,2816,3620,0,0,0,1.0,1,1.0,1,1.0,1,0.3824900292332871,42
3516,1,6437,2816,3621,0,0,0,1.0,1,1.0,1,1.0,1,0.35408801543202983,41
3517,4,6441,2816,3625,0,0,0,1.0,1,1.0,1,1.0,1,0.3250839283849472,44
3518,1,6442,2816,3626,0,0,0,1.0,1,1.0,1,1.0,1,0.33646184894677733,43
3519,1,6443,2816,3627,0,0,0,1.0,1,1.0,1,1.0,1,0.33679028626475543,44
3520,2,6445,2816,3629,0,0,0,1.0,1,1.0,1,1.0,1,0.34545833788068336,45
3521,0,6445,2816,3629,0,0,0,1.0,1,1.0,1,1.0,1,0.34545833788068336,45
3522,0,6445,2816,3629,0,0,0,1.0,1,1.0,1,1.0,1,0.32834960043515377,46
3523,0,6445,2816,3629,0,0,0,1.0,1,1.0,1,1.0,1,0.32834960043515377,46
3524,0,6445,2816,3629,0,0,0,1.0,1,1.0,1,1.0,1,0.3151586564690975,47
3525,0,6445,2816,3629,0,0,0,1.0,1,1.0,1,1.0,1,0.34685769355665774,48
3526,4,6449,2816,3633,0,0,0,1.0,1,1.0,1,1.0,1,0.2882591171949005,49
3527,4,6453,2818,3635,0,0,0,1.0,1,1.0,1,1.0,1,0.28694585296205927,49
3528,5,6458,2818,3640,0,0,0,1.0,1,1.0,1,1.0,1,0.26785959268825166,51
3529,1,6459,2818,3641,0,0,0,1.0,1,1.0,1,1.0,1,0.2632396609454015,51
3530,1,6460,2819,3641,0,0,0,1.0,1,1.0,1,1.0,1,0.274154009793313,52
3531,2,6462,2820,3642,0,0,0,1.0,1,1.0,1,1.0,1,0.2695399713610964,52
3532,1,6463,2820,3643,0,0,0,1.0,1,1.0,1,1.0,1,0.2591835371996685,52
3533,0,6463,2820,3643,0,0,0,1.0,1,1.0,1,1.0,1,0.2591835371996685,52
3534,0,6463,2820,3643,0,0,0,1.0,1,1.0,1,1.0,1,0.2591835371996685,52
3535,1,6464,2821,3643,0,0,0,1.0,1,1.0,1,1.0,1,0.26378471931015235,52
3536,0,6464,2821,3643,0,0,0,1.0,1,1.0,1,1.0,1,0.283196981878158,54
3537,0,6464,2821,3643,0,0,0,1.0,1,1.0,1,1.0,1,0.2809670315381346,55
3538,0,6464,2821,3643,0,0,0,1.0,1,1.0,1,1.0,1,0.2809670315381346,55
3539,2,6466,2821,3645,0,0,0,1.0,1,1.0,1,1.0,1,0.2549627836286714,58
3540,2,6468,2821,3647,0,0,0,1.0,1,1.0,1,1.0,1,0.24537125347780964,59
3541,1,6469,2821,3648,0,0,0,1.0,1,1.0,1,1.0,1,0.23002053262630684,59
3542,0,6469,2821,3648,0,0,0,1.0,1,1.0,1,1.0,1,0.2500402314345449,61
3543,3,6472,2823,3649,0,0,0,1.0,1,1.0,1,1.0,1,0.2674963948587045,62
3544,5,6477,2826,3651,0,0,0,1.0,1,1.0,1,1.0,1,0.2677536181827103,59
3545,2,6479,2827,3652,0,0,0,1.0,1,1.0,1,1.0,1,0.27813550670973447,59
3546,3,6482,2829,3653,0,0,0,1.0,1,1.0,1,1.0,1,0.3006934747767675,57
3547,1,6483,2830,3653,0,0,0,1.0,1,1.0,1,1.0,1,0.283637371917232,53
3548,0,6483,2830,3653,0,0,0,1.0,1,1.0,1,1.0,1,0.283637371917232,53
3549,1,6484,2831,3653,0,0,0,1.0,1,1.0,1,1.0,1,0.27545157487309396,52
3550,2,6486,2832,3654,0,0,0,1.0,1,1.0,1,1.0,1,0.28224935515522287,51
3551,1,6487,2833,3654,0,0,0,1.0,1,1.0,1,1.0,1,0.2957810266071762,51
3552,2,6489,2834,3655,0,0,0,1.0,1,1.0,1,1.0,1,0.3247349574424879,51
3553,1,6490,2834,3656,0,0,0,1.0,1,1.0,1,1.0,1,0.3256825620886731,49
3554,2,6492,2834,3658,0,0,0,1.0,1,1.0,1,1.0,1,0.29028849475740043,49
3555,6,6498,2834,3664,0,0,0,1.0,1,1.0,1,1.0,1,0.20298611851401058,51
3556,1,6499,2834,3665,0,0,0,1.0,1,1.0,1,1.0,1,0.19636753834569035,51
3557,1,6500,2835,3665,0,0,0,1.0,1,1.0,1,1.0,1,0.20398847481908944,52
3558,1,6501,2835,3666,0,0,0,1.0,1,1.0,1,1.0,1,0.18748468791105702,52
3559,2,6503,2836,3667,0,0,0,1.0,1,1.0,1,1.0,1,0.17950499066975947,52
3560,0,6503,2836,3667,0,0,0,1.0,1,1.0,1,1.0,1,0.173241368880272,53
3561,1,6504,2837,3667,0,0,0,1.0,1,1.0,1,1.0,1,0.17102417167145198,54
3562,2,6506,2839,3667,0,0,0,1.0,1,1.0,1,1.0,1,0.19512117236387488,54
3563,3,6509,2840,3669,0,0,0,1.0,1,1.0,1,1.0,1,0.18660152093456786,55
3564,3,6512,2840,3672,0,0,0,1.0,1,1.0,1,1.0,1,0.132660023443907,57
3565,0,6512,2840,3672,0,0,0,1.0,1,1.0,1,1.0,1,0.13968148200376299,56
3566,1,6513,2841,3672,0,0,0,1.0,1,1.0,1,1.0,1,0.1755520803227344,57
3567,1,6514,2842,3672,0,0,0,1.0,1,1.0,1,1.0,1,0.18608796126323687,57
3568,3,6517,2843,3674,0,0,0,1.0,1,1.0,1,1.0,1,0.20700547993393095,57
3569,2,6519,2843,3676,0,0,0,1.0,1,1.0,1,1.0,1,0.1861756294071225,57
3570,2,6521,2845,3676,0,0,0,1.0,1,1.0,1,1.0,1,0.25647708581015477,59
3571,2,6523,2845,3678,0,0,0,1.0,1,1.0,1,1.0,1,0.22285474737935698,60
3572,0,6523,2845,3678,0,0,0,1.0,1,1.0,1,1.0,1,0.21794126141827105,61
3573,1,6524,2845,3679,0,0,0,1.0,1,1.0,1,1.0,1,0.21384922081254665,62
3574,1,6525,2845,3680,0,0,0,1.0,1,1.0,1,1.0,1,0.20601279440438272,63
3575,1,6526,2845,3681,0,0,0,1.0,1,1.0,1,1.0,1,0.1977191512268074,63
3576,0,6526,2845,3681,0,0,0,1.0,1,1.0,1,1.0,1,0.1977191512268074,63
3577,0,6526,2845,3681,0,0,0,1.0,1,1.0,1,1.0,1,0.20689961753966982,64
3578,0,6526,2845,3681,0,0,0,1.0,1,1.0,1,1.0,1,0.21585101189545738,64
3579,0,6526,2845,3681,0,0,0,1.0,1,1.0,1,1.0,1,0.21585101189545738,64
3580,0,6526,2845,3681,0,0,0,1.0,1,1.0,1,1.0,1,0.22569976728363206,65
3581,3,6529,2845,3684,0,0,0,1.0,1,1.0,1,1.0,1,0.20356225263170624,68
3582,6,6535,2849,3686,0,0,0,1.0,1,1.0,1,1.0,1,0.20274147323990555,68
3583,2,6537,2851,3686,0,0,0,1.0,1,1.0,1,1.0,1,0.2126184109477521,65
3584,3,6540,2853,3687,0,0,0,1.0,1,1.0,1,1.0,1,0.23998261687530276,64
3585,3,6543,2854,3689,0,0,0,1.0,1,1.0,1,1.0,1,0.2037380133945116,64
3586,7,6550,2856,3694,0,0,0,1.0,1,1.0,1,1.0,1,0.1804144444838404,65
3587,6,6556,2857,3699,0,0,0,1.0,1,1.0,1,1.0,1,0.1332911523502785,64
3588,3,6559,2860,3699,0,0,0,1.0,1,1.0,1,1.0,1,0.15485638808674426,62
3589,3,6562,2863,3699,0,0,0,1.0,1,1.0,1,1.0,1,0.17167017969103385,63
3590,2,6564,2864,3700,0,0,0,1.0,1,1.0,1,1.0,1,0.16704440426556533,63
3591,2,6566,2865,3701,0,0,0,1.0,1,1.0,1,1.0,1,0.17864922460943902,62
3592,1,6567,2866,3701,0,0,0,1.0,1,1.0,1,1.0,1,0.16594683166357446,59
3593,3,6570,2867,3703,0,0,0,1.0,1,1.0,1,1.0,1,0.13161950859094404,58
3594,0,6570,2867,3703,0,0,0,1.0,1,1.0,1,1.0,1,0.13726492217763703,57
3595,3,6573,2868,3705,0,0,0,1.0,1,1.0,1,1.0,1,0.1662598516467019,59
3596,3,6576,2868,3708,0,0,0,1.0,1,1.0,1,1.0,1,0.1115590343827297,57
3597,5,6581,2871,3710,0,0,0,1.0,1,1.0,1,1.0,1,0.15993986657161485,57
3598,3,6584,2872,3712,0,0,0,1.0,1,1.0,1,1.0,1,0.1777221281352079,57
3599,4,6588,2875,3713,0,0,0,1.0,1,1.0,1,1.0,1,0.20079682598964368,58
3600,0,6588,2875,3713,0,0,0,1.0,1,1.0,1,1.0,1,0.19989462187575774,58
3601,5,6593,2876,3717,0,0,0,1.0,1,1.0,1,1.0,1,0.13928785631307783,58
3602,1,6594,2876,3718,0,0,0,1.0,1,1.0,1,1.0,1,0.11843991232641732,60
3603,1,6595,2877,3718,0,0,0,1.0,1,1.0,1,1.0,1,0.12352446142848804,60
3604,0,6595,2877,3718,0,0,0,1.0,1,1.0,1,1.0,1,0.12352446142848804,60
3605,1,6596,2877,3719,0,0,0,1.0,1,1.0,1,1.0,1,0.12157105546875382,61
3606,2,6598,2878,3720,0,0,0,1.0,1,1.0,1,1.0,1,0.11086424627667044,63
3607,1,6599,2879,3720,0,0,0,1.0,1,1.0,1,1.0,1,0.14143912533444034,63
3608,1,6600,2879,3721,0,0,0,1.0,1,1.0,1,1.0,1,0.1407301556134534,64
3609,5,6605,2879,3726,0,0,0,1.0,1,1.0,1,1.0,1,0.10008462717657476,66
3610,2,6607,2881,3726,0,0,0,1.0,1,1.0,1,1.0,1,0.11602107272827482,67
3611,4,6611,2883,3728,0,0,0,1.0,1,1.0,1,1.0,1,0.16382897109234812,67
3612,3,6614,2884,3730,0,0,0,1.0,1,1.0,1,1.0,1,0.17913789627628204,66
3613,2,6616,2885,3731,0,0,0,1.0,1,1.0,1,1.0,1,0.18992244406729886,66
3614,3,6619,2887,3732,0,0,0,1.0,1,1.0,1,1.0,1,0.20681174459793705,65
3615,0,6619,2887,3732,0,0,0,1.0,1,1.0,1,1.0,1,0.20860316224139158,65
3616,5,6624,2888,3736,0,0,0,1.0,1,1.0,1,1.0,1,0.1640056315010188,65
3617,3,6627,2889,3738,0,0,0,1.0,1,1.0,1,1.0,1,0.19136816704330203,66
3618,1,6628,2890,3738,0,0,0,1.0,1,1.0,1,1.0,1,0.2017214094746691,66
3619,3,6631,2891,3740,0,0,0,1.0,1,1.0,1,1.0,1,0.18629892261013495,65
3620,4,6635,2891,3744,0,0,0,1.0,1,1.0,1,1.0,1,0.18155122551029468,66
3621,4,6639,2892,3747,0,0,0,1.0,1,1.0,1,1.0,1,0.1774812366446467,65
3622,2,6641,2892,3749,0,0,0,1.0,1,1.0,1,1.0,1,0.13724093678571292,65
3623,1,6642,2893,3749,0,0,0,1.0,1,1.0,1,1.0,1,0.16080690402666825,62
3624,4,6646,2896,3750,0,0,0,1.0,1,1.0,1,1.0,1,0.19999594808909327,62
3625,3,6649,2897,3752,0,0,0,1.0,1,1.0,1,1.0,1,0.1829282172435203,61
3626,1,6650,2898,3752,0,0,0,1.0,1,1.0,1,1.0,1,0.15336310065271874,58
3627,2,6652,2899,3753,0,0,0,1.0,1,1.0,1,1.0,1,0.17211929291838507,58
3628,3,6655,2902,3753,0,0,0,1.0,1,1.0,1,1.0,1,0.20641903040031329,57
3629,2,6657,2903,3754,0,0,0,1.0,1,1.0,1,1.0,1,0.21422943246860227,57
3630,6,6663,2906,3757,0,0,0,1.0,1,1.0,1,1.0,1,0.23660196298256123,56
3631,7,6670,2910,3760,0,0,0,1.0,1,1.0,1,1.0,1,0.1858777973585165,54
3632,0,6670,2910,3760,0,0,0,1.0,1,1.0,1,1.0,1,0.19245468260170973,52
3633,3,6673,2912,3761,0,0,0,1.0,1,1.0,1,1.0,1,0.22082889209942191,52
3634,1,6674,2913,3761,0,0,0,1.0,1,1.0,1,1.0,1,0.20779913325767604,49
3635,2,6676,2914,3762,0,0,0,1.0,1,1.0,1,1.0,1,0.2408865013703617,47
3636,3,6679,2915,3764,0,0,0,1.0,1,1.0,1,1.0,1,0.23159112741354834,48
3637,2,6681,2915,3766,0,0,0,1.0,1,1.0,1,1.0,1,0.23564950044266225,49
3638,1,6682,2916,3766,0,0,0,1.0,1,1.0,1,1.0,1,0.2473315037638731,50
3639,1,6683,2917,3766,0,0,0,1.0,1,1.0,1,1.0,1,0.2706263303082588,52
3640,1,6684,2918,3766,0,0,0,1.0,1,1.0,1,1.0,1,0.2923343635604266,52
3641,4,6688,2918,3770,0,0,0,1.0,1,1.0,1,1.0,1,0.25229538016874975,52
3642,0,6688,2918,3770,0,0,0,1.0,1,1.0,1,1.0,1,0.25229538016874975,52
3643,0,6688,2918,3770,0,0,0,1.0,1,1.0,1,1.0,1,0.25229538016874975,52
3644,0,6688,2918,3770,0,0,0,1.0,1,1.0,1,1.0,1,0.25229538016874975,52
3645,0,6688,2918,3770,0,0,0,1.0,1,1.0,1,1.0,1,0.23307284681181017,53
3646,4,6692,2918,3774,0,0,0,1.0,1,1.0,1,1.0,1,0.1536502344782541,53
3647,1,6693,2919,3774,0,0,0,1.0,1,1.0,1,1.0,1,0.16547684574765695,55
3648,4,6697,2919,3778,0,0,0,1.0,1,1.0,1,1.0,1,0.15255487402202864,57
3649,1,6698,2920,3778,0,0,0,1.0,1,1.0,1,1.0,1,0.15132481560403407,57
3650,0,6698,2920,3778,0,0,0,1.0,1,1.0,1,1.0,1,0.16305698561689416,59
3651,2,6700,2922,3778,0,0,0,1.0,1,1.0,1,1.0,1,0.15290668460956822,59
3652,0,6700,2922,3778,0,0,0,1.0,1,1.0,1,1.0,1,0.15290668460956822,59
3653,0,6700,2922,3778,0,0,0,1.0,1,1.0,1,1.0,1,0.15290668460956822,59
3654,0,6700,2922,3778,0,0,0,1.0,1,1.0,1,1.0,1,0.15290668460956822,59
3655,1,6701,2922,3779,0,0,0,1.0,1,1.0,1,1.0,1,0.14614392593656841,62
3656,0,6701,2922,3779,0,0,0,1.0,1,1.0,1,1.0,1,0.14614392593656841,62
3657,0,6701,2922,3779,0,0,0,1.0,1,1.0,1,1.0,1,0.15769469275074902,63
3658,1,6702,2923,3779,0,0,0,1.0,1,1.0,1,1.0,1,0.17834200383904836,63
3659,1,6703,2923,3780,0,0,0,1.0,1,1.0,1,1.0,1,0.20693426575813983,62
3660,4,6707,2926,3781,0,0,0,1.0,1,1.0,1,1.0,1,0.23382772079108374,62
3661,1,6708,2926,3782,0,0,0,1.0,1,1.0,1,1.0,1,0.1970705193326202,61
3662,5,6713,2929,3784,0,0,0,1.0,1,1.0,1,1.0,1,0.2227674352499723,60
3663,2,6715,2931,3784,0,0,0,1.0,1,1.0,1,1.0,1,0.22924182418564384,61
3664,1,6716,2931,3785,0,0,0,1.0,1,1.0,1,1.0,1,0.22276420095881022,58
3665,4,6720,2934,3786,0,0,0,1.0,1,1.0,1,1.0,1,0.21240454744374998,58
3666,3,6723,2935,3788,0,0,0,1.0,1,1.0,1,1.0,1,0.17687392294736728,58
3667,3,6726,2937,3789,0,0,0,1.0,1,1.0,1,1.0,1,0.1802910306888798,58
3668,1,6727,2937,3790,0,0,0,1.0,1,1.0,1,1.0,1,0.19992508725874958,58
3669,1,6728,2938,3790,0,0,0,1.0,1,1.0,1,1.0,1,0.23291493382394973,57
3670,0,6728,2938,3790,0,0,0,1.0,1,1.0,1,1.0,1,0.20847278255691215,56
3671,1,6729,2939,3790,0,0,0,1.0,1,1.0,1,1.0,1,0.24223275461365748,57
3672,2,6731,2940,3791,0,0,0,1.0,1,1.0,1,1.0,1,0.2591752301521306,57
3673,0,6731,2940,3791,0,0,0,1.0,1,1.0,1,1.0,1,0.25020207916171755,58
3674,0,6731,2940,3791,0,0,0,1.0,1,1.0,1,1.0,1,0.2586107615143615,57
3675,0,6731,2940,3791,0,0,0,1.0,1,1.0,1,1.0,1,0.2673321033594595,58
3676,4,6735,2941,3794,0,0,0,1.0,1,1.0,1,1.0,1,0.26484990140196885,59
3677,4,6739,2942,3797,0,0,0,1.0,1,1.0,1,1.0,1,0.24576133827450727,60
3678,5,6744,2942,3802,0,0,0,1.0,1,1.0,1,1.0,1,0.20273802023402065,62
3679,1,6745,2942,3803,0,0,0,1.0,1,1.0,1,1.0,1,0.19653183632347535,62
3680,0,6745,2942,3803,0,0,0,1.0,1,1.0,1,1.0,1,0.1787485626894113,63
3681,0,6745,2942,3803,0,0,0,1.0,1,1.0,1,1.0,1,0.18878189750190258,64
3682,0,6745,2942,3803,0,0,0,1.0,1,1.0,1,1.0,1,0.18878189750190258,64
3683,0,6745,2942,3803,0,0,0,1.0,1,1.0,1,1.0,1,0.18878189750190258,64
3684,3,6748,2943,3805,0,0,0,1.0,1,1.0,1,1.0,1,0.1768905707828036,64
3685,1,6749,2943,3806,0,0,0,1.0,1,1.0,1,1.0,1,0.1708736890352422,64
3686,2,6751,2943,3808,0,0,0,1.0,1,1.0,1,1.0,1,0.17001656262638054,65
3687,2,6753,2943,3810,0,0,0,1.0,1,1.0,1,1.0,1,0.17001656262638054,65
3688,2,6755,2943,3812,0,0,0,1.0,1,1.0,1,1.0,1,0.180731649130646,66
3689,2,6757,2943,3814,0,0,0,1.0,1,1.0,1,1.0,1,0.180731649130646,66
3690,1,6758,2943,3815,0,0,0,1.0,1,1.0,1,1.0,1,0.18561505460942485,67
3691,1,6759,2943,3816,0,0,0,1.0,1,1.0,1,1.0,1,0.1729436531366173,68
3692,1,6760,2943,3817,0,0,0,1.0,1,1.0,1,1.0,1,0.15954304474609685,69
3693,1,6761,2943,3818,0,0,0,1.0,1,1.0,1,1.0,1,0.16549219782203725,69
3694,0,6761,2943,3818,0,0,0,1.0,1,1.0,1,1.0,1,0.17051312901380833,70
3695,1,6762,2943,3819,0,0,0,1.0,1,1.0,1,1.0,1,0.15975789775405758,70
3696,1,6763,2944,3819,0,0,0,1.0,1,1.0,1,1.0,1,0.1523101663118743,71
3697,3,6766,2946,3820,0,0,0,1.0,1,1.0,1,1.0,1,0.18155749587730627,70
3698,1,6767,2947,3820,0,0,0,1.0,1,1.0,1,1.0,1,0.20332471546816794,70
3699,1,6768,2948,3820,0,0,0,1.0,1,1.0,1,1.0,1,0.1998591631655294,70
3700,4,6772,2952,3820,0,0,0,1.0,1,1.0,1,1.0,1,0.25624316386826457,68
3701,2,6774,2952,3822,0,0,0,1.0,1,1.0,1,1.0,1,0.24418239916460385,69
3702,1,6775,2953,3822,0,0,0,1.0,1,1.0,1,1.0,1,0.2407462310510422,69
3703,0,6775,2953,3822,0,0,0,1.0,1,1.0,1,1.0,1,0.2516030542662202,70
3704,6,6781,2955,3826,0,0,0,1.0,1,1.0,1,1.0,1,0.26372175520338104,69
3705,1,6782,2955,3827,0,0,0,1.0,1,1.0,1,1.0,1,0.23204072171696624,69
3706,8,6790,2956,3834,0,0,0,1.0,1,1.0,1,1.0,1,0.1453763755019961,69
3707,0,6790,2956,3834,0,0,0,1.0,1,1.0,1,1.0,1,0.1344421211946231,67
3708,0,6790,2956,3834,0,0,0,1.0,1,1.0,1,1.0,1,0.12514638754616847,67
3709,1,6791,2956,3835,0,0,0,1.0,1,1.0,1,1.0,1,0.11325654512606019,67
3710,0,6791,2956,3835,0,0,0,1.0,1,1.0,1,1.0,1,0.11060698637644918,67
3711,0,6791,2956,3835,0,0,0,1.0,1,1.0,1,1.0,1,0.1197202937951097,68
3712,0,6791,2956,3835,0,0,0,1.0,1,1.0,1,1.0,1,0.1197202937951097,68
3713,3,6794,2958,3836,0,0,0,1.0,1,1.0,1,1.0,1,0.12961324808664085,68
3714,0,6794,2958,3836,0,0,0,1.0,1,1.0,1,1.0,1,0.14760408632555197,67
3715,2,6796,2959,3837,0,0,0,1.0,1,1.0,1,1.0,1,0.15550446026504994,68
3716,0,6796,2959,3837,0,0,0,1.0,1,1.0,1,1.0,1,0.16429801512085843,67
3717,3,6799,2959,3840,0,0,0,1.0,1,1.0,1,1.0,1,0.1629204232504161,68
3718,1,6800,2959,3841,0,0,0,1.0,1,1.0,1,1.0,1,0.16982597711666833,68
3719,2,6802,2961,3841,0,0,0,1.0,1,1.0,1,1.0,1,0.230790277898085,68
3720,0,6802,2961,3841,0,0,0,1.0,1,1.0,1,1.0,1,0.230790277898085,68
3721,5,6807,2965,3842,0,0,0,1.0,1,1.0,1,1.0,1,0.1879918752495493,70
3722,3,6810,2965,3845,0,0,0,1.0,1,1.0,1,1.0,1,0.16901578730245673,71
3723,1,6811,2966,3845,0,0,0,1.0,1,1.0,1,1.0,1,0.17703373843415096,71
3724,0,6811,2966,3845,0,0,0,1.0,1,1.0,1,1.0,1,0.16726829048842812,72
3725,2,6813,2968,3845,0,0,0,1.0,1,1.0,1,1.0,1,0.18601888660426266,72
3726,1,6814,2969,3845,0,0,0,1.0,1,1.0,1,1.0,1,0.19637710839960268,71
3727,0,6814,2969,3845,0,0,0,1.0,1,1.0,1,1.0,1,0.19637710839960268,71
3728,0,6814,2969,3845,0,0,0,1.0,1,1.0,1,1.0,1,0.2050942823562366,70
3729,0,6814,2969,3845,0,0,0,1.0,1,1.0,1,1.0,1,0.2050942823562366,70
3730,1,6815,2970,3845,0,0,0,1.0,1,1.0,1,1.0,1,0.23952706479073693,71
3731,3,6818,2970,3848,0,0,0,1.0,1,1.0,1,1.0,1,0.2140730853619658,71
3732,1,6819,2970,3849,0,0,0,1.0,1,1.0,1,1.0,1,0.19399267181528224,72
3733,1,6820,2970,3850,0,0,0,1.0,1,1.0,1,1.0,1,0.1985824147469086,73
3734,3,6823,2972,3851,0,0,0,1.0,1,1.0,1,1.0,1,0.22820443445720676,74
3735,2,6825,2973,3852,0,0,0,1.0,1,1.0,1,1.0,1,0.20814482848871213,72
3736,1,6826,2973,3853,0,0,0,1.0,1,1.0,1,1.0,1,0.18202595575781627,72
3737,1,6827,2973,3854,0,0,0,1.0,1,1.0,1,1.0,1,0.17391863329986443,73
3738,1,6828,2973,3855,0,0,0,1.0,1,1.0,1,1.0,1,0.15696383456690788,72
3739,0,6828,2973,3855,0,0,0,1.0,1,1.0,1,1.0,1,0.15307711703936905,73
3740,0,6828,2973,3855,0,0,0,1.0,1,1.0,1,1.0,1,0.14785423599811856,70
3741,0,6828,2973,3855,0,0,0,1.0,1,1.0,1,1.0,1,0.14785423599811856,70
3742,3,6831,2975,3856,0,0,0,1.0,1,1.0,1,1.0,1,0.14178333303293636,70
3743,1,6832,2975,3857,0,0,0,1.0,1,1.0,1,1.0,1,0.1572290599664977,69
3744,5,6837,2980,3857,0,0,0,1.0,1,1.0,1,1.0,1,0.2212352800364612,69
3745,2,6839,2981,3858,0,0,0,1.0,1,1.0,1,1.0,1,0.17847547642397235,68
3746,1,6840,2981,3859,0,0,0,1.0,1,1.0,1,1.0,1,0.17363278469802756,66
3747,3,6843,2982,3861,0,0,0,1.0,1,1.0,1,1.0,1,0.16255120752264976,66
3748,0,6843,2982,3861,0,0,0,1.0,1,1.0,1,1.0,1,0.14004218527617898,65
3749,2,6845,2983,3862,0,0,0,1.0,1,1.0,1,1.0,1,0.13333254457356208,64
3750,1,6846,2984,3862,0,0,0,1.0,1,1.0,1,1.0,1,0.14231270410464628,63
3751,3,6849,2985,3864,0,0,0,1.0,1,1.0,1,1.0,1,0.1265171362815335,64
3752,4,6853,2988,3865,0,0,0,1.0,1,1.0,1,1.0,1,0.1366014994988872,64
3753,2,6855,2989,3866,0,0,0,1.0,1,1.0,1,1.0,1,0.16280709848874966,65
3754,3,6858,2992,3866,0,0,0,1.0,1,1.0,1,1.0,1,0.19529313514219218,65
3755,3,6861,2993,3868,0,0,0,1.0,1,1.0,1,1.0,1,0.19235224282211635,65
3756,0,6861,2993,3868,0,0,0,1.0,1,1.0,1,1.0,1,0.2057587848628722,65
3757,2,6863,2995,3868,0,0,0,1.0,1,1.0,1,1.0,1,0.22445109451209708,65
3758,0,6863,2995,3868,0,0,0,1.0,1,1.0,1,1.0,1,0.23038145566334545,64
3759,0,6863,2995,3868,0,0,0,1.0,1,1.0,1,1.0,1,0.23038145566334545,64
3760,2,6865,2995,3870,0,0,0,1.0,1,1.0,1,1.0,1,0.24136622163640375,63
3761,0,6865,2995,3870,0,0,0,1.0,1,1.0,1,1.0,1,0.24136622163640375,63
3762,2,6867,2995,3872,0,0,0,1.0,1,1.0,1,1.0,1,0.22472723341210044,65
3763,2,6869,2996,3873,0,0,0,1.0,1,1.0,1,1.0,1,0.22569783645448047,65
3764,2,6871,2998,3873,0,0,0,1.0,1,1.0,1,1.0,1,0.22775220509823807,66
3765,2,6873,2998,3875,0,0,0,1.0,1,1.0,1,1.0,1,0.22478767466447755,67
3766,8,6881,3000,3881,0,0,0,1.0,1,1.0,1,1.0,1,0.15804470115213806,67
3767,3,6884,3001,3883,0,0,0,1.0,1,1.0,1,1.0,1,0.15071226401161256,68
3768,2,6886,3003,3883,0,0,0,1.0,1,1.0,1,1.0,1,0.18437960293850414,67
3769,0,6886,3003,3883,0,0,0,1.0,1,1.0,1,1.0,1,0.16445374319319847,69
3770,0,6886,3003,3883,0,0,0,1.0,1,1.0,1,1.0,1,0.16445374319319847,69
3771,2,6888,3003,3885,0,0,0,1.0,1,1.0,1,1.0,1,0.1822049840249216,69
3772,3,6891,3003,3888,0,0,0,1.0,1,1.0,1,1.0,1,0.1801490527138838,70
3773,3,6894,3003,3891,0,0,0,1.0,1,1.0,1,1.0,1,0.1838889252539767,68
3774,4,6898,3005,3893,0,0,0,1.0,1,1.0,1,1.0,1,0.16051183010261943,68
3775,2,6900,3007,3893,0,0,0,1.0,1,1.0,1,1.0,1,0.200558049160428,68
3776,1,6901,3008,3893,0,0,0,1.0,1,1.0,1,1.0,1,0.20344356549785536,66
3777,2,6903,3010,3893,0,0,0,1.0,1,1.0,1,1.0,1,0.20164161387937357,65
3778,1,6904,3011,3893,0,0,0,1.0,1,1.0,1,1.0,1,0.2043352940479857,65
3779,2,6906,3013,3893,0,0,0,1.0,1,1.0,1,1.0,1,0.22868306622091308,65
3780,4,6910,3016,3894,0,0,0,1.0,1,1.0,1,1.0,1,0.21892543396059289,64
3781,6,6916,3016,3900,0,0,0,1.0,1,1.0,1,1.0,1,0.13647522281152452,64
3782,2,6918,3017,3901,0,0,0,1.0,1,1.0,1,1.0,1,0.1576425256499276,67
3783,2,6920,3018,3902,0,0,0,1.0,1,1.0,1,1.0,1,0.15622664421791782,65
3784,3,6923,3019,3904,0,0,0,1.0,1,1.0,1,1.0,1,0.1637560734775853,65
3785,2,6925,3020,3905,0,0,0,1.0,1,1.0,1,1.0,1,0.17658508931359015,63
3786,3,6928,3020,3908,0,0,0,1.0,1,1.0,1,1.0,1,0.15799442487416845,66
3787,1,6929,3021,3908,0,0,0,1.0,1,1.0,1,1.0,1,0.17867887389311982,65
3788,1,6930,3021,3909,0,0,0,1.0,1,1.0,1,1.0,1,0.16125664738468254,65
3789,2,6932,3023,3909,0,0,0,1.0,1,1.0,1,1.0,1,0.19071810977773979,65
3790,2,6934,3024,3910,0,0,0,1.0,1,1.0,1,1.0,1,0.2153594416727886,64
3791,2,6936,3026,3910,0,0,0,1.0,1,1.0,1,1.0,1,0.2301715219841502,64
3792,2,6938,3027,3911,0,0,0,1.0,1,1.0,1,1.0,1,0.2246898098306828,65
3793,3,6941,3028,3913,0,0,0,1.0,1,1.0,1,1.0,1,0.2366897350289258,68
3794,1,6942,3029,3913,0,0,0,1.0,1,1.0,1,1.0,1,0.25284843969575627,68
3795,4,6946,3030,3916,0,0,0,1.0,1,1.0,1,1.0,1,0.2687678962874997,69
3796,9,6955,3030,3925,0,0,0,1.0,1,1.0,1,1.0,1,0.20318361623104933,69
3797,0,6955,3030,3925,0,0,0,1.0,1,1.0,1,1.0,1,0.21943854606818297,70
3798,0,6955,3030,3925,0,0,0,1.0,1,1.0,1,1.0,1,0.21943854606818297,70
3799,1,6956,3031,3925,0,0,0,1.0,1,1.0,1,1.0,1,0.23151020044823353,69
3800,3,6959,3031,3928,0,0,0,1.0,1,1.0,1,1.0,1,0.2015119903560876,69
3801,3,6962,3031,3931,0,0,0,1.0,1,1.0,1,1.0,1,0.21175752774810658,67
3802,1,6963,3031,3932,0,0,0,1.0,1,1.0,1,1.0,1,0.2077519466956462,67
3803,5,6968,3034,3934,0,0,0,1.0,1,1.0,1,1.0,1,0.22910624920980288,69
3804,2,6970,3035,3935,0,0,0,1.0,1,1.0,1,1.0,1,0.22546443779059736,70
3805,4,6974,3037,3937,0,0,0,1.0,1,1.0,1,1.0,1,0.23727617682620983,71
3806,2,6976,3038,3938,0,0,0,1.0,1,1.0,1,1.0,1,0.23820696295972144,71
3807,4,6980,3039,3941,0,0,0,1.0,1,1.0,1,1.0,1,0.247516919583166,72
3808,2,6982,3039,3943,0,0,0,1.0,1,1.0,1,1.0,1,0.26107842849649604,72
3809,7,6989,3040,3949,0,0,0,1.0,1,1.0,1,1.0,1,0.23748519498728646,72
3810,4,6993,3040,3953,0,0,0,1.0,1,1.0,1,1.0,1,0.23748519498728646,72
3811,2,6995,3040,3955,0,0,0,1.0,1,1.0,1,1.0,1,0.1940153573798797,71
3812,0,6995,3040,3955,0,0,0,1.0,1,1.0,1,1.0,1,0.20143971540405206,72
3813,2,6997,3042,3955,0,0,0,1.0,1,1.0,1,1.0,1,0.22030151691651384,71
3814,3,7000,3044,3956,0,0,0,1.0,1,1.0,1,1.0,1,0.2314708505378842,72
3815,1,7001,3044,3957,0,0,0,1.0,1,1.0,1,1.0,1,0.22617099372135027,71
3816,1,7002,3044,3958,0,0,0,1.0,1,1.0,1,1.0,1,0.2197793761555335,69
3817,2,7004,3044,3960,0,0,0,1.0,1,1.0,1,1.0,1,0.21816941675615462,72
3818,1,7005,3044,3961,0,0,0,1.0,1,1.0,1,1.0,1,0.20607450261637722,72
3819,2,7007,3045,3962,0,0,0,1.0,1,1.0,1,1.0,1,0.20651043563186933,72
3820,1,7008,3046,3962,0,0,0,1.0,1,1.0,1,1.0,1,0.2196300307481584,72
3821,2,7010,3048,3962,0,0,0,1.0,1,1.0,1,1.0,1,0.25558185349127555,72
3822,3,7013,3049,3964,0,0,0,1.0,1,1.0,1,1.0,1,0.26140789648704926,69
3823,2,7015,3050,3965,0,0,0,1.0,1,1.0,1,1.0,1,0.2477013895975357,69
3824,1,7016,3050,3966,0,0,0,1.0,1,1.0,1,1.0,1,0.24760737552851103,65
3825,1,7017,3051,3966,0,0,0,1.0,1,1.0,1,1.0,1,0.25498016981539795,64
3826,2,7019,3052,3967,0,0,0,1.0,1,1.0,1,1.0,1,0.24327558551728828,65
3827,2,7021,3053,3968,0,0,0,1.0,1,1.0,1,1.0,1,0.23734416022515836,64
3828,0,7021,3053,3968,0,0,0,1.0,1,1.0,1,1.0,1,0.22608041444910984,65
3829,1,7022,3054,3968,0,0,0,1.0,1,1.0,1,1.0,1,0.22773514638447756,65
3830,0,7022,3054,3968,0,0,0,1.0,1,1.0,1,1.0,1,0.23119306978174692,64
3831,4,7026,3057,3969,0,0,0,1.0,1,1.0,1,1.0,1,0.24600739784716466,63
3832,2,7028,3058,3970,0,0,0,1.0,1,1.0,1,1.0,1,0.27582061111185324,64
3833,1,7029,3059,3970,0,0,0,1.0,1,1.0,1,1.0,1,0.27868804383600715,64
3834,1,7030,3060,3970,0,0,0,1.0,1,1.0,1,1.0,1,0.29130922702179435,63
3835,1,7031,3061,3970,0,0,0,1.0,1,1.0,1,1.0,1,0.3119126369233967,63
3836,3,7034,3063,3971,0,0,0,1.0,1,1.0,1,1.0,1,0.32030532315956994,63
3837,4,7038,3065,3973,0,0,0,1.0,1,1.0,1,1.0,1,0.314934489065294,62
3838,3,7041,3066,3975,0,0,0,1.0,1,1.0,1,1.0,1,0.30623785702034656,62
3839,2,7043,3067,3976,0,0,0,1.0,1,1.0,1,1.0,1,0.3469897546139624,60
3840,2,7045,3067,3978,0,0,0,1.0,1,1.0,1,1.0,1,0.3297999032015394,62
3841,10,7055,3068,3987,0,0,0,1.0,1,1.0,1,1.0,1,0.2858049145600645,62
3842,3,7058,3068,3990,0,0,0,1.0,1,1.0,1,1.0,1,0.26358264464997494,63
3843,1,7059,3068,3991,0,0,0,1.0,1,1.0,1,1.0,1,0.24706958491614928,64
3844,4,7063,3068,3995,0,0,0,1.0,1,1.0,1,1.0,1,0.23144666175057274,65
3845,4,7067,3068,3999,0,0,0,1.0,1,1.0,1,1.0,1,0.21432291264695152,66
3846,3,7070,3068,4002,0,0,0,1.0,1,1.0,1,1.0,1,0.1966387139937519,67
3847,2,7072,3070,4002,0,0,0,1.0,1,1.0,1,1.0,1,0.17848323553422613,67
3848,0,7072,3070,4002,0,0,0,1.0,1,1.0,1,1.0,1,0.17848323553422613,67
3849,5,7077,3071,4006,0,0,0,1.0,1,1.0,1,1.0,1,0.17746223771988065,67
3850,4,7081,3073,4008,0,0,0,1.0,1,1.0,1,1.0,1,0.1699093303404173,68
3851,1,7082,3074,4008,0,0,0,1.0,1,1.0,1,1.0,1,0.1670917180263083,68
3852,2,7084,3075,4009,0,0,0,1.0,1,1.0,1,1.0,1,0.18120923316184695,70
3853,0,7084,3075,4009,0,0,0,1.0,1,1.0,1,1.0,1,0.18120923316184695,70
3854,0,7084,3075,4009,0,0,0,1.0,1,1.0,1,1.0,1,0.18120923316184695,70
3855,1,7085,3076,4009,0,0,0,1.0,1,1.0,1,1.0,1,0.19801007416476535,69
3856,1,7086,3076,4010,0,0,0,1.0,1,1.0,1,1.0,1,0.17770264710144415,70
3857,4,7090,3078,4012,0,0,0,1.0,1,1.0,1,1.0,1,0.21182842476962338,68
3858,2,7092,3079,4013,0,0,0,1.0,1,1.0,1,1.0,1,0.20635767981352296,67
3859,1,7093,3079,4014,0,0,0,1.0,1,1.0,1,1.0,1,0.22426798942100978,66
3860,4,7097,3080,4017,0,0,0,1.0,1,1.0,1,1.0,1,0.26847480807839696,66
3861,1,7098,3080,4018,0,0,0,1.0,1,1.0,1,1.0,1,0.2576835734959723,66
3862,2,7100,3081,4019,0,0,0,1.0,1,1.0,1,1.0,1,0.27397527823662443,66
3863,0,7100,3081,4019,0,0,0,1.0,1,1.0,1,1.0,1,0.261113767520531,63
3864,1,7101,3082,4019,0,0,0,1.0,1,1.0,1,1.0,1,0.2714548027750429,63
3865,1,7102,3083,4019,0,0,0,1.0,1,1.0,1,1.0,1,0.2703355925082041,61
3866,0,7102,3083,4019,0,0,0,1.0,1,1.0,1,1.0,1,0.268097412686348,61
3867,0,7102,3083,4019,0,0,0,1.0,1,1.0,1,1.0,1,0.2663457579392989,60
3868,1,7103,3084,4019,0,0,0,1.0,1,1.0,1,1.0,1,0.28427831673343085,59
3869,1,7104,3085,4019,0,0,0,1.0,1,1.0,1,1.0,1,0.2744175837933752,61
3870,1,7105,3085,4020,0,0,0,1.0,1,1.0,1,1.0,1,0.27938620650150725,61
3871,5,7110,3085,4025,0,0,0,1.0,1,1.0,1,1.0,1,0.2577825359192233,64
3872,3,7113,3086,4027,0,0,0,1.0,1,1.0,1,1.0,1,0.22770073700701707,63
3873,2,7115,3087,4028,0,0,0,1.0,1,1.0,1,1.0,1,0.21165893297057634,62
3874,0,7115,3087,4028,0,0,0,1.0,1,1.0,1,1.0,1,0.20608678723764645,63
3875,3,7118,3089,4029,0,0,0,1.0,1,1.0,1,1.0,1,0.20274700707885632,61
3876,0,7118,3089,4029,0,0,0,1.0,1,1.0,1,1.0,1,0.1961681778223492,62
3877,2,7120,3090,4030,0,0,0,1.0,1,1.0,1,1.0,1,0.19960979031109988,63
3878,0,7120,3090,4030,0,0,0,1.0,1,1.0,1,1.0,1,0.19960979031109988,63
3879,1,7121,3091,4030,0,0,0,1.0,1,1.0,1,1.0,1,0.2081024444274367,63
3880,0,7121,3091,4030,0,0,0,1.0,1,1.0,1,1.0,1,0.1968955098912471,65
3881,1,7122,3092,4030,0,0,0,1.0,1,1.0,1,1.0,1,0.21665500084693892,65
3882,4,7126,3094,4032,0,0,0,1.0,1,1.0,1,1.0,1,0.19970360885537058,66
3883,1,7127,3094,4033,0,0,0,1.0,1,1.0,1,1.0,1,0.1935701617423546,66
3884,0,7127,3094,4033,0,0,0,1.0,1,1.0,1,1.0,1,0.1935701617423546,66
3885,0,7127,3094,4033,0,0,0,1.0,1,1.0,1,1.0,1,0.1935701617423546,66
3886,4,7131,3096,4035,0,0,0,1.0,1,1.0,1,1.0,1,0.20339623235401708,65
3887,1,7132,3096,4036,0,0,0,1.0,1,1.0,1,1.0,1,0.1934253120273711,65
3888,2,7134,3096,4038,0,0,0,1.0,1,1.0,1,1.0,1,0.1853812140073292,66
3889,2,7136,3097,4039,0,0,0,1.0,1,1.0,1,1.0,1,0.20941558388958753,64
3890,1,7137,3098,4039,0,0,0,1.0,1,1.0,1,1.0,1,0.23013688001087534,63
3891,3,7140,3099,4041,0,0,0,1.0,1,1.0,1,1.0,1,0.2353190704048089,66
3892,3,7143,3099,4044,0,0,0,1.0,1,1.0,1,1.0,1,0.22059508006468684,67
3893,0,7143,3099,4044,0,0,0,1.0,1,1.0,1,1.0,1,0.2153154152238376,66
3894,2,7145,3099,4046,0,0,0,1.0,1,1.0,1,1.0,1,0.2241884747790287,67
3895,2,7147,3100,4047,0,0,0,1.0,1,1.0,1,1.0,1,0.24598998388224308,66
3896,1,7148,3101,4047,0,0,0,1.0,1,1.0,1,1.0,1,0.24198839464138241,66
3897,0,7148,3101,4047,0,0,0,1.0,1,1.0,1,1.0,1,0.2545757573757481,65
3898,4,7152,3105,4047,0,0,0,1.0,1,1.0,1,1.0,1,0.2816061977730445,65
3899,1,7153,3106,4047,0,0,0,1.0,1,1.0,1,1.0,1,0.2762913145662598,64
3900,2,7155,3107,4048,0,0,0,1.0,1,1.0,1,1.0,1,0.2767357239865033,63
3901,6,7161,3109,4052,0,0,0,1.0,1,1.0,1,1.0,1,0.23772591045450614,63
3902,0,7161,3109,4052,0,0,0,1.0,1,1.0,1,1.0,1,0.25035152396247107,64
3903,2,7163,3111,4052,0,0,0,1.0,1,1.0,1,1.0,1,0.23908306310875554,64
3904,2,7165,3111,4054,0,0,0,1.0,1,1.0,1,1.0,1,0.21820603785361797,63
3905,0,7165,3111,4054,0,0,0,1.0,1,1.0,1,1.0,1,0.23299141272989807,63
3906,4,7169,3113,4056,0,0,0,1.0,1,1.0,1,1.0,1,0.23058061830462617,64
3907,2,7171,3114,4057,0,0,0,1.0,1,1.0,1,1.0,1,0.24540776863663508,64
3908,3,7174,3115,4059,0,0,0,1.0,1,1.0,1,1.0,1,0.23514226227078022,63
3909,1,7175,3116,4059,0,0,0,1.0,1,1.0,1,1.0,1,0.23252288117533362,62
3910,0,7175,3116,4059,0,0,0,1.0,1,1.0,1,1.0,1,0.2486897440338973,62
3911,1,7176,3116,4060,0,0,0,1.0,1,1.0,1,1.0,1,0.2483509630386125,64
3912,2,7178,3116,4062,0,0,0,1.0,1,1.0,1,1.0,1,0.222478777897692,64
3913,0,7178,3116,4062,0,0,0,1.0,1,1.0,1,1.0,1,0.23028078341532962,65
3914,0,7178,3116,4062,0,0,0,1.0,1,1.0,1,1.0,1,0.2557296296569704,65
3915,0,7178,3116,4062,0,0,0,1.0,1,1.0,1,1.0,1,0.2537352097881295,66
3916,7,7185,3116,4069,0,0,0,1.0,1,1.0,1,1.0,1,0.17529423376990444,66
3917,1,7186,3116,4070,0,0,0,1.0,1,1.0,1,1.0,1,0.16166570473763128,66
3918,2,7188,3116,4072,0,0,0,1.0,1,1.0,1,1.0,1,0.14885800360113352,67
3919,2,7190,3117,4073,0,0,0,1.0,1,1.0,1,1.0,1,0.1551686714249544,68
3920,0,7190,3117,4073,0,0,0,1.0,1,1.0,1,1.0,1,0.154704839281373,69
3921,1,7191,3117,4074,0,0,0,1.0,1,1.0,1,1.0,1,0.17365784105531076,68
3922,2,7193,3119,4074,0,0,0,1.0,1,1.0,1,1.0,1,0.2057869870340727,68
3923,0,7193,3119,4074,0,0,0,1.0,1,1.0,1,1.0,1,0.2153516926680716,69
3924,2,7195,3119,4076,0,0,0,1.0,1,1.0,1,1.0,1,0.23238042202909204,69
3925,5,7200,3121,4079,0,0,0,1.0,1,1.0,1,1.0,1,0.2641994266140103,67
3926,5,7205,3122,4083,0,0,0,1.0,1,1.0,1,1.0,1,0.30247657921603205,67
3927,7,7212,3122,4090,0,0,0,1.0,1,1.0,1,1.0,1,0.32021067566870626,65
3928,10,7222,3124,4098,0,0,0,1.0,1,1.0,1,1.0,1,0.2908970502039289,65
3929,7,7229,3125,4104,0,0,0,1.0,1,1.0,1,1.0,1,0.2871889735529115,64
3930,4,7233,3125,4108,0,0,0,1.0,1,1.0,1,1.0,1,0.28864612221278646,64
3931,4,7237,3126,4111,0,0,0,1.0,1,1.0,1,1.0,1,0.2520952921692384,62
3932,1,7238,3126,4112,0,0,0,1.0,1,1.0,1,1.0,1,0.24196520270287686,62
3933,0,7238,3126,4112,0,0,0,1.0,1,1.0,1,1.0,1,0.24196520270287686,62
3934,1,7239,3127,4112,0,0,0,1.0,1,1.0,1,1.0,1,0.23973356384120884,61
3935,2,7241,3127,4114,0,0,0,1.0,1,1.0,1,1.0,1,0.23360412673826098,64
3936,1,7242,3127,4115,0,0,0,1.0,1,1.0,1,1.0,1,0.23487501498307814,65
3937,0,7242,3127,4115,0,0,0,1.0,1,1.0,1,1.0,1,0.2305244852672235,66
3938,2,7244,3129,4115,0,0,0,1.0,1,1.0,1,1.0,1,0.25024774583647513,66
3939,1,7245,3129,4116,0,0,0,1.0,1,1.0,1,1.0,1,0.24964038802444635,67
3940,1,7246,3130,4116,0,0,0,1.0,1,1.0,1,1.0,1,0.24413895646698427,69
3941,1,7247,3130,4117,0,0,0,1.0,1,1.0,1,1.0,1,0.226385797730753,69
3942,1,7248,3131,4117,0,0,0,1.0,1,1.0,1,1.0,1,0.23038401625529856,69
3943,3,7251,3133,4118,0,0,0,1.0,1,1.0,1,1.0,1,0.2412767367798314,68
3944,1,7252,3133,4119,0,0,0,1.0,1,1.0,1,1.0,1,0.22804210236418074,68
3945,4,7256,3137,4119,0,0,0,1.0,1,1.0,1,1.0,1,0.2429224527640534,67
3946,6,7262,3139,4123,0,0,0,1.0,1,1.0,1,1.0,1,0.20293428909260824,67
3947,0,7262,3139,4123,0,0,0,1.0,1,1.0,1,1.0,1,0.2060416320208397,66
3948,3,7265,3141,4124,0,0,0,1.0,1,1.0,1,1.0,1,0.20416564238270096,67
3949,5,7270,3144,4126,0,0,0,1.0,1,1.0,1,1.0,1,0.2205308005548511,66
3950,1,7271,3144,4127,0,0,0,1.0,1,1.0,1,1.0,1,0.21636715638621046,65
3951,0,7271,3144,4127,0,0,0,1.0,1,1.0,1,1.0,1,0.21191528293267434,65
3952,2,7273,3146,4127,0,0,0,1.0,1,1.0,1,1.0,1,0.2064415152341874,65
3953,0,7273,3146,4127,0,0,0,1.0,1,1.0,1,1.0,1,0.21992619076146497,65
3954,1,7274,3147,4127,0,0,0,1.0,1,1.0,1,1.0,1,0.2230764086587412,64
3955,0,7274,3147,4127,0,0,0,1.0,1,1.0,1,1.0,1,0.2506075811862052,64
3956,3,7277,3150,4127,0,0,0,1.0,1,1.0,1,1.0,1,0.22759955393082953,63
3957,0,7277,3150,4127,0,0,0,1.0,1,1.0,1,1.0,1,0.22759955393082953,63
3958,1,7278,3151,4127,0,0,0,1.0,1,1.0,1,1.0,1,0.25587926153963897,63
3959,2,7280,3152,4128,0,0,0,1.0,1,1.0,1,1.0,1,0.271544615027253,62
3960,0,7280,3152,4128,0,0,0,1.0,1,1.0,1,1.0,1,0.271544615027253,62
3961,8,7288,3153,4135,0,0,0,1.0,1,1.0,1,1.0,1,0.21722580813692827,64
3962,5,7293,3154,4139,0,0,0,1.0,1,1.0,1,1.0,1,0.19052505706856576,64
3963,6,7299,3156,4143,0,0,0,1.0,1,1.0,1,1.0,1,0.20988667567869915,62
3964,3,7302,3157,4145,0,0,0,1.0,1,1.0,1,1.0,1,0.2139588275528334,63
3965,3,7305,3157,4148,0,0,0,1.0,1,1.0,1,1.0,1,0.22906853702952432,63
3966,3,7308,3158,4150,0,0,0,1.0,1,1.0,1,1.0,1,0.2628892893935027,62
3967,2,7310,3158,4152,0,0,0,1.0,1,1.0,1,1.0,1,0.26987524366749044,64
3968,1,7311,3158,4153,0,0,0,1.0,1,1.0,1,1.0,1,0.26737341944436815,63
3969,2,7313,3158,4155,0,0,0,1.0,1,1.0,1,1.0,1,0.25393679276943626,63
3970,1,7314,3158,4156,0,0,0,1.0,1,1.0,1,1.0,1,0.26179913604478344,65
3971,3,7317,3158,4159,0,0,0,1.0,1,1.0,1,1.0,1,0.23901945665441968,65
3972,7,7324,3160,4164,0,0,0,1.0,1,1.0,1,1.0,1,0.25850748050946526,66
3973,1,7325,3160,4165,0,0,0,1.0,1,1.0,1,1.0,1,0.2559896830159199,66
3974,4,7329,3162,4167,0,0,0,1.0,1,1.0,1,1.0,1,0.2798597234222488,66
3975,6,7335,3163,4172,0,0,0,1.0,1,1.0,1,1.0,1,0.2722740323884754,66
3976,4,7339,3163,4176,0,0,0,1.0,1,1.0,1,1.0,1,0.2672880070278856,66
3977,1,7340,3164,4176,0,0,0,1.0,1,1.0,1,1.0,1,0.2561775052975084,64
3978,3,7343,3167,4176,0,0,0,1.0,1,1.0,1,1.0,1,0.30563109908110014,63
3979,1,7344,3167,4177,0,0,0,1.0,1,1.0,1,1.0,1,0.3273617561303665,63
3980,2,7346,3168,4178,0,0,0,1.0,1,1.0,1,1.0,1,0.3105098157270533,63
3981,3,7349,3168,4181,0,0,0,1.0,1,1.0,1,1.0,1,0.27876130462683063,64
3982,2,7351,3169,4182,0,0,0,1.0,1,1.0,1,1.0,1,0.2686546165811429,65
3983,3,7354,3170,4184,0,0,0,1.0,1,1.0,1,1.0,1,0.26061253965381886,64
3984,2,7356,3171,4185,0,0,0,1.0,1,1.0,1,1.0,1,0.25029456978741743,65
3985,4,7360,3173,4187,0,0,0,1.0,1,1.0,1,1.0,1,0.22969949347964344,64
3986,1,7361,3173,4188,0,0,0,1.0,1,1.0,1,1.0,1,0.22727949154512941,63
3987,1,7362,3173,4189,0,0,0,1.0,1,1.0,1,1.0,1,0.23778477986556323,63
3988,3,7365,3173,4192,0,0,0,1.0,1,1.0,1,1.0,1,0.22289347310278446,63
3989,5,7370,3175,4195,0,0,0,1.0,1,1.0,1,1.0,1,0.2437896513521852,63
3990,3,7373,3176,4197,0,0,0,1.0,1,1.0,1,1.0,1,0.2626521028363432,62
3991,5,7378,3176,4202,0,0,0,1.0,1,1.0,1,1.0,1,0.2043762621893448,62
3992,1,7379,3176,4203,0,0,0,1.0,1,1.0,1,1.0,1,0.18493794860737414,65
3993,0,7379,3176,4203,0,0,0,1.0,1,1.0,1,1.0,1,0.18493794860737414,65
3994,0,7379,3176,4203,0,0,0,1.0,1,1.0,1,1.0,1,0.18442762941758636,64
3995,0,7379,3176,4203,0,0,0,1.0,1,1.0,1,1.0,1,0.18442762941758636,64
3996,4,7383,3176,4207,0,0,0,1.0,1,1.0,1,1.0,1,0.16416577673872754,67
3997,2,7385,3176,4209,0,0,0,1.0,1,1.0,1,1.0,1,0.16983994305023298,69
3998,5,7390,3177,4213,0,0,0,1.0,1,1.0,1,1.0,1,0.1691546359102626,69
3999,2,7392,3177,4215,0,0,0,1.0,1,1.0,1,1.0,1,0.1645472483505222,69
4000,5,7397,3177,4220,0,0,0,1.0,1,1.0,1,1.0,1,0.1636773396919507,69
4001,2,7399,3177,4222,0,0,0,1.0,1,1.0,1,1.0,1,0.1710821640211169,68
4002,4,7403,3178,4225,0,0,0,1.0,1,1.0,1,1.0,1,0.1608942026820754,68
4003,5,7408,3180,4228,0,0,0,1.0,1,1.0,1,1.0,1,0.1583923446988308,68
4004,2,7410,3181,4229,0,0,0,1.0,1,1.0,1,1.0,1,0.1669082630069657,67
4005,3,7413,3181,4232,0,0,0,1.0,1,1.0,1,1.0,1,0.16801642952765708,67
4006,6,7419,3183,4236,0,0,0,1.0,1,1.0,1,1.0,1,0.15577811197714958,67
4007,1,7420,3183,4237,0,0,0,1.0,1,1.0,1,1.0,1,0.15341610477916273,67
4008,3,7423,3186,4237,0,0,0,1.0,1,1.0,1,1.0,1,0.20315055031802198,67
4009,1,7424,3187,4237,0,0,0,1.0,1,1.0,1,1.0,1,0.2239202833262964,67
4010,4,7428,3188,4240,0,0,0,1.0,1,1.0,1,1.0,1,0.26284759889567166,66
4011,4,7432,3188,4244,0,0,0,1.0,1,1.0,1,1.0,1,0.24964339277410996,66
4012,2,7434,3188,4246,0,0,0,1.0,1,1.0,1,1.0,1,0.2440492179077319,66
4013,2,7436,3188,4248,0,0,0,1.0,1,1.0,1,1.0,1,0.23456317979199248,66
4014,2,7438,3189,4249,0,0,0,1.0,1,1.0,1,1.0,1,0.2386355401799689,66
4015,0,7438,3189,4249,0,0,0,1.0,1,1.0,1,1.0,1,0.2516506387652444,64
4016,2,7440,3190,4250,0,0,0,1.0,1,1.0,1,1.0,1,0.29208884863550494,64
4017,3,7443,3190,4253,0,0,0,1.0,1,1.0,1,1.0,1,0.2881243123538626,66
4018,3,7446,3190,4256,0,0,0,1.0,1,1.0,1,1.0,1,0.3047922453061112,67
4019,5,7451,3192,4259,0,0,0,1.0,1,1.0,1,1.0,1,0.31165896000203525,67
4020,0,7451,3192,4259,0,0,0,1.0,1,1.0,1,1.0,1,0.3270771184740367,66
4021,5,7456,3193,4263,0,0,0,1.0,1,1.0,1,1.0,1,0.2945285740393653,66
4022,1,7457,3194,4263,0,0,0,1.0,1,1.0,1,1.0,1,0.29829106511590653,66
4023,2,7459,3196,4263,0,0,0,1.0,1,1.0,1,1.0,1,0.2933670034377674,66
4024,1,7460,3197,4263,0,0,0,1.0,1,1.0,1,1.0,1,0.3039330384447264,66
4025,2,7462,3197,4265,0,0,0,1.0,1,1.0,1,1.0,1,0.277840793966536,66
4026,4,7466,3198,4268,0,0,0,1.0,1,1.0,1,1.0,1,0.2602347043532197,66
4027,1,7467,3199,4268,0,0,0,1.0,1,1.0,1,1.0,1,0.2607871425328376,64
4028,3,7470,3201,4269,0,0,0,1.0,1,1.0,1,1.0,1,0.27878253203467734,63
4029,1,7471,3201,4270,0,0,0,1.0,1,1.0,1,1.0,1,0.25951630074509846,62
4030,0,7471,3201,4270,0,0,0,1.0,1,1.0,1,1.0,1,0.275598058746948,63
4031,0,7471,3201,4270,0,0,0,1.0,1,1.0,1,1.0,1,0.28437355039646434,62
4032,4,7475,3205,4270,0,0,0,1.0,1,1.0,1,1.0,1,0.2783229471446188,62
4033,5,7480,3208,4272,0,0,0,1.0,1,1.0,1,1.0,1,0.2942794226965656,61
4034,3,7483,3210,4273,0,0,0,1.0,1,1.0,1,1.0,1,0.30092729763584036,60
4035,2,7485,3211,4274,0,0,0,1.0,1,1.0,1,1.0,1,0.31564557260765425,59
4036,6,7491,3213,4278,0,0,0,1.0,1,1.0,1,1.0,1,0.2634568094723958,58
4037,1,7492,3214,4278,0,0,0,1.0,1,1.0,1,1.0,1,0.2459600991947109,59
4038,0,7492,3214,4278,0,0,0,1.0,1,1.0,1,1.0,1,0.25615870672277924,58
4039,5,7497,3216,4281,0,0,0,1.0,1,1.0,1,1.0,1,0.28783471158889873,56
4040,1,7498,3216,4282,0,0,0,1.0,1,1.0,1,1.0,1,0.2867668626548956,55
4041,2,7500,3218,4282,0,0,0,1.0,1,1.0,1,1.0,1,0.3469486248554489,54
4042,4,7504,3219,4285,0,0,0,1.0,1,1.0,1,1.0,1,0.3602639062776385,56
4043,2,7506,3219,4287,0,0,0,1.0,1,1.0,1,1.0,1,0.36083212420286404,56
4044,4,7510,3220,4290,0,0,0,1.0,1,1.0,1,1.0,1,0.37781351531249924,56
4045,5,7515,3220,4295,0,0,0,1.0,1,1.0,1,1.0,1,0.3578658393983809,57
4046,2,7517,3220,4297,0,0,0,1.0,1,1.0,1,1.0,1,0.39583358743436425,59
4047,7,7524,3223,4301,0,0,0,1.0,1,1.0,1,1.0,1,0.4283922046225998,59
4048,4,7528,3224,4304,0,0,0,1.0,1,1.0,1,1.0,1,0.449990133858981,59
4049,4,7532,3224,4308,0,0,0,1.0,1,1.0,1,1.0,1,0.4438485248912976,60
4050,4,7536,3224,4312,0,0,0,1.0,1,1.0,1,1.0,1,0.4400581525063135,60
4051,6,7542,3224,4318,0,0,0,1.0,1,1.0,1,1.0,1,0.38568649695072915,60
4052,0,7542,3224,4318,0,0,0,1.0,1,1.0,1,1.0,1,0.38568649695072915,60
4053,0,7542,3224,4318,0,0,0,1.0,1,1.0,1,1.0,1,0.38568649695072915,60
4054,1,7543,3225,4318,0,0,0,1.0,1,1.0,1,1.0,1,0.38784283247287976,61
4055,0,7543,3225,4318,0,0,0,1.0,1,1.0,1,1.0,1,0.38784283247287976,61
4056,0,7543,3225,4318,0,0,0,1.0,1,1.0,1,1.0,1,0.39369077253188867,62
4057,1,7544,3225,4319,0,0,0,1.0,1,1.0,1,1.0,1,0.3880413378753867,63
4058,1,7545,3225,4320,0,0,0,1.0,1,1.0,1,1.0,1,0.39829389990410574,64
4059,0,7545,3225,4320,0,0,0,1.0,1,1.0,1,1.0,1,0.4121160880896555,63
4060,0,7545,3225,4320,0,0,0,1.0,1,1.0,1,1.0,1,0.4121160880896555,63
4061,1,7546,3225,4321,0,0,0,1.0,1,1.0,1,1.0,1,0.41701196251735906,63
4062,3,7549,3227,4322,0,0,0,1.0,1,1.0,1,1.0,1,0.42320667620112373,65
4063,3,7552,3227,4325,0,0,0,1.0,1,1.0,1,1.0,1,0.3543107644092044,64
4064,5,7557,3228,4329,0,0,0,1.0,1,1.0,1,1.0,1,0.33881426872010223,65
4065,2,7559,3229,4330,0,0,0,1.0,1,1.0,1,1.0,1,0.30510854221839745,64
4066,5,7564,3230,4334,0,0,0,1.0,1,1.0,1,1.0,1,0.2728196307903014,64
4067,1,7565,3231,4334,0,0,0,1.0,1,1.0,1,1.0,1,0.2923822250946307,63
4068,1,7566,3231,4335,0,0,0,1.0,1,1.0,1,1.0,1,0.29038698318372946,64
4069,5,7571,3233,4338,0,0,0,1.0,1,1.0,1,1.0,1,0.25793801912817643,62
4070,4,7575,3236,4339,0,0,0,1.0,1,1.0,1,1.0,1,0.28525688153747153,61
4071,4,7579,3239,4340,0,0,0,1.0,1,1.0,1,1.0,1,0.29117588862767385,61
4072,4,7583,3241,4342,0,0,0,1.0,1,1.0,1,1.0,1,0.28814290931672176,60
4073,0,7583,3241,4342,0,0,0,1.0,1,1.0,1,1.0,1,0.28881257666448956,60
4074,6,7589,3246,4343,0,0,0,1.0,1,1.0,1,1.0,1,0.32917146481466225,60
4075,0,7589,3246,4343,0,0,0,1.0,1,1.0,1,1.0,1,0.3143100036813285,59
4076,2,7591,3248,4343,0,0,0,1.0,1,1.0,1,1.0,1,0.3039447179929456,60
4077,2,7593,3250,4343,0,0,0,1.0,1,1.0,1,1.0,1,0.3186874054850949,61
4078,0,7593,3250,4343,0,0,0,1.0,1,1.0,1,1.0,1,0.32428914629384015,60
4079,2,7595,3251,4344,0,0,0,1.0,1,1.0,1,1.0,1,0.33931836796220327,58
4080,0,7595,3251,4344,0,0,0,1.0,1,1.0,1,1.0,1,0.34203708678799255,56
4081,6,7601,3252,4349,0,0,0,1.0,1,1.0,1,1.0,1,0.27623753079205604,56
4082,0,7601,3252,4349,0,0,0,1.0,1,1.0,1,1.0,1,0.29378705897575735,55
4083,0,7601,3252,4349,0,0,0,1.0,1,1.0,1,1.0,1,0.29378705897575735,55
4084,1,7602,3253,4349,0,0,0,1.0,1,1.0,1,1.0,1,0.3068099774676658,55
4085,3,7605,3253,4352,0,0,0,1.0,1,1.0,1,1.0,1,0.2818848061730421,56
4086,1,7606,3254,4352,0,0,0,1.0,1,1.0,1,1.0,1,0.2732274930159319,57
4087,1,7607,3255,4352,0,0,0,1.0,1,1.0,1,1.0,1,0.2825872053953714,57
4088,1,7608,3255,4353,0,0,0,1.0,1,1.0,1,1.0,1,0.29413801684343915,57
4089,0,7608,3255,4353,0,0,0,1.0,1,1.0,1,1.0,1,0.3252853437086475,56
4090,1,7609,3256,4353,0,0,0,1.0,1,1.0,1,1.0,1,0.3263523338680617,56
4091,0,7609,3256,4353,0,0,0,1.0,1,1.0,1,1.0,1,0.3419496789265273,56
4092,1,7610,3256,4354,0,0,0,1.0,1,1.0,1,1.0,1,0.32834233219522835,57
4093,4,7614,3258,4356,0,0,0,1.0,1,1.0,1,1.0,1,0.3341052756465011,58
4094,3,7617,3259,4358,0,0,0,1.0,1,1.0,1,1.0,1,0.31153085485355114,57
4095,1,7618,3259,4359,0,0,0,1.0,1,1.0,1,1.0,1,0.30626218490199875,57
4096,5,7623,3261,4362,0,0,0,1.0,1,1.0,1,1.0,1,0.2709822502553145,59
4097,1,7624,3262,4362,0,0,0,1.0,1,1.0,1,1.0,1,0.2595486241331487,59
4098,2,7626,3264,4362,0,0,0,1.0,1,1.0,1,1.0,1,0.252161969115563,59
4099,4,7630,3268,4362,0,0,0,1.0,1,1.0,1,1.0,1,0.29649222199779063,60
4100,5,7635,3269,4366,0,0,0,1.0,1,1.0,1,1.0,1,0.275242127306592,60
4101,2,7637,3270,4367,0,0,0,1.0,1,1.0,1,1.0,1,0.2799926086755786,60
4102,6,7643,3276,4367,0,0,0,1.0,1,1.0,1,1.0,1,0.2752488820202038,60
4103,2,7645,3278,4367,0,0,0,1.0,1,1.0,1,1.0,1,0.28937950382208355,58
4104,1,7646,3279,4367,0,0,0,1.0,1,1.0,1,1.0,1,0.24383280769450125,60
4105,2,7648,3281,4367,0,0,0,1.0,1,1.0,1,1.0,1,0.21638375808163055,59
4106,4,7652,3283,4369,0,0,0,1.0,1,1.0,1,1.0,1,0.20228199592277177,61
4107,0,7652,3283,4369,0,0,0,1.0,1,1.0,1,1.0,1,0.2173732321328315,59
4108,0,7652,3283,4369,0,0,0,1.0,1,1.0,1,1.0,1,0.2089118579587871,60
4109,2,7654,3284,4370,0,0,0,1.0,1,1.0,1,1.0,1,0.16932773778314436,59
4110,3,7657,3285,4372,0,0,0,1.0,1,1.0,1,1.0,1,0.1726990153993761,60
4111,2,7659,3286,4373,0,0,0,1.0,1,1.0,1,1.0,1,0.1811827836865157,61
4112,0,7659,3286,4373,0,0,0,1.0,1,1.0,1,1.0,1,0.17900379273668854,60
4113,0,7659,3286,4373,0,0,0,1.0,1,1.0,1,1.0,1,0.18337041089137837,61
4114,0,7659,3286,4373,0,0,0,1.0,1,1.0,1,1.0,1,0.1742902699205286,62
4115,4,7663,3287,4376,0,0,0,1.0,1,1.0,1,1.0,1,0.1610053954389201,60
4116,1,7664,3288,4376,0,0,0,1.0,1,1.0,1,1.0,1,0.16710552901242043,59
4117,2,7666,3290,4376,0,0,0,1.0,1,1.0,1,1.0,1,0.19223959824546116,56
4118,0,7666,3290,4376,0,0,0,1.0,1,1.0,1,1.0,1,0.19238132493793084,55
4119,0,7666,3290,4376,0,0,0,1.0,1,1.0,1,1.0,1,0.21873037355427485,53
4120,1,7667,3291,4376,0,0,0,1.0,1,1.0,1,1.0,1,0.2549519636111573,52
4121,4,7671,3294,4377,0,0,0,1.0,1,1.0,1,1.0,1,0.2637778202014138,53
4122,1,7672,3295,4377,0,0,0,1.0,1,1.0,1,1.0,1,0.26004094613348844,52
4123,3,7675,3298,4377,0,0,0,1.0,1,1.0,1,1.0,1,0.29319682209290543,51
4124,2,7677,3299,4378,0,0,0,1.0,1,1.0,1,1.0,1,0.3119143594554809,51
4125,1,7678,3300,4378,0,0,0,1.0,1,1.0,1,1.0,1,0.32318155065937454,50
4126,12,7690,3303,4387,0,0,0,1.0,1,1.0,1,1.0,1,0.23147117154611893,50
4127,3,7693,3304,4389,0,0,0,1.0,1,1.0,1,1.0,1,0.18509253897037836,49
4128,0,7693,3304,4389,0,0,0,1.0,1,1.0,1,1.0,1,0.18509253897037836,49
4129,1,7694,3304,4390,0,0,0,1.0,1,1.0,1,1.0,1,0.17947798853714733,49
4130,1,7695,3305,4390,0,0,0,1.0,1,1.0,1,1.0,1,0.18773810029055546,50
4131,0,7695,3305,4390,0,0,0,1.0,1,1.0,1,1.0,1,0.18773810029055546,50
4132,0,7695,3305,4390,0,0,0,1.0,1,1.0,1,1.0,1,0.18773810029055546,50
4133,2,7697,3306,4391,0,0,0,1.0,1,1.0,1,1.0,1,0.1929678882340519,51
4134,1,7698,3306,4392,0,0,0,1.0,1,1.0,1,1.0,1,0.183552349049467,53
4135,1,7699,3306,4393,0,0,0,1.0,1,1.0,1,1.0,1,0.1923227019297595,54
4136,0,7699,3306,4393,0,0,0,1.0,1,1.0,1,1.0,1,0.1923227019297595,54
4137,3,7702,3309,4393,0,0,0,1.0,1,1.0,1,1.0,1,0.20000394208315977,55
4138,1,7703,3309,4394,0,0,0,1.0,1,1.0,1,1.0,1,0.2122669921222353,54
4139,0,7703,3309,4394,0,0,0,1.0,1,1.0,1,1.0,1,0.2122669921222353,54
4140,2,7705,3311,4394,0,0,0,1.0,1,1.0,1,1.0,1,0.25666547949907625,55
4141,6,7711,3311,4400,0,0,0,1.0,1,1.0,1,1.0,1,0.22006289503941712,55
4142,3,7714,3312,4402,0,0,0,1.0,1,1.0,1,1.0,1,0.22586641303808852,55
4143,1,7715,3313,4402,0,0,0,1.0,1,1.0,1,1.0,1,0.2768680236010594,53
4144,3,7718,3314,4404,0,0,0,1.0,1,1.0,1,1.0,1,0.282079001009728,52
4145,3,7721,3314,4407,0,0,0,1.0,1,1.0,1,1.0,1,0.2759078825336232,51
4146,4,7725,3315,4410,0,0,0,1.0,1,1.0,1,1.0,1,0.24012976865528335,51
4147,4,7729,3316,4413,0,0,0,1.0,1,1.0,1,1.0,1,0.22457290170970343,50
4148,2,7731,3316,4415,0,0,0,1.0,1,1.0,1,1.0,1,0.21664163530995695,52
4149,0,7731,3316,4415,0,0,0,1.0,1,1.0,1,1.0,1,0.1930549052908198,53
4150,2,7733,3318,4415,0,0,0,1.0,1,1.0,1,1.0,1,0.2288842851038217,53
4151,2,7735,3319,4416,0,0,0,1.0,1,1.0,1,1.0,1,0.2441899999488631,53
4152,7,7742,3321,4421,0,0,0,1.0,1,1.0,1,1.0,1,0.21135405107690375,54
4153,3,7745,3322,4423,0,0,0,1.0,1,1.0,1,1.0,1,0.23956438560859655,51
4154,2,7747,3322,4425,0,0,0,1.0,1,1.0,1,1.0,1,0.23956438560859655,51
4155,0,7747,3322,4425,0,0,0,1.0,1,1.0,1,1.0,1,0.2383517765215588,51
4156,5,7752,3324,4428,0,0,0,1.0,1,1.0,1,1.0,1,0.17507881817546217,52
4157,1,7753,3325,4428,0,0,0,1.0,1,1.0,1,1.0,1,0.21580337401168684,52
4158,1,7754,3325,4429,0,0,0,1.0,1,1.0,1,1.0,1,0.20750140375616324,52
4159,3,7757,3327,4430,0,0,0,1.0,1,1.0,1,1.0,1,0.19257451934670863,52
4160,0,7757,3327,4430,0,0,0,1.0,1,1.0,1,1.0,1,0.20746128823420357,50
4161,1,7758,3328,4430,0,0,0,1.0,1,1.0,1,1.0,1,0.2315214340423028,50
4162,1,7759,3329,4430,0,0,0,1.0,1,1.0,1,1.0,1,0.2643553690151886,51
4163,2,7761,3330,4431,0,0,0,1.0,1,1.0,1,1.0,1,0.304359773309879,48
4164,2,7763,3332,4431,0,0,0,1.0,1,1.0,1,1.0,1,0.31958328990333845,50
4165,0,7763,3332,4431,0,0,0,1.0,1,1.0,1,1.0,1,0.3075444143440123,49
4166,3,7766,3332,4434,0,0,0,1.0,1,1.0,1,1.0,1,0.267718759952958,50
4167,2,7768,3332,4436,0,0,0,1.0,1,1.0,1,1.0,1,0.26958137292410245,50
4168,1,7769,3332,4437,0,0,0,1.0,1,1.0,1,1.0,1,0.3017030880000066,50
4169,3,7772,3333,4439,0,0,0,1.0,1,1.0,1,1.0,1,0.31449645770919726,51
4170,2,7774,3334,4440,0,0,0,1.0,1,1.0,1,1.0,1,0.3134284438195133,50
4171,5,7779,3336,4443,0,0,0,1.0,1,1.0,1,1.0,1,0.26914181363991696,50
4172,0,7779,3336,4443,0,0,0,1.0,1,1.0,1,1.0,1,0.28592678975021135,49
4173,1,7780,3337,4443,0,0,0,1.0,1,1.0,1,1.0,1,0.31616472623933345,48
4174,2,7782,3338,4444,0,0,0,1.0,1,1.0,1,1.0,1,0.3040435336800134,48
4175,3,7785,3340,4445,0,0,0,1.0,1,1.0,1,1.0,1,0.24573522292171773,48
4176,1,7786,3340,4446,0,0,0,1.0,1,1.0,1,1.0,1,0.25310399478291307,50
4177,3,7789,3342,4447,0,0,0,1.0,1,1.0,1,1.0,1,0.2541630736701845,52
4178,1,7790,3343,4447,0,0,0,1.0,1,1.0,1,1.0,1,0.24909963239541416,53
4179,2,7792,3345,4447,0,0,0,1.0,1,1.0,1,1.0,1,0.27785592624356636,54
4180,0,7792,3345,4447,0,0,0,1.0,1,1.0,1,1.0,1,0.2830183361878806,55
4181,1,7793,3345,4448,0,0,0,1.0,1,1.0,1,1.0,1,0.24565689179678302,56
4182,2,7795,3347,4448,0,0,0,1.0,1,1.0,1,1.0,1,0.22521624006083385,56
4183,2,7797,3349,4448,0,0,0,1.0,1,1.0,1,1.0,1,0.23439783088046323,57
4184,4,7801,3352,4449,0,0,0,1.0,1,1.0,1,1.0,1,0.27654984637272806,57
4185,3,7804,3353,4451,0,0,0,1.0,1,1.0,1,1.0,1,0.2516584612341793,54
4186,5,7809,3356,4453,0,0,0,1.0,1,1.0,1,1.0,1,0.22137143327282235,55
4187,1,7810,3356,4454,0,0,0,1.0,1,1.0,1,1.0,1,0.20267741220195196,53
4188,2,7812,3357,4455,0,0,0,1.0,1,1.0,1,1.0,1,0.19687862559993882,53
4189,1,7813,3357,4456,0,0,0,1.0,1,1.0,1,1.0,1,0.1809704413382478,53
4190,2,7815,3359,4456,0,0,0,1.0,1,1.0,1,1.0,1,0.19244723351671528,53
4191,1,7816,3359,4457,0,0,0,1.0,1,1.0,1,1.0,1,0.2001236739900295,51
4192,2,7818,3361,4457,0,0,0,1.0,1,1.0,1,1.0,1,0.24849897481113575,51
4193,1,7819,3362,4457,0,0,0,1.0,1,1.0,1,1.0,1,0.25968131359180474,50
4194,2,7821,3363,4458,0,0,0,1.0,1,1.0,1,1.0,1,0.24850513125745477,50
4195,2,7823,3364,4459,0,0,0,1.0,1,1.0,1,1.0,1,0.2395178118563174,50
4196,0,7823,3364,4459,0,0,0,1.0,1,1.0,1,1.0,1,0.2360541151962013,51
4197,3,7826,3367,4459,0,0,0,1.0,1,1.0,1,1.0,1,0.24602631309773623,50
4198,2,7828,3368,4460,0,0,0,1.0,1,1.0,1,1.0,1,0.2778307540729801,48
4199,1,7829,3368,4461,0,0,0,1.0,1,1.0,1,1.0,1,0.3034579235871029,48
4200,0,7829,3368,4461,0,0,0,1.0,1,1.0,1,1.0,1,0.33784276864124746,48
4201,2,7831,3368,4463,0,0,0,1.0,1,1.0,1,1.0,1,0.3265199487469571,47
4202,0,7831,3368,4463,0,0,0,1.0,1,1.0,1,1.0,1,0.3265199487469571,47
4203,0,7831,3368,4463,0,0,0,1.0,1,1.0,1,1.0,1,0.3265199487469571,47
4204,3,7834,3370,4464,0,0,0,1.0,1,1.0,1,1.0,1,0.3386292124592335,48
4205,1,7835,3370,4465,0,0,0,1.0,1,1.0,1,1.0,1,0.3178652967945546,49
4206,0,7835,3370,4465,0,0,0,1.0,1,1.0,1,1.0,1,0.3178652967945546,49
4207,0,7835,3370,4465,0,0,0,1.0,1,1.0,1,1.0,1,0.3057782856620581,48
4208,0,7835,3370,4465,0,0,0,1.0,1,1.0,1,1.0,1,0.2916401247270216,49
4209,2,7837,3371,4466,0,0,0,1.0,1,1.0,1,1.0,1,0.2907057352370353,51
4210,3,7840,3373,4467,0,0,0,1.0,1,1.0,1,1.0,1,0.33953362350309024,52
4211,3,7843,3373,4470,0,0,0,1.0,1,1.0,1,1.0,1,0.32500651986694234,53
4212,0,7843,3373,4470,0,0,0,1.0,1,1.0,1,1.0,1,0.32500651986694234,53
4213,1,7844,3373,4471,0,0,0,1.0,1,1.0,1,1.0,1,0.31629741363658753,54
4214,1,7845,3374,4471,0,0,0,1.0,1,1.0,1,1.0,1,0.3356371066693611,54
4215,2,7847,3376,4471,0,0,0,1.0,1,1.0,1,1.0,1,0.3390326130905813,54
4216,3,7850,3376,4474,0,0,0,1.0,1,1.0,1,1.0,1,0.3314324836402394,53
4217,4,7854,3378,4476,0,0,0,1.0,1,1.0,1,1.0,1,0.3473118510260608,54
4218,2,7856,3380,4476,0,0,0,1.0,1,1.0,1,1.0,1,0.3757202735878363,53
4219,0,7856,3380,4476,0,0,0,1.0,1,1.0,1,1.0,1,0.3757202735878363,53
4220,1,7857,3380,4477,0,0,0,1.0,1,1.0,1,1.0,1,0.3697056338469316,53
4221,0,7857,3380,4477,0,0,0,1.0,1,1.0,1,1.0,1,0.37362494487849146,54
4222,2,7859,3381,4478,0,0,0,1.0,1,1.0,1,1.0,1,0.3724203990334464,55
4223,4,7863,3382,4481,0,0,0,1.0,1,1.0,1,1.0,1,0.3447831205264527,56
4224,6,7869,3385,4484,0,0,0,1.0,1,1.0,1,1.0,1,0.33143273007505025,55
4225,2,7871,3385,4486,0,0,0,1.0,1,1.0,1,1.0,1,0.3190487032511517,53
4226,3,7874,3388,4486,0,0,0,1.0,1,1.0,1,1.0,1,0.357942245738299,54
4227,2,7876,3389,4487,0,0,0,1.0,1,1.0,1,1.0,1,0.3500552403360568,52
4228,2,7878,3391,4487,0,0,0,1.0,1,1.0,1,1.0,1,0.36457249116641416,51
4229,3,7881,3393,4488,0,0,0,1.0,1,1.0,1,1.0,1,0.3717862847598793,48
4230,3,7884,3395,4489,0,0,0,1.0,1,1.0,1,1.0,1,0.39737802284452095,48
4231,6,7890,3396,4494,0,0,0,1.0,1,1.0,1,1.0,1,0.3275218046607321,48
4232,1,7891,3397,4494,0,0,0,1.0,1,1.0,1,1.0,1,0.3155063239444821,48
4233,0,7891,3397,4494,0,0,0,1.0,1,1.0,1,1.0,1,0.29515083675378284,48
4234,4,7895,3399,4496,0,0,0,1.0,1,1.0,1,1.0,1,0.2895323067343407,49
4235,2,7897,3399,4498,0,0,0,1.0,1,1.0,1,1.0,1,0.2343503496710258,47
4236,1,7898,3400,4498,0,0,0,1.0,1,1.0,1,1.0,1,0.2546528493723897,47
4237,0,7898,3400,4498,0,0,0,1.0,1,1.0,1,1.0,1,0.23752515720934875,48
4238,0,7898,3400,4498,0,0,0,1.0,1,1.0,1,1.0,1,0.2627105138169408,47
4239,2,7900,3400,4500,0,0,0,1.0,1,1.0,1,1.0,1,0.25471843342588363,48
4240,2,7902,3401,4501,0,0,0,1.0,1,1.0,1,1.0,1,0.2319162075117552,47
4241,0,7902,3401,4501,0,0,0,1.0,1,1.0,1,1.0,1,0.23504329917239267,49
4242,1,7903,3401,4502,0,0,0,1.0,1,1.0,1,1.0,1,0.22292108989223489,49
4243,4,7907,3403,4504,0,0,0,1.0,1,1.0,1,1.0,1,0.2411447043498944,50
4244,1,7908,3403,4505,0,0,0,1.0,1,1.0,1,1.0,1,0.24277415482434356,51
4245,1,7909,3403,4506,0,0,0,1.0,1,1.0,1,1.0,1,0.26288981871157163,51
4246,2,7911,3403,4508,0,0,0,1.0,1,1.0,1,1.0,1,0.232569190836705,51
4247,1,7912,3403,4509,0,0,0,1.0,1,1.0,1,1.0,1,0.23184868423809374,52
4248,3,7915,3403,4512,0,0,0,1.0,1,1.0,1,1.0,1,0.19043322899599566,52
4249,1,7916,3404,4512,0,0,0,1.0,1,1.0,1,1.0,1,0.2151870960587407,52
4250,2,7918,3406,4512,0,0,0,1.0,1,1.0,1,1.0,1,0.22970979988902412,52
4251,4,7922,3407,4515,0,0,0,1.0,1,1.0,1,1.0,1,0.20447278025651194,53
4252,5,7927,3409,4518,0,0,0,1.0,1,1.0,1,1.0,1,0.21014093180009208,53
4253,5,7932,3412,4520,0,0,0,1.0,1,1.0,1,1.0,1,0.22571802377259578,54
4254,4,7936,3413,4523,0,0,0,1.0,1,1.0,1,1.0,1,0.20735507623445462,54
4255,1,7937,3414,4523,0,0,0,1.0,1,1.0,1,1.0,1,0.21434065641393696,55
4256,1,7938,3414,4524,0,0,0,1.0,1,1.0,1,1.0,1,0.18530993035682977,57
4257,1,7939,3415,4524,0,0,0,1.0,1,1.0,1,1.0,1,0.201390631185115,57
4258,2,7941,3417,4524,0,0,0,1.0,1,1.0,1,1.0,1,0.19145276197083075,57
4259,2,7943,3417,4526,0,0,0,1.0,1,1.0,1,1.0,1,0.17324350458319482,57
4260,1,7944,3417,4527,0,0,0,1.0,1,1.0,1,1.0,1,0.17370196410803912,58
4261,1,7945,3418,4527,0,0,0,1.0,1,1.0,1,1.0,1,0.18823914649342358,59
4262,0,7945,3418,4527,0,0,0,1.0,1,1.0,1,1.0,1,0.18868631458430157,60
4263,0,7945,3418,4527,0,0,0,1.0,1,1.0,1,1.0,1,0.1840682870071164,59
4264,2,7947,3420,4527,0,0,0,1.0,1,1.0,1,1.0,1,0.18480849595104507,58
4265,3,7950,3421,4529,0,0,0,1.0,1,1.0,1,1.0,1,0.16002334754603137,58
4266,0,7950,3421,4529,0,0,0,1.0,1,1.0,1,1.0,1,0.1649667614787183,58
4267,1,7951,3422,4529,0,0,0,1.0,1,1.0,1,1.0,1,0.17817613006712585,55
4268,2,7953,3424,4529,0,0,0,1.0,1,1.0,1,1.0,1,0.20157586663362337,55
4269,1,7954,3425,4529,0,0,0,1.0,1,1.0,1,1.0,1,0.2716768121957891,50
4270,3,7957,3428,4529,0,0,0,1.0,1,1.0,1,1.0,1,0.2983850416289405,47
4271,2,7959,3429,4530,0,0,0,1.0,1,1.0,1,1.0,1,0.3201061956807858,47
4272,1,7960,3429,4531,0,0,0,1.0,1,1.0,1,1.0,1,0.30666916024946156,46
4273,2,7962,3431,4531,0,0,0,1.0,1,1.0,1,1.0,1,0.37328463860764205,47
4274,2,7964,3433,4531,0,0,0,1.0,1,1.0,1,1.0,1,0.30702905308692374,45
4275,3,7967,3436,4531,0,0,0,1.0,1,1.0,1,1.0,1,0.3280469672982937,44
4276,7,7974,3440,4534,0,0,0,1.0,1,1.0,1,1.0,1,0.2934752982327089,43
4277,2,7976,3442,4534,0,0,0,1.0,1,1.0,1,1.0,1,0.2919963319916352,42
4278,2,7978,3443,4535,0,0,0,1.0,1,1.0,1,1.0,1,0.24187382620293252,43
4279,7,7985,3446,4539,0,0,0,1.0,1,1.0,1,1.0,1,0.27875446626116496,42
4280,4,7989,3448,4541,0,0,0,1.0,1,1.0,1,1.0,1,0.2695099898208361,44
4281,1,7990,3449,4541,0,0,0,1.0,1,1.0,1,1.0,1,0.28485964793424934,44
4282,2,7992,3449,4543,0,0,0,1.0,1,1.0,1,1.0,1,0.2639411272357704,44
4283,4,7996,3449,4547,0,0,0,1.0,1,1.0,1,1.0,1,0.2405467218687136,45
4284,3,7999,3449,4550,0,0,0,1.0,1,1.0,1,1.0,1,0.22134316622999647,45
4285,0,7999,3449,4550,0,0,0,1.0,1,1.0,1,1.0,1,0.17743806983469843,47
4286,0,7999,3449,4550,0,0,0,1.0,1,1.0,1,1.0,1,0.17743806983469843,47
4287,0,7999,3449,4550,0,0,0,1.0,1,1.0,1,1.0,1,0.1739310382511193,49
4288,2,8001,3449,4552,0,0,0,1.0,1,1.0,1,1.0,1,0.13263523946536646,49
4289,0,8001,3449,4552,0,0,0,1.0,1,1.0,1,1.0,1,0.124169222968736,50
4290,1,8002,3449,4553,0,0,0,1.0,1,1.0,1,1.0,1,0.1288829548442798,51
4291,2,8004,3450,4554,0,0,0,1.0,1,1.0,1,1.0,1,0.13239789698798887,50
4292,1,8005,3451,4554,0,0,0,1.0,1,1.0,1,1.0,1,0.14113776889822657,51
4293,1,8006,3451,4555,0,0,0,1.0,1,1.0,1,1.0,1,0.08234879244726545,51
4294,2,8008,3453,4555,0,0,0,1.0,1,1.0,1,1.0,1,0.13088123342229432,50
4295,1,8009,3454,4555,0,0,0,1.0,1,1.0,1,1.0,1,0.13369106447406556,50
4296,1,8010,3455,4555,0,0,0,1.0,1,1.0,1,1.0,1,0.14521551300399396,49
4297,0,8010,3455,4555,0,0,0,1.0,1,1.0,1,1.0,1,0.16116859200167444,49
4298,0,8010,3455,4555,0,0,0,1.0,1,1.0,1,1.0,1,0.16116859200167444,49
4299,0,8010,3455,4555,0,0,0,1.0,1,1.0,1,1.0,1,0.16864147627012646,48
4300,1,8011,3456,4555,0,0,0,1.0,1,1.0,1,1.0,1,0.15896015806489605,49
4301,4,8015,3459,4556,0,0,0,1.0,1,1.0,1,1.0,1,0.18731687220300197,50
4302,3,8018,3460,4558,0,0,0,1.0,1,1.0,1,1.0,1,0.16762562834895633,51
4303,3,8021,3462,4559,0,0,0,1.0,1,1.0,1,1.0,1,0.17820293270472393,51
4304,4,8025,3466,4559,0,0,0,1.0,1,1.0,1,1.0,1,0.24313538146472335,51
4305,4,8029,3468,4561,0,0,0,1.0,1,1.0,1,1.0,1,0.2561639266646735,49
4306,7,8036,3470,4566,0,0,0,1.0,1,1.0,1,1.0,1,0.19338283004948054,49
4307,2,8038,3472,4566,0,0,0,1.0,1,1.0,1,1.0,1,0.1774062517734778,46
4308,1,8039,3473,4566,0,0,0,1.0,1,1.0,1,1.0,1,0.20683957066576436,44
4309,4,8043,3474,4569,0,0,0,1.0,1,1.0,1,1.0,1,0.1946716064640505,44
4310,2,8045,3476,4569,0,0,0,1.0,1,1.0,1,1.0,1,0.2154793671478798,42
4311,3,8048,3479,4569,0,0,0,1.0,1,1.0,1,1.0,1,0.23708605917633496,42
4312,0,8048,3479,4569,0,0,0,1.0,1,1.0,1,1.0,1,0.20994096723184796,40
4313,2,8050,3481,4569,0,0,0,1.0,1,1.0,1,1.0,1,0.23950506719155137,40
4314,1,8051,3481,4570,0,0,0,1.0,1,1.0,1,1.0,1,0.19529816238690081,36
4315,1,8052,3482,4570,0,0,0,1.0,1,1.0,1,1.0,1,0.25524088267644157,37
4316,5,8057,3484,4573,0,0,0,1.0,1,1.0,1,1.0,1,0.2946725623898304,37
4317,5,8062,3487,4575,0,0,0,1.0,1,1.0,1,1.0,1,0.3157188448156978,36
4318,2,8064,3488,4576,0,0,0,1.0,1,1.0,1,1.0,1,0.27954675854070704,34
4319,0,8064,3488,4576,0,0,0,1.0,1,1.0,1,1.0,1,0.2714157606232011,34
4320,0,8064,3488,4576,0,0,0,1.0,1,1.0,1,1.0,1,0.2714157606232011,34
4321,0,8064,3488,4576,0,0,0,1.0,1,1.0,1,1.0,1,0.2942310603050626,35
4322,0,8064,3488,4576,0,0,0,1.0,1,1.0,1,1.0,1,0.2942310603050626,35
4323,1,8065,3488,4577,0,0,0,1.0,1,1.0,1,1.0,1,0.267681273127622,35
4324,1,8066,3488,4578,0,0,0,1.0,1,1.0,1,1.0,1,0.27859132454493146,34
4325,0,8066,3488,4578,0,0,0,1.0,1,1.0,1,1.0,1,0.27859132454493146,34
4326,3,8069,3490,4579,0,0,0,1.0,1,1.0,1,1.0,1,0.28098955909080797,36
4327,0,8069,3490,4579,0,0,0,1.0,1,1.0,1,1.0,1,0.28912650320027367,35
4328,1,8070,3491,4579,0,0,0,1.0,1,1.0,1,1.0,1,0.2926374229698709,35
4329,3,8073,3492,4581,0,0,0,1.0,1,1.0,1,1.0,1,0.27732993465113653,38
4330,4,8077,3494,4583,0,0,0,1.0,1,1.0,1,1.0,1,0.28387236622051404,38
4331,2,8079,3494,4585,0,0,0,1.0,1,1.0,1,1.0,1,0.2433710604921871,39
4332,0,8079,3494,4585,0,0,0,1.0,1,1.0,1,1.0,1,0.25492012591972196,40
4333,1,8080,3494,4586,0,0,0,1.0,1,1.0,1,1.0,1,0.1854149123105299,41
4334,0,8080,3494,4586,0,0,0,1.0,1,1.0,1,1.0,1,0.1854149123105299,41
4335,1,8081,3495,4586,0,0,0,1.0,1,1.0,1,1.0,1,0.161954847923184,42
4336,0,8081,3495,4586,0,0,0,1.0,1,1.0,1,1.0,1,0.1747727880597261,43
4337,0,8081,3495,4586,0,0,0,1.0,1,1.0,1,1.0,1,0.15027154693682038,44
4338,0,8081,3495,4586,0,0,0,1.0,1,1.0,1,1.0,1,0.15027154693682038,44
4339,3,8084,3497,4587,0,0,0,1.0,1,1.0,1,1.0,1,0.14492987860440149,46
4340,0,8084,3497,4587,0,0,0,1.0,1,1.0,1,1.0,1,0.15739204709899843,47
4341,4,8088,3498,4590,0,0,0,1.0,1,1.0,1,1.0,1,0.12457279484262854,47
4342,7,8095,3503,4592,0,0,0,1.0,1,1.0,1,1.0,1,0.21416809890489838,47
4343,0,8095,3503,4592,0,0,0,1.0,1,1.0,1,1.0,1,0.16923072019788538,42
4344,2,8097,3505,4592,0,0,0,1.0,1,1.0,1,1.0,1,0.22805240334841764,42
4345,4,8101,3508,4593,0,0,0,1.0,1,1.0,1,1.0,1,0.2710211013959466,39
4346,0,8101,3508,4593,0,0,0,1.0,1,1.0,1,1.0,1,0.2886197497830148,37
4347,1,8102,3509,4593,0,0,0,1.0,1,1.0,1,1.0,1,0.3447268545375237,37
4348,4,8106,3513,4593,0,0,0,1.0,1,1.0,1,1.0,1,0.44618076422461556,38
4349,2,8108,3513,4595,0,0,0,1.0,1,1.0,1,1.0,1,0.3721860280012716,36
4350,6,8114,3517,4597,0,0,0,1.0,1,1.0,1,1.0,1,0.31641557211248217,37
4351,2,8116,3518,4598,0,0,0,1.0,1,1.0,1,1.0,1,0.2819647408997817,35
4352,0,8116,3518,4598,0,0,0,1.0,1,1.0,1,1.0,1,0.3047864262824696,34
4353,1,8117,3518,4599,0,0,0,1.0,1,1.0,1,1.0,1,0.27754597006885784,34
4354,1,8118,3518,4600,0,0,0,1.0,1,1.0,1,1.0,1,0.3040531835757032,32
4355,3,8121,3518,4603,0,0,0,1.0,1,1.0,1,1.0,1,0.21751903191312957,32
4356,2,8123,3519,4604,0,0,0,1.0,1,1.0,1,1.0,1,0.17426569858566818,34
4357,0,8123,3519,4604,0,0,0,1.0,1,1.0,1,1.0,1,0.16280562839548912,35
4358,3,8126,3521,4605,0,0,0,1.0,1,1.0,1,1.0,1,0.19422657360882215,35
4359,3,8129,3522,4607,0,0,0,1.0,1,1.0,1,1.0,1,0.2315813975194162,37
4360,2,8131,3522,4609,0,0,0,1.0,1,1.0,1,1.0,1,0.24453775165639097,38
4361,3,8134,3523,4611,0,0,0,1.0,1,1.0,1,1.0,1,0.19031873894224724,39
4362,3,8137,3525,4612,0,0,0,1.0,1,1.0,1,1.0,1,0.23373642853963397,38
4363,2,8139,3526,4613,0,0,0,1.0,1,1.0,1,1.0,1,0.20671872154433155,38
4364,2,8141,3527,4614,0,0,0,1.0,1,1.0,1,1.0,1,0.20073759781435152,39
4365,0,8141,3527,4614,0,0,0,1.0,1,1.0,1,1.0,1,0.20073759781435152,39
4366,1,8142,3528,4614,0,0,0,1.0,1,1.0,1,1.0,1,0.2042651610033684,39
4367,1,8143,3528,4615,0,0,0,1.0,1,1.0,1,1.0,1,0.20043661459211307,41
4368,1,8144,3529,4615,0,0,0,1.0,1,1.0,1,1.0,1,0.22570238231468112,41
4369,0,8144,3529,4615,0,0,0,1.0,1,1.0,1,1.0,1,0.23555306554488736,42
4370,3,8147,3530,4617,0,0,0,1.0,1,1.0,1,1.0,1,0.2587596506315188,42
4371,1,8148,3530,4618,0,0,0,1.0,1,1.0,1,1.0,1,0.26112302311744723,43
4372,3,8151,3532,4619,0,0,0,1.0,1,1.0,1,1.0,1,0.3091946417474562,43
4373,2,8153,3533,4620,0,0,0,1.0,1,1.0,1,1.0,1,0.32775341786779094,43
4374,3,8156,3533,4623,0,0,0,1.0,1,1.0,1,1.0,1,0.28787831208753195,44
4375,3,8159,3533,4626,0,0,0,1.0,1,1.0,1,1.0,1,0.28815358550178727,45
4376,3,8162,3533,4629,0,0,0,1.0,1,1.0,1,1.0,1,0.27558104376854187,46
4377,9,8171,3536,4635,0,0,0,1.0,1,1.0,1,1.0,1,0.29694615900584653,47
4378,8,8179,3536,4643,0,0,0,1.0,1,1.0,1,1.0,1,0.27625370600577676,49
4379,7,8186,3539,4647,0,0,0,1.0,1,1.0,1,1.0,1,0.2799599042998687,51
4380,10,8196,3539,4657,0,0,0,1.0,1,1.0,1,1.0,1,0.28056432320581404,50
4381,2,8198,3540,4658,0,0,0,1.0,1,1.0,1,1.0,1,0.26747389720893505,49
4382,1,8199,3541,4658,0,0,0,1.0,1,1.0,1,1.0,1,0.30415034109928896,47
4383,2,8201,3542,4659,0,0,0,1.0,1,1.0,1,1.0,1,0.3091288029907125,47
4384,1,8202,3543,4659,0,0,0,1.0,1,1.0,1,1.0,1,0.31090005621345274,44
4385,0,8202,3543,4659,0,0,0,1.0,1,1.0,1,1.0,1,0.28616641413519606,42
4386,5,8207,3545,4662,0,0,0,1.0,1,1.0,1,1.0,1,0.2807386342739402,41
4387,0,8207,3545,4662,0,0,0,1.0,1,1.0,1,1.0,1,0.25300669872296255,39
4388,1,8208,3546,4662,0,0,0,1.0,1,1.0,1,1.0,1,0.2604381156608211,39
4389,1,8209,3547,4662,0,0,0,1.0,1,1.0,1,1.0,1,0.23981710061087128,38
4390,0,8209,3547,4662,0,0,0,1.0,1,1.0,1,1.0,1,0.22560556360369782,38
4391,0,8209,3547,4662,0,0,0,1.0,1,1.0,1,1.0,1,0.21859117230439742,39
4392,0,8209,3547,4662,0,0,0,1.0,1,1.0,1,1.0,1,0.21859117230439742,39
4393,0,8209,3547,4662,0,0,0,1.0,1,1.0,1,1.0,1,0.21027024073534442,40
4394,1,8210,3548,4662,0,0,0,1.0,1,1.0,1,1.0,1,0.23430668997007909,39
4395,1,8211,3549,4662,0,0,0,1.0,1,1.0,1,1.0,1,0.23143158924857807,39
4396,2,8213,3549,4664,0,0,0,1.0,1,1.0,1,1.0,1,0.23926499921959696,39
4397,1,8214,3550,4664,0,0,0,1.0,1,1.0,1,1.0,1,0.2734093789500957,38
4398,0,8214,3550,4664,0,0,0,1.0,1,1.0,1,1.0,1,0.2696101688411582,39
4399,0,8214,3550,4664,0,0,0,1.0,1,1.0,1,1.0,1,0.2851057444623929,42
4400,0,8214,3550,4664,0,0,0,1.0,1,1.0,1,1.0,1,0.29298082064638503,43
4401,0,8214,3550,4664,0,0,0,1.0,1,1.0,1,1.0,1,0.2847390684346833,44
4402,1,8215,3550,4665,0,0,0,1.0,1,1.0,1,1.0,1,0.2827088078989212,44
4403,3,8218,3550,4668,0,0,0,1.0,1,1.0,1,1.0,1,0.22386329359304893,45
4404,0,8218,3550,4668,0,0,0,1.0,1,1.0,1,1.0,1,0.22386329359304893,45
4405,0,8218,3550,4668,0,0,0,1.0,1,1.0,1,1.0,1,0.23654222332337904,46
4406,0,8218,3550,4668,0,0,0,1.0,1,1.0,1,1.0,1,0.23654222332337904,46
4407,2,8220,3551,4669,0,0,0,1.0,1,1.0,1,1.0,1,0.24770654860609867,46
4408,0,8220,3551,4669,0,0,0,1.0,1,1.0,1,1.0,1,0.24886447897970512,47
4409,2,8222,3552,4670,0,0,0,1.0,1,1.0,1,1.0,1,0.29304013680543445,48
4410,2,8224,3552,4672,0,0,0,1.0,1,1.0,1,1.0,1,0.29390569208489825,48
4411,1,8225,3552,4673,0,0,0,1.0,1,1.0,1,1.0,1,0.27419451395482736,50
4412,2,8227,3552,4675,0,0,0,1.0,1,1.0,1,1.0,1,0.2429140366839188,50
4413,2,8229,3552,4677,0,0,0,1.0,1,1.0,1,1.0,1,0.22403419598354962,50
4414,1,8230,3552,4678,0,0,0,1.0,1,1.0,1,1.0,1,0.214846760096978,51
4415,2,8232,3552,4680,0,0,0,1.0,1,1.0,1,1.0,1,0.214846760096978,51
4416,1,8233,3552,4681,0,0,0,1.0,1,1.0,1,1.0,1,0.20998516422722294,51
4417,2,8235,3554,4681,0,0,0,1.0,1,1.0,1,1.0,1,0.213668665346847,51
4418,1,8236,3554,4682,0,0,0,1.0,1,1.0,1,1.0,1,0.2250358119449847,51
4419,1,8237,3554,4683,0,0,0,1.0,1,1.0,1,1.0,1,0.24198043552664394,50
4420,2,8239,3554,4685,0,0,0,1.0,1,1.0,1,1.0,1,0.24374059208507845,50
4421,3,8242,3554,4688,0,0,0,1.0,1,1.0,1,1.0,1,0.18103553944410478,52
4422,0,8242,3554,4688,0,0,0,1.0,1,1.0,1,1.0,1,0.2183282281519438,51
4423,1,8243,3554,4689,0,0,0,1.0,1,1.0,1,1.0,1,0.2127251034816962,51
4424,0,8243,3554,4689,0,0,0,1.0,1,1.0,1,1.0,1,0.22329581651866426,53
4425,0,8243,3554,4689,0,0,0,1.0,1,1.0,1,1.0,1,0.2243358822082363,54
4426,3,8246,3555,4691,0,0,0,1.0,1,1.0,1,1.0,1,0.2017687960535931,55
4427,0,8246,3555,4691,0,0,0,1.0,1,1.0,1,1.0,1,0.2017687960535931,55
4428,0,8246,3555,4691,0,0,0,1.0,1,1.0,1,1.0,1,0.2017687960535931,55
4429,1,8247,3556,4691,0,0,0,1.0,1,1.0,1,1.0,1,0.2063208754093766,56
4430,1,8248,3556,4692,0,0,0,1.0,1,1.0,1,1.0,1,0.18482331784672448,55
4431,1,8249,3557,4692,0,0,0,1.0,1,1.0,1,1.0,1,0.20636632862852886,56
4432,0,8249,3557,4692,0,0,0,1.0,1,1.0,1,1.0,1,0.20636632862852886,56
4433,0,8249,3557,4692,0,0,0,1.0,1,1.0,1,1.0,1,0.2169868653431839,57
4434,2,8251,3557,4694,0,0,0,1.0,1,1.0,1,1.0,1,0.20114655878524196,56
4435,3,8254,3558,4696,0,0,0,1.0,1,1.0,1,1.0,1,0.16568392602385668,56
4436,2,8256,3560,4696,0,0,0,1.0,1,1.0,1,1.0,1,0.19144117525653537,55
4437,1,8257,3560,4697,0,0,0,1.0,1,1.0,1,1.0,1,0.20032321409131332,54
4438,1,8258,3561,4697,0,0,0,1.0,1,1.0,1,1.0,1,0.219811695533837,54
4439,0,8258,3561,4697,0,0,0,1.0,1,1.0,1,1.0,1,0.2509259502886911,55
4440,2,8260,3562,4698,0,0,0,1.0,1,1.0,1,1.0,1,0.2421292573429549,55
4441,4,8264,3564,4700,0,0,0,1.0,1,1.0,1,1.0,1,0.19288743967928013,59
4442,5,8269,3565,4704,0,0,0,1.0,1,1.0,1,1.0,1,0.13369416936572986,61
4443,2,8271,3567,4704,0,0,0,1.0,1,1.0,1,1.0,1,0.16362184331258497,60
4444,0,8271,3567,4704,0,0,0,1.0,1,1.0,1,1.0,1,0.17691852497681104,61
4445,1,8272,3567,4705,0,0,0,1.0,1,1.0,1,1.0,1,0.167063206347192,61
4446,1,8273,3568,4705,0,0,0,1.0,1,1.0,1,1.0,1,0.18159019313628125,62
4447,0,8273,3568,4705,0,0,0,1.0,1,1.0,1,1.0,1,0.1734463174170422,63
4448,0,8273,3568,4705,0,0,0,1.0,1,1.0,1,1.0,1,0.1734463174170422,63
4449,0,8273,3568,4705,0,0,0,1.0,1,1.0,1,1.0,1,0.1734463174170422,63
4450,0,8273,3568,4705,0,0,0,1.0,1,1.0,1,1.0,1,0.1798575392981489,62
4451,0,8273,3568,4705,0,0,0,1.0,1,1.0,1,1.0,1,0.1744105928780122,63
4452,0,8273,3568,4705,0,0,0,1.0,1,1.0,1,1.0,1,0.18235009503727417,64
4453,1,8274,3568,4706,0,0,0,1.0,1,1.0,1,1.0,1,0.17203809434860506,65
4454,0,8274,3568,4706,0,0,0,1.0,1,1.0,1,1.0,1,0.16440244305974336,66
4455,1,8275,3568,4707,0,0,0,1.0,1,1.0,1,1.0,1,0.1498872296526835,67
4456,4,8279,3568,4711,0,0,0,1.0,1,1.0,1,1.0,1,0.11351101056879959,67
4457,0,8279,3568,4711,0,0,0,1.0,1,1.0,1,1.0,1,0.11690867789987795,65
4458,2,8281,3568,4713,0,0,0,1.0,1,1.0,1,1.0,1,0.12087949005655294,65
4459,3,8284,3570,4714,0,0,0,1.0,1,1.0,1,1.0,1,0.15788052895657834,64
4460,0,8284,3570,4714,0,0,0,1.0,1,1.0,1,1.0,1,0.17853607880470704,63
4461,5,8289,3572,4717,0,0,0,1.0,1,1.0,1,1.0,1,0.22093406955084757,62
4462,10,8299,3578,4721,0,0,0,1.0,1,1.0,1,1.0,1,0.31953308617651677,61
4463,7,8306,3582,4724,0,0,0,1.0,1,1.0,1,1.0,1,0.3803097909884047,61
4464,5,8311,3583,4728,0,0,0,1.0,1,1.0,1,1.0,1,0.3722823387933045,58
4465,2,8313,3583,4730,0,0,0,1.0,1,1.0,1,1.0,1,0.3673778089146141,57
4466,3,8316,3584,4732,0,0,0,1.0,1,1.0,1,1.0,1,0.3867987632510211,54
4467,4,8320,3586,4734,0,0,0,1.0,1,1.0,1,1.0,1,0.3711117474690094,52
4468,5,8325,3589,4736,0,0,0,1.0,1,1.0,1,1.0,1,0.34559242152447894,52
4469,2,8327,3591,4736,0,0,0,1.0,1,1.0,1,1.0,1,0.34798263120446243,51
4470,1,8328,3592,4736,0,0,0,1.0,1,1.0,1,1.0,1,0.3410894511202156,51
4471,8,8336,3595,4741,0,0,0,1.0,1,1.0,1,1.0,1,0.24852889416220533,50
4472,3,8339,3596,4743,0,0,0,1.0,1,1.0,1,1.0,1,0.21715996426256526,48
4473,0,8339,3596,4743,0,0,0,1.0,1,1.0,1,1.0,1,0.22810243921604653,47
4474,4,8343,3598,4745,0,0,0,1.0,1,1.0,1,1.0,1,0.2209915569465369,49
4475,0,8343,3598,4745,0,0,0,1.0,1,1.0,1,1.0,1,0.23143115666960334,47
4476,2,8345,3599,4746,0,0,0,1.0,1,1.0,1,1.0,1,0.23403388077402584,49
4477,1,8346,3600,4746,0,0,0,1.0,1,1.0,1,1.0,1,0.2644782211722334,48
4478,0,8346,3600,4746,0,0,0,1.0,1,1.0,1,1.0,1,0.2644782211722334,48
4479,1,8347,3601,4746,0,0,0,1.0,1,1.0,1,1.0,1,0.2855497214532752,48
4480,3,8350,3602,4748,0,0,0,1.0,1,1.0,1,1.0,1,0.24777211999813198,49
4481,1,8351,3602,4749,0,0,0,1.0,1,1.0,1,1.0,1,0.2650532765199797,49
4482,0,8351,3602,4749,0,0,0,1.0,1,1.0,1,1.0,1,0.2650532765199797,49
4483,1,8352,3602,4750,0,0,0,1.0,1,1.0,1,1.0,1,0.228902081241936,50
4484,2,8354,3603,4751,0,0,0,1.0,1,1.0,1,1.0,1,0.2399112766820969,52
4485,0,8354,3603,4751,0,0,0,1.0,1,1.0,1,1.0,1,0.2462330141169434,53
4486,7,8361,3604,4757,0,0,0,1.0,1,1.0,1,1.0,1,0.17277920591728704,55
4487,4,8365,3606,4759,0,0,0,1.0,1,1.0,1,1.0,1,0.16815100010513664,55
4488,1,8366,3607,4759,0,0,0,1.0,1,1.0,1,1.0,1,0.18860983754211216,54
4489,0,8366,3607,4759,0,0,0,1.0,1,1.0,1,1.0,1,0.21770939165434508,53
4490,1,8367,3608,4759,0,0,0,1.0,1,1.0,1,1.0,1,0.23537847198027995,53
4491,0,8367,3608,4759,0,0,0,1.0,1,1.0,1,1.0,1,0.24690358894647127,52
4492,0,8367,3608,4759,0,0,0,1.0,1,1.0,1,1.0,1,0.24690358894647127,52
4493,2,8369,3609,4760,0,0,0,1.0,1,1.0,1,1.0,1,0.27578749101816113,52
4494,2,8371,3609,4762,0,0,0,1.0,1,1.0,1,1.0,1,0.24331510727927794,53
4495,3,8374,3612,4762,0,0,0,1.0,1,1.0,1,1.0,1,0.1914701681287442,50
4496,4,8378,3616,4762,0,0,0,1.0,1,1.0,1,1.0,1,0.26507082849614944,51
4497,3,8381,3617,4764,0,0,0,1.0,1,1.0,1,1.0,1,0.2594522777943827,50
4498,0,8381,3617,4764,0,0,0,1.0,1,1.0,1,1.0,1,0.2557465950492598,49
4499,0,8381,3617,4764,0,0,0,1.0,1,1.0,1,1.0,1,0.2609650064441154,48
4500,2,8383,3618,4765,0,0,0,1.0,1,1.0,1,1.0,1,0.2592616642260511,48
4501,5,8388,3619,4769,0,0,0,1.0,1,1.0,1,1.0,1,0.21069503743676407,48
4502,2,8390,3621,4769,0,0,0,1.0,1,1.0,1,1.0,1,0.22669328986381024,49
4503,5,8395,3625,4770,0,0,0,1.0,1,1.0,1,1.0,1,0.267611003713063,49
4504,1,8396,3626,4770,0,0,0,1.0,1,1.0,1,1.0,1,0.30964304378604685,45
4505,2,8398,3627,4771,0,0,0,1.0,1,1.0,1,1.0,1,0.3104910966224535,46
4506,2,8400,3628,4772,0,0,0,1.0,1,1.0,1,1.0,1,0.3150104671420309,45
4507,1,8401,3628,4773,0,0,0,1.0,1,1.0,1,1.0,1,0.2999203316338453,45
4508,3,8404,3630,4774,0,0,0,1.0,1,1.0,1,1.0,1,0.2882635262018775,43
4509,1,8405,3631,4774,0,0,0,1.0,1,1.0,1,1.0,1,0.3170886017375601,41
4510,1,8406,3632,4774,0,0,0,1.0,1,1.0,1,1.0,1,0.348880023967087,42
4511,2,8408,3633,4775,0,0,0,1.0,1,1.0,1,1.0,1,0.336013384229387,41
4512,0,8408,3633,4775,0,0,0,1.0,1,1.0,1,1.0,1,0.336013384229387,41
4513,0,8408,3633,4775,0,0,0,1.0,1,1.0,1,1.0,1,0.336013384229387,41
4514,1,8409,3634,4775,0,0,0,1.0,1,1.0,1,1.0,1,0.3234356487846166,42
4515,2,8411,3635,4776,0,0,0,1.0,1,1.0,1,1.0,1,0.32689889905260955,41
4516,5,8416,3638,4778,0,0,0,1.0,1,1.0,1,1.0,1,0.24567407625833163,42
4517,3,8419,3638,4781,0,0,0,1.0,1,1.0,1,1.0,1,0.24065385271710396,43
4518,0,8419,3638,4781,0,0,0,1.0,1,1.0,1,1.0,1,0.25536678252867656,42
4519,2,8421,3640,4781,0,0,0,1.0,1,1.0,1,1.0,1,0.298892305271977,42
4520,1,8422,3640,4782,0,0,0,1.0,1,1.0,1,1.0,1,0.313702142031502,42
4521,1,8423,3641,4782,0,0,0,1.0,1,1.0,1,1.0,1,0.33373991681032106,42
4522,5,8428,3644,4784,0,0,0,1.0,1,1.0,1,1.0,1,0.29232870029703995,42
4523,0,8428,3644,4784,0,0,0,1.0,1,1.0,1,1.0,1,0.29232870029703995,42
4524,2,8430,3646,4784,0,0,0,1.0,1,1.0,1,1.0,1,0.2904000913821609,43
4525,4,8434,3646,4788,0,0,0,1.0,1,1.0,1,1.0,1,0.2564357506274368,46
4526,7,8441,3648,4793,0,0,0,1.0,1,1.0,1,1.0,1,0.22546302091487253,46
4527,7,8448,3651,4797,0,0,0,1.0,1,1.0,1,1.0,1,0.25117661168381145,47
4528,6,8454,3651,4803,0,0,0,1.0,1,1.0,1,1.0,1,0.3016556239549624,49
4529,6,8460,3652,4808,0,0,0,1.0,1,1.0,1,1.0,1,0.26343370678211503,50
4530,4,8464,3652,4812,0,0,0,1.0,1,1.0,1,1.0,1,0.2822537130342028,51
4531,4,8468,3652,4816,0,0,0,1.0,1,1.0,1,1.0,1,0.18594953127634525,51
4532,0,8468,3652,4816,0,0,0,1.0,1,1.0,1,1.0,1,0.18594953127634525,51
4533,0,8468,3652,4816,0,0,0,1.0,1,1.0,1,1.0,1,0.19638695480856316,50
4534,2,8470,3652,4818,0,0,0,1.0,1,1.0,1,1.0,1,0.1670129187717058,51
4535,1,8471,3653,4818,0,0,0,1.0,1,1.0,1,1.0,1,0.17271014267355625,50
4536,2,8473,3653,4820,0,0,0,1.0,1,1.0,1,1.0,1,0.18125330046314425,48
4537,1,8474,3654,4820,0,0,0,1.0,1,1.0,1,1.0,1,0.20970770483990442,49
4538,0,8474,3654,4820,0,0,0,1.0,1,1.0,1,1.0,1,0.24851092532658872,48
4539,3,8477,3655,4822,0,0,0,1.0,1,1.0,1,1.0,1,0.29391702823365706,50
4540,0,8477,3655,4822,0,0,0,1.0,1,1.0,1,1.0,1,0.2691415318317211,49
4541,1,8478,3656,4822,0,0,0,1.0,1,1.0,1,1.0,1,0.25771474012269574,49
4542,2,8480,3658,4822,0,0,0,1.0,1,1.0,1,1.0,1,0.2861783138015554,47
4543,0,8480,3658,4822,0,0,0,1.0,1,1.0,1,1.0,1,0.28826021856846984,45
4544,1,8481,3659,4822,0,0,0,1.0,1,1.0,1,1.0,1,0.2909256165544471,45
4545,2,8483,3661,4822,0,0,0,1.0,1,1.0,1,1.0,1,0.3322413296064818,43
4546,5,8488,3663,4825,0,0,0,1.0,1,1.0,1,1.0,1,0.33969067133387415,43
4547,2,8490,3664,4826,0,0,0,1.0,1,1.0,1,1.0,1,0.35226881461130444,41
4548,2,8492,3665,4827,0,0,0,1.0,1,1.0,1,1.0,1,0.3351380949031861,42
4549,0,8492,3665,4827,0,0,0,1.0,1,1.0,1,1.0,1,0.30283817262043633,41
4550,3,8495,3667,4828,0,0,0,1.0,1,1.0,1,1.0,1,0.32448703087549174,41
4551,1,8496,3667,4829,0,0,0,1.0,1,1.0,1,1.0,1,0.3043364939858381,39
4552,0,8496,3667,4829,0,0,0,1.0,1,1.0,1,1.0,1,0.3063288630577359,38
4553,0,8496,3667,4829,0,0,0,1.0,1,1.0,1,1.0,1,0.31728100112659713,39
4554,1,8497,3668,4829,0,0,0,1.0,1,1.0,1,1.0,1,0.3451962573204972,38
4555,1,8498,3669,4829,0,0,0,1.0,1,1.0,1,1.0,1,0.38718753403497885,37
4556,1,8499,3670,4829,0,0,0,1.0,1,1.0,1,1.0,1,0.34607527699989776,36
4557,0,8499,3670,4829,0,0,0,1.0,1,1.0,1,1.0,1,0.3396010894612904,38
4558,1,8500,3671,4829,0,0,0,1.0,1,1.0,1,1.0,1,0.2857450361241101,39
4559,2,8502,3673,4829,0,0,0,1.0,1,1.0,1,1.0,1,0.304247456906271,38
4560,0,8502,3673,4829,0,0,0,1.0,1,1.0,1,1.0,1,0.32608808739118983,41
4561,1,8503,3673,4830,0,0,0,1.0,1,1.0,1,1.0,1,0.2973881803255382,41
4562,1,8504,3674,4830,0,0,0,1.0,1,1.0,1,1.0,1,0.30450430828078034,43
4563,1,8505,3674,4831,0,0,0,1.0,1,1.0,1,1.0,1,0.32025576745511963,42
4564,1,8506,3674,4832,0,0,0,1.0,1,1.0,1,1.0,1,0.31200775154758426,43
4565,2,8508,3674,4834,0,0,0,1.0,1,1.0,1,1.0,1,0.29995590695126023,44
4566,5,8513,3675,4838,0,0,0,1.0,1,1.0,1,1.0,1,0.20373671074710586,45
4567,2,8515,3676,4839,0,0,0,1.0,1,1.0,1,1.0,1,0.17286069657563893,47
4568,0,8515,3676,4839,0,0,0,1.0,1,1.0,1,1.0,1,0.17286069657563893,47
4569,3,8518,3678,4840,0,0,0,1.0,1,1.0,1,1.0,1,0.15257920018637408,49
4570,1,8519,3679,4840,0,0,0,1.0,1,1.0,1,1.0,1,0.14311619747721485,49
4571,0,8519,3679,4840,0,0,0,1.0,1,1.0,1,1.0,1,0.1330748543304958,48
4572,0,8519,3679,4840,0,0,0,1.0,1,1.0,1,1.0,1,0.1330748543304958,48
4573,2,8521,3681,4840,0,0,0,1.0,1,1.0,1,1.0,1,0.1666525292121222,48
4574,1,8522,3682,4840,0,0,0,1.0,1,1.0,1,1.0,1,0.21526793498992144,50
4575,4,8526,3684,4842,0,0,0,1.0,1,1.0,1,1.0,1,0.23860742267755478,51
4576,0,8526,3684,4842,0,0,0,1.0,1,1.0,1,1.0,1,0.26668134536619015,48
4577,0,8526,3684,4842,0,0,0,1.0,1,1.0,1,1.0,1,0.24781932186205055,47
4578,2,8528,3685,4843,0,0,0,1.0,1,1.0,1,1.0,1,0.2628582858626513,46
4579,1,8529,3685,4844,0,0,0,1.0,1,1.0,1,1.0,1,0.23749866187383786,46
4580,0,8529,3685,4844,0,0,0,1.0,1,1.0,1,1.0,1,0.2229394566326623,47
4581,0,8529,3685,4844,0,0,0,1.0,1,1.0,1,1.0,1,0.2229394566326623,47
4582,0,8529,3685,4844,0,0,0,1.0,1,1.0,1,1.0,1,0.23366375901819367,48
4583,0,8529,3685,4844,0,0,0,1.0,1,1.0,1,1.0,1,0.23366375901819367,48
4584,0,8529,3685,4844,0,0,0,1.0,1,1.0,1,1.0,1,0.24603826912302232,50
4585,1,8530,3686,4844,0,0,0,1.0,1,1.0,1,1.0,1,0.2635249874408069,50
4586,0,8530,3686,4844,0,0,0,1.0,1,1.0,1,1.0,1,0.2635249874408069,50
4587,0,8530,3686,4844,0,0,0,1.0,1,1.0,1,1.0,1,0.2635249874408069,50
4588,0,8530,3686,4844,0,0,0,1.0,1,1.0,1,1.0,1,0.2635249874408069,50
4589,1,8531,3687,4844,0,0,0,1.0,1,1.0,1,1.0,1,0.2635919622431759,52
4590,0,8531,3687,4844,0,0,0,1.0,1,1.0,1,1.0,1,0.2635919622431759,52
4591,2,8533,3687,4846,0,0,0,1.0,1,1.0,1,1.0,1,0.25460988161987336,53
4592,1,8534,3687,4847,0,0,0,1.0,1,1.0,1,1.0,1,0.2627649630070605,54
4593,2,8536,3687,4849,0,0,0,1.0,1,1.0,1,1.0,1,0.23792592418542924,56
4594,2,8538,3687,4851,0,0,0,1.0,1,1.0,1,1.0,1,0.23179186247996741,57
4595,1,8539,3688,4851,0,0,0,1.0,1,1.0,1,1.0,1,0.2498644702878391,56
4596,1,8540,3688,4852,0,0,0,1.0,1,1.0,1,1.0,1,0.24258610281947734,56
4597,2,8542,3690,4852,0,0,0,1.0,1,1.0,1,1.0,1,0.2575956254810345,56
4598,3,8545,3692,4853,0,0,0,1.0,1,1.0,1,1.0,1,0.30139924160860565,57
4599,2,8547,3692,4855,0,0,0,1.0,1,1.0,1,1.0,1,0.2541301018100177,59
4600,1,8548,3692,4856,0,0,0,1.0,1,1.0,1,1.0,1,0.2563285749925575,60
4601,1,8549,3693,4856,0,0,0,1.0,1,1.0,1,1.0,1,0.26849708683784856,60
4602,1,8550,3693,4857,0,0,0,1.0,1,1.0,1,1.0,1,0.26005469373522716,62
4603,1,8551,3693,4858,0,0,0,1.0,1,1.0,1,1.0,1,0.2506809398713672,62
4604,1,8552,3693,4859,0,0,0,1.0,1,1.0,1,1.0,1,0.23369850265570005,63
4605,0,8552,3693,4859,0,0,0,1.0,1,1.0,1,1.0,1,0.23369850265570005,63
4606,5,8557,3693,4864,0,0,0,1.0,1,1.0,1,1.0,1,0.18098337783981533,64
4607,1,8558,3694,4864,0,0,0,1.0,1,1.0,1,1.0,1,0.18914875023358538,65
4608,2,8560,3695,4865,0,0,0,1.0,1,1.0,1,1.0,1,0.21925909510087588,66
4609,1,8561,3695,4866,0,0,0,1.0,1,1.0,1,1.0,1,0.21356304104814702,65
4610,0,8561,3695,4866,0,0,0,1.0,1,1.0,1,1.0,1,0.24097158068364613,63
4611,3,8564,3695,4869,0,0,0,1.0,1,1.0,1,1.0,1,0.2177627038007823,64
4612,1,8565,3695,4870,0,0,0,1.0,1,1.0,1,1.0,1,0.22213178013592016,62
4613,2,8567,3697,4870,0,0,0,1.0,1,1.0,1,1.0,1,0.2706054352924607,63
4614,2,8569,3699,4870,0,0,0,1.0,1,1.0,1,1.0,1,0.2673360635189156,61
4615,2,8571,3700,4871,0,0,0,1.0,1,1.0,1,1.0,1,0.3066235078775237,59
4616,2,8573,3701,4872,0,0,0,1.0,1,1.0,1,1.0,1,0.31374147285697584,58
4617,4,8577,3701,4876,0,0,0,1.0,1,1.0,1,1.0,1,0.30788662826149316,58
4618,1,8578,3701,4877,0,0,0,1.0,1,1.0,1,1.0,1,0.30118583428520435,57
4619,3,8581,3703,4878,0,0,0,1.0,1,1.0,1,1.0,1,0.32448056176111034,57
4620,1,8582,3703,4879,0,0,0,1.0,1,1.0,1,1.0,1,0.30555892684831787,57
4621,4,8586,3704,4882,0,0,0,1.0,1,1.0,1,1.0,1,0.26974688467446334,59
4622,4,8590,3705,4885,0,0,0,1.0,1,1.0,1,1.0,1,0.2540488029838348,60
4623,1,8591,3705,4886,0,0,0,1.0,1,1.0,1,1.0,1,0.2691257294669996,59
4624,1,8592,3706,4886,0,0,0,1.0,1,1.0,1,1.0,1,0.2918150745203935,59
4625,1,8593,3707,4886,0,0,0,1.0,1,1.0,1,1.0,1,0.2951416113706005,57
4626,5,8598,3710,4888,0,0,0,1.0,1,1.0,1,1.0,1,0.30119821949802317,56
4627,1,8599,3711,4888,0,0,0,1.0,1,1.0,1,1.0,1,0.2947417461074189,56
4628,4,8603,3712,4891,0,0,0,1.0,1,1.0,1,1.0,1,0.2916121088962538,56
4629,2,8605,3712,4893,0,0,0,1.0,1,1.0,1,1.0,1,0.3144993911626921,56
4630,3,8608,3713,4895,0,0,0,1.0,1,1.0,1,1.0,1,0.30104661934302707,57
4631,0,8608,3713,4895,0,0,0,1.0,1,1.0,1,1.0,1,0.3311766118254949,56
4632,1,8609,3714,4895,0,0,0,1.0,1,1.0,1,1.0,1,0.37621985303205957,57
4633,0,8609,3714,4895,0,0,0,1.0,1,1.0,1,1.0,1,0.36374757092890836,58
4634,0,8609,3714,4895,0,0,0,1.0,1,1.0,1,1.0,1,0.36374757092890836,58
4635,3,8612,3714,4898,0,0,0,1.0,1,1.0,1,1.0,1,0.30962139132005173,59
4636,7,8619,3714,4905,0,0,0,1.0,1,1.0,1,1.0,1,0.22806862982000098,60
4637,1,8620,3714,4906,0,0,0,1.0,1,1.0,1,1.0,1,0.22538030617798527,60
4638,0,8620,3714,4906,0,0,0,1.0,1,1.0,1,1.0,1,0.23949943504785912,61
4639,2,8622,3714,4908,0,0,0,1.0,1,1.0,1,1.0,1,0.22541314392345455,62
4640,0,8622,3714,4908,0,0,0,1.0,1,1.0,1,1.0,1,0.2390397610966175,63
4641,1,8623,3715,4908,0,0,0,1.0,1,1.0,1,1.0,1,0.24409770411313136,63
4642,0,8623,3715,4908,0,0,0,1.0,1,1.0,1,1.0,1,0.25439977649081036,62
4643,3,8626,3718,4908,0,0,0,1.0,1,1.0,1,1.0,1,0.273228836134432,63
4644,4,8630,3718,4912,0,0,0,1.0,1,1.0,1,1.0,1,0.29239743807378316,62
4645,4,8634,3718,4916,0,0,0,1.0,1,1.0,1,1.0,1,0.2885526211762677,63
4646,4,8638,3719,4919,0,0,0,1.0,1,1.0,1,1.0,1,0.3075316613334049,63
4647,8,8646,3719,4927,0,0,0,1.0,1,1.0,1,1.0,1,0.2647180673491471,62
4648,5,8651,3720,4931,0,0,0,1.0,1,1.0,1,1.0,1,0.28962172140619935,63
4649,2,8653,3720,4933,0,0,0,1.0,1,1.0,1,1.0,1,0.3007447579932992,61
4650,5,8658,3722,4936,0,0,0,1.0,1,1.0,1,1.0,1,0.28195262289483597,63
4651,5,8663,3724,4939,0,0,0,1.0,1,1.0,1,1.0,1,0.24777703646025245,62
4652,0,8663,3724,4939,0,0,0,1.0,1,1.0,1,1.0,1,0.2699247222700025,59
4653,0,8663,3724,4939,0,0,0,1.0,1,1.0,1,1.0,1,0.28013472502271364,60
4654,1,8664,3725,4939,0,0,0,1.0,1,1.0,1,1.0,1,0.2833543359833831,60
4655,0,8664,3725,4939,0,0,0,1.0,1,1.0,1,1.0,1,0.2833543359833831,60
4656,4,8668,3727,4941,0,0,0,1.0,1,1.0,1,1.0,1,0.2869409593308794,61
4657,0,8668,3727,4941,0,0,0,1.0,1,1.0,1,1.0,1,0.28212729422620453,62
4658,2,8670,3728,4942,0,0,0,1.0,1,1.0,1,1.0,1,0.2965589701480063,62
4659,0,8670,3728,4942,0,0,0,1.0,1,1.0,1,1.0,1,0.31190822387083855,61
4660,2,8672,3729,4943,0,0,0,1.0,1,1.0,1,1.0,1,0.3502002071379538,61
4661,3,8675,3729,4946,0,0,0,1.0,1,1.0,1,1.0,1,0.347460379245184,61
4662,1,8676,3730,4946,0,0,0,1.0,1,1.0,1,1.0,1,0.33395992877143676,62
4663,3,8679,3730,4949,0,0,0,1.0,1,1.0,1,1.0,1,0.27122718008865127,61
4664,2,8681,3731,4950,0,0,0,1.0,1,1.0,1,1.0,1,0.2658738419638986,62
4665,1,8682,3732,4950,0,0,0,1.0,1,1.0,1,1.0,1,0.2722286868923474,61
4666,6,8688,3734,4954,0,0,0,1.0,1,1.0,1,1.0,1,0.229139668002306,61
4667,0,8688,3734,4954,0,0,0,1.0,1,1.0,1,1.0,1,0.22822960505502193,59
4668,2,8690,3736,4954,0,0,0,1.0,1,1.0,1,1.0,1,0.2437037715393256,59
4669,4,8694,3739,4955,0,0,0,1.0,1,1.0,1,1.0,1,0.22510477885574073,58
4670,3,8697,3741,4956,0,0,0,1.0,1,1.0,1,1.0,1,0.2443211364598984,57
4671,0,8697,3741,4956,0,0,0,1.0,1,1.0,1,1.0,1,0.23808768442475228,55
4672,3,8700,3742,4958,0,0,0,1.0,1,1.0,1,1.0,1,0.2386627723549092,56
4673,1,8701,3742,4959,0,0,0,1.0,1,1.0,1,1.0,1,0.21788119240238235,58
4674,4,8705,3744,4961,0,0,0,1.0,1,1.0,1,1.0,1,0.21374938675676958,58
4675,1,8706,3744,4962,0,0,0,1.0,1,1.0,1,1.0,1,0.23214450612804383,57
4676,1,8707,3745,4962,0,0,0,1.0,1,1.0,1,1.0,1,0.2556906346930917,58
4677,1,8708,3746,4962,0,0,0,1.0,1,1.0,1,1.0,1,0.24455543584000353,57
4678,2,8710,3748,4962,0,0,0,1.0,1,1.0,1,1.0,1,0.26170042930648363,57
4679,0,8710,3748,4962,0,0,0,1.0,1,1.0,1,1.0,1,0.26170042930648363,57
4680,1,8711,3749,4962,0,0,0,1.0,1,1.0,1,1.0,1,0.2699691934411789,59
4681,5,8716,3750,4966,0,0,0,1.0,1,1.0,1,1.0,1,0.25002059607225857,60
4682,3,8719,3751,4968,0,0,0,1.0,1,1.0,1,1.0,1,0.22734592727545966,60
4683,2,8721,3751,4970,0,0,0,1.0,1,1.0,1,1.0,1,0.21015913911450784,60
4684,1,8722,3752,4970,0,0,0,1.0,1,1.0,1,1.0,1,0.23303844192196238,60
4685,0,8722,3752,4970,0,0,0,1.0,1,1.0,1,1.0,1,0.24608902020105994,59
4686,1,8723,3753,4970,0,0,0,1.0,1,1.0,1,1.0,1,0.2697234680011727,60
4687,0,8723,3753,4970,0,0,0,1.0,1,1.0,1,1.0,1,0.2571743227356329,59
4688,1,8724,3754,4970,0,0,0,1.0,1,1.0,1,1.0,1,0.28173571270760467,59
4689,5,8729,3756,4973,0,0,0,1.0,1,1.0,1,1.0,1,0.29001806217428755,59
4690,3,8732,3757,4975,0,0,0,1.0,1,1.0,1,1.0,1,0.297202100404829,58
4691,4,8736,3759,4977,0,0,0,1.0,1,1.0,1,1.0,1,0.27844289889287605,57
4692,1,8737,3759,4978,0,0,0,1.0,1,1.0,1,1.0,1,0.2631502650925643,58
4693,0,8737,3759,4978,0,0,0,1.0,1,1.0,1,1.0,1,0.2616498558918866,57
4694,1,8738,3759,4979,0,0,0,1.0,1,1.0,1,1.0,1,0.2559774806799006,57
4695,1,8739,3760,4979,0,0,0,1.0,1,1.0,1,1.0,1,0.2587054184291526,56
4696,1,8740,3760,4980,0,0,0,1.0,1,1.0,1,1.0,1,0.2412225601064649,57
4697,1,8741,3760,4981,0,0,0,1.0,1,1.0,1,1.0,1,0.2255027744594208,58
4698,1,8742,3761,4981,0,0,0,1.0,1,1.0,1,1.0,1,0.25080978682172517,59
4699,0,8742,3761,4981,0,0,0,1.0,1,1.0,1,1.0,1,0.2607882756291583,58
4700,1,8743,3761,4982,0,0,0,1.0,1,1.0,1,1.0,1,0.2439748478586697,59
4701,1,8744,3762,4982,0,0,0,1.0,1,1.0,1,1.0,1,0.2872779321620108,60
4702,2,8746,3763,4983,0,0,0,1.0,1,1.0,1,1.0,1,0.29412209486368424,61
4703,3,8749,3765,4984,0,0,0,1.0,1,1.0,1,1.0,1,0.28415749702612425,59
4704,2,8751,3766,4985,0,0,0,1.0,1,1.0,1,1.0,1,0.2760906554472648,58
4705,5,8756,3768,4988,0,0,0,1.0,1,1.0,1,1.0,1,0.26867837566598646,58
4706,5,8761,3770,4991,0,0,0,1.0,1,1.0,1,1.0,1,0.24486774377833442,60
4707,1,8762,3771,4991,0,0,0,1.0,1,1.0,1,1.0,1,0.26617933260205867,57
4708,2,8764,3772,4992,0,0,0,1.0,1,1.0,1,1.0,1,0.27194703307016305,57
4709,3,8767,3774,4993,0,0,0,1.0,1,1.0,1,1.0,1,0.2756178217845125,55
4710,1,8768,3775,4993,0,0,0,1.0,1,1.0,1,1.0,1,0.314110575337237,53
4711,3,8771,3777,4994,0,0,0,1.0,1,1.0,1,1.0,1,0.31431515365418733,52
4712,2,8773,3779,4994,0,0,0,1.0,1,1.0,1,1.0,1,0.33197680587339284,52
4713,3,8776,3780,4996,0,0,0,1.0,1,1.0,1,1.0,1,0.3308294555909067,51
4714,1,8777,3780,4997,0,0,0,1.0,1,1.0,1,1.0,1,0.32435146783186736,50
4715,1,8778,3781,4997,0,0,0,1.0,1,1.0,1,1.0,1,0.33229047443040394,50
4716,3,8781,3782,4999,0,0,0,1.0,1,1.0,1,1.0,1,0.3204238457741303,49
4717,2,8783,3783,5000,0,0,0,1.0,1,1.0,1,1.0,1,0.3218681043110161,49
4718,0,8783,3783,5000,0,0,0,1.0,1,1.0,1,1.0,1,0.3315071611606725,50
4719,1,8784,3783,5001,0,0,0,1.0,1,1.0,1,1.0,1,0.32000222537361794,49
4720,1,8785,3783,5002,0,0,0,1.0,1,1.0,1,1.0,1,0.295048796097489,49
4721,2,8787,3783,5004,0,0,0,1.0,1,1.0,1,1.0,1,0.2632980680929201,50
4722,3,8790,3783,5007,0,0,0,1.0,1,1.0,1,1.0,1,0.23651636206310186,51
4723,0,8790,3783,5007,0,0,0,1.0,1,1.0,1,1.0,1,0.22116422094655766,50
4724,2,8792,3785,5007,0,0,0,1.0,1,1.0,1,1.0,1,0.22481996882723945,50
4725,0,8792,3785,5007,0,0,0,1.0,1,1.0,1,1.0,1,0.230448304999302,52
4726,0,8792,3785,5007,0,0,0,1.0,1,1.0,1,1.0,1,0.2504859774057186,51
4727,1,8793,3786,5007,0,0,0,1.0,1,1.0,1,1.0,1,0.2443321372380227,52
4728,1,8794,3787,5007,0,0,0,1.0,1,1.0,1,1.0,1,0.26153327152527434,52
4729,3,8797,3788,5009,0,0,0,1.0,1,1.0,1,1.0,1,0.2823762503958253,52
4730,2,8799,3789,5010,0,0,0,1.0,1,1.0,1,1.0,1,0.33129646268293256,50
4731,0,8799,3789,5010,0,0,0,1.0,1,1.0,1,1.0,1,0.3044446707865255,51
4732,3,8802,3791,5011,0,0,0,1.0,1,1.0,1,1.0,1,0.33186619860111727,52
4733,2,8804,3792,5012,0,0,0,1.0,1,1.0,1,1.0,1,0.3515773618059701,53
4734,3,8807,3793,5014,0,0,0,1.0,1,1.0,1,1.0,1,0.37297604380778915,53
4735,2,8809,3794,5015,0,0,0,1.0,1,1.0,1,1.0,1,0.3855601783221673,53
4736,6,8815,3795,5020,0,0,0,1.0,1,1.0,1,1.0,1,0.37722950831933444,55
4737,5,8820,3795,5025,0,0,0,1.0,1,1.0,1,1.0,1,0.36827812697331846,57
4738,1,8821,3795,5026,0,0,0,1.0,1,1.0,1,1.0,1,0.3613254101191565,57
4739,5,8826,3795,5031,0,0,0,1.0,1,1.0,1,1.0,1,0.34430769083384205,57
4740,1,8827,3795,5032,0,0,0,1.0,1,1.0,1,1.0,1,0.3438115728766121,57
4741,2,8829,3795,5034,0,0,0,1.0,1,1.0,1,1.0,1,0.3251104128686009,58
4742,4,8833,3797,5036,0,0,0,1.0,1,1.0,1,1.0,1,0.3184069469307142,58
4743,2,8835,3797,5038,0,0,0,1.0,1,1.0,1,1.0,1,0.27235369384326885,56
4744,1,8836,3798,5038,0,0,0,1.0,1,1.0,1,1.0,1,0.280478686411759,57
4745,1,8837,3798,5039,0,0,0,1.0,1,1.0,1,1.0,1,0.2620200580395125,56
4746,2,8839,3800,5039,0,0,0,1.0,1,1.0,1,1.0,1,0.29286904261450686,56
4747,2,8841,3801,5040,0,0,0,1.0,1,1.0,1,1.0,1,0.2867053703532233,55
4748,3,8844,3804,5040,0,0,0,1.0,1,1.0,1,1.0,1,0.32856804329838835,55
4749,4,8848,3806,5042,0,0,0,1.0,1,1.0,1,1.0,1,0.327326268194011,54
4750,2,8850,3808,5042,0,0,0,1.0,1,1.0,1,1.0,1,0.31559200896431905,53
4751,2,8852,3810,5042,0,0,0,1.0,1,1.0,1,1.0,1,0.3837659946930738,53
4752,4,8856,3811,5045,0,0,0,1.0,1,1.0,1,1.0,1,0.30487712506837356,53
4753,0,8856,3811,5045,0,0,0,1.0,1,1.0,1,1.0,1,0.3144796649817985,52
4754,1,8857,3811,5046,0,0,0,1.0,1,1.0,1,1.0,1,0.3127620190511518,52
4755,0,8857,3811,5046,0,0,0,1.0,1,1.0,1,1.0,1,0.3192335845730108,51
4756,6,8863,3811,5052,0,0,0,1.0,1,1.0,1,1.0,1,0.2449756210663988,52
4757,1,8864,3811,5053,0,0,0,1.0,1,1.0,1,1.0,1,0.23825332644183675,51
4758,0,8864,3811,5053,0,0,0,1.0,1,1.0,1,1.0,1,0.23825332644183675,51
4759,0,8864,3811,5053,0,0,0,1.0,1,1.0,1,1.0,1,0.23825332644183675,51
4760,1,8865,3811,5054,0,0,0,1.0,1,1.0,1,1.0,1,0.22941600142482105,52
4761,4,8869,3812,5057,0,0,0,1.0,1,1.0,1,1.0,1,0.2209814903418595,50
4762,2,8871,3814,5057,0,0,0,1.0,1,1.0,1,1.0,1,0.23687547303553277,51
4763,2,8873,3815,5058,0,0,0,1.0,1,1.0,1,1.0,1,0.2690480717504841,51
4764,5,8878,3819,5059,0,0,0,1.0,1,1.0,1,1.0,1,0.2931665595477219,53
4765,3,8881,3819,5062,0,0,0,1.0,1,1.0,1,1.0,1,0.23874875377061344,53
4766,2,8883,3820,5063,0,0,0,1.0,1,1.0,1,1.0,1,0.22759866102774043,55
4767,0,8883,3820,5063,0,0,0,1.0,1,1.0,1,1.0,1,0.21928494577297825,56
4768,0,8883,3820,5063,0,0,0,1.0,1,1.0,1,1.0,1,0.22639119051328707,56
4769,1,8884,3821,5063,0,0,0,1.0,1,1.0,1,1.0,1,0.23157415975710965,56
4770,1,8885,3821,5064,0,0,0,1.0,1,1.0,1,1.0,1,0.22539498110688247,56
4771,5,8890,3821,5069,0,0,0,1.0,1,1.0,1,1.0,1,0.16521515832975947,55
4772,1,8891,3821,5070,0,0,0,1.0,1,1.0,1,1.0,1,0.1523379205761305,56
4773,0,8891,3821,5070,0,0,0,1.0,1,1.0,1,1.0,1,0.1523379205761305,56
4774,1,8892,3821,5071,0,0,0,1.0,1,1.0,1,1.0,1,0.14014587144320428,58
4775,0,8892,3821,5071,0,0,0,1.0,1,1.0,1,1.0,1,0.14238860649495022,59
4776,1,8893,3821,5072,0,0,0,1.0,1,1.0,1,1.0,1,0.12520144073830283,59
4777,2,8895,3822,5073,0,0,0,1.0,1,1.0,1,1.0,1,0.12171816194939117,60
4778,2,8897,3823,5074,0,0,0,1.0,1,1.0,1,1.0,1,0.13527563551329713,60
4779,1,8898,3823,5075,0,0,0,1.0,1,1.0,1,1.0,1,0.1193550061961036,61
4780,1,8899,3823,5076,0,0,0,1.0,1,1.0,1,1.0,1,0.1425597839525712,63
4781,0,8899,3823,5076,0,0,0,1.0,1,1.0,1,1.0,1,0.1460950236020508,62
4782,1,8900,3824,5076,0,0,0,1.0,1,1.0,1,1.0,1,0.17418622706639564,63
4783,3,8903,3825,5078,0,0,0,1.0,1,1.0,1,1.0,1,0.1435795125142399,62
4784,2,8905,3827,5078,0,0,0,1.0,1,1.0,1,1.0,1,0.20949127413205917,62
4785,5,8910,3829,5081,0,0,0,1.0,1,1.0,1,1.0,1,0.15601484876211308,62
4786,7,8917,3832,5085,0,0,0,1.0,1,1.0,1,1.0,1,0.14414899444515727,63
4787,5,8922,3834,5088,0,0,0,1.0,1,1.0,1,1.0,1,0.10569707498740773,62
4788,3,8925,3836,5089,0,0,0,1.0,1,1.0,1,1.0,1,0.09861533513327737,62
4789,1,8926,3837,5089,0,0,0,1.0,1,1.0,1,1.0,1,0.10743506872477349,60
4790,4,8930,3838,5092,0,0,0,1.0,1,1.0,1,1.0,1,0.13320505271957775,61
4791,4,8934,3839,5095,0,0,0,1.0,1,1.0,1,1.0,1,0.1731238978467792,60
4792,8,8942,3843,5099,0,0,0,1.0,1,1.0,1,1.0,1,0.19264280270423154,60
4793,5,8947,3846,5101,0,0,0,1.0,1,1.0,1,1.0,1,0.19035186726331338,61
4794,2,8949,3847,5102,0,0,0,1.0,1,1.0,1,1.0,1,0.17472136579608388,59
4795,2,8951,3848,5103,0,0,0,1.0,1,1.0,1,1.0,1,0.1571635057006055,61
4796,3,8954,3850,5104,0,0,0,1.0,1,1.0,1,1.0,1,0.1658859381907576,59
4797,0,8954,3850,5104,0,0,0,1.0,1,1.0,1,1.0,1,0.16890817217008286,58
4798,2,8956,3850,5106,0,0,0,1.0,1,1.0,1,1.0,1,0.16690698816899066,59
4799,1,8957,3851,5106,0,0,0,1.0,1,1.0,1,1.0,1,0.15008907075125053,57
4800,4,8961,3853,5108,0,0,0,1.0,1,1.0,1,1.0,1,0.15649855475045718,58
4801,3,8964,3855,5109,0,0,0,1.0,1,1.0,1,1.0,1,0.13676061973426448,57
4802,1,8965,3856,5109,0,0,0,1.0,1,1.0,1,1.0,1,0.15223126961858527,57
4803,1,8966,3857,5109,0,0,0,1.0,1,1.0,1,1.0,1,0.13954845465620846,56
4804,0,8966,3857,5109,0,0,0,1.0,1,1.0,1,1.0,1,0.1667198494911891,54
4805,2,8968,3857,5111,0,0,0,1.0,1,1.0,1,1.0,1,0.16689729562851582,56
4806,2,8970,3858,5112,0,0,0,1.0,1,1.0,1,1.0,1,0.155975367936321,55
4807,0,8970,3858,5112,0,0,0,1.0,1,1.0,1,1.0,1,0.15147864721643092,54
4808,0,8970,3858,5112,0,0,0,1.0,1,1.0,1,1.0,1,0.17630757561483248,53
4809,1,8971,3859,5112,0,0,0,1.0,1,1.0,1,1.0,1,0.18581622065025769,53
4810,0,8971,3859,5112,0,0,0,1.0,1,1.0,1,1.0,1,0.1997269232448149,51
4811,2,8973,3861,5112,0,0,0,1.0,1,1.0,1,1.0,1,0.2057828936369638,52
4812,1,8974,3862,5112,0,0,0,1.0,1,1.0,1,1.0,1,0.22445378384508427,52
4813,2,8976,3862,5114,0,0,0,1.0,1,1.0,1,1.0,1,0.18604520763280452,52
4814,3,8979,3865,5114,0,0,0,1.0,1,1.0,1,1.0,1,0.20405178220021133,53
4815,5,8984,3869,5115,0,0,0,1.0,1,1.0,1,1.0,1,0.15122809420916972,54
4816,2,8986,3870,5116,0,0,0,1.0,1,1.0,1,1.0,1,0.11976757587774894,54
4817,6,8992,3874,5118,0,0,0,1.0,1,1.0,1,1.0,1,0.1885873459783116,55
4818,5,8997,3878,5119,0,0,0,1.0,1,1.0,1,1.0,1,0.15539749707133213,55
4819,1,8998,3879,5119,0,0,0,1.0,1,1.0,1,1.0,1,0.1840277556723655,55
4820,3,9001,3880,5121,0,0,0,1.0,1,1.0,1,1.0,1,0.15717228788817755,55
4821,5,9006,3883,5123,0,0,0,1.0,1,1.0,1,1.0,1,0.2078822355675254,55
4822,4,9010,3884,5126,0,0,0,1.0,1,1.0,1,1.0,1,0.18394433945248792,54
4823,2,9012,3884,5128,0,0,0,1.0,1,1.0,1,1.0,1,0.19173025868366997,54
4824,0,9012,3884,5128,0,0,0,1.0,1,1.0,1,1.0,1,0.1863151122738388,55
4825,0,9012,3884,5128,0,0,0,1.0,1,1.0,1,1.0,1,0.20171820724681674,53
4826,3,9015,3886,5129,0,0,0,1.0,1,1.0,1,1.0,1,0.18783132173833936,54
4827,3,9018,3889,5129,0,0,0,1.0,1,1.0,1,1.0,1,0.21158859628541077,53
4828,1,9019,3889,5130,0,0,0,1.0,1,1.0,1,1.0,1,0.17442087471727735,54
4829,2,9021,3890,5131,0,0,0,1.0,1,1.0,1,1.0,1,0.2042787830155981,54
4830,2,9023,3892,5131,0,0,0,1.0,1,1.0,1,1.0,1,0.1916600412185604,53
4831,6,9029,3893,5136,0,0,0,1.0,1,1.0,1,1.0,1,0.1617776716998503,52
4832,0,9029,3893,5136,0,0,0,1.0,1,1.0,1,1.0,1,0.1434924040762348,50
4833,1,9030,3894,5136,0,0,0,1.0,1,1.0,1,1.0,1,0.14712713534909164,51
4834,3,9033,3895,5138,0,0,0,1.0,1,1.0,1,1.0,1,0.14535527501064333,51
4835,0,9033,3895,5138,0,0,0,1.0,1,1.0,1,1.0,1,0.16647010107493718,50
4836,3,9036,3897,5139,0,0,0,1.0,1,1.0,1,1.0,1,0.2253208278893719,50
4837,5,9041,3899,5142,0,0,0,1.0,1,1.0,1,1.0,1,0.28194772521377093,46
4838,3,9044,3899,5145,0,0,0,1.0,1,1.0,1,1.0,1,0.27325347299903274,47
4839,3,9047,3900,5147,0,0,0,1.0,1,1.0,1,1.0,1,0.2562519176511444,45
4840,3,9050,3901,5149,0,0,0,1.0,1,1.0,1,1.0,1,0.28754282360240285,45
4841,1,9051,3902,5149,0,0,0,1.0,1,1.0,1,1.0,1,0.29973471639296934,43
4842,0,9051,3902,5149,0,0,0,1.0,1,1.0,1,1.0,1,0.2862793785607857,43
4843,0,9051,3902,5149,0,0,0,1.0,1,1.0,1,1.0,1,0.28462922293516857,44
4844,0,9051,3902,5149,0,0,0,1.0,1,1.0,1,1.0,1,0.2935109663467867,43
4845,4,9055,3904,5151,0,0,0,1.0,1,1.0,1,1.0,1,0.2708229851281646,44
4846,3,9058,3905,5153,0,0,0,1.0,1,1.0,1,1.0,1,0.2524300444839979,43
4847,2,9060,3907,5153,0,0,0,1.0,1,1.0,1,1.0,1,0.3238941777777653,42
4848,3,9063,3909,5154,0,0,0,1.0,1,1.0,1,1.0,1,0.311411191732627,41
4849,2,9065,3911,5154,0,0,0,1.0,1,1.0,1,1.0,1,0.31902312056778054,41
4850,1,9066,3911,5155,0,0,0,1.0,1,1.0,1,1.0,1,0.3123075174649077,41
4851,0,9066,3911,5155,0,0,0,1.0,1,1.0,1,1.0,1,0.3123075174649077,41
4852,1,9067,3912,5155,0,0,0,1.0,1,1.0,1,1.0,1,0.3631194233004392,43
4853,3,9070,3913,5157,0,0,0,1.0,1,1.0,1,1.0,1,0.3519126601005294,44
4854,1,9071,3914,5157,0,0,0,1.0,1,1.0,1,1.0,1,0.3801721348022393,45
4855,1,9072,3915,5157,0,0,0,1.0,1,1.0,1,1.0,1,0.3840171027588048,44
4856,0,9072,3915,5157,0,0,0,1.0,1,1.0,1,1.0,1,0.3840171027588048,44
4857,2,9074,3915,5159,0,0,0,1.0,1,1.0,1,1.0,1,0.36280993671278894,44
4858,0,9074,3915,5159,0,0,0,1.0,1,1.0,1,1.0,1,0.3706601419207309,45
4859,1,9075,3915,5160,0,0,0,1.0,1,1.0,1,1.0,1,0.36173019408849005,46
4860,0,9075,3915,5160,0,0,0,1.0,1,1.0,1,1.0,1,0.36173019408849005,46
4861,2,9077,3915,5162,0,0,0,1.0,1,1.0,1,1.0,1,0.2996526554668777,46
4862,3,9080,3915,5165,0,0,0,1.0,1,1.0,1,1.0,1,0.29163537555276153,47
4863,3,9083,3916,5167,0,0,0,1.0,1,1.0,1,1.0,1,0.28992804682972134,47
4864,1,9084,3916,5168,0,0,0,1.0,1,1.0,1,1.0,1,0.2752495525993949,47
4865,2,9086,3916,5170,0,0,0,1.0,1,1.0,1,1.0,1,0.24833365405946206,48
4866,5,9091,3916,5175,0,0,0,1.0,1,1.0,1,1.0,1,0.21147395571083816,49
4867,2,9093,3916,5177,0,0,0,1.0,1,1.0,1,1.0,1,0.22116430809360232,50
4868,3,9096,3917,5179,0,0,0,1.0,1,1.0,1,1.0,1,0.22140326340936575,50
4869,1,9097,3917,5180,0,0,0,1.0,1,1.0,1,1.0,1,0.20381357075504197,50
4870,5,9102,3919,5183,0,0,0,1.0,1,1.0,1,1.0,1,0.22326939369664547,52
4871,2,9104,3919,5185,0,0,0,1.0,1,1.0,1,1.0,1,0.19129562469650915,52
4872,2,9106,3919,5187,0,0,0,1.0,1,1.0,1,1.0,1,0.18189903113063988,53
4873,2,9108,3920,5188,0,0,0,1.0,1,1.0,1,1.0,1,0.20950139251252065,55
4874,0,9108,3920,5188,0,0,0,1.0,1,1.0,1,1.0,1,0.2199748659439685,56
4875,3,9111,3921,5190,0,0,0,1.0,1,1.0,1,1.0,1,0.18904065370084247,55
4876,9,9120,3924,5196,0,0,0,1.0,1,1.0,1,1.0,1,0.1521296735656266,55
4877,3,9123,3926,5197,0,0,0,1.0,1,1.0,1,1.0,1,0.1179246679461423,54
4878,2,9125,3927,5198,0,0,0,1.0,1,1.0,1,1.0,1,0.10743324687049188,53
4879,2,9127,3929,5198,0,0,0,1.0,1,1.0,1,1.0,1,0.15338384244846698,54
4880,1,9128,3929,5199,0,0,0,1.0,1,1.0,1,1.0,1,0.16013389631267452,54
4881,0,9128,3929,5199,0,0,0,1.0,1,1.0,1,1.0,1,0.16564635827314864,53
4882,1,9129,3929,5200,0,0,0,1.0,1,1.0,1,1.0,1,0.17656194564111985,53
4883,1,9130,3929,5201,0,0,0,1.0,1,1.0,1,1.0,1,0.18609930304404662,53
4884,1,9131,3930,5201,0,0,0,1.0,1,1.0,1,1.0,1,0.22702415497276993,51
4885,1,9132,3931,5201,0,0,0,1.0,1,1.0,1,1.0,1,0.25050188448878463,50
4886,3,9135,3931,5204,0,0,0,1.0,1,1.0,1,1.0,1,0.27156945457470383,48
4887,0,9135,3931,5204,0,0,0,1.0,1,1.0,1,1.0,1,0.27156945457470383,48
4888,1,9136,3931,5205,0,0,0,1.0,1,1.0,1,1.0,1,0.27964049491997134,48
4889,1,9137,3931,5206,0,0,0,1.0,1,1.0,1,1.0,1,0.26979487545294717,48
4890,0,9137,3931,5206,0,0,0,1.0,1,1.0,1,1.0,1,0.263046351367579,49
4891,2,9139,3932,5207,0,0,0,1.0,1,1.0,1,1.0,1,0.28154634301770737,50
4892,1,9140,3932,5208,0,0,0,1.0,1,1.0,1,1.0,1,0.28150908274271885,49
4893,0,9140,3932,5208,0,0,0,1.0,1,1.0,1,1.0,1,0.28454993689387886,50
4894,1,9141,3932,5209,0,0,0,1.0,1,1.0,1,1.0,1,0.28601544182467775,51
4895,0,9141,3932,5209,0,0,0,1.0,1,1.0,1,1.0,1,0.29336367881402403,52
4896,4,9145,3932,5213,0,0,0,1.0,1,1.0,1,1.0,1,0.24903344227636692,53
4897,1,9146,3932,5214,0,0,0,1.0,1,1.0,1,1.0,1,0.222157955707699,53
4898,1,9147,3932,5215,0,0,0,1.0,1,1.0,1,1.0,1,0.2046037599569802,53
4899,3,9150,3934,5216,0,0,0,1.0,1,1.0,1,1.0,1,0.17753274231878913,55
4900,1,9151,3935,5216,0,0,0,1.0,1,1.0,1,1.0,1,0.18487718567270178,55
4901,1,9152,3936,5216,0,0,0,1.0,1,1.0,1,1.0,1,0.17129378710155238,56
4902,0,9152,3936,5216,0,0,0,1.0,1,1.0,1,1.0,1,0.18973733628880107,58
4903,1,9153,3937,5216,0,0,0,1.0,1,1.0,1,1.0,1,0.19262349203831577,58
4904,3,9156,3939,5217,0,0,0,1.0,1,1.0,1,1.0,1,0.18402485699750284,57
4905,0,9156,3939,5217,0,0,0,1.0,1,1.0,1,1.0,1,0.1976492223150555,54
4906,4,9160,3940,5220,0,0,0,1.0,1,1.0,1,1.0,1,0.20048041633306224,55
4907,0,9160,3940,5220,0,0,0,1.0,1,1.0,1,1.0,1,0.21063245772489958,52
4908,2,9162,3942,5220,0,0,0,1.0,1,1.0,1,1.0,1,0.25490790398663865,53
4909,0,9162,3942,5220,0,0,0,1.0,1,1.0,1,1.0,1,0.2554287986902004,52
4910,0,9162,3942,5220,0,0,0,1.0,1,1.0,1,1.0,1,0.26392266518816676,53
4911,2,9164,3942,5222,0,0,0,1.0,1,1.0,1,1.0,1,0.24893470560405592,55
4912,0,9164,3942,5222,0,0,0,1.0,1,1.0,1,1.0,1,0.2539583989837516,54
4913,2,9166,3942,5224,0,0,0,1.0,1,1.0,1,1.0,1,0.19988219932751616,53
4914,2,9168,3943,5225,0,0,0,1.0,1,1.0,1,1.0,1,0.21374634847087026,53
4915,1,9169,3944,5225,0,0,0,1.0,1,1.0,1,1.0,1,0.21900165261418744,54
4916,1,9170,3945,5225,0,0,0,1.0,1,1.0,1,1.0,1,0.24613541675407885,52
4917,1,9171,3946,5225,0,0,0,1.0,1,1.0,1,1.0,1,0.2745894119748251,52
4918,2,9173,3947,5226,0,0,0,1.0,1,1.0,1,1.0,1,0.303648047421304,51
4919,1,9174,3947,5227,0,0,0,1.0,1,1.0,1,1.0,1,0.31268194609470745,50
4920,2,9176,3947,5229,0,0,0,1.0,1,1.0,1,1.0,1,0.3026041551484032,51
4921,2,9178,3947,5231,0,0,0,1.0,1,1.0,1,1.0,1,0.2704103855833749,51
4922,3,9181,3948,5233,0,0,0,1.0,1,1.0,1,1.0,1,0.2824340226703827,53
4923,1,9182,3949,5233,0,0,0,1.0,1,1.0,1,1.0,1,0.2651572796777557,53
4924,1,9183,3950,5233,0,0,0,1.0,1,1.0,1,1.0,1,0.2520914788572947,55
4925,2,9185,3952,5233,0,0,0,1.0,1,1.0,1,1.0,1,0.2492990783687204,56
4926,1,9186,3952,5234,0,0,0,1.0,1,1.0,1,1.0,1,0.22485814926282377,55
4927,1,9187,3953,5234,0,0,0,1.0,1,1.0,1,1.0,1,0.23492140370766296,55
4928,1,9188,3953,5235,0,0,0,1.0,1,1.0,1,1.0,1,0.2237978745957453,55
4929,1,9189,3953,5236,0,0,0,1.0,1,1.0,1,1.0,1,0.18784125426560266,56
4930,1,9190,3954,5236,0,0,0,1.0,1,1.0,1,1.0,1,0.210849480697911,58
4931,1,9191,3954,5237,0,0,0,1.0,1,1.0,1,1.0,1,0.19793507183114847,59
4932,1,9192,3954,5238,0,0,0,1.0,1,1.0,1,1.0,1,0.19379038581797667,60
4933,0,9192,3954,5238,0,0,0,1.0,1,1.0,1,1.0,1,0.19379038581797667,60
4934,1,9193,3955,5238,0,0,0,1.0,1,1.0,1,1.0,1,0.20448367111536458,60
4935,1,9194,3955,5239,0,0,0,1.0,1,1.0,1,1.0,1,0.20863684678618405,60
4936,2,9196,3955,5241,0,0,0,1.0,1,1.0,1,1.0,1,0.17778843680788406,61
4937,0,9196,3955,5241,0,0,0,1.0,1,1.0,1,1.0,1,0.19211280909575337,62
4938,1,9197,3955,5242,0,0,0,1.0,1,1.0,1,1.0,1,0.17972942232747213,62
4939,6,9203,3958,5245,0,0,0,1.0,1,1.0,1,1.0,1,0.1778741332005293,64
4940,2,9205,3958,5247,0,0,0,1.0,1,1.0,1,1.0,1,0.17382582117652481,67
4941,0,9205,3958,5247,0,0,0,1.0,1,1.0,1,1.0,1,0.18566007172179244,66
4942,3,9208,3960,5248,0,0,0,1.0,1,1.0,1,1.0,1,0.19481107158654484,67
4943,1,9209,3960,5249,0,0,0,1.0,1,1.0,1,1.0,1,0.21087405769317924,65
4944,3,9212,3962,5250,0,0,0,1.0,1,1.0,1,1.0,1,0.22231663129561197,65
4945,2,9214,3964,5250,0,0,0,1.0,1,1.0,1,1.0,1,0.24667612973470976,62
4946,4,9218,3965,5253,0,0,0,1.0,1,1.0,1,1.0,1,0.2039244142677306,61
4947,0,9218,3965,5253,0,0,0,1.0,1,1.0,1,1.0,1,0.21939668158189432,59
4948,3,9221,3966,5255,0,0,0,1.0,1,1.0,1,1.0,1,0.20513633876504722,59
4949,0,9221,3966,5255,0,0,0,1.0,1,1.0,1,1.0,1,0.20761792965426826,57
4950,11,9232,3972,5260,0,0,0,1.0,1,1.0,1,1.0,1,0.16918623245229386,58
4951,5,9237,3977,5260,0,0,0,1.0,1,1.0,1,1.0,1,0.1357325734139794,55
4952,3,9240,3980,5260,0,0,0,1.0,1,1.0,1,1.0,1,0.1959329575347672,53
4953,5,9245,3984,5261,0,0,0,1.0,1,1.0,1,1.0,1,0.24232459155711325,54
4954,0,9245,3984,5261,0,0,0,1.0,1,1.0,1,1.0,1,0.21768967159951585,52
4955,2,9247,3985,5262,0,0,0,1.0,1,1.0,1,1.0,1,0.22523274425150983,51
4956,0,9247,3985,5262,0,0,0,1.0,1,1.0,1,1.0,1,0.26441344161615815,47
4957,2,9249,3985,5264,0,0,0,1.0,1,1.0,1,1.0,1,0.22399501368618455,48
4958,0,9249,3985,5264,0,0,0,1.0,1,1.0,1,1.0,1,0.2099318846322819,47
4959,0,9249,3985,5264,0,0,0,1.0,1,1.0,1,1.0,1,0.2099318846322819,47
4960,0,9249,3985,5264,0,0,0,1.0,1,1.0,1,1.0,1,0.22491804743456145,48
4961,1,9250,3986,5264,0,0,0,1.0,1,1.0,1,1.0,1,0.23827115998044163,49
4962,1,9251,3986,5265,0,0,0,1.0,1,1.0,1,1.0,1,0.21651680668820988,49
4963,0,9251,3986,5265,0,0,0,1.0,1,1.0,1,1.0,1,0.23925290639495486,51
4964,3,9254,3988,5266,0,0,0,1.0,1,1.0,1,1.0,1,0.27913904888481617,51
4965,1,9255,3988,5267,0,0,0,1.0,1,1.0,1,1.0,1,0.2539344003191946,51
4966,5,9260,3988,5272,0,0,0,1.0,1,1.0,1,1.0,1,0.17936820086156624,51
4967,4,9264,3992,5272,0,0,0,1.0,1,1.0,1,1.0,1,0.21879630153118063,51
4968,2,9266,3993,5273,0,0,0,1.0,1,1.0,1,1.0,1,0.18792906575792886,52
4969,2,9268,3993,5275,0,0,0,1.0,1,1.0,1,1.0,1,0.17924589523601528,53
4970,3,9271,3996,5275,0,0,0,1.0,1,1.0,1,1.0,1,0.24296999171848005,54
4971,0,9271,3996,5275,0,0,0,1.0,1,1.0,1,1.0,1,0.24324884834052396,55
4972,2,9273,3996,5277,0,0,0,1.0,1,1.0,1,1.0,1,0.27250309452532656,56
4973,5,9278,3997,5281,0,0,0,1.0,1,1.0,1,1.0,1,0.2533839249194593,57
4974,5,9283,3998,5285,0,0,0,1.0,1,1.0,1,1.0,1,0.2794906708748718,56
4975,4,9287,3998,5289,0,0,0,1.0,1,1.0,1,1.0,1,0.276007671439117,57
4976,5,9292,4000,5292,0,0,0,1.0,1,1.0,1,1.0,1,0.24887531468311505,57
4977,3,9295,4000,5295,0,0,0,1.0,1,1.0,1,1.0,1,0.2659066903235338,57
4978,3,9298,4001,5297,0,0,0,1.0,1,1.0,1,1.0,1,0.25209534901286723,58
4979,2,9300,4001,5299,0,0,0,1.0,1,1.0,1,1.0,1,0.2421687844474951,58
4980,5,9305,4002,5303,0,0,0,1.0,1,1.0,1,1.0,1,0.2422184445095203,59
4981,6,9311,4002,5309,0,0,0,1.0,1,1.0,1,1.0,1,0.15081905948149563,60
4982,2,9313,4003,5310,0,0,0,1.0,1,1.0,1,1.0,1,0.12984664332567905,61
4983,0,9313,4003,5310,0,0,0,1.0,1,1.0,1,1.0,1,0.1418832141238956,61
4984,1,9314,4004,5310,0,0,0,1.0,1,1.0,1,1.0,1,0.13925602432311882,59
4985,1,9315,4004,5311,0,0,0,1.0,1,1.0,1,1.0,1,0.1296218191636651,58
4986,3,9318,4006,5312,0,0,0,1.0,1,1.0,1,1.0,1,0.1484039071677823,59
4987,1,9319,4007,5312,0,0,0,1.0,1,1.0,1,1.0,1,0.14317833469051916,58
4988,3,9322,4010,5312,0,0,0,1.0,1,1.0,1,1.0,1,0.2299050248097798,57
4989,4,9326,4012,5314,0,0,0,1.0,1,1.0,1,1.0,1,0.1847279284426398,54
4990,1,9327,4012,5315,0,0,0,1.0,1,1.0,1,1.0,1,0.16643656599013318,53
4991,2,9329,4014,5315,0,0,0,1.0,1,1.0,1,1.0,1,0.2145979645667255,52
4992,3,9332,4016,5316,0,0,0,1.0,1,1.0,1,1.0,1,0.2383345609214864,48
4993,2,9334,4016,5318,0,0,0,1.0,1,1.0,1,1.0,1,0.2503080928044683,48
4994,1,9335,4017,5318,0,0,0,1.0,1,1.0,1,1.0,1,0.2540714575770151,45
4995,2,9337,4019,5318,0,0,0,1.0,1,1.0,1,1.0,1,0.2683870890552612,45
4996,4,9341,4022,5319,0,0,0,1.0,1,1.0,1,1.0,1,0.23151977318050015,45
4997,1,9342,4022,5320,0,0,0,1.0,1,1.0,1,1.0,1,0.1741348191336451,42
4998,2,9344,4023,5321,0,0,0,1.0,1,1.0,1,1.0,1,0.18903297338553102,44
4999,5,9349,4026,5323,0,0,0,1.0,1,1.0,1,1.0,1,0.2052079861911971,44
5000,2,9351,4027,5324,0,0,0,1.0,1,1.0,1,1.0,1,0.21146475160886846,42
5001,0,9351,4027,5324,0,0,0,1.0,1,1.0,1,1.0,1,0.20377706866029766,42
5002,2,9353,4029,5324,0,0,0,1.0,1,1.0,1,1.0,1,0.21337758612644236,41
5003,1,9354,4030,5324,0,0,0,1.0,1,1.0,1,1.0,1,0.2764760257602806,41
5004,0,9354,4030,5324,0,0,0,1.0,1,1.0,1,1.0,1,0.3014696961722515,41
5005,0,9354,4030,5324,0,0,0,1.0,1,1.0,1,1.0,1,0.3014696961722515,41
5006,0,9354,4030,5324,0,0,0,1.0,1,1.0,1,1.0,1,0.3117390966962881,42
5007,1,9355,4030,5325,0,0,0,1.0,1,1.0,1,1.0,1,0.3081422086711285,43
5008,1,9356,4030,5326,0,0,0,1.0,1,1.0,1,1.0,1,0.27682364719153923,46
5009,1,9357,4030,5327,0,0,0,1.0,1,1.0,1,1.0,1,0.2802255672218532,46
5010,0,9357,4030,5327,0,0,0,1.0,1,1.0,1,1.0,1,0.293869971718321,46
5011,5,9362,4030,5332,0,0,0,1.0,1,1.0,1,1.0,1,0.21723677002778938,47
5012,0,9362,4030,5332,0,0,0,1.0,1,1.0,1,1.0,1,0.21740393758995313,48
5013,0,9362,4030,5332,0,0,0,1.0,1,1.0,1,1.0,1,0.21740393758995313,48
5014,0,9362,4030,5332,0,0,0,1.0,1,1.0,1,1.0,1,0.2211077536822957,49
5015,1,9363,4030,5333,0,0,0,1.0,1,1.0,1,1.0,1,0.1944957274252811,50
5016,4,9367,4031,5336,0,0,0,1.0,1,1.0,1,1.0,1,0.21867334414378922,51
5017,2,9369,4032,5337,0,0,0,1.0,1,1.0,1,1.0,1,0.2368060583710927,51
5018,0,9369,4032,5337,0,0,0,1.0,1,1.0,1,1.0,1,0.2368060583710927,51
5019,3,9372,4034,5338,0,0,0,1.0,1,1.0,1,1.0,1,0.25149068013497156,51
5020,1,9373,4034,5339,0,0,0,1.0,1,1.0,1,1.0,1,0.2453646531647566,51
5021,1,9374,4034,5340,0,0,0,1.0,1,1.0,1,1.0,1,0.25253601679522525,52
5022,1,9375,4035,5340,0,0,0,1.0,1,1.0,1,1.0,1,0.2476919141900583,52
5023,5,9380,4038,5342,0,0,0,1.0,1,1.0,1,1.0,1,0.2705584991388707,52
5024,3,9383,4040,5343,0,0,0,1.0,1,1.0,1,1.0,1,0.26170814881378934,51
5025,1,9384,4040,5344,0,0,0,1.0,1,1.0,1,1.0,1,0.26079966353147865,50
5026,4,9388,4041,5347,0,0,0,1.0,1,1.0,1,1.0,1,0.2180369740349767,49
5027,1,9389,4042,5347,0,0,0,1.0,1,1.0,1,1.0,1,0.22457471252519653,47
5028,2,9391,4044,5347,0,0,0,1.0,1,1.0,1,1.0,1,0.2779759795469804,47
5029,3,9394,4046,5348,0,0,0,1.0,1,1.0,1,1.0,1,0.2742165347416352,46
5030,1,9395,4047,5348,0,0,0,1.0,1,1.0,1,1.0,1,0.27326615673541804,48
5031,0,9395,4047,5348,0,0,0,1.0,1,1.0,1,1.0,1,0.29395441792226,46
5032,1,9396,4048,5348,0,0,0,1.0,1,1.0,1,1.0,1,0.32511288699664814,46
5033,0,9396,4048,5348,0,0,0,1.0,1,1.0,1,1.0,1,0.3294827003254029,47
5034,0,9396,4048,5348,0,0,0,1.0,1,1.0,1,1.0,1,0.320818474730775,48
5035,0,9396,4048,5348,0,0,0,1.0,1,1.0,1,1.0,1,0.31016425250628005,47
5036,1,9397,4049,5348,0,0,0,1.0,1,1.0,1,1.0,1,0.3360578681855229,47
5037,0,9397,4049,5348,0,0,0,1.0,1,1.0,1,1.0,1,0.329582946936504,47
5038,1,9398,4050,5348,0,0,0,1.0,1,1.0,1,1.0,1,0.37636105532070196,48
5039,0,9398,4050,5348,0,0,0,1.0,1,1.0,1,1.0,1,0.3615732592058404,47
5040,0,9398,4050,5348,0,0,0,1.0,1,1.0,1,1.0,1,0.36993502119259164,48
5041,3,9401,4050,5351,0,0,0,1.0,1,1.0,1,1.0,1,0.3080958714465717,49
5042,1,9402,4050,5352,0,0,0,1.0,1,1.0,1,1.0,1,0.31204401766278705,50
5043,0,9402,4050,5352,0,0,0,1.0,1,1.0,1,1.0,1,0.29662318524279696,51
5044,1,9403,4050,5353,0,0,0,1.0,1,1.0,1,1.0,1,0.2795211027758609,51
5045,2,9405,4051,5354,0,0,0,1.0,1,1.0,1,1.0,1,0.2631740091151795,51
5046,3,9408,4052,5356,0,0,0,1.0,1,1.0,1,1.0,1,0.2571765790107435,52
5047,2,9410,4052,5358,0,0,0,1.0,1,1.0,1,1.0,1,0.22428025024250128,52
5048,0,9410,4052,5358,0,0,0,1.0,1,1.0,1,1.0,1,0.22428025024250128,52
5049,0,9410,4052,5358,0,0,0,1.0,1,1.0,1,1.0,1,0.2514519607061385,52
5050,1,9411,4053,5358,0,0,0,1.0,1,1.0,1,1.0,1,0.2583909594562315,55
5051,2,9413,4053,5360,0,0,0,1.0,1,1.0,1,1.0,1,0.23738454977669,55
5052,0,9413,4053,5360,0,0,0,1.0,1,1.0,1,1.0,1,0.23738454977669,55
5053,0,9413,4053,5360,0,0,0,1.0,1,1.0,1,1.0,1,0.2533306357930323,54
5054,2,9415,4054,5361,0,0,0,1.0,1,1.0,1,1.0,1,0.24907871462278833,54
5055,2,9417,4054,5363,0,0,0,1.0,1,1.0,1,1.0,1,0.25524653292424265,54
5056,4,9421,4054,5367,0,0,0,1.0,1,1.0,1,1.0,1,0.22024462550583948,55
5057,1,9422,4054,5368,0,0,0,1.0,1,1.0,1,1.0,1,0.19865568844956955,56
5058,1,9423,4054,5369,0,0,0,1.0,1,1.0,1,1.0,1,0.19335388513446078,58
5059,1,9424,4054,5370,0,0,0,1.0,1,1.0,1,1.0,1,0.1717012838551471,58
5060,4,9428,4056,5372,0,0,0,1.0,1,1.0,1,1.0,1,0.14432986281053622,59
5061,1,9429,4056,5373,0,0,0,1.0,1,1.0,1,1.0,1,0.11487147120341669,58
5062,3,9432,4057,5375,0,0,0,1.0,1,1.0,1,1.0,1,0.15776349204517287,58
5063,5,9437,4060,5377,0,0,0,1.0,1,1.0,1,1.0,1,0.18273044495716595,57
5064,1,9438,4061,5377,0,0,0,1.0,1,1.0,1,1.0,1,0.2218172115382261,57
5065,2,9440,4063,5377,0,0,0,1.0,1,1.0,1,1.0,1,0.2587554072068011,56
5066,2,9442,4065,5377,0,0,0,1.0,1,1.0,1,1.0,1,0.2803440419811384,55
5067,3,9445,4067,5378,0,0,0,1.0,1,1.0,1,1.0,1,0.2649708946940449,54
5068,1,9446,4068,5378,0,0,0,1.0,1,1.0,1,1.0,1,0.31235852017060206,54
5069,0,9446,4068,5378,0,0,0,1.0,1,1.0,1,1.0,1,0.2989940435054116,53
5070,1,9447,4068,5379,0,0,0,1.0,1,1.0,1,1.0,1,0.3185574786723937,53
5071,10,9457,4069,5388,0,0,0,1.0,1,1.0,1,1.0,1,0.20124596441617018,53
5072,4,9461,4070,5391,0,0,0,1.0,1,1.0,1,1.0,1,0.17322793344317994,53
5073,1,9462,4070,5392,0,0,0,1.0,1,1.0,1,1.0,1,0.17065136379838844,53
5074,1,9463,4070,5393,0,0,0,1.0,1,1.0,1,1.0,1,0.15421296221567954,52
5075,1,9464,4070,5394,0,0,0,1.0,1,1.0,1,1.0,1,0.17848938438065845,52
5076,2,9466,4071,5395,0,0,0,1.0,1,1.0,1,1.0,1,0.18673764188015765,55
5077,4,9470,4072,5398,0,0,0,1.0,1,1.0,1,1.0,1,0.22769039688309797,55
5078,1,9471,4072,5399,0,0,0,1.0,1,1.0,1,1.0,1,0.25160836089076577,55
5079,1,9472,4072,5400,0,0,0,1.0,1,1.0,1,1.0,1,0.24438249877286483,54
5080,4,9476,4073,5403,0,0,0,1.0,1,1.0,1,1.0,1,0.23724552758125703,55
5081,5,9481,4073,5408,0,0,0,1.0,1,1.0,1,1.0,1,0.23323146596133965,57
5082,6,9487,4073,5414,0,0,0,1.0,1,1.0,1,1.0,1,0.1823434231587809,57
5083,4,9491,4073,5418,0,0,0,1.0,1,1.0,1,1.0,1,0.18899301347881614,58
5084,6,9497,4074,5423,0,0,0,1.0,1,1.0,1,1.0,1,0.20224488398658094,58
5085,5,9502,4076,5426,0,0,0,1.0,1,1.0,1,1.0,1,0.19049532588188633,59
5086,5,9507,4079,5428,0,0,0,1.0,1,1.0,1,1.0,1,0.15133086297257942,60
5087,2,9509,4080,5429,0,0,0,1.0,1,1.0,1,1.0,1,0.17383963962491536,61
5088,2,9511,4080,5431,0,0,0,1.0,1,1.0,1,1.0,1,0.15328777708769187,62
5089,1,9512,4081,5431,0,0,0,1.0,1,1.0,1,1.0,1,0.14402299789339187,63
5090,3,9515,4082,5433,0,0,0,1.0,1,1.0,1,1.0,1,0.14364842446184303,63
5091,4,9519,4085,5434,0,0,0,1.0,1,1.0,1,1.0,1,0.17394933346352828,63
5092,0,9519,4085,5434,0,0,0,1.0,1,1.0,1,1.0,1,0.17394933346352828,63
5093,1,9520,4086,5434,0,0,0,1.0,1,1.0,1,1.0,1,0.19327604869408221,63
5094,2,9522,4087,5435,0,0,0,1.0,1,1.0,1,1.0,1,0.17928082375253548,64
5095,1,9523,4087,5436,0,0,0,1.0,1,1.0,1,1.0,1,0.16709558603689345,64
5096,2,9525,4088,5437,0,0,0,1.0,1,1.0,1,1.0,1,0.16892971381376023,67
5097,1,9526,4088,5438,0,0,0,1.0,1,1.0,1,1.0,1,0.16065395775651087,67
5098,0,9526,4088,5438,0,0,0,1.0,1,1.0,1,1.0,1,0.15560747568767355,68
5099,2,9528,4088,5440,0,0,0,1.0,1,1.0,1,1.0,1,0.16208420233437087,70
5100,2,9530,4088,5442,0,0,0,1.0,1,1.0,1,1.0,1,0.14316718853855107,71
5101,2,9532,4090,5442,0,0,0,1.0,1,1.0,1,1.0,1,0.13067411273522644,71
5102,4,9536,4093,5443,0,0,0,1.0,1,1.0,1,1.0,1,0.17128639357014516,70
5103,0,9536,4093,5443,0,0,0,1.0,1,1.0,1,1.0,1,0.15447551314999702,67
5104,5,9541,4096,5445,0,0,0,1.0,1,1.0,1,1.0,1,0.18927262883676954,67
5105,3,9544,4099,5445,0,0,0,1.0,1,1.0,1,1.0,1,0.22025749942618092,63
5106,2,9546,4101,5445,0,0,0,1.0,1,1.0,1,1.0,1,0.26155918139831474,63
5107,5,9551,4105,5446,0,0,0,1.0,1,1.0,1,1.0,1,0.28061622597712954,60
5108,2,9553,4107,5446,0,0,0,1.0,1,1.0,1,1.0,1,0.3034498855383708,56
5109,2,9555,4109,5446,0,0,0,1.0,1,1.0,1,1.0,1,0.33331360232119644,56
5110,5,9560,4112,5448,0,0,0,1.0,1,1.0,1,1.0,1,0.26679104874504145,52
5111,3,9563,4115,5448,0,0,0,1.0,1,1.0,1,1.0,1,0.32374055805283847,51
5112,3,9566,4117,5449,0,0,0,1.0,1,1.0,1,1.0,1,0.3115907608412454,50
5113,4,9570,4120,5450,0,0,0,1.0,1,1.0,1,1.0,1,0.3013610706836793,48
5114,2,9572,4122,5450,0,0,0,1.0,1,1.0,1,1.0,1,0.2916086366332995,46
5115,0,9572,4122,5450,0,0,0,1.0,1,1.0,1,1.0,1,0.2820617307826811,44
5116,8,9580,4124,5456,0,0,0,1.0,1,1.0,1,1.0,1,0.18274130080206819,44
5117,2,9582,4124,5458,0,0,0,1.0,1,1.0,1,1.0,1,0.172247671463733,46
5118,9,9591,4126,5465,0,0,0,1.0,1,1.0,1,1.0,1,0.18843230817618212,46
5119,6,9597,4128,5469,0,0,0,1.0,1,1.0,1,1.0,1,0.18775819091470633,46
5120,5,9602,4129,5473,0,0,0,1.0,1,1.0,1,1.0,1,0.25086256670391816,46
5121,6,9608,4130,5478,0,0,0,1.0,1,1.0,1,1.0,1,0.2206907290601572,46
5122,7,9615,4132,5483,0,0,0,1.0,1,1.0,1,1.0,1,0.18621894642621753,46
5123,5,9620,4134,5486,0,0,0,1.0,1,1.0,1,1.0,1,0.2656857815064728,45
5124,6,9626,4135,5491,0,0,0,1.0,1,1.0,1,1.0,1,0.25227877894315687,47
5125,5,9631,4135,5496,0,0,0,1.0,1,1.0,1,1.0,1,0.2426683038925846,50
5126,7,9638,4136,5502,0,0,0,1.0,1,1.0,1,1.0,1,0.24622947847600088,50
5127,8,9646,4136,5510,0,0,0,1.0,1,1.0,1,1.0,1,0.2314476563200518,52
5128,6,9652,4137,5515,0,0,0,1.0,1,1.0,1,1.0,1,0.26101163674299915,53
5129,6,9658,4137,5521,0,0,0,1.0,1,1.0,1,1.0,1,0.2360831372527499,55
5130,9,9667,4137,5530,0,0,0,1.0,1,1.0,1,1.0,1,0.24427770690341222,55
5131,4,9671,4138,5533,0,0,0,1.0,1,1.0,1,1.0,1,0.21531172497145795,54
5132,1,9672,4138,5534,0,0,0,1.0,1,1.0,1,1.0,1,0.20281153769751112,54
5133,1,9673,4139,5534,0,0,0,1.0,1,1.0,1,1.0,1,0.20472442559018075,54
5134,0,9673,4139,5534,0,0,0,1.0,1,1.0,1,1.0,1,0.2044310830072748,53
5135,1,9674,4139,5535,0,0,0,1.0,1,1.0,1,1.0,1,0.20433780907229815,54
5136,1,9675,4139,5536,0,0,0,1.0,1,1.0,1,1.0,1,0.20827750781254245,54
5137,1,9676,4139,5537,0,0,0,1.0,1,1.0,1,1.0,1,0.1847910079864173,54
5138,1,9677,4140,5537,0,0,0,1.0,1,1.0,1,1.0,1,0.16989241003564468,54
5139,2,9679,4141,5538,0,0,0,1.0,1,1.0,1,1.0,1,0.15956838985702793,55
5140,6,9685,4145,5540,0,0,0,1.0,1,1.0,1,1.0,1,0.15829337444957253,55
5141,1,9686,4146,5540,0,0,0,1.0,1,1.0,1,1.0,1,0.14700215261507732,53
5142,4,9690,4149,5541,0,0,0,1.0,1,1.0,1,1.0,1,0.1814043379961457,54
5143,4,9694,4151,5543,0,0,0,1.0,1,1.0,1,1.0,1,0.19025376004280276,52
5144,1,9695,4152,5543,0,0,0,1.0,1,1.0,1,1.0,1,0.2498705728707631,50
5145,1,9696,4153,5543,0,0,0,1.0,1,1.0,1,1.0,1,0.2658877235929157,49
5146,7,9703,4154,5549,0,0,0,1.0,1,1.0,1,1.0,1,0.1738348244911056,49
5147,2,9705,4156,5549,0,0,0,1.0,1,1.0,1,1.0,1,0.14677213852541238,46
5148,1,9706,4156,5550,0,0,0,1.0,1,1.0,1,1.0,1,0.1381178693008562,46
5149,0,9706,4156,5550,0,0,0,1.0,1,1.0,1,1.0,1,0.12431427167287001,45
5150,2,9708,4158,5550,0,0,0,1.0,1,1.0,1,1.0,1,0.1487095008549553,47
5151,2,9710,4160,5550,0,0,0,1.0,1,1.0,1,1.0,1,0.1553478887230994,46
5152,4,9714,4163,5551,0,0,0,1.0,1,1.0,1,1.0,1,0.19865807821908937,46
5153,0,9714,4163,5551,0,0,0,1.0,1,1.0,1,1.0,1,0.19023712969772785,45
5154,0,9714,4163,5551,0,0,0,1.0,1,1.0,1,1.0,1,0.21870378156908038,47
5155,1,9715,4164,5551,0,0,0,1.0,1,1.0,1,1.0,1,0.23439071199356498,47
5156,2,9717,4165,5552,0,0,0,1.0,1,1.0,1,1.0,1,0.229482789012826,47
5157,2,9719,4167,5552,0,0,0,1.0,1,1.0,1,1.0,1,0.248815434305131,46
5158,0,9719,4167,5552,0,0,0,1.0,1,1.0,1,1.0,1,0.25457154758189654,47
5159,1,9720,4167,5553,0,0,0,1.0,1,1.0,1,1.0,1,0.25413316403550695,49
5160,0,9720,4167,5553,0,0,0,1.0,1,1.0,1,1.0,1,0.26951835250750195,48
5161,1,9721,4167,5554,0,0,0,1.0,1,1.0,1,1.0,1,0.2469831087577946,48
5162,2,9723,4167,5556,0,0,0,1.0,1,1.0,1,1.0,1,0.21460489489413526,49
5163,1,9724,4167,5557,0,0,0,1.0,1,1.0,1,1.0,1,0.20547855696914158,51
5164,0,9724,4167,5557,0,0,0,1.0,1,1.0,1,1.0,1,0.20547855696914158,51
5165,3,9727,4168,5559,0,0,0,1.0,1,1.0,1,1.0,1,0.19366745093669815,52
5166,2,9729,4170,5559,0,0,0,1.0,1,1.0,1,1.0,1,0.18854137194517753,52
5167,2,9731,4171,5560,0,0,0,1.0,1,1.0,1,1.0,1,0.19088900130303005,52
5168,0,9731,4171,5560,0,0,0,1.0,1,1.0,1,1.0,1,0.19088900130303005,52
5169,2,9733,4172,5561,0,0,0,1.0,1,1.0,1,1.0,1,0.1773963190280104,53
5170,0,9733,4172,5561,0,0,0,1.0,1,1.0,1,1.0,1,0.1773963190280104,53
5171,0,9733,4172,5561,0,0,0,1.0,1,1.0,1,1.0,1,0.2008764161785612,52
5172,1,9734,4173,5561,0,0,0,1.0,1,1.0,1,1.0,1,0.19544045560863527,53
5173,0,9734,4173,5561,0,0,0,1.0,1,1.0,1,1.0,1,0.2112963787798465,54
5174,0,9734,4173,5561,0,0,0,1.0,1,1.0,1,1.0,1,0.2299902276592217,56
5175,2,9736,4174,5562,0,0,0,1.0,1,1.0,1,1.0,1,0.23023159520546574,58
5176,2,9738,4174,5564,0,0,0,1.0,1,1.0,1,1.0,1,0.19189518643416945,58
5177,5,9743,4175,5568,0,0,0,1.0,1,1.0,1,1.0,1,0.1702114261070884,59
5178,3,9746,4176,5570,0,0,0,1.0,1,1.0,1,1.0,1,0.1689882397495471,57
5179,2,9748,4176,5572,0,0,0,1.0,1,1.0,1,1.0,1,0.145819254003785,58
5180,1,9749,4177,5572,0,0,0,1.0,1,1.0,1,1.0,1,0.14037684943750808,56
5181,1,9750,4178,5572,0,0,0,1.0,1,1.0,1,1.0,1,0.14071056809871024,57
5182,4,9754,4181,5573,0,0,0,1.0,1,1.0,1,1.0,1,0.16156583085654722,56
5183,2,9756,4183,5573,0,0,0,1.0,1,1.0,1,1.0,1,0.18739909892872383,57
5184,3,9759,4185,5574,0,0,0,1.0,1,1.0,1,1.0,1,0.20656818683567083,56
5185,0,9759,4185,5574,0,0,0,1.0,1,1.0,1,1.0,1,0.2081354627934195,56
5186,2,9761,4187,5574,0,0,0,1.0,1,1.0,1,1.0,1,0.258866313342262,54
5187,0,9761,4187,5574,0,0,0,1.0,1,1.0,1,1.0,1,0.2723664517926556,51
5188,1,9762,4188,5574,0,0,0,1.0,1,1.0,1,1.0,1,0.3026138893177561,50
5189,2,9764,4188,5576,0,0,0,1.0,1,1.0,1,1.0,1,0.2474547483451026,49
5190,2,9766,4190,5576,0,0,0,1.0,1,1.0,1,1.0,1,0.22424152843764175,50
5191,5,9771,4190,5581,0,0,0,1.0,1,1.0,1,1.0,1,0.1442108706880309,50
5192,3,9774,4192,5582,0,0,0,1.0,1,1.0,1,1.0,1,0.11280097808858772,49
5193,0,9774,4192,5582,0,0,0,1.0,1,1.0,1,1.0,1,0.1322154559466418,50
5194,4,9778,4193,5585,0,0,0,1.0,1,1.0,1,1.0,1,0.14771895764582443,51
5195,1,9779,4194,5585,0,0,0,1.0,1,1.0,1,1.0,1,0.1755454853162863,51
5196,2,9781,4194,5587,0,0,0,1.0,1,1.0,1,1.0,1,0.1755454853162863,51
5197,2,9783,4194,5589,0,0,0,1.0,1,1.0,1,1.0,1,0.1755454853162863,51
5198,2,9785,4194,5591,0,0,0,1.0,1,1.0,1,1.0,1,0.1755454853162863,51
5199,2,9787,4194,5593,0,0,0,1.0,1,1.0,1,1.0,1,0.16092284477750035,54
5200,3,9790,4195,5595,0,0,0,1.0,1,1.0,1,1.0,1,0.16728053249227773,54
5201,5,9795,4197,5598,0,0,0,1.0,1,1.0,1,1.0,1,0.17841063763994552,55
5202,2,9797,4197,5600,0,0,0,1.0,1,1.0,1,1.0,1,0.15202128850237964,56
5203,0,9797,4197,5600,0,0,0,1.0,1,1.0,1,1.0,1,0.15202128850237964,56
5204,1,9798,4197,5601,0,0,0,1.0,1,1.0,1,1.0,1,0.14610326140402785,58
5205,0,9798,4197,5601,0,0,0,1.0,1,1.0,1,1.0,1,0.14610326140402785,58
5206,0,9798,4197,5601,0,0,0,1.0,1,1.0,1,1.0,1,0.14610326140402785,58
5207,1,9799,4198,5601,0,0,0,1.0,1,1.0,1,1.0,1,0.1457472312555651,59
5208,0,9799,4198,5601,0,0,0,1.0,1,1.0,1,1.0,1,0.1478525623826836,58
5209,1,9800,4199,5601,0,0,0,1.0,1,1.0,1,1.0,1,0.17506874974161316,58
5210,1,9801,4199,5602,0,0,0,1.0,1,1.0,1,1.0,1,0.17291386932217645,57
5211,0,9801,4199,5602,0,0,0,1.0,1,1.0,1,1.0,1,0.17291386932217645,57
5212,1,9802,4199,5603,0,0,0,1.0,1,1.0,1,1.0,1,0.178001266751828,59
5213,2,9804,4201,5603,0,0,0,1.0,1,1.0,1,1.0,1,0.20217617738371862,59
5214,1,9805,4201,5604,0,0,0,1.0,1,1.0,1,1.0,1,0.21435216867860468,59
5215,1,9806,4202,5604,0,0,0,1.0,1,1.0,1,1.0,1,0.2599362160359423,58
5216,1,9807,4202,5605,0,0,0,1.0,1,1.0,1,1.0,1,0.22696778018817051,59
5217,4,9811,4206,5605,0,0,0,1.0,1,1.0,1,1.0,1,0.2136128384981754,58
5218,6,9817,4211,5606,0,0,0,1.0,1,1.0,1,1.0,1,0.26162396350301115,58
5219,0,9817,4211,5606,0,0,0,1.0,1,1.0,1,1.0,1,0.2173288068415694,57
5220,0,9817,4211,5606,0,0,0,1.0,1,1.0,1,1.0,1,0.24450442037530842,56
5221,5,9822,4213,5609,0,0,0,1.0,1,1.0,1,1.0,1,0.2572836126490384,58
5222,1,9823,4214,5609,0,0,0,1.0,1,1.0,1,1.0,1,0.24766497733381398,56
5223,3,9826,4216,5610,0,0,0,1.0,1,1.0,1,1.0,1,0.29905381998201236,55
5224,2,9828,4217,5611,0,0,0,1.0,1,1.0,1,1.0,1,0.2999499544029919,56
5225,3,9831,4218,5613,0,0,0,1.0,1,1.0,1,1.0,1,0.2952828864770801,55
5226,3,9834,4220,5614,0,0,0,1.0,1,1.0,1,1.0,1,0.2741378946752111,55
5227,2,9836,4220,5616,0,0,0,1.0,1,1.0,1,1.0,1,0.24446839286549724,53
5228,0,9836,4220,5616,0,0,0,1.0,1,1.0,1,1.0,1,0.2338381926722729,51
5229,3,9839,4221,5618,0,0,0,1.0,1,1.0,1,1.0,1,0.194614751784772,51
5230,0,9839,4221,5618,0,0,0,1.0,1,1.0,1,1.0,1,0.19450437284616642,51
5231,3,9842,4222,5620,0,0,0,1.0,1,1.0,1,1.0,1,0.19877227465120745,52
5232,2,9844,4223,5621,0,0,0,1.0,1,1.0,1,1.0,1,0.2339212588237133,52
5233,0,9844,4223,5621,0,0,0,1.0,1,1.0,1,1.0,1,0.2496804643554234,53
5234,1,9845,4224,5621,0,0,0,1.0,1,1.0,1,1.0,1,0.28867993595528885,53
5235,3,9848,4225,5623,0,0,0,1.0,1,1.0,1,1.0,1,0.27448527855038723,53
5236,8,9856,4227,5629,0,0,0,1.0,1,1.0,1,1.0,1,0.2268883778799837,52
5237,1,9857,4227,5630,0,0,0,1.0,1,1.0,1,1.0,1,0.23490599264217668,52
5238,1,9858,4228,5630,0,0,0,1.0,1,1.0,1,1.0,1,0.23833519368755265,52
5239,0,9858,4228,5630,0,0,0,1.0,1,1.0,1,1.0,1,0.2525195278537024,51
5240,0,9858,4228,5630,0,0,0,1.0,1,1.0,1,1.0,1,0.26474267313653754,53
5241,0,9858,4228,5630,0,0,0,1.0,1,1.0,1,1.0,1,0.2825733697136306,53
5242,2,9860,4229,5631,0,0,0,1.0,1,1.0,1,1.0,1,0.3057281985409206,51
5243,3,9863,4230,5633,0,0,0,1.0,1,1.0,1,1.0,1,0.31764511914394533,51
5244,2,9865,4232,5633,0,0,0,1.0,1,1.0,1,1.0,1,0.32557150087509446,52
5245,1,9866,4232,5634,0,0,0,1.0,1,1.0,1,1.0,1,0.3153891895734494,53
5246,5,9871,4235,5636,0,0,0,1.0,1,1.0,1,1.0,1,0.2972121664138071,53
5247,2,9873,4236,5637,0,0,0,1.0,1,1.0,1,1.0,1,0.3233164472552842,54
5248,3,9876,4237,5639,0,0,0,1.0,1,1.0,1,1.0,1,0.29390494655783833,54
5249,4,9880,4238,5642,0,0,0,1.0,1,1.0,1,1.0,1,0.29437920379007887,55
5250,3,9883,4238,5645,0,0,0,1.0,1,1.0,1,1.0,1,0.30435678553634854,57
5251,5,9888,4238,5650,0,0,0,1.0,1,1.0,1,1.0,1,0.23641860928690056,58
5252,0,9888,4238,5650,0,0,0,1.0,1,1.0,1,1.0,1,0.23641860928690056,58
5253,2,9890,4240,5650,0,0,0,1.0,1,1.0,1,1.0,1,0.25837871755510633,58
5254,3,9893,4240,5653,0,0,0,1.0,1,1.0,1,1.0,1,0.23561883898964325,59
5255,4,9897,4242,5655,0,0,0,1.0,1,1.0,1,1.0,1,0.216923178195346,58
5256,0,9897,4242,5655,0,0,0,1.0,1,1.0,1,1.0,1,0.23825681794040232,58
5257,2,9899,4243,5656,0,0,0,1.0,1,1.0,1,1.0,1,0.24883794097024658,57
5258,0,9899,4243,5656,0,0,0,1.0,1,1.0,1,1.0,1,0.23893428006159081,55
5259,0,9899,4243,5656,0,0,0,1.0,1,1.0,1,1.0,1,0.2467604094136545,56
5260,0,9899,4243,5656,0,0,0,1.0,1,1.0,1,1.0,1,0.2718294316606911,55
5261,0,9899,4243,5656,0,0,0,1.0,1,1.0,1,1.0,1,0.2749681110371113,54
5262,1,9900,4244,5656,0,0,0,1.0,1,1.0,1,1.0,1,0.2870030872092019,54
5263,8,9908,4248,5660,0,0,0,1.0,1,1.0,1,1.0,1,0.2960173778880193,55
5264,1,9909,4248,5661,0,0,0,1.0,1,1.0,1,1.0,1,0.30074969983157485,53
5265,4,9913,4250,5663,0,0,0,1.0,1,1.0,1,1.0,1,0.3053609275328796,52
5266,2,9915,4251,5664,0,0,0,1.0,1,1.0,1,1.0,1,0.284029992744454,49
5267,1,9916,4252,5664,0,0,0,1.0,1,1.0,1,1.0,1,0.29851352069507087,49
5268,1,9917,4252,5665,0,0,0,1.0,1,1.0,1,1.0,1,0.3107828468530047,46
5269,2,9919,4253,5666,0,0,0,1.0,1,1.0,1,1.0,1,0.309495325534043,45
5270,1,9920,4253,5667,0,0,0,1.0,1,1.0,1,1.0,1,0.3062469950139585,46
5271,4,9924,4256,5668,0,0,0,1.0,1,1.0,1,1.0,1,0.2810543113057432,46
5272,3,9927,4257,5670,0,0,0,1.0,1,1.0,1,1.0,1,0.2535818528357778,45
5273,5,9932,4261,5671,0,0,0,1.0,1,1.0,1,1.0,1,0.29097068615752464,45
5274,3,9935,4261,5674,0,0,0,1.0,1,1.0,1,1.0,1,0.2501008580870891,45
5275,3,9938,4264,5674,0,0,0,1.0,1,1.0,1,1.0,1,0.247164549507322,46
5276,2,9940,4266,5674,0,0,0,1.0,1,1.0,1,1.0,1,0.27533946271115395,45
5277,0,9940,4266,5674,0,0,0,1.0,1,1.0,1,1.0,1,0.27776606727261705,45
5278,2,9942,4267,5675,0,0,0,1.0,1,1.0,1,1.0,1,0.3134595262083295,44
5279,3,9945,4268,5677,0,0,0,1.0,1,1.0,1,1.0,1,0.3028123193428785,45
5280,1,9946,4269,5677,0,0,0,1.0,1,1.0,1,1.0,1,0.2955294207504749,46
5281,1,9947,4269,5678,0,0,0,1.0,1,1.0,1,1.0,1,0.28281619273910835,46
5282,0,9947,4269,5678,0,0,0,1.0,1,1.0,1,1.0,1,0.29177119106051,47
5283,1,9948,4269,5679,0,0,0,1.0,1,1.0,1,1.0,1,0.28039692549721473,48
5284,0,9948,4269,5679,0,0,0,1.0,1,1.0,1,1.0,1,0.28039692549721473,48
5285,0,9948,4269,5679,0,0,0,1.0,1,1.0,1,1.0,1,0.2752836000598298,48
5286,3,9951,4269,5682,0,0,0,1.0,1,1.0,1,1.0,1,0.22535076889739217,50
5287,1,9952,4269,5683,0,0,0,1.0,1,1.0,1,1.0,1,0.21210035326415178,50
5288,3,9955,4269,5686,0,0,0,1.0,1,1.0,1,1.0,1,0.16797828923089292,51
5289,1,9956,4269,5687,0,0,0,1.0,1,1.0,1,1.0,1,0.16326880361824,51
5290,0,9956,4269,5687,0,0,0,1.0,1,1.0,1,1.0,1,0.17410620480244107,52
5291,0,9956,4269,5687,0,0,0,1.0,1,1.0,1,1.0,1,0.19585149491714743,52
5292,0,9956,4269,5687,0,0,0,1.0,1,1.0,1,1.0,1,0.20610839812974943,53
5293,1,9957,4270,5687,0,0,0,1.0,1,1.0,1,1.0,1,0.26412477600120443,51
5294,0,9957,4270,5687,0,0,0,1.0,1,1.0,1,1.0,1,0.2500722059798018,50
5295,0,9957,4270,5687,0,0,0,1.0,1,1.0,1,1.0,1,0.2714056786690866,49
5296,2,9959,4272,5687,0,0,0,1.0,1,1.0,1,1.0,1,0.3164367018786263,48
5297,1,9960,4273,5687,0,0,0,1.0,1,1.0,1,1.0,1,0.32288093671651985,46
5298,0,9960,4273,5687,0,0,0,1.0,1,1.0,1,1.0,1,0.32231149426209116,46
5299,0,9960,4273,5687,0,0,0,1.0,1,1.0,1,1.0,1,0.32374834598549523,47
5300,0,9960,4273,5687,0,0,0,1.0,1,1.0,1,1.0,1,0.3059692443746797,48
5301,1,9961,4274,5687,0,0,0,1.0,1,1.0,1,1.0,1,0.318381990110767,48
5302,6,9967,4278,5689,0,0,0,1.0,1,1.0,1,1.0,1,0.32340598425771266,49
5303,1,9968,4279,5689,0,0,0,1.0,1,1.0,1,1.0,1,0.3239912457997288,48
5304,1,9969,4280,5689,0,0,0,1.0,1,1.0,1,1.0,1,0.33734876291387644,48
5305,2,9971,4281,5690,0,0,0,1.0,1,1.0,1,1.0,1,0.3361409009057022,47
5306,2,9973,4283,5690,0,0,0,1.0,1,1.0,1,1.0,1,0.37191578054419777,48
5307,5,9978,4284,5694,0,0,0,1.0,1,1.0,1,1.0,1,0.33647707252365566,48
5308,2,9980,4285,5695,0,0,0,1.0,1,1.0,1,1.0,1,0.33506657582595173,47
5309,1,9981,4286,5695,0,0,0,1.0,1,1.0,1,1.0,1,0.37398545142980394,46
5310,2,9983,4287,5696,0,0,0,1.0,1,1.0,1,1.0,1,0.3751700627933623,46
5311,5,9988,4287,5701,0,0,0,1.0,1,1.0,1,1.0,1,0.3130540552094949,46
5312,4,9992,4288,5704,0,0,0,1.0,1,1.0,1,1.0,1,0.3049773792280567,46
5313,2,9994,4288,5706,0,0,0,1.0,1,1.0,1,1.0,1,0.28406339171342604,46
5314,2,9996,4288,5708,0,0,0,1.0,1,1.0,1,1.0,1,0.2639070229649508,46
5315,4,10000,4290,5710,0,0,0,1.0,1,1.0,1,1.0,1,0.3240290917107566,47
5316,2,10002,4290,5712,0,0,0,1.0,1,1.0,1,1.0,1,0.2903383311851336,48
5317,3,10005,4290,5715,0,0,0,1.0,1,1.0,1,1.0,1,0.25151571364179187,49
5318,4,10009,4290,5719,0,0,0,1.0,1,1.0,1,1.0,1,0.18305585545391087,49
5319,4,10013,4291,5722,0,0,0,1.0,1,1.0,1,1.0,1,0.17102359207560217,50
5320,5,10018,4292,5726,0,0,0,1.0,1,1.0,1,1.0,1,0.13542327388904243,51
5321,1,10019,4292,5727,0,0,0,1.0,1,1.0,1,1.0,1,0.13862402021483794,52
5322,0,10019,4292,5727,0,0,0,1.0,1,1.0,1,1.0,1,0.15326386559651747,53
5323,0,10019,4292,5727,0,0,0,1.0,1,1.0,1,1.0,1,0.14090020330124411,53
5324,1,10020,4293,5727,0,0,0,1.0,1,1.0,1,1.0,1,0.16561107782192722,55
5325,1,10021,4294,5727,0,0,0,1.0,1,1.0,1,1.0,1,0.17639161848320292,55
5326,2,10023,4294,5729,0,0,0,1.0,1,1.0,1,1.0,1,0.15660856605608134,55
5327,3,10026,4295,5731,0,0,0,1.0,1,1.0,1,1.0,1,0.15820479308550142,56
5328,1,10027,4295,5732,0,0,0,1.0,1,1.0,1,1.0,1,0.13564176653127982,57
5329,0,10027,4295,5732,0,0,0,1.0,1,1.0,1,1.0,1,0.13564176653127982,57
5330,1,10028,4296,5732,0,0,0,1.0,1,1.0,1,1.0,1,0.13844883431117505,56
5331,0,10028,4296,5732,0,0,0,1.0,1,1.0,1,1.0,1,0.148488496682819,57
5332,0,10028,4296,5732,0,0,0,1.0,1,1.0,1,1.0,1,0.14768175385596571,58
5333,1,10029,4297,5732,0,0,0,1.0,1,1.0,1,1.0,1,0.14453501176737799,59
5334,2,10031,4299,5732,0,0,0,1.0,1,1.0,1,1.0,1,0.15136596027549554,59
5335,1,10032,4300,5732,0,0,0,1.0,1,1.0,1,1.0,1,0.19586907487722385,58
5336,2,10034,4300,5734,0,0,0,1.0,1,1.0,1,1.0,1,0.21093015218116706,59
5337,2,10036,4300,5736,0,0,0,1.0,1,1.0,1,1.0,1,0.1943422898402709,60
5338,1,10037,4300,5737,0,0,0,1.0,1,1.0,1,1.0,1,0.1716701441239015,60
5339,0,10037,4300,5737,0,0,0,1.0,1,1.0,1,1.0,1,0.1716701441239015,60
5340,4,10041,4302,5739,0,0,0,1.0,1,1.0,1,1.0,1,0.21487481690292753,60
5341,2,10043,4302,5741,0,0,0,1.0,1,1.0,1,1.0,1,0.19623981621280245,61
5342,2,10045,4304,5741,0,0,0,1.0,1,1.0,1,1.0,1,0.23639052727704782,59
5343,1,10046,4304,5742,0,0,0,1.0,1,1.0,1,1.0,1,0.2184332085910379,58
5344,5,10051,4306,5745,0,0,0,1.0,1,1.0,1,1.0,1,0.24611640867653645,58
5345,3,10054,4308,5746,0,0,0,1.0,1,1.0,1,1.0,1,0.24553862576096952,54
5346,2,10056,4308,5748,0,0,0,1.0,1,1.0,1,1.0,1,0.22462580148748312,54
5347,2,10058,4310,5748,0,0,0,1.0,1,1.0,1,1.0,1,0.22912456459753225,54
5348,2,10060,4311,5749,0,0,0,1.0,1,1.0,1,1.0,1,0.23518864756646377,55
5349,3,10063,4312,5751,0,0,0,1.0,1,1.0,1,1.0,1,0.20992603348138997,56
5350,0,10063,4312,5751,0,0,0,1.0,1,1.0,1,1.0,1,0.23699301194789338,56
5351,1,10064,4313,5751,0,0,0,1.0,1,1.0,1,1.0,1,0.2311276873366642,57
5352,3,10067,4315,5752,0,0,0,1.0,1,1.0,1,1.0,1,0.23045161363721683,57
5353,0,10067,4315,5752,0,0,0,1.0,1,1.0,1,1.0,1,0.23045161363721683,57
5354,0,10067,4315,5752,0,0,0,1.0,1,1.0,1,1.0,1,0.2294758896417564,56
5355,2,10069,4317,5752,0,0,0,1.0,1,1.0,1,1.0,1,0.22247127657776103,57
5356,4,10073,4317,5756,0,0,0,1.0,1,1.0,1,1.0,1,0.16437308777308118,56
5357,0,10073,4317,5756,0,0,0,1.0,1,1.0,1,1.0,1,0.1793886143202752,56
5358,0,10073,4317,5756,0,0,0,1.0,1,1.0,1,1.0,1,0.17533203003891384,57
5359,0,10073,4317,5756,0,0,0,1.0,1,1.0,1,1.0,1,0.17533203003891384,57
5360,0,10073,4317,5756,0,0,0,1.0,1,1.0,1,1.0,1,0.19853375381587351,55
5361,2,10075,4318,5757,0,0,0,1.0,1,1.0,1,1.0,1,0.21778445713491307,56
5362,1,10076,4319,5757,0,0,0,1.0,1,1.0,1,1.0,1,0.23441043241459053,57
5363,0,10076,4319,5757,0,0,0,1.0,1,1.0,1,1.0,1,0.23441043241459053,57
5364,2,10078,4319,5759,0,0,0,1.0,1,1.0,1,1.0,1,0.22619445500254412,58
5365,1,10079,4320,5759,0,0,0,1.0,1,1.0,1,1.0,1,0.24030446563775137,59
5366,4,10083,4322,5761,0,0,0,1.0,1,1.0,1,1.0,1,0.25278083463556206,60
5367,4,10087,4323,5764,0,0,0,1.0,1,1.0,1,1.0,1,0.24618020599932924,60
5368,6,10093,4324,5769,0,0,0,1.0,1,1.0,1,1.0,1,0.18834675489915106,58
5369,1,10094,4324,5770,0,0,0,1.0,1,1.0,1,1.0,1,0.15223761308867226,58
5370,2,10096,4326,5770,0,0,0,1.0,1,1.0,1,1.0,1,0.15670282535339344,57
5371,3,10099,4328,5771,0,0,0,1.0,1,1.0,1,1.0,1,0.1622827106434734,56
5372,4,10103,4331,5772,0,0,0,1.0,1,1.0,1,1.0,1,0.20235790974193232,55
5373,6,10109,4334,5775,0,0,0,1.0,1,1.0,1,1.0,1,0.1979542210447747,54
5374,0,10109,4334,5775,0,0,0,1.0,1,1.0,1,1.0,1,0.21595684298276016,53
5375,2,10111,4335,5776,0,0,0,1.0,1,1.0,1,1.0,1,0.2416820068989985,52
5376,0,10111,4335,5776,0,0,0,1.0,1,1.0,1,1.0,1,0.22764786675259108,52
5377,1,10112,4336,5776,0,0,0,1.0,1,1.0,1,1.0,1,0.24337719670813404,51
5378,4,10116,4338,5778,0,0,0,1.0,1,1.0,1,1.0,1,0.24732779752293088,52
5379,1,10117,4339,5778,0,0,0,1.0,1,1.0,1,1.0,1,0.26007322797960736,50
5380,4,10121,4341,5780,0,0,0,1.0,1,1.0,1,1.0,1,0.27257733645400434,51
5381,1,10122,4342,5780,0,0,0,1.0,1,1.0,1,1.0,1,0.25137132612898466,50
5382,2,10124,4343,5781,0,0,0,1.0,1,1.0,1,1.0,1,0.21631313625318704,48
5383,1,10125,4343,5782,0,0,0,1.0,1,1.0,1,1.0,1,0.2020202456331695,48
5384,1,10126,4343,5783,0,0,0,1.0,1,1.0,1,1.0,1,0.1811298573090314,48
5385,0,10126,4343,5783,0,0,0,1.0,1,1.0,1,1.0,1,0.19272380120578345,47
5386,2,10128,4345,5783,0,0,0,1.0,1,1.0,1,1.0,1,0.21779367030395594,48
5387,0,10128,4345,5783,0,0,0,1.0,1,1.0,1,1.0,1,0.22092437296402068,48
5388,0,10128,4345,5783,0,0,0,1.0,1,1.0,1,1.0,1,0.22092437296402068,48
5389,0,10128,4345,5783,0,0,0,1.0,1,1.0,1,1.0,1,0.2099241292643936,50
5390,2,10130,4347,5783,0,0,0,1.0,1,1.0,1,1.0,1,0.21283527167776212,52
5391,2,10132,4348,5784,0,0,0,1.0,1,1.0,1,1.0,1,0.22155015968573524,52
5392,1,10133,4348,5785,0,0,0,1.0,1,1.0,1,1.0,1,0.21994755640061708,51
5393,2,10135,4350,5785,0,0,0,1.0,1,1.0,1,1.0,1,0.28520966569892425,50
5394,2,10137,4351,5786,0,0,0,1.0,1,1.0,1,1.0,1,0.28021586082386535,50
5395,5,10142,4354,5788,0,0,0,1.0,1,1.0,1,1.0,1,0.32540863167335915,49
5396,2,10144,4355,5789,0,0,0,1.0,1,1.0,1,1.0,1,0.3261177526080535,48
5397,2,10146,4357,5789,0,0,0,1.0,1,1.0,1,1.0,1,0.3767965329244951,48
5398,3,10149,4357,5792,0,0,0,1.0,1,1.0,1,1.0,1,0.36666801118129405,46
5399,3,10152,4359,5793,0,0,0,1.0,1,1.0,1,1.0,1,0.33819543310800937,46
5400,2,10154,4361,5793,0,0,0,1.0,1,1.0,1,1.0,1,0.3536779072823945,48
5401,6,10160,4361,5799,0,0,0,1.0,1,1.0,1,1.0,1,0.23396431869554102,49
5402,0,10160,4361,5799,0,0,0,1.0,1,1.0,1,1.0,1,0.0,0
