,SuccessfulHandoverCount,TotalSuccessfulHandoverCount,TotalSuccessfulHandoverCountRange,TotalSuccessfulHandoverCountLoadBalancing,TotalSuccessfulHandoverCountOverload,FailedHandoverCount,TotalFailedHandoverCount,AvgQoS,MinQoS,AvgQoS_LoadBased,MinQoS_LoadBased,AvgQoS_RangeBased,MinQoS_RangeBased,GiniLoad,VehicleCount
0,0,0,0,0,0,0,0,1.0,1,1.0,1,1.0,1,0.0,0
1,11,11,0,11,0,0,0,1.0,1,1.0,1,1.0,1,0.2655469490441757,26
2,9,20,0,20,0,0,0,1.0,1,1.0,1,1.0,1,0.16272410082778538,27
3,4,24,0,24,0,0,0,1.0,1,1.0,1,1.0,1,0.20302033641249814,28
4,4,28,0,28,0,0,0,1.0,1,1.0,1,1.0,1,0.17522474033099672,29
5,4,32,0,32,0,0,0,1.0,1,1.0,1,1.0,1,0.18433181406358987,29
6,5,37,0,37,0,0,0,1.0,1,1.0,1,1.0,1,0.2300087718693946,32
7,9,46,0,46,0,0,0,1.0,1,1.0,1,1.0,1,0.24131953011291885,33
8,18,64,0,64,0,0,0,1.0,1,1.0,1,1.0,1,0.18709365359979419,35
9,11,75,0,75,0,0,0,1.0,1,1.0,1,1.0,1,0.18527920089706748,35
10,7,82,0,82,0,0,0,1.0,1,1.0,1,1.0,1,0.12050118090937856,35
11,0,82,0,82,0,0,0,1.0,1,1.0,1,1.0,1,0.1168545475563996,35
12,0,82,0,82,0,0,0,1.0,1,1.0,1,1.0,1,0.11784144375287989,34
13,0,82,0,82,0,0,0,1.0,1,1.0,1,1.0,1,0.17867341499501987,32
14,4,86,4,82,0,0,0,1.0,1,1.0,1,1.0,1,0.23620454657947157,31
15,1,87,5,82,0,0,0,1.0,1,1.0,1,1.0,1,0.22466625583245448,30
16,0,87,5,82,0,0,0,1.0,1,1.0,1,1.0,1,0.26806655686779624,30
17,0,87,5,82,0,0,0,1.0,1,1.0,1,1.0,1,0.2913993603534905,29
18,1,88,6,82,0,0,0,1.0,1,1.0,1,1.0,1,0.31946820624242234,29
19,0,88,6,82,0,0,0,1.0,1,1.0,1,1.0,1,0.3176814746657377,28
20,0,88,6,82,0,0,0,1.0,1,1.0,1,1.0,1,0.3417980733634608,28
21,4,92,7,85,0,0,0,1.0,1,1.0,1,1.0,1,0.2866609219385815,28
22,2,94,9,85,0,0,0,1.0,1,1.0,1,1.0,1,0.3115039770811951,28
23,2,96,10,86,0,0,0,1.0,1,1.0,1,1.0,1,0.2583924457170409,27
24,2,98,12,86,0,0,0,1.0,1,1.0,1,1.0,1,0.31722608527622564,28
25,3,101,15,86,0,0,0,1.0,1,1.0,1,1.0,1,0.255207454714366,28
26,4,105,17,88,0,0,0,1.0,1,1.0,1,1.0,1,0.2100600565108441,30
27,2,107,18,89,0,0,0,1.0,1,1.0,1,1.0,1,0.1717944399325842,30
28,3,110,19,91,0,0,0,1.0,1,1.0,1,1.0,1,0.17479901373446688,31
29,0,110,19,91,0,0,0,1.0,1,1.0,1,1.0,1,0.17472399456413168,30
30,1,111,20,91,0,0,0,1.0,1,1.0,1,1.0,1,0.17602425756946558,30
31,0,111,20,91,0,0,0,1.0,1,1.0,1,1.0,1,0.18220523571672903,31
32,2,113,21,92,0,0,0,1.0,1,1.0,1,1.0,1,0.2081802993190559,31
33,2,115,23,92,0,0,0,1.0,1,1.0,1,1.0,1,0.2939018340004484,31
34,1,116,24,92,0,0,0,1.0,1,1.0,1,1.0,1,0.29314192390898447,29
35,0,116,24,92,0,0,0,1.0,1,1.0,1,1.0,1,0.2911744603447533,30
36,0,116,24,92,0,0,0,1.0,1,1.0,1,1.0,1,0.28811012454982315,30
37,2,118,24,94,0,0,0,1.0,1,1.0,1,1.0,1,0.27706210888779664,31
38,1,119,24,95,0,0,0,1.0,1,1.0,1,1.0,1,0.2769575495376485,32
39,1,120,24,96,0,0,0,1.0,1,1.0,1,1.0,1,0.2600927673253046,36
40,1,121,24,97,0,0,0,1.0,1,1.0,1,1.0,1,0.25992219533379707,37
41,4,125,24,101,0,0,0,1.0,1,1.0,1,1.0,1,0.1453269529405972,37
42,0,125,24,101,0,0,0,1.0,1,1.0,1,1.0,1,0.16571961260822726,38
43,2,127,26,101,0,0,0,1.0,1,1.0,1,1.0,1,0.21457638011624966,40
44,1,128,26,102,0,0,0,1.0,1,1.0,1,1.0,1,0.23230852705350838,39
45,2,130,27,103,0,0,0,1.0,1,1.0,1,1.0,1,0.2534922289111976,40
46,0,130,27,103,0,0,0,1.0,1,1.0,1,1.0,1,0.24116045600663263,39
47,1,131,28,103,0,0,0,1.0,1,1.0,1,1.0,1,0.2545711915721394,39
48,0,131,28,103,0,0,0,1.0,1,1.0,1,1.0,1,0.2545711915721394,39
49,0,131,28,103,0,0,0,1.0,1,1.0,1,1.0,1,0.2530194966387653,37
50,1,132,29,103,0,0,0,1.0,1,1.0,1,1.0,1,0.27348241841023324,35
51,1,133,29,104,0,0,0,1.0,1,1.0,1,1.0,1,0.2437912415659954,34
52,0,133,29,104,0,0,0,1.0,1,1.0,1,1.0,1,0.2548605199461504,34
53,2,135,30,105,0,0,0,1.0,1,1.0,1,1.0,1,0.26386814532164854,35
54,1,136,30,106,0,0,0,1.0,1,1.0,1,1.0,1,0.28512582536053704,36
55,4,140,32,108,0,0,0,1.0,1,1.0,1,1.0,1,0.25899341179910274,36
56,3,143,34,109,0,0,0,1.0,1,1.0,1,1.0,1,0.24172643513489914,36
57,2,145,34,111,0,0,0,1.0,1,1.0,1,1.0,1,0.19075027819832752,37
58,1,146,35,111,0,0,0,1.0,1,1.0,1,1.0,1,0.19475329238916755,38
59,1,147,36,111,0,0,0,1.0,1,1.0,1,1.0,1,0.20834888941779575,37
60,2,149,36,113,0,0,0,1.0,1,1.0,1,1.0,1,0.18800992447194337,38
61,1,150,36,114,0,0,0,1.0,1,1.0,1,1.0,1,0.1947954128742342,37
62,2,152,37,115,0,0,0,1.0,1,1.0,1,1.0,1,0.18329773261063811,39
63,1,153,38,115,0,0,0,1.0,1,1.0,1,1.0,1,0.20410964390113023,39
64,1,154,39,115,0,0,0,1.0,1,1.0,1,1.0,1,0.21939267982514324,38
65,2,156,41,115,0,0,0,1.0,1,1.0,1,1.0,1,0.24378484500930164,39
66,2,158,43,115,0,0,0,1.0,1,1.0,1,1.0,1,0.29907781131538236,39
67,0,158,43,115,0,0,0,1.0,1,1.0,1,1.0,1,0.3066010111813316,36
68,1,159,44,115,0,0,0,1.0,1,1.0,1,1.0,1,0.34713215004153625,36
69,2,161,44,117,0,0,0,1.0,1,1.0,1,1.0,1,0.3277012999561064,37
70,0,161,44,117,0,0,0,1.0,1,1.0,1,1.0,1,0.36714139720865363,36
71,4,165,45,120,0,0,0,1.0,1,1.0,1,1.0,1,0.28025386620892756,38
72,2,167,46,121,0,0,0,1.0,1,1.0,1,1.0,1,0.25939074301861575,38
73,2,169,46,123,0,0,0,1.0,1,1.0,1,1.0,1,0.2128715330355983,37
74,0,169,46,123,0,0,0,1.0,1,1.0,1,1.0,1,0.2107902718650945,38
75,1,170,47,123,0,0,0,1.0,1,1.0,1,1.0,1,0.2040952764735921,38
76,2,172,48,124,0,0,0,1.0,1,1.0,1,1.0,1,0.23221672309420485,39
77,1,173,48,125,0,0,0,1.0,1,1.0,1,1.0,1,0.2217993310976464,40
78,0,173,48,125,0,0,0,1.0,1,1.0,1,1.0,1,0.23441529015437979,41
79,0,173,48,125,0,0,0,1.0,1,1.0,1,1.0,1,0.23441529015437979,41
80,0,173,48,125,0,0,0,1.0,1,1.0,1,1.0,1,0.23441529015437979,41
81,2,175,49,126,0,0,0,1.0,1,1.0,1,1.0,1,0.28309191789405813,41
82,3,178,49,129,0,0,0,1.0,1,1.0,1,1.0,1,0.23551302350353284,44
83,1,179,49,130,0,0,0,1.0,1,1.0,1,1.0,1,0.22796145375975796,44
84,0,179,49,130,0,0,0,1.0,1,1.0,1,1.0,1,0.21969994930218262,45
85,0,179,49,130,0,0,0,1.0,1,1.0,1,1.0,1,0.21969994930218262,45
86,0,179,49,130,0,0,0,1.0,1,1.0,1,1.0,1,0.21969994930218262,45
87,1,180,50,130,0,0,0,1.0,1,1.0,1,1.0,1,0.26970365380408357,44
88,0,180,50,130,0,0,0,1.0,1,1.0,1,1.0,1,0.26970365380408357,44
89,1,181,51,130,0,0,0,1.0,1,1.0,1,1.0,1,0.27354512126642266,43
90,1,182,51,131,0,0,0,1.0,1,1.0,1,1.0,1,0.3167280872161023,44
91,2,184,52,132,0,0,0,1.0,1,1.0,1,1.0,1,0.3214442730549014,44
92,0,184,52,132,0,0,0,1.0,1,1.0,1,1.0,1,0.30723071300939975,43
93,0,184,52,132,0,0,0,1.0,1,1.0,1,1.0,1,0.32292753184950707,44
94,1,185,53,132,0,0,0,1.0,1,1.0,1,1.0,1,0.3473535991622457,44
95,1,186,53,133,0,0,0,1.0,1,1.0,1,1.0,1,0.3219075949255303,43
96,0,186,53,133,0,0,0,1.0,1,1.0,1,1.0,1,0.3287088959383539,44
97,0,186,53,133,0,0,0,1.0,1,1.0,1,1.0,1,0.3287088959383539,44
98,0,186,53,133,0,0,0,1.0,1,1.0,1,1.0,1,0.3565979493417763,43
99,0,186,53,133,0,0,0,1.0,1,1.0,1,1.0,1,0.3565979493417763,43
100,2,188,53,135,0,0,0,1.0,1,1.0,1,1.0,1,0.33144637916490977,47
101,3,191,53,138,0,0,0,1.0,1,1.0,1,1.0,1,0.289875744333664,47
102,1,192,54,138,0,0,0,1.0,1,1.0,1,1.0,1,0.30582809869315725,47
103,3,195,57,138,0,0,0,1.0,1,1.0,1,1.0,1,0.29108704112739137,46
104,2,197,59,138,0,0,0,1.0,1,1.0,1,1.0,1,0.3107450420930257,45
105,4,201,61,140,0,0,0,1.0,1,1.0,1,1.0,1,0.28257065371858636,44
106,4,205,65,140,0,0,0,1.0,1,1.0,1,1.0,1,0.30600442823317736,45
107,1,206,66,140,0,0,0,1.0,1,1.0,1,1.0,1,0.29162437464114505,44
108,4,210,67,143,0,0,0,1.0,1,1.0,1,1.0,1,0.22433285798161232,46
109,2,212,68,144,0,0,0,1.0,1,1.0,1,1.0,1,0.19006350128162497,46
110,4,216,70,146,0,0,0,1.0,1,1.0,1,1.0,1,0.17055348734680267,46
111,3,219,71,148,0,0,0,1.0,1,1.0,1,1.0,1,0.15271677243803877,46
112,2,221,73,148,0,0,0,1.0,1,1.0,1,1.0,1,0.16149382771458723,46
113,0,221,73,148,0,0,0,1.0,1,1.0,1,1.0,1,0.15407984077691758,46
114,1,222,74,148,0,0,0,1.0,1,1.0,1,1.0,1,0.14392927975756092,46
115,1,223,75,148,0,0,0,1.0,1,1.0,1,1.0,1,0.18427229733098352,47
116,4,227,78,149,0,0,0,1.0,1,1.0,1,1.0,1,0.23449440984306114,47
117,1,228,79,149,0,0,0,1.0,1,1.0,1,1.0,1,0.25908877075140857,45
118,1,229,80,149,0,0,0,1.0,1,1.0,1,1.0,1,0.2642321978109345,46
119,1,230,80,150,0,0,0,1.0,1,1.0,1,1.0,1,0.27298714468799473,46
120,1,231,81,150,0,0,0,1.0,1,1.0,1,1.0,1,0.25579716868444635,47
121,7,238,82,156,0,0,0,1.0,1,1.0,1,1.0,1,0.1135413415864549,46
122,0,238,82,156,0,0,0,1.0,1,1.0,1,1.0,1,0.1135413415864549,46
123,0,238,82,156,0,0,0,1.0,1,1.0,1,1.0,1,0.13509689973053396,45
124,1,239,82,157,0,0,0,1.0,1,1.0,1,1.0,1,0.11929367356537296,46
125,2,241,84,157,0,0,0,1.0,1,1.0,1,1.0,1,0.14535425512582253,44
126,0,241,84,157,0,0,0,1.0,1,1.0,1,1.0,1,0.1500583362308362,45
127,3,244,85,159,0,0,0,1.0,1,1.0,1,1.0,1,0.16011026852021173,45
128,0,244,85,159,0,0,0,1.0,1,1.0,1,1.0,1,0.17093844098140432,46
129,1,245,85,160,0,0,0,1.0,1,1.0,1,1.0,1,0.1613862794038227,48
130,2,247,86,161,0,0,0,1.0,1,1.0,1,1.0,1,0.19141634242874006,48
131,1,248,86,162,0,0,0,1.0,1,1.0,1,1.0,1,0.17476100520113733,49
132,5,253,88,165,0,0,0,1.0,1,1.0,1,1.0,1,0.1675759217221859,51
133,5,258,91,167,0,0,0,1.0,1,1.0,1,1.0,1,0.183253865221261,49
134,1,259,91,168,0,0,0,1.0,1,1.0,1,1.0,1,0.17308321666914875,49
135,0,259,91,168,0,0,0,1.0,1,1.0,1,1.0,1,0.17583624069642675,49
136,5,264,94,170,0,0,0,1.0,1,1.0,1,1.0,1,0.18675581928302884,48
137,1,265,94,171,0,0,0,1.0,1,1.0,1,1.0,1,0.1966365984406113,47
138,2,267,95,172,0,0,0,1.0,1,1.0,1,1.0,1,0.2097860021001962,48
139,4,271,97,174,0,0,0,1.0,1,1.0,1,1.0,1,0.18421022524724623,48
140,3,274,99,175,0,0,0,1.0,1,1.0,1,1.0,1,0.19200830650391681,49
141,3,277,100,177,0,0,0,1.0,1,1.0,1,1.0,1,0.14306172761530592,49
142,2,279,102,177,0,0,0,1.0,1,1.0,1,1.0,1,0.1687010228155579,49
143,1,280,103,177,0,0,0,1.0,1,1.0,1,1.0,1,0.15972589708324647,47
144,2,282,105,177,0,0,0,1.0,1,1.0,1,1.0,1,0.1741582677020696,46
145,0,282,105,177,0,0,0,1.0,1,1.0,1,1.0,1,0.15994427191616517,44
146,2,284,107,177,0,0,0,1.0,1,1.0,1,1.0,1,0.18916735134039683,44
147,2,286,108,178,0,0,0,1.0,1,1.0,1,1.0,1,0.18281968581596056,43
148,1,287,109,178,0,0,0,1.0,1,1.0,1,1.0,1,0.21715480819500546,43
149,1,288,110,178,0,0,0,1.0,1,1.0,1,1.0,1,0.2379858124791149,43
150,0,288,110,178,0,0,0,1.0,1,1.0,1,1.0,1,0.22300545178033512,42
151,1,289,111,178,0,0,0,1.0,1,1.0,1,1.0,1,0.23282557175021285,42
152,1,290,112,178,0,0,0,1.0,1,1.0,1,1.0,1,0.25002841430665695,42
153,1,291,112,179,0,0,0,1.0,1,1.0,1,1.0,1,0.24771436321805246,42
154,2,293,114,179,0,0,0,1.0,1,1.0,1,1.0,1,0.32041609196463644,43
155,2,295,114,181,0,0,0,1.0,1,1.0,1,1.0,1,0.3065156252331605,43
156,0,295,114,181,0,0,0,1.0,1,1.0,1,1.0,1,0.2919494098272577,42
157,3,298,114,184,0,0,0,1.0,1,1.0,1,1.0,1,0.25448670681220537,41
158,4,302,116,186,0,0,0,1.0,1,1.0,1,1.0,1,0.2446929436580977,42
159,0,302,116,186,0,0,0,1.0,1,1.0,1,1.0,1,0.24981728709564777,43
160,7,309,119,190,0,0,0,1.0,1,1.0,1,1.0,1,0.2386134251792159,44
161,4,313,120,193,0,0,0,1.0,1,1.0,1,1.0,1,0.22959603653094127,44
162,2,315,121,194,0,0,0,1.0,1,1.0,1,1.0,1,0.22047729922221793,45
163,5,320,124,196,0,0,0,1.0,1,1.0,1,1.0,1,0.24874861946597646,43
164,1,321,125,196,0,0,0,1.0,1,1.0,1,1.0,1,0.26990745341392886,42
165,4,325,127,198,0,0,0,1.0,1,1.0,1,1.0,1,0.23380644769070946,42
166,0,325,127,198,0,0,0,1.0,1,1.0,1,1.0,1,0.23722417273820015,42
167,3,328,130,198,0,0,0,1.0,1,1.0,1,1.0,1,0.23358990819683687,41
168,0,328,130,198,0,0,0,1.0,1,1.0,1,1.0,1,0.2190993089597373,40
169,1,329,131,198,0,0,0,1.0,1,1.0,1,1.0,1,0.158329732558576,40
170,0,329,131,198,0,0,0,1.0,1,1.0,1,1.0,1,0.17291776627011474,38
171,2,331,131,200,0,0,0,1.0,1,1.0,1,1.0,1,0.12396451264718357,37
172,2,333,133,200,0,0,0,1.0,1,1.0,1,1.0,1,0.22821319679715,35
173,4,337,135,202,0,0,0,1.0,1,1.0,1,1.0,1,0.2694667894905365,36
174,1,338,136,202,0,0,0,1.0,1,1.0,1,1.0,1,0.2328530423135584,34
175,0,338,136,202,0,0,0,1.0,1,1.0,1,1.0,1,0.25578837902555335,33
176,1,339,136,203,0,0,0,1.0,1,1.0,1,1.0,1,0.22448019087593965,34
177,1,340,137,203,0,0,0,1.0,1,1.0,1,1.0,1,0.15022672515130175,36
178,1,341,138,203,0,0,0,1.0,1,1.0,1,1.0,1,0.1518083760439039,37
179,0,341,138,203,0,0,0,1.0,1,1.0,1,1.0,1,0.1518083760439039,37
180,0,341,138,203,0,0,0,1.0,1,1.0,1,1.0,1,0.1677947114958283,36
181,0,341,138,203,0,0,0,1.0,1,1.0,1,1.0,1,0.1677947114958283,36
182,1,342,139,203,0,0,0,1.0,1,1.0,1,1.0,1,0.19158003112782465,38
183,2,344,140,204,0,0,0,1.0,1,1.0,1,1.0,1,0.1621084833180901,37
184,4,348,143,205,0,0,0,1.0,1,1.0,1,1.0,1,0.21977450815863298,36
185,0,348,143,205,0,0,0,1.0,1,1.0,1,1.0,1,0.21433940926319062,35
186,1,349,144,205,0,0,0,1.0,1,1.0,1,1.0,1,0.2551234633283378,34
187,2,351,146,205,0,0,0,1.0,1,1.0,1,1.0,1,0.27914023731189297,33
188,1,352,147,205,0,0,0,1.0,1,1.0,1,1.0,1,0.27108073653209797,33
189,5,357,151,206,0,0,0,1.0,1,1.0,1,1.0,1,0.3455091848728311,33
190,1,358,151,207,0,0,0,1.0,1,1.0,1,1.0,1,0.32487076159493355,32
191,2,360,152,208,0,0,0,1.0,1,1.0,1,1.0,1,0.32107984276769813,34
192,1,361,152,209,0,0,0,1.0,1,1.0,1,1.0,1,0.3009381671322097,34
193,0,361,152,209,0,0,0,1.0,1,1.0,1,1.0,1,0.28699951911595406,35
194,1,362,152,210,0,0,0,1.0,1,1.0,1,1.0,1,0.2806162312625804,37
195,0,362,152,210,0,0,0,1.0,1,1.0,1,1.0,1,0.2835175282856781,36
196,1,363,152,211,0,0,0,1.0,1,1.0,1,1.0,1,0.2303336016656144,36
197,1,364,153,211,0,0,0,1.0,1,1.0,1,1.0,1,0.26300870410323873,37
198,1,365,153,212,0,0,0,1.0,1,1.0,1,1.0,1,0.24436892252728895,37
199,1,366,154,212,0,0,0,1.0,1,1.0,1,1.0,1,0.2558929199359573,37
200,2,368,155,213,0,0,0,1.0,1,1.0,1,1.0,1,0.21795631371319435,37
201,0,368,155,213,0,0,0,1.0,1,1.0,1,1.0,1,0.18803947291576725,36
202,1,369,156,213,0,0,0,1.0,1,1.0,1,1.0,1,0.17289351406300998,36
203,1,370,157,213,0,0,0,1.0,1,1.0,1,1.0,1,0.1977354450308442,35
204,4,374,159,215,0,0,0,1.0,1,1.0,1,1.0,1,0.24623354913364523,35
205,5,379,162,217,0,0,0,1.0,1,1.0,1,1.0,1,0.263948621026457,35
206,2,381,163,218,0,0,0,1.0,1,1.0,1,1.0,1,0.28726749712169475,34
207,0,381,163,218,0,0,0,1.0,1,1.0,1,1.0,1,0.309694967871449,34
208,2,383,164,219,0,0,0,1.0,1,1.0,1,1.0,1,0.3064518785222984,33
209,2,385,164,221,0,0,0,1.0,1,1.0,1,1.0,1,0.32720034776628537,33
210,6,391,167,224,0,0,0,1.0,1,1.0,1,1.0,1,0.3273146905633787,34
211,2,393,168,225,0,0,0,1.0,1,1.0,1,1.0,1,0.34552339152370504,33
212,1,394,168,226,0,0,0,1.0,1,1.0,1,1.0,1,0.3012956757952937,33
213,1,395,168,227,0,0,0,1.0,1,1.0,1,1.0,1,0.279177159862308,35
214,2,397,170,227,0,0,0,1.0,1,1.0,1,1.0,1,0.25348795590754303,34
215,2,399,171,228,0,0,0,1.0,1,1.0,1,1.0,1,0.21464892868298455,35
216,1,400,172,228,0,0,0,1.0,1,1.0,1,1.0,1,0.21273268610806328,36
217,3,403,173,230,0,0,0,1.0,1,1.0,1,1.0,1,0.18296340642298767,36
218,4,407,176,231,0,0,0,1.0,1,1.0,1,1.0,1,0.27825436234445483,36
219,4,411,176,235,0,0,0,1.0,1,1.0,1,1.0,1,0.22657527805744204,37
220,1,412,176,236,0,0,0,1.0,1,1.0,1,1.0,1,0.2410219748992647,38
221,3,415,176,239,0,0,0,1.0,1,1.0,1,1.0,1,0.1897629940001059,37
222,1,416,177,239,0,0,0,1.0,1,1.0,1,1.0,1,0.2020349177158516,38
223,3,419,179,240,0,0,0,1.0,1,1.0,1,1.0,1,0.22904761701125081,38
224,6,425,182,243,0,0,0,1.0,1,1.0,1,1.0,1,0.22998013400605738,38
225,0,425,182,243,0,0,0,1.0,1,1.0,1,1.0,1,0.22928586827503772,36
226,0,425,182,243,0,0,0,1.0,1,1.0,1,1.0,1,0.24567970474165085,37
227,2,427,184,243,0,0,0,1.0,1,1.0,1,1.0,1,0.25132849705422056,35
228,1,428,185,243,0,0,0,1.0,1,1.0,1,1.0,1,0.2478592528318045,35
229,3,431,188,243,0,0,0,1.0,1,1.0,1,1.0,1,0.2424417019575132,35
230,4,435,192,243,0,0,0,1.0,1,1.0,1,1.0,1,0.28422480734493666,35
231,5,440,195,245,0,0,0,1.0,1,1.0,1,1.0,1,0.1571337949540039,35
232,2,442,197,245,0,0,0,1.0,1,1.0,1,1.0,1,0.2252787885841261,36
233,2,444,197,247,0,0,0,1.0,1,1.0,1,1.0,1,0.1594949049825074,36
234,0,444,197,247,0,0,0,1.0,1,1.0,1,1.0,1,0.1608566805346065,34
235,2,446,199,247,0,0,0,1.0,1,1.0,1,1.0,1,0.22120502334193745,33
236,0,446,199,247,0,0,0,1.0,1,1.0,1,1.0,1,0.21405778422078908,31
237,1,447,199,248,0,0,0,1.0,1,1.0,1,1.0,1,0.1710107497722349,32
238,2,449,201,248,0,0,0,1.0,1,1.0,1,1.0,1,0.22280781836764818,31
239,1,450,202,248,0,0,0,1.0,1,1.0,1,1.0,1,0.20022511100843554,30
240,2,452,204,248,0,0,0,1.0,1,1.0,1,1.0,1,0.24434439585368756,27
241,2,454,205,249,0,0,0,1.0,1,1.0,1,1.0,1,0.2393624046952228,27
242,2,456,205,251,0,0,0,1.0,1,1.0,1,1.0,1,0.20692733967660948,28
243,0,456,205,251,0,0,0,1.0,1,1.0,1,1.0,1,0.20692733967660948,28
244,1,457,206,251,0,0,0,1.0,1,1.0,1,1.0,1,0.28222319681384656,27
245,1,458,207,251,0,0,0,1.0,1,1.0,1,1.0,1,0.33217989747419896,27
246,2,460,209,251,0,0,0,1.0,1,1.0,1,1.0,1,0.3526491765331361,25
247,0,460,209,251,0,0,0,1.0,1,1.0,1,1.0,1,0.3310676708071494,24
248,0,460,209,251,0,0,0,1.0,1,1.0,1,1.0,1,0.32784647086506996,24
249,1,461,210,251,0,0,0,1.0,1,1.0,1,1.0,1,0.41197011117710036,25
250,2,463,210,253,0,0,0,1.0,1,1.0,1,1.0,1,0.32190783587340205,27
251,1,464,210,254,0,0,0,1.0,1,1.0,1,1.0,1,0.28314422779982756,27
252,0,464,210,254,0,0,0,1.0,1,1.0,1,1.0,1,0.28314422779982756,27
253,0,464,210,254,0,0,0,1.0,1,1.0,1,1.0,1,0.31201364167699863,29
254,2,466,212,254,0,0,0,1.0,1,1.0,1,1.0,1,0.28171909508739096,30
255,2,468,213,255,0,0,0,1.0,1,1.0,1,1.0,1,0.30368637457019154,31
256,2,470,215,255,0,0,0,1.0,1,1.0,1,1.0,1,0.2768774116885704,31
257,1,471,215,256,0,0,0,1.0,1,1.0,1,1.0,1,0.2735654355973526,33
258,1,472,216,256,0,0,0,1.0,1,1.0,1,1.0,1,0.2795386733068624,33
259,0,472,216,256,0,0,0,1.0,1,1.0,1,1.0,1,0.2795386733068624,33
260,3,475,218,257,0,0,0,1.0,1,1.0,1,1.0,1,0.28307077127127916,35
261,2,477,219,258,0,0,0,1.0,1,1.0,1,1.0,1,0.3042590572567103,35
262,1,478,220,258,0,0,0,1.0,1,1.0,1,1.0,1,0.3455637241748878,35
263,0,478,220,258,0,0,0,1.0,1,1.0,1,1.0,1,0.3486816071300259,34
264,2,480,222,258,0,0,0,1.0,1,1.0,1,1.0,1,0.4234804061773753,32
265,4,484,224,260,0,0,0,1.0,1,1.0,1,1.0,1,0.3873661984875471,30
266,0,484,224,260,0,0,0,1.0,1,1.0,1,1.0,1,0.37377817580748773,31
267,1,485,225,260,0,0,0,1.0,1,1.0,1,1.0,1,0.40261645429737725,30
268,1,486,225,261,0,0,0,1.0,1,1.0,1,1.0,1,0.41922058685648805,31
269,1,487,226,261,0,0,0,1.0,1,1.0,1,1.0,1,0.40858600779911014,31
270,3,490,227,263,0,0,0,1.0,1,1.0,1,1.0,1,0.4177764404573711,32
271,2,492,228,264,0,0,0,1.0,1,1.0,1,1.0,1,0.4069564708864045,31
272,2,494,229,265,0,0,0,1.0,1,1.0,1,1.0,1,0.46043153462482367,32
273,3,497,229,268,0,0,0,1.0,1,1.0,1,1.0,1,0.3913911060952588,32
274,1,498,230,268,0,0,0,1.0,1,1.0,1,1.0,1,0.3973875931309668,32
275,0,498,230,268,0,0,0,1.0,1,1.0,1,1.0,1,0.3684421966902465,33
276,5,503,232,271,0,0,0,1.0,1,1.0,1,1.0,1,0.38116292785549943,34
277,1,504,233,271,0,0,0,1.0,1,1.0,1,1.0,1,0.33962374306018095,32
278,1,505,234,271,0,0,0,1.0,1,1.0,1,1.0,1,0.3264165811933346,31
279,0,505,234,271,0,0,0,1.0,1,1.0,1,1.0,1,0.29775565232157364,31
280,1,506,234,272,0,0,0,1.0,1,1.0,1,1.0,1,0.2772583314033922,30
281,4,510,234,276,0,0,0,1.0,1,1.0,1,1.0,1,0.15581073562163164,31
282,1,511,234,277,0,0,0,1.0,1,1.0,1,1.0,1,0.1150497162896648,30
283,1,512,234,278,0,0,0,1.0,1,1.0,1,1.0,1,0.0957602587427183,31
284,1,513,235,278,0,0,0,1.0,1,1.0,1,1.0,1,0.1567380257808897,31
285,2,515,237,278,0,0,0,1.0,1,1.0,1,1.0,1,0.26240683393327835,31
286,1,516,237,279,0,0,0,1.0,1,1.0,1,1.0,1,0.22462856140023751,31
287,1,517,237,280,0,0,0,1.0,1,1.0,1,1.0,1,0.20935068602996298,33
288,1,518,237,281,0,0,0,1.0,1,1.0,1,1.0,1,0.19171734899554077,32
289,1,519,238,281,0,0,0,1.0,1,1.0,1,1.0,1,0.21932082882486653,32
290,0,519,238,281,0,0,0,1.0,1,1.0,1,1.0,1,0.20859467337559717,31
291,1,520,239,281,0,0,0,1.0,1,1.0,1,1.0,1,0.20872387911575516,30
292,1,521,239,282,0,0,0,1.0,1,1.0,1,1.0,1,0.16657450274776855,32
293,0,521,239,282,0,0,0,1.0,1,1.0,1,1.0,1,0.16657450274776855,32
294,0,521,239,282,0,0,0,1.0,1,1.0,1,1.0,1,0.16657450274776855,32
295,0,521,239,282,0,0,0,1.0,1,1.0,1,1.0,1,0.20030707347929663,34
296,1,522,240,282,0,0,0,1.0,1,1.0,1,1.0,1,0.1680120393748269,34
297,1,523,241,282,0,0,0,1.0,1,1.0,1,1.0,1,0.1653791744512505,34
298,1,524,241,283,0,0,0,1.0,1,1.0,1,1.0,1,0.16893988221749917,35
299,1,525,241,284,0,0,0,1.0,1,1.0,1,1.0,1,0.18660271312371768,35
300,1,526,242,284,0,0,0,1.0,1,1.0,1,1.0,1,0.20660389181355643,35
301,0,526,242,284,0,0,0,1.0,1,1.0,1,1.0,1,0.22914526698761914,38
302,2,528,244,284,0,0,0,1.0,1,1.0,1,1.0,1,0.27383332806030297,38
303,3,531,247,284,0,0,0,1.0,1,1.0,1,1.0,1,0.2653156840529095,37
304,4,535,248,287,0,0,0,1.0,1,1.0,1,1.0,1,0.2858957253617644,37
305,3,538,250,288,0,0,0,1.0,1,1.0,1,1.0,1,0.3333531370872852,36
306,5,543,250,293,0,0,0,1.0,1,1.0,1,1.0,1,0.2923461921794643,36
307,1,544,250,294,0,0,0,1.0,1,1.0,1,1.0,1,0.30102592657006355,35
308,1,545,251,294,0,0,0,1.0,1,1.0,1,1.0,1,0.2750572500054946,37
309,0,545,251,294,0,0,0,1.0,1,1.0,1,1.0,1,0.2750572500054946,37
310,0,545,251,294,0,0,0,1.0,1,1.0,1,1.0,1,0.2750572500054946,37
311,4,549,251,298,0,0,0,1.0,1,1.0,1,1.0,1,0.18870945887731355,39
312,0,549,251,298,0,0,0,1.0,1,1.0,1,1.0,1,0.20124061203667695,40
313,0,549,251,298,0,0,0,1.0,1,1.0,1,1.0,1,0.19051213935774086,39
314,0,549,251,298,0,0,0,1.0,1,1.0,1,1.0,1,0.2027454050893456,40
315,1,550,252,298,0,0,0,1.0,1,1.0,1,1.0,1,0.26011988283204296,39
316,0,550,252,298,0,0,0,1.0,1,1.0,1,1.0,1,0.26011988283204296,39
317,0,550,252,298,0,0,0,1.0,1,1.0,1,1.0,1,0.25765399309460807,40
318,0,550,252,298,0,0,0,1.0,1,1.0,1,1.0,1,0.2763979964108358,41
319,1,551,252,299,0,0,0,1.0,1,1.0,1,1.0,1,0.26260504029281834,41
320,1,552,253,299,0,0,0,1.0,1,1.0,1,1.0,1,0.27876910186548326,41
321,2,554,253,301,0,0,0,1.0,1,1.0,1,1.0,1,0.2331556141425807,41
322,3,557,255,302,0,0,0,1.0,1,1.0,1,1.0,1,0.19922298283440656,41
323,0,557,255,302,0,0,0,1.0,1,1.0,1,1.0,1,0.19922298283440656,41
324,4,561,257,304,0,0,0,1.0,1,1.0,1,1.0,1,0.2197670486721661,42
325,1,562,258,304,0,0,0,1.0,1,1.0,1,1.0,1,0.23782075699594704,42
326,2,564,259,305,0,0,0,1.0,1,1.0,1,1.0,1,0.2740549067967481,42
327,2,566,259,307,0,0,0,1.0,1,1.0,1,1.0,1,0.2766184991539458,42
328,1,567,259,308,0,0,0,1.0,1,1.0,1,1.0,1,0.28849886608508546,43
329,2,569,259,310,0,0,0,1.0,1,1.0,1,1.0,1,0.28849886608508546,43
330,3,572,259,313,0,0,0,1.0,1,1.0,1,1.0,1,0.25616390669935724,45
331,5,577,259,318,0,0,0,1.0,1,1.0,1,1.0,1,0.1798385867442022,45
332,0,577,259,318,0,0,0,1.0,1,1.0,1,1.0,1,0.1869123286323328,45
333,0,577,259,318,0,0,0,1.0,1,1.0,1,1.0,1,0.19473773108482906,46
334,0,577,259,318,0,0,0,1.0,1,1.0,1,1.0,1,0.18504878880727266,48
335,0,577,259,318,0,0,0,1.0,1,1.0,1,1.0,1,0.18504878880727266,48
336,1,578,260,318,0,0,0,1.0,1,1.0,1,1.0,1,0.1912173189985108,48
337,1,579,260,319,0,0,0,1.0,1,1.0,1,1.0,1,0.1826404485627366,49
338,3,582,261,321,0,0,0,1.0,1,1.0,1,1.0,1,0.13411257247251024,50
339,0,582,261,321,0,0,0,1.0,1,1.0,1,1.0,1,0.13411257247251024,50
340,0,582,261,321,0,0,0,1.0,1,1.0,1,1.0,1,0.13411257247251024,50
341,1,583,261,322,0,0,0,1.0,1,1.0,1,1.0,1,0.1016047517527716,51
342,1,584,262,322,0,0,0,1.0,1,1.0,1,1.0,1,0.13696479412215373,51
343,0,584,262,322,0,0,0,1.0,1,1.0,1,1.0,1,0.13541069897014396,51
344,0,584,262,322,0,0,0,1.0,1,1.0,1,1.0,1,0.12909363957484615,50
345,1,585,263,322,0,0,0,1.0,1,1.0,1,1.0,1,0.13978445684885293,51
346,1,586,263,323,0,0,0,1.0,1,1.0,1,1.0,1,0.14578796165606073,51
347,3,589,266,323,0,0,0,1.0,1,1.0,1,1.0,1,0.17934896677035986,51
348,3,592,268,324,0,0,0,1.0,1,1.0,1,1.0,1,0.2082603324684243,53
349,1,593,268,325,0,0,0,1.0,1,1.0,1,1.0,1,0.18582107771157666,55
350,0,593,268,325,0,0,0,1.0,1,1.0,1,1.0,1,0.19596641153182345,54
351,7,600,272,328,0,0,0,1.0,1,1.0,1,1.0,1,0.164621975325127,54
352,2,602,273,329,0,0,0,1.0,1,1.0,1,1.0,1,0.17225970729307358,53
353,3,605,276,329,0,0,0,1.0,1,1.0,1,1.0,1,0.19114668992665795,53
354,0,605,276,329,0,0,0,1.0,1,1.0,1,1.0,1,0.223964877425793,50
355,0,605,276,329,0,0,0,1.0,1,1.0,1,1.0,1,0.2480050647928206,51
356,2,607,278,329,0,0,0,1.0,1,1.0,1,1.0,1,0.28137637025429296,51
357,4,611,281,330,0,0,0,1.0,1,1.0,1,1.0,1,0.26242674801295235,50
358,1,612,282,330,0,0,0,1.0,1,1.0,1,1.0,1,0.28937526585708095,48
359,1,613,283,330,0,0,0,1.0,1,1.0,1,1.0,1,0.2987216396854051,47
360,2,615,283,332,0,0,0,1.0,1,1.0,1,1.0,1,0.27683109079858653,45
361,2,617,284,333,0,0,0,1.0,1,1.0,1,1.0,1,0.2853976475120851,44
362,0,617,284,333,0,0,0,1.0,1,1.0,1,1.0,1,0.2841230925475612,44
363,2,619,285,334,0,0,0,1.0,1,1.0,1,1.0,1,0.26520009645680737,44
364,0,619,285,334,0,0,0,1.0,1,1.0,1,1.0,1,0.2701777572764122,43
365,3,622,287,335,0,0,0,1.0,1,1.0,1,1.0,1,0.2572106987719336,43
366,1,623,288,335,0,0,0,1.0,1,1.0,1,1.0,1,0.29099541295875836,45
367,1,624,288,336,0,0,0,1.0,1,1.0,1,1.0,1,0.29870405612411755,44
368,1,625,289,336,0,0,0,1.0,1,1.0,1,1.0,1,0.2699743576150303,46
369,1,626,290,336,0,0,0,1.0,1,1.0,1,1.0,1,0.3162626235427659,45
370,0,626,290,336,0,0,0,1.0,1,1.0,1,1.0,1,0.3160237552523462,46
371,4,630,290,340,0,0,0,1.0,1,1.0,1,1.0,1,0.2691779426925513,47
372,0,630,290,340,0,0,0,1.0,1,1.0,1,1.0,1,0.275549245740056,48
373,3,633,290,343,0,0,0,1.0,1,1.0,1,1.0,1,0.25221021707391844,48
374,2,635,291,344,0,0,0,1.0,1,1.0,1,1.0,1,0.24584025105213742,49
375,4,639,291,348,0,0,0,1.0,1,1.0,1,1.0,1,0.18835876901520407,49
376,1,640,292,348,0,0,0,1.0,1,1.0,1,1.0,1,0.18297187993534855,49
377,2,642,294,348,0,0,0,1.0,1,1.0,1,1.0,1,0.20018772175156874,49
378,4,646,296,350,0,0,0,1.0,1,1.0,1,1.0,1,0.17120104334848688,49
379,1,647,297,350,0,0,0,1.0,1,1.0,1,1.0,1,0.1813707380015177,50
380,2,649,298,351,0,0,0,1.0,1,1.0,1,1.0,1,0.20284590529535967,50
381,4,653,299,354,0,0,0,1.0,1,1.0,1,1.0,1,0.16552526784440186,51
382,1,654,300,354,0,0,0,1.0,1,1.0,1,1.0,1,0.17407367809674576,50
383,1,655,301,354,0,0,0,1.0,1,1.0,1,1.0,1,0.18051262941519006,51
384,0,655,301,354,0,0,0,1.0,1,1.0,1,1.0,1,0.21177088965711516,50
385,1,656,302,354,0,0,0,1.0,1,1.0,1,1.0,1,0.2038467997700164,50
386,0,656,302,354,0,0,0,1.0,1,1.0,1,1.0,1,0.22185152702452912,48
387,1,657,302,355,0,0,0,1.0,1,1.0,1,1.0,1,0.2361905126582846,47
388,4,661,304,357,0,0,0,1.0,1,1.0,1,1.0,1,0.21264630962711942,48
389,0,661,304,357,0,0,0,1.0,1,1.0,1,1.0,1,0.2257127631819421,47
390,0,661,304,357,0,0,0,1.0,1,1.0,1,1.0,1,0.2175791545183519,49
391,3,664,306,358,0,0,0,1.0,1,1.0,1,1.0,1,0.2084917704046372,46
392,1,665,307,358,0,0,0,1.0,1,1.0,1,1.0,1,0.24554221264161463,46
393,5,670,311,359,0,0,0,1.0,1,1.0,1,1.0,1,0.30563988587664914,44
394,6,676,313,363,0,0,0,1.0,1,1.0,1,1.0,1,0.2748324829301156,43
395,0,676,313,363,0,0,0,1.0,1,1.0,1,1.0,1,0.2795076479909269,42
396,1,677,314,363,0,0,0,1.0,1,1.0,1,1.0,1,0.4088389128812611,39
397,5,682,316,366,0,0,0,1.0,1,1.0,1,1.0,1,0.40762461993127413,39
398,0,682,316,366,0,0,0,1.0,1,1.0,1,1.0,1,0.418812457025522,36
399,0,682,316,366,0,0,0,1.0,1,1.0,1,1.0,1,0.418812457025522,36
400,3,685,318,367,0,0,0,1.0,1,1.0,1,1.0,1,0.39642994914393265,34
401,5,690,319,371,0,0,0,1.0,1,1.0,1,1.0,1,0.29392153201742666,33
402,1,691,319,372,0,0,0,1.0,1,1.0,1,1.0,1,0.2596085731640492,34
403,0,691,319,372,0,0,0,1.0,1,1.0,1,1.0,1,0.2572229219167743,36
404,2,693,321,372,0,0,0,1.0,1,1.0,1,1.0,1,0.24583559699164628,36
405,0,693,321,372,0,0,0,1.0,1,1.0,1,1.0,1,0.24326815671665838,37
406,0,693,321,372,0,0,0,1.0,1,1.0,1,1.0,1,0.24326815671665838,37
407,1,694,321,373,0,0,0,1.0,1,1.0,1,1.0,1,0.2059891352976224,39
408,1,695,322,373,0,0,0,1.0,1,1.0,1,1.0,1,0.24032838639222112,40
409,2,697,323,374,0,0,0,1.0,1,1.0,1,1.0,1,0.24545305539858203,41
410,6,703,325,378,0,0,0,1.0,1,1.0,1,1.0,1,0.26998757712053434,42
411,2,705,325,380,0,0,0,1.0,1,1.0,1,1.0,1,0.256222348539473,43
412,2,707,326,381,0,0,0,1.0,1,1.0,1,1.0,1,0.232884803319558,44
413,0,707,326,381,0,0,0,1.0,1,1.0,1,1.0,1,0.232884803319558,44
414,0,707,326,381,0,0,0,1.0,1,1.0,1,1.0,1,0.23026000312515474,45
415,0,707,326,381,0,0,0,1.0,1,1.0,1,1.0,1,0.23026000312515474,45
416,1,708,326,382,0,0,0,1.0,1,1.0,1,1.0,1,0.20838641559922733,46
417,2,710,328,382,0,0,0,1.0,1,1.0,1,1.0,1,0.217454941983293,46
418,2,712,328,384,0,0,0,1.0,1,1.0,1,1.0,1,0.1942238213135507,47
419,0,712,328,384,0,0,0,1.0,1,1.0,1,1.0,1,0.1942238213135507,47
420,0,712,328,384,0,0,0,1.0,1,1.0,1,1.0,1,0.1942238213135507,47
421,1,713,329,384,0,0,0,1.0,1,1.0,1,1.0,1,0.19915811839089084,47
422,3,716,331,385,0,0,0,1.0,1,1.0,1,1.0,1,0.2261887126420478,49
423,2,718,333,385,0,0,0,1.0,1,1.0,1,1.0,1,0.25799949536258726,47
424,5,723,335,388,0,0,0,1.0,1,1.0,1,1.0,1,0.2194002465305699,45
425,0,723,335,388,0,0,0,1.0,1,1.0,1,1.0,1,0.24163273731149904,46
426,1,724,336,388,0,0,0,1.0,1,1.0,1,1.0,1,0.27542039407077795,46
427,3,727,337,390,0,0,0,1.0,1,1.0,1,1.0,1,0.2566813353979872,45
428,2,729,338,391,0,0,0,1.0,1,1.0,1,1.0,1,0.25042409456291487,45
429,2,731,339,392,0,0,0,1.0,1,1.0,1,1.0,1,0.254383442126325,42
430,2,733,341,392,0,0,0,1.0,1,1.0,1,1.0,1,0.30894422871608823,40
431,7,740,343,397,0,0,0,1.0,1,1.0,1,1.0,1,0.16980365540196768,39
432,2,742,345,397,0,0,0,1.0,1,1.0,1,1.0,1,0.18778884750324745,37
433,2,744,347,397,0,0,0,1.0,1,1.0,1,1.0,1,0.22156558855686714,35
434,0,744,347,397,0,0,0,1.0,1,1.0,1,1.0,1,0.26029156439338874,33
435,0,744,347,397,0,0,0,1.0,1,1.0,1,1.0,1,0.26029156439338874,33
436,0,744,347,397,0,0,0,1.0,1,1.0,1,1.0,1,0.26029156439338874,33
437,1,745,348,397,0,0,0,1.0,1,1.0,1,1.0,1,0.22596630961231012,33
438,0,745,348,397,0,0,0,1.0,1,1.0,1,1.0,1,0.2609971239637191,32
439,2,747,350,397,0,0,0,1.0,1,1.0,1,1.0,1,0.19785449217344922,34
440,0,747,350,397,0,0,0,1.0,1,1.0,1,1.0,1,0.19785449217344922,34
441,2,749,351,398,0,0,0,1.0,1,1.0,1,1.0,1,0.20160403626151654,35
442,2,751,353,398,0,0,0,1.0,1,1.0,1,1.0,1,0.23540767804843996,37
443,6,757,357,400,0,0,0,1.0,1,1.0,1,1.0,1,0.27919007073058927,37
444,1,758,357,401,0,0,0,1.0,1,1.0,1,1.0,1,0.2390499796580714,38
445,4,762,358,404,0,0,0,1.0,1,1.0,1,1.0,1,0.21789667723154912,39
446,2,764,358,406,0,0,0,1.0,1,1.0,1,1.0,1,0.21789667723154912,39
447,4,768,359,409,0,0,0,1.0,1,1.0,1,1.0,1,0.24424564959189998,41
448,4,772,359,413,0,0,0,1.0,1,1.0,1,1.0,1,0.24749913426725773,41
449,4,776,359,417,0,0,0,1.0,1,1.0,1,1.0,1,0.25850539122291183,40
450,3,779,360,419,0,0,0,1.0,1,1.0,1,1.0,1,0.24123782909936,40
451,2,781,360,421,0,0,0,1.0,1,1.0,1,1.0,1,0.24162160870886026,41
452,0,781,360,421,0,0,0,1.0,1,1.0,1,1.0,1,0.24162160870886026,41
453,1,782,361,421,0,0,0,1.0,1,1.0,1,1.0,1,0.2421625271052232,40
454,1,783,361,422,0,0,0,1.0,1,1.0,1,1.0,1,0.23496253051667135,41
455,3,786,364,422,0,0,0,1.0,1,1.0,1,1.0,1,0.26334432342266323,41
456,1,787,364,423,0,0,0,1.0,1,1.0,1,1.0,1,0.2335558307642029,43
457,3,790,365,425,0,0,0,1.0,1,1.0,1,1.0,1,0.22142395784879973,43
458,1,791,366,425,0,0,0,1.0,1,1.0,1,1.0,1,0.20369338154954034,43
459,0,791,366,425,0,0,0,1.0,1,1.0,1,1.0,1,0.18308936221947653,44
460,3,794,366,428,0,0,0,1.0,1,1.0,1,1.0,1,0.1663261065287686,47
461,1,795,367,428,0,0,0,1.0,1,1.0,1,1.0,1,0.16038233272996308,48
462,1,796,368,428,0,0,0,1.0,1,1.0,1,1.0,1,0.16050367808488109,49
463,0,796,368,428,0,0,0,1.0,1,1.0,1,1.0,1,0.14928695333001027,47
464,3,799,371,428,0,0,0,1.0,1,1.0,1,1.0,1,0.15635031840789418,48
465,4,803,373,430,0,0,0,1.0,1,1.0,1,1.0,1,0.11140704185699879,47
466,1,804,374,430,0,0,0,1.0,1,1.0,1,1.0,1,0.11408023753749597,46
467,5,809,379,430,0,0,0,1.0,1,1.0,1,1.0,1,0.18131804743306784,44
468,2,811,381,430,0,0,0,1.0,1,1.0,1,1.0,1,0.19762476665312803,41
469,3,814,383,431,0,0,0,1.0,1,1.0,1,1.0,1,0.15073715776523816,40
470,2,816,385,431,0,0,0,1.0,1,1.0,1,1.0,1,0.19652301767605188,39
471,4,820,389,431,0,0,0,1.0,1,1.0,1,1.0,1,0.1831363414420371,38
472,4,824,393,431,0,0,0,1.0,1,1.0,1,1.0,1,0.23101979842781833,36
473,3,827,394,433,0,0,0,1.0,1,1.0,1,1.0,1,0.22820530339343503,36
474,3,830,396,434,0,0,0,1.0,1,1.0,1,1.0,1,0.2044430453186344,34
475,1,831,397,434,0,0,0,1.0,1,1.0,1,1.0,1,0.24214215804710823,34
476,0,831,397,434,0,0,0,1.0,1,1.0,1,1.0,1,0.21704686150063415,32
477,2,833,399,434,0,0,0,1.0,1,1.0,1,1.0,1,0.30745548655425814,32
478,0,833,399,434,0,0,0,1.0,1,1.0,1,1.0,1,0.2802757681728368,30
479,0,833,399,434,0,0,0,1.0,1,1.0,1,1.0,1,0.2868937022711093,31
480,1,834,399,435,0,0,0,1.0,1,1.0,1,1.0,1,0.345837655504054,27
481,1,835,400,435,0,0,0,1.0,1,1.0,1,1.0,1,0.3395145184945702,28
482,1,836,401,435,0,0,0,1.0,1,1.0,1,1.0,1,0.3198320487797283,28
483,2,838,402,436,0,0,0,1.0,1,1.0,1,1.0,1,0.2873938246184358,29
484,1,839,403,436,0,0,0,1.0,1,1.0,1,1.0,1,0.30602170766714576,29
485,0,839,403,436,0,0,0,1.0,1,1.0,1,1.0,1,0.30602170766714576,29
486,6,845,404,441,0,0,0,1.0,1,1.0,1,1.0,1,0.19650350610068934,31
487,2,847,404,443,0,0,0,1.0,1,1.0,1,1.0,1,0.18669806351615287,33
488,2,849,405,444,0,0,0,1.0,1,1.0,1,1.0,1,0.19731914366345168,34
489,2,851,406,445,0,0,0,1.0,1,1.0,1,1.0,1,0.22610239957555017,34
490,0,851,406,445,0,0,0,1.0,1,1.0,1,1.0,1,0.22610239957555017,34
491,1,852,406,446,0,0,0,1.0,1,1.0,1,1.0,1,0.20057926653903102,34
492,0,852,406,446,0,0,0,1.0,1,1.0,1,1.0,1,0.20057926653903102,34
493,2,854,407,447,0,0,0,1.0,1,1.0,1,1.0,1,0.21782249663586678,34
494,3,857,408,449,0,0,0,1.0,1,1.0,1,1.0,1,0.2100158446947814,36
495,1,858,408,450,0,0,0,1.0,1,1.0,1,1.0,1,0.17842131877665462,36
496,0,858,408,450,0,0,0,1.0,1,1.0,1,1.0,1,0.17456148156461168,37
497,2,860,408,452,0,0,0,1.0,1,1.0,1,1.0,1,0.16890706156032997,39
498,3,863,409,454,0,0,0,1.0,1,1.0,1,1.0,1,0.1778641788367508,40
499,1,864,409,455,0,0,0,1.0,1,1.0,1,1.0,1,0.17305304717770706,40
500,5,869,411,458,0,0,0,1.0,1,1.0,1,1.0,1,0.2150044512875804,42
501,2,871,411,460,0,0,0,1.0,1,1.0,1,1.0,1,0.155745510541054,42
502,1,872,412,460,0,0,0,1.0,1,1.0,1,1.0,1,0.19626205404102479,42
503,2,874,413,461,0,0,0,1.0,1,1.0,1,1.0,1,0.20864568337095027,41
504,2,876,415,461,0,0,0,1.0,1,1.0,1,1.0,1,0.2629327144281494,42
505,3,879,417,462,0,0,0,1.0,1,1.0,1,1.0,1,0.30177870733221274,38
506,0,879,417,462,0,0,0,1.0,1,1.0,1,1.0,1,0.3075294268929253,37
507,0,879,417,462,0,0,0,1.0,1,1.0,1,1.0,1,0.3168922164032825,35
508,3,882,420,462,0,0,0,1.0,1,1.0,1,1.0,1,0.4637518963139946,35
509,1,883,421,462,0,0,0,1.0,1,1.0,1,1.0,1,0.4237947150528558,34
510,1,884,421,463,0,0,0,1.0,1,1.0,1,1.0,1,0.37991614082024744,34
511,5,889,423,466,0,0,0,1.0,1,1.0,1,1.0,1,0.36514086535932444,32
512,1,890,424,466,0,0,0,1.0,1,1.0,1,1.0,1,0.38011071010870473,30
513,0,890,424,466,0,0,0,1.0,1,1.0,1,1.0,1,0.3697753584482516,31
514,0,890,424,466,0,0,0,1.0,1,1.0,1,1.0,1,0.3697753584482516,31
515,3,893,425,468,0,0,0,1.0,1,1.0,1,1.0,1,0.3414485487224644,32
516,2,895,425,470,0,0,0,1.0,1,1.0,1,1.0,1,0.2921864114179646,31
517,1,896,426,470,0,0,0,1.0,1,1.0,1,1.0,1,0.30078091276410174,32
518,0,896,426,470,0,0,0,1.0,1,1.0,1,1.0,1,0.28691330633639234,31
519,3,899,428,471,0,0,0,1.0,1,1.0,1,1.0,1,0.23438030089092246,31
520,1,900,429,471,0,0,0,1.0,1,1.0,1,1.0,1,0.29496255676887795,33
521,2,902,430,472,0,0,0,1.0,1,1.0,1,1.0,1,0.2608409675783629,34
522,1,903,430,473,0,0,0,1.0,1,1.0,1,1.0,1,0.24533568080381699,34
523,0,903,430,473,0,0,0,1.0,1,1.0,1,1.0,1,0.25479925764733374,33
524,0,903,430,473,0,0,0,1.0,1,1.0,1,1.0,1,0.2655905068819165,34
525,0,903,430,473,0,0,0,1.0,1,1.0,1,1.0,1,0.31607396786943415,32
526,0,903,430,473,0,0,0,1.0,1,1.0,1,1.0,1,0.31607396786943415,32
527,1,904,430,474,0,0,0,1.0,1,1.0,1,1.0,1,0.3527569117440449,31
528,2,906,432,474,0,0,0,1.0,1,1.0,1,1.0,1,0.367670348693929,31
529,0,906,432,474,0,0,0,1.0,1,1.0,1,1.0,1,0.39215333353755266,30
530,1,907,433,474,0,0,0,1.0,1,1.0,1,1.0,1,0.44268589482873466,30
531,3,910,433,477,0,0,0,1.0,1,1.0,1,1.0,1,0.384707487179288,32
532,2,912,435,477,0,0,0,1.0,1,1.0,1,1.0,1,0.35741777111935963,32
533,0,912,435,477,0,0,0,1.0,1,1.0,1,1.0,1,0.3698502002813441,34
534,1,913,436,477,0,0,0,1.0,1,1.0,1,1.0,1,0.3663521141243824,34
535,2,915,438,477,0,0,0,1.0,1,1.0,1,1.0,1,0.41900249744382617,37
536,1,916,438,478,0,0,0,1.0,1,1.0,1,1.0,1,0.40743514611049236,37
537,1,917,439,478,0,0,0,1.0,1,1.0,1,1.0,1,0.42405635804642566,37
538,1,918,439,479,0,0,0,1.0,1,1.0,1,1.0,1,0.37892277570174476,38
539,2,920,439,481,0,0,0,1.0,1,1.0,1,1.0,1,0.31905637122868635,38
540,3,923,440,483,0,0,0,1.0,1,1.0,1,1.0,1,0.3210787884292649,38
541,2,925,440,485,0,0,0,1.0,1,1.0,1,1.0,1,0.2710911776544038,39
542,2,927,442,485,0,0,0,1.0,1,1.0,1,1.0,1,0.2774956539509227,40
543,1,928,443,485,0,0,0,1.0,1,1.0,1,1.0,1,0.2822897143760091,37
544,1,929,444,485,0,0,0,1.0,1,1.0,1,1.0,1,0.31152441253150986,35
545,1,930,445,485,0,0,0,1.0,1,1.0,1,1.0,1,0.27676874575679844,35
546,3,933,448,485,0,0,0,1.0,1,1.0,1,1.0,1,0.2976699402890614,35
547,1,934,449,485,0,0,0,1.0,1,1.0,1,1.0,1,0.2799431673396741,34
548,4,938,451,487,0,0,0,1.0,1,1.0,1,1.0,1,0.3403837715241282,34
549,3,941,453,488,0,0,0,1.0,1,1.0,1,1.0,1,0.41336803959666873,31
550,0,941,453,488,0,0,0,1.0,1,1.0,1,1.0,1,0.40287507958759705,30
551,5,946,454,492,0,0,0,1.0,1,1.0,1,1.0,1,0.32509839473621016,31
552,1,947,454,493,0,0,0,1.0,1,1.0,1,1.0,1,0.2314826157831495,29
553,2,949,454,495,0,0,0,1.0,1,1.0,1,1.0,1,0.1708287034209648,30
554,1,950,454,496,0,0,0,1.0,1,1.0,1,1.0,1,0.14046553614317686,30
555,1,951,454,497,0,0,0,1.0,1,1.0,1,1.0,1,0.19695177644035552,30
556,1,952,454,498,0,0,0,1.0,1,1.0,1,1.0,1,0.2358867723106452,31
557,0,952,454,498,0,0,0,1.0,1,1.0,1,1.0,1,0.288297372473396,31
558,0,952,454,498,0,0,0,1.0,1,1.0,1,1.0,1,0.288297372473396,31
559,0,952,454,498,0,0,0,1.0,1,1.0,1,1.0,1,0.288297372473396,31
560,1,953,454,499,0,0,0,1.0,1,1.0,1,1.0,1,0.23044408297130745,32
561,4,957,458,499,0,0,0,1.0,1,1.0,1,1.0,1,0.2561844537972843,33
562,0,957,458,499,0,0,0,1.0,1,1.0,1,1.0,1,0.2561844537972843,33
563,3,960,460,500,0,0,0,1.0,1,1.0,1,1.0,1,0.23997055979046447,33
564,1,961,461,500,0,0,0,1.0,1,1.0,1,1.0,1,0.2646896180932211,34
565,3,964,461,503,0,0,0,1.0,1,1.0,1,1.0,1,0.17348643626159035,35
566,0,964,461,503,0,0,0,1.0,1,1.0,1,1.0,1,0.19081678246588665,36
567,2,966,463,503,0,0,0,1.0,1,1.0,1,1.0,1,0.24131282243695262,37
568,1,967,464,503,0,0,0,1.0,1,1.0,1,1.0,1,0.20836350511822135,36
569,1,968,464,504,0,0,0,1.0,1,1.0,1,1.0,1,0.18228259595216134,37
570,0,968,464,504,0,0,0,1.0,1,1.0,1,1.0,1,0.20032612806853103,38
571,1,969,465,504,0,0,0,1.0,1,1.0,1,1.0,1,0.204101601337075,38
572,0,969,465,504,0,0,0,1.0,1,1.0,1,1.0,1,0.21281826618978414,39
573,0,969,465,504,0,0,0,1.0,1,1.0,1,1.0,1,0.21281826618978414,39
574,0,969,465,504,0,0,0,1.0,1,1.0,1,1.0,1,0.22829730511596277,41
575,2,971,466,505,0,0,0,1.0,1,1.0,1,1.0,1,0.2077840906300252,41
576,0,971,466,505,0,0,0,1.0,1,1.0,1,1.0,1,0.218057180975309,42
577,0,971,466,505,0,0,0,1.0,1,1.0,1,1.0,1,0.218057180975309,42
578,2,973,467,506,0,0,0,1.0,1,1.0,1,1.0,1,0.21656506354727148,41
579,1,974,467,507,0,0,0,1.0,1,1.0,1,1.0,1,0.2012794823061014,42
580,5,979,469,510,0,0,0,1.0,1,1.0,1,1.0,1,0.19975671814475707,43
581,5,984,472,512,0,0,0,1.0,1,1.0,1,1.0,1,0.18291967250221663,42
582,3,987,473,514,0,0,0,1.0,1,1.0,1,1.0,1,0.16480215589464484,41
583,2,989,475,514,0,0,0,1.0,1,1.0,1,1.0,1,0.1984287689281193,40
584,1,990,476,514,0,0,0,1.0,1,1.0,1,1.0,1,0.2031025861693623,38
585,4,994,480,514,0,0,0,1.0,1,1.0,1,1.0,1,0.24931662574286206,38
586,3,997,483,514,0,0,0,1.0,1,1.0,1,1.0,1,0.3032795980851,37
587,2,999,485,514,0,0,0,1.0,1,1.0,1,1.0,1,0.3022857885886319,35
588,2,1001,486,515,0,0,0,1.0,1,1.0,1,1.0,1,0.2749512872203027,35
589,1,1002,486,516,0,0,0,1.0,1,1.0,1,1.0,1,0.26137105594519955,34
590,3,1005,487,518,0,0,0,1.0,1,1.0,1,1.0,1,0.2349008838212054,36
591,3,1008,488,520,0,0,0,1.0,1,1.0,1,1.0,1,0.16071742424653496,35
592,3,1011,490,521,0,0,0,1.0,1,1.0,1,1.0,1,0.2352620076074688,37
593,2,1013,492,521,0,0,0,1.0,1,1.0,1,1.0,1,0.26580822593026837,36
594,1,1014,492,522,0,0,0,1.0,1,1.0,1,1.0,1,0.22122873540795904,35
595,0,1014,492,522,0,0,0,1.0,1,1.0,1,1.0,1,0.21016695842826336,34
596,1,1015,493,522,0,0,0,1.0,1,1.0,1,1.0,1,0.248497100061609,34
597,1,1016,493,523,0,0,0,1.0,1,1.0,1,1.0,1,0.20579872370172242,33
598,0,1016,493,523,0,0,0,1.0,1,1.0,1,1.0,1,0.2565590372006425,33
599,0,1016,493,523,0,0,0,1.0,1,1.0,1,1.0,1,0.2565590372006425,33
600,2,1018,495,523,0,0,0,1.0,1,1.0,1,1.0,1,0.31166182799779035,33
601,2,1020,496,524,0,0,0,1.0,1,1.0,1,1.0,1,0.31375783402074786,34
602,3,1023,497,526,0,0,0,1.0,1,1.0,1,1.0,1,0.3172064796719869,35
603,0,1023,497,526,0,0,0,1.0,1,1.0,1,1.0,1,0.3312638172867602,35
604,0,1023,497,526,0,0,0,1.0,1,1.0,1,1.0,1,0.30025365184791725,35
605,0,1023,497,526,0,0,0,1.0,1,1.0,1,1.0,1,0.3290218003451533,35
606,1,1024,497,527,0,0,0,1.0,1,1.0,1,1.0,1,0.3146812315703224,35
607,1,1025,498,527,0,0,0,1.0,1,1.0,1,1.0,1,0.3590085529735789,35
608,1,1026,498,528,0,0,0,1.0,1,1.0,1,1.0,1,0.33731098249473224,36
609,2,1028,498,530,0,0,0,1.0,1,1.0,1,1.0,1,0.2953150324569679,37
610,2,1030,498,532,0,0,0,1.0,1,1.0,1,1.0,1,0.2612292944485807,37
611,3,1033,499,534,0,0,0,1.0,1,1.0,1,1.0,1,0.22147002586149409,39
612,3,1036,500,536,0,0,0,1.0,1,1.0,1,1.0,1,0.17783626533004868,39
613,1,1037,501,536,0,0,0,1.0,1,1.0,1,1.0,1,0.19475166047934375,39
614,2,1039,502,537,0,0,0,1.0,1,1.0,1,1.0,1,0.22623671531429082,39
615,4,1043,504,539,0,0,0,1.0,1,1.0,1,1.0,1,0.20061574585754938,39
616,1,1044,505,539,0,0,0,1.0,1,1.0,1,1.0,1,0.2580672018927281,38
617,2,1046,506,540,0,0,0,1.0,1,1.0,1,1.0,1,0.2626632822350049,39
618,2,1048,507,541,0,0,0,1.0,1,1.0,1,1.0,1,0.2825828021475631,40
619,2,1050,508,542,0,0,0,1.0,1,1.0,1,1.0,1,0.24461803699595264,39
620,0,1050,508,542,0,0,0,1.0,1,1.0,1,1.0,1,0.24987935893066326,38
621,2,1052,509,543,0,0,0,1.0,1,1.0,1,1.0,1,0.20947050668305778,38
622,1,1053,510,543,0,0,0,1.0,1,1.0,1,1.0,1,0.22788371485928546,38
623,3,1056,513,543,0,0,0,1.0,1,1.0,1,1.0,1,0.23524155217472356,37
624,7,1063,516,547,0,0,0,1.0,1,1.0,1,1.0,1,0.12582337852436942,33
625,1,1064,517,547,0,0,0,1.0,1,1.0,1,1.0,1,0.14661634642211707,32
626,3,1067,520,547,0,0,0,1.0,1,1.0,1,1.0,1,0.26431821885962187,31
627,4,1071,523,548,0,0,0,1.0,1,1.0,1,1.0,1,0.3048640942466146,30
628,4,1075,525,550,0,0,0,1.0,1,1.0,1,1.0,1,0.3033791763688387,32
629,2,1077,526,551,0,0,0,1.0,1,1.0,1,1.0,1,0.30531681234331465,29
630,3,1080,528,552,0,0,0,1.0,1,1.0,1,1.0,1,0.35555941480725317,29
631,2,1082,528,554,0,0,0,1.0,1,1.0,1,1.0,1,0.3362273696611733,25
632,0,1082,528,554,0,0,0,1.0,1,1.0,1,1.0,1,0.41625630041013545,24
633,0,1082,528,554,0,0,0,1.0,1,1.0,1,1.0,1,0.3992596813590469,23
634,1,1083,529,554,0,0,0,1.0,1,1.0,1,1.0,1,0.41578757598514765,23
635,2,1085,530,555,0,0,0,1.0,1,1.0,1,1.0,1,0.41654238949856126,22
636,0,1085,530,555,0,0,0,1.0,1,1.0,1,1.0,1,0.45630415533797797,22
637,1,1086,531,555,0,0,0,1.0,1,1.0,1,1.0,1,0.4690849971242108,23
638,1,1087,532,555,0,0,0,1.0,1,1.0,1,1.0,1,0.49101025833485923,23
639,1,1088,532,556,0,0,0,1.0,1,1.0,1,1.0,1,0.4439304242664012,24
640,1,1089,533,556,0,0,0,1.0,1,1.0,1,1.0,1,0.4824584728603974,24
641,4,1093,533,560,0,0,0,1.0,1,1.0,1,1.0,1,0.3825281460113252,25
642,2,1095,533,562,0,0,0,1.0,1,1.0,1,1.0,1,0.28423124999709143,26
643,1,1096,533,563,0,0,0,1.0,1,1.0,1,1.0,1,0.20616944404816795,28
644,0,1096,533,563,0,0,0,1.0,1,1.0,1,1.0,1,0.20616944404816795,28
645,3,1099,534,565,0,0,0,1.0,1,1.0,1,1.0,1,0.22113337897562066,28
646,1,1100,534,566,0,0,0,1.0,1,1.0,1,1.0,1,0.23899407593938163,29
647,6,1106,535,571,0,0,0,1.0,1,1.0,1,1.0,1,0.30103755013168954,30
648,2,1108,535,573,0,0,0,1.0,1,1.0,1,1.0,1,0.27805983815928975,30
649,7,1115,536,579,0,0,0,1.0,1,1.0,1,1.0,1,0.3119265596091592,31
650,4,1119,536,583,0,0,0,1.0,1,1.0,1,1.0,1,0.3119265596091592,31
651,4,1123,537,586,0,0,0,1.0,1,1.0,1,1.0,1,0.2031546048845623,32
652,1,1124,537,587,0,0,0,1.0,1,1.0,1,1.0,1,0.15087276146248874,32
653,0,1124,537,587,0,0,0,1.0,1,1.0,1,1.0,1,0.14435574373963406,33
654,0,1124,537,587,0,0,0,1.0,1,1.0,1,1.0,1,0.14435574373963406,33
655,1,1125,538,587,0,0,0,1.0,1,1.0,1,1.0,1,0.18346672639058734,36
656,1,1126,539,587,0,0,0,1.0,1,1.0,1,1.0,1,0.2091039200632631,36
657,2,1128,540,588,0,0,0,1.0,1,1.0,1,1.0,1,0.22010420252348245,35
658,1,1129,541,588,0,0,0,1.0,1,1.0,1,1.0,1,0.23645066024779002,33
659,1,1130,542,588,0,0,0,1.0,1,1.0,1,1.0,1,0.25532940085604283,35
660,1,1131,542,589,0,0,0,1.0,1,1.0,1,1.0,1,0.2736230509169727,34
661,1,1132,543,589,0,0,0,1.0,1,1.0,1,1.0,1,0.299389946023267,33
662,2,1134,545,589,0,0,0,1.0,1,1.0,1,1.0,1,0.3574567644907847,31
663,0,1134,545,589,0,0,0,1.0,1,1.0,1,1.0,1,0.38327006356154253,29
664,2,1136,546,590,0,0,0,1.0,1,1.0,1,1.0,1,0.36854804534027275,27
665,2,1138,547,591,0,0,0,1.0,1,1.0,1,1.0,1,0.3087046888275719,27
666,3,1141,549,592,0,0,0,1.0,1,1.0,1,1.0,1,0.36084414142015897,28
667,3,1144,550,594,0,0,0,1.0,1,1.0,1,1.0,1,0.2976390387673436,26
668,1,1145,551,594,0,0,0,1.0,1,1.0,1,1.0,1,0.3433739478617775,26
669,3,1148,554,594,0,0,0,1.0,1,1.0,1,1.0,1,0.20715954759404825,25
670,0,1148,554,594,0,0,0,1.0,1,1.0,1,1.0,1,0.1923667837526982,24
671,0,1148,554,594,0,0,0,1.0,1,1.0,1,1.0,1,0.1923667837526982,24
672,1,1149,555,594,0,0,0,1.0,1,1.0,1,1.0,1,0.2204511319773377,25
673,1,1150,556,594,0,0,0,1.0,1,1.0,1,1.0,1,0.19878079074873745,25
674,0,1150,556,594,0,0,0,1.0,1,1.0,1,1.0,1,0.19878079074873745,25
675,4,1154,558,596,0,0,0,1.0,1,1.0,1,1.0,1,0.24623226128455825,26
676,4,1158,561,597,0,0,0,1.0,1,1.0,1,1.0,1,0.15890991035862964,27
677,0,1158,561,597,0,0,0,1.0,1,1.0,1,1.0,1,0.17883762102013198,28
678,1,1159,562,597,0,0,0,1.0,1,1.0,1,1.0,1,0.18406550686596393,28
679,1,1160,563,597,0,0,0,1.0,1,1.0,1,1.0,1,0.23532793547273878,30
680,0,1160,563,597,0,0,0,1.0,1,1.0,1,1.0,1,0.2591686178816799,29
681,1,1161,564,597,0,0,0,1.0,1,1.0,1,1.0,1,0.3142027151807422,29
682,1,1162,564,598,0,0,0,1.0,1,1.0,1,1.0,1,0.29219138810262457,30
683,1,1163,564,599,0,0,0,1.0,1,1.0,1,1.0,1,0.2514482497674088,30
684,1,1164,564,600,0,0,0,1.0,1,1.0,1,1.0,1,0.2418587977022148,31
685,3,1167,565,602,0,0,0,1.0,1,1.0,1,1.0,1,0.2057357274170889,30
686,1,1168,566,602,0,0,0,1.0,1,1.0,1,1.0,1,0.2262372342243812,30
687,1,1169,567,602,0,0,0,1.0,1,1.0,1,1.0,1,0.2944117550763764,30
688,1,1170,567,603,0,0,0,1.0,1,1.0,1,1.0,1,0.257653396763121,31
689,0,1170,567,603,0,0,0,1.0,1,1.0,1,1.0,1,0.25391774817650903,32
690,0,1170,567,603,0,0,0,1.0,1,1.0,1,1.0,1,0.25391774817650903,32
691,1,1171,567,604,0,0,0,1.0,1,1.0,1,1.0,1,0.2216605109767849,32
692,2,1173,569,604,0,0,0,1.0,1,1.0,1,1.0,1,0.2608833934435613,32
693,1,1174,570,604,0,0,0,1.0,1,1.0,1,1.0,1,0.2702251857271789,34
694,8,1182,574,608,0,0,0,1.0,1,1.0,1,1.0,1,0.32102605975901827,36
695,4,1186,575,611,0,0,0,1.0,1,1.0,1,1.0,1,0.21678271316220654,34
696,0,1186,575,611,0,0,0,1.0,1,1.0,1,1.0,1,0.2240171663351003,33
697,0,1186,575,611,0,0,0,1.0,1,1.0,1,1.0,1,0.22401236560689333,33
698,3,1189,578,611,0,0,0,1.0,1,1.0,1,1.0,1,0.20826830248177317,34
699,0,1189,578,611,0,0,0,1.0,1,1.0,1,1.0,1,0.1873434673279571,33
700,1,1190,578,612,0,0,0,1.0,1,1.0,1,1.0,1,0.09909041854134074,32
701,0,1190,578,612,0,0,0,1.0,1,1.0,1,1.0,1,0.10826131546943683,33
702,2,1192,580,612,0,0,0,1.0,1,1.0,1,1.0,1,0.1732574947440499,34
703,2,1194,581,613,0,0,0,1.0,1,1.0,1,1.0,1,0.14027613850550372,32
704,0,1194,581,613,0,0,0,1.0,1,1.0,1,1.0,1,0.10846031000048666,31
705,5,1199,585,614,0,0,0,1.0,1,1.0,1,1.0,1,0.20453459256873477,33
706,2,1201,587,614,0,0,0,1.0,1,1.0,1,1.0,1,0.2763639375342338,33
707,1,1202,588,614,0,0,0,1.0,1,1.0,1,1.0,1,0.23326383057024494,31
708,1,1203,589,614,0,0,0,1.0,1,1.0,1,1.0,1,0.29099179466618663,31
709,2,1205,590,615,0,0,0,1.0,1,1.0,1,1.0,1,0.2824092734745092,30
710,0,1205,590,615,0,0,0,1.0,1,1.0,1,1.0,1,0.2824092734745092,30
711,1,1206,590,616,0,0,0,1.0,1,1.0,1,1.0,1,0.25396104462941127,30
712,0,1206,590,616,0,0,0,1.0,1,1.0,1,1.0,1,0.28292394771796875,30
713,0,1206,590,616,0,0,0,1.0,1,1.0,1,1.0,1,0.3036342032314184,31
714,1,1207,590,617,0,0,0,1.0,1,1.0,1,1.0,1,0.3074937568316111,31
715,0,1207,590,617,0,0,0,1.0,1,1.0,1,1.0,1,0.307335146110201,30
716,1,1208,591,617,0,0,0,1.0,1,1.0,1,1.0,1,0.3784279306045697,31
717,1,1209,591,618,0,0,0,1.0,1,1.0,1,1.0,1,0.35355733335919987,32
718,0,1209,591,618,0,0,0,1.0,1,1.0,1,1.0,1,0.35355733335919987,32
719,1,1210,592,618,0,0,0,1.0,1,1.0,1,1.0,1,0.3403533839897745,32
720,0,1210,592,618,0,0,0,1.0,1,1.0,1,1.0,1,0.33508165053803607,34
721,1,1211,593,618,0,0,0,1.0,1,1.0,1,1.0,1,0.3671098201648069,34
722,1,1212,593,619,0,0,0,1.0,1,1.0,1,1.0,1,0.3558355185325693,34
723,2,1214,593,621,0,0,0,1.0,1,1.0,1,1.0,1,0.3116932772249359,35
724,0,1214,593,621,0,0,0,1.0,1,1.0,1,1.0,1,0.3187368978495814,36
725,4,1218,593,625,0,0,0,1.0,1,1.0,1,1.0,1,0.24334192460599396,37
726,1,1219,593,626,0,0,0,1.0,1,1.0,1,1.0,1,0.22436156829198256,37
727,0,1219,593,626,0,0,0,1.0,1,1.0,1,1.0,1,0.24145792891274068,38
728,0,1219,593,626,0,0,0,1.0,1,1.0,1,1.0,1,0.2273695913948946,39
729,0,1219,593,626,0,0,0,1.0,1,1.0,1,1.0,1,0.2273695913948946,39
730,0,1219,593,626,0,0,0,1.0,1,1.0,1,1.0,1,0.23594756105811487,40
731,1,1220,593,627,0,0,0,1.0,1,1.0,1,1.0,1,0.2275089017306051,40
732,1,1221,593,628,0,0,0,1.0,1,1.0,1,1.0,1,0.24296497788401156,41
733,1,1222,594,628,0,0,0,1.0,1,1.0,1,1.0,1,0.23032814218933953,41
734,1,1223,595,628,0,0,0,1.0,1,1.0,1,1.0,1,0.25867855182407473,42
735,1,1224,596,628,0,0,0,1.0,1,1.0,1,1.0,1,0.2573396674620511,42
736,0,1224,596,628,0,0,0,1.0,1,1.0,1,1.0,1,0.2646736455849571,41
737,4,1228,597,631,0,0,0,1.0,1,1.0,1,1.0,1,0.306723439672109,41
738,1,1229,597,632,0,0,0,1.0,1,1.0,1,1.0,1,0.26936099123412366,39
739,2,1231,598,633,0,0,0,1.0,1,1.0,1,1.0,1,0.2758387331546341,39
740,0,1231,598,633,0,0,0,1.0,1,1.0,1,1.0,1,0.3104443317460336,39
741,1,1232,598,634,0,0,0,1.0,1,1.0,1,1.0,1,0.29155518230745225,38
742,2,1234,599,635,0,0,0,1.0,1,1.0,1,1.0,1,0.27662422769356454,39
743,4,1238,601,637,0,0,0,1.0,1,1.0,1,1.0,1,0.20626476345365935,39
744,2,1240,602,638,0,0,0,1.0,1,1.0,1,1.0,1,0.18350187747691152,39
745,4,1244,605,639,0,0,0,1.0,1,1.0,1,1.0,1,0.2360733452164132,39
746,3,1247,606,641,0,0,0,1.0,1,1.0,1,1.0,1,0.2514632960057867,40
747,2,1249,607,642,0,0,0,1.0,1,1.0,1,1.0,1,0.2367173571784794,41
748,3,1252,609,643,0,0,0,1.0,1,1.0,1,1.0,1,0.19957811041988366,41
749,3,1255,611,644,0,0,0,1.0,1,1.0,1,1.0,1,0.18743002120722538,41
750,3,1258,613,645,0,0,0,1.0,1,1.0,1,1.0,1,0.19842269900749981,39
751,1,1259,614,645,0,0,0,1.0,1,1.0,1,1.0,1,0.18962943696670537,41
752,2,1261,615,646,0,0,0,1.0,1,1.0,1,1.0,1,0.19761932561537984,41
753,1,1262,615,647,0,0,0,1.0,1,1.0,1,1.0,1,0.18585638902970902,41
754,3,1265,618,647,0,0,0,1.0,1,1.0,1,1.0,1,0.22475533551849067,41
755,0,1265,618,647,0,0,0,1.0,1,1.0,1,1.0,1,0.24454298850874184,41
756,0,1265,618,647,0,0,0,1.0,1,1.0,1,1.0,1,0.24454298850874184,41
757,1,1266,619,647,0,0,0,1.0,1,1.0,1,1.0,1,0.31279899366333624,39
758,0,1266,619,647,0,0,0,1.0,1,1.0,1,1.0,1,0.28280119228232437,39
759,0,1266,619,647,0,0,0,1.0,1,1.0,1,1.0,1,0.2837290139959376,39
760,2,1268,619,649,0,0,0,1.0,1,1.0,1,1.0,1,0.23583953029293897,40
761,3,1271,619,652,0,0,0,1.0,1,1.0,1,1.0,1,0.1485760243754315,41
762,0,1271,619,652,0,0,0,1.0,1,1.0,1,1.0,1,0.16370033150051133,42
763,0,1271,619,652,0,0,0,1.0,1,1.0,1,1.0,1,0.18130694845864792,43
764,0,1271,619,652,0,0,0,1.0,1,1.0,1,1.0,1,0.18130694845864792,43
765,0,1271,619,652,0,0,0,1.0,1,1.0,1,1.0,1,0.1526281506107296,45
766,1,1272,620,652,0,0,0,1.0,1,1.0,1,1.0,1,0.14582062371539578,45
767,0,1272,620,652,0,0,0,1.0,1,1.0,1,1.0,1,0.15749034358195133,46
768,0,1272,620,652,0,0,0,1.0,1,1.0,1,1.0,1,0.16243586271805444,45
769,0,1272,620,652,0,0,0,1.0,1,1.0,1,1.0,1,0.17840913870978836,46
770,0,1272,620,652,0,0,0,1.0,1,1.0,1,1.0,1,0.16929174248913503,47
771,5,1277,624,653,0,0,0,1.0,1,1.0,1,1.0,1,0.22386028807270475,47
772,2,1279,625,654,0,0,0,1.0,1,1.0,1,1.0,1,0.24614802365865676,46
773,2,1281,627,654,0,0,0,1.0,1,1.0,1,1.0,1,0.26056316459372353,45
774,0,1281,627,654,0,0,0,1.0,1,1.0,1,1.0,1,0.29722976699927955,45
775,3,1284,629,655,0,0,0,1.0,1,1.0,1,1.0,1,0.29131676153835845,45
776,0,1284,629,655,0,0,0,1.0,1,1.0,1,1.0,1,0.26752900337923696,43
777,1,1285,629,656,0,0,0,1.0,1,1.0,1,1.0,1,0.27377087990890114,44
778,2,1287,630,657,0,0,0,1.0,1,1.0,1,1.0,1,0.298463125286005,45
779,0,1287,630,657,0,0,0,1.0,1,1.0,1,1.0,1,0.298463125286005,45
780,1,1288,631,657,0,0,0,1.0,1,1.0,1,1.0,1,0.3230000688589066,45
781,5,1293,631,662,0,0,0,1.0,1,1.0,1,1.0,1,0.23924902864533415,46
782,1,1294,632,662,0,0,0,1.0,1,1.0,1,1.0,1,0.31878545029652317,47
783,2,1296,633,663,0,0,0,1.0,1,1.0,1,1.0,1,0.28586485495306174,46
784,1,1297,633,664,0,0,0,1.0,1,1.0,1,1.0,1,0.2825350591422545,45
785,0,1297,633,664,0,0,0,1.0,1,1.0,1,1.0,1,0.2928135289365108,43
786,1,1298,634,664,0,0,0,1.0,1,1.0,1,1.0,1,0.28213708882188604,43
787,2,1300,635,665,0,0,0,1.0,1,1.0,1,1.0,1,0.26415646055426123,43
788,3,1303,637,666,0,0,0,1.0,1,1.0,1,1.0,1,0.25665990592033766,44
789,1,1304,637,667,0,0,0,1.0,1,1.0,1,1.0,1,0.22743892547274183,46
790,2,1306,638,668,0,0,0,1.0,1,1.0,1,1.0,1,0.23060054829194673,46
791,5,1311,639,672,0,0,0,1.0,1,1.0,1,1.0,1,0.1916204599212944,46
792,0,1311,639,672,0,0,0,1.0,1,1.0,1,1.0,1,0.1976510967615393,47
793,0,1311,639,672,0,0,0,1.0,1,1.0,1,1.0,1,0.21697327509004627,48
794,1,1312,640,672,0,0,0,1.0,1,1.0,1,1.0,1,0.24982443659404202,48
795,0,1312,640,672,0,0,0,1.0,1,1.0,1,1.0,1,0.243317519792158,47
796,1,1313,641,672,0,0,0,1.0,1,1.0,1,1.0,1,0.26633804753520307,45
797,2,1315,642,673,0,0,0,1.0,1,1.0,1,1.0,1,0.27055037401629933,47
798,2,1317,643,674,0,0,0,1.0,1,1.0,1,1.0,1,0.27370259470730357,48
799,2,1319,645,674,0,0,0,1.0,1,1.0,1,1.0,1,0.279539194548064,48
800,2,1321,647,674,0,0,0,1.0,1,1.0,1,1.0,1,0.29294118376460127,48
801,4,1325,648,677,0,0,0,1.0,1,1.0,1,1.0,1,0.23584576930842405,49
802,4,1329,650,679,0,0,0,1.0,1,1.0,1,1.0,1,0.21777961562758721,50
803,1,1330,650,680,0,0,0,1.0,1,1.0,1,1.0,1,0.20838955658023736,50
804,0,1330,650,680,0,0,0,1.0,1,1.0,1,1.0,1,0.20838955658023736,50
805,0,1330,650,680,0,0,0,1.0,1,1.0,1,1.0,1,0.20838955658023736,50
806,0,1330,650,680,0,0,0,1.0,1,1.0,1,1.0,1,0.20243245268197982,51
807,0,1330,650,680,0,0,0,1.0,1,1.0,1,1.0,1,0.20243245268197982,51
808,3,1333,650,683,0,0,0,1.0,1,1.0,1,1.0,1,0.20637978327749887,53
809,2,1335,650,685,0,0,0,1.0,1,1.0,1,1.0,1,0.2033558578591714,51
810,1,1336,650,686,0,0,0,1.0,1,1.0,1,1.0,1,0.21261312176630487,52
811,4,1340,652,688,0,0,0,1.0,1,1.0,1,1.0,1,0.23485936756353534,50
812,2,1342,653,689,0,0,0,1.0,1,1.0,1,1.0,1,0.25797335551893413,51
813,3,1345,655,690,0,0,0,1.0,1,1.0,1,1.0,1,0.28784535086575563,51
814,4,1349,655,694,0,0,0,1.0,1,1.0,1,1.0,1,0.2519891005749545,52
815,1,1350,656,694,0,0,0,1.0,1,1.0,1,1.0,1,0.26618712597965766,50
816,1,1351,656,695,0,0,0,1.0,1,1.0,1,1.0,1,0.26198162768568667,50
817,0,1351,656,695,0,0,0,1.0,1,1.0,1,1.0,1,0.26059743797903195,49
818,0,1351,656,695,0,0,0,1.0,1,1.0,1,1.0,1,0.2529748556153141,49
819,0,1351,656,695,0,0,0,1.0,1,1.0,1,1.0,1,0.2533837976899409,50
820,0,1351,656,695,0,0,0,1.0,1,1.0,1,1.0,1,0.2730852705556548,49
821,3,1354,656,698,0,0,0,1.0,1,1.0,1,1.0,1,0.25430208645615193,49
822,3,1357,657,700,0,0,0,1.0,1,1.0,1,1.0,1,0.21792203662779505,49
823,2,1359,659,700,0,0,0,1.0,1,1.0,1,1.0,1,0.2561826337640973,47
824,3,1362,661,701,0,0,0,1.0,1,1.0,1,1.0,1,0.2521628791091486,45
825,0,1362,661,701,0,0,0,1.0,1,1.0,1,1.0,1,0.24904914099230624,43
826,3,1365,664,701,0,0,0,1.0,1,1.0,1,1.0,1,0.24099184078266156,44
827,2,1367,665,702,0,0,0,1.0,1,1.0,1,1.0,1,0.21172684274348288,43
828,3,1370,667,703,0,0,0,1.0,1,1.0,1,1.0,1,0.27062670693828206,43
829,3,1373,669,704,0,0,0,1.0,1,1.0,1,1.0,1,0.25792895313393954,45
830,3,1376,670,706,0,0,0,1.0,1,1.0,1,1.0,1,0.25049556681048624,46
831,4,1380,671,709,0,0,0,1.0,1,1.0,1,1.0,1,0.20249626159482545,48
832,1,1381,672,709,0,0,0,1.0,1,1.0,1,1.0,1,0.2097461332224253,47
833,1,1382,673,709,0,0,0,1.0,1,1.0,1,1.0,1,0.21762266494183422,47
834,0,1382,673,709,0,0,0,1.0,1,1.0,1,1.0,1,0.21986443499903163,46
835,0,1382,673,709,0,0,0,1.0,1,1.0,1,1.0,1,0.21579976298486234,45
836,1,1383,673,710,0,0,0,1.0,1,1.0,1,1.0,1,0.2181453293140976,46
837,1,1384,673,711,0,0,0,1.0,1,1.0,1,1.0,1,0.188110311582406,46
838,0,1384,673,711,0,0,0,1.0,1,1.0,1,1.0,1,0.19113608273114505,45
839,3,1387,674,713,0,0,0,1.0,1,1.0,1,1.0,1,0.16585639262429208,46
840,1,1388,674,714,0,0,0,1.0,1,1.0,1,1.0,1,0.1558928644738842,46
841,2,1390,675,715,0,0,0,1.0,1,1.0,1,1.0,1,0.17557940178348747,46
842,1,1391,676,715,0,0,0,1.0,1,1.0,1,1.0,1,0.20076875432447228,46
843,0,1391,676,715,0,0,0,1.0,1,1.0,1,1.0,1,0.20076875432447228,46
844,2,1393,678,715,0,0,0,1.0,1,1.0,1,1.0,1,0.21842450419573575,47
845,2,1395,679,716,0,0,0,1.0,1,1.0,1,1.0,1,0.26756072191608915,48
846,1,1396,679,717,0,0,0,1.0,1,1.0,1,1.0,1,0.25016755931749995,47
847,0,1396,679,717,0,0,0,1.0,1,1.0,1,1.0,1,0.28695470852434685,48
848,2,1398,679,719,0,0,0,1.0,1,1.0,1,1.0,1,0.22843839675328678,48
849,1,1399,680,719,0,0,0,1.0,1,1.0,1,1.0,1,0.2755156894311758,48
850,0,1399,680,719,0,0,0,1.0,1,1.0,1,1.0,1,0.2749574572866122,46
851,4,1403,680,723,0,0,0,1.0,1,1.0,1,1.0,1,0.235300216174869,45
852,2,1405,682,723,0,0,0,1.0,1,1.0,1,1.0,1,0.22099481155300998,44
853,1,1406,683,723,0,0,0,1.0,1,1.0,1,1.0,1,0.22736151928386467,44
854,3,1409,685,724,0,0,0,1.0,1,1.0,1,1.0,1,0.2360629452726773,45
855,1,1410,685,725,0,0,0,1.0,1,1.0,1,1.0,1,0.22001275246111116,46
856,0,1410,685,725,0,0,0,1.0,1,1.0,1,1.0,1,0.22001275246111116,46
857,0,1410,685,725,0,0,0,1.0,1,1.0,1,1.0,1,0.21148045820773279,47
858,4,1414,688,726,0,0,0,1.0,1,1.0,1,1.0,1,0.2320072360666941,48
859,1,1415,688,727,0,0,0,1.0,1,1.0,1,1.0,1,0.20737598827831616,48
860,0,1415,688,727,0,0,0,1.0,1,1.0,1,1.0,1,0.21692872784623293,49
861,3,1418,689,729,0,0,0,1.0,1,1.0,1,1.0,1,0.22472538989260762,49
862,1,1419,689,730,0,0,0,1.0,1,1.0,1,1.0,1,0.2104148670444273,49
863,1,1420,690,730,0,0,0,1.0,1,1.0,1,1.0,1,0.24043440172264727,48
864,2,1422,692,730,0,0,0,1.0,1,1.0,1,1.0,1,0.2835423187805538,49
865,3,1425,692,733,0,0,0,1.0,1,1.0,1,1.0,1,0.21614594496412717,48
866,1,1426,693,733,0,0,0,1.0,1,1.0,1,1.0,1,0.22833345971137467,50
867,1,1427,694,733,0,0,0,1.0,1,1.0,1,1.0,1,0.22444690551787397,50
868,3,1430,696,734,0,0,0,1.0,1,1.0,1,1.0,1,0.25171448610577335,51
869,3,1433,697,736,0,0,0,1.0,1,1.0,1,1.0,1,0.17911346567330122,49
870,0,1433,697,736,0,0,0,1.0,1,1.0,1,1.0,1,0.17911346567330122,49
871,2,1435,698,737,0,0,0,1.0,1,1.0,1,1.0,1,0.1459380937053209,49
872,2,1437,699,738,0,0,0,1.0,1,1.0,1,1.0,1,0.13402346682584737,48
873,4,1441,703,738,0,0,0,1.0,1,1.0,1,1.0,1,0.23363434833178692,49
874,5,1446,703,743,0,0,0,1.0,1,1.0,1,1.0,1,0.15330905821476296,49
875,0,1446,703,743,0,0,0,1.0,1,1.0,1,1.0,1,0.16381870953160937,50
876,1,1447,704,743,0,0,0,1.0,1,1.0,1,1.0,1,0.18045380806570643,50
877,4,1451,708,743,0,0,0,1.0,1,1.0,1,1.0,1,0.1950356459893059,50
878,1,1452,709,743,0,0,0,1.0,1,1.0,1,1.0,1,0.21203515507219314,49
879,1,1453,710,743,0,0,0,1.0,1,1.0,1,1.0,1,0.225089272147177,49
880,2,1455,711,744,0,0,0,1.0,1,1.0,1,1.0,1,0.27077935643561496,48
881,6,1461,712,749,0,0,0,1.0,1,1.0,1,1.0,1,0.1744799005520717,49
882,0,1461,712,749,0,0,0,1.0,1,1.0,1,1.0,1,0.20303022143442417,48
883,2,1463,712,751,0,0,0,1.0,1,1.0,1,1.0,1,0.16703127490455805,50
884,1,1464,713,751,0,0,0,1.0,1,1.0,1,1.0,1,0.2113723784712986,50
885,2,1466,714,752,0,0,0,1.0,1,1.0,1,1.0,1,0.19475984852912914,49
886,0,1466,714,752,0,0,0,1.0,1,1.0,1,1.0,1,0.2195713916424177,49
887,1,1467,715,752,0,0,0,1.0,1,1.0,1,1.0,1,0.22378316711095117,49
888,0,1467,715,752,0,0,0,1.0,1,1.0,1,1.0,1,0.2393382581799624,47
889,2,1469,717,752,0,0,0,1.0,1,1.0,1,1.0,1,0.2951857566923068,46
890,0,1469,717,752,0,0,0,1.0,1,1.0,1,1.0,1,0.29765058330072186,44
891,4,1473,718,755,0,0,0,1.0,1,1.0,1,1.0,1,0.30649716601090554,45
892,4,1477,719,758,0,0,0,1.0,1,1.0,1,1.0,1,0.26199816020784145,45
893,0,1477,719,758,0,0,0,1.0,1,1.0,1,1.0,1,0.26199816020784145,45
894,0,1477,719,758,0,0,0,1.0,1,1.0,1,1.0,1,0.2496245176063945,44
895,1,1478,720,758,0,0,0,1.0,1,1.0,1,1.0,1,0.280588204307646,45
896,2,1480,721,759,0,0,0,1.0,1,1.0,1,1.0,1,0.2723275436909557,44
897,1,1481,721,760,0,0,0,1.0,1,1.0,1,1.0,1,0.24608512693699855,44
898,2,1483,721,762,0,0,0,1.0,1,1.0,1,1.0,1,0.23333951559079266,45
899,0,1483,721,762,0,0,0,1.0,1,1.0,1,1.0,1,0.23458101163189723,44
900,3,1486,721,765,0,0,0,1.0,1,1.0,1,1.0,1,0.2325310165376273,46
901,2,1488,721,767,0,0,0,1.0,1,1.0,1,1.0,1,0.19955135601385882,45
902,3,1491,724,767,0,0,0,1.0,1,1.0,1,1.0,1,0.19624033685367237,45
903,0,1491,724,767,0,0,0,1.0,1,1.0,1,1.0,1,0.23467548520402431,44
904,2,1493,726,767,0,0,0,1.0,1,1.0,1,1.0,1,0.27536629875162355,45
905,5,1498,727,771,0,0,0,1.0,1,1.0,1,1.0,1,0.24989342527891137,45
906,2,1500,728,772,0,0,0,1.0,1,1.0,1,1.0,1,0.21449179052999368,45
907,1,1501,729,772,0,0,0,1.0,1,1.0,1,1.0,1,0.22466418298953267,46
908,2,1503,730,773,0,0,0,1.0,1,1.0,1,1.0,1,0.18794246432695974,46
909,4,1507,733,774,0,0,0,1.0,1,1.0,1,1.0,1,0.19722050221882304,46
910,1,1508,733,775,0,0,0,1.0,1,1.0,1,1.0,1,0.2212187654034202,44
911,3,1511,734,777,0,0,0,1.0,1,1.0,1,1.0,1,0.1566137871222682,45
912,0,1511,734,777,0,0,0,1.0,1,1.0,1,1.0,1,0.17781248404763067,44
913,1,1512,734,778,0,0,0,1.0,1,1.0,1,1.0,1,0.17701998191358956,45
914,2,1514,736,778,0,0,0,1.0,1,1.0,1,1.0,1,0.20488866871680242,45
915,0,1514,736,778,0,0,0,1.0,1,1.0,1,1.0,1,0.20488866871680242,45
916,0,1514,736,778,0,0,0,1.0,1,1.0,1,1.0,1,0.20488866871680242,45
917,3,1517,737,780,0,0,0,1.0,1,1.0,1,1.0,1,0.23878298037309786,46
918,2,1519,738,781,0,0,0,1.0,1,1.0,1,1.0,1,0.23302628724189076,47
919,0,1519,738,781,0,0,0,1.0,1,1.0,1,1.0,1,0.23302628724189076,47
920,0,1519,738,781,0,0,0,1.0,1,1.0,1,1.0,1,0.23302628724189076,47
921,6,1525,740,785,0,0,0,1.0,1,1.0,1,1.0,1,0.18267823310783246,49
922,3,1528,742,786,0,0,0,1.0,1,1.0,1,1.0,1,0.14926021833589095,49
923,1,1529,743,786,0,0,0,1.0,1,1.0,1,1.0,1,0.20259244251775232,47
924,1,1530,744,786,0,0,0,1.0,1,1.0,1,1.0,1,0.23593228748535755,47
925,2,1532,745,787,0,0,0,1.0,1,1.0,1,1.0,1,0.24840614793887925,47
926,1,1533,745,788,0,0,0,1.0,1,1.0,1,1.0,1,0.26048195706891125,46
927,2,1535,745,790,0,0,0,1.0,1,1.0,1,1.0,1,0.2485518207819327,45
928,0,1535,745,790,0,0,0,1.0,1,1.0,1,1.0,1,0.24966422679390943,43
929,0,1535,745,790,0,0,0,1.0,1,1.0,1,1.0,1,0.2716513089438394,42
930,1,1536,746,790,0,0,0,1.0,1,1.0,1,1.0,1,0.27795712981353743,41
931,4,1540,748,792,0,0,0,1.0,1,1.0,1,1.0,1,0.23895512490599372,40
932,1,1541,748,793,0,0,0,1.0,1,1.0,1,1.0,1,0.22662892196975454,40
933,2,1543,750,793,0,0,0,1.0,1,1.0,1,1.0,1,0.232167385668482,39
934,2,1545,751,794,0,0,0,1.0,1,1.0,1,1.0,1,0.24404796213724927,39
935,4,1549,753,796,0,0,0,1.0,1,1.0,1,1.0,1,0.2910428188185049,41
936,1,1550,753,797,0,0,0,1.0,1,1.0,1,1.0,1,0.26941954733537493,42
937,2,1552,754,798,0,0,0,1.0,1,1.0,1,1.0,1,0.3179967094330139,43
938,2,1554,754,800,0,0,0,1.0,1,1.0,1,1.0,1,0.31656675273902685,44
939,1,1555,754,801,0,0,0,1.0,1,1.0,1,1.0,1,0.2940756644140786,46
940,0,1555,754,801,0,0,0,1.0,1,1.0,1,1.0,1,0.31132485655956654,46
941,0,1555,754,801,0,0,0,1.0,1,1.0,1,1.0,1,0.31132485655956654,46
942,2,1557,755,802,0,0,0,1.0,1,1.0,1,1.0,1,0.2855379567501158,46
943,3,1560,756,804,0,0,0,1.0,1,1.0,1,1.0,1,0.2524897315991107,45
944,2,1562,758,804,0,0,0,1.0,1,1.0,1,1.0,1,0.25378029958450743,45
945,3,1565,759,806,0,0,0,1.0,1,1.0,1,1.0,1,0.2125677880776521,44
946,2,1567,761,806,0,0,0,1.0,1,1.0,1,1.0,1,0.23738069056040112,46
947,0,1567,761,806,0,0,0,1.0,1,1.0,1,1.0,1,0.2317642381893897,44
948,1,1568,762,806,0,0,0,1.0,1,1.0,1,1.0,1,0.2528738385721639,44
949,5,1573,763,810,0,0,0,1.0,1,1.0,1,1.0,1,0.30983607375048017,44
950,1,1574,763,811,0,0,0,1.0,1,1.0,1,1.0,1,0.31050885555786983,43
951,4,1578,763,815,0,0,0,1.0,1,1.0,1,1.0,1,0.2651158789211253,42
952,1,1579,764,815,0,0,0,1.0,1,1.0,1,1.0,1,0.2852283628371208,42
953,0,1579,764,815,0,0,0,1.0,1,1.0,1,1.0,1,0.27377173602566324,41
954,1,1580,765,815,0,0,0,1.0,1,1.0,1,1.0,1,0.2660095025131357,40
955,0,1580,765,815,0,0,0,1.0,1,1.0,1,1.0,1,0.2585956360905112,42
956,2,1582,767,815,0,0,0,1.0,1,1.0,1,1.0,1,0.26330927901113926,43
957,0,1582,767,815,0,0,0,1.0,1,1.0,1,1.0,1,0.2686351957440064,42
958,1,1583,767,816,0,0,0,1.0,1,1.0,1,1.0,1,0.2980133827685148,43
959,4,1587,767,820,0,0,0,1.0,1,1.0,1,1.0,1,0.24908612108779532,45
960,2,1589,768,821,0,0,0,1.0,1,1.0,1,1.0,1,0.2674440599206532,47
961,1,1590,768,822,0,0,0,1.0,1,1.0,1,1.0,1,0.27376062897801573,45
962,2,1592,770,822,0,0,0,1.0,1,1.0,1,1.0,1,0.30615974674833873,45
963,2,1594,771,823,0,0,0,1.0,1,1.0,1,1.0,1,0.3063090424060541,44
964,4,1598,772,826,0,0,0,1.0,1,1.0,1,1.0,1,0.28796064662033216,44
965,3,1601,772,829,0,0,0,1.0,1,1.0,1,1.0,1,0.23539085197327264,45
966,1,1602,772,830,0,0,0,1.0,1,1.0,1,1.0,1,0.23840370986507756,43
967,0,1602,772,830,0,0,0,1.0,1,1.0,1,1.0,1,0.23840370986507756,43
968,0,1602,772,830,0,0,0,1.0,1,1.0,1,1.0,1,0.23741785223482295,43
969,0,1602,772,830,0,0,0,1.0,1,1.0,1,1.0,1,0.25645492799471314,42
970,1,1603,772,831,0,0,0,1.0,1,1.0,1,1.0,1,0.28181437848538515,42
971,2,1605,773,832,0,0,0,1.0,1,1.0,1,1.0,1,0.2533875566986536,42
972,0,1605,773,832,0,0,0,1.0,1,1.0,1,1.0,1,0.2533875566986536,42
973,0,1605,773,832,0,0,0,1.0,1,1.0,1,1.0,1,0.2639151196819499,43
974,2,1607,775,832,0,0,0,1.0,1,1.0,1,1.0,1,0.27481344998124735,43
975,1,1608,775,833,0,0,0,1.0,1,1.0,1,1.0,1,0.25780900183385186,43
976,0,1608,775,833,0,0,0,1.0,1,1.0,1,1.0,1,0.2746763581794626,45
977,0,1608,775,833,0,0,0,1.0,1,1.0,1,1.0,1,0.2956355994718441,44
978,1,1609,775,834,0,0,0,1.0,1,1.0,1,1.0,1,0.2661413155851065,44
979,1,1610,776,834,0,0,0,1.0,1,1.0,1,1.0,1,0.26661545872142567,45
980,1,1611,777,834,0,0,0,1.0,1,1.0,1,1.0,1,0.29447152651600117,45
981,2,1613,779,834,0,0,0,1.0,1,1.0,1,1.0,1,0.2789878612330743,45
982,3,1616,781,835,0,0,0,1.0,1,1.0,1,1.0,1,0.3403896096648549,46
983,4,1620,783,837,0,0,0,1.0,1,1.0,1,1.0,1,0.33101491263804755,45
984,1,1621,784,837,0,0,0,1.0,1,1.0,1,1.0,1,0.3275095361553012,45
985,5,1626,787,839,0,0,0,1.0,1,1.0,1,1.0,1,0.33344491598468434,45
986,3,1629,790,839,0,0,0,1.0,1,1.0,1,1.0,1,0.3660556898516167,44
987,3,1632,790,842,0,0,0,1.0,1,1.0,1,1.0,1,0.3392380228230027,45
988,1,1633,791,842,0,0,0,1.0,1,1.0,1,1.0,1,0.3572322473814031,44
989,1,1634,792,842,0,0,0,1.0,1,1.0,1,1.0,1,0.36397010335843133,43
990,2,1636,794,842,0,0,0,1.0,1,1.0,1,1.0,1,0.38886296902671286,42
991,0,1636,794,842,0,0,0,1.0,1,1.0,1,1.0,1,0.3668188749859639,42
992,1,1637,794,843,0,0,0,1.0,1,1.0,1,1.0,1,0.3396582158147811,43
993,3,1640,797,843,0,0,0,1.0,1,1.0,1,1.0,1,0.3678753441384869,43
994,1,1641,797,844,0,0,0,1.0,1,1.0,1,1.0,1,0.3565524199140207,43
995,0,1641,797,844,0,0,0,1.0,1,1.0,1,1.0,1,0.3420334773060637,43
996,1,1642,797,845,0,0,0,1.0,1,1.0,1,1.0,1,0.3401611967313808,44
997,1,1643,797,846,0,0,0,1.0,1,1.0,1,1.0,1,0.3205356974286547,44
998,0,1643,797,846,0,0,0,1.0,1,1.0,1,1.0,1,0.3328911594003866,45
999,0,1643,797,846,0,0,0,1.0,1,1.0,1,1.0,1,0.3459322628466475,42
1000,0,1643,797,846,0,0,0,1.0,1,1.0,1,1.0,1,0.3591471816470567,43
1001,2,1645,797,848,0,0,0,1.0,1,1.0,1,1.0,1,0.36088817614336227,42
1002,0,1645,797,848,0,0,0,1.0,1,1.0,1,1.0,1,0.34853206758904054,43
1003,0,1645,797,848,0,0,0,1.0,1,1.0,1,1.0,1,0.34853206758904054,43
1004,0,1645,797,848,0,0,0,1.0,1,1.0,1,1.0,1,0.34853206758904054,43
1005,0,1645,797,848,0,0,0,1.0,1,1.0,1,1.0,1,0.3576417203876593,44
1006,4,1649,797,852,0,0,0,1.0,1,1.0,1,1.0,1,0.2956599141792604,46
1007,0,1649,797,852,0,0,0,1.0,1,1.0,1,1.0,1,0.2956599141792604,46
1008,2,1651,797,854,0,0,0,1.0,1,1.0,1,1.0,1,0.28302811635438374,47
1009,1,1652,797,855,0,0,0,1.0,1,1.0,1,1.0,1,0.25511322908855905,48
1010,0,1652,797,855,0,0,0,1.0,1,1.0,1,1.0,1,0.25511322908855905,48
1011,3,1655,798,857,0,0,0,1.0,1,1.0,1,1.0,1,0.21731339448022285,48
1012,3,1658,800,858,0,0,0,1.0,1,1.0,1,1.0,1,0.20548690086418986,49
1013,2,1660,801,859,0,0,0,1.0,1,1.0,1,1.0,1,0.19089888706831964,50
1014,1,1661,802,859,0,0,0,1.0,1,1.0,1,1.0,1,0.19991772822564283,50
1015,0,1661,802,859,0,0,0,1.0,1,1.0,1,1.0,1,0.21599465743273205,51
1016,3,1664,803,861,0,0,0,1.0,1,1.0,1,1.0,1,0.20737214447319724,51
1017,1,1665,803,862,0,0,0,1.0,1,1.0,1,1.0,1,0.20305278266421198,52
1018,5,1670,804,866,0,0,0,1.0,1,1.0,1,1.0,1,0.17321453166992787,52
1019,1,1671,805,866,0,0,0,1.0,1,1.0,1,1.0,1,0.209304741087472,52
1020,1,1672,806,866,0,0,0,1.0,1,1.0,1,1.0,1,0.1830978393366642,53
1021,2,1674,806,868,0,0,0,1.0,1,1.0,1,1.0,1,0.1921882848207801,53
1022,0,1674,806,868,0,0,0,1.0,1,1.0,1,1.0,1,0.19701919900661766,54
1023,1,1675,807,868,0,0,0,1.0,1,1.0,1,1.0,1,0.21542144373271155,55
1024,1,1676,808,868,0,0,0,1.0,1,1.0,1,1.0,1,0.22804012314568278,55
1025,0,1676,808,868,0,0,0,1.0,1,1.0,1,1.0,1,0.21934966704759642,56
1026,3,1679,809,870,0,0,0,1.0,1,1.0,1,1.0,1,0.2507115244088591,57
1027,1,1680,809,871,0,0,0,1.0,1,1.0,1,1.0,1,0.23648650596808882,58
1028,1,1681,810,871,0,0,0,1.0,1,1.0,1,1.0,1,0.25447474458687314,58
1029,2,1683,811,872,0,0,0,1.0,1,1.0,1,1.0,1,0.25410303038449567,59
1030,1,1684,811,873,0,0,0,1.0,1,1.0,1,1.0,1,0.24338975367875512,60
1031,2,1686,811,875,0,0,0,1.0,1,1.0,1,1.0,1,0.2175549324007513,60
1032,1,1687,811,876,0,0,0,1.0,1,1.0,1,1.0,1,0.21475787809307834,61
1033,3,1690,811,879,0,0,0,1.0,1,1.0,1,1.0,1,0.14963078407957764,60
1034,2,1692,813,879,0,0,0,1.0,1,1.0,1,1.0,1,0.14246163245536667,60
1035,1,1693,814,879,0,0,0,1.0,1,1.0,1,1.0,1,0.1526382905806276,59
1036,3,1696,816,880,0,0,0,1.0,1,1.0,1,1.0,1,0.17877759253624756,60
1037,1,1697,817,880,0,0,0,1.0,1,1.0,1,1.0,1,0.2061994085984866,59
1038,6,1703,821,882,0,0,0,1.0,1,1.0,1,1.0,1,0.2072294064420554,60
1039,7,1710,824,886,0,0,0,1.0,1,1.0,1,1.0,1,0.2215644490590515,60
1040,8,1718,825,893,0,0,0,1.0,1,1.0,1,1.0,1,0.2523786528779126,58
1041,8,1726,826,900,0,0,0,1.0,1,1.0,1,1.0,1,0.14515830429634835,56
1042,0,1726,826,900,0,0,0,1.0,1,1.0,1,1.0,1,0.19108517558662505,55
1043,0,1726,826,900,0,0,0,1.0,1,1.0,1,1.0,1,0.19108517558662505,55
1044,1,1727,827,900,0,0,0,1.0,1,1.0,1,1.0,1,0.20938554257385206,52
1045,2,1729,827,902,0,0,0,1.0,1,1.0,1,1.0,1,0.2310216404215205,52
1046,3,1732,828,904,0,0,0,1.0,1,1.0,1,1.0,1,0.22784283723665047,53
1047,3,1735,828,907,0,0,0,1.0,1,1.0,1,1.0,1,0.20808399158046087,54
1048,2,1737,829,908,0,0,0,1.0,1,1.0,1,1.0,1,0.2217058187119752,56
1049,6,1743,830,913,0,0,0,1.0,1,1.0,1,1.0,1,0.2568668983882476,55
1050,5,1748,831,917,0,0,0,1.0,1,1.0,1,1.0,1,0.21667756080366218,56
1051,1,1749,831,918,0,0,0,1.0,1,1.0,1,1.0,1,0.18286387962697073,55
1052,2,1751,831,920,0,0,0,1.0,1,1.0,1,1.0,1,0.16546958935183548,56
1053,3,1754,832,922,0,0,0,1.0,1,1.0,1,1.0,1,0.14035989317654643,56
1054,0,1754,832,922,0,0,0,1.0,1,1.0,1,1.0,1,0.15158697868139548,57
1055,0,1754,832,922,0,0,0,1.0,1,1.0,1,1.0,1,0.16199355829992948,58
1056,0,1754,832,922,0,0,0,1.0,1,1.0,1,1.0,1,0.17344319565656685,59
1057,5,1759,833,926,0,0,0,1.0,1,1.0,1,1.0,1,0.149211083047991,60
1058,1,1760,834,926,0,0,0,1.0,1,1.0,1,1.0,1,0.17822127505687727,60
1059,0,1760,834,926,0,0,0,1.0,1,1.0,1,1.0,1,0.17822127505687727,60
1060,2,1762,835,927,0,0,0,1.0,1,1.0,1,1.0,1,0.19373927003412927,60
1061,4,1766,837,929,0,0,0,1.0,1,1.0,1,1.0,1,0.16688450442312155,59
1062,1,1767,838,929,0,0,0,1.0,1,1.0,1,1.0,1,0.2106301508619307,59
1063,1,1768,839,929,0,0,0,1.0,1,1.0,1,1.0,1,0.1994814656165888,58
1064,3,1771,841,930,0,0,0,1.0,1,1.0,1,1.0,1,0.22327061653482264,58
1065,2,1773,842,931,0,0,0,1.0,1,1.0,1,1.0,1,0.21027513275097204,60
1066,2,1775,843,932,0,0,0,1.0,1,1.0,1,1.0,1,0.22689976261511416,58
1067,1,1776,844,932,0,0,0,1.0,1,1.0,1,1.0,1,0.2617456161175538,59
1068,1,1777,845,932,0,0,0,1.0,1,1.0,1,1.0,1,0.2655410012663295,59
1069,1,1778,846,932,0,0,0,1.0,1,1.0,1,1.0,1,0.3022015463539847,58
1070,5,1783,848,935,0,0,0,1.0,1,1.0,1,1.0,1,0.2612717454457795,58
1071,6,1789,849,940,0,0,0,1.0,1,1.0,1,1.0,1,0.22546283722603233,57
1072,1,1790,849,941,0,0,0,1.0,1,1.0,1,1.0,1,0.2056099517823287,56
1073,0,1790,849,941,0,0,0,1.0,1,1.0,1,1.0,1,0.22968494075369686,54
1074,1,1791,849,942,0,0,0,1.0,1,1.0,1,1.0,1,0.22407241005581835,54
1075,2,1793,850,943,0,0,0,1.0,1,1.0,1,1.0,1,0.20791539590755168,51
1076,0,1793,850,943,0,0,0,1.0,1,1.0,1,1.0,1,0.2093434804229259,51
1077,1,1794,851,943,0,0,0,1.0,1,1.0,1,1.0,1,0.19657956133925547,51
1078,5,1799,853,946,0,0,0,1.0,1,1.0,1,1.0,1,0.22922424693202306,52
1079,3,1802,856,946,0,0,0,1.0,1,1.0,1,1.0,1,0.22707597837552052,51
1080,3,1805,859,946,0,0,0,1.0,1,1.0,1,1.0,1,0.2739561594713505,51
1081,4,1809,860,949,0,0,0,1.0,1,1.0,1,1.0,1,0.27566486095662535,48
1082,2,1811,861,950,0,0,0,1.0,1,1.0,1,1.0,1,0.28585182624716127,47
1083,2,1813,863,950,0,0,0,1.0,1,1.0,1,1.0,1,0.3386570942527431,46
1084,0,1813,863,950,0,0,0,1.0,1,1.0,1,1.0,1,0.32897609736683237,45
1085,0,1813,863,950,0,0,0,1.0,1,1.0,1,1.0,1,0.3147505457350118,46
1086,0,1813,863,950,0,0,0,1.0,1,1.0,1,1.0,1,0.3051420431342761,45
1087,1,1814,863,951,0,0,0,1.0,1,1.0,1,1.0,1,0.3094012158818116,44
1088,1,1815,864,951,0,0,0,1.0,1,1.0,1,1.0,1,0.2938673153311993,45
1089,2,1817,866,951,0,0,0,1.0,1,1.0,1,1.0,1,0.2970692330750904,46
1090,1,1818,866,952,0,0,0,1.0,1,1.0,1,1.0,1,0.2923510939029276,47
1091,2,1820,867,953,0,0,0,1.0,1,1.0,1,1.0,1,0.27920982914707526,47
1092,1,1821,867,954,0,0,0,1.0,1,1.0,1,1.0,1,0.25460200184599086,48
1093,1,1822,868,954,0,0,0,1.0,1,1.0,1,1.0,1,0.2683976792335146,48
1094,2,1824,870,954,0,0,0,1.0,1,1.0,1,1.0,1,0.29884356714971627,48
1095,4,1828,870,958,0,0,0,1.0,1,1.0,1,1.0,1,0.25258787068101185,49
1096,0,1828,870,958,0,0,0,1.0,1,1.0,1,1.0,1,0.25258787068101185,49
1097,3,1831,872,959,0,0,0,1.0,1,1.0,1,1.0,1,0.21662478156127238,50
1098,0,1831,872,959,0,0,0,1.0,1,1.0,1,1.0,1,0.22676400711650896,51
1099,1,1832,872,960,0,0,0,1.0,1,1.0,1,1.0,1,0.2107581338756885,54
1100,0,1832,872,960,0,0,0,1.0,1,1.0,1,1.0,1,0.2107581338756885,54
1101,4,1836,873,963,0,0,0,1.0,1,1.0,1,1.0,1,0.172432568813062,54
1102,0,1836,873,963,0,0,0,1.0,1,1.0,1,1.0,1,0.18975928937388764,54
1103,1,1837,874,963,0,0,0,1.0,1,1.0,1,1.0,1,0.2114632971622221,53
1104,1,1838,875,963,0,0,0,1.0,1,1.0,1,1.0,1,0.185409899226654,53
1105,1,1839,876,963,0,0,0,1.0,1,1.0,1,1.0,1,0.18437089078772848,52
1106,0,1839,876,963,0,0,0,1.0,1,1.0,1,1.0,1,0.19686586556371122,52
1107,2,1841,878,963,0,0,0,1.0,1,1.0,1,1.0,1,0.25150243836575054,52
1108,3,1844,881,963,0,0,0,1.0,1,1.0,1,1.0,1,0.29025869750404454,51
1109,3,1847,884,963,0,0,0,1.0,1,1.0,1,1.0,1,0.30578570476786787,49
1110,0,1847,884,963,0,0,0,1.0,1,1.0,1,1.0,1,0.3096379713589481,48
1111,9,1856,888,968,0,0,0,1.0,1,1.0,1,1.0,1,0.30822742443611756,47
1112,1,1857,889,968,0,0,0,1.0,1,1.0,1,1.0,1,0.341010843610455,46
1113,1,1858,890,968,0,0,0,1.0,1,1.0,1,1.0,1,0.33722376080478306,43
1114,0,1858,890,968,0,0,0,1.0,1,1.0,1,1.0,1,0.36203350329034456,41
1115,5,1863,893,970,0,0,0,1.0,1,1.0,1,1.0,1,0.2986916688781689,40
1116,1,1864,893,971,0,0,0,1.0,1,1.0,1,1.0,1,0.2489420227703613,39
1117,4,1868,896,972,0,0,0,1.0,1,1.0,1,1.0,1,0.26919434346301296,40
1118,4,1872,897,975,0,0,0,1.0,1,1.0,1,1.0,1,0.2298989595882518,40
1119,2,1874,897,977,0,0,0,1.0,1,1.0,1,1.0,1,0.2587342895572959,40
1120,2,1876,897,979,0,0,0,1.0,1,1.0,1,1.0,1,0.2235787924809331,40
1121,2,1878,898,980,0,0,0,1.0,1,1.0,1,1.0,1,0.23367393222602312,40
1122,1,1879,898,981,0,0,0,1.0,1,1.0,1,1.0,1,0.23985473578747063,41
1123,1,1880,899,981,0,0,0,1.0,1,1.0,1,1.0,1,0.26479992115108286,41
1124,0,1880,899,981,0,0,0,1.0,1,1.0,1,1.0,1,0.26479992115108286,41
1125,4,1884,900,984,0,0,0,1.0,1,1.0,1,1.0,1,0.29430065844439324,41
1126,0,1884,900,984,0,0,0,1.0,1,1.0,1,1.0,1,0.26659798690042735,41
1127,0,1884,900,984,0,0,0,1.0,1,1.0,1,1.0,1,0.26659798690042735,41
1128,1,1885,900,985,0,0,0,1.0,1,1.0,1,1.0,1,0.25191475334793895,42
1129,0,1885,900,985,0,0,0,1.0,1,1.0,1,1.0,1,0.25191475334793895,42
1130,0,1885,900,985,0,0,0,1.0,1,1.0,1,1.0,1,0.25191475334793895,42
1131,1,1886,900,986,0,0,0,1.0,1,1.0,1,1.0,1,0.22501899628167857,42
1132,1,1887,901,986,0,0,0,1.0,1,1.0,1,1.0,1,0.18813363392983196,43
1133,1,1888,901,987,0,0,0,1.0,1,1.0,1,1.0,1,0.14815004603009768,45
1134,0,1888,901,987,0,0,0,1.0,1,1.0,1,1.0,1,0.15865464601848664,46
1135,0,1888,901,987,0,0,0,1.0,1,1.0,1,1.0,1,0.170447774057227,45
1136,1,1889,901,988,0,0,0,1.0,1,1.0,1,1.0,1,0.18887520594910157,48
1137,5,1894,901,993,0,0,0,1.0,1,1.0,1,1.0,1,0.15415382326801777,49
1138,0,1894,901,993,0,0,0,1.0,1,1.0,1,1.0,1,0.15415382326801777,49
1139,0,1894,901,993,0,0,0,1.0,1,1.0,1,1.0,1,0.1941853142312116,49
1140,0,1894,901,993,0,0,0,1.0,1,1.0,1,1.0,1,0.1941853142312116,49
1141,5,1899,903,996,0,0,0,1.0,1,1.0,1,1.0,1,0.19893046902363765,48
1142,5,1904,907,997,0,0,0,1.0,1,1.0,1,1.0,1,0.16810536240435425,48
1143,3,1907,910,997,0,0,0,1.0,1,1.0,1,1.0,1,0.2214548311315912,48
1144,6,1913,914,999,0,0,0,1.0,1,1.0,1,1.0,1,0.1808999975864524,48
1145,3,1916,916,1000,0,0,0,1.0,1,1.0,1,1.0,1,0.20785521297871343,48
1146,2,1918,917,1001,0,0,0,1.0,1,1.0,1,1.0,1,0.2231841493495034,48
1147,0,1918,917,1001,0,0,0,1.0,1,1.0,1,1.0,1,0.2769559348932082,46
1148,2,1920,919,1001,0,0,0,1.0,1,1.0,1,1.0,1,0.24661632838848974,46
1149,2,1922,919,1003,0,0,0,1.0,1,1.0,1,1.0,1,0.302115905324185,45
1150,3,1925,921,1004,0,0,0,1.0,1,1.0,1,1.0,1,0.28234046985602923,46
1151,7,1932,924,1008,0,0,0,1.0,1,1.0,1,1.0,1,0.2400980617435062,44
1152,1,1933,924,1009,0,0,0,1.0,1,1.0,1,1.0,1,0.18043337292089864,44
1153,3,1936,927,1009,0,0,0,1.0,1,1.0,1,1.0,1,0.24168000924742905,43
1154,1,1937,927,1010,0,0,0,1.0,1,1.0,1,1.0,1,0.20737905278699373,43
1155,1,1938,928,1010,0,0,0,1.0,1,1.0,1,1.0,1,0.2126348866179276,43
1156,1,1939,928,1011,0,0,0,1.0,1,1.0,1,1.0,1,0.20601943319627825,42
1157,3,1942,929,1013,0,0,0,1.0,1,1.0,1,1.0,1,0.22491175972623564,42
1158,1,1943,929,1014,0,0,0,1.0,1,1.0,1,1.0,1,0.1958599418280516,41
1159,1,1944,929,1015,0,0,0,1.0,1,1.0,1,1.0,1,0.24339999714736107,41
1160,3,1947,929,1018,0,0,0,1.0,1,1.0,1,1.0,1,0.22532073246647713,41
1161,0,1947,929,1018,0,0,0,1.0,1,1.0,1,1.0,1,0.23141085546604107,42
1162,1,1948,929,1019,0,0,0,1.0,1,1.0,1,1.0,1,0.22969612365682768,43
1163,0,1948,929,1019,0,0,0,1.0,1,1.0,1,1.0,1,0.22969612365682768,43
1164,0,1948,929,1019,0,0,0,1.0,1,1.0,1,1.0,1,0.21891164078106745,44
1165,0,1948,929,1019,0,0,0,1.0,1,1.0,1,1.0,1,0.21891164078106745,44
1166,3,1951,930,1021,0,0,0,1.0,1,1.0,1,1.0,1,0.2201842971320036,46
1167,1,1952,931,1021,0,0,0,1.0,1,1.0,1,1.0,1,0.22500678553367365,46
1168,4,1956,932,1024,0,0,0,1.0,1,1.0,1,1.0,1,0.16345438734526468,47
1169,1,1957,933,1024,0,0,0,1.0,1,1.0,1,1.0,1,0.15320407498164895,46
1170,1,1958,933,1025,0,0,0,1.0,1,1.0,1,1.0,1,0.14386183053611384,48
1171,2,1960,935,1025,0,0,0,1.0,1,1.0,1,1.0,1,0.16067483463600987,49
1172,0,1960,935,1025,0,0,0,1.0,1,1.0,1,1.0,1,0.16067483463600987,49
1173,0,1960,935,1025,0,0,0,1.0,1,1.0,1,1.0,1,0.16067483463600987,49
1174,1,1961,936,1025,0,0,0,1.0,1,1.0,1,1.0,1,0.17209929376182445,49
1175,0,1961,936,1025,0,0,0,1.0,1,1.0,1,1.0,1,0.18129306655290278,50
1176,2,1963,936,1027,0,0,0,1.0,1,1.0,1,1.0,1,0.18791232175658465,52
1177,2,1965,938,1027,0,0,0,1.0,1,1.0,1,1.0,1,0.21082895945877744,52
1178,0,1965,938,1027,0,0,0,1.0,1,1.0,1,1.0,1,0.21082895945877744,52
1179,0,1965,938,1027,0,0,0,1.0,1,1.0,1,1.0,1,0.19231460708457898,53
1180,0,1965,938,1027,0,0,0,1.0,1,1.0,1,1.0,1,0.18942138677295614,54
1181,0,1965,938,1027,0,0,0,1.0,1,1.0,1,1.0,1,0.20036511967107418,55
1182,2,1967,940,1027,0,0,0,1.0,1,1.0,1,1.0,1,0.22912464807289112,55
1183,2,1969,942,1027,0,0,0,1.0,1,1.0,1,1.0,1,0.22382165655605435,53
1184,1,1970,943,1027,0,0,0,1.0,1,1.0,1,1.0,1,0.24087311787087465,54
1185,0,1970,943,1027,0,0,0,1.0,1,1.0,1,1.0,1,0.23654798628378412,53
1186,3,1973,944,1029,0,0,0,1.0,1,1.0,1,1.0,1,0.25510960882416805,54
1187,3,1976,945,1031,0,0,0,1.0,1,1.0,1,1.0,1,0.26978920339395174,55
1188,0,1976,945,1031,0,0,0,1.0,1,1.0,1,1.0,1,0.26978920339395174,55
1189,1,1977,945,1032,0,0,0,1.0,1,1.0,1,1.0,1,0.2620280571342915,54
1190,2,1979,946,1033,0,0,0,1.0,1,1.0,1,1.0,1,0.2577278245282552,55
1191,5,1984,946,1038,0,0,0,1.0,1,1.0,1,1.0,1,0.17300928185866965,54
1192,3,1987,947,1040,0,0,0,1.0,1,1.0,1,1.0,1,0.13401953867946853,52
1193,2,1989,947,1042,0,0,0,1.0,1,1.0,1,1.0,1,0.14299680034651038,53
1194,1,1990,948,1042,0,0,0,1.0,1,1.0,1,1.0,1,0.1758447669088031,53
1195,4,1994,950,1044,0,0,0,1.0,1,1.0,1,1.0,1,0.1802393901553143,54
1196,1,1995,950,1045,0,0,0,1.0,1,1.0,1,1.0,1,0.19826347610662298,56
1197,5,2000,952,1048,0,0,0,1.0,1,1.0,1,1.0,1,0.19854654122857207,56
1198,3,2003,953,1050,0,0,0,1.0,1,1.0,1,1.0,1,0.21157675355579264,58
1199,2,2005,954,1051,0,0,0,1.0,1,1.0,1,1.0,1,0.22528547596603005,58
1200,1,2006,954,1052,0,0,0,1.0,1,1.0,1,1.0,1,0.23506652632929778,58
1201,8,2014,955,1059,0,0,0,1.0,1,1.0,1,1.0,1,0.1068310712226543,58
1202,1,2015,955,1060,0,0,0,1.0,1,1.0,1,1.0,1,0.08963475331068937,60
1203,0,2015,955,1060,0,0,0,1.0,1,1.0,1,1.0,1,0.10751791929972364,58
1204,1,2016,956,1060,0,0,0,1.0,1,1.0,1,1.0,1,0.1313558911264888,59
1205,1,2017,957,1060,0,0,0,1.0,1,1.0,1,1.0,1,0.15255121445404865,59
1206,0,2017,957,1060,0,0,0,1.0,1,1.0,1,1.0,1,0.1736624912284511,58
1207,0,2017,957,1060,0,0,0,1.0,1,1.0,1,1.0,1,0.1862091521041091,60
1208,0,2017,957,1060,0,0,0,1.0,1,1.0,1,1.0,1,0.1862091521041091,60
1209,2,2019,957,1062,0,0,0,1.0,1,1.0,1,1.0,1,0.181469263425447,61
1210,0,2019,957,1062,0,0,0,1.0,1,1.0,1,1.0,1,0.181469263425447,61
1211,1,2020,957,1063,0,0,0,1.0,1,1.0,1,1.0,1,0.15167167260499195,63
1212,0,2020,957,1063,0,0,0,1.0,1,1.0,1,1.0,1,0.15167167260499195,63
1213,1,2021,958,1063,0,0,0,1.0,1,1.0,1,1.0,1,0.16004780163591684,63
1214,1,2022,959,1063,0,0,0,1.0,1,1.0,1,1.0,1,0.21146149390768954,62
1215,1,2023,959,1064,0,0,0,1.0,1,1.0,1,1.0,1,0.1931353498316074,63
1216,2,2025,959,1066,0,0,0,1.0,1,1.0,1,1.0,1,0.19801596730944823,64
1217,0,2025,959,1066,0,0,0,1.0,1,1.0,1,1.0,1,0.20057836141030203,65
1218,0,2025,959,1066,0,0,0,1.0,1,1.0,1,1.0,1,0.21735712936745236,64
1219,2,2027,959,1068,0,0,0,1.0,1,1.0,1,1.0,1,0.21567559161058047,65
1220,1,2028,960,1068,0,0,0,1.0,1,1.0,1,1.0,1,0.2377181336230341,64
1221,5,2033,961,1072,0,0,0,1.0,1,1.0,1,1.0,1,0.1868897405477122,65
1222,2,2035,962,1073,0,0,0,1.0,1,1.0,1,1.0,1,0.1738192354967389,66
1223,1,2036,963,1073,0,0,0,1.0,1,1.0,1,1.0,1,0.16686659044238167,64
1224,4,2040,966,1074,0,0,0,1.0,1,1.0,1,1.0,1,0.16410083310813897,66
1225,3,2043,968,1075,0,0,0,1.0,1,1.0,1,1.0,1,0.14742287390910083,66
1226,2,2045,969,1076,0,0,0,1.0,1,1.0,1,1.0,1,0.16034635343913936,68
1227,1,2046,970,1076,0,0,0,1.0,1,1.0,1,1.0,1,0.13780360636951172,64
1228,0,2046,970,1076,0,0,0,1.0,1,1.0,1,1.0,1,0.1406936499315874,62
1229,1,2047,970,1077,0,0,0,1.0,1,1.0,1,1.0,1,0.11517198583368984,61
1230,1,2048,971,1077,0,0,0,1.0,1,1.0,1,1.0,1,0.1480837960535836,58
1231,2,2050,971,1079,0,0,0,1.0,1,1.0,1,1.0,1,0.11235827661679085,57
1232,1,2051,972,1079,0,0,0,1.0,1,1.0,1,1.0,1,0.190374954369562,53
1233,2,2053,974,1079,0,0,0,1.0,1,1.0,1,1.0,1,0.19467960477059781,53
1234,1,2054,974,1080,0,0,0,1.0,1,1.0,1,1.0,1,0.16377340971191287,54
1235,0,2054,974,1080,0,0,0,1.0,1,1.0,1,1.0,1,0.20087039200044457,55
1236,1,2055,975,1080,0,0,0,1.0,1,1.0,1,1.0,1,0.23260139289148096,55
1237,3,2058,977,1081,0,0,0,1.0,1,1.0,1,1.0,1,0.2216885326213803,55
1238,1,2059,977,1082,0,0,0,1.0,1,1.0,1,1.0,1,0.22131469082795338,54
1239,0,2059,977,1082,0,0,0,1.0,1,1.0,1,1.0,1,0.21974287858906755,55
1240,0,2059,977,1082,0,0,0,1.0,1,1.0,1,1.0,1,0.21974287858906755,55
1241,3,2062,978,1084,0,0,0,1.0,1,1.0,1,1.0,1,0.16797805770814656,54
1242,0,2062,978,1084,0,0,0,1.0,1,1.0,1,1.0,1,0.17732711052569441,54
1243,2,2064,979,1085,0,0,0,1.0,1,1.0,1,1.0,1,0.18533902097115199,55
1244,0,2064,979,1085,0,0,0,1.0,1,1.0,1,1.0,1,0.20006975064319352,55
1245,1,2065,980,1085,0,0,0,1.0,1,1.0,1,1.0,1,0.2052845069654264,55
1246,1,2066,980,1086,0,0,0,1.0,1,1.0,1,1.0,1,0.21960548316641998,55
1247,6,2072,983,1089,0,0,0,1.0,1,1.0,1,1.0,1,0.24434022784150036,57
1248,0,2072,983,1089,0,0,0,1.0,1,1.0,1,1.0,1,0.25606574445383545,56
1249,4,2076,987,1089,0,0,0,1.0,1,1.0,1,1.0,1,0.28425348577784054,56
1250,4,2080,990,1090,0,0,0,1.0,1,1.0,1,1.0,1,0.291099925767184,56
1251,8,2088,990,1098,0,0,0,1.0,1,1.0,1,1.0,1,0.1805237733648865,58
1252,0,2088,990,1098,0,0,0,1.0,1,1.0,1,1.0,1,0.1805237733648865,58
1253,2,2090,992,1098,0,0,0,1.0,1,1.0,1,1.0,1,0.17412438554296508,58
1254,0,2090,992,1098,0,0,0,1.0,1,1.0,1,1.0,1,0.1781674402816444,60
1255,2,2092,992,1100,0,0,0,1.0,1,1.0,1,1.0,1,0.16255587562532572,61
1256,3,2095,992,1103,0,0,0,1.0,1,1.0,1,1.0,1,0.17601391662653795,61
1257,4,2099,993,1106,0,0,0,1.0,1,1.0,1,1.0,1,0.19222473440094762,62
1258,0,2099,993,1106,0,0,0,1.0,1,1.0,1,1.0,1,0.19884960125404627,63
1259,0,2099,993,1106,0,0,0,1.0,1,1.0,1,1.0,1,0.19884960125404627,63
1260,3,2102,993,1109,0,0,0,1.0,1,1.0,1,1.0,1,0.19579325656047591,63
1261,4,2106,993,1113,0,0,0,1.0,1,1.0,1,1.0,1,0.15317894060555431,63
1262,0,2106,993,1113,0,0,0,1.0,1,1.0,1,1.0,1,0.1622555068377273,64
1263,5,2111,994,1117,0,0,0,1.0,1,1.0,1,1.0,1,0.14970063865347466,63
1264,2,2113,996,1117,0,0,0,1.0,1,1.0,1,1.0,1,0.14114152918489206,63
1265,4,2117,999,1118,0,0,0,1.0,1,1.0,1,1.0,1,0.22068361501293923,60
1266,2,2119,1001,1118,0,0,0,1.0,1,1.0,1,1.0,1,0.2321805319497649,61
1267,2,2121,1003,1118,0,0,0,1.0,1,1.0,1,1.0,1,0.26739716573561,58
1268,2,2123,1004,1119,0,0,0,1.0,1,1.0,1,1.0,1,0.2838989859068498,54
1269,3,2126,1006,1120,0,0,0,1.0,1,1.0,1,1.0,1,0.24170971958278656,54
1270,1,2127,1007,1120,0,0,0,1.0,1,1.0,1,1.0,1,0.2195146972799518,51
1271,5,2132,1008,1124,0,0,0,1.0,1,1.0,1,1.0,1,0.17324150589439954,50
1272,0,2132,1008,1124,0,0,0,1.0,1,1.0,1,1.0,1,0.17781204559072286,47
1273,0,2132,1008,1124,0,0,0,1.0,1,1.0,1,1.0,1,0.17781204559072286,47
1274,0,2132,1008,1124,0,0,0,1.0,1,1.0,1,1.0,1,0.20408036652117972,49
1275,3,2135,1009,1126,0,0,0,1.0,1,1.0,1,1.0,1,0.204419836633456,48
1276,4,2139,1011,1128,0,0,0,1.0,1,1.0,1,1.0,1,0.1890881248474468,49
1277,3,2142,1014,1128,0,0,0,1.0,1,1.0,1,1.0,1,0.22679081532548245,50
1278,1,2143,1014,1129,0,0,0,1.0,1,1.0,1,1.0,1,0.23533043596234343,51
1279,1,2144,1014,1130,0,0,0,1.0,1,1.0,1,1.0,1,0.24190999162734161,51
1280,1,2145,1014,1131,0,0,0,1.0,1,1.0,1,1.0,1,0.2085376670133473,52
1281,1,2146,1014,1132,0,0,0,1.0,1,1.0,1,1.0,1,0.19087471519336344,52
1282,2,2148,1016,1132,0,0,0,1.0,1,1.0,1,1.0,1,0.18717329852081357,52
1283,2,2150,1017,1133,0,0,0,1.0,1,1.0,1,1.0,1,0.2013704538444825,52
1284,1,2151,1018,1133,0,0,0,1.0,1,1.0,1,1.0,1,0.22302040987287688,52
1285,3,2154,1018,1136,0,0,0,1.0,1,1.0,1,1.0,1,0.2335254209543261,51
1286,2,2156,1018,1138,0,0,0,1.0,1,1.0,1,1.0,1,0.2260693693429895,52
1287,0,2156,1018,1138,0,0,0,1.0,1,1.0,1,1.0,1,0.2328986254502595,54
1288,1,2157,1018,1139,0,0,0,1.0,1,1.0,1,1.0,1,0.23626431556992447,55
1289,2,2159,1018,1141,0,0,0,1.0,1,1.0,1,1.0,1,0.20403194891268375,56
1290,0,2159,1018,1141,0,0,0,1.0,1,1.0,1,1.0,1,0.1790598626056831,57
1291,3,2162,1018,1144,0,0,0,1.0,1,1.0,1,1.0,1,0.15044853991662793,58
1292,3,2165,1018,1147,0,0,0,1.0,1,1.0,1,1.0,1,0.13099007945303878,59
1293,1,2166,1018,1148,0,0,0,1.0,1,1.0,1,1.0,1,0.12453000190541452,59
1294,1,2167,1019,1148,0,0,0,1.0,1,1.0,1,1.0,1,0.1105047889850951,59
1295,1,2168,1020,1148,0,0,0,1.0,1,1.0,1,1.0,1,0.12109297608120928,59
1296,0,2168,1020,1148,0,0,0,1.0,1,1.0,1,1.0,1,0.14394914730043504,59
1297,3,2171,1021,1150,0,0,0,1.0,1,1.0,1,1.0,1,0.136536633065023,61
1298,0,2171,1021,1150,0,0,0,1.0,1,1.0,1,1.0,1,0.15754208365963318,61
1299,0,2171,1021,1150,0,0,0,1.0,1,1.0,1,1.0,1,0.16941776716401583,60
1300,0,2171,1021,1150,0,0,0,1.0,1,1.0,1,1.0,1,0.17435951223371698,59
1301,1,2172,1021,1151,0,0,0,1.0,1,1.0,1,1.0,1,0.1789054703674414,59
1302,10,2182,1026,1156,0,0,0,1.0,1,1.0,1,1.0,1,0.12697808459833365,59
1303,4,2186,1030,1156,0,0,0,1.0,1,1.0,1,1.0,1,0.20336236593353677,55
1304,5,2191,1035,1156,0,0,0,1.0,1,1.0,1,1.0,1,0.19338163541934167,56
1305,3,2194,1037,1157,0,0,0,1.0,1,1.0,1,1.0,1,0.2117270554586149,54
1306,3,2197,1038,1159,0,0,0,1.0,1,1.0,1,1.0,1,0.20163744524366786,53
1307,2,2199,1040,1159,0,0,0,1.0,1,1.0,1,1.0,1,0.22830429098807184,52
1308,3,2202,1043,1159,0,0,0,1.0,1,1.0,1,1.0,1,0.20862601718338125,52
1309,2,2204,1045,1159,0,0,0,1.0,1,1.0,1,1.0,1,0.25346380624586545,54
1310,1,2205,1046,1159,0,0,0,1.0,1,1.0,1,1.0,1,0.24508522870343516,52
1311,3,2208,1047,1161,0,0,0,1.0,1,1.0,1,1.0,1,0.19051059144164997,51
1312,2,2210,1048,1162,0,0,0,1.0,1,1.0,1,1.0,1,0.23983719662436825,49
1313,0,2210,1048,1162,0,0,0,1.0,1,1.0,1,1.0,1,0.22351274213685732,47
1314,0,2210,1048,1162,0,0,0,1.0,1,1.0,1,1.0,1,0.20502812982232033,46
1315,0,2210,1048,1162,0,0,0,1.0,1,1.0,1,1.0,1,0.23303943967958715,45
1316,4,2214,1050,1164,0,0,0,1.0,1,1.0,1,1.0,1,0.2106553094018546,46
1317,0,2214,1050,1164,0,0,0,1.0,1,1.0,1,1.0,1,0.19686614189729318,45
1318,3,2217,1052,1165,0,0,0,1.0,1,1.0,1,1.0,1,0.21883245771750692,46
1319,0,2217,1052,1165,0,0,0,1.0,1,1.0,1,1.0,1,0.21883245771750692,46
1320,0,2217,1052,1165,0,0,0,1.0,1,1.0,1,1.0,1,0.21883245771750692,46
1321,0,2217,1052,1165,0,0,0,1.0,1,1.0,1,1.0,1,0.20533430928861646,48
1322,0,2217,1052,1165,0,0,0,1.0,1,1.0,1,1.0,1,0.22023775124510767,49
1323,0,2217,1052,1165,0,0,0,1.0,1,1.0,1,1.0,1,0.24055512248436808,49
1324,1,2218,1052,1166,0,0,0,1.0,1,1.0,1,1.0,1,0.2405767066077373,50
1325,0,2218,1052,1166,0,0,0,1.0,1,1.0,1,1.0,1,0.2563107864280184,49
1326,3,2221,1054,1167,0,0,0,1.0,1,1.0,1,1.0,1,0.3059878476926213,50
1327,1,2222,1055,1167,0,0,0,1.0,1,1.0,1,1.0,1,0.33112733096351354,50
1328,0,2222,1055,1167,0,0,0,1.0,1,1.0,1,1.0,1,0.3615849433092581,49
1329,2,2224,1055,1169,0,0,0,1.0,1,1.0,1,1.0,1,0.3232978635717252,50
1330,0,2224,1055,1169,0,0,0,1.0,1,1.0,1,1.0,1,0.3232978635717252,50
1331,6,2230,1056,1174,0,0,0,1.0,1,1.0,1,1.0,1,0.2594175376536603,50
1332,1,2231,1057,1174,0,0,0,1.0,1,1.0,1,1.0,1,0.2452403817754123,51
1333,0,2231,1057,1174,0,0,0,1.0,1,1.0,1,1.0,1,0.25033467266066345,52
1334,1,2232,1057,1175,0,0,0,1.0,1,1.0,1,1.0,1,0.2535137029251895,54
1335,1,2233,1058,1175,0,0,0,1.0,1,1.0,1,1.0,1,0.24927430170740264,54
1336,1,2234,1058,1176,0,0,0,1.0,1,1.0,1,1.0,1,0.2523136702025386,56
1337,5,2239,1060,1179,0,0,0,1.0,1,1.0,1,1.0,1,0.2365027414796358,57
1338,2,2241,1061,1180,0,0,0,1.0,1,1.0,1,1.0,1,0.22905285096528524,57
1339,1,2242,1062,1180,0,0,0,1.0,1,1.0,1,1.0,1,0.23965593016379733,58
1340,2,2244,1064,1180,0,0,0,1.0,1,1.0,1,1.0,1,0.23612786047261328,59
1341,1,2245,1065,1180,0,0,0,1.0,1,1.0,1,1.0,1,0.21325146521983598,57
1342,5,2250,1068,1182,0,0,0,1.0,1,1.0,1,1.0,1,0.2296158237937381,57
1343,1,2251,1069,1182,0,0,0,1.0,1,1.0,1,1.0,1,0.2231911200318479,55
1344,0,2251,1069,1182,0,0,0,1.0,1,1.0,1,1.0,1,0.21986235129142792,54
1345,0,2251,1069,1182,0,0,0,1.0,1,1.0,1,1.0,1,0.2123927890712105,53
1346,0,2251,1069,1182,0,0,0,1.0,1,1.0,1,1.0,1,0.2206885802077862,53
1347,0,2251,1069,1182,0,0,0,1.0,1,1.0,1,1.0,1,0.21177366244177012,51
1348,1,2252,1070,1182,0,0,0,1.0,1,1.0,1,1.0,1,0.23545793489694639,52
1349,0,2252,1070,1182,0,0,0,1.0,1,1.0,1,1.0,1,0.23319405332145113,50
1350,1,2253,1071,1182,0,0,0,1.0,1,1.0,1,1.0,1,0.25306551778508063,51
1351,2,2255,1072,1183,0,0,0,1.0,1,1.0,1,1.0,1,0.24897416076517018,50
1352,1,2256,1073,1183,0,0,0,1.0,1,1.0,1,1.0,1,0.24624604419856894,50
1353,1,2257,1074,1183,0,0,0,1.0,1,1.0,1,1.0,1,0.2667054553457189,50
1354,6,2263,1075,1188,0,0,0,1.0,1,1.0,1,1.0,1,0.19291533323546248,51
1355,4,2267,1077,1190,0,0,0,1.0,1,1.0,1,1.0,1,0.15900695811815857,53
1356,1,2268,1078,1190,0,0,0,1.0,1,1.0,1,1.0,1,0.18282928891061007,52
1357,1,2269,1079,1190,0,0,0,1.0,1,1.0,1,1.0,1,0.20029996925312396,52
1358,3,2272,1080,1192,0,0,0,1.0,1,1.0,1,1.0,1,0.17348943467840613,53
1359,5,2277,1082,1195,0,0,0,1.0,1,1.0,1,1.0,1,0.22007608759338662,54
1360,1,2278,1083,1195,0,0,0,1.0,1,1.0,1,1.0,1,0.22310877424671488,55
1361,1,2279,1084,1195,0,0,0,1.0,1,1.0,1,1.0,1,0.23433298691826757,55
1362,1,2280,1084,1196,0,0,0,1.0,1,1.0,1,1.0,1,0.19892930726480468,56
1363,1,2281,1084,1197,0,0,0,1.0,1,1.0,1,1.0,1,0.18402849495503884,56
1364,2,2283,1084,1199,0,0,0,1.0,1,1.0,1,1.0,1,0.17250582195120234,55
1365,0,2283,1084,1199,0,0,0,1.0,1,1.0,1,1.0,1,0.18630011171635108,56
1366,3,2286,1084,1202,0,0,0,1.0,1,1.0,1,1.0,1,0.1426382793470933,57
1367,0,2286,1084,1202,0,0,0,1.0,1,1.0,1,1.0,1,0.1426382793470933,57
1368,1,2287,1084,1203,0,0,0,1.0,1,1.0,1,1.0,1,0.1458274257971234,58
1369,1,2288,1085,1203,0,0,0,1.0,1,1.0,1,1.0,1,0.11718274539894404,59
1370,2,2290,1086,1204,0,0,0,1.0,1,1.0,1,1.0,1,0.1290255104367837,60
1371,3,2293,1087,1206,0,0,0,1.0,1,1.0,1,1.0,1,0.1061052474286871,59
1372,3,2296,1090,1206,0,0,0,1.0,1,1.0,1,1.0,1,0.18620500522550437,59
1373,3,2299,1092,1207,0,0,0,1.0,1,1.0,1,1.0,1,0.17841082374236206,59
1374,0,2299,1092,1207,0,0,0,1.0,1,1.0,1,1.0,1,0.17841082374236206,59
1375,2,2301,1092,1209,0,0,0,1.0,1,1.0,1,1.0,1,0.18141505992966123,62
1376,3,2304,1095,1209,0,0,0,1.0,1,1.0,1,1.0,1,0.2275511072495676,61
1377,2,2306,1096,1210,0,0,0,1.0,1,1.0,1,1.0,1,0.24390062497468168,63
1378,2,2308,1097,1211,0,0,0,1.0,1,1.0,1,1.0,1,0.25241750620058995,62
1379,1,2309,1097,1212,0,0,0,1.0,1,1.0,1,1.0,1,0.2717591327942099,61
1380,0,2309,1097,1212,0,0,0,1.0,1,1.0,1,1.0,1,0.26626317849206116,60
1381,8,2317,1099,1218,0,0,0,1.0,1,1.0,1,1.0,1,0.22957463329886058,58
1382,4,2321,1102,1219,0,0,0,1.0,1,1.0,1,1.0,1,0.23328193612508932,56
1383,5,2326,1104,1222,0,0,0,1.0,1,1.0,1,1.0,1,0.16703643449360692,57
1384,5,2331,1105,1226,0,0,0,1.0,1,1.0,1,1.0,1,0.181163013047087,55
1385,1,2332,1106,1226,0,0,0,1.0,1,1.0,1,1.0,1,0.20706428965427692,55
1386,0,2332,1106,1226,0,0,0,1.0,1,1.0,1,1.0,1,0.1924430738524284,54
1387,0,2332,1106,1226,0,0,0,1.0,1,1.0,1,1.0,1,0.21329272337536176,53
1388,4,2336,1109,1227,0,0,0,1.0,1,1.0,1,1.0,1,0.24430009769489983,52
1389,1,2337,1110,1227,0,0,0,1.0,1,1.0,1,1.0,1,0.26347947028661567,52
1390,0,2337,1110,1227,0,0,0,1.0,1,1.0,1,1.0,1,0.26656160955214964,51
1391,7,2344,1110,1234,0,0,0,1.0,1,1.0,1,1.0,1,0.15967069691868596,52
1392,2,2346,1111,1235,0,0,0,1.0,1,1.0,1,1.0,1,0.13460708830827312,51
1393,2,2348,1112,1236,0,0,0,1.0,1,1.0,1,1.0,1,0.13467821677184846,51
1394,0,2348,1112,1236,0,0,0,1.0,1,1.0,1,1.0,1,0.1528183854018454,52
1395,0,2348,1112,1236,0,0,0,1.0,1,1.0,1,1.0,1,0.1528183854018454,52
1396,1,2349,1113,1236,0,0,0,1.0,1,1.0,1,1.0,1,0.157448166699613,53
1397,3,2352,1113,1239,0,0,0,1.0,1,1.0,1,1.0,1,0.13620745830530662,56
1398,1,2353,1114,1239,0,0,0,1.0,1,1.0,1,1.0,1,0.17063642565481124,56
1399,2,2355,1114,1241,0,0,0,1.0,1,1.0,1,1.0,1,0.1512067459439834,57
1400,6,2361,1117,1244,0,0,0,1.0,1,1.0,1,1.0,1,0.19098932637538857,57
1401,2,2363,1117,1246,0,0,0,1.0,1,1.0,1,1.0,1,0.16603323759150654,57
1402,3,2366,1120,1246,0,0,0,1.0,1,1.0,1,1.0,1,0.2061055597443398,57
1403,1,2367,1120,1247,0,0,0,1.0,1,1.0,1,1.0,1,0.21152622689552797,56
1404,0,2367,1120,1247,0,0,0,1.0,1,1.0,1,1.0,1,0.22004132314289193,58
1405,2,2369,1120,1249,0,0,0,1.0,1,1.0,1,1.0,1,0.2313102609928548,58
1406,0,2369,1120,1249,0,0,0,1.0,1,1.0,1,1.0,1,0.2313102609928548,58
1407,0,2369,1120,1249,0,0,0,1.0,1,1.0,1,1.0,1,0.2461000808505927,57
1408,0,2369,1120,1249,0,0,0,1.0,1,1.0,1,1.0,1,0.2580726413880632,58
1409,0,2369,1120,1249,0,0,0,1.0,1,1.0,1,1.0,1,0.26057150160382697,57
1410,0,2369,1120,1249,0,0,0,1.0,1,1.0,1,1.0,1,0.26057150160382697,57
1411,1,2370,1120,1250,0,0,0,1.0,1,1.0,1,1.0,1,0.2731514680916857,56
1412,0,2370,1120,1250,0,0,0,1.0,1,1.0,1,1.0,1,0.28265898091548497,55
1413,2,2372,1120,1252,0,0,0,1.0,1,1.0,1,1.0,1,0.26674496388193936,57
1414,0,2372,1120,1252,0,0,0,1.0,1,1.0,1,1.0,1,0.26674496388193936,57
1415,4,2376,1120,1256,0,0,0,1.0,1,1.0,1,1.0,1,0.21262369873434,60
1416,3,2379,1121,1258,0,0,0,1.0,1,1.0,1,1.0,1,0.18052036377618924,61
1417,0,2379,1121,1258,0,0,0,1.0,1,1.0,1,1.0,1,0.17430307792996702,59
1418,2,2381,1121,1260,0,0,0,1.0,1,1.0,1,1.0,1,0.17480199773771307,60
1419,1,2382,1122,1260,0,0,0,1.0,1,1.0,1,1.0,1,0.15833699695175615,59
1420,2,2384,1123,1261,0,0,0,1.0,1,1.0,1,1.0,1,0.1722458854927459,58
1421,1,2385,1123,1262,0,0,0,1.0,1,1.0,1,1.0,1,0.12729412956890143,57
1422,1,2386,1124,1262,0,0,0,1.0,1,1.0,1,1.0,1,0.13636373821940925,57
1423,0,2386,1124,1262,0,0,0,1.0,1,1.0,1,1.0,1,0.14843646290937396,56
1424,1,2387,1125,1262,0,0,0,1.0,1,1.0,1,1.0,1,0.16796088048707297,57
1425,2,2389,1127,1262,0,0,0,1.0,1,1.0,1,1.0,1,0.2010503383511506,54
1426,4,2393,1129,1264,0,0,0,1.0,1,1.0,1,1.0,1,0.20259078981259998,54
1427,3,2396,1132,1264,0,0,0,1.0,1,1.0,1,1.0,1,0.2783296371408613,53
1428,1,2397,1133,1264,0,0,0,1.0,1,1.0,1,1.0,1,0.2869597467482924,52
1429,1,2398,1133,1265,0,0,0,1.0,1,1.0,1,1.0,1,0.25871210960564356,52
1430,3,2401,1136,1265,0,0,0,1.0,1,1.0,1,1.0,1,0.2805942728852047,51
1431,4,2405,1136,1269,0,0,0,1.0,1,1.0,1,1.0,1,0.2217187936519296,51
1432,4,2409,1137,1272,0,0,0,1.0,1,1.0,1,1.0,1,0.19281285521829733,52
1433,4,2413,1138,1275,0,0,0,1.0,1,1.0,1,1.0,1,0.1770214662245477,52
1434,3,2416,1139,1277,0,0,0,1.0,1,1.0,1,1.0,1,0.15467483297803583,52
1435,2,2418,1141,1277,0,0,0,1.0,1,1.0,1,1.0,1,0.1629356359821954,50
1436,3,2421,1144,1277,0,0,0,1.0,1,1.0,1,1.0,1,0.2178910045513798,50
1437,2,2423,1145,1278,0,0,0,1.0,1,1.0,1,1.0,1,0.23830228870939243,49
1438,3,2426,1147,1279,0,0,0,1.0,1,1.0,1,1.0,1,0.2701520083440872,49
1439,2,2428,1149,1279,0,0,0,1.0,1,1.0,1,1.0,1,0.3127229187767235,50
1440,4,2432,1152,1280,0,0,0,1.0,1,1.0,1,1.0,1,0.31996933750035844,50
1441,5,2437,1153,1284,0,0,0,1.0,1,1.0,1,1.0,1,0.2834498227481162,51
1442,0,2437,1153,1284,0,0,0,1.0,1,1.0,1,1.0,1,0.2844013310587091,50
1443,1,2438,1153,1285,0,0,0,1.0,1,1.0,1,1.0,1,0.26894087574597814,51
1444,0,2438,1153,1285,0,0,0,1.0,1,1.0,1,1.0,1,0.26894087574597814,51
1445,3,2441,1153,1288,0,0,0,1.0,1,1.0,1,1.0,1,0.2332207424869375,51
1446,1,2442,1153,1289,0,0,0,1.0,1,1.0,1,1.0,1,0.2453380209026537,51
1447,1,2443,1153,1290,0,0,0,1.0,1,1.0,1,1.0,1,0.23315956880861216,51
1448,3,2446,1155,1291,0,0,0,1.0,1,1.0,1,1.0,1,0.21798547127246032,51
1449,4,2450,1155,1295,0,0,0,1.0,1,1.0,1,1.0,1,0.1871629072971653,51
1450,3,2453,1155,1298,0,0,0,1.0,1,1.0,1,1.0,1,0.1731902453971693,52
1451,3,2456,1156,1300,0,0,0,1.0,1,1.0,1,1.0,1,0.15624560745074048,54
1452,1,2457,1156,1301,0,0,0,1.0,1,1.0,1,1.0,1,0.17263293631400572,56
1453,1,2458,1157,1301,0,0,0,1.0,1,1.0,1,1.0,1,0.1721892253412075,56
1454,3,2461,1158,1303,0,0,0,1.0,1,1.0,1,1.0,1,0.19630841515151867,58
1455,5,2466,1160,1306,0,0,0,1.0,1,1.0,1,1.0,1,0.23128039094364106,55
1456,5,2471,1160,1311,0,0,0,1.0,1,1.0,1,1.0,1,0.21401872286428886,56
1457,5,2476,1161,1315,0,0,0,1.0,1,1.0,1,1.0,1,0.26543311033400924,54
1458,3,2479,1162,1317,0,0,0,1.0,1,1.0,1,1.0,1,0.29024211804678923,52
1459,2,2481,1163,1318,0,0,0,1.0,1,1.0,1,1.0,1,0.2835013256079232,52
1460,1,2482,1164,1318,0,0,0,1.0,1,1.0,1,1.0,1,0.2441300889914394,50
1461,3,2485,1166,1319,0,0,0,1.0,1,1.0,1,1.0,1,0.2397327364168697,53
1462,4,2489,1170,1319,0,0,0,1.0,1,1.0,1,1.0,1,0.25815689136845915,51
1463,4,2493,1172,1321,0,0,0,1.0,1,1.0,1,1.0,1,0.2608727862492688,51
1464,1,2494,1173,1321,0,0,0,1.0,1,1.0,1,1.0,1,0.2718431661403432,51
1465,2,2496,1173,1323,0,0,0,1.0,1,1.0,1,1.0,1,0.26964382299703826,49
1466,3,2499,1176,1323,0,0,0,1.0,1,1.0,1,1.0,1,0.2863136235473139,49
1467,3,2502,1177,1325,0,0,0,1.0,1,1.0,1,1.0,1,0.2995269007895616,47
1468,2,2504,1178,1326,0,0,0,1.0,1,1.0,1,1.0,1,0.292832115535271,48
1469,1,2505,1179,1326,0,0,0,1.0,1,1.0,1,1.0,1,0.31736564096538233,47
1470,0,2505,1179,1326,0,0,0,1.0,1,1.0,1,1.0,1,0.3021420085304869,49
1471,8,2513,1179,1334,0,0,0,1.0,1,1.0,1,1.0,1,0.2168998435571764,48
1472,1,2514,1179,1335,0,0,0,1.0,1,1.0,1,1.0,1,0.23066388875979055,48
1473,1,2515,1179,1336,0,0,0,1.0,1,1.0,1,1.0,1,0.22360034822116945,49
1474,0,2515,1179,1336,0,0,0,1.0,1,1.0,1,1.0,1,0.22360034822116945,49
1475,1,2516,1179,1337,0,0,0,1.0,1,1.0,1,1.0,1,0.21313455682202254,49
1476,3,2519,1181,1338,0,0,0,1.0,1,1.0,1,1.0,1,0.22855036090592043,51
1477,3,2522,1181,1341,0,0,0,1.0,1,1.0,1,1.0,1,0.20611367357159177,51
1478,0,2522,1181,1341,0,0,0,1.0,1,1.0,1,1.0,1,0.19693394655714527,52
1479,0,2522,1181,1341,0,0,0,1.0,1,1.0,1,1.0,1,0.2102361097479654,53
1480,1,2523,1182,1341,0,0,0,1.0,1,1.0,1,1.0,1,0.20594690127184548,53
1481,2,2525,1182,1343,0,0,0,1.0,1,1.0,1,1.0,1,0.1731827499732957,53
1482,1,2526,1183,1343,0,0,0,1.0,1,1.0,1,1.0,1,0.20934145799270085,52
1483,2,2528,1184,1344,0,0,0,1.0,1,1.0,1,1.0,1,0.16905994079627573,52
1484,1,2529,1184,1345,0,0,0,1.0,1,1.0,1,1.0,1,0.18570898350984313,53
1485,0,2529,1184,1345,0,0,0,1.0,1,1.0,1,1.0,1,0.18570898350984313,53
1486,0,2529,1184,1345,0,0,0,1.0,1,1.0,1,1.0,1,0.21350338248178008,54
1487,5,2534,1187,1347,0,0,0,1.0,1,1.0,1,1.0,1,0.188669986906329,55
1488,1,2535,1187,1348,0,0,0,1.0,1,1.0,1,1.0,1,0.1885091101003315,57
1489,6,2541,1190,1351,0,0,0,1.0,1,1.0,1,1.0,1,0.20437671425235987,58
1490,3,2544,1190,1354,0,0,0,1.0,1,1.0,1,1.0,1,0.18634415394978998,58
1491,5,2549,1191,1358,0,0,0,1.0,1,1.0,1,1.0,1,0.15704670002336765,59
1492,0,2549,1191,1358,0,0,0,1.0,1,1.0,1,1.0,1,0.15704670002336765,59
1493,0,2549,1191,1358,0,0,0,1.0,1,1.0,1,1.0,1,0.1485179503715859,58
1494,2,2551,1192,1359,0,0,0,1.0,1,1.0,1,1.0,1,0.1619614948887826,58
1495,2,2553,1194,1359,0,0,0,1.0,1,1.0,1,1.0,1,0.20081391286058894,57
1496,1,2554,1194,1360,0,0,0,1.0,1,1.0,1,1.0,1,0.19514289555294986,59
1497,1,2555,1195,1360,0,0,0,1.0,1,1.0,1,1.0,1,0.228732510403305,58
1498,1,2556,1196,1360,0,0,0,1.0,1,1.0,1,1.0,1,0.25076365681640733,58
1499,1,2557,1196,1361,0,0,0,1.0,1,1.0,1,1.0,1,0.21801388998766563,56
1500,2,2559,1197,1362,0,0,0,1.0,1,1.0,1,1.0,1,0.23638915919708478,57
1501,1,2560,1197,1363,0,0,0,1.0,1,1.0,1,1.0,1,0.2122997684726333,55
1502,1,2561,1198,1363,0,0,0,1.0,1,1.0,1,1.0,1,0.23109378749865764,55
1503,3,2564,1199,1365,0,0,0,1.0,1,1.0,1,1.0,1,0.22585988466679294,54
1504,1,2565,1200,1365,0,0,0,1.0,1,1.0,1,1.0,1,0.21173223023832466,55
1505,0,2565,1200,1365,0,0,0,1.0,1,1.0,1,1.0,1,0.1966764323898097,53
1506,0,2565,1200,1365,0,0,0,1.0,1,1.0,1,1.0,1,0.21859418380223813,55
1507,1,2566,1200,1366,0,0,0,1.0,1,1.0,1,1.0,1,0.21305911812788977,53
1508,4,2570,1204,1366,0,0,0,1.0,1,1.0,1,1.0,1,0.2459682093003379,53
1509,5,2575,1205,1370,0,0,0,1.0,1,1.0,1,1.0,1,0.2020752007451521,52
1510,1,2576,1206,1370,0,0,0,1.0,1,1.0,1,1.0,1,0.20641056318676818,50
1511,5,2581,1207,1374,0,0,0,1.0,1,1.0,1,1.0,1,0.16153698155094076,49
1512,2,2583,1209,1374,0,0,0,1.0,1,1.0,1,1.0,1,0.20235162851620928,48
1513,3,2586,1210,1376,0,0,0,1.0,1,1.0,1,1.0,1,0.20677861630305988,47
1514,1,2587,1211,1376,0,0,0,1.0,1,1.0,1,1.0,1,0.19797812064437476,48
1515,0,2587,1211,1376,0,0,0,1.0,1,1.0,1,1.0,1,0.19797812064437476,48
1516,1,2588,1211,1377,0,0,0,1.0,1,1.0,1,1.0,1,0.15366936309117674,47
1517,0,2588,1211,1377,0,0,0,1.0,1,1.0,1,1.0,1,0.17170121754332407,48
1518,1,2589,1211,1378,0,0,0,1.0,1,1.0,1,1.0,1,0.15634005431270565,48
1519,0,2589,1211,1378,0,0,0,1.0,1,1.0,1,1.0,1,0.17217105254397438,47
1520,4,2593,1214,1379,0,0,0,1.0,1,1.0,1,1.0,1,0.2217627677122545,48
1521,2,2595,1214,1381,0,0,0,1.0,1,1.0,1,1.0,1,0.19722257570084728,49
1522,2,2597,1215,1382,0,0,0,1.0,1,1.0,1,1.0,1,0.1973824294324154,48
1523,0,2597,1215,1382,0,0,0,1.0,1,1.0,1,1.0,1,0.211373006013055,49
1524,1,2598,1216,1382,0,0,0,1.0,1,1.0,1,1.0,1,0.21811649839881622,49
1525,2,2600,1217,1383,0,0,0,1.0,1,1.0,1,1.0,1,0.2403479842881305,51
1526,0,2600,1217,1383,0,0,0,1.0,1,1.0,1,1.0,1,0.2264155733777644,52
1527,1,2601,1217,1384,0,0,0,1.0,1,1.0,1,1.0,1,0.23205480187221741,54
1528,0,2601,1217,1384,0,0,0,1.0,1,1.0,1,1.0,1,0.23205480187221741,54
1529,0,2601,1217,1384,0,0,0,1.0,1,1.0,1,1.0,1,0.23205480187221741,54
1530,0,2601,1217,1384,0,0,0,1.0,1,1.0,1,1.0,1,0.24920527944088341,54
1531,0,2601,1217,1384,0,0,0,1.0,1,1.0,1,1.0,1,0.2459333368022229,54
1532,1,2602,1218,1384,0,0,0,1.0,1,1.0,1,1.0,1,0.2584259701464766,54
1533,2,2604,1218,1386,0,0,0,1.0,1,1.0,1,1.0,1,0.23759626566353156,54
1534,2,2606,1219,1387,0,0,0,1.0,1,1.0,1,1.0,1,0.2110456838040709,54
1535,2,2608,1220,1388,0,0,0,1.0,1,1.0,1,1.0,1,0.19864857458793472,54
1536,0,2608,1220,1388,0,0,0,1.0,1,1.0,1,1.0,1,0.2087922925701572,55
1537,0,2608,1220,1388,0,0,0,1.0,1,1.0,1,1.0,1,0.21458331443589695,53
1538,1,2609,1221,1388,0,0,0,1.0,1,1.0,1,1.0,1,0.21504218077062232,54
1539,1,2610,1222,1388,0,0,0,1.0,1,1.0,1,1.0,1,0.24964508339147548,54
1540,1,2611,1223,1388,0,0,0,1.0,1,1.0,1,1.0,1,0.2610314743271304,54
1541,5,2616,1223,1393,0,0,0,1.0,1,1.0,1,1.0,1,0.19498725381589405,54
1542,6,2622,1225,1397,0,0,0,1.0,1,1.0,1,1.0,1,0.20611146823685128,57
1543,2,2624,1227,1397,0,0,0,1.0,1,1.0,1,1.0,1,0.23987351389719316,55
1544,5,2629,1230,1399,0,0,0,1.0,1,1.0,1,1.0,1,0.24507568461078028,54
1545,7,2636,1231,1405,0,0,0,1.0,1,1.0,1,1.0,1,0.17357092917267172,54
1546,2,2638,1233,1405,0,0,0,1.0,1,1.0,1,1.0,1,0.17061691862885328,53
1547,4,2642,1235,1407,0,0,0,1.0,1,1.0,1,1.0,1,0.10698555833670742,53
1548,3,2645,1237,1408,0,0,0,1.0,1,1.0,1,1.0,1,0.16430655553758658,54
1549,1,2646,1238,1408,0,0,0,1.0,1,1.0,1,1.0,1,0.13635674832254668,52
1550,6,2652,1243,1409,0,0,0,1.0,1,1.0,1,1.0,1,0.17819924827949601,52
1551,8,2660,1245,1415,0,0,0,1.0,1,1.0,1,1.0,1,0.10211729678123571,52
1552,4,2664,1248,1416,0,0,0,1.0,1,1.0,1,1.0,1,0.08840665296019459,51
1553,4,2668,1250,1418,0,0,0,1.0,1,1.0,1,1.0,1,0.14101841763950776,51
1554,2,2670,1252,1418,0,0,0,1.0,1,1.0,1,1.0,1,0.1271430484028932,51
1555,3,2673,1253,1420,0,0,0,1.0,1,1.0,1,1.0,1,0.15808665769799998,50
1556,3,2676,1254,1422,0,0,0,1.0,1,1.0,1,1.0,1,0.20500967698004993,51
1557,10,2686,1256,1430,0,0,0,1.0,1,1.0,1,1.0,1,0.2602878853859084,51
1558,7,2693,1257,1436,0,0,0,1.0,1,1.0,1,1.0,1,0.24166275486480057,52
1559,7,2700,1260,1440,0,0,0,1.0,1,1.0,1,1.0,1,0.23257809961533582,53
1560,4,2704,1263,1441,0,0,0,1.0,1,1.0,1,1.0,1,0.23234613961912895,51
1561,8,2712,1264,1448,0,0,0,1.0,1,1.0,1,1.0,1,0.09077733856267411,51
1562,1,2713,1264,1449,0,0,0,1.0,1,1.0,1,1.0,1,0.09615300446220035,52
1563,0,2713,1264,1449,0,0,0,1.0,1,1.0,1,1.0,1,0.09615300446220035,52
1564,0,2713,1264,1449,0,0,0,1.0,1,1.0,1,1.0,1,0.11222679519382893,51
1565,1,2714,1265,1449,0,0,0,1.0,1,1.0,1,1.0,1,0.12220541912854706,53
1566,1,2715,1265,1450,0,0,0,1.0,1,1.0,1,1.0,1,0.14552190528359174,53
1567,0,2715,1265,1450,0,0,0,1.0,1,1.0,1,1.0,1,0.14848274890438426,52
1568,1,2716,1265,1451,0,0,0,1.0,1,1.0,1,1.0,1,0.12988962356413705,52
1569,1,2717,1266,1451,0,0,0,1.0,1,1.0,1,1.0,1,0.15947647454001432,49
1570,1,2718,1267,1451,0,0,0,1.0,1,1.0,1,1.0,1,0.19706683795209945,48
1571,3,2721,1268,1453,0,0,0,1.0,1,1.0,1,1.0,1,0.16007704666969103,46
1572,1,2722,1269,1453,0,0,0,1.0,1,1.0,1,1.0,1,0.1713190847652811,47
1573,0,2722,1269,1453,0,0,0,1.0,1,1.0,1,1.0,1,0.16150929307204828,48
1574,2,2724,1271,1453,0,0,0,1.0,1,1.0,1,1.0,1,0.1831948754021441,46
1575,0,2724,1271,1453,0,0,0,1.0,1,1.0,1,1.0,1,0.18100542803700229,47
1576,4,2728,1274,1454,0,0,0,1.0,1,1.0,1,1.0,1,0.19283950981966966,46
1577,1,2729,1275,1454,0,0,0,1.0,1,1.0,1,1.0,1,0.22626897468962004,45
1578,0,2729,1275,1454,0,0,0,1.0,1,1.0,1,1.0,1,0.21427341215192122,44
1579,0,2729,1275,1454,0,0,0,1.0,1,1.0,1,1.0,1,0.23298044001968332,43
1580,0,2729,1275,1454,0,0,0,1.0,1,1.0,1,1.0,1,0.23298044001968332,43
1581,2,2731,1275,1456,0,0,0,1.0,1,1.0,1,1.0,1,0.20716216119213182,42
1582,1,2732,1276,1456,0,0,0,1.0,1,1.0,1,1.0,1,0.19919908137669645,42
1583,6,2738,1279,1459,0,0,0,1.0,1,1.0,1,1.0,1,0.24614656948642538,43
1584,3,2741,1281,1460,0,0,0,1.0,1,1.0,1,1.0,1,0.2470488219979463,41
1585,4,2745,1283,1462,0,0,0,1.0,1,1.0,1,1.0,1,0.21694330084046204,43
1586,1,2746,1283,1463,0,0,0,1.0,1,1.0,1,1.0,1,0.20343280232090022,42
1587,3,2749,1285,1464,0,0,0,1.0,1,1.0,1,1.0,1,0.22447053526241678,42
1588,1,2750,1286,1464,0,0,0,1.0,1,1.0,1,1.0,1,0.269895781008594,42
1589,2,2752,1286,1466,0,0,0,1.0,1,1.0,1,1.0,1,0.22310180569432128,42
1590,1,2753,1287,1466,0,0,0,1.0,1,1.0,1,1.0,1,0.26778636118823884,41
1591,2,2755,1288,1467,0,0,0,1.0,1,1.0,1,1.0,1,0.24734869802646656,40
1592,6,2761,1289,1472,0,0,0,1.0,1,1.0,1,1.0,1,0.18824433216139705,39
1593,3,2764,1291,1473,0,0,0,1.0,1,1.0,1,1.0,1,0.20967996129617372,39
1594,0,2764,1291,1473,0,0,0,1.0,1,1.0,1,1.0,1,0.21537294669556714,39
1595,2,2766,1292,1474,0,0,0,1.0,1,1.0,1,1.0,1,0.20858884330705363,42
1596,0,2766,1292,1474,0,0,0,1.0,1,1.0,1,1.0,1,0.21599421060862414,41
1597,0,2766,1292,1474,0,0,0,1.0,1,1.0,1,1.0,1,0.21599421060862414,41
1598,0,2766,1292,1474,0,0,0,1.0,1,1.0,1,1.0,1,0.23406381410906188,39
1599,1,2767,1293,1474,0,0,0,1.0,1,1.0,1,1.0,1,0.2196879664562084,39
1600,1,2768,1293,1475,0,0,0,1.0,1,1.0,1,1.0,1,0.2266541175055528,40
1601,4,2772,1295,1477,0,0,0,1.0,1,1.0,1,1.0,1,0.24931761942820604,41
1602,1,2773,1295,1478,0,0,0,1.0,1,1.0,1,1.0,1,0.1948514690893074,41
1603,2,2775,1296,1479,0,0,0,1.0,1,1.0,1,1.0,1,0.2521696101691489,43
1604,0,2775,1296,1479,0,0,0,1.0,1,1.0,1,1.0,1,0.2521696101691489,43
1605,1,2776,1297,1479,0,0,0,1.0,1,1.0,1,1.0,1,0.2816254886385892,44
1606,4,2780,1299,1481,0,0,0,1.0,1,1.0,1,1.0,1,0.2632261448562557,44
1607,1,2781,1300,1481,0,0,0,1.0,1,1.0,1,1.0,1,0.2627048720636607,42
1608,2,2783,1302,1481,0,0,0,1.0,1,1.0,1,1.0,1,0.2782854409414728,41
1609,0,2783,1302,1481,0,0,0,1.0,1,1.0,1,1.0,1,0.24666229294797176,39
1610,0,2783,1302,1481,0,0,0,1.0,1,1.0,1,1.0,1,0.2502809507088532,39
1611,3,2786,1302,1484,0,0,0,1.0,1,1.0,1,1.0,1,0.1483657582753788,40
1612,0,2786,1302,1484,0,0,0,1.0,1,1.0,1,1.0,1,0.12646120347846596,39
1613,0,2786,1302,1484,0,0,0,1.0,1,1.0,1,1.0,1,0.16149819610835214,41
1614,0,2786,1302,1484,0,0,0,1.0,1,1.0,1,1.0,1,0.16149819610835214,41
1615,0,2786,1302,1484,0,0,0,1.0,1,1.0,1,1.0,1,0.16149819610835214,41
1616,2,2788,1304,1484,0,0,0,1.0,1,1.0,1,1.0,1,0.20072758851259576,43
1617,2,2790,1305,1485,0,0,0,1.0,1,1.0,1,1.0,1,0.1970191025980307,44
1618,0,2790,1305,1485,0,0,0,1.0,1,1.0,1,1.0,1,0.1970191025980307,44
1619,2,2792,1306,1486,0,0,0,1.0,1,1.0,1,1.0,1,0.2421587520644036,44
1620,3,2795,1308,1487,0,0,0,1.0,1,1.0,1,1.0,1,0.2705849757953228,45
1621,2,2797,1308,1489,0,0,0,1.0,1,1.0,1,1.0,1,0.26033332769856193,44
1622,2,2799,1310,1489,0,0,0,1.0,1,1.0,1,1.0,1,0.29763597978126183,44
1623,3,2802,1311,1491,0,0,0,1.0,1,1.0,1,1.0,1,0.2861814797646209,43
1624,1,2803,1312,1491,0,0,0,1.0,1,1.0,1,1.0,1,0.28257472178610343,43
1625,3,2806,1314,1492,0,0,0,1.0,1,1.0,1,1.0,1,0.33909129660719084,43
1626,3,2809,1315,1494,0,0,0,1.0,1,1.0,1,1.0,1,0.3009567854207302,42
1627,0,2809,1315,1494,0,0,0,1.0,1,1.0,1,1.0,1,0.30236746238008744,42
1628,1,2810,1316,1494,0,0,0,1.0,1,1.0,1,1.0,1,0.3360174124744131,42
1629,0,2810,1316,1494,0,0,0,1.0,1,1.0,1,1.0,1,0.3288396576131359,41
1630,4,2814,1318,1496,0,0,0,1.0,1,1.0,1,1.0,1,0.33287797451447804,41
1631,4,2818,1319,1499,0,0,0,1.0,1,1.0,1,1.0,1,0.28848796422307604,40
1632,1,2819,1319,1500,0,0,0,1.0,1,1.0,1,1.0,1,0.2521024330205813,39
1633,1,2820,1319,1501,0,0,0,1.0,1,1.0,1,1.0,1,0.23953408362607953,39
1634,0,2820,1319,1501,0,0,0,1.0,1,1.0,1,1.0,1,0.23953408362607953,39
1635,3,2823,1319,1504,0,0,0,1.0,1,1.0,1,1.0,1,0.19973905013302998,40
1636,0,2823,1319,1504,0,0,0,1.0,1,1.0,1,1.0,1,0.2157408475115362,41
1637,3,2826,1320,1506,0,0,0,1.0,1,1.0,1,1.0,1,0.17209892206197833,41
1638,1,2827,1321,1506,0,0,0,1.0,1,1.0,1,1.0,1,0.20418594010398963,42
1639,2,2829,1321,1508,0,0,0,1.0,1,1.0,1,1.0,1,0.2064621357818364,43
1640,2,2831,1321,1510,0,0,0,1.0,1,1.0,1,1.0,1,0.2064621357818364,43
1641,1,2832,1322,1510,0,0,0,1.0,1,1.0,1,1.0,1,0.18608436272622778,44
1642,3,2835,1324,1511,0,0,0,1.0,1,1.0,1,1.0,1,0.2451551804680687,45
1643,4,2839,1326,1513,0,0,0,1.0,1,1.0,1,1.0,1,0.24291001194647283,44
1644,2,2841,1327,1514,0,0,0,1.0,1,1.0,1,1.0,1,0.2610670956392881,45
1645,1,2842,1327,1515,0,0,0,1.0,1,1.0,1,1.0,1,0.2862660757384325,44
1646,2,2844,1329,1515,0,0,0,1.0,1,1.0,1,1.0,1,0.2983195857787471,43
1647,4,2848,1331,1517,0,0,0,1.0,1,1.0,1,1.0,1,0.2645098536454656,43
1648,0,2848,1331,1517,0,0,0,1.0,1,1.0,1,1.0,1,0.2914802178420832,42
1649,0,2848,1331,1517,0,0,0,1.0,1,1.0,1,1.0,1,0.3199101511170414,41
1650,0,2848,1331,1517,0,0,0,1.0,1,1.0,1,1.0,1,0.3199101511170414,41
1651,2,2850,1332,1518,0,0,0,1.0,1,1.0,1,1.0,1,0.31893069649886946,40
1652,1,2851,1332,1519,0,0,0,1.0,1,1.0,1,1.0,1,0.3230898110122679,39
1653,1,2852,1332,1520,0,0,0,1.0,1,1.0,1,1.0,1,0.3619052072313353,39
1654,1,2853,1332,1521,0,0,0,1.0,1,1.0,1,1.0,1,0.3199265652354262,39
1655,3,2856,1333,1523,0,0,0,1.0,1,1.0,1,1.0,1,0.2574229842308925,40
1656,2,2858,1333,1525,0,0,0,1.0,1,1.0,1,1.0,1,0.20157687842884398,40
1657,1,2859,1333,1526,0,0,0,1.0,1,1.0,1,1.0,1,0.20342053108675107,40
1658,2,2861,1333,1528,0,0,0,1.0,1,1.0,1,1.0,1,0.17921690583487926,40
1659,4,2865,1335,1530,0,0,0,1.0,1,1.0,1,1.0,1,0.18553144307481723,40
1660,1,2866,1335,1531,0,0,0,1.0,1,1.0,1,1.0,1,0.152457707693618,41
1661,2,2868,1337,1531,0,0,0,1.0,1,1.0,1,1.0,1,0.17699435212429665,42
1662,2,2870,1339,1531,0,0,0,1.0,1,1.0,1,1.0,1,0.17169530691558363,44
1663,4,2874,1341,1533,0,0,0,1.0,1,1.0,1,1.0,1,0.1944186829943686,43
1664,2,2876,1343,1533,0,0,0,1.0,1,1.0,1,1.0,1,0.23943535365576424,42
1665,3,2879,1345,1534,0,0,0,1.0,1,1.0,1,1.0,1,0.2522531322852893,42
1666,7,2886,1349,1537,0,0,0,1.0,1,1.0,1,1.0,1,0.2632599775911396,43
1667,6,2892,1352,1540,0,0,0,1.0,1,1.0,1,1.0,1,0.24623658954452685,40
1668,0,2892,1352,1540,0,0,0,1.0,1,1.0,1,1.0,1,0.23254071820898042,40
1669,1,2893,1353,1540,0,0,0,1.0,1,1.0,1,1.0,1,0.22463294615281237,40
1670,0,2893,1353,1540,0,0,0,1.0,1,1.0,1,1.0,1,0.2248013089724708,39
1671,5,2898,1355,1543,0,0,0,1.0,1,1.0,1,1.0,1,0.17367748311410758,39
1672,1,2899,1356,1543,0,0,0,1.0,1,1.0,1,1.0,1,0.21301666273015898,38
1673,0,2899,1356,1543,0,0,0,1.0,1,1.0,1,1.0,1,0.21301666273015898,38
1674,1,2900,1357,1543,0,0,0,1.0,1,1.0,1,1.0,1,0.245655580220535,38
1675,1,2901,1358,1543,0,0,0,1.0,1,1.0,1,1.0,1,0.2276974818115255,39
1676,1,2902,1358,1544,0,0,0,1.0,1,1.0,1,1.0,1,0.2000979852963732,39
1677,0,2902,1358,1544,0,0,0,1.0,1,1.0,1,1.0,1,0.18786056342142066,40
1678,0,2902,1358,1544,0,0,0,1.0,1,1.0,1,1.0,1,0.20761190750338557,39
1679,0,2902,1358,1544,0,0,0,1.0,1,1.0,1,1.0,1,0.20761190750338557,39
1680,0,2902,1358,1544,0,0,0,1.0,1,1.0,1,1.0,1,0.22415694595022745,40
1681,1,2903,1359,1544,0,0,0,1.0,1,1.0,1,1.0,1,0.2293281588991959,41
1682,2,2905,1360,1545,0,0,0,1.0,1,1.0,1,1.0,1,0.21678834085657148,40
1683,2,2907,1362,1545,0,0,0,1.0,1,1.0,1,1.0,1,0.2449643529493308,43
1684,2,2909,1363,1546,0,0,0,1.0,1,1.0,1,1.0,1,0.299230998590173,42
1685,3,2912,1364,1548,0,0,0,1.0,1,1.0,1,1.0,1,0.2688668829227992,41
1686,2,2914,1364,1550,0,0,0,1.0,1,1.0,1,1.0,1,0.2701671606034425,39
1687,3,2917,1366,1551,0,0,0,1.0,1,1.0,1,1.0,1,0.27317237870719924,41
1688,3,2920,1368,1552,0,0,0,1.0,1,1.0,1,1.0,1,0.25058936196270437,39
1689,3,2923,1370,1553,0,0,0,1.0,1,1.0,1,1.0,1,0.2804360845193633,37
1690,0,2923,1370,1553,0,0,0,1.0,1,1.0,1,1.0,1,0.30743942937888324,36
1691,5,2928,1372,1556,0,0,0,1.0,1,1.0,1,1.0,1,0.280991396114546,36
1692,1,2929,1372,1557,0,0,0,1.0,1,1.0,1,1.0,1,0.27413157100103047,34
1693,2,2931,1374,1557,0,0,0,1.0,1,1.0,1,1.0,1,0.27834785197632866,33
1694,0,2931,1374,1557,0,0,0,1.0,1,1.0,1,1.0,1,0.2737804004470549,32
1695,0,2931,1374,1557,0,0,0,1.0,1,1.0,1,1.0,1,0.2615174349622496,32
1696,1,2932,1375,1557,0,0,0,1.0,1,1.0,1,1.0,1,0.3300795606519685,34
1697,1,2933,1376,1557,0,0,0,1.0,1,1.0,1,1.0,1,0.34657286626753525,34
1698,2,2935,1378,1557,0,0,0,1.0,1,1.0,1,1.0,1,0.34415738663394896,36
1699,3,2938,1380,1558,0,0,0,1.0,1,1.0,1,1.0,1,0.37735889292610103,36
1700,0,2938,1380,1558,0,0,0,1.0,1,1.0,1,1.0,1,0.38863657721237127,37
1701,8,2946,1381,1565,0,0,0,1.0,1,1.0,1,1.0,1,0.3106778147642831,39
1702,4,2950,1383,1567,0,0,0,1.0,1,1.0,1,1.0,1,0.3296138437424183,39
1703,1,2951,1383,1568,0,0,0,1.0,1,1.0,1,1.0,1,0.29005392776247363,38
1704,3,2954,1386,1568,0,0,0,1.0,1,1.0,1,1.0,1,0.309708939043937,38
1705,1,2955,1386,1569,0,0,0,1.0,1,1.0,1,1.0,1,0.29126375304105756,37
1706,2,2957,1387,1570,0,0,0,1.0,1,1.0,1,1.0,1,0.24710154452030147,37
1707,1,2958,1388,1570,0,0,0,1.0,1,1.0,1,1.0,1,0.2637702097442231,36
1708,1,2959,1389,1570,0,0,0,1.0,1,1.0,1,1.0,1,0.30899659405434937,34
1709,3,2962,1391,1571,0,0,0,1.0,1,1.0,1,1.0,1,0.3148125684090856,34
1710,4,2966,1393,1573,0,0,0,1.0,1,1.0,1,1.0,1,0.36530036675125743,33
1711,3,2969,1395,1574,0,0,0,1.0,1,1.0,1,1.0,1,0.3539039428210462,32
1712,1,2970,1396,1574,0,0,0,1.0,1,1.0,1,1.0,1,0.3923217766219144,31
1713,1,2971,1396,1575,0,0,0,1.0,1,1.0,1,1.0,1,0.3728640222402066,32
1714,1,2972,1396,1576,0,0,0,1.0,1,1.0,1,1.0,1,0.36283075151300387,32
1715,0,2972,1396,1576,0,0,0,1.0,1,1.0,1,1.0,1,0.36283075151300387,32
1716,1,2973,1396,1577,0,0,0,1.0,1,1.0,1,1.0,1,0.33372872185687064,34
1717,1,2974,1396,1578,0,0,0,1.0,1,1.0,1,1.0,1,0.298255683301822,34
1718,0,2974,1396,1578,0,0,0,1.0,1,1.0,1,1.0,1,0.32057574456522747,34
1719,1,2975,1397,1578,0,0,0,1.0,1,1.0,1,1.0,1,0.35741712286,34
1720,0,2975,1397,1578,0,0,0,1.0,1,1.0,1,1.0,1,0.33241648922343026,34
1721,1,2976,1397,1579,0,0,0,1.0,1,1.0,1,1.0,1,0.31247839273767586,35
1722,0,2976,1397,1579,0,0,0,1.0,1,1.0,1,1.0,1,0.2965591855523789,35
1723,0,2976,1397,1579,0,0,0,1.0,1,1.0,1,1.0,1,0.31665217481260144,34
1724,1,2977,1398,1579,0,0,0,1.0,1,1.0,1,1.0,1,0.298976759320098,33
1725,3,2980,1400,1580,0,0,0,1.0,1,1.0,1,1.0,1,0.34563693847115207,35
1726,3,2983,1401,1582,0,0,0,1.0,1,1.0,1,1.0,1,0.2789581394178169,34
1727,0,2983,1401,1582,0,0,0,1.0,1,1.0,1,1.0,1,0.2789581394178169,34
1728,0,2983,1401,1582,0,0,0,1.0,1,1.0,1,1.0,1,0.2803894056464998,35
1729,0,2983,1401,1582,0,0,0,1.0,1,1.0,1,1.0,1,0.2721716376629372,35
1730,1,2984,1402,1582,0,0,0,1.0,1,1.0,1,1.0,1,0.280824847148216,35
1731,1,2985,1403,1582,0,0,0,1.0,1,1.0,1,1.0,1,0.3270396473255386,35
1732,0,2985,1403,1582,0,0,0,1.0,1,1.0,1,1.0,1,0.3270396473255386,35
1733,1,2986,1403,1583,0,0,0,1.0,1,1.0,1,1.0,1,0.3376673727305209,33
1734,2,2988,1404,1584,0,0,0,1.0,1,1.0,1,1.0,1,0.33013398988702214,34
1735,1,2989,1404,1585,0,0,0,1.0,1,1.0,1,1.0,1,0.32173607062252624,33
1736,5,2994,1407,1587,0,0,0,1.0,1,1.0,1,1.0,1,0.2912476522008009,33
1737,2,2996,1407,1589,0,0,0,1.0,1,1.0,1,1.0,1,0.2518812709521001,35
1738,1,2997,1408,1589,0,0,0,1.0,1,1.0,1,1.0,1,0.2304977231743033,36
1739,6,3003,1410,1593,0,0,0,1.0,1,1.0,1,1.0,1,0.25295695778954985,36
1740,1,3004,1410,1594,0,0,0,1.0,1,1.0,1,1.0,1,0.26630419931387056,37
1741,2,3006,1410,1596,0,0,0,1.0,1,1.0,1,1.0,1,0.21497626214953428,36
1742,0,3006,1410,1596,0,0,0,1.0,1,1.0,1,1.0,1,0.21497626214953428,36
1743,3,3009,1412,1597,0,0,0,1.0,1,1.0,1,1.0,1,0.19413685447972304,37
1744,0,3009,1412,1597,0,0,0,1.0,1,1.0,1,1.0,1,0.21734798673961006,37
1745,5,3014,1415,1599,0,0,0,1.0,1,1.0,1,1.0,1,0.18391529745159038,38
1746,1,3015,1416,1599,0,0,0,1.0,1,1.0,1,1.0,1,0.20435937018843206,38
1747,0,3015,1416,1599,0,0,0,1.0,1,1.0,1,1.0,1,0.2137689767138719,37
1748,0,3015,1416,1599,0,0,0,1.0,1,1.0,1,1.0,1,0.2162540259129195,38
1749,1,3016,1417,1599,0,0,0,1.0,1,1.0,1,1.0,1,0.22739146910227317,38
1750,1,3017,1417,1600,0,0,0,1.0,1,1.0,1,1.0,1,0.2225687716451995,39
1751,1,3018,1417,1601,0,0,0,1.0,1,1.0,1,1.0,1,0.18562043833299416,41
1752,0,3018,1417,1601,0,0,0,1.0,1,1.0,1,1.0,1,0.18562043833299416,41
1753,3,3021,1418,1603,0,0,0,1.0,1,1.0,1,1.0,1,0.18478205723943414,41
1754,1,3022,1419,1603,0,0,0,1.0,1,1.0,1,1.0,1,0.18973476935231448,40
1755,2,3024,1420,1604,0,0,0,1.0,1,1.0,1,1.0,1,0.18756303972077795,41
1756,0,3024,1420,1604,0,0,0,1.0,1,1.0,1,1.0,1,0.21575098724482109,41
1757,0,3024,1420,1604,0,0,0,1.0,1,1.0,1,1.0,1,0.22439735197231234,40
1758,2,3026,1422,1604,0,0,0,1.0,1,1.0,1,1.0,1,0.24354906501831688,41
1759,2,3028,1424,1604,0,0,0,1.0,1,1.0,1,1.0,1,0.3149860186542608,38
1760,8,3036,1426,1610,0,0,0,1.0,1,1.0,1,1.0,1,0.3426536527245966,38
1761,3,3039,1427,1612,0,0,0,1.0,1,1.0,1,1.0,1,0.3175574658855577,37
1762,3,3042,1428,1614,0,0,0,1.0,1,1.0,1,1.0,1,0.3268122585481976,37
1763,1,3043,1429,1614,0,0,0,1.0,1,1.0,1,1.0,1,0.3064139686950358,37
1764,2,3045,1430,1615,0,0,0,1.0,1,1.0,1,1.0,1,0.28904656535280926,36
1765,3,3048,1432,1616,0,0,0,1.0,1,1.0,1,1.0,1,0.2654062716718822,36
1766,0,3048,1432,1616,0,0,0,1.0,1,1.0,1,1.0,1,0.2593466667873077,37
1767,1,3049,1433,1616,0,0,0,1.0,1,1.0,1,1.0,1,0.2570515817019779,37
1768,3,3052,1434,1618,0,0,0,1.0,1,1.0,1,1.0,1,0.25668531818322643,37
1769,2,3054,1435,1619,0,0,0,1.0,1,1.0,1,1.0,1,0.21509185884561052,38
1770,1,3055,1436,1619,0,0,0,1.0,1,1.0,1,1.0,1,0.2631835930702375,39
1771,1,3056,1436,1620,0,0,0,1.0,1,1.0,1,1.0,1,0.2422785722375158,39
1772,1,3057,1437,1620,0,0,0,1.0,1,1.0,1,1.0,1,0.28172757855669545,39
1773,1,3058,1437,1621,0,0,0,1.0,1,1.0,1,1.0,1,0.22782738708156228,41
1774,1,3059,1437,1622,0,0,0,1.0,1,1.0,1,1.0,1,0.1878952756465952,41
1775,1,3060,1437,1623,0,0,0,1.0,1,1.0,1,1.0,1,0.18779477486797008,42
1776,1,3061,1438,1623,0,0,0,1.0,1,1.0,1,1.0,1,0.2263100532662925,43
1777,0,3061,1438,1623,0,0,0,1.0,1,1.0,1,1.0,1,0.2263100532662925,43
1778,2,3063,1438,1625,0,0,0,1.0,1,1.0,1,1.0,1,0.21622030109113852,44
1779,1,3064,1438,1626,0,0,0,1.0,1,1.0,1,1.0,1,0.1988540593030076,46
1780,1,3065,1439,1626,0,0,0,1.0,1,1.0,1,1.0,1,0.20764381524885459,46
1781,1,3066,1439,1627,0,0,0,1.0,1,1.0,1,1.0,1,0.19487578100999497,46
1782,2,3068,1440,1628,0,0,0,1.0,1,1.0,1,1.0,1,0.22538508139843322,46
1783,3,3071,1443,1628,0,0,0,1.0,1,1.0,1,1.0,1,0.2381626374730325,44
1784,3,3074,1444,1630,0,0,0,1.0,1,1.0,1,1.0,1,0.23416078069136673,45
1785,1,3075,1445,1630,0,0,0,1.0,1,1.0,1,1.0,1,0.24057268946928032,42
1786,3,3078,1447,1631,0,0,0,1.0,1,1.0,1,1.0,1,0.2469944517143472,43
1787,1,3079,1448,1631,0,0,0,1.0,1,1.0,1,1.0,1,0.2541975665485595,41
1788,2,3081,1448,1633,0,0,0,1.0,1,1.0,1,1.0,1,0.2492613488787438,41
1789,2,3083,1450,1633,0,0,0,1.0,1,1.0,1,1.0,1,0.29307467323054187,41
1790,1,3084,1451,1633,0,0,0,1.0,1,1.0,1,1.0,1,0.2996244583809901,41
1791,2,3086,1451,1635,0,0,0,1.0,1,1.0,1,1.0,1,0.25633770421698965,40
1792,5,3091,1455,1636,0,0,0,1.0,1,1.0,1,1.0,1,0.19483977487581175,40
1793,0,3091,1455,1636,0,0,0,1.0,1,1.0,1,1.0,1,0.2092567331417177,41
1794,2,3093,1457,1636,0,0,0,1.0,1,1.0,1,1.0,1,0.2530595762438397,41
1795,1,3094,1458,1636,0,0,0,1.0,1,1.0,1,1.0,1,0.295035634463282,40
1796,3,3097,1460,1637,0,0,0,1.0,1,1.0,1,1.0,1,0.31693504648387466,40
1797,2,3099,1461,1638,0,0,0,1.0,1,1.0,1,1.0,1,0.3022227262815436,37
1798,0,3099,1461,1638,0,0,0,1.0,1,1.0,1,1.0,1,0.3022227262815436,37
1799,1,3100,1461,1639,0,0,0,1.0,1,1.0,1,1.0,1,0.3577454103668641,36
1800,4,3104,1462,1642,0,0,0,1.0,1,1.0,1,1.0,1,0.3340944343021824,36
1801,3,3107,1462,1645,0,0,0,1.0,1,1.0,1,1.0,1,0.22788908166404687,34
1802,0,3107,1462,1645,0,0,0,1.0,1,1.0,1,1.0,1,0.2522574790110968,33
1803,0,3107,1462,1645,0,0,0,1.0,1,1.0,1,1.0,1,0.2522574790110968,33
1804,2,3109,1463,1646,0,0,0,1.0,1,1.0,1,1.0,1,0.27487463548277524,33
1805,2,3111,1464,1647,0,0,0,1.0,1,1.0,1,1.0,1,0.30555539877186033,35
1806,2,3113,1466,1647,0,0,0,1.0,1,1.0,1,1.0,1,0.36436658757996526,35
1807,3,3116,1466,1650,0,0,0,1.0,1,1.0,1,1.0,1,0.271994360192598,35
1808,1,3117,1466,1651,0,0,0,1.0,1,1.0,1,1.0,1,0.22423216169055707,36
1809,0,3117,1466,1651,0,0,0,1.0,1,1.0,1,1.0,1,0.2201330187587482,36
1810,0,3117,1466,1651,0,0,0,1.0,1,1.0,1,1.0,1,0.23317980789421397,35
1811,2,3119,1467,1652,0,0,0,1.0,1,1.0,1,1.0,1,0.29917660693079345,36
1812,1,3120,1467,1653,0,0,0,1.0,1,1.0,1,1.0,1,0.2960932184034883,36
1813,1,3121,1468,1653,0,0,0,1.0,1,1.0,1,1.0,1,0.3150790836289487,36
1814,0,3121,1468,1653,0,0,0,1.0,1,1.0,1,1.0,1,0.31494410874362094,34
1815,0,3121,1468,1653,0,0,0,1.0,1,1.0,1,1.0,1,0.3264223197190105,35
1816,1,3122,1468,1654,0,0,0,1.0,1,1.0,1,1.0,1,0.3311363253777836,34
1817,3,3125,1470,1655,0,0,0,1.0,1,1.0,1,1.0,1,0.31446436640558034,34
1818,2,3127,1471,1656,0,0,0,1.0,1,1.0,1,1.0,1,0.2615389413109701,34
1819,3,3130,1473,1657,0,0,0,1.0,1,1.0,1,1.0,1,0.2612042402042958,35
1820,0,3130,1473,1657,0,0,0,1.0,1,1.0,1,1.0,1,0.23967391764175583,36
1821,2,3132,1474,1658,0,0,0,1.0,1,1.0,1,1.0,1,0.21920075006464665,36
1822,4,3136,1475,1661,0,0,0,1.0,1,1.0,1,1.0,1,0.1883720031872054,37
1823,4,3140,1477,1663,0,0,0,1.0,1,1.0,1,1.0,1,0.25237197351712753,38
1824,3,3143,1480,1663,0,0,0,1.0,1,1.0,1,1.0,1,0.25722917226674535,37
1825,6,3149,1482,1667,0,0,0,1.0,1,1.0,1,1.0,1,0.252223088895419,36
1826,1,3150,1482,1668,0,0,0,1.0,1,1.0,1,1.0,1,0.2413948296455971,35
1827,0,3150,1482,1668,0,0,0,1.0,1,1.0,1,1.0,1,0.2428775759748746,35
1828,1,3151,1483,1668,0,0,0,1.0,1,1.0,1,1.0,1,0.269636323092909,33
1829,2,3153,1483,1670,0,0,0,1.0,1,1.0,1,1.0,1,0.24956686438730277,32
1830,2,3155,1485,1670,0,0,0,1.0,1,1.0,1,1.0,1,0.3314679658054176,32
1831,2,3157,1485,1672,0,0,0,1.0,1,1.0,1,1.0,1,0.30201227091418964,30
1832,1,3158,1485,1673,0,0,0,1.0,1,1.0,1,1.0,1,0.27463261206017886,30
1833,2,3160,1486,1674,0,0,0,1.0,1,1.0,1,1.0,1,0.35257200341975065,29
1834,3,3163,1487,1676,0,0,0,1.0,1,1.0,1,1.0,1,0.2986356843493394,28
1835,0,3163,1487,1676,0,0,0,1.0,1,1.0,1,1.0,1,0.287453986757955,28
1836,3,3166,1488,1678,0,0,0,1.0,1,1.0,1,1.0,1,0.2867626551167693,29
1837,2,3168,1488,1680,0,0,0,1.0,1,1.0,1,1.0,1,0.31228593493954404,28
1838,2,3170,1489,1681,0,0,0,1.0,1,1.0,1,1.0,1,0.2977084796973025,28
1839,2,3172,1490,1682,0,0,0,1.0,1,1.0,1,1.0,1,0.43867768606064905,27
1840,1,3173,1490,1683,0,0,0,1.0,1,1.0,1,1.0,1,0.46403713747536784,26
1841,2,3175,1490,1685,0,0,0,1.0,1,1.0,1,1.0,1,0.36498190724617735,25
1842,2,3177,1491,1686,0,0,0,1.0,1,1.0,1,1.0,1,0.3531972822210797,26
1843,1,3178,1491,1687,0,0,0,1.0,1,1.0,1,1.0,1,0.31908434486291626,26
1844,0,3178,1491,1687,0,0,0,1.0,1,1.0,1,1.0,1,0.31908434486291626,26
1845,1,3179,1492,1687,0,0,0,1.0,1,1.0,1,1.0,1,0.35421174109179343,26
1846,2,3181,1494,1687,0,0,0,1.0,1,1.0,1,1.0,1,0.36063981183882876,26
1847,1,3182,1494,1688,0,0,0,1.0,1,1.0,1,1.0,1,0.31822087172165814,26
1848,1,3183,1494,1689,0,0,0,1.0,1,1.0,1,1.0,1,0.31642174214382257,27
1849,1,3184,1494,1690,0,0,0,1.0,1,1.0,1,1.0,1,0.28651177075124423,27
1850,0,3184,1494,1690,0,0,0,1.0,1,1.0,1,1.0,1,0.30751481033355227,28
1851,1,3185,1494,1691,0,0,0,1.0,1,1.0,1,1.0,1,0.27793392453080923,28
1852,0,3185,1494,1691,0,0,0,1.0,1,1.0,1,1.0,1,0.27793392453080923,28
1853,0,3185,1494,1691,0,0,0,1.0,1,1.0,1,1.0,1,0.29638682652798826,27
1854,1,3186,1494,1692,0,0,0,1.0,1,1.0,1,1.0,1,0.30275811444868844,28
1855,0,3186,1494,1692,0,0,0,1.0,1,1.0,1,1.0,1,0.30275811444868844,28
1856,1,3187,1494,1693,0,0,0,1.0,1,1.0,1,1.0,1,0.290386912833139,30
1857,1,3188,1495,1693,0,0,0,1.0,1,1.0,1,1.0,1,0.31743345322146715,31
1858,5,3193,1498,1695,0,0,0,1.0,1,1.0,1,1.0,1,0.3161742083917069,31
1859,0,3193,1498,1695,0,0,0,1.0,1,1.0,1,1.0,1,0.3161742083917069,31
1860,1,3194,1498,1696,0,0,0,1.0,1,1.0,1,1.0,1,0.30520915024404527,31
1861,1,3195,1499,1696,0,0,0,1.0,1,1.0,1,1.0,1,0.3263175419639506,31
1862,0,3195,1499,1696,0,0,0,1.0,1,1.0,1,1.0,1,0.3263175419639506,31
1863,0,3195,1499,1696,0,0,0,1.0,1,1.0,1,1.0,1,0.33622748651996226,31
1864,1,3196,1500,1696,0,0,0,1.0,1,1.0,1,1.0,1,0.3358458482554204,30
1865,1,3197,1501,1696,0,0,0,1.0,1,1.0,1,1.0,1,0.36433933574673216,27
1866,2,3199,1503,1696,0,0,0,1.0,1,1.0,1,1.0,1,0.411455120468313,28
1867,1,3200,1504,1696,0,0,0,1.0,1,1.0,1,1.0,1,0.42423635814822536,26
1868,0,3200,1504,1696,0,0,0,1.0,1,1.0,1,1.0,1,0.42423635814822536,26
1869,0,3200,1504,1696,0,0,0,1.0,1,1.0,1,1.0,1,0.4336682334154358,25
1870,1,3201,1505,1696,0,0,0,1.0,1,1.0,1,1.0,1,0.4058006093859823,25
1871,4,3205,1505,1700,0,0,0,1.0,1,1.0,1,1.0,1,0.3408864463890627,26
1872,0,3205,1505,1700,0,0,0,1.0,1,1.0,1,1.0,1,0.3737302593628745,25
1873,0,3205,1505,1700,0,0,0,1.0,1,1.0,1,1.0,1,0.38540505177234524,23
1874,0,3205,1505,1700,0,0,0,1.0,1,1.0,1,1.0,1,0.34818929347396543,23
1875,0,3205,1505,1700,0,0,0,1.0,1,1.0,1,1.0,1,0.43519577975437507,21
1876,2,3207,1506,1701,0,0,0,1.0,1,1.0,1,1.0,1,0.42924750114617805,24
1877,1,3208,1507,1701,0,0,0,1.0,1,1.0,1,1.0,1,0.4788135775398752,24
1878,1,3209,1508,1701,0,0,0,1.0,1,1.0,1,1.0,1,0.4411030780398253,26
1879,0,3209,1508,1701,0,0,0,1.0,1,1.0,1,1.0,1,0.4411030780398253,26
1880,0,3209,1508,1701,0,0,0,1.0,1,1.0,1,1.0,1,0.4411030780398253,26
1881,3,3212,1508,1704,0,0,0,1.0,1,1.0,1,1.0,1,0.32054680100763056,26
1882,0,3212,1508,1704,0,0,0,1.0,1,1.0,1,1.0,1,0.3189877589312176,25
1883,0,3212,1508,1704,0,0,0,1.0,1,1.0,1,1.0,1,0.3189877589312176,25
1884,0,3212,1508,1704,0,0,0,1.0,1,1.0,1,1.0,1,0.3189877589312176,25
1885,0,3212,1508,1704,0,0,0,1.0,1,1.0,1,1.0,1,0.3189877589312176,25
1886,1,3213,1508,1705,0,0,0,1.0,1,1.0,1,1.0,1,0.2614681061229631,26
1887,0,3213,1508,1705,0,0,0,1.0,1,1.0,1,1.0,1,0.2614681061229631,26
1888,1,3214,1509,1705,0,0,0,1.0,1,1.0,1,1.0,1,0.3171715920750766,27
1889,0,3214,1509,1705,0,0,0,1.0,1,1.0,1,1.0,1,0.3320496708216797,28
1890,0,3214,1509,1705,0,0,0,1.0,1,1.0,1,1.0,1,0.3320496708216797,28
1891,0,3214,1509,1705,0,0,0,1.0,1,1.0,1,1.0,1,0.35694246288096315,29
1892,0,3214,1509,1705,0,0,0,1.0,1,1.0,1,1.0,1,0.35694246288096315,29
1893,0,3214,1509,1705,0,0,0,1.0,1,1.0,1,1.0,1,0.35694246288096315,29
1894,0,3214,1509,1705,0,0,0,1.0,1,1.0,1,1.0,1,0.35694246288096315,29
1895,1,3215,1510,1705,0,0,0,1.0,1,1.0,1,1.0,1,0.3701925606346205,31
1896,1,3216,1510,1706,0,0,0,1.0,1,1.0,1,1.0,1,0.35015905282214044,31
1897,0,3216,1510,1706,0,0,0,1.0,1,1.0,1,1.0,1,0.35015905282214044,31
1898,0,3216,1510,1706,0,0,0,1.0,1,1.0,1,1.0,1,0.35015905282214044,31
1899,1,3217,1510,1707,0,0,0,1.0,1,1.0,1,1.0,1,0.3453793939972355,32
1900,0,3217,1510,1707,0,0,0,1.0,1,1.0,1,1.0,1,0.3453793939972355,32
1901,1,3218,1510,1708,0,0,0,1.0,1,1.0,1,1.0,1,0.33054584792431635,32
1902,0,3218,1510,1708,0,0,0,1.0,1,1.0,1,1.0,1,0.33054584792431635,32
1903,0,3218,1510,1708,0,0,0,1.0,1,1.0,1,1.0,1,0.33054584792431635,32
1904,0,3218,1510,1708,0,0,0,1.0,1,1.0,1,1.0,1,0.3059023798555585,34
1905,0,3218,1510,1708,0,0,0,1.0,1,1.0,1,1.0,1,0.3059023798555585,34
1906,1,3219,1510,1709,0,0,0,1.0,1,1.0,1,1.0,1,0.30151199043564625,35
1907,2,3221,1511,1710,0,0,0,1.0,1,1.0,1,1.0,1,0.2683984842608782,36
1908,0,3221,1511,1710,0,0,0,1.0,1,1.0,1,1.0,1,0.2683984842608782,36
1909,1,3222,1511,1711,0,0,0,1.0,1,1.0,1,1.0,1,0.27163606930292106,37
1910,1,3223,1512,1711,0,0,0,1.0,1,1.0,1,1.0,1,0.29502224199681343,38
1911,1,3224,1512,1712,0,0,0,1.0,1,1.0,1,1.0,1,0.24435814783840812,37
1912,2,3226,1514,1712,0,0,0,1.0,1,1.0,1,1.0,1,0.26964077082969223,37
1913,1,3227,1514,1713,0,0,0,1.0,1,1.0,1,1.0,1,0.24392726630390213,36
1914,1,3228,1515,1713,0,0,0,1.0,1,1.0,1,1.0,1,0.2612614245463209,37
1915,1,3229,1516,1713,0,0,0,1.0,1,1.0,1,1.0,1,0.30600412378452657,37
1916,1,3230,1517,1713,0,0,0,1.0,1,1.0,1,1.0,1,0.276730326758611,39
1917,3,3233,1519,1714,0,0,0,1.0,1,1.0,1,1.0,1,0.2804133126483854,38
1918,0,3233,1519,1714,0,0,0,1.0,1,1.0,1,1.0,1,0.2806932549925642,38
1919,3,3236,1520,1716,0,0,0,1.0,1,1.0,1,1.0,1,0.273789581249809,38
1920,1,3237,1521,1716,0,0,0,1.0,1,1.0,1,1.0,1,0.2752194481268272,39
1921,2,3239,1521,1718,0,0,0,1.0,1,1.0,1,1.0,1,0.22521872400037962,38
1922,3,3242,1523,1719,0,0,0,1.0,1,1.0,1,1.0,1,0.1897236291762105,39
1923,3,3245,1526,1719,0,0,0,1.0,1,1.0,1,1.0,1,0.26715549965760843,40
1924,3,3248,1526,1722,0,0,0,1.0,1,1.0,1,1.0,1,0.24499066215464696,40
1925,0,3248,1526,1722,0,0,0,1.0,1,1.0,1,1.0,1,0.2612603149681636,40
1926,1,3249,1526,1723,0,0,0,1.0,1,1.0,1,1.0,1,0.26550879604002803,40
1927,0,3249,1526,1723,0,0,0,1.0,1,1.0,1,1.0,1,0.2335007689408903,41
1928,1,3250,1527,1723,0,0,0,1.0,1,1.0,1,1.0,1,0.2406559186380351,41
1929,0,3250,1527,1723,0,0,0,1.0,1,1.0,1,1.0,1,0.2533331864604959,40
1930,0,3250,1527,1723,0,0,0,1.0,1,1.0,1,1.0,1,0.2533331864604959,40
1931,4,3254,1527,1727,0,0,0,1.0,1,1.0,1,1.0,1,0.1480625782142002,40
1932,0,3254,1527,1727,0,0,0,1.0,1,1.0,1,1.0,1,0.1480625782142002,40
1933,0,3254,1527,1727,0,0,0,1.0,1,1.0,1,1.0,1,0.17645883716616598,42
1934,1,3255,1527,1728,0,0,0,1.0,1,1.0,1,1.0,1,0.13952481942048672,44
1935,0,3255,1527,1728,0,0,0,1.0,1,1.0,1,1.0,1,0.13952481942048672,44
1936,5,3260,1528,1732,0,0,0,1.0,1,1.0,1,1.0,1,0.14110748398470446,46
1937,2,3262,1529,1733,0,0,0,1.0,1,1.0,1,1.0,1,0.11027912605262713,47
1938,0,3262,1529,1733,0,0,0,1.0,1,1.0,1,1.0,1,0.11027912605262713,47
1939,0,3262,1529,1733,0,0,0,1.0,1,1.0,1,1.0,1,0.11027912605262713,47
1940,0,3262,1529,1733,0,0,0,1.0,1,1.0,1,1.0,1,0.11027912605262713,47
1941,2,3264,1531,1733,0,0,0,1.0,1,1.0,1,1.0,1,0.10909774699629511,47
1942,2,3266,1533,1733,0,0,0,1.0,1,1.0,1,1.0,1,0.13867781969855147,49
1943,2,3268,1535,1733,0,0,0,1.0,1,1.0,1,1.0,1,0.15958239513497688,47
1944,6,3274,1539,1735,0,0,0,1.0,1,1.0,1,1.0,1,0.19222556163706142,47
1945,3,3277,1541,1736,0,0,0,1.0,1,1.0,1,1.0,1,0.20145414972541942,45
1946,0,3277,1541,1736,0,0,0,1.0,1,1.0,1,1.0,1,0.2194326285717465,45
1947,4,3281,1543,1738,0,0,0,1.0,1,1.0,1,1.0,1,0.23979050920222317,45
1948,3,3284,1544,1740,0,0,0,1.0,1,1.0,1,1.0,1,0.27493898684899887,45
1949,4,3288,1547,1741,0,0,0,1.0,1,1.0,1,1.0,1,0.2990196910123931,42
1950,7,3295,1551,1744,0,0,0,1.0,1,1.0,1,1.0,1,0.2683241844589984,42
1951,3,3298,1552,1746,0,0,0,1.0,1,1.0,1,1.0,1,0.2948260277095378,38
1952,3,3301,1554,1747,0,0,0,1.0,1,1.0,1,1.0,1,0.3139165822122382,36
1953,2,3303,1554,1749,0,0,0,1.0,1,1.0,1,1.0,1,0.2792911969976396,35
1954,1,3304,1555,1749,0,0,0,1.0,1,1.0,1,1.0,1,0.24742633949846776,32
1955,1,3305,1556,1749,0,0,0,1.0,1,1.0,1,1.0,1,0.26679546838927365,33
1956,2,3307,1558,1749,0,0,0,1.0,1,1.0,1,1.0,1,0.32049547455346117,31
1957,2,3309,1559,1750,0,0,0,1.0,1,1.0,1,1.0,1,0.2992892238213741,33
1958,2,3311,1560,1751,0,0,0,1.0,1,1.0,1,1.0,1,0.2998156808908122,34
1959,0,3311,1560,1751,0,0,0,1.0,1,1.0,1,1.0,1,0.2921595575693141,35
1960,2,3313,1561,1752,0,0,0,1.0,1,1.0,1,1.0,1,0.3096957484769543,36
1961,5,3318,1562,1756,0,0,0,1.0,1,1.0,1,1.0,1,0.24383159861064677,36
1962,1,3319,1562,1757,0,0,0,1.0,1,1.0,1,1.0,1,0.25016198197666484,35
1963,2,3321,1563,1758,0,0,0,1.0,1,1.0,1,1.0,1,0.266071256618525,36
1964,1,3322,1564,1758,0,0,0,1.0,1,1.0,1,1.0,1,0.269514962161401,35
1965,0,3322,1564,1758,0,0,0,1.0,1,1.0,1,1.0,1,0.254025201711526,36
1966,3,3325,1565,1760,0,0,0,1.0,1,1.0,1,1.0,1,0.27512342259940814,36
1967,2,3327,1566,1761,0,0,0,1.0,1,1.0,1,1.0,1,0.26549767653086886,36
1968,2,3329,1566,1763,0,0,0,1.0,1,1.0,1,1.0,1,0.2799862779555429,37
1969,4,3333,1567,1766,0,0,0,1.0,1,1.0,1,1.0,1,0.295676202245057,37
1970,3,3336,1568,1768,0,0,0,1.0,1,1.0,1,1.0,1,0.308477054346605,38
1971,2,3338,1568,1770,0,0,0,1.0,1,1.0,1,1.0,1,0.2797931969676399,37
1972,0,3338,1568,1770,0,0,0,1.0,1,1.0,1,1.0,1,0.2797931969676399,37
1973,1,3339,1569,1770,0,0,0,1.0,1,1.0,1,1.0,1,0.31139916748896534,37
1974,0,3339,1569,1770,0,0,0,1.0,1,1.0,1,1.0,1,0.31443759699919593,38
1975,0,3339,1569,1770,0,0,0,1.0,1,1.0,1,1.0,1,0.3238636264780306,37
1976,5,3344,1572,1772,0,0,0,1.0,1,1.0,1,1.0,1,0.34342067118813574,39
1977,2,3346,1572,1774,0,0,0,1.0,1,1.0,1,1.0,1,0.2959467994014229,42
1978,1,3347,1573,1774,0,0,0,1.0,1,1.0,1,1.0,1,0.30056621890850393,42
1979,0,3347,1573,1774,0,0,0,1.0,1,1.0,1,1.0,1,0.30056621890850393,42
1980,1,3348,1574,1774,0,0,0,1.0,1,1.0,1,1.0,1,0.29209453778766187,43
1981,3,3351,1574,1777,0,0,0,1.0,1,1.0,1,1.0,1,0.2240456960739393,44
1982,1,3352,1575,1777,0,0,0,1.0,1,1.0,1,1.0,1,0.22404442005341035,44
1983,3,3355,1578,1777,0,0,0,1.0,1,1.0,1,1.0,1,0.2188463311744474,44
1984,3,3358,1579,1779,0,0,0,1.0,1,1.0,1,1.0,1,0.21771459174981841,42
1985,1,3359,1580,1779,0,0,0,1.0,1,1.0,1,1.0,1,0.22677865023313562,41
1986,3,3362,1582,1780,0,0,0,1.0,1,1.0,1,1.0,1,0.237223469486581,40
1987,3,3365,1584,1781,0,0,0,1.0,1,1.0,1,1.0,1,0.21205857157883434,37
1988,2,3367,1585,1782,0,0,0,1.0,1,1.0,1,1.0,1,0.2183957850312665,35
1989,0,3367,1585,1782,0,0,0,1.0,1,1.0,1,1.0,1,0.22842540006137652,32
1990,1,3368,1586,1782,0,0,0,1.0,1,1.0,1,1.0,1,0.19338353134599892,31
1991,1,3369,1587,1782,0,0,0,1.0,1,1.0,1,1.0,1,0.23267127287951084,32
1992,3,3372,1590,1782,0,0,0,1.0,1,1.0,1,1.0,1,0.347420346386293,32
1993,1,3373,1591,1782,0,0,0,1.0,1,1.0,1,1.0,1,0.4195651115077063,32
1994,2,3375,1592,1783,0,0,0,1.0,1,1.0,1,1.0,1,0.41926337624304716,31
1995,0,3375,1592,1783,0,0,0,1.0,1,1.0,1,1.0,1,0.4116524844476325,32
1996,2,3377,1592,1785,0,0,0,1.0,1,1.0,1,1.0,1,0.35788825517119965,32
1997,1,3378,1592,1786,0,0,0,1.0,1,1.0,1,1.0,1,0.3676922303719091,31
1998,0,3378,1592,1786,0,0,0,1.0,1,1.0,1,1.0,1,0.3667375678407233,32
1999,0,3378,1592,1786,0,0,0,1.0,1,1.0,1,1.0,1,0.3713388608325154,31
2000,0,3378,1592,1786,0,0,0,1.0,1,1.0,1,1.0,1,0.3940694360168092,30
2001,3,3381,1592,1789,0,0,0,1.0,1,1.0,1,1.0,1,0.2996642011114716,29
2002,3,3384,1593,1791,0,0,0,1.0,1,1.0,1,1.0,1,0.22367065933048247,31
2003,1,3385,1594,1791,0,0,0,1.0,1,1.0,1,1.0,1,0.27065628956537313,33
2004,2,3387,1595,1792,0,0,0,1.0,1,1.0,1,1.0,1,0.3025064944682331,34
2005,4,3391,1595,1796,0,0,0,1.0,1,1.0,1,1.0,1,0.24658779626116073,35
2006,3,3394,1596,1798,0,0,0,1.0,1,1.0,1,1.0,1,0.21962248373128895,36
2007,1,3395,1596,1799,0,0,0,1.0,1,1.0,1,1.0,1,0.23745532924547189,36
2008,2,3397,1598,1799,0,0,0,1.0,1,1.0,1,1.0,1,0.2590659927857732,36
2009,0,3397,1598,1799,0,0,0,1.0,1,1.0,1,1.0,1,0.23713993968520763,37
2010,1,3398,1599,1799,0,0,0,1.0,1,1.0,1,1.0,1,0.25066553137293557,37
2011,1,3399,1599,1800,0,0,0,1.0,1,1.0,1,1.0,1,0.22693228048638867,37
2012,1,3400,1599,1801,0,0,0,1.0,1,1.0,1,1.0,1,0.2172775691854671,37
2013,0,3400,1599,1801,0,0,0,1.0,1,1.0,1,1.0,1,0.24313043121020889,39
2014,2,3402,1599,1803,0,0,0,1.0,1,1.0,1,1.0,1,0.24173085790514662,39
2015,1,3403,1599,1804,0,0,0,1.0,1,1.0,1,1.0,1,0.21627956944765137,39
2016,1,3404,1599,1805,0,0,0,1.0,1,1.0,1,1.0,1,0.20937944397457448,41
2017,1,3405,1599,1806,0,0,0,1.0,1,1.0,1,1.0,1,0.20040682364922294,41
2018,1,3406,1600,1806,0,0,0,1.0,1,1.0,1,1.0,1,0.2262805189549682,42
2019,0,3406,1600,1806,0,0,0,1.0,1,1.0,1,1.0,1,0.20674276802279282,43
2020,3,3409,1603,1806,0,0,0,1.0,1,1.0,1,1.0,1,0.25533283827218245,43
2021,4,3413,1604,1809,0,0,0,1.0,1,1.0,1,1.0,1,0.18549892662265954,43
2022,0,3413,1604,1809,0,0,0,1.0,1,1.0,1,1.0,1,0.19117558051301217,44
2023,4,3417,1607,1810,0,0,0,1.0,1,1.0,1,1.0,1,0.27332609303146166,42
2024,2,3419,1609,1810,0,0,0,1.0,1,1.0,1,1.0,1,0.2647693237903218,41
2025,1,3420,1610,1810,0,0,0,1.0,1,1.0,1,1.0,1,0.2729299921480755,39
2026,1,3421,1611,1810,0,0,0,1.0,1,1.0,1,1.0,1,0.3149509195605944,39
2027,5,3426,1614,1812,0,0,0,1.0,1,1.0,1,1.0,1,0.41189699471317315,38
2028,0,3426,1614,1812,0,0,0,1.0,1,1.0,1,1.0,1,0.3950876955659751,37
2029,4,3430,1616,1814,0,0,0,1.0,1,1.0,1,1.0,1,0.3517437919903694,35
2030,1,3431,1616,1815,0,0,0,1.0,1,1.0,1,1.0,1,0.32471797711305833,32
2031,3,3434,1618,1816,0,0,0,1.0,1,1.0,1,1.0,1,0.2865237655360944,34
2032,2,3436,1619,1817,0,0,0,1.0,1,1.0,1,1.0,1,0.30565459296879816,35
2033,4,3440,1622,1818,0,0,0,1.0,1,1.0,1,1.0,1,0.25050945822941084,35
2034,1,3441,1622,1819,0,0,0,1.0,1,1.0,1,1.0,1,0.2617966199841752,35
2035,2,3443,1624,1819,0,0,0,1.0,1,1.0,1,1.0,1,0.22796357262160027,36
2036,0,3443,1624,1819,0,0,0,1.0,1,1.0,1,1.0,1,0.23342639596290363,35
2037,2,3445,1625,1820,0,0,0,1.0,1,1.0,1,1.0,1,0.2423616658587977,36
2038,2,3447,1627,1820,0,0,0,1.0,1,1.0,1,1.0,1,0.23796614902505006,38
2039,1,3448,1628,1820,0,0,0,1.0,1,1.0,1,1.0,1,0.2339024874182938,38
2040,0,3448,1628,1820,0,0,0,1.0,1,1.0,1,1.0,1,0.21391783059971903,37
2041,1,3449,1629,1820,0,0,0,1.0,1,1.0,1,1.0,1,0.26121704213623764,38
2042,1,3450,1629,1821,0,0,0,1.0,1,1.0,1,1.0,1,0.2364236932332165,38
2043,1,3451,1630,1821,0,0,0,1.0,1,1.0,1,1.0,1,0.21819270313624312,38
2044,0,3451,1630,1821,0,0,0,1.0,1,1.0,1,1.0,1,0.20849608607080627,39
2045,1,3452,1630,1822,0,0,0,1.0,1,1.0,1,1.0,1,0.2150971711044468,40
2046,1,3453,1630,1823,0,0,0,1.0,1,1.0,1,1.0,1,0.19287812832811954,41
2047,1,3454,1631,1823,0,0,0,1.0,1,1.0,1,1.0,1,0.18871697855465044,41
2048,0,3454,1631,1823,0,0,0,1.0,1,1.0,1,1.0,1,0.20494901440606253,43
2049,2,3456,1633,1823,0,0,0,1.0,1,1.0,1,1.0,1,0.20172365230897052,43
2050,1,3457,1633,1824,0,0,0,1.0,1,1.0,1,1.0,1,0.1760328654538848,43
2051,1,3458,1633,1825,0,0,0,1.0,1,1.0,1,1.0,1,0.17603518402353072,43
2052,0,3458,1633,1825,0,0,0,1.0,1,1.0,1,1.0,1,0.19019790672335654,44
2053,1,3459,1634,1825,0,0,0,1.0,1,1.0,1,1.0,1,0.2315811772410489,43
2054,1,3460,1635,1825,0,0,0,1.0,1,1.0,1,1.0,1,0.21870890130358236,44
2055,0,3460,1635,1825,0,0,0,1.0,1,1.0,1,1.0,1,0.23604211769672467,43
2056,1,3461,1635,1826,0,0,0,1.0,1,1.0,1,1.0,1,0.2073246038532624,44
2057,4,3465,1639,1826,0,0,0,1.0,1,1.0,1,1.0,1,0.2305287823402897,44
2058,3,3468,1641,1827,0,0,0,1.0,1,1.0,1,1.0,1,0.22177535615240143,44
2059,1,3469,1642,1827,0,0,0,1.0,1,1.0,1,1.0,1,0.2348560432280311,45
2060,0,3469,1642,1827,0,0,0,1.0,1,1.0,1,1.0,1,0.24600761518815853,46
2061,8,3477,1644,1833,0,0,0,1.0,1,1.0,1,1.0,1,0.19767593984288961,48
2062,1,3478,1645,1833,0,0,0,1.0,1,1.0,1,1.0,1,0.1870626697541881,48
2063,1,3479,1645,1834,0,0,0,1.0,1,1.0,1,1.0,1,0.2238952610469596,45
2064,3,3482,1647,1835,0,0,0,1.0,1,1.0,1,1.0,1,0.23710498248928236,44
2065,1,3483,1648,1835,0,0,0,1.0,1,1.0,1,1.0,1,0.218118129608828,42
2066,4,3487,1652,1835,0,0,0,1.0,1,1.0,1,1.0,1,0.3385990176860148,42
2067,5,3492,1653,1839,0,0,0,1.0,1,1.0,1,1.0,1,0.2639864390348762,38
2068,1,3493,1654,1839,0,0,0,1.0,1,1.0,1,1.0,1,0.2903110420348164,37
2069,0,3493,1654,1839,0,0,0,1.0,1,1.0,1,1.0,1,0.2934751366123106,35
2070,1,3494,1655,1839,0,0,0,1.0,1,1.0,1,1.0,1,0.30649241776089303,35
2071,1,3495,1655,1840,0,0,0,1.0,1,1.0,1,1.0,1,0.3086525541831805,34
2072,2,3497,1656,1841,0,0,0,1.0,1,1.0,1,1.0,1,0.3443022920204896,35
2073,0,3497,1656,1841,0,0,0,1.0,1,1.0,1,1.0,1,0.3337061832252108,37
2074,0,3497,1656,1841,0,0,0,1.0,1,1.0,1,1.0,1,0.31893092912726384,36
2075,2,3499,1656,1843,0,0,0,1.0,1,1.0,1,1.0,1,0.2413219599094847,38
2076,1,3500,1656,1844,0,0,0,1.0,1,1.0,1,1.0,1,0.20498092347845176,37
2077,1,3501,1656,1845,0,0,0,1.0,1,1.0,1,1.0,1,0.19363844941284428,37
2078,1,3502,1657,1845,0,0,0,1.0,1,1.0,1,1.0,1,0.1655318826922613,37
2079,3,3505,1658,1847,0,0,0,1.0,1,1.0,1,1.0,1,0.15319858676144837,37
2080,1,3506,1658,1848,0,0,0,1.0,1,1.0,1,1.0,1,0.15666876516238545,36
2081,0,3506,1658,1848,0,0,0,1.0,1,1.0,1,1.0,1,0.1502792986488617,37
2082,3,3509,1660,1849,0,0,0,1.0,1,1.0,1,1.0,1,0.22826178638778502,38
2083,0,3509,1660,1849,0,0,0,1.0,1,1.0,1,1.0,1,0.24752112401141005,39
2084,3,3512,1661,1851,0,0,0,1.0,1,1.0,1,1.0,1,0.28586674022549174,41
2085,2,3514,1662,1852,0,0,0,1.0,1,1.0,1,1.0,1,0.27535742366127436,41
2086,0,3514,1662,1852,0,0,0,1.0,1,1.0,1,1.0,1,0.27197880818567405,44
2087,1,3515,1662,1853,0,0,0,1.0,1,1.0,1,1.0,1,0.2619510548116764,44
2088,1,3516,1662,1854,0,0,0,1.0,1,1.0,1,1.0,1,0.23600620969722663,45
2089,1,3517,1663,1854,0,0,0,1.0,1,1.0,1,1.0,1,0.21186632197207816,46
2090,3,3520,1663,1857,0,0,0,1.0,1,1.0,1,1.0,1,0.22163523969079257,47
2091,3,3523,1663,1860,0,0,0,1.0,1,1.0,1,1.0,1,0.17005519915170475,48
2092,1,3524,1664,1860,0,0,0,1.0,1,1.0,1,1.0,1,0.16893211375344816,48
2093,0,3524,1664,1860,0,0,0,1.0,1,1.0,1,1.0,1,0.16893211375344816,48
2094,1,3525,1665,1860,0,0,0,1.0,1,1.0,1,1.0,1,0.20051326388270121,47
2095,1,3526,1665,1861,0,0,0,1.0,1,1.0,1,1.0,1,0.20935405741376742,49
2096,1,3527,1666,1861,0,0,0,1.0,1,1.0,1,1.0,1,0.2279267703268254,50
2097,0,3527,1666,1861,0,0,0,1.0,1,1.0,1,1.0,1,0.2279267703268254,50
2098,1,3528,1667,1861,0,0,0,1.0,1,1.0,1,1.0,1,0.23966592454483615,51
2099,0,3528,1667,1861,0,0,0,1.0,1,1.0,1,1.0,1,0.2575818316739409,50
2100,2,3530,1669,1861,0,0,0,1.0,1,1.0,1,1.0,1,0.31719589754506267,49
2101,6,3536,1670,1866,0,0,0,1.0,1,1.0,1,1.0,1,0.2535322677635628,48
2102,7,3543,1674,1869,0,0,0,1.0,1,1.0,1,1.0,1,0.31595121685590727,49
2103,2,3545,1675,1870,0,0,0,1.0,1,1.0,1,1.0,1,0.3027625530898735,44
2104,2,3547,1677,1870,0,0,0,1.0,1,1.0,1,1.0,1,0.3562759906197615,42
2105,0,3547,1677,1870,0,0,0,1.0,1,1.0,1,1.0,1,0.3511704122181531,40
2106,1,3548,1677,1871,0,0,0,1.0,1,1.0,1,1.0,1,0.3278073052056006,39
2107,1,3549,1678,1871,0,0,0,1.0,1,1.0,1,1.0,1,0.29779950326114757,37
2108,2,3551,1679,1872,0,0,0,1.0,1,1.0,1,1.0,1,0.295565692536017,37
2109,2,3553,1681,1872,0,0,0,1.0,1,1.0,1,1.0,1,0.3513729227929844,36
2110,1,3554,1681,1873,0,0,0,1.0,1,1.0,1,1.0,1,0.30319364680028454,35
2111,3,3557,1682,1875,0,0,0,1.0,1,1.0,1,1.0,1,0.23549734259123598,35
2112,0,3557,1682,1875,0,0,0,1.0,1,1.0,1,1.0,1,0.23549734259123598,35
2113,0,3557,1682,1875,0,0,0,1.0,1,1.0,1,1.0,1,0.2345623072972193,35
2114,2,3559,1683,1876,0,0,0,1.0,1,1.0,1,1.0,1,0.26089861502992323,36
2115,0,3559,1683,1876,0,0,0,1.0,1,1.0,1,1.0,1,0.25952117491564985,37
2116,3,3562,1685,1877,0,0,0,1.0,1,1.0,1,1.0,1,0.27635447405689834,39
2117,2,3564,1685,1879,0,0,0,1.0,1,1.0,1,1.0,1,0.2521119222351965,39
2118,1,3565,1685,1880,0,0,0,1.0,1,1.0,1,1.0,1,0.2623191378503302,41
2119,1,3566,1685,1881,0,0,0,1.0,1,1.0,1,1.0,1,0.248023279905747,42
2120,0,3566,1685,1881,0,0,0,1.0,1,1.0,1,1.0,1,0.248023279905747,42
2121,0,3566,1685,1881,0,0,0,1.0,1,1.0,1,1.0,1,0.248023279905747,42
2122,1,3567,1685,1882,0,0,0,1.0,1,1.0,1,1.0,1,0.24552057547212064,43
2123,2,3569,1686,1883,0,0,0,1.0,1,1.0,1,1.0,1,0.2546494851014586,42
2124,1,3570,1686,1884,0,0,0,1.0,1,1.0,1,1.0,1,0.23751490440561576,42
2125,0,3570,1686,1884,0,0,0,1.0,1,1.0,1,1.0,1,0.25361804748240957,41
2126,0,3570,1686,1884,0,0,0,1.0,1,1.0,1,1.0,1,0.25361804748240957,41
2127,0,3570,1686,1884,0,0,0,1.0,1,1.0,1,1.0,1,0.25361804748240957,41
2128,0,3570,1686,1884,0,0,0,1.0,1,1.0,1,1.0,1,0.2623572166408119,42
2129,2,3572,1686,1886,0,0,0,1.0,1,1.0,1,1.0,1,0.2674988670667401,43
2130,2,3574,1687,1887,0,0,0,1.0,1,1.0,1,1.0,1,0.2905958275419864,45
2131,5,3579,1689,1890,0,0,0,1.0,1,1.0,1,1.0,1,0.2674052156335318,44
2132,0,3579,1689,1890,0,0,0,1.0,1,1.0,1,1.0,1,0.2674052156335318,44
2133,1,3580,1689,1891,0,0,0,1.0,1,1.0,1,1.0,1,0.2668536005898341,45
2134,1,3581,1689,1892,0,0,0,1.0,1,1.0,1,1.0,1,0.251456372828721,45
2135,4,3585,1690,1895,0,0,0,1.0,1,1.0,1,1.0,1,0.20949654020377703,46
2136,0,3585,1690,1895,0,0,0,1.0,1,1.0,1,1.0,1,0.21371588626455712,47
2137,5,3590,1693,1897,0,0,0,1.0,1,1.0,1,1.0,1,0.1669437994150276,47
2138,1,3591,1694,1897,0,0,0,1.0,1,1.0,1,1.0,1,0.16055022076205325,45
2139,1,3592,1695,1897,0,0,0,1.0,1,1.0,1,1.0,1,0.17999208708752484,45
2140,0,3592,1695,1897,0,0,0,1.0,1,1.0,1,1.0,1,0.18028687917123581,44
2141,2,3594,1696,1898,0,0,0,1.0,1,1.0,1,1.0,1,0.14709966585587772,45
2142,3,3597,1699,1898,0,0,0,1.0,1,1.0,1,1.0,1,0.18124441718357745,46
2143,1,3598,1700,1898,0,0,0,1.0,1,1.0,1,1.0,1,0.1962718931341603,46
2144,7,3605,1704,1901,0,0,0,1.0,1,1.0,1,1.0,1,0.2215463933859614,48
2145,6,3611,1708,1903,0,0,0,1.0,1,1.0,1,1.0,1,0.2107629671624733,46
2146,2,3613,1710,1903,0,0,0,1.0,1,1.0,1,1.0,1,0.18325219960386266,45
2147,3,3616,1712,1904,0,0,0,1.0,1,1.0,1,1.0,1,0.23128906677753058,44
2148,5,3621,1714,1907,0,0,0,1.0,1,1.0,1,1.0,1,0.24801945559863034,44
2149,4,3625,1717,1908,0,0,0,1.0,1,1.0,1,1.0,1,0.25785411265843927,42
2150,3,3628,1718,1910,0,0,0,1.0,1,1.0,1,1.0,1,0.2576870226121988,40
2151,3,3631,1719,1912,0,0,0,1.0,1,1.0,1,1.0,1,0.2589418111119701,39
2152,3,3634,1720,1914,0,0,0,1.0,1,1.0,1,1.0,1,0.2506348382775983,40
2153,1,3635,1721,1914,0,0,0,1.0,1,1.0,1,1.0,1,0.27530427912318955,42
2154,4,3639,1722,1917,0,0,0,1.0,1,1.0,1,1.0,1,0.2629181385712746,42
2155,1,3640,1723,1917,0,0,0,1.0,1,1.0,1,1.0,1,0.2725103404475393,41
2156,1,3641,1723,1918,0,0,0,1.0,1,1.0,1,1.0,1,0.2551152372798563,40
2157,1,3642,1724,1918,0,0,0,1.0,1,1.0,1,1.0,1,0.2848334318813564,40
2158,2,3644,1724,1920,0,0,0,1.0,1,1.0,1,1.0,1,0.3045535243248944,38
2159,1,3645,1724,1921,0,0,0,1.0,1,1.0,1,1.0,1,0.2519309744771142,38
2160,1,3646,1725,1921,0,0,0,1.0,1,1.0,1,1.0,1,0.24116360856097518,38
2161,1,3647,1726,1921,0,0,0,1.0,1,1.0,1,1.0,1,0.2356081026486369,38
2162,1,3648,1727,1921,0,0,0,1.0,1,1.0,1,1.0,1,0.24191015158126655,38
2163,3,3651,1729,1922,0,0,0,1.0,1,1.0,1,1.0,1,0.2658115381434268,40
2164,3,3654,1730,1924,0,0,0,1.0,1,1.0,1,1.0,1,0.30193158712079365,41
2165,2,3656,1730,1926,0,0,0,1.0,1,1.0,1,1.0,1,0.2769109126135818,42
2166,0,3656,1730,1926,0,0,0,1.0,1,1.0,1,1.0,1,0.2769109126135818,42
2167,0,3656,1730,1926,0,0,0,1.0,1,1.0,1,1.0,1,0.2539149595528739,43
2168,3,3659,1730,1929,0,0,0,1.0,1,1.0,1,1.0,1,0.19906143997597872,43
2169,0,3659,1730,1929,0,0,0,1.0,1,1.0,1,1.0,1,0.22570720250713883,45
2170,0,3659,1730,1929,0,0,0,1.0,1,1.0,1,1.0,1,0.2103697418427023,46
2171,5,3664,1731,1933,0,0,0,1.0,1,1.0,1,1.0,1,0.13546036409492998,48
2172,2,3666,1731,1935,0,0,0,1.0,1,1.0,1,1.0,1,0.09229518463157106,49
2173,0,3666,1731,1935,0,0,0,1.0,1,1.0,1,1.0,1,0.09229518463157106,49
2174,0,3666,1731,1935,0,0,0,1.0,1,1.0,1,1.0,1,0.09229518463157106,49
2175,1,3667,1731,1936,0,0,0,1.0,1,1.0,1,1.0,1,0.07609407581747338,49
2176,4,3671,1733,1938,0,0,0,1.0,1,1.0,1,1.0,1,0.10020873543393287,51
2177,1,3672,1734,1938,0,0,0,1.0,1,1.0,1,1.0,1,0.15679200500540053,51
2178,0,3672,1734,1938,0,0,0,1.0,1,1.0,1,1.0,1,0.1377888237519952,50
2179,0,3672,1734,1938,0,0,0,1.0,1,1.0,1,1.0,1,0.12744593956884684,49
2180,2,3674,1736,1938,0,0,0,1.0,1,1.0,1,1.0,1,0.20196923650567786,47
2181,6,3680,1739,1941,0,0,0,1.0,1,1.0,1,1.0,1,0.20315268491131472,47
2182,8,3688,1742,1946,0,0,0,1.0,1,1.0,1,1.0,1,0.20234001377054184,45
2183,3,3691,1744,1947,0,0,0,1.0,1,1.0,1,1.0,1,0.18677955538342214,44
2184,2,3693,1746,1947,0,0,0,1.0,1,1.0,1,1.0,1,0.23654462072869883,43
2185,2,3695,1748,1947,0,0,0,1.0,1,1.0,1,1.0,1,0.2520818880535343,40
2186,1,3696,1749,1947,0,0,0,1.0,1,1.0,1,1.0,1,0.2640565673646377,38
2187,4,3700,1752,1948,0,0,0,1.0,1,1.0,1,1.0,1,0.21039862543755214,35
2188,5,3705,1756,1949,0,0,0,1.0,1,1.0,1,1.0,1,0.24858916755130248,34
2189,2,3707,1757,1950,0,0,0,1.0,1,1.0,1,1.0,1,0.23877132088170577,31
2190,4,3711,1761,1950,0,0,0,1.0,1,1.0,1,1.0,1,0.24926206074322121,29
2191,2,3713,1761,1952,0,0,0,1.0,1,1.0,1,1.0,1,0.1963507869440478,28
2192,2,3715,1763,1952,0,0,0,1.0,1,1.0,1,1.0,1,0.27597446772507234,29
2193,1,3716,1763,1953,0,0,0,1.0,1,1.0,1,1.0,1,0.28999096571412186,28
2194,0,3716,1763,1953,0,0,0,1.0,1,1.0,1,1.0,1,0.28563085782701036,27
2195,3,3719,1765,1954,0,0,0,1.0,1,1.0,1,1.0,1,0.23973906956502544,27
2196,1,3720,1766,1954,0,0,0,1.0,1,1.0,1,1.0,1,0.3160704893562766,27
2197,1,3721,1766,1955,0,0,0,1.0,1,1.0,1,1.0,1,0.27888921163951624,27
2198,0,3721,1766,1955,0,0,0,1.0,1,1.0,1,1.0,1,0.24267637964965355,28
2199,1,3722,1766,1956,0,0,0,1.0,1,1.0,1,1.0,1,0.2570102546166416,29
2200,0,3722,1766,1956,0,0,0,1.0,1,1.0,1,1.0,1,0.2786913023917578,31
2201,2,3724,1768,1956,0,0,0,1.0,1,1.0,1,1.0,1,0.2549177167867393,32
2202,0,3724,1768,1956,0,0,0,1.0,1,1.0,1,1.0,1,0.2556432989201578,31
2203,0,3724,1768,1956,0,0,0,1.0,1,1.0,1,1.0,1,0.239008247072962,32
2204,0,3724,1768,1956,0,0,0,1.0,1,1.0,1,1.0,1,0.239008247072962,32
2205,1,3725,1769,1956,0,0,0,1.0,1,1.0,1,1.0,1,0.2881270427424607,33
2206,0,3725,1769,1956,0,0,0,1.0,1,1.0,1,1.0,1,0.2766977942562336,32
2207,0,3725,1769,1956,0,0,0,1.0,1,1.0,1,1.0,1,0.3121942564586173,33
2208,1,3726,1769,1957,0,0,0,1.0,1,1.0,1,1.0,1,0.28058062756993785,35
2209,2,3728,1769,1959,0,0,0,1.0,1,1.0,1,1.0,1,0.2526923185778236,36
2210,1,3729,1770,1959,0,0,0,1.0,1,1.0,1,1.0,1,0.24683753359805563,35
2211,1,3730,1770,1960,0,0,0,1.0,1,1.0,1,1.0,1,0.23388105445084165,36
2212,2,3732,1770,1962,0,0,0,1.0,1,1.0,1,1.0,1,0.22338122414817643,37
2213,2,3734,1772,1962,0,0,0,1.0,1,1.0,1,1.0,1,0.2527809353492424,37
2214,4,3738,1774,1964,0,0,0,1.0,1,1.0,1,1.0,1,0.2751300243017955,39
2215,2,3740,1776,1964,0,0,0,1.0,1,1.0,1,1.0,1,0.29201364011151176,36
2216,2,3742,1778,1964,0,0,0,1.0,1,1.0,1,1.0,1,0.3150937163402315,37
2217,2,3744,1780,1964,0,0,0,1.0,1,1.0,1,1.0,1,0.3004767159988119,35
2218,3,3747,1782,1965,0,0,0,1.0,1,1.0,1,1.0,1,0.3476049696208298,35
2219,0,3747,1782,1965,0,0,0,1.0,1,1.0,1,1.0,1,0.32010121689847815,33
2220,2,3749,1784,1965,0,0,0,1.0,1,1.0,1,1.0,1,0.32808528797448955,31
2221,2,3751,1784,1967,0,0,0,1.0,1,1.0,1,1.0,1,0.24498312382621365,31
2222,2,3753,1785,1968,0,0,0,1.0,1,1.0,1,1.0,1,0.23997930068964707,30
2223,3,3756,1787,1969,0,0,0,1.0,1,1.0,1,1.0,1,0.25945319713610665,28
2224,1,3757,1788,1969,0,0,0,1.0,1,1.0,1,1.0,1,0.29009882802082904,29
2225,2,3759,1790,1969,0,0,0,1.0,1,1.0,1,1.0,1,0.3200587814433618,28
2226,3,3762,1791,1971,0,0,0,1.0,1,1.0,1,1.0,1,0.3173156403966571,30
2227,0,3762,1791,1971,0,0,0,1.0,1,1.0,1,1.0,1,0.289201023455175,28
2228,3,3765,1793,1972,0,0,0,1.0,1,1.0,1,1.0,1,0.2907765255689747,29
2229,0,3765,1793,1972,0,0,0,1.0,1,1.0,1,1.0,1,0.28048907835834064,28
2230,0,3765,1793,1972,0,0,0,1.0,1,1.0,1,1.0,1,0.28030876275807454,28
2231,2,3767,1794,1973,0,0,0,1.0,1,1.0,1,1.0,1,0.1790009791150004,27
2232,0,3767,1794,1973,0,0,0,1.0,1,1.0,1,1.0,1,0.19622855495561636,27
2233,3,3770,1796,1974,0,0,0,1.0,1,1.0,1,1.0,1,0.15312260275497466,28
2234,0,3770,1796,1974,0,0,0,1.0,1,1.0,1,1.0,1,0.18015260476635644,26
2235,1,3771,1796,1975,0,0,0,1.0,1,1.0,1,1.0,1,0.1500905117512262,26
2236,1,3772,1797,1975,0,0,0,1.0,1,1.0,1,1.0,1,0.18877926317577198,26
2237,1,3773,1798,1975,0,0,0,1.0,1,1.0,1,1.0,1,0.23965719933165053,26
2238,3,3776,1799,1977,0,0,0,1.0,1,1.0,1,1.0,1,0.2801171365794873,27
2239,1,3777,1799,1978,0,0,0,1.0,1,1.0,1,1.0,1,0.24463488474363443,28
2240,1,3778,1800,1978,0,0,0,1.0,1,1.0,1,1.0,1,0.25604767284569113,30
2241,3,3781,1802,1979,0,0,0,1.0,1,1.0,1,1.0,1,0.25650759325229694,29
2242,2,3783,1803,1980,0,0,0,1.0,1,1.0,1,1.0,1,0.24675891705342357,29
2243,1,3784,1804,1980,0,0,0,1.0,1,1.0,1,1.0,1,0.2872346061577073,29
2244,1,3785,1804,1981,0,0,0,1.0,1,1.0,1,1.0,1,0.25374202660277867,29
2245,1,3786,1804,1982,0,0,0,1.0,1,1.0,1,1.0,1,0.25473911147528067,30
2246,0,3786,1804,1982,0,0,0,1.0,1,1.0,1,1.0,1,0.24120813649700107,33
2247,1,3787,1804,1983,0,0,0,1.0,1,1.0,1,1.0,1,0.24821495223629983,34
2248,0,3787,1804,1983,0,0,0,1.0,1,1.0,1,1.0,1,0.24821495223629983,34
2249,0,3787,1804,1983,0,0,0,1.0,1,1.0,1,1.0,1,0.22662008944206022,35
2250,1,3788,1805,1983,0,0,0,1.0,1,1.0,1,1.0,1,0.23179379966949215,35
2251,0,3788,1805,1983,0,0,0,1.0,1,1.0,1,1.0,1,0.22233078536896073,36
2252,3,3791,1806,1985,0,0,0,1.0,1,1.0,1,1.0,1,0.21166924664849407,37
2253,1,3792,1807,1985,0,0,0,1.0,1,1.0,1,1.0,1,0.20690381561303267,35
2254,0,3792,1807,1985,0,0,0,1.0,1,1.0,1,1.0,1,0.26990874869147213,33
2255,1,3793,1808,1985,0,0,0,1.0,1,1.0,1,1.0,1,0.30265103538161514,35
2256,2,3795,1810,1985,0,0,0,1.0,1,1.0,1,1.0,1,0.30698605164708376,34
2257,4,3799,1812,1987,0,0,0,1.0,1,1.0,1,1.0,1,0.2665198904741476,36
2258,1,3800,1813,1987,0,0,0,1.0,1,1.0,1,1.0,1,0.3056174653645342,35
2259,2,3802,1815,1987,0,0,0,1.0,1,1.0,1,1.0,1,0.3347962499766039,35
2260,2,3804,1815,1989,0,0,0,1.0,1,1.0,1,1.0,1,0.2998416595247746,33
2261,2,3806,1816,1990,0,0,0,1.0,1,1.0,1,1.0,1,0.29294948267082865,33
2262,3,3809,1817,1992,0,0,0,1.0,1,1.0,1,1.0,1,0.3573912704149099,32
2263,1,3810,1818,1992,0,0,0,1.0,1,1.0,1,1.0,1,0.3627979202981676,31
2264,0,3810,1818,1992,0,0,0,1.0,1,1.0,1,1.0,1,0.39666882084897226,30
2265,0,3810,1818,1992,0,0,0,1.0,1,1.0,1,1.0,1,0.3639492091513325,29
2266,2,3812,1819,1993,0,0,0,1.0,1,1.0,1,1.0,1,0.3414604737170926,30
2267,2,3814,1821,1993,0,0,0,1.0,1,1.0,1,1.0,1,0.36933734850457917,29
2268,2,3816,1823,1993,0,0,0,1.0,1,1.0,1,1.0,1,0.29389503204525785,30
2269,2,3818,1825,1993,0,0,0,1.0,1,1.0,1,1.0,1,0.31875462968086676,31
2270,3,3821,1827,1994,0,0,0,1.0,1,1.0,1,1.0,1,0.27349053319182254,31
2271,5,3826,1830,1996,0,0,0,1.0,1,1.0,1,1.0,1,0.24534044536727287,31
2272,2,3828,1832,1996,0,0,0,1.0,1,1.0,1,1.0,1,0.275372423686924,31
2273,0,3828,1832,1996,0,0,0,1.0,1,1.0,1,1.0,1,0.3157496613848746,30
2274,0,3828,1832,1996,0,0,0,1.0,1,1.0,1,1.0,1,0.31595608331044417,31
2275,1,3829,1832,1997,0,0,0,1.0,1,1.0,1,1.0,1,0.2874883732816093,32
2276,1,3830,1833,1997,0,0,0,1.0,1,1.0,1,1.0,1,0.3098128463092889,31
2277,0,3830,1833,1997,0,0,0,1.0,1,1.0,1,1.0,1,0.30026884714625024,31
2278,1,3831,1834,1997,0,0,0,1.0,1,1.0,1,1.0,1,0.31227976499674936,32
2279,0,3831,1834,1997,0,0,0,1.0,1,1.0,1,1.0,1,0.31424596381034614,32
2280,1,3832,1834,1998,0,0,0,1.0,1,1.0,1,1.0,1,0.2967217165343389,33
2281,3,3835,1834,2001,0,0,0,1.0,1,1.0,1,1.0,1,0.22800075449423313,34
2282,1,3836,1835,2001,0,0,0,1.0,1,1.0,1,1.0,1,0.26607830442251273,34
2283,0,3836,1835,2001,0,0,0,1.0,1,1.0,1,1.0,1,0.26607830442251273,34
2284,1,3837,1836,2001,0,0,0,1.0,1,1.0,1,1.0,1,0.2946489014751161,34
2285,2,3839,1837,2002,0,0,0,1.0,1,1.0,1,1.0,1,0.25854930094154954,35
2286,1,3840,1837,2003,0,0,0,1.0,1,1.0,1,1.0,1,0.2851745497005489,34
2287,2,3842,1838,2004,0,0,0,1.0,1,1.0,1,1.0,1,0.22826236623769108,35
2288,0,3842,1838,2004,0,0,0,1.0,1,1.0,1,1.0,1,0.2534500282117957,35
2289,5,3847,1840,2007,0,0,0,1.0,1,1.0,1,1.0,1,0.20368290958927418,37
2290,1,3848,1840,2008,0,0,0,1.0,1,1.0,1,1.0,1,0.2098624900898985,37
2291,1,3849,1841,2008,0,0,0,1.0,1,1.0,1,1.0,1,0.2343173637813676,35
2292,1,3850,1842,2008,0,0,0,1.0,1,1.0,1,1.0,1,0.2823907358195522,35
2293,1,3851,1843,2008,0,0,0,1.0,1,1.0,1,1.0,1,0.30245311487958987,34
2294,0,3851,1843,2008,0,0,0,1.0,1,1.0,1,1.0,1,0.33454544720257584,33
2295,2,3853,1844,2009,0,0,0,1.0,1,1.0,1,1.0,1,0.3429140983556794,34
2296,0,3853,1844,2009,0,0,0,1.0,1,1.0,1,1.0,1,0.38186873839649416,33
2297,0,3853,1844,2009,0,0,0,1.0,1,1.0,1,1.0,1,0.4149860616213349,32
2298,1,3854,1844,2010,0,0,0,1.0,1,1.0,1,1.0,1,0.4208902645318449,32
2299,1,3855,1844,2011,0,0,0,1.0,1,1.0,1,1.0,1,0.3803505563712809,33
2300,2,3857,1845,2012,0,0,0,1.0,1,1.0,1,1.0,1,0.3483291209251143,33
2301,1,3858,1846,2012,0,0,0,1.0,1,1.0,1,1.0,1,0.35214437763416523,33
2302,1,3859,1847,2012,0,0,0,1.0,1,1.0,1,1.0,1,0.35030732292793304,34
2303,6,3865,1852,2013,0,0,0,1.0,1,1.0,1,1.0,1,0.35502923994086166,34
2304,5,3870,1855,2015,0,0,0,1.0,1,1.0,1,1.0,1,0.3253545639725563,33
2305,2,3872,1856,2016,0,0,0,1.0,1,1.0,1,1.0,1,0.3321657235613484,33
2306,1,3873,1857,2016,0,0,0,1.0,1,1.0,1,1.0,1,0.32804664826764107,33
2307,2,3875,1857,2018,0,0,0,1.0,1,1.0,1,1.0,1,0.2576432537877843,35
2308,0,3875,1857,2018,0,0,0,1.0,1,1.0,1,1.0,1,0.24433248621759635,34
2309,1,3876,1858,2018,0,0,0,1.0,1,1.0,1,1.0,1,0.2595546600945579,34
2310,1,3877,1858,2019,0,0,0,1.0,1,1.0,1,1.0,1,0.2216565526515169,34
2311,3,3880,1859,2021,0,0,0,1.0,1,1.0,1,1.0,1,0.23829000603306766,35
2312,3,3883,1862,2021,0,0,0,1.0,1,1.0,1,1.0,1,0.32758138621491645,34
2313,2,3885,1863,2022,0,0,0,1.0,1,1.0,1,1.0,1,0.30281593276063373,35
2314,0,3885,1863,2022,0,0,0,1.0,1,1.0,1,1.0,1,0.32453791216213346,35
2315,0,3885,1863,2022,0,0,0,1.0,1,1.0,1,1.0,1,0.3419473406920515,34
2316,0,3885,1863,2022,0,0,0,1.0,1,1.0,1,1.0,1,0.34235661093669384,35
2317,0,3885,1863,2022,0,0,0,1.0,1,1.0,1,1.0,1,0.3708075681026662,32
2318,2,3887,1864,2023,0,0,0,1.0,1,1.0,1,1.0,1,0.39821664708906956,32
2319,1,3888,1864,2024,0,0,0,1.0,1,1.0,1,1.0,1,0.4064744173929676,32
2320,1,3889,1864,2025,0,0,0,1.0,1,1.0,1,1.0,1,0.42707124736260804,32
2321,7,3896,1864,2032,0,0,0,1.0,1,1.0,1,1.0,1,0.295797724942013,33
2322,0,3896,1864,2032,0,0,0,1.0,1,1.0,1,1.0,1,0.295797724942013,33
2323,0,3896,1864,2032,0,0,0,1.0,1,1.0,1,1.0,1,0.295797724942013,33
2324,2,3898,1866,2032,0,0,0,1.0,1,1.0,1,1.0,1,0.31566489819013255,34
2325,1,3899,1866,2033,0,0,0,1.0,1,1.0,1,1.0,1,0.31242508747764586,35
2326,0,3899,1866,2033,0,0,0,1.0,1,1.0,1,1.0,1,0.31242508747764586,35
2327,0,3899,1866,2033,0,0,0,1.0,1,1.0,1,1.0,1,0.3310877244076044,36
2328,0,3899,1866,2033,0,0,0,1.0,1,1.0,1,1.0,1,0.3423723666326154,37
2329,2,3901,1866,2035,0,0,0,1.0,1,1.0,1,1.0,1,0.3410128169128112,37
2330,0,3901,1866,2035,0,0,0,1.0,1,1.0,1,1.0,1,0.32809817145008424,38
2331,1,3902,1866,2036,0,0,0,1.0,1,1.0,1,1.0,1,0.3217551792881016,40
2332,1,3903,1866,2037,0,0,0,1.0,1,1.0,1,1.0,1,0.3067321928101559,40
2333,0,3903,1866,2037,0,0,0,1.0,1,1.0,1,1.0,1,0.31501637771390295,41
2334,0,3903,1866,2037,0,0,0,1.0,1,1.0,1,1.0,1,0.31501637771390295,41
2335,0,3903,1866,2037,0,0,0,1.0,1,1.0,1,1.0,1,0.31501637771390295,41
2336,0,3903,1866,2037,0,0,0,1.0,1,1.0,1,1.0,1,0.31501637771390295,41
2337,2,3905,1866,2039,0,0,0,1.0,1,1.0,1,1.0,1,0.30738974773714506,42
2338,1,3906,1866,2040,0,0,0,1.0,1,1.0,1,1.0,1,0.3016067078954922,43
2339,1,3907,1866,2041,0,0,0,1.0,1,1.0,1,1.0,1,0.276669410718589,43
2340,1,3908,1866,2042,0,0,0,1.0,1,1.0,1,1.0,1,0.265571004249507,45
2341,3,3911,1866,2045,0,0,0,1.0,1,1.0,1,1.0,1,0.23083938430264656,45
2342,5,3916,1867,2049,0,0,0,1.0,1,1.0,1,1.0,1,0.20116042727881953,46
2343,3,3919,1868,2051,0,0,0,1.0,1,1.0,1,1.0,1,0.18976390437245932,45
2344,4,3923,1870,2053,0,0,0,1.0,1,1.0,1,1.0,1,0.1934113279583291,44
2345,0,3923,1870,2053,0,0,0,1.0,1,1.0,1,1.0,1,0.1737021789711116,44
2346,2,3925,1871,2054,0,0,0,1.0,1,1.0,1,1.0,1,0.20699770083260732,44
2347,3,3928,1873,2055,0,0,0,1.0,1,1.0,1,1.0,1,0.1891869935643554,44
2348,2,3930,1873,2057,0,0,0,1.0,1,1.0,1,1.0,1,0.18475196632321508,45
2349,3,3933,1873,2060,0,0,0,1.0,1,1.0,1,1.0,1,0.1910468166098586,46
2350,2,3935,1874,2061,0,0,0,1.0,1,1.0,1,1.0,1,0.22536081183793083,47
2351,5,3940,1874,2066,0,0,0,1.0,1,1.0,1,1.0,1,0.13596683478432334,47
2352,2,3942,1875,2067,0,0,0,1.0,1,1.0,1,1.0,1,0.15489463453826852,47
2353,2,3944,1875,2069,0,0,0,1.0,1,1.0,1,1.0,1,0.10289953253144653,46
2354,3,3947,1876,2071,0,0,0,1.0,1,1.0,1,1.0,1,0.10717303078821393,47
2355,0,3947,1876,2071,0,0,0,1.0,1,1.0,1,1.0,1,0.10717303078821393,47
2356,1,3948,1877,2071,0,0,0,1.0,1,1.0,1,1.0,1,0.1349174843490413,47
2357,2,3950,1878,2072,0,0,0,1.0,1,1.0,1,1.0,1,0.1524945503190151,47
2358,1,3951,1878,2073,0,0,0,1.0,1,1.0,1,1.0,1,0.1577936100054342,48
2359,2,3953,1878,2075,0,0,0,1.0,1,1.0,1,1.0,1,0.1661828333710748,49
2360,3,3956,1879,2077,0,0,0,1.0,1,1.0,1,1.0,1,0.1665009432667998,49
2361,2,3958,1879,2079,0,0,0,1.0,1,1.0,1,1.0,1,0.1461299961124586,50
2362,1,3959,1879,2080,0,0,0,1.0,1,1.0,1,1.0,1,0.13287200653631878,51
2363,1,3960,1880,2080,0,0,0,1.0,1,1.0,1,1.0,1,0.12277976831445322,51
2364,1,3961,1880,2081,0,0,0,1.0,1,1.0,1,1.0,1,0.10250641460569578,52
2365,1,3962,1881,2081,0,0,0,1.0,1,1.0,1,1.0,1,0.11034348356962334,53
2366,6,3968,1884,2084,0,0,0,1.0,1,1.0,1,1.0,1,0.15638043318716702,54
2367,2,3970,1885,2085,0,0,0,1.0,1,1.0,1,1.0,1,0.15180556282948862,52
2368,3,3973,1888,2085,0,0,0,1.0,1,1.0,1,1.0,1,0.19102653000497932,51
2369,2,3975,1889,2086,0,0,0,1.0,1,1.0,1,1.0,1,0.22584997317285202,51
2370,4,3979,1892,2087,0,0,0,1.0,1,1.0,1,1.0,1,0.20909293684588615,52
2371,9,3988,1894,2094,0,0,0,1.0,1,1.0,1,1.0,1,0.10716968081680767,52
2372,4,3992,1896,2096,0,0,0,1.0,1,1.0,1,1.0,1,0.1410084467286258,49
2373,3,3995,1898,2097,0,0,0,1.0,1,1.0,1,1.0,1,0.16117325963664572,47
2374,0,3995,1898,2097,0,0,0,1.0,1,1.0,1,1.0,1,0.16344981353459648,45
2375,0,3995,1898,2097,0,0,0,1.0,1,1.0,1,1.0,1,0.12913660441234806,45
2376,0,3995,1898,2097,0,0,0,1.0,1,1.0,1,1.0,1,0.1259012530928868,43
2377,0,3995,1898,2097,0,0,0,1.0,1,1.0,1,1.0,1,0.16017452627394546,44
2378,0,3995,1898,2097,0,0,0,1.0,1,1.0,1,1.0,1,0.17306663110087656,43
2379,0,3995,1898,2097,0,0,0,1.0,1,1.0,1,1.0,1,0.17306663110087656,43
2380,0,3995,1898,2097,0,0,0,1.0,1,1.0,1,1.0,1,0.17306663110087656,43
2381,2,3997,1900,2097,0,0,0,1.0,1,1.0,1,1.0,1,0.21031143349250372,44
2382,1,3998,1901,2097,0,0,0,1.0,1,1.0,1,1.0,1,0.19802394939153867,44
2383,4,4002,1903,2099,0,0,0,1.0,1,1.0,1,1.0,1,0.1939910638684248,45
2384,10,4012,1908,2104,0,0,0,1.0,1,1.0,1,1.0,1,0.22985762638363608,45
2385,2,4014,1909,2105,0,0,0,1.0,1,1.0,1,1.0,1,0.18760050612896897,45
2386,2,4016,1911,2105,0,0,0,1.0,1,1.0,1,1.0,1,0.24001303310002553,46
2387,3,4019,1914,2105,0,0,0,1.0,1,1.0,1,1.0,1,0.21212376975217606,44
2388,1,4020,1915,2105,0,0,0,1.0,1,1.0,1,1.0,1,0.21597857551311847,44
2389,2,4022,1915,2107,0,0,0,1.0,1,1.0,1,1.0,1,0.1390321194546673,43
2390,1,4023,1916,2107,0,0,0,1.0,1,1.0,1,1.0,1,0.12875240182516198,44
2391,0,4023,1916,2107,0,0,0,1.0,1,1.0,1,1.0,1,0.11125409299163092,43
2392,2,4025,1918,2107,0,0,0,1.0,1,1.0,1,1.0,1,0.18436534064603907,44
2393,2,4027,1919,2108,0,0,0,1.0,1,1.0,1,1.0,1,0.18686733868412828,45
2394,0,4027,1919,2108,0,0,0,1.0,1,1.0,1,1.0,1,0.16585960842561004,44
2395,0,4027,1919,2108,0,0,0,1.0,1,1.0,1,1.0,1,0.16289785885361513,44
2396,1,4028,1920,2108,0,0,0,1.0,1,1.0,1,1.0,1,0.13749658699622455,45
2397,0,4028,1920,2108,0,0,0,1.0,1,1.0,1,1.0,1,0.14442511682713458,44
2398,1,4029,1921,2108,0,0,0,1.0,1,1.0,1,1.0,1,0.17356249320871414,44
2399,0,4029,1921,2108,0,0,0,1.0,1,1.0,1,1.0,1,0.18778835334651275,45
2400,1,4030,1921,2109,0,0,0,1.0,1,1.0,1,1.0,1,0.1730693832189922,45
2401,0,4030,1921,2109,0,0,0,1.0,1,1.0,1,1.0,1,0.17529932903714332,46
2402,3,4033,1922,2111,0,0,0,1.0,1,1.0,1,1.0,1,0.17377764245269922,47
2403,3,4036,1924,2112,0,0,0,1.0,1,1.0,1,1.0,1,0.19095547224020784,48
2404,3,4039,1925,2114,0,0,0,1.0,1,1.0,1,1.0,1,0.1524802212764388,47
2405,0,4039,1925,2114,0,0,0,1.0,1,1.0,1,1.0,1,0.1747133311451228,45
2406,1,4040,1926,2114,0,0,0,1.0,1,1.0,1,1.0,1,0.19463577573407928,45
2407,3,4043,1928,2115,0,0,0,1.0,1,1.0,1,1.0,1,0.19902177910430935,42
2408,3,4046,1929,2117,0,0,0,1.0,1,1.0,1,1.0,1,0.20971295419666477,41
2409,2,4048,1931,2117,0,0,0,1.0,1,1.0,1,1.0,1,0.24306485555268045,41
2410,0,4048,1931,2117,0,0,0,1.0,1,1.0,1,1.0,1,0.2736548319377888,40
2411,5,4053,1934,2119,0,0,0,1.0,1,1.0,1,1.0,1,0.2329178960295168,40
2412,1,4054,1935,2119,0,0,0,1.0,1,1.0,1,1.0,1,0.2800548335892792,38
2413,8,4062,1938,2124,0,0,0,1.0,1,1.0,1,1.0,1,0.22588716788137175,38
2414,1,4063,1938,2125,0,0,0,1.0,1,1.0,1,1.0,1,0.20314413698474673,36
2415,0,4063,1938,2125,0,0,0,1.0,1,1.0,1,1.0,1,0.2300702509395409,36
2416,0,4063,1938,2125,0,0,0,1.0,1,1.0,1,1.0,1,0.24625279333281894,35
2417,1,4064,1938,2126,0,0,0,1.0,1,1.0,1,1.0,1,0.3354719465188379,33
2418,1,4065,1939,2126,0,0,0,1.0,1,1.0,1,1.0,1,0.32588581650358955,33
2419,2,4067,1940,2127,0,0,0,1.0,1,1.0,1,1.0,1,0.3130994218332689,33
2420,1,4068,1941,2127,0,0,0,1.0,1,1.0,1,1.0,1,0.19321109804667816,34
2421,2,4070,1942,2128,0,0,0,1.0,1,1.0,1,1.0,1,0.20014336149909145,34
2422,4,4074,1946,2128,0,0,0,1.0,1,1.0,1,1.0,1,0.20386278934425217,35
2423,6,4080,1948,2132,0,0,0,1.0,1,1.0,1,1.0,1,0.1978508847025202,36
2424,1,4081,1949,2132,0,0,0,1.0,1,1.0,1,1.0,1,0.19459021775341398,35
2425,2,4083,1950,2133,0,0,0,1.0,1,1.0,1,1.0,1,0.12798412060574424,33
2426,3,4086,1951,2135,0,0,0,1.0,1,1.0,1,1.0,1,0.16985757946154603,34
2427,0,4086,1951,2135,0,0,0,1.0,1,1.0,1,1.0,1,0.2325024713737404,34
2428,1,4087,1952,2135,0,0,0,1.0,1,1.0,1,1.0,1,0.23943875192915745,34
2429,2,4089,1953,2136,0,0,0,1.0,1,1.0,1,1.0,1,0.24304517405000314,34
2430,0,4089,1953,2136,0,0,0,1.0,1,1.0,1,1.0,1,0.255632746259183,33
2431,3,4092,1955,2137,0,0,0,1.0,1,1.0,1,1.0,1,0.24050143320073908,33
2432,0,4092,1955,2137,0,0,0,1.0,1,1.0,1,1.0,1,0.27263648236140103,33
2433,3,4095,1957,2138,0,0,0,1.0,1,1.0,1,1.0,1,0.2131978376579257,34
2434,1,4096,1957,2139,0,0,0,1.0,1,1.0,1,1.0,1,0.1691045874986788,34
2435,0,4096,1957,2139,0,0,0,1.0,1,1.0,1,1.0,1,0.1691045874986788,34
2436,0,4096,1957,2139,0,0,0,1.0,1,1.0,1,1.0,1,0.181549932232946,33
2437,0,4096,1957,2139,0,0,0,1.0,1,1.0,1,1.0,1,0.181549932232946,33
2438,2,4098,1959,2139,0,0,0,1.0,1,1.0,1,1.0,1,0.25238640793084893,34
2439,0,4098,1959,2139,0,0,0,1.0,1,1.0,1,1.0,1,0.2676049083395778,35
2440,1,4099,1959,2140,0,0,0,1.0,1,1.0,1,1.0,1,0.22457343698418464,35
2441,4,4103,1961,2142,0,0,0,1.0,1,1.0,1,1.0,1,0.2337076067397572,35
2442,2,4105,1962,2143,0,0,0,1.0,1,1.0,1,1.0,1,0.23615028422434992,35
2443,4,4109,1964,2145,0,0,0,1.0,1,1.0,1,1.0,1,0.261862133544916,35
2444,1,4110,1964,2146,0,0,0,1.0,1,1.0,1,1.0,1,0.26114190555345307,34
2445,3,4113,1966,2147,0,0,0,1.0,1,1.0,1,1.0,1,0.3345485472561824,33
2446,1,4114,1967,2147,0,0,0,1.0,1,1.0,1,1.0,1,0.41914493128750696,30
2447,2,4116,1969,2147,0,0,0,1.0,1,1.0,1,1.0,1,0.3573235977083161,29
2448,2,4118,1971,2147,0,0,0,1.0,1,1.0,1,1.0,1,0.33009346776799375,27
2449,1,4119,1972,2147,0,0,0,1.0,1,1.0,1,1.0,1,0.3399356036168184,26
2450,2,4121,1974,2147,0,0,0,1.0,1,1.0,1,1.0,1,0.4200514714983222,28
2451,4,4125,1974,2151,0,0,0,1.0,1,1.0,1,1.0,1,0.2846638501675988,28
2452,1,4126,1974,2152,0,0,0,1.0,1,1.0,1,1.0,1,0.2505629739348708,29
2453,2,4128,1975,2153,0,0,0,1.0,1,1.0,1,1.0,1,0.23056560655641173,30
2454,1,4129,1975,2154,0,0,0,1.0,1,1.0,1,1.0,1,0.21344739121865489,32
2455,1,4130,1976,2154,0,0,0,1.0,1,1.0,1,1.0,1,0.23455726495849422,33
2456,0,4130,1976,2154,0,0,0,1.0,1,1.0,1,1.0,1,0.2512521148772233,34
2457,1,4131,1976,2155,0,0,0,1.0,1,1.0,1,1.0,1,0.23080789221415535,34
2458,1,4132,1976,2156,0,0,0,1.0,1,1.0,1,1.0,1,0.21025417581562816,36
2459,0,4132,1976,2156,0,0,0,1.0,1,1.0,1,1.0,1,0.21025417581562816,36
2460,4,4136,1977,2159,0,0,0,1.0,1,1.0,1,1.0,1,0.21372031579576012,37
2461,2,4138,1977,2161,0,0,0,1.0,1,1.0,1,1.0,1,0.19452181456835788,37
2462,4,4142,1980,2162,0,0,0,1.0,1,1.0,1,1.0,1,0.2607523839526953,38
2463,1,4143,1981,2162,0,0,0,1.0,1,1.0,1,1.0,1,0.26949096915452003,38
2464,2,4145,1982,2163,0,0,0,1.0,1,1.0,1,1.0,1,0.2585663496406204,37
2465,1,4146,1983,2163,0,0,0,1.0,1,1.0,1,1.0,1,0.24859629870778926,36
2466,1,4147,1984,2163,0,0,0,1.0,1,1.0,1,1.0,1,0.25169335164595047,36
2467,1,4148,1984,2164,0,0,0,1.0,1,1.0,1,1.0,1,0.2707594433660422,34
2468,2,4150,1985,2165,0,0,0,1.0,1,1.0,1,1.0,1,0.27641217326698847,33
2469,1,4151,1986,2165,0,0,0,1.0,1,1.0,1,1.0,1,0.26258324189552795,32
2470,2,4153,1988,2165,0,0,0,1.0,1,1.0,1,1.0,1,0.35151471953596664,33
2471,0,4153,1988,2165,0,0,0,1.0,1,1.0,1,1.0,1,0.377200804140757,31
2472,2,4155,1988,2167,0,0,0,1.0,1,1.0,1,1.0,1,0.29820004891081037,32
2473,1,4156,1988,2168,0,0,0,1.0,1,1.0,1,1.0,1,0.2752490798041814,31
2474,2,4158,1989,2169,0,0,0,1.0,1,1.0,1,1.0,1,0.28360748646133616,33
2475,0,4158,1989,2169,0,0,0,1.0,1,1.0,1,1.0,1,0.30327327546892924,33
2476,3,4161,1989,2172,0,0,0,1.0,1,1.0,1,1.0,1,0.21304547049978304,33
2477,2,4163,1990,2173,0,0,0,1.0,1,1.0,1,1.0,1,0.21561822801122207,33
2478,1,4164,1990,2174,0,0,0,1.0,1,1.0,1,1.0,1,0.1752162592411084,33
2479,2,4166,1992,2174,0,0,0,1.0,1,1.0,1,1.0,1,0.23244670425124145,33
2480,4,4170,1995,2175,0,0,0,1.0,1,1.0,1,1.0,1,0.28892595093883966,34
2481,4,4174,1997,2177,0,0,0,1.0,1,1.0,1,1.0,1,0.20158202082445315,33
2482,3,4177,1999,2178,0,0,0,1.0,1,1.0,1,1.0,1,0.22524730444801103,34
2483,1,4178,1999,2179,0,0,0,1.0,1,1.0,1,1.0,1,0.22278399386265568,33
2484,1,4179,2000,2179,0,0,0,1.0,1,1.0,1,1.0,1,0.25274640745976856,32
2485,1,4180,2001,2179,0,0,0,1.0,1,1.0,1,1.0,1,0.20874216439738522,31
2486,1,4181,2002,2179,0,0,0,1.0,1,1.0,1,1.0,1,0.26067602700224407,29
2487,1,4182,2003,2179,0,0,0,1.0,1,1.0,1,1.0,1,0.24587380480646,29
2488,5,4187,2005,2182,0,0,0,1.0,1,1.0,1,1.0,1,0.2912210889277294,30
2489,1,4188,2006,2182,0,0,0,1.0,1,1.0,1,1.0,1,0.25323167973277655,29
2490,2,4190,2007,2183,0,0,0,1.0,1,1.0,1,1.0,1,0.28796297432460943,30
2491,1,4191,2007,2184,0,0,0,1.0,1,1.0,1,1.0,1,0.23998912276666975,30
2492,0,4191,2007,2184,0,0,0,1.0,1,1.0,1,1.0,1,0.23295900030387312,29
2493,0,4191,2007,2184,0,0,0,1.0,1,1.0,1,1.0,1,0.23295900030387312,29
2494,0,4191,2007,2184,0,0,0,1.0,1,1.0,1,1.0,1,0.2377093181426973,28
2495,1,4192,2008,2184,0,0,0,1.0,1,1.0,1,1.0,1,0.2724761802322015,29
2496,0,4192,2008,2184,0,0,0,1.0,1,1.0,1,1.0,1,0.25836389099909884,28
2497,0,4192,2008,2184,0,0,0,1.0,1,1.0,1,1.0,1,0.29012559866382837,28
2498,0,4192,2008,2184,0,0,0,1.0,1,1.0,1,1.0,1,0.31237547580955466,29
2499,1,4193,2009,2184,0,0,0,1.0,1,1.0,1,1.0,1,0.3687610921245506,30
2500,3,4196,2011,2185,0,0,0,1.0,1,1.0,1,1.0,1,0.3370317818405886,29
2501,9,4205,2013,2192,0,0,0,1.0,1,1.0,1,1.0,1,0.18258032661430554,33
2502,2,4207,2015,2192,0,0,0,1.0,1,1.0,1,1.0,1,0.1963080033252044,33
2503,0,4207,2015,2192,0,0,0,1.0,1,1.0,1,1.0,1,0.18915056610798706,31
2504,4,4211,2018,2193,0,0,0,1.0,1,1.0,1,1.0,1,0.23459599259738972,31
2505,2,4213,2019,2194,0,0,0,1.0,1,1.0,1,1.0,1,0.21773123282553866,32
2506,2,4215,2021,2194,0,0,0,1.0,1,1.0,1,1.0,1,0.2091097669728219,31
2507,1,4216,2022,2194,0,0,0,1.0,1,1.0,1,1.0,1,0.12855603568618437,29
2508,4,4220,2025,2195,0,0,0,1.0,1,1.0,1,1.0,1,0.17719391132143608,31
2509,0,4220,2025,2195,0,0,0,1.0,1,1.0,1,1.0,1,0.15575184129242658,30
2510,1,4221,2026,2195,0,0,0,1.0,1,1.0,1,1.0,1,0.15170489612225024,31
2511,1,4222,2027,2195,0,0,0,1.0,1,1.0,1,1.0,1,0.17548121489589458,32
2512,1,4223,2028,2195,0,0,0,1.0,1,1.0,1,1.0,1,0.2123670313624861,32
2513,2,4225,2030,2195,0,0,0,1.0,1,1.0,1,1.0,1,0.18351780456229427,34
2514,1,4226,2030,2196,0,0,0,1.0,1,1.0,1,1.0,1,0.14100553488865372,35
2515,1,4227,2031,2196,0,0,0,1.0,1,1.0,1,1.0,1,0.1524422159883226,35
2516,3,4230,2034,2196,0,0,0,1.0,1,1.0,1,1.0,1,0.22016746031913706,34
2517,3,4233,2037,2196,0,0,0,1.0,1,1.0,1,1.0,1,0.2901030234551899,34
2518,3,4236,2039,2197,0,0,0,1.0,1,1.0,1,1.0,1,0.3239441162855561,33
2519,3,4239,2040,2199,0,0,0,1.0,1,1.0,1,1.0,1,0.2935152837773262,32
2520,1,4240,2041,2199,0,0,0,1.0,1,1.0,1,1.0,1,0.3561001158792504,31
2521,2,4242,2042,2200,0,0,0,1.0,1,1.0,1,1.0,1,0.2950117949596004,31
2522,1,4243,2042,2201,0,0,0,1.0,1,1.0,1,1.0,1,0.3298172136051889,30
2523,0,4243,2042,2201,0,0,0,1.0,1,1.0,1,1.0,1,0.3411598144079496,30
2524,0,4243,2042,2201,0,0,0,1.0,1,1.0,1,1.0,1,0.3985918318508429,29
2525,2,4245,2042,2203,0,0,0,1.0,1,1.0,1,1.0,1,0.3463900339631032,29
2526,0,4245,2042,2203,0,0,0,1.0,1,1.0,1,1.0,1,0.3626685787337217,27
2527,0,4245,2042,2203,0,0,0,1.0,1,1.0,1,1.0,1,0.3660626401829949,28
2528,0,4245,2042,2203,0,0,0,1.0,1,1.0,1,1.0,1,0.3660626401829949,28
2529,0,4245,2042,2203,0,0,0,1.0,1,1.0,1,1.0,1,0.3660626401829949,28
2530,0,4245,2042,2203,0,0,0,1.0,1,1.0,1,1.0,1,0.3739061303610452,29
2531,2,4247,2042,2205,0,0,0,1.0,1,1.0,1,1.0,1,0.32962174144123857,30
2532,0,4247,2042,2205,0,0,0,1.0,1,1.0,1,1.0,1,0.33272814372583115,31
2533,0,4247,2042,2205,0,0,0,1.0,1,1.0,1,1.0,1,0.33272814372583115,31
2534,0,4247,2042,2205,0,0,0,1.0,1,1.0,1,1.0,1,0.33272814372583115,31
2535,1,4248,2043,2205,0,0,0,1.0,1,1.0,1,1.0,1,0.3939298281163715,31
2536,2,4250,2044,2206,0,0,0,1.0,1,1.0,1,1.0,1,0.3633881787168912,32
2537,0,4250,2044,2206,0,0,0,1.0,1,1.0,1,1.0,1,0.3393415115595642,33
2538,0,4250,2044,2206,0,0,0,1.0,1,1.0,1,1.0,1,0.3502407065515839,35
2539,2,4252,2046,2206,0,0,0,1.0,1,1.0,1,1.0,1,0.329045507083989,37
2540,1,4253,2047,2206,0,0,0,1.0,1,1.0,1,1.0,1,0.3201982327198208,38
2541,3,4256,2049,2207,0,0,0,1.0,1,1.0,1,1.0,1,0.2901266423061952,39
2542,5,4261,2051,2210,0,0,0,1.0,1,1.0,1,1.0,1,0.2946667526437556,38
2543,5,4266,2054,2212,0,0,0,1.0,1,1.0,1,1.0,1,0.31757496328271195,41
2544,1,4267,2055,2212,0,0,0,1.0,1,1.0,1,1.0,1,0.31334825733136007,39
2545,5,4272,2057,2215,0,0,0,1.0,1,1.0,1,1.0,1,0.3330223886841121,40
2546,1,4273,2057,2216,0,0,0,1.0,1,1.0,1,1.0,1,0.29253280856679165,38
2547,0,4273,2057,2216,0,0,0,1.0,1,1.0,1,1.0,1,0.29253280856679165,38
2548,0,4273,2057,2216,0,0,0,1.0,1,1.0,1,1.0,1,0.27864509938320353,35
2549,2,4275,2059,2216,0,0,0,1.0,1,1.0,1,1.0,1,0.3727374165955779,35
2550,0,4275,2059,2216,0,0,0,1.0,1,1.0,1,1.0,1,0.3614247284965349,33
2551,3,4278,2061,2217,0,0,0,1.0,1,1.0,1,1.0,1,0.40395169051668245,31
2552,0,4278,2061,2217,0,0,0,1.0,1,1.0,1,1.0,1,0.4490146126753811,30
2553,1,4279,2061,2218,0,0,0,1.0,1,1.0,1,1.0,1,0.43948324099234887,30
2554,4,4283,2061,2222,0,0,0,1.0,1,1.0,1,1.0,1,0.33763643237547636,32
2555,2,4285,2061,2224,0,0,0,1.0,1,1.0,1,1.0,1,0.3303916991242233,32
2556,1,4286,2061,2225,0,0,0,1.0,1,1.0,1,1.0,1,0.28273098607141656,32
2557,0,4286,2061,2225,0,0,0,1.0,1,1.0,1,1.0,1,0.33054936738850965,30
2558,2,4288,2063,2225,0,0,0,1.0,1,1.0,1,1.0,1,0.4019846383334456,31
2559,2,4290,2063,2227,0,0,0,1.0,1,1.0,1,1.0,1,0.342180383822755,30
2560,0,4290,2063,2227,0,0,0,1.0,1,1.0,1,1.0,1,0.342180383822755,30
2561,2,4292,2063,2229,0,0,0,1.0,1,1.0,1,1.0,1,0.291395987230746,30
2562,2,4294,2063,2231,0,0,0,1.0,1,1.0,1,1.0,1,0.2688130810584937,33
2563,0,4294,2063,2231,0,0,0,1.0,1,1.0,1,1.0,1,0.2688130810584937,33
2564,0,4294,2063,2231,0,0,0,1.0,1,1.0,1,1.0,1,0.2688130810584937,33
2565,0,4294,2063,2231,0,0,0,1.0,1,1.0,1,1.0,1,0.2688130810584937,33
2566,2,4296,2064,2232,0,0,0,1.0,1,1.0,1,1.0,1,0.2687612730149002,35
2567,2,4298,2065,2233,0,0,0,1.0,1,1.0,1,1.0,1,0.2560391215804879,36
2568,1,4299,2066,2233,0,0,0,1.0,1,1.0,1,1.0,1,0.30297254345393265,37
2569,1,4300,2066,2234,0,0,0,1.0,1,1.0,1,1.0,1,0.2921937689574656,37
2570,1,4301,2066,2235,0,0,0,1.0,1,1.0,1,1.0,1,0.2888353939834756,37
2571,0,4301,2066,2235,0,0,0,1.0,1,1.0,1,1.0,1,0.2888353939834756,37
2572,0,4301,2066,2235,0,0,0,1.0,1,1.0,1,1.0,1,0.281232015322243,39
2573,0,4301,2066,2235,0,0,0,1.0,1,1.0,1,1.0,1,0.281232015322243,39
2574,0,4301,2066,2235,0,0,0,1.0,1,1.0,1,1.0,1,0.30616609078293094,38
2575,0,4301,2066,2235,0,0,0,1.0,1,1.0,1,1.0,1,0.30616609078293094,38
2576,0,4301,2066,2235,0,0,0,1.0,1,1.0,1,1.0,1,0.32043277658860253,37
2577,0,4301,2066,2235,0,0,0,1.0,1,1.0,1,1.0,1,0.32893214090697487,39
2578,2,4303,2066,2237,0,0,0,1.0,1,1.0,1,1.0,1,0.32302133769243496,40
2579,1,4304,2066,2238,0,0,0,1.0,1,1.0,1,1.0,1,0.29988436127807955,41
2580,2,4306,2066,2240,0,0,0,1.0,1,1.0,1,1.0,1,0.287362214847277,42
2581,2,4308,2066,2242,0,0,0,1.0,1,1.0,1,1.0,1,0.25504620714070114,43
2582,1,4309,2067,2242,0,0,0,1.0,1,1.0,1,1.0,1,0.28004531069117433,43
2583,3,4312,2068,2244,0,0,0,1.0,1,1.0,1,1.0,1,0.2972403762195042,43
2584,1,4313,2068,2245,0,0,0,1.0,1,1.0,1,1.0,1,0.25539057843777657,43
2585,2,4315,2069,2246,0,0,0,1.0,1,1.0,1,1.0,1,0.2906051806098986,44
2586,2,4317,2069,2248,0,0,0,1.0,1,1.0,1,1.0,1,0.21071265483321425,43
2587,2,4319,2070,2249,0,0,0,1.0,1,1.0,1,1.0,1,0.21854933634011747,44
2588,0,4319,2070,2249,0,0,0,1.0,1,1.0,1,1.0,1,0.21854933634011747,44
2589,6,4325,2072,2253,0,0,0,1.0,1,1.0,1,1.0,1,0.19344356045949088,44
2590,0,4325,2072,2253,0,0,0,1.0,1,1.0,1,1.0,1,0.19344356045949088,44
2591,2,4327,2072,2255,0,0,0,1.0,1,1.0,1,1.0,1,0.15650553062337233,44
2592,2,4329,2073,2256,0,0,0,1.0,1,1.0,1,1.0,1,0.1667080932924227,44
2593,1,4330,2074,2256,0,0,0,1.0,1,1.0,1,1.0,1,0.1553466675139681,43
2594,1,4331,2075,2256,0,0,0,1.0,1,1.0,1,1.0,1,0.1990045341074846,48
2595,1,4332,2076,2256,0,0,0,1.0,1,1.0,1,1.0,1,0.1674485396985891,45
2596,2,4334,2078,2256,0,0,0,1.0,1,1.0,1,1.0,1,0.200365067541376,46
2597,2,4336,2079,2257,0,0,0,1.0,1,1.0,1,1.0,1,0.1721343047276408,45
2598,1,4337,2080,2257,0,0,0,1.0,1,1.0,1,1.0,1,0.20860151034649416,45
2599,1,4338,2081,2257,0,0,0,1.0,1,1.0,1,1.0,1,0.20680243243830002,45
2600,4,4342,2083,2259,0,0,0,1.0,1,1.0,1,1.0,1,0.22882778318163044,48
2601,9,4351,2084,2267,0,0,0,1.0,1,1.0,1,1.0,1,0.13514437190005577,47
2602,1,4352,2084,2268,0,0,0,1.0,1,1.0,1,1.0,1,0.1350751661885211,48
2603,0,4352,2084,2268,0,0,0,1.0,1,1.0,1,1.0,1,0.1350751661885211,48
2604,0,4352,2084,2268,0,0,0,1.0,1,1.0,1,1.0,1,0.15569338494760282,47
2605,3,4355,2086,2269,0,0,0,1.0,1,1.0,1,1.0,1,0.19552220081801944,47
2606,0,4355,2086,2269,0,0,0,1.0,1,1.0,1,1.0,1,0.18690431559242968,46
2607,0,4355,2086,2269,0,0,0,1.0,1,1.0,1,1.0,1,0.21866546216015934,45
2608,2,4357,2087,2270,0,0,0,1.0,1,1.0,1,1.0,1,0.2179361255535989,45
2609,1,4358,2087,2271,0,0,0,1.0,1,1.0,1,1.0,1,0.21397014222905483,44
2610,1,4359,2088,2271,0,0,0,1.0,1,1.0,1,1.0,1,0.20262284664146546,45
2611,4,4363,2091,2272,0,0,0,1.0,1,1.0,1,1.0,1,0.2018218300957309,46
2612,2,4365,2092,2273,0,0,0,1.0,1,1.0,1,1.0,1,0.2111239307532389,47
2613,3,4368,2093,2275,0,0,0,1.0,1,1.0,1,1.0,1,0.2196968949707573,48
2614,3,4371,2095,2276,0,0,0,1.0,1,1.0,1,1.0,1,0.2708870561484283,48
2615,3,4374,2097,2277,0,0,0,1.0,1,1.0,1,1.0,1,0.2476411958574097,49
2616,1,4375,2097,2278,0,0,0,1.0,1,1.0,1,1.0,1,0.2428312639463482,49
2617,4,4379,2097,2282,0,0,0,1.0,1,1.0,1,1.0,1,0.20459087954695673,48
2618,2,4381,2097,2284,0,0,0,1.0,1,1.0,1,1.0,1,0.21176199573356208,47
2619,1,4382,2097,2285,0,0,0,1.0,1,1.0,1,1.0,1,0.19887169721531775,50
2620,2,4384,2098,2286,0,0,0,1.0,1,1.0,1,1.0,1,0.18177355621132213,51
2621,2,4386,2100,2286,0,0,0,1.0,1,1.0,1,1.0,1,0.14227294855272715,52
2622,1,4387,2101,2286,0,0,0,1.0,1,1.0,1,1.0,1,0.12772528363434762,52
2623,4,4391,2104,2287,0,0,0,1.0,1,1.0,1,1.0,1,0.18482855190346145,53
2624,2,4393,2106,2287,0,0,0,1.0,1,1.0,1,1.0,1,0.22432516742568048,51
2625,3,4396,2109,2287,0,0,0,1.0,1,1.0,1,1.0,1,0.23214820825252414,50
2626,3,4399,2110,2289,0,0,0,1.0,1,1.0,1,1.0,1,0.21934518611977688,49
2627,2,4401,2111,2290,0,0,0,1.0,1,1.0,1,1.0,1,0.18369013251189786,48
2628,1,4402,2112,2290,0,0,0,1.0,1,1.0,1,1.0,1,0.19688434894628,48
2629,0,4402,2112,2290,0,0,0,1.0,1,1.0,1,1.0,1,0.17038987134697858,47
2630,0,4402,2112,2290,0,0,0,1.0,1,1.0,1,1.0,1,0.2052710193512834,47
2631,4,4406,2113,2293,0,0,0,1.0,1,1.0,1,1.0,1,0.16930623324264038,47
2632,2,4408,2114,2294,0,0,0,1.0,1,1.0,1,1.0,1,0.13817675819046454,47
2633,0,4408,2114,2294,0,0,0,1.0,1,1.0,1,1.0,1,0.1262661190299644,44
2634,1,4409,2115,2294,0,0,0,1.0,1,1.0,1,1.0,1,0.15838632661932087,44
2635,3,4412,2117,2295,0,0,0,1.0,1,1.0,1,1.0,1,0.20552194988020953,45
2636,3,4415,2120,2295,0,0,0,1.0,1,1.0,1,1.0,1,0.2503461537329753,40
2637,5,4420,2124,2296,0,0,0,1.0,1,1.0,1,1.0,1,0.29934407969414684,41
2638,3,4423,2126,2297,0,0,0,1.0,1,1.0,1,1.0,1,0.3282816251139907,38
2639,0,4423,2126,2297,0,0,0,1.0,1,1.0,1,1.0,1,0.33203444866908394,39
2640,4,4427,2128,2299,0,0,0,1.0,1,1.0,1,1.0,1,0.39084071981805235,38
2641,10,4437,2130,2307,0,0,0,1.0,1,1.0,1,1.0,1,0.17697712832218657,37
2642,5,4442,2133,2309,0,0,0,1.0,1,1.0,1,1.0,1,0.2350624817092103,38
2643,0,4442,2133,2309,0,0,0,1.0,1,1.0,1,1.0,1,0.22858135194844073,37
2644,1,4443,2134,2309,0,0,0,1.0,1,1.0,1,1.0,1,0.2264873806303527,36
2645,1,4444,2135,2309,0,0,0,1.0,1,1.0,1,1.0,1,0.2684742134917872,35
2646,1,4445,2136,2309,0,0,0,1.0,1,1.0,1,1.0,1,0.2872382313270908,35
2647,1,4446,2137,2309,0,0,0,1.0,1,1.0,1,1.0,1,0.24294733636956894,35
2648,0,4446,2137,2309,0,0,0,1.0,1,1.0,1,1.0,1,0.24226812390575947,36
2649,2,4448,2138,2310,0,0,0,1.0,1,1.0,1,1.0,1,0.2185762002332691,37
2650,0,4448,2138,2310,0,0,0,1.0,1,1.0,1,1.0,1,0.22747453637878423,39
2651,2,4450,2139,2311,0,0,0,1.0,1,1.0,1,1.0,1,0.20796347294640433,39
2652,0,4450,2139,2311,0,0,0,1.0,1,1.0,1,1.0,1,0.20796347294640433,39
2653,0,4450,2139,2311,0,0,0,1.0,1,1.0,1,1.0,1,0.20796347294640433,39
2654,0,4450,2139,2311,0,0,0,1.0,1,1.0,1,1.0,1,0.22137389160215212,40
2655,0,4450,2139,2311,0,0,0,1.0,1,1.0,1,1.0,1,0.22137389160215212,40
2656,0,4450,2139,2311,0,0,0,1.0,1,1.0,1,1.0,1,0.24072923984240432,39
2657,3,4453,2139,2314,0,0,0,1.0,1,1.0,1,1.0,1,0.19633338467213513,40
2658,1,4454,2140,2314,0,0,0,1.0,1,1.0,1,1.0,1,0.27614810802049966,41
2659,2,4456,2141,2315,0,0,0,1.0,1,1.0,1,1.0,1,0.267490012281856,41
2660,0,4456,2141,2315,0,0,0,1.0,1,1.0,1,1.0,1,0.27798546655570966,40
2661,2,4458,2142,2316,0,0,0,1.0,1,1.0,1,1.0,1,0.2683302609162656,40
2662,5,4463,2144,2319,0,0,0,1.0,1,1.0,1,1.0,1,0.23877225942859673,42
2663,1,4464,2145,2319,0,0,0,1.0,1,1.0,1,1.0,1,0.22068955566327556,41
2664,4,4468,2146,2322,0,0,0,1.0,1,1.0,1,1.0,1,0.15688799604972786,42
2665,1,4469,2146,2323,0,0,0,1.0,1,1.0,1,1.0,1,0.13723594251198834,43
2666,1,4470,2147,2323,0,0,0,1.0,1,1.0,1,1.0,1,0.14149602280671664,44
2667,3,4473,2150,2323,0,0,0,1.0,1,1.0,1,1.0,1,0.2084813806266152,42
2668,1,4474,2151,2323,0,0,0,1.0,1,1.0,1,1.0,1,0.23138280901752828,41
2669,1,4475,2152,2323,0,0,0,1.0,1,1.0,1,1.0,1,0.26276776209036073,42
2670,1,4476,2153,2323,0,0,0,1.0,1,1.0,1,1.0,1,0.3392317232198293,40
2671,2,4478,2155,2323,0,0,0,1.0,1,1.0,1,1.0,1,0.34112180433170275,39
2672,0,4478,2155,2323,0,0,0,1.0,1,1.0,1,1.0,1,0.33801929039530565,36
2673,3,4481,2156,2325,0,0,0,1.0,1,1.0,1,1.0,1,0.3096611249856395,35
2674,2,4483,2156,2327,0,0,0,1.0,1,1.0,1,1.0,1,0.21044439122049918,33
2675,0,4483,2156,2327,0,0,0,1.0,1,1.0,1,1.0,1,0.19762962147235075,34
2676,1,4484,2157,2327,0,0,0,1.0,1,1.0,1,1.0,1,0.16696816356300637,32
2677,2,4486,2159,2327,0,0,0,1.0,1,1.0,1,1.0,1,0.22174983910456705,33
2678,1,4487,2160,2327,0,0,0,1.0,1,1.0,1,1.0,1,0.21879767243821907,33
2679,2,4489,2161,2328,0,0,0,1.0,1,1.0,1,1.0,1,0.317851075081623,32
2680,1,4490,2162,2328,0,0,0,1.0,1,1.0,1,1.0,1,0.33240248158778,32
2681,0,4490,2162,2328,0,0,0,1.0,1,1.0,1,1.0,1,0.30845842725174055,32
2682,2,4492,2164,2328,0,0,0,1.0,1,1.0,1,1.0,1,0.3079094480915178,33
2683,0,4492,2164,2328,0,0,0,1.0,1,1.0,1,1.0,1,0.28522369864678543,32
2684,0,4492,2164,2328,0,0,0,1.0,1,1.0,1,1.0,1,0.2947534826485634,31
2685,2,4494,2164,2330,0,0,0,1.0,1,1.0,1,1.0,1,0.23152537570880344,31
2686,0,4494,2164,2330,0,0,0,1.0,1,1.0,1,1.0,1,0.2696653391821587,30
2687,0,4494,2164,2330,0,0,0,1.0,1,1.0,1,1.0,1,0.2696653391821587,30
2688,4,4498,2165,2333,0,0,0,1.0,1,1.0,1,1.0,1,0.23206124299612516,30
2689,2,4500,2166,2334,0,0,0,1.0,1,1.0,1,1.0,1,0.26609690456629875,31
2690,3,4503,2169,2334,0,0,0,1.0,1,1.0,1,1.0,1,0.24210610353993986,31
2691,3,4506,2171,2335,0,0,0,1.0,1,1.0,1,1.0,1,0.28828142699748494,32
2692,2,4508,2172,2336,0,0,0,1.0,1,1.0,1,1.0,1,0.2790350293228628,32
2693,2,4510,2173,2337,0,0,0,1.0,1,1.0,1,1.0,1,0.2554413472151881,33
2694,0,4510,2173,2337,0,0,0,1.0,1,1.0,1,1.0,1,0.26853990161605445,34
2695,1,4511,2173,2338,0,0,0,1.0,1,1.0,1,1.0,1,0.25906278982572895,35
2696,0,4511,2173,2338,0,0,0,1.0,1,1.0,1,1.0,1,0.25906278982572895,35
2697,0,4511,2173,2338,0,0,0,1.0,1,1.0,1,1.0,1,0.25906278982572895,35
2698,0,4511,2173,2338,0,0,0,1.0,1,1.0,1,1.0,1,0.2443195059345557,36
2699,3,4514,2174,2340,0,0,0,1.0,1,1.0,1,1.0,1,0.17146857609038396,36
2700,1,4515,2175,2340,0,0,0,1.0,1,1.0,1,1.0,1,0.16797157352207376,37
2701,2,4517,2176,2341,0,0,0,1.0,1,1.0,1,1.0,1,0.1664251209460142,37
2702,3,4520,2178,2342,0,0,0,1.0,1,1.0,1,1.0,1,0.20584955889896528,37
2703,2,4522,2179,2343,0,0,0,1.0,1,1.0,1,1.0,1,0.1897129852807533,38
2704,1,4523,2180,2343,0,0,0,1.0,1,1.0,1,1.0,1,0.24816646526102443,37
2705,2,4525,2181,2344,0,0,0,1.0,1,1.0,1,1.0,1,0.2308144213930705,36
2706,1,4526,2182,2344,0,0,0,1.0,1,1.0,1,1.0,1,0.27403811869320993,36
2707,1,4527,2183,2344,0,0,0,1.0,1,1.0,1,1.0,1,0.2956707965926467,35
2708,3,4530,2186,2344,0,0,0,1.0,1,1.0,1,1.0,1,0.3745734659490077,36
2709,3,4533,2188,2345,0,0,0,1.0,1,1.0,1,1.0,1,0.3149830225895085,32
2710,1,4534,2189,2345,0,0,0,1.0,1,1.0,1,1.0,1,0.30448827863954436,29
2711,4,4538,2190,2348,0,0,0,1.0,1,1.0,1,1.0,1,0.20617241094761826,29
2712,1,4539,2191,2348,0,0,0,1.0,1,1.0,1,1.0,1,0.32257594524521027,28
2713,1,4540,2191,2349,0,0,0,1.0,1,1.0,1,1.0,1,0.2942615760493898,28
2714,2,4542,2193,2349,0,0,0,1.0,1,1.0,1,1.0,1,0.3153226205115491,26
2715,1,4543,2194,2349,0,0,0,1.0,1,1.0,1,1.0,1,0.3127891294413774,24
2716,0,4543,2194,2349,0,0,0,1.0,1,1.0,1,1.0,1,0.315196617058771,24
2717,5,4548,2197,2351,0,0,0,1.0,1,1.0,1,1.0,1,0.3880284520674286,25
2718,3,4551,2197,2354,0,0,0,1.0,1,1.0,1,1.0,1,0.39149058175074586,25
2719,4,4555,2199,2356,0,0,0,1.0,1,1.0,1,1.0,1,0.3381024349661997,25
2720,2,4557,2200,2357,0,0,0,1.0,1,1.0,1,1.0,1,0.38326768770117925,25
2721,4,4561,2203,2358,0,0,0,1.0,1,1.0,1,1.0,1,0.28181465072294143,25
2722,1,4562,2204,2358,0,0,0,1.0,1,1.0,1,1.0,1,0.2558785639329985,26
2723,0,4562,2204,2358,0,0,0,1.0,1,1.0,1,1.0,1,0.2558785639329985,26
2724,2,4564,2205,2359,0,0,0,1.0,1,1.0,1,1.0,1,0.23371437619867388,27
2725,0,4564,2205,2359,0,0,0,1.0,1,1.0,1,1.0,1,0.23825121673165497,28
2726,1,4565,2206,2359,0,0,0,1.0,1,1.0,1,1.0,1,0.22822693838087582,28
2727,1,4566,2206,2360,0,0,0,1.0,1,1.0,1,1.0,1,0.15836579846116258,29
2728,1,4567,2207,2360,0,0,0,1.0,1,1.0,1,1.0,1,0.21609396431068667,29
2729,0,4567,2207,2360,0,0,0,1.0,1,1.0,1,1.0,1,0.20742791511612974,29
2730,0,4567,2207,2360,0,0,0,1.0,1,1.0,1,1.0,1,0.20742791511612974,29
2731,0,4567,2207,2360,0,0,0,1.0,1,1.0,1,1.0,1,0.21774070787953595,30
2732,2,4569,2209,2360,0,0,0,1.0,1,1.0,1,1.0,1,0.24946902064671417,29
2733,0,4569,2209,2360,0,0,0,1.0,1,1.0,1,1.0,1,0.24946902064671417,29
2734,0,4569,2209,2360,0,0,0,1.0,1,1.0,1,1.0,1,0.24946902064671417,29
2735,0,4569,2209,2360,0,0,0,1.0,1,1.0,1,1.0,1,0.24946902064671417,29
2736,2,4571,2210,2361,0,0,0,1.0,1,1.0,1,1.0,1,0.2557540942320541,30
2737,0,4571,2210,2361,0,0,0,1.0,1,1.0,1,1.0,1,0.2839621000665448,30
2738,2,4573,2212,2361,0,0,0,1.0,1,1.0,1,1.0,1,0.3436897782697298,30
2739,2,4575,2212,2363,0,0,0,1.0,1,1.0,1,1.0,1,0.36114525070096715,29
2740,1,4576,2213,2363,0,0,0,1.0,1,1.0,1,1.0,1,0.375748261283401,29
2741,2,4578,2213,2365,0,0,0,1.0,1,1.0,1,1.0,1,0.3647494140573838,28
2742,2,4580,2214,2366,0,0,0,1.0,1,1.0,1,1.0,1,0.3709876551691903,28
2743,4,4584,2214,2370,0,0,0,1.0,1,1.0,1,1.0,1,0.28089676004500097,29
2744,1,4585,2215,2370,0,0,0,1.0,1,1.0,1,1.0,1,0.2711135633510226,27
2745,1,4586,2216,2370,0,0,0,1.0,1,1.0,1,1.0,1,0.2875939010110395,25
2746,2,4588,2218,2370,0,0,0,1.0,1,1.0,1,1.0,1,0.35700917441453733,25
2747,1,4589,2219,2370,0,0,0,1.0,1,1.0,1,1.0,1,0.38792874134072863,23
2748,2,4591,2220,2371,0,0,0,1.0,1,1.0,1,1.0,1,0.3914606954109126,22
2749,0,4591,2220,2371,0,0,0,1.0,1,1.0,1,1.0,1,0.41131369132555634,19
2750,0,4591,2220,2371,0,0,0,1.0,1,1.0,1,1.0,1,0.3916404627327366,18
2751,0,4591,2220,2371,0,0,0,1.0,1,1.0,1,1.0,1,0.39796293840851726,16
2752,0,4591,2220,2371,0,0,0,1.0,1,1.0,1,1.0,1,0.4479806942929587,15
2753,0,4591,2220,2371,0,0,0,1.0,1,1.0,1,1.0,1,0.4479806942929587,15
2754,0,4591,2220,2371,0,0,0,1.0,1,1.0,1,1.0,1,0.4479806942929587,15
2755,0,4591,2220,2371,0,0,0,1.0,1,1.0,1,1.0,1,0.4479806942929587,15
2756,0,4591,2220,2371,0,0,0,1.0,1,1.0,1,1.0,1,0.42906947214498375,16
2757,0,4591,2220,2371,0,0,0,1.0,1,1.0,1,1.0,1,0.39238943777220175,17
2758,0,4591,2220,2371,0,0,0,1.0,1,1.0,1,1.0,1,0.39238943777220175,17
2759,0,4591,2220,2371,0,0,0,1.0,1,1.0,1,1.0,1,0.3998370749146426,18
2760,0,4591,2220,2371,0,0,0,1.0,1,1.0,1,1.0,1,0.3998370749146426,18
2761,1,4592,2220,2372,0,0,0,1.0,1,1.0,1,1.0,1,0.3662827811767325,18
2762,0,4592,2220,2372,0,0,0,1.0,1,1.0,1,1.0,1,0.3662827811767325,18
2763,1,4593,2220,2373,0,0,0,1.0,1,1.0,1,1.0,1,0.31505331241820517,17
2764,2,4595,2222,2373,0,0,0,1.0,1,1.0,1,1.0,1,0.4605820123693008,17
2765,1,4596,2222,2374,0,0,0,1.0,1,1.0,1,1.0,1,0.40486646780538377,18
2766,0,4596,2222,2374,0,0,0,1.0,1,1.0,1,1.0,1,0.40486646780538377,18
2767,0,4596,2222,2374,0,0,0,1.0,1,1.0,1,1.0,1,0.40486646780538377,18
2768,0,4596,2222,2374,0,0,0,1.0,1,1.0,1,1.0,1,0.40486646780538377,18
2769,1,4597,2223,2374,0,0,0,1.0,1,1.0,1,1.0,1,0.3557201022497772,18
2770,1,4598,2224,2374,0,0,0,1.0,1,1.0,1,1.0,1,0.3465053826842456,18
2771,0,4598,2224,2374,0,0,0,1.0,1,1.0,1,1.0,1,0.3465053826842456,18
2772,0,4598,2224,2374,0,0,0,1.0,1,1.0,1,1.0,1,0.3465053826842456,18
2773,0,4598,2224,2374,0,0,0,1.0,1,1.0,1,1.0,1,0.3465053826842456,18
2774,2,4600,2224,2376,0,0,0,1.0,1,1.0,1,1.0,1,0.31240977622560123,20
2775,0,4600,2224,2376,0,0,0,1.0,1,1.0,1,1.0,1,0.28803831801961,21
2776,1,4601,2225,2376,0,0,0,1.0,1,1.0,1,1.0,1,0.34725189268567397,21
2777,0,4601,2225,2376,0,0,0,1.0,1,1.0,1,1.0,1,0.33267784335281886,22
2778,2,4603,2226,2377,0,0,0,1.0,1,1.0,1,1.0,1,0.35278471257389293,24
2779,1,4604,2227,2377,0,0,0,1.0,1,1.0,1,1.0,1,0.3830960868247827,24
2780,0,4604,2227,2377,0,0,0,1.0,1,1.0,1,1.0,1,0.3830960868247827,24
2781,0,4604,2227,2377,0,0,0,1.0,1,1.0,1,1.0,1,0.3830960868247827,24
2782,1,4605,2227,2378,0,0,0,1.0,1,1.0,1,1.0,1,0.3404605784671726,24
2783,1,4606,2228,2378,0,0,0,1.0,1,1.0,1,1.0,1,0.3549506574171087,24
2784,4,4610,2230,2380,0,0,0,1.0,1,1.0,1,1.0,1,0.3426616177052609,24
2785,0,4610,2230,2380,0,0,0,1.0,1,1.0,1,1.0,1,0.2939408416487929,22
2786,0,4610,2230,2380,0,0,0,1.0,1,1.0,1,1.0,1,0.3572905688924245,22
2787,1,4611,2230,2381,0,0,0,1.0,1,1.0,1,1.0,1,0.2898315357516302,21
2788,0,4611,2230,2381,0,0,0,1.0,1,1.0,1,1.0,1,0.26321386752425163,20
2789,1,4612,2231,2381,0,0,0,1.0,1,1.0,1,1.0,1,0.3274848856030263,20
2790,0,4612,2231,2381,0,0,0,1.0,1,1.0,1,1.0,1,0.34818435726412517,21
2791,1,4613,2232,2381,0,0,0,1.0,1,1.0,1,1.0,1,0.3734744701532999,21
2792,0,4613,2232,2381,0,0,0,1.0,1,1.0,1,1.0,1,0.3734744701532999,21
2793,0,4613,2232,2381,0,0,0,1.0,1,1.0,1,1.0,1,0.4008256088369293,18
2794,0,4613,2232,2381,0,0,0,1.0,1,1.0,1,1.0,1,0.4008256088369293,18
2795,1,4614,2232,2382,0,0,0,1.0,1,1.0,1,1.0,1,0.32581543341934327,20
2796,1,4615,2233,2382,0,0,0,1.0,1,1.0,1,1.0,1,0.2966458740639756,21
2797,0,4615,2233,2382,0,0,0,1.0,1,1.0,1,1.0,1,0.2966458740639756,21
2798,0,4615,2233,2382,0,0,0,1.0,1,1.0,1,1.0,1,0.2966458740639756,21
2799,0,4615,2233,2382,0,0,0,1.0,1,1.0,1,1.0,1,0.30894962561522965,22
2800,0,4615,2233,2382,0,0,0,1.0,1,1.0,1,1.0,1,0.30894962561522965,22
2801,1,4616,2234,2382,0,0,0,1.0,1,1.0,1,1.0,1,0.332271855398561,22
2802,0,4616,2234,2382,0,0,0,1.0,1,1.0,1,1.0,1,0.332271855398561,22
2803,2,4618,2235,2383,0,0,0,1.0,1,1.0,1,1.0,1,0.340352797332664,22
2804,1,4619,2235,2384,0,0,0,1.0,1,1.0,1,1.0,1,0.3343091110485634,23
2805,0,4619,2235,2384,0,0,0,1.0,1,1.0,1,1.0,1,0.3343091110485634,23
2806,0,4619,2235,2384,0,0,0,1.0,1,1.0,1,1.0,1,0.3343091110485634,23
2807,0,4619,2235,2384,0,0,0,1.0,1,1.0,1,1.0,1,0.32599678707623175,24
2808,0,4619,2235,2384,0,0,0,1.0,1,1.0,1,1.0,1,0.32599678707623175,24
2809,2,4621,2236,2385,0,0,0,1.0,1,1.0,1,1.0,1,0.3660846123901582,25
2810,0,4621,2236,2385,0,0,0,1.0,1,1.0,1,1.0,1,0.36108423312541993,24
2811,1,4622,2236,2386,0,0,0,1.0,1,1.0,1,1.0,1,0.34306421835676026,26
2812,0,4622,2236,2386,0,0,0,1.0,1,1.0,1,1.0,1,0.34306421835676026,26
2813,2,4624,2236,2388,0,0,0,1.0,1,1.0,1,1.0,1,0.2818368565861474,27
2814,3,4627,2237,2390,0,0,0,1.0,1,1.0,1,1.0,1,0.3096249203421708,29
2815,0,4627,2237,2390,0,0,0,1.0,1,1.0,1,1.0,1,0.3096249203421708,29
2816,0,4627,2237,2390,0,0,0,1.0,1,1.0,1,1.0,1,0.32219552870522516,29
2817,1,4628,2237,2391,0,0,0,1.0,1,1.0,1,1.0,1,0.3027025050467217,29
2818,0,4628,2237,2391,0,0,0,1.0,1,1.0,1,1.0,1,0.3644982166374782,29
2819,0,4628,2237,2391,0,0,0,1.0,1,1.0,1,1.0,1,0.3844030491552109,30
2820,2,4630,2238,2392,0,0,0,1.0,1,1.0,1,1.0,1,0.3746983022403235,30
2821,3,4633,2240,2393,0,0,0,1.0,1,1.0,1,1.0,1,0.3866700557908629,31
2822,5,4638,2243,2395,0,0,0,1.0,1,1.0,1,1.0,1,0.341998827906756,30
2823,2,4640,2245,2395,0,0,0,1.0,1,1.0,1,1.0,1,0.29467710789296664,27
2824,0,4640,2245,2395,0,0,0,1.0,1,1.0,1,1.0,1,0.294103271423343,28
2825,3,4643,2247,2396,0,0,0,1.0,1,1.0,1,1.0,1,0.2742681876590769,28
2826,1,4644,2248,2396,0,0,0,1.0,1,1.0,1,1.0,1,0.31749581498764257,27
2827,2,4646,2249,2397,0,0,0,1.0,1,1.0,1,1.0,1,0.36633674748420025,28
2828,3,4649,2249,2400,0,0,0,1.0,1,1.0,1,1.0,1,0.3354132217477013,28
2829,2,4651,2250,2401,0,0,0,1.0,1,1.0,1,1.0,1,0.2843573977209921,27
2830,0,4651,2250,2401,0,0,0,1.0,1,1.0,1,1.0,1,0.2843573977209921,27
2831,0,4651,2250,2401,0,0,0,1.0,1,1.0,1,1.0,1,0.2843573977209921,27
2832,1,4652,2250,2402,0,0,0,1.0,1,1.0,1,1.0,1,0.30068815416866973,27
2833,0,4652,2250,2402,0,0,0,1.0,1,1.0,1,1.0,1,0.27651574186136385,26
2834,2,4654,2252,2402,0,0,0,1.0,1,1.0,1,1.0,1,0.22536116455656288,26
2835,0,4654,2252,2402,0,0,0,1.0,1,1.0,1,1.0,1,0.2554965206842728,25
2836,3,4657,2254,2403,0,0,0,1.0,1,1.0,1,1.0,1,0.2393939026732274,27
2837,0,4657,2254,2403,0,0,0,1.0,1,1.0,1,1.0,1,0.2742591161303705,27
2838,0,4657,2254,2403,0,0,0,1.0,1,1.0,1,1.0,1,0.2742591161303705,27
2839,1,4658,2255,2403,0,0,0,1.0,1,1.0,1,1.0,1,0.31643374702556143,29
2840,1,4659,2256,2403,0,0,0,1.0,1,1.0,1,1.0,1,0.3316633988770851,29
2841,4,4663,2256,2407,0,0,0,1.0,1,1.0,1,1.0,1,0.2230266084524954,31
2842,0,4663,2256,2407,0,0,0,1.0,1,1.0,1,1.0,1,0.2230266084524954,31
2843,2,4665,2256,2409,0,0,0,1.0,1,1.0,1,1.0,1,0.20372777918033264,32
2844,1,4666,2257,2409,0,0,0,1.0,1,1.0,1,1.0,1,0.24169107746547375,33
2845,2,4668,2257,2411,0,0,0,1.0,1,1.0,1,1.0,1,0.24364569728174207,32
2846,0,4668,2257,2411,0,0,0,1.0,1,1.0,1,1.0,1,0.260153895901129,33
2847,0,4668,2257,2411,0,0,0,1.0,1,1.0,1,1.0,1,0.287678218831254,32
2848,1,4669,2258,2411,0,0,0,1.0,1,1.0,1,1.0,1,0.3252804518335656,33
2849,4,4673,2258,2415,0,0,0,1.0,1,1.0,1,1.0,1,0.3387848387524674,34
2850,4,4677,2260,2417,0,0,0,1.0,1,1.0,1,1.0,1,0.24454218340034659,34
2851,2,4679,2260,2419,0,0,0,1.0,1,1.0,1,1.0,1,0.19199389278425447,34
2852,4,4683,2264,2419,0,0,0,1.0,1,1.0,1,1.0,1,0.15740635319693855,35
2853,0,4683,2264,2419,0,0,0,1.0,1,1.0,1,1.0,1,0.1806856284628192,36
2854,0,4683,2264,2419,0,0,0,1.0,1,1.0,1,1.0,1,0.20660494592892467,37
2855,5,4688,2266,2422,0,0,0,1.0,1,1.0,1,1.0,1,0.1418257521535614,38
2856,0,4688,2266,2422,0,0,0,1.0,1,1.0,1,1.0,1,0.1418257521535614,38
2857,3,4691,2267,2424,0,0,0,1.0,1,1.0,1,1.0,1,0.11579292889190818,39
2858,1,4692,2268,2424,0,0,0,1.0,1,1.0,1,1.0,1,0.12432590612850256,40
2859,1,4693,2269,2424,0,0,0,1.0,1,1.0,1,1.0,1,0.16563344575162764,40
2860,0,4693,2269,2424,0,0,0,1.0,1,1.0,1,1.0,1,0.16563344575162764,40
2861,2,4695,2270,2425,0,0,0,1.0,1,1.0,1,1.0,1,0.15881073905017656,38
2862,1,4696,2271,2425,0,0,0,1.0,1,1.0,1,1.0,1,0.18211826286891547,38
2863,3,4699,2272,2427,0,0,0,1.0,1,1.0,1,1.0,1,0.22601570834587764,38
2864,4,4703,2276,2427,0,0,0,1.0,1,1.0,1,1.0,1,0.23830066310154838,36
2865,4,4707,2280,2427,0,0,0,1.0,1,1.0,1,1.0,1,0.29068050946488566,34
2866,2,4709,2281,2428,0,0,0,1.0,1,1.0,1,1.0,1,0.26792787664606355,31
2867,0,4709,2281,2428,0,0,0,1.0,1,1.0,1,1.0,1,0.2576680662762394,30
2868,2,4711,2282,2429,0,0,0,1.0,1,1.0,1,1.0,1,0.27655940466917145,27
2869,2,4713,2283,2430,0,0,0,1.0,1,1.0,1,1.0,1,0.2756446615208082,27
2870,2,4715,2285,2430,0,0,0,1.0,1,1.0,1,1.0,1,0.29971238236864,25
2871,2,4717,2286,2431,0,0,0,1.0,1,1.0,1,1.0,1,0.32792884531200683,25
2872,0,4717,2286,2431,0,0,0,1.0,1,1.0,1,1.0,1,0.39034406241122555,23
2873,1,4718,2287,2431,0,0,0,1.0,1,1.0,1,1.0,1,0.4502324451643646,24
2874,0,4718,2287,2431,0,0,0,1.0,1,1.0,1,1.0,1,0.46905835542348184,24
2875,1,4719,2287,2432,0,0,0,1.0,1,1.0,1,1.0,1,0.4738457942552344,23
2876,4,4723,2288,2435,0,0,0,1.0,1,1.0,1,1.0,1,0.4218710035849577,24
2877,1,4724,2289,2435,0,0,0,1.0,1,1.0,1,1.0,1,0.458452619561848,24
2878,2,4726,2290,2436,0,0,0,1.0,1,1.0,1,1.0,1,0.38755810201259605,24
2879,2,4728,2292,2436,0,0,0,1.0,1,1.0,1,1.0,1,0.45144280047908225,25
2880,1,4729,2292,2437,0,0,0,1.0,1,1.0,1,1.0,1,0.411578522145026,26
2881,1,4730,2292,2438,0,0,0,1.0,1,1.0,1,1.0,1,0.40284835659200163,26
2882,0,4730,2292,2438,0,0,0,1.0,1,1.0,1,1.0,1,0.381245373675414,27
2883,1,4731,2292,2439,0,0,0,1.0,1,1.0,1,1.0,1,0.33139091083746386,28
2884,0,4731,2292,2439,0,0,0,1.0,1,1.0,1,1.0,1,0.3566106094975676,29
2885,1,4732,2292,2440,0,0,0,1.0,1,1.0,1,1.0,1,0.34602288769138206,31
2886,1,4733,2293,2440,0,0,0,1.0,1,1.0,1,1.0,1,0.358462075537508,31
2887,0,4733,2293,2440,0,0,0,1.0,1,1.0,1,1.0,1,0.3517600065754663,33
2888,3,4736,2294,2442,0,0,0,1.0,1,1.0,1,1.0,1,0.31883070253591966,34
2889,0,4736,2294,2442,0,0,0,1.0,1,1.0,1,1.0,1,0.30643762865657315,35
2890,1,4737,2295,2442,0,0,0,1.0,1,1.0,1,1.0,1,0.324082350039928,35
2891,1,4738,2296,2442,0,0,0,1.0,1,1.0,1,1.0,1,0.3312954399816527,35
2892,2,4740,2298,2442,0,0,0,1.0,1,1.0,1,1.0,1,0.3470689871029373,35
2893,1,4741,2298,2443,0,0,0,1.0,1,1.0,1,1.0,1,0.3439942508925957,37
2894,0,4741,2298,2443,0,0,0,1.0,1,1.0,1,1.0,1,0.3439942508925957,37
2895,0,4741,2298,2443,0,0,0,1.0,1,1.0,1,1.0,1,0.3439942508925957,37
2896,0,4741,2298,2443,0,0,0,1.0,1,1.0,1,1.0,1,0.3571010223040619,38
2897,2,4743,2299,2444,0,0,0,1.0,1,1.0,1,1.0,1,0.387166767125795,37
2898,1,4744,2299,2445,0,0,0,1.0,1,1.0,1,1.0,1,0.39487505259073874,38
2899,1,4745,2300,2445,0,0,0,1.0,1,1.0,1,1.0,1,0.39952822823893697,37
2900,0,4745,2300,2445,0,0,0,1.0,1,1.0,1,1.0,1,0.38136197031549707,36
2901,1,4746,2300,2446,0,0,0,1.0,1,1.0,1,1.0,1,0.359234185684426,37
2902,1,4747,2301,2446,0,0,0,1.0,1,1.0,1,1.0,1,0.4072255098579257,35
2903,0,4747,2301,2446,0,0,0,1.0,1,1.0,1,1.0,1,0.40773935189857147,35
2904,0,4747,2301,2446,0,0,0,1.0,1,1.0,1,1.0,1,0.41961926426897544,33
2905,0,4747,2301,2446,0,0,0,1.0,1,1.0,1,1.0,1,0.40832019451881013,34
2906,2,4749,2303,2446,0,0,0,1.0,1,1.0,1,1.0,1,0.4513207456916804,34
2907,1,4750,2303,2447,0,0,0,1.0,1,1.0,1,1.0,1,0.43123944797069336,35
2908,1,4751,2303,2448,0,0,0,1.0,1,1.0,1,1.0,1,0.422134360030456,36
2909,0,4751,2303,2448,0,0,0,1.0,1,1.0,1,1.0,1,0.43882487200003556,38
2910,0,4751,2303,2448,0,0,0,1.0,1,1.0,1,1.0,1,0.43882487200003556,38
2911,1,4752,2304,2448,0,0,0,1.0,1,1.0,1,1.0,1,0.45922812973449756,37
2912,1,4753,2304,2449,0,0,0,1.0,1,1.0,1,1.0,1,0.4492462708864089,37
2913,0,4753,2304,2449,0,0,0,1.0,1,1.0,1,1.0,1,0.4588844835650991,38
2914,3,4756,2304,2452,0,0,0,1.0,1,1.0,1,1.0,1,0.37708994932351036,38
2915,1,4757,2304,2453,0,0,0,1.0,1,1.0,1,1.0,1,0.3701108489506539,39
2916,1,4758,2305,2453,0,0,0,1.0,1,1.0,1,1.0,1,0.35914655553805475,40
2917,2,4760,2305,2455,0,0,0,1.0,1,1.0,1,1.0,1,0.321262392757615,41
2918,2,4762,2306,2456,0,0,0,1.0,1,1.0,1,1.0,1,0.3413292390427492,41
2919,0,4762,2306,2456,0,0,0,1.0,1,1.0,1,1.0,1,0.3413292390427492,41
2920,1,4763,2306,2457,0,0,0,1.0,1,1.0,1,1.0,1,0.35983713275617735,43
2921,2,4765,2306,2459,0,0,0,1.0,1,1.0,1,1.0,1,0.34456844286415,42
2922,0,4765,2306,2459,0,0,0,1.0,1,1.0,1,1.0,1,0.3307388156523496,43
2923,0,4765,2306,2459,0,0,0,1.0,1,1.0,1,1.0,1,0.33840706077564053,44
2924,1,4766,2307,2459,0,0,0,1.0,1,1.0,1,1.0,1,0.34872065683662634,45
2925,7,4773,2308,2465,0,0,0,1.0,1,1.0,1,1.0,1,0.2817588792326776,45
2926,1,4774,2308,2466,0,0,0,1.0,1,1.0,1,1.0,1,0.2648400241386397,47
2927,0,4774,2308,2466,0,0,0,1.0,1,1.0,1,1.0,1,0.2648400241386397,47
2928,2,4776,2309,2467,0,0,0,1.0,1,1.0,1,1.0,1,0.26508950340894255,48
2929,0,4776,2309,2467,0,0,0,1.0,1,1.0,1,1.0,1,0.26508950340894255,48
2930,0,4776,2309,2467,0,0,0,1.0,1,1.0,1,1.0,1,0.2826119502968458,50
2931,3,4779,2309,2470,0,0,0,1.0,1,1.0,1,1.0,1,0.24802619906846068,51
2932,0,4779,2309,2470,0,0,0,1.0,1,1.0,1,1.0,1,0.24802619906846068,51
2933,1,4780,2310,2470,0,0,0,1.0,1,1.0,1,1.0,1,0.2783184978920854,52
2934,1,4781,2311,2470,0,0,0,1.0,1,1.0,1,1.0,1,0.29176499612971324,52
2935,0,4781,2311,2470,0,0,0,1.0,1,1.0,1,1.0,1,0.3036945326056776,51
2936,0,4781,2311,2470,0,0,0,1.0,1,1.0,1,1.0,1,0.2989553393531745,49
2937,0,4781,2311,2470,0,0,0,1.0,1,1.0,1,1.0,1,0.297581195544337,50
2938,2,4783,2313,2470,0,0,0,1.0,1,1.0,1,1.0,1,0.317906917830809,50
2939,1,4784,2313,2471,0,0,0,1.0,1,1.0,1,1.0,1,0.2953423896125871,51
2940,4,4788,2315,2473,0,0,0,1.0,1,1.0,1,1.0,1,0.2893512074115329,52
2941,2,4790,2315,2475,0,0,0,1.0,1,1.0,1,1.0,1,0.27146057237850746,53
2942,2,4792,2317,2475,0,0,0,1.0,1,1.0,1,1.0,1,0.29018191948493105,52
2943,2,4794,2319,2475,0,0,0,1.0,1,1.0,1,1.0,1,0.30835276511064613,51
2944,5,4799,2321,2478,0,0,0,1.0,1,1.0,1,1.0,1,0.29124963250785213,52
2945,2,4801,2322,2479,0,0,0,1.0,1,1.0,1,1.0,1,0.256137890238649,50
2946,6,4807,2325,2482,0,0,0,1.0,1,1.0,1,1.0,1,0.2665389999570729,51
2947,5,4812,2327,2485,0,0,0,1.0,1,1.0,1,1.0,1,0.24140476069436254,50
2948,3,4815,2328,2487,0,0,0,1.0,1,1.0,1,1.0,1,0.23723236470515047,50
2949,2,4817,2328,2489,0,0,0,1.0,1,1.0,1,1.0,1,0.22728184705650056,49
2950,0,4817,2328,2489,0,0,0,1.0,1,1.0,1,1.0,1,0.24929536599219881,48
2951,6,4823,2329,2494,0,0,0,1.0,1,1.0,1,1.0,1,0.20168184932684036,48
2952,1,4824,2329,2495,0,0,0,1.0,1,1.0,1,1.0,1,0.20226341465446793,46
2953,0,4824,2329,2495,0,0,0,1.0,1,1.0,1,1.0,1,0.20226341465446793,46
2954,0,4824,2329,2495,0,0,0,1.0,1,1.0,1,1.0,1,0.2209201155513706,48
2955,0,4824,2329,2495,0,0,0,1.0,1,1.0,1,1.0,1,0.2209201155513706,48
2956,1,4825,2330,2495,0,0,0,1.0,1,1.0,1,1.0,1,0.2461616239059751,47
2957,5,4830,2332,2498,0,0,0,1.0,1,1.0,1,1.0,1,0.2675259829332217,48
2958,3,4833,2332,2501,0,0,0,1.0,1,1.0,1,1.0,1,0.2517462916430031,49
2959,2,4835,2332,2503,0,0,0,1.0,1,1.0,1,1.0,1,0.24912761449193593,49
2960,2,4837,2332,2505,0,0,0,1.0,1,1.0,1,1.0,1,0.22774774361299957,49
2961,6,4843,2334,2509,0,0,0,1.0,1,1.0,1,1.0,1,0.21591620265280478,51
2962,1,4844,2334,2510,0,0,0,1.0,1,1.0,1,1.0,1,0.20196743237043344,51
2963,1,4845,2335,2510,0,0,0,1.0,1,1.0,1,1.0,1,0.18551266630114574,51
2964,2,4847,2336,2511,0,0,0,1.0,1,1.0,1,1.0,1,0.166138092776464,52
2965,1,4848,2336,2512,0,0,0,1.0,1,1.0,1,1.0,1,0.1602127415758797,53
2966,1,4849,2337,2512,0,0,0,1.0,1,1.0,1,1.0,1,0.15088424792200475,53
2967,0,4849,2337,2512,0,0,0,1.0,1,1.0,1,1.0,1,0.17712918660340918,53
2968,0,4849,2337,2512,0,0,0,1.0,1,1.0,1,1.0,1,0.18556634171630054,54
2969,2,4851,2338,2513,0,0,0,1.0,1,1.0,1,1.0,1,0.19554414320998711,55
2970,5,4856,2338,2518,0,0,0,1.0,1,1.0,1,1.0,1,0.10048877491346878,55
2971,0,4856,2338,2518,0,0,0,1.0,1,1.0,1,1.0,1,0.10048877491346878,55
2972,0,4856,2338,2518,0,0,0,1.0,1,1.0,1,1.0,1,0.10048877491346878,55
2973,0,4856,2338,2518,0,0,0,1.0,1,1.0,1,1.0,1,0.11189844314615296,55
2974,1,4857,2339,2518,0,0,0,1.0,1,1.0,1,1.0,1,0.11398560406333841,56
2975,0,4857,2339,2518,0,0,0,1.0,1,1.0,1,1.0,1,0.1149002471687102,55
2976,0,4857,2339,2518,0,0,0,1.0,1,1.0,1,1.0,1,0.12627281171427363,57
2977,0,4857,2339,2518,0,0,0,1.0,1,1.0,1,1.0,1,0.12438883018371703,59
2978,1,4858,2340,2518,0,0,0,1.0,1,1.0,1,1.0,1,0.14167795962660382,59
2979,0,4858,2340,2518,0,0,0,1.0,1,1.0,1,1.0,1,0.14167795962660382,59
2980,0,4858,2340,2518,0,0,0,1.0,1,1.0,1,1.0,1,0.14167795962660382,59
2981,3,4861,2343,2518,0,0,0,1.0,1,1.0,1,1.0,1,0.15555997373714325,59
2982,4,4865,2345,2520,0,0,0,1.0,1,1.0,1,1.0,1,0.17970379345971255,61
2983,8,4873,2351,2522,0,0,0,1.0,1,1.0,1,1.0,1,0.20090702694735035,61
2984,8,4881,2356,2525,0,0,0,1.0,1,1.0,1,1.0,1,0.27420330915417573,61
2985,8,4889,2360,2529,0,0,0,1.0,1,1.0,1,1.0,1,0.2430285917068259,57
2986,5,4894,2364,2530,0,0,0,1.0,1,1.0,1,1.0,1,0.2519509941912262,58
2987,6,4900,2366,2534,0,0,0,1.0,1,1.0,1,1.0,1,0.2706535949827993,56
2988,3,4903,2367,2536,0,0,0,1.0,1,1.0,1,1.0,1,0.2411100339961786,55
2989,3,4906,2370,2536,0,0,0,1.0,1,1.0,1,1.0,1,0.27266128193247074,53
2990,2,4908,2371,2537,0,0,0,1.0,1,1.0,1,1.0,1,0.21278969046056886,52
2991,4,4912,2371,2541,0,0,0,1.0,1,1.0,1,1.0,1,0.12837817541872407,54
2992,2,4914,2373,2541,0,0,0,1.0,1,1.0,1,1.0,1,0.14401759122301167,55
2993,1,4915,2373,2542,0,0,0,1.0,1,1.0,1,1.0,1,0.13295948781191808,53
2994,3,4918,2376,2542,0,0,0,1.0,1,1.0,1,1.0,1,0.19397201438552936,53
2995,2,4920,2377,2543,0,0,0,1.0,1,1.0,1,1.0,1,0.14898912594777067,51
2996,2,4922,2379,2543,0,0,0,1.0,1,1.0,1,1.0,1,0.16540179716972878,52
2997,4,4926,2381,2545,0,0,0,1.0,1,1.0,1,1.0,1,0.21809047207323953,50
2998,1,4927,2382,2545,0,0,0,1.0,1,1.0,1,1.0,1,0.22251398882809875,51
2999,2,4929,2382,2547,0,0,0,1.0,1,1.0,1,1.0,1,0.2137812012779108,48
3000,2,4931,2383,2548,0,0,0,1.0,1,1.0,1,1.0,1,0.2078829620718047,48
3001,2,4933,2383,2550,0,0,0,1.0,1,1.0,1,1.0,1,0.18107929123425018,49
3002,2,4935,2384,2551,0,0,0,1.0,1,1.0,1,1.0,1,0.17798642616846896,50
3003,0,4935,2384,2551,0,0,0,1.0,1,1.0,1,1.0,1,0.17798642616846896,50
3004,1,4936,2385,2551,0,0,0,1.0,1,1.0,1,1.0,1,0.17020449988606295,51
3005,0,4936,2385,2551,0,0,0,1.0,1,1.0,1,1.0,1,0.18408037303234565,50
3006,1,4937,2385,2552,0,0,0,1.0,1,1.0,1,1.0,1,0.1850522409394792,51
3007,1,4938,2385,2553,0,0,0,1.0,1,1.0,1,1.0,1,0.20601775689009796,51
3008,2,4940,2386,2554,0,0,0,1.0,1,1.0,1,1.0,1,0.22599126684540013,53
3009,2,4942,2386,2556,0,0,0,1.0,1,1.0,1,1.0,1,0.2290565391232145,52
3010,1,4943,2386,2557,0,0,0,1.0,1,1.0,1,1.0,1,0.2180630869969214,52
3011,5,4948,2386,2562,0,0,0,1.0,1,1.0,1,1.0,1,0.16937652636800765,51
3012,3,4951,2387,2564,0,0,0,1.0,1,1.0,1,1.0,1,0.16981572203234027,54
3013,2,4953,2389,2564,0,0,0,1.0,1,1.0,1,1.0,1,0.1724883855681056,52
3014,3,4956,2391,2565,0,0,0,1.0,1,1.0,1,1.0,1,0.1671944105566984,51
3015,2,4958,2392,2566,0,0,0,1.0,1,1.0,1,1.0,1,0.17319283966252483,50
3016,2,4960,2394,2566,0,0,0,1.0,1,1.0,1,1.0,1,0.2185091280491562,50
3017,4,4964,2398,2566,0,0,0,1.0,1,1.0,1,1.0,1,0.2314174545627663,48
3018,3,4967,2400,2567,0,0,0,1.0,1,1.0,1,1.0,1,0.24783986549990106,48
3019,3,4970,2403,2567,0,0,0,1.0,1,1.0,1,1.0,1,0.2645969932116742,47
3020,2,4972,2405,2567,0,0,0,1.0,1,1.0,1,1.0,1,0.24164883777557153,47
3021,3,4975,2406,2569,0,0,0,1.0,1,1.0,1,1.0,1,0.15520898187407942,46
3022,5,4980,2411,2569,0,0,0,1.0,1,1.0,1,1.0,1,0.22059426084298522,45
3023,1,4981,2412,2569,0,0,0,1.0,1,1.0,1,1.0,1,0.1731211642087544,41
3024,2,4983,2414,2569,0,0,0,1.0,1,1.0,1,1.0,1,0.2125566617580965,43
3025,2,4985,2415,2570,0,0,0,1.0,1,1.0,1,1.0,1,0.25430079151649204,39
3026,5,4990,2418,2572,0,0,0,1.0,1,1.0,1,1.0,1,0.2904792795245412,38
3027,3,4993,2419,2574,0,0,0,1.0,1,1.0,1,1.0,1,0.24919077196878206,38
3028,0,4993,2419,2574,0,0,0,1.0,1,1.0,1,1.0,1,0.25519348128824854,38
3029,0,4993,2419,2574,0,0,0,1.0,1,1.0,1,1.0,1,0.25659196731180456,37
3030,0,4993,2419,2574,0,0,0,1.0,1,1.0,1,1.0,1,0.26164872644981096,38
3031,4,4997,2420,2577,0,0,0,1.0,1,1.0,1,1.0,1,0.23154583640396692,39
3032,4,5001,2422,2579,0,0,0,1.0,1,1.0,1,1.0,1,0.2063201873530033,39
3033,0,5001,2422,2579,0,0,0,1.0,1,1.0,1,1.0,1,0.19752972093675022,39
3034,0,5001,2422,2579,0,0,0,1.0,1,1.0,1,1.0,1,0.201384729824937,38
3035,1,5002,2423,2579,0,0,0,1.0,1,1.0,1,1.0,1,0.2049890057182338,39
3036,1,5003,2423,2580,0,0,0,1.0,1,1.0,1,1.0,1,0.18868962508612586,39
3037,0,5003,2423,2580,0,0,0,1.0,1,1.0,1,1.0,1,0.22009074974155768,39
3038,1,5004,2424,2580,0,0,0,1.0,1,1.0,1,1.0,1,0.2105108332599,40
3039,3,5007,2426,2581,0,0,0,1.0,1,1.0,1,1.0,1,0.1837321011112066,41
3040,2,5009,2428,2581,0,0,0,1.0,1,1.0,1,1.0,1,0.18709218725667842,42
3041,4,5013,2429,2584,0,0,0,1.0,1,1.0,1,1.0,1,0.18608794319108898,43
3042,3,5016,2431,2585,0,0,0,1.0,1,1.0,1,1.0,1,0.20574425511062183,45
3043,2,5018,2433,2585,0,0,0,1.0,1,1.0,1,1.0,1,0.23044549495698333,45
3044,2,5020,2434,2586,0,0,0,1.0,1,1.0,1,1.0,1,0.22270727954861164,45
3045,0,5020,2434,2586,0,0,0,1.0,1,1.0,1,1.0,1,0.22270727954861164,45
3046,0,5020,2434,2586,0,0,0,1.0,1,1.0,1,1.0,1,0.23343105283799986,46
3047,0,5020,2434,2586,0,0,0,1.0,1,1.0,1,1.0,1,0.23343105283799986,46
3048,5,5025,2435,2590,0,0,0,1.0,1,1.0,1,1.0,1,0.23990203358120515,49
3049,2,5027,2435,2592,0,0,0,1.0,1,1.0,1,1.0,1,0.20477596984326707,50
3050,0,5027,2435,2592,0,0,0,1.0,1,1.0,1,1.0,1,0.20477596984326707,50
3051,4,5031,2436,2595,0,0,0,1.0,1,1.0,1,1.0,1,0.1892387939632259,50
3052,0,5031,2436,2595,0,0,0,1.0,1,1.0,1,1.0,1,0.1892387939632259,50
3053,3,5034,2438,2596,0,0,0,1.0,1,1.0,1,1.0,1,0.16647395388605962,49
3054,0,5034,2438,2596,0,0,0,1.0,1,1.0,1,1.0,1,0.18522724338301327,47
3055,1,5035,2439,2596,0,0,0,1.0,1,1.0,1,1.0,1,0.21379947751658765,48
3056,1,5036,2440,2596,0,0,0,1.0,1,1.0,1,1.0,1,0.2850766370102825,47
3057,4,5040,2441,2599,0,0,0,1.0,1,1.0,1,1.0,1,0.2672457071840829,48
3058,0,5040,2441,2599,0,0,0,1.0,1,1.0,1,1.0,1,0.24704308981735648,46
3059,0,5040,2441,2599,0,0,0,1.0,1,1.0,1,1.0,1,0.25986514195614807,44
3060,0,5040,2441,2599,0,0,0,1.0,1,1.0,1,1.0,1,0.26082903212989345,44
3061,1,5041,2441,2600,0,0,0,1.0,1,1.0,1,1.0,1,0.2524489509204798,42
3062,4,5045,2445,2600,0,0,0,1.0,1,1.0,1,1.0,1,0.3026333843507669,42
3063,3,5048,2447,2601,0,0,0,1.0,1,1.0,1,1.0,1,0.28780995486895217,41
3064,5,5053,2450,2603,0,0,0,1.0,1,1.0,1,1.0,1,0.3119370366749785,42
3065,2,5055,2451,2604,0,0,0,1.0,1,1.0,1,1.0,1,0.27838461099381206,40
3066,3,5058,2453,2605,0,0,0,1.0,1,1.0,1,1.0,1,0.28008685309332837,42
3067,1,5059,2454,2605,0,0,0,1.0,1,1.0,1,1.0,1,0.28289193845550337,40
3068,2,5061,2456,2605,0,0,0,1.0,1,1.0,1,1.0,1,0.25879731257846006,39
3069,1,5062,2457,2605,0,0,0,1.0,1,1.0,1,1.0,1,0.2866552115865423,38
3070,1,5063,2457,2606,0,0,0,1.0,1,1.0,1,1.0,1,0.28971744161501767,39
3071,6,5069,2457,2612,0,0,0,1.0,1,1.0,1,1.0,1,0.15508160903891116,39
3072,2,5071,2459,2612,0,0,0,1.0,1,1.0,1,1.0,1,0.23655706364190998,40
3073,4,5075,2460,2615,0,0,0,1.0,1,1.0,1,1.0,1,0.30256070967378673,38
3074,1,5076,2460,2616,0,0,0,1.0,1,1.0,1,1.0,1,0.26134405318877735,38
3075,2,5078,2460,2618,0,0,0,1.0,1,1.0,1,1.0,1,0.26353321698071613,41
3076,0,5078,2460,2618,0,0,0,1.0,1,1.0,1,1.0,1,0.23137046934357844,42
3077,2,5080,2462,2618,0,0,0,1.0,1,1.0,1,1.0,1,0.2782985685854873,42
3078,1,5081,2462,2619,0,0,0,1.0,1,1.0,1,1.0,1,0.29222131942672996,42
3079,3,5084,2462,2622,0,0,0,1.0,1,1.0,1,1.0,1,0.26381730967457084,42
3080,3,5087,2462,2625,0,0,0,1.0,1,1.0,1,1.0,1,0.2559153730132233,43
3081,1,5088,2462,2626,0,0,0,1.0,1,1.0,1,1.0,1,0.2329794012574612,44
3082,2,5090,2462,2628,0,0,0,1.0,1,1.0,1,1.0,1,0.1941747499686536,45
3083,0,5090,2462,2628,0,0,0,1.0,1,1.0,1,1.0,1,0.1941747499686536,45
3084,0,5090,2462,2628,0,0,0,1.0,1,1.0,1,1.0,1,0.1941747499686536,45
3085,1,5091,2463,2628,0,0,0,1.0,1,1.0,1,1.0,1,0.24415241780222272,46
3086,0,5091,2463,2628,0,0,0,1.0,1,1.0,1,1.0,1,0.24415241780222272,46
3087,0,5091,2463,2628,0,0,0,1.0,1,1.0,1,1.0,1,0.24037009554099772,47
3088,3,5094,2465,2629,0,0,0,1.0,1,1.0,1,1.0,1,0.29603229947463283,48
3089,1,5095,2466,2629,0,0,0,1.0,1,1.0,1,1.0,1,0.2856575369572671,46
3090,0,5095,2466,2629,0,0,0,1.0,1,1.0,1,1.0,1,0.2695897033590644,46
3091,0,5095,2466,2629,0,0,0,1.0,1,1.0,1,1.0,1,0.2988135618924912,46
3092,5,5100,2468,2632,0,0,0,1.0,1,1.0,1,1.0,1,0.2921332502294308,47
3093,3,5103,2468,2635,0,0,0,1.0,1,1.0,1,1.0,1,0.2451921184200098,47
3094,0,5103,2468,2635,0,0,0,1.0,1,1.0,1,1.0,1,0.24501391192970567,45
3095,3,5106,2470,2636,0,0,0,1.0,1,1.0,1,1.0,1,0.20840215275295082,46
3096,0,5106,2470,2636,0,0,0,1.0,1,1.0,1,1.0,1,0.2119418615311075,46
3097,2,5108,2472,2636,0,0,0,1.0,1,1.0,1,1.0,1,0.20835150631567145,47
3098,0,5108,2472,2636,0,0,0,1.0,1,1.0,1,1.0,1,0.20835150631567145,47
3099,0,5108,2472,2636,0,0,0,1.0,1,1.0,1,1.0,1,0.20835150631567145,47
3100,1,5109,2473,2636,0,0,0,1.0,1,1.0,1,1.0,1,0.19288795727736652,47
3101,0,5109,2473,2636,0,0,0,1.0,1,1.0,1,1.0,1,0.20428423750693003,48
3102,1,5110,2474,2636,0,0,0,1.0,1,1.0,1,1.0,1,0.19441848831169725,48
3103,3,5113,2475,2638,0,0,0,1.0,1,1.0,1,1.0,1,0.18463083767856472,49
3104,2,5115,2477,2638,0,0,0,1.0,1,1.0,1,1.0,1,0.20708825350647808,48
3105,1,5116,2477,2639,0,0,0,1.0,1,1.0,1,1.0,1,0.1904263261759544,45
3106,1,5117,2478,2639,0,0,0,1.0,1,1.0,1,1.0,1,0.229620241642095,46
3107,0,5117,2478,2639,0,0,0,1.0,1,1.0,1,1.0,1,0.23634064853757658,44
3108,1,5118,2479,2639,0,0,0,1.0,1,1.0,1,1.0,1,0.2532913099161422,45
3109,1,5119,2479,2640,0,0,0,1.0,1,1.0,1,1.0,1,0.2530909270285196,44
3110,9,5128,2484,2644,0,0,0,1.0,1,1.0,1,1.0,1,0.2200143323620533,46
3111,3,5131,2485,2646,0,0,0,1.0,1,1.0,1,1.0,1,0.18163225578778042,46
3112,2,5133,2485,2648,0,0,0,1.0,1,1.0,1,1.0,1,0.16931042127640716,47
3113,1,5134,2485,2649,0,0,0,1.0,1,1.0,1,1.0,1,0.1397486856224285,48
3114,0,5134,2485,2649,0,0,0,1.0,1,1.0,1,1.0,1,0.14672377366842865,48
3115,0,5134,2485,2649,0,0,0,1.0,1,1.0,1,1.0,1,0.1669095110585678,49
3116,0,5134,2485,2649,0,0,0,1.0,1,1.0,1,1.0,1,0.19372647973108229,48
3117,2,5136,2487,2649,0,0,0,1.0,1,1.0,1,1.0,1,0.2345740625895087,49
3118,1,5137,2487,2650,0,0,0,1.0,1,1.0,1,1.0,1,0.24705767666062262,50
3119,0,5137,2487,2650,0,0,0,1.0,1,1.0,1,1.0,1,0.24705767666062262,50
3120,0,5137,2487,2650,0,0,0,1.0,1,1.0,1,1.0,1,0.27376941613064665,50
3121,5,5142,2489,2653,0,0,0,1.0,1,1.0,1,1.0,1,0.20297215119326373,50
3122,2,5144,2489,2655,0,0,0,1.0,1,1.0,1,1.0,1,0.1885125685706534,50
3123,0,5144,2489,2655,0,0,0,1.0,1,1.0,1,1.0,1,0.17484851544210064,51
3124,1,5145,2490,2655,0,0,0,1.0,1,1.0,1,1.0,1,0.21194818763341383,51
3125,1,5146,2491,2655,0,0,0,1.0,1,1.0,1,1.0,1,0.22506915647433065,51
3126,2,5148,2491,2657,0,0,0,1.0,1,1.0,1,1.0,1,0.19828616582320158,54
3127,1,5149,2492,2657,0,0,0,1.0,1,1.0,1,1.0,1,0.23022634452182117,53
3128,1,5150,2492,2658,0,0,0,1.0,1,1.0,1,1.0,1,0.23540767297774084,52
3129,1,5151,2493,2658,0,0,0,1.0,1,1.0,1,1.0,1,0.23326614455372882,51
3130,0,5151,2493,2658,0,0,0,1.0,1,1.0,1,1.0,1,0.21824122930874174,50
3131,3,5154,2494,2660,0,0,0,1.0,1,1.0,1,1.0,1,0.18915631077880682,50
3132,2,5156,2494,2662,0,0,0,1.0,1,1.0,1,1.0,1,0.19283758639401274,49
3133,0,5156,2494,2662,0,0,0,1.0,1,1.0,1,1.0,1,0.19283758639401274,49
3134,2,5158,2495,2663,0,0,0,1.0,1,1.0,1,1.0,1,0.2083999213387287,46
3135,3,5161,2497,2664,0,0,0,1.0,1,1.0,1,1.0,1,0.25870435889098353,47
3136,1,5162,2498,2664,0,0,0,1.0,1,1.0,1,1.0,1,0.24441284344682818,46
3137,1,5163,2498,2665,0,0,0,1.0,1,1.0,1,1.0,1,0.24248802312312612,49
3138,2,5165,2499,2666,0,0,0,1.0,1,1.0,1,1.0,1,0.2705230192765374,49
3139,2,5167,2501,2666,0,0,0,1.0,1,1.0,1,1.0,1,0.2760156939796531,50
3140,4,5171,2502,2669,0,0,0,1.0,1,1.0,1,1.0,1,0.24905591158867793,51
3141,2,5173,2503,2670,0,0,0,1.0,1,1.0,1,1.0,1,0.26055434666195354,50
3142,0,5173,2503,2670,0,0,0,1.0,1,1.0,1,1.0,1,0.26055434666195354,50
3143,0,5173,2503,2670,0,0,0,1.0,1,1.0,1,1.0,1,0.2781932283305957,49
3144,0,5173,2503,2670,0,0,0,1.0,1,1.0,1,1.0,1,0.2781932283305957,49
3145,2,5175,2505,2670,0,0,0,1.0,1,1.0,1,1.0,1,0.30346078623358835,48
3146,1,5176,2505,2671,0,0,0,1.0,1,1.0,1,1.0,1,0.2922153090602264,49
3147,1,5177,2505,2672,0,0,0,1.0,1,1.0,1,1.0,1,0.2966225414239556,48
3148,4,5181,2508,2673,0,0,0,1.0,1,1.0,1,1.0,1,0.2704340169968286,48
3149,3,5184,2511,2673,0,0,0,1.0,1,1.0,1,1.0,1,0.2667489697416608,47
3150,2,5186,2512,2674,0,0,0,1.0,1,1.0,1,1.0,1,0.24346297396616315,47
3151,2,5188,2513,2675,0,0,0,1.0,1,1.0,1,1.0,1,0.2712396997148866,48
3152,2,5190,2514,2676,0,0,0,1.0,1,1.0,1,1.0,1,0.23298372137532963,47
3153,4,5194,2515,2679,0,0,0,1.0,1,1.0,1,1.0,1,0.20234376631607334,47
3154,0,5194,2515,2679,0,0,0,1.0,1,1.0,1,1.0,1,0.21839376207586214,48
3155,1,5195,2515,2680,0,0,0,1.0,1,1.0,1,1.0,1,0.20292339340725127,48
3156,0,5195,2515,2680,0,0,0,1.0,1,1.0,1,1.0,1,0.21422424695840678,48
3157,1,5196,2515,2681,0,0,0,1.0,1,1.0,1,1.0,1,0.24151220488708788,48
3158,0,5196,2515,2681,0,0,0,1.0,1,1.0,1,1.0,1,0.24151220488708788,48
3159,0,5196,2515,2681,0,0,0,1.0,1,1.0,1,1.0,1,0.2412229931567985,49
3160,4,5200,2516,2684,0,0,0,1.0,1,1.0,1,1.0,1,0.24136748289701168,51
3161,3,5203,2516,2687,0,0,0,1.0,1,1.0,1,1.0,1,0.17393619547427505,52
3162,1,5204,2517,2687,0,0,0,1.0,1,1.0,1,1.0,1,0.18092221305387304,51
3163,0,5204,2517,2687,0,0,0,1.0,1,1.0,1,1.0,1,0.18092221305387304,51
3164,5,5209,2518,2691,0,0,0,1.0,1,1.0,1,1.0,1,0.1562050143283983,52
3165,2,5211,2519,2692,0,0,0,1.0,1,1.0,1,1.0,1,0.14882866112090049,50
3166,0,5211,2519,2692,0,0,0,1.0,1,1.0,1,1.0,1,0.14882866112090049,50
3167,3,5214,2522,2692,0,0,0,1.0,1,1.0,1,1.0,1,0.14128759410846695,49
3168,1,5215,2523,2692,0,0,0,1.0,1,1.0,1,1.0,1,0.152910020967946,47
3169,1,5216,2524,2692,0,0,0,1.0,1,1.0,1,1.0,1,0.1872977847283899,48
3170,0,5216,2524,2692,0,0,0,1.0,1,1.0,1,1.0,1,0.2098516271559078,47
3171,6,5222,2526,2696,0,0,0,1.0,1,1.0,1,1.0,1,0.18516781762997264,47
3172,1,5223,2527,2696,0,0,0,1.0,1,1.0,1,1.0,1,0.2442067779951801,46
3173,0,5223,2527,2696,0,0,0,1.0,1,1.0,1,1.0,1,0.22773189627423035,45
3174,1,5224,2528,2696,0,0,0,1.0,1,1.0,1,1.0,1,0.31580264239778005,43
3175,5,5229,2531,2698,0,0,0,1.0,1,1.0,1,1.0,1,0.2442811570491458,43
3176,1,5230,2532,2698,0,0,0,1.0,1,1.0,1,1.0,1,0.22966291573669456,44
3177,2,5232,2533,2699,0,0,0,1.0,1,1.0,1,1.0,1,0.20305833595483688,44
3178,3,5235,2534,2701,0,0,0,1.0,1,1.0,1,1.0,1,0.14938238830234532,47
3179,1,5236,2535,2701,0,0,0,1.0,1,1.0,1,1.0,1,0.1887728634566019,48
3180,0,5236,2535,2701,0,0,0,1.0,1,1.0,1,1.0,1,0.1887728634566019,48
3181,2,5238,2535,2703,0,0,0,1.0,1,1.0,1,1.0,1,0.145529931961609,48
3182,0,5238,2535,2703,0,0,0,1.0,1,1.0,1,1.0,1,0.1561385676229379,51
3183,2,5240,2537,2703,0,0,0,1.0,1,1.0,1,1.0,1,0.17909466566238388,50
3184,2,5242,2538,2704,0,0,0,1.0,1,1.0,1,1.0,1,0.21707387591593533,50
3185,0,5242,2538,2704,0,0,0,1.0,1,1.0,1,1.0,1,0.22586833349024735,48
3186,4,5246,2540,2706,0,0,0,1.0,1,1.0,1,1.0,1,0.20884897974143196,48
3187,4,5250,2540,2710,0,0,0,1.0,1,1.0,1,1.0,1,0.1581269970265597,48
3188,1,5251,2541,2710,0,0,0,1.0,1,1.0,1,1.0,1,0.18343759209165597,48
3189,0,5251,2541,2710,0,0,0,1.0,1,1.0,1,1.0,1,0.19441014997558412,49
3190,0,5251,2541,2710,0,0,0,1.0,1,1.0,1,1.0,1,0.2160486625938257,51
3191,6,5257,2542,2715,0,0,0,1.0,1,1.0,1,1.0,1,0.12657583303306144,52
3192,1,5258,2543,2715,0,0,0,1.0,1,1.0,1,1.0,1,0.135757666032013,52
3193,0,5258,2543,2715,0,0,0,1.0,1,1.0,1,1.0,1,0.135757666032013,52
3194,2,5260,2544,2716,0,0,0,1.0,1,1.0,1,1.0,1,0.17187494979252907,54
3195,0,5260,2544,2716,0,0,0,1.0,1,1.0,1,1.0,1,0.17187494979252907,54
3196,1,5261,2545,2716,0,0,0,1.0,1,1.0,1,1.0,1,0.17769534296352232,54
3197,0,5261,2545,2716,0,0,0,1.0,1,1.0,1,1.0,1,0.20588173014764083,54
3198,3,5264,2547,2717,0,0,0,1.0,1,1.0,1,1.0,1,0.17217703971598755,54
3199,0,5264,2547,2717,0,0,0,1.0,1,1.0,1,1.0,1,0.168349773945636,56
3200,2,5266,2547,2719,0,0,0,1.0,1,1.0,1,1.0,1,0.1958485231994819,56
3201,2,5268,2547,2721,0,0,0,1.0,1,1.0,1,1.0,1,0.18216506395060775,56
3202,1,5269,2547,2722,0,0,0,1.0,1,1.0,1,1.0,1,0.17257450844247155,57
3203,2,5271,2548,2723,0,0,0,1.0,1,1.0,1,1.0,1,0.1516579517917489,56
3204,4,5275,2552,2723,0,0,0,1.0,1,1.0,1,1.0,1,0.23533499847876,55
3205,0,5275,2552,2723,0,0,0,1.0,1,1.0,1,1.0,1,0.24021280127986028,54
3206,5,5280,2555,2725,0,0,0,1.0,1,1.0,1,1.0,1,0.2624234568440155,56
3207,0,5280,2555,2725,0,0,0,1.0,1,1.0,1,1.0,1,0.2631042829142282,54
3208,0,5280,2555,2725,0,0,0,1.0,1,1.0,1,1.0,1,0.2562962380828584,53
3209,0,5280,2555,2725,0,0,0,1.0,1,1.0,1,1.0,1,0.26596194390928296,54
3210,3,5283,2557,2726,0,0,0,1.0,1,1.0,1,1.0,1,0.26738708073860284,53
3211,3,5286,2558,2728,0,0,0,1.0,1,1.0,1,1.0,1,0.2579345493714676,53
3212,0,5286,2558,2728,0,0,0,1.0,1,1.0,1,1.0,1,0.2655486916741889,54
3213,0,5286,2558,2728,0,0,0,1.0,1,1.0,1,1.0,1,0.2614873497822143,54
3214,1,5287,2558,2729,0,0,0,1.0,1,1.0,1,1.0,1,0.28688047298157415,55
3215,0,5287,2558,2729,0,0,0,1.0,1,1.0,1,1.0,1,0.28688047298157415,55
3216,0,5287,2558,2729,0,0,0,1.0,1,1.0,1,1.0,1,0.28688047298157415,55
3217,3,5290,2561,2729,0,0,0,1.0,1,1.0,1,1.0,1,0.3187074587282699,54
3218,1,5291,2562,2729,0,0,0,1.0,1,1.0,1,1.0,1,0.3186219480348302,54
3219,1,5292,2562,2730,0,0,0,1.0,1,1.0,1,1.0,1,0.32015801785198894,55
3220,1,5293,2563,2730,0,0,0,1.0,1,1.0,1,1.0,1,0.3038193161628961,56
3221,1,5294,2563,2731,0,0,0,1.0,1,1.0,1,1.0,1,0.28372878808369334,57
3222,0,5294,2563,2731,0,0,0,1.0,1,1.0,1,1.0,1,0.28372878808369334,57
3223,3,5297,2564,2733,0,0,0,1.0,1,1.0,1,1.0,1,0.27900299018205443,56
3224,4,5301,2568,2733,0,0,0,1.0,1,1.0,1,1.0,1,0.29398416632695845,58
3225,3,5304,2568,2736,0,0,0,1.0,1,1.0,1,1.0,1,0.23611481614032648,55
3226,1,5305,2569,2736,0,0,0,1.0,1,1.0,1,1.0,1,0.2582007121367531,54
3227,2,5307,2570,2737,0,0,0,1.0,1,1.0,1,1.0,1,0.23382633273744383,53
3228,3,5310,2573,2737,0,0,0,1.0,1,1.0,1,1.0,1,0.2900828095560846,52
3229,6,5316,2576,2740,0,0,0,1.0,1,1.0,1,1.0,1,0.3060712316526482,52
3230,0,5316,2576,2740,0,0,0,1.0,1,1.0,1,1.0,1,0.2879907368403284,50
3231,5,5321,2578,2743,0,0,0,1.0,1,1.0,1,1.0,1,0.26594473194709445,50
3232,2,5323,2580,2743,0,0,0,1.0,1,1.0,1,1.0,1,0.28224251338452344,50
3233,1,5324,2580,2744,0,0,0,1.0,1,1.0,1,1.0,1,0.2778710154405715,50
3234,3,5327,2582,2745,0,0,0,1.0,1,1.0,1,1.0,1,0.2709232649701566,49
3235,1,5328,2583,2745,0,0,0,1.0,1,1.0,1,1.0,1,0.2730267667414276,49
3236,2,5330,2583,2747,0,0,0,1.0,1,1.0,1,1.0,1,0.2693795696908989,51
3237,2,5332,2584,2748,0,0,0,1.0,1,1.0,1,1.0,1,0.2800170392989784,53
3238,0,5332,2584,2748,0,0,0,1.0,1,1.0,1,1.0,1,0.2688233882493648,53
3239,0,5332,2584,2748,0,0,0,1.0,1,1.0,1,1.0,1,0.2688233882493648,53
3240,1,5333,2584,2749,0,0,0,1.0,1,1.0,1,1.0,1,0.2727588259787055,53
3241,1,5334,2584,2750,0,0,0,1.0,1,1.0,1,1.0,1,0.2537080105973396,53
3242,2,5336,2584,2752,0,0,0,1.0,1,1.0,1,1.0,1,0.2248828780088939,53
3243,0,5336,2584,2752,0,0,0,1.0,1,1.0,1,1.0,1,0.22633219863886808,56
3244,0,5336,2584,2752,0,0,0,1.0,1,1.0,1,1.0,1,0.2371036518685981,57
3245,0,5336,2584,2752,0,0,0,1.0,1,1.0,1,1.0,1,0.2375552520018921,59
3246,1,5337,2584,2753,0,0,0,1.0,1,1.0,1,1.0,1,0.22223476169380355,59
3247,1,5338,2585,2753,0,0,0,1.0,1,1.0,1,1.0,1,0.24457400317143002,59
3248,2,5340,2586,2754,0,0,0,1.0,1,1.0,1,1.0,1,0.22138568637690126,59
3249,0,5340,2586,2754,0,0,0,1.0,1,1.0,1,1.0,1,0.2565158535870774,58
3250,1,5341,2587,2754,0,0,0,1.0,1,1.0,1,1.0,1,0.2517510550701238,58
3251,2,5343,2588,2755,0,0,0,1.0,1,1.0,1,1.0,1,0.27396880412795555,57
3252,1,5344,2589,2755,0,0,0,1.0,1,1.0,1,1.0,1,0.26815485865834543,57
3253,0,5344,2589,2755,0,0,0,1.0,1,1.0,1,1.0,1,0.2843910334955222,56
3254,4,5348,2590,2758,0,0,0,1.0,1,1.0,1,1.0,1,0.255773262056251,57
3255,2,5350,2591,2759,0,0,0,1.0,1,1.0,1,1.0,1,0.2641085160750179,57
3256,1,5351,2592,2759,0,0,0,1.0,1,1.0,1,1.0,1,0.2874670878383197,57
3257,5,5356,2592,2764,0,0,0,1.0,1,1.0,1,1.0,1,0.22123434244796955,57
3258,1,5357,2592,2765,0,0,0,1.0,1,1.0,1,1.0,1,0.22461919407691325,58
3259,2,5359,2593,2766,0,0,0,1.0,1,1.0,1,1.0,1,0.21792951949864636,59
3260,0,5359,2593,2766,0,0,0,1.0,1,1.0,1,1.0,1,0.22662116797208468,60
3261,8,5367,2596,2771,0,0,0,1.0,1,1.0,1,1.0,1,0.19559841114840515,60
3262,3,5370,2597,2773,0,0,0,1.0,1,1.0,1,1.0,1,0.18831914588253074,61
3263,3,5373,2600,2773,0,0,0,1.0,1,1.0,1,1.0,1,0.19085098305795578,62
3264,2,5375,2602,2773,0,0,0,1.0,1,1.0,1,1.0,1,0.19222072295097975,60
3265,1,5376,2603,2773,0,0,0,1.0,1,1.0,1,1.0,1,0.18637378508719316,58
3266,8,5384,2608,2776,0,0,0,1.0,1,1.0,1,1.0,1,0.19094445769089327,59
3267,2,5386,2610,2776,0,0,0,1.0,1,1.0,1,1.0,1,0.20115644634556576,60
3268,7,5393,2613,2780,0,0,0,1.0,1,1.0,1,1.0,1,0.1805753554412718,58
3269,1,5394,2613,2781,0,0,0,1.0,1,1.0,1,1.0,1,0.14601259780548106,57
3270,2,5396,2615,2781,0,0,0,1.0,1,1.0,1,1.0,1,0.15035991596996479,56
3271,0,5396,2615,2781,0,0,0,1.0,1,1.0,1,1.0,1,0.1378568505907041,55
3272,0,5396,2615,2781,0,0,0,1.0,1,1.0,1,1.0,1,0.13721395678613982,55
3273,4,5400,2617,2783,0,0,0,1.0,1,1.0,1,1.0,1,0.17554948265466175,55
3274,1,5401,2618,2783,0,0,0,1.0,1,1.0,1,1.0,1,0.17827786996507688,55
3275,0,5401,2618,2783,0,0,0,1.0,1,1.0,1,1.0,1,0.17827786996507688,55
3276,2,5403,2619,2784,0,0,0,1.0,1,1.0,1,1.0,1,0.15871790898651425,55
3277,4,5407,2620,2787,0,0,0,1.0,1,1.0,1,1.0,1,0.12991530300955723,57
3278,2,5409,2621,2788,0,0,0,1.0,1,1.0,1,1.0,1,0.12998764073753732,56
3279,0,5409,2621,2788,0,0,0,1.0,1,1.0,1,1.0,1,0.12746962874667367,54
3280,1,5410,2622,2788,0,0,0,1.0,1,1.0,1,1.0,1,0.1561238411558003,53
3281,3,5413,2622,2791,0,0,0,1.0,1,1.0,1,1.0,1,0.12585028099892204,52
3282,0,5413,2622,2791,0,0,0,1.0,1,1.0,1,1.0,1,0.13421264964777954,50
3283,3,5416,2625,2791,0,0,0,1.0,1,1.0,1,1.0,1,0.15608402297017707,50
3284,2,5418,2627,2791,0,0,0,1.0,1,1.0,1,1.0,1,0.20569903242718826,47
3285,3,5421,2629,2792,0,0,0,1.0,1,1.0,1,1.0,1,0.19713514099194163,48
3286,1,5422,2630,2792,0,0,0,1.0,1,1.0,1,1.0,1,0.2121285275126894,46
3287,6,5428,2634,2794,0,0,0,1.0,1,1.0,1,1.0,1,0.1547772914444921,46
3288,2,5430,2636,2794,0,0,0,1.0,1,1.0,1,1.0,1,0.19918136359000746,46
3289,4,5434,2639,2795,0,0,0,1.0,1,1.0,1,1.0,1,0.23274327382923995,48
3290,2,5436,2640,2796,0,0,0,1.0,1,1.0,1,1.0,1,0.21602838539711824,48
3291,6,5442,2642,2800,0,0,0,1.0,1,1.0,1,1.0,1,0.19304921885294923,50
3292,1,5443,2643,2800,0,0,0,1.0,1,1.0,1,1.0,1,0.2104844521012133,50
3293,1,5444,2644,2800,0,0,0,1.0,1,1.0,1,1.0,1,0.22798359003189436,51
3294,2,5446,2646,2800,0,0,0,1.0,1,1.0,1,1.0,1,0.24978689498749665,50
3295,3,5449,2647,2802,0,0,0,1.0,1,1.0,1,1.0,1,0.21887919516300147,50
3296,2,5451,2648,2803,0,0,0,1.0,1,1.0,1,1.0,1,0.18518595402876148,50
3297,4,5455,2650,2805,0,0,0,1.0,1,1.0,1,1.0,1,0.19344808351395612,51
3298,3,5458,2651,2807,0,0,0,1.0,1,1.0,1,1.0,1,0.15783127622674226,52
3299,4,5462,2652,2810,0,0,0,1.0,1,1.0,1,1.0,1,0.15386639174060412,53
3300,0,5462,2652,2810,0,0,0,1.0,1,1.0,1,1.0,1,0.15386639174060412,53
3301,3,5465,2653,2812,0,0,0,1.0,1,1.0,1,1.0,1,0.12150030570184643,53
3302,3,5468,2655,2813,0,0,0,1.0,1,1.0,1,1.0,1,0.10141370698232209,53
3303,0,5468,2655,2813,0,0,0,1.0,1,1.0,1,1.0,1,0.0881364745748224,52
3304,3,5471,2658,2813,0,0,0,1.0,1,1.0,1,1.0,1,0.13060913890182377,52
3305,1,5472,2659,2813,0,0,0,1.0,1,1.0,1,1.0,1,0.1720126595053568,51
3306,3,5475,2660,2815,0,0,0,1.0,1,1.0,1,1.0,1,0.1357228598599507,51
3307,0,5475,2660,2815,0,0,0,1.0,1,1.0,1,1.0,1,0.12127513493681794,48
3308,1,5476,2661,2815,0,0,0,1.0,1,1.0,1,1.0,1,0.13150899236950908,48
3309,1,5477,2662,2815,0,0,0,1.0,1,1.0,1,1.0,1,0.15770713040173456,48
3310,1,5478,2662,2816,0,0,0,1.0,1,1.0,1,1.0,1,0.1757736049279503,47
3311,2,5480,2664,2816,0,0,0,1.0,1,1.0,1,1.0,1,0.20377291882217655,49
3312,2,5482,2665,2817,0,0,0,1.0,1,1.0,1,1.0,1,0.21812468377781197,48
3313,3,5485,2668,2817,0,0,0,1.0,1,1.0,1,1.0,1,0.26274318140506764,49
3314,2,5487,2669,2818,0,0,0,1.0,1,1.0,1,1.0,1,0.29532616514342214,47
3315,1,5488,2670,2818,0,0,0,1.0,1,1.0,1,1.0,1,0.3188497261298381,47
3316,0,5488,2670,2818,0,0,0,1.0,1,1.0,1,1.0,1,0.3188497261298381,47
3317,0,5488,2670,2818,0,0,0,1.0,1,1.0,1,1.0,1,0.26809153135344144,46
3318,2,5490,2671,2819,0,0,0,1.0,1,1.0,1,1.0,1,0.24730361865281908,45
3319,1,5491,2671,2820,0,0,0,1.0,1,1.0,1,1.0,1,0.2051051741511302,44
3320,1,5492,2672,2820,0,0,0,1.0,1,1.0,1,1.0,1,0.22697623283428225,43
3321,4,5496,2674,2822,0,0,0,1.0,1,1.0,1,1.0,1,0.19005883194643083,43
3322,2,5498,2676,2822,0,0,0,1.0,1,1.0,1,1.0,1,0.23474348251965457,40
3323,4,5502,2678,2824,0,0,0,1.0,1,1.0,1,1.0,1,0.20874048979468304,40
3324,2,5504,2679,2825,0,0,0,1.0,1,1.0,1,1.0,1,0.1667138934300813,40
3325,2,5506,2681,2825,0,0,0,1.0,1,1.0,1,1.0,1,0.20941765470168727,40
3326,2,5508,2682,2826,0,0,0,1.0,1,1.0,1,1.0,1,0.20438059127458666,41
3327,0,5508,2682,2826,0,0,0,1.0,1,1.0,1,1.0,1,0.2054208705075771,39
3328,3,5511,2685,2826,0,0,0,1.0,1,1.0,1,1.0,1,0.24098802937236796,41
3329,1,5512,2686,2826,0,0,0,1.0,1,1.0,1,1.0,1,0.23795879074063778,39
3330,2,5514,2688,2826,0,0,0,1.0,1,1.0,1,1.0,1,0.2982935984554301,40
3331,2,5516,2688,2828,0,0,0,1.0,1,1.0,1,1.0,1,0.264732116227119,38
3332,0,5516,2688,2828,0,0,0,1.0,1,1.0,1,1.0,1,0.30863667028748676,38
3333,1,5517,2688,2829,0,0,0,1.0,1,1.0,1,1.0,1,0.2665083236974413,38
3334,0,5517,2688,2829,0,0,0,1.0,1,1.0,1,1.0,1,0.29471108104338617,40
3335,0,5517,2688,2829,0,0,0,1.0,1,1.0,1,1.0,1,0.29471108104338617,40
3336,0,5517,2688,2829,0,0,0,1.0,1,1.0,1,1.0,1,0.30364484405577263,39
3337,1,5518,2688,2830,0,0,0,1.0,1,1.0,1,1.0,1,0.27703916008324525,40
3338,5,5523,2691,2832,0,0,0,1.0,1,1.0,1,1.0,1,0.23061047607169485,41
3339,2,5525,2692,2833,0,0,0,1.0,1,1.0,1,1.0,1,0.24396065060214264,42
3340,3,5528,2694,2834,0,0,0,1.0,1,1.0,1,1.0,1,0.25276732986421274,43
3341,1,5529,2694,2835,0,0,0,1.0,1,1.0,1,1.0,1,0.22365409763504437,43
3342,2,5531,2695,2836,0,0,0,1.0,1,1.0,1,1.0,1,0.24766001840953775,44
3343,2,5533,2697,2836,0,0,0,1.0,1,1.0,1,1.0,1,0.2555829600527462,44
3344,1,5534,2698,2836,0,0,0,1.0,1,1.0,1,1.0,1,0.3026128868727258,44
3345,0,5534,2698,2836,0,0,0,1.0,1,1.0,1,1.0,1,0.3129400415085898,43
3346,0,5534,2698,2836,0,0,0,1.0,1,1.0,1,1.0,1,0.33428219656306485,42
3347,0,5534,2698,2836,0,0,0,1.0,1,1.0,1,1.0,1,0.31535692321305486,44
3348,0,5534,2698,2836,0,0,0,1.0,1,1.0,1,1.0,1,0.32616120833583884,45
3349,2,5536,2700,2836,0,0,0,1.0,1,1.0,1,1.0,1,0.3043447121149062,45
3350,0,5536,2700,2836,0,0,0,1.0,1,1.0,1,1.0,1,0.2868624216359321,46
3351,3,5539,2700,2839,0,0,0,1.0,1,1.0,1,1.0,1,0.22564406665087539,47
3352,0,5539,2700,2839,0,0,0,1.0,1,1.0,1,1.0,1,0.22564406665087539,47
3353,0,5539,2700,2839,0,0,0,1.0,1,1.0,1,1.0,1,0.2382342870969675,48
3354,5,5544,2702,2842,0,0,0,1.0,1,1.0,1,1.0,1,0.23547560575828597,48
3355,2,5546,2704,2842,0,0,0,1.0,1,1.0,1,1.0,1,0.24094874940985012,48
3356,3,5549,2706,2843,0,0,0,1.0,1,1.0,1,1.0,1,0.23766128659274716,48
3357,2,5551,2707,2844,0,0,0,1.0,1,1.0,1,1.0,1,0.23062535181697857,47
3358,0,5551,2707,2844,0,0,0,1.0,1,1.0,1,1.0,1,0.255723273317109,46
3359,3,5554,2709,2845,0,0,0,1.0,1,1.0,1,1.0,1,0.27775213893772177,45
3360,0,5554,2709,2845,0,0,0,1.0,1,1.0,1,1.0,1,0.26734004705245323,44
3361,1,5555,2709,2846,0,0,0,1.0,1,1.0,1,1.0,1,0.22962558481179826,43
3362,2,5557,2710,2847,0,0,0,1.0,1,1.0,1,1.0,1,0.251006624710176,42
3363,1,5558,2711,2847,0,0,0,1.0,1,1.0,1,1.0,1,0.28170644625067276,41
3364,0,5558,2711,2847,0,0,0,1.0,1,1.0,1,1.0,1,0.3140337326391817,41
3365,0,5558,2711,2847,0,0,0,1.0,1,1.0,1,1.0,1,0.34672231356572275,41
3366,2,5560,2711,2849,0,0,0,1.0,1,1.0,1,1.0,1,0.3181501552135344,40
3367,2,5562,2711,2851,0,0,0,1.0,1,1.0,1,1.0,1,0.2791172988151844,39
3368,2,5564,2713,2851,0,0,0,1.0,1,1.0,1,1.0,1,0.23308884815931977,39
3369,0,5564,2713,2851,0,0,0,1.0,1,1.0,1,1.0,1,0.23492142006182157,40
3370,4,5568,2716,2852,0,0,0,1.0,1,1.0,1,1.0,1,0.22653257347099542,41
3371,2,5570,2717,2853,0,0,0,1.0,1,1.0,1,1.0,1,0.2073514197548999,41
3372,3,5573,2719,2854,0,0,0,1.0,1,1.0,1,1.0,1,0.20508944492286418,40
3373,0,5573,2719,2854,0,0,0,1.0,1,1.0,1,1.0,1,0.21728767453661957,41
3374,3,5576,2721,2855,0,0,0,1.0,1,1.0,1,1.0,1,0.1826536863599912,42
3375,3,5579,2721,2858,0,0,0,1.0,1,1.0,1,1.0,1,0.17085974066093398,44
3376,0,5579,2721,2858,0,0,0,1.0,1,1.0,1,1.0,1,0.16985820215138808,46
3377,3,5582,2721,2861,0,0,0,1.0,1,1.0,1,1.0,1,0.1179760481556795,47
3378,1,5583,2722,2861,0,0,0,1.0,1,1.0,1,1.0,1,0.15550897676778544,48
3379,1,5584,2722,2862,0,0,0,1.0,1,1.0,1,1.0,1,0.15375699445414123,48
3380,2,5586,2723,2863,0,0,0,1.0,1,1.0,1,1.0,1,0.144847695462194,48
3381,0,5586,2723,2863,0,0,0,1.0,1,1.0,1,1.0,1,0.144847695462194,48
3382,3,5589,2726,2863,0,0,0,1.0,1,1.0,1,1.0,1,0.23217600256318388,49
3383,0,5589,2726,2863,0,0,0,1.0,1,1.0,1,1.0,1,0.21077035768288208,47
3384,4,5593,2727,2866,0,0,0,1.0,1,1.0,1,1.0,1,0.21065592942980235,48
3385,0,5593,2727,2866,0,0,0,1.0,1,1.0,1,1.0,1,0.1762627760835523,47
3386,1,5594,2728,2866,0,0,0,1.0,1,1.0,1,1.0,1,0.24048639787489734,49
3387,0,5594,2728,2866,0,0,0,1.0,1,1.0,1,1.0,1,0.2319030251743351,48
3388,0,5594,2728,2866,0,0,0,1.0,1,1.0,1,1.0,1,0.2319030251743351,48
3389,1,5595,2728,2867,0,0,0,1.0,1,1.0,1,1.0,1,0.23187725707371992,50
3390,0,5595,2728,2867,0,0,0,1.0,1,1.0,1,1.0,1,0.21265881455225819,51
3391,1,5596,2728,2868,0,0,0,1.0,1,1.0,1,1.0,1,0.20781536205377557,51
3392,0,5596,2728,2868,0,0,0,1.0,1,1.0,1,1.0,1,0.23212274804237526,52
3393,1,5597,2728,2869,0,0,0,1.0,1,1.0,1,1.0,1,0.1883824775565169,52
3394,2,5599,2728,2871,0,0,0,1.0,1,1.0,1,1.0,1,0.15688569555562837,52
3395,0,5599,2728,2871,0,0,0,1.0,1,1.0,1,1.0,1,0.16077277467395026,50
3396,0,5599,2728,2871,0,0,0,1.0,1,1.0,1,1.0,1,0.1782399362691045,49
3397,1,5600,2729,2871,0,0,0,1.0,1,1.0,1,1.0,1,0.21414091205574926,49
3398,0,5600,2729,2871,0,0,0,1.0,1,1.0,1,1.0,1,0.2305929261260895,48
3399,2,5602,2730,2872,0,0,0,1.0,1,1.0,1,1.0,1,0.2312476787863869,49
3400,1,5603,2731,2872,0,0,0,1.0,1,1.0,1,1.0,1,0.23391601122537845,50
3401,4,5607,2731,2876,0,0,0,1.0,1,1.0,1,1.0,1,0.14053988221707267,51
3402,1,5608,2732,2876,0,0,0,1.0,1,1.0,1,1.0,1,0.16327053122531412,51
3403,2,5610,2734,2876,0,0,0,1.0,1,1.0,1,1.0,1,0.1847765543290482,51
3404,1,5611,2735,2876,0,0,0,1.0,1,1.0,1,1.0,1,0.19948468045156723,51
3405,1,5612,2736,2876,0,0,0,1.0,1,1.0,1,1.0,1,0.23542068472887265,51
3406,0,5612,2736,2876,0,0,0,1.0,1,1.0,1,1.0,1,0.24406592635118904,51
3407,2,5614,2737,2877,0,0,0,1.0,1,1.0,1,1.0,1,0.23756127120128834,52
3408,3,5617,2737,2880,0,0,0,1.0,1,1.0,1,1.0,1,0.225854013335817,53
3409,1,5618,2737,2881,0,0,0,1.0,1,1.0,1,1.0,1,0.19622129669989022,54
3410,4,5622,2740,2882,0,0,0,1.0,1,1.0,1,1.0,1,0.20955154688997416,54
3411,3,5625,2740,2885,0,0,0,1.0,1,1.0,1,1.0,1,0.1327945952594507,54
3412,1,5626,2740,2886,0,0,0,1.0,1,1.0,1,1.0,1,0.1415500917840595,55
3413,0,5626,2740,2886,0,0,0,1.0,1,1.0,1,1.0,1,0.1415500917840595,55
3414,1,5627,2740,2887,0,0,0,1.0,1,1.0,1,1.0,1,0.14352535888846582,55
3415,2,5629,2741,2888,0,0,0,1.0,1,1.0,1,1.0,1,0.15641703856612918,56
3416,1,5630,2741,2889,0,0,0,1.0,1,1.0,1,1.0,1,0.1571633893071562,55
3417,1,5631,2741,2890,0,0,0,1.0,1,1.0,1,1.0,1,0.16320712516125427,56
3418,2,5633,2743,2890,0,0,0,1.0,1,1.0,1,1.0,1,0.215734436789749,55
3419,7,5640,2745,2895,0,0,0,1.0,1,1.0,1,1.0,1,0.2282184514681705,56
3420,5,5645,2746,2899,0,0,0,1.0,1,1.0,1,1.0,1,0.23816511974014576,55
3421,6,5651,2747,2904,0,0,0,1.0,1,1.0,1,1.0,1,0.19806230334208225,57
3422,1,5652,2748,2904,0,0,0,1.0,1,1.0,1,1.0,1,0.20734821064192602,56
3423,1,5653,2749,2904,0,0,0,1.0,1,1.0,1,1.0,1,0.19787251234396375,56
3424,1,5654,2750,2904,0,0,0,1.0,1,1.0,1,1.0,1,0.21994867466256557,56
3425,1,5655,2751,2904,0,0,0,1.0,1,1.0,1,1.0,1,0.2210858590964376,56
3426,1,5656,2751,2905,0,0,0,1.0,1,1.0,1,1.0,1,0.22500687780226597,55
3427,2,5658,2752,2906,0,0,0,1.0,1,1.0,1,1.0,1,0.2552114115158048,55
3428,3,5661,2754,2907,0,0,0,1.0,1,1.0,1,1.0,1,0.23863227025231148,55
3429,0,5661,2754,2907,0,0,0,1.0,1,1.0,1,1.0,1,0.2530962382134011,54
3430,1,5662,2754,2908,0,0,0,1.0,1,1.0,1,1.0,1,0.2552160293950715,56
3431,8,5670,2754,2916,0,0,0,1.0,1,1.0,1,1.0,1,0.11331960903360078,54
3432,5,5675,2757,2918,0,0,0,1.0,1,1.0,1,1.0,1,0.20262456575433724,56
3433,3,5678,2758,2920,0,0,0,1.0,1,1.0,1,1.0,1,0.19677529067559033,53
3434,3,5681,2758,2923,0,0,0,1.0,1,1.0,1,1.0,1,0.23970656559138553,51
3435,2,5683,2758,2925,0,0,0,1.0,1,1.0,1,1.0,1,0.26138004812590826,51
3436,3,5686,2759,2927,0,0,0,1.0,1,1.0,1,1.0,1,0.24292988745899746,51
3437,10,5696,2761,2935,0,0,0,1.0,1,1.0,1,1.0,1,0.1695579336654388,53
3438,2,5698,2761,2937,0,0,0,1.0,1,1.0,1,1.0,1,0.1875781741038846,52
3439,2,5700,2761,2939,0,0,0,1.0,1,1.0,1,1.0,1,0.17327052379718325,54
3440,3,5703,2762,2941,0,0,0,1.0,1,1.0,1,1.0,1,0.14811033535517895,52
3441,2,5705,2762,2943,0,0,0,1.0,1,1.0,1,1.0,1,0.13404385030030078,53
3442,2,5707,2763,2944,0,0,0,1.0,1,1.0,1,1.0,1,0.1469703560768535,53
3443,1,5708,2763,2945,0,0,0,1.0,1,1.0,1,1.0,1,0.14385916275610194,53
3444,1,5709,2764,2945,0,0,0,1.0,1,1.0,1,1.0,1,0.17086138331237133,52
3445,1,5710,2765,2945,0,0,0,1.0,1,1.0,1,1.0,1,0.18986337907478587,53
3446,2,5712,2766,2946,0,0,0,1.0,1,1.0,1,1.0,1,0.25551306880339864,53
3447,1,5713,2766,2947,0,0,0,1.0,1,1.0,1,1.0,1,0.2255018776942432,53
3448,5,5718,2769,2949,0,0,0,1.0,1,1.0,1,1.0,1,0.2699752147947944,52
3449,3,5721,2772,2949,0,0,0,1.0,1,1.0,1,1.0,1,0.24788919115424413,52
3450,2,5723,2774,2949,0,0,0,1.0,1,1.0,1,1.0,1,0.2469791367725782,52
3451,5,5728,2776,2952,0,0,0,1.0,1,1.0,1,1.0,1,0.19670781746444133,54
3452,0,5728,2776,2952,0,0,0,1.0,1,1.0,1,1.0,1,0.19670781746444133,54
3453,1,5729,2777,2952,0,0,0,1.0,1,1.0,1,1.0,1,0.20552736741808206,54
3454,0,5729,2777,2952,0,0,0,1.0,1,1.0,1,1.0,1,0.19426107512332327,57
3455,0,5729,2777,2952,0,0,0,1.0,1,1.0,1,1.0,1,0.19426107512332327,57
3456,2,5731,2778,2953,0,0,0,1.0,1,1.0,1,1.0,1,0.23112410304744774,58
3457,2,5733,2778,2955,0,0,0,1.0,1,1.0,1,1.0,1,0.1917969361202159,57
3458,0,5733,2778,2955,0,0,0,1.0,1,1.0,1,1.0,1,0.20385575802579636,57
3459,1,5734,2778,2956,0,0,0,1.0,1,1.0,1,1.0,1,0.17659723480562797,57
3460,0,5734,2778,2956,0,0,0,1.0,1,1.0,1,1.0,1,0.17236042272196997,58
3461,3,5737,2778,2959,0,0,0,1.0,1,1.0,1,1.0,1,0.16658938287194183,59
3462,2,5739,2779,2960,0,0,0,1.0,1,1.0,1,1.0,1,0.1539964721673985,59
3463,2,5741,2781,2960,0,0,0,1.0,1,1.0,1,1.0,1,0.17020959824523382,59
3464,2,5743,2783,2960,0,0,0,1.0,1,1.0,1,1.0,1,0.22287224011996173,59
3465,2,5745,2784,2961,0,0,0,1.0,1,1.0,1,1.0,1,0.21979841015777915,57
3466,1,5746,2785,2961,0,0,0,1.0,1,1.0,1,1.0,1,0.24713783004796464,57
3467,1,5747,2785,2962,0,0,0,1.0,1,1.0,1,1.0,1,0.22000970593715433,57
3468,3,5750,2788,2962,0,0,0,1.0,1,1.0,1,1.0,1,0.2597367819056137,57
3469,2,5752,2790,2962,0,0,0,1.0,1,1.0,1,1.0,1,0.28072048996712284,53
3470,3,5755,2793,2962,0,0,0,1.0,1,1.0,1,1.0,1,0.2969854219001257,50
3471,6,5761,2794,2967,0,0,0,1.0,1,1.0,1,1.0,1,0.20057520886601976,49
3472,2,5763,2795,2968,0,0,0,1.0,1,1.0,1,1.0,1,0.2577684851858476,47
3473,5,5768,2797,2971,0,0,0,1.0,1,1.0,1,1.0,1,0.2763703707179342,45
3474,0,5768,2797,2971,0,0,0,1.0,1,1.0,1,1.0,1,0.32160826842861556,42
3475,4,5772,2799,2973,0,0,0,1.0,1,1.0,1,1.0,1,0.32373633160107146,43
3476,5,5777,2800,2977,0,0,0,1.0,1,1.0,1,1.0,1,0.31217257951691607,41
3477,6,5783,2805,2978,0,0,0,1.0,1,1.0,1,1.0,1,0.25690927526963675,42
3478,2,5785,2807,2978,0,0,0,1.0,1,1.0,1,1.0,1,0.2908652080259074,40
3479,1,5786,2808,2978,0,0,0,1.0,1,1.0,1,1.0,1,0.2763222144813136,40
3480,2,5788,2809,2979,0,0,0,1.0,1,1.0,1,1.0,1,0.251545723636429,40
3481,3,5791,2809,2982,0,0,0,1.0,1,1.0,1,1.0,1,0.1715526598138026,40
3482,0,5791,2809,2982,0,0,0,1.0,1,1.0,1,1.0,1,0.1715526598138026,40
3483,1,5792,2810,2982,0,0,0,1.0,1,1.0,1,1.0,1,0.18790837330731705,39
3484,0,5792,2810,2982,0,0,0,1.0,1,1.0,1,1.0,1,0.18790837330731705,39
3485,2,5794,2812,2982,0,0,0,1.0,1,1.0,1,1.0,1,0.2428935679601257,40
3486,4,5798,2813,2985,0,0,0,1.0,1,1.0,1,1.0,1,0.23833550146149204,41
3487,2,5800,2813,2987,0,0,0,1.0,1,1.0,1,1.0,1,0.2560855901385938,41
3488,3,5803,2814,2989,0,0,0,1.0,1,1.0,1,1.0,1,0.21541458317446135,42
3489,1,5804,2815,2989,0,0,0,1.0,1,1.0,1,1.0,1,0.20586208059523964,44
3490,0,5804,2815,2989,0,0,0,1.0,1,1.0,1,1.0,1,0.20586208059523964,44
3491,2,5806,2815,2991,0,0,0,1.0,1,1.0,1,1.0,1,0.21087437651470856,45
3492,2,5808,2816,2992,0,0,0,1.0,1,1.0,1,1.0,1,0.1971228269578736,45
3493,2,5810,2817,2993,0,0,0,1.0,1,1.0,1,1.0,1,0.18969182771386192,45
3494,1,5811,2817,2994,0,0,0,1.0,1,1.0,1,1.0,1,0.17337657179817745,45
3495,0,5811,2817,2994,0,0,0,1.0,1,1.0,1,1.0,1,0.17337657179817745,45
3496,1,5812,2818,2994,0,0,0,1.0,1,1.0,1,1.0,1,0.22780554797415256,46
3497,2,5814,2819,2995,0,0,0,1.0,1,1.0,1,1.0,1,0.24247675173178024,47
3498,2,5816,2820,2996,0,0,0,1.0,1,1.0,1,1.0,1,0.268310684085283,48
3499,0,5816,2820,2996,0,0,0,1.0,1,1.0,1,1.0,1,0.2900275287921277,47
3500,3,5819,2820,2999,0,0,0,1.0,1,1.0,1,1.0,1,0.24462549627295507,50
3501,2,5821,2821,3000,0,0,0,1.0,1,1.0,1,1.0,1,0.23533949429043427,50
3502,0,5821,2821,3000,0,0,0,1.0,1,1.0,1,1.0,1,0.23533949429043427,50
3503,2,5823,2823,3000,0,0,0,1.0,1,1.0,1,1.0,1,0.27456237937729805,50
3504,2,5825,2825,3000,0,0,0,1.0,1,1.0,1,1.0,1,0.339575193952977,47
3505,3,5828,2826,3002,0,0,0,1.0,1,1.0,1,1.0,1,0.34085699625666943,48
3506,3,5831,2828,3003,0,0,0,1.0,1,1.0,1,1.0,1,0.37860236528844277,49
3507,0,5831,2828,3003,0,0,0,1.0,1,1.0,1,1.0,1,0.34555524840686164,46
3508,1,5832,2828,3004,0,0,0,1.0,1,1.0,1,1.0,1,0.34588388944232396,47
3509,0,5832,2828,3004,0,0,0,1.0,1,1.0,1,1.0,1,0.34436801673031814,44
3510,1,5833,2829,3004,0,0,0,1.0,1,1.0,1,1.0,1,0.39233340057922533,45
3511,4,5837,2832,3005,0,0,0,1.0,1,1.0,1,1.0,1,0.3231611679233186,44
3512,0,5837,2832,3005,0,0,0,1.0,1,1.0,1,1.0,1,0.32033057710479995,42
3513,0,5837,2832,3005,0,0,0,1.0,1,1.0,1,1.0,1,0.32033057710479995,42
3514,0,5837,2832,3005,0,0,0,1.0,1,1.0,1,1.0,1,0.3245834609211692,42
3515,4,5841,2834,3007,0,0,0,1.0,1,1.0,1,1.0,1,0.34332921849852494,42
3516,1,5842,2834,3008,0,0,0,1.0,1,1.0,1,1.0,1,0.2956356347703676,41
3517,1,5843,2835,3008,0,0,0,1.0,1,1.0,1,1.0,1,0.29740298989668773,44
3518,2,5845,2836,3009,0,0,0,1.0,1,1.0,1,1.0,1,0.32023208966771977,43
3519,1,5846,2836,3010,0,0,0,1.0,1,1.0,1,1.0,1,0.33421865867839984,44
3520,0,5846,2836,3010,0,0,0,1.0,1,1.0,1,1.0,1,0.3423757226312262,45
3521,8,5854,2836,3018,0,0,0,1.0,1,1.0,1,1.0,1,0.2565578855443783,45
3522,1,5855,2836,3019,0,0,0,1.0,1,1.0,1,1.0,1,0.25493631990880644,46
3523,2,5857,2836,3021,0,0,0,1.0,1,1.0,1,1.0,1,0.25493631990880644,46
3524,3,5860,2836,3024,0,0,0,1.0,1,1.0,1,1.0,1,0.22912147500174965,47
3525,3,5863,2836,3027,0,0,0,1.0,1,1.0,1,1.0,1,0.2728408215202761,48
3526,6,5869,2836,3033,0,0,0,1.0,1,1.0,1,1.0,1,0.25900566726375435,49
3527,5,5874,2838,3036,0,0,0,1.0,1,1.0,1,1.0,1,0.29904425893700126,49
3528,5,5879,2838,3041,0,0,0,1.0,1,1.0,1,1.0,1,0.2972507316599769,51
3529,3,5882,2838,3044,0,0,0,1.0,1,1.0,1,1.0,1,0.2803495237723122,51
3530,1,5883,2839,3044,0,0,0,1.0,1,1.0,1,1.0,1,0.2978479540548931,52
3531,5,5888,2840,3048,0,0,0,1.0,1,1.0,1,1.0,1,0.2713083206647721,52
3532,1,5889,2840,3049,0,0,0,1.0,1,1.0,1,1.0,1,0.2578128306221763,52
3533,0,5889,2840,3049,0,0,0,1.0,1,1.0,1,1.0,1,0.2578128306221763,52
3534,0,5889,2840,3049,0,0,0,1.0,1,1.0,1,1.0,1,0.2578128306221763,52
3535,0,5889,2840,3049,0,0,0,1.0,1,1.0,1,1.0,1,0.2578128306221763,52
3536,2,5891,2840,3051,0,0,0,1.0,1,1.0,1,1.0,1,0.2463376214039632,54
3537,1,5892,2840,3052,0,0,0,1.0,1,1.0,1,1.0,1,0.23799283043962707,55
3538,0,5892,2840,3052,0,0,0,1.0,1,1.0,1,1.0,1,0.23799283043962707,55
3539,0,5892,2840,3052,0,0,0,1.0,1,1.0,1,1.0,1,0.22402670404247613,58
3540,0,5892,2840,3052,0,0,0,1.0,1,1.0,1,1.0,1,0.23449056671590082,59
3541,0,5892,2840,3052,0,0,0,1.0,1,1.0,1,1.0,1,0.23449056671590082,59
3542,1,5893,2840,3053,0,0,0,1.0,1,1.0,1,1.0,1,0.23421985356806507,61
3543,6,5899,2842,3057,0,0,0,1.0,1,1.0,1,1.0,1,0.22023171786207782,62
3544,4,5903,2845,3058,0,0,0,1.0,1,1.0,1,1.0,1,0.2099963655765761,59
3545,2,5905,2846,3059,0,0,0,1.0,1,1.0,1,1.0,1,0.21701631154861362,59
3546,3,5908,2848,3060,0,0,0,1.0,1,1.0,1,1.0,1,0.23950708567794507,57
3547,1,5909,2849,3060,0,0,0,1.0,1,1.0,1,1.0,1,0.23246292285100228,53
3548,2,5911,2850,3061,0,0,0,1.0,1,1.0,1,1.0,1,0.235621865735781,53
3549,1,5912,2851,3061,0,0,0,1.0,1,1.0,1,1.0,1,0.22595110243078778,52
3550,2,5914,2852,3062,0,0,0,1.0,1,1.0,1,1.0,1,0.22992631538744127,51
3551,2,5916,2853,3063,0,0,0,1.0,1,1.0,1,1.0,1,0.2227815098816842,51
3552,3,5919,2854,3065,0,0,0,1.0,1,1.0,1,1.0,1,0.2220528858053515,51
3553,0,5919,2854,3065,0,0,0,1.0,1,1.0,1,1.0,1,0.23303421877582756,49
3554,2,5921,2854,3067,0,0,0,1.0,1,1.0,1,1.0,1,0.2081611147948662,49
3555,1,5922,2854,3068,0,0,0,1.0,1,1.0,1,1.0,1,0.2094339717461751,51
3556,0,5922,2854,3068,0,0,0,1.0,1,1.0,1,1.0,1,0.2094339717461751,51
3557,1,5923,2855,3068,0,0,0,1.0,1,1.0,1,1.0,1,0.21075810074371745,52
3558,2,5925,2856,3069,0,0,0,1.0,1,1.0,1,1.0,1,0.22391999456620656,52
3559,2,5927,2857,3070,0,0,0,1.0,1,1.0,1,1.0,1,0.21657294384026193,52
3560,0,5927,2857,3070,0,0,0,1.0,1,1.0,1,1.0,1,0.20373021520499662,53
3561,3,5930,2858,3072,0,0,0,1.0,1,1.0,1,1.0,1,0.1729714078531763,54
3562,3,5933,2860,3073,0,0,0,1.0,1,1.0,1,1.0,1,0.18357164934981313,54
3563,3,5936,2861,3075,0,0,0,1.0,1,1.0,1,1.0,1,0.20863867558050217,55
3564,2,5938,2861,3077,0,0,0,1.0,1,1.0,1,1.0,1,0.17591990935792368,57
3565,0,5938,2861,3077,0,0,0,1.0,1,1.0,1,1.0,1,0.1830755348993986,56
3566,1,5939,2862,3077,0,0,0,1.0,1,1.0,1,1.0,1,0.21545050715424907,57
3567,1,5940,2863,3077,0,0,0,1.0,1,1.0,1,1.0,1,0.22664407135509612,57
3568,1,5941,2864,3077,0,0,0,1.0,1,1.0,1,1.0,1,0.24206498243234567,57
3569,1,5942,2864,3078,0,0,0,1.0,1,1.0,1,1.0,1,0.22689972284061063,57
3570,4,5946,2865,3081,0,0,0,1.0,1,1.0,1,1.0,1,0.23427865514821977,59
3571,4,5950,2866,3084,0,0,0,1.0,1,1.0,1,1.0,1,0.17616053982837002,60
3572,0,5950,2866,3084,0,0,0,1.0,1,1.0,1,1.0,1,0.1693092891776475,61
3573,0,5950,2866,3084,0,0,0,1.0,1,1.0,1,1.0,1,0.17765075421293708,62
3574,0,5950,2866,3084,0,0,0,1.0,1,1.0,1,1.0,1,0.18289409726747413,63
3575,0,5950,2866,3084,0,0,0,1.0,1,1.0,1,1.0,1,0.18289409726747413,63
3576,3,5953,2868,3085,0,0,0,1.0,1,1.0,1,1.0,1,0.19893168824063132,63
3577,0,5953,2868,3085,0,0,0,1.0,1,1.0,1,1.0,1,0.20279450990744893,64
3578,1,5954,2869,3085,0,0,0,1.0,1,1.0,1,1.0,1,0.20731653666549657,64
3579,0,5954,2869,3085,0,0,0,1.0,1,1.0,1,1.0,1,0.20731653666549657,64
3580,1,5955,2869,3086,0,0,0,1.0,1,1.0,1,1.0,1,0.20183523308986084,65
3581,2,5957,2869,3088,0,0,0,1.0,1,1.0,1,1.0,1,0.2067139888851491,68
3582,4,5961,2871,3090,0,0,0,1.0,1,1.0,1,1.0,1,0.18830156686934305,68
3583,2,5963,2873,3090,0,0,0,1.0,1,1.0,1,1.0,1,0.1907186530307688,65
3584,4,5967,2876,3091,0,0,0,1.0,1,1.0,1,1.0,1,0.22144613372140146,64
3585,3,5970,2878,3092,0,0,0,1.0,1,1.0,1,1.0,1,0.2108174314368526,64
3586,8,5978,2882,3096,0,0,0,1.0,1,1.0,1,1.0,1,0.19358155559132897,65
3587,3,5981,2883,3098,0,0,0,1.0,1,1.0,1,1.0,1,0.16436325645063385,64
3588,4,5985,2885,3100,0,0,0,1.0,1,1.0,1,1.0,1,0.1505049002025723,62
3589,3,5988,2888,3100,0,0,0,1.0,1,1.0,1,1.0,1,0.1776513483722439,63
3590,2,5990,2889,3101,0,0,0,1.0,1,1.0,1,1.0,1,0.178016531386103,63
3591,3,5993,2890,3103,0,0,0,1.0,1,1.0,1,1.0,1,0.1618085427533889,62
3592,0,5993,2890,3103,0,0,0,1.0,1,1.0,1,1.0,1,0.14785265178503518,59
3593,2,5995,2891,3104,0,0,0,1.0,1,1.0,1,1.0,1,0.11700493817195493,58
3594,0,5995,2891,3104,0,0,0,1.0,1,1.0,1,1.0,1,0.15609764308114693,57
3595,2,5997,2892,3105,0,0,0,1.0,1,1.0,1,1.0,1,0.15175027296696236,59
3596,3,6000,2894,3106,0,0,0,1.0,1,1.0,1,1.0,1,0.11066689845854742,57
3597,3,6003,2897,3106,0,0,0,1.0,1,1.0,1,1.0,1,0.143109199559968,57
3598,0,6003,2897,3106,0,0,0,1.0,1,1.0,1,1.0,1,0.143109199559968,57
3599,2,6005,2899,3106,0,0,0,1.0,1,1.0,1,1.0,1,0.14679436935671528,58
3600,0,6005,2899,3106,0,0,0,1.0,1,1.0,1,1.0,1,0.1456569531268258,58
3601,3,6008,2900,3108,0,0,0,1.0,1,1.0,1,1.0,1,0.14075406792881182,58
3602,2,6010,2901,3109,0,0,0,1.0,1,1.0,1,1.0,1,0.10400667058886076,60
3603,1,6011,2902,3109,0,0,0,1.0,1,1.0,1,1.0,1,0.1278853106880673,60
3604,0,6011,2902,3109,0,0,0,1.0,1,1.0,1,1.0,1,0.1278853106880673,60
3605,2,6013,2903,3110,0,0,0,1.0,1,1.0,1,1.0,1,0.16347825806013216,61
3606,5,6018,2905,3113,0,0,0,1.0,1,1.0,1,1.0,1,0.1705912130338337,63
3607,2,6020,2906,3114,0,0,0,1.0,1,1.0,1,1.0,1,0.19879578861152725,63
3608,2,6022,2907,3115,0,0,0,1.0,1,1.0,1,1.0,1,0.18716858794676824,64
3609,3,6025,2907,3118,0,0,0,1.0,1,1.0,1,1.0,1,0.16171973345952148,66
3610,2,6027,2909,3118,0,0,0,1.0,1,1.0,1,1.0,1,0.1722075047499749,67
3611,4,6031,2911,3120,0,0,0,1.0,1,1.0,1,1.0,1,0.17662137535398237,67
3612,1,6032,2912,3120,0,0,0,1.0,1,1.0,1,1.0,1,0.16580574989376964,66
3613,1,6033,2913,3120,0,0,0,1.0,1,1.0,1,1.0,1,0.18723314051180642,66
3614,2,6035,2915,3120,0,0,0,1.0,1,1.0,1,1.0,1,0.18715799527276594,65
3615,1,6036,2915,3121,0,0,0,1.0,1,1.0,1,1.0,1,0.1534902054782188,65
3616,1,6037,2916,3121,0,0,0,1.0,1,1.0,1,1.0,1,0.14643614599804103,65
3617,1,6038,2917,3121,0,0,0,1.0,1,1.0,1,1.0,1,0.14786847961180732,66
3618,0,6038,2917,3121,0,0,0,1.0,1,1.0,1,1.0,1,0.14786847961180732,66
3619,2,6040,2919,3121,0,0,0,1.0,1,1.0,1,1.0,1,0.1694988104149982,65
3620,1,6041,2919,3122,0,0,0,1.0,1,1.0,1,1.0,1,0.15812380316177918,66
3621,2,6043,2919,3124,0,0,0,1.0,1,1.0,1,1.0,1,0.12306860536731978,65
3622,3,6046,2920,3126,0,0,0,1.0,1,1.0,1,1.0,1,0.09850405088048486,65
3623,0,6046,2920,3126,0,0,0,1.0,1,1.0,1,1.0,1,0.11029817751203949,62
3624,3,6049,2923,3126,0,0,0,1.0,1,1.0,1,1.0,1,0.13835792866034172,62
3625,4,6053,2926,3127,0,0,0,1.0,1,1.0,1,1.0,1,0.15444379900470093,61
3626,3,6056,2929,3127,0,0,0,1.0,1,1.0,1,1.0,1,0.20339840507139548,58
3627,4,6060,2931,3129,0,0,0,1.0,1,1.0,1,1.0,1,0.20525921546731102,58
3628,4,6064,2934,3130,0,0,0,1.0,1,1.0,1,1.0,1,0.1797762101068642,57
3629,0,6064,2934,3130,0,0,0,1.0,1,1.0,1,1.0,1,0.19025953029337409,57
3630,3,6067,2937,3130,0,0,0,1.0,1,1.0,1,1.0,1,0.24894308345624427,56
3631,10,6077,2941,3136,0,0,0,1.0,1,1.0,1,1.0,1,0.20541680810356203,54
3632,2,6079,2941,3138,0,0,0,1.0,1,1.0,1,1.0,1,0.20676735702569665,52
3633,7,6086,2946,3140,0,0,0,1.0,1,1.0,1,1.0,1,0.28402323214504877,52
3634,5,6091,2947,3144,0,0,0,1.0,1,1.0,1,1.0,1,0.2778930502096645,49
3635,2,6093,2948,3145,0,0,0,1.0,1,1.0,1,1.0,1,0.312539433988707,47
3636,5,6098,2949,3149,0,0,0,1.0,1,1.0,1,1.0,1,0.29961552485274506,48
3637,5,6103,2949,3154,0,0,0,1.0,1,1.0,1,1.0,1,0.2554701420810078,49
3638,3,6106,2949,3157,0,0,0,1.0,1,1.0,1,1.0,1,0.2458762934299682,50
3639,4,6110,2950,3160,0,0,0,1.0,1,1.0,1,1.0,1,0.24158305747467684,52
3640,0,6110,2950,3160,0,0,0,1.0,1,1.0,1,1.0,1,0.24158305747467684,52
3641,5,6115,2950,3165,0,0,0,1.0,1,1.0,1,1.0,1,0.17758933115179273,52
3642,0,6115,2950,3165,0,0,0,1.0,1,1.0,1,1.0,1,0.17758933115179273,52
3643,0,6115,2950,3165,0,0,0,1.0,1,1.0,1,1.0,1,0.17758933115179273,52
3644,1,6116,2951,3165,0,0,0,1.0,1,1.0,1,1.0,1,0.1749768060273156,52
3645,1,6117,2952,3165,0,0,0,1.0,1,1.0,1,1.0,1,0.1954557769029648,53
3646,0,6117,2952,3165,0,0,0,1.0,1,1.0,1,1.0,1,0.1954557769029648,53
3647,1,6118,2952,3166,0,0,0,1.0,1,1.0,1,1.0,1,0.20812288928459238,55
3648,4,6122,2952,3170,0,0,0,1.0,1,1.0,1,1.0,1,0.158395932862995,57
3649,0,6122,2952,3170,0,0,0,1.0,1,1.0,1,1.0,1,0.158395932862995,57
3650,0,6122,2952,3170,0,0,0,1.0,1,1.0,1,1.0,1,0.16059460280349436,59
3651,2,6124,2953,3171,0,0,0,1.0,1,1.0,1,1.0,1,0.14806762815636704,59
3652,0,6124,2953,3171,0,0,0,1.0,1,1.0,1,1.0,1,0.14806762815636704,59
3653,0,6124,2953,3171,0,0,0,1.0,1,1.0,1,1.0,1,0.14806762815636704,59
3654,0,6124,2953,3171,0,0,0,1.0,1,1.0,1,1.0,1,0.14806762815636704,59
3655,0,6124,2953,3171,0,0,0,1.0,1,1.0,1,1.0,1,0.1532846901560456,62
3656,0,6124,2953,3171,0,0,0,1.0,1,1.0,1,1.0,1,0.1532846901560456,62
3657,1,6125,2953,3172,0,0,0,1.0,1,1.0,1,1.0,1,0.15710586275530966,63
3658,4,6129,2954,3175,0,0,0,1.0,1,1.0,1,1.0,1,0.15613878887743438,63
3659,1,6130,2955,3175,0,0,0,1.0,1,1.0,1,1.0,1,0.16167064773607395,62
3660,3,6133,2958,3175,0,0,0,1.0,1,1.0,1,1.0,1,0.2002870177166272,62
3661,3,6136,2958,3178,0,0,0,1.0,1,1.0,1,1.0,1,0.11397681595691102,61
3662,3,6139,2961,3178,0,0,0,1.0,1,1.0,1,1.0,1,0.18342304256539105,60
3663,1,6140,2961,3179,0,0,0,1.0,1,1.0,1,1.0,1,0.17728362111741677,61
3664,0,6140,2961,3179,0,0,0,1.0,1,1.0,1,1.0,1,0.15869580631857386,58
3665,1,6141,2962,3179,0,0,0,1.0,1,1.0,1,1.0,1,0.15746011142585062,58
3666,2,6143,2963,3180,0,0,0,1.0,1,1.0,1,1.0,1,0.1538485563610511,58
3667,4,6147,2966,3181,0,0,0,1.0,1,1.0,1,1.0,1,0.1987640577702482,58
3668,0,6147,2966,3181,0,0,0,1.0,1,1.0,1,1.0,1,0.23400362603444108,58
3669,1,6148,2967,3181,0,0,0,1.0,1,1.0,1,1.0,1,0.2400140200313821,57
3670,1,6149,2968,3181,0,0,0,1.0,1,1.0,1,1.0,1,0.21770360610175057,56
3671,5,6154,2969,3185,0,0,0,1.0,1,1.0,1,1.0,1,0.18976810556843113,57
3672,2,6156,2970,3186,0,0,0,1.0,1,1.0,1,1.0,1,0.2101058196677007,57
3673,0,6156,2970,3186,0,0,0,1.0,1,1.0,1,1.0,1,0.2006810403683501,58
3674,0,6156,2970,3186,0,0,0,1.0,1,1.0,1,1.0,1,0.2097067525081735,57
3675,0,6156,2970,3186,0,0,0,1.0,1,1.0,1,1.0,1,0.21909216580729718,58
3676,0,6156,2970,3186,0,0,0,1.0,1,1.0,1,1.0,1,0.2112315324867016,59
3677,2,6158,2971,3187,0,0,0,1.0,1,1.0,1,1.0,1,0.2161513878823508,60
3678,5,6163,2971,3192,0,0,0,1.0,1,1.0,1,1.0,1,0.1667141976951998,62
3679,1,6164,2971,3193,0,0,0,1.0,1,1.0,1,1.0,1,0.15004684571124063,62
3680,0,6164,2971,3193,0,0,0,1.0,1,1.0,1,1.0,1,0.13322123744043968,63
3681,0,6164,2971,3193,0,0,0,1.0,1,1.0,1,1.0,1,0.13706825701267367,64
3682,0,6164,2971,3193,0,0,0,1.0,1,1.0,1,1.0,1,0.13706825701267367,64
3683,0,6164,2971,3193,0,0,0,1.0,1,1.0,1,1.0,1,0.13706825701267367,64
3684,1,6165,2972,3193,0,0,0,1.0,1,1.0,1,1.0,1,0.15352370211848357,64
3685,0,6165,2972,3193,0,0,0,1.0,1,1.0,1,1.0,1,0.15352370211848357,64
3686,0,6165,2972,3193,0,0,0,1.0,1,1.0,1,1.0,1,0.15408178998173486,65
3687,0,6165,2972,3193,0,0,0,1.0,1,1.0,1,1.0,1,0.15408178998173486,65
3688,0,6165,2972,3193,0,0,0,1.0,1,1.0,1,1.0,1,0.1665955629252202,66
3689,0,6165,2972,3193,0,0,0,1.0,1,1.0,1,1.0,1,0.1665955629252202,66
3690,0,6165,2972,3193,0,0,0,1.0,1,1.0,1,1.0,1,0.17657458019734323,67
3691,1,6166,2973,3193,0,0,0,1.0,1,1.0,1,1.0,1,0.17948037379553772,68
3692,1,6167,2973,3194,0,0,0,1.0,1,1.0,1,1.0,1,0.16330546768973586,69
3693,3,6170,2974,3196,0,0,0,1.0,1,1.0,1,1.0,1,0.13359767039813666,69
3694,1,6171,2975,3196,0,0,0,1.0,1,1.0,1,1.0,1,0.1564751492439085,70
3695,1,6172,2975,3197,0,0,0,1.0,1,1.0,1,1.0,1,0.14812811036483492,70
3696,1,6173,2976,3197,0,0,0,1.0,1,1.0,1,1.0,1,0.14083342386351405,71
3697,3,6176,2979,3197,0,0,0,1.0,1,1.0,1,1.0,1,0.15993023504577672,70
3698,2,6178,2981,3197,0,0,0,1.0,1,1.0,1,1.0,1,0.19656007372620557,70
3699,2,6180,2982,3198,0,0,0,1.0,1,1.0,1,1.0,1,0.1783292074690015,70
3700,3,6183,2985,3198,0,0,0,1.0,1,1.0,1,1.0,1,0.20765827883512894,68
3701,5,6188,2985,3203,0,0,0,1.0,1,1.0,1,1.0,1,0.18236972889937303,69
3702,2,6190,2986,3204,0,0,0,1.0,1,1.0,1,1.0,1,0.17448354372402877,69
3703,1,6191,2986,3205,0,0,0,1.0,1,1.0,1,1.0,1,0.17327777166128006,70
3704,2,6193,2988,3205,0,0,0,1.0,1,1.0,1,1.0,1,0.18662272313964648,69
3705,2,6195,2989,3206,0,0,0,1.0,1,1.0,1,1.0,1,0.21283514064247203,69
3706,2,6197,2990,3207,0,0,0,1.0,1,1.0,1,1.0,1,0.19622460949848708,69
3707,1,6198,2990,3208,0,0,0,1.0,1,1.0,1,1.0,1,0.154209490014277,67
3708,0,6198,2990,3208,0,0,0,1.0,1,1.0,1,1.0,1,0.1414652217475657,67
3709,1,6199,2990,3209,0,0,0,1.0,1,1.0,1,1.0,1,0.1320972699356719,67
3710,0,6199,2990,3209,0,0,0,1.0,1,1.0,1,1.0,1,0.13032462887319354,67
3711,2,6201,2990,3211,0,0,0,1.0,1,1.0,1,1.0,1,0.11363912303983272,68
3712,0,6201,2990,3211,0,0,0,1.0,1,1.0,1,1.0,1,0.11363912303983272,68
3713,2,6203,2992,3211,0,0,0,1.0,1,1.0,1,1.0,1,0.12834931396885546,68
3714,0,6203,2992,3211,0,0,0,1.0,1,1.0,1,1.0,1,0.13913509828121426,67
3715,2,6205,2993,3212,0,0,0,1.0,1,1.0,1,1.0,1,0.1466401000348956,68
3716,0,6205,2993,3212,0,0,0,1.0,1,1.0,1,1.0,1,0.1523640113590643,67
3717,1,6206,2994,3212,0,0,0,1.0,1,1.0,1,1.0,1,0.18874536757746985,68
3718,0,6206,2994,3212,0,0,0,1.0,1,1.0,1,1.0,1,0.20350024296113364,68
3719,1,6207,2995,3212,0,0,0,1.0,1,1.0,1,1.0,1,0.24617300573754433,68
3720,0,6207,2995,3212,0,0,0,1.0,1,1.0,1,1.0,1,0.24617300573754433,68
3721,5,6212,2999,3213,0,0,0,1.0,1,1.0,1,1.0,1,0.20734034489444786,70
3722,0,6212,2999,3213,0,0,0,1.0,1,1.0,1,1.0,1,0.21836526707628967,71
3723,2,6214,3001,3213,0,0,0,1.0,1,1.0,1,1.0,1,0.2293862855472621,71
3724,2,6216,3002,3214,0,0,0,1.0,1,1.0,1,1.0,1,0.2215887587602999,72
3725,4,6220,3004,3216,0,0,0,1.0,1,1.0,1,1.0,1,0.22312737855055717,72
3726,0,6220,3004,3216,0,0,0,1.0,1,1.0,1,1.0,1,0.23080313552217183,71
3727,0,6220,3004,3216,0,0,0,1.0,1,1.0,1,1.0,1,0.23080313552217183,71
3728,0,6220,3004,3216,0,0,0,1.0,1,1.0,1,1.0,1,0.23793919916031653,70
3729,1,6221,3005,3216,0,0,0,1.0,1,1.0,1,1.0,1,0.2456858710493042,70
3730,4,6225,3006,3219,0,0,0,1.0,1,1.0,1,1.0,1,0.24795497985886772,71
3731,8,6233,3006,3227,0,0,0,1.0,1,1.0,1,1.0,1,0.1612567018300626,71
3732,0,6233,3006,3227,0,0,0,1.0,1,1.0,1,1.0,1,0.16591035517585362,72
3733,2,6235,3007,3228,0,0,0,1.0,1,1.0,1,1.0,1,0.18875972146133693,73
3734,6,6241,3009,3232,0,0,0,1.0,1,1.0,1,1.0,1,0.19345384233344026,74
3735,2,6243,3010,3233,0,0,0,1.0,1,1.0,1,1.0,1,0.1731839510976739,72
3736,0,6243,3010,3233,0,0,0,1.0,1,1.0,1,1.0,1,0.15075182186888053,72
3737,1,6244,3010,3234,0,0,0,1.0,1,1.0,1,1.0,1,0.16312866104896326,73
3738,0,6244,3010,3234,0,0,0,1.0,1,1.0,1,1.0,1,0.15207170410846643,72
3739,1,6245,3010,3235,0,0,0,1.0,1,1.0,1,1.0,1,0.15196527428129322,73
3740,2,6247,3010,3237,0,0,0,1.0,1,1.0,1,1.0,1,0.18533892483865505,70
3741,2,6249,3010,3239,0,0,0,1.0,1,1.0,1,1.0,1,0.16500791970272582,70
3742,3,6252,3012,3240,0,0,0,1.0,1,1.0,1,1.0,1,0.1579038421673539,70
3743,1,6253,3012,3241,0,0,0,1.0,1,1.0,1,1.0,1,0.14369893961527191,69
3744,5,6258,3017,3241,0,0,0,1.0,1,1.0,1,1.0,1,0.20211341901746827,69
3745,1,6259,3017,3242,0,0,0,1.0,1,1.0,1,1.0,1,0.16551755518880812,68
3746,0,6259,3017,3242,0,0,0,1.0,1,1.0,1,1.0,1,0.18620027214694732,66
3747,1,6260,3018,3242,0,0,0,1.0,1,1.0,1,1.0,1,0.18941517487569795,66
3748,1,6261,3019,3242,0,0,0,1.0,1,1.0,1,1.0,1,0.17081637378371906,65
3749,1,6262,3020,3242,0,0,0,1.0,1,1.0,1,1.0,1,0.18486820214791316,64
3750,2,6264,3022,3242,0,0,0,1.0,1,1.0,1,1.0,1,0.21081185863217436,63
3751,4,6268,3022,3246,0,0,0,1.0,1,1.0,1,1.0,1,0.1504578819203557,64
3752,2,6270,3024,3246,0,0,0,1.0,1,1.0,1,1.0,1,0.15082187658095983,64
3753,1,6271,3024,3247,0,0,0,1.0,1,1.0,1,1.0,1,0.14334125736857786,65
3754,3,6274,3027,3247,0,0,0,1.0,1,1.0,1,1.0,1,0.1547885455701536,65
3755,6,6280,3029,3251,0,0,0,1.0,1,1.0,1,1.0,1,0.14479263573810533,65
3756,1,6281,3029,3252,0,0,0,1.0,1,1.0,1,1.0,1,0.1384405800060399,65
3757,5,6286,3032,3254,0,0,0,1.0,1,1.0,1,1.0,1,0.15789974565253984,65
3758,0,6286,3032,3254,0,0,0,1.0,1,1.0,1,1.0,1,0.16188045188282316,64
3759,3,6289,3035,3254,0,0,0,1.0,1,1.0,1,1.0,1,0.1914060634235704,64
3760,1,6290,3035,3255,0,0,0,1.0,1,1.0,1,1.0,1,0.20829277515167063,63
3761,6,6296,3035,3261,0,0,0,1.0,1,1.0,1,1.0,1,0.15440549213913096,63
3762,2,6298,3035,3263,0,0,0,1.0,1,1.0,1,1.0,1,0.16012295598642445,65
3763,2,6300,3036,3264,0,0,0,1.0,1,1.0,1,1.0,1,0.18233678008735285,65
3764,2,6302,3036,3266,0,0,0,1.0,1,1.0,1,1.0,1,0.17084136461389068,66
3765,1,6303,3036,3267,0,0,0,1.0,1,1.0,1,1.0,1,0.16461810857632958,67
3766,2,6305,3038,3267,0,0,0,1.0,1,1.0,1,1.0,1,0.18052239774808385,67
3767,1,6306,3039,3267,0,0,0,1.0,1,1.0,1,1.0,1,0.17606083827818253,68
3768,2,6308,3041,3267,0,0,0,1.0,1,1.0,1,1.0,1,0.22335357323513744,67
3769,1,6309,3041,3268,0,0,0,1.0,1,1.0,1,1.0,1,0.20982616019631015,69
3770,1,6310,3041,3269,0,0,0,1.0,1,1.0,1,1.0,1,0.20865420030545398,69
3771,4,6314,3041,3273,0,0,0,1.0,1,1.0,1,1.0,1,0.17575565559910042,69
3772,0,6314,3041,3273,0,0,0,1.0,1,1.0,1,1.0,1,0.1838023780919471,70
3773,0,6314,3041,3273,0,0,0,1.0,1,1.0,1,1.0,1,0.177066811147215,68
3774,3,6317,3042,3275,0,0,0,1.0,1,1.0,1,1.0,1,0.16666719063609578,68
3775,1,6318,3043,3275,0,0,0,1.0,1,1.0,1,1.0,1,0.20321736285634165,68
3776,0,6318,3043,3275,0,0,0,1.0,1,1.0,1,1.0,1,0.20747638685673164,66
3777,2,6320,3045,3275,0,0,0,1.0,1,1.0,1,1.0,1,0.1977954258044945,65
3778,1,6321,3046,3275,0,0,0,1.0,1,1.0,1,1.0,1,0.18891737466588607,65
3779,2,6323,3048,3275,0,0,0,1.0,1,1.0,1,1.0,1,0.21954922669681623,65
3780,4,6327,3050,3277,0,0,0,1.0,1,1.0,1,1.0,1,0.2264265679878924,64
3781,9,6336,3050,3286,0,0,0,1.0,1,1.0,1,1.0,1,0.10819384502387258,64
3782,3,6339,3052,3287,0,0,0,1.0,1,1.0,1,1.0,1,0.15831875593494465,67
3783,1,6340,3053,3287,0,0,0,1.0,1,1.0,1,1.0,1,0.17054040181489283,65
3784,3,6343,3054,3289,0,0,0,1.0,1,1.0,1,1.0,1,0.16071808988426645,65
3785,3,6346,3056,3290,0,0,0,1.0,1,1.0,1,1.0,1,0.18563873961920405,63
3786,2,6348,3057,3291,0,0,0,1.0,1,1.0,1,1.0,1,0.22151796711370847,66
3787,1,6349,3058,3291,0,0,0,1.0,1,1.0,1,1.0,1,0.2445716093758366,65
3788,2,6351,3058,3293,0,0,0,1.0,1,1.0,1,1.0,1,0.21657362948601855,65
3789,1,6352,3059,3293,0,0,0,1.0,1,1.0,1,1.0,1,0.22574544541437283,65
3790,1,6353,3059,3294,0,0,0,1.0,1,1.0,1,1.0,1,0.22009905027093807,64
3791,8,6361,3061,3300,0,0,0,1.0,1,1.0,1,1.0,1,0.18548912741568876,64
3792,6,6367,3063,3304,0,0,0,1.0,1,1.0,1,1.0,1,0.16507837127435632,65
3793,2,6369,3063,3306,0,0,0,1.0,1,1.0,1,1.0,1,0.17655223193848585,68
3794,1,6370,3064,3306,0,0,0,1.0,1,1.0,1,1.0,1,0.19068486992986272,68
3795,2,6372,3064,3308,0,0,0,1.0,1,1.0,1,1.0,1,0.1646782268045799,69
3796,0,6372,3064,3308,0,0,0,1.0,1,1.0,1,1.0,1,0.1646782268045799,69
3797,0,6372,3064,3308,0,0,0,1.0,1,1.0,1,1.0,1,0.17932462903123653,70
3798,0,6372,3064,3308,0,0,0,1.0,1,1.0,1,1.0,1,0.17932462903123653,70
3799,0,6372,3064,3308,0,0,0,1.0,1,1.0,1,1.0,1,0.18894970546023668,69
3800,0,6372,3064,3308,0,0,0,1.0,1,1.0,1,1.0,1,0.18894970546023668,69
3801,3,6375,3064,3311,0,0,0,1.0,1,1.0,1,1.0,1,0.17392884309260598,67
3802,0,6375,3064,3311,0,0,0,1.0,1,1.0,1,1.0,1,0.17392884309260598,67
3803,2,6377,3065,3312,0,0,0,1.0,1,1.0,1,1.0,1,0.16488806394744254,69
3804,1,6378,3066,3312,0,0,0,1.0,1,1.0,1,1.0,1,0.1747471491021778,70
3805,4,6382,3068,3314,0,0,0,1.0,1,1.0,1,1.0,1,0.1833715406941066,71
3806,1,6383,3069,3314,0,0,0,1.0,1,1.0,1,1.0,1,0.19110063658400123,71
3807,1,6384,3070,3314,0,0,0,1.0,1,1.0,1,1.0,1,0.21364909763467535,72
3808,1,6385,3070,3315,0,0,0,1.0,1,1.0,1,1.0,1,0.21167164611507888,72
3809,2,6387,3071,3316,0,0,0,1.0,1,1.0,1,1.0,1,0.21406604649942204,72
3810,3,6390,3073,3317,0,0,0,1.0,1,1.0,1,1.0,1,0.23037102936546097,72
3811,5,6395,3073,3322,0,0,0,1.0,1,1.0,1,1.0,1,0.15135299650434278,71
3812,0,6395,3073,3322,0,0,0,1.0,1,1.0,1,1.0,1,0.16293813424362671,72
3813,1,6396,3074,3322,0,0,0,1.0,1,1.0,1,1.0,1,0.2341080331667676,71
3814,3,6399,3075,3324,0,0,0,1.0,1,1.0,1,1.0,1,0.2118756877573433,72
3815,2,6401,3075,3326,0,0,0,1.0,1,1.0,1,1.0,1,0.20293643591093694,71
3816,1,6402,3075,3327,0,0,0,1.0,1,1.0,1,1.0,1,0.20635826589726217,69
3817,1,6403,3075,3328,0,0,0,1.0,1,1.0,1,1.0,1,0.23209014672938227,72
3818,3,6406,3076,3330,0,0,0,1.0,1,1.0,1,1.0,1,0.23240018526791978,72
3819,3,6409,3077,3332,0,0,0,1.0,1,1.0,1,1.0,1,0.24422000231044266,72
3820,3,6412,3078,3334,0,0,0,1.0,1,1.0,1,1.0,1,0.24814845060160365,72
3821,4,6416,3080,3336,0,0,0,1.0,1,1.0,1,1.0,1,0.26302602417019416,72
3822,1,6417,3081,3336,0,0,0,1.0,1,1.0,1,1.0,1,0.25421423441691116,69
3823,2,6419,3082,3337,0,0,0,1.0,1,1.0,1,1.0,1,0.2460301615321729,69
3824,1,6420,3083,3337,0,0,0,1.0,1,1.0,1,1.0,1,0.2656508533833562,65
3825,2,6422,3085,3337,0,0,0,1.0,1,1.0,1,1.0,1,0.27352945727716765,64
3826,3,6425,3086,3339,0,0,0,1.0,1,1.0,1,1.0,1,0.26606567127313047,65
3827,4,6429,3088,3341,0,0,0,1.0,1,1.0,1,1.0,1,0.2590877112380946,64
3828,1,6430,3089,3341,0,0,0,1.0,1,1.0,1,1.0,1,0.25163749618739323,65
3829,4,6434,3092,3342,0,0,0,1.0,1,1.0,1,1.0,1,0.27235657334049934,65
3830,1,6435,3092,3343,0,0,0,1.0,1,1.0,1,1.0,1,0.2647414677042956,64
3831,8,6443,3095,3348,0,0,0,1.0,1,1.0,1,1.0,1,0.21562890362209952,63
3832,1,6444,3095,3349,0,0,0,1.0,1,1.0,1,1.0,1,0.2134536717105352,64
3833,0,6444,3095,3349,0,0,0,1.0,1,1.0,1,1.0,1,0.2134536717105352,64
3834,2,6446,3096,3350,0,0,0,1.0,1,1.0,1,1.0,1,0.2124034637298674,63
3835,2,6448,3097,3351,0,0,0,1.0,1,1.0,1,1.0,1,0.21696598716103083,63
3836,2,6450,3098,3352,0,0,0,1.0,1,1.0,1,1.0,1,0.20391439072267847,63
3837,4,6454,3100,3354,0,0,0,1.0,1,1.0,1,1.0,1,0.21392550667914517,62
3838,1,6455,3101,3354,0,0,0,1.0,1,1.0,1,1.0,1,0.20542390795223836,62
3839,1,6456,3102,3354,0,0,0,1.0,1,1.0,1,1.0,1,0.24904636178641323,60
3840,1,6457,3102,3355,0,0,0,1.0,1,1.0,1,1.0,1,0.25263740569153037,62
3841,2,6459,3103,3356,0,0,0,1.0,1,1.0,1,1.0,1,0.27612071868197163,62
3842,1,6460,3103,3357,0,0,0,1.0,1,1.0,1,1.0,1,0.25610398242785326,63
3843,2,6462,3103,3359,0,0,0,1.0,1,1.0,1,1.0,1,0.23728766803375906,64
3844,0,6462,3103,3359,0,0,0,1.0,1,1.0,1,1.0,1,0.23413720131658222,65
3845,2,6464,3103,3361,0,0,0,1.0,1,1.0,1,1.0,1,0.2197214623011504,66
3846,3,6467,3104,3363,0,0,0,1.0,1,1.0,1,1.0,1,0.2127411710352698,67
3847,0,6467,3104,3363,0,0,0,1.0,1,1.0,1,1.0,1,0.2127411710352698,67
3848,2,6469,3105,3364,0,0,0,1.0,1,1.0,1,1.0,1,0.21121349199099623,67
3849,4,6473,3106,3367,0,0,0,1.0,1,1.0,1,1.0,1,0.21865691065469828,67
3850,4,6477,3108,3369,0,0,0,1.0,1,1.0,1,1.0,1,0.22823250647486187,68
3851,7,6484,3110,3374,0,0,0,1.0,1,1.0,1,1.0,1,0.16516436689169828,68
3852,4,6488,3111,3377,0,0,0,1.0,1,1.0,1,1.0,1,0.1946680895237043,70
3853,3,6491,3112,3379,0,0,0,1.0,1,1.0,1,1.0,1,0.18128181317263675,70
3854,0,6491,3112,3379,0,0,0,1.0,1,1.0,1,1.0,1,0.18128181317263675,70
3855,0,6491,3112,3379,0,0,0,1.0,1,1.0,1,1.0,1,0.17516120269281962,69
3856,2,6493,3113,3380,0,0,0,1.0,1,1.0,1,1.0,1,0.19249298557545372,70
3857,4,6497,3116,3381,0,0,0,1.0,1,1.0,1,1.0,1,0.237959099483153,68
3858,4,6501,3117,3384,0,0,0,1.0,1,1.0,1,1.0,1,0.2220765183258848,67
3859,1,6502,3117,3385,0,0,0,1.0,1,1.0,1,1.0,1,0.25557068796520166,66
3860,4,6506,3117,3389,0,0,0,1.0,1,1.0,1,1.0,1,0.2616940503043103,66
3861,3,6509,3117,3392,0,0,0,1.0,1,1.0,1,1.0,1,0.22194162793297303,66
3862,2,6511,3118,3393,0,0,0,1.0,1,1.0,1,1.0,1,0.2272017272595583,66
3863,0,6511,3118,3393,0,0,0,1.0,1,1.0,1,1.0,1,0.21230815218761953,63
3864,1,6512,3119,3393,0,0,0,1.0,1,1.0,1,1.0,1,0.22700887074113188,63
3865,0,6512,3119,3393,0,0,0,1.0,1,1.0,1,1.0,1,0.21457817685671662,61
3866,1,6513,3120,3393,0,0,0,1.0,1,1.0,1,1.0,1,0.21114810954996277,61
3867,2,6515,3122,3393,0,0,0,1.0,1,1.0,1,1.0,1,0.2273400381838667,60
3868,0,6515,3122,3393,0,0,0,1.0,1,1.0,1,1.0,1,0.21559096324415047,59
3869,1,6516,3123,3393,0,0,0,1.0,1,1.0,1,1.0,1,0.22273501832619624,61
3870,1,6517,3124,3393,0,0,0,1.0,1,1.0,1,1.0,1,0.24728856112449618,61
3871,7,6524,3125,3399,0,0,0,1.0,1,1.0,1,1.0,1,0.1960315221393445,64
3872,0,6524,3125,3399,0,0,0,1.0,1,1.0,1,1.0,1,0.19196747861050067,63
3873,2,6526,3126,3400,0,0,0,1.0,1,1.0,1,1.0,1,0.19544258959149913,62
3874,1,6527,3127,3400,0,0,0,1.0,1,1.0,1,1.0,1,0.19689873218692375,63
3875,1,6528,3128,3400,0,0,0,1.0,1,1.0,1,1.0,1,0.19074131396668256,61
3876,1,6529,3128,3401,0,0,0,1.0,1,1.0,1,1.0,1,0.18225132838548513,62
3877,1,6530,3129,3401,0,0,0,1.0,1,1.0,1,1.0,1,0.1931477105764479,63
3878,0,6530,3129,3401,0,0,0,1.0,1,1.0,1,1.0,1,0.1931477105764479,63
3879,1,6531,3130,3401,0,0,0,1.0,1,1.0,1,1.0,1,0.1991079038813487,63
3880,1,6532,3130,3402,0,0,0,1.0,1,1.0,1,1.0,1,0.18766167021613192,65
3881,5,6537,3131,3406,0,0,0,1.0,1,1.0,1,1.0,1,0.1767034496104418,65
3882,2,6539,3132,3407,0,0,0,1.0,1,1.0,1,1.0,1,0.15419702300712274,66
3883,0,6539,3132,3407,0,0,0,1.0,1,1.0,1,1.0,1,0.15419702300712274,66
3884,0,6539,3132,3407,0,0,0,1.0,1,1.0,1,1.0,1,0.15419702300712274,66
3885,1,6540,3133,3407,0,0,0,1.0,1,1.0,1,1.0,1,0.16723016158538043,66
3886,2,6542,3135,3407,0,0,0,1.0,1,1.0,1,1.0,1,0.19154675368986668,65
3887,3,6545,3135,3410,0,0,0,1.0,1,1.0,1,1.0,1,0.1919015765060815,65
3888,1,6546,3136,3410,0,0,0,1.0,1,1.0,1,1.0,1,0.2257945440652051,66
3889,1,6547,3137,3410,0,0,0,1.0,1,1.0,1,1.0,1,0.24422138867677906,64
3890,0,6547,3137,3410,0,0,0,1.0,1,1.0,1,1.0,1,0.23688897840670753,63
3891,4,6551,3138,3413,0,0,0,1.0,1,1.0,1,1.0,1,0.22326737394369064,66
3892,3,6554,3138,3416,0,0,0,1.0,1,1.0,1,1.0,1,0.19730582484352088,67
3893,3,6557,3138,3419,0,0,0,1.0,1,1.0,1,1.0,1,0.1706475593582577,66
3894,0,6557,3138,3419,0,0,0,1.0,1,1.0,1,1.0,1,0.18329587092112148,67
3895,1,6558,3138,3420,0,0,0,1.0,1,1.0,1,1.0,1,0.19655321129547285,66
3896,1,6559,3139,3420,0,0,0,1.0,1,1.0,1,1.0,1,0.20232470849375,66
3897,0,6559,3139,3420,0,0,0,1.0,1,1.0,1,1.0,1,0.21645734854561968,65
3898,6,6565,3144,3421,0,0,0,1.0,1,1.0,1,1.0,1,0.27310118891807883,65
3899,2,6567,3146,3421,0,0,0,1.0,1,1.0,1,1.0,1,0.2610093000484816,64
3900,3,6570,3147,3423,0,0,0,1.0,1,1.0,1,1.0,1,0.25797179254364366,63
3901,4,6574,3148,3426,0,0,0,1.0,1,1.0,1,1.0,1,0.21628400244105567,63
3902,1,6575,3148,3427,0,0,0,1.0,1,1.0,1,1.0,1,0.22035074706663854,64
3903,1,6576,3149,3427,0,0,0,1.0,1,1.0,1,1.0,1,0.2154803791771004,64
3904,2,6578,3151,3427,0,0,0,1.0,1,1.0,1,1.0,1,0.20978222077706912,63
3905,0,6578,3151,3427,0,0,0,1.0,1,1.0,1,1.0,1,0.23518051590065428,63
3906,3,6581,3154,3427,0,0,0,1.0,1,1.0,1,1.0,1,0.23795027446371703,64
3907,2,6583,3155,3428,0,0,0,1.0,1,1.0,1,1.0,1,0.24919476251719505,64
3908,1,6584,3156,3428,0,0,0,1.0,1,1.0,1,1.0,1,0.2416696293411192,63
3909,1,6585,3157,3428,0,0,0,1.0,1,1.0,1,1.0,1,0.2509051014839308,62
3910,0,6585,3157,3428,0,0,0,1.0,1,1.0,1,1.0,1,0.25898196135938417,62
3911,6,6591,3158,3433,0,0,0,1.0,1,1.0,1,1.0,1,0.2156881373498467,64
3912,2,6593,3158,3435,0,0,0,1.0,1,1.0,1,1.0,1,0.19339648597611864,64
3913,0,6593,3158,3435,0,0,0,1.0,1,1.0,1,1.0,1,0.20561256773386044,65
3914,0,6593,3158,3435,0,0,0,1.0,1,1.0,1,1.0,1,0.2192101132153461,65
3915,0,6593,3158,3435,0,0,0,1.0,1,1.0,1,1.0,1,0.2192408793113009,66
3916,1,6594,3159,3435,0,0,0,1.0,1,1.0,1,1.0,1,0.23212593536437437,66
3917,2,6596,3159,3437,0,0,0,1.0,1,1.0,1,1.0,1,0.20157586895948995,66
3918,3,6599,3159,3440,0,0,0,1.0,1,1.0,1,1.0,1,0.18523816109893904,67
3919,2,6601,3160,3441,0,0,0,1.0,1,1.0,1,1.0,1,0.18763495574394862,68
3920,1,6602,3161,3441,0,0,0,1.0,1,1.0,1,1.0,1,0.18141828733629817,69
3921,3,6605,3161,3444,0,0,0,1.0,1,1.0,1,1.0,1,0.16874283275002291,68
3922,3,6608,3164,3444,0,0,0,1.0,1,1.0,1,1.0,1,0.19199843465988947,68
3923,2,6610,3164,3446,0,0,0,1.0,1,1.0,1,1.0,1,0.18650624418710512,69
3924,0,6610,3164,3446,0,0,0,1.0,1,1.0,1,1.0,1,0.19897572831510033,69
3925,2,6612,3166,3446,0,0,0,1.0,1,1.0,1,1.0,1,0.2503663071268185,67
3926,0,6612,3166,3446,0,0,0,1.0,1,1.0,1,1.0,1,0.2639471773738286,67
3927,2,6614,3166,3448,0,0,0,1.0,1,1.0,1,1.0,1,0.2816130655749941,65
3928,1,6615,3166,3449,0,0,0,1.0,1,1.0,1,1.0,1,0.26795712355331547,65
3929,3,6618,3169,3449,0,0,0,1.0,1,1.0,1,1.0,1,0.2601516823715529,64
3930,1,6619,3169,3450,0,0,0,1.0,1,1.0,1,1.0,1,0.2626139659464795,64
3931,6,6625,3171,3454,0,0,0,1.0,1,1.0,1,1.0,1,0.2297587780233405,62
3932,1,6626,3172,3454,0,0,0,1.0,1,1.0,1,1.0,1,0.22650249200591463,62
3933,1,6627,3173,3454,0,0,0,1.0,1,1.0,1,1.0,1,0.221070283582764,62
3934,3,6630,3174,3456,0,0,0,1.0,1,1.0,1,1.0,1,0.19969209720583977,61
3935,0,6630,3174,3456,0,0,0,1.0,1,1.0,1,1.0,1,0.20438468509982405,64
3936,0,6630,3174,3456,0,0,0,1.0,1,1.0,1,1.0,1,0.2128332307038918,65
3937,0,6630,3174,3456,0,0,0,1.0,1,1.0,1,1.0,1,0.20800681333167023,66
3938,0,6630,3174,3456,0,0,0,1.0,1,1.0,1,1.0,1,0.20800681333167023,66
3939,0,6630,3174,3456,0,0,0,1.0,1,1.0,1,1.0,1,0.20940725651274325,67
3940,2,6632,3175,3457,0,0,0,1.0,1,1.0,1,1.0,1,0.2096506596560463,69
3941,3,6635,3175,3460,0,0,0,1.0,1,1.0,1,1.0,1,0.17299348238354206,69
3942,1,6636,3176,3460,0,0,0,1.0,1,1.0,1,1.0,1,0.179800559284912,69
3943,1,6637,3177,3460,0,0,0,1.0,1,1.0,1,1.0,1,0.18877095583835718,68
3944,1,6638,3178,3460,0,0,0,1.0,1,1.0,1,1.0,1,0.2016907036487419,68
3945,3,6641,3181,3460,0,0,0,1.0,1,1.0,1,1.0,1,0.2069991407793078,67
3946,5,6646,3184,3462,0,0,0,1.0,1,1.0,1,1.0,1,0.19890645439949747,67
3947,2,6648,3185,3463,0,0,0,1.0,1,1.0,1,1.0,1,0.17898917238747816,66
3948,1,6649,3186,3463,0,0,0,1.0,1,1.0,1,1.0,1,0.1873277744543754,67
3949,3,6652,3189,3463,0,0,0,1.0,1,1.0,1,1.0,1,0.23338955963080346,66
3950,0,6652,3189,3463,0,0,0,1.0,1,1.0,1,1.0,1,0.23573428167656346,65
3951,2,6654,3189,3465,0,0,0,1.0,1,1.0,1,1.0,1,0.21017606209629952,65
3952,2,6656,3191,3465,0,0,0,1.0,1,1.0,1,1.0,1,0.20881345445247032,65
3953,0,6656,3191,3465,0,0,0,1.0,1,1.0,1,1.0,1,0.22368753111454398,65
3954,1,6657,3192,3465,0,0,0,1.0,1,1.0,1,1.0,1,0.23329506554528995,64
3955,4,6661,3193,3468,0,0,0,1.0,1,1.0,1,1.0,1,0.23634968311728444,64
3956,0,6661,3193,3468,0,0,0,1.0,1,1.0,1,1.0,1,0.24230155141108944,63
3957,0,6661,3193,3468,0,0,0,1.0,1,1.0,1,1.0,1,0.24230155141108944,63
3958,3,6664,3194,3470,0,0,0,1.0,1,1.0,1,1.0,1,0.24345467164550655,63
3959,4,6668,3195,3473,0,0,0,1.0,1,1.0,1,1.0,1,0.22245162583557213,62
3960,0,6668,3195,3473,0,0,0,1.0,1,1.0,1,1.0,1,0.22245162583557213,62
3961,4,6672,3196,3476,0,0,0,1.0,1,1.0,1,1.0,1,0.19694200994953368,64
3962,2,6674,3197,3477,0,0,0,1.0,1,1.0,1,1.0,1,0.18787559098102632,64
3963,4,6678,3200,3478,0,0,0,1.0,1,1.0,1,1.0,1,0.2087859753505057,62
3964,1,6679,3201,3478,0,0,0,1.0,1,1.0,1,1.0,1,0.211391677394946,63
3965,1,6680,3201,3479,0,0,0,1.0,1,1.0,1,1.0,1,0.22781999613360493,63
3966,3,6683,3202,3481,0,0,0,1.0,1,1.0,1,1.0,1,0.23155102418899082,62
3967,1,6684,3202,3482,0,0,0,1.0,1,1.0,1,1.0,1,0.2324767330775226,64
3968,0,6684,3202,3482,0,0,0,1.0,1,1.0,1,1.0,1,0.2269923686208446,63
3969,2,6686,3203,3483,0,0,0,1.0,1,1.0,1,1.0,1,0.24189306738372024,63
3970,5,6691,3203,3488,0,0,0,1.0,1,1.0,1,1.0,1,0.23435608351371895,65
3971,5,6696,3203,3493,0,0,0,1.0,1,1.0,1,1.0,1,0.18823755204538165,65
3972,5,6701,3205,3496,0,0,0,1.0,1,1.0,1,1.0,1,0.1732143082487709,66
3973,0,6701,3205,3496,0,0,0,1.0,1,1.0,1,1.0,1,0.1732143082487709,66
3974,3,6704,3207,3497,0,0,0,1.0,1,1.0,1,1.0,1,0.19863689589426675,66
3975,2,6706,3209,3497,0,0,0,1.0,1,1.0,1,1.0,1,0.22267200250001862,66
3976,2,6708,3210,3498,0,0,0,1.0,1,1.0,1,1.0,1,0.24415491656636285,66
3977,3,6711,3211,3500,0,0,0,1.0,1,1.0,1,1.0,1,0.2461450458365125,64
3978,4,6715,3214,3501,0,0,0,1.0,1,1.0,1,1.0,1,0.26488330379887526,63
3979,1,6716,3214,3502,0,0,0,1.0,1,1.0,1,1.0,1,0.29082186047890435,63
3980,1,6717,3215,3502,0,0,0,1.0,1,1.0,1,1.0,1,0.28587413478124785,63
3981,6,6723,3215,3508,0,0,0,1.0,1,1.0,1,1.0,1,0.237004911610173,64
3982,2,6725,3216,3509,0,0,0,1.0,1,1.0,1,1.0,1,0.221237980586151,65
3983,4,6729,3218,3511,0,0,0,1.0,1,1.0,1,1.0,1,0.21466328859991432,64
3984,4,6733,3219,3514,0,0,0,1.0,1,1.0,1,1.0,1,0.21285494702856186,65
3985,4,6737,3221,3516,0,0,0,1.0,1,1.0,1,1.0,1,0.20696030069794316,64
3986,0,6737,3221,3516,0,0,0,1.0,1,1.0,1,1.0,1,0.21000913099662216,63
3987,1,6738,3221,3517,0,0,0,1.0,1,1.0,1,1.0,1,0.2160489107557246,63
3988,4,6742,3222,3520,0,0,0,1.0,1,1.0,1,1.0,1,0.2184851539762107,63
3989,4,6746,3223,3523,0,0,0,1.0,1,1.0,1,1.0,1,0.21609806236930762,63
3990,2,6748,3224,3524,0,0,0,1.0,1,1.0,1,1.0,1,0.24272563826266316,62
3991,5,6753,3224,3529,0,0,0,1.0,1,1.0,1,1.0,1,0.17947093104036513,62
3992,0,6753,3224,3529,0,0,0,1.0,1,1.0,1,1.0,1,0.17647474205854613,65
3993,0,6753,3224,3529,0,0,0,1.0,1,1.0,1,1.0,1,0.17647474205854613,65
3994,1,6754,3224,3530,0,0,0,1.0,1,1.0,1,1.0,1,0.16353901127218817,64
3995,1,6755,3224,3531,0,0,0,1.0,1,1.0,1,1.0,1,0.1471767834650853,64
3996,0,6755,3224,3531,0,0,0,1.0,1,1.0,1,1.0,1,0.17174258442803006,67
3997,3,6758,3224,3534,0,0,0,1.0,1,1.0,1,1.0,1,0.1609837958943174,69
3998,4,6762,3225,3537,0,0,0,1.0,1,1.0,1,1.0,1,0.1459672268909435,69
3999,1,6763,3225,3538,0,0,0,1.0,1,1.0,1,1.0,1,0.13837376393138312,69
4000,3,6766,3225,3541,0,0,0,1.0,1,1.0,1,1.0,1,0.13101308226588051,69
4001,1,6767,3225,3542,0,0,0,1.0,1,1.0,1,1.0,1,0.11170490133502645,68
4002,2,6769,3226,3543,0,0,0,1.0,1,1.0,1,1.0,1,0.1376710709070972,68
4003,1,6770,3227,3543,0,0,0,1.0,1,1.0,1,1.0,1,0.162351814086841,68
4004,3,6773,3230,3543,0,0,0,1.0,1,1.0,1,1.0,1,0.19387661634318024,67
4005,1,6774,3230,3544,0,0,0,1.0,1,1.0,1,1.0,1,0.19450379605480703,67
4006,1,6775,3231,3544,0,0,0,1.0,1,1.0,1,1.0,1,0.21905785804308198,67
4007,1,6776,3231,3545,0,0,0,1.0,1,1.0,1,1.0,1,0.22144999325722156,67
4008,3,6779,3233,3546,0,0,0,1.0,1,1.0,1,1.0,1,0.2254314836726917,67
4009,2,6781,3235,3546,0,0,0,1.0,1,1.0,1,1.0,1,0.22833076055853313,67
4010,2,6783,3237,3546,0,0,0,1.0,1,1.0,1,1.0,1,0.2711514248616902,66
4011,4,6787,3238,3549,0,0,0,1.0,1,1.0,1,1.0,1,0.2101348658644877,66
4012,1,6788,3238,3550,0,0,0,1.0,1,1.0,1,1.0,1,0.2199002473052254,66
4013,1,6789,3238,3551,0,0,0,1.0,1,1.0,1,1.0,1,0.19998087740908144,66
4014,3,6792,3240,3552,0,0,0,1.0,1,1.0,1,1.0,1,0.20416457732146165,66
4015,0,6792,3240,3552,0,0,0,1.0,1,1.0,1,1.0,1,0.22186510368797321,64
4016,1,6793,3241,3552,0,0,0,1.0,1,1.0,1,1.0,1,0.2771638944252123,64
4017,1,6794,3241,3553,0,0,0,1.0,1,1.0,1,1.0,1,0.2604052596494474,66
4018,1,6795,3241,3554,0,0,0,1.0,1,1.0,1,1.0,1,0.2538605190347822,67
4019,2,6797,3243,3554,0,0,0,1.0,1,1.0,1,1.0,1,0.280865063565798,67
4020,0,6797,3243,3554,0,0,0,1.0,1,1.0,1,1.0,1,0.29586569301055565,66
4021,4,6801,3245,3556,0,0,0,1.0,1,1.0,1,1.0,1,0.2992997132412741,66
4022,0,6801,3245,3556,0,0,0,1.0,1,1.0,1,1.0,1,0.2992997132412741,66
4023,3,6804,3248,3556,0,0,0,1.0,1,1.0,1,1.0,1,0.2905127286692399,66
4024,2,6806,3250,3556,0,0,0,1.0,1,1.0,1,1.0,1,0.307032839270466,66
4025,2,6808,3251,3557,0,0,0,1.0,1,1.0,1,1.0,1,0.2982996024789171,66
4026,7,6815,3254,3561,0,0,0,1.0,1,1.0,1,1.0,1,0.2855596230220668,66
4027,1,6816,3255,3561,0,0,0,1.0,1,1.0,1,1.0,1,0.2818674801243016,64
4028,2,6818,3256,3562,0,0,0,1.0,1,1.0,1,1.0,1,0.29052788818771813,63
4029,2,6820,3257,3563,0,0,0,1.0,1,1.0,1,1.0,1,0.26720979747276097,62
4030,2,6822,3258,3564,0,0,0,1.0,1,1.0,1,1.0,1,0.27246313627601054,63
4031,1,6823,3258,3565,0,0,0,1.0,1,1.0,1,1.0,1,0.2561331421328174,62
4032,3,6826,3261,3565,0,0,0,1.0,1,1.0,1,1.0,1,0.2817992418021026,62
4033,4,6830,3263,3567,0,0,0,1.0,1,1.0,1,1.0,1,0.2839695416226219,61
4034,1,6831,3264,3567,0,0,0,1.0,1,1.0,1,1.0,1,0.27433467391497224,60
4035,0,6831,3264,3567,0,0,0,1.0,1,1.0,1,1.0,1,0.29211271969797276,59
4036,2,6833,3266,3567,0,0,0,1.0,1,1.0,1,1.0,1,0.3023858738183395,58
4037,1,6834,3267,3567,0,0,0,1.0,1,1.0,1,1.0,1,0.28835025320643065,59
4038,0,6834,3267,3567,0,0,0,1.0,1,1.0,1,1.0,1,0.2906581298825709,58
4039,5,6839,3269,3570,0,0,0,1.0,1,1.0,1,1.0,1,0.3135473285598018,56
4040,1,6840,3269,3571,0,0,0,1.0,1,1.0,1,1.0,1,0.3141186541154134,55
4041,3,6843,3271,3572,0,0,0,1.0,1,1.0,1,1.0,1,0.3597292089953917,54
4042,1,6844,3272,3572,0,0,0,1.0,1,1.0,1,1.0,1,0.36129015940044445,56
4043,0,6844,3272,3572,0,0,0,1.0,1,1.0,1,1.0,1,0.36129015940044445,56
4044,0,6844,3272,3572,0,0,0,1.0,1,1.0,1,1.0,1,0.3689998590983748,56
4045,4,6848,3275,3573,0,0,0,1.0,1,1.0,1,1.0,1,0.37770955629144604,57
4046,0,6848,3275,3573,0,0,0,1.0,1,1.0,1,1.0,1,0.41765722946977046,59
4047,1,6849,3276,3573,0,0,0,1.0,1,1.0,1,1.0,1,0.4254826193219469,59
4048,0,6849,3276,3573,0,0,0,1.0,1,1.0,1,1.0,1,0.4254826193219469,59
4049,0,6849,3276,3573,0,0,0,1.0,1,1.0,1,1.0,1,0.4160915568896448,60
4050,0,6849,3276,3573,0,0,0,1.0,1,1.0,1,1.0,1,0.4160915568896448,60
4051,2,6851,3276,3575,0,0,0,1.0,1,1.0,1,1.0,1,0.39856658533575645,60
4052,0,6851,3276,3575,0,0,0,1.0,1,1.0,1,1.0,1,0.39856658533575645,60
4053,0,6851,3276,3575,0,0,0,1.0,1,1.0,1,1.0,1,0.39856658533575645,60
4054,3,6854,3277,3577,0,0,0,1.0,1,1.0,1,1.0,1,0.38140512871338,61
4055,0,6854,3277,3577,0,0,0,1.0,1,1.0,1,1.0,1,0.38140512871338,61
4056,1,6855,3277,3578,0,0,0,1.0,1,1.0,1,1.0,1,0.37548098783573963,62
4057,0,6855,3277,3578,0,0,0,1.0,1,1.0,1,1.0,1,0.38169316527397107,63
4058,5,6860,3278,3582,0,0,0,1.0,1,1.0,1,1.0,1,0.36604660947322887,64
4059,1,6861,3278,3583,0,0,0,1.0,1,1.0,1,1.0,1,0.3686471910376492,63
4060,0,6861,3278,3583,0,0,0,1.0,1,1.0,1,1.0,1,0.3686471910376492,63
4061,2,6863,3278,3585,0,0,0,1.0,1,1.0,1,1.0,1,0.3506242884195419,63
4062,1,6864,3279,3585,0,0,0,1.0,1,1.0,1,1.0,1,0.3455118253116075,65
4063,2,6866,3279,3587,0,0,0,1.0,1,1.0,1,1.0,1,0.31043961302726464,64
4064,4,6870,3281,3589,0,0,0,1.0,1,1.0,1,1.0,1,0.2965509619532152,65
4065,2,6872,3283,3589,0,0,0,1.0,1,1.0,1,1.0,1,0.28866918769270544,64
4066,3,6875,3285,3590,0,0,0,1.0,1,1.0,1,1.0,1,0.2945810893163619,64
4067,3,6878,3286,3592,0,0,0,1.0,1,1.0,1,1.0,1,0.3082858644323224,63
4068,3,6881,3286,3595,0,0,0,1.0,1,1.0,1,1.0,1,0.28332530836347786,64
4069,8,6889,3289,3600,0,0,0,1.0,1,1.0,1,1.0,1,0.24398408390108936,62
4070,3,6892,3291,3601,0,0,0,1.0,1,1.0,1,1.0,1,0.25773055142797696,61
4071,3,6895,3293,3602,0,0,0,1.0,1,1.0,1,1.0,1,0.2530245692022114,61
4072,4,6899,3297,3602,0,0,0,1.0,1,1.0,1,1.0,1,0.24850106418000797,60
4073,1,6900,3298,3602,0,0,0,1.0,1,1.0,1,1.0,1,0.25255661983281225,60
4074,6,6906,3302,3604,0,0,0,1.0,1,1.0,1,1.0,1,0.2732737096143559,60
4075,0,6906,3302,3604,0,0,0,1.0,1,1.0,1,1.0,1,0.2525575623454726,59
4076,1,6907,3303,3604,0,0,0,1.0,1,1.0,1,1.0,1,0.28352548511773756,60
4077,3,6910,3305,3605,0,0,0,1.0,1,1.0,1,1.0,1,0.2865479535418027,61
4078,0,6910,3305,3605,0,0,0,1.0,1,1.0,1,1.0,1,0.2963274271133969,60
4079,0,6910,3305,3605,0,0,0,1.0,1,1.0,1,1.0,1,0.323918629337829,58
4080,2,6912,3306,3606,0,0,0,1.0,1,1.0,1,1.0,1,0.3064104845416463,56
4081,5,6917,3306,3611,0,0,0,1.0,1,1.0,1,1.0,1,0.26271273960417546,56
4082,0,6917,3306,3611,0,0,0,1.0,1,1.0,1,1.0,1,0.28012365264155215,55
4083,1,6918,3307,3611,0,0,0,1.0,1,1.0,1,1.0,1,0.29659432740706,55
4084,1,6919,3308,3611,0,0,0,1.0,1,1.0,1,1.0,1,0.30767891550682275,55
4085,2,6921,3308,3613,0,0,0,1.0,1,1.0,1,1.0,1,0.28632062310425255,56
4086,2,6923,3309,3614,0,0,0,1.0,1,1.0,1,1.0,1,0.27368038650228366,57
4087,1,6924,3310,3614,0,0,0,1.0,1,1.0,1,1.0,1,0.2736596175633794,57
4088,0,6924,3310,3614,0,0,0,1.0,1,1.0,1,1.0,1,0.28292433577345094,57
4089,0,6924,3310,3614,0,0,0,1.0,1,1.0,1,1.0,1,0.30456141318266383,56
4090,1,6925,3311,3614,0,0,0,1.0,1,1.0,1,1.0,1,0.3140008409046839,56
4091,3,6928,3311,3617,0,0,0,1.0,1,1.0,1,1.0,1,0.2976882748699371,56
4092,1,6929,3311,3618,0,0,0,1.0,1,1.0,1,1.0,1,0.2889635924938226,57
4093,3,6932,3312,3620,0,0,0,1.0,1,1.0,1,1.0,1,0.2775943981395467,58
4094,3,6935,3313,3622,0,0,0,1.0,1,1.0,1,1.0,1,0.26513037196637856,57
4095,1,6936,3314,3622,0,0,0,1.0,1,1.0,1,1.0,1,0.274146820097674,57
4096,4,6940,3316,3624,0,0,0,1.0,1,1.0,1,1.0,1,0.23591714254488966,59
4097,0,6940,3316,3624,0,0,0,1.0,1,1.0,1,1.0,1,0.23591714254488966,59
4098,2,6942,3318,3624,0,0,0,1.0,1,1.0,1,1.0,1,0.22664384720315775,59
4099,4,6946,3320,3626,0,0,0,1.0,1,1.0,1,1.0,1,0.23592842341911333,60
4100,1,6947,3321,3626,0,0,0,1.0,1,1.0,1,1.0,1,0.2488340380461716,60
4101,7,6954,3324,3630,0,0,0,1.0,1,1.0,1,1.0,1,0.22590946712748047,60
4102,7,6961,3329,3632,0,0,0,1.0,1,1.0,1,1.0,1,0.17784710044310414,60
4103,2,6963,3330,3633,0,0,0,1.0,1,1.0,1,1.0,1,0.1948741333285345,58
4104,1,6964,3331,3633,0,0,0,1.0,1,1.0,1,1.0,1,0.19140659988351238,60
4105,2,6966,3333,3633,0,0,0,1.0,1,1.0,1,1.0,1,0.1706792475528492,59
4106,2,6968,3334,3634,0,0,0,1.0,1,1.0,1,1.0,1,0.16797857682184159,61
4107,0,6968,3334,3634,0,0,0,1.0,1,1.0,1,1.0,1,0.17596690508702933,59
4108,0,6968,3334,3634,0,0,0,1.0,1,1.0,1,1.0,1,0.17291178478034372,60
4109,1,6969,3334,3635,0,0,0,1.0,1,1.0,1,1.0,1,0.1434189193929024,59
4110,2,6971,3335,3636,0,0,0,1.0,1,1.0,1,1.0,1,0.1442284961315498,60
4111,4,6975,3336,3639,0,0,0,1.0,1,1.0,1,1.0,1,0.13187951157504485,61
4112,1,6976,3337,3639,0,0,0,1.0,1,1.0,1,1.0,1,0.12503310589532537,60
4113,1,6977,3338,3639,0,0,0,1.0,1,1.0,1,1.0,1,0.1397591023177853,61
4114,0,6977,3338,3639,0,0,0,1.0,1,1.0,1,1.0,1,0.13101455953403174,62
4115,1,6978,3339,3639,0,0,0,1.0,1,1.0,1,1.0,1,0.16359023926308622,60
4116,1,6979,3340,3639,0,0,0,1.0,1,1.0,1,1.0,1,0.17002304395442625,59
4117,1,6980,3341,3639,0,0,0,1.0,1,1.0,1,1.0,1,0.21336893331954584,56
4118,0,6980,3341,3639,0,0,0,1.0,1,1.0,1,1.0,1,0.23085285470858172,55
4119,0,6980,3341,3639,0,0,0,1.0,1,1.0,1,1.0,1,0.25349252660983573,53
4120,1,6981,3342,3639,0,0,0,1.0,1,1.0,1,1.0,1,0.29787787086040335,52
4121,11,6992,3348,3644,0,0,0,1.0,1,1.0,1,1.0,1,0.2186137060938751,53
4122,4,6996,3349,3647,0,0,0,1.0,1,1.0,1,1.0,1,0.2017559224762031,52
4123,5,7001,3351,3650,0,0,0,1.0,1,1.0,1,1.0,1,0.1993197654996859,51
4124,1,7002,3351,3651,0,0,0,1.0,1,1.0,1,1.0,1,0.178578173605063,51
4125,1,7003,3352,3651,0,0,0,1.0,1,1.0,1,1.0,1,0.1947832755530378,50
4126,1,7004,3353,3651,0,0,0,1.0,1,1.0,1,1.0,1,0.22749634349635117,50
4127,0,7004,3353,3651,0,0,0,1.0,1,1.0,1,1.0,1,0.24212053242520856,49
4128,0,7004,3353,3651,0,0,0,1.0,1,1.0,1,1.0,1,0.24212053242520856,49
4129,0,7004,3353,3651,0,0,0,1.0,1,1.0,1,1.0,1,0.24212053242520856,49
4130,1,7005,3354,3651,0,0,0,1.0,1,1.0,1,1.0,1,0.22776998034882354,50
4131,4,7009,3355,3654,0,0,0,1.0,1,1.0,1,1.0,1,0.1759613459080322,50
4132,1,7010,3356,3654,0,0,0,1.0,1,1.0,1,1.0,1,0.18451234646394038,50
4133,2,7012,3356,3656,0,0,0,1.0,1,1.0,1,1.0,1,0.1563145342519188,51
4134,0,7012,3356,3656,0,0,0,1.0,1,1.0,1,1.0,1,0.12489003209944313,53
4135,0,7012,3356,3656,0,0,0,1.0,1,1.0,1,1.0,1,0.1271220605698555,54
4136,0,7012,3356,3656,0,0,0,1.0,1,1.0,1,1.0,1,0.1271220605698555,54
4137,4,7016,3360,3656,0,0,0,1.0,1,1.0,1,1.0,1,0.16896257238976964,55
4138,0,7016,3360,3656,0,0,0,1.0,1,1.0,1,1.0,1,0.16418227214700343,54
4139,0,7016,3360,3656,0,0,0,1.0,1,1.0,1,1.0,1,0.16418227214700343,54
4140,1,7017,3361,3656,0,0,0,1.0,1,1.0,1,1.0,1,0.19116875280821966,55
4141,1,7018,3361,3657,0,0,0,1.0,1,1.0,1,1.0,1,0.1887254036290244,55
4142,1,7019,3362,3657,0,0,0,1.0,1,1.0,1,1.0,1,0.20324621597687895,55
4143,0,7019,3362,3657,0,0,0,1.0,1,1.0,1,1.0,1,0.22879605037446712,53
4144,3,7022,3364,3658,0,0,0,1.0,1,1.0,1,1.0,1,0.2023830649397339,52
4145,1,7023,3365,3658,0,0,0,1.0,1,1.0,1,1.0,1,0.22983938788691885,51
4146,1,7024,3366,3658,0,0,0,1.0,1,1.0,1,1.0,1,0.2175868814232572,51
4147,3,7027,3368,3659,0,0,0,1.0,1,1.0,1,1.0,1,0.20941738387772632,50
4148,4,7031,3370,3661,0,0,0,1.0,1,1.0,1,1.0,1,0.25753966774457127,52
4149,0,7031,3370,3661,0,0,0,1.0,1,1.0,1,1.0,1,0.23782152806902362,53
4150,2,7033,3372,3661,0,0,0,1.0,1,1.0,1,1.0,1,0.2668337703857419,53
4151,3,7036,3372,3664,0,0,0,1.0,1,1.0,1,1.0,1,0.2197890645970181,53
4152,4,7040,3374,3666,0,0,0,1.0,1,1.0,1,1.0,1,0.17591624208268242,54
4153,0,7040,3374,3666,0,0,0,1.0,1,1.0,1,1.0,1,0.21459688454070744,51
4154,1,7041,3374,3667,0,0,0,1.0,1,1.0,1,1.0,1,0.2055223247779935,51
4155,2,7043,3376,3667,0,0,0,1.0,1,1.0,1,1.0,1,0.25661138957355695,51
4156,4,7047,3379,3668,0,0,0,1.0,1,1.0,1,1.0,1,0.2478343206008422,52
4157,0,7047,3379,3668,0,0,0,1.0,1,1.0,1,1.0,1,0.2596390208609993,52
4158,2,7049,3380,3669,0,0,0,1.0,1,1.0,1,1.0,1,0.2710345926462886,52
4159,1,7050,3381,3669,0,0,0,1.0,1,1.0,1,1.0,1,0.2439446865100419,52
4160,1,7051,3382,3669,0,0,0,1.0,1,1.0,1,1.0,1,0.26912984724024913,50
4161,2,7053,3383,3670,0,0,0,1.0,1,1.0,1,1.0,1,0.26998817889066223,50
4162,2,7055,3383,3672,0,0,0,1.0,1,1.0,1,1.0,1,0.23655707633237855,51
4163,4,7059,3385,3674,0,0,0,1.0,1,1.0,1,1.0,1,0.251050260685599,48
4164,1,7060,3385,3675,0,0,0,1.0,1,1.0,1,1.0,1,0.2600681835706571,50
4165,0,7060,3385,3675,0,0,0,1.0,1,1.0,1,1.0,1,0.26274546978778557,49
4166,0,7060,3385,3675,0,0,0,1.0,1,1.0,1,1.0,1,0.2598641826556569,50
4167,0,7060,3385,3675,0,0,0,1.0,1,1.0,1,1.0,1,0.2816262413770303,50
4168,0,7060,3385,3675,0,0,0,1.0,1,1.0,1,1.0,1,0.29419057576462404,50
4169,1,7061,3386,3675,0,0,0,1.0,1,1.0,1,1.0,1,0.28395090208631923,51
4170,1,7062,3387,3675,0,0,0,1.0,1,1.0,1,1.0,1,0.32308203800463065,50
4171,3,7065,3389,3676,0,0,0,1.0,1,1.0,1,1.0,1,0.3020094770326969,50
4172,0,7065,3389,3676,0,0,0,1.0,1,1.0,1,1.0,1,0.3269649309683402,49
4173,2,7067,3390,3677,0,0,0,1.0,1,1.0,1,1.0,1,0.34845612129073633,48
4174,2,7069,3390,3679,0,0,0,1.0,1,1.0,1,1.0,1,0.32771486886078666,48
4175,1,7070,3391,3679,0,0,0,1.0,1,1.0,1,1.0,1,0.32243031857168925,48
4176,3,7073,3392,3681,0,0,0,1.0,1,1.0,1,1.0,1,0.3208978740485558,50
4177,4,7077,3394,3683,0,0,0,1.0,1,1.0,1,1.0,1,0.3125160302132037,52
4178,0,7077,3394,3683,0,0,0,1.0,1,1.0,1,1.0,1,0.3077172782035617,53
4179,2,7079,3396,3683,0,0,0,1.0,1,1.0,1,1.0,1,0.2999089467990214,54
4180,1,7080,3396,3684,0,0,0,1.0,1,1.0,1,1.0,1,0.30637382187574186,55
4181,3,7083,3397,3686,0,0,0,1.0,1,1.0,1,1.0,1,0.26335860510102926,56
4182,1,7084,3398,3686,0,0,0,1.0,1,1.0,1,1.0,1,0.26859682115454214,56
4183,5,7089,3400,3689,0,0,0,1.0,1,1.0,1,1.0,1,0.19703050603091168,57
4184,3,7092,3403,3689,0,0,0,1.0,1,1.0,1,1.0,1,0.2535958320507832,57
4185,1,7093,3403,3690,0,0,0,1.0,1,1.0,1,1.0,1,0.25034272332423746,54
4186,2,7095,3405,3690,0,0,0,1.0,1,1.0,1,1.0,1,0.22083250113979488,55
4187,0,7095,3405,3690,0,0,0,1.0,1,1.0,1,1.0,1,0.20928065203843682,53
4188,2,7097,3406,3691,0,0,0,1.0,1,1.0,1,1.0,1,0.21346415323731371,53
4189,0,7097,3406,3691,0,0,0,1.0,1,1.0,1,1.0,1,0.23101014776482884,53
4190,2,7099,3408,3691,0,0,0,1.0,1,1.0,1,1.0,1,0.21405202539591867,53
4191,3,7102,3408,3694,0,0,0,1.0,1,1.0,1,1.0,1,0.17859337897701769,51
4192,5,7107,3412,3695,0,0,0,1.0,1,1.0,1,1.0,1,0.21299355942871928,51
4193,3,7110,3414,3696,0,0,0,1.0,1,1.0,1,1.0,1,0.24665590317315128,50
4194,2,7112,3414,3698,0,0,0,1.0,1,1.0,1,1.0,1,0.21597370389009726,50
4195,0,7112,3414,3698,0,0,0,1.0,1,1.0,1,1.0,1,0.2337178256989527,50
4196,4,7116,3414,3702,0,0,0,1.0,1,1.0,1,1.0,1,0.21056385115227644,51
4197,2,7118,3415,3703,0,0,0,1.0,1,1.0,1,1.0,1,0.2320854251075033,50
4198,0,7118,3415,3703,0,0,0,1.0,1,1.0,1,1.0,1,0.2519454638888547,48
4199,0,7118,3415,3703,0,0,0,1.0,1,1.0,1,1.0,1,0.28985315735949096,48
4200,2,7120,3416,3704,0,0,0,1.0,1,1.0,1,1.0,1,0.3389597205072652,48
4201,2,7122,3416,3706,0,0,0,1.0,1,1.0,1,1.0,1,0.3013376193536215,47
4202,0,7122,3416,3706,0,0,0,1.0,1,1.0,1,1.0,1,0.3013376193536215,47
4203,0,7122,3416,3706,0,0,0,1.0,1,1.0,1,1.0,1,0.3013376193536215,47
4204,2,7124,3417,3707,0,0,0,1.0,1,1.0,1,1.0,1,0.30034864439192194,48
4205,1,7125,3417,3708,0,0,0,1.0,1,1.0,1,1.0,1,0.28179286750496785,49
4206,2,7127,3418,3709,0,0,0,1.0,1,1.0,1,1.0,1,0.283389127870359,49
4207,0,7127,3418,3709,0,0,0,1.0,1,1.0,1,1.0,1,0.3013643268459477,48
4208,1,7128,3419,3709,0,0,0,1.0,1,1.0,1,1.0,1,0.2864251369259979,49
4209,4,7132,3421,3711,0,0,0,1.0,1,1.0,1,1.0,1,0.28155792265477336,51
4210,3,7135,3423,3712,0,0,0,1.0,1,1.0,1,1.0,1,0.3310492061574852,52
4211,2,7137,3423,3714,0,0,0,1.0,1,1.0,1,1.0,1,0.32927090168373874,53
4212,0,7137,3423,3714,0,0,0,1.0,1,1.0,1,1.0,1,0.32927090168373874,53
4213,1,7138,3423,3715,0,0,0,1.0,1,1.0,1,1.0,1,0.3187216773480701,54
4214,0,7138,3423,3715,0,0,0,1.0,1,1.0,1,1.0,1,0.3154149688760078,54
4215,1,7139,3424,3715,0,0,0,1.0,1,1.0,1,1.0,1,0.3183817939406038,54
4216,0,7139,3424,3715,0,0,0,1.0,1,1.0,1,1.0,1,0.3390353228332591,53
4217,4,7143,3426,3717,0,0,0,1.0,1,1.0,1,1.0,1,0.34398407284085947,54
4218,2,7145,3427,3718,0,0,0,1.0,1,1.0,1,1.0,1,0.35621329130645435,53
4219,2,7147,3428,3719,0,0,0,1.0,1,1.0,1,1.0,1,0.3785533420814637,53
4220,1,7148,3428,3720,0,0,0,1.0,1,1.0,1,1.0,1,0.3707238296823916,53
4221,2,7150,3428,3722,0,0,0,1.0,1,1.0,1,1.0,1,0.3628592349328014,54
4222,3,7153,3430,3723,0,0,0,1.0,1,1.0,1,1.0,1,0.3610091166138227,55
4223,2,7155,3430,3725,0,0,0,1.0,1,1.0,1,1.0,1,0.3475209575275974,56
4224,2,7157,3432,3725,0,0,0,1.0,1,1.0,1,1.0,1,0.3522208083493122,55
4225,1,7158,3433,3725,0,0,0,1.0,1,1.0,1,1.0,1,0.3513052496893105,53
4226,5,7163,3436,3727,0,0,0,1.0,1,1.0,1,1.0,1,0.37074999244755774,54
4227,1,7164,3437,3727,0,0,0,1.0,1,1.0,1,1.0,1,0.3734752318845326,52
4228,3,7167,3440,3727,0,0,0,1.0,1,1.0,1,1.0,1,0.38437169242830965,51
4229,1,7168,3441,3727,0,0,0,1.0,1,1.0,1,1.0,1,0.39297091050212873,48
4230,1,7169,3442,3727,0,0,0,1.0,1,1.0,1,1.0,1,0.4124853940299353,48
4231,5,7174,3442,3732,0,0,0,1.0,1,1.0,1,1.0,1,0.3442634812683177,48
4232,2,7176,3442,3734,0,0,0,1.0,1,1.0,1,1.0,1,0.3050572434222103,48
4233,2,7178,3442,3736,0,0,0,1.0,1,1.0,1,1.0,1,0.25633668528112175,48
4234,3,7181,3443,3738,0,0,0,1.0,1,1.0,1,1.0,1,0.2343779049660711,49
4235,0,7181,3443,3738,0,0,0,1.0,1,1.0,1,1.0,1,0.21758757957846878,47
4236,1,7182,3444,3738,0,0,0,1.0,1,1.0,1,1.0,1,0.23601246680064558,47
4237,1,7183,3444,3739,0,0,0,1.0,1,1.0,1,1.0,1,0.21362497030198335,48
4238,1,7184,3444,3740,0,0,0,1.0,1,1.0,1,1.0,1,0.21439033142633793,47
4239,1,7185,3444,3741,0,0,0,1.0,1,1.0,1,1.0,1,0.2037222072138123,48
4240,2,7187,3445,3742,0,0,0,1.0,1,1.0,1,1.0,1,0.19564852370930855,47
4241,0,7187,3445,3742,0,0,0,1.0,1,1.0,1,1.0,1,0.20440812961202584,49
4242,0,7187,3445,3742,0,0,0,1.0,1,1.0,1,1.0,1,0.19815579833204908,49
4243,3,7190,3447,3743,0,0,0,1.0,1,1.0,1,1.0,1,0.216835589822057,50
4244,0,7190,3447,3743,0,0,0,1.0,1,1.0,1,1.0,1,0.24249146783714318,51
4245,1,7191,3447,3744,0,0,0,1.0,1,1.0,1,1.0,1,0.2615455400362971,51
4246,2,7193,3447,3746,0,0,0,1.0,1,1.0,1,1.0,1,0.24436141570834033,51
4247,0,7193,3447,3746,0,0,0,1.0,1,1.0,1,1.0,1,0.25241599023825795,52
4248,0,7193,3447,3746,0,0,0,1.0,1,1.0,1,1.0,1,0.25241599023825795,52
4249,0,7193,3447,3746,0,0,0,1.0,1,1.0,1,1.0,1,0.25241599023825795,52
4250,3,7196,3449,3747,0,0,0,1.0,1,1.0,1,1.0,1,0.22363111725652182,52
4251,5,7201,3451,3750,0,0,0,1.0,1,1.0,1,1.0,1,0.20976107474651942,53
4252,4,7205,3452,3753,0,0,0,1.0,1,1.0,1,1.0,1,0.20098802809537686,53
4253,5,7210,3455,3755,0,0,0,1.0,1,1.0,1,1.0,1,0.19116904579695215,54
4254,2,7212,3456,3756,0,0,0,1.0,1,1.0,1,1.0,1,0.19119320090869663,54
4255,1,7213,3457,3756,0,0,0,1.0,1,1.0,1,1.0,1,0.209858633694791,55
4256,3,7216,3458,3758,0,0,0,1.0,1,1.0,1,1.0,1,0.20697435115903498,57
4257,2,7218,3458,3760,0,0,0,1.0,1,1.0,1,1.0,1,0.2077163286899763,57
4258,3,7221,3459,3762,0,0,0,1.0,1,1.0,1,1.0,1,0.2342729628505029,57
4259,4,7225,3459,3766,0,0,0,1.0,1,1.0,1,1.0,1,0.19222333313649442,57
4260,0,7225,3459,3766,0,0,0,1.0,1,1.0,1,1.0,1,0.2024963067236326,58
4261,4,7229,3460,3769,0,0,0,1.0,1,1.0,1,1.0,1,0.1843884410221115,59
4262,2,7231,3461,3770,0,0,0,1.0,1,1.0,1,1.0,1,0.18637298389380508,60
4263,1,7232,3462,3770,0,0,0,1.0,1,1.0,1,1.0,1,0.2073754050004959,59
4264,3,7235,3464,3771,0,0,0,1.0,1,1.0,1,1.0,1,0.22566071878602045,58
4265,4,7239,3466,3773,0,0,0,1.0,1,1.0,1,1.0,1,0.20005687664490765,58
4266,2,7241,3466,3775,0,0,0,1.0,1,1.0,1,1.0,1,0.1808984938739751,58
4267,0,7241,3466,3775,0,0,0,1.0,1,1.0,1,1.0,1,0.18639123871477262,55
4268,1,7242,3467,3775,0,0,0,1.0,1,1.0,1,1.0,1,0.20870978266602103,55
4269,1,7243,3467,3776,0,0,0,1.0,1,1.0,1,1.0,1,0.20585808501421876,50
4270,2,7245,3469,3776,0,0,0,1.0,1,1.0,1,1.0,1,0.23878877109269023,47
4271,4,7249,3471,3778,0,0,0,1.0,1,1.0,1,1.0,1,0.22091539906448893,47
4272,0,7249,3471,3778,0,0,0,1.0,1,1.0,1,1.0,1,0.22214839408561793,46
4273,4,7253,3474,3779,0,0,0,1.0,1,1.0,1,1.0,1,0.260972638678383,47
4274,3,7256,3474,3782,0,0,0,1.0,1,1.0,1,1.0,1,0.20877428484315994,45
4275,4,7260,3478,3782,0,0,0,1.0,1,1.0,1,1.0,1,0.22907367149173977,44
4276,2,7262,3479,3783,0,0,0,1.0,1,1.0,1,1.0,1,0.24260937052860973,43
4277,4,7266,3483,3783,0,0,0,1.0,1,1.0,1,1.0,1,0.23574072616326422,42
4278,3,7269,3484,3785,0,0,0,1.0,1,1.0,1,1.0,1,0.25167091732517965,43
4279,4,7273,3486,3787,0,0,0,1.0,1,1.0,1,1.0,1,0.3016994587312941,42
4280,3,7276,3488,3788,0,0,0,1.0,1,1.0,1,1.0,1,0.3292463439477802,44
4281,7,7283,3489,3794,0,0,0,1.0,1,1.0,1,1.0,1,0.2438590817806505,44
4282,1,7284,3489,3795,0,0,0,1.0,1,1.0,1,1.0,1,0.23394073850373678,44
4283,5,7289,3489,3800,0,0,0,1.0,1,1.0,1,1.0,1,0.19033377572428392,45
4284,1,7290,3489,3801,0,0,0,1.0,1,1.0,1,1.0,1,0.19822359003358597,45
4285,3,7293,3489,3804,0,0,0,1.0,1,1.0,1,1.0,1,0.19663636748178215,47
4286,4,7297,3489,3808,0,0,0,1.0,1,1.0,1,1.0,1,0.19422733996655225,47
4287,3,7300,3489,3811,0,0,0,1.0,1,1.0,1,1.0,1,0.16543266866015174,49
4288,3,7303,3489,3814,0,0,0,1.0,1,1.0,1,1.0,1,0.15485867092934164,49
4289,4,7307,3489,3818,0,0,0,1.0,1,1.0,1,1.0,1,0.15332636106173872,50
4290,6,7313,3490,3823,0,0,0,1.0,1,1.0,1,1.0,1,0.1728426834105057,51
4291,1,7314,3491,3823,0,0,0,1.0,1,1.0,1,1.0,1,0.20829460893698645,50
4292,2,7316,3492,3824,0,0,0,1.0,1,1.0,1,1.0,1,0.21689889057189646,51
4293,2,7318,3492,3826,0,0,0,1.0,1,1.0,1,1.0,1,0.17895513600432636,51
4294,3,7321,3494,3827,0,0,0,1.0,1,1.0,1,1.0,1,0.1956424276179098,50
4295,2,7323,3495,3828,0,0,0,1.0,1,1.0,1,1.0,1,0.19118068399680588,50
4296,2,7325,3496,3829,0,0,0,1.0,1,1.0,1,1.0,1,0.16515417836981527,49
4297,0,7325,3496,3829,0,0,0,1.0,1,1.0,1,1.0,1,0.1771938430256561,49
4298,0,7325,3496,3829,0,0,0,1.0,1,1.0,1,1.0,1,0.1771938430256561,49
4299,1,7326,3496,3830,0,0,0,1.0,1,1.0,1,1.0,1,0.17047009233314916,48
4300,1,7327,3497,3830,0,0,0,1.0,1,1.0,1,1.0,1,0.1531937249184274,49
4301,2,7329,3498,3831,0,0,0,1.0,1,1.0,1,1.0,1,0.15818522517218703,50
4302,2,7331,3499,3832,0,0,0,1.0,1,1.0,1,1.0,1,0.16632597674393035,51
4303,1,7332,3500,3832,0,0,0,1.0,1,1.0,1,1.0,1,0.1904936584737561,51
4304,4,7336,3503,3833,0,0,0,1.0,1,1.0,1,1.0,1,0.22417779521851955,51
4305,2,7338,3504,3834,0,0,0,1.0,1,1.0,1,1.0,1,0.19296544599329607,49
4306,3,7341,3506,3835,0,0,0,1.0,1,1.0,1,1.0,1,0.22081818190068178,49
4307,2,7343,3508,3835,0,0,0,1.0,1,1.0,1,1.0,1,0.23296891579138554,46
4308,1,7344,3508,3836,0,0,0,1.0,1,1.0,1,1.0,1,0.20192226707950695,44
4309,1,7345,3509,3836,0,0,0,1.0,1,1.0,1,1.0,1,0.26146830966223916,44
4310,1,7346,3510,3836,0,0,0,1.0,1,1.0,1,1.0,1,0.2739169038908607,42
4311,6,7352,3514,3838,0,0,0,1.0,1,1.0,1,1.0,1,0.2490464929238995,42
4312,1,7353,3515,3838,0,0,0,1.0,1,1.0,1,1.0,1,0.24396262940542485,40
4313,3,7356,3518,3838,0,0,0,1.0,1,1.0,1,1.0,1,0.2811903849884753,40
4314,1,7357,3519,3838,0,0,0,1.0,1,1.0,1,1.0,1,0.3280457516154399,36
4315,2,7359,3520,3839,0,0,0,1.0,1,1.0,1,1.0,1,0.32341904686612527,37
4316,3,7362,3523,3839,0,0,0,1.0,1,1.0,1,1.0,1,0.35332603241096955,37
4317,3,7365,3525,3840,0,0,0,1.0,1,1.0,1,1.0,1,0.3682855303002297,36
4318,0,7365,3525,3840,0,0,0,1.0,1,1.0,1,1.0,1,0.3801296239321309,34
4319,0,7365,3525,3840,0,0,0,1.0,1,1.0,1,1.0,1,0.3689530378527244,34
4320,0,7365,3525,3840,0,0,0,1.0,1,1.0,1,1.0,1,0.3689530378527244,34
4321,5,7370,3525,3845,0,0,0,1.0,1,1.0,1,1.0,1,0.3386831424025367,35
4322,0,7370,3525,3845,0,0,0,1.0,1,1.0,1,1.0,1,0.3386831424025367,35
4323,1,7371,3526,3845,0,0,0,1.0,1,1.0,1,1.0,1,0.3538933211433284,35
4324,1,7372,3526,3846,0,0,0,1.0,1,1.0,1,1.0,1,0.36624436004250643,34
4325,0,7372,3526,3846,0,0,0,1.0,1,1.0,1,1.0,1,0.36624436004250643,34
4326,1,7373,3527,3846,0,0,0,1.0,1,1.0,1,1.0,1,0.38068812600057866,36
4327,0,7373,3527,3846,0,0,0,1.0,1,1.0,1,1.0,1,0.39074695812092197,35
4328,2,7375,3529,3846,0,0,0,1.0,1,1.0,1,1.0,1,0.3957422353777712,35
4329,5,7380,3530,3850,0,0,0,1.0,1,1.0,1,1.0,1,0.3116628762096491,38
4330,5,7385,3532,3853,0,0,0,1.0,1,1.0,1,1.0,1,0.30343371202508934,38
4331,6,7391,3532,3859,0,0,0,1.0,1,1.0,1,1.0,1,0.1812810925744564,39
4332,0,7391,3532,3859,0,0,0,1.0,1,1.0,1,1.0,1,0.20058724321118343,40
4333,0,7391,3532,3859,0,0,0,1.0,1,1.0,1,1.0,1,0.17959134615848127,41
4334,0,7391,3532,3859,0,0,0,1.0,1,1.0,1,1.0,1,0.17959134615848127,41
4335,3,7394,3534,3860,0,0,0,1.0,1,1.0,1,1.0,1,0.1705936371673558,42
4336,0,7394,3534,3860,0,0,0,1.0,1,1.0,1,1.0,1,0.18325925057665196,43
4337,2,7396,3534,3862,0,0,0,1.0,1,1.0,1,1.0,1,0.1674216006147237,44
4338,0,7396,3534,3862,0,0,0,1.0,1,1.0,1,1.0,1,0.1674216006147237,44
4339,5,7401,3536,3865,0,0,0,1.0,1,1.0,1,1.0,1,0.20333009554475412,46
4340,3,7404,3536,3868,0,0,0,1.0,1,1.0,1,1.0,1,0.17508364571545937,47
4341,1,7405,3536,3869,0,0,0,1.0,1,1.0,1,1.0,1,0.164457969446831,47
4342,3,7408,3538,3870,0,0,0,1.0,1,1.0,1,1.0,1,0.19538641714326788,47
4343,1,7409,3539,3870,0,0,0,1.0,1,1.0,1,1.0,1,0.16695705033913533,42
4344,4,7413,3541,3872,0,0,0,1.0,1,1.0,1,1.0,1,0.21217721615425597,42
4345,4,7417,3544,3873,0,0,0,1.0,1,1.0,1,1.0,1,0.2456321930734197,39
4346,1,7418,3545,3873,0,0,0,1.0,1,1.0,1,1.0,1,0.23832047793636293,37
4347,1,7419,3546,3873,0,0,0,1.0,1,1.0,1,1.0,1,0.28527464167416816,37
4348,5,7424,3550,3874,0,0,0,1.0,1,1.0,1,1.0,1,0.3788201430285112,38
4349,1,7425,3550,3875,0,0,0,1.0,1,1.0,1,1.0,1,0.30768024382674747,36
4350,3,7428,3552,3876,0,0,0,1.0,1,1.0,1,1.0,1,0.3653383866861482,37
4351,4,7432,3553,3879,0,0,0,1.0,1,1.0,1,1.0,1,0.3114043041221498,35
4352,0,7432,3553,3879,0,0,0,1.0,1,1.0,1,1.0,1,0.33292397757585396,34
4353,1,7433,3553,3880,0,0,0,1.0,1,1.0,1,1.0,1,0.3003070717109212,34
4354,1,7434,3553,3881,0,0,0,1.0,1,1.0,1,1.0,1,0.3133996513758451,32
4355,2,7436,3553,3883,0,0,0,1.0,1,1.0,1,1.0,1,0.24789312357564394,32
4356,3,7439,3554,3885,0,0,0,1.0,1,1.0,1,1.0,1,0.22684526879702024,34
4357,2,7441,3554,3887,0,0,0,1.0,1,1.0,1,1.0,1,0.25070261922904197,35
4358,5,7446,3556,3890,0,0,0,1.0,1,1.0,1,1.0,1,0.26019577740716593,35
4359,2,7448,3557,3891,0,0,0,1.0,1,1.0,1,1.0,1,0.2984406217028222,37
4360,2,7450,3557,3893,0,0,0,1.0,1,1.0,1,1.0,1,0.3033583119881259,38
4361,5,7455,3557,3898,0,0,0,1.0,1,1.0,1,1.0,1,0.11376151598670232,39
4362,3,7458,3559,3899,0,0,0,1.0,1,1.0,1,1.0,1,0.14496413600751895,38
4363,2,7460,3559,3901,0,0,0,1.0,1,1.0,1,1.0,1,0.11027008156669253,38
4364,0,7460,3559,3901,0,0,0,1.0,1,1.0,1,1.0,1,0.11668439457332837,39
4365,1,7461,3559,3902,0,0,0,1.0,1,1.0,1,1.0,1,0.10567370499917256,39
4366,1,7462,3559,3903,0,0,0,1.0,1,1.0,1,1.0,1,0.11131386991340404,39
4367,0,7462,3559,3903,0,0,0,1.0,1,1.0,1,1.0,1,0.13413756734433926,41
4368,2,7464,3560,3904,0,0,0,1.0,1,1.0,1,1.0,1,0.15057732051465728,41
4369,2,7466,3560,3906,0,0,0,1.0,1,1.0,1,1.0,1,0.19196631203351183,42
4370,1,7467,3560,3907,0,0,0,1.0,1,1.0,1,1.0,1,0.18249727093675658,42
4371,1,7468,3560,3908,0,0,0,1.0,1,1.0,1,1.0,1,0.17251646205214421,43
4372,1,7469,3560,3909,0,0,0,1.0,1,1.0,1,1.0,1,0.16601726749340986,43
4373,0,7469,3560,3909,0,0,0,1.0,1,1.0,1,1.0,1,0.16601726749340986,43
4374,0,7469,3560,3909,0,0,0,1.0,1,1.0,1,1.0,1,0.1833302327940222,44
4375,3,7472,3563,3909,0,0,0,1.0,1,1.0,1,1.0,1,0.20771687286635607,45
4376,1,7473,3563,3910,0,0,0,1.0,1,1.0,1,1.0,1,0.2162209936098972,46
4377,5,7478,3566,3912,0,0,0,1.0,1,1.0,1,1.0,1,0.22482887787628505,47
4378,1,7479,3566,3913,0,0,0,1.0,1,1.0,1,1.0,1,0.23023324746524418,49
4379,7,7486,3569,3917,0,0,0,1.0,1,1.0,1,1.0,1,0.26313701076135776,51
4380,7,7493,3569,3924,0,0,0,1.0,1,1.0,1,1.0,1,0.2238015050812067,50
4381,4,7497,3571,3926,0,0,0,1.0,1,1.0,1,1.0,1,0.2251363291985541,49
4382,2,7499,3573,3926,0,0,0,1.0,1,1.0,1,1.0,1,0.24893834890455868,47
4383,2,7501,3574,3927,0,0,0,1.0,1,1.0,1,1.0,1,0.25711403575874026,47
4384,2,7503,3576,3927,0,0,0,1.0,1,1.0,1,1.0,1,0.2926974630207281,44
4385,1,7504,3576,3928,0,0,0,1.0,1,1.0,1,1.0,1,0.24316280923773534,42
4386,2,7506,3577,3929,0,0,0,1.0,1,1.0,1,1.0,1,0.32066729603791094,41
4387,0,7506,3577,3929,0,0,0,1.0,1,1.0,1,1.0,1,0.29248499857890237,39
4388,0,7506,3577,3929,0,0,0,1.0,1,1.0,1,1.0,1,0.29248499857890237,39
4389,4,7510,3580,3930,0,0,0,1.0,1,1.0,1,1.0,1,0.33323489500710773,38
4390,0,7510,3580,3930,0,0,0,1.0,1,1.0,1,1.0,1,0.3097908355312691,38
4391,2,7512,3580,3932,0,0,0,1.0,1,1.0,1,1.0,1,0.22258786078585036,39
4392,0,7512,3580,3932,0,0,0,1.0,1,1.0,1,1.0,1,0.22258786078585036,39
4393,0,7512,3580,3932,0,0,0,1.0,1,1.0,1,1.0,1,0.22661197986708753,40
4394,1,7513,3581,3932,0,0,0,1.0,1,1.0,1,1.0,1,0.23934889200257872,39
4395,1,7514,3582,3932,0,0,0,1.0,1,1.0,1,1.0,1,0.23085178399391823,39
4396,0,7514,3582,3932,0,0,0,1.0,1,1.0,1,1.0,1,0.21969282969168133,39
4397,1,7515,3583,3932,0,0,0,1.0,1,1.0,1,1.0,1,0.24845354835078853,38
4398,0,7515,3583,3932,0,0,0,1.0,1,1.0,1,1.0,1,0.2563203079697486,39
4399,2,7517,3583,3934,0,0,0,1.0,1,1.0,1,1.0,1,0.2528101074174061,42
4400,1,7518,3583,3935,0,0,0,1.0,1,1.0,1,1.0,1,0.2338910149201729,43
4401,1,7519,3583,3936,0,0,0,1.0,1,1.0,1,1.0,1,0.21206891066504135,44
4402,0,7519,3583,3936,0,0,0,1.0,1,1.0,1,1.0,1,0.21206891066504135,44
4403,0,7519,3583,3936,0,0,0,1.0,1,1.0,1,1.0,1,0.20672432727541024,45
4404,0,7519,3583,3936,0,0,0,1.0,1,1.0,1,1.0,1,0.20672432727541024,45
4405,0,7519,3583,3936,0,0,0,1.0,1,1.0,1,1.0,1,0.20749191014491483,46
4406,1,7520,3584,3936,0,0,0,1.0,1,1.0,1,1.0,1,0.23058871430412423,46
4407,3,7523,3585,3938,0,0,0,1.0,1,1.0,1,1.0,1,0.22554520634845698,46
4408,0,7523,3585,3938,0,0,0,1.0,1,1.0,1,1.0,1,0.23095832890081874,47
4409,2,7525,3586,3939,0,0,0,1.0,1,1.0,1,1.0,1,0.2613693128015434,48
4410,0,7525,3586,3939,0,0,0,1.0,1,1.0,1,1.0,1,0.2613693128015434,48
4411,3,7528,3586,3942,0,0,0,1.0,1,1.0,1,1.0,1,0.21776878341520375,50
4412,1,7529,3586,3943,0,0,0,1.0,1,1.0,1,1.0,1,0.21226532001821272,50
4413,1,7530,3586,3944,0,0,0,1.0,1,1.0,1,1.0,1,0.20557278369782478,50
4414,1,7531,3586,3945,0,0,0,1.0,1,1.0,1,1.0,1,0.19647655461705243,51
4415,3,7534,3587,3947,0,0,0,1.0,1,1.0,1,1.0,1,0.18855701566036215,51
4416,1,7535,3587,3948,0,0,0,1.0,1,1.0,1,1.0,1,0.1792206044503971,51
4417,2,7537,3589,3948,0,0,0,1.0,1,1.0,1,1.0,1,0.1784732007233143,51
4418,2,7539,3589,3950,0,0,0,1.0,1,1.0,1,1.0,1,0.1728558762982997,51
4419,1,7540,3589,3951,0,0,0,1.0,1,1.0,1,1.0,1,0.15016668107424305,50
4420,1,7541,3590,3951,0,0,0,1.0,1,1.0,1,1.0,1,0.1636605185985176,50
4421,1,7542,3590,3952,0,0,0,1.0,1,1.0,1,1.0,1,0.14899857505708233,52
4422,0,7542,3590,3952,0,0,0,1.0,1,1.0,1,1.0,1,0.18784597924991625,51
4423,0,7542,3590,3952,0,0,0,1.0,1,1.0,1,1.0,1,0.18784597924991625,51
4424,0,7542,3590,3952,0,0,0,1.0,1,1.0,1,1.0,1,0.2035773285003261,53
4425,0,7542,3590,3952,0,0,0,1.0,1,1.0,1,1.0,1,0.21068310644102292,54
4426,3,7545,3591,3954,0,0,0,1.0,1,1.0,1,1.0,1,0.18951844988936253,55
4427,0,7545,3591,3954,0,0,0,1.0,1,1.0,1,1.0,1,0.18951844988936253,55
4428,0,7545,3591,3954,0,0,0,1.0,1,1.0,1,1.0,1,0.18951844988936253,55
4429,2,7547,3592,3955,0,0,0,1.0,1,1.0,1,1.0,1,0.18344366905790693,56
4430,0,7547,3592,3955,0,0,0,1.0,1,1.0,1,1.0,1,0.1748159656358976,55
4431,3,7550,3592,3958,0,0,0,1.0,1,1.0,1,1.0,1,0.14613928162909529,56
4432,0,7550,3592,3958,0,0,0,1.0,1,1.0,1,1.0,1,0.14613928162909529,56
4433,0,7550,3592,3958,0,0,0,1.0,1,1.0,1,1.0,1,0.1576969940520943,57
4434,0,7550,3592,3958,0,0,0,1.0,1,1.0,1,1.0,1,0.16022094399071019,56
4435,3,7553,3594,3959,0,0,0,1.0,1,1.0,1,1.0,1,0.14230590262822354,56
4436,1,7554,3595,3959,0,0,0,1.0,1,1.0,1,1.0,1,0.16903581764135298,55
4437,1,7555,3595,3960,0,0,0,1.0,1,1.0,1,1.0,1,0.183697964802621,54
4438,1,7556,3596,3960,0,0,0,1.0,1,1.0,1,1.0,1,0.22493943192864077,54
4439,2,7558,3596,3962,0,0,0,1.0,1,1.0,1,1.0,1,0.21130747169278394,55
4440,2,7560,3597,3963,0,0,0,1.0,1,1.0,1,1.0,1,0.23467161476515824,55
4441,6,7566,3600,3966,0,0,0,1.0,1,1.0,1,1.0,1,0.1621167799170054,59
4442,2,7568,3601,3967,0,0,0,1.0,1,1.0,1,1.0,1,0.17969770596679588,61
4443,1,7569,3602,3967,0,0,0,1.0,1,1.0,1,1.0,1,0.19239630457480209,60
4444,2,7571,3602,3969,0,0,0,1.0,1,1.0,1,1.0,1,0.18217728007676548,61
4445,0,7571,3602,3969,0,0,0,1.0,1,1.0,1,1.0,1,0.18217728007676548,61
4446,2,7573,3603,3970,0,0,0,1.0,1,1.0,1,1.0,1,0.19246628485474881,62
4447,0,7573,3603,3970,0,0,0,1.0,1,1.0,1,1.0,1,0.1796511169676939,63
4448,0,7573,3603,3970,0,0,0,1.0,1,1.0,1,1.0,1,0.1796511169676939,63
4449,0,7573,3603,3970,0,0,0,1.0,1,1.0,1,1.0,1,0.1796511169676939,63
4450,0,7573,3603,3970,0,0,0,1.0,1,1.0,1,1.0,1,0.19589266242056172,62
4451,4,7577,3603,3974,0,0,0,1.0,1,1.0,1,1.0,1,0.15617055964984203,63
4452,2,7579,3603,3976,0,0,0,1.0,1,1.0,1,1.0,1,0.14727440467577146,64
4453,1,7580,3603,3977,0,0,0,1.0,1,1.0,1,1.0,1,0.14999249810178958,65
4454,1,7581,3603,3978,0,0,0,1.0,1,1.0,1,1.0,1,0.14148989413178079,66
4455,2,7583,3603,3980,0,0,0,1.0,1,1.0,1,1.0,1,0.12739679092293527,67
4456,2,7585,3605,3980,0,0,0,1.0,1,1.0,1,1.0,1,0.159321512273315,67
4457,1,7586,3606,3980,0,0,0,1.0,1,1.0,1,1.0,1,0.179933671281338,65
4458,2,7588,3606,3982,0,0,0,1.0,1,1.0,1,1.0,1,0.17633243115077057,65
4459,5,7593,3609,3984,0,0,0,1.0,1,1.0,1,1.0,1,0.23944062375419906,64
4460,0,7593,3609,3984,0,0,0,1.0,1,1.0,1,1.0,1,0.25847207899358954,63
4461,4,7597,3611,3986,0,0,0,1.0,1,1.0,1,1.0,1,0.2640247133146377,62
4462,9,7606,3616,3990,0,0,0,1.0,1,1.0,1,1.0,1,0.2900505250462052,61
4463,4,7610,3618,3992,0,0,0,1.0,1,1.0,1,1.0,1,0.32126872633409304,61
4464,4,7614,3621,3993,0,0,0,1.0,1,1.0,1,1.0,1,0.322157214091973,58
4465,3,7617,3621,3996,0,0,0,1.0,1,1.0,1,1.0,1,0.2999312254748024,57
4466,4,7621,3624,3997,0,0,0,1.0,1,1.0,1,1.0,1,0.31119512383786263,54
4467,1,7622,3625,3997,0,0,0,1.0,1,1.0,1,1.0,1,0.3081641913309637,52
4468,1,7623,3625,3998,0,0,0,1.0,1,1.0,1,1.0,1,0.30525017250597647,52
4469,2,7625,3627,3998,0,0,0,1.0,1,1.0,1,1.0,1,0.2915134743306695,51
4470,3,7628,3629,3999,0,0,0,1.0,1,1.0,1,1.0,1,0.26060004841321477,51
4471,3,7631,3631,4000,0,0,0,1.0,1,1.0,1,1.0,1,0.21234263662647737,50
4472,1,7632,3632,4000,0,0,0,1.0,1,1.0,1,1.0,1,0.21023311995926744,48
4473,0,7632,3632,4000,0,0,0,1.0,1,1.0,1,1.0,1,0.2209890702078775,47
4474,3,7635,3635,4000,0,0,0,1.0,1,1.0,1,1.0,1,0.192361541772191,49
4475,0,7635,3635,4000,0,0,0,1.0,1,1.0,1,1.0,1,0.2283266101292412,47
4476,2,7637,3637,4000,0,0,0,1.0,1,1.0,1,1.0,1,0.23958600342465627,49
4477,1,7638,3638,4000,0,0,0,1.0,1,1.0,1,1.0,1,0.2799674426510495,48
4478,0,7638,3638,4000,0,0,0,1.0,1,1.0,1,1.0,1,0.2799674426510495,48
4479,1,7639,3639,4000,0,0,0,1.0,1,1.0,1,1.0,1,0.2893006750836142,48
4480,4,7643,3640,4003,0,0,0,1.0,1,1.0,1,1.0,1,0.22862064506498792,49
4481,2,7645,3640,4005,0,0,0,1.0,1,1.0,1,1.0,1,0.19515813248256425,49
4482,0,7645,3640,4005,0,0,0,1.0,1,1.0,1,1.0,1,0.19515813248256425,49
4483,0,7645,3640,4005,0,0,0,1.0,1,1.0,1,1.0,1,0.19979349643078015,50
4484,4,7649,3641,4008,0,0,0,1.0,1,1.0,1,1.0,1,0.19032864843901204,52
4485,2,7651,3643,4008,0,0,0,1.0,1,1.0,1,1.0,1,0.19141723126016696,53
4486,4,7655,3644,4011,0,0,0,1.0,1,1.0,1,1.0,1,0.2074258503516829,55
4487,3,7658,3646,4012,0,0,0,1.0,1,1.0,1,1.0,1,0.19263707341433708,55
4488,4,7662,3647,4015,0,0,0,1.0,1,1.0,1,1.0,1,0.20318825359523052,54
4489,5,7667,3648,4019,0,0,0,1.0,1,1.0,1,1.0,1,0.25019138331543755,53
4490,3,7670,3648,4022,0,0,0,1.0,1,1.0,1,1.0,1,0.2389295233424967,53
4491,2,7672,3648,4024,0,0,0,1.0,1,1.0,1,1.0,1,0.20410805280917654,52
4492,0,7672,3648,4024,0,0,0,1.0,1,1.0,1,1.0,1,0.20410805280917654,52
4493,2,7674,3649,4025,0,0,0,1.0,1,1.0,1,1.0,1,0.2460150988790966,52
4494,3,7677,3649,4028,0,0,0,1.0,1,1.0,1,1.0,1,0.1991525325288795,53
4495,3,7680,3652,4028,0,0,0,1.0,1,1.0,1,1.0,1,0.24196205242569016,50
4496,4,7684,3655,4029,0,0,0,1.0,1,1.0,1,1.0,1,0.2736913747310907,51
4497,3,7687,3657,4030,0,0,0,1.0,1,1.0,1,1.0,1,0.2767336939156316,50
4498,0,7687,3657,4030,0,0,0,1.0,1,1.0,1,1.0,1,0.25927561860785997,49
4499,1,7688,3658,4030,0,0,0,1.0,1,1.0,1,1.0,1,0.2604562412755668,48
4500,1,7689,3659,4030,0,0,0,1.0,1,1.0,1,1.0,1,0.24901833165163312,48
4501,3,7692,3660,4032,0,0,0,1.0,1,1.0,1,1.0,1,0.23831254829453205,48
4502,2,7694,3661,4033,0,0,0,1.0,1,1.0,1,1.0,1,0.23739089927984933,49
4503,6,7700,3664,4036,0,0,0,1.0,1,1.0,1,1.0,1,0.23294812730517675,49
4504,2,7702,3666,4036,0,0,0,1.0,1,1.0,1,1.0,1,0.2518793006041658,45
4505,1,7703,3667,4036,0,0,0,1.0,1,1.0,1,1.0,1,0.26196475690586,46
4506,3,7706,3670,4036,0,0,0,1.0,1,1.0,1,1.0,1,0.33154705903597587,45
4507,1,7707,3671,4036,0,0,0,1.0,1,1.0,1,1.0,1,0.3521899978583248,45
4508,8,7715,3674,4041,0,0,0,1.0,1,1.0,1,1.0,1,0.31674778222263755,43
4509,1,7716,3674,4042,0,0,0,1.0,1,1.0,1,1.0,1,0.3143449248237029,41
4510,0,7716,3674,4042,0,0,0,1.0,1,1.0,1,1.0,1,0.3231967293961956,42
4511,4,7720,3674,4046,0,0,0,1.0,1,1.0,1,1.0,1,0.26731125657864624,41
4512,0,7720,3674,4046,0,0,0,1.0,1,1.0,1,1.0,1,0.26731125657864624,41
4513,1,7721,3675,4046,0,0,0,1.0,1,1.0,1,1.0,1,0.24025893583702107,41
4514,3,7724,3678,4046,0,0,0,1.0,1,1.0,1,1.0,1,0.25262163599531046,42
4515,3,7727,3679,4048,0,0,0,1.0,1,1.0,1,1.0,1,0.27301390052589164,41
4516,1,7728,3679,4049,0,0,0,1.0,1,1.0,1,1.0,1,0.2902371928110348,42
4517,0,7728,3679,4049,0,0,0,1.0,1,1.0,1,1.0,1,0.29811270772144205,43
4518,1,7729,3679,4050,0,0,0,1.0,1,1.0,1,1.0,1,0.30461039042939714,42
4519,2,7731,3681,4050,0,0,0,1.0,1,1.0,1,1.0,1,0.3510601214063875,42
4520,1,7732,3681,4051,0,0,0,1.0,1,1.0,1,1.0,1,0.36503645552844183,42
4521,6,7738,3682,4056,0,0,0,1.0,1,1.0,1,1.0,1,0.2836506661398051,42
4522,0,7738,3682,4056,0,0,0,1.0,1,1.0,1,1.0,1,0.2836506661398051,42
4523,0,7738,3682,4056,0,0,0,1.0,1,1.0,1,1.0,1,0.2836506661398051,42
4524,2,7740,3684,4056,0,0,0,1.0,1,1.0,1,1.0,1,0.2782227791089483,43
4525,5,7745,3684,4061,0,0,0,1.0,1,1.0,1,1.0,1,0.1956292974314993,46
4526,1,7746,3685,4061,0,0,0,1.0,1,1.0,1,1.0,1,0.20720157010302467,46
4527,2,7748,3687,4061,0,0,0,1.0,1,1.0,1,1.0,1,0.2182466001873332,47
4528,3,7751,3687,4064,0,0,0,1.0,1,1.0,1,1.0,1,0.22634860777917779,49
4529,2,7753,3688,4065,0,0,0,1.0,1,1.0,1,1.0,1,0.20733732011485154,50
4530,2,7755,3689,4066,0,0,0,1.0,1,1.0,1,1.0,1,0.20922234811798812,51
4531,5,7760,3690,4070,0,0,0,1.0,1,1.0,1,1.0,1,0.1599713262252416,51
4532,3,7763,3692,4071,0,0,0,1.0,1,1.0,1,1.0,1,0.21865171722307508,51
4533,1,7764,3692,4072,0,0,0,1.0,1,1.0,1,1.0,1,0.16892569371946137,50
4534,1,7765,3692,4073,0,0,0,1.0,1,1.0,1,1.0,1,0.1565596044924139,51
4535,1,7766,3693,4073,0,0,0,1.0,1,1.0,1,1.0,1,0.17351110766945765,50
4536,0,7766,3693,4073,0,0,0,1.0,1,1.0,1,1.0,1,0.20431559152603873,48
4537,0,7766,3693,4073,0,0,0,1.0,1,1.0,1,1.0,1,0.2163191104265881,49
4538,1,7767,3693,4074,0,0,0,1.0,1,1.0,1,1.0,1,0.2394607261012009,48
4539,1,7768,3694,4074,0,0,0,1.0,1,1.0,1,1.0,1,0.28655604428579895,50
4540,0,7768,3694,4074,0,0,0,1.0,1,1.0,1,1.0,1,0.2661828888408248,49
4541,3,7771,3696,4075,0,0,0,1.0,1,1.0,1,1.0,1,0.27707185533343337,49
4542,4,7775,3699,4076,0,0,0,1.0,1,1.0,1,1.0,1,0.32474972664772567,47
4543,1,7776,3699,4077,0,0,0,1.0,1,1.0,1,1.0,1,0.3168233189325957,45
4544,2,7778,3700,4078,0,0,0,1.0,1,1.0,1,1.0,1,0.32715306712393355,45
4545,1,7779,3701,4078,0,0,0,1.0,1,1.0,1,1.0,1,0.35492852011845133,43
4546,2,7781,3702,4079,0,0,0,1.0,1,1.0,1,1.0,1,0.3568137424618013,43
4547,2,7783,3703,4080,0,0,0,1.0,1,1.0,1,1.0,1,0.3619590786818983,41
4548,2,7785,3705,4080,0,0,0,1.0,1,1.0,1,1.0,1,0.3840454136567586,42
4549,0,7785,3705,4080,0,0,0,1.0,1,1.0,1,1.0,1,0.372371996494413,41
4550,2,7787,3707,4080,0,0,0,1.0,1,1.0,1,1.0,1,0.40348844449440685,41
4551,2,7789,3707,4082,0,0,0,1.0,1,1.0,1,1.0,1,0.37608103116055014,39
4552,1,7790,3708,4082,0,0,0,1.0,1,1.0,1,1.0,1,0.37662546732348784,38
4553,2,7792,3708,4084,0,0,0,1.0,1,1.0,1,1.0,1,0.3487863707064354,39
4554,1,7793,3709,4084,0,0,0,1.0,1,1.0,1,1.0,1,0.3775563433022214,38
4555,2,7795,3710,4085,0,0,0,1.0,1,1.0,1,1.0,1,0.38037603481665755,37
4556,0,7795,3710,4085,0,0,0,1.0,1,1.0,1,1.0,1,0.3831717206071403,36
4557,1,7796,3710,4086,0,0,0,1.0,1,1.0,1,1.0,1,0.3417466774991748,38
4558,1,7797,3711,4086,0,0,0,1.0,1,1.0,1,1.0,1,0.35390295238602876,39
4559,1,7798,3712,4086,0,0,0,1.0,1,1.0,1,1.0,1,0.32231678740614245,38
4560,1,7799,3713,4086,0,0,0,1.0,1,1.0,1,1.0,1,0.36130206662070624,41
4561,2,7801,3713,4088,0,0,0,1.0,1,1.0,1,1.0,1,0.33687640365474414,41
4562,2,7803,3714,4089,0,0,0,1.0,1,1.0,1,1.0,1,0.32557120383763033,43
4563,0,7803,3714,4089,0,0,0,1.0,1,1.0,1,1.0,1,0.3138819704106914,42
4564,1,7804,3714,4090,0,0,0,1.0,1,1.0,1,1.0,1,0.31793943240734174,43
4565,3,7807,3714,4093,0,0,0,1.0,1,1.0,1,1.0,1,0.27061677479035345,44
4566,3,7810,3715,4095,0,0,0,1.0,1,1.0,1,1.0,1,0.22420185277550683,45
4567,4,7814,3717,4097,0,0,0,1.0,1,1.0,1,1.0,1,0.18453666053672307,47
4568,0,7814,3717,4097,0,0,0,1.0,1,1.0,1,1.0,1,0.18453666053672307,47
4569,2,7816,3718,4098,0,0,0,1.0,1,1.0,1,1.0,1,0.1512368314101174,49
4570,1,7817,3719,4098,0,0,0,1.0,1,1.0,1,1.0,1,0.13928175040672347,49
4571,1,7818,3719,4099,0,0,0,1.0,1,1.0,1,1.0,1,0.12137053620389883,48
4572,0,7818,3719,4099,0,0,0,1.0,1,1.0,1,1.0,1,0.12137053620389883,48
4573,0,7818,3719,4099,0,0,0,1.0,1,1.0,1,1.0,1,0.12137053620389883,48
4574,0,7818,3719,4099,0,0,0,1.0,1,1.0,1,1.0,1,0.12557233553415914,50
4575,4,7822,3722,4100,0,0,0,1.0,1,1.0,1,1.0,1,0.1820074359110975,51
4576,1,7823,3722,4101,0,0,0,1.0,1,1.0,1,1.0,1,0.1890208566813862,48
4577,0,7823,3722,4101,0,0,0,1.0,1,1.0,1,1.0,1,0.20168405805234596,47
4578,2,7825,3723,4102,0,0,0,1.0,1,1.0,1,1.0,1,0.21240521123087636,46
4579,0,7825,3723,4102,0,0,0,1.0,1,1.0,1,1.0,1,0.24863662417886437,46
4580,0,7825,3723,4102,0,0,0,1.0,1,1.0,1,1.0,1,0.24408888935204934,47
4581,3,7828,3724,4104,0,0,0,1.0,1,1.0,1,1.0,1,0.23075956425136357,47
4582,0,7828,3724,4104,0,0,0,1.0,1,1.0,1,1.0,1,0.24666568343133788,48
4583,0,7828,3724,4104,0,0,0,1.0,1,1.0,1,1.0,1,0.24666568343133788,48
4584,0,7828,3724,4104,0,0,0,1.0,1,1.0,1,1.0,1,0.25588532375954326,50
4585,1,7829,3725,4104,0,0,0,1.0,1,1.0,1,1.0,1,0.2745998620951847,50
4586,2,7831,3725,4106,0,0,0,1.0,1,1.0,1,1.0,1,0.25864721442292204,50
4587,1,7832,3725,4107,0,0,0,1.0,1,1.0,1,1.0,1,0.24807886892220496,50
4588,0,7832,3725,4107,0,0,0,1.0,1,1.0,1,1.0,1,0.24807886892220496,50
4589,0,7832,3725,4107,0,0,0,1.0,1,1.0,1,1.0,1,0.26180245223582604,52
4590,0,7832,3725,4107,0,0,0,1.0,1,1.0,1,1.0,1,0.26180245223582604,52
4591,1,7833,3725,4108,0,0,0,1.0,1,1.0,1,1.0,1,0.2581856632794463,53
4592,0,7833,3725,4108,0,0,0,1.0,1,1.0,1,1.0,1,0.26694720476639033,54
4593,1,7834,3725,4109,0,0,0,1.0,1,1.0,1,1.0,1,0.2457877464382059,56
4594,2,7836,3725,4111,0,0,0,1.0,1,1.0,1,1.0,1,0.23475714078856233,57
4595,1,7837,3726,4111,0,0,0,1.0,1,1.0,1,1.0,1,0.24071953682174246,56
4596,2,7839,3726,4113,0,0,0,1.0,1,1.0,1,1.0,1,0.2212447094098018,56
4597,1,7840,3727,4113,0,0,0,1.0,1,1.0,1,1.0,1,0.22474058909428637,56
4598,3,7843,3729,4114,0,0,0,1.0,1,1.0,1,1.0,1,0.270763689375218,57
4599,2,7845,3729,4116,0,0,0,1.0,1,1.0,1,1.0,1,0.2374024465007881,59
4600,3,7848,3729,4119,0,0,0,1.0,1,1.0,1,1.0,1,0.2313593952245588,60
4601,7,7855,3731,4124,0,0,0,1.0,1,1.0,1,1.0,1,0.2119167026503597,60
4602,3,7858,3731,4127,0,0,0,1.0,1,1.0,1,1.0,1,0.16014186838034355,62
4603,0,7858,3731,4127,0,0,0,1.0,1,1.0,1,1.0,1,0.16014186838034355,62
4604,0,7858,3731,4127,0,0,0,1.0,1,1.0,1,1.0,1,0.15692709523542928,63
4605,0,7858,3731,4127,0,0,0,1.0,1,1.0,1,1.0,1,0.15692709523542928,63
4606,0,7858,3731,4127,0,0,0,1.0,1,1.0,1,1.0,1,0.16674559787656953,64
4607,1,7859,3732,4127,0,0,0,1.0,1,1.0,1,1.0,1,0.19781618328503367,65
4608,3,7862,3733,4129,0,0,0,1.0,1,1.0,1,1.0,1,0.2109223220878235,66
4609,2,7864,3734,4130,0,0,0,1.0,1,1.0,1,1.0,1,0.21602565299322804,65
4610,0,7864,3734,4130,0,0,0,1.0,1,1.0,1,1.0,1,0.23535645133847066,63
4611,1,7865,3734,4131,0,0,0,1.0,1,1.0,1,1.0,1,0.237861518449127,64
4612,1,7866,3734,4132,0,0,0,1.0,1,1.0,1,1.0,1,0.22647022138544445,62
4613,1,7867,3735,4132,0,0,0,1.0,1,1.0,1,1.0,1,0.2600450724730232,63
4614,2,7869,3737,4132,0,0,0,1.0,1,1.0,1,1.0,1,0.24287583450176106,61
4615,1,7870,3738,4132,0,0,0,1.0,1,1.0,1,1.0,1,0.2843708004767703,59
4616,2,7872,3740,4132,0,0,0,1.0,1,1.0,1,1.0,1,0.28592984039992525,58
4617,0,7872,3740,4132,0,0,0,1.0,1,1.0,1,1.0,1,0.3038048565316678,58
4618,0,7872,3740,4132,0,0,0,1.0,1,1.0,1,1.0,1,0.31564238223773716,57
4619,0,7872,3740,4132,0,0,0,1.0,1,1.0,1,1.0,1,0.31564238223773716,57
4620,2,7874,3740,4134,0,0,0,1.0,1,1.0,1,1.0,1,0.2873579084310844,57
4621,5,7879,3742,4137,0,0,0,1.0,1,1.0,1,1.0,1,0.27407304965283175,59
4622,2,7881,3743,4138,0,0,0,1.0,1,1.0,1,1.0,1,0.29529671600828694,60
4623,2,7883,3744,4139,0,0,0,1.0,1,1.0,1,1.0,1,0.29558508065619604,59
4624,3,7886,3747,4139,0,0,0,1.0,1,1.0,1,1.0,1,0.30559652220459976,59
4625,2,7888,3749,4139,0,0,0,1.0,1,1.0,1,1.0,1,0.31287686751924615,57
4626,4,7892,3752,4140,0,0,0,1.0,1,1.0,1,1.0,1,0.3408033424046252,56
4627,1,7893,3753,4140,0,0,0,1.0,1,1.0,1,1.0,1,0.34753525770008015,56
4628,4,7897,3753,4144,0,0,0,1.0,1,1.0,1,1.0,1,0.29372283190176846,56
4629,0,7897,3753,4144,0,0,0,1.0,1,1.0,1,1.0,1,0.31600404850236313,56
4630,0,7897,3753,4144,0,0,0,1.0,1,1.0,1,1.0,1,0.305410749511207,57
4631,3,7900,3753,4147,0,0,0,1.0,1,1.0,1,1.0,1,0.2903042016724922,56
4632,2,7902,3754,4148,0,0,0,1.0,1,1.0,1,1.0,1,0.3248755108667656,57
4633,1,7903,3754,4149,0,0,0,1.0,1,1.0,1,1.0,1,0.30332504859423237,58
4634,1,7904,3754,4150,0,0,0,1.0,1,1.0,1,1.0,1,0.29675834512435245,58
4635,1,7905,3754,4151,0,0,0,1.0,1,1.0,1,1.0,1,0.2759694488878078,59
4636,0,7905,3754,4151,0,0,0,1.0,1,1.0,1,1.0,1,0.25829429761721534,60
4637,1,7906,3754,4152,0,0,0,1.0,1,1.0,1,1.0,1,0.24221031384508296,60
4638,1,7907,3754,4153,0,0,0,1.0,1,1.0,1,1.0,1,0.24448155313081976,61
4639,1,7908,3754,4154,0,0,0,1.0,1,1.0,1,1.0,1,0.25152402267488677,62
4640,4,7912,3754,4158,0,0,0,1.0,1,1.0,1,1.0,1,0.21645808436400862,63
4641,5,7917,3756,4161,0,0,0,1.0,1,1.0,1,1.0,1,0.19740435464674555,63
4642,0,7917,3756,4161,0,0,0,1.0,1,1.0,1,1.0,1,0.2099729818135371,62
4643,2,7919,3758,4161,0,0,0,1.0,1,1.0,1,1.0,1,0.24158307466571877,63
4644,2,7921,3758,4163,0,0,0,1.0,1,1.0,1,1.0,1,0.23846157161040957,62
4645,3,7924,3759,4165,0,0,0,1.0,1,1.0,1,1.0,1,0.2620464251362703,63
4646,4,7928,3760,4168,0,0,0,1.0,1,1.0,1,1.0,1,0.28287886120389255,63
4647,5,7933,3760,4173,0,0,0,1.0,1,1.0,1,1.0,1,0.2689325501271314,62
4648,3,7936,3762,4174,0,0,0,1.0,1,1.0,1,1.0,1,0.31139373137355514,63
4649,1,7937,3763,4174,0,0,0,1.0,1,1.0,1,1.0,1,0.27960881949418664,61
4650,2,7939,3764,4175,0,0,0,1.0,1,1.0,1,1.0,1,0.2511510652397489,63
4651,3,7942,3766,4176,0,0,0,1.0,1,1.0,1,1.0,1,0.22951816779955428,62
4652,0,7942,3766,4176,0,0,0,1.0,1,1.0,1,1.0,1,0.25089014571265406,59
4653,0,7942,3766,4176,0,0,0,1.0,1,1.0,1,1.0,1,0.2620444714622248,60
4654,2,7944,3767,4177,0,0,0,1.0,1,1.0,1,1.0,1,0.2541807451251078,60
4655,0,7944,3767,4177,0,0,0,1.0,1,1.0,1,1.0,1,0.2541807451251078,60
4656,4,7948,3770,4178,0,0,0,1.0,1,1.0,1,1.0,1,0.28714455817055795,61
4657,0,7948,3770,4178,0,0,0,1.0,1,1.0,1,1.0,1,0.2809926066521387,62
4658,3,7951,3771,4180,0,0,0,1.0,1,1.0,1,1.0,1,0.296583263480046,62
4659,0,7951,3771,4180,0,0,0,1.0,1,1.0,1,1.0,1,0.3084904982633255,61
4660,0,7951,3771,4180,0,0,0,1.0,1,1.0,1,1.0,1,0.3096733038471627,61
4661,1,7952,3771,4181,0,0,0,1.0,1,1.0,1,1.0,1,0.3075055892333563,61
4662,2,7954,3772,4182,0,0,0,1.0,1,1.0,1,1.0,1,0.2879137562546896,62
4663,2,7956,3772,4184,0,0,0,1.0,1,1.0,1,1.0,1,0.24633730026117062,61
4664,1,7957,3773,4184,0,0,0,1.0,1,1.0,1,1.0,1,0.25413663354004656,62
4665,1,7958,3774,4184,0,0,0,1.0,1,1.0,1,1.0,1,0.2592331867573286,61
4666,3,7961,3775,4186,0,0,0,1.0,1,1.0,1,1.0,1,0.23115215739317932,61
4667,0,7961,3775,4186,0,0,0,1.0,1,1.0,1,1.0,1,0.22955811306912757,59
4668,2,7963,3777,4186,0,0,0,1.0,1,1.0,1,1.0,1,0.24604652564192597,59
4669,4,7967,3780,4187,0,0,0,1.0,1,1.0,1,1.0,1,0.26017789263236074,58
4670,3,7970,3783,4187,0,0,0,1.0,1,1.0,1,1.0,1,0.3092463787830344,57
4671,7,7977,3783,4194,0,0,0,1.0,1,1.0,1,1.0,1,0.21078178720046226,55
4672,1,7978,3784,4194,0,0,0,1.0,1,1.0,1,1.0,1,0.24147266954326377,56
4673,3,7981,3784,4197,0,0,0,1.0,1,1.0,1,1.0,1,0.19026435173325346,58
4674,3,7984,3786,4198,0,0,0,1.0,1,1.0,1,1.0,1,0.22103041765857168,58
4675,5,7989,3786,4203,0,0,0,1.0,1,1.0,1,1.0,1,0.22847580384817184,57
4676,4,7993,3787,4206,0,0,0,1.0,1,1.0,1,1.0,1,0.2328221532345915,58
4677,0,7993,3787,4206,0,0,0,1.0,1,1.0,1,1.0,1,0.2384035595783988,57
4678,2,7995,3789,4206,0,0,0,1.0,1,1.0,1,1.0,1,0.25578022888782653,57
4679,0,7995,3789,4206,0,0,0,1.0,1,1.0,1,1.0,1,0.25578022888782653,57
4680,4,7999,3789,4210,0,0,0,1.0,1,1.0,1,1.0,1,0.22576228886431585,59
4681,4,8003,3791,4212,0,0,0,1.0,1,1.0,1,1.0,1,0.2442011871767761,60
4682,1,8004,3792,4212,0,0,0,1.0,1,1.0,1,1.0,1,0.24871937597845456,60
4683,2,8006,3793,4213,0,0,0,1.0,1,1.0,1,1.0,1,0.25395731088238793,60
4684,1,8007,3794,4213,0,0,0,1.0,1,1.0,1,1.0,1,0.2734375320201727,60
4685,0,8007,3794,4213,0,0,0,1.0,1,1.0,1,1.0,1,0.2884155977854304,59
4686,7,8014,3796,4218,0,0,0,1.0,1,1.0,1,1.0,1,0.29658247188937636,60
4687,1,8015,3797,4218,0,0,0,1.0,1,1.0,1,1.0,1,0.3053552222975787,59
4688,2,8017,3798,4219,0,0,0,1.0,1,1.0,1,1.0,1,0.3151908537060131,59
4689,3,8020,3800,4220,0,0,0,1.0,1,1.0,1,1.0,1,0.3530835465874248,59
4690,1,8021,3801,4220,0,0,0,1.0,1,1.0,1,1.0,1,0.354125354832577,58
4691,6,8027,3802,4225,0,0,0,1.0,1,1.0,1,1.0,1,0.28708950411824724,57
4692,4,8031,3802,4229,0,0,0,1.0,1,1.0,1,1.0,1,0.24507446968752153,58
4693,1,8032,3802,4230,0,0,0,1.0,1,1.0,1,1.0,1,0.23963977302114225,57
4694,0,8032,3802,4230,0,0,0,1.0,1,1.0,1,1.0,1,0.238602893099268,57
4695,0,8032,3802,4230,0,0,0,1.0,1,1.0,1,1.0,1,0.25665530812917314,56
4696,1,8033,3803,4230,0,0,0,1.0,1,1.0,1,1.0,1,0.26237505435849895,57
4697,1,8034,3803,4231,0,0,0,1.0,1,1.0,1,1.0,1,0.2522635358173587,58
4698,1,8035,3803,4232,0,0,0,1.0,1,1.0,1,1.0,1,0.24377478165407054,59
4699,0,8035,3803,4232,0,0,0,1.0,1,1.0,1,1.0,1,0.2523208365546706,58
4700,1,8036,3803,4233,0,0,0,1.0,1,1.0,1,1.0,1,0.22669882297556232,59
4701,0,8036,3803,4233,0,0,0,1.0,1,1.0,1,1.0,1,0.25055168113629184,60
4702,2,8038,3804,4234,0,0,0,1.0,1,1.0,1,1.0,1,0.2559427072882099,61
4703,5,8043,3807,4236,0,0,0,1.0,1,1.0,1,1.0,1,0.24086341052503954,59
4704,1,8044,3808,4236,0,0,0,1.0,1,1.0,1,1.0,1,0.24808068357788626,58
4705,2,8046,3809,4237,0,0,0,1.0,1,1.0,1,1.0,1,0.2756580292198081,58
4706,5,8051,3812,4239,0,0,0,1.0,1,1.0,1,1.0,1,0.276389655913715,60
4707,3,8054,3814,4240,0,0,0,1.0,1,1.0,1,1.0,1,0.2985234348925149,57
4708,3,8057,3815,4242,0,0,0,1.0,1,1.0,1,1.0,1,0.279188702065422,57
4709,1,8058,3816,4242,0,0,0,1.0,1,1.0,1,1.0,1,0.2725672751062577,55
4710,0,8058,3816,4242,0,0,0,1.0,1,1.0,1,1.0,1,0.26833715274606257,53
4711,2,8060,3818,4242,0,0,0,1.0,1,1.0,1,1.0,1,0.2856649992174837,52
4712,2,8062,3820,4242,0,0,0,1.0,1,1.0,1,1.0,1,0.30261286950129623,52
4713,1,8063,3821,4242,0,0,0,1.0,1,1.0,1,1.0,1,0.2849180089503633,51
4714,0,8063,3821,4242,0,0,0,1.0,1,1.0,1,1.0,1,0.27634155743240846,50
4715,1,8064,3822,4242,0,0,0,1.0,1,1.0,1,1.0,1,0.2882500673302134,50
4716,0,8064,3822,4242,0,0,0,1.0,1,1.0,1,1.0,1,0.28381305801231954,49
4717,3,8067,3823,4244,0,0,0,1.0,1,1.0,1,1.0,1,0.26015022177567415,49
4718,1,8068,3824,4244,0,0,0,1.0,1,1.0,1,1.0,1,0.3016844127678706,50
4719,2,8070,3824,4246,0,0,0,1.0,1,1.0,1,1.0,1,0.268993518081882,49
4720,1,8071,3824,4247,0,0,0,1.0,1,1.0,1,1.0,1,0.24989662813094668,49
4721,2,8073,3824,4249,0,0,0,1.0,1,1.0,1,1.0,1,0.23366908105111867,50
4722,4,8077,3825,4252,0,0,0,1.0,1,1.0,1,1.0,1,0.2590348705060393,51
4723,3,8080,3826,4254,0,0,0,1.0,1,1.0,1,1.0,1,0.21662145265349553,50
4724,1,8081,3826,4255,0,0,0,1.0,1,1.0,1,1.0,1,0.230170954530054,50
4725,1,8082,3826,4256,0,0,0,1.0,1,1.0,1,1.0,1,0.2384649461854735,52
4726,0,8082,3826,4256,0,0,0,1.0,1,1.0,1,1.0,1,0.2561117095284313,51
4727,0,8082,3826,4256,0,0,0,1.0,1,1.0,1,1.0,1,0.2664277782175605,52
4728,0,8082,3826,4256,0,0,0,1.0,1,1.0,1,1.0,1,0.2664277782175605,52
4729,2,8084,3827,4257,0,0,0,1.0,1,1.0,1,1.0,1,0.27349230415476344,52
4730,3,8087,3828,4259,0,0,0,1.0,1,1.0,1,1.0,1,0.3322608107437397,50
4731,3,8090,3829,4261,0,0,0,1.0,1,1.0,1,1.0,1,0.2773438920909976,51
4732,3,8093,3831,4262,0,0,0,1.0,1,1.0,1,1.0,1,0.3499191699764843,52
4733,4,8097,3832,4265,0,0,0,1.0,1,1.0,1,1.0,1,0.30633940930895837,53
4734,1,8098,3833,4265,0,0,0,1.0,1,1.0,1,1.0,1,0.33041749065690684,53
4735,2,8100,3834,4266,0,0,0,1.0,1,1.0,1,1.0,1,0.32271187449945216,53
4736,1,8101,3835,4266,0,0,0,1.0,1,1.0,1,1.0,1,0.34264358916510107,55
4737,4,8105,3835,4270,0,0,0,1.0,1,1.0,1,1.0,1,0.3185978690710278,57
4738,2,8107,3835,4272,0,0,0,1.0,1,1.0,1,1.0,1,0.29483254277580445,57
4739,0,8107,3835,4272,0,0,0,1.0,1,1.0,1,1.0,1,0.29483254277580445,57
4740,2,8109,3835,4274,0,0,0,1.0,1,1.0,1,1.0,1,0.29488191213199455,57
4741,0,8109,3835,4274,0,0,0,1.0,1,1.0,1,1.0,1,0.3001682179428844,58
4742,3,8112,3837,4275,0,0,0,1.0,1,1.0,1,1.0,1,0.2998434236259792,58
4743,1,8113,3837,4276,0,0,0,1.0,1,1.0,1,1.0,1,0.26816353610231447,56
4744,1,8114,3838,4276,0,0,0,1.0,1,1.0,1,1.0,1,0.27717010460141994,57
4745,2,8116,3839,4277,0,0,0,1.0,1,1.0,1,1.0,1,0.2649774598456945,56
4746,2,8118,3840,4278,0,0,0,1.0,1,1.0,1,1.0,1,0.2742496502019094,56
4747,4,8122,3842,4280,0,0,0,1.0,1,1.0,1,1.0,1,0.2650753655444897,55
4748,3,8125,3845,4280,0,0,0,1.0,1,1.0,1,1.0,1,0.2936429176237468,55
4749,1,8126,3846,4280,0,0,0,1.0,1,1.0,1,1.0,1,0.3097242009584383,54
4750,3,8129,3848,4281,0,0,0,1.0,1,1.0,1,1.0,1,0.29170965244429964,53
4751,6,8135,3849,4286,0,0,0,1.0,1,1.0,1,1.0,1,0.29196897222686263,53
4752,3,8138,3850,4288,0,0,0,1.0,1,1.0,1,1.0,1,0.22027844210042488,53
4753,0,8138,3850,4288,0,0,0,1.0,1,1.0,1,1.0,1,0.23885559229838302,52
4754,2,8140,3850,4290,0,0,0,1.0,1,1.0,1,1.0,1,0.22042268578548915,52
4755,0,8140,3850,4290,0,0,0,1.0,1,1.0,1,1.0,1,0.2296874062411984,51
4756,1,8141,3851,4290,0,0,0,1.0,1,1.0,1,1.0,1,0.25095336506051136,52
4757,0,8141,3851,4290,0,0,0,1.0,1,1.0,1,1.0,1,0.24825895462267206,51
4758,0,8141,3851,4290,0,0,0,1.0,1,1.0,1,1.0,1,0.24825895462267206,51
4759,1,8142,3852,4290,0,0,0,1.0,1,1.0,1,1.0,1,0.26070541527062485,51
4760,4,8146,3852,4294,0,0,0,1.0,1,1.0,1,1.0,1,0.2013756234969384,52
4761,3,8149,3854,4295,0,0,0,1.0,1,1.0,1,1.0,1,0.2104799355458944,50
4762,2,8151,3854,4297,0,0,0,1.0,1,1.0,1,1.0,1,0.2022669581141546,51
4763,3,8154,3855,4299,0,0,0,1.0,1,1.0,1,1.0,1,0.21963980019733365,51
4764,2,8156,3857,4299,0,0,0,1.0,1,1.0,1,1.0,1,0.23046800065360026,53
4765,5,8161,3858,4303,0,0,0,1.0,1,1.0,1,1.0,1,0.20473613193614926,53
4766,3,8164,3859,4305,0,0,0,1.0,1,1.0,1,1.0,1,0.19129988099589124,55
4767,2,8166,3860,4306,0,0,0,1.0,1,1.0,1,1.0,1,0.18288682717272067,56
4768,1,8167,3860,4307,0,0,0,1.0,1,1.0,1,1.0,1,0.17918261848263822,56
4769,0,8167,3860,4307,0,0,0,1.0,1,1.0,1,1.0,1,0.17918261848263822,56
4770,1,8168,3860,4308,0,0,0,1.0,1,1.0,1,1.0,1,0.19191330518036356,56
4771,4,8172,3860,4312,0,0,0,1.0,1,1.0,1,1.0,1,0.13198908582789404,55
4772,1,8173,3860,4313,0,0,0,1.0,1,1.0,1,1.0,1,0.12173862610597705,56
4773,0,8173,3860,4313,0,0,0,1.0,1,1.0,1,1.0,1,0.12173862610597705,56
4774,1,8174,3860,4314,0,0,0,1.0,1,1.0,1,1.0,1,0.1082383178556991,58
4775,0,8174,3860,4314,0,0,0,1.0,1,1.0,1,1.0,1,0.11540130921333801,59
4776,0,8174,3860,4314,0,0,0,1.0,1,1.0,1,1.0,1,0.11540130921333801,59
4777,1,8175,3861,4314,0,0,0,1.0,1,1.0,1,1.0,1,0.14339372447856577,60
4778,1,8176,3861,4315,0,0,0,1.0,1,1.0,1,1.0,1,0.13749876159640034,60
4779,1,8177,3861,4316,0,0,0,1.0,1,1.0,1,1.0,1,0.15036651827921216,61
4780,1,8178,3861,4317,0,0,0,1.0,1,1.0,1,1.0,1,0.1548572989680232,63
4781,2,8180,3861,4319,0,0,0,1.0,1,1.0,1,1.0,1,0.15447998171072921,62
4782,2,8182,3863,4319,0,0,0,1.0,1,1.0,1,1.0,1,0.2043310667875416,63
4783,5,8187,3866,4321,0,0,0,1.0,1,1.0,1,1.0,1,0.17645000324247295,62
4784,4,8191,3868,4323,0,0,0,1.0,1,1.0,1,1.0,1,0.2041816325896104,62
4785,4,8195,3870,4325,0,0,0,1.0,1,1.0,1,1.0,1,0.1910431196298399,62
4786,2,8197,3871,4326,0,0,0,1.0,1,1.0,1,1.0,1,0.20306344005107954,63
4787,3,8200,3874,4326,0,0,0,1.0,1,1.0,1,1.0,1,0.2048676911929871,62
4788,6,8206,3877,4329,0,0,0,1.0,1,1.0,1,1.0,1,0.18895250699999055,62
4789,3,8209,3879,4330,0,0,0,1.0,1,1.0,1,1.0,1,0.18765247871960802,60
4790,6,8215,3883,4332,0,0,0,1.0,1,1.0,1,1.0,1,0.15075836335096923,61
4791,2,8217,3884,4333,0,0,0,1.0,1,1.0,1,1.0,1,0.16319873670158386,60
4792,2,8219,3886,4333,0,0,0,1.0,1,1.0,1,1.0,1,0.1883542985579063,60
4793,4,8223,3888,4335,0,0,0,1.0,1,1.0,1,1.0,1,0.15201827100108753,61
4794,1,8224,3889,4335,0,0,0,1.0,1,1.0,1,1.0,1,0.16235891043350814,59
4795,3,8227,3890,4337,0,0,0,1.0,1,1.0,1,1.0,1,0.1341142398454459,61
4796,2,8229,3891,4338,0,0,0,1.0,1,1.0,1,1.0,1,0.10320197813523754,59
4797,0,8229,3891,4338,0,0,0,1.0,1,1.0,1,1.0,1,0.1126565261981723,58
4798,1,8230,3891,4339,0,0,0,1.0,1,1.0,1,1.0,1,0.07381182717437416,59
4799,1,8231,3892,4339,0,0,0,1.0,1,1.0,1,1.0,1,0.10611706970591497,57
4800,3,8234,3893,4341,0,0,0,1.0,1,1.0,1,1.0,1,0.11208629040508808,58
4801,4,8238,3895,4343,0,0,0,1.0,1,1.0,1,1.0,1,0.07036981453332135,57
4802,1,8239,3896,4343,0,0,0,1.0,1,1.0,1,1.0,1,0.0937078538898489,57
4803,2,8241,3898,4343,0,0,0,1.0,1,1.0,1,1.0,1,0.10960900167139315,56
4804,0,8241,3898,4343,0,0,0,1.0,1,1.0,1,1.0,1,0.11255171015884838,54
4805,1,8242,3898,4344,0,0,0,1.0,1,1.0,1,1.0,1,0.09297237497810337,56
4806,0,8242,3898,4344,0,0,0,1.0,1,1.0,1,1.0,1,0.08781749404373683,55
4807,0,8242,3898,4344,0,0,0,1.0,1,1.0,1,1.0,1,0.09195877170187446,54
4808,0,8242,3898,4344,0,0,0,1.0,1,1.0,1,1.0,1,0.12836930989025663,53
4809,1,8243,3899,4344,0,0,0,1.0,1,1.0,1,1.0,1,0.12541207541308447,53
4810,1,8244,3900,4344,0,0,0,1.0,1,1.0,1,1.0,1,0.12978411977907758,51
4811,1,8245,3901,4344,0,0,0,1.0,1,1.0,1,1.0,1,0.11627215698145629,52
4812,0,8245,3901,4344,0,0,0,1.0,1,1.0,1,1.0,1,0.1460700861238741,52
4813,0,8245,3901,4344,0,0,0,1.0,1,1.0,1,1.0,1,0.1460700861238741,52
4814,6,8251,3906,4345,0,0,0,1.0,1,1.0,1,1.0,1,0.1968660202526756,53
4815,6,8257,3909,4348,0,0,0,1.0,1,1.0,1,1.0,1,0.1787999815796349,54
4816,0,8257,3909,4348,0,0,0,1.0,1,1.0,1,1.0,1,0.1787999815796349,54
4817,6,8263,3914,4349,0,0,0,1.0,1,1.0,1,1.0,1,0.2724418957096617,55
4818,5,8268,3917,4351,0,0,0,1.0,1,1.0,1,1.0,1,0.21850916039664373,55
4819,2,8270,3918,4352,0,0,0,1.0,1,1.0,1,1.0,1,0.23895512457876375,55
4820,4,8274,3920,4354,0,0,0,1.0,1,1.0,1,1.0,1,0.21698621913982838,55
4821,4,8278,3922,4356,0,0,0,1.0,1,1.0,1,1.0,1,0.18292938307011117,55
4822,1,8279,3923,4356,0,0,0,1.0,1,1.0,1,1.0,1,0.1844424143836454,54
4823,2,8281,3923,4358,0,0,0,1.0,1,1.0,1,1.0,1,0.1283830396591861,54
4824,3,8284,3924,4360,0,0,0,1.0,1,1.0,1,1.0,1,0.09205864879383932,55
4825,1,8285,3925,4360,0,0,0,1.0,1,1.0,1,1.0,1,0.08517555117435915,53
4826,2,8287,3927,4360,0,0,0,1.0,1,1.0,1,1.0,1,0.09201457547698384,54
4827,1,8288,3927,4361,0,0,0,1.0,1,1.0,1,1.0,1,0.08318743054064948,53
4828,0,8288,3927,4361,0,0,0,1.0,1,1.0,1,1.0,1,0.07676230448397275,54
4829,0,8288,3927,4361,0,0,0,1.0,1,1.0,1,1.0,1,0.07941706166588838,54
4830,3,8291,3929,4362,0,0,0,1.0,1,1.0,1,1.0,1,0.11755355617121437,53
4831,1,8292,3930,4362,0,0,0,1.0,1,1.0,1,1.0,1,0.12662310889775685,52
4832,0,8292,3930,4362,0,0,0,1.0,1,1.0,1,1.0,1,0.13758295263105558,50
4833,1,8293,3930,4363,0,0,0,1.0,1,1.0,1,1.0,1,0.1391362336113047,51
4834,2,8295,3931,4364,0,0,0,1.0,1,1.0,1,1.0,1,0.1805430057885195,51
4835,0,8295,3931,4364,0,0,0,1.0,1,1.0,1,1.0,1,0.16966017939240108,50
4836,3,8298,3933,4365,0,0,0,1.0,1,1.0,1,1.0,1,0.2334293685531875,50
4837,1,8299,3934,4365,0,0,0,1.0,1,1.0,1,1.0,1,0.24611844101475,46
4838,5,8304,3937,4367,0,0,0,1.0,1,1.0,1,1.0,1,0.24850997527318303,47
4839,1,8305,3938,4367,0,0,0,1.0,1,1.0,1,1.0,1,0.28339160840444555,45
4840,1,8306,3939,4367,0,0,0,1.0,1,1.0,1,1.0,1,0.2818375355515727,45
4841,3,8309,3940,4369,0,0,0,1.0,1,1.0,1,1.0,1,0.27716337162200555,43
4842,1,8310,3940,4370,0,0,0,1.0,1,1.0,1,1.0,1,0.22784224104112646,43
4843,6,8316,3942,4374,0,0,0,1.0,1,1.0,1,1.0,1,0.19952020807203227,44
4844,0,8316,3942,4374,0,0,0,1.0,1,1.0,1,1.0,1,0.2266353582709443,43
4845,2,8318,3944,4374,0,0,0,1.0,1,1.0,1,1.0,1,0.2637277333885354,44
4846,0,8318,3944,4374,0,0,0,1.0,1,1.0,1,1.0,1,0.24959156125407797,43
4847,1,8319,3945,4374,0,0,0,1.0,1,1.0,1,1.0,1,0.29428035126266683,42
4848,2,8321,3947,4374,0,0,0,1.0,1,1.0,1,1.0,1,0.2502783007733746,41
4849,0,8321,3947,4374,0,0,0,1.0,1,1.0,1,1.0,1,0.19854105564742738,41
4850,0,8321,3947,4374,0,0,0,1.0,1,1.0,1,1.0,1,0.23743777089318877,41
4851,1,8322,3947,4375,0,0,0,1.0,1,1.0,1,1.0,1,0.21482620257176693,41
4852,2,8324,3948,4376,0,0,0,1.0,1,1.0,1,1.0,1,0.27005123718335083,43
4853,4,8328,3949,4379,0,0,0,1.0,1,1.0,1,1.0,1,0.2941041185356117,44
4854,2,8330,3950,4380,0,0,0,1.0,1,1.0,1,1.0,1,0.33594606368802626,45
4855,0,8330,3950,4380,0,0,0,1.0,1,1.0,1,1.0,1,0.32993628374181444,44
4856,0,8330,3950,4380,0,0,0,1.0,1,1.0,1,1.0,1,0.32993628374181444,44
4857,6,8336,3950,4386,0,0,0,1.0,1,1.0,1,1.0,1,0.30920478202548746,44
4858,1,8337,3950,4387,0,0,0,1.0,1,1.0,1,1.0,1,0.32188452899459374,45
4859,2,8339,3950,4389,0,0,0,1.0,1,1.0,1,1.0,1,0.3240398897377147,46
4860,0,8339,3950,4389,0,0,0,1.0,1,1.0,1,1.0,1,0.3240398897377147,46
4861,4,8343,3950,4393,0,0,0,1.0,1,1.0,1,1.0,1,0.21368410625870554,46
4862,4,8347,3950,4397,0,0,0,1.0,1,1.0,1,1.0,1,0.15154448152776465,47
4863,1,8348,3951,4397,0,0,0,1.0,1,1.0,1,1.0,1,0.1640822198452134,47
4864,2,8350,3951,4399,0,0,0,1.0,1,1.0,1,1.0,1,0.15936729208348355,47
4865,2,8352,3951,4401,0,0,0,1.0,1,1.0,1,1.0,1,0.12661612073500506,48
4866,2,8354,3951,4403,0,0,0,1.0,1,1.0,1,1.0,1,0.11853545667407155,49
4867,0,8354,3951,4403,0,0,0,1.0,1,1.0,1,1.0,1,0.13755059608219278,50
4868,1,8355,3952,4403,0,0,0,1.0,1,1.0,1,1.0,1,0.13708818117375607,50
4869,0,8355,3952,4403,0,0,0,1.0,1,1.0,1,1.0,1,0.13708818117375607,50
4870,6,8361,3955,4406,0,0,0,1.0,1,1.0,1,1.0,1,0.15777137107503325,52
4871,1,8362,3955,4407,0,0,0,1.0,1,1.0,1,1.0,1,0.14055528861678757,52
4872,0,8362,3955,4407,0,0,0,1.0,1,1.0,1,1.0,1,0.12346767786552636,53
4873,1,8363,3956,4407,0,0,0,1.0,1,1.0,1,1.0,1,0.1725665011926532,55
4874,0,8363,3956,4407,0,0,0,1.0,1,1.0,1,1.0,1,0.18005641594491664,56
4875,2,8365,3957,4408,0,0,0,1.0,1,1.0,1,1.0,1,0.2089275296145026,55
4876,1,8366,3957,4409,0,0,0,1.0,1,1.0,1,1.0,1,0.19640692578209493,55
4877,1,8367,3958,4409,0,0,0,1.0,1,1.0,1,1.0,1,0.18903539446598158,54
4878,2,8369,3959,4410,0,0,0,1.0,1,1.0,1,1.0,1,0.1644933786069774,53
4879,6,8375,3962,4413,0,0,0,1.0,1,1.0,1,1.0,1,0.249717684228618,54
4880,4,8379,3963,4416,0,0,0,1.0,1,1.0,1,1.0,1,0.24930424302302734,54
4881,1,8380,3963,4417,0,0,0,1.0,1,1.0,1,1.0,1,0.22144020712913193,53
4882,1,8381,3964,4417,0,0,0,1.0,1,1.0,1,1.0,1,0.26143319463249876,53
4883,1,8382,3964,4418,0,0,0,1.0,1,1.0,1,1.0,1,0.24276241274421284,53
4884,0,8382,3964,4418,0,0,0,1.0,1,1.0,1,1.0,1,0.2499019800851361,51
4885,1,8383,3965,4418,0,0,0,1.0,1,1.0,1,1.0,1,0.2738214390899685,50
4886,0,8383,3965,4418,0,0,0,1.0,1,1.0,1,1.0,1,0.2788627412812749,48
4887,0,8383,3965,4418,0,0,0,1.0,1,1.0,1,1.0,1,0.2788627412812749,48
4888,1,8384,3966,4418,0,0,0,1.0,1,1.0,1,1.0,1,0.2862172719019579,48
4889,0,8384,3966,4418,0,0,0,1.0,1,1.0,1,1.0,1,0.2862172719019579,48
4890,0,8384,3966,4418,0,0,0,1.0,1,1.0,1,1.0,1,0.28461652936234155,49
4891,5,8389,3967,4422,0,0,0,1.0,1,1.0,1,1.0,1,0.2738580527299573,50
4892,0,8389,3967,4422,0,0,0,1.0,1,1.0,1,1.0,1,0.2854720081573633,49
4893,0,8389,3967,4422,0,0,0,1.0,1,1.0,1,1.0,1,0.2923320351399436,50
4894,0,8389,3967,4422,0,0,0,1.0,1,1.0,1,1.0,1,0.2954495244701184,51
4895,2,8391,3967,4424,0,0,0,1.0,1,1.0,1,1.0,1,0.2801584615620101,52
4896,4,8395,3968,4427,0,0,0,1.0,1,1.0,1,1.0,1,0.21646211653560313,53
4897,0,8395,3968,4427,0,0,0,1.0,1,1.0,1,1.0,1,0.21646211653560313,53
4898,2,8397,3970,4427,0,0,0,1.0,1,1.0,1,1.0,1,0.1925749013410526,53
4899,2,8399,3972,4427,0,0,0,1.0,1,1.0,1,1.0,1,0.16322278309302737,55
4900,1,8400,3973,4427,0,0,0,1.0,1,1.0,1,1.0,1,0.19306730633223484,55
4901,1,8401,3974,4427,0,0,0,1.0,1,1.0,1,1.0,1,0.19182200722827242,56
4902,1,8402,3975,4427,0,0,0,1.0,1,1.0,1,1.0,1,0.23662191812566427,58
4903,4,8406,3978,4428,0,0,0,1.0,1,1.0,1,1.0,1,0.21928983203957197,58
4904,3,8409,3981,4428,0,0,0,1.0,1,1.0,1,1.0,1,0.22887558564607674,57
4905,0,8409,3981,4428,0,0,0,1.0,1,1.0,1,1.0,1,0.23641562342425362,54
4906,1,8410,3982,4428,0,0,0,1.0,1,1.0,1,1.0,1,0.2629608183322527,55
4907,0,8410,3982,4428,0,0,0,1.0,1,1.0,1,1.0,1,0.27479447123290446,52
4908,4,8414,3983,4431,0,0,0,1.0,1,1.0,1,1.0,1,0.25083623516068504,53
4909,0,8414,3983,4431,0,0,0,1.0,1,1.0,1,1.0,1,0.2551701261448057,52
4910,2,8416,3983,4433,0,0,0,1.0,1,1.0,1,1.0,1,0.267114006920462,53
4911,4,8420,3983,4437,0,0,0,1.0,1,1.0,1,1.0,1,0.22380300307796677,55
4912,5,8425,3984,4441,0,0,0,1.0,1,1.0,1,1.0,1,0.2036954514264296,54
4913,2,8427,3984,4443,0,0,0,1.0,1,1.0,1,1.0,1,0.16578962507093262,53
4914,1,8428,3984,4444,0,0,0,1.0,1,1.0,1,1.0,1,0.1803411715479623,53
4915,2,8430,3985,4445,0,0,0,1.0,1,1.0,1,1.0,1,0.18303613241296635,54
4916,4,8434,3986,4448,0,0,0,1.0,1,1.0,1,1.0,1,0.2363873708218361,52
4917,3,8437,3986,4451,0,0,0,1.0,1,1.0,1,1.0,1,0.22077425743776039,52
4918,3,8440,3986,4454,0,0,0,1.0,1,1.0,1,1.0,1,0.2370627553124171,51
4919,3,8443,3986,4457,0,0,0,1.0,1,1.0,1,1.0,1,0.24151244670788577,50
4920,5,8448,3986,4462,0,0,0,1.0,1,1.0,1,1.0,1,0.2284740116302767,51
4921,3,8451,3987,4464,0,0,0,1.0,1,1.0,1,1.0,1,0.18939007176445555,51
4922,2,8453,3988,4465,0,0,0,1.0,1,1.0,1,1.0,1,0.21524105348054157,53
4923,0,8453,3988,4465,0,0,0,1.0,1,1.0,1,1.0,1,0.21524105348054157,53
4924,2,8455,3989,4466,0,0,0,1.0,1,1.0,1,1.0,1,0.19582162029436248,55
4925,2,8457,3991,4466,0,0,0,1.0,1,1.0,1,1.0,1,0.18734808623167407,56
4926,0,8457,3991,4466,0,0,0,1.0,1,1.0,1,1.0,1,0.17114627247557487,55
4927,2,8459,3993,4466,0,0,0,1.0,1,1.0,1,1.0,1,0.1750180064416127,55
4928,0,8459,3993,4466,0,0,0,1.0,1,1.0,1,1.0,1,0.1750180064416127,55
4929,1,8460,3993,4467,0,0,0,1.0,1,1.0,1,1.0,1,0.144320079643559,56
4930,3,8463,3995,4468,0,0,0,1.0,1,1.0,1,1.0,1,0.17883702813806907,58
4931,0,8463,3995,4468,0,0,0,1.0,1,1.0,1,1.0,1,0.16986772189632432,59
4932,2,8465,3995,4470,0,0,0,1.0,1,1.0,1,1.0,1,0.1704976423653947,60
4933,0,8465,3995,4470,0,0,0,1.0,1,1.0,1,1.0,1,0.1704976423653947,60
4934,1,8466,3996,4470,0,0,0,1.0,1,1.0,1,1.0,1,0.17373287659656786,60
4935,0,8466,3996,4470,0,0,0,1.0,1,1.0,1,1.0,1,0.17373287659656786,60
4936,1,8467,3997,4470,0,0,0,1.0,1,1.0,1,1.0,1,0.20055630987691664,61
4937,2,8469,3997,4472,0,0,0,1.0,1,1.0,1,1.0,1,0.2020511174451531,62
4938,2,8471,3997,4474,0,0,0,1.0,1,1.0,1,1.0,1,0.17578586814921493,62
4939,5,8476,4000,4476,0,0,0,1.0,1,1.0,1,1.0,1,0.1873151821203222,64
4940,3,8479,4000,4479,0,0,0,1.0,1,1.0,1,1.0,1,0.1524965998783679,67
4941,1,8480,4000,4480,0,0,0,1.0,1,1.0,1,1.0,1,0.14939136914411713,66
4942,2,8482,4002,4480,0,0,0,1.0,1,1.0,1,1.0,1,0.17475210547457368,67
4943,1,8483,4002,4481,0,0,0,1.0,1,1.0,1,1.0,1,0.17937747355734443,65
4944,1,8484,4003,4481,0,0,0,1.0,1,1.0,1,1.0,1,0.18639355226725243,65
4945,1,8485,4004,4481,0,0,0,1.0,1,1.0,1,1.0,1,0.20579837696976128,62
4946,1,8486,4005,4481,0,0,0,1.0,1,1.0,1,1.0,1,0.21855087150456665,61
4947,4,8490,4008,4482,0,0,0,1.0,1,1.0,1,1.0,1,0.24270747783667898,59
4948,3,8493,4009,4484,0,0,0,1.0,1,1.0,1,1.0,1,0.2159467087191308,59
4949,3,8496,4011,4485,0,0,0,1.0,1,1.0,1,1.0,1,0.21701384153708791,57
4950,7,8503,4015,4488,0,0,0,1.0,1,1.0,1,1.0,1,0.24109547525714373,58
4951,5,8508,4019,4489,0,0,0,1.0,1,1.0,1,1.0,1,0.19690917028548718,55
4952,2,8510,4020,4490,0,0,0,1.0,1,1.0,1,1.0,1,0.19459747692448473,53
4953,3,8513,4022,4491,0,0,0,1.0,1,1.0,1,1.0,1,0.2173549680210642,54
4954,0,8513,4022,4491,0,0,0,1.0,1,1.0,1,1.0,1,0.22193272991133176,52
4955,1,8514,4023,4491,0,0,0,1.0,1,1.0,1,1.0,1,0.22873503449125293,51
4956,0,8514,4023,4491,0,0,0,1.0,1,1.0,1,1.0,1,0.27116195080092736,47
4957,2,8516,4024,4492,0,0,0,1.0,1,1.0,1,1.0,1,0.24414392375723198,48
4958,0,8516,4024,4492,0,0,0,1.0,1,1.0,1,1.0,1,0.2317174406603797,47
4959,0,8516,4024,4492,0,0,0,1.0,1,1.0,1,1.0,1,0.2317174406603797,47
4960,1,8517,4024,4493,0,0,0,1.0,1,1.0,1,1.0,1,0.23290694045925295,48
4961,4,8521,4025,4496,0,0,0,1.0,1,1.0,1,1.0,1,0.17574307191586058,49
4962,0,8521,4025,4496,0,0,0,1.0,1,1.0,1,1.0,1,0.17574307191586058,49
4963,1,8522,4026,4496,0,0,0,1.0,1,1.0,1,1.0,1,0.1973326513291624,51
4964,2,8524,4028,4496,0,0,0,1.0,1,1.0,1,1.0,1,0.2396297808193737,51
4965,3,8527,4030,4497,0,0,0,1.0,1,1.0,1,1.0,1,0.2036111821407232,51
4966,1,8528,4030,4498,0,0,0,1.0,1,1.0,1,1.0,1,0.17466024001889732,51
4967,4,8532,4034,4498,0,0,0,1.0,1,1.0,1,1.0,1,0.19162768403326835,51
4968,4,8536,4036,4500,0,0,0,1.0,1,1.0,1,1.0,1,0.23430266214953246,52
4969,5,8541,4038,4503,0,0,0,1.0,1,1.0,1,1.0,1,0.2566286178427352,53
4970,5,8546,4039,4507,0,0,0,1.0,1,1.0,1,1.0,1,0.25573248356655215,54
4971,4,8550,4039,4511,0,0,0,1.0,1,1.0,1,1.0,1,0.2058580688895305,55
4972,0,8550,4039,4511,0,0,0,1.0,1,1.0,1,1.0,1,0.23001876434892235,56
4973,2,8552,4041,4511,0,0,0,1.0,1,1.0,1,1.0,1,0.22169354645480152,57
4974,2,8554,4041,4513,0,0,0,1.0,1,1.0,1,1.0,1,0.20133680061115702,56
4975,1,8555,4041,4514,0,0,0,1.0,1,1.0,1,1.0,1,0.19088505284738372,57
4976,2,8557,4042,4515,0,0,0,1.0,1,1.0,1,1.0,1,0.205879092506236,57
4977,1,8558,4042,4516,0,0,0,1.0,1,1.0,1,1.0,1,0.17843002541373396,57
4978,3,8561,4044,4517,0,0,0,1.0,1,1.0,1,1.0,1,0.1976577478233132,58
4979,1,8562,4045,4517,0,0,0,1.0,1,1.0,1,1.0,1,0.2241948415520207,58
4980,6,8568,4047,4521,0,0,0,1.0,1,1.0,1,1.0,1,0.21420113646433284,59
4981,6,8574,4048,4526,0,0,0,1.0,1,1.0,1,1.0,1,0.19212301169282525,60
4982,3,8577,4048,4529,0,0,0,1.0,1,1.0,1,1.0,1,0.13679107514404937,61
4983,5,8582,4051,4531,0,0,0,1.0,1,1.0,1,1.0,1,0.1306220942710376,61
4984,2,8584,4052,4532,0,0,0,1.0,1,1.0,1,1.0,1,0.13518595996194868,59
4985,0,8584,4052,4532,0,0,0,1.0,1,1.0,1,1.0,1,0.13761236445197267,58
4986,3,8587,4053,4534,0,0,0,1.0,1,1.0,1,1.0,1,0.13965509176488583,59
4987,1,8588,4054,4534,0,0,0,1.0,1,1.0,1,1.0,1,0.1761099539710953,58
4988,0,8588,4054,4534,0,0,0,1.0,1,1.0,1,1.0,1,0.1720748573029697,57
4989,4,8592,4057,4535,0,0,0,1.0,1,1.0,1,1.0,1,0.1780463152513296,54
4990,1,8593,4057,4536,0,0,0,1.0,1,1.0,1,1.0,1,0.1983233515781594,53
4991,9,8602,4062,4540,0,0,0,1.0,1,1.0,1,1.0,1,0.2110340085878282,52
4992,4,8606,4064,4542,0,0,0,1.0,1,1.0,1,1.0,1,0.21995187067235628,48
4993,0,8606,4064,4542,0,0,0,1.0,1,1.0,1,1.0,1,0.21995187067235628,48
4994,1,8607,4065,4542,0,0,0,1.0,1,1.0,1,1.0,1,0.20802626799349402,45
4995,1,8608,4066,4542,0,0,0,1.0,1,1.0,1,1.0,1,0.19156548221651043,45
4996,2,8610,4067,4543,0,0,0,1.0,1,1.0,1,1.0,1,0.14975143785197617,45
4997,1,8611,4068,4543,0,0,0,1.0,1,1.0,1,1.0,1,0.16886102382936213,42
4998,1,8612,4069,4543,0,0,0,1.0,1,1.0,1,1.0,1,0.21719207664363668,44
4999,4,8616,4071,4545,0,0,0,1.0,1,1.0,1,1.0,1,0.2815702038489477,44
5000,1,8617,4072,4545,0,0,0,1.0,1,1.0,1,1.0,1,0.32705186122380475,42
5001,1,8618,4072,4546,0,0,0,1.0,1,1.0,1,1.0,1,0.31145604441244124,42
5002,1,8619,4073,4546,0,0,0,1.0,1,1.0,1,1.0,1,0.34622242372886214,41
5003,5,8624,4074,4550,0,0,0,1.0,1,1.0,1,1.0,1,0.3446719396324817,41
5004,1,8625,4074,4551,0,0,0,1.0,1,1.0,1,1.0,1,0.33196310859181943,41
5005,0,8625,4074,4551,0,0,0,1.0,1,1.0,1,1.0,1,0.33196310859181943,41
5006,1,8626,4074,4552,0,0,0,1.0,1,1.0,1,1.0,1,0.31006662768337134,42
5007,0,8626,4074,4552,0,0,0,1.0,1,1.0,1,1.0,1,0.30895510320146735,43
5008,1,8627,4074,4553,0,0,0,1.0,1,1.0,1,1.0,1,0.28055216109254394,46
5009,1,8628,4075,4553,0,0,0,1.0,1,1.0,1,1.0,1,0.2906042892813401,46
5010,0,8628,4075,4553,0,0,0,1.0,1,1.0,1,1.0,1,0.30068323632239374,46
5011,1,8629,4075,4554,0,0,0,1.0,1,1.0,1,1.0,1,0.29565843899134125,47
5012,0,8629,4075,4554,0,0,0,1.0,1,1.0,1,1.0,1,0.29994033120925656,48
5013,0,8629,4075,4554,0,0,0,1.0,1,1.0,1,1.0,1,0.29994033120925656,48
5014,0,8629,4075,4554,0,0,0,1.0,1,1.0,1,1.0,1,0.2986482028221506,49
5015,1,8630,4075,4555,0,0,0,1.0,1,1.0,1,1.0,1,0.2874784590251824,50
5016,1,8631,4076,4555,0,0,0,1.0,1,1.0,1,1.0,1,0.3342843506728727,51
5017,3,8634,4076,4558,0,0,0,1.0,1,1.0,1,1.0,1,0.2849150015922078,51
5018,1,8635,4077,4558,0,0,0,1.0,1,1.0,1,1.0,1,0.2622825457225758,51
5019,1,8636,4078,4558,0,0,0,1.0,1,1.0,1,1.0,1,0.28257321523235257,51
5020,1,8637,4078,4559,0,0,0,1.0,1,1.0,1,1.0,1,0.27154509333750965,51
5021,3,8640,4078,4562,0,0,0,1.0,1,1.0,1,1.0,1,0.2300961003366287,52
5022,2,8642,4080,4562,0,0,0,1.0,1,1.0,1,1.0,1,0.23995654440966854,52
5023,3,8645,4083,4562,0,0,0,1.0,1,1.0,1,1.0,1,0.2973334409055385,52
5024,4,8649,4085,4564,0,0,0,1.0,1,1.0,1,1.0,1,0.3166088882174071,51
5025,0,8649,4085,4564,0,0,0,1.0,1,1.0,1,1.0,1,0.3039758860409609,50
5026,1,8650,4085,4565,0,0,0,1.0,1,1.0,1,1.0,1,0.29609146324168656,49
5027,2,8652,4086,4566,0,0,0,1.0,1,1.0,1,1.0,1,0.268032608234436,47
5028,1,8653,4087,4566,0,0,0,1.0,1,1.0,1,1.0,1,0.2914590752695918,47
5029,3,8656,4090,4566,0,0,0,1.0,1,1.0,1,1.0,1,0.3181352080459013,46
5030,2,8658,4091,4567,0,0,0,1.0,1,1.0,1,1.0,1,0.26811582399003336,48
5031,3,8661,4092,4569,0,0,0,1.0,1,1.0,1,1.0,1,0.2655606570201322,46
5032,1,8662,4093,4569,0,0,0,1.0,1,1.0,1,1.0,1,0.3050109596784984,46
5033,1,8663,4093,4570,0,0,0,1.0,1,1.0,1,1.0,1,0.2976025883495646,47
5034,1,8664,4094,4570,0,0,0,1.0,1,1.0,1,1.0,1,0.2846709662287951,48
5035,0,8664,4094,4570,0,0,0,1.0,1,1.0,1,1.0,1,0.2733387935621659,47
5036,1,8665,4095,4570,0,0,0,1.0,1,1.0,1,1.0,1,0.29582588391426984,47
5037,0,8665,4095,4570,0,0,0,1.0,1,1.0,1,1.0,1,0.2857950032612565,47
5038,1,8666,4096,4570,0,0,0,1.0,1,1.0,1,1.0,1,0.321120219732392,48
5039,0,8666,4096,4570,0,0,0,1.0,1,1.0,1,1.0,1,0.3051282656686884,47
5040,0,8666,4096,4570,0,0,0,1.0,1,1.0,1,1.0,1,0.31400158030266423,48
5041,4,8670,4096,4574,0,0,0,1.0,1,1.0,1,1.0,1,0.25014160309715466,49
5042,0,8670,4096,4574,0,0,0,1.0,1,1.0,1,1.0,1,0.266728702740532,50
5043,0,8670,4096,4574,0,0,0,1.0,1,1.0,1,1.0,1,0.24645162880437033,51
5044,1,8671,4096,4575,0,0,0,1.0,1,1.0,1,1.0,1,0.22690150347278404,51
5045,1,8672,4097,4575,0,0,0,1.0,1,1.0,1,1.0,1,0.2399987247064001,51
5046,1,8673,4097,4576,0,0,0,1.0,1,1.0,1,1.0,1,0.23664958080366305,52
5047,0,8673,4097,4576,0,0,0,1.0,1,1.0,1,1.0,1,0.23453651273725534,52
5048,0,8673,4097,4576,0,0,0,1.0,1,1.0,1,1.0,1,0.23453651273725534,52
5049,1,8674,4097,4577,0,0,0,1.0,1,1.0,1,1.0,1,0.25340094438965555,52
5050,2,8676,4098,4578,0,0,0,1.0,1,1.0,1,1.0,1,0.2510273896058121,55
5051,3,8679,4098,4581,0,0,0,1.0,1,1.0,1,1.0,1,0.24664693311994262,55
5052,1,8680,4098,4582,0,0,0,1.0,1,1.0,1,1.0,1,0.23909814286085299,55
5053,0,8680,4098,4582,0,0,0,1.0,1,1.0,1,1.0,1,0.25482595329648,54
5054,2,8682,4099,4583,0,0,0,1.0,1,1.0,1,1.0,1,0.24345131657707453,54
5055,0,8682,4099,4583,0,0,0,1.0,1,1.0,1,1.0,1,0.2773779305475793,54
5056,1,8683,4100,4583,0,0,0,1.0,1,1.0,1,1.0,1,0.2783886014147923,55
5057,1,8684,4100,4584,0,0,0,1.0,1,1.0,1,1.0,1,0.2714602781720408,56
5058,1,8685,4100,4585,0,0,0,1.0,1,1.0,1,1.0,1,0.26386927379730585,58
5059,2,8687,4100,4587,0,0,0,1.0,1,1.0,1,1.0,1,0.22747113321605844,58
5060,4,8691,4101,4590,0,0,0,1.0,1,1.0,1,1.0,1,0.18598696139699133,59
5061,2,8693,4101,4592,0,0,0,1.0,1,1.0,1,1.0,1,0.18030293027779662,58
5062,4,8697,4103,4594,0,0,0,1.0,1,1.0,1,1.0,1,0.16331728881744642,58
5063,5,8702,4106,4596,0,0,0,1.0,1,1.0,1,1.0,1,0.1742749458544178,57
5064,2,8704,4108,4596,0,0,0,1.0,1,1.0,1,1.0,1,0.22505794331966136,57
5065,2,8706,4110,4596,0,0,0,1.0,1,1.0,1,1.0,1,0.24164532658589347,56
5066,2,8708,4111,4597,0,0,0,1.0,1,1.0,1,1.0,1,0.24190511761803535,55
5067,2,8710,4111,4599,0,0,0,1.0,1,1.0,1,1.0,1,0.24570000107982382,54
5068,2,8712,4112,4600,0,0,0,1.0,1,1.0,1,1.0,1,0.2725421924628718,54
5069,1,8713,4112,4601,0,0,0,1.0,1,1.0,1,1.0,1,0.2633357189143581,53
5070,1,8714,4113,4601,0,0,0,1.0,1,1.0,1,1.0,1,0.29498664454790086,53
5071,7,8721,4114,4607,0,0,0,1.0,1,1.0,1,1.0,1,0.2000483129782848,53
5072,2,8723,4116,4607,0,0,0,1.0,1,1.0,1,1.0,1,0.20526551602732301,53
5073,1,8724,4116,4608,0,0,0,1.0,1,1.0,1,1.0,1,0.2091442760393789,53
5074,0,8724,4116,4608,0,0,0,1.0,1,1.0,1,1.0,1,0.17375627544336672,52
5075,0,8724,4116,4608,0,0,0,1.0,1,1.0,1,1.0,1,0.17375627544336672,52
5076,1,8725,4116,4609,0,0,0,1.0,1,1.0,1,1.0,1,0.17859468264311842,55
5077,6,8731,4117,4614,0,0,0,1.0,1,1.0,1,1.0,1,0.1843425067636505,55
5078,0,8731,4117,4614,0,0,0,1.0,1,1.0,1,1.0,1,0.1843425067636505,55
5079,0,8731,4117,4614,0,0,0,1.0,1,1.0,1,1.0,1,0.20192026827081633,54
5080,3,8734,4118,4616,0,0,0,1.0,1,1.0,1,1.0,1,0.22600353529257183,55
5081,3,8737,4118,4619,0,0,0,1.0,1,1.0,1,1.0,1,0.18426641519919082,57
5082,2,8739,4118,4621,0,0,0,1.0,1,1.0,1,1.0,1,0.16155337088045527,57
5083,3,8742,4119,4623,0,0,0,1.0,1,1.0,1,1.0,1,0.13845740519289462,58
5084,1,8743,4119,4624,0,0,0,1.0,1,1.0,1,1.0,1,0.11912468133299563,58
5085,3,8746,4120,4626,0,0,0,1.0,1,1.0,1,1.0,1,0.14423451312838603,59
5086,1,8747,4120,4627,0,0,0,1.0,1,1.0,1,1.0,1,0.1487381615749814,60
5087,4,8751,4122,4629,0,0,0,1.0,1,1.0,1,1.0,1,0.14916774636116,61
5088,3,8754,4123,4631,0,0,0,1.0,1,1.0,1,1.0,1,0.15759558558047143,62
5089,2,8756,4125,4631,0,0,0,1.0,1,1.0,1,1.0,1,0.17069885683015606,63
5090,3,8759,4125,4634,0,0,0,1.0,1,1.0,1,1.0,1,0.18420894729998188,63
5091,2,8761,4127,4634,0,0,0,1.0,1,1.0,1,1.0,1,0.2271846632671534,63
5092,1,8762,4127,4635,0,0,0,1.0,1,1.0,1,1.0,1,0.21665933508140353,63
5093,0,8762,4127,4635,0,0,0,1.0,1,1.0,1,1.0,1,0.21665933508140353,63
5094,1,8763,4128,4635,0,0,0,1.0,1,1.0,1,1.0,1,0.20846332456546465,64
5095,0,8763,4128,4635,0,0,0,1.0,1,1.0,1,1.0,1,0.20846332456546465,64
5096,4,8767,4129,4638,0,0,0,1.0,1,1.0,1,1.0,1,0.20646589736009252,67
5097,3,8770,4129,4641,0,0,0,1.0,1,1.0,1,1.0,1,0.18206244276869304,67
5098,1,8771,4130,4641,0,0,0,1.0,1,1.0,1,1.0,1,0.1608367381126434,68
5099,2,8773,4130,4643,0,0,0,1.0,1,1.0,1,1.0,1,0.17092553354490783,70
5100,1,8774,4131,4643,0,0,0,1.0,1,1.0,1,1.0,1,0.1543066289161759,71
5101,1,8775,4132,4643,0,0,0,1.0,1,1.0,1,1.0,1,0.16068416162925767,71
5102,5,8780,4136,4644,0,0,0,1.0,1,1.0,1,1.0,1,0.2304539368665107,70
5103,1,8781,4137,4644,0,0,0,1.0,1,1.0,1,1.0,1,0.20104002311146552,67
5104,6,8787,4140,4647,0,0,0,1.0,1,1.0,1,1.0,1,0.23350019499326685,67
5105,2,8789,4141,4648,0,0,0,1.0,1,1.0,1,1.0,1,0.19675848036889254,63
5106,5,8794,4144,4650,0,0,0,1.0,1,1.0,1,1.0,1,0.21175079529055313,63
5107,5,8799,4149,4650,0,0,0,1.0,1,1.0,1,1.0,1,0.26166227652083524,60
5108,2,8801,4150,4651,0,0,0,1.0,1,1.0,1,1.0,1,0.2363362482236447,56
5109,3,8804,4153,4651,0,0,0,1.0,1,1.0,1,1.0,1,0.3037430431328989,56
5110,4,8808,4155,4653,0,0,0,1.0,1,1.0,1,1.0,1,0.26362810065247105,52
5111,9,8817,4157,4660,0,0,0,1.0,1,1.0,1,1.0,1,0.14993735325440483,51
5112,3,8820,4158,4662,0,0,0,1.0,1,1.0,1,1.0,1,0.13802983820098774,50
5113,3,8823,4161,4662,0,0,0,1.0,1,1.0,1,1.0,1,0.19189691969207315,48
5114,1,8824,4162,4662,0,0,0,1.0,1,1.0,1,1.0,1,0.2147621889123152,46
5115,0,8824,4162,4662,0,0,0,1.0,1,1.0,1,1.0,1,0.21313144367803113,44
5116,0,8824,4162,4662,0,0,0,1.0,1,1.0,1,1.0,1,0.21517999104134106,44
5117,0,8824,4162,4662,0,0,0,1.0,1,1.0,1,1.0,1,0.20016587354039114,46
5118,0,8824,4162,4662,0,0,0,1.0,1,1.0,1,1.0,1,0.20016587354039114,46
5119,0,8824,4162,4662,0,0,0,1.0,1,1.0,1,1.0,1,0.20016587354039114,46
5120,2,8826,4164,4662,0,0,0,1.0,1,1.0,1,1.0,1,0.2454496099643715,46
5121,7,8833,4166,4667,0,0,0,1.0,1,1.0,1,1.0,1,0.17591603625390848,46
5122,1,8834,4167,4667,0,0,0,1.0,1,1.0,1,1.0,1,0.19436763519446482,46
5123,5,8839,4169,4670,0,0,0,1.0,1,1.0,1,1.0,1,0.22453896016600144,45
5124,6,8845,4170,4675,0,0,0,1.0,1,1.0,1,1.0,1,0.17977525506290853,47
5125,3,8848,4171,4677,0,0,0,1.0,1,1.0,1,1.0,1,0.20831242003380546,50
5126,1,8849,4172,4677,0,0,0,1.0,1,1.0,1,1.0,1,0.1993093271660972,50
5127,2,8851,4172,4679,0,0,0,1.0,1,1.0,1,1.0,1,0.2129351921577995,52
5128,2,8853,4173,4680,0,0,0,1.0,1,1.0,1,1.0,1,0.23598328914292208,53
5129,4,8857,4173,4684,0,0,0,1.0,1,1.0,1,1.0,1,0.2456171617154701,55
5130,3,8860,4174,4686,0,0,0,1.0,1,1.0,1,1.0,1,0.2484322259384225,55
5131,4,8864,4174,4690,0,0,0,1.0,1,1.0,1,1.0,1,0.18615009149588474,54
5132,1,8865,4174,4691,0,0,0,1.0,1,1.0,1,1.0,1,0.19536892156277896,54
5133,0,8865,4174,4691,0,0,0,1.0,1,1.0,1,1.0,1,0.19536892156277896,54
5134,1,8866,4174,4692,0,0,0,1.0,1,1.0,1,1.0,1,0.20374346454527364,53
5135,1,8867,4174,4693,0,0,0,1.0,1,1.0,1,1.0,1,0.1934340831749506,54
5136,1,8868,4174,4694,0,0,0,1.0,1,1.0,1,1.0,1,0.22311777365780072,54
5137,1,8869,4174,4695,0,0,0,1.0,1,1.0,1,1.0,1,0.22534341813626313,54
5138,0,8869,4174,4695,0,0,0,1.0,1,1.0,1,1.0,1,0.22534341813626313,54
5139,1,8870,4175,4695,0,0,0,1.0,1,1.0,1,1.0,1,0.216338130797885,55
5140,4,8874,4178,4696,0,0,0,1.0,1,1.0,1,1.0,1,0.22186867524358658,55
5141,3,8877,4179,4698,0,0,0,1.0,1,1.0,1,1.0,1,0.2140071757718788,53
5142,3,8880,4181,4699,0,0,0,1.0,1,1.0,1,1.0,1,0.19788840082880296,54
5143,2,8882,4183,4699,0,0,0,1.0,1,1.0,1,1.0,1,0.2152238176088794,52
5144,2,8884,4185,4699,0,0,0,1.0,1,1.0,1,1.0,1,0.22768448116942583,50
5145,4,8888,4187,4701,0,0,0,1.0,1,1.0,1,1.0,1,0.21685120534129546,49
5146,0,8888,4187,4701,0,0,0,1.0,1,1.0,1,1.0,1,0.21840103455913196,49
5147,0,8888,4187,4701,0,0,0,1.0,1,1.0,1,1.0,1,0.22257559529215445,46
5148,2,8890,4189,4701,0,0,0,1.0,1,1.0,1,1.0,1,0.2251032000297581,46
5149,1,8891,4190,4701,0,0,0,1.0,1,1.0,1,1.0,1,0.21600773971737933,45
5150,2,8893,4192,4701,0,0,0,1.0,1,1.0,1,1.0,1,0.26797514755847995,47
5151,5,8898,4194,4704,0,0,0,1.0,1,1.0,1,1.0,1,0.17848988098204938,46
5152,1,8899,4195,4704,0,0,0,1.0,1,1.0,1,1.0,1,0.198050721741662,46
5153,1,8900,4196,4704,0,0,0,1.0,1,1.0,1,1.0,1,0.18882873944095493,45
5154,1,8901,4196,4705,0,0,0,1.0,1,1.0,1,1.0,1,0.2101528481698689,47
5155,2,8903,4197,4706,0,0,0,1.0,1,1.0,1,1.0,1,0.24990453174135036,47
5156,1,8904,4198,4706,0,0,0,1.0,1,1.0,1,1.0,1,0.2596156987267922,47
5157,1,8905,4199,4706,0,0,0,1.0,1,1.0,1,1.0,1,0.2788744515024474,46
5158,0,8905,4199,4706,0,0,0,1.0,1,1.0,1,1.0,1,0.28421240088070165,47
5159,2,8907,4199,4708,0,0,0,1.0,1,1.0,1,1.0,1,0.2741283428047528,49
5160,0,8907,4199,4708,0,0,0,1.0,1,1.0,1,1.0,1,0.27152426925405165,48
5161,2,8909,4199,4710,0,0,0,1.0,1,1.0,1,1.0,1,0.2269254719425149,48
5162,2,8911,4199,4712,0,0,0,1.0,1,1.0,1,1.0,1,0.21032314891511097,49
5163,1,8912,4199,4713,0,0,0,1.0,1,1.0,1,1.0,1,0.21101426125885692,51
5164,0,8912,4199,4713,0,0,0,1.0,1,1.0,1,1.0,1,0.21101426125885692,51
5165,1,8913,4199,4714,0,0,0,1.0,1,1.0,1,1.0,1,0.22497573348984895,52
5166,3,8916,4201,4715,0,0,0,1.0,1,1.0,1,1.0,1,0.2004571826300648,52
5167,3,8919,4203,4716,0,0,0,1.0,1,1.0,1,1.0,1,0.19728531708386265,52
5168,0,8919,4203,4716,0,0,0,1.0,1,1.0,1,1.0,1,0.19728531708386265,52
5169,2,8921,4205,4716,0,0,0,1.0,1,1.0,1,1.0,1,0.22060058980627748,53
5170,0,8921,4205,4716,0,0,0,1.0,1,1.0,1,1.0,1,0.22060058980627748,53
5171,2,8923,4205,4718,0,0,0,1.0,1,1.0,1,1.0,1,0.21699813027056927,52
5172,1,8924,4206,4718,0,0,0,1.0,1,1.0,1,1.0,1,0.215738688283786,53
5173,1,8925,4206,4719,0,0,0,1.0,1,1.0,1,1.0,1,0.20542648246073186,54
5174,3,8928,4206,4722,0,0,0,1.0,1,1.0,1,1.0,1,0.17850881820184378,56
5175,1,8929,4207,4722,0,0,0,1.0,1,1.0,1,1.0,1,0.19421952112456775,58
5176,0,8929,4207,4722,0,0,0,1.0,1,1.0,1,1.0,1,0.19421952112456775,58
5177,2,8931,4207,4724,0,0,0,1.0,1,1.0,1,1.0,1,0.1749762902939249,59
5178,4,8935,4210,4725,0,0,0,1.0,1,1.0,1,1.0,1,0.16812724265105813,57
5179,2,8937,4210,4727,0,0,0,1.0,1,1.0,1,1.0,1,0.15270010758598154,58
5180,3,8940,4212,4728,0,0,0,1.0,1,1.0,1,1.0,1,0.16524603105665994,56
5181,0,8940,4212,4728,0,0,0,1.0,1,1.0,1,1.0,1,0.15244947276678833,57
5182,2,8942,4214,4728,0,0,0,1.0,1,1.0,1,1.0,1,0.19432765121395973,56
5183,2,8944,4215,4729,0,0,0,1.0,1,1.0,1,1.0,1,0.2014575118183079,57
5184,1,8945,4216,4729,0,0,0,1.0,1,1.0,1,1.0,1,0.20843243882159632,56
5185,1,8946,4217,4729,0,0,0,1.0,1,1.0,1,1.0,1,0.23720205802020783,56
5186,4,8950,4220,4730,0,0,0,1.0,1,1.0,1,1.0,1,0.29388935488245876,54
5187,0,8950,4220,4730,0,0,0,1.0,1,1.0,1,1.0,1,0.31226902438973253,51
5188,3,8953,4222,4731,0,0,0,1.0,1,1.0,1,1.0,1,0.33954255612711387,50
5189,3,8956,4222,4734,0,0,0,1.0,1,1.0,1,1.0,1,0.2651507743515813,49
5190,1,8957,4223,4734,0,0,0,1.0,1,1.0,1,1.0,1,0.28562963106853767,50
5191,7,8964,4223,4741,0,0,0,1.0,1,1.0,1,1.0,1,0.19429280926250653,50
5192,4,8968,4225,4743,0,0,0,1.0,1,1.0,1,1.0,1,0.12547455558943812,49
5193,0,8968,4225,4743,0,0,0,1.0,1,1.0,1,1.0,1,0.14027355958083446,50
5194,1,8969,4226,4743,0,0,0,1.0,1,1.0,1,1.0,1,0.1577132166427203,51
5195,1,8970,4227,4743,0,0,0,1.0,1,1.0,1,1.0,1,0.18811975526101152,51
5196,2,8972,4227,4745,0,0,0,1.0,1,1.0,1,1.0,1,0.18451258419891955,51
5197,0,8972,4227,4745,0,0,0,1.0,1,1.0,1,1.0,1,0.18451258419891955,51
5198,0,8972,4227,4745,0,0,0,1.0,1,1.0,1,1.0,1,0.18451258419891955,51
5199,0,8972,4227,4745,0,0,0,1.0,1,1.0,1,1.0,1,0.17211490610246302,54
5200,2,8974,4228,4746,0,0,0,1.0,1,1.0,1,1.0,1,0.17021056493762268,54
5201,6,8980,4230,4750,0,0,0,1.0,1,1.0,1,1.0,1,0.14976884430051526,55
5202,1,8981,4230,4751,0,0,0,1.0,1,1.0,1,1.0,1,0.16792249893092612,56
5203,0,8981,4230,4751,0,0,0,1.0,1,1.0,1,1.0,1,0.16792249893092612,56
5204,0,8981,4230,4751,0,0,0,1.0,1,1.0,1,1.0,1,0.1766909073628422,58
5205,1,8982,4230,4752,0,0,0,1.0,1,1.0,1,1.0,1,0.16771793735911789,58
5206,1,8983,4230,4753,0,0,0,1.0,1,1.0,1,1.0,1,0.15395517798345798,58
5207,1,8984,4230,4754,0,0,0,1.0,1,1.0,1,1.0,1,0.14911351019264715,59
5208,0,8984,4230,4754,0,0,0,1.0,1,1.0,1,1.0,1,0.15793426765076687,58
5209,0,8984,4230,4754,0,0,0,1.0,1,1.0,1,1.0,1,0.15793426765076687,58
5210,0,8984,4230,4754,0,0,0,1.0,1,1.0,1,1.0,1,0.17220254397646131,57
5211,2,8986,4231,4755,0,0,0,1.0,1,1.0,1,1.0,1,0.15184980090967096,57
5212,1,8987,4231,4756,0,0,0,1.0,1,1.0,1,1.0,1,0.16389994430622085,59
5213,2,8989,4233,4756,0,0,0,1.0,1,1.0,1,1.0,1,0.1944304715535997,59
5214,2,8991,4233,4758,0,0,0,1.0,1,1.0,1,1.0,1,0.18974641600379957,59
5215,1,8992,4234,4758,0,0,0,1.0,1,1.0,1,1.0,1,0.2268751240738596,58
5216,0,8992,4234,4758,0,0,0,1.0,1,1.0,1,1.0,1,0.2101118985743733,59
5217,4,8996,4238,4758,0,0,0,1.0,1,1.0,1,1.0,1,0.2044115325950481,58
5218,5,9001,4242,4759,0,0,0,1.0,1,1.0,1,1.0,1,0.26939393409671014,58
5219,0,9001,4242,4759,0,0,0,1.0,1,1.0,1,1.0,1,0.22618548658006907,57
5220,1,9002,4243,4759,0,0,0,1.0,1,1.0,1,1.0,1,0.23934171794455944,56
5221,4,9006,4244,4762,0,0,0,1.0,1,1.0,1,1.0,1,0.2271346479842852,58
5222,2,9008,4246,4762,0,0,0,1.0,1,1.0,1,1.0,1,0.21836225863865652,56
5223,3,9011,4248,4763,0,0,0,1.0,1,1.0,1,1.0,1,0.28210099741213707,55
5224,3,9014,4248,4766,0,0,0,1.0,1,1.0,1,1.0,1,0.23556203489302696,56
5225,1,9015,4249,4766,0,0,0,1.0,1,1.0,1,1.0,1,0.26472580870228996,55
5226,1,9016,4250,4766,0,0,0,1.0,1,1.0,1,1.0,1,0.2601147455551728,55
5227,1,9017,4250,4767,0,0,0,1.0,1,1.0,1,1.0,1,0.23695946364788428,53
5228,0,9017,4250,4767,0,0,0,1.0,1,1.0,1,1.0,1,0.22805889496132561,51
5229,1,9018,4250,4768,0,0,0,1.0,1,1.0,1,1.0,1,0.1941238688784547,51
5230,0,9018,4250,4768,0,0,0,1.0,1,1.0,1,1.0,1,0.19490000614366937,51
5231,3,9021,4252,4769,0,0,0,1.0,1,1.0,1,1.0,1,0.23058186225062777,52
5232,1,9022,4253,4769,0,0,0,1.0,1,1.0,1,1.0,1,0.2694918616076925,52
5233,1,9023,4253,4770,0,0,0,1.0,1,1.0,1,1.0,1,0.2748897055189021,53
5234,4,9027,4255,4772,0,0,0,1.0,1,1.0,1,1.0,1,0.2725267737725956,53
5235,1,9028,4256,4772,0,0,0,1.0,1,1.0,1,1.0,1,0.2838243689620515,53
5236,2,9030,4258,4772,0,0,0,1.0,1,1.0,1,1.0,1,0.2961889324889683,52
5237,4,9034,4258,4776,0,0,0,1.0,1,1.0,1,1.0,1,0.2681474811579042,52
5238,3,9037,4260,4777,0,0,0,1.0,1,1.0,1,1.0,1,0.27535293339593125,52
5239,3,9040,4260,4780,0,0,0,1.0,1,1.0,1,1.0,1,0.25552367293050327,51
5240,1,9041,4261,4780,0,0,0,1.0,1,1.0,1,1.0,1,0.2721827542203983,53
5241,1,9042,4261,4781,0,0,0,1.0,1,1.0,1,1.0,1,0.27639788935289944,53
5242,3,9045,4262,4783,0,0,0,1.0,1,1.0,1,1.0,1,0.2911208407929372,51
5243,0,9045,4262,4783,0,0,0,1.0,1,1.0,1,1.0,1,0.2911208407929372,51
5244,3,9048,4264,4784,0,0,0,1.0,1,1.0,1,1.0,1,0.2915834107073076,52
5245,2,9050,4264,4786,0,0,0,1.0,1,1.0,1,1.0,1,0.2595837221748256,53
5246,1,9051,4265,4786,0,0,0,1.0,1,1.0,1,1.0,1,0.26077891153087374,53
5247,0,9051,4265,4786,0,0,0,1.0,1,1.0,1,1.0,1,0.26015365527889706,54
5248,1,9052,4266,4786,0,0,0,1.0,1,1.0,1,1.0,1,0.2544057377582708,54
5249,1,9053,4267,4786,0,0,0,1.0,1,1.0,1,1.0,1,0.2534228413658036,55
5250,4,9057,4267,4790,0,0,0,1.0,1,1.0,1,1.0,1,0.22958559082813143,57
5251,5,9062,4268,4794,0,0,0,1.0,1,1.0,1,1.0,1,0.1751571818948601,58
5252,0,9062,4268,4794,0,0,0,1.0,1,1.0,1,1.0,1,0.1751571818948601,58
5253,3,9065,4271,4794,0,0,0,1.0,1,1.0,1,1.0,1,0.23679793490727133,58
5254,1,9066,4271,4795,0,0,0,1.0,1,1.0,1,1.0,1,0.23234307150834996,59
5255,3,9069,4274,4795,0,0,0,1.0,1,1.0,1,1.0,1,0.25472837474318905,58
5256,2,9071,4274,4797,0,0,0,1.0,1,1.0,1,1.0,1,0.25410571610299343,58
5257,1,9072,4274,4798,0,0,0,1.0,1,1.0,1,1.0,1,0.2438630744572614,57
5258,1,9073,4275,4798,0,0,0,1.0,1,1.0,1,1.0,1,0.2453765417803903,55
5259,0,9073,4275,4798,0,0,0,1.0,1,1.0,1,1.0,1,0.2504493129667596,56
5260,0,9073,4275,4798,0,0,0,1.0,1,1.0,1,1.0,1,0.25101429897148597,55
5261,3,9076,4276,4800,0,0,0,1.0,1,1.0,1,1.0,1,0.25706670309951657,54
5262,1,9077,4277,4800,0,0,0,1.0,1,1.0,1,1.0,1,0.2694012960388019,54
5263,5,9082,4280,4802,0,0,0,1.0,1,1.0,1,1.0,1,0.301342757766051,55
5264,0,9082,4280,4802,0,0,0,1.0,1,1.0,1,1.0,1,0.3036220979842011,53
5265,6,9088,4284,4804,0,0,0,1.0,1,1.0,1,1.0,1,0.3276349690451802,52
5266,2,9090,4285,4805,0,0,0,1.0,1,1.0,1,1.0,1,0.32762698383553107,49
5267,2,9092,4286,4806,0,0,0,1.0,1,1.0,1,1.0,1,0.34938973080195046,49
5268,3,9095,4287,4808,0,0,0,1.0,1,1.0,1,1.0,1,0.31976133633147963,46
5269,2,9097,4288,4809,0,0,0,1.0,1,1.0,1,1.0,1,0.302410151843683,45
5270,3,9100,4290,4810,0,0,0,1.0,1,1.0,1,1.0,1,0.29208023873477595,46
5271,2,9102,4290,4812,0,0,0,1.0,1,1.0,1,1.0,1,0.2891927388315956,46
5272,2,9104,4290,4814,0,0,0,1.0,1,1.0,1,1.0,1,0.25351778139810505,45
5273,6,9110,4294,4816,0,0,0,1.0,1,1.0,1,1.0,1,0.24012139186722276,45
5274,2,9112,4294,4818,0,0,0,1.0,1,1.0,1,1.0,1,0.21772753494070055,45
5275,3,9115,4296,4819,0,0,0,1.0,1,1.0,1,1.0,1,0.2139703823784522,46
5276,2,9117,4298,4819,0,0,0,1.0,1,1.0,1,1.0,1,0.23854165822059395,45
5277,0,9117,4298,4819,0,0,0,1.0,1,1.0,1,1.0,1,0.24260243368311069,45
5278,2,9119,4300,4819,0,0,0,1.0,1,1.0,1,1.0,1,0.2790118672144,44
5279,0,9119,4300,4819,0,0,0,1.0,1,1.0,1,1.0,1,0.2677420830668824,45
5280,0,9119,4300,4819,0,0,0,1.0,1,1.0,1,1.0,1,0.2762232615247963,46
5281,1,9120,4300,4820,0,0,0,1.0,1,1.0,1,1.0,1,0.2664268322870707,46
5282,1,9121,4300,4821,0,0,0,1.0,1,1.0,1,1.0,1,0.26889602890529757,47
5283,2,9123,4300,4823,0,0,0,1.0,1,1.0,1,1.0,1,0.23829713878037853,48
5284,0,9123,4300,4823,0,0,0,1.0,1,1.0,1,1.0,1,0.23829713878037853,48
5285,0,9123,4300,4823,0,0,0,1.0,1,1.0,1,1.0,1,0.21868299483134043,48
5286,1,9124,4300,4824,0,0,0,1.0,1,1.0,1,1.0,1,0.2168518426763512,50
5287,1,9125,4300,4825,0,0,0,1.0,1,1.0,1,1.0,1,0.2039856436268933,50
5288,0,9125,4300,4825,0,0,0,1.0,1,1.0,1,1.0,1,0.19433491561671906,51
5289,2,9127,4300,4827,0,0,0,1.0,1,1.0,1,1.0,1,0.16924973273747623,51
5290,0,9127,4300,4827,0,0,0,1.0,1,1.0,1,1.0,1,0.1805992801738799,52
5291,2,9129,4301,4828,0,0,0,1.0,1,1.0,1,1.0,1,0.21613507727567285,52
5292,1,9130,4301,4829,0,0,0,1.0,1,1.0,1,1.0,1,0.2230546709825747,53
5293,1,9131,4302,4829,0,0,0,1.0,1,1.0,1,1.0,1,0.280249770816055,51
5294,1,9132,4303,4829,0,0,0,1.0,1,1.0,1,1.0,1,0.3125353777707538,50
5295,0,9132,4303,4829,0,0,0,1.0,1,1.0,1,1.0,1,0.31593932458088375,49
5296,1,9133,4304,4829,0,0,0,1.0,1,1.0,1,1.0,1,0.36786252596942925,48
5297,0,9133,4304,4829,0,0,0,1.0,1,1.0,1,1.0,1,0.37503889546553726,46
5298,0,9133,4304,4829,0,0,0,1.0,1,1.0,1,1.0,1,0.3741877606569297,46
5299,0,9133,4304,4829,0,0,0,1.0,1,1.0,1,1.0,1,0.3724564203345008,47
5300,1,9134,4305,4829,0,0,0,1.0,1,1.0,1,1.0,1,0.3683517160655599,48
5301,1,9135,4306,4829,0,0,0,1.0,1,1.0,1,1.0,1,0.38959310674596576,48
5302,8,9143,4310,4833,0,0,0,1.0,1,1.0,1,1.0,1,0.34303872884179304,49
5303,1,9144,4311,4833,0,0,0,1.0,1,1.0,1,1.0,1,0.3427830817853822,48
5304,2,9146,4312,4834,0,0,0,1.0,1,1.0,1,1.0,1,0.3131064216895688,48
5305,0,9146,4312,4834,0,0,0,1.0,1,1.0,1,1.0,1,0.3056025907961568,47
5306,3,9149,4314,4835,0,0,0,1.0,1,1.0,1,1.0,1,0.30878614278933314,48
5307,1,9150,4314,4836,0,0,0,1.0,1,1.0,1,1.0,1,0.2892188054513602,48
5308,0,9150,4314,4836,0,0,0,1.0,1,1.0,1,1.0,1,0.2868261479929126,47
5309,1,9151,4315,4836,0,0,0,1.0,1,1.0,1,1.0,1,0.32022826137101335,46
5310,3,9154,4317,4837,0,0,0,1.0,1,1.0,1,1.0,1,0.30505032507412605,46
5311,5,9159,4318,4841,0,0,0,1.0,1,1.0,1,1.0,1,0.2833421071103917,46
5312,1,9160,4319,4841,0,0,0,1.0,1,1.0,1,1.0,1,0.31967487994397187,46
5313,0,9160,4319,4841,0,0,0,1.0,1,1.0,1,1.0,1,0.3264023090609973,46
5314,2,9162,4319,4843,0,0,0,1.0,1,1.0,1,1.0,1,0.3075165908028271,46
5315,4,9166,4320,4846,0,0,0,1.0,1,1.0,1,1.0,1,0.31533993418756473,47
5316,3,9169,4320,4849,0,0,0,1.0,1,1.0,1,1.0,1,0.3055555393100968,48
5317,3,9172,4320,4852,0,0,0,1.0,1,1.0,1,1.0,1,0.23099661129486518,49
5318,7,9179,4323,4856,0,0,0,1.0,1,1.0,1,1.0,1,0.19912899800726305,49
5319,2,9181,4324,4857,0,0,0,1.0,1,1.0,1,1.0,1,0.18528820534350243,50
5320,4,9185,4325,4860,0,0,0,1.0,1,1.0,1,1.0,1,0.19238845835667295,51
5321,2,9187,4325,4862,0,0,0,1.0,1,1.0,1,1.0,1,0.13347382133945684,52
5322,1,9188,4325,4863,0,0,0,1.0,1,1.0,1,1.0,1,0.13309306380280456,53
5323,0,9188,4325,4863,0,0,0,1.0,1,1.0,1,1.0,1,0.11796502086636522,53
5324,3,9191,4327,4864,0,0,0,1.0,1,1.0,1,1.0,1,0.16426745527446182,55
5325,3,9194,4328,4866,0,0,0,1.0,1,1.0,1,1.0,1,0.1681031450939152,55
5326,3,9197,4328,4869,0,0,0,1.0,1,1.0,1,1.0,1,0.1499497836287352,55
5327,4,9201,4328,4873,0,0,0,1.0,1,1.0,1,1.0,1,0.19241260573827032,56
5328,3,9204,4329,4875,0,0,0,1.0,1,1.0,1,1.0,1,0.18459949580759036,57
5329,4,9208,4329,4879,0,0,0,1.0,1,1.0,1,1.0,1,0.18459949580759036,57
5330,5,9213,4330,4883,0,0,0,1.0,1,1.0,1,1.0,1,0.1883777641063625,56
5331,2,9215,4330,4885,0,0,0,1.0,1,1.0,1,1.0,1,0.165910171709427,57
5332,0,9215,4330,4885,0,0,0,1.0,1,1.0,1,1.0,1,0.1698153132687573,58
5333,4,9219,4331,4888,0,0,0,1.0,1,1.0,1,1.0,1,0.14194711134392965,59
5334,2,9221,4332,4889,0,0,0,1.0,1,1.0,1,1.0,1,0.14143121897402716,59
5335,0,9221,4332,4889,0,0,0,1.0,1,1.0,1,1.0,1,0.1355810295473198,58
5336,1,9222,4332,4890,0,0,0,1.0,1,1.0,1,1.0,1,0.13636102310659365,59
5337,0,9222,4332,4890,0,0,0,1.0,1,1.0,1,1.0,1,0.1366967647164653,60
5338,1,9223,4332,4891,0,0,0,1.0,1,1.0,1,1.0,1,0.1369561215796413,60
5339,0,9223,4332,4891,0,0,0,1.0,1,1.0,1,1.0,1,0.1369561215796413,60
5340,1,9224,4333,4891,0,0,0,1.0,1,1.0,1,1.0,1,0.1499591842460346,60
5341,1,9225,4334,4891,0,0,0,1.0,1,1.0,1,1.0,1,0.16644665566191563,61
5342,2,9227,4336,4891,0,0,0,1.0,1,1.0,1,1.0,1,0.21656670059093824,59
5343,2,9229,4337,4892,0,0,0,1.0,1,1.0,1,1.0,1,0.2216628889447443,58
5344,2,9231,4338,4893,0,0,0,1.0,1,1.0,1,1.0,1,0.2317777150207126,58
5345,3,9234,4340,4894,0,0,0,1.0,1,1.0,1,1.0,1,0.2602638562367825,54
5346,0,9234,4340,4894,0,0,0,1.0,1,1.0,1,1.0,1,0.2602638562367825,54
5347,5,9239,4344,4895,0,0,0,1.0,1,1.0,1,1.0,1,0.22623633387335307,54
5348,3,9242,4345,4897,0,0,0,1.0,1,1.0,1,1.0,1,0.2098832282850103,55
5349,1,9243,4346,4897,0,0,0,1.0,1,1.0,1,1.0,1,0.22673728901649975,56
5350,2,9245,4347,4898,0,0,0,1.0,1,1.0,1,1.0,1,0.23177484193162923,56
5351,6,9251,4348,4903,0,0,0,1.0,1,1.0,1,1.0,1,0.1752302592316077,57
5352,2,9253,4349,4904,0,0,0,1.0,1,1.0,1,1.0,1,0.18098022919183182,57
5353,0,9253,4349,4904,0,0,0,1.0,1,1.0,1,1.0,1,0.18098022919183182,57
5354,0,9253,4349,4904,0,0,0,1.0,1,1.0,1,1.0,1,0.18436563653397198,56
5355,1,9254,4349,4905,0,0,0,1.0,1,1.0,1,1.0,1,0.1545156536732297,57
5356,0,9254,4349,4905,0,0,0,1.0,1,1.0,1,1.0,1,0.16945081472062035,56
5357,1,9255,4349,4906,0,0,0,1.0,1,1.0,1,1.0,1,0.17406008790388106,56
5358,1,9256,4349,4907,0,0,0,1.0,1,1.0,1,1.0,1,0.1468984647767625,57
5359,1,9257,4350,4907,0,0,0,1.0,1,1.0,1,1.0,1,0.1498591763325131,57
5360,0,9257,4350,4907,0,0,0,1.0,1,1.0,1,1.0,1,0.18035673502543476,55
5361,3,9260,4351,4909,0,0,0,1.0,1,1.0,1,1.0,1,0.19930108294960464,56
5362,1,9261,4352,4909,0,0,0,1.0,1,1.0,1,1.0,1,0.20429055180761674,57
5363,0,9261,4352,4909,0,0,0,1.0,1,1.0,1,1.0,1,0.20429055180761674,57
5364,1,9262,4352,4910,0,0,0,1.0,1,1.0,1,1.0,1,0.19383681260411426,58
5365,0,9262,4352,4910,0,0,0,1.0,1,1.0,1,1.0,1,0.1977309918579683,59
5366,5,9267,4355,4912,0,0,0,1.0,1,1.0,1,1.0,1,0.19854246539250553,60
5367,3,9270,4356,4914,0,0,0,1.0,1,1.0,1,1.0,1,0.1821714997483941,60
5368,1,9271,4357,4914,0,0,0,1.0,1,1.0,1,1.0,1,0.20478154221906544,58
5369,1,9272,4357,4915,0,0,0,1.0,1,1.0,1,1.0,1,0.17031229668458783,58
5370,3,9275,4358,4917,0,0,0,1.0,1,1.0,1,1.0,1,0.1927728644546873,57
5371,3,9278,4360,4918,0,0,0,1.0,1,1.0,1,1.0,1,0.1934903348354098,56
5372,3,9281,4363,4918,0,0,0,1.0,1,1.0,1,1.0,1,0.18798890559501946,55
5373,3,9284,4366,4918,0,0,0,1.0,1,1.0,1,1.0,1,0.23164721308516634,54
5374,3,9287,4367,4920,0,0,0,1.0,1,1.0,1,1.0,1,0.21895362595348516,53
5375,2,9289,4368,4921,0,0,0,1.0,1,1.0,1,1.0,1,0.23276948070379636,52
5376,1,9290,4368,4922,0,0,0,1.0,1,1.0,1,1.0,1,0.20987821116125038,52
5377,2,9292,4369,4923,0,0,0,1.0,1,1.0,1,1.0,1,0.21052791654240496,51
5378,1,9293,4370,4923,0,0,0,1.0,1,1.0,1,1.0,1,0.24174590988101635,52
5379,0,9293,4370,4923,0,0,0,1.0,1,1.0,1,1.0,1,0.2317534304794166,50
5380,3,9296,4373,4923,0,0,0,1.0,1,1.0,1,1.0,1,0.29457918831308894,51
5381,3,9299,4374,4925,0,0,0,1.0,1,1.0,1,1.0,1,0.19408725722157638,50
5382,0,9299,4374,4925,0,0,0,1.0,1,1.0,1,1.0,1,0.19728254390015385,48
5383,1,9300,4374,4926,0,0,0,1.0,1,1.0,1,1.0,1,0.20874911246402433,48
5384,1,9301,4374,4927,0,0,0,1.0,1,1.0,1,1.0,1,0.19130510288663446,48
5385,0,9301,4374,4927,0,0,0,1.0,1,1.0,1,1.0,1,0.19485061398549688,47
5386,1,9302,4375,4927,0,0,0,1.0,1,1.0,1,1.0,1,0.240967115893532,48
5387,0,9302,4375,4927,0,0,0,1.0,1,1.0,1,1.0,1,0.242904806086489,48
5388,2,9304,4375,4929,0,0,0,1.0,1,1.0,1,1.0,1,0.2353207472364402,48
5389,0,9304,4375,4929,0,0,0,1.0,1,1.0,1,1.0,1,0.22715740667961665,50
5390,2,9306,4376,4930,0,0,0,1.0,1,1.0,1,1.0,1,0.24889320834980205,52
5391,1,9307,4377,4930,0,0,0,1.0,1,1.0,1,1.0,1,0.2384760151657559,52
5392,1,9308,4377,4931,0,0,0,1.0,1,1.0,1,1.0,1,0.23551772184489994,51
5393,2,9310,4379,4931,0,0,0,1.0,1,1.0,1,1.0,1,0.273234713242315,50
5394,1,9311,4379,4932,0,0,0,1.0,1,1.0,1,1.0,1,0.2679798122876648,50
5395,3,9314,4381,4933,0,0,0,1.0,1,1.0,1,1.0,1,0.27463585475343905,49
5396,3,9317,4383,4934,0,0,0,1.0,1,1.0,1,1.0,1,0.2935146076646584,48
5397,4,9321,4385,4936,0,0,0,1.0,1,1.0,1,1.0,1,0.25200478579752505,48
5398,1,9322,4385,4937,0,0,0,1.0,1,1.0,1,1.0,1,0.28001445533686214,46
5399,3,9325,4387,4938,0,0,0,1.0,1,1.0,1,1.0,1,0.2584570359257255,46
5400,2,9327,4389,4938,0,0,0,1.0,1,1.0,1,1.0,1,0.29282528076626907,48
5401,5,9332,4389,4943,0,0,0,1.0,1,1.0,1,1.0,1,0.19824413607795366,49
5402,0,9332,4389,4943,0,0,0,1.0,1,1.0,1,1.0,1,0.0,0
